-383.6 542.6 2434.0 1 0.9859417081 0.0589455850 -0.1563469172 -0.0443020016 0.9944385290 0.0955475792 0.1611095071 -0.0872778669 0.9830698371
-395.7 339.1 2451.8 0.9859417081 0.0589455850 -0.1563469172 -0.0443020016 0.9944385290 0.0955475792 0.1611095071 -0.0872778669 0.9830698371
-407.1 144.2 2467.3 0.9859244227 0.0579295307 -0.1568351239 -0.0445967764 0.9951888919 0.0872366577 0.1611341536 -0.0790144131 0.9837644696
-536.2 345.4 2428.9 0.1728927046 -0.9052438736 -0.3881258070 0.9846975803 0.1676178128 0.0476959646 0.0218803231 -0.3904328644 0.9203713536
-582.0 84.7 2423.1 -0.0771378055 -0.9037098885 -0.4211392105 0.9723679423 0.0251601245 -0.2320937663 0.2203413397 -0.4274054766 0.8767977357
-255.2 332.7 2474.8 0.1035625935 0.9882352948 0.1125423163 -0.9758294225 0.0790612027 0.2037309557 0.1924363822 -0.1309210062 0.9725368619
-229.8 92.9 2522.1 0.0345081612 0.9882135987 0.1491410434 -0.9478732347 0.0796626583 -0.3085291386 -0.3167736530 -0.1307200342 0.9394502044
-506.5 -47.9 2466.1 0.6833189726 0.0070724250 -0.7300857306 0.0707447603 0.9946066141 0.0758479685 0.7266845107 -0.1034780964 0.6791331768
-509.3 -437.5 2506.6 0.6882706285 0.0266338959 -0.7249649167 -0.0935849622 0.9942355156 -0.0523217283 0.7193923593 0.1038573235 0.6867956519
-328.2 -55.3 2494.6 0.9922676086 -0.0389671139 -0.1178410277 0.0486217067 0.9955925345 0.0801959783 0.1141966432 -0.0853055045 0.9897888899
-313.0 -445.3 2528.1 0.9909373522 0.0703651309 -0.1144199520 -0.0706204772 0.9975016117 0.0018254281 0.1142625362 0.0062715067 0.9934307933
-560.5 -185.6 2361.8 0 0 0 0 0 0 0 0 0
-220.9 -150.6 2440.7 0 0 0 0 0 0 0 0 0
-517.7 -750.7 2473.9 0 0 0 0 0 0 0 0 0
-335.3 -761.9 2526.1 0 0 0 0 0 0 0 0 0
-384.2 542.7 2439.6 2 0.9876421690 0.0635022223 -0.1432843953 -0.0523433425 0.9953913093 0.0803511664 0.1477265209 -0.0718582198 0.9864143729
-397.1 340.2 2454.2 0.9876421690 0.0635022223 -0.1432843953 -0.0523433425 0.9953913093 0.0803511664 0.1477265209 -0.0718582198 0.9864143729
-409.4 145.2 2467.1 0.9876323938 0.0627451465 -0.1436849236 -0.0524979420 0.9958729744 0.0740337446 0.1477371901 -0.0655749589 0.9868503809
-537.8 347.6 2433.2 0.1596725285 -0.9118785262 -0.3781298995 0.9863865376 0.1626356095 0.0243167914 0.0393234268 -0.3768649399 0.9254331589
-580.4 84.6 2422.7 -0.0695756227 -0.9110431671 -0.4063982666 0.9730561972 0.0277905129 -0.2288871706 0.2198201120 -0.4113733172 0.8845626712
-256.4 332.7 2475.3 0.1111538634 0.9857817292 0.1260125935 -0.9778434038 0.0858530700 0.1909228265 0.1773896664 -0.1444423944 0.9734830856
-229.3 94.3 2518.5 0.0346788839 0.9859021306 0.1636898220 -0.9514369369 0.0826991946 -0.2965275347 -0.3058841527 -0.1454572976 0.9408916235
-507.5 -46.7 2468.2 0.6931502223 0.0105277002 -0.7207162380 0.0708640665 0.9940539598 0.0826740712 0.7173012495 -0.1083784401 0.6882826686
-511.6 -436.1 2510.7 0.7000075579 0.0151008777 -0.7139757872 -0.0918516442 0.9933761358 -0.0690443441 0.7082038522 0.1139114127 0.6967577934
-329.3 -54.8 2497.3 0.9936742187 -0.0400972329 -0.1048989743 0.0479180999 0.9961705804 0.0731303394 0.1015649512 -0.0776942894 0.9917903543
-313.6 -444.9 2527.8 0.9924245477 0.0688740388 -0.1017344072 -0.0691205189 0.9976077080 0.0011045943 0.1015671045 0.0059357085 0.9948109984
-561.1 -185.9 2361.6 0 0 0 0 0 0 0 0 0
-220.4 -150.2 2439.9 0 0 0 0 0 0 0 0 0
-516.4 -749.1 2474.8 0 0 0 0 0 0 0 0 0
-335.4 -761.3 2525.9 0 0 0 0 0 0 0 0 0
-385.4 543.2 2442.5 3 0.9899407029 0.0646363869 -0.1258550584 -0.0559640490 0.9958860278 0.0712675452 0.1299437582 -0.0635072887 0.9894854426
-398.6 341.1 2455.3 0.9899407029 0.0646363869 -0.1258550584 -0.0559640490 0.9958860278 0.0712675452 0.1299437582 -0.0635072887 0.9894854426
-411.5 146.0 2467.0 0.9898355007 0.0657374784 -0.1261119545 -0.0575714707 0.9960675240 0.0673424080 0.1300429404 -0.0593974553 0.9897276163
-539.6 349.3 2436.8 0.1650848389 -0.9166901112 -0.3639042079 0.9845907688 0.1747556329 0.0064419406 0.0576890483 -0.3593601882 0.9314141273
-583.6 86.7 2421.4 -0.0808319673 -0.9160069227 -0.3929344416 0.9729489088 0.0130837448 -0.2306496054 0.2164177001 -0.4009489715 0.8901703954
-257.5 332.9 2473.9 0.1004893035 0.9846596718 0.1426438540 -0.9783856869 0.0717536137 0.1939404011 0.1807300746 -0.1590496302 0.9705873728
-233.3 96.6 2517.5 0.0514216945 0.9835476279 0.1731758118 -0.9515780807 0.1008788720 -0.2903836370 -0.3030759096 -0.1498582810 0.9411097169
-511.0 -45.1 2466.6 0.7060081959 0.0015962239 -0.7082018852 0.0824969411 0.9930042624 0.0844795555 0.7033823133 -0.1180677414 0.7009374499
-511.6 -434.1 2512.8 0.7144438028 0.0178608354 -0.6994647980 -0.0975699946 0.9924499989 -0.0743172392 0.6928564906 0.1213422716 0.7107924819
-332.5 -54.6 2493.3 0.9952423573 -0.0411662497 -0.0883059055 0.0493890531 0.9944357276 0.0930503234 0.0839840099 -0.0969689712 0.9917377234
-316.3 -444.1 2531.3 0.9948430061 0.0576177090 -0.0834719762 -0.0588472933 0.9981907010 -0.0123437680 0.0826097280 0.0171922110 0.9964336753
-561.2 -183.8 2361.3 0 0 0 0 0 0 0 0 0
-220.0 -148.0 2439.6 0 0 0 0 0 0 0 0 0
-517.3 -749.0 2474.3 0 0 0 0 0 0 0 0 0
-334.6 -760.4 2525.8 0 0 0 0 0 0 0 0 0
-385.0 544.9 2443.9 4 0.9883289337 0.0647577867 -0.1378850639 -0.0555759408 0.9960373044 0.0694336221 0.1418350339 -0.0609601699 0.9880114794
-398.1 342.9 2456.2 0.9883289337 0.0647577867 -0.1378850639 -0.0555759408 0.9960373044 0.0694336221 0.1418350339 -0.0609601699 0.9880114794
-410.9 147.8 2467.2 0.9882556200 0.0652283356 -0.1381884813 -0.0566997975 0.9962872863 0.0647829771 0.1419011205 -0.0561868846 0.9882849455
-539.0 351.0 2436.0 0.1751970053 -0.9111136198 -0.3730656207 0.9830810428 0.1824673116 0.0160411615 0.0534569547 -0.3695640862 0.9276663065
-585.6 89.2 2421.8 -0.0830724239 -0.9103188515 -0.4054855704 0.9715688825 0.0165397525 -0.2361786366 0.2217044979 -0.4135771096 0.8830634952
-257.3 334.8 2476.4 0.0934414789 0.9868391156 0.1319745034 -0.9815940261 0.0691365823 0.1780261695 0.1665589213 -0.1461804062 0.9751355648
-234.0 89.4 2518.1 0.0481724404 0.9858987331 0.1602594703 -0.9499941468 0.0947829634 -0.2975353897 -0.3085296452 -0.1379125565 0.9411639571
-513.8 -43.9 2466.9 0.6973245144 -0.0017093528 -0.7167535424 0.0934320465 0.9916814566 0.0885343701 0.7106398344 -0.1287049353 0.6916834712
-513.1 -432.3 2517.3 0.7081373930 0.0148284473 -0.7059189677 -0.1027296260 0.9913046956 -0.0822292343 0.6985614300 0.1307483912 0.7035032511
-334.9 -54.2 2490.4 0.9936988354 -0.0499260053 -0.1003495753 0.0588981286 0.9943305850 0.0885309950 0.0953606516 -0.0938835442 0.9910056591
-315.3 -443.7 2527.1 0.9936421514 0.0594010167 -0.0956391022 -0.0594902597 0.9982270598 0.0019204816 0.0955836177 0.0037813233 0.9954141974
-562.5 -180.9 2360.1 0 0 0 0 0 0 0 0 0
-221.6 -154.8 2438.8 0 0 0 0 0 0 0 0 0
-517.9 -750.3 2475.3 0 0 0 0 0 0 0 0 0
-334.2 -760.8 2525.9 0 0 0 0 0 0 0 0 0
-385.6 545.6 2444.1 5 0.9910182357 0.0610735081 -0.1189659014 -0.0529463328 0.9961183667 0.0703198463 0.1227988005 -0.0633894429 0.9904050827
-398.0 343.5 2456.9 0.9910182357 0.0610735081 -0.1189659014 -0.0529463328 0.9961183667 0.0703198463 0.1227988005 -0.0633894429 0.9904050827
-409.9 148.3 2468.1 0.9910004735 0.0605835579 -0.1193635240 -0.0532368980 0.9965412617 0.0638069659 0.1228163317 -0.0568781942 0.9907981753
-539.2 351.1 2439.4 0.1786120981 -0.9169542789 -0.3567807972 0.9819266200 0.1891863197 0.0053499774 0.0625923574 -0.3512881100 0.9341728091
-586.6 90.4 2422.8 -0.0886071473 -0.9164096117 -0.3903103769 0.9700656533 0.0095545501 -0.2426546663 0.2261003107 -0.4001276493 0.8881309032
-256.8 335.9 2474.4 0.0754332989 0.9971118569 0.0088211168 -0.9757225513 0.0719852969 0.2068421394 0.2056097537 -0.0242097471 0.9783345461
-237.7 88.4 2526.6 0.0594492219 0.9971118569 0.0472629294 -0.9381654859 0.0719852969 -0.3386201560 -0.3410443962 -0.0242097471 0.9397354126
-513.0 -42.2 2465.4 0.7105454206 0.0045096409 -0.7036368847 0.0929220766 0.9906203747 0.1001833454 0.6974888444 -0.1365682185 0.7034617662
-514.8 -430.2 2518.9 0.7226055264 0.0075848941 -0.6912190318 -0.0996787250 0.9906325340 -0.0933344662 0.6840361357 0.1363438368 0.7165926099
-334.4 -52.5 2491.1 0.9953777194 -0.0503331684 -0.0817907229 0.0578237064 0.9940828085 0.0919553116 0.0766783506 -0.0962597132 0.9923983812
-314.7 -441.9 2528.8 0.9950730205 0.0629350394 -0.0766082183 -0.0633833259 0.9979833364 -0.0034319025 0.0762377381 0.0082706772 0.9970553517
-562.0 -179.3 2360.0 0 0 0 0 0 0 0 0 0
-222.4 -152.6 2439.0 0 0 0 0 0 0 0 0 0
-517.2 -750.3 2474.9 0 0 0 0 0 0 0 0 0
-334.7 -759.5 2526.1 0 0 0 0 0 0 0 0 0
-385.6 546.0 2444.2 6 0.9924870729 0.0581331998 -0.1076564118 -0.0507820323 0.9962667823 0.0698115826 0.1113128811 -0.0638200790 0.9917340279
-397.4 344.0 2457.1 0.9924870729 0.0581331998 -0.1076564118 -0.0507820323 0.9962667823 0.0698115826 0.1113128811 -0.0638200790 0.9917340279
-408.5 148.8 2468.2 0.9925154448 0.0568583868 -0.1080753133 -0.0502911247 0.9967738986 0.0625511855 0.1112832054 -0.0566477887 0.9921728969
-538.8 351.2 2441.3 0.1758462340 -0.9213269353 -0.3467489183 0.9821965694 0.1878531128 -0.0010340398 0.0660905540 -0.3403937519 0.9379574060
-585.4 91.0 2423.7 -0.0823952556 -0.9215353727 -0.3794516325 0.9697430730 0.0136591429 -0.2437454462 0.2298030406 -0.3880540431 0.8925271034
-256.0 336.9 2473.0 0.0753451586 0.9971552491 0.0021202490 -0.9690876603 0.0727230832 0.2357550263 0.2349301726 -0.0198177081 0.9718102217
-236.7 89.5 2532.9 0.0606032908 0.9971552491 0.0448177420 -0.9298616648 0.0727230832 -0.3606502414 -0.3628835678 -0.0198177081 0.9316236973
-511.3 -42.1 2468.1 0.7182769775 0.0024083955 -0.6957530975 0.0854611099 0.9921161532 0.0916620493 0.6904886365 -0.1252985746 0.7124083638
-512.2 -430.7 2517.2 0.7283459902 0.0144748390 -0.6850566268 -0.1010703966 0.9911103845 -0.0865155533 0.6777144670 0.1322522014 0.7233343124
-332.2 -51.7 2490.3 0.9967017770 -0.0394355953 -0.0709249452 0.0463240333 0.9940820932 0.0982592106 0.0666303039 -0.1012206674 0.9926302433
-316.7 -441.1 2529.9 0.9963324666 0.0542684421 -0.0661555603 -0.0551589951 0.9984089136 -0.0117087755 0.0654148832 0.0153149078 0.9977406263
-562.5 -178.6 2359.9 0 0 0 0 0 0 0 0 0
-221.2 -149.4 2439.7 0 0 0 0 0 0 0 0 0
-516.9 -751.4 2474.4 0 0 0 0 0 0 0 0 0
-334.0 -759.6 2525.1 0 0 0 0 0 0 0 0 0
-385.6 545.0 2444.7 7 0.9910644889 0.0568231903 -0.1206746027 -0.0486013889 0.9963611364 0.0700173005 0.1242140904 -0.0635267049 0.9902197719
-397.1 343.2 2457.6 0.9910644889 0.0568231903 -0.1206746027 -0.0486013889 0.9963611364 0.0700173005 0.1242140904 -0.0635267049 0.9902197719
-407.8 147.9 2468.7 0.9911366105 0.0546941496 -0.1210651472 -0.0473117940 0.9968891144 0.0630367324 0.1241362691 -0.0567502044 0.9906409979
-538.3 349.9 2439.9 0.1739230603 -0.9176163673 -0.3573947251 0.9829714298 0.1836294085 0.0068833157 0.0593119338 -0.3525059819 0.9339280725
-584.2 90.7 2424.3 -0.0651434585 -0.9187180996 -0.3895040751 0.9705259204 0.0324279740 -0.2388051599 0.2320254445 -0.3935803771 0.8895272017
-255.8 336.4 2475.3 0.0954889432 0.9938677549 0.0557556488 -0.9669156075 0.0792975873 0.2424585074 0.2365504056 -0.0770631135 0.9685583115
-231.6 90.8 2535.4 0.0454412661 0.9938677549 0.1008063629 -0.9282649159 0.0792975873 -0.3633677959 -0.3691332638 -0.0770631135 0.9261759520
-509.4 -41.9 2469.2 0.7089887857 0.0100214733 -0.7051485777 0.0779925883 0.9926511645 0.0925247520 0.7008937597 -0.1205953732 0.7029969096
-513.3 -430.7 2516.5 0.7184830308 0.0120099802 -0.6954407692 -0.1013695300 0.9909833074 -0.0876143575 0.6881179810 0.1334459335 0.7132221460
-330.0 -51.0 2489.3 0.9957376719 -0.0379824378 -0.0840467587 0.0462999679 0.9939760566 0.0993374363 0.0797673911 -0.1028053910 0.9914979935
-315.1 -440.3 2529.6 0.9951264262 0.0581430905 -0.0796414763 -0.0586915240 0.9982657433 -0.0045608198 0.0792381763 0.0092128720 0.9968131185
-566.1 -179.1 2359.8 0 0 0 0 0 0 0 0 0
-219.9 -147.7 2440.5 0 0 0 0 0 0 0 0 0
-517.2 -751.3 2473.3 0 0 0 0 0 0 0 0 0
-333.7 -759.9 2526.7 0 0 0 0 0 0 0 0 0
-385.1 543.7 2445.0 8 0.9884127975 0.0557663850 -0.1411747336 -0.0458647944 0.9963171482 0.0724467859 0.1446949095 -0.0651323795 0.9873303175
-396.4 342.4 2458.2 0.9884127975 0.0557663850 -0.1411747336 -0.0458647944 0.9963171482 0.0724467859 0.1446949095 -0.0651323795 0.9873303175
-406.8 147.1 2469.4 0.9884963632 0.0530978516 -0.1416175812 -0.0443340540 0.9969428182 0.0643385723 0.1446008682 -0.0573199615 0.9878284335
-537.2 348.7 2437.6 0.1803291589 -0.9100944996 -0.3731078207 0.9826186299 0.1836792082 0.0268805921 0.0440682694 -0.3714700341 0.9273985028
-584.7 89.9 2425.9 -0.0714194030 -0.9101887345 -0.4079898298 0.9702415466 0.0314852186 -0.2400833368 0.2313667983 -0.4129953086 0.8808543086
-255.6 336.1 2478.8 0.1019250825 0.9903745055 0.0936460495 -0.9751622081 0.0808616206 0.2062040418 0.1966468543 -0.1123374477 0.9740176201
-230.4 95.0 2527.4 0.0394208841 0.9903745055 0.1326811910 -0.9427776337 0.0808616206 -0.3234683573 -0.3310836256 -0.1123374477 0.9368905425
-508.1 -43.1 2468.6 0.6941062808 0.0078630792 -0.7198296189 0.0724014640 0.9941075444 0.0806733444 0.7162224054 -0.1081125885 0.6894469857
-511.2 -432.4 2510.9 0.7009450793 0.0198599268 -0.7129386663 -0.0979247466 0.9928252101 -0.0686208159 0.7064607143 0.1179137602 0.6978607178
-328.9 -51.6 2491.0 0.9939714074 -0.0334424153 -0.1044149771 0.0431543104 0.9948064089 0.0921842903 0.1007898152 -0.0961344987 0.9902522564
-315.8 -441.3 2528.7 0.9933257699 0.0557510331 -0.1009737998 -0.0558245666 0.9984383583 0.0020994584 0.1009331644 0.0035513726 0.9948868752
-564.9 -179.8 2361.6 0 0 0 0 0 0 0 0 0
-220.2 -147.1 2442.4 0 0 0 0 0 0 0 0 0
-517.5 -750.6 2473.2 0 0 0 0 0 0 0 0 0
-333.6 -759.8 2527.6 0 0 0 0 0 0 0 0 0
-384.9 541.6 2445.1 9 0.9888800979 0.0624917485 -0.1349477172 -0.0532396473 0.9960461855 0.0711167082 0.1388583630 -0.0631413311 0.9882972836
-397.6 340.5 2457.9 0.9888800979 0.0624917485 -0.1349477172 -0.0532396473 0.9960461855 0.0711167082 0.1388583630 -0.0631413311 0.9882972836
-409.5 145.4 2469.0 0.9889197350 0.0609886982 -0.1353445053 -0.0526003875 0.9965165854 0.0647140220 0.1388198584 -0.0568778031 0.9886829257
-538.5 348.0 2438.1 0.1682009995 -0.9136920571 -0.3699665964 0.9844569564 0.1749373525 0.0155359432 0.0505259074 -0.3668293357 0.9289151430
-582.7 89.4 2424.8 -0.0718387663 -0.9132010341 -0.4011271894 0.9695044160 0.0305424705 -0.2431633174 0.2343084067 -0.4063631296 0.8831582665
-256.6 333.0 2477.7 0.1104682907 0.9886773825 0.1015568599 -0.9759212732 0.0885676071 0.1993323863 0.1880807728 -0.1211314127 0.9746552110
-229.8 96.1 2523.3 0.0370403454 0.9890497327 0.1428590119 -0.9478350878 0.0800629482 -0.3085426092 -0.3166016936 -0.1239782572 0.9404215813
-506.5 -44.1 2467.6 0.6988615990 0.0097065754 -0.7151910067 0.0688788071 0.9943474531 0.0808014348 0.7119326591 -0.1057305261 0.6942427158
-510.3 -433.6 2509.0 0.7041784525 0.0251564160 -0.7095772028 -0.0943730772 0.9938212633 -0.0584214218 0.7037232518 0.1081040949 0.7022016048
-327.9 -52.1 2493.7 0.9946761727 -0.0328373387 -0.0976780578 0.0411854722 0.9955536127 0.0847158134 0.0944619030 -0.0882877186 0.9916058779
-315.0 -442.1 2528.3 0.9936026931 0.0617156588 -0.0945772901 -0.0619121753 0.9980812073 0.0008578784 0.0944487602 0.0050030951 0.9955171347
-562.7 -180.1 2359.7 0 0 0 0 0 0 0 0 0
-220.3 -147.5 2442.0 0 0 0 0 0 0 0 0 0
-518.3 -750.1 2474.5 0 0 0 0 0 0 0 0 0
-334.5 -758.1 2526.7 0 0 0 0 0 0 0 0 0
-385.4 543.9 2445.7 0 0.9891331792 0.0697065219 -0.1294472665 -0.0613409318 0.9958298206 0.0675293356 0.1336146891 -0.0588550866 0.9892841578
-399.5 342.6 2457.6 0.9891331792 0.0697065219 -0.1294472665 -0.0613409318 0.9958298206 0.0675293356 0.1336146891 -0.0588550866 0.9892841578
-412.8 147.5 2467.8 0.9891872406 0.0680228993 -0.1299287677 -0.0605586432 0.9963255525 0.0605648234 0.1335711479 -0.0520416424 0.9896718860
-540.5 351.2 2438.6 0.1667832732 -0.9156095982 -0.3658447862 0.9844424725 0.1754380167 0.0097194398 0.0552838705 -0.3617742062 0.9306251407
-585.1 87.6 2423.8 -0.0848349780 -0.9138904810 -0.3969977796 0.9675202370 0.0196683109 -0.2520272136 0.2381335348 -0.4054841101 0.8825389743
-258.5 334.0 2476.6 0.1195788160 0.9869183302 0.1081348285 -0.9766872525 0.0973776802 0.1913101226 0.1782775521 -0.1284905523 0.9755548835
-229.1 93.7 2520.5 0.0343521200 0.9877561331 0.1521767378 -0.9508116841 0.0792049170 -0.2994724810 -0.3078589439 -0.1344038993 0.9418908954
-510.8 -45.1 2467.6 0.7031098008 0.0062821112 -0.7110535502 0.0789362788 0.9930911064 0.0868283138 0.7066863775 -0.1171777621 0.6977562308
-513.3 -434.0 2513.5 0.7118601203 0.0120355720 -0.7022181153 -0.0950465202 0.9923057556 -0.0793440938 0.6958601475 0.1232252866 0.7075268626
-332.1 -54.6 2492.7 0.9947696328 -0.0440410450 -0.0921613276 0.0516571365 0.9952964187 0.0819547251 0.0881184712 -0.0862868652 0.9923657179
-314.8 -444.4 2526.5 0.9941202402 0.0625930354 -0.0883578360 -0.0626293495 0.9980340600 0.0023640019 0.0883320943 0.0031836915 0.9960860014
-561.5 -181.3 2357.6 0 0 0 0 0 0 0 0 0
-220.3 -150.6 2441.4 0 0 0 0 0 0 0 0 0
-517.1 -748.2 2474.5 0 0 0 0 0 0 0 0 0
-334.6 -759.6 2525.5 0 0 0 0 0 0 0 0 0
-385.2 542.3 2446.5 1 0.9909977317 0.0715139136 -0.1131782159 -0.0644164458 0.9957924485 0.0651756972 0.1173629835 -0.0572984330 0.9914347529
-399.7 341.2 2458.1 0.9909977317 0.0715139136 -0.1131782159 -0.0644164458 0.9957924485 0.0651756972 0.1173629835 -0.0572984330 0.9914347529
-413.4 146.1 2468.0 0.9910444617 0.0701060444 -0.1136485636 -0.0637586117 0.9962457418 0.0585597605 0.1173272878 -0.0507892556 0.9917936921
-540.9 350.3 2441.3 0.1835450232 -0.9177747965 -0.3521372080 0.9806010127 0.1960142404 0.0002485100 0.0687958300 -0.3453517258 0.9359483719
-588.3 96.8 2423.6 -0.0865297765 -0.9177936316 -0.3875144124 0.9675695300 0.0152388392 -0.2521446645 0.2373220325 -0.3967651725 0.8867105842
-258.4 332.1 2474.8 0.1337318420 0.9832094908 0.1241569594 -0.9754614234 0.1084847376 0.1915883720 0.1749023646 -0.1467317790 0.9735907316
-226.3 97.9 2516.8 0.0228132643 0.9848303199 0.1720140576 -0.9565730691 0.0715157688 -0.2825835347 -0.2905985415 -0.1580973715 0.9436936378
-515.6 -42.2 2465.9 0.7147634029 -0.0022664100 -0.6993626356 0.0877413601 0.9923842549 0.0864575282 0.6938405633 -0.1231597066 0.7095188498
-514.7 -430.9 2514.2 0.7253693342 0.0046158107 -0.6883444190 -0.0890439749 0.9922050238 -0.0871801078 0.6825763583 0.1245307028 0.7201260924
-336.7 -53.1 2490.1 0.9953373075 -0.0588684268 -0.0764079019 0.0658387691 0.9935646653 0.0921657532 0.0704905391 -0.0967666134 0.9928078055
-313.7 -442.3 2528.0 0.9953169227 0.0661959872 -0.0704439059 -0.0665742084 0.9977768660 -0.0030323912 0.0700865686 0.0077079376 0.9975111485
-564.3 -172.2 2357.6 0 0 0 0 0 0 0 0 0
-220.5 -147.9 2442.1 0 0 0 0 0 0 0 0 0
-516.1 -749.6 2474.2 0 0 0 0 0 0 0 0 0
-334.6 -758.0 2525.5 0 0 0 0 0 0 0 0 0
-383.0 541.0 2437.4 2 0.9957612157 0.0767643005 -0.0506637543 -0.0722239241 0.9936680794 0.0860664397 0.0569497868 -0.0820424855 0.9950003624
-398.7 338.2 2454.1 0.9957612157 0.0767643005 -0.0506637543 -0.0722239241 0.9936680794 0.0860664397 0.0569497868 -0.0820424855 0.9950003624
-413.5 143.5 2468.7 0.9957578778 0.0764011219 -0.0512754731 -0.0722678006 0.9943206906 0.0781267285 0.0569532327 -0.0740897432 0.9956239462
-540.3 348.6 2446.0 0.1855758280 -0.9351125956 -0.3018708527 0.9792184830 0.2015654594 -0.0224172845 0.0818094239 -0.2914374173 0.9530852437
-587.7 98.6 2425.1 -0.0697314292 -0.9386031032 -0.3378782868 0.9655418992 0.0216271300 -0.2593475580 0.2507317662 -0.3443202972 0.9047524929
-257.0 327.8 2462.2 0.1230704412 0.9809438586 0.1503422409 -0.9655974507 0.0833954513 0.2463062853 0.2290747762 -0.1754831076 0.9574604034
-227.4 95.4 2517.4 0.0277084671 0.9809438586 0.1923053861 -0.9540109038 0.0833954513 -0.2879382670 -0.2984886765 -0.1754831076 0.9381418824
-516.7 -43.3 2467.4 0.7573627234 -0.0095727835 -0.6529242992 0.0761315748 0.9943680763 0.0737303644 0.6485412121 -0.1055487767 0.7538260818
-512.9 -432.7 2508.7 0.7647730708 0.0125978580 -0.6441766024 -0.0800172091 0.9939255714 -0.0755595192 0.6393116713 0.1093311012 0.7611355186
-337.6 -54.8 2488.6 0.9981716275 -0.0592052042 -0.0121733015 0.0600243248 0.9946184754 0.0844459459 0.0071081514 -0.0850222334 0.9963536859
-314.4 -444.3 2521.9 0.9979262352 0.0638758689 -0.0079404498 -0.0637638569 0.9978718162 0.0136388922 0.0087947464 -0.0131042944 0.9998754859
-568.3 -169.7 2355.4 0 0 0 0 0 0 0 0 0
-220.3 -149.9 2440.7 0 0 0 0 0 0 0 0 0
-517.0 -750.6 2473.7 0 0 0 0 0 0 0 0 0
-334.5 -758.7 2526.0 0 0 0 0 0 0 0 0 0
-382.0 540.4 2433.3 3 0.9918319583 0.0731190145 -0.1045131236 -0.0628730282 0.9931807518 0.0981782824 0.1109791175 -0.0908052996 0.9896656275
-396.9 338.0 2451.8 0.9918319583 0.0731190145 -0.1045131236 -0.0628730282 0.9931807518 0.0981782824 0.1109791175 -0.0908052996 0.9896656275
-410.8 143.4 2468.1 0.9919220209 0.0710154176 -0.1051070318 -0.0616310202 0.9940339327 0.0899898633 0.1108706221 -0.0827850774 0.9903808832
-538.0 346.8 2436.1 0.1855217218 -0.9198071361 -0.3457404971 0.9815700054 0.1898861378 0.0215303823 0.0458475277 -0.3433628678 0.9380831122
-585.9 93.3 2424.2 -0.0651032925 -0.9212221503 -0.3835509717 0.9674139619 0.0359822288 -0.2506302297 0.2446871251 -0.3873693943 0.8888605833
-255.9 329.2 2467.6 0.1073320732 0.9888974428 0.1027701721 -0.9745368361 0.0841751024 0.2078279853 0.1968698651 -0.1224599332 0.9727516770
-230.1 94.5 2515.0 0.0389204510 0.9891673923 0.1415383518 -0.9560785890 0.0780451447 -0.2825290859 -0.2905149460 -0.1243256256 0.9487593174
-518.2 -44.6 2478.1 0.7211530805 -0.0159563888 -0.6925919652 0.0744391754 0.9957314134 0.0545685776 0.6887648702 -0.0909082741 0.7192625403
-511.9 -434.6 2513.7 0.7291522622 0.0136228362 -0.6842159033 -0.0929328576 0.9925113916 -0.0792752430 0.6780121326 0.1213898659 0.7249579430
-338.5 -57.8 2488.4 0.9959170818 -0.0626104772 -0.0650313571 0.0676824078 0.9945772290 0.0789635852 0.0597347580 -0.0830426663 0.9947540760
-314.0 -447.4 2520.9 0.9961533546 0.0622691698 -0.0616529286 -0.0607249327 0.9977996945 0.0266137309 0.0631744862 -0.0227674861 0.9977427721
-567.8 -175.7 2356.2 0 0 0 0 0 0 0 0 0
-220.1 -151.2 2440.3 0 0 0 0 0 0 0 0 0
-516.2 -750.1 2475.1 0 0 0 0 0 0 0 0 0
-333.5 -759.9 2528.0 0 0 0 0 0 0 0 0 0
-384.2 543.7 2440.3 4 0.9865710139 0.0612920709 -0.1513967365 -0.0499980859 0.9957523346 0.0773138478 0.1554923803 -0.0687060505 0.9854448438
-396.7 340.2 2454.3 0.9865710139 0.0612920709 -0.1513967365 -0.0499980859 0.9957523346 0.0773138478 0.1554923803 -0.0687060505 0.9854448438
-408.7 145.2 2467.0 0.9865165949 0.0614961460 -0.1516680866 -0.0508801863 0.9960396886 0.0729121864 0.1555512547 -0.0642121881 0.9857386351
-537.0 347.5 2432.2 0.1821084768 -0.9059529305 -0.3822116256 0.9826777577 0.1812697500 0.0385443494 0.0343640372 -0.3826101422 0.9232705832
-585.0 88.3 2423.1 -0.0887291506 -0.9042194486 -0.4177490771 0.9716944098 0.0136118047 -0.2358489335 0.2189455181 -0.4268510938 0.8774172068
-256.4 332.9 2476.5 0.1536201239 0.9535140991 0.2592522800 -0.9669033289 0.0909646899 0.2383766621 0.2037127018 -0.2872913182 0.9359299541
-218.1 91.4 2527.4 -0.0112145087 0.9535140991 0.3011396825 -0.9419809580 0.0909646899 -0.3231057525 -0.3354789913 -0.2872913182 0.8971719742
-514.2 -45.7 2474.3 0.6877164245 -0.0008633940 -0.7259789109 0.0717298761 0.9951869845 0.0667658150 0.7224271297 -0.0979903266 0.6844683886
-513.8 -435.5 2512.7 0.6954227090 0.0118990131 -0.7185024023 -0.0946825743 0.9926630259 -0.0752018392 0.7123359442 0.1203267202 0.6914470196
-335.3 -56.9 2494.4 0.9920103550 -0.0573065653 -0.1123893559 0.0657650754 0.9951572418 0.0730549395 0.1076585501 -0.0798625499 0.9909750819
-312.8 -446.7 2525.6 0.9917647243 0.0678647161 -0.1086145490 -0.0670513064 0.9976874590 0.0111279218 0.1091185659 -0.0037535327 0.9940216541
-560.4 -181.7 2362.3 0 0 0 0 0 0 0 0 0
-220.9 -150.2 2441.3 0 0 0 0 0 0 0 0 0
-517.6 -749.7 2474.6 0 0 0 0 0 0 0 0 0
-334.1 -759.5 2526.8 0 0 0 0 0 0 0 0 0
-385.1 545.8 2442.3 5 0.9855713844 0.0648811758 -0.1563311815 -0.0539918505 0.9958747625 0.0729266256 0.1604178548 -0.0634337887 0.9850087762
-398.2 343.4 2455.2 0.9855713844 0.0648811758 -0.1563311815 -0.0539918505 0.9958747625 0.0729266256 0.1604178548 -0.0634337887 0.9850087762
-410.8 148.3 2466.8 0.9855578542 0.0644134581 -0.1566096544 -0.0542003214 0.9961683750 0.0686362088 0.1604306847 -0.0591566674 0.9852728248
-538.5 351.2 2432.3 0.1679636985 -0.9066045284 -0.3871129751 0.9852012992 0.1679845154 0.0340534672 0.0341559537 -0.3871039450 0.9214032292
-583.0 90.3 2423.3 -0.0875424966 -0.9041985273 -0.4180445969 0.9724986553 0.0133500416 -0.2325255424 0.2158301771 -0.4269036651 0.8781632185
-257.9 335.7 2478.0 0.1406250000 0.9649107456 0.2217473239 -0.9724143744 0.0925086513 0.2141319215 0.1861046404 -0.2457425892 0.9513020515
-222.8 92.8 2524.5 0.0085027823 0.9649107456 0.2624404132 -0.9464010596 0.0925086513 -0.3094628155 -0.3228819966 -0.2457425892 0.9139791131
-509.6 -45.2 2465.6 0.6842321157 0.0113806706 -0.7291755080 0.0815972760 0.9924048781 0.0920569971 0.7246849537 -0.1224870905 0.6781066656
-514.0 -433.8 2513.5 0.6933607459 0.0118915206 -0.7204925418 -0.0980940312 0.9921137094 -0.0780255273 0.7138826847 0.1247758567 0.6890591383
-331.6 -54.5 2493.7 0.9919277430 -0.0447849296 -0.1186326519 0.0561472178 0.9939654469 0.0942346826 0.1136964634 -0.1001348868 0.9884564281
-314.1 -443.7 2532.9 0.9914376736 0.0653479397 -0.1130528152 -0.0674111396 0.9976196289 -0.0145202959 0.1118348315 0.0220169872 0.9934828877
-558.7 -180.0 2363.3 0 0 0 0 0 0 0 0 0
-220.6 -150.2 2441.6 0 0 0 0 0 0 0 0 0
-517.8 -749.8 2473.8 0 0 0 0 0 0 0 0 0
-334.8 -760.0 2525.9 0 0 0 0 0 0 0 0 0
-385.3 544.3 2444.3 6 0.9873083830 0.0664662197 -0.1442372352 -0.0566991903 0.9958775043 0.0708043501 0.1483487189 -0.0617275946 0.9870067835
-398.8 342.1 2456.8 0.9873083830 0.0664662197 -0.1442372352 -0.0566991903 0.9958775043 0.0708043501 0.1483487189 -0.0617275946 0.9870067835
-411.4 147.0 2468.3 0.9874148369 0.0643407032 -0.1444722116 -0.0550781488 0.9962163568 0.0672259405 0.1482509524 -0.0584226288 0.9872226119
-539.4 350.0 2435.7 0.1759289205 -0.9092568159 -0.3772281408 0.9833449721 0.1800852269 0.0245345160 0.0456250384 -0.3752617240 0.9257953167
-585.4 92.8 2423.8 -0.0956260264 -0.9069526792 -0.4102346301 0.9719435573 0.0038995168 -0.2351819426 0.2148986161 -0.4212144315 0.8811339140
-258.1 334.3 2477.9 0.1308320761 0.9634436369 0.2337934077 -0.9741770029 0.0811617300 0.2106939405 0.1840166450 -0.2553216815 0.9491831660
-226.3 97.0 2522.8 0.0224516336 0.9631824493 0.2679094374 -0.9497029185 0.1042704508 -0.2952829301 -0.3123463690 -0.2478048056 0.9170782566
-512.4 -41.8 2463.9 0.6932021976 0.0107938163 -0.7206623554 0.0877213478 0.9911909103 0.0992245004 0.7153850198 -0.1320001036 0.6861488819
-516.6 -430.0 2515.6 0.7043563128 0.0028221624 -0.7098409534 -0.0935582072 0.9916375279 -0.0888928100 0.7036540508 0.1290236562 0.6987301707
-334.4 -51.7 2492.9 0.9930312634 -0.0514796339 -0.1060130894 0.0605281554 0.9946271777 0.0839831010 0.1011200771 -0.0898146182 0.9908118248
-314.2 -441.2 2528.1 0.9930793047 0.0592114441 -0.1014275551 -0.0593125448 0.9982374310 0.0020213474 0.1013684720 0.0040085684 0.9948408604
-558.8 -177.3 2364.0 0 0 0 0 0 0 0 0 0
-220.5 -146.9 2442.5 0 0 0 0 0 0 0 0 0
-517.5 -749.5 2474.0 0 0 0 0 0 0 0 0 0
-333.3 -762.1 2526.8 0 0 0 0 0 0 0 0 0
-385.4 542.2 2444.8 7 0.9880763292 0.0674506575 -0.1384038478 -0.0585175380 0.9959927797 0.0676323101 0.1424110681 -0.0587268323 0.9880638719
-399.1 340.1 2456.7 0.9880763292 0.0674506575 -0.1384038478 -0.0585175380 0.9959927797 0.0676323101 0.1424110681 -0.0587268323 0.9880638719
-411.7 145.0 2467.6 0.9882379770 0.0645425543 -0.1386359483 -0.0560769215 0.9963648319 0.0641290098 0.1422710270 -0.0556004494 0.9882649183
-539.9 348.1 2436.4 0.1791801602 -0.9111452103 -0.3710914850 0.9828041196 0.1828796566 0.0255168062 0.0446155705 -0.3692823350 0.9282456636
-586.8 90.6 2424.7 -0.0947302803 -0.9089935422 -0.4059025943 0.9698349833 0.0077243163 -0.2436399609 0.2246024758 -0.4167386293 0.8808420300
-258.3 332.1 2477.0 0.1074794456 0.9647395611 0.2402617633 -0.9777985215 0.0588482022 0.2011142075 0.1798838526 -0.2565432489 0.9496459365
-232.4 96.8 2520.3 0.0477032587 0.9637585878 0.2624761760 -0.9494993687 0.1253373921 -0.2876481116 -0.3101214170 -0.2354992032 0.9210672379
-513.1 -43.1 2466.3 0.6974382997 -0.0070861578 -0.7166097760 0.0847077295 0.9937563539 0.0726148263 0.7116209865 -0.1113467515 0.6936839819
-510.4 -432.2 2509.9 0.7049503922 0.0221491419 -0.7089107037 -0.0955143794 0.9933721423 -0.0639439598 0.7027958632 0.1127884835 0.7023935914
-334.7 -53.1 2493.1 0.9937909842 -0.0486002415 -0.1000875235 0.0566929951 0.9952080846 0.0796666443 0.0957360938 -0.0848462582 0.9917840958
-315.7 -442.9 2526.4 0.9938876033 0.0541044213 -0.0962294713 -0.0537734441 0.9985349178 0.0060313391 0.0964148119 -0.0008198831 0.9953408837
-560.5 -179.0 2362.3 0 0 0 0 0 0 0 0 0
-220.1 -147.1 2440.6 0 0 0 0 0 0 0 0 0
-517.5 -750.2 2473.8 0 0 0 0 0 0 0 0 0
-332.9 -760.6 2526.6 0 0 0 0 0 0 0 0 0
-384.9 543.3 2444.0 8 0.9887877703 0.0745333955 -0.1293968856 -0.0658920109 0.9953802824 0.0698305666 0.1340038180 -0.0605213940 0.9891309738
-400.0 341.5 2456.3 0.9887877703 0.0745333955 -0.1293968856 -0.0658920109 0.9953802824 0.0698305666 0.1340038180 -0.0605213940 0.9891309738
-414.0 146.5 2467.3 0.9889683723 0.0714676604 -0.1297454685 -0.0634283200 0.9958624244 0.0650762543 0.1338594854 -0.0561288185 0.9894095063
-541.0 350.5 2437.2 0.1738651991 -0.9149520397 -0.3641889989 0.9837336540 0.1783261597 0.0216293074 0.0451546498 -0.3620255888 0.9310738444
-587.5 87.5 2425.1 -0.0844253227 -0.9136935472 -0.3975380063 0.9696761966 0.0164923184 -0.2438361794 0.2293478698 -0.4060690999 0.8845945001
-259.1 332.5 2475.4 0.1019633263 0.9626306891 0.2508896887 -0.9804702997 0.0546115488 0.1889326870 0.1681709290 -0.2652540803 0.9493991733
-233.6 87.3 2517.4 0.0551673658 0.9613419771 0.2697743177 -0.9509685040 0.1329387724 -0.2792600989 -0.3043279350 -0.2411408126 0.9215397835
-513.6 -45.1 2465.6 0.7039906979 -0.0115719307 -0.7101148963 0.0932419077 0.9927186370 0.0762605667 0.7040618062 -0.1198991984 0.6999436617
-509.1 -433.8 2512.6 0.7122552991 0.0290993620 -0.7013170719 -0.1046567708 0.9923745394 -0.0651130229 0.6940744519 0.1197746769 0.7098694444
-335.0 -55.2 2491.3 0.9944622517 -0.0522870645 -0.0911639705 0.0598800629 0.9947782755 0.0826469585 0.0863665715 -0.0876481831 0.9924004078
-314.6 -444.9 2525.7 0.9944461584 0.0595468804 -0.0867812634 -0.0593931340 0.9982251525 0.0043548439 0.0868865624 0.0008235534 0.9962178469
-564.0 -182.1 2361.4 0 0 0 0 0 0 0 0 0
-219.4 -157.1 2439.2 0 0 0 0 0 0 0 0 0
-518.3 -748.1 2474.7 0 0 0 0 0 0 0 0 0
-333.3 -758.6 2525.4 0 0 0 0 0 0 0 0 0
-382.6 542.4 2436.2 9 0.9956221581 0.0774146393 -0.0523778684 -0.0726819858 0.9935609102 0.0869138166 0.0587690063 -0.0827263966 0.9948379397
-398.4 339.7 2453.0 0.9956221581 0.0774146393 -0.0523778684 -0.0726819858 0.9935609102 0.0869138166 0.0587690063 -0.0827263966 0.9948379397
-413.5 145.0 2467.5 0.9955428243 0.0779641792 -0.0530666038 -0.0736971945 0.9942176342 0.0781027600 0.0588489696 -0.0738437846 0.9955319762
-539.8 350.3 2444.7 0.1841556579 -0.9352375269 -0.3023531437 0.9797860980 0.1991267502 -0.0191751271 0.0781399012 -0.2927102149 0.9530031085
-587.5 96.7 2424.4 -0.0754668191 -0.9387736320 -0.3361677825 0.9706740975 0.0080061797 -0.2402659655 0.2282467782 -0.3444414735 0.9106390476
-256.9 329.1 2461.4 0.0863954723 0.9961423874 0.0153674083 -0.9567949772 0.0786645636 0.2799200416 0.2776313424 -0.0388872810 0.9599003196
-235.1 87.7 2531.5 0.0599238202 0.9961423874 0.0641051456 -0.9335402250 0.0786645636 -0.3497349322 -0.3534286022 -0.0388872810 0.9346528649
-517.4 -42.9 2466.2 0.7568464875 -0.0191227980 -0.6533128619 0.0827933475 0.9943247437 0.0668096170 0.6483275890 -0.1046545878 0.7541344166
-509.9 -432.2 2507.2 0.7635664344 0.0244123004 -0.6452676654 -0.0851703212 0.9943621755 -0.0631652996 0.6400877833 0.1031885520 0.7613407969
-338.6 -54.3 2490.4 0.9982047677 -0.0584183186 -0.0132130133 0.0592672713 0.9952538610 0.0771823227 0.0086414404 -0.0778268650 0.9969294667
-315.8 -444.2 2520.9 0.9985317588 0.0533357821 -0.0094664404 -0.0532041304 0.9984903336 0.0136533612 0.0101803616 -0.0131296618 0.9998619556
-566.5 -173.2 2361.0 0 0 0 0 0 0 0 0 0
-219.7 -152.0 2440.7 0 0 0 0 0 0 0 0 0
-517.7 -749.5 2474.3 0 0 0 0 0 0 0 0 0
-332.6 -759.0 2525.0 0 0 0 0 0 0 0 0 0
-381.3 541.7 2432.2 0 0.9939534068 0.0835538134 -0.0712420568 -0.0763075352 0.9921580553 0.0989929140 0.0789546147 -0.0929580331 0.9925346375
-398.3 339.7 2451.1 0.9939534068 0.0835538134 -0.0712420568 -0.0763075352 0.9921580553 0.0989929140 0.0789546147 -0.0929580331 0.9925346375
-414.4 145.2 2467.4 0.9939838052 0.0824528039 -0.0720949620 -0.0759434327 0.9931507707 0.0887928605 0.0789223835 -0.0827835277 0.9934375286
-539.7 350.6 2439.9 0.1794617623 -0.9308743477 -0.3182238936 0.9822628498 0.1874226779 0.0056930711 0.0543428399 -0.3136011958 0.9479984641
-586.5 94.6 2425.7 -0.0747513846 -0.9325902462 -0.3531113565 0.9703453183 0.0136021106 -0.2413398921 0.2298742831 -0.3606804311 0.9039178491
-256.9 328.9 2462.4 0.1013415679 0.9917289019 0.0787633285 -0.9612616301 0.0772134811 0.2646018565 0.2563317120 -0.1025273278 0.9611358643
-231.2 85.2 2527.4 0.0369329192 0.9917289019 0.1229216605 -0.9366986156 0.0772134811 -0.3415169120 -0.3481833935 -0.1025273278 0.9318028092
-518.4 -43.0 2476.7 0.7448659539 -0.0275125150 -0.6666466594 0.0651838481 0.9973705411 0.0316705331 0.6640224457 -0.0670448989 0.7447007298
-507.6 -433.3 2503.0 0.7488005757 0.0247897878 -0.6623315811 -0.0753785670 0.9960018992 -0.0479410030 0.6584950686 0.0858238563 0.7476754189
-338.9 -56.4 2487.4 0.9975799918 -0.0613891669 -0.0326431505 0.0642154589 0.9934936762 0.0940567926 0.0266566966 -0.0959253609 0.9950315356
-314.9 -445.5 2524.9 0.9982869625 0.0519392937 -0.0269338600 -0.0518648885 0.9986481667 0.0034541932 0.0270768590 -0.0020513546 0.9996312261
-565.7 -175.1 2361.8 0 0 0 0 0 0 0 0 0
-221.7 -155.4 2437.9 0 0 0 0 0 0 0 0 0
-515.4 -748.9 2475.8 0 0 0 0 0 0 0 0 0
-331.2 -758.5 2525.6 0 0 0 0 0 0 0 0 0
-381.7 540.4 2431.7 1 0.9822603464 0.0715521425 -0.1733345836 -0.0536076650 0.9929109812 0.1060851440 0.1796964258 -0.0949111655 0.9791328311
-396.2 338.6 2451.0 0.9822603464 0.0715521425 -0.1733345836 -0.0536076650 0.9929109812 0.1060851440 0.1796964258 -0.0949111655 0.9791328311
-409.8 144.0 2467.8 0.9822905660 0.0693024993 -0.1740760058 -0.0531819277 0.9939956069 0.0956264809 0.1796579510 -0.0846752897 0.9800781012
-535.3 346.2 2425.6 0.2064845115 -0.8945356011 -0.3964470029 0.9783772826 0.1838262975 0.0947934911 -0.0119187664 -0.4074481428 0.9131505489
-588.8 92.9 2428.7 -0.0998835117 -0.8905377388 -0.4438083172 0.9663284421 0.0194815788 -0.2565732896 0.2371342778 -0.4544920325 0.8586060405
-257.1 331.1 2476.5 0.1096583977 0.9851450920 0.1321520507 -0.9764268994 0.0818981826 0.1997079104 0.1859182566 -0.1509364545 0.9709029794
-230.0 89.6 2522.5 0.0282818936 0.9851450920 0.1693790406 -0.9443243742 0.0818981826 -0.3186599314 -0.3277980983 -0.1509364545 0.9326127768
-520.2 -42.4 2476.5 0.6724655032 -0.0285715461 -0.7395767570 0.0835286826 0.9958003163 0.0374790058 0.7353999615 -0.0869792104 0.6720279455
-509.0 -432.2 2510.5 0.6794026494 0.0231264010 -0.7334011197 -0.0969268903 0.9935731292 -0.0584599786 0.7273356915 0.1108041555 0.6772778034
-340.8 -56.2 2490.7 0.9888058901 -0.0659792498 -0.1338268369 0.0775800943 0.9934912920 0.0834051594 0.1274527907 -0.0928538144 0.9874886870
-315.0 -445.3 2527.1 0.9904177189 0.0523389988 -0.1278018653 -0.0528321043 0.9986032844 -0.0004691314 0.1275988072 0.0072166771 0.9917995930
-561.0 -175.7 2362.8 0 0 0 0 0 0 0 0 0
-222.7 -153.0 2438.3 0 0 0 0 0 0 0 0 0
-516.4 -747.5 2475.4 0 0 0 0 0 0 0 0 0
-331.4 -759.3 2524.8 0 0 0 0 0 0 0 0 0
-383.2 543.2 2439.5 2 0.9828494787 0.0636527836 -0.1730756462 -0.0495467931 0.9951791167 0.0846385807 0.1776287407 -0.0746116415 0.9812650681
-396.1 340.9 2454.7 0.9828494787 0.0636527836 -0.1730756462 -0.0495467931 0.9951791167 0.0846385807 0.1776287407 -0.0746116415 0.9812650681
-408.4 146.0 2467.7 0.9828092456 0.0628181547 -0.1736082286 -0.0501801670 0.9958249331 0.0762541518 0.1776735485 -0.0662315935 0.9818581939
-535.7 348.1 2429.4 0.1873695552 -0.8980293870 -0.3980400264 0.9822209477 0.1760714203 0.0651215836 0.0116023822 -0.4031650722 0.9150537252
-585.1 89.1 2426.4 -0.0922797248 -0.8949063420 -0.4366086423 0.9695343971 0.0191676803 -0.2442041636 0.2269086242 -0.4458421767 0.8658736944
-256.5 333.8 2479.9 0.1098568887 0.9850394726 0.1327731162 -0.9807923436 0.0857700780 0.1751851737 0.1611763388 -0.1494681537 0.9755415916
-229.4 91.9 2519.7 0.0246296879 0.9853093624 0.1689936221 -0.9472973347 0.0770134181 -0.3109608591 -0.3194074333 -0.1524283439 0.9352777600
-511.6 -45.9 2468.3 0.6726070046 -0.0058682566 -0.7399765849 0.0798476413 0.9947057962 0.0646897405 0.7356793880 -0.1025961563 0.6695146561
-509.3 -435.3 2508.5 0.6785905957 0.0273414906 -0.7340076566 -0.0987399071 0.9936321974 -0.0542727150 0.7278497219 0.1093048081 0.6769691706
-335.1 -55.5 2500.6 0.9899176359 -0.0485745296 -0.1330549866 0.0570399910 0.9965330362 0.0605672188 0.1296516508 -0.0675460100 0.9892562628
-316.1 -445.6 2527.1 0.9899979830 0.0548800603 -0.1299698204 -0.0551023185 0.9984789491 0.0018881338 0.1298757493 0.0052923895 0.9915161729
-559.5 -180.4 2363.3 0 0 0 0 0 0 0 0 0
-223.0 -151.6 2437.6 0 0 0 0 0 0 0 0 0
-517.9 -748.8 2474.0 0 0 0 0 0 0 0 0 0
-333.4 -760.1 2525.4 0 0 0 0 0 0 0 0 0
-382.2 542.7 2435.4 3 0.9899523854 0.0738419443 -0.1205885187 -0.0630321577 0.9938427806 0.0911234617 0.1265747547 -0.0826069340 0.9885114431
-397.2 341.1 2452.1 0.9899523854 0.0738419443 -0.1205885187 -0.0630321577 0.9938427806 0.0911234617 0.1265747547 -0.0826069340 0.9885114431
-411.5 146.4 2466.9 0.9899221063 0.0732888803 -0.1211731210 -0.0634414554 0.9945094585 0.0832230151 0.1266071349 -0.0746969059 0.9891365170
-537.8 350.2 2434.1 0.1723502725 -0.9181000590 -0.3569141030 0.9845438600 0.1720074266 0.0329669788 0.0311248899 -0.3570794761 0.9335553050
-583.2 91.3 2426.0 -0.0799712837 -0.9169523716 -0.3909001946 0.9695563912 0.0194976237 -0.2440906018 0.2314410806 -0.3985200226 0.8874777555
-256.5 332.1 2470.1 0.1109323651 0.9827384353 0.1480513364 -0.9720613956 0.0762847066 0.2219848633 0.2068590075 -0.1685402840 0.9637445211
-229.5 95.0 2520.6 0.0190357286 0.9827384353 0.1840185523 -0.9478870034 0.0762847066 -0.3093394339 -0.3180375397 -0.1685402840 0.9329771399
-509.3 -44.5 2464.7 0.7110989690 0.0062640919 -0.7030640244 0.0849773288 0.9918641448 0.0947857127 0.6979377270 -0.1271465272 0.7047812939
-511.7 -432.8 2514.5 0.7199618816 0.0208475012 -0.6937004328 -0.1028198898 0.9917223454 -0.0769085065 0.6863548756 0.1266973913 0.7161457539
-332.1 -53.6 2496.8 0.9956566095 -0.0460159741 -0.0809350386 0.0522725806 0.9956625700 0.0769648626 0.0770423785 -0.0808612555 0.9937434196
-314.1 -443.4 2528.4 0.9947783947 0.0669037104 -0.0770705268 -0.0672173724 0.9977372289 -0.0014800461 0.0767971128 0.0066527962 0.9970245361
-560.9 -178.2 2361.6 0 0 0 0 0 0 0 0 0
-224.6 -148.7 2438.9 0 0 0 0 0 0 0 0 0
-518.3 -747.6 2474.3 0 0 0 0 0 0 0 0 0
-335.3 -759.9 2526.3 0 0 0 0 0 0 0 0 0
-381.7 542.8 2432.3 4 0.9928502440 0.0771879032 -0.0910518095 -0.0684719235 0.9930957556 0.0952492207 0.0977752507 -0.0883337185 0.9912805557
-397.4 341.0 2450.3 0.9928502440 0.0771879032 -0.0910518095 -0.0684719235 0.9930957556 0.0952492207 0.0977752507 -0.0883337185 0.9912805557
-412.3 146.3 2466.1 0.9928464890 0.0765060782 -0.0916661471 -0.0685204789 0.9938220978 0.0873071775 0.0977793783 -0.0804016143 0.9919550419
-538.6 350.8 2436.4 0.1749139428 -0.9264332056 -0.3333566487 0.9835028648 0.1802630126 0.0150791211 0.0461220704 -0.3304947615 0.9426801801
-584.9 90.3 2424.2 -0.0741679370 -0.9271726608 -0.3672191799 0.9707663655 0.0171670131 -0.2394115776 0.2282799333 -0.3742406964 0.8987948298
-256.1 331.2 2464.2 0.1028946638 0.9878968000 0.1160717458 -0.9688119888 0.0730874836 0.2367732972 0.2254241854 -0.1368144155 0.9646065235
