-20.4 435.4 2715.9 1 0.9988348484 -0.0119540738 -0.0467547067 0.0121980803 0.9999133945 0.0049370369 0.0466916412 -0.0055016023 0.9988942146
-18.1 238.1 2717.0 0.9988348484 -0.0119540738 -0.0467547067 0.0121980803 0.9999133945 0.0049370369 0.0466916412 -0.0055016023 0.9988942146
-15.5 44.0 2717.3 0.9988207817 -0.0132672368 -0.0467019416 0.0133169414 0.9999110699 0.0007533171 0.0466877930 -0.0013743558 0.9989085793
-154.5 236.3 2710.7 0.2047642171 -0.6861078143 -0.6980885863 0.9785393476 0.1266801506 0.1625203639 -0.0230725110 -0.7163855433 0.6973230243
-208.0 -19.4 2716.7 -0.0246172138 -0.6892586350 -0.7240970135 0.9580385089 0.1906477958 -0.2140457481 0.2855803967 -0.6989820600 0.6556431055
118.4 239.9 2723.4 0.2205711901 0.6319119334 0.7429910302 -0.9752932191 0.1525017619 0.1598322093 -0.0123075610 -0.7598884702 0.6499369144
170.7 8.5 2720.5 -0.0121448729 0.6341258287 0.7731344700 -0.9570281506 0.2166699469 -0.1927465498 -0.2897405624 -0.7422523499 0.6042448878
-101.3 -147.7 2715.8 0.9993764162 -0.0101009347 -0.0338338315 0.0103713404 0.9999155998 0.0078262398 0.0337519236 -0.0081722625 0.9993968010
-97.4 -535.8 2719.0 0.9990799427 -0.0263997652 -0.0337981805 0.0265605673 0.9996379018 0.0043175570 0.0336719602 -0.0052112835 0.9994193316
77.8 -144.7 2721.0 0.9945142269 0.0793454051 -0.0681598186 -0.0765759945 0.9961647987 0.0423296541 0.0712570772 -0.0368780382 0.9967760444
47.0 -531.4 2735.3 0.9939805865 -0.0804066584 -0.0744131133 0.0776538551 0.9962102175 -0.0391800366 0.0772814378 0.0331657305 0.9964575171
-201.8 -262.6 2644.2 0 0 0 0 0 0 0 0 0
167.6 -235.9 2646.5 0 0 0 0 0 0 0 0 0
-89.6 -829.6 2720.5 0 0 0 0 0 0 0 0 0
70.5 -823.1 2725.6 0 0 0 0 0 0 0 0 0
-18.9 436.2 2716.5 2 0.9982613921 -0.0090465946 -0.0582439080 0.0092198718 0.9999538064 0.0027069747 0.0582167283 -0.0032392698 0.9982987046
-17.1 238.8 2717.1 0.9982613921 -0.0090465946 -0.0582439080 0.0092198718 0.9999538064 0.0027069747 0.0582167283 -0.0032392698 0.9982987046
-15.2 44.7 2717.1 0.9982528687 -0.0101098651 -0.0582150929 0.0101094646 0.9999488592 -0.0003013963 0.0582151599 -0.0002876537 0.9983040094
-153.5 237.4 2709.1 0.2061100304 -0.6787022948 -0.7048984766 0.9781757593 0.1235556677 0.1670514643 -0.0262840148 -0.7239455581 0.6893562078
-208.2 -22.0 2716.1 -0.0250448063 -0.6822477579 -0.7306919694 0.9579336047 0.1926540434 -0.2127148658 0.2858950198 -0.7052817941 0.6487230659
119.2 240.2 2725.0 0.2129966766 0.6414265037 0.7370240092 -0.9769642949 0.1499789655 0.1518127620 -0.0131613687 -0.7523817420 0.6585958004
170.7 4.3 2721.9 -0.0106591461 0.6442179084 0.7647677064 -0.9530339241 0.2249580026 -0.2027812004 -0.3026759028 -0.7310110331 0.6115636826
-102.4 -151.3 2713.4 0.9988780618 -0.0133341616 -0.0454399921 0.0141413556 0.9997470379 0.0174890347 0.0451952964 -0.0181119964 0.9988139868
-97.2 -539.4 2720.4 0.9986602068 -0.0248368904 -0.0453972258 0.0255096126 0.9995722771 0.0142997215 0.0450226478 -0.0154386284 0.9988666773
76.5 -148.9 2721.7 0.9939540625 0.0764240026 -0.0788335204 -0.0726335421 0.9961104989 0.0498816967 0.0823390633 -0.0438541546 0.9956390262
46.9 -535.6 2738.8 0.9929292798 -0.0812230855 -0.0865692273 0.0764454156 0.9954345822 -0.0571494028 0.0908158496 0.0501274988 0.9946053028
-201.8 -265.1 2643.5 0 0 0 0 0 0 0 0 0
167.9 -239.1 2644.6 0 0 0 0 0 0 0 0 0
-90.1 -826.8 2724.8 0 0 0 0 0 0 0 0 0
70.1 -820.6 2724.4 0 0 0 0 0 0 0 0 0
-18.7 446.2 2725.7 3 0.9972532988 -0.0120027596 -0.0730874240 0.0103840614 0.9996932149 -0.0224872790 0.0733349100 0.0216665678 0.9970719814
-16.3 248.3 2721.4 0.9972532988 -0.0120027596 -0.0730874240 0.0103840614 0.9996932149 -0.0224872790 0.0733349100 0.0216665678 0.9970719814
-14.2 54.2 2717.4 0.9972662330 -0.0107948519 -0.0730991140 0.0092483414 0.9997268915 -0.0214618817 0.0733108297 0.0207271650 0.9970937371
-152.5 247.0 2711.4 0.2028595656 -0.6700608134 -0.7140493393 0.9791066647 0.1283166111 0.1577499062 -0.0140776439 -0.7311315536 0.6820912361
-208.1 -21.0 2715.3 -0.0240966119 -0.6729416847 -0.7393029332 0.9604666233 0.1895814389 -0.2038694024 0.2773503363 -0.7149883509 0.6417697668
119.9 249.5 2731.4 0.2010585368 0.6509252787 0.7320326567 -0.9781748056 0.1734129190 0.1144642010 -0.0524362810 -0.7390698791 0.6715848446
170.4 4.0 2718.3 -0.0134875262 0.6518427730 0.7582342029 -0.9582054019 0.2082889229 -0.1961075366 -0.2857630551 -0.7291890979 0.6217899323
-102.6 -150.3 2712.0 0.9979988933 -0.0179852135 -0.0606193468 0.0188414510 0.9997302294 0.0135829020 0.0603587031 -0.0146978786 0.9980685115
-95.6 -538.4 2717.7 0.9979047775 -0.0221749209 -0.0607807413 0.0235917941 0.9994640946 0.0226934999 0.0602449402 -0.0240798797 0.9978931546
76.2 -148.5 2722.4 0.9927666187 0.0768253878 -0.0922620222 -0.0726692006 0.9962196946 0.0475971736 0.0955699161 -0.0405482799 0.9945965409
46.4 -535.3 2738.2 0.9910816550 -0.0883018374 -0.0997994021 0.0829065666 0.9949269295 -0.0569812581 0.1043246686 0.0481990539 0.9933746457
-201.9 -264.8 2644.9 0 0 0 0 0 0 0 0 0
166.9 -240.6 2645.3 0 0 0 0 0 0 0 0 0
-89.3 -823.2 2724.5 0 0 0 0 0 0 0 0 0
72.2 -826.3 2724.1 0 0 0 0 0 0 0 0 0
-18.0 440.7 2710.3 4 0.9986210465 -0.0092368731 -0.0516790077 0.0103490092 0.9997196794 0.0212940313 0.0514678322 -0.0217994936 0.9984366894
-16.2 241.4 2714.7 0.9986210465 -0.0092368731 -0.0516790077 0.0103490092 0.9997196794 0.0212940313 0.0514678322 -0.0217994936 0.9984366894
-14.3 47.5 2717.4 0.9986243248 -0.0092738774 -0.0516081266 0.0099900896 0.9998571277 0.0136372847 0.0514742807 -0.0141340951 0.9985743165
-152.6 240.1 2707.7 0.2156773657 -0.6809874773 -0.6998137832 0.9758551121 0.1249995828 0.1791143566 -0.0344982147 -0.7215477228 0.6915047169
-208.2 -11.8 2716.6 -0.0239247847 -0.6836376786 -0.7294293642 0.9619925618 0.1827938259 -0.2028711885 0.2720255554 -0.7065592408 0.6532810330
120.2 242.7 2721.7 0.2141998708 0.6350533962 0.7421762943 -0.9767504930 0.1460765302 0.1569080502 -0.0087695448 -0.7585307360 0.6515782475
170.6 13.0 2719.7 -0.0149155688 0.6373323202 0.7704446912 -0.9592928290 0.2082072198 -0.1908061504 -0.2820190787 -0.7419280410 0.6082828045
-101.4 -140.6 2706.8 0.9991790056 -0.0126450816 -0.0384891070 0.0130246971 0.9998688102 0.0096282018 0.0383623093 -0.0101216063 0.9992126226
-96.5 -528.8 2710.7 0.9989271760 -0.0250607915 -0.0389423631 0.0269082710 0.9985008836 0.0476648137 0.0376894660 -0.0486615486 0.9981039762
77.3 -139.0 2719.9 0.9939205647 0.0815708041 -0.0739464089 -0.0785841569 0.9960036278 0.0424416140 0.0771128908 -0.0363725796 0.9963586926
45.6 -525.7 2734.1 0.9931069613 -0.0853757113 -0.0803088471 0.0825104713 0.9958520532 -0.0383500978 0.0832498968 0.0314594284 0.9960319996
-202.2 -256.0 2647.5 0 0 0 0 0 0 0 0 0
166.8 -231.9 2647.6 0 0 0 0 0 0 0 0 0
-88.9 -828.5 2725.3 0 0 0 0 0 0 0 0 0
71.3 -825.2 2724.6 0 0 0 0 0 0 0 0 0
-17.5 434.3 2714.7 5 0.9974198341 -0.0080867466 -0.0713323429 0.0087792501 0.9999172688 0.0093999524 0.0712504312 -0.0100019434 0.9974083304
-15.9 235.2 2716.6 0.9974198341 -0.0080867466 -0.0713323429 0.0087792501 0.9999172688 0.0093999524 0.0712504312 -0.0100019434 0.9974083304
-14.1 41.2 2717.8 0.9974157810 -0.0088537149 -0.0712975711 0.0092546390 0.9999431372 0.0052948724 0.0712466389 -0.0059410227 0.9974410534
-152.2 234.0 2706.9 0.2158785462 -0.6681377292 -0.7120311856 0.9759200811 0.1243066788 0.1792424470 -0.0312484074 -0.7335801721 0.6788841486
-208.0 -18.3 2715.0 -0.0246110242 -0.6711346507 -0.7409268618 0.9615520239 0.1868876219 -0.2012230158 0.2735177875 -0.7173920274 0.6407313943
120.3 236.4 2726.4 0.2123115361 0.6484320760 0.7310674787 -0.9769133925 0.1590216905 0.1426615268 -0.0237492733 -0.7444782853 0.6672241092
170.4 6.1 2720.8 -0.0106017832 0.6503835917 0.7595319152 -0.9546462297 0.2194436044 -0.2012337744 -0.2975535691 -0.7272177339 0.6185597777
-101.8 -147.3 2715.6 0.9981253147 -0.0192701537 -0.0580901466 0.0189931206 0.9998054504 -0.0053174030 0.0581813157 0.0042041214 0.9982971549
-94.3 -535.4 2713.9 0.9981861711 -0.0126439063 -0.0588603169 0.0148618734 0.9991899133 0.0373979062 0.0583397821 -0.0382048450 0.9975654483
77.1 -145.6 2724.8 0.9924700260 0.0782698318 -0.0942185670 -0.0761156380 0.9967533946 0.0262499582 0.0959672555 -0.0188807901 0.9952054024
46.7 -532.5 2732.1 0.9915999174 -0.0839300156 -0.0984140262 0.0814393088 0.9962543845 -0.0290653370 0.1004848629 0.0208064150 0.9947209954
-201.7 -262.4 2645.6 0 0 0 0 0 0 0 0 0
167.6 -237.6 2644.8 0 0 0 0 0 0 0 0 0
-90.7 -820.1 2724.8 0 0 0 0 0 0 0 0 0
71.3 -824.3 2726.0 0 0 0 0 0 0 0 0 0
-17.2 436.6 2704.8 6 0.9928433299 -0.0067309178 -0.1192343682 0.0110344924 0.9993098378 0.0354700573 0.1189133301 -0.0365318991 0.9922323227
-15.9 237.6 2712.1 0.9928433299 -0.0067309178 -0.1192343682 0.0110344924 0.9993098378 0.0354700573 0.1189133301 -0.0365318991 0.9922323227
-14.0 43.6 2717.7 0.9928207397 -0.0103113279 -0.1191663668 0.0136810085 0.9995283484 0.0274937060 0.1188266650 -0.0289266370 0.9924935699
-151.4 235.6 2695.9 0.2110226005 -0.6366037726 -0.7417581081 0.9752880931 0.0863199607 0.2033765614 -0.0654417574 -0.7663449049 0.6390875578
-207.8 -25.3 2713.4 -0.0408236347 -0.6449325085 -0.7631483674 0.9578190446 0.1921856254 -0.2136523128 0.2844574749 -0.7396801710 0.6098829508
119.6 239.5 2728.3 0.2066354603 0.6763219237 0.7070293427 -0.9773828387 0.1759158075 0.1173731238 -0.0449956208 -0.7152917385 0.6973758340
170.3 -0.6 2717.2 -0.0142124975 0.6769555211 0.7358866930 -0.9578580856 0.2019435316 -0.2042710483 -0.2868899703 -0.7077782154 0.6455572248
-101.7 -153.7 2712.6 0.9942908883 -0.0150461243 -0.1056374535 0.0148249716 0.9998859763 -0.0028784727 0.1056687161 0.0012959669 0.9944005609
-95.9 -541.9 2712.1 0.9941992760 -0.0162197966 -0.1063237637 0.0220793877 0.9982877374 0.0541674532 0.1052631289 -0.0562008023 0.9928550720
77.0 -152.1 2725.3 0.9869765043 0.0736615732 -0.1430081129 -0.0693528876 0.9969818592 0.0348902307 0.1451465636 -0.0245178118 0.9891063571
48.4 -539.1 2734.9 0.9864443541 -0.0715427548 -0.1476793885 0.0673991293 0.9971841574 -0.0328807868 0.1496159285 0.0224816054 0.9884885550
-197.5 -268.4 2641.2 0 0 0 0 0 0 0 0 0
166.7 -245.2 2644.0 0 0 0 0 0 0 0 0 0
-91.3 -822.2 2727.9 0 0 0 0 0 0 0 0 0
68.8 -824.2 2728.4 0 0 0 0 0 0 0 0 0
-18.6 438.2 2709.9 7 0.9943072200 -0.0123242186 -0.1058359072 0.0148011958 0.9996338487 0.0226504374 0.1055180058 -0.0240879916 0.9941256046
-16.1 239.3 2714.7 0.9943072200 -0.0123242186 -0.1058359072 0.0148011958 0.9996338487 0.0226504374 0.1055180058 -0.0240879916 0.9941256046
-13.6 45.3 2718.8 0.9942979813 -0.0133613236 -0.1057969257 0.0155210244 0.9996870756 0.0196166430 0.1055017188 -0.0211468656 0.9941942692
-151.9 237.2 2700.3 0.2094708234 -0.6458876133 -0.7341328859 0.9762923121 0.0962666795 0.1938712895 -0.0545465313 -0.7573387027 0.6507402062
-207.8 -23.2 2714.8 -0.0560230277 -0.6538204551 -0.7545728683 0.9551619291 0.1849750727 -0.2311924547 0.2907355428 -0.7336913347 0.6141415834
119.6 241.5 2729.1 0.2070083767 0.6657468081 0.7168881893 -0.9765484929 0.1849229187 0.1102569029 -0.0591658801 -0.7229002118 0.6884146333
170.2 2.9 2714.6 -0.0400313102 0.6656224132 0.7452142239 -0.9597569704 0.1818607450 -0.2139933854 -0.2779640257 -0.7237910032 0.6315556765
-100.9 -151.6 2712.7 0.9956647158 -0.0106015895 -0.0924090594 0.0112671955 0.9999141693 0.0066840807 0.0923302695 -0.0076962942 0.9956986904
-96.8 -539.8 2715.7 0.9954715967 -0.0210024863 -0.0927103758 0.0247921757 0.9988954067 0.0399159044 0.0917696431 -0.0420336388 0.9948927164
76.8 -149.1 2734.0 0.9885491729 0.0754667148 -0.1306724250 -0.0743080378 0.9971408248 0.0137274424 0.1313347667 -0.0038602408 0.9913305640
47.5 -536.1 2735.4 0.9878016114 -0.0784128904 -0.1345340014 0.0736813247 0.9964872003 -0.0398033857 0.1371825188 0.0294052046 0.9901092052
-193.5 -265.6 2641.0 0 0 0 0 0 0 0 0 0
160.0 -242.1 2643.7 0 0 0 0 0 0 0 0 0
-90.9 -820.6 2727.5 0 0 0 0 0 0 0 0 0
69.8 -819.7 2727.1 0 0 0 0 0 0 0 0 0
-18.1 438.4 2712.9 8 0.9980813861 -0.0098372027 -0.0611287244 0.0109663978 0.9997748733 0.0181644559 0.0609362759 -0.0187999662 0.9979646206
-16.2 240.5 2716.7 0.9980813861 -0.0098372027 -0.0611287244 0.0109663978 0.9997748733 0.0181644559 0.0609362759 -0.0187999662 0.9979646206
-13.9 46.4 2719.7 0.9980587363 -0.0120993629 -0.0610927977 0.0130319353 0.9998041987 0.0148895327 0.0609006807 -0.0156567860 0.9980210066
-152.4 238.6 2708.3 0.2093414217 -0.6751934886 -0.7073118091 0.9772328138 0.1189166233 0.1757125705 -0.0345288441 -0.7279921770 0.6847153902
-208.0 -21.1 2717.5 -0.0526582599 -0.6800120473 -0.7313075662 0.9545241594 0.1809213310 -0.2369622141 0.2934463024 -0.7105287910 0.6395608783
120.0 242.3 2725.0 0.2086567134 0.6408076882 0.7388016582 -0.9778269529 0.1504435390 0.1456747949 -0.0177984089 -0.7528162003 0.6579900980
170.6 5.1 2720.6 -0.0554764122 0.6437524557 0.7632202506 -0.9540634155 0.1912262589 -0.2306416631 -0.2944238782 -0.7409556508 0.6035720706
-100.1 -150.1 2713.4 0.9988365173 -0.0074713626 -0.0476420186 0.0073515861 0.9999693632 -0.0026888254 0.0476606451 0.0023354527 0.9988608360
-97.2 -538.3 2712.5 0.9984695315 -0.0275150985 -0.0479739644 0.0299551152 0.9982540607 0.0509070083 0.0464894921 -0.0522661619 0.9975504875
78.0 -147.3 2732.3 0.9934403896 0.0780691281 -0.0835545510 -0.0748061538 0.9963341951 0.0414997041 0.0864880979 -0.0349770896 0.9956386685
47.7 -533.8 2745.9 0.9932576418 -0.0707372576 -0.0918447599 0.0642853677 0.9953737259 -0.0714039356 0.0964707807 0.0650182292 0.9932099581
-194.6 -263.4 2643.0 0 0 0 0 0 0 0 0 0
156.5 -238.4 2645.5 0 0 0 0 0 0 0 0 0
-89.3 -822.6 2727.4 0 0 0 0 0 0 0 0 0
68.0 -820.2 2727.2 0 0 0 0 0 0 0 0 0
-16.3 433.3 2723.9 9 0.9988591075 -0.0040424960 -0.0475831814 0.0033565895 0.9998894334 -0.0144859804 0.0476364829 0.0143097360 0.9987622499
-15.5 236.3 2721.1 0.9988591075 -0.0040424960 -0.0475831814 0.0033565895 0.9998894334 -0.0144859804 0.0476364829 0.0143097360 0.9987622499
-14.4 42.3 2718.3 0.9988495708 -0.0059534060 -0.0475820303 0.0052584861 0.9998778701 -0.0147165274 0.0476638339 0.0144493878 0.9987589121
-151.9 235.6 2714.6 0.2143130898 -0.6844552159 -0.6968435645 0.9767199755 0.1433199495 0.1596165746 -0.0093788225 -0.7148289680 0.6992364526
-208.0 -20.1 2717.1 -0.0378723517 -0.6866797209 -0.7259728909 0.9570363164 0.1840808839 -0.2240439504 0.2874841690 -0.7032675147 0.6502058506
120.8 237.1 2727.6 0.2103733420 0.6346149445 0.7436443567 -0.9773398638 0.1547681540 0.1444078386 -0.0234490987 -0.7571728230 0.6527935863
170.6 5.7 2722.1 -0.0545654036 0.6374900341 0.7685239911 -0.9534924626 0.1952328831 -0.2296437323 -0.2964367270 -0.7453124523 0.5971889496
-100.9 -148.8 2717.3 0.9993590713 -0.0102275396 -0.0343056098 0.0095591750 0.9997624159 -0.0195904374 0.0344978198 0.0192499477 0.9992193580
-96.9 -536.9 2709.8 0.9990354180 -0.0265073813 -0.0350089110 0.0285699144 0.9978019595 0.0597916022 0.0333470404 -0.0607341267 0.9975968003
77.7 -146.5 2728.2 0.9947133064 0.0771005303 -0.0678307116 -0.0746644065 0.9964939952 0.0377489589 0.0705033541 -0.0324848518 0.9969824553
47.8 -533.2 2740.8 0.9943183661 -0.0747684240 -0.0757673010 0.0694798380 0.9951112866 -0.0701862574 0.0806446150 0.0645231903 0.9946523309
-198.4 -263.0 2644.1 0 0 0 0 0 0 0 0 0
156.7 -237.7 2646.4 0 0 0 0 0 0 0 0 0
-89.3 -823.4 2727.3 0 0 0 0 0 0 0 0 0
69.6 -823.4 2722.0 0 0 0 0 0 0 0 0 0
-16.7 433.7 2729.5 0 0.9990439415 0.0000644871 -0.0437177792 -0.0013519006 0.9995662570 -0.0294193570 0.0436969213 0.0294503309 0.9986106753
-16.7 237.2 2723.7 0.9990439415 0.0000644871 -0.0437177792 -0.0013519006 0.9995662570 -0.0294193570 0.0436969213 0.0294503309 0.9986106753
-16.5 43.2 2718.1 0.9990431070 -0.0012512308 -0.0437183157 0.0000040251 0.9995933175 -0.0285166688 0.0437362157 0.0284892060 0.9986368418
-153.1 237.1 2717.7 0.2057532221 -0.6888023615 -0.6951380372 0.9786018133 0.1462979764 0.1446908116 0.0020339095 -0.7100339532 0.7041645050
-207.9 -23.3 2717.2 -0.0307927933 -0.6911408305 -0.7220637798 0.9548143148 0.1933073699 -0.2257473916 0.2956034839 -0.6963882446 0.6539587379
119.8 237.2 2729.6 0.2097004056 0.6313600540 0.7465991378 -0.9769175649 0.1670871675 0.1330939829 -0.0407169126 -0.7572756410 0.6518249512
170.5 0.9 2719.8 -0.0283810236 0.6336314678 0.7731142640 -0.9531091452 0.2159679681 -0.2119923681 -0.3012929559 -0.7428788543 0.5977905989
-102.8 -152.2 2711.3 0.9994279146 -0.0139513472 -0.0308089945 0.0140225533 0.9998995066 0.0020963531 0.0307766516 -0.0025271745 0.9995231032
-97.4 -540.2 2712.3 0.9989647269 -0.0329604186 -0.0313538797 0.0342940874 0.9984865189 0.0429946966 0.0298893023 -0.0440254398 0.9985831976
76.1 -151.2 2719.8 0.9953123927 0.0737923682 -0.0625132248 -0.0714008436 0.9966586828 0.0396662131 0.0652314126 -0.0350167789 0.9972555637
47.4 -538.0 2733.4 0.9947221279 -0.0771196559 -0.0676790699 0.0750639364 0.9966517687 -0.0324130841 0.0699521527 0.0271617547 0.9971805215
-200.1 -265.7 2642.1 0 0 0 0 0 0 0 0 0
163.3 -242.4 2642.9 0 0 0 0 0 0 0 0 0
-88.0 -822.5 2724.7 0 0 0 0 0 0 0 0 0
70.1 -830.8 2725.4 0 0 0 0 0 0 0 0 0
-16.6 436.3 2731.2 1 0.9989952445 0.0019234852 -0.0447745994 -0.0034006338 0.9994516373 -0.0329380222 0.0446866900 0.0330571868 0.9984539747
-17.0 239.7 2724.7 0.9989952445 0.0019234852 -0.0447745994 -0.0034006338 0.9994516373 -0.0329380222 0.0446866900 0.0330571868 0.9984539747
-16.9 45.7 2718.6 0.9989970326 -0.0005483738 -0.0447735004 -0.0008559365 0.9995084405 -0.0313395709 0.0447686762 0.0313464627 0.9985054731
-153.4 239.8 2718.6 0.2040870786 -0.6883191466 -0.6961071491 0.9789400101 0.1471180618 0.1415368617 0.0049874112 -0.7103330493 0.7038480639
-208.0 -21.9 2717.3 -0.0279179998 -0.6907721162 -0.7225334048 0.9537650943 0.1979817599 -0.2261313945 0.2992536724 -0.6954402328 0.6533070207
119.5 239.6 2730.8 0.2086874098 0.6311698556 0.7470436096 -0.9766798019 0.1739150137 0.1258974224 -0.0504594445 -0.7558956146 0.6527447104
170.5 1.1 2718.5 -0.0191913042 0.6331935525 0.7737554908 -0.9512310028 0.2267496139 -0.2091510445 -0.3078818619 -0.7400341034 0.5979617238
-105.7 -150.8 2708.7 0.9993346930 -0.0175180286 -0.0319879912 0.0178052336 0.9998034835 0.0087158484 0.0318290181 -0.0092796031 0.9994502664
-98.9 -538.9 2712.3 0.9985695481 -0.0424454063 -0.0325160250 0.0437255763 0.9982534051 0.0397268198 0.0307730120 -0.0410917737 0.9986813664
73.2 -150.8 2716.5 0.9960018992 0.0636349767 -0.0626964495 -0.0606314316 0.9969715476 0.0486987941 0.0656055212 -0.0447027162 0.9968438148
48.5 -537.8 2733.9 0.9956652522 -0.0640070885 -0.0674819052 0.0621387064 0.9976333976 -0.0294339005 0.0692061782 0.0251130741 0.9972862601
-200.9 -264.0 2641.3 0 0 0 0 0 0 0 0 0
165.6 -241.8 2639.9 0 0 0 0 0 0 0 0 0
-86.9 -822.0 2724.0 0 0 0 0 0 0 0 0 0
67.1 -827.3 2726.6 0 0 0 0 0 0 0 0 0
-16.2 440.2 2742.6 2 0.9988855720 0.0022248630 -0.0471446849 -0.0050993902 0.9981284142 -0.0609402396 0.0469208658 0.0611127354 0.9970273972
-16.6 243.7 2730.6 0.9988855720 0.0022248630 -0.0471446849 -0.0050993902 0.9981284142 -0.0609402396 0.0469208658 0.0611127354 0.9970273972
-16.7 50.0 2719.7 0.9988883138 0.0002648518 -0.0471384972 -0.0029063330 0.9984278083 -0.0559768975 0.0470495597 0.0560516678 0.9973186851
-153.1 244.1 2724.1 0.2048592865 -0.6863042712 -0.6978675127 0.9782923460 0.1663347483 0.1235994101 0.0312528089 -0.7080389261 0.7054814696
-208.1 -18.7 2715.7 -0.0266422313 -0.6873556376 -0.7258322239 0.9563133717 0.1939343661 -0.2187560499 0.2911270261 -0.6999512315 0.6521605253
119.8 243.3 2737.0 0.2059580535 0.6338770986 0.7455072403 -0.9759896398 0.1882525235 0.1095682979 -0.0708907843 -0.7501738071 0.6574296355
170.5 3.2 2719.5 -0.0195897557 0.6350371242 0.7722331882 -0.9522035122 0.2236443460 -0.2080665380 -0.3048355579 -0.7393991351 0.6003034115
-106.3 -148.2 2708.5 0.9991991520 -0.0195953269 -0.0348859467 0.0201390032 0.9996801019 0.0153018143 0.0345749445 -0.0159921292 0.9992741346
-98.7 -536.3 2714.8 0.9984916449 -0.0424214490 -0.0348542258 0.0429201275 0.9989847541 0.0136858150 0.0342382677 -0.0151611203 0.9992986917
72.7 -148.4 2716.6 0.9958320856 0.0657643676 -0.0631940737 -0.0625535622 0.9967113733 0.0515119769 0.0663739070 -0.0473442636 0.9966709614
47.2 -535.3 2734.9 0.9947273731 -0.0757646263 -0.0691172332 0.0729224235 0.9964205027 -0.0427607298 0.0721095800 0.0374950729 0.9966917038
-201.4 -261.5 2641.8 0 0 0 0 0 0 0 0 0
165.5 -239.9 2641.7 0 0 0 0 0 0 0 0 0
-86.7 -818.5 2719.0 0 0 0 0 0 0 0 0 0
69.1 -824.4 2724.1 0 0 0 0 0 0 0 0 0
-14.7 440.7 2748.8 3 0.9988080859 0.0062943953 -0.0484021865 -0.0100383507 0.9969416857 -0.0775014833 0.0477663316 0.0778949931 0.9958166480
-16.0 245.0 2733.5 0.9988080859 0.0062943953 -0.0484021865 -0.0100383507 0.9969416857 -0.0775014833 0.0477663316 0.0778949931 0.9958166480
-16.7 51.5 2719.3 0.9988220334 0.0037361979 -0.0483795442 -0.0072664060 0.9973054528 -0.0730001852 0.0479764417 0.0732657388 0.9961578250
-152.4 246.0 2726.9 0.2089258432 -0.6874571443 -0.6955233216 0.9774413109 0.1693112105 0.1262625605 0.0309597962 -0.7062126994 0.7073224783
-208.2 -14.9 2718.7 -0.0250124112 -0.6883406043 -0.7249562740 0.9565462470 0.1942567080 -0.2174480259 0.2905059159 -0.6988930702 0.6535707712
120.5 244.0 2740.0 0.2062842548 0.6365085244 0.7431713939 -0.9754871726 0.1932532489 0.1052520350 -0.0766264722 -0.7466660142 0.6607709527
170.6 6.9 2721.4 -0.0315875374 0.6373047233 0.7699642181 -0.9529524446 0.2131495625 -0.2155199498 -0.3014694154 -0.7405470610 0.6005882621
-106.2 -143.5 2704.6 0.9991165996 -0.0211901329 -0.0362902619 0.0219394471 0.9995516539 0.0203755628 0.0358422287 -0.0211537499 0.9991335273
-98.0 -531.5 2712.8 0.9987189770 -0.0352736935 -0.0362782776 0.0360087082 0.9991551042 0.0198105350 0.0355488360 -0.0210914928 0.9991453290
72.8 -144.0 2713.0 0.9958365560 0.0663640797 -0.0624930821 -0.0627928227 0.9963702559 0.0574752241 0.0660805404 -0.0533118136 0.9963890910
47.0 -530.8 2733.7 0.9947402477 -0.0767817274 -0.0677965507 0.0751990303 0.9968398809 -0.0255999193 0.0695479140 0.0203670356 0.9973706603
-201.9 -257.7 2644.9 0 0 0 0 0 0 0 0 0
162.6 -236.4 2644.4 0 0 0 0 0 0 0 0 0
-87.7 -824.5 2719.0 0 0 0 0 0 0 0 0 0
70.0 -829.3 2727.6 0 0 0 0 0 0 0 0 0
-13.8 443.7 2762.9 4 0.9995942116 0.0071691652 -0.0275690239 -0.0102699632 0.9934238791 -0.1140328869 0.0265702065 0.1142697409 0.9930943847
-15.3 248.3 2740.4 0.9995942116 0.0071691652 -0.0275690239 -0.0102699632 0.9934238791 -0.1140328869 0.0265702065 0.1142697409 0.9930943847
-15.7 55.4 2720.1 0.9996194243 0.0018211340 -0.0275257155 -0.0046881731 0.9945183992 -0.1044564173 0.0271846019 0.1045457125 0.9941484928
-151.8 248.9 2736.7 0.2097998112 -0.7004635334 -0.6821545959 0.9754125476 0.1980994493 0.0965762436 0.0674863234 -0.6856438518 0.7248021364
-208.1 -13.1 2718.6 -0.0241562109 -0.7002724409 -0.7134668827 0.9573302269 0.1893840432 -0.2182945162 0.2879848778 -0.6882965565 0.6658172011
121.3 247.7 2744.1 0.2007892877 0.6259317398 0.7535868287 -0.9761964679 0.1922335923 0.1004325971 -0.0820007473 -0.7558145523 0.6496308446
170.7 7.5 2723.9 -0.0209067259 0.6274673939 0.7783621550 -0.9482223392 0.2343407124 -0.2143801302 -0.3169184625 -0.7425423265 0.5900793076
-106.9 -141.4 2700.8 0.9994127154 -0.0298672356 -0.0167964976 0.0303423330 0.9991251230 0.0287803262 0.0159222148 -0.0292730685 0.9994446039
-95.3 -529.3 2712.1 0.9996883273 -0.0182076450 -0.0170791745 0.0188504085 0.9990899563 0.0382605009 0.0163669977 -0.0385705233 0.9991218448
72.1 -142.7 2709.3 0.9969013929 0.0683308467 -0.0389683545 -0.0653363690 0.9951501489 0.0735349357 0.0438040681 -0.0707610250 0.9965310097
45.5 -529.0 2736.8 0.9955199361 -0.0823849589 -0.0463985763 0.0806186870 0.9959920645 -0.0387352966 0.0494038202 0.0348211676 0.9981716871
-202.0 -256.1 2645.5 0 0 0 0 0 0 0 0 0
165.4 -234.6 2643.0 0 0 0 0 0 0 0 0 0
-89.9 -827.2 2723.6 0 0 0 0 0 0 0 0 0
69.9 -823.6 2726.5 0 0 0 0 0 0 0 0 0
-11.9 442.1 2760.4 5 0.9988822341 0.0083004525 -0.0465333201 -0.0133213904 0.9939906001 -0.1086518019 0.0453518257 0.1091502383 0.9929901361
-13.5 246.9 2739.0 0.9988822341 0.0083004525 -0.0465333201 -0.0133213904 0.9939906001 -0.1086518019 0.0453518257 0.1091502383 0.9929901361
-14.0 53.8 2719.7 0.9989161491 0.0024228608 -0.0464829430 -0.0070345369 0.9950319529 -0.0993071422 0.0460114069 0.0995264947 0.9939705133
-150.0 247.8 2732.7 0.2200861871 -0.6868215799 -0.6927035451 0.9737598896 0.1968433559 0.1142117009 0.0579110347 -0.6996634007 0.7121217847
-208.1 -9.4 2717.4 -0.0231019314 -0.6865708828 -0.7266957760 0.9615214467 0.1837852299 -0.2042045593 0.2737568617 -0.7034510970 0.6559068561
122.9 246.0 2745.3 0.1999220848 0.6382465959 0.7434194088 -0.9758394957 0.1979527026 0.0924770236 -0.0881387368 -0.7439461946 0.6624013782
170.9 11.9 2724.1 -0.0085891718 0.6391493082 0.7690346837 -0.9488959908 0.2374173254 -0.2079169601 -0.3154721260 -0.7315197587 0.6044470072
-105.6 -137.1 2697.4 0.9987683296 -0.0343911648 -0.0357645154 0.0358919986 0.9984640479 0.0422052629 0.0342580974 -0.0434369370 0.9984686375
-92.3 -524.7 2714.3 0.9993630648 -0.0059670284 -0.0351831689 0.0068653403 0.9996520877 0.0254671518 0.0350189656 -0.0256924760 0.9990563393
73.5 -137.9 2702.3 0.9959336519 0.0705495700 -0.0560256056 -0.0647476539 0.9929417968 0.0993696377 0.0626406521 -0.0953380466 0.9934720993
46.1 -523.3 2739.3 0.9945378304 -0.0806947052 -0.0662035942 0.0771521479 0.9955324531 -0.0544301495 0.0703000501 0.0490250923 0.9963204265
-202.2 -253.4 2647.9 0 0 0 0 0 0 0 0 0
168.7 -230.4 2643.6 0 0 0 0 0 0 0 0 0
-90.5 -821.4 2721.9 0 0 0 0 0 0 0 0 0
70.5 -824.7 2724.4 0 0 0 0 0 0 0 0 0
-12.1 445.3 2757.7 6 0.9986155033 0.0064441273 -0.0522063002 -0.0115069197 0.9951919913 -0.0972649753 0.0513285063 0.0977310464 0.9938883185
-13.3 249.6 2738.5 0.9986155033 0.0064441273 -0.0522063002 -0.0115069197 0.9951919913 -0.0972649753 0.0513285063 0.0977310464 0.9938883185
-13.7 56.3 2721.0 0.9986362457 0.0018121245 -0.0521761999 -0.0065097772 0.9959199429 -0.0900059491 0.0518002175 0.0902228653 0.9945735335
-149.8 250.4 2731.4 0.2187055498 -0.6838271022 -0.6960951090 0.9747725725 0.1856894940 0.1238460988 0.0445682369 -0.7056202292 0.7071871758
-208.2 -10.2 2719.5 -0.0230568405 -0.6838670373 -0.7292422056 0.9604510665 0.1873146147 -0.2060265541 0.2774925232 -0.7051517963 0.6525020003
123.1 248.7 2745.6 0.1955213249 0.6423396468 0.7410608530 -0.9771536589 0.1917985529 0.0915640965 -0.0833191574 -0.7420330644 0.6651652455
171.1 8.8 2725.1 -0.0081541175 0.6437221169 0.7652158737 -0.9458805323 0.2432968765 -0.2147477865 -0.3244125247 -0.7255538702 0.6069003940
-104.0 -138.7 2696.2 0.9987816811 -0.0268968586 -0.0413721353 0.0288639888 0.9984441400 0.0477087647 0.0400245488 -0.0488448068 0.9980041385
-93.6 -526.3 2715.2 0.9991207123 -0.0102354130 -0.0406574421 0.0111237504 0.9997029901 0.0216835104 0.0404234268 -0.0221167076 0.9989378452
74.9 -139.9 2704.5 0.9951619506 0.0749219880 -0.0635562092 -0.0694920048 0.9940627217 0.0837267861 0.0694518387 -0.0789050609 0.9944598675
45.8 -525.7 2735.1 0.9937494397 -0.0846608803 -0.0727639869 0.0814270079 0.9956023097 -0.0463213511 0.0763655975 0.0401068628 0.9962729216
-202.4 -254.0 2649.0 0 0 0 0 0 0 0 0 0
169.0 -232.8 2642.3 0 0 0 0 0 0 0 0 0
-90.6 -821.5 2721.7 0 0 0 0 0 0 0 0 0
71.4 -825.8 2723.0 0 0 0 0 0 0 0 0 0
-11.1 444.7 2756.3 7 0.9982765913 0.0117734326 -0.0574908666 -0.0171762649 0.9953854680 -0.0944073573 0.0561140738 0.0952321365 0.9938722253
-13.4 249.4 2737.6 0.9982765913 0.0117734326 -0.0574908666 -0.0171762649 0.9953854680 -0.0944073573 0.0561140738 0.0952321365 0.9938722253
-14.9 56.1 2720.5 0.9983212948 0.0075289547 -0.0574273691 -0.0125656892 0.9960539341 -0.0878562033 0.0565392897 0.0884303302 0.9944764376
-149.8 251.1 2729.9 0.2206025571 -0.6817771196 -0.6975058913 0.9748249650 0.1778827757 0.1344396770 0.0324163847 -0.7096038461 0.7038547397
-208.3 -7.7 2721.3 -0.0232766941 -0.6821455359 -0.7308458686 0.9592759013 0.1906122863 -0.2084626853 0.2815100849 -0.7059351802 0.6499289274
123.0 247.7 2745.4 0.1970329434 0.6436321139 0.7395375371 -0.9755634665 0.2035251707 0.0827852637 -0.0972312391 -0.7377772331 0.6680051088
170.7 11.6 2721.8 -0.0128467670 0.6441088319 0.7648259997 -0.9520870447 0.2258571535 -0.2062009275 -0.3055572510 -0.7308298945 0.6103461385
-103.5 -136.4 2698.8 0.9986544847 -0.0249800794 -0.0454441868 0.0265640765 0.9990484118 0.0345924459 0.0445368215 -0.0357530862 0.9983677864
-93.8 -524.3 2712.7 0.9989218712 -0.0107920086 -0.0451507717 0.0118386401 0.9996658564 0.0229779873 0.0448877066 -0.0234877393 0.9987158775
75.4 -137.6 2708.1 0.9949499369 0.0730040148 -0.0688840225 -0.0680922419 0.9951390624 0.0711452812 0.0737430751 -0.0660955235 0.9950845838
47.0 -523.8 2733.8 0.9940742850 -0.0770002306 -0.0767289549 0.0739107803 0.9963662624 -0.0423259176 0.0797092468 0.0364040099 0.9961531758
-202.4 -251.2 2649.9 0 0 0 0 0 0 0 0 0
167.4 -231.5 2643.8 0 0 0 0 0 0 0 0 0
-90.6 -823.3 2719.7 0 0 0 0 0 0 0 0 0
70.4 -826.0 2722.7 0 0 0 0 0 0 0 0 0
-12.2 446.0 2756.7 8 0.9987334013 0.0070522376 -0.0498179607 -0.0119224386 0.9951001406 -0.0981504396 0.0488816835 0.0986200720 0.9939238429
-13.6 250.4 2737.3 0.9987334013 0.0070522376 -0.0498179607 -0.0119224386 0.9951001406 -0.0981504396 0.0488816835 0.0986200720 0.9939238429
-14.0 57.2 2719.4 0.9987574220 0.0021627536 -0.0497891232 -0.0067385379 0.9957435727 -0.0919200033 0.0493783988 0.0921412930 0.9945208430
-150.0 251.3 2730.5 0.2189529240 -0.6856699586 -0.6942019463 0.9747051597 0.1863863617 0.1233286783 0.0448270142 -0.7036454082 0.7091358900
-208.1 -7.3 2718.6 -0.0222062096 -0.6856151223 -0.7276254296 0.9618252516 0.1839154214 -0.2026505470 0.2727618217 -0.7043486238 0.6553578973
122.9 249.5 2744.0 0.1953676194 0.6388307214 0.7441282272 -0.9759169221 0.2017137557 0.0830523744 -0.0970444977 -0.7424330711 0.6628540158
170.6 11.3 2720.3 -0.0112826144 0.6392651796 0.7689035535 -0.9538285136 0.2239275277 -0.2001691163 -0.3001398146 -0.7356605530 0.6072228551
-105.8 -136.1 2698.2 0.9987559319 -0.0313877910 -0.0387481935 0.0328610651 0.9987376928 0.0379892588 0.0375068821 -0.0392153040 0.9985266328
-93.6 -523.9 2713.5 0.9992060661 -0.0105259148 -0.0384251177 0.0115974862 0.9995470047 0.0277717356 0.0381153896 -0.0281953197 0.9988754988
73.1 -138.4 2708.4 0.9956883788 0.0690037012 -0.0619935356 -0.0646279156 0.9954501987 0.0700151697 0.0665427819 -0.0657067820 0.9956177473
46.3 -524.8 2733.9 0.9944859743 -0.0786496922 -0.0693674833 0.0758225992 0.9962155223 -0.0424915887 0.0724469125 0.0369976647 0.9966858029
-202.5 -251.4 2649.4 0 0 0 0 0 0 0 0 0
167.7 -232.3 2643.7 0 0 0 0 0 0 0 0 0
-90.4 -823.6 2721.9 0 0 0 0 0 0 0 0 0
70.0 -824.5 2722.8 0 0 0 0 0 0 0 0 0
-11.8 444.1 2757.3 9 0.9985365868 0.0064290492 -0.0536965989 -0.0118044447 0.9948772788 -0.1003984362 0.0527760610 0.1008853763 0.9934972525
-13.1 248.9 2737.5 0.9985365868 0.0064290492 -0.0536965989 -0.0118044447 0.9948772788 -0.1003984362 0.0527760610 0.1008853763 0.9934972525
-13.6 55.7 2719.1 0.9985555410 0.0025313816 -0.0536698177 -0.0076000271 0.9955006838 -0.0944489390 0.0531892516 0.0947204009 0.9940819740
-149.5 249.9 2730.2 0.2218652964 -0.6829786301 -0.6959281564 0.9740461707 0.1880522519 0.1259776205 0.0448308289 -0.7058162093 0.7069750428
-208.1 -7.2 2718.4 -0.0228832830 -0.6828320026 -0.7302169800 0.9629949927 0.1811444908 -0.1995677203 0.2685460150 -0.7077620625 0.6534186006
123.3 247.9 2744.8 0.1962025762 0.6417352557 0.7414043546 -0.9756206870 0.2035799772 0.0819725916 -0.0983303785 -0.7394126654 0.6660330892
170.7 12.5 2721.1 -0.0131952083 0.6420477629 0.7665510774 -0.9547677636 0.2196608186 -0.2004186064 -0.2970595658 -0.7345228195 0.6101080775
-103.9 -135.5 2697.1 0.9988201857 -0.0226974636 -0.0429309495 0.0248268619 0.9984537959 0.0497357436 0.0417356938 -0.0507429056 0.9978393316
-95.1 -523.1 2716.8 0.9989144802 -0.0194163229 -0.0423416384 0.0204619598 0.9994927645 0.0244032629 0.0418463387 -0.0252431668 0.9988051057
75.1 -136.7 2705.9 0.9951832294 0.0727288425 -0.0657328069 -0.0682576299 0.9953555465 0.0678839907 0.0703646392 -0.0630702451 0.9955254793
46.8 -523.1 2730.4 0.9945560694 -0.0756975189 -0.0716112107 0.0747380480 0.9970750213 -0.0159880593 0.0726120025 0.0105489390 0.9973044991
-202.3 -251.7 2650.2 0 0 0 0 0 0 0 0 0
167.3 -231.3 2645.2 0 0 0 0 0 0 0 0 0
-89.2 -824.6 2724.4 0 0 0 0 0 0 0 0 0
70.2 -830.4 2727.1 0 0 0 0 0 0 0 0 0
-12.9 446.0 2756.1 0 0.9982161522 0.0012551438 -0.0596906245 -0.0069434233 0.9954354167 -0.0951844975 0.0592986941 0.0954291597 0.9936684370
-13.1 250.6 2737.4 0.9982161522 0.0012551438 -0.0596906245 -0.0069434233 0.9954354167 -0.0951844975 0.0592986941 0.0954291597 0.9936684370
-12.7 57.3 2719.7 0.9982148409 -0.0019978057 -0.0596920699 -0.0034674432 0.9958161712 -0.0913136452 0.0596247539 0.0913576111 0.9940315485
-149.5 251.1 2729.3 0.2200423181 -0.6789624691 -0.7004222870 0.9745906591 0.1838432401 0.1279635727 0.0418854319 -0.7107824087 0.7021637559
-208.1 -8.5 2718.1 -0.0236384477 -0.6789577603 -0.7337967157 0.9622380733 0.1836508960 -0.2009235173 0.2711810172 -0.7108366489 0.6489777565
123.3 250.1 2745.6 0.1948455274 0.6463986039 0.7377018929 -0.9763002992 0.2000466138 0.0825779289 -0.0941964984 -0.7363084555 0.6700573564
170.9 11.5 2722.5 -0.0071762535 0.6470164657 0.7624422312 -0.9504808187 0.2324898243 -0.2062394023 -0.3107003570 -0.7261667848 0.6133083105
-103.6 -136.9 2696.0 0.9984888434 -0.0243157465 -0.0492824912 0.0264222324 0.9987447858 0.0425522067 0.0481859446 -0.0437900573 0.9978780150
-94.1 -524.6 2713.0 0.9986524582 -0.0166470464 -0.0491537601 0.0184905808 0.9991333485 0.0372921005 0.0484903529 -0.0381507277 0.9980947971
75.4 -138.3 2705.5 0.9944157600 0.0765266418 -0.0726704970 -0.0716635957 0.9951542020 0.0673230290 0.0774703622 -0.0617392473 0.9950811863
45.7 -524.6 2729.5 0.9933691621 -0.0825245902 -0.0800465122 0.0800377652 0.9962186217 -0.0337989256 0.0825330764 0.0271680672 0.9962179661
-202.1 -252.8 2649.3 0 0 0 0 0 0 0 0 0
169.1 -231.2 2643.2 0 0 0 0 0 0 0 0 0
-89.2 -822.1 2724.3 0 0 0 0 0 0 0 0 0
70.3 -822.3 2721.4 0 0 0 0 0 0 0 0 0
-11.3 445.0 2755.6 1 0.9984931350 0.0074211620 -0.0543723553 -0.0125062522 0.9955134988 -0.0937892050 0.0534323901 0.0943278670 0.9941062331
-12.7 249.6 2737.0 0.9984931350 0.0074211620 -0.0543723553 -0.0125062522 0.9955134988 -0.0937892050 0.0534323901 0.0943278670 0.9941062331
-13.8 56.3 2719.7 0.9985075593 0.0054336609 -0.0543425977 -0.0102733001 0.9959625602 -0.0891794786 0.0536386259 0.0896046609 0.9945319891
-149.1 251.0 2729.7 0.2218614966 -0.6813666821 -0.6975076199 0.9739143848 0.1897871196 0.1243849993 0.0476261638 -0.7069089413 0.7056992650
-208.0 -7.3 2717.1 -0.0230004005 -0.6813012362 -0.7316417098 0.9609007835 0.1869277209 -0.2042737454 0.2759360671 -0.7077334523 0.6503635049
123.7 248.2 2744.4 0.1942905933 0.6412938833 0.7422892451 -0.9756709337 0.2046906948 0.0785364807 -0.1015747339 -0.7394888997 0.6654613018
170.6 12.6 2719.8 -0.0082295230 0.6417298317 0.7668866515 -0.9519721866 0.2297120541 -0.2024384588 -0.3060739040 -0.7317207456 0.6090185046
-101.8 -135.7 2696.6 0.9988842010 -0.0195313934 -0.0429986715 0.0214803740 0.9987406135 0.0453411900 0.0420589447 -0.0462142266 0.9980457425
-94.2 -523.4 2714.5 0.9988955855 -0.0198036991 -0.0426080637 0.0209143180 0.9994488358 0.0257800259 0.0420740396 -0.0266426727 0.9987592101
77.1 -136.3 2707.3 0.9948199391 0.0766973868 -0.0667144507 -0.0724896938 0.9953547120 0.0633582473 0.0712639540 -0.0581939369 0.9957584739
47.3 -522.8 2729.9 0.9949011803 -0.0687809065 -0.0737622231 0.0665425733 0.9972577691 -0.0323880278 0.0757876337 0.0273145586 0.9967498183
-202.1 -251.2 2647.0 0 0 0 0 0 0 0 0 0
168.5 -230.5 2641.7 0 0 0 0 0 0 0 0 0
-88.3 -819.9 2722.4 0 0 0 0 0 0 0 0 0
68.1 -823.9 2721.6 0 0 0 0 0 0 0 0 0
-12.1 445.3 2755.3 2 0.9988303781 0.0076786559 -0.0477379598 -0.0120523013 0.9956845045 -0.0920166373 0.0468253829 0.0924843624 0.9946125150
-13.6 249.5 2737.1 0.9988303781 0.0076786559 -0.0477379598 -0.0120523013 0.9956845045 -0.0920166373 0.0468253829 0.0924843624 0.9946125150
-15.0 56.1 2720.2 0.9988356829 0.0072355564 -0.0476964600 -0.0113457208 0.9961894751 -0.0864744484 0.0468890220 0.0869149119 0.9951116443
-150.1 251.0 2730.7 0.2192284614 -0.6853840947 -0.6943972707 0.9743313789 0.1911081970 0.1189789474 0.0511587225 -0.7026566267 0.7096875906
-208.1 -7.1 2717.1 -0.0241003167 -0.6852130890 -0.7279438376 0.9615327716 0.1834158897 -0.2044831067 0.2736309767 -0.7048699260 0.6544344425
122.9 247.9 2743.5 0.1960160881 0.6364779472 0.7459715009 -0.9757623076 0.2020770162 0.0839811563 -0.0972915366 -0.7443525195 0.6606615782
170.5 11.0 2719.9 -0.0083694607 0.6369248629 0.7708804607 -0.9533793926 0.2274761051 -0.1982985288 -0.3016581535 -0.7366011739 0.6053272486
-104.3 -136.1 2697.5 0.9989865422 -0.0267686900 -0.0361849666 0.0285206065 0.9984013438 0.0487994254 0.0348208211 -0.0497819856 0.9981529117
-93.9 -523.7 2716.8 0.9992269874 -0.0170828365 -0.0354057215 0.0178079270 0.9996359944 0.0202662870 0.0350466296 -0.0208811238 0.9991675019
74.6 -138.0 2707.1 0.9953203201 0.0750938654 -0.0608138703 -0.0718516633 0.9959603548 0.0538543276 0.0646123365 -0.0492327325 0.9966952205
45.5 -524.6 2726.2 0.9942204952 -0.0839909837 -0.0668668747 0.0821777508 0.9961832166 -0.0294256192 0.0690831468 0.0237605833 0.9973279238
-202.0 -251.2 2647.7 0 0 0 0 0 0 0 0 0
168.3 -232.5 2642.8 0 0 0 0 0 0 0 0 0
-88.7 -825.2 2723.1 0 0 0 0 0 0 0 0 0
70.3 -819.5 2719.1 0 0 0 0 0 0 0 0 0
-11.5 444.8 2754.6 3 0.9984148145 0.0080199968 -0.0557090864 -0.0132885957 0.9954022169 -0.0948572233 0.0546921901 0.0954471603 0.9939308763
-13.0 249.2 2735.9 0.9984148145 0.0080199968 -0.0557090864 -0.0132885957 0.9954022169 -0.0948572233 0.0546921901 0.0954471603 0.9939308763
-14.2 55.9 2718.4 0.9984304309 0.0061318423 -0.0556691065 -0.0110918656 0.9959491491 -0.0892317817 0.0548964441 0.0897092074 0.9944539666
-149.4 250.7 2728.4 0.2236206234 -0.6804072857 -0.6978823543 0.9735701084 0.1900322437 0.1266847104 0.0464229509 -0.7077667117 0.7049192786
-208.5 -6.3 2716.1 -0.0261551421 -0.6802127957 -0.7325479388 0.9620366693 0.1820157915 -0.2033609897 0.2716640234 -0.7100569010 0.6496289968
123.4 247.7 2743.4 0.1947351098 0.6447771192 0.7391486168 -0.9772203565 0.1923583895 0.0896583125 -0.0843718052 -0.7397707105 0.6675482988
170.6 10.8 2722.9 -0.0139551861 0.6456652284 0.7634930611 -0.9515873194 0.2259092927 -0.2084385157 -0.3070616722 -0.7294390798 0.6112542152
-105.9 -136.3 2699.1 0.9984889030 -0.0330482200 -0.0439061001 0.0345962644 0.9987890720 0.0349789113 0.0426969416 -0.0364450440 0.9984230995
-93.1 -524.0 2713.3 0.9989998341 -0.0082350215 -0.0439494401 0.0098339515 0.9992929101 0.0362898111 0.0436195172 -0.0366857126 0.9983744025
73.1 -138.3 2707.5 0.9948454499 0.0747531205 -0.0685160980 -0.0710048378 0.9959250093 0.0556024425 0.0723933578 -0.0504508652 0.9960993528
44.1 -525.0 2727.1 0.9924353957 -0.0973492116 -0.0748002082 0.0951958746 0.9949491620 -0.0318416469 0.0775221661 0.0244801082 0.9966900349
-201.8 -250.5 2647.1 0 0 0 0 0 0 0 0 0
167.0 -232.2 2644.5 0 0 0 0 0 0 0 0 0
-90.6 -825.0 2724.3 0 0 0 0 0 0 0 0 0
72.3 -813.2 2720.0 0 0 0 0 0 0 0 0 0
-11.9 443.9 2754.8 4 0.9986136556 0.0093885781 -0.0517943911 -0.0143134119 0.9953218102 -0.0955491886 0.0506550148 0.0961580724 0.9940763116
-13.8 248.6 2735.9 0.9986136556 0.0093885781 -0.0517943911 -0.0143134119 0.9953218102 -0.0955491886 0.0506550148 0.0961580724 0.9940763116
-15.3 55.2 2718.6 0.9986316562 0.0076153930 -0.0517377779 -0.0122018587 0.9959640503 -0.0889196396 0.0508518107 0.0894292668 0.9946941733
-150.2 250.2 2729.0 0.2195755094 -0.6838069558 -0.6958409548 0.9745123982 0.1873319596 0.1234192401 0.0459583029 -0.7052054405 0.7075119019
-208.2 -7.0 2716.8 -0.0248192511 -0.6837278008 -0.7293149829 0.9612201452 0.1841178536 -0.2053204179 0.2746631801 -0.7061281204 0.6526432633
122.6 246.9 2742.9 0.1974288821 0.6401291490 0.7424665093 -0.9758256078 0.2007445544 0.0864062086 -0.0937349796 -0.7415769100 0.6642871499
170.5 10.5 2720.2 -0.0141339311 0.6405241489 0.7678079605 -0.9548216462 0.2193182409 -0.2005371302 -0.2968431711 -0.7359540462 0.6084864736
-104.9 -136.4 2696.1 0.9986273646 -0.0333977453 -0.0403487943 0.0354564898 0.9980467558 0.0514341630 0.0385521986 -0.0527941883 0.9978609681
