-9.3 438.1 2719.0 4 0.9965440631 0.0166411828 -0.0813821033 -0.0212420020 0.9982048869 -0.0559985563 0.0803041235 0.0575337484 0.9951086044
-12.6 241.9 2707.7 0.9965440631 0.0166411828 -0.0813821033 -0.0212420020 0.9982048869 -0.0559985563 0.0803041235 0.0575337484 0.9951086044
-15.0 48.1 2697.6 0.9966111183 0.0124842664 -0.0813046470 -0.0166440811 0.9985758066 -0.0506882332 0.0805560499 0.0518696979 0.9953995347
-148.7 244.2 2696.7 0.2208505869 -0.6602478623 -0.7178424597 0.9752689004 0.1560642421 0.1565073431 0.0086959088 -0.7346541882 0.6783860326
-206.6 -11.7 2694.4 -0.0168787315 -0.6615408063 -0.7497192025 0.9608743787 0.1966016293 -0.1951108426 0.2764697969 -0.7236791849 0.6323392391
123.6 239.7 2718.7 0.1882640123 0.6562124491 0.7307132483 -0.9776564240 0.1960608214 0.0758162737 -0.0935126543 -0.7286599874 0.6784614921
169.1 3.2 2696.0 -0.0172088370 0.6559992433 0.7545653582 -0.9684666395 0.1766652465 -0.1756752431 -0.2485482991 -0.7337945104 0.6322731972
-109.0 -142.3 2677.8 0.9969619513 -0.0375047773 -0.0682657734 0.0389287770 0.9990487695 0.0196498036 0.0674638748 -0.0222476106 0.9974736571
-94.4 -530.1 2686.4 0.9974368215 -0.0098102400 -0.0708772242 0.0164870806 0.9954128265 0.0942415819 0.0696275607 -0.0951685831 0.9930231571
69.5 -146.1 2692.2 0.9940616488 0.0492861792 -0.0970172286 -0.0447244495 0.9978142381 0.0486469343 0.0992027894 -0.0440190099 0.9940931201
50.4 -533.4 2709.3 0.9929650426 -0.0659049824 -0.0983717889 0.0682262629 0.9974609017 0.0204189196 0.0967763066 -0.0269868113 0.9949402213
-202.4 -255.6 2624.2 0 0 0 0 0 0 0 0 0
164.7 -244.1 2632.6 0 0 0 0 0 0 0 0 0
-91.6 -816.5 2713.8 0 0 0 0 0 0 0 0 0
70.0 -830.4 2717.3 0 0 0 0 0 0 0 0 0
-12.5 437.9 2720.5 5 0.9969305992 0.0097586829 -0.0776799172 -0.0145410737 0.9980171323 -0.0612398833 0.0769282654 0.0621814616 0.9950957298
-14.4 241.8 2708.3 0.9969305992 0.0097586829 -0.0776799172 -0.0145410737 0.9980171323 -0.0612398833 0.0769282654 0.0621814616 0.9950957298
-15.6 48.0 2697.4 0.9969626665 0.0062429220 -0.0776300654 -0.0105363354 0.9984296560 -0.0550201200 0.0771646723 0.0556709431 0.9954628944
-150.6 243.2 2697.7 0.2119623572 -0.6640180945 -0.7170438766 0.9772014618 0.1531792581 0.1470148861 0.0122157047 -0.7318579555 0.6813477278
-206.5 -14.8 2694.5 -0.0248547513 -0.6653420329 -0.7461248040 0.9617022872 0.1878799349 -0.1995742321 0.2729670107 -0.7225102782 0.6351912022
121.8 240.4 2718.8 0.1939553022 0.6535988450 0.7315667868 -0.9768268466 0.1974684596 0.0825564861 -0.0905025452 -0.7306262851 0.6767529249
169.2 1.6 2696.7 -0.0180551317 0.6534067392 0.7567916512 -0.9660886526 0.1835958958 -0.1815633774 -0.2575785816 -0.7344059944 0.6279339790
-106.7 -144.2 2680.3 0.9972631335 -0.0353359953 -0.0649427399 0.0362553038 0.9992575645 0.0130317342 0.0644340366 -0.0153505867 0.9978038669
-93.0 -532.1 2686.3 0.9976771474 -0.0071721585 -0.0677409396 0.0138691971 0.9949991107 0.0989164039 0.0666927248 -0.0996261463 0.9927873611
71.8 -147.2 2694.7 0.9937509298 0.0601525865 -0.0940252393 -0.0562683679 0.9974705577 0.0434318781 0.0963999480 -0.0378698222 0.9946219921
48.5 -534.4 2709.4 0.9927097559 -0.0736142769 -0.0954371020 0.0758078545 0.9969305396 0.0195613205 0.0937041715 -0.0266535971 0.9952432513
-200.2 -258.9 2625.2 0 0 0 0 0 0 0 0 0
164.6 -245.1 2630.9 0 0 0 0 0 0 0 0 0
-90.9 -817.3 2714.8 0 0 0 0 0 0 0 0 0
70.5 -832.1 2717.4 0 0 0 0 0 0 0 0 0
-10.4 438.4 2718.7 6 0.9970524311 0.0171018969 -0.0747930706 -0.0213701986 0.9981656075 -0.0566453859 0.0736871287 0.0580767617 0.9955888987
-13.8 242.4 2707.3 0.9970524311 0.0171018969 -0.0747930706 -0.0213701986 0.9981656075 -0.0566453859 0.0736871287 0.0580767617 0.9955888987
-16.5 48.6 2697.2 0.9971053004 0.0141533911 -0.0747044533 -0.0179935023 0.9985373616 -0.0509839319 0.0738735870 0.0521805435 0.9959015250
-150.0 244.9 2697.2 0.2133554667 -0.6638109684 -0.7168225050 0.9766981006 0.1623798907 0.1403336674 0.0232425313 -0.7300601006 0.6829875708
-207.5 -18.2 2691.0 -0.0307133030 -0.6642966270 -0.7468377948 0.9647524953 0.1756760776 -0.1959351450 0.2613605857 -0.7265313864 0.6354862452
122.5 240.0 2717.4 0.1927373111 0.6520912647 0.7332320809 -0.9775144458 0.1927399039 0.0855384022 -0.0855442286 -0.7332313657 0.6745768189
169.2 2.9 2696.7 -0.0176425595 0.6518956423 0.7581034303 -0.9683411121 0.1776909083 -0.1753322184 -0.2490064055 -0.7371960282 0.6281224489
-106.1 -144.9 2679.7 0.9974942803 -0.0345933028 -0.0617125034 0.0361527503 0.9990499616 0.0243341718 0.0608120747 -0.0265042726 0.9977973104
-92.7 -532.7 2690.0 0.9979304075 -0.0098354481 -0.0635469481 0.0149207637 0.9966789484 0.0800526068 0.0625485554 -0.0808350965 0.9947629571
72.5 -146.7 2693.6 0.9941119552 0.0597867370 -0.0903711244 -0.0556983501 0.9973357916 0.0471063815 0.0929467008 -0.0417954959 0.9947934747
49.3 -533.9 2709.8 0.9936151505 -0.0664136410 -0.0912038609 0.0696760044 0.9970216751 0.0330609903 0.0887365267 -0.0392046236 0.9952833056
-199.7 -263.0 2624.6 0 0 0 0 0 0 0 0 0
164.7 -244.3 2633.1 0 0 0 0 0 0 0 0 0
-89.9 -816.2 2713.0 0 0 0 0 0 0 0 0 0
69.2 -832.7 2721.5 0 0 0 0 0 0 0 0 0
-10.7 440.0 2717.3 7 0.9968847632 0.0157575272 -0.0772820711 -0.0200066548 0.9983122349 -0.0545197167 0.0762925372 0.0558960289 0.9955174923
-13.8 243.9 2706.4 0.9968847632 0.0157575272 -0.0772820711 -0.0200066548 0.9983122349 -0.0545197167 0.0762925372 0.0558960289 0.9955174923
-16.3 50.1 2696.8 0.9969361424 0.0126200188 -0.0771952420 -0.0163907465 0.9986930490 -0.0484097488 0.0764834210 0.0495267175 0.9958400130
-150.0 246.1 2695.9 0.2131855637 -0.6638129950 -0.7168711424 0.9769668579 0.1518693268 0.1499047726 0.0093620094 -0.7323169112 0.6808996201
-207.1 -15.6 2693.4 -0.0304380748 -0.6649869084 -0.7462345362 0.9631473422 0.1801004708 -0.1997774094 0.2672465444 -0.7248146534 0.6349984407
122.4 241.7 2716.8 0.1913122088 0.6551272273 0.7308953404 -0.9786337018 0.1844713241 0.0908097029 -0.0753373206 -0.7326518297 0.6764211655
169.3 1.6 2698.3 -0.0184554849 0.6551237106 0.7552961707 -0.9656021595 0.1842878610 -0.1834406257 -0.2593682110 -0.7327011228 0.6291877627
-108.6 -143.6 2680.4 0.9972429276 -0.0369790383 -0.0643359870 0.0388160050 0.9988667965 0.0275406204 0.0632446557 -0.0299619548 0.9975481629
-94.2 -531.4 2692.1 0.9977136850 -0.0157667659 -0.0657179728 0.0201222617 0.9976068139 0.0661496967 0.0645177290 -0.0673208535 0.9956431985
70.1 -146.8 2693.7 0.9940439463 0.0566055588 -0.0931261852 -0.0523612648 0.9975023270 0.0474064089 0.0955770537 -0.0422478504 0.9945250750
48.1 -534.1 2710.1 0.9929767847 -0.0718207657 -0.0940151885 0.0750735328 0.9966794848 0.0315266959 0.0914387405 -0.0383633301 0.9950714707
-199.4 -260.1 2625.6 0 0 0 0 0 0 0 0 0
164.6 -245.0 2632.1 0 0 0 0 0 0 0 0 0
-89.7 -818.0 2711.4 0 0 0 0 0 0 0 0 0
69.5 -831.2 2721.5 0 0 0 0 0 0 0 0 0
-9.8 439.3 2716.2 8 0.9971162081 0.0126419161 -0.0748296678 -0.0164086800 0.9986174703 -0.0499390364 0.0740948841 0.0510228798 0.9959450960
-12.3 243.3 2706.1 0.9971162081 0.0126419161 -0.0748296678 -0.0164086800 0.9986174703 -0.0499390364 0.0740948841 0.0510228798 0.9959450960
-14.2 49.4 2697.3 0.9971513748 0.0099410592 -0.0747686997 -0.0132988505 0.9989188313 -0.0445461310 0.0742450207 0.0454135723 0.9962054491
-148.5 245.1 2696.0 0.2200095206 -0.6645336151 -0.7141364813 0.9754870534 0.1532984525 0.1578752398 0.0045626168 -0.7313649058 0.6819710732
-206.9 -13.9 2694.8 -0.0271074008 -0.6656438112 -0.7457771301 0.9631867409 0.1822221130 -0.1976522356 0.2674630880 -0.7236804366 0.6361997128
124.0 241.5 2716.3 0.1876349896 0.6543428302 0.7325493693 -0.9799125195 0.1760002375 0.0937839597 -0.0675619990 -0.7354314327 0.6742225289
169.5 3.9 2699.9 -0.0187013503 0.6546139121 0.7557319999 -0.9644144773 0.1875703931 -0.1863386035 -0.2637327909 -0.7323236465 0.6278113127
-108.0 -142.3 2680.3 0.9975424409 -0.0330087133 -0.0618018098 0.0344728120 0.9991461039 0.0227754824 0.0609972477 -0.0248499922 0.9978285432
-95.2 -530.2 2689.9 0.9977723360 -0.0209783241 -0.0633270293 0.0254782289 0.9971431494 0.0711083263 0.0616543815 -0.0725633800 0.9954563379
70.6 -145.3 2694.0 0.9940199852 0.0594787821 -0.0915782154 -0.0559616461 0.9976108074 0.0405083522 0.0937688053 -0.0351412408 0.9949735999
47.5 -532.6 2707.6 0.9926230907 -0.0780267715 -0.0927967206 0.0801826119 0.9965849519 0.0197291821 0.0909404084 -0.0270243250 0.9954895973
-200.0 -258.3 2626.9 0 0 0 0 0 0 0 0 0
164.7 -242.3 2632.6 0 0 0 0 0 0 0 0 0
-89.1 -820.2 2711.0 0 0 0 0 0 0 0 0 0
70.6 -826.9 2715.6 0 0 0 0 0 0 0 0 0
-9.1 438.7 2705.6 9 0.9960150123 0.0117269652 -0.0884111896 -0.0136958100 0.9996708035 -0.0216955356 0.0881276578 0.0228199437 0.9958477616
-11.4 241.3 2701.1 0.9960150123 0.0117269652 -0.0884111896 -0.0136958100 0.9996708035 -0.0216955356 0.0881276578 0.0228199437 0.9958477616
-12.8 47.3 2696.4 0.9960575104 0.0070736068 -0.0884271264 -0.0091759218 0.9996842742 -0.0233906992 0.0882337540 0.0241098832 0.9958079457
-147.5 242.6 2689.0 0.2249174863 -0.6552796960 -0.7211245298 0.9740950465 0.1333868504 0.1826110482 -0.0234727841 -0.7435162663 0.6683057547
-206.8 -14.0 2695.2 -0.0258898195 -0.6579670310 -0.7526015043 0.9611299634 0.1906302273 -0.1997230649 0.2748798132 -0.7285186648 0.6274564862
124.6 240.1 2713.1 0.1850565970 0.6622387767 0.7260811329 -0.9807502627 0.1713038683 0.0937226266 -0.0623137429 -0.7294482589 0.6811918020
169.3 3.4 2698.1 -0.0130534275 0.6625756025 0.7488812804 -0.9647648931 0.1884860396 -0.1835801452 -0.2627893984 -0.7248907685 0.6367692947
-105.5 -143.4 2681.9 0.9968314171 -0.0267078709 -0.0749255046 0.0283532627 0.9993777275 0.0209831186 0.0743184686 -0.0230410136 0.9969683290
-95.1 -531.3 2690.8 0.9969367981 -0.0175957177 -0.0762065798 0.0231513474 0.9970892072 0.0726437271 0.0747065395 -0.0741854832 0.9944422841
73.2 -145.7 2695.2 0.9923114181 0.0637626797 -0.1060773581 -0.0586545579 0.9969951510 0.0505997986 0.1089849845 -0.0439888351 0.9930695891
48.5 -532.8 2712.2 0.9908041954 -0.0798972026 -0.1091949716 0.0803365111 0.9967676997 -0.0003773173 0.1088721752 -0.0083984956 0.9940202832
-200.2 -258.0 2625.4 0 0 0 0 0 0 0 0 0
166.0 -243.0 2631.0 0 0 0 0 0 0 0 0 0
-90.1 -815.0 2711.9 0 0 0 0 0 0 0 0 0
71.9 -824.6 2714.7 0 0 0 0 0 0 0 0 0
-9.9 440.4 2709.8 0 0.9977674484 0.0090442616 -0.0661685020 -0.0114017511 0.9993103743 -0.0353381373 0.0658032671 0.0360136814 0.9971824884
-11.7 243.4 2702.7 0.9977674484 0.0090442616 -0.0661685020 -0.0114017511 0.9993103743 -0.0353381373 0.0658032671 0.0360136814 0.9971824884
-12.8 49.4 2696.0 0.9977934361 0.0056064506 -0.0661574900 -0.0078588510 0.9993965030 -0.0338350646 0.0659278706 0.0342803299 0.9972353578
-148.0 244.5 2693.7 0.2238785028 -0.6688326597 -0.7089014649 0.9746168852 0.1532233804 0.1632313877 -0.0005542103 -0.7274513245 0.6861590743
-208.3 -18.1 2693.8 -0.0358448811 -0.6701177955 -0.7413887382 0.9609681964 0.1805320978 -0.2096384168 0.2743268907 -0.7199654579 0.6374907494
124.6 242.4 2711.7 0.1821719259 0.6481174231 0.7394303083 -0.9814014435 0.1661487371 0.0961549729 -0.0605357029 -0.7431947589 0.6663309932
169.3 1.3 2696.8 -0.0161274243 0.6486211419 0.7609405518 -0.9656898379 0.1871804148 -0.1800183356 -0.2591968477 -0.7377358079 0.6233481169
-103.5 -145.9 2683.8 0.9983758926 -0.0211962573 -0.0528797098 0.0221122224 0.9996143579 0.0167971030 0.0525032803 -0.0179391112 0.9984596372
-95.3 -534.0 2690.8 0.9983697534 -0.0183391180 -0.0540513583 0.0224509351 0.9968187213 0.0764746591 0.0524769276 -0.0775634870 0.9956054091
75.0 -147.5 2699.6 0.9939948320 0.0693374276 -0.0846560523 -0.0669892132 0.9972943068 0.0302742105 0.0865261331 -0.0244213659 0.9959502220
48.1 -534.6 2709.1 0.9936501384 -0.0732381642 -0.0854139701 0.0751428381 0.9969860315 0.0192974024 0.0837432295 -0.0255931150 0.9961586595
-199.2 -262.1 2624.2 0 0 0 0 0 0 0 0 0
165.2 -245.3 2630.6 0 0 0 0 0 0 0 0 0
-90.0 -817.2 2712.8 0 0 0 0 0 0 0 0 0
70.0 -833.8 2716.8 0 0 0 0 0 0 0 0 0
-11.0 426.0 2704.4 1 0.9980118275 0.0061040353 -0.0627307147 -0.0078483885 0.9995883107 -0.0275983289 0.0625364259 0.0280357935 0.9976488352
-12.2 229.8 2698.9 0.9980118275 0.0061040353 -0.0627307147 -0.0078483885 0.9995883107 -0.0275983289 0.0625364259 0.0280357935 0.9976488352
-13.0 35.8 2694.1 0.9980227351 0.0041897506 -0.0627138689 -0.0057254168 0.9996876717 -0.0243272223 0.0625923574 0.0246381834 0.9977350235
-148.5 230.6 2690.3 0.2359757870 -0.6688639522 -0.7049372196 0.9717272520 0.1565570086 0.1767373830 -0.0078504048 -0.7267124057 0.6868969798
-208.8 -17.8 2692.3 -0.0502469167 -0.6695921421 -0.7410273552 0.9610933065 0.1693660468 -0.2182080746 0.2716152966 -0.7231607437 0.6350304484
124.2 229.0 2707.4 0.1957089603 0.6445310712 0.7391059995 -0.9795669913 0.1640910655 0.1162867770 -0.0463302545 -0.7467622161 0.6634754539
169.2 3.6 2696.8 -0.0141878175 0.6450650096 0.7639960051 -0.9662921429 0.1875845641 -0.1763278991 -0.2570568025 -0.7407450080 0.6206598282
-103.3 -143.9 2683.5 0.9985940456 -0.0197707396 -0.0491839834 0.0203368180 0.9997322559 0.0110356919 0.0489526354 -0.0120204212 0.9987287521
-95.7 -532.0 2688.1 0.9984782934 -0.0219890997 -0.0505729131 0.0264242273 0.9957014322 0.0887715966 0.0484035164 -0.0899728611 0.9947673082
75.4 -145.2 2695.3 0.9941090345 0.0715511516 -0.0814107284 -0.0686102882 0.9969054461 0.0383686945 0.0839041248 -0.0325570479 0.9959418178
47.6 -532.2 2707.9 0.9938483238 -0.0744259283 -0.0820138380 0.0770994052 0.9965742826 0.0299236886 0.0795057788 -0.0360628255 0.9961818457
-196.1 -261.7 2623.4 0 0 0 0 0 0 0 0 0
165.6 -243.2 2631.1 0 0 0 0 0 0 0 0 0
-89.3 -818.8 2714.0 0 0 0 0 0 0 0 0 0
70.0 -831.6 2718.7 0 0 0 0 0 0 0 0 0
-11.2 431.8 2710.2 2 0.9987917542 0.0068191993 -0.0486676581 -0.0088018915 0.9991350174 -0.0406420976 0.0483484119 0.0410213582 0.9979878068
-12.6 235.1 2702.1 0.9987917542 0.0068191993 -0.0486676581 -0.0088018915 0.9991350174 -0.0406420976 0.0483484119 0.0410213582 0.9979878068
-13.6 41.1 2695.4 0.9988046288 0.0049628997 -0.0486284085 -0.0066204467 0.9994004369 -0.0339844190 0.0484305881 0.0342657380 0.9982386231
-149.0 236.0 2695.5 0.2216880620 -0.6771197915 -0.7016859651 0.9748172760 0.1717521399 0.1422410905 0.0242018066 -0.7155486941 0.6981434822
-209.8 -31.4 2688.8 -0.0535947345 -0.6769126058 -0.7341095805 0.9597910047 0.1679475009 -0.2249330580 0.2755518854 -0.7166470289 0.6406935453
123.9 234.2 2708.7 0.1824771911 0.6365194321 0.7493631244 -0.9818536043 0.1579920650 0.1048902348 -0.0516287535 -0.7549049854 0.6537988782
169.1 -9.3 2695.9 -0.0175371487 0.6374565959 0.7702866793 -0.9652087092 0.1902297884 -0.1794010550 -0.2608918548 -0.7466335893 0.6119425893
-103.2 -157.8 2683.7 0.9991566539 -0.0210862998 -0.0352321565 0.0214266628 0.9997270703 0.0093110679 0.0350262038 -0.0100581227 0.9993357658
-95.1 -545.9 2687.6 0.9991427660 -0.0186511539 -0.0369582213 0.0221853480 0.9949736595 0.0976487100 0.0349511951 -0.0983849317 0.9945344925
75.6 -158.8 2694.9 0.9956474900 0.0657686144 -0.0660341382 -0.0627053306 0.9969040155 0.0474389642 0.0689496920 -0.0430917963 0.9966890216
50.0 -545.8 2711.6 0.9947978854 -0.0755460858 -0.0683366582 0.0765285715 0.9969967008 0.0118716583 0.0672345608 -0.0170396082 0.9975916743
-196.2 -275.0 2618.9 0 0 0 0 0 0 0 0 0
164.6 -255.7 2629.3 0 0 0 0 0 0 0 0 0
-90.0 -815.2 2714.2 0 0 0 0 0 0 0 0 0
71.1 -823.2 2716.4 0 0 0 0 0 0 0 0 0
-12.6 433.3 2702.6 3 0.9971878529 0.0038681380 -0.0748426691 -0.0051674102 0.9998391867 -0.0171742011 0.0747641996 0.0175126474 0.9970474243
-13.4 236.0 2699.1 0.9971878529 0.0038681380 -0.0748426691 -0.0051674102 0.9998391867 -0.0171742011 0.0747641996 0.0175126474 0.9970474243
-13.6 41.9 2695.7 0.9971951246 0.0006124264 -0.0748431236 -0.0019182006 0.9998471737 -0.0173761789 0.0748210400 0.0174710061 0.9970439076
-149.6 236.2 2688.9 0.2187066078 -0.6621483564 -0.7167474627 0.9757426381 0.1411131620 0.1673720628 -0.0096826358 -0.7359664440 0.6769487858
-208.2 -25.1 2691.5 -0.0561247952 -0.6643739343 -0.7452901006 0.9585540891 0.1729827225 -0.2263868451 0.2793278098 -0.7271067500 0.6271297336
122.8 235.7 2709.3 0.1889915317 0.6520144343 0.7342747450 -0.9804612994 0.1668457240 0.1042022258 -0.0545692481 -0.7396213412 0.6708073616
169.2 -5.2 2695.9 -0.0305320825 0.6523573399 0.7572963238 -0.9655479789 0.1766393632 -0.1910905540 -0.2584276795 -0.7370403409 0.6244891286
-104.0 -152.3 2684.5 0.9979167581 -0.0200953744 -0.0613048896 0.0208283272 0.9997187257 0.0113402726 0.0610597618 -0.0125935264 0.9980546832
-96.2 -540.4 2689.3 0.9977367520 -0.0244313646 -0.0626458824 0.0298277903 0.9957872033 0.0867070705 0.0602635965 -0.0883794203 0.9942622185
74.9 -153.4 2693.1 0.9936802983 0.0640722737 -0.0921638682 -0.0578261986 0.9959450364 0.0689175650 0.0962058529 -0.0631525442 0.9933560491
50.0 -540.0 2717.6 0.9923288226 -0.0756590813 -0.0977711082 0.0735632479 0.9969803691 -0.0248712096 0.0993576124 0.0174880587 0.9948980808
-193.9 -268.4 2620.6 0 0 0 0 0 0 0 0 0
161.4 -251.7 2629.9 0 0 0 0 0 0 0 0 0
-89.4 -819.4 2714.1 0 0 0 0 0 0 0 0 0
71.5 -822.3 2712.7 0 0 0 0 0 0 0 0 0
-11.7 434.7 2698.8 4 0.9972382188 0.0048666229 -0.0741099045 -0.0056070560 0.9999364018 -0.0097862324 0.0740575641 0.0101747429 0.9972020388
-12.7 237.7 2696.8 0.9972382188 0.0048666229 -0.0741099045 -0.0056070560 0.9999364018 -0.0097862324 0.0740575641 0.0101747429 0.9972020388
-13.2 43.6 2695.1 0.9972475767 0.0024207686 -0.0741040856 -0.0030357910 0.9999618530 -0.0081879292 0.0740814358 0.0083903568 0.9972168803
-148.9 238.1 2686.6 0.2188877463 -0.6633705497 -0.7155610919 0.9754820466 0.1315851659 0.1764089018 -0.0228672437 -0.7366307378 0.6759084463
-207.6 -23.5 2692.8 -0.0467634387 -0.6665830016 -0.7439625859 0.9583154321 0.1802145988 -0.2217075378 0.2818593979 -0.7233186364 0.6303693056
123.5 237.3 2706.9 0.1866764128 0.6530431509 0.7339527011 -0.9817256927 0.1521134079 0.1143512577 -0.0369677320 -0.7418868542 0.6695052385
169.3 -3.6 2697.8 -0.0243052132 0.6538968086 0.7561932206 -0.9667214751 0.1773233265 -0.1844072640 -0.2546740174 -0.7355102897 0.6278262138
-103.1 -152.0 2685.7 0.9980273843 -0.0179090276 -0.0601712652 0.0180389620 0.9998359680 0.0016168458 0.0601324402 -0.0026990834 0.9981867671
-96.1 -540.1 2686.7 0.9977484941 -0.0263385959 -0.0616787374 0.0326184779 0.9941328168 0.1031307578 0.0586005375 -0.1049104258 0.9927536249
75.5 -152.3 2699.0 0.9932684302 0.0686270148 -0.0933176577 -0.0643788278 0.9967800975 0.0477999672 0.0962975472 -0.0414705165 0.9944882989
48.9 -539.1 2715.1 0.9915715456 -0.0850787163 -0.0977110639 0.0835963711 0.9963152409 -0.0191732347 0.0989822522 0.0108433450 0.9950301051
-195.7 -266.7 2621.2 0 0 0 0 0 0 0 0 0
163.1 -250.4 2632.8 0 0 0 0 0 0 0 0 0
-88.7 -819.5 2716.2 0 0 0 0 0 0 0 0 0
73.3 -824.7 2712.0 0 0 0 0 0 0 0 0 0
-11.7 436.0 2696.9 5 0.9971981049 0.0071075954 -0.0744677559 -0.0074011330 0.9999659061 -0.0036665848 0.0744391605 0.0042074574 0.9972167015
-13.1 238.8 2696.0 0.9971981049 0.0071075954 -0.0744677559 -0.0074011330 0.9999659061 -0.0036665848 0.0744391605 0.0042074574 0.9972167015
-14.1 44.7 2695.5 0.9972121716 0.0048428178 -0.0744607672 -0.0050426950 0.9999841452 -0.0024965557 0.0744474977 0.0028650786 0.9972208142
-149.4 239.5 2685.9 0.2154974639 -0.6632020473 -0.7167453766 0.9761777520 0.1273251176 0.1756852120 -0.0252550971 -0.7375305891 0.6748412848
-207.0 -21.5 2692.6 -0.0400690101 -0.6664047241 -0.7445127368 0.9602622986 0.1802886426 -0.2130547315 0.2762078643 -0.7234644294 0.6326993704
123.1 238.2 2706.2 0.1880622804 0.6535268426 0.7331679463 -0.9817284346 0.1471347362 0.1206675768 -0.0290149748 -0.7424648404 0.6692563295
169.2 -2.6 2699.1 -0.0216183439 0.6548476219 0.7554516792 -0.9647821784 0.1844774336 -0.1875190735 -0.2621602118 -0.7329002023 0.6277972460
-103.0 -150.3 2686.9 0.9980015159 -0.0182821788 -0.0604874752 0.0186951719 0.9998055696 0.0062688403 0.0603611059 -0.0073871356 0.9981492758
-95.9 -538.4 2689.8 0.9977968335 -0.0246304590 -0.0616017729 0.0292366948 0.9967527986 0.0750271082 0.0595537871 -0.0766628459 0.9952769279
75.6 -150.8 2700.2 0.9928436875 0.0732422322 -0.0943235680 -0.0694711506 0.9966711402 0.0426661074 0.0971345380 -0.0358080082 0.9946268797
47.2 -537.6 2714.1 0.9912621379 -0.0874133036 -0.0987839103 0.0857764035 0.9960992336 -0.0207060166 0.1002085581 0.0120517612 0.9948934913
-196.8 -265.3 2622.5 0 0 0 0 0 0 0 0 0
163.7 -249.0 2632.1 0 0 0 0 0 0 0 0 0
-89.1 -813.1 2710.9 0 0 0 0 0 0 0 0 0
72.4 -824.6 2710.6 0 0 0 0 0 0 0 0 0
-13.0 435.1 2696.9 6 0.9971546531 0.0034949530 -0.0753018335 -0.0039773635 0.9999725223 -0.0062573412 0.0752778947 0.0065390398 0.9971411824
-13.7 237.2 2695.6 0.9971546531 0.0034949530 -0.0753018335 -0.0039773635 0.9999725223 -0.0062573412 0.0752778947 0.0065390398 0.9971411824
-14.3 43.1 2694.9 0.9971568584 0.0030457885 -0.0752920508 -0.0033010291 0.9999892116 -0.0032657909 0.0752812922 0.0035050472 0.9971562028
-149.9 237.7 2685.3 0.2148642987 -0.6632831693 -0.7168603539 0.9762284160 0.1244539171 0.1774522066 -0.0284849908 -0.7379475832 0.6742566228
-206.7 -20.3 2692.9 -0.0371338315 -0.6668902636 -0.7442300916 0.9594064951 0.1845611632 -0.2132519037 0.2795715928 -0.7219380736 0.6329653859
122.6 236.8 2705.9 0.1924357265 0.6533535123 0.7321869135 -0.9808251262 0.1515023559 0.1225932837 -0.0308312867 -0.7417386770 0.6699799895
169.3 -1.4 2698.4 -0.0211995374 0.6546071768 0.7556719184 -0.9637331367 0.1877374649 -0.1896656305 -0.2660244107 -0.7322868705 0.6268867254
-104.4 -148.9 2688.3 0.9978918433 -0.0218394101 -0.0611134470 0.0215702616 0.9997545481 -0.0050604497 0.0612089597 0.0037315486 0.9981179833
-95.9 -537.0 2686.8 0.9977074862 -0.0250026193 -0.0628862381 0.0305189677 0.9956220984 0.0883475170 0.0604020096 -0.0900641978 0.9941026568
74.3 -149.8 2701.6 0.9930113554 0.0687414333 -0.0959328786 -0.0659554526 0.9973118901 0.0319196507 0.0978692025 -0.0253692772 0.9948759079
47.6 -536.9 2711.4 0.9915727973 -0.0845621675 -0.0981460810 0.0848777220 0.9963909388 -0.0009632165 0.0978733152 -0.0073753172 0.9951715469
-197.3 -263.8 2621.9 0 0 0 0 0 0 0 0 0
163.9 -247.5 2630.5 0 0 0 0 0 0 0 0 0
-88.8 -818.5 2712.3 0 0 0 0 0 0 0 0 0
72.2 -827.0 2713.6 0 0 0 0 0 0 0 0 0
-12.5 436.4 2696.9 7 0.9969287515 0.0053132540 -0.0781331658 -0.0057486026 0.9999691844 -0.0053480137 0.0781023428 0.0057807453 0.9969285727
-13.5 238.9 2695.8 0.9969287515 0.0053132540 -0.0781331658 -0.0057486026 0.9999691844 -0.0053480137 0.0781023428 0.0057807453 0.9969285727
-14.3 44.8 2695.3 0.9969366193 0.0038208561 -0.0781202987 -0.0040308707 0.9999886751 -0.0025308402 0.0781097412 0.0028379802 0.9969407320
-149.7 239.5 2685.1 0.2165266275 -0.6593257785 -0.7200040221 0.9761068225 0.1324464530 0.1722598076 -0.0182133522 -0.7400996089 0.6722505689
-208.1 -23.6 2690.0 -0.0410085581 -0.6619260311 -0.7484465241 0.9616945386 0.1770508587 -0.2092765123 0.2710386813 -0.7283590436 0.6293100715
122.7 238.4 2706.5 0.1902194321 0.6563336253 0.7300977707 -0.9814058542 0.1465737224 0.1239302605 -0.0256735459 -0.7400961518 0.6720108390
169.4 -2.5 2700.2 -0.0208604261 0.6580305696 0.7527022362 -0.9620013833 0.1917989105 -0.1943362057 -0.2722466290 -0.7281544805 0.6290252805
-104.2 -150.7 2687.5 0.9976992607 -0.0226465631 -0.0639006570 0.0222824719 0.9997311831 -0.0064047854 0.0640285313 0.0049661850 0.9979357123
-95.4 -538.8 2685.6 0.9976157546 -0.0201168265 -0.0660156384 0.0269528180 0.9941750765 0.1043526754 0.0635318533 -0.1058831885 0.9923469424
74.5 -151.3 2701.0 0.9928190708 0.0665195584 -0.0994258076 -0.0645979345 0.9976593256 0.0224267729 0.1006849036 -0.0158430263 0.9947922230
48.7 -538.6 2707.2 0.9915567636 -0.0822717026 -0.1002326384 0.0837090388 0.9964379072 0.0102124866 0.0990354046 -0.0185166374 0.9949116111
-197.7 -267.7 2621.2 0 0 0 0 0 0 0 0 0
164.0 -248.1 2630.7 0 0 0 0 0 0 0 0 0
-89.7 -821.3 2715.7 0 0 0 0 0 0 0 0 0
72.5 -827.1 2712.5 0 0 0 0 0 0 0 0 0
-12.7 435.9 2696.5 8 0.9967166781 0.0053444677 -0.0807920024 -0.0056580394 0.9999773502 -0.0036527857 0.0807706490 0.0040979167 0.9967243075
-13.8 238.4 2695.6 0.9967166781 0.0053444677 -0.0807920024 -0.0056580394 0.9999773502 -0.0036527857 0.0807706490 0.0040979167 0.9967243075
-14.4 44.3 2694.9 0.9967253804 0.0033550148 -0.0807910934 -0.0036451716 0.9999874234 -0.0034442244 0.0807785243 0.0037274433 0.9967250824
-149.9 238.9 2684.6 0.2150465697 -0.6593353748 -0.7204386592 0.9762045741 0.1240348443 0.1778762043 -0.0279205721 -0.7415471673 0.6703194976
-207.3 -21.4 2692.1 -0.0380737521 -0.6632755399 -0.7474061251 0.9584073424 0.1874746680 -0.2151942849 0.2828528285 -0.7245128155 0.6285502911
122.4 237.9 2706.7 0.1923660636 0.6568990946 0.7290259600 -0.9807340503 0.1544318497 0.1196305975 -0.0339995995 -0.7379934788 0.6739507318
169.3 -1.3 2698.4 -0.0199197233 0.6579850912 0.7527674437 -0.9636678100 0.1879509538 -0.1897862554 -0.2663598955 -0.7291982174 0.6303350925
-104.3 -148.9 2687.7 0.9975346923 -0.0214244910 -0.0668246448 0.0217408407 0.9997556210 0.0040103258 0.0667223930 -0.0054532629 0.9977566600
-96.0 -537.0 2689.8 0.9973801970 -0.0236190911 -0.0683733374 0.0295478348 0.9957664013 0.0870416388 0.0660280287 -0.0888338909 0.9938555360
74.3 -149.6 2701.7 0.9923415184 0.0692232773 -0.1023054719 -0.0676774532 0.9975355864 0.0185086131 0.1033345759 -0.0114430925 0.9945808053
47.4 -536.9 2706.1 0.9907374978 -0.0878739282 -0.1035249233 0.0884209722 0.9960829616 0.0006979019 0.1030580848 -0.0098452121 0.9946266413
-197.6 -264.7 2620.3 0 0 0 0 0 0 0 0 0
164.3 -247.3 2630.4 0 0 0 0 0 0 0 0 0
-89.4 -818.2 2714.9 0 0 0 0 0 0 0 0 0
72.6 -821.9 2709.0 0 0 0 0 0 0 0 0 0
-12.3 437.6 2696.2 9 0.9978350401 0.0026109058 -0.0657149702 -0.0027274936 0.9999948740 -0.0016844907 0.0657102317 0.0018600810 0.9978370070
-12.9 239.9 2695.8 0.9978350401 0.0026109058 -0.0657149702 -0.0027274936 0.9999948740 -0.0016844907 0.0657102317 0.0018600810 0.9978370070
-13.3 45.8 2695.2 0.9978359342 0.0021357685 -0.0657180399 -0.0023364478 0.9999928474 -0.0029769382 0.0657112077 0.0031240426 0.9978337884
-149.2 240.2 2686.9 0.2147042453 -0.6684122682 -0.7121285796 0.9764976501 0.1328558475 0.1697105318 -0.0188261513 -0.7318294644 0.6812277436
-206.7 -21.7 2691.9 -0.0358385555 -0.6711755395 -0.7404316664 0.9599432349 0.1829053760 -0.2122607678 0.2778931558 -0.7183794379 0.6377353072
123.5 239.6 2704.8 0.1868714392 0.6481874585 0.7381951809 -0.9821157455 0.1408383250 0.1249530613 -0.0229731668 -0.7483432293 0.6629137397
169.3 -1.5 2699.2 -0.0196022447 0.6504511237 0.7592951059 -0.9609377980 0.1974418014 -0.1939466894 -0.2760694325 -0.7334371805 0.6211727262
-104.4 -149.5 2687.0 0.9983490109 -0.0246340167 -0.0518883988 0.0252088886 0.9996275306 0.0104537271 0.0516115539 -0.0117445169 0.9985981584
-94.8 -537.6 2691.5 0.9983707666 -0.0201516021 -0.0533832498 0.0241614021 0.9968480468 0.0755658895 0.0516922139 -0.0767325908 0.9957107902
74.2 -150.1 2701.4 0.9937221408 0.0710855573 -0.0863897279 -0.0685579255 0.9971374869 0.0318851098 0.0884090066 -0.0257622376 0.9957510233
46.6 -537.2 2711.4 0.9915605187 -0.0940470397 -0.0892353579 0.0936099514 0.9955675602 -0.0090799592 0.0896937698 0.0006500114 0.9959691763
-197.7 -265.3 2621.4 0 0 0 0 0 0 0 0 0
164.3 -246.9 2628.7 0 0 0 0 0 0 0 0 0
-89.1 -821.4 2713.4 0 0 0 0 0 0 0 0 0
73.5 -821.7 2711.3 0 0 0 0 0 0 0 0 0
-13.6 436.5 2697.6 0 0.9976654649 0.0006964321 -0.0682874918 -0.0011075516 0.9999814630 -0.0059827454 0.0682820603 0.0060444106 0.9976477623
-13.7 239.2 2696.4 0.9976654649 0.0006964321 -0.0682874918 -0.0011075516 0.9999814630 -0.0059827454 0.0682820603 0.0060444106 0.9976477623
-13.6 45.1 2695.2 0.9976654053 -0.0007513366 -0.0682874769 0.0003187086 0.9999797940 -0.0063460665 0.0682908669 0.0063094869 0.9976454973
-150.0 239.2 2687.1 0.2230066657 -0.6662853360 -0.7115699649 0.9745718837 0.1360203326 0.1780677587 -0.0218559578 -0.7331864238 0.6796764135
-209.5 -20.9 2692.9 -0.0483027622 -0.6691256166 -0.7415778637 0.9579627514 0.1791721582 -0.2240640223 0.2827970982 -0.7212269306 0.6323429346
122.6 239.3 2705.7 0.1914814562 0.6487010717 0.7365607619 -0.9810029864 0.1502814442 0.1226730272 -0.0311132986 -0.7460579276 0.6651538014
169.3 0.0 2698.1 -0.0199725814 0.6503984928 0.7593305707 -0.9612250328 0.1964388937 -0.1935411543 -0.2750409245 -0.7337530851 0.6212559342
-103.1 -148.1 2688.7 0.9981963038 -0.0249436758 -0.0546071120 0.0255949795 0.9996089935 0.0112602804 0.0543048866 -0.0126376385 0.9984444380
-93.4 -536.2 2693.6 0.9983610511 -0.0118734716 -0.0559845455 0.0158019196 0.9974036813 0.0702582672 0.0550049841 -0.0710277781 0.9959565997
75.7 -148.5 2700.5 0.9932957292 0.0743565187 -0.0885138214 -0.0714092329 0.9967966676 0.0360152349 0.0909082517 -0.0294530746 0.9954236150
46.8 -535.5 2711.9 0.9915552139 -0.0916233659 -0.0917794034 0.0911812559 0.9957935810 -0.0090076076 0.0922186449 0.0005629791 0.9957386255
-197.3 -264.1 2621.1 0 0 0 0 0 0 0 0 0
164.2 -245.4 2627.9 0 0 0 0 0 0 0 0 0
-90.0 -817.9 2713.7 0 0 0 0 0 0 0 0 0
73.4 -824.1 2711.8 0 0 0 0 0 0 0 0 0
-15.2 432.9 2697.8 1 0.9973877668 -0.0053680632 -0.0720330998 0.0046962956 0.9999439120 -0.0094919475 0.0720800161 0.0091288639 0.9973570704
-14.1 235.8 2696.0 0.9973877668 -0.0053680632 -0.0720330998 0.0046962956 0.9999439120 -0.0094919475 0.0720800161 0.0091288639 0.9973570704
-12.8 41.7 2694.5 0.9973791838 -0.0066864253 -0.0720418319 0.0061226725 0.9999489188 -0.0080433451 0.0720919371 0.0075811767 0.9973691702
-150.4 235.0 2686.1 0.2191271186 -0.6653458476 -0.7136512995 0.9752912521 0.1282908767 0.1798566878 -0.0281119477 -0.7354293466 0.6770179868
-208.0 -21.6 2693.5 -0.0413739942 -0.6687525511 -0.7423329949 0.9586676955 0.1827570647 -0.2180735171 0.2815037966 -0.7206732035 0.6335501075
122.2 236.6 2705.8 0.1952232569 0.6508274078 0.7336971760 -0.9802270532 0.1541101933 0.1241165698 -0.0322917476 -0.7434203029 0.6680445671
169.3 -0.1 2698.0 -0.0198061466 0.6523762345 0.7576364279 -0.9606864452 0.1974752545 -0.1951538324 -0.2769281864 -0.7317163348 0.6228178144
-102.8 -149.0 2687.8 0.9980427027 -0.0217921212 -0.0586159676 0.0227212515 0.9996258020 0.0152315646 0.0582621060 -0.0165335797 0.9981644154
-94.3 -537.1 2694.2 0.9981166124 -0.0146272508 -0.0595759824 0.0183381941 0.9978935719 0.0622266941 0.0585402846 -0.0632020086 0.9962823391
76.0 -149.0 2700.1 0.9930014610 0.0741952360 -0.0918866321 -0.0704934821 0.9965892434 0.0429011285 0.0947562903 -0.0361234732 0.9948448539
47.2 -535.9 2714.1 0.9909480810 -0.0932950526 -0.0965294093 0.0915680081 0.9955518246 -0.0221788902 0.0981692076 0.0131391231 0.9950829744
-197.5 -264.9 2622.1 0 0 0 0 0 0 0 0 0
164.2 -245.4 2627.3 0 0 0 0 0 0 0 0 0
-90.3 -816.2 2711.9 0 0 0 0 0 0 0 0 0
74.0 -821.9 2710.3 0 0 0 0 0 0 0 0 0
-14.5 423.6 2698.4 2 0.9989857674 -0.0063382499 -0.0445780791 0.0056030280 0.9998465180 -0.0165985599 0.0446764454 0.0163319539 0.9988679886
-13.2 227.1 2695.2 0.9989857674 -0.0063382499 -0.0445780791 0.0056030280 0.9998465180 -0.0165985599 0.0446764454 0.0163319539 0.9988679886
-11.8 33.0 2692.5 0.9989778399 -0.0073810737 -0.0445958152 0.0067621451 0.9998789430 -0.0140135773 0.0446938500 0.0136976903 0.9989067912
-149.7 226.1 2689.1 0.2227114588 -0.6820617914 -0.6965567470 0.9748073220 0.1468190104 0.1679132730 -0.0122594647 -0.7164047956 0.6975771189
-207.1 -25.3 2692.2 -0.0374578759 -0.6834488511 -0.7290367484 0.9611583352 0.1749900430 -0.2134318948 0.2734439373 -0.7087144256 0.6503477693
123.2 228.0 2701.3 0.1962639689 0.6344350576 0.7476447225 -0.9804657698 0.1370326728 0.1410988122 -0.0129337246 -0.7607326508 0.6489364505
169.4 -2.6 2698.2 -0.0159779862 0.6370276809 0.7706753016 -0.9608820081 0.2033609003 -0.1880162656 -0.2764967978 -0.7435321212 0.6088591814
-100.9 -153.0 2686.6 0.9993204474 -0.0194896385 -0.0312864743 0.0199519657 0.9996953011 0.0145336390 0.0309936833 -0.0151479887 0.9994047880
-93.3 -541.1 2692.5 0.9993848205 -0.0136780012 -0.0322931446 0.0158656538 0.9975256920 0.0684893653 0.0312764458 -0.0689595863 0.9971290827
77.8 -151.9 2699.5 0.9950342774 0.0767591819 -0.0633624867 -0.0734647363 0.9958999753 0.0527840890 0.0671543628 -0.0478670709 0.9965937138
48.0 -538.5 2718.1 0.9933953881 -0.0911465362 -0.0696987361 0.0890492797 0.9954924583 -0.0326339155 0.0723590404 0.0262117591 0.9970341325
-197.6 -269.3 2622.8 0 0 0 0 0 0 0 0 0
165.3 -248.0 2627.6 0 0 0 0 0 0 0 0 0
-89.5 -819.3 2711.7 0 0 0 0 0 0 0 0 0
74.1 -823.5 2710.6 0 0 0 0 0 0 0 0 0
-15.1 420.2 2697.7 3 0.9983788133 -0.0068294262 -0.0565079339 0.0058770715 0.9998381734 -0.0170025285 0.0566149093 0.0166428629 0.9982573390
-13.7 224.2 2694.4 0.9983788133 -0.0068294262 -0.0565079339 0.0058770715 0.9998381734 -0.0170025285 0.0566149093 0.0166428629 0.9982573390
-12.0 30.1 2691.7 0.9983602166 -0.0090145711 -0.0565297641 0.0082214233 0.9998646975 -0.0142475273 0.0566505492 0.0137594091 0.9982992411
-150.1 223.1 2686.7 0.2150560021 -0.6751582026 -0.7056289911 0.9765180349 0.1392033994 0.1644231528 -0.0127856852 -0.7244195938 0.6892406940
-206.6 -33.3 2690.0 -0.0354285575 -0.6764864922 -0.7356023788 0.9652436376 0.1675526947 -0.2005762011 0.2589392364 -0.7171416283 0.6470381021
122.6 225.3 2702.1 0.1933353841 0.6426853538 0.7413346171 -0.9809514284 0.1411442161 0.1334637702 -0.0188598856 -0.7530165315 0.6577312946
169.2 -10.9 2697.6 -0.0089136446 0.6448656321 0.7642440200 -0.9599940181 0.2083939463 -0.1870386004 -0.2798785865 -0.7353368998 0.6172095537
-99.9 -161.7 2685.8 0.9988825321 -0.0193342231 -0.0431260467 0.0196614806 0.9997809529 0.0071771489 0.0429778360 -0.0080170510 0.9990438819
-92.4 -549.9 2689.0 0.9989702106 -0.0094216159 -0.0443822853 0.0128529333 0.9968960285 0.0776734650 0.0435127132 -0.0781639144 0.9959904552
79.1 -160.5 2693.8 0.9940994382 0.0785213485 -0.0748375654 -0.0741635635 0.9954794049 0.0593342148 0.0791582540 -0.0534338914 0.9954289198
48.6 -547.0 2714.6 0.9930859804 -0.0853422657 -0.0806032345 0.0842639133 0.9963036180 -0.0166928135 0.0817298964 0.0097854557 0.9966064692
-197.6 -278.2 2624.3 0 0 0 0 0 0 0 0 0
166.9 -256.0 2626.1 0 0 0 0 0 0 0 0 0
-89.8 -816.5 2709.9 0 0 0 0 0 0 0 0 0
73.0 -832.6 2711.8 0 0 0 0 0 0 0 0 0
-19.2 428.6 2697.3 4 0.9977439046 -0.0237098094 -0.0628091469 0.0229034275 0.9996461272 -0.0135277417 0.0631076619 0.0120586762 0.9979338646
-14.5 232.0 2694.9 0.9977439046 -0.0237098094 -0.0628091469 0.0229034275 0.9996461272 -0.0135277417 0.0631076619 0.0120586762 0.9979338646
-9.9 37.9 2692.6 0.9977413416 -0.0238200277 -0.0628076196 0.0230097994 0.9996428490 -0.0135921547 0.0631089509 0.0121162636 0.9979330897
-150.8 228.8 2686.3 0.2045976222 -0.6714787483 -0.7122191191 0.9787914157 0.1326484680 0.1561145633 -0.0103528332 -0.7290546298 0.6843771935
-206.3 -36.5 2689.1 -0.0363526978 -0.6737722754 -0.7380443215 0.9622387886 0.1757647693 -0.2078539133 0.2697683871 -0.7177309394 0.6419402957
121.7 235.1 2703.6 0.1868571639 0.6472433209 0.7390266657 -0.9821254611 0.1404375881 0.1253268421 -0.0226701610 -0.7492351532 0.6619159579
169.1 -13.6 2697.8 -0.0181093551 0.6495274305 0.7601224780 -0.9608533382 0.1989105046 -0.1928613633 -0.2764650881 -0.7338588238 0.6204984188
-99.7 -164.7 2684.0 0.9986733794 -0.0126991151 -0.0499018990 0.0134911230 0.9997878075 0.0155666564 0.0496936254 -0.0162192378 0.9986327887
-94.8 -552.9 2690.3 0.9984919429 -0.0209557842 -0.0507412329 0.0256448071 0.9952797890 0.0935977623 0.0485403091 -0.0947578624 0.9943162203
79.2 -163.3 2694.1 0.9936906099 0.0762184262 -0.0822779760 -0.0715493634 0.9957329035 0.0582812019 0.0863689855 -0.0520265475 0.9949038625
49.6 -549.8 2714.3 0.9927725196 -0.0820108354 -0.0876178518 0.0810478702 0.9966047406 -0.0144980699 0.0885093734 0.0072920448 0.9960486293
-197.0 -280.7 2620.7 0 0 0 0 0 0 0 0 0
164.4 -259.0 2627.2 0 0 0 0 0 0 0 0 0
-89.0 -824.3 2716.1 0 0 0 0 0 0 0 0 0
72.6 -830.1 2712.3 0 0 0 0 0 0 0 0 0
-17.9 433.3 2698.6 5 0.9966159463 -0.0239138063 -0.0786430687 0.0227076132 0.9996109605 -0.0161963571 0.0789997876 0.0143557517 0.9967712760
-13.2 236.4 2695.8 0.9966159463 -0.0239138063 -0.0786430687 0.0227076132 0.9996109605 -0.0161963571 0.0789997876 0.0143557517 0.9967712760
-8.1 42.3 2693.1 0.9965668321 -0.0258690491 -0.0786469132 0.0246809069 0.9995666742 -0.0160421506 0.0790278241 0.0140459985 0.9967734218
-149.3 233.0 2685.0 0.2112585604 -0.6617802382 -0.7193168402 0.9771356583 0.1249262020 0.1720446050 -0.0239941925 -0.7392160296 0.6730408072
-206.4 -31.0 2691.5 -0.0481681488 -0.6661594510 -0.7442522645 0.9557566047 0.1857361495 -0.2281039953 0.2901881635 -0.7223113775 0.6277397275
123.0 239.7 2706.6 0.1940114796 0.6562296152 0.7291928530 -0.9803555608 0.1566195786 0.1198884845 -0.0355315022 -0.7381280065 0.6737243533
170.4 -0.2 2697.9 -0.0094888927 0.6571207047 0.7537256479 -0.9637667537 0.1949344724 -0.1820829064 -0.2665775418 -0.7281434536 0.6314613819
-94.7 -158.2 2684.6 0.9978261590 0.0023185287 -0.0658604652 -0.0008802239 0.9997606874 0.0218592975 0.0658953786 -0.0217538066 0.9975894094
-95.6 -546.3 2693.1 0.9975726008 -0.0232261736 -0.0656463504 0.0281167980 0.9968181252 0.0745856464 0.0637051389 -0.0762503669 0.9950515032
84.1 -154.0 2695.9 0.9916887879 0.0825385228 -0.0986950025 -0.0779426694 0.9957254529 0.0495550632 0.1023633331 -0.0414506495 0.9938830733
52.0 -540.6 2712.0 0.9925538301 -0.0660158768 -0.1023659334 0.0667718798 0.9977603555 0.0039725900 0.1018744186 -0.0107781747 0.9947388768
-194.2 -273.6 2617.9 0 0 0 0 0 0 0 0 0
168.0 -246.3 2629.8 0 0 0 0 0 0 0 0 0
-89.2 -821.1 2714.1 0 0 0 0 0 0 0 0 0
70.9 -826.3 2715.1 0 0 0 0 0 0 0 0 0
-15.1 437.6 2698.8 6 0.9974276423 -0.0117224334 -0.0707154423 0.0109373275 0.9998742938 -0.0114793452 0.0708411187 0.0106763784 0.9974305034
-12.8 240.6 2696.7 0.9974276423 -0.0117224334 -0.0707154423 0.0109373275 0.9998742938 -0.0114793452 0.0708411187 0.0106763784 0.9974305034
-10.3 46.5 2694.9 0.9974127412 -0.0128450003 -0.0707309470 0.0121521419 0.9998739362 -0.0102173099 0.0708532780 0.0093313418 0.9974430799
-149.1 238.9 2687.0 0.2109374553 -0.6658062935 -0.7156866789 0.9773597717 0.1312745810 0.1659362316 -0.0165299121 -0.7344855070 0.6784229875
-206.4 -26.4 2691.5 -0.0611982271 -0.6696540117 -0.7401474714 0.9540442824 0.1786933541 -0.2405581772 0.2933501899 -0.7208551764 0.6279438138
123.4 242.3 2706.4 0.1980880201 0.6506880522 0.7330526710 -0.9798067212 0.1522039026 0.1296642274 -0.0272025168 -0.7439348698 0.6676982641
171.2 6.0 2699.8 0.0048750797 0.6514924765 0.7586394548 -0.9627679586 0.2081118673 -0.1725322157 -0.2702853084 -0.7295526266 0.6282505989
-92.4 -153.9 2683.3 0.9983342290 0.0044957967 -0.0575200096 -0.0033296722 0.9997873306 0.0203531720 0.0575992763 -0.0201277453 0.9981368780
-94.1 -542.0 2691.1 0.9981712103 -0.0197502729 -0.0571329817 0.0244077910 0.9963328242 0.0820070729 0.0553038009 -0.0832515880 0.9949927926
86.1 -149.5 2697.5 0.9914949536 0.0933459401 -0.0906880349 -0.0892847106 0.9948555827 0.0478606783 0.0946890935 -0.0393565670 0.9947286248
49.9 -535.7 2712.7 0.9925241470 -0.0755784288 -0.0958317295 0.0751005113 0.9971389771 -0.0085892892 0.0962067172 0.0013280645 0.9953604937
-190.8 -268.5 2617.1 0 0 0 0 0 0 0 0 0
172.4 -239.8 2630.8 0 0 0 0 0 0 0 0 0
-88.6 -820.9 2714.4 0 0 0 0 0 0 0 0 0
71.5 -820.0 2712.4 0 0 0 0 0 0 0 0 0
-14.2 438.6 2697.4 7 0.9979917407 -0.0054380987 -0.0631105006 0.0051392503 0.9999747872 -0.0048966897 0.0631355420 0.0045625153 0.9979945421
-13.1 241.3 2696.5 0.9979917407 -0.0054380987 -0.0631105006 0.0051392503 0.9999747872 -0.0048966897 0.0631355420 0.0045625153 0.9979945421
-11.9 47.2 2695.8 0.9979872108 -0.0061699464 -0.0631145462 0.0059166159 0.9999736547 -0.0041999323 0.0631387979 0.0038180542 0.9979974627
-149.5 240.5 2687.9 0.2125795484 -0.6702753305 -0.7110140324 0.9769904017 0.1329064816 0.1668100059 -0.0173102673 -0.7301142812 0.6831057668
-206.4 -21.1 2692.5 -0.0664749220 -0.6734523177 -0.7362357378 0.9549175501 0.1710236073 -0.2426590919 0.2893330157 -0.7191751599 0.6317226291
123.2 242.1 2705.1 0.1952998340 0.6454942226 0.7383733392 -0.9804801345 0.1459540874 0.1317424029 -0.0227296501 -0.7496896982 0.6613990664
170.3 5.4 2699.6 -0.0012808471 0.6464183331 0.7629821301 -0.9661679864 0.1959813684 -0.1676624566 -0.2579103708 -0.7373836637 0.6242976785
-97.2 -148.6 2686.8 0.9987127781 -0.0101583200 -0.0496951714 0.0117155854 0.9994461536 0.0311461054 0.0493512563 -0.0316882208 0.9982786775
