-12.9 435.8 2674.9 0 0.9911394119 -0.0077573550 -0.1325988919 0.0086650727 0.9999427795 0.0062699160 0.1325426698 -0.0073633399 0.9911499619
-11.4 238.3 2676.4 0.9911394119 -0.0077573550 -0.1325988919 0.0086650727 0.9999427795 0.0062699160 0.1325426698 -0.0073633399 0.9911499619
-9.5 44.2 2677.6 0.9911242723 -0.0096479561 -0.1325879097 0.0104037775 0.9999333620 0.0050089294 0.1325307488 -0.0063438867 0.9911586046
-146.7 236.8 2658.3 0.2123059630 -0.6239439845 -0.7520771623 0.9764440656 0.1051213890 0.1884315312 -0.0385113284 -0.7743664384 0.6315643191
-203.5 -24.5 2668.6 -0.1045790538 -0.6336405873 -0.7665264606 0.9449738264 0.1769237816 -0.2751771510 0.3099801540 -0.7531251907 0.5802712440
124.0 239.7 2694.5 0.1864742339 0.6927520037 0.6966505647 -0.9814903736 0.1628504694 0.1007789001 -0.0436350815 -0.7025485039 0.7102968693
168.9 3.2 2684.0 -0.0224047881 0.6936008334 0.7200110555 -0.9590029120 0.1886015832 -0.2115251869 -0.2825092673 -0.6952318549 0.6609396338
-95.6 -150.0 2668.1 0.9927189350 -0.0033989018 -0.1204056367 0.0063946131 0.9996793270 0.0245025214 0.1202837452 -0.0250940640 0.9924223423
-94.3 -538.1 2677.8 0.9926100969 -0.0161142759 -0.1202727705 0.0291372295 0.9937975407 0.1073192134 0.1177974194 -0.1100305468 0.9869230390
82.6 -147.6 2686.7 0.9840314388 0.0866171345 -0.1554979831 -0.0814013407 0.9958938360 0.0396146253 0.1582907736 -0.0263242945 0.9870415926
49.0 -534.3 2696.9 0.9844583869 -0.0796897933 -0.1564967483 0.0850747228 0.9959808588 0.0280070733 0.1536358893 -0.0408857167 0.9872813225
-177.0 -264.3 2589.9 0 0 0 0 0 0 0 0 0
163.2 -241.7 2611.8 0 0 0 0 0 0 0 0 0
-89.8 -815.1 2708.5 0 0 0 0 0 0 0 0 0
71.8 -819.5 2708.6 0 0 0 0 0 0 0 0 0
-13.8 438.1 2685.4 1 0.9945533276 -0.0125667956 -0.1034686118 0.0106583592 0.9997631311 -0.0189768914 0.1036825851 0.0177707244 0.9944516420
-11.4 241.1 2681.9 0.9945533276 -0.0125667956 -0.1034686118 0.0106583592 0.9997631311 -0.0189768914 0.1036825851 0.0177707244 0.9944516420
-8.8 47.1 2678.5 0.9945411682 -0.0134818377 -0.1034705639 0.0115937768 0.9997555614 -0.0188271273 0.1036990955 0.0175247379 0.9944543242
-147.2 239.5 2667.8 0.2101589888 -0.6436751485 -0.7358773947 0.9776577950 0.1350583732 0.1610728353 -0.0042921803 -0.7532871366 0.6576777697
-203.8 -24.0 2668.9 -0.1054130942 -0.6482862830 -0.7540642619 0.9444631338 0.1720731258 -0.2799647748 0.3112515211 -0.7416978478 0.5941437483
124.4 242.7 2696.1 0.1795157641 0.6757807732 0.7149086595 -0.9826168418 0.1581227928 0.0972695798 -0.0473104417 -0.7199427485 0.6924191117
168.7 0.4 2684.4 -0.0256940201 0.6770878434 0.7354534864 -0.9587445855 0.1916580051 -0.2099429965 -0.2831054032 -0.7105063200 0.6442298293
-96.4 -150.9 2666.9 0.9957975745 -0.0039063008 -0.0914980769 0.0066607455 0.9995331764 0.0298178662 0.0913388804 -0.0303020030 0.9953587055
-94.9 -538.9 2678.7 0.9956262708 -0.0187103413 -0.0915328637 0.0283216573 0.9940836430 0.1048600599 0.0890293568 -0.1069937944 0.9902656674
81.1 -149.0 2690.7 0.9885033369 0.0844013020 -0.1254493892 -0.0812876225 0.9962467551 0.0297445599 0.1274890155 -0.0192051139 0.9916540384
48.3 -535.8 2698.1 0.9886966944 -0.0811708495 -0.1260558665 0.0846577585 0.9961549640 0.0225463398 0.1237410754 -0.0329631008 0.9917668700
-177.0 -263.7 2589.9 0 0 0 0 0 0 0 0 0
162.1 -244.4 2612.1 0 0 0 0 0 0 0 0 0
-89.7 -816.8 2708.6 0 0 0 0 0 0 0 0 0
71.7 -823.2 2707.6 0 0 0 0 0 0 0 0 0
-14.0 438.9 2680.2 2 0.9966934323 -0.0129197668 -0.0802202448 0.0132009787 0.9999084473 0.0029761186 0.0801744461 -0.0040252632 0.9967727065
-11.5 241.2 2681.0 0.9966934323 -0.0129197668 -0.0802202448 0.0132009787 0.9999084473 0.0029761186 0.0801744461 -0.0040252632 0.9967727065
-8.5 47.1 2680.9 0.9966639280 -0.0153672593 -0.0801548809 0.0152845904 0.9998818040 -0.0016448544 0.0801706836 0.0004142326 0.9967810512
-147.6 239.1 2670.1 0.2139733881 -0.6576070189 -0.7223353982 0.9768100977 0.1383086592 0.1634401679 -0.0075741671 -0.7405563593 0.6719515920
-204.5 -20.6 2672.1 -0.1022876278 -0.6613423228 -0.7430770993 0.9446231127 0.1695706844 -0.2809500396 0.3118082285 -0.7306655049 0.6073743105
124.6 243.2 2691.9 0.1801297069 0.6595854163 0.7297262549 -0.9832991958 0.1403540820 0.1158597246 -0.0260006692 -0.7384089828 0.6738517284
168.7 2.6 2685.6 -0.0229890961 0.6623070836 0.7488797307 -0.9576562643 0.2004493028 -0.2066749036 -0.2869946659 -0.7219206095 0.6296544075
-95.3 -148.0 2665.8 0.9975866675 -0.0133212190 -0.0681421310 0.0156509485 0.9993070364 0.0337704457 0.0676450506 -0.0347554386 0.9971039295
-90.2 -536.0 2679.3 0.9976163507 -0.0033016300 -0.0689255372 0.0105982590 0.9943343997 0.1057673693 0.0681858286 -0.1062457487 0.9919992685
82.8 -145.9 2684.4 0.9906386733 0.0901930705 -0.1024707630 -0.0859711468 0.9952851534 0.0449052788 0.1060377732 -0.0356753767 0.9937219024
47.8 -532.2 2698.2 0.9911906123 -0.0815539286 -0.1043555439 0.0844715312 0.9961405993 0.0238436516 0.1020082459 -0.0324486755 0.9942541718
-178.5 -260.4 2592.9 0 0 0 0 0 0 0 0 0
162.8 -241.9 2612.3 0 0 0 0 0 0 0 0 0
-89.2 -814.6 2709.1 0 0 0 0 0 0 0 0 0
71.5 -822.2 2707.7 0 0 0 0 0 0 0 0 0
-14.2 439.8 2677.6 3 0.9957203269 -0.0125932861 -0.0915556327 0.0134891830 0.9998669624 0.0091730459 0.0914279372 -0.0103687989 0.9957576990
-11.7 242.3 2679.6 0.9957203269 -0.0125932861 -0.0915556327 0.0134891830 0.9998669624 0.0091730459 0.0914279372 -0.0103687989 0.9957576990
-8.7 48.2 2681.0 0.9956824780 -0.0155942254 -0.0915050134 0.0161725320 0.9998536110 0.0055818190 0.0914045796 -0.0070375870 0.9957889915
-147.7 240.1 2667.2 0.2135637105 -0.6509364843 -0.7284725308 0.9766548276 0.1245898977 0.1749934405 -0.0231492948 -0.7488384843 0.6623481512
-204.7 -20.5 2673.3 -0.0947195962 -0.6572901011 -0.7476616502 0.9445368648 0.1778924763 -0.2760514915 0.3144492805 -0.7323414683 0.6039847732
124.3 244.5 2692.1 0.1811782569 0.6666318178 0.7230327725 -0.9831066728 0.1422010213 0.1152393445 -0.0259937830 -0.7316972613 0.6811339855
168.7 3.4 2685.7 -0.0200615413 0.6691188812 0.7428845167 -0.9573916793 0.2012507170 -0.2071215659 -0.2880949974 -0.7153866291 0.6365714669
-94.8 -148.3 2673.6 0.9968484044 -0.0044897920 -0.0792028904 0.0050443863 0.9999641180 0.0068035084 0.0791695043 -0.0071815965 0.9968352914
-93.0 -536.3 2676.4 0.9967242479 -0.0163203366 -0.0792111605 0.0256245788 0.9926939607 0.1179068461 0.0767081678 -0.1195503697 0.9898603559
83.7 -145.6 2688.0 0.9888857007 0.0931696445 -0.1158643439 -0.0903150290 0.9954714775 0.0296595395 0.1181030199 -0.0188656021 0.9928221107
47.6 -532.0 2695.3 0.9896170497 -0.0853258446 -0.1156613305 0.0895504281 0.9954736829 0.0318256840 0.1124222577 -0.0418527648 0.9927787185
-180.7 -260.3 2593.5 0 0 0 0 0 0 0 0 0
163.6 -241.1 2612.2 0 0 0 0 0 0 0 0 0
-88.4 -818.6 2710.4 0 0 0 0 0 0 0 0 0
72.6 -824.2 2707.6 0 0 0 0 0 0 0 0 0
-12.8 435.8 2675.8 4 0.9951074123 -0.0096439505 -0.0983268991 0.0110244462 0.9998480082 0.0135062058 0.0981816947 -0.0145241255 0.9950625300
-10.9 238.3 2678.6 0.9951074123 -0.0096439505 -0.0983268991 0.0110244462 0.9998480082 0.0135062058 0.0981816947 -0.0145241255 0.9950625300
-8.5 44.2 2681.1 0.9950809479 -0.0122807147 -0.0983009711 0.0134402160 0.9998475909 0.0111418990 0.0981491581 -0.0124082780 0.9950943589
-146.8 236.4 2665.2 0.2208942324 -0.6460810900 -0.7306059003 0.9746822715 0.1196277961 0.1889013350 -0.0346448049 -0.7538357973 0.6561488509
-204.8 -19.5 2674.3 -0.0968781114 -0.6531919837 -0.7509692907 0.9445674419 0.1774716824 -0.2762176692 0.3136989474 -0.7361005545 0.5997907519
125.0 240.1 2692.1 0.1818437278 0.6703685522 0.7194017768 -0.9828969836 0.1455599368 0.1128088087 -0.0290925950 -0.7276114225 0.6853723526
168.5 5.0 2685.1 -0.0194032323 0.6721407771 0.7401691079 -0.9604626894 0.1931151599 -0.2005442381 -0.2777318358 -0.7147960067 0.6418190598
-94.9 -147.3 2674.2 0.9962942600 -0.0016329557 -0.0859943181 0.0022076704 0.9999758601 0.0065884935 0.0859814808 -0.0067539252 0.9962738156
-94.2 -535.4 2676.8 0.9961670041 -0.0179125089 -0.0856183246 0.0282189716 0.9922844768 0.1207276881 0.0827952027 -0.1226809993 0.9889864922
83.5 -144.4 2690.5 0.9882177114 0.0903477669 -0.1235437989 -0.0879408941 0.9958167076 0.0248095263 0.1252684593 -0.0136526618 0.9920289516
48.4 -531.0 2695.8 0.9889186621 -0.0832140073 -0.1229442656 0.0876828730 0.9956538081 0.0313872918 0.1197980717 -0.0418195873 0.9919171333
-180.3 -259.3 2594.7 0 0 0 0 0 0 0 0 0
163.6 -240.3 2614.2 0 0 0 0 0 0 0 0 0
-89.1 -818.6 2711.8 0 0 0 0 0 0 0 0 0
73.0 -825.1 2708.2 0 0 0 0 0 0 0 0 0
-12.6 434.3 2675.4 5 0.9948340654 -0.0104851173 -0.1009717062 0.0120515777 0.9998161197 0.0149163632 0.1007967442 -0.0160561744 0.9947774410
-10.5 236.8 2678.5 0.9948340654 -0.0104851173 -0.1009717062 0.0120515777 0.9998161197 0.0149163632 0.1007967442 -0.0160561744 0.9947774410
-8.1 42.8 2681.0 0.9948151112 -0.0124887973 -0.1009300798 0.0136976512 0.9998424053 0.0112929819 0.1007731408 -0.0126169343 0.9948294163
-146.4 235.0 2664.8 0.2205945402 -0.6431333423 -0.7332922220 0.9749589562 0.1236877814 0.1848142892 -0.0281609483 -0.7556988597 0.6543135047
-204.7 -22.5 2672.2 -0.0923266187 -0.6491647363 -0.7550238371 0.9475011230 0.1758479774 -0.2670563161 0.3061329424 -0.7400423288 0.5988488793
125.4 238.7 2692.3 0.1783116758 0.6733667850 0.7174831629 -0.9836899638 0.1395110041 0.1135376170 -0.0236443300 -0.7260260582 0.6872605681
168.6 0.3 2686.6 -0.0146521851 0.6758373380 0.7369051576 -0.9571815729 0.2036171407 -0.2057752907 -0.2891171575 -0.7083671093 0.6439156532
-95.3 -151.1 2674.7 0.9960646033 -0.0015700805 -0.0886165574 0.0017128628 0.9999973774 0.0015352159 0.0886139125 -0.0016809622 0.9960646033
-94.7 -539.3 2675.3 0.9959480166 -0.0184445903 -0.0880189613 0.0303892177 0.9901929498 0.1363612711 0.0846406296 -0.1384835690 0.9867412448
83.0 -148.7 2692.2 0.9878904223 0.0890169293 -0.1270767748 -0.0878395140 0.9960239530 0.0148506640 0.1278934628 -0.0035084668 0.9917817116
48.4 -535.3 2693.6 0.9888701439 -0.0816852748 -0.1243516877 0.0878232494 0.9951328039 0.0446966030 0.1200953871 -0.0551201068 0.9912309647
-181.3 -263.0 2594.5 0 0 0 0 0 0 0 0 0
164.9 -244.1 2612.8 0 0 0 0 0 0 0 0 0
-89.4 -822.9 2715.0 0 0 0 0 0 0 0 0 0
72.3 -825.9 2709.7 0 0 0 0 0 0 0 0 0
-13.1 436.6 2675.2 6 0.9939307570 -0.0151462303 -0.1089595705 0.0169789828 0.9997292161 0.0159123633 0.1086890548 -0.0176658109 0.9939188361
-10.1 239.1 2678.7 0.9939307570 -0.0151462303 -0.1089595705 0.0169789828 0.9997292161 0.0159123633 0.1086890548 -0.0176658109 0.9939188361
-7.0 45.0 2681.4 0.9939277768 -0.0157399718 -0.1089028865 0.0171740316 0.9997775555 0.0122427996 0.1086859629 -0.0140387602 0.9939770103
-145.9 236.7 2663.8 0.2209919542 -0.6383966804 -0.7373006344 0.9746050239 0.1165278032 0.1912230998 -0.0361601710 -0.7608356476 0.6479363441
-204.9 -23.4 2673.5 -0.0916265324 -0.6457581520 -0.7580243945 0.9470435977 0.1787510812 -0.2667516768 0.3077547550 -0.7423236966 0.5951827765
125.7 241.4 2693.5 0.1733854711 0.6781111360 0.7142148018 -0.9842872024 0.1439155191 0.1023086831 -0.0334099345 -0.7207312584 0.6924089789
168.5 -1.7 2685.3 -0.0213820543 0.6798067689 0.7330794930 -0.9610233903 0.1881822646 -0.2025377005 -0.2756390572 -0.7088372111 0.6492864490
-94.8 -152.5 2674.4 0.9953122735 -0.0052851350 -0.0965689644 0.0055930987 0.9999800920 0.0029186362 0.0965516120 -0.0034450740 0.9953219891
-92.8 -540.8 2675.7 0.9953087568 -0.0078389253 -0.0964312255 0.0207482837 0.9908170104 0.1336082667 0.0944983512 -0.1349822730 0.9863315225
83.4 -150.1 2692.5 0.9869515300 0.0886562020 -0.1344124824 -0.0863592401 0.9960023165 0.0228356607 0.1358996630 -0.0109299300 0.9906623363
49.0 -536.7 2696.7 0.9884634614 -0.0736853480 -0.1323270202 0.0803642198 0.9957102537 0.0458548702 0.1283805519 -0.0559602194 0.9901449084
-181.6 -263.8 2595.3 0 0 0 0 0 0 0 0 0
163.1 -247.0 2614.9 0 0 0 0 0 0 0 0 0
-90.6 -816.4 2713.3 0 0 0 0 0 0 0 0 0
70.8 -830.7 2713.2 0 0 0 0 0 0 0 0 0
-13.3 437.7 2674.6 7 0.9941034913 -0.0198977105 -0.1065943763 0.0220257156 0.9995802045 0.0188235436 0.1061750799 -0.0210603662 0.9941244125
-9.4 240.3 2678.7 0.9941034913 -0.0198977105 -0.1065943763 0.0220257156 0.9995802045 0.0188235436 0.1061750799 -0.0210603662 0.9941244125
-5.5 46.2 2682.0 0.9941020608 -0.0203935560 -0.1065135822 0.0220946148 0.9996461272 0.0148146842 0.1061737612 -0.0170806851 0.9942008853
-145.2 237.3 2664.2 0.2190485150 -0.6398251057 -0.7366421223 0.9750446677 0.1155833453 0.1895478964 -0.0361339413 -0.7597791553 0.6491764188
-203.8 -23.4 2673.9 -0.0939573720 -0.6471458077 -0.7565542459 0.9469844103 0.1764157861 -0.2685106993 0.3072336912 -0.7416735888 0.5962614417
126.4 243.3 2693.2 0.1797388047 0.6774039865 0.7133146524 -0.9835909605 0.1352426857 0.1194080785 -0.0155830802 -0.7230721116 0.6905968189
170.1 4.4 2689.5 -0.0265182573 0.6801293492 0.7326123714 -0.9581171870 0.1917558014 -0.2126995921 -0.2851459086 -0.7075689435 0.6465585828
-93.0 -150.6 2674.4 0.9955537915 -0.0018704727 -0.0941759273 0.0030859646 0.9999138117 0.0127626276 0.0941439345 -0.0129965069 0.9954737425
-92.3 -538.8 2679.4 0.9955620766 -0.0076470575 -0.0937961563 0.0193307921 0.9920566082 0.1242981628 0.0921005830 -0.1255596876 0.9878017306
85.1 -147.5 2693.9 0.9864454269 0.0967258289 -0.1325502992 -0.0948921740 0.9952846766 0.0200964790 0.1338691264 -0.0072460938 0.9909725189
47.5 -533.9 2696.7 0.9880461097 -0.0810683221 -0.1311213225 0.0862922370 0.9956670403 0.0346522518 0.1277439743 -0.0455527753 0.9907605052
-179.9 -263.8 2595.9 0 0 0 0 0 0 0 0 0
163.3 -240.2 2616.6 0 0 0 0 0 0 0 0 0
-90.1 -818.2 2714.8 0 0 0 0 0 0 0 0 0
71.1 -822.9 2709.9 0 0 0 0 0 0 0 0 0
-12.0 435.6 2676.8 8 0.9928386211 -0.0191406775 -0.1179199666 0.0203280319 0.9997539520 0.0088745551 0.1177210882 -0.0112080816 0.9929834604
-8.2 237.6 2679.0 0.9928386211 -0.0191406775 -0.1179199666 0.0203280319 0.9997539520 0.0088745551 0.1177210882 -0.0112080816 0.9929834604
-4.1 43.6 2681.3 0.9927903414 -0.0214803722 -0.1179234684 0.0227045082 0.9997012615 0.0090470603 0.1176939085 -0.0116592282 0.9929814935
-143.9 234.5 2662.9 0.2244210541 -0.6339110136 -0.7401297092 0.9732371569 0.1072638184 0.2032335550 -0.0494428501 -0.7659316659 0.6410180330
-203.4 -23.7 2676.0 -0.0958532989 -0.6431482434 -0.7597186565 0.9453096390 0.1802387834 -0.2718523443 0.3117721379 -0.7442272902 0.5906977654
127.4 240.7 2695.1 0.1952306479 0.6834744811 0.7033829689 -0.9805546999 0.1506030411 0.1258219182 -0.0199355446 -0.7142698169 0.6995864511
174.1 6.4 2690.3 -0.0261657387 0.6856881976 0.7274249792 -0.9544024467 0.1993303448 -0.2222237438 -0.2973740697 -0.7000707984 0.6492068172
-90.6 -149.8 2675.8 0.9943664074 0.0092712911 -0.1055911705 -0.0083278129 0.9999213815 0.0093726078 0.1056697667 -0.0084404629 0.9943654537
-94.2 -538.0 2679.1 0.9944258928 -0.0168345459 -0.1040855423 0.0285152011 0.9933243990 0.1117742807 0.1015090346 -0.1141192541 0.9882675409
87.6 -145.8 2694.9 0.9844740629 0.1017467529 -0.1430330276 -0.0994190276 0.9947717190 0.0233466681 0.1446606666 -0.0087639838 0.9894425273
48.1 -532.0 2698.3 0.9870052934 -0.0760681927 -0.1415422857 0.0821706057 0.9959022403 0.0377720408 0.1380890310 -0.0489118211 0.9892113209
-179.1 -263.7 2596.9 0 0 0 0 0 0 0 0 0
167.4 -237.3 2614.4 0 0 0 0 0 0 0 0 0
-89.4 -817.8 2711.3 0 0 0 0 0 0 0 0 0
70.2 -821.8 2712.5 0 0 0 0 0 0 0 0 0
-11.6 435.7 2686.4 9 0.9947059751 -0.0175751410 -0.1012478098 0.0161662456 0.9997609854 -0.0147191305 0.1014823020 0.0130044101 0.9947523475
-8.1 238.4 2683.8 0.9947059751 -0.0175751410 -0.1012478098 0.0161662456 0.9997609854 -0.0147191305 0.1014823020 0.0130044101 0.9947523475
-4.0 44.3 2681.9 0.9946247339 -0.0214395300 -0.1013014913 0.0203304701 0.9997217059 -0.0119679840 0.1015298888 0.0098441457 0.9947837591
-144.0 235.6 2669.9 0.2258223295 -0.6460844278 -0.7290947437 0.9736642241 0.1256128401 0.1902614385 -0.0313412882 -0.7528587580 0.6574354768
-204.4 -24.8 2678.3 -0.1039962694 -0.6541301012 -0.7491986156 0.9378212094 0.1863330752 -0.2928675711 0.3311739862 -0.7330715060 0.5940790772
127.8 241.2 2697.7 0.2056374252 0.6694982648 0.7137824297 -0.9775083661 0.1754030287 0.1170949042 -0.0468047597 -0.7218073606 0.6905095577
178.4 0.6 2686.2 -0.0458998494 0.6703921556 0.7405859232 -0.9533959627 0.1919177175 -0.2328168452 -0.2982101440 -0.7167578936 0.6303402185
-88.8 -152.5 2673.0 0.9959329963 0.0168741774 -0.0885026231 -0.0149597684 0.9996405244 0.0222500172 0.0888462588 -0.0208355468 0.9958273768
-95.4 -540.6 2681.1 0.9960060120 -0.0207219664 -0.0868479535 0.0296685826 0.9942361712 0.1030255556 0.0842124820 -0.1051907241 0.9908800125
89.1 -148.5 2694.1 0.9864602685 0.1060499698 -0.1250982285 -0.1049380675 0.9943585396 0.0154635450 0.1260323972 -0.0021266064 0.9920238256
47.9 -534.5 2694.9 0.9895322919 -0.0782165229 -0.1212765798 0.0848535076 0.9951100349 0.0505558215 0.1167292446 -0.0603173636 0.9913304448
-178.0 -262.8 2594.3 0 0 0 0 0 0 0 0 0
166.7 -242.8 2610.0 0 0 0 0 0 0 0 0 0
-89.5 -819.9 2710.6 0 0 0 0 0 0 0 0 0
70.7 -824.9 2712.5 0 0 0 0 0 0 0 0 0
-11.0 436.6 2680.7 0 0.9934322238 -0.0136178145 -0.1136086434 0.0141305896 0.9998932481 0.0037094199 0.1135459989 -0.0052904142 0.9935186505
-8.3 239.0 2681.7 0.9934322238 -0.0136178145 -0.1136086434 0.0141305896 0.9998932481 0.0037094199 0.1135459989 -0.0052904142 0.9935186505
-4.7 45.0 2682.3 0.9933506250 -0.0189075936 -0.1135648936 0.0191472694 0.9998161793 0.0010199863 0.1135247350 -0.0031876618 0.9935300350
-144.0 236.4 2666.2 0.2278041989 -0.6372725964 -0.7361989617 0.9726679921 0.1140165702 0.2022798657 -0.0449685417 -0.7621573806 0.6458281279
-204.8 -23.2 2678.2 -0.1020941138 -0.6464894414 -0.7560609579 0.9411234260 0.1834576875 -0.2839541137 0.3222785294 -0.7405367494 0.5896964073
127.4 241.6 2697.2 0.2087318003 0.6774424314 0.7053387761 -0.9773182869 0.1708767861 0.1251004785 -0.0357776359 -0.7154529095 0.6977443099
178.5 2.3 2688.5 -0.0491914339 0.6783508658 0.7330895662 -0.9534645677 0.1867041886 -0.2367422134 -0.2974651754 -0.7106205821 0.6375992894
-88.9 -151.5 2670.9 0.9947384000 0.0179081298 -0.1008703038 -0.0153980600 0.9995534420 0.0256080460 0.1012838557 -0.0239201002 0.9945699573
-95.9 -539.5 2680.2 0.9947618842 -0.0250793435 -0.0990949273 0.0356353559 0.9937023520 0.1062344238 0.0958065689 -0.1092092395 0.9893909693
89.3 -147.8 2689.1 0.9850910306 0.1039958075 -0.1370422393 -0.1007481813 0.9944460392 0.0304438714 0.1394471526 -0.0161832292 0.9900972843
48.9 -533.9 2695.4 0.9873524308 -0.0828887895 -0.1351467967 0.0901285335 0.9947557449 0.0483512878 0.1304302663 -0.0599203408 0.9896451235
-178.9 -262.0 2596.4 0 0 0 0 0 0 0 0 0
165.9 -241.2 2612.5 0 0 0 0 0 0 0 0 0
-88.8 -819.5 2710.9 0 0 0 0 0 0 0 0 0
73.2 -825.8 2712.9 0 0 0 0 0 0 0 0 0
-13.2 436.9 2688.3 1 0.9934788346 -0.0195435192 -0.1123290733 0.0183266681 0.9997617602 -0.0118554039 0.1125340089 0.0097194761 0.9936003089
-9.3 239.9 2686.4 0.9934788346 -0.0195435192 -0.1123290733 0.0183266681 0.9997617602 -0.0118554039 0.1125340089 0.0097194761 0.9936003089
-4.9 45.9 2684.6 0.9934026003 -0.0230724551 -0.1123340353 0.0219042525 0.9996924996 -0.0116226459 0.1125676557 0.0090853740 0.9936025143
-145.1 236.9 2671.0 0.2261340469 -0.6376767159 -0.7363638878 0.9736487865 0.1250575483 0.1907057613 -0.0295207594 -0.7600848675 0.6491529346
-205.2 -22.0 2678.9 -0.0950458348 -0.6446959972 -0.7585073113 0.9441407919 0.1831397265 -0.2739671469 0.3155383468 -0.7421771288 0.5912771225
126.4 242.9 2701.8 0.2000965029 0.6774408817 0.7078384161 -0.9785122275 0.1748582274 0.1092633009 -0.0497519486 -0.7144917846 0.6978726983
174.9 5.7 2689.7 -0.0325863734 0.6787109375 0.7336822152 -0.9516538382 0.2032636553 -0.2303016335 -0.3054391742 -0.7057161927 0.6392742395
-90.0 -150.8 2672.8 0.9949154854 0.0147445276 -0.0996284485 -0.0127242953 0.9997009635 0.0208828002 0.0999065638 -0.0195089187 0.9948055744
-95.8 -538.9 2680.4 0.9949091673 -0.0235730875 -0.0979797393 0.0341075659 0.9936442971 0.1072738618 0.0948282331 -0.1100696027 0.9893898368
87.9 -147.4 2693.1 0.9855911136 0.1015921235 -0.1352376044 -0.0991541445 0.9947664738 0.0246602781 0.1370351166 -0.0108955828 0.9905062914
48.5 -533.5 2697.3 0.9877337217 -0.0805684403 -0.1337565482 0.0864852369 0.9954886436 0.0390217938 0.1300091892 -0.0501111075 0.9902456403
-181.0 -261.6 2598.8 0 0 0 0 0 0 0 0 0
166.6 -237.3 2611.7 0 0 0 0 0 0 0 0 0
-89.2 -815.2 2711.0 0 0 0 0 0 0 0 0 0
72.0 -823.8 2712.0 0 0 0 0 0 0 0 0 0
-12.8 436.3 2692.1 2 0.9949826598 -0.0216683466 -0.0976730511 0.0196340233 0.9995708466 -0.0217412449 0.0981022343 0.0197144467 0.9949810505
-8.5 239.6 2688.3 0.9949826598 -0.0216683466 -0.0976730511 0.0196340233 0.9995708466 -0.0217412449 0.0981022343 0.0197144467 0.9949810505
-3.8 45.6 2685.2 0.9949073195 -0.0245615859 -0.0977558121 0.0228921883 0.9995729327 -0.0181625225 0.0981601626 0.0158321820 0.9950447083
-144.4 236.5 2674.9 0.2232838124 -0.6462130547 -0.7297623158 0.9747067690 0.1406890899 0.1736470908 -0.0095434254 -0.7500768304 0.6612818241
-204.0 -23.6 2677.4 -0.0958013088 -0.6498932242 -0.7539634705 0.9471809268 0.1733742803 -0.2697954774 0.3060561419 -0.7399865985 0.5989570022
127.4 242.7 2701.7 0.2018979341 0.6684134603 0.7158635855 -0.9783307910 0.1718857884 0.1154300794 -0.0458917581 -0.7236564755 0.6886328459
175.4 10.2 2690.8 -0.0165819749 0.6693300009 0.7427802086 -0.9573423862 0.2037077397 -0.2049359083 -0.2884798050 -0.7144932151 0.6374000907
-89.4 -150.1 2672.8 0.9963221550 0.0101257944 -0.0850859433 -0.0089291586 0.9998559952 0.0144326668 0.0852198303 -0.0136198401 0.9962691069
-93.3 -538.3 2678.1 0.9964615703 -0.0093731470 -0.0835255161 0.0194562934 0.9924938083 0.1207374409 0.0817668661 -0.1219353154 0.9891642928
88.6 -146.2 2693.0 0.9872527719 0.1038257405 -0.1206325442 -0.1022302955 0.9945724010 0.0193569232 0.1219875440 -0.0067778747 0.9925084710
48.3 -532.3 2695.6 0.9895603061 -0.0814545304 -0.1188929006 0.0862623230 0.9956268668 0.0358595811 0.1154520437 -0.0457411967 0.9922593236
-179.7 -264.0 2599.7 0 0 0 0 0 0 0 0 0
171.1 -234.1 2617.1 0 0 0 0 0 0 0 0 0
-90.7 -817.1 2712.3 0 0 0 0 0 0 0 0 0
71.8 -819.4 2708.8 0 0 0 0 0 0 0 0 0
-10.2 437.1 2693.6 3 0.9967228174 -0.0125435125 -0.0799144357 0.0108289942 0.9997025728 -0.0218518265 0.0801647604 0.0209148210 0.9965621829
-7.7 240.5 2689.4 0.9967228174 -0.0125435125 -0.0799144357 0.0108289942 0.9997025728 -0.0218518265 0.0801647604 0.0209148210 0.9965621829
-4.9 46.5 2686.5 0.9966874719 -0.0147074303 -0.0799858123 0.0134195890 0.9997718930 -0.0166146830 0.0802119225 0.0154862711 0.9966575503
-143.9 238.7 2678.5 0.2209290117 -0.6572666168 -0.7205491066 0.9752872586 0.1506108642 0.1616513729 0.0022744858 -0.7384558320 0.6742980480
-203.6 -24.8 2677.9 -0.0967663080 -0.6592290998 -0.7456898093 0.9473785162 0.1686846614 -0.2720651031 0.3051396608 -0.7327772379 0.6082165241
128.4 242.4 2700.4 0.2098730803 0.6545149684 0.7263356447 -0.9765639901 0.1765751690 0.1230607480 -0.0477077402 -0.7351403832 0.6762341261
179.4 5.0 2688.8 -0.0274959635 0.6551008224 0.7550409436 -0.9598976970 0.1935116053 -0.2028537989 -0.2789988816 -0.7303397655 0.6235089898
-88.2 -150.5 2673.3 0.9976986051 0.0107524991 -0.0669471994 -0.0095444582 0.9997862577 0.0183384549 0.0671300739 -0.0176572762 0.9975879788
-92.3 -538.6 2680.2 0.9978536963 -0.0035423464 -0.0653872043 0.0118171880 0.9918830395 0.1266032308 0.0644079819 -0.1271041930 0.9897959828
90.1 -146.4 2690.9 0.9890739918 0.1052409932 -0.1032328233 -0.1042612568 0.9944390059 0.0148562118 0.1042222306 -0.0039307075 0.9945462942
49.2 -532.4 2692.4 0.9918875694 -0.0785302818 -0.0999601260 0.0833820403 0.9954867959 0.0453155749 0.0959503427 -0.0532828346 0.9939590096
-179.0 -265.2 2600.4 0 0 0 0 0 0 0 0 0
172.4 -240.0 2617.6 0 0 0 0 0 0 0 0 0
-91.3 -818.0 2716.0 0 0 0 0 0 0 0 0 0
72.2 -823.3 2708.0 0 0 0 0 0 0 0 0 0
-12.2 435.8 2696.8 4 0.9970315695 -0.0149393277 -0.0755305067 0.0125477323 0.9994078279 -0.0320399776 0.0759644359 0.0309971347 0.9966285825
-9.3 239.1 2690.7 0.9970315695 -0.0149393277 -0.0755305067 0.0125477323 0.9994078279 -0.0320399776 0.0759644359 0.0309971347 0.9966285825
-6.0 45.1 2686.1 0.9969896078 -0.0170045365 -0.0756475702 0.0151734669 0.9995793700 -0.0247145388 0.0760360137 0.0234923027 0.9968283176
-145.5 237.0 2680.3 0.2227393836 -0.6608956456 -0.7166618109 0.9748672247 0.1544629484 0.1605463475 0.0045933104 -0.7344100475 0.6786904931
-204.5 -21.2 2679.1 -0.0975126922 -0.6619273424 -0.7431981564 0.9485682845 0.1641709208 -0.2706770599 0.3011800647 -0.7313686609 0.6118745804
126.9 241.2 2701.1 0.2029671520 0.6546608806 0.7281644344 -0.9783469439 0.1663530022 0.1231418252 -0.0405162051 -0.7373912334 0.6742496490
175.5 6.8 2691.3 -0.0199735519 0.6562159061 0.7543088198 -0.9555668831 0.2093988657 -0.2074706405 -0.2940969467 -0.7249364257 0.6228757501
-91.3 -148.8 2676.3 0.9980294704 0.0026424087 -0.0626910925 -0.0020412810 0.9999513626 0.0096508367 0.0627135485 -0.0095038489 0.9979863167
-92.3 -537.0 2680.0 0.9980602860 -0.0054034349 -0.0620198250 0.0128068868 0.9927390218 0.1196044087 0.0609232262 -0.1201666966 0.9908825755
87.2 -146.4 2690.6 0.9898989797 0.1032504439 -0.0971566215 -0.1013517380 0.9945540428 0.0242923740 0.0991357043 -0.0142000029 0.9949725866
47.2 -532.5 2696.2 0.9915851951 -0.0872857198 -0.0956031755 0.0913650021 0.9950476289 0.0391486287 0.0917126015 -0.0475539826 0.9946494102
-179.8 -262.0 2602.6 0 0 0 0 0 0 0 0 0
170.4 -237.1 2616.3 0 0 0 0 0 0 0 0 0
-90.8 -815.9 2713.7 0 0 0 0 0 0 0 0 0
72.7 -823.3 2710.1 0 0 0 0 0 0 0 0 0
-13.7 436.4 2685.4 5 0.9938341975 -0.0175832957 -0.1094731092 0.0175575055 0.9998451471 -0.0011995943 0.1094772443 -0.0007298767 0.9939890504
-10.2 239.1 2685.5 0.9938341975 -0.0175832957 -0.1094731092 0.0175575055 0.9998451471 -0.0011995943 0.1094772443 -0.0007298767 0.9939890504
-6.2 45.1 2686.3 0.9937512279 -0.0215097275 -0.1095254347 0.0218025986 0.9997612238 0.0014769939 0.1094675139 -0.0038557036 0.9939829111
-145.9 236.0 2670.6 0.2224341780 -0.6384720802 -0.7368015051 0.9744300842 0.1209667102 0.1893490851 -0.0317656547 -0.7600792646 0.6490535140
-204.9 -22.3 2679.0 -0.0991709009 -0.6452209353 -0.7575322390 0.9457877874 0.1754929125 -0.2732904553 0.3092742562 -0.7435671687 0.5928382874
125.4 242.1 2700.4 0.1981157213 0.6775375605 0.7083029151 -0.9798406959 0.1558715999 0.1249648705 -0.0257359073 -0.7187815309 0.6947595477
173.1 6.4 2694.3 0.0016174950 0.6791939139 0.7339571118 -0.9522129893 0.2252196372 -0.2063166946 -0.3054305911 -0.6985497475 0.6471015215
-92.0 -150.3 2674.7 0.9953095913 0.0002779269 -0.0967408121 0.0019895080 0.9997255802 0.0233409964 0.0967207551 -0.0234239828 0.9950358868
-92.1 -538.4 2683.8 0.9953152537 -0.0072991755 -0.0964069366 0.0173123069 0.9944850802 0.1034394503 0.0951202363 -0.1046238914 0.9899525046
86.6 -147.6 2688.4 0.9860272408 0.1004167721 -0.1329162121 -0.0968988463 0.9947571754 0.0326928012 0.1355022490 -0.0193565674 0.9905879498
47.6 -533.8 2695.9 0.9872615933 -0.0876315236 -0.1327978820 0.0928824693 0.9951010346 0.0338640772 0.1291797459 -0.0457672961 0.9905644655
-179.7 -262.4 2600.5 0 0 0 0 0 0 0 0 0
173.5 -236.7 2616.3 0 0 0 0 0 0 0 0 0
-90.1 -817.1 2713.2 0 0 0 0 0 0 0 0 0
73.2 -824.9 2709.3 0 0 0 0 0 0 0 0 0
-11.6 436.2 2690.2 6 0.9954677820 -0.0149735026 -0.0939132273 0.0136851277 0.9998034239 -0.0143478718 0.0941096023 0.0129976291 0.9954770207
-8.7 238.4 2687.6 0.9954677820 -0.0149735026 -0.0939132273 0.0136851277 0.9998034239 -0.0143478718 0.0941096023 0.0129976291 0.9954770207
-5.4 44.4 2686.1 0.9954243898 -0.0171940122 -0.0939927250 0.0163817797 0.9998215437 -0.0094062658 0.0941376835 0.0078234589 0.9955284595
-144.6 236.1 2674.8 0.2224337757 -0.6492738724 -0.7273009419 0.9747796655 0.1342514008 0.1782728285 -0.0181067195 -0.7486120462 0.6627609730
-204.0 -24.1 2679.6 -0.0983665362 -0.6540253758 -0.7500498891 0.9451819062 0.1744280159 -0.2760544419 0.3113763332 -0.7360880971 0.6010150313
127.3 240.7 2700.4 0.1952367127 0.6685159802 0.7176134586 -0.9803858995 0.1531335860 0.1240710765 -0.0269472208 -0.7277613282 0.6853008866
173.0 11.1 2694.1 -0.0066473065 0.6697925329 0.7425185442 -0.9598757029 0.2038981766 -0.1925205290 -0.2803469896 -0.7140052915 0.6415622234
-91.1 -150.9 2677.2 0.9967044592 0.0030516700 -0.0810613930 -0.0012482241 0.9997507930 0.0222892687 0.0811092108 -0.0221146308 0.9964598417
-92.2 -539.0 2685.8 0.9966846108 -0.0105800824 -0.0806711540 0.0178269371 0.9958139062 0.0896484181 0.0793849677 -0.0907893181 0.9927010536
86.9 -146.9 2696.8 0.9879454374 0.1006913036 -0.1175800338 -0.0991143286 0.9948908687 0.0191980451 0.1189123765 -0.0073127546 0.9928778410
47.8 -533.2 2699.7 0.9891879559 -0.0873144865 -0.1178274751 0.0898941755 0.9958104491 0.0167496037 0.1158713549 -0.0271605104 0.9928928018
-179.0 -264.1 2600.5 0 0 0 0 0 0 0 0 0
171.3 -233.8 2622.6 0 0 0 0 0 0 0 0 0
-89.3 -816.8 2711.2 0 0 0 0 0 0 0 0 0
72.9 -819.8 2707.5 0 0 0 0 0 0 0 0 0
-12.9 436.9 2693.1 7 0.9957227707 -0.0156252477 -0.0910604522 0.0139581133 0.9997236133 -0.0189162008 0.0913308561 0.0175642613 0.9956656694
-9.8 239.7 2689.6 0.9957227707 -0.0156252477 -0.0910604522 0.0139581133 0.9997236133 -0.0189162008 0.0913308561 0.0175642613 0.9956656694
-6.1 45.6 2687.1 0.9956592917 -0.0188920554 -0.0911355764 0.0176363345 0.9997383952 -0.0145643717 0.0913868919 0.0128938546 0.9957320094
-145.8 237.2 2677.1 0.2155453265 -0.6524243355 -0.7265553474 0.9763939977 0.1333579272 0.1699129939 -0.0139634488 -0.7460282445 0.6657678485
-203.6 -24.8 2680.9 -0.0978600755 -0.6576820016 -0.7469121814 0.9435215592 0.1773921996 -0.2798197269 0.3165287971 -0.7321109176 0.6031775475
126.2 242.1 2702.1 0.2000650167 0.6671823859 0.7175247073 -0.9795260429 0.1529565752 0.1308930069 -0.0224206038 -0.7290212512 0.6841237545
173.4 11.0 2696.8 0.0032218143 0.6685904860 0.7436238527 -0.9559715986 0.2202716917 -0.1939039379 -0.2934415936 -0.7102585435 0.6398631334
-91.3 -151.2 2676.2 0.9969081879 0.0071745235 -0.0782466978 -0.0056726108 0.9997957349 0.0193999931 0.0783699006 -0.0188961495 0.9967452288
-94.1 -539.3 2683.5 0.9968518019 -0.0171166174 -0.0774175599 0.0248186458 0.9947133064 0.0996464491 0.0753026679 -0.1012541428 0.9920065999
87.0 -148.2 2693.0 0.9887014627 0.0984146520 -0.1130662188 -0.0954578966 0.9949416518 0.0312867574 0.1155733690 -0.0201401990 0.9930947423
48.8 -534.4 2700.8 0.9899505377 -0.0826782808 -0.1147266924 0.0848683119 0.9962891340 0.0143293925 0.1131162271 -0.0239220504 0.9932937622
-178.8 -264.3 2600.5 0 0 0 0 0 0 0 0 0
174.2 -233.0 2621.9 0 0 0 0 0 0 0 0 0
-89.2 -821.5 2712.2 0 0 0 0 0 0 0 0 0
72.3 -817.5 2707.6 0 0 0 0 0 0 0 0 0
-12.1 435.7 2694.5 8 0.9940158725 -0.0125278980 -0.1085149720 0.0101967501 0.9997057319 -0.0220106002 0.1087587923 0.0207723863 0.9938511252
-9.7 238.5 2690.4 0.9940158725 -0.0125278980 -0.1085149720 0.0101967501 0.9997057319 -0.0220106002 0.1087587923 0.0207723863 0.9938511252
-6.4 44.5 2687.4 0.9939423800 -0.0169883352 -0.1085814908 0.0151750101 0.9997316003 -0.0175047331 0.1088497266 0.0157509707 0.9939334393
-145.4 236.4 2675.6 0.2174970061 -0.6416146159 -0.7355445027 0.9757944942 0.1253249347 0.1792169809 -0.0228061713 -0.7567194700 0.6533418298
-203.6 -24.4 2681.7 -0.0914614126 -0.6479567885 -0.7561658621 0.9462101460 0.1801123321 -0.2687859237 0.3103564680 -0.7400753498 0.5966299772
126.1 240.6 2705.3 0.2036305964 0.6783832312 0.7059254646 -0.9786147475 0.1624771506 0.1261523068 -0.0291171577 -0.7165175080 0.6969611049
173.3 13.6 2698.5 0.0030094795 0.6793487668 0.7338093519 -0.9555991292 0.2181759030 -0.1980646402 -0.2946544886 -0.7006314993 0.6498417258
-91.7 -150.0 2676.4 0.9953660965 0.0102441087 -0.0956107900 -0.0084281312 0.9997767210 0.0193779953 0.0957879499 -0.0184823778 0.9952301383
-95.7 -538.2 2683.6 0.9951707721 -0.0266920887 -0.0944600180 0.0362234861 0.9942598343 0.1006741598 0.0912305936 -0.1036096513 0.9904251695
86.7 -146.8 2692.8 0.9869723916 0.0949853659 -0.1298587471 -0.0913683772 0.9952519536 0.0335464962 0.1324286014 -0.0212444831 0.9909648299
49.8 -533.2 2701.0 0.9878692627 -0.0815485790 -0.1321519613 0.0834754929 0.9964683056 0.0090978676 0.1309433281 -0.0200189538 0.9911876917
-180.3 -264.6 2602.9 0 0 0 0 0 0 0 0 0
174.1 -230.4 2623.3 0 0 0 0 0 0 0 0 0
-88.1 -820.0 2713.0 0 0 0 0 0 0 0 0 0
73.3 -820.7 2706.8 0 0 0 0 0 0 0 0 0
-11.4 438.2 2694.7 9 0.9936611056 -0.0083048679 -0.1121098325 0.0062592495 0.9998076558 -0.0185862202 0.1122426242 0.0177666806 0.9935219884
-9.8 240.8 2691.2 0.9936611056 -0.0083048679 -0.1121098325 0.0062592495 0.9998076558 -0.0185862202 0.1122426242 0.0177666806 0.9935219884
-7.0 46.7 2688.4 0.9935860038 -0.0145740025 -0.1121357158 0.0128226550 0.9997845292 -0.0163235366 0.1123494580 0.0147809600 0.9935588241
-145.5 239.0 2675.9 0.2142052948 -0.6402842402 -0.7376667261 0.9763891101 0.1187554076 0.1804480106 -0.0279361028 -0.7589026690 0.6506045461
-203.5 -25.2 2683.4 -0.0883784890 -0.6490229964 -0.7556179166 0.9420878291 0.1919123530 -0.2750276625 0.3235116899 -0.7361649275 0.5944756866
126.0 242.6 2706.6 0.2056743950 0.6801325083 0.7036460638 -0.9781223536 0.1658074856 0.1256365329 -0.0312202945 -0.7140921354 0.6993551850
174.1 13.7 2699.3 0.0064348965 0.6808669567 0.7323788404 -0.9553896189 0.2204505205 -0.1965507865 -0.2952782512 -0.6984423995 0.6519117951
-92.1 -151.0 2674.6 0.9950717092 0.0037477938 -0.0990868211 -0.0018205453 0.9998075366 0.0195333697 0.0991409570 -0.0192567110 0.9948870540
-93.6 -539.1 2682.0 0.9950075746 -0.0166195650 -0.0984061062 0.0269634165 0.9941344261 0.1047366261 0.0960882157 -0.1068670973 0.9896193743
85.9 -148.2 2694.1 0.9867243171 0.0926529989 -0.1333811879 -0.0889216661 0.9954690933 0.0336781181 0.1358972192 -0.0213705413 0.9904924035
50.0 -534.7 2702.4 0.9874204397 -0.0807875544 -0.1359199136 0.0823398381 0.9965872765 0.0058283471 0.1349851936 -0.0169466510 0.9907026887
-181.0 -264.3 2601.3 0 0 0 0 0 0 0 0 0
175.7 -230.2 2623.9 0 0 0 0 0 0 0 0 0
-88.9 -817.7 2712.0 0 0 0 0 0 0 0 0 0
73.3 -823.0 2707.3 0 0 0 0 0 0 0 0 0
-11.9 437.1 2695.9 0 0.9951246381 -0.0103633609 -0.0980793089 0.0085986666 0.9997937679 -0.0183981638 0.0982497483 0.0174651146 0.9950085282
-9.9 239.9 2692.4 0.9951246381 -0.0103633609 -0.0980793089 0.0085986666 0.9997937679 -0.0183981638 0.0982497483 0.0174651146 0.9950085282
-6.9 45.8 2689.5 0.9950608611 -0.0151600260 -0.0981020257 0.0135933701 0.9997695088 -0.0166184194 0.0983313546 0.0152028026 0.9950376153
-145.8 238.0 2679.0 0.2214905024 -0.6475660801 -0.7291091681 0.9750113487 0.1338945478 0.1772713810 -0.0171711929 -0.7501536012 0.6610406041
-204.7 -21.1 2683.5 -0.0877126977 -0.6534730792 -0.7518506646 0.9438523054 0.1868103892 -0.2724788487 0.3185110986 -0.7335358262 0.6003964543
126.1 241.8 2705.8 0.1920474321 0.6713917851 0.7157868743 -0.9806781411 0.1589795649 0.1139992252 -0.0372573435 -0.7238498330 0.6889508963
171.5 9.7 2697.0 0.0023557176 0.6722626090 0.7403090000 -0.9589057565 0.2115564793 -0.1890597045 -0.2837149501 -0.7094412446 0.6451348662
-93.1 -148.5 2675.4 0.9963729382 0.0024964756 -0.0850575492 -0.0006410188 0.9997614026 0.0218344647 0.0850917697 -0.0217007454 0.9961367846
-94.1 -536.6 2683.9 0.9963284731 -0.0131526282 -0.0845966563 0.0216655601 0.9946997762 0.1005134135 0.0828262568 -0.1019772068 0.9913326502
84.9 -146.2 2695.6 0.9881193042 0.0955177695 -0.1204019338 -0.0934145749 0.9953614473 0.0230059419 0.1220409274 -0.0114853196 0.9924586415
47.8 -532.6 2700.0 0.9892179370 -0.0829751343 -0.1206770688 0.0860077888 0.9960910082 0.0201335885 0.1185347512 -0.0302956756 0.9924876094
-182.4 -260.7 2602.7 0 0 0 0 0 0 0 0 0
172.1 -235.2 2624.6 0 0 0 0 0 0 0 0 0
-90.4 -817.3 2712.6 0 0 0 0 0 0 0 0 0
71.9 -821.9 2708.8 0 0 0 0 0 0 0 0 0
-11.0 436.8 2695.9 1 0.9965198636 -0.0077945474 -0.0829906762 0.0063124723 0.9998161793 -0.0181057733 0.0831165463 0.0175188854 0.9963858128
-9.5 240.2 2692.5 0.9965198636 -0.0077945474 -0.0829906762 0.0063124723 0.9998161793 -0.0181057733 0.0831165463 0.0175188854 0.9963858128
-7.2 46.1 2689.6 0.9964751005 -0.0121032279 -0.0830117092 0.0108114993 0.9998136759 -0.0159927141 0.0831898004 0.0150388591 0.9964202642
-145.6 238.7 2681.1 0.2158533037 -0.6575254798 -0.7218500972 0.9763987064 0.1398468018 0.1645855010 -0.0072707329 -0.7403398752 0.6721934676
-203.7 -24.1 2683.1 -0.0952070728 -0.6620711684 -0.7433689237 0.9429605603 0.1793217361 -0.2804802060 0.3190000653 -0.7276712656 0.6072342992
126.6 241.6 2703.8 0.1958174556 0.6624596715 0.7230510116 -0.9804126024 0.1481409669 0.1297895908 -0.0211330988 -0.7343034148 0.6784923673
172.6 11.4 2698.9 -0.0156999845 0.6643121839 0.7472903132 -0.9592404366 0.2008963972 -0.1987420171 -0.2821546793 -0.7199513912 0.6340810657
-93.1 -149.5 2677.7 0.9975565672 -0.0014579265 -0.0698484108 0.0028354269 0.9998033643 0.0196262021 0.0698060617 -0.0197762959 0.9973645210
-92.6 -537.6 2685.4 0.9975478649 -0.0056682541 -0.0697576255 0.0123301242 0.9953584075 0.0954439715 0.0688928440 -0.0960700437 0.9929875731
85.2 -147.0 2695.3 0.9897796512 0.0955974013 -0.1058177724 -0.0942450613 0.9953913093 0.0177189689 0.1070239842 -0.0075650727 0.9942276478
48.0 -533.5 2698.3 0.9908078313 -0.0861245543 -0.1043188423 0.0900171697 0.9953870177 0.0331910886 0.1009790450 -0.0422764756 0.9939898849
-179.5 -263.4 2602.1 0 0 0 0 0 0 0 0 0
168.6 -233.5 2626.8 0 0 0 0 0 0 0 0 0
-91.0 -816.1 2712.3 0 0 0 0 0 0 0 0 0
73.3 -825.2 2710.6 0 0 0 0 0 0 0 0 0
-11.2 440.9 2705.4 2 0.9979913831 -0.0065738512 -0.0630077720 0.0037050450 0.9989556670 -0.0455401354 0.0632413477 0.0452152155 0.9969734550
-9.9 244.6 2696.6 0.9979913831 -0.0065738512 -0.0630077720 0.0037050450 0.9989556670 -0.0455401354 0.0632413477 0.0452152155 0.9969734550
-7.4 50.7 2688.9 0.9979274869 -0.0128184492 -0.0630587861 0.0102883987 0.9991352558 -0.0402844660 0.0635206401 0.0395522043 0.9971964359
-146.2 243.1 2687.9 0.2197144330 -0.6702950597 -0.7088230252 0.9753557444 0.1659509540 0.1454010755 0.0201682318 -0.7233012915 0.6902379394
-206.2 -23.4 2682.4 -0.1030737385 -0.6707624197 -0.7344750166 0.9424914718 0.1701647043 -0.2876696885 0.3179397285 -0.7218876481 0.6146483421
126.4 246.0 2705.2 0.1825202554 0.6525496244 0.7354354858 -0.9828631878 0.1407344937 0.1190535575 -0.0258127786 -0.7445621490 0.6670539379
170.9 6.5 2698.9 -0.0121669369 0.6548395157 0.7556700110 -0.9593213201 0.2055270821 -0.1935491115 -0.2820542455 -0.7272852659 0.6257008314
-94.1 -149.0 2679.2 0.9987527728 0.0009040485 -0.0499212742 -0.0008470080 0.9999989867 0.0011637536 0.0499222726 -0.0011200184 0.9987524748
-94.4 -537.1 2679.6 0.9986344576 -0.0169336889 -0.0494213961 0.0230292547 0.9918259382 0.1255030185 0.0468921922 -0.1264697760 0.9908614755
84.5 -147.0 2694.1 0.9923196435 0.0900221094 -0.0848395601 -0.0898970589 0.9959369302 0.0053009330 0.0849720538 0.0023666068 0.9963805079
49.5 -533.7 2693.2 0.9932752252 -0.0824643075 -0.0812650546 0.0862425193 0.9952963591 0.0441288538 0.0772437602 -0.0508405976 0.9957151413
-180.1 -262.6 2601.7 0 0 0 0 0 0 0 0 0
167.8 -238.5 2626.9 0 0 0 0 0 0 0 0 0
-89.5 -824.2 2716.2 0 0 0 0 0 0 0 0 0
73.8 -826.7 2708.1 0 0 0 0 0 0 0 0 0
-13.4 439.5 2701.2 3 0.9970975518 -0.0096557578 -0.0755198151 0.0069532488 0.9993287921 -0.0359668545 0.0758164078 0.0353373550 0.9964954257
-11.5 243.3 2694.3 0.9970975518 -0.0096557578 -0.0755198151 0.0069532488 0.9993287921 -0.0359668545 0.0758164078 0.0353373550 0.9964954257
-8.9 49.3 2688.8 0.9970390797 -0.0140607096 -0.0755999535 0.0118804276 0.9995025992 -0.0292125158 0.0759731010 0.0282278601 0.9967102408
-147.7 241.7 2683.9 0.2196598798 -0.6641820073 -0.7145710588 0.9755505323 0.1441964656 0.1658569872 -0.0071206102 -0.7335323095 0.6796172857
-206.1 -17.6 2685.8 -0.0934380442 -0.6676444411 -0.7385934591 0.9443441033 0.1755813509 -0.2781822383 0.3154100478 -0.7234791517 0.6140801311
124.6 245.0 2704.6 0.1898266971 0.6604437828 0.7264845967 -0.9816804528 0.1400423348 0.1291962266 -0.0164117534 -0.7377005816 0.6749284863
170.2 9.3 2700.7 -0.0028698938 0.6621048450 0.7494056821 -0.9613410830 0.2045203298 -0.1843765676 -0.2753453255 -0.7209636569 0.6359216571
-94.4 -144.1 2675.5 0.9980421662 -0.0017491439 -0.0625197664 0.0029786373 0.9998039007 0.0195778850 0.0624732599 -0.0197257791 0.9978516698
