-282.8 493.7 2458.7 4 0.9573513269 0.0884569660 -0.2750523686 -0.0856203288 0.9960775971 0.0223276485 0.2759485543 0.0021746692 0.9611699581
-300.7 292.0 2458.2 0.9573513269 0.0884569660 -0.2750523686 -0.0856203288 0.9960775971 0.0223276485 0.2759485543 0.0021746692 0.9611699581
-317.9 94.0 2457.6 0.9574914575 0.0865452811 -0.2751727402 -0.0840250850 0.9962432384 0.0209572185 0.2759527266 0.0030550552 0.9611663222
-440.6 304.2 2417.9 0.1637297124 -0.5069612265 -0.8462759256 0.9820882678 0.1648506671 0.0912517235 0.0932480693 -0.8460582495 0.5248715878
-485.3 35.9 2392.5 -0.2590544522 -0.4943182468 -0.8297832608 0.9258934259 0.1174900234 -0.3590507209 0.2749765813 -0.8613045812 0.4272497296
-160.8 279.7 2498.6 0.0918918625 0.6083689928 0.7883166075 -0.9954934716 0.0747489482 0.0583557487 -0.0234240089 -0.7901264429 0.6124961376
-135.5 5.0 2492.1 -0.0574428961 0.6243038774 0.7790667415 -0.9438046217 0.2204465419 -0.2462439984 -0.3254736364 -0.7494317889 0.5765578151
-423.2 -98.9 2431.8 0.8921809196 -0.1046848670 0.4393794239 0.1260268092 0.9918333292 -0.0195930321 -0.4337400794 0.0728541166 0.8980878592
-381.6 -493.1 2402.9 0.8986997604 0.0486436747 0.4358583391 -0.0597033873 0.9981475472 0.0117053073 -0.4344815314 -0.0365417749 0.8999391794
-248.0 -113.8 2483.9 0.9185838103 0.0620657541 0.3903225064 -0.0837032869 0.9957407713 0.0386528522 -0.3862610161 -0.0681771562 0.9198664427
-272.7 -509.5 2511.0 0.9224728942 -0.0259811487 0.3851866126 0.0403564163 0.9987562299 -0.0292815622 -0.3839467466 0.0425561965 0.9223740697
-411.2 -228.7 2313.9 0 0 0 0 0 0 0 0 0
-150.8 -247.1 2405.2 0 0 0 0 0 0 0 0 0
-397.4 -818.0 2414.7 0 0 0 0 0 0 0 0 0
-264.9 -808.6 2498.2 0 0 0 0 0 0 0 0 0
-285.3 496.9 2463.2 5 0.9635290504 0.0854082555 -0.2536084354 -0.0857808664 0.9962676764 0.0096098194 0.2534826398 0.0124954125 0.9672592282
-302.5 295.3 2460.7 0.9635290504 0.0854082555 -0.2536084354 -0.0857808664 0.9962676764 0.0096098194 0.2534826398 0.0124954125 0.9672592282
-319.6 97.4 2458.2 0.9635205865 0.0855263695 -0.2536007762 -0.0858794972 0.9962583184 0.0096990820 0.2534814179 0.0124338418 0.9672603607
-443.3 307.8 2423.7 0.1661497056 -0.5253096819 -0.8345322013 0.9805601835 0.1775976270 0.0834312066 0.1043837294 -0.8321711421 0.5446055532
-488.1 43.2 2395.5 -0.2521150708 -0.5111295581 -0.8216961622 0.9249074459 0.1224311665 -0.3599399924 0.2845771909 -0.8507391810 0.4418807924
-161.8 282.8 2497.7 0.0972189978 0.5913947225 0.8005002737 -0.9950473905 0.0744977221 0.0658087805 -0.0207164828 -0.8029335737 0.5957083702
-135.0 8.0 2492.0 -0.0656745210 0.6078346968 0.7913430929 -0.9449425340 0.2169015557 -0.2450251132 -0.3205783069 -0.7638656497 0.5601239204
-422.9 -96.2 2431.7 0.8829584122 -0.0994942263 0.4587868750 0.1238353401 0.9920317531 -0.0231916513 -0.4528236985 0.0772912949 0.8882436156
-383.4 -490.5 2401.0 0.8895766139 0.0446380526 0.4545996785 -0.0578357130 0.9982110262 0.0151586132 -0.4531097710 -0.0397768468 0.8905668855
-247.3 -111.6 2482.3 0.9093053341 0.0614865050 0.4115619063 -0.0861222297 0.9954171181 0.0415652655 -0.4071200788 -0.0732401460 0.9104334712
-271.7 -507.2 2511.5 0.9135359526 -0.0254312400 0.4059621692 0.0417336747 0.9986366630 -0.0313542597 -0.4046113491 0.0455855355 0.9133518338
-416.0 -221.1 2314.2 0 0 0 0 0 0 0 0 0
-152.5 -244.4 2406.4 0 0 0 0 0 0 0 0 0
-397.9 -814.7 2413.9 0 0 0 0 0 0 0 0 0
-264.1 -808.1 2497.7 0 0 0 0 0 0 0 0 0
-283.7 498.2 2462.5 6 0.9668827057 0.0889879391 -0.2392049134 -0.0889161751 0.9959771037 0.0111136623 0.2392316014 0.0105235782 0.9709054828
-301.7 296.7 2460.4 0.9668827057 0.0889879391 -0.2392049134 -0.0889161751 0.9959771037 0.0111136623 0.2392316014 0.0105235782 0.9709054828
-319.4 98.8 2457.7 0.9668114781 0.0890581608 -0.2394665927 -0.0897131786 0.9959340096 0.0081862239 0.2392219603 0.0135687729 0.9708700776
-442.9 309.8 2425.4 0.1729287654 -0.5377302170 -0.8251920342 0.9802183509 0.1758481860 0.0908262208 0.0962685123 -0.8245748281 0.5575022101
-489.3 46.7 2399.6 -0.2289823592 -0.5298704505 -0.8165808916 0.9250169396 0.1428160816 -0.3520613611 0.3031678200 -0.8359670043 0.4574368000
-160.5 283.6 2495.3 0.0925096497 0.5800916553 0.8092809319 -0.9954531193 0.0724068210 0.0618900321 -0.0226955693 -0.8113266230 0.5841523409
-135.1 10.2 2489.1 -0.0675885826 0.5961681008 0.8000096083 -0.9478583932 0.2119318247 -0.2380113900 -0.3114422858 -0.7743826509 0.5507587790
-424.9 -92.7 2432.5 0.8781142831 -0.0937475413 0.4691765904 0.1069947183 0.9942583442 -0.0015864342 -0.4663340151 0.0515924878 0.8831029534
-387.7 -487.7 2412.0 0.8828019500 0.0279811192 0.4689113200 -0.0323205069 0.9994768500 0.0012073196 -0.4686322212 -0.0162212756 0.8832444549
-248.2 -108.5 2479.0 0.9042029977 0.0483418629 0.4243583083 -0.0666033104 0.9973782301 0.0282963496 -0.4218778312 -0.0538493134 0.9050521255
-267.5 -504.7 2500.4 0.9061071277 -0.0091966875 0.4229483604 0.0091253864 0.9999559522 0.0021934253 -0.4229499102 0.0018720888 0.9061511159
-423.9 -217.6 2313.0 0 0 0 0 0 0 0 0 0
-153.1 -242.9 2405.9 0 0 0 0 0 0 0 0 0
-396.8 -813.1 2417.3 0 0 0 0 0 0 0 0 0
-264.6 -809.5 2499.8 0 0 0 0 0 0 0 0 0
-282.4 497.8 2462.6 7 0.9676772952 0.0929011777 -0.2344568819 -0.0923598483 0.9956367016 0.0133128744 0.2346706539 0.0087718349 0.9720353484
-301.2 296.5 2460.9 0.9676772952 0.0929011777 -0.2344568819 -0.0923598483 0.9956367016 0.0133128744 0.2346706539 0.0087718349 0.9720353484
-319.7 98.6 2458.1 0.9675610065 0.0929630697 -0.2349118590 -0.0936057568 0.9955735803 0.0084384754 0.2346565127 0.0138243632 0.9719800353
-442.6 310.1 2426.6 0.1835203767 -0.5424924493 -0.8197696209 0.9796651602 0.1697297543 0.1069952026 0.0810952112 -0.8227355480 0.5626097918
-492.2 44.9 2404.6 -0.2281180918 -0.5390030742 -0.8108253479 0.9191617966 0.1554253250 -0.3619178534 0.3210976422 -0.8278397322 0.4599757493
-159.9 282.8 2495.1 0.0922688618 0.5762388110 0.8120561838 -0.9953990579 0.0745340958 0.0602112226 -0.0258298274 -0.8138755560 0.5804647803
-134.8 11.8 2488.1 -0.0540997572 0.5921987295 0.8039737940 -0.9462514520 0.2267150432 -0.2306696177 -0.3188751936 -0.7732405663 0.5481036901
-425.8 -90.9 2433.1 0.8775008321 -0.0819175467 0.4725270569 0.0904721320 0.9958881736 0.0046375003 -0.4709640145 0.0386811197 0.8813039660
-393.2 -486.5 2417.7 0.8808478117 0.0051497095 0.4733715057 -0.0026465023 0.9999787807 -0.0059539587 -0.4733921289 0.0039917529 0.8808427453
-248.5 -107.3 2476.9 0.9023210406 0.0431953371 0.4288949668 -0.0623509325 0.9975818396 0.0307060536 -0.4265314639 -0.0544487201 0.9028323293
-265.6 -503.7 2498.6 0.9041219354 -0.0007700646 0.4272738397 0.0015932642 0.9999974966 -0.0015691164 -0.4272715747 0.0020994327 0.9041209221
-427.1 -217.7 2312.9 0 0 0 0 0 0 0 0 0
-149.2 -240.9 2402.9 0 0 0 0 0 0 0 0 0
-394.9 -813.4 2416.4 0 0 0 0 0 0 0 0 0
-265.4 -806.3 2497.9 0 0 0 0 0 0 0 0 0
-283.1 496.4 2463.2 8 0.9734649062 0.0956351534 -0.2078941166 -0.0957024470 0.9953621626 0.0097580571 0.2078631520 0.0103968503 0.9781026840
-302.4 295.3 2461.1 0.9734649062 0.0956351534 -0.2078941166 -0.0957024470 0.9953621626 0.0097580571 0.2078631520 0.0103968503 0.9781026840
-321.0 97.5 2458.0 0.9735278487 0.0938297212 -0.2084214538 -0.0950411707 0.9954643846 0.0042170384 0.2078718245 0.0157032143 0.9780300260
-444.5 309.2 2430.7 0.1869550347 -0.5622504950 -0.8055570722 0.9777812958 0.1856551468 0.0973443538 0.0948239043 -0.8058576584 0.5844671726
-495.4 43.2 2405.0 -0.2309841067 -0.5524068475 -0.8009325862 0.9198091626 0.1443701982 -0.3648401797 0.3171710074 -0.8209774494 0.4747616649
-160.2 281.4 2491.5 0.0870102271 0.5547011495 0.8274877071 -0.9958830476 0.0696283281 0.0580420643 -0.0254205838 -0.8291311860 0.5584758520
-136.5 9.9 2484.5 -0.0477717184 0.5709373951 0.8196025491 -0.9478954077 0.2328359783 -0.2174436450 -0.3149796724 -0.7872851491 0.5300659537
-426.9 -90.6 2433.9 0.8655349016 -0.0790332034 0.4945736527 0.0784303546 0.9966765642 0.0220115539 -0.4946696162 0.0197378192 0.8688569665
-395.5 -486.6 2426.0 0.8672877550 -0.0029991770 0.4977981448 0.0183063112 0.9994976521 -0.0258722715 -0.4974704683 0.0315515511 0.8669069409
-249.5 -107.8 2476.9 0.8905947208 0.0348490849 0.4534606338 -0.0550148040 0.9979932308 0.0313516632 -0.4514580667 -0.0528686754 0.8907247186
-263.3 -504.4 2497.9 0.8919316530 0.0123425545 0.4520018101 -0.0124016413 0.9999190569 -0.0028321559 -0.4520002007 -0.0030794749 0.8920125365
-429.4 -219.6 2314.3 0 0 0 0 0 0 0 0 0
-149.2 -243.3 2400.4 0 0 0 0 0 0 0 0 0
-394.5 -813.2 2415.7 0 0 0 0 0 0 0 0 0
-267.1 -809.0 2498.8 0 0 0 0 0 0 0 0 0
-287.5 494.3 2463.0 9 0.9743025303 0.0704430342 -0.2139447182 -0.0711713582 0.9974548221 0.0043062991 0.2137035280 0.0110310968 0.9768362641
-301.8 291.7 2460.7 0.9743025303 0.0704430342 -0.2139447182 -0.0711713582 0.9974548221 0.0043062991 0.2137035280 0.0110310968 0.9768362641
-315.9 93.6 2457.9 0.9742189050 0.0709559843 -0.2141559273 -0.0723511875 0.9973783493 0.0013264362 0.2136886120 0.0142021980 0.9767985940
-444.0 302.3 2429.5 0.2248127460 -0.5085552335 -0.8311623335 0.9713066220 0.1848969012 0.1495878994 0.0776056349 -0.8409427404 0.5355302691
-503.1 47.3 2409.2 -0.2874801755 -0.5085552335 -0.8116198182 0.8841638565 0.1848969012 -0.4290307462 0.3682518303 -0.8409427404 0.3964919746
-159.5 281.2 2491.9 0.0639851391 0.5576511025 0.8276056647 -0.9963790178 0.0822255835 0.0216289740 -0.0559889376 -0.8259928226 0.5608930588
-141.9 6.8 2476.5 -0.0605121255 0.5728113651 0.8174505830 -0.9476552606 0.2242514193 -0.2272900790 -0.3135087788 -0.7884151340 0.5292577744
-428.9 -91.6 2435.8 0.8696349263 -0.0767240748 0.4876971543 0.0609897450 0.9969792366 0.0480902828 -0.4899136126 -0.0120764654 0.8716873527
-398.5 -487.6 2440.6 0.8700350523 -0.0008337299 0.4929891825 0.0316801667 0.9980262518 -0.0542218201 -0.4919709265 0.0627928674 0.8683441877
-250.4 -109.0 2473.9 0.8938604593 0.0422467366 0.4463504255 -0.0491604954 0.9987832308 0.0039146165 -0.4456419349 -0.0254419297 0.8948497176
-267.2 -505.8 2484.0 0.8941980600 0.0016665180 0.4476684928 -0.0235234816 0.9987865090 0.0432689749 -0.4470531344 -0.0492217541 0.8931521177
-421.2 -204.5 2304.3 0 0 0 0 0 0 0 0 0
-158.1 -246.3 2392.8 0 0 0 0 0 0 0 0 0
-398.2 -813.7 2420.1 0 0 0 0 0 0 0 0 0
-267.7 -810.6 2499.1 0 0 0 0 0 0 0 0 0
-292.3 492.6 2454.9 0 0.9803069234 0.0629655346 -0.1871727556 -0.0615549535 0.9980145097 0.0133447042 0.1876413673 -0.0015604966 0.9822363853
-305.1 289.1 2455.2 0.9803069234 0.0629655346 -0.1871727556 -0.0615549535 0.9980145097 0.0133447042 0.1876413673 -0.0015604966 0.9822363853
-317.8 90.8 2454.0 0.9801636934 0.0637916997 -0.1876426935 -0.0638108328 0.9979442954 0.0059448122 0.1876361817 0.0061467481 0.9822193384
-448.2 298.4 2427.8 0.2147026360 -0.5283252001 -0.8214470744 0.9722631574 0.1955081969 0.1283777952 0.0927744061 -0.8262257576 0.5556472540
-504.6 43.0 2403.4 -0.3826441765 -0.5283252001 -0.7579287291 0.8138695955 0.1955081969 -0.5471680164 0.4372639358 -0.8262257576 0.3551777303
-162.0 279.7 2482.6 0.0623058341 0.5351525545 0.8424545527 -0.9970879555 0.0705647841 0.0289172512 -0.0439724848 -0.8418030143 0.5379908085
-144.8 4.4 2470.4 -0.0679394156 0.5533354878 0.8301831484 -0.9469811320 0.2261410505 -0.2282257974 -0.3140239120 -0.8016732931 0.5086343884
-419.3 -97.9 2435.5 0.8582392931 -0.0482857972 0.5109733939 0.0242263395 0.9982662797 0.0536428839 -0.5126777291 -0.0336594135 0.8579211235
-400.1 -494.3 2448.9 0.8584066033 -0.0014431666 0.5129678249 0.0456531271 0.9962428212 -0.0735937059 -0.5109342933 0.0865919068 0.8552473187
-240.7 -111.2 2474.7 0.8813385963 0.0678969845 0.4675813615 -0.0547539778 0.9976304173 -0.0416597091 -0.4693019390 0.0111143701 0.8829678297
-267.6 -507.2 2470.3 0.8814057708 0.0038608245 0.4723440707 -0.0460671335 0.9959023595 0.0778221637 -0.4701081216 -0.0903524384 0.8779720068
-396.5 -187.1 2279.8 0 0 0 0 0 0 0 0 0
-163.0 -248.5 2386.6 0 0 0 0 0 0 0 0 0
-399.7 -815.3 2421.0 0 0 0 0 0 0 0 0 0
-268.8 -812.0 2498.0 0 0 0 0 0 0 0 0 0
-299.1 495.8 2450.3 1 0.9814012647 0.0559740216 -0.1836259812 -0.0528707914 0.9983643293 0.0217562169 0.1845434159 -0.0116431275 0.9827554226
-310.5 292.7 2452.7 0.9814012647 0.0559740216 -0.1836259812 -0.0528707914 0.9983643293 0.0217562169 0.1845434159 -0.0116431275 0.9827554226
-321.5 94.3 2453.1 0.9813216925 0.0556806400 -0.1841395646 -0.0542933159 0.9984458685 0.0125714252 0.1845533699 -0.0023390651 0.9828197360
-453.8 300.6 2425.7 0.1770118326 -0.5311730504 -0.8285662532 0.9776371121 0.1920174956 0.0857611895 0.1135451719 -0.8252178431 0.5532838702
-500.8 40.8 2395.6 -0.4828843474 -0.5311730504 -0.6961880922 0.7317008972 0.1920174956 -0.6540206671 0.4810784757 -0.8252178431 0.2959375679
-167.2 284.8 2479.6 0.0676112399 0.5308852196 0.8447423577 -0.9965327978 0.0770813152 0.0313178152 -0.0484876856 -0.8439309001 0.5342561007
-148.2 4.9 2466.0 -0.0611991882 0.5463427901 0.8353227973 -0.9507468343 0.2228727639 -0.2154255360 -0.3038668931 -0.8073644042 0.5057940483
-420.3 -101.6 2435.5 0.8573634624 -0.0328572318 0.5136616826 0.0000278604 0.9979633689 0.0637898967 -0.5147114992 -0.0546768159 0.8556182384
-407.2 -497.9 2457.2 0.8582130671 -0.0223573744 0.5128065348 0.0772650614 0.9932944179 -0.0860020891 -0.5074450374 0.1134301424 0.8541856408
-240.6 -113.3 2469.9 0.8802700639 0.0646600574 0.4700464308 -0.0480623804 0.9977266192 -0.0472403988 -0.4720323980 0.0189927593 0.8813765645
-266.3 -509.6 2462.4 0.8802026510 0.0125059504 0.4744332433 -0.0690939277 0.9923790097 0.1020291373 -0.4695416093 -0.1225867793 0.8743587136
-364.8 -165.3 2260.1 0 0 0 0 0 0 0 0 0
-164.5 -249.0 2384.9 0 0 0 0 0 0 0 0 0
-400.1 -816.8 2420.8 0 0 0 0 0 0 0 0 0
-270.1 -813.7 2499.9 0 0 0 0 0 0 0 0 0
-302.8 492.7 2448.0 2 0.9825078249 0.0356892496 -0.1827692389 -0.0313180313 0.9991514683 0.0267482363 0.1835687906 -0.0205563791 0.9827919006
-310.1 289.1 2452.2 0.9825078249 0.0356892496 -0.1827692389 -0.0313180313 0.9991514683 0.0267482363 0.1835687906 -0.0205563791 0.9827919006
-316.9 90.5 2454.4 0.9824931622 0.0343330987 -0.1831078082 -0.0317379571 0.9993501902 0.0170853697 0.1835754067 -0.0109747909 0.9829443693
-453.5 293.7 2425.4 0.2841737568 -0.5683087707 -0.7721855044 0.9586750269 0.1799287200 0.2203812599 0.0136937350 -0.8029015064 0.5959544182
-529.3 38.2 2421.8 -0.5647238493 -0.5683087707 -0.5984247327 0.6243937016 0.1799287200 -0.7601040602 0.5396475792 -0.8029015064 0.2532383800
-166.6 284.4 2479.0 0.0599135607 0.5282066464 0.8469994664 -0.9966575503 0.0788619891 0.0213198178 -0.0555347949 -0.8454457521 0.5311660171
-150.2 11.1 2463.8 -0.0572490841 0.5423055887 0.8382285833 -0.9532325864 0.2198840231 -0.2073611468 -0.2967661917 -0.8108980656 0.5043551922
-422.5 -99.1 2436.7 0.8572863340 -0.0258106068 0.5141925216 -0.0054955897 0.9982268810 0.0592698865 -0.5148106217 -0.0536370538 0.8556243777
-412.3 -495.6 2458.0 0.8576733470 -0.0361865126 0.5129200816 0.0880449042 0.9931237102 -0.0771583840 -0.5066009760 0.1113366857 0.8549617529
-242.6 -109.0 2470.5 0.8798700571 0.0605606176 0.4713397324 -0.0452451482 0.9980165362 -0.0437702313 -0.4730556011 0.0171862785 0.8808649182
-266.7 -505.5 2463.7 0.8798078299 0.0117788101 0.4751835763 -0.0646643043 0.9933649302 0.0951032564 -0.4709105194 -0.1144000068 0.8747318983
-370.8 -137.1 2270.3 0 0 0 0 0 0 0 0 0
-165.5 -243.4 2384.5 0 0 0 0 0 0 0 0 0
-400.5 -818.2 2421.8 0 0 0 0 0 0 0 0 0
-270.2 -807.9 2498.5 0 0 0 0 0 0 0 0 0
-309.3 488.5 2438.9 3 0.9837858677 0.0315883644 -0.1765431464 -0.0244326144 0.9987950921 0.0425609425 0.1776748598 -0.0375574455 0.9833723307
-315.7 285.3 2446.5 0.9837858677 0.0315883644 -0.1765431464 -0.0244326144 0.9987950921 0.0425609425 0.1776748598 -0.0375574455 0.9833723307
-321.5 86.7 2451.2 0.9837796092 0.0293050390 -0.1769715697 -0.0246395934 0.9992899895 0.0285034645 0.1776812077 -0.0236806199 0.9838031530
-459.4 288.9 2420.6 0.3253610432 -0.5555124879 -0.7652098536 0.9453009963 0.1710831821 0.2777346373 -0.0233705193 -0.8137176633 0.5807902813
-548.1 31.3 2427.0 -0.6284951568 -0.5555124879 -0.5444260836 0.5543453693 0.1710831821 -0.8145132065 0.5456143618 -0.8137176633 0.2004207969
-172.0 281.7 2472.5 0.0807004943 0.5225489140 0.8487815261 -0.9962285161 0.0695211887 0.0519190282 -0.0318780690 -0.8497702479 0.5261884928
-150.3 13.1 2463.9 -0.0585570484 0.5386482477 0.8404933810 -0.9519869685 0.2232949883 -0.2094281763 -0.3004860580 -0.8124022484 0.4997106194
-413.8 -105.1 2439.8 0.8543002605 0.0107896095 0.5196678042 -0.0342438184 0.9987807870 0.0355574265 -0.5186505318 -0.0481721275 0.8536281586
-418.1 -501.7 2458.9 0.8553246856 -0.0495699383 0.5157155991 0.0989517793 0.9927182794 -0.0686946660 -0.5085551143 0.1097872183 0.8540014625
-233.6 -110.9 2473.4 0.8768239617 0.0792961419 0.4742276967 -0.0505805761 0.9960463643 -0.0730289966 -0.4781436920 0.0400468670 0.8773681521
-265.1 -506.5 2457.5 0.8766309619 0.0191194061 0.4807832837 -0.0781303570 0.9916055202 0.1030247658 -0.4747775793 -0.1278784722 0.8707659245
-370.8 -125.0 2273.1 0 0 0 0 0 0 0 0 0
-165.9 -241.1 2383.6 0 0 0 0 0 0 0 0 0
-402.3 -816.9 2424.0 0 0 0 0 0 0 0 0 0
-271.0 -811.1 2496.8 0 0 0 0 0 0 0 0 0
-316.9 486.8 2442.3 4 0.9809560180 0.0210229792 -0.1930887848 -0.0174907465 0.9996473789 0.0199799836 0.1934407353 -0.0162222199 0.9809778333
-321.1 284.2 2445.6 0.9809560180 0.0210229792 -0.1930887848 -0.0174907465 0.9996473789 0.0199799836 0.1934407353 -0.0162222199 0.9809778333
-325.2 85.5 2446.8 0.9809197187 0.0207104255 -0.1933070719 -0.0192319397 0.9997696877 0.0095219836 0.1934597641 -0.0056226309 0.9810920954
-464.4 287.0 2417.4 0.2643664479 -0.3754477799 -0.8883407712 0.9631173015 0.1506796479 0.2229364663 0.0501538739 -0.9145132899 0.4014348984
-533.1 36.6 2404.3 -0.6554746032 -0.3754477799 -0.6552801132 0.6544297338 0.1506796479 -0.7409570217 0.3769280612 -0.9145132899 0.1469375193
-177.9 281.3 2473.9 0.1015973166 0.5356596112 0.8382999301 -0.9939484000 0.0900351852 0.0629300699 -0.0417673923 -0.8396204114 0.5415653586
-150.3 11.4 2462.5 -0.0599358715 0.5493522286 0.8334385157 -0.9501665235 0.2244926691 -0.2163022161 -0.3059269488 -0.8048696518 0.5085209608
-417.6 -109.5 2439.7 0.8628508449 0.0077227140 0.5053996444 -0.0371996090 0.9981419444 0.0482575558 -0.5040879250 -0.0604397431 0.8615349531
-420.6 -506.0 2463.7 0.8637914062 -0.0590980835 0.5003716350 0.1131062284 0.9904952645 -0.0782694593 -0.4909901619 0.1242036372 0.8622657061
-237.1 -114.1 2472.2 0.8848140836 0.0664547980 0.4611808956 -0.0365396142 0.9966251254 -0.0735064298 -0.4645093381 0.0481881499 0.8842561841
-263.5 -510.0 2453.1 0.8847267628 0.0227946211 0.4655523002 -0.0835119188 0.9903933406 0.1102123037 -0.4585676491 -0.1363869458 0.8781311512
-350.6 -145.6 2299.4 0 0 0 0 0 0 0 0 0
-166.3 -242.4 2380.8 0 0 0 0 0 0 0 0 0
-402.1 -815.9 2424.8 0 0 0 0 0 0 0 0 0
-270.4 -807.9 2494.1 0 0 0 0 0 0 0 0 0
-319.1 484.1 2436.0 5 0.9800279737 0.0243414883 -0.1973642558 -0.0186336599 0.9993541241 0.0307262260 0.1979846954 -0.0264349431 0.9798485637
-324.0 281.4 2441.4 0.9800279737 0.0243414883 -0.1973642558 -0.0186336599 0.9993541241 0.0307262260 0.1979846954 -0.0264349431 0.9798485637
-328.8 82.8 2444.6 0.9799776673 0.0243622772 -0.1976114362 -0.0206993185 0.9995738864 0.0205809250 0.1980286390 -0.0160784256 0.9800643325
-467.2 284.4 2412.5 0.1590492874 -0.2287857085 -0.9603959918 0.9821366072 0.1357432008 0.1303129494 0.1005534753 -0.9639662504 0.2462886870
-507.5 35.3 2387.0 -0.6089357734 -0.2287857085 -0.7595092654 0.7526246309 0.1357432008 -0.6443057656 0.2505061626 -0.9639662504 0.0895308778
-180.9 278.4 2470.3 0.1147130430 0.5382778645 0.8349238634 -0.9927513003 0.0924546123 0.0767917335 -0.0358572714 -0.8376807570 0.5449818373
-150.1 12.3 2460.7 -0.0612666421 0.5507374406 0.8324269652 -0.9525690079 0.2168119848 -0.2135528922 -0.2980917096 -0.8060278296 0.5113320947
-419.2 -111.3 2430.1 0.8647300601 0.0153306648 0.5020028949 -0.0606054366 0.9954151511 0.0739975125 -0.4985668659 -0.0944119766 0.8616945148
-425.3 -506.6 2467.6 0.8668613434 -0.0742922798 0.4929828346 0.1342217475 0.9871019721 -0.0872598216 -0.4801415801 0.1418111771 0.8656521440
-239.3 -114.8 2465.6 0.8879560828 0.0556421503 0.4565500319 -0.0250208229 0.9970290661 -0.0728495121 -0.4592471421 0.0532639138 0.8867102265
-261.4 -511.0 2444.5 0.8882134557 0.0303598158 0.4584268034 -0.1001811624 0.9866019487 0.1287647337 -0.4483754933 -0.1602962911 0.8793545961
-338.0 -174.2 2317.2 0 0 0 0 0 0 0 0 0
-166.5 -242.1 2381.1 0 0 0 0 0 0 0 0 0
-401.9 -817.9 2422.9 0 0 0 0 0 0 0 0 0
-270.7 -810.9 2493.2 0 0 0 0 0 0 0 0 0
-326.4 479.8 2432.9 6 0.9788796902 0.0082681756 -0.2042699605 -0.0021418929 0.9995417595 0.0301940236 0.2044260055 -0.0291187912 0.9784488082
-328.1 277.7 2438.8 0.9788796902 0.0082681756 -0.2042699605 -0.0021418929 0.9995417595 0.0301940236 0.2044260055 -0.0291187912 0.9784488082
-329.9 79.1 2443.1 0.9788599610 0.0090707988 -0.2043302357 -0.0044122152 0.9997200966 0.0232433472 0.2044838816 -0.0218504332 0.9786260128
-471.1 278.4 2408.9 0.0494494364 0.0474183820 -0.9976503849 0.9846926332 0.1648396552 0.0566420145 0.1671382189 -0.9851799011 -0.0385413021
-483.5 30.4 2366.8 -0.5169346929 0.0474183820 -0.8547104597 0.8479908705 0.1648396552 -0.5037255287 0.1170043349 -0.9851799011 -0.1254216880
-185.1 277.1 2468.7 0.1201798245 0.5430811644 0.8310352564 -0.9923523068 0.0894736424 0.0850376338 -0.0281734187 -0.8348995447 0.5496807694
-152.4 7.0 2461.0 -0.0483966582 0.5559968948 0.8297742009 -0.9504097104 0.2298809439 -0.2094663233 -0.3072119057 -0.7987629175 0.5172994137
-423.5 -113.9 2429.6 0.8688122034 -0.0014660566 0.4951395392 -0.0483781695 0.9949596524 0.0878342539 -0.4927726388 -0.1002654210 0.8643621802
-422.9 -509.1 2469.5 0.8718515038 -0.0622899495 0.4857930243 0.1312390566 0.9853187799 -0.1091936603 -0.4718593061 0.1589556783 0.8672265410
-243.8 -117.7 2466.0 0.8916057944 0.0355398767 0.4514155686 -0.0040457700 0.9975005984 -0.0705421269 -0.4527943730 0.0610694475 0.8895211220
-257.9 -514.0 2441.7 0.8926061392 0.0360111259 0.4493967593 -0.1054723933 0.9858226180 0.1304965466 -0.4383261502 -0.1638809741 0.8837494850
-340.2 -204.7 2334.4 0 0 0 0 0 0 0 0 0
-165.3 -246.8 2378.9 0 0 0 0 0 0 0 0 0
-403.2 -821.3 2419.1 0 0 0 0 0 0 0 0 0
-268.7 -809.0 2490.7 0 0 0 0 0 0 0 0 0
-330.4 479.4 2422.8 7 0.9714385271 -0.0001448754 -0.2372912616 0.0122419177 0.9986987710 0.0495070219 0.2369753122 -0.0509979315 0.9701762199
-330.3 277.2 2433.2 0.9714385271 -0.0001448754 -0.2372912616 0.0122419177 0.9986987710 0.0495070219 0.2369753122 -0.0509979315 0.9701762199
-330.5 78.8 2442.5 0.9714384675 0.0002356015 -0.2372914404 0.0108331358 0.9989128113 0.0453411639 0.2370441556 -0.0466167629 0.9703797698
-472.1 275.6 2398.6 -0.0401712209 0.0787855089 -0.9960818887 0.9835895300 0.1786038578 -0.0255406667 0.1758918315 -0.9807617068 -0.0846673399
-461.8 21.2 2353.1 -0.3736499548 0.1201585159 -0.9197541475 0.9271509051 0.0781782940 -0.3664415181 0.0278737377 -0.9896717072 -0.1406163871
-188.5 278.8 2467.7 0.1304679960 0.5674200058 0.8130268455 -0.9911907911 0.0934906974 0.0938101560 -0.0227806848 -0.8181039095 0.5746189952
-152.7 6.7 2461.5 -0.0501552299 0.5786796212 0.8140112758 -0.9523496628 0.2178075761 -0.2135180831 -0.3008563817 -0.7859324217 0.5401811600
-421.4 -119.1 2428.8 0.8853008747 0.0002079717 0.4650186598 -0.0535974875 0.9933810234 0.1015944332 -0.4619195759 -0.1148654744 0.8794522285
-421.5 -513.7 2474.4 0.8897262812 -0.0582485683 0.4527629316 0.1291137040 0.9834375978 -0.1272012740 -0.4378547966 0.1716322154 0.8825109601
-241.9 -119.9 2466.3 0.9064955711 0.0355807468 0.4207134545 0.0003675714 0.9963759184 -0.0850578994 -0.4222151637 0.0772592500 0.9031972885
-256.1 -515.8 2435.6 0.9075956345 0.0454687662 0.4173760712 -0.1182420179 0.9815609455 0.1501896828 -0.4028511047 -0.1856628805 0.8962367177
-358.3 -235.4 2345.4 0 0 0 0 0 0 0 0 0
-166.1 -247.6 2381.1 0 0 0 0 0 0 0 0 0
-403.2 -822.4 2420.5 0 0 0 0 0 0 0 0 0
-269.9 -813.6 2491.9 0 0 0 0 0 0 0 0 0
-334.7 487.4 2420.8 8 0.9464275837 -0.0087649776 -0.3227972388 0.0253262371 0.9985671043 0.0471411422 0.3219215274 -0.0527909137 0.9452934265
-332.9 286.4 2431.4 0.9464275837 -0.0087649776 -0.3227972388 0.0253262371 0.9985671043 0.0471411422 0.3219215274 -0.0527909137 0.9452934265
-331.3 88.0 2441.7 0.9464332461 -0.0086719021 -0.3227830529 0.0246741157 0.9986587763 0.0455170460 0.3219554126 -0.0510432310 0.9453778863
-470.6 282.8 2384.6 -0.0801992193 0.1641320288 -0.9831727743 0.9856491089 0.1600434929 -0.0536833629 0.1485392600 -0.9733687639 -0.1746119559
-448.6 13.1 2344.0 -0.2626449466 0.2025767267 -0.9433876872 0.9644743204 0.0263345577 -0.2628606856 -0.0284057613 -0.9789122343 -0.2022966892
-195.3 290.1 2478.2 0.1440531760 0.6303623915 0.7628184557 -0.9877027273 0.1389221847 0.0717213899 -0.0607619360 -0.7637695074 0.6426228285
-154.2 8.5 2460.9 -0.0446626358 0.6345750690 0.7715696096 -0.9544298649 0.2010211796 -0.2205768377 -0.2950744033 -0.7462606430 0.5966792703
-419.6 -120.6 2430.0 0.9232155681 0.0189667605 0.3838141859 -0.0559521429 0.9947720766 0.0854275003 -0.3801873326 -0.1003432199 0.9194502831
-427.2 -515.8 2469.9 0.9253683090 -0.0758896172 0.3713949621 0.1304979473 0.9836442471 -0.1241543144 -0.3558984995 0.1633547544 0.9201366901
-241.6 -118.6 2473.5 0.9399337769 0.0348461978 0.3395735621 0.0000452160 0.9947633147 -0.1022053063 -0.3413567841 0.0960815772 0.9350100756
-255.4 -513.8 2435.3 0.9397891164 0.0537017770 0.3375093043 -0.1098737791 0.9826236367 0.1495945305 -0.3236111104 -0.1776707470 0.9293594360
-375.3 -256.1 2351.9 0 0 0 0 0 0 0 0 0
-166.1 -246.4 2382.1 0 0 0 0 0 0 0 0 0
-403.4 -824.2 2418.7 0 0 0 0 0 0 0 0 0
-271.5 -807.4 2488.4 0 0 0 0 0 0 0 0 0
-336.2 488.0 2417.3 9 0.9031559229 -0.0203326587 -0.4288308918 0.0462665334 0.9976701140 0.0501377359 0.4268123209 -0.0651227161 0.9019923806
-332.1 287.0 2430.4 0.9031559229 -0.0203326587 -0.4288308918 0.0462665334 0.9976701140 0.0501377359 0.4268123209 -0.0651227161 0.9019923806
-328.1 88.8 2442.7 0.9031808376 -0.0209064148 -0.4287507832 0.0450601652 0.9979125261 0.0462616123 0.4268886447 -0.0611021854 0.9022375345
-462.9 280.5 2368.6 -0.0698376223 0.2704709768 -0.9601917267 0.9871439338 0.1574601680 -0.0274438709 0.1437691748 -0.9497640729 -0.2779904306
-445.1 29.9 2332.1 -0.2011831403 0.3079334497 -0.9298937321 0.9771048427 -0.0039970712 -0.2127209157 -0.0692207366 -0.9513995051 -0.3000791073
-201.3 293.6 2492.2 0.1613213122 0.7036458850 0.6919956207 -0.9818411469 0.1853480786 0.0404229462 -0.0998166129 -0.6859508753 0.7207691073
-156.8 22.6 2464.7 -0.0318144038 0.7036545873 0.7098295689 -0.9560806155 0.1856092960 -0.2268459499 -0.2913721800 -0.6858712435 0.6668454409
-416.1 -112.6 2422.5 0.9606796503 0.0359820649 0.2753177285 -0.0649048313 0.9931978583 0.0966717377 -0.2699665129 -0.1107400283 0.9564803839
-430.4 -507.2 2466.5 0.9620712996 -0.0777499154 0.2614838481 0.1111693904 0.9870636463 -0.1155282483 -0.2491188645 0.1402154118 0.9582690001
-243.2 -108.1 2481.3 0.9723020792 0.0244646743 0.2324439436 0.0061537032 0.9914825559 -0.1300939769 -0.2336468250 0.1279210299 0.9638699889
-252.9 -501.8 2430.5 0.9712818861 0.0628342181 0.2294850200 -0.1023269519 0.9810594320 0.1644735038 -0.2148038894 -0.1832326353 0.9593148828
-388.5 -245.3 2351.6 0 0 0 0 0 0 0 0 0
-165.3 -232.7 2386.9 0 0 0 0 0 0 0 0 0
-405.5 -822.3 2421.7 0 0 0 0 0 0 0 0 0
-272.5 -807.8 2487.6 0 0 0 0 0 0 0 0 0
-335.4 483.6 2415.0 0 0.8931220770 -0.0214534439 -0.4493024051 0.0541562475 0.9967246056 0.0600596927 0.4465422928 -0.0779731721 0.8913586140
-331.1 281.8 2430.8 0.8931220770 -0.0214534439 -0.4493024051 0.0541562475 0.9967246056 0.0600596927 0.4465422928 -0.0779731721 0.8913586140
-326.8 83.7 2444.8 0.8931843638 -0.0222655106 -0.4491391778 0.0513177589 0.9972954988 0.0526138134 0.4467529953 -0.0700426474 0.8919113278
-461.0 274.3 2365.8 -0.0536109023 0.2878454030 -0.9561751485 0.9788501263 0.2044700086 0.0066710724 0.1974293739 -0.9355944991 -0.2927193344
-448.3 42.7 2319.1 -0.1899193674 0.3464235365 -0.9186519384 0.9752902389 -0.0409999341 -0.2170896679 -0.1128696427 -0.9371818304 -0.3300768137
-201.2 289.3 2495.8 0.1528109163 0.7174117565 0.6796831489 -0.9819208384 0.1879664361 0.0223617423 -0.1117150411 -0.6708121896 0.7331649065
-160.5 27.5 2466.0 -0.0170096699 0.7174879909 0.6963631511 -0.9561848640 0.1919113845 -0.2210893929 -0.2922689915 -0.6696125269 0.6827868223
-406.2 -113.6 2416.2 0.9658462405 0.0523270890 0.2537773550 -0.0836914107 0.9899021983 0.1144086868 -0.2452280968 -0.1317401826 0.9604726434
-427.0 -506.8 2468.5 0.9700841308 -0.0672416762 0.2332710028 0.0999112874 0.9863106608 -0.1311829239 -0.2212567180 0.1505648792 0.9635225534
-242.0 -105.3 2493.9 0.9772642851 0.0296739154 0.2099379748 0.0052092881 0.9864985943 -0.1636870354 -0.2119607478 0.1610591263 0.9639152288
-253.8 -497.0 2429.9 0.9762904048 0.0594009571 0.2081551999 -0.0952232555 0.9814245105 0.1665487736 -0.1943954527 -0.1824211925 0.9638116360
-394.4 -233.8 2351.1 0 0 0 0 0 0 0 0 0
-165.0 -227.9 2387.9 0 0 0 0 0 0 0 0 0
-405.7 -819.8 2420.8 0 0 0 0 0 0 0 0 0
-272.5 -806.0 2487.3 0 0 0 0 0 0 0 0 0
-337.1 479.3 2415.4 1 0.8949947953 -0.0376842394 -0.4444819689 0.0698603913 0.9959708452 0.0562278889 0.4405721724 -0.0813753530 0.8940213919
-329.4 278.0 2431.8 0.8949947953 -0.0376842394 -0.4444819689 0.0698603913 0.9959708452 0.0562278889 0.4405721724 -0.0813753530 0.8940213919
-321.8 80.1 2447.0 0.8950477242 -0.0387624726 -0.4442826211 0.0684812367 0.9963462949 0.0510331243 0.4406811893 -0.0761021078 0.8944320083
-459.9 268.0 2367.6 -0.0536826998 0.2768215537 -0.9594206810 0.9727306366 0.2316061854 0.0123978797 0.2256397605 -0.9325922728 -0.2817060649
-447.6 45.9 2316.1 -0.2011201829 0.3512279689 -0.9144340158 0.9704844952 -0.0553797781 -0.2347188890 -0.1330809891 -0.9346507192 -0.3297232985
-199.0 288.0 2496.1 0.1340455115 0.7127729654 0.6884667873 -0.9841012955 0.1774320304 0.0079097552 -0.1165182069 -0.6785812974 0.7252247334
-162.8 22.0 2464.6 -0.0113065839 0.7132812142 0.7007867098 -0.9543743134 0.2014428824 -0.2204324603 -0.2983988225 -0.6713051796 0.6784596443
-404.0 -119.2 2418.0 0.9646067619 0.0591342710 0.2569766343 -0.0883912817 0.9906599522 0.1038260683 -0.2484367639 -0.1228658110 0.9608241916
-427.5 -512.8 2466.8 0.9690296650 -0.0681956485 0.2373413146 0.0987952799 0.9879052639 -0.1195102260 -0.2263206542 0.1392571479 0.9640468955
-240.9 -109.8 2499.6 0.9752891064 0.0344012827 0.2182378173 0.0032969341 0.9854267240 -0.1700686216 -0.2209079564 0.1665855795 0.9609624743
-254.6 -501.2 2433.4 0.9743427634 0.0571702160 0.2176871747 -0.0926436409 0.9833372831 0.1564127952 -0.2051177621 -0.1725670099 0.9634040594
-390.4 -230.3 2354.0 0 0 0 0 0 0 0 0 0
-165.8 -232.9 2384.9 0 0 0 0 0 0 0 0 0
-406.1 -822.0 2423.3 0 0 0 0 0 0 0 0 0
-272.1 -802.4 2486.3 0 0 0 0 0 0 0 0 0
-336.6 476.1 2415.1 2 0.8640293479 -0.0473307706 -0.5012115836 0.0818752497 0.9955274463 0.0471328609 0.4967390597 -0.0817610025 0.8640401959
-327.1 275.7 2431.5 0.8640293479 -0.0473307706 -0.5012115836 0.0818752497 0.9955274463 0.0471328609 0.4967390597 -0.0817610025 0.8640401959
-317.4 77.9 2447.8 0.8639584184 -0.0490952805 -0.5011641383 0.0833399370 0.9954518080 0.0461530574 0.4966188669 -0.0816413090 0.8641206026
-452.9 263.5 2359.2 -0.0774978772 0.3309459984 -0.9404620528 0.9685924053 0.2485364228 0.0076433499 0.2362685949 -0.9103320241 -0.3398128152
-435.5 46.3 2306.2 -0.2028776109 0.4161460698 -0.8863763809 0.9666630030 -0.0592942573 -0.2490920871 -0.1562157273 -0.9073624611 -0.3902435303
-201.3 287.8 2503.9 0.1510853022 0.7491624951 0.6449254155 -0.9789860249 0.2037934363 -0.0073869098 -0.1369655579 -0.6302568913 0.7642098069
-159.6 17.6 2466.0 -0.0322158374 0.7486220598 0.6622138023 -0.9503941536 0.1821404845 -0.2521423399 -0.3093752563 -0.6374871135 0.7056182623
-396.0 -124.2 2421.8 0.9785482287 0.0726980716 0.1927649826 -0.0928424671 0.9908849597 0.0976080447 -0.1839119941 -0.1134109572 0.9763781428
-424.9 -517.8 2466.9 0.9832901955 -0.0622459874 0.1710727364 0.0853542536 0.9876710176 -0.1312274784 -0.1607951969 0.1436364800 0.9764801264
-232.3 -111.6 2502.5 0.9859408736 0.0520874560 0.1587685198 -0.0239188764 0.9843819737 -0.1744133681 -0.1653736234 0.1681637019 0.9717883468
-252.9 -502.7 2435.7 0.9838178754 0.0647150204 0.1670758575 -0.0911683664 0.9835615754 0.1558685154 -0.1542423666 -0.1685782671 0.9735454321
-377.6 -229.3 2350.8 0 0 0 0 0 0 0 0 0
-168.2 -236.2 2383.4 0 0 0 0 0 0 0 0 0
-405.9 -819.1 2423.1 0 0 0 0 0 0 0 0 0
-272.7 -803.2 2487.2 0 0 0 0 0 0 0 0 0
-335.0 471.3 2416.4 3 0.8491955996 -0.0497730225 -0.5257275701 0.0826910660 0.9958003163 0.0392920151 0.5215640068 -0.0768395811 0.8497450352
-325.0 271.0 2431.9 0.8491955996 -0.0497730225 -0.5257275701 0.0826910660 0.9958003163 0.0392920151 0.5215640068 -0.0768395811 0.8497450352
-315.1 73.1 2447.7 0.8491115570 -0.0501513705 -0.5258274078 0.0843663290 0.9955793023 0.0412811413 0.5214325786 -0.0794144198 0.8495889902
-448.8 258.7 2355.8 -0.0848894715 0.3552942872 -0.9308919311 0.9653168321 0.2608269155 0.0115212919 0.2468951195 -0.8976275921 -0.3651130199
-429.9 44.1 2301.0 -0.2002464533 0.4450112879 -0.8728495240 0.9662478566 -0.0576704964 -0.2510761619 -0.1620693952 -0.8936660886 -0.4184429049
-201.2 283.3 2507.9 0.1536388397 0.7659085989 0.6243229508 -0.9774794579 0.2103075236 -0.0174549427 -0.1446686983 -0.6075810790 0.7809712887
-159.7 19.1 2468.8 -0.0305515509 0.7653301954 0.6429123878 -0.9482886195 0.1811150461 -0.2606645823 -0.3159355819 -0.6176301837 0.7202205658
-386.7 -127.5 2418.7 0.9821430445 0.0896505862 0.1654021293 -0.1081631631 0.9884088635 0.1065298244 -0.1539344639 -0.1225179359 0.9804557562
-422.3 -520.2 2467.4 0.9892126322 -0.0496231988 0.1378257573 0.0694866851 0.9872404337 -0.1432756633 -0.1289573759 0.1513071358 0.9800388217
-228.7 -112.2 2509.6 0.9897254705 0.0579654723 0.1307036877 -0.0319470018 0.9806772470 -0.1930064708 -0.1393658519 0.1868478358 0.9724531174
-251.8 -501.8 2435.3 0.9868243933 0.0762163699 0.1427188814 -0.0992285088 0.9818241596 0.1617868096 -0.1277940422 -0.1738169491 0.9764509201
-372.8 -231.8 2347.2 0 0 0 0 0 0 0 0 0
-167.9 -234.2 2384.4 0 0 0 0 0 0 0 0 0
-407.3 -818.1 2421.8 0 0 0 0 0 0 0 0 0
-275.1 -802.6 2488.6 0 0 0 0 0 0 0 0 0
-335.6 466.2 2416.6 4 0.8504918814 -0.0555202849 -0.5230497718 0.0885964483 0.9953268170 0.0384088308 0.5184729695 -0.0790067464 0.8514362574
-324.5 266.7 2432.4 0.8504918814 -0.0555202849 -0.5230497718 0.0885964483 0.9953268170 0.0384088308 0.5184729695 -0.0790067464 0.8514362574
-313.5 69.0 2448.8 0.8504085541 -0.0554149598 -0.5231963992 0.0900917575 0.9950875044 0.0410401598 0.5183519721 -0.0820365846 0.8512233496
-448.6 253.6 2356.8 -0.0873160735 0.3506280780 -0.9324354529 0.9644734263 0.2640275657 0.0089673065 0.2493328452 -0.8985262513 -0.3612253070
-429.2 40.1 2301.6 -0.2050927579 0.4438486099 -0.8723161221 0.9645709395 -0.0594580546 -0.2570362687 -0.1659514159 -0.8941270113 -0.4159290493
-200.4 279.9 2508.1 0.1542101502 0.7635747194 0.6270350218 -0.9781196713 0.2076764554 -0.0123446155 -0.1396464407 -0.6114115715 0.7788932920
-158.3 13.3 2470.0 -0.0322805010 0.7631264329 0.6454424858 -0.9427624941 0.1911967844 -0.2732082009 -0.3318989277 -0.6173182130 0.7132750750
-382.8 -132.4 2415.8 0.9808825254 0.0994864628 0.1672481298 -0.1173677444 0.9879747033 0.1006520241 -0.1552233994 -0.1183573455 0.9807636142
-422.4 -525.0 2462.8 0.9883248806 -0.0547128879 0.1421984583 0.0710193887 0.9911385179 -0.1122528166 -0.1347966939 0.1210410967 0.9834525585
-227.4 -117.0 2511.3 0.9889700413 0.0624733828 0.1342955530 -0.0347031616 0.9791904688 -0.1999541819 -0.1439927369 0.1930882186 0.9705581069
-252.3 -506.0 2434.5 0.9863883853 0.0720765889 0.1477935165 -0.0967383608 0.9811763167 0.1671369076 -0.1329648346 -0.1791591942 0.9747934937
-370.6 -235.4 2349.0 0 0 0 0 0 0 0 0 0
-166.9 -238.5 2381.4 0 0 0 0 0 0 0 0 0
-405.9 -822.7 2426.5 0 0 0 0 0 0 0 0 0
-274.0 -802.4 2488.6 0 0 0 0 0 0 0 0 0
-333.5 465.2 2414.7 5 0.8546520472 -0.0521201678 -0.5165785551 0.0884377733 0.9950225353 0.0459228866 0.5116137862 -0.0849331468 0.8550074100
-323.0 264.8 2431.8 0.8546520472 -0.0521201678 -0.5165785551 0.0884377733 0.9950225353 0.0459228866 0.5116137862 -0.0849331468 0.8550074100
-312.1 67.1 2448.9 0.8545057774 -0.0547585413 -0.5165475607 0.0911604986 0.9948032498 0.0453456752 0.5113801360 -0.0858368725 0.8550569415
-447.8 251.5 2357.1 -0.0833512992 0.3438419104 -0.9353209734 0.9650867581 0.2617312074 0.0102135204 0.2483145297 -0.9018145800 -0.3536528945
-429.4 38.4 2302.3 -0.2048623562 0.4376263320 -0.8755081892 0.9640214443 -0.0645883232 -0.2578585148 -0.1693932861 -0.8968341947 -0.4086494446
-198.2 278.1 2506.5 0.1469419748 0.7604967356 0.6324972510 -0.9808082581 0.1948681921 -0.0064422716 -0.1281529218 -0.6194118857 0.7745358348
-157.8 8.4 2471.2 -0.0424444303 0.7601939440 0.6483082771 -0.9409828186 0.1876668632 -0.2816602886 -0.3357824385 -0.6220018268 0.7073640227
-380.4 -137.0 2417.6 0.9792790413 0.1068855971 0.1720115691 -0.1214457974 0.9896497130 0.0764485076 -0.1620599627 -0.0957545042 0.9821240306
-422.8 -530.2 2455.6 0.9864891768 -0.0634183288 0.1510538459 0.0783418417 0.9923914075 -0.0949831456 -0.1438808739 0.1055336818 0.9839516878
-224.5 -120.5 2512.6 0.9868029356 0.0781473741 0.1418199837 -0.0500069112 0.9800983667 -0.1921107322 -0.1540104747 0.1824834645 0.9710718393
-255.6 -509.9 2440.1 0.9851360917 0.0621121638 0.1601528078 -0.0881602764 0.9829998016 0.1610563397 -0.1474266201 -0.1727815270 0.9738644361
-370.8 -237.1 2350.7 0 0 0 0 0 0 0 0 0
-169.2 -242.8 2381.6 0 0 0 0 0 0 0 0 0
-404.3 -819.6 2424.8 0 0 0 0 0 0 0 0 0
-274.2 -804.0 2491.7 0 0 0 0 0 0 0 0 0
-333.1 465.0 2413.7 6 0.8555449843 -0.0492093936 -0.5153844953 0.0864366665 0.9950773120 0.0484750792 0.5104619861 -0.0860207304 0.8555869460
-323.1 264.6 2431.0 0.8555449843 -0.0492093936 -0.5153844953 0.0864366665 0.9950773120 0.0484750792 0.5104619861 -0.0860207304 0.8555869460
-312.8 66.9 2448.2 0.8554091454 -0.0522987880 -0.5153057575 0.0890999064 0.9949164391 0.0469312705 0.5102316737 -0.0860591307 0.8557204008
-448.1 251.6 2356.5 -0.0801348165 0.3432499468 -0.9358193874 0.9650899172 0.2615807950 0.0133041600 0.2493590117 -0.9020836949 -0.3522287905
-430.4 38.8 2301.5 -0.2024450898 0.4366703928 -0.8765471578 0.9644473195 -0.0663641393 -0.2558069527 -0.1698746234 -0.8971704245 -0.4077104926
-198.2 277.7 2505.6 0.1550481617 0.7589932680 0.6323679686 -0.9796887636 0.2005236000 -0.0004698788 -0.1271613389 -0.6194509268 0.7746680379
-155.1 5.3 2470.2 -0.0684203133 0.7572291493 0.6495557427 -0.9388526678 0.1713547409 -0.2986524105 -0.3374527693 -0.6302710176 0.6992024183
-379.6 -138.9 2419.0 0.9788369536 0.1066160649 0.1746747941 -0.1232125759 0.9885529876 0.0870725811 -0.1633919626 -0.1067519858 0.9807686210
-421.9 -531.7 2461.5 0.9863517880 -0.0685511976 0.1497026086 0.0859811753 0.9898398519 -0.1132443622 -0.1404185742 0.1245703846 0.9822244644
-222.9 -122.2 2512.8 0.9862270951 0.0820202231 0.1436271518 -0.0554965362 0.9821379781 -0.1797918379 -0.1558082551 0.1693447679 0.9731629491
-255.5 -512.4 2445.5 0.9849411845 0.0595897287 0.1622958928 -0.0832541212 0.9861923456 0.1431550533 -0.1515243948 -0.1545111090 0.9763025641
-372.5 -236.9 2350.1 0 0 0 0 0 0 0 0 0
-173.4 -245.3 2380.1 0 0 0 0 0 0 0 0 0
-402.2 -816.5 2425.6 0 0 0 0 0 0 0 0 0
-272.9 -800.5 2490.6 0 0 0 0 0 0 0 0 0
-332.4 464.9 2413.2 7 0.8454841971 -0.0475356244 -0.5318804979 0.0858945176 0.9951665998 0.0475982651 0.5270470977 -0.0859291926 0.8454806805
-322.8 263.9 2430.6 0.8454841971 -0.0475356244 -0.5318804979 0.0858945176 0.9951665998 0.0475982651 0.5270470977 -0.0859291926 0.8454806805
-312.6 66.2 2447.6 0.8453269601 -0.0513933264 -0.5317716002 0.0890572295 0.9949909449 0.0454078130 0.5267742872 -0.0857425556 0.8456696272
-446.2 250.9 2353.7 -0.0854966789 0.3603647947 -0.9288851023 0.9645660520 0.2634986639 0.0134445475 0.2496049106 -0.8948215842 -0.3701239228
-427.4 38.3 2298.6 -0.1997634917 0.4541345835 -0.8682489991 0.9645071626 -0.0650298595 -0.2559238374 -0.1726859808 -0.8885566592 -0.4250254631
