-380.1 540.5 2436.2 1 0.9896771908 0.0859454647 -0.1146841720 -0.0758822039 0.9931003451 0.0894071311 0.1215770245 -0.0797817111 0.9893704653
-397.5 339.2 2452.4 0.9896771908 0.0859454647 -0.1146841720 -0.0758822039 0.9931003451 0.0894071311 0.1215770245 -0.0797817111 0.9893704653
-414.2 144.6 2466.5 0.9896792769 0.0850160569 -0.1153569371 -0.0758579671 0.9937750697 0.0815883577 0.1215751693 -0.0719955638 0.9899677634
-538.6 350.0 2435.1 0.2033206969 -0.9136953354 -0.3518827558 0.9784291387 0.2030258179 0.0381693989 0.0365660861 -0.3520529866 0.9352655411
-591.2 97.0 2425.6 -0.0860515460 -0.9139049053 -0.3967026472 0.9660662413 0.0207921490 -0.2574561536 0.2435387522 -0.4053955376 0.8811034560
-256.5 328.4 2469.7 0.0913529620 0.9899424314 0.1080215573 -0.9773241878 0.0683184043 0.2004245967 0.1910289526 -0.1238814592 0.9737357497
-233.6 83.8 2517.5 0.0548678003 0.9888208508 0.1386464834 -0.9510399699 0.0940517858 -0.2944099009 -0.3041585982 -0.1157047227 0.9455686212
-520.0 -44.8 2467.7 0.7162755132 -0.0267254747 -0.6973056793 0.0917700753 0.9941951632 0.0561623424 0.6917569637 -0.1042195037 0.7145702243
-509.5 -434.2 2508.5 0.7239326835 0.0250921827 -0.6894141436 -0.0918931738 0.9939402938 -0.0603183731 0.6837230325 0.1070188954 0.7218516469
-341.1 -58.4 2489.8 0.9947390556 -0.0716120005 -0.0732529014 0.0779685676 0.9930686355 0.0879520252 0.0664467365 -0.0932007357 0.9934276342
-313.0 -447.4 2526.3 0.9955518246 0.0661356598 -0.0671014860 -0.0658943877 0.9978097081 0.0058050430 0.0673384368 -0.0013576100 0.9977292418
-567.2 -171.5 2357.9 0 0 0 0 0 0 0 0 0
-219.5 -160.7 2439.4 0 0 0 0 0 0 0 0 0
-517.4 -748.6 2474.7 0 0 0 0 0 0 0 0 0
-334.0 -763.2 2526.7 0 0 0 0 0 0 0 0 0
-379.4 540.2 2433.8 2 0.9925222993 0.0813402981 -0.0910120308 -0.0726796314 0.9928457141 0.0947370380 0.0980668440 -0.0874139071 0.9913333058
-395.9 338.8 2451.5 0.9925222993 0.0813402981 -0.0910120308 -0.0726796314 0.9928457141 0.0947370380 0.0980668440 -0.0874139071 0.9913333058
-411.6 144.2 2466.9 0.9925081730 0.0806971118 -0.0917363539 -0.0728534758 0.9936402440 0.0858572721 0.0980813652 -0.0785307288 0.9920750856
-537.3 349.2 2437.5 0.1989641339 -0.9213253856 -0.3340252042 0.9786885381 0.2044712901 0.0189786050 0.0508130975 -0.3306827247 0.9423730373
-589.1 94.2 2424.3 -0.0802957788 -0.9227830768 -0.3768606782 0.9651937485 0.0224304833 -0.2605722845 0.2489048690 -0.3846664131 0.8888633847
-254.5 328.4 2465.5 0.0766031444 0.9886416197 0.1293046623 -0.9737814069 0.0463221855 0.2227195203 0.2142001241 -0.1429754943 0.9662692547
-235.7 89.6 2518.0 0.0620376579 0.9866970778 0.1502669305 -0.9522423744 0.1036137938 -0.2872258723 -0.2989746630 -0.1252717227 0.9460027218
-520.3 -43.2 2469.6 0.7326976657 -0.0343237817 -0.6796882153 0.0895180628 0.9949104190 0.0462573655 0.6746411324 -0.0947370306 0.7320411205
-506.8 -432.9 2506.7 0.7393856049 0.0326711312 -0.6724890471 -0.0956907347 0.9937818050 -0.0569293685 0.6664474607 0.1064437255 0.7379143238
-341.4 -56.9 2491.6 0.9961293340 -0.0727139786 -0.0493865497 0.0769362226 0.9929843545 0.0897932798 0.0425108448 -0.0932453349 0.9947351813
-312.9 -445.9 2528.1 0.9967479706 0.0685239062 -0.0424020477 -0.0687143132 0.9976317286 -0.0030478658 0.0420927741 0.0059515815 0.9990959764
-566.8 -174.1 2355.1 0 0 0 0 0 0 0 0 0
-219.7 -155.2 2441.1 0 0 0 0 0 0 0 0 0
-517.2 -748.0 2473.0 0 0 0 0 0 0 0 0 0
-334.5 -760.6 2526.2 0 0 0 0 0 0 0 0 0
-379.4 535.4 2431.0 3 0.9904879332 0.0822149590 -0.1103375256 -0.0709857270 0.9922374487 0.1021071896 0.1178757623 -0.0933035463 0.9886353016
-396.0 334.3 2449.9 0.9904879332 0.0822149590 -0.1103375256 -0.0709857270 0.9922374487 0.1021071896 0.1178757623 -0.0933035463 0.9886353016
-411.7 139.8 2466.5 0.9905947447 0.0799239427 -0.1110592633 -0.0696773604 0.9931998253 0.0932692960 0.1177584901 -0.0846537575 0.9894274473
-537.2 344.3 2433.1 0.1848339438 -0.9180632234 -0.3507083952 0.9821615815 0.1851101369 0.0330587961 0.0345696136 -0.3505626917 0.9359010458
-585.2 89.1 2424.2 -0.0686860010 -0.9183921218 -0.3896641731 0.9652455449 0.0375454240 -0.2586336732 0.2521572113 -0.3938861191 0.8838950396
-254.9 324.4 2466.7 0.0893720835 0.9897630215 0.1112733185 -0.9741334319 0.0635822788 0.2168439329 0.2075491101 -0.1277748644 0.9698438048
-232.9 84.6 2517.8 0.0519890003 0.9886481762 0.1409679204 -0.9508383870 0.0921575055 -0.2956574261 -0.3052923977 -0.1186667830 0.9448358417
-517.1 -43.8 2473.4 0.7201154232 -0.0232708491 -0.6934639215 0.0697616264 0.9968013167 0.0389926732 0.6903383732 -0.0764563978 0.7194354534
-508.0 -434.1 2503.3 0.7248086929 0.0270678625 -0.6884182692 -0.0869806409 0.9948276281 -0.0524629727 0.6834374070 0.0979046822 0.7234141231
-337.7 -57.0 2491.1 0.9958419204 -0.0592507832 -0.0691972449 0.0662463158 0.9924088717 0.1036147103 0.0625327080 -0.1077679321 0.9922075272
-314.5 -445.6 2533.3 0.9962374568 0.0613663495 -0.0611976385 -0.0628127530 0.9977828860 -0.0219962746 0.0597121269 0.0257575046 0.9978832603
-566.1 -179.2 2354.1 0 0 0 0 0 0 0 0 0
-219.5 -159.8 2439.3 0 0 0 0 0 0 0 0 0
-516.5 -747.9 2472.4 0 0 0 0 0 0 0 0 0
-334.0 -761.7 2525.1 0 0 0 0 0 0 0 0 0
-379.6 533.7 2430.1 4 0.9852627516 0.0787778944 -0.1518265456 -0.0625613183 0.9920951724 0.1087808833 0.1591959149 -0.0976792872 0.9824028611
-395.5 332.8 2449.9 0.9852627516 0.0787778944 -0.1518265456 -0.0625613183 0.9920951724 0.1087808833 0.1591959149 -0.0976792872 0.9824028611
-410.5 138.3 2467.3 0.9853200912 0.0765978321 -0.1525681466 -0.0618287027 0.9931342602 0.0993055403 0.1591272354 -0.0884146616 0.9832910895
-535.8 341.6 2427.3 0.1970244497 -0.9027776122 -0.3823270202 0.9803943038 0.1825795025 0.0741066039 0.0029032931 -0.3894320130 0.9210506082
-587.6 83.9 2426.5 -0.0832366422 -0.9006177783 -0.4265668094 0.9638139009 0.0360249169 -0.2641305327 0.2532477081 -0.4331163764 0.8650293946
-255.2 324.0 2472.6 0.0919984132 0.9948582053 0.0423496217 -0.9638173580 0.0782810599 0.2548101544 0.2501847744 -0.0642594323 0.9660633206
-232.2 82.3 2535.3 0.0485302992 0.9948582053 0.0888932496 -0.9253694415 0.0782810599 -0.3708954453 -0.3759470284 -0.0642594323 0.9244104028
-516.9 -48.4 2472.4 0.6908229589 -0.0186532903 -0.7227832675 0.0619683266 0.9975162745 0.0334847011 0.7203634977 -0.0679216757 0.6902630329
-509.6 -439.1 2499.0 0.6945205331 0.0214943308 -0.7191517353 -0.0764755979 0.9960963726 -0.0440845080 0.7153968811 0.0856151581 0.6934531927
-337.8 -61.0 2493.7 0.9919334650 -0.0632443652 -0.1098552495 0.0735972226 0.9929522276 0.0928941444 0.1032059863 -0.1002298519 0.9895971417
-313.1 -449.9 2533.0 0.9924447536 0.0678982511 -0.1021919921 -0.0700307786 0.9973926544 -0.0174227338 0.1007425711 0.0244476870 0.9946120977
-564.4 -184.0 2356.1 0 0 0 0 0 0 0 0 0
-219.7 -154.9 2439.0 0 0 0 0 0 0 0 0 0
-516.2 -749.1 2472.4 0 0 0 0 0 0 0 0 0
-334.4 -763.0 2525.3 0 0 0 0 0 0 0 0 0
-378.3 536.6 2437.2 5 0.9730429649 0.0754796416 -0.2179224640 -0.0550762638 0.9936379194 0.0982361361 0.2239508480 -0.0835856199 0.9710094929
-393.6 335.5 2454.1 0.9730429649 0.0754796416 -0.2179224640 -0.0550762638 0.9936379194 0.0982361361 0.2239508480 -0.0835856199 0.9710094929
-407.8 140.7 2468.7 0.9730672836 0.0730847865 -0.2186291665 -0.0547511466 0.9945454597 0.0887786075 0.2239250094 -0.0744173527 0.9717611074
-531.9 343.4 2422.3 0.2082849592 -0.8764937520 -0.4340230823 0.9778992534 0.1783739030 0.1090681329 -0.0181791466 -0.4471480846 0.8942751884
-587.4 82.8 2427.1 -0.0823056921 -0.8734688759 -0.4798728228 0.9672915339 0.0459134318 -0.2494776547 0.2399435639 -0.4847103357 0.8411200643
-255.3 327.7 2486.0 0.0941999480 0.9933318496 0.0664696768 -0.9807469249 0.0811197162 0.1776375473 0.1710610390 -0.0819233805 0.9818485975
-232.0 85.6 2528.2 0.0477948189 0.9933318496 0.1049166545 -0.9363916516 0.0811197162 -0.3414532542 -0.3476871848 -0.0819233805 0.9340246916
-514.5 -50.6 2470.2 0.6404373646 -0.0157514531 -0.7678488493 0.0751341507 0.9962788224 0.0422295108 0.7643263936 -0.0847370252 0.6392377019
-508.4 -440.8 2503.4 0.6452333927 0.0275328308 -0.7634892464 -0.0963169038 0.9943082929 -0.0455419049 0.7578898072 0.1029220745 0.6442127824
-336.6 -61.8 2498.9 0.9825896621 -0.0584357306 -0.1763599068 0.0739065558 0.9938497543 0.0824647695 0.1704563648 -0.0940631852 0.9808652997
-313.7 -451.1 2535.8 0.9832542539 0.0674988776 -0.1692778170 -0.0722355247 0.9971455336 -0.0219738428 0.1673114151 0.0338337459 0.9853233695
-564.5 -186.1 2360.4 0 0 0 0 0 0 0 0 0
-219.8 -154.7 2439.0 0 0 0 0 0 0 0 0 0
-516.8 -746.9 2471.7 0 0 0 0 0 0 0 0 0
-334.7 -761.8 2525.2 0 0 0 0 0 0 0 0 0
-377.8 536.9 2433.7 6 0.9751840830 0.0737724677 -0.2087429911 -0.0518941358 0.9927501082 0.1084170192 0.2152278125 -0.0948940143 0.9719424248
-392.8 335.7 2453.0 0.9751840830 0.0737724677 -0.2087429911 -0.0518941358 0.9927501082 0.1084170192 0.2152278125 -0.0948940143 0.9719424248
-406.8 141.0 2469.2 0.9751372933 0.0718057826 -0.2096452862 -0.0525323153 0.9939841628 0.0961032286 0.2152848542 -0.0827006921 0.9730432034
-531.5 343.2 2422.3 0.2023890764 -0.8803115487 -0.4290573597 0.9792279601 0.1764143705 0.0999526903 -0.0122976303 -0.4403742850 0.8977300525
-585.0 84.8 2425.6 -0.0579522736 -0.8797038794 -0.4719774127 0.9708102345 0.0605598353 -0.2320775986 0.2327424288 -0.4716499150 0.8505159020
-254.0 328.2 2483.6 0.0878327042 0.9944254160 0.0583391301 -0.9739201665 0.0734270513 0.2146811634 0.2092007399 -0.0756736845 0.9749403000
-231.9 82.9 2536.3 0.0393789895 0.9944254160 0.0978127494 -0.9243730903 0.0734270513 -0.3743566573 -0.3794518709 -0.0756736845 0.9221115708
-509.8 -49.1 2463.1 0.6475049257 0.0000625431 -0.7620612383 0.0766849816 0.9949187040 0.0652390197 0.7581931353 -0.1006812379 0.6442099810
-509.8 -438.7 2502.6 0.6525143385 0.0251123495 -0.7573601604 -0.0911961943 0.9947890043 -0.0455864184 0.7522687316 0.0988141522 0.6514042616
-334.3 -59.0 2503.5 0.9845552444 -0.0555592626 -0.1660244614 0.0676524639 0.9953826666 0.0680915266 0.1614747643 -0.0782718286 0.9837679863
-312.6 -448.9 2534.2 0.9843268394 0.0725011230 -0.1607614905 -0.0760288313 0.9969789386 -0.0158938933 0.1591234952 0.0278672948 0.9868652821
-568.9 -185.0 2360.9 0 0 0 0 0 0 0 0 0
-221.7 -154.3 2438.9 0 0 0 0 0 0 0 0 0
-517.6 -748.1 2471.8 0 0 0 0 0 0 0 0 0
-335.3 -760.9 2525.5 0 0 0 0 0 0 0 0 0
-378.1 538.7 2431.5 7 0.9824901819 0.0759841278 -0.1701160967 -0.0578544624 0.9923448563 0.1091079637 0.1771043092 -0.0973555297 0.9793651104
-393.5 337.5 2451.2 0.9824901819 0.0759841278 -0.1701160967 -0.0578544624 0.9923448563 0.1091079637 0.1771043092 -0.0973555297 0.9793651104
-407.9 143.0 2468.1 0.9824944735 0.0739632398 -0.1709796339 -0.0577973016 0.9935389757 0.0976714939 0.1770990342 -0.0860795453 0.9804214835
-533.3 345.8 2426.0 0.1899917722 -0.8975092173 -0.3979702890 0.9817836881 0.1728671938 0.0788524225 -0.0019747685 -0.4057020545 0.9140032530
-583.6 85.6 2426.6 -0.0531719513 -0.8976371884 -0.4375160038 0.9706709981 0.0564093888 -0.2337003201 0.2344581038 -0.4371103942 0.8683109283
-253.6 329.3 2476.4 0.0940221846 0.9922266603 0.0815234631 -0.9746439457 0.0750358626 0.2108051777 0.2030493468 -0.0992767140 0.9741227627
-230.2 86.0 2527.1 0.0362756290 0.9922266603 0.1190391704 -0.9375178218 0.0750358626 -0.3397497833 -0.3460409939 -0.0992767140 0.9329521656
-508.8 -48.9 2466.0 0.6769869328 0.0078076147 -0.7359536290 0.0679162294 0.9950145483 0.0730305314 0.7328547835 -0.0994239077 0.6730815172
-511.9 -438.5 2504.9 0.6824896932 0.0193749703 -0.7306383848 -0.0902093574 0.9942383766 -0.0578995273 0.7253069282 0.1054262519 0.6803052425
-332.8 -58.4 2504.8 0.9907646775 -0.0485308915 -0.1266099513 0.0563947558 0.9966470003 0.0592825972 0.1233083904 -0.0658752397 0.9901795387
-313.8 -448.7 2530.6 0.9900029898 0.0685890019 -0.1232462004 -0.0696842074 0.9975585341 -0.0045926892 0.1226302907 0.0131350895 0.9923654795
-568.9 -184.2 2361.4 0 0 0 0 0 0 0 0 0
-220.9 -154.7 2438.3 0 0 0 0 0 0 0 0 0
-517.9 -748.7 2472.0 0 0 0 0 0 0 0 0 0
-335.2 -760.1 2526.5 0 0 0 0 0 0 0 0 0
-377.9 538.3 2430.9 8 0.9847956300 0.0724459141 -0.1578895152 -0.0555551462 0.9925004840 0.1088871285 0.1645938605 -0.0984599963 0.9814349413
-392.6 337.1 2450.9 0.9847956300 0.0724459141 -0.1578895152 -0.0555551462 0.9925004840 0.1088871285 0.1645938605 -0.0984599963 0.9814349413
-406.3 142.5 2468.1 0.9848495722 0.0700422823 -0.1586360484 -0.0548036359 0.9936286807 0.0984812975 0.1645231843 -0.0882954299 0.9824133515
-532.8 345.0 2427.4 0.1914879531 -0.9016653895 -0.3877266347 0.9814876318 0.1774372458 0.0720973089 0.0037894982 -0.3943546712 0.9189504981
-583.5 85.3 2426.4 -0.0633781999 -0.9015048146 -0.4281031489 0.9703597426 0.0445731841 -0.2375189066 0.2332063466 -0.4304675758 0.8719589710
-252.3 329.3 2474.3 0.0932373255 0.9904109836 0.1019454077 -0.9743931293 0.0697258338 0.2137671262 0.2046090811 -0.1192659810 0.9715507030
-229.4 90.3 2524.5 0.0271331333 0.9904109836 0.1354616433 -0.9446527958 0.0697258338 -0.3205766380 -0.3269477785 -0.1192659810 0.9374864101
-511.0 -46.4 2469.0 0.6861586571 -0.0040333173 -0.7274407148 0.0681268200 0.9959460497 0.0587385893 0.7242547870 -0.0898622125 0.6836518049
-509.5 -436.5 2504.2 0.6908823252 0.0254799947 -0.7225180864 -0.0909900442 0.9944966435 -0.0519345328 0.7172185779 0.1016226038 0.6893985868
-333.7 -56.9 2501.0 0.9924877882 -0.0442259237 -0.1140705943 0.0514228381 0.9968159795 0.0609397143 0.1110122725 -0.0663477555 0.9916018844
-316.3 -447.3 2527.0 0.9920999408 0.0578227602 -0.1113293916 -0.0578111224 0.9983219504 0.0033353260 0.1113354415 0.0031271006 0.9937779903
-565.9 -184.4 2361.6 0 0 0 0 0 0 0 0 0
-222.5 -152.3 2440.5 0 0 0 0 0 0 0 0 0
-517.4 -747.1 2472.5 0 0 0 0 0 0 0 0 0
-334.5 -760.3 2526.0 0 0 0 0 0 0 0 0 0
-378.5 536.9 2431.1 9 0.9844817519 0.0720278472 -0.1600238681 -0.0548994020 0.9925250411 0.1089961305 0.1666784436 -0.0985194892 0.9810770750
-393.1 335.9 2451.0 0.9844817519 0.0720278472 -0.1600238681 -0.0548994020 0.9925250411 0.1089961305 0.1666784436 -0.0985194892 0.9810770750
-407.0 141.3 2468.7 0.9844527245 0.0710580498 -0.1606349498 -0.0553025082 0.9933974147 0.1005147472 0.1667167246 -0.0900684968 0.9818824530
-533.3 343.7 2427.3 0.1781012267 -0.9029242396 -0.3911620975 0.9839985967 0.1655112207 0.0659758821 0.0051704943 -0.3966533542 0.9179539084
-580.4 83.4 2425.9 -0.0620291904 -0.9021257162 -0.4269912839 0.9696097970 0.0469760820 -0.2401043028 0.2366626412 -0.4289084077 0.8717960715
-252.8 328.0 2474.8 0.0975787267 0.9900022745 0.1018525138 -0.9774164557 0.0760539845 0.1971619278 0.1874444634 -0.1187911332 0.9750657678
-229.1 90.3 2520.4 0.0332668275 0.9901064038 0.1363181323 -0.9512699842 0.0732032880 -0.2995442152 -0.3065595925 -0.1197104529 0.9442937374
-508.9 -47.1 2470.6 0.6846907735 -0.0017427017 -0.7288316488 0.0641354769 0.9962618947 0.0578690320 0.7260063291 -0.0863663554 0.6822431087
-508.2 -437.3 2504.4 0.6882784963 0.0314502530 -0.7247645259 -0.0930442587 0.9946355224 -0.0451992638 0.7194550037 0.0985448584 0.6875125170
-331.0 -57.0 2500.3 0.9924013019 -0.0402559675 -0.1162716523 0.0482257530 0.9966160059 0.0665644631 0.1131985709 -0.0716659501 0.9909843802
-315.2 -447.4 2528.4 0.9916698933 0.0611845255 -0.1133460030 -0.0615444258 0.9981042743 0.0003245363 0.1131509840 0.0066539813 0.9935555458
-563.2 -186.1 2360.1 0 0 0 0 0 0 0 0 0
-220.5 -154.1 2441.6 0 0 0 0 0 0 0 0 0
-518.0 -747.6 2473.7 0 0 0 0 0 0 0 0 0
-334.4 -760.6 2526.3 0 0 0 0 0 0 0 0 0
-378.5 536.4 2429.7 0 0.9804877043 0.0712110847 -0.1832290441 -0.0499474853 0.9917379022 0.1181572601 0.1901293099 -0.1066999137 0.9759436250
-392.9 335.2 2451.3 0.9804877043 0.0712110847 -0.1832290441 -0.0499474853 0.9917379022 0.1181572601 0.1901293099 -0.1066999137 0.9759436250
-406.7 140.7 2470.3 0.9804332256 0.0700988770 -0.1839478612 -0.0507121459 0.9928498864 0.1080620661 0.1902076453 -0.0966192484 0.9769778848
-532.6 342.4 2424.2 0.1865263581 -0.8927555680 -0.4101163149 0.9824016690 0.1653498709 0.0868699253 -0.0097409291 -0.4191024899 0.9078866839
-582.2 81.3 2426.8 -0.0760166645 -0.8904565573 -0.4486742914 0.9695695639 0.0390089862 -0.2416881323 0.2327151000 -0.4533932507 0.8603942394
-253.3 328.0 2478.4 0.0994165614 0.9918114543 0.0801646486 -0.9788172245 0.0829862952 0.1871633232 0.1789781600 -0.0970736742 0.9790523648
-229.0 89.1 2522.1 0.0334757864 0.9924231768 0.1182183474 -0.9485668540 0.0688058957 -0.3090091348 -0.3148019612 -0.1017936841 0.9436830878
-509.8 -48.3 2471.3 0.6672607064 -0.0031652325 -0.7448175550 0.0718591809 0.9955996871 0.0601456054 0.7413497567 -0.0936547741 0.6645519733
-508.6 -438.3 2508.0 0.6721208096 0.0310806092 -0.7397888899 -0.1027314961 0.9933698177 -0.0516004451 0.7332802415 0.1106813550 0.6708574891
-331.9 -58.3 2501.4 0.9892306924 -0.0457480885 -0.1390315890 0.0543816686 0.9967788458 0.0589455180 0.1358871013 -0.0658714846 0.9885320663
-314.0 -448.7 2527.2 0.9887129664 0.0620393381 -0.1363736838 -0.0618923679 0.9980686307 0.0053216312 0.1364404410 0.0031789239 0.9906432033
-561.0 -188.2 2362.1 0 0 0 0 0 0 0 0 0
-220.4 -154.7 2441.2 0 0 0 0 0 0 0 0 0
-518.2 -746.4 2473.6 0 0 0 0 0 0 0 0 0
-333.5 -761.8 2526.2 0 0 0 0 0 0 0 0 0
-379.1 536.1 2429.5 1 0.9809098244 0.0692626238 -0.1817100793 -0.0476064831 0.9915167093 0.1209474728 0.1885457188 -0.1099879891 0.9758858085
-393.1 335.1 2451.8 0.9809098244 0.0692626238 -0.1817100793 -0.0476064831 0.9915167093 0.1209474728 0.1885457188 -0.1099879891 0.9758858085
-406.5 140.7 2471.5 0.9808467031 0.0684535354 -0.1823564321 -0.0485163182 0.9925642014 0.1116355434 0.1886423081 -0.1006500870 0.9768744111
-532.9 342.0 2424.9 0.1868705153 -0.8928992152 -0.4096466601 0.9823596478 0.1668737382 0.0843961984 -0.0069980235 -0.4181915224 0.9083319306
-582.2 82.5 2426.8 -0.0792737603 -0.8903648853 -0.4482923746 0.9694045782 0.0359480679 -0.2428219914 0.2323154062 -0.4538260996 0.8602740169
-253.3 328.2 2478.7 0.1011967510 0.9914101958 0.0828555971 -0.9800946712 0.0850494206 0.1793908328 0.1708030850 -0.0993600935 0.9802825451
-228.6 88.9 2520.4 0.0246438272 0.9923971891 0.1205838248 -0.9519841671 0.0601152927 -0.3001871705 -0.3051538467 -0.1073961332 0.9462279081
-509.0 -49.2 2472.0 0.6685578227 -0.0029775382 -0.7436542511 0.0561461374 0.9973399043 0.0464830548 0.7415376306 -0.0728299171 0.6669465899
-507.8 -439.7 2500.5 0.6704738736 0.0367350727 -0.7410231233 -0.0916662961 0.9952226877 -0.0336025693 0.7362486124 0.0904564932 0.6706382036
-331.8 -58.3 2506.4 0.9893974066 -0.0484145209 -0.1369260997 0.0562406220 0.9969626665 0.0538747348 0.1339018941 -0.0610043332 0.9891151190
-312.9 -448.8 2530.3 0.9885281324 0.0699039549 -0.1338863671 -0.0710857213 0.9974619150 -0.0040609119 0.1332626790 0.0135317342 0.9909883738
-560.2 -187.0 2362.2 0 0 0 0 0 0 0 0 0
-222.3 -155.8 2441.9 0 0 0 0 0 0 0 0 0
-519.2 -748.5 2472.5 0 0 0 0 0 0 0 0 0
-334.8 -761.5 2526.0 0 0 0 0 0 0 0 0 0
-380.0 538.8 2436.9 2 0.9795094728 0.0682574660 -0.1894786060 -0.0492546372 0.9934349656 0.1032515988 0.1952823699 -0.0918032229 0.9764409661
-393.8 337.6 2455.5 0.9795094728 0.0682574660 -0.1894786060 -0.0492546372 0.9934349656 0.1032515988 0.1952823699 -0.0918032229 0.9764409661
-406.8 142.9 2471.5 0.9794849157 0.0667111948 -0.1901549101 -0.0496158674 0.9944018722 0.0932909995 0.1953139454 -0.0819424242 0.9773115516
-533.4 344.7 2427.6 0.1720000356 -0.8921570182 -0.4176982939 0.9850257039 0.1608606130 0.0620340854 0.0118470658 -0.4221134186 0.9064655900
-579.8 79.0 2424.4 -0.0575286038 -0.8915199041 -0.4493136108 0.9744259119 0.0477818027 -0.2195700109 0.2172200531 -0.4504543841 0.8659713268
-254.2 330.6 2483.3 0.1041177735 0.9917551279 0.0747079477 -0.9824391603 0.0908638686 0.1629634500 0.1548315883 -0.0903634056 0.9837995768
-228.7 89.8 2521.2 0.0213615205 0.9932472110 0.1140334979 -0.9510468841 0.0553612560 -0.3040475249 -0.3083074093 -0.1019562855 0.9458072782
-508.6 -49.4 2474.2 0.6626706719 0.0003064164 -0.7489109039 0.0498932712 0.9977601767 0.0445560850 0.7472470999 -0.0668916255 0.6611711383
-508.7 -440.1 2500.4 0.6642415524 0.0347624607 -0.7467092276 -0.0885623991 0.9955424070 -0.0324347466 0.7422531843 0.0876748711 0.6643593311
-331.3 -58.1 2508.3 0.9883955121 -0.0457598604 -0.1448460370 0.0519137718 0.9978899956 0.0389933363 0.1427560896 -0.0460603423 0.9886855483
-313.4 -449.0 2526.3 0.9870932698 0.0709748864 -0.1435599923 -0.0699642971 0.9974763393 0.0120819267 0.1440552175 -0.0018819140 0.9895678759
-563.8 -191.8 2364.1 0 0 0 0 0 0 0 0 0
-223.2 -154.6 2442.0 0 0 0 0 0 0 0 0 0
-519.5 -748.2 2473.2 0 0 0 0 0 0 0 0 0
-335.6 -761.7 2526.9 0 0 0 0 0 0 0 0 0
-379.7 541.3 2441.6 3 0.9826250076 0.0709925368 -0.1714882106 -0.0560309701 0.9943128228 0.0905680731 0.1769425869 -0.0793858021 0.9810143709
-394.1 340.3 2457.6 0.9826250076 0.0709925368 -0.1714882106 -0.0560309701 0.9943128228 0.0905680731 0.1769425869 -0.0793858021 0.9810143709
-407.8 145.5 2471.5 0.9825866222 0.0700303167 -0.1721023917 -0.0565716848 0.9950333238 0.0819042772 0.1769833863 -0.0707419217 0.9816681743
-534.1 348.4 2432.4 0.1699448079 -0.8997160196 -0.4020320773 0.9851567149 0.1651250273 0.0469033122 0.0241858959 -0.4040355980 0.9144234657
-579.9 82.9 2425.9 -0.0544343330 -0.8999142647 -0.4326559901 0.9755575657 0.0444531776 -0.2152006924 0.2128951102 -0.4337951243 0.8754984140
-254.1 332.3 2482.8 0.1022544056 0.9905198812 0.0917300507 -0.9826647639 0.0862457305 0.1641086191 0.1546415240 -0.1069207191 0.9821680188
-229.0 91.7 2520.7 0.0159274600 0.9915912151 0.1284258664 -0.9507293701 0.0547915362 -0.3051418066 -0.3096125722 -0.1172381192 0.9436075687
-508.4 -47.3 2469.9 0.6764138937 0.0111851199 -0.7364367843 0.0617472380 0.9955034256 0.0718344301 0.7339287996 -0.0940627456 0.6726817489
-512.8 -437.1 2506.7 0.6817368865 0.0166293550 -0.7314084172 -0.0895875394 0.9941152334 -0.0609011799 0.7260915041 0.1070436612 0.6792148352
-331.4 -56.3 2505.2 0.9906097054 -0.0476029292 -0.1281653792 0.0552047715 0.9968793392 0.0564271212 0.1250793189 -0.0629725978 0.9901462793
-312.7 -446.7 2529.9 0.9895530343 0.0713387132 -0.1252821982 -0.0718780234 0.9974133968 0.0002160939 0.1249735653 0.0087912008 0.9921211004
-564.7 -188.3 2366.7 0 0 0 0 0 0 0 0 0
-224.9 -152.7 2441.1 0 0 0 0 0 0 0 0 0
-518.0 -747.6 2473.3 0 0 0 0 0 0 0 0 0
-335.2 -760.8 2527.1 0 0 0 0 0 0 0 0 0
-378.6 537.9 2435.4 4 0.9849608541 0.0782961696 -0.1540187299 -0.0626982301 0.9926355481 0.1036513746 0.1609999686 -0.0924358442 0.9826161861
-394.4 337.1 2454.1 0.9849608541 0.0782961696 -0.1540187299 -0.0626982301 0.9926355481 0.1036513746 0.1609999686 -0.0924358442 0.9826161861
-409.4 142.5 2470.3 0.9849880934 0.0763731822 -0.1548082530 -0.0623487979 0.9936639667 0.0935121626 0.1609692127 -0.0824562535 0.9835089445
-534.8 346.0 2431.2 0.1851227731 -0.9037588835 -0.3859397471 0.9826287627 0.1754479259 0.0604870506 0.0130466176 -0.3904330432 0.9205389023
-583.1 89.5 2427.8 -0.0677376240 -0.9035560489 -0.4230816364 0.9731532335 0.0336557738 -0.2276841104 0.2199644893 -0.4271460474 0.8770187497
-254.1 328.2 2477.1 0.1041765735 0.9886469841 0.1082794294 -0.9789441228 0.0827151090 0.1866189986 0.1755439639 -0.1254408360 0.9764471054
-229.1 93.5 2519.2 0.0175005272 0.9893691540 0.1443689167 -0.9547243714 0.0594229363 -0.2914965451 -0.2969765365 -0.1327311844 0.9456148148
-510.3 -44.3 2469.4 0.6892688274 0.0007416452 -0.7245053053 0.0708674490 0.9951350689 0.0684394687 0.7210314274 -0.0985170379 0.6858630180
-510.6 -434.0 2507.9 0.6952344179 0.0217442214 -0.7184540629 -0.0946339145 0.9936104417 -0.0615035407 0.7125261426 0.1107494980 0.6928499341
-332.7 -54.5 2501.3 0.9924227595 -0.0534957945 -0.1106131673 0.0605190098 0.9962927699 0.0611407347 0.1069323272 -0.0673716590 0.9919810891
-311.8 -444.7 2527.7 0.9913135767 0.0754632726 -0.1077160463 -0.0748392493 0.9971471429 0.0098297996 0.1081505343 -0.0016830261 0.9941331148
-564.3 -181.0 2366.6 0 0 0 0 0 0 0 0 0
-224.6 -151.9 2442.8 0 0 0 0 0 0 0 0 0
-517.5 -750.0 2472.7 0 0 0 0 0 0 0 0 0
-335.7 -761.4 2528.3 0 0 0 0 0 0 0 0 0
-379.2 538.3 2439.9 5 0.9857473969 0.0724386722 -0.1518377662 -0.0588074289 0.9939816594 0.0924239010 0.1576190293 -0.0821774304 0.9840747714
-393.9 337.0 2456.5 0.9857473969 0.0724386722 -0.1518377662 -0.0588074289 0.9939816594 0.0924239010 0.1576190293 -0.0821774304 0.9840747714
-407.7 142.2 2471.0 0.9858152270 0.0701919571 -0.1524514556 -0.0578617565 0.9947956204 0.0838670060 0.1575448215 -0.0738562644 0.9847460985
-534.4 345.2 2434.0 0.1941239387 -0.9031248689 -0.3829900622 0.9806783199 0.1882969290 0.0530496798 0.0242053680 -0.3858882487 0.9222279191
-585.8 85.6 2427.6 -0.0761762708 -0.9029005170 -0.4230458736 0.9712190628 0.0288395621 -0.2364355922 0.2256782800 -0.4288809896 0.8747173548
-253.4 328.7 2479.0 0.1013014242 0.9887011647 0.1104898080 -0.9813047647 0.0810351148 0.1745687127 0.1636427343 -0.1261082292 0.9784261584
-228.8 90.2 2518.7 0.0286041293 0.9891192913 0.1443082988 -0.9554319978 0.0694897696 -0.2869160473 -0.2938221395 -0.1296697855 0.9470239282
-513.3 -46.4 2471.9 0.6909719110 -0.0166336652 -0.7226902246 0.0679883882 0.9967990518 0.0420617871 0.7196772695 -0.0781980529 0.6898910403
-506.8 -436.7 2502.5 0.6947672963 0.0322934017 -0.7185092568 -0.0925029814 0.9947068095 -0.0447392762 0.7132612467 0.0975476354 0.6940770149
-335.3 -57.7 2501.0 0.9927711487 -0.0492855720 -0.1094368249 0.0579279326 0.9953275323 0.0772490352 0.1051182225 -0.0830300599 0.9909874797
-316.0 -447.5 2533.5 0.9926748276 0.0610110462 -0.1042800173 -0.0631483868 0.9978539348 -0.0173159391 0.1029997617 0.0237742122 0.9943972230
-564.6 -184.4 2364.9 0 0 0 0 0 0 0 0 0
-221.5 -155.4 2443.2 0 0 0 0 0 0 0 0 0
-517.0 -750.2 2471.8 0 0 0 0 0 0 0 0 0
-335.0 -759.1 2526.1 0 0 0 0 0 0 0 0 0
-378.4 537.6 2435.1 6 0.9931024909 0.0692346543 -0.0946253315 -0.0597782098 0.9932545424 0.0993575603 0.1008660272 -0.0930157080 0.9905423522
-392.6 334.6 2454.1 0.9931024909 0.0692346543 -0.0946253315 -0.0597782098 0.9932545424 0.0993575603 0.1008660272 -0.0930157080 0.9905423522
-405.9 139.9 2470.5 0.9931066632 0.0683045760 -0.0952558890 -0.0597186275 0.9941273928 0.0902462304 0.1008607224 -0.0839355811 0.9913535714
-533.9 343.1 2439.7 0.1853548586 -0.9227066040 -0.3380178213 0.9812949300 0.1920018196 0.0139827849 0.0519980267 -0.3342869580 0.9410358071
-582.6 85.2 2426.1 -0.0602043122 -0.9257087111 -0.3734150529 0.9728165269 0.0293908510 -0.2297045141 0.2236144543 -0.3770935237 0.8987752795
-251.3 326.0 2468.4 0.0926628113 0.9822954535 0.1628166288 -0.9735036492 0.0550454110 0.2219474316 0.2090556473 -0.1790688485 0.9613688588
-228.8 89.9 2519.1 0.0229361579 0.9820280075 0.1873365194 -0.9556381106 0.0765762255 -0.2844150662 -0.2936490774 -0.1725025177 0.9402197003
-510.5 -47.4 2471.2 0.7315204740 -0.0179919265 -0.6815820336 0.0667122081 0.9967439175 0.0452887565 0.6785479188 -0.0785994977 0.7303388715
-503.5 -437.8 2502.0 0.7341036797 0.0451394022 -0.6775353551 -0.0983011127 0.9943419099 -0.0402624197 0.6718844175 0.0961592719 0.7343873382
-332.3 -57.9 2499.7 0.9976434708 -0.0448618606 -0.0519129075 0.0490468144 0.9953942895 0.0823685527 0.0479786061 -0.0847206041 0.9952489734
-314.7 -447.8 2532.9 0.9970582724 0.0604194030 -0.0471630283 -0.0613092519 0.9979627132 -0.0176533889 0.0460003354 0.0204929877 0.9987311959
-565.9 -185.2 2363.9 0 0 0 0 0 0 0 0 0
-222.9 -155.8 2443.7 0 0 0 0 0 0 0 0 0
-517.5 -748.2 2472.0 0 0 0 0 0 0 0 0 0
-333.7 -761.3 2526.4 0 0 0 0 0 0 0 0 0
-380.1 537.3 2432.7 7 0.9883198142 0.0693158135 -0.1357175410 -0.0543641746 0.9923397899 0.1109336913 0.1423673779 -0.1022597924 0.9845173955
-394.2 334.9 2453.5 0.9883198142 0.0693158135 -0.1357175410 -0.0543641746 0.9923397899 0.1109336913 0.1423673779 -0.1022597924 0.9845173955
-407.3 140.3 2471.2 0.9883856177 0.0667019710 -0.1365458071 -0.0534037575 0.9936693311 0.0988400578 0.1422742009 -0.0904000252 0.9856905341
-534.9 342.5 2433.3 0.1714019030 -0.9117909670 -0.3731736541 0.9848530293 0.1686434448 0.0402979143 0.0261900146 -0.3744283617 0.9268859029
-580.3 81.7 2426.3 -0.0594958216 -0.9116762877 -0.4065791667 0.9690867662 0.0449459068 -0.2425916940 0.2394391745 -0.4084436595 0.8808193207
-253.6 327.3 2473.8 0.1027386114 0.9868919849 0.1244547442 -0.9757335186 0.0756653175 0.2054723352 0.1933621019 -0.1425446123 0.9707173109
-228.6 89.7 2520.8 0.0206587054 0.9870927334 0.1588117629 -0.9520444274 0.0679222718 -0.2983253300 -0.3052616119 -0.1450328380 0.9411593080
-508.8 -49.4 2477.8 0.7028504610 -0.0028776254 -0.7113318443 0.0500057340 0.9977177382 0.0453733318 0.7095777988 -0.0674613342 0.7013902664
-507.7 -440.1 2504.3 0.7058554888 0.0297701936 -0.7077300549 -0.0932511091 0.9943264127 -0.0511784367 0.7021910548 0.1021211892 0.7046268582
-329.6 -60.3 2496.0 0.9949774742 -0.0366309769 -0.0931558684 0.0447219498 0.9952644706 0.0863050669 0.0895532817 -0.0900377110 0.9919039607
-315.2 -450.1 2531.3 0.9942822456 0.0586424023 -0.0892404020 -0.0596753024 0.9981777072 -0.0089483513 0.0885530338 0.0142226350 0.9959698915
-563.7 -187.6 2359.8 0 0 0 0 0 0 0 0 0
-223.3 -155.0 2442.4 0 0 0 0 0 0 0 0 0
-516.9 -746.8 2472.8 0 0 0 0 0 0 0 0 0
-333.5 -761.4 2526.9 0 0 0 0 0 0 0 0 0
-379.7 535.9 2431.0 8 0.9846264124 0.0692009404 -0.1603808701 -0.0510129109 0.9920694828 0.1148732975 0.1670582891 -0.1049257889 0.9803479314
-393.8 334.1 2452.3 0.9846264124 0.0692009404 -0.1603808701 -0.0510129109 0.9920694828 0.1148732975 0.1670582891 -0.1049257889 0.9803479314
-406.8 139.6 2470.9 0.9846784472 0.0667669699 -0.1610917151 -0.0502535105 0.9932550788 0.1044937894 0.1669819057 -0.0947973579 0.9813921452
-533.9 341.2 2428.5 0.1780592203 -0.9026566744 -0.3917981982 0.9840182662 0.1640306562 0.0692962632 0.0017161814 -0.3978754282 0.9174378514
-581.6 77.9 2428.1 -0.0774525106 -0.9003056288 -0.4283117354 0.9669521451 0.0368351825 -0.2522830665 0.2429088056 -0.4336968958 0.8676994443
-253.6 326.9 2476.1 0.1031451896 0.9894232154 0.1019942462 -0.9779187441 0.0821363255 0.1921680421 0.1817580909 -0.1195632964 0.9760474563
-228.6 90.0 2520.1 0.0300688054 0.9898800254 0.1386843920 -0.9532307982 0.0701443553 -0.2939911783 -0.3007439375 -0.1233582795 0.9456933141
-509.6 -49.5 2476.1 0.6849591732 -0.0036736904 -0.7285721898 0.0616227314 0.9966962337 0.0529082753 0.7259708047 -0.0811366215 0.6829226017
-508.1 -439.8 2507.9 0.6894162297 0.0307383351 -0.7237129211 -0.1045774221 0.9928559065 -0.0574518368 0.7167766690 0.1152922660 0.6877055168
-331.2 -59.1 2501.8 0.9921329021 -0.0438035093 -0.1172756404 0.0531825908 0.9955277443 0.0780774876 0.1133310869 -0.0837002695 0.9900254011
-314.0 -449.1 2534.6 0.9915581346 0.0644200817 -0.1125276834 -0.0668414012 0.9976034760 -0.0178750064 0.1111065000 0.0252456162 0.9934877753
-560.1 -190.9 2360.6 0 0 0 0 0 0 0 0 0
-220.9 -155.1 2442.8 0 0 0 0 0 0 0 0 0
-517.6 -746.4 2472.3 0 0 0 0 0 0 0 0 0
-334.2 -762.4 2526.6 0 0 0 0 0 0 0 0 0
-381.0 535.7 2431.1 9 0.9821574688 0.0648546442 -0.1765236259 -0.0452510826 0.9925754666 0.1128995493 0.1825350672 -0.1028972492 0.9778001308
-394.1 333.9 2452.0 0.9821574688 0.0648546442 -0.1765236259 -0.0452510826 0.9925754666 0.1128995493 0.1825350672 -0.1028972492 0.9778001308
-406.2 139.2 2470.4 0.9822735786 0.0613208227 -0.1771395206 -0.0434234776 0.9937118888 0.1032039374 0.1823541969 -0.0936824903 0.9787597060
-534.0 340.0 2426.1 0.1751486659 -0.8971399069 -0.4055403471 0.9845420122 0.1595516503 0.0722518861 -0.0001154157 -0.4119263291 0.9112171531
-580.7 78.0 2426.1 -0.0807833299 -0.8944473863 -0.4398157299 0.9714627862 0.0280727167 -0.2355249226 0.2230114937 -0.4462910891 0.8666545749
-254.2 327.7 2478.0 0.1054169536 0.9906437993 0.0866725519 -0.9795349240 0.0884151235 0.1808150560 0.1714601368 -0.1039597616 0.9796906710
-228.5 88.9 2519.8 0.0305210799 0.9916418195 0.1253594011 -0.9552321434 0.0658629984 -0.2884330153 -0.2942787707 -0.1109440476 0.9492583275
-508.8 -50.4 2474.4 0.6731150746 -0.0000456242 -0.7395377159 0.0586946346 0.9968487620 0.0533613935 0.7372048497 -0.0793252587 0.6709966660
-508.8 -440.9 2505.4 0.6770842075 0.0277889464 -0.7353807092 -0.0977263451 0.9938316345 -0.0524237677 0.7293878198 0.1073613688 0.6756234169
-331.0 -59.5 2504.5 0.9903607368 -0.0402645543 -0.1325305402 0.0486201979 0.9969878793 0.0604257844 0.1296983212 -0.0662869886 0.9893352985
-315.3 -450.0 2530.5 0.9896391034 0.0619135797 -0.1295418739 -0.0632687956 0.9979761839 -0.0063685747 0.1288854033 0.0144985486 0.9915534854
-558.2 -192.0 2364.1 0 0 0 0 0 0 0 0 0
-220.7 -156.6 2444.2 0 0 0 0 0 0 0 0 0
-517.4 -747.9 2472.3 0 0 0 0 0 0 0 0 0
-334.7 -762.8 2525.9 0 0 0 0 0 0 0 0 0
-380.1 533.7 2431.2 0 0.9847851396 0.0750173852 -0.1567503661 -0.0575411320 0.9919044375 0.1132018045 0.1639734805 -0.1024598554 0.9811292887
-395.3 332.7 2452.0 0.9847851396 0.0750173852 -0.1567503661 -0.0575411320 0.9919044375 0.1132018045 0.1639734805 -0.1024598554 0.9811292887
-409.6 138.2 2470.0 0.9848322272 0.0727341399 -0.1575285792 -0.0569083318 0.9930783510 0.1027466655 0.1639114171 -0.0922235399 0.9821547270
-535.6 340.8 2428.6 0.1720897555 -0.9045177102 -0.3901703060 0.9850480556 0.1612625122 0.0606193952 0.0080885272 -0.3947684765 0.9187450409
-581.4 78.8 2426.5 -0.0729160681 -0.9028718472 -0.4236810505 0.9715297222 0.0317143202 -0.2347853184 0.2254178226 -0.4287383854 0.8748543859
-255.0 324.6 2475.3 0.1100726202 0.9883133173 0.1054553315 -0.9770256877 0.0881092995 0.1940554529 0.1824959964 -0.1243927628 0.9753059149
-228.5 89.3 2519.3 0.0236868002 0.9891784191 0.1447931081 -0.9555880427 0.0649596304 -0.2874573171 -0.2937522531 -0.1315536201 0.9467857480
-506.9 -51.5 2472.3 0.6874788404 0.0003918940 -0.7262042761 0.0568343326 0.9969036579 0.0543415695 0.7239770293 -0.0786320120 0.6853278875
-507.0 -442.0 2503.1 0.6904729605 0.0333080105 -0.7225909233 -0.0958890021 0.9943381548 -0.0457926318 0.7169744372 0.1009071022 0.6897574663
-329.4 -59.3 2505.2 0.9929127693 -0.0358585604 -0.1133067012 0.0428085290 0.9973092675 0.0595115796 0.1108678207 -0.0639403015 0.9917761683
-315.4 -449.9 2530.3 0.9919081330 0.0619879402 -0.1107960194 -0.0628224686 0.9980164766 -0.0040536802 0.1103249714 0.0109813577 0.9938349128
-561.1 -191.3 2363.8 0 0 0 0 0 0 0 0 0
-222.4 -156.3 2443.7 0 0 0 0 0 0 0 0 0
-517.3 -747.1 2472.1 0 0 0 0 0 0 0 0 0
-334.7 -761.5 2526.9 0 0 0 0 0 0 0 0 0
-380.9 531.3 2431.2 1 0.9792897105 0.0703896359 -0.1898340434 -0.0488190651 0.9920480251 0.1160060018 0.1964901090 -0.1043359637 0.9749388099
-395.1 330.8 2452.3 0.9792897105 0.0703896359 -0.1898340434 -0.0488190651 0.9920480251 0.1160060018 0.1964901090 -0.1043359637 0.9749388099
-408.1 136.3 2470.9 0.9794341922 0.0663722083 -0.1905345172 -0.0467216894 0.9932851791 0.1058375910 0.1962797791 -0.0947588682 0.9759585261
-534.6 337.5 2424.4 0.1904331744 -0.8889841437 -0.4164641500 0.9816936255 0.1708954275 0.0840977803 -0.0035897796 -0.4248552024 0.9052541852
-584.6 79.6 2425.3 -0.0836340189 -0.8862724304 -0.4555507600 0.9714513421 0.0293348096 -0.2354183644 0.2220083177 -0.4622343481 0.8585171700
-255.7 324.2 2480.3 0.1127960011 0.9907691479 0.0751897618 -0.9806329012 0.0988086909 0.1691035479 0.1601131707 -0.0928077549 0.9827260375
-228.3 86.5 2519.1 0.0218991432 0.9927795529 0.1179372445 -0.9551872015 0.0556074493 -0.2907322347 -0.2951911986 -0.1062853560 0.9495080709
-512.8 -51.1 2473.3 0.6629037261 -0.0174777862 -0.7485006452 0.0632453039 0.9974614382 0.0327215865 0.7460286021 -0.0690304041 0.6623262763
-505.9 -441.8 2500.4 0.6649913192 0.0386857316 -0.7458484769 -0.0928538889 0.9951917529 -0.0311689470 0.7410564423 0.0899820104 0.6653860211
-334.8 -61.4 2502.9 0.9877526164 -0.0539997593 -0.1463857293 0.0642079636 0.9957563877 0.0659284443 0.1422044039 -0.0745201185 0.9870281816
-313.7 -451.4 2532.1 0.9873734713 0.0703147203 -0.1419489533 -0.0722538307 0.9973496795 -0.0085464055 0.1409717947 0.0186948497 0.9898371100
-561.4 -190.4 2363.6 0 0 0 0 0 0 0 0 0
-222.7 -159.1 2443.2 0 0 0 0 0 0 0 0 0
-517.8 -747.9 2472.7 0 0 0 0 0 0 0 0 0
-335.6 -761.5 2526.3 0 0 0 0 0 0 0 0 0
-379.1 534.8 2430.8 2 0.9845264554 0.0735214949 -0.1590669751 -0.0551536903 0.9916043282 0.1169568226 0.1663303524 -0.1063739508 0.9803156853
-394.0 334.3 2452.3 0.9845264554 0.0735214949 -0.1590669751 -0.0551536903 0.9916043282 0.1169568226 0.1663303524 -0.1063739508 0.9803156853
-407.9 139.9 2471.1 0.9845994711 0.0707792118 -0.1598567367 -0.0541490838 0.9928804040 0.1060958281 0.1662279963 -0.0958058015 0.9814221859
-534.2 342.0 2428.6 0.1829856634 -0.9014198780 -0.3923754692 0.9830623865 0.1719216853 0.0634919852 0.0102249188 -0.3973476887 0.9176111817
-583.5 77.4 2425.8 -0.0737814531 -0.9000974298 -0.4293959737 0.9707425833 0.0338363647 -0.2377265543 0.2285062671 -0.4343727827 0.8712664247
-253.8 326.6 2475.9 0.1017954499 0.9892675281 0.1048211381 -0.9798957109 0.0815373510 0.1820880175 0.1715869159 -0.1212495193 0.9776791334
-228.6 84.3 2518.4 0.0209534075 0.9899169803 0.1400906295 -0.9539808035 0.0617206581 -0.2934470177 -0.2991346717 -0.1274950653 0.9456550479
-509.6 -54.0 2471.8 0.6858474016 -0.0100260293 -0.7276763320 0.0554486923 0.9977184534 0.0385146327 0.7256299257 -0.0667638630 0.6848385334
-505.7 -444.8 2497.9 0.6869772673 0.0425725058 -0.7254307866 -0.0905957669 0.9955115318 -0.0273710657 0.7210094333 0.0845242590 0.6877506971
-332.7 -62.5 2507.2 0.9920854568 -0.0499059185 -0.1152207106 0.0566997342 0.9967936873 0.0564575419 0.1120337099 -0.0625436902 0.9917342067
-313.1 -452.8 2531.7 0.9912201166 0.0708947778 -0.1116092578 -0.0725248083 0.9973102212 -0.0106080966 0.1105569974 0.0186093990 0.9936955571
-563.0 -192.5 2362.3 0 0 0 0 0 0 0 0 0
-223.3 -160.9 2441.4 0 0 0 0 0 0 0 0 0
-518.6 -746.4 2472.3 0 0 0 0 0 0 0 0 0
-335.1 -761.6 2526.0 0 0 0 0 0 0 0 0 0
-379.2 536.8 2430.5 3 0.9884310961 0.0786431655 -0.1296888143 -0.0639049262 0.9914079309 0.1141335145 0.1375503391 -0.1045253649 0.9849641323
-395.1 335.9 2451.7 0.9884310961 0.0786431655 -0.1296888143 -0.0639049262 0.9914079309 0.1141335145 0.1375503391 -0.1045253649 0.9849641323
-410.1 141.5 2470.0 0.9885076880 0.0761763677 -0.1305744350 -0.0629233941 0.9927115440 0.1027835384 0.1374524236 -0.0933861360 0.9860962629
-535.9 344.9 2432.1 0.1721336246 -0.9134935737 -0.3686454892 0.9848265052 0.1679669619 0.0436327308 0.0220620427 -0.3705625236 0.9285454750
-581.9 81.8 2426.2 -0.0622206479 -0.9135608077 -0.4019144475 0.9722916484 0.0354367048 -0.2310695797 0.2253386527 -0.4051553607 0.8860426545
-254.4 327.0 2471.3 0.1053988785 0.9857078195 0.1314197928 -0.9754866362 0.0768119022 0.2062177807 0.1931758821 -0.1499333680 0.9696406722
-228.5 87.6 2518.7 0.0193085931 0.9859101176 0.1661577821 -0.9525551796 0.0686298385 -0.2965275049 -0.3037528396 -0.1525489241 0.9404589534
-510.7 -49.7 2474.8 0.7069408894 0.0015031412 -0.7072710395 0.0504932702 0.9973388314 0.0525893159 0.7054679394 -0.0728899613 0.7049837112
-511.2 -440.3 2503.4 0.7103449702 0.0227964781 -0.7034844160 -0.0843196139 0.9950336814 -0.0528977588 0.6987848282 0.0968931913 0.7087393403
-332.8 -59.5 2504.9 0.9949015975 -0.0518424325 -0.0865054354 0.0572991036 0.9964402914 0.0618351884 0.0829918161 -0.0664766133 0.9943305254
-312.5 -449.8 2530.9 0.9940089583 0.0716070086 -0.0825750306 -0.0726430714 0.9973117113 -0.0096077211 0.0816650689 0.0155486641 0.9965385199
-564.6 -188.5 2363.6 0 0 0 0 0 0 0 0 0
-223.6 -157.3 2440.6 0 0 0 0 0 0 0 0 0
-518.2 -746.0 2473.6 0 0 0 0 0 0 0 0 0
-334.9 -762.0 2526.0 0 0 0 0 0 0 0 0 0
-380.4 538.9 2437.4 4 0.9915363193 0.0791416019 -0.1029192358 -0.0698368773 0.9933926463 0.0910703167 0.1094466597 -0.0831119716 0.9905118942
-396.5 336.3 2454.3 0.9915363193 0.0791416019 -0.1029192358 -0.0698368773 0.9933926463 0.0910703167 0.1094466597 -0.0831119716 0.9905118942
-411.9 141.7 2469.1 0.9915491343 0.0781685337 -0.1035373136 -0.0696746409 0.9940890074 0.0832613334 0.1094337255 -0.0753437802 0.9911344647
-537.7 346.2 2438.8 0.1745461375 -0.9224224687 -0.3444857299 0.9836971760 0.1787364185 0.0198267847 0.0432834737 -0.3423303366 0.9385821819
-584.0 85.4 2427.3 -0.0728009045 -0.9229414463 -0.3779934943 0.9714733362 0.0201449208 -0.2362916917 0.2256980389 -0.3844128549 0.8951464295
-255.3 326.4 2469.9 0.1099186763 0.9818136096 0.1547898054 -0.9729927182 0.0744848996 0.2184884399 0.2029854208 -0.1746253222 0.9634847641
