-376.5 544.9 2434.1 61 0.9860593677 0.0818358585 -0.1448785216 -0.0674898848 0.9925626516 0.1013137549 0.1520920992 -0.0901235417 0.9842488170
-393.1 343.0 2452.4 0.9860593677 0.0818358585 -0.1448785216 -0.0674898848 0.9925626516 0.1013137549 0.1520920992 -0.0901235417 0.9842488170
-408.2 148.4 2468.1 0.9863152504 0.0771194026 -0.1457215995 -0.0642922446 0.9937936664 0.0907782465 0.1518179774 -0.0801672041 0.9851520061
-533.5 352.2 2430.8 0.2077533156 -0.9052363038 -0.3706559539 0.9780721068 0.1978996545 0.0648897365 0.0146121485 -0.3760093153 0.9265006781
-587.6 97.8 2427.0 -0.0741427094 -0.9062976241 -0.4160858691 0.9719717503 0.0276690666 -0.2334638834 0.2231004685 -0.4217333496 0.8788442016
-252.7 333.8 2474.0 0.0607469678 0.9978193641 -0.0258137826 -0.9635443687 0.0653720647 0.2594393492 0.2605611086 0.0091125714 0.9654143453
-237.2 88.5 2540.4 0.0646307990 0.9978193641 0.0133942133 -0.9396848083 0.0653720647 -0.3357363641 -0.3358798623 0.0091125714 0.9418607354
-516.1 -39.3 2467.8 0.7021939754 -0.0077620260 -0.7119433880 0.0834602714 0.9939441085 0.0714807957 0.7070770860 -0.1096123680 0.6985893846
-513.1 -428.5 2510.7 0.7101300955 0.0178925414 -0.7038431168 -0.0928165540 0.9933314323 -0.0683939457 0.6979257464 0.1138968915 0.7070552707
-338.5 -52.8 2496.7 0.9933291078 -0.0602347776 -0.0983315706 0.0681328699 0.9945401549 0.0790433288 0.0930335373 -0.0852156505 0.9920095801
-314.9 -442.4 2530.1 0.9939112067 0.0585313924 -0.0933518186 -0.0586480461 0.9982776046 0.0014956880 0.0932785720 0.0039883205 0.9956320524
-567.0 -172.4 2365.0 0 0 0 0 0 0 0 0 0
-220.6 -152.6 2454.2 0 0 0 0 0 0 0 0 0
-518.8 -746.6 2474.2 0 0 0 0 0 0 0 0 0
-333.4 -759.0 2528.8 0 0 0 0 0 0 0 0 0
-375.9 542.4 2433.2 62 0.9812724590 0.0765311122 -0.1767692566 -0.0585188605 0.9927532673 0.1049592569 0.1835208982 -0.0926492959 0.9786399603
-391.5 340.3 2452.0 0.9812724590 0.0765311122 -0.1767692566 -0.0585188605 0.9927532673 0.1049592569 0.1835208982 -0.0926492959 0.9786399603
-405.5 145.7 2468.5 0.9814938903 0.0719037056 -0.1774811298 -0.0555547923 0.9938845634 0.0954315290 0.1832576394 -0.0838055387 0.9794862270
-531.2 348.3 2425.9 0.2069349885 -0.8946207166 -0.3960197866 0.9783453941 0.1874582767 0.0877477452 -0.0042637605 -0.4056022167 0.9140397310
-584.6 95.7 2427.0 -0.0695802122 -0.8946674466 -0.4412808418 0.9729416966 0.0368367806 -0.2280954719 0.2203249484 -0.4452114403 0.8678961396
-251.7 332.4 2478.1 0.0769369155 0.9967420697 0.0242060572 -0.9612522721 0.0677078813 0.2672260404 0.2647165060 -0.0438276753 0.9633297920
-232.3 90.4 2544.8 0.0477708764 0.9967420697 0.0649858937 -0.9334204197 0.0677078813 -0.3523377776 -0.3555899560 -0.0438276753 0.9336138964
-512.3 -40.4 2470.1 0.6789959073 -0.0051920367 -0.7341236472 0.0740071610 0.9953651428 0.0614100732 0.7304022908 -0.0960275978 0.6762331128
-510.3 -430.2 2507.7 0.6846997738 0.0249503907 -0.7283980250 -0.0961056277 0.9937776923 -0.0562993847 0.7224610448 0.1085513234 0.6828372478
-334.2 -52.1 2497.5 0.9901522398 -0.0533108525 -0.1294466853 0.0628515258 0.9955105186 0.0707709417 0.1250926852 -0.0782099292 0.9890576601
-313.3 -442.0 2528.1 0.9902584553 0.0596923046 -0.1257974952 -0.0592358969 0.9982168078 0.0073690815 0.1260130554 0.0001544322 0.9920285940
-565.3 -174.7 2365.8 0 0 0 0 0 0 0 0 0
-220.1 -149.3 2453.5 0 0 0 0 0 0 0 0 0
-518.2 -747.5 2473.0 0 0 0 0 0 0 0 0 0
-332.4 -761.0 2528.1 0 0 0 0 0 0 0 0 0
-377.4 538.9 2434.2 63 0.9832102060 0.0672783926 -0.1696212441 -0.0510939695 0.9938699007 0.0980411395 0.1751774848 -0.0877284184 0.9806205034
-391.1 337.2 2452.0 0.9832102060 0.0672783926 -0.1696212441 -0.0510939695 0.9938699007 0.0980411395 0.1751774848 -0.0877284184 0.9806205034
-403.5 142.3 2467.6 0.9833613634 0.0634941533 -0.1702027321 -0.0487952381 0.9948179126 0.0891981646 0.1749842912 -0.0794089437 0.9813637137
-531.1 344.1 2427.1 0.1998962015 -0.8993679881 -0.3888171315 0.9798128605 0.1823144555 0.0820259005 -0.0028844816 -0.3973647058 0.9176562428
-582.9 90.5 2427.8 -0.0875401497 -0.8973568678 -0.4325360060 0.9708671570 0.0203693602 -0.2387510985 0.2230554074 -0.4408352971 0.8694311380
-251.0 330.2 2477.0 0.0849356502 0.9941124320 0.0672784969 -0.9690563679 0.0667112097 0.2376538366 0.2317664027 -0.0853819400 0.9690171480
-230.0 90.4 2534.3 0.0362644605 0.9941124320 0.1021046042 -0.9473981857 0.0667112097 -0.3130275905 -0.3179961443 -0.0853819400 0.9442395568
-508.3 -43.9 2468.3 0.6843638420 0.0092408517 -0.7290821075 0.0694055706 0.9945537448 0.0777541921 0.7258298397 -0.1038145199 0.6799952388
-511.9 -433.4 2509.0 0.6904139519 0.0234727804 -0.7230336070 -0.1007495075 0.9928530455 -0.0639719218 0.7163645029 0.1170123890 0.6878444552
-331.0 -54.0 2501.4 0.9917389154 -0.0393433720 -0.1220903471 0.0479757003 0.9964907765 0.0685890615 0.1189633831 -0.0738798082 0.9901462197
-315.6 -444.3 2530.4 0.9913063049 0.0560571253 -0.1190351993 -0.0566221736 0.9983947277 -0.0013675154 0.1187674552 0.0080956584 0.9928891063
-558.5 -179.3 2365.8 0 0 0 0 0 0 0 0 0
-220.7 -152.8 2452.7 0 0 0 0 0 0 0 0 0
-519.3 -747.0 2472.0 0 0 0 0 0 0 0 0 0
-333.3 -760.7 2527.8 0 0 0 0 0 0 0 0 0
-376.1 537.3 2431.8 64 0.9770950675 0.0732033923 -0.1998160183 -0.0518678799 0.9925770760 0.1100020036 0.2063853145 -0.0971183851 0.9736391306
-391.0 336.0 2451.4 0.9770950675 0.0732033923 -0.1998160183 -0.0518678799 0.9925770760 0.1100020036 0.2063853145 -0.0971183851 0.9736391306
-404.2 141.4 2468.7 0.9773600101 0.0675511584 -0.2005100101 -0.0481293947 0.9938017726 0.1002080441 0.2060363740 -0.0882889107 0.9745532870
-530.2 342.8 2422.1 0.2038886100 -0.8873019814 -0.4136721492 0.9786843657 0.1741061509 0.1089216769 -0.0246235579 -0.4270623326 0.9038868546
-583.3 87.9 2428.5 -0.0813963860 -0.8847759962 -0.4588530362 0.9700823426 0.0353219099 -0.2401927710 0.2287243605 -0.4646760523 0.8554304838
-251.8 329.2 2480.8 0.0890941322 0.9951810241 0.0409510359 -0.9750732780 0.0787581652 0.2074349970 0.2032101452 -0.0584115013 0.9773913026
-229.9 89.2 2530.8 0.0341802090 0.9962686896 0.0792488307 -0.9537736177 0.0562059991 -0.2952232361 -0.2985759079 -0.0654946491 0.9521359801
-504.8 -48.1 2467.3 0.6614705920 0.0158415586 -0.7498037815 0.0705463886 0.9940295815 0.0832368955 0.7466457486 -0.1079547033 0.6564037800
-511.0 -437.4 2509.6 0.6674521565 0.0253327657 -0.7442216277 -0.1060128510 0.9924738407 -0.0612941049 0.7370677590 0.1198079363 0.6651144028
-327.1 -56.9 2498.9 0.9877715707 -0.0326854363 -0.1524432003 0.0439790450 0.9964841604 0.0713100433 0.1495764405 -0.0771423429 0.9857362509
-314.3 -447.2 2529.2 0.9868522286 0.0599457249 -0.1500970721 -0.0593019053 0.9982016087 0.0087656770 0.1503525972 0.0002506142 0.9886323810
-560.7 -181.8 2364.9 0 0 0 0 0 0 0 0 0
-221.1 -155.8 2454.1 0 0 0 0 0 0 0 0 0
-518.9 -747.6 2472.2 0 0 0 0 0 0 0 0 0
-333.3 -763.6 2529.1 0 0 0 0 0 0 0 0 0
-374.3 543.3 2431.5 65 0.9780156612 0.0836943462 -0.1909988970 -0.0623810142 0.9914045930 0.1150024831 0.1989822388 -0.1005595252 0.9748301506
-391.3 341.9 2451.9 0.9780156612 0.0836943462 -0.1909988970 -0.0623810142 0.9914045930 0.1150024831 0.1989822388 -0.1005595252 0.9748301506
-406.7 147.5 2469.6 0.9782542586 0.0786769390 -0.1919075549 -0.0594653636 0.9928086400 0.1038984582 0.1987018883 -0.0902272537 0.9758978486
-530.7 350.4 2423.6 0.1967803538 -0.8915945292 -0.4078439772 0.9801606536 0.1688311994 0.1038323194 -0.0237195361 -0.4201847613 0.9071285129
-583.6 87.0 2430.0 -0.0810479298 -0.8888651133 -0.4509434700 0.9684973359 0.0366512686 -0.2463119030 0.2354657203 -0.4567006230 0.8578930497
-252.0 333.5 2480.2 0.0897881612 0.9946178198 0.0517055541 -0.9770886898 0.0779095218 0.1980599761 0.1929656267 -0.0683043525 0.9788252115
-229.5 89.3 2528.5 0.0355238505 0.9955342412 0.0874620900 -0.9588243961 0.0586271286 -0.2778824866 -0.2817691565 -0.0739893243 0.9566251636
-505.8 -48.9 2467.4 0.6679916382 0.0087323021 -0.7441175580 0.0684516877 0.9949709177 0.0731249303 0.7410138249 -0.0997829437 0.6640345454
-509.2 -438.6 2506.5 0.6722568870 0.0322930850 -0.7396132946 -0.1015764475 0.9936231375 -0.0489422157 0.7333163619 0.1080290303 0.6712501645
-329.2 -57.6 2504.6 0.9889960885 -0.0360493064 -0.1434821934 0.0440353714 0.9976296425 0.0528773181 0.1412359029 -0.0586137548 0.9882392883
-315.1 -448.3 2527.6 0.9882565737 0.0569757000 -0.1417840123 -0.0561864711 0.9983744621 0.0095669031 0.1420986056 -0.0014882118 0.9898514152
-561.0 -182.2 2364.5 0 0 0 0 0 0 0 0 0
-220.4 -157.0 2456.1 0 0 0 0 0 0 0 0 0
-519.3 -748.0 2472.8 0 0 0 0 0 0 0 0 0
-332.9 -760.7 2528.0 0 0 0 0 0 0 0 0 0
-373.3 542.3 2430.4 66 0.9811702967 0.0890956149 -0.1713675410 -0.0692537129 0.9905388951 0.1184762493 0.1803019345 -0.1043775380 0.9780575633
-391.4 341.3 2451.6 0.9811702967 0.0890956149 -0.1713675410 -0.0692537129 0.9905388951 0.1184762493 0.1803019345 -0.1043775380 0.9780575633
-407.8 147.0 2469.9 0.9814493060 0.0839319006 -0.1723738611 -0.0660569519 0.9920681119 0.1069455370 0.1799827516 -0.0935751274 0.9792088270
-531.2 350.7 2425.9 0.2065060735 -0.8970270157 -0.3907655776 0.9782075286 0.1804717630 0.1026644781 -0.0215706564 -0.4034506679 0.9147471189
-585.1 95.2 2431.6 -0.0759386346 -0.8960803151 -0.4373480976 0.9725570679 0.0301772319 -0.2306992412 0.2199230045 -0.4428649545 0.8691976070
-251.5 331.9 2477.2 0.0720339790 0.9948510528 0.0712918937 -0.9767466784 0.0558904856 0.2069834173 0.2019331306 -0.0845439658 0.9757434726
-234.2 96.4 2525.9 0.0513628572 0.9940299392 0.0962618142 -0.9626562595 0.0749345943 -0.2601494193 -0.2658096552 -0.0793050230 0.9607580304
-510.5 -41.6 2469.3 0.6826397777 -0.0049934979 -0.7307379842 0.0785412043 0.9946854711 0.0665743276 0.7265220284 -0.1028393283 0.6794040203
-508.6 -431.1 2509.6 0.6885005236 0.0327683799 -0.7244951725 -0.1073395535 0.9925806522 -0.0571129732 0.7172483802 0.1170893013 0.6869096160
-333.8 -52.3 2505.2 0.9908729196 -0.0521107577 -0.1243193671 0.0600964539 0.9963040948 0.0613724850 0.1206617281 -0.0682834834 0.9903424382
-313.4 -442.5 2532.0 0.9905934930 0.0647873729 -0.1205285937 -0.0659705997 0.9978044033 -0.0058486066 0.1198850498 0.0137449354 0.9926926494
-564.0 -175.1 2370.4 0 0 0 0 0 0 0 0 0
-221.0 -150.9 2457.6 0 0 0 0 0 0 0 0 0
-519.0 -746.8 2472.4 0 0 0 0 0 0 0 0 0
-334.0 -760.7 2527.6 0 0 0 0 0 0 0 0 0
-373.6 540.4 2430.8 67 0.9870624542 0.0968544632 -0.1277766377 -0.0819411501 0.9897199273 0.1172182858 0.1378162056 -0.1052316055 0.9848517776
-393.3 339.3 2452.2 0.9870624542 0.0968544632 -0.1277766377 -0.0819411501 0.9897199273 0.1172182858 0.1378162056 -0.1052316055 0.9848517776
-411.5 145.2 2470.5 0.9872763753 0.0929964855 -0.1289844364 -0.0797090828 0.9913133383 0.1046154052 0.1375928521 -0.0930030867 0.9861128926
-533.8 350.7 2432.6 0.2012940198 -0.9126985073 -0.3556151390 0.9795213938 0.1859636605 0.0771706402 -0.0043020337 -0.3638666570 0.9314411283
-586.4 94.8 2433.8 -0.0702482611 -0.9135666490 -0.4005759656 0.9725404978 0.0265963227 -0.2312090397 0.2218787223 -0.4058184028 0.8866122365
-252.7 328.0 2471.8 0.0775529072 0.9903777838 0.1146185324 -0.9752796292 0.0515010655 0.2148889601 0.2069182694 -0.1284503937 0.9698893428
-233.6 87.6 2522.8 0.0544482768 0.9890212417 0.1373765618 -0.9632397890 0.0882719532 -0.2537266612 -0.2630675435 -0.1185115874 0.9574708939
-512.9 -41.3 2472.0 0.7140236497 -0.0132507496 -0.6999961734 0.0637139678 0.9969019294 0.0461196601 0.6972163916 -0.0775300637 0.7126558423
-507.7 -431.7 2502.3 0.7171851397 0.0342992991 -0.6960380673 -0.0891283825 0.9951001406 -0.0427998416 0.6911596060 0.0927321613 0.7167280912
-335.5 -53.3 2504.5 0.9953252673 -0.0528696254 -0.0808235332 0.0572133549 0.9969855547 0.0524060391 0.0778092071 -0.0567852408 0.9953497648
-314.8 -443.7 2526.8 0.9951260686 0.0598967671 -0.0783356652 -0.0595297739 0.9982019067 0.0070138471 0.0786149204 -0.0023163576 0.9969023466
-566.9 -175.5 2372.1 0 0 0 0 0 0 0 0 0
-219.6 -159.9 2455.2 0 0 0 0 0 0 0 0 0
-518.7 -749.6 2472.7 0 0 0 0 0 0 0 0 0
-333.9 -761.3 2527.5 0 0 0 0 0 0 0 0 0
-373.5 537.7 2430.1 68 0.9849966168 0.0919606462 -0.1460304856 -0.0746330321 0.9899639487 0.1200053394 0.1556006968 -0.1073061600 0.9819744229
-392.2 336.9 2451.8 0.9849966168 0.0919606462 -0.1460304856 -0.0746330321 0.9899639487 0.1200053394 0.1556006968 -0.1073061600 0.9819744229
-409.6 142.8 2470.6 0.9851067066 0.0889971256 -0.1471198946 -0.0734274760 0.9914271235 0.1080769524 0.1554771960 -0.0956646875 0.9831963778
-532.5 347.4 2429.7 0.2067813575 -0.9050009847 -0.3717723787 0.9783758521 0.1894385219 0.0830288455 -0.0047131758 -0.3809019327 0.9246034622
-586.6 91.1 2430.9 -0.0702859238 -0.9057424068 -0.4179600179 0.9729288816 0.0302287731 -0.2291192412 0.2201574296 -0.4227492511 0.8790982962
-251.9 326.5 2474.0 0.0834256262 0.9917621613 0.0972006470 -0.9764815569 0.0618992150 0.2065241933 0.1988062412 -0.1121440530 0.9736014605
-231.0 81.8 2523.8 0.0400704257 0.9914236665 0.1243925989 -0.9639229178 0.0711414516 -0.2564984858 -0.2631481290 -0.1096268818 0.9585066438
-518.8 -41.7 2476.3 0.7011603117 -0.0244560186 -0.7125840783 0.0688341111 0.9970651269 0.0335111432 0.7096731663 -0.0725467727 0.7007859349
-509.3 -432.2 2504.7 0.7052533627 0.0310265049 -0.7082760930 -0.0911493152 0.9947186708 -0.0471860021 0.7030714750 0.0978369638 0.7043567896
-340.6 -56.1 2501.2 0.9929908514 -0.0639288649 -0.0994095355 0.0706484541 0.9953412414 0.0656098127 0.0947520435 -0.0721730739 0.9928812385
-315.5 -445.9 2529.4 0.9937851429 0.0581123307 -0.0949425399 -0.0584392659 0.9982907176 -0.0006643168 0.0947416574 0.0062085604 0.9954825044
-567.1 -179.4 2369.7 0 0 0 0 0 0 0 0 0
-220.7 -165.9 2456.1 0 0 0 0 0 0 0 0 0
-519.1 -748.0 2473.7 0 0 0 0 0 0 0 0 0
-333.8 -759.6 2527.5 0 0 0 0 0 0 0 0 0
-375.0 539.2 2437.2 69 0.9913182855 0.0861143097 -0.0993601531 -0.0766998008 0.9925208688 0.0949710235 0.1067953855 -0.0865256041 0.9905089736
-392.6 335.9 2454.9 0.9913182855 0.0861143097 -0.0993601531 -0.0766998008 0.9925208688 0.0949710235 0.1067953855 -0.0865256041 0.9905089736
-408.7 141.4 2470.4 0.9916393161 0.0815270841 -0.1000239998 -0.0728961974 0.9935283661 0.0871063992 0.1064782143 -0.0790867582 0.9911648035
-533.7 346.2 2439.7 0.1921053380 -0.9225892425 -0.3345513642 0.9805030227 0.1947993785 0.0258258246 0.0413437709 -0.3329899311 0.9420235753
-584.1 88.9 2428.9 -0.0693923756 -0.9255490303 -0.3722145259 0.9747806191 0.0164203793 -0.2225603908 0.2121024579 -0.3782714903 0.9010677934
-251.5 325.6 2470.0 0.0767948478 0.9872440100 0.1394697279 -0.9722851515 0.0431700982 0.2297779769 0.2208260149 -0.1532500982 0.9631979465
-232.5 85.6 2524.5 0.0454276614 0.9861993194 0.1592082977 -0.9619772434 0.0861538872 -0.2591857910 -0.2693252563 -0.1413805485 0.9526150823
-516.0 -44.8 2475.3 0.7341459990 -0.0159067884 -0.6788052917 0.0609948151 0.9972286224 0.0425989479 0.6762465239 -0.0726774558 0.7330816388
-509.8 -435.4 2503.8 0.7380824089 0.0268696137 -0.6741753817 -0.0845737979 0.9950101972 -0.0529341400 0.6693890095 0.0960873291 0.7366719842
-338.1 -58.1 2503.4 0.9968038797 -0.0597507842 -0.0530268699 0.0630887970 0.9959740043 0.0636832863 0.0490082577 -0.0668251514 0.9965603948
-314.7 -448.1 2529.6 0.9967186451 0.0644141138 -0.0490176678 -0.0645601228 0.9979128242 -0.0013995651 0.0488252081 0.0045595593 0.9987969398
-564.9 -182.1 2369.9 0 0 0 0 0 0 0 0 0
-220.9 -161.7 2455.3 0 0 0 0 0 0 0 0 0
-518.2 -748.3 2473.6 0 0 0 0 0 0 0 0 0
-334.9 -762.2 2528.1 0 0 0 0 0 0 0 0 0
-373.5 540.3 2441.2 70 0.9812972546 0.0850994959 -0.1726666689 -0.0697163418 0.9931952357 0.0932893306 0.1794305742 -0.0795068741 0.9805525541
-390.8 338.3 2457.4 0.9812972546 0.0850994959 -0.1726666689 -0.0697163418 0.9931952357 0.0932893306 0.1794305742 -0.0795068741 0.9805525541
-406.7 143.6 2471.2 0.9815106392 0.0809032470 -0.1734690517 -0.0671615303 0.9942265749 0.0836829394 0.1792377681 -0.0704852492 0.9812775850
-530.2 347.9 2431.9 0.2020476609 -0.8968175650 -0.3935670257 0.9793146253 0.1894922107 0.0709619597 0.0109379515 -0.3997636437 0.9165530205
-584.2 86.3 2429.0 -0.0730149522 -0.8967339993 -0.4365054071 0.9721323252 0.0337710120 -0.2319875360 0.2227723449 -0.4412795603 0.8692783117
-251.5 328.8 2482.9 0.0767373145 0.9946112633 0.0697121471 -0.9808219075 0.0627396032 0.1845320463 0.1791639328 -0.0825356990 0.9803510308
-232.8 90.1 2526.5 0.0494986251 0.9941005707 0.0965085104 -0.9601670504 0.0739683583 -0.2694585025 -0.2750074267 -0.0793264657 0.9581639767
-514.2 -46.7 2476.2 0.6818512082 -0.0083524743 -0.7314432263 0.0611478910 0.9970858097 0.0456161536 0.7289306521 -0.0758296400 0.6803748608
-510.9 -437.2 2505.9 0.6865388155 0.0198784210 -0.7268213630 -0.0878526047 0.9945703745 -0.0557822511 0.7217661738 0.1021498293 0.6845575571
-335.2 -59.7 2495.4 0.9902866483 -0.0543144122 -0.1279935837 0.0649258643 0.9946583509 0.0802456364 0.1229513884 -0.0877762735 0.9885233045
-313.9 -449.2 2529.8 0.9903502464 0.0631434545 -0.1233664975 -0.0633305237 0.9979897141 0.0024084095 0.1232705712 0.0054276963 0.9923582673
-563.9 -183.9 2367.1 0 0 0 0 0 0 0 0 0
-220.1 -156.7 2455.8 0 0 0 0 0 0 0 0 0
-517.1 -747.6 2474.0 0 0 0 0 0 0 0 0 0
-333.7 -761.5 2528.1 0 0 0 0 0 0 0 0 0
-373.1 540.9 2434.7 71 0.9828962088 0.0878249258 -0.1618698835 -0.0709533542 0.9916999936 0.1072231308 0.1699432135 -0.0939039961 0.9809696078
-391.0 339.3 2453.8 0.9828962088 0.0878249258 -0.1618698835 -0.0709533542 0.9916999936 0.1072231308 0.1699432135 -0.0939039961 0.9809696078
-407.4 144.8 2470.1 0.9830951095 0.0837206468 -0.1628339887 -0.0686522424 0.9930043221 0.0960689187 0.1697378010 -0.0832659602 0.9819653034
-530.9 349.1 2429.7 0.2007548362 -0.9010757804 -0.3843954802 0.9796409607 0.1842272729 0.0797743723 -0.0010666221 -0.3925846517 0.9197152853
-583.7 91.3 2430.0 -0.0707807019 -0.9009131789 -0.4281886816 0.9714571834 0.0351748727 -0.2345926613 0.2264091074 -0.4325715899 0.8727088571
-251.1 329.5 2478.0 0.0643966272 0.9946525097 0.0807434022 -0.9796161652 0.0475803614 0.1951621324 0.1902767122 -0.0916653201 0.9774416685
-235.0 84.0 2525.7 0.0682711676 0.9925446510 0.1009663194 -0.9608191848 0.0926623344 -0.2612282932 -0.2686365247 -0.0791760162 0.9599820971
-510.9 -45.0 2468.8 0.6896987557 -0.0006821861 -0.7240961194 0.0669724196 0.9957731962 0.0628528297 0.7209925652 -0.0918439850 0.6868292093
-510.6 -435.0 2504.8 0.6947197914 0.0222313907 -0.7189368010 -0.0890704095 0.9944880009 -0.0553179681 0.7137442827 0.1024664864 0.6928706765
-334.1 -57.1 2501.1 0.9918729067 -0.0523949787 -0.1159433872 0.0604023971 0.9959456921 0.0666614026 0.1119805947 -0.0731228963 0.9910163283
-313.6 -447.2 2529.8 0.9917447567 0.0616414845 -0.1124393940 -0.0615554042 0.9980946779 0.0042403634 0.1124865413 0.0027158943 0.9936495423
-564.0 -178.7 2367.0 0 0 0 0 0 0 0 0 0
-217.4 -162.9 2456.6 0 0 0 0 0 0 0 0 0
-517.6 -748.4 2472.5 0 0 0 0 0 0 0 0 0
-333.1 -762.7 2528.9 0 0 0 0 0 0 0 0 0
-373.1 542.1 2432.0 72 0.9805384874 0.0924162418 -0.1732153147 -0.0718004778 0.9899628758 0.1217300817 0.1827265620 -0.1069240868 0.9773322344
-391.9 340.8 2453.8 0.9805384874 0.0924162418 -0.1732153147 -0.0718004778 0.9899628758 0.1217300817 0.1827265620 -0.1069240868 0.9773322344
-408.9 146.6 2472.1 0.9808117151 0.0870179757 -0.1744598895 -0.0687826946 0.9917702675 0.1079845205 0.1824207306 -0.0939126611 0.9787252545
-531.5 350.6 2427.8 0.2055034637 -0.8955887556 -0.3945745528 0.9785719514 0.1827476770 0.0948696658 -0.0128566250 -0.4056156278 0.9139533043
-585.5 93.6 2431.2 -0.0664964989 -0.8953282833 -0.4404150844 0.9709417820 0.0436346084 -0.2353042215 0.2298918813 -0.4432643056 0.8664101362
-252.2 331.0 2479.7 0.0617786236 0.9977197647 -0.0271795262 -0.9683610797 0.0665130690 0.2405261993 0.2417855263 0.0114602186 0.9702620506
-236.6 86.1 2540.9 0.0666392595 0.9977197647 0.0107020447 -0.9438683391 0.0665130690 -0.3235560954 -0.3235301375 0.0114602186 0.9461484551
-512.4 -43.4 2471.1 0.6811134219 -0.0116721503 -0.7320848703 0.0694524348 0.9963943362 0.0487305820 0.7288764119 -0.0840361267 0.6794682145
-507.9 -433.7 2504.0 0.6854153275 0.0295423605 -0.7275528312 -0.0933016539 0.9945034385 -0.0475160033 0.7221500278 0.1004500762 0.6844041944
-335.0 -55.9 2501.8 0.9902774096 -0.0565892197 -0.1270759404 0.0653540790 0.9956840277 0.0658951700 0.1227985248 -0.0735594258 0.9897017479
-312.9 -445.8 2530.6 0.9902296662 0.0655360222 -0.1230864972 -0.0659907758 0.9978201389 0.0003829933 0.1228432879 0.0077433218 0.9923958778
-567.0 -176.3 2367.2 0 0 0 0 0 0 0 0 0
-219.5 -156.1 2457.9 0 0 0 0 0 0 0 0 0
-517.2 -748.8 2472.2 0 0 0 0 0 0 0 0 0
-333.7 -763.2 2528.1 0 0 0 0 0 0 0 0 0
-375.1 540.5 2438.6 73 0.9846321940 0.0884433091 -0.1505897045 -0.0739436299 0.9923050404 0.0993126929 0.1582144797 -0.0866513178 0.9835953116
-393.1 337.7 2456.4 0.9846321940 0.0884433091 -0.1505897045 -0.0739436299 0.9923050404 0.0993126929 0.1582144797 -0.0866513178 0.9835953116
-410.0 143.2 2471.6 0.9847487211 0.0857708305 -0.1513716578 -0.0726156607 0.9932546020 0.0904006585 0.1581043303 -0.0780299753 0.9843344688
-533.4 348.0 2433.8 0.2056773156 -0.9036301970 -0.3756983876 0.9785167575 0.1954691410 0.0655496269 0.0142048132 -0.3811092377 0.9244208932
-587.0 92.6 2430.1 -0.0711306408 -0.9044506550 -0.4206060767 0.9709383249 0.0338215381 -0.2369280457 0.2285152674 -0.4252353907 0.8757600188
-252.9 327.4 2478.9 0.0720499605 0.9973906279 -0.0045524123 -0.9584659338 0.0704994798 0.2763565183 0.2759563625 -0.0155481454 0.9610444307
-234.8 87.1 2548.0 0.0601698868 0.9973906279 0.0398936830 -0.9307795167 0.0704994798 -0.3587189615 -0.3605954051 -0.0155481454 0.9325927496
-514.5 -41.4 2474.1 0.6979423165 -0.0197668634 -0.7158811092 0.0639935955 0.9973415732 0.0348514915 0.7132890821 -0.0701361373 0.6973518133
-506.8 -432.0 2501.5 0.7009856701 0.0352372862 -0.7123042941 -0.0917791575 0.9949307442 -0.0411021188 0.7072451115 0.0941866860 0.7006662488
-337.4 -53.8 2507.0 0.9927243590 -0.0597600639 -0.1045328900 0.0663583204 0.9959402680 0.0608235523 0.1004736945 -0.0673176497 0.9926597476
-314.0 -443.9 2533.4 0.9931332469 0.0610774048 -0.0997790098 -0.0627501085 0.9979351163 -0.0137096504 0.0987356305 0.0198766533 0.9949151874
-567.3 -177.3 2366.6 0 0 0 0 0 0 0 0 0
-219.4 -151.8 2455.5 0 0 0 0 0 0 0 0 0
-518.0 -749.5 2471.5 0 0 0 0 0 0 0 0 0
-333.4 -761.6 2527.1 0 0 0 0 0 0 0 0 0
-376.4 541.6 2442.5 74 0.9869502187 0.0850515887 -0.1367313713 -0.0729893446 0.9931778908 0.0909410939 0.1435332447 -0.0797744021 0.9864249825
-393.6 339.9 2458.7 0.9869502187 0.0850515887 -0.1367313713 -0.0729893446 0.9931778908 0.0909410939 0.1435332447 -0.0797744021 0.9864249825
-409.9 145.2 2472.2 0.9870150089 0.0828226358 -0.1376293600 -0.0722228587 0.9941499233 0.0803104788 0.1434757411 -0.0693276599 0.9872225523
-534.2 350.2 2438.2 0.1916089505 -0.9105775356 -0.3662438095 0.9808415174 0.1910210401 0.0382218994 0.0351562686 -0.3665507734 0.9297335744
-585.5 87.6 2428.8 -0.0692771822 -0.9118254781 -0.4046911597 0.9723892808 0.0288974494 -0.2315687388 0.2228448242 -0.4095597565 0.8846473694
-253.0 329.6 2479.1 0.0764792487 0.9969809651 0.0134100877 -0.9688321948 0.0711282641 0.2372865230 0.2356163114 -0.0311396196 0.9713471532
-234.0 89.1 2537.6 0.0576190613 0.9969809651 0.0520475693 -0.9465585351 0.0711282641 -0.3145912588 -0.3173435628 -0.0311396196 0.9477992654
-515.8 -44.8 2472.6 0.7075774074 -0.0252779070 -0.7061835527 0.0684617311 0.9971109629 0.0329051763 0.7033116221 -0.0716295093 0.7072637677
-505.9 -435.3 2500.7 0.7106425762 0.0362169556 -0.7026204467 -0.0880928636 0.9953951836 -0.0377904736 0.6980162859 0.0887513682 0.7105606198
-337.9 -57.9 2501.2 0.9937380552 -0.0630307570 -0.0922594965 0.0702041835 0.9945802689 0.0766903982 0.0869256184 -0.0826871693 0.9927772880
-313.2 -447.4 2533.6 0.9940021634 0.0673103929 -0.0861919001 -0.0687140077 0.9975461364 -0.0134194419 0.0850771293 0.0192615446 0.9961881638
-566.3 -182.7 2366.9 0 0 0 0 0 0 0 0 0
-219.3 -153.8 2456.2 0 0 0 0 0 0 0 0 0
-517.2 -748.0 2472.8 0 0 0 0 0 0 0 0 0
-334.3 -760.7 2527.5 0 0 0 0 0 0 0 0 0
-375.4 540.7 2436.4 75 0.9817308187 0.0889561325 -0.1682005227 -0.0711109638 0.9914616346 0.1093026474 0.1764875054 -0.0953448713 0.9796741605
-393.5 339.4 2455.7 0.9817308187 0.0889561325 -0.1682005227 -0.0711109638 0.9914616346 0.1093026474 0.1764875054 -0.0953448713 0.9796741605
-410.3 145.0 2472.3 0.9818973541 0.0851872787 -0.1691765934 -0.0692134202 0.9927587509 0.0981811062 0.1763153225 -0.0846944824 0.9806833267
-533.3 349.2 2430.6 0.2014032453 -0.8973842859 -0.3926043808 0.9794549346 0.1886955649 0.0711478963 0.0102356970 -0.3988676965 0.9169513583
-586.7 89.8 2427.9 -0.0692969486 -0.8980011344 -0.4345018864 0.9749029875 0.0314116627 -0.2204029858 0.2115705609 -0.4388704300 0.8732872605
-253.7 329.6 2480.8 0.0880068988 0.9960346222 -0.0130299861 -0.9762966633 0.0888447538 0.1973611414 0.1977361888 -0.0046480093 0.9802442789
-231.6 84.9 2530.4 0.0476753376 0.9984123707 0.0299970526 -0.9566335082 0.0542789288 -0.2861923873 -0.2873662412 -0.0150518669 0.9577025175
-515.3 -43.0 2472.8 0.6849253774 -0.0230415575 -0.7282487750 0.0713233501 0.9968198538 0.0355412737 0.7251139283 -0.0762842596 0.6843906045
-506.3 -433.4 2502.7 0.6888432503 0.0333616324 -0.7241422534 -0.0938429981 0.9946386218 -0.0434449837 0.7188104391 0.0978824645 0.6882808805
-337.0 -56.0 2498.8 0.9905295372 -0.0608110987 -0.1230987087 0.0709506869 0.9942880273 0.0797327608 0.1175469384 -0.0877115950 0.9891862273
-313.1 -445.4 2533.1 0.9907218218 0.0691709295 -0.1169855893 -0.0710577294 0.9973996282 -0.0120304106 0.1158492342 0.0202315208 0.9930607677
-567.4 -181.2 2369.1 0 0 0 0 0 0 0 0 0
-219.4 -160.7 2456.6 0 0 0 0 0 0 0 0 0
-516.8 -746.7 2471.9 0 0 0 0 0 0 0 0 0
-335.0 -761.2 2526.7 0 0 0 0 0 0 0 0 0
-376.9 538.6 2440.8 76 0.9731987119 0.0805695504 -0.2153898180 -0.0600670055 0.9931621552 0.1001045257 0.2219823897 -0.0844837800 0.9713836908
-393.4 335.6 2458.1 0.9731987119 0.0805695504 -0.2153898180 -0.0600670055 0.9931621552 0.1001045257 0.2219823897 -0.0844837800 0.9713836908
-408.6 140.9 2472.8 0.9732534885 0.0777808800 -0.2161660492 -0.0593797155 0.9941371083 0.0903626829 0.2219271958 -0.0751099214 0.9721660614
-531.9 344.0 2426.5 0.2119342536 -0.8788101673 -0.4275237918 0.9772230387 0.1856842786 0.1027446911 -0.0109086232 -0.4395612478 0.8981463909
-587.2 89.1 2429.4 -0.0721274689 -0.8777311444 -0.4736936390 0.9725851417 0.0433762111 -0.2284657359 0.2210785300 -0.4771860540 0.8505396843
-254.9 327.1 2489.7 0.0904430896 0.9942064285 -0.0580825806 -0.9828012586 0.0985300019 0.1561841518 0.1610021591 0.0429578573 0.9860187173
-233.0 89.4 2528.6 0.0487967692 0.9987069964 -0.0142542524 -0.9604057670 0.0429965630 -0.2752673030 -0.2742985189 0.0271220226 0.9612620473
-515.7 -43.2 2472.9 0.6492906213 -0.0214956515 -0.7602365613 0.0729514509 0.9967516065 0.0341221057 0.7570335269 -0.0776155218 0.6487496495
-507.3 -433.6 2503.4 0.6533708572 0.0322677307 -0.7563499808 -0.0981959403 0.9942630529 -0.0424086154 0.7506424189 0.1019790545 0.6527910829
-338.3 -55.6 2504.8 0.9834560156 -0.0637229681 -0.1695688814 0.0749834627 0.9953266382 0.0608471185 0.1648990661 -0.0725553259 0.9836381674
-313.3 -445.5 2533.2 0.9840039015 0.0679199472 -0.1646913290 -0.0703545436 0.9974815845 -0.0089880507 0.1636660993 0.0204310603 0.9863042235
-567.2 -181.3 2367.9 0 0 0 0 0 0 0 0 0
-220.5 -157.3 2458.2 0 0 0 0 0 0 0 0 0
-517.5 -747.5 2471.2 0 0 0 0 0 0 0 0 0
-334.8 -761.0 2526.7 0 0 0 0 0 0 0 0 0
-376.5 538.1 2443.1 77 0.9679667950 0.0815415829 -0.2374684811 -0.0598366112 0.9934617877 0.0972280204 0.2438439876 -0.0799041837 0.9665171504
-393.0 336.5 2459.3 0.9679667950 0.0815415829 -0.2374684811 -0.0598366112 0.9934617877 0.0972280204 0.2438439876 -0.0799041837 0.9665171504
-408.7 141.8 2473.4 0.9678991437 0.0804555863 -0.2381137460 -0.0606665388 0.9941544533 0.0893110633 0.2439074069 -0.0719985664 0.9671221972
-530.8 345.2 2424.5 0.2058707625 -0.8707903028 -0.4464767575 0.9784597754 0.1760437936 0.1078197807 -0.0152889527 -0.4590564966 0.8882755041
-585.3 86.2 2428.6 -0.0671214387 -0.8693521619 -0.4896136522 0.9728563428 0.0518961735 -0.2255157083 0.2214616388 -0.4914606810 0.8422714472
-255.2 327.9 2494.0 0.0864125937 0.9932182431 -0.0777838677 -0.9874064326 0.0957686827 0.1259239316 0.1325192153 0.0659228787 0.9889857769
-234.1 86.7 2526.4 0.0579325967 0.9976218939 -0.0373416469 -0.9605942369 0.0455188081 -0.2742021084 -0.2718502879 0.0517554097 0.9609467983
-511.7 -48.4 2467.5 0.6318151355 -0.0131329820 -0.7750078440 0.0822790265 0.9953436852 0.0502102003 0.7707397938 -0.0954904556 0.6299537420
-506.6 -438.2 2504.9 0.6363354921 0.0368577689 -0.7705314159 -0.1076119989 0.9933325052 -0.0413549840 0.7638696432 0.1092340648 0.6360590458
-336.0 -59.1 2507.6 0.9796738029 -0.0603203364 -0.1913130730 0.0713779479 0.9961221814 0.0514375828 0.1874684542 -0.0640475899 0.9801803231
-312.4 -449.3 2532.7 0.9792967439 0.0757648647 -0.1877167374 -0.0777594671 0.9969667792 -0.0032737816 0.1868993044 0.0178027581 0.9822177291
-566.6 -184.2 2367.0 0 0 0 0 0 0 0 0 0
-219.2 -160.2 2456.5 0 0 0 0 0 0 0 0 0
-518.1 -748.1 2470.9 0 0 0 0 0 0 0 0 0
-336.2 -762.5 2527.1 0 0 0 0 0 0 0 0 0
-377.5 538.0 2445.2 78 0.9624710083 0.0759388432 -0.2605434358 -0.0537782535 0.9943826795 0.0911643207 0.2660028040 -0.0737314373 0.9611483812
-392.9 336.2 2460.1 0.9624710083 0.0759388432 -0.2605434358 -0.0537782535 0.9943826795 0.0911643207 0.2660028040 -0.0737314373 0.9611483812
-407.4 141.3 2473.1 0.9624654651 0.0739524886 -0.2611346543 -0.0538519807 0.9950669408 0.0833171979 0.2660079896 -0.0661273077 0.9617000222
-530.0 343.9 2422.2 0.2075483203 -0.8613258004 -0.4637257755 0.9779303670 0.1710622609 0.1199576780 -0.0239966586 -0.4783885479 0.8778203130
-584.1 89.1 2428.5 -0.0638626963 -0.8597625494 -0.5066852570 0.9737670422 0.0574286953 -0.2201809287 0.2184015810 -0.5074547529 0.8335408568
-255.9 328.5 2498.0 0.0887863189 0.9909480810 -0.1006922051 -0.9888453484 0.0998299941 0.1105388105 0.1195903197 0.0897546858 0.9887579083
-234.3 88.4 2527.0 0.0505304821 0.9970107675 -0.0584481508 -0.9591531754 0.0321353264 -0.2810560465 -0.2783376575 0.0702626258 0.9579098821
-511.9 -47.4 2465.4 0.6130226254 -0.0141162816 -0.7899392843 0.0906308368 0.9944965243 0.0525612049 0.7848498821 -0.1038140655 0.6109282374
-506.4 -436.9 2506.1 0.6173853278 0.0423304029 -0.7855211496 -0.1144762114 0.9927561283 -0.0364753567 0.7782869339 0.1124428362 0.6177589297
-337.1 -58.3 2509.5 0.9747152925 -0.0607722811 -0.2150275111 0.0745375827 0.9956168532 0.0564904921 0.2106519639 -0.0710897744 0.9749728441
-313.3 -448.3 2537.4 0.9747098684 0.0767118484 -0.2098951787 -0.0822846070 0.9964475036 -0.0179341342 0.2077737600 0.0347517207 0.9775593877
-566.3 -181.6 2367.8 0 0 0 0 0 0 0 0 0
-221.3 -158.1 2455.5 0 0 0 0 0 0 0 0 0
-519.6 -747.3 2470.9 0 0 0 0 0 0 0 0 0
-337.4 -761.9 2526.4 0 0 0 0 0 0 0 0 0
-377.2 537.2 2444.7 79 0.9706639051 0.0759610832 -0.2281259447 -0.0562065989 0.9941820502 0.0918853357 0.2337784320 -0.0763675943 0.9692861438
-392.6 335.6 2460.2 0.9706639051 0.0759610832 -0.2281259447 -0.0562065989 0.9941820502 0.0918853357 0.2337784320 -0.0763675943 0.9692861438
-407.1 140.8 2473.7 0.9706587791 0.0742430314 -0.2287128270 -0.0562751517 0.9948658347 0.0841137022 0.2337834239 -0.0687748492 0.9698532224
-530.8 343.7 2426.9 0.2039713860 -0.8751343489 -0.4387887418 0.9789496660 0.1789916158 0.0980791301 -0.0072929086 -0.4495574236 0.8932216763
-583.7 89.8 2428.8 -0.0573310144 -0.8748349547 -0.4810165763 0.9735958576 0.0576450601 -0.2208804339 0.2209621519 -0.4809790552 0.8484308124
-254.4 327.6 2493.5 0.1160065979 0.9764341712 0.1819857657 -0.9739968777 0.0759331882 0.2134579122 0.1946088374 -0.2020161003 0.9598525167
-225.5 85.3 2541.9 0.0019892361 0.9764341712 0.2158063799 -0.9391859174 0.0759331882 -0.3349089622 -0.3434034288 -0.2020161003 0.9172042012
-508.8 -48.7 2462.0 0.6390258074 -0.0016975937 -0.7691833973 0.0953674242 0.9924565554 0.0770394430 0.7632503510 -0.1225852370 0.6343672276
-508.1 -437.3 2510.0 0.6457903385 0.0385296233 -0.7625420094 -0.1200654134 0.9914247394 -0.0515878014 0.7540153265 0.1248698235 0.6448786259
-334.9 -58.4 2510.1 0.9818252921 -0.0540378839 -0.1819311529 0.0643938407 0.9965947270 0.0515009835 0.1785286367 -0.0622802153 0.9819616675
-313.8 -448.8 2534.5 0.9814113975 0.0713199973 -0.1781715900 -0.0745141581 0.9971560240 -0.0112918010 0.1768595427 0.0243582092 0.9839346409
-567.8 -180.9 2367.4 0 0 0 0 0 0 0 0 0
-225.0 -155.3 2453.9 0 0 0 0 0 0 0 0 0
-520.2 -748.8 2470.8 0 0 0 0 0 0 0 0 0
-336.3 -763.2 2526.8 0 0 0 0 0 0 0 0 0
-375.3 535.6 2437.0 80 0.9797463417 0.0815661103 -0.1828771234 -0.0620650910 0.9919986129 0.1099395007 0.1903811842 -0.0963625386 0.9769694209
-391.8 334.7 2456.5 0.9797463417 0.0815661103 -0.1828771234 -0.0620650910 0.9919986129 0.1099395007 0.1903811842 -0.0963625386 0.9769694209
-407.3 140.2 2473.4 0.9797461629 0.0796094388 -0.1837384552 -0.0620676801 0.9931167960 0.0993308648 0.1903814226 -0.0859148130 0.9779435396
-531.2 343.6 2429.4 0.2008260638 -0.8927636743 -0.4032889009 0.9796256423 0.1823607683 0.0841314942 -0.0015654704 -0.4119679630 0.9111970067
-583.4 89.2 2429.8 -0.0509065315 -0.8939405084 -0.4452851415 0.9744775295 0.0531475767 -0.2181030363 0.2186369747 -0.4450232089 0.8684193492
-252.4 325.8 2483.6 0.1038808152 0.9797488451 0.1711752713 -0.9732149839 0.0646424666 0.2206217200 0.2050886750 -0.1895087063 0.9602213502
-226.7 85.3 2534.3 0.0005707053 0.9797488451 0.2002295554 -0.9473510981 0.0646424666 -0.3136036694 -0.3201961815 -0.1895087063 0.9282030463
-509.3 -49.0 2466.0 0.6738145947 -0.0030398676 -0.7388942242 0.0796254426 0.9944670200 0.0685209483 0.7345976233 -0.1050051898 0.6703284383
-508.1 -438.4 2507.2 0.6791635156 0.0345457196 -0.7331735492 -0.1060946286 0.9930220246 -0.0514897741 0.7262787223 0.1127557531 0.6780894399
-334.0 -59.2 2508.3 0.9893228412 -0.0515196510 -0.1363307834 0.0599294975 0.9964976311 0.0583170243 0.1328488290 -0.0658646002 0.9889454246
-313.8 -449.5 2534.1 0.9890350103 0.0653123483 -0.1324539185 -0.0672935918 0.9976776242 -0.0105323754 0.1314584166 0.0193301886 0.9911332130
-569.2 -181.7 2369.0 0 0 0 0 0 0 0 0 0
-226.6 -157.8 2452.2 0 0 0 0 0 0 0 0 0
-519.0 -750.6 2471.7 0 0 0 0 0 0 0 0 0
-334.4 -764.2 2528.0 0 0 0 0 0 0 0 0 0
-375.0 539.8 2440.1 81 0.9825906754 0.0842188075 -0.1655981839 -0.0679540858 0.9925067425 0.1015511528 0.1729098260 -0.0885301381 0.9809508920
-392.1 338.9 2458.1 0.9825906754 0.0842188075 -0.1655981839 -0.0679540858 0.9925067425 0.1015511528 0.1729098260 -0.0885301381 0.9809508920
-408.2 144.3 2473.2 0.9825612903 0.0826913118 -0.1665395051 -0.0683034286 0.9935650229 0.0903502703 0.1729390174 -0.0773994625 0.9818866849
-532.0 348.6 2433.4 0.1990585476 -0.8993923068 -0.3891904652 0.9799095988 0.1876833141 0.0674694330 0.0123630706 -0.3948018551 0.9186831117
-585.0 87.5 2430.1 -0.0575855896 -0.9006295800 -0.4307554662 0.9728714228 0.0462141186 -0.2266835421 0.2240648866 -0.4321234226 0.8735355139
-252.2 329.1 2482.7 0.0976600423 0.9772177935 0.1884355098 -0.9757142067 0.0567113012 0.2115789801 0.1960723251 -0.2045220137 0.9590236545
-227.9 86.6 2531.4 0.0068647298 0.9772146344 0.2121425718 -0.9544703960 0.0696727410 -0.2900551260 -0.2982266843 -0.2004926503 0.9332007170
-511.2 -48.6 2473.0 0.6866423488 -0.0049518836 -0.7269785404 0.0644670874 0.9964521527 0.0541027226 0.7241314054 -0.0840154067 0.6845254898
-509.3 -438.8 2505.9 0.6910451055 0.0314399302 -0.7221275568 -0.1022373661 0.9932609200 -0.0545922630 0.7155447006 0.1115541309 0.6896024346
-334.4 -59.9 2507.4 0.9915700555 -0.0502574146 -0.1194279715 0.0571337976 0.9968577027 0.0548671521 0.1162952185 -0.0612279996 0.9913256764
-314.7 -450.4 2531.4 0.9911290407 0.0643949583 -0.1162607819 -0.0652940571 0.9978582859 -0.0039376100 0.1157582253 0.0114938170 0.9932109118
-569.0 -183.0 2367.8 0 0 0 0 0 0 0 0 0
-226.1 -158.5 2454.9 0 0 0 0 0 0 0 0 0
-519.1 -748.7 2471.1 0 0 0 0 0 0 0 0 0
-334.8 -762.0 2527.8 0 0 0 0 0 0 0 0 0
-375.0 539.7 2443.7 82 0.9861097932 0.0880374312 -0.1408433914 -0.0755278170 0.9929059148 0.0918336660 0.1479290277 -0.0799204856 0.9857635498
-392.7 339.5 2459.8 0.9861097932 0.0880374312 -0.1408433914 -0.0755278170 0.9929059148 0.0918336660 0.1479290277 -0.0799204856 0.9857635498
-409.5 144.8 2473.6 0.9861863852 0.0857659653 -0.1417062432 -0.0746527165 0.9938349128 0.0819704309 0.1478628814 -0.0702593625 0.9865090847
-533.2 350.1 2438.8 0.1972643882 -0.9080266356 -0.3695596755 0.9797979593 0.1952614784 0.0432314947 0.0329054184 -0.3706218302 0.9282007813
-585.3 91.3 2430.1 -0.0668689236 -0.9099509120 -0.4092894793 0.9739124775 0.0296259690 -0.2249817401 0.2168479264 -0.4136564434 0.8842315078
-252.3 328.8 2480.9 0.0864814743 0.9734278321 0.2120357901 -0.9759959579 0.0400803387 0.2140688151 0.1998820901 -0.2254590690 0.9535278678
-231.2 91.3 2529.5 0.0245111212 0.9734224081 0.2277015597 -0.9577158689 0.0881789178 -0.2738700807 -0.2866697609 -0.2113605291 0.9344234467
-513.1 -44.1 2472.8 0.7045775652 -0.0145415412 -0.7094780207 0.0675736815 0.9966216683 0.0466800742 0.7064023614 -0.0808317736 0.7031798959
-507.4 -434.4 2504.4 0.7089573741 0.0329096280 -0.7044830918 -0.0988269821 0.9936903715 -0.0530348197 0.6982926726 0.1072213575 0.7077364922
-335.7 -56.5 2504.0 0.9938577414 -0.0556202903 -0.0956719369 0.0622646697 0.9957455397 0.0679255500 0.0914868638 -0.0734653175 0.9930926561
-313.9 -446.5 2532.8 0.9938241839 0.0633153692 -0.0911299363 -0.0643588156 0.9978901744 -0.0085544242 0.0903960392 0.0143666081 0.9958022833
-566.7 -179.5 2369.8 0 0 0 0 0 0 0 0 0
-224.9 -154.7 2455.9 0 0 0 0 0 0 0 0 0
-517.8 -748.3 2470.6 0 0 0 0 0 0 0 0 0
-333.9 -761.5 2528.3 0 0 0 0 0 0 0 0 0
-376.7 538.4 2447.0 83 0.9690884948 0.0757321641 -0.2348022759 -0.0562039278 0.9944640398 0.0887825340 0.2402261198 -0.0728413239 0.9679801464
-392.0 337.5 2461.7 0.9690884948 0.0757321641 -0.2348022759 -0.0562039278 0.9944640398 0.0887825340 0.2402261198 -0.0728413239 0.9679801464
-406.3 142.6 2474.3 0.9690977931 0.0733604059 -0.2355157584 -0.0560796633 0.9952752590 0.0792605877 0.2402175963 -0.0636036173 0.9686331153
-529.5 345.5 2427.6 0.2179211676 -0.8704919815 -0.4413095415 0.9758857489 0.1885408610 0.1099973023 -0.0125468876 -0.4546384215 0.8905876875
-586.5 90.1 2430.9 -0.0713971332 -0.8695065975 -0.4887337387 0.9740264416 0.0447812714 -0.2219619751 0.2148835212 -0.4918870330 0.8437252045
-254.6 329.5 2495.8 0.0840252191 0.9885628819 0.1252327561 -0.9897785783 0.0682664737 0.1252121329 0.1152308732 -0.1344736665 0.9841944575
-233.7 83.7 2524.4 0.0495370887 0.9877751470 0.1478051096 -0.9612498879 0.0873331800 -0.2614796460 -0.2711913884 -0.1291247010 0.9538249373
-515.4 -43.1 2474.0 0.6336805224 -0.0165742096 -0.7734172940 0.0727953538 0.9966117740 0.0382858552 0.7701622248 -0.0805621818 0.6327399611
-508.9 -433.4 2505.6 0.6385079026 0.0290707778 -0.7690660357 -0.1033934653 0.9934676886 -0.0482880101 0.7626384497 0.1103486791 0.6373426914
-337.2 -56.5 2500.7 0.9798794389 -0.0610043406 -0.1900388151 0.0747264847 0.9950246811 0.0658924282 0.1850735992 -0.0787675753 0.9795628786
-313.3 -446.3 2531.6 0.9805575013 0.0635886863 -0.1856432855 -0.0645834133 0.9979120493 0.0006904097 0.1852995902 0.0113124913 0.9826169610
-566.6 -180.7 2371.2 0 0 0 0 0 0 0 0 0
-221.0 -163.2 2454.7 0 0 0 0 0 0 0 0 0
-518.1 -747.2 2470.7 0 0 0 0 0 0 0 0 0
-333.5 -762.5 2528.0 0 0 0 0 0 0 0 0 0
-378.2 536.7 2447.1 84 0.9733256698 0.0681216791 -0.2190811187 -0.0508952029 0.9952205420 0.0833412036 0.2237113714 -0.0699679554 0.9721407890
-392.1 333.6 2461.4 0.9733256698 0.0681216791 -0.2190811187 -0.0508952029 0.9952205420 0.0833412036 0.2237113714 -0.0699679554 0.9721407890
-404.8 138.5 2472.9 0.9733393788 0.0653350055 -0.2198677957 -0.0506913923 0.9961442947 0.0716028810 0.2236982137 -0.0585484952 0.9728983641
-530.4 340.8 2429.6 0.2121565938 -0.8783905506 -0.4282752275 0.9772296548 0.1891549826 0.0961385742 -0.0034368224 -0.4389196634 0.8985197544
-585.1 88.9 2430.5 -0.0671141073 -0.8781443834 -0.4736645818 0.9740151167 0.0452581048 -0.2219150513 0.2163106203 -0.4762501121 0.8522884250
-253.7 326.4 2493.2 0.1282238960 0.9686096311 0.2129647285 -0.9735616446 0.0820045620 0.2131970525 0.1890406460 -0.2346712500 0.9535161257
