-14.2 438.5 2716.7 4 0.9979589581 -0.0009232965 -0.0638519377 -0.0020523162 0.9989152551 -0.0465204753 0.0638256222 0.0465565696 0.9968745112
-14.0 242.0 2707.6 0.9979589581 -0.0009232965 -0.0638519377 -0.0020523162 0.9989152551 -0.0465204753 0.0638256222 0.0465565696 0.9968745112
-13.4 48.0 2699.3 0.9979540110 -0.0031237747 -0.0638595372 0.0003906286 0.9990850091 -0.0427670963 0.0639346987 0.0426546484 0.9970421195
-150.3 241.9 2698.8 0.2136970460 -0.6716454625 -0.7093842030 0.9768813252 0.1514091492 0.1509243995 0.0060395752 -0.7252362967 0.6884735823
-206.7 -15.9 2697.2 -0.0302942507 -0.6732283831 -0.7388138175 0.9596810341 0.1870635301 -0.2098083347 0.2794540524 -0.7153815627 0.6404175162
122.4 242.0 2716.3 0.1947988719 0.6473202705 0.7369055748 -0.9791922569 0.1719160229 0.1078303978 -0.0568850711 -0.7425774932 0.6673400402
169.5 5.0 2702.5 -0.0219122358 0.6478011608 0.7614942789 -0.9637994170 0.1887588501 -0.1883102804 -0.2657264173 -0.7380540371 0.6202142239
-102.2 -144.1 2685.2 0.9984378219 -0.0202734843 -0.0520661809 0.0205764063 0.9997742772 0.0052885339 0.0519472100 -0.0063516074 0.9986296296
-94.4 -532.2 2687.7 0.9983400702 -0.0212951116 -0.0535128340 0.0257886704 0.9960696697 0.0847357213 0.0514980517 -0.0859750882 0.9949654341
76.6 -144.4 2696.4 0.9937236309 0.0747701153 -0.0832035616 -0.0712845996 0.9964804053 0.0441058651 0.0862085149 -0.0378979072 0.9955560565
47.6 -531.3 2711.2 0.9924792051 -0.0854835734 -0.0876220688 0.0843166262 0.9962949753 -0.0169404745 0.0887455568 0.0094250701 0.9960097075
-199.0 -259.5 2626.3 0 0 0 0 0 0 0 0 0
163.9 -241.1 2634.7 0 0 0 0 0 0 0 0 0
-88.3 -815.7 2712.1 0 0 0 0 0 0 0 0 0
72.5 -822.5 2708.4 0 0 0 0 0 0 0 0 0
-13.6 439.3 2716.4 5 0.9972104430 0.0043514739 -0.0745147765 -0.0075039975 0.9990860820 -0.0420798101 0.0742635652 0.0425215811 0.9963316917
-14.5 242.5 2708.0 0.9972104430 0.0043514739 -0.0745147765 -0.0075039975 0.9990860820 -0.0420798101 0.0742635652 0.0425215811 0.9963316917
-14.2 48.5 2699.9 0.9972190261 -0.0013728770 -0.0745142847 -0.0017442813 0.9991264939 -0.0417518355 0.0745065212 0.0417656973 0.9963455200
-150.7 242.7 2697.8 0.2102302909 -0.6651550531 -0.7164998055 0.9776481390 0.1450590193 0.1521905810 0.0027044297 -0.7324797511 0.6807834506
-206.8 -18.0 2697.1 -0.0320823193 -0.6669622660 -0.7444005013 0.9612305760 0.1834920198 -0.2058310807 0.2738731205 -0.7221440673 0.6352176666
121.8 242.2 2718.2 0.1962133050 0.6554754972 0.7292819619 -0.9792029858 0.1701137424 0.1105570346 -0.0515934564 -0.7358078361 0.6752221584
169.7 3.3 2705.6 -0.0157486498 0.6565325260 0.7541332841 -0.9579167962 0.2062917054 -0.1995974928 -0.2866137028 -0.7255403399 0.6256546974
-102.2 -146.0 2685.3 0.9978580475 -0.0188012365 -0.0626562387 0.0193128176 0.9997848272 0.0075692330 0.0625004396 -0.0087630888 0.9980064631
-94.9 -534.1 2688.7 0.9976886511 -0.0230662841 -0.0639164150 0.0284363423 0.9960241318 0.0844233856 0.0617149584 -0.0860458016 0.9943779111
76.6 -145.9 2696.7 0.9934464693 0.0676990449 -0.0920921266 -0.0616948120 0.9958735704 0.0665550306 0.0962178260 -0.0604372583 0.9935237765
50.4 -532.4 2720.2 0.9920429587 -0.0776624158 -0.0990924463 0.0734624416 0.9962660074 -0.0453569703 0.1022449657 0.0377164893 0.9940440059
-198.6 -262.0 2627.6 0 0 0 0 0 0 0 0 0
165.7 -241.3 2632.4 0 0 0 0 0 0 0 0 0
-88.3 -818.7 2713.3 0 0 0 0 0 0 0 0 0
73.0 -823.1 2709.2 0 0 0 0 0 0 0 0 0
-14.0 443.5 2725.7 6 0.9978725910 0.0052803950 -0.0649803206 -0.0093121585 0.9980388880 -0.0619003959 0.0645260289 0.0623738170 0.9959648252
-15.1 247.2 2713.4 0.9978725910 0.0052803950 -0.0649803206 -0.0093121585 0.9980388880 -0.0619003959 0.0645260289 0.0623738170 0.9959648252
-15.7 53.5 2701.9 0.9978826642 0.0030720539 -0.0649675876 -0.0069050328 0.9982425570 -0.0588563830 0.0646725968 0.0591803677 0.9961501360
-151.4 248.2 2704.6 0.2034368217 -0.6714054942 -0.7126206160 0.9786323309 0.1616460383 0.1270799786 0.0298701003 -0.7232462764 0.6899439096
-206.7 -17.8 2696.4 -0.0326558463 -0.6722091436 -0.7396407723 0.9613699317 0.1812451482 -0.2071667761 0.2733156979 -0.7178335786 0.6403229237
121.3 246.3 2722.2 0.1949682683 0.6479116082 0.7363408804 -0.9779527187 0.1856772453 0.0955634937 -0.0748050511 -0.7387384176 0.6698281169
169.5 4.2 2703.7 -0.0165731534 0.6480728984 0.7613979578 -0.9632841349 0.1937402636 -0.1858718693 -0.2679719627 -0.7365230918 0.6210674644
-103.3 -145.3 2685.1 0.9982631803 -0.0243239868 -0.0536557324 0.0259184595 0.9992368221 0.0292237457 0.0529039465 -0.0305636637 0.9981317520
-93.8 -533.1 2696.9 0.9983593225 -0.0183558520 -0.0542379320 0.0212779641 0.9983250499 0.0537989847 0.0531595610 -0.0548647903 0.9970777035
75.4 -145.6 2698.4 0.9942966700 0.0687036738 -0.0815714374 -0.0641176477 0.9962803125 0.0575711355 0.0852233618 -0.0520126186 0.9950033426
48.7 -532.3 2718.6 0.9924263358 -0.0861853510 -0.0875333697 0.0834797472 0.9959251881 -0.0341202505 0.0901173502 0.0265545715 0.9955770969
-198.4 -261.8 2627.1 0 0 0 0 0 0 0 0 0
165.3 -241.7 2635.3 0 0 0 0 0 0 0 0 0
-88.6 -814.7 2712.4 0 0 0 0 0 0 0 0 0
74.3 -827.4 2710.8 0 0 0 0 0 0 0 0 0
-15.0 441.5 2720.3 7 0.9993078113 -0.0006717247 -0.0371943153 -0.0011378630 0.9988172054 -0.0486097299 0.0371829756 0.0486184061 0.9981250763
-14.9 244.5 2710.7 0.9993078113 -0.0006717247 -0.0371943153 -0.0011378630 0.9988172054 -0.0486097299 0.0371829756 0.0486184061 0.9981250763
-14.9 50.6 2701.4 0.9993080497 -0.0000060221 -0.0371945612 -0.0017762601 0.9988512993 -0.0478845872 0.0371521227 0.0479175188 0.9981601238
-151.3 244.7 2705.7 0.2106048614 -0.6880781651 -0.6944019198 0.9771711230 0.1684981883 0.1294021010 0.0279666930 -0.7058022022 0.7078566551
-206.8 -12.6 2698.3 -0.0435523130 -0.6882599592 -0.7241556644 0.9597894549 0.1723811179 -0.2215601802 0.2773217559 -0.7046864629 0.6530770659
121.6 244.2 2715.8 0.1989620626 0.6285444498 0.7518949509 -0.9785217047 0.1696419865 0.1171189845 -0.0539384633 -0.7590477467 0.6487966776
169.5 8.8 2702.8 -0.0264828429 0.6295185089 0.7765340209 -0.9615659118 0.1963291317 -0.1919527203 -0.2732940316 -0.7517721057 0.6001241803
-105.7 -139.6 2684.6 0.9991019964 -0.0336972997 -0.0256835129 0.0342781395 0.9991585612 0.0225208942 0.0249030087 -0.0233810544 0.9994164109
-92.6 -527.5 2693.7 0.9995907545 -0.0095720058 -0.0269569159 0.0111978455 0.9980857968 0.0608222336 0.0263231248 -0.0610992014 0.9977845550
73.1 -140.9 2696.2 0.9964925051 0.0627953112 -0.0553126633 -0.0598430671 0.9967728257 0.0535047948 0.0584940091 -0.0500070490 0.9970344901
48.7 -527.8 2715.6 0.9946014285 -0.0851501003 -0.0593079366 0.0845888630 0.9963446856 -0.0119149229 0.0601057038 0.0068338090 0.9981686473
-195.8 -256.2 2627.9 0 0 0 0 0 0 0 0 0
162.7 -236.7 2633.0 0 0 0 0 0 0 0 0 0
-89.8 -817.6 2711.5 0 0 0 0 0 0 0 0 0
74.5 -829.5 2713.6 0 0 0 0 0 0 0 0 0
-15.4 438.4 2707.6 8 0.9990969300 -0.0006288495 -0.0424848385 -0.0003128539 0.9997544885 -0.0221553501 0.0424883403 0.0221486334 0.9988514185
-15.3 240.9 2703.3 0.9990969300 -0.0006288495 -0.0424848385 -0.0003128539 0.9997544885 -0.0221553501 0.0424883403 0.0221486334 0.9988514185
-15.1 46.9 2698.7 0.9990964532 -0.0011620986 -0.0424837396 0.0001686745 0.9997266531 -0.0233797394 0.0424992964 0.0233514495 0.9988235831
-151.8 240.9 2697.5 0.2099824399 -0.6850324273 -0.6975944042 0.9777048826 0.1476733834 0.1492841542 0.0007516310 -0.7133885026 0.7007683516
-206.7 -15.0 2697.3 -0.0321002416 -0.6860684156 -0.7268285751 0.9634796381 0.1721865982 -0.2050823569 0.2658506632 -0.7068676949 0.6554856896
121.2 240.9 2709.1 0.2012633234 0.6328840852 0.7476301193 -0.9792202711 0.1494086087 0.1371303648 -0.0249147564 -0.7596938610 0.6498034000
169.5 5.7 2703.1 -0.0270093847 0.6353993416 0.7717111707 -0.9582109451 0.2034752667 -0.2010709941 -0.2847845256 -0.7448929548 0.6033508778
-104.3 -143.1 2688.8 0.9989702106 -0.0343460254 -0.0296461731 0.0345530771 0.9993817210 0.0065001985 0.0294045880 -0.0075178714 0.9995393157
-91.0 -531.0 2691.7 0.9994717240 -0.0054803733 -0.0320346057 0.0079728914 0.9969054461 0.0782049820 0.0315068774 -0.0784190744 0.9964224696
74.7 -143.4 2695.4 0.9957177043 0.0683495775 -0.0622460321 -0.0650129616 0.9964146614 0.0541395135 0.0657232776 -0.0498608761 0.9965913892
48.1 -530.3 2714.8 0.9942179322 -0.0845449939 -0.0662032068 0.0843824148 0.9964196086 -0.0052532391 0.0664103106 -0.0003635220 0.9977923036
-198.6 -259.5 2629.8 0 0 0 0 0 0 0 0 0
162.6 -238.9 2630.4 0 0 0 0 0 0 0 0 0
-89.4 -818.5 2714.3 0 0 0 0 0 0 0 0 0
73.6 -829.9 2714.9 0 0 0 0 0 0 0 0 0
-13.4 438.0 2710.8 9 0.9981575012 0.0020453499 -0.0606418364 -0.0036281866 0.9996553063 -0.0260027871 0.0605677478 0.0261748973 0.9978208542
-13.8 239.7 2705.6 0.9981575012 0.0020453499 -0.0606418364 -0.0036281866 0.9996553063 -0.0260027871 0.0605677478 0.0261748973 0.9978208542
-14.4 45.7 2701.3 0.9981561303 0.0028334651 -0.0606325679 -0.0041867285 0.9997447133 -0.0222036950 0.0605541766 0.0224166065 0.9979131818
-150.2 240.3 2697.3 0.2124785632 -0.6716489196 -0.7097468376 0.9771592617 0.1486920118 0.1518239528 0.0035612937 -0.7257950306 0.6879017949
-206.6 -19.4 2696.4 -0.0332865193 -0.6731234789 -0.7387806177 0.9613109231 0.1806785613 -0.2079340816 0.2734471262 -0.7171192765 0.6410667896
122.5 239.2 2713.9 0.1946410537 0.6439026594 0.7399352789 -0.9798455834 0.1621836871 0.1166151538 -0.0449166223 -0.7477204204 0.6624927521
169.5 2.7 2703.0 -0.0226044841 0.6452640295 0.7636251450 -0.9598757029 0.1995447725 -0.1970293373 -0.2795133591 -0.7374389768 0.6148626208
-104.3 -147.1 2690.4 0.9984471202 -0.0293198116 -0.0473673455 0.0292156078 0.9995689392 -0.0028908860 0.0474316888 0.0015025312 0.9988733530
-93.0 -535.1 2689.8 0.9987232089 -0.0070546642 -0.0500214882 0.0118110040 0.9953653216 0.0954381153 0.0491163693 -0.0959070623 0.9941777587
74.6 -147.1 2698.0 0.9944406748 0.0681115910 -0.0803029984 -0.0641217902 0.9966246486 0.0512605943 0.0835233927 -0.0458264500 0.9954515696
48.2 -534.0 2715.8 0.9922750592 -0.0902837291 -0.0850824043 0.0887214243 0.9958140254 -0.0219756830 0.0867102966 0.0142572904 0.9961315393
-198.2 -263.4 2627.0 0 0 0 0 0 0 0 0 0
163.7 -242.4 2631.7 0 0 0 0 0 0 0 0 0
-90.9 -823.1 2717.6 0 0 0 0 0 0 0 0 0
74.4 -823.0 2711.7 0 0 0 0 0 0 0 0 0
-11.5 436.5 2702.4 0 0.9994408488 0.0080855833 -0.0324435346 -0.0080892984 0.9999672771 0.0000167352 0.0324426070 0.0002457196 0.9994735718
-13.1 238.1 2702.3 0.9994408488 0.0080855833 -0.0324435346 -0.0080892984 0.9999672771 0.0000167352 0.0324426070 0.0002457196 0.9994735718
-14.6 44.1 2702.0 0.9994427562 0.0077894549 -0.0324575678 -0.0078504225 0.9999676347 -0.0017513707 0.0324428752 0.0020052004 0.9994716048
-149.6 239.2 2697.9 0.2149576545 -0.6867936850 -0.6943397522 0.9765837789 0.1575601846 0.1464885473 0.0087928958 -0.7095697522 0.7045803070
-206.6 -19.8 2695.6 -0.0447495729 -0.6873545051 -0.7249422669 0.9609927535 0.1686367244 -0.2192136347 0.2729293704 -0.7064739466 0.6529962420
123.4 237.0 2706.8 0.1918752193 0.6250163913 0.7566626668 -0.9812958241 0.1344117373 0.1378114820 -0.0155699030 -0.7689524889 0.6391162872
169.5 1.1 2703.0 -0.0210220311 0.6278403997 0.7780581713 -0.9619371891 0.1993824244 -0.1868783385 -0.2724609077 -0.7523716688 0.5997515917
-104.3 -148.0 2691.5 0.9994993210 -0.0257051010 -0.0184473768 0.0255659595 0.9996432066 -0.0077392263 0.0186397322 0.0072637270 0.9997999072
-94.4 -536.0 2688.7 0.9997011423 -0.0121399118 -0.0212198384 0.0142974192 0.9944037795 0.1046743318 0.0198303498 -0.1049464419 0.9942801595
74.5 -148.7 2702.3 0.9959521890 0.0712382048 -0.0548117682 -0.0696367398 0.9971031547 0.0305951703 0.0568325296 -0.0266544148 0.9980278611
46.8 -535.7 2712.7 0.9943206310 -0.0902455449 -0.0564108118 0.0908372477 0.9958335161 0.0080092223 0.0554529801 -0.0130879376 0.9983755350
-195.2 -263.7 2626.3 0 0 0 0 0 0 0 0 0
164.1 -244.6 2633.5 0 0 0 0 0 0 0 0 0
-90.9 -819.5 2718.6 0 0 0 0 0 0 0 0 0
73.1 -826.2 2716.5 0 0 0 0 0 0 0 0 0
-10.1 436.5 2709.2 1 0.9996674657 0.0128488243 -0.0223583933 -0.0133357365 0.9996741414 -0.0217665229 0.0220714342 0.0220574513 0.9995130301
-12.6 238.2 2704.8 0.9996674657 0.0128488243 -0.0223583933 -0.0133357365 0.9996741414 -0.0217665229 0.0220714342 0.0220574513 0.9995130301
-14.9 44.2 2701.6 0.9996862411 0.0114225289 -0.0222914349 -0.0117861722 0.9997984767 -0.0162505079 0.0221013222 0.0165081415 0.9996194243
-149.2 239.9 2701.8 0.2156893760 -0.6935016513 -0.6874107718 0.9761866927 0.1698600650 0.1349336654 0.0231869165 -0.7001450062 0.7136241198
-206.6 -20.1 2695.6 -0.0465927795 -0.6930736899 -0.7193594575 0.9629551768 0.1603181362 -0.2168304622 0.2656058371 -0.7028136253 0.6599292159
123.9 236.6 2707.8 0.1873711497 0.6194898486 0.7623151541 -0.9820891619 0.1338041574 0.1326549202 -0.0198225621 -0.7735171318 0.6334652901
169.4 -2.0 2703.0 -0.0194228534 0.6225878596 0.7823088169 -0.9608145952 0.2047753483 -0.1868218780 -0.2765105963 -0.7552823424 0.5942141414
-105.5 -149.2 2698.7 0.9993132353 -0.0360963456 -0.0083763991 0.0359259136 0.9991607666 -0.0196757168 0.0090795904 0.0193612743 0.9997712970
-91.5 -537.1 2691.2 0.9999199510 -0.0028507626 -0.0123252179 0.0039629792 0.9958266616 0.0911786333 0.0120138517 -0.0912201852 0.9957582951
73.5 -150.7 2704.5 0.9965904951 0.0698823407 -0.0438620560 -0.0688063577 0.9973019958 0.0255811587 0.0455313884 -0.0224759523 0.9987100363
46.3 -537.9 2713.2 0.9947920442 -0.0910479575 -0.0458159149 0.0910263509 0.9958451986 -0.0025619923 0.0458588228 -0.0016218064 0.9989466071
-194.8 -264.5 2628.2 0 0 0 0 0 0 0 0 0
164.5 -247.3 2632.4 0 0 0 0 0 0 0 0 0
-90.7 -819.0 2717.0 0 0 0 0 0 0 0 0 0
72.2 -820.4 2713.7 0 0 0 0 0 0 0 0 0
-12.1 432.5 2713.1 2 0.9993762970 0.0020432766 -0.0352535732 -0.0032174124 0.9994408488 -0.0332809277 0.0351658612 0.0333735980 0.9988241196
-12.5 234.4 2706.5 0.9993762970 0.0020432766 -0.0352535732 -0.0032174124 0.9994408488 -0.0332809277 0.0351658612 0.0333735980 0.9988241196
-12.7 40.4 2701.0 0.9993779659 0.0011912232 -0.0352452211 -0.0021831137 0.9996022582 -0.0281174686 0.0351977050 0.0281769242 0.9989830852
-149.0 234.7 2701.6 0.2305806130 -0.6841415167 -0.6919414401 0.9727738500 0.1791103780 0.1470730603 0.0233150907 -0.7070147395 0.7068144083
-209.6 -20.7 2695.5 -0.0530582294 -0.6831138730 -0.7283819318 0.9632571936 0.1573038101 -0.2176950425 0.2632877529 -0.7131696343 0.6496680975
124.0 234.1 2711.3 0.1888533533 0.6299067736 0.7533603907 -0.9816966653 0.1403339952 0.1287555993 -0.0246180501 -0.7638873458 0.6448799372
169.5 -2.7 2705.3 -0.0200722925 0.6329798102 0.7739080191 -0.9578759074 0.2096234858 -0.1962949038 -0.2864800096 -0.7452479601 0.6021085382
-106.6 -148.8 2696.4 0.9988506436 -0.0426875837 -0.0217987578 0.0422486737 0.9989026189 -0.0202133469 0.0226376951 0.0192691460 0.9995580316
-90.0 -536.5 2689.0 0.9996469617 -0.0007985001 -0.0265577696 0.0033100122 0.9955042601 0.0946590528 0.0263627879 -0.0947135389 0.9951554537
72.5 -150.9 2700.4 0.9963645935 0.0639101639 -0.0563306659 -0.0624211766 0.9976623654 0.0278093554 0.0579762869 -0.0241920296 0.9980248213
47.7 -538.2 2709.8 0.9944215417 -0.0879848525 -0.0581762791 0.0880533680 0.9961147904 -0.0013896818 0.0580725260 -0.0037406879 0.9983053803
-196.1 -265.2 2628.7 0 0 0 0 0 0 0 0 0
164.4 -247.3 2632.2 0 0 0 0 0 0 0 0 0
-89.8 -818.4 2715.8 0 0 0 0 0 0 0 0 0
72.9 -823.5 2710.9 0 0 0 0 0 0 0 0 0
-13.0 434.0 2714.0 3 0.9985690117 -0.0020191560 -0.0534396842 0.0000263845 0.9993054271 -0.0372645706 0.0534778088 0.0372098386 0.9978755116
-12.6 236.5 2706.7 0.9985690117 -0.0020191560 -0.0534396842 0.0000263845 0.9993054271 -0.0372645706 0.0534778088 0.0372098386 0.9978755116
-11.8 42.5 2700.4 0.9985637665 -0.0036285680 -0.0534527414 0.0018844502 0.9994652867 -0.0326434895 0.0535426065 0.0324958786 0.9980366826
-149.0 236.3 2699.4 0.2205525637 -0.6753529310 -0.7037435770 0.9752580523 0.1638709009 0.1483849585 0.0151108839 -0.7190582752 0.6947854757
-208.1 -25.2 2695.3 -0.0439421721 -0.6756409407 -0.7359201312 0.9620751143 0.1698908359 -0.2134210914 0.2692221105 -0.7173886299 0.6425519586
123.8 236.8 2714.0 0.1853388101 0.6416072845 0.7443047762 -0.9816983342 0.1546462923 0.1111434847 -0.0437934995 -0.7512819767 0.6585267782
169.4 -4.8 2703.2 -0.0202983283 0.6436037421 0.7650896311 -0.9581623673 0.2060039937 -0.1987140179 -0.2855046093 -0.7371136546 0.6124953628
-102.5 -153.4 2692.4 0.9988492727 -0.0251951013 -0.0408090279 0.0250582434 0.9996785522 -0.0038617612 0.0408932082 0.0028347147 0.9991595149
-92.7 -541.4 2691.3 0.9990273714 -0.0099026291 -0.0429673158 0.0136893410 0.9959597588 0.0887513459 0.0419148467 -0.0892532170 0.9951266050
76.6 -153.8 2698.7 0.9945501685 0.0741541088 -0.0732876733 -0.0709773898 0.9964604378 0.0450425483 0.0763683617 -0.0395953059 0.9962931871
47.8 -540.6 2714.1 0.9933788180 -0.0849373862 -0.0773572177 0.0843147784 0.9963752627 -0.0112852836 0.0780353621 0.0046882052 0.9969395399
-196.9 -269.4 2627.0 0 0 0 0 0 0 0 0 0
164.2 -249.5 2630.3 0 0 0 0 0 0 0 0 0
-89.9 -818.2 2716.1 0 0 0 0 0 0 0 0 0
71.8 -822.6 2712.8 0 0 0 0 0 0 0 0 0
-12.6 438.3 2714.0 4 0.9978588223 0.0006017049 -0.0654018521 -0.0030237066 0.9993129373 -0.0369399451 0.0653346926 0.0370586030 0.9971750379
-12.7 241.1 2706.7 0.9978588223 0.0006017049 -0.0654018521 -0.0030237066 0.9993129373 -0.0369399451 0.0653346926 0.0370586030 0.9971750379
-12.1 47.1 2700.3 0.9978542924 -0.0029697602 -0.0654061958 0.0007934188 0.9994459152 -0.0332751125 0.0654687732 0.0331518166 0.9973037839
-149.0 241.0 2697.7 0.2157077044 -0.6696497798 -0.7106612325 0.9764480591 0.1512061059 0.1539020836 0.0043958272 -0.7271216512 0.6864945292
-207.5 -23.6 2696.5 -0.0394777805 -0.6709464788 -0.7404541373 0.9611915946 0.1769917309 -0.2116237879 0.2730425000 -0.7200726867 0.6379209161
123.6 241.2 2715.6 0.1849362254 0.6493483782 0.7376620173 -0.9813799262 0.1616546214 0.1037365645 -0.0518852957 -0.7431113124 0.6671532393
169.5 -2.3 2702.8 -0.0202105679 0.6505990624 0.7591524124 -0.9603428841 0.1985649616 -0.1957383454 -0.2780882716 -0.7330026031 0.6207850575
-100.6 -151.6 2689.3 0.9984759092 -0.0155029083 -0.0529675223 0.0158755109 0.9998520613 0.0066210344 0.0528570414 -0.0074518300 0.9985742569
-94.5 -539.7 2692.2 0.9983839989 -0.0175471008 -0.0540513471 0.0222554971 0.9958913922 0.0877780989 0.0522890240 -0.0888391882 0.9946725368
78.3 -151.3 2698.9 0.9938245416 0.0716734901 -0.0847097486 -0.0675823167 0.9964490533 0.0502188243 0.0880083069 -0.0441838205 0.9951393604
50.5 -538.1 2716.0 0.9935701489 -0.0701805428 -0.0888425335 0.0696166754 0.9975292087 -0.0094333710 0.0892850682 0.0031877935 0.9960010052
-197.4 -267.6 2627.2 0 0 0 0 0 0 0 0 0
164.3 -247.6 2631.7 0 0 0 0 0 0 0 0 0
-89.6 -819.2 2717.1 0 0 0 0 0 0 0 0 0
70.8 -826.4 2715.1 0 0 0 0 0 0 0 0 0
-12.5 439.6 2714.5 5 0.9974678159 0.0027736197 -0.0710656121 -0.0054103290 0.9993029833 -0.0369368829 0.0709136277 0.0372278392 0.9967874885
-13.0 242.7 2707.1 0.9974678159 0.0027736197 -0.0710656121 -0.0054103290 0.9993029833 -0.0369368829 0.0709136277 0.0372278392 0.9967874885
-13.0 48.7 2701.0 0.9974720478 -0.0003821122 -0.0710593164 -0.0018734406 0.9994965196 -0.0316724740 0.0710356385 0.0317255333 0.9969691038
-149.3 243.0 2697.4 0.2151727080 -0.6659691334 -0.7142729163 0.9765735269 0.1483868808 0.1558380276 0.0022054161 -0.7310721278 0.6822966337
-207.1 -19.3 2696.8 -0.0359393731 -0.6672208905 -0.7439923286 0.9632617235 0.1751403660 -0.2035993189 0.2661488056 -0.7239766121 0.6364139318
123.2 242.5 2716.9 0.1893412173 0.6532073021 0.7331235409 -0.9807178378 0.1626058519 0.1084059775 -0.0483986028 -0.7395130396 0.6714000702
169.7 1.9 2705.0 -0.0197558291 0.6542885900 0.7559868693 -0.9610291123 0.1961104274 -0.1948429793 -0.2757404447 -0.7303746939 0.6249160171
-100.9 -147.0 2688.0 0.9981895089 -0.0137059530 -0.0585652813 0.0144223142 0.9998260736 0.0118266921 0.0583929978 -0.0126499264 0.9982135296
-95.6 -535.1 2692.9 0.9979558587 -0.0238713995 -0.0592815615 0.0281107314 0.9970272183 0.0717395917 0.0573928021 -0.0732593909 0.9956601262
77.8 -146.9 2699.7 0.9932352304 0.0717398524 -0.0913082212 -0.0687314495 0.9969969392 0.0356804579 0.0935937241 -0.0291633420 0.9951832294
50.0 -533.9 2711.0 0.9933496118 -0.0684250444 -0.0925989747 0.0703357011 0.9973694086 0.0175260846 0.0911561623 -0.0239225440 0.9955492020
-198.0 -263.8 2629.3 0 0 0 0 0 0 0 0 0
164.6 -243.5 2634.6 0 0 0 0 0 0 0 0 0
-88.8 -818.7 2713.7 0 0 0 0 0 0 0 0 0
70.3 -829.5 2718.1 0 0 0 0 0 0 0 0 0
-13.9 439.5 2715.7 6 0.9980567098 -0.0033634906 -0.0622210950 0.0009516578 0.9992484450 -0.0387513973 0.0623046719 0.0386168770 0.9973098040
-13.2 242.9 2708.1 0.9980567098 -0.0033634906 -0.0622210950 0.0009516578 0.9992484450 -0.0387513973 0.0623046719 0.0386168770 0.9973098040
-12.3 48.9 2701.3 0.9980489612 -0.0049944147 -0.0622359514 0.0028061674 0.9993764162 -0.0351984277 0.0623729378 0.0349551104 0.9974405766
-149.6 242.5 2699.6 0.2157835513 -0.6715260148 -0.7088654637 0.9764092565 0.1542683691 0.1510834396 0.0078990692 -0.7247441411 0.6889727712
-207.0 -17.2 2697.5 -0.0345556140 -0.6723600030 -0.7394173145 0.9636362195 0.1737448275 -0.2030221820 0.2649739385 -0.7195448279 0.6419065595
123.1 243.2 2716.6 0.1900623441 0.6467564106 0.7386354804 -0.9804502130 0.1640652120 0.1086279005 -0.0509286001 -0.7448413968 0.6652951241
169.5 3.9 2704.2 -0.0187224112 0.6478265524 0.7615577579 -0.9611106515 0.1982428581 -0.1922655255 -0.2755281031 -0.7355409861 0.6189214587
-102.2 -145.1 2688.5 0.9986069202 -0.0166409258 -0.0500725508 0.0174419787 0.9997261167 0.0156036159 0.0497991778 -0.0164552443 0.9986236691
-95.8 -533.2 2694.9 0.9984875917 -0.0208929740 -0.0508530214 0.0242516827 0.9975014925 0.0663526356 0.0493396595 -0.0674855560 0.9964995384
76.5 -145.5 2701.2 0.9940499067 0.0713232085 -0.0823273137 -0.0682714805 0.9968920350 0.0393098742 0.0848751515 -0.0334553681 0.9958297610
48.8 -532.5 2714.2 0.9930834770 -0.0802900791 -0.0856663883 0.0798340663 0.9967698455 -0.0087412708 0.0860915035 0.0018417150 0.9962855577
-198.2 -261.9 2630.2 0 0 0 0 0 0 0 0 0
164.7 -241.5 2633.9 0 0 0 0 0 0 0 0 0
-89.8 -818.3 2714.1 0 0 0 0 0 0 0 0 0
72.4 -825.1 2713.6 0 0 0 0 0 0 0 0 0
-17.2 442.1 2716.8 7 0.9973850250 -0.0108224247 -0.0714564472 0.0078700576 0.9991087317 -0.0414700396 0.0718415678 0.0407992303 0.9965812564
-15.0 245.7 2708.8 0.9973850250 -0.0108224247 -0.0714564472 0.0078700576 0.9991087317 -0.0414700396 0.0718415678 0.0407992303 0.9965812564
-12.3 51.8 2701.6 0.9973443747 -0.0138668958 -0.0714976117 0.0111587849 0.9992101789 -0.0381382145 0.0719700009 0.0372391082 0.9967113733
-151.3 244.2 2699.0 0.2084447891 -0.6672566533 -0.7150659561 0.9780323505 0.1436120868 0.1510904282 0.0018760157 -0.7308516502 0.6825338006
-207.0 -17.1 2698.5 -0.0295070708 -0.6688680649 -0.7427952886 0.9628795981 0.1804555058 -0.2007453144 0.2683136165 -0.7211458683 0.6387146711
121.2 247.3 2718.7 0.1956634223 0.6529144645 0.7317230105 -0.9793338180 0.1690450758 0.1110363156 -0.0511969551 -0.7383267879 0.6724971533
169.8 4.3 2706.0 -0.0191747844 0.6536870003 0.7565220594 -0.9614632130 0.1955074519 -0.1933010817 -0.2742640972 -0.7310746312 0.6247472167
-100.7 -145.4 2689.0 0.9980638623 -0.0173673574 -0.0597238541 0.0180009995 0.9997870922 0.0100878933 0.0595359355 -0.0111434506 0.9981639385
-94.0 -533.5 2693.3 0.9980323911 -0.0154520124 -0.0607661307 0.0201821681 0.9967478514 0.0780154541 0.0593630150 -0.0790883452 0.9950985312
78.1 -144.9 2700.1 0.9924294353 0.0814659670 -0.0919079036 -0.0780339390 0.9961341023 0.0403430536 0.0948391855 -0.0328656994 0.9949499369
46.5 -531.6 2712.9 0.9912153482 -0.0908168927 -0.0961481333 0.0899634957 0.9958578348 -0.0131829744 0.0969471037 0.0044173445 0.9952797294
-199.5 -261.5 2630.4 0 0 0 0 0 0 0 0 0
164.9 -241.2 2635.9 0 0 0 0 0 0 0 0 0
-89.6 -816.7 2715.8 0 0 0 0 0 0 0 0 0
73.1 -823.9 2711.6 0 0 0 0 0 0 0 0 0
-16.8 440.6 2718.9 8 0.9976304173 -0.0107202381 -0.0679602250 0.0076515698 0.9989461899 -0.0452544503 0.0683737472 0.0446272120 0.9966611266
-14.7 244.1 2710.1 0.9976304173 -0.0107202381 -0.0679602250 0.0076515698 0.9989461899 -0.0452544503 0.0683737472 0.0446272120 0.9966611266
-12.1 50.2 2701.9 0.9975966215 -0.0133738369 -0.0679860339 0.0104546482 0.9990154505 -0.0431139804 0.0684956983 0.0422995910 0.9967542887
-151.0 242.7 2700.8 0.2104431987 -0.6683532596 -0.7134547234 0.9775081873 0.1541856527 0.1438906491 0.0138347009 -0.7276886106 0.6857680678
-206.8 -16.3 2697.1 -0.0308077354 -0.6691418290 -0.7424958944 0.9647427201 0.1743552685 -0.1971592605 0.2613855600 -0.7223914862 0.6401782036
121.6 245.6 2719.5 0.1987674236 0.6490557194 0.7343147993 -0.9780641794 0.1790052950 0.1065249965 -0.0623055771 -0.7393806577 0.6703985929
169.6 9.3 2704.4 -0.0072081829 0.6491993070 0.7605841756 -0.9662743211 0.1912731826 -0.1724194437 -0.2574139237 -0.7361758351 0.6259258986
-99.0 -143.2 2687.9 0.9983578920 -0.0103592016 -0.0563403293 0.0112820063 0.9998069406 0.0160857849 0.0561628193 -0.0166950021 0.9982820153
-95.0 -531.3 2694.4 0.9982075095 -0.0186119694 -0.0568804704 0.0230814219 0.9966107011 0.0789578706 0.0552181229 -0.0801292211 0.9952538610
79.7 -141.2 2700.8 0.9924089313 0.0857401118 -0.0881654769 -0.0826742202 0.9958570600 0.0378635749 0.0910466388 -0.0302871373 0.9953859448
46.4 -527.8 2712.6 0.9923119545 -0.0842252001 -0.0906813741 0.0853120908 0.9963207841 0.0081702126 0.0896596014 -0.0158436168 0.9958464503
-199.0 -261.2 2630.8 0 0 0 0 0 0 0 0 0
167.7 -237.4 2638.7 0 0 0 0 0 0 0 0 0
-89.7 -815.1 2717.2 0 0 0 0 0 0 0 0 0
71.8 -828.0 2717.4 0 0 0 0 0 0 0 0 0
-16.5 438.5 2707.4 9 0.9980751872 -0.0115538873 -0.0609300360 0.0106012588 0.9998168349 -0.0159349758 0.0611029863 0.0152583681 0.9980148077
-14.2 241.4 2704.4 0.9980751872 -0.0115538873 -0.0609300360 0.0106012588 0.9998168349 -0.0159349758 0.0611029863 0.0152583681 0.9980148077
-11.8 47.4 2702.0 0.9980676174 -0.0120370900 -0.0609600171 0.0112405093 0.9998471141 -0.0133934021 0.0611119159 0.0126823001 0.9980503321
-150.5 239.9 2696.1 0.2133658677 -0.6710831523 -0.7100157738 0.9769647717 0.1436944306 0.1577711701 -0.0038522584 -0.7273234129 0.6862840652
-206.8 -17.6 2697.1 -0.0323553532 -0.6725386381 -0.7393544316 0.9634023309 0.1759624183 -0.2022206783 0.2660998106 -0.7188386917 0.6422319412
122.2 242.9 2712.8 0.1960053593 0.6407374740 0.7423189282 -0.9789109826 0.1722996533 0.1097546518 -0.0575773753 -0.7481766939 0.6609966159
169.4 7.2 2698.9 -0.0068978062 0.6408710480 0.7676175833 -0.9693456292 0.1842538565 -0.1625409871 -0.2456043065 -0.7452079058 0.6199545860
-98.9 -144.7 2687.6 0.9987009168 -0.0144502213 -0.0488632359 0.0151554607 0.9997858405 0.0140933469 0.0486491174 -0.0148155838 0.9987060428
-93.3 -532.8 2693.3 0.9987031817 -0.0107838074 -0.0497564413 0.0149524296 0.9963380098 0.0841845199 0.0486664027 -0.0848193243 0.9952071309
79.9 -142.8 2699.9 0.9926758409 0.0884118751 -0.0823288038 -0.0842126459 0.9950288534 0.0531588681 0.0866194069 -0.0458363965 0.9951864481
45.5 -529.0 2717.6 0.9919980168 -0.0904019699 -0.0881331488 0.0894750431 0.9958846569 -0.0144199459 0.0890740454 0.0064188400 0.9960043430
-198.6 -262.1 2629.6 0 0 0 0 0 0 0 0 0
167.6 -240.3 2636.2 0 0 0 0 0 0 0 0 0
-90.2 -818.0 2717.6 0 0 0 0 0 0 0 0 0
72.1 -821.6 2715.8 0 0 0 0 0 0 0 0 0
-15.3 439.5 2710.7 0 0.9978442192 -0.0097023463 -0.0649059489 0.0081101349 0.9996607900 -0.0247497074 0.0651240647 0.0241699554 0.9975844026
-13.4 241.8 2705.9 0.9978442192 -0.0097023463 -0.0649059489 0.0081101349 0.9996607900 -0.0247497074 0.0651240647 0.0241699554 0.9975844026
-11.5 47.7 2702.1 0.9978441000 -0.0094343526 -0.0649471581 0.0081218043 0.9997580051 -0.0204439349 0.0651243180 0.0198723711 0.9976792336
-149.7 240.7 2697.0 0.2138453722 -0.6681562662 -0.7126271129 0.9768596292 0.1491923481 0.1532542259 0.0039207437 -0.7289093733 0.6845989823
-206.7 -19.6 2696.0 -0.0276894215 -0.6691353321 -0.7426245213 0.9653115869 0.1750553101 -0.1937245727 0.2596283257 -0.7222281694 0.6410769224
122.9 242.9 2714.8 0.1903816164 0.6455725431 0.7395883799 -0.9800538421 0.1687280238 0.1050017327 -0.0570030436 -0.7448267937 0.6648185253
169.4 3.6 2700.9 -0.0073331692 0.6458290815 0.7634468079 -0.9679141641 0.1871840209 -0.1676433384 -0.2511740029 -0.7401803136 0.6237344742
-98.9 -147.6 2694.0 0.9985461831 -0.0115993684 -0.0526398681 0.0113507975 0.9999229908 -0.0050186100 0.0526940264 0.0044138092 0.9986009598
-94.4 -535.7 2692.3 0.9984442592 -0.0159190819 -0.0534383282 0.0201931074 0.9965566397 0.0804184377 0.0519741327 -0.0813724101 0.9953277111
79.9 -145.6 2705.0 0.9928202033 0.0829390809 -0.0861922726 -0.0792440474 0.9958187342 0.0454472043 0.0896012262 -0.0382906795 0.9952414036
47.7 -532.2 2719.9 0.9923300743 -0.0828705356 -0.0917252749 0.0810339600 0.9964324832 -0.0235754214 0.0933517516 0.0159617364 0.9955052137
-199.6 -264.6 2630.1 0 0 0 0 0 0 0 0 0
167.5 -243.5 2636.8 0 0 0 0 0 0 0 0 0
-89.9 -817.3 2715.3 0 0 0 0 0 0 0 0 0
71.7 -820.2 2715.2 0 0 0 0 0 0 0 0 0
-15.8 438.7 2703.3 1 0.9970279336 -0.0097822277 -0.0764176920 0.0089742495 0.9999002218 -0.0109094428 0.0765167847 0.0101912273 0.9970161915
-13.8 241.2 2701.3 0.9970279336 -0.0097822277 -0.0764176920 0.0089742495 0.9999002218 -0.0109094428 0.0765167847 0.0101912273 0.9970161915
-11.5 47.1 2699.9 0.9970027208 -0.0119053395 -0.0764449015 0.0112958346 0.9999009371 -0.0084005967 0.0765373334 0.0075119087 0.9970384240
-150.0 239.6 2690.9 0.2141987234 -0.6624989510 -0.7177841067 0.9764972925 0.1272433102 0.1739602536 -0.0239152648 -0.7381762862 0.6741838455
-206.8 -19.1 2697.2 -0.0308611877 -0.6650909781 -0.7461243868 0.9634744525 0.1788756698 -0.1992999613 0.2660160959 -0.7250223756 0.6352778673
122.4 242.7 2711.8 0.1937128305 0.6548888683 0.7304764986 -0.9804482460 0.1554822773 0.1206086576 -0.0345908850 -0.7395578623 0.6722036004
169.5 4.3 2703.4 -0.0131243421 0.6556181908 0.7549785376 -0.9663245082 0.1857404262 -0.1780940294 -0.2569917142 -0.7318915725 0.6311021447
-99.1 -147.0 2692.4 0.9977826476 -0.0183109455 -0.0639878809 0.0180215482 0.9998245835 -0.0050969929 0.0640699863 0.0039325310 0.9979376793
-92.0 -535.2 2690.8 0.9977874756 -0.0123065282 -0.0653349832 0.0176368784 0.9965053201 0.0816459432 0.0641018823 -0.0826176107 0.9945176244
79.7 -145.6 2704.0 0.9919418693 0.0782927871 -0.0996073186 -0.0751503184 0.9965604544 0.0349246450 0.1019990593 -0.0271576941 0.9944137335
49.3 -532.4 2714.6 0.9914103150 -0.0809362307 -0.1027368978 0.0807467774 0.9967165589 -0.0060084257 0.1028858647 -0.0023388579 0.9946904182
-198.9 -263.7 2629.7 0 0 0 0 0 0 0 0 0
166.1 -242.5 2637.7 0 0 0 0 0 0 0 0 0
-88.5 -817.8 2714.3 0 0 0 0 0 0 0 0 0
73.1 -825.9 2715.3 0 0 0 0 0 0 0 0 0
-15.2 439.6 2709.2 2 0.9969269037 -0.0047284197 -0.0781944245 0.0029882749 0.9997456074 -0.0223561358 0.0782802403 0.0220537670 0.9966874123
-14.2 242.7 2704.8 0.9969269037 -0.0047284197 -0.0781944245 0.0029882749 0.9997456074 -0.0223561358 0.0782802403 0.0220537670 0.9966874123
-12.9 48.6 2701.0 0.9969118237 -0.0070905127 -0.0782082453 0.0055405824 0.9997842908 -0.0200172123 0.0783333108 0.0195220765 0.9967360497
-150.4 241.9 2694.1 0.2098309249 -0.6619582772 -0.7195708752 0.9776658416 0.1331311464 0.1626209170 -0.0118509773 -0.7376227379 0.6751090288
-206.7 -20.4 2697.3 -0.0317936242 -0.6640008688 -0.7470555902 0.9644705057 0.1757472754 -0.1972548813 0.2622703910 -0.7267845273 0.6348215938
121.9 243.4 2715.5 0.1948740780 0.6566411257 0.7285921574 -0.9799054265 0.1625571698 0.1155879125 -0.0425380990 -0.7364764810 0.6751243472
169.6 3.8 2705.1 -0.0025234881 0.6572736502 0.7536478043 -0.9630290270 0.2014260739 -0.1788929105 -0.2693859041 -0.7262361050 0.6324653029
-98.5 -148.0 2691.6 0.9977431893 -0.0126762232 -0.0659379587 0.0126095675 0.9999194741 -0.0014269850 0.0659507364 0.0005923155 0.9978227019
-93.6 -536.2 2691.3 0.9976628423 -0.0146236308 -0.0667455494 0.0199093949 0.9966576695 0.0792279169 0.0653638691 -0.0803716108 0.9946194887
80.1 -146.0 2705.3 0.9914094210 0.0835989267 -0.1005912423 -0.0809433460 0.9962609410 0.0302048940 0.1027402207 -0.0218032245 0.9944692254
47.7 -532.7 2713.7 0.9907616377 -0.0868376270 -0.1041660830 0.0858872831 0.9962122440 -0.0135829942 0.1049510390 0.0045109685 0.9944671392
-198.7 -265.2 2630.7 0 0 0 0 0 0 0 0 0
169.0 -242.1 2636.3 0 0 0 0 0 0 0 0 0
-89.5 -816.8 2714.0 0 0 0 0 0 0 0 0 0
73.0 -823.5 2712.4 0 0 0 0 0 0 0 0 0
-15.9 441.7 2711.6 3 0.9971979260 -0.0062452350 -0.0745475739 0.0042929966 0.9996443391 -0.0263193939 0.0746854320 0.0259256121 0.9968701005
-14.7 244.8 2706.5 0.9971979260 -0.0062452350 -0.0745475739 0.0042929966 0.9996443391 -0.0263193939 0.0746854320 0.0259256121 0.9968701005
-13.3 50.7 2702.3 0.9971881509 -0.0073613171 -0.0745764598 0.0057292785 0.9997398853 -0.0220744442 0.0747195631 0.0215851050 0.9969709516
-150.9 244.0 2696.2 0.2082086354 -0.6636352539 -0.7184966207 0.9780809283 0.1393017024 0.1547667384 -0.0026208605 -0.7349716425 0.6780928373
-206.8 -18.3 2697.0 -0.0326944664 -0.6653895378 -0.7457799911 0.9637961984 0.1765760183 -0.1997943670 0.2646279633 -0.7253121138 0.6355268955
121.6 245.6 2716.7 0.1954300851 0.6530999541 0.7316198349 -0.9794213772 0.1683159322 0.1113710478 -0.0504068471 -0.7383293509 0.6725540161
169.5 5.5 2704.3 -0.0100784842 0.6537385583 0.7566533685 -0.9625634551 0.1986320615 -0.1844366640 -0.2708689868 -0.7301857471 0.6272629499
-100.8 -145.9 2690.2 0.9979345202 -0.0152035514 -0.0624145195 0.0154844830 0.9998720288 0.0040198145 0.0623454154 -0.0049779681 0.9980422258
-94.9 -534.1 2692.1 0.9977887273 -0.0199862998 -0.0633889213 0.0250390749 0.9964846969 0.0799456015 0.0615682751 -0.0813560188 0.9947816730
77.8 -144.9 2704.2 0.9920925498 0.0799989402 -0.0967086554 -0.0772830695 0.9965109229 0.0315159187 0.0988924727 -0.0237927660 0.9948136210
46.8 -531.8 2713.5 0.9909174442 -0.0897027329 -0.1001802683 0.0888492018 0.9959607720 -0.0129584493 0.1009380296 0.0039398163 0.9948849082
-198.5 -263.0 2629.8 0 0 0 0 0 0 0 0 0
166.9 -240.3 2635.1 0 0 0 0 0 0 0 0 0
-89.2 -818.4 2715.4 0 0 0 0 0 0 0 0 0
72.9 -821.9 2712.3 0 0 0 0 0 0 0 0 0
-16.2 437.8 2704.3 4 0.9966794848 -0.0103959609 -0.0807585418 0.0096122772 0.9999029040 -0.0100867664 0.0808555633 0.0092770001 0.9966826439
-14.2 240.1 2702.4 0.9966794848 -0.0103959609 -0.0807585418 0.0096122772 0.9999029040 -0.0100867664 0.0808555633 0.0092770001 0.9966826439
-12.1 46.0 2700.5 0.9966766238 -0.0107240994 -0.0807505324 0.0098800166 0.9998923540 -0.0108452989 0.0808581486 0.0100114401 0.9966753125
-150.4 238.7 2691.4 0.2153317630 -0.6592363715 -0.7204440832 0.9763216376 0.1296972334 0.1731320024 -0.0206953064 -0.7406659722 0.6715546250
-206.7 -16.8 2696.8 -0.0323989838 -0.6615084410 -0.7492375374 0.9646329880 0.1755090207 -0.1966717094 0.2615979314 -0.7291111946 0.6324265599
122.0 241.4 2713.5 0.1989596784 0.6572343707 0.7269511819 -0.9792944193 0.1616295427 0.1218948439 -0.0373832993 -0.7361513376 0.6757837534
169.5 7.7 2704.6 -0.0232995041 0.6583918333 0.7523146272 -0.9604690075 0.1940712482 -0.1995885372 -0.2774101198 -0.7272252440 0.6278432012
-101.2 -143.8 2691.4 0.9974740744 -0.0192491002 -0.0683733672 0.0192272738 0.9998146892 -0.0009773616 0.0683795139 -0.0003397407 0.9976593256
-93.7 -532.0 2691.5 0.9974254966 -0.0167162772 -0.0697349980 0.0224318840 0.9963797331 0.0820014626 0.0681117848 -0.0833546370 0.9941895008
77.5 -142.8 2704.8 0.9917896986 0.0743959844 -0.1040117145 -0.0716534778 0.9969823956 0.0298649501 0.1059196815 -0.0221669488 0.9941275716
48.6 -529.9 2713.4 0.9913290143 -0.0769695714 -0.1065009013 0.0769467503 0.9970257878 -0.0043294937 0.1065173820 -0.0039029457 0.9943031669
-198.5 -261.6 2630.4 0 0 0 0 0 0 0 0 0
163.5 -237.5 2633.7 0 0 0 0 0 0 0 0 0
-88.9 -815.8 2715.3 0 0 0 0 0 0 0 0 0
71.6 -826.8 2714.5 0 0 0 0 0 0 0 0 0
-15.8 436.1 2700.1 5 0.9951021671 -0.0088539543 -0.0984542072 0.0087540848 0.9999606609 -0.0014463254 0.0984631404 0.0005773651 0.9951405525
-14.1 238.0 2700.0 0.9951021671 -0.0088539543 -0.0984542072 0.0087540848 0.9999606609 -0.0014463254 0.0984631404 0.0005773651 0.9951405525
-11.9 43.9 2699.2 0.9950798154 -0.0114365863 -0.0984141380 0.0109585878 0.9999253750 -0.0053962101 0.0984685048 0.0042911801 0.9951308966
-150.0 236.5 2686.6 0.2193019837 -0.6468080282 -0.7304423451 0.9751772285 0.1218376905 0.1848916858 -0.0305940136 -0.7528578639 0.6574717164
-208.4 -23.2 2694.7 -0.0392829552 -0.6499395967 -0.7589699030 0.9641038775 0.1749629825 -0.1997288913 0.2626033723 -0.7395718098 0.6197362542
121.8 239.5 2713.5 0.1974639744 0.6686949134 0.7168368697 -0.9794656038 0.1649255902 0.1159598082 -0.0406830162 -0.7250149846 0.6875305176
169.5 3.1 2703.6 -0.0222308151 0.6699640155 0.7420606613 -0.9571012855 0.2002250552 -0.2094447613 -0.2888996005 -0.7148833275 0.6367722154
-99.3 -149.0 2691.3 0.9962098598 -0.0124372682 -0.0860881880 0.0130130695 0.9998965263 0.0061305477 0.0860030353 -0.0072275843 0.9962686300
-94.5 -537.1 2694.1 0.9960856438 -0.0170899592 -0.0867258981 0.0234443452 0.9970718026 0.0727886185 0.0852279961 -0.0745369270 0.9935695529
79.3 -147.2 2705.8 0.9892427921 0.0801658556 -0.1223608032 -0.0775393918 0.9966479540 0.0260855984 0.1240418181 -0.0163172074 0.9921427965
48.1 -534.1 2712.1 0.9883801937 -0.0864983276 -0.1249905005 0.0862401873 0.9962462783 -0.0074849250 0.1251687557 -0.0033812528 0.9921296835
-198.4 -267.9 2628.0 0 0 0 0 0 0 0 0 0
163.8 -241.3 2629.9 0 0 0 0 0 0 0 0 0
-89.7 -815.7 2714.9 0 0 0 0 0 0 0 0 0
73.3 -823.4 2713.1 0 0 0 0 0 0 0 0 0
-15.4 436.8 2697.0 6 0.9957969785 -0.0082677659 -0.0912140086 0.0089670876 0.9999334216 0.0072596651 0.0911479145 -0.0080470769 0.9958048463
-13.8 239.1 2698.6 0.9957969785 -0.0082677659 -0.0912140086 0.0089670876 0.9999334216 0.0072596651 0.0911479145 -0.0080470769 0.9958048463
-11.6 45.0 2699.5 0.9957732558 -0.0110730985 -0.0911758244 0.0114225289 0.9999292493 0.0033115505 0.0911327079 -0.0043390119 0.9958292842
-149.8 237.6 2686.2 0.2208216339 -0.6508941054 -0.7263433933 0.9747263789 0.1214284748 0.1875195801 -0.0338566191 -0.7493944168 0.6612576842
-209.5 -25.9 2695.3 -0.0437119305 -0.6537750959 -0.7554252744 0.9649177194 0.1683169901 -0.2015022337 0.2588880658 -0.7377313375 0.6234817505
122.3 240.7 2711.1 0.1927974820 0.6630050540 0.7233625650 -0.9804003835 0.1606228948 0.1140851527 -0.0405495577 -0.7311802506 0.6809780598
169.4 0.9 2701.2 -0.0158946086 0.6641016006 0.7474733591 -0.9605041146 0.1975678355 -0.1959560961 -0.2778114676 -0.7210658789 0.6347320676
-98.8 -151.2 2689.5 0.9968416691 -0.0098114796 -0.0788066015 0.0107880309 0.9998701215 0.0119755631 0.0786788687 -0.0127879083 0.9968180060
-95.0 -539.4 2694.5 0.9967081547 -0.0169557594 -0.0792801306 0.0231177621 0.9967270494 0.0774645209 0.0777071789 -0.0790423006 0.9938379526
79.5 -149.2 2707.2 0.9900120497 0.0805484504 -0.1157070696 -0.0778492838 0.9965811372 0.0276676174 0.1175400689 -0.0183835626 0.9928979874
48.2 -536.1 2714.3 0.9890716672 -0.0859846100 -0.1197660938 0.0836305320 0.9961942434 -0.0245543979 0.1214215979 0.0142699564 0.9924984574
-198.4 -270.9 2629.6 0 0 0 0 0 0 0 0 0
165.4 -244.3 2630.2 0 0 0 0 0 0 0 0 0
-90.2 -818.9 2716.7 0 0 0 0 0 0 0 0 0
72.9 -822.5 2710.2 0 0 0 0 0 0 0 0 0
-14.7 435.5 2697.0 7 0.9961906672 -0.0046097231 -0.0870802104 0.0050380700 0.9999762774 0.0046998593 0.0870564803 -0.0051206718 0.9961901903
-13.8 238.0 2698.0 0.9961906672 -0.0046097231 -0.0870802104 0.0050380700 0.9999762774 0.0046998593 0.0870564803 -0.0051206718 0.9961901903
-12.6 43.9 2698.5 0.9961819053 -0.0064387601 -0.0870638266 0.0066148881 0.9999766350 0.0017346184 0.0870506242 -0.0023039130 0.9962012172
-149.9 237.1 2686.1 0.2173779011 -0.6546132565 -0.7240361571 0.9755286574 0.1206032410 0.1838442683 -0.0330257863 -0.7462816834 0.6648104787
-208.0 -23.4 2694.9 -0.0372199342 -0.6568038464 -0.7531423569 0.9684487581 0.1621372700 -0.1892576963 0.2464176267 -0.7364239693 0.6300461292
122.3 238.9 2709.9 0.1946292073 0.6606972218 0.7249818444 -0.9801631570 0.1591935158 0.1180576608 -0.0374120325 -0.7335779667 0.6785748005
169.5 1.2 2700.8 -0.0171664953 0.6615696549 0.7496871948 -0.9633810520 0.1897207052 -0.1894808263 -0.2675859630 -0.7254871726 0.6340868473
-98.7 -150.1 2692.2 0.9970221519 -0.0193100069 -0.0746589005 0.0201882347 0.9997354150 0.0110264029 0.0744262263 -0.0125007993 0.9971481562
