-11.9 437.5 2697.1 4 0.9974624515 0.0117893228 -0.0702114850 -0.0117633315 0.9999305010 0.0007836709 0.0702158436 0.0000442387 0.9975318313
-14.2 240.2 2697.1 0.9974624515 0.0117893228 -0.0702114850 -0.0117633315 0.9999305010 0.0007836709 0.0702158436 0.0000442387 0.9975318313
-16.1 46.1 2697.0 0.9974840283 0.0097540813 -0.0702169910 -0.0097590247 0.9999523163 0.0002726596 0.0702163056 0.0004132758 0.9975317121
-150.4 241.6 2687.5 0.2142422497 -0.6650568843 -0.7154017091 0.9765935540 0.1315121949 0.1702044010 -0.0191115681 -0.7351216674 0.6776657701
-208.1 -21.4 2692.7 -0.0392534621 -0.6673213840 -0.7437347174 0.9633048177 0.1725118309 -0.2056296021 0.2655240595 -0.7245149016 0.6360622048
122.1 238.9 2706.7 0.1933080703 0.6499139667 0.7350128293 -0.9807477593 0.1491279751 0.1260741353 -0.0276736375 -0.7452332973 0.6662293077
169.3 -0.5 2699.9 -0.0378769934 0.6515063047 0.7576970458 -0.9622316957 0.1807772815 -0.2035430670 -0.2695840001 -0.7367897034 0.6200526953
-107.8 -147.9 2690.8 0.9978466034 -0.0338751264 -0.0561661646 0.0338146240 0.9994260669 -0.0020275533 0.0562026128 0.0001239495 0.9984194040
-94.7 -535.9 2690.8 0.9981226921 -0.0170239378 -0.0588330738 0.0218631774 0.9963417053 0.0826146603 0.0572114214 -0.0837458372 0.9948434234
71.0 -149.7 2700.7 0.9939381480 0.0622820742 -0.0905976892 -0.0584213845 0.9972925186 0.0446612276 0.0931339860 -0.0390976518 0.9948856235
46.9 -536.8 2715.9 0.9917244911 -0.0867006630 -0.0946864039 0.0847551376 0.9961033463 -0.0243865699 0.0964317769 0.0161595996 0.9952083826
-198.2 -265.9 2625.3 0 0 0 0 0 0 0 0 0
159.6 -246.2 2631.1 0 0 0 0 0 0 0 0 0
-89.9 -817.4 2714.4 0 0 0 0 0 0 0 0 0
71.9 -824.7 2711.2 0 0 0 0 0 0 0 0 0
-13.6 437.2 2698.0 5 0.9980002046 0.0089212405 -0.0625781119 -0.0089847278 0.9999593496 -0.0007332104 0.0625690296 0.0012939915 0.9980397820
-15.3 239.7 2697.8 0.9980002046 0.0089212405 -0.0625781119 -0.0089847278 0.9999593496 -0.0007332104 0.0625690296 0.0012939915 0.9980397820
-16.7 45.6 2697.5 0.9980134368 0.0072577875 -0.0625823438 -0.0073507973 0.9999721646 -0.0012560809 0.0625714883 0.0017136157 0.9980390072
-151.7 240.7 2689.2 0.2085135132 -0.6704500914 -0.7120525241 0.9779348373 0.1333476603 0.1608163416 -0.0128687872 -0.7298733592 0.6834612489
-207.2 -19.8 2692.7 -0.0356383212 -0.6722960472 -0.7394240499 0.9646331072 0.1702238172 -0.2012629956 0.2611759007 -0.7204456329 0.6424525380
121.0 238.7 2706.3 0.1990362108 0.6439285874 0.7387425900 -0.9796302319 0.1512182653 0.1321273893 -0.0266307667 -0.7499926686 0.6609098315
169.4 0.4 2699.9 -0.0406334586 0.6454048753 0.7627591491 -0.9625023007 0.1796369702 -0.2032730579 -0.2682131529 -0.7424170971 0.6139043570
-107.3 -147.1 2690.7 0.9981700182 -0.0361009538 -0.0485111587 0.0359612219 0.9993461370 -0.0037504376 0.0486148335 0.0019990541 0.9988155961
-93.3 -535.1 2689.9 0.9985381961 -0.0163135957 -0.0515296012 0.0206684247 0.9961544275 0.0851423591 0.0499424636 -0.0860829279 0.9950354099
71.4 -148.8 2703.2 0.9944315553 0.0649178550 -0.0830156580 -0.0613929071 0.9971286058 0.0443338864 0.0856553465 -0.0389904417 0.9955615997
46.2 -536.0 2718.4 0.9921464920 -0.0894512311 -0.0874286890 0.0874199122 0.9958109856 -0.0268007126 0.0894597992 0.0189472251 0.9958102107
-198.2 -264.6 2626.4 0 0 0 0 0 0 0 0 0
159.1 -245.4 2631.4 0 0 0 0 0 0 0 0 0
-88.6 -820.7 2714.6 0 0 0 0 0 0 0 0 0
71.6 -818.8 2713.0 0 0 0 0 0 0 0 0 0
-13.1 437.1 2706.5 6 0.9989451766 0.0127494596 -0.0441127308 -0.0140093742 0.9994992614 -0.0283709969 0.0437289290 0.0289590638 0.9986236095
-15.6 239.1 2700.8 0.9989451766 0.0127494596 -0.0441127308 -0.0140093742 0.9994992614 -0.0283709969 0.0437289290 0.0289590638 0.9986236095
-17.6 45.1 2696.2 0.9989816546 0.0097327530 -0.0440557748 -0.0107672932 0.9996703863 -0.0233064499 0.0438144170 0.0237570778 0.9987571836
-152.1 240.6 2694.8 0.2156402320 -0.6822547913 -0.6985897422 0.9764365554 0.1568304747 0.1482424587 0.0084210336 -0.7140956521 0.6999974847
-209.8 -20.8 2692.5 -0.0440435670 -0.6825423241 -0.7295177579 0.9639265537 0.1628364474 -0.2105466574 0.2624990940 -0.7124747634 0.6507487893
120.8 237.7 2706.7 0.2008853704 0.6340788007 0.7467189431 -0.9793490767 0.1477442831 0.1380109489 -0.0228136405 -0.7590228915 0.6506641507
169.4 0.9 2701.2 -0.0300883129 0.6361488104 0.7709795237 -0.9614942670 0.1923813224 -0.1962605715 -0.2731729746 -0.7471975088 0.6058650017
-107.5 -147.8 2691.5 0.9989520907 -0.0342473984 -0.0303616133 0.0338172130 0.9993218184 -0.0145709487 0.0308400393 0.0135289347 0.9994327426
-94.3 -535.8 2686.3 0.9992662072 -0.0173658058 -0.0341384336 0.0207605716 0.9945938587 0.1017450020 0.0321869925 -0.1023790836 0.9942246079
71.3 -149.1 2702.7 0.9959492087 0.0634451434 -0.0637168884 -0.0614266917 0.9975607991 0.0331548676 0.0656649843 -0.0291066468 0.9974170923
46.6 -536.4 2714.0 0.9940633774 -0.0859035701 -0.0667727143 0.0850072727 0.9962493181 -0.0161556862 0.0679101050 0.0103836097 0.9976373911
-198.6 -265.5 2625.9 0 0 0 0 0 0 0 0 0
161.7 -244.6 2631.5 0 0 0 0 0 0 0 0 0
-89.3 -819.9 2715.5 0 0 0 0 0 0 0 0 0
71.0 -818.9 2711.1 0 0 0 0 0 0 0 0 0
-11.6 437.8 2710.2 7 0.9982009530 0.0145538971 -0.0581641048 -0.0166753232 0.9992070198 -0.0361557491 0.0575917736 0.0370606072 0.9976521134
-14.5 240.7 2702.9 0.9982009530 0.0145538971 -0.0581641048 -0.0166753232 0.9992070198 -0.0361557491 0.0575917736 0.0370606072 0.9976521134
-16.8 46.7 2696.7 0.9982433319 0.0116142994 -0.0580978654 -0.0134378839 0.9994260669 -0.0310965776 0.0577033535 0.0318226628 0.9978264570
-150.9 242.5 2695.0 0.2139406502 -0.6749575734 -0.7061597705 0.9768425822 0.1499177963 0.1526540965 0.0028308709 -0.7224658728 0.6914008260
-208.3 -19.9 2694.3 -0.0380936824 -0.6764918566 -0.7354642749 0.9597356915 0.1802159101 -0.2154754102 0.2783097029 -0.7140595317 0.6423882842
121.9 238.8 2710.8 0.1943670958 0.6427797675 0.7409828305 -0.9798147082 0.1632119268 0.1154337451 -0.0467387550 -0.7484624386 0.6615281105
169.2 0.1 2699.4 -0.0237620492 0.6432772875 0.7652644515 -0.9669148922 0.1796911061 -0.1810708344 -0.2539899647 -0.7442482710 0.6177245378
-109.0 -148.0 2687.6 0.9980509877 -0.0423868708 -0.0457995683 0.0431234576 0.9989538789 0.0152158486 0.0451067053 -0.0171612278 0.9988347888
-92.5 -535.6 2694.3 0.9988198876 -0.0059408639 -0.0482037067 0.0094883721 0.9972351193 0.0737025589 0.0476325713 -0.0740729570 0.9961146116
70.0 -149.8 2695.5 0.9953297377 0.0594240353 -0.0760757849 -0.0557249300 0.9972005486 0.0498581678 0.0788255855 -0.0453859977 0.9958547354
46.9 -536.9 2713.1 0.9926023483 -0.0915247425 -0.0797731355 0.0906127542 0.9957734346 -0.0149858408 0.0808075517 0.0076465169 0.9967004061
-198.7 -263.5 2623.6 0 0 0 0 0 0 0 0 0
163.2 -246.7 2634.6 0 0 0 0 0 0 0 0 0
-90.9 -814.0 2715.0 0 0 0 0 0 0 0 0 0
73.0 -821.3 2710.9 0 0 0 0 0 0 0 0 0
-8.9 435.6 2705.6 8 0.9969465733 0.0182399768 -0.0759267062 -0.0201194193 0.9995079637 -0.0240624603 0.0754504502 0.0255165882 0.9968230128
-12.5 238.1 2700.6 0.9969465733 0.0182399768 -0.0759267062 -0.0201194193 0.9995079637 -0.0240624603 0.0754504502 0.0255165882 0.9968230128
-15.3 44.1 2695.9 0.9970127344 0.0142645463 -0.0759089068 -0.0160503499 0.9996073842 -0.0229677614 0.0755514801 0.0241175145 0.9968501925
-148.7 240.3 2690.2 0.2214494497 -0.6628644466 -0.7152418494 0.9750776291 0.1403171867 0.1718567312 -0.0135569954 -0.7354738712 0.6774173975
-207.3 -17.9 2693.8 -0.0353753641 -0.6649923921 -0.7460118532 0.9612053037 0.1816918105 -0.2075391263 0.2735561728 -0.7244123220 0.6327667832
123.6 235.9 2710.9 0.1900284439 0.6540864110 0.7321612835 -0.9802786708 0.1676152945 0.1046844944 -0.0542487241 -0.7376151085 0.6730386615
169.3 0.5 2697.9 -0.0208079852 0.6541813612 0.7560514212 -0.9694166780 0.1717610806 -0.1752982736 -0.2445370704 -0.7365764380 0.6306002736
-108.4 -146.1 2685.4 0.9973110557 -0.0366538391 -0.0634599105 0.0381635875 0.9990126491 0.0227437411 0.0625636131 -0.0251044426 0.9977251887
-94.2 -533.8 2695.1 0.9977869987 -0.0136779696 -0.0650694892 0.0181344710 0.9974932671 0.0683985204 0.0639708266 -0.0694271550 0.9955338240
70.4 -148.5 2695.7 0.9935110807 0.0636910424 -0.0942296758 -0.0593708418 0.9970830083 0.0479643494 0.0970097035 -0.0420586169 0.9943943620
45.7 -535.6 2712.1 0.9904442430 -0.0974141434 -0.0976253822 0.0971416458 0.9952419400 -0.0075519099 0.0978965387 -0.0020037447 0.9951945543
-198.4 -261.8 2624.4 0 0 0 0 0 0 0 0 0
164.0 -247.0 2635.4 0 0 0 0 0 0 0 0 0
-90.3 -820.6 2715.1 0 0 0 0 0 0 0 0 0
73.7 -822.5 2712.6 0 0 0 0 0 0 0 0 0
-9.6 437.9 2711.3 9 0.9963924885 0.0157154780 -0.0833970755 -0.0190816969 0.9990285635 -0.0397213809 0.0826918259 0.0411694422 0.9957244396
-12.7 241.0 2703.2 0.9963924885 0.0157154780 -0.0833970755 -0.0190816969 0.9990285635 -0.0397213809 0.0826918259 0.0411694422 0.9957244396
-14.9 47.1 2695.9 0.9964525700 0.0116230389 -0.0833496451 -0.0146880355 0.9992346764 -0.0362543501 0.0828644633 0.0373499840 0.9958606362
-148.8 243.0 2691.9 0.2199158370 -0.6573510170 -0.7207819819 0.9755166173 0.1497655213 0.1610515267 0.0020809053 -0.7385526299 0.6741926670
-208.3 -20.9 2691.3 -0.0380252525 -0.6584522128 -0.7516613007 0.9643542171 0.1729410142 -0.2002806365 0.2618682981 -0.7324835062 0.6284050345
123.5 239.0 2714.5 0.1856056601 0.6597279310 0.7282235622 -0.9802194834 0.1761266142 0.0902726129 -0.0687041953 -0.7305740714 0.6793682575
169.3 -2.9 2697.5 -0.0196673665 0.6597282290 0.7512468696 -0.9677637219 0.1761423498 -0.1800199896 -0.2510906756 -0.7305699587 0.6349968314
-107.4 -148.5 2684.4 0.9969395399 -0.0322016701 -0.0712366551 0.0333901569 0.9993213415 0.0155559219 0.0706873834 -0.0178869162 0.9973381162
-94.9 -536.4 2691.4 0.9971593618 -0.0181488488 -0.0731016472 0.0238352902 0.9966931343 0.0776829123 0.0714500546 -0.0792046413 0.9942944646
71.2 -151.4 2698.0 0.9929847717 0.0612315685 -0.1011532843 -0.0568560958 0.9973409772 0.0455893762 0.1036758199 -0.0395183749 0.9938257337
47.4 -538.6 2713.3 0.9905114174 -0.0889756605 -0.1047397107 0.0877720267 0.9960111976 -0.0160546377 0.1057503968 0.0067090848 0.9943700433
-198.6 -265.6 2624.8 0 0 0 0 0 0 0 0 0
164.3 -250.0 2633.4 0 0 0 0 0 0 0 0 0
-89.7 -820.8 2714.0 0 0 0 0 0 0 0 0 0
72.4 -817.7 2711.4 0 0 0 0 0 0 0 0 0
-8.8 424.9 2706.1 0 0.9980956912 0.0151241822 -0.0598018430 -0.0168726053 0.9994416237 -0.0288408715 0.0593322553 0.0297949631 0.9977935553
-11.7 228.9 2700.3 0.9980956912 0.0151241822 -0.0598018430 -0.0168726053 0.9994416237 -0.0288408715 0.0593322553 0.0297949631 0.9977935553
-14.1 34.9 2695.5 0.9981369376 0.0124516338 -0.0597297736 -0.0138834203 0.9996246696 -0.0236162655 0.0594132952 0.0244015213 0.9979351759
-148.1 230.8 2692.2 0.2324010283 -0.6709914804 -0.7041024566 0.9726058841 0.1564170420 0.1719637811 -0.0052526067 -0.7247787118 0.6889616847
-207.4 -17.7 2693.5 -0.0355275944 -0.6716895700 -0.7399803400 0.9637964964 0.1727667749 -0.2030959576 0.2642614543 -0.7204059362 0.6412340999
124.6 227.0 2708.4 0.1930270940 0.6424840093 0.7415893674 -0.9798782468 0.1653437316 0.1118035838 -0.0507851392 -0.7482484579 0.6614719629
169.1 0.9 2696.7 -0.0180099774 0.6427112818 0.7658967376 -0.9696312547 0.1756413281 -0.1701922566 -0.2439076006 -0.7457025647 0.6200296283
-106.4 -145.6 2681.3 0.9984814525 -0.0283215120 -0.0472512804 0.0291610975 0.9994271398 0.0171746854 0.0467377976 -0.0185265038 0.9987353683
-95.4 -533.5 2688.4 0.9985932708 -0.0198492017 -0.0491674617 0.0241781007 0.9957313538 0.0890754908 0.0471895039 -0.0901389644 0.9948105812
72.1 -148.2 2696.1 0.9948077202 0.0648619756 -0.0784252733 -0.0614845529 0.9971047044 0.0447416566 0.0811002403 -0.0396874025 0.9959154725
46.9 -535.3 2711.5 0.9928714633 -0.0869362205 -0.0815373659 0.0868483856 0.9962107539 -0.0046299640 0.0816309154 -0.0024844292 0.9966595173
-198.4 -262.4 2626.4 0 0 0 0 0 0 0 0 0
164.5 -246.7 2634.4 0 0 0 0 0 0 0 0 0
-89.7 -818.6 2714.2 0 0 0 0 0 0 0 0 0
72.1 -823.7 2712.2 0 0 0 0 0 0 0 0 0
-10.4 429.4 2710.0 1 0.9989978671 0.0119130006 -0.0431439281 -0.0135224992 0.9992160797 -0.0372076742 0.0426668525 0.0377537981 0.9983757734
-12.7 233.0 2702.6 0.9989978671 0.0119130006 -0.0431439281 -0.0135224992 0.9992160797 -0.0372076742 0.0426668525 0.0377537981 0.9983757734
-14.4 39.0 2696.2 0.9990343451 0.0085551282 -0.0430951193 -0.0099578891 0.9994240403 -0.0324415490 0.0427927561 0.0328393579 0.9985440969
-149.2 234.3 2696.8 0.2153536528 -0.6829189658 -0.6980289817 0.9764004350 0.1624966860 0.1422567368 0.0162775703 -0.7121913433 0.7017966509
-207.0 -27.7 2692.4 -0.0309453718 -0.6836208701 -0.7291809916 0.9608650208 0.1805771738 -0.2100722045 0.2752831876 -0.7071452141 0.6512793303
123.7 231.6 2708.5 0.1838824600 0.6342644095 0.7509300113 -0.9821699262 0.1489550918 0.1146936566 -0.0391087420 -0.7586310506 0.6503456235
169.2 -10.9 2698.8 -0.0200072303 0.6361109018 0.7713382244 -0.9618706703 0.1982371509 -0.1884324849 -0.2727718651 -0.7456976771 0.6078902483
-105.9 -157.9 2685.5 0.9991573691 -0.0273780208 -0.0305777192 0.0274418537 0.9996219873 0.0016697448 0.0305204466 -0.0025074470 0.9995309711
-95.3 -545.9 2686.5 0.9992213249 -0.0212406833 -0.0332508795 0.0246358924 0.9941377640 0.1052767336 0.0308198053 -0.1060139164 0.9938868880
72.9 -160.4 2696.1 0.9959814548 0.0651429892 -0.0614596345 -0.0623508506 0.9969795346 0.0463056900 0.0642904863 -0.0422875471 0.9970348477
47.6 -547.4 2712.6 0.9938878417 -0.0896109119 -0.0644734055 0.0897382349 0.9959649444 -0.0009241230 0.0642960668 -0.0048672552 0.9979190230
-199.1 -271.6 2622.5 0 0 0 0 0 0 0 0 0
164.0 -256.4 2629.2 0 0 0 0 0 0 0 0 0
-89.3 -824.1 2716.1 0 0 0 0 0 0 0 0 0
72.3 -822.2 2713.9 0 0 0 0 0 0 0 0 0
-12.0 437.5 2712.5 2 0.9981852174 0.0070488858 -0.0598049648 -0.0094007039 0.9991897345 -0.0391350351 0.0594806485 0.0396262221 0.9974426627
-13.4 240.7 2704.7 0.9981852174 0.0070488858 -0.0598049648 -0.0094007039 0.9991897345 -0.0391350351 0.0594806485 0.0396262221 0.9974426627
-14.1 46.7 2697.7 0.9982033968 0.0039555337 -0.0597861297 -0.0060991147 0.9993434548 -0.0357143022 0.0596056096 0.0360147804 0.9975721240
-149.7 241.6 2696.6 0.2089056224 -0.6730138063 -0.7095145583 0.9778224826 0.1547976732 0.1410705894 0.0148887541 -0.7232496738 0.6904261112
-206.6 -24.9 2692.5 -0.0324709639 -0.6742828488 -0.7377589345 0.9603186846 0.1835331023 -0.2100085616 0.2770083547 -0.7153028846 0.6415669322
123.0 239.9 2712.8 0.1847305894 0.6462661028 0.7404152155 -0.9818497300 0.1542934775 0.1102935523 -0.0429622568 -0.7473510504 0.6630389094
169.3 -6.3 2702.1 -0.0169493333 0.6479173303 0.7615220547 -0.9599758983 0.2024141252 -0.1935840994 -0.2795693278 -0.7343239784 0.6185542345
-105.5 -154.1 2686.0 0.9985446930 -0.0258203931 -0.0473480038 0.0256473757 0.9996619821 -0.0042581270 0.0474419445 0.0030375780 0.9988693595
-95.5 -542.2 2684.9 0.9985594153 -0.0194118321 -0.0500221811 0.0249059666 0.9934337735 0.1116648242 0.0475261062 -0.1127498150 0.9924861193
73.4 -155.9 2693.7 0.9949345589 0.0641590431 -0.0773878172 -0.0596175008 0.9964383841 0.0596350022 0.0809383169 -0.0547192544 0.9952159524
48.5 -542.7 2714.9 0.9925896525 -0.0899554119 -0.0816935375 0.0894083828 0.9959414005 -0.0103372494 0.0822918713 0.0029565596 0.9966039062
-198.4 -268.7 2622.2 0 0 0 0 0 0 0 0 0
165.0 -251.4 2630.7 0 0 0 0 0 0 0 0 0
-90.1 -820.1 2716.4 0 0 0 0 0 0 0 0 0
73.9 -823.4 2714.1 0 0 0 0 0 0 0 0 0
-12.7 439.4 2714.2 3 0.9974711537 0.0070706592 -0.0707202330 -0.0100210700 0.9990902543 -0.0414520837 0.0703627989 0.0420559496 0.9966345429
-14.1 242.8 2706.0 0.9974711537 0.0070706592 -0.0707202330 -0.0100210700 0.9990902543 -0.0414520837 0.0703627989 0.0420559496 0.9966345429
-14.6 48.8 2698.5 0.9974935055 0.0027929377 -0.0707028583 -0.0054865894 0.9992652535 -0.0379327163 0.0705449656 0.0382255577 0.9967759252
-150.3 243.6 2696.3 0.2139861733 -0.6659412384 -0.7146552801 0.9767998457 0.1522290856 0.1506265104 0.0084829191 -0.7303071618 0.6830661893
-208.1 -20.3 2694.0 -0.0375860073 -0.6672647595 -0.7438716292 0.9612208009 0.1793767661 -0.2094719559 0.2732065320 -0.7228981256 0.6346467137
122.2 242.1 2715.6 0.1923681051 0.6514060497 0.7339377999 -0.9796243310 0.1714586020 0.1045855582 -0.0577122793 -0.7391022444 0.6711164117
169.4 1.5 2701.4 -0.0185758565 0.6520707011 0.7579305768 -0.9617851377 0.1954648942 -0.1917364448 -0.2731745243 -0.7325280309 0.6235209703
-104.3 -146.7 2685.4 0.9980281591 -0.0228576362 -0.0584578589 0.0228823107 0.9997381568 -0.0002473323 0.0584482066 -0.0010908063 0.9982898235
-95.4 -534.8 2685.8 0.9980050325 -0.0181491077 -0.0604700111 0.0241992529 0.9946050048 0.1008728519 0.0583130233 -0.1021349356 0.9930599332
74.5 -147.8 2696.1 0.9937584400 0.0680541545 -0.0883900970 -0.0631804615 0.9963835478 0.0568154678 0.0919369757 -0.0508763194 0.9944642782
48.1 -534.6 2715.8 0.9917792678 -0.0872128382 -0.0936362743 0.0852780342 0.9960564971 -0.0244768355 0.0954017118 0.0162905008 0.9953055382
-198.6 -264.3 2624.7 0 0 0 0 0 0 0 0 0
164.7 -244.1 2631.7 0 0 0 0 0 0 0 0 0
-90.2 -820.9 2715.2 0 0 0 0 0 0 0 0 0
73.2 -821.7 2711.1 0 0 0 0 0 0 0 0 0
-14.5 438.1 2716.1 4 0.9976997375 0.0032584432 -0.0677101761 -0.0063537569 0.9989418983 -0.0455492251 0.0674901083 0.0458746627 0.9966647625
-15.1 242.0 2707.1 0.9976997375 0.0032584432 -0.0677101761 -0.0063537569 0.9989418983 -0.0455492251 0.0674901083 0.0458746627 0.9966647625
-15.1 48.1 2699.1 0.9977054596 -0.0001683740 -0.0677036792 -0.0026372180 0.9991413355 -0.0413477719 0.0676525086 0.0414314494 0.9968483448
-151.4 242.4 2697.9 0.2107352912 -0.6692716479 -0.7125068903 0.9775225520 0.1490084827 0.1491513401 0.0063468111 -0.7279230356 0.6856294870
-207.5 -17.7 2696.2 -0.0360642709 -0.6710513830 -0.7405332327 0.9593099356 0.1844044477 -0.2138211578 0.2800425887 -0.7181121707 0.6370958090
121.2 241.7 2716.3 0.1991454661 0.6478042603 0.7353167534 -0.9778697491 0.1804605722 0.1058526114 -0.0641239136 -0.7401240468 0.6694060564
169.5 4.6 2700.8 -0.0128970947 0.6479500532 0.7615736723 -0.9657456279 0.1893380731 -0.1774443239 -0.2591699362 -0.7377749085 0.6233130097
-104.5 -144.6 2684.8 0.9981601238 -0.0237004608 -0.0558089465 0.0240714680 0.9996923208 0.0059848931 0.0556499287 -0.0073172851 0.9984235168
-95.3 -532.7 2687.7 0.9982116222 -0.0152496826 -0.0578018203 0.0210207291 0.9947060347 0.1005882546 0.0559618808 -0.1016233936 0.9932476878
74.2 -145.6 2697.5 0.9938974977 0.0689363778 -0.0861137211 -0.0650619790 0.9967728853 0.0470189601 0.0890771374 -0.0411292985 0.9951751828
47.4 -532.6 2713.4 0.9921332598 -0.0860918090 -0.0908833817 0.0841172114 0.9961335063 -0.0253450796 0.0927139819 0.0175008401 0.9955389500
-198.3 -261.2 2625.1 0 0 0 0 0 0 0 0 0
166.2 -242.0 2634.6 0 0 0 0 0 0 0 0 0
-90.9 -819.1 2716.9 0 0 0 0 0 0 0 0 0
72.6 -824.1 2708.3 0 0 0 0 0 0 0 0 0
-14.4 438.9 2716.0 5 0.9972295165 0.0012393899 -0.0743754730 -0.0047200629 0.9989005327 -0.0466411710 0.0742358938 0.0468630083 0.9961389899
-14.6 242.6 2706.8 0.9972295165 0.0012393899 -0.0743754730 -0.0047200629 0.9989005327 -0.0466411710 0.0742358938 0.0468630083 0.9961389899
-14.6 48.7 2698.9 0.9972305894 0.0000969420 -0.0743713900 -0.0031204785 0.9991730452 -0.0405394435 0.0743059590 0.0406592488 0.9964062572
-150.9 243.1 2696.7 0.2104011923 -0.6654036641 -0.7162187099 0.9776148200 0.1437894106 0.1536029577 0.0007766945 -0.7325043082 0.6807619929
-207.1 -18.1 2696.5 -0.0294767320 -0.6671731472 -0.7443192005 0.9619646072 0.1833828837 -0.2024718672 0.2715792060 -0.7219769359 0.6363914013
121.6 242.2 2717.0 0.1964771748 0.6532346010 0.7312190533 -0.9785705209 0.1775014997 0.1043690741 -0.0616149940 -0.7360555530 0.6741111279
169.4 4.0 2702.0 -0.0100818565 0.6535056829 0.7568544745 -0.9642223120 0.1941599846 -0.1804914922 -0.2649030685 -0.7315956950 0.6281672716
-104.4 -145.7 2685.0 0.9977840781 -0.0230890550 -0.0624006428 0.0233928729 0.9997177720 0.0041425363 0.0622873865 -0.0055930871 0.9980425835
-95.5 -533.8 2687.1 0.9977508783 -0.0188962221 -0.0643130988 0.0252315849 0.9947507381 0.0991680473 0.0621016063 -0.1005677283 0.9929901958
74.3 -146.1 2697.1 0.9932861328 0.0697076619 -0.0923226327 -0.0649530813 0.9964507818 0.0535432994 0.0957273394 -0.0471871793 0.9942885041
47.3 -533.0 2715.4 0.9912319183 -0.0898044631 -0.0969248936 0.0887114778 0.9959362149 -0.0155364294 0.0979262516 0.0068018544 0.9951704144
-199.6 -262.3 2627.5 0 0 0 0 0 0 0 0 0
166.9 -242.2 2634.3 0 0 0 0 0 0 0 0 0
-90.1 -818.0 2715.9 0 0 0 0 0 0 0 0 0
73.6 -825.3 2713.4 0 0 0 0 0 0 0 0 0
-12.5 438.2 2705.5 6 0.9976049066 0.0062701544 -0.0688850284 -0.0073372321 0.9998568296 -0.0152486265 0.0687795505 0.0157175306 0.9975080490
-13.8 241.2 2702.4 0.9976049066 0.0062701544 -0.0688850284 -0.0073372321 0.9998568296 -0.0152486265 0.0687795505 0.0157175306 0.9975080490
-14.6 47.1 2699.4 0.9976155162 0.0042789225 -0.0688836351 -0.0053232862 0.9998735785 -0.0149848610 0.0688108057 0.0153158177 0.9975121617
-150.1 241.9 2693.0 0.2231280208 -0.6651930809 -0.7125532031 0.9747380018 0.1447644532 0.1700856090 -0.0099873906 -0.7325035334 0.6806899309
-209.7 -18.6 2695.7 -0.0437896810 -0.6664432287 -0.7442687154 0.9637572765 0.1680599749 -0.2071900219 0.2631621659 -0.7263671756 0.6349301934
122.5 240.4 2711.8 0.1946736872 0.6486802697 0.7357418537 -0.9799227118 0.1615444273 0.1168541312 -0.0430540331 -0.7437185645 0.6671049595
169.4 4.5 2701.4 -0.0136173926 0.6492466927 0.7604559660 -0.9664616585 0.1865087450 -0.1765399575 -0.2564496696 -0.7373555899 0.6249322891
-104.0 -145.0 2684.4 0.9980731606 -0.0259003974 -0.0563839152 0.0267546773 0.9995375872 0.0144492406 0.0559836030 -0.0159299336 0.9983046055
-93.9 -533.1 2690.6 0.9981887937 -0.0155101605 -0.0581254140 0.0205667485 0.9959581494 0.0874321088 0.0565343909 -0.0884692073 0.9944732785
74.7 -145.6 2697.7 0.9937083125 0.0683922395 -0.0886924118 -0.0643254668 0.9967772365 0.0479306057 0.0916846618 -0.0419238582 0.9949051738
48.1 -532.6 2714.0 0.9919658899 -0.0861150026 -0.0926706493 0.0853204504 0.9962750077 -0.0125093954 0.0934027061 0.0045021926 0.9956182241
-198.6 -263.2 2628.9 0 0 0 0 0 0 0 0 0
165.9 -242.3 2636.0 0 0 0 0 0 0 0 0 0
-89.5 -816.9 2715.8 0 0 0 0 0 0 0 0 0
73.2 -822.3 2712.7 0 0 0 0 0 0 0 0 0
-14.2 438.7 2710.7 7 0.9986027479 0.0063443258 -0.0524619259 -0.0078843776 0.9995424747 -0.0292009618 0.0522526614 0.0295737907 0.9981958866
-15.5 242.0 2704.9 0.9986027479 0.0063443258 -0.0524619259 -0.0078843776 0.9995424747 -0.0292009618 0.0522526614 0.0295737907 0.9981958866
-16.2 48.0 2699.7 0.9986166358 0.0037203482 -0.0524498783 -0.0051321513 0.9996274114 -0.0268082526 0.0523306020 0.0270403475 0.9982636571
-151.9 242.7 2697.8 0.2103113830 -0.6777329445 -0.7045900822 0.9776123762 0.1506379098 0.1469091475 0.0065728091 -0.7197126150 0.6942409873
-208.2 -19.0 2696.0 -0.0392957516 -0.6790966392 -0.7329962850 0.9601244926 0.1775440425 -0.2159606814 0.2767972946 -0.7122540474 0.6450406313
121.0 241.3 2712.1 0.1989105940 0.6391929984 0.7428774238 -0.9794174433 0.1561807245 0.1278634667 -0.0342937112 -0.7530205250 0.6571027637
169.5 2.4 2703.7 -0.0165204685 0.6406389475 0.7676644921 -0.9613788724 0.2007820308 -0.1882478744 -0.2747321725 -0.7411263585 0.6125797033
-104.8 -146.4 2690.3 0.9987624884 -0.0298360754 -0.0397899933 0.0297222268 0.9995522499 -0.0034498747 0.0398751087 0.0022629581 0.9992021322
-93.2 -534.4 2689.4 0.9989923239 -0.0154334996 -0.0421443954 0.0187759418 0.9966098070 0.0801018625 0.0407652669 -0.0808124468 0.9958953261
74.0 -147.4 2702.6 0.9949604273 0.0693250969 -0.0724412799 -0.0669458061 0.9971504211 0.0347746313 0.0746456087 -0.0297497418 0.9967662692
47.1 -534.5 2714.2 0.9932744503 -0.0875718892 -0.0757429600 0.0867559835 0.9961311817 -0.0140024684 0.0766761452 0.0073371399 0.9970290661
-198.2 -262.7 2625.8 0 0 0 0 0 0 0 0 0
165.3 -243.1 2633.6 0 0 0 0 0 0 0 0 0
-88.9 -815.8 2712.2 0 0 0 0 0 0 0 0 0
72.4 -823.0 2712.1 0 0 0 0 0 0 0 0 0
-13.7 440.4 2722.9 8 0.9985913038 0.0095408438 -0.0521960892 -0.0128226979 0.9979370236 -0.0629065037 0.0514882319 0.0634871796 0.9966535568
-15.5 243.5 2710.3 0.9985913038 0.0095408438 -0.0521960892 -0.0128226979 0.9979370236 -0.0629065037 0.0514882319 0.0634871796 0.9966535568
-16.9 49.8 2699.6 0.9986158013 0.0070116529 -0.0521282963 -0.0098674400 0.9984524250 -0.0547299460 0.0516638793 0.0551685579 0.9971395731
-152.0 244.9 2703.3 0.2057122886 -0.6797076464 -0.7040454149 0.9782313704 0.1629016697 0.1285551935 0.0273102242 -0.7151647210 0.6984222531
-207.3 -18.5 2695.9 -0.0358861946 -0.6802231669 -0.7321261168 0.9618772864 0.1752372235 -0.2099618167 0.2711166441 -0.7117502093 0.6480026245
120.9 242.2 2717.4 0.1988601536 0.6385124326 0.7434759736 -0.9778696299 0.1795964837 0.1073131040 -0.0650049150 -0.7483628392 0.6600965261
169.4 3.9 2701.5 -0.0164559260 0.6386674643 0.7693068981 -0.9663209319 0.1874630749 -0.1762993038 -0.2568132579 -0.7462985516 0.6140728593
-106.4 -145.6 2689.7 0.9985488057 -0.0356422327 -0.0403716452 0.0356732272 0.9993634820 0.0000473727 0.0403442606 -0.0014874908 0.9991847277
-92.5 -533.5 2690.3 0.9990123510 -0.0109286187 -0.0430685431 0.0143193100 0.9967540503 0.0792230666 0.0420629457 -0.0797615349 0.9959260821
72.5 -146.5 2699.1 0.9952684045 0.0675116777 -0.0698779821 -0.0651183575 0.9972286224 0.0359817557 0.0721135065 -0.0312611684 0.9969063997
46.3 -533.6 2711.2 0.9933184385 -0.0895800665 -0.0727588385 0.0892640203 0.9959790707 -0.0075905262 0.0731462464 0.0010450634 0.9973206520
-198.2 -262.6 2627.1 0 0 0 0 0 0 0 0 0
165.2 -242.8 2636.0 0 0 0 0 0 0 0 0 0
-89.4 -817.2 2713.0 0 0 0 0 0 0 0 0 0
72.8 -828.5 2710.9 0 0 0 0 0 0 0 0 0
-12.8 441.6 2718.4 9 0.9979841113 0.0137121603 -0.0619653687 -0.0169494525 0.9985020161 -0.0520236380 0.0611591898 0.0529690422 0.9967215657
-15.5 243.8 2707.9 0.9979841113 0.0137121603 -0.0619653687 -0.0169494525 0.9985020161 -0.0520236380 0.0611591898 0.0529690422 0.9967215657
-17.6 50.0 2698.8 0.9980230927 0.0109011466 -0.0618956946 -0.0137857208 0.9988292456 -0.0463696904 0.0613177456 0.0471313000 0.9970049262
-151.8 245.7 2699.5 0.2063941658 -0.6747614145 -0.7085890770 0.9784432054 0.1475811303 0.1444602013 0.0070982059 -0.7231298685 0.6906756163
-207.1 -16.2 2697.6 -0.0346838050 -0.6763978004 -0.7357194424 0.9602637887 0.1814334840 -0.2120737880 0.2769303918 -0.7138403058 0.6432275176
120.9 241.9 2716.3 0.2012044489 0.6455646157 0.7367246151 -0.9779798388 0.1749478132 0.1137925610 -0.0554279089 -0.7433973551 0.6665494442
169.5 5.3 2702.9 -0.0125681860 0.6458836198 0.7633324265 -0.9650980234 0.1918740571 -0.1782419235 -0.2615872324 -0.7389307618 0.6209294796
-107.7 -143.0 2684.3 0.9981012940 -0.0360775329 -0.0499217398 0.0365465693 0.9992956519 0.0085144490 0.0495794006 -0.0103227505 0.9987168312
-93.7 -531.0 2688.3 0.9984773397 -0.0173956770 -0.0523485206 0.0215144660 0.9966285825 0.0791746974 0.0507947356 -0.0801803917 0.9954853058
71.2 -144.8 2693.5 0.9949972034 0.0611869134 -0.0789727420 -0.0574775115 0.9971718788 0.0484206080 0.0817121118 -0.0436392128 0.9957001209
47.4 -531.9 2710.5 0.9933438897 -0.0808736533 -0.0820206031 0.0808985829 0.9967177510 -0.0030247786 0.0819960162 -0.0036307049 0.9966260195
-198.3 -259.9 2627.3 0 0 0 0 0 0 0 0 0
166.3 -241.1 2636.1 0 0 0 0 0 0 0 0 0
-88.7 -817.6 2711.4 0 0 0 0 0 0 0 0 0
71.3 -825.8 2711.6 0 0 0 0 0 0 0 0 0
-12.1 440.0 2716.2 0 0.9975391030 0.0147144068 -0.0685505420 -0.0179245602 0.9987596869 -0.0464517549 0.0677820146 0.0475661829 0.9965656400
-15.0 242.7 2706.8 0.9975391030 0.0147144068 -0.0685505420 -0.0179245602 0.9987596869 -0.0464517549 0.0677820146 0.0475661829 0.9965656400
-17.3 48.8 2698.9 0.9975805879 0.0120731331 -0.0684630647 -0.0148316137 0.9990925193 -0.0399274193 0.0679188818 0.0408462398 0.9968543649
-151.3 244.8 2697.5 0.2094946951 -0.6697285175 -0.7124434710 0.9778091311 0.1443393528 0.1518403143 0.0011418323 -0.7284434438 0.6851049662
-206.9 -14.8 2697.2 -0.0286334623 -0.6711984873 -0.7407244444 0.9633440971 0.1792107671 -0.1996287107 0.2667362988 -0.7192885876 0.6414636970
121.3 240.7 2716.1 0.2012937963 0.6529433131 0.7301683426 -0.9790225625 0.1581229270 0.1284989417 -0.0315538347 -0.7407172918 0.6710754037
169.8 4.8 2708.5 -0.0114509398 0.6545996666 0.7558889389 -0.9570603967 0.2118064016 -0.1979227811 -0.2896623015 -0.7256978154 0.6240660548
-109.1 -142.6 2684.1 0.9977394938 -0.0369496942 -0.0561309159 0.0373941138 0.9992768764 0.0068876329 0.0558358282 -0.0089710290 0.9983996749
-94.8 -530.6 2687.6 0.9980601072 -0.0205479879 -0.0587692410 0.0253737364 0.9962611198 0.0825831965 0.0568525903 -0.0839141831 0.9948498607
69.7 -145.1 2695.1 0.9950500727 0.0502349101 -0.0857427046 -0.0461766645 0.9977466464 0.0486761071 0.0879947320 -0.0444758534 0.9951275587
50.2 -532.4 2712.4 0.9937416315 -0.0687756464 -0.0880200788 0.0691747218 0.9976034760 0.0014880942 0.0877067894 -0.0075675459 0.9961175919
-199.6 -259.3 2629.5 0 0 0 0 0 0 0 0 0
166.9 -239.5 2634.5 0 0 0 0 0 0 0 0 0
-88.8 -819.8 2712.0 0 0 0 0 0 0 0 0 0
70.4 -825.9 2714.6 0 0 0 0 0 0 0 0 0
-13.0 440.1 2716.1 1 0.9966883659 0.0074223466 -0.0809767917 -0.0116353650 0.9985958934 -0.0516803414 0.0804795027 0.0524513870 0.9953752756
-14.5 242.7 2705.7 0.9966883659 0.0074223466 -0.0809767917 -0.0116353650 0.9985958934 -0.0516803414 0.0804795027 0.0524513870 0.9953752756
-15.7 48.8 2697.1 0.9966999292 0.0064194035 -0.0809199736 -0.0099643599 0.9990045428 -0.0434807763 0.0805603042 0.0441436023 0.9957717657
-150.6 244.1 2694.7 0.2121914476 -0.6625462770 -0.7183364034 0.9771819115 0.1367085129 0.1625616103 -0.0095018838 -0.7364395261 0.6764366031
-206.9 -14.8 2697.2 -0.0261852015 -0.6644424200 -0.7468805909 0.9639787674 0.1810419559 -0.1948556751 0.2646870911 -0.7250793576 0.6357677579
121.7 241.3 2716.7 0.1971677244 0.6603211164 0.7246384621 -0.9791523814 0.1694598794 0.1119997352 -0.0488413647 -0.7316142321 0.6799669862
169.6 3.6 2704.9 -0.0092461556 0.6610549092 0.7502805591 -0.9602957964 0.2033490688 -0.1910004765 -0.2788306475 -0.7222572565 0.6329280138
-109.1 -143.8 2684.9 0.9968168139 -0.0397108458 -0.0691324472 0.0405186564 0.9991254807 0.0103216274 0.0686621070 -0.0130899251 0.9975540638
-93.6 -531.7 2689.9 0.9973164797 -0.0143112382 -0.0717987865 0.0201909468 0.9964404106 0.0818463340 0.0703718886 -0.0830763876 0.9940553904
69.7 -146.4 2697.0 0.9939736128 0.0481380150 -0.0984844267 -0.0435554981 0.9978893399 0.0481639169 0.1005950719 -0.0435841270 0.9939723611
51.0 -533.8 2713.9 0.9929516912 -0.0620724447 -0.1009653211 0.0617437512 0.9980716705 -0.0063802707 0.1011666656 0.0001013227 0.9948694706
-200.2 -259.5 2630.0 0 0 0 0 0 0 0 0 0
167.2 -241.6 2633.7 0 0 0 0 0 0 0 0 0
-89.5 -821.0 2714.1 0 0 0 0 0 0 0 0 0
69.4 -830.2 2713.9 0 0 0 0 0 0 0 0 0
-13.6 439.7 2715.5 2 0.9967015982 0.0084161712 -0.0807162374 -0.0122052738 0.9988406897 -0.0465656221 0.0802307501 0.0473971926 0.9956488013
-15.3 242.8 2706.2 0.9967015982 0.0084161712 -0.0807162374 -0.0122052738 0.9988406897 -0.0465656221 0.0802307501 0.0473971926 0.9956488013
-16.4 48.9 2698.0 0.9967216849 0.0060472009 -0.0806803480 -0.0094295722 0.9990894794 -0.0416082069 0.0803552717 0.0422325842 0.9958711863
-151.4 244.1 2695.2 0.2083492875 -0.6624848247 -0.7195168138 0.9780338407 0.1363438666 0.1576709747 -0.0063529224 -0.7365624309 0.6763397455
-206.8 -15.7 2696.9 -0.0299339071 -0.6646206975 -0.7465810776 0.9627251625 0.1817057133 -0.2003580332 0.2688201368 -0.7247498631 0.6344079375
120.9 241.5 2717.2 0.1996075809 0.6577718258 0.7262871861 -0.9779857993 0.1797495037 0.1059900597 -0.0608324893 -0.7314549685 0.6791708469
169.3 4.3 2702.4 -0.0129788481 0.6580306292 0.7528793216 -0.9632496834 0.1937989295 -0.1859893054 -0.2682938576 -0.7276247144 0.6313325167
-106.3 -144.2 2681.4 0.9969761372 -0.0357947536 -0.0689729527 0.0368289389 0.9992265701 0.0137808416 0.0684263259 -0.0162793715 0.9975233674
-92.4 -532.2 2687.7 0.9973796010 -0.0086098770 -0.0718318671 0.0158522669 0.9947730899 0.1008724123 0.0705879107 -0.1017467827 0.9923028350
72.3 -146.0 2695.8 0.9934695959 0.0583411157 -0.0980535448 -0.0531964935 0.9971072078 0.0542891920 0.1009371877 -0.0487185568 0.9936992526
49.7 -533.1 2714.7 0.9922305346 -0.0711266547 -0.1020764410 0.0695273206 0.9973962903 -0.0191457737 0.1031724438 0.0118999192 0.9945923090
-199.2 -260.1 2628.7 0 0 0 0 0 0 0 0 0
166.0 -241.7 2633.9 0 0 0 0 0 0 0 0 0
-89.8 -824.6 2717.6 0 0 0 0 0 0 0 0 0
70.5 -825.2 2711.2 0 0 0 0 0 0 0 0 0
-12.0 438.2 2714.2 3 0.9978472590 0.0080736512 -0.0650822297 -0.0109907575 0.9989449382 -0.0445891842 0.0646535680 0.0452084988 0.9968832135
-13.6 241.3 2705.3 0.9978472590 0.0080736512 -0.0650822297 -0.0109907575 0.9989449382 -0.0445891842 0.0646535680 0.0452084988 0.9968832135
-14.8 47.4 2697.6 0.9978632331 0.0061818468 -0.0650445968 -0.0087526850 0.9991886020 -0.0393138193 0.0647487864 0.0397991315 0.9971076250
-149.9 242.5 2696.5 0.2151045203 -0.6711879969 -0.7093918324 0.9765908122 0.1473675370 0.1566944867 -0.0006301367 -0.7264912128 0.6871754527
-206.7 -15.6 2696.7 -0.0269656554 -0.6726005673 -0.7395142317 0.9625193477 0.1822473109 -0.2008543015 0.2698692083 -0.7172129154 0.6424766779
122.8 240.1 2714.2 0.1934677660 0.6480310559 0.7366314530 -0.9796204567 0.1689048707 0.1086966470 -0.0539818406 -0.7426485419 0.6675021648
169.3 4.5 2701.2 -0.0149301561 0.6483885646 0.7611631751 -0.9664954543 0.1857325882 -0.1771720201 -0.2562491298 -0.7383059263 0.6238915920
-106.9 -144.2 2682.6 0.9978244305 -0.0392700247 -0.0529557392 0.0396376178 0.9991966486 0.0059087896 0.0526811592 -0.0079949740 0.9985793829
-91.7 -532.1 2685.7 0.9983950853 -0.0041574156 -0.0564794801 0.0098987389 0.9947599769 0.1017576978 0.0557604767 -0.1021534652 0.9932046533
71.7 -145.9 2697.0 0.9945970774 0.0614638366 -0.0836594775 -0.0585321449 0.9975974560 0.0370581709 0.0857362151 -0.0319611803 0.9958050847
47.8 -533.1 2709.4 0.9932888746 -0.0773364902 -0.0860015824 0.0774496496 0.9969941974 -0.0020250387 0.0858996883 -0.0046493439 0.9962929487
-199.9 -259.9 2628.2 0 0 0 0 0 0 0 0 0
165.5 -242.2 2635.8 0 0 0 0 0 0 0 0 0
-90.5 -820.1 2715.3 0 0 0 0 0 0 0 0 0
70.5 -825.8 2710.8 0 0 0 0 0 0 0 0 0
-12.0 436.4 2705.6 4 0.9962451458 0.0038783944 -0.0864903405 -0.0058856229 0.9997189641 -0.0229646321 0.0863769650 0.0233874526 0.9959879518
-12.7 239.4 2701.0 0.9962451458 0.0038783944 -0.0864903405 -0.0058856229 0.9997189641 -0.0229646321 0.0863769650 0.0233874526 0.9959879518
-13.0 45.3 2696.9 0.9962525368 0.0010252135 -0.0864858776 -0.0028646351 0.9997722507 -0.0211470369 0.0864445046 0.0213155393 0.9960286021
-148.8 239.7 2689.2 0.2200673521 -0.6564778090 -0.7215311527 0.9751305580 0.1281169057 0.1808494180 -0.0262832884 -0.7433861494 0.6683459282
-206.7 -16.5 2696.1 -0.0248928778 -0.6589816809 -0.7517469525 0.9639071822 0.1835690737 -0.1928349286 0.2650721967 -0.7294145226 0.6306275725
123.3 239.0 2712.8 0.1899698228 0.6614083648 0.7255690694 -0.9803739190 0.1674711704 0.1040212885 -0.0527113490 -0.7310898900 0.6802419424
169.3 1.7 2700.0 -0.0116707766 0.6619603634 0.7494480014 -0.9633590579 0.1934066117 -0.1858309954 -0.2679609358 -0.7241563201 0.6354483366
-105.3 -145.8 2684.1 0.9968041182 -0.0297695510 -0.0741302073 0.0306378957 0.9994742870 0.0106040360 0.0737755597 -0.0128413411 0.9971922040
-93.8 -533.8 2689.1 0.9970040321 -0.0138863940 -0.0760926381 0.0202123150 0.9963440895 0.0830058381 0.0746617913 -0.0842951685 0.9936397672
73.4 -147.4 2695.7 0.9920499325 0.0672469139 -0.1063712165 -0.0633554310 0.9972069263 0.0395533517 0.1087339595 -0.0324997045 0.9935394526
47.3 -534.5 2708.3 0.9906545281 -0.0822134465 -0.1088325456 0.0829121992 0.9965550303 0.0019031181 0.1083011627 -0.0109088784 0.9940582514
-200.3 -261.2 2628.8 0 0 0 0 0 0 0 0 0
166.3 -244.3 2631.6 0 0 0 0 0 0 0 0 0
-89.8 -819.1 2713.2 0 0 0 0 0 0 0 0 0
71.4 -826.7 2711.5 0 0 0 0 0 0 0 0 0
-11.1 434.0 2700.8 5 0.9954550862 0.0026556894 -0.0951949731 -0.0036747355 0.9999377728 -0.0105311256 0.0951610878 0.0108330790 0.9954029322
-11.6 236.9 2698.7 0.9954550862 0.0026556894 -0.0951949731 -0.0036747355 0.9999377728 -0.0105311256 0.0951610878 0.0108330790 0.9954029322
-11.8 42.8 2696.5 0.9954583645 0.0006969672 -0.0951955020 -0.0017375099 0.9999396205 -0.0108481329 0.0951822028 0.0109642679 0.9953994751
-147.6 237.1 2685.7 0.2240210027 -0.6498572826 -0.7262920141 0.9738695621 0.1207323298 0.1923585087 -0.0373186544 -0.7504060268 0.6599228382
-206.6 -19.3 2695.5 -0.0292583108 -0.6530802250 -0.7567233443 0.9635653496 0.1829332113 -0.1951338798 0.2658678889 -0.7348616719 0.6239331365
124.3 236.7 2711.7 0.1865940690 0.6672219038 0.7211085558 -0.9812379479 0.1628253758 0.1032473147 -0.0485259034 -0.7268444300 0.6850857139
169.4 -0.1 2699.9 -0.0153308697 0.6678958535 0.7440968156 -0.9633772373 0.1893830448 -0.1898376048 -0.2677110732 -0.7197563648 0.6405322552
-102.4 -148.5 2685.0 0.9963035583 -0.0227557980 -0.0828336924 0.0245003924 0.9994975924 0.0201060921 0.0823345482 -0.0220612288 0.9963605404
-93.6 -536.5 2693.6 0.9963183999 -0.0177491531 -0.0838722736 0.0236829985 0.9972453117 0.0702919811 0.0823936015 -0.0720195398 0.9939941764
76.0 -148.9 2700.5 0.9906822443 0.0709190145 -0.1162718609 -0.0675765499 0.9971863627 0.0324462466 0.1182457730 -0.0242866706 0.9926872849
48.5 -536.1 2709.9 0.9897583723 -0.0795349106 -0.1185436770 0.0800519362 0.9967905879 -0.0004013758 0.1181951463 -0.0090923859 0.9929487705
-199.2 -263.9 2628.0 0 0 0 0 0 0 0 0 0
165.5 -246.1 2631.6 0 0 0 0 0 0 0 0 0
-88.6 -819.3 2714.0 0 0 0 0 0 0 0 0 0
71.6 -825.8 2712.6 0 0 0 0 0 0 0 0 0
-12.1 436.5 2699.4 6 0.9957990646 0.0015210025 -0.0915528685 -0.0022592701 0.9999657869 -0.0079607395 0.0915376246 0.0081341397 0.9957683682
-12.4 238.2 2697.8 0.9957990646 0.0015210025 -0.0915528685 -0.0022592701 0.9999657869 -0.0079607395 0.0915376246 0.0081341397 0.9957683682
-12.5 44.1 2696.6 0.9958003163 0.0004587388 -0.0915509388 -0.0010135063 0.9999814034 -0.0060132607 0.0915464759 0.0060807941 0.9957822561
-148.5 238.3 2685.3 0.2183019072 -0.6522894502 -0.7258531451 0.9752184153 0.1184059680 0.1868932843 -0.0359631628 -0.7486644983 0.6619728804
-206.6 -21.5 2694.8 -0.0322243050 -0.6561294794 -0.7539600134 0.9614171386 0.1858478636 -0.2028241158 0.2732007504 -0.7314059734 0.6248253584
123.6 238.1 2710.3 0.1864607781 0.6654257774 0.7228007317 -0.9817273617 0.1546493173 0.1108825877 -0.0379965156 -0.7302685380 0.6821027398
169.4 -2.9 2700.9 -0.0164989308 0.6662964821 0.7455043793 -0.9646045566 0.1856513470 -0.1872742772 -0.2631840706 -0.7222067118 0.6396495700
-101.1 -151.1 2685.9 0.9967462420 -0.0156540442 -0.0790690854 0.0171670374 0.9996816516 0.0184916705 0.0787544399 -0.0197888836 0.9966976047
-95.1 -539.2 2693.6 0.9965518713 -0.0231968481 -0.0796634927 0.0281013250 0.9977417588 0.0610061735 0.0780684426 -0.0630344674 0.9949532747
77.2 -151.4 2702.9 0.9906852245 0.0761239454 -0.1129069030 -0.0727448836 0.9967790842 0.0337576792 0.1151130125 -0.0252298359 0.9930319190
47.7 -538.4 2712.7 0.9891855717 -0.0886770189 -0.1168261468 0.0869584084 0.9960164428 -0.0197367482 0.1181109548 0.0093642911 0.9929562211
-198.4 -265.5 2625.5 0 0 0 0 0 0 0 0 0
165.2 -249.2 2633.7 0 0 0 0 0 0 0 0 0
-88.6 -815.0 2711.0 0 0 0 0 0 0 0 0 0
72.8 -820.5 2710.1 0 0 0 0 0 0 0 0 0
-12.6 435.6 2697.7 7 0.9959931374 0.0017970696 -0.0894119665 -0.0021350740 0.9999909401 -0.0036848064 0.0894045383 0.0038609430 0.9959878922
-13.0 237.8 2696.9 0.9959931374 0.0017970696 -0.0894119665 -0.0021350740 0.9999909401 -0.0036848064 0.0894045383 0.0038609430 0.9959878922
-13.0 43.7 2696.3 0.9959947467 0.0002624496 -0.0894113407 -0.0005393813 0.9999951124 -0.0030731298 0.0894100964 0.0031090479 0.9959900379
-149.0 237.9 2684.7 0.2169833481 -0.6543065310 -0.7244316339 0.9753234982 0.1143165529 0.1888803393 -0.0407711044 -0.7475391030 0.6629652977
-206.6 -20.8 2695.5 -0.0326797664 -0.6582473516 -0.7520920634 0.9622902274 0.1826008409 -0.2016294897 0.2700547278 -0.7303200364 0.6274576187
123.1 237.8 2709.1 0.1898722947 0.6634063721 0.7237682939 -0.9811704755 0.1547906548 0.1155176237 -0.0353974402 -0.7320736647 0.6803051829
169.4 -1.6 2700.5 -0.0175929517 0.6642578840 0.7472963929 -0.9649485946 0.1844590306 -0.1866791546 -0.2618486881 -0.7243868709 0.6377295256
-101.8 -149.9 2687.2 0.9969332814 -0.0152902286 -0.0767482594 0.0160749126 0.9998245239 0.0096167652 0.0765877515 -0.0108209942 0.9970041513
