-11.7 438.4 2735.4 4 0.9978514910 -0.0012807160 -0.0655043349 -0.0036337022 0.9971881509 -0.0748501569 0.0654160082 0.0749273598 0.9950410128
-11.5 242.5 2720.7 0.9978514910 -0.0012807160 -0.0655043349 -0.0036337022 0.9971881509 -0.0748501569 0.0654160082 0.0749273598 0.9950410128
-10.6 48.8 2707.8 0.9978399277 -0.0046141003 -0.0655296221 0.0002603153 0.9978001118 -0.0662936345 0.0656913444 0.0661333799 0.9956460595
-147.8 242.5 2711.7 0.2275171131 -0.6685344577 -0.7080237269 0.9733269811 0.1781590283 0.1445475370 0.0295058191 -0.7220256329 0.6912368536
-207.3 -11.8 2704.0 -0.0241471473 -0.6686809063 -0.7431572676 0.9631686211 0.1835812032 -0.1964793056 0.2678116560 -0.7205302119 0.6396195292
124.8 242.5 2729.6 0.1897304356 0.6529978514 0.7332094908 -0.9804056287 0.1662995666 0.1055899113 -0.0529824309 -0.7388763428 0.6717548966
170.2 8.0 2717.0 -0.0081517892 0.6540721655 0.7563882470 -0.9583715200 0.2107831836 -0.1925993115 -0.2854077816 -0.7264709473 0.6251258850
-102.2 -140.8 2691.4 0.9984073043 -0.0174468346 -0.0536511615 0.0182308350 0.9997335672 0.0141583756 0.0533898473 -0.0151139311 0.9984593391
-95.4 -528.9 2697.2 0.9983246922 -0.0197162628 -0.0543978028 0.0229880046 0.9979221821 0.0601898395 0.0530980565 -0.0613394976 0.9967036247
76.6 -141.7 2702.4 0.9946168065 0.0630901754 -0.0822013766 -0.0595340617 0.9972106218 0.0450189114 0.0848123357 -0.0398827828 0.9955984354
52.1 -528.8 2717.9 0.9943519235 -0.0625592843 -0.0857353806 0.0616581962 0.9980110526 -0.0131207239 0.0863856822 0.0077603282 0.9962315559
-201.1 -256.3 2636.0 0 0 0 0 0 0 0 0 0
168.1 -236.7 2644.1 0 0 0 0 0 0 0 0 0
-89.7 -818.1 2715.0 0 0 0 0 0 0 0 0 0
71.0 -828.9 2715.5 0 0 0 0 0 0 0 0 0
-12.5 434.0 2725.2 5 0.9967828393 -0.0076193814 -0.0797865316 0.0035696069 0.9987035990 -0.0507777520 0.0800699890 0.0503295884 0.9955177903
-11.0 237.8 2715.3 0.9967828393 -0.0076193814 -0.0797865316 0.0035696069 0.9987035990 -0.0507777520 0.0800699890 0.0503295884 0.9955177903
-9.0 43.9 2706.6 0.9967540503 -0.0103693670 -0.0798365399 0.0067699230 0.9989538789 -0.0452245511 0.0802219734 0.0445372649 0.9957815409
-147.1 236.8 2704.3 0.2311725020 -0.6578224897 -0.7168185711 0.9728731513 0.1629469544 0.1642135978 0.0087800035 -0.7353351712 0.6776466966
-207.2 -15.8 2702.1 -0.0248985235 -0.6587510705 -0.7519488931 0.9617955685 0.1893489063 -0.1977276504 0.2726339996 -0.7281442285 0.6288693547
125.2 238.7 2726.2 0.1882978082 0.6614149809 0.7259987593 -0.9810063243 0.1617354602 0.1070898399 -0.0465889126 -0.7323741317 0.6793066859
170.2 4.3 2715.1 0.0011196288 0.6622375250 0.7492931485 -0.9596228004 0.2114787549 -0.1854744703 -0.2812877297 -0.7188311219 0.6357350349
-99.1 -144.9 2689.1 0.9976451397 -0.0061075911 -0.0683149025 0.0081894612 0.9995092154 0.0302361902 0.0680967048 -0.0307244491 0.9972054958
-96.7 -532.9 2701.0 0.9971670508 -0.0312824510 -0.0684053078 0.0345092043 0.9983215928 0.0465094969 0.0668355674 -0.0487383530 0.9965729117
79.7 -144.9 2700.9 0.9920011163 0.0796700791 -0.0979107767 -0.0746980608 0.9957730174 0.0534441508 0.1017548069 -0.0457029082 0.9937591553
48.8 -531.4 2718.6 0.9917576313 -0.0763921887 -0.1028643772 0.0756450966 0.9970724583 -0.0111501124 0.1034150198 0.0032770231 0.9946328998
-200.9 -259.9 2632.8 0 0 0 0 0 0 0 0 0
170.5 -240.7 2643.3 0 0 0 0 0 0 0 0 0
-87.8 -818.3 2715.0 0 0 0 0 0 0 0 0 0
71.3 -824.8 2717.6 0 0 0 0 0 0 0 0 0
-11.8 436.7 2729.6 6 0.9973432422 -0.0075139371 -0.0724572241 0.0032212567 0.9982421398 -0.0591801554 0.0727745295 0.0587895215 0.9956142306
-10.3 240.5 2718.0 0.9973432422 -0.0075139371 -0.0724572241 0.0032212567 0.9982421398 -0.0591801554 0.0727745295 0.0587895215 0.9956142306
-8.4 46.6 2708.6 0.9973153472 -0.0099754883 -0.0725433454 0.0064005284 0.9987611771 -0.0493468419 0.0729457363 0.0487500466 0.9961437583
-146.5 239.6 2708.1 0.2263742983 -0.6615841985 -0.7148853540 0.9737105370 0.1728046089 0.1484129429 0.0253478363 -0.7296882272 0.6833099723
-207.2 -21.3 2701.3 -0.0306190383 -0.6620762944 -0.7488107085 0.9610980153 0.1862435043 -0.2039705217 0.2745051682 -0.7259258628 0.6306176186
125.9 241.4 2728.0 0.1867460907 0.6554046273 0.7318269610 -0.9807149768 0.1680890322 0.0997207835 -0.0576546229 -0.7363361120 0.6741550565
171.5 2.2 2713.9 -0.0041567446 0.6564871073 0.7543257475 -0.9564461112 0.2175658196 -0.1946173310 -0.2918792963 -0.7222809196 0.6269901991
-96.3 -150.6 2690.8 0.9981360435 0.0007071747 -0.0610236228 0.0012645561 0.9994785190 0.0322662741 0.0610146187 -0.0322832987 0.9976146817
-96.6 -538.6 2703.4 0.9977266192 -0.0286126006 -0.0610160492 0.0311011076 0.9987062216 0.0402323864 0.0597859509 -0.0420385860 0.9973255992
82.3 -149.3 2705.2 0.9917964935 0.0882572830 -0.0924684405 -0.0860659108 0.9959117174 0.0274320636 0.0945114791 -0.0192486439 0.9953376651
48.0 -535.8 2712.7 0.9916964173 -0.0875893757 -0.0941612944 0.0887431726 0.9960213900 0.0081285359 0.0930746868 -0.0164172109 0.9955237508
-199.4 -265.3 2631.6 0 0 0 0 0 0 0 0 0
170.4 -242.0 2639.4 0 0 0 0 0 0 0 0 0
-88.4 -824.3 2715.4 0 0 0 0 0 0 0 0 0
73.5 -825.4 2717.4 0 0 0 0 0 0 0 0 0
-12.1 436.0 2722.3 7 0.9977679849 -0.0106949452 -0.0659143329 0.0077895159 0.9989932775 -0.0441792905 0.0663204715 0.0435672402 0.9968467951
-10.0 238.6 2713.7 0.9977679849 -0.0106949452 -0.0659143329 0.0077895159 0.9989932775 -0.0441792905 0.0663204715 0.0435672402 0.9968467951
-7.5 44.7 2706.3 0.9977364540 -0.0130004482 -0.0659771413 0.0104481429 0.9991891384 -0.0388833694 0.0664291382 0.0381060168 0.9970632195
-146.3 237.2 2704.6 0.2335498333 -0.6656891108 -0.7087400556 0.9722894430 0.1676628739 0.1629182398 0.0103765000 -0.7271500230 0.6864001751
-207.6 -17.9 2701.9 -0.0340226926 -0.6662121415 -0.7449858189 0.9618144035 0.1807314306 -0.2055461854 0.2715797126 -0.7235313058 0.6346234679
126.3 240.1 2722.7 0.1868041754 0.6535769701 0.7334448099 -0.9820470810 0.1441634446 0.1216568500 -0.0262238141 -0.7430033684 0.6687737107
171.1 4.6 2716.4 0.0097450530 0.6557534933 0.7549121976 -0.9515510201 0.2381154150 -0.1945552081 -0.3073364794 -0.7164415121 0.6263033152
-95.8 -147.8 2692.6 0.9984978437 0.0027732260 -0.0547206886 -0.0010410935 0.9994982481 0.0316572227 0.0547810234 -0.0315526985 0.9979997277
-96.9 -535.8 2704.8 0.9980931878 -0.0285643991 -0.0547180437 0.0303778667 0.9990066290 0.0326019786 0.0537324324 -0.0342020281 0.9979694486
82.9 -146.7 2705.6 0.9922394753 0.0890534893 -0.0867770314 -0.0866768807 0.9957606196 0.0307884626 0.0891509727 -0.0230279658 0.9957518578
48.3 -533.2 2714.6 0.9923816919 -0.0850375742 -0.0891469643 0.0857268423 0.9963109493 0.0039248001 0.0884843394 -0.0115371868 0.9960107207
-199.0 -262.0 2632.9 0 0 0 0 0 0 0 0 0
173.6 -238.3 2638.0 0 0 0 0 0 0 0 0 0
-88.7 -821.8 2714.6 0 0 0 0 0 0 0 0 0
72.9 -821.1 2717.9 0 0 0 0 0 0 0 0 0
-12.8 438.8 2728.1 8 0.9967285991 -0.0106103495 -0.0801218301 0.0062042032 0.9984647036 -0.0550430790 0.0805828497 0.0543659180 0.9952641726
-10.7 241.3 2717.4 0.9967285991 -0.0106103495 -0.0801218301 0.0062042032 0.9984647036 -0.0550430790 0.0805828497 0.0543659180 0.9952641726
-8.3 47.4 2708.3 0.9967040420 -0.0121632582 -0.0802069381 0.0083604380 0.9988324642 -0.0475791134 0.0806920156 0.0467517264 0.9956420660
-146.8 240.1 2706.3 0.2263283581 -0.6571579576 -0.7189707160 0.9738883376 0.1661620885 0.1546986699 0.0178042203 -0.7352098823 0.6776056290
-207.3 -20.2 2701.6 -0.0294544883 -0.6579747796 -0.7524636984 0.9613313675 0.1875673383 -0.2016444206 0.2738145590 -0.7293062806 0.6270071268
125.5 242.4 2728.4 0.1898933947 0.6617175937 0.7253070474 -0.9806852937 0.1631058007 0.1079483256 -0.0468704700 -0.7317966223 0.6799094677
171.5 5.0 2717.0 0.0167972725 0.6626818180 0.7487126589 -0.9497889876 0.2445690334 -0.1951584220 -0.3124398589 -0.7078409195 0.6335160136
-94.4 -150.2 2692.9 0.9976077676 0.0061035412 -0.0688582957 -0.0044123279 0.9996855259 0.0246861894 0.0689873174 -0.0243233107 0.9973209500
-96.7 -538.3 2702.4 0.9972055554 -0.0292963106 -0.0687224269 0.0324126296 0.9984754920 0.0446783826 0.0673087463 -0.0467810072 0.9966349006
84.4 -148.3 2704.8 0.9907325506 0.0921020433 -0.0998312831 -0.0891485587 0.9954493642 0.0336621590 0.1024773419 -0.0244503785 0.9944347739
48.6 -534.7 2714.3 0.9913808703 -0.0814748779 -0.1025954261 0.0822426528 0.9966069460 0.0032688233 0.1019809842 -0.0116783688 0.9947177768
-199.8 -264.2 2632.1 0 0 0 0 0 0 0 0 0
175.8 -237.5 2637.3 0 0 0 0 0 0 0 0 0
-88.4 -822.1 2715.7 0 0 0 0 0 0 0 0 0
72.0 -820.4 2717.7 0 0 0 0 0 0 0 0 0
-13.1 438.7 2721.5 9 0.9970605969 -0.0084645823 -0.0761481076 0.0055770101 0.9992601275 -0.0380535088 0.0764138773 0.0375169776 0.9963701367
-11.4 241.3 2714.1 0.9970605969 -0.0084645823 -0.0761481076 0.0055770101 0.9992601275 -0.0380535088 0.0764138773 0.0375169776 0.9963701367
-9.2 47.3 2707.8 0.9970288873 -0.0112986881 -0.0761952922 0.0087821912 0.9994074106 -0.0332815014 0.0765261799 0.0325134583 0.9965373278
-147.6 240.1 2703.7 0.2250900269 -0.6607470512 -0.7160640955 0.9743378758 0.1530079991 0.1650887728 0.0004816096 -0.7348482013 0.6782314777
-207.3 -18.3 2703.6 -0.0319925398 -0.6625716686 -0.7483149767 0.9585492015 0.1917443722 -0.2107545882 0.2831251919 -0.7240393162 0.6289731264
124.8 242.5 2724.6 0.1910824031 0.6568050385 0.7294481397 -0.9804859757 0.1626987010 0.1103468165 -0.0462039150 -0.7362990379 0.6750770211
170.8 6.4 2713.5 0.0211137142 0.6573740244 0.7532685995 -0.9517006278 0.2440447956 -0.1863010973 -0.3063007891 -0.7129526734 0.6307759285
-95.2 -147.2 2692.0 0.9978824854 0.0045884345 -0.0648807511 -0.0030954573 0.9997285604 0.0230929181 0.0649691001 -0.0228431839 0.9976257682
-97.0 -535.4 2700.9 0.9974436760 -0.0301970448 -0.0647633448 0.0331620909 0.9984270334 0.0452072099 0.0632963479 -0.0472393334 0.9968761206
83.4 -145.8 2706.4 0.9913090467 0.0884185806 -0.0974089056 -0.0858834460 0.9958556294 0.0299264248 0.0996512547 -0.0213005226 0.9947944283
49.0 -532.4 2714.7 0.9917960763 -0.0790756643 -0.1004368439 0.0789870992 0.9968637824 -0.0048644496 0.1005065069 -0.0031086723 0.9949315190
-199.2 -261.6 2631.7 0 0 0 0 0 0 0 0 0
176.2 -236.7 2635.2 0 0 0 0 0 0 0 0 0
-88.4 -820.6 2714.4 0 0 0 0 0 0 0 0 0
71.9 -820.8 2715.6 0 0 0 0 0 0 0 0 0
-11.6 437.6 2718.8 0 0.9981238842 -0.0039670463 -0.0610982068 0.0020675110 0.9995134473 -0.0311217643 0.0611919388 0.0309370551 0.9976464510
-10.8 240.3 2712.6 0.9981238842 -0.0039670463 -0.0610982068 0.0020675110 0.9995134473 -0.0311217643 0.0611919388 0.0309370551 0.9976464510
-9.4 46.2 2707.5 0.9981054068 -0.0070614349 -0.0611201823 0.0054103043 0.9996170402 -0.0271379594 0.0612884089 0.0267558657 0.9977614284
-147.1 239.5 2704.3 0.2266979963 -0.6690273285 -0.7078209519 0.9739401937 0.1609163284 0.1598326117 0.0069675604 -0.7256089449 0.6880719662
-207.2 -18.4 2702.4 -0.0278236475 -0.6699628234 -0.7418730259 0.9612632394 0.1856643856 -0.2037196010 0.2742239833 -0.7188035250 0.6388447881
125.6 241.0 2721.0 0.1873998642 0.6484348774 0.7378438115 -0.9819359779 0.1436503381 0.1231517792 -0.0261356011 -0.7475939989 0.6636415720
170.5 5.4 2714.7 0.0148851974 0.6503069401 0.7595257163 -0.9517934918 0.2419690639 -0.1885209829 -0.3063782156 -0.7201054096 0.6225596666
-96.3 -147.4 2694.7 0.9987664819 0.0011739268 -0.0496401936 -0.0003832628 0.9998729825 0.0159344170 0.0496525913 -0.0158957373 0.9986400604
-96.8 -535.6 2700.8 0.9983626604 -0.0285350531 -0.0495756678 0.0309417099 0.9983449578 0.0484757870 0.0481103584 -0.0499303713 0.9975932837
82.3 -145.9 2708.4 0.9926012754 0.0884121060 -0.0832226500 -0.0867003798 0.9959460497 0.0239691958 0.0850044340 -0.0165764205 0.9962427020
48.0 -532.5 2714.8 0.9927595258 -0.0837532133 -0.0861044228 0.0832851231 0.9964849353 -0.0090206126 0.0865572616 0.0017840809 0.9962452650
-200.1 -262.4 2632.8 0 0 0 0 0 0 0 0 0
174.3 -237.6 2636.5 0 0 0 0 0 0 0 0 0
-88.6 -821.7 2715.1 0 0 0 0 0 0 0 0 0
72.4 -822.6 2714.3 0 0 0 0 0 0 0 0 0
-11.9 438.6 2717.4 1 0.9985315204 -0.0050501744 -0.0539376698 0.0035529174 0.9996066689 -0.0278189275 0.0540569425 0.0275864396 0.9981567264
-10.9 241.3 2711.9 0.9985315204 -0.0050501744 -0.0539376698 0.0035529174 0.9996066689 -0.0278189275 0.0540569425 0.0275864396 0.9981567264
-9.5 47.3 2707.1 0.9985155463 -0.0074620331 -0.0539533719 0.0061030034 0.9996610284 -0.0253099985 0.0541239455 0.0249431506 0.9982226491
-147.3 240.5 2704.5 0.2243998349 -0.6737363338 -0.7040767074 0.9744578004 0.1616304964 0.1559088975 0.0087587778 -0.7210789919 0.6927974820
-207.2 -19.4 2702.2 -0.0315263383 -0.6747145653 -0.7374051213 0.9598654509 0.1852691472 -0.2105556875 0.2786833942 -0.7144477367 0.6417943835
125.5 242.2 2719.3 0.1841727793 0.6441648602 0.7423826456 -0.9826821685 0.1363523602 0.1254742444 -0.0203995220 -0.7526351810 0.6581217051
170.4 2.6 2714.3 0.0028430927 0.6468959451 0.7625730038 -0.9544390440 0.2293032557 -0.1909611076 -0.2983924448 -0.7272865176 0.6180746555
-97.4 -148.3 2696.8 0.9990692139 -0.0077516860 -0.0424332283 0.0078174742 0.9999684691 0.0013846856 0.0424211547 -0.0017151175 0.9990983605
-94.4 -536.4 2697.4 0.9988987446 -0.0191806778 -0.0428184159 0.0217644814 0.9979177713 0.0607162677 0.0415646769 -0.0615813211 0.9972362518
81.4 -147.3 2707.8 0.9934493899 0.0843283609 -0.0771167576 -0.0834956914 0.9964103103 0.0139644844 0.0780175328 -0.0074340915 0.9969242811
48.7 -534.1 2710.6 0.9942896962 -0.0743870884 -0.0765150040 0.0762001500 0.9968702793 0.0210513342 0.0747095868 -0.0267615803 0.9968461990
-199.2 -263.0 2631.4 0 0 0 0 0 0 0 0 0
171.1 -241.1 2638.2 0 0 0 0 0 0 0 0 0
-88.9 -821.5 2715.0 0 0 0 0 0 0 0 0 0
70.7 -829.2 2718.6 0 0 0 0 0 0 0 0 0
-11.6 438.6 2726.7 2 0.9980459213 -0.0012612694 -0.0624716394 -0.0019039360 0.9987181425 -0.0505808480 0.0624553561 0.0506009497 0.9967641830
-11.4 242.3 2716.7 0.9980459213 -0.0012612694 -0.0624716394 -0.0019039360 0.9987181425 -0.0505808480 0.0624553561 0.0506009497 0.9967641830
-10.7 48.5 2707.8 0.9980408549 -0.0032280285 -0.0624822527 0.0003600944 0.9989479780 -0.0458569191 0.0625645444 0.0457445793 0.9969920516
-147.7 242.3 2708.2 0.2217962444 -0.6686947942 -0.7096856236 0.9747265577 0.1719973683 0.1425658762 0.0267309956 -0.7233700156 0.6899429560
-207.1 -18.6 2701.0 -0.0324053653 -0.6689040661 -0.7426420450 0.9630556703 0.1778535396 -0.2022173852 0.2673455477 -0.7217585444 0.6384284496
125.0 242.4 2725.3 0.1852606982 0.6482589841 0.7385382652 -0.9811367989 0.1642492414 0.1019446850 -0.0552177839 -0.7434934378 0.6664596796
170.1 3.2 2711.8 0.0030810605 0.6491785049 0.7606298327 -0.9578826427 0.2203278542 -0.1841642410 -0.2871434093 -0.7280267477 0.6225156784
-97.5 -147.3 2697.4 0.9986854792 -0.0057043731 -0.0509386398 0.0057202447 0.9999836087 0.0001658082 0.0509368591 -0.0004569717 0.9987017512
-95.2 -535.5 2697.6 0.9984660149 -0.0210812259 -0.0511972681 0.0243128687 0.9976956844 0.0633417666 0.0497439727 -0.0644893497 0.9966778159
81.4 -146.2 2707.1 0.9927632809 0.0862381309 -0.0835703313 -0.0852746814 0.9962440133 0.0150369676 0.0845532045 -0.0078017162 0.9963884354
48.0 -533.0 2710.1 0.9931851029 -0.0806258023 -0.0841598585 0.0816007107 0.9966313243 0.0082035186 0.0832149386 -0.0150151169 0.9964184761
-198.9 -263.1 2633.2 0 0 0 0 0 0 0 0 0
170.9 -241.4 2638.5 0 0 0 0 0 0 0 0 0
-89.2 -823.2 2716.2 0 0 0 0 0 0 0 0 0
71.2 -820.0 2714.4 0 0 0 0 0 0 0 0 0
-11.9 437.8 2721.3 3 0.9982969165 0.0011527103 -0.0583256409 -0.0035357473 0.9991622567 -0.0407707654 0.0582297854 0.0409075543 0.9974647164
-12.1 241.2 2713.3 0.9982969165 0.0011527103 -0.0583256409 -0.0035357473 0.9991622567 -0.0407707654 0.0582297854 0.0409075543 0.9974647164
-11.8 47.2 2706.4 0.9982967973 -0.0012491000 -0.0583258905 -0.0008322513 0.9993640780 -0.0356469378 0.0583333261 0.0356347673 0.9976609349
-148.5 241.3 2705.3 0.2205877304 -0.6705536246 -0.7083070874 0.9750593901 0.1698444784 0.1428706795 0.0244995952 -0.7221570015 0.6912952065
-206.9 -16.9 2698.8 -0.0318670049 -0.6705681086 -0.7411631942 0.9657894969 0.1702821106 -0.1955879182 0.2573618591 -0.7220404744 0.6422012448
124.3 241.0 2721.2 0.1898504049 0.6467635632 0.7386838198 -0.9813432097 0.1482759416 0.1223919243 -0.0303703956 -0.7481384873 0.6628472209
170.2 3.9 2713.9 -0.0023315011 0.6483078599 0.7613747120 -0.9600484371 0.2116011232 -0.1831174940 -0.2798242569 -0.7313835025 0.6219136119
-99.5 -145.4 2693.4 0.9988103509 -0.0133941406 -0.0468882956 0.0149471946 0.9993458986 0.0329300314 0.0464165546 -0.0335917026 0.9983571768
-94.3 -533.2 2706.4 0.9987373948 -0.0181437936 -0.0468448885 0.0195487253 0.9993674159 0.0297092441 0.0462762155 -0.0305874906 0.9984602928
79.3 -145.4 2704.6 0.9937215447 0.0791592002 -0.0790655315 -0.0771495849 0.9966217279 0.0281611457 0.0810276419 -0.0218844637 0.9964715838
48.6 -532.3 2713.1 0.9936864376 -0.0771590695 -0.0814476013 0.0772280768 0.9970107675 -0.0023073929 0.0813821778 -0.0039972165 0.9966749549
-198.8 -262.0 2633.5 0 0 0 0 0 0 0 0 0
169.6 -241.2 2642.4 0 0 0 0 0 0 0 0 0
-89.1 -821.3 2715.2 0 0 0 0 0 0 0 0 0
70.7 -818.5 2714.2 0 0 0 0 0 0 0 0 0
-12.7 436.9 2717.6 4 0.9982736111 -0.0022981092 -0.0586900413 0.0004392404 0.9994984269 -0.0316659249 0.0587333739 0.0315854810 0.9977738857
-12.3 239.9 2711.4 0.9982736111 -0.0022981092 -0.0586900413 0.0004392404 0.9994984269 -0.0316659249 0.0587333739 0.0315854810 0.9977738857
-11.5 45.8 2705.7 0.9982690811 -0.0036783945 -0.0586968809 0.0019558005 0.9995664954 -0.0293777920 0.0587794967 0.0292121433 0.9978435040
-148.6 239.6 2703.4 0.2206484824 -0.6707961559 -0.7080584168 0.9752390981 0.1628445387 0.1496338844 0.0149296103 -0.7235428095 0.6901180744
-207.0 -18.2 2699.4 -0.0323155262 -0.6708630323 -0.7408768535 0.9675702453 0.1648052186 -0.1914343238 0.2505265772 -0.7230367064 0.6437813044
124.1 240.1 2719.4 0.1901495159 0.6465027928 0.7388350964 -0.9813687205 0.1462800205 0.1245695427 -0.0275422465 -0.7487564683 0.6622726917
170.2 2.3 2712.8 -0.0063815215 0.6486485004 0.7610613704 -0.9573760033 0.2158206850 -0.1919704229 -0.2887741029 -0.7298469543 0.6196231842
-101.0 -146.7 2694.2 0.9987781048 -0.0151456092 -0.0470410027 0.0158391371 0.9997707605 0.0144054266 0.0468120389 -0.0151329134 0.9987890720
-95.1 -534.6 2700.1 0.9986558557 -0.0203945395 -0.0476506390 0.0231275298 0.9980760813 0.0575257689 0.0463857502 -0.0585504882 0.9972062111
77.9 -146.8 2704.7 0.9941171408 0.0735463947 -0.0795112923 -0.0709162951 0.9968534112 0.0354146436 0.0818657205 -0.0295676570 0.9962046742
49.3 -533.8 2716.1 0.9933675528 -0.0797151849 -0.0828633904 0.0790537894 0.9968070388 -0.0112375524 0.0834946111 0.0046123550 0.9964975715
-198.8 -263.8 2635.8 0 0 0 0 0 0 0 0 0
168.6 -242.1 2639.0 0 0 0 0 0 0 0 0 0
-89.1 -828.4 2717.3 0 0 0 0 0 0 0 0 0
72.4 -822.4 2714.8 0 0 0 0 0 0 0 0 0
-11.8 437.9 2716.8 5 0.9982455373 -0.0007120594 -0.0592062771 -0.0009497791 0.9996064901 -0.0280357413 0.0592029393 0.0280427858 0.9978520274
-11.6 240.7 2711.3 0.9982455373 -0.0007120594 -0.0592062771 -0.0009497791 0.9996064901 -0.0280357413 0.0592029393 0.0280427858 0.9978520274
-10.8 46.7 2706.4 0.9982356429 -0.0044006589 -0.0592135936 0.0029137151 0.9996788502 -0.0251744781 0.0593053587 0.0249575302 0.9979278445
-148.0 240.3 2703.2 0.2214955986 -0.6704633832 -0.7081091404 0.9751125574 0.1595451385 0.1539508104 0.0097569879 -0.7245855331 0.6891158223
-207.0 -19.5 2700.6 -0.0286469124 -0.6711578369 -0.7407607436 0.9635858536 0.1785589308 -0.1990453452 0.2658602893 -0.7194886208 0.6416030526
124.8 241.1 2719.4 0.1851534396 0.6462300420 0.7403410673 -0.9821748734 0.1465412527 0.1177209914 -0.0324156620 -0.7489408255 0.6618435383
170.0 1.1 2711.5 -0.0067200437 0.6481641531 0.7614710331 -0.9589163065 0.2117932290 -0.1887409240 -0.2836095095 -0.7314553261 0.6201118827
-100.2 -148.4 2694.8 0.9987474084 -0.0155003490 -0.0475753024 0.0163601059 0.9997088313 0.0177355930 0.0472865440 -0.0184917133 0.9987102151
-94.2 -536.4 2702.0 0.9986532927 -0.0197118204 -0.0479905382 0.0219097324 0.9987143874 0.0457120910 0.0470277704 -0.0467019901 0.9978012443
78.6 -148.0 2705.3 0.9936410189 0.0788286701 -0.0803959668 -0.0761925727 0.9964662790 0.0353505015 0.0828985050 -0.0290001333 0.9961359501
48.0 -534.9 2716.6 0.9926698804 -0.0858927742 -0.0850232020 0.0840460584 0.9961463809 -0.0250729974 0.0868491456 0.0177433454 0.9960634708
-199.7 -264.0 2633.1 0 0 0 0 0 0 0 0 0
168.3 -243.8 2639.0 0 0 0 0 0 0 0 0 0
-88.5 -825.0 2715.5 0 0 0 0 0 0 0 0 0
72.7 -821.6 2711.5 0 0 0 0 0 0 0 0 0
-12.8 437.6 2717.4 6 0.9983635545 -0.0041036545 -0.0570379458 0.0022468369 0.9994665980 -0.0325801596 0.0571412183 0.0323986895 0.9978402853
-12.0 240.7 2711.0 0.9983635545 -0.0041036545 -0.0570379458 0.0022468369 0.9994665980 -0.0325801596 0.0571412183 0.0323986895 0.9978402853
-10.8 46.7 2705.7 0.9983519316 -0.0060935267 -0.0570638590 0.0045293807 0.9996115565 -0.0274997894 0.0572092645 0.0271960031 0.9979917407
-148.4 240.1 2703.2 0.2212151140 -0.6729533672 -0.7058311701 0.9752077460 0.1569536328 0.1559979618 0.0058033997 -0.7228411436 0.6909899116
-207.1 -18.8 2701.6 -0.0313673727 -0.6736802459 -0.7383570075 0.9637283683 0.1754983217 -0.2010672092 0.2650354207 -0.7178825140 0.6437398195
124.4 241.4 2718.8 0.1868529618 0.6439333558 0.7419136167 -0.9816451669 0.1517470628 0.1155232862 -0.0381939150 -0.7498817444 0.6604684591
169.8 2.7 2709.5 0.0067132292 0.6457096934 0.7635535002 -0.9536490440 0.2338566333 -0.1893795729 -0.3008462787 -0.7268906832 0.6173503399
-99.3 -147.6 2696.3 0.9988403320 -0.0164501928 -0.0452473983 0.0164907146 0.9998638630 0.0005224151 0.0452326462 -0.0012679712 0.9989756942
-92.9 -535.7 2696.8 0.9988637567 -0.0112780919 -0.0463029444 0.0145818572 0.9973235726 0.0716451705 0.0453709960 -0.0722389519 0.9963548779
79.5 -147.1 2706.9 0.9936695695 0.0807695240 -0.0780840218 -0.0781194866 0.9962784648 0.0364220701 0.0807352215 -0.0300916154 0.9962812662
48.2 -533.9 2718.6 0.9928265810 -0.0853670463 -0.0837126151 0.0826320648 0.9959435463 -0.0356151722 0.0864133984 0.0284423437 0.9958533049
-199.2 -263.5 2634.4 0 0 0 0 0 0 0 0 0
171.5 -240.7 2632.7 0 0 0 0 0 0 0 0 0
-89.7 -824.1 2717.7 0 0 0 0 0 0 0 0 0
72.9 -822.1 2710.4 0 0 0 0 0 0 0 0 0
-12.3 436.7 2715.2 7 0.9976994991 0.0001414067 -0.0677914694 -0.0021065981 0.9995795488 -0.0289181620 0.0677588731 0.0289944448 0.9972803593
-12.3 239.5 2709.5 0.9976994991 0.0001414067 -0.0677914694 -0.0021065981 0.9995795488 -0.0289181620 0.0677588731 0.0289944448 0.9972803593
-11.7 45.5 2704.4 0.9976931214 -0.0034870000 -0.0677961037 0.0017171199 0.9996566176 -0.0261466950 0.0678640008 0.0259699635 0.9973565340
-148.6 239.3 2700.2 0.2211556584 -0.6668338776 -0.7116338611 0.9752334356 0.1488585472 0.1635875851 -0.0031529577 -0.7301874757 0.6832395792
-207.1 -18.6 2701.0 -0.0282850713 -0.6681860685 -0.7434563637 0.9627851844 0.1817779392 -0.2000035942 0.2687835693 -0.7214458585 0.6381780505
124.0 239.8 2718.7 0.1903970987 0.6523073316 0.7336511612 -0.9812535048 0.1491693705 0.1220246702 -0.0298406929 -0.7431309223 0.6684803367
170.0 2.5 2711.5 0.0019618745 0.6542700529 0.7562584281 -0.9545220733 0.2266922444 -0.1936445236 -0.2981337309 -0.7214854956 0.6249600053
-99.1 -147.7 2695.3 0.9983582497 -0.0122466777 -0.0559532568 0.0125583671 0.9999074936 0.0052223038 0.0558841228 -0.0059164115 0.9984197021
-94.3 -535.9 2697.6 0.9982774854 -0.0156038208 -0.0565564036 0.0190977566 0.9979074597 0.0617735721 0.0554741509 -0.0627472624 0.9964865446
79.8 -146.9 2705.6 0.9926530719 0.0817964002 -0.0891584083 -0.0792942047 0.9963610172 0.0312601663 0.0913909301 -0.0239607543 0.9955267906
48.1 -533.8 2714.9 0.9921767116 -0.0830697864 -0.0931924805 0.0816154107 0.9964767098 -0.0193170235 0.0944687948 0.0115599576 0.9954606891
-199.9 -263.0 2632.8 0 0 0 0 0 0 0 0 0
170.5 -241.2 2635.4 0 0 0 0 0 0 0 0 0
-89.9 -819.0 2715.4 0 0 0 0 0 0 0 0 0
72.2 -823.1 2711.5 0 0 0 0 0 0 0 0 0
-13.0 436.8 2714.6 8 0.9983192086 0.0012883793 -0.0579409301 -0.0028270502 0.9996452928 -0.0264817271 0.0578862615 0.0266010184 0.9979687333
-13.2 239.7 2709.3 0.9983192086 0.0012883793 -0.0579409301 -0.0028270502 0.9996452928 -0.0264817271 0.0578862615 0.0266010184 0.9979687333
-12.9 45.6 2704.8 0.9983189702 -0.0014447339 -0.0579411797 0.0000958032 0.9997290373 -0.0232770592 0.0579591095 0.0232323799 0.9980486035
-149.6 239.7 2701.4 0.2170078456 -0.6734851599 -0.7066295147 0.9761697650 0.1493671536 0.1574232578 -0.0004749865 -0.7239524722 0.6898496747
-207.2 -19.2 2701.5 -0.0265859459 -0.6747770905 -0.7375425696 0.9624347687 0.1821531951 -0.2013443559 0.2702082992 -0.7151895761 0.6445862055
123.2 239.7 2717.2 0.1921261400 0.6442897320 0.7402555346 -0.9808571935 0.1504562944 0.1236206368 -0.0317285918 -0.7498357296 0.6608628035
170.0 0.7 2709.5 -0.0031101264 0.6459047198 0.7634117007 -0.9590645432 0.2142511457 -0.1851800829 -0.2831705213 -0.7327370048 0.6187979579
-100.4 -148.7 2693.3 0.9987955689 -0.0170196556 -0.0460190177 0.0173644163 0.9998239875 0.0071023330 0.0458900407 -0.0078928722 0.9989153147
-93.8 -536.9 2696.4 0.9987424612 -0.0175182801 -0.0469745807 0.0207077302 0.9974502921 0.0682938918 0.0456584208 -0.0691807419 0.9965587258
78.4 -148.4 2705.5 0.9938735962 0.0767581537 -0.0795199797 -0.0745478868 0.9967538118 0.0304050501 0.0815956742 -0.0242907312 0.9963694811
48.6 -535.4 2714.9 0.9932845831 -0.0801204741 -0.0834654793 0.0785178244 0.9966629148 -0.0223153681 0.0849748626 0.0156119838 0.9962607622
-200.4 -263.5 2632.9 0 0 0 0 0 0 0 0 0
169.2 -244.1 2637.2 0 0 0 0 0 0 0 0 0
-88.7 -822.6 2716.2 0 0 0 0 0 0 0 0 0
71.5 -820.3 2710.4 0 0 0 0 0 0 0 0 0
-11.6 434.5 2716.8 9 0.9974468350 0.0069438429 -0.0710743666 -0.0095887380 0.9992715120 -0.0369397923 0.0707660839 0.0375269912 0.9967867732
-12.9 237.6 2709.4 0.9974468350 0.0069438429 -0.0710743666 -0.0095887380 0.9992715120 -0.0369397923 0.0707660839 0.0375269912 0.9967867732
-13.7 43.6 2702.9 0.9974636436 0.0042354637 -0.0710520372 -0.0065908059 0.9994353652 -0.0329479277 0.0708723664 0.0333326496 0.9969282746
-149.2 238.5 2699.7 0.2192503959 -0.6662980914 -0.7127244473 0.9756601453 0.1466778070 0.1630121320 -0.0040738089 -0.7311173081 0.6822395921
-207.1 -19.2 2700.8 -0.0251592137 -0.6675608754 -0.7441300154 0.9643288851 0.1800024658 -0.1940848529 0.2635086775 -0.7224690914 0.6392195225
123.3 236.7 2719.1 0.1938887388 0.6541784406 0.7310661674 -0.9803094268 0.1576259434 0.1189433634 -0.0374248140 -0.7397328019 0.6718591452
170.0 0.7 2710.0 -0.0109243961 0.6552391052 0.7553425431 -0.9621543288 0.1988057196 -0.1863740236 -0.2722859681 -0.7287921309 0.6282693148
-102.1 -148.5 2695.1 0.9978479147 -0.0283367354 -0.0591317303 0.0287448317 0.9995684028 0.0060621412 0.0589344278 -0.0077488264 0.9982317686
-91.1 -536.5 2698.1 0.9981514812 -0.0057433718 -0.0605028942 0.0092084017 0.9983232617 0.0571483113 0.0600732192 -0.0575998053 0.9965307117
76.8 -148.5 2705.5 0.9928253293 0.0768224895 -0.0916305557 -0.0744493529 0.9968016744 0.0290468633 0.0935689434 -0.0220166259 0.9953693151
46.9 -535.5 2714.0 0.9917374849 -0.0863692984 -0.0948533192 0.0854326561 0.9962469935 -0.0138992472 0.0956977978 0.0056808325 0.9953942299
-200.7 -263.9 2633.9 0 0 0 0 0 0 0 0 0
167.2 -244.9 2640.5 0 0 0 0 0 0 0 0 0
-89.5 -817.1 2714.3 0 0 0 0 0 0 0 0 0
71.7 -820.5 2712.4 0 0 0 0 0 0 0 0 0
-11.9 439.8 2724.9 0 0.9972646236 0.0079876650 -0.0734807476 -0.0120497067 0.9984133840 -0.0550042726 0.0729248077 0.0557392351 0.9957786202
-13.5 243.1 2713.9 0.9972646236 0.0079876650 -0.0734807476 -0.0120497067 0.9984133840 -0.0550042726 0.0729248077 0.0557392351 0.9957786202
-14.3 49.2 2704.5 0.9972910285 0.0042149331 -0.0734359398 -0.0077316877 0.9988331795 -0.0476705022 0.0731493235 0.0481091477 0.9961599708
-149.7 244.2 2703.9 0.2114894390 -0.6657804251 -0.7155478001 0.9773240685 0.1519084871 0.1475177854 0.0104833199 -0.7305204868 0.6828103065
-207.1 -20.9 2701.1 -0.0301192738 -0.6671238542 -0.7443376780 0.9617548585 0.1834881306 -0.2033709437 0.2722507417 -0.7219957709 0.6360830665
122.8 242.0 2723.9 0.1900384128 0.6567935348 0.7297312021 -0.9805451632 0.1641900986 0.1075769290 -0.0491588116 -0.7359781265 0.6752181649
170.1 -2.0 2711.6 -0.0102341063 0.6581910849 0.7527813315 -0.9562565684 0.2136567831 -0.1998102516 -0.2923501730 -0.7218970060 0.6272130013
-103.9 -149.8 2690.1 0.9976893663 -0.0268758535 -0.0623993091 0.0283785686 0.9993251562 0.0233220588 0.0617303997 -0.0250389725 0.9977787137
-93.5 -537.7 2699.8 0.9979203939 -0.0133935176 -0.0630513281 0.0164546221 0.9986981153 0.0482832305 0.0623225644 -0.0492203087 0.9968416691
74.8 -151.0 2702.8 0.9931047559 0.0727804303 -0.0919017643 -0.0691228509 0.9967076778 0.0423776098 0.0946834534 -0.0357328914 0.9948658943
46.6 -537.9 2716.6 0.9911624789 -0.0912659317 -0.0962674916 0.0897520930 0.9957643151 -0.0199490879 0.0976804048 0.0111325784 0.9951555729
-199.4 -265.1 2631.9 0 0 0 0 0 0 0 0 0
167.5 -246.1 2637.0 0 0 0 0 0 0 0 0 0
-89.7 -818.0 2713.6 0 0 0 0 0 0 0 0 0
72.4 -820.1 2713.5 0 0 0 0 0 0 0 0 0
-13.0 438.3 2719.9 1 0.9972558022 0.0048906412 -0.0738711730 -0.0080340430 0.9990720153 -0.0423154719 0.0735956654 0.0427928343 0.9963696599
-14.0 241.2 2711.5 0.9972558022 0.0048906412 -0.0738711730 -0.0080340430 0.9990720153 -0.0423154719 0.0735956654 0.0427928343 0.9963696599
-14.2 47.3 2704.2 0.9972683191 0.0010609702 -0.0738566071 -0.0038348231 0.9992920756 -0.0374256074 0.0737646148 0.0376066007 0.9965663552
-150.2 241.7 2701.4 0.2200915068 -0.6648125648 -0.7138515115 0.9754698873 0.1467898786 0.1640465558 -0.0042740372 -0.7324458957 0.6808118224
-208.7 -17.6 2702.5 -0.0367026739 -0.6663633585 -0.7447233200 0.9619873762 0.1782467663 -0.2069018483 0.2706163228 -0.7240082622 0.6344910264
122.3 240.7 2721.6 0.1984800994 0.6582439542 0.7261684537 -0.9798315167 0.1507626623 0.1311520189 -0.0231490657 -0.7375537753 0.6748915315
170.3 3.8 2716.0 -0.0103128068 0.6606289744 0.7506417036 -0.9538509250 0.2187948227 -0.2056628019 -0.3001033366 -0.7181212902 0.6278851628
-104.4 -143.9 2688.7 0.9977297783 -0.0244100317 -0.0627645925 0.0259214919 0.9993905425 0.0233808719 0.0621556081 -0.0249547437 0.9977544546
-95.0 -531.9 2698.3 0.9977656603 -0.0213405341 -0.0633111894 0.0243055467 0.9986254573 0.0464378968 0.0622331575 -0.0478729531 0.9969128370
74.3 -145.3 2701.8 0.9930542111 0.0711343139 -0.0937188864 -0.0679491013 0.9970115423 0.0367544964 0.0960533172 -0.0301310960 0.9949200153
46.6 -532.4 2713.5 0.9909310937 -0.0927664489 -0.0972109064 0.0918438807 0.9956759214 -0.0139322337 0.0980830118 0.0048776567 0.9951663017
-199.4 -261.8 2633.8 0 0 0 0 0 0 0 0 0
167.7 -239.7 2639.3 0 0 0 0 0 0 0 0 0
-88.9 -815.3 2711.9 0 0 0 0 0 0 0 0 0
73.7 -823.0 2712.0 0 0 0 0 0 0 0 0 0
-12.5 440.0 2727.4 2 0.9970194101 0.0040220553 -0.0770465434 -0.0085840607 0.9982227683 -0.0589717329 0.0766724274 0.0594573319 0.9952819347
-13.3 242.9 2715.7 0.9970194101 0.0040220553 -0.0770465434 -0.0085840607 0.9982227683 -0.0589717329 0.0766724274 0.0594573319 0.9952819347
-13.7 49.0 2706.1 0.9970273972 0.0021945320 -0.0770166442 -0.0060118111 0.9987626076 -0.0493675582 0.0768130049 0.0496838167 0.9958068728
-149.5 243.7 2705.2 0.2170428932 -0.6617237926 -0.7176447511 0.9760297537 0.1592132747 0.1483813524 0.0160711035 -0.7326477766 0.6804181933
-207.8 -18.7 2700.9 -0.0299067572 -0.6623362303 -0.7486096025 0.9650872946 0.1758402884 -0.1941305846 0.2602154315 -0.7282794118 0.6339534521
123.0 242.1 2726.2 0.1930031776 0.6593875289 0.7266070843 -0.9800366163 0.1655704230 0.1100665107 -0.0477281623 -0.7333447933 0.6781795025
170.2 2.1 2714.5 -0.0103331450 0.6612576842 0.7500876784 -0.9514858723 0.2241887301 -0.2107465118 -0.3075189590 -0.7158755064 0.6268607378
-103.7 -146.4 2690.3 0.9974969625 -0.0254572537 -0.0659675673 0.0265771132 0.9995162487 0.0161541663 0.0655244142 -0.0178669598 0.9976909757
-93.8 -534.4 2697.2 0.9976934195 -0.0119929342 -0.0668132231 0.0154132778 0.9985840321 0.0509146638 0.0661080033 -0.0518270358 0.9964656234
75.0 -147.0 2703.5 0.9927248955 0.0725028068 -0.0961279497 -0.0695393309 0.9970053434 0.0338326320 0.0982930362 -0.0269018244 0.9947938323
46.8 -534.1 2713.9 0.9911602736 -0.0872835219 -0.0999145582 0.0856808499 0.9961172342 -0.0202289000 0.1012922674 0.0114893178 0.9947903752
-200.2 -263.6 2634.8 0 0 0 0 0 0 0 0 0
167.6 -240.8 2636.0 0 0 0 0 0 0 0 0 0
-90.4 -819.1 2712.0 0 0 0 0 0 0 0 0 0
71.8 -818.7 2710.6 0 0 0 0 0 0 0 0 0
-12.2 437.5 2721.7 3 0.9980271459 0.0047077220 -0.0626073778 -0.0071884147 0.9991953969 -0.0394569859 0.0623712540 0.0398291908 0.9972579479
-13.1 239.6 2713.8 0.9980271459 0.0047077220 -0.0626073778 -0.0071884147 0.9991953969 -0.0394569859 0.0623712540 0.0398291908 0.9972579479
-13.8 45.7 2706.9 0.9980329275 0.0035535085 -0.0625909343 -0.0057832240 0.9993537068 -0.0354785547 0.0624244064 0.0357707441 0.9974084496
-149.5 240.4 2705.3 0.2202297151 -0.6691281796 -0.7097649574 0.9753122330 0.1631920934 0.1487764269 0.0162775293 -0.7250074148 0.6885486841
-207.5 -16.5 2701.0 -0.0312163681 -0.6693413854 -0.7422989011 0.9663969278 0.1693717837 -0.1933654398 0.2551519871 -0.7233915329 0.6415622830
123.2 238.8 2722.3 0.1964518875 0.6496281624 0.7344316840 -0.9801481962 0.1505526155 0.1290096045 -0.0267623290 -0.7451960444 0.6663082242
170.3 4.0 2715.9 -0.0246008653 0.6526672840 0.7572451234 -0.9528723955 0.2137998492 -0.2152297199 -0.3023723066 -0.7268528342 0.6166489720
-103.4 -144.3 2689.5 0.9983658791 -0.0261436701 -0.0508147255 0.0263976250 0.9996421337 0.0043328619 0.0506832637 -0.0056671691 0.9986987114
-93.3 -532.3 2691.7 0.9985195398 -0.0130716991 -0.0528003089 0.0176335052 0.9960629344 0.0868775994 0.0514567904 -0.0876800343 0.9948188066
75.2 -145.4 2703.3 0.9944635034 0.0653999001 -0.0822504833 -0.0623416826 0.9972839952 0.0392185487 0.0845919847 -0.0338737816 0.9958397150
49.8 -532.5 2716.4 0.9934880137 -0.0737125352 -0.0868794471 0.0709081367 0.9968707561 -0.0349390768 0.0891830251 0.0285510942 0.9956059456
-199.5 -261.8 2636.2 0 0 0 0 0 0 0 0 0
164.0 -239.3 2638.7 0 0 0 0 0 0 0 0 0
-89.4 -826.6 2717.6 0 0 0 0 0 0 0 0 0
70.8 -815.5 2708.3 0 0 0 0 0 0 0 0 0
-12.9 436.9 2718.3 4 0.9982169271 0.0039482331 -0.0595601909 -0.0061063375 0.9993296862 -0.0360956378 0.0593777522 0.0363949686 0.9975718856
-13.7 239.6 2711.1 0.9982169271 0.0039482331 -0.0595601909 -0.0061063375 0.9993296862 -0.0360956378 0.0593777522 0.0363949686 0.9975718856
-14.3 45.6 2705.0 0.9982213974 0.0029203251 -0.0595439114 -0.0047945757 0.9994966984 -0.0313582495 0.0594223700 0.0315879621 0.9977329969
-150.1 240.2 2703.0 0.2156063020 -0.6728162169 -0.7076950669 0.9764575362 0.1535083205 0.1515448242 0.0066752685 -0.7237082124 0.6900738478
-207.3 -18.8 2701.3 -0.0280832350 -0.6737579107 -0.7384183407 0.9635831714 0.1782759726 -0.1993116438 0.2659300268 -0.7171248198 0.6442152262
122.7 238.9 2719.3 0.1946014613 0.6458029747 0.7382877469 -0.9802441597 0.1551881582 0.1226296499 -0.0353789181 -0.7475661635 0.6632444263
170.0 0.5 2710.7 -0.0158478618 0.6475660205 0.7618445158 -0.9587078094 0.2065396905 -0.1955012381 -0.2839511037 -0.7334845662 0.6175533533
-103.9 -147.8 2694.3 0.9985763431 -0.0246212166 -0.0473193862 0.0241775364 0.9996584058 -0.0099259512 0.0475476086 0.0087677538 0.9988304973
-94.3 -535.8 2690.9 0.9986439943 -0.0156299751 -0.0496579520 0.0203422569 0.9951875210 0.0958540589 0.0479207784 -0.0967342332 0.9941559434
75.0 -148.8 2705.5 0.9945336580 0.0672324523 -0.0798912793 -0.0647050440 0.9973312616 0.0338170379 0.0819516778 -0.0284628123 0.9962297678
48.9 -536.0 2716.6 0.9933937788 -0.0782559291 -0.0839332789 0.0761059821 0.9966917634 -0.0285206046 0.0858875141 0.0219443664 0.9960631132
-200.2 -263.4 2633.8 0 0 0 0 0 0 0 0 0
166.0 -244.3 2638.2 0 0 0 0 0 0 0 0 0
-89.8 -821.0 2718.7 0 0 0 0 0 0 0 0 0
71.1 -818.8 2710.4 0 0 0 0 0 0 0 0 0
-16.3 435.5 2707.7 5 0.9983259439 -0.0069738943 -0.0574162342 0.0064287740 0.9999325275 -0.0096734306 0.0574798211 0.0092881210 0.9983034730
-14.9 237.1 2705.8 0.9983259439 -0.0069738943 -0.0574162342 0.0064287740 0.9999325275 -0.0096734306 0.0574798211 0.0092881210 0.9983034730
-13.6 43.1 2703.7 0.9983291626 -0.0065900930 -0.0574062169 0.0059594447 0.9999200702 -0.0111499913 0.0574751087 0.0107892519 0.9982886314
-151.3 236.3 2698.0 0.2137098610 -0.6738969684 -0.7072417736 0.9768437743 0.1398471892 0.1619227678 -0.0102134869 -0.7254692316 0.6881788373
-207.1 -18.9 2700.6 -0.0256106276 -0.6751724482 -0.7372152209 0.9659987092 0.1730772257 -0.1920698434 0.2572754323 -0.7170679569 0.6477831006
121.5 237.9 2713.6 0.2000113726 0.6432763934 0.7390473485 -0.9796551466 0.1439766735 0.1398088783 -0.0164698269 -0.7519748807 0.6589859724
169.8 1.0 2709.7 -0.0175248086 0.6454714537 0.7635833621 -0.9603632689 0.2016274631 -0.1924805641 -0.2782000899 -0.7366905808 0.6163535714
-104.2 -148.0 2693.6 0.9986669421 -0.0248338692 -0.0452508256 0.0251240879 0.9996671677 0.0058560758 0.0450903364 -0.0069851549 0.9989584684
-94.6 -536.1 2696.3 0.9987308383 -0.0185264293 -0.0468346216 0.0219562463 0.9970304370 0.0738122389 0.0453280658 -0.0747468695 0.9961718321
74.6 -148.9 2704.2 0.9944594502 0.0689225942 -0.0793728977 -0.0660616532 0.9970868826 0.0381260999 0.0817694291 -0.0326713547 0.9961156249
47.9 -536.0 2716.9 0.9928690195 -0.0849765390 -0.0836070925 0.0831116885 0.9962127805 -0.0255443770 0.0854611248 0.0184134934 0.9961713552
-200.6 -264.1 2635.3 0 0 0 0 0 0 0 0 0
165.4 -244.2 2638.6 0 0 0 0 0 0 0 0 0
-89.3 -820.3 2717.6 0 0 0 0 0 0 0 0 0
72.1 -819.8 2711.6 0 0 0 0 0 0 0 0 0
-14.4 434.1 2702.8 6 0.9984529018 -0.0009449334 -0.0555960871 0.0009434276 0.9999995828 -0.0000533306 0.0555961095 0.0000007972 0.9984533191
-14.3 236.4 2702.8 0.9984529018 -0.0009449334 -0.0555960871 0.0009434276 0.9999995828 -0.0000533306 0.0555961095 0.0000007972 0.9984533191
-14.0 42.3 2703.0 0.9984524250 -0.0012805643 -0.0555973500 0.0013429032 0.9999985099 0.0010839121 0.0555958785 -0.0011568965 0.9984526634
-150.7 236.2 2695.2 0.2132389545 -0.6757408977 -0.7056226730 0.9766869545 0.1291553527 0.1714686304 -0.0247334279 -0.7257362604 0.6875282526
-207.1 -22.5 2701.8 -0.0262224115 -0.6786806583 -0.7339652181 0.9594208598 0.1891208142 -0.2091529071 0.2807561457 -0.7096660137 0.6461811662
122.2 236.6 2710.4 0.1973984241 0.6428661346 0.7401060462 -0.9803226590 0.1303393245 0.1482536495 -0.0011576700 -0.7548077703 0.6559450626
169.8 0.1 2710.1 -0.0071492880 0.6459053755 0.7633839846 -0.9581613541 0.2140204906 -0.1900579035 -0.2861392200 -0.7328038216 0.6173514724
-101.8 -151.5 2696.5 0.9987586141 -0.0254709721 -0.0428066365 0.0252310913 0.9996628165 -0.0061348598 0.0429484621 0.0050471858 0.9990645647
-91.9 -539.6 2694.5 0.9989691377 -0.0074564521 -0.0447783992 0.0108976290 0.9969635010 0.0771037787 0.0440675095 -0.0775122717 0.9960170388
77.1 -150.5 2706.8 0.9939869642 0.0752713457 -0.0795246363 -0.0738344491 0.9970523119 0.0208612680 0.0808604732 -0.0148641700 0.9966145754
47.9 -537.5 2712.5 0.9933196306 -0.0818624943 -0.0813302994 0.0818597227 0.9966381788 -0.0033740397 0.0813330859 -0.0033061760 0.9966815114
-200.5 -266.0 2630.5 0 0 0 0 0 0 0 0 0
168.0 -244.6 2637.1 0 0 0 0 0 0 0 0 0
-89.8 -821.5 2716.4 0 0 0 0 0 0 0 0 0
71.5 -825.3 2713.5 0 0 0 0 0 0 0 0 0
-13.1 431.6 2699.9 7 0.9970740080 0.0010746774 -0.0764348581 -0.0005890979 0.9999794960 0.0063751177 0.0764401406 -0.0063114366 0.9970542192
-13.4 234.1 2701.1 0.9970740080 0.0010746774 -0.0764348581 -0.0005890979 0.9999794960 0.0063751177 0.0764401406 -0.0063114366 0.9970542192
-13.1 40.0 2702.3 0.9970738292 -0.0012113303 -0.0764348283 0.0016718773 0.9999808073 0.0059616552 0.0764261410 -0.0060720001 0.9970567822
-149.6 233.9 2690.7 0.2180114537 -0.6611646414 -0.7178665400 0.9753665924 0.1222596467 0.1836097986 -0.0336301923 -0.7402120829 0.6715319157
-207.0 -23.1 2699.6 -0.0425878838 -0.6655150652 -0.7451684475 0.9570854306 0.1868219823 -0.2215513587 0.2866595984 -0.7226252556 0.6289983988
122.8 234.4 2711.6 0.1960818768 0.6590465903 0.7260919213 -0.9805324078 0.1239290088 0.1523080468 0.0103942407 -0.7418215275 0.6705167890
170.0 -1.4 2714.1 -0.0075141136 0.6626532078 0.7488886714 -0.9562392831 0.2142925709 -0.1992111206 -0.2924891710 -0.7176136971 0.6320448518
-103.2 -151.9 2698.3 0.9977263808 -0.0221384782 -0.0636549294 0.0220899396 0.9997549057 -0.0014662807 0.0636717901 0.0000568134 0.9979708791
