-96.9 520.5 2395.0 0 0.9998164177 -0.0164867695 -0.0097631626 0.0166307334 0.9997513890 0.0148527529 0.0095158610 -0.0150123946 0.9998420477
-93.6 320.0 2398.0 0.9998164177 -0.0164867695 -0.0097631626 0.0166307334 0.9997513890 0.0148527529 0.0095158610 -0.0150123946 0.9998420477
-90.6 121.2 2400.2 0.9998405576 -0.0149921346 -0.0097023668 0.0150985662 0.9998255968 0.0109909745 0.0095358966 -0.0111357141 0.9998925328
-234.3 317.8 2396.6 0.1812635362 -0.9064509273 -0.3814318478 0.9831162095 0.1768877059 0.0468316860 0.0250199810 -0.3834807277 0.9232099056
-284.9 43.4 2389.7 0.0128208157 -0.9072369337 -0.4204244614 0.9447023273 0.1487767994 -0.2922379076 0.3276784122 -0.3934292197 0.8589763045
47.1 322.1 2399.3 0.1951190829 0.5747745037 0.7947092652 -0.9801963568 0.1422180980 0.1378009319 -0.0338175781 -0.8058587313 0.5911413431
102.1 45.8 2389.8 -0.0080065224 0.5779172182 0.8160561323 -0.9576076865 0.2305788100 -0.1726873666 -0.2879642546 -0.7828442454 0.5515718460
-179.2 -81.0 2401.7 0.9993107915 0.0291862544 -0.0229373295 -0.0294818804 0.9994851947 -0.0126575725 0.0225560945 0.0133250840 0.9996567965
-190.8 -478.4 2396.4 0.9976475239 -0.0662468597 -0.0176293012 0.0682031065 0.9851102829 0.1578166336 0.0069119488 -0.1586477458 0.9873110652
4.3 -78.5 2405.1 0.9996011853 -0.0270574521 -0.0080845701 0.0269741137 0.9995836020 -0.0102455821 0.0083584236 0.0100234216 0.9999148250
15.0 -475.9 2401.2 0.9984402061 -0.0543316565 -0.0128551004 0.0557312258 0.9836745858 0.1711092889 0.0033485852 -0.1715588123 0.9851681590
-288.5 -222.1 2297.6 0 0 0 0 0 0 0 0 0
99.9 -225.2 2308.3 0 0 0 0 0 0 0 0 0
-171.2 -770.4 2443.5 0 0 0 0 0 0 0 0 0
31.4 -771.7 2452.8 0 0 0 0 0 0 0 0 0
-97.0 522.0 2396.9 1 0.9998049736 -0.0145221427 -0.0133816600 0.0146788564 0.9998239279 0.0116882166 0.0132095665 -0.0118823647 0.9998421669
-94.0 321.5 2399.3 0.9998049736 -0.0145221427 -0.0133816600 0.0146788564 0.9998239279 0.0116882166 0.0132095665 -0.0118823647 0.9998421669
-91.3 122.8 2400.7 0.9998146296 -0.0139031941 -0.0133182881 0.0140003553 0.9998758435 0.0072300732 0.0132161137 -0.0074151936 0.9998851418
-234.8 319.6 2397.4 0.1800852120 -0.9057493210 -0.3836502731 0.9834045768 0.1745111644 0.0496109575 0.0220161658 -0.3862176239 0.9221448898
-285.0 45.4 2391.3 0.0220868811 -0.9062637687 -0.4221352637 0.9437068701 0.1582904756 -0.2904504240 0.3300446868 -0.3919568062 0.8587434888
46.7 323.5 2401.1 0.1898543537 0.5772237182 0.7942091227 -0.9808230996 0.1478086412 0.1270381808 -0.0440615304 -0.8030973673 0.5942164063
100.0 47.9 2388.7 -0.0010922092 0.5793455243 0.8150812984 -0.9595468640 0.2288767248 -0.1639673710 -0.2815468907 -0.7822877765 0.5556591749
-179.4 -78.9 2401.5 0.9993706942 0.0233356506 -0.0267151576 -0.0239145644 0.9994814992 -0.0215594210 0.0261982027 0.0221847352 0.9994105697
-188.6 -476.3 2392.7 0.9981469512 -0.0567689873 -0.0219063815 0.0596110225 0.9845245481 0.1647966355 0.0122120325 -0.1657971293 0.9860842824
4.1 -76.1 2403.3 0.9992392659 -0.0371815525 -0.0117654316 0.0370322652 0.9992338419 -0.0126620810 0.0122272139 0.0122167487 0.9998506308
18.9 -473.4 2398.4 0.9989666939 -0.0413692594 -0.0188182928 0.0441217422 0.9820764661 0.1832458377 0.0109002590 -0.1838867813 0.9828869700
-291.2 -219.7 2298.5 0 0 0 0 0 0 0 0 0
99.7 -223.6 2309.1 0 0 0 0 0 0 0 0 0
-171.9 -765.7 2441.5 0 0 0 0 0 0 0 0 0
31.4 -771.3 2454.2 0 0 0 0 0 0 0 0 0
-97.7 521.1 2397.3 2 0.9997256398 -0.0169899054 -0.0161224175 0.0171674266 0.9997928143 0.0109370565 0.0159332585 -0.0112108365 0.9998102188
-94.3 320.8 2399.6 0.9997256398 -0.0169899054 -0.0161224175 0.0171674266 0.9997928143 0.0109370565 0.0159332585 -0.0112108365 0.9998102188
-91.2 122.0 2400.9 0.9997470379 -0.0157578439 -0.0160491820 0.0158633031 0.9998532534 0.0064650523 0.0159449503 -0.0067180097 0.9998502731
-235.0 318.6 2397.3 0.1796275228 -0.9045645595 -0.3866483271 0.9833834171 0.1756147742 0.0460051931 0.0262864903 -0.3884873688 0.9210790396
-284.7 46.7 2390.1 0.0217432659 -0.9051539898 -0.4245274365 0.9448643923 0.1573800147 -0.2871633172 0.3267391622 -0.3948769867 0.8586696982
46.4 323.0 2401.8 0.1887620538 0.5796187520 0.7927237749 -0.9810652733 0.1469442844 0.1261678189 -0.0433569998 -0.8015294671 0.5963813066
99.0 49.4 2389.7 0.0013949634 0.5821103454 0.8131086230 -0.9562273026 0.2387101501 -0.1692538410 -0.2926216722 -0.7772805095 0.5569627881
-180.3 -77.3 2401.0 0.9993928075 0.0190030821 -0.0292041060 -0.0193926897 0.9997259378 -0.0131160459 0.0289468560 0.0136744278 0.9994874001
-187.8 -474.8 2395.6 0.9981703162 -0.0547866747 -0.0255813822 0.0581133887 0.9861003757 0.1556561589 0.0166979264 -0.1568579823 0.9874799848
3.2 -74.7 2403.4 0.9990283251 -0.0416495316 -0.0144141912 0.0414401591 0.9990352988 -0.0145316049 0.0150055205 0.0139201581 0.9997904897
19.8 -471.9 2397.9 0.9992607236 -0.0312931351 -0.0223335288 0.0348495878 0.9825914502 0.1824816316 0.0162343122 -0.1831250340 0.9829555750
-290.8 -218.7 2298.3 0 0 0 0 0 0 0 0 0
99.4 -221.2 2306.9 0 0 0 0 0 0 0 0 0
-171.5 -768.6 2442.3 0 0 0 0 0 0 0 0 0
29.3 -771.2 2453.7 0 0 0 0 0 0 0 0 0
-96.2 519.8 2398.6 3 0.9987838268 -0.0188668240 -0.0455518179 0.0191763565 0.9997958541 0.0063677481 0.0454223789 -0.0072335214 0.9989416599
-92.5 319.6 2400.0 0.9987838268 -0.0188668240 -0.0455518179 0.0191763565 0.9997958541 0.0063677481 0.0454223789 -0.0072335214 0.9989416599
-88.9 120.9 2400.9 0.9988014698 -0.0180437826 -0.0454982370 0.0182201732 0.9998279810 0.0034650925 0.0454278886 -0.0042899251 0.9989584088
-233.0 317.1 2393.6 0.1867979318 -0.8928819895 -0.4097173512 0.9822833538 0.1761386096 0.0639892220 0.0150322225 -0.4144115746 0.9099653959
-284.7 45.3 2389.5 0.0213472228 -0.8932183385 -0.4491161108 0.9452573657 0.1643430740 -0.2819218040 0.3256268501 -0.4185120463 0.8478294611
48.0 322.2 2406.4 0.1839125752 0.5997858644 0.7787381411 -0.9807063341 0.1653777659 0.1042365655 -0.0662663579 -0.7828838229 0.6186288595
99.6 47.4 2387.8 0.0081645492 0.6006747484 0.7994518280 -0.9584536552 0.2326648980 -0.1650263220 -0.2851315141 -0.7648901343 0.5776184797
-179.8 -78.2 2400.8 0.9980517626 0.0221362077 -0.0583328232 -0.0223377701 0.9997465611 -0.0028055201 0.0582559370 0.0041030794 0.9982932210
-188.6 -475.7 2399.2 0.9968306422 -0.0580465905 -0.0543991514 0.0654337257 0.9871658683 0.1456774473 0.0452449061 -0.1487752795 0.9878354073
3.7 -75.3 2403.7 0.9982785583 -0.0393587314 -0.0434840210 0.0382835530 0.9989469051 -0.0252882056 0.0444335379 0.0235799495 0.9987339973
19.3 -472.5 2394.3 0.9981601238 -0.0325676352 -0.0511444993 0.0420697778 0.9794241786 0.1973788738 0.0436639935 -0.1991673559 0.9789922237
-290.7 -220.3 2298.0 0 0 0 0 0 0 0 0 0
101.9 -223.9 2307.1 0 0 0 0 0 0 0 0 0
-171.2 -770.8 2443.6 0 0 0 0 0 0 0 0 0
29.3 -772.3 2455.3 0 0 0 0 0 0 0 0 0
-96.9 519.4 2399.2 4 0.9980217218 -0.0214675292 -0.0590917803 0.0217903685 0.9997509122 0.0048243348 0.0589734986 -0.0061024223 0.9982408881
-92.6 319.1 2400.4 0.9980217218 -0.0214675292 -0.0590917803 0.0217903685 0.9997509122 0.0048243348 0.0589734986 -0.0061024223 0.9982408881
-88.5 120.4 2401.1 0.9980385303 -0.0208309535 -0.0590356812 0.0209957454 0.9997771978 0.0021723961 0.0589772761 -0.0034076329 0.9982535243
-233.1 316.2 2392.1 0.1866438836 -0.8880628943 -0.4201289713 0.9823970795 0.1720836908 0.0726854652 0.0077480790 -0.4262997806 0.9045487642
-284.6 44.9 2389.9 0.0220882725 -0.8882566094 -0.4588161409 0.9476112127 0.1648796648 -0.2735831439 0.3186614811 -0.4287363291 0.8453638554
47.8 322.1 2408.7 0.1902912408 0.6074321270 0.7712427974 -0.9785430431 0.1805847585 0.0992102399 -0.0790112019 -0.7735731006 0.6287621856
101.7 44.7 2386.3 0.0064637167 0.6082774997 0.7936980724 -0.9536771178 0.2424744964 -0.1780620217 -0.3007626832 -0.7557807565 0.5816676617
-176.9 -79.6 2397.6 0.9969327450 0.0312743038 -0.0717424378 -0.0313684493 0.9995078444 -0.0001856963 0.0717013255 0.0024355757 0.9974231720
-189.3 -477.0 2396.6 0.9959690571 -0.0604430735 -0.0662739947 0.0697712600 0.9863837361 0.1489264071 0.0563700236 -0.1529501081 0.9866248965
6.3 -76.2 2405.9 0.9978265762 -0.0333925150 -0.0568071678 0.0317262746 0.9990467429 -0.0299849827 0.0577542894 0.0281175338 0.9979348183
19.6 -473.4 2394.7 0.9975817800 -0.0294075124 -0.0629741400 0.0415446237 0.9786920547 0.2010867000 0.0557188317 -0.2032166719 0.9775471091
-290.8 -221.4 2300.4 0 0 0 0 0 0 0 0 0
103.6 -225.2 2301.2 0 0 0 0 0 0 0 0 0
-171.3 -771.3 2442.2 0 0 0 0 0 0 0 0 0
28.6 -774.0 2457.1 0 0 0 0 0 0 0 0 0
-97.3 518.0 2398.5 5 0.9980207086 -0.0231036376 -0.0584880188 0.0234777536 0.9997079968 0.0057172710 0.0583388507 -0.0070791226 0.9982717633
-92.6 317.7 2399.9 0.9980207086 -0.0231036376 -0.0584880188 0.0234777536 0.9997079968 0.0057172710 0.0583388507 -0.0070791226 0.9982717633
-88.1 118.9 2401.1 0.9980269074 -0.0228920579 -0.0584655330 0.0232085418 0.9997193813 0.0047398009 0.0583406240 -0.0060873488 0.9982782006
-233.1 314.4 2391.7 0.1882674396 -0.8884648085 -0.4185518324 0.9821177125 0.1701385379 0.0806081295 -0.0004056826 -0.4262430668 0.9046086073
-285.0 43.4 2391.8 0.0229294989 -0.8884927034 -0.4583175182 0.9448923469 0.1690149307 -0.2803790271 0.3265772164 -0.4266317487 0.8434053659
47.8 320.9 2408.1 0.2003440410 0.6044743061 0.7710208297 -0.9761426449 0.1904002726 0.1043710858 -0.0837129280 -0.7735363841 0.6281986833
104.3 45.6 2384.5 0.0056852377 0.6050971150 0.7961313725 -0.9532278776 0.2438773364 -0.1785511225 -0.3021991849 -0.7578794956 0.5781819224
-175.9 -80.3 2396.3 0.9968324900 0.0349948481 -0.0714169964 -0.0354704484 0.9993561506 -0.0054017585 0.0711819828 0.0079178410 0.9974319339
-189.8 -477.7 2393.2 0.9958344102 -0.0644530132 -0.0644953102 0.0742407963 0.9838040471 0.1631498933 0.0529352427 -0.1672584563 0.9844909906
7.2 -76.5 2407.2 0.9977602959 -0.0364148840 -0.0561096296 0.0348214544 0.9989692569 -0.0291195177 0.0571121797 0.0271004811 0.9979999065
21.7 -473.7 2396.4 0.9977033734 -0.0252923593 -0.0628348663 0.0371350497 0.9800726771 0.1951371431 0.0566472597 -0.1970223635 0.9787610769
-291.5 -222.1 2300.0 0 0 0 0 0 0 0 0 0
105.9 -224.2 2299.0 0 0 0 0 0 0 0 0 0
-170.3 -775.3 2443.8 0 0 0 0 0 0 0 0 0
29.4 -772.6 2456.5 0 0 0 0 0 0 0 0 0
-95.0 517.9 2400.1 6 0.9980073571 -0.0182900913 -0.0603890978 0.0181438066 0.9998309612 -0.0029698918 0.0604332089 0.0018682856 0.9981704950
-91.4 317.6 2399.8 0.9980073571 -0.0182900913 -0.0603890978 0.0181438066 0.9998309612 -0.0029698918 0.0604332089 0.0018682856 0.9981704950
-87.8 118.8 2399.5 0.9980145693 -0.0178417414 -0.0604033135 0.0177422520 0.9998401999 -0.0021830809 0.0604326129 0.0011070558 0.9981716871
-231.8 315.1 2391.2 0.1906378716 -0.8871320486 -0.4203021526 0.9816274643 0.1757831722 0.0742144361 0.0080440324 -0.4267282188 0.9043441415
-285.0 41.5 2389.0 0.0179675184 -0.8872785568 -0.4608838856 0.9422314763 0.1692324430 -0.2890679240 0.3344802856 -0.4290654659 0.8390624523
49.1 320.1 2408.3 0.1939592659 0.6084252000 0.7695444226 -0.9775693417 0.1855095923 0.0997212455 -0.0820849463 -0.7716249228 0.6307591200
104.0 43.4 2385.0 0.0186028909 0.6087779403 0.7931225300 -0.9497571588 0.2586442828 -0.1762510836 -0.3124343753 -0.7499950528 0.5830027461
-175.1 -82.0 2397.0 0.9967089295 0.0356476717 -0.0728050098 -0.0354819186 0.9993639588 0.0035692020 0.0728859305 -0.0009741944 0.9973397851
-189.3 -479.3 2397.4 0.9957957268 -0.0627846643 -0.0667006448 0.0723318607 0.9857288599 0.1520090848 0.0562049113 -0.1561945826 0.9861258864
8.0 -77.7 2407.7 0.9977406859 -0.0333332866 -0.0583302528 0.0314701386 0.9989737868 -0.0325738490 0.0593561828 0.0306645930 0.9977657795
21.3 -474.9 2395.5 0.9975106120 -0.0287292954 -0.0643983483 0.0408877470 0.9796953797 0.1962783784 0.0574518219 -0.1984228790 0.9784312248
-290.0 -223.2 2295.0 0 0 0 0 0 0 0 0 0
109.2 -225.4 2296.6 0 0 0 0 0 0 0 0 0
-170.4 -774.9 2444.2 0 0 0 0 0 0 0 0 0
30.0 -771.9 2455.6 0 0 0 0 0 0 0 0 0
-96.6 517.8 2400.5 7 0.9987422228 -0.0201246552 -0.0459234416 0.0201021098 0.9997974634 -0.0009527544 0.0459333174 0.0000283980 0.9989445210
-92.6 317.8 2400.4 0.9987422228 -0.0201246552 -0.0459234416 0.0201021098 0.9997974634 -0.0009527544 0.0459333174 0.0000283980 0.9989445210
-88.8 119.0 2400.2 0.9987604618 -0.0192573555 -0.0458991267 0.0191771388 0.9998137355 -0.0021874171 0.0459326990 0.0013044918 0.9989436865
-233.2 315.1 2394.0 0.1875073016 -0.8931871057 -0.4087270200 0.9821758866 0.1760359257 0.0658927113 0.0130961230 -0.4137971997 0.9102748632
-285.1 42.8 2390.4 0.0199710280 -0.8934172392 -0.4487836957 0.9421078563 0.1670907140 -0.2907121181 0.3347148001 -0.4169968069 0.8450323343
47.9 320.5 2406.9 0.2023670971 0.5962161422 0.7769001722 -0.9758245349 0.1896344870 0.1086518392 -0.0825470909 -0.7801058292 0.6201781034
105.4 43.5 2383.5 0.0192516893 0.5961877108 0.8026142120 -0.9543572068 0.2502628267 -0.1630056351 -0.2980464697 -0.7628425360 0.5737940073
-175.8 -81.6 2393.8 0.9977586865 0.0330615528 -0.0581767187 -0.0326623358 0.9994360209 0.0077999318 0.0584017858 -0.0058822618 0.9982758164
-189.0 -479.0 2396.1 0.9969220757 -0.0582786761 -0.0524400324 0.0660125688 0.9848319292 0.1604630053 0.0422930494 -0.1634308249 0.9856478572
7.3 -78.4 2404.9 0.9984682202 -0.0331125297 -0.0443262123 0.0324024558 0.9993363023 -0.0166431777 0.0448478945 0.0151814045 0.9988784790
20.5 -475.7 2398.8 0.9982605577 -0.0310832039 -0.0500968732 0.0398758426 0.9818564653 0.1853855401 0.0434255600 -0.1870607287 0.9813880324
-290.8 -221.9 2296.3 0 0 0 0 0 0 0 0 0
110.8 -226.6 2299.1 0 0 0 0 0 0 0 0 0
-171.4 -776.2 2445.4 0 0 0 0 0 0 0 0 0
29.9 -773.2 2455.5 0 0 0 0 0 0 0 0 0
-96.0 517.2 2399.6 8 0.9988796711 -0.0190367978 -0.0433245450 0.0191369820 0.9998150468 0.0018987951 0.0432803854 -0.0027257688 0.9990592599
-92.2 317.3 2400.2 0.9988796711 -0.0190367978 -0.0433245450 0.0191369820 0.9998150468 0.0018987951 0.0432803854 -0.0027257688 0.9990592599
-88.7 118.6 2400.6 0.9989065528 -0.0175938569 -0.0433144756 0.0176688544 0.9998430014 0.0013491999 0.0432839394 -0.0021130419 0.9990605712
-232.8 314.9 2394.1 0.1880255044 -0.8937193751 -0.4073230326 0.9820513725 0.1773590446 0.0641787276 0.0148846526 -0.4120793641 0.9110263586
-285.0 42.5 2389.9 0.0224538874 -0.8940047622 -0.4474944770 0.9431130290 0.1674561948 -0.2872216105 0.3317132294 -0.4155886173 0.8469075561
48.3 319.8 2406.3 0.1991852373 0.5952370763 0.7784715891 -0.9769969583 0.1823681742 0.1105384901 -0.0761718377 -0.7825820446 0.6178699136
104.1 46.3 2384.9 0.0318439156 0.5945913792 0.8033971786 -0.9534474015 0.2592329979 -0.1540660113 -0.2998733819 -0.7610908747 0.5751665831
-176.6 -81.5 2395.7 0.9980078340 0.0291780364 -0.0559379905 -0.0292201973 0.9995729923 0.0000642314 0.0559159815 0.0015704157 0.9984342456
-188.2 -478.9 2395.1 0.9969146252 -0.0601330735 -0.0504500903 0.0676040053 0.9843780994 0.1625713706 0.0398860462 -0.1654804200 0.9854061604
6.7 -78.0 2404.1 0.9985740781 -0.0334382541 -0.0416139178 0.0327214636 0.9993062019 -0.0177885648 0.0421798639 0.0164015312 0.9989753962
20.0 -475.3 2397.6 0.9984207153 -0.0296856407 -0.0476948470 0.0383258462 0.9806612730 0.1919234395 0.0410751216 -0.1934482902 0.9802502990
-291.3 -222.5 2296.7 0 0 0 0 0 0 0 0 0
113.1 -223.6 2300.1 0 0 0 0 0 0 0 0 0
-170.1 -775.5 2444.9 0 0 0 0 0 0 0 0 0
29.0 -774.6 2456.7 0 0 0 0 0 0 0 0 0
-94.6 517.2 2399.7 9 0.9997928143 -0.0088581247 -0.0183279887 0.0088759009 0.9999601841 0.0008888025 0.0183193851 -0.0010512957 0.9998316169
-92.8 317.3 2399.9 0.9997928143 -0.0088581247 -0.0183279887 0.0088759009 0.9999601841 0.0008888025 0.0183193851 -0.0010512957 0.9998316169
-91.1 118.5 2399.8 0.9997954965 -0.0085756723 -0.0183146540 0.0085653700 0.9999631047 -0.0006408624 0.0183194727 0.0004838595 0.9998320937
-233.5 316.0 2397.3 0.1849693507 -0.9033466578 -0.3869769871 0.9824279547 0.1799610853 0.0494908206 0.0249334369 -0.3893313110 0.9207602739
-285.0 42.2 2390.4 0.0290475897 -0.9038103819 -0.4269461930 0.9421010613 0.1675041169 -0.2904960811 0.3340685964 -0.3937882483 0.8563463092
47.8 318.5 2402.5 0.2080559433 0.5784855485 0.7887123823 -0.9762869477 0.1721220613 0.1312927008 -0.0598038770 -0.7973258495 0.6005789042
105.8 46.3 2385.8 0.0245626494 0.5784811974 0.8153258562 -0.9553344250 0.2538445890 -0.1513244957 -0.2945044339 -0.7751919031 0.5588780642
-176.9 -81.8 2397.0 0.9990407825 0.0308306813 -0.0310957953 -0.0310226325 0.9995023608 -0.0057093017 0.0309042986 0.0066684987 0.9995000958
-189.1 -479.2 2394.4 0.9978778362 -0.0599613227 -0.0253870692 0.0633360818 0.9843080044 0.1647004634 0.0151130389 -0.1659588665 0.9860168695
6.4 -78.6 2405.0 0.9992027283 -0.0362652428 -0.0166958962 0.0358781740 0.9990931153 -0.0229269639 0.0175122079 0.0223096665 0.9995977283
20.8 -475.8 2396.1 0.9993098378 -0.0281266514 -0.0242647193 0.0323707461 0.9797843099 0.1974204630 0.0182214156 -0.1980696768 0.9800185561
-293.2 -222.5 2296.5 0 0 0 0 0 0 0 0 0
112.8 -224.1 2302.5 0 0 0 0 0 0 0 0 0
-171.3 -772.7 2443.9 0 0 0 0 0 0 0 0 0
29.3 -772.5 2456.1 0 0 0 0 0 0 0 0 0
-95.6 514.1 2399.2 0 0.9998401403 -0.0128341867 -0.0124510536 0.0128532778 0.9999163151 0.0014544685 0.0124313449 -0.0016142727 0.9999214411
-93.0 314.2 2399.6 0.9998401403 -0.0128341867 -0.0124510536 0.0128532778 0.9999163151 0.0014544685 0.0124313449 -0.0016142727 0.9999214411
-90.2 115.5 2399.4 0.9998214841 -0.0142431958 -0.0124170063 0.0142311230 0.9998981953 -0.0010601298 0.0124308411 0.0008832326 0.9999223351
-233.7 312.2 2397.8 0.1878495812 -0.9056620598 -0.3801167607 0.9820389152 0.1801445633 0.0561024919 0.0176660717 -0.3838282824 0.9232354760
-285.0 44.2 2393.0 0.0431369729 -0.9057997465 -0.4215044379 0.9421673417 0.1772326380 -0.2844454944 0.3323549926 -0.3848576248 0.8610602617
47.7 316.2 2401.3 0.2068889141 0.5756412745 0.7910967469 -0.9771161675 0.1624049842 0.1373630762 -0.0494061969 -0.8014123440 0.5960682034
104.8 46.5 2387.7 0.0315350294 0.5753237605 0.8173176050 -0.9554597139 0.2574178278 -0.1443357468 -0.2934319377 -0.7763624191 0.5578163862
-181.1 -81.1 2398.1 0.9994725585 0.0206504166 -0.0250635799 -0.0206949692 0.9997847080 -0.0015194655 0.0250268057 0.0020373540 0.9996846914
-189.3 -478.6 2397.3 0.9978168011 -0.0624625534 -0.0214486588 0.0650745928 0.9852959514 0.1579783410 0.0112655470 -0.1590292007 0.9872096181
2.3 -79.5 2401.4 0.9988477230 -0.0467812158 -0.0107112378 0.0465315245 0.9986638427 -0.0224811509 0.0117486212 0.0219568368 0.9996898770
20.9 -476.6 2392.7 0.9992148876 -0.0334138200 -0.0212872867 0.0371469595 0.9769601822 0.2101640105 0.0137744481 -0.2107897699 0.9774343371
-297.1 -220.5 2299.6 0 0 0 0 0 0 0 0 0
113.7 -223.9 2304.6 0 0 0 0 0 0 0 0 0
-170.8 -771.1 2444.5 0 0 0 0 0 0 0 0 0
30.9 -768.7 2455.7 0 0 0 0 0 0 0 0 0
-95.5 516.1 2400.5 1 0.9993180037 -0.0159809086 -0.0332888551 0.0160213131 0.9998711944 0.0009473823 0.0332694277 -0.0014800674 0.9994453192
-92.3 316.2 2400.8 0.9993180037 -0.0159809086 -0.0332888551 0.0160213131 0.9998711944 0.0009473823 0.0332694277 -0.0014800674 0.9994453192
-88.9 117.4 2400.5 0.9992998242 -0.0171805266 -0.0332363583 0.0171162207 0.9998510480 -0.0022184050 0.0332695208 0.0016479710 0.9994450808
-232.9 313.8 2396.1 0.1877870113 -0.8983938694 -0.3970195353 0.9821595550 0.1758401096 0.0666545033 0.0099299615 -0.4024533927 0.9153866172
-285.1 40.8 2393.4 0.0381315723 -0.8981681466 -0.4379954040 0.9392325282 0.1818570495 -0.2911532819 0.3411571383 -0.4002774060 0.8505232334
48.3 318.6 2405.5 0.1923340559 0.5918751359 0.7827460766 -0.9795151949 0.1642696559 0.1164707318 -0.0596453100 -0.7891129851 0.6113453507
102.6 42.4 2388.7 0.0623834953 0.5885983109 0.8060151339 -0.9532933831 0.2742756605 -0.1265092939 -0.2955334783 -0.7604767680 0.5782170892
-179.1 -84.6 2398.1 0.9985876083 0.0269836634 -0.0457672104 -0.0269175991 0.9996355176 0.0020592795 0.0458060987 -0.0008244276 0.9989500046
-189.8 -482.1 2398.4 0.9970303774 -0.0650644526 -0.0411946811 0.0706213787 0.9858245850 0.1521924734 0.0307084080 -0.1546497494 0.9874920249
4.4 -82.0 2400.4 0.9984919429 -0.0448147543 -0.0317096785 0.0442446955 0.9988502264 -0.0184567217 0.0325003527 0.0170259029 0.9993267059
22.2 -479.2 2393.6 0.9989060163 -0.0222306512 -0.0411414243 0.0304369368 0.9769931436 0.2110876292 0.0355022736 -0.2121089250 0.9766009450
-295.8 -223.1 2297.5 0 0 0 0 0 0 0 0 0
120.2 -227.3 2305.1 0 0 0 0 0 0 0 0 0
-170.8 -770.7 2443.7 0 0 0 0 0 0 0 0 0
28.9 -772.2 2457.2 0 0 0 0 0 0 0 0 0
-95.6 516.1 2399.6 2 0.9998659492 -0.0139846932 -0.0085153962 0.0140227284 0.9998918772 0.0044234679 0.0084526148 -0.0045422837 0.9999539852
-92.8 315.7 2400.6 0.9998659492 -0.0139846932 -0.0085153962 0.0140227284 0.9998918772 0.0044234679 0.0084526148 -0.0045422837 0.9999539852
-89.8 116.9 2401.0 0.9998521209 -0.0149590075 -0.0084800906 0.0149763403 0.9998858571 0.0019841429 0.0084494427 -0.0021108503 0.9999620914
-233.5 313.6 2399.4 0.1860925108 -0.9064646959 -0.3790664375 0.9821285009 0.1826733500 0.0453213900 0.0281630978 -0.3807259500 0.9242589474
-284.9 42.2 2391.6 0.0405368060 -0.9070780277 -0.4190061688 0.9456709623 0.1702185273 -0.2770054936 0.3225882053 -0.3850130737 0.8646975160
47.8 317.8 2401.7 0.2008371204 0.5753542185 0.7928631306 -0.9790608883 0.1453416497 0.1425326020 -0.0332292914 -0.8048871160 0.5924968719
104.2 43.2 2392.4 0.0735313371 0.5707208514 0.8178452253 -0.9514073133 0.2860311568 -0.1140627787 -0.2990272045 -0.7697167397 0.5640202761
-177.1 -82.9 2397.1 0.9992877245 0.0313369744 -0.0210251287 -0.0312216952 0.9994957447 0.0057889540 0.0211959351 -0.0051283906 0.9997621775
-189.6 -480.3 2399.2 0.9978629351 -0.0633101314 -0.0161669571 0.0650436729 0.9860328436 0.1533249617 0.0062341266 -0.1540488601 0.9880435467
6.2 -79.8 2403.2 0.9992873073 -0.0370694511 -0.0071260077 0.0369906910 0.9992563128 -0.0108837103 0.0075241616 0.0106123574 0.9999153614
21.0 -477.1 2399.0 0.9995450377 -0.0264334604 -0.0145237371 0.0287394822 0.9808204770 0.1927829832 0.0091492571 -0.1931126863 0.9811339378
-296.3 -223.5 2301.0 0 0 0 0 0 0 0 0 0
125.0 -226.4 2307.7 0 0 0 0 0 0 0 0 0
-170.8 -772.3 2444.8 0 0 0 0 0 0 0 0 0
28.9 -772.1 2457.1 0 0 0 0 0 0 0 0 0
-94.5 515.8 2399.7 3 0.9998325109 -0.0092397016 -0.0157989059 0.0092687011 0.9999554753 0.0017632896 0.0157819111 -0.0019094296 0.9998736382
-92.7 315.6 2400.1 0.9998325109 -0.0092397016 -0.0157989059 0.0092687011 0.9999554753 0.0017632896 0.0157819111 -0.0019094296 0.9998736382
-90.9 116.8 2400.0 0.9998345375 -0.0090505322 -0.0157781206 0.0090436190 0.9999589920 -0.0005094687 0.0157820843 0.0003666931 0.9998753667
-233.3 314.3 2397.9 0.1862726957 -0.9042785168 -0.3841651082 0.9822551012 0.1800958514 0.0523485914 0.0218488369 -0.3870992661 0.9217791557
-285.0 41.7 2391.8 0.0436487719 -0.9046076536 -0.4240044653 0.9463558197 0.1734486073 -0.2726284266 0.3201647401 -0.3893591762 0.8636515141
48.0 316.9 2402.3 0.1928057224 0.5828742385 0.7893564701 -0.9807459712 0.1399184912 0.1362357289 -0.0310372710 -0.8004251719 0.5986286402
102.0 42.3 2393.6 0.0950125158 0.5750786662 0.8125621080 -0.9486309290 0.2997549772 -0.1012241170 -0.3017813563 -0.7612039447 0.5740178823
-178.6 -83.2 2400.6 0.9992742538 0.0260033198 -0.0278352592 -0.0255077723 0.9995123148 0.0180123653 0.0282900669 -0.0172892772 0.9994502068
-188.9 -480.6 2407.5 0.9978880882 -0.0599432103 -0.0250243507 0.0625327602 0.9907622933 0.1203315854 0.0175801218 -0.1216422990 0.9924182892
4.8 -80.5 2402.2 0.9990361929 -0.0414241739 -0.0145155303 0.0412372798 0.9990655184 -0.0129465349 0.0150382649 0.0123354765 0.9998108149
21.3 -477.7 2397.3 0.9992807508 -0.0302897543 -0.0228142925 0.0341660082 0.9801796675 0.1951423734 0.0164512899 -0.1957814991 0.9805095196
-297.3 -224.2 2301.9 0 0 0 0 0 0 0 0 0
128.9 -226.6 2308.1 0 0 0 0 0 0 0 0 0
-171.5 -768.9 2442.9 0 0 0 0 0 0 0 0 0
30.4 -771.2 2455.9 0 0 0 0 0 0 0 0 0
-94.4 516.0 2399.2 4 0.9999687672 -0.0050935722 -0.0060428334 0.0051249187 0.9999734163 0.0051832800 0.0060162717 -0.0052140872 0.9999682903
-93.4 315.8 2400.3 0.9999687672 -0.0050935722 -0.0060428334 0.0051249187 0.9999734163 0.0051832800 0.0060162717 -0.0052140872 0.9999682903
-92.3 117.0 2401.2 0.9999681711 -0.0052191759 -0.0060385917 0.0052455538 0.9999767542 0.0043606563 0.0060156924 -0.0043921932 0.9999722838
-234.1 315.1 2399.4 0.1834952086 -0.9073695540 -0.3781666160 0.9825313687 0.1814250499 0.0414373912 0.0310098697 -0.3791641295 0.9248096943
-285.0 42.5 2390.8 0.0553310178 -0.9072897434 -0.4168498814 0.9446318746 0.1828045249 -0.2724943459 0.3234333694 -0.3786922693 0.8671695590
47.3 316.6 2401.1 0.1895995885 0.5757852197 0.7953133583 -0.9815123677 0.1327440739 0.1378856152 -0.0261806324 -0.8067529798 0.5903085470
100.2 42.7 2393.8 0.1092929244 0.5654132366 0.8175346255 -0.9502897859 0.3006717265 -0.0809064507 -0.2915551364 -0.7680523396 0.5701677203
-180.8 -82.8 2398.5 0.9996648431 0.0186730437 -0.0179319419 -0.0181866921 0.9994723201 0.0269125868 0.0184250195 -0.0265774429 0.9994769692
-188.2 -480.2 2409.1 0.9982051849 -0.0576481968 -0.0162196402 0.0591330603 0.9916343093 0.1147374511 0.0094695445 -0.1154906377 0.9932634234
2.7 -81.2 2401.4 0.9988867044 -0.0469031855 -0.0050452971 0.0468892381 0.9988960624 -0.0028481623 0.0051733153 0.0026084213 0.9999831915
21.3 -478.3 2400.4 0.9994171262 -0.0312721767 -0.0136898737 0.0332525633 0.9825161099 0.1831838340 0.0077219643 -0.1835322976 0.9829833508
-300.6 -222.9 2300.0 0 0 0 0 0 0 0 0 0
131.1 -226.1 2311.4 0 0 0 0 0 0 0 0 0
-171.2 -773.2 2443.2 0 0 0 0 0 0 0 0 0
30.6 -769.0 2454.7 0 0 0 0 0 0 0 0 0
-95.1 516.7 2398.5 5 0.9991248846 -0.0121771060 -0.0400151424 0.0124909999 0.9998930693 0.0076037250 0.0399182737 -0.0080968998 0.9991701245
-92.7 316.2 2400.1 0.9991248846 -0.0121771060 -0.0400151424 0.0124909999 0.9998930693 0.0076037250 0.0399182737 -0.0080968998 0.9991701245
-90.1 117.4 2401.3 0.9991165400 -0.0129267043 -0.0399875268 0.0131530985 0.9998989105 0.0054037054 0.0399136320 -0.0059248917 0.9991855621
-233.2 314.4 2394.5 0.1778001487 -0.8959822655 -0.4069433808 0.9838514328 0.1704977602 0.0544694029 0.0205793176 -0.4100564718 0.9118279219
-283.5 35.8 2388.7 0.0654166490 -0.8942426443 -0.4427761436 0.9405367374 0.2034827769 -0.2720025182 0.3333335817 -0.3986537457 0.8543792367
47.8 318.1 2405.8 0.1830498129 0.6008391976 0.7781291604 -0.9824280143 0.1411359608 0.1221304312 -0.0364412554 -0.7868118286 0.6161161661
99.5 41.0 2395.5 0.1275592446 0.5875527859 0.7990684509 -0.9464795589 0.3129427135 -0.0790146813 -0.2964879572 -0.7462229133 0.5960254073
-183.0 -82.2 2401.5 0.9985316992 0.0145738404 -0.0521734394 -0.0136898011 0.9997572899 0.0172617007 0.0524123460 -0.0165221114 0.9984888434
-188.8 -479.7 2408.1 0.9970017672 -0.0585578345 -0.0505807176 0.0638701990 0.9917948842 0.1107407212 0.0436809622 -0.1136393026 0.9925613999
0.4 -81.3 2402.6 0.9978542924 -0.0531430170 -0.0382439345 0.0526164770 0.9985073805 -0.0146459453 0.0389651805 0.0126022585 0.9991611242
21.6 -478.3 2397.6 0.9983654022 -0.0305916481 -0.0482773967 0.0392167494 0.9811396003 0.1892804205 0.0415764675 -0.1908643097 0.9807355404
-301.8 -227.4 2295.4 0 0 0 0 0 0 0 0 0
135.4 -225.4 2312.0 0 0 0 0 0 0 0 0 0
-171.4 -774.5 2441.8 0 0 0 0 0 0 0 0 0
30.7 -770.4 2454.4 0 0 0 0 0 0 0 0 0
-94.7 518.9 2399.6 6 0.9996809363 -0.0114215901 -0.0225305408 0.0115552433 0.9999163747 0.0058108782 0.0224622879 -0.0060693701 0.9997292757
-92.4 318.2 2400.9 0.9996809363 -0.0114215901 -0.0225305408 0.0115552433 0.9999163747 0.0058108782 0.0224622879 -0.0060693701 0.9997292757
-89.7 119.4 2402.1 0.9996569753 -0.0133540826 -0.0225308780 0.0134888031 0.9998919964 0.0058380007 0.0224504825 -0.0061399126 0.9997290969
-233.0 316.3 2397.7 0.1579772830 -0.9054238200 -0.3940188885 0.9870412350 0.1561741829 0.0368669294 0.0281553846 -0.3947370350 0.9183626175
-278.6 31.1 2389.6 0.0835889652 -0.9018441439 -0.4238986671 0.9337389469 0.2194640040 -0.2827847004 0.3480581939 -0.3721730113 0.8604317307
48.3 320.1 2404.0 0.1907990277 0.5872057080 0.7866289616 -0.9811280966 0.1396761835 0.1337093264 -0.0313584544 -0.7972953916 0.6027741432
102.5 41.0 2395.1 0.1144268364 0.5761238337 0.8093131781 -0.9481941462 0.3063753843 -0.0840358287 -0.2963686883 -0.7577700615 0.5813347697
-179.2 -82.6 2398.9 0.9991012216 0.0246086139 -0.0345138460 -0.0236136131 0.9993020296 0.0289463010 0.0352020822 -0.0281052869 0.9989849329
-188.9 -479.8 2410.1 0.9977374673 -0.0588659793 -0.0324762389 0.0620365553 0.9922918081 0.1072774604 0.0259109139 -0.1090494543 0.9936985373
4.1 -80.1 2406.2 0.9990930557 -0.0371234939 -0.0208558533 0.0368666835 0.9992411733 -0.0125661632 0.0213065259 0.0117858797 0.9997035265
18.8 -477.4 2401.5 0.9988032579 -0.0404297523 -0.0275231786 0.0446821265 0.9831365943 0.1773299724 0.0198896378 -0.1783475429 0.9837664962
-302.1 -230.8 2291.9 0 0 0 0 0 0 0 0 0
134.6 -225.1 2311.9 0 0 0 0 0 0 0 0 0
-171.5 -773.3 2442.3 0 0 0 0 0 0 0 0 0
30.8 -768.1 2454.3 0 0 0 0 0 0 0 0 0
-94.6 517.1 2399.2 7 0.9989698529 -0.0128877964 -0.0435101353 0.0132895662 0.9998715520 0.0089573245 0.0433891080 -0.0095263282 0.9990128279
-92.0 316.5 2401.1 0.9989698529 -0.0128877964 -0.0435101353 0.0132895662 0.9998715520 0.0089573245 0.0433891080 -0.0095263282 0.9990128279
-89.2 117.8 2402.7 0.9989504814 -0.0143843256 -0.0434866063 0.0147123206 0.9998655915 0.0072318148 0.0433767363 -0.0078640133 0.9990278482
-232.5 314.5 2395.0 0.1715760231 -0.8950734735 -0.4115885496 0.9848237038 0.1669202298 0.0475384220 0.0261520725 -0.4134986103 0.9101290703
-282.2 29.5 2387.5 0.0697001293 -0.8928239942 -0.4449799955 0.9384764433 0.2099296302 -0.2742107213 0.3382364213 -0.3984907269 0.8525264263
48.5 318.6 2407.2 0.1914253235 0.6015734076 0.7755422592 -0.9806767106 0.1497239023 0.1259202212 -0.0403669477 -0.7846605778 0.6186099648
102.7 40.9 2395.8 0.1229079068 0.5892948508 0.7985143661 -0.9457764626 0.3133215010 -0.0856532380 -0.3006667495 -0.7446886897 0.5958508849
-178.7 -80.6 2401.3 0.9980523586 0.0279884804 -0.0557507053 -0.0269183870 0.9994404316 0.0198537372 0.0562751889 -0.0183143485 0.9982473254
-189.9 -478.0 2408.6 0.9965590239 -0.0638033077 -0.0529077537 0.0694419891 0.9912031889 0.1126677990 0.0452537537 -0.1159541383 0.9922231436
4.6 -78.1 2405.4 0.9983144999 -0.0402269736 -0.0418317765 0.0398371704 0.9991550446 -0.0101109538 0.0422031619 0.0084274523 0.9990735054
20.6 -475.4 2402.0 0.9982044697 -0.0351180397 -0.0485240184 0.0430719443 0.9837940931 0.1740516424 0.0416252911 -0.1758291423 0.9835402369
-301.6 -232.4 2293.1 0 0 0 0 0 0 0 0 0
137.3 -224.8 2311.3 0 0 0 0 0 0 0 0 0
-170.8 -774.0 2443.2 0 0 0 0 0 0 0 0 0
31.1 -769.2 2454.5 0 0 0 0 0 0 0 0 0
-94.4 516.8 2398.5 8 0.9990866780 -0.0157659799 -0.0397147723 0.0163334422 0.9997684956 0.0140047232 0.0394847803 -0.0146406116 0.9991129041
-91.2 316.4 2401.4 0.9990866780 -0.0157659799 -0.0397147723 0.0163334422 0.9997684956 0.0140047232 0.0394847803 -0.0146406116 0.9991129041
-87.9 117.6 2403.7 0.9990748763 -0.0166135505 -0.0396652631 0.0170601457 0.9997945428 0.0109472312 0.0394752398 -0.0116137993 0.9991530776
-231.8 314.0 2395.9 0.1864040792 -0.8936395645 -0.4082423747 0.9820214510 0.1820707470 0.0498409308 0.0297891684 -0.4101933241 0.9115119576
-285.0 33.6 2387.4 0.0627730116 -0.8927993774 -0.4460592270 0.9455216527 0.1962575763 -0.2597533762 0.3194501698 -0.4054531455 0.8564807773
49.4 318.8 2407.0 0.1794665903 0.5995633602 0.7799458504 -0.9829770923 0.1409952193 0.1177979037 -0.0393413231 -0.7878096700 0.6146610379
100.9 36.7 2395.7 0.1431475282 0.5828918219 0.7998411655 -0.9416273832 0.3290287256 -0.0712597743 -0.3047074676 -0.7429516912 0.5959665179
-177.9 -82.4 2400.3 0.9982628226 0.0278421789 -0.0519249849 -0.0265797935 0.9993378520 0.0248459671 0.0525823720 -0.0234226491 0.9983418584
-189.0 -479.7 2409.6 0.9969530702 -0.0602969378 -0.0494861305 0.0652772933 0.9922088385 0.1061154976 0.0427021384 -0.1090224907 0.9931216836
5.3 -79.7 2408.2 0.9984332919 -0.0417170674 -0.0372911282 0.0408939905 0.9989085793 -0.0225686748 0.0381919257 0.0210083332 0.9990495443
21.9 -476.8 2399.9 0.9984503388 -0.0325650014 -0.0451267250 0.0403840430 0.9819220901 0.1849273443 0.0382887721 -0.1864631772 0.9817155600
-302.5 -229.6 2298.5 0 0 0 0 0 0 0 0 0
141.2 -228.7 2309.8 0 0 0 0 0 0 0 0 0
-171.3 -771.4 2441.7 0 0 0 0 0 0 0 0 0
31.7 -771.3 2455.8 0 0 0 0 0 0 0 0 0
-93.8 514.7 2398.6 9 0.9990406632 -0.0194648542 -0.0392277427 0.0200815704 0.9996799231 0.0153891882 0.0389156379 -0.0161621813 0.9991117716
-89.9 314.5 2401.9 0.9990406632 -0.0194648542 -0.0392277427 0.0200815704 0.9996799231 0.0153891882 0.0389156379 -0.0161621813 0.9991117716
-86.0 115.7 2404.3 0.9990421534 -0.0195431001 -0.0391512327 0.0200060327 0.9997341037 0.0114675015 0.0389167108 -0.0122397784 0.9991675019
-230.5 311.6 2396.4 0.1917461604 -0.8934159279 -0.4062528908 0.9811691642 0.1843039095 0.0577851087 0.0232478604 -0.4096828699 0.9119317532
-285.6 29.4 2389.7 0.0628146678 -0.8923914433 -0.4468689561 0.9410680532 0.2020584047 -0.2712256312 0.3323330581 -0.4034971595 0.8524932861
50.7 317.3 2407.4 0.1845539361 0.5973279476 0.7804737091 -0.9817172289 0.1496884376 0.1175782159 -0.0465951338 -0.7879040241 0.6140327454
103.6 35.9 2394.0 0.1406474710 0.5816109180 0.8012159467 -0.9442706108 0.3220636547 -0.0680297017 -0.2976093590 -0.7469964623 0.5944955349
-176.2 -82.7 2402.4 0.9981071949 0.0337739438 -0.0513940193 -0.0324016847 0.9991019368 0.0273039211 0.0522700250 -0.0255869869 0.9983051419
-189.7 -479.9 2412.6 0.9967594743 -0.0639513209 -0.0487929657 0.0685862079 0.9926082492 0.1001239270 0.0420292430 -0.1031460017 0.9937778711
7.1 -79.6 2409.7 0.9986248612 -0.0374964215 -0.0366393737 0.0366686396 0.9990625381 -0.0230095368 0.0374678001 0.0216343794 0.9990636110
22.0 -476.8 2401.1 0.9987018704 -0.0263824817 -0.0435729027 0.0339442678 0.9825032949 0.1831259429 0.0379792005 -0.1843672544 0.9821233749
-303.1 -231.7 2297.5 0 0 0 0 0 0 0 0 0
143.4 -231.5 2309.7 0 0 0 0 0 0 0 0 0
-170.8 -773.0 2443.1 0 0 0 0 0 0 0 0 0
29.9 -770.3 2456.2 0 0 0 0 0 0 0 0 0
-92.2 517.5 2406.2 0 0.9992957711 -0.0192759354 -0.0321929008 0.0189576689 0.9997686148 -0.0101624029 0.0323813446 0.0095449444 0.9994300008
-88.3 317.1 2404.3 0.9992957711 -0.0192759354 -0.0321929008 0.0189576689 0.9997686148 -0.0101624029 0.0323813446 0.0095449444 0.9994300008
-84.4 118.4 2402.7 0.9992844462 -0.0198116340 -0.0322203636 0.0195389055 0.9997707605 -0.0087574692 0.0323864780 0.0081216525 0.9994423985
-228.9 314.3 2399.7 0.1931682676 -0.8963522315 -0.3990471959 0.9804524183 0.1918471158 0.0436782725 0.0374049395 -0.3996840417 0.9158895016
-285.7 26.2 2388.7 0.0649723187 -0.8959445357 -0.4393881261 0.9438921809 0.1980551928 -0.2642756999 0.3237994611 -0.3975644410 0.8585432172
52.3 319.8 2408.9 0.1816183627 0.5938194394 0.7838324308 -0.9817603827 0.1550674587 0.1100026667 -0.0562251769 -0.7895141244 0.6111515164
104.9 35.5 2392.6 0.1396355778 0.5788052082 0.8034216762 -0.9475815296 0.3135924339 -0.0612291656 -0.2873867154 -0.7527577877 0.5922538042
-173.8 -84.9 2403.2 0.9982646108 0.0397713482 -0.0434288494 -0.0382389873 0.9986355901 0.0355629139 0.0447839797 -0.0338405222 0.9984233379
-189.6 -481.9 2416.6 0.9970854521 -0.0641973838 -0.0412228927 0.0676722005 0.9937015772 0.0893175602 0.0352292992 -0.0918468833 0.9951497316
9.5 -81.2 2410.3 0.9992136359 -0.0254271999 -0.0304230154 0.0248137861 0.9994844794 -0.0203732885 0.0309253670 0.0196023583 0.9993294477
19.6 -478.6 2402.5 0.9986472130 -0.0385531932 -0.0348904803 0.0442186482 0.9827156663 0.1797625870 0.0273569990 -0.1810622215 0.9830910563
-303.6 -234.1 2299.5 0 0 0 0 0 0 0 0 0
144.6 -233.5 2311.0 0 0 0 0 0 0 0 0 0
-170.6 -775.9 2443.8 0 0 0 0 0 0 0 0 0
31.1 -771.9 2456.6 0 0 0 0 0 0 0 0 0
-92.3 519.7 2402.0 1 0.9975004196 -0.0234151240 -0.0666682944 0.0240724795 0.9996690154 0.0090737883 0.0664337650 -0.0106559787 0.9977339506
-87.6 318.8 2404.1 0.9975004196 -0.0234151240 -0.0666682944 0.0240724795 0.9996690154 0.0090737883 0.0664337650 -0.0106559787 0.9977339506
-83.0 120.1 2405.8 0.9975005984 -0.0235500149 -0.0666184053 0.0240657665 0.9996862411 0.0069498727 0.0664338320 -0.0085357251 0.9977543354
-227.9 315.4 2394.8 0.1783216596 -0.8851781487 -0.4297220111 0.9837972522 0.1686255485 0.0608968176 0.0185575783 -0.4336185455 0.9009054303
-280.4 26.1 2389.3 0.0865090340 -0.8818185925 -0.4635862410 0.9454376101 0.2193809748 -0.2408728004 0.3141081035 -0.4174541831 0.8526828885
52.7 322.2 2413.5 0.1808542013 0.6164093614 0.7663754225 -0.9813406467 0.1648247838 0.0990115851 -0.0652859956 -0.7699819803 0.6347168088
105.5 35.5 2394.4 0.1382560581 0.6022415757 0.7862508297 -0.9458798766 0.3156277537 -0.0754346177 -0.2935924530 -0.7332695723 0.6132856011
-172.2 -82.2 2398.1 0.9958692193 0.0464436300 -0.0780226216 -0.0426817462 0.9978760481 0.0492106974 0.0801424235 -0.0456772782 0.9957363009
-190.6 -478.9 2416.3 0.9949076176 -0.0660916865 -0.0760969967 0.0728104264 0.9933492541 0.0891955867 0.0696958080 -0.0942820236 0.9931029081
11.2 -78.6 2404.0 0.9976397157 -0.0231404789 -0.0646494702 0.0225705504 0.9996998310 -0.0095322570 0.0648506433 0.0080505842 0.9978625178
20.4 -476.0 2400.8 0.9971329570 -0.0334527455 -0.0678731874 0.0452817641 0.9824354053 0.1810255200 0.0606252179 -0.1835799366 0.9811335206
-304.3 -235.4 2302.5 0 0 0 0 0 0 0 0 0
145.0 -234.5 2310.6 0 0 0 0 0 0 0 0 0
-170.7 -777.7 2444.6 0 0 0 0 0 0 0 0 0
30.6 -774.4 2456.6 0 0 0 0 0 0 0 0 0
-91.2 522.7 2400.4 2 0.9976012707 -0.0153207090 -0.0675053000 0.0163483489 0.9997583628 0.0146970171 0.0672638193 -0.0157653634 0.9976106882
-88.1 321.6 2403.6 0.9976012707 -0.0153207090 -0.0675053000 0.0163483489 0.9997583628 0.0146970171 0.0672638193 -0.0157653634 0.9976106882
-85.0 122.9 2405.9 0.9975976348 -0.0158250295 -0.0674431026 0.0165836774 0.9998052120 0.0107037090 0.0672605783 -0.0117964493 0.9976657033
-228.4 319.3 2394.1 0.1634996086 -0.8878072500 -0.4301932156 0.9865278006 0.1495840549 0.0662379488 0.0055435160 -0.4352274835 0.9003034830
-277.2 24.8 2392.4 0.1115421355 -0.8812069893 -0.4593828022 0.9428797960 0.2398639321 -0.2311774641 0.3139045835 -0.4073567390 0.8576272130
52.3 324.0 2413.0 0.1823285222 0.6177754402 0.7649247646 -0.9814918637 0.1606941968 0.1041684747 -0.0585662387 -0.7697603106 0.6356406808
105.7 36.6 2395.9 0.1393596232 0.6037869453 0.7848695517 -0.9500966668 0.3049211800 -0.0658737794 -0.2790970802 -0.7365217805 0.6161497235
-169.8 -80.8 2401.5 0.9955812097 0.0499301590 -0.0795299262 -0.0473775677 0.9983094931 0.0336670242 0.0810764804 -0.0297503229 0.9962638021
-189.7 -477.7 2413.3 0.9952346087 -0.0608024560 -0.0762308985 0.0680513903 0.9930125475 0.0964109823 0.0698362142 -0.1011391655 0.9924181700
13.1 -76.4 2413.6 0.9976581931 -0.0212617982 -0.0650082827 0.0188089199 0.9990963936 -0.0381138101 0.0657599047 0.0368018188 0.9971565604
21.5 -473.4 2399.0 0.9974508882 -0.0212530289 -0.0681178793 0.0336559303 0.9818834662 0.1864729226 0.0629207045 -0.1882901639 0.9800958037
-308.0 -235.3 2305.9 0 0 0 0 0 0 0 0 0
145.6 -235.6 2315.9 0 0 0 0 0 0 0 0 0
-171.3 -777.4 2443.8 0 0 0 0 0 0 0 0 0
28.0 -772.0 2456.3 0 0 0 0 0 0 0 0 0
-89.7 521.1 2400.6 3 0.9969715476 -0.0127070658 -0.0767218545 0.0137997288 0.9998105168 0.0137285404 0.0765328631 -0.0147457058 0.9969580173
-87.1 320.5 2403.5 0.9969715476 -0.0127070658 -0.0767218545 0.0137997288 0.9998105168 0.0137285404 0.0765328631 -0.0147457058 0.9969580173
-84.7 121.7 2406.2 0.9969816804 -0.0119884955 -0.0767063498 0.0129825156 0.9998379350 0.0124732414 0.0765443817 -0.0134314345 0.9969757199
-227.4 318.6 2392.8 0.1631463915 -0.8844064474 -0.4372738898 0.9865957499 0.1446822286 0.0754713193 -0.0034815602 -0.4437254369 0.8961560130
-275.6 26.9 2393.8 0.1241889745 -0.8760212660 -0.4660084248 0.9422476888 0.2513330877 -0.2213615626 0.3110407591 -0.4116047025 0.8566418290
53.2 322.3 2414.3 0.1749598682 0.6244287491 0.7612344027 -0.9822947383 0.1633005142 0.0918148533 -0.0669781342 -0.7638204694 0.6419441104
104.0 36.8 2394.9 0.1271377653 0.6129118204 0.7798557878 -0.9528694153 0.2938165963 -0.0755754858 -0.2754556835 -0.7334922552 0.6213801503
-173.4 -77.4 2402.1 0.9951027632 0.0423249826 -0.0893257782 -0.0404797867 0.9989299178 0.0223692060 0.0901769698 -0.0186437704 0.9957512617
