-13.3 433.5 2696.1 4 0.9952312112 0.0026861341 -0.0975073278 -0.0013355821 0.9999023080 0.0139134023 0.0975351706 -0.0137168225 0.9951375723
-13.8 235.7 2698.8 0.9952312112 0.0026861341 -0.0975073278 -0.0013355821 0.9999023080 0.0139134023 0.0975351706 -0.0137168225 0.9951375723
-13.9 41.5 2700.7 0.9952340722 0.0004678657 -0.0975137204 0.0004956159 0.9999513030 0.0098560145 0.0975135863 -0.0098573714 0.9951853752
-149.8 235.6 2685.5 0.2242135555 -0.6463242173 -0.7293787003 0.9735788703 0.1153212041 0.1970919818 -0.0432724878 -0.7542983294 0.6551041603
-209.9 -25.6 2697.1 -0.0603441261 -0.6505880356 -0.7570295930 0.9607005119 0.1680115759 -0.2209675461 0.2709485888 -0.7406128049 0.6148817539
122.1 235.7 2712.1 0.1958374679 0.6713643670 0.7147849798 -0.9806279540 0.1370919496 0.1399092674 -0.0040611676 -0.7283375859 0.6852064133
170.0 -4.0 2711.1 -0.0202855039 0.6738572121 0.7385830879 -0.9589182138 0.1959595978 -0.2051237524 -0.2829565704 -0.7124017477 0.6421988010
-103.3 -153.9 2694.4 0.9961295724 -0.0226739366 -0.0849218890 0.0239844546 0.9996079803 0.0144435912 0.0845611095 -0.0164244939 0.9962829351
-94.5 -541.9 2700.8 0.9960516095 -0.0230748765 -0.0857247785 0.0276483800 0.9982353449 0.0525525436 0.0843608603 -0.0547151938 0.9949318767
75.0 -153.9 2710.7 0.9901987910 0.0672902018 -0.1223863140 -0.0658545941 0.9977050424 0.0157421958 0.1231647357 -0.0075282021 0.9923576713
48.9 -541.3 2713.6 0.9889965653 -0.0811044723 -0.1237249300 0.0811747536 0.9966897964 -0.0044813459 0.1236788332 -0.0056113051 0.9923064113
-194.6 -269.5 2628.3 0 0 0 0 0 0 0 0 0
164.8 -248.9 2638.9 0 0 0 0 0 0 0 0 0
-88.1 -817.2 2715.9 0 0 0 0 0 0 0 0 0
72.0 -825.6 2715.2 0 0 0 0 0 0 0 0 0
-13.4 433.9 2695.0 5 0.9957911968 0.0013686856 -0.0916406289 0.0000508158 0.9998800755 0.0154857449 0.0916508362 -0.0154252248 0.9956717491
-13.6 236.1 2698.1 0.9957911968 0.0013686856 -0.0916406289 0.0000508158 0.9998800755 0.0154857449 0.0916508362 -0.0154252248 0.9956717491
-13.4 42.0 2700.3 0.9957915545 -0.0009932392 -0.0916414261 0.0020314362 0.9999347925 0.0112363230 0.0916242898 -0.0113752000 0.9957286716
-149.7 235.9 2685.6 0.2198204547 -0.6510259509 -0.7265288830 0.9745422602 0.1128663495 0.1937230676 -0.0441180766 -0.7506173849 0.6592625976
-208.3 -24.2 2697.3 -0.0472495928 -0.6553551555 -0.7538415194 0.9616255164 0.1743502468 -0.2118452489 0.2702663541 -0.7349228263 0.6219682693
122.4 236.4 2710.6 0.1949139684 0.6684853435 0.7177296281 -0.9808050394 0.1287539154 0.1464374363 0.0054807779 -0.7324955463 0.6807497740
169.9 -2.8 2711.9 -0.0199483335 0.6718442440 0.7404237986 -0.9573331475 0.2007117122 -0.2079136521 -0.2882972956 -0.7129797339 0.6391748786
-103.1 -152.6 2693.9 0.9966345429 -0.0214157309 -0.0791263506 0.0230028331 0.9995509982 0.0192009807 0.0786796138 -0.0209564902 0.9966796637
-94.8 -540.6 2702.0 0.9967011809 -0.0144251641 -0.0798664615 0.0189566780 0.9982353449 0.0562743656 0.0789137557 -0.0576027296 0.9952158332
75.1 -152.5 2711.4 0.9906339645 0.0708440021 -0.1167282835 -0.0696461871 0.9974690676 0.0143137584 0.1174468920 -0.0060500153 0.9930607080
47.6 -539.8 2713.7 0.9889376163 -0.0886568651 -0.1189216599 0.0872002840 0.9960387349 -0.0174066536 0.1199937984 0.0068440931 0.9927510619
-196.3 -268.3 2628.7 0 0 0 0 0 0 0 0 0
164.8 -247.2 2638.3 0 0 0 0 0 0 0 0 0
-90.8 -820.8 2718.2 0 0 0 0 0 0 0 0 0
73.1 -825.5 2711.8 0 0 0 0 0 0 0 0 0
-14.0 434.0 2695.5 6 0.9970664978 0.0007785627 -0.0765365809 0.0004963136 0.9998614788 0.0166366529 0.0765389279 -0.0166258346 0.9969279766
-14.2 236.3 2698.8 0.9970664978 0.0007785627 -0.0765365809 0.0004963136 0.9998614788 0.0166366529 0.0765389279 -0.0166258346 0.9969279766
-14.1 42.2 2701.2 0.9970666170 -0.0003864624 -0.0765374079 0.0013398343 0.9999221563 0.0124053303 0.0765266567 -0.0124714877 0.9969895482
-150.4 236.1 2688.3 0.2206149101 -0.6600806713 -0.7180686593 0.9746993184 0.1220879331 0.1872318536 -0.0359206051 -0.7412071824 0.6703145504
-209.5 -25.4 2698.0 -0.0483965948 -0.6636120677 -0.7465097308 0.9606860280 0.1736384183 -0.2166381329 0.2733864486 -0.7276460528 0.6291192770
122.0 236.5 2709.2 0.1962224543 0.6580447555 0.7269620299 -0.9805099964 0.1242358685 0.1522023380 0.0098411934 -0.7426590919 0.6695973873
169.9 -2.4 2711.6 -0.0137566384 0.6620107889 0.7493680716 -0.9557048678 0.2116544098 -0.2045253813 -0.2940050662 -0.7189882398 0.6297752857
-102.4 -152.3 2694.3 0.9977147579 -0.0225907192 -0.0636782274 0.0229834672 0.9997210503 0.0054418254 0.0635375232 -0.0068929358 0.9979556203
-93.7 -540.3 2697.0 0.9978166223 -0.0121900048 -0.0649110302 0.0164172612 0.9977505803 0.0649940446 0.0639727414 -0.0659177974 0.9957722425
76.0 -151.9 2710.7 0.9919726253 0.0757398382 -0.1012609974 -0.0739937127 0.9970397949 0.0208954811 0.1025438681 -0.0132350689 0.9946404099
46.6 -539.0 2715.8 0.9902481437 -0.0914981365 -0.1050555110 0.0887145475 0.9955782890 -0.0308802649 0.1074164733 0.0212591738 0.9939867854
-197.3 -269.2 2628.6 0 0 0 0 0 0 0 0 0
166.3 -246.4 2636.6 0 0 0 0 0 0 0 0 0
-90.3 -819.6 2715.4 0 0 0 0 0 0 0 0 0
72.8 -824.2 2709.8 0 0 0 0 0 0 0 0 0
-13.4 432.9 2695.7 7 0.9966280460 0.0022473305 -0.0820212513 -0.0011117600 0.9999029636 0.0138878785 0.0820445046 -0.0137498621 0.9965338111
-13.8 235.4 2698.4 0.9966280460 0.0022473305 -0.0820212513 -0.0011117600 0.9999029636 0.0138878785 0.0820445046 -0.0137498621 0.9965338111
-13.8 41.3 2700.5 0.9966302514 0.0001593986 -0.0820253566 0.0007024274 0.9999448657 0.0104778595 0.0820225030 -0.0105001684 0.9965751767
-150.0 235.3 2687.2 0.2180225551 -0.6568386555 -0.7218235135 0.9753021002 0.1198240966 0.1855477989 -0.0353831165 -0.7444496155 0.6667404771
-208.0 -24.5 2696.7 -0.0406241231 -0.6600638032 -0.7501102686 0.9634860754 0.1729733944 -0.2043889463 0.2646588683 -0.7310239077 0.6289353967
122.3 235.5 2709.7 0.1962754726 0.6609484553 0.7243086696 -0.9805483222 0.1315761805 0.1456457824 0.0009625834 -0.7388063669 0.6739170551
169.8 -1.8 2709.9 -0.0162081346 0.6637877226 0.7477453947 -0.9593543410 0.2003998607 -0.1986937076 -0.2817385197 -0.7205732465 0.6335595250
-103.3 -152.0 2696.8 0.9973802567 -0.0216083042 -0.0690338537 0.0214554146 0.9997654557 -0.0029554602 0.0690815225 0.0014665679 0.9976099133
-94.9 -540.1 2696.2 0.9973217249 -0.0203528255 -0.0702505037 0.0245631449 0.9979201555 0.0595990531 0.0688913837 -0.0611650050 0.9957473874
75.3 -151.8 2710.5 0.9916531444 0.0715033263 -0.1072909161 -0.0706827715 0.9974333048 0.0114362827 0.1078332588 -0.0037572063 0.9941619039
47.6 -539.0 2711.9 0.9911616445 -0.0776998550 -0.1075234190 0.0790327936 0.9968383908 0.0081850160 0.1065474972 -0.0166105498 0.9941688776
-197.7 -269.1 2629.5 0 0 0 0 0 0 0 0 0
165.7 -246.7 2637.9 0 0 0 0 0 0 0 0 0
-89.3 -816.1 2713.1 0 0 0 0 0 0 0 0 0
70.6 -834.4 2716.9 0 0 0 0 0 0 0 0 0
-14.2 433.7 2696.4 8 0.9975591898 -0.0034337009 -0.0697416663 0.0044106264 0.9998942614 0.0138586201 0.0696867034 -0.0141323982 0.9974688292
-13.6 236.1 2699.1 0.9975591898 -0.0034337009 -0.0697416663 0.0044106264 0.9998942614 0.0138586201 0.0696867034 -0.0141323982 0.9974688292
-12.6 42.0 2701.0 0.9975530505 -0.0051965895 -0.0697205663 0.0058359457 0.9999427199 0.0089697083 0.0696699619 -0.0093546445 0.9975262284
-149.8 235.3 2689.6 0.2161928862 -0.6648348570 -0.7150211334 0.9759190083 0.1253737956 0.1785036325 -0.0290305242 -0.7363939285 0.6759299040
-207.5 -24.8 2697.4 -0.0371011384 -0.6672132611 -0.7439422011 0.9650125504 0.1694467813 -0.2000964582 0.2595656216 -0.7253373265 0.6375824809
122.7 236.9 2708.7 0.1931169182 0.6532235742 0.7321234941 -0.9811645746 0.1250037849 0.1472757906 0.0046858084 -0.7467750907 0.6650601625
170.0 -3.1 2709.8 -0.0176713988 0.6561923027 0.7543867826 -0.9619220495 0.1946669817 -0.1918611079 -0.2727519572 -0.7290517092 0.6277658343
-103.2 -152.9 2695.2 0.9980748892 -0.0251177587 -0.0567067564 0.0250387397 0.9996842742 -0.0021036644 0.0567416921 0.0006797488 0.9983886480
-93.4 -541.0 2694.9 0.9982100725 -0.0135897072 -0.0582404323 0.0173100736 0.9978088140 0.0638587475 0.0572449937 -0.0647525936 0.9962580800
75.4 -152.8 2709.9 0.9929866195 0.0713507161 -0.0942687318 -0.0697017908 0.9973536134 0.0206743982 0.0954943895 -0.0139587019 0.9953321218
47.7 -540.0 2715.3 0.9922496080 -0.0779357255 -0.0967816636 0.0768085942 0.9969280958 -0.0153232925 0.0976785943 0.0077708676 0.9951876998
-198.0 -269.8 2631.5 0 0 0 0 0 0 0 0 0
165.4 -248.8 2640.2 0 0 0 0 0 0 0 0 0
-89.6 -817.0 2712.8 0 0 0 0 0 0 0 0 0
69.9 -823.4 2713.1 0 0 0 0 0 0 0 0 0
-13.4 436.7 2696.2 9 0.9980167747 -0.0040588891 -0.0628178269 0.0050056987 0.9998761415 0.0149222724 0.0627494752 -0.0152071249 0.9979134202
-12.6 238.8 2699.2 0.9980167747 -0.0040588891 -0.0628178269 0.0050056987 0.9998761415 0.0149222724 0.0627494752 -0.0152071249 0.9979134202
-11.8 44.7 2701.2 0.9980165362 -0.0043904223 -0.0627987757 0.0050541190 0.9999330044 0.0104136774 0.0627488494 -0.0107104154 0.9979718924
-149.0 238.1 2690.6 0.2159932554 -0.6687811017 -0.7113921046 0.9760864973 0.1295881569 0.1745338142 -0.0245369188 -0.7320783734 0.6807783842
-207.1 -24.7 2697.2 -0.0357945599 -0.6709778309 -0.7406129241 0.9641628861 0.1717596799 -0.2022091746 0.2628853321 -0.7213094831 0.6407838464
123.7 239.5 2707.7 0.1882716566 0.6495626569 0.7366288900 -0.9820546508 0.1160629913 0.1486540437 0.0110647595 -0.7513971925 0.6597573757
170.0 -1.9 2710.5 -0.0166359898 0.6541054249 0.7562204003 -0.9572624564 0.2079934180 -0.2009660602 -0.2887418568 -0.7272446752 0.6226903796
-100.9 -152.7 2696.5 0.9986379147 -0.0163964722 -0.0495329089 0.0157572497 0.9997878075 -0.0132680768 0.0497399457 0.0124695012 0.9986843467
-94.5 -540.8 2691.7 0.9985604286 -0.0172641035 -0.0507836975 0.0210393406 0.9969788194 0.0747702271 0.0493394323 -0.0757310465 0.9959068298
77.8 -151.6 2709.0 0.9930964708 0.0785217360 -0.0871421173 -0.0766250268 0.9967488647 0.0249065142 0.0888145119 -0.0180573035 0.9958844781
47.3 -538.6 2716.0 0.9925501943 -0.0820154324 -0.0900977552 0.0811303034 0.9966127872 -0.0134490458 0.0908956006 0.0060391943 0.9958420992
-198.0 -269.5 2630.5 0 0 0 0 0 0 0 0 0
165.7 -246.3 2636.7 0 0 0 0 0 0 0 0 0
-89.8 -817.3 2712.7 0 0 0 0 0 0 0 0 0
70.9 -825.4 2714.3 0 0 0 0 0 0 0 0 0
-14.9 433.5 2686.6 0 0.9985821247 -0.0069547840 -0.0527770445 0.0089703808 0.9992355704 0.0380505174 0.0524720661 -0.0384699963 0.9978811145
-13.5 235.6 2694.2 0.9985821247 -0.0069547840 -0.0527770445 0.0089703808 0.9992355704 0.0380505174 0.0524720661 -0.0384699963 0.9978811145
-12.1 41.6 2700.3 0.9985846281 -0.0069521698 -0.0527299456 0.0086101750 0.9994735122 0.0312816314 0.0524847098 -0.0316913687 0.9981187582
-149.9 234.4 2687.0 0.2172960639 -0.6749465466 -0.7051450610 0.9752302766 0.1195287481 0.1861151308 -0.0413326584 -0.7281209230 0.6842014194
-207.0 -21.8 2697.9 -0.0346893519 -0.6777081490 -0.7345122695 0.9642628431 0.1704680324 -0.2028246820 0.2626668215 -0.7152987719 0.6475753784
122.9 236.8 2701.3 0.1946961731 0.6416741610 0.7418541908 -0.9802940488 0.1015239656 0.1694594175 0.0334217511 -0.7602283359 0.6487956643
170.0 -0.0 2709.4 -0.0131891500 0.6475996375 0.7618666291 -0.9563916326 0.2141731530 -0.1986075193 -0.2917895317 -0.7312623262 0.6165341139
-100.3 -149.9 2697.7 0.9991728067 -0.0105567556 -0.0392715000 0.0105220322 0.9999440312 -0.0010907755 0.0392808169 0.0006766572 0.9992280006
-96.2 -538.0 2697.4 0.9988369942 -0.0273205768 -0.0397275910 0.0291525461 0.9985025525 0.0462896042 0.0384034440 -0.0473939292 0.9981377721
78.5 -149.0 2708.9 0.9936307073 0.0806881264 -0.0786600187 -0.0788519084 0.9965424538 0.0261818636 0.0805006102 -0.0198126119 0.9965576530
47.2 -535.9 2716.6 0.9928757548 -0.0857411474 -0.0827419236 0.0838921592 0.9961465597 -0.0255766623 0.0846160576 0.0184530485 0.9962427616
-198.2 -266.6 2631.2 0 0 0 0 0 0 0 0 0
166.6 -244.3 2634.9 0 0 0 0 0 0 0 0 0
-88.7 -814.8 2710.6 0 0 0 0 0 0 0 0 0
71.9 -823.4 2711.3 0 0 0 0 0 0 0 0 0
-14.5 435.6 2680.3 1 0.9975182414 -0.0064257514 -0.0701144412 0.0100486381 0.9986254573 0.0514413454 0.0696875155 -0.0520182364 0.9962117076
-13.3 237.6 2690.6 0.9975182414 -0.0064257514 -0.0701144412 0.0100486381 0.9986254573 0.0514413454 0.0696875155 -0.0520182364 0.9962117076
-11.9 43.8 2699.2 0.9975169301 -0.0071473960 -0.0700637698 0.0102472929 0.9989796281 0.0439848527 0.0696779042 -0.0445935987 0.9965723157
-149.5 236.2 2681.1 0.2196605504 -0.6634942889 -0.7152094245 0.9737467766 0.1042341143 0.2023672909 -0.0597203262 -0.7408849597 0.6689715385
-208.9 -27.1 2697.2 -0.0422675870 -0.6677687764 -0.7431677580 0.9638722539 0.1685414612 -0.2062619925 0.2629899085 -0.7250370383 0.6365199685
123.0 239.0 2700.1 0.1901430190 0.6525413990 0.7335089445 -0.9812933207 0.1033770964 0.1624087095 0.0301503818 -0.7506682873 0.6599909663
169.8 -2.4 2707.5 -0.0101042734 0.6574749947 0.7534086108 -0.9585896730 0.2080818266 -0.1944422126 -0.2846115530 -0.7241744399 0.6281462312
-100.2 -153.1 2701.8 0.9983524680 -0.0108243460 -0.0563489981 0.0102059310 0.9998846054 -0.0112509746 0.0564642809 0.0106573440 0.9983477592
-96.0 -541.3 2697.6 0.9980563521 -0.0253920127 -0.0569099188 0.0282794833 0.9983226061 0.0505201630 0.0555316508 -0.0520313531 0.9971002936
78.7 -151.6 2711.2 0.9925819039 0.0718647763 -0.0980644971 -0.0711025596 0.9974055886 0.0112498943 0.0986185521 -0.0041938038 0.9951164722
50.8 -538.8 2712.8 0.9927554727 -0.0686572939 -0.0986040533 0.0693609938 0.9975847006 0.0037223804 0.0981103256 -0.0105346888 0.9951198101
-198.2 -271.8 2630.5 0 0 0 0 0 0 0 0 0
167.2 -247.1 2634.8 0 0 0 0 0 0 0 0 0
-88.9 -821.4 2712.2 0 0 0 0 0 0 0 0 0
70.9 -830.7 2715.9 0 0 0 0 0 0 0 0 0
-16.5 436.9 2679.6 2 0.9962756038 -0.0090586767 -0.0857490227 0.0134499483 0.9986196756 0.0507723950 0.0851707309 -0.0517366156 0.9950222373
-14.7 238.6 2689.9 0.9962756038 -0.0090586767 -0.0857490227 0.0134499483 0.9986196756 0.0507723950 0.0851707309 -0.0517366156 0.9950222373
-12.7 44.7 2699.2 0.9962641001 -0.0105485758 -0.0857119858 0.0146188214 0.9987879395 0.0469994508 0.0851123184 -0.0480768755 0.9952107668
-150.8 236.6 2678.3 0.2145720869 -0.6551985145 -0.7243436575 0.9737731814 0.0860579833 0.2106175721 -0.0756607726 -0.7505390644 0.6564804316
-208.1 -23.4 2698.5 -0.0499497019 -0.6618466377 -0.7479733229 0.9623215199 0.1685304940 -0.2133886367 0.2672868669 -0.7304495573 0.6284912229
121.4 240.6 2701.5 0.1967217922 0.6619041562 0.7233141661 -0.9800922275 0.1125696525 0.1635460556 0.0268285871 -0.7410876751 0.6708720326
169.7 -0.3 2708.1 -0.0149307065 0.6661867499 0.7456355095 -0.9585458636 0.2026791275 -0.2002773434 -0.2845468521 -0.7177160978 0.6355443597
-99.9 -151.1 2701.6 0.9973841906 -0.0083417138 -0.0717994273 0.0077702878 0.9999359250 -0.0082342867 0.0718635172 0.0076548452 0.9973850846
-96.6 -539.3 2698.7 0.9969810843 -0.0286244191 -0.0721757710 0.0324983113 0.9980611801 0.0530826598 0.0705163702 -0.0552680008 0.9959783554
78.8 -149.2 2714.1 0.9905498028 0.0756612569 -0.1143959835 -0.0758836716 0.9971137643 0.0024155094 0.1142485738 0.0062881047 0.9934322834
49.5 -536.3 2711.7 0.9907314181 -0.0729749128 -0.1145682707 0.0734748393 0.9972970486 0.0001411053 0.1142483056 -0.0085576829 0.9934153557
-195.4 -267.7 2630.6 0 0 0 0 0 0 0 0 0
165.9 -245.1 2635.4 0 0 0 0 0 0 0 0 0
-88.6 -820.9 2714.3 0 0 0 0 0 0 0 0 0
70.5 -823.7 2714.1 0 0 0 0 0 0 0 0 0
-14.2 439.6 2687.3 3 0.9937724471 -0.0046845325 -0.1113297865 0.0076587722 0.9996246696 0.0263029579 0.1111647785 -0.0269918051 0.9934353828
-13.2 240.9 2692.7 0.9937724471 -0.0046845325 -0.1113297865 0.0076587722 0.9996246696 0.0263029579 0.1111647785 -0.0269918051 0.9934353828
-12.2 47.0 2697.8 0.9937714338 -0.0049528074 -0.1113272309 0.0078693042 0.9996368289 0.0257734004 0.1111591533 -0.0264889374 0.9934495091
-149.0 239.9 2677.5 0.2166524231 -0.6401874423 -0.7370357513 0.9732923508 0.0829316378 0.2140660882 -0.0759188458 -0.7637292743 0.6410568953
-207.5 -23.0 2698.0 -0.0623738058 -0.6484328508 -0.7587122917 0.9596101046 0.1699886918 -0.2241703421 0.2743319273 -0.7420502901 0.6116398573
122.5 242.0 2707.8 0.1932932436 0.6802697778 0.7070153952 -0.9811336994 0.1312277466 0.1419717968 0.0037990874 -0.7211188078 0.6928009987
169.7 2.2 2708.8 -0.0246703681 0.6833401322 0.7296832800 -0.9572969675 0.1941664070 -0.2142005712 -0.2880518138 -0.7038080096 0.6493692994
-99.9 -150.5 2700.9 0.9950129986 -0.0191313755 -0.0978933945 0.0178086106 0.9997381568 -0.0143683674 0.0981426537 0.0125533678 0.9950931668
-92.4 -538.6 2696.1 0.9950277805 -0.0098114247 -0.0991134718 0.0164071172 0.9976878762 0.0659526661 0.0982372165 -0.0672509000 0.9928880930
78.6 -147.9 2716.2 0.9871040583 0.0796846449 -0.1388376951 -0.0807758346 0.9967297912 -0.0022335160 0.1382056922 0.0134194428 0.9903126359
47.7 -534.8 2711.0 0.9867663383 -0.0835901126 -0.1389418393 0.0839136988 0.9964667559 -0.0035378125 0.1387466490 -0.0081681302 0.9902942181
-191.6 -266.5 2628.4 0 0 0 0 0 0 0 0 0
163.4 -242.2 2635.2 0 0 0 0 0 0 0 0 0
-89.7 -818.3 2714.9 0 0 0 0 0 0 0 0 0
71.7 -821.4 2713.3 0 0 0 0 0 0 0 0 0
-14.1 442.6 2692.1 4 0.9957284331 -0.0038240564 -0.0922512561 0.0056894771 0.9997844696 0.0199665781 0.0921550170 -0.0204061512 0.9955355525
-13.4 244.4 2696.2 0.9957284331 -0.0038240564 -0.0922512561 0.0056894771 0.9997844696 0.0199665781 0.0921550170 -0.0204061512 0.9955355525
-12.7 50.4 2700.0 0.9957303405 -0.0033470008 -0.0922487751 0.0051464862 0.9998009801 0.0192758981 0.0921658948 -0.0196683556 0.9955493808
-149.4 243.7 2683.6 0.2152057290 -0.6519713998 -0.7270624042 0.9749636054 0.1007692516 0.1982210428 -0.0559689142 -0.7515177131 0.6573345065
-207.3 -18.7 2698.7 -0.0681469366 -0.6589635611 -0.7490814328 0.9554099441 0.1731196195 -0.2392100096 0.2873113751 -0.7319812775 0.6177827716
122.6 245.1 2708.8 0.1912622750 0.6668918133 0.7201902866 -0.9815281630 0.1333918571 0.1371462196 -0.0046058185 -0.7331179380 0.6800859571
169.7 3.7 2707.6 -0.0157477297 0.6692365408 0.7428825498 -0.9611203671 0.1947171688 -0.1957877576 -0.2756803036 -0.7170827389 0.6401504874
-100.2 -147.7 2693.0 0.9962801933 -0.0327805169 -0.0796941966 0.0338664241 0.9993505478 0.0123123517 0.0792388320 -0.0149655100 0.9967433214
-87.5 -535.5 2698.8 0.9965502620 0.0165622141 -0.0813216642 -0.0112514775 0.9977999926 0.0653345287 0.0822248384 -0.0641941577 0.9945442080
77.8 -146.4 2712.9 0.9899587035 0.0765405595 -0.1188416258 -0.0765711591 0.9970547557 0.0043153567 0.1188219041 0.0048278156 0.9929038286
48.1 -533.4 2711.0 0.9902356863 -0.0734855607 -0.1184616089 0.0751035735 0.9971328378 0.0092466492 0.1174424663 -0.0180532522 0.9929155707
-190.0 -261.2 2625.7 0 0 0 0 0 0 0 0 0
165.6 -241.7 2637.2 0 0 0 0 0 0 0 0 0
-92.1 -811.8 2716.6 0 0 0 0 0 0 0 0 0
69.6 -825.9 2716.3 0 0 0 0 0 0 0 0 0
-14.3 441.8 2694.1 5 0.9953755736 -0.0029174786 -0.0960154906 0.0045009563 0.9998573661 0.0162794497 0.0959542990 -0.0166363269 0.9952467084
-13.7 243.8 2697.3 0.9953755736 -0.0029174786 -0.0960154906 0.0045009563 0.9998573661 0.0162794497 0.0959542990 -0.0166363269 0.9952467084
-12.7 49.7 2699.9 0.9953680634 -0.0051298519 -0.0960006118 0.0063667237 0.9999005795 0.0125821270 0.0959265232 -0.0131350560 0.9953017235
-149.7 242.9 2684.2 0.2164403647 -0.6498340964 -0.7286077142 0.9747813344 0.1022885591 0.1983391494 -0.0543593056 -0.7531617880 0.6555855274
-207.1 -16.0 2698.7 -0.0616301894 -0.6567333341 -0.7516003251 0.9557620287 0.1781618893 -0.2340454608 0.2876119912 -0.7327753305 0.6167005897
122.3 244.7 2710.4 0.1949464530 0.6687576771 0.7174670696 -0.9807289243 0.1425382495 0.1336173862 -0.0129088471 -0.7296889424 0.6836573482
169.8 5.7 2707.3 -0.0174088851 0.6703981757 0.7417973280 -0.9625235200 0.1895831972 -0.1939245164 -0.2706389427 -0.7173733711 0.6419735551
-101.2 -144.1 2695.6 0.9959514737 -0.0350418426 -0.0827809572 0.0340620689 0.9993323088 -0.0132189617 0.0831888989 0.0103457542 0.9964801073
-87.6 -531.9 2691.5 0.9962057471 0.0136487093 -0.0859521627 -0.0058915336 0.9959365726 0.0898647383 0.0868294314 -0.0890173838 0.9922381639
77.1 -143.2 2712.1 0.9896072745 0.0763426274 -0.1218574271 -0.0760804191 0.9970784187 0.0068100616 0.1220213100 0.0025316768 0.9925242662
47.5 -530.3 2711.1 0.9893314838 -0.0798509717 -0.1218486130 0.0812958628 0.9966659546 0.0069250781 0.1208893955 -0.0167569853 0.9925245643
-191.5 -258.6 2625.7 0 0 0 0 0 0 0 0 0
165.3 -240.1 2638.2 0 0 0 0 0 0 0 0 0
-91.6 -819.0 2717.2 0 0 0 0 0 0 0 0 0
70.9 -822.7 2716.0 0 0 0 0 0 0 0 0 0
-15.8 440.8 2684.0 6 0.9944404960 -0.0081457961 -0.1049845740 0.0123592168 0.9991413355 0.0395458452 0.1045722961 -0.0406235158 0.9936872721
-14.2 242.7 2692.1 0.9944404960 -0.0081457961 -0.1049845740 0.0123592168 0.9991413355 0.0395458452 0.1045722961 -0.0406235158 0.9936872721
-12.4 48.8 2698.6 0.9944367409 -0.0093243103 -0.1049220040 0.0127880583 0.9993935227 0.0323884301 0.1045563743 -0.0335499942 0.9939528704
-150.0 241.0 2677.8 0.2158666402 -0.6442919374 -0.7336821556 0.9731579423 0.0805673003 0.2155749351 -0.0797824040 -0.7605240345 0.6443896294
-207.1 -16.3 2698.9 -0.0435483679 -0.6530756950 -0.7560395002 0.9580234885 0.1873423159 -0.2170112431 0.2833629549 -0.7337540388 0.6175034046
121.7 244.5 2706.3 0.1969367713 0.6729878783 0.7129538655 -0.9804045558 0.1387208849 0.1398691386 -0.0047713523 -0.7265286446 0.6871196628
169.7 5.2 2705.2 -0.0176115800 0.6741896272 0.7383483052 -0.9668686986 0.1766068488 -0.1843230277 -0.2546660304 -0.7171320319 0.6487424970
-100.8 -144.9 2693.9 0.9954144359 -0.0286739189 -0.0912570953 0.0284777228 0.9995884895 -0.0034515907 0.0913185105 0.0008369692 0.9958213568
-89.7 -532.9 2693.5 0.9956318736 0.0051005282 -0.0932263285 0.0019164449 0.9971798658 0.0750240609 0.0933460817 -0.0748750046 0.9928143024
77.5 -143.8 2711.0 0.9881762266 0.0776994303 -0.1321762502 -0.0774342790 0.9969717860 0.0071527581 0.1323317736 0.0031667883 0.9912004471
47.3 -530.9 2709.8 0.9883588552 -0.0763986260 -0.1315674335 0.0790332407 0.9967604280 0.0149131184 0.1300018579 -0.0251377132 0.9911950231
-196.0 -259.4 2627.0 0 0 0 0 0 0 0 0 0
165.2 -241.6 2640.2 0 0 0 0 0 0 0 0 0
-91.2 -816.7 2714.8 0 0 0 0 0 0 0 0 0
69.7 -822.5 2717.2 0 0 0 0 0 0 0 0 0
-17.8 440.4 2689.5 7 0.9919636250 -0.0140649769 -0.1257392764 0.0165655520 0.9996848106 0.0188634787 0.1254343390 -0.0207948256 0.9918839931
-15.0 241.5 2693.6 0.9919636250 -0.0140649769 -0.1257392764 0.0165655520 0.9996848106 0.0188634787 0.1254343390 -0.0207948256 0.9918839931
-12.1 47.5 2697.2 0.9919549227 -0.0149472617 -0.1257059723 0.0171637591 0.9997153878 0.0165677741 0.1254225522 -0.0185920727 0.9919291735
-150.5 239.2 2676.5 0.2133513838 -0.6313922405 -0.7455367446 0.9738849401 0.0767961368 0.2136597633 -0.0776487812 -0.7716515660 0.6312879920
-206.8 -18.0 2697.0 -0.0384513400 -0.6398875713 -0.7675059438 0.9609217048 0.1870351583 -0.2040768415 0.2741368413 -0.7453601360 0.6076900959
120.5 243.8 2710.8 0.2021625787 0.6873207092 0.6976535916 -0.9792457223 0.1523582786 0.1336592436 -0.0144265452 -0.7101951838 0.7038569450
169.8 5.0 2707.2 -0.0178825073 0.6880346537 0.7254574299 -0.9650145769 0.1779529154 -0.1925607920 -0.2615857720 -0.7035204768 0.6607812643
-99.7 -146.3 2695.7 0.9934214950 -0.0247615501 -0.1118061692 0.0225624889 0.9995271564 -0.0208913404 0.1122706011 0.0182312820 0.9935104251
-90.0 -534.3 2688.7 0.9934800267 -0.0050454587 -0.1138944700 0.0156856645 0.9955686331 0.0927200019 0.1129219458 -0.0939019769 0.9891567230
78.5 -144.0 2714.5 0.9853434563 0.0760422349 -0.1526952535 -0.0782080144 0.9969031811 -0.0082190502 0.1515973806 0.0200405791 0.9882391691
49.0 -531.0 2706.7 0.9864768982 -0.0663036034 -0.1498904228 0.0711632073 0.9970913529 0.0272873379 0.1476451904 -0.0375850126 0.9883260131
-197.0 -261.9 2627.4 0 0 0 0 0 0 0 0 0
165.2 -241.4 2640.4 0 0 0 0 0 0 0 0 0
-88.6 -821.0 2715.7 0 0 0 0 0 0 0 0 0
68.6 -825.6 2717.8 0 0 0 0 0 0 0 0 0
-17.5 436.5 2682.2 8 0.9892099500 -0.0180871654 -0.1453842223 0.0234942734 0.9990912676 0.0355612114 0.1446089000 -0.0385931991 0.9887359738
-13.9 238.1 2689.9 0.9892099500 -0.0180871654 -0.1453842223 0.0234942734 0.9990912676 0.0355612114 0.1446089000 -0.0385931991 0.9887359738
-10.0 44.2 2696.5 0.9891843796 -0.0200960543 -0.1452941895 0.0248311572 0.9992155433 0.0308498517 0.1445602626 -0.0341240168 0.9889073968
-149.0 234.7 2670.2 0.2203750759 -0.6176214218 -0.7549692392 0.9698718190 0.0563453212 0.2370103151 -0.1038436666 -0.7844545841 0.6114307046
-206.8 -20.0 2697.4 -0.0371865518 -0.6293852925 -0.7762031555 0.9592075944 0.1953482628 -0.2043523639 0.2802463174 -0.7521390915 0.5964468122
121.2 241.5 2709.6 0.2013192475 0.6988400221 0.6863623261 -0.9794445038 0.1526396275 0.1318696439 -0.0126103088 -0.6988016963 0.7152042985
169.7 5.5 2706.6 -0.0178054087 0.6994096637 0.7144991755 -0.9653058052 0.1741712540 -0.1945484728 -0.2605143189 -0.6931741834 0.6720430255
-98.0 -148.1 2689.6 0.9912610650 -0.0132353539 -0.1312488914 0.0126544945 0.9999061227 -0.0052587348 0.1313061714 0.0035518906 0.9913355112
-92.8 -536.2 2688.3 0.9912023544 -0.0107913176 -0.1319145113 0.0235889647 0.9951171279 0.0958409533 0.1302361339 -0.0981095061 0.9866169691
79.7 -145.0 2712.1 0.9820328951 0.0770808011 -0.1722495109 -0.0776572600 0.9969742894 0.0033996892 0.1719903946 0.0100378180 0.9850474596
49.8 -532.0 2708.2 0.9825792909 -0.0727778673 -0.1710008383 0.0771865919 0.9968304634 0.0192674920 0.1690566093 -0.0321308114 0.9850824475
-197.4 -263.5 2626.3 0 0 0 0 0 0 0 0 0
165.2 -241.0 2640.1 0 0 0 0 0 0 0 0 0
-89.7 -823.8 2716.6 0 0 0 0 0 0 0 0 0
71.2 -824.8 2717.6 0 0 0 0 0 0 0 0 0
-17.5 438.2 2688.6 9 0.9941189885 -0.0189444646 -0.1066235602 0.0216652323 0.9994670749 0.0244172048 0.1061041653 -0.0265836306 0.9939996004
-13.7 240.0 2693.9 0.9941189885 -0.0189444646 -0.1066235602 0.0216652323 0.9994670749 0.0244172048 0.1061041653 -0.0265836306 0.9939996004
-9.8 46.0 2697.9 0.9940965176 -0.0207143500 -0.1065038294 0.0227978174 0.9995710850 0.0183821134 0.1060773730 -0.0207016487 0.9941423535
-149.4 236.8 2679.4 0.2159150243 -0.6424441934 -0.7352864146 0.9741358757 0.0903429613 0.2071169168 -0.0666331127 -0.7609885335 0.6453343630
-206.8 -22.3 2697.1 -0.0317306742 -0.6497719288 -0.7594666481 0.9583682418 0.1959492266 -0.2076878101 0.2837666273 -0.7344388366 0.6165031791
122.0 243.1 2708.3 0.1951097548 0.6763179898 0.7103000283 -0.9807807207 0.1354046911 0.1404804289 -0.0011685072 -0.7240576744 0.6897384524
169.8 2.6 2708.1 -0.0190435182 0.6787145734 0.7341552377 -0.9595718384 0.1938323975 -0.2040855736 -0.2808189094 -0.7083611488 0.6475840807
-94.7 -152.0 2690.2 0.9957154393 -0.0015541284 -0.0924575925 0.0006836813 0.9999551773 -0.0094454838 0.0924681276 0.0093418015 0.9956718087
-94.1 -540.1 2686.6 0.9956707358 -0.0127868168 -0.0920666978 0.0220851172 0.9946720004 0.1006967425 0.0902885795 -0.1022941023 0.9906482100
82.5 -147.5 2716.1 0.9872512817 0.0872637555 -0.1331163347 -0.0884588286 0.9960750937 -0.0030788088 0.1323251873 0.0148148723 0.9910956621
48.6 -534.2 2710.4 0.9882891774 -0.0766212046 -0.1319608986 0.0786178187 0.9968549013 0.0099796057 0.1307812184 -0.0202372149 0.9912046790
-198.8 -265.6 2625.1 0 0 0 0 0 0 0 0 0
165.0 -242.3 2636.4 0 0 0 0 0 0 0 0 0
-90.5 -820.2 2715.4 0 0 0 0 0 0 0 0 0
70.9 -824.7 2716.3 0 0 0 0 0 0 0 0 0
-16.9 439.4 2692.8 00 0.9962428212 -0.0121605443 -0.0857460275 0.0134813292 0.9997989535 0.0148412501 0.0855483115 -0.0159414597 0.9962064624
-14.5 241.4 2695.9 0.9962428212 -0.0121605443 -0.0857460275 0.0134813292 0.9997989535 0.0148412501 0.0855483115 -0.0159414597 0.9962064624
-11.8 47.3 2698.4 0.9962251782 -0.0138008948 -0.0857025832 0.0148396296 0.9998238087 0.0114949811 0.0855288357 -0.0127233844 0.9962544441
-150.5 239.3 2684.3 0.2102550566 -0.6557929516 -0.7250713706 0.9766945243 0.1081767976 0.1853795201 -0.0431346856 -0.7471501827 0.6632540822
-206.7 -21.7 2695.8 -0.0330519192 -0.6608811617 -0.7497624159 0.9594336748 0.1891756803 -0.2090445757 0.2799904346 -0.7262566090 0.6278190017
121.5 243.5 2707.6 0.1978936791 0.6613898873 0.7234649658 -0.9801880121 0.1398011446 0.1403107941 -0.0083410861 -0.7368983030 0.6759521961
169.8 4.3 2705.6 -0.0037333346 0.6633551121 0.7482954264 -0.9592934251 0.2089357525 -0.1900051385 -0.2823865414 -0.7185442448 0.6355721951
-94.8 -150.1 2692.4 0.9974088073 -0.0041423636 -0.0718228519 0.0037077875 0.9999740124 -0.0061829323 0.0718465969 0.0059006070 0.9973982573
-93.2 -538.3 2690.1 0.9973535538 -0.0108196978 -0.0718942732 0.0171354413 0.9959889054 0.0878205448 0.0706557110 -0.0888200700 0.9935384989
83.2 -146.0 2711.4 0.9896785617 0.0915741697 -0.1102292910 -0.0904893875 0.9957872033 0.0148144150 0.1111215353 -0.0046869279 0.9937957525
47.6 -532.5 2713.2 0.9900927544 -0.0839546621 -0.1125522405 0.0832620636 0.9964686632 -0.0108484970 0.1130655631 0.0013696859 0.9935865998
-198.3 -265.2 2624.7 0 0 0 0 0 0 0 0 0
168.9 -240.6 2633.5 0 0 0 0 0 0 0 0 0
-90.1 -822.0 2715.4 0 0 0 0 0 0 0 0 0
71.8 -819.0 2712.8 0 0 0 0 0 0 0 0 0
-16.7 438.4 2683.9 01 0.9949232936 -0.0090674823 -0.1002267674 0.0125139933 0.9993498325 0.0338120908 0.0998550132 -0.0348946750 0.9943899512
-14.9 240.4 2690.8 0.9949232936 -0.0090674823 -0.1002267674 0.0125139933 0.9993498325 0.0338120908 0.0998550132 -0.0348946750 0.9943899512
-13.0 46.4 2696.6 0.9949189425 -0.0100406148 -0.1001771241 0.0129685244 0.9995062351 0.0286190417 0.0998403057 -0.0297727752 0.9945579171
-150.7 238.6 2677.2 0.2105361819 -0.6472728848 -0.7326065302 0.9750140309 0.0847063139 0.2053593993 -0.0708671734 -0.7575372458 0.6489338875
-206.6 -20.3 2696.0 -0.0328723602 -0.6540732384 -0.7557166219 0.9620779753 0.1841513216 -0.2012317926 0.2707865536 -0.7336733341 0.6232159734
121.0 242.2 2704.4 0.2012391984 0.6711673141 0.7134684324 -0.9795103669 0.1320168078 0.1520887464 0.0078871613 -0.7294559479 0.6839823127
169.7 5.0 2706.3 -0.0057785921 0.6734420061 0.7392175198 -0.9598396420 0.2036145031 -0.1930001378 -0.2804898024 -0.7106454968 0.6452196836
-98.4 -148.1 2693.3 0.9961594939 -0.0154974936 -0.0861749649 0.0143151274 0.9997949600 -0.0143216318 0.0863792449 0.0130330240 0.9961770773
-92.4 -536.2 2688.2 0.9961500168 -0.0079143327 -0.0873067379 0.0156088080 0.9960154295 0.0878044292 0.0862639397 -0.0888291374 0.9923043251
80.0 -145.4 2708.6 0.9886572361 0.0830553323 -0.1251344830 -0.0803398117 0.9964125156 0.0266020298 0.1268950105 -0.0162470080 0.9917830825
47.7 -532.1 2714.9 0.9879937172 -0.0856009871 -0.1286115348 0.0841683596 0.9963142276 -0.0165434051 0.1295536309 0.0055197570 0.9915570617
-198.3 -264.5 2627.2 0 0 0 0 0 0 0 0 0
168.3 -240.1 2634.7 0 0 0 0 0 0 0 0 0
-90.1 -819.4 2713.5 0 0 0 0 0 0 0 0 0
72.6 -821.3 2713.3 0 0 0 0 0 0 0 0 0
-17.7 440.2 2689.9 02 0.9951708317 -0.0139417136 -0.0971627459 0.0156723056 0.9997314215 0.0170708578 0.0968986526 -0.0185111836 0.9951220751
-15.0 241.7 2693.6 0.9951708317 -0.0139417136 -0.0971627459 0.0156723056 0.9997314215 0.0170708578 0.0968986526 -0.0185111836 0.9951220751
-12.2 47.7 2696.8 0.9951636195 -0.0146424240 -0.0971339494 0.0161796175 0.9997557402 0.0150567293 0.0968897566 -0.0165554993 0.9951574206
-150.9 239.5 2680.4 0.2089889646 -0.6492562294 -0.7312933207 0.9762995839 0.0955170542 0.1942049712 -0.0562378056 -0.7545480728 0.6538306475
-206.6 -20.6 2695.3 -0.0329441465 -0.6545228362 -0.7553241253 0.9638342857 0.1791633219 -0.1972917020 0.2644582987 -0.7345069051 0.6249491572
121.0 243.9 2706.8 0.1982601732 0.6690915823 0.7162467241 -0.9801247716 0.1405217052 0.1400325149 -0.0069536413 -0.7297740579 0.6836530566
169.6 3.5 2705.1 -0.0119629614 0.6710041761 0.7413570881 -0.9605705738 0.1982509494 -0.1949377507 -0.2777787745 -0.7144578099 0.6421751976
-100.2 -148.8 2693.4 0.9963154793 -0.0198448114 -0.0834366977 0.0197005738 0.9998026490 -0.0025517591 0.0834708735 0.0008986063 0.9965097904
-92.5 -536.9 2693.1 0.9963588119 -0.0108497348 -0.0845661163 0.0162598882 0.9978460670 0.0635516644 0.0836944506 -0.0646952912 0.9943891168
78.0 -146.4 2711.3 0.9895894527 0.0760124475 -0.1222082600 -0.0751762390 0.9971045852 0.0114456480 0.1227244288 -0.0021393350 0.9924384952
48.5 -533.4 2712.1 0.9894468188 -0.0769465044 -0.1227770373 0.0780183077 0.9969441295 0.0039388877 0.1220987663 -0.0134761771 0.9924264550
-198.2 -265.3 2628.2 0 0 0 0 0 0 0 0 0
166.5 -241.7 2634.2 0 0 0 0 0 0 0 0 0
-89.4 -818.3 2711.3 0 0 0 0 0 0 0 0 0
71.1 -826.5 2716.1 0 0 0 0 0 0 0 0 0
-15.3 440.9 2692.4 03 0.9956709146 -0.0088845016 -0.0925230235 0.0100063290 0.9998818636 0.0116679939 0.0924084261 -0.0125432983 0.9956421852
-13.6 242.9 2694.9 0.9956709146 -0.0088845016 -0.0925230235 0.0100063290 0.9998818636 0.0116679939 0.0924084261 -0.0125432983 0.9956421852
-11.3 48.8 2696.8 0.9956452847 -0.0116631100 -0.0924904495 0.0125021851 0.9998857379 0.0084977839 0.0923807696 -0.0096171107 0.9956772923
-149.6 241.2 2682.3 0.2127213925 -0.6522353888 -0.7275565863 0.9758263826 0.1036105007 0.1924258620 -0.0501244552 -0.7509020567 0.6585086584
-206.6 -20.3 2695.7 -0.0335165821 -0.6573488712 -0.7528406978 0.9613588452 0.1847408861 -0.2041078210 0.2732505202 -0.7305910587 0.6257562637
122.4 244.6 2707.5 0.1933861673 0.6671226621 0.7194088697 -0.9810770750 0.1385607123 0.1352356672 -0.0094630253 -0.7319483161 0.6812944412
169.6 5.4 2705.2 -0.0130726844 0.6693117619 0.7428666353 -0.9597488642 0.2000518143 -0.1971329749 -0.2805552483 -0.7155424953 0.6397559643
-98.5 -147.8 2691.3 0.9967623353 -0.0153535483 -0.0789248198 0.0150892539 0.9998783469 -0.0039440268 0.0789757743 0.0027403405 0.9968727827
-92.5 -536.0 2690.3 0.9967293143 -0.0121051390 -0.0799010694 0.0182129517 0.9969291091 0.0761618987 0.0787337497 -0.0773680285 0.9938889146
79.8 -144.9 2708.7 0.9897601604 0.0815327093 -0.1171634346 -0.0808883980 0.9966704249 0.0102517605 0.1176091805 -0.0006696223 0.9930597544
48.2 -531.8 2709.0 0.9900858998 -0.0781631991 -0.1167068258 0.0805432126 0.9966257215 0.0158109367 0.1150771901 -0.0250541288 0.9930405617
-198.1 -264.3 2626.4 0 0 0 0 0 0 0 0 0
166.2 -239.7 2633.6 0 0 0 0 0 0 0 0 0
-89.0 -823.4 2712.6 0 0 0 0 0 0 0 0 0
71.6 -831.2 2716.5 0 0 0 0 0 0 0 0 0
-16.4 444.5 2695.7 04 0.9967997670 -0.0128673743 -0.0788961351 0.0130978329 0.9999113083 0.0024042153 0.0788581967 -0.0034298897 0.9968799353
-13.9 246.5 2696.4 0.9967997670 -0.0128673743 -0.0788961351 0.0130978329 0.9999113083 0.0024042153 0.0788581967 -0.0034298897 0.9968799353
-10.7 52.5 2696.3 0.9967486858 -0.0166356172 -0.0788369551 0.0165604651 0.9998615980 -0.0016070146 0.0788527727 0.0002962130 0.9968862534
-150.1 244.3 2685.6 0.2105911076 -0.6616302729 -0.7196504474 0.9768444300 0.1139836311 0.1810597628 -0.0377662405 -0.7411161661 0.6703137755
-206.6 -18.3 2695.8 -0.0338989310 -0.6656798124 -0.7454671264 0.9613317847 0.1822512895 -0.2064599693 0.2732985914 -0.7236399651 0.6337610483
122.3 248.8 2707.2 0.1909297258 0.6576842070 0.7286956310 -0.9814245105 0.1420854479 0.1289094687 -0.0187553186 -0.7397723794 0.6725957394
169.6 5.5 2702.5 -0.0078134416 0.6592527628 0.7518808246 -0.9627116919 0.1983742863 -0.1839399189 -0.2704167068 -0.7252815962 0.6331203580
-98.3 -146.4 2690.4 0.9978018999 -0.0108836535 -0.0653677806 0.0107149277 0.9999383092 -0.0029312181 0.0653956532 0.0022243639 0.9978569150
-94.1 -534.6 2689.5 0.9976875782 -0.0160149001 -0.0660531595 0.0213894621 0.9964454174 0.0814802498 0.0645134747 -0.0827046782 0.9944837689
80.1 -144.1 2706.9 0.9913901687 0.0809820294 -0.1028953791 -0.0805504322 0.9967155457 0.0083496850 0.1032336056 0.0000104711 0.9946571589
48.7 -531.1 2706.9 0.9924210310 -0.0695092082 -0.1013358980 0.0726178214 0.9969857931 0.0273127798 0.0991319641 -0.0344645716 0.9944772720
-198.0 -262.3 2626.4 0 0 0 0 0 0 0 0 0
167.6 -240.3 2633.5 0 0 0 0 0 0 0 0 0
-89.4 -823.0 2713.5 0 0 0 0 0 0 0 0 0
69.6 -831.0 2717.3 0 0 0 0 0 0 0 0 0
-15.9 443.8 2696.8 05 0.9982831478 -0.0075758765 -0.0580802038 0.0075295903 0.9999711514 -0.0010157443 0.0580862202 0.0005766804 0.9983114004
-14.4 246.2 2696.7 0.9982831478 -0.0075758765 -0.0580802038 0.0075295903 0.9999711514 -0.0010157443 0.0580862202 0.0005766804 0.9983114004
-13.0 52.1 2696.3 0.9982830286 -0.0076845242 -0.0580679700 0.0075451564 0.9999681115 -0.0026189529 0.0580862425 0.0021763244 0.9983091950
-150.8 245.1 2688.8 0.2094268501 -0.6745687127 -0.7078824043 0.9775444865 0.1271167696 0.1680718064 -0.0233922563 -0.7271852493 0.6860425472
-206.6 -15.2 2695.0 -0.0287541170 -0.6771696806 -0.7352648973 0.9623151422 0.1802360415 -0.2036285400 0.2704122961 -0.7134116292 0.6464681029
121.9 247.2 2704.7 0.1970600635 0.6440362930 0.7391783595 -0.9803729057 0.1340799630 0.1445388496 -0.0060207499 -0.7531532645 0.6578175426
169.6 10.1 2703.2 -0.0086000767 0.6461749673 0.7631408572 -0.9626867771 0.2010804564 -0.1811098754 -0.2704813778 -0.7362231612 0.6203348041
-96.8 -143.1 2689.2 0.9990049005 0.0003791189 -0.0445988774 -0.0002664909 0.9999967813 0.0025312742 0.0445996895 -0.0025168702 0.9990017414
-96.9 -531.3 2690.2 0.9982825518 -0.0382063836 -0.0444103070 0.0419349223 0.9953858852 0.0863044262 0.0409080125 -0.0880185440 0.9952784777
81.8 -140.1 2703.3 0.9926986694 0.0887276456 -0.0817115903 -0.0880689248 0.9960464239 0.0116378563 0.0824211314 -0.0043566325 0.9965880513
47.4 -526.8 2705.0 0.9942303896 -0.0718850717 -0.0796144828 0.0748518929 0.9965828657 0.0349257514 0.0768317878 -0.0406835377 0.9962136745
-199.3 -259.5 2626.4 0 0 0 0 0 0 0 0 0
167.4 -235.7 2634.1 0 0 0 0 0 0 0 0 0
-85.8 -821.9 2715.9 0 0 0 0 0 0 0 0 0
69.0 -826.9 2717.3 0 0 0 0 0 0 0 0 0
-14.0 440.6 2685.9 06 0.9973497391 0.0008550060 -0.0727511644 0.0009971876 0.9996764064 0.0254191700 0.0727493539 -0.0254243501 0.9970261455
-14.2 242.8 2690.9 0.9973497391 0.0008550060 -0.0727511644 0.0009971876 0.9996764064 0.0254191700 0.0727493539 -0.0254243501 0.9970261455
-14.1 48.8 2695.3 0.9973497987 -0.0008328912 -0.0727511942 0.0024517695 0.9997513294 0.0221657883 0.0727146417 -0.0222854130 0.9971037507
-150.4 242.5 2681.0 0.2122656554 -0.6643685699 -0.7166293859 0.9759650826 0.1070922241 0.1897984594 -0.0493506901 -0.7396929860 0.6711325049
-206.4 -15.2 2694.0 -0.0304618254 -0.6683244109 -0.7432459593 0.9638432264 0.1772966087 -0.1989275068 0.2647230923 -0.7224323153 0.6387591958
122.0 243.2 2700.9 0.1981750280 0.6533625126 0.7306463718 -0.9801152349 0.1244569570 0.1545465142 0.0100408690 -0.7467448711 0.6650347710
169.5 8.4 2703.3 -0.0087855337 0.6564493179 0.7543189526 -0.9597458839 0.2062425315 -0.1906615943 -0.2807323337 -0.7256295681 0.6282125711
-100.9 -142.7 2690.7 0.9981250763 -0.0157399569 -0.0591487549 0.0158399288 0.9998738170 0.0012216823 0.0591220595 -0.0021563037 0.9982484579
-94.8 -530.8 2691.5 0.9978909492 -0.0243268646 -0.0601820759 0.0289941058 0.9965366721 0.0779358745 0.0580777116 -0.0795164257 0.9951402545
77.9 -141.3 2701.1 0.9922043085 0.0764992535 -0.0983791426 -0.0756736994 0.9970592260 0.0121013364 0.0990155712 -0.0045622843 0.9950754046
48.2 -528.4 2702.9 0.9924721122 -0.0754062310 -0.0965036824 0.0792064369 0.9962018728 0.0361680128 0.0934098586 -0.0435394570 0.9946752787
-198.7 -259.8 2626.8 0 0 0 0 0 0 0 0 0
167.3 -236.6 2631.6 0 0 0 0 0 0 0 0 0
-87.7 -819.5 2714.6 0 0 0 0 0 0 0 0 0
71.0 -829.1 2716.0 0 0 0 0 0 0 0 0 0
-12.7 438.0 2681.9 07 0.9979030490 0.0032757251 -0.0646432862 -0.0008661774 0.9993049502 0.0372674055 0.0647204295 -0.0371332653 0.9972122908
-13.3 240.3 2689.3 0.9979030490 0.0032757251 -0.0646432862 -0.0008661774 0.9993049502 0.0372674055 0.0647204295 -0.0371332653 0.9972122908
-13.7 46.3 2695.4 0.9979056716 0.0019221747 -0.0646574646 0.0001360733 0.9994938374 0.0318136513 0.0646858886 -0.0317558199 0.9974002838
-149.7 240.3 2680.4 0.2192059457 -0.6667015553 -0.7123606801 0.9746936560 0.1168381795 0.1905810386 -0.0438297540 -0.7361099124 0.6754414439
-208.0 -19.2 2692.1 -0.0375216007 -0.6701701283 -0.7412584424 0.9625633359 0.1750307530 -0.2069687098 0.2684472799 -0.7212740183 0.6385138035
123.0 240.3 2698.1 0.1928483695 0.6475925446 0.7371793389 -0.9811169505 0.1159288362 0.1548227519 0.0148017230 -0.7531164289 0.6577206850
169.3 4.5 2701.7 -0.0135973888 0.6515528560 0.7584813237 -0.9597252011 0.2043735236 -0.1927666515 -0.2806111872 -0.7305548191 0.6225327849
-103.3 -145.4 2693.1 0.9983868599 -0.0255601313 -0.0506985821 0.0250599813 0.9996310472 -0.0104765082 0.0509476587 0.0091891028 0.9986590743
