-301.4 499.8 2464.5  0.9529925585 0.0396914333 -0.3003827333 -0.0625718161 0.9957934022 -0.0669346303 0.2964624166 0.0825836957 0.9514672756
-309.5 297.6 2447.7 0.9529925585 0.0396914333 -0.3003827333 -0.0625718161 0.9957934022 -0.0669346303 0.2964624166 0.0825836957 0.9514672756
-318.0 99.6 2432.7 0.9529516697 0.0429271236 -0.3000672162 -0.0635569021 0.9962132573 -0.0593270101 0.2963841856 0.0756071210 0.9520714283
-448.6 306.8 2404.4 0.1552575082 -0.3180077970 -0.9352893233 0.9794542193 0.1729013622 0.1038006544 0.1287033856 -0.9321889281 0.3383183181
-490.7 41.8 2369.6 -0.0245605912 -0.3180496395 -0.9477558732 0.9810578227 0.1745548397 -0.0840010270 0.1921518743 -0.9318664074 0.3077379167
-170.3 288.3 2491.0 0.1188632175 0.6301918626 0.7672872543 -0.9920460582 0.1076167673 0.0652931258 -0.0414257757 -0.7689452767 0.6379710436
-137.3 12.6 2479.5 0.0658723712 0.6267397404 0.7764393687 -0.9738262296 0.2100216150 -0.0869104043 -0.2175392658 -0.7503920197 0.6241702437
-416.3 -92.2 2390.0 0.9180565476 -0.0634035915 0.3913465440 0.0106892083 0.9907284379 0.1354360878 -0.3963052928 -0.1201547980 0.9102224708
-391.1 -485.8 2437.8 0.9176776409 0.0343370028 0.3958393335 -0.0027236973 0.9967790246 -0.0801510215 -0.3973164856 0.0724746510 0.9148153067
-242.5 -105.0 2447.2 0.9155803919 0.0510571264 0.3988806307 -0.0670703948 0.9974020123 0.0262831952 -0.3965024054 -0.0508174598 0.9166260958
-262.8 -501.3 2467.4 0.9160910249 0.0135846650 0.4007401466 -0.0454520844 0.9965023398 0.0701229870 -0.3983858824 -0.0824535191 0.9135043025
-483.6 -238.6 2314.7 0 0 0 0 0 0 0 0 0
-119.7 -247.4 2421.4 0 0 0 0 0 0 0 0 0
-402.6 -820.3 2413.4 0 0 0 0 0 0 0 0 0
-267.0 -808.5 2492.8 0 0 0 0 0 0 0 0 0
-301.8 498.5 2463.6  0.9476639032 0.0367288925 -0.3171499968 -0.0603720434 0.9960545301 -0.0650431365 0.3135097325 0.0807860270 0.9461423159
-309.3 297.0 2447.3 0.9476639032 0.0367288925 -0.3171499968 -0.0603720434 0.9960545301 -0.0650431365 0.3135097325 0.0807860270 0.9461423159
-317.1 99.0 2432.8 0.9476633668 0.0394613855 -0.3168232739 -0.0603865869 0.9965748191 -0.0564981513 0.3135086000 0.0726731047 0.9468004107
-447.7 305.9 2401.5 0.1491540372 -0.3025504053 -0.9413906336 0.9811559319 0.1635411233 0.1028945222 0.1228253022 -0.9389981627 0.3212419450
-487.8 42.0 2368.5 -0.0320076421 -0.3030459583 -0.9524382949 0.9799963236 0.1777588874 -0.0894929245 0.1964248419 -0.9362504482 0.2912943065
-170.9 288.2 2493.1 0.1235853434 0.6424858570 0.7562662363 -0.9913024306 0.1146718189 0.0645743832 -0.0452342927 -0.7576689720 0.6510695815
-136.6 13.6 2480.5 0.0551582240 0.6401218176 0.7662908435 -0.9738304019 0.2039571851 -0.1002787501 -0.2204811275 -0.7407060862 0.6346200109
-413.9 -92.5 2390.5 0.9241681099 -0.0631194338 0.3767350316 0.0232592579 0.9937219024 0.1094342098 -0.3812772930 -0.0923730284 0.9198341370
-388.8 -487.2 2427.2 0.9233483076 0.0389854610 0.3819790781 -0.0213803817 0.9985089302 -0.0502273403 -0.3833676577 0.0382104740 0.9228050709
-239.2 -104.2 2444.8 0.9217382669 0.0637831315 0.3825313747 -0.0821042657 0.9961180687 0.0317441039 -0.3790216744 -0.0606672168 0.9233970046
-264.5 -500.0 2468.9 0.9229121208 0.0052591218 0.3849748075 -0.0372550748 0.9964343905 0.0757005066 -0.3832040131 -0.0842071772 0.9198172688
-478.6 -238.1 2312.3 0 0 0 0 0 0 0 0 0
-121.9 -246.4 2421.7 0 0 0 0 0 0 0 0 0
-401.9 -821.3 2414.4 0 0 0 0 0 0 0 0 0
-266.1 -808.5 2495.0 0 0 0 0 0 0 0 0 0
-301.3 499.1 2454.7  0.9476403594 0.0418056808 -0.3165912032 -0.0563146621 0.9977341294 -0.0368143395 0.3143347800 0.0527154803 0.9478474259
-309.8 296.3 2444.0 0.9476403594 0.0418056808 -0.3165912032 -0.0563146621 0.9977341294 -0.0368143395 0.3143347800 0.0527154803 0.9478474259
-318.2 98.0 2434.2 0.9476640224 0.0423560143 -0.3164472282 -0.0557539761 0.9978857040 -0.0334007517 0.3143634498 0.0492958836 0.9480218887
-448.2 304.4 2398.1 0.1405940801 -0.3009670973 -0.9432137012 0.9833251238 0.1534387022 0.0976127610 0.1153472587 -0.9412095547 0.3175210655
-486.3 38.1 2366.8 -0.0571294762 -0.3026034832 -0.9514028430 0.9768948555 0.1796331555 -0.1157943904 0.2059432864 -0.9360358119 0.2853494287
-171.3 288.1 2489.9 0.1270102262 0.6415391564 0.7565024495 -0.9915710688 0.1018019393 0.0801448002 -0.0255973898 -0.7603051066 0.6490615606
-136.2 13.6 2482.8 0.0490478314 0.6398668289 0.7669190168 -0.9736745358 0.2017618418 -0.1060660705 -0.2226031423 -0.7415271997 0.6329180598
-411.9 -93.5 2389.7 0.9226232767 -0.0665713623 0.3799138963 0.0334497243 0.9950914979 0.0931345224 -0.3842491806 -0.0732200667 0.9203213453
-385.4 -488.8 2418.8 0.9214766026 0.0504802354 0.3851396739 -0.0438003428 0.9986991882 -0.0261037294 -0.3859564066 0.0071847262 0.9224890471
-238.1 -104.6 2447.2 0.9206748605 0.0765199214 0.3827564418 -0.1020750552 0.9936715961 0.0468764566 -0.3767472208 -0.0822278559 0.9226592779
-268.5 -499.3 2479.8 0.9237874150 -0.0059886039 0.3828588426 -0.0135061583 0.9987458587 0.0482107513 -0.3826673925 -0.0497074388 0.9225479960
-469.9 -241.1 2308.0 0 0 0 0 0 0 0 0 0
-123.1 -246.4 2423.4 0 0 0 0 0 0 0 0 0
-402.2 -820.4 2416.4 0 0 0 0 0 0 0 0 0
-266.6 -806.7 2495.1 0 0 0 0 0 0 0 0 0
-302.1 499.3 2458.2  0.9558627605 0.0383748040 -0.2912967801 -0.0544420071 0.9973983169 -0.0472511947 0.2887256444 0.0610244349 0.9554650784
-309.9 296.7 2445.8 0.9558627605 0.0383748040 -0.2912967801 -0.0544420071 0.9973983169 -0.0472511947 0.2887256444 0.0610244349 0.9554650784
-318.0 98.5 2434.8 0.9558302164 0.0408867411 -0.2910615504 -0.0552597716 0.9976162314 -0.0413303785 0.2886778414 0.0555888191 0.9558111429
-449.4 304.7 2403.7 0.1264448911 -0.3242125809 -0.9374955297 0.9819823503 0.1747080684 0.0720260441 0.1404362768 -0.9297114015 0.3404619992
-484.0 36.4 2365.3 -0.0647064224 -0.3244129419 -0.9436997771 0.9757244587 0.1777069569 -0.1279920489 0.2092242986 -0.9290729165 0.3050388694
-170.3 288.6 2488.0 0.1181844324 0.6247838736 0.7718014717 -0.9929829836 0.0776108056 0.0892265067 -0.0041528572 -0.7769309282 0.6295721531
-137.5 13.6 2486.8 0.0525012873 0.6233351231 0.7801902890 -0.9727161527 0.2087155879 -0.1012969688 -0.2259798497 -0.7535855174 0.6172860265
-413.5 -95.1 2395.6 0.9119843841 -0.0680803657 0.4045361578 0.0391789190 0.9960799217 0.0793079361 -0.4083496630 -0.0564783141 0.9110767245
-386.5 -490.8 2418.0 0.9113448858 0.0428455658 0.4094078243 -0.0361279026 0.9990557432 -0.0241327360 -0.4100552201 0.0072021987 0.9120322466
-239.7 -105.3 2453.2 0.9104066491 0.0744482651 0.4069609344 -0.0995016918 0.9942039847 0.0407170467 -0.4015708566 -0.0775623694 0.9125376344
-269.3 -500.4 2484.0 0.9136547446 -0.0031621377 0.4064788520 -0.0118405018 0.9993383884 0.0343884453 -0.4063186646 -0.0362320766 0.9130128026
-465.5 -242.4 2305.5 0 0 0 0 0 0 0 0 0
-123.5 -246.2 2426.5 0 0 0 0 0 0 0 0 0
-400.5 -818.3 2415.7 0 0 0 0 0 0 0 0 0
-268.3 -807.7 2495.2 0 0 0 0 0 0 0 0 0
-303.1 502.8 2461.0  0.9514356256 0.0348226279 -0.3058719933 -0.0540823378 0.9970361590 -0.0547171459 0.3030600548 0.0686021149 0.9504989982
-310.1 300.9 2447.1 0.9514356256 0.0348226279 -0.3058719933 -0.0540823378 0.9970361590 -0.0547171459 0.3030600548 0.0686021149 0.9504989982
-317.4 102.7 2434.7 0.9514462948 0.0365674421 -0.3056350946 -0.0537842885 0.9973934889 -0.0480989665 0.3030796051 0.0622019470 0.9509330392
-449.1 308.7 2402.8 0.1160931662 -0.3109774292 -0.9433002472 0.9825860262 0.1746782362 0.0633420050 0.1450760961 -0.9342272282 0.3258410394
-480.8 40.1 2363.2 -0.0654904097 -0.3106597662 -0.9482623935 0.9777354598 0.1698817611 -0.1231808066 0.1993598044 -0.9352169037 0.2926174700
-171.2 293.0 2491.4 0.1234966591 0.6356689930 0.7620193958 -0.9922342300 0.0905725360 0.0852517188 -0.0148261553 -0.7666299939 0.6419179440
-136.6 14.7 2487.2 0.0504718944 0.6338948011 0.7717706561 -0.9759505987 0.1953903437 -0.0966593549 -0.2120684087 -0.7483314276 0.6285117269
-413.8 -94.7 2397.3 0.9179005623 -0.0684251115 0.3908664584 0.0466884412 0.9968016744 0.0648582578 -0.3940542936 -0.0412844867 0.9181594849
-386.6 -490.7 2413.7 0.9178771973 0.0378129035 0.3950590789 -0.0350017101 0.9992846251 -0.0143233845 -0.3953180611 -0.0006806361 0.9185440540
-238.5 -104.8 2450.2 0.9163397551 0.0765237063 0.3930211067 -0.1006322652 0.9940754771 0.0410741530 -0.3875495195 -0.0771884844 0.9186116457
-268.9 -499.8 2480.9 0.9193502069 -0.0030844556 0.3934280872 -0.0165202878 0.9987847209 0.0464345030 -0.3930931687 -0.0491891168 0.9181820154
-462.1 -239.4 2306.2 0 0 0 0 0 0 0 0 0
-123.1 -246.0 2430.6 0 0 0 0 0 0 0 0 0
-399.1 -821.8 2413.9 0 0 0 0 0 0 0 0 0
-268.0 -805.1 2495.9 0 0 0 0 0 0 0 0 0
-301.5 502.1 2455.9  0.9519317150 0.0416088887 -0.3034711480 -0.0554836988 0.9977649450 -0.0372384675 0.3012434244 0.0522861779 0.9521126747
-309.9 299.6 2445.3 0.9519317150 0.0416088887 -0.3034711480 -0.0554836988 0.9977649450 -0.0372384675 0.3012434244 0.0522861779 0.9521126747
-318.4 101.4 2434.7 0.9518777132 0.0427080393 -0.3034877479 -0.0567609072 0.9976783395 -0.0376310311 0.3011760116 0.0530463792 0.9520919323
-448.9 307.9 2401.3 0.1204387099 -0.3111556768 -0.9426965117 0.9818619490 0.1774075627 0.0668855906 0.1464296579 -0.9336534142 0.3268786371
-481.3 43.8 2361.9 -0.0709227547 -0.3101938665 -0.9480240941 0.9783255458 0.1637373567 -0.1267645657 0.1945485622 -0.9364666939 0.2918578684
-170.9 291.3 2489.3 0.1225879192 0.6350873709 0.7626507878 -0.9924306870 0.0727806687 0.0989154279 0.0073137078 -0.7690038681 0.6392022371
-137.1 18.3 2491.3 0.0597778857 0.6326271892 0.7721459866 -0.9761477709 0.1987842917 -0.0872947574 -0.2087155432 -0.7485103011 0.6294205189
-411.9 -90.5 2394.6 0.9164787531 -0.0697234198 0.3939610422 0.0477671735 0.9967231154 0.0652789026 -0.3972215652 -0.0410083234 0.9168060422
-384.2 -486.6 2410.9 0.9165781736 0.0413087308 0.3977159858 -0.0446213074 0.9990035295 -0.0009269231 -0.3973579705 -0.0168970097 0.9175081253
-237.4 -100.4 2450.2 0.9153370261 0.0735884756 0.3959076107 -0.1018796489 0.9934946299 0.0508817248 -0.3895877898 -0.0869088545 0.9168795943
-266.7 -495.2 2484.7 0.9187943935 -0.0011668050 0.3947347999 -0.0140547603 0.9992648363 0.0356679522 -0.3944862187 -0.0383194163 0.9181025028
-461.1 -235.8 2306.3 0 0 0 0 0 0 0 0 0
-121.2 -242.4 2435.5 0 0 0 0 0 0 0 0 0
-398.2 -823.8 2416.6 0 0 0 0 0 0 0 0 0
-266.3 -805.4 2496.6 0 0 0 0 0 0 0 0 0
-301.4 498.5 2450.8 0 0.9476462603 0.0465921536 -0.3159047067 -0.0580779649 0.9979459047 -0.0270363688 0.3139961064 0.0439680144 0.9484056234
-310.8 296.5 2441.9 0.9476462603 0.0465921536 -0.3159047067 -0.0580779649 0.9979459047 -0.0270363688 0.3139961064 0.0439680144 0.9484056234
-320.4 98.2 2433.3 0.9475688934 0.0484283194 -0.3158604801 -0.0597021095 0.9978747368 -0.0261079315 0.3139248490 0.0435966030 0.9484463930
-449.2 305.2 2396.1 0.1278996170 -0.2992853820 -0.9455527067 0.9836190343 0.1603836119 0.0822841823 0.1270247102 -0.9405877590 0.3148958087
-482.6 48.1 2362.9 -0.0675090402 -0.2999569476 -0.9515610337 0.9777619243 0.1699122936 -0.1229286864 0.1985552311 -0.9386988878 0.2818158567
-172.4 287.8 2487.8 0.1312849671 0.6433165073 0.7542600036 -0.9912876487 0.0770316571 0.1068403870 0.0106302891 -0.7617151737 0.6478248239
-136.5 17.0 2490.7 0.0649142042 0.6401005387 0.7655438781 -0.9785625339 0.1910932660 -0.0768032968 -0.1954521090 -0.7441469431 0.6387830973
-414.2 -91.6 2396.6 0.9201609492 -0.0774026960 0.3838132322 0.0608081333 0.9966217279 0.0552037694 -0.3867895603 -0.0274573863 0.9217591286
-383.4 -487.6 2407.5 0.9213601351 0.0384475887 0.3868039250 -0.0467236601 0.9988356233 0.0120125329 -0.3858917058 -0.0291407648 0.9220837355
-239.6 -102.0 2451.8 0.9201309085 0.0787930638 0.3836024106 -0.1045508012 0.9934210777 0.0467299670 -0.3773967326 -0.0831036270 0.9223152995
-270.9 -496.8 2484.8 0.9235396385 -0.0187603775 0.3830439150 0.0037880563 0.9992002845 0.0398047157 -0.3834843338 -0.0353102386 0.9228721261
-463.3 -231.4 2306.1 0 0 0 0 0 0 0 0 0
-119.2 -244.3 2438.5 0 0 0 0 0 0 0 0 0
-396.2 -819.0 2417.2 0 0 0 0 0 0 0 0 0
-265.1 -805.8 2495.8 0 0 0 0 0 0 0 0 0
-302.9 497.2 2449.3 1 0.9472568035 0.0401671343 -0.3179483116 -0.0519594550 0.9982369542 -0.0286921803 0.3162352741 0.0436992832 0.9476737976
-311.1 295.4 2440.5 0.9472568035 0.0401671343 -0.3179483116 -0.0519594550 0.9982369542 -0.0286921803 0.3162352741 0.0436992832 0.9476737976
-319.2 97.0 2432.1 0.9472478032 0.0409399793 -0.3178766668 -0.0521819852 0.9982744455 -0.0269284826 0.3162257075 0.0420953818 0.9477496147
-449.4 303.0 2394.3 0.1335204840 -0.2982594967 -0.9450997710 0.9835843444 0.1566836238 0.0895104185 0.1213843226 -0.9415367842 0.3142838478
-484.5 44.6 2362.4 -0.0692903176 -0.2993601263 -0.9516209364 0.9771602154 0.1717264950 -0.1251714826 0.2008898705 -0.9385592937 0.2806238234
-172.7 287.7 2486.7 0.1211607605 0.6464458704 0.7532780766 -0.9924849272 0.0657903999 0.1031761095 0.0171393082 -0.7601180077 0.6495589614
-139.0 11.7 2491.4 0.0766174123 0.6419641376 0.7628970146 -0.9777766466 0.1981332749 -0.0685279071 -0.1951477379 -0.7406924367 0.6428779960
-417.0 -94.6 2395.8 0.9210743308 -0.0799662992 0.3810872436 0.0611190088 0.9962446690 0.0613267682 -0.3845601976 -0.0331948400 0.9225028753
-385.2 -490.5 2409.0 0.9220181704 0.0384398177 0.3852335215 -0.0420004725 0.9991172552 0.0008288825 -0.3848615885 -0.0169442352 0.9228187203
-243.2 -105.5 2453.4 0.9224522710 0.0644598082 0.3806924224 -0.0882188305 0.9950717092 0.0452741645 -0.3758978844 -0.0753474906 0.9235927463
-268.8 -500.9 2483.3 0.9246226549 -0.0119212884 0.3806977868 -0.0057952786 0.9989540577 0.0453568846 -0.3808403015 -0.0441442542 0.9235864878
-464.7 -234.7 2304.9 0 0 0 0 0 0 0 0 0
-118.5 -249.4 2439.3 0 0 0 0 0 0 0 0 0
-397.7 -815.5 2414.5 0 0 0 0 0 0 0 0 0
-265.1 -806.9 2496.8 0 0 0 0 0 0 0 0 0
-304.4 499.2 2456.0 2 0.9459750652 0.0293805581 -0.3229054511 -0.0478156619 0.9976384640 -0.0493062250 0.3206942379 0.0620823950 0.9451460242
-310.4 297.0 2443.4 0.9459750652 0.0293805581 -0.3229054511 -0.0478156619 0.9976384640 -0.0493062250 0.3206942379 0.0620823950 0.9451460242
-316.6 98.8 2432.2 0.9459788203 0.0311235450 -0.3227311969 -0.0476930887 0.9979117513 -0.0435597785 0.3207015395 0.0565986745 0.9454877377
-448.6 304.0 2396.6 0.1336909533 -0.2937441468 -0.9464888573 0.9810714722 0.1742365062 0.0845011771 0.1400911808 -0.9398702383 0.3114778399
-484.1 43.7 2359.4 -0.0720470697 -0.2928222120 -0.9534486532 0.9791285992 0.1613773555 -0.1235496253 0.1900431067 -0.9424502850 0.2750838399
-172.2 290.1 2490.3 0.1241712868 0.6501855850 0.7495599985 -0.9922602177 0.0805586725 0.0944982991 0.0010578721 -0.7554925680 0.6551563740
-137.5 12.4 2490.6 0.0671226606 0.6467219591 0.7597665787 -0.9793465734 0.1882654577 -0.0737319291 -0.1907218695 -0.7391257286 0.6460018158
-414.2 -96.6 2394.7 0.9249972105 -0.0724976435 0.3729936182 0.0448492840 0.9955988526 0.0822885633 -0.3773177564 -0.0593881980 0.9241776466
-385.4 -492.1 2418.3 0.9246367812 0.0400719419 0.3787360787 -0.0315275230 0.9990896583 -0.0287375748 -0.3795428872 0.0146312090 0.9250584245
-240.5 -106.1 2452.7 0.9242190123 0.0700070858 0.3753907382 -0.0908701047 0.9951320887 0.0381404683 -0.3708932698 -0.0693619400 0.9260815978
-268.3 -501.6 2480.3 0.9263924956 -0.0070565725 0.3764932454 -0.0145568661 0.9984059334 0.0545313768 -0.3762778938 -0.0559980199 0.9248130322
-463.5 -236.2 2305.1 0 0 0 0 0 0 0 0 0
-119.5 -249.2 2439.7 0 0 0 0 0 0 0 0 0
-398.3 -814.6 2413.6 0 0 0 0 0 0 0 0 0
-266.1 -808.4 2497.5 0 0 0 0 0 0 0 0 0
-304.9 498.1 2458.9 3 0.9418985844 0.0246832166 -0.3349891901 -0.0469995253 0.9971701503 -0.0586747862 0.3325929344 0.0710100308 0.9403932691
-309.9 296.6 2444.5 0.9418985844 0.0246832166 -0.3349891901 -0.0469995253 0.9971701503 -0.0586747862 0.3325929344 0.0710100308 0.9403932691
-315.1 98.4 2431.8 0.9419146776 0.0263695754 -0.3348153830 -0.0463704206 0.9975759983 -0.0518832915 0.3326356411 0.0643951669 0.9408543110
-447.5 303.4 2395.9 0.1325136274 -0.2828759253 -0.9499586225 0.9809143543 0.1750149280 0.0847163275 0.1422927231 -0.9430540800 0.3006688952
-482.6 43.0 2358.2 -0.0835716054 -0.2813317776 -0.9559645653 0.9788957238 0.1563558728 -0.1315904111 0.1864912361 -0.9467868209 0.2623275518
-172.3 289.8 2493.1 0.1309554577 0.6588869095 0.7407554984 -0.9913404584 0.0943672359 0.0913177282 -0.0097349882 -0.7462994456 0.6655392051
-136.2 16.7 2490.5 0.0656019077 0.6556598544 0.7522011399 -0.9808043242 0.1810914874 -0.0723101571 -0.1836280823 -0.7330183983 0.6549539566
-409.5 -95.1 2391.5 0.9305050373 -0.0629875362 0.3608225584 0.0388071686 0.9965118170 0.0738799572 -0.3642174304 -0.0547431707 0.9297036529
-384.5 -491.1 2413.3 0.9298788905 0.0461344682 0.3649615049 -0.0440786816 0.9989304543 -0.0139666405 -0.3652154803 -0.0030997386 0.9309178591
-236.0 -103.9 2450.4 0.9278936982 0.0802471414 0.3641066551 -0.1037519425 0.9935653210 0.0454262570 -0.3581184149 -0.0799275115 0.9302487969
-267.9 -498.7 2482.1 0.9313802123 -0.0054765870 0.3640068173 -0.0113979131 0.9989579916 0.0441933237 -0.3638695180 -0.0453097038 0.9303472638
-458.7 -236.8 2304.9 0 0 0 0 0 0 0 0 0
-118.7 -245.2 2441.4 0 0 0 0 0 0 0 0 0
-399.5 -816.9 2414.3 0 0 0 0 0 0 0 0 0
-266.2 -805.6 2496.1 0 0 0 0 0 0 0 0 0
-306.1 495.6 2461.3 4 0.9385711551 0.0274582785 -0.3439916074 -0.0541878864 0.9961899519 -0.0683316886 0.3408047259 0.0827743262 0.9364830852
-311.7 294.5 2444.6 0.9385711551 0.0274582785 -0.3439916074 -0.0541878864 0.9961899519 -0.0683316886 0.3408047259 0.0827743262 0.9364830852
-317.3 96.5 2429.8 0.9386180043 0.0286450125 -0.3437669277 -0.0525235683 0.9967944026 -0.0603501312 0.3409362137 0.0747015849 0.9371137619
-448.8 302.2 2394.8 0.1233642548 -0.2744112611 -0.9536664486 0.9810293913 0.1785401553 0.0755301043 0.1495414525 -0.9448925257 0.2912309766
-481.7 40.6 2354.9 -0.0874227658 -0.2719814479 -0.9583231807 0.9798255563 0.1500788331 -0.1319781542 0.1797196418 -0.9505274296 0.2533740699
-174.6 286.8 2494.4 0.1446824968 0.6648824215 0.7328017354 -0.9893546104 0.1089080647 0.0965216607 -0.0156324599 -0.7389657497 0.6735615730
-135.3 18.3 2490.2 0.0601046272 0.6622738242 0.7468472719 -0.9803609848 0.1799537390 -0.0806783661 -0.1878291219 -0.7273307443 0.6600834727
-406.7 -95.6 2388.5 0.9354899526 -0.0416187830 0.3508937657 0.0100790737 0.9957782626 0.0912361816 -0.3532095253 -0.0818138495 0.9319600463
-390.2 -491.1 2421.0 0.9351308942 0.0259183645 0.3533530831 -0.0172042791 0.9994660020 -0.0277803447 -0.3538843989 0.0198990740 0.9350774288
-234.0 -104.1 2449.5 0.9307391644 0.0822221711 0.3563202024 -0.1049038097 0.9934741259 0.0447701067 -0.3503137827 -0.0790486410 0.9332907200
-266.6 -498.9 2480.9 0.9343815446 -0.0043785763 0.3562470675 -0.0120517770 0.9989637733 0.0438880734 -0.3560700715 -0.0453016162 0.9333605170
-456.7 -239.5 2303.6 0 0 0 0 0 0 0 0 0
-119.2 -243.6 2440.0 0 0 0 0 0 0 0 0 0
-398.6 -813.9 2414.5 0 0 0 0 0 0 0 0 0
-265.3 -807.9 2494.9 0 0 0 0 0 0 0 0 0
-306.5 494.8 2462.0 5 0.9467385411 0.0234956294 -0.3211449683 -0.0488034748 0.9962829351 -0.0709830225 0.3182834387 0.0828753486 0.9443660975
-311.2 293.4 2445.3 0.9467385411 0.0234956294 -0.3211449683 -0.0488034748 0.9962829351 -0.0709830225 0.3182834387 0.0828753486 0.9443660975
-316.1 95.3 2430.4 0.9467769265 0.0245290603 -0.3209544420 -0.0472101308 0.9968914390 -0.0630764067 0.3184095323 0.0748715922 0.9449918270
-449.5 300.3 2398.8 0.1216204092 -0.2961122394 -0.9473785162 0.9791560769 0.1922167540 0.0656206906 0.1626709253 -0.9356122613 0.3133175969
-482.0 38.9 2355.4 -0.0972112864 -0.2919435203 -0.9514824748 0.9783832431 0.1472967863 -0.1451547742 0.1825273037 -0.9450252056 0.2713137269
-173.0 286.5 2491.8 0.1382970661 0.6494472623 0.7477246523 -0.9903877378 0.0925673097 0.1027786434 -0.0024655499 -0.7547513247 0.6560063958
-135.1 15.3 2491.1 0.0567907877 0.6470256448 0.7603503466 -0.9769883156 0.1928444207 -0.0911308229 -0.2055933028 -0.7376779914 0.6430882812
-409.1 -96.8 2383.7 0.9271465540 -0.0438946337 0.3721190095 0.0068541523 0.9949352741 0.1002838239 -0.3746362329 -0.0904272348 0.9227516651
-391.7 -492.0 2419.6 0.9268577099 0.0231551621 0.3746980131 -0.0172184873 0.9996677041 -0.0191844627 -0.3750177026 0.0113295345 0.9269484282
-236.9 -106.4 2446.2 0.9229658246 0.0713390410 0.3782127500 -0.0958049595 0.9943252802 0.0462450944 -0.3727674186 -0.0789172947 0.9245628715
-265.3 -501.6 2477.6 0.9253854752 0.0036318710 0.3790100217 -0.0275507495 0.9979534745 0.0577046089 -0.3780247867 -0.0638410151 0.9235916734
-454.2 -240.8 2303.2 0 0 0 0 0 0 0 0 0
-119.9 -245.6 2436.2 0 0 0 0 0 0 0 0 0
-399.2 -816.9 2415.9 0 0 0 0 0 0 0 0 0
-266.4 -810.9 2497.4 0 0 0 0 0 0 0 0 0
-308.5 495.2 2462.9 6 0.9388372302 0.0055091903 -0.3443170786 -0.0343965739 0.9963718653 -0.0778456405 0.3426389992 0.0849277154 0.9356205463
-309.7 294.2 2445.8 0.9388372302 0.0055091903 -0.3443170786 -0.0343965739 0.9963718653 -0.0778456405 0.3426389992 0.0849277154 0.9356205463
-311.3 96.0 2430.6 0.9388389587 0.0083677648 -0.3442548513 -0.0341536216 0.9970382452 -0.0689075738 0.3426586688 0.0764506683 0.9363441467
-446.7 299.2 2395.7 0.1299077570 -0.2763153613 -0.9522467256 0.9810507298 0.1750528961 0.0830418244 0.1437478065 -0.9449900985 0.2938201129
-481.2 39.1 2357.6 -0.0919224322 -0.2747386992 -0.9571148753 0.9776011705 0.1578562111 -0.1392024010 0.1893308163 -0.9484724998 0.2540743649
-172.6 289.2 2495.8 0.1435637027 0.6652148366 0.7327200770 -0.9892733693 0.1166456565 0.0879317224 -0.0269751269 -0.7374842763 0.6748254299
-133.2 17.7 2488.4 0.0490352288 0.6634256244 0.7466337681 -0.9785915613 0.1815121770 -0.0970145911 -0.1998850852 -0.7258923650 0.6581232548
-407.8 -98.5 2386.3 0.9370948672 -0.0383164510 0.3469654918 0.0036599468 0.9949812889 0.0999939069 -0.3490555882 -0.0924338996 0.9325321317
-392.5 -493.8 2423.1 0.9368374348 0.0225339346 0.3490384221 -0.0150067415 0.9995931387 -0.0242548920 -0.3494429886 0.0174849611 0.9367944598
-234.2 -107.1 2444.7 0.9321929812 0.0759276748 0.3539085090 -0.1018898115 0.9932584167 0.0552831255 -0.3473250866 -0.0875942111 0.9336447716
-264.3 -501.9 2479.5 0.9353042841 0.0043084654 0.3538182378 -0.0250658821 0.9982205629 0.0541052632 -0.3529555202 -0.0594736487 0.9337479472
-454.9 -240.4 2303.5 0 0 0 0 0 0 0 0 0
-120.1 -243.6 2435.0 0 0 0 0 0 0 0 0 0
-399.8 -815.9 2417.4 0 0 0 0 0 0 0 0 0
-265.6 -805.0 2497.6 0 0 0 0 0 0 0 0 0
-310.2 494.3 2463.3 7 0.9362745285 -0.0057668611 -0.3512218297 -0.0252795108 0.9961664677 -0.0837456882 0.3503583670 0.0872876719 0.9325394630
-309.1 294.0 2445.8 0.9362745285 -0.0057668611 -0.3512218297 -0.0252795108 0.9961664677 -0.0837456882 0.3503583670 0.0872876719 0.9325394630
-308.7 95.9 2430.4 0.9362740517 -0.0021762026 -0.3512637019 -0.0251610707 0.9969967604 -0.0732421950 0.3503681421 0.0774129406 0.9334074259
-445.8 297.7 2394.6 0.1248162463 -0.2710516453 -0.9544380307 0.9826651216 0.1666737050 0.0811738223 0.1370774209 -0.9480247498 0.2871565819
-478.9 37.4 2358.3 -0.0870103613 -0.2708840966 -0.9586714506 0.9770138860 0.1647867858 -0.1352376193 0.1946101189 -0.9484024048 0.2503193617
-172.4 290.3 2497.0 0.1460802108 0.6697049737 0.7281180024 -0.9885751009 0.1264588684 0.0820212290 -0.0371469557 -0.7317810059 0.6805267334
-132.7 21.7 2486.9 0.0470721908 0.6681672931 0.7425205112 -0.9793624878 0.1771406829 -0.0973156616 -0.1965537369 -0.7226158381 0.6627163291
-399.0 -98.9 2384.0 0.9412534833 -0.0131417485 0.3374450505 -0.0323889628 0.9911229014 0.1289433986 -0.3361440599 -0.1322979182 0.9324722290
-393.8 -492.3 2436.6 0.9423919916 0.0201636311 0.3339023590 -0.0002357287 0.9982213974 -0.0596150905 -0.3345105350 0.0561020747 0.9407206178
-226.9 -105.2 2446.9 0.9350142479 0.0910927057 0.3427104652 -0.1046089157 0.9942891598 0.0211208612 -0.3388293386 -0.0555988736 0.9392036200
-263.1 -500.1 2469.0 0.9376711249 0.0095090400 0.3473937511 -0.0391597264 0.9961501360 0.0784312189 -0.3453105390 -0.0871465355 0.9344335794
-454.0 -241.9 2302.7 0 0 0 0 0 0 0 0 0
-120.1 -239.9 2434.4 0 0 0 0 0 0 0 0 0
-400.3 -813.2 2418.5 0 0 0 0 0 0 0 0 0
-266.0 -806.4 2495.8 0 0 0 0 0 0 0 0 0
-313.2 496.3 2464.6 8 0.9398081303 -0.0046661282 -0.3416707516 -0.0270364489 0.9957565069 -0.0879659802 0.3406313360 0.0919087082 0.9356939197
-312.3 295.9 2446.1 0.9398081303 -0.0046661282 -0.3416707516 -0.0270364489 0.9957565069 -0.0879659802 0.3406313360 0.0919087082 0.9356939197
-311.9 97.9 2429.7 0.9398059845 -0.0018929441 -0.3417033255 -0.0263812393 0.9965980649 -0.0780787021 0.3406886756 0.0823933855 0.9365589023
-449.5 299.8 2396.3 0.1003114879 -0.2814012468 -0.9543327093 0.9846472740 0.1657932699 0.0546109267 0.1428543478 -0.9451591969 0.2937119603
-476.8 31.6 2357.4 -0.0861591920 -0.2813270092 -0.9557362199 0.9767950773 0.1649503410 -0.1366118193 0.1960816085 -0.9453287721 0.2605868280
-175.0 292.1 2495.8 0.1571810991 0.6612148285 0.7335455418 -0.9866846800 0.1365850270 0.0883055329 -0.0418024026 -0.7376580834 0.6738791466
-132.4 24.7 2484.5 0.0509824939 0.6596267223 0.7498621941 -0.9796091318 0.1791349649 -0.0909757763 -0.1943365932 -0.7299336791 0.6553091407
-394.1 -99.9 2382.9 0.9379264116 0.0031294196 0.3468202651 -0.0516483784 0.9900701642 0.1307421625 -0.3429672420 -0.1405392289 0.9287745357
-395.3 -493.1 2438.8 0.9405823946 0.0128608970 0.3393219709 0.0109092230 0.9976221919 -0.0680514127 -0.3393903077 0.0677096993 0.9382055402
-222.4 -104.5 2447.2 0.9311532974 0.0987948403 0.3509888351 -0.1067734435 0.9942775369 0.0033988205 -0.3486445546 -0.0406411104 0.9363734722
-261.6 -499.5 2463.3 0.9337850213 0.0108785387 0.3576691449 -0.0428370610 0.9957481623 0.0815511197 -0.3552612364 -0.0914727077 0.9302806854
-452.2 -247.6 2301.3 0 0 0 0 0 0 0 0 0
-118.8 -236.9 2432.6 0 0 0 0 0 0 0 0 0
-399.5 -816.6 2416.8 0 0 0 0 0 0 0 0 0
-264.9 -801.4 2491.1 0 0 0 0 0 0 0 0 0
-315.0 497.0 2471.7 9 0.9595738053 -0.0047263219 -0.2814174592 -0.0275387317 0.9934849143 -0.1105865091 0.2801066637 0.1138657928 0.9531919360
-314.0 295.9 2448.6 0.9595738053 -0.0047263219 -0.2814174592 -0.0275387317 0.9934849143 -0.1105865091 0.2801066637 0.1138657928 0.9531919360
-313.8 98.3 2428.3 0.9595725536 -0.0017709896 -0.2814557254 -0.0271652471 0.9947291017 -0.0988740921 0.2801473141 0.1025226861 0.9544666409
-453.9 299.8 2407.8 0.0916970968 -0.3397347629 -0.9360405803 0.9796483517 0.1993264407 0.0236237515 0.1785518229 -0.9191567898 0.3510982692
-479.1 31.2 2358.8 -0.1052760631 -0.3345405757 -0.9364825487 0.9757716656 0.1468777657 -0.1621620953 0.1917982697 -0.9308649302 0.3109725118
-174.2 292.0 2489.4 0.1607803553 0.6167742610 0.7705447078 -0.9862957597 0.1296831816 0.1019950286 -0.0370187871 -0.7763837576 0.6291723251
-131.4 29.8 2479.6 0.0522168986 0.6146510839 0.7870689034 -0.9765988588 0.1960880011 -0.0883413628 -0.2086338848 -0.7640376687 0.6105066538
-397.7 -97.7 2382.1 0.9147208929 0.0053182533 0.4040512145 -0.0682400018 0.9875851870 0.1414878368 -0.3982825279 -0.1569943428 0.9037277102
-399.8 -490.0 2444.5 0.9191443920 -0.0046946569 0.3938928545 0.0348375700 0.9969797134 -0.0694104433 -0.3923773468 0.0775204897 0.9165318608
-225.3 -102.6 2444.6 0.9085095525 0.0835508779 0.4094260633 -0.0858108699 0.9962280989 -0.0128856916 -0.4089583457 -0.0234264322 0.9122523069
-258.5 -498.3 2453.9 0.9089192152 0.0217686407 0.4164035916 -0.0714768022 0.9919888377 0.1041595116 -0.4108003080 -0.1244357824 0.9031937122
-449.0 -247.7 2304.0 0 0 0 0 0 0 0 0 0
-117.5 -231.0 2423.9 0 0 0 0 0 0 0 0 0
-398.3 -817.0 2419.0 0 0 0 0 0 0 0 0 0
-265.3 -805.5 2492.4 0 0 0 0 0 0 0 0 0
-313.1 494.9 2467.2 0 0.9631176591 0.0060280566 -0.2690130472 -0.0334375948 0.9946811199 -0.0974240601 0.2669949234 0.1028259844 0.9581965208
-314.3 292.4 2446.3 0.9631176591 0.0060280566 -0.2690130472 -0.0334375948 0.9946811199 -0.0974240601 0.2669949234 0.1028259844 0.9581965208
-316.2 94.7 2427.3 0.9631084204 0.0092387572 -0.2689551413 -0.0346464850 0.9953501821 -0.0898756757 0.2668741941 0.0958783627 0.9589502215
-454.9 297.5 2407.3 0.0933062583 -0.3509861231 -0.9317202568 0.9807608724 0.1935666949 0.0252993386 0.1714702994 -0.9161553979 0.3622944355
-479.6 37.3 2361.9 -0.1027326807 -0.3465080261 -0.9324045181 0.9756509066 0.1475086659 -0.1623160094 0.1937815547 -0.9263764620 0.3229169250
-173.8 287.4 2485.2 0.1644712090 0.6046422720 0.7793310881 -0.9855330586 0.1335027218 0.1044106111 -0.0409117453 -0.7852290869 0.6178523302
-130.8 29.7 2474.5 0.0492097326 0.6026782990 0.7964654565 -0.9750198126 0.2019186467 -0.0925483033 -0.2165980935 -0.7720153332 0.5975596905
-401.4 -96.9 2382.3 0.9083307385 0.0067063775 0.4181987941 -0.0802322105 0.9840964079 0.1584836245 -0.4104850888 -0.1775085628 0.8944231272
-404.1 -487.8 2452.8 0.9146033525 -0.0156669375 0.4040486217 0.0547115728 0.9948546290 -0.0852696002 -0.4006337225 0.1000939980 0.9107545018
-225.8 -101.8 2433.5 0.9028559923 0.0722939298 0.4238215387 -0.0846458524 0.9963572025 0.0103638778 -0.4215283692 -0.0452318229 0.9056864381
-254.5 -497.5 2451.5 0.9028365016 0.0330021456 0.4287156761 -0.0852357000 0.9910005331 0.1032123640 -0.4214512408 -0.1297257692 0.8975244164
-450.3 -241.6 2306.5 0 0 0 0 0 0 0 0 0
-117.6 -230.7 2416.7 0 0 0 0 0 0 0 0 0
-398.9 -820.1 2419.3 0 0 0 0 0 0 0 0 0
-264.9 -809.3 2492.3 0 0 0 0 0 0 0 0 0
-310.7 495.8 2464.5 1 0.9671479464 0.0148692327 -0.2537790537 -0.0385023654 0.9953394532 -0.0884137079 0.2512816489 0.0952802300 0.9632129669
-313.8 294.1 2445.2 0.9671479464 0.0148692327 -0.2537790537 -0.0385023654 0.9953394532 -0.0884137079 0.2512816489 0.0952802300 0.9632129669
-317.2 96.2 2427.4 0.9671323299 0.0174113940 -0.2536767721 -0.0394640639 0.9958420992 -0.0821043774 0.2511924505 0.0894169137 0.9637982249
-454.9 299.9 2408.5 0.1083811298 -0.3646209538 -0.9248270392 0.9806748629 0.1916424334 0.0393693112 0.1628812402 -0.9112215638 0.3783450425
-484.3 33.9 2364.3 -0.1137681454 -0.3605673015 -0.9257689118 0.9714409709 0.1549274325 -0.1797217429 0.2082287818 -0.9197764397 0.3326440454
-172.6 288.4 2481.9 0.1594172418 0.5927437544 0.7894561291 -0.9866414070 0.1228305399 0.1070111543 -0.0335391313 -0.7959695458 0.6044068336
-130.1 25.3 2472.9 0.0466494076 0.5909079313 0.8053891063 -0.9747591615 0.2031531483 -0.0925923362 -0.2183308750 -0.7807410955 0.5854699016
-406.3 -99.9 2383.8 0.9008573890 -0.0127031226 0.4339292347 -0.0711171478 0.9817491770 0.1763828844 -0.4282502830 -0.1897556335 0.8835125566
-401.3 -489.9 2459.2 0.9078177214 -0.0058039618 0.4193248451 0.0584239513 0.9919036031 -0.1127558425 -0.4152753949 0.1268603653 0.9008067250
-229.9 -106.2 2432.7 0.8967303038 0.0602371991 0.4384589791 -0.0712025091 0.9974249005 0.0085922917 -0.4368123114 -0.0389243476 0.8987101316
-253.8 -502.5 2448.1 0.8961077929 0.0368683450 0.4423025846 -0.0947070271 0.9894758463 0.1093987972 -0.4336143732 -0.1399222761 0.8901687264
-451.8 -243.7 2304.8 0 0 0 0 0 0 0 0 0
-117.6 -235.0 2414.6 0 0 0 0 0 0 0 0 0
-399.4 -821.1 2416.8 0 0 0 0 0 0 0 0 0
-265.2 -807.9 2491.3 0 0 0 0 0 0 0 0 0
-308.9 495.1 2463.6 2 0.9663108587 0.0151311914 -0.2569325566 -0.0385111049 0.9955323935 -0.0862098113 0.2544802129 0.0932002366 0.9625765085
-312.0 293.6 2444.8 0.9663108587 0.0151311914 -0.2569325566 -0.0385111049 0.9955323935 -0.0862098113 0.2544802129 0.0932002366 0.9625765085
-315.5 95.7 2427.4 0.9662939310 0.0176731274 -0.2568340600 -0.0395410918 0.9959917068 -0.0802308917 0.2543866634 0.0876821205 0.9631195664
-453.1 299.3 2407.6 0.1113077104 -0.3610292971 -0.9258879423 0.9799091816 0.1950239986 0.0417567492 0.1654949635 -0.9119339585 0.3754835725
-482.6 39.3 2363.7 -0.0941868275 -0.3577685356 -0.9290481806 0.9742644429 0.1588358730 -0.1599372029 0.2047866732 -0.9202026129 0.3336009383
-170.8 287.8 2481.9 0.1507416517 0.5950396657 0.7894331813 -0.9877499938 0.1232409105 0.0957165658 -0.0403353162 -0.7941911221 0.6063279510
-130.7 24.6 2471.2 0.0470414497 0.5931780934 0.8036957383 -0.9748972654 0.2025592327 -0.0924393460 -0.2176289856 -0.7791723609 0.5878163576
-409.4 -98.0 2386.7 0.9018977284 -0.0231138822 0.4313307703 -0.0554349460 0.9841161370 0.1686487496 -0.4283776879 -0.1760147214 0.8862907887
-400.2 -489.0 2456.6 0.9072082639 -0.0037572559 0.4206649661 0.0562666431 0.9920591712 -0.1124841571 -0.4169018865 0.1257159710 0.9002156854
-232.1 -105.2 2432.7 0.8986202478 0.0554658286 0.4352070391 -0.0635096207 0.9979734421 0.0039466387 -0.4341061711 -0.0311863627 0.9003217220
-254.1 -501.8 2445.1 0.8977047205 0.0409306102 0.4386922717 -0.1024919748 0.9877612591 0.1175718457 -0.4285109341 -0.1505072415 0.8909130096
-455.7 -239.1 2305.2 0 0 0 0 0 0 0 0 0
-118.1 -235.8 2413.0 0 0 0 0 0 0 0 0 0
-398.9 -824.3 2414.1 0 0 0 0 0 0 0 0 0
-266.9 -811.1 2492.2 0 0 0 0 0 0 0 0 0
-306.8 498.1 2464.2 3 0.9634223580 0.0137706650 -0.2676335573 -0.0380363874 0.9955950379 -0.0856959075 0.2652745545 0.0927411690 0.9597023129
-309.6 296.7 2445.4 0.9634223580 0.0137706650 -0.2676335573 -0.0380363874 0.9955950379 -0.0856959075 0.2652745545 0.0927411690 0.9597023129
-312.9 98.8 2428.3 0.9634106755 0.0163472798 -0.2675305903 -0.0388088860 0.9961277843 -0.0788878575 0.2652050555 0.0863839686 0.9603145719
-450.3 302.4 2406.7 0.1187867820 -0.3510126472 -0.9288055897 0.9798691273 0.1926066875 0.0525278039 0.1604562551 -0.9163475037 0.3668255806
-482.4 37.8 2363.4 -0.0982975885 -0.3477114737 -0.9324346185 0.9741733670 0.1577758640 -0.1615334302 0.2032826990 -0.9242312908 0.3232222497
-168.9 291.1 2484.2 0.1433741599 0.6031450033 0.7846400142 -0.9884393811 0.1267716438 0.0831655115 -0.0493092388 -0.7874928713 0.6143480539
-130.3 24.9 2470.9 0.0467825085 0.6013313532 0.7976289988 -0.9735478759 0.2062226534 -0.0983704776 -0.2236424237 -0.7719279528 0.5950725079
-407.6 -98.6 2386.6 0.9068264365 -0.0092857154 0.4214019775 -0.0677842051 0.9835323691 0.1675391048 -0.4160182178 -0.1804932803 0.8912637234
-403.9 -489.4 2458.3 0.9131480455 -0.0164488982 0.4072961211 0.0683388561 0.9912211895 -0.1131829917 -0.4018588066 0.1311869770 0.9062557220
-230.4 -105.9 2433.3 0.9029195905 0.0588746816 0.4257581532 -0.0726921558 0.9972218275 0.0162628852 -0.4236178398 -0.0456333570 0.9046908617
-253.8 -502.1 2451.4 0.9023269415 0.0397784002 0.4292130172 -0.0915214792 0.9907098413 0.1005874425 -0.4212243557 -0.1300449669 0.8975847363
-454.3 -240.6 2305.3 0 0 0 0 0 0 0 0 0
-117.8 -235.1 2411.2 0 0 0 0 0 0 0 0 0
-398.4 -823.0 2414.2 0 0 0 0 0 0 0 0 0
-266.2 -810.1 2491.8 0 0 0 0 0 0 0 0 0
-303.8 499.6 2464.0 4 0.9627041221 0.0255423002 -0.2693479657 -0.0485751070 0.9956747890 -0.0791973025 0.2661601007 0.0893271789 0.9597809315
-309.0 297.7 2445.9 0.9627041221 0.0255423002 -0.2693479657 -0.0485751070 0.9956747890 -0.0791973025 0.2661601007 0.0893271789 0.9597809315
-313.3 99.8 2428.7 0.9628098607 0.0216499250 -0.2693111598 -0.0441143624 0.9960047007 -0.0776437074 0.2665541768 0.0866366178 0.9599182010
-449.6 304.2 2406.9 0.1231685206 -0.3494167328 -0.9288366437 0.9802509546 0.1887583435 0.0589777939 0.1547178328 -0.9177571535 0.3657651544
-482.7 40.9 2365.4 -0.0860918313 -0.3469636738 -0.9339188337 0.9759182930 0.1592127383 -0.1491132081 0.2004286349 -0.9242659211 0.3249012828
-168.4 291.3 2484.8 0.1497824490 0.6035875678 0.7831010222 -0.9873532653 0.1329275221 0.0863934159 -0.0519496910 -0.7861375809 0.6158643961
-128.4 27.7 2470.9 0.0385362953 0.6023572087 0.7972958684 -0.9749955535 0.1974196434 -0.1020253897 -0.2188576013 -0.7734282613 0.5949034095
-404.5 -95.6 2386.8 0.9070224166 -0.0031579023 0.4210705459 -0.0704393610 0.9847435355 0.1591177583 -0.4151489735 -0.1739833057 0.8929619789
-403.2 -486.9 2455.9 0.9133808613 -0.0125343967 0.4069131017 0.0612793416 0.9923706651 -0.1069825739 -0.4024676681 0.1226512045 0.9071804881
-227.8 -102.7 2435.4 0.9032642245 0.0677023679 0.4237099588 -0.0751433894 0.9971723557 0.0008576768 -0.4224537909 -0.0326137096 0.9057975411
-254.7 -498.9 2448.4 0.9028527737 0.0342010632 0.4285873473 -0.0899997652 0.9897807837 0.1106075346 -0.4204246104 -0.1384350806 0.8967044353
-458.1 -238.1 2308.1 0 0 0 0 0 0 0 0 0
-118.1 -232.7 2412.5 0 0 0 0 0 0 0 0 0
-399.0 -822.5 2414.5 0 0 0 0 0 0 0 0 0
-265.5 -810.1 2491.9 0 0 0 0 0 0 0 0 0
-300.4 500.0 2463.9 5 0.9620814919 0.0389778763 -0.2699627578 -0.0614577234 0.9952635765 -0.0753217936 0.2657482326 0.0890569985 0.9599201679
-308.3 297.6 2445.8 0.9620814919 0.0389778763 -0.2699627578 -0.0614577234 0.9952635765 -0.0753217936 0.2657482326 0.0890569985 0.9599201679
-315.5 99.8 2428.5 0.9622091055 0.0360972993 -0.2699084878 -0.0580736697 0.9955746531 -0.0738823041 0.2660470903 0.0867648050 0.9600473046
-448.9 306.1 2406.9 0.1248262003 -0.3477809131 -0.9292291403 0.9800797105 0.1890345216 0.0609075017 0.1544739157 -0.9183214903 0.3644494712
-483.0 37.9 2364.6 -0.0816041976 -0.3456096947 -0.9348233342 0.9761804938 0.1614698172 -0.1449107528 0.2010283172 -0.9243816733 0.3242008388
-167.8 289.1 2484.6 0.1426367015 0.6040960550 0.7840425968 -0.9882408977 0.1310096532 0.0788439512 -0.0550878271 -0.7860689759 0.6156792045
-129.9 26.9 2470.0 0.0427009799 0.6025874615 0.7969096303 -0.9754550457 0.1976073086 -0.0971538126 -0.2160188407 -0.7732009292 0.5962350368
-405.9 -94.1 2387.0 0.9055388570 -0.0187062770 0.4238508046 -0.0438787900 0.9895408154 0.1374176294 -0.4219882488 -0.1430350542 0.8952468038
-398.5 -487.1 2443.8 0.9084824324 0.0008097423 0.4179222584 0.0354855619 0.9962373376 -0.0790690184 -0.4164138138 0.0866630226 0.9050353765
-229.3 -102.2 2435.9 0.9029855728 0.0642761141 0.4248360395 -0.0728623942 0.9973340631 0.0039754859 -0.4234479368 -0.0345443785 0.9052615762
-254.9 -498.5 2449.6 0.9026848674 0.0306580868 0.4292087555 -0.0846465826 0.9906207323 0.1072640121 -0.4218945801 -0.1331566572 0.8968133926
-459.7 -241.1 2307.2 0 0 0 0 0 0 0 0 0
-118.5 -233.6 2412.3 0 0 0 0 0 0 0 0 0
-398.7 -822.9 2414.6 0 0 0 0 0 0 0 0 0
-264.4 -806.2 2491.0 0 0 0 0 0 0 0 0 0
-297.7 499.9 2463.3 6 0.9568809271 0.0496107116 -0.2862126529 -0.0727936402 0.9948216081 -0.0709299073 0.2812116444 0.0887059346 0.9555371404
-307.8 297.4 2445.3 0.9568809271 0.0496107116 -0.2862126529 -0.0727936402 0.9948216081 -0.0709299073 0.2812116444 0.0887059346 0.9555371404
-316.9 99.7 2427.8 0.9570755959 0.0456300005 -0.2862239480 -0.0687256008 0.9950940609 -0.0711661428 0.2815724611 0.0877822936 0.9555162191
-447.6 307.4 2404.1 0.1289909035 -0.3319714069 -0.9344283342 0.9804297090 0.1840172410 0.0699658319 0.1487242728 -0.9251662493 0.3492111862
-482.3 43.5 2364.1 -0.0771925598 -0.3306054175 -0.9406068921 0.9763424993 0.1660585105 -0.1384916753 0.2019818872 -0.9290450215 0.3099656403
-168.1 287.4 2486.4 0.1405691057 0.6169220805 0.7743691206 -0.9883519411 0.1335062832 0.0730514303 -0.0583161041 -0.7756179571 0.6285029650
-130.6 24.1 2470.9 0.0449646190 0.6153106689 0.7870012522 -0.9758794308 0.1955217570 -0.0971111283 -0.2136293799 -0.7636517286 0.6092606187
-410.9 -92.7 2386.9 0.9109002352 -0.0385662615 0.4108203650 -0.0168767162 0.9913072586 0.1304804236 -0.4122813344 -0.1257879585 0.9023311138
-395.6 -486.4 2436.8 0.9118258953 0.0104561849 0.4104439616 0.0180765316 0.9976839423 -0.0655744001 -0.4101790190 0.0672118366 0.9095250368
-234.4 -103.3 2435.7 0.9097245932 0.0595783666 0.4109155834 -0.0701212734 0.9974820018 0.0106170299 -0.4092483521 -0.0384724997 0.9116115570
-258.1 -499.8 2451.0 0.9096395969 0.0216370393 0.4148344398 -0.0744019002 0.9909799695 0.1114590317 -0.4086809754 -0.1322520226 0.9030444622
-460.3 -235.5 2306.4 0 0 0 0 0 0 0 0 0
-118.6 -236.5 2413.8 0 0 0 0 0 0 0 0 0
-399.1 -823.3 2414.1 0 0 0 0 0 0 0 0 0
-264.8 -805.0 2491.7 0 0 0 0 0 0 0 0 0
-297.0 498.8 2463.5 7 0.9540960789 0.0482471362 -0.2955891192 -0.0733370706 0.9945293069 -0.0743850693 0.2903831899 0.0926481411 0.9524148107
-306.7 297.2 2444.8 0.9540960789 0.0482471362 -0.2955891192 -0.0733370706 0.9945293069 -0.0743850693 0.2903831899 0.0926481411 0.9524148107
-315.9 99.5 2427.0 0.9542465210 0.0458764769 -0.2954807878 -0.0701565146 0.9949272871 -0.0720955580 0.2906744182 0.0895268396 0.9526244402
-446.1 307.5 2402.3 0.1432649791 -0.3229486048 -0.9355102181 0.9789776802 0.1849091649 0.0860889181 0.1451821178 -0.9281771183 0.3426504731
-484.2 47.2 2363.7 -0.0754008591 -0.3220902979 -0.9437015057 0.9752309918 0.1735360324 -0.1371487975 0.2079405040 -0.9306680560 0.3010276854
-167.4 287.0 2487.2 0.1358056366 0.6254032254 0.7683928609 -0.9892981052 0.1273662448 0.0711836442 -0.0533488318 -0.7698367238 0.6360073090
