-38.9 522.8 2412.7 7 0.9998778105 0.0080985213 -0.0133729624 -0.0082350504 0.9999142289 -0.0101860445 0.0132893231 0.0102949264 0.9998586774
-40.5 322.5 2410.7 0.9998778105 0.0080985213 -0.0133729624 -0.0082350504 0.9999142289 -0.0101860445 0.0132893231 0.0102949264 0.9998586774
-42.3 123.8 2408.1 0.9998686910 0.0091179265 -0.0133953048 -0.0092892163 0.9998751879 -0.0127812056 0.0132770939 0.0129039586 0.9998285770
-181.2 323.8 2408.8 0.1887041181 -0.9665015936 -0.1739695072 0.9797887206 0.1733223945 0.0998669490 -0.0663687587 -0.1892986596 0.9796740413
-234.7 46.2 2427.6 0.1011601686 -0.9647182822 -0.2430745661 0.9044990540 0.1909317374 -0.3813482821 0.4143043160 -0.1812834591 0.8919014931
100.2 321.2 2412.5 0.1820469946 0.5724090338 0.7995041013 -0.9800177217 0.1719009131 0.1000765935 -0.0801507458 -0.8017468452 0.5922650099
148.8 60.1 2391.2 -0.0145575693 0.5730492473 0.8193916082 -0.9673442245 0.1993177533 -0.1565808952 -0.2530478537 -0.7949131727 0.5514343381
-136.1 -73.7 2403.9 0.9979221225 0.0624696054 -0.0157808475 -0.0625036061 0.9980433583 -0.0016699648 0.0156456474 0.0026528547 0.9998740554
-160.9 -470.5 2402.8 0.9994130135 0.0336212553 -0.0065785670 -0.0323394500 0.9892352223 0.1427158415 0.0113060363 -0.1424193084 0.9897418618
47.4 -75.6 2405.8 0.9993306994 -0.0361547358 0.0055648973 0.0362439975 0.9992004633 -0.0168755557 -0.0049503166 0.0170659553 0.9998421073
61.8 -472.8 2399.0 0.9993541837 -0.0358899944 -0.0017717333 0.0356073789 0.9824447632 0.1831240058 -0.0048316889 -0.1830688268 0.9830882549
-263.6 -212.7 2309.0 0 0 0 0 0 0 0 0 0
144.6 -213.5 2319.6 0 0 0 0 0 0 0 0 0
-171.0 -768.3 2445.7 0 0 0 0 0 0 0 0 0
72.8 -773.8 2455.1 0 0 0 0 0 0 0 0 0
-38.9 522.3 2412.8 8 0.9999504089 0.0096744495 -0.0023601260 -0.0096981758 0.9999003410 -0.0102575375 0.0022606549 0.0102799181 0.9999446273
-40.8 322.2 2410.7 0.9999504089 0.0096744495 -0.0023601260 -0.0096981758 0.9999003410 -0.0102575375 0.0022606549 0.0102799181 0.9999446273
-43.0 123.4 2408.2 0.9999362826 0.0110325683 -0.0023839648 -0.0110616693 0.9998599291 -0.0125597389 0.0022450646 0.0125853093 0.9999182820
-181.5 323.8 2410.4 0.1895273328 -0.9678934813 -0.1651107669 0.9802039266 0.1767025143 0.0893111378 -0.0572681837 -0.1787691116 0.9822229743
-234.8 48.4 2426.5 0.1055137515 -0.9664924741 -0.2340068221 0.9079355597 0.1896163225 -0.3737627864 0.4056104422 -0.1730260104 0.8975200057
99.9 320.7 2411.0 0.1862687767 0.5651525259 0.8036831021 -0.9801313281 0.1636395305 0.1120921597 -0.0681651607 -0.8085942864 0.5844046474
149.4 60.4 2392.9 -0.0157573484 0.5660538077 0.8242176771 -0.9680379033 0.1977233589 -0.1542987674 -0.2503084838 -0.8003053069 0.5448459387
-135.8 -74.2 2404.3 0.9978002906 0.0661234707 -0.0047182613 -0.0661287531 0.9978106022 -0.0009713976 0.0046436992 0.0012812736 0.9999883771
-162.1 -470.9 2403.8 0.9996653795 0.0254092682 0.0048528383 -0.0258418340 0.9894248843 0.1427256167 -0.0011749656 -0.1428032517 0.9897503853
47.6 -75.9 2406.8 0.9992480874 -0.0350049399 0.0166692100 0.0353298374 0.9991832376 -0.0196123682 -0.0159690641 0.0201865416 0.9996687174
61.6 -473.2 2398.7 0.9992401600 -0.0378011167 0.0094966460 0.0355374888 0.9836945534 0.1763011962 -0.0160061810 -0.1758297533 0.9842904806
-265.0 -211.4 2310.4 0 0 0 0 0 0 0 0 0
144.9 -213.4 2322.1 0 0 0 0 0 0 0 0 0
-169.9 -774.1 2447.6 0 0 0 0 0 0 0 0 0
73.0 -771.1 2452.0 0 0 0 0 0 0 0 0 0
-40.1 521.6 2413.3 9 0.9998381138 0.0161434077 0.0079474272 -0.0160672944 0.9998252988 -0.0095496783 -0.0081002032 0.0094204387 0.9999228120
-43.3 321.5 2411.4 0.9998381138 0.0161434077 0.0079474272 -0.0160672944 0.9998252988 -0.0095496783 -0.0081002032 0.0094204387 0.9999228120
-46.9 122.8 2409.0 0.9998029470 0.0182108469 0.0079021975 -0.0181138106 0.9997617006 -0.0121822841 -0.0081221638 0.0120367454 0.9998945594
-184.0 324.1 2412.5 0.1832570136 -0.9703494906 -0.1576030105 0.9820756316 0.1735136062 0.0736242607 -0.0440949947 -0.1682702452 0.9847541451
-235.9 45.9 2425.0 0.0970159099 -0.9696460962 -0.2244423479 0.9036531448 0.1803269386 -0.3884497881 0.4171318114 -0.1651322097 0.8937183022
97.4 319.0 2410.2 0.1975020170 0.5564928055 0.8070369959 -0.9781382084 0.1665438414 0.1245343462 -0.0651045740 -0.8139895201 0.5772196054
149.7 60.0 2393.0 -0.0168745499 0.5574711561 0.8300247788 -0.9670718908 0.2017394602 -0.1551554054 -0.2539434135 -0.8053117990 0.5357103944
-136.9 -74.3 2405.5 0.9978665113 0.0650507063 0.0055504930 -0.0650403798 0.9978805780 -0.0020214382 -0.0056702252 0.0016561192 0.9999825358
-162.8 -471.1 2404.8 0.9996728897 0.0210007690 0.0145972585 -0.0228116959 0.9902232289 0.1376136839 -0.0115645519 -0.1379016638 0.9903783798
46.6 -76.4 2405.9 0.9989280105 -0.0375408791 0.0270825811 0.0382173844 0.9989589453 -0.0249097012 -0.0261192527 0.0259180237 0.9993227720
61.5 -473.5 2395.6 0.9991039038 -0.0380447544 0.0185482036 0.0339257978 0.9818665981 0.1865128130 -0.0253076963 -0.1857164204 0.9822773933
-263.8 -214.4 2304.9 0 0 0 0 0 0 0 0 0
144.9 -213.5 2321.2 0 0 0 0 0 0 0 0 0
-169.2 -774.8 2447.1 0 0 0 0 0 0 0 0 0
73.0 -771.5 2452.0 0 0 0 0 0 0 0 0 0
-39.4 521.8 2413.0 0 0.9998066425 0.0189936813 -0.0050883675 -0.0190371946 0.9997814298 -0.0086443163 0.0049230675 0.0087395133 0.9999496937
-43.2 321.4 2411.3 0.9998066425 0.0189936813 -0.0050883675 -0.0190371946 0.9997814298 -0.0086443163 0.0049230675 0.0087395133 0.9999496937
-47.1 122.7 2408.9 0.9997949004 0.0195875745 -0.0051489361 -0.0196471345 0.9997375607 -0.0117833614 0.0049167774 0.0118821068 0.9999173284
-183.9 324.2 2410.6 0.1892926693 -0.9671447277 -0.1697038859 0.9809058905 0.1783959866 0.0774499029 -0.0446307696 -0.1811242402 0.9824469686
-238.1 43.3 2423.4 0.0916851535 -0.9667780995 -0.2386083007 0.9021544456 0.1820841283 -0.3911044598 0.4215580225 -0.1794030666 0.8888775706
97.5 318.7 2412.0 0.1880494505 0.5670393705 0.8019375205 -0.9796405435 0.1667314172 0.1118261442 -0.0702983588 -0.8066393137 0.5868484974
147.6 57.4 2393.2 -0.0060355468 0.5682862997 0.8228088021 -0.9619767070 0.2213886827 -0.1599620879 -0.2730647922 -0.7924883366 0.5453419685
-142.3 -74.3 2407.4 0.9986433983 0.0515480824 -0.0073600938 -0.0515457317 0.9986705184 0.0005091420 0.0073765540 -0.0001290699 0.9999727607
-162.8 -471.4 2407.4 0.9997336864 0.0230596382 -0.0009277191 -0.0227665640 0.9920174479 0.1240283772 0.0037803631 -0.1239742190 0.9922782183
41.2 -77.6 2405.9 0.9986202717 -0.0507446267 0.0135100204 0.0509190373 0.9986195564 -0.0128947282 -0.0128370319 0.0135648549 0.9998255968
61.4 -474.6 2400.5 0.9993703365 -0.0353023000 0.0035612050 0.0341029949 0.9833983183 0.1782266647 -0.0097938944 -0.1779929996 0.9839830399
-264.5 -215.6 2302.4 0 0 0 0 0 0 0 0 0
145.9 -214.6 2316.0 0 0 0 0 0 0 0 0 0
-169.9 -776.6 2445.6 0 0 0 0 0 0 0 0 0
71.9 -769.0 2453.8 0 0 0 0 0 0 0 0 0
-40.3 523.3 2412.9 1 0.9998862147 0.0147471959 -0.0031786063 -0.0147741018 0.9998537302 -0.0086144330 0.0030511026 0.0086604133 0.9999578595
-43.2 322.7 2411.2 0.9998862147 0.0147471959 -0.0031786063 -0.0147741018 0.9998537302 -0.0086144330 0.0030511026 0.0086604133 0.9999578595
-46.7 124.0 2409.0 0.9998481870 0.0171272047 -0.0032118740 -0.0171606783 0.9997954965 -0.0107014952 0.0030279304 0.0107549885 0.9999375939
-184.0 325.2 2410.7 0.2047648132 -0.9645021558 -0.1667542458 0.9775703549 0.1929399818 0.0844415575 -0.0492704995 -0.1803046614 0.9823760390
-242.3 46.7 2424.8 0.0822332576 -0.9664082527 -0.2435011119 0.9060750604 0.1742498279 -0.3855709434 0.4150489569 -0.1889235377 0.8899675608
97.5 320.3 2411.6 0.1788516492 0.5662658215 0.8045837879 -0.9813725352 0.1609761417 0.1048552170 -0.0701428652 -0.8083499670 0.5845085979
145.7 55.6 2392.7 0.0016841346 0.5674111247 0.8234329224 -0.9620911479 0.2254890949 -0.1534122974 -0.2727229893 -0.7919591665 0.5462809801
-142.7 -74.3 2406.1 0.9991227388 0.0414553657 -0.0059301904 -0.0415073894 0.9990982413 -0.0089365486 0.0055543748 0.0091748554 0.9999424815
-159.2 -471.5 2402.5 0.9993268847 0.0366821550 0.0004050061 -0.0363669172 0.9891688824 0.1422054470 0.0048157829 -0.1421244591 0.9898370504
40.7 -77.9 2407.0 0.9984662533 -0.0530461669 0.0158515405 0.0533488095 0.9983890057 -0.0193216670 -0.0148010636 0.0201376937 0.9996876717
61.8 -474.8 2399.0 0.9994453788 -0.0329219215 0.0050051957 0.0314922221 0.9832965732 0.1792653054 -0.0108233504 -0.1790082604 0.9837880135
-265.8 -212.8 2305.9 0 0 0 0 0 0 0 0 0
146.2 -216.5 2315.5 0 0 0 0 0 0 0 0 0
-170.4 -772.3 2445.7 0 0 0 0 0 0 0 0 0
71.7 -769.9 2452.7 0 0 0 0 0 0 0 0 0
-39.2 520.1 2412.8 2 0.9998810887 0.0132515253 -0.0078869723 -0.0133323167 0.9998582602 -0.0102807814 0.0077496185 0.0103847105 0.9999160767
-41.9 320.1 2410.8 0.9998810887 0.0132515253 -0.0078869723 -0.0133323167 0.9998582602 -0.0102807814 0.0077496185 0.0103847105 0.9999160767
-45.1 121.3 2408.6 0.9998392463 0.0160984490 -0.0078955172 -0.0161837619 0.9998100400 -0.0108629344 0.0077191405 0.0109889666 0.9999098182
-182.6 322.4 2409.7 0.2065263987 -0.9639851451 -0.1675692201 0.9761563540 0.1913031936 0.1025761887 -0.0668253973 -0.1847584546 0.9805094004
-241.5 44.1 2428.7 0.0791428387 -0.9654489160 -0.2482836694 0.9001612663 0.1762250662 -0.3983144760 0.4283061028 -0.1919716001 0.8830066919
98.8 317.8 2411.8 0.1725812554 0.5706220269 0.8028737307 -0.9825077057 0.1576189548 0.0991707221 -0.0699591190 -0.8059446812 0.5878425837
144.8 55.9 2393.2 -0.0011462652 0.5716964602 0.8204643726 -0.9647717476 0.2152206898 -0.1513128430 -0.2630859315 -0.7917342782 0.5513098836
-141.8 -73.2 2406.6 0.9989471436 0.0445361249 -0.0110046556 -0.0447320528 0.9988322854 -0.0182499047 0.0101790251 0.0187229514 0.9997729063
-159.5 -470.3 2399.2 0.9993606806 0.0355936103 -0.0033634410 -0.0346880145 0.9880966544 0.1498723775 0.0086579034 -0.1496598870 0.9886996150
41.7 -76.4 2407.2 0.9986470342 -0.0507274419 0.0114404410 0.0509952344 0.9983989000 -0.0244761668 -0.0101805106 0.0250264592 0.9996349216
61.9 -473.3 2397.2 0.9994586110 -0.0328996703 0.0003649886 0.0322384834 0.9814679623 0.1888948679 -0.0065728035 -0.1887808293 0.9819972515
-264.3 -215.8 2305.1 0 0 0 0 0 0 0 0 0
144.5 -216.9 2318.8 0 0 0 0 0 0 0 0 0
-170.3 -769.4 2444.5 0 0 0 0 0 0 0 0 0
71.9 -771.7 2454.6 0 0 0 0 0 0 0 0 0
-40.2 520.3 2405.8 3 0.9998574853 0.0120930551 0.0117790503 -0.0122042876 0.9998811483 0.0094175385 -0.0116637638 -0.0095599517 0.9998862743
-42.6 320.0 2407.7 0.9998574853 0.0120930551 0.0117790503 -0.0122042876 0.9998811483 0.0094175385 -0.0116637638 -0.0095599517 0.9998862743
-45.3 121.3 2408.9 0.9998425245 0.0133117838 0.0117351217 -0.0133823995 0.9998927116 0.0059596724 -0.0116545288 -0.0061157779 0.9999133945
-183.3 321.9 2409.4 0.1984246820 -0.9625933766 -0.1845036149 0.9778243899 0.1815558374 0.1043884605 -0.0669859350 -0.2011253834 0.9772724509
-240.5 40.4 2428.7 0.0772109479 -0.9625933766 -0.2597160339 0.8953233361 0.1815558374 -0.4067353606 0.4386737347 -0.2011253834 0.8758504391
98.0 318.1 2406.1 0.1837398261 0.5536375642 0.8122346401 -0.9814814329 0.1488620490 0.1205582693 -0.0541653298 -0.8193445802 0.5707368851
147.3 54.8 2391.6 -0.0124459304 0.5553492308 0.8315240741 -0.9665204883 0.2064608037 -0.1523552984 -0.2562875152 -0.8055812716 0.5341868401
-140.0 -75.9 2405.7 0.9987226725 0.0498512760 0.0082409000 -0.0497659035 0.9987081885 -0.0102592716 -0.0087416917 0.0098360507 0.9999133945
-159.8 -473.0 2401.8 0.9993360043 0.0328060314 0.0158547033 -0.0347545110 0.9889110327 0.1443854123 -0.0109421788 -0.1448405534 0.9893944860
43.5 -78.9 2407.1 0.9984803796 -0.0449920669 0.0318217762 0.0457106754 0.9987074137 -0.0222270507 -0.0307806022 0.0236478690 0.9992463589
61.3 -476.0 2397.7 0.9992253184 -0.0330650918 0.0213413779 0.0282987207 0.9805479646 0.1942288280 -0.0273484383 -0.1934744269 0.9807240963
-262.8 -218.8 2301.7 0 0 0 0 0 0 0 0 0
143.8 -218.5 2319.1 0 0 0 0 0 0 0 0 0
-169.7 -770.6 2445.4 0 0 0 0 0 0 0 0 0
71.4 -774.3 2456.6 0 0 0 0 0 0 0 0 0
-40.3 521.0 2409.8 4 0.9998198748 0.0133843878 -0.0134559236 -0.0134605542 0.9998937845 -0.0055859545 0.0133797303 0.0057660728 0.9998938441
-43.0 320.4 2408.6 0.9998198748 0.0133843878 -0.0134559236 -0.0134605542 0.9998937845 -0.0055859545 0.0133797303 0.0057660728 0.9998938441
-45.8 121.6 2407.4 0.9998077750 0.0142562892 -0.0134620378 -0.0143384738 0.9998790026 -0.0060282834 0.0133744683 0.0062201493 0.9998912215
-183.7 322.4 2406.8 0.1959074736 -0.9653881192 -0.1721803397 0.9779281616 0.1793275028 0.1072294414 -0.0726413578 -0.1893870533 0.9792118073
-240.7 38.0 2427.9 0.0802366361 -0.9653881192 -0.2481690645 0.8951106668 0.1793275028 -0.4081892967 0.4385646284 -0.1893870533 0.8785178661
97.6 318.3 2410.5 0.1776502728 0.5735052228 0.7997075319 -0.9815217257 0.1619735360 0.1018808931 -0.0711022317 -0.8030294776 0.5916824937
145.5 54.0 2391.4 -0.0049675116 0.5743443966 0.8185986876 -0.9666852951 0.2067425847 -0.1509206593 -0.2559196353 -0.7920770049 0.5541833043
-139.6 -76.2 2411.2 0.9985991120 0.0500678793 -0.0171187315 -0.0504908226 0.9984055758 -0.0252379123 0.0158278290 0.0260668956 0.9995349050
-159.5 -473.2 2400.9 0.9992789030 0.0370579436 -0.0082660159 -0.0354478098 0.9885608554 0.1465978324 0.0136040738 -0.1461991221 0.9891616106
43.8 -78.7 2409.1 0.9989800453 -0.0446495973 0.0067324713 0.0448683985 0.9983111024 -0.0369025208 -0.0050734184 0.0371669568 0.9992961884
61.6 -475.6 2394.3 0.9994338751 -0.0333929807 -0.0041098585 0.0335339345 0.9787616134 0.2022404075 -0.0027308390 -0.2022637278 0.9793272614
-263.9 -221.3 2300.9 0 0 0 0 0 0 0 0 0
144.1 -219.4 2319.0 0 0 0 0 0 0 0 0 0
-170.7 -771.3 2444.9 0 0 0 0 0 0 0 0 0
71.8 -773.2 2455.8 0 0 0 0 0 0 0 0 0
-40.1 520.1 2411.3 5 0.9998383522 0.0103804236 -0.0146821318 -0.0105411941 0.9998848438 -0.0109154405 0.0145671349 0.0110684428 0.9998326302
-42.2 319.8 2409.1 0.9998383522 0.0103804236 -0.0146821318 -0.0105411941 0.9998848438 -0.0109154405 0.0145671349 0.0110684428 0.9998326302
-44.5 121.0 2406.8 0.9998195767 0.0120467795 -0.0146843456 -0.0122105256 0.9998636842 -0.0111128381 0.0145484703 0.0112901377 0.9998304248
-182.8 321.5 2407.0 0.1989544630 -0.9643739462 -0.1743559688 0.9773194790 0.1820720285 0.1081497967 -0.0725515038 -0.1919183731 0.9787254930
-240.8 36.7 2428.2 0.0825469121 -0.9643739462 -0.2513342202 0.8963577151 0.1820720285 -0.4042185545 0.4355787933 -0.1919183731 0.8794534802
98.5 318.1 2411.1 0.1711317599 0.5755999088 0.7996240854 -0.9826049209 0.1591196656 0.0957520455 -0.0721210539 -0.8021007776 0.5928177238
144.5 53.9 2391.7 0.0032497349 0.5763459802 0.8171993494 -0.9655917287 0.2143171877 -0.1473115832 -0.2600423098 -0.7886022329 0.5572113991
-140.3 -75.8 2404.9 0.9987224936 0.0474652089 -0.0173319187 -0.0476444103 0.9988135099 -0.0100768618 0.0168330539 0.0108897584 0.9997990131
-159.2 -472.8 2400.6 0.9991985559 0.0388503820 -0.0096372375 -0.0370080285 0.9883823395 0.1474136263 0.0152523508 -0.1469388306 0.9890279770
43.1 -78.5 2407.4 0.9989122748 -0.0464036055 0.0045799385 0.0464883521 0.9987071753 -0.0205615181 -0.0036198888 0.0207520667 0.9997780919
61.6 -475.5 2399.1 0.9995595813 -0.0292146113 -0.0052138045 0.0296736583 0.9816246629 0.1885005236 -0.0003889705 -0.1885722131 0.9820592403
-264.7 -223.0 2302.0 0 0 0 0 0 0 0 0 0
145.5 -219.2 2318.2 0 0 0 0 0 0 0 0 0
-170.8 -768.9 2444.6 0 0 0 0 0 0 0 0 0
70.4 -772.2 2456.1 0 0 0 0 0 0 0 0 0
-42.1 522.8 2411.5 6 0.9998317361 0.0068549882 -0.0170145202 -0.0070290607 0.9999233484 -0.0101921922 0.0169433486 0.0103100734 0.9998033047
-43.5 322.4 2409.5 0.9998317361 0.0068549882 -0.0170145202 -0.0070290607 0.9999233484 -0.0101921922 0.0169433486 0.0103100734 0.9998033047
-45.0 123.7 2407.2 0.9998250008 0.0077516320 -0.0170241930 -0.0079483232 0.9999020696 -0.0115165319 0.0169332530 0.0116498303 0.9997887611
-184.2 323.6 2407.1 0.1875000745 -0.9658415914 -0.1788678616 0.9801675081 0.1720788926 0.0982877836 -0.0641510487 -0.1937494278 0.9789513946
-237.9 43.0 2425.4 0.0895988718 -0.9648143053 -0.2471949905 0.9034864306 0.1831847131 -0.3874992728 0.4191471934 -0.1886178106 0.8881097436
97.2 321.3 2411.9 0.1851277053 0.5762546659 0.7960265875 -0.9803054929 0.1649738997 0.1085575819 -0.0687667951 -0.8004462123 0.5954468846
147.4 55.8 2393.2 -0.0041464488 0.5773403049 0.8164930940 -0.9629645348 0.2178220004 -0.1589116752 -0.2695962787 -0.7869127989 0.5550550222
-138.6 -76.6 2403.2 0.9984841943 0.0516768023 -0.0189420898 -0.0515914671 0.9986559153 0.0049666064 0.0191732887 -0.0039818278 0.9998082519
-159.2 -473.6 2404.8 0.9991058707 0.0405535437 -0.0119524915 -0.0385413729 0.9898497462 0.1367919743 0.0173785705 -0.1362089962 0.9905276895
44.8 -78.9 2405.9 0.9990687966 -0.0430851467 0.0022824705 0.0431235470 0.9988505244 -0.0209286939 -0.0013781309 0.0210076347 0.9997783899
62.0 -476.0 2397.6 0.9995391369 -0.0295271836 -0.0070510078 0.0303350743 0.9803935885 0.1947002262 0.0011638140 -0.1948243827 0.9808374643
-263.6 -217.0 2304.8 0 0 0 0 0 0 0 0 0
146.2 -216.5 2317.0 0 0 0 0 0 0 0 0 0
-171.2 -767.3 2445.2 0 0 0 0 0 0 0 0 0
70.9 -771.6 2456.3 0 0 0 0 0 0 0 0 0
-41.1 520.4 2412.2 7 0.9998672605 0.0062988419 -0.0150244059 -0.0064789345 0.9999073744 -0.0119682765 0.0149476286 0.0120640304 0.9998155236
-42.4 320.3 2409.7 0.9998672605 0.0062988419 -0.0150244059 -0.0064789345 0.9999073744 -0.0119682765 0.0149476286 0.0120640304 0.9998155236
-43.7 121.6 2407.1 0.9998630881 0.0069158305 -0.0150321173 -0.0071134837 0.9998884201 -0.0131352982 0.0149395987 0.0132404305 0.9998007417
-183.1 321.3 2407.6 0.1923283190 -0.9652446508 -0.1769535542 0.9793634415 0.1773846596 0.0968600735 -0.0621048212 -0.1919307858 0.9794414639
-237.9 42.2 2425.3 0.0934745446 -0.9643117189 -0.2477205396 0.9029622078 0.1869264990 -0.3869337440 0.4194302559 -0.1875138283 0.8882098794
98.4 319.3 2411.8 0.1901299208 0.5737861395 0.7966304421 -0.9790906310 0.1706033647 0.1107973754 -0.0723338425 -0.8010393381 0.5942254066
148.7 60.3 2392.7 -0.0110480050 0.5746485591 0.8183256984 -0.9650263786 0.2082345337 -0.1592560112 -0.2619199157 -0.7914653420 0.5522504449
-138.3 -74.4 2403.3 0.9983491302 0.0548373908 -0.0170852728 -0.0548273474 0.9984952807 0.0010560254 0.0171174742 -0.0001175419 0.9998534918
-160.1 -471.3 2403.3 0.9992817044 0.0366955437 -0.0094604529 -0.0350560956 0.9899526834 0.1369845867 0.0143921254 -0.1365545541 0.9905279875
45.2 -75.8 2406.4 0.9989801049 -0.0449511111 0.0042646695 0.0450347885 0.9987403154 -0.0221284796 -0.0032645974 0.0222979691 0.9997460246
63.1 -472.9 2397.5 0.9995576143 -0.0292747226 -0.0052504009 0.0297398884 0.9817821383 0.1876681149 -0.0003391816 -0.1877412349 0.9822184443
-264.9 -218.4 2304.3 0 0 0 0 0 0 0 0 0
145.6 -212.6 2318.6 0 0 0 0 0 0 0 0 0
-171.3 -773.3 2445.0 0 0 0 0 0 0 0 0 0
72.0 -771.4 2454.6 0 0 0 0 0 0 0 0 0
-43.5 520.2 2414.0 8 0.9999734759 0.0067471652 -0.0027452037 -0.0067888000 0.9998576045 -0.0154508324 0.0026405635 0.0154690584 0.9998768568
-44.8 320.5 2410.9 0.9999734759 0.0067471652 -0.0027452037 -0.0067888000 0.9998576045 -0.0154508324 0.0026405635 0.0154690584 0.9998768568
-46.5 121.7 2407.8 0.9999609590 0.0083976341 -0.0027463664 -0.0084394971 0.9998426437 -0.0156043591 0.0026148946 0.0156269278 0.9998744726
-185.6 321.7 2410.5 0.1812520027 -0.9689956307 -0.1679142565 0.9823075533 0.1702057868 0.0781145617 -0.0471126921 -0.1791018546 0.9827018380
-236.5 45.9 2423.7 0.0990043953 -0.9675449133 -0.2324973643 0.9051991701 0.1846095920 -0.3827973306 0.4132948518 -0.1725578010 0.8940979838
95.9 319.3 2411.2 0.2000504881 0.5635403395 0.8014999032 -0.9771481752 0.1747342199 0.1210345626 -0.0718415976 -0.8073971868 0.5856180787
149.3 58.7 2392.1 -0.0109679801 0.5643607974 0.8254553676 -0.9646422267 0.2114252895 -0.1573680788 -0.2633345127 -0.7979950905 0.5420873761
-136.8 -76.6 2403.1 0.9982997179 0.0580907091 -0.0048147170 -0.0581009611 0.9983086586 -0.0020175753 0.0046893717 0.0022938848 0.9999863505
-159.9 -473.5 2402.2 0.9993926287 0.0346605778 0.0036140617 -0.0348224752 0.9892554283 0.1419898123 0.0013462190 -0.1420294195 0.9898615479
46.7 -77.9 2405.8 0.9991446733 -0.0380038247 0.0162978992 0.0383078381 0.9990897775 -0.0187656488 -0.0155698983 0.0193739347 0.9996910691
61.8 -475.1 2398.1 0.9994174242 -0.0331469104 0.0081284214 0.0310406163 0.9818246365 0.1872346848 -0.0141869355 -0.1868732870 0.9822815657
-264.9 -214.2 2305.0 0 0 0 0 0 0 0 0 0
146.2 -214.1 2317.6 0 0 0 0 0 0 0 0 0
-170.5 -774.4 2445.4 0 0 0 0 0 0 0 0 0
71.8 -772.1 2454.7 0 0 0 0 0 0 0 0 0
-42.2 520.3 2406.9 9 0.9999096394 0.0134431776 0.0002275840 -0.0134437177 0.9999063611 0.0025662496 -0.0001930641 -0.0025690771 0.9999966621
-44.9 319.7 2407.4 0.9999096394 0.0134431776 0.0002275840 -0.0134437177 0.9999063611 0.0025662496 -0.0001930641 -0.0025690771 0.9999966621
-47.8 120.9 2406.8 0.9998907447 0.0147823701 0.0001483190 -0.0147818495 0.9998860955 -0.0030497103 -0.0001933841 0.0030471846 0.9999953508
-185.6 321.8 2407.4 0.1980470568 -0.9662491083 -0.1647424549 0.9785584807 0.1852036566 0.0901271328 -0.0565743521 -0.1790595502 0.9822102785
-241.1 47.5 2423.3 0.0863867402 -0.9673688412 -0.2381907552 0.9094600677 0.1741779596 -0.3775505126 0.4067181945 -0.1840096265 0.8948300481
95.9 317.6 2407.4 0.2032177150 0.5606874824 0.8027030230 -0.9771307707 0.1685406417 0.1296514869 -0.0625941157 -0.8106932640 0.5821154714
149.5 59.7 2390.8 -0.0139833782 0.5615440607 0.8273286819 -0.9669178128 0.2031716704 -0.1542441547 -0.2547046244 -0.8021156788 0.5401259065
-139.9 -76.3 2404.4 0.9987397194 0.0501287244 -0.0024628390 -0.0501298979 0.9987426400 -0.0004184709 0.0024387650 0.0005414053 0.9999969006
-159.8 -473.3 2404.2 0.9993957281 0.0344782434 0.0044027390 -0.0347566754 0.9901109338 0.1359129250 0.0003268392 -0.1359838247 0.9907109737
43.6 -77.8 2404.9 0.9987853765 -0.0452696793 0.0194518957 0.0455387942 0.9988697171 -0.0136219235 -0.0188132487 0.0144911939 0.9997180104
61.6 -474.9 2399.1 0.9992869496 -0.0363380834 0.0102560744 0.0338791721 0.9828416109 0.1813136041 -0.0166686848 -0.1808368415 0.9833718538
-265.8 -213.1 2306.7 0 0 0 0 0 0 0 0 0
145.6 -213.8 2318.8 0 0 0 0 0 0 0 0 0
-170.4 -775.5 2445.7 0 0 0 0 0 0 0 0 0
72.6 -772.0 2453.8 0 0 0 0 0 0 0 0 0
-41.8 522.0 2402.3 0 0.9998527169 0.0165048596 -0.0047034947 -0.0164456889 0.9997884631 0.0123527925 0.0049063810 -0.0122736208 0.9999126196
-45.1 321.1 2404.8 0.9998527169 0.0165048596 -0.0047034947 -0.0164456889 0.9997884631 0.0123527925 0.0049063810 -0.0122736208 0.9999126196
-48.7 122.4 2405.7 0.9998245835 0.0180929806 -0.0048373672 -0.0180706773 0.9998260736 0.0046155155 0.0049200342 -0.0045272913 0.9999776483
-185.8 323.7 2404.1 0.2119842172 -0.9627745152 -0.1677137762 0.9748367667 0.1962082833 0.1058092490 -0.0689636171 -0.1859234422 0.9801410437
-246.5 44.6 2423.8 0.0672816634 -0.9658975005 -0.2500303984 0.9083883762 0.1629535109 -0.3850672245 0.4126788080 -0.2012167424 0.8883737922
95.6 318.6 2405.5 0.1994270235 0.5664705634 0.7995873690 -0.9787663817 0.1546069086 0.1345846653 -0.0473834723 -0.8094490767 0.5852751732
149.0 56.3 2392.8 -0.0132110091 0.5684462786 0.8226143122 -0.9624164104 0.2159496397 -0.1646825969 -0.2712564766 -0.7938731909 0.5442290902
-142.5 -76.5 2406.2 0.9991756082 0.0397154912 -0.0084148608 -0.0398280062 0.9991132617 -0.0136540746 0.0078651207 0.0139779653 0.9998713732
-158.3 -473.7 2400.6 0.9991458058 0.0412809290 -0.0018666873 -0.0405466594 0.9880870581 0.1484584212 0.0079729510 -0.1482559144 0.9889168739
41.0 -79.2 2406.2 0.9985939264 -0.0508081615 0.0151247708 0.0511190034 0.9984732866 -0.0209282674 -0.0140383523 0.0216720030 0.9996665716
61.2 -476.2 2397.6 0.9991395473 -0.0412391610 0.0044218618 0.0397276916 0.9822031856 0.1835717410 -0.0119135119 -0.1832381189 0.9829963446
-265.9 -216.6 2305.2 0 0 0 0 0 0 0 0 0
145.3 -215.8 2316.1 0 0 0 0 0 0 0 0 0
-170.7 -772.6 2445.5 0 0 0 0 0 0 0 0 0
73.6 -770.8 2452.5 0 0 0 0 0 0 0 0 0
-41.6 525.0 2407.6 1 0.9996451735 0.0189733766 0.0186943784 -0.0189440306 0.9998190403 -0.0017456146 -0.0187241156 0.0013908483 0.9998237491
-45.4 324.4 2407.3 0.9996451735 0.0189733766 0.0186943784 -0.0189440306 0.9998190403 -0.0017456146 -0.0187241156 0.0013908483 0.9998237491
-49.4 125.6 2406.8 0.9996185303 0.0203527026 0.0186694451 -0.0202999003 0.9997894168 -0.0030134360 -0.0187268443 0.0026332987 0.9998211861
-186.0 327.2 2409.9 0.2109532207 -0.9660915732 -0.1488819122 0.9764420986 0.2011958212 0.0779813379 -0.0453826971 -0.1618249863 0.9857753515
-246.0 49.4 2422.8 0.0660295710 -0.9710856676 -0.2294181138 0.9118437767 0.1520893723 -0.3813263178 0.4051925838 -0.1840146631 0.8955208063
95.3 321.5 2404.6 0.1879798323 0.5501183271 0.8136543632 -0.9809189439 0.1470013261 0.1272344291 -0.0496142730 -0.8220464587 0.5672547817
146.3 55.4 2391.2 -0.0045858705 0.5517691970 0.8339842558 -0.9655392766 0.2145782411 -0.1472755820 -0.2602170110 -0.8059199452 0.5317708254
-144.1 -74.7 2406.1 0.9991222024 0.0390087217 0.0152685503 -0.0387666821 0.9991227388 -0.0158394910 -0.0158730336 0.0152336759 0.9997579455
-159.6 -471.9 2400.1 0.9990766644 0.0372173153 0.0214636028 -0.0399964564 0.9881256819 0.1483506709 -0.0156875234 -0.1490721554 0.9887018800
39.4 -78.0 2407.0 0.9977354407 -0.0552881919 0.0383048840 0.0562202893 0.9981371164 -0.0236987621 -0.0369232632 0.0257986058 0.9989850521
61.4 -474.9 2396.8 0.9989085793 -0.0392019264 0.0253937040 0.0335622579 0.9805307984 0.1934758425 -0.0324839354 -0.1924124062 0.9807763696
-265.0 -212.1 2306.6 0 0 0 0 0 0 0 0 0
145.0 -217.7 2317.6 0 0 0 0 0 0 0 0 0
-170.8 -771.2 2445.2 0 0 0 0 0 0 0 0 0
73.3 -772.8 2455.2 0 0 0 0 0 0 0 0 0
-41.7 519.6 2395.7 2 0.9996783137 0.0227926821 -0.0111246305 -0.0224994980 0.9994137883 0.0258041304 0.0117062544 -0.0255455319 0.9996051192
-46.3 318.8 2400.8 0.9996783137 0.0227926821 -0.0111246305 -0.0224994980 0.9994137883 0.0258041304 0.0117062544 -0.0255455319 0.9996051192
-50.7 120.2 2403.9 0.9996968508 0.0218513440 -0.0113445027 -0.0216689538 0.9996378422 0.0159587879 0.0116891144 -0.0157081280 0.9998083115
-186.9 321.9 2399.2 0.1935187727 -0.9656338096 -0.1734988540 0.9778070450 0.1753608584 0.1146385148 -0.0802739114 -0.1918330938 0.9781391025
-241.7 45.2 2421.9 0.0798092559 -0.9656338096 -0.2473496497 0.9024879932 0.1753608584 -0.3934004903 0.4232562482 -0.1918330938 0.8854683638
94.3 315.8 2402.4 0.1931941360 0.5721477270 0.7970715165 -0.9804117680 0.1443041265 0.1340488493 -0.0383249633 -0.8073557019 0.5888190866
145.3 57.3 2392.3 -0.0025353464 0.5738452673 0.8189598322 -0.9644955993 0.2148746550 -0.1535485983 -0.2640868425 -0.7902724147 0.5529264212
-145.2 -71.3 2408.0 0.9992146492 0.0364353210 -0.0155757936 -0.0367154963 0.9991618991 -0.0180971287 0.0149033647 0.0186547879 0.9997149110
-159.7 -468.5 2400.5 0.9992083907 0.0386458859 -0.0094387326 -0.0368753076 0.9887814522 0.1447460800 0.0149266850 -0.1442834437 0.9894238114
38.2 -75.0 2404.5 0.9983676672 -0.0565182269 0.0082300454 0.0565522499 0.9983918071 -0.0039617689 -0.0079928972 0.0044207298 0.9999582767
60.7 -471.9 2402.8 0.9991900325 -0.0401999392 -0.0018042393 0.0399156362 0.9844441414 0.1711038351 -0.0051021911 -0.1710372716 0.9852513671
-264.7 -215.2 2299.8 0 0 0 0 0 0 0 0 0
144.6 -215.5 2317.7 0 0 0 0 0 0 0 0 0
-171.5 -769.9 2444.5 0 0 0 0 0 0 0 0 0
72.9 -772.0 2454.9 0 0 0 0 0 0 0 0 0
-41.8 519.5 2396.7 3 0.9997039437 0.0240100268 0.0039397418 -0.0240871515 0.9994921684 0.0208610352 -0.0034368669 -0.0209497567 0.9997746348
-46.6 318.4 2400.9 0.9997039437 0.0240100268 0.0039397418 -0.0240871515 0.9994921684 0.0208610352 -0.0034368669 -0.0209497567 0.9997746348
-51.4 119.7 2404.3 0.9997024536 0.0240871776 0.0038429454 -0.0241486281 0.9995665550 0.0168379117 -0.0034357021 -0.0169257037 0.9998508692
-187.2 321.7 2401.4 0.1773473918 -0.9705062509 -0.1632959247 0.9822871089 0.1643584967 0.0899906382 -0.0604974031 -0.1763630807 0.9824643135
-238.6 37.5 2418.9 0.1022479087 -0.9684332609 -0.2273376137 0.9060807228 0.1849910915 -0.3805207014 0.4105643332 -0.1670787781 0.8963936567
94.0 315.0 2400.5 0.1872361451 0.5619073510 0.8057312369 -0.9818098545 0.1333476603 0.1351583004 -0.0314959288 -0.8163813949 0.5766536593
144.3 51.4 2392.0 -0.0026012559 0.5640913844 0.8257082701 -0.9651609063 0.2146270126 -0.1496652961 -0.2616441846 -0.7973306775 0.5438806415
-146.8 -76.6 2406.0 0.9993953109 0.0347708650 -0.0001331557 -0.0347708166 0.9993632436 -0.0080076121 -0.0001453607 0.0080073997 0.9999679327
-160.6 -473.9 2402.8 0.9993646741 0.0352765210 0.0050757476 -0.0356398039 0.9892606139 0.1417506933 -0.0000207660 -0.1418415308 0.9898893833
36.6 -80.5 2408.1 0.9978517890 -0.0610007122 0.0238908771 0.0613048114 0.9980444312 -0.0122094415 -0.0230993722 0.0136478385 0.9996399879
60.8 -477.3 2402.7 0.9992403984 -0.0369932987 0.0122533143 0.0343435220 0.9845463634 0.1717235893 -0.0184165780 -0.1711723208 0.9850689769
-268.0 -223.5 2300.7 0 0 0 0 0 0 0 0 0
143.6 -221.5 2318.0 0 0 0 0 0 0 0 0 0
-171.1 -769.3 2445.1 0 0 0 0 0 0 0 0 0
72.0 -773.2 2454.1 0 0 0 0 0 0 0 0 0
-41.9 519.5 2396.8 4 0.9997245073 0.0230275299 0.0045382367 -0.0231170598 0.9995168447 0.0207763184 -0.0040576169 -0.0208755061 0.9997738600
-46.5 318.5 2401.0 0.9997245073 0.0230275299 0.0045382367 -0.0231170598 0.9995168447 0.0207763184 -0.0040576169 -0.0208755061 0.9997738600
-51.4 119.7 2404.2 0.9996992350 0.0241206959 0.0044338712 -0.0241901856 0.9995736480 0.0163512081 -0.0040375781 -0.0164535455 0.9998564720
-187.2 321.9 2401.5 0.1826703399 -0.9698705673 -0.1611913890 0.9808400869 0.1684802622 0.0978114605 -0.0677068904 -0.1759702414 0.9820643067
-240.4 36.5 2421.2 0.0874483660 -0.9692691565 -0.2299348563 0.9021494985 0.1749450266 -0.3943609297 0.4224678576 -0.1729493886 0.8897243738
94.1 315.1 2400.4 0.1839663386 0.5613776445 0.8068528771 -0.9823188782 0.1340037584 0.1307386905 -0.0347275399 -0.8166383505 0.5761040449
143.8 50.0 2391.0 -0.0059630284 0.5637296438 0.8259378076 -0.9650399089 0.2131883800 -0.1524753720 -0.2620352507 -0.7979721427 0.5427503586
-147.9 -76.8 2408.0 0.9995452762 0.0301531125 -0.0000535376 -0.0301455818 0.9992527366 -0.0241914131 -0.0006759487 0.0241820272 0.9997073412
-159.9 -474.1 2398.4 0.9993592501 0.0353733934 0.0054605240 -0.0357916132 0.9866427183 0.1589185596 0.0002339030 -0.1590121686 0.9872766137
35.5 -81.2 2407.4 0.9975977540 -0.0647758991 0.0245517548 0.0651281551 0.9977810979 -0.0138294520 -0.0236014593 0.0153952409 0.9996029139
61.2 -477.9 2401.2 0.9992164373 -0.0378185585 0.0116756940 0.0351448171 0.9834483862 0.1777472943 -0.0182045884 -0.1771976650 0.9840068817
-265.6 -223.9 2299.3 0 0 0 0 0 0 0 0 0
142.1 -223.0 2316.9 0 0 0 0 0 0 0 0 0
-170.7 -773.9 2446.7 0 0 0 0 0 0 0 0 0
72.6 -774.8 2454.7 0 0 0 0 0 0 0 0 0
-41.9 516.8 2397.8 5 0.9997299314 0.0223674383 0.0063062971 -0.0224858895 0.9995592237 0.0193831250 -0.0058699665 -0.0195196941 0.9997922182
-46.4 316.4 2401.7 0.9997299314 0.0223674383 0.0063062971 -0.0224858895 0.9995592237 0.0193831250 -0.0058699665 -0.0195196941 0.9997922182
-50.9 117.6 2404.4 0.9997209311 0.0228015501 0.0061785770 -0.0228846483 0.9996438026 0.0137301739 -0.0058633070 -0.0138677368 0.9998866320
-187.1 319.6 2402.5 0.1969295889 -0.9673401117 -0.1595991403 0.9784204364 0.1835217327 0.0949378535 -0.0625472814 -0.1748511344 0.9826061726
-242.9 42.0 2420.2 0.0770348012 -0.9691706300 -0.2340382934 0.9095416069 0.1644661278 -0.3816870451 0.4084112644 -0.1834643632 0.8941705823
94.3 313.1 2400.9 0.1832097620 0.5594462752 0.8083650470 -0.9822139740 0.1385542005 0.1267218888 -0.0411082804 -0.8172041178 0.5748804808
143.4 49.7 2389.8 -0.0068588341 0.5613457561 0.8275529742 -0.9668143392 0.2076344192 -0.1488556266 -0.2553879619 -0.8011110425 0.5412929654
-147.9 -76.8 2407.9 0.9995668530 0.0293720495 0.0018378781 -0.0293206330 0.9992920756 -0.0235722624 -0.0025289427 0.0235081650 0.9997204542
-159.6 -474.1 2398.5 0.9993323684 0.0358458497 0.0070603285 -0.0365078710 0.9871621728 0.1554929167 -0.0013959128 -0.1556468755 0.9878118038
35.5 -81.2 2407.1 0.9975119233 -0.0653338954 0.0264844727 0.0658396333 0.9976550937 -0.0186951887 -0.0252009388 0.0203924011 0.9994744062
61.5 -477.8 2399.0 0.9992489815 -0.0366929844 0.0124521833 0.0337154120 0.9817239642 0.1872999668 -0.0190972015 -0.1867394745 0.9822238088
-265.1 -219.2 2302.9 0 0 0 0 0 0 0 0 0
141.5 -223.7 2317.6 0 0 0 0 0 0 0 0 0
-170.3 -771.1 2445.3 0 0 0 0 0 0 0 0 0
72.5 -772.8 2455.1 0 0 0 0 0 0 0 0 0
-43.0 517.0 2398.3 6 0.9997311234 0.0178959072 0.0147464024 -0.0181778930 0.9996501207 0.0192155428 -0.0143973632 -0.0194784347 0.9997066259
-46.6 316.3 2402.2 0.9997311234 0.0178959072 0.0147464024 -0.0181778930 0.9996501207 0.0192155428 -0.0143973632 -0.0194784347 0.9997066259
-50.3 117.5 2404.9 0.9997232556 0.0184146091 0.0146384863 -0.0186092481 0.9997387528 0.0132732913 -0.0143902395 -0.0135420300 0.9998047352
-187.3 318.9 2404.2 0.1944843531 -0.9687088132 -0.1542045474 0.9796384573 0.1838298589 0.0807157904 -0.0498426929 -0.1667626649 0.9847364426
-242.5 41.0 2418.3 0.0841502100 -0.9703688025 -0.2265018523 0.9096708298 0.1675893813 -0.3800168037 0.4067157507 -0.1740636379 0.8968188763
94.1 313.6 2400.2 0.1814142615 0.5529123545 0.8132507801 -0.9825824499 0.1357664764 0.1268827766 -0.0402571335 -0.8221042752 0.5679119229
143.2 47.9 2389.3 -0.0074347258 0.5552830100 0.8316282034 -0.9651451111 0.2135893106 -0.1512431949 -0.2616096735 -0.8037663698 0.5343406796
-147.2 -79.0 2407.7 0.9995104074 0.0294451173 0.0105781108 -0.0292340443 0.9993807673 -0.0195828583 -0.0111481799 0.0192640293 0.9997522831
-158.9 -476.4 2400.1 0.9989675879 0.0427401736 0.0153967869 -0.0445638262 0.9877723455 0.1493984312 -0.0088232048 -0.1499303281 0.9886571765
36.2 -83.2 2406.7 0.9973563552 -0.0635486394 0.0352396332 0.0643294752 0.9976974130 -0.0214842837 -0.0337931961 0.0236944333 0.9991479516
61.5 -479.9 2397.2 0.9990220666 -0.0389395244 0.0209431536 0.0342372395 0.9810235500 0.1908419728 -0.0279770214 -0.1899383068 0.9813973308
-266.6 -219.8 2301.8 0 0 0 0 0 0 0 0 0
141.1 -225.1 2315.3 0 0 0 0 0 0 0 0 0
-171.7 -771.0 2444.8 0 0 0 0 0 0 0 0 0
73.0 -770.4 2453.5 0 0 0 0 0 0 0 0 0
-43.4 517.6 2398.0 7 0.9998500943 0.0146851754 0.0091744736 -0.0148871485 0.9996393919 0.0223485604 -0.0088429730 -0.0224817917 0.9997081161
-46.4 316.4 2402.5 0.9998500943 0.0146851754 0.0091744736 -0.0148871485 0.9996393919 0.0223485604 -0.0088429730 -0.0224817917 0.9997081161
-49.6 117.7 2405.6 0.9998272061 0.0162305888 0.0090620397 -0.0163660273 0.9997524023 0.0150771718 -0.0088150846 -0.0152228763 0.9998452663
-187.1 318.7 2403.8 0.1898256242 -0.9687303305 -0.1597740650 0.9804725051 0.1785226166 0.0824822709 -0.0513797924 -0.1723113358 0.9837016463
-241.4 38.3 2418.5 0.0857767314 -0.9693136811 -0.2303765118 0.9047953486 0.1725929677 -0.3893033266 0.4171184003 -0.1750504225 0.8918349743
94.3 314.1 2401.3 0.1791664511 0.5556825399 0.8118597865 -0.9825145602 0.1435398310 0.1185809076 -0.0506408736 -0.8189097643 0.5716837645
142.9 47.8 2387.6 -0.0064009898 0.5573360324 0.8302623630 -0.9669535160 0.2081698626 -0.1471944600 -0.2548723817 -0.8037672639 0.5375855565
-145.7 -79.5 2408.9 0.9993107915 0.0367785469 0.0050309114 -0.0366756618 0.9991425872 -0.0192075502 -0.0057330239 0.0190097988 0.9998028874
-160.3 -476.8 2401.3 0.9992030859 0.0383582450 0.0110400012 -0.0395612121 0.9884664416 0.1461816132 -0.0053054001 -0.1465018690 0.9891961813
37.8 -82.9 2406.2 0.9976789355 -0.0610042401 0.0302525088 0.0618430488 0.9977038503 -0.0276122112 -0.0284985825 0.0294190291 0.9991608262
62.0 -479.6 2394.5 0.9992903471 -0.0343512669 0.0154528543 0.0305275247 0.9789146781 0.2019755244 -0.0220651422 -0.2013604492 0.9792686701
-266.0 -221.3 2298.8 0 0 0 0 0 0 0 0 0
141.1 -225.6 2315.5 0 0 0 0 0 0 0 0 0
-171.7 -770.9 2444.9 0 0 0 0 0 0 0 0 0
72.3 -771.3 2454.5 0 0 0 0 0 0 0 0 0
-42.7 519.1 2398.4 8 0.9998517036 0.0118765878 0.0124728791 -0.0121166920 0.9997392893 0.0193543117 -0.0122397644 -0.0195025709 0.9997348785
-45.1 318.2 2402.3 0.9998517036 0.0118765878 0.0124728791 -0.0121166920 0.9997392893 0.0193543117 -0.0122397644 -0.0195025709 0.9997348785
-47.8 119.4 2405.0 0.9998317957 0.0135155451 0.0123992031 -0.0136833806 0.9998145103 0.0135525521 -0.0122137340 -0.0137199359 0.9998312593
-185.8 320.1 2404.0 0.1851653159 -0.9699916244 -0.1575754434 0.9816352129 0.1750817001 0.0757542178 -0.0458923839 -0.1687086523 0.9845970273
-239.6 35.0 2417.4 0.0892830938 -0.9699168801 -0.2264724970 0.9003165960 0.1758392155 -0.3981338441 0.4259794652 -0.1683503389 0.8889317513
95.6 316.3 2400.6 0.1686041951 0.5552865863 0.8143889904 -0.9847524166 0.1308038384 0.1146869287 -0.0428410843 -0.8213081956 0.5688738823
141.7 47.4 2388.9 0.0049491059 0.5568566918 0.8305938840 -0.9673226476 0.2132268697 -0.1371902972 -0.2535002828 -0.8027732968 0.5397153497
-144.6 -79.6 2409.4 0.9992943406 0.0365761034 0.0085420785 -0.0364141241 0.9991672635 -0.0184050202 -0.0092081502 0.0180809814 0.9997941256
-159.1 -476.9 2402.2 0.9991462827 0.0386817493 0.0145056928 -0.0404052548 0.9881598949 0.1480114907 -0.0086086011 -0.1484712362 0.9888792634
38.9 -82.6 2407.8 0.9977268577 -0.0586339720 0.0332148559 0.0593546145 0.9980130792 -0.0211417992 -0.0319092311 0.0230651945 0.9992246032
62.2 -479.4 2398.6 0.9992504716 -0.0329443216 0.0203277487 0.0285863671 0.9820636511 0.1863699704 -0.0261029769 -0.1856491864 0.9822693467
-265.2 -222.9 2295.3 0 0 0 0 0 0 0 0 0
143.0 -226.2 2317.2 0 0 0 0 0 0 0 0 0
-170.8 -775.0 2447.0 0 0 0 0 0 0 0 0 0
72.0 -770.8 2453.7 0 0 0 0 0 0 0 0 0
-41.8 516.8 2391.1 9 0.9995880127 0.0145740360 0.0247273128 -0.0155411130 0.9991034865 0.0393791236 -0.0241312310 -0.0397471897 0.9989183545
-44.7 316.0 2399.1 0.9995880127 0.0145740360 0.0247273128 -0.0155411130 0.9991034865 0.0393791236 -0.0241312310 -0.0397471897 0.9989183545
-47.8 117.4 2405.6 0.9995714426 0.0158332624 0.0246227477 -0.0166302398 0.9993331432 0.0325068459 -0.0240916368 -0.0329023935 0.9991681576
-185.4 318.4 2402.5 0.1821466535 -0.9721643925 -0.1473736912 0.9816378951 0.1711541861 0.0842216238 -0.0566536412 -0.1600082964 0.9854885936
-238.1 34.2 2418.9 0.0938371122 -0.9715948701 -0.2172510177 0.8980770111 0.1767912209 -0.4027437270 0.4297118187 -0.1573158503 0.8891566396
96.0 313.7 2395.7 0.1725618094 0.5449790955 0.8204999566 -0.9846680164 0.1170251295 0.1293599755 -0.0255206339 -0.8302426934 0.5568175912
142.3 49.1 2388.8 -0.0008877478 0.5474867225 0.8368138671 -0.9681756496 0.2089591920 -0.1377389729 -0.2502702177 -0.8103050590 0.5298777819
-142.2 -78.1 2408.9 0.9989235997 0.0419437960 0.0198087562 -0.0415267348 0.9989163280 -0.0210163053 -0.0206687935 0.0201710910 0.9995828867
-158.9 -475.3 2400.9 0.9988282919 0.0403991975 0.0266437829 -0.0439285636 0.9878728390 0.1489210725 -0.0203043781 -0.1499170065 0.9884900451
41.3 -80.6 2406.7 0.9975596070 -0.0524086542 0.0461320244 0.0532318056 0.9984408617 -0.0167986136 -0.0451797061 0.0192133095 0.9987940788
62.1 -477.6 2399.0 0.9988501668 -0.0332869478 0.0345011391 0.0262770876 0.9820574522 0.1867422611 -0.0400981791 -0.1856209487 0.9818029404
-265.1 -223.9 2295.4 0 0 0 0 0 0 0 0 0
142.1 -224.7 2318.1 0 0 0 0 0 0 0 0 0
-171.0 -771.9 2445.9 0 0 0 0 0 0 0 0 0
72.1 -772.5 2454.8 0 0 0 0 0 0 0 0 0
-42.8 518.4 2401.9 0 0.9999063611 0.0129623627 -0.0043863142 -0.0129323378 0.9998931885 0.0068055103 0.0044740611 -0.0067481478 0.9999672174
-45.4 317.9 2403.3 0.9999063611 0.0129623627 -0.0043863142 -0.0129323378 0.9998931885 0.0068055103 0.0044740611 -0.0067481478 0.9999672174
-48.3 119.2 2404.5 0.9998780489 0.0149849523 -0.0043970537 -0.0149582820 0.9998698831 0.0060370346 0.0044869464 -0.0059705260 0.9999721050
-186.1 320.0 2402.7 0.1826900542 -0.9683114886 -0.1702855676 0.9815103412 0.1695639938 0.0888003185 -0.0571120679 -0.1833599806 0.9813854098
-238.4 38.9 2419.0 0.0899676830 -0.9674203992 -0.2366508693 0.9039477110 0.1790630221 -0.3883490264 0.4180721641 -0.1789811552 0.8906072974
95.3 315.7 2403.9 0.1749473214 0.5663712025 0.8053676486 -0.9826160073 0.1520475447 0.1065236330 -0.0621222556 -0.8100032210 0.5831257701
143.3 46.1 2386.9 -0.0005939884 0.5671551824 0.8236107230 -0.9692767262 0.2022587210 -0.1399785280 -0.2459720075 -0.7983898520 0.5496101975
-142.7 -79.7 2414.4 0.9991078973 0.0413743295 -0.0084599582 -0.0416185111 0.9986501932 -0.0310760811 0.0071627866 0.0314004496 0.9994812012
