-380.6 536.5 2434.0 1 0.9943824410 0.0815972760 -0.0674195439 -0.0745122582 0.9920262098 0.1016463116 0.0751760155 -0.0960517228 0.9925334454
-397.3 333.6 2453.7 0.9943824410 0.0815972760 -0.0674195439 -0.0745122582 0.9920262098 0.1016463116 0.0751760155 -0.0960517228 0.9925334454
-412.9 139.1 2470.2 0.9944296479 0.0801982805 -0.0683952346 -0.0739333257 0.9932231903 0.0896744132 0.0751234740 -0.0841182098 0.9936199188
-538.6 344.2 2443.0 0.1843172312 -0.9301785231 -0.3174824715 0.9806344509 0.1957987547 -0.0043466203 0.0662058070 -0.3105330765 0.9482541680
-587.0 86.8 2425.6 -0.0932760909 -0.9314355850 -0.3517488837 0.9723733068 -0.0092922067 -0.2332461923 0.2139852792 -0.3637875319 0.9065698981
-256.1 323.0 2464.3 0.0883794725 0.9955245852 0.0334637277 -0.9691843390 0.0781888515 0.2335983664 0.2299364358 -0.0530778244 0.9717571735
-235.0 92.5 2519.0 0.0595462695 0.9955245852 0.0733825192 -0.9551269412 0.0781888515 -0.2856904268 -0.2901495397 -0.0530778244 0.9555082321
-515.4 -45.4 2474.1 0.7493966818 -0.0082462532 -0.6620699763 0.0532004312 0.9974394441 0.0477941744 0.6599805951 -0.0710391998 0.7479164600
-512.2 -436.0 2501.9 0.7534921169 0.0140413139 -0.6573069692 -0.0710756928 0.9956521988 -0.0602073446 0.6536037326 0.0920843109 0.7512140870
-337.2 -57.3 2499.4 0.9979352951 -0.0587099642 -0.0260440093 0.0606219843 0.9949503541 0.0799922049 0.0212161578 -0.0814058855 0.9964551926
-314.2 -447.0 2531.3 0.9978354573 0.0625042841 -0.0204343125 -0.0627867877 0.9979358315 -0.0134880943 0.0195490681 0.0147419041 0.9997001886
-561.0 -183.5 2366.1 0 0 0 0 0 0 0 0 0
-219.7 -152.9 2444.4 0 0 0 0 0 0 0 0 0
-516.6 -748.2 2473.0 0 0 0 0 0 0 0 0 0
-333.8 -760.4 2526.7 0 0 0 0 0 0 0 0 0
-380.2 537.7 2431.1 2 0.9882345200 0.0882613584 -0.1249100566 -0.0739233047 0.9905986786 0.1151070148 0.1338952333 -0.1045189574 0.9854683280
-398.2 336.2 2452.4 0.9882345200 0.0882613584 -0.1249100566 -0.0739233047 0.9905986786 0.1151070148 0.1338952333 -0.1045189574 0.9854683280
-415.3 141.9 2470.6 0.9881696701 0.0875091329 -0.1259480417 -0.0746546984 0.9918342233 0.1034001112 0.1339680254 -0.0927742347 0.9866334200
-538.6 346.8 2433.4 0.1841854900 -0.9127198458 -0.3647166193 0.9826853871 0.1785990745 0.0493135527 0.0201285947 -0.3674845397 0.9298117757
-588.1 82.7 2428.0 -0.1004577577 -0.9093840718 -0.4036444724 0.9670051932 0.0062210225 -0.2546807528 0.2341136932 -0.4159109592 0.8787541389
-257.8 325.6 2471.5 0.0954077616 0.9952881336 -0.0172873382 -0.9779368043 0.0969584137 0.1850369424 0.1858412325 -0.0007480367 0.9825795293
-234.0 81.6 2517.8 0.0491797552 0.9983379245 0.0300458074 -0.9519589543 0.0559559986 -0.3010699153 -0.3022507429 -0.0137958303 0.9531286359
-518.1 -48.7 2479.9 0.7099189758 -0.0145276627 -0.7041335106 0.0460782424 0.9986032248 0.0258536898 0.7027743459 -0.0507992581 0.7095968127
-512.4 -439.7 2499.8 0.7133707404 0.0119069824 -0.7006856799 -0.0701776668 0.9960433841 -0.0545220636 0.6972641349 0.0880669281 0.7113838196
-338.9 -62.1 2493.4 0.9945437908 -0.0629733428 -0.0831685364 0.0697823167 0.9942132235 0.0816731602 0.0775440261 -0.0870312229 0.9931830168
-314.3 -451.6 2527.5 0.9951844811 0.0594087839 -0.0779642537 -0.0593310855 0.9982328415 0.0033146385 0.0780234039 0.0013270271 0.9969506264
-560.1 -186.1 2362.9 0 0 0 0 0 0 0 0 0
-221.4 -163.1 2440.1 0 0 0 0 0 0 0 0 0
-516.1 -747.1 2472.6 0 0 0 0 0 0 0 0 0
-332.7 -761.2 2527.1 0 0 0 0 0 0 0 0 0
-380.9 535.5 2431.2 3 0.9895672798 0.0854839683 -0.1159699783 -0.0728220716 0.9913327694 0.1093448326 0.1243120655 -0.0997588933 0.9872156382
-398.2 334.7 2451.4 0.9895672798 0.0854839683 -0.1159699783 -0.0728220716 0.9913327694 0.1093448326 0.1243120655 -0.0997588933 0.9872156382
-414.9 140.4 2469.2 0.9894973636 0.0852482989 -0.1167379245 -0.0736349523 0.9922162890 0.1004229188 0.1243901476 -0.0907722190 0.9880726337
-539.0 345.2 2433.7 0.1967508048 -0.9141994715 -0.3542999029 0.9803027511 0.1897644699 0.0547354817 0.0171943847 -0.3580904305 0.9335286021
-590.1 90.5 2429.2 -0.0979972333 -0.9120713472 -0.3981487751 0.9667239189 0.0077538863 -0.2557043433 0.2363077849 -0.4099582732 0.8809612989
-257.5 324.2 2469.1 0.0939252600 0.9955339432 -0.0094970977 -0.9762806892 0.0939695314 0.1950532347 0.1950745583 -0.0090485932 0.9807466865
-234.5 85.1 2516.9 0.0432874523 0.9983960986 0.0364881158 -0.9541938305 0.0521380492 -0.2946111560 -0.2960410416 -0.0220637694 0.9549203515
-521.5 -45.6 2476.6 0.7159921527 -0.0210527126 -0.6977908015 0.0711342618 0.9965427518 0.0429235287 0.6944747567 -0.0803697482 0.7150143385
-513.2 -435.7 2508.1 0.7231952548 0.0120997801 -0.6905376315 -0.0872248858 0.9934406281 -0.0739426911 0.6851134896 0.1137070730 0.7195069194
-343.4 -59.0 2500.8 0.9944875240 -0.0762520730 -0.0719731152 0.0800929144 0.9954261184 0.0520764776 0.0676729754 -0.0575539470 0.9960461259
-313.6 -448.8 2523.3 0.9956600070 0.0624220744 -0.0690267608 -0.0615806654 0.9980003238 0.0142531702 0.0697784424 -0.0099405972 0.9975129962
-562.9 -178.2 2363.6 0 0 0 0 0 0 0 0 0
-223.3 -160.2 2440.8 0 0 0 0 0 0 0 0 0
-517.0 -747.1 2472.4 0 0 0 0 0 0 0 0 0
-333.1 -760.2 2526.4 0 0 0 0 0 0 0 0 0
-382.7 539.1 2438.2 4 0.9913908839 0.0770768970 -0.1058454439 -0.0679332241 0.9938511848 0.0874349177 0.1119338349 -0.0794917569 0.9905310869
-398.4 336.7 2454.4 0.9913908839 0.0770768970 -0.1058454439 -0.0679332241 0.9938511848 0.0874349177 0.1119338349 -0.0794917569 0.9905310869
-413.7 142.0 2468.6 0.9912325144 0.0783753619 -0.1063738987 -0.0699587390 0.9942821860 0.0806763172 0.1120887101 -0.0725272074 0.9910479188
-539.5 346.6 2438.5 0.1916699857 -0.9194743037 -0.3432632387 0.9810411930 0.1896978170 0.0396601744 0.0286497753 -0.3443570435 0.9384015203
-590.3 86.4 2430.9 -0.0896174684 -0.9184989333 -0.3851342797 0.9658696651 0.0142099112 -0.2586385608 0.2430319786 -0.3951680362 0.8858767748
-257.2 326.7 2470.4 0.0834588185 0.9965112209 0.0001258769 -0.9807677865 0.0821179226 0.1770628542 0.1764347851 -0.0149009125 0.9841995239
-236.1 78.4 2515.1 0.0347709283 0.9986345172 0.0389877558 -0.9528265595 0.0448951758 -0.3001765609 -0.3015170395 -0.0267111510 0.9530865550
-520.9 -47.3 2475.7 0.7229936719 -0.0225769002 -0.6904856563 0.0707152337 0.9966346622 0.0414574072 0.6872259974 -0.0788013041 0.7221570611
-512.1 -437.6 2506.6 0.7299440503 0.0132897273 -0.6833776832 -0.0862001702 0.9936180711 -0.0727509633 0.6780495644 0.1120114103 0.7264311314
-342.3 -60.6 2498.2 0.9956240058 -0.0682581589 -0.0638253391 0.0724923238 0.9951454401 0.0665613040 0.0589721464 -0.0708968788 0.9957388639
-315.6 -450.3 2525.9 0.9966269135 0.0564585105 -0.0595584847 -0.0562033802 0.9984015822 0.0059515666 0.0597993024 -0.0025841035 0.9982070923
-565.4 -182.1 2363.3 0 0 0 0 0 0 0 0 0
-227.1 -166.5 2437.6 0 0 0 0 0 0 0 0 0
-516.2 -748.3 2471.5 0 0 0 0 0 0 0 0 0
-333.1 -759.9 2526.7 0 0 0 0 0 0 0 0 0
-380.3 539.1 2433.8 5 0.9861608148 0.0866488144 -0.1413463950 -0.0719942153 0.9917891026 0.1056940258 0.1493440717 -0.0940551907 0.9843017459
-398.0 337.5 2452.9 0.9861608148 0.0866488144 -0.1413463950 -0.0719942153 0.9917891026 0.1056940258 0.1493440717 -0.0940551907 0.9843017459
-414.7 143.2 2469.8 0.9861829281 0.0853356346 -0.1419897079 -0.0717393160 0.9925705194 0.0982714891 0.1493208557 -0.0867274180 0.9849779606
-538.3 347.7 2431.6 0.1946442425 -0.9065509439 -0.3745384514 0.9808609486 0.1818576008 0.0695676282 0.0050460636 -0.3809110522 0.9245979190
-590.0 87.6 2430.3 -0.0843593180 -0.9048392177 -0.4173122346 0.9677399397 0.0253851209 -0.2506692111 0.2374088615 -0.4249959886 0.8735075593
-257.6 327.4 2474.1 0.0938964039 0.9899477363 0.1057685241 -0.9687834978 0.0663686395 0.2388593554 0.2294385582 -0.1248948351 0.9652767777
-233.8 82.4 2532.2 0.0171490163 0.9899477363 0.1403902620 -0.9328727722 0.0663686395 -0.3540390134 -0.3597976267 -0.1248948351 0.9246333838
-518.6 -46.4 2472.7 0.6978492737 -0.0138793774 -0.7161101699 0.0783662200 0.9952893257 0.0570775494 0.7119445801 -0.0959503725 0.6956496239
-513.2 -436.2 2510.2 0.7063688040 0.0111437058 -0.7077562809 -0.0929409266 0.9926797748 -0.0771288648 0.7017158270 0.1202609465 0.7022337317
-339.6 -59.0 2492.9 0.9928659201 -0.0657618940 -0.0994614661 0.0738838390 0.9940280318 0.0803082809 0.0935862586 -0.0870839506 0.9917953610
-313.8 -448.3 2527.0 0.9935470819 0.0630463511 -0.0942830667 -0.0627609044 0.9980105758 0.0059927111 0.0944733247 -0.0000367500 0.9955273867
-566.5 -181.4 2364.3 0 0 0 0 0 0 0 0 0
-229.4 -156.9 2439.8 0 0 0 0 0 0 0 0 0
-516.7 -748.8 2472.4 0 0 0 0 0 0 0 0 0
-333.5 -760.3 2527.0 0 0 0 0 0 0 0 0 0
-380.8 539.3 2432.0 6 0.9935937524 0.0856194198 -0.0737616271 -0.0774481446 0.9912058115 0.1072979867 0.0822997466 -0.1008979082 0.9914869666
-398.1 338.1 2452.5 0.9935937524 0.0856194198 -0.0737616271 -0.0774481446 0.9912058115 0.1072979867 0.0822997466 -0.1008979082 0.9914869666
-414.5 143.8 2470.5 0.9936975837 0.0837259963 -0.0745323822 -0.0762320161 0.9922356606 0.0982706249 0.0821814910 -0.0919695348 0.9923647642
-539.4 349.0 2440.8 0.1923893839 -0.9275504947 -0.3203691244 0.9804291725 0.1955803931 0.0225161053 0.0417730920 -0.3184310794 0.9470251799
-590.0 90.8 2429.8 -0.0813100785 -0.9291318059 -0.3606975675 0.9692729115 0.0105834007 -0.2457599938 0.2321608365 -0.3695971668 0.8997218013
-256.9 327.3 2464.2 0.0955734178 0.9899690151 0.1040531173 -0.9623750448 0.0651831031 0.2637904882 0.2543618977 -0.1253494769 0.9589512944
-233.1 87.9 2527.4 0.0195503589 0.9899690151 0.1399253905 -0.9418783784 0.0651831031 -0.3295698762 -0.3353847563 -0.1253494769 0.9337047338
-520.5 -44.7 2473.3 0.7447052002 -0.0290651601 -0.6667603254 0.0788032413 0.9958918691 0.0446028747 0.6627248526 -0.0857588723 0.7439363003
-509.2 -434.7 2506.9 0.7514052391 0.0264983736 -0.6593087912 -0.0940176994 0.9932979941 -0.0672289059 0.6531086564 0.1125028431 0.7488605976
-342.5 -57.6 2500.3 0.9965837598 -0.0765256211 -0.0310586616 0.0785672367 0.9943819642 0.0709347427 0.0254558474 -0.0731326044 0.9969972968
-312.5 -447.0 2528.9 0.9971510768 0.0711037144 -0.0251800288 -0.0712385923 0.9974491596 -0.0044994685 0.0247958694 0.0062804399 0.9996728301
-567.4 -178.6 2365.3 0 0 0 0 0 0 0 0 0
-228.1 -153.9 2441.3 0 0 0 0 0 0 0 0 0
-517.6 -749.4 2471.2 0 0 0 0 0 0 0 0 0
-334.9 -761.0 2526.9 0 0 0 0 0 0 0 0 0
-380.9 537.8 2430.6 7 0.9887052774 0.0752294436 -0.1296238899 -0.0601860322 0.9913887978 0.1163009256 0.1372569203 -0.1071857959 0.9847190976
-396.2 336.1 2452.5 0.9887052774 0.0752294436 -0.1296238899 -0.0601860322 0.9913887978 0.1163009256 0.1372569203 -0.1071857959 0.9847190976
-410.4 141.7 2471.3 0.9888006449 0.0724250153 -0.1304911673 -0.0589051433 0.9927634597 0.1046466380 0.1371258944 -0.0957880616 0.9859113097
-536.7 344.4 2433.0 0.1991613209 -0.9098497629 -0.3640167117 0.9799429178 0.1874950677 0.0675089657 0.0068283160 -0.3701607585 0.9289426208
-588.2 91.1 2431.2 -0.0768407956 -0.9095745087 -0.4083743989 0.9686915278 0.0288740080 -0.2465827465 0.2360768020 -0.4145364463 0.8788784146
-255.7 327.7 2471.9 0.0862180442 0.9917551279 0.0948059112 -0.9718422294 0.0627759397 0.2271163911 0.2192923129 -0.1117179170 0.9692419767
-235.0 94.1 2524.7 0.0248188749 0.9917551279 0.1257208586 -0.9493806362 0.0627759397 -0.3077913821 -0.3131459355 -0.1117179170 0.9431111813
-520.5 -43.6 2481.1 0.7071564794 -0.0271514542 -0.7065355778 0.0569324754 0.9982043505 0.0186225157 0.7047612667 -0.0533938520 0.7074324489
-509.9 -434.4 2502.0 0.7109364867 0.0221116245 -0.7029085159 -0.0815893412 0.9953495264 -0.0512101427 0.6985073686 0.0937570035 0.7094343901
-341.4 -57.4 2495.9 0.9935337305 -0.0731844306 -0.0868031755 0.0799277723 0.9938271642 0.0769357383 0.0806368589 -0.0833762363 0.9932502508
-312.7 -446.6 2528.5 0.9945178032 0.0661342368 -0.0809975564 -0.0662487596 0.9978023171 0.0012756495 0.0809039101 0.0040973318 0.9967134595
-566.8 -178.2 2365.6 0 0 0 0 0 0 0 0 0
-228.6 -149.7 2444.2 0 0 0 0 0 0 0 0 0
-516.9 -749.3 2472.3 0 0 0 0 0 0 0 0 0
-333.6 -761.5 2527.2 0 0 0 0 0 0 0 0 0
-380.7 537.3 2429.5 8 0.9902498126 0.0776549280 -0.1156502813 -0.0642825440 0.9912624359 0.1151803136 0.1235840991 -0.1066229939 0.9865893126
-396.5 335.7 2451.2 0.9902498126 0.0776549280 -0.1156502813 -0.0642825440 0.9912624359 0.1151803136 0.1235840991 -0.1066229939 0.9865893126
-411.2 141.3 2469.7 0.9903202057 0.0752950013 -0.1166040599 -0.0633693859 0.9926805496 0.1028085947 0.1234915629 -0.0944243073 0.9878430367
-537.4 344.7 2433.6 0.1803888381 -0.9172163606 -0.3552098572 0.9833763838 0.1757978201 0.0454533994 0.0207545161 -0.3575042784 0.9336808324
-584.9 86.0 2428.1 -0.0607831739 -0.9182057381 -0.3914123178 0.9724969864 0.0338555314 -0.2304418981 0.2248445451 -0.3946542740 0.8908944726
-255.6 326.7 2468.7 0.0929258093 0.9880369902 0.1230758727 -0.9716550708 0.0630022958 0.2278532535 0.2173733860 -0.1407607496 0.9658856988
-232.5 85.3 2522.7 0.0151117956 0.9880369902 0.1534747928 -0.9479052424 0.0630022958 -0.3122600615 -0.3181937635 -0.1407607496 0.9375175238
-513.7 -47.5 2477.7 0.7169963121 -0.0123931365 -0.6969668269 0.0484216101 0.9983122945 0.0320616327 0.6953932047 -0.0567363277 0.7163863182
-508.9 -438.3 2499.9 0.7195154428 0.0259376280 -0.6939918995 -0.0785019845 0.9959351420 -0.0441665091 0.6900253296 0.0862582326 0.7186268568
-335.5 -58.1 2502.4 0.9956690073 -0.0586626567 -0.0721243396 0.0632006079 0.9960522652 0.0623341873 0.0681829229 -0.0666225180 0.9954459071
-312.6 -448.1 2528.5 0.9953951836 0.0671698824 -0.0683859289 -0.0672555193 0.9977352023 0.0010519639 0.0683017075 0.0035522110 0.9976583719
-568.0 -184.3 2365.6 0 0 0 0 0 0 0 0 0
-228.6 -158.2 2441.0 0 0 0 0 0 0 0 0 0
-517.0 -749.9 2472.9 0 0 0 0 0 0 0 0 0
-333.6 -761.1 2527.4 0 0 0 0 0 0 0 0 0
-381.6 537.2 2429.9 9 0.9888390303 0.0739969537 -0.1293127388 -0.0593181849 0.9917203188 0.1138955131 0.1366699934 -0.1049537361 0.9850411415
-396.7 336.0 2451.2 0.9888390303 0.0739969537 -0.1293127388 -0.0593181849 0.9917203188 0.1138955131 0.1366699934 -0.1049537361 0.9850411415
-410.9 141.5 2469.5 0.9888373613 0.0725402534 -0.1301484704 -0.0593413264 0.9929534793 0.1025765613 0.1366723180 -0.0937083513 0.9861741066
-537.5 344.5 2431.7 0.1851838529 -0.9121502638 -0.3656348586 0.9826078415 0.1770731062 0.0559186973 0.0137378499 -0.3696309328 0.9290770888
-586.6 83.7 2428.1 -0.0664730892 -0.9123486280 -0.4039818347 0.9710909128 0.0338764004 -0.2362940162 0.2292679697 -0.4080102742 0.8837215900
-255.9 327.6 2470.6 0.0943232775 0.9879450202 0.1227509752 -0.9744544029 0.0663774088 0.2145522684 0.2038179487 -0.1398525089 0.9689682722
-232.7 88.9 2520.6 0.0200193655 0.9879450202 0.1535053998 -0.9506042004 0.0663774088 -0.3032253981 -0.3097593188 -0.1398525089 0.9404734969
-515.4 -47.4 2477.0 0.7074252963 -0.0176701136 -0.7065671682 0.0548228510 0.9980474114 0.0299298652 0.7046586871 -0.0599091686 0.7070127726
-508.5 -438.3 2500.5 0.7103235722 0.0283310823 -0.7033048868 -0.0835253447 0.9955224395 -0.0442564674 0.6989019513 0.0901801959 0.7095093727
-336.6 -58.9 2499.3 0.9946632385 -0.0564586222 -0.0863563865 0.0629865304 0.9952046871 0.0748352110 0.0817171857 -0.0798751265 0.9934496880
-314.5 -448.6 2530.6 0.9945331812 0.0649184287 -0.0817884803 -0.0652553216 0.9978675246 -0.0014498874 0.0815199465 0.0067790947 0.9966486692
-568.1 -186.2 2364.3 0 0 0 0 0 0 0 0 0
-227.6 -155.4 2440.9 0 0 0 0 0 0 0 0 0
-517.3 -748.6 2472.4 0 0 0 0 0 0 0 0 0
-334.8 -761.2 2528.5 0 0 0 0 0 0 0 0 0
-383.9 538.1 2431.1 0 0.9908139110 0.0712003261 -0.1149710044 -0.0585127436 0.9921866059 0.1101910025 0.1219183207 -0.1024515033 0.9872383475
-398.3 336.6 2451.9 0.9908139110 0.0712003261 -0.1149710044 -0.0585127436 0.9921866059 0.1101910025 0.1219183207 -0.1024515033 0.9872383475
-411.9 142.0 2469.6 0.9908719659 0.0689524487 -0.1158374548 -0.0576901101 0.9935212731 0.0979149193 0.1218384504 -0.0903384760 0.9884302616
-539.5 344.8 2434.5 0.1785294116 -0.9177747369 -0.3547065854 0.9834949374 0.1772258729 0.0364508107 0.0294095520 -0.3553596735 0.9342668653
-587.1 82.4 2426.7 -0.0679673180 -0.9182837009 -0.3900454938 0.9717528224 0.0276283547 -0.2343780398 0.2260018587 -0.3949578702 0.8904669881
-257.2 328.4 2469.2 0.0846731961 0.9946000576 0.0600098111 -0.9638686776 0.0664936528 0.2579453290 0.2525621653 -0.0796826333 0.9642940760
-235.9 86.1 2532.7 0.0342478491 0.9946000576 0.0979684293 -0.9350667596 0.0664936528 -0.3481791914 -0.3528133035 -0.0796826333 0.9322947264
-514.4 -47.6 2475.6 0.7175515294 -0.0158418231 -0.6963252425 0.0561362803 0.9978042841 0.0351468474 0.6942394972 -0.0643087849 0.7168653011
-508.2 -438.4 2500.7 0.7204714417 0.0288661066 -0.6928836107 -0.0821911544 0.9956455231 -0.0439842567 0.6885967851 0.0886383057 0.7197066545
-335.8 -58.3 2500.3 0.9962456226 -0.0480812155 -0.0719918534 0.0532903075 0.9959599972 0.0722757801 0.0682258978 -0.0758408979 0.9947831035
-316.9 -448.4 2530.0 0.9959951043 0.0579670742 -0.0680700094 -0.0584238321 0.9982806444 -0.0047369446 0.0676783845 0.0086948844 0.9976692796
-568.2 -187.7 2363.8 0 0 0 0 0 0 0 0 0
-227.1 -154.0 2442.1 0 0 0 0 0 0 0 0 0
-517.2 -747.8 2473.2 0 0 0 0 0 0 0 0 0
-335.1 -760.8 2527.2 0 0 0 0 0 0 0 0 0
-382.7 540.5 2432.2 1 0.9949079752 0.0691405833 -0.0733331814 -0.0611360557 0.9924545884 0.1062839702 0.0801283941 -0.1012594700 0.9916279316
-396.8 338.0 2452.8 0.9949079752 0.0691405833 -0.0733331814 -0.0611360557 0.9924545884 0.1062839702 0.0801283941 -0.1012594700 0.9916279316
-409.4 143.4 2470.5 0.9951862693 0.0641283169 -0.0741072819 -0.0569880791 0.9938689470 0.0947463140 0.0797288492 -0.0900669992 0.9927392602
-538.5 346.1 2441.5 0.1810337752 -0.9296674132 -0.3208507895 0.9816381931 0.1907488108 0.0011741300 0.0601103567 -0.3151719570 0.9471290112
-587.2 81.8 2425.3 -0.0780636519 -0.9314503670 -0.3553959727 0.9709517360 0.0098442724 -0.2390727401 0.2261830121 -0.3637352288 0.9036248922
-255.1 329.9 2464.2 0.0926274583 0.9935186505 0.0658851489 -0.9364474416 0.0644386262 0.3448389173 0.3383583724 -0.0936395302 0.9363467693
-231.5 90.9 2550.5 0.0215020478 0.9935186505 0.1116170287 -0.9154573083 0.0644386262 -0.3972222805 -0.4018402100 -0.0936395302 0.9109094739
-514.9 -47.4 2476.3 0.7461054325 -0.0132586900 -0.6656958461 0.0581722222 0.9972766042 0.0453360640 0.6632817984 -0.0725504905 0.7448447347
-509.7 -438.0 2504.7 0.7504855990 0.0234181583 -0.6604717970 -0.0851016790 0.9944761992 -0.0614390895 0.6553847194 0.1023164093 0.7483329773
-335.8 -57.8 2498.3 0.9983558655 -0.0487307608 -0.0301807243 0.0508121848 0.9960701466 0.0725425854 0.0265270621 -0.0739568621 0.9969085455
-316.8 -447.9 2527.2 0.9980078340 0.0570520237 -0.0269333664 -0.0568740740 0.9983544946 0.0073281140 0.0273071304 -0.0057817050 0.9996103644
-565.5 -188.1 2362.4 0 0 0 0 0 0 0 0 0
-226.0 -143.9 2447.4 0 0 0 0 0 0 0 0 0
-517.0 -746.9 2472.9 0 0 0 0 0 0 0 0 0
-334.5 -759.0 2529.0 0 0 0 0 0 0 0 0 0
-383.1 540.7 2431.7 2 0.9957949519 0.0637276322 -0.0658117011 -0.0565553196 0.9927968979 0.1056209728 0.0720686242 -0.1014548317 0.9922263026
-396.1 337.3 2452.5 0.9957949519 0.0637276322 -0.0658117011 -0.0565553196 0.9927968979 0.1056209728 0.0720686242 -0.1014548317 0.9922263026
-408.1 142.6 2470.0 0.9959045649 0.0611787997 -0.0665678531 -0.0548120849 0.9941006303 0.0935928375 0.0719010383 -0.0895608068 0.9933826327
-538.0 345.2 2442.3 0.1794226021 -0.9326635003 -0.3129637837 0.9821257591 0.1882136315 0.0021586446 0.0568907596 -0.3077571094 0.9497625828
-585.7 83.9 2427.1 -0.0847381055 -0.9337773919 -0.3476768732 0.9704216719 0.0018213551 -0.2414093167 0.2260558009 -0.3578497469 0.9060034752
-254.3 329.5 2462.7 0.0968391150 0.9927950501 0.0705703124 -0.9510955811 0.0714093000 0.3005294204 0.2933247387 -0.0962221175 0.9511581659
-230.1 91.7 2536.1 0.0317188129 0.9927950501 0.1155504212 -0.9309945703 0.0714093000 -0.3579801321 -0.3636522591 -0.0962221175 0.9265518785
-511.8 -46.1 2480.9 0.7511998415 -0.0023985282 -0.6600704789 0.0514565222 0.9971630573 0.0549371727 0.6580661535 -0.0752337277 0.7491921186
-510.8 -436.7 2510.3 0.7565320134 0.0143400682 -0.6537994146 -0.0872184634 0.9930405021 -0.0791424662 0.6481143832 0.1168971881 0.7525176406
-332.1 -56.4 2495.3 0.9990037680 -0.0382941514 -0.0229145717 0.0400006734 0.9960443377 0.0793446526 0.0197854936 -0.0801822022 0.9965838194
-317.1 -446.6 2526.7 0.9984177947 0.0525344051 -0.0200518444 -0.0524183922 0.9986055493 0.0062684207 0.0203531906 -0.0052074171 0.9997792840
-562.2 -185.9 2364.3 0 0 0 0 0 0 0 0 0
-221.9 -147.2 2442.8 0 0 0 0 0 0 0 0 0
-515.3 -748.4 2473.6 0 0 0 0 0 0 0 0 0
-333.6 -760.0 2528.3 0 0 0 0 0 0 0 0 0
-383.6 538.9 2431.0 3 0.9948577285 0.0668165982 -0.0761158839 -0.0584859848 0.9925524592 0.1068600118 0.0826890245 -0.1018588021 0.9913563132
-397.3 336.4 2451.8 0.9948577285 0.0668165982 -0.0761158839 -0.0584859848 0.9925524592 0.1068600118 0.0826890245 -0.1018588021 0.9913563132
-409.9 141.8 2469.4 0.9949432015 0.0646138266 -0.0768966824 -0.0571944527 0.9938272238 0.0950593799 0.0825641677 -0.0901806206 0.9924971461
-539.0 344.6 2440.0 0.1701033264 -0.9315056801 -0.3214997053 0.9844238162 0.1753438860 0.0128147742 0.0444359705 -0.3186717927 0.9468229413
-584.0 84.5 2428.3 -0.0793235153 -0.9314102530 -0.3552220166 0.9681065679 0.0129737156 -0.2502025962 0.2376498133 -0.3637397289 0.9006752968
-255.5 328.3 2463.5 0.1060433760 0.9895967841 0.0972265080 -0.9585042596 0.0757087693 0.2748414278 0.2646212876 -0.1223371327 0.9565611482
-229.5 93.2 2528.4 0.0319724195 0.9895967841 0.1402710080 -0.9448054433 0.0757087693 -0.3187646568 -0.3260682225 -0.1223371327 0.9373970032
-510.1 -47.1 2481.1 0.7442435026 0.0077660056 -0.6678632498 0.0411989130 0.9974945188 0.0575096309 0.6666365862 -0.0703164041 0.7420588136
-513.1 -437.8 2508.6 0.7487221956 0.0054412824 -0.6628615856 -0.0753117353 0.9941899180 -0.0769058019 0.6585918069 0.1075023338 0.7447818518
-330.1 -57.0 2494.1 0.9989293814 -0.0320139006 -0.0333954915 0.0346955471 0.9959386587 0.0830806643 0.0306001231 -0.0841503888 0.9959831238
-317.6 -447.1 2527.0 0.9984151721 0.0472210124 -0.0306155495 -0.0472458117 0.9988833070 -0.0000866770 0.0305772685 0.0015329961 0.9995312095
-561.9 -184.6 2362.2 0 0 0 0 0 0 0 0 0
-221.3 -149.3 2444.8 0 0 0 0 0 0 0 0 0
-514.8 -748.8 2475.0 0 0 0 0 0 0 0 0 0
-332.5 -761.3 2526.5 0 0 0 0 0 0 0 0 0
-384.0 540.0 2437.6 4 0.9948028326 0.0708303154 -0.0731464177 -0.0641123578 0.9938369989 0.0904301107 0.0791008100 -0.0852705389 0.9932129383
-398.4 338.5 2454.9 0.9948028326 0.0708303154 -0.0731464177 -0.0641123578 0.9938369989 0.0904301107 0.0791008100 -0.0852705389 0.9932129383
-412.1 143.7 2469.6 0.9948081374 0.0699930787 -0.0738767236 -0.0640376136 0.9947263002 0.0801174492 0.0790947899 -0.0749706030 0.9940439463
-540.2 347.6 2443.7 0.1632744074 -0.9334058166 -0.3195232153 0.9848783612 0.1732251644 -0.0027664420 0.0579316765 -0.3142398298 0.9475743771
-584.0 83.2 2428.1 -0.0775848478 -0.9336590767 -0.3496587873 0.9701106548 0.0101842014 -0.2424491048 0.2299258113 -0.3580181003 0.9049625397
-256.6 329.4 2466.2 0.1124767736 0.9859468937 0.1235218421 -0.9662191272 0.0795133114 0.2451494038 0.2318826765 -0.1469227821 0.9615841508
-229.1 92.5 2523.0 0.0315813348 0.9859468937 0.1640466005 -0.9523216486 0.0795133114 -0.2945523262 -0.3034568429 -0.1469227821 0.9414497614
-512.5 -47.7 2479.6 0.7461580038 -0.0106012439 -0.6656845212 0.0488584563 0.9980490804 0.0388706140 0.6639736891 -0.0615279377 0.7452202439
-508.3 -438.6 2503.7 0.7494971752 0.0230487902 -0.6616061926 -0.0808591843 0.9950981140 -0.0569340512 0.6570508480 0.0961688459 0.7476869226
-332.7 -58.0 2494.5 0.9986471534 -0.0418471247 -0.0308661852 0.0442118011 0.9957824349 0.0803908035 0.0273718797 -0.0816466957 0.9962853789
-316.3 -448.1 2526.5 0.9982761145 0.0518303514 -0.0275393017 -0.0517622083 0.9986543655 0.0031820841 0.0276671723 -0.0017511034 0.9996156693
-562.4 -186.5 2364.2 0 0 0 0 0 0 0 0 0
-221.0 -152.0 2445.1 0 0 0 0 0 0 0 0 0
-515.5 -748.0 2473.8 0 0 0 0 0 0 0 0 0
-332.5 -759.9 2527.1 0 0 0 0 0 0 0 0 0
-383.5 539.3 2433.0 5 0.9871197939 0.0692202374 -0.1442327946 -0.0536157489 0.9925504923 0.1094023958 0.1507311910 -0.1002601162 0.9834775329
-397.6 336.5 2453.4 0.9871197939 0.0692202374 -0.1442327946 -0.0536157489 0.9925504923 0.1094023958 0.1507311910 -0.1002601162 0.9834775329
-411.1 141.9 2470.6 0.9870578647 0.0682969242 -0.1450941563 -0.0545101501 0.9937943816 0.0969607010 0.1508158743 -0.0877967179 0.9846554399
-537.9 344.2 2432.0 0.1810872704 -0.9077050090 -0.3785222173 0.9833718538 0.1724751443 0.0568515696 0.0136812171 -0.3825231791 0.9238445759
-585.4 86.3 2428.4 -0.0742416903 -0.9064685702 -0.4156956971 0.9688507915 0.0331914946 -0.2454106957 0.2362546474 -0.4209668040 0.8757686019
-257.3 328.8 2474.9 0.1167198643 0.9914320111 0.0586429760 -0.9717395306 0.1018040925 0.2129746675 0.2051798105 -0.0818440691 0.9752962589
-229.1 93.8 2524.5 0.0316072740 0.9935653210 0.1087608859 -0.9530141354 0.0627576932 -0.2963536978 -0.3012723327 -0.0942837298 0.9488654137
-515.7 -45.4 2477.1 0.6967335343 -0.0097492905 -0.7172637582 0.0530035011 0.9978739619 0.0379229449 0.7153691053 -0.0644396767 0.6957690120
-511.9 -436.2 2502.4 0.7009717226 0.0102914888 -0.7131147981 -0.0723775029 0.9957600832 -0.0567744859 0.7095069885 0.0914107785 0.6987445354
-335.9 -56.9 2491.4 0.9934454560 -0.0531771407 -0.1011843607 0.0607548952 0.9954544306 0.0733439028 0.0968241990 -0.0790106133 0.9921604991
-315.1 -446.8 2522.4 0.9936669469 0.0545592494 -0.0982306451 -0.0527823903 0.9983935356 0.0205993466 0.0991967320 -0.0152840419 0.9949504733
-564.8 -183.1 2362.8 0 0 0 0 0 0 0 0 0
-221.0 -151.0 2447.1 0 0 0 0 0 0 0 0 0
-515.1 -748.5 2473.7 0 0 0 0 0 0 0 0 0
-332.2 -759.7 2527.2 0 0 0 0 0 0 0 0 0
-383.7 540.3 2431.1 6 0.9838817716 0.0691929907 -0.1648907363 -0.0503683053 0.9920025468 0.1157321930 0.1715798825 -0.1055615321 0.9794983864
-397.8 337.8 2452.7 0.9838817716 0.0691929907 -0.1648907363 -0.0503683053 0.9920025468 0.1157321930 0.1715798825 -0.1055615321 0.9794983864
-410.5 143.2 2471.1 0.9840521216 0.0646456182 -0.1657177210 -0.0478414036 0.9934819341 0.1034640074 0.1713260561 -0.0938858092 0.9807307720
-537.8 344.5 2428.3 0.1729972363 -0.9008589387 -0.3981521428 0.9848474264 0.1632047892 0.0586494170 0.0121454848 -0.4022653103 0.9154425859
-584.0 81.8 2425.1 -0.0743729547 -0.8989998102 -0.4315878153 0.9709522128 0.0334179997 -0.2369282842 0.2274212688 -0.4366721809 0.8704004288
-257.8 331.0 2477.0 0.1103037372 0.9930929542 0.0399941020 -0.9747469425 0.1002294794 0.1995555907 0.1941686571 -0.0609958544 0.9790700078
-230.9 93.4 2524.4 0.0435992815 0.9950984120 0.0887593180 -0.9509097934 0.0685803592 -0.3017736375 -0.3063816428 -0.0712449923 0.9492388964
-513.5 -47.9 2474.3 0.6817367673 -0.0144006573 -0.7314558029 0.0572388284 0.9977914691 0.0337039642 0.7293550372 -0.0648449063 0.6810553670
-507.9 -438.7 2499.7 0.6846100092 0.0278449263 -0.7283775210 -0.0834060833 0.9956992269 -0.0403300077 0.7241219282 0.0883614421 0.6839880943
-335.6 -57.6 2501.4 0.9914496541 -0.0480610840 -0.1213165522 0.0568663739 0.9959112406 0.0701930150 0.1174469590 -0.0764916688 0.9901288748
-316.8 -447.7 2531.4 0.9917899966 0.0518482141 -0.1168947220 -0.0537242703 0.9984717965 -0.0129536605 0.1160444543 0.0191273931 0.9930598140
-563.3 -188.2 2361.8 0 0 0 0 0 0 0 0 0
-219.7 -151.0 2445.6 0 0 0 0 0 0 0 0 0
-516.5 -747.3 2472.3 0 0 0 0 0 0 0 0 0
-332.9 -758.4 2525.4 0 0 0 0 0 0 0 0 0
-383.4 540.9 2429.7 7 0.9872862101 0.0568151958 -0.1484518349 -0.0393008590 0.9921929836 0.1183578372 0.1540173888 -0.1110187769 0.9818113446
-394.9 338.6 2452.3 0.9872862101 0.0568151958 -0.1484518349 -0.0393008590 0.9921929836 0.1183578372 0.1540173888 -0.1110187769 0.9818113446
-405.2 144.0 2471.7 0.9874275923 0.0523504056 -0.1491515189 -0.0367290117 0.9937270284 0.1056293249 0.1537456363 -0.0988231227 0.9831562638
-535.5 343.8 2430.4 0.1812169254 -0.9058910608 -0.3827815950 0.9833024144 0.1734872907 0.0549411178 0.0166370757 -0.3863463402 0.9222037196
-583.9 81.6 2426.0 -0.0776965246 -0.9047139287 -0.4188746512 0.9723173976 0.0241048913 -0.2324173003 0.2203681022 -0.4253371358 0.8777962327
-254.4 333.4 2474.2 0.0733997375 0.9972459078 0.0106365401 -0.9681118131 0.0686857775 0.2409185618 0.2395244688 -0.0279807188 0.9704870582
-235.9 89.8 2534.5 0.0548068024 0.9972459078 0.0499687046 -0.9366590977 0.0686857775 -0.3434413970 -0.3459276557 -0.0279807188 0.9378438592
-512.1 -47.1 2474.0 0.6943272948 -0.0119801881 -0.7195596695 0.0550300591 0.9978178144 0.0364873521 0.7175523043 -0.0649315715 0.6934714317
-507.4 -437.9 2499.4 0.6968774199 0.0298670791 -0.7165680528 -0.0832431316 0.9957480431 -0.0394521803 0.7123429179 0.0871427059 0.6964005828
-334.4 -55.6 2504.9 0.9934604168 -0.0480521843 -0.1035731509 0.0545303412 0.9966685176 0.0606492572 0.1003137678 -0.0659005195 0.9927710295
-315.6 -446.0 2530.7 0.9931290746 0.0605685189 -0.1001301929 -0.0614855587 0.9980893731 -0.0060951095 0.0995697081 0.0122097917 0.9949556589
-562.3 -188.7 2364.7 0 0 0 0 0 0 0 0 0
-221.8 -150.7 2445.7 0 0 0 0 0 0 0 0 0
-516.7 -747.8 2472.3 0 0 0 0 0 0 0 0 0
-334.7 -760.8 2526.9 0 0 0 0 0 0 0 0 0
-383.8 539.7 2430.0 8 0.9858626723 0.0670168027 -0.1535693407 -0.0495641641 0.9921531081 0.1147850752 0.1600568295 -0.1055507809 0.9814483523
-397.5 336.7 2451.6 0.9858626723 0.0670168027 -0.1535693407 -0.0495641641 0.9921531081 0.1147850752 0.1600568295 -0.1055507809 0.9814483523
-410.1 142.1 2469.8 0.9859274030 0.0640876889 -0.1544019133 -0.0485839322 0.9935793281 0.1021747515 0.1599586904 -0.0932354331 0.9827107191
-537.9 343.6 2428.8 0.1619715095 -0.9069477320 -0.3888586760 0.9866940379 0.1544987261 0.0506457686 0.0141451079 -0.3918877244 0.9199042916
-581.0 81.4 2425.0 -0.0650012344 -0.9059982896 -0.4182606339 0.9750418663 0.0315055475 -0.2197742164 0.2122925967 -0.4221072197 0.8813383579
-257.1 329.8 2474.4 0.1019368842 0.9900503159 0.0970013142 -0.9651832581 0.0748192146 0.2506459057 0.2408945113 -0.1191741079 0.9632068276
-231.7 89.2 2534.4 0.0287614670 0.9900503159 0.1377431005 -0.9366440177 0.0748192146 -0.3421988785 -0.3490999341 -0.1191741079 0.9294766188
-504.7 -47.3 2477.1 0.6901733279 0.0112148002 -0.7235572338 0.0419640392 0.9975770116 0.0554898567 0.7224263549 -0.0686610043 0.6880304217
-509.1 -437.9 2504.0 0.6927284598 0.0259604976 -0.7207311392 -0.0889103860 0.9948027134 -0.0496234708 0.7156970501 0.0984560698 0.6914362907
-326.3 -53.9 2504.9 0.9934408069 -0.0316444337 -0.1098817810 0.0395964384 0.9966931343 0.0709574223 0.1072730124 -0.0748429298 0.9914085865
-313.9 -444.2 2534.2 0.9922885299 0.0631306991 -0.1066674441 -0.0653151646 0.9977180362 -0.0171078909 0.1053439975 0.0239429660 0.9941475391
-562.9 -189.7 2366.0 0 0 0 0 0 0 0 0 0
-224.3 -151.4 2444.7 0 0 0 0 0 0 0 0 0
-517.1 -746.5 2473.5 0 0 0 0 0 0 0 0 0
-333.9 -759.5 2526.6 0 0 0 0 0 0 0 0 0
-383.3 538.8 2429.6 9 0.9882805347 0.0736668333 -0.1336964965 -0.0586456060 0.9918616414 0.1130096689 0.1409334987 -0.1038445458 0.9845578074
-398.3 336.7 2450.8 0.9882805347 0.0736668333 -0.1336964965 -0.0586456060 0.9918616414 0.1130096689 0.1409334987 -0.1038445458 0.9845578074
-412.3 142.2 2469.1 0.9883258939 0.0716520548 -0.1344540119 -0.0580260530 0.9930223227 0.1026628911 0.1408718377 -0.0936625600 0.9855873585
-539.1 345.0 2430.7 0.1763252616 -0.9120412469 -0.3702568710 0.9842596650 0.1679231375 0.0550888292 0.0119314091 -0.3741424382 0.9272944927
-585.9 83.8 2427.6 -0.0776140615 -0.9108061790 -0.4054727554 0.9723522663 0.0206904374 -0.2326005548 0.2202434242 -0.4123154283 0.8840185404
-257.5 328.5 2470.8 0.1042385697 0.9886669517 0.1080367193 -0.9679260254 0.0758801326 0.2395023406 0.2285902053 -0.1295369416 0.9648661613
-231.9 91.0 2526.9 0.0303383209 0.9886669517 0.1470278800 -0.9460420012 0.0758801326 -0.3150344789 -0.3226206601 -0.1295369416 0.9376225471
-511.7 -48.0 2473.6 0.7044707537 -0.0080878241 -0.7096869349 0.0580613762 0.9972401857 0.0462697484 0.7073541284 -0.0738010854 0.7029961348
-508.5 -438.6 2502.5 0.7077926993 0.0287213027 -0.7058360577 -0.0872324780 0.9950793982 -0.0469833389 0.7010135651 0.0948262960 0.7068153620
-333.5 -56.8 2502.5 0.9947842956 -0.0485416017 -0.0897100419 0.0541391335 0.9966651797 0.0610526390 0.0864472836 -0.0655910298 0.9940949082
-314.5 -447.1 2528.2 0.9943456054 0.0613955259 -0.0866455808 -0.0615124963 0.9981054664 0.0013218239 0.0865625739 0.0040154359 0.9962383509
-564.3 -186.5 2366.3 0 0 0 0 0 0 0 0 0
-224.1 -152.0 2444.1 0 0 0 0 0 0 0 0 0
-517.4 -747.3 2473.1 0 0 0 0 0 0 0 0 0
-333.8 -760.2 2527.0 0 0 0 0 0 0 0 0 0
-382.3 539.0 2429.0 0 0.9879308939 0.0674470589 -0.1394395530 -0.0514277741 0.9919804335 0.1154555753 0.1461084485 -0.1068910658 0.9834768176
-396.0 337.1 2450.7 0.9879308939 0.0674470589 -0.1394395530 -0.0514277741 0.9919804335 0.1154555753 0.1461084485 -0.1068910658 0.9834768176
-408.6 142.5 2469.6 0.9880365729 0.0643602610 -0.1401478946 -0.0498360842 0.9932452440 0.1047868058 0.1459453404 -0.0965487733 0.9845700860
-536.8 344.2 2429.9 0.1948940307 -0.9067848325 -0.3738417029 0.9807507992 0.1848349273 0.0629597083 0.0120080989 -0.3789160252 0.9253531694
-588.0 86.6 2426.8 -0.0793413669 -0.9065928459 -0.4144808352 0.9738520384 0.0182996579 -0.2264449447 0.2128782272 -0.4216094613 0.8814353943
-255.2 330.0 2471.5 0.1044559404 0.9892269373 0.1025622487 -0.9500200748 0.0687429085 0.3045262992 0.2941952050 -0.1292457730 0.9469660521
-229.0 91.5 2545.4 0.0133184129 0.9892269373 0.1457829773 -0.9214869142 0.0687429085 -0.3822777569 -0.3881810009 -0.1292457730 0.9124752283
-515.7 -47.0 2474.8 0.7004072666 -0.0160999335 -0.7135618329 0.0699305460 0.9964833856 0.0461579412 0.7103093863 -0.0822291225 0.6990700960
-509.3 -437.3 2507.0 0.7061919570 0.0245084427 -0.7075961232 -0.0968982950 0.9933425188 -0.0623003952 0.7013584375 0.1125608906 0.7038653493
-337.1 -57.5 2500.2 0.9937465191 -0.0575527214 -0.0956843048 0.0647039711 0.9952017665 0.0733952671 0.0910010859 -0.0791274458 0.9927021861
-314.5 -447.2 2531.2 0.9937322140 0.0653368011 -0.0907049105 -0.0662875995 0.9977723360 -0.0075064837 0.0900124013 0.0134720458 0.9958495498
-565.9 -184.2 2367.6 0 0 0 0 0 0 0 0 0
-225.6 -144.7 2445.9 0 0 0 0 0 0 0 0 0
-517.0 -748.7 2471.7 0 0 0 0 0 0 0 0 0
-335.0 -760.7 2527.0 0 0 0 0 0 0 0 0 0
-383.7 538.3 2430.6 1 0.9887964725 0.0581969284 -0.1374576390 -0.0434540994 0.9932094216 0.1079203263 0.1428048611 -0.1007381380 0.9846109152
-395.5 336.3 2451.1 0.9887964725 0.0581969284 -0.1374576390 -0.0434540994 0.9932094216 0.1079203263 0.1428048611 -0.1007381380 0.9846109152
-406.7 141.6 2468.9 0.9887992740 0.0567836650 -0.1380274594 -0.0434058197 0.9942323565 0.0980711654 0.1428001970 -0.0909815058 0.9855610132
-536.4 342.5 2430.7 0.1826552898 -0.9105780721 -0.3707891107 0.9831218123 0.1731549650 0.0590667054 0.0104191266 -0.3753197193 0.9268368483
-584.4 84.3 2428.0 -0.0743974373 -0.9097747207 -0.4083809257 0.9712142944 0.0268250238 -0.2366922051 0.2262914181 -0.4142346680 0.8815904856
-254.6 330.1 2471.4 0.1060017422 0.9842103124 0.1417520493 -0.9623195529 0.0656384304 0.2638799846 0.2504090369 -0.1643825024 0.9540826678
-228.4 92.1 2533.4 0.0046363091 0.9842103124 0.1769421250 -0.9379410744 0.0656384304 -0.3405262530 -0.3467636406 -0.1643825024 0.9234356284
-510.5 -47.5 2475.4 0.7020485997 0.0048479056 -0.7121125460 0.0609165691 0.9959027171 0.0668355525 0.7095187902 -0.0903012604 0.6988767982
-512.4 -437.5 2510.7 0.7087346911 0.0170588475 -0.7052688599 -0.1019720137 0.9916862249 -0.0784864947 0.6980665326 0.1275437921 0.7045819759
-331.9 -56.5 2501.7 0.9946107864 -0.0452685803 -0.0932744220 0.0515707843 0.9964660406 0.0663017556 0.0899434015 -0.0707546771 0.9934303761
-314.2 -446.7 2529.4 0.9939706922 0.0627940893 -0.0898838863 -0.0633620769 0.9979845285 -0.0034769010 0.0894844010 0.0091511672 0.9959461689
-563.7 -185.7 2365.1 0 0 0 0 0 0 0 0 0
-227.2 -148.4 2444.5 0 0 0 0 0 0 0 0 0
-517.7 -747.7 2470.8 0 0 0 0 0 0 0 0 0
-333.9 -760.3 2526.6 0 0 0 0 0 0 0 0 0
-382.8 539.3 2429.9 2 0.9906750917 0.0666872561 -0.1188093275 -0.0535714403 0.9924469590 0.1103589609 0.1252714992 -0.1029650867 0.9867650270
-396.3 337.7 2450.9 0.9906750917 0.0666872561 -0.1188093275 -0.0535714403 0.9924469590 0.1103589609 0.1252714992 -0.1029650867 0.9867650270
-409.3 143.1 2469.1 0.9906193018 0.0663087890 -0.1194844246 -0.0544045158 0.9934709072 0.1002782360 0.1253536344 -0.0928370655 0.9877589345
-537.5 345.5 2433.0 0.1709007472 -0.9179754257 -0.3579302728 0.9850335121 0.1674440652 0.0408834331 0.0224033128 -0.3595603108 0.9328528643
-583.1 82.8 2427.0 -0.0754751340 -0.9171516299 -0.3913265169 0.9719102383 0.0200717188 -0.2344943732 0.2229214907 -0.3980327249 0.8898741007
-255.2 329.9 2468.7 0.1087417006 0.9834135175 0.1451657861 -0.9656535387 0.0698340908 0.2502726614 0.2359839827 -0.1673949212 0.9572306275
-228.5 92.7 2526.7 0.0113148196 0.9834135175 0.1810244173 -0.9447307587 0.0698340908 -0.3203232586 -0.3276519179 -0.1673949212 0.9298511744
-507.2 -49.2 2473.8 0.7150666118 0.0122238714 -0.6989494562 0.0499727726 0.9963952303 0.0685509816 0.6972678304 -0.0839469582 0.7118781209
-511.9 -439.4 2506.7 0.7193641663 0.0225393549 -0.6942673922 -0.0946137086 0.9933381081 -0.0657851920 0.6881594658 0.1130107194 0.7167043686
-328.4 -57.0 2499.6 0.9964693785 -0.0370146297 -0.0753567740 0.0429687873 0.9959489703 0.0789895877 0.0721277297 -0.0819486976 0.9940231442
-313.9 -447.1 2531.7 0.9952819347 0.0653182417 -0.0717452988 -0.0662284195 0.9977505207 -0.0103788618 0.0709059760 0.0150814718 0.9973689914
-562.1 -187.4 2365.1 0 0 0 0 0 0 0 0 0
-225.6 -149.8 2442.6 0 0 0 0 0 0 0 0 0
-519.0 -748.5 2471.5 0 0 0 0 0 0 0 0 0
-334.4 -760.2 2527.0 0 0 0 0 0 0 0 0 0
-383.1 538.9 2430.6 3 0.9887748957 0.0739977807 -0.1298016906 -0.0600411482 0.9923006296 0.1083257422 0.1368181705 -0.0993163362 0.9856049418
-398.2 337.5 2450.8 0.9887748957 0.0739977807 -0.1298016906 -0.0600411482 0.9923006296 0.1083257422 0.1368181705 -0.0993163362 0.9856049418
-412.5 143.0 2468.5 0.9887551069 0.0731160343 -0.1304505616 -0.0603083745 0.9932014346 0.0995682850 0.1368437260 -0.0905813873 0.9864425063
-539.1 346.1 2431.3 0.1717807651 -0.9140135646 -0.3675194383 0.9849800467 0.1659750789 0.0476087593 0.0174840186 -0.3701775968 0.9287964702
-585.2 81.5 2426.6 -0.0831885785 -0.9121052027 -0.4014270902 0.9710829854 0.0162612293 -0.2381876409 0.2237798870 -0.4096335173 0.8843771219
-257.3 328.9 2470.3 0.1114414856 0.9859860539 0.1241463274 -0.9695273042 0.0804456547 0.2313984931 0.2181686461 -0.1461506486 0.9649053812
-230.4 95.0 2522.9 0.0326457657 0.9859860539 0.1636024714 -0.9521585107 0.0804456547 -0.2948265374 -0.3038559556 -0.1461506486 0.9414411783
-511.8 -46.5 2475.9 0.7071653605 -0.0098218210 -0.7069799900 0.0509242080 0.9980142117 0.0370725058 0.7052119374 -0.0622187853 0.7062612176
-508.0 -437.2 2500.3 0.7095254064 0.0337340496 -0.7038719058 -0.0906854793 0.9949189425 -0.0437309779 0.6988202929 0.0948592052 0.7089794874
-332.8 -56.3 2498.6 0.9950366020 -0.0496233590 -0.0862533450 0.0558468178 0.9958899617 0.0713041425 0.0823604912 -0.0757672116 0.9937183261
-313.4 -446.4 2528.3 0.9942203164 0.0683465973 -0.0827934965 -0.0681267604 0.9976615906 0.0054807151 0.0829744786 0.0001914149 0.9965516329
-562.1 -188.5 2364.4 0 0 0 0 0 0 0 0 0
-222.0 -149.5 2444.9 0 0 0 0 0 0 0 0 0
-518.5 -747.0 2470.7 0 0 0 0 0 0 0 0 0
-334.9 -761.5 2528.2 0 0 0 0 0 0 0 0 0
-383.8 537.8 2430.4 4 0.9889207482 0.0723847523 -0.1296002716 -0.0585761741 0.9924929142 0.1073621213 0.1363987327 -0.0985811427 0.9857368469
-398.5 336.4 2450.4 0.9889207482 0.0723847523 -0.1296002716 -0.0585761741 0.9924929142 0.1073621213 0.1363987327 -0.0985811427 0.9857368469
-412.5 141.8 2467.9 0.9889107347 0.0712884665 -0.1302826703 -0.0587148033 0.9934598207 0.0979296044 0.1364118457 -0.0891941115 0.9866287112
-539.4 344.8 2431.0 0.1881096810 -0.9117302895 -0.3651884198 0.9820541143 0.1797479093 0.0571000166 0.0135820368 -0.3693758547 0.9291808009
-588.5 88.5 2427.5 -0.0978569910 -0.9089384079 -0.4052838683 0.9690299630 0.0057524201 -0.2468762249 0.2267266363 -0.4168907702 0.8802255988
-257.6 328.1 2469.9 0.0988916457 0.9936196208 0.0542268045 -0.9581304193 0.0803610086 0.2748239338 0.2687127292 -0.0791341439 0.9599642158
