-83.8 520.2 2398.1 0 0.9992954135 -0.0204998795 -0.0314400606 0.0211134925 0.9995905757 0.0193106551 0.0310313236 -0.0199608579 0.9993190765
-79.7 319.6 2402.1 0.9992954135 -0.0204998795 -0.0314400606 0.0211134925 0.9995905757 0.0193106551 0.0310313236 -0.0199608579 0.9993190765
-75.9 120.9 2404.7 0.9993299246 -0.0189736262 -0.0313000642 0.0193641074 0.9997377992 0.0122197857 0.0310600046 -0.0128176957 0.9994353056
-220.3 316.9 2397.8 0.1914782673 -0.8995310664 -0.3926575184 0.9813193083 0.1678469628 0.0940202624 -0.0186677780 -0.4033252299 0.9148662686
-273.0 47.1 2402.9 0.0522295050 -0.8983939886 -0.4360737801 0.9370062947 0.1951127201 -0.2897416055 0.3453856707 -0.3934708238 0.8519914746
60.9 322.3 2406.5 0.2023563087 0.5811617374 0.7882277369 -0.9753420949 0.1919983774 0.1088321432 -0.0880893618 -0.7908145189 0.6056836247
116.0 56.8 2382.5 -0.0229558107 0.5824889541 0.8125144243 -0.9544168711 0.2291571796 -0.1912469864 -0.2975927591 -0.7798677087 0.5506767631
-165.7 -77.2 2401.5 0.9973340631 0.0596499406 -0.0420311466 -0.0584339984 0.9978526831 0.0295884367 0.0437058397 -0.0270535070 0.9986780882
-189.4 -473.9 2412.2 0.9972451329 -0.0640433356 -0.0374250412 0.0676444769 0.9922147989 0.1045656428 0.0304369461 -0.1068091691 0.9938135743
17.6 -74.6 2410.4 0.9995657802 -0.0086372104 -0.0281710271 0.0078067575 0.9995355606 -0.0294568948 0.0284123681 0.0292241797 0.9991689920
21.0 -471.9 2398.8 0.9989348650 -0.0355908796 -0.0293675866 0.0404333994 0.9818196297 0.1854598671 0.0222329926 -0.1864497662 0.9822129011
-287.7 -216.2 2305.9 0 0 0 0 0 0 0 0 0
109.5 -214.7 2297.9 0 0 0 0 0 0 0 0 0
-169.6 -780.0 2445.2 0 0 0 0 0 0 0 0 0
31.7 -766.2 2454.7 0 0 0 0 0 0 0 0 0
-84.2 519.4 2398.0 1 0.9993032813 -0.0182968471 -0.0325294882 0.0189239215 0.9996389747 0.0190748628 0.0321687348 -0.0196771584 0.9992887378
-80.5 319.0 2401.9 0.9993032813 -0.0182968471 -0.0325294882 0.0189239215 0.9996389747 0.0190748628 0.0321687348 -0.0196771584 0.9992887378
-77.2 120.2 2404.7 0.9993286133 -0.0170381833 -0.0324343070 0.0174897183 0.9997533560 0.0136890961 0.0321930684 -0.0142471725 0.9993801117
-221.2 316.5 2397.4 0.1835235059 -0.9003555775 -0.3945617378 0.9828445911 0.1605823785 0.0907179713 -0.0183187649 -0.4044417739 0.9143802524
-272.0 44.5 2402.4 0.0514913052 -0.8990720510 -0.4347621500 0.9361726046 0.1950448751 -0.2924694419 0.3477492332 -0.3919527531 0.8517296910
60.1 321.4 2406.4 0.1989754438 0.5820353627 0.7884438038 -0.9758391380 0.1917693317 0.1047018170 -0.0902591720 -0.7902274132 0.6061303020
115.1 51.8 2381.5 -0.0231993720 0.5833947659 0.8118573427 -0.9541915655 0.2293825597 -0.1920993030 -0.2982956469 -0.7791240215 0.5513488054
-163.8 -79.6 2404.4 0.9968724847 0.0660055429 -0.0434564687 -0.0649175644 0.9975520968 0.0259899423 0.0450655743 -0.0230875704 0.9987171888
-190.1 -476.3 2413.5 0.9972826838 -0.0627676323 -0.0385685302 0.0662890002 0.9929689169 0.0980738848 0.0321414880 -0.1003640518 0.9944314957
19.5 -76.1 2410.1 0.9995496869 -0.0060192607 -0.0293972250 0.0052526649 0.9996459484 -0.0260850992 0.0295438301 0.0259189401 0.9992274046
21.9 -473.5 2399.8 0.9991117120 -0.0295892395 -0.0300041940 0.0347332135 0.9814117551 0.1887446344 0.0238616578 -0.1896191239 0.9815677404
-286.5 -218.6 2304.7 0 0 0 0 0 0 0 0 0
108.5 -219.6 2296.6 0 0 0 0 0 0 0 0 0
-171.1 -777.0 2443.9 0 0 0 0 0 0 0 0 0
30.9 -772.9 2457.6 0 0 0 0 0 0 0 0 0
-85.2 518.7 2397.9 2 0.9987710714 -0.0233182963 -0.0437332988 0.0241465252 0.9995371103 0.0185064487 0.0432815179 -0.0195397120 0.9988718033
-80.5 318.4 2401.8 0.9987710714 -0.0233182963 -0.0437332988 0.0241465252 0.9995371103 0.0185064487 0.0432815179 -0.0195397120 0.9988718033
-76.1 119.7 2405.0 0.9987956882 -0.0223960541 -0.0436530784 0.0230700821 0.9996213317 0.0149983503 0.0433006473 -0.0159873683 0.9989341497
-221.1 315.2 2395.7 0.1808371246 -0.8971201181 -0.4030798972 0.9830631018 0.1524810493 0.1016683951 -0.0297467131 -0.4146384001 0.9094999433
-271.1 43.1 2403.9 0.0587863848 -0.8952235579 -0.4417226613 0.9334261417 0.2061706036 -0.2936141789 0.3539205790 -0.3950549662 0.8477451205
60.0 321.7 2407.9 0.1903402358 0.5895087719 0.7850159407 -0.9766345620 0.1949760616 0.0903838426 -0.0997772440 -0.7838773727 0.6128464341
113.7 46.5 2379.8 -0.0143944733 0.5901927948 0.8071339726 -0.9578776956 0.2234071344 -0.1804426908 -0.2868154645 -0.7757329941 0.5621166825
-165.5 -80.1 2404.6 0.9965320826 0.0626923963 -0.0547129624 -0.0612535737 0.9977408051 0.0275914706 0.0563191287 -0.0241444223 0.9981208444
-190.4 -476.8 2414.2 0.9967426658 -0.0627921522 -0.0506086946 0.0672172233 0.9935719371 0.0910861641 0.0445638821 -0.0941912457 0.9945561886
17.9 -76.9 2410.5 0.9990954995 -0.0136867817 -0.0402600504 0.0122658284 0.9993003607 -0.0353320800 0.0407154635 0.0348063000 0.9985643625
23.4 -474.2 2396.7 0.9987979531 -0.0246944893 -0.0423423760 0.0326460153 0.9794910550 0.1988254637 0.0365640819 -0.1999687701 0.9791197777
-287.6 -219.1 2304.5 0 0 0 0 0 0 0 0 0
109.6 -225.9 2298.2 0 0 0 0 0 0 0 0 0
-171.6 -774.2 2442.4 0 0 0 0 0 0 0 0 0
30.9 -774.7 2458.0 0 0 0 0 0 0 0 0 0
-85.3 522.5 2406.3 3 0.9982409477 -0.0243904870 -0.0540379211 0.0244837757 0.9996996522 0.0010649271 0.0539957173 -0.0023861062 0.9985383153
-80.4 322.4 2406.8 0.9982409477 -0.0243904870 -0.0540379211 0.0244837757 0.9996996522 0.0010649271 0.0539957173 -0.0023861062 0.9985383153
-75.9 123.7 2406.6 0.9982878566 -0.0225618053 -0.0539662503 0.0224873200 0.9997451305 -0.0019870973 0.0539973304 0.0007701388 0.9985407591
-220.9 319.3 2399.2 0.1797354817 -0.8933412433 -0.4118696451 0.9835944176 0.1566481143 0.0894618109 -0.0154013280 -0.4211921394 0.9068406820
-271.7 41.2 2403.6 0.0515387431 -0.8918804526 -0.4493250847 0.9329928756 0.2034697980 -0.2968573570 0.3561853468 -0.4039174616 0.8426046968
60.1 325.6 2414.4 0.1923049688 0.5974901319 0.7784756422 -0.9746937752 0.2084291279 0.0808042064 -0.1139772832 -0.7743144035 0.6224519014
114.6 49.2 2382.1 -0.0131791560 0.5976758599 0.8016295433 -0.9590775371 0.2192138433 -0.1792082787 -0.2828367651 -0.7711866498 0.5703284144
-163.2 -81.2 2404.2 0.9958731532 0.0646724775 -0.0636723712 -0.0627486780 0.9975237250 0.0317658149 0.0655690730 -0.0276393648 0.9974651933
-189.0 -477.8 2415.2 0.9965727329 -0.0566432774 -0.0602852888 0.0615371950 0.9946739674 0.0826851055 0.0552806519 -0.0861115083 0.9947506785
20.0 -76.9 2412.1 0.9985800982 -0.0163923427 -0.0506865159 0.0141839031 0.9989472032 -0.0436274149 0.0513483062 0.0428465344 0.9977612495
26.5 -474.1 2395.1 0.9985356331 -0.0102223996 -0.0531238951 0.0203355886 0.9808922410 0.1934861243 0.0501309223 -0.1942830980 0.9796637297
-286.2 -220.9 2303.5 0 0 0 0 0 0 0 0 0
110.9 -223.6 2301.6 0 0 0 0 0 0 0 0 0
-172.2 -772.6 2440.7 0 0 0 0 0 0 0 0 0
29.7 -772.5 2454.2 0 0 0 0 0 0 0 0 0
-85.0 523.2 2403.1 4 0.9970325828 -0.0225750487 -0.0735959485 0.0233650077 0.9996780753 0.0098903934 0.0733489841 -0.0115806153 0.9972391129
-80.5 322.7 2405.4 0.9970325828 -0.0225750487 -0.0735959485 0.0233650077 0.9996780753 0.0098903934 0.0733489841 -0.0115806153 0.9972391129
-76.1 124.0 2406.6 0.9970459938 -0.0223671626 -0.0734780952 0.0227698497 0.9997299314 0.0046471604 0.0733543038 -0.0063065179 0.9972860217
-220.8 319.5 2395.1 0.1826178581 -0.8845366240 -0.4292385280 0.9830037355 0.1559061259 0.0969376266 -0.0188239589 -0.4396456182 0.8979740143
-271.8 44.8 2400.3 0.0615996271 -0.8824920654 -0.4662759006 0.9407513142 0.2074095607 -0.2682689726 0.3334553242 -0.4221243858 0.8429819345
59.8 325.9 2415.7 0.1922602206 0.6123945117 0.7668174505 -0.9755496383 0.2040572166 0.0816307366 -0.1064844131 -0.7637627721 0.6366533041
115.0 45.7 2385.1 -0.0131547060 0.6127962470 0.7901314497 -0.9560279250 0.2238251865 -0.1895070821 -0.2929805517 -0.7578806281 0.5829059482
-163.0 -77.1 2401.5 0.9942343831 0.0664289519 -0.0841735452 -0.0647117049 0.9976395965 0.0229709707 0.0855007917 -0.0173915159 0.9961863160
-189.4 -473.7 2408.5 0.9952109456 -0.0585790873 -0.0782534778 0.0668234751 0.9919819832 0.1072674915 0.0713424087 -0.1119829565 0.9911458492
20.2 -73.0 2411.5 0.9975026250 -0.0082477694 -0.0701460913 0.0054027620 0.9991587400 -0.0406517610 0.0704223737 0.0401712544 0.9967080355
23.5 -470.2 2395.5 0.9972251654 -0.0248678979 -0.0701683015 0.0378036499 0.9811448455 0.1895405948 0.0641317964 -0.1916672736 0.9793624282
-289.1 -219.4 2306.7 0 0 0 0 0 0 0 0 0
111.2 -228.1 2301.2 0 0 0 0 0 0 0 0 0
-171.5 -777.7 2442.8 0 0 0 0 0 0 0 0 0
31.0 -768.2 2453.7 0 0 0 0 0 0 0 0 0
-85.0 522.8 2401.9 5 0.9978162646 -0.0223342963 -0.0621599071 0.0231467839 0.9996554255 0.0123815844 0.0618619509 -0.0137933483 0.9979894161
-80.5 322.6 2404.7 0.9978162646 -0.0223342963 -0.0621599071 0.0231467839 0.9996554255 0.0123815844 0.0618619509 -0.0137933483 0.9979894161
-76.3 123.8 2406.6 0.9978432059 -0.0213727560 -0.0620655529 0.0219147764 0.9997273088 0.0080653969 0.0618762486 -0.0094081536 0.9980394840
-220.9 319.5 2396.0 0.1784721762 -0.8897923231 -0.4200205803 0.9837536812 0.1529470086 0.0939992070 -0.0193988811 -0.4299730659 0.9026333094
-270.7 45.0 2401.4 0.0612280257 -0.8877676725 -0.4562013745 0.9399648905 0.2050237507 -0.2728208899 0.3357336819 -0.4121089876 0.8470236659
59.9 325.6 2413.4 0.1878571510 0.6044481397 0.7741783857 -0.9767745137 0.1976751238 0.0826808438 -0.1030595154 -0.7717298865 0.6275442243
113.6 46.5 2383.9 -0.0132856155 0.6050820351 0.7960522771 -0.9561293125 0.2253131419 -0.1872184724 -0.2926435769 -0.7636162043 0.5755432248
-163.1 -76.8 2401.2 0.9948319793 0.0708809122 -0.0726994798 -0.0690667480 0.9972418547 0.0271748789 0.0744251460 -0.0220133234 0.9969835877
-191.3 -473.3 2409.9 0.9955014586 -0.0669136196 -0.0670774803 0.0736279264 0.9919308424 0.1032094136 0.0596301071 -0.1076838970 0.9923952818
19.8 -72.7 2414.6 0.9982663989 -0.0035595684 -0.0587493256 0.0009209852 0.9989920259 -0.0448786765 0.0588498563 0.0447467677 0.9972634912
21.2 -469.8 2396.8 0.9979535341 -0.0269605555 -0.0579813980 0.0373965912 0.9816054106 0.1872227043 0.0518672243 -0.1890078783 0.9806048274
-287.9 -219.1 2307.1 0 0 0 0 0 0 0 0 0
109.8 -227.2 2300.2 0 0 0 0 0 0 0 0 0
-170.8 -776.3 2442.8 0 0 0 0 0 0 0 0 0
29.4 -768.4 2454.3 0 0 0 0 0 0 0 0 0
-85.5 522.0 2399.8 6 0.9982836246 -0.0206384342 -0.0548079871 0.0215650257 0.9996334314 0.0163688250 0.0544500686 -0.0175226647 0.9983627200
-81.4 321.8 2403.4 0.9982836246 -0.0206384342 -0.0548079871 0.0215650257 0.9996334314 0.0163688250 0.0544500686 -0.0175226647 0.9983627200
-77.5 123.0 2406.2 0.9983147979 -0.0192585550 -0.0547423586 0.0200027954 0.9997143745 0.0130800568 0.0544748195 -0.0141530139 0.9984148145
-221.8 318.9 2395.7 0.1799734235 -0.8926362395 -0.4132917821 0.9833489656 0.1525061429 0.0988264605 -0.0251865387 -0.4241961837 0.9052199721
-272.0 45.0 2402.7 0.0531410053 -0.8910797834 -0.4507248402 0.9363754392 0.2012893111 -0.2875477374 0.3469540477 -0.4067670703 0.8450819254
59.1 324.6 2411.0 0.1903007627 0.5985378623 0.7781632543 -0.9766292572 0.1960833967 0.0880148932 -0.0999046490 -0.7767263055 0.6218643785
113.3 46.7 2382.6 -0.0136710377 0.5989274979 0.8006865382 -0.9603277445 0.2151991129 -0.1773694754 -0.2785384953 -0.7713463306 0.5722247362
-163.6 -76.9 2402.7 0.9953107834 0.0704380497 -0.0662939325 -0.0693238974 0.9974139929 0.0189620201 0.0674581453 -0.0142773492 0.9976199269
-191.6 -473.5 2408.4 0.9956703186 -0.0709830001 -0.0600165911 0.0769786760 0.9915591478 0.1043301597 0.0521043316 -0.1084984392 0.9927302003
19.5 -72.9 2414.1 0.9986667633 0.0027260827 -0.0515485555 -0.0048515485 0.9991410971 -0.0411522463 0.0513920970 0.0413474739 0.9978222251
18.4 -470.2 2397.7 0.9980982542 -0.0365794860 -0.0496169776 0.0451522171 0.9818015099 0.1844641715 0.0419664197 -0.1863536686 0.9815860391
-286.9 -218.0 2305.2 0 0 0 0 0 0 0 0 0
109.4 -228.0 2302.9 0 0 0 0 0 0 0 0 0
-169.9 -776.2 2441.5 0 0 0 0 0 0 0 0 0
29.6 -770.1 2454.6 0 0 0 0 0 0 0 0 0
-86.0 520.7 2398.8 7 0.9984806776 -0.0191925205 -0.0516524725 0.0201631524 0.9996285439 0.0183365028 0.0512813628 -0.0193501208 0.9984967709
-82.2 320.6 2402.7 0.9984806776 -0.0191925205 -0.0516524725 0.0201631524 0.9996285439 0.0183365028 0.0512813628 -0.0193501208 0.9984967709
-78.5 121.8 2405.7 0.9985000491 -0.0183666199 -0.0515779592 0.0191312321 0.9997137189 0.0143699981 0.0512992665 -0.0153351938 0.9985655546
-222.7 317.9 2395.5 0.1755268723 -0.8939936757 -0.4122688174 0.9843181372 0.1519027203 0.0896846950 -0.0175527986 -0.4215457439 0.9066372514
-271.8 42.7 2400.4 0.0636483058 -0.8917933702 -0.4479436576 0.9373733997 0.2074503005 -0.2798132598 0.3424616456 -0.4020808339 0.8491472602
58.3 323.3 2409.9 0.1930905581 0.5957612991 0.7796053290 -0.9761324525 0.1971374154 0.0911167637 -0.0994055420 -0.7785918713 0.6196073294
113.1 46.3 2381.7 -0.0113483304 0.5961320400 0.8028061986 -0.9602693915 0.2173893154 -0.1749988794 -0.2788439095 -0.7728961706 0.5699803233
-165.3 -77.6 2404.0 0.9960402250 0.0620978400 -0.0636220723 -0.0614011101 0.9980304241 0.0128502212 0.0642947331 -0.0088928705 0.9978913069
-190.0 -474.4 2407.5 0.9964652061 -0.0617193244 -0.0569893047 0.0679154620 0.9911448956 0.1141022444 0.0494423434 -0.1175693795 0.9918330908
17.9 -73.9 2414.0 0.9987559319 -0.0120785451 -0.0483806729 0.0094885491 0.9985275865 -0.0534100905 0.0489545502 0.0528845824 0.9973999858
22.7 -470.9 2393.0 0.9984349608 -0.0253220797 -0.0498642847 0.0346987806 0.9797402620 0.1972436756 0.0438594259 -0.1986652017 0.9790855646
-289.7 -220.7 2304.2 0 0 0 0 0 0 0 0 0
109.9 -228.4 2301.9 0 0 0 0 0 0 0 0 0
-171.0 -779.7 2443.7 0 0 0 0 0 0 0 0 0
30.4 -768.5 2453.3 0 0 0 0 0 0 0 0 0
-87.4 518.1 2398.8 8 0.9983550906 -0.0194294285 -0.0539406911 0.0203283206 0.9996626377 0.0161660332 0.0536083989 -0.0172359664 0.9984132648
-83.5 317.9 2402.2 0.9983550906 -0.0194294285 -0.0539406911 0.0203283206 0.9996626377 0.0161660332 0.0536083989 -0.0172359664 0.9984132648
-79.6 119.2 2404.9 0.9983592629 -0.0194386560 -0.0538602509 0.0201141536 0.9997253418 0.0120280730 0.0536116473 -0.0130916908 0.9984760284
-224.0 315.1 2394.7 0.1710253507 -0.8942457438 -0.4136119485 0.9850271344 0.1459328085 0.0917885005 -0.0217219274 -0.4231171608 0.9058145881
-271.1 43.6 2400.7 0.0546720065 -0.8925905824 -0.4475410283 0.9395002723 0.1977777183 -0.2796842158 0.3381571472 -0.4051740170 0.8494020104
57.0 320.8 2409.8 0.1986401975 0.5964325070 0.7776955366 -0.9746034741 0.2039211988 0.0925429016 -0.1033930108 -0.7763274908 0.6217921376
113.1 45.6 2380.6 -0.0064150919 0.5965679884 0.8025369048 -0.9615904689 0.2165556699 -0.1686637402 -0.2744133174 -0.7727937698 0.5722648501
-166.5 -78.7 2404.1 0.9961681366 0.0574241094 -0.0659663901 -0.0569267571 0.9983341694 0.0093961358 0.0663960651 -0.0056048781 0.9977775812
-189.3 -475.6 2406.3 0.9965163469 -0.0586990342 -0.0592418686 0.0654471740 0.9907021523 0.1192723289 0.0516898744 -0.1227340400 0.9910925627
16.7 -75.2 2413.5 0.9986644983 -0.0100882184 -0.0506700389 0.0076282825 0.9987936020 -0.0485089980 0.0510982797 0.0480576865 0.9975366592
20.8 -472.3 2394.4 0.9983652234 -0.0245937258 -0.0515952371 0.0343858302 0.9795041680 0.1984671503 0.0456567034 -0.1999168545 0.9787485600
-286.5 -220.3 2305.7 0 0 0 0 0 0 0 0 0
111.3 -229.4 2302.1 0 0 0 0 0 0 0 0 0
-171.6 -775.0 2443.4 0 0 0 0 0 0 0 0 0
28.3 -771.0 2455.4 0 0 0 0 0 0 0 0 0
-86.6 518.7 2398.8 9 0.9988036752 -0.0180207249 -0.0454580896 0.0187625345 0.9996967912 0.0159449540 0.0451569706 -0.0167787876 0.9988389611
-83.0 318.7 2402.1 0.9988036752 -0.0180207249 -0.0454580896 0.0187625345 0.9996967912 0.0159449540 0.0451569706 -0.0167787876 0.9988389611
-79.6 119.9 2404.9 0.9988220334 -0.0171198342 -0.0454038978 0.0177205633 0.9997602701 0.0128614148 0.0451728255 -0.0136508467 0.9988859296
-223.5 316.2 2395.8 0.1747818887 -0.8959351778 -0.4083520770 0.9845849872 0.1562537551 0.0785948858 -0.0066093816 -0.4157942832 0.9094346762
-272.9 38.0 2397.7 0.0583194755 -0.8942130804 -0.4438262880 0.9399570823 0.1989421993 -0.2773132622 0.3362729251 -0.4010049105 0.8521241546
57.6 321.2 2408.5 0.1951241940 0.5913100839 0.7824825644 -0.9758227468 0.1971470118 0.0943556130 -0.0984706655 -0.7819753289 0.6154820323
113.1 43.8 2380.5 -0.0038540231 0.5916274786 0.8062022328 -0.9601776004 0.2230377495 -0.1682652235 -0.2793638706 -0.7747458220 0.5672078729
-167.4 -81.4 2402.5 0.9970151782 0.0511551090 -0.0578265525 -0.0509640574 0.9986890554 0.0047747944 0.0579950027 -0.0018134664 0.9983152151
-187.7 -478.5 2403.3 0.9970341921 -0.0578771234 -0.0507252030 0.0642175972 0.9889130592 0.1338919252 0.0424135365 -0.1367522776 0.9896968603
15.8 -77.7 2412.4 0.9990157485 -0.0129482867 -0.0424255505 0.0111621041 0.9990522861 -0.0420712754 0.0429300927 0.0415563099 0.9982134700
21.0 -474.9 2395.9 0.9985998869 -0.0289351977 -0.0442830995 0.0370445587 0.9801137447 0.1949481666 0.0377616100 -0.1963156611 0.9798133373
-289.3 -226.1 2303.2 0 0 0 0 0 0 0 0 0
112.0 -230.8 2300.6 0 0 0 0 0 0 0 0 0
-170.3 -775.3 2444.3 0 0 0 0 0 0 0 0 0
29.7 -769.9 2454.9 0 0 0 0 0 0 0 0 0
-87.2 517.3 2398.8 0 0.9991836548 -0.0207111333 -0.0346855335 0.0213323701 0.9996168613 0.0176372584 0.0343069546 -0.0183627848 0.9992426634
-83.1 317.3 2402.5 0.9991836548 -0.0207111333 -0.0346855335 0.0213323701 0.9996168613 0.0176372584 0.0343069546 -0.0183627848 0.9992426634
-79.0 118.5 2405.3 0.9991862774 -0.0207306389 -0.0345984772 0.0212062728 0.9996848106 0.0134373484 0.0343090072 -0.0141601190 0.9993109703
-223.7 314.3 2397.6 0.1796240211 -0.8994629383 -0.3983737528 0.9837059379 0.1611016244 0.0798051581 -0.0076031261 -0.4062175453 0.9137447476
-273.6 41.4 2399.7 0.0610306859 -0.8975872397 -0.4365918338 0.9343750477 0.2052043676 -0.2912634909 0.3510249555 -0.3901645243 0.8512068391
57.5 320.3 2407.3 0.1982669979 0.5824527144 0.7883140445 -0.9753332734 0.1968630105 0.0998498052 -0.0970320851 -0.7886658311 0.6071169376
113.3 45.8 2380.0 -0.0078380359 0.5828738809 0.8125248551 -0.9601075649 0.2227451205 -0.1690504253 -0.2795210183 -0.7814362645 0.5578756928
-167.8 -80.4 2403.4 0.9974151850 0.0549650230 -0.0462797061 -0.0541211665 0.9983479381 0.0192944873 0.0472637713 -0.0167399030 0.9987421632
-189.7 -477.4 2410.1 0.9970760942 -0.0643969402 -0.0411381759 0.0685515851 0.9916550517 0.1091831401 0.0337638222 -0.1116839871 0.9931700230
15.5 -77.2 2411.7 0.9993293285 -0.0188027844 -0.0314212739 0.0174622256 0.9989477992 -0.0424071066 0.0321855843 0.0418299809 0.9986062050
23.0 -474.4 2395.1 0.9991026521 -0.0237957519 -0.0350383446 0.0303588659 0.9791886806 0.2006684691 0.0295340940 -0.2015521228 0.9790323973
-290.7 -221.1 2301.1 0 0 0 0 0 0 0 0 0
111.1 -228.8 2300.0 0 0 0 0 0 0 0 0 0
-170.4 -773.1 2443.4 0 0 0 0 0 0 0 0 0
30.2 -772.4 2456.4 0 0 0 0 0 0 0 0 0
-87.6 518.3 2398.3 1 0.9995830059 -0.0164611824 -0.0237231012 0.0168853346 0.9996991158 0.0177912768 0.0234230980 -0.0181844309 0.9995602369
-84.4 318.3 2401.9 0.9995830059 -0.0164611824 -0.0237231012 0.0168853346 0.9996991158 0.0177912768 0.0234230980 -0.0181844309 0.9995602369
-81.2 119.6 2404.8 0.9995923638 -0.0159791950 -0.0236602034 0.0163113922 0.9997701645 0.0139145702 0.0234324224 -0.0142948292 0.9996232390
-225.0 316.0 2398.6 0.1699433625 -0.9050567746 -0.3898608685 0.9854417443 0.1541152745 0.0717851371 -0.0048861117 -0.3963845670 0.9180715680
-272.5 40.9 2400.0 0.0659407154 -0.9027833939 -0.4250105917 0.9332451820 0.2065410018 -0.2939289808 0.3531363010 -0.3772571981 0.8561376929
56.3 320.6 2405.2 0.2004843652 0.5743122101 0.7937074304 -0.9750031829 0.1961727887 0.1043312177 -0.0957851112 -0.7947840691 0.5992858410
113.2 44.2 2378.1 -0.0090117902 0.5749366283 0.8181483150 -0.9584212303 0.2284007818 -0.1710607409 -0.2852147818 -0.7856723070 0.5489731431
-166.5 -82.1 2404.9 0.9977595806 0.0567365550 -0.0354514159 -0.0561422259 0.9982686639 0.0175418630 0.0363853015 -0.0155122392 0.9992174506
-189.1 -479.0 2411.1 0.9976907969 -0.0608558655 -0.0301594175 0.0637800172 0.9921017289 0.1080103964 0.0233481452 -0.1096845493 0.9936921597
16.8 -78.3 2411.2 0.9996348619 -0.0173082240 -0.0207514074 0.0164074842 0.9989481568 -0.0428175889 0.0214706771 0.0424614735 0.9988673925
23.7 -475.4 2394.3 0.9995895028 -0.0150341261 -0.0243882332 0.0197331496 0.9784284234 0.2056415528 0.0207704995 -0.2060384005 0.9783234596
-291.0 -221.2 2300.8 0 0 0 0 0 0 0 0 0
110.6 -229.9 2296.5 0 0 0 0 0 0 0 0 0
-170.8 -777.1 2444.1 0 0 0 0 0 0 0 0 0
28.3 -774.4 2457.3 0 0 0 0 0 0 0 0 0
-88.3 518.7 2398.0 2 0.9996960759 -0.0134111512 -0.0206860509 0.0137609914 0.9997631311 0.0168632697 0.0204549935 -0.0171428062 0.9996438026
-85.6 318.7 2401.5 0.9996960759 -0.0134111512 -0.0206860509 0.0137609914 0.9997631311 0.0168632697 0.0204549935 -0.0171428062 0.9996438026
-83.1 119.9 2404.2 0.9997100830 -0.0123922769 -0.0206431206 0.0126732541 0.9998280406 0.0135364300 0.0204718225 -0.0137941213 0.9996952415
-226.3 316.9 2398.6 0.1775337309 -0.9045004249 -0.3877637088 0.9841119647 0.1641064435 0.0677699372 0.0023365875 -0.3936343491 0.9192641377
-276.1 40.8 2397.9 0.0540535152 -0.9031122327 -0.4259888232 0.9317488670 0.1990206093 -0.3037019968 0.3590575457 -0.3804984093 0.8522315621
55.1 320.5 2404.3 0.1951891482 0.5745838284 0.7948299646 -0.9769993424 0.1848673522 0.1062842309 -0.0858689100 -0.7972939014 0.5974521041
110.5 43.3 2380.0 0.0022838847 0.5755145550 0.8177883625 -0.9551054835 0.2435322851 -0.1687172651 -0.2962571084 -0.7806888223 0.5502333045
-169.7 -80.7 2405.5 0.9983850121 0.0461559817 -0.0331207104 -0.0460450128 0.9989309311 0.0041058217 0.0332748108 -0.0025741474 0.9994429350
-188.1 -477.8 2406.5 0.9980808496 -0.0555830412 -0.0272982381 0.0585721843 0.9904475212 0.1248318031 0.0200989414 -0.1261911541 0.9918023348
13.7 -77.7 2409.8 0.9995040298 -0.0258894991 -0.0179282669 0.0250812378 0.9987198114 -0.0439281985 0.0190425944 0.0434567481 0.9988738298
24.0 -474.8 2392.5 0.9995119572 -0.0201736540 -0.0238511674 0.0247009750 0.9777979851 0.2080888450 0.0191237107 -0.2085764408 0.9778190851
-291.3 -221.0 2297.1 0 0 0 0 0 0 0 0 0
111.1 -229.8 2295.3 0 0 0 0 0 0 0 0 0
-171.3 -776.8 2444.6 0 0 0 0 0 0 0 0 0
30.1 -771.9 2455.9 0 0 0 0 0 0 0 0 0
-90.5 517.7 2398.4 3 0.9998518229 -0.0064873970 -0.0159462523 0.0067654005 0.9998250008 0.0174421221 0.0158303063 -0.0175474193 0.9997206926
-89.2 317.5 2401.9 0.9998518229 -0.0064873970 -0.0159462523 0.0067654005 0.9998250008 0.0174421221 0.0158303063 -0.0175474193 0.9997206926
-88.0 118.7 2404.5 0.9998551607 -0.0060213017 -0.0159190167 0.0062299236 0.9998949170 0.0130882580 0.0158385374 -0.0131855365 0.9997876287
-229.9 316.6 2399.7 0.1665516943 -0.9071816802 -0.3863702714 0.9859157801 0.1592492014 0.0510857031 0.0151851429 -0.3894369602 0.9209279418
-276.4 41.3 2395.5 0.0570360944 -0.9056730270 -0.4201228619 0.9361318350 0.1947701126 -0.2927827835 0.3469928503 -0.3765912056 0.8589383364
51.6 318.4 2404.1 0.1997129619 0.5719320774 0.7956182957 -0.9766043425 0.1822635531 0.1141227856 -0.0797417313 -0.7997960448 0.5949516892
108.1 41.7 2381.6 0.0003899514 0.5735737681 0.8191537857 -0.9501989484 0.2554966807 -0.1784471720 -0.3116436899 -0.7782894969 0.5451088548
-172.4 -80.0 2405.1 0.9987145066 0.0417769514 -0.0287055541 -0.0418372154 0.9991233349 -0.0015018133 0.0286176465 0.0027008431 0.9995867610
-189.0 -477.3 2404.0 0.9979537129 -0.0598135628 -0.0225999076 0.0623676553 0.9884907603 0.1378269047 0.0140958820 -0.1389543712 0.9901984334
11.1 -77.7 2408.8 0.9996964335 -0.0203963090 -0.0138196079 0.0199425537 0.9992820621 -0.0322125182 0.0144667029 0.0319271423 0.9993854761
19.2 -475.0 2396.1 0.9992519021 -0.0341174379 -0.0182104912 0.0371033475 0.9785539508 0.2026215345 0.0109070204 -0.2031456232 0.9790877700
-292.4 -221.6 2298.0 0 0 0 0 0 0 0 0 0
108.3 -228.6 2292.9 0 0 0 0 0 0 0 0 0
-171.0 -775.4 2445.9 0 0 0 0 0 0 0 0 0
29.4 -769.1 2457.2 0 0 0 0 0 0 0 0 0
-89.1 516.4 2399.1 4 0.9994463325 -0.0127953803 -0.0307132490 0.0132907946 0.9997839332 0.0159807280 0.0305021349 -0.0163800847 0.9994004965
-86.5 316.3 2402.4 0.9994463325 -0.0127953803 -0.0307132490 0.0132907946 0.9997839332 0.0159807280 0.0305021349 -0.0163800847 0.9994004965
-84.0 117.6 2404.9 0.9994505048 -0.0125816660 -0.0306666642 0.0129642850 0.9998401999 0.0123099573 0.0305068828 -0.0127007645 0.9994538426
-227.2 314.5 2398.1 0.1921703964 -0.8979031444 -0.3960309029 0.9813365936 0.1787040532 0.0710169226 0.0070060147 -0.4022869468 0.9154868126
-280.7 41.1 2396.1 0.0337470472 -0.8975900412 -0.4395375550 0.9304201603 0.1888021976 -0.3141211271 0.3649376631 -0.3983539343 0.8415073752
54.1 318.2 2406.7 0.1825094521 0.5834616423 0.7913677096 -0.9791240692 0.1811072826 0.0922835842 -0.0894785225 -0.7916897535 0.6043351293
105.5 42.7 2381.5 0.0160122663 0.5839338899 0.8116433024 -0.9530965090 0.2542899847 -0.1641451567 -0.3022426665 -0.7709460258 0.5606171489
-178.5 -80.7 2405.7 0.9987383485 0.0247777719 -0.0436776280 -0.0253815725 0.9995890260 -0.0133240335 0.0433295406 0.0144158304 0.9989567995
-188.4 -478.0 2400.0 0.9975873232 -0.0573565476 -0.0391122811 0.0625503212 0.9870100021 0.1479822695 0.0301164594 -0.1500717252 0.9882162809
5.0 -79.5 2408.6 0.9987795949 -0.0404372290 -0.0283583365 0.0395860784 0.9987668991 -0.0299595315 0.0295348484 0.0288003720 0.9991487265
21.1 -476.5 2397.2 0.9988878369 -0.0295849666 -0.0367132127 0.0361980125 0.9801259041 0.1950458586 0.0302131455 -0.1961578727 0.9801067710
-290.2 -220.2 2293.6 0 0 0 0 0 0 0 0 0
110.0 -227.8 2295.7 0 0 0 0 0 0 0 0 0
-171.2 -772.9 2444.8 0 0 0 0 0 0 0 0 0
29.9 -769.8 2455.9 0 0 0 0 0 0 0 0 0
-89.5 520.7 2398.9 5 0.9994693398 -0.0117652500 -0.0303754974 0.0121728359 0.9998378754 0.0132683851 0.0302144662 -0.0136310998 0.9994505048
-87.2 320.3 2401.7 0.9994693398 -0.0117652500 -0.0303754974 0.0121728359 0.9998378754 0.0132683851 0.0302144662 -0.0136310998 0.9994505048
-85.1 121.5 2403.5 0.9994822741 -0.0107457070 -0.0303270947 0.0110223200 0.9998990297 0.0089685880 0.0302276593 -0.0092982193 0.9994997978
-227.9 318.8 2397.4 0.1958627254 -0.8975492716 -0.3950228691 0.9805999994 0.1824813634 0.0715831146 0.0078349402 -0.4013799131 0.9158781767
-283.2 41.9 2395.2 0.0329030305 -0.8974525928 -0.4398820102 0.9330432415 0.1853430122 -0.3083477318 0.3582565188 -0.4002833664 0.8434604406
53.5 321.9 2405.9 0.1862143427 0.5847348571 0.7895627618 -0.9791989326 0.1763621122 0.1003286988 -0.0805832744 -0.7918216586 0.6054129004
106.6 42.7 2382.9 0.0154262036 0.5856325030 0.8104298711 -0.9503412843 0.2605510056 -0.1701899171 -0.3108270764 -0.7675595880 0.5605700612
-173.2 -82.4 2404.6 0.9982437491 0.0405069329 -0.0432278104 -0.0410585105 0.9990853071 -0.0119487587 0.0427042618 0.0137026431 0.9989938140
-189.3 -479.5 2399.2 0.9975341558 -0.0603614375 -0.0358068533 0.0652415231 0.9855847955 0.1560965627 0.0258684792 -0.1580477506 0.9870925546
10.2 -80.0 2410.2 0.9993013740 -0.0244984962 -0.0282241423 0.0236716587 0.9992913008 -0.0292662065 0.0289211199 0.0285776481 0.9991731048
19.9 -477.2 2398.9 0.9987928271 -0.0364435911 -0.0329355486 0.0421078317 0.9804854393 0.1920293123 0.0252945870 -0.1931843460 0.9808363914
-292.4 -220.2 2294.6 0 0 0 0 0 0 0 0 0
110.9 -226.6 2294.9 0 0 0 0 0 0 0 0 0
-171.3 -773.7 2446.4 0 0 0 0 0 0 0 0 0
30.7 -768.1 2456.2 0 0 0 0 0 0 0 0 0
-90.8 518.9 2398.4 6 0.9989886284 -0.0093955752 -0.0439704694 0.0100376699 0.9998458624 0.0144049209 0.0438283458 -0.0148317134 0.9989289641
-88.9 318.6 2401.3 0.9989886284 -0.0093955752 -0.0439704694 0.0100376699 0.9998458624 0.0144049209 0.0438283458 -0.0148317134 0.9989289641
-87.3 119.8 2403.5 0.9990013242 -0.0081258537 -0.0439358503 0.0085929874 0.9999084473 0.0104537681 0.0438468792 -0.0108208684 0.9989796877
-229.5 317.4 2395.2 0.1985185742 -0.8926123381 -0.4047635794 0.9800856709 0.1788008958 0.0863845423 -0.0047358181 -0.4138519168 0.9103319049
-284.2 47.1 2396.5 0.0311991125 -0.8925402761 -0.4498872161 0.9384700060 0.1810474247 -0.2941018939 0.3439487219 -0.4130299389 0.8432707787
51.7 319.8 2407.5 0.1888457537 0.5950253606 0.7812055349 -0.9787805080 0.1784831285 0.1006605178 -0.0795364529 -0.7836380601 0.6161049604
104.4 46.6 2385.3 0.0226002764 0.5950568318 0.8033657670 -0.9540858269 0.2529091239 -0.1604906619 -0.2986795902 -0.7628527284 0.5734511018
-174.6 -78.2 2402.6 0.9977363944 0.0359938592 -0.0568026379 -0.0365315899 0.9992967248 -0.0084564602 0.0564583093 0.0105124088 0.9983496070
-188.9 -475.5 2398.4 0.9970318675 -0.0582685880 -0.0503213145 0.0652806759 0.9863253236 0.1513300836 0.0408153944 -0.1541659236 0.9872015715
8.8 -76.2 2408.2 0.9988300800 -0.0242930073 -0.0418130271 0.0229402427 0.9992073178 -0.0325340219 0.0425702333 0.0315367617 0.9985955954
18.4 -473.5 2395.6 0.9983050227 -0.0351389237 -0.0463939272 0.0439923108 0.9775080085 0.2062589824 0.0381027162 -0.2079503536 0.9773969650
-293.0 -216.5 2299.8 0 0 0 0 0 0 0 0 0
110.8 -223.6 2300.7 0 0 0 0 0 0 0 0 0
-171.4 -772.7 2444.9 0 0 0 0 0 0 0 0 0
29.2 -772.2 2459.2 0 0 0 0 0 0 0 0 0
-91.3 519.6 2398.6 7 0.9994341135 -0.0095123388 -0.0322642587 0.0099378703 0.9998654127 0.0130543271 0.0321357399 -0.0133675775 0.9993941188
-89.4 319.3 2401.2 0.9994341135 -0.0095123388 -0.0322642587 0.0099378703 0.9998654127 0.0130543271 0.0321357399 -0.0133675775 0.9993941188
-87.8 120.5 2402.9 0.9994497299 -0.0078779170 -0.0322212055 0.0081429835 0.9999340177 0.0081035402 0.0321552418 -0.0083614569 0.9994478822
-230.1 318.1 2396.7 0.1970280260 -0.8968813419 -0.3959593475 0.9803847075 0.1823328286 0.0748368502 0.0050766128 -0.4029374421 0.9152134657
-284.8 45.6 2395.3 0.0225562658 -0.8973719478 -0.4406981170 0.9418458939 0.1669095904 -0.2916632593 0.3352871537 -0.4084908962 0.8489509225
51.2 320.4 2405.8 0.1829932481 0.5899395943 0.7864379883 -0.9812690020 0.1585910916 0.1093620136 -0.0602050759 -0.7917197347 0.6079105139
102.7 44.6 2388.9 0.0351597816 0.5897522569 0.8068184853 -0.9509485960 0.2680208683 -0.1544718742 -0.3073443174 -0.7618117332 0.5702476501
-177.3 -79.7 2401.6 0.9984878898 0.0321804620 -0.0445679687 -0.0320011638 0.9994766116 0.0047308444 0.0446968824 -0.0032974640 0.9989951253
-190.1 -477.1 2402.9 0.9972839952 -0.0618483685 -0.0399920940 0.0667231008 0.9885970354 0.1349958479 0.0311867930 -0.1372976005 0.9900387526
6.0 -78.2 2409.7 0.9989577532 -0.0342992097 -0.0301152244 0.0332392603 0.9988337755 -0.0350185521 0.0312812105 0.0339810476 0.9989328384
19.6 -475.3 2396.1 0.9986932278 -0.0347997993 -0.0374273062 0.0417340472 0.9780302644 0.2042426914 0.0294974335 -0.2055377811 0.9782045484
-291.2 -219.0 2301.1 0 0 0 0 0 0 0 0 0
112.6 -224.6 2301.8 0 0 0 0 0 0 0 0 0
-171.7 -771.9 2443.9 0 0 0 0 0 0 0 0 0
30.1 -769.2 2457.9 0 0 0 0 0 0 0 0 0
-91.8 518.2 2398.2 8 0.9995906949 -0.0083599677 -0.0273606423 0.0086781513 0.9998958707 0.0115312235 0.0272613931 -0.0117639434 0.9995591044
-90.2 318.1 2400.5 0.9995906949 -0.0083599677 -0.0273606423 0.0086781513 0.9998958707 0.0115312235 0.0272613931 -0.0117639434 0.9995591044
-88.6 119.3 2402.3 0.9995962977 -0.0077350521 -0.0273392685 0.0079803737 0.9999287724 0.0088755209 0.0272686686 -0.0090901153 0.9995868206
-230.8 316.9 2396.7 0.1955256909 -0.8985430002 -0.3929252028 0.9806404114 0.1834982634 0.0683573335 0.0106790829 -0.3986839354 0.9170262218
-284.9 46.0 2393.7 0.0258056559 -0.8990679383 -0.4370479286 0.9417428374 0.1685223430 -0.2910681665 0.3353424072 -0.4040755332 0.8510396481
50.5 319.2 2404.4 0.1871082932 0.5861399174 0.7883086205 -0.9807112813 0.1576400697 0.1155639663 -0.0565323681 -0.7947261333 0.6043297648
102.8 45.4 2388.6 0.0266804677 0.5868736506 0.8092388511 -0.9501485229 0.2664604485 -0.1619153619 -0.3106539845 -0.7645770907 0.5647264123
-178.0 -79.1 2401.6 0.9988211393 0.0276829489 -0.0398743413 -0.0277319737 0.9996151924 -0.0006767999 0.0398402587 0.0017817962 0.9992044568
-189.0 -476.5 2400.9 0.9976893663 -0.0578194372 -0.0356765166 0.0621970259 0.9885945320 0.1371582896 0.0273391940 -0.1390603334 0.9899064302
5.4 -77.6 2407.5 0.9988114834 -0.0414729118 -0.0256061442 0.0408430882 0.9988614917 -0.0246484112 0.0265992321 0.0235732812 0.9993681908
21.9 -474.7 2398.2 0.9990418553 -0.0275863837 -0.0339763872 0.0336172767 0.9807891250 0.1921523362 0.0280228835 -0.1931104213 0.9807767868
-292.1 -218.6 2299.5 0 0 0 0 0 0 0 0 0
110.3 -223.6 2300.6 0 0 0 0 0 0 0 0 0
-171.7 -772.3 2442.5 0 0 0 0 0 0 0 0 0
30.2 -770.8 2456.5 0 0 0 0 0 0 0 0 0
-91.8 516.2 2398.5 9 0.9995878935 -0.0070039337 -0.0278389715 0.0072566811 0.9999333024 0.0089882649 0.0277741607 -0.0091865798 0.9995720387
-90.4 316.0 2400.3 0.9995878935 -0.0070039337 -0.0278389715 0.0072566811 0.9999333024 0.0089882649 0.0277741607 -0.0091865798 0.9995720387
-89.2 117.2 2401.6 0.9995924830 -0.0063901599 -0.0278216600 0.0065707262 0.9999579191 0.0064035528 0.0277795698 -0.0065837516 0.9995923638
-231.1 315.1 2396.4 0.1948786825 -0.8980070353 -0.3944688141 0.9806441069 0.1861637086 0.0606646352 0.0189585108 -0.3986557722 0.9169046283
-284.8 45.1 2391.2 0.0239385907 -0.8989398479 -0.4374174774 0.9462968707 0.1614846885 -0.2800802588 0.3224115372 -0.4072220623 0.8545296788
50.3 316.9 2404.2 0.1821059883 0.5888822079 0.7874357700 -0.9821418524 0.1474377811 0.1168735623 -0.0472730286 -0.7946570516 0.6052151918
100.7 44.8 2391.1 0.0384502783 0.5891823173 0.8070847392 -0.9466671944 0.2800550461 -0.1593437046 -0.3199106455 -0.7579138279 0.5685277581
-178.8 -80.3 2401.6 0.9988485575 0.0260234997 -0.0403035879 -0.0260746162 0.9996597171 -0.0007430554 0.0402705334 0.0017931004 0.9991872311
-189.1 -477.7 2400.9 0.9976398945 -0.0583036840 -0.0362681411 0.0628128052 0.9882889986 0.1390661299 0.0277353376 -0.1410160065 0.9896187186
4.6 -78.8 2406.6 0.9990215898 -0.0353495702 -0.0265764594 0.0349488407 0.9992704988 -0.0153946858 0.0271012690 0.0144508062 0.9995282292
18.7 -476.1 2400.9 0.9987995028 -0.0360141769 -0.0332040302 0.0416310988 0.9812969565 0.1879445612 0.0258143451 -0.1891012490 0.9816182256
-291.5 -220.8 2300.6 0 0 0 0 0 0 0 0 0
111.6 -223.1 2300.6 0 0 0 0 0 0 0 0 0
-171.7 -773.9 2443.2 0 0 0 0 0 0 0 0 0
29.6 -773.7 2458.3 0 0 0 0 0 0 0 0 0
-92.6 514.4 2398.1 0 0.9989721179 -0.0144339167 -0.0429692343 0.0148273632 0.9998508692 0.0088518839 0.0428350605 -0.0094799055 0.9990372062
-89.7 314.4 2400.0 0.9989721179 -0.0144339167 -0.0429692343 0.0148273632 0.9998508692 0.0088518839 0.0428350605 -0.0094799055 0.9990372062
-87.0 115.6 2401.4 0.9989867806 -0.0135080023 -0.0429300554 0.0137800733 0.9998867512 0.0060479208 0.0428434983 -0.0066333725 0.9990597963
-230.3 312.5 2394.0 0.1982599497 -0.8916589022 -0.4069857001 0.9799966812 0.1876636595 0.0662483126 0.0173055269 -0.4119790494 0.9110289812
-284.8 42.9 2389.2 0.0180594400 -0.8923755288 -0.4509320557 0.9435115457 0.1644486636 -0.2876501381 0.3308471441 -0.4202648103 0.8449364901
50.9 316.4 2406.1 0.1777359545 0.5993840694 0.7804797292 -0.9824584723 0.1535631120 0.1058001965 -0.0564379394 -0.7855934501 0.6161636710
100.6 41.6 2390.3 0.0408791527 0.5992305875 0.7995321155 -0.9459533095 0.2808637619 -0.1621353030 -0.3217160106 -0.7496921420 0.5783256292
-179.6 -82.2 2400.4 0.9981662631 0.0246315598 -0.0552935936 -0.0245847404 0.9996966124 0.0015269120 0.0553144254 -0.0001647334 0.9984689951
-189.4 -479.7 2400.5 0.9967481494 -0.0621969365 -0.0512315929 0.0689834133 0.9872298241 0.1435914636 0.0416464098 -0.1466586441 0.9883100986
3.8 -81.0 2405.5 0.9983608723 -0.0392228439 -0.0416790992 0.0387527682 0.9991764426 -0.0120274555 0.0421165228 0.0103925606 0.9990586638
19.4 -478.2 2401.4 0.9983104467 -0.0316130407 -0.0487528145 0.0403582677 0.9808809757 0.1903777719 0.0418022871 -0.1920237094 0.9804996252
-289.9 -222.1 2296.3 0 0 0 0 0 0 0 0 0
112.2 -226.1 2299.2 0 0 0 0 0 0 0 0 0
-170.7 -777.0 2444.6 0 0 0 0 0 0 0 0 0
29.0 -776.1 2459.7 0 0 0 0 0 0 0 0 0
-93.8 515.1 2398.5 1 0.9988957047 -0.0143748689 -0.0447290204 0.0147935627 0.9998496771 0.0090437541 0.0445922948 -0.0096954694 0.9989582300
-91.0 315.0 2400.4 0.9988957047 -0.0143748689 -0.0447290204 0.0147935627 0.9998496771 0.0090437541 0.0445922948 -0.0096954694 0.9989582300
-88.1 116.2 2401.9 0.9988948703 -0.0145381046 -0.0446955748 0.0148534067 0.9998670220 0.0067304391 0.0445917845 -0.0073868828 0.9989779592
-231.5 312.9 2394.1 0.1967424154 -0.8909341097 -0.4093028605 0.9802445173 0.1873938143 0.0632786602 0.0203237087 -0.4136664867 0.9102016091
-286.4 39.3 2388.4 0.0149449538 -0.8918144107 -0.4521545470 0.9465153217 0.1583857387 -0.2811097503 0.3223125637 -0.4237700403 0.8464830518
49.6 317.1 2406.7 0.1857916266 0.5990933180 0.7788251638 -0.9807330370 0.1617610157 0.1095265672 -0.0603669174 -0.7841687202 0.6176044345
102.3 39.1 2389.6 0.0328618437 0.5992968678 0.7998520732 -0.9477606416 0.2727408707 -0.1654150784 -0.3172850907 -0.7526324987 0.5769527555
-176.0 -84.4 2398.8 0.9978148937 0.0337850153 -0.0567806959 -0.0331725068 0.9993811846 0.0116956737 0.0571406968 -0.0097865593 0.9983181953
-189.4 -481.7 2402.6 0.9967180490 -0.0618882775 -0.0521825179 0.0684362650 0.9885051847 0.1348109990 0.0432394668 -0.1379397362 0.9894963503
7.3 -81.9 2406.6 0.9987260103 -0.0261240173 -0.0431734808 0.0253256299 0.9994998574 -0.0189372562 0.0436466075 0.0178197343 0.9988880754
17.7 -479.2 2399.5 0.9979866147 -0.0418304354 -0.0476753563 0.0501782484 0.9804807901 0.1901041418 0.0387926325 -0.1921136528 0.9806056619
-290.6 -226.6 2297.9 0 0 0 0 0 0 0 0 0
111.6 -229.2 2299.8 0 0 0 0 0 0 0 0 0
-171.1 -774.4 2443.5 0 0 0 0 0 0 0 0 0
30.2 -772.1 2456.9 0 0 0 0 0 0 0 0 0
-94.3 515.6 2398.1 2 0.9986429214 -0.0166946910 -0.0493317842 0.0171118658 0.9998211861 0.0080462648 0.0491886325 -0.0088795042 0.9987500310
-91.0 315.4 2399.9 0.9986429214 -0.0166946910 -0.0493317842 0.0171118658 0.9998211861 0.0080462648 0.0491886325 -0.0088795042 0.9987500310
-88.0 116.6 2401.4 0.9986688495 -0.0151304966 -0.0493113995 0.0154825691 0.9998572469 0.0067656259 0.0492019951 -0.0075200871 0.9987605214
-231.5 313.2 2393.0 0.1951719820 -0.8901492357 -0.4117550254 0.9807106256 0.1817098558 0.0720290989 0.0107032964 -0.4178705812 0.9084435105
-285.8 40.3 2390.0 0.0155768394 -0.8906109333 -0.4544991553 0.9434220195 0.1636707783 -0.2883865535 0.3312284648 -0.4242923558 0.8427714705
49.6 317.6 2406.8 0.1887582541 0.6013172269 0.7763941884 -0.9797726870 0.1688152850 0.1074565500 -0.0664517358 -0.7809730768 0.6210194826
102.7 42.0 2388.1 0.0316966325 0.6010207534 0.7986046076 -0.9524793625 0.2603434026 -0.1581275612 -0.3029493988 -0.7556423545 0.5807119012
-176.8 -84.0 2399.3 0.9974888563 0.0357390009 -0.0611450486 -0.0346356109 0.9992191792 0.0190115031 0.0617767535 -0.0168459676 0.9979478121
-191.0 -481.2 2405.9 0.9961049557 -0.0670935139 -0.0572130606 0.0735808685 0.9900354147 0.1200654879 0.0485873409 -0.1238076165 0.9911159873
6.5 -81.2 2407.4 0.9985975623 -0.0233477913 -0.0475162156 0.0219792835 0.9993341565 -0.0291224364 0.0481645241 0.0280372221 0.9984458685
15.8 -478.5 2396.3 0.9976165295 -0.0458457507 -0.0515690781 0.0552065261 0.9786580801 0.1979408860 0.0413937457 -0.2003160566 0.9788565040
-290.2 -224.7 2296.9 0 0 0 0 0 0 0 0 0
111.6 -227.5 2302.4 0 0 0 0 0 0 0 0 0
-171.4 -771.6 2442.3 0 0 0 0 0 0 0 0 0
29.4 -770.6 2456.1 0 0 0 0 0 0 0 0 0
-95.1 517.0 2397.9 3 0.9981163144 -0.0205193032 -0.0578170978 0.0209097788 0.9997624159 0.0061567067 0.0576770306 -0.0073540523 0.9983081818
-91.0 316.8 2399.4 0.9981163144 -0.0205193032 -0.0578170978 0.0209097788 0.9997624159 0.0061567067 0.0576770306 -0.0073540523 0.9983081818
-86.8 118.1 2400.5 0.9981109500 -0.0208820831 -0.0577795804 0.0211682376 0.9997664690 0.0043448322 0.0576753616 -0.0055597164 0.9983199239
-231.4 313.9 2391.3 0.1939547062 -0.8873715401 -0.4182742834 0.9809804559 0.1787705421 0.0756199881 0.0076720999 -0.4249857664 0.9051675200
-285.4 40.8 2389.2 0.0161700882 -0.8877304792 -0.4600794613 0.9448562264 0.1640915722 -0.2834090590 0.3270860314 -0.4301261902 0.8414310217
49.5 319.8 2407.5 0.1953051239 0.6064302325 0.7707777023 -0.9782632589 0.1763061881 0.1091656163 -0.0696915537 -0.7753441334 0.6276819110
104.9 42.2 2387.8 0.0130042844 0.6072161794 0.7944302559 -0.9522385001 0.2499248981 -0.1754405349 -0.3050782382 -0.7542055845 0.5814647079
-176.6 -83.6 2398.4 0.9969280362 0.0353719778 -0.0698803440 -0.0347348563 0.9993433356 0.0103118382 0.0701992065 -0.0078528766 0.9975020885
