-372.0 542.6 2435.4 1 0.9903186560 0.0925306082 -0.1034748480 -0.0822719559 0.9916439056 0.0993667245 0.1118046641 -0.0898916423 0.9896560907
-390.8 341.4 2453.6 0.9903186560 0.0925306082 -0.1034748480 -0.0822719559 0.9916439056 0.0993667245 0.1118046641 -0.0898916423 0.9896560907
-408.5 147.0 2469.2 0.9904087186 0.0904750526 -0.1044262499 -0.0812954456 0.9927039146 0.0890505910 0.1117212027 -0.0797071010 0.9905378222
-531.9 353.0 2437.7 0.1978449821 -0.9178889990 -0.3440017104 0.9795065522 0.1986355931 0.0333284587 0.0377391540 -0.3435457945 0.9383773208
-584.5 92.5 2427.7 -0.0704392642 -0.9199865460 -0.3855684400 0.9700111151 0.0269687753 -0.2415596545 0.2326299548 -0.3910209835 0.8904975653
-249.7 329.8 2469.5 0.0845201239 0.9821030498 0.1683149636 -0.9756429791 0.0472515263 0.2142150402 0.2024281025 -0.1823208034 0.9621756673
-229.0 90.6 2519.2 0.0300514922 0.9816574454 0.1882697940 -0.9583823085 0.0817965493 -0.2735190392 -0.2839018404 -0.1722147763 0.9432612658
-513.6 -42.8 2473.9 0.7271705866 -0.0112813078 -0.6863641143 0.0513831601 0.9979544282 0.0380353369 0.6845310330 -0.0629257336 0.7262628078
-509.2 -433.7 2498.5 0.7299752235 0.0244452190 -0.6830363274 -0.0757106766 0.9961019158 -0.0452640429 0.6792673469 0.0847547725 0.7289804816
-334.5 -56.4 2492.5 0.9969404936 -0.0499807596 -0.0600959249 0.0550662652 0.9947565794 0.0861805677 0.0554734468 -0.0892261565 0.9944653511
-314.9 -446.1 2527.4 0.9963483214 0.0646171123 -0.0558095835 -0.0644615963 0.9979096651 0.0045841471 0.0559891351 -0.0009698325 0.9984309077
-564.9 -177.1 2363.0 0 0 0 0 0 0 0 0 0
-221.2 -155.8 2446.2 0 0 0 0 0 0 0 0 0
-516.9 -746.3 2471.9 0 0 0 0 0 0 0 0 0
-335.3 -761.5 2527.7 0 0 0 0 0 0 0 0 0
-372.6 539.2 2432.8 2 0.9920089245 0.0867503285 -0.0916116387 -0.0772002563 0.9916713238 0.1030925214 0.0997919440 -0.0951962620 0.9904439449
-390.2 338.4 2452.1 0.9920089245 0.0867503285 -0.0916116387 -0.0772002563 0.9916713238 0.1030925214 0.0997919440 -0.0951962620 0.9904439449
-406.7 143.9 2468.6 0.9921383858 0.0842089802 -0.0925756469 -0.0756971911 0.9928866625 0.0919020101 0.0996560976 -0.0841717944 0.9914553761
-531.6 349.1 2437.9 0.2052923590 -0.9200516939 -0.3337064385 0.9777598977 0.2077514231 0.0287216473 0.0429025851 -0.3321810961 0.9422394037
-585.4 92.9 2426.7 -0.0705931932 -0.9241049290 -0.3755618036 0.9739452004 0.0174911451 -0.2261080742 0.2155165970 -0.3817382753 0.8987928033
-248.8 327.6 2466.3 0.0824597552 0.9806017876 0.1778216064 -0.9716959000 0.0394744165 0.2329138666 0.2213763446 -0.1919945478 0.9561017752
-228.9 92.9 2519.8 0.0305074267 0.9802399278 0.1954456717 -0.9588510394 0.0839197785 -0.2712233663 -0.2822657228 -0.1791289747 0.9424642324
-515.7 -40.0 2474.7 0.7354142666 -0.0098754587 -0.6775458455 0.0521977246 0.9977483749 0.0421133563 0.6756044030 -0.0663371161 0.7342738509
-511.9 -430.9 2500.7 0.7389530540 0.0175539646 -0.6735281944 -0.0720277354 0.9959899783 -0.0530661456 0.6698957682 0.0877261013 0.7372542024
-336.7 -54.7 2494.9 0.9971302748 -0.0586494580 -0.0478689335 0.0625192150 0.9945187569 0.0838083178 0.0426912382 -0.0865605399 0.9953314662
-313.8 -444.3 2528.8 0.9970778823 0.0634586439 -0.0425293818 -0.0636820644 0.9979625344 -0.0039180126 0.0421940982 0.0066149225 0.9990875125
-565.7 -177.8 2366.8 0 0 0 0 0 0 0 0 0
-221.1 -153.6 2447.2 0 0 0 0 0 0 0 0 0
-517.4 -746.6 2472.9 0 0 0 0 0 0 0 0 0
-334.0 -762.7 2526.7 0 0 0 0 0 0 0 0 0
-373.5 538.7 2431.1 3 0.9798592925 0.0807908252 -0.1826160848 -0.0598327704 0.9912685752 0.1175017431 0.1905146539 -0.1042087451 0.9761376381
-389.9 337.6 2452.2 0.9798592925 0.0807908252 -0.1826160848 -0.0598327704 0.9912685752 0.1175017431 0.1905146539 -0.1042087451 0.9761376381
-404.8 143.2 2470.2 0.9800651073 0.0757544711 -0.1836671233 -0.0572237372 0.9929108620 0.1041800454 0.1902571917 -0.0915931091 0.9774522781
-528.9 345.7 2425.2 0.2043716908 -0.8903936148 -0.4067326188 0.9788398743 0.1815407127 0.0944218859 -0.0102341138 -0.4174232483 0.9086545706
-582.7 88.2 2427.9 -0.0707606748 -0.8894684315 -0.4514851272 0.9709711671 0.0422592871 -0.2354338467 0.2284904271 -0.4550384879 0.8606579304
-250.8 329.6 2479.2 0.0900973752 0.9916405678 0.0923659801 -0.9806956053 0.0721755177 0.1817328483 0.1735470891 -0.1069565564 0.9790003300
-228.9 91.6 2521.3 0.0312060099 0.9918982983 0.1231421083 -0.9572589993 0.0651023462 -0.2818099558 -0.2875436246 -0.1090847254 0.9515351653
-512.8 -43.7 2476.1 0.6704270244 -0.0074828109 -0.7419377565 0.0508075804 0.9980649948 0.0358445756 0.7402338386 -0.0617272332 0.6695099473
-509.9 -434.7 2500.2 0.6729913950 0.0225005038 -0.7393079996 -0.0759092644 0.9963604808 -0.0387763530 0.7357447743 0.0822164789 0.6722499728
-333.5 -57.4 2494.1 0.9889336824 -0.0535371043 -0.1383617818 0.0650572553 0.9946596026 0.0801241025 0.1333332658 -0.0882388577 0.9871353507
-312.5 -447.0 2528.6 0.9885990024 0.0688310862 -0.1339187920 -0.0688217655 0.9976179004 0.0047042798 0.1339235753 0.0045658811 0.9909811616
-563.0 -181.7 2364.4 0 0 0 0 0 0 0 0 0
-220.9 -154.5 2447.4 0 0 0 0 0 0 0 0 0
-517.0 -747.2 2474.5 0 0 0 0 0 0 0 0 0
-334.2 -761.6 2527.2 0 0 0 0 0 0 0 0 0
-373.6 536.7 2430.7 4 0.9786369801 0.0760486200 -0.1910137236 -0.0542171635 0.9916472435 0.1170307770 0.1983182579 -0.1041744277 0.9745858312
-389.0 335.6 2451.8 0.9786369801 0.0760486200 -0.1910137236 -0.0542171635 0.9916472435 0.1170307770 0.1983182579 -0.1041744277 0.9745858312
-402.9 141.1 2470.1 0.9788808823 0.0705147609 -0.1918850392 -0.0509142652 0.9931435585 0.1052311361 0.1979897469 -0.0932390690 0.9757594466
-528.2 342.8 2423.6 0.2024130821 -0.8875077367 -0.4139552116 0.9792365432 0.1786074638 0.0958914906 -0.0111689493 -0.4247697592 0.9052324891
-581.3 85.9 2426.6 -0.0705230758 -0.8862692714 -0.4577698708 0.9706373215 0.0448326319 -0.2363329679 0.2299776822 -0.4609954357 0.8570842743
-249.8 328.4 2479.9 0.0861000121 0.9927417040 0.0839681029 -0.9809906483 0.0697646514 0.1810808927 0.1739085615 -0.0979629830 0.9798770547
-229.0 90.8 2522.1 0.0315350294 0.9929887652 0.1139246747 -0.9565990567 0.0630210787 -0.2845112085 -0.2896960974 -0.1000081673 0.9518795013
-507.9 -46.1 2471.1 0.6643364429 0.0082955742 -0.7473876476 0.0549214184 0.9966934919 0.0598811656 0.7454131246 -0.0808288306 0.6616841555
-511.1 -436.4 2502.7 0.6681112647 0.0192179643 -0.7438131571 -0.0836961642 0.9952629209 -0.0494632609 0.7393390536 0.0953012705 0.6665548682
-331.5 -56.4 2505.3 0.9881992340 -0.0496796817 -0.1448937505 0.0577093288 0.9969913363 0.0517489687 0.1418869495 -0.0595000125 0.9880930185
-312.0 -446.7 2528.6 0.9868527055 0.0762799829 -0.1424891204 -0.0761409029 0.9970762730 0.0064363154 0.1425634921 0.0044975560 0.9897754192
-561.7 -183.9 2362.6 0 0 0 0 0 0 0 0 0
-220.9 -155.1 2447.6 0 0 0 0 0 0 0 0 0
-517.1 -744.6 2473.2 0 0 0 0 0 0 0 0 0
-336.1 -761.4 2527.2 0 0 0 0 0 0 0 0 0
-373.5 538.5 2430.0 5 0.9679855704 0.0804397166 -0.2377675921 -0.0525524132 0.9912126064 0.1213911623 0.2454429120 -0.1050096303 0.9637067914
-389.8 337.5 2451.3 0.9679855704 0.0804397166 -0.2377675921 -0.0525524132 0.9912126064 0.1213911623 0.2454429120 -0.1050096303 0.9637067914
-404.5 143.1 2469.8 0.9681991339 0.0751171634 -0.2386374176 -0.0498283245 0.9926487207 0.1102979407 0.2451684028 -0.0948994756 0.9648246169
-527.5 344.6 2416.4 0.2052693069 -0.8688305020 -0.4505530298 0.9778394103 0.1627002805 0.1317524016 -0.0411654077 -0.4676132202 0.8829740882
-582.0 85.1 2427.3 -0.0733393654 -0.8660828471 -0.4944914579 0.9697830677 0.0537510514 -0.2379740626 0.2326846868 -0.4970023036 0.8359704018
-252.1 330.5 2486.1 0.0967436954 0.9945121408 0.0398279801 -0.9844481349 0.0897159129 0.1510392874 0.1466372013 -0.0538206846 0.9877250791
-228.3 88.2 2522.2 0.0222112313 0.9966853857 0.0782618001 -0.9539768100 0.0445454568 -0.2965534329 -0.2990566790 -0.0680731311 0.9518041611
-505.0 -48.8 2470.5 0.6276100874 0.0169576369 -0.7783431411 0.0544434004 0.9963591695 0.0656074658 0.7766218781 -0.0835515559 0.6244018078
-511.7 -439.1 2503.3 0.6314510107 0.0176980998 -0.7752137780 -0.0871144980 0.9950295091 -0.0482426956 0.7705067992 0.0979952589 0.6298541427
-328.4 -58.0 2506.2 0.9805179238 -0.0426161811 -0.1917511076 0.0520621501 0.9976521730 0.0444938503 0.1894047558 -0.0536099933 0.9804344773
-311.7 -448.7 2527.2 0.9783476591 0.0810048208 -0.1904574633 -0.0794072449 0.9967135787 0.0160177853 0.1911290437 -0.0005472609 0.9815647602
-561.6 -184.5 2362.6 0 0 0 0 0 0 0 0 0
-222.6 -157.0 2445.3 0 0 0 0 0 0 0 0 0
-517.1 -745.6 2473.1 0 0 0 0 0 0 0 0 0
-337.1 -760.5 2527.4 0 0 0 0 0 0 0 0 0
-372.8 536.9 2430.6 6 0.9776987433 0.0819969699 -0.1933434308 -0.0603173114 0.9914775491 0.1154732406 0.2011641264 -0.1012360826 0.9743121862
-389.4 336.3 2451.1 0.9776987433 0.0819969699 -0.1933434308 -0.0603173114 0.9914775491 0.1154732406 0.2011641264 -0.1012360826 0.9743121862
-404.9 141.9 2469.0 0.9777855873 0.0789609700 -0.1941661090 -0.0592464656 0.9926706553 0.1053319499 0.2010601163 -0.0914884061 0.9752972126
-528.5 344.7 2422.5 0.2059358805 -0.8865478635 -0.4142744541 0.9783536792 0.1777223051 0.1060137451 -0.0203604493 -0.4271389544 0.9039567113
-582.2 89.5 2427.8 -0.0643556118 -0.8857445717 -0.4596900344 0.9708073735 0.0510916337 -0.2343558371 0.2310657203 -0.4613525867 0.8565993309
-250.4 327.9 2479.7 0.0877111405 0.9927411675 0.0822903514 -0.9815908074 0.0720641091 0.1768790931 0.1696649790 -0.0962897241 0.9807864428
-229.0 88.4 2521.1 0.0205624420 0.9933916330 0.1129169464 -0.9577649236 0.0519722290 -0.2828166187 -0.2868162096 -0.1023324952 0.9525043368
-506.6 -46.8 2466.3 0.6626288891 0.0110841589 -0.7488658428 0.0659952983 0.9951368570 0.0731247738 0.7460345626 -0.0978762135 0.6586749554
-510.9 -436.6 2504.6 0.6670710444 0.0249178596 -0.7445772886 -0.0922977552 0.9945048690 -0.0494082011 0.7392545938 0.1016815901 0.6657052636
-332.0 -55.8 2510.5 0.9877854586 -0.0514692925 -0.1470742077 0.0574744530 0.9976657629 0.0368744433 0.1448329985 -0.0448770486 0.9884378910
-311.8 -446.5 2528.1 0.9861525297 0.0796752498 -0.1454477608 -0.0795570016 0.9968082309 0.0066388743 0.1455124766 0.0050244443 0.9893436432
-564.3 -180.4 2363.6 0 0 0 0 0 0 0 0 0
-223.7 -157.8 2447.4 0 0 0 0 0 0 0 0 0
-518.7 -745.9 2473.0 0 0 0 0 0 0 0 0 0
-336.8 -759.5 2526.5 0 0 0 0 0 0 0 0 0
-373.4 536.6 2430.0 7 0.9843025208 0.0808840171 -0.1568638831 -0.0637629330 0.9917426109 0.1112691537 0.1645684838 -0.0995204076 0.9813321829
-389.8 335.8 2450.1 0.9843025208 0.0808840171 -0.1568638831 -0.0637629330 0.9917426109 0.1112691537 0.1645684838 -0.0995204076 0.9813321829
-404.8 141.3 2468.0 0.9845221043 0.0767903551 -0.1575420350 -0.0609995835 0.9928367734 0.1027335301 0.1643024683 -0.0915334374 0.9821539521
-529.9 344.4 2426.7 0.2008953243 -0.9004159570 -0.3858654499 0.9796084762 0.1858097464 0.0764326230 0.0028764091 -0.3933520317 0.9193834066
-582.0 90.3 2426.0 -0.0629744902 -0.9008114934 -0.4296194911 0.9702866673 0.0455053225 -0.2376405746 0.2336193323 -0.4318193495 0.8711796999
-249.7 327.1 2473.5 0.0861501992 0.9893761873 0.1171023399 -0.9788395762 0.0621572360 0.1949605495 0.1856105626 -0.1314202994 0.9737953544
-228.6 87.6 2518.9 0.0179607179 0.9894623160 0.1436724961 -0.9582493305 0.0580479167 -0.2799796760 -0.2853692174 -0.1326454431 0.9491941929
-508.6 -47.2 2468.8 0.6900671124 0.0116737122 -0.7236512303 0.0636883676 0.9950115681 0.0767838508 0.7209377289 -0.0990741774 0.6858812571
-513.2 -436.9 2507.7 0.6958867311 0.0179616418 -0.7179269195 -0.0935458988 0.9934369326 -0.0658194944 0.7120329142 0.1129620299 0.6929997802
-332.2 -57.9 2505.1 0.9924370050 -0.0537470095 -0.1103631631 0.0584132746 0.9975110888 0.0394901671 0.1079660058 -0.0456381775 0.9931064844
-311.2 -448.6 2523.0 0.9908154607 0.0796982348 -0.1092377827 -0.0780792087 0.9967656136 0.0190261621 0.1104008108 -0.0103222169 0.9938335419
-564.5 -179.4 2361.0 0 0 0 0 0 0 0 0 0
-224.0 -158.7 2445.5 0 0 0 0 0 0 0 0 0
-518.8 -746.8 2472.4 0 0 0 0 0 0 0 0 0
-336.1 -760.6 2526.2 0 0 0 0 0 0 0 0 0
-373.2 536.5 2429.1 8 0.9828630686 0.0788768977 -0.1666090339 -0.0601920709 0.9916132092 0.1143684238 0.1742327362 -0.1023799628 0.9793677926
-389.1 335.5 2449.9 0.9828630686 0.0788768977 -0.1666090339 -0.0601920709 0.9916132092 0.1143684238 0.1742327362 -0.1023799628 0.9793677926
-403.9 141.1 2468.1 0.9830285311 0.0750861838 -0.1673828363 -0.0580600277 0.9928397536 0.1043947265 0.1740229279 -0.0929047391 0.9803493023
-529.1 343.8 2425.1 0.1953638196 -0.8977977633 -0.3947052062 0.9807307720 0.1787244976 0.0788965300 -0.0002896426 -0.4025130570 0.9154142141
-580.2 87.5 2425.2 -0.0584823042 -0.8981003761 -0.4358847439 0.9720039368 0.0483069718 -0.2299450636 0.2275700271 -0.4371294081 0.8701320291
-249.2 327.3 2474.6 0.0840868205 0.9906269908 0.1076453701 -0.9796148539 0.0624031052 0.1909464300 0.1824392825 -0.1215070784 0.9756802320
-228.7 88.4 2519.1 0.0254009571 0.9905969501 0.1344340146 -0.9555746913 0.0635621622 -0.2878138423 -0.2936524451 -0.1211510003 0.9482039213
-508.7 -47.6 2471.1 0.6827262640 0.0035483816 -0.7306656241 0.0513651371 0.9972811937 0.0528382100 0.7288665771 -0.0736047700 0.6806877851
-510.1 -438.1 2500.0 0.6855911016 0.0242742766 -0.7275819778 -0.0818253756 0.9956800342 -0.0438841768 0.7233736515 0.0896212757 0.6846156716
-331.1 -58.6 2500.8 0.9914935231 -0.0477129817 -0.1210952252 0.0552336127 0.9966974854 0.0595264062 0.1178551242 -0.0657085702 0.9908544421
-312.4 -449.0 2526.5 0.9902424216 0.0732238814 -0.1185670868 -0.0725753605 0.9973149300 0.0097840289 0.1189651564 -0.0010835110 0.9928978682
-563.9 -182.7 2361.9 0 0 0 0 0 0 0 0 0
-222.1 -157.3 2443.6 0 0 0 0 0 0 0 0 0
-517.6 -746.6 2472.2 0 0 0 0 0 0 0 0 0
-335.2 -759.6 2526.9 0 0 0 0 0 0 0 0 0
-375.7 537.5 2437.2 9 0.9803526402 0.0731093884 -0.1832038909 -0.0561550595 0.9937877059 0.0960866585 0.1890906096 -0.0839109868 0.9783678651
-390.6 334.9 2454.3 0.9803526402 0.0731093884 -0.1832038909 -0.0561550595 0.9937877059 0.0960866585 0.1890906096 -0.0839109868 0.9783678651
-405.0 140.2 2469.6 0.9802535176 0.0733704716 -0.1836296469 -0.0575009622 0.9942525029 0.0903081670 0.1892001927 -0.0779660121 0.9788383842
-530.2 343.1 2427.3 0.1889045835 -0.8930270672 -0.4084332287 0.9819696546 0.1747982502 0.0719799325 0.0071133859 -0.4146663845 0.9099457264
-580.0 84.7 2425.5 -0.0605367497 -0.8925553560 -0.4468559623 0.9704310894 0.0521705188 -0.2356728464 0.2336637676 -0.4479098022 0.8630052209
-251.0 326.7 2481.2 0.0926186070 0.9913635850 0.0928444043 -0.9842686653 0.0770663843 0.1589841247 0.1504558772 -0.1061087251 0.9829058647
-228.6 88.3 2517.7 0.0281928442 0.9919109344 0.1237653419 -0.9573029280 0.0624287575 -0.2822654247 -0.2877086699 -0.1105230600 0.9513192773
-507.4 -48.2 2470.5 0.6706594229 0.0051450566 -0.7417476177 0.0547310784 0.9969069362 0.0564006604 0.7397435308 -0.0784222782 0.6683034301
-509.4 -438.6 2501.3 0.6733452082 0.0307060182 -0.7386903167 -0.0908308923 0.9950039387 -0.0414354131 0.7337274551 0.0949962363 0.6727702022
-329.8 -58.6 2502.0 0.9894936681 -0.0415494442 -0.1384772956 0.0515598841 0.9962484241 0.0695031732 0.1350699663 -0.0759128258 0.9879237413
-313.5 -448.8 2531.7 0.9882224798 0.0723588094 -0.1348351687 -0.0741119161 0.9972176552 -0.0080214860 0.1338795871 0.0179199055 0.9908355474
-563.1 -185.1 2360.5 0 0 0 0 0 0 0 0 0
-221.3 -157.8 2443.7 0 0 0 0 0 0 0 0 0
-518.8 -745.5 2472.0 0 0 0 0 0 0 0 0 0
-336.2 -760.8 2526.1 0 0 0 0 0 0 0 0 0
-374.0 540.0 2434.2 0 0.9876572490 0.0852110684 -0.1314239055 -0.0722858980 0.9923410416 0.1001701131 0.1389529258 -0.0894336402 0.9862523675
-391.3 338.4 2452.4 0.9876572490 0.0852110684 -0.1314239055 -0.0722858980 0.9923410416 0.1001701131 0.1389529258 -0.0894336402 0.9862523675
-407.7 143.9 2468.2 0.9876498580 0.0840756670 -0.1322082877 -0.0723724812 0.9932203293 0.0909700468 0.1389603317 -0.0802783072 0.9870387316
-531.8 348.7 2432.6 0.1832992882 -0.9122741222 -0.3662748933 0.9827913046 0.1787193567 0.0466968901 0.0228600483 -0.3685312867 0.9293342233
-581.1 84.7 2426.5 -0.0696142614 -0.9119732380 -0.4043002725 0.9678347707 0.0364776291 -0.2489281744 0.2417637408 -0.4086247981 0.8801000118
-250.8 328.1 2472.2 0.0896985829 0.9859358072 0.1410132200 -0.9776624441 0.0601417050 0.2013929635 0.1900797635 -0.1559279859 0.9693070650
-228.7 87.1 2519.0 0.0224113986 0.9857670665 0.1666165441 -0.9571924806 0.0692642331 -0.2810427547 -0.2885832489 -0.1531855464 0.9451211095
-507.9 -49.3 2467.8 0.7082961798 0.0012449409 -0.7059143186 0.0566382594 0.9966742992 0.0585870892 0.7036395669 -0.0814787671 0.7058700919
-508.4 -439.7 2499.7 0.7106330991 0.0359685794 -0.7026427388 -0.0892356411 0.9952347279 -0.0393039361 0.6978807449 0.0906314552 0.7104564309
-330.8 -59.7 2501.9 0.9951882958 -0.0447807908 -0.0871490613 0.0513214730 0.9959130883 0.0743181109 0.0834648684 -0.0784331337 0.9934192896
-313.2 -449.8 2532.7 0.9940946102 0.0701467767 -0.0827968791 -0.0716244951 0.9973186851 -0.0150105730 0.0815219358 0.0208522137 0.9964534044
-561.7 -184.3 2359.3 0 0 0 0 0 0 0 0 0
-222.9 -159.0 2444.8 0 0 0 0 0 0 0 0 0
-519.4 -745.3 2471.8 0 0 0 0 0 0 0 0 0
-335.2 -762.2 2526.1 0 0 0 0 0 0 0 0 0
-375.9 539.6 2439.8 1 0.9881597161 0.0820410475 -0.1296520233 -0.0716008916 0.9939541221 0.0832375884 0.1356970668 -0.0729688257 0.9880596399
-392.6 337.1 2454.6 0.9881597161 0.0820410475 -0.1296520233 -0.0716008916 0.9939541221 0.0832375884 0.1356970668 -0.0729688257 0.9880596399
-408.5 142.4 2467.9 0.9881765246 0.0811596140 -0.1300777942 -0.0713958442 0.9943896532 0.0780501366 0.1356825382 -0.0678403005 0.9884269834
-533.3 347.3 2435.3 0.1858505160 -0.9128184915 -0.3636234105 0.9819952250 0.1852973402 0.0367453955 0.0338365771 -0.3639056087 0.9308210015
-582.1 89.4 2426.4 -0.0666287020 -0.9137341380 -0.4008123279 0.9712196589 0.0326726809 -0.2359339893 0.2286765575 -0.4049967825 0.8852596283
-251.9 326.9 2473.9 0.0953606069 0.9854354858 0.1407952607 -0.9755291343 0.0643638968 0.2102384865 0.1981143206 -0.1573983431 0.9674587846
-228.8 91.1 2521.9 0.0199949127 0.9853479266 0.1693802625 -0.9546903968 0.0691307187 -0.2894602716 -0.2969284356 -0.1559179723 0.9420844316
-513.3 -44.1 2471.4 0.7097494602 -0.0091377208 -0.7043949366 0.0648884550 0.9965129495 0.0524545088 0.7014593482 -0.0829366595 0.7078674436
-509.7 -434.4 2503.9 0.7140474319 0.0282239709 -0.6995281577 -0.0908701792 0.9944709539 -0.0526321903 0.6941749454 0.1011481285 0.7126641870
-335.1 -57.1 2496.5 0.9948411584 -0.0537219606 -0.0860526413 0.0608881116 0.9946927428 0.0829394162 0.0811402723 -0.0877511278 0.9928323030
-314.0 -446.7 2530.9 0.9946041703 0.0651646852 -0.0807226300 -0.0661261156 0.9977679849 -0.0092918919 0.0799369588 0.0145796286 0.9966933131
-563.6 -180.6 2362.8 0 0 0 0 0 0 0 0 0
-223.7 -154.4 2445.5 0 0 0 0 0 0 0 0 0
-518.6 -745.9 2472.2 0 0 0 0 0 0 0 0 0
-334.6 -762.7 2526.3 0 0 0 0 0 0 0 0 0
-376.7 539.6 2442.0 2 0.9865041375 0.0803401023 -0.1426710188 -0.0696559101 0.9944877625 0.0783719346 0.1481809765 -0.0673763603 0.9866624475
-393.0 338.2 2455.7 0.9865041375 0.0803401023 -0.1426710188 -0.0696559101 0.9944877625 0.0783719346 0.1481809765 -0.0673763603 0.9866624475
-408.4 143.3 2467.6 0.9865494370 0.0788459480 -0.1431904435 -0.0690898523 0.9950175285 0.0718801022 0.1481444538 -0.0610202700 0.9870814085
-533.5 348.0 2434.6 0.1924449205 -0.9078472853 -0.3725295961 0.9809336662 0.1884522587 0.0474857017 0.0270942766 -0.3745652139 0.9268046021
-584.3 89.1 2427.4 -0.0740220472 -0.9077210426 -0.4129929841 0.9682984948 0.0336535536 -0.2475186735 0.2385765910 -0.4182223082 0.8764538169
-252.4 328.3 2476.8 0.0967455506 0.9869973660 0.1283610016 -0.9780036211 0.0703249425 0.1963755935 0.1847952157 -0.1445359737 0.9720905423
-228.8 89.5 2521.9 0.0295481365 0.9868734479 0.1587693095 -0.9552305341 0.0746589974 -0.2862876952 -0.2943832874 -0.1432020217 0.9448977113
-513.6 -45.9 2469.0 0.7003079057 -0.0167751424 -0.7136437297 0.0653841496 0.9970287681 0.0407258347 0.7108401656 -0.0751816109 0.6993239522
-507.1 -436.4 2498.4 0.7026757002 0.0380229764 -0.7104935646 -0.0867180675 0.9957033396 -0.0324775241 0.7062059641 0.0844338015 0.7029538155
-335.1 -58.8 2493.5 0.9938099384 -0.0494288802 -0.0994918719 0.0576572344 0.9949957728 0.0816026703 0.0949604660 -0.0868339688 0.9916866422
-315.8 -448.5 2527.5 0.9938510656 0.0564726666 -0.0952412933 -0.0565263703 0.9983988404 0.0021361641 0.0952094272 0.0032606155 0.9954519272
-563.7 -180.1 2361.1 0 0 0 0 0 0 0 0 0
-221.2 -156.0 2446.2 0 0 0 0 0 0 0 0 0
-518.9 -747.2 2472.1 0 0 0 0 0 0 0 0 0
-333.5 -762.2 2526.5 0 0 0 0 0 0 0 0 0
-376.4 538.1 2435.6 3 0.9873501062 0.0802690685 -0.1367356181 -0.0677292198 0.9932637811 0.0940201506 0.1433614343 -0.0835698098 0.9861356616
-392.8 335.9 2452.7 0.9873501062 0.0802690685 -0.1367356181 -0.0677292198 0.9932637811 0.0940201506 0.1433614343 -0.0835698098 0.9861356616
-408.5 141.3 2467.3 0.9872334599 0.0804907531 -0.1374456286 -0.0691710189 0.9939562082 0.0852434114 0.1434762329 -0.0746478960 0.9868344665
-533.4 345.8 2432.2 0.1985756606 -0.9085963368 -0.3674512804 0.9799519777 0.1902561635 0.0591331497 0.0161817092 -0.3718270063 0.9281610250
-585.2 90.1 2428.0 -0.0655950829 -0.9092404842 -0.4110706151 0.9673795700 0.0430747941 -0.2496424764 0.2446918190 -0.4140366316 0.8767551184
-252.1 326.1 2473.1 0.0956193507 0.9864517450 0.1333037019 -0.9736250043 0.0648147762 0.2187541574 0.2071503848 -0.1507049501 0.9666316509
-228.9 90.3 2523.3 0.0307887420 0.9861279726 0.1631064713 -0.9541729093 0.0775953680 -0.2890208662 -0.2976678610 -0.1467331797 0.9433256388
-513.0 -45.3 2466.2 0.7045251131 -0.0046225195 -0.7096640468 0.0665730909 0.9959997535 0.0596033931 0.7065496445 -0.0892366171 0.7020145059
-511.2 -435.4 2501.2 0.7082874775 0.0267489534 -0.7054171562 -0.0806859210 0.9958006144 -0.0432541259 0.7012978196 0.0875535905 0.7074713707
-334.7 -57.8 2493.0 0.9943510890 -0.0513416119 -0.0928973630 0.0587458946 0.9951573610 0.0788080767 0.0884013623 -0.0838202387 0.9925519228
-314.6 -447.6 2525.8 0.9943020344 0.0588818640 -0.0888613537 -0.0586465038 0.9982649684 0.0052594612 0.0890168622 -0.0000180852 0.9960300922
-567.0 -178.8 2360.0 0 0 0 0 0 0 0 0 0
-221.0 -155.0 2446.7 0 0 0 0 0 0 0 0 0
-519.5 -745.8 2473.9 0 0 0 0 0 0 0 0 0
-333.0 -760.3 2525.8 0 0 0 0 0 0 0 0 0
-376.3 539.1 2440.0 4 0.9851291776 0.0830379128 -0.1504167169 -0.0708761960 0.9939001203 0.0844931901 0.1565153450 -0.0725757405 0.9850054383
-393.1 337.4 2454.7 0.9851291776 0.0830379128 -0.1504167169 -0.0708761960 0.9939001203 0.0844931901 0.1565153450 -0.0725757405 0.9850054383
-408.7 142.6 2467.4 0.9852957129 0.0798173249 -0.1510680169 -0.0688427463 0.9946870208 0.0765403137 0.1563746482 -0.0650149062 0.9855557084
-533.5 347.3 2432.4 0.2040269673 -0.9034537077 -0.3770204186 0.9788765311 0.1934574544 0.0661432669 0.0131800352 -0.3825514615 0.9238401651
-587.7 87.5 2428.9 -0.0825743899 -0.9019787312 -0.4238110781 0.9624139071 0.0382321849 -0.2688824534 0.2587294877 -0.4300844669 0.8649199009
-252.7 327.6 2477.0 0.0874256119 0.9888022542 0.1209413484 -0.9783438444 0.0623605214 0.1973690540 0.1876170039 -0.1355773360 0.9728404880
-231.4 89.5 2522.6 0.0416567400 0.9881328940 0.1478448361 -0.9546887279 0.0830076858 -0.2857955992 -0.2946763039 -0.1292404830 0.9468171597
-513.5 -47.1 2468.9 0.6946943998 -0.0023917218 -0.7193010449 0.0594193265 0.9967675209 0.0540723316 0.7168465853 -0.0803041235 0.6925909519
-512.5 -437.5 2500.4 0.6984890103 0.0192746390 -0.7153611779 -0.0757678226 0.9960103631 -0.0471443683 0.7115984559 0.0871311799 0.6971626878
-335.0 -59.6 2494.9 0.9929791689 -0.0494364239 -0.1074637100 0.0589532331 0.9944391847 0.0872649327 0.1025520563 -0.0929875895 0.9903718233
-315.7 -449.1 2531.3 0.9931809306 0.0561861061 -0.1021506265 -0.0574826561 0.9982984662 -0.0097911535 0.1014266908 0.0155962761 0.9947207570
-564.7 -180.0 2357.0 0 0 0 0 0 0 0 0 0
-220.7 -155.9 2446.9 0 0 0 0 0 0 0 0 0
-518.5 -746.2 2473.4 0 0 0 0 0 0 0 0 0
-333.2 -759.9 2526.4 0 0 0 0 0 0 0 0 0
-376.3 539.0 2442.1 5 0.9857967496 0.0833074078 -0.1458240300 -0.0722724870 0.9942187071 0.0794093981 0.1515963823 -0.0677424595 0.9861183763
-393.2 337.6 2455.8 0.9857967496 0.0833074078 -0.1458240300 -0.0722724870 0.9942187071 0.0794093981 0.1515963823 -0.0677424595 0.9861183763
-409.0 142.8 2467.8 0.9859477878 0.0804673061 -0.1463965774 -0.0704379603 0.9948812127 0.0724556744 0.1514775157 -0.0611256361 0.9865689278
-533.7 347.7 2434.3 0.1972728372 -0.9059067369 -0.3747217655 0.9800459743 0.1917341799 0.0524206646 0.0243587364 -0.3775857091 0.9256541729
-585.6 90.2 2427.9 -0.0734758452 -0.9056180120 -0.4176808596 0.9654242396 0.0404461212 -0.2575269938 0.2501146495 -0.4221612513 0.8713337779
-252.7 327.6 2477.4 0.0719060972 0.9973828793 0.0075441361 -0.9682357311 0.0679847077 0.2406193614 0.2394767404 -0.0246064998 0.9705902338
-234.8 86.5 2537.1 0.0552851334 0.9973828793 0.0465934984 -0.9364520907 0.0679847077 -0.3441446126 -0.3464115858 -0.0246064998 0.9377598763
-513.4 -45.9 2466.0 0.6980510354 -0.0057569761 -0.7160248160 0.0650743321 0.9963397384 0.0554300658 0.7130848765 -0.0852878541 0.6958706379
-511.1 -436.2 2499.4 0.7020040751 0.0244862754 -0.7117518783 -0.0812327042 0.9956392050 -0.0458673835 0.7075249553 0.0900166184 0.7009318471
-335.3 -58.4 2494.3 0.9932425022 -0.0535116829 -0.1029845625 0.0626333356 0.9941953421 0.0874793157 0.0977056101 -0.0933384448 0.9908286929
-314.3 -447.8 2530.9 0.9931133986 0.0644692034 -0.0978239700 -0.0648957491 0.9978913665 -0.0011814591 0.0975415260 0.0075216824 0.9952030182
-565.1 -178.1 2358.3 0 0 0 0 0 0 0 0 0
-220.6 -153.9 2448.2 0 0 0 0 0 0 0 0 0
-518.7 -746.1 2471.4 0 0 0 0 0 0 0 0 0
-334.5 -760.7 2528.5 0 0 0 0 0 0 0 0 0
-376.0 540.5 2443.2 6 0.9845409393 0.0855561793 -0.1528375447 -0.0737299696 0.9939468503 0.0814467669 0.1588806659 -0.0689189658 0.9848893881
-393.3 339.4 2457.1 0.9845409393 0.0855561793 -0.1528375447 -0.0737299696 0.9939468503 0.0814467669 0.1588806659 -0.0689189658 0.9848893881
-409.3 144.6 2468.9 0.9847494960 0.0816759467 -0.1536145359 -0.0712492391 0.9948415756 0.0722065270 0.1587196589 -0.0601604246 0.9854891300
-533.7 349.6 2434.5 0.1979979724 -0.9030311704 -0.3812236786 0.9798902869 0.1921657473 0.0537339076 0.0247347392 -0.3841966093 0.9229199290
-585.9 91.1 2428.0 -0.0748339146 -0.9026180506 -0.4238874018 0.9665361047 0.0389425047 -0.2535576224 0.2453729361 -0.4286771715 0.8694987297
-253.0 329.3 2479.8 0.0843779445 0.9947013259 0.0587340109 -0.9758358002 0.0705669522 0.2067963928 0.2015559524 -0.0747638047 0.9766194820
-231.6 81.7 2530.9 0.0424961969 0.9947013259 0.0936130062 -0.9444127083 0.0705669522 -0.3210995197 -0.3260040879 -0.0747638047 0.9424073696
-513.8 -45.7 2466.1 0.6928138733 -0.0072210305 -0.7210803032 0.0656026602 0.9964345098 0.0530525558 0.7181261778 -0.0840603337 0.6908173561
-511.0 -436.0 2499.0 0.6967775822 0.0224553216 -0.7169356942 -0.0777997598 0.9959790707 -0.0444169529 0.7130555511 0.0867261589 0.6957229376
-335.6 -58.4 2493.5 0.9922618866 -0.0581576414 -0.1096997112 0.0668967143 0.9947267175 0.0777404010 0.1046000421 -0.0844773874 0.9909200072
-312.8 -448.1 2526.6 0.9921079874 0.0682450682 -0.1051871851 -0.0680648908 0.9976667762 0.0053059207 0.1053038612 0.0018955076 0.9944382906
-565.1 -177.6 2359.8 0 0 0 0 0 0 0 0 0
-220.7 -160.8 2447.2 0 0 0 0 0 0 0 0 0
-518.0 -745.1 2472.1 0 0 0 0 0 0 0 0 0
-334.2 -760.4 2526.0 0 0 0 0 0 0 0 0 0
-376.2 540.3 2444.2 7 0.9848340750 0.0826341212 -0.1525564194 -0.0711318105 0.9943031073 0.0793826208 0.1582470238 -0.0673270971 0.9851014614
-392.9 339.1 2457.9 0.9848340750 0.0826341212 -0.1525564194 -0.0711318105 0.9943031073 0.0793826208 0.1582470238 -0.0673270971 0.9851014614
-408.3 144.2 2469.8 0.9850535989 0.0788901970 -0.1531200856 -0.0684281886 0.9950225949 0.0724405125 0.1580727845 -0.0608800575 0.9855489135
-533.3 348.8 2435.3 0.2054386735 -0.9015283585 -0.3808431923 0.9782430530 0.2006561756 0.0527033545 0.0289049689 -0.3833844960 0.9231364131
-587.3 91.5 2427.7 -0.0759450421 -0.9018149376 -0.4253965020 0.9679298997 0.0357825756 -0.2486591488 0.2394663095 -0.4306384325 0.8701760769
-252.5 329.3 2480.4 0.0815236941 0.9949175715 0.0591009408 -0.9764682651 0.0678516403 0.2047093362 0.1996588260 -0.0743988529 0.9770369530
-232.4 88.8 2529.6 0.0452700071 0.9947373867 0.0919135809 -0.9479454756 0.0718058199 -0.3102310002 -0.3151983023 -0.0730849057 0.9462075233
-514.3 -43.8 2466.4 0.6931245327 -0.0069829342 -0.7207840085 0.0692278445 0.9959755540 0.0569223054 0.7174857855 -0.0893525705 0.6908185482
-511.6 -434.0 2501.4 0.6979071498 0.0190042146 -0.7159360647 -0.0779250562 0.9957280159 -0.0495315529 0.7119362950 0.0903577879 0.6964066029
-336.3 -56.7 2495.1 0.9921096563 -0.0615250543 -0.1092386991 0.0703075826 0.9944354892 0.0784532949 0.1038039923 -0.0855145827 0.9909147024
-312.2 -446.3 2528.6 0.9920725822 0.0708128735 -0.1038147062 -0.0715627372 0.9974299073 -0.0035115716 0.1032992303 0.0109129986 0.9945904613
-566.2 -177.6 2361.2 0 0 0 0 0 0 0 0 0
-220.8 -154.7 2448.6 0 0 0 0 0 0 0 0 0
-517.5 -746.4 2473.0 0 0 0 0 0 0 0 0 0
-334.4 -759.2 2525.1 0 0 0 0 0 0 0 0 0
-376.7 540.5 2444.8 8 0.9846841097 0.0817616880 -0.1539875865 -0.0705223605 0.9945263863 0.0770965219 0.1594482511 -0.0650561526 0.9850603938
-393.2 339.8 2457.9 0.9846841097 0.0817616880 -0.1539875865 -0.0705223605 0.9945263863 0.0770965219 0.1594482511 -0.0650561526 0.9850603938
-408.6 144.8 2469.4 0.9848872423 0.0782187358 -0.1545280665 -0.0679961219 0.9952004552 0.0703743696 0.1592909992 -0.0588035099 0.9854788184
-533.6 349.5 2435.2 0.1967193335 -0.9027199745 -0.3826200962 0.9799920917 0.1930879802 0.0482959896 0.0302815884 -0.3844654560 0.9226425886
-585.7 89.9 2427.2 -0.0852966011 -0.9016906023 -0.4238851070 0.9688986540 0.0241218358 -0.2462794632 0.2322927564 -0.4317085147 0.8715892434
-252.9 330.1 2480.6 0.0843457207 0.9946463108 0.0597038567 -0.9813358784 0.0725264698 0.1781006753 0.1728170663 -0.0736115649 0.9821993709
-231.6 82.9 2524.1 0.0481620170 0.9946025610 0.0919027328 -0.9526373744 0.0733992457 -0.2951178849 -0.3002705872 -0.0733365044 0.9510306716
-512.8 -44.5 2467.4 0.6920982599 -0.0062538236 -0.7217761874 0.0665750951 0.9962530136 0.0552056395 0.7187264562 -0.0862600505 0.6899213195
-510.4 -434.8 2501.2 0.6960156560 0.0245866254 -0.7176055312 -0.0803026557 0.9958091378 -0.0437682196 0.7135220766 0.0880889967 0.6950730681
-334.7 -56.9 2496.0 0.9922122955 -0.0565271489 -0.1109927818 0.0658287629 0.9944551587 0.0820088983 0.1057416201 -0.0886767581 0.9904317856
-312.6 -446.4 2530.7 0.9921540618 0.0672228336 -0.1054105684 -0.0684950724 0.9976153374 -0.0084918998 0.1045883521 0.0156453773 0.9943925142
-562.0 -179.4 2362.6 0 0 0 0 0 0 0 0 0
-219.3 -161.9 2447.0 0 0 0 0 0 0 0 0 0
-518.1 -746.8 2473.6 0 0 0 0 0 0 0 0 0
-333.7 -759.5 2525.8 0 0 0 0 0 0 0 0 0
-375.6 542.6 2444.5 9 0.9860450029 0.0865948722 -0.1421848536 -0.0760678053 0.9940562248 0.0778837651 0.1480840743 -0.0659812167 0.9867712855
-393.0 342.1 2457.8 0.9860450029 0.0865948722 -0.1421848536 -0.0760678053 0.9940562248 0.0778837651 0.1480840743 -0.0659812167 0.9867712855
-409.8 147.3 2469.3 0.9860422015 0.0855251253 -0.1428501755 -0.0761001259 0.9946261644 0.0701965317 0.1480861008 -0.0583458245 0.9872518778
-533.6 352.9 2436.7 0.1938338578 -0.9067081809 -0.3745779693 0.9802249670 0.1945072562 0.0364128835 0.0398422778 -0.3742287457 0.9264801145
-585.3 91.0 2426.1 -0.0804593563 -0.9067104459 -0.4140078127 0.9701912999 0.0240164269 -0.2411474138 0.2285938561 -0.4210693538 0.8777502179
-252.5 331.2 2478.9 0.0886106342 0.9934732318 0.0718268082 -0.9807635546 0.0744305924 0.1804518998 0.1739280224 -0.0864350796 0.9809576869
-229.9 81.1 2523.3 0.0387086533 0.9937546253 0.1046583876 -0.9535455108 0.0680487752 -0.2934625745 -0.2987516820 -0.0884369984 0.9502243400
-512.9 -43.9 2466.5 0.7006393671 -0.0040882449 -0.7135038972 0.0726505443 0.9951952100 0.0656383708 0.7098072767 -0.0978252739 0.6975699067
-511.3 -433.8 2504.8 0.7061781287 0.0203614291 -0.7077413797 -0.0843505785 0.9948869944 -0.0555417836 0.7029917836 0.0989207923 0.7042849064
-334.9 -56.2 2495.3 0.9934291840 -0.0570350029 -0.0992245078 0.0653328821 0.9944478869 0.0824922249 0.0939686596 -0.0884328038 0.9916397929
-312.5 -445.8 2530.0 0.9934035540 0.0661548525 -0.0936636999 -0.0671698228 0.9977116585 -0.0077220141 0.0929385126 0.0139624504 0.9955739379
-563.0 -178.7 2362.5 0 0 0 0 0 0 0 0 0
-220.0 -164.0 2446.5 0 0 0 0 0 0 0 0 0
-517.7 -746.5 2473.7 0 0 0 0 0 0 0 0 0
-333.3 -760.0 2525.6 0 0 0 0 0 0 0 0 0
-375.7 540.6 2445.9 0 0.9860056639 0.0824280530 -0.1449085027 -0.0727240741 0.9948186874 0.0710421950 0.1500135660 -0.0595096648 0.9868913293
-392.3 339.7 2457.9 0.9860056639 0.0824280530 -0.1449085027 -0.0727240741 0.9948186874 0.0710421950 0.1500135660 -0.0595096648 0.9868913293
-408.6 144.8 2468.4 0.9858782291 0.0830809250 -0.1454017460 -0.0742560178 0.9951112866 0.0651118755 0.1501004845 -0.0533954240 0.9872277975
-532.8 350.3 2436.5 0.2091037333 -0.9031156898 -0.3750435710 0.9769735336 0.2095640302 0.0400706492 0.0424072146 -0.3747865558 0.9261407256
-587.6 94.4 2425.4 -0.0799847171 -0.9047054648 -0.4184620380 0.9720283747 0.0222100373 -0.2338108420 0.2208240032 -0.4254582822 0.8776229620
-251.8 329.2 2479.3 0.0897025689 0.9936903119 0.0673274621 -0.9780915380 0.0751404017 0.1941412389 0.1878572702 -0.0832673907 0.9786604047
-229.8 88.5 2525.5 0.0286970511 0.9943667650 0.1020354703 -0.9529857039 0.0580209382 -0.2974084616 -0.3016532958 -0.0887035951 0.9492823482
-515.7 -40.7 2467.3 0.6986572146 -0.0177641194 -0.7152360082 0.0780640393 0.9956158996 0.0515267178 0.7111850381 -0.0918337256 0.6969809532
-508.7 -430.6 2503.3 0.7037823200 0.0284286905 -0.7098466158 -0.0892070830 0.9948265553 -0.0486031063 0.7047925591 0.0975293517 0.7026773691
-337.4 -54.4 2494.1 0.9926450849 -0.0645240247 -0.1024323329 0.0735896528 0.9934566021 0.0873414874 0.0961264521 -0.0942370594 0.9908981323
-312.1 -443.6 2531.0 0.9929260612 0.0699942783 -0.0959093273 -0.0709404200 0.9974594712 -0.0064868024 0.0952116251 0.0132447639 0.9953689575
-565.4 -175.8 2364.0 0 0 0 0 0 0 0 0 0
-222.4 -156.4 2448.0 0 0 0 0 0 0 0 0 0
-517.7 -746.6 2472.3 0 0 0 0 0 0 0 0 0
-334.3 -759.8 2526.8 0 0 0 0 0 0 0 0 0
-375.0 539.3 2445.1 1 0.9842549562 0.0858892351 -0.1544839144 -0.0751334429 0.9944109321 0.0741742998 0.1599912643 -0.0613995120 0.9852070212
-392.4 338.4 2457.5 0.9842549562 0.0858892351 -0.1544839144 -0.0751334429 0.9944109321 0.0741742998 0.1599912643 -0.0613995120 0.9852070212
-408.6 143.5 2468.2 0.9844323397 0.0826758742 -0.1551054865 -0.0730397776 0.9950868487 0.0668381155 0.1598693281 -0.0544687286 0.9856342673
-532.7 348.8 2434.7 0.2070701271 -0.9006625414 -0.3820064664 0.9778268337 0.2030077577 0.0514055490 0.0312512256 -0.3841807246 0.9227288365
-586.9 92.9 2426.5 -0.0726386309 -0.9021692872 -0.4252224863 0.9727574587 0.0300246030 -0.2298727036 0.2201512307 -0.4303359985 0.8754109740
-252.1 328.0 2480.3 0.0932534486 0.9939000010 0.0588775314 -0.9799303412 0.0811570287 0.1820714623 0.1761825085 -0.0746746734 0.9815209508
-229.3 88.2 2523.4 0.0234150719 0.9951542616 0.0954971910 -0.9542608261 0.0507272333 -0.2946404815 -0.2980570495 -0.0842301995 0.9508244991
-514.0 -43.4 2465.3 0.6918286085 -0.0175545849 -0.7218483686 0.0671328530 0.9969380498 0.0400965065 0.7189341784 -0.0761996508 0.6908887625
-507.1 -433.8 2495.1 0.6939426661 0.0356375836 -0.7191477418 -0.0774024203 0.9966788888 -0.0252988562 0.7158578038 0.0732197315 0.6943964958
-335.8 -56.8 2492.4 0.9918854237 -0.0594422817 -0.1123827174 0.0699646696 0.9932860136 0.0921293795 0.1061518043 -0.0992446095 0.9893848300
-312.5 -445.9 2531.3 0.9920789599 0.0676277503 -0.1058578342 -0.0688474774 0.9975958467 -0.0079065859 0.1050686389 0.0151320025 0.9943498373
-566.7 -177.5 2365.3 0 0 0 0 0 0 0 0 0
-223.3 -157.1 2446.8 0 0 0 0 0 0 0 0 0
-518.3 -747.3 2472.1 0 0 0 0 0 0 0 0 0
-333.8 -760.7 2526.5 0 0 0 0 0 0 0 0 0
-375.4 541.1 2445.7 2 0.9872007966 0.0845197365 -0.1352443248 -0.0751355737 0.9944935441 0.0730562061 0.1406742930 -0.0619594827 0.9881152511
-392.5 340.3 2458.2 0.9872007966 0.0845197365 -0.1352443248 -0.0751355737 0.9944935441 0.0730562061 0.1406742930 -0.0619594827 0.9881152511
-408.4 145.3 2468.8 0.9873650670 0.0814880952 -0.1359041929 -0.0731667876 0.9951896667 0.0651472360 0.1405591816 -0.0543804280 0.9885777235
-533.2 350.7 2438.2 0.2029596716 -0.9084249139 -0.3654744625 0.9785667658 0.2014569193 0.0426872820 0.0348491669 -0.3663049638 0.9298420548
-587.0 91.2 2428.9 -0.0782484263 -0.9091423750 -0.4090689123 0.9684196711 0.0281181652 -0.2477351129 0.2367287576 -0.4155352712 0.8782311678
-251.8 329.8 2478.2 0.0816805139 0.9936460853 0.0774319321 -0.9803137779 0.0660855994 0.1860580295 0.1797586977 -0.0911049098 0.9794828892
-231.7 89.2 2522.3 0.0384507179 0.9935846925 0.1063529328 -0.9557102919 0.0676443726 -0.2864299715 -0.2917866111 -0.0906291455 0.9521800876
-513.8 -44.8 2464.4 0.7056092024 -0.0128017552 -0.7084855437 0.0704206750 0.9961540103 0.0521350875 0.7050933242 -0.0866790265 0.7037969232
-508.7 -435.0 2498.3 0.7091962695 0.0296593793 -0.7043869495 -0.0800482556 0.9960411787 -0.0386548303 0.7004519701 0.0837988034 0.7087628841
-335.8 -58.0 2493.3 0.9938415885 -0.0603666268 -0.0929234698 0.0685229078 0.9938276410 0.0872426704 0.0870833620 -0.0930727795 0.9918437004
-312.1 -447.3 2529.7 0.9937491417 0.0701060519 -0.0868780166 -0.0708907917 0.9974661469 -0.0059767785 0.0862388760 0.0120982705 0.9962010384
-565.2 -178.0 2363.1 0 0 0 0 0 0 0 0 0
-221.8 -156.4 2447.3 0 0 0 0 0 0 0 0 0
-518.0 -745.1 2472.2 0 0 0 0 0 0 0 0 0
-334.0 -759.0 2526.0 0 0 0 0 0 0 0 0 0
-375.0 536.4 2438.0 3 0.9802947044 0.0859345347 -0.1778696179 -0.0695075169 0.9928913713 0.0966202468 0.1849082112 -0.0823530406 0.9792991877
-392.4 335.6 2454.6 0.9802947044 0.0859345347 -0.1778696179 -0.0695075169 0.9928913713 0.0966202468 0.1849082112 -0.0823530406 0.9792991877
-408.5 141.0 2469.2 0.9805182815 0.0817356929 -0.1786147356 -0.0668582320 0.9938927293 0.0877911076 0.1846995354 -0.0741389170 0.9799946547
-532.0 345.0 2428.4 0.2149395198 -0.8920349479 -0.3975860476 0.9765341878 0.1906799078 0.1001107916 -0.0134906517 -0.4097741246 0.9120872617
-587.3 94.0 2431.8 -0.0846883431 -0.8897724152 -0.4484784305 0.9645158648 0.0397584736 -0.2610142231 0.2500740588 -0.4546694160 0.8548325300
-252.8 326.1 2480.9 0.0797759071 0.9961294532 0.0369033702 -0.9808536172 0.0718467310 0.1810089052 0.1776569188 -0.0506369546 0.9827888608
-233.7 91.3 2523.5 0.0493742116 0.9963512421 0.0696157515 -0.9536599517 0.0677420497 -0.2931615710 -0.2968078256 -0.0519151352 0.9535250068
-513.6 -43.0 2466.8 0.6745282412 -0.0063700806 -0.7382215858 0.0683022663 0.9962123036 0.0538129136 0.7350826263 -0.0867205411 0.6724084020
-511.1 -433.2 2500.8 0.6789510846 0.0204054639 -0.7338998318 -0.0795238763 0.9957764149 -0.0458830260 0.7298639417 0.0895148963 0.6777062416
-335.1 -56.2 2492.2 0.9893168211 -0.0552312024 -0.1349139363 0.0682094097 0.9932755232 0.0935478881 0.1288399398 -0.1017508954 0.9864314795
-313.5 -445.3 2532.1 0.9898185134 0.0616415143 -0.1282952875 -0.0637416467 0.9978903532 -0.0123246275 0.1272649169 0.0203768965 0.9916594028
-563.7 -174.1 2362.3 0 0 0 0 0 0 0 0 0
-221.0 -153.8 2447.2 0 0 0 0 0 0 0 0 0
-517.5 -746.0 2472.6 0 0 0 0 0 0 0 0 0
-332.9 -759.7 2525.6 0 0 0 0 0 0 0 0 0
-376.3 535.0 2441.6 4 0.9817695618 0.0794991404 -0.1726512611 -0.0652953982 0.9941139221 0.0864527076 0.1785079390 -0.0736033022 0.9811816812
-392.3 333.9 2456.5 0.9817695618 0.0794991404 -0.1726512611 -0.0652953982 0.9941139221 0.0864527076 0.1785079390 -0.0736033022 0.9811816812
-407.0 139.0 2469.4 0.9820176363 0.0748272687 -0.1733270288 -0.0620977283 0.9950376749 0.0777425617 0.1782841831 -0.0655813515 0.9817911386
-532.2 342.7 2431.1 0.2077390403 -0.8948221803 -0.3951426446 0.9781646132 0.1925926805 0.0781155005 0.0062020952 -0.4027422071 0.9152924418
-586.6 86.9 2429.5 -0.0880100951 -0.8924384117 -0.4425018728 0.9640485644 0.0355027765 -0.2633436322 0.2507280111 -0.4497702122 0.8572294116
-252.5 325.1 2481.9 0.0459171906 0.9949190617 -0.0895974413 -0.9753063321 0.0640465990 0.2113660574 0.2160305381 0.0776796117 0.9732916951
