-317.1 501.3 2458.7 0.9453998208 0.0035123550 -0.3258939683 -0.0186997913 0.9988791943 -0.0434815064 0.3253760040 0.0472015552 0.9444058537
-317.9 299.3 2449.2 0.9453998208 0.0035123550 -0.3258939683 -0.0186997913 0.9988791943 -0.0434815064 0.3253760040 0.0472015552 0.9444058537
-319.3 100.7 2441.1 0.9453911781 0.0074413330 -0.3258529603 -0.0202729460 0.9991461039 -0.0360005461 0.3253068328 0.0406406000 0.9447347522
-455.9 302.2 2401.7 0.1487693638 -0.2948813438 -0.9438816905 0.9844527841 0.1343022138 0.1132061407 0.0933830217 -0.9460485578 0.3102768362
-496.2 35.7 2376.4 -0.1098287404 -0.3007921278 -0.9473446012 0.9681740403 0.1832773685 -0.1704360992 0.2248926610 -0.9359132051 0.2710900009
-179.8 296.3 2496.7 0.1199958250 0.6568325162 0.7444273233 -0.9915009737 0.0413221121 0.1233623177 0.0502670743 -0.7529034019 0.6562085748
-146.4 20.5 2510.7 0.0420656838 0.6587632895 0.7511733174 -0.9716454148 0.2020591199 -0.1227895096 -0.2326706499 -0.7247089148 0.6485841274
-407.5 -95.4 2403.0 0.9239046574 -0.0297934376 0.3814610541 0.0041217022 0.9976809025 0.0679395273 -0.3826005757 -0.0611973777 0.9218848348
-395.6 -491.7 2427.3 0.9238275290 0.0170522891 0.3824290037 -0.0011518300 0.9991266727 -0.0417680293 -0.3828072548 0.0381459594 0.9230403304
-234.8 -99.0 2464.6 0.9217847586 0.0871635601 0.3777769208 -0.0930485874 0.9956579208 -0.0026849855 -0.3763706386 -0.0326766297 0.9258927703
-269.4 -494.7 2477.6 0.9239417315 -0.0122646708 0.3823365867 -0.0104267737 0.9983071089 0.0572208874 -0.3823911250 -0.0568553023 0.9222496748
-464.8 -241.0 2312.1 0 0 0 0 0 0 0 0 0
-135.1 -239.0 2448.6 0 0 0 0 0 0 0 0 0
-401.2 -816.4 2414.9 0 0 0 0 0 0 0 0 0
-265.6 -802.7 2495.2 0 0 0 0 0 0 0 0 0
-317.4 501.8 2460.2 0.9478076696 0.0054187649 -0.3187965155 -0.0212703068 0.9987028241 -0.0462628119 0.3181323111 0.0506291501 0.9466934800
-318.5 300.6 2450.0 0.9478076696 0.0054187649 -0.3187965155 -0.0212703068 0.9987028241 -0.0462628119 0.3181323111 0.0506291501 0.9466934800
-320.2 102.0 2441.5 0.9478048682 0.0083401958 -0.3187419176 -0.0216821637 0.9990297556 -0.0383330733 0.3181129396 0.0432432853 0.9470660686
-457.0 303.7 2403.6 0.1326256245 -0.3035911620 -0.9435268044 0.9872142673 0.1253830492 0.0984229818 0.0884219185 -0.9445165396 0.3163385093
-493.6 31.5 2379.2 -0.0840769559 -0.3117934465 -0.9464226961 0.9659834504 0.2075968236 -0.1542062312 0.2445548475 -0.9271938205 0.2837332189
-180.1 297.4 2496.5 0.1272996217 0.6511634588 0.7481850982 -0.9904326797 0.0429380387 0.1311467290 0.0532723516 -0.7577219009 0.6503995657
-144.6 21.3 2511.4 0.0483174250 0.6520798206 0.7566091418 -0.9719325900 0.2053067088 -0.1148744747 -0.2302442491 -0.7298226357 0.6436975002
-407.5 -95.9 2403.2 0.9213930964 -0.0183528122 0.3881982863 -0.0118890684 0.9970856905 0.0753579661 -0.3884499669 -0.0740496293 0.9184896946
-400.2 -492.0 2432.6 0.9219056368 0.0028383066 0.3874041140 0.0184789561 0.9985128045 -0.0512899570 -0.3869735301 0.0544433221 0.9204821587
-234.1 -99.6 2462.9 0.9176802039 0.1023273394 0.3839168549 -0.1049977317 0.9943730831 -0.0140582751 -0.3831951320 -0.0274093971 0.9232606292
-274.8 -494.8 2473.7 0.9195054173 -0.0302597042 0.3919109106 -0.0015568279 0.9967443347 0.0806119516 -0.3930742741 -0.0747332573 0.9164646864
-469.5 -244.4 2309.3 0 0 0 0 0 0 0 0 0
-131.7 -238.3 2449.9 0 0 0 0 0 0 0 0 0
-401.2 -816.2 2414.9 0 0 0 0 0 0 0 0 0
-265.4 -805.1 2497.0 0 0 0 0 0 0 0 0 0
-319.7 503.6 2460.0 0.9552108049 0.0000367741 -0.2959262431 -0.0159382392 0.9985549450 -0.0513224378 0.2954967320 0.0537402891 0.9538310170
-319.7 301.8 2449.1 0.9552108049 0.0000367741 -0.2959262431 -0.0159382392 0.9985549450 -0.0513224378 0.2954967320 0.0537402891 0.9538310170
-320.8 103.3 2440.0 0.9552037120 0.0052754134 -0.2959021032 -0.0186043978 0.9989339113 -0.0422477536 0.2953637838 0.0458602905 0.9542835355
-459.2 304.5 2406.0 0.1316345334 -0.3260210752 -0.9361531138 0.9870308638 0.1306392401 0.0932926536 0.0918829665 -0.9362925291 0.3389894962
-495.5 32.8 2380.7 -0.0823402256 -0.3328104317 -0.9393919706 0.9671537876 0.2007685453 -0.1559024602 0.2404863238 -0.9213735461 0.3053475320
-180.2 299.1 2492.3 0.1260082573 0.6339868903 0.7630088925 -0.9905233383 0.0380445234 0.1319701523 0.0546390377 -0.7724074125 0.6327727437
-144.8 20.2 2507.7 0.0636674240 0.6324979663 0.7719408870 -0.9735647440 0.2093855888 -0.0912655368 -0.2193585783 -0.7457237840 0.6291087270
-408.8 -94.5 2403.7 0.9121944904 -0.0161004514 0.4094411135 -0.0212250445 0.9960296750 0.0864541829 -0.4092074335 -0.0875534341 0.9082310796
-402.4 -490.2 2438.5 0.9131947756 -0.0079487357 0.4074458182 0.0349842608 0.9976479411 -0.0589462519 -0.4060189426 0.0680835992 0.9113249779
-234.9 -98.5 2462.0 0.9089925885 0.0889239609 0.4072162211 -0.0970244557 0.9952816963 -0.0007609663 -0.4053625166 -0.0388182178 0.9133314490
-270.3 -493.9 2477.5 0.9108953476 -0.0183080547 0.4122310877 -0.0095751211 0.9978083968 0.0654726550 -0.4125263393 -0.0635858998 0.9087237716
-471.9 -243.6 2312.0 0 0 0 0 0 0 0 0 0
-127.8 -239.7 2449.1 0 0 0 0 0 0 0 0 0
-399.8 -815.4 2416.3 0 0 0 0 0 0 0 0 0
-264.6 -803.9 2497.2 0 0 0 0 0 0 0 0 0
-320.7 504.7 2460.9 0.9599644542 0.0063393940 -0.2800501883 -0.0216185972 0.9984387755 -0.0515035801 0.2792864442 0.0554958992 0.9586027861
-321.9 303.0 2449.7 0.9599644542 0.0063393940 -0.2800501883 -0.0216185972 0.9984387755 -0.0515035801 0.2792864442 0.0554958992 0.9586027861
-324.1 104.5 2440.5 0.9599475861 0.0110637341 -0.2799610496 -0.0235495511 0.9988703132 -0.0412739515 0.2791881263 0.0462137870 0.9591237307
-462.1 306.4 2408.9 0.1259090453 -0.3401030898 -0.9319210052 0.9866922498 0.1403578818 0.0820856318 0.1028848886 -0.9298545718 0.3532494307
-496.9 34.4 2380.5 -0.0686517879 -0.3437536359 -0.9365470409 0.9723996520 0.1867756397 -0.1398347020 0.2229928523 -0.9202979207 0.3214434385
-181.7 299.6 2490.4 0.1238646507 0.6202048063 0.7745989561 -0.9912837148 0.0420328639 0.1248594746 0.0448798314 -0.7833130360 0.6200052500
-147.2 23.2 2503.0 0.0815818906 0.6154065132 0.7839765549 -0.9742368460 0.2151794136 -0.0675310120 -0.2102546394 -0.7582694888 0.6171064377
-409.4 -93.5 2403.8 0.9051564932 -0.0098902686 0.4249634147 -0.0359454229 0.9943675995 0.0997045711 -0.4235559702 -0.1055237278 0.8997027874
-405.5 -488.6 2445.7 0.9072027206 -0.0155134397 0.4204075933 0.0502183177 0.9961678982 -0.0716071874 -0.4176856875 0.0860743970 0.9045053124
-234.3 -96.9 2458.0 0.9030097127 0.0802310333 0.4220620692 -0.0842912421 0.9963999391 -0.0090659261 -0.4212699831 -0.0273895171 0.9065216184
-266.2 -492.8 2468.9 0.9041453004 0.0005508761 0.4272247255 -0.0349974036 0.9967337251 0.0727805719 -0.4257892072 -0.0807559639 0.9012114406
-477.2 -243.4 2316.8 0 0 0 0 0 0 0 0 0
-125.4 -236.9 2446.8 0 0 0 0 0 0 0 0 0
-400.4 -815.7 2417.5 0 0 0 0 0 0 0 0 0
-266.3 -805.2 2494.2 0 0 0 0 0 0 0 0 0
-323.2 504.8 2462.8 0.9684426188 0.0073208725 -0.2491291314 -0.0223569945 0.9980906248 -0.0575788617 0.2482319176 0.0613316037 0.9667571187
-324.7 304.0 2450.5 0.9684426188 0.0073208725 -0.2491291314 -0.0223569945 0.9980906248 -0.0575788617 0.2482319176 0.0613316037 0.9667571187
-326.7 105.6 2439.9 0.9684364796 0.0100849736 -0.2490564436 -0.0230618510 0.9985206127 -0.0492413826 0.2481914014 0.0534308515 0.9672363400
-466.1 307.4 2414.3 0.1296157241 -0.3693448603 -0.9202087522 0.9853829145 0.1514423639 0.0780112743 0.1105455160 -0.9168694615 0.3835754395
-501.4 39.0 2384.1 -0.0731856897 -0.3713810146 -0.9255917072 0.9730519652 0.1768932790 -0.1479143351 0.2186635286 -0.9114740491 0.3484269679
-183.3 300.7 2486.7 0.1324481219 0.5961341262 0.7918848395 -0.9899121523 0.0390025005 0.1362082958 0.0503129214 -0.8019369841 0.5952861905
-146.2 23.2 2500.8 0.0859553069 0.5907898545 0.8022337556 -0.9695409536 0.2349641472 -0.0691534728 -0.2293513417 -0.7718543410 0.5929914117
-414.4 -91.8 2405.7 0.8913877010 -0.0131587265 0.4530505538 -0.0405006781 0.9932672381 0.1085352078 -0.4514284730 -0.1150958017 0.8848532438
-409.1 -486.5 2451.5 0.8941985965 -0.0229653623 0.4470810592 0.0680723116 0.9940453172 -0.0850887224 -0.4424647391 0.1065200567 0.8904372454
-238.3 -96.1 2456.9 0.8898910880 0.0650103614 0.4515168369 -0.0701800957 0.9975202084 -0.0053076767 -0.4507422149 -0.0269642416 0.8922467828
-264.2 -492.5 2467.6 0.8904216290 0.0073080398 0.4550779760 -0.0430129468 0.9967471957 0.0681540146 -0.4530996084 -0.0802600533 0.8878395557
-480.5 -239.1 2321.7 0 0 0 0 0 0 0 0 0
-123.2 -235.7 2439.6 0 0 0 0 0 0 0 0 0
-401.5 -816.0 2416.1 0 0 0 0 0 0 0 0 0
-266.5 -804.6 2492.8 0 0 0 0 0 0 0 0 0
-321.8 503.0 2453.8 0.9743608236 0.0155177945 -0.2244553715 -0.0244321227 0.9990168214 -0.0369924940 0.2236606479 0.0415279567 0.9737820029
-325.0 301.1 2445.4 0.9743608236 0.0155177945 -0.2244553715 -0.0244321227 0.9990168214 -0.0369924940 0.2236606479 0.0415279567 0.9737820029
-328.8 102.6 2438.0 0.9743101001 0.0194261242 -0.2243711352 -0.0273302440 0.9991084933 -0.0321758352 0.2235460579 0.0374813601 0.9739724398
-467.2 305.1 2412.8 0.1359914541 -0.3921596110 -0.9097896218 0.9866213799 0.1369529068 0.0884431675 0.0899145007 -0.9096453786 0.4055374563
-503.7 40.0 2388.6 -0.0645816624 -0.3956227303 -0.9161396623 0.9720460176 0.1827300638 -0.1474322379 0.2257338017 -0.9000512958 0.3727625012
-182.7 297.1 2478.0 0.1228155792 0.5752013326 0.8087396026 -0.9907767177 0.0240524989 0.1333529204 0.0572525635 -0.8176581860 0.5728501081
-148.9 24.0 2493.8 0.1023309007 0.5664800406 0.8176972270 -0.9698418975 0.2396144271 -0.0446277596 -0.2212127894 -0.7884702086 0.5739160180
-417.5 -90.7 2406.5 0.8789789081 -0.0139157288 0.4766575694 -0.0461645015 0.9923958778 0.1141018942 -0.4746208489 -0.1222978160 0.8716526031
-412.0 -485.1 2455.1 0.8821415305 -0.0311357956 0.4699541926 0.0802946985 0.9931471348 -0.0849207565 -0.4640895724 0.1126469523 0.8785963655
-240.0 -94.9 2452.0 0.8790209293 0.0541072935 0.4737031162 -0.0584101640 0.9982767701 -0.0056370683 -0.4731917977 -0.0227139741 0.8806665540
-261.5 -491.6 2461.0 0.8789480329 0.0154460277 0.4766674042 -0.0639975294 0.9942557216 0.0857897922 -0.4726041853 -0.1059103087 0.8748875856
-485.3 -237.8 2324.1 0 0 0 0 0 0 0 0 0
-121.5 -235.0 2434.8 0 0 0 0 0 0 0 0 0
-401.5 -819.3 2417.2 0 0 0 0 0 0 0 0 0
-266.4 -810.6 2495.0 0 0 0 0 0 0 0 0 0
-323.8 503.4 2457.8 0.9826989174 0.0247992668 -0.1835423112 -0.0337537825 0.9983791113 -0.0458245240 0.1821083874 0.0512269586 0.9819431305
-328.8 301.9 2447.4 0.9826989174 0.0247992668 -0.1835423112 -0.0337537825 0.9983791113 -0.0458245240 0.1821083874 0.0512269586 0.9819431305
-334.4 103.5 2438.3 0.9826410413 0.0279167295 -0.1834045947 -0.0359472893 0.9985283017 -0.0406076834 0.1820010543 0.0464956760 0.9821984172
-472.2 307.2 2420.9 0.1279288381 -0.4283331037 -0.8945193887 0.9857224226 0.1544721723 0.0670044571 0.1094781309 -0.8903196454 0.4419790208
-507.2 37.0 2390.9 -0.0752899498 -0.4286709428 -0.9003180861 0.9747298956 0.1587929279 -0.1571192294 0.2103165984 -0.8893964291 0.4058828652
-185.4 296.7 2474.0 0.1344605237 0.5383680463 0.8319135904 -0.9903609753 0.0448425300 0.1310504824 0.0332482867 -0.8415158987 0.5392082930
-148.0 21.2 2483.2 0.1001085564 0.5289847255 0.8427060246 -0.9739785194 0.2251842320 -0.0256500319 -0.2033325881 -0.8182097673 0.5377626419
-421.9 -93.4 2410.1 0.8578389883 -0.0198544096 0.5135348439 -0.0441236831 0.9927182198 0.1120875254 -0.5120208263 -0.1188121065 0.8507163525
-414.0 -487.9 2457.3 0.8606770635 -0.0345341004 0.5079787970 0.0860285833 0.9932159781 -0.0782375336 -0.5018307567 0.1110379472 0.8578091264
-243.3 -98.4 2451.0 0.8592994809 0.0370656364 0.5101280212 -0.0306092706 0.9993097782 -0.0210486837 -0.5105561018 0.0024724768 0.8598409295
-258.1 -495.4 2450.1 0.8593270779 0.0251333769 0.5108084679 -0.0897378922 0.9907059669 0.1022191569 -0.5034918785 -0.1336785704 0.8535959125
-485.7 -241.6 2330.8 0 0 0 0 0 0 0 0 0
-121.3 -238.9 2429.0 0 0 0 0 0 0 0 0 0
-402.5 -818.8 2420.3 0 0 0 0 0 0 0 0 0
-266.0 -810.2 2492.5 0 0 0 0 0 0 0 0 0
-322.3 501.4 2451.3 0.9839549065 0.0390271582 -0.1740965992 -0.0450007990 0.9985213876 -0.0304963086 0.1726489961 0.0378414802 0.9842562675
-330.2 299.0 2443.6 0.9839549065 0.0390271582 -0.1740965992 -0.0450007990 0.9985213876 -0.0304963086 0.1726489961 0.0378414802 0.9842562675
-337.9 100.6 2436.4 0.9839720130 0.0388259739 -0.1740449965 -0.0445623957 0.9985805750 -0.0291722603 0.1726652980 0.0364605486 0.9843055010
-473.8 305.5 2418.4 0.1311754286 -0.4376251698 -0.8895376325 0.9876682162 0.1350469589 0.0792072713 0.0854662508 -0.8889580965 0.4499433339
-509.2 39.3 2395.4 -0.0768574476 -0.4385021627 -0.8954377770 0.9770405293 0.1458635777 -0.1552920341 0.1987076551 -0.8868143559 0.4172236919
-186.5 292.4 2468.8 0.1370086670 0.5272652507 0.8385821581 -0.9903454185 0.0548908263 0.1272909045 0.0210856050 -0.8479259014 0.5296952128
-148.8 19.7 2474.6 0.1002033651 0.5179682374 0.8495105505 -0.9775442481 0.2103326619 -0.0129397167 -0.1853821874 -0.8291375041 0.5274129510
-429.9 -91.6 2412.4 0.8518278003 -0.0284167398 0.5230505466 -0.0393710621 0.9922297597 0.1180254966 -0.5223402381 -0.1211304516 0.8440901041
-418.6 -485.9 2460.5 0.8541686535 -0.0432586409 0.5181936026 0.1002341360 0.9915419221 -0.0824481398 -0.5102441311 0.1223653108 0.8512800336
-249.9 -98.1 2445.7 0.8550964594 0.0146619435 0.5182616115 -0.0033947427 0.9997369647 -0.0226820875 -0.5184578300 0.0176360086 0.8549213409
-255.7 -495.2 2438.7 0.8566531539 0.0278404001 0.5151410699 -0.1034611091 0.9875276089 0.1186803430 -0.5054119229 -0.1549649537 0.8488489985
-487.2 -239.9 2338.6 0 0 0 0 0 0 0 0 0
-122.0 -241.3 2425.1 0 0 0 0 0 0 0 0 0
-404.2 -818.1 2419.5 0 0 0 0 0 0 0 0 0
-264.5 -804.7 2487.3 0 0 0 0 0 0 0 0 0
-320.5 500.7 2448.0 0.9844663739 0.0421130620 -0.1704479307 -0.0461208634 0.9987431765 -0.0196206793 0.1694074124 0.0271771047 0.9851713181
-329.0 297.8 2442.5 0.9844663739 0.0421130620 -0.1704479307 -0.0461208634 0.9987431765 -0.0196206793 0.1694074124 0.0271771047 0.9851713181
-337.8 99.3 2437.4 0.9843995571 0.0439626202 -0.1703666151 -0.0476706401 0.9987056851 -0.0177337620 0.1693664938 0.0255785938 0.9852211475
-472.8 304.7 2417.8 0.1497242004 -0.4410403967 -0.8849101663 0.9867502451 0.1232316345 0.1055364236 0.0625031069 -0.8889867067 0.4536474645
-513.9 33.9 2400.6 -0.0868013650 -0.4434470236 -0.8920875788 0.9744017124 0.1486152112 -0.1686856449 0.2073809355 -0.8838937879 0.4191955328
-185.3 290.8 2467.2 0.1240967214 0.5210359097 0.8444652557 -0.9922649264 0.0679118708 0.1039146408 -0.0032059515 -0.8508287668 0.5254333019
-151.3 19.0 2466.4 0.0972086266 0.5124152899 0.8532180786 -0.9777518511 0.2092777044 -0.0142884804 -0.1858811527 -0.8328465819 0.5213586092
-435.8 -93.8 2413.4 0.8490924239 -0.0394137837 0.5267718434 -0.0338170864 0.9911113381 0.1286653429 -0.5271607637 -0.1270626485 0.8402122259
-420.1 -487.6 2463.8 0.8510985970 -0.0489702187 0.5227170587 0.1123339832 0.9895682931 -0.0901977792 -0.5128472447 0.1354860961 0.8477212191
-255.4 -101.9 2445.0 0.8533166051 -0.0009675049 0.5213922262 0.0151593788 0.9996215701 -0.0229551010 -0.5211727023 0.0274919514 0.8530083299
-255.0 -499.0 2434.1 0.8561681509 0.0355094559 0.5154756904 -0.1165061221 0.9852110744 0.1256403178 -0.5033909082 -0.1676253080 0.8476433754
-489.1 -244.6 2341.3 0 0 0 0 0 0 0 0 0
-125.3 -242.1 2416.7 0 0 0 0 0 0 0 0 0
-403.8 -816.8 2418.8 0 0 0 0 0 0 0 0 0
-266.1 -804.4 2486.0 0 0 0 0 0 0 0 0 0
-318.6 498.3 2447.9  0.9880586267 0.0474474020 -0.1465909332 -0.0511032864 0.9984667897 -0.0212727077 0.1453568488 0.0285099596 0.9889684319
-328.2 296.6 2442.1 0.9880586267 0.0474474020 -0.1465909332 -0.0511032864 0.9984667897 -0.0212727077 0.1453568488 0.0285099596 0.9889684319
-338.3 98.2 2437.0 0.9879202843 0.0506762713 -0.1464426816 -0.0539188348 0.9983784556 -0.0182557143 0.1452800781 0.0259312075 0.9890506864
-472.5 304.5 2420.9 0.1612116098 -0.4625029862 -0.8718381524 0.9854964614 0.1228682101 0.1170475855 0.0529863387 -0.8780628443 0.4756028354
-516.0 38.1 2406.6 -0.0795048401 -0.4642491937 -0.8821290731 0.9761412740 0.1431158036 -0.1632973701 0.2020572871 -0.8740655184 0.4417943954
-183.9 288.7 2463.3 0.1143669039 0.5008983612 0.8579166532 -0.9934169650 0.0633599311 0.0954371616 -0.0065532224 -0.8631838560 0.5048472285
-152.9 18.8 2461.6 0.0747133419 0.4953235388 0.8654897809 -0.9791060686 0.2010443360 -0.0305372756 -0.1891276389 -0.8451247215 0.4999949634
-436.7 -94.7 2416.8 0.8352388144 -0.0436365940 0.5481532812 -0.0245291833 0.9928974509 0.1164170504 -0.5493400693 -0.1106817871 0.8282361031
-419.4 -489.3 2460.8 0.8367382884 -0.0455149412 0.5457081795 0.1099236235 0.9902161956 -0.0859574229 -0.5364567637 0.1319100857 0.8335549831
-256.2 -103.5 2447.9 0.8404154181 -0.0088347774 0.5418707728 0.0376800410 0.9984000325 -0.0421617962 -0.5406312943 0.0558511317 0.8394036293
-252.7 -500.0 2425.7 0.8459169865 0.0417065136 0.5316812992 -0.1338042915 0.9816477895 0.1358825564 -0.5162565708 -0.1860866100 0.8359730840
-493.3 -240.9 2348.8 0 0 0 0 0 0 0 0 0
-132.9 -242.6 2411.1 0 0 0 0 0 0 0 0 0
-404.3 -818.2 2417.0 0 0 0 0 0 0 0 0 0
-265.9 -809.0 2484.3 0 0 0 0 0 0 0 0 0
-317.9 496.8 2446.8  0.9893858433 0.0478027239 -0.1372246295 -0.0505854152 0.9985774159 -0.0168612078 0.1362234056 0.0236238036 0.9903964400
-327.5 295.7 2442.1 0.9893858433 0.0478027239 -0.1372246295 -0.0505854152 0.9985774159 -0.0168612078 0.1362234056 0.0236238036 0.9903964400
-337.9 97.3 2438.3 0.9891896844 0.0523668975 -0.1369725168 -0.0544955879 0.9984438419 -0.0118349744 0.1361396015 0.0191714317 0.9905041456
-472.0 303.6 2422.2 0.1692041755 -0.4704469442 -0.8660540581 0.9846078753 0.1197261065 0.1273303628 0.0437870994 -0.8742684722 0.4834639132
-517.2 40.5 2410.5 -0.0607775412 -0.4719840288 -0.8795096278 0.9792467952 0.1424832195 -0.1441326141 0.1933436692 -0.8700169921 0.4535290897
-183.0 287.7 2462.0 0.1094177589 0.4914593399 0.8639996648 -0.9938659072 0.0681470558 0.0871008113 -0.0160725266 -0.8682302237 0.4959011674
-153.2 17.1 2457.6 0.0627711415 0.4874810874 0.8708742857 -0.9769672751 0.2083288729 -0.0461961441 -0.2039479911 -0.8479158282 0.4893300831
-438.9 -95.2 2418.6 0.8297037482 -0.0426188707 0.5565746427 -0.0248504952 0.9932723641 0.1131037846 -0.5576505661 -0.1076737866 0.8230627179
-422.0 -489.9 2461.3 0.8303911686 -0.0534372814 0.5546124578 0.1147928461 0.9904438853 -0.0764431730 -0.5452275872 0.1271432787 0.8285900354
-257.8 -105.1 2445.2 0.8350207210 -0.0190369431 0.5498890877 0.0501746647 0.9978718162 -0.0416455902 -0.5479260087 0.0623654313 0.8341988325
-250.2 -501.5 2420.4 0.8420870900 0.0527079068 0.5367599130 -0.1533716768 0.9775278568 0.1446249485 -0.5170748830 -0.2041105628 0.8312475085
-499.8 -239.3 2355.2 0 0 0 0 0 0 0 0 0
-136.5 -243.8 2403.1 0 0 0 0 0 0 0 0 0
-404.1 -820.5 2418.9 0 0 0 0 0 0 0 0 0
-267.0 -812.0 2485.2 0 0 0 0 0 0 0 0 0
-317.0 495.7 2438.3  0.9897533059 0.0486879237 -0.1342308074 -0.0487620719 0.9988066554 0.0027370856 0.1342038959 0.0038363328 0.9909462929
-326.8 294.0 2437.5 0.9897533059 0.0486879237 -0.1342308074 -0.0487620719 0.9988066554 0.0027370856 0.1342038959 0.0038363328 0.9909462929
-337.5 95.6 2437.1 0.9894846678 0.0541489869 -0.1341192573 -0.0539793111 0.9985300303 0.0049037598 0.1341876388 0.0023874696 0.9909530878
-471.3 301.9 2417.9 0.1714416891 -0.4736790955 -0.8638494611 0.9849781394 0.1007757634 0.1402222812 0.0206347201 -0.8749127984 0.4838407338
-516.2 44.3 2412.5 -0.0345877185 -0.4757281244 -0.8789120913 0.9824046493 0.1453193575 -0.1173173562 0.1835341007 -0.8675050735 0.4623312652
-182.3 286.1 2457.1 0.1044794545 0.4878585041 0.8666476607 -0.9944199920 0.0640332252 0.0838371888 -0.0145935612 -0.8705709577 0.4918263853
-154.1 17.9 2453.2 0.0518499091 0.4857852459 0.8725389838 -0.9730337262 0.2212150693 -0.0653395578 -0.2247597724 -0.8456220031 0.4841554165
-439.0 -96.1 2422.0 0.8273685575 -0.0440158732 0.5599319935 -0.0199998245 0.9939835072 0.1076885760 -0.5613031387 -0.1002966836 0.8215103745
-421.5 -491.1 2461.9 0.8277642131 -0.0545408949 0.5584189296 0.1177840382 0.9899787307 -0.0779040232 -0.5485739112 0.1302589923 0.8258929849
-257.6 -106.1 2447.0 0.8336436152 -0.0089106672 0.5522308946 0.0295760576 0.9991554022 -0.0285256580 -0.5515102744 0.0401130430 0.8332030773
-254.1 -503.0 2431.0 0.8377539515 0.0408897363 0.5445147753 -0.1280364841 0.9841015935 0.1230883151 -0.5308248401 -0.1728354841 0.8296703696
-506.3 -236.3 2360.1 0 0 0 0 0 0 0 0 0
-140.2 -241.9 2393.2 0 0 0 0 0 0 0 0 0
-403.4 -819.6 2418.6 0 0 0 0 0 0 0 0 0
-266.6 -804.7 2484.0 0 0 0 0 0 0 0 0 0
-315.2 497.0 2442.0  0.9903393388 0.0509419776 -0.1289686859 -0.0528788678 0.9985331297 -0.0116366940 0.1281867176 0.0183439944 0.9915803671
-325.5 294.9 2438.3 0.9903393388 0.0509419776 -0.1289686859 -0.0528788678 0.9985331297 -0.0116366940 0.1281867176 0.0183439944 0.9915803671
-336.7 96.6 2435.8 0.9900828004 0.0564687513 -0.1286362410 -0.0576475821 0.9983220696 -0.0054563275 0.1281122863 0.0128177851 0.9916768074
-470.2 303.4 2419.6 0.1823064685 -0.4790616632 -0.8586409688 0.9830316901 0.1068570986 0.1490982771 0.0203246083 -0.8712528348 0.4904135466
-518.2 44.1 2414.2 -0.0310191140 -0.4803746045 -0.8765147328 0.9838520288 0.1399823129 -0.1115351170 0.1762751937 -0.8658205271 0.4682754278
-180.9 286.5 2457.0 0.0905419439 0.4836992323 0.8705384731 -0.9955446720 0.0670668185 0.0662789494 -0.0263251662 -0.8726609349 0.4876165390
-156.5 17.9 2449.9 0.0434838720 0.4831423461 0.8744613528 -0.9699495435 0.2301491052 -0.0789258704 -0.2393889278 -0.8447513580 0.4786314666
-439.0 -97.8 2424.3 0.8240261078 -0.0510606579 0.5642462373 -0.0119114285 0.9941489100 0.1073595583 -0.5664265752 -0.0951880589 0.8185964227
-418.7 -492.9 2462.1 0.8248589039 -0.0448662899 0.5635555387 0.1122325435 0.9900007248 -0.0854545012 -0.5540863276 0.1337371767 0.8216463327
-257.6 -107.8 2448.9 0.8307078481 -0.0013931828 0.5567069054 0.0195719171 0.9994517565 -0.0267036855 -0.5563644767 0.0330787823 0.8302796483
-257.0 -504.9 2435.8 0.8346795440 0.0254553519 0.5501473546 -0.1118789613 0.9859395027 0.1241224557 -0.5392524600 -0.1651523858 0.8257914186
-509.4 -237.0 2363.9 0 0 0 0 0 0 0 0 0
-144.9 -241.1 2386.0 0 0 0 0 0 0 0 0 0
-403.9 -821.2 2417.8 0 0 0 0 0 0 0 0 0
-264.8 -806.8 2486.3 0 0 0 0 0 0 0 0 0
-316.0 502.8 2451.9  0.9909615517 0.0539174490 -0.1228339076 -0.0578877032 0.9979022741 -0.0289833881 0.1210135296 0.0358319953 0.9920039177
-326.9 302.1 2444.7 0.9909615517 0.0539174490 -0.1228339076 -0.0578877032 0.9979022741 -0.0289833881 0.1210135296 0.0358319953 0.9920039177
-338.4 103.8 2438.6 0.9907671213 0.0580402687 -0.1225226000 -0.0613526255 0.9978410006 -0.0234341063 0.1208979562 0.0307348259 0.9921890497
-471.6 311.0 2427.0 0.1766576767 -0.4846371710 -0.8566906452 0.9834975600 0.1214421839 0.1341055781 0.0390458368 -0.8662439585 0.4980931580
-519.1 46.6 2416.5 -0.0307612903 -0.4851382971 -0.8738961816 0.9845975041 0.1358404011 -0.1100689918 0.1721090972 -0.8638218641 0.4734873474
-182.1 293.1 2462.3 0.0943386704 0.4775914252 0.8735024929 -0.9941709638 0.0911967307 0.0575086959 -0.0521949120 -0.8738361001 0.4834109247
-155.9 16.8 2447.8 0.0323706754 0.4782226682 0.8776418567 -0.9658917785 0.2406838089 -0.0955217481 -0.2569148540 -0.8446149230 0.4697024226
-438.8 -96.5 2421.5 0.8207211494 -0.0552752875 0.5686487556 -0.0069185304 0.9942743182 0.1066334546 -0.5712870955 -0.0914505497 0.8156395555
-416.8 -491.6 2457.8 0.8213053346 -0.0361613594 0.5693416595 0.0946114138 0.9928028584 -0.0734247342 -0.5625888705 0.1141703427 0.8188155293
-257.2 -107.1 2445.0 0.8272361159 0.0045390315 0.5618360639 0.0075190021 0.9997884035 -0.0191480424 -0.5618040562 0.0200644005 0.8270269632
-259.0 -504.3 2437.0 0.8305052519 0.0194373261 0.5566715598 -0.1065601334 0.9864767194 0.1245335490 -0.5467228889 -0.1627447605 0.8213453889
-510.3 -234.8 2367.3 0 0 0 0 0 0 0 0 0
-147.3 -241.1 2379.2 0 0 0 0 0 0 0 0 0
-404.7 -824.1 2419.6 0 0 0 0 0 0 0 0 0
-264.9 -807.4 2487.0 0 0 0 0 0 0 0 0 0
-313.8 501.0 2448.8  0.9904690981 0.0601928942 -0.1238861531 -0.0624664910 0.9979410172 -0.0145469736 0.1227554530 0.0221470613 0.9921898246
-326.0 299.5 2444.4 0.9904690981 0.0601928942 -0.1238861531 -0.0624664910 0.9979410172 -0.0145469736 0.1227554530 0.0221470613 0.9921898246
-339.1 101.3 2440.5 0.9901254177 0.0659826621 -0.1236850023 -0.0679023638 0.9976272583 -0.0113655971 0.1226415932 0.0196518693 0.9922564626
-470.6 309.5 2426.4 0.1879272461 -0.4812209904 -0.8562182784 0.9815247059 0.1239239797 0.1457810551 0.0359530672 -0.8677955866 0.4956189990
-519.1 56.0 2417.2 -0.0260741096 -0.4816208482 -0.8759917021 0.9849588275 0.1373531818 -0.1048344150 0.1708106846 -0.8655492067 0.4707953334
-181.3 289.6 2462.3 0.0947067589 0.4770060480 0.8737825155 -0.9934733510 0.1013374701 0.0523586273 -0.0635715276 -0.8730383515 0.4834901392
-156.0 24.5 2445.3 0.0089509916 0.4804459512 0.8769786358 -0.9637696147 0.2379538268 -0.1205243245 -0.2665858567 -0.8441265821 0.4651691318
-440.8 -88.8 2421.4 0.8212639689 -0.0468790382 0.5686192513 -0.0211393200 0.9934343100 0.1124341190 -0.5701566935 -0.1043583155 0.8148807883
-422.2 -483.6 2462.9 0.8214952946 -0.0532040037 0.5677277446 0.1118656322 0.9913272262 -0.0689670667 -0.5591346622 0.1201653406 0.8203223348
-259.1 -100.1 2443.6 0.8279121518 -0.0034292275 0.5608472824 0.0141000981 0.9997925162 -0.0147011969 -0.5606805086 0.0200793017 0.8277887106
-257.7 -497.3 2435.6 0.8313851357 0.0228778198 0.5552254915 -0.1077715233 0.9868198633 0.1207137480 -0.5451459289 -0.1601971090 0.8228929639
-511.7 -225.5 2368.3 0 0 0 0 0 0 0 0 0
-153.7 -232.8 2374.1 0 0 0 0 0 0 0 0 0
-404.0 -822.1 2421.8 0 0 0 0 0 0 0 0 0
-264.9 -806.7 2485.8 0 0 0 0 0 0 0 0 0
-312.7 502.5 2455.8  0.9900252223 0.0662680939 -0.1243327111 -0.0712388977 0.9968106747 -0.0359645002 0.1215528771 0.0444630869 0.9915885925
-326.0 301.4 2446.8 0.9900252223 0.0662680939 -0.1243327111 -0.0712388977 0.9968106747 -0.0359645002 0.1215528771 0.0444630869 0.9915885925
-340.2 103.4 2439.7 0.9897500277 0.0713572204 -0.1237054989 -0.0752252936 0.9968042374 -0.0268787872 0.1213921681 0.0359090641 0.9919548631
-470.6 312.4 2429.1 0.1805131733 -0.4813416600 -0.8577442169 0.9820534587 0.1366530359 0.1299883872 0.0546445325 -0.8658152819 0.4973709285
-518.3 52.9 2414.7 -0.0220275130 -0.4813449681 -0.8762544394 0.9855460525 0.1368009746 -0.0999225676 0.1679696888 -0.8657901287 0.4713742435
-181.4 290.5 2464.6 0.0906206444 0.4778149128 0.8737738729 -0.9930397868 0.1096349955 0.0430370681 -0.0752324462 -0.8715922832 0.4844243824
-157.1 23.6 2444.3 -0.0296378396 0.4866897464 0.8730719686 -0.9546753764 0.2450221777 -0.1689944267 -0.2961698472 -0.8385089040 0.4573687911
-443.0 -90.7 2425.3 0.8200778961 -0.0618932694 0.5688949227 0.0037075265 0.9946875572 0.1028731316 -0.5722398758 -0.0822547898 0.8159507513
-418.4 -485.8 2458.0 0.8196912408 -0.0422133878 0.5712480545 0.0961094573 0.9932782054 -0.0645086542 -0.5646851063 0.1077795178 0.8182385564
-261.4 -103.1 2447.8 0.8279412985 -0.0079016993 0.5607591271 0.0230955947 0.9995328784 -0.0200153477 -0.5603390336 0.0295225978 0.8277370334
-258.3 -500.3 2436.1 0.8322888613 0.0235320181 0.5538425446 -0.1099934652 0.9862436652 0.1233889163 -0.5433201194 -0.1636142731 0.8234279752
-512.0 -228.8 2366.7 0 0 0 0 0 0 0 0 0
-165.0 -231.0 2365.4 0 0 0 0 0 0 0 0 0
-404.1 -822.5 2421.4 0 0 0 0 0 0 0 0 0
-265.6 -806.8 2486.9 0 0 0 0 0 0 0 0 0
-310.1 503.0 2450.8  0.9869464040 0.0744057968 -0.1428306401 -0.0779613629 0.9967665672 -0.0194529146 0.1409213990 0.0303342547 0.9895559549
-325.2 301.0 2444.6 0.9869464040 0.0744057968 -0.1428306401 -0.0779613629 0.9967665672 -0.0194529146 0.1409213990 0.0303342547 0.9895559549
-340.9 103.1 2439.6 0.9866352081 0.0791968331 -0.1424038410 -0.0819997862 0.9965352416 -0.0139142554 0.1408084780 0.0254053771 0.9897108078
-469.3 313.0 2424.1 0.2002583146 -0.4664827585 -0.8615627885 0.9794360995 0.1173332036 0.1641276777 0.0245271940 -0.8767136335 0.4803869724
-521.8 56.2 2417.6 -0.0342213996 -0.4673855901 -0.8833909631 0.9838114381 0.1398245841 -0.1120901182 0.1759090722 -0.8729259968 0.4550342858
-181.1 289.1 2465.2 0.0827626660 0.4940546751 0.8654826880 -0.9938272238 0.1052969620 0.0349277183 -0.0738764927 -0.8630310297 0.4997196496
-158.9 23.3 2445.4 -0.0500052236 0.5067456365 0.8606441617 -0.9483899474 0.2460843921 -0.1999974549 -0.3131389320 -0.8262271881 0.4682869315
-445.2 -87.7 2421.4 0.8300201297 -0.0601986572 0.5544751287 0.0003950450 0.9942212105 0.1073499620 -0.5577332973 -0.0888835937 0.8252474070
-421.2 -482.8 2456.8 0.8289726377 -0.0522662178 0.5568416715 0.1009883583 0.9932468534 -0.0571137778 -0.5500960946 0.1035802886 0.8286527395
-263.6 -101.5 2443.7 0.8384067416 -0.0085343029 0.5449783206 0.0106732436 0.9999427795 -0.0007609556 -0.5449405909 0.0064546764 0.8384497762
-260.2 -498.8 2441.1 0.8413249254 0.0152302496 0.5403151512 -0.0918609872 0.9890907407 0.1151565686 -0.5326668620 -0.1465179622 0.8335457444
-512.0 -225.0 2367.4 0 0 0 0 0 0 0 0 0
-172.3 -229.7 2361.9 0 0 0 0 0 0 0 0 0
-403.3 -822.9 2421.3 0 0 0 0 0 0 0 0 0
-265.0 -805.9 2486.6 0 0 0 0 0 0 0 0 0
-306.7 499.7 2440.8  0.9779561758 0.0908053592 -0.1880323291 -0.0895574093 0.9958665967 0.0151399830 0.1886299103 0.0020334492 0.9820461273
-325.2 297.4 2440.4 0.9779561758 0.0908053592 -0.1880323291 -0.0895574093 0.9958665967 0.0151399830 0.1886299103 0.0020334492 0.9820461273
-343.2 99.6 2439.6 0.9779607058 0.0904910788 -0.1881601214 -0.0895073935 0.9958914518 0.0137360664 0.1886300445 0.0034083882 0.9820423126
-467.8 310.3 2412.8 0.2110724002 -0.4266780615 -0.8794283867 0.9774539471 0.0869067013 0.1924345046 -0.0056793601 -0.9002183676 0.4354017377
-522.5 57.3 2414.3 -0.0381240882 -0.4293404222 -0.9023377299 0.9842432737 0.1398913860 -0.1081462055 0.1726608127 -0.8922427893 0.4172421694
-182.5 284.4 2467.9 0.0788514912 0.5323269963 0.8428584933 -0.9938452840 0.1079683751 0.0247867312 -0.0778074190 -0.8396254182 0.5375640988
-161.8 23.4 2447.5 -0.0468683168 0.5440681577 0.8377310038 -0.9474138021 0.2415643483 -0.2098897547 -0.3165602684 -0.8035151362 0.5041359663
-447.2 -87.4 2421.6 0.8525918722 -0.0723856613 0.5175397396 0.0149724288 0.9933371544 0.1142675504 -0.5223628283 -0.0896747559 0.8479949832
-418.4 -482.1 2457.2 0.8517869115 -0.0450426415 0.5219484568 0.0974764824 0.9925257564 -0.0734233707 -0.5147401094 0.1134187654 0.8498110771
-266.2 -102.4 2447.4 0.8626933694 -0.0107708322 0.5056126714 0.0074783079 0.9999355674 0.0085414238 -0.5056720376 -0.0035875023 0.8627183437
-261.9 -499.8 2448.8 0.8647285104 0.0112811299 0.5021128654 -0.0748711750 0.9914720058 0.1066658869 -0.4966275394 -0.1298308074 0.8581987023
-511.6 -224.1 2364.9 0 0 0 0 0 0 0 0 0
-174.3 -229.5 2363.0 0 0 0 0 0 0 0 0 0
-403.0 -821.2 2418.5 0 0 0 0 0 0 0 0 0
-265.4 -806.2 2489.0 0 0 0 0 0 0 0 0 0
-305.1 500.9 2442.8  0.9758067131 0.0940443203 -0.1973751485 -0.0943558738 0.9955075979 0.0078467205 0.1972264051 0.0109666223 0.9802966118
-324.3 298.5 2440.5 0.9758067131 0.0940443203 -0.1973751485 -0.0943558738 0.9955075979 0.0078467205 0.1972264051 0.0109666223 0.9802966118
-343.2 100.7 2438.7 0.9757354856 0.0952228308 -0.1971620917 -0.0951050743 0.9954161048 0.0100878635 0.1972189248 0.0089080296 0.9803190231
-466.7 312.3 2411.7 0.2074857801 -0.4175180793 -0.8846628070 0.9782133102 0.0949865729 0.1845977157 0.0069582043 -0.9036903381 0.4281300902
-522.0 51.8 2409.9 -0.0390115045 -0.4195067286 -0.9069135785 0.9850744605 0.1361297071 -0.1053425297 0.1676497906 -0.8974869251 0.4079347551
-181.8 284.6 2469.3 0.0643492267 0.5410652757 0.8385151029 -0.9946994185 0.1023060158 0.0103205116 -0.0802010670 -0.8347346187 0.5447806120
-164.5 17.0 2447.8 -0.0602957308 0.5529734492 0.8310143352 -0.9502462745 0.2230929732 -0.2173973024 -0.3056083918 -0.8027763963 0.5120093822
-450.9 -90.1 2421.6 0.8563637733 -0.0844550282 0.5094197392 0.0274931043 0.9925923347 0.1183411404 -0.5156406164 -0.0873375386 0.8523420095
-417.4 -484.5 2456.3 0.8553511500 -0.0442826189 0.5161525011 0.0964949951 0.9925221205 -0.0747562572 -0.5089824200 0.1137489900 0.8532280326
-271.8 -106.4 2456.2 0.8671672940 -0.0216272119 0.4975471795 0.0194030255 0.9997652769 0.0096402261 -0.4976388812 0.0012942320 0.8673833609
-263.2 -503.7 2455.7 0.8695982695 0.0101822261 0.4936549664 -0.0675274953 0.9928458333 0.0984744728 -0.4891205728 -0.1189685091 0.8640645742
-510.8 -229.8 2362.0 0 0 0 0 0 0 0 0 0
-180.6 -236.7 2366.2 0 0 0 0 0 0 0 0 0
-402.5 -818.0 2418.1 0 0 0 0 0 0 0 0 0
-266.3 -806.3 2491.9 0 0 0 0 0 0 0 0 0
-302.6 501.8 2444.3  0.9733121395 0.0964908674 -0.2082139254 -0.0970126539 0.9952531457 0.0077287899 0.2079713196 0.0126768611 0.9780527949
-322.1 300.3 2441.7 0.9733121395 0.0964908674 -0.2082139254 -0.0970126539 0.9952531457 0.0077287899 0.2079713196 0.0126768611 0.9780527949
-341.3 102.5 2439.6 0.9733575583 0.0965278894 -0.2079842836 -0.0965442061 0.9952774644 0.0100969616 0.2079767138 0.0102517242 0.9780800343
-464.2 314.4 2411.3 0.2117385566 -0.4049358964 -0.8894907236 0.9771049023 0.1070838198 0.1838453114 0.0208044965 -0.9080528617 0.4183385968
-521.0 52.3 2405.7 -0.0400263444 -0.4064086378 -0.9128142595 0.9848219156 0.1383663118 -0.1047881171 0.1688895375 -0.9031537771 0.3947018385
-179.9 286.2 2472.1 0.0564905554 0.5506829619 0.8328007460 -0.9952479601 0.0973219126 0.0031563288 -0.0793116242 -0.8290215731 0.5535638332
-164.7 17.8 2450.7 -0.0742873102 0.5651108623 0.8216636181 -0.9455274940 0.2219598740 -0.2381419986 -0.3169529736 -0.7945964932 0.5178390145
-451.6 -88.4 2418.8 0.8614287376 -0.0887628496 0.5000616908 0.0337059461 0.9924299121 0.1180966944 -0.5067587495 -0.0848768353 0.8578994870
-416.4 -482.8 2452.6 0.8606457114 -0.0374018401 0.5078287125 0.0851570144 0.9938257337 -0.0711245984 -0.5020330548 0.1044582576 0.8585168719
-272.8 -105.7 2455.0 0.8726686239 -0.0200119913 0.4879026115 0.0172798447 0.9997996688 0.0101012029 -0.4880070090 -0.0003841218 0.8728396297
-264.8 -503.1 2455.2 0.8750705719 0.0068320609 0.4839471281 -0.0645642877 0.9926115274 0.1027317345 -0.4796696305 -0.1211432219 0.8690462112
-509.6 -229.2 2357.5 0 0 0 0 0 0 0 0 0
-184.5 -234.7 2366.1 0 0 0 0 0 0 0 0 0
-403.7 -818.4 2417.3 0 0 0 0 0 0 0 0 0
-266.9 -808.5 2492.4 0 0 0 0 0 0 0 0 0
-299.3 501.8 2447.5  0.9682424068 0.0988269299 -0.2296515256 -0.1021105945 0.9947701097 -0.0024286313 0.2282104492 0.0258013587 0.9732698798
-319.3 300.5 2442.3 0.9682424068 0.0988269299 -0.2296515256 -0.1021105945 0.9947701097 -0.0024286313 0.2282104492 0.0258013587 0.9732698798
-339.0 102.8 2438.2 0.9683374166 0.0990906283 -0.2291367501 -0.1011555493 0.9948668480 0.0027462742 0.2282326967 0.0205191355 0.9733903408
-460.7 315.2 2409.0 0.2130957544 -0.3862258792 -0.8974518180 0.9766668081 0.1092961207 0.1848684698 0.0266870130 -0.9159060717 0.4005045295
-517.5 55.3 2401.9 -0.0270556919 -0.3870935440 -0.9216434360 0.9869801402 0.1358895749 -0.0860478282 0.1585502923 -0.9119718075 0.3783770502
-177.9 285.7 2475.6 0.0504844747 0.5692748427 0.8205958009 -0.9955748916 0.0938908905 -0.0038857674 -0.0792585388 -0.8167684078 0.5714957714
-164.5 21.2 2454.6 -0.0649223551 0.5834460855 0.8095528483 -0.9452736974 0.2239962369 -0.2372409999 -0.3197541237 -0.7806512713 0.5369738936
-449.7 -86.4 2418.5 0.8717446923 -0.0896811932 0.4816829562 0.0417999141 0.9931343794 0.1092557386 -0.4881741107 -0.0751088038 0.8695083261
-414.1 -481.1 2448.4 0.8711162806 -0.0335081927 0.4899322391 0.0740981922 0.9952155352 -0.0636828318 -0.4854542613 0.0917782485 0.8694313765
-271.3 -104.1 2456.7 0.8831469417 -0.0218236633 0.4685885608 0.0163003616 0.9997416735 0.0158399306 -0.4688131809 -0.0063508237 0.8832744956
-262.6 -501.4 2459.2 0.8850539923 0.0164188836 0.4651986957 -0.0699962899 0.9927086234 0.0981329605 -0.4601955414 -0.1194151565 0.8797500134
-509.7 -226.8 2356.5 0 0 0 0 0 0 0 0 0
-181.9 -231.2 2369.2 0 0 0 0 0 0 0 0 0
-402.8 -817.5 2417.3 0 0 0 0 0 0 0 0 0
-267.6 -806.3 2495.9 0 0 0 0 0 0 0 0 0
-297.6 502.9 2454.6  0.9672500491 0.1009314433 -0.2328951210 -0.1073159724 0.9941136837 -0.0148738818 0.2300229818 0.0393801294 0.9723880887
-318.0 302.1 2446.7 0.9672500491 0.1009314433 -0.2328951210 -0.1073159724 0.9941136837 -0.0148738818 0.2300229818 0.0393801294 0.9723880887
-338.0 104.5 2439.8 0.9673873186 0.1006848738 -0.2324314415 -0.1059626266 0.9943167567 -0.0103008579 0.2300733328 0.0345939659 0.9725582600
-459.3 317.5 2413.1 0.2008386701 -0.3789134920 -0.9033761024 0.9772620797 0.1414982080 0.1579147726 0.0679900721 -0.9145506024 0.3987160921
-513.4 54.4 2394.8 -0.0143754007 -0.3787696958 -0.9253793359 0.9891744852 0.1297815293 -0.0684876889 0.1460382044 -0.9163461328 0.3728036582
-176.7 286.6 2480.3 0.0552412197 0.5720452070 0.8183597326 -0.9942195415 0.1070865244 -0.0077428482 -0.0920645595 -0.8132015467 0.5746541619
-161.9 19.6 2455.6 -0.0724348426 0.5838316083 0.8086370230 -0.9468637705 0.2144871801 -0.2396752983 -0.3133722842 -0.7830299139 0.5372726917
-447.5 -85.6 2413.2 0.8739036918 -0.0948856995 0.4767484367 0.0422550850 0.9918797016 0.1199549288 -0.4842590988 -0.0846840143 0.8708167076
-409.8 -479.8 2446.8 0.8737136722 -0.0199599322 0.4860308766 0.0557357296 0.9966852665 -0.0592622794 -0.4832369387 0.0788675472 0.8719300032
-269.9 -104.2 2455.0 0.8850957155 -0.0113292206 0.4652711451 -0.0002298831 0.9996929169 0.0247795507 -0.4654090106 -0.0220392328 0.8848212957
-265.4 -501.4 2463.8 0.8858832717 0.0062238383 0.4638665020 -0.0498181023 0.9954040647 0.0817860141 -0.4612255692 -0.0955618024 0.8821218610
-509.3 -228.3 2353.0 0 0 0 0 0 0 0 0 0
-181.2 -233.3 2371.9 0 0 0 0 0 0 0 0 0
-403.0 -817.2 2420.1 0 0 0 0 0 0 0 0 0
-267.3 -805.0 2492.9 0 0 0 0 0 0 0 0 0
-295.7 503.3 2459.7  0.9619151950 0.1017279029 -0.2537136078 -0.1114027426 0.9934849739 -0.0240225773 0.2496168911 0.0513720773 0.9669810534
-316.2 302.9 2449.3 0.9619151950 0.1017279029 -0.2537136078 -0.1114027426 0.9934849739 -0.0240225773 0.2496168911 0.0513720773 0.9669810534
-336.1 105.4 2440.5 0.9622311592 0.1003652737 -0.2530572414 -0.1082952097 0.9939635396 -0.0175676104 0.2497664988 0.0443089902 0.9672917724
-456.7 318.8 2412.9 0.2110866457 -0.3582743108 -0.9094404578 0.9741518497 0.1536750346 0.1655662358 0.0804401636 -0.9208819270 0.3814523518
-512.5 61.4 2391.6 -0.0215738807 -0.3579823971 -0.9334790707 0.9874721169 0.1383518875 -0.0758786649 0.1563118249 -0.9234215617 0.3505128324
-175.7 287.1 2485.8 0.0529287942 0.5890331268 0.8063737154 -0.9929444194 0.1168508083 -0.0201812740 -0.1061128601 -0.7996160984 0.5910618901
-161.3 18.3 2457.1 -0.0679858699 0.5984411836 0.7982769012 -0.9483389258 0.2097631097 -0.2380183190 -0.3098890185 -0.7732189894 0.5532641411
-446.7 -83.3 2411.8 0.8843412995 -0.0908868909 0.4579083920 0.0419263132 0.9923643470 0.1159964502 -0.4649544954 -0.0833820328 0.8813993335
-410.6 -477.7 2445.0 0.8841229081 -0.0224719774 0.4667137265 0.0549774058 0.9969077706 -0.0561464019 -0.4640088081 0.0752990320 0.8826244473
-269.3 -102.8 2454.0 0.8947820067 -0.0155456075 0.4462325275 0.0033025220 0.9995968342 0.0282012206 -0.4464910328 -0.0237602517 0.8944725990
-263.1 -500.0 2463.5 0.8955774307 0.0153070195 0.4446422458 -0.0590095706 0.9946650863 0.0846124813 -0.4409749508 -0.1020151749 0.8917028904
-506.3 -220.9 2346.9 0 0 0 0 0 0 0 0 0
-179.5 -235.0 2374.3 0 0 0 0 0 0 0 0 0
-403.0 -815.7 2419.4 0 0 0 0 0 0 0 0 0
-267.8 -805.6 2494.8 0 0 0 0 0 0 0 0 0
-294.5 504.2 2460.7  0.9576714635 0.0986787081 -0.2704217136 -0.1081876978 0.9939201474 -0.0204477366 0.2667598426 0.0488385186 0.9625247717
-314.5 302.9 2450.8 0.9576714635 0.0986787081 -0.2704217136 -0.1081876978 0.9939201474 -0.0204477366 0.2667598426 0.0488385186 0.9625247717
-333.8 105.4 2441.9 0.9579359293 0.0969265476 -0.2701184750 -0.1054994166 0.9942677021 -0.0173654985 0.2668868899 0.0451323763 0.9626705050
-454.4 318.4 2411.9 0.2079694718 -0.3393323421 -0.9173888564 0.9732080102 0.1658062190 0.1592935771 0.0980553031 -0.9259383678 0.3647235930
-509.5 60.4 2385.9 -0.0292704906 -0.3388043642 -0.9404014349 0.9858323932 0.1456647515 -0.0831641182 0.1651597172 -0.9295124412 0.3297406137
-174.6 287.5 2489.8 0.0515677482 0.6030263305 0.7960527539 -0.9932824969 0.1136521995 -0.0217497237 -0.1035888046 -0.7895836830 0.6048362851
