-377.0 540.6 2444.7 1 0.9840674996 0.0836390033 -0.1568939239 -0.0739387870 0.9950307012 0.0666859373 0.1616917998 -0.0540229194 0.9853615165
-394.0 338.6 2455.7 0.9840674996 0.0836390033 -0.1568939239 -0.0739387870 0.9950307012 0.0666859373 0.1616917998 -0.0540229194 0.9853615165
-410.0 143.6 2465.4 0.9841864705 0.0814702660 -0.1572881639 -0.0725042224 0.9954433441 0.0619331673 0.1616171598 -0.0495497324 0.9856088161
-534.1 348.9 2432.7 0.1903222352 -0.9028526545 -0.3855314851 0.9810891747 0.1890142113 0.0416855551 0.0352350101 -0.3861744404 0.9217525721
-584.4 89.5 2423.4 -0.0844071954 -0.9014320374 -0.4246124029 0.9676217437 0.0275765322 -0.2508937716 0.2378730327 -0.4320414364 0.8699175715
-253.9 328.3 2478.7 0.0954797566 0.9677022696 0.2333151102 -0.9845356345 0.0572198853 0.1655761302 0.1468781382 -0.2455162108 0.9582006931
-230.2 83.5 2515.2 0.0200022962 0.9675947428 0.2517147362 -0.9577652216 0.0907786191 -0.2728462219 -0.2868548930 -0.2356260568 0.9285443425
-509.0 -48.5 2459.5 0.6898688674 0.0040566567 -0.7239230275 0.0700415298 0.9949189425 0.0723219365 0.7205380797 -0.1005973294 0.6860794425
-510.5 -438.1 2498.9 0.6933682561 0.0278331935 -0.7200456858 -0.0780399293 0.9962767959 -0.0366377383 0.7163450122 0.0815957561 0.6929588318
-332.4 -59.6 2496.4 0.9920355678 -0.0492078178 -0.1159486175 0.0576584861 0.9958303571 0.0706918910 0.1119865626 -0.0768142939 0.9907363653
-313.2 -449.6 2526.5 0.9909697771 0.0723498538 -0.1128911301 -0.0713739991 0.9973691702 0.0126674650 0.1135106236 -0.0044955835 0.9935266376
-560.9 -179.4 2357.2 0 0 0 0 0 0 0 0 0
-225.0 -162.7 2441.4 0 0 0 0 0 0 0 0 0
-519.1 -745.6 2473.8 0 0 0 0 0 0 0 0 0
-335.7 -759.9 2527.9 0 0 0 0 0 0 0 0 0
-374.5 541.3 2437.5 2 0.9845358729 0.0943435356 -0.1476089358 -0.0820791349 0.9928131104 0.0870925859 0.1547647119 -0.0736301616 0.9852038026
-393.7 339.4 2452.5 0.9845358729 0.0943435356 -0.1476089358 -0.0820791349 0.9928131104 0.0870925859 0.1547647119 -0.0736301616 0.9852038026
-411.6 144.9 2465.3 0.9846589565 0.0917737633 -0.1484059244 -0.0807655603 0.9936302900 0.0785861984 0.1546727717 -0.0653945133 0.9857991338
-533.9 350.9 2430.4 0.2048995793 -0.9030852914 -0.3774296045 0.9785669446 0.1971126199 0.0596096702 0.0205635224 -0.3815541565 0.9241177440
-587.4 95.5 2425.1 -0.0918689817 -0.9014260173 -0.4230735302 0.9665263891 0.0214899573 -0.2556657195 0.2395555824 -0.4323994517 0.8692777753
-253.4 327.9 2474.5 0.0858471096 0.9663100243 0.2426420599 -0.9823846817 0.0415250324 0.1821977198 0.1659837663 -0.2540089786 0.9528529644
-232.4 87.2 2515.2 0.0306816250 0.9662280679 0.2558554113 -0.9598082900 0.0999250859 -0.2622650862 -0.2789742649 -0.2375254333 0.9304595590
-514.8 -44.8 2460.6 0.6965324283 -0.0197010059 -0.7172547579 0.0810481980 0.9953857064 0.0513661243 0.7129331827 -0.0939103812 0.6949151754
-507.1 -434.5 2497.3 0.6998180747 0.0357283540 -0.7134270668 -0.0792308077 0.9964681268 -0.0278164130 0.7099134922 0.0759918317 0.7001771927
-337.1 -57.9 2489.7 0.9922884107 -0.0625033975 -0.1070376858 0.0721761957 0.9934117198 0.0890153050 0.1007687375 -0.0960544273 0.9902622104
-312.6 -446.9 2527.4 0.9923053384 0.0704948902 -0.1017869189 -0.0697810575 0.9975064397 0.0105611412 0.1022776142 -0.0033770783 0.9947501421
-561.8 -173.2 2358.5 0 0 0 0 0 0 0 0 0
-224.5 -159.6 2443.5 0 0 0 0 0 0 0 0 0
-518.2 -745.9 2473.6 0 0 0 0 0 0 0 0 0
-334.8 -760.6 2528.4 0 0 0 0 0 0 0 0 0
-372.9 541.5 2433.4 3 0.9842877388 0.0945459753 -0.1491264105 -0.0807982534 0.9921247363 0.0957085416 0.1570008546 -0.0821555927 0.9841753840
-392.1 339.9 2450.1 0.9842877388 0.0945459753 -0.1491264105 -0.0807982534 0.9921247363 0.0957085416 0.1570008546 -0.0821555927 0.9841753840
-410.0 145.4 2464.5 0.9844232798 0.0917608291 -0.1499691606 -0.0793540701 0.9930664897 0.0867285877 0.1568876356 -0.0734769702 0.9848793745
-532.3 351.2 2427.7 0.2160371542 -0.8999534845 -0.3786972761 0.9762442708 0.2056855559 0.0681219548 0.0165859684 -0.3844179213 0.9230101705
-588.2 98.7 2423.4 -0.0736428648 -0.9011498690 -0.4272067845 0.9701671600 0.0344803333 -0.2399723977 0.2309813350 -0.4321342707 0.8717268109
-251.8 328.6 2472.4 0.0839860067 0.9945558906 0.0616836548 -0.9619359970 0.0647654012 0.2654892504 0.2600489259 -0.0816331133 0.9621385336
-230.8 88.0 2537.5 0.0313580595 0.9945558906 0.0993740112 -0.9330984950 0.0647654012 -0.3537409306 -0.3582511544 -0.0816331133 0.9300495386
-518.5 -42.4 2464.1 0.6954402924 -0.0232324675 -0.7182081938 0.0850819349 0.9951087832 0.0501951613 0.7135291696 -0.0960142836 0.6940154433
-509.4 -432.1 2501.8 0.7005501986 0.0298106652 -0.7129802108 -0.0851728022 0.9954777956 -0.0420656428 0.7085019946 0.0901956186 0.6999211907
-340.6 -57.0 2492.1 0.9919989705 -0.0673557594 -0.1067766994 0.0749877021 0.9947841763 0.0691469237 0.1015623212 -0.0766006187 0.9918757081
-314.3 -446.5 2522.1 0.9925169945 0.0643376559 -0.1037817597 -0.0619248524 0.9977340102 0.0263089892 0.1052392498 -0.0196854491 0.9942520857
-567.7 -170.9 2359.2 0 0 0 0 0 0 0 0 0
-222.8 -151.1 2445.7 0 0 0 0 0 0 0 0 0
-518.8 -745.5 2473.4 0 0 0 0 0 0 0 0 0
-334.5 -760.7 2528.3 0 0 0 0 0 0 0 0 0
-373.2 537.1 2431.3 4 0.9877002239 0.0938400775 -0.1250694245 -0.0817861259 0.9917939305 0.0982641652 0.1332642138 -0.0868265927 0.9872698784
-392.2 335.8 2449.0 0.9877002239 0.0938400775 -0.1250694245 -0.0817861259 0.9917939305 0.0982641652 0.1332642138 -0.0868265927 0.9872698784
-410.1 141.4 2464.1 0.9878256917 0.0912759155 -0.1259725094 -0.0804405138 0.9928154349 0.0885822847 0.1331528872 -0.0773705617 0.9880709052
-532.9 347.3 2430.0 0.2090137303 -0.9096592665 -0.3589335382 0.9777036309 0.2019733638 0.0574661829 0.0202203710 -0.3629418612 0.9315923452
-586.6 96.3 2424.8 -0.0771070048 -0.9105079770 -0.4062385857 0.9676423073 0.0298438352 -0.2505548596 0.2402558923 -0.4124131799 0.8787448406
-251.5 324.4 2467.9 0.0826118067 0.9950154424 0.0558525473 -0.9656563401 0.0660691932 0.2512821257 0.2463394850 -0.0746932402 0.9663010836
-231.6 92.3 2527.1 0.0390769504 0.9950154424 0.0917453542 -0.9474521875 0.0660691932 -0.3130003214 -0.3175016940 -0.0746932402 0.9453113675
-517.0 -41.9 2464.7 0.7128104568 -0.0240513217 -0.7009442449 0.0774196014 0.9960025549 0.0445546471 0.6970706582 -0.0860258415 0.7118230462
-507.5 -432.0 2498.4 0.7165953517 0.0315947495 -0.6967732310 -0.0782238320 0.9963116646 -0.0352720432 0.6930888295 0.0797800496 0.7164237499
-339.0 -56.3 2493.1 0.9943171740 -0.0662438050 -0.0833372176 0.0730289370 0.9940194488 0.0811918005 0.0774603635 -0.0868164301 0.9932083488
-313.1 -445.5 2527.1 0.9946788549 0.0666618422 -0.0785505623 -0.0659065396 0.9977515340 0.0121719977 0.0791853517 -0.0069302330 0.9968358278
-565.2 -172.7 2358.0 0 0 0 0 0 0 0 0 0
-221.6 -150.6 2445.7 0 0 0 0 0 0 0 0 0
-517.6 -747.8 2473.1 0 0 0 0 0 0 0 0 0
-334.2 -761.1 2529.3 0 0 0 0 0 0 0 0 0
-374.2 537.6 2437.8 5 0.9853153825 0.0915002748 -0.1441572458 -0.0801653191 0.9933551550 0.0825775489 0.1507552117 -0.0698085129 0.9861032367
-392.7 336.7 2451.9 0.9853153825 0.0915002748 -0.1441572458 -0.0801653191 0.9933551550 0.0825775489 0.1507552117 -0.0698085129 0.9861032367
-410.2 142.0 2464.0 0.9853724837 0.0896601006 -0.1449211538 -0.0795388296 0.9940665960 0.0741971135 0.1507137865 -0.0615849346 0.9866573215
-533.0 348.1 2430.4 0.2058981955 -0.9041199684 -0.3743968308 0.9782239199 0.2003888637 0.0540575236 0.0261504650 -0.3773742914 0.9256915450
-587.2 90.8 2423.6 -0.0806762949 -0.9041411877 -0.4195474386 0.9680377245 0.0292107500 -0.2490977794 0.2374748588 -0.4262340367 0.8728861809
-252.3 325.4 2473.4 0.0830960348 0.9956225753 0.0427877083 -0.9628864527 0.0691515282 0.2608979344 0.2567970455 -0.0628792942 0.9644176960
-231.6 85.7 2537.3 0.0420085676 0.9956225753 0.0834926292 -0.9320559502 0.0691515282 -0.3556539714 -0.3598707616 -0.0628792942 0.9308809042
-517.2 -45.8 2467.2 0.6991138458 -0.0309817661 -0.7143388391 0.0742997080 0.9968000054 0.0294836704 0.7111395001 -0.0736876056 0.6991786361
-505.1 -436.2 2496.1 0.7015781403 0.0378285944 -0.7115877867 -0.0789876133 0.9965646267 -0.0248983223 0.7082013488 0.0736747384 0.7021558881
-338.7 -60.3 2491.3 0.9924640059 -0.0660684109 -0.1031996906 0.0744136274 0.9940755367 0.0792236775 0.0973541066 -0.0863061100 0.9915006161
-312.8 -449.7 2525.1 0.9928892851 0.0662966669 -0.0988720208 -0.0649294928 0.9977452755 0.0169855095 0.0997751802 -0.0104450192 0.9949551821
-564.8 -178.3 2357.6 0 0 0 0 0 0 0 0 0
-220.8 -153.4 2445.0 0 0 0 0 0 0 0 0 0
-516.9 -748.3 2473.0 0 0 0 0 0 0 0 0 0
-333.5 -761.1 2528.4 0 0 0 0 0 0 0 0 0
-374.6 537.3 2433.0 6 0.9826697111 0.0919363573 -0.1609593928 -0.0774511471 0.9925478101 0.0940754935 0.1684088558 -0.0799786523 0.9824672341
-393.2 336.8 2449.2 0.9826697111 0.0919363573 -0.1609593928 -0.0774511471 0.9925478101 0.0940754935 0.1684088558 -0.0799786523 0.9824672341
-410.5 142.3 2463.4 0.9828678370 0.0884831920 -0.1616835296 -0.0752704889 0.9934386611 0.0861044750 0.1682414711 -0.0724593177 0.9830790758
-533.2 347.5 2425.2 0.2087288499 -0.8974104524 -0.3886987567 0.9778918624 0.1966554672 0.0710924938 0.0126405880 -0.3949443996 0.9186180830
-587.6 92.9 2421.9 -0.0862932280 -0.8965442777 -0.4344673455 0.9709790349 0.0219528023 -0.2381550074 0.2230542749 -0.4424098432 0.8686313033
-253.2 326.1 2473.2 0.0884522349 0.9940748811 0.0631765798 -0.9723731875 0.0724178553 0.2219145596 0.2160245776 -0.0810600519 0.9730172753
-231.5 87.9 2526.1 0.0428352170 0.9940748811 0.0999010652 -0.9463872910 0.0724178553 -0.3148121834 -0.3201815188 -0.0810600519 0.9438819289
-516.8 -45.4 2462.4 0.6871279478 -0.0343429446 -0.7257243395 0.0770809948 0.9966905713 0.0258158818 0.7224359512 -0.0736783668 0.6875010729
-503.3 -435.8 2491.3 0.6884244084 0.0428096280 -0.7240436673 -0.0721694157 0.9973456860 -0.0096502285 0.7217087150 0.0588972569 0.6896866560
-338.7 -59.8 2489.7 0.9906133413 -0.0652903169 -0.1200930178 0.0765626654 0.9928319454 0.0917762220 0.1132400855 -0.1001093909 0.9885113835
-313.1 -448.7 2528.9 0.9910132289 0.0700040013 -0.1139832810 -0.0698449165 0.9975432754 0.0053936453 0.1140808314 0.0026159785 0.9934680462
-563.6 -177.0 2359.9 0 0 0 0 0 0 0 0 0
-220.5 -154.9 2443.9 0 0 0 0 0 0 0 0 0
-516.7 -748.1 2472.9 0 0 0 0 0 0 0 0 0
-334.9 -759.0 2528.1 0 0 0 0 0 0 0 0 0
-375.8 536.2 2439.2 7 0.9839997292 0.0878675655 -0.1549962610 -0.0770776346 0.9942518473 0.0743122250 0.1606349647 -0.0611764602 0.9851161838
-393.6 334.5 2451.6 0.9839997292 0.0878675655 -0.1549962610 -0.0770776346 0.9942518473 0.0743122250 0.1606349647 -0.0611764602 0.9851161838
-410.5 139.7 2462.6 0.9840863347 0.0861394033 -0.1554159075 -0.0760876983 0.9946749210 0.0695156679 0.1605763435 -0.0565841794 0.9854001403
-533.8 345.3 2428.7 0.2094374746 -0.9003427625 -0.3814693391 0.9775860310 0.2013661861 0.0614585616 0.0214812551 -0.3857908249 0.9223361611
-588.7 89.4 2423.1 -0.0864356607 -0.8997802734 -0.4276966155 0.9690486193 0.0237133857 -0.2457283735 0.2312436700 -0.4356985092 0.8698811531
-253.4 323.7 2474.4 0.0846731439 0.9955846667 0.0405163243 -0.9650033116 0.0718081146 0.2522145212 0.2481915057 -0.0604541823 0.9668227434
-232.4 85.0 2535.8 0.0462101176 0.9955846667 0.0817051902 -0.9355266094 0.0718081146 -0.3458809257 -0.3502208591 -0.0604541823 0.9347141981
-516.7 -45.5 2462.4 0.6914023161 -0.0330412723 -0.7217140198 0.0746961012 0.9968693852 0.0259205457 0.7185981870 -0.0718307495 0.6917058825
-503.7 -436.0 2490.5 0.6922985911 0.0437697321 -0.7202824950 -0.0693891346 0.9975711703 -0.0060734167 0.7182672620 0.0541843958 0.6936542392
-339.0 -59.1 2492.8 0.9915112853 -0.0627869591 -0.1138560995 0.0717061982 0.9945253134 0.0760107487 0.1084602848 -0.0835296959 0.9905852675
-314.5 -448.6 2525.5 0.9917770624 0.0658627301 -0.1097285599 -0.0647164360 0.9978057742 0.0139793567 0.1104085073 -0.0067631644 0.9938632846
-564.6 -179.9 2358.8 0 0 0 0 0 0 0 0 0
-220.6 -155.2 2445.9 0 0 0 0 0 0 0 0 0
-517.4 -746.9 2473.6 0 0 0 0 0 0 0 0 0
-334.9 -759.0 2527.6 0 0 0 0 0 0 0 0 0
-375.5 539.3 2442.7 8 0.9837455750 0.0882184282 -0.1564039886 -0.0784054473 0.9946100116 0.0678494275 0.1615465432 -0.0544836447 0.9853599668
-393.3 338.1 2453.7 0.9837455750 0.0882184282 -0.1564039886 -0.0784054473 0.9946100116 0.0678494275 0.1615465432 -0.0544836447 0.9853599668
-410.0 143.2 2463.6 0.9839729667 0.0848661512 -0.1568276286 -0.0757908821 0.9951328039 0.0629794151 0.1614091396 -0.0500839427 0.9856159091
-533.6 348.9 2430.7 0.2058847696 -0.9003589749 -0.3833603263 0.9781128764 0.2013933808 0.0523063838 0.0301117077 -0.3857387304 0.9221165180
-588.5 88.0 2422.7 -0.0884971768 -0.8990082145 -0.4288968146 0.9648869038 0.0295350272 -0.2609998286 0.2473084629 -0.4369346797 0.8648275137
-253.1 327.3 2476.7 0.0942074284 0.9927960038 0.0740341768 -0.9659380317 0.0731487721 0.2482195199 0.2410158515 -0.0948965549 0.9658706188
-229.0 80.1 2538.4 0.0329529122 0.9927960038 0.1151963696 -0.9281657338 0.0731487721 -0.3649077117 -0.3707053959 -0.0948965549 0.9238896966
-516.3 -48.2 2459.2 0.6900677085 -0.0211361367 -0.7234361172 0.0807597861 0.9955796599 0.0479475856 0.7192248702 -0.0915116295 0.6887243390
-508.0 -438.1 2495.1 0.6932796240 0.0286460239 -0.7200991511 -0.0651156679 0.9976125360 -0.0230047889 0.7177209258 0.0628384873 0.6934897304
-338.4 -61.9 2488.2 0.9916802049 -0.0533826835 -0.1171351969 0.0653519854 0.9927535057 0.1008443534 0.1109030396 -0.1076603681 0.9879826903
-317.5 -450.6 2530.4 0.9923592806 0.0547442250 -0.1105716452 -0.0560438074 0.9983906150 -0.0086774090 0.1099186540 0.0148079637 0.9938302636
-563.9 -180.2 2354.0 0 0 0 0 0 0 0 0 0
-220.5 -158.3 2443.2 0 0 0 0 0 0 0 0 0
-516.9 -745.7 2475.7 0 0 0 0 0 0 0 0 0
-334.5 -759.6 2525.8 0 0 0 0 0 0 0 0 0
-374.7 539.8 2444.5 9 0.9841477871 0.0831051990 -0.1566736251 -0.0734752640 0.9950910807 0.0662953109 0.1614140123 -0.0537327528 0.9854229093
-391.5 339.0 2455.3 0.9841477871 0.0831051990 -0.1566736251 -0.0734752640 0.9950910807 0.0662953109 0.1614140123 -0.0537327528 0.9854229093
-407.1 144.0 2464.9 0.9843503237 0.0798096210 -0.1571141928 -0.0710006431 0.9956147075 0.0609119162 0.1612865627 -0.0488034561 0.9857001901
-531.8 349.1 2432.4 0.2158050984 -0.8987777233 -0.3816107512 0.9760515690 0.2095357329 0.0584649220 0.0274141207 -0.3850888014 0.9224722981
-588.7 91.6 2425.1 -0.0894974172 -0.8978188634 -0.4311745465 0.9641447663 0.0304932129 -0.2636190951 0.2498301119 -0.4393079281 0.8628982902
-251.2 328.9 2478.3 0.0829756930 0.9945341945 0.0633782968 -0.9768337011 0.0685807019 0.2027129978 0.1972584724 -0.0787303075 0.9771850705
-230.7 87.6 2527.1 0.0398409441 0.9945341945 0.0965115204 -0.9462466240 0.0685807019 -0.3160917461 -0.3209828734 -0.0787303075 0.9438069463
-515.5 -44.9 2458.8 0.6897213459 -0.0218521301 -0.7237451077 0.0812707320 0.9955647588 0.0473909192 0.7194995284 -0.0915058255 0.6884381771
-507.0 -434.8 2494.6 0.6926201582 0.0319125615 -0.7205961943 -0.0670245886 0.9975458980 -0.0202448219 0.7181817293 0.0623196363 0.6930593848
-337.6 -58.6 2488.0 0.9913612008 -0.0578174591 -0.1177290902 0.0698663592 0.9924371243 0.1009317189 0.1110031083 -0.1082850918 0.9879031777
-315.0 -447.2 2530.4 0.9919717908 0.0604694746 -0.1110650972 -0.0611812770 0.9981221557 -0.0030088441 0.1106745899 0.0097797932 0.9938085675
-563.8 -176.5 2355.7 0 0 0 0 0 0 0 0 0
-220.5 -155.2 2444.7 0 0 0 0 0 0 0 0 0
-516.9 -745.6 2475.2 0 0 0 0 0 0 0 0 0
-334.0 -761.4 2527.3 0 0 0 0 0 0 0 0 0
-376.0 540.6 2445.9 0 0.9857249856 0.0715923607 -0.1523835808 -0.0635353923 0.9963443279 0.0571073256 0.1559149623 -0.0466103666 0.9866701365
-390.6 338.6 2455.3 0.9857249856 0.0715923607 -0.1523835808 -0.0635353923 0.9963443279 0.0571073256 0.1559149623 -0.0466103666 0.9866701365
-404.4 143.4 2464.2 0.9857956767 0.0704024956 -0.1524806768 -0.0625433773 0.9964842200 0.0557446703 0.1558691561 -0.0454162024 0.9867330790
-531.1 347.5 2433.1 0.2065605074 -0.9026157260 -0.3776475191 0.9779170752 0.2029961944 0.0497063994 0.0317952298 -0.3795753419 0.9246143103
-584.9 92.6 2424.8 -0.0721664056 -0.9032363296 -0.4230320454 0.9659145474 0.0424244590 -0.2553610206 0.2485982627 -0.4270412922 0.8693875074
-250.1 329.7 2477.6 0.0832331330 0.9941886663 0.0682722628 -0.9809026122 0.0696500540 0.1816008687 0.1757903695 -0.0820836499 0.9809995294
-229.1 82.8 2521.8 0.0336896889 0.9944913983 0.0992565379 -0.9525895119 0.0619999692 -0.2978745103 -0.3023875356 -0.0845154375 0.9494308233
-511.7 -44.6 2459.9 0.6928688288 -0.0160981622 -0.7208839059 0.0786854848 0.9954683781 0.0533976592 0.7167575359 -0.0937206745 0.6909957528
-505.4 -434.5 2496.6 0.6951038241 0.0389356539 -0.7178542018 -0.0748598203 0.9970241189 -0.0184098203 0.7150011659 0.0665351748 0.6959500313
-333.8 -57.4 2489.0 0.9922235608 -0.0501742102 -0.1139074266 0.0621088743 0.9926604033 0.1037679464 0.1078649163 -0.1100356653 0.9880573153
-314.1 -446.2 2532.1 0.9923351407 0.0610343665 -0.1074510962 -0.0624626949 0.9979974627 -0.0099746455 0.1066271216 0.0166098773 0.9941603541
-564.8 -175.8 2355.7 0 0 0 0 0 0 0 0 0
-220.5 -161.9 2444.2 0 0 0 0 0 0 0 0 0
-517.6 -746.0 2475.8 0 0 0 0 0 0 0 0 0
-333.3 -760.3 2526.9 0 0 0 0 0 0 0 0 0
-375.8 540.3 2445.1 1 0.9828091264 0.0698412359 -0.1709048003 -0.0598965771 0.9962350726 0.0626745671 0.1746386141 -0.0513605215 0.9832921624
-390.0 338.2 2455.5 0.9828091264 0.0698412359 -0.1709048003 -0.0598965771 0.9962350726 0.0626745671 0.1746386141 -0.0513605215 0.9832921624
-403.3 143.1 2464.9 0.9829118252 0.0677116886 -0.1711710542 -0.0584089644 0.9965585470 0.0588172041 0.1745645851 -0.0478141978 0.9834840894
-530.1 346.6 2430.6 0.2027554065 -0.8964059353 -0.3941404521 0.9788594842 0.1965985447 0.0564188696 0.0269132257 -0.3972473443 0.9173168540
-582.9 91.3 2423.6 -0.0660327896 -0.8969662786 -0.4371397495 0.9685987830 0.0476207100 -0.2440259755 0.2396999747 -0.4395267367 0.8656558990
-250.0 329.9 2480.4 0.0851127580 0.9950580001 0.0511410162 -0.9837339520 0.0757735670 0.1628676206 0.1581875831 -0.0641712621 0.9853216410
-228.9 87.1 2519.4 0.0327127613 0.9959797859 0.0833916664 -0.9563557506 0.0554328524 -0.2868987322 -0.2903679609 -0.0703668445 0.9543243647
-507.3 -46.1 2459.0 0.6790902615 -0.0003765930 -0.7340546846 0.0751010329 0.9947881103 0.0689672753 0.7302029133 -0.1019632742 0.6755791903
-507.1 -435.7 2499.0 0.6820977330 0.0346509144 -0.7304396033 -0.0821641833 0.9961830378 -0.0294690393 0.7266303897 0.0801167414 0.6823412776
-329.0 -57.4 2487.2 0.9904397726 -0.0370226577 -0.1328846514 0.0517160334 0.9927083850 0.1088832691 0.1278845519 -0.1147145927 0.9851325154
-314.5 -446.2 2532.1 0.9899129272 0.0618005618 -0.1274873912 -0.0637061745 0.9979089499 -0.0109205870 0.1265459061 0.0189321637 0.9917800426
-564.6 -177.9 2357.0 0 0 0 0 0 0 0 0 0
-220.5 -158.6 2444.8 0 0 0 0 0 0 0 0 0
-517.9 -746.2 2474.0 0 0 0 0 0 0 0 0 0
-334.1 -761.7 2526.2 0 0 0 0 0 0 0 0 0
-374.0 538.6 2436.7 2 0.9842156172 0.0739394426 -0.1607875228 -0.0608538911 0.9945341349 0.0848446265 0.1661820412 -0.0737208575 0.9833355546
-389.1 335.5 2451.7 0.9842156172 0.0739394426 -0.1607875228 -0.0608538911 0.9945341349 0.0848446265 0.1661820412 -0.0737208575 0.9833355546
-403.3 140.6 2464.6 0.9842227101 0.0725039169 -0.1613966674 -0.0607574843 0.9952114820 0.0765680671 0.1661752909 -0.0655539706 0.9839148521
-529.4 344.1 2428.0 0.1999027580 -0.8998713493 -0.3876472712 0.9796375036 0.1911051124 0.0615565144 0.0186884347 -0.3920591474 0.9197501540
-581.2 90.1 2423.2 -0.0587038510 -0.9009077549 -0.4300221801 0.9698140025 0.0506593697 -0.2385254651 0.2366741002 -0.4310438931 0.8707390428
-248.9 326.8 2475.4 0.0833621621 0.9946054220 0.0617316179 -0.9817495346 0.0713429824 0.1762896180 0.1709344983 -0.0753008723 0.9824007154
-228.6 88.3 2516.9 0.0316499509 0.9952198863 0.0923883468 -0.9585745931 0.0564033985 -0.2792012990 -0.2830777168 -0.0797244161 0.9557777047
-505.4 -46.8 2458.5 0.6863930821 0.0076519605 -0.7271904349 0.0715627596 0.9943807125 0.0780114010 0.7237011194 -0.1055862457 0.6819884777
-508.4 -436.3 2499.8 0.6900007725 0.0291099548 -0.7232230306 -0.0809683949 0.9960237741 -0.0371587276 0.7192656398 0.0841977596 0.6896141171
-327.7 -57.4 2490.0 0.9919553995 -0.0359592699 -0.1213729382 0.0464015082 0.9953565001 0.0843345746 0.1177767366 -0.0892880186 0.9890178442
-313.6 -447.1 2525.0 0.9904446006 0.0706808046 -0.1184215546 -0.0698218122 0.9974943995 0.0113921072 0.1189300418 -0.0030148437 0.9928980470
-564.9 -179.4 2357.4 0 0 0 0 0 0 0 0 0
-220.5 -158.1 2444.2 0 0 0 0 0 0 0 0 0
-517.5 -747.8 2473.5 0 0 0 0 0 0 0 0 0
-335.9 -762.0 2525.9 0 0 0 0 0 0 0 0 0
-375.0 538.7 2440.5 3 0.9856991172 0.0794619322 -0.1486035287 -0.0691365376 0.9949025512 0.0734104738 0.1536793560 -0.0620867088 0.9861682653
-391.1 337.1 2453.1 0.9856991172 0.0794619322 -0.1486035287 -0.0691365376 0.9949025512 0.0734104738 0.1536793560 -0.0620867088 0.9861682653
-406.7 142.2 2463.9 0.9855822921 0.0799356848 -0.1491234452 -0.0705952495 0.9952578545 0.0669189990 0.1537654996 -0.0554267727 0.9865515828
-531.5 347.2 2431.2 0.1863574833 -0.9063523412 -0.3792049289 0.9818838239 0.1852787435 0.0396977477 0.0342784636 -0.3797331452 0.9244607687
-580.9 87.2 2422.1 -0.0547752939 -0.9077044725 -0.4160194993 0.9709526300 0.0487690829 -0.2342489511 0.2329177111 -0.4167662859 0.8786666989
-250.6 327.1 2475.0 0.0889075398 0.9933033586 0.0737828687 -0.9814226627 0.0747179911 0.1767109931 0.1700147241 -0.0881231204 0.9814934134
-228.8 85.6 2516.8 0.0327656604 0.9938371778 0.1058964804 -0.9568942189 0.0617862456 -0.2837884128 -0.2885824144 -0.0920332223 0.9530215263
-506.5 -48.8 2462.4 0.6955192685 0.0032560336 -0.7185000777 0.0642324090 0.9957040548 0.0666902140 0.7156305909 -0.0925353244 0.6923221946
-507.8 -438.8 2498.6 0.6984359622 0.0297525749 -0.7150537968 -0.0789464340 0.9962408543 -0.0356592759 0.7113049030 0.0813566670 0.6981593370
-328.6 -59.8 2492.4 0.9933931231 -0.0350304097 -0.1092837304 0.0443233065 0.9954964519 0.0837985873 0.1058560684 -0.0880887583 0.9904720187
-314.8 -449.7 2526.9 0.9921559095 0.0659095421 -0.1062193215 -0.0656528324 0.9978249669 0.0059154537 0.1063781753 0.0011045471 0.9943251014
-565.6 -182.7 2357.3 0 0 0 0 0 0 0 0 0
-220.3 -160.4 2442.6 0 0 0 0 0 0 0 0 0
-516.9 -746.6 2473.5 0 0 0 0 0 0 0 0 0
-335.3 -759.8 2526.6 0 0 0 0 0 0 0 0 0
-375.6 537.8 2442.4 4 0.9849339724 0.0833488181 -0.1515191942 -0.0736399293 0.9949222803 0.0686060414 0.1564680487 -0.0564145558 0.9860705733
-392.4 336.7 2453.8 0.9849339724 0.0833488181 -0.1515191942 -0.0736399293 0.9949222803 0.0686060414 0.1564680487 -0.0564145558 0.9860705733
-408.6 141.7 2463.7 0.9849407077 0.0823401660 -0.1520261467 -0.0735592097 0.9953294396 0.0625164732 0.1564637274 -0.0503920913 0.9863973260
-532.8 347.1 2431.5 0.1972331703 -0.9031490088 -0.3813409507 0.9795517921 0.1973092109 0.0393361524 0.0397156775 -0.3813016117 0.9235971570
-584.3 91.4 2421.1 -0.0695666671 -0.9043436050 -0.4210975766 0.9716215134 0.0342406146 -0.2340496778 0.2260799557 -0.4254295230 0.8762976527
-252.1 326.2 2476.1 0.0792168230 0.9942905903 0.0714904815 -0.9836108088 0.0663104132 0.1676684469 0.1619706005 -0.0836009681 0.9832478762
-232.9 88.4 2515.2 0.0494629256 0.9939070344 0.0984999090 -0.9602400661 0.0744527578 -0.2690646052 -0.2747587860 -0.0812748447 0.9580720067
-511.5 -46.3 2460.9 0.6933696270 -0.0112940567 -0.7204936147 0.0857045129 0.9940723181 0.0668955222 0.7154672146 -0.1081328690 0.6902274489
-507.1 -435.6 2503.2 0.6989456415 0.0302402526 -0.7145351768 -0.0906649902 0.9947912693 -0.0465857610 0.7094045281 0.0973442420 0.6980467439
-333.3 -59.0 2488.7 0.9923128486 -0.0515294075 -0.1125164181 0.0615740716 0.9942418337 0.0877031758 0.1073492318 -0.0939570814 0.9897717834
-313.1 -448.4 2525.5 0.9916611910 0.0696161166 -0.1084512994 -0.0684069470 0.9975472093 0.0148347029 0.1092180237 -0.0072921766 0.9939910769
-564.9 -178.6 2358.3 0 0 0 0 0 0 0 0 0
-220.2 -158.4 2444.6 0 0 0 0 0 0 0 0 0
-516.5 -747.4 2472.7 0 0 0 0 0 0 0 0 0
-334.9 -760.3 2527.8 0 0 0 0 0 0 0 0 0
-376.7 536.9 2444.3 5 0.9796223044 0.0778264031 -0.1851572990 -0.0668540895 0.9956568480 0.0647915751 0.1893956363 -0.0510927476 0.9805706739
-392.4 335.9 2454.6 0.9796223044 0.0778264031 -0.1851572990 -0.0668540895 0.9956568480 0.0647915751 0.1893956363 -0.0510927476 0.9805706739
-407.4 140.9 2463.8 0.9796527624 0.0765814483 -0.1855149120 -0.0664612204 0.9959725738 0.0601790212 0.1893763542 -0.0466249958 0.9807969928
-531.9 345.4 2427.7 0.2051435411 -0.8909119368 -0.4052061439 0.9786216021 0.1929300874 0.0712580159 0.0146918399 -0.4111616015 0.9114440680
-585.9 88.1 2423.8 -0.0819079205 -0.8893991709 -0.4497334361 0.9679606557 0.0364819281 -0.2484374791 0.2373672426 -0.4556732774 0.8579152822
-252.9 326.4 2481.6 0.0785158500 0.9961168766 0.0398300290 -0.9882686138 0.0725228786 0.1344082505 0.1309977323 -0.0499159470 0.9901252389
-233.3 80.4 2514.2 0.0534814447 0.9962509274 0.0679983795 -0.9592761397 0.0701719299 -0.2736149728 -0.2773607373 -0.0505959019 0.9594326615
-513.7 -46.5 2459.4 0.6682733297 -0.0110484809 -0.7438337803 0.0922715217 0.9933994412 0.0681429654 0.7381712198 -0.1141728014 0.6648818254
-509.4 -435.6 2504.1 0.6752198935 0.0212022290 -0.7373117208 -0.0855951309 0.9950860143 -0.0497720204 0.7326332927 0.0967173502 0.6737167239
-335.7 -59.8 2487.7 0.9875649214 -0.0549931824 -0.1472797394 0.0705682933 0.9922056198 0.1027040258 0.1404837668 -0.1118201762 0.9837481976
-314.1 -448.4 2531.5 0.9878940582 0.0654367656 -0.1406532973 -0.0664601177 0.9977857471 -0.0025857026 0.1401726454 0.0119022345 0.9900555611
-563.1 -180.9 2357.8 0 0 0 0 0 0 0 0 0
-219.6 -166.2 2442.9 0 0 0 0 0 0 0 0 0
-516.0 -747.9 2473.8 0 0 0 0 0 0 0 0 0
-334.6 -761.2 2527.7 0 0 0 0 0 0 0 0 0
-376.5 536.1 2444.8 6 0.9768174291 0.0805394873 -0.1983459145 -0.0687436163 0.9954708219 0.0656668469 0.2027363479 -0.0505095012 0.9779298306
-392.8 335.4 2455.0 0.9768174291 0.0805394873 -0.1983459145 -0.0687436163 0.9954708219 0.0656668469 0.2027363479 -0.0505095012 0.9779298306
-408.3 140.4 2464.2 0.9768683910 0.0792261660 -0.1986236870 -0.0681085289 0.9957368374 0.0622047782 0.2027051747 -0.0472379141 0.9780997634
-531.9 345.1 2426.1 0.1976913959 -0.8868582249 -0.4176129997 0.9801787734 0.1844657660 0.0722628906 0.0129483696 -0.4236211777 0.9057468772
-583.6 88.8 2422.7 -0.0770885646 -0.8852083683 -0.4587630332 0.9692659378 0.0412819274 -0.2425270230 0.2336255610 -0.4633594155 0.8548199534
-253.6 325.7 2483.9 0.0918919370 0.9954003692 0.0270910617 -0.9874197841 0.0875720158 0.1316558570 0.1286778748 -0.0388483629 0.9909252524
-230.5 77.1 2516.3 0.0409999937 0.9971999526 0.0625395551 -0.9562779665 0.0573035888 -0.2867904007 -0.2895711064 -0.0480467938 0.9559498429
-510.9 -48.2 2455.8 0.6584190130 -0.0110620176 -0.7525702715 0.0930682644 0.9934148192 0.0668226480 0.7468752861 -0.1140377149 0.6551127434
-506.5 -437.3 2500.5 0.6630308032 0.0342988968 -0.7478059530 -0.0870686546 0.9957032800 -0.0315291360 0.7435113788 0.0860152468 0.6631682515
-333.9 -60.2 2490.1 0.9857108593 -0.0545855314 -0.1593565345 0.0689638257 0.9938937426 0.0861349925 0.1536817402 -0.0958940387 0.9834562540
-312.5 -449.4 2527.6 0.9852414727 0.0730943754 -0.1547787935 -0.0722903088 0.9973248839 0.0108247008 0.1551559716 0.0005240631 0.9878898263
-562.2 -180.6 2357.8 0 0 0 0 0 0 0 0 0
-219.9 -168.7 2441.8 0 0 0 0 0 0 0 0 0
-517.2 -747.5 2473.7 0 0 0 0 0 0 0 0 0
-335.4 -762.6 2527.4 0 0 0 0 0 0 0 0 0
-376.3 536.6 2444.5 7 0.9738959074 0.0764650702 -0.2137283683 -0.0643588156 0.9959331155 0.0630487800 0.2176801860 -0.0476476438 0.9748564363
-391.7 335.9 2454.1 0.9738959074 0.0764650702 -0.2137283683 -0.0643588156 0.9959331155 0.0630487800 0.2176801860 -0.0476476438 0.9748564363
-406.9 140.8 2462.8 0.9737555385 0.0775107816 -0.2139913142 -0.0661753863 0.9960236549 0.0596469194 0.2177636921 -0.0439205617 0.9750127792
-530.4 345.4 2423.1 0.2042234987 -0.8798726797 -0.4290883243 0.9788976908 0.1867869049 0.0828855336 0.0072193556 -0.4369607270 0.8994516134
-584.7 85.3 2421.2 -0.0694832653 -0.8786389232 -0.4724042416 0.9682246447 0.0546412878 -0.2440396696 0.2402355224 -0.4743500948 0.8469231725
-253.0 326.5 2485.2 0.0851111263 0.9963028431 0.0116954725 -0.9886180758 0.0829815045 0.1254924238 0.1240579486 -0.0222431570 0.9920256138
-231.9 82.0 2515.8 0.0390934609 0.9982139468 0.0451735333 -0.9569674134 0.0504110456 -0.2857832909 -0.2875500917 -0.0320573449 0.9572289586
-512.1 -48.5 2455.2 0.6464545131 -0.0115623185 -0.7628649473 0.0945513546 0.9933913350 0.0650668815 0.7570710778 -0.1141926944 0.6432754993
-507.5 -437.6 2499.9 0.6512370706 0.0327828377 -0.7581659555 -0.0866420344 0.9957455993 -0.0313666686 0.7539120913 0.0861161724 0.6513068080
-335.5 -60.8 2491.8 0.9828281403 -0.0598396584 -0.1745509654 0.0744077563 0.9941616058 0.0781418979 0.1688558757 -0.0897879973 0.9815425873
-312.1 -450.1 2527.0 0.9823407531 0.0783744901 -0.1698942184 -0.0781864300 0.9969081879 0.0078075244 0.1699808538 0.0056137731 0.9854313731
-565.4 -183.8 2354.4 0 0 0 0 0 0 0 0 0
-221.9 -164.0 2441.9 0 0 0 0 0 0 0 0 0
-517.7 -747.6 2473.1 0 0 0 0 0 0 0 0 0
-336.5 -760.6 2525.2 0 0 0 0 0 0 0 0 0
-376.4 537.9 2444.9 8 0.9738631248 0.0755863339 -0.2141899019 -0.0635394827 0.9960145950 0.0625908971 0.2180672884 -0.0473454557 0.9747846127
-391.6 337.3 2454.4 0.9738631248 0.0755863339 -0.2141899019 -0.0635394827 0.9960145950 0.0625908971 0.2180672884 -0.0473454557 0.9747846127
-406.2 142.1 2462.7 0.9738581181 0.0744998008 -0.2145929784 -0.0636059940 0.9963321686 0.0572401583 0.2180702686 -0.0420943946 0.9750248194
-530.4 346.3 2423.4 0.1948367506 -0.8814154267 -0.4302853942 0.9807941318 0.1791187227 0.0771970078 0.0090295346 -0.4370622039 0.8993859291
-581.9 86.9 2421.0 -0.0467831604 -0.8818454742 -0.4692119658 0.9717872739 0.0685273558 -0.2256844044 0.2311726213 -0.4665324688 0.8537603021
-252.8 328.2 2485.5 0.0907462388 0.9958110452 0.0112031586 -0.9887716174 0.0887521952 0.1202238873 0.1187259704 -0.0219872314 0.9926835895
-229.9 78.0 2515.6 0.0276684985 0.9985141754 0.0469452515 -0.9562093019 0.0401268601 -0.2899199426 -0.2913729548 -0.0368678384 0.9558988214
-510.1 -48.3 2451.7 0.6458745599 -0.0033934189 -0.7634360194 0.0909667313 0.9932081699 0.0725440308 0.7580047250 -0.1163016185 0.6417965293
-508.7 -437.3 2497.2 0.6504374146 0.0268426873 -0.7590854168 -0.0754668564 0.9967142344 -0.0294195879 0.7558014989 0.0764213875 0.6503259540
-334.1 -60.2 2491.0 0.9829449058 -0.0546679199 -0.1755868047 0.0699730143 0.9941573739 0.0821878240 0.1700678766 -0.0930724367 0.9810272455
-312.6 -449.6 2527.5 0.9823333025 0.0758927390 -0.1710602939 -0.0755712390 0.9971050024 0.0083999084 0.1712025702 0.0046757292 0.9852247834
-568.9 -183.1 2356.7 0 0 0 0 0 0 0 0 0
-222.8 -167.8 2440.7 0 0 0 0 0 0 0 0 0
-517.1 -747.6 2473.4 0 0 0 0 0 0 0 0 0
-336.3 -760.1 2526.0 0 0 0 0 0 0 0 0 0
-376.8 538.9 2445.1 9 0.9808102846 0.0747095272 -0.1800823212 -0.0646265745 0.9960292578 0.0612301417 0.1839417219 -0.0484170504 0.9817439914
-391.8 338.1 2454.9 0.9808102846 0.0747095272 -0.1800823212 -0.0646265745 0.9960292578 0.0612301417 0.1839417219 -0.0484170504 0.9817439914
-406.5 143.0 2463.5 0.9807364941 0.0748925805 -0.1804079711 -0.0656094775 0.9962221384 0.0568934605 0.1839873046 -0.0439610183 0.9819450378
-531.5 347.5 2428.6 0.1894337386 -0.8952838778 -0.4032140970 0.9815515876 0.1835008264 0.0537026003 0.0259110462 -0.4059484899 0.9135285616
-581.4 89.0 2421.8 -0.0372057892 -0.8970521688 -0.4403556585 0.9714307785 0.0708904043 -0.2264879346 0.2343884856 -0.4362016916 0.8687865734
-252.1 328.8 2481.1 0.0825016871 0.9956022501 0.0443803892 -0.9876002669 0.0757080764 0.1375281364 0.1335633695 -0.0551763847 0.9895030856
-231.7 84.4 2514.1 0.0396579616 0.9964870811 0.0737613216 -0.9609805346 0.0582610555 -0.2704108357 -0.2737583220 -0.0601592548 0.9599152207
-508.8 -47.3 2451.2 0.6720641851 -0.0069594379 -0.7404602170 0.0861659646 0.9938978553 0.0688653961 0.7354625463 -0.1100844368 0.6685628295
-506.1 -436.6 2494.4 0.6749792695 0.0361850187 -0.7369489074 -0.0744423270 0.9970399737 -0.0192267243 0.7340717912 0.0678378269 0.6756749749
-332.8 -58.8 2490.7 0.9885972142 -0.0520321056 -0.1413090229 0.0643910840 0.9943540096 0.0843436271 0.1361226290 -0.0924809128 0.9863660336
-312.4 -448.3 2526.9 0.9879203439 0.0728113651 -0.1367914528 -0.0726643726 0.9973379374 0.0060743857 0.1368695945 0.0039388565 0.9905812144
-571.0 -181.0 2356.7 0 0 0 0 0 0 0 0 0
-221.5 -162.6 2443.7 0 0 0 0 0 0 0 0 0
-517.4 -748.6 2473.1 0 0 0 0 0 0 0 0 0
-335.2 -761.4 2525.6 0 0 0 0 0 0 0 0 0
-377.0 540.4 2445.2 0 0.9842721820 0.0725720972 -0.1610637605 -0.0637617782 0.9962066412 0.0592178963 0.1647503525 -0.0480168164 0.9851658344
-391.7 339.5 2454.9 0.9842721820 0.0725720972 -0.1610637605 -0.0637617782 0.9962066412 0.0592178963 0.1647503525 -0.0480168164 0.9851658344
-405.8 144.4 2463.2 0.9842360020 0.0722243413 -0.1614407450 -0.0642597154 0.9964694977 0.0540298745 0.1647730470 -0.0428040102 0.9854022861
-531.9 348.7 2431.4 0.1887264848 -0.9022882581 -0.3876315653 0.9813244939 0.1882334650 0.0396280289 0.0372093283 -0.3878712058 0.9209622145
-581.9 88.4 2421.5 -0.0370161161 -0.9046884179 -0.4244627655 0.9707442522 0.0682870746 -0.2302009016 0.2372454107 -0.4205659330 0.8756933808
-251.5 330.4 2478.3 0.0731725842 0.9954017997 0.0618149415 -0.9861484170 0.0629630461 0.1534500420 0.1488523930 -0.0721870437 0.9862210751
-232.9 80.8 2516.0 0.0488361381 0.9950059056 0.0870530084 -0.9572705626 0.0715000853 -0.2802155614 -0.2850404382 -0.0696486384 0.9559816718
-509.7 -46.2 2455.5 0.6860163808 -0.0127097676 -0.7274750471 0.0873887390 0.9940487146 0.0650413781 0.7223189473 -0.1081925854 0.6830444336
-504.8 -435.6 2497.8 0.6890299916 0.0423004963 -0.7234973311 -0.0854759142 0.9960708618 -0.0231668800 0.7196746469 0.0778042674 0.6899383664
-332.6 -58.1 2488.7 0.9913745522 -0.0446607433 -0.1232147217 0.0571081527 0.9934059978 0.0994144231 0.1179623157 -0.1055934951 0.9873878956
-315.1 -447.2 2530.1 0.9911067486 0.0619242601 -0.1177828163 -0.0631277114 0.9979842305 -0.0065108598 0.1171422079 0.0138883162 0.9930180311
-571.7 -181.5 2355.6 0 0 0 0 0 0 0 0 0
-220.4 -165.3 2442.8 0 0 0 0 0 0 0 0 0
-517.9 -745.4 2473.6 0 0 0 0 0 0 0 0 0
-334.5 -761.1 2525.7 0 0 0 0 0 0 0 0 0
-377.6 537.7 2445.2 1 0.9870547652 0.0773685426 -0.1404882818 -0.0696950853 0.9958369136 0.0587492883 0.1444487572 -0.0481974222 0.9883377552
-393.2 336.9 2454.9 0.9870547652 0.0773685426 -0.1404882818 -0.0696950853 0.9958369136 0.0587492883 0.1444487572 -0.0481974222 0.9883377552
-408.2 141.8 2463.6 0.9870732427 0.0765303448 -0.1408174038 -0.0694563314 0.9960957170 0.0544894300 0.1444377005 -0.0440043956 0.9885349870
-533.8 346.8 2434.4 0.1838730872 -0.9102985859 -0.3708735406 0.9819839597 0.1868391782 0.0282602534 0.0435684398 -0.3693881631 0.9282532930
-581.5 91.9 2423.1 -0.0450602062 -0.9125857353 -0.4063949287 0.9707044363 0.0561121069 -0.2336329669 0.2360137999 -0.4050168991 0.8833225965
-252.6 327.0 2475.5 0.0891936049 0.9926530719 0.0817580670 -0.9831201434 0.0745764226 0.1670723855 0.1597476900 -0.0952797905 0.9825489521
-230.2 80.4 2515.6 0.0381244235 0.9929280877 0.1124295220 -0.9583020806 0.0682158098 -0.2774953842 -0.2832024395 -0.0971620977 0.9541257024
-508.9 -45.0 2456.7 0.7011699080 -0.0149989463 -0.7128363848 0.0860683620 0.9942482114 0.0637395531 0.7077803016 -0.1060449183 0.6984279156
-503.0 -434.5 2498.3 0.7036160231 0.0498095006 -0.7088325024 -0.0935832709 0.9953468442 -0.0229517613 0.7043910027 0.0824840888 0.7050033212
-331.0 -56.6 2486.5 0.9936851859 -0.0461669303 -0.1022659540 0.0562880598 0.9935534596 0.0984032229 0.0970637202 -0.1035381779 0.9898779988
-313.0 -445.8 2527.1 0.9928923845 0.0686711818 -0.0972056538 -0.0690191090 0.9976153374 -0.0002173712 0.0969589204 0.0069248737 0.9952642918
-569.0 -177.9 2357.5 0 0 0 0 0 0 0 0 0
-220.4 -165.9 2442.8 0 0 0 0 0 0 0 0 0
-518.7 -747.2 2472.4 0 0 0 0 0 0 0 0 0
-334.7 -761.3 2524.9 0 0 0 0 0 0 0 0 0
-377.8 535.4 2445.3 2 0.9677336812 0.0688428804 -0.2423885614 -0.0537588000 0.9962145686 0.0683121160 0.2461738139 -0.0530774184 0.9677712917
-391.6 334.6 2456.0 0.9677336812 0.0688428804 -0.2423885614 -0.0537588000 0.9962145686 0.0683121160 0.2461738139 -0.0530774184 0.9677712917
-405.0 139.4 2465.3 0.9677065611 0.0678261146 -0.2427831292 -0.0541541278 0.9965710044 0.0625588521 0.2461937517 -0.0473909006 0.9680613279
-528.8 342.3 2421.1 0.2098826766 -0.8668439984 -0.4522507191 0.9777235985 0.1849323511 0.0992806405 -0.0024250390 -0.4630134702 0.8863478899
-583.6 86.8 2421.7 -0.0646123961 -0.8652877212 -0.4970939159 0.9659227133 0.0708825290 -0.2489355803 0.2506361902 -0.4962386191 0.8312212229
-254.5 326.9 2490.8 0.1024307087 0.9946367741 -0.0143392542 -0.9900991917 0.1033330560 0.0950043499 0.0959765390 0.0044659218 0.9953736067
-229.6 85.8 2514.2 0.0352040045 0.9990975261 0.0237655975 -0.9619162679 0.0403248109 -0.2703534067 -0.2710677683 -0.0133429924 0.9624677896
-512.3 -47.0 2459.1 0.6234164238 -0.0122680776 -0.7817937732 0.0887783840 0.9945213795 0.0551872328 0.7768335342 -0.1038110107 0.6210900545
-507.5 -436.6 2499.8 0.6270125508 0.0367768779 -0.7781405449 -0.0915682241 0.9954397678 -0.0267371442 0.7736087441 0.0880174711 0.6275208592
-334.0 -59.6 2485.3 0.9773653150 -0.0540363975 -0.2045412660 0.0748207197 0.9926346540 0.0952803940 0.1978861392 -0.1084276736 0.9742096663
-312.8 -448.4 2527.7 0.9776740074 0.0675092638 -0.1989875883 -0.0673675984 0.9977000952 0.0074901781 0.1990355998 0.0060823630 0.9799733758
-565.7 -181.6 2352.0 0 0 0 0 0 0 0 0 0
-220.5 -161.4 2444.5 0 0 0 0 0 0 0 0 0
-519.0 -747.0 2472.4 0 0 0 0 0 0 0 0 0
-334.0 -761.6 2525.8 0 0 0 0 0 0 0 0 0
-378.0 536.6 2445.8 3 0.9610259533 0.0634498671 -0.2690784037 -0.0467352234 0.9965844750 0.0680819675 0.2724791467 -0.0528531037 0.9607089162
-390.8 335.6 2456.4 0.9610259533 0.0634498671 -0.2690784037 -0.0467352234 0.9965844750 0.0680819675 0.2724791467 -0.0528531037 0.9607089162
-403.0 140.4 2466.0 0.9610366225 0.0620635226 -0.2693634629 -0.0465657450 0.9968914390 0.0635543019 0.2724705338 -0.0485349037 0.9609392285
-527.3 342.2 2417.7 0.2101659924 -0.8554458618 -0.4733314514 0.9775543213 0.1765630394 0.1149481162 -0.0147590498 -0.4868653715 0.8733523488
-582.6 85.0 2421.6 -0.0732859671 -0.8527097106 -0.5172187686 0.9677999616 0.0644211397 -0.2433374226 0.2408160269 -0.5183975697 0.8205313087
-254.3 329.0 2495.1 0.1042656377 0.9937949181 -0.0387346186 -0.9920139313 0.1067001969 0.0672561452 0.0709718093 0.0314127766 0.9969835877
-228.7 85.3 2512.6 0.0320640691 0.9994845390 -0.0015953050 -0.9627380967 0.0304563176 -0.2687151134 -0.2685280144 0.0101519618 0.9632183909
-505.3 -50.9 2452.6 0.6014863253 -0.0005248222 -0.7988829017 0.0963081047 0.9927542806 0.0718590766 0.7930566669 -0.1201611534 0.5971786976
-505.1 -439.7 2499.6 0.6040343046 0.0456891023 -0.7956475616 -0.0977067873 0.9950694442 -0.0170357097 0.7909462452 0.0880303234 0.6055201888
-331.3 -60.6 2496.8 0.9718809724 -0.0498506911 -0.2301353067 0.0678146407 0.9951815009 0.0708160326 0.2254961729 -0.0844312981 0.9705786109
-311.8 -450.3 2529.9 0.9708269238 0.0785643533 -0.2265451550 -0.0787815675 0.9968590140 0.0080969073 0.2264697105 0.0099868868 0.9739670157
-562.3 -184.0 2354.7 0 0 0 0 0 0 0 0 0
-220.4 -162.2 2443.5 0 0 0 0 0 0 0 0 0
-519.1 -745.3 2472.6 0 0 0 0 0 0 0 0 0
-336.3 -761.2 2526.8 0 0 0 0 0 0 0 0 0
-377.6 536.4 2445.0 4 0.9596678615 0.0651901439 -0.2734737396 -0.0473130234 0.9963198900 0.0714710206 0.2771265507 -0.0556495711 0.9592205286
-390.7 335.5 2456.2 0.9596678615 0.0651901439 -0.2734737396 -0.0473130234 0.9963198900 0.0714710206 0.2771265507 -0.0556495711 0.9592205286
-402.9 140.3 2466.3 0.9597763419 0.0621051043 -0.2738108039 -0.0456142835 0.9967635870 0.0661938787 0.2770356238 -0.0510416329 0.9595029950
-527.3 342.0 2416.8 0.2105063796 -0.8537576199 -0.4762195051 0.9773313403 0.1725324392 0.1227030754 -0.0225953758 -0.4912540019 0.8707232475
-582.3 86.5 2422.7 -0.0675849095 -0.8515350819 -0.5199233294 0.9705761075 0.0645998195 -0.2319674790 0.2311154008 -0.5203026533 0.8221136332
-254.1 329.0 2495.7 0.1052036583 0.9935130477 -0.0431740843 -0.9917986393 0.1079927608 0.0683598593 0.0725788996 0.0356282890 0.9967260957
