-286.8 501.4 2437.5 4 0.9775723219 0.0717308670 -0.1980076283 -0.0734288394 0.9972996712 -0.0012364702 0.1973842531 0.0157482103 0.9801996946
-301.4 298.3 2434.3 0.9775723219 0.0717308670 -0.1980076283 -0.0734288394 0.9972996712 -0.0012364702 0.1973842531 0.0157482103 0.9801996946
-315.4 100.1 2430.9 0.9776598811 0.0701706111 -0.1981343925 -0.0721981078 0.9973857403 -0.0030182928 0.1974046230 0.0172557924 0.9801701903
-444.2 308.8 2405.5 0.1735063493 -0.4065321982 -0.8970100880 0.9800171256 0.1612349898 0.1164891869 0.0972728133 -0.8992968798 0.4263838232
-489.4 53.7 2380.2 -0.0412212983 -0.4070502818 -0.9124751091 0.9774543643 0.1728519350 -0.1212650761 0.2070840746 -0.8969014883 0.3907479048
-158.7 287.7 2463.1 0.1030082926 0.5418310761 0.8341513276 -0.9934194088 0.0982560813 0.0588529222 -0.0500720926 -0.8347244263 0.5483866930
-131.2 22.7 2449.8 -0.0039581014 0.5449277163 0.8384736776 -0.9717150331 0.1958905011 -0.1318971664 -0.2361234426 -0.8152795434 0.5287390351
-418.0 -88.6 2402.7 0.8714066744 -0.0444446020 0.4885438681 -0.0199363176 0.9918562174 0.1257927865 -0.4901560545 -0.1193564385 0.8634240627
-400.4 -482.8 2450.1 0.8732353449 -0.0074352571 0.4872419834 0.0535941832 0.9952832460 -0.0808636174 -0.4843425453 0.0967263058 0.8695150018
-239.4 -102.3 2441.8 0.8764345646 0.0429138839 0.4796049297 -0.0545571223 0.9984568954 0.0103587024 -0.4784203172 -0.0352445878 0.8774234056
-256.5 -499.0 2455.8 0.8759953976 0.0279001277 0.4815118015 -0.0828085467 0.9922016263 0.0931594074 -0.4751576483 -0.1214805096 0.8714744449
-477.6 -225.7 2321.0 0 0 0 0 0 0 0 0 0
-132.2 -236.8 2386.7 0 0 0 0 0 0 0 0 0
-397.9 -817.7 2417.6 0 0 0 0 0 0 0 0 0
-265.0 -804.2 2493.2 0 0 0 0 0 0 0 0 0
-287.2 501.2 2433.6 5 0.9748200774 0.0604554713 -0.2146415561 -0.0601153634 0.9981583953 0.0081180865 0.2147370577 0.0049895807 0.9766591787
-299.5 298.6 2432.6 0.9748200774 0.0604554713 -0.2146415561 -0.0601153634 0.9981583953 0.0081180865 0.2147370577 0.0049895807 0.9766591787
-310.9 100.2 2431.2 0.9749506712 0.0577046089 -0.2148054838 -0.0579087175 0.9983075857 0.0053481120 0.2147505581 0.0072249654 0.9766421914
-441.8 307.0 2401.3 0.1790214479 -0.3930008411 -0.9019432664 0.9805293679 0.1464723796 0.1307975948 0.0807062089 -0.9077974558 0.4115705788
-489.5 45.8 2379.8 -0.0382423289 -0.3936599791 -0.9184603095 0.9805868864 0.1621128619 -0.1103120819 0.1923196763 -0.9048487544 0.3798182309
-157.1 290.1 2464.0 0.0923539996 0.5541929007 0.8272490501 -0.9939194322 0.1013349071 0.0430745073 -0.0599576198 -0.8261970282 0.5601817369
-131.8 18.6 2447.6 -0.0066420552 0.5575789213 0.8300973177 -0.9699921608 0.1981678903 -0.1408714056 -0.2430455685 -0.8061235547 0.5395309329
-418.9 -91.4 2409.4 0.8797285557 -0.0434603766 0.4734858274 -0.0124104582 0.9933758378 0.1142385155 -0.4753142297 -0.1063750684 0.8733617067
-401.6 -486.1 2451.6 0.8810686469 -0.0042108903 0.4729696810 0.0475263447 0.9956877232 -0.0796694607 -0.4705946147 0.0926727802 0.8774693608
-239.6 -104.6 2445.6 0.8850952387 0.0453299806 0.4631971419 -0.0486572273 0.9988041520 -0.0047700852 -0.4628594518 -0.0183159094 0.8862424493
-257.6 -501.5 2452.8 0.8847177029 0.0262279529 0.4653887749 -0.0830494836 0.9913104177 0.1020121425 -0.4586691558 -0.1289022416 0.8792080879
-478.6 -234.4 2324.8 0 0 0 0 0 0 0 0 0
-133.6 -240.5 2382.7 0 0 0 0 0 0 0 0 0
-400.2 -818.7 2420.7 0 0 0 0 0 0 0 0 0
-265.7 -804.3 2492.2 0 0 0 0 0 0 0 0 0
-287.1 500.9 2431.2 6 0.9768649936 0.0571559332 -0.2060777396 -0.0557301976 0.9983648062 0.0127213821 0.2064678669 -0.0009423188 0.9784529209
-298.7 298.4 2431.4 0.9768649936 0.0571559332 -0.2060777396 -0.0557301976 0.9983648062 0.0127213821 0.2064678669 -0.0009423188 0.9784529209
-309.6 100.1 2431.2 0.9769762158 0.0547229126 -0.2062108964 -0.0537450910 0.9985011220 0.0103448248 0.2064678967 0.0009761758 0.9784528613
-441.4 306.3 2401.2 0.1683737189 -0.4015285373 -0.9002361298 0.9827328920 0.1394616365 0.1215998307 0.0767226070 -0.9051659107 0.4180769920
-487.0 40.0 2380.5 -0.0266195647 -0.4026084840 -0.9149851203 0.9796954393 0.1714445651 -0.1039405987 0.1987165958 -0.8991736174 0.3898698986
-156.0 290.6 2461.5 0.1018837467 0.5463324189 0.8313486576 -0.9933604598 0.1007574052 0.0555245355 -0.0534296781 -0.8314859271 0.5529705286
-128.5 22.8 2447.1 -0.0262719095 0.5511100888 0.8340188861 -0.9689919353 0.1910135746 -0.1567431837 -0.2456916720 -0.8122755289 0.5290029049
-411.8 -92.8 2410.1 0.8765447140 -0.0194662642 0.4809266031 -0.0422739200 0.9922069907 0.1172102839 -0.4794603884 -0.1230707094 0.8688908815
-404.0 -486.9 2459.0 0.8800284863 -0.0139686475 0.4747154415 0.0635338798 0.9940453172 -0.0885291547 -0.4706520140 0.1080686897 0.8756756783
-233.0 -103.4 2449.5 0.8810936809 0.0550704189 0.4697245359 -0.0493933074 0.9984810352 -0.0244114008 -0.4703553617 -0.0016925161 0.8824754953
-254.9 -500.1 2450.2 0.8804630041 0.0338400975 0.4729056060 -0.0940766484 0.9900858998 0.1043049768 -0.4646874666 -0.1363260448 0.8749175668
-479.4 -240.0 2323.7 0 0 0 0 0 0 0 0 0
-135.5 -235.9 2381.5 0 0 0 0 0 0 0 0 0
-399.4 -818.4 2423.0 0 0 0 0 0 0 0 0 0
-265.4 -806.6 2492.4 0 0 0 0 0 0 0 0 0
-288.1 504.0 2438.5 7 0.9789444804 0.0555516854 -0.1964222938 -0.0578395836 0.9983083010 -0.0059261681 0.1957607865 0.0171623733 0.9805014729
-299.3 301.8 2435.0 0.9789444804 0.0555516854 -0.1964222938 -0.0578395836 0.9983083010 -0.0059261681 0.1957607865 0.0171623733 0.9805014729
-310.1 103.5 2431.6 0.9790234566 0.0540879332 -0.1964370757 -0.0564009100 0.9983890057 -0.0061954791 0.1957855076 0.0171447489 0.9804968834
-442.3 310.1 2406.4 0.1620689780 -0.4119719267 -0.8966675997 0.9830507636 0.1463259757 0.1104532331 0.0857021287 -0.8993707895 0.4287042320
-487.2 37.7 2382.7 -0.0217996854 -0.4127607048 -0.9105786085 0.9793472886 0.1743028611 -0.1024566516 0.2010065317 -0.8940061927 0.4004363418
-156.3 293.6 2463.6 0.1018301323 0.5386211872 0.8363718390 -0.9927917719 0.1084413305 0.0510386899 -0.0632067546 -0.8355403543 0.5457812548
-128.7 24.6 2446.5 -0.0190758668 0.5430576205 0.8394787312 -0.9669363499 0.2035395056 -0.1536415666 -0.2543033063 -0.8146533370 0.5212194920
-410.0 -93.4 2412.1 0.8719414473 -0.0118763512 0.4894661605 -0.0455623046 0.9933995008 0.1052690223 -0.4874856174 -0.1140896231 0.8656450510
-405.3 -488.1 2457.4 0.8753725290 -0.0178052336 0.4831210375 0.0652095452 0.9945377707 -0.0815006271 -0.4790309966 0.1028475091 0.8717520833
-230.8 -103.3 2450.0 0.8751752973 0.0697181299 0.4787563086 -0.0602505170 0.9975649118 -0.0351297706 -0.4800396860 0.0018993932 0.8772447109
-258.5 -499.6 2449.2 0.8749085665 0.0217112210 0.4838011861 -0.0824210569 0.9910959005 0.1045739278 -0.4772229493 -0.1313680261 0.8689077497
-481.0 -242.3 2325.2 0 0 0 0 0 0 0 0 0
-133.8 -233.6 2378.6 0 0 0 0 0 0 0 0 0
-399.3 -820.7 2423.0 0 0 0 0 0 0 0 0 0
-265.3 -806.1 2489.8 0 0 0 0 0 0 0 0 0
-289.2 500.7 2434.1 8 0.9805100560 0.0571047291 -0.1879869252 -0.0578124523 0.9983260036 0.0017205721 0.1877704859 0.0091809472 0.9821700454
-300.9 297.3 2432.3 0.9805100560 0.0571047291 -0.1879869252 -0.0578124523 0.9983260036 0.0017205721 0.1877704859 0.0091809472 0.9821700454
-312.1 98.9 2430.1 0.9805414677 0.0562373213 -0.1880845577 -0.0572590753 0.9983593822 0.0000008429 0.1877760142 0.0107687209 0.9821528196
-444.1 305.6 2404.8 0.1666564196 -0.4190544486 -0.8925351501 0.9828136563 0.1434825659 0.1161469072 0.0793913528 -0.8965523243 0.4357647300
-488.6 43.5 2383.7 -0.0232908968 -0.4198860526 -0.9072779417 0.9796478152 0.1713949591 -0.1044698879 0.1993683130 -0.8912460208 0.4073484838
-157.6 288.9 2459.7 0.1143763959 0.5312263966 0.8394739628 -0.9919842482 0.1067620739 0.0675956011 -0.0537154116 -0.8404762745 0.5391792655
-127.5 27.6 2445.5 -0.0193458609 0.5362223387 0.8438550830 -0.9654677510 0.2092992812 -0.1551318020 -0.2598033845 -0.8177160025 0.5136562586
-410.6 -89.7 2410.3 0.8677149415 -0.0099410545 0.4969627261 -0.0553552844 0.9916481972 0.1164888889 -0.4939702153 -0.1285886616 0.8599176407
-406.7 -483.7 2461.3 0.8724541068 -0.0212467834 0.4882340133 0.0754122362 0.9929410815 -0.0915481299 -0.4828425050 0.1166903600 0.8678977489
-231.1 -100.0 2446.2 0.8722130060 0.0615202151 0.4852419794 -0.0456604064 0.9979675412 -0.0444511846 -0.4869903922 0.0166145544 0.8732492924
-255.5 -496.6 2439.6 0.8720907569 0.0245535560 0.4887277484 -0.0959270969 0.9879403710 0.1215394288 -0.4798496366 -0.1528756469 0.8639290333
-481.9 -236.5 2326.7 0 0 0 0 0 0 0 0 0
-132.7 -230.3 2376.1 0 0 0 0 0 0 0 0 0
-399.5 -816.8 2422.2 0 0 0 0 0 0 0 0 0
-263.2 -804.4 2487.2 0 0 0 0 0 0 0 0 0
-290.2 499.4 2432.4 9 0.9796776772 0.0599460974 -0.1914108098 -0.0599983484 0.9981831908 0.0055281115 0.1913944334 0.0060685650 0.9814944267
-302.4 296.5 2431.2 0.9796776772 0.0599460974 -0.1914108098 -0.0599983484 0.9981831908 0.0055281115 0.1913944334 0.0060685650 0.9814944267
-314.3 98.1 2430.0 0.9796769619 0.0599347353 -0.1914181560 -0.0600107089 0.9981830716 0.0054056128 0.1913943589 0.0061913854 0.9814937115
-445.5 305.2 2403.3 0.1730268002 -0.4115906358 -0.8947932124 0.9799662232 0.1629204750 0.1145559549 0.0986299664 -0.8966884017 0.4315345287
-491.3 45.8 2377.1 -0.0297272541 -0.4110815227 -0.9111137390 0.9849165678 0.1433966458 -0.0968337655 0.1704572290 -0.9002496004 0.4006181955
-159.3 287.7 2459.2 0.1157404557 0.5335564017 0.8378076553 -0.9917550087 0.1087903157 0.0677248612 -0.0550103299 -0.8387385011 0.5417487025
-128.3 22.9 2444.5 -0.0091858217 0.5376399755 0.8431245089 -0.9658486843 0.2135699689 -0.1467112750 -0.2589439154 -0.8156783581 0.5173170567
-413.1 -94.2 2410.8 0.8689903617 -0.0178886801 0.4945055842 -0.0455200858 0.9922189713 0.1158854514 -0.4927308559 -0.1232132763 0.8614144325
-406.0 -488.5 2459.7 0.8730497956 -0.0173163936 0.4873234928 0.0721903518 0.9929469228 -0.0940474048 -0.4822578132 0.1172881201 0.8681421876
-233.3 -104.7 2445.2 0.8749918342 0.0518644154 0.4813515544 -0.0289617311 0.9980720878 -0.0548936538 -0.4832705855 0.0340907238 0.8748070598
-253.9 -501.3 2431.7 0.8756323457 0.0313932337 0.4819568694 -0.1159896404 0.9823502898 0.1467457712 -0.4688436389 -0.1843973547 0.8638190031
-482.8 -235.7 2328.4 0 0 0 0 0 0 0 0 0
-130.8 -235.0 2375.3 0 0 0 0 0 0 0 0 0
-400.3 -817.4 2420.9 0 0 0 0 0 0 0 0 0
-263.6 -805.0 2488.7 0 0 0 0 0 0 0 0 0
-290.9 500.7 2438.6 0 0.9798182249 0.0615052469 -0.1901930720 -0.0641484484 0.9979101419 -0.0077663721 0.1893179268 0.0198102240 0.9817159772
-303.5 297.4 2434.6 0.9798182249 0.0615052469 -0.1901930720 -0.0641484484 0.9979101419 -0.0077663721 0.1893179268 0.0198102240 0.9817159772
-315.6 99.1 2431.6 0.9798983335 0.0610750280 -0.1899186671 -0.0628436357 0.9980179071 -0.0032982768 0.1893408000 0.0151671562 0.9817942977
-446.6 306.5 2406.9 0.1681362092 -0.4142861068 -0.8944815397 0.9806231856 0.1628420204 0.1089067459 0.1005406305 -0.8954604864 0.4336382151
-491.8 42.9 2379.9 -0.0278347749 -0.4138877988 -0.9099022746 0.9844028950 0.1468345672 -0.0969045535 0.1737127155 -0.8984077573 0.4033452570
-160.3 288.2 2462.2 0.1170526892 0.5329245329 0.8380275369 -0.9914747477 0.1113428101 0.0676797330 -0.0572401509 -0.8388052583 0.5414142013
-128.9 21.8 2446.8 -0.0103149442 0.5378718376 0.8429635167 -0.9615541101 0.2260167301 -0.1559811383 -0.2744217217 -0.8121640086 0.5148615241
-416.0 -94.7 2411.2 0.8684436679 -0.0134752598 0.4956046939 -0.0586984493 0.9898052812 0.1297691166 -0.4923008084 -0.1417883933 0.8587991595
-410.7 -488.0 2467.5 0.8739545941 -0.0341509730 0.4848062694 0.0981789008 0.9893680811 -0.1072923839 -0.4759877026 0.1413664222 0.8680157065
-236.3 -105.7 2446.3 0.8744371533 0.0412527919 0.4833816886 -0.0210009236 0.9986628890 -0.0472372994 -0.4846840501 0.0311545879 0.8741343021
-252.7 -502.5 2433.9 0.8746036887 0.0429086387 0.4829360545 -0.1215759069 0.9836611748 0.1327777803 -0.4693481326 -0.1748413146 0.8655303717
-483.9 -238.4 2330.2 0 0 0 0 0 0 0 0 0
-131.6 -234.9 2373.6 0 0 0 0 0 0 0 0 0
-399.3 -818.0 2420.4 0 0 0 0 0 0 0 0 0
-265.8 -801.0 2487.0 0 0 0 0 0 0 0 0 0
-292.2 501.2 2441.7 1 0.9782485366 0.0583539382 -0.1990593225 -0.0626027882 0.9979240894 -0.0151125239 0.1977642179 0.0272454731 0.9798709154
-304.1 298.5 2436.2 0.9782485366 0.0583539382 -0.1990593225 -0.0626027882 0.9979240894 -0.0151125239 0.1977642179 0.0272454731 0.9798709154
-315.4 100.2 2431.3 0.9783539176 0.0570859015 -0.1989089251 -0.0607803240 0.9980727434 -0.0125121837 0.1978113055 0.0243310928 0.9799380898
-447.0 307.4 2407.3 0.1724971682 -0.4092758000 -0.8959565163 0.9809551835 0.1538263410 0.1185934693 0.0892842710 -0.8993502259 0.4280158281
-493.8 41.1 2383.0 -0.0447407849 -0.4096429944 -0.9111481309 0.9794439077 0.1615884453 -0.1207428947 0.1966924965 -0.8978205919 0.3939927220
-161.2 289.6 2465.0 0.1170913801 0.5398970246 0.8335471153 -0.9906333685 0.1228666529 0.0595758632 -0.0702503175 -0.8327154517 0.5492266417
-129.5 22.2 2446.1 -0.0041361824 0.5433394909 0.8395028710 -0.9625989795 0.2252607942 -0.1505350173 -0.2708986998 -0.8087272644 0.5220863223
-417.6 -93.5 2411.2 0.8731380701 -0.0151717449 0.4872368574 -0.0506535396 0.9912810922 0.1216389835 -0.4848341644 -0.1308878958 0.8647567034
-411.6 -487.4 2463.2 0.8768750429 -0.0361378901 0.4793581367 0.0908896327 0.9916482568 -0.0915031433 -0.4720479250 0.1238055080 0.8728361726
-237.9 -105.0 2445.9 0.8787455559 0.0406990871 0.4755521715 -0.0180823468 0.9984813333 -0.0520394966 -0.4769479036 0.0371303745 0.8781469464
-254.1 -501.8 2431.1 0.8792811036 0.0363090672 0.4749172926 -0.1123145446 0.9847783446 0.1326539963 -0.4628717303 -0.1699802577 0.8699749708
-481.0 -238.7 2326.8 0 0 0 0 0 0 0 0 0
-130.6 -234.9 2373.7 0 0 0 0 0 0 0 0 0
-399.5 -820.1 2421.6 0 0 0 0 0 0 0 0 0
-265.0 -798.5 2482.4 0 0 0 0 0 0 0 0 0
-290.4 501.2 2435.7 2 0.9763727188 0.0616562366 -0.2071106583 -0.0616553798 0.9980765581 0.0064652115 0.2071109116 0.0064570298 0.9782961607
-303.0 297.0 2434.4 0.9763727188 0.0616562366 -0.2071106583 -0.0616553798 0.9980765581 0.0064652115 0.2071109116 0.0064570298 0.9782961607
-315.6 98.8 2432.7 0.9762516618 0.0632112250 -0.2072126567 -0.0635909513 0.9979643226 0.0048345276 0.2070964426 0.0084571354 0.9782840014
-445.6 306.3 2404.1 0.1747661531 -0.3993637562 -0.8999807835 0.9809747934 0.1490960270 0.1243333817 0.0845293179 -0.9045877457 0.4178227186
-492.5 43.1 2381.5 -0.0474391505 -0.3995607793 -0.9154784083 0.9811799526 0.1531033069 -0.1176657155 0.1871773750 -0.9038310647 0.3847779334
-160.4 287.8 2464.7 0.1141904518 0.5460921526 0.8299059272 -0.9911568761 0.1194593012 0.0577714443 -0.0675914511 -0.8291639090 0.5549041033
-130.0 23.7 2446.7 -0.0071099866 0.5495574474 0.8354256749 -0.9644345045 0.2169839591 -0.1509437263 -0.2642262280 -0.8067865968 0.5284694433
-416.5 -92.6 2408.3 0.8765592575 -0.0199742150 0.4808792472 -0.0438044481 0.9916807413 0.1210391968 -0.4792963564 -0.1271626800 0.8683919907
-408.5 -486.6 2458.9 0.8797041178 -0.0226568449 0.4749814272 0.0698938221 0.9941763282 -0.0820263326 -0.4703568220 0.1053571701 0.8761645555
-237.0 -103.7 2444.6 0.8830175996 0.0371251106 0.4678692222 -0.0211941209 0.9990038276 -0.0392702594 -0.4688610733 0.0247602537 0.8829247952
-251.8 -500.7 2434.8 0.8825805783 0.0479876772 0.4677058160 -0.1187648475 0.9852716327 0.1230231673 -0.4549137056 -0.1641248614 0.8752808571
-479.0 -237.3 2328.0 0 0 0 0 0 0 0 0 0
-131.9 -233.9 2376.1 0 0 0 0 0 0 0 0 0
-401.0 -818.4 2423.7 0 0 0 0 0 0 0 0 0
-266.5 -802.4 2485.0 0 0 0 0 0 0 0 0 0
-292.5 504.3 2440.7 3 0.9767525196 0.0567374751 -0.2067252994 -0.0606200211 0.9980827570 -0.0124903191 0.2056202888 0.0247316416 0.9783192873
-304.1 300.5 2435.7 0.9767525196 0.0567374751 -0.2067252994 -0.0606200211 0.9980827570 -0.0124903191 0.2056202888 0.0247316416 0.9783192873
-316.0 102.3 2431.1 0.9765896201 0.0598833226 -0.2066076696 -0.0634085834 0.9979326725 -0.0104770735 0.2055531442 0.0233325008 0.9783677459
-446.8 309.8 2405.7 0.1653679013 -0.4012634754 -0.9009112716 0.9814911485 0.1564195454 0.1104900017 0.0965845287 -0.9025079012 0.4197033048
-491.9 42.2 2379.3 -0.0370310955 -0.4011779726 -0.9152513146 0.9822084904 0.1541233510 -0.1072963774 0.1841065437 -0.9029408693 0.3883330524
-161.4 291.3 2465.7 0.1131734997 0.5467669368 0.8296009302 -0.9911941886 0.1199009940 0.0561945103 -0.0687446743 -0.8286553621 0.5555218458
-130.5 20.0 2446.9 0.0036390880 0.5497800708 0.8353015184 -0.9625078440 0.2284869999 -0.1461926550 -0.2712293565 -0.8034522533 0.5299991369
-417.7 -93.7 2412.0 0.8764241338 -0.0266258903 0.4808032811 -0.0347890556 0.9923599958 0.1183694825 -0.4802816510 -0.1204685569 0.8688019514
-407.1 -488.1 2459.9 0.8788770437 -0.0222346578 0.4765299559 0.0689875931 0.9943367243 -0.0808404014 -0.4720337689 0.1039234251 0.8754336238
-238.6 -105.3 2450.0 0.8825074434 0.0328243598 0.4691515863 -0.0195876155 0.9992611408 -0.0330679715 -0.4698903859 0.0199931711 0.8824983239
-251.7 -502.5 2442.1 0.8815243840 0.0525857322 0.4692008793 -0.1147571206 0.9878404140 0.1048908681 -0.4579798281 -0.1463080049 0.8768400550
-481.3 -238.5 2326.7 0 0 0 0 0 0 0 0 0
-129.5 -237.1 2374.5 0 0 0 0 0 0 0 0 0
-399.7 -817.1 2425.5 0 0 0 0 0 0 0 0 0
-267.5 -799.6 2486.1 0 0 0 0 0 0 0 0 0
-291.4 503.2 2435.3 4 0.9716504216 0.0647372752 -0.2273862362 -0.0654373839 0.9978466630 0.0044664741 0.2271857560 0.0105397087 0.9737944007
-304.6 299.0 2433.1 0.9716504216 0.0647372752 -0.2273862362 -0.0654373839 0.9978466630 0.0044664741 0.2271857560 0.0105397087 0.9737944007
-317.2 100.7 2430.6 0.9717341661 0.0629810393 -0.2275217474 -0.0641294420 0.9979388118 0.0023490437 0.2272007167 0.0123081962 0.9737701416
-446.6 308.3 2399.9 0.1676959991 -0.3830031157 -0.9083978534 0.9828574657 0.1365609616 0.1238642186 0.0766113028 -0.9135971069 0.3993381858
-491.2 46.9 2379.5 -0.0291624591 -0.3836834133 -0.9230040908 0.9829318523 0.1567932963 -0.0962332636 0.1816439778 -0.9100565314 0.3725621700
-162.7 289.6 2466.3 0.1177677959 0.5636953712 0.8175440431 -0.9911645055 0.1173138544 0.0618902184 -0.0610220134 -0.8176093102 0.5725306273
-131.0 23.1 2449.9 0.0013625416 0.5668917298 0.8237912059 -0.9628947377 0.2230637521 -0.1519086510 -0.2698737085 -0.7930172682 0.5461609960
-417.5 -90.2 2407.6 0.8863945603 -0.0184403472 0.4625631571 -0.0452351682 0.9909744263 0.1261884272 -0.4607152045 -0.1327768564 0.8775601387
-410.2 -484.0 2460.3 0.8892607689 -0.0310330484 0.4563465714 0.0766906068 0.9936880469 -0.0818693116 -0.4509254992 0.1078006625 0.8860277534
-238.4 -101.8 2445.3 0.8922121525 0.0385458022 0.4499684870 -0.0301546343 0.9992120862 -0.0258042496 -0.4506086111 0.0094542308 0.8926715255
-253.7 -498.9 2441.5 0.8912885785 0.0456680991 0.4511309266 -0.1042031273 0.9889165163 0.1057633534 -0.4413008094 -0.1412749141 0.8861687183
-482.8 -234.0 2327.6 0 0 0 0 0 0 0 0 0
-130.7 -234.0 2377.8 0 0 0 0 0 0 0 0 0
-399.8 -817.2 2424.2 0 0 0 0 0 0 0 0 0
-267.7 -802.3 2484.9 0 0 0 0 0 0 0 0 0
-291.4 503.5 2433.0 5 0.9709264040 0.0642377585 -0.2305979431 -0.0633481890 0.9979279041 0.0112673156 0.2308439016 0.0036682272 0.9729838967
-304.5 300.1 2432.3 0.9709264040 0.0642377585 -0.2305979431 -0.0633481890 0.9979279041 0.0112673156 0.2308439016 0.0036682272 0.9729838967
-317.0 101.8 2431.2 0.9709728360 0.0631239712 -0.2307101041 -0.0626209974 0.9979920983 0.0095094908 0.2308471352 0.0052138399 0.9729760885
-446.3 309.2 2398.5 0.1729631871 -0.3802513778 -0.9085662365 0.9827184081 0.1283855438 0.1333478242 0.0659410730 -0.9159290791 0.3958860338
-493.4 41.5 2380.6 -0.0391301289 -0.3821393251 -0.9232758880 0.9795109630 0.1680060625 -0.1110503525 0.1975526661 -0.9087042809 0.3677355647
-162.6 290.9 2466.0 0.1190013215 0.5661605597 0.8156597614 -0.9913747907 0.1131802127 0.0660774708 -0.0549060926 -0.8164878488 0.5747459531
-130.5 22.9 2451.1 0.0014664830 0.5694123507 0.8220507503 -0.9638428092 0.2198550105 -0.1505682021 -0.2664673626 -0.7921069264 0.5491464138
-418.8 -91.7 2407.4 0.8875448108 -0.0266540516 0.4599497020 -0.0333331078 0.9919939041 0.1218074113 -0.4595139325 -0.1234410927 0.8795505762
-408.2 -485.9 2456.4 0.8897348046 -0.0273549836 0.4556574523 0.0735520422 0.9937507510 -0.0839617178 -0.4505131543 0.1082181931 0.8861865997
-240.6 -103.4 2449.0 0.8940101266 0.0371620879 0.4465029538 -0.0248442516 0.9991328120 -0.0334126577 -0.4473574162 0.0187782235 0.8941581249
-255.4 -500.5 2441.6 0.8937286735 0.0378009640 0.4470124245 -0.1004398987 0.9880086184 0.1172637194 -0.4372194707 -0.1496998370 0.8868083954
-482.2 -238.4 2324.1 0 0 0 0 0 0 0 0 0
-130.1 -234.5 2380.0 0 0 0 0 0 0 0 0 0
-399.1 -817.5 2420.3 0 0 0 0 0 0 0 0 0
-267.0 -804.4 2487.6 0 0 0 0 0 0 0 0 0
-294.0 505.2 2439.4 6 0.9728791118 0.0579382777 -0.2239407003 -0.0621205345 0.9980004430 -0.0116698043 0.2228167802 0.0252646245 0.9745329022
-305.8 301.7 2434.2 0.9728791118 0.0579382777 -0.2239407003 -0.0621205345 0.9980004430 -0.0116698043 0.2228167802 0.0252646245 0.9745329022
-317.6 103.4 2429.9 0.9728468060 0.0593050383 -0.2237231582 -0.0626705363 0.9980024695 -0.0079663331 0.2228038311 0.0217708722 0.9746201634
-447.9 310.9 2401.7 0.1738012433 -0.3886182010 -0.9048585892 0.9821815491 0.1351194978 0.1306220442 0.0715019330 -0.9114376307 0.4051775634
-495.3 43.0 2382.2 -0.0532908440 -0.3908454180 -0.9189123511 0.9766944051 0.1711977273 -0.1294581741 0.2079138458 -0.9043954611 0.3726132512
-163.7 292.6 2466.8 0.1198948547 0.5620326996 0.8183791637 -0.9914087057 0.1111955270 0.0688791722 -0.0522877611 -0.8196064830 0.5705358982
-131.0 22.6 2452.5 0.0013396089 0.5650187135 0.8250769973 -0.9660568237 0.2138705999 -0.1448916346 -0.2583262026 -0.7968771458 0.5461266637
-418.6 -90.8 2409.0 0.8845557570 -0.0263951980 0.4656870067 -0.0297246668 0.9931781888 0.1127544045 -0.4654863477 -0.1135799512 0.8777369261
-408.1 -485.5 2454.1 0.8862915039 -0.0251949877 0.4624419808 0.0671075135 0.9949674606 -0.0744063705 -0.4582400620 0.0969790667 0.8835219741
-240.5 -102.2 2451.4 0.8904402852 0.0402213596 0.4533192217 -0.0247876253 0.9988946319 -0.0399387404 -0.4544245303 0.0243263561 0.8904530406
-256.5 -499.2 2441.7 0.8903850913 0.0348449647 0.4538724124 -0.1006602645 0.9874543548 0.1216610372 -0.4439390302 -0.1540120989 0.8827221394
-480.1 -236.1 2322.8 0 0 0 0 0 0 0 0 0
-130.7 -235.4 2383.5 0 0 0 0 0 0 0 0 0
-399.8 -816.4 2421.9 0 0 0 0 0 0 0 0 0
-267.4 -806.3 2489.6 0 0 0 0 0 0 0 0 0
-295.4 504.8 2443.6 7 0.9711270332 0.0518532842 -0.2328594923 -0.0578639060 0.9981426597 -0.0190510880 0.2314391434 0.0319751874 0.9723237753
-306.0 301.0 2437.0 0.9711270332 0.0518532842 -0.2328594923 -0.0578639060 0.9981426597 -0.0190510880 0.2314391434 0.0319751874 0.9723237753
-317.1 102.7 2431.5 0.9709618688 0.0559481718 -0.2326001972 -0.0609221272 0.9980407953 -0.0142497942 0.2313472480 0.0280065071 0.9724680185
-447.8 309.9 2403.3 0.1752951592 -0.3808004260 -0.9078891277 0.9816003442 0.1385190785 0.1314275861 0.0757122859 -0.9142228961 0.3980755806
-495.4 43.5 2382.7 -0.0712676644 -0.3837481439 -0.9206836224 0.9732896090 0.1752007008 -0.1483647823 0.2182391286 -0.9066653848 0.3610119224
-164.2 292.2 2470.8 0.1205594018 0.5689477921 0.8134887218 -0.9908330441 0.1192817241 0.0634171888 -0.0609532669 -0.8136770129 0.5781127810
-131.5 23.5 2454.3 0.0026039286 0.5714397430 0.8206399083 -0.9655809402 0.2148782015 -0.1465632319 -0.2600896657 -0.7920126319 0.5523308516
-418.6 -89.1 2405.1 0.8886353970 -0.0353435166 0.4572504163 -0.0171536859 0.9937668443 0.1101509929 -0.4582934380 -0.1057276055 0.8824900985
-404.6 -484.0 2447.2 0.8896602988 -0.0178930424 0.4562723041 0.0548045263 0.9961929917 -0.0677939206 -0.4533222318 0.0853193477 0.8872539401
-240.2 -100.6 2446.0 0.8938342929 0.0406292304 0.4465529919 -0.0400030836 0.9991407990 -0.0108345393 -0.4466095269 -0.0081792139 0.8946915865
-256.3 -497.5 2449.3 0.8930665851 0.0380554125 0.4483122528 -0.0919904038 0.9908118248 0.0991447419 -0.4404200912 -0.1297832876 0.8883616328
-475.0 -234.6 2320.3 0 0 0 0 0 0 0 0 0
-130.8 -234.4 2384.9 0 0 0 0 0 0 0 0 0
-398.6 -818.1 2418.5 0 0 0 0 0 0 0 0 0
-268.0 -801.6 2489.1 0 0 0 0 0 0 0 0 0
-294.7 503.7 2444.7 8 0.9709876180 0.0569203161 -0.2322564870 -0.0631646067 0.9978119731 -0.0195313152 0.2306365818 0.0336350538 0.9724584818
-306.3 301.0 2437.8 0.9709876180 0.0569203161 -0.2322564870 -0.0631646067 0.9978119731 -0.0195313152 0.2306365818 0.0336350538 0.9724584818
-317.8 102.8 2432.0 0.9709809422 0.0580671169 -0.2320004553 -0.0632808134 0.9978817105 -0.0150876809 0.2306329161 0.0293310285 0.9725986719
-448.1 310.3 2404.1 0.1617988348 -0.3799260855 -0.9107564688 0.9825963974 0.1473603547 0.1130894125 0.0912437737 -0.9132037759 0.3971567452
-492.3 42.0 2379.2 -0.0594717599 -0.3817856014 -0.9223355651 0.9751413465 0.1753551215 -0.1354620159 0.2134537101 -0.9074636698 0.3618662357
-164.4 291.8 2471.5 0.1217408031 0.5688869953 0.8133552074 -0.9908750057 0.1174126863 0.0661892369 -0.0578440279 -0.8139913082 0.5779898167
-131.5 23.7 2455.9 0.0043869033 0.5714399219 0.8206322193 -0.9650848508 0.2173476070 -0.1461889595 -0.2619006634 -0.7913383842 0.5524414778
-417.3 -90.0 2404.7 0.8883211613 -0.0332430303 0.4580179453 -0.0190105606 0.9938593507 0.1090052947 -0.4588291049 -0.1055388823 0.8822343349
-404.1 -484.9 2446.6 0.8895984888 -0.0162602309 0.4564538598 0.0556584708 0.9957774878 -0.0730021670 -0.4533394277 0.0903481394 0.8867471814
-239.2 -101.1 2447.1 0.8932333589 0.0448725261 0.4473484457 -0.0464192443 0.9988937974 -0.0075101941 -0.4471906126 -0.0140572209 0.8943282366
-257.0 -498.0 2452.7 0.8926551342 0.0321409740 0.4495928586 -0.0829105005 0.9921432137 0.0936892927 -0.4430492520 -0.1209082007 0.8883065581
-475.3 -236.6 2318.2 0 0 0 0 0 0 0 0 0
-130.3 -234.1 2385.9 0 0 0 0 0 0 0 0 0
-398.6 -818.5 2416.4 0 0 0 0 0 0 0 0 0
-266.9 -802.7 2489.9 0 0 0 0 0 0 0 0 0
-295.9 504.6 2445.2 9 0.9663191438 0.0508806109 -0.2522666156 -0.0568970554 0.9982419014 -0.0166076478 0.2509781122 0.0304015167 0.9675152302
-306.2 302.3 2439.1 0.9663191438 0.0508806109 -0.2522666156 -0.0568970554 0.9982419014 -0.0166076478 0.2509781122 0.0304015167 0.9675152302
-316.2 103.9 2433.6 0.9663928747 0.0500767007 -0.2521449924 -0.0554388016 0.9983610511 -0.0142022874 0.2510205507 0.0277036056 0.9675852656
-447.4 310.4 2402.4 0.1613164693 -0.3601987958 -0.9188219905 0.9818779230 0.1524071097 0.1126401201 0.0994621664 -0.9203417301 0.3782570064
-490.9 45.7 2375.6 -0.0572610013 -0.3609327376 -0.9308322668 0.9785556793 0.1644929945 -0.1239793524 0.1978635937 -0.9179703593 0.3437737525
-165.1 294.2 2475.7 0.1166771501 0.5847350359 0.8027897477 -0.9911065102 0.1206286103 0.0561837070 -0.0639868304 -0.8022055030 0.5936093330
-132.9 21.0 2458.1 0.0046012639 0.5869086385 0.8096401095 -0.9658039212 0.2124979049 -0.1485511065 -0.2592327297 -0.7812700868 0.5678163767
-418.4 -89.7 2405.0 0.8972379565 -0.0408869535 0.4396502078 0.0011285986 0.9959125519 0.0903154612 -0.4415458739 -0.0805382729 0.8936167359
-402.2 -485.4 2437.0 0.8974685669 -0.0111480504 0.4409374893 0.0393314920 0.9977208376 -0.0548289418 -0.4393212795 0.0665499792 0.8958615661
-240.3 -101.3 2447.3 0.9024165273 0.0426538177 0.4287482500 -0.0479254350 0.9988498092 0.0015019315 -0.4281910360 -0.0219033156 0.9034227729
-257.3 -498.2 2456.0 0.9017428160 0.0350449644 0.4308499694 -0.0825947523 0.9923135042 0.0921518654 -0.4243088067 -0.1186832339 0.8977061510
-474.5 -233.9 2319.0 0 0 0 0 0 0 0 0 0
-131.7 -237.0 2388.8 0 0 0 0 0 0 0 0 0
-398.4 -817.9 2414.9 0 0 0 0 0 0 0 0 0
-268.0 -803.5 2492.5 0 0 0 0 0 0 0 0 0
-295.3 502.0 2446.5 0 0.9622759819 0.0495679639 -0.2675218284 -0.0562261455 0.9982684851 -0.0172805842 0.2662020624 0.0316704139 0.9633968472
-305.4 300.0 2440.1 0.9622759819 0.0495679639 -0.2675218284 -0.0562261455 0.9982684851 -0.0172805842 0.2662020624 0.0316704139 0.9633968472
-314.8 101.5 2434.5 0.9624168873 0.0475390367 -0.2673832476 -0.0533293225 0.9984726906 -0.0144310081 0.2662888467 0.0281480141 0.9634822011
-445.9 307.7 2401.2 0.1618405282 -0.3452867568 -0.9244375229 0.9812976122 0.1552514881 0.1138069704 0.1042242646 -0.9255668521 0.3639550209
-489.4 43.9 2373.2 -0.0491431281 -0.3461429179 -0.9368938208 0.9785102606 0.1713877916 -0.1146466359 0.2002562881 -0.9223943353 0.3302818537
-164.8 292.2 2479.0 0.1106302589 0.5972982645 0.7943524122 -0.9916325212 0.1198392361 0.0479948111 -0.0665273666 -0.7930153608 0.6055582166
-134.7 22.1 2460.9 0.0139102144 0.5986726284 0.8008730412 -0.9668204188 0.2123775035 -0.1419649720 -0.2550779581 -0.7723256350 0.5817631483
-414.8 -89.4 2405.1 0.9037796259 -0.0443754792 0.4256914258 0.0103728529 0.9965894222 0.0818653107 -0.4278723598 -0.0695725679 0.9011575580
-397.1 -485.4 2432.7 0.9038472176 0.0053179171 0.4278222919 0.0180492010 0.9985587001 -0.0505442843 -0.4274744689 0.0534061603 0.9024485350
-237.5 -99.6 2451.1 0.9082401395 0.0543090738 0.4149100482 -0.0657258630 0.9977493882 0.0132752145 -0.4132552743 -0.0393274017 0.9097656012
-259.1 -496.0 2466.7 0.9082237482 0.0324692056 0.4172234535 -0.0662331060 0.9955723286 0.0667005554 -0.4132103920 -0.0882130265 0.9063529372
-475.4 -235.7 2315.9 0 0 0 0 0 0 0 0 0
-131.0 -236.1 2392.7 0 0 0 0 0 0 0 0 0
-398.9 -814.0 2415.1 0 0 0 0 0 0 0 0 0
-269.2 -805.0 2494.1 0 0 0 0 0 0 0 0 0
-294.7 502.1 2446.1 1 0.9621009827 0.0519162603 -0.2677058876 -0.0582950115 0.9981722832 -0.0159291066 0.2663896084 0.0309313256 0.9633690119
-305.2 299.9 2439.9 0.9621009827 0.0519162603 -0.2677058876 -0.0582950115 0.9981722832 -0.0159291066 0.2663896084 0.0309313256 0.9633690119
-315.1 101.5 2434.4 0.9622435570 0.0499997400 -0.2675582469 -0.0555021688 0.9983734488 -0.0130371163 0.2664712071 0.0273949448 0.9634534717
-445.8 308.0 2400.9 0.1520311683 -0.3446707726 -0.9263306856 0.9823530912 0.1560003459 0.1031807885 0.1089445129 -0.9256705642 0.3623053133
-487.5 38.1 2371.0 -0.0446309485 -0.3457170427 -0.9372767806 0.9777920842 0.1771920323 -0.1119179428 0.2047699243 -0.9214568138 0.3301311433
-164.7 291.7 2478.8 0.1105017960 0.5981157422 0.7937549353 -0.9921033978 0.1140583083 0.0521686673 -0.0593314469 -0.7932516932 0.6059963107
-134.4 20.1 2462.5 0.0152965486 0.5996516943 0.8001149297 -0.9667676091 0.2131059021 -0.1412310898 -0.2551986575 -0.7713648677 0.5829836130
-412.5 -92.0 2404.5 0.9037860036 -0.0376291461 0.4263272285 0.0097902883 0.9976844788 0.0673043802 -0.4278726578 -0.0566548929 0.9020616412
-397.6 -488.4 2427.0 0.9037996531 0.0006211590 0.4279553592 0.0146390358 0.9993688464 -0.0323667452 -0.4277053773 0.0355179049 0.9032201171
-236.0 -101.8 2453.3 0.9078942537 0.0561396182 0.4154230952 -0.0725394264 0.9970818162 0.0237886179 -0.4128753245 -0.0517321043 0.9093171954
-258.3 -497.9 2473.9 0.9083337784 0.0364358164 0.4166559875 -0.0619271435 0.9969342351 0.0478245951 -0.4136360884 -0.0692430139 0.9078053832
-474.8 -241.3 2312.5 0 0 0 0 0 0 0 0 0
-130.3 -238.1 2394.4 0 0 0 0 0 0 0 0 0
-397.8 -815.7 2415.4 0 0 0 0 0 0 0 0 0
-269.4 -802.2 2495.0 0 0 0 0 0 0 0 0 0
-295.0 500.4 2446.9 2 0.9598230720 0.0543415882 -0.2752938569 -0.0610038489 0.9980142117 -0.0156894904 0.2738946080 0.0318531208 0.9612320662
-306.0 298.2 2440.5 0.9598230720 0.0543415882 -0.2752938569 -0.0610038489 0.9980142117 -0.0156894904 0.2738946080 0.0318531208 0.9612320662
-316.4 99.9 2434.8 0.9599741101 0.0522857942 -0.2751652896 -0.0581760705 0.9982179999 -0.0132825654 0.2739804685 0.0287589543 0.9613052011
-446.2 306.7 2400.5 0.1508564651 -0.3368923366 -0.9293792844 0.9821019769 0.1583258808 0.1020225585 0.1127741858 -0.9281360507 0.3547471166
-487.4 39.0 2369.7 -0.0457103774 -0.3381898403 -0.9399671555 0.9764037728 0.1836791188 -0.1135680079 0.2110598683 -0.9229786396 0.3218137622
-165.8 289.7 2480.5 0.1140063033 0.6043489575 0.7885207534 -0.9917705655 0.1157728285 0.0546604656 -0.0582552813 -0.7882633209 0.6125743389
-134.6 18.7 2464.6 0.0106142350 0.6061034203 0.7953150272 -0.9668914080 0.2090231478 -0.1463908404 -0.2549672425 -0.7674294710 0.5882548094
-413.3 -91.8 2404.5 0.9067195058 -0.0443713479 0.4193935692 0.0187314395 0.9977055788 0.0650591329 -0.4213180840 -0.0511345342 0.9054702520
-395.7 -488.3 2424.9 0.9067208171 0.0038947756 0.4217134416 0.0098178666 0.9994913936 -0.0303401742 -0.4216171205 0.0316503942 0.9062213898
-236.8 -102.0 2453.4 0.9104716778 0.0630479753 0.4087374508 -0.0819312111 0.9962207675 0.0288359653 -0.4053746760 -0.0597426817 0.9121963382
-261.9 -497.9 2477.2 0.9120215178 0.0210518036 0.4096017480 -0.0424228497 0.9981672168 0.0431573652 -0.4079425037 -0.0567369163 0.9112430215
-474.3 -240.1 2309.4 0 0 0 0 0 0 0 0 0
-131.8 -239.5 2396.5 0 0 0 0 0 0 0 0 0
-397.0 -814.7 2414.5 0 0 0 0 0 0 0 0 0
-268.3 -803.1 2494.5 0 0 0 0 0 0 0 0 0
-294.5 502.1 2447.4 3 0.9572819471 0.0574743673 -0.2833865583 -0.0637659803 0.9978799224 -0.0130193401 0.2820374668 0.0305336006 0.9589173794
-306.1 299.8 2441.2 0.9572819471 0.0574743673 -0.2833865583 -0.0637659803 0.9978799224 -0.0130193401 0.2820374668 0.0305336006 0.9589173794
-317.1 101.5 2435.5 0.9574468732 0.0549754053 -0.2833253145 -0.0608393885 0.9980762601 -0.0119326944 0.2821242809 0.0286622606 0.9589496255
-446.0 308.7 2400.0 0.1483904272 -0.3283472359 -0.9328281283 0.9820249081 0.1601903141 0.0998308659 0.1166508421 -0.9308744073 0.3462158740
-486.7 39.3 2367.9 -0.0584648922 -0.3295442760 -0.9423282146 0.9760711789 0.1791718900 -0.1232171282 0.2094442248 -0.9269832969 0.3111834228
-166.3 291.0 2482.4 0.1089243963 0.6110643744 0.7840508819 -0.9921185374 0.1159737259 0.0474439822 -0.0619379804 -0.7830392122 0.6188806295
-135.9 14.1 2465.1 0.0175202098 0.6120452285 0.7906286716 -0.9688037634 0.2059023231 -0.1379255354 -0.2472089380 -0.7635475397 0.5965591669
-414.8 -93.1 2403.9 0.9092990160 -0.0566403382 0.4122707844 0.0363353156 0.9977166653 0.0569318607 -0.4145540595 -0.0367880948 0.9092807770
-392.3 -489.6 2418.6 0.9095774889 0.0161064155 0.4152221084 -0.0117843421 0.9998464584 -0.0129693709 -0.4153672457 0.0069035287 0.9096276164
-238.7 -103.8 2454.2 0.9138432741 0.0628947690 0.4011666775 -0.0814470053 0.9962456822 0.0293423124 -0.3978150785 -0.0594880991 0.9155349731
-263.7 -499.7 2477.8 0.9154463410 0.0184916221 0.4020150304 -0.0392287597 0.9982868433 0.0434110165 -0.4005235732 -0.0555110052 0.9146034122
-470.0 -239.7 2308.1 0 0 0 0 0 0 0 0 0
-131.2 -244.7 2399.1 0 0 0 0 0 0 0 0 0
-397.6 -815.0 2416.3 0 0 0 0 0 0 0 0 0
-269.4 -804.1 2494.8 0 0 0 0 0 0 0 0 0
-294.8 504.7 2446.6 4 0.9564418197 0.0603165366 -0.2856238484 -0.0658207834 0.9977843165 -0.0097010601 0.2844058573 0.0280784834 0.9582927227
-307.0 302.6 2440.9 0.9564418197 0.0603165366 -0.2856238484 -0.0658207834 0.9977843165 -0.0097010601 0.2844058573 0.0280784834 0.9582927227
-318.4 104.3 2435.8 0.9566594958 0.0572916232 -0.2855175734 -0.0621266067 0.9980370402 -0.0078973956 0.2845046520 0.0252933558 0.9583409429
-446.8 311.7 2399.3 0.1431915015 -0.3264836967 -0.9342936277 0.9833639860 0.1535415798 0.0970578641 0.1117651165 -0.9326485991 0.3430381417
-486.0 42.4 2368.7 -0.0668022484 -0.3285974562 -0.9421046376 0.9742372632 0.1823621690 -0.1326869428 0.2154048383 -0.9266972542 0.3079496920
-167.3 293.5 2482.4 0.1079495624 0.6133758426 0.7823790312 -0.9926868677 0.1092776209 0.0512946472 -0.0540336259 -0.7821946740 0.6206866503
-136.9 14.1 2467.2 0.0198384319 0.6143590212 0.7887771726 -0.9695135355 0.2045424879 -0.1349289864 -0.2442332953 -0.7620533705 0.5996872187
-415.8 -91.3 2403.9 0.9085977077 -0.0734159499 0.4111694396 0.0595976375 0.9971460104 0.0463462025 -0.4133985043 -0.0176053289 0.9103800058
-386.6 -487.4 2410.9 0.9096329808 0.0331068709 0.4140915275 -0.0367313810 0.9993248582 0.0007910253 -0.4137857556 -0.0159296971 0.9102349281
-240.2 -102.4 2455.6 0.9147703648 0.0623311810 0.3991365433 -0.0814568847 0.9961909652 0.0311186388 -0.3956765532 -0.0609788299 0.9163632989
-264.9 -498.3 2479.9 0.9165227413 0.0136300577 0.3997502923 -0.0328452401 0.9986085892 0.0412565432 -0.3986317515 -0.0509424545 0.9156951308
-466.9 -236.0 2307.1 0 0 0 0 0 0 0 0 0
-131.6 -244.9 2402.0 0 0 0 0 0 0 0 0 0
-397.5 -815.4 2416.1 0 0 0 0 0 0 0 0 0
-269.1 -805.7 2495.6 0 0 0 0 0 0 0 0 0
-294.8 502.8 2446.7 5 0.9554510713 0.0654820427 -0.2877938747 -0.0707474798 0.9974628091 -0.0079218177 0.2865449488 0.0279295985 0.9576596022
-308.0 301.0 2441.0 0.9554510713 0.0654820427 -0.2877938747 -0.0707474798 0.9974628091 -0.0079218177 0.2865449488 0.0279295985 0.9576596022
-320.5 102.7 2436.0 0.9556595087 0.0628519952 -0.2876881957 -0.0675069839 0.9976990223 -0.0062787528 0.2866315842 0.0254213121 0.9577035308
-447.6 310.8 2399.1 0.1344945729 -0.3239443004 -0.9364674687 0.9843166471 0.1525499523 0.0885963067 0.1141578034 -0.9336962104 0.3393809199
-483.9 45.1 2368.3 -0.0643253252 -0.3260900378 -0.9431476593 0.9745653868 0.1827823967 -0.1296644807 0.2146730870 -0.9274998307 0.3060385287
-168.4 291.1 2482.9 0.1106580943 0.6160805225 0.7798715234 -0.9929296970 0.1024480984 0.0599578656 -0.0429574810 -0.7809924483 0.6230613589
-137.7 15.6 2471.0 0.0227232017 0.6174215078 0.7863042355 -0.9673532248 0.2121531963 -0.1386315525 -0.2524110675 -0.7574838400 0.6020854712
-417.5 -88.3 2404.7 0.9089031816 -0.0788192675 0.4094906151 0.0671688542 0.9968239665 0.0427823029 -0.4115621448 -0.0113799544 0.9113106728
-386.2 -484.4 2409.2 0.9101664424 0.0364182182 0.4126388133 -0.0389008261 0.9992402196 -0.0023854314 -0.4124121666 -0.0138808517 0.9108915925
-242.1 -99.7 2456.9 0.9148339629 0.0744445175 0.3969090581 -0.0913760290 0.9955298305 0.0238899942 -0.3933563530 -0.0581233539 0.9175469875
-271.6 -495.4 2480.0 0.9170123935 -0.0101992693 0.3987282813 -0.0106515288 0.9986902475 0.0500428341 -0.3987164795 -0.0501369648 0.9157027006
-465.6 -233.4 2307.0 0 0 0 0 0 0 0 0 0
-131.7 -242.7 2403.6 0 0 0 0 0 0 0 0 0
-398.2 -814.5 2413.8 0 0 0 0 0 0 0 0 0
-268.5 -807.4 2495.7 0 0 0 0 0 0 0 0 0
-296.3 499.1 2447.7 6 0.9553961158 0.0719857067 -0.2864198387 -0.0790184811 0.9967876673 -0.0130559457 0.2845599055 0.0351060592 0.9580152631
-310.9 296.4 2440.6 0.9553961158 0.0719857067 -0.2864198387 -0.0790184811 0.9967876673 -0.0130559457 0.2845599055 0.0351060592 0.9580152631
-324.8 98.3 2434.4 0.9556304216 0.0698258132 -0.2861728072 -0.0757243112 0.9970827699 -0.0095828185 0.2846688628 0.0308278725 0.9581301212
-450.5 307.5 2399.0 0.1236097515 -0.3258042932 -0.9373218417 0.9856847525 0.1494500488 0.0780401975 0.1146569550 -0.9335503578 0.3396137953
-483.8 42.5 2368.2 -0.0654667318 -0.3288221359 -0.9421200156 0.9725633860 0.1901943982 -0.1339645386 0.2232364565 -0.9250416756 0.3073489666
-171.3 285.3 2482.2 0.1223296523 0.6148945689 0.7790635824 -0.9916549325 0.1079092398 0.0705410913 -0.0406928286 -0.7811915278 0.6229637861
-137.7 13.0 2471.0 0.0251745060 0.6156431437 0.7876228690 -0.9684316516 0.2104769647 -0.1335650831 -0.2480048984 -0.7593964338 0.6015069485
-420.7 -89.3 2404.6 0.9074848890 -0.0865758508 0.4110666513 0.0781697184 0.9962438345 0.0372514315 -0.4127476811 -0.0016721474 0.9108438492
-386.3 -485.2 2405.3 0.9101719260 0.0352168754 0.4127309322 -0.0464121886 0.9987755418 0.0171281528 -0.4116223454 -0.0347453095 0.9106919169
-245.4 -101.7 2457.2 0.9143258333 0.0661424026 0.3995415568 -0.0849066004 0.9959542751 0.0294274576 -0.3959787190 -0.0608300008 0.9162426591
-271.7 -497.5 2481.4 0.9159795046 -0.0112882406 0.4010661840 -0.0114468085 0.9984620214 0.0542452186 -0.4010616839 -0.0542784370 0.9144415855
-465.0 -235.5 2304.4 0 0 0 0 0 0 0 0 0
-131.0 -245.7 2404.7 0 0 0 0 0 0 0 0 0
-398.0 -817.5 2416.8 0 0 0 0 0 0 0 0 0
-268.2 -806.9 2498.2 0 0 0 0 0 0 0 0 0
-298.5 500.1 2448.2 7 0.9562486410 0.0667341053 -0.2848422229 -0.0742832944 0.9971125126 -0.0157697592 0.2829673588 0.0362388305 0.9584447145
-312.0 298.0 2440.9 0.9562486410 0.0667341053 -0.2848422229 -0.0742832944 0.9971125126 -0.0157697592 0.2829673588 0.0362388305 0.9584447145
-325.1 99.8 2434.4 0.9563635588 0.0659451783 -0.2846400440 -0.0725556388 0.9972831011 -0.0127303321 0.2830272019 0.0328270644 0.9585499167
-451.7 308.6 2399.5 0.1292625964 -0.3279515505 -0.9358092546 0.9852392673 0.1492830068 0.0837745443 0.1122264192 -0.9328249097 0.3424074650
-486.9 40.5 2369.0 -0.0736741424 -0.3313722610 -0.9406192303 0.9711602330 0.1906196773 -0.1432199776 0.2267596573 -0.9240435958 0.3077718318
-172.3 287.4 2482.2 0.1185515970 0.6143743396 0.7800574899 -0.9922455549 0.1028433070 0.0697999895 -0.0373403691 -0.7822834253 0.6218024492
