-381.5 539.5 2433.1 1 0.9863282442 0.0730042756 -0.1477393508 -0.0591228418 0.9935981035 0.0962666869 0.1538214236 -0.0862157792 0.9843301177
-396.4 337.1 2450.6 0.9863282442 0.0730042756 -0.1477393508 -0.0591228418 0.9935981035 0.0962666869 0.1538214236 -0.0862157792 0.9843301177
-410.4 142.3 2465.6 0.9863191247 0.0716918483 -0.1484413147 -0.0592482500 0.9944778681 0.0866219178 0.1538316905 -0.0766419619 0.9851201773
-536.9 345.5 2428.7 0.1916405261 -0.9058500528 -0.3777692914 0.9813178778 0.1835183203 0.0577606298 0.0170051176 -0.3817810416 0.9240963459
-587.2 87.9 2424.2 -0.0789300874 -0.9047507048 -0.4185644388 0.9679480791 0.0308654308 -0.2492465675 0.2384251803 -0.4248217046 0.8733155131
-255.8 328.6 2472.6 0.1123911142 0.9861890078 0.1216531694 -0.9761073589 0.0866622105 0.1992588639 0.1859641671 -0.1411414891 0.9723663926
-228.5 91.5 2517.7 0.0215187594 0.9867393970 0.1608799398 -0.9518023133 0.0694644228 -0.2987425029 -0.3059564233 -0.1466973424 0.9406756163
-515.0 -46.8 2466.5 0.6920845509 -0.0041172314 -0.7218046784 0.0895147547 0.9927539825 0.0801662579 0.7162443995 -0.1200940013 0.6874382496
-513.4 -435.6 2513.6 0.7022387981 0.0132929692 -0.7118173838 -0.0998171046 0.9917883277 -0.0799525753 0.7049093246 0.1271973550 0.6977991462
-336.4 -57.9 2492.1 0.9922544956 -0.0617200695 -0.1078035459 0.0708845854 0.9939955473 0.0833560377 0.1020115092 -0.0903520137 0.9906715751
-312.3 -447.2 2527.5 0.9922285676 0.0706510320 -0.1024250165 -0.0707970113 0.9974882603 0.0022139242 0.1023241654 0.0050546657 0.9947382808
-565.3 -181.1 2358.0 0 0 0 0 0 0 0 0 0
-223.0 -153.1 2439.1 0 0 0 0 0 0 0 0 0
-517.6 -748.6 2473.4 0 0 0 0 0 0 0 0 0
-334.6 -761.9 2525.9 0 0 0 0 0 0 0 0 0
-381.9 538.2 2432.7 2 0.9869736433 0.0673511997 -0.1461054981 -0.0539354049 0.9941177368 0.0939198136 0.1515716761 -0.0848161206 0.9848006368
-395.6 335.9 2449.9 0.9869736433 0.0673511997 -0.1461054981 -0.0539354049 0.9941177368 0.0939198136 0.1515716761 -0.0848161206 0.9848006368
-408.7 141.1 2464.9 0.9869506359 0.0664759129 -0.1466609240 -0.0542777814 0.9948444366 0.0856649652 0.1515994519 -0.0765866637 0.9854704738
-536.3 343.6 2428.3 0.1909964830 -0.9067318439 -0.3759756982 0.9814148545 0.1836496443 0.0556573570 0.0185815003 -0.3796184957 0.9249565005
-586.2 87.4 2423.5 -0.0791982710 -0.9054846764 -0.4169234335 0.9663308859 0.0329757892 -0.2551806867 0.2448105663 -0.4230958819 0.8723862171
-255.0 328.2 2471.5 0.1093050838 0.9864839911 0.1220726594 -0.9750291109 0.0825226605 0.2061752379 0.1933148205 -0.1415604055 0.9708707333
-228.5 91.8 2518.4 0.0144345341 0.9869709015 0.1602500379 -0.9500420690 0.0635120049 -0.3055917025 -0.3117879331 -0.1478331983 0.9385806322
-513.6 -47.1 2466.7 0.6932967305 -0.0073293187 -0.7206149697 0.0852213949 0.9937656522 0.0718831718 0.7155955434 -0.1112481803 0.6895990372
-510.8 -436.3 2510.3 0.7010823488 0.0223342739 -0.7127304673 -0.0984677449 0.9929662943 -0.0657426864 0.7062489986 0.1162719950 0.6983503103
-335.3 -57.8 2494.5 0.9925835133 -0.0595390536 -0.1059861109 0.0684443042 0.9942405820 0.0824687630 0.1004655808 -0.0891112834 0.9909418821
-312.0 -447.2 2529.4 0.9922803640 0.0726076961 -0.1005374044 -0.0732194334 0.9973129630 -0.0024032104 0.1000927687 0.0097459499 0.9949303865
-564.1 -181.2 2355.4 0 0 0 0 0 0 0 0 0
-224.8 -152.4 2438.3 0 0 0 0 0 0 0 0 0
-517.8 -749.8 2473.6 0 0 0 0 0 0 0 0 0
-334.8 -760.6 2526.4 0 0 0 0 0 0 0 0 0
-382.9 543.1 2439.0 3 0.9922794104 0.0637622997 -0.1063762456 -0.0558279492 0.9955459833 0.0759697631 0.1107464507 -0.0694444627 0.9914195538
-395.9 340.3 2453.1 0.9922794104 0.0637622997 -0.1063762456 -0.0558279492 0.9955459833 0.0759697631 0.1107464507 -0.0694444627 0.9914195538
-408.3 145.3 2466.1 0.9922980070 0.0631556287 -0.1065646484 -0.0555363894 0.9957834482 0.0730137005 0.1107265428 -0.0665331334 0.9916213751
-537.2 348.2 2437.4 0.1833695173 -0.9212712049 -0.3429794908 0.9818787575 0.1886260659 0.0182834938 0.0478508174 -0.3401169181 0.9391649365
-586.2 85.6 2424.6 -0.0812746882 -0.9210365415 -0.3809017539 0.9650886655 0.0227491595 -0.2609336674 0.2489946336 -0.3888112605 0.8870329857
-254.6 332.5 2468.9 0.1055246294 0.9815448523 0.1594811827 -0.9744979143 0.0701336414 0.2131550163 0.1980362236 -0.1779071838 0.9639142752
-228.4 90.6 2518.0 0.0106823742 0.9815448523 0.1909334511 -0.9489769936 0.0701336414 -0.3074473739 -0.3151642382 -0.1779071838 0.9322127104
-510.9 -48.9 2466.2 0.7217074037 -0.0056054704 -0.6921755672 0.0813908055 0.9937176704 0.0768159106 0.6873965263 -0.1117753386 0.7176296711
-508.7 -438.1 2510.0 0.7285722494 0.0291189179 -0.6843497157 -0.1009400934 0.9927523732 -0.0652214438 0.6774906516 0.1165968627 0.7262310982
-332.5 -58.7 2493.6 0.9965248108 -0.0497983135 -0.0667711645 0.0556350797 0.9945112467 0.0886124372 0.0619919188 -0.0920193121 0.9938256741
-313.0 -448.2 2529.7 0.9957657456 0.0679525137 -0.0619114190 -0.0682790205 0.9976612329 -0.0031709864 0.0615511462 0.0073848111 0.9980766177
-563.6 -182.6 2355.3 0 0 0 0 0 0 0 0 0
-225.6 -153.3 2437.0 0 0 0 0 0 0 0 0 0
-517.8 -748.5 2473.5 0 0 0 0 0 0 0 0 0
-334.2 -759.9 2527.4 0 0 0 0 0 0 0 0 0
-381.9 540.9 2434.1 4 0.9871150255 0.0689038783 -0.1444167942 -0.0557849966 0.9941018224 0.0930034816 0.1499732882 -0.0837488398 0.9851366282
-395.9 338.8 2451.2 0.9871150255 0.0689038783 -0.1444167942 -0.0557849966 0.9941018224 0.0930034816 0.1499732882 -0.0837488398 0.9851366282
-409.0 143.9 2465.9 0.9871954918 0.0664716214 -0.1450055689 -0.0546027422 0.9949387908 0.0843527094 0.1498787254 -0.0753549114 0.9858285785
-536.5 346.5 2429.8 0.1875932813 -0.9079591632 -0.3747251332 0.9820513129 0.1809817404 0.0531114377 0.0195953958 -0.3779626489 0.9256134629
-585.4 90.6 2424.7 -0.0668446422 -0.9078735709 -0.4138809144 0.9684259295 0.0408149660 -0.2459376901 0.2401728630 -0.4172526300 0.8764800429
-255.4 331.0 2472.5 0.1105570719 0.9860915542 0.1240989268 -0.9752643704 0.0835910738 0.2046264410 0.1914068460 -0.1436521560 0.9709415436
-228.8 96.3 2518.6 0.0159925018 0.9865707159 0.1625499576 -0.9501414299 0.0656273589 -0.3048348427 -0.3114088476 -0.1495703906 0.9384312630
-510.3 -44.7 2469.2 0.6944680810 0.0032159504 -0.7195163369 0.0792867243 0.9935582280 0.0809673518 0.7151417732 -0.1132773310 0.6897394657
-511.6 -433.9 2513.5 0.7030554414 0.0178620592 -0.7109106779 -0.1037744060 0.9915600419 -0.0777142048 0.7035225034 0.1284117252 0.6989753246
-331.1 -54.7 2489.2 0.9934594631 -0.0449129120 -0.1049816087 0.0547323413 0.9941973090 0.0926073268 0.1002131626 -0.0977475122 0.9901528955
-313.5 -444.1 2527.4 0.9929093719 0.0631171465 -0.1007331386 -0.0627493560 0.9980060458 0.0068187118 0.1009626612 -0.0004494233 0.9948900938
-566.8 -178.6 2358.0 0 0 0 0 0 0 0 0 0
-224.7 -148.0 2438.5 0 0 0 0 0 0 0 0 0
-517.3 -748.7 2472.8 0 0 0 0 0 0 0 0 0
-333.5 -759.8 2527.6 0 0 0 0 0 0 0 0 0
-380.7 539.8 2431.2 5 0.9903903008 0.0730178952 -0.1174538136 -0.0612513572 0.9930145144 0.1008487791 0.1239971071 -0.0926854461 0.9879443645
-395.6 337.9 2450.0 0.9903903008 0.0730178952 -0.1174538136 -0.0612513572 0.9930145144 0.1008487791 0.1239971071 -0.0926854461 0.9879443645
-409.6 143.3 2466.5 0.9904157519 0.0716470629 -0.1180817336 -0.0609018020 0.9938740134 0.0922246948 0.1239659935 -0.0841494054 0.9887119532
-536.6 346.6 2432.4 0.1908699125 -0.9154990315 -0.3541613221 0.9811067581 0.1895344406 0.0388104655 0.0315948240 -0.3548778296 0.9343786836
-586.8 88.4 2424.1 -0.0733084381 -0.9160903096 -0.3942136765 0.9687421918 0.0285201389 -0.2464247346 0.2369903326 -0.3999564350 0.8853645921
-254.5 329.2 2467.7 0.1071854457 0.9828072190 0.1503369510 -0.9728187323 0.0724522769 0.2199418247 0.2052681595 -0.1698251665 0.9638591409
-228.6 93.8 2517.4 0.0277648102 0.9825857282 0.1837236285 -0.9527744651 0.0816151276 -0.2925059497 -0.3024068177 -0.1669258177 0.9384486675
-511.2 -46.0 2467.1 0.7138049006 -0.0023632324 -0.7003405690 0.0708911568 0.9951018691 0.0688961968 0.6967474222 -0.0988264009 0.7104761600
-510.3 -435.8 2505.8 0.7193851471 0.0224345811 -0.6942489743 -0.0882837623 0.9943257570 -0.0593486615 0.6889781952 0.1039854586 0.7172838449
-333.0 -55.8 2494.2 0.9957838058 -0.0496148728 -0.0771553740 0.0560629070 0.9949055910 0.0837844834 0.0726053566 -0.0877567902 0.9934924245
-313.5 -445.5 2528.5 0.9950852394 0.0671367347 -0.0727878809 -0.0672265515 0.9977369905 0.0012179582 0.0727049336 0.0036813063 0.9973466992
-566.4 -180.9 2358.2 0 0 0 0 0 0 0 0 0
-221.5 -151.1 2439.6 0 0 0 0 0 0 0 0 0
-517.4 -750.3 2472.9 0 0 0 0 0 0 0 0 0
-334.6 -758.6 2527.4 0 0 0 0 0 0 0 0 0
-380.1 540.8 2430.2 6 0.9927439094 0.0787594691 -0.0908648595 -0.0692975447 0.9922682643 0.1029639468 0.0982717052 -0.0959201232 0.9905261397
-396.1 339.2 2449.7 0.9927439094 0.0787594691 -0.0908648595 -0.0692975447 0.9922682643 0.1029639468 0.0982717052 -0.0959201232 0.9905261397
-411.4 144.6 2466.4 0.9927285314 0.0779735744 -0.0917069539 -0.0694925711 0.9933037162 0.0922959596 0.0982894972 -0.0852518827 0.9914995432
-537.5 349.1 2435.7 0.1754881144 -0.9257175922 -0.3350385725 0.9832341671 0.1819303334 0.0123263150 0.0495429933 -0.3315844834 0.9421237707
-584.4 85.9 2422.5 -0.0695624724 -0.9264249206 -0.3699972034 0.9668157697 0.0287867859 -0.2538475692 0.2458217442 -0.3753773868 0.8936797380
-254.7 329.3 2463.7 0.1074177027 0.9862897992 0.1252750158 -0.9697308540 0.0761465058 0.2319994867 0.2192794830 -0.1464039087 0.9646151662
-228.5 92.2 2517.3 0.0293445457 0.9862897992 0.1623923928 -0.9539642930 0.0761465058 -0.2900928557 -0.2984812558 -0.1464039087 0.9431197643
-513.1 -45.9 2471.8 0.7321432829 -0.0023630708 -0.6811465621 0.0588462576 0.9964746237 0.0597949885 0.6786039472 -0.0838614255 0.7297012806
-512.2 -436.2 2504.7 0.7367852330 0.0162533466 -0.6759315133 -0.0772969201 0.9951813817 -0.0603259318 0.6716939211 0.0966946781 0.7344912291
-334.2 -56.9 2494.2 0.9974824190 -0.0488475971 -0.0514077544 0.0537059568 0.9937549233 0.0978103280 0.0463089086 -0.1003249809 0.9938764572
-315.1 -446.1 2533.5 0.9971102476 0.0609886348 -0.0452944487 -0.0619422272 0.9978802204 -0.0199555475 0.0439813733 0.0227035191 0.9987743497
-565.1 -182.8 2354.1 0 0 0 0 0 0 0 0 0
-220.9 -153.0 2440.6 0 0 0 0 0 0 0 0 0
-517.3 -749.8 2474.2 0 0 0 0 0 0 0 0 0
-334.1 -757.5 2526.4 0 0 0 0 0 0 0 0 0
-379.9 539.8 2429.8 7 0.9910260439 0.0872685835 -0.1012501419 -0.0764959231 0.9914408326 0.1057991982 0.1096164659 -0.0971045345 0.9892193675
-397.6 338.7 2449.5 0.9910260439 0.0872685835 -0.1012501419 -0.0764959231 0.9914408326 0.1057991982 0.1096164659 -0.0971045345 0.9892193675
-414.5 144.3 2466.6 0.9910253286 0.0863145366 -0.1020712927 -0.0765037164 0.9923968315 0.0964144617 0.1096171960 -0.0877403393 0.9900937676
-538.8 349.6 2433.8 0.1760365069 -0.9216369390 -0.3458272517 0.9832003117 0.1818379611 0.0158766229 0.0482520424 -0.3428123295 0.9381638765
-585.7 87.8 2421.0 -0.0702925250 -0.9223454595 -0.3799181581 0.9697050452 0.0261399169 -0.2428761274 0.2339467257 -0.3854809105 0.8925656080
-256.5 327.8 2465.1 0.1063047722 0.9874045253 0.1171820611 -0.9711612463 0.0778098404 0.2253697067 0.2134131491 -0.1377605498 0.9672005177
-230.9 94.4 2516.4 0.0409010872 0.9871482849 0.1544840634 -0.9544687271 0.0843272433 -0.2861440182 -0.2954937816 -0.1357465982 0.9456512332
-516.3 -43.6 2474.3 0.7248675823 -0.0162122082 -0.6886974573 0.0710686743 0.9961487055 0.0513514392 0.6852125525 -0.0861678049 0.7232280970
-509.9 -433.8 2508.0 0.7307052016 0.0205670558 -0.6823832393 -0.0861616880 0.9943317771 -0.0622939095 0.6772341132 0.1043137759 0.7283354998
-337.0 -56.2 2492.0 0.9966079593 -0.0548494942 -0.0613519438 0.0604270026 0.9938220978 0.0930922553 0.0558668561 -0.0964837968 0.9937654734
-315.5 -445.5 2529.8 0.9968302250 0.0568060018 -0.0557002909 -0.0571409874 0.9983562231 -0.0044386936 0.0553565882 0.0076073934 0.9984376431
-566.2 -181.8 2356.0 0 0 0 0 0 0 0 0 0
-220.4 -151.0 2440.4 0 0 0 0 0 0 0 0 0
-516.4 -747.6 2475.1 0 0 0 0 0 0 0 0 0
-333.3 -759.6 2527.4 0 0 0 0 0 0 0 0 0
-380.4 539.5 2429.5 8 0.9897249341 0.0925161690 -0.1090200096 -0.0807777494 0.9909103513 0.1075717658 0.1179811805 -0.0976600647 0.9882018566
-399.1 338.8 2449.3 0.9897249341 0.0925161690 -0.1090200096 -0.0807777494 0.9909103513 0.1075717658 0.1179811805 -0.0976600647 0.9882018566
-417.0 144.6 2466.6 0.9897309542 0.0914113671 -0.1098937616 -0.0807127953 0.9918929338 0.0981523991 0.1179750934 -0.0882746354 0.9890851378
-540.1 350.3 2432.5 0.1853197068 -0.9178497791 -0.3510105014 0.9820339680 0.1859135777 0.0323337838 0.0355800651 -0.3506963253 0.9358130693
-588.8 92.5 2423.1 -0.0840631574 -0.9173946977 -0.3889991939 0.9692488313 0.0153281251 -0.2456047535 0.2312791348 -0.3976833522 0.8878952265
-258.1 327.3 2466.1 0.1102611944 0.9899643064 0.0883917436 -0.9579057693 0.0821288601 0.2750844359 0.2650642395 -0.1150020957 0.9573481679
-230.7 89.7 2531.9 0.0367686413 0.9899643064 0.1364503503 -0.9354505539 0.0821288601 -0.3437835872 -0.3515399992 -0.1150020957 0.9290823936
-521.0 -43.1 2473.9 0.7191937566 -0.0224208497 -0.6944476962 0.0832626224 0.9950578809 0.0541033000 0.6898026466 -0.0967322960 0.7175062299
-512.2 -432.8 2511.8 0.7277641892 0.0137234889 -0.6856901050 -0.0896452442 0.9931254983 -0.0752693564 0.6799433827 0.1162471995 0.7239913940
-341.9 -56.9 2493.7 0.9955412149 -0.0644562766 -0.0688701496 0.0704541132 0.9935779572 0.0885381475 0.0627210289 -0.0929955542 0.9936890602
-316.7 -446.1 2530.2 0.9965608716 0.0545792170 -0.0623505451 -0.0551486649 0.9984503984 -0.0074475724 0.0618474446 0.0108605083 0.9980265498
-565.4 -176.9 2358.9 0 0 0 0 0 0 0 0 0
-221.3 -150.4 2441.7 0 0 0 0 0 0 0 0 0
-516.6 -748.5 2474.9 0 0 0 0 0 0 0 0 0
-333.7 -758.6 2526.8 0 0 0 0 0 0 0 0 0
-381.6 541.4 2437.9 9 0.9914290309 0.0904203877 -0.0943006352 -0.0826457888 0.9930890203 0.0833299085 0.1011836454 -0.0748221427 0.9920501709
-399.9 340.5 2453.0 0.9914290309 0.0904203877 -0.0943006352 -0.0826457888 0.9930890203 0.0833299085 0.1011836454 -0.0748221427 0.9920501709
-417.1 145.8 2465.9 0.9916146398 0.0874566957 -0.0951406881 -0.0805725381 0.9940021038 0.0739455298 0.1010370702 -0.0656597465 0.9927136302
-541.2 351.9 2438.6 0.1926026046 -0.9222747684 -0.3351320624 0.9799991250 0.1982088089 0.0177464541 0.0500590205 -0.3318471611 0.9420040250
-591.2 97.8 2425.7 -0.0818613172 -0.9235190749 -0.3747149408 0.9687050581 0.0146696186 -0.2477807403 0.2343271673 -0.3832719028 0.8934167027
-258.6 329.0 2467.4 0.1105553806 0.9881006479 0.1069326773 -0.9655663967 0.0812895074 0.2471306920 0.2354974896 -0.1305722296 0.9630637765
-231.6 92.4 2525.1 0.0350479595 0.9881006479 0.1497622430 -0.9455904961 0.0812895074 -0.3150406480 -0.3234659731 -0.1305722296 0.9371876121
-524.4 -42.4 2473.2 0.7286980152 -0.0365673751 -0.6838582158 0.0893405601 0.9951157570 0.0419875309 0.6789826751 -0.0916925073 0.7284057736
-510.0 -432.2 2509.1 0.7370410562 0.0177431181 -0.6756150126 -0.0865888447 0.9938960671 -0.0683595166 0.6702781916 0.1088844910 0.7340785265
-345.5 -57.0 2494.5 0.9952934384 -0.0795680732 -0.0553166680 0.0839333460 0.9931188822 0.0816706046 0.0484376550 -0.0859291330 0.9951230884
-314.3 -446.0 2528.2 0.9969339371 0.0614435337 -0.0484505929 -0.0616068803 0.9980987310 -0.0018839327 0.0482427180 0.0048630466 0.9988238215
-568.4 -171.5 2360.5 0 0 0 0 0 0 0 0 0
-222.6 -150.3 2442.1 0 0 0 0 0 0 0 0 0
-515.7 -750.4 2474.3 0 0 0 0 0 0 0 0 0
-333.7 -761.0 2526.7 0 0 0 0 0 0 0 0 0
-379.8 543.0 2433.1 0 0.9902979136 0.0916503742 -0.1044520363 -0.0815968439 0.9919562936 0.0967714861 0.1124809906 -0.0873096436 0.9898105860
-398.4 342.0 2450.8 0.9902979136 0.0916503742 -0.1044520363 -0.0815968439 0.9919562936 0.0967714861 0.1124809906 -0.0873096436 0.9898105860
-415.5 147.5 2466.1 0.9905872345 0.0874328390 -0.1053204760 -0.0783898309 0.9931066036 0.0871451125 0.1122138128 -0.0780687854 0.9906126261
-539.5 353.1 2434.8 0.2018579394 -0.9164233208 -0.3455744386 0.9782708883 0.2057030350 0.0259298012 0.0473230369 -0.3432995379 0.9380330443
-591.2 102.9 2422.7 -0.0706640929 -0.9193034172 -0.3871535063 0.9708401561 0.0257488377 -0.2383409441 0.2290763855 -0.3927063346 0.8906771541
-257.2 330.8 2466.8 0.1014030501 0.9889276028 0.1083493158 -0.9712233543 0.0748139620 0.2261150777 0.2155054063 -0.1281601489 0.9680559635
-231.7 86.5 2521.0 0.0307959616 0.9889276028 0.1451680511 -0.9482822418 0.0748139620 -0.3084861636 -0.3159310818 -0.1281601489 0.9400864244
-523.9 -41.5 2469.6 0.7218136191 -0.0390046760 -0.6909875274 0.0951525271 0.9945223331 0.0432589166 0.6855152249 -0.0969740823 0.7215711474
-508.6 -431.1 2507.6 0.7298182845 0.0230813511 -0.6832514405 -0.0874318182 0.9943740368 -0.0597991310 0.6780272722 0.1033804119 0.7277303934
-344.6 -56.1 2487.9 0.9950336218 -0.0747464374 -0.0657348484 0.0809602961 0.9919281602 0.0975908190 0.0579096824 -0.1024280638 0.9930533767
-315.4 -444.5 2528.0 0.9965711236 0.0592805408 -0.0577220283 -0.0596477613 0.9982086420 -0.0046583405 0.0573424771 0.0080853570 0.9983218312
-571.5 -167.0 2359.0 0 0 0 0 0 0 0 0 0
-223.8 -157.1 2439.8 0 0 0 0 0 0 0 0 0
-516.0 -750.6 2474.4 0 0 0 0 0 0 0 0 0
-334.1 -759.4 2525.4 0 0 0 0 0 0 0 0 0
-377.9 543.1 2430.7 1 0.9876583219 0.0845268592 -0.1318569481 -0.0711964071 0.9921575785 0.1027343795 0.1395066977 -0.0920787230 0.9859307408
-395.1 341.6 2449.4 0.9876583219 0.0845268592 -0.1318569481 -0.0711964071 0.9921575785 0.1027343795 0.1395066977 -0.0920787230 0.9859307408
-410.8 147.0 2465.4 0.9879235029 0.0799205676 -0.1327396184 -0.0679941922 0.9934277534 0.0920768604 0.1392260492 -0.0819393694 0.9868647456
-535.8 351.2 2429.5 0.2074633390 -0.9077800512 -0.3645467758 0.9780603647 0.1996804327 0.0593771860 0.0188914314 -0.3688673377 0.9292900562
-588.7 102.0 2424.7 -0.0610657446 -0.9097621441 -0.4106139243 0.9688534141 0.0448846892 -0.2435332537 0.2399876267 -0.4126962125 0.8786852360
-254.3 331.9 2469.2 0.0983316377 0.9873471260 0.1244048923 -0.9741581082 0.0699585602 0.2147598565 0.2033393234 -0.1423077285 0.9687113166
-229.4 85.2 2520.7 0.0216086991 0.9873471260 0.1570947319 -0.9484082460 0.0699585602 -0.3092370927 -0.3163144588 -0.1423077285 0.9379198551
-522.2 -39.9 2471.2 0.7030845284 -0.0351520739 -0.7102369666 0.0841584653 0.9958714247 0.0340218395 0.7061087489 -0.0836926848 0.7031400800
-508.4 -430.0 2504.0 0.7087994814 0.0262325127 -0.7049221396 -0.0847556442 0.9952359796 -0.0481857695 0.7002997994 0.0939001739 0.7076460719
-343.2 -54.1 2491.5 0.9929379821 -0.0750807449 -0.0918536261 0.0828694925 0.9930016994 0.0841443464 0.0848931894 -0.0911619812 0.9922109842
-313.7 -443.0 2527.2 0.9944575429 0.0618947260 -0.0849899128 -0.0623207502 0.9980533719 -0.0023661295 0.0846780166 0.0076496503 0.9963790178
-571.7 -167.3 2358.0 0 0 0 0 0 0 0 0 0
-223.9 -158.5 2439.4 0 0 0 0 0 0 0 0 0
-516.9 -749.9 2473.8 0 0 0 0 0 0 0 0 0
-333.4 -760.2 2524.8 0 0 0 0 0 0 0 0 0
-378.2 541.5 2431.0 2 0.9846758246 0.0774215460 -0.1562670767 -0.0615445785 0.9926707149 0.1040055379 0.1631740183 -0.0927943438 0.9822237492
-393.9 339.6 2449.9 0.9846758246 0.0774215460 -0.1562670767 -0.0615445785 0.9926707149 0.1040055379 0.1631740183 -0.0927943438 0.9822237492
-408.0 144.9 2466.0 0.9849815965 0.0715826750 -0.1571213752 -0.0574674867 0.9940422177 0.0926149115 0.1628149152 -0.0821946114 0.9832270145
-534.2 347.8 2426.7 0.1990850419 -0.9014986753 -0.3842724860 0.9799581170 0.1858864874 0.0716121718 0.0068727829 -0.3908278346 0.9204381108
-585.0 97.7 2424.9 -0.0518915839 -0.9023976326 -0.4277683496 0.9674454927 0.0608206242 -0.2456625551 0.2477024496 -0.4265903831 0.8698644638
-253.6 331.4 2473.1 0.0988955125 0.9899417162 0.1011686772 -0.9771407247 0.0773806572 0.1980108321 0.1881906837 -0.1184384078 0.9749649167
-229.3 90.6 2519.4 0.0202851482 0.9904617071 0.1362869442 -0.9529842138 0.0603769012 -0.2969439328 -0.3023401797 -0.1238557473 0.9451191425
-515.7 -41.4 2468.9 0.6855438352 -0.0190765411 -0.7277813554 0.0813007802 0.9954099059 0.0504908115 0.7234775424 -0.0937828571 0.6839480996
-508.2 -431.2 2505.7 0.6908565760 0.0293752607 -0.7223948240 -0.0919123366 0.9946357012 -0.0474540405 0.7171257734 0.0991809294 0.6898505688
-337.2 -53.6 2494.1 0.9913756847 -0.0608210154 -0.1160822138 0.0706127211 0.9941119552 0.0821903348 0.1103998199 -0.0896783769 0.9898331761
-313.4 -443.0 2529.2 0.9917532206 0.0653571486 -0.1102449000 -0.0664318204 0.9977723360 -0.0060993456 0.1096006706 0.0133728152 0.9938857555
-570.6 -171.2 2356.1 0 0 0 0 0 0 0 0 0
-224.1 -154.4 2441.7 0 0 0 0 0 0 0 0 0
-517.6 -749.9 2473.9 0 0 0 0 0 0 0 0 0
-334.1 -760.0 2525.0 0 0 0 0 0 0 0 0 0
-378.6 538.9 2430.6 3 0.9870060086 0.0792099461 -0.1398031712 -0.0649658293 0.9924878478 0.1036689654 0.1469645649 -0.0932394639 0.9847374558
-394.7 337.4 2449.6 0.9870060086 0.0792099461 -0.1398031712 -0.0649658293 0.9924878478 0.1036689654 0.1469645649 -0.0932394639 0.9847374558
-409.4 142.8 2465.8 0.9872008562 0.0751716942 -0.1406545937 -0.0624591596 0.9937317371 0.0927148238 0.1467424780 -0.0827429891 0.9857079983
-535.3 346.3 2428.7 0.1833232492 -0.9094519615 -0.3732154369 0.9828546047 0.1771844178 0.0510144606 0.0197327621 -0.3761686683 0.9263410568
-582.8 91.9 2423.5 -0.0520331860 -0.9103314877 -0.4105960131 0.9693679214 0.0527851991 -0.2398740500 0.2400382906 -0.4105000198 0.8796995878
-254.0 328.5 2470.5 0.1046747118 0.9875262976 0.1176224798 -0.9764786959 0.0796383098 0.2003673464 0.1885007620 -0.1358292401 0.9726344943
-228.6 91.0 2516.3 0.0291635115 0.9877993464 0.1529771239 -0.9570132494 0.0717756599 -0.2810229659 -0.2885743380 -0.1382055134 0.9474302530
-511.0 -44.6 2467.4 0.6976358294 0.0006965023 -0.7164521813 0.0739689246 0.9945856333 0.0729931444 0.7126238942 -0.1039178297 0.6938070655
-511.3 -434.0 2508.1 0.7034025192 0.0227066129 -0.7104289532 -0.0899571255 0.9942966700 -0.0572878718 0.7050763369 0.1042045802 0.7014333606
-333.0 -54.9 2496.8 0.9936724901 -0.0516966060 -0.0997119322 0.0602481551 0.9945791364 0.0847498253 0.0947901309 -0.0902210250 0.9914005399
-312.8 -444.5 2532.2 0.9932459593 0.0682863742 -0.0938053727 -0.0703599676 0.9973411560 -0.0189748332 0.0922602415 0.0254468191 0.9954097271
-568.3 -177.5 2356.8 0 0 0 0 0 0 0 0 0
-221.1 -154.9 2442.1 0 0 0 0 0 0 0 0 0
-518.5 -749.2 2475.1 0 0 0 0 0 0 0 0 0
-334.4 -760.7 2524.1 0 0 0 0 0 0 0 0 0
-378.8 537.4 2429.5 4 0.9852955341 0.0809740648 -0.1504525244 -0.0656036958 0.9923627377 0.1044623256 0.1577622145 -0.0930560231 0.9830827117
-395.2 336.1 2448.3 0.9852955341 0.0809740648 -0.1504525244 -0.0656036958 0.9923627377 0.1044623256 0.1577622145 -0.0930560231 0.9830827117
-410.5 141.6 2464.9 0.9854368567 0.0778938681 -0.1511514485 -0.0638370365 0.9933586121 0.0957263485 0.1576040834 -0.0846832097 0.9838646650
-535.6 345.2 2425.9 0.1849548817 -0.9060208201 -0.3806809187 0.9827361107 0.1723357141 0.0673059523 0.0046243216 -0.3865574598 0.9222537279
-583.7 89.6 2424.7 -0.0591452904 -0.9059447050 -0.4192445874 0.9695022106 0.0479320958 -0.2403497100 0.2378388196 -0.4206741154 0.8754804134
-254.8 327.0 2470.8 0.1086401045 0.9881302714 0.1086089239 -0.9775744677 0.0863691121 0.1920639127 0.1804037094 -0.1270391643 0.9753540754
-228.4 89.4 2514.6 0.0294114184 0.9888664484 0.1458701193 -0.9609459043 0.0681459904 -0.2682146430 -0.2751689255 -0.1322847158 0.9522514343
-513.3 -46.2 2468.7 0.6899882555 -0.0128603689 -0.7237063050 0.0797472298 0.9951059222 0.0583485588 0.7194140553 -0.0979733914 0.6876369715
-508.3 -435.9 2507.1 0.6952094436 0.0286090430 -0.7182376385 -0.0902936906 0.9947686195 -0.0477747805 0.7131134868 0.0980658084 0.6941557527
-334.9 -57.5 2495.3 0.9922541380 -0.0571588762 -0.1102930382 0.0670125261 0.9938810468 0.0878054798 0.1045992970 -0.0945163667 0.9900129437
-312.6 -446.8 2532.3 0.9921479821 0.0698101595 -0.1037734225 -0.0718142465 0.9972944856 -0.0156983770 0.1023967564 0.0230275225 0.9944770932
-567.3 -179.9 2358.5 0 0 0 0 0 0 0 0 0
-220.8 -157.6 2443.9 0 0 0 0 0 0 0 0 0
-517.3 -748.2 2476.3 0 0 0 0 0 0 0 0 0
-334.6 -761.2 2525.0 0 0 0 0 0 0 0 0 0
-380.2 536.4 2430.9 5 0.9841223359 0.0770525113 -0.1598939747 -0.0615399256 0.9931021333 0.0998048708 0.1664812565 -0.0883803368 0.9820758104
-395.8 335.2 2448.8 0.9841223359 0.0770525113 -0.1598939747 -0.0615399256 0.9931021333 0.0998048708 0.1664812565 -0.0883803368 0.9820758104
-410.3 140.5 2464.4 0.9842621684 0.0737796947 -0.1605757624 -0.0596982911 0.9940761328 0.0908223465 0.1663253903 -0.0798068941 0.9828360677
-536.1 343.7 2425.1 0.1924302131 -0.9020596147 -0.3863406181 0.9813085794 0.1760835201 0.0776402727 -0.0020079380 -0.3940597177 0.9190826416
-586.4 87.1 2425.6 -0.0762975514 -0.9004367590 -0.4282432497 0.9671797752 0.0375645347 -0.2513009608 0.2423673868 -0.4333618581 0.8680181503
-255.6 326.7 2472.5 0.1117615849 0.9888703823 0.0982072353 -0.9768679142 0.0911957398 0.1934229881 0.1823141873 -0.1175527573 0.9761879444
-228.3 88.7 2516.9 0.0301210266 0.9898846149 0.1386402845 -0.9581213593 0.0681105927 -0.2781444788 -0.2847738266 -0.1244562268 0.9504811764
-514.8 -47.2 2467.3 0.6829510927 -0.0110677248 -0.7303802371 0.0839953572 0.9944426417 0.0634717345 0.7256187797 -0.1046966389 0.6800853014
-510.5 -436.7 2508.3 0.6894628406 0.0241486356 -0.7239184380 -0.0924226120 0.9942075014 -0.0548586696 0.7184003592 0.1047294438 0.6877009869
-336.7 -58.8 2495.8 0.9910778403 -0.0581700616 -0.1199205816 0.0687589571 0.9939075708 0.0861387998 0.1141792834 -0.0936158672 0.9890395403
-313.9 -448.1 2532.4 0.9913761616 0.0657662675 -0.1133496538 -0.0679900274 0.9975599051 -0.0158615876 0.1120299101 0.0234314464 0.9934285283
-565.2 -181.7 2358.2 0 0 0 0 0 0 0 0 0
-220.6 -157.6 2443.7 0 0 0 0 0 0 0 0 0
-518.0 -747.1 2475.6 0 0 0 0 0 0 0 0 0
-334.5 -760.3 2525.1 0 0 0 0 0 0 0 0 0
-381.0 537.1 2438.1 6 0.9891554713 0.0745903626 -0.1265215725 -0.0652715638 0.9949484468 0.0762703270 0.1315714717 -0.0671849474 0.9890273809
-396.3 334.1 2451.8 0.9891554713 0.0745903626 -0.1265215725 -0.0652715638 0.9949484468 0.0762703270 0.1315714717 -0.0671849474 0.9890273809
-410.5 139.2 2464.0 0.9892652631 0.0725051239 -0.1268749833 -0.0637862384 0.9953997731 0.0714883357 0.1314745992 -0.0626280531 0.9893392324
-537.2 343.1 2433.1 0.1892511100 -0.9137110710 -0.3596054018 0.9812480807 0.1896146983 0.0346191414 0.0365545787 -0.3594138324 0.9324620366
-587.1 84.3 2423.4 -0.0909626633 -0.9123908281 -0.3990849257 0.9676157832 0.0137801720 -0.2520511150 0.2354685962 -0.4090881348 0.8815903068
-255.4 325.1 2470.5 0.1117300466 0.9854090810 0.1283951402 -0.9757130742 0.0842863768 0.2021875978 0.1884155273 -0.1478672475 0.9708938599
-228.2 88.3 2516.2 0.0230601337 0.9858891368 0.1658035815 -0.9577452540 0.0693454966 -0.2791329324 -0.2866918445 -0.1523607522 0.9458298087
-513.7 -48.8 2465.0 0.7071787119 -0.0062788404 -0.7070069909 0.0908609554 0.9924761653 0.0820689648 0.7011722922 -0.1222767532 0.7024285197
-511.2 -437.5 2512.9 0.7161344290 0.0215482023 -0.6976296902 -0.0995609909 0.9924558401 -0.0715471432 0.6908249259 0.1206940785 0.7128771544
-335.8 -59.6 2495.1 0.9946734905 -0.0564119332 -0.0862691179 0.0625833049 0.9955403805 0.0705883577 0.0819023624 -0.0756113753 0.9937680364
-313.7 -449.5 2524.7 0.9942803979 0.0677593648 -0.0825537071 -0.0673373118 0.9976990819 0.0078892708 0.0828983262 -0.0022852034 0.9965553880
-561.8 -184.6 2358.0 0 0 0 0 0 0 0 0 0
-222.3 -157.9 2442.5 0 0 0 0 0 0 0 0 0
-518.0 -748.6 2475.1 0 0 0 0 0 0 0 0 0
-334.8 -760.0 2525.4 0 0 0 0 0 0 0 0 0
-380.5 539.8 2435.2 7 0.9943118095 0.0804555863 -0.0697924271 -0.0745302439 0.9936990738 0.0837102383 0.0760876238 -0.0780324265 0.9940430522
-397.0 336.1 2451.2 0.9943118095 0.0804555863 -0.0697924271 -0.0745302439 0.9936990738 0.0837102383 0.0760876238 -0.0780324265 0.9940430522
-412.8 141.3 2464.8 0.9942528605 0.0805693492 -0.0704974160 -0.0752580240 0.9943391085 0.0750063211 0.0761415511 -0.0692697540 0.9946879745
-538.4 346.8 2440.3 0.1842840612 -0.9311583042 -0.3146166205 0.9809384942 0.1943176985 -0.0005378121 0.0616363660 -0.3085204661 0.9492186904
-587.8 83.8 2423.8 -0.0796905607 -0.9326083064 -0.3519816995 0.9659631252 0.0149266645 -0.2582488358 0.2460989356 -0.3605813384 0.8996757269
-255.6 325.4 2462.0 0.1025439352 0.9779430032 0.1819675714 -0.9716100693 0.0592609048 0.2290459424 0.2132103294 -0.2002887875 0.9562560916
-230.5 88.0 2514.1 0.0289768986 0.9775168300 0.2088567466 -0.9602197409 0.0852776691 -0.2659055591 -0.2777379751 -0.1928432584 0.9411020875
-514.1 -50.0 2464.4 0.7463092208 -0.0055456781 -0.6655762792 0.0824983120 0.9930252433 0.0842311457 0.6604669094 -0.1177714020 0.7415614128
-512.0 -439.0 2510.6 0.7543792129 0.0179967843 -0.6561921239 -0.0889731050 0.9932028055 -0.0750466287 0.6503812671 0.1149970740 0.7508527637
-335.4 -61.5 2488.2 0.9980539083 -0.0541025512 -0.0310058743 0.0569152422 0.9935116768 0.0984640121 0.0254775453 -0.1000370979 0.9946574569
-314.2 -450.5 2527.4 0.9976215959 0.0641048253 -0.0253312178 -0.0642082766 0.9979310632 -0.0032910439 0.0250678398 0.0049096905 0.9996737242
-565.7 -184.7 2355.4 0 0 0 0 0 0 0 0 0
-223.1 -158.9 2442.7 0 0 0 0 0 0 0 0 0
-517.6 -749.4 2474.6 0 0 0 0 0 0 0 0 0
-334.1 -760.3 2525.8 0 0 0 0 0 0 0 0 0
-380.1 540.7 2432.2 8 0.9913858175 0.0817377865 -0.1023379713 -0.0720775351 0.9928854704 0.0947801694 0.1093570068 -0.0865874514 0.9902240634
-396.8 338.0 2449.9 0.9913858175 0.0817377865 -0.1023379713 -0.0720775351 0.9928854704 0.0947801694 0.1093570068 -0.0865874514 0.9902240634
-412.4 143.4 2465.3 0.9914908409 0.0795907006 -0.1030107811 -0.0707844123 0.9937344790 0.0864950716 0.1092495695 -0.0784675106 0.9909123778
-537.9 348.1 2434.3 0.1876083165 -0.9208586216 -0.3417930901 0.9814783335 0.1894827485 0.0282237157 0.0387738422 -0.3407575190 0.9393513203
-587.8 86.8 2424.0 -0.0842278972 -0.9203896523 -0.3818226457 0.9650442600 0.0200921390 -0.2613156736 0.2481838912 -0.3904858232 0.8865244389
-255.7 328.0 2465.4 0.0898024216 0.9841799140 0.1527267992 -0.9753194451 0.0558440462 0.2136197537 0.2017113864 -0.1681409925 0.9649047256
-233.8 90.5 2514.6 0.0378843807 0.9834747910 0.1770370007 -0.9581815004 0.0860389322 -0.2729203999 -0.2836424112 -0.1592941582 0.9456068873
-518.2 -46.6 2471.5 0.7242675424 -0.0134974495 -0.6893869638 0.0849449337 0.9939389825 0.0697825998 0.6842666864 -0.1091011986 0.7210242748
-513.0 -435.9 2514.3 0.7338279486 0.0116452025 -0.6792355776 -0.0924393460 0.9922649264 -0.0828570426 0.6730167270 0.1235909089 0.7292281985
-338.8 -60.2 2485.3 0.9958968759 -0.0638521761 -0.0641271323 0.0711424947 0.9903763533 0.1187158674 0.0559297279 -0.1227909252 0.9908553362
-313.8 -447.9 2533.3 0.9964719415 0.0636387169 -0.0547152869 -0.0647567511 0.9977219105 -0.0189077947 0.0533873737 0.0223842729 0.9983229637
-564.4 -181.4 2355.0 0 0 0 0 0 0 0 0 0
-224.1 -155.8 2441.6 0 0 0 0 0 0 0 0 0
-516.6 -748.9 2475.3 0 0 0 0 0 0 0 0 0
-333.8 -760.3 2526.3 0 0 0 0 0 0 0 0 0
-379.9 537.7 2431.8 9 0.9891106486 0.0817225352 -0.1223991588 -0.0703203455 0.9930145741 0.0947478637 0.1292871833 -0.0851089731 0.9879480004
-396.6 335.6 2449.1 0.9891106486 0.0817225352 -0.1223991588 -0.0703203455 0.9930145741 0.0947478637 0.1292871833 -0.0851089731 0.9879480004
-412.0 140.9 2464.3 0.9892834425 0.0786209777 -0.1230327263 -0.0681794062 0.9938815236 0.0868970305 0.1291118860 -0.0775774941 0.9885908365
-537.4 345.3 2430.7 0.1901803017 -0.9140311480 -0.3582994044 0.9812595844 0.1884983629 0.0399745815 0.0310008395 -0.3591871262 0.9327505231
-587.4 87.5 2422.5 -0.0853782222 -0.9129994512 -0.3989267349 0.9660980105 0.0220514927 -0.2572320104 0.2436496317 -0.4073643684 0.8801642656
-255.7 325.9 2467.5 0.1004809588 0.9910486937 0.0878983587 -0.9596160650 0.0732033327 0.2716214657 0.2627556622 -0.1116414592 0.9583817720
-231.0 89.8 2532.1 0.0304986406 0.9910486937 0.1299706697 -0.9382910728 0.0732033327 -0.3380105495 -0.3444992006 -0.1116414592 0.9321247339
-517.5 -44.8 2470.8 0.7101455927 -0.0154679297 -0.7038848996 0.0920104086 0.9932233691 0.0710026249 0.6980167031 -0.1151869446 0.7067564726
-511.4 -433.9 2515.9 0.7202183604 0.0184717290 -0.6935014725 -0.1020780727 0.9915866256 -0.0795992315 0.6861964464 0.1281201243 0.7160444856
-338.5 -57.6 2490.5 0.9947764277 -0.0601064004 -0.0825048313 0.0676183328 0.9935069084 0.0914976746 0.0764695182 -0.0965985730 0.9923815727
-315.0 -446.5 2528.4 0.9952278137 0.0608213097 -0.0763043389 -0.0613822825 0.9981016517 -0.0050259819 0.0758538023 0.0096857315 0.9970719218
-563.7 -181.0 2354.8 0 0 0 0 0 0 0 0 0
-223.2 -150.9 2443.7 0 0 0 0 0 0 0 0 0
-517.3 -748.9 2475.2 0 0 0 0 0 0 0 0 0
-334.1 -760.3 2525.3 0 0 0 0 0 0 0 0 0
-380.1 536.8 2430.5 0 0.9912429452 0.0810231045 -0.1042723507 -0.0709897578 0.9927901626 0.0965821445 0.1113459542 -0.0883340985 0.9898480773
-396.5 335.6 2448.4 0.9912429452 0.0810231045 -0.1042723507 -0.0709897578 0.9927901626 0.0965821445 0.1113459542 -0.0883340985 0.9898480773
-412.3 141.0 2464.6 0.9912353754 0.0804865658 -0.1047582477 -0.0710822567 0.9933466911 0.0906068757 0.1113539040 -0.0823662877 0.9903616309
-537.7 345.7 2432.6 0.1882140487 -0.9198922515 -0.3440547884 0.9813827872 0.1897979826 0.0294032712 0.0382530615 -0.3431835771 0.9384890795
-587.7 85.0 2422.4 -0.0829152241 -0.9193561673 -0.3845897615 0.9638499618 0.0240768734 -0.2653556168 0.2532160580 -0.3926888406 0.8841250539
-255.3 325.4 2464.3 0.0978514180 0.9924284816 0.0742348582 -0.9606177807 0.0746947229 0.2676456273 0.2600741982 -0.0975008309 0.9606534243
-231.2 89.2 2528.2 0.0377636068 0.9924284816 0.1168743968 -0.9409389496 0.0746947229 -0.3302342296 -0.3364637494 -0.0975008309 0.9366353154
-516.7 -47.6 2467.8 0.7230007648 -0.0182850342 -0.6906052232 0.0927624255 0.9931666255 0.0708179101 0.6845911741 -0.1152636185 0.7197563648
-509.6 -436.6 2513.0 0.7327176332 0.0218823850 -0.6801809072 -0.1019127667 0.9917402267 -0.0778787509 0.6728585958 0.1263822466 0.7288956642
-338.0 -59.9 2491.1 0.9960825443 -0.0606526099 -0.0643489584 0.0668125823 0.9929069281 0.0983458534 0.0579275936 -0.1022599116 0.9930696487
-314.3 -448.7 2531.2 0.9962213039 0.0654062629 -0.0571414419 -0.0662850589 0.9977077842 -0.0136197172 0.0561196469 0.0173558760 0.9982731938
-564.6 -182.9 2352.0 0 0 0 0 0 0 0 0 0
-221.5 -152.5 2441.8 0 0 0 0 0 0 0 0 0
-516.5 -749.8 2473.1 0 0 0 0 0 0 0 0 0
-334.7 -760.1 2525.8 0 0 0 0 0 0 0 0 0
-382.5 539.3 2437.9 1 0.9893478155 0.0771124586 -0.1234688088 -0.0674444214 0.9944571853 0.0806604326 0.1290043741 -0.0714739412 0.9890648723
-398.1 338.0 2452.4 0.9893478155 0.0771124586 -0.1234688088 -0.0674444214 0.9944571853 0.0806604326 0.1290043741 -0.0714739412 0.9890648723
-412.9 143.2 2465.3 0.9894010425 0.0757087469 -0.1239103302 -0.0667517185 0.9949533939 0.0749126747 0.1289565563 -0.0658474565 0.9894616604
-539.0 347.5 2434.0 0.1775438935 -0.9158894420 -0.3600342870 0.9831017256 0.1816463172 0.0227082875 0.0446006209 -0.3579820395 0.9326626658
-586.2 86.3 2422.1 -0.0792950541 -0.9150089622 -0.3955640495 0.9661679864 0.0271496587 -0.2564806342 0.2454214990 -0.4025189877 0.8818995357
-257.1 328.5 2470.7 0.1096060053 0.9874004126 0.1141358912 -0.9724037051 0.0827253535 0.2181456089 0.2059551328 -0.1348962337 0.9692190289
-229.4 82.9 2522.8 0.0342945680 0.9874004126 0.1544809341 -0.9440786839 0.0827253535 -0.3191738427 -0.3279318810 -0.1348962337 0.9350206852
-517.6 -47.1 2470.6 0.7095023990 -0.0209595412 -0.7043912411 0.0826859772 0.9951291084 0.0536753573 0.6998352408 -0.0963260755 0.7077795863
-509.4 -436.9 2508.4 0.7166489959 0.0220021959 -0.6970868707 -0.0920435861 0.9937434196 -0.0632609874 0.6913335919 0.1094982997 0.7141904235
-338.5 -60.0 2490.8 0.9946126938 -0.0602616183 -0.0843449607 0.0681911707 0.9931840301 0.0945276171 0.0780736804 -0.0997699499 0.9919427633
-314.9 -449.0 2529.8 0.9949113131 0.0643820614 -0.0775012672 -0.0654259548 0.9977967739 -0.0110038286 0.0766220614 0.0160184279 0.9969315529
-564.1 -182.3 2353.9 0 0 0 0 0 0 0 0 0
-220.6 -159.7 2438.5 0 0 0 0 0 0 0 0 0
-516.3 -750.8 2473.8 0 0 0 0 0 0 0 0 0
-335.0 -761.0 2524.8 0 0 0 0 0 0 0 0 0
-380.0 540.4 2435.1 2 0.9891288280 0.0814789906 -0.1224146858 -0.0704796389 0.9932940602 0.0916487426 0.1290612221 -0.0820246637 0.9882383943
-396.5 339.2 2451.7 0.9891288280 0.0814789906 -0.1224146858 -0.0704796389 0.9932940602 0.0916487426 0.1290612221 -0.0820246637 0.9882383943
-411.9 144.5 2466.0 0.9892911315 0.0783044100 -0.1231727451 -0.0684609339 0.9942600727 0.0822191536 0.1289038658 -0.0729061589 0.9889734387
-537.5 349.0 2433.3 0.1911906451 -0.9138627052 -0.3581913710 0.9809454083 0.1907324046 0.0369756222 0.0345280617 -0.3584356010 0.9329156876
-587.8 90.7 2424.2 -0.0899057910 -0.9123024940 -0.3995260894 0.9639822841 0.0211089533 -0.2651274800 0.2503100336 -0.4089725614 0.8775456548
-255.6 329.5 2470.1 0.0920888633 0.9888624549 0.1169216484 -0.9758301973 0.0662526488 0.2082449496 0.1981792450 -0.1332727224 0.9710630178
-233.0 90.2 2518.7 0.0499561094 0.9878543615 0.1471330225 -0.9493452907 0.0927273259 -0.3002418876 -0.3102385104 -0.1246811226 0.9424471855
-517.1 -45.6 2466.5 0.7100281715 -0.0173592977 -0.7039592862 0.0897245184 0.9937779307 0.0659919530 0.6984336376 -0.1100185513 0.7071678638
-510.3 -434.8 2509.6 0.7180483341 0.0245364830 -0.6955606341 -0.0971800834 0.9931230545 -0.0652887002 0.6891753078 0.1144750789 0.7154948115
-338.3 -57.7 2489.8 0.9945588708 -0.0629118606 -0.0830349773 0.0706030279 0.9931413531 0.0931956321 0.0766023621 -0.0985510573 0.9921792746
-313.6 -446.7 2528.4 0.9945918322 0.0704589114 -0.0763057694 -0.0711893961 0.9974390268 -0.0068923305 0.0756247267 0.0122872172 0.9970606565
-562.9 -177.3 2354.7 0 0 0 0 0 0 0 0 0
-220.1 -153.8 2439.0 0 0 0 0 0 0 0 0 0
-518.0 -748.7 2473.4 0 0 0 0 0 0 0 0 0
-335.8 -761.0 2524.6 0 0 0 0 0 0 0 0 0
-380.0 541.0 2433.7 3 0.9877988100 0.0854915604 -0.1301717907 -0.0731428936 0.9926064014 0.0968643203 0.1374904364 -0.0861613229 0.9867485166
-397.3 339.7 2451.2 0.9877988100 0.0854915604 -0.1301717907 -0.0731428936 0.9926064014 0.0968643203 0.1374904364 -0.0861613229 0.9867485166
-413.5 145.1 2466.2 0.9879221916 0.0828116834 -0.1309653223 -0.0716865659 0.9935818315 0.0874997526 0.1373707652 -0.0770545006 0.9875180125
-538.1 349.9 2431.6 0.1857109964 -0.9117186666 -0.3664430380 0.9820839763 0.1843584478 0.0390258916 0.0319762304 -0.3671253622 0.9296216965
-587.3 89.6 2423.1 -0.0833295509 -0.9104875922 -0.4050537348 0.9668203592 0.0246318784 -0.2542668283 0.2414840311 -0.4128021598 0.8782253861
-256.5 329.5 2470.7 0.1003465652 0.9928524494 0.0646114200 -0.9604200125 0.0796990022 0.2669109702 0.2598537505 -0.0888377056 0.9615528584
-231.5 89.8 2535.6 0.0410722122 0.9928524494 0.1120586544 -0.9270561337 0.0796990022 -0.3663537204 -0.3726661205 -0.0888377056 0.9237033129
-516.6 -44.0 2468.6 0.7046228051 -0.0143242702 -0.7094374895 0.0898769721 0.9935454726 0.0692063048 0.7038670778 -0.1125264317 0.7013621926
-511.0 -433.2 2512.7 0.7135185599 0.0214755721 -0.7003071308 -0.1003147513 0.9923634529 -0.0717754513 0.6934177876 0.1214642525 0.7102240324
-337.8 -56.4 2491.9 0.9939956069 -0.0626905188 -0.0896806270 0.0699070990 0.9943621159 0.0797303319 0.0841766819 -0.0855209157 0.9927741289
-313.2 -445.9 2525.4 0.9940171838 0.0689741224 -0.0846897438 -0.0688488185 0.9976173639 0.0044027823 0.0847916380 0.0014543476 0.9963976145
-564.1 -179.2 2356.0 0 0 0 0 0 0 0 0 0
-220.9 -148.0 2440.0 0 0 0 0 0 0 0 0 0
-517.8 -747.4 2474.2 0 0 0 0 0 0 0 0 0
-334.9 -759.6 2525.0 0 0 0 0 0 0 0 0 0
-380.3 537.5 2432.5 4 0.9886821508 0.0811752081 -0.1261674762 -0.0691521317 0.9928868413 0.0969213322 0.1331376284 -0.0870996416 0.9872629046
-396.7 336.2 2450.1 0.9886821508 0.0811752081 -0.1261674762 -0.0691521317 0.9928868413 0.0969213322 0.1331376284 -0.0870996416 0.9872629046
-412.0 141.6 2465.6 0.9888618588 0.0778804645 -0.1268341392 -0.0669074580 0.9938181043 0.0885942802 0.1329498291 -0.0791213587 0.9879595637
-537.6 345.8 2431.2 0.1977175176 -0.9109391570 -0.3620740771 0.9796549082 0.1965885907 0.0403638035 0.0344106629 -0.3626882732 0.9312750101
-588.4 94.5 2422.4 -0.0733351335 -0.9121101499 -0.4033323824 0.9704475403 0.0279631522 -0.2396866232 0.2298990488 -0.4089903533 0.8831043839
-255.8 326.7 2469.1 0.0987920538 0.9927861691 0.0679389015 -0.9668213129 0.0795972347 0.2427361161 0.2355773151 -0.0896651745 0.9677104354
