-40.1 522.3 2408.5 9 0.9997698069 0.0213202853 -0.0023933523 -0.0213158932 0.9997710586 0.0018454100 0.0024321491 -0.0017939688 0.9999954104
-44.4 321.1 2408.9 0.9997698069 0.0213202853 -0.0023933523 -0.0213158932 0.9997710586 0.0018454100 0.0024321491 -0.0017939688 0.9999954104
-49.2 122.3 2409.1 0.9997124076 0.0238588452 -0.0024166442 -0.0238569379 0.9997150302 0.0008145858 0.0024353906 -0.0007566978 0.9999967217
-185.1 324.4 2408.6 0.1878161281 -0.9714657068 -0.1448427588 0.9801179767 0.1757618338 0.0920679420 -0.0639830232 -0.1592548341 0.9851619601
-238.8 44.1 2426.9 0.0860865936 -0.9722675085 -0.2174512297 0.9045817256 0.1677456498 -0.3919098079 0.4175176620 -0.1629642248 0.8939360380
96.3 317.7 2409.2 0.1770057082 0.5685297847 0.8033946157 -0.9832265973 0.1386232674 0.1185286418 -0.0439821184 -0.8108991981 0.5835307240
144.1 52.2 2397.4 -0.0028948830 0.5711342692 0.8208515644 -0.9606266022 0.2264687419 -0.1609608531 -0.2778274715 -0.7889978290 0.5479912162
-145.0 -74.5 2414.1 0.9992269874 0.0386186540 -0.0073496355 -0.0388077237 0.9988653064 -0.0276060048 0.0062751891 0.0278698877 0.9995918870
-160.4 -471.6 2403.0 0.9994587302 0.0328874476 -0.0008389009 -0.0324541628 0.9898249507 0.1385399997 0.0053865924 -0.1384377778 0.9903565049
38.4 -78.6 2415.0 0.9980381131 -0.0601496883 0.0173766445 0.0608722046 0.9971498251 -0.0445729047 -0.0146460719 0.0455432124 0.9988549948
62.4 -475.1 2396.9 0.9995700717 -0.0292261634 0.0023490917 0.0281880051 0.9799265862 0.1973558813 -0.0080698924 -0.1972048134 0.9803290963
-263.5 -215.3 2307.1 0 0 0 0 0 0 0 0 0
143.3 -219.4 2318.8 0 0 0 0 0 0 0 0 0
-170.2 -768.2 2444.5 0 0 0 0 0 0 0 0 0
71.2 -772.5 2456.8 0 0 0 0 0 0 0 0 0
-40.5 524.6 2411.2 0 0.9997476339 0.0208738986 0.0083038714 -0.0208529271 0.9997791648 -0.0026040715 -0.0083563952 0.0024302544 0.9999621511
-44.7 323.7 2410.7 0.9997476339 0.0208738986 0.0083038714 -0.0208529271 0.9997791648 -0.0026040715 -0.0083563952 0.0024302544 0.9999621511
-49.3 124.9 2409.7 0.9996904731 0.0234733615 0.0082438067 -0.0234300457 0.9997113943 -0.0053122076 -0.0083661228 0.0051174108 0.9999518991
-185.4 326.9 2411.9 0.1993278563 -0.9705299139 -0.1354253739 0.9785240889 0.1897236258 0.0805952623 -0.0525267236 -0.1485818774 0.9875041246
-242.4 46.7 2426.9 0.0696764588 -0.9746064544 -0.2128085494 0.9105640650 0.1492680311 -0.3854765594 0.4074534476 -0.1669171602 0.8978420496
96.0 320.4 2409.5 0.1684965789 0.5611364245 0.8103917837 -0.9845099449 0.1362299025 0.1103700846 -0.0484669171 -0.8164357543 0.5753986835
142.3 50.0 2396.2 0.0001379618 0.5634977818 0.8261175752 -0.9620847702 0.2253988385 -0.1535846889 -0.2727505863 -0.7947739363 0.5421637297
-145.6 -74.2 2409.0 0.9993557930 0.0356667154 0.0039793174 -0.0355992056 0.9992394447 -0.0159119610 -0.0045438185 0.0157600511 0.9998654723
-159.8 -471.5 2402.7 0.9993454814 0.0348974355 0.0095252972 -0.0358928330 0.9893527627 0.1410416961 -0.0045018853 -0.1412912756 0.9899578094
37.8 -78.6 2409.4 0.9977465272 -0.0617016889 0.0263580922 0.0623148605 0.9977889061 -0.0231115427 -0.0248737913 0.0247019622 0.9993853569
62.4 -475.2 2399.6 0.9994712472 -0.0299929548 0.0125569850 0.0270501692 0.9812663794 0.1907474399 -0.0180428270 -0.1903069019 0.9815588593
-262.4 -214.0 2310.2 0 0 0 0 0 0 0 0 0
142.3 -222.1 2319.0 0 0 0 0 0 0 0 0 0
-170.3 -770.0 2445.3 0 0 0 0 0 0 0 0 0
71.3 -767.7 2456.3 0 0 0 0 0 0 0 0 0
-41.1 523.6 2412.0 1 0.9998146296 0.0192024987 -0.0013829200 -0.0192073286 0.9998091459 -0.0035686400 0.0013141292 0.0035945408 0.9999926686
-44.9 323.0 2411.2 0.9998146296 0.0192024987 -0.0013829200 -0.0192073286 0.9998091459 -0.0035686400 0.0013141292 0.0035945408 0.9999926686
-49.1 124.3 2410.2 0.9997825623 0.0208057649 -0.0014139208 -0.0208127480 0.9997702837 -0.0051180352 0.0013071113 0.0051463498 0.9999858737
-185.6 326.0 2411.1 0.1945859045 -0.9703853130 -0.1431385875 0.9789402485 0.1829353273 0.0906129628 -0.0617443807 -0.1577561200 0.9855458736
-240.8 48.3 2428.6 0.0761739835 -0.9728532434 -0.2185271084 0.9086716771 0.1579608768 -0.3864766061 0.4105037451 -0.1691299379 0.8960366845
95.8 320.1 2411.4 0.1757203788 0.5677179098 0.8042504191 -0.9831616282 0.1428273916 0.1139892042 -0.0501552857 -0.8107383847 0.5832561255
143.4 53.6 2397.8 -0.0033297269 0.5699988604 0.8216387033 -0.9614386559 0.2241277397 -0.1593813449 -0.2749992311 -0.7904859781 0.5472726822
-145.7 -71.7 2409.4 0.9994829297 0.0316167064 -0.0058544506 -0.0317387134 0.9992523789 -0.0220746566 0.0051521463 0.0222490542 0.9997391701
-158.3 -468.9 2400.6 0.9991415143 0.0414240211 -0.0004864385 -0.0409138724 0.9885429144 0.1452891380 0.0064993254 -0.1451445073 0.9893891215
37.7 -76.0 2407.9 0.9979326129 -0.0621026978 0.0165447425 0.0624231435 0.9978570938 -0.0196119212 -0.0152913341 0.0206041522 0.9996707439
62.4 -472.7 2399.7 0.9995787740 -0.0288206022 0.0034091666 0.0276824161 0.9821261168 0.1861773282 -0.0087139746 -0.1860045344 0.9825102687
-262.6 -211.7 2311.1 0 0 0 0 0 0 0 0 0
142.5 -218.3 2320.1 0 0 0 0 0 0 0 0 0
-171.0 -770.5 2444.8 0 0 0 0 0 0 0 0 0
71.1 -769.1 2455.8 0 0 0 0 0 0 0 0 0
-41.5 525.8 2412.4 2 0.9997360706 0.0177619960 -0.0145718930 -0.0177967958 0.9998390675 -0.0022619979 0.0145293707 0.0025207337 0.9998912811
-45.0 325.1 2411.9 0.9997360706 0.0177619960 -0.0145718930 -0.0177967958 0.9998390675 -0.0022619979 0.0145293707 0.0025207337 0.9998912811
-48.8 126.3 2411.0 0.9997134805 0.0189646296 -0.0146067357 -0.0190272350 0.9998103380 -0.0041590827 0.0145250894 0.0044358168 0.9998846650
-185.7 327.7 2409.8 0.2026545107 -0.9668338895 -0.1554456800 0.9772287011 0.1894771606 0.0955115780 -0.0628904253 -0.1712618321 0.9832162261
-243.5 49.3 2427.7 0.0662934855 -0.9700941443 -0.2335005254 0.9102714062 0.1546446979 -0.3840456009 0.4086700082 -0.1870891303 0.8933008909
95.6 322.4 2413.9 0.1755056977 0.5758121014 0.7985224724 -0.9823387861 0.1558757275 0.1035048142 -0.0648709387 -0.8025853038 0.5929996371
143.6 54.0 2396.2 -0.0001120072 0.5769670606 0.8167673945 -0.9640105963 0.2170865685 -0.1534828246 -0.2658637762 -0.7873896360 0.5561780334
-144.9 -72.6 2409.1 0.9992507696 0.0338933766 -0.0186863951 -0.0340993553 0.9993599057 -0.0108165815 0.0183078237 0.0114456713 0.9997668862
-158.4 -469.9 2404.5 0.9990652800 0.0410316363 -0.0136010358 -0.0388541296 0.9902901053 0.1334761977 0.0189457182 -0.1328229755 0.9909586906
38.5 -76.4 2409.3 0.9982016087 -0.0598269887 0.0037717642 0.0599026717 0.9978929758 -0.0249252841 -0.0022726124 0.0251063984 0.9996821880
62.3 -473.1 2399.3 0.9995139241 -0.0298870057 -0.0088697327 0.0310127307 0.9822331667 0.1850842088 0.0031805332 -0.1852693260 0.9826826453
-262.4 -211.1 2310.8 0 0 0 0 0 0 0 0 0
143.6 -218.6 2321.0 0 0 0 0 0 0 0 0 0
-171.0 -772.6 2445.1 0 0 0 0 0 0 0 0 0
71.3 -768.0 2455.0 0 0 0 0 0 0 0 0 0
-42.6 520.5 2405.6 3 0.9998717904 0.0159893706 0.0008768281 -0.0160026494 0.9997074008 0.0181399621 -0.0005865250 -0.0181516670 0.9998350739
-45.9 319.6 2409.2 0.9998717904 0.0159893706 0.0008768281 -0.0160026494 0.9997074008 0.0181399621 -0.0005865250 -0.0181516670 0.9998350739
-49.3 120.9 2411.7 0.9998497963 0.0173151586 0.0007818119 -0.0173235461 0.9997726083 0.0124355452 -0.0005663107 -0.0124472212 0.9999223948
-186.6 322.1 2409.3 0.1963213831 -0.9700325131 -0.1431599855 0.9781001210 0.1834420264 0.0983322039 -0.0691238791 -0.1593295038 0.9848025441
-241.4 48.9 2428.6 0.0825670063 -0.9721316695 -0.2194143981 0.9106495380 0.1630346477 -0.3796539605 0.4048458040 -0.1684627235 0.8987325430
94.8 317.1 2409.1 0.1854941249 0.5631504655 0.8052660823 -0.9816403389 0.1432512105 0.1259416342 -0.0444312543 -0.8138431311 0.5793834925
144.1 56.7 2397.4 -0.0030947083 0.5651044846 0.8250135779 -0.9635923505 0.2188907564 -0.1535467952 -0.2673578262 -0.7954519391 0.5438529253
-144.3 -70.7 2408.8 0.9992548227 0.0383422859 -0.0044335085 -0.0384470038 0.9989060760 -0.0266175754 0.0034080797 0.0267681945 0.9996358752
-159.5 -467.8 2398.1 0.9994081259 0.0342873186 0.0027831087 -0.0342912078 0.9865475297 0.1598377973 0.0027347405 -0.1598386317 0.9871393442
39.1 -74.2 2411.4 0.9980812669 -0.0584079139 0.0205509905 0.0590285584 0.9977743626 -0.0310145468 -0.0186937563 0.0321681313 0.9993076324
62.4 -470.9 2398.7 0.9995635748 -0.0285597593 0.0075459965 0.0266888309 0.9826198816 0.1837004423 -0.0126612866 -0.1834188849 0.9829533100
-265.0 -211.5 2312.8 0 0 0 0 0 0 0 0 0
143.2 -215.8 2321.7 0 0 0 0 0 0 0 0 0
-170.3 -776.7 2448.2 0 0 0 0 0 0 0 0 0
71.0 -769.3 2454.3 0 0 0 0 0 0 0 0 0
-42.4 519.3 2401.7 4 0.9998466969 0.0174670350 -0.0011965478 -0.0174198337 0.9993363619 0.0319913030 0.0017545469 -0.0319655575 0.9994874597
-45.9 318.3 2408.1 0.9998466969 0.0174670350 -0.0011965478 -0.0174198337 0.9993363619 0.0319913030 0.0017545469 -0.0319655575 0.9994874597
-49.8 119.7 2413.0 0.9998053312 0.0196849741 -0.0013327916 -0.0196461417 0.9995027781 0.0246611610 0.0018175832 -0.0246301759 0.9996950030
-186.6 321.1 2407.9 0.1908939034 -0.9703825712 -0.1480444968 0.9793607593 0.1780723631 0.0956177637 -0.0664231777 -0.1632418036 0.9843475223
-241.0 42.2 2426.8 0.0826200023 -0.9716334343 -0.2215905339 0.9071133733 0.1653986573 -0.3870253265 0.4126975238 -0.1690317094 0.8950469494
94.8 315.6 2408.4 0.1808957905 0.5640473962 0.8056843281 -0.9826194644 0.1383538842 0.1237625927 -0.0416615941 -0.8140692711 0.5792715549
143.5 51.0 2397.1 -0.0010100455 0.5661668181 0.8242900968 -0.9632947445 0.2207251638 -0.1527862996 -0.2684440911 -0.7941886187 0.5451625586
-144.4 -76.3 2414.2 0.9993953109 0.0339240134 -0.0076296232 -0.0342086516 0.9985764623 -0.0409250930 0.0062304186 0.0411613435 0.9991331100
-157.9 -473.2 2397.9 0.9991935492 0.0401463918 -0.0007431559 -0.0395238921 0.9866273999 0.1581273526 0.0070814607 -0.1579704583 0.9874184728
39.0 -79.5 2414.1 0.9979704618 -0.0606253296 0.0194823835 0.0613395944 0.9973766208 -0.0384356789 -0.0171010979 0.0395527147 0.9990711212
63.1 -476.0 2398.4 0.9997592568 -0.0213241335 0.0051688356 0.0199574754 0.9816515446 0.1896362603 -0.0091178240 -0.1894874424 0.9818407893
-264.6 -217.2 2308.7 0 0 0 0 0 0 0 0 0
143.2 -221.4 2321.2 0 0 0 0 0 0 0 0 0
-170.0 -771.0 2445.5 0 0 0 0 0 0 0 0 0
69.6 -771.8 2455.5 0 0 0 0 0 0 0 0 0
-40.8 520.6 2401.7 5 0.9997195005 0.0235112123 -0.0028432126 -0.0234115273 0.9992420077 0.0311017781 0.0035722980 -0.0310264900 0.9995121956
-45.5 319.9 2408.0 0.9997195005 0.0235112123 -0.0028432126 -0.0234115273 0.9992420077 0.0311017781 0.0035722980 -0.0310264900 0.9995121956
-50.8 121.2 2412.6 0.9996402860 0.0266481116 -0.0030345542 -0.0265696701 0.9993712306 0.0234777182 0.0036582830 -0.0233886465 0.9997197390
-186.2 323.6 2407.4 0.1958443522 -0.9693936706 -0.1480571628 0.9780472517 0.1821272522 0.1012583449 -0.0711939558 -0.1646377742 0.9837813973
-242.6 41.8 2428.0 0.0685741380 -0.9717126489 -0.2259914279 0.9030556083 0.1567351669 -0.3999058306 0.4240143597 -0.1766596287 0.8882585168
95.2 316.2 2408.5 0.1710648388 0.5665414333 0.8060816526 -0.9842516184 0.1352665722 0.1138057411 -0.0445602350 -0.8128553033 0.5807586908
141.8 47.7 2396.3 0.0022179089 0.5684871674 0.8226891160 -0.9641127586 0.2196273357 -0.1491657197 -0.2654838264 -0.7928342819 0.5485728383
-145.5 -77.2 2417.7 0.9994452596 0.0317327008 -0.0101087661 -0.0322083719 0.9981788993 -0.0510045588 0.0084718447 0.0513018519 0.9986472726
-158.1 -474.1 2397.3 0.9990589619 0.0432371274 -0.0034291747 -0.0421990231 0.9872465730 0.1535039991 0.0100225136 -0.1532148421 0.9881420732
38.0 -80.8 2418.1 0.9979122877 -0.0619723126 0.0181785095 0.0628738776 0.9965526462 -0.0541269518 -0.0147614684 0.0551569052 0.9983685613
62.6 -477.0 2396.1 0.9997028708 -0.0242960975 0.0019652527 0.0234199539 0.9797407389 0.1988960207 -0.0067578349 -0.1987908930 0.9800186157
-262.2 -216.4 2306.7 0 0 0 0 0 0 0 0 0
142.5 -224.9 2321.2 0 0 0 0 0 0 0 0 0
-171.1 -772.3 2443.6 0 0 0 0 0 0 0 0 0
70.0 -774.8 2456.6 0 0 0 0 0 0 0 0 0
-41.9 519.7 2407.3 6 0.9997652769 0.0210218951 -0.0052394606 -0.0209759679 0.9997423887 0.0086715613 0.0054204036 -0.0085596237 0.9999486804
-46.1 319.0 2409.0 0.9997652769 0.0210218951 -0.0052394606 -0.0209759679 0.9997423887 0.0086715613 0.0054204036 -0.0085596237 0.9999486804
-50.8 120.3 2410.0 0.9997036457 0.0237573963 -0.0053136721 -0.0237289276 0.9997040629 0.0053579248 0.0054393904 -0.0052302494 0.9999715090
-186.8 322.3 2408.2 0.1979782134 -0.9692942500 -0.1458536834 0.9772288799 0.1835902929 0.1063875556 -0.0763435215 -0.1635948569 0.9835692048
-242.6 47.1 2429.7 0.0670478269 -0.9720104933 -0.2251670063 0.9055690169 0.1540243775 -0.3952483237 0.4188667238 -0.1774037331 0.8905496001
94.6 315.6 2409.7 0.1711572707 0.5698655844 0.8037153482 -0.9839523435 0.1406200677 0.1098349839 -0.0504273362 -0.8096166849 0.5847887397
141.3 47.4 2396.0 -0.0030661724 0.5718544722 0.8203493953 -0.9639360905 0.2166201472 -0.1546058208 -0.2661162317 -0.7912383676 0.5505669117
-147.8 -75.0 2416.9 0.9994554520 0.0309219062 -0.0115164658 -0.0314344428 0.9983831644 -0.0473596007 0.0100333961 0.0476958267 0.9988115430
-160.1 -471.9 2398.0 0.9993828535 0.0347520709 -0.0051237922 -0.0335647501 0.9877279401 0.1525349468 0.0103618186 -0.1522688270 0.9882847667
35.6 -79.9 2417.6 0.9975461364 -0.0683433115 0.0151950298 0.0691174641 0.9959106445 -0.0581787266 -0.0111567648 0.0590862073 0.9981905222
62.8 -475.8 2394.1 0.9997295141 -0.0230452642 -0.0031375540 0.0232017562 0.9788357615 0.2033278793 -0.0016145941 -0.2033456713 0.9791056514
-261.7 -211.9 2309.9 0 0 0 0 0 0 0 0 0
140.4 -225.2 2320.7 0 0 0 0 0 0 0 0 0
-170.6 -770.9 2444.1 0 0 0 0 0 0 0 0 0
69.8 -773.4 2455.9 0 0 0 0 0 0 0 0 0
-41.6 519.9 2403.0 7 0.9996618629 0.0217124224 -0.0143087776 -0.0213869568 0.9995176196 0.0225192457 0.0147908228 -0.0222056098 0.9996439815
-46.0 318.6 2407.5 0.9996618629 0.0217124224 -0.0143087776 -0.0213869568 0.9995176196 0.0225192457 0.0147908228 -0.0222056098 0.9996439815
-50.7 119.9 2410.7 0.9996211529 0.0234292336 -0.0144428834 -0.0231890287 0.9995936155 0.0165803321 0.0148254782 -0.0162391346 0.9997582436
-186.7 321.9 2405.4 0.2047294080 -0.9663323760 -0.1558448076 0.9755900502 0.1885299683 0.1126078665 -0.0794352069 -0.1750947833 0.9813418984
-244.4 46.8 2427.8 0.0596035942 -0.9696972370 -0.2369276881 0.9098861814 0.1503949761 -0.3866373897 0.4105539322 -0.1925322562 0.8912782073
94.7 315.4 2409.6 0.1726349294 0.5767666698 0.7984593511 -0.9841620922 0.1341500580 0.1158825010 -0.0402762033 -0.8058187962 0.5907908678
141.6 47.8 2398.6 -0.0062331781 0.5795420408 0.8149185181 -0.9618987441 0.2192793936 -0.1633013785 -0.2733348608 -0.7848869562 0.5560939312
-147.2 -76.3 2410.5 0.9992229342 0.0339028165 -0.0201039296 -0.0343086123 0.9992071986 -0.0201957915 0.0194032975 0.0208698362 0.9995939136
-160.7 -473.4 2402.3 0.9993239641 0.0338888131 -0.0142541947 -0.0314792991 0.9890159369 0.1444179118 0.0189917777 -0.1438715607 0.9894140959
36.2 -80.6 2411.6 0.9976925850 -0.0676663443 0.0055474257 0.0678313076 0.9969403744 -0.0388440788 -0.0029020158 0.0391307361 0.9992299080
63.1 -476.9 2396.0 0.9997118115 -0.0212907288 -0.0110909976 0.0231130775 0.9784884453 0.2050027400 0.0064877551 -0.2052000016 0.9786985517
-261.5 -213.4 2310.4 0 0 0 0 0 0 0 0 0
139.9 -224.2 2321.3 0 0 0 0 0 0 0 0 0
-170.9 -769.7 2445.4 0 0 0 0 0 0 0 0 0
69.5 -770.1 2457.5 0 0 0 0 0 0 0 0 0
-41.3 520.6 2400.4 8 0.9995545745 0.0222974047 -0.0198353659 -0.0217130985 0.9993377328 0.0292008556 0.0204733331 -0.0287571624 0.9993767142
-45.8 319.2 2406.2 0.9995545745 0.0222974047 -0.0198353659 -0.0217130985 0.9993377328 0.0292008556 0.0204733331 -0.0287571624 0.9993767142
-50.5 120.5 2410.4 0.9995121360 0.0239799563 -0.0200111754 -0.0235468093 0.9994891882 0.0216072090 0.0205190945 -0.0211254675 0.9995662570
-186.4 322.5 2403.3 0.2029165179 -0.9529951811 -0.2250000536 0.9753858447 0.1764677316 0.1322177649 -0.0862976462 -0.2462910414 0.9653462768
-244.3 44.5 2427.9 0.0630138442 -0.9529951811 -0.2963602543 0.9105443358 0.1764677316 -0.3738558292 0.4085808396 -0.2462910414 0.8788642883
94.9 315.9 2409.1 0.1690127850 0.5817668438 0.7956016660 -0.9850402474 0.1272392124 0.1162149981 -0.0336216912 -0.8033414483 0.5945687890
141.1 46.6 2399.9 -0.0006867930 0.5843430758 0.8115064502 -0.9633111954 0.2174105048 -0.1573664844 -0.2683860362 -0.7818413377 0.5627549291
-147.0 -76.6 2412.6 0.9990095496 0.0361198299 -0.0259858966 -0.0367355943 0.9990457892 -0.0236222520 0.0251078680 0.0245534629 0.9993831515
-161.4 -473.8 2402.8 0.9993807673 0.0293669533 -0.0193815976 -0.0261650570 0.9885399342 0.1486746669 0.0235256068 -0.1480754763 0.9886962175
36.4 -80.9 2415.3 0.9977443814 -0.0671218112 0.0008733367 0.0670876503 0.9966197014 -0.0474179201 0.0023123922 0.0473695546 0.9988747835
63.1 -477.1 2396.5 0.9996347427 -0.0219606217 -0.0157532860 0.0246756654 0.9793781638 0.2005230486 0.0110248141 -0.2008385211 0.9795623422
-262.3 -215.9 2311.1 0 0 0 0 0 0 0 0 0
140.9 -225.8 2324.0 0 0 0 0 0 0 0 0 0
-170.4 -776.0 2448.1 0 0 0 0 0 0 0 0 0
69.6 -769.2 2456.4 0 0 0 0 0 0 0 0 0
-43.0 517.8 2399.6 9 0.9995831847 0.0135374404 -0.0254979804 -0.0127381859 0.9994303584 0.0312515795 0.0259065218 -0.0309137572 0.9991862774
-45.8 316.8 2405.8 0.9995831847 0.0135374404 -0.0254979804 -0.0127381859 0.9994303584 0.0312515795 0.0259065218 -0.0309137572 0.9991862774
-48.8 118.1 2410.5 0.9995563626 0.0152218267 -0.0256007072 -0.0146049950 0.9996026158 0.0241111461 0.0259575490 -0.0237265509 0.9993814230
-186.4 318.9 2402.2 0.1995884031 -0.9614781141 -0.1890086234 0.9755285382 0.1768127978 0.1306953281 -0.0922415555 -0.2104685903 0.9732391834
-243.6 39.2 2428.6 0.0761524141 -0.9614781141 -0.2641223371 0.9070364833 0.1768127978 -0.3821283281 0.4141082466 -0.2104685903 0.8855604529
94.9 314.8 2409.5 0.1723816842 0.5859459043 0.7918029428 -0.9846570492 0.1246265769 0.1221420094 -0.0271110851 -0.8007094264 0.5984390974
141.7 47.7 2402.1 -0.0000228149 0.5890169740 0.8081206679 -0.9609004259 0.2237509340 -0.1631130427 -0.2768941224 -0.7765272260 0.5659815669
-147.0 -76.0 2412.7 0.9986855388 0.0407520384 -0.0310871303 -0.0413442515 0.9989708662 -0.0186509695 0.0302950721 0.0199117288 0.9993426204
-163.2 -473.1 2404.8 0.9993972182 0.0247146692 -0.0243807361 -0.0211562887 0.9903830886 0.1367249936 0.0275253821 -0.1361267716 0.9903089404
36.4 -80.3 2416.5 0.9975121617 -0.0704059154 -0.0035416628 0.0701250359 0.9961648583 -0.0523265935 0.0072121816 0.0519480519 0.9986237288
64.4 -476.4 2395.8 0.9996678829 -0.0139163034 -0.0216913074 0.0181270372 0.9779651165 0.2079799771 0.0183190294 -0.2083041072 0.9778925180
-265.6 -222.1 2309.3 0 0 0 0 0 0 0 0 0
141.7 -224.0 2323.8 0 0 0 0 0 0 0 0 0
-170.6 -769.3 2445.5 0 0 0 0 0 0 0 0 0
68.6 -774.1 2459.2 0 0 0 0 0 0 0 0 0
-42.8 514.8 2399.2 0 0.9992966652 0.0102276355 -0.0360769108 -0.0090904990 0.9994609952 0.0315442123 0.0363800898 -0.0311940685 0.9988510609
-44.9 314.4 2405.4 0.9992966652 0.0102276355 -0.0360769108 -0.0090904990 0.9994609952 0.0315442123 0.0363800898 -0.0311940685 0.9988510609
-47.4 115.6 2410.5 0.9992651343 0.0127719762 -0.0361393653 -0.0118316114 0.9995889068 0.0261157919 0.0364580601 -0.0256690141 0.9990054369
-185.5 316.0 2400.3 0.1919737309 -0.9674938917 -0.1646258980 0.9759265184 0.1705062240 0.1359963864 -0.1035059392 -0.1867705137 0.9769356847
-239.7 40.2 2429.6 0.0784395561 -0.9674938917 -0.2404222041 0.9044315219 0.1705062240 -0.3910642266 0.4193457067 -0.1867705137 0.8884063959
95.8 312.7 2410.6 0.1665413082 0.5924971104 0.7881695032 -0.9851915836 0.1330313236 0.1081676185 -0.0407622270 -0.7945123315 0.6058784127
140.9 45.8 2399.5 0.0025897059 0.5948693752 0.8038182259 -0.9609119296 0.2240125239 -0.1626856625 -0.2768420577 -0.7719772458 0.5721971989
-143.5 -79.3 2412.9 0.9979414940 0.0489288531 -0.0414573587 -0.0496056862 0.9986492395 -0.0154570276 0.0406450666 0.0174817294 0.9990206957
-163.0 -476.3 2405.9 0.9991291761 0.0247063693 -0.0336218998 -0.0199534260 0.9906438589 0.1350061297 0.0366428383 -0.1342176944 0.9902741909
39.9 -82.0 2417.6 0.9982091188 -0.0580916665 -0.0142788719 0.0574134327 0.9973788261 -0.0440359414 0.0167995654 0.0431372784 0.9989278913
63.0 -478.5 2400.5 0.9994126558 -0.0201948322 -0.0276859142 0.0252011307 0.9805888534 0.1944491118 0.0232216306 -0.1950326264 0.9805217981
-262.2 -219.4 2309.2 0 0 0 0 0 0 0 0 0
141.6 -226.0 2321.2 0 0 0 0 0 0 0 0 0
-170.4 -773.0 2446.1 0 0 0 0 0 0 0 0 0
69.0 -771.8 2458.8 0 0 0 0 0 0 0 0 0
-41.5 515.6 2399.5 1 0.9989562631 0.0102439094 -0.0445132256 -0.0088192681 0.9994462729 0.0320842639 0.0448172428 -0.0316582024 0.9984934330
-43.6 315.2 2405.8 0.9989562631 0.0102439094 -0.0445132256 -0.0088192681 0.9994462729 0.0320842639 0.0448172428 -0.0316582024 0.9984934330
-46.0 116.5 2410.9 0.9989300966 0.0122930603 -0.0445821956 -0.0111424346 0.9996007085 0.0259664003 0.0448836014 -0.0254418626 0.9986681938
-184.2 316.8 2399.5 0.1947415769 -0.9677239656 -0.1599563658 0.9755085707 0.1740841419 0.1344533712 -0.1022678912 -0.1822224706 0.9779244661
-239.1 41.6 2428.4 0.0867823511 -0.9677239656 -0.2365991175 0.9090412259 0.1740841419 -0.3786010146 0.4075694382 -0.1822224706 0.8948084116
97.0 313.6 2412.1 0.1584479660 0.5991403461 0.7848089337 -0.9862875938 0.1332046539 0.0974338651 -0.0461636484 -0.7894855142 0.6120306849
140.4 43.3 2399.5 -0.0008156867 0.6019999981 0.7984956503 -0.9588202834 0.2263119221 -0.1716000140 -0.2840122879 -0.7657538056 0.5770251751
-141.6 -82.0 2412.3 0.9975177050 0.0494815595 -0.0501003712 -0.0505506434 0.9985151291 -0.0203007162 0.0490214676 0.0227829292 0.9985378385
-161.3 -479.0 2403.3 0.9985931516 0.0335517004 -0.0410609469 -0.0271314308 0.9886169434 0.1479877830 0.0455587916 -0.1466655433 0.9881364107
41.7 -84.2 2419.0 0.9983191490 -0.0533522107 -0.0226375330 0.0522992983 0.9976260662 -0.0448001102 0.0249739774 0.0435408801 0.9987394810
63.0 -480.8 2401.7 0.9991369247 -0.0233768113 -0.0343356803 0.0293874461 0.9820020795 0.1865699589 0.0293562971 -0.1874179691 0.9818415046
-264.0 -218.8 2311.6 0 0 0 0 0 0 0 0 0
140.2 -227.9 2319.2 0 0 0 0 0 0 0 0 0
-171.3 -772.4 2446.8 0 0 0 0 0 0 0 0 0
69.8 -769.0 2456.7 0 0 0 0 0 0 0 0 0
-41.8 518.0 2399.1 2 0.9988916516 0.0078734253 -0.0464052968 -0.0063083228 0.9994094968 0.0337772854 0.0466438383 -0.0334471092 0.9983514547
-43.4 317.4 2405.8 0.9988916516 0.0078734253 -0.0464052968 -0.0063083228 0.9994094968 0.0337772854 0.0466438383 -0.0334471092 0.9983514547
-45.3 118.6 2411.3 0.9988710880 0.0099105584 -0.0464579351 -0.0086217308 0.9995746613 0.0278605856 0.0467142873 -0.0274285860 0.9985316396
-183.9 318.6 2399.3 0.1932338029 -0.9674773216 -0.1632432193 0.9762916565 0.1730550528 0.1300250441 -0.0975462124 -0.1844982356 0.9779801369
-238.2 44.3 2426.7 0.0944856480 -0.9669439197 -0.2368373275 0.9143615961 0.1783782393 -0.3634888232 0.3937199116 -0.1822104752 0.9009905457
97.2 316.2 2412.4 0.1597075015 0.6005013585 0.7835123539 -0.9862338305 0.1315143555 0.1002337709 -0.0428526029 -0.7887344956 0.6132385731
141.1 45.0 2400.6 0.0010919281 0.6029926538 0.7977460027 -0.9609175324 0.2214750499 -0.1660911888 -0.2768325806 -0.7663867474 0.5796680450
-140.1 -81.2 2411.8 0.9969927669 0.0574405678 -0.0520196185 -0.0586183965 0.9980509281 -0.0214054938 0.0506886840 0.0243904293 0.9984166026
-163.0 -478.0 2402.1 0.9987309575 0.0285520814 -0.0414881669 -0.0220856145 0.9886332750 0.1487159282 0.0452627316 -0.1476109177 0.9880092740
43.2 -83.3 2420.1 0.9984620214 -0.0498942770 -0.0241699796 0.0487428680 0.9977474213 -0.0460896417 0.0264151450 0.0448406450 0.9986448884
63.0 -480.0 2402.2 0.9991078973 -0.0237811916 -0.0348973572 0.0297615100 0.9827851653 0.1823392510 0.0299603604 -0.1832151860 0.9826161861
-265.3 -217.3 2314.0 0 0 0 0 0 0 0 0 0
141.4 -226.8 2322.3 0 0 0 0 0 0 0 0 0
-171.4 -769.3 2445.6 0 0 0 0 0 0 0 0 0
70.0 -768.9 2456.1 0 0 0 0 0 0 0 0 0
-42.9 518.7 2399.5 3 0.9989757538 0.0048594312 -0.0449870452 -0.0033635260 0.9994407892 0.0332680903 0.0451235510 -0.0330827013 0.9984334707
-43.9 318.0 2406.1 0.9989757538 0.0048594312 -0.0449870452 -0.0033635260 0.9994407892 0.0332680903 0.0451235510 -0.0330827013 0.9984334707
-45.4 119.3 2411.7 0.9989543557 0.0079688122 -0.0450190790 -0.0066994862 0.9995777011 0.0282761492 0.0452253930 -0.0279449765 0.9985858798
-184.5 319.0 2399.7 0.1911112964 -0.9682251811 -0.1612960696 0.9762319326 0.1703767776 0.1339515448 -0.1022141576 -0.1830620170 0.9777732491
-237.6 47.3 2428.2 0.0977831632 -0.9673767090 -0.2337107956 0.9172448516 0.1787178367 -0.3559800386 0.3861350715 -0.1795611680 0.9047969580
96.7 317.1 2412.5 0.1677353680 0.5994610786 0.7826309800 -0.9852190614 0.1299237758 0.1116386205 -0.0347593725 -0.7897887230 0.6123932600
142.6 48.0 2403.0 -0.0036230588 0.6023406982 0.7982308865 -0.9608280659 0.2191130072 -0.1697025448 -0.2771215141 -0.7675774693 0.5779519677
-139.0 -79.3 2412.5 0.9970176220 0.0580866896 -0.0508109815 -0.0594964325 0.9978717566 -0.0266856793 0.0491527617 0.0296291653 0.9983516932
-162.1 -476.0 2400.7 0.9986205697 0.0345685929 -0.0395222083 -0.0281210002 0.9877615571 0.1534155011 0.0443418771 -0.1520924717 0.9873710871
44.3 -80.9 2421.0 0.9986677170 -0.0466329977 -0.0220944975 0.0453425460 0.9974179864 -0.0556904227 0.0246344600 0.0546144061 0.9982035756
62.9 -477.4 2399.3 0.9991675019 -0.0243890900 -0.0327023566 0.0300833452 0.9819308519 0.1868336797 0.0275547504 -0.1876619458 0.9818471074
-265.6 -215.1 2317.7 0 0 0 0 0 0 0 0 0
141.5 -223.8 2324.6 0 0 0 0 0 0 0 0 0
-172.3 -770.0 2445.9 0 0 0 0 0 0 0 0 0
70.1 -768.6 2455.0 0 0 0 0 0 0 0 0 0
-42.1 517.9 2399.6 4 0.9987203479 0.0065167155 -0.0501518771 -0.0048450315 0.9994308949 0.0333821028 0.0503408797 -0.0330963992 0.9981835485
-43.4 317.6 2406.3 0.9987203479 0.0065167155 -0.0501518771 -0.0048450315 0.9994308949 0.0333821028 0.0503408797 -0.0330963992 0.9981835485
-45.2 118.9 2412.1 0.9986982942 0.0091415113 -0.0501812659 -0.0076603172 0.9995315671 0.0296302512 0.0504286252 -0.0292072762 0.9983004928
-183.9 318.7 2399.2 0.1995085925 -0.9643880725 -0.1736432016 0.9733399749 0.1745731086 0.1487732679 -0.1131617427 -0.1986954063 0.9735063314
-239.1 49.6 2430.4 0.0815942287 -0.9643880725 -0.2515909672 0.9109611511 0.1745731086 -0.3737297952 0.4043415785 -0.1986954063 0.8927642703
97.2 316.5 2413.3 0.1730704308 0.6028488874 0.7788580656 -0.9843226075 0.1331647485 0.1156551316 -0.0339938700 -0.7866640687 0.6164446473
143.9 50.7 2404.2 -0.0068156095 0.6056900620 0.7956714630 -0.9607267380 0.2167733163 -0.1732440889 -0.2774125636 -0.7656036019 0.5804251432
-138.7 -78.8 2413.1 0.9968129396 0.0567742698 -0.0560411513 -0.0582765974 0.9979735613 -0.0255463608 0.0544772111 0.0287308302 0.9981015921
-161.3 -475.6 2401.6 0.9982806444 0.0372555628 -0.0452525616 -0.0301156007 0.9883306026 0.1493172944 0.0502873920 -0.1476977617 0.9877532721
44.6 -80.0 2421.4 0.9985967278 -0.0454616994 -0.0271636993 0.0438202918 0.9973404408 -0.0582391396 0.0297391061 0.0569670908 0.9979330301
62.7 -476.6 2398.7 0.9989522099 -0.0263063200 -0.0374501012 0.0328738205 0.9817603230 0.1872591078 0.0318409279 -0.1882940233 0.9815964103
-262.4 -210.9 2314.8 0 0 0 0 0 0 0 0 0
142.0 -221.0 2325.7 0 0 0 0 0 0 0 0 0
-172.3 -768.2 2445.4 0 0 0 0 0 0 0 0 0
70.5 -768.0 2454.6 0 0 0 0 0 0 0 0 0
-41.8 517.9 2398.7 5 0.9987484813 0.0083082011 -0.0493193455 -0.0064285770 0.9992514253 0.0381483175 0.0495993681 -0.0377835222 0.9980542660
-43.5 317.4 2406.3 0.9987484813 0.0083082011 -0.0493193455 -0.0064285770 0.9992514253 0.0381483175 0.0495993681 -0.0377835222 0.9980542660
-45.4 118.7 2412.5 0.9987301826 0.0099984817 -0.0493769720 -0.0084307790 0.9994568825 0.0318565108 0.0496686734 -0.0313997716 0.9982720613
-184.0 318.6 2399.3 0.1968916357 -0.9677078724 -0.1574013233 0.9740049839 0.1747222543 0.1441749334 -0.1120177060 -0.1816965193 0.9769536257
-238.6 48.8 2430.3 0.0892557129 -0.9677078724 -0.2357433140 0.9116107225 0.1747222543 -0.3720726371 0.4012472332 -0.1816965193 0.8977677822
97.1 316.2 2413.3 0.1707765162 0.6027740240 0.7794221044 -0.9848536849 0.1284922808 0.1164171174 -0.0299765058 -0.7874980569 0.6155877113
143.3 49.9 2405.2 -0.0002057878 0.6054134369 0.7959111333 -0.9614312053 0.2187919468 -0.1666736603 -0.2750454247 -0.7652481198 0.5820183158
-138.6 -79.1 2413.2 0.9968250394 0.0569083132 -0.0556887761 -0.0586598143 0.9978169203 -0.0303381309 0.0538407117 0.0335085019 0.9979871511
-161.3 -475.9 2399.9 0.9984540343 0.0339383930 -0.0440193787 -0.0266126841 0.9871666431 0.1574603766 0.0487984158 -0.1560454667 0.9865437150
44.6 -80.5 2422.5 0.9987130761 -0.0431253500 -0.0266897194 0.0417448543 0.9978622198 -0.0502825715 0.0288011171 0.0491037071 0.9983783364
61.8 -477.3 2403.0 0.9989079237 -0.0303036384 -0.0355623625 0.0359741785 0.9845202565 0.1715393662 0.0298136007 -0.1726313680 0.9845352173
-264.1 -211.8 2315.6 0 0 0 0 0 0 0 0 0
143.2 -222.0 2327.4 0 0 0 0 0 0 0 0 0
-171.5 -773.0 2446.9 0 0 0 0 0 0 0 0 0
70.7 -767.3 2453.8 0 0 0 0 0 0 0 0 0
-41.9 517.5 2398.2 6 0.9985712171 0.0095651383 -0.0525745153 -0.0075574731 0.9992394447 0.0382540487 0.0529004373 -0.0378020629 0.9978840351
-43.8 317.2 2405.8 0.9985712171 0.0095651383 -0.0525745153 -0.0075574731 0.9992394447 0.0382540487 0.0529004373 -0.0378020629 0.9978840351
-46.0 118.5 2412.2 0.9985549450 0.0108674522 -0.0526295453 -0.0091443332 0.9994177818 0.0328713804 0.0529561304 -0.0323426202 0.9980729222
-184.3 318.5 2398.4 0.2016862184 -0.9636999369 -0.1749430150 0.9728934765 0.1764819473 0.1494403929 -0.1131414101 -0.2003409863 0.9731713533
-239.7 51.3 2429.4 0.0840766132 -0.9636999369 -0.2534038424 0.9127999544 0.1764819473 -0.3683074117 0.3996590376 -0.2003409863 0.8945032954
96.7 315.9 2413.3 0.1695484221 0.6047577858 0.7781525254 -0.9849317074 0.1313012391 0.1125591174 -0.0341013819 -0.7855113149 0.6179070473
142.7 49.0 2404.0 0.0008849379 0.6070343852 0.7946750522 -0.9622465372 0.2168100476 -0.1645447761 -0.2721778750 -0.7645277381 0.5843086243
-139.1 -79.2 2414.2 0.9968650341 0.0518738702 -0.0597423576 -0.0544926561 0.9975847602 -0.0430723839 0.0573637336 0.0461928770 0.9972841144
-159.7 -475.8 2395.8 0.9979743958 0.0423415750 -0.0474793613 -0.0338092856 0.9852136374 0.1679612994 0.0538890585 -0.1660158336 0.9846495390
44.2 -80.8 2423.3 0.9984401464 -0.0471331365 -0.0299292728 0.0455679037 0.9976592660 -0.0509863980 0.0322623663 0.0495430529 0.9982507825
62.9 -477.4 2403.6 0.9989765286 -0.0215945821 -0.0397440083 0.0282087568 0.9843022227 0.1742222756 0.0353578590 -0.1751650870 0.9839039445
-263.8 -209.7 2315.1 0 0 0 0 0 0 0 0 0
142.9 -223.1 2327.1 0 0 0 0 0 0 0 0 0
-172.4 -770.6 2445.5 0 0 0 0 0 0 0 0 0
69.3 -769.2 2455.5 0 0 0 0 0 0 0 0 0
-41.0 517.0 2398.5 7 0.9985535741 0.0133674489 -0.0520780534 -0.0114851268 0.9992757440 0.0362773500 0.0525252745 -0.0356267542 0.9979838729
-43.7 316.5 2405.7 0.9985535741 0.0133674489 -0.0520780534 -0.0114851268 0.9992757440 0.0362773500 0.0525252745 -0.0356267542 0.9979838729
-46.8 117.9 2411.7 0.9985174537 0.0155939320 -0.0521507338 -0.0139751900 0.9994135499 0.0312615968 0.0526076406 -0.0304864328 0.9981498122
-184.3 318.5 2398.3 0.2106142491 -0.9540557265 -0.2131179422 0.9728756547 0.1832238436 0.1412162036 -0.0956798419 -0.2370793968 0.9667671323
-242.7 48.6 2424.8 0.0751132667 -0.9540557265 -0.2900613844 0.9122297168 0.1832238436 -0.3664231598 0.4027342796 -0.2370793968 0.8840805888
96.8 314.6 2413.1 0.1654810607 0.6053739190 0.7785489559 -0.9856420159 0.1283786893 0.1096757948 -0.0335542299 -0.7855197787 0.6179261804
141.7 47.1 2404.0 0.0027665033 0.6076200604 0.7942230105 -0.9627181292 0.2164512575 -0.1622425318 -0.2704923749 -0.7641640902 0.5855656266
-139.8 -79.4 2413.8 0.9968438745 0.0525477156 -0.0595064908 -0.0551235303 0.9975744486 -0.0425045267 0.0571286380 0.0456505828 0.9973225594
-160.6 -476.0 2395.7 0.9983174801 0.0337820463 -0.0471268520 -0.0254053436 0.9854243398 0.1682066768 0.0521223135 -0.1667263955 0.9846245646
43.5 -81.1 2423.5 0.9983387589 -0.0495561659 -0.0293921344 0.0476419292 0.9969012141 -0.0625956059 0.0324030519 0.0610913262 0.9976060987
63.2 -477.4 2399.2 0.9989730716 -0.0195330605 -0.0408808589 0.0269433241 0.9815275073 0.1894143373 0.0364258438 -0.1903212965 0.9810458422
-264.2 -212.2 2309.6 0 0 0 0 0 0 0 0 0
142.5 -225.1 2327.5 0 0 0 0 0 0 0 0 0
-170.7 -768.0 2445.1 0 0 0 0 0 0 0 0 0
69.1 -772.3 2456.4 0 0 0 0 0 0 0 0 0
-41.4 517.8 2398.6 8 0.9981994033 0.0142693045 -0.0582608655 -0.0122407963 0.9993113875 0.0350273289 0.0587205626 -0.0342511013 0.9976866841
-44.2 317.3 2405.5 0.9981994033 0.0142693045 -0.0582608655 -0.0122407963 0.9993113875 0.0350273289 0.0587205626 -0.0342511013 0.9976866841
-47.2 118.6 2411.5 0.9981882572 0.0148075158 -0.0583175197 -0.0130070504 0.9994305968 0.0311330128 0.0587453172 -0.0303180702 0.9978125095
-184.7 319.1 2397.2 0.2020068765 -0.9606753588 -0.1905152202 0.9750811458 0.1790628284 0.1309703737 -0.0917058215 -0.2122247219 0.9729083776
-242.2 41.5 2423.4 0.0763932541 -0.9606753588 -0.2669585943 0.9052388668 0.1790628284 -0.3853298128 0.4179792106 -0.2122247219 0.8833199143
96.3 315.5 2413.8 0.1635482311 0.6099566221 0.7753740549 -0.9858802557 0.1296887249 0.1059288532 -0.0359452739 -0.7817504406 0.6225545406
141.1 45.1 2403.9 0.0043531884 0.6120789647 0.7907846570 -0.9622539878 0.2177548856 -0.1632483751 -0.2721181214 -0.7602250576 0.5899233818
-141.5 -79.6 2413.0 0.9967296124 0.0478829741 -0.0650947019 -0.0500799976 0.9982147217 -0.0325483754 0.0634199753 0.0357018709 0.9973481297
-160.6 -476.4 2398.8 0.9978136420 0.0369606353 -0.0547890551 -0.0278816968 0.9870337248 0.1580727249 0.0599211156 -0.1561995000 0.9859062433
41.7 -82.1 2422.6 0.9981926084 -0.0482799634 -0.0357850194 0.0462221168 0.9973456860 -0.0562591739 0.0384062268 0.0545034334 0.9977747202
60.9 -478.7 2400.9 0.9985674024 -0.0267174542 -0.0463605486 0.0348922834 0.9820007086 0.1856263280 0.0405666307 -0.1869780272 0.9815261364
-264.1 -218.0 2303.5 0 0 0 0 0 0 0 0 0
142.3 -227.0 2327.0 0 0 0 0 0 0 0 0 0
-171.6 -770.7 2445.3 0 0 0 0 0 0 0 0 0
68.8 -769.4 2456.3 0 0 0 0 0 0 0 0 0
-42.7 518.1 2399.2 9 0.9983336926 0.0104226917 -0.0567561164 -0.0086044483 0.9994448423 0.0321867391 0.0570600815 -0.0316447504 0.9978691339
-44.8 317.8 2405.6 0.9983336926 0.0104226917 -0.0567561164 -0.0086044483 0.9994448423 0.0321867391 0.0570600815 -0.0316447504 0.9978691339
-47.2 119.1 2411.3 0.9983143806 0.0119990995 -0.0567838885 -0.0103234705 0.9995052218 0.0297107883 0.0571122952 -0.0290745012 0.9979442954
-185.3 319.3 2397.5 0.2075674534 -0.9595019221 -0.1904516965 0.9746772647 0.1863017529 0.1236765161 -0.0831863731 -0.2113001496 0.9738748670
-243.8 44.4 2421.0 0.0624334738 -0.9612755179 -0.2684240341 0.9114574194 0.1644920707 -0.3770778179 0.4066292942 -0.2211148143 0.8864315152
95.7 316.4 2413.6 0.1678973734 0.6081408262 0.7758706212 -0.9850900769 0.1334581226 0.1085654050 -0.0375231840 -0.7825303078 0.6214807630
141.6 47.2 2403.3 -0.0025310905 0.6101698279 0.7922666073 -0.9641415477 0.2087613046 -0.1638592035 -0.2653765380 -0.7642719150 0.5877616405
-141.7 -78.9 2412.2 0.9968444109 0.0480889902 -0.0631563812 -0.0500024445 0.9983258247 -0.0290734414 0.0616525337 0.0321396701 0.9975800514
-160.8 -475.8 2399.4 0.9978048801 0.0392391272 -0.0533447340 -0.0306529962 0.9877219200 0.1531854123 0.0587006249 -0.1512139887 0.9867565632
41.5 -81.3 2423.0 0.9980535507 -0.0523978956 -0.0338164642 0.0502557121 0.9968497753 -0.0613587946 0.0369250067 0.0595398918 0.9975427389
62.3 -477.6 2399.3 0.9987270236 -0.0213271752 -0.0457113199 0.0295176227 0.9819596410 0.1867725849 0.0409033373 -0.1878841221 0.9813390970
-261.7 -216.6 2304.6 0 0 0 0 0 0 0 0 0
140.9 -225.5 2328.3 0 0 0 0 0 0 0 0 0
-172.6 -772.3 2444.8 0 0 0 0 0 0 0 0 0
68.7 -770.4 2455.3 0 0 0 0 0 0 0 0 0
-43.9 517.0 2398.5 0 0.9987133145 0.0086960932 -0.0499611124 -0.0070367381 0.9994208217 0.0332933553 0.0502217002 -0.0328989550 0.9981960654
-45.7 316.7 2405.1 0.9987133145 0.0086960932 -0.0499611124 -0.0070367381 0.9994208217 0.0332933553 0.0502217002 -0.0328989550 0.9981960654
-47.8 118.0 2410.7 0.9986922145 0.0106339613 -0.0500074998 -0.0092162183 0.9995514154 0.0284962375 0.0502880961 -0.0279980917 0.9983422160
-186.2 318.0 2398.0 0.2089726031 -0.9602404833 -0.1851180047 0.9748795629 0.1896368414 0.1168235242 -0.0770734847 -0.2048806697 0.9757477045
-244.7 45.1 2419.6 0.0642686337 -0.9625456929 -0.2633918822 0.9137792587 0.1628454775 -0.3721408248 0.4010947347 -0.2167650610 0.8900201917
94.9 315.4 2412.2 0.1705929786 0.6032449603 0.7790979147 -0.9847614169 0.1315075010 0.1138010323 -0.0338073075 -0.7866392136 0.6164866686
141.3 47.2 2403.0 -0.0114968810 0.6055831313 0.7956990004 -0.9654524326 0.2004455030 -0.1665028036 -0.2603255808 -0.7701237798 0.5823572278
-141.1 -78.6 2411.9 0.9972264767 0.0486399941 -0.0563343912 -0.0504259020 0.9982550740 -0.0307258256 0.0547415838 0.0334813185 0.9979390502
-160.5 -475.6 2398.6 0.9981114864 0.0401652791 -0.0464774705 -0.0326450393 0.9877564907 0.1525497139 0.0520356260 -0.1507443637 0.9872023463
42.1 -80.5 2422.4 0.9983086586 -0.0515643023 -0.0268512256 0.0497548319 0.9966972470 -0.0641802400 0.0300719496 0.0627357066 0.9975770116
62.6 -476.8 2397.4 0.9989747405 -0.0227240529 -0.0391547941 0.0298762172 0.9807311296 0.1930645257 0.0340131149 -0.1940363795 0.9804044962
-263.1 -216.3 2304.8 0 0 0 0 0 0 0 0 0
138.1 -225.8 2329.3 0 0 0 0 0 0 0 0 0
-172.5 -770.3 2443.5 0 0 0 0 0 0 0 0 0
69.3 -769.1 2455.2 0 0 0 0 0 0 0 0 0
-43.7 516.2 2398.6 1 0.9987401366 0.0067877164 -0.0497193225 -0.0051205307 0.9994227886 0.0335829034 0.0499185771 -0.0332860053 0.9981984496
-45.1 315.9 2405.3 0.9987401366 0.0067877164 -0.0497193225 -0.0051205307 0.9994227886 0.0335829034 0.0499185771 -0.0332860053 0.9981984496
-46.9 117.2 2410.9 0.9987195730 0.0091156783 -0.0497603528 -0.0077071171 0.9995661974 0.0284257513 0.0499978848 -0.0280058458 0.9983565807
-185.7 317.0 2398.3 0.2035491467 -0.9612267017 -0.1860402972 0.9763478637 0.1851399541 0.1116602644 -0.0728873387 -0.2043683976 0.9761767387
-243.1 41.7 2418.8 0.0688441396 -0.9626668692 -0.2617881298 0.9096476436 0.1683215797 -0.3797486722 0.4096360505 -0.2119914740 0.8872755766
95.5 314.8 2412.3 0.1667109132 0.6028913260 0.7802112103 -0.9852911830 0.1319825649 0.1085445210 -0.0375337303 -0.7868307829 0.6160264015
140.9 46.0 2402.1 -0.0146502610 0.6051285267 0.7959929705 -0.9665427208 0.1953166574 -0.1662725657 -0.2560869753 -0.7717971802 0.5820211768
-141.5 -79.9 2411.6 0.9975316525 0.0420327000 -0.0562478751 -0.0441204011 0.9983627200 -0.0364034362 0.0546256453 0.0387952588 0.9977529645
-158.3 -476.8 2396.2 0.9977654219 0.0475528762 -0.0469346344 -0.0394990444 0.9863788486 0.1596766561 0.0538884141 -0.1574659795 0.9860529900
41.7 -81.6 2420.8 0.9982172847 -0.0535944141 -0.0262658354 0.0517068580 0.9963496327 -0.0679246485 0.0298103373 0.0664454326 0.9973446727
63.0 -477.7 2394.4 0.9990157485 -0.0197099578 -0.0397372879 0.0273890533 0.9787757993 0.2030956000 0.0348908864 -0.2039840668 0.9783522487
-262.7 -218.0 2301.9 0 0 0 0 0 0 0 0 0
136.8 -227.3 2329.7 0 0 0 0 0 0 0 0 0
-172.4 -770.2 2443.0 0 0 0 0 0 0 0 0 0
68.9 -770.1 2455.3 0 0 0 0 0 0 0 0 0
-43.9 517.2 2398.2 2 0.9987115860 0.0045755752 -0.0505398661 -0.0027277416 0.9993273616 0.0365705416 0.0506732017 -0.0363855623 0.9980522394
-44.9 316.3 2405.5 0.9987115860 0.0045755752 -0.0505398661 -0.0027277416 0.9993273616 0.0365705416 0.0506732017 -0.0363855623 0.9980522394
-46.3 117.6 2411.0 0.9986943603 0.0070859715 -0.0505907424 -0.0056815995 0.9995959997 0.0278495122 0.0507676452 -0.0275257137 0.9983310699
-185.4 317.1 2398.4 0.2020382136 -0.9614292383 -0.1866395622 0.9765696526 0.1833465397 0.1126752719 -0.0741095841 -0.2050312459 0.9759456515
-241.8 44.5 2419.1 0.0823293626 -0.9618567228 -0.2608707547 0.9110350013 0.1787542105 -0.3715671897 0.4040261507 -0.2070714980 0.8910018206
95.7 315.5 2412.7 0.1647214144 0.6039000750 0.7798535228 -0.9856840372 0.1296188533 0.1078233719 -0.0359691754 -0.7864500284 0.6166056991
140.9 45.2 2402.8 -0.0211873036 0.6067373157 0.7946199775 -0.9649412036 0.1955636293 -0.1750525534 -0.2616096735 -0.7704704404 0.5813223720
-140.4 -80.9 2411.9 0.9971849322 0.0489212200 -0.0568236038 -0.0509197414 0.9981145263 -0.0342713110 0.0550398715 0.0370682813 0.9977958202
