-40.9 517.8 2400.2 8 0.9998608828 0.0148444539 0.0076052095 -0.0149808303 0.9997221231 0.0182003807 -0.0073329215 -0.0183117799 0.9998054504
-43.9 317.2 2403.9 0.9998608828 0.0148444539 0.0076052095 -0.0149808303 0.9997221231 0.0182003807 -0.0073329215 -0.0183117799 0.9998054504
-47.1 118.5 2406.6 0.9998326898 0.0166699737 0.0075338772 -0.0167718995 0.9997658134 0.0136745721 -0.0073041581 -0.0137986410 0.9998781085
-184.5 319.6 2404.9 0.2018251568 -0.9572288394 -0.2073150724 0.9769713283 0.1817952543 0.1117029861 -0.0692364275 -0.2250853479 0.9718759656
-242.2 40.3 2424.7 0.0690642595 -0.9572288394 -0.2809680700 0.8990287781 0.1817952543 -0.3983688056 0.4324087799 -0.2250853479 0.8731318712
96.8 314.8 2402.8 0.1729547232 0.5584270358 0.8113235831 -0.9838383794 0.1367193013 0.1156280264 -0.0463537723 -0.8182097077 0.5730482340
143.2 50.4 2390.4 -0.0050356882 0.5613312721 0.8275759220 -0.9606580138 0.2270985097 -0.1598826945 -0.2776883841 -0.7958225012 0.5381037593
-142.4 -77.9 2404.1 0.9991051555 0.0421342142 0.0036806676 -0.0420734286 0.9989978075 -0.0152709233 -0.0043204073 0.0151023995 0.9998766184
-159.2 -475.1 2398.0 0.9992794991 0.0363782309 0.0108219655 -0.0376198553 0.9871106744 0.1555547714 -0.0050236704 -0.1558498144 0.9877679944
40.9 -80.9 2409.0 0.9982042909 -0.0530211143 0.0278744064 0.0535186529 0.9984149337 -0.0174164139 -0.0269067865 0.0188769400 0.9994596839
62.0 -477.8 2401.5 0.9994767308 -0.0278008226 0.0165326782 0.0242538843 0.9823276401 0.1855913997 -0.0214000996 -0.1850933135 0.9824879169
-262.0 -218.4 2300.3 0 0 0 0 0 0 0 0 0
141.8 -221.3 2311.8 0 0 0 0 0 0 0 0 0
-170.0 -767.7 2444.2 0 0 0 0 0 0 0 0 0
70.3 -770.1 2456.5 0 0 0 0 0 0 0 0 0
-41.5 515.1 2392.0 9 0.9998137355 0.0137328263 0.0135603277 -0.0141940797 0.9993029833 0.0345257893 -0.0130767394 -0.0347118378 0.9993118048
-44.3 314.0 2399.0 0.9998137355 0.0137328263 0.0135603277 -0.0141940797 0.9993029833 0.0345257893 -0.0130767394 -0.0347118378 0.9993118048
-47.5 115.4 2404.1 0.9997738600 0.0164899528 0.0134290429 -0.0168329626 0.9995242953 0.0258431286 -0.0129965032 -0.0260633342 0.9995757937
-184.9 316.4 2400.8 0.1971388906 -0.9621509314 -0.1881539226 0.9770658016 0.1770640612 0.1182824671 -0.0804902837 -0.2071568370 0.9749909639
-241.0 38.6 2423.7 0.0720035806 -0.9621509314 -0.2628328800 0.8983202577 0.1770640612 -0.4020808935 0.4334007502 -0.2071568370 0.8770688772
96.4 311.7 2397.1 0.1754695475 0.5532280207 0.8143397570 -0.9838281274 0.1287470013 0.1245247200 -0.0359532312 -0.8230206370 0.5668724775
143.1 49.7 2387.6 0.0005498009 0.5556384325 0.8314238191 -0.9643201828 0.2204043120 -0.1466579735 -0.2647382021 -0.8016781211 0.5359345675
-142.1 -78.7 2410.0 0.9992166162 0.0386747643 0.0083879204 -0.0383828506 0.9987329841 -0.0325446054 -0.0096359486 0.0321971588 0.9994350672
-157.5 -475.7 2397.2 0.9990346432 0.0410975516 0.0155157130 -0.0430176221 0.9868240356 0.1559737474 -0.0089011388 -0.1564906389 0.9876393080
41.2 -81.8 2408.7 0.9979644418 -0.0534330122 0.0348123647 0.0543118641 0.9982157946 -0.0248081405 -0.0334246792 0.0266483650 0.9990859032
62.5 -478.7 2398.1 0.9994238019 -0.0257752929 0.0220842324 0.0209157784 0.9801057577 0.1973709464 -0.0267321765 -0.1967953146 0.9800800681
-261.7 -220.1 2298.9 0 0 0 0 0 0 0 0 0
143.3 -223.0 2312.7 0 0 0 0 0 0 0 0 0
-169.6 -766.0 2443.3 0 0 0 0 0 0 0 0 0
70.2 -770.7 2456.7 0 0 0 0 0 0 0 0 0
-40.2 519.8 2402.4 0 0.9998333454 0.0179955475 -0.0030693840 -0.0179840159 0.9998312593 0.0037441019 0.0031362432 -0.0036882779 0.9999882579
-43.8 318.7 2403.1 0.9998333454 0.0179955475 -0.0030693840 -0.0179840159 0.9998312593 0.0037441019 0.0031362432 -0.0036882779 0.9999882579
-47.9 120.0 2403.6 0.9997810125 0.0206980761 -0.0030940087 -0.0206904672 0.9997828603 0.0024715490 0.0031444931 -0.0024069913 0.9999921322
-184.5 321.7 2402.7 0.1869964302 -0.9697862864 -0.1566745341 0.9796287417 0.1722035259 0.1033126116 -0.0732112452 -0.1728019714 0.9822319746
-238.8 37.2 2424.0 0.0808091164 -0.9697862864 -0.2301835269 0.8950973749 0.1722035259 -0.4112743437 0.4384866357 -0.1728019714 0.8819687963
96.8 315.8 2403.6 0.1623720974 0.5677856803 0.8070035577 -0.9849145412 0.1428441405 0.0976672173 -0.0598216802 -0.8106879592 0.5824142694
141.4 45.2 2387.1 0.0091218464 0.5690916181 0.8222234845 -0.9631404877 0.2260685861 -0.1457853317 -0.2688441277 -0.7905869484 0.5501773953
-142.5 -81.8 2410.5 0.9992856979 0.0369972140 -0.0077011320 -0.0372727588 0.9985284209 -0.0393926278 0.0062323813 0.0396515317 0.9991941452
-157.2 -478.7 2394.8 0.9990283251 0.0440727808 0.0002010080 -0.0434642099 0.9844573140 0.1701605916 0.0073015667 -0.1700039804 0.9854163527
40.9 -84.9 2408.1 0.9983863831 -0.0544014275 0.0162811447 0.0546223409 0.9984165430 -0.0134460218 -0.0155238826 0.0143136391 0.9997770190
62.5 -481.8 2402.4 0.9995710850 -0.0287981108 0.0053190487 0.0273475032 0.9828773737 0.1822201014 -0.0104755675 -0.1819964796 0.9832434058
-262.0 -220.1 2297.9 0 0 0 0 0 0 0 0 0
144.0 -227.1 2311.1 0 0 0 0 0 0 0 0 0
-170.1 -767.1 2444.6 0 0 0 0 0 0 0 0 0
70.9 -768.2 2455.5 0 0 0 0 0 0 0 0 0
-41.4 522.6 2408.1 1 0.9997406006 0.0156745221 0.0165254194 -0.0155122848 0.9998306632 -0.0099002700 -0.0166778024 0.0096413549 0.9998144507
-44.6 321.7 2406.1 0.9997406006 0.0156745221 0.0165254194 -0.0155122848 0.9998306632 -0.0099002700 -0.0166778024 0.0096413549 0.9998144507
-48.5 122.9 2404.2 0.9996747971 0.0194203593 0.0165266637 -0.0192596354 0.9997661710 -0.0098293638 -0.0167136900 0.0095078694 0.9998151064
-185.2 324.4 2408.5 0.1871888787 -0.9724332094 -0.1390465647 0.9807306528 0.1769448817 0.0828124657 -0.0559260137 -0.1518687904 0.9868171811
-238.9 43.0 2424.5 0.0808713883 -0.9737623930 -0.2127125114 0.8990081549 0.1634166986 -0.4062995613 0.4304000139 -0.1583722681 0.8886360526
96.1 318.9 2403.8 0.1700459719 0.5533152223 0.8154303432 -0.9837685227 0.1434374750 0.1078200564 -0.0573047921 -0.8205290437 0.5687250495
142.7 49.3 2388.1 0.0051820818 0.5547323227 0.8320127726 -0.9644416571 0.2226337492 -0.1424308866 -0.2642451227 -0.8016896248 0.5361606479
-143.7 -76.7 2403.8 0.9993871450 0.0326360501 0.0126559762 -0.0322241932 0.9989846349 -0.0314847305 -0.0136706624 0.0310576074 0.9994240999
-156.6 -473.9 2391.4 0.9986625910 0.0480033569 0.0192002691 -0.0506605171 0.9827084541 0.1780943871 -0.0103191379 -0.1788288951 0.9838261008
39.7 -80.6 2404.4 0.9975133538 -0.0610804409 0.0351608843 0.0615631267 0.9980209470 -0.0128120594 -0.0343087353 0.0149448141 0.9992995262
64.0 -477.4 2398.4 0.9995269179 -0.0215723645 0.0219221395 0.0169766732 0.9813217521 0.1916231066 -0.0256464351 -0.1911602914 0.9812237024
-262.1 -214.7 2301.2 0 0 0 0 0 0 0 0 0
144.1 -223.5 2313.4 0 0 0 0 0 0 0 0 0
-170.9 -766.8 2444.7 0 0 0 0 0 0 0 0 0
70.4 -769.2 2455.3 0 0 0 0 0 0 0 0 0
-40.3 524.4 2410.4 2 0.9998233318 0.0167548805 0.0085179769 -0.0166437924 0.9997776151 -0.0129493121 -0.0087330472 0.0128052523 0.9998798966
-43.7 323.9 2407.9 0.9998233318 0.0167548805 0.0085179769 -0.0166437924 0.9997776151 -0.0129493121 -0.0087330472 0.0128052523 0.9998798966
-47.7 125.2 2405.1 0.9997654557 0.0199206788 0.0084970081 -0.0197996944 0.9997046590 -0.0140924929 -0.0087752305 0.0139209488 0.9998645782
-184.4 326.7 2409.1 0.1859602332 -0.9715255499 -0.1468225271 0.9812275171 0.1758518517 0.0791753903 -0.0511019081 -0.1587897688 0.9859890342
-238.7 40.3 2424.0 0.0920743868 -0.9717692733 -0.2172250599 0.9028202891 0.1734950542 -0.3934653997 0.4200450778 -0.1598871052 0.8933074474
97.0 321.1 2406.6 0.1694751233 0.5595270991 0.8112999797 -0.9834814668 0.1491251886 0.1025959104 -0.0635800734 -0.8152859211 0.5755575299
143.2 53.0 2389.3 0.0040356820 0.5606537461 0.8280404806 -0.9653745890 0.2181708515 -0.1430151910 -0.2608363032 -0.7987921238 0.5421213508
-144.0 -74.0 2403.9 0.9994250536 0.0335364528 0.0049891211 -0.0334042534 0.9991399646 -0.0245656427 -0.0058086747 0.0243848618 0.9996857643
-157.3 -471.3 2394.2 0.9989292622 0.0448691882 0.0112708705 -0.0461176299 0.9850905538 0.1657401621 -0.0036662009 -0.1660824865 0.9861050248
39.4 -77.5 2400.8 0.9978720546 -0.0598043278 0.0259759482 0.0597700253 0.9982099533 0.0020956772 -0.0260547809 -0.0005386348 0.9996603727
63.2 -474.4 2401.0 0.9995571971 -0.0257544462 0.0149026494 0.0226556156 0.9834149480 0.1799494028 -0.0192899853 -0.1795320958 0.9835629463
-265.2 -219.6 2303.1 0 0 0 0 0 0 0 0 0
144.3 -220.0 2315.5 0 0 0 0 0 0 0 0 0
-170.7 -765.6 2443.8 0 0 0 0 0 0 0 0 0
70.8 -767.9 2454.6 0 0 0 0 0 0 0 0 0
-38.7 523.5 2412.1 3 0.9998174906 0.0152217802 -0.0115437172 -0.0154202841 0.9997313023 -0.0173063464 0.0112771830 0.0174811967 0.9997835755
-41.7 323.1 2408.6 0.9998174906 0.0152217802 -0.0115437172 -0.0154202841 0.9997313023 -0.0173063464 0.0112771830 0.0174811967 0.9997835755
-45.1 124.4 2405.1 0.9997880459 0.0170420129 -0.0115487659 -0.0172439665 0.9996960759 -0.0176191702 0.0112449890 0.0178145841 0.9997780919
-182.4 325.5 2407.0 0.1947987676 -0.9671260715 -0.1634644717 0.9790165424 0.1815504283 0.0925526693 -0.0598330535 -0.1780635715 0.9821982384
-237.8 47.0 2424.0 0.0951855257 -0.9672253728 -0.2354034632 0.9095504880 0.1806064695 -0.3742983043 0.4045462012 -0.1784835607 0.8969314098
99.0 320.7 2410.2 0.1643257737 0.5749760866 0.8014982939 -0.9836796522 0.1558927745 0.0898433477 -0.0732900202 -0.8031811118 0.5912094712
143.3 55.0 2390.4 -0.0000971246 0.5759680867 0.8174721599 -0.9655262232 0.2127386779 -0.1500044614 -0.2603057325 -0.7893053889 0.5560916662
-143.3 -71.7 2403.1 0.9992011189 0.0371238627 -0.0147987166 -0.0374359898 0.9990697503 -0.0214041341 0.0139903463 0.0219410397 0.9996613860
-158.1 -469.0 2394.4 0.9990130663 0.0437606908 -0.0076101897 -0.0419011600 0.9853309393 0.1654306203 0.0147379134 -0.1649484783 0.9861920476
40.1 -75.4 2401.5 0.9982444048 -0.0588474385 0.0067153452 0.0589426979 0.9981486797 -0.0149996439 -0.0058202222 0.0153691312 0.9998649359
63.5 -472.2 2395.4 0.9997821450 -0.0198983997 -0.0063057388 0.0207653176 0.9788611531 0.2034691572 0.0021237319 -0.2035557628 0.9790610671
-265.1 -213.9 2308.0 0 0 0 0 0 0 0 0 0
143.3 -218.1 2316.8 0 0 0 0 0 0 0 0 0
-171.2 -764.9 2443.9 0 0 0 0 0 0 0 0 0
69.6 -773.7 2458.1 0 0 0 0 0 0 0 0 0
-38.0 523.7 2412.4 4 0.9998356700 0.0150903100 -0.0100437971 -0.0152437752 0.9997654557 -0.0153825497 0.0098093143 0.0155331278 0.9998312593
-41.0 323.5 2409.3 0.9998356700 0.0150903100 -0.0100437971 -0.0152437752 0.9997654557 -0.0153825497 0.0098093143 0.0155331278 0.9998312593
-44.3 124.8 2406.3 0.9998155236 0.0163753666 -0.0100376820 -0.0165248420 0.9997510314 -0.0149939228 0.0097896522 0.0151570281 0.9998372197
-181.7 325.8 2408.0 0.1901033372 -0.9680866599 -0.1633064002 0.9801177979 0.1775117069 0.0886490121 -0.0568311289 -0.1769119799 0.9825845361
-235.5 48.4 2424.0 0.0989055336 -0.9675890803 -0.2323554903 0.9104914665 0.1822131425 -0.3712191582 0.4015258253 -0.1748420596 0.8990035057
99.7 321.2 2410.7 0.1706568152 0.5724704862 0.8019686937 -0.9824395776 0.1611612588 0.0940185562 -0.0754234418 -0.8039306998 0.5899209380
145.7 56.1 2390.4 -0.0076112081 0.5734570622 0.8192002773 -0.9662719965 0.2066657096 -0.1536478996 -0.2574110627 -0.7927397490 0.5525425076
-140.2 -72.8 2400.5 0.9988934398 0.0453167111 -0.0125810308 -0.0453400649 0.9989703894 -0.0015771715 0.0124966046 0.0021458510 0.9999195933
-158.2 -469.9 2399.6 0.9991538525 0.0407432243 -0.0056145107 -0.0394549109 0.9880722761 0.1488505155 0.0116121918 -0.1485030353 0.9888437986
43.2 -75.9 2402.6 0.9987307787 -0.0496914275 0.0082191853 0.0497900210 0.9986844659 -0.0122604268 -0.0075991340 0.0126540996 0.9998910427
63.0 -473.0 2397.5 0.9997091293 -0.0240159165 -0.0022238116 0.0239901915 0.9806445837 0.1943210512 -0.0024860294 -0.1943178773 0.9809354544
-263.8 -212.3 2309.0 0 0 0 0 0 0 0 0 0
143.6 -217.1 2317.6 0 0 0 0 0 0 0 0 0
-170.5 -768.8 2444.6 0 0 0 0 0 0 0 0 0
70.3 -769.8 2456.3 0 0 0 0 0 0 0 0 0
-38.5 524.3 2412.6 5 0.9998747110 0.0143417250 -0.0067016860 -0.0144356852 0.9997951388 -0.0141888577 0.0064968201 0.0142838238 0.9998768568
-41.4 324.1 2409.8 0.9998747110 0.0143417250 -0.0067016860 -0.0144356852 0.9997951388 -0.0141888577 0.0064968201 0.0142838238 0.9998768568
-44.1 125.3 2406.7 0.9998863935 0.0134955980 -0.0067159166 -0.0135964900 0.9997918606 -0.0152110476 0.0065092365 0.0153006325 0.9998617768
-182.1 326.0 2408.8 0.1836151630 -0.9695211649 -0.1622163355 0.9818428755 0.1728865802 0.0780688301 -0.0476443581 -0.1736055762 0.9836620688
-235.3 41.7 2422.6 0.1061680913 -0.9679188728 -0.2277310789 0.9080148935 0.1877161413 -0.3745285273 0.4052620232 -0.1670202315 0.8988142014
99.3 322.2 2410.7 0.1809424609 0.5695677996 0.8017807603 -0.9810619950 0.1618225127 0.1064466462 -0.0691175908 -0.8058573008 0.5880618691
147.9 58.8 2392.1 -0.0129612256 0.5709342957 0.8208934069 -0.9641751051 0.2103960067 -0.1615546942 -0.2649498284 -0.7935789227 0.5477536321
-139.2 -72.5 2402.4 0.9987063408 0.0499274433 -0.0096352659 -0.0500152111 0.9987070560 -0.0090938611 0.0091687748 0.0095640067 0.9999122024
-159.1 -469.5 2398.6 0.9992253184 0.0393257104 -0.0015137524 -0.0386465006 0.9877793789 0.1509910822 0.0074330848 -0.1508156061 0.9885339737
44.2 -75.5 2404.2 0.9986018538 -0.0513923056 0.0123779047 0.0517293513 0.9982500076 -0.0286522303 -0.0108837401 0.0292524695 0.9995127916
64.7 -472.3 2392.6 0.9998592734 -0.0167655721 -0.0005413240 0.0164870657 0.9762793183 0.2158861607 -0.0030909716 -0.2158647180 0.9764183760
-265.8 -218.9 2306.3 0 0 0 0 0 0 0 0 0
144.2 -213.9 2317.2 0 0 0 0 0 0 0 0 0
-171.0 -768.7 2444.3 0 0 0 0 0 0 0 0 0
69.8 -774.9 2459.5 0 0 0 0 0 0 0 0 0
-38.9 521.8 2413.2 6 0.9998812079 0.0111297928 -0.0106605282 -0.0112866610 0.9998272061 -0.0147694713 0.0104943048 0.0148880389 0.9998341203
-41.2 321.8 2410.2 0.9998812079 0.0111297928 -0.0106605282 -0.0112866610 0.9998272061 -0.0147694713 0.0104943048 0.0148880389 0.9998341203
-43.5 123.0 2407.1 0.9998751283 0.0116540026 -0.0106706750 -0.0118203387 0.9998074770 -0.0156600364 0.0104861185 0.0157842115 0.9998204112
-181.9 323.4 2408.7 0.1839596182 -0.9688218832 -0.1659607887 0.9817678928 0.1728822589 0.0790158212 -0.0478605852 -0.1774706990 0.9829615951
-235.6 36.7 2422.7 0.1102413088 -0.9665701389 -0.2314930260 0.9060325623 0.1934820265 -0.3763903379 0.4085974097 -0.1682464480 0.8970737457
99.6 320.1 2411.7 0.1869255453 0.5721044540 0.7985958457 -0.9799899459 0.1651970744 0.1110388562 -0.0683998764 -0.8033719063 0.5915361643
149.0 60.8 2393.6 -0.0161356162 0.5736023188 0.8189749718 -0.9624705315 0.2130126506 -0.1681548357 -0.2709060311 -0.7909526229 0.5486382246
-138.5 -72.2 2403.1 0.9987056255 0.0488913767 -0.0140234726 -0.0491436273 0.9986250401 -0.0182455536 0.0131121408 0.0189111028 0.9997351766
-157.9 -469.2 2395.6 0.9990800619 0.0425652191 -0.0052161254 -0.0412139893 0.9866622686 0.1574767977 0.0118495887 -0.1571169645 0.9875088930
45.0 -74.7 2404.3 0.9988769293 -0.0466758832 0.0081356233 0.0468507409 0.9986411929 -0.0228213724 -0.0070593604 0.0231769029 0.9997064471
63.5 -471.7 2395.1 0.9997481108 -0.0222663954 -0.0028161763 0.0223661773 0.9779917002 0.2074414641 -0.0018647768 -0.2074521929 0.9782433510
-267.3 -223.8 2305.3 0 0 0 0 0 0 0 0 0
144.4 -211.4 2317.0 0 0 0 0 0 0 0 0 0
-170.8 -768.3 2443.2 0 0 0 0 0 0 0 0 0
70.4 -772.8 2458.9 0 0 0 0 0 0 0 0 0
-39.0 520.6 2413.0 7 0.9998832941 0.0098567931 -0.0116736917 -0.0100586396 0.9997987151 -0.0173601303 0.0115002273 0.0174755268 0.9997811317
-41.0 320.7 2409.5 0.9998832941 0.0098567931 -0.0116736917 -0.0100586396 0.9997987151 -0.0173601303 0.0115002273 0.0174755268 0.9997811317
-43.2 121.9 2406.4 0.9998719096 0.0109689580 -0.0116532035 -0.0111477803 0.9998193979 -0.0153928800 0.0114822546 0.0155208157 0.9998136163
-181.7 322.3 2407.9 0.1827201992 -0.9688260555 -0.1673003584 0.9820720553 0.1718339473 0.0775084347 -0.0463443138 -0.1784633696 0.9828545451
-236.0 30.6 2421.6 0.1100510433 -0.9660773277 -0.2336308360 0.8976049423 0.1975473911 -0.3940562904 0.4268420041 -0.1663418859 0.8888961077
99.7 319.1 2411.1 0.1863927990 0.5732579827 0.7978928685 -0.9802685380 0.1629143655 0.1119486690 -0.0658127367 -0.8030157089 0.5923128128
149.3 58.5 2393.6 -0.0205396153 0.5750590563 0.8178539872 -0.9616791606 0.2123376578 -0.1734529883 -0.2734069228 -0.7900758386 0.5486609936
-137.5 -74.7 2403.0 0.9984866381 0.0528899468 -0.0150686046 -0.0531758927 0.9983995557 -0.0192532875 0.0140261827 0.0200254358 0.9997010827
-158.6 -471.6 2395.0 0.9993234873 0.0363998264 -0.0052530109 -0.0350728706 0.9862230420 0.1616603136 0.0110650472 -0.1613667011 0.9868324995
45.9 -76.9 2404.9 0.9991424084 -0.0407372676 0.0074135833 0.0409319326 0.9987600446 -0.0283361003 -0.0062500555 0.0286152512 0.9995709658
62.1 -473.9 2393.5 0.9997023940 -0.0242265593 -0.0028720507 0.0242671147 0.9754028916 0.2190898210 -0.0025063858 -0.2190943062 0.9757004380
-267.7 -227.6 2298.9 0 0 0 0 0 0 0 0 0
143.5 -213.5 2316.3 0 0 0 0 0 0 0 0 0
-169.6 -770.8 2444.0 0 0 0 0 0 0 0 0 0
69.6 -775.2 2461.2 0 0 0 0 0 0 0 0 0
-38.7 521.0 2412.9 8 0.9998444915 0.0111516323 -0.0136608407 -0.0113608204 0.9998179078 -0.0153323412 0.0134873725 0.0154851554 0.9997891188
-40.9 320.9 2409.8 0.9998444915 0.0111516323 -0.0136608407 -0.0113608204 0.9998179078 -0.0153323412 0.0134873725 0.0154851554 0.9997891188
-43.2 122.1 2406.6 0.9998381138 0.0117008025 -0.0136684142 -0.0119190319 0.9998010397 -0.0159950778 0.0134785399 0.0161554012 0.9997786283
-181.6 322.6 2407.9 0.1819889545 -0.9687184095 -0.1687148809 0.9821078181 0.1706240028 0.0796975121 -0.0484176353 -0.1802002788 0.9824375510
-236.1 28.8 2422.4 0.1116879284 -0.9657067657 -0.2343847305 0.8989059925 0.1987341642 -0.3904775381 0.4236670732 -0.1670782119 0.8902758360
99.8 319.2 2411.7 0.1869233549 0.5742556453 0.7970508933 -0.9798750281 0.1668301374 0.1096020266 -0.0700325295 -0.8014974594 0.5938832164
149.6 58.1 2393.0 -0.0186134093 0.5753792524 0.8176748753 -0.9649884105 0.2036651224 -0.1652813554 -0.2616313100 -0.7921231985 0.5514433980
-137.1 -75.8 2402.3 0.9981322885 0.0588725768 -0.0163078085 -0.0589775220 0.9982410669 -0.0060305609 0.0159240887 0.0069810916 0.9998488426
-160.5 -472.7 2399.5 0.9994949698 0.0310332347 -0.0068406179 -0.0296441931 0.9880700707 0.1511249840 0.0114489067 -0.1508458704 0.9884909987
46.4 -77.9 2404.4 0.9991866350 -0.0399573706 0.0054268879 0.0401022322 0.9987481236 -0.0299004186 -0.0042253518 0.0300937295 0.9995381236
62.3 -475.0 2392.4 0.9996448159 -0.0262336284 -0.0046977494 0.0266245306 0.9751737118 0.2198348492 -0.0011859438 -0.2198818326 0.9755257964
-268.2 -230.1 2300.3 0 0 0 0 0 0 0 0 0
144.4 -214.8 2319.0 0 0 0 0 0 0 0 0 0
-169.8 -768.1 2444.6 0 0 0 0 0 0 0 0 0
70.2 -770.8 2459.1 0 0 0 0 0 0 0 0 0
-35.7 517.5 2405.8 9 0.9991905689 0.0191739164 -0.0353632495 -0.0191203281 0.9998154640 0.0018529663 0.0353922546 -0.0011753094 0.9993727803
-39.5 317.0 2406.1 0.9991905689 0.0191739164 -0.0353632495 -0.0191203281 0.9998154640 0.0018529663 0.0353922546 -0.0011753094 0.9993727803
-43.0 118.3 2405.4 0.9992208481 0.0173653066 -0.0354420580 -0.0174633954 0.9998444915 -0.0024598693 0.0353938304 0.0030768914 0.9993687272
-180.1 319.4 2401.1 0.1962319314 -0.9631606936 -0.1838872135 0.9768160582 0.1756481528 0.1223853156 -0.0855772719 -0.2036398947 0.9752985835
-236.1 40.7 2425.5 0.1005110368 -0.9610996246 -0.2572646141 0.9033511877 0.1965186447 -0.3812309206 0.4169581831 -0.1940823644 0.8879627585
101.1 314.6 2411.1 0.1849968433 0.5894169807 0.7863610983 -0.9801082015 0.1691702455 0.1037756130 -0.0718617961 -0.7899171114 0.6089883447
149.5 57.9 2392.2 -0.0210306756 0.5902013183 0.8069821000 -0.9662229419 0.1953650564 -0.1680644900 -0.2568479776 -0.7832591534 0.5661574006
-137.3 -75.6 2402.1 0.9977204800 0.0550039262 -0.0390953720 -0.0554482862 0.9984076619 -0.0103732552 0.0384625494 0.0125173805 0.9991816282
-159.2 -472.5 2397.1 0.9989754558 0.0345067047 -0.0292804223 -0.0294686351 0.9870299101 0.1578087509 0.0343461111 -0.1567842215 0.9870355129
46.2 -77.7 2404.6 0.9990238547 -0.0411437415 -0.0160805099 0.0407225080 0.9988399148 -0.0256992076 0.0171192177 0.0250192806 0.9995403886
62.5 -474.9 2394.7 0.9993635416 -0.0251566917 -0.0252914224 0.0299053974 0.9773416519 0.2095445246 0.0194469150 -0.2101675123 0.9774719477
-264.9 -218.5 2305.8 0 0 0 0 0 0 0 0 0
143.6 -215.3 2319.6 0 0 0 0 0 0 0 0 0
-169.5 -769.6 2444.3 0 0 0 0 0 0 0 0 0
70.1 -768.3 2457.7 0 0 0 0 0 0 0 0 0
-36.7 518.5 2402.3 0 0.9997086525 0.0192232579 -0.0145972986 -0.0190418232 0.9997409582 0.0124682849 0.0148331979 -0.0121866930 0.9998157024
-40.6 318.1 2404.7 0.9997086525 0.0192232579 -0.0145972986 -0.0190418232 0.9997409582 0.0124682849 0.0148331979 -0.0121866930 0.9998157024
-44.5 119.4 2406.2 0.9996997118 0.0196136627 -0.0146886101 -0.0195011087 0.9997796416 0.0077671004 0.0148377148 -0.0074783238 0.9998619556
-181.3 320.9 2402.7 0.1896099299 -0.9675392509 -0.1670802832 0.9784892797 0.1721160412 0.1137313470 -0.0812823474 -0.1850508451 0.9793617129
-235.0 43.3 2425.7 0.0986985788 -0.9660948515 -0.2385778278 0.9057566524 0.1865114123 -0.3805500567 0.4121449292 -0.1785337031 0.8934552670
100.1 315.4 2406.8 0.1839958131 0.5739994645 0.7979161143 -0.9811723232 0.1557404846 0.1142183170 -0.0587065890 -0.8039088845 0.5918479562
149.3 52.7 2391.1 -0.0221129004 0.5757111311 0.8173540831 -0.9647948742 0.2020221204 -0.1683980078 -0.2620722353 -0.7923027873 0.5509758592
-138.1 -78.9 2401.6 0.9985178709 0.0508882590 -0.0193002131 -0.0512259975 0.9985349774 -0.0174280684 0.0183850545 0.0183909107 0.9996618032
-158.4 -475.9 2394.3 0.9992201924 0.0384426862 -0.0090113999 -0.0362348333 0.9834479094 0.1775311232 0.0156870168 -0.1770661473 0.9840739369
45.2 -82.1 2408.1 0.9985212088 -0.0540795885 0.0055468758 0.0542429388 0.9978967309 -0.0354939774 -0.0036157093 0.0357423685 0.9993544817
66.7 -478.8 2393.9 0.9998984337 -0.0118339313 -0.0079418281 0.0132453721 0.9773216844 0.2113455385 0.0052606724 -0.2114292681 0.9773791432
-263.3 -216.2 2307.6 0 0 0 0 0 0 0 0 0
143.1 -220.1 2317.0 0 0 0 0 0 0 0 0 0
-169.9 -771.1 2447.4 0 0 0 0 0 0 0 0 0
70.2 -767.2 2456.2 0 0 0 0 0 0 0 0 0
-35.9 523.5 2408.5 1 0.9996106029 0.0231954902 -0.0155125791 -0.0232390407 0.9997264743 -0.0026330817 0.0154472599 0.0029925536 0.9998762012
-40.6 322.4 2407.9 0.9996106029 0.0231954902 -0.0155125791 -0.0232390407 0.9997264743 -0.0026330817 0.0154472599 0.0029925536 0.9998762012
-45.4 123.7 2407.0 0.9995795488 0.0244695637 -0.0155539457 -0.0245402232 0.9996892810 -0.0043683066 0.0154422224 0.0047481675 0.9998694658
-181.2 325.8 2405.8 0.1832495183 -0.9685359001 -0.1683978736 0.9808487296 0.1686340123 0.0974594876 -0.0659954026 -0.1830322444 0.9808893204
-235.1 37.3 2425.2 0.1049001068 -0.9661805630 -0.2355654389 0.9032634497 0.1916678995 -0.3838991225 0.4160661995 -0.1725066006 0.8928216100
100.1 318.9 2410.1 0.1751420200 0.5762615204 0.7982781529 -0.9821818471 0.1583885998 0.1011527851 -0.0681476966 -0.8017703891 0.5937340856
147.6 52.3 2391.6 -0.0090210550 0.5776118636 0.8162617087 -0.9642209411 0.2112584859 -0.1601492316 -0.2649463117 -0.7885013819 0.5550397038
-140.1 -77.6 2406.4 0.9987990260 0.0444996692 -0.0205013026 -0.0451758914 0.9984072447 -0.0337952375 0.0189647712 0.0346808173 0.9992184639
-157.8 -474.5 2392.6 0.9991720319 0.0392780751 -0.0106057310 -0.0367567912 0.9832448363 0.1785456985 0.0174409617 -0.1780080348 0.9838744402
43.3 -81.2 2409.1 0.9983830452 -0.0567416549 0.0034226009 0.0568153560 0.9979929924 -0.0279650241 -0.0018289498 0.0281142611 0.9996030331
65.9 -477.9 2397.9 0.9998047948 -0.0174461566 -0.0092744865 0.0189176667 0.9807102084 0.1945497394 0.0057014381 -0.1946872175 0.9808487892
-265.3 -222.1 2305.7 0 0 0 0 0 0 0 0 0
145.1 -220.4 2316.7 0 0 0 0 0 0 0 0 0
-169.5 -768.3 2445.8 0 0 0 0 0 0 0 0 0
71.0 -767.7 2455.4 0 0 0 0 0 0 0 0 0
-38.4 520.5 2395.7 2 0.9995967150 0.0226884279 -0.0170787051 -0.0221822411 0.9993255138 0.0292662345 0.0177311897 -0.0288755856 0.9994257092
-42.9 319.0 2401.5 0.9995967150 0.0226884279 -0.0170787051 -0.0221822411 0.9993255138 0.0292662345 0.0177311897 -0.0288755856 0.9994257092
-47.8 120.4 2405.4 0.9995484948 0.0245718528 -0.0172914434 -0.0242200568 0.9995011687 0.0202686414 0.0177808553 -0.0198406912 0.9996450543
-183.6 322.4 2399.0 0.1925272048 -0.9690462947 -0.1545399576 0.9757426977 0.1723252535 0.1350192726 -0.1042087823 -0.1767861247 0.9787170887
-237.7 48.0 2428.3 0.0857142657 -0.9690462947 -0.2315219045 0.9063821435 0.1723252535 -0.3857141137 0.4136718810 -0.1767861247 0.8930969834
97.7 315.6 2404.0 0.1823800355 0.5765280724 0.7964627743 -0.9821451902 0.1448317468 0.1200609952 -0.0461345650 -0.8041387796 0.5926486254
146.1 55.0 2391.7 -0.0089096148 0.5783230662 0.8157591820 -0.9653268456 0.2078676671 -0.1579085439 -0.2608921230 -0.7888811827 0.5564187169
-142.0 -72.8 2404.6 0.9988184571 0.0425457172 -0.0234845001 -0.0434116274 0.9983463287 -0.0376833305 0.0218424015 0.0386583060 0.9990137219
-158.9 -469.7 2389.3 0.9993587136 0.0332589373 -0.0132687353 -0.0301602352 0.9815585613 0.1887673736 0.0193022434 -0.1882461309 0.9819321632
41.4 -77.3 2407.5 0.9979332089 -0.0641572401 0.0036281096 0.0642456934 0.9973040819 -0.0354544707 -0.0013436676 0.0356142819 0.9993647337
66.9 -473.8 2393.3 0.9998992682 -0.0061616879 -0.0127876885 0.0088136811 0.9756767154 0.2190370262 0.0111270128 -0.2191276699 0.9756327271
-262.3 -211.7 2309.8 0 0 0 0 0 0 0 0 0
143.6 -218.0 2318.0 0 0 0 0 0 0 0 0 0
-169.1 -770.3 2446.9 0 0 0 0 0 0 0 0 0
68.8 -771.2 2460.1 0 0 0 0 0 0 0 0 0
-38.3 520.0 2404.2 3 0.9995853305 0.0260257367 0.0123195229 -0.0261747520 0.9995842576 0.0120931938 -0.0119996667 -0.0124106398 0.9998509884
-43.6 318.9 2406.7 0.9995853305 0.0260257367 0.0123195229 -0.0261747520 0.9995842576 0.0120931938 -0.0119996667 -0.0124106398 0.9998509884
-49.1 120.2 2408.4 0.9995486736 0.0274476465 0.0122101866 -0.0275465325 0.9995884895 0.0080055129 -0.0119854296 -0.0083382484 0.9998934269
-184.2 322.7 2408.4 0.1981569827 -0.9714736342 -0.1302798688 0.9775986075 0.1862614900 0.0980187058 -0.0709564686 -0.1467845142 0.9866202474
-239.9 48.0 2428.3 0.0802676752 -0.9742226005 -0.2108256817 0.9046806693 0.1599980146 -0.3949095011 0.4184614420 -0.1590314507 0.8942030072
97.0 315.0 2405.0 0.1774540842 0.5551082492 0.8126283884 -0.9828613400 0.1418645829 0.1177199334 -0.0499358810 -0.8195909262 0.5707688928
144.7 51.2 2391.6 -0.0018907550 0.5572098494 0.8303695321 -0.9629201293 0.2230033726 -0.1518364102 -0.2697799504 -0.7998666167 0.5361269712
-144.4 -76.1 2407.7 0.9992544651 0.0380602293 0.0064768395 -0.0378185362 0.9987041950 -0.0340548083 -0.0077645807 0.0337844752 0.9993990064
-159.5 -473.1 2394.3 0.9993088841 0.0343215130 0.0142741650 -0.0362922698 0.9838928580 0.1750362813 -0.0080367392 -0.1754333526 0.9844585061
39.0 -80.5 2411.0 0.9973578453 -0.0648692921 0.0327002853 0.0662858039 0.9968178868 -0.0442747921 -0.0297241546 0.0463253744 0.9984840751
64.8 -476.8 2392.6 0.9997663498 -0.0160192866 0.0145146353 0.0124517307 0.9756253958 0.2190892398 -0.0176704992 -0.2188573182 0.9755968451
-262.8 -210.9 2308.6 0 0 0 0 0 0 0 0 0
144.1 -221.1 2315.3 0 0 0 0 0 0 0 0 0
-169.7 -765.7 2446.5 0 0 0 0 0 0 0 0 0
69.5 -765.4 2457.3 0 0 0 0 0 0 0 0 0
-39.1 521.3 2408.5 4 0.9998225570 0.0171850193 -0.0077176108 -0.0171753764 0.9998516440 0.0013140214 0.0077390471 -0.0011812354 0.9999693632
-42.6 320.6 2408.7 0.9998225570 0.0171850193 -0.0077176108 -0.0171753764 0.9998516440 0.0013140214 0.0077390471 -0.0011812354 0.9999693632
-46.2 121.9 2408.2 0.9998060465 0.0180884581 -0.0077858181 -0.0181088187 0.9998327494 -0.0025526967 0.0077383416 0.0026931935 0.9999664426
-183.2 323.2 2407.6 0.2003585845 -0.9681825638 -0.1499298811 0.9779034853 0.1883094758 0.0907984003 -0.0596762113 -0.1648091972 0.9845185280
-241.0 41.2 2424.8 0.0853280649 -0.9702702761 -0.2264833599 0.9098057747 0.1685414612 -0.3792720139 0.4061681926 -0.1736933142 0.8971387744
98.1 318.1 2409.8 0.1702785343 0.5702357888 0.8036394715 -0.9830803275 0.1541844457 0.0988950878 -0.0675151870 -0.8068818450 0.5868418813
144.6 49.2 2391.4 -0.0023324382 0.5716791749 0.8204739094 -0.9631891251 0.2192722559 -0.1555198282 -0.2688146234 -0.7906342745 0.5501237512
-146.2 -76.0 2411.2 0.9994476438 0.0304602999 -0.0132899154 -0.0310997590 0.9982191324 -0.0509052053 0.0117156599 0.0512904003 0.9986150861
-158.3 -472.8 2390.8 0.9991438985 0.0409761742 -0.0056955568 -0.0391894914 0.9815737009 0.1870220751 0.0132540576 -0.1866387576 0.9823392034
37.1 -81.0 2408.9 0.9974978566 -0.0696662888 0.0120261479 0.0700782090 0.9968121648 -0.0381384641 -0.0093308454 0.0388858058 0.9992001057
64.8 -477.3 2393.5 0.9998054504 -0.0188850127 -0.0056919418 0.0196611900 0.9772529006 0.2111638784 0.0015746343 -0.2112347037 0.9774340987
-265.5 -219.6 2308.4 0 0 0 0 0 0 0 0 0
144.0 -223.2 2315.3 0 0 0 0 0 0 0 0 0
-170.6 -767.3 2446.8 0 0 0 0 0 0 0 0 0
70.4 -767.8 2456.3 0 0 0 0 0 0 0 0 0
-38.0 522.5 2411.6 5 0.9995169044 0.0115824491 -0.0288411342 -0.0117794313 0.9999083877 -0.0066693891 0.0287612434 0.0070058992 0.9995617867
-40.3 322.1 2410.2 0.9995169044 0.0115824491 -0.0288411342 -0.0117794313 0.9999083877 -0.0066693891 0.0287612434 0.0070058992 0.9995617867
-42.9 123.4 2408.5 0.9995014071 0.0128071690 -0.0288609378 -0.0130514968 0.9998804331 -0.0082932822 0.0287512746 0.0086658252 0.9995490313
-181.0 324.0 2406.2 0.1948438883 -0.9662954807 -0.1682524979 0.9786653519 0.1801296324 0.0988306180 -0.0651923195 -0.1839194298 0.9807770252
-238.6 34.2 2425.5 0.0991945267 -0.9654558897 -0.2409469038 0.9051263928 0.1881428510 -0.3812460005 0.4134086370 -0.1802698821 0.8925223351
100.3 320.3 2414.3 0.1755495071 0.5851256847 0.7917135358 -0.9813181758 0.1683108062 0.0931990594 -0.0787207782 -0.7932839394 0.6037413478
147.9 54.1 2392.9 -0.0096084429 0.5859956145 0.8102572560 -0.9647914171 0.2075553685 -0.1615495235 -0.2628405690 -0.7832815051 0.5633692741
-141.5 -75.2 2407.0 0.9982323050 0.0493823960 -0.0330703929 -0.0503527857 0.9983050227 -0.0291826464 0.0315732323 0.0307962466 0.9990268946
-161.1 -471.9 2394.8 0.9993502498 0.0281639621 -0.0224910118 -0.0238916501 0.9848613739 0.1716894954 0.0269859843 -0.1710405946 0.9848943353
41.9 -78.5 2408.4 0.9985463023 -0.0529544950 -0.0100525962 0.0526879206 0.9982942343 -0.0251515117 0.0113673341 0.0245852992 0.9996331334
63.0 -475.3 2398.7 0.9994893074 -0.0240500197 -0.0210410580 0.0275631361 0.9819973707 0.1868729144 0.0161679666 -0.1873574257 0.9821587205
-267.1 -225.9 2306.7 0 0 0 0 0 0 0 0 0
145.2 -218.8 2318.6 0 0 0 0 0 0 0 0 0
-169.5 -767.6 2446.1 0 0 0 0 0 0 0 0 0
70.1 -766.3 2454.2 0 0 0 0 0 0 0 0 0
-38.2 521.3 2412.2 6 0.9992642403 0.0079144379 -0.0375276767 -0.0082280925 0.9999324083 -0.0082108853 0.0374601558 0.0085136257 0.9992618561
-39.7 321.1 2410.5 0.9992642403 0.0079144379 -0.0375276767 -0.0082280925 0.9999324083 -0.0082108853 0.0374601558 0.0085136257 0.9992618561
-41.4 122.3 2408.8 0.9992609620 0.0083204042 -0.0375273451 -0.0086327903 0.9999293685 -0.0081698839 0.0374567173 0.0084878122 0.9992622137
-180.3 322.3 2405.2 0.1918878406 -0.9655420184 -0.1758057326 0.9788370132 0.1753075421 0.1055717543 -0.0711138919 -0.1923431009 0.9787476659
-235.4 41.3 2425.7 0.1006827280 -0.9642162919 -0.2452547699 0.9115034342 0.1881988496 -0.3657084405 0.3987787068 -0.1867300421 0.8978348374
100.9 319.9 2415.8 0.1803478003 0.5908241272 0.7863850594 -0.9803357720 0.1730797142 0.0947903693 -0.0801028684 -0.7880166769 0.6104205847
149.0 58.1 2394.4 -0.0132418890 0.5914682150 0.8062195778 -0.9657042623 0.2015298605 -0.1637100577 -0.2593066096 -0.7807375193 0.5685147643
-137.1 -74.2 2404.2 0.9973117709 0.0609093234 -0.0407347679 -0.0614425316 0.9980388880 -0.0119672744 0.0399259627 0.0144379502 0.9990983009
-161.3 -470.8 2398.5 0.9992600083 0.0246360451 -0.0295379367 -0.0195506327 0.9866725802 0.1615395397 0.0331239663 -0.1608425230 0.9864240885
46.3 -76.6 2409.5 0.9985889792 -0.0499392264 -0.0180601403 0.0492689386 0.9981427193 -0.0358279385 0.0198158175 0.0348875783 0.9991947412
66.1 -473.4 2395.6 0.9994620085 -0.0147209428 -0.0293075573 0.0202961378 0.9795601368 0.2001248598 0.0257624891 -0.2006120235 0.9793319702
-264.3 -220.0 2311.3 0 0 0 0 0 0 0 0 0
145.3 -215.0 2321.1 0 0 0 0 0 0 0 0 0
-168.8 -771.4 2447.5 0 0 0 0 0 0 0 0 0
70.6 -769.3 2456.2 0 0 0 0 0 0 0 0 0
-38.7 520.5 2412.5 7 0.9993494749 0.0039326334 -0.0358490981 -0.0042998521 0.9999390244 -0.0101721128 0.0358069092 0.0103196409 0.9993054271
-39.5 320.6 2410.4 0.9993494749 0.0039326334 -0.0358490981 -0.0042998521 0.9999390244 -0.0101721128 0.0358069092 0.0103196409 0.9993054271
-40.3 121.8 2408.3 0.9993482828 0.0041991239 -0.0358513519 -0.0045863879 0.9999319315 -0.0107265357 0.0358038731 0.0108839739 0.9992995858
-180.1 321.2 2405.4 0.1905133575 -0.9664549232 -0.1722486466 0.9783134460 0.1723848581 0.1148315594 -0.0812864602 -0.1903901249 0.9783374071
-234.3 43.3 2428.5 0.0941323340 -0.9654453397 -0.2430109978 0.9093180895 0.1827536821 -0.3738203645 0.4053142965 -0.1857857108 0.8950999975
101.1 320.0 2415.5 0.1814341694 0.5892339945 0.7873277068 -0.9799740314 0.1751334965 0.0947587192 -0.0820523947 -0.7887531519 0.6092091799
149.5 58.7 2393.6 -0.0158475656 0.5899268985 0.8073011637 -0.9648644328 0.2027612627 -0.1671062559 -0.2622698545 -0.7815843821 0.5659861565
-134.7 -75.6 2403.7 0.9970166683 0.0663829222 -0.0393837802 -0.0672097057 0.9975373149 -0.0200527851 0.0379556306 0.0226399340 0.9990229011
-161.1 -472.2 2394.7 0.9994065762 0.0230244100 -0.0256200377 -0.0181716476 0.9842755795 0.1757023782 0.0292626210 -0.1751325428 0.9841098785
48.6 -77.2 2410.6 0.9989351034 -0.0430096015 -0.0166998673 0.0425053500 0.9986618161 -0.0294590332 0.0179445408 0.0287178271 0.9994264841
65.7 -474.3 2399.2 0.9994947314 -0.0187870730 -0.0256376918 0.0232790057 0.9818891287 0.1880209148 0.0216410086 -0.1885227412 0.9818303585
-261.2 -217.0 2312.4 0 0 0 0 0 0 0 0 0
145.0 -214.2 2319.4 0 0 0 0 0 0 0 0 0
-168.1 -771.3 2448.0 0 0 0 0 0 0 0 0 0
71.3 -767.7 2455.5 0 0 0 0 0 0 0 0 0
-38.9 523.4 2413.1 8 0.9993304610 0.0022707335 -0.0365173891 -0.0026259923 0.9999496937 -0.0096834619 0.0364935622 0.0097728726 0.9992861152
-39.4 323.4 2411.2 0.9993304610 0.0022707335 -0.0365173891 -0.0026259923 0.9999496937 -0.0096834619 0.0364935622 0.0097728726 0.9992861152
-39.9 124.6 2409.0 0.9993297458 0.0025219684 -0.0365203917 -0.0029231682 0.9999359250 -0.0109364130 0.0364904702 0.0110358382 0.9992730618
-180.0 323.8 2406.0 0.1858761460 -0.9669510722 -0.1745154113 0.9797801971 0.1690186709 0.1070677117 -0.0740328804 -0.1908880621 0.9788160324
-233.2 43.5 2427.2 0.0948464498 -0.9655283093 -0.2424030006 0.9076276422 0.1838956922 -0.3773519099 0.4089208245 -0.1842211634 0.8937820196
101.2 323.0 2416.3 0.1791584492 0.5899642110 0.7873020172 -0.9804105163 0.1736312360 0.0929917619 -0.0818384141 -0.7885394096 0.6095145941
149.6 58.4 2394.2 -0.0202694591 0.5908162594 0.8065515161 -0.9641008973 0.2020810694 -0.1722575426 -0.2647613287 -0.7810885906 0.5655103922
-132.9 -76.5 2402.8 0.9968191385 0.0689888820 -0.0399020687 -0.0697595626 0.9973968267 -0.0182542130 0.0385388583 0.0209797006 0.9990368485
-160.3 -473.1 2394.5 0.9991933107 0.0306515619 -0.0259454828 -0.0257058591 0.9845559001 0.1731728911 0.0308527965 -0.1723662466 0.9845496416
50.5 -77.4 2409.4 0.9991702437 -0.0370113030 -0.0170000810 0.0363462679 0.9986206889 -0.0378904752 0.0183790084 0.0372411460 0.9991372824
65.2 -474.4 2394.6 0.9994737506 -0.0201738216 -0.0254015140 0.0249247383 0.9787857533 0.2033647746 0.0207599942 -0.2038908899 0.9787734747
-260.4 -216.2 2310.2 0 0 0 0 0 0 0 0 0
143.9 -214.2 2319.4 0 0 0 0 0 0 0 0 0
-169.4 -767.2 2446.0 0 0 0 0 0 0 0 0 0
71.3 -770.8 2456.3 0 0 0 0 0 0 0 0 0
-38.7 521.9 2413.5 9 0.9994458556 0.0034153436 -0.0331111923 -0.0037372385 0.9999462962 -0.0096646259 0.0330764055 0.0097830147 0.9994049668
-39.4 322.0 2411.5 0.9994458556 0.0034153436 -0.0331111923 -0.0037372385 0.9999462962 -0.0096646259 0.0330764055 0.0097830147 0.9994049668
-40.2 123.2 2409.4 0.9994438291 0.0039332910 -0.0331145078 -0.0042853439 0.9999349713 -0.0105671352 0.0330707915 0.0107031651 0.9993957281
-180.0 322.6 2406.8 0.1935565919 -0.9662393928 -0.1700506806 0.9779158235 0.1760809273 0.1125883162 -0.0788445920 -0.1880874634 0.9789824486
-234.3 48.5 2428.9 0.0814511627 -0.9667581916 -0.2423723191 0.9117935896 0.1704813242 -0.3735887408 0.4024899304 -0.1905642897 0.8953698277
101.3 321.4 2416.2 0.1805174649 0.5879046321 0.7885312438 -0.9805513620 0.1703485996 0.0974697173 -0.0770222917 -0.7907904387 0.6072216034
149.3 60.5 2395.7 -0.0198662318 0.5889383554 0.8079337478 -0.9637851715 0.2036650926 -0.1721588671 -0.2659388483 -0.7820947170 0.5635640025
-132.1 -73.9 2403.5 0.9966046810 0.0739757121 -0.0361483432 -0.0744841918 0.9971383810 -0.0129265226 0.0350886546 0.0155751137 0.9992628098
-161.5 -470.3 2397.3 0.9994158745 0.0257652644 -0.0224524029 -0.0217364095 0.9861938357 0.1641621143 0.0263721012 -0.1635781825 0.9861778021
51.3 -74.4 2410.2 0.9994159341 -0.0312951840 -0.0137280142 0.0308035258 0.9989239573 -0.0346717164 0.0147983003 0.0342285931 0.9993044734
63.7 -471.6 2396.5 0.9994892478 -0.0245043915 -0.0205129553 0.0280291028 0.9805220962 0.1943985522 0.0153497877 -0.1948742121 0.9807081223
-257.6 -212.3 2313.8 0 0 0 0 0 0 0 0 0
143.7 -212.1 2320.5 0 0 0 0 0 0 0 0 0
-169.2 -766.6 2446.4 0 0 0 0 0 0 0 0 0
71.1 -768.0 2455.4 0 0 0 0 0 0 0 0 0
-40.1 520.6 2413.6 0 0.9998528957 0.0003897106 -0.0171468500 -0.0005757801 0.9999409914 -0.0108479271 0.0171416104 0.0108562037 0.9997941256
-40.2 320.8 2411.4 0.9998528957 0.0003897106 -0.0171468500 -0.0005757801 0.9999409914 -0.0108479271 0.0171416104 0.0108562037 0.9997941256
-40.6 122.0 2409.3 0.9998513460 0.0018228873 -0.0171465147 -0.0020038905 0.9999423623 -0.0105450125 0.0171263050 0.0105778053 0.9997974038
-180.9 321.1 2409.0 0.1886086762 -0.9693849683 -0.1572245359 0.9796521068 0.1745343059 0.0990936384 -0.0686188042 -0.1727152765 0.9825786948
-233.6 47.2 2428.2 0.0951864570 -0.9692110419 -0.2270892411 0.9122889042 0.1762174815 -0.3696977198 0.3983322084 -0.1719807684 0.9009739757
100.5 320.5 2413.9 0.1840122938 0.5739914179 0.7979181409 -0.9793642163 0.1760924757 0.0991824642 -0.0835774988 -0.7997033000 0.5945498347
149.5 59.9 2391.6 -0.0183333643 0.5745453238 0.8182674050 -0.9670126438 0.1977760047 -0.1605341733 -0.2540678382 -0.7942180634 0.5519667268
-132.6 -75.2 2404.2 0.9974053502 0.0690868348 -0.0202371255 -0.0693724155 0.9974958301 -0.0137660811 0.0192353949 0.0151342610 0.9997004271
-160.1 -471.8 2398.2 0.9994684458 0.0316351987 -0.0078760143 -0.0299633071 0.9865908623 0.1604388654 0.0128459195 -0.1601175964 0.9870143533
50.8 -76.0 2410.3 0.9995229840 -0.0307800565 0.0025244656 0.0308588687 0.9986445308 -0.0419150032 -0.0012308974 0.0419729128 0.9991179705
63.0 -473.0 2393.6 0.9997522235 -0.0216242038 -0.0052771000 0.0222501941 0.9774643779 0.2099245936 0.0006187252 -0.2099899948 0.9777033329
-260.8 -213.7 2314.3 0 0 0 0 0 0 0 0 0
144.3 -213.5 2319.8 0 0 0 0 0 0 0 0 0
-169.7 -769.8 2446.6 0 0 0 0 0 0 0 0 0
69.6 -770.0 2457.4 0 0 0 0 0 0 0 0 0
-38.9 519.6 2413.2 1 0.9999496937 0.0088143358 -0.0047839782 -0.0088576255 0.9999192953 -0.0091044689 0.0047033424 0.0091463858 0.9999471307
-40.7 319.9 2411.4 0.9999496937 0.0088143358 -0.0047839782 -0.0088576255 0.9999192953 -0.0091044689 0.0047033424 0.0091463858 0.9999471307
-42.9 121.1 2409.6 0.9999251366 0.0112646930 -0.0047820420 -0.0113069881 0.9998963475 -0.0089115836 0.0046811597 0.0089649865 0.9999488592
-181.4 321.5 2410.7 0.1874292195 -0.9711859822 -0.1472006291 0.9805957675 0.1762284189 0.0858809203 -0.0574654154 -0.1604409069 0.9853712320
-235.3 39.7 2427.2 0.1023497358 -0.9707964063 -0.2169767618 0.9092873931 0.1797560900 -0.3753454685 0.4033869207 -0.1588777155 0.9011308551
100.0 318.3 2412.0 0.1880808771 0.5658887029 0.8027425408 -0.9795138836 0.1679584980 0.1110966653 -0.0719590783 -0.8071926236 0.5858855844
149.8 59.1 2393.0 -0.0211669393 0.5668219924 0.8235682845 -0.9668229222 0.1981439441 -0.1612216383 -0.2545690536 -0.7996572852 0.5438224077
-132.7 -76.6 2405.7 0.9979826212 0.0628009215 -0.0093148360 -0.0630690902 0.9974954724 -0.0320160761 0.0072808675 0.0325389653 0.9994439483
