-11.5 438.1 2701.0 3 0.9939067364 -0.0043883077 -0.1101370752 0.0043394081 0.9999903440 -0.0006836803 0.1101390123 0.0002015847 0.9939161539
-10.6 240.7 2701.0 0.9939067364 -0.0043883077 -0.1101370752 0.0043394081 0.9999903440 -0.0006836803 0.1101390123 0.0002015847 0.9939161539
-9.5 46.6 2700.2 0.9938991070 -0.0062329937 -0.1101169065 0.0057745888 0.9999732971 -0.0044813133 0.1101418957 0.0038180933 0.9939085245
-146.4 239.9 2685.9 0.2303314507 -0.6392800212 -0.7336678505 0.9721874595 0.1183094531 0.2021248043 -0.0424145125 -0.7598183751 0.6487504244
-207.2 -16.8 2697.1 -0.0433869287 -0.6446737051 -0.7632256150 0.9564301372 0.1939716041 -0.2182119638 0.2887196243 -0.7394395471 0.6081694961
125.1 241.5 2716.0 0.1864674538 0.6823190451 0.7068738341 -0.9823754430 0.1389927268 0.1249779835 -0.0129754627 -0.7177198529 0.6962110996
170.3 3.3 2712.9 -0.0130299712 0.6852667928 0.7281755209 -0.9531127810 0.2116782963 -0.2162598670 -0.3023346663 -0.6968512535 0.6503784060
-98.0 -146.1 2685.9 0.9951833487 -0.0096208444 -0.0975578427 0.0117201712 0.9997114539 0.0209685974 0.0973279551 -0.0220109932 0.9950089455
-94.3 -534.2 2694.5 0.9950964451 -0.0138828615 -0.0979299620 0.0211704001 0.9970502853 0.0737739503 0.0966169015 -0.0754854158 0.9924551249
79.9 -145.8 2706.1 0.9876080155 0.0824271888 -0.1335523129 -0.0803022906 0.9965444803 0.0212289374 0.1348406672 -0.0102413110 0.9908143878
47.9 -532.6 2710.0 0.9875969887 -0.0798437893 -0.1351932138 0.0807271004 0.9967356920 0.0010554233 0.1346676350 -0.0119560892 0.9908186793
-196.2 -259.6 2623.9 0 0 0 0 0 0 0 0 0
167.0 -240.0 2635.7 0 0 0 0 0 0 0 0 0
-90.3 -816.6 2715.8 0 0 0 0 0 0 0 0 0
71.2 -823.1 2713.5 0 0 0 0 0 0 0 0 0
-13.1 437.0 2699.0 4 0.9957858324 -0.0061052949 -0.0915059000 0.0064951088 0.9999710321 0.0039627939 0.0914790556 -0.0045404346 0.9957966208
-11.9 239.2 2699.9 0.9957858324 -0.0061052949 -0.0915059000 0.0064951088 0.9999710321 0.0039627939 0.0914790556 -0.0045404346 0.9957966208
-10.6 45.1 2699.7 0.9957839847 -0.0068986425 -0.0914697349 0.0067808470 0.9999757409 -0.0015985206 0.0914785415 0.0009715389 0.9958065748
-147.9 238.2 2687.4 0.2234206945 -0.6515847445 -0.7249279618 0.9741516709 0.1238244921 0.1889339387 -0.0333426371 -0.7484015226 0.6624072790
-206.9 -18.8 2696.2 -0.0397125371 -0.6565368772 -0.7532477975 0.9547892213 0.1973385066 -0.2223399729 0.2946191728 -0.7280225754 0.6190174818
124.1 240.1 2712.4 0.1898598671 0.6703152061 0.7173777223 -0.9818102717 0.1286274940 0.1396550387 0.0013383947 -0.7308437228 0.6825435758
170.1 2.3 2712.7 -0.0155878402 0.6740421653 0.7385283709 -0.9544742107 0.2100196183 -0.2118270397 -0.2978858054 -0.7082082033 0.6400821805
-97.3 -148.0 2689.6 0.9968727231 -0.0054442747 -0.0788361505 0.0066173584 0.9998711348 0.0146264248 0.0787463635 -0.0151023716 0.9967802763
-95.2 -536.1 2695.5 0.9966824055 -0.0195353106 -0.0790102035 0.0246978849 0.9975860715 0.0649003908 0.0775516257 -0.0666364655 0.9947589040
80.7 -146.9 2709.4 0.9899446368 0.0803520828 -0.1164181978 -0.0801589563 0.9967618585 0.0063475436 0.1165512577 0.0030482442 0.9931799769
49.5 -533.8 2708.2 0.9905844927 -0.0730705336 -0.1157717854 0.0752220899 0.9970639944 0.0143198417 0.1143855155 -0.0228936076 0.9931725860
-196.8 -261.2 2621.4 0 0 0 0 0 0 0 0 0
166.1 -241.4 2636.7 0 0 0 0 0 0 0 0 0
-89.7 -818.2 2714.3 0 0 0 0 0 0 0 0 0
70.9 -824.6 2714.9 0 0 0 0 0 0 0 0 0
-12.4 437.7 2708.0 5 0.9970632792 -0.0040289611 -0.0764757916 0.0027401915 0.9998525977 -0.0169494562 0.0765328109 0.0166901220 0.9969273806
-11.6 240.0 2704.7 0.9970632792 -0.0040289611 -0.0764757916 0.0027401915 0.9998525977 -0.0169494562 0.0765328109 0.0166901220 0.9969273806
-10.2 46.0 2701.3 0.9970450997 -0.0073044952 -0.0764701590 0.0059486097 0.9998213053 -0.0179437045 0.0765875652 0.0174357928 0.9969103932
-147.8 239.2 2694.2 0.2209888995 -0.6609199643 -0.7171810865 0.9752464890 0.1439999491 0.1678044945 -0.0076312921 -0.7365112305 0.6763822436
-206.8 -21.0 2696.3 -0.0380220637 -0.6641519070 -0.7466301322 0.9538888335 0.1985021979 -0.2251508832 0.2977421284 -0.7207628489 0.6259796619
124.5 240.9 2715.1 0.1861044317 0.6599063873 0.7279345393 -0.9823953509 0.1372426450 0.1267433167 -0.0162649322 -0.7387069464 0.6738304496
170.0 0.8 2711.2 -0.0178089757 0.6629908085 0.7484156489 -0.9560484290 0.2078145444 -0.2068441063 -0.2926673889 -0.7192053199 0.6301503778
-98.4 -149.6 2691.3 0.9979254603 -0.0083052702 -0.0638416559 0.0083136056 0.9999654293 -0.0001350893 0.0638405681 -0.0003959453 0.9979600310
-95.2 -537.8 2691.5 0.9977529049 -0.0186855718 -0.0643428937 0.0247828513 0.9951392412 0.0953083560 0.0622492507 -0.0966887921 0.9933661222
79.9 -148.4 2707.7 0.9922327399 0.0746848136 -0.0994802490 -0.0734993815 0.9971742630 0.0155335646 0.1003592610 -0.0081011755 0.9949182868
50.9 -535.5 2710.8 0.9928489327 -0.0661725476 -0.0993591622 0.0682002902 0.9975242615 0.0171484910 0.0979784131 -0.0238021854 0.9949038625
-197.1 -263.2 2620.7 0 0 0 0 0 0 0 0 0
165.5 -243.3 2636.4 0 0 0 0 0 0 0 0 0
-89.9 -821.2 2719.0 0 0 0 0 0 0 0 0 0
70.2 -825.3 2717.8 0 0 0 0 0 0 0 0 0
-11.6 434.4 2714.0 6 0.9973053336 0.0021016942 -0.0733328611 -0.0045721377 0.9994270205 -0.0335364938 0.0732203573 0.0337814130 0.9967435002
-12.0 237.4 2707.3 0.9973053336 0.0021016942 -0.0733328611 -0.0045721377 0.9994270205 -0.0335364938 0.0732203573 0.0337814130 0.9967435002
-11.8 43.4 2701.4 0.9973066449 -0.0013812432 -0.0733318254 -0.0008709695 0.9995291233 -0.0306717642 0.0733396634 0.0306530241 0.9968358278
-148.3 237.5 2697.3 0.2212133706 -0.6633086205 -0.7149030566 0.9752149582 0.1538543552 0.1590113044 0.0045173792 -0.7323595881 0.6809031367
-206.7 -20.1 2696.1 -0.0367932171 -0.6659724116 -0.7450684309 0.9527323246 0.2016217113 -0.2272658199 0.3015747368 -0.7182126641 0.6270751357
124.2 237.2 2717.3 0.1904466599 0.6574268341 0.7290542126 -0.9813323617 0.1477461457 0.1231173128 -0.0267743208 -0.7388917804 0.6732919812
170.0 1.5 2710.9 -0.0126958899 0.6596782207 0.7514409423 -0.9565510750 0.2109086365 -0.2013147026 -0.2912883162 -0.7213474512 0.6283382177
-98.2 -148.6 2691.1 0.9980975986 -0.0107731884 -0.0607048422 0.0110099455 0.9999330044 0.0035669985 0.0606623478 -0.0042285696 0.9981493950
-94.0 -536.8 2692.7 0.9979572892 -0.0177015327 -0.0613836385 0.0229283627 0.9960725904 0.0855197534 0.0596287288 -0.0867524892 0.9944437742
80.4 -147.5 2704.8 0.9928932190 0.0726445317 -0.0942645594 -0.0703420043 0.9971430302 0.0275277440 0.0959949866 -0.0207013525 0.9951665401
52.2 -534.6 2712.8 0.9933041930 -0.0644145384 -0.0959036201 0.0651623458 0.9978637099 0.0046828785 0.0953970924 -0.0109008271 0.9953796268
-197.3 -261.9 2619.6 0 0 0 0 0 0 0 0 0
166.7 -242.8 2636.5 0 0 0 0 0 0 0 0 0
-89.0 -815.9 2717.0 0 0 0 0 0 0 0 0 0
71.1 -826.7 2716.0 0 0 0 0 0 0 0 0 0
-12.3 439.7 2714.5 7 0.9966784120 0.0010786552 -0.0814309865 -0.0039727408 0.9993658066 -0.0353867002 0.0813411698 0.0355926640 0.9960505962
-12.5 242.8 2707.5 0.9966784120 0.0010786552 -0.0814309865 -0.0039727408 0.9993658066 -0.0353867002 0.0813411698 0.0355926640 0.9960505962
-11.9 48.8 2701.4 0.9966731071 -0.0033086597 -0.0814355612 0.0007618665 0.9995102286 -0.0312849507 0.0814991891 0.0311188251 0.9961875081
-148.7 242.7 2696.3 0.2140493393 -0.6589900851 -0.7210512757 0.9768184423 0.1466207504 0.1559746563 0.0029353432 -0.7377224565 0.6750977039
-206.7 -21.9 2695.5 -0.0365236104 -0.6620684862 -0.7485527992 0.9538648129 0.2002752870 -0.2236776650 0.2980065644 -0.7221876979 0.6242091060
123.7 242.9 2718.6 0.1863531321 0.6636977792 0.7244154215 -0.9820915461 0.1466438174 0.1182866320 -0.0277244672 -0.7334854007 0.6791395545
170.1 -1.6 2711.7 -0.0113620525 0.6664129496 0.7454962730 -0.9530010819 0.2185139954 -0.2098583281 -0.3027536571 -0.7128431797 0.6326094866
-100.9 -150.6 2688.9 0.9973348975 -0.0241654087 -0.0688411146 0.0242919698 0.9997044206 0.0010017816 0.0687965527 -0.0026713980 0.9976271391
-91.5 -538.6 2689.9 0.9974404573 -0.0103922402 -0.0707429722 0.0168510377 0.9956786036 0.0913246274 0.0694881901 -0.0922829732 0.9933052063
77.8 -150.7 2702.0 0.9921318889 0.0726416260 -0.1019678935 -0.0695469156 0.9970130324 0.0335884131 0.1041032374 -0.0262325853 0.9942204952
49.6 -537.7 2712.2 0.9915510416 -0.0771448016 -0.1042842194 0.0776757151 0.9969781637 0.0010332912 0.1038893759 -0.0091249123 0.9945470095
-197.4 -264.1 2619.9 0 0 0 0 0 0 0 0 0
167.2 -245.0 2634.4 0 0 0 0 0 0 0 0 0
-88.6 -816.8 2715.7 0 0 0 0 0 0 0 0 0
72.0 -826.8 2714.8 0 0 0 0 0 0 0 0 0
-9.1 434.3 2706.2 8 0.9952687025 0.0054639424 -0.0970066935 -0.0072043720 0.9998191595 -0.0176001452 0.0968929827 0.0182157476 0.9951280951
-10.2 237.7 2702.6 0.9952687025 0.0054639424 -0.0970066935 -0.0072043720 0.9998191595 -0.0176001452 0.0968929827 0.0182157476 0.9951280951
-10.4 43.6 2699.3 0.9952833652 0.0010796523 -0.0970045328 -0.0027356001 0.9998527765 -0.0169394538 0.0969719589 0.0171249229 0.9951397777
-146.1 238.0 2689.4 0.2313023508 -0.6486892104 -0.7250527740 0.9724123478 0.1309993118 0.1930113584 -0.0302229673 -0.7496942878 0.6610938311
-206.8 -17.0 2697.3 -0.0359393135 -0.6532224417 -0.7563126087 0.9539522529 0.2030951977 -0.2207430154 0.2977977693 -0.7294194698 0.6158438921
125.8 237.3 2715.9 0.1862337738 0.6743357778 0.7145545483 -0.9823567867 0.1404534131 0.1234828532 -0.0170927159 -0.7249441743 0.6885954738
169.9 4.6 2711.8 -0.0062233540 0.6763058305 0.7365946770 -0.9585626721 0.2057657093 -0.1970229000 -0.2848136723 -0.7072983384 0.6470009685
-100.5 -145.3 2688.1 0.9961001873 -0.0271405987 -0.0839510411 0.0273435935 0.9996252656 0.0012689554 0.0838851407 -0.0035595298 0.9964690804
-90.0 -533.3 2689.5 0.9962881207 -0.0034153829 -0.0860136896 0.0111177731 0.9959490299 0.0892294943 0.0853604972 -0.0898545608 0.9922901392
78.1 -145.1 2702.7 0.9899851680 0.0760198981 -0.1189551726 -0.0735400915 0.9969761968 0.0251055155 0.1205039918 -0.0161061157 0.9925822020
48.5 -532.1 2708.9 0.9902791381 -0.0710641742 -0.1195703670 0.0736075267 0.9971426129 0.0169848409 0.1180216968 -0.0256210137 0.9926804304
-197.7 -259.1 2621.7 0 0 0 0 0 0 0 0 0
168.3 -240.2 2639.1 0 0 0 0 0 0 0 0 0
-89.0 -817.3 2715.1 0 0 0 0 0 0 0 0 0
69.6 -827.8 2716.5 0 0 0 0 0 0 0 0 0
-10.9 439.2 2710.6 9 0.9961658716 -0.0032419981 -0.0874244943 0.0010626349 0.9996877909 -0.0249635465 0.0874781311 0.0247749332 0.9958583117
-10.3 242.4 2705.7 0.9961658716 -0.0032419981 -0.0874244943 0.0010626349 0.9996877909 -0.0249635465 0.0874781311 0.0247749332 0.9958583117
-9.0 48.4 2701.0 0.9961482286 -0.0067333751 -0.0874265805 0.0046031442 0.9996881485 -0.0245447252 0.0875645876 0.0240477473 0.9958685637
-146.4 241.8 2693.8 0.2298235148 -0.6534017324 -0.7212817669 0.9731638432 0.1454939544 0.1782797575 -0.0115461713 -0.7428981662 0.6693048477
-208.7 -22.2 2696.9 -0.0442224145 -0.6574915051 -0.7521630526 0.9498121738 0.2057149410 -0.2356654108 0.3096791804 -0.7248353362 0.6153962612
125.8 243.1 2717.7 0.1772133708 0.6684028506 0.7223801017 -0.9838306308 0.1396572441 0.1121302098 -0.0259374660 -0.7305706739 0.6823443174
169.9 -1.7 2711.2 -0.0066357940 0.6705110669 0.7418698072 -0.9584792852 0.2072404027 -0.1958797276 -0.2850849330 -0.7123667002 0.6412957907
-99.8 -150.2 2687.3 0.9969223738 -0.0226569511 -0.0750497282 0.0236625802 0.9996413589 0.0125374179 0.0747387558 -0.0142747033 0.9971009493
-91.0 -538.3 2692.8 0.9970457554 -0.0040112543 -0.0767051876 0.0115074357 0.9951654077 0.0975368023 0.0759430975 -0.0981313363 0.9922716022
78.5 -150.7 2704.7 0.9907792807 0.0794693977 -0.1097313687 -0.0780262798 0.9967996478 0.0173901208 0.1107621714 -0.0086678425 0.9938091636
47.7 -537.6 2708.0 0.9908700585 -0.0785906613 -0.1095448583 0.0812180564 0.9965011477 0.0197257660 0.1076113135 -0.0284426920 0.9937860966
-197.5 -263.3 2618.3 0 0 0 0 0 0 0 0 0
168.2 -246.4 2638.4 0 0 0 0 0 0 0 0 0
-89.9 -823.5 2721.0 0 0 0 0 0 0 0 0 0
70.8 -830.9 2716.4 0 0 0 0 0 0 0 0 0
-9.6 437.3 2713.3 0 0.9967874289 0.0089548118 -0.0795902386 -0.0119299041 0.9992446899 -0.0369835608 0.0791989416 0.0378142521 0.9961413741
-11.3 240.9 2705.8 0.9967874289 0.0089548118 -0.0795902386 -0.0119299041 0.9992446899 -0.0369835608 0.0791989416 0.0378142521 0.9961413741
-12.1 47.0 2698.8 0.9968208671 0.0038272555 -0.0795831606 -0.0067012194 0.9993337393 -0.0358770601 0.0793928280 0.0362963080 0.9961823821
-147.5 241.8 2695.0 0.2304531783 -0.6603375077 -0.7147347331 0.9730584025 0.1511174142 0.1741288155 -0.0069749234 -0.7356072068 0.6773724556
-209.4 -19.4 2696.9 -0.0570099913 -0.6641629338 -0.7454109192 0.9470882416 0.2002431005 -0.2508516312 0.3158697486 -0.7202709913 0.6176050901
124.8 240.0 2716.7 0.1891551763 0.6648077965 0.7226693034 -0.9818825722 0.1365002543 0.1314318180 -0.0112676341 -0.7344373465 0.6785829067
170.2 4.5 2714.0 -0.0307594892 0.6693598628 0.7423013449 -0.9494655132 0.2125179768 -0.2309790701 -0.3123604953 -0.7118943334 0.6289971471
-96.9 -146.1 2688.5 0.9977358580 -0.0073223677 -0.0668546110 0.0076927952 0.9999564290 0.0052850354 0.0668129995 -0.0057873679 0.9977487326
-94.1 -534.2 2690.8 0.9976807833 -0.0104944399 -0.0672530904 0.0177290253 0.9940040112 0.1078967899 0.0657175258 -0.1088388860 0.9918847084
81.5 -145.2 2704.2 0.9916307926 0.0831414312 -0.0987717882 -0.0797941014 0.9961103797 0.0373766087 0.1014951468 -0.0291823894 0.9944079518
49.3 -531.9 2715.5 0.9918215871 -0.0757047161 -0.1027554646 0.0748826712 0.9971220493 -0.0118396878 0.1033560634 0.0040482539 0.9946361780
-194.9 -259.8 2616.7 0 0 0 0 0 0 0 0 0
162.3 -237.8 2634.3 0 0 0 0 0 0 0 0 0
-91.1 -820.0 2722.1 0 0 0 0 0 0 0 0 0
71.6 -826.6 2714.3 0 0 0 0 0 0 0 0 0
-10.5 439.8 2715.6 1 0.9967776537 0.0101601370 -0.0795683488 -0.0134243974 0.9990853667 -0.0405977368 0.0790830925 0.0415350720 0.9960023761
-12.5 243.4 2707.5 0.9967776537 0.0101601370 -0.0795683488 -0.0134243974 0.9990853667 -0.0405977368 0.0790830925 0.0415350720 0.9960023761
-13.8 49.4 2700.4 0.9968109727 0.0065479125 -0.0795296207 -0.0094338274 0.9993084669 -0.0359659493 0.0792391226 0.0366015248 0.9961834550
-148.7 244.6 2696.6 0.2196913064 -0.6605206132 -0.7179472446 0.9755646586 0.1510503292 0.1595537961 0.0030575846 -0.7354565263 0.6775650382
-208.0 -18.7 2695.8 -0.0454445817 -0.6631960273 -0.7470648289 0.9537533522 0.1936343163 -0.2299136966 0.2971352339 -0.7229639292 0.6237257719
123.7 242.1 2718.3 0.1883407533 0.6614989042 0.7259111404 -0.9814565182 0.1536032557 0.1146695241 -0.0356485546 -0.7340471745 0.6781621575
169.9 1.6 2709.5 -0.0298352800 0.6638890505 0.7472357154 -0.9546508789 0.2026240826 -0.2181402594 -0.2962288857 -0.7198575139 0.6277369261
-102.2 -146.4 2684.7 0.9975729585 -0.0194205102 -0.0668661296 0.0207934920 0.9995857477 0.0198988523 0.0664519817 -0.0212409385 0.9975634813
-94.6 -534.4 2692.9 0.9975975156 -0.0128051480 -0.0680826381 0.0190079845 0.9956460595 0.0912556201 0.0666176677 -0.0923304930 0.9934974313
76.4 -147.6 2698.9 0.9928416014 0.0682712570 -0.0980031788 -0.0642100498 0.9969652295 0.0440155454 0.1007107571 -0.0374076739 0.9942122698
49.9 -534.5 2713.4 0.9918368459 -0.0774682760 -0.1012835056 0.0772868767 0.9969924688 -0.0057197660 0.1014219970 -0.0021548113 0.9948411584
-196.4 -260.7 2620.4 0 0 0 0 0 0 0 0 0
162.2 -242.1 2633.9 0 0 0 0 0 0 0 0 0
-91.1 -812.5 2718.7 0 0 0 0 0 0 0 0 0
72.6 -826.0 2714.0 0 0 0 0 0 0 0 0 0
-10.1 440.2 2714.8 2 0.9969504476 0.0104906270 -0.0773288757 -0.0135835875 0.9991240501 -0.0395806246 0.0768459141 0.0405103229 0.9962196350
-12.1 243.7 2706.8 0.9969504476 0.0104906270 -0.0773288757 -0.0135835875 0.9991240501 -0.0395806246 0.0768459141 0.0405103229 0.9962196350
-13.4 49.7 2699.9 0.9969876409 0.0064583784 -0.0772913918 -0.0091994228 0.9993393421 -0.0351604484 0.0770132467 0.0357655659 0.9963883758
-148.3 244.9 2696.3 0.2208561450 -0.6620680690 -0.7161622643 0.9753055573 0.1508851647 0.1612846404 0.0012768533 -0.7340977788 0.6790425777
-207.3 -15.3 2696.0 -0.0355028883 -0.6647603512 -0.7462126017 0.9539405704 0.2000255734 -0.2235779911 0.2978873849 -0.7197801471 0.6270403862
124.1 242.4 2717.3 0.1886652559 0.6606625319 0.7265881896 -0.9816115499 0.1487586647 0.1196230799 -0.0290558003 -0.7357960939 0.6765795350
169.9 3.9 2710.3 -0.0241371132 0.6625867486 0.7485961914 -0.9594264030 0.1950682849 -0.2035910040 -0.2809240818 -0.7231370211 0.6309948564
-104.3 -143.7 2686.2 0.9974459410 -0.0309064873 -0.0643920898 0.0316862687 0.9994359612 0.0111237960 0.0640119761 -0.0131357303 0.9978626966
-92.3 -531.7 2691.3 0.9977619648 0.0014036610 -0.0668509752 0.0052058669 0.9951142669 0.0985927135 0.0666627511 -0.0987200737 0.9928798676
74.3 -145.4 2700.4 0.9932457209 0.0638846904 -0.0968592241 -0.0613882169 0.9977058172 0.0285418686 0.0984603986 -0.0224030744 0.9948887825
49.5 -532.7 2709.0 0.9922923446 -0.0753229335 -0.0983990431 0.0760869011 0.9970930219 0.0040292381 0.0978095084 -0.0114850597 0.9951388836
-198.3 -257.4 2620.4 0 0 0 0 0 0 0 0 0
163.8 -241.0 2638.6 0 0 0 0 0 0 0 0 0
-92.7 -812.8 2719.1 0 0 0 0 0 0 0 0 0
71.2 -820.8 2712.4 0 0 0 0 0 0 0 0 0
-12.1 446.1 2724.9 3 0.9982953668 0.0043026744 -0.0582048371 -0.0078323819 0.9981343746 -0.0605513938 0.0578357168 0.0609040596 0.9964666367
-13.0 248.9 2712.9 0.9982953668 0.0043026744 -0.0582048371 -0.0078323819 0.9981343746 -0.0605513938 0.0578357168 0.0609040596 0.9964666367
-13.1 55.1 2702.6 0.9983056784 0.0003161326 -0.0581862293 -0.0033766008 0.9986148477 -0.0525070094 0.0580890328 0.0526145175 0.9969239831
-149.4 249.4 2704.9 0.2138434350 -0.6748830080 -0.7062605023 0.9765011668 0.1674910784 0.1356177926 0.0267661903 -0.7186651826 0.6948409081
-207.1 -14.3 2697.7 -0.0314068682 -0.6766465306 -0.7356379032 0.9514858723 0.2051499337 -0.2293209434 0.3060852885 -0.7071513534 0.6373764873
123.4 248.5 2720.8 0.1866105646 0.6481145024 0.7383252382 -0.9816567302 0.1528983265 0.1138954684 -0.0390713811 -0.7460359931 0.6647583842
170.0 3.3 2711.0 -0.0166727956 0.6501611471 0.7596133947 -0.9574580193 0.2085165977 -0.1994868517 -0.2880905867 -0.7306239605 0.6190254092
-104.0 -143.5 2686.0 0.9983119369 -0.0349658579 -0.0463757291 0.0357282050 0.9992380142 0.0157124214 0.0457909927 -0.0173428189 0.9988005161
-90.4 -531.3 2692.8 0.9988121390 0.0030402106 -0.0486323461 0.0010174514 0.9965328574 0.0831938609 0.0487166569 -0.0831445158 0.9953460097
74.7 -145.1 2699.8 0.9947501421 0.0674762800 -0.0769354999 -0.0652090758 0.9973707795 0.0316126160 0.0788663179 -0.0264297612 0.9965347648
48.5 -532.3 2710.1 0.9938150048 -0.0781106129 -0.0789334550 0.0784773529 0.9969146848 0.0015501344 0.0785688385 -0.0077350358 0.9968786836
-199.1 -255.8 2620.0 0 0 0 0 0 0 0 0 0
165.7 -241.1 2637.5 0 0 0 0 0 0 0 0 0
-91.3 -814.9 2716.4 0 0 0 0 0 0 0 0 0
71.0 -819.6 2712.3 0 0 0 0 0 0 0 0 0
-14.1 443.9 2719.9 4 0.9981892705 -0.0051352442 -0.0599318855 0.0025470736 0.9990639687 -0.0431819595 0.0600975379 0.0429511145 0.9972680211
-13.0 246.5 2711.4 0.9981892705 -0.0051352442 -0.0599318855 0.0025470736 0.9990639687 -0.0431819595 0.0600975379 0.0429511145 0.9972680211
-11.8 52.6 2704.0 0.9981795549 -0.0065234811 -0.0599586181 0.0042118174 0.9992458820 -0.0386001542 0.0601652078 0.0382773466 0.9974542856
-149.4 245.9 2703.2 0.2217958122 -0.6709896326 -0.7075164914 0.9748615026 0.1684019119 0.1458966434 0.0212519914 -0.7220898271 0.6914727688
-207.3 -8.6 2697.7 -0.0295320489 -0.6721216440 -0.7398515344 0.9564321041 0.1960819513 -0.2163086981 0.2904573083 -0.7140058279 0.6370480657
123.3 247.1 2719.7 0.1932932138 0.6477099657 0.7369596362 -0.9806463122 0.1513902247 0.1241524145 -0.0311537292 -0.7466945648 0.6644370556
170.0 10.4 2712.1 -0.0075904229 0.6498287916 0.7600427270 -0.9557905793 0.2187129855 -0.1965427101 -0.2939503193 -0.7279334664 0.6194401383
-102.6 -138.4 2687.2 0.9984108210 -0.0292620678 -0.0481614582 0.0301123615 0.9994015098 0.0170250908 0.0476344451 -0.0184482895 0.9986944795
-91.3 -526.4 2694.4 0.9987581372 0.0000648703 -0.0498218536 0.0037580626 0.9970521927 0.0766345337 0.0496799573 -0.0767265931 0.9958137274
76.2 -139.0 2697.6 0.9942745566 0.0710264146 -0.0798332617 -0.0682567731 0.9969849586 0.0369055457 0.0822138265 -0.0312450826 0.9961248040
48.7 -526.0 2709.7 0.9942148328 -0.0701085404 -0.0813732371 0.0715562925 0.9973236322 0.0150102451 0.0801031068 -0.0207461752 0.9965706468
-199.8 -251.4 2624.0 0 0 0 0 0 0 0 0 0
168.0 -233.7 2637.1 0 0 0 0 0 0 0 0 0
-91.3 -817.3 2716.7 0 0 0 0 0 0 0 0 0
69.7 -824.9 2716.0 0 0 0 0 0 0 0 0 0
-14.7 443.2 2717.4 5 0.9983296394 -0.0090408670 -0.0570631027 0.0067394329 0.9991610050 -0.0403957367 0.0573804379 0.0399436876 0.9975529909
-13.0 246.1 2709.6 0.9983296394 -0.0090408670 -0.0570631027 0.0067394329 0.9991610050 -0.0403957367 0.0573804379 0.0399436876 0.9975529909
-10.6 52.1 2702.8 0.9982950091 -0.0120481718 -0.0571128018 0.0100188600 0.9993128181 -0.0356857702 0.0575035065 0.0350527242 0.9977297783
-149.3 244.7 2701.7 0.2170799375 -0.6730274558 -0.7070434093 0.9759083986 0.1658731699 0.1417352110 0.0218878482 -0.7207774520 0.6928208470
-206.7 -13.3 2695.9 -0.0271126311 -0.6745344996 -0.7377452850 0.9543699622 0.2020952702 -0.2198532671 0.2973934412 -0.7100427747 0.6382761598
123.4 247.5 2717.4 0.1912398040 0.6466253996 0.7384462953 -0.9812667370 0.1438095421 0.1281966716 -0.0233003981 -0.7491291165 0.6620141268
169.9 9.1 2711.8 0.0012215727 0.6486700177 0.7610688210 -0.9567091465 0.2222622186 -0.1879017353 -0.2910430431 -0.7278919816 0.6208600998
-100.0 -141.7 2691.2 0.9987067580 -0.0227512419 -0.0454667322 0.0234320983 0.9996203184 0.0144983009 0.0451196134 -0.0155449314 0.9988606572
-91.1 -529.8 2697.2 0.9989158511 -0.0026248782 -0.0464786142 0.0054664705 0.9981156588 0.0611165352 0.0462306105 -0.0613043495 0.9970479012
78.9 -141.0 2702.0 0.9936454892 0.0806944072 -0.0784665346 -0.0789287910 0.9965577722 0.0253535360 0.0802423283 -0.0189991575 0.9965943098
47.5 -527.8 2709.3 0.9941430092 -0.0731581599 -0.0795463175 0.0743347630 0.9971619844 0.0119282091 0.0784479231 -0.0177714024 0.9967597723
-199.9 -255.5 2620.4 0 0 0 0 0 0 0 0 0
170.2 -235.1 2637.4 0 0 0 0 0 0 0 0 0
-90.4 -816.1 2714.8 0 0 0 0 0 0 0 0 0
69.5 -827.0 2714.7 0 0 0 0 0 0 0 0 0
-14.5 442.8 2716.2 6 0.9981885552 -0.0097691678 -0.0593648478 0.0075841374 0.9992893934 -0.0369212925 0.0596833527 0.0364041813 0.9975533485
-12.6 245.9 2709.0 0.9981885552 -0.0097691678 -0.0593648478 0.0075841374 0.9992893934 -0.0369212925 0.0596833527 0.0364041813 0.9975533485
-10.4 51.9 2702.9 0.9981645942 -0.0117241433 -0.0594134852 0.0098105259 0.9994269013 -0.0323984399 0.0597592779 0.0317560993 0.9977075458
-149.0 244.5 2700.9 0.2171274722 -0.6720061302 -0.7079995871 0.9760272503 0.1606397331 0.1468524188 0.0150471395 -0.7229126096 0.6907756329
-206.7 -15.0 2696.9 -0.0316864662 -0.6741048098 -0.7379556894 0.9524258971 0.2035486996 -0.2268322706 0.3031186461 -0.7100356221 0.6355851293
123.7 247.2 2717.2 0.1921664625 0.6489222050 0.7361875176 -0.9812497497 0.1384179294 0.1341245621 -0.0148651488 -0.7481580377 0.6633540392
170.3 9.5 2713.6 0.0048705516 0.6515026093 0.7586307526 -0.9534881711 0.2316756845 -0.1928386092 -0.3013911545 -0.7224062085 0.6223284006
-97.7 -142.7 2690.8 0.9988123775 -0.0104582179 -0.0475868583 0.0108435387 0.9999104142 0.0078462726 0.0475005358 -0.0083529642 0.9988362789
-93.7 -530.9 2694.0 0.9987421632 -0.0140159177 -0.0481417775 0.0173507761 0.9974263310 0.0695675686 0.0470428243 -0.0703153610 0.9964149594
81.1 -140.9 2701.1 0.9931949377 0.0844830498 -0.0801648349 -0.0818520635 0.9960098267 0.0355628766 0.0828494206 -0.0287592113 0.9961470366
48.3 -527.6 2712.3 0.9935534596 -0.0775023103 -0.0827340558 0.0781657994 0.9969288111 0.0048059840 0.0821074843 -0.0112419762 0.9965600967
-198.7 -256.8 2619.9 0 0 0 0 0 0 0 0 0
171.6 -234.0 2636.6 0 0 0 0 0 0 0 0 0
-89.6 -822.2 2714.6 0 0 0 0 0 0 0 0 0
71.2 -821.1 2715.6 0 0 0 0 0 0 0 0 0
-14.7 443.6 2715.6 7 0.9972285032 -0.0065956181 -0.0741069764 0.0039665606 0.9993593693 -0.0355678461 0.0742940977 0.0351753198 0.9966158271
-13.4 246.7 2708.7 0.9972285032 -0.0065956181 -0.0741069764 0.0039665606 0.9993593693 -0.0355678461 0.0742940977 0.0351753198 0.9966158271
-11.7 52.7 2702.7 0.9972085357 -0.0088599790 -0.0741396174 0.0065496541 0.9994871020 -0.0313471295 0.0743793249 0.0307740346 0.9967550635
-149.6 245.8 2698.5 0.2134129256 -0.6630129218 -0.7175436020 0.9769117832 0.1522780955 0.1498491019 0.0099142855 -0.7329565287 0.6802031994
-206.6 -15.3 2695.8 -0.0331043079 -0.6653754711 -0.7457745075 0.9552235007 0.1984552592 -0.2194621265 0.2940275967 -0.7196464539 0.6290125251
122.8 247.6 2718.8 0.1947956234 0.6582803726 0.7271324396 -0.9806397557 0.1458294541 0.1306882501 -0.0200078152 -0.7385125160 0.6739428639
170.3 8.6 2713.9 0.0115840919 0.6601137519 0.7510762811 -0.9522868395 0.2363804132 -0.1930650622 -0.3049846292 -0.7130035758 0.6313558817
-97.5 -143.0 2691.3 0.9980036616 -0.0111898985 -0.0621571206 0.0114912493 0.9999238849 0.0044928477 0.0621021129 -0.0051981416 0.9980562925
-93.2 -531.2 2693.4 0.9979302883 -0.0138190854 -0.0628030449 0.0186322089 0.9968792796 0.0767110214 0.0615469813 -0.0777224079 0.9950734377
81.3 -141.2 2702.1 0.9915670753 0.0890497118 -0.0941533223 -0.0853973925 0.9954553843 0.0421415679 0.0974781215 -0.0337457433 0.9946653843
46.8 -527.7 2715.2 0.9914059639 -0.0858711228 -0.0986934453 0.0852883235 0.9963049293 -0.0101169748 0.0991975218 0.0016126304 0.9950664639
-198.2 -257.7 2621.2 0 0 0 0 0 0 0 0 0
173.3 -234.6 2636.1 0 0 0 0 0 0 0 0 0
-89.1 -823.0 2716.1 0 0 0 0 0 0 0 0 0
71.7 -817.3 2714.7 0 0 0 0 0 0 0 0 0
-15.2 442.3 2715.3 8 0.9968289733 -0.0058342558 -0.0793596059 0.0029461947 0.9993307590 -0.0364606045 0.0795192122 0.0361111760 0.9961790442
-14.1 245.7 2708.2 0.9968289733 -0.0058342558 -0.0793596059 0.0029461947 0.9993307590 -0.0364606045 0.0795192122 0.0361111760 0.9961790442
-12.8 51.7 2701.9 0.9968237877 -0.0063916384 -0.0793817043 0.0037927306 0.9994531870 -0.0328471027 0.0795482472 0.0324417017 0.9963029623
-150.2 245.1 2697.3 0.2129385620 -0.6608539224 -0.7196730375 0.9770622849 0.1459468454 0.1550769359 0.0025508094 -0.7361872196 0.6767731309
-206.7 -13.8 2696.6 -0.0297194161 -0.6638626456 -0.7472637296 0.9541316628 0.2039717585 -0.2191535085 0.2979085445 -0.7195011377 0.6273505092
122.1 246.2 2719.0 0.1983034760 0.6609706283 0.7237358689 -0.9798083901 0.1529081464 0.1288199574 -0.0255189035 -0.7346678972 0.6779468060
170.1 9.3 2712.9 0.0019139813 0.6624701023 0.7490859032 -0.9561641812 0.2205640823 -0.1926174760 -0.2928247750 -0.7158804536 0.6338523626
-99.3 -141.9 2690.0 0.9976627231 -0.0120850774 -0.0672535822 0.0119304415 0.9999251962 -0.0027004802 0.0672811866 0.0018918035 0.9977322817
-94.6 -530.1 2689.3 0.9974913597 -0.0195108112 -0.0680468380 0.0252014231 0.9961639643 0.0837986618 0.0661508292 -0.0853033140 0.9941566586
79.4 -140.7 2703.4 0.9915446043 0.0827210769 -0.0999828056 -0.0799247175 0.9962978363 0.0316645242 0.1022319794 -0.0234056879 0.9944851995
47.3 -527.5 2712.4 0.9910468459 -0.0850607976 -0.1029119119 0.0850579664 0.9963662028 -0.0044239187 0.1029142514 -0.0043691676 0.9946806431
-199.1 -256.0 2621.0 0 0 0 0 0 0 0 0 0
170.6 -234.8 2638.1 0 0 0 0 0 0 0 0 0
-88.9 -820.7 2714.2 0 0 0 0 0 0 0 0 0
72.3 -820.7 2713.7 0 0 0 0 0 0 0 0 0
-14.7 445.0 2716.1 9 0.9968740940 -0.0018238497 -0.0789854750 -0.0012534056 0.9992426038 -0.0388926715 0.0789965838 0.0388700962 0.9961168170
-14.3 248.4 2708.5 0.9968740940 -0.0018238497 -0.0789854750 -0.0012534056 0.9992426038 -0.0388926715 0.0789965838 0.0388700962 0.9961168170
-13.5 54.4 2701.3 0.9968647361 -0.0045886594 -0.0789914578 0.0016658136 0.9993128181 -0.0370282494 0.0791070834 0.0367805697 0.9961873889
-150.5 248.1 2697.7 0.2089601308 -0.6618869901 -0.7198897600 0.9779062867 0.1458749473 0.1497322321 0.0059080580 -0.7352727652 0.6777455211
-206.7 -14.5 2696.1 -0.0274624284 -0.6644341946 -0.7468420267 0.9566404819 0.1992591470 -0.2124495506 0.2899738550 -0.7202937007 0.6301524639
121.8 248.6 2719.3 0.1962669790 0.6604813337 0.7247369885 -0.9799922705 0.1570626348 0.1222556382 -0.0330815390 -0.7342314124 0.6780927777
170.0 8.3 2711.2 -0.0029773824 0.6615387201 0.7499051094 -0.9602332115 0.2074715644 -0.1868362427 -0.2791833878 -0.7206400633 0.6346136928
-100.9 -142.7 2688.4 0.9975727797 -0.0190387201 -0.0669782907 0.0193932392 0.9998011589 0.0046467721 0.0668765008 -0.0059344191 0.9977436066
-93.5 -530.8 2690.7 0.9975820184 -0.0137810512 -0.0681192428 0.0187408030 0.9971765876 0.0727158263 0.0669248104 -0.0738166049 0.9950237274
77.7 -142.0 2702.7 0.9917775989 0.0803373381 -0.0996147990 -0.0781299323 0.9966074228 0.0258723609 0.1013553590 -0.0178767312 0.9946896434
46.5 -528.9 2709.6 0.9904420376 -0.0928350687 -0.1020109579 0.0928680897 0.9956685305 -0.0044357483 0.1019808948 -0.0050802110 0.9947733879
-199.7 -257.3 2622.5 0 0 0 0 0 0 0 0 0
169.2 -236.9 2639.9 0 0 0 0 0 0 0 0 0
-89.5 -817.5 2712.0 0 0 0 0 0 0 0 0 0
74.0 -822.9 2711.1 0 0 0 0 0 0 0 0 0
-12.2 440.8 2706.0 0 0.9973510504 0.0042041223 -0.0726167262 -0.0052052727 0.9998939037 -0.0136030335 0.0725518391 0.0139449891 0.9972671270
-13.0 244.0 2703.3 0.9973510504 0.0042041223 -0.0726167262 -0.0052052727 0.9998939037 -0.0136030335 0.0725518391 0.0139449891 0.9972671270
-13.4 50.0 2700.7 0.9973578453 0.0020598278 -0.0726163611 -0.0030470388 0.9999043941 -0.0134867262 0.0725816414 0.0136723565 0.9972687364
-149.3 244.4 2693.4 0.2185595036 -0.6646062732 -0.7145140171 0.9757276177 0.1385705769 0.1695693731 -0.0136862518 -0.7342320681 0.6787605882
-206.7 -12.1 2697.0 -0.0313269161 -0.6678315997 -0.7436528802 0.9555659294 0.1981736869 -0.2182222158 0.2931081057 -0.7174455523 0.6319489479
123.3 243.6 2713.2 0.1961792260 0.6555269957 0.7292448878 -0.9804797173 0.1411208659 0.1369104236 -0.0131631866 -0.7418687940 0.6704158783
169.9 10.5 2710.1 -0.0101847677 0.6570786834 0.7537531853 -0.9638122320 0.1943604648 -0.1824553758 -0.2663873434 -0.7283348441 0.6313209534
-101.9 -139.7 2687.1 0.9980458021 -0.0178382881 -0.0598865114 0.0178290885 0.9998407960 -0.0006879976 0.0598892532 -0.0003810689 0.9982049465
-95.0 -527.9 2687.3 0.9978954196 -0.0213636160 -0.0612233020 0.0266723186 0.9958294034 0.0872489512 0.0591040105 -0.0886982977 0.9943034649
76.7 -139.4 2701.3 0.9924941063 0.0784690157 -0.0937981978 -0.0751898438 0.9964448214 0.0380026028 0.0964467600 -0.0306646861 0.9948656559
46.3 -526.3 2713.2 0.9911243916 -0.0902420282 -0.0976156816 0.0894942582 0.9959148169 -0.0120208552 0.0983016938 0.0031781190 0.9951515794
-198.8 -254.7 2622.6 0 0 0 0 0 0 0 0 0
167.3 -235.5 2642.1 0 0 0 0 0 0 0 0 0
-88.7 -820.0 2713.3 0 0 0 0 0 0 0 0 0
73.5 -826.2 2712.2 0 0 0 0 0 0 0 0 0
-12.3 441.9 2710.5 1 0.9976139069 0.0040093302 -0.0689229146 -0.0056851343 0.9996925592 -0.0241352487 0.0688049570 0.0244694948 0.9973300099
-13.1 245.0 2705.7 0.9976139069 0.0040093302 -0.0689229146 -0.0056851343 0.9996925592 -0.0241352487 0.0688049570 0.0244694948 0.9973300099
-13.8 51.0 2701.1 0.9976165891 0.0033568211 -0.0689195842 -0.0049688695 0.9997177720 -0.0232321881 0.0688221455 0.0235192683 0.9973516464
-149.4 245.7 2696.3 0.2148770243 -0.6667869091 -0.7135986686 0.9766387939 0.1482931226 0.1555178314 0.0021245168 -0.7303453684 0.6830747724
-206.7 -14.5 2695.7 -0.0283589847 -0.6690942645 -0.7426362634 0.9566798210 0.1971902549 -0.2141954750 0.2897576094 -0.7165395021 0.6345168948
123.2 244.3 2715.1 0.1909756511 0.6534601450 0.7324739695 -0.9813132286 0.1449700445 0.1265229583 -0.0235090610 -0.7429491878 0.6689348221
169.8 4.8 2709.4 -0.0085916044 0.6549855471 0.7555925846 -0.9624777436 0.1995337605 -0.1839099079 -0.2712245584 -0.7288210988 0.6286947131
-103.1 -143.8 2691.5 0.9981241226 -0.0240865145 -0.0562860854 0.0238555204 0.9997040033 -0.0047723250 0.0563843735 0.0034206391 0.9984032512
-93.8 -531.9 2690.2 0.9981536269 -0.0172611885 -0.0582360290 0.0222296920 0.9960662723 0.0857777894 0.0565263182 -0.0869139805 0.9946108460
75.6 -144.4 2704.5 0.9934691787 0.0697075054 -0.0903318822 -0.0677569732 0.9974013567 0.0244863052 0.0918040201 -0.0182057749 0.9956106544
48.5 -531.5 2711.6 0.9927232265 -0.0780732930 -0.0916795060 0.0788569823 0.9968736172 0.0049514961 0.0910063088 -0.0121450340 0.9957762361
-199.5 -257.3 2622.2 0 0 0 0 0 0 0 0 0
167.6 -241.0 2640.1 0 0 0 0 0 0 0 0 0
-88.9 -814.9 2714.9 0 0 0 0 0 0 0 0 0
71.7 -828.1 2715.2 0 0 0 0 0 0 0 0 0
-12.1 441.8 2712.2 2 0.9970300794 0.0061538978 -0.0767665207 -0.0085445987 0.9994874001 -0.0308530219 0.0765373036 0.0314173326 0.9965716004
-13.3 245.0 2706.1 0.9970300794 0.0061538978 -0.0767665207 -0.0085445987 0.9994874001 -0.0308530219 0.0765373036 0.0314173326 0.9965716004
-14.0 50.9 2700.4 0.9970430136 0.0036742396 -0.0767573640 -0.0059153493 0.9995622039 -0.0289904010 0.0766172409 0.0293587241 0.9966282248
-149.5 245.8 2695.6 0.2151944786 -0.6631381512 -0.7168954611 0.9765624404 0.1430167407 0.1608477086 -0.0041361982 -0.7347067595 0.6783722043
-206.7 -14.0 2696.7 -0.0313562974 -0.6656534672 -0.7456019521 0.9579476714 0.1928589344 -0.2124657929 0.2852245867 -0.7209097743 0.6316137910
123.0 244.2 2716.5 0.1933725625 0.6601619124 0.7258052826 -0.9809326530 0.1447493285 0.1296869516 -0.0194454417 -0.7370440364 0.6755649447
170.0 5.3 2711.8 -0.0137662338 0.6620311737 0.7493498921 -0.9603418112 0.1999685615 -0.1943093687 -0.2784852684 -0.7223069668 0.6330233812
-103.8 -142.6 2690.4 0.9975311756 -0.0275721047 -0.0645855367 0.0281151328 0.9995764494 0.0075139985 0.0643509999 -0.0093112784 0.9978838563
-93.1 -530.6 2694.0 0.9977256656 -0.0114102680 -0.0664329678 0.0167752467 0.9965916872 0.0807688609 0.0652849525 -0.0816995949 0.9945164919
75.0 -143.5 2702.7 0.9928869605 0.0689935684 -0.0970329866 -0.0659263656 0.9972288609 0.0344723389 0.0991424695 -0.0278301034 0.9946839809
48.2 -530.6 2713.5 0.9922800660 -0.0743975714 -0.0992235392 0.0749703720 0.9971836805 0.0020515595 0.0987914577 -0.0094745466 0.9950630665
-198.8 -257.2 2624.3 0 0 0 0 0 0 0 0 0
166.5 -239.9 2640.7 0 0 0 0 0 0 0 0 0
-89.8 -817.4 2717.5 0 0 0 0 0 0 0 0 0
70.3 -827.0 2716.3 0 0 0 0 0 0 0 0 0
-13.7 442.1 2715.6 3 0.9985570908 -0.0018987861 -0.0536668971 -0.0003414028 0.9991300106 -0.0417025127 0.0536993891 0.0416606627 0.9976876974
-13.3 245.6 2707.4 0.9985570908 -0.0018987861 -0.0536668971 -0.0003414028 0.9991300106 -0.0417025127 0.0536993891 0.0416606627 0.9976876974
-12.7 51.7 2699.9 0.9985522628 -0.0035246036 -0.0536747463 0.0014409568 0.9992455840 -0.0388091989 0.0537710413 0.0386756696 0.9978040457
-149.7 245.4 2700.1 0.2170395851 -0.6771451831 -0.7031131983 0.9760451317 0.1617213637 0.1455406994 0.0151562430 -0.7178583145 0.6960242391
-207.1 -12.4 2696.1 -0.0295596085 -0.6780399680 -0.7344304323 0.9603127241 0.1846119761 -0.2090882510 0.2773548365 -0.7114634514 0.6456733346
123.0 245.8 2714.8 0.1920377612 0.6460887194 0.7387089133 -0.9813048840 0.1361837536 0.1359951347 -0.0127352234 -0.7510148883 0.6601624489
170.1 5.3 2711.6 -0.0085269306 0.6485157013 0.7611535192 -0.9598619342 0.2080915421 -0.1880505085 -0.2803433239 -0.7322058082 0.6207111478
-104.0 -142.5 2687.8 0.9988118410 -0.0245258529 -0.0421114750 0.0249377787 0.9996458888 0.0092843967 0.0418688543 -0.0103235319 0.9990697503
-94.5 -530.6 2691.8 0.9988910556 -0.0169303510 -0.0439320840 0.0207891092 0.9958217740 0.0889200345 0.0422430784 -0.0897347406 0.9950694442
74.6 -143.6 2701.5 0.9946742058 0.0716634467 -0.0740784928 -0.0695526227 0.9971059561 0.0306951180 0.0760638267 -0.0253792871 0.9967799187
46.8 -530.7 2711.4 0.9939234853 -0.0804835707 -0.0750903040 0.0819395483 0.9965005517 0.0165096838 0.0734987706 -0.0225622281 0.9970400333
-199.5 -256.1 2625.7 0 0 0 0 0 0 0 0 0
167.9 -239.8 2640.1 0 0 0 0 0 0 0 0 0
-89.6 -818.2 2717.7 0 0 0 0 0 0 0 0 0
70.6 -825.5 2718.0 0 0 0 0 0 0 0 0 0
-13.6 444.5 2715.8 4 0.9977557659 -0.0029037239 -0.0668952316 0.0003023760 0.9992444515 -0.0388642438 0.0669575408 0.0387567952 0.9970027804
-13.0 247.9 2708.2 0.9977557659 -0.0029037239 -0.0668952316 0.0003023760 0.9992444515 -0.0388642438 0.0669575408 0.0387567952 0.9970027804
-12.1 54.0 2700.9 0.9977476001 -0.0049036201 -0.0669008642 0.0024020541 0.9992966652 -0.0374214463 0.0670373142 0.0371764600 0.9970576167
-149.3 247.6 2699.0 0.2158560306 -0.6692118645 -0.7110285759 0.9763999581 0.1531722546 0.1522542536 0.0070194989 -0.7271133065 0.6864815950
-207.0 -13.0 2697.1 -0.0272218753 -0.6707011461 -0.7412279844 0.9599728584 0.1892432868 -0.2064923942 0.2787671089 -0.7171798944 0.6387033463
123.2 248.3 2717.3 0.1905502975 0.6531541348 0.7328575850 -0.9812119603 0.1497081965 0.1216985434 -0.0302268807 -0.7422783375 0.6694095731
170.1 7.1 2709.9 0.0145226317 0.6540977955 0.7562705874 -0.9573968649 0.2272585183 -0.1781708449 -0.2884100676 -0.7214635611 0.6295315623
-101.4 -142.4 2687.5 0.9982684851 -0.0197831728 -0.0553952642 0.0204006303 0.9997356534 0.0106031373 0.0551708564 -0.0117148757 0.9984081984
-93.8 -530.5 2692.1 0.9982200861 -0.0186397247 -0.0566498712 0.0231986940 0.9964509606 0.0809151307 0.0549405850 -0.0820853114 0.9951097965
77.4 -142.1 2697.2 0.9932856560 0.0764007643 -0.0868705511 -0.0732830316 0.9965664744 0.0385338403 0.0895162895 -0.0319089741 0.9954741001
47.8 -529.0 2709.6 0.9933401346 -0.0741511732 -0.0881874338 0.0762941912 0.9968603849 0.0211789794 0.0863401070 -0.0277661197 0.9958786964
-200.0 -256.7 2626.4 0 0 0 0 0 0 0 0 0
173.8 -237.3 2636.3 0 0 0 0 0 0 0 0 0
-88.5 -814.7 2715.5 0 0 0 0 0 0 0 0 0
69.7 -823.9 2717.8 0 0 0 0 0 0 0 0 0
-10.6 441.6 2705.9 5 0.9944975376 0.0041097226 -0.1046791002 -0.0054468713 0.9999071360 -0.0124911182 0.1046180502 0.0129925599 0.9944276214
-11.5 243.7 2703.3 0.9944975376 0.0041097226 -0.1046791002 -0.0054468713 0.9999071360 -0.0124911182 0.1046180502 0.0129925599 0.9944276214
-11.1 49.7 2700.2 0.9945036173 -0.0020135187 -0.1046826094 0.0003573792 0.9998745322 -0.0158369299 0.1047013626 0.0157124735 0.9943795800
-147.2 243.6 2689.0 0.2276284397 -0.6438249946 -0.7305303812 0.9732255936 0.1258509308 0.1923367679 -0.0318932794 -0.7547522187 0.6552342176
-206.9 -11.6 2697.4 -0.0312441755 -0.6479424238 -0.7610482574 0.9580398798 0.1976411045 -0.2075994909 0.2849269211 -0.7356008291 0.6145795584
124.3 243.8 2717.6 0.1919680387 0.6767836213 0.7107124329 -0.9809095263 0.1552361548 0.1171247065 -0.0310601890 -0.7196288109 0.6936638951
170.1 10.1 2710.2 0.0023904240 0.6777539849 0.7352848649 -0.9588288069 0.2103569508 -0.1907808185 -0.2839747369 -0.7045562267 0.6503528357
-100.5 -140.2 2687.7 0.9955500364 -0.0169440061 -0.0926983804 0.0180797260 0.9997712374 0.0114256879 0.0924835801 -0.0130508058 0.9956286550
-94.0 -528.4 2692.8 0.9954273701 -0.0185489692 -0.0937029719 0.0266413670 0.9959506392 0.0858637467 0.0917308480 -0.0879675001 0.9918907285
78.2 -139.8 2699.7 0.9892808795 0.0739024952 -0.1259436309 -0.0695661232 0.9968343377 0.0384942703 0.1283897609 -0.0293202363 0.9912902713
49.5 -526.8 2711.1 0.9890453815 -0.0736832768 -0.1279060990 0.0757523552 0.9970617294 0.0113813523 0.1266916692 -0.0209458619 0.9917209744
-199.0 -254.8 2625.0 0 0 0 0 0 0 0 0 0
170.7 -234.7 2637.7 0 0 0 0 0 0 0 0 0
-88.6 -816.6 2718.2 0 0 0 0 0 0 0 0 0
71.1 -818.6 2717.2 0 0 0 0 0 0 0 0 0
-12.6 441.1 2700.9 6 0.9932278991 -0.0025647576 -0.1161538735 0.0022664256 0.9999938011 -0.0027004231 0.1161600798 0.0024188815 0.9932275414
-12.1 243.2 2700.4 0.9932278991 -0.0025647576 -0.1161538735 0.0022664256 0.9999938011 -0.0027004231 0.1161600798 0.0024188815 0.9932275414
-10.9 49.1 2699.4 0.9932135940 -0.0061966679 -0.1161394566 0.0055382191 0.9999667406 -0.0059913066 0.1161727160 0.0053074411 0.9932148457
-147.7 242.4 2684.6 0.2242155075 -0.6370742917 -0.7374711633 0.9733288884 0.1086830944 0.2020366788 -0.0485617295 -0.7631017566 0.6444512606
-206.9 -14.6 2697.4 -0.0516593978 -0.6443818808 -0.7629569173 0.9533659220 0.1956612766 -0.2298044562 0.2973629534 -0.7392486930 0.6042240262
123.6 244.0 2716.3 0.1903163791 0.6839908361 0.7042273879 -0.9813262820 0.1529315859 0.1166649461 -0.0279008690 -0.7132800817 0.7003235221
169.9 4.9 2709.5 -0.0026648142 0.6851728559 0.7283756137 -0.9584900737 0.2059210539 -0.1972137839 -0.2851133943 -0.6986663342 0.6561826468
-99.9 -144.4 2687.8 0.9944893718 -0.0125702014 -0.1040812358 0.0136258649 0.9998626113 0.0094378516 0.1039483026 -0.0108040404 0.9945240021
