-48.1 521.1 2385.2 0 0.9997274876 0.0069237277 -0.0222939197 -0.0058326344 0.9987993836 0.0486397073 0.0226039197 -0.0484964177 0.9985675812
-49.5 320.3 2395.0 0.9997274876 0.0069237277 -0.0222939197 -0.0058326344 0.9987993836 0.0486397073 0.0226039197 -0.0484964177 0.9985675812
-51.4 121.7 2403.7 0.9997072220 0.0093145166 -0.0223311335 -0.0083236462 0.9989941716 0.0440612771 0.0227190815 -0.0438624993 0.9987792373
-190.2 321.5 2391.8 0.2151358873 -0.9316892624 -0.2926971614 0.9742747545 0.1841608286 0.1298980564 -0.0671212822 -0.3131131828 0.9473409653
-250.4 48.8 2410.6 0.0197089482 -0.9331800938 -0.3588683009 0.9312555790 0.1477532685 -0.3330646455 0.3638332784 -0.3276337385 0.8719412088
91.1 319.1 2398.2 0.1778903008 0.5804037452 0.7946612835 -0.9838537574 0.1210399717 0.1318372935 -0.0196669176 -0.8052830696 0.5925642252
140.2 47.6 2392.7 -0.0288705043 0.5837776661 0.8114001155 -0.9673680067 0.1881027222 -0.1697542071 -0.2517252862 -0.7898234129 0.5592972636
-147.8 -79.4 2409.8 0.9992184043 0.0271091945 -0.0287696328 -0.0281240493 0.9989746809 -0.0354772955 0.0277783740 0.0362586863 0.9989562631
-158.5 -476.6 2395.4 0.9989299178 0.0401565991 -0.0229456127 -0.0359931476 0.9865322113 0.1595576704 0.0290438794 -0.1585610509 0.9869219065
35.6 -81.9 2412.4 0.9975611567 -0.0697846934 0.0013366339 0.0697868541 0.9968920350 -0.0365523584 0.0012183153 0.0365564935 0.9993308187
63.4 -478.3 2397.9 0.9995117188 -0.0275236126 -0.0147910267 0.0298750866 0.9804859757 0.1943058521 0.0091543952 -0.1946528554 0.9808294773
-256.0 -215.2 2307.4 0 0 0 0 0 0 0 0 0
132.1 -226.0 2321.5 0 0 0 0 0 0 0 0 0
-170.3 -766.7 2442.0 0 0 0 0 0 0 0 0 0
71.6 -770.7 2456.0 0 0 0 0 0 0 0 0 0
-47.9 525.1 2391.5 1 0.9998984933 0.0099708186 -0.0101789730 -0.0096079856 0.9993378520 0.0350926183 0.0105221355 -0.0349912569 0.9993322492
-50.0 324.0 2398.5 0.9998984933 0.0099708186 -0.0101789730 -0.0096079856 0.9993378520 0.0350926183 0.0105221355 -0.0349912569 0.9993322492
-52.2 125.3 2404.9 0.9998861551 0.0111076701 -0.0102105830 -0.0107748182 0.9994267225 0.0320952199 0.0105612325 -0.0319815502 0.9994326830
-190.7 325.5 2397.1 0.2116691321 -0.9355611205 -0.2827039957 0.9760009050 0.1871980429 0.1112614498 -0.0511702560 -0.2994699776 0.9527325630
-250.4 50.2 2411.5 0.0137926377 -0.9374720454 -0.3477872610 0.9295784235 0.1401594132 -0.3409388661 0.3683663011 -0.3185930848 0.8733869195
90.7 322.5 2400.0 0.1823700368 0.5709327459 0.8004854918 -0.9828129411 0.1295617074 0.1315009594 -0.0286340658 -0.8107092977 0.5847482681
141.2 50.6 2392.1 -0.0277445670 0.5740735531 0.8183335662 -0.9661623240 0.1946133971 -0.1692807972 -0.2564383149 -0.7953396440 0.5492487550
-144.9 -76.1 2410.3 0.9993667603 0.0314346068 -0.0166725367 -0.0321151055 0.9985906482 -0.0422530472 0.0153208310 0.0427617319 0.9989678264
-157.4 -473.2 2393.3 0.9988882542 0.0461070985 -0.0098159239 -0.0438585803 0.9853112102 0.1650400311 0.0172812566 -0.1644260436 0.9862380028
38.5 -77.7 2414.5 0.9980685115 -0.0609040856 0.0122434190 0.0612736233 0.9975919127 -0.0324949585 -0.0102348607 0.0331823938 0.9993969202
62.7 -474.3 2401.3 0.9995450974 -0.0301407110 -0.0010681074 0.0298331995 0.9829097986 0.1816542745 -0.0044253361 -0.1816035062 0.9833618999
-254.3 -213.4 2307.1 0 0 0 0 0 0 0 0 0
133.4 -222.7 2319.6 0 0 0 0 0 0 0 0 0
-171.2 -766.3 2442.3 0 0 0 0 0 0 0 0 0
71.8 -770.7 2456.1 0 0 0 0 0 0 0 0 0
-48.0 526.9 2394.6 2 0.9999459386 0.0100368094 -0.0027205858 -0.0099456599 0.9994489551 0.0316684172 0.0030369365 -0.0316396467 0.9994947314
-50.0 325.9 2401.0 0.9999459386 0.0100368094 -0.0027205858 -0.0099456599 0.9994489551 0.0316684172 0.0030369365 -0.0316396467 0.9994947314
-52.3 127.2 2406.4 0.9999272227 0.0117406119 -0.0027694488 -0.0116610406 0.9995624423 0.0271831527 0.0030873837 -0.0271488819 0.9996266365
-190.7 327.6 2400.6 0.2103197128 -0.9371821880 -0.2783077657 0.9770124555 0.1913509518 0.0939760879 -0.0348182581 -0.2916751504 0.9558835030
-249.9 52.6 2410.4 0.0191379171 -0.9396865964 -0.3415009081 0.9326182604 0.1398852319 -0.3326489329 0.3603566587 -0.3121237755 0.8790459633
90.7 324.3 2401.4 0.1848515868 0.5653368831 0.8038806319 -0.9823047519 0.1313555390 0.1335029751 -0.0301200245 -0.8143340349 0.5796144009
141.0 57.1 2393.2 -0.0226008054 0.5682960153 0.8225137591 -0.9661062360 0.1992055029 -0.1641826332 -0.2571536005 -0.7983462811 0.5445321202
-146.1 -72.4 2410.3 0.9994819760 0.0308906790 -0.0090314290 -0.0312183890 0.9987619519 -0.0387294628 0.0078238687 0.0389913470 0.9992089272
-158.4 -469.5 2394.8 0.9991417527 0.0413441919 -0.0025379499 -0.0403508060 0.9853184819 0.1658895016 0.0093592564 -0.1656447053 0.9861410856
37.3 -74.4 2412.2 0.9977808595 -0.0638728514 0.0188057702 0.0643191412 0.9976366758 -0.0241686907 -0.0172176026 0.0253246278 0.9995309711
62.7 -471.0 2402.2 0.9996129870 -0.0272367820 0.0056649428 0.0258191079 0.9841150641 0.1756441295 -0.0103589371 -0.1754298955 0.9844374061
-255.3 -211.8 2308.2 0 0 0 0 0 0 0 0 0
134.6 -216.2 2320.5 0 0 0 0 0 0 0 0 0
-171.0 -768.3 2445.0 0 0 0 0 0 0 0 0 0
71.0 -770.3 2455.5 0 0 0 0 0 0 0 0 0
-47.7 528.0 2396.7 3 0.9999163747 0.0117279598 0.0054483172 -0.0118737165 0.9995502234 0.0275385343 -0.0051228958 -0.0276009236 0.9996058941
-50.0 327.2 2402.3 0.9999163747 0.0117279598 0.0054483172 -0.0118737165 0.9995502234 0.0275385343 -0.0051228958 -0.0276009236 0.9996058941
-52.9 128.5 2406.5 0.9998829961 0.0143234069 0.0053656246 -0.0144340973 0.9996712208 0.0211925656 -0.0050603105 -0.0212675352 0.9997609854
-190.8 329.2 2403.0 0.2007975280 -0.9412875772 -0.2714002728 0.9792068601 0.1846857220 0.0839349329 -0.0288831592 -0.2826109231 0.9587996602
-247.1 54.4 2411.1 0.0315685682 -0.9432913661 -0.3304615617 0.9313786626 0.1477341503 -0.3327287436 0.3626805842 -0.2972810566 0.8832252026
90.7 325.2 2401.5 0.1789977849 0.5599635839 0.8089503050 -0.9832679629 0.1300826967 0.1275247782 -0.0338212065 -0.8182415962 0.5738787651
139.4 57.6 2392.3 -0.0117130773 0.5624941587 0.8267183304 -0.9668924212 0.2044008821 -0.1527722031 -0.2549154162 -0.8011370897 0.5414771438
-146.4 -70.4 2411.5 0.9996423721 0.0267178379 -0.0011363028 -0.0267417822 0.9985644817 -0.0464101061 -0.0001053061 0.0464238934 0.9989218116
-157.1 -467.5 2393.1 0.9988871217 0.0469385274 0.0046192622 -0.0470443629 0.9845282435 0.1687926501 0.0033750844 -0.1688221097 0.9856407642
37.0 -72.6 2412.1 0.9977692962 -0.0614529215 0.0260751527 0.0619441457 0.9979087114 -0.0184681863 -0.0248856992 0.0200421922 0.9994893670
61.5 -469.3 2404.1 0.9993825555 -0.0321343467 0.0142068025 0.0293105114 0.9854854941 0.1672099978 -0.0193737820 -0.1666903496 0.9858189225
-256.1 -209.7 2308.3 0 0 0 0 0 0 0 0 0
136.1 -215.8 2320.2 0 0 0 0 0 0 0 0 0
-171.4 -768.0 2444.6 0 0 0 0 0 0 0 0 0
71.4 -772.0 2455.3 0 0 0 0 0 0 0 0 0
-47.5 524.1 2390.2 4 0.9998282194 0.0154403457 -0.0102545572 -0.0150243472 0.9991075993 0.0394751541 0.0108549157 -0.0393143073 0.9991679192
-50.6 323.0 2398.2 0.9998282194 0.0154403457 -0.0102545572 -0.0150243472 0.9991075993 0.0394751541 0.0108549157 -0.0393143073 0.9991679192
-53.9 124.3 2404.4 0.9998141527 0.0162467249 -0.0103783514 -0.0159108192 0.9993718266 0.0316675231 0.0108863255 -0.0314965099 0.9994446039
-191.3 325.2 2396.6 0.1920661181 -0.9395468235 -0.2834825218 0.9798619151 0.1675225347 0.1086592823 -0.0546007715 -0.2986434996 0.9528015852
-244.5 53.6 2411.8 0.0509797037 -0.9393977523 -0.3390175402 0.9276202917 0.1703129709 -0.3324365318 0.3700292110 -0.2975320518 0.8800869584
90.1 320.7 2399.7 0.1817240268 0.5723677278 0.7996070981 -0.9830957055 0.1242230982 0.1345045716 -0.0223435946 -0.8105330467 0.5852665901
138.7 57.8 2393.7 -0.0078119859 0.5750737786 0.8180642128 -0.9662158489 0.2064182460 -0.1543323696 -0.2576158941 -0.7916322351 0.5540328622
-147.5 -68.9 2411.2 0.9995709658 0.0239515435 -0.0168581456 -0.0244731903 0.9992057085 -0.0314490013 0.0160915032 0.0318480842 0.9993631840
-157.0 -466.2 2398.5 0.9987894893 0.0476478375 -0.0122167496 -0.0452630110 0.9875036478 0.1509561241 0.0192568190 -0.1502204239 0.9884649515
36.0 -71.6 2410.3 0.9979935884 -0.0623766556 0.0108594159 0.0625616983 0.9978854060 -0.0176266860 -0.0097369598 0.0182707030 0.9997856617
60.8 -468.3 2403.0 0.9993895888 -0.0349295437 -0.0006167075 0.0345608816 0.9859569669 0.1633841246 -0.0050988854 -0.1633056998 0.9865623116
-259.0 -209.3 2306.9 0 0 0 0 0 0 0 0 0
136.5 -215.5 2320.9 0 0 0 0 0 0 0 0 0
-171.5 -766.7 2444.2 0 0 0 0 0 0 0 0 0
71.5 -771.9 2453.3 0 0 0 0 0 0 0 0 0
-46.8 522.2 2386.5 5 0.9996077418 0.0183704700 -0.0211386159 -0.0173409563 0.9987017512 0.0478965566 0.0219910555 -0.0475112051 0.9986286163
-50.5 321.1 2396.1 0.9996077418 0.0183704700 -0.0211386159 -0.0173409563 0.9987017512 0.0478965566 0.0219910555 -0.0475112051 0.9986286163
-54.0 122.5 2403.9 0.9996169806 0.0176855847 -0.0212865993 -0.0168305654 0.9990699887 0.0396971814 0.0219688714 -0.0393237136 0.9989849925
-191.1 323.5 2393.0 0.1931306422 -0.9369722009 -0.2911762893 0.9783326983 0.1613319069 0.1297581941 -0.0746037960 -0.3099275529 0.9478286505
-245.1 50.0 2413.8 0.0427102670 -0.9366256595 -0.3477186263 0.9236901402 0.1696550250 -0.3435312212 0.3807523549 -0.3065119386 0.8723978996
90.2 318.8 2399.2 0.1778980196 0.5799947977 0.7949580550 -0.9837558270 0.1245368347 0.1292866915 -0.0240159482 -0.8050444722 0.5927281380
138.0 54.4 2392.7 -0.0042784470 0.5828586817 0.8125622869 -0.9638448954 0.2140909135 -0.1586444825 -0.2664295137 -0.7838627696 0.5608693957
-148.8 -72.9 2409.7 0.9993830919 0.0213315245 -0.0278989393 -0.0220641196 0.9994126558 -0.0262200572 0.0273232404 0.0268194489 0.9992668033
-157.3 -470.3 2399.0 0.9984784126 0.0498069189 -0.0236661788 -0.0456565693 0.9873682261 0.1517216265 0.0309240203 -0.1504102498 0.9881399274
34.6 -75.8 2411.7 0.9976370335 -0.0687003955 0.0008121259 0.0687003061 0.9973554015 -0.0237157922 0.0008193060 0.0237155445 0.9997184277
61.9 -472.4 2402.2 0.9994488955 -0.0308968723 -0.0121374447 0.0324738994 0.9858436584 0.1644924134 0.0068833218 -0.1647959054 0.9863036871
-257.2 -211.8 2305.9 0 0 0 0 0 0 0 0 0
136.8 -218.2 2317.4 0 0 0 0 0 0 0 0 0
-172.3 -766.6 2444.2 0 0 0 0 0 0 0 0 0
71.3 -770.1 2452.0 0 0 0 0 0 0 0 0 0
-46.2 524.3 2399.6 6 0.9997327328 0.0200517774 -0.0115056476 -0.0199146252 0.9997307062 0.0119136823 0.0117414398 -0.0116813676 0.9998628497
-50.2 323.6 2402.0 0.9997327328 0.0200517774 -0.0115056476 -0.0199146252 0.9997307062 0.0119136823 0.0117414398 -0.0116813676 0.9998628497
-54.3 125.0 2404.1 0.9997320175 0.0200778246 -0.0115222801 -0.0199502166 0.9997395277 0.0110849859 0.0117418412 -0.0108521432 0.9998721480
-190.9 326.4 2400.3 0.1971498132 -0.9390441775 -0.2816522717 0.9792109728 0.1746288985 0.1032017842 -0.0477264076 -0.2961432040 0.9539504051
-247.5 45.4 2414.0 0.0411657020 -0.9392570257 -0.3407369256 0.9180625081 0.1701353788 -0.3580714166 0.3942925036 -0.2980775535 0.8693004251
90.5 320.8 2403.6 0.1719056964 0.5744354725 0.8002951145 -0.9841892719 0.1353276819 0.1142712384 -0.0426606275 -0.8072857857 0.5886168480
137.5 51.7 2392.0 -0.0044990694 0.5764909983 0.8170911074 -0.9654984474 0.2102459818 -0.1536533237 -0.2603698671 -0.7895914912 0.5556552410
-149.3 -74.6 2409.7 0.9994882345 0.0267098006 -0.0176016763 -0.0271779522 0.9992681146 -0.0269173943 0.0168698374 0.0273819976 0.9994826913
-159.9 -471.9 2398.8 0.9992315173 0.0371403471 -0.0125291301 -0.0347968824 0.9876708984 0.1526283473 0.0180433262 -0.1520750821 0.9882042408
34.2 -77.6 2413.7 0.9975332022 -0.0697009861 0.0083222613 0.0698670745 0.9973204732 -0.0216892380 -0.0067882002 0.0222171880 0.9997301102
61.9 -474.2 2404.9 0.9994223714 -0.0336842574 -0.0045024729 0.0339704454 0.9865018725 0.1601875871 -0.0009541016 -0.1602480114 0.9870763421
-259.2 -215.4 2302.1 0 0 0 0 0 0 0 0 0
136.2 -221.3 2318.3 0 0 0 0 0 0 0 0 0
-171.2 -773.5 2445.2 0 0 0 0 0 0 0 0 0
72.0 -770.3 2453.0 0 0 0 0 0 0 0 0 0
-45.8 518.3 2391.2 7 0.9996225834 0.0240012500 -0.0133650247 -0.0234673768 0.9989728332 0.0387635492 0.0142816696 -0.0384352766 0.9991590381
-50.6 317.7 2398.9 0.9996225834 0.0240012500 -0.0133650247 -0.0234673768 0.9989728332 0.0387635492 0.0142816696 -0.0384352766 0.9991590381
-55.6 119.1 2405.3 0.9995914102 0.0251845010 -0.0135176079 -0.0247333404 0.9991635680 0.0325649641 0.0143264337 -0.0322173201 0.9993782043
-191.3 321.1 2396.9 0.1905531883 -0.9397249818 -0.2839126587 0.9793468714 0.1620626748 0.1208939329 -0.0675954074 -0.3010856807 0.9511983395
-244.2 49.3 2415.7 0.0578677952 -0.9385963678 -0.3401296735 0.9173568487 0.1843989640 -0.3527795076 0.3938371241 -0.2916057408 0.8716985583
90.1 314.2 2401.0 0.1788721681 0.5737379789 0.7992681265 -0.9832823873 0.1323732287 0.1250322759 -0.0340659358 -0.8082710505 0.5878243446
137.5 53.4 2391.9 -0.0131409550 0.5760638714 0.8172990084 -0.9670752287 0.2004312426 -0.1568208039 -0.2541510463 -0.7924504280 0.5544632673
-150.0 -71.9 2405.2 0.9995610714 0.0217938237 -0.0200659800 -0.0221112445 0.9996317029 -0.0157352481 0.0197156575 0.0161720254 0.9996747971
-158.7 -469.3 2398.8 0.9991530776 0.0378676094 -0.0160972700 -0.0349583253 0.9875600934 0.1533067524 0.0217023809 -0.1526141912 0.9880475402
33.4 -75.5 2407.4 0.9974398017 -0.0711718276 0.0069565843 0.0712517053 0.9973861575 -0.0120011820 -0.0060842549 0.0124661252 0.9999037981
61.7 -472.1 2402.4 0.9993854165 -0.0346060134 -0.0055849431 0.0350535996 0.9860959053 0.1624381840 -0.0001140484 -0.1625341177 0.9867029190
-260.6 -211.5 2303.7 0 0 0 0 0 0 0 0 0
133.8 -220.1 2320.0 0 0 0 0 0 0 0 0 0
-170.3 -773.7 2445.8 0 0 0 0 0 0 0 0 0
72.2 -770.0 2451.5 0 0 0 0 0 0 0 0 0
-45.5 516.4 2387.5 8 0.9997453094 0.0225658491 0.0002928461 -0.0225568339 0.9987740517 0.0440634191 0.0007018414 -0.0440588035 0.9990286827
-50.0 315.6 2396.4 0.9997453094 0.0225658491 0.0002928461 -0.0225568339 0.9987740517 0.0440634191 0.0007018414 -0.0440588035 0.9990286827
-54.7 117.0 2403.9 0.9997263551 0.0233921651 0.0001476887 -0.0233810637 0.9990135431 0.0377534516 0.0007355919 -0.0377465710 0.9992870688
-190.7 318.9 2396.2 0.2014912069 -0.9410213232 -0.2718090117 0.9772008061 0.1741628349 0.1214324459 -0.0669315010 -0.2900795639 0.9546591043
-247.3 44.6 2415.0 0.0465744175 -0.9410020709 -0.3351804912 0.9153631926 0.1745433956 -0.3628289402 0.3999263048 -0.2899133265 0.8694878817
90.7 312.3 2396.5 0.1721202731 0.5654925704 0.8065932989 -0.9849536419 0.1116960272 0.1318721920 -0.0155205224 -0.8171549439 0.5762091279
137.0 47.2 2392.3 -0.0144148897 0.5695980191 0.8217970133 -0.9652345181 0.2065966129 -0.1601256430 -0.2609877288 -0.7955349684 0.5468176007
-152.4 -77.2 2410.4 0.9998738766 0.0144425044 -0.0066076694 -0.0146117052 0.9995468259 -0.0263182968 0.0062245727 0.0264115259 0.9996317625
-158.1 -474.6 2399.9 0.9989801049 0.0449761711 -0.0039863260 -0.0438865721 0.9879395962 0.1484900713 0.0106167644 -0.1481636763 0.9889058471
31.1 -81.7 2413.1 0.9969006777 -0.0757171512 0.0213521235 0.0760601982 0.9969789982 -0.0157386810 -0.0200959295 0.0173139479 0.9996481538
61.2 -478.1 2406.2 0.9992586374 -0.0376302190 0.0081336666 0.0359248109 0.9873508811 0.1544267982 -0.0138418972 -0.1540201008 0.9879707694
-260.5 -215.3 2301.5 0 0 0 0 0 0 0 0 0
132.9 -225.8 2318.5 0 0 0 0 0 0 0 0 0
-171.7 -772.3 2444.6 0 0 0 0 0 0 0 0 0
72.3 -771.0 2451.9 0 0 0 0 0 0 0 0 0
-44.6 514.0 2387.1 9 0.9995992780 0.0242487658 -0.0146035952 -0.0237107556 0.9990722537 0.0359510072 0.0154618146 -0.0355903357 0.9992468357
-49.5 313.2 2394.3 0.9995992780 0.0242487658 -0.0146035952 -0.0237107556 0.9990722537 0.0359510072 0.0154618146 -0.0355903357 0.9992468357
-54.5 114.6 2400.4 0.9995741844 0.0251936298 -0.0147235952 -0.0247263461 0.9992103577 0.0311010592 0.0154955173 -0.0307237543 0.9994077682
-190.1 316.7 2392.1 0.2011857927 -0.9384158850 -0.2808912098 0.9759557247 0.1674760133 0.1395069510 -0.0838730037 -0.3022041917 0.9495461583
-246.2 44.6 2415.5 0.0512149483 -0.9378104210 -0.3433491886 0.9176264405 0.1798696369 -0.3544130325 0.3941303194 -0.2969150543 0.8697716594
91.2 309.7 2396.5 0.1697965711 0.5782564878 0.7979903221 -0.9853333831 0.1135444716 0.1273804903 -0.0169487894 -0.8079152703 0.5890548825
136.8 45.1 2391.9 -0.0206432436 0.5827576518 0.8123837709 -0.9636859894 0.2047823668 -0.1713871062 -0.2662390172 -0.7864208221 0.5573679805
-151.1 -79.4 2411.3 0.9995689392 0.0200976320 -0.0214010086 -0.0206062589 0.9995039105 -0.0238172729 0.0209117215 0.0242480021 0.9994872212
-159.1 -476.8 2401.6 0.9989914298 0.0412756279 -0.0176766701 -0.0382537916 0.9885024428 0.1462859809 0.0235114768 -0.1454622447 0.9890844226
32.4 -83.7 2411.4 0.9969967604 -0.0771852210 0.0063203168 0.0773034170 0.9967803359 -0.0212877411 -0.0046568685 0.0217123907 0.9997534156
63.1 -480.0 2402.8 0.9995249510 -0.0295984671 -0.0085941916 0.0306298044 0.9849331975 0.1702011228 0.0034270121 -0.1703835130 0.9853718877
-260.8 -215.9 2303.6 0 0 0 0 0 0 0 0 0
130.9 -227.5 2316.6 0 0 0 0 0 0 0 0 0
-171.5 -774.7 2445.5 0 0 0 0 0 0 0 0 0
71.9 -774.2 2453.7 0 0 0 0 0 0 0 0 0
-42.9 513.8 2386.5 0 0.9996570349 0.0151118990 -0.0213888232 -0.0142930690 0.9991781116 0.0379315950 0.0219444614 -0.0376128741 0.9990513921
-45.9 313.4 2394.0 0.9996570349 0.0151118990 -0.0213888232 -0.0142930690 0.9991781116 0.0379315950 0.0219444614 -0.0376128741 0.9990513921
-49.2 114.7 2400.2 0.9996299744 0.0166814234 -0.0214872677 -0.0159947239 0.9993680716 0.0317432992 0.0220032129 -0.0313878693 0.9992650747
-186.6 315.6 2390.9 0.2214304507 -0.9322569966 -0.2861213386 0.9714834690 0.1853739619 0.1478388608 -0.0847843736 -0.3106981814 0.9467197061
-248.3 44.6 2414.6 0.0469647199 -0.9327279329 -0.3575092852 0.9235702157 0.1768948138 -0.3401856124 0.3805421889 -0.3142082095 0.8697475791
94.8 311.1 2397.1 0.1537355036 0.5842860341 0.7968533635 -0.9879086018 0.1072517112 0.1119540259 -0.0200507119 -0.8044295311 0.5937095881
136.6 42.7 2391.7 -0.0187093504 0.5890744328 0.8078621626 -0.9638352394 0.2042119503 -0.1712281704 -0.2658412457 -0.7818496227 0.5639500022
-151.2 -81.8 2405.1 0.9993829727 0.0220703576 -0.0273237973 -0.0221189465 0.9997542500 -0.0014772350 0.0272844806 0.0020806971 0.9996255636
-160.0 -479.2 2404.2 0.9989194870 0.0397681147 -0.0240483694 -0.0361621939 0.9901477098 0.1352769285 0.0291911457 -0.1342611164 0.9905159473
32.2 -86.3 2407.9 0.9970643520 -0.0765666068 -0.0004769994 0.0765516832 0.9969602823 -0.0144914873 0.0015851136 0.0144124301 0.9998948574
62.7 -482.7 2402.2 0.9993755221 -0.0320353545 -0.0149102723 0.0341416895 0.9841866493 0.1738131940 0.0091063231 -0.1742137223 0.9846657515
-261.7 -217.5 2306.6 0 0 0 0 0 0 0 0 0
131.3 -229.9 2316.5 0 0 0 0 0 0 0 0 0
-171.7 -770.8 2443.8 0 0 0 0 0 0 0 0 0
72.1 -772.7 2453.5 0 0 0 0 0 0 0 0 0
-43.1 511.3 2385.1 1 0.9995475411 0.0099790348 -0.0283757728 -0.0088128513 0.9991231561 0.0409300290 0.0287593324 -0.0406614356 0.9987590313
-45.1 310.8 2393.3 0.9995475411 0.0099790348 -0.0283757728 -0.0088128513 0.9991231561 0.0409300290 0.0287593324 -0.0406614356 0.9987590313
-47.5 112.2 2400.4 0.9995261431 0.0118048321 -0.0284267999 -0.0107710548 0.9992847443 0.0362488069 0.0288343783 -0.0359254442 0.9989383817
-185.8 312.3 2389.2 0.2126104683 -0.9326233268 -0.2915656567 0.9722430110 0.1720817983 0.1585287601 -0.0976744741 -0.3171775639 0.9433228970
-243.7 47.4 2415.8 0.0644277185 -0.9314981103 -0.3579948246 0.9241389036 0.1910701841 -0.3308465481 0.3765850663 -0.3095212579 0.8731439114
95.5 309.3 2397.3 0.1765076369 0.5852894783 0.7913793325 -0.9838437438 0.1293649375 0.1237585992 -0.0299421251 -0.8004379869 0.5986673236
142.8 46.0 2389.3 -0.0428079143 0.5883567333 0.8074675798 -0.9664584398 0.1804643124 -0.1827311367 -0.2532301545 -0.7882062197 0.5608970523
-144.2 -82.5 2404.5 0.9985826612 0.0405350998 -0.0344895013 -0.0409246720 0.9991053343 -0.0106651578 0.0340263322 0.0120615130 0.9993481636
-160.3 -479.6 2399.7 0.9989320040 0.0370962434 -0.0275450516 -0.0325714722 0.9882033467 0.1496438235 0.0327713378 -0.1485868245 0.9883562326
39.2 -85.4 2408.5 0.9983245730 -0.0575061217 -0.0064115184 0.0573604219 0.9981332421 -0.0209709667 0.0076055089 0.0205680635 0.9997595549
62.1 -482.2 2400.3 0.9992575645 -0.0341397896 -0.0178561769 0.0368045159 0.9829079509 0.1803811491 0.0113928039 -0.1809044182 0.9834346771
-262.0 -214.8 2309.0 0 0 0 0 0 0 0 0 0
130.7 -227.3 2317.7 0 0 0 0 0 0 0 0 0
-171.3 -770.8 2443.5 0 0 0 0 0 0 0 0 0
72.1 -772.1 2453.7 0 0 0 0 0 0 0 0 0
-42.5 513.3 2391.9 2 0.9998289943 0.0107638687 -0.0150381895 -0.0103697134 0.9996069670 0.0260468684 0.0153126437 -0.0258864723 0.9995476007
-44.6 312.9 2397.1 0.9998289943 0.0107638687 -0.0150381895 -0.0103697134 0.9996069670 0.0260468684 0.0153126437 -0.0258864723 0.9995476007
-46.8 114.2 2402.1 0.9998286366 0.0107793594 -0.0150508685 -0.0104029058 0.9996365309 0.0248702504 0.0153134838 -0.0247094147 0.9995774031
-185.3 314.3 2395.0 0.1995565146 -0.9384136796 -0.2820584774 0.9768212438 0.1677632332 0.1329501867 -0.0774432421 -0.3020517826 0.9501406550
-240.3 45.2 2416.3 0.0726327598 -0.9366224408 -0.3427285552 0.9193021059 0.1961390674 -0.3411936462 0.3867920935 -0.2902892530 0.8752850890
96.1 311.4 2399.3 0.1745919436 0.5756869912 0.7988129258 -0.9839745760 0.1318494976 0.1200406104 -0.0362172648 -0.8069697618 0.5894812346
143.4 44.6 2389.5 -0.0396352112 0.5786985159 0.8145778775 -0.9665030837 0.1846790314 -0.1782285571 -0.2535760403 -0.7943561673 0.5519940853
-141.5 -85.5 2404.9 0.9985701442 0.0493987538 -0.0204320904 -0.0495617688 0.9987425208 -0.0075501446 0.0200334284 0.0085519990 0.9997627139
-161.2 -482.5 2401.5 0.9994159341 0.0317998230 -0.0125134410 -0.0296072271 0.9885994792 0.1476295739 0.0170653760 -0.1471728683 0.9889635444
41.9 -87.5 2410.2 0.9987033010 -0.0504648574 0.0067087095 0.0506278872 0.9983556867 -0.0268841702 -0.0053409724 0.0271889586 0.9996160269
61.9 -484.4 2399.4 0.9993149638 -0.0367680155 -0.0042089825 0.0369072147 0.9817296863 0.1866673231 -0.0027313037 -0.1866947860 0.9824141860
-260.9 -215.6 2306.6 0 0 0 0 0 0 0 0 0
132.2 -228.7 2317.8 0 0 0 0 0 0 0 0 0
-170.4 -769.4 2444.2 0 0 0 0 0 0 0 0 0
72.7 -773.0 2454.3 0 0 0 0 0 0 0 0 0
-42.5 515.7 2388.4 3 0.9997685552 0.0115272012 -0.0181653481 -0.0108624371 0.9992826581 0.0362783484 0.0185705069 -0.0360726304 0.9991766214
-44.8 315.3 2395.6 0.9997685552 0.0115272012 -0.0181653481 -0.0108624371 0.9992826581 0.0362783484 0.0185705069 -0.0360726304 0.9991766214
-47.3 116.6 2402.2 0.9997536540 0.0127066663 -0.0181993246 -0.0120923501 0.9993663430 0.0334762000 0.0186131634 -0.0332478769 0.9992737770
-185.5 317.0 2393.0 0.1911786348 -0.9392331839 -0.2851170599 0.9776787162 0.1564226002 0.1402722001 -0.0871495530 -0.3055699468 0.9481729865
-238.5 45.9 2417.1 0.0822222605 -0.9362139106 -0.3416768312 0.9178507924 0.2047165781 -0.3400602937 0.3883160949 -0.2856478393 0.8761369586
95.9 313.6 2398.2 0.1743689477 0.5775413513 0.7975220680 -0.9841281176 0.1293377131 0.1215057299 -0.0329751000 -0.8060507178 0.5909271240
143.6 44.5 2389.2 -0.0370051414 0.5807733536 0.8132237792 -0.9661331177 0.1871712357 -0.1776337028 -0.2553770244 -0.7922558188 0.5541780591
-140.7 -83.6 2405.6 0.9983599186 0.0522684380 -0.0233555976 -0.0521281101 0.9986187220 0.0065777181 0.0236671455 -0.0053494466 0.9997055531
-161.5 -480.6 2407.7 0.9993534088 0.0316780470 -0.0170069002 -0.0293154176 0.9917622805 0.1246923581 0.0208168123 -0.1241131723 0.9920496941
42.8 -85.5 2408.4 0.9986166954 -0.0524359569 0.0038874755 0.0525212400 0.9982635975 -0.0266709290 -0.0024822096 0.0268382095 0.9996367097
63.6 -482.4 2397.7 0.9995860457 -0.0276486762 -0.0079536019 0.0286753159 0.9798724055 0.1975545436 0.0023313931 -0.1977008432 0.9802596569
-261.8 -214.5 2307.0 0 0 0 0 0 0 0 0 0
133.1 -228.7 2317.0 0 0 0 0 0 0 0 0 0
-170.7 -768.2 2443.7 0 0 0 0 0 0 0 0 0
71.8 -770.9 2455.9 0 0 0 0 0 0 0 0 0
-42.3 515.9 2386.1 4 0.9994806051 0.0129261678 -0.0295209717 -0.0116163623 0.9989588261 0.0441171452 0.0300605018 -0.0437513031 0.9985901117
-44.9 315.2 2394.9 0.9994806051 0.0129261678 -0.0295209717 -0.0116163623 0.9989588261 0.0441171452 0.0300605018 -0.0437513031 0.9985901117
-47.6 116.6 2402.0 0.9994703531 0.0134698134 -0.0296245217 -0.0123917498 0.9992648959 0.0362782553 0.0300914068 -0.0358919427 0.9989025593
-185.6 316.9 2390.6 0.2030436397 -0.9339432716 -0.2941484153 0.9747084975 0.1641396731 0.1516623199 -0.0933625773 -0.3175030351 0.9436499476
-241.8 46.8 2416.5 0.0680495501 -0.9320739508 -0.3558193445 0.9182509184 0.1979669333 -0.3429641128 0.3901083767 -0.3033928573 0.8693493009
95.8 313.5 2399.1 0.1749814004 0.5853888988 0.7916446924 -0.9838511348 0.1347183883 0.1178470626 -0.0376627333 -0.7994815707 0.5995087028
143.2 46.9 2388.9 -0.0239933841 0.5880305171 0.8084828258 -0.9657599926 0.1953382939 -0.1707355082 -0.2583253384 -0.7848968506 0.5632095337
-141.6 -80.9 2407.1 0.9980730414 0.0509758592 -0.0353788249 -0.0510730892 0.9986932278 -0.0018494274 0.0352383181 0.0036527696 0.9993722439
-161.8 -478.0 2405.7 0.9992302060 0.0272966381 -0.0281768665 -0.0233194418 0.9908516407 0.1329256594 0.0315475203 -0.1321662664 0.9907253981
41.9 -83.2 2410.5 0.9985752106 -0.0528107844 -0.0076533752 0.0526294298 0.9983667731 -0.0222240202 0.0088145435 0.0217895620 0.9997237325
62.9 -480.1 2401.9 0.9993551970 -0.0309323799 -0.0182298161 0.0337274894 0.9828668237 0.1812048852 0.0123123834 -0.1817028970 0.9832763672
-261.1 -213.7 2305.8 0 0 0 0 0 0 0 0 0
136.4 -226.2 2315.8 0 0 0 0 0 0 0 0 0
-170.1 -777.3 2445.6 0 0 0 0 0 0 0 0 0
71.9 -767.5 2455.0 0 0 0 0 0 0 0 0 0
-41.3 523.6 2399.4 5 0.9996791482 0.0162428599 -0.0194355268 -0.0160588529 0.9998251200 0.0095864637 0.0195878390 -0.0092712753 0.9997651577
-44.5 322.6 2401.3 0.9996791482 0.0162428599 -0.0194355268 -0.0160588529 0.9998251200 0.0095864637 0.0195878390 -0.0092712753 0.9997651577
-47.9 123.9 2403.0 0.9996727109 0.0166226849 -0.0194469355 -0.0164522342 0.9998251200 0.0088923126 0.0195913501 -0.0085694566 0.9997713566
-185.2 324.9 2398.5 0.1928185821 -0.9388336539 -0.2853285670 0.9789907336 0.1644116044 0.1206064373 -0.0663180500 -0.3025891781 0.9508110881
-240.2 45.6 2417.5 0.0811771750 -0.9363117814 -0.3416585326 0.9204663038 0.2019080371 -0.3346265554 0.3822983801 -0.2873211205 0.8782337308
96.1 320.3 2404.0 0.1656303555 0.5808461308 0.7969845533 -0.9850127101 0.1368786842 0.1049487740 -0.0481311120 -0.8024225831 0.5948120356
142.2 46.4 2390.7 -0.0147267664 0.5832204223 0.8121804595 -0.9653358459 0.2034031749 -0.1635660678 -0.2605951428 -0.7864356637 0.5600081086
-142.0 -81.0 2406.4 0.9985236526 0.0485025272 -0.0244543683 -0.0488124155 0.9987329841 -0.0122382855 0.0238297973 0.0134138949 0.9996260405
-161.3 -478.0 2401.0 0.9993709922 0.0312854573 -0.0166985709 -0.0286105294 0.9895088673 0.1416110098 0.0209537484 -0.1410441697 0.9897815585
41.4 -83.2 2411.9 0.9985634685 -0.0535678305 0.0012255664 0.0535810515 0.9981625080 -0.0282962304 0.0002924533 0.0283212494 0.9995988011
62.7 -480.1 2400.6 0.9995066524 -0.0297331084 -0.0101193665 0.0310845934 0.9825795889 0.1832241565 0.0044952594 -0.1834483296 0.9830190539
-263.3 -215.6 2309.0 0 0 0 0 0 0 0 0 0
138.0 -226.6 2317.0 0 0 0 0 0 0 0 0 0
-170.5 -771.6 2442.9 0 0 0 0 0 0 0 0 0
71.5 -770.1 2454.8 0 0 0 0 0 0 0 0 0
-40.8 520.8 2391.6 6 0.9997873902 0.0204738025 0.0024521749 -0.0205443129 0.9992311597 0.0333924331 -0.0017666195 -0.0334357098 0.9994392991
-44.9 319.6 2398.3 0.9997873902 0.0204738025 0.0024521749 -0.0205443129 0.9992311597 0.0333924331 -0.0017666195 -0.0334357098 0.9994392991
-49.1 121.0 2403.6 0.9997667670 0.0214739963 0.0023044276 -0.0215273108 0.9994208813 0.0263528358 -0.0017371923 -0.0263962969 0.9996500611
-185.6 322.7 2398.6 0.1984829903 -0.9430906177 -0.2668044865 0.9774382710 0.1704026312 0.1248095334 -0.0722425133 -0.2855574787 0.9556348324
-240.6 51.7 2418.6 0.0799639523 -0.9412529469 -0.3280984759 0.9209372401 0.1957099289 -0.3370048404 0.3814189434 -0.2752098739 0.8824846148
95.8 316.6 2398.1 0.1713992059 0.5641112328 0.8077133298 -0.9848829508 0.1189609990 0.1259121448 -0.0250579286 -0.8170843124 0.5759733319
141.4 54.5 2391.4 -0.0073344447 0.5669299364 0.8237333894 -0.9674243927 0.2044372857 -0.1493166834 -0.2530539036 -0.7979949117 0.5469623804
-142.9 -73.3 2402.9 0.9992268682 0.0391514711 -0.0035852001 -0.0391899422 0.9991670251 -0.0113755818 0.0031368427 0.0115072904 0.9999288917
-158.5 -470.5 2398.3 0.9991217852 0.0418229476 0.0025607720 -0.0417538732 0.9886243939 0.1444938481 0.0035115173 -0.1444738656 0.9895023704
40.5 -76.3 2406.5 0.9982411861 -0.0545533821 0.0232057255 0.0550037287 0.9983009100 -0.0192320962 -0.0221171211 0.0204746723 0.9995456934
62.2 -473.2 2398.4 0.9994267821 -0.0318456143 0.0114876069 0.0291467886 0.9820161462 0.1865336448 -0.0172212943 -0.1860918850 0.9823814034
-263.3 -209.5 2310.4 0 0 0 0 0 0 0 0 0
139.3 -219.0 2319.9 0 0 0 0 0 0 0 0 0
-171.1 -768.9 2441.9 0 0 0 0 0 0 0 0 0
71.9 -771.2 2454.8 0 0 0 0 0 0 0 0 0
-41.2 524.0 2402.2 7 0.9996669888 0.0235113893 -0.0106364237 -0.0234428551 0.9997038841 0.0065226671 0.0107866311 -0.0062711467 0.9999221563
-45.9 323.0 2403.5 0.9996669888 0.0235113893 -0.0106364237 -0.0234428551 0.9997038841 0.0065226671 0.0107866311 -0.0062711467 0.9999221563
-51.0 124.3 2404.6 0.9996083379 0.0258816797 -0.0106421784 -0.0258157160 0.9996469021 0.0062897373 0.0108012101 -0.0060125389 0.9999235868
-186.6 326.7 2401.9 0.1933740675 -0.9409132600 -0.2780084312 0.9794668555 0.1686676145 0.1104351059 -0.0570188388 -0.2936553359 0.9542093277
-241.8 47.1 2418.2 0.0736643001 -0.9392011762 -0.3353725076 0.9186152816 0.1948124617 -0.3437936604 0.3882261515 -0.2827529907 0.8771152496
94.7 319.3 2405.0 0.1743081957 0.5731338859 0.8007085919 -0.9832792878 0.1448390484 0.1103790700 -0.0527118780 -0.8065600991 0.5887972713
142.3 51.3 2390.6 -0.0013039308 0.5744641423 0.8185287118 -0.9666544795 0.2088858187 -0.1481412649 -0.2560808957 -0.7914276123 0.5550360084
-145.1 -75.6 2409.0 0.9991252422 0.0384576432 -0.0164239965 -0.0388601236 0.9989335537 -0.0249332711 0.0154476063 0.0255496986 0.9995542169
-160.4 -472.8 2398.8 0.9993972182 0.0334184021 -0.0094023114 -0.0316148736 0.9879990816 0.1511898041 0.0143419961 -0.1508014202 0.9884600043
38.3 -79.6 2408.7 0.9982084632 -0.0590634756 0.0095570330 0.0593257733 0.9977878928 -0.0299953464 -0.0077642626 0.0305085890 0.9995043278
61.8 -476.3 2396.6 0.9993430376 -0.0360294580 -0.0039254790 0.0361049026 0.9802524447 0.1944261789 -0.0031571100 -0.1944401860 0.9809092879
-262.7 -213.6 2308.1 0 0 0 0 0 0 0 0 0
141.9 -222.1 2318.2 0 0 0 0 0 0 0 0 0
-170.6 -775.5 2445.1 0 0 0 0 0 0 0 0 0
72.8 -774.8 2455.8 0 0 0 0 0 0 0 0 0
-40.4 525.5 2407.0 8 0.9994650483 0.0178929307 -0.0273759533 -0.0179751478 0.9998345971 -0.0027601190 0.0273220390 0.0032507293 0.9996213913
-44.0 324.9 2406.3 0.9994650483 0.0178929307 -0.0273759533 -0.0179751478 0.9998345971 -0.0027601190 0.0273220390 0.0032507293 0.9996213913
-47.7 126.2 2405.5 0.9994454980 0.0189258363 -0.0273947176 -0.0190363564 0.9998116493 -0.0037791764 0.0273180325 0.0042985766 0.9996175766
-184.6 327.6 2402.5 0.2013421357 -0.9349119067 -0.2922346592 0.9781020284 0.1758412868 0.1113387570 -0.0527050160 -0.3082524836 0.9498434663
-242.8 45.2 2417.7 0.0686992109 -0.9335522652 -0.3517962694 0.9175990224 0.1975191087 -0.3449612856 0.3915258646 -0.2991093397 0.8701960444
96.6 322.2 2410.2 0.1578857452 0.5868779421 0.7941324711 -0.9851258993 0.1488470286 0.0858575776 -0.0678163394 -0.7958761454 0.6016494632
139.8 52.7 2391.6 0.0070121051 0.5877823234 0.8089887500 -0.9651619792 0.2155869454 -0.1482719928 -0.2615590692 -0.7797654867 0.5688169003
-147.8 -71.9 2404.9 0.9989634156 0.0318572409 -0.0325139277 -0.0325561091 0.9992451072 -0.0211962294 0.0318141319 0.0222327858 0.9992464781
-160.5 -469.2 2396.0 0.9991205335 0.0326176658 -0.0263496283 -0.0281090811 0.9873049259 0.1563293636 0.0311142150 -0.1554512084 0.9873534441
35.6 -76.7 2406.8 0.9980109334 -0.0624965988 -0.0082683619 0.0623275563 0.9978685975 -0.0193279423 0.0094586685 0.0187741499 0.9997789860
60.4 -473.4 2399.4 0.9990016222 -0.0396328904 -0.0206146706 0.0427136384 0.9825794697 0.1808676720 0.0130872438 -0.1815676242 0.9832913876
-262.4 -217.5 2305.6 0 0 0 0 0 0 0 0 0
141.8 -220.2 2317.7 0 0 0 0 0 0 0 0 0
-170.5 -771.8 2443.7 0 0 0 0 0 0 0 0 0
72.4 -771.2 2454.4 0 0 0 0 0 0 0 0 0
-41.6 522.5 2410.4 9 0.9992854595 0.0132074067 -0.0354135670 -0.0136627723 0.9998266697 -0.0126474770 0.0352403894 0.0131222876 0.9992927313
-44.3 322.3 2407.8 0.9992854595 0.0132074067 -0.0354135670 -0.0136627723 0.9998266697 -0.0126474770 0.0352403894 0.0131222876 0.9992927313
-47.1 123.6 2405.1 0.9992676973 0.0144836865 -0.0354152806 -0.0149441324 0.9998067617 -0.0127713596 0.0352234617 0.0132912574 0.9992910624
-184.9 324.5 2402.8 0.1926151216 -0.9351451397 -0.2973262966 0.9794191718 0.1645902991 0.1168249175 -0.0603112355 -0.3137093484 0.9476017356
-238.7 50.8 2419.6 0.0841491297 -0.9321041107 -0.3522795141 0.9171055555 0.2106956691 -0.3384149671 0.3896617591 -0.2946001589 0.8725677133
96.4 320.2 2412.7 0.1702465862 0.5923702121 0.7874729037 -0.9828283191 0.1597899050 0.0922804847 -0.0711660087 -0.7896611094 0.6094019413
141.9 57.5 2393.7 -0.0060351682 0.5934473276 0.8048502207 -0.9644576907 0.2091692984 -0.1614606380 -0.2641683519 -0.7772184014 0.5710924864
-143.1 -70.8 2402.1 0.9983862638 0.0407150388 -0.0395868719 -0.0409327559 0.9991508126 -0.0047045639 0.0393617116 0.0063173720 0.9992050529
-159.3 -468.0 2399.6 0.9986872077 0.0391004011 -0.0330902450 -0.0339509062 0.9889997244 0.1439683437 0.0383554623 -0.1426558942 0.9890288711
40.2 -74.3 2407.2 0.9985524416 -0.0511369705 -0.0166755505 0.0507903509 0.9984971285 -0.0205864776 0.0177032202 0.0197097212 0.9996489882
60.6 -471.3 2399.3 0.9987622499 -0.0420887098 -0.0265044700 0.0461503752 0.9829049110 0.1782360524 0.0185496472 -0.1792386323 0.9836307168
-262.8 -211.6 2308.2 0 0 0 0 0 0 0 0 0
140.2 -215.2 2319.0 0 0 0 0 0 0 0 0 0
-171.2 -769.0 2443.1 0 0 0 0 0 0 0 0 0
73.4 -772.0 2454.2 0 0 0 0 0 0 0 0 0
-41.2 517.7 2397.1 0 0.9995321631 0.0127458628 -0.0278027710 -0.0120727746 0.9996331334 0.0242443737 0.0281015877 -0.0238973740 0.9993193746
-43.7 317.2 2401.9 0.9995321631 0.0127458628 -0.0278027710 -0.0120727746 0.9996331334 0.0242443737 0.0281015877 -0.0238973740 0.9993193746
-46.8 118.6 2405.4 0.9994902015 0.0155460266 -0.0278870855 -0.0150393927 0.9997196794 0.0182859935 0.0281635430 -0.0178572666 0.9994438291
-184.4 319.4 2397.9 0.1925466359 -0.9368112683 -0.2920794487 0.9779088497 0.1585067809 0.1362714916 -0.0813641027 -0.3118656874 0.9466359615
-238.2 46.1 2420.6 0.0838752314 -0.9335445762 -0.3485103250 0.9144300222 0.2110814154 -0.3453437984 0.3959578872 -0.2897225022 0.8713657260
96.9 315.1 2405.8 0.1758543104 0.5850470066 0.7917040586 -0.9832765460 0.1430785060 0.1126756519 -0.0473552756 -0.7982785106 0.6004239321
143.2 56.4 2393.4 -0.0085357903 0.5868743658 0.8096330166 -0.9651629925 0.2069074214 -0.1601553857 -0.2615101635 -0.7827948332 0.5646632910
-141.6 -73.7 2399.3 0.9984244108 0.0452424958 -0.0331936367 -0.0452637076 0.9989750385 0.0001124752 0.0331647061 0.0013901691 0.9994489551
-159.6 -470.9 2398.7 0.9989799857 0.0370709002 -0.0257826503 -0.0326431021 0.9873911142 0.1548975855 0.0311997514 -0.1538979560 0.9875940681
41.7 -76.5 2405.7 0.9987676740 -0.0490334071 -0.0076725720 0.0488771163 0.9986167550 -0.0193805490 0.0086122537 0.0189816523 0.9997827411
61.2 -473.6 2398.2 0.9990880489 -0.0387946181 -0.0178353842 0.0414963327 0.9806068540 0.1915417314 0.0100587113 -0.1921071410 0.9813224077
-262.2 -215.5 2307.4 0 0 0 0 0 0 0 0 0
140.8 -216.5 2319.4 0 0 0 0 0 0 0 0 0
-171.1 -776.2 2446.3 0 0 0 0 0 0 0 0 0
73.0 -771.2 2456.5 0 0 0 0 0 0 0 0 0
-40.4 518.4 2391.4 1 0.9994532466 0.0163957551 -0.0287127011 -0.0153079303 0.9991716743 0.0377050601 0.0293071195 -0.0372449085 0.9988763332
-43.7 317.9 2398.9 0.9994532466 0.0163957551 -0.0287127011 -0.0153079303 0.9991716743 0.0377050601 0.0293071195 -0.0372449085 0.9988763332
-47.4 119.3 2404.8 0.9994078279 0.0187558457 -0.0288473796 -0.0178881660 0.9993883967 0.0300478134 0.0293933079 -0.0295139942 0.9991320968
-184.3 320.4 2394.8 0.1858283132 -0.9369755983 -0.2958792746 0.9794813395 0.1527394354 0.1314800680 -0.0780011863 -0.3142409325 0.9461334348
-237.3 41.5 2417.0 0.0875649378 -0.9332571626 -0.3483724892 0.9161722660 0.2127506137 -0.3396550417 0.3911019862 -0.2894273400 0.8736538291
97.0 315.4 2403.0 0.1637848616 0.5863486528 0.7933282852 -0.9855920076 0.1316813529 0.1061526090 -0.0422241017 -0.7992842197 0.5994679928
141.3 48.5 2391.6 0.0030553062 0.5882417560 0.8086793423 -0.9646120071 0.2149485797 -0.1527113914 -0.2636556923 -0.7795952559 0.5680817962
-141.5 -78.6 2406.4 0.9983248711 0.0457820073 -0.0353767872 -0.0462597795 0.9988473654 -0.0128064146 0.0347497053 0.0144214844 0.9992920160
-159.7 -475.7 2400.7 0.9989910126 0.0356035233 -0.0273737926 -0.0310599469 0.9879717231 0.1514831334 0.0324378684 -0.1504800618 0.9880807400
41.9 -81.4 2411.6 0.9989396930 -0.0453539528 -0.0079069156 0.0451326929 0.9986369014 -0.0262171254 0.0090851877 0.0258324668 0.9996250272
59.9 -478.5 2401.3 0.9987710118 -0.0465533771 -0.0170089193 0.0488447361 0.9827403426 0.1784254014 0.0084090466 -0.1790369004 0.9838064313
-262.1 -218.6 2305.9 0 0 0 0 0 0 0 0 0
142.2 -224.3 2317.1 0 0 0 0 0 0 0 0 0
-170.5 -775.1 2446.3 0 0 0 0 0 0 0 0 0
73.7 -770.0 2454.4 0 0 0 0 0 0 0 0 0
-40.2 516.5 2387.1 2 0.9994653463 0.0182685908 -0.0271158721 -0.0169211570 0.9986497760 0.0491155945 0.0279765315 -0.0486305021 0.9984249473
-43.9 315.4 2396.9 0.9994653463 0.0182685908 -0.0271158721 -0.0169211570 0.9986497760 0.0491155945 0.0279765315 -0.0486305021 0.9984249473
-47.9 116.9 2404.6 0.9994207025 0.0203143880 -0.0273058824 -0.0192335863 0.9990432262 0.0392775200 0.0280776545 -0.0387295745 0.9988551736
-184.5 318.1 2392.9 0.1964866817 -0.9352074265 -0.2945846021 0.9770393372 0.1615027934 0.1389638484 -0.0823837742 -0.3151253164 0.9454675913
-240.0 42.3 2416.2 0.0729442537 -0.9330114722 -0.3523758054 0.9203014970 0.1991286129 -0.3367387354 0.3843491971 -0.2997288108 0.8731771708
96.8 312.7 2400.9 0.1625697762 0.5852300525 0.7944034338 -0.9861075282 0.1241926551 0.1103091910 -0.0341028161 -0.8013001680 0.5972897410
140.6 46.7 2391.7 -0.0002261862 0.5876626372 0.8091059923 -0.9648863077 0.2123978585 -0.1545366496 -0.2626678050 -0.7807302475 0.5669795871
-142.8 -77.7 2407.9 0.9985257983 0.0418905802 -0.0345171317 -0.0425057709 0.9989466667 -0.0172857735 0.0337566622 0.0187274683 0.9992545843
-159.5 -474.9 2400.5 0.9989677668 0.0363790877 -0.0272030402 -0.0320225358 0.9887240529 0.1462850720 0.0322180167 -0.1452629566 0.9888683558
40.6 -81.0 2413.3 0.9985481501 -0.0535851754 -0.0055023781 0.0533492528 0.9979062676 -0.0365636535 0.0074501275 0.0362170190 0.9993161559
61.9 -477.7 2398.9 0.9991087317 -0.0386008285 -0.0170797892 0.0410721190 0.9823660254 0.1824008971 0.0097377794 -0.1829398274 0.9830758572
-260.6 -218.0 2307.5 0 0 0 0 0 0 0 0 0
140.6 -226.1 2317.4 0 0 0 0 0 0 0 0 0
-170.5 -774.7 2444.6 0 0 0 0 0 0 0 0 0
73.5 -772.2 2453.8 0 0 0 0 0 0 0 0 0
-40.4 516.5 2384.9 3 0.9990492463 0.0215638652 -0.0378885753 -0.0196283180 0.9985192418 0.0507350005 0.0389265157 -0.0499430783 0.9979931712
-44.8 315.3 2395.0 0.9990492463 0.0215638652 -0.0378885753 -0.0196283180 0.9985192418 0.0507350005 0.0389265157 -0.0499430783 0.9979931712
-49.3 116.7 2402.7 0.9990115166 0.0228446331 -0.0381323881 -0.0213259812 0.9989812970 0.0397682749 0.0390020348 -0.0389157534 0.9984810352
-185.3 318.3 2389.5 0.1960024983 -0.9329693913 -0.3019123971 0.9758858681 0.1554201692 0.1532689631 -0.0960719809 -0.3246731460 0.9409343600
-241.0 41.3 2416.8 0.0773990825 -0.9300537705 -0.3591786921 0.9159833193 0.2085883915 -0.3427323401 0.3936800361 -0.3024745286 0.8680583239
95.8 312.2 2400.5 0.1618885845 0.5937644243 0.7881851792 -0.9862033129 0.1253296733 0.1081455871 -0.0345699862 -0.7948184013 0.6058619022
140.0 43.3 2391.1 -0.0052150344 0.5962690711 0.8027676940 -0.9653590918 0.2064239681 -0.1595961154 -0.2608727217 -0.7757914066 0.5745372772
-143.6 -79.9 2409.7 0.9983035922 0.0359302536 -0.0458140299 -0.0371240415 0.9989858270 -0.0254779868 0.0448521376 0.0271355677 0.9986250401
