-382.4 545.2 2450.1 0.9898684621 0.0508942604 -0.1325527579 -0.0439762212 0.9975390434 0.0546072386 0.1350057423 -0.0482248142 0.9896705747
-392.8 341.3 2459.9 0.9898684621 0.0508942604 -0.1325527579 -0.0439762212 0.9975390434 0.0546072386 0.1350057423 -0.0482248142 0.9896705747
-402.7 145.8 2467.2 0.9898179173 0.0504105948 -0.1331135482 -0.0449711345 0.9980381131 0.0435602404 0.1350483000 -0.0371304415 0.9901430607
-533.9 347.7 2440.7 0.1686953753 -0.9140470028 -0.3688629866 0.9842833877 0.1760480255 0.0139018856 0.0522306226 -0.3654109240 0.9293798208
-579.2 82.9 2426.6 -0.0475239530 -0.9151858091 -0.4002204835 0.9678227305 0.0569310859 -0.2451081127 0.2471044511 -0.3989909887 0.8830320239
-251.8 334.9 2479.2 0.1001732275 0.9756312966 0.1952150315 -0.9895618558 0.0772633255 0.1216457710 0.1035984531 -0.2053630054 0.9731872082
-227.2 91.5 2504.6 0.0185963660 0.9755771160 0.2188685983 -0.9576258063 0.0803071484 -0.2765927017 -0.2874142230 -0.2044506073 0.9357312918
-500.0 -48.8 2462.1 0.6944107413 0.0024222485 -0.7195747495 0.0772764012 0.9939602017 0.0779198930 0.7154173851 -0.1097145602 0.6900294423
-500.9 -438.2 2505.1 0.6958062053 0.0585797280 -0.7158366442 -0.1114912182 0.9933964610 -0.0270779524 0.7095233798 0.0986505076 0.6977425814
-321.0 -56.1 2486.2 0.9945999980 -0.0205196086 -0.1017339751 0.0333380923 0.9914762974 0.1259496808 0.0982823893 -0.1286611706 0.9868063927
-313.0 -444.3 2536.6 0.9925904274 0.0724489391 -0.0975468233 -0.0750269070 0.9969157577 -0.0230197310 0.0955782086 0.0301678013 0.9949646592
-566.0 -186.2 2357.9 0 0 0 0 0 0 0 0 0
-222.4 -154.7 2430.8 0 0 0 0 0 0 0 0 0
-519.1 -746.9 2474.5 0 0 0 0 0 0 0 0 0
-336.2 -762.8 2526.9 0 0 0 0 0 0 0 0 0
-381.0 542.8 2440.7 0.9862676263 0.0544347577 -0.1559262127 -0.0425076485 0.9959811568 0.0788326338 0.1595908105 -0.0711220205 0.9846178889
-392.0 340.2 2455.1 0.9862676263 0.0544347577 -0.1559262127 -0.0425076485 0.9959811568 0.0788326338 0.1595908105 -0.0711220205 0.9846178889
-402.3 145.0 2467.0 0.9863006473 0.0521039031 -0.1565127224 -0.0418905355 0.9968149066 0.0678621083 0.1595500857 -0.0603760406 0.9853418469
-532.6 346.1 2432.4 0.1699172407 -0.9058834910 -0.3879474103 0.9853505492 0.1620022655 0.0532878302 0.0145757915 -0.3913187087 0.9201397896
-577.4 85.9 2428.6 -0.0414262414 -0.9059813619 -0.4212856889 0.9656324387 0.0719792545 -0.2497459203 0.2565889955 -0.4171531498 0.8718631268
-251.5 334.2 2477.9 0.0982236937 0.9798824191 0.1737313718 -0.9886140823 0.0760817453 0.1298220456 0.1139925569 -0.1845048815 0.9761985540
-227.8 95.3 2505.4 0.0263965018 0.9797679186 0.1983885020 -0.9592979550 0.0806447789 -0.2706359327 -0.2811594307 -0.1831698418 0.9420181513
-502.1 -45.6 2462.3 0.6772578359 0.0048514749 -0.7357297540 0.0832021981 0.9930586219 0.0831380561 0.7310261130 -0.1175202355 0.6721531153
-504.0 -434.6 2508.3 0.6813334227 0.0451551117 -0.7305790782 -0.1103045568 0.9930313230 -0.0414927490 0.7236143351 0.1088565961 0.6815662384
-323.2 -53.7 2486.7 0.9919163585 -0.0247421525 -0.1244579107 0.0403465740 0.9914030433 0.1244676262 0.1203083470 -0.1284829229 0.9843871593
-313.5 -441.9 2537.0 0.9904903173 0.0681568831 -0.1195140481 -0.0712221190 0.9972274303 -0.0215615388 0.1177131161 0.0298685394 0.9925983548
-565.9 -182.5 2357.2 0 0 0 0 0 0 0 0 0
-221.0 -151.4 2433.1 0 0 0 0 0 0 0 0 0
-518.2 -747.1 2474.0 0 0 0 0 0 0 0 0 0
-335.4 -762.7 2527.4 0 0 0 0 0 0 0 0 0
-378.8 542.6 2435.5 0.9845021963 0.0589559227 -0.1651653051 -0.0435373224 0.9944800138 0.0954673514 0.1698819548 -0.0867969617 0.9816345572
-390.8 340.3 2453.1 0.9845021963 0.0589559227 -0.1651653051 -0.0435373224 0.9944800138 0.0954673514 0.1698819548 -0.0867969617 0.9816345572
-402.2 145.3 2467.9 0.9844499826 0.0579585247 -0.1658281833 -0.0444259457 0.9954593182 0.0841849148 0.1699544340 -0.0755087659 0.9825547934
-531.1 346.5 2428.9 0.1788933575 -0.9007744193 -0.3957304657 0.9838627577 0.1624106318 0.0750792995 -0.0033586798 -0.4027756453 0.9152925611
-578.7 84.6 2429.8 -0.0518645309 -0.8999593854 -0.4328777492 0.9627601504 0.0701087043 -0.2611085773 0.2653356194 -0.4302996993 0.8628088832
-250.6 334.0 2477.3 0.0941557810 0.9815594554 0.1663602889 -0.9890871644 0.0732080787 0.1278561950 0.1133195385 -0.1765832156 0.9777407646
-227.7 93.9 2504.9 0.0295539722 0.9813275933 0.1900597364 -0.9579584599 0.0820939317 -0.2749112844 -0.2853807807 -0.1739446074 0.9424972534
-501.7 -46.4 2464.4 0.6703414321 0.0082885185 -0.7420065403 0.0780959427 0.9935964942 0.0816520974 0.7379318476 -0.1126824841 0.6654015779
-505.0 -435.6 2508.5 0.6742652059 0.0424055904 -0.7372707725 -0.1090628281 0.9931207299 -0.0426212437 0.7303915024 0.1091468558 0.6742516160
-323.5 -53.9 2493.2 0.9908627272 -0.0247172825 -0.1325902194 0.0381985940 0.9942420721 0.1001174822 0.1293521523 -0.1042674407 0.9861015677
-313.8 -443.3 2534.0 0.9896584153 0.0626014322 -0.1290629506 -0.0644189939 0.9978733063 -0.0099525098 0.1281654388 0.0181636903 0.9915864468
-564.3 -183.0 2356.1 0 0 0 0 0 0 0 0 0
-220.1 -152.4 2431.5 0 0 0 0 0 0 0 0 0
-518.3 -748.4 2474.1 0 0 0 0 0 0 0 0 0
-333.9 -763.6 2528.2 0 0 0 0 0 0 0 0 0
-378.6 542.4 2433.4 0.9745871425 0.0586773306 -0.2161871940 -0.0366879068 0.9938625097 0.1043615863 0.2209839970 -0.0937779993 0.9707583189
-390.5 340.8 2452.4 0.9745871425 0.0586773306 -0.2161871940 -0.0366879068 0.9938625097 0.1043615863 0.2209839970 -0.0937779993 0.9707583189
-401.5 145.9 2468.5 0.9745908976 0.0560121015 -0.2168759555 -0.0366221219 0.9950466752 0.0924171954 0.2209781855 -0.0821264982 0.9718147516
-529.2 345.9 2421.0 0.1786488295 -0.8804361224 -0.4392229319 0.9836075306 0.1486894786 0.1020182222 -0.0245127007 -0.4502483904 0.8925668001
-576.9 83.5 2427.5 -0.0436314307 -0.8794764876 -0.4739381671 0.9653810263 0.0849994868 -0.2466060370 0.2571687102 -0.4682906866 0.8453212976
-251.8 335.6 2483.8 0.0967449322 0.9881920218 0.1188145503 -0.9916064739 0.0854084045 0.0970672145 0.0857732892 -0.1272080392 0.9881604314
-228.0 91.9 2504.9 0.0325031951 0.9887096882 0.1462759078 -0.9576032162 0.0727221891 -0.2787607014 -0.2862508893 -0.1310136765 0.9491553307
-502.6 -45.6 2467.3 0.6307587624 0.0044373758 -0.7759662867 0.0765259638 0.9947533011 0.0678940862 0.7721962929 -0.1022063568 0.6271098256
-504.3 -435.2 2507.4 0.6338334084 0.0424467251 -0.7723040581 -0.1089602187 0.9934359193 -0.0348237455 0.7657564282 0.1062228680 0.6342978477
-324.7 -53.6 2498.0 0.9826216102 -0.0298239421 -0.1832084805 0.0453976765 0.9956464171 0.0814079940 0.1799829602 -0.0883104876 0.9796975851
-313.0 -443.5 2532.6 0.9814853072 0.0655363649 -0.1799765229 -0.0674018487 0.9977167845 -0.0042627337 0.1792862415 0.0163145605 0.9836616516
-564.7 -184.8 2356.0 0 0 0 0 0 0 0 0 0
-219.7 -154.3 2431.3 0 0 0 0 0 0 0 0 0
-517.7 -748.9 2473.8 0 0 0 0 0 0 0 0 0
-334.0 -763.0 2527.4 0 0 0 0 0 0 0 0 0
-378.3 539.5 2431.8 0.9803686738 0.0589910224 -0.1881418973 -0.0398670100 0.9937925935 0.1038602889 0.1931008399 -0.0943207145 0.9766348600
-390.3 337.8 2451.0 0.9803686738 0.0589910224 -0.1881418973 -0.0398670100 0.9937925935 0.1038602889 0.1931008399 -0.0943207145 0.9766348600
-401.5 143.0 2467.5 0.9803698659 0.0570657216 -0.1887283325 -0.0398457237 0.9947922230 0.0938120484 0.1930989325 -0.0844504908 0.9775381684
-529.8 343.5 2423.5 0.1778647602 -0.8914172053 -0.4168207049 0.9840060472 0.1568898261 0.0843664929 -0.0098108128 -0.4251599312 0.9050650597
-576.7 84.0 2426.1 -0.0473430119 -0.8906368613 -0.4522439837 0.9660084844 0.0743669644 -0.2475825250 0.2541381419 -0.4485928416 0.8568420410
-250.7 332.2 2478.5 0.0944495723 0.9848855734 0.1451885998 -0.9898335934 0.0773263946 0.1193737388 0.1063425615 -0.1549873501 0.9821762443
-228.0 93.8 2504.1 0.0318897963 0.9849234819 0.1700257212 -0.9623472691 0.0762016028 -0.2609234154 -0.2699458301 -0.1553029865 0.9502685070
-500.5 -45.7 2464.6 0.6528141499 0.0061942679 -0.7574927807 0.0767944157 0.9942737222 0.0743126273 0.7536154985 -0.1066835523 0.6486002803
-503.0 -435.1 2506.4 0.6546841860 0.0512313209 -0.7541643977 -0.1095724925 0.9935948849 -0.0276228860 0.7479187250 0.1007199362 0.6561044455
-324.6 -52.2 2504.5 0.9875751138 -0.0321773887 -0.1538179815 0.0399610624 0.9980581403 0.0477814414 0.1519818008 -0.0533344932 0.9869432449
-312.0 -442.9 2525.4 0.9854782224 0.0740909204 -0.1527848989 -0.0722057819 0.9972298741 0.0178581458 0.1536847949 -0.0065668602 0.9880980849
-563.6 -184.5 2355.4 0 0 0 0 0 0 0 0 0
-219.8 -153.5 2434.7 0 0 0 0 0 0 0 0 0
-519.1 -748.7 2474.6 0 0 0 0 0 0 0 0 0
-335.7 -762.3 2527.5 0 0 0 0 0 0 0 0 0
-378.9 539.2 2430.6 0.9754756689 0.0619708002 -0.2112032771 -0.0396483913 0.9933233261 0.1083363816 0.2165068388 -0.0973056331 0.9714198112
-391.4 337.6 2450.3 0.9754756689 0.0619708002 -0.2112032771 -0.0396483913 0.9933233261 0.1083363816 0.2165068388 -0.0973056331 0.9714198112
-403.3 142.9 2467.4 0.9754396677 0.0604424328 -0.2118116468 -0.0402331538 0.9943275452 0.0984580591 0.2165612131 -0.0875180438 0.9723383188
-530.4 343.3 2419.5 0.1834264398 -0.8815023899 -0.4350957274 0.9826738238 0.1524507850 0.1054081321 -0.0265868306 -0.4468918443 0.8941928148
-578.9 83.1 2426.5 -0.0560804680 -0.8798273802 -0.4719732702 0.9635351300 0.0761843920 -0.2565073669 0.2616392076 -0.4691478610 0.8434721231
-252.5 331.9 2481.1 0.1021620259 0.9870918393 0.1233394742 -0.9900445342 0.0888243392 0.1091879010 0.0968229398 -0.1332664341 0.9863393903
-227.7 91.6 2504.6 0.0318861343 0.9877633452 0.1526656151 -0.9600031376 0.0727768615 -0.2703655958 -0.2781677544 -0.1379385442 0.9505764842
-501.2 -48.2 2466.6 0.6347533464 -0.0005812817 -0.7727146149 0.0700826347 0.9959216118 0.0568208210 0.7695301175 -0.0902210847 0.6322053075
-501.0 -438.3 2502.0 0.6346923113 0.0561247431 -0.7707241178 -0.1049523428 0.9943784475 -0.0140169561 0.7656047940 0.0897857547 0.6370148063
-324.2 -55.4 2501.5 0.9836297631 -0.0311233588 -0.1774931103 0.0427570753 0.9971536398 0.0621002167 0.1750551462 -0.0686727092 0.9821607471
-312.0 -445.8 2528.4 0.9815265536 0.0758312717 -0.1756565869 -0.0751189888 0.9971170425 0.0107105011 0.1759623736 0.0026825038 0.9843932390
-563.3 -184.8 2353.8 0 0 0 0 0 0 0 0 0
-219.6 -155.2 2433.1 0 0 0 0 0 0 0 0 0
-518.4 -747.8 2474.0 0 0 0 0 0 0 0 0 0
-335.8 -758.6 2527.5 0 0 0 0 0 0 0 0 0
-379.4 537.2 2430.4 0.9841101766 0.0626643449 -0.1661336571 -0.0451516025 0.9932146668 0.1071726978 0.1717222929 -0.0979685336 0.9802620411
-392.1 336.2 2450.2 0.9841101766 0.0626643449 -0.1661336571 -0.0451516025 0.9932146668 0.1071726978 0.1717222929 -0.0979685336 0.9802620411
-404.1 141.5 2467.7 0.9840980768 0.0613203794 -0.1667058170 -0.0453455038 0.9941526651 0.0980013534 0.1717405170 -0.0888835862 0.9811242819
-532.1 342.6 2425.8 0.1768740714 -0.8994975090 -0.3995245099 0.9842332602 0.1613529623 0.0724580213 -0.0007113462 -0.4060412347 0.9138544798
-578.9 82.4 2426.0 -0.0612019263 -0.8979056478 -0.4359125793 0.9612043500 0.0646644682 -0.2681504488 0.2689618468 -0.4354124069 0.8591132164
-252.0 329.7 2474.7 0.1011484265 0.9811488986 0.1646689475 -0.9861087203 0.0769549683 0.1471987814 0.1317518204 -0.1772704124 0.9753033519
-227.6 91.9 2506.5 0.0309636313 0.9809787273 0.1916298121 -0.9596409798 0.0827921703 -0.2687650323 -0.2795182168 -0.1755738705 0.9439509511
-503.3 -48.2 2465.0 0.6695614457 -0.0012759289 -0.7427555323 0.0736576170 0.9951832891 0.0646895394 0.7390953898 -0.0980232283 0.6664304137
-502.8 -438.0 2503.4 0.6712474823 0.0501180813 -0.7395370603 -0.1033663750 0.9942919016 -0.0264387187 0.7339906096 0.0941901878 0.6725964546
-327.1 -55.5 2504.1 0.9906557202 -0.0350481868 -0.1318059564 0.0420364700 0.9978331327 0.0506155267 0.1297463626 -0.0556832217 0.9899824262
-313.3 -446.2 2525.9 0.9889633656 0.0703544021 -0.1303906888 -0.0692546964 0.9975149035 0.0129549718 0.1309780926 -0.0037818248 0.9913780689
-561.9 -184.8 2351.2 0 0 0 0 0 0 0 0 0
-219.7 -154.8 2434.6 0 0 0 0 0 0 0 0 0
-518.4 -747.6 2474.1 0 0 0 0 0 0 0 0 0
-335.5 -759.9 2527.1 0 0 0 0 0 0 0 0 0
-378.3 536.1 2429.8 0.9808889627 0.0677446947 -0.1823937744 -0.0480825007 0.9927515984 0.1101466566 0.1885335594 -0.0992716923 0.9770364761
-392.0 335.5 2449.9 0.9808889627 0.0677446947 -0.1823937744 -0.0480825007 0.9927515984 0.1101466566 0.1885335594 -0.0992716923 0.9770364761
-404.7 140.9 2467.6 0.9809451699 0.0652778894 -0.1829902083 -0.0472435839 0.9937396646 0.1012396365 0.1884533465 -0.0906654224 0.9778881073
-531.6 342.3 2423.1 0.1815823466 -0.8926222920 -0.4126176238 0.9833001494 0.1596097648 0.0874385983 -0.0121918386 -0.4216043055 0.9066979289
-579.8 81.7 2426.3 -0.0666256994 -0.8903937936 -0.4502886534 0.9603977799 0.0651408210 -0.2709110081 0.2705496848 -0.4505058527 0.8507921696
-252.3 328.8 2476.7 0.1012378559 0.9834645391 0.1501612514 -0.9876976609 0.0812755525 0.1335948706 0.1191813722 -0.1618387699 0.9795938134
-227.7 89.2 2505.7 0.0182527285 0.9838492274 0.1780662537 -0.9602355957 0.0668742657 -0.2710635662 -0.2785937190 -0.1660379022 0.9459476471
-505.0 -49.1 2469.6 0.6571602821 0.0005514753 -0.7537506819 0.0636824816 0.9963836670 0.0562507994 0.7510558367 -0.0849665031 0.6547486782
-505.2 -439.4 2502.8 0.6594736576 0.0382398851 -0.7507544160 -0.0957764834 0.9948403835 -0.0334589966 0.7456012964 0.0939699411 0.6597335339
-327.3 -57.3 2500.6 0.9881805778 -0.0373809300 -0.1486668736 0.0471287332 0.9969257116 0.0625942126 0.1458700001 -0.0688608587 0.9869043231
-312.7 -447.8 2527.5 0.9865576625 0.0725652352 -0.1464181989 -0.0721163601 0.9973610044 0.0083786454 0.1466398090 0.0022931318 0.9891873002
-561.2 -185.3 2351.1 0 0 0 0 0 0 0 0 0
-223.0 -157.7 2434.0 0 0 0 0 0 0 0 0 0
-517.0 -747.6 2473.7 0 0 0 0 0 0 0 0 0
-335.3 -759.5 2526.8 0 0 0 0 0 0 0 0 0
-377.6 537.8 2430.1 0.9808263779 0.0693024024 -0.1821449697 -0.0495394953 0.9925962687 0.1108988076 0.1884819567 -0.0997491032 0.9769977927
-391.6 337.1 2450.2 0.9808263779 0.0693024024 -0.1821449697 -0.0495394953 0.9925962687 0.1108988076 0.1884819567 -0.0997491032 0.9769977927
-404.7 142.5 2467.8 0.9808583260 0.0669363439 -0.1828565001 -0.0490739830 0.9937235713 0.1005247310 0.1884375811 -0.0896270201 0.9779868722
-531.3 344.1 2423.4 0.1786713004 -0.8930943608 -0.4128668308 0.9838461876 0.1574360728 0.0852086246 -0.0110992081 -0.4214218259 0.9067968130
-579.4 79.3 2426.4 -0.0658884421 -0.8908210397 -0.4495514929 0.9583581686 0.0689629018 -0.2771169245 0.2778639793 -0.4490901530 0.8491817713
-251.9 330.2 2477.1 0.0995812044 0.9835927486 0.1504288763 -0.9880860448 0.0799210593 0.1315241009 0.1173437238 -0.1617339998 0.9798329473
-227.5 88.4 2505.8 0.0111517599 0.9840156436 0.1777325869 -0.9593539834 0.0606529489 -0.2756104767 -0.2819850147 -0.1674349308 0.9446957111
-506.1 -49.5 2468.4 0.6572600007 0.0021372081 -0.7536609173 0.0716659054 0.9952874184 0.0653215051 0.7502488494 -0.0969450027 0.6540094614
-507.0 -439.3 2506.3 0.6614514589 0.0345200412 -0.7491931319 -0.1041099355 0.9934949279 -0.0461405553 0.7427268028 0.1085181832 0.6607425809
-328.9 -58.0 2502.4 0.9879370332 -0.0422625244 -0.1489775032 0.0533920228 0.9960095286 0.0715146884 0.1453606188 -0.0786062181 0.9862511754
-312.4 -448.1 2533.2 0.9865502715 0.0760445595 -0.1446918845 -0.0792056024 0.9967265725 -0.0162046235 0.1429859698 0.0274470840 0.9893440604
-561.1 -187.1 2349.1 0 0 0 0 0 0 0 0 0
-224.6 -158.3 2433.3 0 0 0 0 0 0 0 0 0
-517.7 -746.7 2472.8 0 0 0 0 0 0 0 0 0
-336.1 -759.2 2524.6 0 0 0 0 0 0 0 0 0
-377.4 539.2 2429.7  0.9817777276 0.0686492622 -0.1771998852 -0.0494471081 0.9926346540 0.1105958372 0.1834870577 -0.0998185053 0.9779410958
-391.4 336.2 2450.1 0.9817777276 0.0686492622 -0.1771998852 -0.0494471081 0.9926346540 0.1105958372 0.1834870577 -0.0998185053 0.9779410958
-404.6 141.6 2467.1 0.9817043543 0.0673625544 -0.1780977100 -0.0505182035 0.9939543009 0.0974822193 0.1835876256 -0.0867015496 0.9791722894
-531.3 343.4 2423.9 0.1774552912 -0.8953730464 -0.4084320664 0.9840796590 0.1572942436 0.0827386975 -0.0098379869 -0.4166121185 0.9090310931
-578.8 80.1 2426.5 -0.0690276101 -0.8930003643 -0.4447309077 0.9616432786 0.0590694547 -0.2678675652 0.2654758394 -0.4461627305 0.8546703458
-251.5 329.0 2476.2 0.0978739336 0.9831971526 0.1540909111 -0.9872689843 0.0764160752 0.1395009607 0.1253819317 -0.1657826900 0.9781592488
-227.8 90.2 2506.6 0.0095189586 0.9834952950 0.1806831807 -0.9587014914 0.0603407659 -0.2779396474 -0.2842549086 -0.1705755442 0.9434527755
-506.5 -47.7 2468.3 0.6609054804 0.0072928816 -0.7504337430 0.0704664066 0.9949318767 0.0717285946 0.7471535802 -0.1002861932 0.6570420265
-509.3 -437.4 2507.6 0.6664569974 0.0245817453 -0.7451381087 -0.1001901999 0.9933433533 -0.0568409376 0.7387807369 0.1125375777 0.6644834876
-329.2 -56.6 2502.4 0.9886235595 -0.0426405631 -0.1442401856 0.0530712903 0.9961861968 0.0692566335 0.1407369375 -0.0761237517 0.9871161580
-312.5 -446.8 2532.2 0.9871819019 0.0760182515 -0.1403322816 -0.0783690959 0.9968604445 -0.0112943407 0.1390331239 0.0221472830 0.9900400639
-559.6 -187.3 2352.8 0 0 0 0 0 0 0 0 0
-225.4 -156.2 2433.5 0 0 0 0 0 0 0 0 0
-517.0 -747.9 2472.4 0 0 0 0 0 0 0 0 0
-336.5 -760.9 2525.2 0 0 0 0 0 0 0 0 0
-378.2 539.5 2430.5  0.9852956533 0.0691427067 -0.1562424600 -0.0528133698 0.9929249287 0.1063522473 0.1624905169 -0.0965367183 0.9819763303
-392.3 337.8 2450.1 0.9852956533 0.0691427067 -0.1562424600 -0.0528133698 0.9929249287 0.1063522473 0.1624905169 -0.0965367183 0.9819763303
-406.0 143.1 2466.9 0.9851155281 0.0700778887 -0.1569600105 -0.0553839840 0.9938284755 0.0961122215 0.1627266705 -0.0859885737 0.9829170704
-532.6 345.7 2426.9 0.1733488292 -0.9035998583 -0.3917365670 0.9848561287 0.1602270454 0.0662244484 0.0029263864 -0.3972840905 0.9176909924
-579.3 80.2 2426.1 -0.0770780966 -0.9008955956 -0.4271370769 0.9628404975 0.0439615138 -0.2664686739 0.2588380575 -0.4318037629 0.8640303016
-251.9 329.9 2473.3 0.0983675644 0.9799805880 0.1730948389 -0.9847043157 0.0707153231 0.1592382044 0.1438098997 -0.1861111075 0.9719471931
-227.8 89.2 2508.4 0.0037974559 0.9800496697 0.1987163275 -0.9550002217 0.0624905489 -0.2899473310 -0.2965807021 -0.1886730790 0.9361850023
-506.5 -48.5 2467.4 0.6768758297 0.0035128521 -0.7360888124 0.0725406781 0.9948026538 0.0714528263 0.7325141430 -0.1017610729 0.6731030345
-507.9 -438.2 2507.3 0.6821990609 0.0282850787 -0.7306191921 -0.1000638977 0.9934613109 -0.0549716800 0.7242870331 0.1106102318 0.6805686355
-329.1 -57.7 2500.6 0.9915729761 -0.0393585861 -0.1234256551 0.0490661301 0.9958520532 0.0766236186 0.1198979020 -0.0820339322 0.9893912077
-313.7 -447.8 2532.8 0.9905424118 0.0675764382 -0.1194117516 -0.0695857033 0.9974946976 -0.0127328495 0.1182521507 0.0209217779 0.9927631617
-557.9 -187.4 2354.2 0 0 0 0 0 0 0 0 0
-226.9 -156.3 2432.2 0 0 0 0 0 0 0 0 0
-516.7 -748.5 2472.8 0 0 0 0 0 0 0 0 0
-334.9 -760.8 2526.2 0 0 0 0 0 0 0 0 0
-378.4 537.8 2430.4  0.9847708941 0.0666675195 -0.1605668962 -0.0499077924 0.9930870533 0.1062417626 0.1665397733 -0.0966102555 0.9812904596
-391.9 336.6 2449.9 0.9847708941 0.0666675195 -0.1605668962 -0.0499077924 0.9930870533 0.1062417626 0.1665397733 -0.0966102555 0.9812904596
-404.8 141.9 2467.2 0.9847154617 0.0661290735 -0.1611285955 -0.0507373624 0.9939082265 0.0978371873 0.1666169167 -0.0881665498 0.9820719957
-532.2 343.8 2426.2 0.1868477017 -0.8999972343 -0.3938183188 0.9823879004 0.1706074178 0.0762044713 -0.0013954906 -0.4011209905 0.9160240293
-581.8 83.3 2426.6 -0.0804401264 -0.8972638249 -0.4341048300 0.9625983834 0.0431121401 -0.2674803436 0.2587155998 -0.4393847287 0.8602367640
-251.6 329.4 2473.7 0.0978742987 0.9806758761 0.1693973988 -0.9852611423 0.0714884549 0.1554022431 0.1402892768 -0.1821105629 0.9732187390
-227.9 90.7 2507.7 0.0011703987 0.9807787538 0.1951196343 -0.9553511143 0.0587488413 -0.2895734906 -0.2954705954 -0.1860688478 0.9370568395
-508.7 -46.5 2469.1 0.6737534404 -0.0004486743 -0.7389560938 0.0741127804 0.9949986935 0.0669692159 0.7352303267 -0.0998868272 0.6704170704
-508.6 -436.3 2508.2 0.6791778207 0.0287200697 -0.7334116697 -0.1009543166 0.9933923483 -0.0545882173 0.7269977331 0.1111161783 0.6775894761
-330.7 -56.5 2498.5 0.9908490181 -0.0450441428 -0.1272368282 0.0544919446 0.9959312081 0.0717749968 0.1234860867 -0.0780515745 0.9892719984
-313.0 -446.6 2529.1 0.9898772836 0.0696842670 -0.1236408427 -0.0702895895 0.9975264668 -0.0005351031 0.1232977286 0.0092203505 0.9923269153
-559.4 -184.3 2354.7 0 0 0 0 0 0 0 0 0
-227.6 -154.9 2431.7 0 0 0 0 0 0 0 0 0
-517.6 -748.0 2473.3 0 0 0 0 0 0 0 0 0
-335.1 -761.8 2526.1 0 0 0 0 0 0 0 0 0
-378.0 536.7 2429.3  0.9826503992 0.0698544458 -0.1718095988 -0.0516534671 0.9927842617 0.1082191542 0.1781294495 -0.0974670351 0.9791680574
-392.3 334.2 2449.2 0.9826503992 0.0698544458 -0.1718095988 -0.0516534671 0.9927842617 0.1082191542 0.1781294495 -0.0974670351 0.9791680574
-405.5 139.6 2466.5 0.9827179313 0.0672856644 -0.1724475473 -0.0506756455 0.9937984347 0.0989780799 0.1780378968 -0.0885286406 0.9800332785
-532.3 341.4 2423.8 0.1884357929 -0.8959244490 -0.4022577405 0.9820123911 0.1668922007 0.0883102342 -0.0119856168 -0.4116629064 0.9112573862
-581.9 83.2 2427.0 -0.0786421299 -0.8930658102 -0.4429998398 0.9623846412 0.0479120426 -0.2674326003 0.2600599229 -0.4473677278 0.8557049632
-252.2 327.0 2474.6 0.1012391821 0.9823309183 0.1574059725 -0.9835857153 0.0750765949 0.1640811563 0.1493644863 -0.1714337021 0.9738073349
-227.9 90.3 2510.5 -0.0011925393 0.9825372100 0.1860623211 -0.9545524716 0.0543357432 -0.2930482030 -0.2980405986 -0.1779557168 0.9378185272
-506.8 -48.2 2469.4 0.6652277112 0.0051517077 -0.7466227412 0.0752307624 0.9944247007 0.0738908276 0.7428407669 -0.1053232253 0.6611313224
-508.8 -437.7 2510.7 0.6715300083 0.0280246716 -0.7404471636 -0.1091148853 0.9921305180 -0.0614085533 0.7328993082 0.1220314950 0.6693033576
-328.8 -57.3 2499.5 0.9897563457 -0.0319536850 -0.1391448379 0.0442268327 0.9953108430 0.0860250369 0.1357435435 -0.0912977681 0.9865284562
-316.3 -447.1 2535.3 0.9891660810 0.0576544665 -0.1350051165 -0.0607999861 0.9979635477 -0.0192898400 0.1336180419 0.0272891652 0.9906570911
-560.0 -184.4 2354.7 0 0 0 0 0 0 0 0 0
-228.2 -155.1 2433.9 0 0 0 0 0 0 0 0 0
-517.5 -746.4 2472.7 0 0 0 0 0 0 0 0 0
-334.4 -760.8 2526.7 0 0 0 0 0 0 0 0 0
-378.1 537.7 2429.8  0.9784405828 0.0671027601 -0.1953234375 -0.0465465523 0.9930610657 0.1079957634 0.2012149096 -0.0965758115 0.9747746587
-391.8 335.4 2449.5 0.9784405828 0.0671027601 -0.1953234375 -0.0465465523 0.9930610657 0.1079957634 0.2012149096 -0.0965758115 0.9747746587
-404.5 140.7 2466.5 0.9784688950 0.0647629872 -0.1959704012 -0.0461200774 0.9940928817 0.0982462689 0.2011754960 -0.0870927498 0.9756758213
-531.2 342.0 2420.8 0.1892651618 -0.8872412443 -0.4206918776 0.9816056490 0.1600156128 0.1041410565 -0.0250809658 -0.4326637983 0.9012063742
-581.7 80.4 2427.5 -0.0802457556 -0.8837870359 -0.4609566927 0.9610425830 0.0541120581 -0.2710517645 0.2644953430 -0.4647497535 0.8450146914
-252.4 328.9 2478.1 0.1003566012 0.9856482744 0.1357424259 -0.9862402678 0.0805335343 0.1443762332 0.1313723773 -0.1483637542 0.9801681042
-227.8 87.6 2510.3 0.0021488017 0.9861866832 0.1656236351 -0.9552612901 0.0510086305 -0.2913313806 -0.2957553566 -0.1575878412 0.9421755672
-507.5 -50.5 2467.8 0.6471821070 0.0027757820 -0.7623304129 0.0834807307 0.9937214255 0.0744894668 0.7577508092 -0.1118481532 0.6428869963
-508.6 -439.8 2511.6 0.6544253230 0.0282164719 -0.7555999756 -0.1138709337 0.9915843606 -0.0615947731 0.7475031018 0.1263500601 0.6521309018
-329.8 -59.7 2500.0 0.9858881831 -0.0426605865 -0.1618784070 0.0533680543 0.9966244698 0.0623823144 0.1586707085 -0.0701411217 0.9848369360
-313.1 -449.9 2527.4 0.9848127365 0.0688530728 -0.1593834013 -0.0682360753 0.9976254106 0.0093473820 0.1596485376 0.0016702766 0.9871724844
-559.4 -186.8 2354.0 0 0 0 0 0 0 0 0 0
-227.3 -158.0 2434.2 0 0 0 0 0 0 0 0 0
-517.3 -747.1 2472.4 0 0 0 0 0 0 0 0 0
-334.6 -761.0 2526.9 0 0 0 0 0 0 0 0 0
-378.2 536.4 2430.0  0.9802750945 0.0664758533 -0.1861227602 -0.0472289212 0.9932436943 0.1060020104 0.1919118315 -0.0951207504 0.9767916203
-391.7 334.6 2449.4 0.9802750945 0.0664758533 -0.1861227602 -0.0472289212 0.9932436943 0.1060020104 0.1919118315 -0.0951207504 0.9767916203
-404.3 139.9 2466.3 0.9803175926 0.0641945228 -0.1866987944 -0.0465823896 0.9941701293 0.0972408205 0.1918527037 -0.0866300091 0.9775928259
-531.4 341.3 2422.0 0.1872382462 -0.8904932141 -0.4146850705 0.9822444916 0.1646839231 0.0898605436 -0.0117282392 -0.4241474569 0.9055171609
-580.8 81.9 2425.1 -0.0714357272 -0.8882066607 -0.4538566470 0.9653430581 0.0529453605 -0.2555573583 0.2510173619 -0.4563832879 0.8536419272
-252.0 328.0 2476.7 0.1000637636 0.9844306111 0.1445116401 -0.9857869744 0.0783888996 0.1485909373 0.1349493563 -0.1573262513 0.9782827497
-227.8 89.3 2509.4 0.0034101636 0.9848672748 0.1732765734 -0.9578154087 0.0530109182 -0.2824525535 -0.2873638272 -0.1650037616 0.9435018897
-505.6 -49.8 2465.4 0.6543443799 -0.0003847725 -0.7561965585 0.0769860074 0.9948379397 0.0661105588 0.7522675991 -0.1014756337 0.6509962678
-505.4 -439.5 2505.2 0.6582863331 0.0414151661 -0.7516275048 -0.1115359589 0.9928305745 -0.0429792069 0.7444587350 0.1121261194 0.6581860781
-328.8 -58.1 2501.8 0.9874782562 -0.0404937416 -0.1524695754 0.0501298122 0.9969451427 0.0598943047 0.1495784670 -0.0667875931 0.9864916205
-312.9 -448.6 2527.9 0.9861239791 0.0708961859 -0.1501108706 -0.0706455633 0.9974768758 0.0070082881 0.1502289772 0.0036936263 0.9886443019
-561.0 -186.5 2355.4 0 0 0 0 0 0 0 0 0
-226.9 -157.0 2435.5 0 0 0 0 0 0 0 0 0
-518.3 -748.1 2470.3 0 0 0 0 0 0 0 0 0
-335.0 -759.8 2526.8 0 0 0 0 0 0 0 0 0
-377.9 535.6 2429.2  0.9851468801 0.0678733587 -0.1577302217 -0.0515710078 0.9931080341 0.1052465364 0.1637865901 -0.0955489948 0.9818575978
-391.7 334.1 2448.5 0.9851468801 0.0678733587 -0.1577302217 -0.0515710078 0.9931080341 0.1052465364 0.1637865901 -0.0955489948 0.9818575978
-404.5 139.5 2465.9 0.9852221012 0.0656444505 -0.1582031548 -0.0504518040 0.9938861728 0.0982084051 0.1636827737 -0.0887754560 0.9825105071
-532.0 341.3 2425.2 0.1880649179 -0.9010924697 -0.3907222748 0.9821482897 0.1709025800 0.0785944089 -0.0040453859 -0.3985280693 0.9171472192
-581.6 82.2 2426.3 -0.0733596534 -0.8990179896 -0.4317233562 0.9622443318 0.0499683842 -0.2675611377 0.2621147931 -0.4350515604 0.8614093065
-251.3 326.9 2471.9 0.0972586870 0.9804213047 0.1712156236 -0.9835833311 0.0684110820 0.1669843793 0.1520020068 -0.1846455187 0.9709796309
-227.7 88.1 2508.8 0.0084153665 0.9804736972 0.1964701861 -0.9587149024 0.0637604669 -0.2771286666 -0.2842443883 -0.1860267669 0.9405313134
-505.4 -50.6 2466.0 0.6759598851 0.0038996337 -0.7369281054 0.0804709345 0.9936156869 0.0790712908 0.7325316668 -0.1127503142 0.6713305116
-507.0 -439.8 2510.1 0.6818428040 0.0373576283 -0.7305441499 -0.1159238666 0.9915930033 -0.0574890524 0.7222548127 0.1238860041 0.6804412007
-328.2 -59.0 2500.6 0.9916104674 -0.0354625583 -0.1243024543 0.0446686111 0.9963985085 0.0720743760 0.1212988347 -0.0770221204 0.9896232486
-314.4 -449.3 2530.8 0.9904994369 0.0650020689 -0.1211842895 -0.0661261901 0.9977973104 -0.0052734870 0.1205745712 0.0132368412 0.9926159978
-561.2 -185.2 2353.4 0 0 0 0 0 0 0 0 0
-225.5 -158.4 2435.7 0 0 0 0 0 0 0 0 0
-518.5 -747.0 2471.7 0 0 0 0 0 0 0 0 0
-334.6 -760.0 2526.7 0 0 0 0 0 0 0 0 0
-377.8 535.3 2428.7  0.9836449623 0.0659513399 -0.1676096171 -0.0485185981 0.9931756258 0.1060571000 0.1734603941 -0.0961903557 0.9801321030
-391.1 333.9 2448.2 0.9836449623 0.0659513399 -0.1676096171 -0.0485185981 0.9931756258 0.1060571000 0.1734603941 -0.0961903557 0.9801321030
-403.7 139.2 2465.3 0.9836525917 0.0642890409 -0.1682097018 -0.0484024100 0.9941164255 0.0969007015 0.1734496802 -0.0871748701 0.9809769392
-531.3 340.8 2423.5 0.1846568584 -0.8977155685 -0.4000107348 0.9828013182 0.1679004431 0.0768833533 -0.0018574080 -0.4073281288 0.9132800102
-580.2 80.3 2424.0 -0.0716465563 -0.8955352306 -0.4391849339 0.9619892240 0.0542901158 -0.2676365376 0.2635213435 -0.4416663945 0.8576055765
-251.0 327.0 2472.9 0.0943961293 0.9825385809 0.1603350043 -0.9824028611 0.0658622906 0.1747764796 0.1611645967 -0.1740117818 0.9714658260
-228.0 87.9 2512.2 0.0079743136 0.9825676084 0.1857346445 -0.9543448091 0.0629420802 -0.2920004725 -0.2986007333 -0.1749263853 0.9382101893
-506.4 -50.6 2468.5 0.6684308648 0.0028871032 -0.7437686920 0.0775393471 0.9942730069 0.0735447258 0.7397214770 -0.1068309024 0.6643788815
-507.5 -440.1 2510.4 0.6744692922 0.0318724774 -0.7376146317 -0.1109944507 0.9920904636 -0.0586240627 0.7299119234 0.1214112639 0.6726721525
-328.4 -59.8 2498.1 0.9902631640 -0.0363463163 -0.1343792677 0.0463885032 0.9962984920 0.0723701492 0.1312514693 -0.0778991431 0.9882837534
-314.1 -450.0 2528.6 0.9891139269 0.0664260015 -0.1313058436 -0.0672553331 0.9977340102 -0.0018864927 0.1308829933 0.0106969746 0.9913401008
-560.3 -187.1 2350.7 0 0 0 0 0 0 0 0 0
-225.9 -157.5 2435.4 0 0 0 0 0 0 0 0 0
-517.4 -747.7 2472.7 0 0 0 0 0 0 0 0 0
-334.8 -761.0 2525.3 0 0 0 0 0 0 0 0 0
-378.3 536.9 2429.5  0.9806895256 0.0642615557 -0.1847118288 -0.0454685353 0.9935123920 0.1042387858 0.1902120411 -0.0938273072 0.9772490859
-391.3 335.3 2448.5 0.9806895256 0.0642615557 -0.1847118288 -0.0454685353 0.9935123920 0.1042387858 0.1902120411 -0.0938273072 0.9772490859
-403.8 140.6 2465.2 0.9806145430 0.0637556836 -0.1852845103 -0.0466334149 0.9943512678 0.0953460187 0.1903167516 -0.0848572403 0.9780484438
-531.0 342.0 2421.4 0.1769003570 -0.8921187520 -0.4157287478 0.9842283130 0.1599480361 0.0755726025 -0.0009247381 -0.4225408435 0.9063434005
-578.3 78.8 2421.7 -0.0592850111 -0.8905396461 -0.4510260224 0.9630782008 0.0678374469 -0.2605349422 0.2626131475 -0.4498191476 0.8536375761
-251.6 328.7 2475.7 0.0964552611 0.9847924113 0.1445000321 -0.9843266010 0.0728433877 0.1606080085 0.1476396769 -0.1577267200 0.9763835073
-228.0 87.9 2511.8 0.0074260784 0.9850148559 0.1723095030 -0.9541804790 0.0585274398 -0.2934520543 -0.2991394699 -0.1622351706 0.9403166175
-505.2 -51.1 2466.7 0.6554119587 0.0112092048 -0.7551884055 0.0758936554 0.9938515425 0.0806181580 0.7514488101 -0.1101521105 0.6505314708
-509.6 -440.4 2509.9 0.6617391706 0.0260533597 -0.7492812872 -0.1067001149 0.9924959540 -0.0597236194 0.7421026826 0.1194698587 0.6595533490
-327.4 -59.9 2498.1 0.9877804518 -0.0365442522 -0.1515068561 0.0476167724 0.9964021444 0.0701099858 0.1483996361 -0.0764675438 0.9859666824
-313.1 -450.2 2528.0 0.9861497283 0.0734042376 -0.1487297267 -0.0737125352 0.9972735643 0.0034458975 0.1485771686 0.0075650746 0.9888718724
-561.9 -188.9 2348.7 0 0 0 0 0 0 0 0 0
-226.1 -157.4 2434.9 0 0 0 0 0 0 0 0 0
-517.7 -750.0 2472.6 0 0 0 0 0 0 0 0 0
-336.0 -761.8 2525.6 0 0 0 0 0 0 0 0 0
-377.9 535.7 2430.4  0.9709613919 0.0644636229 -0.2303875387 -0.0410756022 0.9936329126 0.1049117222 0.2356836200 -0.0924019217 0.9674270749
-391.0 334.1 2449.1 0.9709613919 0.0644636229 -0.2303875387 -0.0410756022 0.9936329126 0.1049117222 0.2356836200 -0.0924019217 0.9674270749
-403.1 139.2 2465.5 0.9709998369 0.0617110319 -0.2309783846 -0.0404694118 0.9945967197 0.0956011415 0.2356299907 -0.0834811330 0.9682506919
-529.2 339.8 2415.6 0.1927240491 -0.8723742366 -0.4492445588 0.9806155562 0.1547283530 0.1202177480 -0.0353639908 -0.4637050331 0.8852835894
-580.0 81.6 2424.9 -0.0693024173 -0.8696192503 -0.4888348281 0.9591342211 0.0766679421 -0.2723665237 0.2743331492 -0.4877338707 0.8287683725
-252.8 328.3 2482.7 0.1024504080 0.9895008206 0.1019411609 -0.9881287813 0.0894399956 0.1249078140 0.1144787669 -0.1135278568 0.9869174361
-228.0 89.1 2510.4 0.0071903109 0.9908160567 0.1350253522 -0.9552842379 0.0467218347 -0.2919744551 -0.2956016064 -0.1268882006 0.9468469024
-504.9 -50.0 2464.6 0.6193907261 0.0089403102 -0.7850319743 0.0781190321 0.9942708015 0.0729591846 0.7811866403 -0.1065161750 0.6151436567
-508.4 -439.4 2506.3 0.6242914200 0.0292074867 -0.7806453109 -0.1019681096 0.9937980175 -0.0443626232 0.7745080590 0.1072961390 0.6233978271
-327.7 -58.4 2499.0 0.9798299670 -0.0321260691 -0.1972336322 0.0456435978 0.9968813658 0.0643758774 0.1945503801 -0.0720798671 0.9782406092
-315.1 -448.9 2527.2 0.9787777662 0.0620804504 -0.1952948421 -0.0608263910 0.9980711341 0.0124180606 0.1956890672 -0.0002754412 0.9806659818
-560.7 -185.0 2348.7 0 0 0 0 0 0 0 0 0
-226.1 -156.5 2434.4 0 0 0 0 0 0 0 0 0
-517.5 -750.1 2472.8 0 0 0 0 0 0 0 0 0
-334.5 -761.7 2527.3 0 0 0 0 0 0 0 0 0
-379.4 536.5 2437.3  0.9664340615 0.0611238889 -0.2495376170 -0.0396542214 0.9951357245 0.0901802778 0.2538359761 -0.0772580728 0.9641568661
-391.8 334.9 2453.0 0.9664340615 0.0611238889 -0.2495376170 -0.0396542214 0.9951357245 0.0901802778 0.2538359761 -0.0772580728 0.9641568661
-403.3 139.9 2466.7 0.9664548635 0.0588235743 -0.2500095665 -0.0393093228 0.9958282113 0.0823467895 0.2538104951 -0.0697567537 0.9647353292
-529.4 340.6 2416.8 0.1976082623 -0.8637842536 -0.4634951353 0.9797051549 0.1578169018 0.1235785782 -0.0335978642 -0.4785087109 0.8774397969
-581.5 82.3 2425.7 -0.0737680048 -0.8606293797 -0.5038604140 0.9604375958 0.0747421086 -0.2682783008 0.2685478032 -0.5037168264 0.8210672736
-254.2 329.3 2489.1 0.1075851172 0.9906437993 0.0839657411 -0.9902445674 0.0992524624 0.0977987573 0.0885499269 -0.0936683118 0.9916577935
-227.9 87.9 2510.7 0.0063249632 0.9928809404 0.1189429909 -0.9557220340 0.0409968942 -0.2914011776 -0.2942029834 -0.1118333340 0.9491775036
-502.8 -51.9 2460.6 0.6039773822 0.0133450096 -0.7968897223 0.0811891779 0.9936282635 0.0781744346 0.7928553820 -0.1119144112 0.5990455151
-508.1 -441.1 2504.4 0.6077432632 0.0347726233 -0.7933719158 -0.1007364988 0.9943460822 -0.0335856453 0.7877184153 0.1003329530 0.6078100204
-327.5 -59.2 2503.1 0.9756067395 -0.0355512090 -0.2166277617 0.0495926663 0.9969819188 0.0597293116 0.2138505131 -0.0690154731 0.9744253755
-313.6 -449.8 2530.2 0.9742785692 0.0692118183 -0.2144551575 -0.0692932308 0.9975707531 0.0071472912 0.2144288570 0.0078968378 0.9767076969
-561.0 -184.7 2351.0 0 0 0 0 0 0 0 0 0
-226.3 -157.8 2435.1 0 0 0 0 0 0 0 0 0
-518.8 -749.6 2473.3 0 0 0 0 0 0 0 0 0
-335.2 -761.5 2527.7 0 0 0 0 0 0 0 0 0
-378.1 537.4 2433.3  0.9849428535 0.0732035115 -0.1566167623 -0.0583149269 0.9935120940 0.0976377130 0.1627480686 -0.0870344713 0.9828214645
-393.0 334.9 2451.0 0.9849428535 0.0732035115 -0.1566167623 -0.0583149269 0.9935120940 0.0976377130 0.1627480686 -0.0870344713 0.9828214645
-406.8 140.2 2466.4 0.9849840403 0.0711261481 -0.1573133469 -0.0577475727 0.9944413900 0.0880430192 0.1627010703 -0.0776365101 0.9836162329
-532.7 343.2 2428.0 0.1873152554 -0.9012327790 -0.3907588720 0.9822651148 0.1751955301 0.0667964220 0.0082600862 -0.3963408172 0.9180663228
-582.1 84.1 2425.8 -0.0721634477 -0.8993470073 -0.4312393963 0.9605836272 0.0537089854 -0.2727534771 0.2684614360 -0.4339243472 0.8600221872
-253.3 326.7 2474.1 0.1044978276 0.9797149897 0.1709933430 -0.9832800031 0.0759954453 0.1654844880 0.1491329223 -0.1854270995 0.9712755084
-228.0 88.4 2510.3 0.0024806955 0.9798568487 0.1996856332 -0.9542899132 0.0620004833 -0.2923810482 -0.2988721728 -0.1898326874 0.9352213740
-502.1 -51.5 2457.4 0.6768642664 0.0156783964 -0.7359408736 0.0768160373 0.9928101301 0.0918004438 0.7320888638 -0.1186684966 0.6707933545
-508.2 -440.4 2503.9 0.6808776259 0.0369186699 -0.7314661145 -0.0983068272 0.9942978024 -0.0413235314 0.7257695794 0.1000443846 0.6806244850
-327.5 -58.7 2503.3 0.9916325212 -0.0377275385 -0.1234570071 0.0453661643 0.9971874952 0.0596574508 0.1208590567 -0.0647590384 0.9905550480
-312.7 -449.3 2528.6 0.9897912145 0.0750782341 -0.1211469769 -0.0751916319 0.9971624613 0.0036416801 0.1210766286 0.0055047362 0.9926279187
-562.0 -182.9 2351.1 0 0 0 0 0 0 0 0 0
-227.3 -157.0 2433.4 0 0 0 0 0 0 0 0 0
-519.7 -749.0 2472.8 0 0 0 0 0 0 0 0 0
-336.2 -761.5 2526.9 0 0 0 0 0 0 0 0 0
-377.8 538.8 2431.3  0.9890841246 0.0770815089 -0.1255829185 -0.0646505728 0.9928622246 0.1002243608 0.1324119717 -0.0910113156 0.9870076180
-393.4 337.1 2449.8 0.9890841246 0.0770815089 -0.1255829185 -0.0646505728 0.9928622246 0.1002243608 0.1324119717 -0.0910113156 0.9870076180
-408.3 142.5 2465.8 0.9890553951 0.0762082785 -0.1263398379 -0.0650228932 0.9937792420 0.0904145911 0.1324442476 -0.0812100619 0.9878579974
-534.0 346.4 2431.0 0.1890220642 -0.9112775922 -0.3658466637 0.9817445278 0.1834064722 0.0503958724 0.0211740155 -0.3686938882 0.9293096662
-584.8 82.6 2425.3 -0.0833379775 -0.9091792107 -0.4079802930 0.9590832591 0.0379866511 -0.2805643678 0.2705810964 -0.4146687090 0.8688127995
-252.9 327.8 2468.6 0.1036862954 0.9742028713 0.2004444152 -0.9813017249 0.0673425123 0.1803106666 0.1621607393 -0.2153921872 0.9629694223
-227.5 88.0 2508.2 0.0045422958 0.9741923213 0.2256737351 -0.9535393119 0.0722016320 -0.2924887240 -0.3012342751 -0.2138602138 0.9292587042
-509.3 -49.3 2467.0 0.6996192932 -0.0010469744 -0.7145150304 0.0741185769 0.9947105050 0.0711158589 0.7106611729 -0.1027128622 0.6959962845
-508.9 -438.8 2507.3 0.7045053840 0.0329378769 -0.7089338899 -0.0988610387 0.9937378168 -0.0520732850 0.7027792335 0.1067718491 0.7033498883
-332.1 -59.8 2496.3 0.9943740964 -0.0513843484 -0.0926269367 0.0575148314 0.9962409735 0.0647767186 0.0889502391 -0.0697397143 0.9935916066
-311.9 -450.0 2523.6 0.9931606650 0.0744038001 -0.0899774954 -0.0732995644 0.9971892238 0.0155196618 0.0908793062 -0.0088182064 0.9958228469
-561.6 -184.0 2350.1 0 0 0 0 0 0 0 0 0
-226.4 -157.2 2430.8 0 0 0 0 0 0 0 0 0
-519.1 -749.4 2473.9 0 0 0 0 0 0 0 0 0
-335.1 -760.6 2526.4 0 0 0 0 0 0 0 0 0
-377.8 536.5 2431.3  0.9885714054 0.0759222135 -0.1302395612 -0.0633448288 0.9931546450 0.0981392339 0.1367989630 -0.0887676403 0.9866135716
-393.2 335.4 2449.3 0.9885714054 0.0759222135 -0.1302395612 -0.0633448288 0.9931546450 0.0981392339 0.1367989630 -0.0887676403 0.9866135716
-408.0 140.7 2465.0 0.9885175824 0.0755257830 -0.1308773607 -0.0640516132 0.9939006567 0.0897709355 0.1368591189 -0.0803572461 0.9873258471
-533.9 344.5 2429.8 0.1959928572 -0.9085353017 -0.3689856529 0.9804070592 0.1891174614 0.0551048741 0.0197169073 -0.3725562990 0.9278001189
-585.9 84.1 2424.5 -0.0935285911 -0.9058021903 -0.4132491350 0.9609706998 0.0264129657 -0.2753863335 0.2603606582 -0.4228768051 0.8679789901
-252.5 326.2 2468.7 0.1013509259 0.9752313495 0.1966005713 -0.9825396538 0.0671297163 0.1735208482 0.1560252309 -0.2107543498 0.9650071263
-227.9 87.9 2506.6 0.0065687834 0.9752141833 0.2211654037 -0.9566517472 0.0705258995 -0.2825659811 -0.2911602557 -0.2097221613 0.9334036112
-512.3 -46.3 2469.8 0.6963477731 -0.0090551581 -0.7176474333 0.0724896565 0.9956943989 0.0577746667 0.7140343785 -0.0922532752 0.6940059662
-508.8 -436.2 2505.9 0.7014405727 0.0276543945 -0.7121912241 -0.0933009237 0.9942109585 -0.0532873049 0.7065947056 0.1038259789 0.6999600530
-334.0 -58.1 2493.7 0.9936001897 -0.0571166575 -0.0974492505 0.0640317872 0.9955335855 0.0693740174 0.0930515975 -0.0751698837 0.9928196669
-311.7 -448.0 2523.1 0.9928383827 0.0731001347 -0.0944897383 -0.0715395212 0.9972411394 0.0198040381 0.0956767350 -0.0129024582 0.9953288436
-559.9 -183.0 2352.2 0 0 0 0 0 0 0 0 0
-226.2 -158.0 2431.7 0 0 0 0 0 0 0 0 0
-517.5 -749.5 2473.2 0 0 0 0 0 0 0 0 0
-334.6 -760.6 2527.2 0 0 0 0 0 0 0 0 0
-377.0 535.0 2430.3  0.9796172976 0.0730354786 -0.1871250123 -0.0539551079 0.9929959178 0.1051092669 0.1934910864 -0.0928705037 0.9766966105
-391.8 334.1 2449.1 0.9796172976 0.0730354786 -0.1871250123 -0.0539551079 0.9929959178 0.1051092669 0.1934910864 -0.0928705037 0.9766966105
-405.9 139.5 2465.8 0.9795919061 0.0719327852 -0.1876841784 -0.0543029159 0.9937582612 0.0974461287 0.1935222745 -0.0852656439 0.9773836732
-531.0 341.8 2421.6 0.2028636932 -0.8865510225 -0.4157806635 0.9791975021 0.1817975044 0.0901217088 -0.0043096105 -0.4254138172 0.9049887061
-584.8 82.5 2422.7 -0.0871500298 -0.8830789924 -0.4610600471 0.9612990618 0.0468767248 -0.2714897990 0.2613599002 -0.4668769240 0.8448176980
-252.5 326.4 2476.6 0.1001616344 0.9844048619 0.1446190625 -0.9873161316 0.0803401321 0.1369389594 0.1231846735 -0.1565007567 0.9799658656
