247.6 492.8 2370.1 68 0.8459981084 -0.2502335012 0.4708187878 0.2500508428 0.9661043882 0.0641629994 -0.4709158540 0.0634468570 0.8798936009
297.7 299.3 2357.4 0.8459981084 -0.2502335012 0.4708187878 0.2500508428 0.9661043882 0.0641629994 -0.4709158540 0.0634468570 0.8798936009
288.5 101.2 2370.4 0.8794414401 0.0464260690 0.4737376869 -0.0720389858 0.9967500567 0.0360513516 -0.4705243409 -0.0658326373 0.8799277544
174.1 309.5 2423.5 0.4338159561 -0.8419083357 0.3209269643 0.7854568362 0.1788706928 -0.5925055146 0.4414309263 0.5091126561 0.7388796210
86.0 150.1 2334.0 -0.1931242645 -0.8419083357 -0.5038783550 -0.9808495045 0.1788706928 0.0770684406 0.0252445098 0.5091126561 -0.8603296280
421.4 289.2 2291.2 0.1346965134 0.2375162840 0.9619994164 -0.9819892049 0.1618088633 0.0975450575 -0.1324914843 -0.9578120708 0.2550335228
454.9 45.5 2258.3 -0.1315535456 0.2394944429 0.9619439244 -0.9684368372 0.1761964858 -0.1763090193 -0.2117161751 -0.9547759891 0.2087559700
200.2 -88.4 2428.0 0.6160288453 0.1262179017 0.7775458097 0.0250362717 0.9834436178 -0.1794765741 -0.7873256207 0.1300296038 0.6026695967
150.1 -479.3 2376.3 0.6311985850 -0.0301332269 0.7750357389 -0.1491407156 0.9758828878 0.1594041437 -0.7611474395 -0.2162050456 0.6114817858
359.7 -101.2 2338.5 0.7871498466 0.0565872304 0.6141604185 0.0040295823 0.9952890873 -0.0968680754 -0.6167486310 0.0787244961 0.7832136154
337.2 -496.9 2307.2 0.7863335609 0.0730815828 0.6134644151 -0.1677393466 0.9809333682 0.0981489792 -0.5945948362 -0.1800799519 0.7835994959
142.4 436.4 2326.6 0 0 0 0 0 0 0 0 0
419.6 -214.0 2201.6 0 0 0 0 0 0 0 0 0
159.3 -779.1 2442.7 0 0 0 0 0 0 0 0 0
316.1 -781.1 2359.4 0 0 0 0 0 0 0 0 0
247.9 495.7 2368.4 69 0.8429628611 -0.2651107907 0.4681131244 0.2638734579 0.9620382190 0.0696651489 -0.4688116908 0.0647974983 0.8809182048
302.7 297.1 2355.1 0.8429628611 -0.2651107907 0.4681131244 0.2638734579 0.9620382190 0.0696651489 -0.4688116908 0.0647974983 0.8809182048
290.7 99.3 2369.8 0.8798145652 0.0601053052 0.4715015292 -0.0879986212 0.9954215884 0.0373113342 -0.4671002030 -0.0743185431 0.8810755610
178.9 309.5 2420.8 0.4572806358 -0.8172085881 0.3508055508 0.7752885818 0.1730692089 -0.6074328423 0.4356856942 0.5497428179 0.7127136588
84.9 150.2 2331.2 -0.1989287585 -0.8172085881 -0.5409228206 -0.9799305201 0.1730692089 0.0989100859 0.0127869062 0.5497428179 -0.8352360725
426.4 284.8 2289.3 0.1118611693 0.2417998314 0.9638568163 -0.9847587347 0.1569679976 0.0749088675 -0.1331817061 -0.9575457573 0.2556731105
454.3 39.6 2256.2 -0.1423011422 0.2466951758 0.9585884809 -0.9630364180 0.1892702132 -0.1916706115 -0.2287164479 -0.9504305720 0.2106430829
198.6 -90.3 2426.6 0.6208748221 0.1193660125 0.7747685313 0.0263790842 0.9845978022 -0.1728330702 -0.7834658027 0.1277453899 0.6081632376
151.2 -481.7 2375.9 0.6360280514 -0.0259415042 0.7712298036 -0.1523764282 0.9755338430 0.1584774107 -0.7564719319 -0.2183133215 0.6165140271
359.9 -103.5 2340.3 0.7902097702 0.0567027852 0.6102076173 0.0069687236 0.9948145747 -0.1014662981 -0.6127968431 0.0844320282 0.7857170105
337.3 -499.0 2306.8 0.7897740006 0.0729939938 0.6090393066 -0.1694164276 0.9802302122 0.1022097692 -0.5895380378 -0.1839038879 0.7865266800
143.1 436.8 2327.5 0 0 0 0 0 0 0 0 0
416.3 -217.4 2195.2 0 0 0 0 0 0 0 0 0
159.1 -779.6 2442.5 0 0 0 0 0 0 0 0 0
316.1 -784.8 2360.4 0 0 0 0 0 0 0 0 0
246.2 493.3 2367.6 70 0.8499379754 -0.2751874030 0.4493075907 0.2810368538 0.9581089616 0.0551863313 -0.4456722140 0.0793670341 0.8916710019
303.9 292.5 2351.0 0.8499379754 -0.2751874030 0.4493075907 0.2810368538 0.9581089616 0.0551863313 -0.4456722140 0.0793670341 0.8916710019
292.8 94.8 2368.6 0.8915995359 0.0554814152 0.4494130015 -0.0892312750 0.9945324063 0.0542496555 -0.4439459443 -0.0884706602 0.8916753531
178.5 305.0 2413.4 0.4736750424 -0.7897669077 0.3897437453 0.7808299065 0.1719108820 -0.6006257534 0.4073531330 0.5888249874 0.6981035471
84.8 150.6 2332.9 -0.2006921470 -0.7897669077 -0.5796472430 -0.9795104265 0.1719108820 0.1049095243 0.0167935956 0.5888249874 -0.8080860376
429.3 280.0 2288.5 0.1000151262 0.2633779943 0.9594941139 -0.9865214229 0.1517675966 0.0611726716 -0.1295085847 -0.9526796937 0.2750070989
454.3 33.3 2256.1 -0.1549477577 0.2709715664 0.9500344992 -0.9571326375 0.1970373541 -0.2123050094 -0.2447209060 -0.9422052503 0.2288252413
198.0 -90.5 2427.4 0.6406387687 0.1150487065 0.7591744065 0.0258392356 0.9849210382 -0.1710641235 -0.7674075365 0.1292067915 0.6280058026
152.3 -482.1 2376.0 0.6548992395 -0.0200952329 0.7554489970 -0.1518926322 0.9757463932 0.1576310545 -0.7402942777 -0.2179795951 0.6359632611
359.4 -106.6 2341.7 0.8050653934 0.0534029864 0.5907773376 0.0041737286 0.9954046607 -0.0956666842 -0.5931714177 0.0794836804 0.8011429310
338.2 -502.4 2310.1 0.8033784032 0.0786385238 0.5902534723 -0.1649321467 0.9818463922 0.0936749503 -0.5721718073 -0.1726081967 0.8017641902
143.5 437.0 2327.9 0 0 0 0 0 0 0 0 0
413.1 -221.0 2191.1 0 0 0 0 0 0 0 0 0
158.5 -780.8 2442.8 0 0 0 0 0 0 0 0 0
315.6 -784.3 2359.7 0 0 0 0 0 0 0 0 0
246.7 496.1 2368.7 71 0.8567910790 -0.2545355558 0.4484648407 0.2657303810 0.9632565975 0.0390390269 -0.4419235289 0.0857224464 0.8929474950
301.0 290.5 2350.4 0.8567910790 -0.2545355558 0.4484648407 0.2657303810 0.9632565975 0.0390390269 -0.4419235289 0.0857224464 0.8929474950
290.6 92.9 2369.3 0.8934368491 0.0524225533 0.4461193085 -0.0891646594 0.9941006303 0.0617541149 -0.4402501881 -0.0949514806 0.8928403854
175.3 303.0 2412.3 0.4668442011 -0.7983511090 0.3803840578 0.7830682397 0.1733173728 -0.5972982645 0.4109265804 0.5767118931 0.7060756087
83.8 149.5 2331.8 -0.2036581039 -0.7983511090 -0.5667088628 -0.9789651036 0.1733173728 0.1076497361 0.0122782011 0.5767118931 -0.8168553114
426.7 278.0 2288.5 0.1109520420 0.2657380998 0.9576392174 -0.9859735370 0.1503225714 0.0725214034 -0.1246830896 -0.9522533417 0.2786893249
454.7 29.2 2257.0 -0.1604554951 0.2752937675 0.9478752017 -0.9535518885 0.2048005313 -0.2208971828 -0.2549369633 -0.9392923117 0.2296455204
200.0 -94.7 2426.9 0.6426762342 0.1247090697 0.7559199333 0.0183753464 0.9838700891 -0.1779380590 -0.7659174800 0.1282468587 0.6300183535
150.4 -485.9 2375.9 0.6568350196 -0.0269696470 0.7535518408 -0.1496167630 0.9748280644 0.1653029025 -0.7390416265 -0.2213207185 0.6362661123
363.5 -111.0 2345.4 0.8070991635 0.0655620322 0.5867644548 0.0028057203 0.9933784008 -0.1148542687 -0.5904092193 0.0943450853 0.8015709519
337.4 -505.9 2307.9 0.8059316874 0.0762796476 0.5870736837 -0.1674260199 0.9805484414 0.1024369597 -0.5678403378 -0.1808485985 0.8030262589
143.6 437.2 2328.2 0 0 0 0 0 0 0 0 0
412.4 -222.5 2189.7 0 0 0 0 0 0 0 0 0
158.6 -782.3 2443.2 0 0 0 0 0 0 0 0 0
315.7 -784.7 2359.3 0 0 0 0 0 0 0 0 0
244.8 498.7 2369.7 72 0.8514742255 -0.2898582518 0.4370055199 0.3052823544 0.9515683055 0.0363379344 -0.4263734519 0.1024692580 0.8987244964
309.8 285.1 2346.7 0.8514742255 -0.2898582518 0.4370055199 0.3052823544 0.9515683055 0.0363379344 -0.4263734519 0.1024692580 0.8987244964
294.5 88.3 2369.4 0.8979306221 0.0772154257 0.4333109856 -0.1189864501 0.9904196858 0.0700787678 -0.4237485826 -0.1144840047 0.8985157609
183.5 301.8 2406.3 0.5051608682 -0.7401356697 0.4438599646 0.7757730484 0.1640834510 -0.6093052030 0.3781384528 0.6521317363 0.6570658088
83.5 148.1 2331.4 -0.2041128278 -0.7401356697 -0.6407316923 -0.9788380861 0.1640834510 0.1222811267 0.0146288462 0.6521317363 -0.7579644918
436.1 268.3 2287.1 0.0772045925 0.2824715376 0.9561638236 -0.9888249636 0.1443672329 0.0371925719 -0.1275328845 -0.9483501315 0.2904607356
454.7 30.2 2256.4 -0.1589107662 0.2900323868 0.9437311888 -0.9573678970 0.1882909089 -0.2190735340 -0.2412344217 -0.9383111000 0.2477462441
198.2 -96.6 2428.5 0.6588726044 0.1187598631 0.7428209782 0.0168455467 0.9848826528 -0.1724016964 -0.7520658970 0.1261039823 0.6469116211
151.0 -488.1 2378.4 0.6717955470 -0.0258994047 0.7402836680 -0.1421154737 0.9763163328 0.1631246954 -0.7269758582 -0.2147922069 0.6522042751
362.1 -112.9 2347.8 0.8192558289 0.0590904616 0.5703755021 0.0138787711 0.9923417568 -0.1227405295 -0.5732602477 0.1084720045 0.8121616244
338.6 -507.4 2304.6 0.8184361458 0.0829532966 0.5685780644 -0.1756343693 0.9782806635 0.1100884974 -0.5470967293 -0.1899622530 0.8152297139
143.8 437.1 2327.1 0 0 0 0 0 0 0 0 0
412.9 -221.6 2193.0 0 0 0 0 0 0 0 0 0
158.7 -780.4 2442.7 0 0 0 0 0 0 0 0 0
315.3 -782.5 2358.1 0 0 0 0 0 0 0 0 0
246.5 499.8 2370.3 73 0.8576328754 -0.2675057948 0.4392111599 0.2871621847 0.9576173425 0.0225141086 -0.4266189039 0.1068160012 0.8981016874
306.9 283.8 2346.2 0.8576328754 -0.2675057948 0.4392111599 0.2871621847 0.9576173425 0.0225141086 -0.4266189039 0.1068160012 0.8981016874
293.4 86.8 2368.9 0.8983764648 0.0678294525 0.4339572489 -0.1104770079 0.9911356568 0.0737901106 -0.4251053333 -0.1142335981 0.8979065418
180.5 299.3 2406.0 0.5270362496 -0.7297384739 0.4355623424 0.7655639052 0.1851506680 -0.6161421537 0.3689779937 0.6581800580 0.6562425494
77.7 150.1 2334.0 -0.2243073732 -0.7297384739 -0.6458854079 -0.9741886258 0.1851506680 0.1291345507 0.0253516622 0.6581800580 -0.7524335980
433.3 268.3 2286.4 0.0827586651 0.2790843546 0.9566937685 -0.9871239066 0.1548162550 0.0402284004 -0.1368846148 -0.9477044940 0.2883032262
454.0 20.2 2252.0 -0.1793951541 0.2798091471 0.9431459308 -0.9602324367 0.1586848646 -0.2297232151 -0.2139416486 -0.9468505383 0.2402145267
196.7 -97.6 2431.0 0.6578825116 0.1148538217 0.7443112731 0.0258594137 0.9842751622 -0.1747390181 -0.7526764870 0.1342051923 0.6445673108
151.1 -489.0 2377.6 0.6716786623 -0.0259857662 0.7403867245 -0.1394448727 0.9770870805 0.1607977301 -0.7276008129 -0.2112475336 0.6526649594
361.4 -119.4 2353.3 0.8183543682 0.0564739741 0.5719324946 0.0236520302 0.9910078049 -0.1316971630 -0.5742270350 0.1213023216 0.8096598387
339.0 -513.4 2305.1 0.8175761104 0.0881357044 0.5690354705 -0.1797255129 0.9779063463 0.1067610607 -0.5470539331 -0.1895554960 0.8153530955
143.8 437.1 2326.6 0 0 0 0 0 0 0 0 0
407.0 -231.8 2195.8 0 0 0 0 0 0 0 0 0
158.8 -781.1 2440.8 0 0 0 0 0 0 0 0 0
314.8 -781.9 2357.1 0 0 0 0 0 0 0 0 0
244.9 497.5 2370.5 74 0.8560836315 -0.2675391734 0.4422031641 0.2880276740 0.9573780298 0.0216198210 -0.4291397333 0.1088583693 0.8966543078
304.5 284.0 2346.2 0.8560836315 -0.2675391734 0.4422031641 0.2880276740 0.9573780298 0.0216198210 -0.4291397333 0.1088583693 0.8966543078
292.7 86.9 2369.3 0.8979203701 0.0595286712 0.4361138642 -0.1039401144 0.9914672971 0.0786703303 -0.4277094901 -0.1159694195 0.8964461684
178.2 298.6 2406.4 0.5340766311 -0.7356024384 0.4167147577 0.7552204132 0.1935581118 -0.6262406707 0.3800056577 0.6491720080 0.6589168310
73.4 150.5 2331.9 -0.2388706803 -0.7356024384 -0.6339004636 -0.9708693624 0.1935581118 0.1412373185 0.0188020617 0.6491720080 -0.7604092360
430.9 269.4 2286.1 0.0929168835 0.2753662765 0.9568384886 -0.9871842861 0.1507038027 0.0524930246 -0.1297443956 -0.9494534135 0.2858401835
454.3 20.6 2253.4 -0.2203091234 0.2692435980 0.9375349283 -0.9575141072 0.1236747354 -0.2605212033 -0.1860930473 -0.9550981522 0.2305578738
197.5 -100.0 2430.5 0.6552794576 0.1184064150 0.7460487485 0.0294787697 0.9828776717 -0.1818860322 -0.7548111081 0.1411787868 0.6405690312
150.4 -490.8 2374.4 0.6712937951 -0.0267305207 0.7407091856 -0.1498457789 0.9738191366 0.1709459275 -0.7258862853 -0.2257470936 0.6497132778
362.3 -120.3 2352.6 0.8157292604 0.0551457815 0.5757992268 0.0171508472 0.9927015901 -0.1193710417 -0.5781795979 0.1072498932 0.8088299036
340.3 -514.9 2309.9 0.8133718967 0.0922328383 0.5743860006 -0.1774856895 0.9796211123 0.0940284654 -0.5540081263 -0.1784254014 0.8131662607
143.9 437.0 2326.3 0 0 0 0 0 0 0 0 0
396.6 -230.3 2204.6 0 0 0 0 0 0 0 0 0
158.3 -781.2 2441.7 0 0 0 0 0 0 0 0 0
315.3 -780.7 2358.3 0 0 0 0 0 0 0 0 0
245.7 502.2 2377.1 75 0.8567788005 -0.2579935491 0.4465079904 0.2913181782 0.9566057324 -0.0062644780 -0.4255158901 0.1354431659 0.8947577477
304.3 284.8 2346.4 0.8567788005 -0.2579935491 0.4465079904 0.2913181782 0.9566057324 -0.0062644780 -0.4255158901 0.1354431659 0.8947577477
293.5 87.6 2369.3 0.8976173401 0.0541488566 0.4374368489 -0.0990335792 0.9918273687 0.0804411843 -0.4295060635 -0.1155263335 0.8956440091
178.0 298.7 2406.8 0.5456566811 -0.7280173302 0.4150295854 0.7513642907 0.2057116032 -0.6270043254 0.3710936010 0.6539674997 0.6592541337
71.0 151.4 2334.1 -0.2452972382 -0.7280173302 -0.6401718855 -0.9689290524 0.2057116032 0.1373287588 0.0317130759 0.6539674997 -0.7558576465
430.6 270.8 2285.9 0.0927891284 0.2730826437 0.9575051069 -0.9873947501 0.1490797400 0.0531677641 -0.1282254159 -0.9503689408 0.2834733725
454.0 21.7 2253.6 -0.2628009021 0.2586975694 0.9295220375 -0.9505698085 0.0957155302 -0.2953904867 -0.1653864980 -0.9612045288 0.2207559645
198.5 -100.6 2431.6 0.6534275413 0.1217802987 0.7471291423 0.0314271711 0.9817597866 -0.1875102520 -0.7563363910 0.1460045129 0.6376816630
150.1 -491.0 2373.5 0.6703475118 -0.0247192141 0.7416354418 -0.1562429816 0.9723371863 0.1736331582 -0.7254118323 -0.2322698981 0.6479416490
363.2 -119.7 2353.1 0.8142783642 0.0612904765 0.5772297978 0.0176573843 0.9913345575 -0.1301689595 -0.5802059770 0.1161861345 0.8061400652
338.9 -513.8 2306.9 0.8130589724 0.0872804448 0.5756016374 -0.1791208535 0.9782420993 0.1046807542 -0.5539411902 -0.1882138848 0.8110022545
143.0 435.6 2324.8 0 0 0 0 0 0 0 0 0
385.2 -227.2 2210.3 0 0 0 0 0 0 0 0 0
157.5 -781.5 2442.9 0 0 0 0 0 0 0 0 0
315.0 -781.5 2358.4 0 0 0 0 0 0 0 0 0
242.0 499.1 2372.5 76 0.8834432364 -0.2033266425 0.4221212566 0.2137716115 0.9766124487 0.0230176579 -0.4169289768 0.0699027479 0.9062471390
285.2 291.6 2357.6 0.8834432364 -0.2033266425 0.4221212566 0.2137716115 0.9766124487 0.0230176579 -0.4169289768 0.0699027479 0.9062471390
292.6 94.5 2369.3 0.9083299637 -0.0368323512 0.4166294336 0.0091884658 0.9976318479 0.0681636184 -0.4181534052 -0.0580868684 0.9065173268
158.1 290.4 2416.0 0.4499027729 -0.6745758057 0.5852648616 0.8833569288 0.2397037446 -0.4027687311 0.1314078569 0.6982045770 0.7037345767
76.3 129.9 2392.2 -0.2171632200 -0.6560982466 -0.7227553129 -0.9416504502 0.3358748853 -0.0219646711 0.2571663558 0.6758129597 -0.6907548904
412.3 292.9 2299.2 0.1497682184 0.2753175795 0.9496155381 -0.9753611684 0.1984965801 0.0962795019 -0.1619880050 -0.9406377077 0.2982625663
453.8 22.3 2254.3 -0.2947396636 0.2411500663 0.9246487021 -0.9428425431 0.0840602592 -0.3224621713 -0.1554879844 -0.9668405056 0.2025906444
200.4 -100.5 2431.7 0.6485754251 0.1297013313 0.7500182986 0.0277166273 0.9806967378 -0.1935606003 -0.7606455684 0.1463266313 0.6324609518
148.8 -490.4 2373.5 0.6652746797 -0.0286076665 0.7460504174 -0.1543428898 0.9724100828 0.1749195457 -0.7304710150 -0.2315171212 0.6425044537
365.4 -118.4 2352.7 0.8138304353 0.0766078383 0.5760306120 0.0097297924 0.9893367290 -0.1453209966 -0.5810210109 0.1238713041 0.8044069409
334.9 -511.9 2303.5 0.8142360449 0.0765711293 0.5754619837 -0.1804230809 0.9755525589 0.1254779994 -0.5517854095 -0.2059953362 0.8081452847
126.7 348.3 2332.5 0 0 0 0 0 0 0 0 0
376.7 -224.6 2213.5 0 0 0 0 0 0 0 0 0
157.4 -781.3 2442.8 0 0 0 0 0 0 0 0 0
313.7 -781.3 2360.3 0 0 0 0 0 0 0 0 0
242.2 497.1 2369.6 77 0.8794285059 -0.1659885794 0.4461538792 0.1629977971 0.9855818152 0.0453888811 -0.4472551942 0.0328058191 0.8938045502
276.3 294.9 2362.9 0.8794285059 -0.1659885794 0.4461538792 0.1629977971 0.9855818152 0.0453888811 -0.4472551942 0.0328058191 0.8938045502
291.7 97.7 2369.8 0.8928070664 -0.0781256258 0.4436123073 0.0543796495 0.9963351488 0.0660233498 -0.4471446574 -0.0348226316 0.8937835693
151.2 287.3 2425.5 0.3971008360 -0.8467878103 0.3539227843 0.8612112403 0.2105172724 -0.4625987709 0.3172161579 0.4885006547 0.8128597736
75.2 122.7 2364.8 -0.1530648172 -0.8467878103 -0.5094326138 -0.9759449363 0.2105172724 -0.0566917472 0.1552502513 0.4885006547 -0.8586410284
401.4 302.6 2300.3 0.2063393444 0.2403907031 0.9484916329 -0.9657642245 0.2058044523 0.1579367518 -0.1572372764 -0.9486078620 0.2746262848
455.1 51.2 2259.4 -0.2693907917 0.2118862420 0.9394322038 -0.9500237107 0.1013161615 -0.2952795923 -0.1577453464 -0.9720284343 0.1740033031
217.1 -103.5 2419.1 0.6095999479 0.1719826013 0.7738280892 -0.0157474019 0.9786161780 -0.2050912082 -0.7925528288 0.1128377989 0.5992726088
148.8 -492.1 2374.3 0.6204518676 -0.0262442883 0.7838053107 -0.1627269685 0.9733799100 0.1614047736 -0.7671762705 -0.2276901454 0.5996646881
383.0 -101.7 2342.8 0.7874267697 0.1137370095 0.6058242321 -0.0161377769 0.9862964749 -0.1641913503 -0.6161969304 0.1195120066 0.7784717083
337.8 -493.7 2295.3 0.7864291072 0.0771032870 0.6128493547 -0.1949051768 0.9724653363 0.1277619600 -0.5861238837 -0.2199232429 0.7798029184
112.6 361.0 2326.9 0 0 0 0 0 0 0 0 0
384.5 -197.7 2218.0 0 0 0 0 0 0 0 0 0
156.6 -781.8 2442.0 0 0 0 0 0 0 0 0 0
315.0 -781.2 2360.4 0 0 0 0 0 0 0 0 0
238.4 499.6 2368.7 78 0.8628959656 -0.1497875303 0.4826740324 0.1366588324 0.9886449575 0.0624942183 -0.4865540862 0.0120356530 0.8735675216
268.8 298.9 2366.3 0.8628959656 -0.1497875303 0.4826740324 0.1366588324 0.9886449575 0.0624942183 -0.4865540862 0.0120356530 0.8735675216
288.6 101.6 2370.2 0.8703275919 -0.1000932455 0.4821941853 0.0776709244 0.9947718978 0.0663027540 -0.4863097072 -0.0202526450 0.8735517859
146.8 288.0 2434.4 0.4076096714 -0.8791992664 0.2467043400 0.8123830557 0.2257688791 -0.5376450419 0.4169989526 0.4195677638 0.8062721491
66.7 128.3 2352.5 -0.2034573555 -0.8791992664 -0.4308291972 -0.9741806388 0.2257688791 -0.0006768650 0.0978629217 0.4195677638 -0.9024332166
390.9 309.9 2298.1 0.2514533997 0.1982701421 0.9473437071 -0.9568095207 0.1984683722 0.2124283612 -0.1458995640 -0.9598433375 0.2396123111
455.5 63.9 2260.6 -0.2133876830 0.1865096688 0.9589993954 -0.9595580697 0.1444747001 -0.2416099608 -0.1836137474 -0.9717721939 0.1481377333
225.7 -104.6 2417.4 0.5691838861 0.1923009753 0.7994060516 -0.0177748930 0.9749154449 -0.2218647301 -0.8220180869 0.1120724678 0.5583242774
149.3 -491.9 2372.9 0.5805510283 -0.0255865175 0.8138217330 -0.1738940179 0.9725489616 0.1546266079 -0.7954378724 -0.2312873751 0.5601649880
388.9 -94.6 2335.8 0.7522557974 0.1424642503 0.6432846785 -0.0474296734 0.9855196476 -0.1627927274 -0.6571618319 0.0919509977 0.7481198907
332.3 -486.0 2299.2 0.7513165474 0.0553458631 0.6576170921 -0.1731970608 0.9780844450 0.1155579612 -0.6368094087 -0.2007179558 0.7444367409
115.9 364.2 2328.8 0 0 0 0 0 0 0 0 0
399.7 -187.1 2212.5 0 0 0 0 0 0 0 0 0
156.9 -780.9 2441.6 0 0 0 0 0 0 0 0 0
315.7 -779.0 2359.4 0 0 0 0 0 0 0 0 0
235.3 500.8 2368.7 79 0.8631938100 -0.1405696273 0.4849088192 0.1218772829 0.9900698662 0.0700544864 -0.4899411500 -0.0013712319 0.8717544079
263.6 301.3 2369.0 0.8631938100 -0.1405696273 0.4849088192 0.1218772829 0.9900698662 0.0700544864 -0.4899411500 -0.0013712319 0.8717544079
285.3 104.0 2372.0 0.8675060868 -0.1089586094 0.4853464365 0.0875903815 0.9939293861 0.0665750876 -0.4896540344 -0.0152426157 0.8717835546
141.8 289.0 2437.8 0.3681401014 -0.9109803438 0.1859776378 0.8152269721 0.2200821340 -0.5356947184 0.4470770061 0.3488246799 0.8236768246
67.8 125.2 2348.0 -0.2163208425 -0.9109803438 -0.3511696160 -0.9750292301 0.2200821340 0.0296968687 0.0502328947 0.3488246799 -0.9358407855
385.5 313.7 2300.2 0.2827644646 0.1942218840 0.9393200278 -0.9491288662 0.1981172860 0.2447527945 -0.1385591775 -0.9607431293 0.2403621227
456.8 74.5 2265.3 -0.1768446565 0.1905490309 0.9656174183 -0.9611180425 0.1779668182 -0.2111395150 -0.2120802850 -0.9654112458 0.1516676396
228.9 -102.8 2418.5 0.5644261241 0.2019755393 0.8003930449 -0.0157834440 0.9720683098 -0.2341667414 -0.8253327012 0.1195368618 0.5518486500
148.6 -489.1 2371.0 0.5769987106 -0.0297536273 0.8162028790 -0.1764947474 0.9711819291 0.1601727158 -0.7974472046 -0.2364749759 0.5551193953
388.1 -88.5 2329.6 0.7463330626 0.1497640908 0.6485041976 -0.0619119219 0.9857521057 -0.1563958526 -0.6626868844 0.0765732527 0.7449715734
328.6 -480.2 2299.2 0.7456927896 0.0438656285 0.6648443937 -0.1610023379 0.9801235795 0.1159136593 -0.6465450525 -0.1934774816 0.7379335761
121.9 368.9 2335.4 0 0 0 0 0 0 0 0 0
410.5 -176.9 2209.8 0 0 0 0 0 0 0 0 0
157.5 -779.4 2441.7 0 0 0 0 0 0 0 0 0
315.2 -779.7 2358.3 0 0 0 0 0 0 0 0 0
233.6 499.2 2368.3 80 0.8644992113 -0.1348809898 0.4841985106 0.1133179814 0.9908224344 0.0736883879 -0.4896939099 -0.0088351537 0.8718496561
260.7 300.3 2370.0 0.8644992113 -0.1348809898 0.4841985106 0.1133179814 0.9908224344 0.0736883879 -0.4896939099 -0.0088351537 0.8718496561
283.1 102.9 2372.7 0.8671809435 -0.1127675176 0.4850573838 0.0918298289 0.9935311675 0.0668064579 -0.4894532263 -0.0133905550 0.8719267249
138.8 287.4 2438.9 0.3578368425 -0.9106821418 0.2064240128 0.8032571077 0.1874763370 -0.5653588772 0.4761626124 0.3681177795 0.7985978127
67.4 127.1 2343.9 -0.1872470677 -0.9106821418 -0.3682344556 -0.9816271067 0.1874763370 0.0355085135 0.0366982780 0.3681177795 -0.9290546179
382.6 313.2 2301.2 0.3004676998 0.1914243847 0.9343852997 -0.9428880215 0.2073232681 0.2607282698 -0.1438100636 -0.9593611360 0.2427857071
456.7 80.9 2265.8 -0.1597074121 0.1871958673 0.9692529440 -0.9640935659 0.1814540029 -0.1939022541 -0.2121725231 -0.9654181004 0.1514947861
227.4 -101.4 2419.8 0.5631085038 0.2032044083 0.8010098338 -0.0188728105 0.9722056389 -0.2333667129 -0.8261674047 0.1162934750 0.5512923002
146.6 -487.9 2373.6 0.5751924515 -0.0374908708 0.8171585202 -0.1662846804 0.9727334976 0.1616752744 -0.8009388447 -0.2288753539 0.5532748699
386.3 -85.3 2330.1 0.7468490601 0.1499645710 0.6478635073 -0.0560731478 0.9849722981 -0.1633565873 -0.6626253128 0.0856749639 0.7440345883
326.7 -476.8 2296.0 0.7472618222 0.0365084894 0.6635261178 -0.1623373479 0.9782668948 0.1289978623 -0.6443961263 -0.2041102350 0.7369481921
115.4 378.7 2334.5 0 0 0 0 0 0 0 0 0
414.9 -171.6 2210.2 0 0 0 0 0 0 0 0 0
157.9 -780.2 2442.3 0 0 0 0 0 0 0 0 0
315.5 -779.2 2359.1 0 0 0 0 0 0 0 0 0
234.3 499.1 2368.5 81 0.8608580232 -0.1218730360 0.4940348268 0.1011237726 0.9925037622 0.0686312616 -0.4986957312 -0.0091231065 0.8667290807
258.8 300.2 2370.3 0.8608580232 -0.1218730360 0.4940348268 0.1011237726 0.9925037622 0.0686312616 -0.4986957312 -0.0091231065 0.8667290807
279.6 102.6 2372.4 0.8626338243 -0.1046425179 0.4948866963 0.0855469778 0.9944552779 0.0611586273 -0.4985425174 -0.0104214372 0.8668026328
137.4 288.2 2440.5 0.3490789831 -0.9127476215 0.2122159600 0.8007673025 0.1729185134 -0.5734726787 0.4867397845 0.3701228499 0.7912606597
67.6 128.1 2343.2 -0.1692368537 -0.9127476215 -0.3718206882 -0.9846512079 0.1729185134 0.0236896742 0.0426719896 0.3701228499 -0.9280022383
380.1 312.3 2300.2 0.3099370599 0.1820419133 0.9331665039 -0.9393624663 0.2101331353 0.2710022032 -0.1467554420 -0.9605752230 0.2361313850
456.2 81.6 2264.2 -0.1488864869 0.1782731414 0.9726517797 -0.9657061100 0.1853672862 -0.1817984581 -0.2127076089 -0.9663631320 0.1445607841
226.0 -102.9 2420.2 0.5559195280 0.2072141171 0.8049942851 -0.0134538449 0.9705464840 -0.2405379415 -0.8311272264 0.1228894666 0.5423335433
143.6 -488.8 2371.3 0.5708674788 -0.0490167513 0.8195777535 -0.1690398604 0.9698140621 0.1757447422 -0.8034524918 -0.2388682663 0.5453494787
385.0 -86.1 2330.4 0.7406655550 0.1516992599 0.6545241475 -0.0519583635 0.9841923118 -0.1693099886 -0.6698617935 0.0913940817 0.7368394136
324.7 -477.3 2294.1 0.7418153882 0.0298175216 0.6699408889 -0.1591538042 0.9782966375 0.1326868683 -0.6514444947 -0.2050528079 0.7304610610
111.8 385.2 2332.0 0 0 0 0 0 0 0 0 0
417.2 -171.4 2208.5 0 0 0 0 0 0 0 0 0
158.4 -780.7 2443.2 0 0 0 0 0 0 0 0 0
315.5 -779.0 2357.3 0 0 0 0 0 0 0 0 0
232.0 501.3 2376.6 82 0.8386291862 -0.1157015115 0.5322727561 0.0989766195 0.9932811260 0.0599682294 -0.5356348753 0.0023914457 0.8444463015
255.2 302.1 2376.2 0.8386291862 -0.1157015115 0.5322727561 0.0989766195 0.9932811260 0.0599682294 -0.5356348753 0.0023914457 0.8444463015
276.0 104.4 2376.7 0.8399704099 -0.1047353148 0.5324285626 0.0868819058 0.9944958091 0.0585629828 -0.5356315970 -0.0029327683 0.8444466591
137.2 289.9 2451.5 0.3514290452 -0.9195037484 0.1760978550 0.7752807736 0.1803822368 -0.6053114533 0.5248212218 0.3492493033 0.7762651443
64.6 129.8 2343.1 -0.1725822687 -0.9195037484 -0.3531687856 -0.9835352898 0.1803822368 0.0109823318 0.0536070764 0.3492493033 -0.9354951382
373.3 314.3 2300.9 0.3271948099 0.1419518441 0.9342340231 -0.9328074455 0.2065460086 0.2953116596 -0.1510422677 -0.9680849314 0.1999945194
455.5 80.1 2262.9 -0.1542263329 0.1372688562 0.9784536362 -0.9681221247 0.1768249273 -0.1774049103 -0.1973671615 -0.9746230841 0.1056219563
221.2 -102.9 2420.2 0.5197514296 0.2080732584 0.8285915256 -0.0073812176 0.9709445834 -0.2391904742 -0.8542856574 0.1182035878 0.5061857104
138.5 -488.9 2373.2 0.5371305943 -0.0655606091 0.8409473896 -0.1644537896 0.9697033763 0.1806385368 -0.8273123503 -0.2353234738 0.5100756288
379.5 -87.2 2328.8 0.7118140459 0.1394956261 0.6883761883 -0.0418200195 0.9867577553 -0.1567170918 -0.7011218667 0.0827655271 0.7082217336
324.0 -479.5 2295.8 0.7134965062 0.0285036638 0.7000787258 -0.1595955044 0.9795182347 0.1227732971 -0.6822404265 -0.1993277371 0.7034319043
109.9 388.3 2329.0 0 0 0 0 0 0 0 0 0
415.1 -173.7 2211.2 0 0 0 0 0 0 0 0 0
158.1 -778.9 2443.6 0 0 0 0 0 0 0 0 0
315.3 -777.2 2356.4 0 0 0 0 0 0 0 0 0
233.9 501.5 2372.2 83 0.8475565910 -0.1127780229 0.5185835958 0.0932621658 0.9936044812 0.0636576042 -0.5224461555 -0.0055891946 0.8526539803
256.5 302.4 2373.3 0.8475565910 -0.1127780229 0.5185835958 0.0932621658 0.9936044812 0.0636576042 -0.5224461555 -0.0055891946 0.8526539803
276.7 104.6 2374.0 0.8484851718 -0.1013699919 0.5194198489 0.0846398175 0.9948427677 0.0558923036 -0.5224068761 -0.0034601914 0.8526893258
137.2 290.5 2446.8 0.3525360525 -0.9140610695 0.2005261034 0.7827117443 0.1705662459 -0.5985561609 0.5129138827 0.3679667711 0.7755770683
65.2 130.6 2342.1 -0.1665105820 -0.9140610695 -0.3698197007 -0.9851014614 0.1705662459 0.0219616238 0.0430044942 0.3679667711 -0.9288439155
375.9 314.3 2299.9 0.3174670637 0.1608276665 0.9345315099 -0.9379946589 0.1979415417 0.2845788896 -0.1392144561 -0.9669299722 0.2136954218
453.3 85.5 2265.9 -0.1564341933 0.1564965248 0.9752113223 -0.9682109952 0.1708204001 -0.1827235818 -0.1951816082 -0.9727945328 0.1247995049
219.8 -101.2 2426.4 0.5332622528 0.2085397393 0.8198429942 -0.0067681698 0.9701595902 -0.2423727661 -0.8459229469 0.1236994043 0.5187609196
136.9 -487.0 2377.2 0.5490822792 -0.0737362877 0.8325092196 -0.1449458450 0.9726046920 0.1817438751 -0.8231034875 -0.2204611003 0.5233522058
373.8 -85.3 2328.2 0.7242624164 0.1225342155 0.6785494685 -0.0302102640 0.9887773395 -0.1463104784 -0.6888623238 0.0854680166 0.7198359966
325.1 -478.3 2294.3 0.7265312672 0.0301164910 0.6864730716 -0.1591493338 0.9792484045 0.1254753321 -0.6684488058 -0.2004134804 0.7162476182
109.1 390.4 2330.7 0 0 0 0 0 0 0 0 0
412.3 -168.4 2214.7 0 0 0 0 0 0 0 0 0
158.9 -776.6 2442.9 0 0 0 0 0 0 0 0 0
315.9 -777.1 2355.4 0 0 0 0 0 0 0 0 0
232.0 499.6 2369.5 84 0.8627907634 -0.1111540869 0.4931904376 0.0917096883 0.9937569499 0.0635330081 -0.4971733987 -0.0095853545 0.8675982356
254.3 300.7 2371.4 0.8627907634 -0.1111540869 0.4931904376 0.0917096883 0.9937569499 0.0635330081 -0.4971733987 -0.0095853545 0.8675982356
273.5 102.8 2371.8 0.8637371659 -0.0965413898 0.4946087599 0.0826460868 0.9953263998 0.0499499738 -0.4971193969 -0.0022661716 0.8676791787
132.8 289.1 2441.3 0.3508253992 -0.9156751037 0.1961138099 0.7892364264 0.1764038801 -0.5882070661 0.5040113330 0.3611381352 0.7845711112
62.9 131.9 2340.9 -0.1734248996 -0.9156751037 -0.3625780940 -0.9839963913 0.1764038801 0.0251555070 0.0409259126 0.3611381352 -0.9316138029
375.7 312.3 2301.5 0.3088510334 0.1931486130 0.9312919378 -0.9428185821 0.1911860108 0.2730219960 -0.1253161728 -0.9623624682 0.2411521077
451.5 81.1 2270.8 -0.1541894823 0.1930641085 0.9689952731 -0.9628562331 0.1906581521 -0.1911996454 -0.2216606438 -0.9624841213 0.1564954966
219.0 -100.9 2422.6 0.5538477898 0.2114320397 0.8053254485 -0.0234518982 0.9707985520 -0.2387471199 -0.8322876096 0.1133431569 0.5426331162
134.9 -486.9 2377.5 0.5668447614 -0.0793998837 0.8199894428 -0.1369054168 0.9724254012 0.1888007075 -0.8123693466 -0.2192816883 0.5403439999
374.6 -85.4 2326.8 0.7417696714 0.1244779751 0.6590014696 -0.0476727746 0.9899250865 -0.1333254129 -0.6689581871 0.0674803257 0.7402306199
325.1 -478.9 2300.0 0.7422648668 0.0318475962 0.6693494320 -0.1457091272 0.9826410413 0.1148279309 -0.6540731788 -0.1827630550 0.7340203524
108.7 391.4 2330.2 0 0 0 0 0 0 0 0 0
411.1 -171.2 2212.7 0 0 0 0 0 0 0 0 0
158.5 -776.2 2442.8 0 0 0 0 0 0 0 0 0
315.5 -776.7 2355.4 0 0 0 0 0 0 0 0 0
234.1 501.1 2368.6 85 0.8680725694 -0.0954869613 0.4871675968 0.0782807916 0.9953790307 0.0556118935 -0.4902266264 -0.0101392958 0.8715360165
253.1 302.2 2370.7 0.8680725694 -0.0954869613 0.4871675968 0.0782807916 0.9953790307 0.0556118935 -0.4902266264 -0.0101392958 0.8715360165
269.8 104.1 2371.8 0.8687784076 -0.0840890780 0.4880093336 0.0704517141 0.9964412451 0.0462755449 -0.4901638627 -0.0058220997 0.8716108799
130.9 292.2 2439.6 0.3480230868 -0.9139252305 0.2088555843 0.7977096438 0.1716586947 -0.5780939460 0.4924827814 0.3677961528 0.7887881398
61.2 132.5 2341.0 -0.1660770923 -0.9139252305 -0.3703500032 -0.9849902987 0.1716586947 0.0180939995 0.0470372364 0.3677961528 -0.9287160635
375.3 312.1 2301.7 0.2831506133 0.2050051987 0.9369090796 -0.9517017603 0.1809625477 0.2480247766 -0.1186990887 -0.9618864059 0.2463434637
444.0 81.2 2272.9 -0.1374482065 0.2081284225 0.9683958888 -0.9625654221 0.2025215179 -0.1801467538 -0.2336146533 -0.9569052458 0.1725010127
213.4 -102.6 2417.9 0.5591425896 0.1993997395 0.8047355413 -0.0383860357 0.9758321643 -0.2151233554 -0.8281823993 0.0893940255 0.5532835126
134.2 -490.5 2382.3 0.5683415532 -0.0842927173 0.8184635639 -0.1215508804 0.9752224088 0.1848421544 -0.8137648702 -0.2045384496 0.5440136194
371.8 -87.5 2326.7 0.7481563091 0.1235455498 0.6519191861 -0.0471128002 0.9899238348 -0.1335333437 -0.6618478298 0.0691900700 0.7464383245
322.7 -481.0 2299.2 0.7493157387 0.0256804936 0.6617147326 -0.1453920752 0.9812461734 0.1265585870 -0.6460549831 -0.1910404265 0.7389969826
105.0 392.3 2328.6 0 0 0 0 0 0 0 0 0
408.0 -171.1 2211.7 0 0 0 0 0 0 0 0 0
158.7 -774.5 2441.9 0 0 0 0 0 0 0 0 0
315.0 -777.4 2356.9 0 0 0 0 0 0 0 0 0
233.8 500.3 2376.2 86 0.8598434925 -0.0891718492 0.5027101636 0.0818816647 0.9959692359 0.0366155244 -0.5039489269 0.0096791284 0.8636792302
251.6 301.5 2374.3 0.8598434925 -0.0891718492 0.5027101636 0.0818816647 0.9959692359 0.0366155244 -0.5039489269 0.0096791284 0.8636792302
267.2 103.3 2372.0 0.8605407476 -0.0784284398 0.5033076406 0.0735909790 0.9968517423 0.0295117535 -0.5040376782 0.0116428332 0.8636031747
130.6 291.1 2445.2 0.3457936347 -0.9216251969 0.1761638522 0.7761678100 0.1754564643 -0.6056224704 0.5272478461 0.3461531103 0.7760075331
60.3 133.4 2338.1 -0.1760471910 -0.9216251969 -0.3458530307 -0.9839243293 0.1754564643 0.0332858637 0.0300050601 0.3461531103 -0.9376981258
372.7 311.9 2303.4 0.2380682081 0.1929104328 0.9518976212 -0.9619623423 0.1820362955 0.2036941200 -0.1339851916 -0.9641827345 0.2289096117
434.7 61.4 2268.5 -0.1329659224 0.1991293728 0.9709106684 -0.9579212070 0.2256014645 -0.1774568409 -0.2543757558 -0.9536516666 0.1607529372
206.9 -100.5 2417.9 0.5449220538 0.1848287582 0.8178620338 -0.0258070640 0.9786373973 -0.2039677799 -0.8380894661 0.0900399238 0.5380510092
133.4 -489.5 2382.1 0.5562893152 -0.0879274681 0.8263238072 -0.1224343404 0.9748617411 0.1861570925 -0.8219197392 -0.2047276050 0.5315397978
366.2 -87.5 2328.0 0.7370724678 0.1144964397 0.6660441160 -0.0341507830 0.9905951023 -0.1324957460 -0.6749503016 0.0749130324 0.7340505123
320.7 -481.4 2298.2 0.7398806810 0.0163374152 0.6725397110 -0.1445879191 0.9802044034 0.1352541596 -0.6570166945 -0.1973130554 0.7275964618
106.7 392.6 2330.2 0 0 0 0 0 0 0 0 0
399.8 -190.4 2201.6 0 0 0 0 0 0 0 0 0
159.1 -774.6 2442.0 0 0 0 0 0 0 0 0 0
315.8 -777.4 2357.8 0 0 0 0 0 0 0 0 0
228.7 499.4 2371.5 87 0.8530700803 -0.1041096672 0.5113047957 0.0858179033 0.9945430756 0.0593244247 -0.5146908760 -0.0067287902 0.8573493958
249.6 300.0 2372.8 0.8530700803 -0.1041096672 0.5113047957 0.0858179033 0.9945430756 0.0593244247 -0.5146908760 -0.0067287902 0.8573493958
267.8 102.1 2373.2 0.8538647890 -0.0918232650 0.5123313665 0.0777453333 0.9957734942 0.0488964170 -0.5146557689 -0.0019195562 0.8573947549
129.4 289.1 2445.3 0.3471318185 -0.9227189422 0.1675985605 0.7752949595 0.1818046570 -0.6048675776 0.5276525617 0.3399071097 0.7784895301
60.0 134.0 2339.8 -0.1825993657 -0.9227189422 -0.3394808471 -0.9827314019 0.1818046570 0.0344394222 0.0299412943 0.3399071097 -0.9399822950
369.7 310.9 2300.4 0.2322648466 0.1821854562 0.9554378390 -0.9656382203 0.1609493941 0.2040542662 -0.1166014224 -0.9700019360 0.2133081257
430.5 58.3 2269.9 -0.1166644841 0.1916878819 0.9744973779 -0.9585483074 0.2350850850 -0.1609973609 -0.2599510550 -0.9528855085 0.1563160121
203.8 -101.6 2415.9 0.5360937715 0.1756737232 0.8256767988 -0.0300504211 0.9814580083 -0.1893071681 -0.8436233997 0.0766744614 0.5314325690
134.0 -491.7 2385.4 0.5454344749 -0.0829036906 0.8340432644 -0.1160337403 0.9780454040 0.1730993837 -0.8300827742 -0.1911915243 0.5238400698
361.7 -88.0 2323.4 0.7300547957 0.1016946360 0.6757797003 -0.0335770063 0.9930093288 -0.1131591797 -0.6825632453 0.0599217452 0.7283658385
321.3 -482.8 2299.6 0.7325854897 0.0225269757 0.6803021431 -0.1513409168 0.9798258543 0.1305267811 -0.6636372209 -0.1985795796 0.7212154865
108.0 392.4 2331.9 0 0 0 0 0 0 0 0 0
399.8 -194.0 2201.5 0 0 0 0 0 0 0 0 0
158.0 -775.3 2440.8 0 0 0 0 0 0 0 0 0
314.5 -775.8 2359.0 0 0 0 0 0 0 0 0 0
228.0 499.3 2369.1 88 0.8584144711 -0.1021136418 0.5026901364 0.0841441378 0.9947420359 0.0583782718 -0.5060082674 -0.0078143226 0.8624932170
248.5 299.8 2370.7 0.8584144711 -0.1021136418 0.5026901364 0.0841441378 0.9947420359 0.0583782718 -0.5060082674 -0.0078143226 0.8624932170
266.6 101.9 2371.6 0.8591406941 -0.0914316848 0.5035051703 0.0766749531 0.9958018661 0.0499960408 -0.5059626102 -0.0043473984 0.8625444770
127.6 289.0 2441.9 0.3535393476 -0.9202197194 0.1679453552 0.7859981656 0.1948957592 -0.5867048502 0.5071654916 0.3394279778 0.7921943069
57.9 134.1 2342.0 -0.1917679161 -0.9202197194 -0.3412049115 -0.9804939628 0.1948957592 0.0254403185 0.0430887081 0.3394279778 -0.9396446347
369.4 310.6 2299.5 0.2235213518 0.1916699708 0.9556677341 -0.9676037431 0.1617235243 0.1938775778 -0.1173934489 -0.9680434465 0.2216092348
428.7 53.8 2268.3 -0.1164354384 0.2004457265 0.9727611542 -0.9594494700 0.2304482758 -0.1623279005 -0.2567090690 -0.9522159100 0.1654852033
207.8 -103.0 2420.8 0.5454420447 0.1839728206 0.8177083731 -0.0276121832 0.9790273309 -0.2018489540 -0.8376935720 0.0875181928 0.5390825868
134.6 -492.2 2386.0 0.5543172956 -0.0806065872 0.8283929825 -0.1113800481 0.9791629314 0.1698069423 -0.8248192668 -0.1863933802 0.5337889791
364.4 -88.7 2326.4 0.7353335619 0.1143068150 0.6679958701 -0.0503997020 0.9921671748 -0.1142984256 -0.6758286953 0.0503806733 0.7353348732
319.0 -483.1 2306.3 0.7364559770 0.0169759113 0.6762723923 -0.1323107332 0.9839923978 0.1193851233 -0.6634202600 -0.1773999929 0.7269132137
108.3 391.9 2330.6 0 0 0 0 0 0 0 0 0
398.0 -199.0 2200.7 0 0 0 0 0 0 0 0 0
158.0 -776.0 2440.0 0 0 0 0 0 0 0 0 0
313.9 -774.6 2358.9 0 0 0 0 0 0 0 0 0
229.2 499.3 2376.0 89 0.8811233640 -0.0891549960 0.4644060433 0.0888795033 0.9957874417 0.0225354750 -0.4644588530 0.0214196444 0.8853356242
247.0 300.1 2371.7 0.8811233640 -0.0891549960 0.4644060433 0.0888795033 0.9957874417 0.0225354750 -0.4644588530 0.0214196444 0.8853356242
263.8 102.1 2368.4 0.8817353249 -0.0838278383 0.4642367065 0.0818321258 0.9963452816 0.0244857743 -0.4645926356 0.0163995009 0.8853726387
123.0 288.6 2437.0 0.3521903753 -0.9208062887 0.1675640941 0.7947853208 0.1997009367 -0.5730932355 0.4942451715 0.3350154161 0.8021760583
55.0 135.0 2341.4 -0.1953334361 -0.9208062887 -0.3375805616 -0.9796074033 0.1997009367 0.0221108515 0.0470553450 0.3350154161 -0.9410369396
371.0 311.5 2306.4 0.2115827352 0.2346036583 0.9487854838 -0.9668044448 0.1925273985 0.1679952890 -0.1432548910 -0.9528349042 0.2675513327
427.8 51.5 2267.8 -0.1300264597 0.2384840399 0.9624024630 -0.9578740597 0.2204640061 -0.1840457916 -0.2560670972 -0.9457911849 0.1997715235
206.0 -103.1 2418.8 0.5784448385 0.1826930940 0.7949998975 -0.0337811410 0.9791261554 -0.2004265189 -0.8150216937 0.0890796855 0.5725420713
133.4 -492.4 2383.4 0.5870984197 -0.0825824440 0.8052922487 -0.1135215908 0.9765538573 0.1829081923 -0.8015162349 -0.1988031715 0.5639583468
363.6 -89.0 2326.0 0.7630866766 0.1145077795 0.6360712647 -0.0547277629 0.9920930266 -0.1129438579 -0.6439748406 0.0513751917 0.7633197308
318.1 -483.5 2305.6 0.7639969587 0.0173046906 0.6449877024 -0.1302109510 0.9832077622 0.1278577447 -0.6319444180 -0.1816674024 0.7534210086
106.5 393.4 2329.0 0 0 0 0 0 0 0 0 0
393.6 -200.9 2200.4 0 0 0 0 0 0 0 0 0
157.5 -777.5 2441.5 0 0 0 0 0 0 0 0 0
313.0 -774.5 2359.3 0 0 0 0 0 0 0 0 0
226.0 500.0 2379.9 90 0.8802701235 -0.1265501976 0.4572849870 0.1300655901 0.9912164211 0.0239364449 -0.4562975764 0.0384065099 0.8889980316
251.5 300.4 2372.1 0.8802701235 -0.1265501976 0.4572849870 0.1300655901 0.9912164211 0.0239364449 -0.4562975764 0.0384065099 0.8889980316
264.1 102.1 2369.9 0.8868523240 -0.0630541369 0.4577303827 0.0610104389 0.9979512095 0.0192639586 -0.4580072463 0.0108420439 0.8888823390
126.8 291.9 2436.5 0.3720981181 -0.9042269588 0.2095628679 0.7820613384 0.1838189512 -0.5954751968 0.4999230802 0.3854662180 0.7755596042
55.5 142.1 2340.8 -0.1817132831 -0.9042269588 -0.3864633143 -0.9824439883 0.1838189512 0.0318505317 0.0422391705 0.3854662180 -0.9217546582
376.2 309.0 2307.7 0.1937416196 0.2434348166 0.9503702521 -0.9695085287 0.1956810355 0.1475199610 -0.1500579417 -0.9499728680 0.2739236951
427.1 54.3 2268.3 -0.1407505721 0.2460972220 0.9589710236 -0.9572168589 0.2135346085 -0.1952917278 -0.2528342605 -0.9454306364 0.2055132985
199.7 -103.4 2407.7 0.5852918029 0.1683090627 0.7931617498 -0.0429069102 0.9832770228 -0.1769895852 -0.8096866608 0.0695584342 0.5827255845
132.8 -494.2 2380.0 0.5939314961 -0.0831684023 0.8002052307 -0.1218270883 0.9738745689 0.1916415095 -0.7952380776 -0.2113085985 0.5682826042
361.3 -88.5 2322.5 0.7705339193 0.1007263586 0.6293898821 -0.0422657803 0.9933357239 -0.1072274446 -0.6359961033 0.0560207292 0.7696561813
321.3 -483.4 2300.2 0.7719110250 0.0284997392 0.6350914836 -0.1478461325 0.9796516895 0.1357351691 -0.6183000207 -0.1986712813 0.7604175210
104.3 405.5 2329.5 0 0 0 0 0 0 0 0 0
390.0 -198.0 2201.7 0 0 0 0 0 0 0 0 0
157.0 -777.2 2441.4 0 0 0 0 0 0 0 0 0
312.8 -776.1 2359.6 0 0 0 0 0 0 0 0 0
224.1 502.5 2375.3 91 0.8810026646 -0.1100621074 0.4601311684 0.1029662564 0.9938567281 0.0405806415 -0.4617708325 0.0116263330 0.8869230747
246.2 302.8 2373.0 0.8810026646 -0.1100621074 0.4601311684 0.1029662564 0.9938567281 0.0405806415 -0.4617708325 0.0116263330 0.8869230747
259.9 104.5 2371.6 0.8845078945 -0.0685315952 0.4614641368 0.0638791397 0.9976262450 0.0257166456 -0.4621311426 0.0067313560 0.8867860436
121.8 293.8 2438.0 0.3395025730 -0.9234060049 0.1790511161 0.8080742955 0.1889074147 -0.5579695106 0.4814082980 0.3341186941 0.8103151917
52.2 128.0 2339.2 -0.1903190911 -0.9234060049 -0.3333165944 -0.9812988639 0.1889074147 0.0369668789 0.0288305320 0.3341186941 -0.9420899749
370.7 311.8 2308.0 0.2063994855 0.2372082919 0.9492794275 -0.9669761062 0.1977022588 0.1608448923 -0.1495209336 -0.9511288404 0.2701804042
426.3 51.0 2267.6 -0.1419666857 0.2392871380 0.9605140090 -0.9578554630 0.2115814686 -0.1942837834 -0.2497165650 -0.9476153851 0.1991649717
195.3 -101.8 2409.7 0.5845907331 0.1615018547 0.7950916886 -0.0275889151 0.9833778739 -0.1794624776 -0.8108591437 0.0829763860 0.5793292522
