-274.4 517.7 2538.8 2 0.9349931479 -0.0051858374 -0.3546278775 0.0215494838 0.9988763928 0.0422093384 0.3540105224 -0.0471074916 0.9340543151
-273.4 316.5 2548.3 0.9349931479 -0.0051858374 -0.3546278775 0.0215494838 0.9988763928 0.0422093384 0.3540105224 -0.0471074916 0.9340543151
-271.0 118.0 2556.3 0.9349662662 -0.0113478545 -0.3545550108 0.0247938894 0.9991343617 0.0334036164 0.3538690507 -0.0400220528 0.9344382882
-409.8 312.9 2496.7 0.7544493079 -0.6066677570 -0.2505203784 0.1762038618 0.5548751354 -0.8130595088 0.6322644949 0.5692695379 0.5255223513
-587.7 271.4 2347.6 -0.7642531395 -0.6297266483 0.1391454190 -0.3079795539 0.5459380746 0.7791663408 -0.5666266084 0.5526263714 -0.6111778617
-136.9 320.1 2600.0 0.1437896192 0.9801772833 -0.1362974197 -0.9872358441 0.1325467527 -0.0882991999 -0.0684830919 0.1472542137 0.9867250323
-97.1 47.0 2581.0 0.0477863140 0.9934560657 -0.1037378088 -0.9569380879 0.0157618523 -0.2898637950 -0.2863318622 0.1131221876 0.9514291286
-357.8 -88.9 2536.9 0.9640094042 -0.0240226276 -0.2647805810 0.0331253260 0.9990018606 0.0299662314 0.2637964189 -0.0376586728 0.9638429880
-348.2 -485.7 2551.8 0.9576219320 -0.1276702583 -0.2581870854 0.0993008018 0.9877787828 -0.1201351434 0.2703694105 0.0894058645 0.9585963488
-183.5 -83.7 2593.7 0.9986507893 -0.0360321701 0.0373934582 0.0467220172 0.9377393126 -0.3441831172 -0.0226636510 0.3454658389 0.9381576180
-169.1 -456.3 2456.4 0.9986507893 -0.0501025543 0.0136499861 0.0467220172 0.9816451669 0.1849049181 -0.0226636510 -0.1840176880 0.9826616049
-413.4 341.6 2476.9 0 0 0 0 0 0 0 0 0
-83.5 -226.5 2499.2 0 0 0 0 0 0 0 0 0
-304.4 -824.4 2521.2 0 0 0 0 0 0 0 0 0
-151.3 -806.3 2522.0 0 0 0 0 0 0 0 0 0
-275.8 520.9 2537.3 3 0.9300737381 -0.0085203452 -0.3672740757 0.0267044920 0.9986542463 0.0444579907 0.3664010167 -0.0511570796 0.9290496707
-274.1 319.7 2547.6 0.9300737381 -0.0085203452 -0.3672740757 0.0267044920 0.9986542463 0.0444579907 0.3664010167 -0.0511570796 0.9290496707
-271.1 121.2 2556.4 0.9300342798 -0.0148884505 -0.3671710491 0.0300718471 0.9989112020 0.0356662348 0.3662402630 -0.0442123339 0.9294694066
-409.9 315.4 2494.1 0.7451886535 -0.6164968014 -0.2542155683 0.1818439215 0.5546293259 -0.8119846582 0.6415813565 0.5588542223 0.5254096985
-585.6 272.5 2342.9 -0.7553327680 -0.6392940879 0.1441369951 -0.3133960366 0.5455306172 0.7772896886 -0.5755478144 0.5419403911 -0.6124094129
-138.3 324.1 2601.1 0.1453288645 0.9782258868 -0.1481677294 -0.9869198799 0.1327706128 -0.0914390087 -0.0697756857 0.1595184058 0.9847259521
-98.3 52.7 2581.9 0.0513426699 0.9920499325 -0.1148947626 -0.9557894468 0.0154573591 -0.2936453223 -0.2895348668 0.1248917431 0.9489845037
-354.3 -82.8 2531.8 0.9605175257 -0.0099782581 -0.2780404389 0.0237732697 0.9986451864 0.0462878793 0.2772018909 -0.0510702506 0.9594534636
-350.4 -479.5 2552.1 0.9535178542 -0.1292208135 -0.2722236216 0.0979840159 0.9872524142 -0.1254265010 0.2849611342 0.0929228440 0.9540243745
-183.0 -78.3 2596.7 0.9992544055 -0.0284084566 0.0261462666 0.0355831757 0.9404322505 -0.3381139338 -0.0149834976 0.3387922049 0.9407418966
-171.8 -452.0 2462.0 0.9983289838 -0.0571089759 0.0088220462 0.0548310839 0.9843658805 0.1673838198 -0.0182432402 -0.1666204035 0.9858523607
-413.3 344.0 2474.2 0 0 0 0 0 0 0 0 0
-83.7 -220.5 2499.1 0 0 0 0 0 0 0 0 0
-305.8 -820.3 2520.0 0 0 0 0 0 0 0 0 0
-151.3 -804.4 2521.7 0 0 0 0 0 0 0 0 0
-275.9 516.6 2533.0 4 0.9310500026 -0.0100865914 -0.3647521734 0.0321242176 0.9980022907 0.0544008091 0.3634747863 -0.0623672530 0.9295140505
-273.9 315.5 2545.6 0.9310500026 -0.0100865914 -0.3647521734 0.0321242176 0.9980022907 0.0544008091 0.3634747863 -0.0623672530 0.9295140505
-270.4 117.1 2556.6 0.9309939742 -0.0172528811 -0.3646266162 0.0362161361 0.9983198047 0.0452328771 0.3632335663 -0.0553169027 0.9300545454
-409.8 310.2 2492.6 0.7465859652 -0.6161599159 -0.2509110868 0.1906448603 0.5594719648 -0.8066260815 0.6373883486 0.5543808341 0.5351616740
-585.8 265.3 2342.3 -0.7562487721 -0.6389843225 0.1406656057 -0.3214733899 0.5501345992 0.7707183361 -0.5698619485 0.5376345515 -0.6214550734
-137.9 320.8 2598.7 0.1507245302 0.9779253006 -0.1447213590 -0.9866445065 0.1396631896 -0.0838257298 -0.0617630519 0.1554231346 0.9859153032
-97.2 54.6 2582.0 0.0533528589 0.9925375581 -0.1096481830 -0.9567745924 0.0193730164 -0.2901846170 -0.2858949006 0.1203907728 0.9506682754
-353.3 -80.0 2531.6 0.9613142014 -0.0129124997 -0.2751513720 0.0231263507 0.9991573095 0.0339088626 0.2744816840 -0.0389603153 0.9608027339
-348.2 -477.0 2547.1 0.9548016191 -0.1225957572 -0.2707843781 0.0977778584 0.9898256660 -0.1033662707 0.2807016075 0.0722175613 0.9570742846
-182.9 -74.5 2598.8 0.9985973835 -0.0346521288 0.0400307514 0.0467647798 0.9317799211 -0.3599989712 -0.0248251185 0.3613660634 0.9320935011
-169.1 -444.7 2455.2 0.9985973835 -0.0505444668 0.0157635007 0.0467647798 0.9816230536 0.1850114018 -0.0248251185 -0.1840147227 0.9826099277
-413.3 338.6 2472.3 0 0 0 0 0 0 0 0 0
-82.0 -218.8 2500.3 0 0 0 0 0 0 0 0 0
-305.8 -819.8 2522.1 0 0 0 0 0 0 0 0 0
-150.4 -807.8 2523.3 0 0 0 0 0 0 0 0 0
-275.1 516.3 2531.4 5 0.9308974743 -0.0144379791 -0.3649950922 0.0385983251 0.9975124002 0.0589844063 0.3632355332 -0.0689966306 0.9291390777
-272.2 315.0 2545.3 0.9308974743 -0.0144379791 -0.3649950922 0.0385983251 0.9975124002 0.0589844063 0.3632355332 -0.0689966306 0.9291390777
-267.8 116.7 2557.8 0.9308095574 -0.0220262203 -0.3648402691 0.0434100255 0.9977795482 0.0505129322 0.3629175723 -0.0628556460 0.9296988845
-408.2 308.7 2492.3 0.7456647754 -0.6188289523 -0.2470520884 0.1990216970 0.5606910586 -0.8037511110 0.6359043717 0.5501601696 0.5412479639
-584.0 261.7 2342.4 -0.7547020316 -0.6416084766 0.1369797140 -0.3293811083 0.5511184335 0.7666658759 -0.5673913360 0.5334857106 -0.6272639036
-136.3 321.3 2598.3 0.1479062587 0.9785065055 -0.1436966956 -0.9872007966 0.1373069137 -0.0811255202 -0.0596513003 0.1538564712 0.9862909913
-95.6 50.2 2582.0 0.0483283475 0.9930451512 -0.1073579267 -0.9545158148 0.0142560713 -0.2978191972 -0.2942174077 0.1168679446 0.9485663176
-352.3 -84.5 2534.3 0.9612972736 -0.0178441238 -0.2749347985 0.0238847192 0.9995409846 0.0186385401 0.2744759917 -0.0244839173 0.9612821937
-345.2 -481.7 2544.0 0.9556702375 -0.1144717857 -0.2712759078 0.0926424563 0.9914404154 -0.0919960737 0.2794848382 0.0627862439 0.9580950141
-181.6 -77.9 2600.9 0.9987937808 -0.0329896659 0.0363676585 0.0443047918 0.9247922301 -0.3778841496 -0.0211662557 0.3790396154 0.9251383543
-168.5 -445.3 2450.3 0.9987937808 -0.0476282872 0.0119361300 0.0443047918 0.9789849520 0.1990616322 -0.0211662557 -0.1982926875 0.9799143076
-411.8 336.9 2471.8 0 0 0 0 0 0 0 0 0
-81.8 -222.6 2497.9 0 0 0 0 0 0 0 0 0
-306.3 -819.0 2522.7 0 0 0 0 0 0 0 0 0
-150.8 -809.8 2524.1 0 0 0 0 0 0 0 0 0
-276.0 510.8 2531.1 6 0.9403070211 -0.0176038407 -0.3398718238 0.0395383574 0.9975495338 0.0577202663 0.3380228877 -0.0677127466 0.9386988282
-272.4 309.2 2544.8 0.9403070211 -0.0176038407 -0.3398718238 0.0395383574 0.9975495338 0.0577202663 0.3380228877 -0.0677127466 0.9386988282
-267.6 110.9 2556.7 0.9402321577 -0.0242176298 -0.3396719396 0.0431100093 0.9979077578 0.0481831208 0.3377943933 -0.0599465817 0.9393090010
-409.7 302.9 2495.4 0.7624346614 -0.6040574908 -0.2319653630 0.1979928911 0.5590820909 -0.8051248789 0.6160293818 0.5679275990 0.5458626151
-589.5 256.3 2350.2 -0.7695557475 -0.6272733808 0.1196331009 -0.3285135031 0.5495346189 0.7681735754 -0.5475973487 0.5518512726 -0.6289652586
-135.1 315.5 2594.1 0.1543430537 0.9807412624 -0.1196862012 -0.9868958592 0.1472624540 -0.0659570917 -0.0470615588 0.1282978356 0.9906184077
-93.6 50.2 2581.4 0.0350111388 0.9961127639 -0.0808307379 -0.9563787580 0.0099230632 -0.2919609547 -0.2900239527 0.0875266865 0.9530084729
-348.8 -85.5 2537.0 0.9684711099 0.0037624328 -0.2490973622 0.0058980915 0.9992594123 0.0380243994 0.2490559518 -0.0382947326 0.9677317142
-350.3 -482.5 2552.2 0.9602894187 -0.1305258870 -0.2465912104 0.1035149992 0.9874174595 -0.1195467785 0.2590924203 0.0892736167 0.9617179036
-178.1 -77.6 2603.6 0.9982210398 -0.0225470960 0.0551935323 0.0416899808 0.9257552028 -0.3758180737 -0.0426220931 0.3774505258 0.9250483513
-169.1 -445.4 2453.6 0.9982210398 -0.0489897989 0.0339808315 0.0416899808 0.9809793234 0.1895823181 -0.0426220931 -0.1878284067 0.9812766314
-413.9 331.2 2475.1 0 0 0 0 0 0 0 0 0
-83.6 -223.2 2498.6 0 0 0 0 0 0 0 0 0
-306.3 -815.2 2522.2 0 0 0 0 0 0 0 0 0
-151.0 -808.8 2523.2 0 0 0 0 0 0 0 0 0
-276.8 501.4 2530.4 7 0.9518669248 -0.0048511745 -0.3064731956 0.0234214887 0.9981025457 0.0569451787 0.3056154251 -0.0613822900 0.9501744509
-275.8 299.8 2542.8 0.9518669248 -0.0048511745 -0.3064731956 0.0234214887 0.9981025457 0.0569451787 0.3056154251 -0.0613822900 0.9501744509
-273.8 101.4 2553.4 0.9518488646 -0.0100765089 -0.3064020872 0.0258403346 0.9985400438 0.0474353693 0.3054767549 -0.0530688316 0.9507195354
-414.8 296.1 2498.2 0.7862420082 -0.5750610828 -0.2261157185 0.1817155182 0.5649291277 -0.8048816919 0.5905954838 0.5917430520 0.5486685038
-600.2 253.2 2359.0 -0.7931253314 -0.5989668369 0.1104125753 -0.3125525117 0.5558602214 0.7702794075 -0.5227457881 0.5764183402 -0.6280754209
-136.8 303.6 2587.4 0.1670430899 0.9817159176 -0.0912711471 -0.9856355190 0.1639363766 -0.0405894108 -0.0248846095 0.0967402607 0.9949985147
-92.7 42.9 2580.8 0.0293699913 0.9985225201 -0.0457184426 -0.9568278790 0.0148530323 -0.2902753949 -0.2891674638 0.0522700660 0.9558504224
-349.0 -91.3 2537.6 0.9766212702 0.0061784722 -0.2148783952 0.0051270463 0.9986330867 0.0520164371 0.2149060667 -0.0519020520 0.9752545953
-351.4 -488.1 2558.2 0.9671941996 -0.1400925070 -0.2119186670 0.1106903926 0.9832493663 -0.1448044777 0.2286549211 0.1165966913 0.9664999247
-176.6 -83.4 2599.6 0.9984648824 -0.0222233273 0.0507347994 0.0391698480 0.9309298992 -0.3630911708 -0.0391614474 0.3645210564 0.9303713441
-167.7 -453.3 2454.7 0.9984648824 -0.0458534881 0.0310701448 0.0391698480 0.9811508060 0.1892320812 -0.0391614474 -0.1877245605 0.9814407229
-419.3 324.5 2478.3 0 0 0 0 0 0 0 0 0
-84.3 -230.6 2498.2 0 0 0 0 0 0 0 0 0
-304.4 -818.1 2519.1 0 0 0 0 0 0 0 0 0
-151.1 -808.4 2522.7 0 0 0 0 0 0 0 0 0
-276.8 494.9 2531.1 8 0.9557058811 -0.0021761220 -0.2943153679 0.0186963659 0.9984019399 0.0533291250 0.2937290072 -0.0564695857 0.9542192817
-276.4 293.4 2542.5 0.9557058811 -0.0021761220 -0.2943153679 0.0186963659 0.9984019399 0.0533291250 0.2937290072 -0.0564695857 0.9542192817
-274.8 94.9 2552.5 0.9556882381 -0.0077454778 -0.2942788005 0.0222472027 0.9986953735 0.0459632799 0.2935388684 -0.0504734442 0.9546137452
-415.9 290.1 2499.6 0.7941485047 -0.5658759475 -0.2216134965 0.1778988242 0.5651506186 -0.8055785298 0.5811025500 0.6003242135 0.5494821668
-603.1 248.2 2362.7 -0.8005707860 -0.5899996758 0.1048176140 -0.3088843822 0.5561911464 0.7715191841 -0.5134947300 0.5852791667 -0.6275120974
-136.8 296.6 2585.3 0.1601091623 0.9839362502 -0.0789588168 -0.9866672754 0.1571599096 -0.0422896892 -0.0292011965 0.0846770480 0.9959804416
-94.7 37.5 2577.7 0.0343850516 0.9987709522 -0.0356972851 -0.9562941194 0.0225027129 -0.2915393710 -0.2903777659 0.0441616997 0.9558925033
-359.0 -99.4 2536.0 0.9789472818 -0.0269536562 -0.2023258805 0.0353071913 0.9986616969 0.0377919748 0.2010364681 -0.0441399105 0.9785887599
-348.3 -496.0 2553.5 0.9715802670 -0.1347087473 -0.1946416497 0.1094777063 0.9847691059 -0.1350720078 0.2098724693 0.1099243760 0.9715298414
-184.6 -94.6 2592.0 0.9989114404 -0.0448337011 0.0128793856 0.0465377234 0.9389483333 -0.3408962488 0.0031905631 0.3411245346 0.9400126934
-166.8 -467.5 2456.5 0.9989114404 -0.0450425483 -0.0121288141 0.0465377234 0.9800795317 0.1930760890 0.0031905631 -0.1934303641 0.9811088443
-420.5 318.6 2479.8 0 0 0 0 0 0 0 0 0
-84.9 -235.8 2494.7 0 0 0 0 0 0 0 0 0
-303.7 -822.0 2517.2 0 0 0 0 0 0 0 0 0
-151.1 -808.0 2523.7 0 0 0 0 0 0 0 0 0
-277.6 489.2 2531.4 9 0.9570075870 -0.0034054664 -0.2900427878 0.0187597182 0.9985643029 0.0501740314 0.2894555032 -0.0534580499 0.9556975365
-276.9 288.1 2542.2 0.9570075870 -0.0034054664 -0.2900427878 0.0187597182 0.9985643029 0.0501740314 0.2894555032 -0.0534580499 0.9556975365
-275.0 89.6 2552.2 0.9569737911 -0.0097387405 -0.2900108099 0.0238960721 0.9986869097 0.0453154184 0.2891886830 -0.0502957888 0.9559499025
-416.7 284.6 2500.0 0.7964702249 -0.5641344190 -0.2176869214 0.1792235374 0.5640696287 -0.8060423732 0.5775068402 0.6029741168 0.5503708124
-604.5 242.3 2363.8 -0.8023533821 -0.5883105397 0.1005973592 -0.3102293015 0.5550696254 0.7717872262 -0.5098890662 0.5880377889 -0.6278731227
-137.2 291.6 2584.4 0.1594467461 0.9845191240 -0.0727929398 -0.9863971472 0.1558970958 -0.0521224625 -0.0399673544 0.0801135078 0.9959841371
-95.4 33.0 2574.0 0.0367956497 0.9987648726 -0.0333894156 -0.9590972662 0.0259105172 -0.2818884850 -0.2806751728 0.0423959680 0.9588660002
-360.9 -105.6 2535.7 0.9795659184 -0.0337038822 -0.1982792318 0.0441027321 0.9978604913 0.0482640639 0.1962283254 -0.0560224913 0.9789565206
-347.5 -502.0 2558.0 0.9734463096 -0.1305300295 -0.1880536675 0.1039005071 0.9839419127 -0.1451309323 0.2039778233 0.1217382997 0.9713767767
-185.7 -101.5 2589.5 0.9986707568 -0.0487167910 0.0168340728 0.0515428856 0.9452112317 -0.3223648369 -0.0002071741 0.3228040040 0.9464657903
-166.3 -477.0 2461.3 0.9987596273 -0.0489425920 -0.0091587268 0.0497920252 0.9821466208 0.1814077944 0.0001166455 -0.1816388071 0.9833652973
-421.5 313.1 2480.1 0 0 0 0 0 0 0 0 0
-84.8 -241.1 2493.7 0 0 0 0 0 0 0 0 0
-305.1 -821.3 2518.5 0 0 0 0 0 0 0 0 0
-149.9 -805.8 2522.1 0 0 0 0 0 0 0 0 0
-278.9 491.1 2539.1 0 0.9500594139 -0.0081814956 -0.3119618297 0.0163277574 0.9995902777 0.0235099178 0.3116416633 -0.0274294559 0.9498037100
-277.3 289.9 2544.6 0.9500594139 -0.0081814956 -0.3119618297 0.0163277574 0.9995902777 0.0235099178 0.3116416633 -0.0274294559 0.9498037100
-275.1 91.4 2550.8 0.9500247240 -0.0107927257 -0.3119880557 0.0199827217 0.9994550347 0.0262741949 0.3115344644 -0.0311955065 0.9497226477
-416.0 287.0 2499.1 0.7825984359 -0.5790811181 -0.2284836024 0.1694112271 0.5512832403 -0.8169373274 0.5990321636 0.6006261706 0.5295362473
-600.5 247.1 2357.9 -0.7897427678 -0.6028878689 0.1132809743 -0.3017125726 0.5425314903 0.7839828134 -0.5341122150 0.5849664807 -0.6103591919
-138.5 292.8 2590.1 0.1610798985 0.9824137092 -0.0944274217 -0.9849703312 0.1539769918 -0.0782592595 -0.0623433217 0.1056142002 0.9924509525
-95.5 29.6 2573.5 0.0382208712 0.9976068735 -0.0576170050 -0.9574092031 0.0200451035 -0.2880378664 -0.2861936390 0.0661721081 0.9558840990
-360.8 -111.0 2535.7 0.9748151898 -0.0272443220 -0.2213439196 0.0383400135 0.9982060194 0.0459871665 0.2196939439 -0.0533153154 0.9741109014
-350.0 -507.7 2556.9 0.9670701623 -0.1405710578 -0.2121674716 0.1113251001 0.9832885265 -0.1440500319 0.2288711071 0.1156869233 0.9665580988
-185.3 -106.6 2588.7 0.9987058640 -0.0505116433 -0.0059341327 0.0461785197 0.9494943619 -0.3103674948 0.0213115979 0.3096918166 0.9505981207
-165.3 -483.9 2465.7 0.9984120131 -0.0482521877 -0.0290720649 0.0526010208 0.9832477570 0.1745193452 0.0201641023 -0.1757714301 0.9842244983
-420.4 315.9 2479.7 0 0 0 0 0 0 0 0 0
-84.6 -244.0 2491.6 0 0 0 0 0 0 0 0 0
-304.8 -823.4 2519.7 0 0 0 0 0 0 0 0 0
-149.4 -807.8 2523.6 0 0 0 0 0 0 0 0 0
-274.6 489.5 2533.9 1 0.9454217553 0.0027505255 -0.3258376718 0.0105042839 0.9991874099 0.0389128402 0.3256799281 -0.0402117372 0.9446246028
-275.2 287.6 2542.1 0.9454217553 0.0027505255 -0.3258376718 0.0105042839 0.9991874099 0.0389128402 0.3256799281 -0.0402117372 0.9446246028
-275.0 89.1 2549.7 0.9454241991 -0.0011645622 -0.3258399963 0.0136214485 0.9992607236 0.0359512195 0.3255572617 -0.0384275652 0.9447411299
-413.3 285.6 2494.5 0.7751127481 -0.5828817487 -0.2438218743 0.1666311175 0.5608263612 -0.8109918833 0.6094540954 0.5879818201 0.5318298936
-596.0 246.4 2350.8 -0.7844353914 -0.6065319180 0.1295381486 -0.2983904481 0.5521779060 0.7785002589 -0.5437133312 0.5720302463 -0.6141312718
-137.1 289.6 2589.6 0.1558737904 0.9816916585 -0.1094751060 -0.9862216711 0.1484525651 -0.0729979128 -0.0554095842 0.1193451807 0.9913054705
-96.5 32.3 2575.2 0.0419595316 0.9964795709 -0.0725798383 -0.9575089216 0.0193596948 -0.2877531946 -0.2853350639 0.0815698355 0.9549503922
-360.0 -109.0 2528.5 0.9715573788 -0.0229559094 -0.2356890440 0.0404670648 0.9967446923 0.0697312504 0.2333210558 -0.0772855505 0.9693235755
-350.9 -505.0 2559.2 0.9636569619 -0.1441960782 -0.2248839289 0.1117324308 0.9821989536 -0.1510001570 0.2426543981 0.1203855127 0.9626142383
-185.8 -105.4 2585.6 0.9982296228 -0.0547288246 -0.0232877694 0.0453751013 0.9538832903 -0.2967284024 0.0384534113 0.2951464057 0.9546779394
-164.1 -484.4 2468.3 0.9978914857 -0.0464166105 -0.0453660376 0.0532269366 0.9852291942 0.1627584249 0.0371412523 -0.1648299396 0.9856224656
-417.1 314.4 2474.8 0 0 0 0 0 0 0 0 0
-84.5 -241.4 2493.6 0 0 0 0 0 0 0 0 0
-304.0 -824.3 2520.1 0 0 0 0 0 0 0 0 0
-148.9 -807.2 2522.3 0 0 0 0 0 0 0 0 0
-273.8 491.6 2532.3 2 0.9507328868 0.0062548686 -0.3099481165 0.0081124678 0.9989520907 0.0450433567 0.3099050522 -0.0453386456 0.9496858716
-275.0 290.0 2541.5 0.9507328868 0.0062548686 -0.3099481165 0.0081124678 0.9989520907 0.0450433567 0.3099050522 -0.0453386456 0.9496858716
-275.4 91.4 2549.5 0.9507439137 0.0017846812 -0.3099723160 0.0108500561 0.9991790652 0.0390320048 0.3097874820 -0.0404726602 0.9499440193
-413.9 288.4 2496.2 0.7857217193 -0.5710182190 -0.2378647476 0.1650466472 0.5641165376 -0.8090316057 0.5961552262 0.5964149237 0.5374832749
-599.1 249.5 2355.7 -0.7944241166 -0.5949609280 0.1221138909 -0.2966388464 0.5555217862 0.7767888904 -0.5299959779 0.5808761120 -0.6178084016
-136.2 291.5 2586.7 0.1462473869 0.9846172929 -0.0956057981 -0.9884127975 0.1414692700 -0.0550143756 -0.0406428240 0.1025437042 0.9938978553
-96.9 26.6 2575.9 0.0468821451 0.9973951578 -0.0548170954 -0.9512564540 0.0278327856 -0.3071424365 -0.3048166633 0.0665446147 0.9500834942
-361.4 -110.7 2527.5 0.9750269651 -0.0344329923 -0.2194010764 0.0522696190 0.9957355857 0.0760166347 0.2158479691 -0.0855862796 0.9726688266
-347.7 -506.3 2561.5 0.9696428776 -0.1322711855 -0.2056624591 0.1013405696 0.9828131199 -0.1542999148 0.2225371897 0.1287738681 0.9663821459
-188.0 -108.2 2587.2 0.9980811477 -0.0613650009 -0.0082658958 0.0560997240 0.9526838064 -0.2987413406 0.0262070466 0.2977043986 0.9542983174
-163.6 -486.8 2468.9 0.9985369444 -0.0411595218 -0.0350687392 0.0463574976 0.9854820967 0.1633279324 0.0278371144 -0.1647146791 0.9859483838
-417.9 317.2 2476.6 0 0 0 0 0 0 0 0 0
-83.6 -245.3 2488.7 0 0 0 0 0 0 0 0 0
-304.9 -824.7 2519.8 0 0 0 0 0 0 0 0 0
-150.3 -806.7 2522.3 0 0 0 0 0 0 0 0 0
-274.0 495.1 2539.6 3 0.9316282868 0.0057246867 -0.3633675277 0.0017577658 0.9997932315 0.0202579666 0.3634083569 -0.0195116103 0.9314256310
-275.1 293.2 2543.5 0.9316282868 0.0057246867 -0.3633675277 0.0017577658 0.9997932315 0.0202579666 0.3634083569 -0.0195116103 0.9314256310
-275.5 94.6 2548.6 0.9316487908 0.0029261627 -0.3633483052 0.0064925151 0.9996739030 0.0246979333 0.3633020818 -0.0253688432 0.9313259721
-411.0 292.3 2490.5 0.7504872084 -0.6045454144 -0.2670089304 0.1563304365 0.5549430251 -0.8170673251 0.6421290636 0.5714569688 0.5109865069
-588.0 255.5 2339.1 -0.7627732754 -0.6275592446 0.1560329199 -0.2889019549 0.5465748906 0.7859971523 -0.5785434842 0.5544594526 -0.5982158184
-139.2 294.1 2596.5 0.1568291485 0.9765172005 -0.1477117091 -0.9849830270 0.1437163800 -0.0956764445 -0.0722010955 0.1604983807 0.9843918085
-97.1 29.9 2577.2 0.0459828898 0.9927860498 -0.1107316092 -0.9525442719 0.0101863816 -0.3042296767 -0.3009070158 0.1194661111 0.9461410046
-362.9 -108.1 2529.2 0.9606683850 -0.0427383892 -0.2743896842 0.0628932640 0.9958962798 0.0650774091 0.2704823613 -0.0797750726 0.9594140053
-345.9 -503.8 2560.9 0.9574775696 -0.1284486353 -0.2583362758 0.0901808366 0.9838021398 -0.1549217850 0.2740512490 0.1250371486 0.9535521269
-188.5 -106.1 2586.0 0.9961405993 -0.0613298863 -0.0627901033 0.0395954512 0.9524444938 -0.3021284938 0.0783335939 0.2984762490 0.9511970282
-164.2 -484.6 2467.4 0.9956784248 -0.0399000607 -0.0838597938 0.0534296110 0.9847006202 0.1658613235 0.0759589151 -0.1696251333 0.9825770259
-414.0 321.4 2471.1 0 0 0 0 0 0 0 0 0
-84.0 -242.4 2491.1 0 0 0 0 0 0 0 0 0
-303.9 -825.2 2520.0 0 0 0 0 0 0 0 0 0
-151.0 -808.1 2523.1 0 0 0 0 0 0 0 0 0
-275.6 493.0 2536.7 4 0.9375244379 0.0043290728 -0.3478924930 0.0057156296 0.9995959997 0.0278415494 0.3478724957 -0.0280905571 0.9371209145
-276.5 291.5 2542.3 0.9375244379 0.0043290728 -0.3478924930 0.0057156296 0.9995959997 0.0278415494 0.3478724957 -0.0280905571 0.9371209145
-276.2 92.9 2548.3 0.9375336766 -0.0010801993 -0.3478927910 0.0114202732 0.9995517731 0.0276728254 0.3477069736 -0.0299172364 0.9371258616
-413.3 289.8 2491.6 0.7604991198 -0.5969419479 -0.2555413544 0.1618924439 0.5554202199 -0.8156588078 0.6288337708 0.5789375901 0.5190369487
-592.6 251.7 2343.3 -0.7712504864 -0.6202051640 0.1432418376 -0.2942146957 0.5468938351 0.7838014960 -0.5644558668 0.5623634458 -0.6042656302
-139.6 293.1 2593.1 0.1524615288 0.9792792201 -0.1332954317 -0.9867026210 0.1431352794 -0.0770077333 -0.0563327968 0.1432636678 0.9880800247
-99.1 31.0 2578.1 0.0482734405 0.9943113923 -0.0949451849 -0.9536632299 0.0176191181 -0.3003598154 -0.2969783247 0.1050451323 0.9490886927
-361.3 -104.5 2520.4 0.9651087523 -0.0354392268 -0.2594401836 0.0601746887 0.9942988157 0.0880277529 0.2548414469 -0.1005680785 0.9617390037
-347.2 -499.6 2560.3 0.9611374736 -0.1309460104 -0.2430388182 0.0944108069 0.9831776619 -0.1563594639 0.2594249845 0.1273374408 0.9573316574
-190.7 -103.4 2586.9 0.9970396161 -0.0626204163 -0.0446168184 0.0452771783 0.9471582174 -0.3175551295 0.0621446222 0.3145949244 0.9471895695
-165.8 -479.8 2461.9 0.9963572621 -0.0497663654 -0.0692500845 0.0614000857 0.9821920395 0.1775635630 0.0591801852 -0.1811687052 0.9816697836
-416.7 318.8 2472.1 0 0 0 0 0 0 0 0 0
-85.3 -241.6 2493.2 0 0 0 0 0 0 0 0 0
-303.8 -825.8 2518.1 0 0 0 0 0 0 0 0 0
-149.3 -806.8 2522.2 0 0 0 0 0 0 0 0 0
-272.5 493.1 2533.7 5 0.9440008998 0.0135758277 -0.3296633959 0.0004648691 0.9990974069 0.0424748734 0.3299424946 -0.0402495712 0.9431425929
-275.2 291.6 2541.8 0.9440008998 0.0135758277 -0.3296633959 0.0004648691 0.9990974069 0.0424748734 0.3299424946 -0.0402495712 0.9431425929
-276.8 93.1 2549.3 0.9440479279 0.0080899550 -0.3297089934 0.0048024436 0.9992559552 0.0382691175 0.3297732770 -0.0377112888 0.9433066845
-413.1 290.9 2493.7 0.7738701701 -0.5803757906 -0.2535525262 0.1591610312 0.5657027364 -0.8091033101 0.6130193472 0.5857852697 0.5301536918
-595.5 253.4 2349.2 -0.7846831679 -0.6040322185 0.1393462718 -0.2908748984 0.5572805405 0.7777082920 -0.5474158525 0.5697222948 -0.6129864454
-137.4 292.3 2590.0 0.1511337310 0.9815693498 -0.1169625297 -0.9877720475 0.1453781277 -0.0563168563 -0.0382751040 0.1240436882 0.9915382862
-97.7 32.6 2579.9 0.0444426909 0.9962205291 -0.0746287555 -0.9518463016 0.0195436589 -0.3059520125 -0.3033371568 0.0846324414 0.9491174221
-361.8 -106.8 2522.4 0.9701251984 -0.0359375738 -0.2399283946 0.0587982088 0.9943114519 0.0888118446 0.2353718728 -0.1002659649 0.9667196274
-347.5 -501.9 2562.2 0.9657942057 -0.1314190179 -0.2235411108 0.0965575948 0.9823282361 -0.1603366882 0.2406620383 0.1332676560 0.9614164233
-190.0 -104.7 2586.1 0.9980453849 -0.0619711578 -0.0080602951 0.0558570176 0.9424521923 -0.3296420276 0.0280247405 0.3285474777 0.9440715909
-165.4 -479.2 2455.5 0.9980453849 -0.0489885956 -0.0388009027 0.0558570176 0.9777233601 0.2023288906 0.0280247405 -0.2041007131 0.9785487056
-416.5 319.7 2474.0 0 0 0 0 0 0 0 0 0
-85.0 -239.5 2493.2 0 0 0 0 0 0 0 0 0
-304.4 -824.2 2518.5 0 0 0 0 0 0 0 0 0
-148.9 -808.5 2524.3 0 0 0 0 0 0 0 0 0
-273.5 492.1 2539.2 6 0.9488071203 0.0126171643 -0.3156040013 -0.0050489693 0.9996800423 0.0247862171 0.3158157468 -0.0219238624 0.9485672116
-276.1 290.7 2543.7 0.9488071203 0.0126171643 -0.3156040013 -0.0050489693 0.9996800423 0.0247862171 0.3158157468 -0.0219238624 0.9485672116
-277.2 92.1 2548.3 0.9488722682 0.0056264051 -0.3156100810 0.0020950318 0.9997068644 0.0241205022 0.3156532645 -0.0235484894 0.9485823512
-414.7 290.5 2497.6 0.7826648355 -0.5726068020 -0.2440435886 0.1520400047 0.5560666919 -0.8171129823 0.6035889387 0.6024212241 0.5222729445
-599.2 254.6 2355.3 -0.7922434807 -0.5964851975 0.1286688596 -0.2846983075 0.5478243828 0.7866608500 -0.5397195220 0.5865951180 -0.6038286090
-137.5 291.0 2589.8 0.1539809406 0.9825947285 -0.1039110571 -0.9871875644 0.1485365480 -0.0582887791 -0.0418396555 0.1115550622 0.9928770661
-97.0 31.2 2578.7 0.0478277728 0.9968078732 -0.0639264807 -0.9555868506 0.0270295236 -0.2934675813 -0.2908028960 0.0751231983 0.9538292289
-364.9 -105.9 2526.6 0.9732160568 -0.0436026305 -0.2257196456 0.0626112074 0.9950050116 0.0777486414 0.2212021351 -0.0897988081 0.9710848331
-347.6 -501.3 2562.3 0.9689357877 -0.1318068951 -0.2092616111 0.0997231752 0.9825317860 -0.1571196467 0.2263156325 0.1313706040 0.9651544094
-191.8 -105.1 2587.1 0.9981001019 -0.0613914803 0.0052222461 0.0598359779 0.9456115961 -0.3197473884 0.0146915494 0.3194523752 0.9474884272
-167.4 -480.8 2460.1 0.9981238842 -0.0556049570 -0.0256278552 0.0594180301 0.9806869030 0.1863401532 0.0147714661 -0.1875133216 0.9821509719
-418.5 319.6 2478.4 0 0 0 0 0 0 0 0 0
-83.3 -241.9 2495.6 0 0 0 0 0 0 0 0 0
-304.3 -823.6 2519.2 0 0 0 0 0 0 0 0 0
-149.0 -806.3 2522.4 0 0 0 0 0 0 0 0 0
-269.8 492.0 2535.5 7 0.9533981681 0.0217673462 -0.3009287119 -0.0097834636 0.9991000295 0.0412729569 0.3015562892 -0.0364054367 0.9527530670
-274.2 290.5 2542.8 0.9533981681 0.0217673462 -0.3009287119 -0.0097834636 0.9991000295 0.0412729569 0.3015562892 -0.0364054367 0.9527530670
-277.0 92.0 2549.2 0.9534984827 0.0146231120 -0.3010428846 -0.0042754826 0.9993780851 0.0350028202 0.3013675213 -0.0320880339 0.9529680014
-413.4 291.2 2498.8 0.7930580974 -0.5582382083 -0.2437805384 0.1496289372 0.5664634109 -0.8103890419 0.5904828906 0.6062089801 0.5327669978
-600.4 255.9 2359.6 -0.8029140234 -0.5824284554 0.1269102991 -0.2816545069 0.5583164692 0.7803546786 -0.5253568888 0.5908128619 -0.6123237014
-134.9 289.9 2586.9 0.1495080888 0.9845606089 -0.0910371467 -0.9884539247 0.1465341896 -0.0385563262 -0.0246209837 0.0957505032 0.9951007962
-95.9 32.2 2580.4 0.0412374325 0.9980227947 -0.0474344008 -0.9526022077 0.0249503814 -0.3031938672 -0.3014108837 0.0576890483 0.9517475963
-365.3 -106.7 2524.1 0.9765893221 -0.0480942391 -0.2096670121 0.0645386130 0.9952923059 0.0723045990 0.2052025348 -0.0841435194 0.9750958085
-346.2 -502.2 2557.5 0.9725397825 -0.1281673014 -0.1942666620 0.1007400453 0.9842819571 -0.1450535059 0.2098042816 0.1214998737 0.9701648951
-191.3 -106.3 2582.0 0.9975837469 -0.0675389171 0.0162841193 0.0692665800 0.9487825632 -0.3082431555 0.0053683207 0.3086262941 0.9511682391
-164.5 -483.4 2459.3 0.9986033440 -0.0494692028 -0.0185521953 0.0521074198 0.9801805615 0.1911305040 0.0087294281 -0.1918302625 0.9813892841
-417.2 320.1 2479.5 0 0 0 0 0 0 0 0 0
-84.1 -240.1 2494.3 0 0 0 0 0 0 0 0 0
-304.1 -825.0 2517.7 0 0 0 0 0 0 0 0 0
-148.2 -805.1 2522.3 0 0 0 0 0 0 0 0 0
-265.4 494.9 2532.6 8 0.9503467083 0.0267516598 -0.3100410998 -0.0107681295 0.9985284805 0.0531504937 0.3110067248 -0.0471728332 0.9492362738
-270.8 293.2 2542.2 0.9503467083 0.0267516598 -0.3100410998 -0.0107681295 0.9985284805 0.0531504937 0.3110067248 -0.0471728332 0.9492362738
-275.0 94.7 2550.3 0.9504275322 0.0212236382 -0.3102209866 -0.0074030692 0.9989295602 0.0456604809 0.3108580112 -0.0411003903 0.9495673180
-409.6 294.3 2496.8 0.7881084085 -0.5606294274 -0.2541254759 0.1501541436 0.5754821301 -0.8039117455 0.5969412327 0.5954115987 0.5377231240
-595.4 258.9 2356.0 -0.7994375825 -0.5847170353 0.1378607154 -0.2815094590 0.5673435330 0.7738693357 -0.5307089686 0.5798510909 -0.6181591153
-131.9 292.1 2587.6 0.1386793405 0.9853334427 -0.0994283855 -0.9899813533 0.1352373362 -0.0405928865 -0.0265510995 0.1040616408 0.9942163825
-95.4 31.6 2580.6 0.0432288721 0.9972874522 -0.0595737994 -0.9540169835 0.0235024020 -0.2988297939 -0.2966190875 0.0697524920 0.9524451494
-367.4 -106.2 2528.0 0.9746295214 -0.0534356385 -0.2173519731 0.0660784319 0.9964939952 0.0513163097 0.2138478160 -0.0643766671 0.9747434258
-346.1 -502.2 2553.6 0.9706826806 -0.1277165115 -0.2036260962 0.1013963893 0.9856625795 -0.1348631531 0.2179308683 0.1102623716 0.9697155952
-192.5 -107.0 2583.3 0.9974479079 -0.0711612552 0.0058089979 0.0694239587 0.9476558566 -0.3116547465 0.0166728105 0.3112626374 0.9501776695
-164.2 -483.6 2459.6 0.9984608293 -0.0468630567 -0.0296610333 0.0516710654 0.9803262353 0.1905009151 0.0201500338 -0.1917403191 0.9812388420
-413.0 323.1 2477.1 0 0 0 0 0 0 0 0 0
-83.1 -241.0 2495.8 0 0 0 0 0 0 0 0 0
-304.8 -821.2 2517.9 0 0 0 0 0 0 0 0 0
-148.9 -805.0 2522.4 0 0 0 0 0 0 0 0 0
-263.2 496.4 2530.7 9 0.9451034069 0.0299853534 -0.3253927827 -0.0108018657 0.9981035590 0.0606024675 0.3265928924 -0.0537607484 0.9436349273
-269.3 295.4 2541.5 0.9451034069 0.0299853534 -0.3253927827 -0.0108018657 0.9981035590 0.0606024675 0.3265928924 -0.0537607484 0.9436349273
-274.4 96.9 2550.5 0.9451381564 0.0257212427 -0.3256566823 -0.0095554357 0.9986456037 0.0511434264 0.3265310824 -0.0452258103 0.9441038370
-407.3 296.8 2493.8 0.7787288427 -0.5681627989 -0.2660308480 0.1499095559 0.5802844763 -0.8004980087 0.6091867685 0.5834903121 0.5370572805
-590.9 261.4 2350.2 -0.7916510105 -0.5920215845 0.1509938687 -0.2809187770 0.5721656680 0.7705265284 -0.5425618291 0.5675710440 -0.6192654967
-131.2 294.0 2589.2 0.1320303380 0.9845027924 -0.1154221073 -0.9909484982 0.1282419264 -0.0396868549 -0.0242698658 0.1196172386 0.9925233722
-96.4 32.7 2582.8 0.0490564294 0.9959554076 -0.0752750486 -0.9514049292 0.0236563142 -0.3070326149 -0.3040100634 0.0866789818 0.9487173557
-366.3 -103.1 2530.0 0.9711635709 -0.0520559847 -0.2326617986 0.0644567758 0.9968591332 0.0460135192 0.2295357436 -0.0596832819 0.9714686275
-345.6 -499.2 2553.7 0.9674609900 -0.1246537268 -0.2201832980 0.0983294919 0.9870483875 -0.1267548949 0.2331320345 0.1009799019 0.9671879411
-192.0 -104.4 2587.0 0.9974626303 -0.0704743564 -0.0100856004 0.0635484606 0.9452472925 -0.3201079965 0.0320927911 0.3186548054 0.9473273754
-164.0 -480.1 2460.4 0.9980311394 -0.0451279469 -0.0435584299 0.0525590815 0.9807240963 0.1881962270 0.0342258923 -0.1901150793 0.9811650515
-410.3 325.5 2474.0 0 0 0 0 0 0 0 0 0
-82.4 -239.3 2495.9 0 0 0 0 0 0 0 0 0
-304.9 -821.8 2520.7 0 0 0 0 0 0 0 0 0
-149.2 -803.2 2523.0 0 0 0 0 0 0 0 0 0
-261.3 494.4 2531.7 0 0.9412693977 0.0344698839 -0.3358924389 -0.0160881616 0.9982241392 0.0573557951 0.3372730017 -0.0485833623 0.9401524067
-268.3 293.3 2541.5 0.9412693977 0.0344698839 -0.3358924389 -0.0160881616 0.9982241392 0.0573557951 0.3372730017 -0.0485833623 0.9401524067
-273.9 94.8 2550.5 0.9414058328 0.0286706258 -0.3360551894 -0.0117742755 0.9985667467 0.0522091687 0.3370704055 -0.0451932102 0.9403941035
-405.8 295.0 2492.3 0.7722408772 -0.5732216239 -0.2739726603 0.1481779218 0.5818389654 -0.7996916175 0.6178085208 0.5769578218 0.5342586040
-587.8 260.1 2346.6 -0.7862271667 -0.5969209075 0.1597879976 -0.2791361511 0.5737739801 0.7699782252 -0.5512983203 0.5607751608 -0.6177389026
-130.7 291.6 2590.8 0.1330565959 0.9832349420 -0.1246794090 -0.9904243350 0.1272353679 -0.0535793155 -0.0368174277 0.1306146085 0.9907493591
-96.4 35.9 2581.3 0.0500886478 0.9950346351 -0.0860068947 -0.9511438012 0.0212555807 -0.3080156446 -0.3046581149 0.0972330198 0.9474856853
-366.2 -100.6 2529.5 0.9689846635 -0.0415939763 -0.2435953617 0.0557487682 0.9971156120 0.0515021831 0.2407505661 -0.0634849668 0.9685085416
-349.6 -496.9 2554.8 0.9631593227 -0.1364868432 -0.2317229062 0.1074821278 0.9851978421 -0.1335393488 0.2465192825 0.1037136018 0.9635723829
-192.8 -102.4 2589.4 0.9971499443 -0.0725566745 -0.0206764322 0.0617013685 0.9419857860 -0.3299328983 0.0434157401 0.3277167976 0.9437779188
-164.0 -476.7 2459.2 0.9976967573 -0.0408729762 -0.0541346893 0.0502144173 0.9815809131 0.1843295991 0.0456034765 -0.1866233796 0.9813725352
-408.5 323.7 2472.4 0 0 0 0 0 0 0 0 0
-82.1 -235.9 2494.2 0 0 0 0 0 0 0 0 0
-304.9 -819.8 2520.8 0 0 0 0 0 0 0 0 0
-150.5 -800.3 2520.7 0 0 0 0 0 0 0 0 0
-261.9 491.6 2531.2 1 0.9456449151 0.0274253525 -0.3240424395 -0.0090038888 0.9982635975 0.0582122840 0.3250762522 -0.0521305129 0.9442498684
-267.5 290.4 2541.8 0.9456449151 0.0274253525 -0.3240424395 -0.0090038888 0.9982635975 0.0582122840 0.3250762522 -0.0521305129 0.9442498684
-271.7 92.0 2551.2 0.9457479119 0.0214816947 -0.3241903484 -0.0047985301 0.9986265302 0.0521730222 0.3248658478 -0.0477868915 0.9445520639
-405.6 291.1 2494.3 0.7791779637 -0.5695378184 -0.2617409527 0.1546863168 0.5793879628 -0.8002385497 0.6074156761 0.5830405354 0.5395460725
-589.3 254.6 2351.1 -0.7914361358 -0.5933908224 0.1466840059 -0.2855794430 0.5711297393 0.7695811987 -0.5404379964 0.5671843886 -0.6214729548
-129.3 289.7 2589.2 0.1299457401 0.9851152301 -0.1125261262 -0.9910778403 0.1256553382 -0.0444461815 -0.0296451021 0.1172977462 0.9926542044
-95.7 33.5 2581.5 0.0482996739 0.9963183999 -0.0708296970 -0.9454302192 0.0227257870 -0.3250310719 -0.3222247958 0.0826634318 0.9430471659
-366.0 -102.5 2528.6 0.9721440077 -0.0326075405 -0.2321051508 0.0501424707 0.9962823391 0.0700518042 0.2289580405 -0.0797387734 0.9701648951
-353.0 -498.4 2560.2 0.9644556642 -0.1477782279 -0.2190589458 0.1156156287 0.9814312458 -0.1530547738 0.2376094609 0.1222879142 0.9636324048
-193.3 -104.7 2590.4 0.9973728061 -0.0720824823 -0.0071814293 0.0661207363 0.9463853240 -0.3162007630 0.0295889359 0.3148952127 0.9486651421
-164.7 -480.7 2465.2 0.9982473254 -0.0432911143 -0.0403511152 0.0494838916 0.9845641255 0.1678834409 0.0324603990 -0.1695859283 0.9849807024
-408.8 319.8 2474.4 0 0 0 0 0 0 0 0 0
-81.9 -236.7 2489.5 0 0 0 0 0 0 0 0 0
-304.8 -818.3 2520.4 0 0 0 0 0 0 0 0 0
-150.6 -799.9 2520.2 0 0 0 0 0 0 0 0 0
-264.1 488.1 2530.5 2 0.9451751709 0.0141501892 -0.3262570202 0.0064220717 0.9980621934 0.0618921593 0.3265005946 -0.0605941787 0.9432527423
-267.0 287.5 2542.7 0.9451751709 0.0141501892 -0.3262570202 0.0064220717 0.9980621934 0.0618921593 0.3265005946 -0.0605941787 0.9432527423
-269.2 89.1 2553.2 0.9451774359 0.0113808177 -0.3263588250 0.0065988097 0.9985228181 0.0539315976 0.3264905214 -0.0531285107 0.9437061548
-405.0 286.6 2495.0 0.7764953375 -0.5764364600 -0.2545112669 0.1658898443 0.5766664743 -0.7999601960 0.6078943610 0.5789445639 0.5434038043
-588.1 247.5 2351.7 -0.7875353694 -0.6001761556 0.1399165541 -0.2965398133 0.5680802464 0.7676907182 -0.5402334929 0.5630927086 -0.6253593564
-128.9 288.5 2590.4 0.1294090897 0.9850763679 -0.1134805605 -0.9912017584 0.1253008991 -0.0426466167 -0.0277909599 0.1180009916 0.9926245213
-95.4 31.7 2583.2 0.0447096750 0.9965216517 -0.0703249425 -0.9428324699 0.0188196022 -0.3327353299 -0.3302544951 0.0811811239 0.9403944016
-362.7 -106.0 2530.9 0.9716359377 -0.0317497365 -0.2343407571 0.0490737744 0.9964455962 0.0684684813 0.2313339561 -0.0780264214 0.9697403908
-350.1 -502.0 2561.9 0.9650152326 -0.1415470839 -0.2207035571 0.1065521389 0.9808295965 -0.1631560922 0.2395668477 0.1339316666 0.9615976214
-189.3 -106.9 2590.5 0.9985587597 -0.0534076802 -0.0052937712 0.0490085147 0.9475983977 -0.3156825602 0.0218762439 0.3149681687 0.9488500953
-168.0 -483.4 2465.4 0.9977077842 -0.0608876310 -0.0295277089 0.0648718774 0.9847711325 0.1612991542 0.0192569122 -0.1628449261 0.9864637256
-408.4 315.1 2474.9 0 0 0 0 0 0 0 0 0
-82.6 -237.7 2488.8 0 0 0 0 0 0 0 0 0
-304.1 -820.8 2518.4 0 0 0 0 0 0 0 0 0
-148.3 -802.1 2518.1 0 0 0 0 0 0 0 0 0
-265.4 485.0 2530.6 3 0.9455662966 0.0150234206 -0.3250825405 0.0039268346 0.9983343482 0.0575591661 0.3254058063 -0.0557025559 0.9439323545
-268.4 285.1 2541.8 0.9455662966 0.0150234206 -0.3250825405 0.0039268346 0.9983343482 0.0575591661 0.3254058063 -0.0557025559 0.9439323545
-270.6 86.6 2551.9 0.9455959201 0.0110232076 -0.3251565993 0.0061984872 0.9986340404 0.0518808924 0.3252843320 -0.0510738418 0.9442359805
-406.6 284.2 2494.3 0.7772309780 -0.5758559108 -0.2535783648 0.1648568511 0.5752972960 -0.8011586666 0.6072349548 0.5808811784 0.5420726538
-589.8 245.3 2351.1 -0.7881458402 -0.5996136069 0.1388873756 -0.2956499457 0.5667369962 0.7690255642 -0.5398308039 0.5650422573 -0.6239470840
-130.3 286.0 2589.3 0.1482944489 0.9826258421 -0.1116030663 -0.9884247184 0.1436159313 -0.0488980711 -0.0320205279 0.1175625473 0.9925491214
-91.7 29.0 2581.0 0.0244361330 0.9975913763 -0.0649176911 -0.9448633194 0.0018352855 -0.3274599016 -0.3265520334 0.0693401918 0.9426323175
-358.2 -109.9 2533.9 0.9721898437 -0.0244865641 -0.2329104692 0.0393516719 0.9974588156 0.0593917295 0.2308643013 -0.0669054538 0.9706829190
-348.4 -506.3 2560.4 0.9651388526 -0.1397039145 -0.2213363051 0.1034401208 0.9803872108 -0.1677531004 0.2404310405 0.1390099823 0.9606607556
-184.8 -108.7 2593.7 0.9980935454 -0.0436286107 0.0436557196 0.0557847768 0.9403343201 -0.3356478512 -0.0264071207 0.3374432623 0.9409754276
-167.5 -482.3 2459.7 0.9980935454 -0.0596330687 0.0159114674 0.0557847768 0.9819319844 0.1808248907 -0.0264071207 -0.1795925498 0.9833865762
-410.0 312.7 2474.3 0 0 0 0 0 0 0 0 0
-84.8 -241.0 2487.7 0 0 0 0 0 0 0 0 0
-303.4 -822.0 2515.7 0 0 0 0 0 0 0 0 0
-148.0 -802.9 2518.3 0 0 0 0 0 0 0 0 0
-264.7 482.8 2530.7 4 0.9327002764 0.0251598973 -0.3597738147 -0.0057026730 0.9984678030 0.0550414212 0.3606074154 -0.0492854752 0.9314146638
-269.7 282.7 2540.6 0.9327002764 0.0251598973 -0.3597738147 -0.0057026730 0.9984678030 0.0550414212 0.3606074154 -0.0492854752 0.9314146638
-273.0 84.2 2550.6 0.9328745604 0.0166786630 -0.3598150611 0.0026167976 0.9985872507 0.0530723855 0.3601919115 -0.0504514426 0.9315130115
-405.9 282.3 2488.0 0.7547500730 -0.5948662758 -0.2765619457 0.1618989706 0.5774450898 -0.8002161384 0.6357209086 0.5591881275 0.5321349502
-583.8 244.1 2338.1 -0.7686547041 -0.6180511713 0.1648716331 -0.2926524580 0.5689750910 0.7685192823 -0.5687921047 0.5424758792 -0.6182196140
-133.5 283.1 2593.2 0.1543799341 0.9772180915 -0.1456420571 -0.9869809151 0.1458028406 -0.0678985268 -0.0451166481 0.1542281061 0.9870046377
-93.3 26.3 2581.5 0.0327517763 0.9946634769 -0.0978361741 -0.9420748353 -0.0019698346 -0.3353968859 -0.3337997496 0.1031538472 0.9369829297
-359.5 -112.4 2532.3 0.9627231956 -0.0337460004 -0.2683751285 0.0494803824 0.9974163175 0.0520804599 0.2659242451 -0.0634183735 0.9619055986
-346.1 -508.8 2557.5 0.9580020905 -0.1299898922 -0.2556064129 0.0920563415 0.9835869670 -0.1551846862 0.2715835571 0.1251370609 0.9542447925
-186.1 -111.3 2591.9 0.9988145232 -0.0482611097 0.0063598147 0.0477927327 0.9474291205 -0.3163762689 0.0092431968 0.3163051605 0.9486124516
-166.9 -487.6 2466.3 0.9977301359 -0.0651714578 -0.0169479623 0.0670684576 0.9842742682 0.1634198278 0.0060311351 -0.1641855538 0.9864110351
-408.5 310.9 2467.8 0 0 0 0 0 0 0 0 0
-83.9 -243.0 2486.1 0 0 0 0 0 0 0 0 0
-304.9 -820.5 2517.8 0 0 0 0 0 0 0 0 0
-146.0 -803.8 2519.0 0 0 0 0 0 0 0 0 0
-259.1 487.6 2531.2 5 0.9243348837 0.0310647171 -0.3803156316 -0.0088676326 0.9981602430 0.0599788763 0.3814791739 -0.0520680696 0.9229098558
-265.3 287.2 2541.7 0.9243348837 0.0310647171 -0.3803156316 -0.0088676326 0.9981602430 0.0599788763 0.3814791739 -0.0520680696 0.9229098558
-270.2 88.8 2552.0 0.9245007634 0.0246359315 -0.3803831935 -0.0029218004 0.9983379245 0.0575571693 0.3811689317 -0.0521002449 0.9230362177
-400.3 287.6 2486.0 0.7412934899 -0.6033801436 -0.2939665318 0.1581696868 0.5826939344 -0.7971512675 0.6522777677 0.5444264412 0.5273836851
-575.1 250.3 2332.2 -0.7575987577 -0.6262391806 0.1840342730 -0.2886785865 0.5743447542 0.7660239935 -0.5854133964 0.5272120833 -0.6159047484
-130.3 286.7 2597.4 0.1345723718 0.9766198397 -0.1676424146 -0.9897794724 0.1244250536 -0.0696780458 -0.0471900441 0.1753057539 0.9833824039
