165.2 498.6 2368.3 1 0.9538166523 -0.1609573960 0.2536266148 0.1697853208 0.9853932261 -0.0131600434 -0.2478037328 0.0556143448 0.9672126770
199.6 288.3 2356.4 0.9538166523 -0.1609573960 0.2536266148 0.1697853208 0.9853932261 -0.0131600434 -0.2478037328 0.0556143448 0.9672126770
211.6 90.2 2367.4 0.9677513838 -0.0604791343 0.2445395142 0.0450578704 0.9966552258 0.0681772530 -0.2478448898 -0.0549602024 0.9672394991
63.4 281.9 2391.3 0.5304045081 -0.8068090081 0.2602503598 0.7359369397 0.2858351171 -0.6137549281 0.4207943082 0.5170662403 0.7453687787
-30.2 152.0 2317.0 -0.3015243411 -0.8186161518 -0.4888258278 -0.9533314109 0.2504768372 0.1685840487 -0.0155660678 0.5168452263 -0.8559373617
335.7 294.6 2321.6 0.1300542504 0.4607546031 0.8779470921 -0.9803264737 0.1923540831 0.0442709923 -0.1484786421 -0.8664324284 0.4767063856
367.9 52.1 2284.8 -0.0990317836 0.4637258649 0.8804265857 -0.9500210285 0.2191821039 -0.2223043740 -0.2960620522 -0.8584389687 0.4188433588
131.4 -110.3 2401.8 0.8258776069 0.0317355990 0.5629556179 -0.0330146700 0.9994235635 -0.0079068923 -0.5628820658 -0.0120556690 0.8264492750
118.7 -507.7 2406.6 0.8203134537 -0.1321583837 0.5564350486 0.0157031119 0.9777724743 0.2090798467 -0.5716985464 -0.1627732515 0.8041552305
308.1 -102.3 2353.2 0.9445381165 0.0501809493 0.3245452642 -0.0089767687 0.9918324947 -0.1272309273 -0.3282791078 0.1172610968 0.9372740388
288.1 -496.6 2306.6 0.9440773726 -0.0628067255 0.3236868680 -0.0013335046 0.9809552431 0.1942294389 -0.3297212124 -0.1837992519 0.9260138869
49.4 403.7 2321.1 0 0 0 0 0 0 0 0 0
342.2 -194.9 2207.9 0 0 0 0 0 0 0 0 0
154.6 -773.2 2450.8 0 0 0 0 0 0 0 0 0
306.0 -776.0 2358.9 0 0 0 0 0 0 0 0 0
165.5 499.3 2368.0 2 0.9548816681 -0.1639166176 0.2476537079 0.1740892529 0.9845348597 -0.0195959359 -0.2406116128 0.0618256480 0.9686504006
200.9 286.7 2354.7 0.9548816681 -0.1639166176 0.2476537079 0.1740892529 0.9845348597 -0.0195959359 -0.2406116128 0.0618256480 0.9686504006
215.1 88.9 2369.0 0.9693548679 -0.0717382133 0.2349570692 0.0525235794 0.9948185682 0.0870478824 -0.2399843037 -0.0720394999 0.9681001306
64.5 279.3 2388.5 0.5416780710 -0.8001857996 0.2574635744 0.7372546196 0.3051277399 -0.6027873755 0.4037826657 0.5163329840 0.7552217245
-29.9 150.8 2318.1 -0.2988172472 -0.8217951655 -0.4851401448 -0.9539074898 0.2424447089 0.1768646091 -0.0277268216 0.5156289935 -0.8563632369
337.3 294.1 2320.9 0.1195800900 0.4668870270 0.8761946559 -0.9830968380 0.1789212525 0.0388301797 -0.1386405379 -0.8660275340 0.4803906083
367.0 49.8 2286.5 -0.0944530293 0.4717595577 0.8766536117 -0.9491229057 0.2230506539 -0.2222928405 -0.3004069328 -0.8530482650 0.4266900122
134.8 -112.1 2401.0 0.8310761452 0.0400161259 0.5547171831 -0.0388250649 0.9991492033 -0.0139088836 -0.5548018217 -0.0099775903 0.8319227099
118.9 -509.4 2405.0 0.8250639439 -0.1314381212 0.5495393872 0.0153201297 0.9774144292 0.2107754797 -0.5648316741 -0.1654842347 0.8084430695
312.4 -103.8 2355.6 0.9470590353 0.0574197695 0.3158831000 -0.0125306891 0.9897382855 -0.1423414052 -0.3208148181 0.1308474690 0.9380601048
289.5 -497.3 2303.5 0.9467734098 -0.0575594492 0.3167127967 -0.0074529159 0.9797000289 0.2003304511 -0.3218144476 -0.1920279860 0.9271249771
49.7 404.7 2325.5 0 0 0 0 0 0 0 0 0
342.4 -196.9 2208.4 0 0 0 0 0 0 0 0 0
154.5 -774.2 2449.8 0 0 0 0 0 0 0 0 0
305.9 -776.3 2358.2 0 0 0 0 0 0 0 0 0
167.8 501.4 2368.9 3 0.9437842369 -0.1336690336 0.3023308814 0.1394877136 0.9902209640 0.0023668611 -0.2996907532 0.0399376377 0.9532001019
195.5 295.7 2360.6 0.9437842369 -0.1336690336 0.3023308814 0.1394877136 0.9902209640 0.0023668611 -0.2996907532 0.0399376377 0.9532001019
212.7 97.9 2367.8 0.9512262344 -0.0876788199 0.2957720459 0.0727260783 0.9954721332 0.0612054802 -0.2997992635 -0.0367099158 0.9532957673
61.9 285.3 2402.7 0.4750075340 -0.8232840300 0.3107591271 0.7552942634 0.2002231181 -0.6240523458 0.4515511692 0.5311441422 0.7169291973
-24.7 147.5 2320.3 -0.2777845860 -0.8172529340 -0.5049092174 -0.9602831602 0.2218403369 0.1692426652 -0.0263048299 0.5318688154 -0.8464180827
329.1 306.0 2318.6 0.1529485434 0.4141476154 0.8972672224 -0.9817223549 0.1677343249 0.0899244323 -0.1132605225 -0.8946211338 0.4322326779
370.0 43.6 2288.3 -0.1075159535 0.4215558767 0.9004060030 -0.9489842057 0.2265118062 -0.2193658501 -0.2964275479 -0.8780564070 0.3756962419
140.4 -113.6 2405.4 0.7925662994 0.0554340370 0.6072608232 -0.0461468361 0.9984561205 -0.0309159216 -0.6080371141 -0.0035202478 0.7939007878
118.4 -510.6 2406.8 0.7862104774 -0.1360988915 0.6027853489 0.0082768239 0.9776775241 0.2099478841 -0.6179033518 -0.1600740701 0.7697867751
318.3 -104.0 2361.3 0.9234918356 0.0707018599 0.3770464957 -0.0064522806 0.9855931997 -0.1690100431 -0.3835637867 0.1536465883 0.9106434584
290.2 -495.7 2300.3 0.9248018265 -0.0530984141 0.3767256141 -0.0268868320 0.9786149263 0.2039359361 -0.3794980049 -0.1987292767 0.9035972357
49.9 405.5 2327.4 0 0 0 0 0 0 0 0 0
342.0 -203.1 2211.2 0 0 0 0 0 0 0 0 0
154.9 -772.6 2449.7 0 0 0 0 0 0 0 0 0
305.4 -776.2 2357.2 0 0 0 0 0 0 0 0 0
169.1 502.7 2375.8 4 0.9415774941 -0.1621442139 0.2951967120 0.1712866426 0.9852075577 -0.0051963306 -0.2899874747 0.0554560013 0.9554223418
202.0 302.5 2364.6 0.9415774941 -0.1621442139 0.2951967120 0.1712866426 0.9852075577 -0.0051963306 -0.2899874747 0.0554560013 0.9554223418
212.7 104.3 2371.8 0.9557607770 -0.0543429814 0.2890815437 0.0413651429 0.9978508353 0.0508195981 -0.2912219465 -0.0366134793 0.9559546113
67.8 296.6 2405.5 0.4577987790 -0.8359730840 0.3026041985 0.7705019712 0.2032503784 -0.6041655540 0.4435617030 0.5097433925 0.7371667027
-19.6 149.6 2320.9 -0.2453074753 -0.8370785713 -0.4890028238 -0.9691318274 0.1989180595 0.1456540376 -0.0246523805 0.5096382499 -0.8600355387
336.3 308.4 2323.7 0.1369840205 0.4255134463 0.8945242763 -0.9830617309 0.1693953127 0.0699631870 -0.1217579395 -0.8889564276 0.4415104389
371.5 55.9 2292.4 -0.1102694198 0.4305025637 0.8958282471 -0.9532117844 0.2094494998 -0.2179867178 -0.2814746201 -0.8779512644 0.3872642219
142.8 -106.6 2402.5 0.7970789075 0.0631628111 0.6005627513 -0.0580995083 0.9979224205 -0.0278433785 -0.6010737419 -0.0126990313 0.7990926504
117.7 -503.3 2407.5 0.7890177965 -0.1389161348 0.5984590650 0.0136246905 0.9778183699 0.2090111524 -0.6142193079 -0.1567596942 0.7734087110
317.0 -93.1 2347.6 0.9275425076 0.0721880272 0.3666794002 -0.0212775115 0.9897760749 -0.1410337985 -0.3731114864 0.1230128109 0.9195953608
288.3 -486.4 2298.7 0.9274563789 -0.0594382808 0.3691771924 -0.0198434833 0.9780713320 0.2073227763 -0.3734045327 -0.1996085942 0.9059389830
47.1 413.0 2327.6 0 0 0 0 0 0 0 0 0
342.8 -191.8 2219.2 0 0 0 0 0 0 0 0 0
155.6 -769.8 2450.2 0 0 0 0 0 0 0 0 0
305.9 -775.9 2357.8 0 0 0 0 0 0 0 0 0
169.6 503.1 2386.8 5 0.9387173653 -0.1822886020 0.2925415635 0.2011003941 0.9789342284 -0.0353039689 -0.2799434364 0.0919706672 0.9556009173
206.2 306.9 2368.4 0.9387173653 -0.1822886020 0.2925415635 0.2011003941 0.9789342284 -0.0353039689 -0.2799434364 0.0919706672 0.9556009173
212.0 108.4 2373.8 0.9580658078 -0.0298927519 0.2849848568 0.0207210612 0.9991673827 0.0351447575 -0.2857981622 -0.0277658030 0.9578875303
71.5 304.0 2408.6 0.4540985823 -0.8344967365 0.3121052384 0.7676881552 0.1886998415 -0.6124110818 0.4521608055 0.5176944733 0.7263215780
-17.0 154.3 2320.5 -0.2371135801 -0.8344967365 -0.4973855019 -0.9710708261 0.1886998415 0.1463345587 -0.0282591451 0.5176944733 -0.8550987244
340.9 309.8 2328.2 0.1206782982 0.4336057305 0.8929853439 -0.9836428761 0.1734144837 0.0487251319 -0.1337291002 -0.8842587471 0.4474405348
371.6 59.0 2294.1 -0.0959390402 0.4375713468 0.8940508962 -0.9559161067 0.2099241912 -0.2053199410 -0.2775250375 -0.8743358254 0.3981415629
135.8 -97.7 2405.7 0.8009990454 0.0434331186 0.5970879793 -0.0372563824 0.9990480542 -0.0226925481 -0.5975052118 -0.0040686289 0.8018547297
118.6 -494.9 2407.3 0.7956528664 -0.1287817508 0.5919051766 0.0106835142 0.9799711108 0.1988528371 -0.6056585908 -0.1518942118 0.7810927033
310.9 -90.1 2352.3 0.9314032197 0.0629828274 0.3584985137 -0.0078440160 0.9881600738 -0.1532256603 -0.3639045358 0.1399028152 0.9208695292
285.9 -482.8 2296.7 0.9316507578 -0.0678720027 0.3569597006 -0.0113206469 0.9765005708 0.2152173966 -0.3631785810 -0.2045484632 0.9089891315
48.4 422.4 2328.3 0 0 0 0 0 0 0 0 0
346.7 -189.5 2221.9 0 0 0 0 0 0 0 0 0
155.2 -773.5 2450.5 0 0 0 0 0 0 0 0 0
306.1 -773.6 2357.6 0 0 0 0 0 0 0 0 0
167.8 503.0 2385.8 6 0.9301356673 -0.2405069023 0.2774961591 0.2506575584 0.9680751562 -0.0011415340 -0.2683625817 0.0706182867 0.9607260823
216.2 308.1 2371.6 0.9301356673 -0.2405069023 0.2774961591 0.2506575584 0.9680751562 -0.0011415340 -0.2683625817 0.0706182867 0.9607260823
216.8 109.5 2373.2 0.9610861540 -0.0033403253 0.2762285173 0.0008630872 0.9999583364 0.0090891588 -0.2762473822 -0.0084970556 0.9610490203
81.0 308.0 2410.5 0.4970430434 -0.7928779125 0.3525518179 0.7546628714 0.1944544464 -0.6266349554 0.4282897711 0.5775223374 0.6950078011
-19.3 155.7 2324.0 -0.2449525744 -0.7928779125 -0.5579810143 -0.9694848657 0.1944544464 0.1492867619 -0.0098642958 0.5775223374 -0.8163152933
351.3 308.3 2332.7 0.0807573125 0.4477852285 0.8904867768 -0.9857385755 0.1682150662 0.0048079100 -0.1476403773 -0.8781754375 0.4549837708
371.7 60.2 2295.5 -0.0941210315 0.4519362152 0.8870709538 -0.9562600255 0.2068411857 -0.2068416327 -0.2769620419 -0.8677386642 0.4127004445
130.1 -92.0 2405.5 0.8068158031 0.0307141542 0.5900041461 -0.0241435822 0.9995276332 -0.0190171916 -0.5903095603 0.0010985573 0.8071762323
117.9 -489.3 2405.1 0.8028036356 -0.1286749244 0.5821933150 0.0101398770 0.9792407155 0.2024471611 -0.5961572528 -0.1566219628 0.7874427438
305.7 -88.2 2353.1 0.9362757206 0.0525456592 0.3473135829 0.0000394042 0.9887325168 -0.1496932358 -0.3512659669 0.1401678175 0.9257241488
284.9 -481.2 2297.4 0.9364839792 -0.0733145177 0.3429616988 -0.0026856884 0.9763780236 0.2160526663 -0.3507000506 -0.2032509446 0.9141654968
49.4 427.6 2326.8 0 0 0 0 0 0 0 0 0
347.2 -188.4 2223.5 0 0 0 0 0 0 0 0 0
155.4 -774.4 2450.7 0 0 0 0 0 0 0 0 0
306.9 -774.2 2358.4 0 0 0 0 0 0 0 0 0
169.5 504.7 2384.8 7 0.9312891364 -0.2464229316 0.2682839632 0.2551704049 0.9668932557 0.0023379552 -0.2599780858 0.0662808120 0.9633370638
219.2 309.7 2371.4 0.9312891364 -0.2464229316 0.2682839632 0.2551704049 0.9668932557 0.0023379552 -0.2599780858 0.0662808120 0.9633370638
218.6 111.0 2373.5 0.9635713696 0.0031206750 0.2674332261 -0.0057960721 0.9999407530 0.0092151565 -0.2673886120 -0.0104295230 0.9635323286
83.6 310.5 2409.1 0.5280710459 -0.7614455819 0.3759542406 0.7480123639 0.2074954212 -0.6304150820 0.4020179808 0.6141223907 0.6791430116
-24.2 157.7 2326.9 -0.2621931732 -0.7614455819 -0.5928367376 -0.9650149345 0.2074954212 0.1602867097 0.0009612986 0.6141223907 -0.7892102003
354.7 308.8 2333.8 0.0701270178 0.4568561614 0.8867720366 -0.9863883257 0.1642983705 -0.0066400962 -0.1487287730 -0.8742359281 0.4621593654
372.8 54.8 2295.5 -0.1030527651 0.4606018960 0.8816042542 -0.9566776752 0.1967413723 -0.2146175355 -0.2723012865 -0.8655279875 0.4203728139
129.4 -89.2 2400.2 0.8119925261 0.0337668806 0.5826902390 -0.0317332856 0.9994025826 -0.0136942668 -0.5828045011 -0.0073710312 0.8125789762
116.0 -486.5 2403.1 0.8070038557 -0.1312576532 0.5757744312 0.0112678418 0.9782312512 0.2072115988 -0.5904386640 -0.1607328355 0.7909153700
305.6 -89.0 2349.5 0.9396455288 0.0509760976 0.3383308649 -0.0029885864 0.9900241494 -0.1408661157 -0.3421365023 0.1313530803 0.9304240942
285.3 -482.6 2297.3 0.9394519329 -0.0736639127 0.3346694708 -0.0003786903 0.9763982892 0.2159775198 -0.3426804245 -0.2030272335 0.9172513485
49.9 430.5 2326.7 0 0 0 0 0 0 0 0 0
346.0 -193.9 2224.7 0 0 0 0 0 0 0 0 0
154.5 -773.6 2450.3 0 0 0 0 0 0 0 0 0
307.4 -775.1 2358.1 0 0 0 0 0 0 0 0 0
168.3 504.2 2384.3 8 0.9311965704 -0.2501682043 0.2651202977 0.2581534386 0.9660915732 0.0048800623 -0.2573513389 0.0638974234 0.9642030001
218.0 312.6 2371.6 0.9311965704 -0.2501682043 0.2651202977 0.2581534386 0.9660915732 0.0048800623 -0.2573513389 0.0638974234 0.9642030001
216.2 113.9 2375.8 0.9646188617 0.0087935301 0.2635016739 -0.0140478043 0.9997381568 0.0180626903 -0.2632738352 -0.0211252309 0.9644898176
82.2 314.6 2408.7 0.5049318075 -0.7731020451 0.3838712573 0.7704708576 0.2031959593 -0.6042234898 0.3891253173 0.6008532643 0.6982526779
-21.7 156.0 2328.6 -0.2648193538 -0.7693355083 -0.5813721418 -0.9642509222 0.2172289789 0.1517622471 0.0095347883 0.6007781625 -0.7993589044
353.7 310.6 2334.6 0.0837854370 0.4593515694 0.8842941523 -0.9838156700 0.1791834086 0.0001371170 -0.1583878547 -0.8699939251 0.4669302404
375.2 57.6 2293.8 -0.1139330938 0.4596240819 0.8807752132 -0.9587661028 0.1814662516 -0.2187180519 -0.2603590488 -0.8693765998 0.4199969769
129.6 -87.2 2400.0 0.8144872189 0.0354106687 0.5790998936 -0.0348414555 0.9993195534 -0.0121026719 -0.5791344047 -0.0103192106 0.8151667714
115.5 -484.5 2404.1 0.8083336949 -0.1368950754 0.5725874901 0.0173581764 0.9777086973 0.2092471719 -0.5884686708 -0.1592024714 0.7926911116
306.3 -88.3 2351.0 0.9414924979 0.0514771342 0.3330795467 -0.0031642711 0.9895735979 -0.1439934522 -0.3370191157 0.1345147938 0.9318389893
285.8 -481.7 2297.5 0.9413557649 -0.0702958405 0.3300118148 -0.0012381449 0.9773310423 0.2117131799 -0.3374133408 -0.1997060180 0.9199292064
53.2 428.7 2325.9 0 0 0 0 0 0 0 0 0
345.6 -191.6 2226.2 0 0 0 0 0 0 0 0 0
155.5 -770.6 2450.7 0 0 0 0 0 0 0 0 0
306.9 -774.8 2357.4 0 0 0 0 0 0 0 0 0
169.3 504.9 2383.5 9 0.9375073910 -0.2475947589 0.2444929034 0.2548948228 0.9669670463 0.0018413535 -0.2368724942 0.0605936907 0.9696493149
218.3 313.4 2371.5 0.9375073910 -0.2475947589 0.2444929034 0.2548948228 0.9669670463 0.0018413535 -0.2368724942 0.0605936907 0.9696493149
217.8 114.7 2376.5 0.9703389406 0.0021210178 0.2417392433 -0.0081400014 0.9996811748 0.0239026919 -0.2416114658 -0.0251614694 0.9700468183
81.8 314.6 2405.5 0.4877695143 -0.7858259678 0.3802084029 0.7842510343 0.2031482607 -0.5862431526 0.3834464252 0.5841304064 0.7153744102
-17.4 155.1 2327.6 -0.2434512824 -0.7855161428 -0.5689427257 -0.9698393941 0.2043851465 0.1328091770 0.0119596887 0.5841156244 -0.8115823269
354.8 312.3 2337.5 0.0847492740 0.4772279263 0.8746833801 -0.9835197330 0.1807700247 -0.0033336955 -0.1597074866 -0.8599858880 0.4846832156
376.3 63.1 2297.1 -0.0995350182 0.4774715602 0.8729912639 -0.9604764581 0.1831077635 -0.2096582204 -0.2599573135 -0.8593558669 0.4403745532
126.0 -83.5 2404.1 0.8276326060 0.0269967914 0.5606206059 -0.0250223223 0.9996241927 -0.0111971563 -0.5607122183 -0.0047608986 0.8279970884
115.2 -480.9 2406.0 0.8213608265 -0.1406707317 0.5527912378 0.0265260357 0.9774850607 0.2093305439 -0.5697919130 -0.1572725475 0.8065993786
302.9 -86.1 2355.8 0.9492015243 0.0382000096 0.3123414516 0.0125086764 0.9872387648 -0.1587550491 -0.3144200444 0.1545975208 0.9366106987
287.7 -478.5 2294.4 0.9507157803 -0.0591103137 0.3043772280 -0.0087695029 0.9761413336 0.2169588506 -0.3099396825 -0.2089354247 0.9275146127
51.7 430.3 2324.2 0 0 0 0 0 0 0 0 0
350.4 -186.5 2229.5 0 0 0 0 0 0 0 0 0
156.7 -768.9 2452.4 0 0 0 0 0 0 0 0 0
305.9 -778.4 2358.6 0 0 0 0 0 0 0 0 0
169.7 503.8 2383.7 0 0.9307482839 -0.2694460452 0.2471972704 0.2744121552 0.9614979625 0.0148189282 -0.2416725755 0.0540412404 0.9688518643
224.6 307.8 2372.6 0.9307482839 -0.2694460452 0.2471972704 0.2744121552 0.9614979625 0.0148189282 -0.2416725755 0.0540412404 0.9688518643
220.1 109.2 2374.0 0.9682619572 0.0223729555 0.2489342242 -0.0233651418 0.9997264743 0.0010313696 -0.2488430440 -0.0068150195 0.9685198665
88.4 311.1 2407.7 0.5174713135 -0.7698357701 0.3735991418 0.7643452883 0.2195563465 -0.6062765718 0.3847073615 0.5992894769 0.7020344734
-17.7 154.4 2328.8 -0.2523902059 -0.7728878260 -0.5821886063 -0.9675691724 0.2080796361 0.1432229280 0.0104463398 0.5994558334 -0.8003396988
360.8 304.6 2337.6 0.0564637929 0.4754307866 0.8779392838 -0.9837024212 0.1768426001 -0.0324997976 -0.1707084775 -0.8617959619 0.4776676297
374.5 66.9 2296.4 -0.0820967555 0.4768415987 0.8751469851 -0.9616622329 0.1926428080 -0.1951780170 -0.2616597712 -0.8576192856 0.4427452087
128.4 -83.2 2403.7 0.8233496547 0.0316530764 0.5666510463 -0.0230828691 0.9994850159 -0.0222914983 -0.5670648217 0.0052737659 0.8236562610
115.8 -480.6 2401.6 0.8187428713 -0.1355321556 0.5579347610 0.0144765759 0.9763042331 0.2159177810 -0.5739778280 -0.1687041521 0.8013041615
306.4 -84.7 2359.4 0.9473286867 0.0511024222 0.3161595762 0.0041247769 0.9851588607 -0.1715953797 -0.3202363551 0.1638613045 0.9330585003
286.1 -476.3 2294.3 0.9482685328 -0.0623679571 0.3112828135 -0.0091834199 0.9747139812 0.2232673019 -0.3173364401 -0.2145760059 0.9237178564
53.8 428.7 2325.8 0 0 0 0 0 0 0 0 0
353.1 -183.0 2228.4 0 0 0 0 0 0 0 0 0
156.1 -770.8 2451.8 0 0 0 0 0 0 0 0 0
305.4 -778.5 2360.8 0 0 0 0 0 0 0 0 0
170.8 505.5 2384.2 1 0.9217398763 -0.2713164091 0.2770975530 0.2816817164 0.9595046639 0.0024975627 -0.2665540278 0.0757512152 0.9608385563
227.1 306.3 2368.5 0.9217398763 -0.2713164091 0.2770975530 0.2816817164 0.9595046639 0.0024975627 -0.2665540278 0.0757512152 0.9608385563
220.5 107.9 2376.0 0.9610984921 0.0337426960 0.2741369605 -0.0427366234 0.9987241626 0.0269006416 -0.2728795111 -0.0375698544 0.9613143802
91.9 312.3 2406.9 0.5415735245 -0.7375099063 0.4034566581 0.7598812580 0.2242038399 -0.6101746559 0.3595533073 0.6370335817 0.6818428040
-20.8 154.2 2332.0 -0.2666836679 -0.7375099063 -0.6204506159 -0.9633080363 0.2242038399 0.1475475430 0.0302896388 0.6370335817 -0.7702407241
362.3 300.2 2330.1 0.0560295358 0.4543293417 0.8890700340 -0.9878904223 0.1542653590 -0.0165748894 -0.1446831673 -0.8773751259 0.4574710131
376.3 53.9 2294.1 -0.0981850848 0.4593129754 0.8828313947 -0.9574363232 0.1983628720 -0.2096851170 -0.2714320719 -0.8658428192 0.4202866554
126.9 -87.4 2398.2 0.8087730408 0.0248815622 0.5875942707 -0.0257240050 0.9996451139 -0.0069228890 -0.5875580311 -0.0095162317 0.8091260791
117.0 -484.8 2402.0 0.8047372103 -0.1333245039 0.5784657001 0.0071894056 0.9765704274 0.2150779068 -0.5935876369 -0.1689223796 0.7868410945
304.5 -91.6 2352.5 0.9397295117 0.0476853289 0.3385772705 0.0019211777 0.9894751310 -0.1446902603 -0.3419134021 0.1366201788 0.9297473431
285.5 -484.8 2298.3 0.9401571155 -0.0691635236 0.3336481154 -0.0038840629 0.9769440889 0.2134599984 -0.3407191932 -0.2019818425 0.9182122946
54.7 427.0 2323.4 0 0 0 0 0 0 0 0 0
350.7 -194.9 2223.5 0 0 0 0 0 0 0 0 0
156.1 -771.7 2451.7 0 0 0 0 0 0 0 0 0
306.1 -775.2 2358.3 0 0 0 0 0 0 0 0 0
171.2 506.8 2391.5 2 0.9237215519 -0.2542980015 0.2864803374 0.2726689577 0.9617710114 -0.0254599117 -0.2690540850 0.1016321704 0.9577477574
224.6 304.8 2370.2 0.9237215519 -0.2542980015 0.2864803374 0.2726689577 0.9617710114 -0.0254599117 -0.2690540850 0.1016321704 0.9577477574
219.2 106.3 2376.1 0.9593038559 0.0269234404 0.2810893953 -0.0342061520 0.9991934299 0.0210337713 -0.2802963555 -0.0297927652 0.9594510794
89.6 309.7 2409.6 0.5416431427 -0.7506545186 0.3783391416 0.7469965219 0.2234077603 -0.6261669993 0.3855111897 0.6217771173 0.6817436218
-23.1 154.2 2329.3 -0.2765274644 -0.7506545186 -0.6000419855 -0.9609380960 0.2234077603 0.1633614600 0.0114260213 0.6217771173 -0.7831109166
359.5 300.0 2330.7 0.0740269348 0.4468310177 0.8915503621 -0.9865428209 0.1635032147 -0.0000309142 -0.1457851678 -0.8795503378 0.4529215693
379.0 40.2 2292.3 -0.1164913625 0.4536643922 0.8835260868 -0.9481015205 0.2142018080 -0.2349917740 -0.2958602905 -0.8650469184 0.4051672220
125.7 -86.6 2408.5 0.8045713305 0.0238295924 0.5933777690 -0.0140395463 0.9996785522 -0.0211098529 -0.5936900377 0.0086536286 0.8046472669
116.2 -484.0 2405.1 0.8009266257 -0.1349198073 0.5833636522 0.0149476929 0.9784840345 0.2057805061 -0.5985758901 -0.1560951471 0.7857106328
302.0 -94.5 2358.5 0.9374078512 0.0364029333 0.3463255465 0.0178287141 0.9881998301 -0.1521289796 -0.3477768004 0.1487814337 0.9256972671
287.5 -487.2 2299.4 0.9394888878 -0.0647391826 0.3364066482 -0.0084595792 0.9772981405 0.2116996497 -0.3424748480 -0.2017353177 0.9176131487
55.2 426.5 2326.1 0 0 0 0 0 0 0 0 0
349.0 -204.4 2216.0 0 0 0 0 0 0 0 0 0
155.7 -770.4 2450.8 0 0 0 0 0 0 0 0 0
306.6 -775.7 2358.9 0 0 0 0 0 0 0 0 0
170.4 506.8 2387.1 3 0.9238346219 -0.2519213855 0.2882103324 0.2631361485 0.9647586942 -0.0001767936 -0.2780089080 0.0760018900 0.9575670958
222.8 306.0 2371.3 0.9238346219 -0.2519213855 0.2882103324 0.2631361485 0.9647586942 -0.0001767936 -0.2780089080 0.0760018900 0.9575670958
218.0 107.4 2378.0 0.9581530690 0.0241575912 0.2852351069 -0.0327753201 0.9991379976 0.0254772510 -0.2843737602 -0.0337597765 0.9581189156
88.0 310.7 2411.3 0.5492970943 -0.7502911687 0.3678802252 0.7448876500 0.2401292175 -0.6224792004 0.3787018657 0.6159554720 0.6907848716
-26.3 155.7 2332.6 -0.2895850539 -0.7502911687 -0.5943094492 -0.9569365978 0.2401292175 0.1631266624 0.0203185715 0.6159554720 -0.7875189185
357.6 301.4 2331.3 0.0745287538 0.4420878291 0.8938701153 -0.9859243631 0.1671911776 -0.0004849399 -0.1496615857 -0.8812522292 0.4483257234
377.7 35.8 2291.0 -0.1111658216 0.4475803971 0.8873071074 -0.9512702823 0.2104799449 -0.2253508717 -0.2876229882 -0.8691202402 0.4023717642
125.9 -89.1 2407.7 0.8019813895 0.0256649610 0.5967974067 -0.0148443114 0.9996243119 -0.0230404120 -0.5971645117 0.0096189352 0.8020610809
115.7 -486.6 2403.9 0.7984733582 -0.1362289488 0.5864144564 0.0125916256 0.9776275754 0.2099660039 -0.6018984318 -0.1602683514 0.7823249698
301.9 -95.4 2356.3 0.9357767105 0.0351249613 0.3508392870 0.0175847691 0.9891382456 -0.1459325105 -0.3521544337 0.1427296698 0.9249948859
288.0 -488.6 2299.6 0.9380290508 -0.0653304532 0.3403431773 -0.0103449840 0.9763545394 0.2159278691 -0.3464022577 -0.2060674578 0.9151730537
55.6 426.4 2326.8 0 0 0 0 0 0 0 0 0
348.9 -210.5 2216.5 0 0 0 0 0 0 0 0 0
155.1 -769.3 2450.3 0 0 0 0 0 0 0 0 0
307.2 -776.2 2360.3 0 0 0 0 0 0 0 0 0
170.0 514.6 2392.5 4 0.9249346256 -0.2432149798 0.2921343148 0.2587720752 0.9658185244 -0.0152180688 -0.2784474492 0.0896719173 0.9562562108
221.7 309.3 2373.4 0.9249346256 -0.2432149798 0.2921343148 0.2587720752 0.9658185244 -0.0152180688 -0.2784474492 0.0896719173 0.9562562108
217.8 110.6 2378.3 0.9573141336 0.0197684951 0.2883728147 -0.0260215066 0.9995017052 0.0178661440 -0.2878759205 -0.0246074069 0.9573515058
87.0 312.9 2413.9 0.5454160571 -0.7589301467 0.3557335734 0.7472400069 0.2480261922 -0.6165349483 0.3796757162 0.6020864248 0.7023804188
-27.1 156.6 2334.4 -0.2936527729 -0.7589301467 -0.5811997056 -0.9556229115 0.2480261922 0.1589587331 0.0235141758 0.6020864248 -0.7980845571
356.5 305.6 2332.9 0.0688019246 0.4390790462 0.8958101869 -0.9858000278 0.1677965671 -0.0065315394 -0.1531817317 -0.8826403022 0.4443888664
375.3 36.2 2291.0 -0.1062213778 0.4436273575 0.8898942471 -0.9543734789 0.2057042271 -0.2164649218 -0.2790847719 -0.8722846508 0.4015359879
125.3 -88.1 2410.8 0.7998788357 0.0245676991 0.5996584296 -0.0114391549 0.9996044040 -0.0256946962 -0.6000524759 0.0136930579 0.7998434305
115.5 -485.6 2405.4 0.7960212231 -0.1388993114 0.5891156197 0.0183383245 0.9784002900 0.2059042901 -0.6049908400 -0.1531007886 0.7813745737
301.1 -94.2 2358.7 0.9345038533 0.0309783202 0.3546024263 0.0252200384 0.9879397750 -0.1527709067 -0.3550584316 0.1517080963 0.9224522710
288.8 -486.9 2298.4 0.9376606345 -0.0600555688 0.3423241973 -0.0139391394 0.9776669741 0.2096974850 -0.3472725749 -0.2013967782 0.9158827066
55.8 426.3 2327.8 0 0 0 0 0 0 0 0 0
347.7 -211.4 2218.6 0 0 0 0 0 0 0 0 0
155.9 -770.1 2449.9 0 0 0 0 0 0 0 0 0
306.6 -777.0 2358.1 0 0 0 0 0 0 0 0 0
168.4 510.3 2380.1 5 0.9242646098 -0.2549874485 0.2841062844 0.2520037889 0.9665519595 0.0476598218 -0.2867561281 0.0275455695 0.9576075077
221.1 310.3 2374.4 0.9242646098 -0.2549874485 0.2841062844 0.2520037889 0.9665519595 0.0476598218 -0.2867561281 0.0275455695 0.9576075077
218.1 111.6 2377.6 0.9573342800 0.0152365146 0.2885808647 -0.0192160159 0.9997552633 0.0109617980 -0.2883431911 -0.0160394795 0.9573927522
86.4 313.0 2415.0 0.5259190202 -0.7800561786 0.3390007615 0.7534204125 0.2423158735 -0.6112615466 0.3946731091 0.5768841505 0.7151488066
-23.0 156.3 2332.9 -0.2803249359 -0.7800561786 -0.5594016910 -0.9596045017 0.2423158735 0.1429761201 0.0240225084 0.5768841505 -0.8164726496
355.9 307.6 2333.8 0.0713789836 0.4384046495 0.8959388137 -0.9849987030 0.1724604517 -0.0059147514 -0.1571070701 -0.8820763826 0.4441380501
375.1 41.8 2291.5 -0.1123726964 0.4406759143 0.8906049132 -0.9576350451 0.1911405921 -0.2154076248 -0.2651557028 -0.8770803809 0.4005277157
126.1 -85.7 2409.6 0.7996041775 0.0235120337 0.6000669003 -0.0088774925 0.9995868802 -0.0273366831 -0.6004617810 0.0165314358 0.7994825840
116.7 -483.1 2403.0 0.7973937392 -0.1331877559 0.5885781646 0.0082471995 0.9776542187 0.2100576013 -0.6034030318 -0.1626444906 0.7806738019
301.7 -90.5 2356.8 0.9340614080 0.0321173072 0.3556652069 0.0254158843 0.9874432087 -0.1559163332 -0.3562068343 0.1546749771 0.9215163589
288.9 -483.1 2295.3 0.9378071427 -0.0570336692 0.3424396515 -0.0207305159 0.9754517674 0.2192351818 -0.3465371728 -0.2126992643 0.9136033058
55.8 425.9 2326.1 0 0 0 0 0 0 0 0 0
345.9 -206.9 2222.6 0 0 0 0 0 0 0 0 0
155.8 -769.8 2450.7 0 0 0 0 0 0 0 0 0
306.1 -777.2 2359.4 0 0 0 0 0 0 0 0 0
169.4 509.5 2381.4 6 0.9246917367 -0.2454354763 0.2910440862 0.2427088469 0.9690063596 0.0460331999 -0.2933217585 0.0280724578 0.9556015134
219.5 311.9 2375.7 0.9246917367 -0.2454354763 0.2910440862 0.2427088469 0.9690063596 0.0460331999 -0.2933217585 0.0280724578 0.9556015134
219.1 113.2 2378.7 0.9554875493 0.0017465645 0.2950262129 -0.0061071371 0.9998853207 0.0138595458 -0.2949681580 -0.0150443893 0.9553886652
85.0 312.8 2417.2 0.5270109773 -0.7854246497 0.3246036470 0.7518973351 0.2528862059 -0.6088504791 0.3961184025 0.5649394989 0.7238325477
-24.1 157.2 2335.2 -0.2843822539 -0.7854246497 -0.5497588515 -0.9581248760 0.2528862059 0.1343328208 0.0335181132 0.5649394989 -0.8244512677
353.9 311.1 2334.2 0.0851013288 0.4297416806 0.8989326358 -0.9833596945 0.1815601438 0.0062977485 -0.1605039388 -0.8845100403 0.4380416572
376.9 45.3 2290.8 -0.1186455190 0.4305652678 0.8947272301 -0.9577498436 0.1881310940 -0.2175360769 -0.2619894743 -0.8827345371 0.3900529146
127.2 -85.4 2407.2 0.7950769663 0.0281466432 0.6058550477 -0.0184125714 0.9995822906 -0.0222750884 -0.6062290072 0.0065550595 0.7952631116
116.1 -482.8 2404.6 0.7910034657 -0.1383697093 0.5959591866 0.0133225592 0.9777538776 0.2093320042 -0.6116666198 -0.1576426327 0.7752501369
302.9 -88.9 2354.3 0.9305404425 0.0377909690 0.3642338514 0.0174005777 0.9889736772 -0.1470654458 -0.3657754362 0.1431882381 0.9196224213
287.9 -482.1 2297.4 0.9331178665 -0.0620550662 0.3541754484 -0.0150855295 0.9773718119 0.2109899223 -0.3592540920 -0.2022213936 0.9110669494
55.6 425.7 2325.9 0 0 0 0 0 0 0 0 0
346.1 -203.6 2222.8 0 0 0 0 0 0 0 0 0
156.3 -767.5 2450.5 0 0 0 0 0 0 0 0 0
306.7 -778.0 2358.6 0 0 0 0 0 0 0 0 0
169.9 507.1 2382.6 7 0.9247541428 -0.2335699201 0.3004576862 0.2303968072 0.9719859362 0.0464832932 -0.3028977513 0.0262388755 0.9526618123
216.2 314.5 2377.4 0.9247541428 -0.2335699201 0.3004576862 0.2303968072 0.9719859362 0.0464832932 -0.3028977513 0.0262388755 0.9526618123
216.4 115.7 2378.7 0.9522827864 -0.0011092678 0.3052151799 -0.0009207183 0.9999784231 0.0065069762 -0.3052158058 -0.0064774984 0.9522611499
82.2 314.6 2420.4 0.4997014999 -0.8180420399 0.2847905457 0.7541620135 0.2491574734 -0.6075855494 0.4260728061 0.5183895826 0.7414405942
-21.7 157.8 2331.8 -0.2774849832 -0.8180420399 -0.5037949085 -0.9604366422 0.2491574734 0.1244265363 0.0237381309 0.5183895826 -0.8548150063
350.2 314.3 2334.5 0.0883155242 0.4211234748 0.9026933908 -0.9845041037 0.1747358292 0.0148019698 -0.1514994204 -0.8900126219 0.4300296605
374.1 47.6 2293.4 -0.1033520475 0.4249206781 0.8993113041 -0.9558380842 0.2076611966 -0.2079673260 -0.2751216888 -0.8810898066 0.3846931458
131.1 -85.0 2408.8 0.7881501317 0.0403536782 0.6141586900 -0.0239779968 0.9991039634 -0.0348757692 -0.6150158048 0.0127610471 0.7884115577
115.1 -482.2 2403.7 0.7836216688 -0.1409878582 0.6050285697 0.0108576547 0.9768666625 0.2135734707 -0.6211434603 -0.1607916057 0.7670246363
306.4 -86.1 2354.6 0.9262188673 0.0423229933 0.3746029437 0.0157229975 0.9884766340 -0.1505546868 -0.3766581714 0.1453364640 0.9148802757
289.6 -479.1 2296.8 0.9289546609 -0.0548399016 0.3661089838 -0.0213025492 0.9794089794 0.2007593364 -0.3695800304 -0.1942953765 0.9086583257
55.7 425.6 2325.1 0 0 0 0 0 0 0 0 0
347.3 -200.8 2221.9 0 0 0 0 0 0 0 0 0
156.4 -768.7 2450.8 0 0 0 0 0 0 0 0 0
306.3 -777.0 2355.9 0 0 0 0 0 0 0 0 0
170.2 506.1 2382.7 8 0.9250877500 -0.2422331721 0.2924650311 0.2414181679 0.9696185589 0.0394604206 -0.2931381464 0.0341020189 0.9554617405
218.0 315.0 2376.0 0.9250877500 -0.2422331721 0.2924650311 0.2414181679 0.9696185589 0.0394604206 -0.2931381464 0.0341020189 0.9554617405
217.0 116.2 2378.8 0.9552451372 0.0049532228 0.2957739234 -0.0088988654 0.9998884797 0.0119954031 -0.2956815064 -0.0140906023 0.9551826715
83.5 316.2 2417.6 0.4839478731 -0.8265878558 0.2873099446 0.7661690712 0.2415867597 -0.5955004692 0.4228231609 0.5083191991 0.7502214313
-17.7 156.0 2329.1 -0.2625125051 -0.8265878558 -0.4978350401 -0.9644150734 0.2415867597 0.1074218303 0.0314767770 0.5083191991 -0.8605933189
352.4 313.7 2334.4 0.0834171847 0.4299512506 0.8989902735 -0.9840854406 0.1775813848 0.0063830423 -0.1568995416 -0.8852156401 0.4379220903
374.5 53.1 2292.8 -0.1042037457 0.4326106310 0.8955387473 -0.9571835399 0.2008957863 -0.2084240019 -0.2700763941 -0.8789135218 0.3931536674
129.3 -83.0 2408.0 0.7946116924 0.0359741412 0.6060512066 -0.0200118385 0.9992524981 -0.0330757685 -0.6067880392 0.0141541939 0.7947376370
115.0 -480.3 2402.3 0.7906194329 -0.1405458003 0.5959595442 0.0103856577 0.9762385488 0.2164494842 -0.6122197509 -0.1649397463 0.7732928991
304.0 -83.2 2352.0 0.9303117394 0.0376373231 0.3648335636 0.0148328114 0.9900461435 -0.1399592310 -0.3664697707 0.1356172115 0.9204933047
289.0 -476.8 2298.1 0.9326819181 -0.0556943342 0.3563741446 -0.0177824665 0.9797062874 0.1996482313 -0.3602612615 -0.1925455183 0.9127639532
55.4 424.5 2320.4 0 0 0 0 0 0 0 0 0
347.4 -195.7 2222.6 0 0 0 0 0 0 0 0 0
156.8 -770.7 2451.4 0 0 0 0 0 0 0 0 0
306.1 -777.5 2357.2 0 0 0 0 0 0 0 0 0
171.5 503.0 2384.2 9 0.9235421419 -0.2478039712 0.2926826179 0.2489311993 0.9679235220 0.0340192169 -0.2917245030 0.0414396599 0.9556043148
219.9 314.2 2376.2 0.9235421419 -0.2478039712 0.2926826179 0.2489311993 0.9679235220 0.0340192169 -0.2917245030 0.0414396599 0.9556043148
218.1 115.5 2378.1 0.9551450610 0.0087751327 0.2960082591 -0.0112444144 0.9999147058 0.0066405665 -0.2959247231 -0.0096711433 0.9551622868
85.4 315.8 2417.8 0.4896469116 -0.8197718263 0.2970185876 0.7587029338 0.2327176183 -0.6084507704 0.4296693504 0.5232749581 0.7359127402
-17.3 156.7 2327.7 -0.2615379691 -0.8197718263 -0.5094821453 -0.9649974704 0.2327176183 0.1209230125 0.0194361936 0.5232749581 -0.8519422412
354.3 312.7 2334.5 0.0683199689 0.4316211045 0.8994640708 -0.9864088893 0.1642629355 -0.0039000155 -0.1494319290 -0.8869729042 0.4369773269
372.5 49.6 2294.7 -0.0868320242 0.4374386966 0.8950461149 -0.9546200037 0.2203891128 -0.2003229856 -0.2848874629 -0.8718233705 0.3984509110
128.3 -81.7 2408.7 0.7946328521 0.0307538211 0.6063108444 -0.0140061975 0.9993789792 -0.0323347934 -0.6069287062 0.0172021799 0.7945700884
116.1 -479.1 2401.8 0.7919494510 -0.1338551790 0.5957338810 0.0069177030 0.9775789380 0.2104556113 -0.6105474830 -0.1625490934 0.7751190662
303.6 -83.4 2354.4 0.9303566813 0.0409039333 0.3643669486 0.0145333325 0.9888628125 -0.1481187046 -0.3663675487 0.1430986971 0.9194006324
287.3 -476.5 2297.5 0.9323689342 -0.0617741048 0.3561911285 -0.0119667733 0.9794781208 0.2011948824 -0.3613100648 -0.1918503195 0.9124957323
55.4 424.9 2322.3 0 0 0 0 0 0 0 0 0
349.9 -198.5 2220.6 0 0 0 0 0 0 0 0 0
155.9 -770.1 2450.2 0 0 0 0 0 0 0 0 0
306.3 -777.3 2356.5 0 0 0 0 0 0 0 0 0
171.8 503.3 2383.5 0 0.9222145677 -0.2566065788 0.2892635465 0.2584365308 0.9654797912 0.0325466245 -0.2876297832 0.0447412953 0.9566960335
222.8 311.6 2374.6 0.9222145677 -0.2566065788 0.2892635465 0.2584365308 0.9654797912 0.0325466245 -0.2876297832 0.0447412953 0.9566960335
219.2 112.8 2377.5 0.9561830163 0.0183147658 0.2921960950 -0.0217040386 0.9997294545 0.0083615826 -0.2919639051 -0.0143370396 0.9563218951
88.2 314.6 2415.7 0.5106933713 -0.7954204082 0.3263413310 0.7535827756 0.2313982695 -0.6152786613 0.4138903618 0.5601439476 0.7175886631
-17.7 158.2 2329.8 -0.2634405792 -0.7954204082 -0.5458071828 -0.9643697143 0.2313982695 0.1282416433 0.0242928192 0.5601439476 -0.8280389905
357.4 308.5 2333.5 0.0569826365 0.4366348982 0.8978323340 -0.9873732924 0.1577848196 -0.0140685793 -0.1478071511 -0.8856940269 0.4401126504
372.5 45.8 2294.2 -0.1005762592 0.4438913763 0.8904183507 -0.9515538812 0.2184546888 -0.2163857818 -0.2905678451 -0.8690443039 0.4004151821
128.7 -82.3 2407.1 0.7972046137 0.0304881223 0.6029388905 -0.0160795748 0.9994419813 -0.0292772613 -0.6034950614 0.0136449682 0.7972499728
116.6 -479.7 2401.7 0.7948051095 -0.1311386377 0.5925263762 0.0029207587 0.9771882892 0.2123546004 -0.6068577766 -0.1670498848 0.7770572901
304.0 -84.3 2352.8 0.9320523143 0.0457464755 0.3594242036 0.0066005755 0.9896889329 -0.1430812478 -0.3622636199 0.1357316077 0.9221398830
285.8 -477.8 2298.9 0.9330067039 -0.0677583069 0.3534223437 -0.0060617412 0.9790146351 0.2036996782 -0.3598079979 -0.1921955198 0.9130164981
55.2 425.2 2323.1 0 0 0 0 0 0 0 0 0
346.4 -201.5 2218.7 0 0 0 0 0 0 0 0 0
155.7 -771.0 2451.5 0 0 0 0 0 0 0 0 0
306.5 -776.2 2357.5 0 0 0 0 0 0 0 0 0
173.8 504.2 2384.6 1 0.9209210873 -0.2489003092 0.2999216020 0.2553545833 0.9666770101 0.0181540102 -0.2944458425 0.0598679446 0.9537910819
224.3 308.2 2372.5 0.9209210873 -0.2489003092 0.2999216020 0.2553545833 0.9666770101 0.0181540102 -0.2944458425 0.0598679446 0.9537910819
218.7 109.6 2377.1 0.9533900023 0.0280032270 0.3004385829 -0.0336237662 0.9993426800 0.0135526676 -0.2998615801 -0.0230228547 0.9537048936
90.1 313.0 2414.7 0.5265564322 -0.7768302560 0.3453593850 0.7457437515 0.2270208001 -0.6263607740 0.4081722200 0.5873638988 0.6988555789
-18.1 159.7 2330.8 -0.2667607665 -0.7768302560 -0.5704151988 -0.9635631442 0.2270208001 0.1414482743 0.0196148138 0.5873638988 -0.8090852499
358.4 303.5 2330.3 0.0439708717 0.4307457507 0.9014015198 -0.9896706343 0.1420155764 -0.0195871927 -0.1364501566 -0.8912293315 0.4325409532
370.3 36.2 2293.5 -0.0929389074 0.4439156651 0.8912358284 -0.9426625371 0.2489408106 -0.2222966701 -0.3205459416 -0.8607946038 0.3953263760
127.8 -83.9 2407.1 0.7923631668 0.0269098785 0.6094558835 -0.0127509190 0.9995389581 -0.0275559127 -0.6099163890 0.0140631692 0.7923409939
117.1 -481.3 2401.5 0.7908277512 -0.1306480020 0.5979319215 -0.0008318596 0.9767206907 0.2145134807 -0.6120381951 -0.1701406091 0.7723091245
303.2 -87.9 2353.5 0.9298063517 0.0414027348 0.3657129705 0.0118752625 0.9897603989 -0.1422440112 -0.3678575158 0.1366023272 0.9197937846
286.8 -481.4 2299.2 0.9314396381 -0.0674013421 0.3575993478 -0.0088094547 0.9782322645 0.2073259950 -0.3637892604 -0.1962619126 0.9105705023
55.5 425.6 2325.4 0 0 0 0 0 0 0 0 0
346.3 -207.5 2210.6 0 0 0 0 0 0 0 0 0
156.0 -772.0 2452.1 0 0 0 0 0 0 0 0 0
307.0 -775.5 2358.2 0 0 0 0 0 0 0 0 0
171.8 505.1 2386.2 2 0.9238380194 -0.2630042434 0.2781224847 0.2715939581 0.9623793960 0.0079138726 -0.2697407305 0.0682252571 0.9605129957
225.8 307.6 2372.2 0.9238380194 -0.2630042434 0.2781224847 0.2715939581 0.9623793960 0.0079138726 -0.2697407305 0.0682252571 0.9605129957
220.7 108.9 2376.5 0.9603946209 0.0256171674 0.2774634063 -0.0305187181 0.9994449019 0.0133605581 -0.2769671381 -0.0212992355 0.9606432915
90.6 311.9 2411.2 0.5387704372 -0.7575755715 0.3685182631 0.7464892268 0.2265447974 -0.6256446838 0.3904872537 0.6121737957 0.6875776052
-18.6 160.6 2332.0 -0.2691903114 -0.7575755715 -0.5946560502 -0.9628081322 0.2265447974 0.1472343653 0.0231750850 0.6121737957 -0.7903835773
360.9 303.3 2333.2 0.0337564312 0.4512456357 0.8917611241 -0.9876668453 0.1515566856 -0.0393033326 -0.1528878212 -0.8794361353 0.4507963657
370.2 30.9 2291.1 -0.0957001671 0.4608143270 0.8823217154 -0.9468963742 0.2312030047 -0.2234556675 -0.3069670200 -0.8568519950 0.4142172635
125.7 -86.0 2409.2 0.8068634868 0.0206267703 0.5903776884 -0.0060642539 0.9996267557 -0.0266372636 -0.5907067657 0.0179124363 0.8066874743
117.5 -483.4 2402.1 0.8051224351 -0.1312289983 0.5784088373 0.0074794400 0.9773845673 0.2113372535 -0.5930614471 -0.1658261865 0.7878957987
300.6 -92.2 2354.2 0.9384957552 0.0312058702 0.3438776731 0.0204200484 0.9891486764 -0.1454917789 -0.3446863592 0.1435654312 0.9276746511
288.2 -485.4 2297.1 0.9411855340 -0.0608279184 0.3323699832 -0.0135844806 0.9760552645 0.2170982063 -0.3376170695 -0.2088447660 0.9178227186
55.6 425.9 2325.6 0 0 0 0 0 0 0 0 0
345.4 -214.6 2211.5 0 0 0 0 0 0 0 0 0
156.2 -771.7 2451.0 0 0 0 0 0 0 0 0 0
306.3 -775.5 2359.2 0 0 0 0 0 0 0 0 0
174.2 506.7 2392.5 3 0.9318526983 -0.2522331178 0.2608236372 0.2684089243 0.9629049301 -0.0277622622 -0.2441458106 0.0958777294 0.9649872184
226.2 308.1 2372.7 0.9318526983 -0.2522331178 0.2608236372 0.2684089243 0.9629049301 -0.0277622622 -0.2441458106 0.0958777294 0.9649872184
221.1 109.4 2376.3 0.9662261605 0.0258672424 0.2563939691 -0.0295814089 0.9995057583 0.0106393825 -0.2559920549 -0.0178645439 0.9665138125
90.2 312.3 2408.7 0.5400449634 -0.7459712625 0.3897157311 0.7509927750 0.2180715799 -0.6232612729 0.3799490929 0.6292628050 0.6779874563
-18.8 160.6 2332.0 -0.2698720992 -0.7459712625 -0.6088480353 -0.9627982378 0.2180715799 0.1595755517 0.0137336841 0.6292628050 -0.7770712376
362.1 304.0 2336.7 0.0327203199 0.4702075422 0.8819491267 -0.9863570929 0.1576336622 -0.0474478789 -0.1613352150 -0.8683642745 0.4689503908
371.1 31.8 2292.2 -0.1070392504 0.4778930545 0.8718720078 -0.9471564293 0.2176858336 -0.2356004715 -0.3023860157 -0.8510177135 0.4293385446
127.5 -87.0 2406.1 0.8190476298 0.0279007312 0.5730467439 -0.0266742036 0.9995885491 -0.0105433082 -0.5731051564 -0.0066500935 0.8194548488
116.4 -484.3 2408.7 0.8134869337 -0.1312180907 0.5665869713 0.0225716867 0.9806042314 0.1946942657 -0.5811449885 -0.1455924213 0.8006705642
303.7 -92.6 2355.3 0.9454640746 0.0379765779 0.3235049248 0.0113894166 0.9887183309 -0.1493529826 -0.3255271614 0.1448924094 0.9343651533
288.6 -485.7 2297.7 0.9469118714 -0.0615004003 0.3155560195 -0.0084841698 0.9764102697 0.2157568634 -0.3213812709 -0.2069799751 0.9240526557
55.6 426.2 2328.2 0 0 0 0 0 0 0 0 0
343.4 -214.1 2213.7 0 0 0 0 0 0 0 0 0
154.8 -771.5 2451.4 0 0 0 0 0 0 0 0 0
306.7 -773.7 2358.7 0 0 0 0 0 0 0 0 0
174.3 504.5 2387.6 4 0.9317511320 -0.2467203587 0.2663998008 0.2619256079 0.9648245573 -0.0225511510 -0.2514652312 0.0907889903 0.9635987878
226.1 302.3 2368.6 0.9317511320 -0.2467203587 0.2663998008 0.2619256079 0.9648245573 -0.0225511510 -0.2514652312 0.0907889903 0.9635987878
221.8 103.7 2376.5 0.9653614163 0.0213509835 0.2600412667 -0.0309448689 0.9989809394 0.0328553915 -0.2590747774 -0.0397642702 0.9650383592
90.2 306.6 2405.1 0.5495095849 -0.7272750735 0.4112301767 0.7435308099 0.2012031376 -0.6377140880 0.3810527325 0.6561923027 0.6513144374
-18.0 160.2 2330.0 -0.2663747072 -0.7272750735 -0.6325468421 -0.9638695121 0.2012031376 0.1745648384 0.0003137630 0.6561923027 -0.7545936704
361.9 297.9 2332.2 0.0342048481 0.4658480585 0.8842033744 -0.9878736734 0.1498245746 -0.0407207422 -0.1514450759 -0.8720884323 0.4653237760
371.1 32.6 2291.5 -0.1102548093 0.4736772180 0.8737698793 -0.9494916797 0.2096615136 -0.2334686965 -0.2937847078 -0.8553782701 0.4266363978
127.3 -86.6 2403.3 0.8171748519 0.0242623501 0.5758789778 -0.0265481118 0.9996376634 -0.0044438322 -0.5757781267 -0.0116571123 0.8175228834
