-417.6 491.9 2352.0 1 0.8014283776 0.1516001374 -0.5785585046 -0.1599843055 0.9864310026 0.0368625149 0.5762964487 0.0630176142 0.8148074746
-452.9 262.5 2337.4 0.8014283776 0.1516001374 -0.5785585046 -0.1599843055 0.9864310026 0.0368625149 0.5762964487 0.0630176142 0.8148074746
-454.7 67.9 2358.7 0.8189022541 0.0095959241 -0.5738527775 0.0546978526 0.9940042496 0.0946768746 0.5713205934 -0.1089196205 0.8134674430
-569.5 254.7 2256.0 0.6530804634 -0.3836100101 -0.6529389620 0.7077781558 0.0025554672 0.7064301372 -0.2693251073 -0.9234916568 0.2731797099
-722.5 88.9 2319.0 -0.1879474819 -0.3836100101 -0.9041676521 0.9788514972 0.0025554672 -0.2045560777 0.0807803273 -0.9234916568 0.3750169277
-336.2 270.3 2418.8 0.7105475664 0.6985291243 -0.0847304910 -0.5123609304 0.4310838282 -0.7427334785 -0.4822950065 0.5711600184 0.6642045975
-210.5 179.7 2333.5 -0.5466332436 0.6985291243 0.4617890716 0.8365477920 0.4310838282 0.3381634951 0.0371472389 0.5711600184 -0.8199977279
-531.5 -129.6 2334.0 0.5852423310 -0.0394075587 -0.8099002838 0.0849850401 0.9962982535 0.0129338875 0.8063925505 -0.0763988644 0.5864249468
-516.0 -519.5 2363.9 0.5890563726 -0.1275528967 -0.7979616523 0.0571636595 0.9915674925 -0.1163021922 0.8060675263 0.0228941403 0.5913805366
-384.3 -119.4 2438.4 -0.8153403401 -0.2287791371 -0.5318648815 -0.3534989059 0.9242294431 0.1443552673 0.4585396945 0.3057123125 -0.8344347477
-294.8 -481.1 2318.7 -0.8881705403 -0.0474102348 -0.4570617080 -0.0051990231 0.9956364036 -0.0931728408 0.4594846070 -0.0803770944 -0.8845413923
-674.4 -161.7 2298.4 0 0 0 0 0 0 0 0 0
-350.5 393.9 2343.0 0 0 0 0 0 0 0 0 0
-484.4 -765.5 2358.2 0 0 0 0 0 0 0 0 0
-281.0 -770.0 2342.0 0 0 0 0 0 0 0 0 0
-418.9 491.2 2353.1 2 0.8189365268 0.1430693865 -0.5557644367 -0.1593730301 0.9870307446 0.0192482546 0.5513104796 0.0728107691 0.8311169147
-452.1 262.2 2336.3 0.8189365268 0.1430693865 -0.5557644367 -0.1593730301 0.9870307446 0.0192482546 0.5513104796 0.0728107691 0.8311169147
-454.3 67.6 2358.0 0.8353808522 0.0110255675 -0.5495609641 0.0520052835 0.9937286377 0.0989892781 0.5472058654 -0.1112738177 0.8295685053
-571.1 254.8 2258.3 0.6516885161 -0.3980987668 -0.6456155777 0.7084040642 0.0152865471 0.7056415677 -0.2710458040 -0.9172151685 0.2919768393
-724.6 88.0 2322.1 -0.1933587790 -0.3980987668 -0.8967328072 0.9759991765 0.0152865471 -0.2172370255 0.1001897380 -0.9172151685 0.3855882883
-333.2 269.6 2414.2 0.7089361548 0.6966955066 -0.1096582040 -0.5228688717 0.4148488045 -0.7446533442 -0.4733050764 0.5852485895 0.6583817005
-210.5 179.1 2332.3 -0.5411362648 0.6966955066 0.4709426463 0.8394997120 0.4148488045 0.3509141505 0.0491103120 0.5852485895 -0.8093653917
-530.6 -131.6 2328.4 0.6085118055 -0.0368462205 -0.7926889658 0.0911848173 0.9955514073 0.0237227082 0.7882884741 -0.0867167413 0.6091645956
-516.2 -521.4 2362.3 0.6123846173 -0.1304177493 -0.7797283530 0.0635826513 0.9912287593 -0.1158567443 0.7879989743 0.0213716868 0.6153055429
-382.6 -121.8 2431.6 -0.8045486808 -0.2247209996 -0.5497289300 -0.3435586393 0.9311508536 0.1221701950 0.4844263494 0.2871559858 -0.8263610601
-294.6 -486.3 2319.2 -0.8737418056 -0.0474354997 -0.4840714037 -0.0024231782 0.9956451654 -0.0931922346 0.4863839746 -0.0802529603 -0.8700518012
-675.1 -161.9 2296.5 0 0 0 0 0 0 0 0 0
-349.1 394.1 2344.9 0 0 0 0 0 0 0 0 0
-484.0 -765.6 2357.1 0 0 0 0 0 0 0 0 0
-281.1 -769.3 2342.0 0 0 0 0 0 0 0 0 0
-417.4 490.1 2354.2 3 0.8186964989 0.1629004329 -0.5506355762 -0.1736914217 0.9842492938 0.0329330154 0.5473274589 0.0686785281 0.8340958357
-455.2 261.6 2338.3 0.8186964989 0.1629004329 -0.5506355762 -0.1736914217 0.9842492938 0.0329330154 0.5473274589 0.0686785281 0.8340958357
-456.7 66.6 2355.5 0.8372651935 0.0080212159 -0.5467381477 0.0414498560 0.9960843325 0.0780891702 0.5452237129 -0.0880435631 0.8336542845
-574.5 255.7 2260.6 0.6381558180 -0.3646138310 -0.6780957580 0.7279480696 -0.0010407417 0.6856314540 -0.2506964505 -0.9311582446 0.2647557855
-723.2 86.1 2319.0 -0.1870188862 -0.3646138310 -0.9121845961 0.9797042012 -0.0010407417 -0.2004459649 0.0721360222 -0.9311582446 0.3574083447
-335.9 267.5 2415.9 0.7169426084 0.6905503273 -0.0955695137 -0.5049836040 0.4199198186 -0.7540947795 -0.4806088805 0.5889036655 0.6497750282
-210.3 179.1 2331.8 -0.5460618138 0.6905503273 0.4742959738 0.8366004825 0.4199198186 0.3518052697 0.0437729768 0.5889036655 -0.8070169687
-531.9 -131.7 2330.4 0.6112630367 -0.0387305953 -0.7904792428 0.0725157484 0.9973412156 0.0072090193 0.7880983353 -0.0617288053 0.6124463677
-516.7 -522.1 2354.6 0.6090863943 -0.1351016611 -0.7815122008 0.0891173631 0.9908024073 -0.1018267870 0.7880811095 -0.0076249945 0.6155241728
-381.0 -122.3 2429.3 -0.8064208627 -0.2212358713 -0.5483977199 -0.3379736245 0.9334187508 0.1204295084 0.4852413833 0.2824608386 -0.8275002241
-294.3 -487.8 2318.7 -0.8741226196 -0.0483597144 -0.4832918048 -0.0018978387 0.9953634143 -0.0961666405 0.4857015610 -0.0831442252 -0.8701614738
-675.3 -164.7 2300.6 0 0 0 0 0 0 0 0 0
-350.2 393.3 2343.0 0 0 0 0 0 0 0 0 0
-483.5 -765.6 2356.4 0 0 0 0 0 0 0 0 0
-280.7 -769.0 2342.2 0 0 0 0 0 0 0 0 0
-419.1 494.5 2360.7 4 0.8063482642 0.1532026678 -0.5712542534 -0.1744843125 0.9845001698 0.0177380517 0.5651174188 0.0853718519 0.8205814958
-455.0 263.7 2340.7 0.8063482642 0.1532026678 -0.5712542534 -0.1744843125 0.9845001698 0.0177380517 0.5651174188 0.0853718519 0.8205814958
-458.9 68.7 2358.2 0.8245809078 0.0198362079 -0.5653961897 0.0341757685 0.9958134890 0.0847792178 0.5647108555 -0.0892301723 0.8204508424
-572.5 258.9 2260.3 0.6304095387 -0.3559471369 -0.6898444891 0.7386626005 0.0018387759 0.6740728617 -0.2386658341 -0.9345042706 0.2640840113
-722.3 83.3 2317.0 -0.1809829623 -0.3559471369 -0.9168133736 0.9809297919 0.0018387759 -0.1943537146 0.0708654597 -0.9345042706 0.3488263488
-337.6 268.6 2421.2 0.7138762474 0.6972983479 -0.0644648448 -0.5014550090 0.4447694421 -0.7421071529 -0.4887981117 0.5620988607 0.6671741009
-210.7 179.5 2334.3 -0.5479102731 0.6972983479 0.4621356130 0.8363450170 0.4447694421 0.3204795718 0.0179260876 0.5620988607 -0.8268757463
-534.0 -132.2 2323.5 0.5925443172 -0.0463740751 -0.8042019010 0.0867748111 0.9962068200 0.0064905994 0.8008503914 -0.0736304373 0.5943207741
-515.8 -522.2 2352.3 0.5913419127 -0.1346984953 -0.7950918674 0.0958028510 0.9907033443 -0.0965850875 0.8007100224 -0.0190572534 0.5987489223
-382.6 -124.7 2422.0 -0.8209870458 -0.2266653180 -0.5240258574 -0.3288293183 0.9380274415 0.1094341427 0.4667457342 0.2621590793 -0.8446425796
-293.9 -492.0 2319.4 -0.8844087720 -0.0446091741 -0.4645763338 -0.0027149674 0.9958965182 -0.0904587209 0.4667052627 -0.0787411705 -0.8809006810
-676.0 -167.9 2298.9 0 0 0 0 0 0 0 0 0
-350.9 393.6 2338.9 0 0 0 0 0 0 0 0 0
-482.8 -765.0 2357.0 0 0 0 0 0 0 0 0 0
-281.5 -767.6 2341.1 0 0 0 0 0 0 0 0 0
-421.1 495.7 2364.0 5 0.8088831306 0.1390978843 -0.5712791681 -0.1696970165 0.9854962230 -0.0003231594 0.5629485250 0.0972057655 0.8207557797
-453.7 265.0 2341.2 0.8088831306 0.1390978843 -0.5712791681 -0.1696970165 0.9854962230 -0.0003231594 0.5629485250 0.0972057655 0.8207557797
-461.6 70.1 2359.0 0.8258849978 0.0403873511 -0.5623902678 0.0179116502 0.9950486422 0.0977618992 0.5635540485 -0.0908134207 0.8210723400
-571.3 262.4 2260.9 0.6329132318 -0.3466347456 -0.6922898293 0.7385753989 0.0021198054 0.6741675735 -0.2322223783 -0.9379978180 0.2573575377
-721.4 87.3 2316.0 -0.1721222848 -0.3466347456 -0.9220728278 0.9828736186 0.0021198054 -0.1842688024 0.0658285841 -0.9379978180 0.3403332829
-336.0 267.5 2421.5 0.7122555971 0.6998427510 -0.0539634861 -0.4957574308 0.4471431971 -0.7445048690 -0.4969069660 0.5570305586 0.6654325128
-210.2 180.0 2333.8 -0.5523056984 0.6998427510 0.4529663920 0.8332660794 0.4471431971 0.3251624405 0.0250217505 0.5570305586 -0.8301149607
-537.3 -129.3 2324.6 0.5947155356 -0.0540795252 -0.8021152020 0.0906163231 0.9958858490 0.0000422664 0.7988129258 -0.0727098659 0.5971692801
-516.1 -519.4 2353.1 0.5943460464 -0.1362705678 -0.7925800681 0.0933188275 0.9905679822 -0.1003325656 0.7987768054 -0.0143303797 0.6014567614
-388.3 -123.2 2426.7 -0.8191595674 -0.2393988967 -0.5212156773 -0.3439367414 0.9322469234 0.1123530492 0.4590045214 0.2713002861 -0.8459970355
-294.6 -488.2 2320.4 -0.8873884678 -0.0446247011 -0.4588575959 -0.0050157011 0.9961799383 -0.0871803313 0.4609951079 -0.0750613287 -0.8842224479
-677.3 -164.4 2299.2 0 0 0 0 0 0 0 0 0
-351.6 393.3 2340.2 0 0 0 0 0 0 0 0 0
-482.4 -764.8 2356.6 0 0 0 0 0 0 0 0 0
-282.0 -767.8 2341.5 0 0 0 0 0 0 0 0 0
-420.9 497.4 2358.1 6 0.8184939623 0.1299607605 -0.5596229434 -0.1478663385 0.9889166951 0.0133887641 0.5551604629 0.0717907697 0.8286392093
-451.4 265.0 2341.3 0.8184939623 0.1299607605 -0.5596229434 -0.1478663385 0.9889166951 0.0133887641 0.5551604629 0.0717907697 0.8286392093
-461.7 70.0 2356.0 0.8318988085 0.0524165519 -0.5524463058 -0.0019884089 0.9958041310 0.0914884657 0.5549238324 -0.0750106573 0.8285124898
-569.9 265.3 2262.2 0.6396213174 -0.3520087898 -0.6833552122 0.7309933901 0.0035631321 0.6823752522 -0.2377671897 -0.9359899163 0.2595951557
-723.0 90.3 2319.1 -0.1716456860 -0.3520087898 -0.9201236963 0.9827887416 0.0035631321 -0.1846987456 0.0682941079 -0.9359899163 0.3453386724
-332.9 264.7 2420.3 0.7126261592 0.6984716654 -0.0655842870 -0.4953951836 0.4348234236 -0.7520054579 -0.4967369139 0.5683888793 0.6558860540
-210.9 179.9 2335.3 -0.5461895466 0.6984716654 0.4624005854 0.8370949626 0.4348234236 0.3319647908 0.0308053959 0.5683888793 -0.8221831322
-544.1 -126.3 2325.9 0.6021239161 -0.0711599439 -0.7952251434 0.1059065461 0.9943372607 -0.0087875947 0.7913473248 -0.0789283291 0.6062505841
-516.2 -515.7 2356.8 0.6054460406 -0.1327953935 -0.7847295403 0.0824075341 0.9911421537 -0.1041451842 0.7916085720 -0.0016133388 0.6110264063
-394.9 -123.1 2427.7 -0.8135979176 -0.2575590611 -0.5212693810 -0.3606428504 0.9267781973 0.1049708948 0.4560649395 0.2733961642 -0.8469116092
-294.0 -486.0 2320.7 -0.8876940012 -0.0394864790 -0.4587375820 -0.0010322259 0.9964840412 -0.0837763175 0.4604327381 -0.0738942176 -0.8846136928
-679.1 -161.4 2301.6 0 0 0 0 0 0 0 0 0
-350.8 394.3 2343.2 0 0 0 0 0 0 0 0 0
-482.8 -765.2 2357.2 0 0 0 0 0 0 0 0 0
-282.9 -766.7 2341.5 0 0 0 0 0 0 0 0 0
-420.3 496.4 2355.7 7 0.8125156760 0.1392341405 -0.5660672188 -0.1532380134 0.9879205823 0.0230431780 0.5624378920 0.0680200756 0.8240369558
-452.8 265.8 2339.8 0.8125156760 0.1392341405 -0.5660672188 -0.1532380134 0.9879205823 0.0230431780 0.5624378920 0.0680200756 0.8240369558
-461.0 70.7 2354.4 0.8271421790 0.0418299548 -0.5604338646 0.0070545417 0.9963747263 0.0847797096 0.5619484782 -0.0740784779 0.8238484859
-570.7 264.8 2259.8 0.6399452090 -0.3498414755 -0.6841644645 0.7288647294 -0.0056288536 0.6846346259 -0.2433646470 -0.9367920160 0.2513849437
-721.8 92.6 2317.2 -0.1436162442 -0.3498414755 -0.9257349968 0.9884835482 -0.0056288536 -0.1512237191 0.0476935022 -0.9367920160 0.3466209471
-335.0 266.8 2419.9 0.7138634324 0.6952080131 -0.0841713846 -0.5050618649 0.4278623760 -0.7495641112 -0.4850891829 0.5775981545 0.6565583348
-211.7 179.5 2336.1 -0.5323587060 0.6952080131 0.4829907119 0.8464068174 0.4278623760 0.3170635104 0.0137715414 0.5775981545 -0.8162050843
-547.1 -124.8 2320.5 0.5940163732 -0.0807252750 -0.8003923893 0.1141449660 0.9933435917 -0.0154723544 0.7963136435 -0.0821699277 0.5992767811
-515.5 -513.8 2352.7 0.5971703529 -0.1284813136 -0.7917576432 0.0910786912 0.9915654063 -0.0922101960 0.7969267368 -0.0170470495 0.6038353443
-396.8 -125.1 2420.8 -0.8157048225 -0.2642802596 -0.5145693421 -0.3617712557 0.9271761179 0.0972933918 0.4513837099 0.2655190825 -0.8519110084
-293.3 -488.2 2316.8 -0.8929390907 -0.0399014652 -0.4484056532 0.0045058760 0.9952220917 -0.0975328684 0.4501549304 -0.0891113728 -0.8884929419
-685.0 -160.4 2305.0 0 0 0 0 0 0 0 0 0
-348.0 396.3 2339.7 0 0 0 0 0 0 0 0 0
-483.0 -764.5 2357.0 0 0 0 0 0 0 0 0 0
-282.1 -767.7 2341.8 0 0 0 0 0 0 0 0 0
-420.3 494.7 2354.0 8 0.8026922345 0.1361680627 -0.5806404948 -0.1571294516 0.9874736667 0.0143561913 0.5753220320 0.0797121152 0.8140335083
-451.9 265.5 2335.5 0.8026922345 0.1361680627 -0.5806404948 -0.1571294516 0.9874736667 0.0143561913 0.5753220320 0.0797121152 0.8140335083
-459.8 70.7 2354.0 0.8185943961 0.0402880050 -0.5729573369 0.0215018839 0.9946882725 0.1006625146 0.5739694238 -0.0947214365 0.8133799434
-568.5 262.4 2253.7 0.6428535581 -0.3733195364 -0.6688586473 0.7195430994 -0.0051267319 0.6944288611 -0.2626729310 -0.9276886582 0.2653237581
-720.9 91.8 2316.0 -0.1426409036 -0.3733195364 -0.9166712165 0.9884107709 -0.0051267319 -0.1517162323 0.0519391075 -0.9276886582 0.3697243631
-335.2 268.6 2417.3 0.7160337567 0.6895259023 -0.1088562459 -0.5168200135 0.4188133180 -0.7466541529 -0.4692469239 0.5908886790 0.6562452912
-211.9 179.6 2336.5 -0.5257346630 0.6895259023 0.4981537163 0.8505823612 0.4188133180 0.3179701269 0.0106152128 0.5908886790 -0.8066832423
-544.0 -125.1 2318.1 0.5840181708 -0.0805921406 -0.8077299595 0.1045134813 0.9942426085 -0.0236345883 0.8049842715 -0.0706156418 0.5890787244
-512.4 -514.5 2345.7 0.5840195417 -0.1175117418 -0.8031887412 0.1045016274 0.9921165705 -0.0691672489 0.8049848080 -0.0435395017 0.5916956663
-394.5 -123.8 2419.7 -0.8230726123 -0.2527381182 -0.5086009502 -0.3486127257 0.9317952991 0.1011272371 0.4483532310 0.2605397999 -0.8550429344
-295.5 -488.7 2317.6 -0.8949361444 -0.0461729243 -0.4437988400 -0.0028365750 0.9951999784 -0.0978207663 0.4461852908 -0.0862844661 -0.8907713890
-684.4 -161.3 2302.7 0 0 0 0 0 0 0 0 0
-346.6 397.4 2339.2 0 0 0 0 0 0 0 0 0
-482.9 -763.6 2356.7 0 0 0 0 0 0 0 0 0
-282.4 -770.0 2342.0 0 0 0 0 0 0 0 0 0
-420.0 495.0 2352.6 9 0.8103576899 0.1253378093 -0.5723729730 -0.1436611861 0.9895375967 0.0132946866 0.5680509210 0.0714543313 0.8198856115
-449.2 264.4 2336.0 0.8103576899 0.1253378093 -0.5723729730 -0.1436611861 0.9895375967 0.0132946866 0.5680509210 0.0714543313 0.8198856115
-453.0 69.8 2356.5 0.8240140080 0.0191690922 -0.5662450790 0.0438146777 0.9942784905 0.0974195227 0.5648727417 -0.1050848961 0.8184595108
-566.6 258.2 2255.5 0.6601908207 -0.3698155880 -0.6537465453 0.7027754188 -0.0030095205 0.7114053965 -0.2650562823 -0.9291003346 0.2579104304
-720.8 94.1 2317.4 -0.1373886615 -0.3698155880 -0.9188910723 0.9891784787 -0.0030095205 -0.1466865242 0.0514815375 -0.9291003346 0.3662270606
-331.9 270.7 2416.5 0.7030866742 0.7029429078 -0.1074265093 -0.5350822806 0.4234782457 -0.7309945822 -0.4683546722 0.5714345574 0.6738741994
-212.1 179.5 2336.7 -0.5222743154 0.7029429078 0.4828051329 0.8527123928 0.4234782457 0.3058558106 0.0105417008 0.5714345574 -0.8205799460
-541.7 -126.0 2320.7 0.5918258429 -0.0694226176 -0.8030707836 0.1062764823 0.9943073392 -0.0076335045 0.7990291119 -0.0808298364 0.5958347917
-514.5 -515.4 2352.4 0.5942639709 -0.1230173633 -0.7948063016 0.0874873027 0.9922564626 -0.0881651565 0.7994975448 -0.0171420891 0.6004247069
-393.7 -122.1 2424.5 -0.8121561408 -0.2488170415 -0.5277238488 -0.3566073477 0.9275810719 0.1114652455 0.4617722332 0.2787173986 -0.8420706391
-296.3 -485.3 2315.3 -0.8880550861 -0.0497328676 -0.4570391178 -0.0026430527 0.9946675301 -0.1030994728 0.4597294331 -0.0903500319 -0.8834510446
-685.6 -159.2 2304.2 0 0 0 0 0 0 0 0 0
-345.8 397.9 2339.4 0 0 0 0 0 0 0 0 0
-483.9 -761.9 2356.7 0 0 0 0 0 0 0 0 0
-282.1 -769.3 2341.1 0 0 0 0 0 0 0 0 0
-421.7 496.3 2352.5 0 0.8123155236 0.1232962683 -0.5700364113 -0.1411775649 0.9898998737 0.0129294032 0.5658731461 0.0699735954 0.8215177059
-450.4 265.2 2336.1 0.8123155236 0.1232962683 -0.5700364113 -0.1411775649 0.9898998737 0.0129294032 0.5658731461 0.0699735954 0.8215177059
-453.1 71.1 2361.5 0.8263460398 0.0134842955 -0.5630012751 0.0620622896 0.9914436936 0.1148378327 0.5597325563 -0.1298369318 0.8184386492
-568.2 256.3 2256.4 0.6584647894 -0.3747681081 -0.6526660323 0.7021807432 -0.0061865440 0.7119718194 -0.2708621025 -0.9270979166 0.2590813339
-721.3 93.1 2319.4 -0.1522027105 -0.3747681081 -0.9145398736 0.9868210554 -0.0061865440 -0.1616969705 0.0549410284 -0.9270979166 0.3707706630
-332.7 274.0 2415.8 0.6989084482 0.7077163458 -0.1032693759 -0.5458390117 0.4345056415 -0.7164248824 -0.4621544778 0.5570838451 0.6899788976
-211.6 179.4 2335.7 -0.5303524733 0.7077163458 0.4667588472 0.8476837277 0.4345056415 0.3043635488 0.0125937155 0.5570838451 -0.8303607702
-531.2 -128.8 2326.1 0.5975823998 -0.0406496264 -0.8007764220 0.0831353590 0.9964724183 0.0114563759 0.7974859476 -0.0734189674 0.5988537669
-515.3 -519.0 2354.8 0.5976012945 -0.1283233911 -0.7914580107 0.0829892755 0.9917073846 -0.0981287137 0.7974869609 -0.0070406822 0.6032950878
-382.3 -120.9 2428.1 -0.8120878935 -0.2204362452 -0.5402972698 -0.3336514831 0.9350264668 0.1200091019 0.4787378907 0.2777289152 -0.8328725696
-296.0 -487.0 2319.4 -0.8776578307 -0.0519744642 -0.4764613211 -0.0076404349 0.9954937696 -0.0945188329 0.4792268276 -0.0793148279 -0.8741000295
-682.3 -159.6 2305.3 0 0 0 0 0 0 0 0 0
-347.4 396.5 2339.0 0 0 0 0 0 0 0 0 0
-483.7 -762.9 2356.5 0 0 0 0 0 0 0 0 0
-281.3 -769.2 2341.9 0 0 0 0 0 0 0 0 0
-422.8 496.9 2352.4 1 0.8170385957 0.1212151349 -0.5636974573 -0.1445801407 0.9894878864 0.0032168741 0.5581617355 0.0788711533 0.8259750605
-451.5 262.8 2333.7 0.8170385957 0.1212151349 -0.5636974573 -0.1445801407 0.9894878864 0.0032168741 0.5581617355 0.0788711533 0.8259750605
-452.4 68.4 2356.8 0.8301466107 0.0046136105 -0.5575261116 0.0619434267 0.9930120111 0.1004499942 0.5540935397 -0.1179232970 0.8240597248
-569.8 254.0 2254.8 0.6523609161 -0.3854409158 -0.6525799632 0.7057043314 -0.0051139365 0.7084879875 -0.2764174938 -0.9227183461 0.2686711848
-721.4 90.0 2319.0 -0.1660339683 -0.3854409158 -0.9076717496 0.9840473533 -0.0051139365 -0.1778331846 0.0639024079 -0.9227183461 0.3801411986
-333.2 271.7 2412.7 0.7127705812 0.6909177899 -0.1207919642 -0.5377722383 0.4277667701 -0.7265098691 -0.4502877891 0.5827934742 0.6764559746
-211.7 180.0 2335.9 -0.5328840613 0.6909177899 0.4885357618 0.8461205959 0.4277667701 0.3179552257 0.0107015474 0.5827934742 -0.8125498295
-530.4 -128.6 2336.4 0.6038170457 -0.0365848616 -0.7962829471 0.0610385016 0.9981353283 0.0004262881 0.7947825193 -0.0488613173 0.6049242020
-516.1 -519.4 2355.5 0.6006269455 -0.1342183352 -0.7881831527 0.0860253572 0.9909346700 -0.1031897813 0.7948879600 -0.0058251778 0.6067282557
-381.0 -117.4 2437.5 -0.8051012754 -0.2205232531 -0.5506191254 -0.3482945859 0.9271817803 0.1379307061 0.4801070988 0.3028258383 -0.8232822418
-294.7 -480.4 2318.9 -0.8759131432 -0.0456908680 -0.4803004563 -0.0014292788 0.9957470298 -0.0921186283 0.4824667275 -0.0800014362 -0.8722531796
-678.9 -162.0 2302.6 0 0 0 0 0 0 0 0 0
-348.2 396.7 2338.6 0 0 0 0 0 0 0 0 0
-483.0 -763.8 2356.9 0 0 0 0 0 0 0 0 0
-281.5 -768.2 2342.1 0 0 0 0 0 0 0 0 0
-423.7 496.4 2352.3 2 0.8143185377 0.1279632598 -0.5661366582 -0.1500532031 0.9886484742 0.0076299179 0.5606865287 0.0787374377 0.8242760897
-453.9 262.6 2333.7 0.8143185377 0.1279632598 -0.5661366582 -0.1500532031 0.9886484742 0.0076299179 0.5606865287 0.0787374377 0.8242760897
-453.3 67.9 2354.3 0.8276559711 -0.0030525129 -0.5612275004 0.0616901591 0.9944207072 0.0855673403 0.5578350425 -0.1054425314 0.8232265115
-571.9 253.8 2254.2 0.6512582302 -0.4010864198 -0.6441990137 0.7011815906 -0.0065648057 0.7129525542 -0.2901846170 -0.9160166979 0.2769590318
-725.0 88.9 2322.4 -0.1898707449 -0.4010864198 -0.8961466551 0.9788537025 -0.0065648057 -0.2044560909 0.0761215314 -0.9160166979 0.3938513994
-336.0 271.4 2413.2 0.7138545513 0.6903802752 -0.1174170151 -0.5257496834 0.4175851941 -0.7410869598 -0.4626002014 0.5907602310 0.6610623002
-210.6 179.0 2331.9 -0.5350149870 0.6903802752 0.4869640768 0.8443655372 0.4175851941 0.3356626332 0.0283858720 0.5907602310 -0.8063476682
-528.3 -131.6 2329.8 0.5998006463 -0.0305242147 -0.7995670438 0.0743600205 0.9970740676 0.0177174453 0.7966867685 -0.0700827539 0.6003154516
-516.4 -522.0 2357.2 0.5986190438 -0.1355874240 -0.7894753218 0.0831705183 0.9907641411 -0.1070935354 0.7967044115 -0.0015528448 0.6043671370
-378.2 -120.4 2429.9 -0.8123616576 -0.2121208161 -0.5432065129 -0.3252671361 0.9379560947 0.1201652214 0.4840143323 0.2743048668 -0.8309554458
-295.2 -487.5 2322.6 -0.8727702498 -0.0471962728 -0.4858442545 -0.0085004997 0.9966333508 -0.0815454647 0.4880572557 -0.0670405403 -0.8702331185
-676.4 -161.6 2302.9 0 0 0 0 0 0 0 0 0
-347.6 395.2 2339.2 0 0 0 0 0 0 0 0 0
-483.3 -763.7 2357.6 0 0 0 0 0 0 0 0 0
-281.9 -768.5 2341.5 0 0 0 0 0 0 0 0 0
-426.0 498.1 2353.3 3 0.8295391798 0.1134150475 -0.5468105078 -0.1349680871 0.9908496737 0.0007606598 0.5418933034 0.0731709749 0.8372560143
-453.1 261.6 2335.8 0.8295391798 0.1134150475 -0.5468105078 -0.1349680871 0.9908496737 0.0007606598 0.5418933034 0.0731709749 0.8372560143
-455.9 68.2 2365.1 0.8426926136 0.0150404312 -0.5381848216 0.0677322224 0.9887063503 0.1336864382 0.5341174603 -0.1491090208 0.8321568370
-573.1 252.1 2259.8 0.6506773233 -0.3770718575 -0.6591174603 0.7109469175 -0.0024442165 0.7032414079 -0.2667835653 -0.9261807799 0.2664876580
-723.5 87.8 2321.4 -0.1842977405 -0.3770718575 -0.9076624513 0.9801968932 -0.0024442165 -0.1980102062 0.0724455491 -0.9261807799 0.3700551391
-333.0 271.2 2411.9 0.7080006599 0.6974192858 -0.1110918000 -0.5320721865 0.4233429134 -0.7332666516 -0.4643644094 0.5782620907 0.6708044410
-211.4 179.8 2332.2 -0.5341131687 0.6974192858 0.4778383076 0.8450273871 0.4233429134 0.3266642392 0.0255324934 0.5782620907 -0.8154514432
-527.6 -132.4 2324.9 0.6215202808 -0.0265811067 -0.7829470038 0.0845095068 0.9958668947 0.0332757272 0.7788264751 -0.0868480057 0.6211978197
-517.2 -522.3 2358.9 0.6221346855 -0.1378198266 -0.7706841826 0.0801385045 0.9904235005 -0.1124235615 0.7787979245 0.0081811184 0.6272215247
-377.9 -121.3 2425.4 -0.7990373969 -0.2120628059 -0.5626443028 -0.3210168183 0.9416757822 0.1009696797 0.5084165931 0.2612968385 -0.8205099106
-294.9 -490.0 2323.1 -0.8575536609 -0.0466605723 -0.5122738481 -0.0068812827 0.9968288541 -0.0792770162 0.5143484473 -0.0644591898 -0.8551553488
-676.3 -163.2 2302.9 0 0 0 0 0 0 0 0 0
-348.2 396.2 2338.7 0 0 0 0 0 0 0 0 0
-483.6 -764.3 2356.9 0 0 0 0 0 0 0 0 0
-281.9 -767.3 2341.0 0 0 0 0 0 0 0 0 0
-426.5 496.9 2353.3 4 0.8078953624 0.1160398126 -0.5777887702 -0.1334266663 0.9909803867 0.0124585135 0.5740230083 0.0670272559 0.8160912395
-453.9 262.3 2337.4 0.8078953624 0.1160398126 -0.5777887702 -0.1334266663 0.9909803867 0.0124585135 0.5740230083 0.0670272559 0.8160912395
-460.5 69.9 2372.0 0.8235421777 0.0333568789 -0.5662734509 0.0733793899 0.9836174250 0.1646579653 0.5624889135 -0.1771555841 0.8076027036
-571.2 251.8 2257.3 0.6464334130 -0.4121206701 -0.6420906186 0.7082790136 0.0112592019 0.7058428526 -0.2836630046 -0.9110596776 0.2991747558
-724.1 84.3 2324.4 -0.2075065076 -0.4121206701 -0.8871852160 0.9724862576 0.0112592019 -0.2326880246 0.1058845446 -0.9110596776 0.3984453380
-336.7 272.8 2417.5 0.7030744553 0.7075674534 -0.0709550604 -0.5131963491 0.4357900620 -0.7394028306 -0.4922558665 0.5562691092 0.6695138812
-210.4 180.6 2329.1 -0.5363837481 0.7075674534 0.4600443244 0.8437053561 0.4357900620 0.3134458661 0.0213013496 0.5562691092 -0.8307291269
-534.9 -131.2 2346.2 0.5951050520 -0.0427211486 -0.8025115728 0.0534486584 0.9984790683 -0.0135183157 0.8018685579 -0.0348483510 0.5964833498
-518.2 -521.7 2359.8 0.5919257402 -0.1425840110 -0.7932803631 0.0766673908 0.9897257686 -0.1206857935 0.8023378849 0.0106182927 0.5967756510
-382.6 -119.1 2442.5 -0.8089417815 -0.2200891078 -0.5451366901 -0.3494560122 0.9256906509 0.1448355168 0.4727512002 0.3076647818 -0.8257412910
-296.5 -481.2 2322.2 -0.8780063987 -0.0489332639 -0.4761410654 -0.0109539637 0.9965542555 -0.0822172314 0.4785235524 -0.0669716224 -0.8755170107
-671.0 -164.6 2297.3 0 0 0 0 0 0 0 0 0
-347.7 396.7 2334.5 0 0 0 0 0 0 0 0 0
-483.2 -764.8 2357.2 0 0 0 0 0 0 0 0 0
-282.5 -766.6 2341.4 0 0 0 0 0 0 0 0 0
-427.7 499.4 2360.3 5 0.8145534396 0.1054896489 -0.5704162121 -0.1584684551 0.9863887429 -0.0438753776 0.5580237508 0.1261318177 0.8201830983
-453.7 256.1 2329.2 0.8145534396 0.1054896489 -0.5704162121 -0.1584684551 0.9863887429 -0.0438753776 0.5580237508 0.1261318177 0.8201830983
-454.8 63.2 2361.5 0.8284513354 0.0058261673 -0.5600307584 0.0878146887 0.9862264991 0.1401639283 0.5531337857 -0.1652979106 0.8165289760
-571.7 243.6 2250.4 0.6553649306 -0.4658864439 -0.5945137739 0.6793804169 0.0196453128 0.7335231900 -0.3300591111 -0.8846263885 0.3293890059
-725.2 84.4 2327.7 -0.2482584119 -0.4658864439 -0.8493041396 0.9566956758 0.0196453128 -0.2904262841 0.1519905180 -0.8846263885 0.4408344626
-335.7 268.7 2408.0 0.7350871563 0.6711652279 -0.0958336517 -0.4903694391 0.4287301898 -0.7587675452 -0.4681716561 0.6047542095 0.6442729831
-209.3 184.4 2327.5 -0.5512438416 0.6711652279 0.4956484735 0.8340932131 0.4287301898 0.3471007645 0.0204625111 0.6047542095 -0.7961492538
-541.5 -129.2 2355.9 0.6047782898 -0.0611801669 -0.7940404415 0.0418468043 0.9981087446 -0.0450309813 0.7952936888 -0.0059942952 0.6061946750
-517.6 -519.6 2358.3 0.5998469591 -0.1384643316 -0.7880426645 0.0804247707 0.9903581738 -0.1127943024 0.7960624695 0.0042811683 0.6051992774
-390.9 -116.7 2455.2 -0.7923377156 -0.2353186011 -0.5628730655 -0.3809492588 0.9114787579 0.1551905274 0.4765276313 0.3373893797 -0.8118434548
-299.4 -471.4 2323.9 -0.8727455735 -0.0611880794 -0.4843254387 -0.0242346041 0.9963210225 -0.0822016001 0.4875733852 -0.0600036494 -0.8710176349
-661.8 -160.0 2288.9 0 0 0 0 0 0 0 0 0
-350.5 398.0 2332.7 0 0 0 0 0 0 0 0 0
-483.1 -765.7 2357.2 0 0 0 0 0 0 0 0 0
-281.0 -769.6 2341.9 0 0 0 0 0 0 0 0 0
-426.3 498.1 2355.8 6 0.8416584134 0.1163846776 -0.5273193717 -0.1448024511 0.9893783927 -0.0127545558 0.5202339888 0.0870921239 0.8495714068
-454.6 257.5 2334.6 0.8416584134 0.1163846776 -0.5273193717 -0.1448024511 0.9893783927 -0.0127545558 0.5202339888 0.0870921239 0.8495714068
-456.5 63.1 2353.1 0.8533948660 0.0079039671 -0.5212050080 0.0426260978 0.9954781532 0.0848900527 0.5195191503 -0.0946616679 0.8491990566
-576.1 251.2 2260.9 0.6724203825 -0.4582114816 -0.5812857151 0.6681095958 0.0377428234 0.7431049943 -0.3185598850 -0.8880414963 0.3315145373
-731.4 96.8 2334.5 -0.2658521533 -0.4582114816 -0.8481538296 0.9475418329 0.0377428234 -0.3173955381 0.1774459928 -0.8880414963 0.4241405427
-333.2 263.7 2408.3 0.7322966456 0.6807125807 -0.0192877203 -0.4258913398 0.4356969893 -0.7929594517 -0.5313738585 0.5888960361 0.6089690328
-214.3 194.6 2322.1 -0.5688470602 0.6807125807 0.4615662992 0.8209108710 0.4356969893 0.3691523671 0.0501836240 0.5888960361 -0.8066492677
-530.9 -137.8 2343.8 0.6373202205 -0.0324654281 -0.7699148655 0.0550326779 0.9984785914 0.0034515578 0.7686314583 -0.0445702262 0.6381372809
-518.2 -528.2 2361.3 0.6337177157 -0.1460881680 -0.7596447468 0.0809189230 0.9891372919 -0.1227172390 0.7693204880 0.0162984524 0.6386551261
-380.3 -122.3 2442.6 -0.7894383669 -0.2088915408 -0.5771926641 -0.3407223821 0.9312751889 0.1289756894 0.5105832815 0.2984808087 -0.8063584566
-298.8 -485.4 2326.2 -0.8533412218 -0.0635157153 -0.5174692869 -0.0268759746 0.9965906739 -0.0780042335 0.5206595659 -0.0526567400 -0.8521389961
-663.5 -145.4 2289.1 0 0 0 0 0 0 0 0 0
-359.9 404.7 2334.9 0 0 0 0 0 0 0 0 0
-483.1 -765.4 2357.3 0 0 0 0 0 0 0 0 0
-280.7 -769.2 2341.2 0 0 0 0 0 0 0 0 0
-427.3 500.2 2361.0 7 0.8161678910 0.1148419827 -0.5662872791 -0.1468570828 0.9890957475 -0.0110726897 0.5588406920 0.0922004655 0.8241335750
-455.1 261.1 2338.7 0.8161678910 0.1148419827 -0.5662872791 -0.1468570828 0.9890957475 -0.0110726897 0.5588406920 0.0922004655 0.8241335750
-456.6 66.2 2354.3 0.8275651932 0.0071172095 -0.5613244772 0.0387294702 0.9968132377 0.0697380751 0.5600320101 -0.0794526041 0.8246523142
-572.8 255.6 2259.2 0.6748439074 -0.4656161964 -0.5725271106 0.6604769826 0.0350220948 0.7500290871 -0.3291746080 -0.8842934966 0.3311632276
-731.3 100.4 2336.5 -0.2380035669 -0.4656161964 -0.8523824811 0.9574485421 0.0350220948 -0.2864711881 0.1632378548 -0.8842934966 0.4374681711
-337.3 266.7 2418.3 0.7189106941 0.6928557158 0.0558423288 -0.3888666034 0.4674748480 -0.7938828468 -0.5761511922 0.5490156412 0.6055011153
-215.7 200.9 2320.9 -0.5816577077 0.6928557158 0.4261751175 0.8123294711 0.4674748480 0.3486948609 0.0423690751 0.5490156412 -0.8347374797
-535.4 -135.3 2324.8 0.5977891088 -0.0329714715 -0.8009750247 0.1065647900 0.9935549498 0.0386332944 0.7945389152 -0.1084503010 0.5974499583
-522.5 -523.3 2367.2 0.6039753556 -0.1660883725 -0.7795052528 0.0721029937 0.9854215384 -0.1540959775 0.7937347889 0.0368655138 0.6071457863
-380.9 -127.5 2417.7 -0.8209001422 -0.2188271433 -0.5274823904 -0.3102347851 0.9463708997 0.0902023464 0.4794552326 0.2376904935 -0.8447638154
-295.6 -496.7 2325.0 -0.8747624755 -0.0494468994 -0.4820224345 -0.0157011542 0.9971497655 -0.0737957060 0.4842975140 -0.0569854043 -0.8730455637
-670.5 -144.5 2294.8 0 0 0 0 0 0 0 0 0
-364.6 408.9 2331.7 0 0 0 0 0 0 0 0 0
-481.6 -766.4 2358.1 0 0 0 0 0 0 0 0 0
-282.2 -766.8 2340.5 0 0 0 0 0 0 0 0 0
-427.0 497.8 2357.2 8 0.8199002743 0.1225512847 -0.5592358112 -0.1370334029 0.9904349446 0.0161387064 0.5558645129 0.0634018555 0.8288515210
-456.3 261.4 2342.0 0.8199002743 0.1225512847 -0.5592358112 -0.1370334029 0.9904349446 0.0161387064 0.5558645129 0.0634018555 0.8288515210
-457.4 66.2 2355.8 0.8309574127 0.0056760581 -0.5563070774 0.0343886353 0.9975118041 0.0615441203 0.5552721620 -0.0702711865 0.8286946416
-574.6 256.5 2263.0 0.6719816923 -0.4636653662 -0.5774556994 0.6642720699 0.0326706842 0.7467765808 -0.3273885548 -0.8854078650 0.3299540579
-729.7 103.2 2338.6 -0.1981457919 -0.4636653662 -0.8635697365 0.9701858163 0.0326706842 -0.2401502579 0.1395627707 -0.8854078650 0.4433679879
-338.0 266.3 2421.0 0.7067992687 0.6988967061 0.1094449833 -0.3637840152 0.4917787015 -0.7910846472 -0.6067091823 0.5193237066 0.6018362641
-215.2 203.1 2315.6 -0.6038155556 0.6988967061 0.3833407462 0.7948707342 0.4917787015 0.3554352522 0.0598937161 0.5193237066 -0.8524761796
-532.7 -132.2 2319.4 0.6020671725 -0.0289341211 -0.7979210019 0.1153481305 0.9920117855 0.0510631166 0.7900695801 -0.1227821261 0.6005952358
-521.4 -520.2 2367.4 0.6116873026 -0.1544470340 -0.7758767605 0.0601122975 0.9869961143 -0.1490812600 0.7888125181 0.0445513725 0.6130171418
-383.2 -125.3 2420.0 -0.8175204992 -0.2164481878 -0.5336763263 -0.3159955740 0.9433187246 0.1014720500 0.4814634025 0.2515948415 -0.8395791054
-298.6 -494.0 2321.7 -0.8749899268 -0.0588421822 -0.4805520177 -0.0195180308 0.9960669875 -0.0864270031 0.4837475419 -0.0662433282 -0.8726970553
-679.1 -144.9 2302.9 0 0 0 0 0 0 0 0 0
-369.7 406.6 2331.0 0 0 0 0 0 0 0 0 0
-482.7 -767.4 2356.2 0 0 0 0 0 0 0 0 0
-282.4 -767.6 2339.9 0 0 0 0 0 0 0 0 0
-427.8 499.6 2361.7 9 0.8372282982 0.1059613377 -0.5364895463 -0.1329445541 0.9910541177 -0.0117271915 0.5304475427 0.0811416954 0.8438254595
-453.3 260.9 2342.2 0.8372282982 0.1059613377 -0.5364895463 -0.1329445541 0.9910541177 -0.0117271915 0.5304475427 0.0811416954 0.8438254595
-456.2 65.7 2356.3 0.8468650579 0.0147467982 -0.5316033959 0.0257960949 0.9972996712 0.0687595084 0.5311818719 -0.0719433203 0.8441978097
-573.9 257.2 2266.6 0.6618514061 -0.4612070322 -0.5909659863 0.6807560325 0.0396930762 0.7314339876 -0.3138852417 -0.8864042759 0.3402403593
-729.0 97.7 2340.1 -0.1816410273 -0.4612070322 -0.8685013652 0.9736182690 0.0396930762 -0.2247040123 0.1381085664 -0.8864042759 0.4418297112
-332.7 264.6 2417.8 0.6910945773 0.7055825591 0.1566573679 -0.3532253504 0.5188188553 -0.7784978151 -0.6305713058 0.4826802313 0.6077825427
-213.4 203.6 2308.9 -0.6266182065 0.7055825591 0.3309121728 0.7748842239 0.5188188553 0.3610837162 0.0830909163 0.4826802313 -0.8718461394
-533.7 -132.1 2319.4 0.6256022453 -0.0372972265 -0.7792501450 0.1133670807 0.9926002026 0.0435052402 0.7718612552 -0.1155582890 0.6252011657
-519.1 -520.6 2364.6 0.6329374909 -0.1478589922 -0.7599525452 0.0687307343 0.9884490371 -0.1350726783 0.7711460590 0.0332604647 0.6357889175
-383.5 -125.9 2419.5 -0.8038136363 -0.2192563564 -0.5530011654 -0.3199657500 0.9430305362 0.0911885872 0.5015032887 0.2502400875 -0.8281753063
-297.7 -494.9 2321.6 -0.8626546264 -0.0563459843 -0.5026450753 -0.0152033465 0.9962151051 -0.0855822265 0.5055648088 -0.0661860183 -0.8602462411
-682.6 -151.4 2304.8 0 0 0 0 0 0 0 0 0
-373.7 401.8 2330.2 0 0 0 0 0 0 0 0 0
-482.2 -767.3 2356.3 0 0 0 0 0 0 0 0 0
-282.3 -766.3 2339.6 0 0 0 0 0 0 0 0 0
-426.5 497.2 2356.5 0 0.8351073861 0.0872527882 -0.5431230664 -0.1098608226 0.9939039350 -0.0092514744 0.5390049219 0.0673939213 0.8396021724
-447.6 256.9 2340.2 0.8351073861 0.0872527882 -0.5431230664 -0.1098608226 0.9939039350 -0.0092514744 0.5390049219 0.0673939213 0.8396021724
-454.1 61.9 2356.0 0.8426985145 0.0335495844 -0.5373393893 0.0151951788 0.9961768389 0.0860280842 0.5381712317 -0.0806607082 0.8389669657
-567.6 254.7 2263.5 0.6742046475 -0.4577390552 -0.5795886517 0.6616669893 0.0257368051 0.7493559718 -0.3280927539 -0.8887140155 0.3202227056
-728.7 96.6 2341.9 -0.1788460761 -0.4577390552 -0.8709127903 0.9764831066 0.0257368051 -0.2140523344 0.1203946248 -0.8887140155 0.4423715174
-327.5 259.1 2416.9 0.6612111330 0.7272183299 0.1842642426 -0.3351368010 0.5060828924 -0.7947096229 -0.6711804271 0.4637171328 0.5783452988
-215.9 202.5 2303.6 -0.6172125340 0.7272183299 0.3003367186 0.7777205110 0.5060828924 0.3728685081 0.1191615388 0.4637171328 -0.8779333234
-535.6 -131.9 2322.4 0.6212148070 -0.0433051623 -0.7824428678 0.1037783474 0.9942238331 0.0273676515 0.7767381668 -0.0982018188 0.6221207380
-518.7 -521.1 2360.9 0.6250392199 -0.1465210766 -0.7667186856 0.0792833790 0.9890622497 -0.1243784130 0.7765565515 0.0169533435 0.6298193932
-382.6 -127.3 2418.3 -0.8099147677 -0.2163281441 -0.5451973677 -0.3178326786 0.9430733919 0.0979536474 0.4929710031 0.2526156604 -0.8325652480
-297.9 -496.5 2319.4 -0.8690536618 -0.0466494486 -0.4925135672 -0.0036403004 0.9961203337 -0.0879262090 0.4947044849 -0.0746196955 -0.8658518195
-682.9 -153.3 2311.1 0 0 0 0 0 0 0 0 0
-373.8 401.5 2334.1 0 0 0 0 0 0 0 0 0
-482.2 -767.1 2356.7 0 0 0 0 0 0 0 0 0
-285.2 -767.4 2339.7 0 0 0 0 0 0 0 0 0
-429.3 499.0 2353.9 1 0.8437841535 0.0784435570 -0.5309188962 -0.0909985527 0.9958478808 0.0025139577 0.5289116502 0.0461916104 0.8474189043
-448.7 253.3 2342.5 0.8437841535 0.0784435570 -0.5309188962 -0.0909985527 0.9958478808 0.0025139577 0.5289116502 0.0461916104 0.8474189043
-458.4 58.2 2356.2 0.8492953181 0.0494859219 -0.5255935788 -0.0051763365 0.9963296652 0.0854425505 0.5278926492 -0.0698453113 0.8464342952
-569.6 254.0 2267.3 0.6806843281 -0.4531068802 -0.5756413937 0.6543716788 0.0228070039 0.7558290362 -0.3293426931 -0.8911644220 0.3120246530
-728.6 101.2 2344.2 -0.1712254137 -0.4531068802 -0.8748577237 0.9788326621 0.0228070039 -0.2033873945 0.1121091098 -0.8911644220 0.4396106601
-327.7 252.6 2417.7 0.6557001472 0.7254747152 0.2091502100 -0.2887994647 0.4969399869 -0.8183187246 -0.6976045966 0.4761692286 0.5353603363
-215.1 203.0 2297.9 -0.6237081289 0.7254747152 0.2909890711 0.7672113776 0.4969399869 0.4055087268 0.1495822221 0.4761692286 -0.8665379882
-536.9 -134.5 2323.2 0.6315860152 -0.0531984419 -0.7734785080 0.1008852869 0.9948001504 0.0139576178 0.7687140703 -0.0868480355 0.6336687803
-516.0 -524.1 2357.2 0.6336134076 -0.1395593882 -0.7609581351 0.0869544968 0.9902091026 -0.1092010587 0.7687476873 0.0030225271 0.6395450830
-384.6 -131.8 2420.4 -0.8063907027 -0.2160334587 -0.5505120754 -0.3224171698 0.9409753680 0.1030168831 0.4957632124 0.2605664134 -0.8284467459
-300.0 -500.3 2318.3 -0.8674514890 -0.0515941679 -0.4948393703 -0.0072139036 0.9958081841 -0.0911814719 0.4974695146 -0.0755257756 -0.8641874194
-684.8 -149.4 2315.5 0 0 0 0 0 0 0 0 0
-374.7 399.3 2336.2 0 0 0 0 0 0 0 0 0
-481.9 -766.4 2356.4 0 0 0 0 0 0 0 0 0
-286.2 -766.0 2338.5 0 0 0 0 0 0 0 0 0
-430.7 497.4 2355.1 2 0.8283052444 0.0784943849 -0.5547513962 -0.0926072225 0.9956992865 0.0026133452 0.5525707006 0.0492093340 0.8320120573
-449.8 254.7 2343.1 0.8283052444 0.0784943849 -0.5547513962 -0.0926072225 0.9956992865 0.0026133452 0.5525707006 0.0492093340 0.8320120573
-455.8 59.4 2354.6 0.8337407112 0.0306819454 -0.5513030887 0.0066424450 0.9978253245 0.0655779019 0.5521162748 -0.0583369657 0.8317238092
-568.5 253.8 2264.4 0.6776536703 -0.4765071571 -0.5601128936 0.6467473507 0.0236635525 0.7623371482 -0.3500048220 -0.8788520694 0.3242154121
-730.2 99.5 2347.9 -0.1705283076 -0.4765071571 -0.8624737859 0.9781653285 0.0236635525 -0.2064766884 0.1187968105 -0.8788520694 0.4620674551
-331.1 255.6 2421.7 0.6345466971 0.7436990142 0.2103859484 -0.2997510433 0.4877085686 -0.8199326992 -0.7123901844 0.4572222233 0.5323984027
-218.1 202.3 2294.9 -0.6065459847 0.7436990142 0.2810938358 0.7798444033 0.4877085686 0.3924067616 0.1547406465 0.4572222233 -0.8757871985
-544.8 -136.4 2322.2 0.6058940887 -0.0686320364 -0.7925793529 0.1220973134 0.9924905896 0.0073953364 0.7861199975 -0.1012526006 0.6097239256
-517.9 -525.0 2361.8 0.6140675545 -0.1450795680 -0.7758046985 0.0718818158 0.9891552925 -0.1280811131 0.7859733105 0.0228842068 0.6178367734
-391.3 -137.3 2417.6 -0.8188515902 -0.2256610394 -0.5277870297 -0.3222638667 0.9416275620 0.0973832682 0.4750032127 0.2498291433 -0.8437756300
-303.0 -506.1 2319.7 -0.8792842031 -0.0603135824 -0.4724633396 -0.0191025957 0.9956175089 -0.0915471017 0.4759142995 -0.0714706481 -0.8765828609
-686.5 -150.9 2317.5 0 0 0 0 0 0 0 0 0
-373.3 401.8 2334.5 0 0 0 0 0 0 0 0 0
-482.6 -765.7 2356.3 0 0 0 0 0 0 0 0 0
-287.2 -766.6 2338.4 0 0 0 0 0 0 0 0 0
-432.2 499.1 2353.7 3 0.8694072366 0.1083555818 -0.4820685387 -0.1157748103 0.9931705594 0.0144380005 0.4803407192 0.0432588942 0.8760145307
-458.4 259.7 2343.2 0.8694072366 0.1083555818 -0.4820685387 -0.1157748103 0.9931705594 0.0144380005 0.4803407192 0.0432588942 0.8760145307
-456.7 64.2 2351.6 0.8766291142 -0.0092156809 -0.4810784459 0.0293433629 0.9989795685 0.0343332142 0.4802711606 -0.0442139544 0.8760049939
-582.8 255.3 2275.0 0.6579048634 -0.4663766623 -0.5913155079 0.6766579151 0.0213907529 0.7359867692 -0.3305983543 -0.8843275905 0.3296505511
-730.2 103.7 2349.1 -0.1743440032 -0.4663766623 -0.8672352433 0.9778757691 0.0213907529 -0.2080899328 0.1155991033 -0.8843275905 0.4523290992
-334.0 264.0 2411.5 0.6596413851 0.7356253266 0.1540409625 -0.3532475531 0.4843610525 -0.8003814816 -0.6633923650 0.4735502005 0.5793624520
-215.5 200.6 2292.3 -0.6101291776 0.7356253266 0.2942750156 0.7774738073 0.4843610525 0.4011594355 0.1525676996 0.4735502005 -0.8674522042
-537.1 -136.5 2316.2 0.6662760973 -0.0472500212 -0.7442066669 0.1230766848 0.9912715554 0.0472522601 0.7354782820 -0.1230775416 0.6662759185
-518.6 -524.6 2364.4 0.6750130653 -0.1436637193 -0.7236836553 0.0698095709 0.9888951778 -0.1311981827 0.7344956994 0.0380404443 0.6775462627
-386.5 -135.4 2415.9 -0.7756760120 -0.2070556432 -0.5962002277 -0.3089771867 0.9482901692 0.0726557225 0.5503270030 0.2405695617 -0.7995414138
-305.4 -506.7 2321.7 -0.8304085135 -0.0687279925 -0.5528997779 -0.0239497311 0.9958485961 -0.0878181159 0.5566400290 -0.0596831068 -0.8286071420
-685.5 -146.7 2319.5 0 0 0 0 0 0 0 0 0
-371.7 399.6 2331.4 0 0 0 0 0 0 0 0 0
-483.5 -766.4 2355.1 0 0 0 0 0 0 0 0 0
-287.4 -767.1 2337.3 0 0 0 0 0 0 0 0 0
-432.5 501.3 2360.0 4 0.9075696468 0.1527356356 -0.3911382556 -0.1793375760 0.9832615256 -0.0321683548 0.3796779513 0.0993408114 0.9197695851
-471.6 249.6 2334.5 0.9075696468 0.1527356356 -0.3911382556 -0.1793375760 0.9832615256 -0.0321683548 0.3796779513 0.0993408114 0.9197695851
-463.4 54.3 2342.6 0.9206595421 -0.0425817259 -0.3880370855 0.0561183505 0.9981448054 0.0236141514 0.3863116801 -0.0435165949 0.9213411808
-601.8 241.5 2279.9 0.6150707603 -0.5039525628 -0.6063989997 0.7086327076 0.0160907581 0.7053940296 -0.3457277417 -0.8635814190 0.3670142293
-732.2 91.3 2353.2 -0.1917354614 -0.5039525628 -0.8421812654 0.9727967978 0.0160907581 -0.2311006188 0.1300150901 -0.8635814190 0.4871582687
