-147.2 457.4 2677.9 90 0.9435753226 -0.1233043298 -0.3073461354 0.1104179993 0.9921299815 -0.0590416640 0.3122074008 0.0217737146 0.9497644305
-115.4 201.6 2672.3 0.9435753226 -0.1233043298 -0.3073461354 0.1104179993 0.9921299815 -0.0590416640 0.3122074008 0.0217737146 0.9497644305
-121.6 9.1 2696.8 0.9482061863 0.0321311355 -0.3160262704 0.0096658804 0.9914919138 0.1298088580 0.3175083995 -0.1261402369 0.9398282170
-244.9 200.3 2629.0 0.5110108256 -0.7917127013 -0.3347521424 -0.0259960163 0.3750269711 -0.9266493320 0.8591811061 0.4822300375 0.1710614562
-358.3 206.0 2438.4 -0.5518697500 -0.7917127013 -0.2619748712 -0.7775904536 0.3750269711 0.5046859384 -0.3013186157 0.4822300375 -0.8225942254
14.1 202.9 2715.7 0.1556896418 0.7060222626 0.6908642054 -0.9856107235 0.1576323211 0.0610213280 -0.0658201128 -0.6904234886 0.7204048038
53.7 -47.2 2699.0 -0.2176810354 0.7060222626 0.6739047170 -0.8794114590 0.1576323211 -0.4492076337 -0.4233797491 -0.6904234886 0.5865705013
-214.5 -186.5 2689.9 0.9623603821 0.0343023911 0.2696031928 -0.0086611370 0.9953699112 -0.0957274660 -0.2716386020 0.0897892490 0.9582016468
-227.9 -572.8 2655.0 0.9568321109 -0.1047237590 0.2711185813 0.0801793039 0.9917408824 0.1001063809 -0.2793628871 -0.0740468949 0.9573261738
-45.0 -186.5 2747.8 0.9981057048 0.0570063032 0.0231350120 -0.0525853001 0.9856917858 -0.1601450741 -0.0319332704 0.1586251557 0.9868223667
-67.1 -569.1 2686.2 0.9948831201 -0.0972250551 0.0274751578 0.0992045105 0.9915640354 -0.0834216550 -0.0191327035 0.0857204497 0.9961355329
-221.1 399.3 2513.3 0 0 0 0 0 0 0 0 0
-3.4 -277.9 2587.9 0 0 0 0 0 0 0 0 0
-201.0 -827.4 2674.0 0 0 0 0 0 0 0 0 0
-40.1 -845.0 2662.4 0 0 0 0 0 0 0 0 0
-148.0 448.9 2676.5 91 0.9424599409 -0.1251979619 -0.3099915087 0.1131835803 0.9919651747 -0.0565209873 0.3145771027 0.0181828160 0.9490577579
-117.0 203.4 2672.0 0.9424599409 -0.1251979619 -0.3099915087 0.1131835803 0.9919651747 -0.0565209873 0.3145771027 0.0181828160 0.9490577579
-123.0 10.9 2696.1 0.9473372102 0.0310083348 -0.3187329769 0.0104629677 0.9917725921 0.1275838315 0.3200668097 -0.1241998002 0.9392186403
-246.5 202.0 2628.2 0.5001424551 -0.7941146493 -0.3453105986 -0.0228417143 0.3865311146 -0.9219934940 0.8656418324 0.4690155685 0.1751816720
-357.2 207.0 2436.6 -0.5582306385 -0.7941146493 -0.2403340638 -0.7690396309 0.3865311146 0.5090891123 -0.3113785386 0.4690155685 -0.8264791369
12.4 204.8 2715.7 0.1660085022 0.7054720521 0.6890212893 -0.9830937386 0.1731343120 0.0595924854 -0.0772523955 -0.6872653365 0.7222869396
54.1 -42.3 2696.3 -0.2113966495 0.7020871043 0.6799890995 -0.8845141530 0.1585944593 -0.4387282729 -0.4158679545 -0.6942057014 0.5874796510
-212.8 -184.2 2692.8 0.9628977776 0.0325179994 0.2679000497 -0.0128075443 0.9971016049 -0.0749958530 -0.2695622742 0.0687822029 0.9605233669
-225.4 -571.1 2666.1 0.9581444263 -0.0955589935 0.2698661089 0.0859916359 0.9951826930 0.0470835380 -0.2730653286 -0.0219066031 0.9617460370
-42.9 -182.4 2749.7 0.9974170327 0.0689219609 0.0202236902 -0.0645028576 0.9833372235 -0.1699627191 -0.0316008702 0.1682192236 0.9852429628
-69.7 -564.1 2684.4 0.9942605495 -0.1035684124 0.0268250164 0.1052890792 0.9917135835 -0.0736092925 -0.0189791378 0.0760111958 0.9969263077
-217.9 398.9 2514.3 0 0 0 0 0 0 0 0 0
-1.3 -274.3 2587.2 0 0 0 0 0 0 0 0 0
-201.2 -822.8 2671.7 0 0 0 0 0 0 0 0 0
-40.4 -844.6 2662.9 0 0 0 0 0 0 0 0 0
-148.2 451.9 2675.2 92 0.9444735050 -0.1227778271 -0.3047875464 0.1109888628 0.9922550917 -0.0557794422 0.3092754483 0.0188541804 0.9507855773
-117.4 202.8 2670.5 0.9444735050 -0.1227778271 -0.3047875464 0.1109888628 0.9922550917 -0.0557794422 0.3092754483 0.0188541804 0.9507855773
-124.4 10.3 2694.4 0.9491248131 0.0359713286 -0.3128389120 0.0046817889 0.9917324781 0.1282370538 0.3148653805 -0.1231776103 0.9411094785
-247.1 202.1 2627.5 0.4979417622 -0.7956339121 -0.3449937701 -0.0203309115 0.3870005310 -0.9218553305 0.8669720888 0.4660443068 0.1765277684
-357.0 206.6 2436.1 -0.5526667833 -0.7956339121 -0.2480446249 -0.7787404656 0.3870005310 0.4937548935 -0.2968547046 0.4660443068 -0.8334746361
12.3 203.4 2713.5 0.1691622287 0.7018299699 0.6919673681 -0.9825766087 0.1749344915 0.0627783760 -0.0769892186 -0.6905307174 0.7191939950
54.2 -40.2 2694.4 -0.2042760104 0.6982266903 0.6861128211 -0.8903773427 0.1587509811 -0.4266454577 -0.4068163335 -0.6980527043 0.5892562270
-213.9 -182.5 2691.5 0.9616904259 0.0258134156 0.2729196846 -0.0063042264 0.9973760247 -0.0721200034 -0.2740652263 0.0676365718 0.9593297243
-224.0 -569.7 2665.2 0.9574596882 -0.0904616192 0.2740211487 0.0793885514 0.9955250621 0.0512568802 -0.2774317265 -0.0273222569 0.9603567719
-44.2 -180.7 2748.8 0.9974206686 0.0670524389 0.0256110243 -0.0621840544 0.9854413271 -0.1582358181 -0.0358482599 0.1562350839 0.9870691299
-70.2 -563.2 2688.2 0.9941052794 -0.1041908115 0.0299824700 0.1065564007 0.9899643660 -0.0928238481 -0.0200101864 0.0954715014 0.9952310324
-218.7 401.5 2510.4 0 0 0 0 0 0 0 0 0
0.6 -273.7 2587.7 0 0 0 0 0 0 0 0 0
-200.3 -829.6 2672.4 0 0 0 0 0 0 0 0 0
-40.6 -844.3 2661.1 0 0 0 0 0 0 0 0 0
-147.5 447.0 2676.6 93 0.9444122910 -0.1197801754 -0.3061668873 0.1058212519 0.9924594760 -0.0618554093 0.3112672567 0.0260180440 0.9499661922
-118.0 203.1 2670.2 0.9444122910 -0.1197801754 -0.3061668873 0.1058212519 0.9924594760 -0.0618554093 0.3112672567 0.0260180440 0.9499661922
-125.5 10.6 2694.5 0.9486238360 0.0384039246 -0.3140667379 0.0031471788 0.9914123416 0.1307353079 0.3163903952 -0.1250070482 0.9403564930
-247.6 202.7 2627.0 0.4948312044 -0.7943940759 -0.3522500992 -0.0182450823 0.3957692981 -0.9181687236 0.8687975407 0.4607653618 0.1813452244
-357.0 206.7 2435.0 -0.5539470911 -0.7943940759 -0.2491599023 -0.7832302451 0.3957692981 0.4794966578 -0.2822994590 0.4607653618 -0.8414286971
11.6 203.5 2713.4 0.1737941802 0.7021245956 0.6905190945 -0.9816931486 0.1790151447 0.0650548637 -0.0779367536 -0.6891840100 0.7203826904
54.7 -40.0 2694.1 -0.2049124241 0.6981486082 0.6860024929 -0.8885774612 0.1611952633 -0.4294719398 -0.4104155898 -0.6975705028 0.5873282552
-216.4 -182.7 2690.1 0.9621881843 0.0279906932 0.2709436119 -0.0063673849 0.9967455864 -0.0803598091 -0.2723111808 0.0755960569 0.9592350125
-227.2 -569.6 2660.7 0.9567736983 -0.1028256342 0.2720496655 0.0862882957 0.9936577678 0.0721012577 -0.2777381241 -0.0455098860 0.9595782161
-46.3 -181.8 2746.5 0.9979667068 0.0591312312 0.0237904284 -0.0547691099 0.9864829183 -0.1544403136 -0.0326010957 0.1528233141 0.9877156615
-69.3 -564.8 2687.2 0.9941051006 -0.1048493534 0.0275986772 0.1069296226 0.9902091622 -0.0897322074 -0.0179200992 0.0921543613 0.9955834746
-218.6 402.5 2505.5 0 0 0 0 0 0 0 0 0
0.9 -273.1 2586.4 0 0 0 0 0 0 0 0 0
-200.4 -828.7 2672.6 0 0 0 0 0 0 0 0 0
-39.4 -846.6 2661.0 0 0 0 0 0 0 0 0 0
-148.1 439.6 2675.8 94 0.9432388544 -0.1229517311 -0.3085179925 0.1092450619 0.9921176434 -0.0613850430 0.3136335313 0.0241966918 0.9492357373
-118.9 204.1 2670.0 0.9432388544 -0.1229517311 -0.3085179925 0.1092450619 0.9921176434 -0.0613850430 0.3136335313 0.0241966918 0.9492357373
-126.1 11.5 2693.4 0.9478265643 0.0369643457 -0.3166361153 0.0033837939 0.9920321107 0.1259397417 0.3187684715 -0.1204404607 0.9401493073
-248.4 203.6 2626.5 0.5027018189 -0.7790421247 -0.3746789098 -0.0085908109 0.4289019406 -0.9033101797 0.8644171953 0.4573144913 0.2089171708
-360.3 205.5 2434.2 -0.5808425546 -0.7790421247 -0.2360408753 -0.7683247328 0.4289019406 0.4751002192 -0.2688846886 0.4573144913 -0.8476818204
10.6 204.5 2713.6 0.1785601974 0.6940749884 0.6974067688 -0.9817672968 0.1726404279 0.0795506462 -0.0651864856 -0.6988956928 0.7122467756
54.8 -38.9 2697.4 -0.2037022859 0.6940749884 0.6904819608 -0.8840470314 0.1726404279 -0.4343456030 -0.4206735194 -0.6988956928 0.5784276724
-217.9 -182.1 2690.4 0.9629251957 0.0219103489 0.2688772976 -0.0012621036 0.9970512390 -0.0767280459 -0.2697655857 0.0735440180 0.9601134658
-226.4 -569.2 2661.8 0.9580854177 -0.0979728773 0.2692092657 0.0823214874 0.9942244887 0.0688535571 -0.2744002044 -0.0438058823 0.9606173038
-48.0 -181.5 2747.1 0.9980976582 0.0580599383 0.0207403488 -0.0535934120 0.9833474755 -0.1736534685 -0.0304772798 0.1722115725 0.9845883846
-70.5 -563.2 2680.2 0.9933702946 -0.1117885113 0.0268108137 0.1133791581 0.9912323952 -0.0678489655 -0.0189910121 0.0704389289 0.9973353148
-214.2 398.7 2501.8 0 0 0 0 0 0 0 0 0
1.4 -270.8 2587.1 0 0 0 0 0 0 0 0 0
-201.3 -824.8 2673.1 0 0 0 0 0 0 0 0 0
-38.4 -847.9 2660.0 0 0 0 0 0 0 0 0 0
-146.6 442.0 2675.9 95 0.9443307519 -0.1171153784 -0.3074466884 0.1033746973 0.9927907586 -0.0606647022 0.3123349845 0.0255053341 0.9496296048
-118.7 204.7 2669.8 0.9443307519 -0.1171153784 -0.3074466884 0.1033746973 0.9927907586 -0.0606647022 0.3123349845 0.0255053341 0.9496296048
-126.0 12.0 2692.6 0.9484015703 0.0379577614 -0.3147914410 0.0012850414 0.9923402071 0.1235286146 0.3170690536 -0.1175592542 0.9410881996
-248.2 204.5 2626.5 0.4989975095 -0.7703494430 -0.3969422877 0.0052992417 0.4607476294 -0.8875153661 0.8665872216 0.4407644868 0.2339941859
-359.9 203.3 2432.6 -0.5951498151 -0.7703494430 -0.2288195342 -0.7676473856 0.4607476294 0.4454537928 -0.2377270460 0.4407644868 -0.8655706644
10.9 204.8 2713.1 0.1796191335 0.6836906075 0.7073217630 -0.9812412262 0.1756943613 0.0793544352 -0.0700185671 -0.7083069086 0.7024235129
55.1 -36.5 2695.9 -0.2107300460 0.6836906075 0.6986844540 -0.8817104101 0.1756943613 -0.4378564060 -0.4221132398 -0.7083069086 0.5657930374
-218.2 -181.4 2688.2 0.9625327587 0.0181692373 0.2705561221 0.0030081626 0.9969758391 -0.0776539370 -0.2711488307 0.0755583271 0.9595672488
-225.3 -568.4 2658.9 0.9580937028 -0.0952473283 0.2701562047 0.0775245354 0.9941233993 0.0755556375 -0.2757650614 -0.0514456518 0.9598473907
-48.4 -180.8 2745.4 0.9985257387 0.0491792560 0.0229739528 -0.0447497256 0.9853808284 -0.1643838286 -0.0307223685 0.1631134003 0.9861288667
-67.5 -563.3 2682.0 0.9943680167 -0.1024324670 0.0271998234 0.1042558625 0.9915416837 -0.0773035064 -0.0190513693 0.0797038823 0.9966365099
-211.6 394.6 2491.8 0 0 0 0 0 0 0 0 0
-0.2 -267.8 2585.1 0 0 0 0 0 0 0 0 0
-200.5 -827.3 2672.3 0 0 0 0 0 0 0 0 0
-38.8 -841.1 2659.7 0 0 0 0 0 0 0 0 0
-145.7 440.0 2675.9 96 0.9442204833 -0.1139389947 -0.3089750111 0.1000458971 0.9931419492 -0.0604974814 0.3137490749 0.0262112785 0.9491440654
-118.8 205.7 2669.7 0.9442204833 -0.1139389947 -0.3089750111 0.1000458971 0.9931419492 -0.0604974814 0.3137490749 0.0262112785 0.9491440654
-125.7 13.0 2692.0 0.9480608106 0.0353384241 -0.3161200881 0.0030172851 0.9927659035 0.1200282872 0.3180748522 -0.1147479340 0.9410958290
-248.4 205.3 2626.3 0.4973983169 -0.7701964378 -0.3992397487 0.0116285756 0.4660848677 -0.8846635818 0.8674443364 0.4353875816 0.2407861203
-359.5 202.7 2432.4 -0.5983296633 -0.7701964378 -0.2209051549 -0.7644243836 0.4660848677 0.4454439282 -0.2401187718 0.4353875816 -0.8676292896
10.7 206.1 2713.2 0.1779782772 0.6792342067 0.7120144963 -0.9811867476 0.1775019467 0.0759317875 -0.0748084858 -0.7121334076 0.6980471015
54.9 -37.3 2694.6 -0.2193228155 0.6792342067 0.7003844976 -0.8768818378 0.1775019467 -0.4467340410 -0.4277566373 -0.7121334076 0.5566779375
-218.4 -180.7 2687.0 0.9628575444 0.0151966922 0.2695819736 0.0098479278 0.9957741499 -0.0913066417 -0.2698303163 0.0905701071 0.9586389661
-224.3 -567.3 2651.9 0.9594910741 -0.0881244093 0.2676023245 0.0637815595 0.9931057096 0.0983512253 -0.2744245529 -0.0772990286 0.9584967494
-48.4 -180.5 2743.8 0.9985256195 0.0492312461 0.0228660293 -0.0450374745 0.9865239859 -0.1572959423 -0.0303017627 0.1560342014 0.9872867465
-67.5 -563.5 2683.3 0.9945733547 -0.1006905586 0.0261779856 0.1026521996 0.9906836748 -0.0894892588 -0.0169233792 0.0916908532 0.9956436753
-210.8 392.8 2492.1 0 0 0 0 0 0 0 0 0
-2.7 -267.3 2582.4 0 0 0 0 0 0 0 0 0
-201.2 -826.8 2672.1 0 0 0 0 0 0 0 0 0
-39.4 -840.4 2657.6 0 0 0 0 0 0 0 0 0
-144.6 440.0 2675.4 97 0.9445119500 -0.1082823798 -0.3101163208 0.0942157879 0.9937402606 -0.0600310750 0.3146753907 0.0274822135 0.9488013983
-119.1 205.9 2669.0 0.9445119500 -0.1082823798 -0.3101163208 0.0942157879 0.9937402606 -0.0600310750 0.3146753907 0.0274822135 0.9488013983
-125.6 13.3 2692.0 0.9478263855 0.0337745212 -0.3169927299 0.0058646225 0.9923561215 0.1232677996 0.3187330067 -0.1186955124 0.9403832555
-248.6 205.1 2625.4 0.4900009930 -0.7833761573 -0.3823882341 0.0082783625 0.4428204894 -0.8965720534 0.8716825843 0.4361556768 0.2234675586
-358.2 203.3 2430.4 -0.5840763450 -0.7833761573 -0.2125477493 -0.7644329667 0.4428204894 0.4685639739 -0.2729413509 0.4361556768 -0.8574795723
10.4 206.7 2712.5 0.1808180362 0.6793932319 0.7111467123 -0.9810226560 0.1760483235 0.0812498182 -0.0699956194 -0.7123425007 0.6983328462
55.1 -35.3 2695.3 -0.2186246961 0.6793932319 0.7004485130 -0.8781362772 0.1760483235 -0.4448411465 -0.4255348444 -0.7123425007 0.5581113100
-217.5 -180.0 2685.8 0.9629710913 0.0159659795 0.2691316009 0.0061809756 0.9966751933 -0.0812427700 -0.2695339024 0.0798979327 0.9596706629
-223.7 -566.9 2654.8 0.9596505761 -0.0851033628 0.2680078149 0.0639504269 0.9941792488 0.0867061764 -0.2738267779 -0.0660684183 0.9595071077
-47.6 -179.5 2742.8 0.9983802438 0.0524622649 0.0220132042 -0.0482399799 0.9857212901 -0.1613271683 -0.0301624723 0.1600039452 0.9866554141
-68.0 -562.1 2680.7 0.9944193959 -0.1020122096 0.0268997550 0.1036114022 0.9923647046 -0.0669103563 -0.0198686942 0.0693240762 0.9973962903
-213.6 392.5 2498.0 0 0 0 0 0 0 0 0 0
-2.3 -265.7 2583.6 0 0 0 0 0 0 0 0 0
-201.4 -827.1 2672.1 0 0 0 0 0 0 0 0 0
-38.9 -844.7 2660.9 0 0 0 0 0 0 0 0 0
-146.9 451.2 2674.7 98 0.9444293380 -0.1135432720 -0.3084819615 0.1004126370 0.9932441115 -0.0581672452 0.3130023777 0.0239593685 0.9494500756
-118.8 205.6 2668.8 0.9444293380 -0.1135432720 -0.3084819615 0.1004126370 0.9932441115 -0.0581672452 0.3130023777 0.0239593685 0.9494500756
-125.2 12.8 2690.7 0.9483190179 0.0326250419 -0.3156368136 0.0049321176 0.9930648804 0.1174641326 0.3172801137 -0.1129502282 0.9415814281
-248.4 204.9 2625.4 0.4972904921 -0.7838914394 -0.3717747033 0.0094730407 0.4333976805 -0.9011529684 0.8675323725 0.4446129799 0.2229503840
-360.4 202.8 2430.0 -0.5825420022 -0.7838914394 -0.2148466557 -0.7611508965 0.4333976805 0.4825098515 -0.2851212919 0.4446129799 -0.8491320014
10.8 206.3 2712.1 0.1820686162 0.6759444475 0.7141079307 -0.9805658460 0.1787950099 0.0807647929 -0.0730864182 -0.7149345875 0.6953609586
55.4 -34.3 2694.2 -0.2160090357 0.6759444475 0.7045844197 -0.8794451952 0.1787950099 -0.4411445558 -0.4241653979 -0.7149345875 0.5558347106
-217.1 -179.9 2686.5 0.9625278711 0.0147628002 0.2707806230 0.0078466861 0.9965828657 -0.0822252706 -0.2710691988 0.0812688395 0.9591229558
-222.8 -566.8 2654.9 0.9590731263 -0.0867162123 0.2695533931 0.0669410229 0.9944041967 0.0817264020 -0.2751320302 -0.0603374168 0.9595112205
-47.2 -178.8 2743.6 0.9982571602 0.0540589131 0.0236703269 -0.0493351519 0.9845620394 -0.1679395288 -0.0323835351 0.1664790511 0.9855130911
-68.2 -561.1 2679.0 0.9942551255 -0.1028438807 0.0296635926 0.1043544710 0.9930236936 -0.0549005717 -0.0238104630 0.0576807037 0.9980511069
-215.1 392.6 2501.2 0 0 0 0 0 0 0 0 0
-1.3 -265.0 2582.9 0 0 0 0 0 0 0 0 0
-199.9 -829.2 2670.9 0 0 0 0 0 0 0 0 0
-38.6 -846.8 2662.4 0 0 0 0 0 0 0 0 0
-145.7 449.8 2674.8 99 0.9434760809 -0.1104955822 -0.3124797642 0.0958904922 0.9934729934 -0.0617767759 0.3172662556 0.0283210725 0.9479135275
-118.5 205.5 2667.9 0.9434760809 -0.1104955822 -0.3124797642 0.0958904922 0.9934729934 -0.0617767759 0.3172662556 0.0283210725 0.9479135275
-124.9 12.8 2690.1 0.9470047951 0.0328020081 -0.3195401728 0.0056721778 0.9929096103 0.1187362671 0.3211693168 -0.1142563000 0.9401041269
-247.9 204.8 2624.0 0.4986364543 -0.7923800349 -0.3514192998 0.0382669643 0.4251439273 -0.9043164849 0.8659661412 0.4374774098 0.2423142344
-360.6 196.1 2428.3 -0.5746868849 -0.7923800349 -0.2046187818 -0.7607855797 0.4251439273 0.4903651476 -0.3015631139 0.4374774098 -0.8471559286
10.9 206.3 2711.8 0.1804136932 0.6580549479 0.7310366035 -0.9802097678 0.1818599105 0.0782032534 -0.0814842135 -0.7306782007 0.6778419614
55.2 -34.5 2691.7 -0.2173002064 0.6580549479 0.7209329009 -0.8832397461 0.1818599105 -0.4322205186 -0.4155336618 -0.7306782007 0.5417020917
-216.4 -180.4 2684.2 0.9636446834 0.0103113689 0.2669879496 0.0087613631 0.9974982142 -0.0701470375 -0.2670432925 0.0699359998 0.9611434937
-220.5 -567.6 2657.1 0.9606144428 -0.0806205571 0.2659327388 0.0654950291 0.9957153797 0.0652783811 -0.2700560987 -0.0452900827 0.9617788196
-46.5 -179.5 2741.1 0.9981825948 0.0569460057 0.0197156239 -0.0529096983 0.9847702384 -0.1656144559 -0.0288464408 0.1642703116 0.9859935045
-68.6 -561.8 2677.3 0.9949122667 -0.0972972736 0.0261313207 0.0985370874 0.9938097596 -0.0513091758 -0.0209773183 0.0536230318 0.9983409047
-219.4 383.0 2502.4 0 0 0 0 0 0 0 0 0
-1.8 -266.2 2582.7 0 0 0 0 0 0 0 0 0
-199.8 -823.2 2668.7 0 0 0 0 0 0 0 0 0
-41.1 -842.8 2662.1 0 0 0 0 0 0 0 0 0
-149.0 441.0 2674.4 00 0.9394060373 -0.1313048303 -0.3166628182 0.1129065305 0.9907061458 -0.0758517310 0.3236795068 0.0355022736 0.9455004930
-117.7 205.1 2665.9 0.9394060373 -0.1313048303 -0.3166628182 0.1129065305 0.9907061458 -0.0758517310 0.3236795068 0.0355022736 0.9455004930
-124.2 12.4 2688.8 0.9446237683 0.0337349437 -0.3264167905 0.0068533299 0.9924568534 0.1224026978 0.3280838132 -0.1178615317 0.9372671247
-246.8 204.1 2621.1 0.5059796572 -0.7902001143 -0.3457866609 0.0526191145 0.4284223616 -0.9020451903 0.8609389067 0.4382215142 0.2583526373
-361.4 192.2 2426.1 -0.5788322687 -0.7902001143 -0.2013381124 -0.7566572428 0.4284223616 0.4938867390 -0.3040115833 0.4382215142 -0.8458952904
11.4 206.0 2710.8 0.1687298417 0.6638419032 0.7285905480 -0.9820343852 0.1765843928 0.0665317103 -0.0844911858 -0.7267268300 0.6817106009
53.1 -36.9 2689.9 -0.2156632543 0.6631917357 0.7167050242 -0.8869801164 0.1738985926 -0.4278149307 -0.4083572924 -0.7279670238 0.5507343411
-216.1 -180.5 2683.5 0.9655205011 0.0131687419 0.2599936426 0.0026302407 0.9981752634 -0.0603255667 -0.2603136599 0.0589294210 0.9637240767
-221.2 -567.9 2660.6 0.9623587132 -0.0797057971 0.2598321140 0.0685077831 0.9963003993 0.0518867783 -0.2630065382 -0.0321331657 0.9642587900
-46.4 -179.4 2741.0 0.9980840683 0.0607159808 0.0119062150 -0.0577879548 0.9835321903 -0.1712453514 -0.0221074745 0.1702292264 0.9851564765
-70.0 -561.3 2674.9 0.9942283630 -0.1055050045 0.0194604062 0.1063032225 0.9932703376 -0.0459747314 -0.0144788800 0.0477780849 0.9987530112
-220.7 376.1 2500.0 0 0 0 0 0 0 0 0 0
-3.5 -269.6 2582.7 0 0 0 0 0 0 0 0 0
-200.6 -825.2 2668.9 0 0 0 0 0 0 0 0 0
-40.2 -841.7 2661.4 0 0 0 0 0 0 0 0 0
-147.5 438.1 2674.2 01 0.9301382899 -0.1331699789 -0.3422112465 0.1118791252 0.9903892279 -0.0813154504 0.3497511148 0.0373483151 0.9360978603
-116.2 205.0 2665.4 0.9301382899 -0.1331699789 -0.3422112465 0.1118791252 0.9903892279 -0.0813154504 0.3497511148 0.0373483151 0.9360978603
-122.7 12.5 2689.6 0.9351139069 0.0335302539 -0.3527572751 0.0129044307 0.9916301966 0.1284643263 0.3541122079 -0.1246809065 0.9268544912
-243.9 203.2 2617.0 0.5320206285 -0.7793007493 -0.3311260045 0.0657719523 0.4279171824 -0.9014216065 0.8441730142 0.4577960670 0.2789168954
-362.5 188.6 2428.8 -0.5837241411 -0.7793007493 -0.2279397398 -0.7614345551 0.4279171824 0.4869336188 -0.2819283903 0.4577960670 -0.8431720734
11.5 206.8 2713.8 0.1618255973 0.6803782582 0.7147712111 -0.9809767604 0.1896147430 0.0416040793 -0.1072246432 -0.7079065442 0.6981197596
51.8 -37.3 2687.1 -0.2160992771 0.6741545200 0.7062696218 -0.8892380595 0.1628112048 -0.4274905920 -0.4031833112 -0.7204222083 0.5643004775
-215.4 -180.9 2682.3 0.9722169638 0.0194197018 0.2332745790 -0.0065936227 0.9984292984 -0.0556372926 -0.2339886278 0.0525533967 0.9708179235
-223.0 -568.5 2661.9 0.9687585235 -0.0820790380 0.2340298295 0.0727138966 0.9961785674 0.0483834483 -0.2371067703 -0.0298546590 0.9710247517
-46.2 -179.6 2741.1 0.9979526997 0.0622763298 -0.0145644369 -0.0637986213 0.9853329062 -0.1582681239 0.0044944608 0.1588732898 0.9872887731
-70.3 -562.1 2679.4 0.9943402410 -0.1058850586 -0.0087052705 0.1050887480 0.9922783971 -0.0658779293 0.0156135401 0.0645902529 0.9977897406
-221.8 372.2 2496.8 0 0 0 0 0 0 0 0 0
-4.9 -270.6 2581.3 0 0 0 0 0 0 0 0 0
-201.8 -824.8 2669.6 0 0 0 0 0 0 0 0 0
-40.4 -842.7 2661.2 0 0 0 0 0 0 0 0 0
-149.8 436.4 2683.1 02 0.9267014265 -0.1426105648 -0.3476876915 0.1067549437 0.9869818687 -0.1202921122 0.3603163958 0.0743574873 0.9298618436
-115.9 201.8 2665.4 0.9267014265 -0.1426105648 -0.3476876915 0.1067549437 0.9869818687 -0.1202921122 0.3603163958 0.0743574873 0.9298618436
-121.6 9.3 2689.5 0.9317935109 0.0292996410 -0.3618043959 0.0178285427 0.9918398857 0.1262369156 0.3625507355 -0.1240771785 0.9236676097
-243.2 199.4 2615.9 0.5325886011 -0.7672004700 -0.3574252427 0.0575421304 0.4541462958 -0.8890669346 0.8444159031 0.4529399276 0.2860195041
-363.1 186.4 2425.7 -0.6037387848 -0.7672004700 -0.2165708244 -0.7497482300 0.4541462958 0.4812782407 -0.2708820701 0.4529399276 -0.8493928909
11.4 204.3 2714.9 0.1611829698 0.6856170893 0.7098938227 -0.9803537130 0.1940928400 0.0351361930 -0.1136953309 -0.7016104460 0.7034317255
51.1 -37.2 2686.9 -0.2184810936 0.6782257557 0.7016236782 -0.8865891695 0.1624369025 -0.4330980480 -0.4077078402 -0.7166756988 0.5658181906
-213.0 -181.1 2682.1 0.9739828706 0.0284368414 0.2248302996 -0.0169413835 0.9984563589 -0.0528946891 -0.2259874046 0.0477095880 0.9729611874
-224.0 -568.7 2663.6 0.9704657197 -0.0829017609 0.2265470028 0.0740722418 0.9961344600 0.0472163744 -0.2295856029 -0.0290410295 0.9728550911
-45.5 -178.8 2745.5 0.9978716969 0.0610302612 -0.0229635425 -0.0639839768 0.9843227863 -0.1643616408 0.0125725027 0.1654811352 0.9861328006
-69.2 -560.9 2681.3 0.9947037101 -0.1013087183 -0.0173498504 0.0997520834 0.9922069311 -0.0746658072 0.0247789398 0.0725396723 0.9970576763
-218.1 366.5 2490.8 0 0 0 0 0 0 0 0 0
-6.2 -269.8 2580.0 0 0 0 0 0 0 0 0 0
-202.8 -824.1 2671.0 0 0 0 0 0 0 0 0 0
-40.1 -846.4 2660.4 0 0 0 0 0 0 0 0 0
-148.2 434.7 2689.0 03 0.9303267598 -0.1353839785 -0.3408274353 0.0914685503 0.9856532812 -0.1418489814 0.3551417589 0.1007909179 0.9293629527
-115.8 198.9 2664.9 0.9303267598 -0.1353839785 -0.3408274353 0.0914685503 0.9856532812 -0.1418489814 0.3551417589 0.1007909179 0.9293629527
-122.5 6.3 2688.2 0.9344567060 0.0342618674 -0.3544245362 0.0106893284 0.9922122359 0.1240990832 0.3559162319 -0.1197537854 0.9268131852
-243.4 197.4 2616.3 0.5282089114 -0.7724025249 -0.3526892960 0.0530004241 0.4445427358 -0.8941882849 0.8474587202 0.4536255300 0.2757490873
-363.2 185.4 2424.1 -0.5967155099 -0.7724025249 -0.2175430506 -0.7525510192 0.4445427358 0.4858484268 -0.2785633504 0.4536255300 -0.8465378284
11.9 200.3 2713.5 0.1560914963 0.6819481254 0.7145503163 -0.9809432030 0.1917616427 0.0312719606 -0.1156974882 -0.7058145404 0.6988847256
50.3 -41.1 2685.1 -0.2074584216 0.6777961850 0.7053745985 -0.8871901035 0.1734211296 -0.4275731444 -0.4121342897 -0.7145050168 0.5653563738
-210.7 -184.8 2681.1 0.9722641706 0.0322911181 0.2316454500 -0.0203398354 0.9983446598 -0.0537976064 -0.2329991907 0.0475938581 0.9713115692
-223.3 -572.4 2662.6 0.9685785174 -0.0847097561 0.2338374704 0.0715071633 0.9953596592 0.0643882081 -0.2382066846 -0.0456439778 0.9701413512
-43.8 -181.6 2746.1 0.9979965687 0.0610742755 -0.0165168438 -0.0629559532 0.9845399857 -0.1634549946 0.0062785977 0.1641673595 0.9864125252
-67.5 -563.9 2682.3 0.9957412481 -0.0915130749 -0.0111686289 0.0903792083 0.9928775430 -0.0776255950 0.0181928370 0.0762855932 0.9969200492
-220.0 366.0 2491.0 0 0 0 0 0 0 0 0 0
-4.2 -273.8 2576.9 0 0 0 0 0 0 0 0 0
-201.3 -831.0 2674.5 0 0 0 0 0 0 0 0 0
-41.5 -846.2 2660.6 0 0 0 0 0 0 0 0 0
-150.5 437.7 2681.5 04 0.9276166558 -0.1461183578 -0.3437684178 0.1120283529 0.9867772460 -0.1171337888 0.3563382626 0.0701434463 0.9317204356
-115.4 200.3 2664.6 0.9276166558 -0.1461183578 -0.3437684178 0.1120283529 0.9867772460 -0.1171337888 0.3563382626 0.0701434463 0.9317204356
-120.4 8.1 2691.2 0.9328874946 0.0257633533 -0.3592452705 0.0254472643 0.9902308583 0.1370960325 0.3592678010 -0.1370369941 0.9231183529
-242.8 196.8 2615.6 0.5101163387 -0.7767206430 -0.3694406152 -0.0189768095 0.4192611575 -0.9076673388 0.8598960638 0.4700267315 0.1991322786
-355.7 201.0 2425.2 -0.5920746326 -0.7767206430 -0.2148316950 -0.7405629158 0.4192611575 0.5251539946 -0.3178273439 0.4700267315 -0.8234443665
12.1 203.8 2713.7 0.1492386013 0.6830018163 0.7150079608 -0.9822325110 0.1856104881 0.0277125705 -0.1137852445 -0.7064398527 0.6985668540
49.8 -44.4 2684.9 -0.1994927824 0.6802115440 0.7053473592 -0.8914669156 0.1728472412 -0.4188204706 -0.4068038762 -0.7123454809 0.5719043016
-212.8 -187.3 2679.5 0.9734250307 0.0263293497 0.2274873853 -0.0119042164 0.9978433847 -0.0645517260 -0.2286963910 0.0601282082 0.9716390967
-223.0 -574.6 2656.2 0.9698176980 -0.0841526687 0.2288491279 0.0655980706 0.9940003157 0.0875231922 -0.2348414063 -0.0698694810 0.9695193768
-45.4 -185.4 2743.3 0.9983133674 0.0545353331 -0.0199089367 -0.0570610687 0.9849175215 -0.1633447856 0.0107005993 0.1642052978 0.9863681197
-66.6 -567.7 2679.5 0.9959025383 -0.0892813131 -0.0143854683 0.0881790668 0.9940100908 -0.0645631254 0.0200635809 0.0630300865 0.9978099465
-209.4 384.0 2503.7 0 0 0 0 0 0 0 0 0
-2.6 -278.2 2578.2 0 0 0 0 0 0 0 0 0
-201.5 -828.5 2674.0 0 0 0 0 0 0 0 0 0
-41.6 -845.5 2661.9 0 0 0 0 0 0 0 0 0
-156.8 436.3 2687.7 05 0.9209964275 -0.1768247485 -0.3471291065 0.1280646622 0.9789547920 -0.1588928699 0.3679198921 0.1018847972 0.9242588878
-114.2 200.1 2663.1 0.9209964275 -0.1768247485 -0.3471291065 0.1280646622 0.9789547920 -0.1588928699 0.3679198921 0.1018847972 0.9242588878
-118.4 7.8 2689.2 0.9287431240 0.0218914207 -0.3700769246 0.0295812860 0.9906958938 0.1328403801 0.3695417643 -0.1343219429 0.9194544554
-241.0 196.1 2612.7 0.4899078608 -0.7887128592 -0.3713788986 -0.0891360193 0.3784520626 -0.9213190675 0.8672053218 0.4844647050 0.1151039153
-346.3 215.2 2426.3 -0.5794162154 -0.7887128592 -0.2054478824 -0.7209820747 0.3784520626 0.5804815888 -0.3800811172 0.4844647050 -0.7879291177
12.7 204.1 2713.6 0.1491921693 0.6900150180 0.7082520723 -0.9817260504 0.1889377832 0.0227262676 -0.1181341112 -0.6987000704 0.7055937648
50.0 -41.3 2684.1 -0.1981578171 0.6864162087 0.6996901631 -0.8904728889 0.1722524166 -0.4211736023 -0.4096236825 -0.7065139413 0.5771018267
-209.0 -186.4 2685.7 0.9756108522 0.0346141383 0.2167609930 -0.0174121354 0.9965804815 -0.0807723925 -0.2188156396 0.0750281513 0.9728774428
-222.4 -573.2 2656.5 0.9726473689 -0.0760076046 0.2194993794 0.0583434179 0.9945962429 0.0858740881 -0.2248403430 -0.0707188621 0.9718259573
-41.8 -181.8 2750.0 0.9978137016 0.0585192479 -0.0307142474 -0.0631581023 0.9812030792 -0.1823502332 0.0194659159 0.1838914007 0.9827538133
-64.6 -562.6 2678.6 0.9966310263 -0.0785561427 -0.0235692989 0.0768871754 0.9949259758 -0.0648894757 0.0285471734 0.0628586933 0.9976140857
-200.4 396.8 2522.0 0 0 0 0 0 0 0 0 0
-2.0 -274.9 2576.6 0 0 0 0 0 0 0 0 0
-203.2 -824.1 2674.4 0 0 0 0 0 0 0 0 0
-42.3 -844.9 2660.8 0 0 0 0 0 0 0 0 0
-146.8 440.5 2681.4 06 0.9211213589 -0.1356671453 -0.3648696244 0.0969198942 0.9877149463 -0.1225793436 0.3770171702 0.0775473267 0.9229542017
-113.8 200.3 2662.5 0.9211213589 -0.1356671453 -0.3648696244 0.0969198942 0.9877149463 -0.1225793436 0.3770171702 0.0775473267 0.9229542017
-117.8 7.8 2687.2 0.9250454307 0.0205733664 -0.3792989850 0.0294348914 0.9916474819 0.1255741268 0.3787143528 -0.1273263991 0.9167133570
-240.2 196.3 2610.8 0.5015395880 -0.7811450362 -0.3718473911 -0.0876207575 0.3817398548 -0.9201072454 0.8606861234 0.4940517545 0.1230131239
-348.6 215.2 2424.8 -0.5832512379 -0.7811450362 -0.2227789611 -0.7285207510 0.3817398548 0.5687988997 -0.3592708409 0.4940517545 -0.7917305827
12.5 204.3 2714.2 0.1509377211 0.6971119642 0.7008942366 -0.9815533161 0.1898542196 0.0225480273 -0.1173492298 -0.6913684011 0.7129087448
50.1 -40.1 2685.0 -0.1896079928 0.6950440407 0.6935146451 -0.8880010247 0.1799790263 -0.4231568277 -0.4189307094 -0.6960756183 0.5830743909
-205.9 -187.1 2682.2 0.9775254726 0.0346265845 0.2079543322 -0.0193897411 0.9970049858 -0.0748669729 -0.2099238932 0.0691521913 0.9752691388
-219.3 -574.2 2655.4 0.9753106236 -0.0657716319 0.2108156681 0.0485624298 0.9951282740 0.0857989043 -0.2154317647 -0.0734428614 0.9737532139
-39.5 -181.8 2748.4 0.9967970252 0.0692966282 -0.0399214998 -0.0757162198 0.9784389734 -0.1921567023 0.0257449392 0.1945639253 0.9805518985
-66.4 -561.6 2672.9 0.9957306385 -0.0875748396 -0.0291737597 0.0862303823 0.9952794313 -0.0445332192 0.0329360329 0.0418274291 0.9985818267
-200.4 400.3 2516.1 0 0 0 0 0 0 0 0 0
0.4 -273.1 2575.1 0 0 0 0 0 0 0 0 0
-202.5 -827.7 2674.1 0 0 0 0 0 0 0 0 0
-41.2 -847.4 2660.9 0 0 0 0 0 0 0 0 0
-143.5 439.0 2671.2 07 0.9210687876 -0.1219241768 -0.3698198795 0.0982440785 0.9917549491 -0.0822815225 0.3768028021 0.0394543298 0.9254528880
-114.2 200.5 2661.7 0.9210687876 -0.1219241768 -0.3698198795 0.0982440785 0.9917549491 -0.0822815225 0.3768028021 0.0394543298 0.9254528880
-118.0 7.9 2685.1 0.9246957302 0.0197196603 -0.3801959455 0.0278295595 0.9924845695 0.1191631258 0.3796884716 -0.1207703128 0.9171974659
-240.5 196.7 2609.8 0.5074350834 -0.7725339532 -0.3817079663 -0.0793167651 0.3992197514 -0.9134179950 0.8580317497 0.4937761724 0.1413032264
-350.9 214.0 2423.2 -0.5945884585 -0.7725339532 -0.2228361070 -0.7277156711 0.3992197514 0.5577216744 -0.3418983221 0.4937761724 -0.7995564938
12.2 204.3 2713.5 0.1506518722 0.6984167099 0.6996557117 -0.9816780090 0.1892144680 0.0224983152 -0.1166717857 -0.6902260184 0.7141258121
50.0 -42.1 2684.3 -0.1851606816 0.6964926720 0.6932629347 -0.8902885318 0.1797851324 -0.4184061289 -0.4160551727 -0.6946763992 0.5867902637
-204.7 -187.3 2678.0 0.9774978757 0.0385869704 0.2073858976 -0.0232249126 0.9968368411 -0.0760061741 -0.2096627504 0.0694793537 0.9753021002
-219.7 -574.3 2651.0 0.9751379490 -0.0679216385 0.2109327912 0.0482958965 0.9941271544 0.0968440324 -0.2162718177 -0.0842491016 0.9726914167
-38.9 -182.0 2745.9 0.9965856075 0.0723947883 -0.0397009887 -0.0785727724 0.9792824984 -0.1866336614 0.0253671780 0.1891158372 0.9816270471
-67.0 -562.2 2672.4 0.9950020909 -0.0955208391 -0.0290961415 0.0941043645 0.9944671988 -0.0466831811 0.0333943777 0.0437117890 0.9984859228
-199.9 398.7 2510.0 0 0 0 0 0 0 0 0 0
1.4 -275.6 2575.1 0 0 0 0 0 0 0 0 0
-202.7 -823.1 2672.1 0 0 0 0 0 0 0 0 0
-40.0 -844.1 2660.0 0 0 0 0 0 0 0 0 0
-139.4 442.9 2673.1 08 0.9215334654 -0.1027363315 -0.3744613826 0.0767678767 0.9935328960 -0.0836608410 0.3806346953 0.0483496599 0.9234606028
-114.3 200.6 2661.3 0.9215334654 -0.1027363315 -0.3744613826 0.0767678767 0.9935328960 -0.0836608410 0.3806346953 0.0483496599 0.9234606028
-118.1 7.8 2683.7 0.9236529469 0.0197075829 -0.3827229440 0.0260540005 0.9931370020 0.1140176803 0.3823433518 -0.1152842268 0.9168004990
-240.5 197.1 2609.0 0.4991077781 -0.7672047019 -0.4028503299 -0.1013179272 0.4100394249 -0.9064228535 0.8605963588 0.4932186604 0.1269222796
-348.4 219.0 2422.9 -0.6052178144 -0.7672047019 -0.2123872489 -0.7174221873 0.4100394249 0.5631812811 -0.3449881673 0.4932186604 -0.7985728383
11.9 204.2 2713.5 0.1602513045 0.7004033923 0.6955246925 -0.9808403254 0.1920714080 0.0325703323 -0.1107780337 -0.6874181032 0.7177636027
52.0 -41.4 2685.8 -0.1852868795 0.6983875036 0.6913202405 -0.8880522251 0.1822140515 -0.4220915735 -0.4207517505 -0.6921364665 0.5864427090
-204.7 -187.3 2674.5 0.9777953625 0.0396237820 0.2057817727 -0.0288299266 0.9980595708 -0.0551901497 -0.2075693160 0.0480320007 0.9770404100
-220.0 -574.7 2655.9 0.9750852585 -0.0738080591 0.2091914713 0.0591662079 0.9953954220 0.0754146650 -0.2137944400 -0.0611586608 0.9749623537
-39.0 -182.3 2742.6 0.9963334799 0.0750908852 -0.0410000272 -0.0811435059 0.9812810421 -0.1746518016 0.0271177907 0.1773383170 0.9837762713
-68.1 -563.2 2673.7 0.9948802590 -0.0960803404 -0.0313337594 0.0944057629 0.9942193031 -0.0511427596 0.0360664427 0.0479228348 0.9981997013
-194.4 401.5 2510.7 0 0 0 0 0 0 0 0 0
3.4 -274.3 2575.4 0 0 0 0 0 0 0 0 0
-201.7 -821.9 2671.1 0 0 0 0 0 0 0 0 0
-41.0 -844.2 2660.2 0 0 0 0 0 0 0 0 0
-139.2 444.2 2674.0 09 0.9242542386 -0.0974706709 -0.3691253662 0.0698516592 0.9937127829 -0.0874964446 0.3753329217 0.0550849438 0.9252517819
-115.3 201.2 2660.5 0.9242542386 -0.0974706709 -0.3691253662 0.0698516592 0.9937127829 -0.0874964446 0.3753329217 0.0550849438 0.9252517819
-119.9 8.5 2683.6 0.9259937406 0.0233529080 -0.3768158853 0.0232325345 0.9926688671 0.1186120063 0.3768233061 -0.1185883582 0.9186626077
-241.8 198.0 2609.1 0.5034748912 -0.7700452209 -0.3918460906 -0.0769555271 0.4117513597 -0.9080411196 0.8605759144 0.4873306155 0.1480472237
-351.6 214.8 2421.4 -0.5967097878 -0.7700452209 -0.2257604003 -0.7351222634 0.4117513597 0.5385685563 -0.3217650056 0.4873306155 -0.8117734790
11.2 204.3 2712.0 0.1677060723 0.6958665252 0.6983154416 -0.9799848795 0.1947424114 0.0412917882 -0.1072580591 -0.6912634969 0.7145981789
53.1 -40.5 2685.2 -0.1854443252 0.6937400103 0.6959419847 -0.8883788586 0.1843394935 -0.4204782844 -0.4199922085 -0.6962354183 0.5821192265
-204.7 -187.3 2671.8 0.9761131406 0.0509915911 0.2111941874 -0.0402171127 0.9976758361 -0.0550044887 -0.2135080993 0.0451969840 0.9758952260
-224.5 -574.5 2654.2 0.9720237255 -0.0917034298 0.2162415087 0.0749033988 0.9935902357 0.0846634507 -0.2226193845 -0.0660976544 0.9726621509
-39.2 -182.6 2740.3 0.9961305857 0.0805248022 -0.0352077074 -0.0851997584 0.9830904603 -0.1620931476 0.0215598401 0.1644656360 0.9861471653
-70.5 -564.2 2676.4 0.9943453670 -0.1027943715 -0.0266580954 0.1010813415 0.9931175709 -0.0591614619 0.0325560868 0.0561322868 0.9978924394
-201.2 400.1 2502.5 0 0 0 0 0 0 0 0 0
4.4 -273.6 2575.0 0 0 0 0 0 0 0 0 0
-201.2 -827.4 2671.1 0 0 0 0 0 0 0 0 0
-41.4 -845.1 2660.6 0 0 0 0 0 0 0 0 0
-136.7 445.0 2674.5 10 0.9231452346 -0.0778888166 -0.3764786422 0.0500950813 0.9952833056 -0.0830761641 0.3811736107 0.0578316413 0.9226928949
-117.6 201.1 2660.3 0.9231452346 -0.0778888166 -0.3764786422 0.0500950813 0.9952833056 -0.0830761641 0.3811736107 0.0578316413 0.9226928949
-118.7 8.0 2680.0 0.9237482548 0.0057346271 -0.3829573393 0.0334640592 0.9948554635 0.0956176817 0.3815355301 -0.1011419669 0.9188041091
-243.8 196.5 2608.2 0.4971738160 -0.7688965797 -0.4020151794 -0.0787966251 0.4214104712 -0.9034402370 0.8640655279 0.4808442891 0.1489277929
-353.4 213.9 2417.8 -0.5989148617 -0.7688965797 -0.2238280922 -0.7379866838 0.4214104712 0.5270567536 -0.3109286726 0.4808442891 -0.8198244572
8.6 205.7 2712.5 0.1783200800 0.6982036233 0.6933351755 -0.9779655933 0.2034994513 0.0465962887 -0.1085596234 -0.6863669753 0.7191072106
53.4 -40.5 2685.1 -0.1874818653 0.6941338181 0.6950027347 -0.8875451684 0.1834361553 -0.4226283431 -0.4208492637 -0.6960815191 0.5816841722
-207.4 -186.3 2672.8 0.9771015644 0.0434051417 0.2082991600 -0.0321859308 0.9978579283 -0.0569529049 -0.2103250176 0.0489444695 0.9764055610
-224.2 -573.7 2653.8 0.9730609059 -0.0895595029 0.2124420106 0.0712325126 0.9931687713 0.0924211442 -0.2192679644 -0.0747986212 0.9727932811
-41.4 -182.1 2740.4 0.9969388247 0.0696413815 -0.0355392247 -0.0745691806 0.9835640192 -0.1644424051 0.0235031042 0.1665891409 0.9857462645
-68.5 -563.9 2675.7 0.9950035214 -0.0959059671 -0.0277497564 0.0942304954 0.9939495921 -0.0564338528 0.0329942033 0.0535370074 0.9980206490
-204.9 396.8 2494.9 0 0 0 0 0 0 0 0 0
4.3 -273.4 2574.7 0 0 0 0 0 0 0 0 0
-201.2 -828.9 2673.1 0 0 0 0 0 0 0 0 0
-41.2 -846.4 2660.5 0 0 0 0 0 0 0 0 0
-137.1 444.7 2673.2 11 0.9232341647 -0.0722918510 -0.3773759604 0.0492858142 0.9963088632 -0.0702818185 0.3810638189 0.0462872982 0.9233893156
-119.4 200.7 2661.9 0.9232341647 -0.0722918510 -0.3773759604 0.0492858142 0.9963088632 -0.0702818185 0.3810638189 0.0462872982 0.9233893156
-118.3 7.3 2678.1 0.9237053990 -0.0056683994 -0.3830615878 0.0372395217 0.9964839816 0.0750528872 0.3812893033 -0.0835917816 0.9206687212
-245.6 195.6 2609.8 0.4887091815 -0.7733643651 -0.4038203657 -0.0643028691 0.4296715558 -0.9006927609 0.8700738549 0.4661436379 0.1602548957
-354.6 209.9 2415.7 -0.5957992077 -0.7733643651 -0.2166352421 -0.7438597679 0.4296715558 0.5119130611 -0.3028133214 0.4661436379 -0.8312726617
6.8 205.8 2714.0 0.1879588962 0.6967376471 0.6922630072 -0.9753786325 0.2151959240 0.0482417531 -0.1153603345 -0.6842859983 0.7200310230
53.8 -38.3 2685.1 -0.1757774651 0.6913152933 0.7008462548 -0.8940941095 0.1858022213 -0.4075209200 -0.4119442403 -0.6982554793 0.5854410529
-202.6 -188.0 2665.4 0.9764162302 0.0457696803 0.2109893262 -0.0370450541 0.9982944131 -0.0451218374 -0.2126946747 0.0362415835 0.9764463902
-220.4 -575.5 2651.3 0.9736324549 -0.0752506182 0.2153536677 0.0552833490 0.9937192202 0.0972926393 -0.2213224024 -0.0828217939 0.9716773629
-37.1 -182.0 2733.8 0.9957951307 0.0866941959 -0.0295994990 -0.0900242627 0.9859105945 -0.1409820914 0.0169601310 0.1430539489 0.9895695448
-70.7 -564.6 2678.3 0.9943549633 -0.1035423949 -0.0231777243 0.1017479748 0.9924507141 -0.0684761107 0.0300929304 0.0657312721 0.9973834753
-206.9 394.4 2490.8 0 0 0 0 0 0 0 0 0
7.7 -272.8 2577.1 0 0 0 0 0 0 0 0 0
-201.1 -829.7 2672.5 0 0 0 0 0 0 0 0 0
-41.4 -845.7 2659.7 0 0 0 0 0 0 0 0 0
-139.4 439.8 2684.6 12 0.9234089851 -0.0802036449 -0.3753441274 0.0370609462 0.9919857979 -0.1207917258 0.3820239902 0.0976295546 0.9189810157
-120.2 202.6 2661.3 0.9234089851 -0.0802036449 -0.3753441274 0.0370609462 0.9919857979 -0.1207917258 0.3820239902 0.0976295546 0.9189810157
-117.6 9.3 2678.5 0.9229617119 -0.0135183297 -0.3846543431 0.0465485975 0.9959678650 0.0766889825 0.3820666671 -0.0886861160 0.9198694825
-246.3 196.2 2609.1 0.4812363982 -0.7577579618 -0.4406976104 -0.0688820183 0.4684968591 -0.8807757497 0.8738803267 0.4542174935 0.1732618362
-352.7 211.5 2415.8 -0.6207632422 -0.7577579618 -0.2011364251 -0.7321113944 0.4684968591 0.4944932461 -0.2804744244 0.4542174935 -0.8455888629
5.9 209.0 2713.5 0.1921202689 0.6965205073 0.6913385391 -0.9753599763 0.2133740485 0.0560753085 -0.1084560975 -0.6850771308 0.7203517556
54.3 -36.7 2686.1 -0.1645102501 0.6934749484 0.7014477253 -0.8936902285 0.1961640865 -0.4035312533 -0.4174376726 -0.6932619810 0.5874807835
-200.0 -189.4 2660.2 0.9761458635 0.0516710207 0.2108774930 -0.0474602692 0.9985606074 -0.0249837041 -0.2118648887 0.0143794371 0.9771931767
-220.0 -576.9 2654.6 0.9734518528 -0.0781083852 0.2151523530 0.0620269850 0.9948213696 0.0805178583 -0.2203272730 -0.0650350153 0.9732555151
-34.5 -182.7 2728.5 0.9961531758 0.0828872696 -0.0284356810 -0.0857675970 0.9887621403 -0.1224473864 0.0179667957 0.1244152114 0.9920675755
-66.6 -566.4 2680.2 0.9957350492 -0.0889873654 -0.0243499875 0.0869752616 0.9934605956 -0.0739682764 0.0307729952 0.0715349615 0.9969632626
-197.7 394.3 2485.8 0 0 0 0 0 0 0 0 0
11.1 -271.1 2576.6 0 0 0 0 0 0 0 0 0
-200.5 -825.4 2670.8 0 0 0 0 0 0 0 0 0
-41.6 -846.1 2660.1 0 0 0 0 0 0 0 0 0
-137.9 443.8 2679.3 13 0.9234040976 -0.0722520575 -0.3769674599 0.0371945426 0.9943448901 -0.0994724408 0.3820227683 0.0778321251 0.9208695889
-120.3 202.1 2660.4 0.9234040976 -0.0722520575 -0.3769674599 0.0371945426 0.9943448901 -0.0994724408 0.3820227683 0.0778321251 0.9208695889
-117.9 8.7 2675.8 0.9231948853 -0.0126063731 -0.3841253519 0.0421040431 0.9967636466 0.0684793741 0.3820189238 -0.0793930367 0.9207379222
-246.5 196.4 2608.2 0.4753829837 -0.7617074847 -0.4402416646 -0.0618856177 0.4702090621 -0.8803826571 0.8775996566 0.4457635581 0.1763906479
-351.9 210.1 2413.4 -0.6216589808 -0.7617074847 -0.1825974435 -0.7242699265 0.4702090621 0.5043178797 -0.2982836962 0.4457635581 -0.8439915180
5.8 207.9 2712.6 0.1992339492 0.6960259676 0.6898214817 -0.9735558629 0.2208809406 0.0583143719 -0.1117801070 -0.6831979752 0.7216271162
55.6 -35.3 2684.6 -0.1617367417 0.6917790771 0.7037634254 -0.8959893584 0.1959356964 -0.3985126019 -0.4135750532 -0.6950186491 0.5881366730
