194.4 501.4 2387.8 1 0.8795624971 -0.2578737736 0.3998385668 0.2800922096 0.9599684477 0.0029813992 -0.3846012652 0.1093693450 0.9165807366
248.6 299.4 2364.8 0.8795624971 -0.2578737736 0.3998385668 0.2800922096 0.9599684477 0.0029813992 -0.3846012652 0.1093693450 0.9165807366
243.1 100.8 2371.0 0.9169234037 0.0277907085 0.3980943859 -0.0380242132 0.9991176724 0.0178327132 -0.3972475529 -0.0314884596 0.9171711206
119.6 304.8 2420.7 0.5200780034 -0.7836552262 0.3397106826 0.7703266740 0.2585586607 -0.5828757882 0.3689385056 0.5648291111 0.7381411791
11.9 145.2 2344.3 -0.2591978312 -0.7940999866 -0.5497469306 -0.9657071233 0.2219503224 0.1347137094 0.0150403557 0.5658120513 -0.8243970275
377.6 294.1 2308.9 0.0672953501 0.3476152718 0.9352192283 -0.9875382185 0.1568614393 0.0127556231 -0.1422657669 -0.9244230986 0.3538394272
395.5 31.6 2271.1 -0.1598067135 0.3529677987 0.9218869209 -0.9531574249 0.1877833903 -0.2371250093 -0.2568125725 -0.9165976048 0.3064248562
157.9 -94.1 2414.7 0.7032456994 0.0961284861 0.7044180632 -0.0497247875 0.9950408340 -0.0861463249 -0.7092058659 0.0255549923 0.7045381665
119.7 -489.7 2404.5 0.6990035176 -0.1360180825 0.7020635009 -0.0162772890 0.9784640670 0.2057743967 -0.7149329185 -0.1552647203 0.6817358136
325.9 -98.7 2341.3 0.8731729388 0.0781668872 0.4811018407 -0.0114033809 0.9900626540 -0.1401636600 -0.4872771204 0.1169009283 0.8653873205
294.9 -492.3 2294.8 0.8763055801 -0.0486226045 0.4792957306 -0.0560937375 0.9778286219 0.2017539889 -0.4784788787 -0.2036836445 0.8541492224
82.4 407.9 2340.2 0 0 0 0 0 0 0 0 0
353.7 -217.6 2203.9 0 0 0 0 0 0 0 0 0
158.6 -769.9 2449.0 0 0 0 0 0 0 0 0 0
309.0 -776.9 2354.1 0 0 0 0 0 0 0 0 0
194.5 503.3 2386.3 2 0.8810663819 -0.2580510378 0.3963983655 0.2768756151 0.9608526826 0.0100989556 -0.3834864795 0.1008551940 0.9180230498
249.3 299.1 2364.9 0.8810663819 -0.2580510378 0.3963983655 0.2768756151 0.9608526826 0.0100989556 -0.3834864795 0.1008551940 0.9180230498
242.9 100.5 2370.0 0.9175567031 0.0321183540 0.3963055015 -0.0396843851 0.9991527796 0.0109045496 -0.3956195116 -0.0257326830 0.9180539250
120.2 304.7 2420.5 0.5373285413 -0.7743913531 0.3340599835 0.7594751716 0.2720691562 -0.5909109712 0.3667089641 0.5712236166 0.7343215346
8.0 146.2 2344.0 -0.2727527916 -0.7846963406 -0.5566484928 -0.9617483020 0.2376722842 0.1362061650 0.0254194383 0.5725063682 -0.8195061684
378.4 293.5 2309.2 0.0627290681 0.3501263261 0.9345996976 -0.9869202971 0.1611014307 0.0058878050 -0.1485038698 -0.9227447510 0.3556525111
395.2 30.0 2269.5 -0.1772455722 0.3535298109 0.9184773564 -0.9509055614 0.1790557057 -0.2524235845 -0.2536978722 -0.9181262255 0.3044366241
153.5 -94.3 2413.7 0.7049649358 0.0830615312 0.7043615580 -0.0432582423 0.9963051677 -0.0741935596 -0.7079216838 0.0218344163 0.7059533596
120.4 -490.4 2405.1 0.7023416162 -0.1304355711 0.6997877359 -0.0223829318 0.9785359502 0.2048569322 -0.7114880681 -0.1595428437 0.6843469739
321.7 -101.3 2340.9 0.8747335672 0.0669212714 0.4799612164 -0.0039873752 0.9913794398 -0.1309615821 -0.4845877886 0.1126427054 0.8674596548
295.1 -495.4 2296.1 0.8785605431 -0.0459213778 0.4754183590 -0.0575636066 0.9779321551 0.2008359581 -0.4741495848 -0.2038133442 0.8565292358
82.0 407.2 2337.1 0 0 0 0 0 0 0 0 0
348.8 -218.7 2203.2 0 0 0 0 0 0 0 0 0
157.6 -769.3 2450.5 0 0 0 0 0 0 0 0 0
308.3 -777.1 2354.8 0 0 0 0 0 0 0 0 0
196.7 504.6 2386.0 3 0.8900179863 -0.2280432880 0.3947965205 0.2484877706 0.9686347842 -0.0006786156 -0.3822588921 0.0987060815 0.9187683463
244.8 300.3 2365.2 0.8900179863 -0.2280432880 0.3947965205 0.2484877706 0.9686347842 -0.0006786156 -0.3822588921 0.0987060815 0.9187683463
240.0 101.6 2371.4 0.9193210006 0.0243473370 0.3927545249 -0.0346012749 0.9992196560 0.0190483872 -0.3919842839 -0.0311013907 0.9194460511
115.4 305.1 2420.4 0.5273186564 -0.7796276808 0.3378100991 0.7682432532 0.2676472366 -0.5815214515 0.3629563153 0.5661674738 0.7400791049
6.5 146.5 2345.4 -0.2757759094 -0.7842657566 -0.5557651520 -0.9601621628 0.2519018054 0.1209713072 0.0451245941 0.5669856071 -0.8224907517
374.2 295.4 2310.0 0.0777617842 0.3517260849 0.9328675270 -0.9858363271 0.1665880978 0.0193671845 -0.1485926807 -0.9211607575 0.3596985340
395.1 30.0 2270.0 -0.1913078576 0.3535853624 0.9156302214 -0.9478489161 0.1757269353 -0.2658992708 -0.2549189925 -0.9187477827 0.3015275598
152.3 -94.5 2411.4 0.7077178955 0.0784269497 0.7021286488 -0.0444315821 0.9967929721 -0.0665553361 -0.7050966024 0.0159057118 0.7089328170
121.2 -490.8 2405.1 0.7049247622 -0.1258393228 0.6980297565 -0.0211340338 0.9799721241 0.1980100870 -0.7089671493 -0.1543344110 0.6881471276
320.7 -101.8 2338.8 0.8756081462 0.0739000961 0.4773355126 -0.0138655063 0.9916651845 -0.1280931383 -0.4828231037 0.1055409014 0.8693347573
291.3 -496.0 2296.8 0.8779494762 -0.0568128899 0.4753704369 -0.0460415184 0.9783122540 0.2019538134 -0.4765342772 -0.1991920173 0.8562929630
80.9 405.4 2333.2 0 0 0 0 0 0 0 0 0
345.1 -217.9 2203.4 0 0 0 0 0 0 0 0 0
157.3 -772.5 2449.4 0 0 0 0 0 0 0 0 0
307.7 -778.8 2354.4 0 0 0 0 0 0 0 0 0
197.1 501.5 2384.4 4 0.8982101679 -0.2531338334 0.3593629897 0.2744638324 0.9615581632 -0.0086912075 -0.3433483541 0.1064386740 0.9331573844
251.0 296.6 2361.7 0.8982101679 -0.2531338334 0.3593629897 0.2744638324 0.9615581632 -0.0086912075 -0.3433483541 0.1064386740 0.9331573844
241.8 98.3 2370.3 0.9334005117 0.0461795405 0.3558524549 -0.0587329641 0.9979718328 0.0245480873 -0.3539971113 -0.0438134670 0.9342197180
119.8 304.8 2411.5 0.5523282290 -0.7745339274 0.3082706332 0.7636627555 0.3218140900 -0.5596917868 0.3342944682 0.5445483327 0.7692297101
5.4 146.7 2342.2 -0.2782582343 -0.7965898514 -0.5366721749 -0.9596974254 0.2535031438 0.1213136762 0.0394108482 0.5487993956 -0.8350245357
382.2 288.3 2312.0 0.0509380363 0.3909012973 0.9190220237 -0.9868479967 0.1610602140 -0.0138087533 -0.1534157395 -0.9062316418 0.3939642310
395.5 32.0 2272.1 -0.2104694992 0.3896215856 0.8966033459 -0.9445853829 0.1552871913 -0.2892133296 -0.2519147992 -0.9077889919 0.3353476524
150.8 -93.8 2413.6 0.7363234758 0.0738948733 0.6725825667 -0.0463197418 0.9971916676 -0.0588493384 -0.6750423908 0.0121782953 0.7376784086
121.4 -490.3 2408.7 0.7320005894 -0.1241803989 0.6698912978 -0.0076623862 0.9816860557 0.1903518289 -0.6812608838 -0.1444706172 0.7176432610
319.5 -100.2 2341.6 0.8954522610 0.0763543770 0.4385604560 -0.0188255738 0.9907941818 -0.1340615004 -0.4447593391 0.1117895246 0.8886463046
289.1 -494.1 2297.2 0.8963702321 -0.0634833425 0.4387371242 -0.0317620523 0.9779525995 0.2063975334 -0.4421668947 -0.1989437938 0.8745912313
80.1 404.2 2331.7 0 0 0 0 0 0 0 0 0
340.4 -215.0 2206.2 0 0 0 0 0 0 0 0 0
156.9 -771.1 2450.0 0 0 0 0 0 0 0 0 0
307.6 -778.2 2355.0 0 0 0 0 0 0 0 0 0
198.5 505.5 2384.6 5 0.8975680470 -0.1712758839 0.4062465131 0.1833873242 0.9829971194 0.0092581939 -0.4009248614 0.0661906004 0.9137166142
233.8 302.9 2371.0 0.8975680470 -0.1712758839 0.4062465131 0.1833873242 0.9829971194 0.0092581939 -0.4009248614 0.0661906004 0.9137166142
236.1 104.6 2373.1 0.9139842391 -0.0124442242 0.4055587947 0.0062116473 0.9998415709 0.0166804530 -0.4057021141 -0.0127264829 0.9139167666
105.7 302.0 2427.8 0.4982409179 -0.8222242594 0.2751421630 0.7631859779 0.2652987242 -0.5892060399 0.4114646614 0.5035511851 0.7596927285
4.7 147.3 2344.4 -0.2801966369 -0.8222242594 -0.4954160452 -0.9587612748 0.2652987242 0.1019479260 0.0476091877 0.5035511851 -0.8626525998
361.9 303.8 2314.1 0.1153571978 0.3321298361 0.9361530542 -0.9801102877 0.1912689805 0.0529151112 -0.1614823490 -0.9236373305 0.3475881219
394.9 23.9 2268.0 -0.2230048925 0.3255785108 0.9188402891 -0.9440039396 0.1629881710 -0.2868648171 -0.2431571037 -0.9313610792 0.2710002363
147.0 -94.7 2411.4 0.6971501708 0.0606689714 0.7143535018 -0.0270112362 0.9979282618 -0.0583918057 -0.7164161205 0.0214122850 0.6973446012
122.9 -491.4 2402.9 0.6979735494 -0.1176949218 0.7063857317 -0.0337310731 0.9799040556 0.1965967417 -0.7153286934 -0.1610464752 0.6799771786
318.1 -105.5 2346.5 0.8664695621 0.0724970624 0.4939378798 -0.0007436925 0.9895860553 -0.1439405680 -0.4992293119 0.1243527904 0.8575001359
289.3 -498.9 2297.1 0.8703817129 -0.0643756017 0.4881510437 -0.0459853224 0.9764547944 0.2107639462 -0.4902254641 -0.2058928758 0.8469280601
79.6 403.8 2331.6 0 0 0 0 0 0 0 0 0
336.5 -223.0 2204.4 0 0 0 0 0 0 0 0 0
157.3 -777.6 2449.9 0 0 0 0 0 0 0 0 0
307.8 -780.1 2356.4 0 0 0 0 0 0 0 0 0
197.9 507.2 2384.2 6 0.8928986788 -0.1138752028 0.4356195033 0.1206761003 0.9926178455 0.0121276090 -0.4337847531 0.0417401381 0.9000492096
221.0 306.1 2375.7 0.8928986788 -0.1138752028 0.4356195033 0.1206761003 0.9926178455 0.0121276090 -0.4337847531 0.0417401381 0.9000492096
226.8 107.6 2375.0 0.8995785713 -0.0300475787 0.4357241094 0.0282137804 0.9995448589 0.0106796706 -0.4358466864 0.0026862219 0.9000169039
94.7 302.1 2436.9 0.4404897392 -0.8818353415 0.1683306247 0.7686712146 0.2735961378 -0.5781779289 0.4638031125 0.3840723336 0.7983577847
5.8 146.9 2343.2 -0.2753669322 -0.8818353415 -0.3828047514 -0.9599543214 0.2735961378 0.0602733344 0.0515827462 0.3840723336 -0.9218609929
347.2 310.1 2314.6 0.1770880967 0.2994987965 0.9375181198 -0.9727972746 0.1978161335 0.1205577999 -0.1493493021 -0.9333644509 0.3263825178
395.6 44.5 2273.8 -0.2103926092 0.2951828539 0.9319882393 -0.9462254047 0.1781564355 -0.2700329721 -0.2457488030 -0.9386838675 0.2418267131
154.8 -94.3 2412.3 0.6711393595 0.0827784911 0.7366951108 -0.0338803902 0.9961328506 -0.0810646191 -0.7405565977 0.0294461362 0.6713485122
121.9 -490.2 2400.6 0.6726542115 -0.1211135834 0.7299779654 -0.0457167029 0.9778272510 0.2043619305 -0.7385433316 -0.1708371043 0.6522027254
321.9 -93.1 2338.2 0.8465142250 0.0856891721 0.5254245996 -0.0130558591 0.9900057316 -0.1404213011 -0.5322059393 0.1120087579 0.8391727209
287.8 -486.7 2293.7 0.8499229550 -0.0662635565 0.5227237344 -0.0529088601 0.9763137698 0.2097905129 -0.5242438912 -0.2059624791 0.8262855411
79.3 403.1 2329.5 0 0 0 0 0 0 0 0 0
340.5 -203.0 2209.5 0 0 0 0 0 0 0 0 0
157.1 -774.6 2450.3 0 0 0 0 0 0 0 0 0
307.7 -779.2 2355.4 0 0 0 0 0 0 0 0 0
200.3 507.6 2385.0 7 0.8895440102 -0.0755874738 0.4505529702 0.0830477029 0.9965403676 0.0032213316 -0.4492377043 0.0345518738 0.8927438855
215.5 307.2 2378.0 0.8895440102 -0.0755874738 0.4505529702 0.0830477029 0.9965403676 0.0032213316 -0.4492377043 0.0345518738 0.8927438855
221.3 108.7 2374.7 0.8921410441 -0.0297536813 0.4507760406 0.0338398442 0.9994267821 -0.0010055756 -0.4504877329 0.0161513072 0.8926365376
90.1 302.4 2441.3 0.4292504787 -0.8933996558 0.1325935423 0.7695031166 0.2848915458 -0.5715782642 0.4728730917 0.3473814130 0.8097636700
2.7 145.8 2345.1 -0.2843704820 -0.8933996558 -0.3478080630 -0.9572108984 0.2848915458 0.0508341379 0.0536723733 0.3473814130 -0.9361866713
340.9 312.0 2314.7 0.2045092881 0.2855595350 0.9362861514 -0.9680070877 0.2010672688 0.1501141191 -0.1453899741 -0.9370313287 0.3175437748
394.9 56.2 2276.3 -0.1911796033 0.2839076221 0.9395992756 -0.9485186338 0.1928255707 -0.2512582541 -0.2525129020 -0.9392628670 0.2324273586
150.3 -93.4 2414.1 0.6578590870 0.0759029686 0.7493064404 -0.0335889719 0.9968755245 -0.0714914426 -0.7523916960 0.0218628589 0.6583530903
120.1 -489.7 2405.4 0.6574184299 -0.1293167025 0.7423464060 -0.0302207973 0.9798464775 0.1974526048 -0.7529194951 -0.1522432715 0.6402610540
314.9 -88.2 2334.3 0.8372085094 0.0749468952 0.5417240262 -0.0091910930 0.9923533797 -0.1230865568 -0.5468066335 0.0980700776 0.8314955235
285.1 -482.7 2295.3 0.8406804800 -0.0734105259 0.5365325809 -0.0470522493 0.9771201015 0.2074185312 -0.5394834876 -0.1996177882 0.8179916143
79.2 403.1 2330.6 0 0 0 0 0 0 0 0 0
344.9 -191.9 2210.3 0 0 0 0 0 0 0 0 0
157.3 -771.1 2449.1 0 0 0 0 0 0 0 0 0
307.4 -778.6 2355.8 0 0 0 0 0 0 0 0 0
196.2 506.0 2384.4 8 0.8795332909 -0.1849070340 0.4384410679 0.1883181930 0.9814430475 0.0361362137 -0.4369867742 0.0507834293 0.8980332017
233.4 308.4 2374.2 0.8795332909 -0.1849070340 0.4384410679 0.1883181930 0.9814430475 0.0361362137 -0.4369867742 0.0507834293 0.8980332017
225.2 110.4 2375.7 0.8961501718 0.0412434116 0.4418301582 -0.0407629460 0.9991127849 -0.0105857365 -0.4418747425 -0.0085238898 0.8970362544
107.8 314.1 2436.2 0.4939254522 -0.8296985030 0.2600731254 0.7598070502 0.2664231062 -0.5930531025 0.4227657914 0.4905294180 0.7620038986
0.6 149.3 2344.4 -0.2802487910 -0.8296985030 -0.4827639163 -0.9587893486 0.2664231062 0.0986998528 0.0467283316 0.4905294180 -0.8701708913
359.1 302.7 2312.2 0.1408963948 0.3045822084 0.9420073628 -0.9803690910 0.1754868329 0.0898934677 -0.1379299313 -0.9361805916 0.3233284354
393.9 60.2 2278.0 -0.1774200648 0.3089387119 0.9343869686 -0.9488204718 0.1983643621 -0.2457463890 -0.2612696588 -0.9301658273 0.2579335570
145.4 -93.0 2412.6 0.6671199203 0.0651300475 0.7420977354 -0.0347609669 0.9978072643 -0.0563234463 -0.7441388965 0.0117784580 0.6679211259
119.5 -489.6 2408.0 0.6653552651 -0.1330130249 0.7345814705 -0.0212955549 0.9802164435 0.1967796087 -0.7462230921 -0.1465716660 0.6493595839
308.8 -86.7 2330.1 0.8462635279 0.0601065531 0.5293630958 -0.0130835138 0.9956604242 -0.0921364129 -0.5326038599 0.0710457563 0.8433775306
285.0 -482.4 2301.9 0.8476083875 -0.0774555057 0.5249387622 -0.0287536941 0.9811307788 0.1911953539 -0.5298426747 -0.1771527082 0.8293874860
77.1 410.9 2331.7 0 0 0 0 0 0 0 0 0
347.5 -187.9 2209.7 0 0 0 0 0 0 0 0 0
157.6 -770.7 2450.0 0 0 0 0 0 0 0 0 0
308.3 -777.8 2355.2 0 0 0 0 0 0 0 0 0
196.8 502.7 2385.6 9 0.8806689978 -0.2259492725 0.4163760543 0.2295630723 0.9723817706 0.0421250798 -0.4143946171 0.0584863126 0.9082160592
242.2 307.2 2373.8 0.8806689978 -0.2259492725 0.4163760543 0.2295630723 0.9723817706 0.0421250798 -0.4143946171 0.0584863126 0.9082160592
227.5 109.4 2375.3 0.9038452506 0.0737066641 0.4214631021 -0.0702775791 0.9972462058 -0.0236880388 -0.4220484197 -0.0082090860 0.9065361023
115.3 317.1 2433.1 0.5289530158 -0.7957462072 0.2949519753 0.7434683442 0.2669140995 -0.6131979227 0.4092230499 0.5436403155 0.7327971458
-0.6 154.3 2343.5 -0.2984793782 -0.7957462072 -0.5269706249 -0.9538978934 0.2669140995 0.1372428983 0.0314453728 0.5436403155 -0.8387290239
369.1 297.4 2314.5 0.0910580754 0.3297912180 0.9396521449 -0.9844926596 0.1718831509 0.0350772925 -0.1499421895 -0.9282746911 0.3403283954
392.6 43.3 2275.8 -0.1930507869 0.3339744508 0.9226009250 -0.9443415403 0.1920196712 -0.2671095729 -0.2663652897 -0.9228160977 0.2783163786
135.0 -83.8 2417.7 0.6851777434 0.0436738692 0.7270653844 -0.0096796425 0.9986585975 -0.0508661419 -0.7283115983 0.0278146137 0.6846813560
117.6 -480.7 2406.7 0.6860151291 -0.1338890493 0.7151621580 -0.0157139990 0.9799671769 0.1985380650 -0.7274175286 -0.1474381685 0.6701683998
298.8 -91.3 2336.9 0.8604201078 0.0360578559 0.5083080530 0.0143752741 0.9953789711 -0.0949424356 -0.5093825459 0.0889974535 0.8559257388
284.5 -486.8 2301.5 0.8645634651 -0.0756471381 0.4967973232 -0.0285614990 0.9796096683 0.1988696307 -0.5017113686 -0.1861246824 0.8447741270
81.9 417.9 2334.8 0 0 0 0 0 0 0 0 0
342.1 -203.7 2206.2 0 0 0 0 0 0 0 0 0
157.3 -771.3 2450.4 0 0 0 0 0 0 0 0 0
307.3 -781.4 2357.5 0 0 0 0 0 0 0 0 0
194.8 499.4 2385.2 00 0.8789940476 -0.2694061995 0.3934333324 0.2839388549 0.9585891366 0.0220349878 -0.3830772936 0.0923423916 0.9190890193
250.7 300.5 2366.0 0.8789940476 -0.2694061995 0.3934333324 0.2839388549 0.9585891366 0.0220349878 -0.3830772936 0.0923423916 0.9190890193
232.4 103.1 2375.2 0.9141854048 0.0916127115 0.3948064148 -0.1026817411 0.9946900010 0.0069500133 -0.3920732737 -0.0468930118 0.9187380672
122.3 314.8 2421.0 0.5767931342 -0.7177078724 0.3901346922 0.7336779833 0.2451374531 -0.6337383389 0.3592023849 0.6517691016 0.6679600477
-1.4 157.4 2343.9 -0.2973466218 -0.7177078724 -0.6296668649 -0.9542506337 0.2451374531 0.1712113619 0.0314751826 0.6517691016 -0.7577640414
379.1 286.1 2311.0 0.0516180322 0.3573814034 0.9325309992 -0.9876290560 0.1567157060 -0.0053915777 -0.1480691135 -0.9207164049 0.3610496223
392.2 35.8 2273.5 -0.2053615600 0.3593727052 0.9103174806 -0.9459098577 0.1658188105 -0.2788524628 -0.2511597276 -0.9183438420 0.3058813512
130.1 -82.0 2415.5 0.7078862190 0.0331413932 0.7055485249 -0.0004078005 0.9989176393 -0.0465125255 -0.7063263655 0.0326378532 0.7071335316
117.0 -479.0 2402.5 0.7101035714 -0.1365089417 0.6907374263 -0.0156715177 0.9777183533 0.2093352526 -0.7039228082 -0.1594746113 0.6921420097
295.6 -94.9 2338.2 0.8765956163 0.0247026477 0.4805933237 0.0263184384 0.9947260022 -0.0991337001 -0.4805075526 0.0995486304 0.8713223338
285.7 -490.2 2298.6 0.8820033669 -0.0715705901 0.4657764435 -0.0286460239 0.9784287810 0.2045887262 -0.4703716338 -0.1937905848 0.8609272838
82.2 425.7 2335.1 0 0 0 0 0 0 0 0 0
338.5 -211.6 2207.8 0 0 0 0 0 0 0 0 0
157.6 -770.5 2450.0 0 0 0 0 0 0 0 0 0
306.9 -779.6 2355.9 0 0 0 0 0 0 0 0 0
195.2 499.1 2384.0 01 0.8955587745 -0.2566563487 0.3634583950 0.2826877236 0.9590172172 -0.0193298962 -0.3436017036 0.1200562865 0.9314098954
251.4 289.3 2357.7 0.8955587745 -0.2566563487 0.3634583950 0.2826877236 0.9590172172 -0.0193298962 -0.3436017036 0.1200562865 0.9314098954
233.3 92.5 2375.0 0.9295768142 0.0897448212 0.3575372100 -0.1149700433 0.9921155572 0.0498864129 -0.3502411842 -0.0874793157 0.9325655103
120.8 305.3 2406.9 0.6085305810 -0.7055094838 0.3632449806 0.7303867340 0.3190345168 -0.6039471626 0.3102027774 0.6328296065 0.7094370127
-2.7 157.1 2343.9 -0.2975797951 -0.7305647135 -0.6145904660 -0.9542924762 0.2463577688 0.1692149043 0.0277866945 0.6368539929 -0.7704835534
381.9 273.3 2308.6 0.0256065801 0.3925437927 0.9193767905 -0.9896625876 0.1397736520 -0.0321145877 -0.1411110312 -0.9090504050 0.3920650184
388.5 19.4 2272.4 -0.2123985738 0.3972994387 0.8927709460 -0.9417771697 0.1604747772 -0.2954718173 -0.2606580257 -0.9035491347 0.3400829434
130.4 -84.9 2420.3 0.7369388342 0.0290107802 0.6753365993 0.0155665819 0.9980853200 -0.0598617792 -0.6757801771 0.0546271503 0.7350761890
118.8 -481.6 2398.5 0.7421826720 -0.1258845329 0.6582689285 -0.0211051423 0.9773240089 0.2106948048 -0.6698652506 -0.1702668816 0.7226961255
297.8 -103.6 2348.5 0.8955650330 0.0275982209 0.4440738857 0.0307616815 0.9918454885 -0.1236781925 -0.4438659549 0.1244223267 0.8874131441
286.8 -497.8 2299.1 0.9008691311 -0.0714834481 0.4281645417 -0.0230839327 0.9770635366 0.2116930783 -0.4334765375 -0.2005914897 0.8785563111
82.4 430.2 2336.0 0 0 0 0 0 0 0 0 0
333.0 -226.9 2204.2 0 0 0 0 0 0 0 0 0
156.5 -773.7 2449.4 0 0 0 0 0 0 0 0 0
307.4 -779.4 2356.9 0 0 0 0 0 0 0 0 0
192.6 500.4 2384.9 02 0.8882625699 -0.2612664998 0.3777955472 0.2915937603 0.9562335610 -0.0242988635 -0.3549122810 0.1317465901 0.9255701303
251.2 285.9 2355.3 0.8882625699 -0.2612664998 0.3777955472 0.2915937603 0.9562335610 -0.0242988635 -0.3549122810 0.1317465901 0.9255701303
231.9 89.3 2375.8 0.9237487316 0.0965592414 0.3706272244 -0.1277161241 0.9899697304 0.0604026802 -0.3610773087 -0.1031319723 0.9268155098
121.3 303.8 2406.0 0.6144453883 -0.6958162785 0.3718824983 0.7343433499 0.3320659995 -0.5920067430 0.2884383798 0.6368452311 0.7150045037
-5.0 152.9 2346.8 -0.2920339108 -0.7267136574 -0.6217744350 -0.9559130669 0.2426942885 0.1653168499 0.0307631064 0.6426404715 -0.7655500174
381.0 268.0 2304.6 0.0214974731 0.3810698092 0.9242963195 -0.9908947349 0.1310278475 -0.0309738610 -0.1329117566 -0.9152144790 0.3804168105
386.7 5.0 2269.3 -0.2400538325 0.3849101067 0.8911892772 -0.9376285076 0.1458583474 -0.3155599833 -0.2514496148 -0.9113559127 0.3258888423
130.1 -93.9 2424.4 0.7285562158 0.0230427589 0.6845983267 0.0262697246 0.9977588654 -0.0615398698 -0.6844820380 0.0628194660 0.7263181210
120.9 -490.6 2399.4 0.7365259528 -0.1231776327 0.6650990844 -0.0279797520 0.9768893719 0.2119063735 -0.6758303046 -0.1746838540 0.7160578966
300.4 -114.8 2360.3 0.8905588388 0.0317375287 0.4537595510 0.0432434790 0.9871374369 -0.1539144814 -0.4528079033 0.1566920280 0.8777315021
287.8 -507.0 2298.1 0.8981380463 -0.0713425502 0.4338874519 -0.0278657638 0.9755319357 0.2180847377 -0.4388297796 -0.2079607993 0.8741742969
79.4 429.0 2337.9 0 0 0 0 0 0 0 0 0
324.0 -240.2 2203.6 0 0 0 0 0 0 0 0 0
156.6 -773.0 2449.9 0 0 0 0 0 0 0 0 0
307.7 -779.7 2356.2 0 0 0 0 0 0 0 0 0
191.9 500.3 2391.8 03 0.8970841765 -0.2261443883 0.3796033859 0.2663542926 0.9622346759 -0.0562118888 -0.3525555432 0.1515357792 0.9234400392
242.3 285.5 2358.0 0.8970841765 -0.2261443883 0.3796033859 0.2663542926 0.9622346759 -0.0562118888 -0.3525555432 0.1515357792 0.9234400392
228.0 88.3 2377.1 0.9261303544 0.0721580535 0.3702374399 -0.1024140641 0.9927640557 0.0626972243 -0.3630343080 -0.0959833264 0.9268189073
112.1 299.9 2409.0 0.5933823586 -0.7131821513 0.3731870651 0.7382493615 0.2974498868 -0.6054019332 0.3207573891 0.6347399354 0.7030077577
-5.2 154.0 2345.6 -0.2856158316 -0.7321501970 -0.6183685660 -0.9578433633 0.2389471084 0.1595004350 0.0309791192 0.6378561258 -0.7695322633
372.6 271.1 2307.0 0.0431963839 0.3769083917 0.9252427220 -0.9901993275 0.1392660439 -0.0105026625 -0.1328134388 -0.9157210588 0.3792302310
384.5 -1.9 2270.3 -0.2827047110 0.3689853251 0.8853970170 -0.9319810271 0.1126961708 -0.3445445001 -0.2269127220 -0.9225775599 0.3120276034
127.9 -95.6 2429.3 0.7266260386 0.0165751223 0.6868332624 0.0253809933 0.9983788729 -0.0509450324 -0.6865642071 0.0544504970 0.7250273824
121.3 -492.5 2407.7 0.7314301133 -0.1249756441 0.6703664064 -0.0088491347 0.9812400937 0.1925866753 -0.6818590164 -0.1467958540 0.7166025639
297.3 -118.9 2363.2 0.8884514570 0.0210052356 0.4584897459 0.0550147668 0.9868760705 -0.1518191248 -0.4556615353 0.1601076275 0.8756358624
288.9 -511.1 2299.6 0.8979192376 -0.0664756447 0.4351115227 -0.0319058560 0.9760994315 0.2149695307 -0.4390023649 -0.2069078833 0.8743374944
77.9 432.5 2336.6 0 0 0 0 0 0 0 0 0
310.6 -245.3 2211.1 0 0 0 0 0 0 0 0 0
156.7 -769.8 2449.2 0 0 0 0 0 0 0 0 0
307.0 -776.7 2355.9 0 0 0 0 0 0 0 0 0
190.2 500.1 2388.3 04 0.8922694325 -0.2266307473 0.3905045390 0.2600061893 0.9650065303 -0.0340467989 -0.3691233695 0.1319125146 0.9199712276
240.5 285.9 2359.0 0.8922694325 -0.2266307473 0.3905045390 0.2600061893 0.9650065303 -0.0340467989 -0.3691233695 0.1319125146 0.9199712276
229.9 88.3 2377.1 0.9227188826 0.0530040637 0.3818120956 -0.0836273730 0.9944365025 0.0640508235 -0.3762929142 -0.0910308436 0.9220179319
110.7 297.6 2411.9 0.5807325840 -0.6890930533 0.4334748089 0.7416358590 0.2282146513 -0.6307886839 0.3357467651 0.6877999902 0.6435878277
-4.1 150.9 2345.5 -0.2689864039 -0.6890930533 -0.6729019880 -0.9618629813 0.2282146513 0.1507900804 0.0496577062 0.6877999902 -0.7241997123
370.3 274.1 2306.1 0.0513130836 0.3628953993 0.9304159880 -0.9915906191 0.1293447167 0.0042378586 -0.1188064888 -0.9228092432 0.3664807379
384.4 1.3 2273.4 -0.3199548125 0.3496159017 0.8805666566 -0.9240268469 0.0901632011 -0.3715440929 -0.2092924267 -0.9325445294 0.2942063212
128.7 -99.5 2429.4 0.7162739038 0.0205408540 0.6975168586 0.0190954469 0.9986153841 -0.0490167104 -0.6975579262 0.0484287851 0.7148898840
120.5 -496.5 2410.1 0.7198630571 -0.1275939941 0.6822880507 -0.0066200094 0.9816527367 0.1905624717 -0.6940845251 -0.1416956335 0.7058108449
298.5 -118.2 2362.8 0.8807045221 0.0215475410 0.4731756449 0.0559689589 0.9872323871 -0.1491297036 -0.4703477025 0.1578223556 0.8682540655
289.9 -510.7 2300.1 0.8911729455 -0.0590779446 0.4498006701 -0.0424855910 0.9762589335 0.2123993784 -0.4516700208 -0.2083946168 0.8675055504
73.4 428.2 2331.2 0 0 0 0 0 0 0 0 0
300.8 -240.0 2218.8 0 0 0 0 0 0 0 0 0
156.3 -771.8 2449.9 0 0 0 0 0 0 0 0 0
306.3 -782.0 2358.0 0 0 0 0 0 0 0 0 0
189.8 504.2 2392.5 05 0.8975009322 -0.2047746629 0.3905884922 0.2429720610 0.9687214494 -0.0504316948 -0.3680443168 0.1401645839 0.9191829562
235.7 286.6 2361.1 0.8975009322 -0.2047746629 0.3905884922 0.2429720610 0.9687214494 -0.0504316948 -0.3680443168 0.1401645839 0.9191829562
226.3 88.9 2379.4 0.9232850671 0.0475825481 0.3811568618 -0.0790687203 0.9945902228 0.0673681498 -0.3758893311 -0.0923375934 0.9220525622
105.8 297.7 2413.9 0.5610947609 -0.6988558173 0.4435912371 0.7500009537 0.2024718821 -0.6296854019 0.3502445817 0.6860070229 0.6377484202
-5.4 149.0 2344.5 -0.2459303439 -0.6988558173 -0.6716537476 -0.9686425328 0.2024718821 0.1440026760 0.0353539027 0.6860070229 -0.7267354727
365.6 275.5 2308.2 0.0675546750 0.3622930348 0.9296128750 -0.9909004569 0.1330810189 0.0201434642 -0.1164159998 -0.9225146174 0.3679865897
384.3 2.0 2276.0 -0.3486085534 0.3417103291 0.8727577925 -0.9150346518 0.0775362700 -0.3958531022 -0.2029374689 -0.9366014004 0.2856470048
134.8 -101.6 2429.6 0.7161445618 0.0318011455 0.6972271204 0.0118797664 0.9982613325 -0.0577336736 -0.6978508830 0.0496285520 0.7145216465
122.1 -498.5 2409.9 0.7194176316 -0.1251861900 0.6832032204 -0.0120954299 0.9812167287 0.1925290078 -0.6944724321 -0.1467723995 0.7043904662
304.0 -117.0 2360.6 0.8800423145 0.0361641198 0.4735163450 0.0414797366 0.9874318838 -0.1525048316 -0.4730803370 0.1538520306 0.8674817085
289.6 -509.5 2299.5 0.8882911205 -0.0608250946 0.4552353024 -0.0407208949 0.9768577218 0.2099781632 -0.4574720562 -0.2050593346 0.8652572036
65.7 428.8 2334.3 0 0 0 0 0 0 0 0 0
293.2 -237.0 2223.0 0 0 0 0 0 0 0 0 0
157.2 -773.5 2451.0 0 0 0 0 0 0 0 0 0
306.5 -780.6 2356.4 0 0 0 0 0 0 0 0 0
190.6 504.0 2395.2 06 0.8994742036 -0.1751900464 0.4003181756 0.2184739560 0.9736905098 -0.0647754818 -0.3784379959 0.1457229704 0.9140839577
229.7 286.2 2362.6 0.8994742036 -0.1751900464 0.4003181756 0.2184739560 0.9736905098 -0.0647754818 -0.3784379959 0.1457229704 0.9140839577
223.0 88.4 2380.8 0.9199602604 0.0339178741 0.3905414939 -0.0670359880 0.9951868057 0.0714797974 -0.3862373233 -0.0919389129 0.9178060889
100.3 295.7 2416.9 0.5463197231 -0.7269576192 0.4160137177 0.7517506480 0.2065639049 -0.6262605786 0.3693314493 0.6548770666 0.6593407989
-6.0 149.4 2345.0 -0.2448831946 -0.7269576192 -0.6415331960 -0.9689633250 0.2065639049 0.1357991099 0.0337974168 0.6548770666 -0.7549793124
359.2 276.8 2308.2 0.0866295621 0.3506149054 0.9325044155 -0.9901009202 0.1340582222 0.0415753536 -0.1104329452 -0.9268751740 0.3587575555
383.2 1.9 2277.6 -0.3665789664 0.3263093829 0.8712875843 -0.9094172716 0.0720339045 -0.4095990360 -0.1964182556 -0.9425143600 0.2703452706
132.1 -101.5 2432.2 0.7079342604 0.0250936076 0.7058323622 0.0141279697 0.9986655116 -0.0496743917 -0.7061370015 0.0451381840 0.7066350579
122.1 -498.5 2414.3 0.7105533481 -0.1244615540 0.6925483346 -0.0054506762 0.9832290411 0.1822937131 -0.7036222219 -0.1333042681 0.6979582906
301.5 -116.0 2363.3 0.8740201592 0.0306766555 0.4849203527 0.0499280170 0.9870519638 -0.1524323523 -0.4833176732 0.1574400514 0.8611716628
289.3 -508.4 2300.7 0.8833663464 -0.0646036193 0.4642093182 -0.0378304049 0.9773943424 0.2080124468 -0.4671539068 -0.2013124228 0.8609532714
65.0 430.5 2335.2 0 0 0 0 0 0 0 0 0
287.4 -235.8 2226.2 0 0 0 0 0 0 0 0 0
157.1 -774.5 2451.7 0 0 0 0 0 0 0 0 0
307.2 -778.7 2356.3 0 0 0 0 0 0 0 0 0
187.4 504.4 2389.5 07 0.8932423592 -0.1786973327 0.4125353396 0.2067871392 0.9780898690 -0.0240681786 -0.3991957009 0.1068057120 0.9106236100
227.4 285.8 2365.6 0.8932423592 -0.1786973327 0.4125353396 0.2067871392 0.9780898690 -0.0240681786 -0.3991957009 0.1068057120 0.9106236100
222.4 87.8 2382.9 0.9138630629 0.0250533577 0.4052488208 -0.0581420623 0.9958829284 0.0695465878 -0.4018380046 -0.0871180594 0.9115572572
98.8 294.0 2422.1 0.5294809341 -0.7626833320 0.3714351952 0.7527119517 0.2204429060 -0.6203464270 0.3912476003 0.6080452800 0.6908011436
-6.4 144.4 2344.4 -0.2552593946 -0.7626833320 -0.5942699909 -0.9664012790 0.2204429060 0.1321871728 0.0301856473 0.6080452800 -0.7933282852
356.0 277.6 2309.1 0.0932786465 0.3341218829 0.9379028082 -0.9887728691 0.1415352225 0.0479168817 -0.1167362034 -0.9318424463 0.3435728550
381.5 6.4 2277.0 -0.3636416793 0.3063242435 0.8797330260 -0.9131421447 0.0695412681 -0.4016658664 -0.1842177361 -0.9493837357 0.2544294596
131.9 -103.2 2434.5 0.6958977580 0.0268392432 0.7176392078 0.0211523157 0.9981017709 -0.0578398518 -0.7178292871 0.0554303490 0.6940090656
121.2 -500.0 2412.5 0.7004076838 -0.1271365136 0.7023285627 -0.0108208964 0.9820030332 0.1885548979 -0.7136610150 -0.1396651119 0.6864266992
300.6 -115.5 2363.6 0.8653953075 0.0291940775 0.5002386570 0.0569859371 0.9860909581 -0.1561322361 -0.4978389144 0.1636226624 0.8516948223
289.0 -507.6 2298.6 0.8767154217 -0.0647955835 0.4766251743 -0.0436759070 0.9760686159 0.2130317092 -0.4790223837 -0.2075852305 0.8529043794
67.2 423.0 2335.7 0 0 0 0 0 0 0 0 0
286.5 -232.3 2228.9 0 0 0 0 0 0 0 0 0
157.0 -776.4 2451.8 0 0 0 0 0 0 0 0 0
307.0 -778.6 2356.2 0 0 0 0 0 0 0 0 0
187.4 501.6 2386.1 08 0.8884800673 -0.1732290536 0.4249644876 0.1957625747 0.9806047082 -0.0095582716 -0.4150664210 0.0916844755 0.9051595330
225.3 286.9 2366.1 0.8884800673 -0.1732290536 0.4249644876 0.1957625747 0.9806047082 -0.0095582716 -0.4150664210 0.0916844755 0.9051595330
221.6 89.0 2383.8 0.9080507159 0.0184902530 0.4184518754 -0.0542054102 0.9958118200 0.0736248344 -0.4153379500 -0.0895374417 0.9052498937
97.5 294.6 2424.5 0.5198488832 -0.7790613770 0.3504576385 0.7549777031 0.2270359844 -0.6151937246 0.3997071683 0.5843954682 0.7061983347
-6.8 143.1 2344.3 -0.2571481466 -0.7790613770 -0.5717851520 -0.9658281803 0.2270359844 0.1250224113 0.0324156731 0.5843954682 -0.8108212948
353.0 279.3 2307.6 0.1020631790 0.3197703063 0.9419819713 -0.9886332750 0.1376913488 0.0603763685 -0.1103961989 -0.9374369383 0.3301887810
381.0 8.2 2277.3 -0.3588125110 0.2961231768 0.8851918578 -0.9150011539 0.0758259520 -0.3962617517 -0.1844628006 -0.9521352053 0.2437457293
133.6 -104.8 2437.0 0.6848689914 0.0299571101 0.7280501723 0.0193260387 0.9980562925 -0.0592468604 -0.7284098864 0.0546466634 0.6829588413
121.7 -501.6 2415.3 0.6879346967 -0.1281599253 0.7143674493 -0.0028646269 0.9837983847 0.1792553812 -0.7257668972 -0.1253623962 0.6764219403
301.2 -115.5 2363.3 0.8575167060 0.0310055688 0.5135209560 0.0594316386 0.9855287671 -0.1587481499 -0.5110117197 0.1666485816 0.8432646394
288.9 -507.3 2297.1 0.8704726100 -0.0634586141 0.4881090522 -0.0522417277 0.9741421938 0.2198129892 -0.4894366562 -0.2168408483 0.8446488976
67.0 420.4 2335.0 0 0 0 0 0 0 0 0 0
287.2 -231.1 2229.1 0 0 0 0 0 0 0 0 0
157.2 -774.1 2450.0 0 0 0 0 0 0 0 0 0
306.5 -777.8 2357.3 0 0 0 0 0 0 0 0 0
188.1 500.0 2385.0 09 0.8887052536 -0.1716927886 0.4251171649 0.1908487678 0.9816161990 -0.0025213838 -0.4168690145 0.0833738595 0.9051347971
225.2 287.8 2366.9 0.8887052536 -0.1716927886 0.4251171649 0.1908487678 0.9816161990 -0.0025213838 -0.4168690145 0.0833738595 0.9051347971
220.5 89.7 2383.5 0.9072175622 0.0235296898 0.4200031757 -0.0562766232 0.9962481260 0.0657464787 -0.4168803990 -0.0832827240 0.9051379561
97.5 295.7 2425.6 0.5113845468 -0.7839146852 0.3520846069 0.7649395466 0.2285390198 -0.6021938324 0.3916035295 0.5772760510 0.7165187001
-6.9 139.5 2345.6 -0.2526924610 -0.7839146852 -0.5671193004 -0.9667367935 0.2285390198 0.1148471087 0.0395785421 0.5772760510 -0.8155892491
352.9 279.8 2308.3 0.1032303199 0.3195952177 0.9419142008 -0.9884440303 0.1386445612 0.0612871647 -0.1110042036 -0.9373561740 0.3302142918
381.0 10.3 2278.0 -0.3528211415 0.2986541390 0.8867485523 -0.9160332084 0.0829887763 -0.3924233317 -0.1907890290 -0.9507462978 0.2442969084
134.6 -104.0 2439.7 0.6844539046 0.0330830514 0.7283051610 0.0332583375 0.9965130687 -0.0765221715 -0.7282971740 0.0765981227 0.6809669733
121.5 -500.1 2409.3 0.6919615865 -0.1283460706 0.7104340196 -0.0171570554 0.9808686376 0.1939133704 -0.7217304707 -0.1463695467 0.6765213609
301.2 -113.9 2363.5 0.8571957946 0.0315924287 0.5140207410 0.0595983118 0.9853248000 -0.1599472910 -0.5115304589 0.1677409112 0.8427333832
288.7 -505.7 2296.8 0.8698734641 -0.0654353574 0.4889155328 -0.0491355322 0.9747382998 0.2178782225 -0.4908216298 -0.2135496140 0.8446837664
65.2 415.4 2334.3 0 0 0 0 0 0 0 0 0
288.7 -229.3 2228.1 0 0 0 0 0 0 0 0 0
157.2 -773.4 2450.0 0 0 0 0 0 0 0 0 0
306.9 -777.3 2356.3 0 0 0 0 0 0 0 0 0
184.9 499.8 2392.4 10 0.8813539147 -0.1864563823 0.4341075122 0.2187713683 0.9754508734 -0.0251918063 -0.4187533855 0.1171731874 0.9005087614
225.4 288.1 2366.9 0.8813539147 -0.1864563823 0.4341075122 0.2187713683 0.9754508734 -0.0251918063 -0.4187533855 0.1171731874 0.9005087614
219.9 90.1 2383.9 0.9039319158 0.0274410509 0.4267950654 -0.0611454435 0.9959796071 0.0654660612 -0.4232827425 -0.0852734372 0.9019756913
98.2 296.7 2426.5 0.5217792988 -0.7799006104 0.3456897736 0.7551074028 0.2336848229 -0.6125391126 0.3969371915 0.5806431770 0.7108406425
-7.9 143.2 2345.8 -0.2512166798 -0.7799006104 -0.5732759237 -0.9665559530 0.2336848229 0.1056455448 0.0515728556 0.5806431770 -0.8125230670
352.6 279.5 2307.4 0.1039404869 0.3139550984 0.9437311888 -0.9892514348 0.1307565868 0.0654546320 -0.1028492525 -0.9403908253 0.3241714239
380.6 13.1 2279.7 -0.3365191519 0.2992699444 0.8928562999 -0.9216533303 0.0898134485 -0.3774767220 -0.1931579411 -0.9499321580 0.2455991805
132.6 -103.2 2438.3 0.6790795922 0.0346560590 0.7332460880 0.0216476079 0.9975050092 -0.0671944097 -0.7337453961 0.0615033768 0.6766350865
118.8 -499.7 2413.8 0.6825849414 -0.1395410299 0.7173605561 -0.0016505988 0.9813045859 0.1924540251 -0.7308044434 -0.1325502992 0.6695933938
299.1 -113.5 2361.8 0.8540046215 0.0254311934 0.5196434855 0.0626056343 0.9865234494 -0.1511689723 -0.5164849162 0.1616316140 0.8409034610
289.0 -505.7 2297.5 0.8672885895 -0.0633520037 0.4937580526 -0.0513414033 0.9751963615 0.2153047472 -0.4951510429 -0.2120815814 0.8425241113
63.6 418.2 2331.1 0 0 0 0 0 0 0 0 0
292.6 -227.9 2229.2 0 0 0 0 0 0 0 0 0
157.5 -771.6 2450.5 0 0 0 0 0 0 0 0 0
306.7 -778.5 2356.8 0 0 0 0 0 0 0 0 0
184.2 503.9 2394.1 11 0.8815554976 -0.1799930781 0.4364199936 0.2148353457 0.9761464000 -0.0313681476 -0.4203637540 0.1214112043 0.8991960883
224.1 287.2 2367.1 0.8815554976 -0.1799930781 0.4364199936 0.2148353457 0.9761464000 -0.0313681476 -0.4203637540 0.1214112043 0.8991960883
219.4 89.3 2385.3 0.9033789635 0.0238529947 0.4281792343 -0.0607394204 0.9955032468 0.0726914704 -0.4245199263 -0.0916753039 0.9007654786
97.0 295.7 2426.9 0.5175392628 -0.7863723040 0.3373005688 0.7525379062 0.2306981981 -0.6168184876 0.4072343707 0.5730592608 0.7111703753
-6.5 145.2 2345.4 -0.2488307804 -0.7863723040 -0.5654217601 -0.9673579335 0.2306981981 0.1048664227 0.0479777381 0.5730592608 -0.8181083202
351.3 278.6 2307.4 0.1082565188 0.3111751676 0.9441666007 -0.9888119102 0.1317473054 0.0699546561 -0.1026232541 -0.9411762357 0.3219562173
380.3 13.4 2279.8 -0.3244791627 0.2994134128 0.8972541094 -0.9250258207 0.0977027714 -0.3671258092 -0.1975865960 -0.9491078854 0.2452626228
131.5 -102.3 2439.7 0.6781771183 0.0319252349 0.7342047095 0.0347369090 0.9965467453 -0.0754187033 -0.7340770364 0.0766512454 0.6747262478
118.9 -498.4 2409.2 0.6848753691 -0.1374058872 0.7155874372 -0.0083498256 0.9805147052 0.1962682307 -0.7286124229 -0.1403943002 0.6703830361
297.4 -113.5 2362.0 0.8528350592 0.0246736519 0.5215971470 0.0612573773 0.9872586727 -0.1468599290 -0.5185748339 0.1571989655 0.8404573798
287.6 -506.0 2299.5 0.8654069901 -0.0690494329 0.4962891638 -0.0447144583 0.9758656621 0.2137447149 -0.4990704954 -0.2071674615 0.8414334655
64.2 420.1 2331.8 0 0 0 0 0 0 0 0 0
295.4 -228.6 2228.2 0 0 0 0 0 0 0 0 0
157.4 -773.2 2448.5 0 0 0 0 0 0 0 0 0
306.8 -777.7 2357.2 0 0 0 0 0 0 0 0 0
184.3 499.5 2396.4 12 0.8835787773 -0.1824779660 0.4312659502 0.2232744098 0.9736952782 -0.0454536416 -0.4116273224 0.1364525259 0.9010791779
224.2 286.8 2366.6 0.8835787773 -0.1824779660 0.4312659502 0.2232744098 0.9736952782 -0.0454536416 -0.4116273224 0.1364525259 0.9010791779
219.7 88.9 2385.3 0.9065662026 0.0227183998 0.4214517772 -0.0600446202 0.9953358769 0.0755056366 -0.4177707136 -0.0937567726 0.9037020206
96.6 295.3 2425.4 0.5072725415 -0.7820670605 0.3620023131 0.7724121213 0.2263248712 -0.5934277773 0.3821702003 0.5806446075 0.7188864946
-5.4 139.9 2348.6 -0.2337352782 -0.7820670605 -0.5777013898 -0.9702334404 0.2263248712 0.0861631110 0.0633628666 0.5806446075 -0.8116877675
351.8 278.4 2307.8 0.1032754406 0.3176120520 0.9425798655 -0.9891887903 0.1319905370 0.0639066473 -0.1041141003 -0.9389894009 0.3278096318
379.7 11.0 2279.7 -0.3158743382 0.3076479137 0.8975389600 -0.9268305898 0.1023430377 -0.3612630069 -0.2029986829 -0.9459802508 0.2528099716
131.7 -103.1 2442.5 0.6834561229 0.0301875584 0.7293671370 0.0341833271 0.9967250824 -0.0732847601 -0.7291908264 0.0750191137 0.6801859140
119.7 -499.3 2412.7 0.6892800331 -0.1303104311 0.7126796246 -0.0055021569 0.9827216268 0.1850079596 -0.7244741321 -0.1314435601 0.6766533852
297.5 -114.2 2364.6 0.8565669060 0.0213212688 0.5155952573 0.0651703849 0.9866766334 -0.1490704119 -0.5119041800 0.1612903327 0.8437650800
289.0 -506.5 2300.5 0.8691951632 -0.0663425997 0.4899984002 -0.0429084338 0.9771004915 0.2084071785 -0.4926039279 -0.2021715790 0.8464443088
60.9 415.3 2330.6 0 0 0 0 0 0 0 0 0
297.1 -231.4 2226.6 0 0 0 0 0 0 0 0 0
156.2 -774.1 2449.4 0 0 0 0 0 0 0 0 0
307.3 -775.1 2356.1 0 0 0 0 0 0 0 0 0
183.6 504.9 2390.1 13 0.8749169111 -0.1316017956 0.4660486281 0.1452041715 0.9893784523 0.0067855292 -0.4619914591 0.0617354326 0.8847330809
211.1 298.4 2377.2 0.8749169111 -0.1316017956 0.4660486281 0.1452041715 0.9893784523 0.0067855292 -0.4619914591 0.0617354326 0.8847330809
215.5 100.3 2388.2 0.8866513371 -0.0232543312 0.4618535042 -0.0054025245 0.9981458187 0.0606282465 -0.4624070227 -0.0562512875 0.8848816752
86.6 299.1 2442.1 0.4435420036 -0.8567662239 0.2631009221 0.7776505351 0.2219516784 -0.5882151723 0.4455672503 0.4654987156 0.7647095919
-6.5 135.9 2348.6 -0.2213210911 -0.8567662239 -0.4657988548 -0.9735431075 0.2219516784 0.0543258339 0.0568402931 0.4654987156 -0.8832214475
335.5 297.7 2312.4 0.1503423899 0.2687454522 0.9514058232 -0.9814071059 0.1567164212 0.1108152494 -0.1193198264 -0.9503766894 0.2873098254
379.7 9.4 2277.3 -0.3286234140 0.2495632768 0.9108923078 -0.9265869260 0.1015554294 -0.3621093631 -0.1828752607 -0.9630185366 0.1978685707
132.0 -103.4 2442.2 0.6442104578 0.0300412625 0.7642580867 0.0392241441 0.9966158867 -0.0722376406 -0.7638418674 0.0765136108 0.6408519745
120.0 -499.7 2411.8 0.6527600884 -0.1271334589 0.7468208075 -0.0182731040 0.9828887582 0.1832916290 -0.7573442459 -0.1332921982 0.6392674446
298.3 -114.5 2365.6 0.8266733289 0.0215417687 0.5622696280 0.0688932613 0.9878737330 -0.1391374469 -0.5584486723 0.1537578106 0.8151647449
289.8 -507.2 2304.4 0.8406386375 -0.0617956668 0.5380594730 -0.0518930219 0.9797083735 0.1935938448 -0.5391046405 -0.1906639934 0.8203739524
55.7 409.5 2332.6 0 0 0 0 0 0 0 0 0
293.7 -232.9 2229.5 0 0 0 0 0 0 0 0 0
155.9 -777.4 2449.5 0 0 0 0 0 0 0 0 0
306.6 -775.0 2356.5 0 0 0 0 0 0 0 0 0
184.6 506.4 2386.9 14 0.8748136759 -0.1000148654 0.4740233123 0.1004575342 0.9946405292 0.0244654827 -0.4739297032 0.0262164753 0.8801723123
205.0 303.2 2381.6 0.8748136759 -0.1000148654 0.4740233123 0.1004575342 0.9946405292 0.0244654827 -0.4739297032 0.0262164753 0.8801723123
213.4 104.9 2388.3 0.8804753423 -0.0428132676 0.4721548259 0.0214500222 0.9984917045 0.0505395122 -0.4736064374 -0.0343710631 0.8800656796
81.3 300.1 2448.1 0.4116948843 -0.8838718534 0.2219860703 0.7780088186 0.2140377164 -0.5906692147 0.4745625257 0.4158826172 0.7757783532
-5.8 135.6 2347.7 -0.2118265033 -0.8838718534 -0.4170132279 -0.9759190679 0.2140377164 0.0420696661 0.0520723611 0.4158826172 -0.9079262614
328.7 306.2 2315.1 0.1885914803 0.2572237551 0.9477706552 -0.9754799604 0.1605610847 0.1505291164 -0.1134554148 -0.9529197812 0.2811970711
381.2 34.8 2283.5 -0.3083924651 0.2400941849 0.9204612374 -0.9338825345 0.1076888293 -0.3409788311 -0.1809904277 -0.9647579193 0.1910093278
138.8 -97.4 2441.4 0.6319553852 0.0526293442 0.7732157111 0.0260885693 0.9956815243 -0.0890939981 -0.7745655179 0.0764755234 0.6278532743
117.9 -493.2 2411.0 0.6383919120 -0.1322819293 0.7582593560 -0.0171418488 0.9824338555 0.1858222634 -0.7695205808 -0.1316253841 0.6249102354
