150.5 511.7 2412.9 81 0.9167305827 -0.2109955251 0.3392432034 0.2469583750 0.9667719007 -0.0660580248 -0.3140328526 0.1443363577 0.9383764863
199.6 286.7 2379.3 0.9167305827 -0.2109955251 0.3392432034 0.2469583750 0.9667719007 -0.0660580248 -0.3140328526 0.1443363577 0.9383764863
213.7 89.0 2393.8 0.9459272623 -0.0707318559 0.3165732324 0.0436695442 0.9948206544 0.0917869732 -0.3214258254 -0.0729991943 0.9441168308
66.5 280.6 2424.6 0.5553914905 -0.7519576550 0.3551055491 0.7274334431 0.2323849797 -0.6456297636 0.4029650390 0.6168929338 0.6760638356
-38.0 143.7 2348.7 -0.2908499539 -0.7519576550 -0.5915792584 -0.9567506313 0.2323849797 0.1750014275 0.0058804713 0.6168929338 -0.7870250940
332.7 292.9 2334.1 0.1255413592 0.3953289390 0.9099199772 -0.9805430174 0.1889615208 0.0531879105 -0.1509131491 -0.8988929987 0.4113595188
366.2 31.4 2293.9 -0.1908551753 0.3883064091 0.9015499949 -0.9514827132 0.1526441574 -0.2671710849 -0.2413605899 -0.9088002443 0.3403339088
132.5 -110.8 2435.4 0.7429646850 0.0863097757 0.6637424827 -0.0366681963 0.9954105020 -0.0883934423 -0.6683254838 0.0413349681 0.7427196503
98.2 -506.5 2418.9 0.7254308462 -0.2060789466 0.6567203403 0.0648659244 0.9703486562 0.2328429520 -0.6852317452 -0.1263126880 0.7172883749
306.8 -105.9 2378.2 0.8934591413 0.0835971981 0.4412961006 0.0028229605 0.9814614058 -0.1916391850 -0.4491355717 0.1724675447 0.8766596913
273.5 -496.1 2309.6 0.8921319842 -0.1072211042 0.4388668537 0.0156291947 0.9781717658 0.2072094232 -0.4515043795 -0.1779990196 0.8743340969
42.3 407.7 2347.1 0 0 0 0 0 0 0 0 0
316.3 -217.3 2230.8 0 0 0 0 0 0 0 0 0
154.0 -769.1 2453.1 0 0 0 0 0 0 0 0 0
304.3 -776.9 2360.7 0 0 0 0 0 0 0 0 0
151.7 506.4 2406.9 82 0.9284861088 -0.1978331357 0.3142858446 0.2255176902 0.9727453589 -0.0539278761 -0.2950513661 0.1209482998 0.9477954507
197.4 281.6 2378.9 0.9284861088 -0.1978331357 0.3142858446 0.2255176902 0.9727453589 -0.0539278761 -0.2950513661 0.1209482998 0.9477954507
210.0 83.8 2393.0 0.9531943798 -0.0634368509 0.2956285179 0.0393844321 0.9954624176 0.0866221711 -0.2997821271 -0.0709246024 0.9513676167
63.3 276.1 2421.1 0.5593203902 -0.7447288036 0.3640600741 0.7385765314 0.2482993156 -0.6267791390 0.3763846159 0.6194565892 0.6889181137
-37.7 142.8 2353.1 -0.2990140915 -0.7447288036 -0.5966318846 -0.9539738297 0.2482993156 0.1681706160 0.0229017939 0.6194565892 -0.7846967578
331.5 287.2 2336.7 0.1316093653 0.4152972102 0.9001151323 -0.9784401059 0.2002145350 0.0506861210 -0.1591663212 -0.8873795271 0.4326935410
365.9 31.0 2295.1 -0.2065580785 0.4018650353 0.8920976520 -0.9504134655 0.1342317015 -0.2805282474 -0.2324822843 -0.9058070183 0.3542113006
141.0 -112.7 2437.8 0.7574839592 0.0978918895 0.6454728842 -0.0407031290 0.9938523173 -0.1029603481 -0.6515836716 0.0517180488 0.7568116784
102.1 -507.7 2417.3 0.7415444851 -0.1966148615 0.6414471269 0.0566440523 0.9710283279 0.2321539819 -0.6685082316 -0.1358183473 0.7311977148
314.5 -104.7 2378.9 0.9014407992 0.1042221412 0.4201692343 -0.0209954735 0.9799699783 -0.1980354190 -0.4323929250 0.1696955562 0.8855731487
273.1 -494.2 2311.4 0.8969752789 -0.1122773364 0.4275852442 0.0276335012 0.9795593023 0.1992485523 -0.4412162006 -0.1669053584 0.8817430735
45.3 407.6 2346.8 0 0 0 0 0 0 0 0 0
311.9 -217.5 2234.3 0 0 0 0 0 0 0 0 0
154.6 -767.0 2453.5 0 0 0 0 0 0 0 0 0
305.2 -774.5 2359.2 0 0 0 0 0 0 0 0 0
149.8 504.0 2402.8 83 0.9219433069 -0.2174362838 0.3205339015 0.2410853803 0.9698536396 -0.0355209857 -0.3031474352 0.1100243777 0.9465708137
199.4 282.4 2377.7 0.9219433069 -0.2174362838 0.3205339015 0.2410853803 0.9698536396 -0.0355209857 -0.3031474352 0.1100243777 0.9465708137
208.6 84.4 2391.4 0.9512035251 -0.0462547243 0.3050776124 0.0228849985 0.9965529442 0.0797403380 -0.3077143729 -0.0688675866 0.9489831924
65.6 279.2 2421.0 0.5582348704 -0.7433823347 0.3684515655 0.7425838113 0.2495886832 -0.6215100884 0.3700582683 0.6205547452 0.6913527846
-38.2 141.2 2352.2 -0.3042601347 -0.7445064187 -0.5942524076 -0.9525044560 0.2460870296 0.1793779135 0.0126898084 0.6206056476 -0.7840201855
333.2 285.7 2334.4 0.1202253029 0.4118144512 0.9033021331 -0.9807194471 0.1904741824 0.0436922088 -0.1540626585 -0.8911388516 0.4267742336
365.1 25.7 2293.5 -0.2178502381 0.3991896212 0.8906115294 -0.9474483728 0.1325412095 -0.2911605239 -0.2342709899 -0.9072378278 0.3493374288
135.2 -117.7 2434.6 0.7541509271 0.0654239580 0.6534340978 -0.0203114729 0.9968727827 -0.0763679966 -0.6563869715 0.0443207845 0.7531213760
109.2 -513.8 2416.9 0.7457916737 -0.1715603173 0.6437094212 0.0337431990 0.9747586250 0.2206966281 -0.6653240919 -0.1428728998 0.7327558398
310.0 -110.5 2379.6 0.8995648623 0.0975849330 0.4257467389 -0.0159944277 0.9814290404 -0.1911574602 -0.4364942908 0.1651489586 0.8844199181
271.2 -500.7 2313.9 0.8949115276 -0.1174883693 0.4304994643 0.0316333883 0.9789939523 0.2014202774 -0.4451209307 -0.1666351706 0.8798295856
47.0 407.9 2348.6 0 0 0 0 0 0 0 0 0
308.1 -222.1 2232.3 0 0 0 0 0 0 0 0 0
154.1 -768.9 2454.3 0 0 0 0 0 0 0 0 0
304.1 -774.3 2360.5 0 0 0 0 0 0 0 0 0
148.5 501.3 2400.8 84 0.9116234183 -0.2498912513 0.3263390064 0.2722717822 0.9619209170 -0.0240048263 -0.3079137206 0.1107362658 0.9449479580
204.4 286.0 2376.0 0.9116234183 -0.2498912513 0.3263390064 0.2722717822 0.9619209170 -0.0240048263 -0.3079137206 0.1107362658 0.9449479580
206.5 88.0 2392.1 0.9498445988 -0.0101053119 0.3125589192 -0.0156567283 0.9966876507 0.0798035115 -0.3123300672 -0.0806945860 0.9465401769
70.9 288.2 2419.9 0.5642921329 -0.7435199618 0.3588208854 0.7428104877 0.2675816715 -0.6137040257 0.3602872789 0.6128442883 0.7032886744
-38.4 144.2 2350.1 -0.2972320616 -0.7505281568 -0.5902208090 -0.9546200037 0.2457710356 0.1682177335 0.0188070480 0.6134363413 -0.7895202041
338.0 283.8 2332.1 0.1064167917 0.4131851196 0.9044078588 -0.9841858745 0.1733111292 0.0366254300 -0.1416108608 -0.8940029740 0.4250941575
366.0 24.8 2294.8 -0.2170988321 0.4057918489 0.8878068924 -0.9451189041 0.1401166022 -0.2951569557 -0.2441687733 -0.9031612873 0.3531024158
130.6 -115.8 2433.3 0.7531926036 0.0589385740 0.6551542878 -0.0112332376 0.9969850779 -0.0767759383 -0.6577041149 0.0504675619 0.7515838742
107.1 -512.1 2413.2 0.7457712293 -0.1798362583 0.6414703131 0.0330873467 0.9716866016 0.2339451909 -0.6653799415 -0.1532450318 0.7306061983
305.1 -111.6 2376.8 0.9016388655 0.0824759305 0.4245527983 -0.0046375808 0.9834356308 -0.1811985373 -0.4324648380 0.1614067405 0.8870862722
272.3 -502.5 2312.7 0.8986674547 -0.1115774065 0.4242019951 0.0250631124 0.9785872698 0.2043008357 -0.4379140139 -0.1729666889 0.8822209835
45.1 412.7 2344.8 0 0 0 0 0 0 0 0 0
309.2 -222.4 2231.0 0 0 0 0 0 0 0 0 0
155.4 -772.8 2454.4 0 0 0 0 0 0 0 0 0
303.6 -777.4 2361.3 0 0 0 0 0 0 0 0 0
148.3 506.9 2407.3 85 0.9136455655 -0.1902106404 0.3592654467 0.2062629759 0.9784750342 -0.0064990707 -0.3502960801 0.0800410062 0.9332127571
188.6 299.8 2390.3 0.9136455655 -0.1902106404 0.3592654467 0.2062629759 0.9784750342 -0.0064990707 -0.3502960801 0.0800410062 0.9332127571
200.3 102.1 2393.5 0.9333876967 -0.0604729727 0.3537378013 0.0506070592 0.9980299473 0.0370834768 -0.3552834690 -0.0167116318 0.9346092343
57.7 292.6 2440.0 0.4489490986 -0.8658931255 0.2206214666 0.7699308395 0.2495542318 -0.5873066783 0.4534878135 0.4335340858 0.7787149549
-31.3 139.9 2350.1 -0.2504081428 -0.8658931255 -0.4330414534 -0.9665071964 0.2495542318 0.0598879568 0.0562107563 0.4335340858 -0.8993822932
319.6 307.0 2340.7 0.1481748372 0.3675214946 0.9181351662 -0.9757719040 0.2054469436 0.0752380267 -0.1609764695 -0.9070388675 0.3890592158
363.1 20.6 2293.5 -0.2118597329 0.3577146232 0.9094809890 -0.9456174970 0.1600010842 -0.2832087576 -0.2468258590 -0.9200217128 0.3043633997
121.4 -108.6 2436.8 0.7188692689 0.0409382023 0.6939387918 0.0141216880 0.9971983433 -0.0734577104 -0.6950018406 0.0626060814 0.7162771225
105.1 -504.9 2411.9 0.7173073292 -0.1818929911 0.6725957990 0.0226057284 0.9708907008 0.2384537160 -0.6963900924 -0.1558400840 0.7005388737
296.1 -109.8 2378.2 0.8770406246 0.0568422340 0.4770416021 0.0287857354 0.9849738479 -0.1702878177 -0.4795530438 0.1630813330 0.8622258306
273.4 -502.6 2313.1 0.8792968392 -0.1061260626 0.4642998278 0.0095499475 0.9785910249 0.2055929452 -0.4761784077 -0.1763431877 0.8614854813
37.8 406.9 2334.5 0 0 0 0 0 0 0 0 0
307.6 -226.7 2228.9 0 0 0 0 0 0 0 0 0
154.8 -769.8 2454.4 0 0 0 0 0 0 0 0 0
303.4 -779.1 2362.9 0 0 0 0 0 0 0 0 0
148.0 513.8 2411.0 86 0.9127375484 -0.1532701403 0.3787062466 0.1652510762 0.9862511158 0.0008766410 -0.3736338317 0.0617814697 0.9255164862
179.6 310.5 2398.3 0.9127375484 -0.1532701403 0.3787062466 0.1652510762 0.9862511158 0.0008766410 -0.3736338317 0.0617814697 0.9255164862
196.4 112.9 2395.6 0.9224961996 -0.0857204199 0.3763678372 0.0843006149 0.9962340593 0.0202743188 -0.3766883910 0.0130250584 0.9262484312
50.0 298.5 2451.0 0.3851501048 -0.9118900299 0.1418306977 0.7725455761 0.2345206887 -0.5900621414 0.5048095584 0.3368331790 0.7948023081
-28.7 140.7 2347.9 -0.2306336462 -0.9118900299 -0.3395064771 -0.9716434479 0.2345206887 0.0301513989 0.0521265343 0.3368331790 -0.9401203394
309.1 322.4 2345.6 0.2003786415 0.3410125673 0.9184545875 -0.9651565552 0.2297410071 0.1252671629 -0.1682890058 -0.9115533233 0.3751657307
365.4 51.2 2298.3 -0.1956026554 0.3293959498 0.9237087965 -0.9498970509 0.1705155522 -0.2619543374 -0.2437934130 -0.9286671877 0.2795389295
126.7 -100.3 2428.9 0.6978718042 0.0596730895 0.7137324810 -0.0128927501 0.9974083304 -0.0707841516 -0.7161066532 0.0401962884 0.6968324780
103.0 -496.7 2413.0 0.6913478971 -0.1862149984 0.6981132030 0.0237214975 0.9715462327 0.2356590182 -0.7221325040 -0.1463620812 0.6760937572
297.7 -90.1 2363.6 0.8607329130 0.0615380965 0.5053235292 0.0074311472 0.9910416603 -0.1333463490 -0.5090025663 0.1185307279 0.8525648713
273.2 -484.3 2316.4 0.8604799509 -0.1007977426 0.4994136989 0.0099260379 0.9833644032 0.1813721955 -0.5093875527 -0.1511099488 0.8471659422
33.5 402.4 2333.8 0 0 0 0 0 0 0 0 0
314.2 -197.2 2234.5 0 0 0 0 0 0 0 0 0
154.9 -767.6 2453.8 0 0 0 0 0 0 0 0 0
303.4 -779.1 2361.7 0 0 0 0 0 0 0 0 0
146.1 513.4 2411.9 87 0.9075136185 -0.1329465210 0.3984272480 0.1426626742 0.9897571206 0.0053120158 -0.3950524032 0.0520199724 0.9171845317
173.1 312.4 2401.3 0.9075136185 -0.1329465210 0.3984272480 0.1426626742 0.9897571206 0.0053120158 -0.3950524032 0.0520199724 0.9171845317
192.2 114.9 2395.9 0.9125402570 -0.0965179652 0.3974350095 0.0991853476 0.9949719906 0.0138942273 -0.3967777491 0.0267406888 0.9175251126
44.9 298.4 2457.0 0.3730372190 -0.9217272401 0.1061229780 0.7531567812 0.2340286076 -0.6148052216 0.5418469310 0.3092724681 0.7815065384
-32.6 141.9 2344.5 -0.2304931730 -0.9217272401 -0.3119162619 -0.9718656540 0.2340286076 0.0266028233 0.0484767780 0.3092724681 -0.9497370720
301.4 326.4 2345.7 0.2451756746 0.3184983730 0.9156678915 -0.9555597305 0.2388618439 0.1727732271 -0.1636901200 -0.9173351526 0.3629073501
366.8 71.4 2302.0 -0.1664952934 0.3109090328 0.9357429743 -0.9527945518 0.1936251074 -0.2338629365 -0.2538934350 -0.9305078387 0.2639947832
128.7 -92.4 2427.2 0.6791483164 0.0733295605 0.7303289175 -0.0304190777 0.9969541430 -0.0718130469 -0.7333704233 0.0265557803 0.6793103814
99.6 -488.6 2416.6 0.6688379049 -0.1905382425 0.7185757160 0.0285195149 0.9724612236 0.2313133031 -0.7428610325 -0.1342176646 0.6558529735
297.8 -76.4 2358.1 0.8474374413 0.0710444525 0.5261202455 0.0046726237 0.9899691343 -0.1412064582 -0.5308747292 0.1221219972 0.8386049271
269.5 -470.1 2309.5 0.8474213481 -0.1096237376 0.5194801688 0.0048162760 0.9799981713 0.1989482045 -0.5308991075 -0.1660909951 0.8309993744
28.2 398.4 2331.7 0 0 0 0 0 0 0 0 0
323.3 -177.7 2235.6 0 0 0 0 0 0 0 0 0
154.6 -769.3 2455.4 0 0 0 0 0 0 0 0 0
304.0 -779.0 2361.9 0 0 0 0 0 0 0 0 0
145.4 511.6 2404.8 88 0.9010586143 -0.1238955185 0.4156240225 0.1225686818 0.9920068979 0.0299877785 -0.4160172343 0.0239217412 0.9090420008
170.4 311.2 2400.0 0.9010586143 -0.1238955185 0.4156240225 0.1225686818 0.9920068979 0.0299877785 -0.4160172343 0.0239217412 0.9090420008
190.4 113.6 2397.3 0.9039374590 -0.1008537486 0.4156026840 0.0971189961 0.9948152304 0.0301762950 -0.4164912701 0.0130854324 0.9090455174
43.3 297.5 2458.5 0.3683094084 -0.9235218763 0.1070305556 0.7459820509 0.2248558551 -0.6268576980 0.5548503399 0.3107204735 0.7717472911
-33.6 141.8 2342.7 -0.2262149602 -0.9235218763 -0.3097324073 -0.9735463262 0.2248558551 0.0405881070 0.0321611390 0.3107204735 -0.9499570727
297.5 324.8 2341.5 0.2708593309 0.2982773185 0.9152408838 -0.9513043761 0.2282895446 0.2071324438 -0.1471570134 -0.9267764091 0.3455868959
367.7 78.3 2303.3 -0.1468711942 0.2963013053 0.9437342882 -0.9523966908 0.2153171748 -0.2158217728 -0.2671504617 -0.9305074215 0.2505725026
127.6 -91.8 2426.8 0.6658986211 0.0704556108 0.7427079082 -0.0189950224 0.9968090653 -0.0775298476 -0.7458003759 0.0375192687 0.6651120782
99.6 -488.0 2411.9 0.6598763466 -0.1898671389 0.7269894481 0.0137078054 0.9704275131 0.2410032749 -0.7512491345 -0.1490669399 0.6429648399
294.9 -73.3 2354.0 0.8372842073 0.0671797097 0.5426251292 0.0096794134 0.9904464483 -0.1375578195 -0.5466822386 0.1204272807 0.8286349177
268.1 -467.2 2306.2 0.8386583924 -0.1121535227 0.5329856277 -0.0018000582 0.9779936671 0.2086267769 -0.5446547866 -0.1759259999 0.8200007081
25.6 396.6 2334.3 0 0 0 0 0 0 0 0 0
329.3 -170.7 2233.5 0 0 0 0 0 0 0 0 0
154.9 -770.6 2455.3 0 0 0 0 0 0 0 0 0
303.8 -778.3 2362.1 0 0 0 0 0 0 0 0 0
145.4 506.5 2401.8 89 0.9036162496 -0.1167019606 0.4121387005 0.1128246859 0.9930391312 0.0338220783 -0.4132169485 0.0159372408 0.9104931355
168.9 306.8 2398.6 0.9036162496 -0.1167019606 0.4121387005 0.1128246859 0.9930391312 0.0338220783 -0.4132169485 0.0159372408 0.9104931355
189.0 109.1 2396.2 0.9053258896 -0.1014805511 0.4124157131 0.0972485989 0.9947679043 0.0312983170 -0.4134340882 0.0117716733 0.9104579687
41.5 293.1 2456.7 0.3602704108 -0.9267530441 0.1064612940 0.7400519848 0.2144652307 -0.6374384165 0.5679157376 0.3084370792 0.7631109357
-30.8 144.5 2342.7 -0.2147463411 -0.9267530441 -0.3082414269 -0.9760963321 0.2144652307 0.0352217518 0.0334652029 0.3084370792 -0.9506558776
296.2 320.5 2340.5 0.2804789543 0.2998325527 0.9118289351 -0.9484103918 0.2328589857 0.2151614577 -0.1478151530 -0.9251362681 0.3496763408
368.0 77.9 2302.7 -0.1381912231 0.2983646095 0.9443948865 -0.9520902634 0.2226396352 -0.2096562535 -0.2728137672 -0.9281218648 0.2533032000
127.5 -93.0 2432.8 0.6698057652 0.0550325587 0.7404941916 0.0014859560 0.9971483946 -0.0754508674 -0.7425348759 0.0516377650 0.6678139567
105.7 -489.3 2412.3 0.6692861915 -0.1728104353 0.7226288915 0.0044300128 0.9734873176 0.2286980599 -0.7429915071 -0.1498631984 0.6523072124
293.3 -75.0 2356.5 0.8396733999 0.0649927482 0.5391887426 0.0171253569 0.9891511798 -0.1458994895 -0.5428215861 0.1317417175 0.8294509053
267.4 -468.3 2304.1 0.8419619203 -0.1161175966 0.5268935561 -0.0009076910 0.9762600064 0.2166001052 -0.5395361781 -0.1828473061 0.8218683600
24.4 395.4 2334.1 0 0 0 0 0 0 0 0 0
331.8 -171.1 2231.3 0 0 0 0 0 0 0 0 0
155.2 -768.2 2455.3 0 0 0 0 0 0 0 0 0
304.1 -776.8 2361.8 0 0 0 0 0 0 0 0 0
142.9 502.8 2401.3 90 0.8982182145 -0.2142570019 0.3837941885 0.2126539797 0.9759884477 0.0471677184 -0.3846847415 0.0392484590 0.9222131968
186.7 303.6 2393.3 0.8982182145 -0.2142570019 0.3837941885 0.2126539797 0.9759884477 0.0471677184 -0.3846847415 0.0392484590 0.9222131968
192.4 105.5 2393.4 0.9211882949 -0.0288441833 0.3880465627 0.0259866305 0.9995827675 0.0126107745 -0.3882483840 -0.0015328752 0.9215534925
57.5 300.0 2447.8 0.4225506485 -0.8782188892 0.2240145057 0.7488761544 0.1990831047 -0.6320999861 0.5105246305 0.4348533750 0.7417998910
-29.5 145.8 2342.7 -0.2086495161 -0.8782188892 -0.4303451180 -0.9776395559 0.1990831047 0.0677258074 0.0261963606 0.4348533750 -0.9001201391
315.9 307.2 2338.7 0.2168048322 0.3380652070 0.9158098102 -0.9651209712 0.2152556330 0.1490183473 -0.1467553079 -0.9161751866 0.3729422987
368.3 73.7 2303.2 -0.1466644555 0.3378700614 0.9296953082 -0.9499443173 0.2139899135 -0.2276271135 -0.2758537829 -0.9165436029 0.2895730138
126.2 -97.5 2431.8 0.6930951476 0.0544592105 0.7187860012 -0.0067470069 0.9975885153 -0.0690769777 -0.7208145857 0.0430272594 0.6917911768
104.5 -494.1 2414.7 0.6889457107 -0.1750563830 0.7033556104 0.0175399855 0.9741384387 0.2252701968 -0.7246006727 -0.1428620815 0.6741989851
292.2 -79.6 2355.9 0.8593496680 0.0614328608 0.5076850653 0.0085900333 0.9908841252 -0.1344429702 -0.5113162398 0.1198945642 0.8509882092
267.8 -473.6 2308.3 0.8579690456 -0.1213489026 0.4991628528 0.0202171765 0.9789220691 0.2032310814 -0.5133033991 -0.1642743200 0.8423381448
23.7 395.3 2336.0 0 0 0 0 0 0 0 0 0
330.0 -174.8 2231.1 0 0 0 0 0 0 0 0 0
154.2 -770.6 2455.2 0 0 0 0 0 0 0 0 0
304.8 -771.9 2358.3 0 0 0 0 0 0 0 0 0
143.2 500.7 2400.0 91 0.8966704607 -0.1598213017 0.4128428400 0.1551773250 0.9868611097 0.0450014174 -0.4146107435 0.0237124059 0.9096898437
175.4 301.8 2395.3 0.8966704607 -0.1598213017 0.4128428400 0.1551773250 0.9868611097 0.0450014174 -0.4146107435 0.0237124059 0.9096898437
186.9 103.7 2393.5 0.9075549245 -0.0580526032 0.4159013629 0.0560042672 0.9982835054 0.0171338860 -0.4161821604 0.0077423085 0.9092482924
48.0 294.0 2453.7 0.3893150687 -0.9075936079 0.1571865380 0.7319752574 0.2012479603 -0.6509312391 0.5591475964 0.3684740067 0.7426849008
-30.0 147.2 2341.6 -0.2102835476 -0.9075936079 -0.3633932471 -0.9775106311 0.2012479603 0.0630255044 0.0159306042 0.3684740067 -0.9295015335
302.8 309.6 2336.8 0.2390188575 0.3064582646 0.9213865995 -0.9597954154 0.2183931768 0.1763437837 -0.1471825391 -0.9264921546 0.3463373482
366.7 53.1 2297.4 -0.1673522294 0.3044107854 0.9377245307 -0.9493935704 0.2066612989 -0.2365226150 -0.2657914162 -0.9298522472 0.2544203997
113.8 -95.0 2429.0 0.6697883010 0.0341443196 0.7417666316 0.0018298792 0.9988633394 -0.0476310737 -0.7425498366 0.0332600810 0.6689645052
100.2 -492.0 2415.8 0.6656240225 -0.1861765385 0.7226914763 0.0245553739 0.9733217955 0.2281264514 -0.7458831668 -0.1341004819 0.6524380445
282.3 -90.3 2357.9 0.8425800204 0.0330217555 0.5375579000 0.0410301685 0.9912821054 -0.1252052635 -0.5370060205 0.1275515407 0.8338795900
269.1 -484.2 2307.2 0.8464933038 -0.1234115362 0.5178982615 0.0128393713 0.9772119522 0.2118770927 -0.5322445035 -0.1727030575 0.8287879229
23.3 395.4 2337.6 0 0 0 0 0 0 0 0 0
322.9 -195.1 2227.9 0 0 0 0 0 0 0 0 0
153.5 -770.5 2454.2 0 0 0 0 0 0 0 0 0
305.4 -771.0 2357.9 0 0 0 0 0 0 0 0 0
143.5 500.9 2406.9 92 0.8885608912 -0.1294155866 0.4401263297 0.1306607872 0.9910423160 0.0276199263 -0.4397582710 0.0329652689 0.8975109458
169.5 302.2 2400.3 0.8885608912 -0.1294155866 0.4401263297 0.1306607872 0.9910423160 0.0276199263 -0.4397582710 0.0329652689 0.8975109458
184.3 104.2 2395.8 0.8940675855 -0.0751909018 0.4415761530 0.0771572813 0.9969270825 0.0135333939 -0.4412368238 0.0219710469 0.8971217275
43.9 291.3 2462.3 0.3902669251 -0.9108901024 0.1340557635 0.7121453285 0.2063619941 -0.6710169315 0.5835586786 0.3573428988 0.7292224169
-39.7 138.8 2337.3 -0.2258680910 -0.9108901024 -0.3453445137 -0.9740679264 0.2063619941 0.0927704573 -0.0132377073 0.3573428988 -0.9338794351
295.0 313.0 2338.3 0.2670892179 0.2785395980 0.9225394726 -0.9519981146 0.2248207480 0.2077384740 -0.1495426297 -0.9337404966 0.3252163529
366.9 56.8 2298.1 -0.1733194143 0.2737590075 0.9460530877 -0.9523964524 0.1980312914 -0.2317857742 -0.2508015633 -0.9411905408 0.2264044136
115.3 -99.5 2429.9 0.6475186348 0.0360580310 0.7611960173 0.0058544865 0.9986150265 -0.0522847995 -0.7620270848 0.0383117944 0.6464107633
101.0 -496.5 2414.7 0.6459323168 -0.1874070168 0.7400338650 0.0142080737 0.9721820951 0.2337951064 -0.7632624507 -0.1405013502 0.6306264997
281.4 -89.2 2353.7 0.8254188895 0.0305958260 0.5636910200 0.0431150906 0.9921969771 -0.1169880182 -0.5628718734 0.1208677143 0.8176590204
269.2 -483.7 2305.6 0.8316486478 -0.1218153313 0.5417762399 -0.0002069469 0.9755741954 0.2196700126 -0.5553021431 -0.1828003973 0.8113097548
11.7 360.4 2340.3 0 0 0 0 0 0 0 0 0
321.6 -192.2 2232.5 0 0 0 0 0 0 0 0 0
153.7 -770.2 2454.2 0 0 0 0 0 0 0 0 0
305.4 -772.9 2359.8 0 0 0 0 0 0 0 0 0
140.0 506.3 2410.3 93 0.8889829516 -0.1190379038 0.4421982765 0.1206679642 0.9923890829 0.0245594624 -0.4417562485 0.0315262228 0.8965809941
163.9 307.0 2404.0 0.8889829516 -0.1190379038 0.4421982765 0.1206679642 0.9923890829 0.0245594624 -0.4417562485 0.0315262228 0.8965809941
181.1 109.2 2398.4 0.8921282291 -0.0870004743 0.4433262348 0.0903168246 0.9958192110 0.0136751505 -0.4426625073 0.0278398283 0.8962560296
38.5 294.3 2466.3 0.3624610305 -0.9271932840 0.0945228636 0.7201331854 0.2142396867 -0.6599314809 0.5916334987 0.3072685003 0.7453562021
-41.1 136.3 2336.4 -0.2331326902 -0.9271932840 -0.2931922674 -0.9721053839 0.2142396867 0.0954593420 -0.0256958418 0.3072685003 -0.9512758851
289.3 319.8 2341.8 0.2884378135 0.2733407617 0.9176537991 -0.9450928569 0.2350503057 0.2270482332 -0.1536332667 -0.9327573180 0.3261297941
367.4 63.7 2300.1 -0.1687271148 0.2679229081 0.9485507011 -0.9523515701 0.2037585676 -0.2269558311 -0.2540819943 -0.9416473508 0.2207771987
117.3 -100.8 2431.7 0.6454054713 0.0367561281 0.7629552484 0.0066066133 0.9985355735 -0.0536941662 -0.7638115287 0.0396950617 0.6442174911
102.7 -497.8 2415.9 0.6434115171 -0.1848766357 0.7428608537 0.0173138324 0.9736658931 0.2273213863 -0.7653246522 -0.1333994269 0.6296687722
281.1 -86.7 2350.8 0.8233308792 0.0244585685 0.5670344234 0.0426795445 0.9935742021 -0.1048274785 -0.5659546852 0.1105084717 0.8169963956
271.4 -481.7 2306.9 0.8306010962 -0.1100563705 0.5458840728 -0.0108146071 0.9769029021 0.2134098113 -0.5567628741 -0.1831619442 0.8102263808
12.9 361.3 2342.3 0 0 0 0 0 0 0 0 0
323.3 -185.4 2233.7 0 0 0 0 0 0 0 0 0
154.1 -768.5 2453.0 0 0 0 0 0 0 0 0 0
304.2 -772.7 2361.5 0 0 0 0 0 0 0 0 0
139.4 504.2 2404.6 94 0.9007107019 -0.1145642847 0.4190409184 0.1077345535 0.9933741093 0.0400140695 -0.4208485782 0.0091040852 0.9070852399
162.4 304.9 2402.7 0.9007107019 -0.1145642847 0.4190409184 0.1077345535 0.9933741093 0.0400140695 -0.4208485782 0.0091040852 0.9070852399
180.9 107.1 2400.0 0.9025164247 -0.0934838802 0.4203866124 0.0904722288 0.9955288768 0.0271493699 -0.4210450351 0.0135305626 0.9069387913
35.5 292.2 2462.0 0.3363690972 -0.9374533296 0.0896497443 0.7321431637 0.2004465461 -0.6509897113 0.5923025012 0.2846092582 0.7537740469
-34.0 140.8 2339.5 -0.2129539996 -0.9374533296 -0.2753758132 -0.9769707918 0.2004465461 0.0731384531 -0.0133657539 0.2846092582 -0.9585504532
289.3 317.7 2343.5 0.2978484333 0.2900390327 0.9094853997 -0.9421341419 0.2428572029 0.2310923189 -0.1538492888 -0.9256877303 0.3455902934
366.1 74.7 2303.9 -0.1408735365 0.2847781479 0.9481856823 -0.9570910931 0.2058080882 -0.2040090412 -0.2532415986 -0.9362395406 0.2435657084
116.6 -96.9 2433.4 0.6643786430 0.0412036814 0.7462595105 -0.0020852152 0.9985775352 -0.0532786436 -0.7473932505 0.0338410810 0.6635195017
100.2 -493.9 2419.9 0.6574294567 -0.1881992668 0.7296351790 0.0366323963 0.9751451015 0.2185179442 -0.7526251078 -0.1169318557 0.6479833126
280.2 -80.4 2352.2 0.8372167349 0.0264360849 0.5462319255 0.0443462133 0.9922596216 -0.1159925833 -0.5450702310 0.1213342473 0.8295639753
269.7 -474.8 2304.0 0.8440613747 -0.1131606176 0.5241708755 -0.0052645737 0.9756852388 0.2191132158 -0.5362207890 -0.1877045333 0.8229424357
17.2 375.8 2342.7 0 0 0 0 0 0 0 0 0
329.3 -175.5 2237.6 0 0 0 0 0 0 0 0 0
153.4 -769.3 2452.9 0 0 0 0 0 0 0 0 0
304.1 -771.8 2361.1 0 0 0 0 0 0 0 0 0
138.8 500.7 2402.7 95 0.8980189562 -0.2162120640 0.3831635714 0.2175749391 0.9752086997 0.0403625965 -0.3823913336 0.0471204147 0.9227982163
182.6 303.3 2393.1 0.8980189562 -0.2162120640 0.3831635714 0.2175749391 0.9752086997 0.0403625965 -0.3823913336 0.0471204147 0.9227982163
187.6 105.2 2395.4 0.9223716259 -0.0260878932 0.3854218423 0.0190964583 0.9995765090 0.0219572764 -0.3858314455 -0.0128925769 0.9224792123
53.3 300.7 2447.2 0.4249297678 -0.8774730563 0.2224313170 0.7380781770 0.1935822219 -0.6463486552 0.5240947604 0.4388244748 0.7299025655
-34.0 149.1 2339.6 -0.2197925746 -0.8774730563 -0.4263006151 -0.9755035639 0.1935822219 0.1044925973 -0.0091652209 0.4388244748 -0.8985260725
311.9 306.0 2339.0 0.2142438889 0.3407450616 0.9154192209 -0.9673106074 0.2041953206 0.1503811926 -0.1356826872 -0.9177129865 0.3733538985
363.2 74.5 2306.5 -0.1210216954 0.3415804803 0.9320281744 -0.9565613866 0.2107404023 -0.2014418542 -0.2652246058 -0.9159209728 0.3012385368
116.7 -99.1 2435.9 0.6967315674 0.0444709808 0.7159520984 0.0035160680 0.9978527427 -0.0654027611 -0.7173233032 0.0480855070 0.6950791478
99.0 -495.8 2416.8 0.6884842515 -0.1999866813 0.6971332431 0.0469668061 0.9715066552 0.2323120981 -0.7237288952 -0.1272010952 0.6782597899
282.2 -82.4 2358.7 0.8634478450 0.0306669995 0.5035051107 0.0479502007 0.9886407852 -0.1424437314 -0.5021539927 0.1471358985 0.8521692157
270.0 -475.4 2300.2 0.8706579804 -0.1088431552 0.4796955884 -0.0049983957 0.9732031822 0.2298924625 -0.4918634892 -0.2025554180 0.8467831016
21.8 396.7 2342.0 0 0 0 0 0 0 0 0 0
331.5 -175.6 2237.2 0 0 0 0 0 0 0 0 0
156.3 -773.9 2453.2 0 0 0 0 0 0 0 0 0
303.6 -775.2 2362.6 0 0 0 0 0 0 0 0 0
136.5 500.9 2402.2 96 0.8966020942 -0.2603517473 0.3582201004 0.2692991197 0.9627147913 0.0256555714 -0.3515432775 0.0734655187 0.9332845807
191.5 297.5 2386.7 0.8966020942 -0.2603517473 0.3582201004 0.2692991197 0.9627147913 0.0256555714 -0.3515432775 0.0734655187 0.9332845807
190.6 99.2 2393.0 0.9337975979 0.0040290370 0.3577790856 -0.0154357012 0.9994593263 0.0290317759 -0.3574686646 -0.0326323733 0.9333548546
60.5 299.7 2436.9 0.4799231887 -0.8203163147 0.3110544682 0.7294089198 0.1760842055 -0.6610272527 0.4874796569 0.5441281796 0.6828529239
-35.3 154.2 2339.6 -0.2196018845 -0.8203163147 -0.5280683041 -0.9754680395 0.1760842055 0.1321228147 -0.0153980097 0.5441281796 -0.8388607502
322.6 295.3 2336.6 0.1606969684 0.3716424406 0.9143623114 -0.9771007895 0.1908029318 0.0941712931 -0.1394649595 -0.9085571766 0.3937935829
362.5 52.4 2301.9 -0.1388450712 0.3729428947 0.9174070358 -0.9535764456 0.1996334344 -0.2254738212 -0.2672339678 -0.9061236382 0.3279114664
108.4 -94.7 2433.0 0.7204535007 0.0196626652 0.6932244301 0.0233055446 0.9983469248 -0.0525381379 -0.6931115389 0.0540072583 0.7188042998
100.5 -491.5 2411.5 0.7175791264 -0.1924732029 0.6693536043 0.0382309668 0.9704926610 0.2380805761 -0.6954269409 -0.1452516168 0.7037637234
277.0 -91.2 2362.4 0.8808323741 0.0154734068 0.4731753170 0.0552717634 0.9892699122 -0.1352406442 -0.4701907337 0.1452775747 0.8705257773
270.8 -484.5 2304.7 0.8867909312 -0.1111279130 0.4486116171 0.0110036470 0.9754635692 0.2198857367 -0.4620397389 -0.1900563240 0.8662551045
22.7 411.5 2343.7 0 0 0 0 0 0 0 0 0
326.2 -197.0 2232.0 0 0 0 0 0 0 0 0 0
156.0 -771.1 2453.4 0 0 0 0 0 0 0 0 0
303.9 -774.6 2361.2 0 0 0 0 0 0 0 0 0
136.3 501.4 2407.5 97 0.8913880587 -0.2828748524 0.3541315794 0.3050553799 0.9523076415 -0.0071692695 -0.3352141976 0.1144203544 0.9351681471
198.2 293.3 2382.5 0.8913880587 -0.2828748524 0.3541315794 0.3050553799 0.9523076415 -0.0071692695 -0.3352141976 0.1144203544 0.9351681471
192.3 95.1 2391.5 0.9366872907 0.0293096062 0.3489381373 -0.0434582345 0.9985170960 0.0327869914 -0.3474597335 -0.0458753966 0.9365720153
66.6 299.4 2431.3 0.5126808882 -0.7782121301 0.3626901805 0.7255295515 0.1668023616 -0.6676704288 0.4590916634 0.6054443121 0.6501322985
-36.5 153.5 2339.0 -0.2197592556 -0.7782121301 -0.5882955790 -0.9754575491 0.1668023616 0.1437342167 -0.0137266200 0.6054443121 -0.7957692742
329.7 287.2 2333.7 0.1329778582 0.3833310008 0.9139881134 -0.9806444645 0.1846038401 0.0652520880 -0.1437125653 -0.9049744606 0.4004596472
363.6 37.8 2297.1 -0.1737140715 0.3798167109 0.9086048007 -0.9537650347 0.1648975015 -0.2512789369 -0.2452666014 -0.9102461934 0.3336108625
104.2 -97.7 2431.9 0.7285175920 0.0090022217 0.6849679351 0.0237506852 0.9989805222 -0.0383898802 -0.6846151948 0.0442361608 0.7275611162
100.6 -494.8 2414.3 0.7247913480 -0.1885278672 0.6626724601 0.0437732302 0.9724903703 0.2287933975 -0.6875764728 -0.1368201524 0.7131050229
275.1 -100.5 2366.5 0.8875472546 0.0096665453 0.4606152773 0.0638603121 0.9875476956 -0.1437755525 -0.4562693834 0.1570226401 0.8758779168
271.3 -493.1 2304.1 0.8949874640 -0.1108934805 0.4320880771 0.0104142753 0.9735390544 0.2282832861 -0.4459697604 -0.1998107880 0.8724601269
23.3 418.9 2342.7 0 0 0 0 0 0 0 0 0
318.2 -211.5 2233.1 0 0 0 0 0 0 0 0 0
153.8 -769.2 2452.9 0 0 0 0 0 0 0 0 0
303.5 -776.6 2362.3 0 0 0 0 0 0 0 0 0
140.0 503.2 2403.6 98 0.9002719522 -0.2651060224 0.3452957869 0.2848478854 0.9585491419 -0.0067287195 -0.3291991353 0.1044144481 0.9384697676
197.7 294.3 2380.9 0.9002719522 -0.2651060224 0.3452957869 0.2848478854 0.9585491419 -0.0067287195 -0.3291991353 0.1044144481 0.9384697676
192.1 96.0 2392.0 0.9402934313 0.0279372931 0.3392163515 -0.0453184433 0.9980283380 0.0434248745 -0.3373343647 -0.0562048815 0.9397055507
65.5 300.6 2428.3 0.5080844760 -0.7777651548 0.3700425625 0.7356663346 0.1684421152 -0.6560657620 0.4479343295 0.6055647135 0.6577584743
-37.3 151.8 2337.7 -0.2188087255 -0.7777651548 -0.5892402530 -0.9757202864 0.1684421152 0.1399899274 -0.0096263997 0.6055647135 -0.7957378626
330.0 287.9 2333.5 0.1281881183 0.3916358054 0.9111471772 -0.9817028046 0.1805498600 0.0605092682 -0.1408098936 -0.9022322893 0.4076143205
364.0 26.8 2296.0 -0.1979299486 0.3851655424 0.9013718367 -0.9507076144 0.1484991908 -0.2722187042 -0.2387022525 -0.9108213186 0.3367873728
100.6 -99.2 2432.3 0.7355117202 -0.0004668585 0.6775118113 0.0273742657 0.9992036819 -0.0290291719 -0.6769587398 0.0398976840 0.7349388003
100.7 -496.4 2416.4 0.7309336662 -0.1906392276 0.6552805901 0.0519434735 0.9729462862 0.2251165211 -0.6804688573 -0.1305076927 0.7210616469
272.1 -107.1 2368.6 0.8921018243 -0.0026313676 0.4518267214 0.0737378970 0.9874246716 -0.1398399770 -0.4457768798 0.1580682546 0.8810774088
273.2 -499.7 2305.8 0.9003624916 -0.1090596840 0.4212521613 0.0146894762 0.9751487374 0.2210636884 -0.4348926544 -0.1928494871 0.8795893788
23.4 422.5 2340.3 0 0 0 0 0 0 0 0 0
312.3 -221.7 2233.6 0 0 0 0 0 0 0 0 0
154.1 -768.6 2452.9 0 0 0 0 0 0 0 0 0
304.1 -775.9 2360.4 0 0 0 0 0 0 0 0 0
140.5 505.7 2408.2 99 0.9001174569 -0.2625011802 0.3476805389 0.2904967666 0.9564062357 -0.0299799554 -0.3246540427 0.1279855520 0.9371336102
199.0 292.3 2379.7 0.9001174569 -0.2625011802 0.3476805389 0.2904967666 0.9564062357 -0.0299799554 -0.3246540427 0.1279855520 0.9371336102
194.0 93.9 2389.9 0.9403784275 0.0253819153 0.3391816318 -0.0414035432 0.9983381629 0.0400825478 -0.3376005888 -0.0517360829 0.9398666024
66.7 298.1 2427.1 0.5127473474 -0.7772926092 0.3645632863 0.7267670631 0.1669141054 -0.6662951708 0.4570555687 0.6065936685 0.6504954696
-37.9 149.9 2333.9 -0.2182090580 -0.7772926092 -0.5900856256 -0.9758389592 0.1669141054 0.1409893632 -0.0110963779 0.6065936685 -0.7949345708
331.3 286.5 2332.2 0.1267667562 0.3923134804 0.9110544920 -0.9824537635 0.1763272136 0.0607723668 -0.1368018836 -0.9027728438 0.4077822864
364.8 27.0 2296.0 -0.2064177096 0.3844366670 0.8997778296 -0.9506841898 0.1387682110 -0.2773858607 -0.2314978689 -0.9126619697 0.3368336558
100.3 -98.1 2434.0 0.7353877425 -0.0002830953 0.6776465178 0.0297959428 0.9990462661 -0.0319174454 -0.6769911647 0.0436628163 0.7346948385
100.5 -495.3 2416.6 0.7311894894 -0.1898570210 0.6552222967 0.0523358732 0.9732722640 0.2236113399 -0.6801638603 -0.1292106360 0.7215827703
272.7 -106.4 2372.2 0.8918965459 -0.0031931023 0.4522281885 0.0726169944 0.9880107045 -0.1362410188 -0.4463712573 0.1543523520 0.8814352155
274.0 -499.2 2310.8 0.9001269937 -0.1011798456 0.4237145782 0.0106375441 0.9774683118 0.2108139694 -0.4354977012 -0.1852520704 0.8809219003
23.3 423.6 2337.0 0 0 0 0 0 0 0 0 0
310.8 -221.6 2235.5 0 0 0 0 0 0 0 0 0
154.3 -771.3 2453.3 0 0 0 0 0 0 0 0 0
303.0 -779.0 2363.8 0 0 0 0 0 0 0 0 0
140.2 506.2 2410.5 00 0.9048582315 -0.2506334186 0.3441141248 0.2805073857 0.9590559602 -0.0390798561 -0.3202299774 0.1318882704 0.9381141663
195.9 293.2 2381.2 0.9048582315 -0.2506334186 0.3441141248 0.2805073857 0.9590559602 -0.0390798561 -0.3202299774 0.1318882704 0.9381141663
191.2 94.7 2390.5 0.9417934418 0.0233616736 0.3353793621 -0.0376486033 0.9986366034 0.0361602083 -0.3340773582 -0.0466820113 0.9413889050
63.4 298.5 2428.2 0.4937069714 -0.7903590798 0.3627476990 0.7359898686 0.1575605273 -0.6584023237 0.4632195532 0.5920364261 0.6594850421
-39.5 145.2 2331.7 -0.2163121551 -0.7903590798 -0.5731854439 -0.9758917689 0.1575605273 0.1510294229 -0.0290560890 0.5920364261 -0.8053871989
328.4 287.9 2334.2 0.1376802176 0.3933196366 0.9090345502 -0.9782909155 0.1975215673 0.0627063140 -0.1548902988 -0.8979336619 0.4119758606
365.3 26.0 2292.7 -0.2206209749 0.3763666451 0.8998191357 -0.9516190290 0.1192466319 -0.2831986547 -0.2138869315 -0.9187645912 0.3318493664
102.6 -100.7 2431.1 0.7380014062 -0.0008554499 0.6747986674 0.0259700920 0.9992943406 -0.0271356758 -0.6742992997 0.0375507511 0.7375028133
103.0 -498.0 2416.2 0.7344714403 -0.1818274409 0.6538276076 0.0457047597 0.9745042324 0.2196645886 -0.6770988107 -0.1314543337 0.7240558863
275.1 -108.3 2369.2 0.8935113549 0.0016576238 0.4490374923 0.0658841431 0.9886870980 -0.1347484440 -0.4441809356 0.1499837041 0.8832939267
274.5 -501.4 2309.6 0.9000170827 -0.1059030145 0.4227929115 0.0164766032 0.9776054025 0.2098004371 -0.4355431199 -0.1818577796 0.8816064596
20.6 416.3 2339.8 0 0 0 0 0 0 0 0 0
307.6 -222.8 2236.8 0 0 0 0 0 0 0 0 0
153.8 -770.4 2452.9 0 0 0 0 0 0 0 0 0
304.5 -778.2 2361.1 0 0 0 0 0 0 0 0 0
138.8 503.2 2411.6 01 0.8961755633 -0.2755387127 0.3477753997 0.3078285456 0.9505968690 -0.0400896035 -0.3195479810 0.1429825127 0.9367203712
199.7 293.1 2380.0 0.8961755633 -0.2755387127 0.3477753997 0.3078285456 0.9505968690 -0.0400896035 -0.3195479810 0.1429825127 0.9367203712
193.1 94.6 2389.7 0.9404043555 0.0329848342 0.3384548724 -0.0475384109 0.9982630610 0.0347986892 -0.3367191553 -0.0488144457 0.9403389692
67.4 299.8 2427.4 0.5054371357 -0.7716069221 0.3862073123 0.7406836152 0.1583795696 -0.6529194117 0.4426297545 0.6160671115 0.6515674591
-39.3 143.4 2334.0 -0.2127416134 -0.7716069221 -0.5994696021 -0.9769889116 0.1583795696 0.1428586692 -0.0152869876 0.6160671115 -0.7875453234
332.0 286.4 2332.6 0.1189666539 0.3934925497 0.9115977883 -0.9815757871 0.1848674268 0.0483007282 -0.1495187581 -0.9005485177 0.4082358181
363.6 25.8 2292.9 -0.2162226588 0.3792517185 0.8996754289 -0.9530104995 0.1182696670 -0.2788966000 -0.2121763378 -0.9177038670 0.3358582854
100.2 -100.3 2430.4 0.7362814546 -0.0017124675 0.6766732931 0.0247231461 0.9993972182 -0.0243718177 -0.6762236357 0.0346740074 0.7358799577
100.9 -497.7 2416.6 0.7308155894 -0.1939246505 0.6544477344 0.0537825823 0.9721714258 0.2280134112 -0.6804528236 -0.1314378679 0.7209078074
273.0 -107.2 2369.1 0.8928892612 -0.0041217674 0.4502574801 0.0751344115 0.9873026609 -0.1399583071 -0.4439635277 0.1587971002 0.8818615675
274.6 -499.8 2306.0 0.9023845792 -0.0987779200 0.4194579720 0.0046609393 0.9755550623 0.2197057754 -0.4309064150 -0.1963040382 0.8807862401
18.9 410.6 2338.2 0 0 0 0 0 0 0 0 0
307.1 -223.5 2237.5 0 0 0 0 0 0 0 0 0
155.6 -772.1 2453.7 0 0 0 0 0 0 0 0 0
303.0 -780.7 2362.5 0 0 0 0 0 0 0 0 0
137.8 502.1 2405.7 02 0.9019241333 -0.2666921020 0.3397178650 0.2916303873 0.9562406540 -0.0235685445 -0.3185665011 0.1203290895 0.9402320385
196.3 292.4 2379.3 0.9019241333 -0.2666921020 0.3397178650 0.2916303873 0.9562406540 -0.0235685445 -0.3185665011 0.1203290895 0.9402320385
190.1 94.0 2390.3 0.9428288937 0.0309229922 0.3318395615 -0.0474210232 0.9980028272 0.0417330489 -0.3298863173 -0.0550832972 0.9424122572
63.6 299.1 2425.7 0.4961271584 -0.7747597098 0.3919250965 0.7488091588 0.1533226371 -0.6448077559 0.4394800663 0.6133837104 0.6562146544
-39.0 144.3 2334.9 -0.2121162415 -0.7747597098 -0.5956124067 -0.9769565463 0.1533226371 0.1484860778 -0.0237201620 0.6133837104 -0.7894287705
329.0 285.7 2332.9 0.1263379306 0.3986160457 0.9083743691 -0.9811413288 0.1852524132 0.0551653318 -0.1462887526 -0.8982130885 0.4145030975
362.9 22.3 2293.6 -0.2232335657 0.3859592974 0.8950989842 -0.9477327466 0.1288174391 -0.2919052243 -0.2279679030 -0.9134776592 0.3370299041
100.3 -99.4 2430.3 0.7409057617 0.0011725983 0.6716079712 0.0139072407 0.9997572899 -0.0170877501 -0.6714649796 0.0220006257 0.7407096624
99.8 -496.9 2421.6 0.7306569815 -0.1960560977 0.6539896131 0.0712373108 0.9745466113 0.2125657052 -0.6790181398 -0.1087241545 0.7260257602
272.9 -108.2 2368.5 0.8957254291 -0.0095129954 0.4445058405 0.0788965672 0.9873050451 -0.1378551722 -0.4375514388 0.1585503668 0.8851047754
276.6 -500.7 2305.5 0.9069471955 -0.0904864147 0.4114109874 -0.0053561362 0.9741003513 0.2260527313 -0.4212102890 -0.2072214633 0.8829728961
18.3 408.0 2341.3 0 0 0 0 0 0 0 0 0
304.5 -225.6 2234.0 0 0 0 0 0 0 0 0 0
155.0 -771.1 2452.2 0 0 0 0 0 0 0 0 0
302.8 -782.8 2365.5 0 0 0 0 0 0 0 0 0
135.2 504.2 2409.7 03 0.8905044198 -0.2979624569 0.3438316882 0.3278010786 0.9442476034 -0.0307068732 -0.3155127466 0.1400530040 0.9385290742
202.0 292.7 2378.4 0.8905044198 -0.2979624569 0.3438316882 0.3278010786 0.9442476034 -0.0307068732 -0.3155127466 0.1400530040 0.9385290742
194.7 94.3 2389.0 0.9416498542 0.0367612690 0.3345805705 -0.0524870493 0.9978953600 0.0380790867 -0.3324765563 -0.0534183122 0.9415974617
69.5 300.0 2425.2 0.5080863833 -0.7582783699 0.4084876478 0.7421280146 0.1447097808 -0.6544502378 0.4371432960 0.6356673837 0.6362646818
-35.5 146.8 2334.9 -0.2019812018 -0.7582783699 -0.6198528409 -0.9792236090 0.1447097808 0.1420570612 -0.0180200338 0.6356673837 -0.7717527151
334.5 285.3 2331.6 0.1029610038 0.3979906142 0.9115933776 -0.9833493829 0.1786944121 0.0330497585 -0.1497431546 -0.8998176455 0.4097623825
362.1 22.0 2291.5 -0.2284901291 0.3865232170 0.8935278654 -0.9458587170 0.1291937232 -0.2977587581 -0.2305288613 -0.9131860733 0.3360768557
97.5 -100.0 2431.5 0.7392013073 -0.0055237026 0.6734619141 0.0197516605 0.9997140169 -0.0134800943 -0.6731948853 0.0232664943 0.7390990257
99.7 -497.5 2422.2 0.7300855517 -0.1957181245 0.6547285318 0.0700625032 0.9744974971 0.2131802738 -0.6797545552 -0.1097679213 0.7251790762
270.5 -108.7 2371.0 0.8949224949 -0.0146773988 0.4459801316 0.0850356817 0.9867523909 -0.1381617337 -0.4380441010 0.1615682840 0.8843150139
276.3 -501.1 2306.7 0.9066295624 -0.0895164534 0.4123222232 -0.0026519650 0.9760065079 0.2177253217 -0.4219191670 -0.1984896809 0.8846389651
18.0 406.0 2339.7 0 0 0 0 0 0 0 0 0
302.3 -225.3 2231.2 0 0 0 0 0 0 0 0 0
154.5 -770.8 2453.0 0 0 0 0 0 0 0 0 0
301.8 -779.0 2363.2 0 0 0 0 0 0 0 0 0
136.9 509.7 2411.3 04 0.9097650647 -0.2127703726 0.3564495444 0.2334651202 0.9722412229 -0.0155261550 -0.3432514369 0.0973436907 0.9341855645
181.7 304.6 2390.7 0.9097650647 -0.2127703726 0.3564495444 0.2334651202 0.9722412229 -0.0155261550 -0.3432514369 0.0973436907 0.9341855645
188.3 106.6 2391.3 0.9351567030 -0.0336483046 0.3526326418 0.0302993134 0.9994280934 0.0150140906 -0.3529361784 -0.0033560004 0.9356414080
50.6 300.3 2440.1 0.4251061082 -0.8682966828 0.2556279004 0.7421160936 0.1726603061 -0.6476511955 0.5182166100 0.4650260806 0.7177759409
-36.6 148.0 2333.8 -0.2067987025 -0.8682966828 -0.4508826137 -0.9781138301 0.1726603061 0.1161107197 -0.0229690205 0.4650260806 -0.8849989772
312.9 308.9 2341.4 0.1582263112 0.3702316880 0.9153649211 -0.9736092687 0.2129121125 0.0821790174 -0.1644669920 -0.9042106867 0.3941493034
359.7 21.1 2292.7 -0.2243541479 0.3560001850 0.9071543813 -0.9444528818 0.1499720514 -0.2924331427 -0.2401540577 -0.9223731756 0.3025785387
101.0 -99.3 2430.1 0.7235200405 0.0093146702 0.6902405620 0.0100890603 0.9996594787 -0.0240657181 -0.6902296543 0.0243759081 0.7231796980
97.3 -496.7 2420.4 0.7121087313 -0.2091051638 0.6702061296 0.0693369508 0.9708952308 0.2292485237 -0.6986369491 -0.1167798191 0.7058816552
