-441.5 496.1 2367.9 31 0.8063865900 0.0553467087 -0.5887931585 -0.0825836733 0.9963944554 -0.0194418207 0.5855942369 0.0643023252 0.8080498576
-454.6 261.7 2352.7 0.8063865900 0.0553467087 -0.5887931585 -0.0825836733 0.9963944554 -0.0194418207 0.5855942369 0.0643023252 0.8080498576
-454.2 68.2 2381.9 0.8110358715 -0.0012575802 -0.5849950314 0.0880618095 0.9888650179 0.1199629158 0.5783302784 -0.1488099545 0.8021157980
-570.0 249.2 2270.4 0.5535914302 -0.5043019056 -0.6627338529 0.7811131477 0.0384681113 0.6232033968 -0.2887885273 -0.8626701236 0.4152124524
-736.7 14.0 2357.4 -0.7102701068 -0.5043019056 -0.4911170304 0.5496906042 0.0384681113 -0.8344821334 0.4397232831 -0.8626701236 0.2498872876
-339.1 274.2 2435.0 0.9069335461 0.4142140746 0.0768000707 -0.1036570147 0.3961165845 -0.9123304486 -0.4083219171 0.8194622397 0.4021876156
-176.1 255.6 2361.7 -0.7471855879 0.4142140746 0.5197502971 0.6621126533 0.3961165845 0.6361591816 0.0576243773 0.8194622397 -0.5702289939
-529.8 -134.9 2366.7 0.6110887527 -0.0261083711 -0.7911313772 0.0327679589 0.9994335175 -0.0076718614 0.7908835411 -0.0212355722 0.6115981340
-519.6 -525.6 2375.0 0.6091760397 -0.1593173444 -0.7768670917 0.0448812656 0.9849686027 -0.1668007225 0.7917639613 0.0667442307 0.6071696877
-382.9 -115.6 2469.5 0.8815546036 -0.2509853244 -0.3998348415 0.0575763509 0.8977994323 -0.4366247356 0.4685578942 0.3618875146 0.8059099913
-284.7 -467.0 2327.9 0.8820980787 -0.0088759325 -0.4709821939 0.0311675593 0.9987313151 0.0395517573 0.4700335860 -0.0495678931 0.8812556267
-554.9 -126.7 2244.8 0 0 0 0 0 0 0 0 0
-378.0 434.5 2377.3 0 0 0 0 0 0 0 0 0
-480.6 -767.2 2358.6 0 0 0 0 0 0 0 0 0
-282.0 -768.8 2342.8 0 0 0 0 0 0 0 0 0
-442.7 496.4 2367.6 32 0.8138623238 0.0613777563 -0.5778069496 -0.0895595774 0.9957731366 -0.0203715917 0.5741142631 0.0683278143 0.8159192204
-457.0 264.9 2351.7 0.8138623238 0.0613777563 -0.5778069496 -0.0895595774 0.9957731366 -0.0203715917 0.5741142631 0.0683278143 0.8159192204
-456.6 71.2 2379.6 0.8190461993 -0.0018191566 -0.5737246871 0.0832595825 0.9897859097 0.1157225296 0.5676540732 -0.1425501853 0.8108318448
-573.6 253.1 2270.9 0.5527928472 -0.5080150962 -0.6605609655 0.7798026800 0.0358663984 0.6249970794 -0.2938160002 -0.8606011271 0.4159782231
-737.8 21.6 2358.1 -0.6968045831 -0.5080150962 -0.5063438416 0.5702278018 0.0358663984 -0.8207032681 0.4350903630 -0.8606011271 0.2646924555
-340.3 276.8 2432.5 0.9144854546 0.4036853909 0.0274676923 -0.1422502548 0.3843121827 -0.9121781588 -0.3787891567 0.8302663565 0.4088722467
-177.7 251.5 2365.2 -0.7305343151 0.4036853909 0.5507791638 0.6817245483 0.3843121827 0.6225398183 0.0396390669 0.8302663565 -0.5559554696
-527.2 -133.1 2359.0 0.6217044592 -0.0186887737 -0.7830289006 0.0385862291 0.9992322326 0.0067874962 0.7823008895 -0.0344339497 0.6219482422
-519.9 -524.1 2372.5 0.6200554371 -0.1539965123 -0.7692959905 0.0493882038 0.9862637520 -0.1576217115 0.7830019593 0.0597400591 0.6191438437
-380.6 -117.3 2463.2 0.8856116533 -0.2446042746 -0.3947921097 0.0621673241 0.9048494101 -0.4211683273 0.4602469802 0.3484483957 0.8165515661
-284.9 -471.6 2326.7 0.8862484694 -0.0086513292 -0.4631294012 0.0328439996 0.9984827042 0.0441987477 0.4620443285 -0.0543820933 0.8851879239
-559.4 -124.4 2246.7 0 0 0 0 0 0 0 0 0
-375.0 435.6 2375.9 0 0 0 0 0 0 0 0 0
-481.8 -768.2 2357.7 0 0 0 0 0 0 0 0 0
-282.3 -768.2 2342.9 0 0 0 0 0 0 0 0 0
-440.3 499.4 2366.9 33 0.8223726749 0.0617193244 -0.5655916333 -0.0900205299 0.9956916571 -0.0222369116 0.5617824197 0.0692018867 0.8243855834
-455.0 262.8 2350.5 0.8223726749 0.0617193244 -0.5655916333 -0.0900205299 0.9956916571 -0.0222369116 0.5617824197 0.0692018867 0.8243855834
-456.9 69.8 2382.9 0.8286948800 0.0102252746 -0.5596072078 0.0841399059 0.9861949086 0.1426186562 0.5533400774 -0.1652726531 0.8163943291
-573.0 250.9 2271.7 0.5806905031 -0.5025103688 -0.6405324340 0.7572290301 0.0444187336 0.6516373158 -0.2990028858 -0.8634293675 0.4063089788
-739.8 33.4 2357.6 -0.6766086221 -0.5025103688 -0.5382230878 0.6015052199 0.0444187336 -0.7976329923 0.4247260690 -0.8634293675 0.2722085118
-336.9 274.8 2429.3 0.9201437831 0.3915375769 0.0058059688 -0.1484584659 0.3625323772 -0.9200708270 -0.3623471558 0.8457355499 0.3917089701
-179.3 249.3 2367.2 -0.7202215195 0.3915375769 0.5726947784 0.6927853227 0.3625323772 0.6233929396 0.0364613608 0.8457355499 -0.5323550701
-530.2 -130.1 2356.3 0.6340645552 -0.0307835862 -0.7726671100 0.0447294861 0.9989943504 -0.0030947933 0.7719853520 -0.0325987041 0.6348038912
-518.2 -521.2 2369.1 0.6319141984 -0.1482367516 -0.7607300878 0.0595401675 0.9879229665 -0.1430497020 0.7727479339 0.0451011397 0.6331086159
-382.2 -115.1 2458.8 0.8900724053 -0.2406732291 -0.3871013820 0.0723063648 0.9130398631 -0.4014099538 0.4500476122 0.3292940557 0.8300738335
-288.0 -472.6 2329.8 0.8913409710 -0.0184253789 -0.4529589117 0.0358293094 0.9989113808 0.0298720524 0.4519153833 -0.0428553894 0.8910307884
-566.7 -120.5 2248.9 0 0 0 0 0 0 0 0 0
-373.9 436.5 2377.1 0 0 0 0 0 0 0 0 0
-481.3 -767.1 2357.9 0 0 0 0 0 0 0 0 0
-282.5 -767.9 2342.5 0 0 0 0 0 0 0 0 0
-440.7 499.0 2367.6 34 0.8208019137 0.0670341626 -0.5672659874 -0.0953141898 0.9952400923 -0.0203061439 0.5632046461 0.0707358196 0.8232842684
-456.5 264.6 2350.9 0.8208019137 0.0670341626 -0.5672659874 -0.0953141898 0.9952400923 -0.0203061439 0.5632046461 0.0707358196 0.8232842684
-454.3 70.6 2376.0 0.8257942200 -0.0107273571 -0.5638695359 0.0808571950 0.9917419553 0.0995489657 0.5581451654 -0.1277998686 0.8198421597
-574.1 253.1 2271.4 0.6468326449 -0.4832018316 -0.5900199413 0.6904438734 0.0424791984 0.7221376300 -0.3238746524 -0.8744778633 0.3611006737
-757.1 57.8 2363.0 -0.6692897081 -0.4832018316 -0.5644176602 0.6259920001 0.0424791984 -0.7786716223 0.4002315700 -0.8744778633 0.2740495801
-338.8 276.1 2430.5 0.9313948750 0.3640054762 -0.0018958675 -0.1390945613 0.3510839343 -0.9259550571 -0.3363870978 0.8626934886 0.3776289821
-182.3 252.7 2373.9 -0.7187907100 0.3640054762 0.5923174024 0.6949248314 0.3510839343 0.6275504231 0.0204786621 0.8626934886 -0.5053123236
-533.8 -130.8 2365.3 0.6317226291 -0.0462340340 -0.7738145590 0.0286177527 0.9989303350 -0.0363214910 0.7746660709 0.0008002733 0.6323699951
-515.7 -521.8 2365.0 0.6266787052 -0.1384087056 -0.7668877840 0.0683553666 0.9900707603 -0.1228309497 0.7762740254 0.0245546438 0.6299172044
-384.0 -115.7 2465.2 0.8890039921 -0.2462849915 -0.3860254586 0.0692083761 0.9056207538 -0.4184031785 0.4526391029 0.3452458978 0.8221454620
-287.5 -470.3 2330.0 0.8901472688 -0.0169668160 -0.4553569257 0.0341801494 0.9989774227 0.0295941494 0.4543891549 -0.0419073217 0.8898169994
-585.9 -102.3 2260.6 0 0 0 0 0 0 0 0 0
-376.5 440.5 2379.5 0 0 0 0 0 0 0 0 0
-481.4 -767.0 2358.9 0 0 0 0 0 0 0 0 0
-282.5 -767.6 2342.5 0 0 0 0 0 0 0 0 0
-439.7 500.0 2367.4 35 0.8357947469 0.0735376328 -0.5440949798 -0.0990106985 0.9949303269 -0.0176215637 0.5400407314 0.0685992315 0.8388385773
-457.2 264.3 2351.2 0.8357947469 0.0735376328 -0.5440949798 -0.0990106985 0.9949303269 -0.0176215637 0.5400407314 0.0685992315 0.8388385773
-458.8 70.4 2377.7 0.8426012397 0.0086206151 -0.5384689569 0.0655004010 0.9908083081 0.1183579862 0.5345398188 -0.1349985152 0.8342916965
-577.2 255.0 2275.0 0.7172591686 -0.4407992065 -0.5396622419 0.6100497842 0.0229933131 0.7920293808 -0.3367173076 -0.8973112106 0.2854016125
-770.0 91.0 2365.6 -0.6312952638 -0.4407992065 -0.6380927563 0.7027083039 0.0229933131 -0.7111064196 0.3281269968 -0.8973112106 0.2952376902
-337.2 273.5 2427.3 0.9367647767 0.3497783542 0.0112628276 -0.1188418418 0.3482193351 -0.9298493862 -0.3291631341 0.8697116971 0.3677679002
-183.6 254.1 2373.4 -0.7200272679 0.3497783542 0.5993462205 0.6938459277 0.3482193351 0.6303341389 0.0117733162 0.8697116971 -0.4934196770
-526.8 -130.7 2350.6 0.6528596878 -0.0237389002 -0.7571067810 0.0447004586 0.9989743233 0.0072229914 0.7561587691 -0.0385586210 0.6532511711
-517.5 -521.4 2365.6 0.6478642821 -0.1504449546 -0.7467517853 0.0803272277 0.9883303046 -0.1294247508 0.7575086951 0.0238651689 0.6523886919
-377.5 -116.1 2451.4 0.8968261480 -0.2288223356 -0.3786069155 0.0753940791 0.9223724008 -0.3788732290 0.4359112084 0.3112387061 0.8444595337
-288.0 -477.0 2329.6 0.8982198834 -0.0183785260 -0.4391620457 0.0365889519 0.9987841249 0.0330373347 0.4380209148 -0.0457432717 0.8978002071
-609.4 -87.7 2282.1 0 0 0 0 0 0 0 0 0
-378.2 441.6 2376.6 0 0 0 0 0 0 0 0 0
-480.5 -764.6 2359.8 0 0 0 0 0 0 0 0 0
-282.7 -767.5 2342.9 0 0 0 0 0 0 0 0 0
-441.3 499.9 2367.9 36 0.8255366683 0.0566600151 -0.5614969730 -0.0810390413 0.9965375662 -0.0185875762 0.5584996343 0.0608479008 0.8272700310
-454.9 260.5 2353.2 0.8255366683 0.0566600151 -0.5614969730 -0.0810390413 0.9965375662 -0.0185875762 0.5584996343 0.0608479008 0.8272700310
-460.5 66.1 2374.3 0.8305687904 0.0290140528 -0.5561597943 0.0358628929 0.9937828183 0.1054018438 0.5557602048 -0.1074889749 0.8243644238
-573.1 255.5 2274.1 0.7701011300 -0.4059932530 -0.4920504987 0.5371411443 -0.0034100355 0.8434854746 -0.3441273272 -0.9138697386 0.2154496014
-776.0 114.0 2364.8 -0.5809113979 -0.4059932530 -0.7054867148 0.7729295492 -0.0034100355 -0.6344826818 0.2551899552 -0.9138697386 0.3157851100
-336.6 265.6 2432.4 0.9264683127 0.3716318905 0.0595494919 -0.0876852423 0.3669904470 -0.9260827899 -0.3660160005 0.8527647853 0.3725916743
-181.6 250.9 2371.1 -0.7219732404 0.3716318905 0.5836474895 0.6917133331 0.3669904470 0.6219732165 0.0169520453 0.8527647853 -0.5220199823
-536.6 -129.4 2355.9 0.6342823505 -0.0472506434 -0.7716562152 0.0488919020 0.9985841513 -0.0209581368 0.7715539336 -0.0244343635 0.6356945038
-518.1 -520.1 2365.4 0.6296150088 -0.1507112831 -0.7621489763 0.0818350315 0.9884116650 -0.1278493106 0.7725852728 0.0181253552 0.6346522570
-384.3 -117.6 2452.5 0.8790283203 -0.2503534853 -0.4057491124 0.0796924978 0.9162189364 -0.3926728368 0.4700620174 0.3128353655 0.8253337145
-286.3 -476.3 2330.0 0.8806862831 -0.0123783685 -0.4735381901 0.0308932737 0.9990312457 0.0313404649 0.4726915061 -0.0422302634 0.8802155256
-628.6 -82.1 2300.0 0 0 0 0 0 0 0 0 0
-376.8 437.9 2375.7 0 0 0 0 0 0 0 0 0
-480.7 -765.1 2360.9 0 0 0 0 0 0 0 0 0
-282.7 -766.9 2342.3 0 0 0 0 0 0 0 0 0
-440.8 500.1 2367.1 37 0.8224003911 0.0695483014 -0.5646420717 -0.0957956165 0.9952569008 -0.0169380344 0.5607858896 0.0680200830 0.8251620531
-457.4 262.1 2350.8 0.8224003911 0.0695483014 -0.5646420717 -0.0957956165 0.9952569008 -0.0169380344 0.5607858896 0.0680200830 0.8251620531
-458.4 67.2 2368.5 0.8277341127 0.0051625799 -0.5610967875 0.0463577472 0.9959100485 0.0775505379 0.5592022538 -0.0902024060 0.8241094351
-575.3 255.5 2271.1 0.7907054424 -0.4143124223 -0.4506995976 0.4802215099 -0.0368494093 0.8763728738 -0.3797001839 -0.9093884230 0.1698247045
-777.9 132.5 2368.4 -0.5247215629 -0.4143124223 -0.7436481118 0.8260758519 -0.0368494093 -0.5623528957 0.2055868059 -0.9093884230 0.3615891933
-339.5 268.7 2430.5 0.9336703420 0.3567396104 0.0315679312 -0.1095513254 0.3684139550 -0.9231845140 -0.3409665525 0.8584917188 0.3830584884
-180.7 250.0 2372.5 -0.7266007066 0.3567396104 0.5871866941 0.6870232224 0.3684139550 0.6263148189 0.0071035265 0.8584917188 -0.5127782822
-541.1 -131.6 2345.1 0.6283866167 -0.0581935048 -0.7757214904 0.0837570503 0.9964622855 -0.0069043143 0.7733789682 -0.0606335662 0.6310376525
-518.3 -521.4 2368.8 0.6309348941 -0.1473353803 -0.7617174387 0.0672596693 0.9884933829 -0.1354880035 0.7729148269 0.0342512503 0.6335846782
-391.1 -125.2 2445.5 0.8730089068 -0.2689175010 -0.4068645835 0.1007766575 0.9157082438 -0.3890018165 0.4771786630 0.2985996008 0.8265221119
-285.8 -483.6 2328.6 0.8757354021 -0.0120391902 -0.4826411903 0.0346196033 0.9986814857 0.0379045494 0.4815484881 -0.0499032028 0.8749975562
-644.7 -77.1 2316.2 0 0 0 0 0 0 0 0 0
-377.1 435.7 2374.4 0 0 0 0 0 0 0 0 0
-482.1 -764.5 2360.4 0 0 0 0 0 0 0 0 0
-282.4 -767.2 2342.7 0 0 0 0 0 0 0 0 0
-442.8 499.4 2368.2 38 0.8135820627 0.0571044087 -0.5786391497 -0.0897263736 0.9955754280 -0.0279068965 0.5744853020 0.0746237412 0.8151060939
-456.3 265.1 2350.6 0.8135820627 0.0571044087 -0.5786391497 -0.0897263736 0.9955754280 -0.0279068965 0.5744853020 0.0746237412 0.8151060939
-459.1 71.3 2377.2 0.8191902041 0.0141795622 -0.5733466744 0.0665313378 0.9905955195 0.1195577458 0.5696499348 -0.1360860467 0.8105427623
-573.0 255.6 2269.5 0.8031681776 -0.4156602919 -0.4267873168 0.4491952658 -0.0480556339 0.8921402693 -0.3913368285 -0.9082494974 0.1481158882
-776.4 141.8 2368.6 -0.4891636372 -0.4156602919 -0.7667760253 0.8536898494 -0.0480556339 -0.5185598135 0.1786968261 -0.9082494974 0.3783520460
-339.6 274.6 2431.7 0.9319878221 0.3600071669 0.0423505008 -0.1120756119 0.3972891867 -0.9108240008 -0.3447285593 0.8441303968 0.4106166959
-179.5 255.3 2372.5 -0.7442353368 0.3600071669 0.5625909567 0.6679105163 0.3972891867 0.6293305159 0.0030521976 0.8441303968 -0.5361292362
-534.1 -131.8 2335.6 0.6178674698 -0.0369936079 -0.7854115367 0.0906658769 0.9955816269 0.0244322103 0.7810374498 -0.0863058940 0.6184915304
-519.7 -521.4 2369.4 0.6223022938 -0.1485958695 -0.7685435414 0.0628437772 0.9881315231 -0.1401669979 0.7802503109 0.0389280617 0.6242548227
-384.6 -123.5 2436.6 0.8725649714 -0.2507484555 -0.4192321301 0.0937627405 0.9282180071 -0.3600276411 0.4794151783 0.2748391628 0.8334413767
-286.4 -486.8 2329.1 0.8748928308 -0.0159085449 -0.4840552509 0.0369151756 0.9987432957 0.0338975117 0.4829077125 -0.0475256741 0.8743805885
-651.8 -75.5 2323.1 0 0 0 0 0 0 0 0 0
-380.6 435.8 2373.3 0 0 0 0 0 0 0 0 0
-483.1 -764.9 2359.8 0 0 0 0 0 0 0 0 0
-282.0 -767.7 2342.4 0 0 0 0 0 0 0 0 0
-442.2 498.9 2368.2 39 0.8039357662 0.0677156523 -0.5908484459 -0.0981185883 0.9949842095 -0.0194720533 0.5865663290 0.0736274943 0.8065475225
-458.2 263.9 2350.8 0.8039357662 0.0677156523 -0.5908484459 -0.0981185883 0.9949842095 -0.0194720533 0.5865663290 0.0736274943 0.8065475225
-461.8 70.0 2377.2 0.8109633327 0.0183092952 -0.5848104358 0.0640983209 0.9907141924 0.1199032441 0.5815753341 -0.1347225010 0.8022593260
-573.8 254.7 2268.0 0.8042181134 -0.4292873442 -0.4110299349 0.4339517057 -0.0484168790 0.8996342421 -0.4061023593 -0.9018692970 0.1473522484
-776.9 145.1 2370.6 -0.4814347327 -0.4292873442 -0.7641550899 0.8571335673 -0.0484168790 -0.5128136277 0.1831463873 -0.9018692970 0.3912661672
-342.7 273.0 2433.7 0.9338269830 0.3525498509 0.0606280826 -0.0945099518 0.4066057801 -0.9087021351 -0.3450145423 0.8428406119 0.4130189419
-171.9 255.7 2370.6 -0.7616876364 0.3525498509 0.5436363816 0.6479162574 0.4066057801 0.6441088319 0.0060347808 0.8428406119 -0.5381293893
-536.0 -128.4 2352.4 0.6078880429 -0.0412786342 -0.7929490209 0.0552163720 0.9984278083 -0.0096454667 0.7921005487 -0.0379204042 0.6092116237
-519.8 -518.8 2367.2 0.6063632369 -0.1486424208 -0.7811716199 0.0655807778 0.9883750081 -0.1371640712 0.7924789190 0.0319414064 0.6090623140
-387.9 -116.3 2455.3 0.8699885011 -0.2601799071 -0.4188393652 0.0759541392 0.9100258946 -0.4075338840 0.4871867895 0.3227372169 0.8114737868
-286.2 -472.2 2329.1 0.8713390231 -0.0143337436 -0.4904720485 0.0344306864 0.9988954663 0.0319750942 0.4894719720 -0.0447484367 0.8708701134
-654.0 -73.8 2323.8 0 0 0 0 0 0 0 0 0
-377.7 430.8 2372.2 0 0 0 0 0 0 0 0 0
-482.7 -765.3 2359.2 0 0 0 0 0 0 0 0 0
-281.9 -767.0 2342.3 0 0 0 0 0 0 0 0 0
-442.6 498.5 2367.3 40 0.7877853513 0.0629090518 -0.6127288342 -0.0906354934 0.9957815409 -0.0142928557 0.6092449427 0.0667946860 0.7901639342
-457.5 263.4 2351.5 0.7877853513 0.0629090518 -0.6127288342 -0.0906354934 0.9957815409 -0.0142928557 0.6092449427 0.0667946860 0.7901639342
-464.6 69.7 2379.3 0.7952026129 0.0361621268 -0.6052644849 0.0579693243 0.9891133904 0.1352562457 0.6035663486 -0.1426429003 0.7844492793
-570.7 255.1 2265.5 0.8058015704 -0.4310520887 -0.4060516357 0.4255661666 -0.0553030372 0.9032358527 -0.4117975831 -0.9006307125 0.1388779134
-776.6 146.4 2370.7 -0.4650333226 -0.4310520887 -0.7732645869 0.8689715862 -0.0553030372 -0.4917621315 0.1692112088 -0.9006307125 0.4002897441
-344.2 271.7 2437.4 0.9396868348 0.3321106136 0.0817997977 -0.0758329704 0.4354962111 -0.8969907761 -0.3335236311 0.8366872668 0.4344149828
-168.9 257.5 2375.2 -0.7722782493 0.3321106136 0.5415614843 0.6348351240 0.4354962111 0.6382220387 -0.0238876510 0.8366872668 -0.5471597314
-538.7 -129.7 2351.0 0.5860738158 -0.0498601459 -0.8087221384 0.0574115589 0.9981516004 -0.0199333895 0.8082211614 -0.0347475596 0.5878530741
-519.2 -520.4 2364.6 0.5839469433 -0.1511935294 -0.7975879312 0.0717210099 0.9882696867 -0.1348299235 0.8086174130 0.0215297062 0.5879408121
-392.1 -118.1 2456.1 0.8554423451 -0.2734844685 -0.4398007095 0.0735370964 0.9047408104 -0.4195668697 0.5126506686 0.3265735805 0.7940648198
-285.1 -472.2 2328.3 0.8565332890 -0.0116448263 -0.5159604549 0.0349417180 0.9987599254 0.0354646519 0.5149075985 -0.0484052002 0.8558779359
-657.7 -75.8 2327.4 0 0 0 0 0 0 0 0 0
-377.5 429.0 2368.8 0 0 0 0 0 0 0 0 0
-481.8 -764.6 2359.3 0 0 0 0 0 0 0 0 0
-281.7 -767.9 2342.6 0 0 0 0 0 0 0 0 0
-443.9 498.1 2367.3 41 0.7999586463 0.0372964852 -0.5988949537 -0.0646779388 0.9976111054 -0.0242651682 0.5965592265 0.0581464209 0.8004599214
-452.7 261.2 2353.5 0.7999586463 0.0372964852 -0.5988949537 -0.0646779388 0.9976111054 -0.0242651682 0.5965592265 0.0581464209 0.8004599214
-460.2 67.2 2379.5 0.8042510748 0.0379487798 -0.5930767655 0.0487297364 0.9903876185 0.1294519454 0.5922884345 -0.1330123395 0.7946710587
-567.3 254.2 2269.1 0.8177465796 -0.4090040922 -0.4049768150 0.4232592881 -0.0494997725 0.9046553969 -0.3900539875 -0.9111890197 0.1326365173
-774.6 146.9 2367.9 -0.4596270919 -0.4090040922 -0.7883264422 0.8737914562 -0.0494997725 -0.4837749898 0.1588439643 -0.9111890197 0.3801357150
-338.1 268.1 2437.8 0.9314002395 0.3446227908 0.1171698198 -0.0502395220 0.4405284226 -0.8963317871 -0.3605130017 0.8289570808 0.4276219606
-168.4 259.0 2372.1 -0.7773651481 0.3446227908 0.5262495279 0.6289522648 0.4405284226 0.6405885816 -0.0110664377 0.8289570808 -0.5592027307
-543.5 -129.1 2352.7 0.5973587632 -0.0533472747 -0.8001978397 0.0630184039 0.9978222847 -0.0194783118 0.7994943261 -0.0387916490 0.5994197726
-522.6 -519.8 2367.9 0.5962426066 -0.1627312154 -0.7861382365 0.0698705167 0.9860432148 -0.1511187553 0.7997580171 0.0351755507 0.5992910862
-399.8 -118.6 2461.7 0.8578320742 -0.2917418182 -0.4230967462 0.0822992399 0.8906140327 -0.4472509921 0.5072976947 0.3488456905 0.7880074382
-285.7 -467.1 2325.2 0.8591408730 -0.0145572517 -0.5115320683 0.0416145138 0.9982721210 0.0414844565 0.5100442767 -0.0569281504 0.8582621813
-656.9 -76.7 2327.3 0 0 0 0 0 0 0 0 0
-378.4 428.9 2369.1 0 0 0 0 0 0 0 0 0
-482.4 -763.6 2359.2 0 0 0 0 0 0 0 0 0
-281.3 -769.4 2342.5 0 0 0 0 0 0 0 0 0
-443.0 498.7 2366.8 42 0.8126967549 0.0321625173 -0.5817986131 -0.0630848557 0.9974631071 -0.0329803713 0.5792618990 0.0635057166 0.8126639724
-450.7 258.1 2351.5 0.8126967549 0.0321625173 -0.5817986131 -0.0630848557 0.9974631071 -0.0329803713 0.5792618990 0.0635057166 0.8126639724
-458.8 63.9 2375.4 0.8163873553 0.0407614633 -0.5760644078 0.0375821143 0.9916416407 0.1234277338 0.5762805343 -0.1224145591 0.8080317974
-567.0 252.7 2269.4 0.8236813545 -0.4045218825 -0.3973802328 0.4097291231 -0.0598852895 0.9102393985 -0.3920089900 -0.9125655293 0.1164179966
-777.7 148.0 2369.6 -0.4860927761 -0.4045218825 -0.7746456265 0.8593054414 -0.0598852895 -0.5079448223 0.1590849161 -0.9125655293 0.3767176569
-334.4 263.5 2433.5 0.9392830133 0.3213287890 0.1203960702 -0.0246988554 0.4132620692 -0.9102771282 -0.3422533870 0.8520342112 0.3961065114
-167.9 259.1 2372.9 -0.7784981728 0.3213287890 0.5391552448 0.6275541782 0.4132620692 0.6598410606 -0.0107864765 0.8520342112 -0.5233749747
-540.3 -131.1 2352.0 0.6133548617 -0.0524336137 -0.7880650759 0.0600513257 0.9980015755 -0.0196634214 0.7875211835 -0.0352636948 0.6152778268
-519.8 -522.0 2365.8 0.6107098460 -0.1530719399 -0.7769185901 0.0777690187 0.9879891872 -0.1335263699 0.7880263329 0.0211256705 0.6152789593
-395.0 -122.3 2459.0 0.8657505512 -0.2777991295 -0.4162974656 0.0803848282 0.8981888890 -0.4321978688 0.4939779639 0.3407115340 0.7999383807
-286.2 -473.9 2325.6 0.8669678569 -0.0181193966 -0.4980345964 0.0444192328 0.9981709123 0.0410087779 0.4963805974 -0.0576756075 0.8661869168
-653.3 -71.9 2328.9 0 0 0 0 0 0 0 0 0
-378.3 428.7 2369.9 0 0 0 0 0 0 0 0 0
-482.0 -765.6 2360.6 0 0 0 0 0 0 0 0 0
-280.8 -770.4 2342.8 0 0 0 0 0 0 0 0 0
-441.0 497.4 2359.0 43 0.8254887462 0.0539825447 -0.5618311167 -0.0748793334 0.9970912933 -0.0142151713 0.5594295263 0.0538040064 0.8271297812
-454.3 251.9 2345.8 0.8254887462 0.0539825447 -0.5618311167 -0.0748793334 0.9970912933 -0.0142151713 0.5594295263 0.0538040064 0.8271297812
-458.5 58.6 2376.1 0.8309655190 0.0220720451 -0.5558858514 0.0680466294 0.9876773953 0.1409362406 0.5521466732 -0.1549393237 0.8192239404
-572.6 242.3 2267.2 0.8274989724 -0.4188789129 -0.3738795519 0.3788215816 -0.0749682188 0.9224283099 -0.4144148529 -0.9049420953 0.0966442376
-776.6 148.9 2369.4 -0.4702261984 -0.4188789129 -0.7768061757 0.8704617620 -0.0749682188 -0.4864937067 0.1455461681 -0.9049420953 0.3998700976
-335.9 261.6 2424.4 0.9468053579 0.3041183650 0.1052220464 -0.0056272396 0.3425688446 -0.9394758940 -0.3217576742 0.8889086843 0.3260573447
-170.2 260.6 2368.0 -0.7770007849 0.3041183650 0.5511640310 0.6290644407 0.3425688446 0.6977997422 0.0234021060 0.8889086843 -0.4574863315
-540.5 -133.7 2347.3 0.6346022487 -0.0567657426 -0.7707512975 0.0750270113 0.9971132874 -0.0116633745 0.7691884637 -0.0504255667 0.6370293498
-518.3 -524.2 2367.1 0.6340006590 -0.1509343088 -0.7584602833 0.0790003091 0.9882784486 -0.1306315958 0.7692867517 0.0229019281 0.6384930611
-393.0 -126.8 2451.4 0.8799037337 -0.2740183771 -0.3881795108 0.1008129194 0.9060216546 -0.4110492766 0.4643341005 0.3225502968 0.8248364329
-285.7 -481.6 2325.2 0.8822569251 -0.0141721983 -0.4705548286 0.0423101597 0.9978887439 0.0492740795 0.4688630402 -0.0633816496 0.8809939027
-656.2 -73.9 2332.1 0 0 0 0 0 0 0 0 0
-380.1 430.6 2374.4 0 0 0 0 0 0 0 0 0
-481.7 -764.2 2361.5 0 0 0 0 0 0 0 0 0
-281.6 -769.8 2343.5 0 0 0 0 0 0 0 0 0
-443.6 495.2 2363.2 44 0.8242399096 0.0467078276 -0.5643110275 -0.0791844279 0.9963071942 -0.0331937857 0.5606767535 0.0720442906 0.8248946667
-454.8 256.0 2345.9 0.8242399096 0.0467078276 -0.5643110275 -0.0791844279 0.9963071942 -0.0331937857 0.5606767535 0.0720442906 0.8248946667
-457.3 62.5 2375.4 0.8288323283 0.0128494902 -0.5593494773 0.0738606304 0.9884737134 0.1321525425 0.5546003580 -0.1508462131 0.8183299303
-572.9 245.5 2266.9 0.8021354079 -0.4078390896 -0.4361720681 0.4420657456 -0.0854789391 0.8929004669 -0.4014432132 -0.9090437889 0.1117260009
-768.8 137.6 2364.9 -0.4654018879 -0.4078390896 -0.7855370045 0.8760235906 -0.0854789391 -0.4746324718 0.1264268011 -0.9090437889 0.3970587254
-336.8 266.5 2424.8 0.9403269887 0.3234240711 0.1057449356 -0.0170386285 0.3551300764 -0.9346616268 -0.3398452699 0.8770858049 0.3394491076
-167.1 263.5 2363.5 -0.7912195325 0.3234240711 0.5190072656 0.6098875999 0.3551300764 0.7084628940 0.0448188670 0.8770858049 -0.4782381952
-537.9 -140.8 2356.5 0.6333549023 -0.0540165715 -0.7719739676 0.0530898236 0.9982435703 -0.0262923315 0.7720382214 -0.0243315846 0.6351101398
-516.7 -531.6 2366.0 0.6300063729 -0.1488146782 -0.7621982694 0.0765303820 0.9885877967 -0.1297585517 0.7728098631 0.0234173927 0.6342054009
-387.7 -128.5 2456.2 0.8828679919 -0.2674415112 -0.3860299587 0.0904529467 0.9034507275 -0.4190406203 0.4608278871 0.3350400031 0.8218185902
-283.0 -482.3 2325.0 0.8845302463 -0.0037151619 -0.4664680660 0.0333996341 0.9979062676 0.0553855784 0.4652856290 -0.0645700768 0.8828023672
-649.6 -86.7 2332.5 0 0 0 0 0 0 0 0 0
-380.9 428.2 2375.6 0 0 0 0 0 0 0 0 0
-481.6 -764.8 2360.5 0 0 0 0 0 0 0 0 0
-282.0 -769.3 2343.5 0 0 0 0 0 0 0 0 0
-443.7 494.9 2357.7 45 0.8009451628 0.0669218823 -0.5949859619 -0.0810704157 0.9967039227 0.0029720776 0.5932237506 0.0458552912 0.8037306070
-459.2 263.8 2347.1 0.8009451628 0.0669218823 -0.5949859619 -0.0810704157 0.9967039227 0.0029720776 0.5932237506 0.0458552912 0.8037306070
-461.4 70.6 2378.7 0.8075171113 0.0108429566 -0.5897445083 0.0865585580 0.9868283272 0.1366653740 0.5834584236 -0.1614070684 0.7959421873
-574.2 251.5 2264.0 0.7993745208 -0.4306752682 -0.4189501405 0.4341098368 -0.0680787265 0.8982838988 -0.4153902531 -0.8999356031 0.1325399727
-771.0 144.6 2366.3 -0.4554040134 -0.4306752682 -0.7791829109 0.8772870302 -0.0680787265 -0.4751133919 0.1515738070 -0.8999356031 0.4088291526
-344.2 276.2 2430.1 0.9244467020 0.3687580526 0.0970353037 -0.0540503226 0.3786332905 -0.9239671826 -0.3774611354 0.8489136100 0.3699577749
-162.1 265.5 2355.8 -0.8042265177 0.3687580526 0.4660871029 0.5879013538 0.3786332905 0.7148488164 0.0871301517 0.8489136100 -0.5213003159
-534.7 -137.7 2354.8 0.6054719687 -0.0399561785 -0.7948630452 0.0457277149 0.9988355637 -0.0153772477 0.7945519090 -0.0270367768 0.6065940261
-519.0 -528.8 2365.4 0.6003271341 -0.1591587961 -0.7837574482 0.0799078569 0.9870305657 -0.1392315179 0.7957524657 0.0209560841 0.6052592993
-384.9 -124.4 2455.0 0.8734038472 -0.2590593100 -0.4123760164 0.0739640445 0.9075146317 -0.4134567380 0.4813470840 0.3306137323 0.8117879033
-283.5 -479.8 2325.5 0.8743161559 -0.0040150485 -0.4853402674 0.0327556655 0.9981740713 0.0507501438 0.4842503071 -0.0602693148 0.8728511930
-654.4 -80.0 2327.5 0 0 0 0 0 0 0 0 0
-379.1 424.2 2379.3 0 0 0 0 0 0 0 0 0
-481.0 -764.9 2360.4 0 0 0 0 0 0 0 0 0
-282.3 -768.4 2342.9 0 0 0 0 0 0 0 0 0
-445.5 494.7 2354.5 46 0.8011401892 0.0429728925 -0.5969318748 -0.0466164649 0.9988691807 0.0093444046 0.5966584086 0.0203406755 0.8022375107
-455.4 262.9 2349.8 0.8011401892 0.0429728925 -0.5969318748 -0.0466164649 0.9988691807 0.0093444046 0.5966584086 0.0203406755 0.8022375107
-460.0 69.3 2379.2 0.8050391674 0.0231087096 -0.5927713513 0.0706370100 0.9883976579 0.1344635636 0.5890011191 -0.1501200348 0.7940665483
-570.1 252.8 2265.9 0.7909412384 -0.4355454147 -0.4297815263 0.4518245161 -0.0579386987 0.8902233839 -0.4126337171 -0.8983002305 0.1509640068
-764.8 141.5 2367.5 -0.4390577376 -0.4355454147 -0.7858297825 0.8848457336 -0.0579386987 -0.4622673392 0.1558084637 -0.8983002305 0.4108289480
-340.8 272.9 2433.7 0.9044320583 0.4037645161 0.1377566904 -0.0331897996 0.3885189593 -0.9208427668 -0.4253247082 0.8282676339 0.3647898734
-160.3 266.3 2348.8 -0.8069551587 0.4037645161 0.4310424328 0.5778023601 0.3885189593 0.7177725434 0.1223429218 0.8282676339 -0.5468134880
-536.4 -130.5 2357.6 0.6003335714 -0.0389357321 -0.7988013625 0.0587732457 0.9982612729 -0.0044873259 0.7975872159 -0.0442542583 0.6015781164
-521.2 -521.4 2374.9 0.6019725800 -0.1663429886 -0.7809987068 0.0492473803 0.9839338064 -0.1716070771 0.7969966531 0.0648406222 0.6004931331
-390.6 -114.8 2463.0 0.8666271567 -0.2757191956 -0.4158560634 0.0746865198 0.8957450986 -0.4382495582 0.4933348298 0.3487401307 0.7968695164
-282.6 -465.5 2326.4 0.8676451445 -0.0009823242 -0.4971830547 0.0274768546 0.9985645413 0.0459775217 0.4964241982 -0.0535531975 0.8664266467
-652.4 -85.0 2327.6 0 0 0 0 0 0 0 0 0
-378.1 422.3 2381.8 0 0 0 0 0 0 0 0 0
-480.1 -764.6 2358.9 0 0 0 0 0 0 0 0 0
-282.3 -768.2 2342.7 0 0 0 0 0 0 0 0 0
-444.4 494.4 2355.4 47 0.8268722892 0.0512431376 -0.5600503087 -0.0579850636 0.9983009696 0.0057313298 0.5593925118 0.0277354755 0.8284387589
-456.5 258.3 2348.8 0.8268722892 0.0512431376 -0.5600503087 -0.0579850636 0.9983009696 0.0057313298 0.5593925118 0.0277354755 0.8284387589
-462.8 64.9 2379.0 0.8317787051 0.0321992785 -0.5541727543 0.0587853938 0.9875932336 0.1456156671 0.5519859195 -0.1536972672 0.8195661306
-574.9 249.9 2270.3 0.8059675694 -0.4219517410 -0.4151782393 0.4372269809 -0.0484825820 0.8980434537 -0.3990598917 -0.9053210020 0.1454132944
-768.2 145.0 2366.0 -0.4416298568 -0.4219517410 -0.7917826772 0.8830782175 -0.0484825820 -0.4667144120 0.1585432887 -0.9053210020 0.3940277398
-338.1 266.6 2427.4 0.9078398943 0.3968338966 0.1354605258 -0.0045983572 0.3324528635 -0.9431086779 -0.4192917347 0.8555687666 0.3036387563
-157.6 265.7 2344.0 -0.8054801226 0.3968338966 0.4401416183 0.5730850697 0.3324528635 0.7490317822 0.1509148777 0.8555687666 -0.4952037334
-537.2 -130.6 2355.3 0.6360896230 -0.0435110740 -0.7703874111 0.0629354194 0.9980078936 -0.0044027558 0.7690442801 -0.0456841104 0.6375608444
-520.2 -521.5 2373.2 0.6370288134 -0.1579486281 -0.7544842958 0.0571436919 0.9857652187 -0.1581187099 0.7687190175 0.0576121509 0.6369866133
-391.8 -117.8 2461.8 0.8817871213 -0.2707553804 -0.3861902952 0.0869747698 0.8981153369 -0.4310733080 0.4635588527 0.3465260863 0.8154954910
-285.7 -469.6 2326.0 0.8835269809 -0.0115956329 -0.4682366848 0.0361261889 0.9984025359 0.0434424579 0.4669849575 -0.0552981906 0.8825345039
-655.2 -81.1 2325.4 0 0 0 0 0 0 0 0 0
-375.1 420.4 2384.8 0 0 0 0 0 0 0 0 0
-480.8 -767.4 2358.9 0 0 0 0 0 0 0 0 0
-282.3 -768.0 2342.6 0 0 0 0 0 0 0 0 0
-444.0 492.9 2353.8 48 0.8306481242 0.0516932644 -0.5543928742 -0.0529668927 0.9985017180 0.0137428958 0.5542726517 0.0179489572 0.8321416378
-455.9 261.8 2349.7 0.8306481242 0.0516932644 -0.5543928742 -0.0529668927 0.9985017180 0.0137428958 0.5542726517 0.0179489572 0.8321416378
-466.5 69.1 2383.0 0.8360570073 0.0542395748 -0.5459548831 0.0482570976 0.9839744568 0.1716552824 0.5465161800 -0.1698597968 0.8200412989
-575.0 254.9 2271.8 0.7894716263 -0.4208537042 -0.4467848241 0.4709116220 -0.0515609719 0.8806722760 -0.3936708868 -0.9056620002 0.1574789882
-767.1 140.3 2367.6 -0.4439152181 -0.4208537042 -0.7910887599 0.8823764324 -0.0515609719 -0.4677107334 0.1560484916 -0.9056620002 0.3942401111
-336.9 268.6 2427.5 0.9058607817 0.4009141028 0.1366899461 -0.0107045174 0.3442699015 -0.9388096929 -0.4234402776 0.8489676714 0.3161521852
-157.2 266.5 2343.5 -0.8066122532 0.4009141028 0.4343323112 0.5720043182 0.3442699015 0.7445060611 0.1489554495 0.8489676714 -0.5070168972
-544.2 -133.8 2359.3 0.6415229440 -0.0631279126 -0.7645019293 0.0660937726 0.9974507093 -0.0269015767 0.7642512321 -0.0332708396 0.6440598965
-519.5 -524.4 2372.3 0.6421592236 -0.1587125063 -0.7499612570 0.0621732995 0.9858922362 -0.1554057151 0.7640458345 0.0531676486 0.6429674625
-394.0 -123.2 2458.9 0.8793414831 -0.2775519788 -0.3869411647 0.0974763855 0.9002828598 -0.4242512286 0.4661082625 0.3353440762 0.8187108040
-285.3 -475.8 2327.6 0.8817546964 -0.0069281226 -0.4716573358 0.0311302729 0.9985669851 0.0435296297 0.4706798792 -0.0530652776 0.8807068467
-653.4 -85.6 2327.7 0 0 0 0 0 0 0 0 0
-375.1 421.0 2383.8 0 0 0 0 0 0 0 0 0
-480.3 -767.5 2359.2 0 0 0 0 0 0 0 0 0
-283.3 -768.5 2343.1 0 0 0 0 0 0 0 0 0
-443.5 491.3 2353.1 49 0.8024029136 0.0537731946 -0.5943551064 -0.0451553799 0.9985478520 0.0293802470 0.5950718522 0.0032635338 0.8036658764
-455.7 264.8 2352.3 0.8024029136 0.0537731946 -0.5943551064 -0.0451553799 0.9985478520 0.0293802470 0.5950718522 0.0032635338 0.8036658764
-461.3 73.1 2390.8 0.8081100583 0.0277850199 -0.5883758664 0.0933120921 0.9802346826 0.1744501889 0.5815935135 -0.1958775371 0.7895448208
-570.6 251.6 2269.6 0.7927346230 -0.4208190143 -0.4410024881 0.4673244953 -0.0449492671 0.8829424381 -0.3913817108 -0.9060302973 0.1610261947
-765.5 136.7 2365.8 -0.4511442780 -0.4208190143 -0.7870070934 0.8768695593 -0.0449492671 -0.4786223173 0.1660379916 -0.9060302973 0.3892819881
-340.8 278.1 2435.0 0.8948581815 0.4261051714 0.1329030842 -0.0577803180 0.4058352113 -0.9121179581 -0.4425949454 0.8085370660 0.3877854645
-157.7 266.3 2344.4 -0.8082999587 0.4261051714 0.4063072503 0.5721809268 0.4058352113 0.7126757503 0.1387810260 0.8085370660 -0.5718458295
-552.6 -127.8 2366.9 0.6077416539 -0.0860483944 -0.7894591689 0.0622243062 0.9962157011 -0.0606826358 0.7916932702 -0.0122441808 0.6107960939
-519.0 -517.8 2371.7 0.6088663936 -0.1549028456 -0.7780018449 0.0551612414 0.9866428375 -0.1532746404 0.7913526297 0.0504082330 0.6092783213
-401.6 -119.1 2465.6 0.8692086339 -0.2950053215 -0.3967974186 0.0958250016 0.8878016472 -0.4501397610 0.4850710332 0.3532422781 0.7999537587
-286.1 -466.7 2327.3 0.8715859056 -0.0109923603 -0.4901196063 0.0336797424 0.9987291694 0.0374936983 0.4890845716 -0.0491860807 0.8708484173
-649.9 -87.8 2323.3 0 0 0 0 0 0 0 0 0
-376.1 420.9 2381.9 0 0 0 0 0 0 0 0 0
-479.7 -768.0 2358.9 0 0 0 0 0 0 0 0 0
-282.8 -768.1 2342.2 0 0 0 0 0 0 0 0 0
-443.1 493.7 2352.2 50 0.8019699454 0.0602490455 -0.5943182707 -0.0626054034 0.9978989363 0.0166826490 0.5940747261 0.0238285530 0.8040568829
-457.4 256.8 2346.5 0.8019699454 0.0602490455 -0.5943182707 -0.0626054034 0.9978989363 0.0166826490 0.5940747261 0.0238285530 0.8040568829
-462.1 66.2 2390.5 0.8094462752 0.0237497948 -0.5867134929 0.1129238680 0.9742349386 0.1952293217 0.5762334466 -0.2242816091 0.7859088778
-572.6 240.8 2264.5 0.7949374914 -0.4577650130 -0.3981526792 0.4322552681 -0.0331524797 0.9011416435 -0.4257108867 -0.8884549141 0.1715171933
-769.9 133.4 2370.2 -0.4903821647 -0.4577650130 -0.7416040301 0.8429663777 -0.0331524797 -0.5369437337 0.2212080508 -0.8884549141 0.4021379054
-342.1 272.9 2428.5 0.9070805907 0.4099819958 0.0954962969 -0.0584612228 0.3473452330 -0.9359132051 -0.4168777466 0.8433659077 0.3390381634
-159.1 261.1 2344.4 -0.7946397066 0.4099819958 0.4477303922 0.5899179578 0.3473452330 0.7289362550 0.1433337182 0.8433659077 -0.5178700686
-539.7 -127.1 2376.8 0.6151841879 -0.0593714938 -0.7861446738 0.0151546616 0.9978666306 -0.0635022074 0.7882377505 0.0271517988 0.6147715449
-516.5 -517.5 2366.2 0.6092626452 -0.1387578547 -0.7807338238 0.0624108203 0.9899077415 -0.1272301674 0.7905086279 0.0287903510 0.6117738485
-394.0 -110.3 2481.7 0.8572371602 -0.2779268920 -0.4334755838 0.0376238748 0.8733853102 -0.4855744541 0.5135453939 0.3999434412 0.7591550350
-285.3 -451.9 2325.3 0.8572371602 -0.0111770509 -0.5148004889 0.0376238748 0.9984516501 0.0409728438 0.5135453939 -0.0544922352 0.8563303947
-644.7 -81.8 2313.7 0 0 0 0 0 0 0 0 0
-373.9 420.5 2383.1 0 0 0 0 0 0 0 0 0
-481.4 -768.3 2358.9 0 0 0 0 0 0 0 0 0
-281.7 -769.1 2342.6 0 0 0 0 0 0 0 0 0
-442.2 495.0 2351.7 51 0.7849043012 0.0623295158 -0.6164740324 -0.0608615354 0.9978718758 0.0234014522 0.6166207194 0.0191516578 0.7870274186
-457.2 255.4 2347.1 0.7849043012 0.0623295158 -0.6164740324 -0.0608615354 0.9978718758 0.0234014522 0.6166207194 0.0191516578 0.7870274186
-459.0 64.5 2390.2 0.7917079329 0.0090911416 -0.6108320951 0.1271295100 0.9755469561 0.1792935878 0.5975254178 -0.2196029425 0.7711925507
-569.9 237.3 2262.1 0.8094807863 -0.5002260208 -0.3074325025 0.3468087316 -0.0151517810 0.9378134608 -0.4737768769 -0.8657622933 0.1612176895
-785.0 145.2 2388.0 -0.5201424360 -0.5002260208 -0.6922613382 0.8046106696 -0.0151517810 -0.5936093330 0.2864498496 -0.8657622933 0.4103682935
-344.4 273.5 2432.2 0.9048433304 0.4097073674 0.1157514974 -0.0505694263 0.3733830452 -0.9262979031 -0.4227307141 0.8323010206 0.3585718274
-161.4 263.3 2346.6 -0.8017874360 0.4097073674 0.4350595474 0.5825416446 0.3733830452 0.7219628096 0.1333496273 0.8323010206 -0.5380454659
-539.9 -134.6 2382.4 0.5956388712 -0.0604530610 -0.8009742498 0.0029042086 0.9973194599 -0.0731124058 0.8032470942 0.0412223972 0.5942178369
-516.2 -525.0 2366.3 0.5887516737 -0.1410587728 -0.7959107161 0.0575965978 0.9894735217 -0.1327583790 0.8062593341 0.0323199704 0.5906786919
-393.7 -114.2 2486.4 0.8693172932 -0.2777181268 -0.4088522196 0.0422616303 0.8659468889 -0.4983472526 0.4924443662 0.4159431159 0.7645193934
-285.0 -453.1 2323.7 0.8693172932 -0.0138553306 -0.4940602481 0.0422616303 0.9980298281 0.0463723429 0.4924443662 -0.0611920692 0.8681901097
-652.4 -59.9 2314.9 0 0 0 0 0 0 0 0 0
-378.1 420.7 2382.7 0 0 0 0 0 0 0 0 0
-481.8 -766.4 2358.4 0 0 0 0 0 0 0 0 0
-280.6 -770.4 2343.1 0 0 0 0 0 0 0 0 0
-443.4 493.4 2352.5 52 0.7960898876 0.0581597835 -0.6023772359 -0.0584280118 0.9981079102 0.0191504415 0.6023512483 0.0199502297 0.7979817986
-457.0 259.3 2347.8 0.7960898876 0.0581597835 -0.6023772359 -0.0584280118 0.9981079102 0.0191504415 0.6023512483 0.0199502297 0.7979817986
-457.1 66.9 2383.8 0.8010236025 -0.0001840993 -0.5986326933 0.1101613492 0.9829674959 0.1471033543 0.5884094238 -0.1837794483 0.7874004841
-571.1 243.6 2264.1 0.7727228403 -0.4732715786 -0.4229815900 0.4610784948 -0.0394685417 0.8864811659 -0.4362408221 -0.8800319433 0.1877170950
-771.3 124.1 2377.1 -0.4895237088 -0.4732715786 -0.7323800325 0.8423325419 -0.0394685417 -0.5375111103 0.2254827470 -0.8800319433 0.4179728329
-342.9 275.0 2431.6 0.9064819217 0.4068824649 0.1128591374 -0.0523988344 0.3736158013 -0.9261023998 -0.4189807475 0.8335813880 0.3599961400
-157.9 264.3 2346.1 -0.8152726293 0.4068824649 0.4120402932 0.5601376295 0.3736158013 0.7393625975 0.1468889117 0.8335813880 -0.5325089097
-532.2 -138.0 2379.3 0.6084361672 -0.0403185412 -0.7925779819 -0.0085123042 0.9983196259 -0.0573192574 0.7935571671 0.0416217744 0.6070705056
-516.4 -528.8 2363.0 0.5978801847 -0.1506113261 -0.7873090506 0.0749528632 0.9883906245 -0.1321590245 0.7980735302 0.0200041886 0.6022279263
-389.3 -115.0 2487.2 0.8801684380 -0.2670656741 -0.3924021125 0.0418741629 0.8671637177 -0.4962596893 0.4728108048 0.4203605950 0.7744332552
-284.7 -454.5 2322.6 0.8801684380 -0.0135964053 -0.4744666815 0.0418741629 0.9979165196 0.0490829833 0.4728108048 -0.0630691871 0.8789039850
-646.6 -90.5 2319.6 0 0 0 0 0 0 0 0 0
-378.2 415.6 2385.7 0 0 0 0 0 0 0 0 0
-480.3 -766.1 2358.2 0 0 0 0 0 0 0 0 0
-280.4 -771.5 2342.7 0 0 0 0 0 0 0 0 0
-443.5 494.4 2351.9 53 0.8415906429 0.0477868170 -0.5379977226 -0.0336108319 0.9987814426 0.0361377411 0.5390690565 -0.0123306327 0.8421713114
-453.9 278.1 2354.6 0.8415906429 0.0477868170 -0.5379977226 -0.0336108319 0.9987814426 0.0361377411 0.5390690565 -0.0123306327 0.8421713114
-456.5 84.2 2377.1 0.8441198468 0.0104868263 -0.5360519886 0.0528491698 0.9933122396 0.1026537120 0.5335435271 -0.1149819344 0.8379203081
-573.7 270.3 2279.1 0.7221007943 -0.4244718254 -0.5462545753 0.6007454395 -0.0067930543 0.7994115353 -0.3430384099 -0.9054156542 0.2500942349
-759.5 115.8 2367.3 -0.4515346587 -0.4244718254 -0.7848185301 0.8683440089 -0.0067930543 -0.4959158599 0.2051710039 -0.9054156542 0.3716548681
-334.0 285.9 2430.1 0.9049013257 0.4237670004 0.0396877863 -0.1037586629 0.3100706041 -0.9450345635 -0.4127804935 0.8510450721 0.3245527744
-156.1 265.5 2348.9 -0.8283523917 0.3867526948 0.4052835107 0.5355823040 0.3345991969 0.7753676772 0.1642680019 0.8593403101 -0.4843039215
-529.5 -135.3 2366.7 0.6622024775 -0.0261848047 -0.7488672733 0.0211761221 0.9996440411 -0.0162279792 0.7490256429 -0.0051118978 0.6625212431
-519.2 -526.3 2368.7 0.6538187265 -0.1623611897 -0.7390263081 0.0790361837 0.9860183597 -0.1467008293 0.7525120378 0.0375059284 0.6575096846
-384.7 -115.4 2472.9 0.8932480216 -0.2540611029 -0.3708920479 0.0641142502 0.8885622025 -0.4542538822 0.4449689090 0.3819819093 0.8099953532
-285.3 -463.0 2323.5 0.8938349485 -0.0135749346 -0.4481906295 0.0400713906 0.9979605675 0.0496885851 0.4466020763 -0.0623730160 0.8925560117
-644.3 -105.7 2315.0 0 0 0 0 0 0 0 0 0
-379.8 410.1 2393.3 0 0 0 0 0 0 0 0 0
-479.9 -765.4 2359.6 0 0 0 0 0 0 0 0 0
-281.1 -770.7 2342.7 0 0 0 0 0 0 0 0 0
-443.1 495.9 2352.1 54 0.8622726202 0.0456015095 -0.5043871403 -0.0256644227 0.9985928535 0.0464080274 0.5057936311 -0.0270715673 0.8622295856
-452.6 288.9 2357.7 0.8622726202 0.0456015095 -0.5043871403 -0.0256644227 0.9985928535 0.0464080274 0.5057936311 -0.0270715673 0.8622295856
-457.4 94.2 2372.8 0.8638105392 0.0226020012 -0.5033095479 0.0193286519 0.9967710972 0.0779347718 0.5034458637 -0.0770491734 0.8605844975
-575.4 286.0 2286.4 0.6965376735 -0.4093777239 -0.5892750621 0.6499217749 0.0119715147 0.7599068284 -0.3040344119 -0.9122864604 0.2744021118
-748.9 124.0 2362.1 -0.3827770352 -0.4093777239 -0.8281857371 0.9054033756 0.0119715147 -0.4243836105 0.1836478412 -0.9122864604 0.3660695255
