-131.0 455.2 2673.3 9 0.9653471708 -0.0656036288 -0.2525885701 0.0445675999 0.9951117635 -0.0881264433 0.2571352720 0.0738153458 0.9635521173
-114.6 206.5 2654.9 0.9653471708 -0.0656036288 -0.2525885701 0.0445675999 0.9951117635 -0.0881264433 0.2571352720 0.0738153458 0.9635521173
-121.0 14.3 2681.0 0.9660303593 0.0332214572 -0.2562843859 0.0026795624 0.9903618693 0.1384782046 0.2584147453 -0.1344608814 0.9566305876
-246.6 206.1 2619.6 0.5126166940 -0.7907605171 -0.3345473409 0.0504406467 0.4166963696 -0.9076452255 0.8571346402 0.4483993351 0.2534919977
-351.8 195.8 2443.6 -0.5578733087 -0.7907605171 -0.2519429028 -0.7920894623 0.4166963696 0.4460475743 -0.2477331311 0.4483993351 -0.8588168025
17.4 206.9 2690.2 0.2258013338 0.6991857290 0.6783458591 -0.9741218090 0.1548887640 0.1646092236 0.0100242756 -0.6979604363 0.7160661221
73.7 -35.8 2692.7 -0.1766447872 0.6991857290 0.6927740574 -0.9085565805 0.1548887640 -0.3879876733 -0.3785783648 -0.6979604363 0.6078894734
-213.6 -178.5 2680.6 0.9474253058 0.0114012957 0.3197738528 0.0076320497 0.9982754588 -0.0582049824 -0.3198859990 0.0575854033 0.9457044005
-218.1 -566.0 2658.3 0.9458898306 -0.0638041198 0.3181532025 0.0388702713 0.9956973195 0.0841185749 -0.3221513927 -0.0672002062 0.9443000555
-40.8 -178.2 2728.0 0.9871367812 0.0749920756 0.1411988288 -0.0613082275 0.9932079911 -0.0988897681 -0.1476557553 0.0889610872 0.9850298166
-69.9 -563.7 2693.4 0.9840434194 -0.1082713082 0.1411943138 0.1228471324 0.9874804020 -0.0989495665 -0.1287132204 0.1147159860 0.9850244522
-211.0 395.8 2506.1 0 0 0 0 0 0 0 0 0
28.8 -266.4 2596.6 0 0 0 0 0 0 0 0 0
-201.6 -822.6 2675.6 0 0 0 0 0 0 0 0 0
-38.6 -849.5 2660.2 0 0 0 0 0 0 0 0 0
-131.5 449.8 2673.1 0 0.9691475630 -0.0678838044 -0.2369490117 0.0501940660 0.9955372214 -0.0799133852 0.2413163930 0.0655544251 0.9682298303
-114.8 205.3 2657.0 0.9691475630 -0.0678838044 -0.2369490117 0.0501940660 0.9955372214 -0.0799133852 0.2413163930 0.0655544251 0.9682298303
-119.3 12.9 2682.0 0.9700769782 0.0228219777 -0.2417225838 0.0092118196 0.9913962483 0.1305703223 0.2426227480 -0.1288899779 0.9615204334
-247.3 204.1 2623.9 0.5016144514 -0.7903595567 -0.3517310321 0.0503946207 0.4325886667 -0.9001818895 0.8636222482 0.4338188767 0.2568225861
-352.9 193.5 2442.2 -0.5632268786 -0.7903595567 -0.2410543859 -0.7916770577 0.4325886667 0.4314098656 -0.2366915196 0.4338188767 -0.8693550825
17.7 206.6 2690.2 0.2232748270 0.6930073500 0.6854845881 -0.9747312665 0.1537719667 0.1620282233 0.0068784389 -0.7043401003 0.7098293304
73.3 -36.2 2691.9 -0.1902808845 0.6930073500 0.6953660846 -0.9033289552 0.1537719667 -0.4004384577 -0.3844346106 -0.7043401003 0.5967537761
-214.0 -178.2 2683.9 0.9419628382 0.0053718342 0.3356742263 0.0170658398 0.9978130460 -0.0638579652 -0.3352831602 0.0658803880 0.9398111105
-216.1 -565.5 2658.3 0.9411287308 -0.0592708401 0.3328118622 0.0331464782 0.9959448576 0.0836370066 -0.3364194930 -0.0676816404 0.9392769337
-40.9 -177.7 2730.2 0.9849342108 0.0720952377 0.1571840644 -0.0539329834 0.9916781783 -0.1169001162 -0.1643039435 0.1066615209 0.9806261063
-68.9 -562.7 2688.8 0.9818142653 -0.1029438302 0.1595097929 0.1173435226 0.9895636439 -0.0836316496 -0.1492357403 0.1008281857 0.9836474657
-210.5 393.6 2502.1 0 0 0 0 0 0 0 0 0
25.0 -265.4 2594.3 0 0 0 0 0 0 0 0 0
-200.8 -823.0 2675.8 0 0 0 0 0 0 0 0 0
-38.9 -851.0 2659.4 0 0 0 0 0 0 0 0 0
-131.7 448.1 2684.1 1 0.9680973887 -0.0696186349 -0.2407087535 0.0422801375 0.9922392964 -0.1169340760 0.2469814718 0.1030263752 0.9635277390
-114.7 205.8 2658.9 0.9680973887 -0.0696186349 -0.2407087535 0.0422801375 0.9922392964 -0.1169340760 0.2469814718 0.1030263752 0.9635277390
-119.4 13.1 2681.4 0.9689435959 0.0242021736 -0.2460946143 0.0052914959 0.9929417372 0.1184849590 0.2472252101 -0.1161074489 0.9619764686
-247.1 205.1 2625.1 0.4972705245 -0.7941194177 -0.3494228721 0.0517807938 0.4291958213 -0.9017259479 0.8660489321 0.4303083420 0.2545465827
-351.7 194.2 2443.0 -0.5602443814 -0.7941194177 -0.2355855852 -0.7914032936 0.4291958213 0.4352835119 -0.2445547581 0.4303083420 -0.8689233065
17.6 206.6 2692.7 0.2131100595 0.6894278526 0.6922956705 -0.9770279527 0.1498873681 0.1514930129 0.0006771281 -0.7086769342 0.7055327892
71.3 -39.3 2692.8 -0.2089068443 0.6894278526 0.6935756207 -0.8956413269 0.1498873681 -0.4187605679 -0.3926634490 -0.7086769342 0.5861675739
-210.6 -180.4 2685.3 0.9431471229 0.0257027298 0.3313803375 -0.0034693517 0.9977124929 -0.0675110295 -0.3323574960 0.0625231564 0.9410788417
-220.6 -567.6 2661.0 0.9402323961 -0.0768060982 0.3317587376 0.0563997626 0.9959003925 0.0707210973 -0.3358304501 -0.0477831513 0.9407096505
-36.8 -178.7 2728.8 0.9851789474 0.0770284012 0.1532614082 -0.0588561967 0.9910559654 -0.1197664067 -0.1611160487 0.1089709625 0.9809010625
-66.7 -563.4 2686.5 0.9829534888 -0.0960662737 0.1567602009 0.1084397882 0.9914652109 -0.0723710582 -0.1484698653 0.0881364271 0.9849815369
-210.7 393.3 2504.5 0 0 0 0 0 0 0 0 0
18.3 -266.5 2593.2 0 0 0 0 0 0 0 0 0
-201.2 -819.3 2673.1 0 0 0 0 0 0 0 0 0
-38.9 -850.5 2661.0 0 0 0 0 0 0 0 0 0
-133.3 444.7 2689.5 2 0.9650651217 -0.0890865922 -0.2463998944 0.0543406531 0.9880276322 -0.1443902552 0.2563131452 0.1259564608 0.9583519697
-111.9 207.8 2659.3 0.9650651217 -0.0890865922 -0.2463998944 0.0543406531 0.9880276322 -0.1443902552 0.2563131452 0.1259564608 0.9583519697
-119.1 15.3 2683.1 0.9666118026 0.0368763134 -0.2535779178 -0.0043101325 0.9917905331 0.1278003901 0.2562089860 -0.1224404052 0.9588353634
-243.9 208.4 2624.3 0.5114815235 -0.7921264768 -0.3330500126 0.0671087056 0.4232247770 -0.9035359621 0.8566697240 0.4397914112 0.2696302533
-351.5 194.3 2444.2 -0.5592201948 -0.7921264768 -0.2445576489 -0.7919551134 0.4232247770 0.4400998354 -0.2451118678 0.4397914112 -0.8640044332
20.1 207.2 2694.3 0.1895396858 0.7158521414 0.6720345020 -0.9818514585 0.1427237093 0.1248905286 -0.0065121106 -0.6835097671 0.7299122810
67.8 -39.8 2692.7 -0.1950876117 0.7158521414 0.6704450250 -0.8990230560 0.1427237093 -0.4139897227 -0.3920438290 -0.6835097671 0.6157239676
-210.9 -180.1 2681.8 0.9463093877 0.0277389362 0.3220700026 -0.0094169741 0.9982542396 -0.0583076328 -0.3231251538 0.0521441363 0.9449185729
-221.7 -567.6 2661.6 0.9426674843 -0.0838426128 0.3230301142 0.0661353394 0.9956632257 0.0654284805 -0.3271149099 -0.0403135940 0.9441242814
-37.3 -179.1 2726.1 0.9865183234 0.0797985345 0.1428769678 -0.0637268499 0.9914654493 -0.1137326807 -0.1507332772 0.1030942723 0.9831841588
-68.3 -564.0 2686.1 0.9834480286 -0.1067176685 0.1464284211 0.1175720543 0.9907629490 -0.0675694868 -0.1378650069 0.0836669728 0.9869108796
-210.8 393.6 2505.9 0 0 0 0 0 0 0 0 0
18.3 -268.0 2593.2 0 0 0 0 0 0 0 0 0
-200.3 -821.8 2671.9 0 0 0 0 0 0 0 0 0
-37.1 -853.4 2661.6 0 0 0 0 0 0 0 0 0
-136.5 441.5 2688.7 3 0.9658631086 -0.0985197946 -0.2395876944 0.0648840740 0.9873830080 -0.1444466561 0.2507956624 0.1239702702 0.9600692391
-113.2 207.8 2659.4 0.9658631086 -0.0985197946 -0.2395876944 0.0648840740 0.9873830080 -0.1444466561 0.2507956624 0.1239702702 0.9600692391
-119.1 15.3 2683.2 0.9680485725 0.0306559838 -0.2488817573 0.0011422907 0.9919498563 0.1266263574 0.2507600784 -0.1228647605 0.9602206349
-245.4 207.6 2625.1 0.5127214193 -0.7894076109 -0.3375682533 0.0646944195 0.4275873303 -0.9016560912 0.8561140895 0.4404596090 0.2703034580
-352.6 194.1 2446.1 -0.5623270869 -0.7894076109 -0.2462190837 -0.7914800048 0.4275873303 0.4367246926 -0.2394736558 0.4404596090 -0.8652443290
19.1 208.0 2693.7 0.1808462292 0.7236287594 0.6660751700 -0.9834168553 0.1424351484 0.1122652218 -0.0136341685 -0.6753322482 0.7373875976
64.9 -41.0 2690.2 -0.1776826680 0.7236287594 0.6669260263 -0.9070484042 0.1424351484 -0.3962012827 -0.3816963434 -0.6753322482 0.6310580373
-212.8 -176.8 2683.9 0.9447359443 0.0042849211 0.3278042376 0.0124852573 0.9987189174 -0.0490375124 -0.3275943995 0.0504202209 0.9434721470
-214.5 -564.4 2664.3 0.9438995719 -0.0488976352 0.3265923858 0.0340666361 0.9981184006 0.0509814173 -0.3284707665 -0.0369954370 0.9437893033
-39.6 -177.6 2729.8 0.9855182171 0.0802709386 0.1493668258 -0.0643451810 0.9920048714 -0.1085637137 -0.1568871289 0.0973804817 0.9828038812
-70.8 -562.7 2692.0 0.9814679623 -0.1183437854 0.1507160664 0.1330615431 0.9868653417 -0.0916044638 -0.1378956437 0.1099613607 0.9843237996
-210.7 393.8 2506.6 0 0 0 0 0 0 0 0 0
19.8 -271.2 2593.3 0 0 0 0 0 0 0 0 0
-201.8 -824.1 2673.9 0 0 0 0 0 0 0 0 0
-36.2 -851.5 2659.8 0 0 0 0 0 0 0 0 0
-139.3 444.1 2691.9 4 0.9646979570 -0.1121534258 -0.2382843941 0.0746531561 0.9841322899 -0.1609675586 0.2525564432 0.1374963969 0.9577630162
-112.2 206.0 2658.6 0.9646979570 -0.1121534258 -0.2382843941 0.0746531561 0.9841322899 -0.1609675586 0.2525564432 0.1374963969 0.9577630162
-118.3 13.5 2682.6 0.9677170515 0.0316652879 -0.2500420213 0.0005357728 0.9918156862 0.1276769638 0.2520385087 -0.1236891374 0.9597799778
-244.4 205.9 2624.1 0.5153314471 -0.7862500548 -0.3409462571 0.0636466593 0.4318556190 -0.8996942639 0.8546242714 0.4419406354 0.2725909650
-353.1 192.5 2443.8 -0.5650367141 -0.7862500548 -0.2500886917 -0.7919644713 0.4318556190 0.4316167533 -0.2313565016 0.4419406354 -0.8666964173
20.0 206.1 2693.0 0.1718332916 0.7259088159 0.6659802794 -0.9850649834 0.1341391504 0.1079523787 -0.0109704472 -0.6745836735 0.7381168604
63.2 -41.4 2690.3 -0.1739881188 0.7269905806 0.6642385125 -0.9096395373 0.1397260129 -0.3911937773 -0.3772055805 -0.6722806692 0.6369886994
-211.8 -177.4 2684.6 0.9450917840 0.0162005555 0.3264032006 0.0032734433 0.9982511401 -0.0590249375 -0.3267886043 0.0568524450 0.9433858991
-218.1 -564.8 2662.5 0.9431564808 -0.0645667091 0.3260169327 0.0475320928 0.9970685840 0.0599577315 -0.3289325237 -0.0410532579 0.9434606433
-38.4 -177.2 2729.5 0.9857980609 0.0799338520 0.1476915479 -0.0637357682 0.9917373657 -0.1113319695 -0.1553704143 0.1003376022 0.9827473760
-69.4 -562.2 2690.6 0.9816044569 -0.1189303100 0.1493595988 0.1333035976 0.9869624376 -0.0901961252 -0.1366852522 0.1084470898 0.9846605062
-210.4 392.6 2502.3 0 0 0 0 0 0 0 0 0
19.0 -272.3 2594.5 0 0 0 0 0 0 0 0 0
-201.3 -824.4 2673.2 0 0 0 0 0 0 0 0 0
-34.3 -853.0 2658.6 0 0 0 0 0 0 0 0 0
-137.6 444.2 2693.9 5 0.9648085833 -0.1052118987 -0.2409872562 0.0653405562 0.9836445451 -0.1678511351 0.2547057271 0.1461979747 0.9559032917
-112.1 206.2 2658.5 0.9648085833 -0.1052118987 -0.2409872562 0.0653405562 0.9836445451 -0.1678511351 0.2547057271 0.1461979747 0.9559032917
-117.9 13.7 2682.2 0.9672186971 0.0298165660 -0.2521884143 0.0021846408 0.9920693636 0.1256724149 0.2539355457 -0.1221036464 0.9594829082
-244.3 205.9 2623.9 0.5107556581 -0.7905930877 -0.3377739191 0.0585981645 0.4239851832 -0.9037714601 0.8577266335 0.4418134093 0.2628801167
-353.0 193.5 2441.3 -0.5624626875 -0.7905930877 -0.2420707345 -0.7880452871 0.4239851832 0.4463419616 -0.2502404749 0.4418134093 -0.8614990711
20.0 206.5 2693.2 0.1651226133 0.7284245491 0.6649302244 -0.9862320423 0.1280942708 0.1045857146 -0.0089909509 -0.6730449796 0.7395468950
61.8 -42.9 2691.0 -0.1722258925 0.7315615416 0.6596634984 -0.9066844583 0.1440375149 -0.3964549303 -0.3850474656 -0.6663864255 0.6384885311
-211.2 -179.1 2684.0 0.9454392195 0.0228809044 0.3249940574 -0.0094730686 0.9990396500 -0.0427783839 -0.3256607652 0.0373656712 0.9447480440
-220.1 -566.8 2669.5 0.9425464869 -0.0740814507 0.3257577121 0.0633984804 0.9970483184 0.0433044918 -0.3280042410 -0.0201639514 0.9444610476
-37.8 -179.0 2729.2 0.9860411286 0.0792255253 0.1464453936 -0.0638403445 0.9922147989 -0.1069308519 -0.1537769437 0.0960890949 0.9834223390
-68.5 -564.2 2691.9 0.9831091166 -0.1082650870 0.1475641131 0.1227320358 0.9880989790 -0.0927214250 -0.1357694566 0.1092661172 0.9846966863
-210.7 392.8 2504.6 0 0 0 0 0 0 0 0 0
18.1 -273.0 2593.2 0 0 0 0 0 0 0 0 0
-200.9 -825.3 2674.7 0 0 0 0 0 0 0 0 0
-37.1 -850.8 2660.2 0 0 0 0 0 0 0 0 0
-136.0 446.1 2694.9 6 0.9672347903 -0.0915935412 -0.2367857546 0.0511489362 0.9838326573 -0.1716306061 0.2486778200 0.1538957506 0.9562820792
-113.7 206.5 2657.5 0.9672347903 -0.0915935412 -0.2367857546 0.0511489362 0.9838326573 -0.1716306061 0.2486778200 0.1538957506 0.9562820792
-121.1 14.2 2682.6 0.9687508345 0.0381804369 -0.2450796366 -0.0048998701 0.9908345938 0.1349918097 0.2479874343 -0.1295725852 0.9600589275
-246.0 207.2 2623.6 0.5045942664 -0.7922447324 -0.3431222737 0.0644669682 0.4308934212 -0.9000971317 0.8609463573 0.4320637882 0.2684999704
-352.4 193.6 2442.1 -0.5633369088 -0.7922447324 -0.2345204055 -0.7886052728 0.4308934212 0.4386713803 -0.2464817911 0.4320637882 -0.8675065637
18.7 205.8 2691.3 0.1741458476 0.7463910580 0.6423189044 -0.9847179055 0.1306880414 0.1151143685 0.0019769270 -0.6525496244 0.7577434182
62.2 -40.3 2691.8 -0.1773679852 0.7463910580 0.6414366364 -0.9060005546 0.1306880414 -0.4025960863 -0.3843222260 -0.6525496244 0.6530508399
-210.4 -179.1 2683.2 0.9436093569 0.0211597774 0.3303840756 -0.0082222670 0.9991453886 -0.0405076593 -0.3309588730 0.0355069004 0.9429769516
-218.6 -567.0 2669.4 0.9409114718 -0.0715490282 0.3310080767 0.0613027178 0.9972641468 0.0413066894 -0.3330579102 -0.0185742453 0.9427233934
-37.0 -178.7 2728.7 0.9853936434 0.0807530656 0.1499275863 -0.0629464835 0.9907840490 -0.1199364662 -0.1582310945 0.1087472215 0.9813954234
-68.4 -563.4 2686.5 0.9824739695 -0.1058109850 0.1534567177 0.1182914600 0.9901731014 -0.0745949298 -0.1440557539 0.0914401934 0.9853357673
-210.6 392.1 2504.1 0 0 0 0 0 0 0 0 0
17.2 -270.3 2594.3 0 0 0 0 0 0 0 0 0
-200.2 -822.4 2674.2 0 0 0 0 0 0 0 0 0
-37.6 -851.1 2659.9 0 0 0 0 0 0 0 0 0
-136.4 447.5 2694.5 7 0.9681410193 -0.0919290036 -0.2329206616 0.0526459217 0.9841086864 -0.1695833057 0.2448088676 0.1519182324 0.9575956464
-114.0 207.7 2657.4 0.9681410193 -0.0919290036 -0.2329206616 0.0526459217 0.9841086864 -0.1695833057 0.2448088676 0.1519182324 0.9575956464
-124.2 15.5 2682.7 0.9695791602 0.0524530038 -0.2390919775 -0.0192752369 0.9900982976 0.1390459239 0.2440179437 -0.1302074790 0.9609897137
-246.5 210.3 2624.1 0.4894419014 -0.7994403243 -0.3483414650 0.0546707511 0.4268021584 -0.9026910067 0.8703204989 0.4227707088 0.2526008487
-347.9 199.0 2443.7 -0.5658417344 -0.7994403243 -0.2017877549 -0.7713508010 0.4268021584 0.4720782340 -0.2912749350 0.4227707088 -0.8581514359
18.4 205.1 2690.8 0.1613028497 0.7892301083 0.5925345421 -0.9868301749 0.1215931699 0.1066832542 0.0121494830 -0.6019392610 0.7984493971
58.4 -39.5 2693.8 -0.1587201804 0.7892301083 0.5932315588 -0.9065061808 0.1215931699 -0.4043038785 -0.3912217021 -0.6019392610 0.6961427331
-215.3 -177.7 2685.5 0.9427346587 0.0064878864 0.3334805369 0.0111937728 0.9986321926 -0.0510727577 -0.3333557546 0.0518809631 0.9413725734
-217.8 -565.3 2665.4 0.9407663345 -0.0684268847 0.3320789337 0.0505950041 0.9967891574 0.0620608367 -0.3352592885 -0.0415832140 0.9412077665
-41.7 -178.6 2730.0 0.9856479764 0.0712029710 0.1530626863 -0.0544685647 0.9923406839 -0.1108746603 -0.1597849280 0.1009462848 0.9819768667
-69.4 -563.8 2690.8 0.9822636843 -0.1064126641 0.1543839574 0.1215363964 0.9883087873 -0.0920576006 -0.1427829415 0.1091881096 0.9837128520
-205.3 393.4 2517.1 0 0 0 0 0 0 0 0 0
18.1 -269.6 2594.5 0 0 0 0 0 0 0 0 0
-199.9 -826.3 2676.3 0 0 0 0 0 0 0 0 0
-38.6 -849.7 2659.2 0 0 0 0 0 0 0 0 0
-130.4 453.7 2695.7 8 0.9723016024 -0.0591014214 -0.2261339873 0.0213213079 0.9858960509 -0.1659950316 0.2327551544 0.1565757692 0.9598484635
-115.6 206.9 2656.5 0.9723016024 -0.0591014214 -0.2261339873 0.0213213079 0.9858960509 -0.1659950316 0.2327551544 0.1565757692 0.9598484635
-124.8 14.6 2680.8 0.9725291133 0.0474430844 -0.2278952897 -0.0172557291 0.9910100698 0.1326700300 0.2321407944 -0.1250929683 0.9646047950
-248.5 209.3 2624.8 0.4719444513 -0.8053731918 -0.3586676419 0.0319562107 0.4221836627 -0.9059469104 0.8810489178 0.4160949290 0.2249839008
-344.3 202.8 2446.0 -0.5665924549 -0.8053731918 -0.1742040217 -0.7545678616 0.4221836627 0.5023825765 -0.3310593963 0.4160949290 -0.8469148278
17.2 204.6 2688.2 0.1587131619 0.7912547588 0.5905303359 -0.9871945381 0.1174650639 0.1079300717 0.0160335023 -0.6000982523 0.7997655869
56.6 -40.0 2692.2 -0.1592482775 0.7912547588 0.5903862119 -0.9079272151 0.1174650639 -0.4023309052 -0.3876959980 -0.6000982523 0.6996955872
-221.2 -174.9 2686.1 0.9384831786 -0.0142374421 0.3450313210 0.0340755992 0.9980914593 -0.0514999852 -0.3436395824 0.0600890182 0.9371772408
-215.7 -562.3 2662.8 0.9383684397 -0.0580878630 0.3407205939 0.0360776894 0.9968528748 0.0705883056 -0.3437486291 -0.0539454259 0.9375109673
-47.5 -178.4 2729.9 0.9846586585 0.0516998097 0.1666567624 -0.0362537168 0.9948713183 -0.0944283381 -0.1706839651 0.0869377553 0.9814829826
-67.6 -564.5 2696.1 0.9807390571 -0.1027997211 0.1660818160 0.1212887540 0.9870167375 -0.1052949131 -0.1531012505 0.1234106869 0.9804742932
-200.4 394.5 2530.0 0 0 0 0 0 0 0 0 0
16.1 -270.5 2593.8 0 0 0 0 0 0 0 0 0
-200.6 -821.3 2676.8 0 0 0 0 0 0 0 0 0
-38.0 -848.9 2660.6 0 0 0 0 0 0 0 0 0
-129.0 450.4 2685.3 9 0.9729095101 -0.0519704260 -0.2252690047 0.0234414432 0.9915595055 -0.1275158376 0.2299946696 0.1187807471 0.9659159184
-116.2 205.9 2656.1 0.9729095101 -0.0519704260 -0.2252690047 0.0234414432 0.9915595055 -0.1275158376 0.2299946696 0.1187807471 0.9659159184
-125.5 13.5 2679.7 0.9730023742 0.0475756750 -0.2258382738 -0.0184552372 0.9914280176 0.1293441951 0.2300560176 -0.1216843054 0.9655398130
-249.1 208.4 2624.6 0.4437882006 -0.8234985471 -0.3534150124 0.0075723343 0.3978104293 -0.9174363613 0.8960996866 0.4044712782 0.1827793866
-338.6 206.9 2444.0 -0.5474119186 -0.8234985471 -0.1489642859 -0.7443895340 0.3978104293 0.5363124609 -0.3823929727 0.4044712782 -0.8307698965
16.7 203.4 2687.5 0.1570860893 0.7913095951 0.5908917785 -0.9874107242 0.1146070510 0.1090196818 0.0185479578 -0.6005783677 0.7993507385
55.5 -40.3 2692.1 -0.1651103348 0.7913095951 0.5887000561 -0.9057257771 0.1146070510 -0.4080759883 -0.3903836012 -0.6005783677 0.6977866888
-221.2 -176.3 2684.3 0.9378858805 -0.0064976346 0.3468830884 0.0245369729 0.9985632896 -0.0476373211 -0.3460751772 0.0531898327 0.9366978407
-218.7 -563.8 2663.6 0.9364069104 -0.0689495206 0.3440755904 0.0505332202 0.9967824221 0.0622189194 -0.3472584784 -0.0408749804 0.9368782043
-46.9 -179.3 2725.9 0.9838065505 0.0584472232 0.1694360226 -0.0446759537 0.9954652190 -0.0839826092 -0.1735762060 0.0750529319 0.9819563627
-69.6 -565.7 2696.7 0.9798763990 -0.1079483554 0.1678968221 0.1273216605 0.9858275056 -0.1092399880 -0.1537250131 0.1284185946 0.9797332883
-198.3 397.7 2542.1 0 0 0 0 0 0 0 0 0
13.6 -270.2 2593.0 0 0 0 0 0 0 0 0 0
-200.9 -819.8 2674.1 0 0 0 0 0 0 0 0 0
-38.6 -849.0 2659.8 0 0 0 0 0 0 0 0 0
-125.5 455.1 2690.7 0 0.9711622596 -0.0339641273 -0.2359880507 0.0010424493 0.9903966784 -0.1382509619 0.2384173572 0.1340181082 0.9618712664
-117.0 207.3 2657.1 0.9711622596 -0.0339641273 -0.2359880507 0.0010424493 0.9903966784 -0.1382509619 0.2384173572 0.1340181082 0.9618712664
-125.8 14.9 2680.9 0.9710684419 0.0455018580 -0.2344262600 -0.0150678735 0.9913977385 0.1300131828 0.2383255064 -0.1227193996 0.9634007215
-249.7 209.4 2624.6 0.4648844600 -0.8122120500 -0.3524116874 0.0646790043 0.4281296730 -0.9013997912 0.8830056787 0.3962531388 0.2515639067
-347.5 195.7 2438.6 -0.5648428202 -0.8122120500 -0.1458222419 -0.7469522953 0.4281296730 0.5086916685 -0.3507347107 0.3962531388 -0.8485096693
15.7 205.3 2689.7 0.1577395201 0.7946817279 0.5861733556 -0.9874724746 0.1245139837 0.0969243124 0.0040371935 -0.5941188931 0.8043671250
54.9 -40.0 2690.7 -0.1614972204 0.7933719754 0.5869238377 -0.9057220817 0.1170201153 -0.4073988199 -0.3919006884 -0.5973836184 0.6996760964
-221.9 -177.3 2682.7 0.9406511188 -0.0128175719 0.3391329646 0.0318641476 0.9982078075 -0.0506540090 -0.3378759325 0.0584539361 0.9393737316
-216.9 -564.8 2660.0 0.9401100278 -0.0642210618 0.3347667456 0.0408528298 0.9962406158 0.0763919130 -0.3384141922 -0.0581406355 0.9391993880
-47.5 -180.6 2723.9 0.9854415059 0.0544112101 0.1610729247 -0.0406897403 0.9953511357 -0.0872952342 -0.1650739610 0.0794703290 0.9830743074
-68.6 -567.0 2693.1 0.9815564752 -0.1041721702 0.1602968276 0.1213229597 0.9874411821 -0.1011963263 -0.1477418393 0.1187775880 0.9818677306
-202.0 388.2 2529.0 0 0 0 0 0 0 0 0 0
13.9 -269.9 2591.2 0 0 0 0 0 0 0 0 0
-200.2 -823.6 2675.1 0 0 0 0 0 0 0 0 0
-38.8 -850.0 2659.0 0 0 0 0 0 0 0 0 0
-130.0 466.8 2692.3 1 0.9708036184 -0.0515136793 -0.2342790365 0.0185120255 0.9898452163 -0.1409388930 0.2391602695 0.1324869990 0.9618989229
-116.4 206.5 2657.5 0.9708036184 -0.0515136793 -0.2342790365 0.0185120255 0.9898452163 -0.1409388930 0.2391602695 0.1324869990 0.9618989229
-124.1 14.1 2682.4 0.9709628224 0.0394910462 -0.2359483987 -0.0077177384 0.9909383655 0.1340952367 0.2391058952 -0.1283805072 0.9624691010
-249.1 207.5 2624.8 0.4822104275 -0.8036012053 -0.3488527536 0.0673926100 0.4310557544 -0.8998050690 0.8734593987 0.4103853106 0.2620163560
-350.5 193.4 2441.1 -0.5633897185 -0.8036012053 -0.1918779761 -0.7732380629 0.4310557544 0.4650740623 -0.2910239697 0.4103853106 -0.8642273545
16.2 205.4 2690.1 0.1571089327 0.7867568135 0.5969341993 -0.9875031710 0.1175505668 0.1049728170 0.0124181267 -0.6059666276 0.7953931093
54.9 -37.4 2693.2 -0.1673276573 0.7867568135 0.5941507816 -0.9043256640 0.1175505668 -0.4103376269 -0.3926786780 -0.6059666276 0.6918149590
-221.7 -176.2 2683.4 0.9408755898 -0.0050637326 0.3387145102 0.0204542596 0.9989131093 -0.0418839008 -0.3381342590 0.0463356934 0.9399564862
-219.7 -564.0 2665.4 0.9390515089 -0.0716660246 0.3362235725 0.0526497923 0.9964724183 0.0653504133 -0.3397209048 -0.0436653011 0.9395121336
-47.7 -178.9 2726.1 0.9856921434 0.0534659512 0.1598511040 -0.0376272202 0.9942232966 -0.1005200297 -0.1643020809 0.0930670500 0.9820098281
-68.4 -564.9 2690.0 0.9816741943 -0.1027786508 0.1604753286 0.1180487797 0.9890387654 -0.0886950493 -0.1496003717 0.1060135588 0.9830467105
-206.4 391.1 2515.6 0 0 0 0 0 0 0 0 0
12.4 -267.0 2593.5 0 0 0 0 0 0 0 0 0
-201.2 -821.1 2676.7 0 0 0 0 0 0 0 0 0
-38.9 -849.2 2659.5 0 0 0 0 0 0 0 0 0
-132.6 474.7 2693.6 2 0.9692660570 -0.0595635660 -0.2386954129 0.0250469577 0.9890984893 -0.1451098770 0.2447365373 0.1346714944 0.9601914287
-116.5 206.4 2657.1 0.9692660570 -0.0595635660 -0.2386954129 0.0250469577 0.9890984893 -0.1451098770 0.2447365373 0.1346714944 0.9601914287
-125.8 14.4 2684.0 0.9694905877 0.0477401130 -0.2404348403 -0.0125196939 0.9892151952 0.1459335834 0.2448086888 -0.1384710670 0.9596324563
-248.9 208.2 2623.7 0.4767145813 -0.8066210747 -0.3494361341 0.0728980452 0.4324178994 -0.8987216949 0.8760302663 0.4029605091 0.2649410069
-350.5 192.6 2437.1 -0.5580269694 -0.8066210747 -0.1948545873 -0.7818730474 0.4324178994 0.4490982890 -0.2779935598 0.4029605091 -0.8719761372
16.0 204.7 2690.6 0.1588994414 0.7850096226 0.5987577438 -0.9872633219 0.1215000376 0.1027074605 0.0078772567 -0.6074517369 0.7943175435
55.0 -37.5 2692.5 -0.1674212366 0.7850096226 0.5964310765 -0.9024775028 0.1215000376 -0.4132457674 -0.3968683183 -0.6074517369 0.6881118417
-218.7 -177.5 2685.9 0.9429374337 0.0013520434 0.3329672217 0.0165074859 0.9985722899 -0.0508027151 -0.3325605392 0.0534002334 0.9415688515
-219.3 -565.2 2665.2 0.9411100149 -0.0690980256 0.3309642971 0.0510269664 0.9967086315 0.0629935116 -0.3342276812 -0.0423957221 0.9415383339
-44.8 -178.9 2728.7 0.9862824678 0.0617731512 0.1530716419 -0.0471028574 0.9941025376 -0.0976805463 -0.1582029313 0.0891305059 0.9833756089
-68.7 -564.8 2694.1 0.9826864004 -0.1055773720 0.1522526145 0.1230981350 0.9862073660 -0.1106429547 -0.1384712607 0.1274693459 0.9821289778
-208.1 392.2 2508.0 0 0 0 0 0 0 0 0 0
12.5 -266.6 2591.8 0 0 0 0 0 0 0 0 0
-201.8 -817.5 2675.9 0 0 0 0 0 0 0 0 0
-38.6 -846.1 2657.8 0 0 0 0 0 0 0 0 0
-135.6 476.4 2693.8 3 0.9695423841 -0.0703020617 -0.2346171439 0.0371814817 0.9890646338 -0.1427187324 0.2420849502 0.1296484470 0.9615540504
-116.4 207.2 2658.5 0.9695423841 -0.0703020617 -0.2346171439 0.0371814817 0.9890646338 -0.1427187324 0.2420849502 0.1296484470 0.9615540504
-123.8 15.0 2684.6 0.9702216983 0.0378345363 -0.2392454296 -0.0042324835 0.9902227521 0.1394307613 0.2421815693 -0.1342661530 0.9608957767
-249.0 207.7 2625.4 0.4592216909 -0.8078770041 -0.3693917096 0.0590268299 0.4426628351 -0.8947432041 0.8863584399 0.3890814781 0.2509667873
-347.5 195.1 2435.1 -0.5655391216 -0.8078770041 -0.1658321172 -0.7680448294 0.4426628351 0.4627707601 -0.3004541397 0.3890814781 -0.8708288670
16.1 206.6 2691.6 0.1554966271 0.7879000902 0.5958475471 -0.9878120422 0.1197856367 0.0993917659 0.0069368072 -0.6040404439 0.7969234586
54.7 -38.1 2693.3 -0.1713274121 0.7879000902 0.5914899707 -0.8995306492 0.1197856367 -0.4201142490 -0.4018600583 -0.6040404439 0.6882176995
-221.9 -176.5 2688.9 0.9418597817 0.0029827750 0.3359929323 0.0177927967 0.9981148839 -0.0587377623 -0.3355347216 0.0613009930 0.9400311708
-223.0 -563.9 2665.1 0.9389035702 -0.0830321312 0.3340145946 0.0670979843 0.9960013628 0.0589841828 -0.3375765681 -0.0329687558 0.9407205582
-48.2 -178.7 2732.8 0.9862815738 0.0519694388 0.1566776484 -0.0365079418 0.9943178892 -0.0999953598 -0.1609840840 0.0929035991 0.9825747013
-68.3 -564.7 2696.7 0.9824412465 -0.1023029312 0.1560232937 0.1205398515 0.9863385558 -0.1122781187 -0.1424054205 0.1291136742 0.9813513160
-202.9 391.6 2512.0 0 0 0 0 0 0 0 0 0
11.2 -266.4 2591.3 0 0 0 0 0 0 0 0 0
-201.7 -820.4 2673.6 0 0 0 0 0 0 0 0 0
-38.9 -848.3 2659.6 0 0 0 0 0 0 0 0 0
-139.9 465.8 2692.9 4 0.9663706422 -0.0926586539 -0.2398795187 0.0571352690 0.9868767262 -0.1510292441 0.2507256866 0.1322446465 0.9589827657
-115.5 206.3 2658.1 0.9663706422 -0.0926586539 -0.2398795187 0.0571352690 0.9868767262 -0.1510292441 0.2507256866 0.1322446465 0.9589827657
-123.5 14.0 2684.0 0.9680271745 0.0410955027 -0.2474560887 -0.0063822032 0.9902045131 0.1394785047 0.2507640719 -0.1334396750 0.9588071704
-247.8 207.1 2623.9 0.4645129144 -0.8079181910 -0.3626237214 0.0356352553 0.4262036681 -0.9039250612 0.8848490715 0.4069626629 0.2267674804
-344.7 199.7 2439.2 -0.5647241473 -0.8079181910 -0.1683889478 -0.7572931647 0.4262036681 0.4948307574 -0.3280147910 0.4069626629 -0.8525184393
16.7 205.4 2692.4 0.1555910558 0.7996664047 0.5799354315 -0.9877227545 0.1176395342 0.1027846336 0.0139700808 -0.5888078213 0.8081523776
54.7 -35.6 2695.8 -0.1615099907 0.7996664047 0.5783149600 -0.9023365974 0.1176395342 -0.4146680832 -0.3996288180 -0.5888078213 0.7025682926
-218.0 -176.9 2688.9 0.9447356462 0.0137615204 0.3275441825 0.0056227529 0.9982914329 -0.0581601597 -0.3277849257 0.0567876771 0.9430441260
-223.4 -564.4 2666.9 0.9409764409 -0.0874849260 0.3269705474 0.0730050579 0.9957398772 0.0563236997 -0.3305051029 -0.0291287694 0.9433546066
-44.2 -177.6 2732.3 0.9869099855 0.0663972348 0.1469695419 -0.0497991256 0.9922469258 -0.1138684899 -0.1533906311 0.1050589979 0.9825649858
-70.0 -562.8 2691.5 0.9831057787 -0.1070531681 0.1484677792 0.1213556975 0.9884419441 -0.0908590853 -0.1370250285 0.1073415056 0.9847344756
-200.0 393.8 2523.3 0 0 0 0 0 0 0 0 0
13.7 -264.7 2594.3 0 0 0 0 0 0 0 0 0
-200.5 -824.4 2674.5 0 0 0 0 0 0 0 0 0
-38.8 -850.8 2660.3 0 0 0 0 0 0 0 0 0
-137.2 461.9 2694.9 5 0.9689447880 -0.0819814131 -0.2332918495 0.0459727459 0.9867178202 -0.1558025777 0.2429661453 0.1402390152 0.9598439932
-115.9 206.5 2658.6 0.9689447880 -0.0819814131 -0.2332918495 0.0459727459 0.9867178202 -0.1558025777 0.2429661453 0.1402390152 0.9598439932
-122.8 14.2 2684.6 0.9700720906 0.0353543609 -0.2402294725 -0.0018287025 0.9903790951 0.1383687407 0.2428101897 -0.1337883323 0.9608037472
-248.5 206.7 2625.4 0.4508480132 -0.8149142861 -0.3642126024 0.0251980070 0.4194923341 -0.9074090719 0.8922449946 0.3999261260 0.2096614987
-342.5 201.5 2439.3 -0.5594543815 -0.8149142861 -0.1514117867 -0.7496044040 0.4194923341 0.5119759440 -0.3537004292 0.3999261260 -0.8455501795
16.6 206.2 2691.8 0.1550927460 0.8138369322 0.5600140691 -0.9877619743 0.1182761490 0.1016710624 0.0165073592 -0.5689290166 0.8222209215
54.7 -36.6 2695.8 -0.1514056474 0.8138369322 0.5610221028 -0.9020887613 0.1182761490 -0.4150260985 -0.4041191041 -0.5689290166 0.7162454128
-218.2 -177.6 2687.4 0.9420244098 0.0041352757 0.3355188966 0.0170039963 0.9980509877 -0.0600425079 -0.3351132572 0.0622666702 0.9401180744
-219.8 -565.0 2663.3 0.9397258759 -0.0756534189 0.3334543407 0.0575491562 0.9962984324 0.0638556704 -0.3370509446 -0.0408168137 0.9406012297
-44.8 -178.7 2732.4 0.9864040017 0.0555358008 0.1546704024 -0.0357163101 0.9911190867 -0.1280909628 -0.1604104191 0.1208251864 0.9796273708
-66.3 -563.4 2685.5 0.9833263159 -0.0908994079 0.1575013846 0.1034141779 0.9919441342 -0.0731596872 -0.1495824009 0.0882277265 0.9848050475
-198.2 394.8 2530.5 0 0 0 0 0 0 0 0 0
16.3 -265.5 2593.3 0 0 0 0 0 0 0 0 0
-200.3 -822.3 2673.8 0 0 0 0 0 0 0 0 0
-40.3 -847.4 2660.2 0 0 0 0 0 0 0 0 0
-137.0 460.3 2694.9 6 0.9689906836 -0.0836711004 -0.2324998081 0.0487930886 0.9871891737 -0.1519104540 0.2422318012 0.1358554363 0.9606596828
-115.3 204.8 2659.8 0.9689906836 -0.0836711004 -0.2324998081 0.0487930886 0.9871891737 -0.1519104540 0.2422318012 0.1358554363 0.9606596828
-123.8 12.5 2684.2 0.9702181816 0.0440008715 -0.2382027507 -0.0124206999 0.9911069274 0.1324870437 0.2419139296 -0.1255826950 0.9621365070
-247.9 206.5 2626.7 0.4439057410 -0.8147239685 -0.3730583489 0.0343767032 0.4315029383 -0.9014562964 0.8954138160 0.3873370886 0.2195541561
-343.0 199.2 2434.9 -0.5630477667 -0.8147239685 -0.1385714710 -0.7483581305 0.4315029383 0.5037512779 -0.3506242335 0.3873370886 -0.8526620865
17.2 203.1 2692.8 0.1541941613 0.8165763617 0.5562618375 -0.9879196882 0.1186126024 0.0997285768 0.0154563328 -0.5649195910 0.8250011802
54.6 -36.4 2696.6 -0.1504362375 0.8165763617 0.5572898984 -0.9011119604 0.1186126024 -0.4170471132 -0.4066524208 -0.5649195910 0.7179830670
-216.6 -177.9 2688.8 0.9417126775 0.0195705574 0.3358484805 0.0023951230 0.9978911877 -0.0648649782 -0.3364096880 0.0618885718 0.9396799207
-224.2 -565.2 2664.8 0.9374728799 -0.0920519158 0.3356650472 0.0761777833 0.9952760935 0.0601863861 -0.3396196663 -0.0308528859 0.9400566816
-42.8 -178.2 2732.3 0.9862577915 0.0570191890 0.1550623178 -0.0375305004 0.9913422465 -0.1258254051 -0.1608942896 0.1182767302 0.9798589945
-64.9 -563.0 2686.4 0.9837992191 -0.0851998553 0.1577341408 0.0980881676 0.9922867417 -0.0758008361 -0.1500592679 0.0900446549 0.9845679998
-196.6 393.8 2526.1 0 0 0 0 0 0 0 0 0
16.4 -265.2 2593.4 0 0 0 0 0 0 0 0 0
-200.3 -823.8 2672.8 0 0 0 0 0 0 0 0 0
-40.8 -844.1 2660.9 0 0 0 0 0 0 0 0 0
-136.3 459.2 2694.5 7 0.9695355892 -0.0874972045 -0.2287901491 0.0542236231 0.9875178337 -0.1478792578 0.2388733774 0.1309683770 0.9621781707
-113.7 204.0 2660.6 0.9695355892 -0.0874972045 -0.2287901491 0.0542236231 0.9875178337 -0.1478792578 0.2388733774 0.1309683770 0.9621781707
-123.3 11.5 2683.6 0.9709653854 0.0493083559 -0.2340832353 -0.0198786333 0.9917730093 0.1264560074 0.2383927703 -0.1181311533 0.9639574289
-246.4 206.7 2628.1 0.4638083875 -0.8060852289 -0.3675709367 0.0478809290 0.4370969236 -0.8981389999 0.8846406937 0.3989647627 0.2413253188
-348.2 196.2 2433.8 -0.5649015307 -0.8060852289 -0.1763883978 -0.7692410350 0.4370969236 0.4660627842 -0.2985875010 0.3989647627 -0.8669905663
18.9 201.3 2693.2 0.1573479474 0.7887310982 0.5942599177 -0.9875429869 0.1252650321 0.0952233672 0.0006656474 -0.6018404365 0.7986161113
57.7 -41.9 2693.3 -0.1667044759 0.7887310982 0.5917033553 -0.8987500072 0.1252650321 -0.4201870263 -0.4055343270 -0.6018404365 0.6879898310
-219.3 -178.8 2686.9 0.9406968951 0.0128326705 0.3390055001 0.0079538310 0.9981753826 -0.0598556623 -0.3391550481 0.0590024255 0.9388783574
-224.3 -566.3 2664.0 0.9365701675 -0.0930282250 0.3379084468 0.0747289881 0.9949643016 0.0667956769 -0.3424207270 -0.0373072773 0.9388057590
-45.5 -181.0 2730.2 0.9857208133 0.0560650527 0.1587801278 -0.0376150049 0.9924300909 -0.1169085205 -0.1641326696 0.1092666462 0.9803678989
-67.2 -566.3 2687.8 0.9826632142 -0.0922917873 0.1607956290 0.1060406640 0.9912092686 -0.0791177526 -0.1520801932 0.0947969779 0.9838115573
-202.5 394.6 2510.8 0 0 0 0 0 0 0 0 0
15.4 -270.0 2590.4 0 0 0 0 0 0 0 0 0
-200.0 -826.6 2673.7 0 0 0 0 0 0 0 0 0
-41.2 -846.0 2661.0 0 0 0 0 0 0 0 0 0
-137.3 468.5 2684.7 8 0.9651343226 -0.0968499854 -0.2431785166 0.0708387643 0.9910050631 -0.1135376021 0.2519872487 0.0923525691 0.9633137584
-111.6 205.0 2660.2 0.9651343226 -0.0968499854 -0.2431785166 0.0708387643 0.9910050631 -0.1135376021 0.2519872487 0.0923525691 0.9633137584
-123.8 12.9 2684.6 0.9668519497 0.0627545714 -0.2475059927 -0.0289574470 0.9900228381 0.1378992796 0.2536903918 -0.1261610389 0.9590227008
-243.6 209.0 2625.5 0.4796431661 -0.8028861284 -0.3540004194 0.0618798137 0.4333817363 -0.8990834951 0.8752790093 0.4093337953 0.2575510442
-349.7 195.3 2431.9 -0.5634199977 -0.8028861284 -0.1947607994 -0.7759930491 0.4333817363 0.4582740366 -0.2835361063 0.4093337953 -0.8672099710
20.5 201.1 2694.8 0.1700130105 0.7641013265 0.6222898960 -0.9854247570 0.1281087399 0.1119204387 0.0057977778 -0.6322478056 0.7747445107
62.3 -41.3 2696.2 -0.1930307448 0.7641013265 0.6155390143 -0.8897718191 0.1281087399 -0.4380573332 -0.4135761261 -0.6322478056 0.6551468968
-219.9 -179.2 2685.1 0.9460525513 0.0127622308 0.3237617314 0.0038986537 0.9987033010 -0.0507595912 -0.3239896894 0.0492834784 0.9447760582
-224.8 -566.9 2666.0 0.9418297410 -0.0917346776 0.3233287632 0.0785588846 0.9954676032 0.0535980947 -0.3267801106 -0.0250799321 0.9447675943
-45.9 -182.8 2727.8 0.9880158901 0.0589320064 0.1426589340 -0.0445234105 0.9937703609 -0.1021670625 -0.1477911323 0.0945910215 0.9844847918
-68.8 -568.5 2691.1 0.9846584201 -0.0999174565 0.1430535614 0.1142117828 0.9888599515 -0.0954553261 -0.1319222748 0.1103292927 0.9851009846
-206.0 393.2 2504.2 0 0 0 0 0 0 0 0 0
13.4 -267.1 2591.3 0 0 0 0 0 0 0 0 0
-201.3 -821.5 2672.4 0 0 0 0 0 0 0 0 0
-40.8 -845.6 2660.2 0 0 0 0 0 0 0 0 0
-141.9 471.8 2679.3 9 0.9597176909 -0.1135769859 -0.2569867969 0.0929514244 0.9914968610 -0.0910712183 0.2651452124 0.0635153651 0.9621142149
-111.4 205.8 2662.3 0.9597176909 -0.1135769859 -0.2569867969 0.0929514244 0.9914968610 -0.0910712183 0.2651452124 0.0635153651 0.9621142149
-124.1 13.6 2686.8 0.9626937509 0.0653197020 -0.2625911236 -0.0292395949 0.9898562431 0.1390311420 0.2690089345 -0.1261663586 0.9548383355
-242.9 209.8 2625.6 0.4768508971 -0.8065836430 -0.3493365645 0.0747665241 0.4332118034 -0.8981856704 0.8757985830 0.4021819532 0.2668828964
-348.7 193.2 2431.4 -0.5562093854 -0.8065836430 -0.2001348436 -0.7865604758 0.4332118034 0.4400569797 -0.2682420015 0.4021819532 -0.8753833175
20.1 201.8 2699.0 0.1763719171 0.7442073226 0.6442425251 -0.9842941761 0.1384016871 0.1095896363 -0.0076068430 -0.6534526944 0.7569290996
64.1 -44.2 2697.1 -0.2064125389 0.7442073226 0.6352553368 -0.8827615976 0.1384016871 -0.4489732087 -0.4220495522 -0.6534526944 0.6283897758
-222.6 -176.7 2686.4 0.9510924220 0.0107505238 0.3087192774 0.0049816431 0.9987304807 -0.0501260534 -0.3088662326 0.0492124408 0.9498314261
-226.7 -564.4 2667.3 0.9462482333 -0.0984330848 0.3080992699 0.0849413499 0.9947579503 0.0569345392 -0.3120884597 -0.0277038403 0.9496490359
-49.3 -181.9 2731.8 0.9907138348 0.0503633656 0.1262916625 -0.0359538086 0.9928429127 -0.1138869673 -0.1311235130 0.1082887352 0.9854339957
-68.9 -567.3 2689.8 0.9861630201 -0.1064342409 0.1270992905 0.1192198023 0.9880574942 -0.0976166725 -0.1151916534 0.1114187092 0.9870748520
-207.8 392.4 2499.3 0 0 0 0 0 0 0 0 0
11.8 -268.2 2590.1 0 0 0 0 0 0 0 0 0
-200.7 -827.1 2674.6 0 0 0 0 0 0 0 0 0
-38.7 -847.8 2658.2 0 0 0 0 0 0 0 0 0
-143.5 471.7 2686.7 0 0.9563748240 -0.1206819490 -0.2660507858 0.0923203975 0.9888681769 -0.1166906208 0.2771716118 0.0870380625 0.9568700194
-111.0 205.6 2663.2 0.9563748240 -0.1206819490 -0.2660507858 0.0923203975 0.9888681769 -0.1166906208 0.2771716118 0.0870380625 0.9568700194
-125.0 13.4 2686.5 0.9595206976 0.0721977055 -0.2722269297 -0.0360855162 0.9901331663 0.1354037374 0.2793167531 -0.1200992465 0.9526585340
-242.1 210.5 2625.1 0.4806568921 -0.8062435985 -0.3448770940 0.0786413550 0.4313343763 -0.8987581134 0.8733753562 0.4048726857 0.2707279325
-349.1 193.0 2430.7 -0.5557234883 -0.8062435985 -0.2028365731 -0.7868695259 0.4313343763 0.4413467944 -0.2683426440 0.4048726857 -0.8741111755
20.1 200.7 2701.4 0.1737069339 0.7035742402 0.6890640259 -0.9840981364 0.1503769159 0.0945388973 -0.0371041894 -0.6945286989 0.7185075879
63.6 -45.8 2692.1 -0.2126847804 0.7035742402 0.6780475974 -0.8879920244 0.1503769159 -0.4345767498 -0.4077197015 -0.6945286989 0.5927854180
-223.0 -175.9 2687.2 0.9545156360 0.0073926798 0.2980692685 0.0093450043 0.9984596968 -0.0546894558 -0.2980144322 0.0549873970 0.9529762864
-225.9 -563.5 2665.8 0.9502206445 -0.0953758731 0.2966212630 0.0774355158 0.9944170713 0.0716825649 -0.3018020391 -0.0451452360 0.9523011446
-50.6 -181.1 2735.4 0.9923537970 0.0461740568 0.1144634783 -0.0313403159 0.9912580848 -0.1281607449 -0.1193805560 0.1235934719 0.9851258397
-68.5 -565.9 2687.4 0.9876891375 -0.1048609689 0.1160790473 0.1157850698 0.9890285730 -0.0917406380 -0.1051854789 0.1040514484 0.9889940619
-208.8 391.6 2498.4 0 0 0 0 0 0 0 0 0
9.6 -271.2 2588.6 0 0 0 0 0 0 0 0 0
-200.8 -825.8 2677.7 0 0 0 0 0 0 0 0 0
-38.7 -847.1 2657.8 0 0 0 0 0 0 0 0 0
-142.1 473.2 2690.8 1 0.9576829076 -0.1184965223 -0.2623013854 0.0873087570 0.9879810214 -0.1275563687 0.2742637694 0.0992573425 0.9565183520
-110.0 205.4 2663.9 0.9576829076 -0.1184965223 -0.2623013854 0.0873087570 0.9879810214 -0.1275563687 0.2742637694 0.0992573425 0.9565183520
-124.7 13.2 2687.3 0.9604303837 0.0758372545 -0.2679965496 -0.0400730148 0.9898306727 0.1364894360 0.2756222188 -0.1203491688 0.9537025094
-241.2 210.8 2626.2 0.4701612890 -0.8068735003 -0.3576360643 0.0622615479 0.4345292151 -0.8985031247 0.8803816438 0.4001744092 0.2545360029
-344.7 197.1 2432.4 -0.5626614094 -0.8068735003 -0.1799092293 -0.7716459036 0.4345292151 0.4644857049 -0.2966053784 0.4001744092 -0.8671134114
21.2 199.9 2701.6 0.1682696939 0.6961876750 0.6978595853 -0.9849586487 0.1469481885 0.0908996165 -0.0392660163 -0.7026584744 0.7104429603
63.6 -48.0 2691.7 -0.2296967655 0.6961876750 0.6801192164 -0.8817634583 0.1469481885 -0.4482181072 -0.4119862020 -0.7026584744 0.5801193118
-225.0 -175.6 2684.8 0.9533530474 -0.0148207583 0.3014934957 0.0310487412 0.9983109236 -0.0491044968 -0.3002564609 0.0561749153 0.9522029161
-219.2 -563.0 2663.0 0.9521945715 -0.0688329935 0.2976366282 0.0504335202 0.9963360429 0.0690717250 -0.3013005257 -0.0507588573 0.9521772861
-53.1 -182.0 2734.9 0.9923155904 0.0383817293 0.1176288873 -0.0228422489 0.9911571145 -0.1307128221 -0.1216056868 0.1270214617 0.9844173789
-68.0 -566.8 2685.5 0.9875488877 -0.1022770032 0.1195268407 0.1119364575 0.9907203317 -0.0770941079 -0.1105327085 0.0895136073 0.9898332357
-203.1 391.4 2507.0 0 0 0 0 0 0 0 0 0
5.3 -271.8 2587.1 0 0 0 0 0 0 0 0 0
-201.4 -820.4 2676.1 0 0 0 0 0 0 0 0 0
-38.9 -848.7 2660.1 0 0 0 0 0 0 0 0 0
-144.5 460.7 2681.4 2 0.9539174438 -0.1386783570 -0.2661010921 0.1149980202 0.9880452156 -0.1026747674 0.2771586776 0.0673421547 0.9584613442
-108.6 205.4 2664.0 0.9539174438 -0.1386783570 -0.2661010921 0.1149980202 0.9880452156 -0.1026747674 0.2771586776 0.0673421547 0.9584613442
-124.3 13.1 2685.3 0.9586538076 0.0808705762 -0.2728420496 -0.0471222326 0.9906463027 0.1280602664 0.2806462646 -0.1099085361 0.9534976482
-239.6 211.8 2625.7 0.4608172476 -0.8141117692 -0.3533687890 0.0534832403 0.4229146838 -0.9045898318 0.8858820796 0.3979512751 0.2384277135
-340.7 200.1 2431.2 -0.5585337877 -0.8141117692 -0.1589403749 -0.7578200102 0.4229146838 0.4968420565 -0.3372667432 0.3979512751 -0.8531622887
22.3 198.9 2702.3 0.1702140719 0.6812028885 0.7120321393 -0.9844352603 0.1496352553 0.0921766758 -0.0437540859 -0.7166392803 0.6960701942
65.0 -48.1 2691.3 -0.2427138984 0.6812028885 0.6906899214 -0.8773657680 0.1496352553 -0.4558932185 -0.4139073491 -0.7166392803 0.5613455772
