-430.8 495.9 2311.6 1 0.9278808236 0.2290316671 -0.2942476869 -0.1906271577 0.9695775509 0.1535599828 0.3204660416 -0.0863937661 0.9433120489
-488.6 251.2 2333.4 0.9278808236 0.2290316671 -0.2942476869 -0.1906271577 0.9695775509 0.1535599828 0.3204660416 -0.0863937661 0.9433120489
-463.5 59.7 2365.1 0.9465361834 -0.1280618608 -0.2960901558 0.1692988425 0.9784737825 0.1180124059 0.2746035755 -0.1618307382 0.9478415847
-623.5 227.1 2294.3 0.3257451355 -0.5820357800 -0.7450667024 0.9067429900 -0.0308777839 0.4205517173 -0.2677821815 -0.8125767112 0.5176985860
-707.1 -5.6 2363.1 -0.6732029319 -0.5820357800 -0.4561054409 0.5787954926 -0.0308777839 -0.8148879409 0.4602104425 -0.8125767112 0.3576667011
-353.8 275.4 2372.5 0.8788346648 0.4041592181 -0.2535842955 -0.3823351562 0.2785907090 -0.8810261488 -0.2854286134 0.8712304831 0.3993594348
-207.8 211.8 2325.1 -0.5641115904 0.4041592181 0.7200232148 0.8256952167 0.2785907090 0.4905248284 -0.0023416362 0.8712304831 -0.4908685982
-522.7 -146.9 2373.3 0.8007702827 -0.0204170197 -0.5986235142 0.0460573547 0.9985587597 0.0275528226 0.5971981883 -0.0496344976 0.8005565405
-514.7 -537.8 2392.7 0.8016829491 -0.1473574638 -0.5793015361 0.0400861539 0.9802094102 -0.1938624084 0.5964038372 0.1321942210 0.7917241454
-352.5 -115.5 2424.8 -0.5818922520 -0.1658680141 -0.7961716056 -0.2812614143 0.9596145749 0.0056450926 0.7630815506 0.2272171825 -0.6050445437
-287.6 -491.2 2335.9 -0.6127343178 -0.0006756131 -0.7902886868 0.0323079824 0.9991422296 -0.0259034988 0.7896283269 -0.0414045937 -0.6121869087
-530.1 -157.8 2242.1 0 0 0 0 0 0 0 0 0
-352.3 423.3 2324.5 0 0 0 0 0 0 0 0 0
-479.9 -769.6 2361.4 0 0 0 0 0 0 0 0 0
-287.4 -764.8 2347.2 0 0 0 0 0 0 0 0 0
-430.6 496.6 2310.4 2 0.9240692258 0.2408622205 -0.2967851460 -0.2010890990 0.9666783214 0.1584177762 0.3250526190 -0.0867087394 0.9417124987
-491.4 252.9 2332.3 0.9240692258 0.2408622205 -0.2967851460 -0.2010890990 0.9666783214 0.1584177762 0.3250526190 -0.0867087394 0.9417124987
-462.5 61.8 2363.5 0.9427630901 -0.1473831385 -0.2991254330 0.1874298751 0.9761242867 0.1097790599 0.2758040130 -0.1595606804 0.9478778839
-625.7 226.2 2293.0 0.3219381571 -0.5884797573 -0.7416517735 0.9054385424 -0.0375310294 0.4228149354 -0.2766529918 -0.8076403737 0.5207496285
-707.5 -4.0 2363.3 -0.6702953577 -0.5884797573 -0.4521014094 0.5812216401 -0.0375310294 -0.8128793240 0.4613952339 -0.8076403737 0.3671940565
-357.0 279.6 2371.6 0.8742799759 0.4006220698 -0.2741103470 -0.3995254338 0.2731440961 -0.8750838041 -0.2757062614 0.8745823503 0.3988631368
-207.8 211.4 2324.5 -0.5594887137 0.4006220698 0.7255855203 0.8288339972 0.2731440961 0.4882894158 -0.0025698910 0.8745823503 -0.4848702252
-524.0 -147.1 2372.0 0.7996562719 -0.0195812173 -0.6001386642 0.0461379662 0.9985170364 0.0288972147 0.5986828208 -0.0507970192 0.7993738651
-516.3 -538.2 2391.9 0.7997405529 -0.1517791897 -0.5808426142 0.0455945283 0.9800748825 -0.1933246106 0.5986118913 0.1281262934 0.7907259464
-352.9 -116.6 2421.5 -0.5798778534 -0.1696497649 -0.7968441844 -0.2779129148 0.9606035948 -0.0022722424 0.7658368349 0.2201356739 -0.6041805744
-286.5 -492.8 2335.3 -0.6092222929 0.0038707720 -0.7929900289 0.0363377891 0.9990739226 -0.0230401419 0.7921665311 -0.0428520739 -0.6087987423
-531.2 -156.8 2242.0 0 0 0 0 0 0 0 0 0
-351.1 423.7 2323.9 0 0 0 0 0 0 0 0 0
-480.6 -769.0 2361.7 0 0 0 0 0 0 0 0 0
-287.5 -763.8 2347.0 0 0 0 0 0 0 0 0 0
-430.6 496.0 2309.9 3 0.9213960767 0.2502943277 -0.2972911298 -0.2069470733 0.9635047913 0.1697983593 0.3289409876 -0.0949280113 0.9395672083
-493.5 254.0 2333.7 0.9213960767 0.2502943277 -0.2972911298 -0.2069470733 0.9635047913 0.1697983593 0.3289409876 -0.0949280113 0.9395672083
-463.7 62.7 2363.7 0.9415351152 -0.1518855244 -0.3007363975 0.1900629699 0.9764714241 0.1018802077 0.2781863809 -0.1530826539 0.9482499957
-627.6 226.9 2294.1 0.3100528419 -0.5934280753 -0.7427720428 0.9105772972 -0.0392651446 0.4114695787 -0.2733426690 -0.8039287329 0.5281878710
-706.5 -4.6 2363.6 -0.6701279879 -0.5934280753 -0.4458380938 0.5773569345 -0.0392651446 -0.8155471683 0.4664627016 -0.8039287329 0.3689324856
-359.3 281.0 2373.3 0.8729981780 0.4036595523 -0.2737391293 -0.3998447955 0.2709525526 -0.8756191134 -0.2792817056 0.8738670945 0.3979422450
-207.8 211.6 2324.9 -0.5623556376 0.4036595523 0.7216752172 0.8268886209 0.2709525526 0.4927879572 0.0033788218 0.8738670945 -0.4861531556
-518.8 -146.2 2369.9 0.7988742590 -0.0056516081 -0.6014715433 0.0368180126 0.9985402822 0.0395190865 0.6003701687 -0.0537157655 0.7979161739
-516.6 -537.3 2390.9 0.7967746258 -0.1540850699 -0.5843012929 0.0506919548 0.9805787802 -0.1894613057 0.6021465659 0.1213385910 0.7891111970
-348.4 -112.3 2419.7 -0.5836198330 -0.1553101540 -0.7970361710 -0.2613806427 0.9652301073 0.0033083684 0.7688094974 0.2102606595 -0.6039225459
-287.6 -490.3 2337.4 -0.6099559665 -0.0021466038 -0.7924324274 0.0268926043 0.9993642569 -0.0234070979 0.7919788361 -0.0355878696 -0.6095104814
-530.2 -156.5 2240.9 0 0 0 0 0 0 0 0 0
-351.8 423.4 2325.7 0 0 0 0 0 0 0 0 0
-480.0 -770.1 2362.1 0 0 0 0 0 0 0 0 0
-287.0 -765.3 2347.1 0 0 0 0 0 0 0 0 0
-430.9 498.0 2309.6 4 0.9242941737 0.2190453410 -0.3125690818 -0.1762147993 0.9713249803 0.1596123725 0.3385685086 -0.0924494788 0.9363890290
-486.7 250.7 2333.1 0.9242941737 0.2190453410 -0.3125690818 -0.1762147993 0.9713249803 0.1596123725 0.3385685086 -0.0924494788 0.9363890290
-461.7 59.1 2364.7 0.9406115413 -0.1273889244 -0.3146775663 0.1709222645 0.9785788059 0.1147566587 0.2933180630 -0.1617268324 0.9422361255
-620.7 226.4 2291.3 0.3383702338 -0.5886158943 -0.7341913581 0.8977897763 -0.0318131112 0.4392738342 -0.2819204628 -0.8077866435 0.5176886916
-707.7 -4.5 2363.8 -0.6694024801 -0.5886158943 -0.4532456696 0.5794073343 -0.0318131112 -0.8144170046 0.4649596512 -0.8077866435 0.3623441160
-352.7 275.1 2374.9 0.8738529086 0.4234940708 -0.2388176173 -0.3821068704 0.2944918871 -0.8759388328 -0.3006250560 0.8566955924 0.4191626012
-207.7 211.7 2325.0 -0.5635863543 0.4234940708 0.7092412710 0.8260397911 0.2944918871 0.4805546403 -0.0053537800 0.8566955924 -0.5157945752
-519.1 -145.6 2368.5 0.7891365290 -0.0076908246 -0.6141697168 0.0432857834 0.9981318116 0.0431182683 0.6126906872 -0.0606110170 0.7879951596
-516.1 -536.6 2392.3 0.7893934846 -0.1495576501 -0.5953909755 0.0416083485 0.9806743264 -0.1911718249 0.6124758124 0.1261365712 0.7803607583
-348.9 -111.3 2418.8 -0.5989520550 -0.1627069414 -0.7840809226 -0.2659550011 0.9639803767 0.0031221025 0.7553306818 0.2104002237 -0.6206507087
-285.2 -488.8 2336.4 -0.6254471540 0.0071292887 -0.7802339792 0.0344707593 0.9992344379 -0.0185018983 0.7795047164 -0.0384672172 -0.6252140999
-531.6 -156.9 2241.5 0 0 0 0 0 0 0 0 0
-352.0 423.3 2323.7 0 0 0 0 0 0 0 0 0
-480.6 -769.3 2362.3 0 0 0 0 0 0 0 0 0
-287.1 -764.1 2347.0 0 0 0 0 0 0 0 0 0
-430.6 498.3 2309.9 5 0.9254050255 0.2283661366 -0.3024473786 -0.1843542457 0.9685293436 0.1672256440 0.3311178386 -0.0989939943 0.9383822083
-488.8 251.6 2335.1 0.9254050255 0.2283661366 -0.3024473786 -0.1843542457 0.9685293436 0.1672256440 0.3311178386 -0.0989939943 0.9383822083
-461.1 59.7 2362.4 0.9415174723 -0.1414100528 -0.3058562279 0.1767079979 0.9800627232 0.0908365995 0.2869130969 -0.1395714879 0.9477344751
-622.9 226.4 2294.2 0.3303705156 -0.5911276340 -0.7358148098 0.9036377072 -0.0270395242 0.4274432361 -0.2725695968 -0.8061246872 0.5252321362
-707.0 -3.6 2363.6 -0.6600369811 -0.5911276340 -0.4635939002 0.5906597376 -0.0270395242 -0.8064675927 0.4641899168 -0.8061246872 0.3670023382
-354.6 276.8 2376.0 0.8760395050 0.4121879339 -0.2503117025 -0.3917219639 0.3054963350 -0.8678858876 -0.2812627554 0.8583548665 0.4290899038
-202.2 208.6 2327.1 -0.5725375414 0.4121879339 0.7087326050 0.8197062612 0.3054963350 0.4845137596 -0.0168044902 0.8583548665 -0.5127811432
-521.8 -147.9 2369.9 0.7950219512 -0.0180021711 -0.6063134670 0.0459512323 0.9984746575 0.0306071527 0.6048376560 -0.0521942116 0.7946365476
-514.8 -539.0 2390.3 0.7949149609 -0.1481483728 -0.5883556008 0.0466618650 0.9817860723 -0.1841705889 0.6049239039 0.1189461872 0.7873492837
-351.8 -117.0 2422.9 -0.5896523595 -0.1687406152 -0.7898333669 -0.2764499784 0.9610276818 0.0010698108 0.7588711977 0.2189802378 -0.6133205891
-285.7 -493.4 2337.1 -0.6171326041 0.0081161866 -0.7868173122 0.0328324623 0.9993415475 -0.0154434079 0.7861738801 -0.0353637822 -0.6169927120
-533.4 -158.9 2241.5 0 0 0 0 0 0 0 0 0
-348.8 418.5 2322.8 0 0 0 0 0 0 0 0 0
-479.9 -770.2 2362.3 0 0 0 0 0 0 0 0 0
-287.9 -765.0 2346.7 0 0 0 0 0 0 0 0 0
-431.2 498.4 2310.1 6 0.9221471548 0.2490500212 -0.2960045338 -0.2057188600 0.9637354612 0.1699814200 0.3276039660 -0.0958541706 0.9399402142
-494.3 254.4 2334.4 0.9221471548 0.2490500212 -0.2960045338 -0.2057188600 0.9637354612 0.1699814200 0.3276039660 -0.0958541706 0.9399402142
-463.3 63.2 2363.2 0.9408503771 -0.1583783627 -0.2995277345 0.1944676638 0.9763368964 0.0945966914 0.2774579227 -0.1472498029 0.9493864179
-628.3 226.7 2294.8 0.3120539486 -0.6035271883 -0.7337419391 0.9093515873 -0.0339242518 0.4146430194 -0.2751399875 -0.7966204286 0.5382322073
-707.4 -3.7 2364.5 -0.6504112482 -0.6035271883 -0.4612159133 0.5988638997 -0.0339242518 -0.8001319766 0.4672550261 -0.7966204286 0.3834953606
-360.2 282.1 2373.9 0.8739412427 0.4058329761 -0.2674441040 -0.4043712914 0.3018455505 -0.8633499742 -0.2696490586 0.8626638055 0.4279024899
-204.9 210.2 2326.0 -0.5688857436 0.4058329761 0.7153100967 0.8221721053 0.3018455505 0.4826202095 -0.0200499836 0.8626638055 -0.5053802133
-518.5 -148.1 2363.8 0.7994293571 -0.0058044964 -0.6007320285 0.0476526730 0.9974153042 0.0537768118 0.5988671780 -0.0716172531 0.7976397276
-516.3 -538.7 2391.8 0.7991141081 -0.1543582976 -0.5810250640 0.0496653914 0.9801222682 -0.1920772344 0.5991243720 0.1246347949 0.7908958197
-348.4 -116.2 2415.7 -0.5830102563 -0.1553914398 -0.7974663377 -0.2553774416 0.9668399692 -0.0016941060 0.7712855935 0.2026672363 -0.6033610702
-287.5 -494.8 2336.3 -0.6078706384 0.0048010768 -0.7940215468 0.0366665497 0.9990847111 -0.0220294241 0.7931890488 -0.0425050706 -0.6074903011
-536.3 -161.2 2241.6 0 0 0 0 0 0 0 0 0
-350.6 420.8 2320.8 0 0 0 0 0 0 0 0 0
-480.0 -768.7 2362.6 0 0 0 0 0 0 0 0 0
-288.8 -763.0 2347.7 0 0 0 0 0 0 0 0 0
-430.1 497.8 2311.2 7 0.9103781581 0.2402317971 -0.3368979990 -0.1902733147 0.9660611153 0.1747054756 0.3674338758 -0.0949453562 0.9251906276
-490.6 254.2 2335.1 0.9103781581 0.2402317971 -0.3368979990 -0.1902733147 0.9660611153 0.1747054756 0.3674338758 -0.0949453562 0.9251906276
-460.8 62.6 2361.8 0.9275626540 -0.1521497220 -0.3412886262 0.1891741008 0.9788600802 0.0777569264 0.3222431242 -0.1366873980 0.9367368221
-622.7 227.3 2289.3 0.3286373317 -0.5976108313 -0.7313404083 0.9012590647 -0.0330713689 0.4320166111 -0.2823642492 -0.8011039495 0.5277337432
-706.5 -2.6 2361.3 -0.6446839571 -0.5976108313 -0.4767010212 0.6138626337 -0.0330713689 -0.7887198329 0.4555823803 -0.8011039495 0.3881715238
-358.6 281.1 2381.0 0.8605552316 0.4546763897 -0.2295955122 -0.3990842104 0.3217748702 -0.8585993052 -0.3165067732 0.8305000067 0.4583592117
-206.0 210.4 2324.9 -0.5623518825 0.4546763897 0.6906733513 0.8268039823 0.3217748702 0.4613633156 -0.0124703357 0.8305000067 -0.5568789840
-517.3 -145.5 2366.9 0.7721181512 -0.0012796480 -0.6354777217 0.0393898226 0.9981714487 0.0458494276 0.6342570186 -0.0604325309 0.7707567215
-516.8 -536.4 2390.6 0.7711805701 -0.1572283804 -0.6168952584 0.0453234650 0.9801227450 -0.1931454986 0.6350010037 0.1209902242 0.7629777789
-347.2 -110.3 2417.1 -0.6180199385 -0.1531346291 -0.7711038589 -0.2593846023 0.9656395316 0.0161223505 0.7421394587 0.2099764049 -0.6365052462
-287.3 -488.5 2334.8 -0.6457275748 0.0047439374 -0.7635531425 0.0389366150 0.9988843203 -0.0267221760 0.7625744939 -0.0469854176 -0.6451918483
-537.0 -164.0 2241.5 0 0 0 0 0 0 0 0 0
-350.0 422.1 2321.7 0 0 0 0 0 0 0 0 0
-479.5 -768.5 2361.9 0 0 0 0 0 0 0 0 0
-288.6 -763.3 2347.7 0 0 0 0 0 0 0 0 0
-429.2 499.1 2310.2 8 0.9245073199 0.2417985648 -0.2946517169 -0.1999570131 0.9657849073 0.1651566327 0.3245048225 -0.0937708467 0.9412245750
-490.4 254.7 2334.0 0.9245073199 0.2417985648 -0.2946517169 -0.1999570131 0.9657849073 0.1651566327 0.3245048225 -0.0937708467 0.9412245750
-459.7 62.5 2355.1 0.9411348701 -0.1570055932 -0.2993566096 0.1819272190 0.9816527367 0.0570994020 0.2848993242 -0.1081993505 0.9524312615
-624.3 228.7 2293.4 0.3295583427 -0.5919063091 -0.7355530262 0.9051128626 -0.0235959888 0.4245161116 -0.2686298788 -0.8056613207 0.5279657245
-707.9 -0.8 2361.6 -0.6383379698 -0.5919063091 -0.4921092689 0.6240140796 -0.0235959888 -0.7810567617 0.4507006109 -0.8056613207 0.3844200671
-356.4 280.7 2374.5 0.8674855232 0.4255136549 -0.2576954365 -0.4049391747 0.3031186759 -0.8626374006 -0.2889516950 0.8526765108 0.4352582395
-206.9 210.9 2324.7 -0.5588967204 0.4255136549 0.7117391229 0.8290862441 0.3031186759 0.4698244631 -0.0158246979 0.8526765108 -0.5221995711
-514.7 -146.2 2359.5 0.7995265722 0.0047750226 -0.6006117463 0.0432433449 0.9969157577 0.0654907227 0.5990720391 -0.0783340335 0.7968541384
-516.6 -536.6 2390.2 0.7980366945 -0.1546355486 -0.5824305415 0.0529429242 0.9807692170 -0.1878531128 0.6002786756 0.1190780997 0.7908766270
-347.2 -112.0 2417.7 -0.5864810944 -0.1512196064 -0.7957214117 -0.2646397948 0.9642751217 0.0117992759 0.7655100822 0.2174995989 -0.6055479050
-288.0 -489.7 2332.5 -0.6165714264 -0.0022852765 -0.7872956991 0.0419724323 0.9984782934 -0.0357690267 0.7861793637 -0.0550988726 -0.6155372262
-540.0 -165.0 2243.0 0 0 0 0 0 0 0 0 0
-350.1 423.2 2320.6 0 0 0 0 0 0 0 0 0
-480.0 -768.8 2362.0 0 0 0 0 0 0 0 0 0
-287.4 -763.5 2347.6 0 0 0 0 0 0 0 0 0
-430.7 497.9 2312.3 9 0.9233987927 0.2384433597 -0.3007980287 -0.1993628740 0.9675894380 0.1550004780 0.3280078471 -0.0831592977 0.9410076737
-491.2 252.6 2333.3 0.9233987927 0.2384433597 -0.3007980287 -0.1993628740 0.9675894380 0.1550004780 0.3280078471 -0.0831592977 0.9410076737
-459.3 60.5 2354.1 0.9383842945 -0.1629385203 -0.3047719598 0.1873538643 0.9808912277 0.0524489209 0.2904022038 -0.1063174531 0.9509801269
-624.8 225.9 2292.0 0.3327323496 -0.6034044027 -0.7247015238 0.8999852538 -0.0263199806 0.4351250529 -0.2816304862 -0.7970008850 0.5342975259
-708.0 0.9 2362.4 -0.6345865130 -0.6034044027 -0.4829110205 0.6210989356 -0.0263199806 -0.7832900882 0.4599304795 -0.7970008850 0.3914761245
-357.5 279.3 2374.7 0.8755365014 0.4073196352 -0.2598586380 -0.3997284472 0.3085611463 -0.8631379604 -0.2713907659 0.8595817089 0.4329738021
-202.2 208.4 2326.5 -0.5693413019 0.4073196352 0.7141016722 0.8217154741 0.3085611463 0.4791384637 -0.0251815263 0.8595817089 -0.5103774667
-514.0 -146.1 2350.5 0.7960362434 0.0027303274 -0.6052427888 0.0470709689 0.9966818094 0.0664055273 0.6034157872 -0.0813505724 0.7932663560
-515.1 -536.5 2382.4 0.7931753993 -0.1495766491 -0.5903385878 0.0669892132 0.9849150181 -0.1595458835 0.6052976251 0.0870015547 0.7912303805
-344.1 -113.2 2402.0 -0.5950651765 -0.1461493522 -0.7902770638 -0.2306400985 0.9730188847 -0.0062765190 0.7698718309 0.1785346419 -0.6127175093
-286.9 -494.0 2332.1 -0.6185318232 0.0010119738 -0.7857590914 0.0450641662 0.9983989596 -0.0341876633 0.7844664454 -0.0565557368 -0.6175870895
-541.1 -162.5 2241.4 0 0 0 0 0 0 0 0 0
-348.0 418.8 2320.1 0 0 0 0 0 0 0 0 0
-479.9 -768.3 2361.9 0 0 0 0 0 0 0 0 0
-287.2 -763.2 2347.3 0 0 0 0 0 0 0 0 0
-430.4 498.8 2311.3 0 0.9177306294 0.2651445568 -0.2957514524 -0.2264596373 0.9609851837 0.1588192880 0.3263228238 -0.0787775591 0.9419699907
-497.3 256.2 2331.2 0.9177306294 0.2651445568 -0.2957514524 -0.2264596373 0.9609851837 0.1588192880 0.3263228238 -0.0787775591 0.9419699907
-463.1 65.9 2360.8 0.9382035732 -0.1746662706 -0.2987738252 0.2111311555 0.9729061723 0.0942187682 0.2742220461 -0.1514768451 0.9496615529
-631.0 226.2 2292.2 0.3013511002 -0.6099817157 -0.7328777313 0.9124969840 -0.0385164432 0.4072661698 -0.2766527534 -0.7914788723 0.5449995399
-706.5 -2.4 2361.5 -0.6442873478 -0.6099817157 -0.4613199532 0.6055878401 -0.0385164432 -0.7948458195 0.4670730233 -0.7914788723 0.3942131698
-363.7 286.3 2370.1 0.8744000196 0.3749445379 -0.3079630136 -0.4195877314 0.2655789852 -0.8679941893 -0.2436611801 0.8881916404 0.3895443976
-205.0 210.1 2325.9 -0.5673360825 0.3749445379 0.7331755161 0.8234589100 0.2655789852 0.5013813376 -0.0067258263 0.8881916404 -0.4594239593
-512.2 -148.5 2348.7 0.7995865345 0.0099888621 -0.6004678011 0.0536146723 0.9946818352 0.0879402831 0.5981528163 -0.1025097519 0.7947986722
-516.1 -538.0 2388.9 0.7996620536 -0.1515755206 -0.5810038447 0.0531264283 0.9816790819 -0.1829855740 0.5980954766 0.1154599562 0.7930641770
-342.7 -114.6 2401.2 -0.5841071606 -0.1391020268 -0.7996683121 -0.2202153951 0.9754114151 -0.0088190427 0.7812323570 0.1709480137 -0.6003772020
-288.2 -496.5 2334.2 -0.6044335961 0.0017837791 -0.7966535091 0.0408835486 0.9987492561 -0.0287827030 0.7956057787 -0.0499672554 -0.6037505269
-537.0 -161.6 2238.6 0 0 0 0 0 0 0 0 0
-350.2 421.0 2324.2 0 0 0 0 0 0 0 0 0
-480.7 -767.3 2361.9 0 0 0 0 0 0 0 0 0
-288.7 -764.1 2347.6 0 0 0 0 0 0 0 0 0
-429.6 497.2 2311.3 1 0.9142577648 0.2700785697 -0.3019773066 -0.2282537669 0.9592026472 0.1668247432 0.3347132206 -0.0835933611 0.9386049509
-497.4 256.4 2332.3 0.9142577648 0.2700785697 -0.3019773066 -0.2282537669 0.9592026472 0.1668247432 0.3347132206 -0.0835933611 0.9386049509
-462.6 66.0 2361.2 0.9353787899 -0.1777510494 -0.3057303727 0.2137365490 0.9728937149 0.0882861689 0.2817502022 -0.1479267627 0.9480161071
-630.7 226.0 2292.1 0.3079697192 -0.5854838490 -0.7499088645 0.9091760516 -0.0510910898 0.4132657945 -0.2802740932 -0.8090725541 0.5165733695
-707.8 -1.6 2362.3 -0.6715612411 -0.5854838490 -0.4541080892 0.5896069407 -0.0510910898 -0.8060728312 0.4487417042 -0.8090725541 0.3795161247
-364.1 286.9 2372.4 0.8735521436 0.3792146742 -0.3051276207 -0.4228412509 0.2807717919 -0.8616104126 -0.2410640866 0.8816821575 0.4056164026
-201.1 208.0 2327.4 -0.5737125874 0.3792146742 0.7259821892 0.8189364672 0.2807717919 0.5005100369 -0.0140345534 0.8816821575 -0.4716350138
-513.7 -143.4 2365.6 0.7950866818 0.0057429546 -0.6064686775 0.0360781960 0.9977365136 0.0567469522 0.6054218411 -0.0669990405 0.7930797935
-515.9 -534.0 2391.9 0.7938542962 -0.1494052410 -0.5894687772 0.0443570800 0.9809933901 -0.1889031231 0.6064881086 0.1238144413 0.7853929996
-344.2 -105.3 2415.1 -0.5842087865 -0.1482894272 -0.7979413271 -0.2553175390 0.9668300152 0.0072537670 0.7703980207 0.2079661340 -0.6026914716
-286.1 -483.7 2333.7 -0.6102102399 0.0049472642 -0.7922241092 0.0428901576 0.9987202883 -0.0267993342 0.7910776734 -0.0503318422 -0.6096414924
-531.3 -156.6 2244.4 0 0 0 0 0 0 0 0 0
-348.1 417.7 2323.8 0 0 0 0 0 0 0 0 0
-480.3 -767.9 2362.3 0 0 0 0 0 0 0 0 0
-287.5 -762.7 2347.8 0 0 0 0 0 0 0 0 0
-430.0 498.3 2310.8 2 0.9191879630 0.2717064023 -0.2850774229 -0.2308914661 0.9582241178 0.1688066721 0.3190339208 -0.0893431082 0.9435227513
-498.1 258.1 2333.2 0.9191879630 0.2717064023 -0.2850774229 -0.2308914661 0.9582241178 0.1688066721 0.3190339208 -0.0893431082 0.9435227513
-463.4 67.7 2362.4 0.9408038855 -0.1775322407 -0.2887392938 0.2123151720 0.9726962447 0.0937246084 0.2642164826 -0.1494802088 0.9528091550
-632.2 227.9 2295.5 0.2971088588 -0.5904203653 -0.7504199743 0.9180706739 -0.0393648408 0.3944574296 -0.2624358535 -0.8061353564 0.5303519368
-707.4 -4.6 2362.0 -0.6697762012 -0.5904203653 -0.4503372610 0.5812056661 -0.0393648408 -0.8128039837 0.4621685743 -0.8061353564 0.3695212901
-364.1 288.4 2370.8 0.8702539206 0.3809455335 -0.3123117089 -0.4272271097 0.2680625618 -0.8634926081 -0.2452245504 0.8848858476 0.3960327804
-204.4 210.0 2325.8 -0.5700754523 0.3809455335 0.7279385328 0.8215849996 0.2680625618 0.5031307340 -0.0034676783 0.8848858476 -0.4657950401
-512.3 -143.7 2364.7 0.8056828380 0.0107048387 -0.5922504067 0.0323582925 0.9975483418 0.0620499626 0.5914626718 -0.0691568032 0.8033612370
-516.5 -534.3 2391.8 0.8032544255 -0.1522640139 -0.5758454800 0.0487198494 0.9803301096 -0.1912571490 0.5936402082 0.1255730540 0.7948727608
-343.3 -105.1 2415.6 -0.5715584755 -0.1418966204 -0.8081994057 -0.2480479330 0.9687330723 0.0053377245 0.7821720839 0.2035230100 -0.5888847113
-287.7 -484.4 2335.9 -0.5956088305 -0.0008390404 -0.8032741547 0.0329763889 0.9991309047 -0.0254948325 0.8025974631 -0.0416740291 -0.5950635672
-531.3 -157.4 2240.5 0 0 0 0 0 0 0 0 0
-350.4 420.4 2324.9 0 0 0 0 0 0 0 0 0
-480.1 -768.8 2361.8 0 0 0 0 0 0 0 0 0
-287.5 -764.7 2347.6 0 0 0 0 0 0 0 0 0
-430.3 499.2 2309.5 3 0.9243162274 0.2588314116 -0.2804385722 -0.2191490829 0.9616032243 0.1652057022 0.3124310672 -0.0912444592 0.9455481172
-495.9 255.7 2332.6 0.9243162274 0.2588314116 -0.2804385722 -0.2191490829 0.9616032243 0.1652057022 0.3124310672 -0.0912444592 0.9455481172
-462.7 64.9 2361.5 0.9438691735 -0.1692134440 -0.2836860716 0.2032715827 0.9744981527 0.0950473025 0.2603682578 -0.1473775357 0.9541950822
-630.3 226.7 2295.5 0.3081185818 -0.5949261189 -0.7423785329 0.9116968513 -0.0382876098 0.4090757370 -0.2717937231 -0.8028679490 0.5305951238
-707.8 -2.4 2363.8 -0.6655939817 -0.5949261189 -0.4506079853 0.5834413171 -0.0382876098 -0.8112522960 0.4653824568 -0.8028679490 0.3725884855
-361.4 284.6 2369.7 0.8771157265 0.3706323206 -0.3054500222 -0.4193440676 0.2809549868 -0.8632582426 -0.2341337055 0.8852660656 0.4018525183
-201.7 208.3 2327.1 -0.5729633570 0.3706323206 0.7309888601 0.8193332553 0.2809549868 0.4997572005 -0.0201487970 0.8852660656 -0.4646483064
-513.6 -142.0 2367.8 0.8086201549 0.0057406067 -0.5883030295 0.0311782397 0.9981291294 0.0525940172 0.5875043273 -0.0608708374 0.8069283366
-515.9 -532.8 2391.7 0.8060432673 -0.1503211707 -0.5724489093 0.0488528647 0.9808063507 -0.1887651980 0.5898369551 0.1241871417 0.7979159951
-343.6 -103.6 2415.6 -0.5689580441 -0.1419389844 -0.8100247383 -0.2539741397 0.9671699405 0.0089151710 0.7821661234 0.2107976824 -0.5863279700
-288.0 -482.4 2333.0 -0.5955194831 -0.0023964879 -0.8033372760 0.0388453752 0.9987398982 -0.0317757539 0.8024011254 -0.0501290187 -0.5946760178
-532.7 -155.8 2241.5 0 0 0 0 0 0 0 0 0
-348.4 418.1 2321.9 0 0 0 0 0 0 0 0 0
-479.6 -769.7 2361.7 0 0 0 0 0 0 0 0 0
-287.3 -763.2 2347.1 0 0 0 0 0 0 0 0 0
-431.5 499.5 2310.4 4 0.9253565073 0.2305751592 -0.3009158969 -0.1882603168 0.9684713483 0.1631602943 0.3290491402 -0.0943309218 0.9395894408
-490.0 253.7 2334.3 0.9253565073 0.2305751592 -0.3009158969 -0.1882603168 0.9684713483 0.1631602943 0.3290491402 -0.0943309218 0.9395894408
-462.4 62.4 2365.6 0.9423866272 -0.1411097348 -0.3033075333 0.1820650697 0.9769837260 0.1111537963 0.2806416154 -0.1599715501 0.9463875294
-624.2 227.7 2294.3 0.3201126754 -0.5954613090 -0.7368538976 0.9088873267 -0.0264248271 0.4162037075 -0.2673044503 -0.8029492497 0.5327483416
-706.4 -5.5 2362.9 -0.6643050909 -0.5954613090 -0.4518014491 0.5782639384 -0.0264248271 -0.8154217005 0.4736133218 -0.8029492497 0.3618879616
-355.8 279.7 2374.3 0.8781442046 0.3936088979 -0.2719095647 -0.4037188292 0.3047917783 -0.8626198769 -0.2566590607 0.8672796488 0.4265584648
-197.8 207.0 2328.2 -0.5878672004 0.3936088979 0.7067419291 0.8087696433 0.3047917783 0.5029847026 -0.0174298789 0.8672796488 -0.4975160062
-514.9 -144.3 2366.8 0.7956680655 0.0011009522 -0.6057318449 0.0402241051 0.9976950288 0.0546503365 0.6043958068 -0.0678485483 0.7937898040
-515.3 -535.1 2393.4 0.7961186171 -0.1468052715 -0.5870633721 0.0372410044 0.9801741242 -0.1946067065 0.6039935946 0.1330671906 0.7858020067
-344.3 -107.6 2413.9 -0.5898587704 -0.1457589418 -0.7942423820 -0.2565051913 0.9664536119 0.0131352833 0.7656838298 0.2114752531 -0.6074590683
-287.2 -486.1 2331.1 -0.6176661253 0.0022313553 -0.7864372730 0.0452511311 0.9984400868 -0.0327072702 0.7851374745 -0.0557893477 -0.6168035865
-531.6 -157.6 2238.4 0 0 0 0 0 0 0 0 0
-348.3 414.1 2323.7 0 0 0 0 0 0 0 0 0
-480.2 -769.4 2361.6 0 0 0 0 0 0 0 0 0
-287.8 -765.5 2346.7 0 0 0 0 0 0 0 0 0
-429.8 499.0 2312.3 5 0.9162853360 0.2111176699 -0.3403682113 -0.1708226204 0.9746243954 0.1446614563 0.3622717261 -0.0744085759 0.9290977120
-484.9 244.7 2331.7 0.9162853360 0.2111176699 -0.3403682113 -0.1708226204 0.9746243954 0.1446614563 0.3622717261 -0.0744085759 0.9290977120
-461.7 52.9 2362.9 0.9322080612 -0.1184818000 -0.3419798017 0.1651551127 0.9800403714 0.1106555834 0.3220433593 -0.1596337408 0.9331694245
-617.6 221.2 2285.9 0.3427448571 -0.5987925529 -0.7238600850 0.8904604316 -0.0384470038 0.4534336329 -0.2993429303 -0.7999808192 0.5200235844
-705.7 -7.7 2362.8 -0.6711305976 -0.5987925529 -0.4370711446 0.5691801310 -0.0384470038 -0.8213135004 0.4749923348 -0.7999808192 0.3666237593
-352.2 268.3 2377.6 0.8931024075 0.3983533680 -0.2090041339 -0.3531894684 0.3331701159 -0.8742167354 -0.2786132395 0.8545830846 0.4382492602
-195.9 206.5 2328.8 -0.5945027471 0.3983533680 0.6984848976 0.8032850623 0.3331701159 0.4936909974 -0.0360508189 0.8545830846 -0.5180618167
-519.9 -145.3 2371.5 0.7695465088 -0.0090277782 -0.6385269761 0.0441835374 0.9982565641 0.0391357765 0.6370604038 -0.0583291799 0.7686037421
-516.4 -536.2 2394.4 0.7718049884 -0.1532723159 -0.6171099544 0.0302702766 0.9782695174 -0.2051156163 0.6351383924 0.1396291703 0.7596728802
-349.6 -112.3 2422.2 -0.6223849654 -0.1616832465 -0.7658299208 -0.2764230072 0.9607886672 0.0218039136 0.7322753668 0.2252634317 -0.6426734328
-286.3 -488.6 2334.0 -0.6549437642 -0.0005579517 -0.7556774020 0.0355485268 0.9988698959 -0.0315473340 0.7548410296 -0.0475249477 -0.6541838050
-529.2 -157.4 2237.9 0 0 0 0 0 0 0 0 0
-348.1 412.1 2319.6 0 0 0 0 0 0 0 0 0
-479.8 -769.5 2361.1 0 0 0 0 0 0 0 0 0
-286.2 -764.5 2347.2 0 0 0 0 0 0 0 0 0
-429.6 496.7 2312.3 6 0.9226636887 0.2321832776 -0.3078679740 -0.1944502741 0.9696084261 0.1484878361 0.3329877853 -0.0771393254 0.9397705197
-489.3 247.4 2332.1 0.9226636887 0.2321832776 -0.3078679740 -0.1944502741 0.9696084261 0.1484878361 0.3329877853 -0.0771393254 0.9397705197
-462.7 55.8 2362.6 0.9409651160 -0.1362407655 -0.3098759055 0.1771175712 0.9782767892 0.1077214554 0.2884683609 -0.1562466025 0.9446549416
-623.3 222.1 2291.1 0.3280757070 -0.5881043077 -0.7392561436 0.9027728438 -0.0352330282 0.4286721647 -0.2781501710 -0.8080173135 0.5193654895
-706.7 -7.4 2361.8 -0.6775175333 -0.5881043077 -0.4417049885 0.5670769215 -0.0352330282 -0.8229109645 0.4683948755 -0.8080173135 0.3573713601
-355.4 272.6 2373.2 0.8951246738 0.3704215288 -0.2480719537 -0.3701100945 0.3072364032 -0.8767122030 -0.2485363334 0.8765806556 0.4121116400
-195.2 206.3 2328.7 -0.5981355906 0.3704215288 0.7106487751 0.8009071946 0.3072364032 0.5139586329 -0.0279558394 0.8765806556 -0.4804422855
-522.7 -153.9 2364.9 0.7909784913 -0.0231664702 -0.6114052534 0.0614444613 0.9972388148 0.0417051427 0.6087508798 -0.0705553368 0.7902178764
-513.6 -544.5 2392.6 0.7960782051 -0.1403792799 -0.5886875987 0.0289081447 0.9804359674 -0.1947038621 0.6045029163 0.1379816383 0.7845618129
-354.4 -124.1 2423.1 -0.5939313173 -0.1764966249 -0.7849168777 -0.2746659219 0.9615032673 -0.0083695259 0.7561773658 0.2106189877 -0.6195445657
-285.3 -500.6 2340.6 -0.6200598478 0.0046717129 -0.7845405936 0.0207033958 0.9997314811 -0.0104097687 0.7842813134 -0.0226973332 -0.6199900508
-528.4 -156.5 2238.6 0 0 0 0 0 0 0 0 0
-348.3 411.4 2321.6 0 0 0 0 0 0 0 0 0
-481.3 -770.3 2360.8 0 0 0 0 0 0 0 0 0
-286.5 -766.6 2346.7 0 0 0 0 0 0 0 0 0
-428.7 497.4 2311.3 7 0.9229404330 0.2384367585 -0.3022066057 -0.1975839883 0.9671933651 0.1596795022 0.3303656876 -0.0876634941 0.9397732019
-489.6 250.1 2333.7 0.9229404330 0.2384367585 -0.3022066057 -0.1975839883 0.9671933651 0.1596795022 0.3303656876 -0.0876634941 0.9397732019
-461.1 58.5 2362.4 0.9410839677 -0.1456491649 -0.3052003384 0.1828451902 0.9783539772 0.0969076231 0.2844794393 -0.1470026225 0.9473445415
-623.7 224.0 2293.2 0.3170919716 -0.5895732641 -0.7428701520 0.9107747078 -0.0291236471 0.4118752778 -0.2644657493 -0.8071897030 0.5277335048
-704.9 -9.3 2360.9 -0.6750973463 -0.5895732641 -0.4434489012 0.5664274096 -0.0291236471 -0.8235968947 0.4726558328 -0.8071897030 0.3536117375
-355.6 276.1 2374.2 0.8858796954 0.3881616294 -0.2540624738 -0.3860734999 0.3131994009 -0.8676712513 -0.2572244704 0.8667390943 0.4273158908
-193.2 205.4 2327.1 -0.6032958627 0.3881616294 0.6966812015 0.7973158360 0.3131994009 0.5159395337 -0.0179322027 0.8667390943 -0.4984393120
-521.0 -151.8 2367.0 0.7941766381 -0.0179853067 -0.6074207425 0.0563470162 0.9974351525 0.0441379473 0.6050689816 -0.0692796707 0.7931531072
-513.9 -542.4 2394.2 0.7980227470 -0.1439024508 -0.5851938128 0.0318675637 0.9797891974 -0.1974781901 0.6017841697 0.1389433891 0.7864798307
-351.1 -119.7 2419.1 -0.5905374289 -0.1691880971 -0.7890760303 -0.2672478557 0.9636052251 -0.0066035087 0.7614749670 0.2069792598 -0.6142600775
-284.8 -497.1 2338.1 -0.6154217124 0.0075675780 -0.7881616950 0.0273353122 0.9995573163 -0.0117469765 0.7877238393 -0.0287739895 -0.6153561473
-527.3 -158.2 2236.6 0 0 0 0 0 0 0 0 0
-347.7 409.5 2322.5 0 0 0 0 0 0 0 0 0
-480.6 -769.3 2362.0 0 0 0 0 0 0 0 0 0
-286.8 -763.7 2345.8 0 0 0 0 0 0 0 0 0
-429.2 497.3 2311.3 8 0.9264401197 0.2466241419 -0.2844032645 -0.2080359012 0.9650775194 0.1592056304 0.3137351274 -0.0883283913 0.9453932047
-491.8 252.3 2333.7 0.9264401197 0.2466241419 -0.2844032645 -0.2080359012 0.9650775194 0.1592056304 0.3137351274 -0.0883283913 0.9453932047
-463.3 60.9 2364.1 0.9467549324 -0.1458039582 -0.2870475948 0.1832990646 0.9770771861 0.1082662344 0.2646820247 -0.1551171392 0.9517784119
-626.7 226.1 2296.0 0.3032831550 -0.5959481597 -0.7435489893 0.9164065123 -0.0314671546 0.3990099728 -0.2611866295 -0.8024061322 0.5365873575
-705.1 -10.7 2363.5 -0.6724559665 -0.5959481597 -0.4389177263 0.5657177567 -0.0314671546 -0.8239983320 0.4772488177 -0.8024061322 0.3582987487
-357.0 278.4 2371.4 0.8826349378 0.3886330426 -0.2644237876 -0.3927800059 0.3007453382 -0.8690662384 -0.2582236230 0.8709285855 0.4180956185
-200.3 208.7 2325.6 -0.5848404169 0.3886330426 0.7119873762 0.8109245896 0.3007453382 0.5019497275 -0.0190526322 0.8709285855 -0.4910401106
-517.6 -149.6 2365.4 0.8057766557 -0.0068097585 -0.5921804309 0.0438256934 0.9978777766 0.0481583178 0.5905957222 -0.0647575632 0.8043650389
-514.9 -540.5 2390.8 0.8051534891 -0.1505695879 -0.5736345649 0.0479302853 0.9805912971 -0.1901140511 0.5911265016 0.1255765259 0.7967433929
-347.6 -116.5 2416.9 -0.5760858655 -0.1595295817 -0.8016703725 -0.2613702416 0.9652292132 -0.0042547458 0.7744744420 0.2070816904 -0.5977512002
-285.1 -494.6 2335.8 -0.6006874442 0.0077411635 -0.7994464636 0.0358600616 0.9992076159 -0.0172690228 0.7986793518 -0.0390414856 -0.6004890203
-528.2 -159.6 2238.0 0 0 0 0 0 0 0 0 0
-350.1 416.3 2320.7 0 0 0 0 0 0 0 0 0
-479.7 -769.8 2361.4 0 0 0 0 0 0 0 0 0
-287.2 -765.1 2346.3 0 0 0 0 0 0 0 0 0
-429.2 498.2 2310.3 9 0.9330837131 0.2281708717 -0.2780158520 -0.1918618083 0.9696056247 0.1518353522 0.3042101562 -0.0883344635 0.9485005140
-487.5 250.4 2332.9 0.9330837131 0.2281708717 -0.2780158520 -0.1918618083 0.9696056247 0.1518353522 0.3042101562 -0.0883344635 0.9485005140
-460.9 58.9 2364.2 0.9504205585 -0.1359689534 -0.2796663046 0.1742958724 0.9777203798 0.1169778258 0.2575300932 -0.1599228084 0.9529443383
-622.9 225.6 2296.2 0.3130758405 -0.5895007849 -0.7446289659 0.9147714376 -0.0235847887 0.4032828212 -0.2552974522 -0.8074234128 0.5318746567
-703.9 -11.0 2362.2 -0.6730121374 -0.5895007849 -0.4467029274 0.5671138763 -0.0235847887 -0.8233016133 0.4748015702 -0.8074234128 0.3501869440
-352.1 275.2 2369.6 0.8886200786 0.3747654855 -0.2643959522 -0.3910952210 0.3180345595 -0.8636541963 -0.2395807207 0.8708643913 0.4291808903
-196.8 206.9 2327.7 -0.5885290504 0.3747654855 0.7163688540 0.8074054122 0.3180345595 0.4969411492 -0.0415936671 0.8708643913 -0.4897602797
-520.2 -147.0 2370.5 0.8099916577 -0.0141105447 -0.5862715840 0.0432293601 0.9984273314 0.0356951766 0.5848459005 -0.0542569421 0.8093277812
-514.7 -538.0 2391.7 0.8097475767 -0.1492678225 -0.5674750805 0.0448390432 0.9800158739 -0.1937997490 0.5850626230 0.1314838380 0.8002585173
-349.2 -113.9 2418.3 -0.5710487366 -0.1602665633 -0.8051198721 -0.2684891820 0.9632818103 -0.0013183954 0.7757685781 0.2154130936 -0.5931106806
-286.4 -491.2 2333.9 -0.5986191630 0.0031489851 -0.8010275960 0.0380545892 0.9989749789 -0.0245115757 0.8001293540 -0.0451558754 -0.5981253982
-526.9 -160.2 2237.3 0 0 0 0 0 0 0 0 0
-347.5 413.6 2317.0 0 0 0 0 0 0 0 0 0
-479.5 -768.9 2360.8 0 0 0 0 0 0 0 0 0
-287.3 -763.7 2346.3 0 0 0 0 0 0 0 0 0
-430.6 497.2 2311.8 0 0.9366666675 0.2165210247 -0.2752710879 -0.1832664162 0.9728136063 0.1415878981 0.2984442115 -0.0821727216 0.9508830905
-485.9 248.7 2332.8 0.9366666675 0.2165210247 -0.2752710879 -0.1832664162 0.9728136063 0.1415878981 0.2984442115 -0.0821727216 0.9508830905
-458.6 57.5 2365.3 0.9509443641 -0.1397256404 -0.2760101557 0.1790788919 0.9761368632 0.1228313595 0.2522609830 -0.1662333757 0.9532737732
-621.4 223.2 2296.8 0.3208528161 -0.5770837665 -0.7510178685 0.9139147401 -0.0195091311 0.4054371119 -0.2486228794 -0.8164519072 0.5211457610
-703.6 -10.9 2360.5 -0.6782689095 -0.5770837665 -0.4548907876 0.5682867765 -0.0195091311 -0.8225992918 0.4658341408 -0.8164519072 0.3411814868
-350.4 274.2 2368.7 0.8912127018 0.3650959432 -0.2691558003 -0.3903867006 0.3152604103 -0.8649908304 -0.2309504598 0.8759656549 0.4234926999
-195.4 206.3 2328.6 -0.5945288539 0.3650959432 0.7164080143 0.8030174971 0.3152604103 0.5057408214 -0.0412111767 0.8759656549 -0.4806098342
-520.1 -148.3 2372.2 0.8124795556 -0.0122258654 -0.5828614831 0.0386290886 0.9987119436 0.0328984298 0.5817084908 -0.0492447056 0.8119053245
-515.3 -539.5 2391.5 0.8109197021 -0.1547052711 -0.5643362999 0.0487775691 0.9789327979 -0.1982707232 0.5831208825 0.1332546771 0.8013820648
-348.4 -116.8 2418.8 -0.5672125220 -0.1611328721 -0.8076547384 -0.2630442083 0.9647527337 -0.0077402014 0.7804343104 0.2080585510 -0.5896049142
-285.2 -494.7 2337.3 -0.5906735659 0.0075083044 -0.8068757057 0.0295743421 0.9994862676 -0.0123492815 0.8063684702 -0.0311572123 -0.5905922055
-525.2 -160.4 2238.0 0 0 0 0 0 0 0 0 0
-347.7 411.9 2318.0 0 0 0 0 0 0 0 0 0
-478.9 -769.9 2360.1 0 0 0 0 0 0 0 0 0
-287.3 -765.0 2345.7 0 0 0 0 0 0 0 0 0
-430.2 499.5 2310.5 1 0.9321140647 0.2368159592 -0.2740101218 -0.2008046806 0.9675847888 0.1531573087 0.3013980985 -0.0877375677 0.9494531751
-490.2 254.3 2332.8 0.9321140647 0.2368159592 -0.2740101218 -0.2008046806 0.9675847888 0.1531573087 0.3013980985 -0.0877375677 0.9494531751
-461.6 63.6 2366.9 0.9502694011 -0.1459085047 -0.2751341462 0.1869227141 0.9738478065 0.1291524619 0.2490943223 -0.1741584539 0.9526913762
-625.7 227.7 2297.3 0.3087435961 -0.5850335956 -0.7499420643 0.9163285494 -0.0284243319 0.3994171917 -0.2549890876 -0.8105108142 0.5273071527
-705.6 -9.6 2363.3 -0.6799250245 -0.5850335956 -0.4420833588 0.5619581342 -0.0284243319 -0.8266771436 0.4710679948 -0.8105108142 0.3480907977
-354.8 280.9 2368.3 0.8790043592 0.3774142563 -0.2913928628 -0.4118461013 0.2929992974 -0.8628639579 -0.2402792722 0.8784701824 0.4129842520
-201.5 209.1 2326.4 -0.5801827312 0.3774142563 0.7217661738 0.8141811490 0.2929992974 0.5012589097 -0.0222947244 0.8784701824 -0.4772767127
-517.1 -149.9 2375.1 0.8134636879 -0.0070417975 -0.5815730095 0.0288034566 0.9991875291 0.0281899087 0.5809020400 -0.0396827832 0.8130056262
-514.4 -541.2 2390.6 0.8105325103 -0.1553444713 -0.5647168756 0.0482901558 0.9786267877 -0.1998940259 0.5836995244 0.1347503364 0.8007104397
-345.2 -117.5 2420.7 -0.5641669631 -0.1507679373 -0.8117786646 -0.2606531680 0.9654307365 0.0018427511 0.7834382653 0.2126322985 -0.5839623213
-286.2 -495.6 2337.4 -0.5883228779 0.0013485686 -0.8086249828 0.0261067636 0.9995089769 -0.0173273161 0.8082045913 -0.0313046388 -0.5880692005
-526.7 -157.4 2239.4 0 0 0 0 0 0 0 0 0
-350.1 417.6 2320.7 0 0 0 0 0 0 0 0 0
-478.2 -769.4 2359.2 0 0 0 0 0 0 0 0 0
-286.6 -763.0 2345.8 0 0 0 0 0 0 0 0 0
-431.3 499.4 2311.9 2 0.9275144339 0.2436459064 -0.2834672630 -0.2077867240 0.9664768577 0.1508214474 0.3107115626 -0.0809883401 0.9470476508
-492.9 255.0 2332.4 0.9275144339 0.2436459064 -0.2834672630 -0.2077867240 0.9664768577 0.1508214474 0.3107115626 -0.0809883401 0.9470476508
-464.0 64.5 2367.1 0.9471997023 -0.1478764862 -0.2845089138 0.1908709109 0.9730053544 0.1297261715 0.2576452494 -0.1771810651 0.9498556852
-627.9 227.8 2295.7 0.2981402576 -0.5877410173 -0.7521122694 0.9183728695 -0.0381657556 0.3938713968 -0.2601993084 -0.8081483841 0.5283866525
-704.9 -9.5 2362.9 -0.6812502742 -0.5877410173 -0.4364155233 0.5621635318 -0.0381657556 -0.8261449933 0.4689031839 -0.8081483841 0.3564070165
-357.9 282.2 2369.1 0.8762380481 0.3795808554 -0.2968589962 -0.4119129479 0.2703118622 -0.8702064157 -0.2500692010 0.8847880363 0.3932118118
-204.7 210.2 2325.4 -0.5678233504 0.3795808554 0.7304074168 0.8231128454 0.2703118622 0.4994164407 -0.0078688608 0.8847880363 -0.4659272432
-519.0 -144.0 2378.5 0.8078681827 -0.0139686530 -0.5891976953 0.0339923762 0.9991592169 0.0229200646 0.5883821249 -0.0385446213 0.8076637387
-513.5 -535.4 2393.6 0.8082609773 -0.1434168518 -0.5710917711 0.0313315690 0.9789858460 -0.2015069872 0.5879902840 0.1449770331 0.7957695127
-347.2 -110.2 2423.5 -0.5681897998 -0.1601285040 -0.8071674109 -0.2755068839 0.9612936378 0.0032331580 0.7754071951 0.2242172360 -0.5903137326
-284.5 -486.8 2335.7 -0.5939875245 0.0101251611 -0.8044105172 0.0341736972 0.9993357658 -0.0126556195 0.8037480712 -0.0350069627 -0.5939390063
-525.7 -157.3 2239.5 0 0 0 0 0 0 0 0 0
-350.1 420.9 2323.4 0 0 0 0 0 0 0 0 0
-479.2 -769.5 2358.9 0 0 0 0 0 0 0 0 0
-287.3 -764.0 2345.4 0 0 0 0 0 0 0 0 0
-430.8 498.5 2310.6 3 0.9109816551 0.2295319885 -0.3426769376 -0.1841605008 0.9697852731 0.1600046307 0.3690492213 -0.0826537311 0.9257273078
-489.4 251.1 2331.7 0.9109816551 0.2295319885 -0.3426769376 -0.1841605008 0.9697852731 0.1600046307 0.3690492213 -0.0826537311 0.9257273078
-462.0 59.6 2361.7 0.9280470610 -0.1389135867 -0.3455888033 0.1827119887 0.9783294797 0.0974049792 0.3245688677 -0.1535396278 0.9333170056
-621.3 225.3 2285.5 0.3181981742 -0.5907040238 -0.7414976358 0.9023884535 -0.0510276295 0.4278915823 -0.2905941308 -0.8052732348 0.5168075562
-704.1 -9.4 2361.1 -0.6824925542 -0.5907040238 -0.4304331839 0.5639774799 -0.0510276295 -0.8242120743 0.4649013877 -0.8052732348 0.3679697514
-357.4 277.0 2377.8 0.8788141012 0.4144230187 -0.2365149260 -0.3823447824 0.3150405586 -0.8686552644 -0.2854789197 0.8538167477 0.4353145659
-200.3 208.6 2326.8 -0.5833640695 0.4144230187 0.6985269785 0.8120436668 0.3150405586 0.4912580848 -0.0164756700 0.8538167477 -0.5203129053
-520.6 -143.4 2378.5 0.7677893639 -0.0195073131 -0.6404052973 0.0335860699 0.9993875623 0.0098244995 0.6398214102 -0.0290518422 0.7679743171
-513.0 -534.8 2389.9 0.7690466046 -0.1391673982 -0.6238588095 0.0249287263 0.9817981124 -0.1882844865 0.6387064457 0.1292475462 0.7585177422
-349.4 -108.9 2425.1 -0.6195659637 -0.1629759371 -0.7678390741 -0.2833133936 0.9586983919 0.0251179729 0.7320324779 0.2331013232 -0.6401501298
-285.6 -484.4 2333.8 -0.6516359448 0.0046181991 -0.7585178614 0.0348508246 0.9991077185 -0.0238570143 0.7577308416 -0.0419810601 -0.6512154341
-524.6 -157.8 2238.8 0 0 0 0 0 0 0 0 0
-349.6 416.5 2322.5 0 0 0 0 0 0 0 0 0
-479.6 -770.6 2358.8 0 0 0 0 0 0 0 0 0
-286.8 -762.8 2345.5 0 0 0 0 0 0 0 0 0
-430.3 497.9 2309.4 4 0.9182363749 0.2271102369 -0.3244424462 -0.1790940911 0.9688053727 0.1712935716 0.3532241285 -0.0991822556 0.9302664399
-487.3 254.6 2334.3 0.9182363749 0.2271102369 -0.3244424462 -0.1790940911 0.9688053727 0.1712935716 0.3532241285 -0.0991822556 0.9302664399
-460.2 62.8 2363.3 0.9345675707 -0.1381002963 -0.3278898001 0.1783355176 0.9792907834 0.0958439410 0.3078633845 -0.1480470449 0.9398415685
-620.3 229.3 2290.5 0.3274484277 -0.5952724218 -0.7337767482 0.9032183886 -0.0308298562 0.4280724525 -0.2774419487 -0.8029323220 0.5275658369
