-427.8 491.7 2352.7 1 0.7833591104 0.1242873445 -0.6090165377 -0.1233197451 0.9914042354 0.0437021814 0.6092132330 0.0408692658 0.7919526100
-455.6 269.7 2343.6 0.7833591104 0.1242873445 -0.6090165377 -0.1233197451 0.9914042354 0.0437021814 0.6092132330 0.0408692658 0.7919526100
-456.1 75.3 2366.7 0.7956128120 0.0014748622 -0.6058036685 0.0700385869 0.9930675030 0.0944006145 0.6017431617 -0.1175359711 0.7899939418
-568.8 259.7 2258.1 0.5325874090 -0.4974229038 -0.6847781539 0.7943315506 0.0144266430 0.6073131561 -0.2922124267 -0.8673882484 0.4028021395
-733.4 14.2 2348.4 -0.6771994829 -0.4974229038 -0.5421912074 0.6184545159 0.0144266430 -0.7856881618 0.3986412883 -0.8673882484 0.2978637218
-342.5 279.7 2429.1 0.8720348477 0.4594222009 -0.1687793136 -0.3790270984 0.4157081842 -0.8267558217 -0.3096670210 0.7849318385 0.5366454720
-185.3 211.4 2373.3 -0.6481605172 0.4594222009 0.6073048711 0.7611337900 0.4157081842 0.4978574812 -0.0237348303 0.7849318385 -0.6191273928
-531.2 -121.5 2336.8 0.5629634857 -0.0423834994 -0.8253942728 0.1014077812 0.9946804643 0.0180893447 0.8202368617 -0.0938850418 0.5642668009
-514.7 -510.3 2373.5 0.5765220523 -0.1267171204 -0.8071958423 0.0134584960 0.9892398119 -0.1456827372 0.8169707656 0.0731256679 0.5720239878
-384.3 -109.8 2440.2 -0.8098376989 -0.2401659638 -0.5352412462 -0.3453253806 0.9327051640 0.1039783210 0.4742502272 0.2690379620 -0.8382751942
-290.3 -474.9 2334.9 -0.8708795905 -0.0202829838 -0.4910777211 0.0011025182 0.9990649819 -0.0432195924 0.4914951622 -0.0381804854 -0.8700429797
-555.4 -148.3 2243.6 0 0 0 0 0 0 0 0 0
-351.3 406.2 2367.2 0 0 0 0 0 0 0 0 0
-481.9 -765.8 2354.6 0 0 0 0 0 0 0 0 0
-284.3 -768.2 2346.1 0 0 0 0 0 0 0 0 0
-429.6 493.2 2352.5 2 0.7990086079 0.1656603366 -0.5780500770 -0.1665528566 0.9846619368 0.0519717149 0.5777935386 0.0547500439 0.8143445253
-467.3 269.1 2340.1 0.7990086079 0.1656603366 -0.5780500770 -0.1665528566 0.9846619368 0.0519717149 0.5777935386 0.0547500439 0.8143445253
-459.9 74.5 2358.7 0.8152858019 -0.0384560674 -0.5777804255 0.0867213458 0.9946479797 0.0561674051 0.5725281835 -0.0958983824 0.8142573237
-583.2 256.6 2258.6 0.4990094304 -0.5090290308 -0.7013408542 0.8142705560 -0.0015481564 0.5804834366 -0.2965687215 -0.8607479334 0.4137148261
-735.3 8.5 2349.0 -0.6816159487 -0.5090290308 -0.5256320834 0.6113920808 -0.0015481564 -0.7913263440 0.4019943178 -0.8607479334 0.3122715652
-351.4 281.6 2421.5 0.8860971332 0.4074285030 -0.2209839374 -0.3799804151 0.3655316532 -0.8497067094 -0.2654181123 0.8368922472 0.4787113965
-185.2 210.3 2371.7 -0.6499656439 0.4074285030 0.6415190697 0.7598068118 0.3655316532 0.5376617908 -0.0154367788 0.8368922472 -0.5471499562
-528.2 -125.6 2335.6 0.5912130475 -0.0422527120 -0.8054078817 0.0902781710 0.9958177805 0.0140272202 0.8014467955 -0.0810038224 0.5925549865
-511.7 -515.3 2367.2 0.6003360152 -0.1142643392 -0.7915430069 0.0231225938 0.9918068051 -0.1256366670 0.7994135618 0.0571216904 0.5980594158
-384.8 -112.7 2444.1 -0.7866612077 -0.2364802063 -0.5702992678 -0.3523893952 0.9304682612 0.1002521664 0.5069377422 0.2798318863 -0.8152964115
-292.2 -477.0 2334.5 -0.8499124050 -0.0269554891 -0.5262340903 -0.0027754323 0.9989058375 -0.0466847755 0.5269166827 -0.0382174440 -0.8490572572
-556.1 -152.2 2243.3 0 0 0 0 0 0 0 0 0
-351.6 404.8 2367.8 0 0 0 0 0 0 0 0 0
-482.6 -767.2 2352.7 0 0 0 0 0 0 0 0 0
-284.3 -768.3 2345.7 0 0 0 0 0 0 0 0 0
-430.4 493.6 2351.9 3 0.7647140622 0.1373752654 -0.6295557022 -0.1272405982 0.9899657369 0.0614625961 0.6316820383 0.0331037343 0.7745204568
-461.4 270.3 2344.4 0.7647140622 0.1373752654 -0.6295557022 -0.1272405982 0.9899657369 0.0614625961 0.6316820383 0.0331037343 0.7745204568
-459.1 75.6 2363.6 0.7772515416 -0.0123696346 -0.6290683746 0.0718431845 0.9950124621 0.0692011937 0.6250748634 -0.0989810079 0.7742636204
-571.8 259.9 2255.6 0.5224367380 -0.5008497834 -0.6900792122 0.7995198369 0.0064560506 0.6006050110 -0.2963577211 -0.8655101061 0.4038122296
-735.1 10.0 2348.2 -0.6775391698 -0.5008497834 -0.5386002064 0.6193331480 0.0064560506 -0.7851017714 0.3966953158 -0.8655101061 0.3058186471
-351.0 280.6 2433.3 0.8763465285 0.4522788227 -0.1657125205 -0.3577578962 0.3807958663 -0.8526451588 -0.3225306869 0.8064975739 0.4955154657
-192.7 216.0 2375.0 -0.6362098455 0.4522788227 0.6250447631 0.7714798450 0.3807958663 0.5097189546 -0.0074793836 0.8064975739 -0.5911900401
-526.1 -128.1 2325.7 0.5375998020 -0.0317248143 -0.8426030874 0.1236140355 0.9914605618 0.0415391065 0.8340899348 -0.1264889836 0.5369306803
-513.7 -515.8 2375.2 0.5576261878 -0.1213421002 -0.8211754560 -0.0025264795 0.9890054464 -0.1478573531 0.8300883174 0.0845238194 0.5511887670
-379.0 -112.1 2429.1 -0.8290750980 -0.2293796986 -0.5099210143 -0.3202977479 0.9423513412 0.0968671888 0.4583054185 0.2436367273 -0.8547498584
-289.3 -480.9 2333.7 -0.8825024962 -0.0127114225 -0.4701359272 0.0092428746 0.9989728332 -0.0443599932 0.4702169001 -0.0434932113 -0.8814785480
-556.9 -152.9 2243.9 0 0 0 0 0 0 0 0 0
-355.6 413.5 2373.1 0 0 0 0 0 0 0 0 0
-482.9 -766.7 2353.8 0 0 0 0 0 0 0 0 0
-285.6 -767.6 2346.2 0 0 0 0 0 0 0 0 0
-429.8 496.2 2351.6 4 0.7517510653 0.1121382192 -0.6498425603 -0.1031643525 0.9933007956 0.0520634912 0.6513274312 0.0279017966 0.7582836151
-455.5 267.9 2345.2 0.7517510653 0.1121382192 -0.6498425603 -0.1031643525 0.9933007956 0.0520634912 0.6513274312 0.0279017966 0.7582836151
-457.7 73.6 2368.6 0.7624591589 0.0108558284 -0.6469452381 0.0697367787 0.9926562309 0.0988453850 0.6432672739 -0.1204814538 0.7561028004
-564.0 257.8 2253.6 0.5288602710 -0.5101446509 -0.6782767177 0.7931407690 0.0126497820 0.6089069247 -0.3020505607 -0.8599956036 0.4113064706
-734.6 1.9 2351.1 -0.6872440577 -0.5101446509 -0.5171538591 0.5952194929 0.0126497820 -0.8034635782 0.4164245129 -0.8599956036 0.2949545383
-347.1 277.9 2436.7 0.8707962036 0.4728940427 -0.1344812214 -0.3591139913 0.4249833822 -0.8309189081 -0.3357843459 0.7718551159 0.5398967862
-190.4 213.3 2376.3 -0.6442680955 0.4728940427 0.6010739207 0.7643533349 0.4249833822 0.4849258959 -0.0261278674 0.7718551159 -0.6352613568
-526.8 -125.8 2326.4 0.5191072822 -0.0386172384 -0.8538362384 0.1138741449 0.9931976795 0.0243118554 0.8470893502 -0.1098503396 0.5199736357
-511.7 -514.4 2369.4 0.5349076390 -0.1122012734 -0.8374274373 0.0036133304 0.9914380312 -0.1305280924 0.8449028134 0.0667945743 0.5307332277
-386.8 -112.6 2439.1 -0.8348209262 -0.2442748547 -0.4933597744 -0.3429083824 0.9318169355 0.1188739538 0.4306830764 0.2684156597 -0.8616641760
-291.2 -477.2 2334.1 -0.8959866762 -0.0175978448 -0.4437320828 0.0021287773 0.9990328550 -0.0439187996 0.4440757930 -0.0402952693 -0.8950826526
-554.0 -154.6 2241.6 0 0 0 0 0 0 0 0 0
-355.3 409.0 2369.6 0 0 0 0 0 0 0 0 0
-483.0 -767.7 2352.3 0 0 0 0 0 0 0 0 0
-286.1 -766.5 2345.7 0 0 0 0 0 0 0 0 0
-429.5 494.6 2353.4 5 0.7907499671 0.1977018565 -0.5793345571 -0.1969702989 0.9782533646 0.0649853349 0.5795836449 0.0627245456 0.8124951720
-474.4 272.6 2339.2 0.7907499671 0.1977018565 -0.5793345571 -0.1969702989 0.9782533646 0.0649853349 0.5795836449 0.0627245456 0.8124951720
-460.0 79.6 2363.4 0.8116271496 -0.0735673234 -0.5795249939 0.1338960230 0.9890561104 0.0619670190 0.5686239600 -0.1278901994 0.8125951290
-589.1 253.3 2258.6 0.4821456671 -0.5123000741 -0.7106927633 0.8229246736 -0.0134636899 0.5679908991 -0.3005503416 -0.8587009907 0.4150929451
-736.9 1.1 2350.7 -0.7020881772 -0.5123000741 -0.4945915937 0.5824007988 -0.0134636899 -0.8127902746 0.4097335041 -0.8587009907 0.3078166544
-359.7 291.9 2419.8 0.8766393065 0.4358650744 -0.2037771344 -0.4240266979 0.4997023940 -0.7553137541 -0.2273869663 0.7485446930 0.6228771806
-191.6 210.6 2376.2 -0.6363954544 0.4967251718 0.5901397467 0.7710803747 0.4303683639 0.4692740142 -0.0208772589 0.7536890507 -0.6568995118
-528.7 -127.0 2334.0 0.5906599760 -0.0384319723 -0.8060048223 0.1010303870 0.9945272207 0.0266164169 0.8005708456 -0.0971522331 0.5913102031
-513.7 -516.4 2372.0 0.6043021679 -0.1203039140 -0.7876203656 0.0099656107 0.9895988703 -0.1435086876 0.7966929078 0.0788734928 0.5992156267
-387.8 -111.9 2447.3 -0.7743558288 -0.2388036847 -0.5859572291 -0.3593556881 0.9281854033 0.0966198146 0.5208038092 0.2853851914 -0.8045611978
-294.2 -475.7 2335.5 -0.8396479487 -0.0337795168 -0.5420795679 -0.0093274591 0.9988136888 -0.0477930978 0.5430508852 -0.0350731537 -0.8389669657
-552.3 -152.1 2243.0 0 0 0 0 0 0 0 0 0
-354.6 408.1 2370.9 0 0 0 0 0 0 0 0 0
-483.3 -766.2 2352.1 0 0 0 0 0 0 0 0 0
-284.3 -767.9 2345.7 0 0 0 0 0 0 0 0 0
-430.5 493.6 2352.9 6 0.7901170254 0.1890186965 -0.5830840468 -0.1872604340 0.9802225828 0.0640091896 0.5836511254 0.0586138293 0.8098862767
-473.1 272.9 2339.7 0.7901170254 0.1890186965 -0.5830840468 -0.1872604340 0.9802225828 0.0640091896 0.5836511254 0.0586138293 0.8098862767
-457.8 79.8 2365.6 0.8086412549 -0.0783044249 -0.5830675364 0.1420162469 0.9877734780 0.0643032864 0.5709034204 -0.1348033547 0.8098748922
-587.8 252.6 2258.5 0.4935777783 -0.5265073180 -0.6922218204 0.8112487197 -0.0081467135 0.5846444368 -0.3134589195 -0.8501315713 0.4231073558
-740.0 2.5 2355.1 -0.7018064260 -0.5265073180 -0.4798518419 0.5685571432 -0.0081467135 -0.8226034045 0.4291975200 -0.8501315713 0.3050669134
-358.3 293.3 2420.8 0.8698970079 0.4423743486 -0.2181377709 -0.4414508045 0.5010239482 -0.7443763614 -0.2200007588 0.7438278794 0.6311257482
-193.0 209.4 2379.0 -0.6233215332 0.4989758134 0.6020742655 0.7810673714 0.4341821373 0.4487979710 -0.0374705642 0.7500060201 -0.6603688002
-518.4 -125.7 2336.4 0.5877392888 -0.0108500933 -0.8089776039 0.0798844397 0.9958021641 0.0446819291 0.8050968647 -0.0908860490 0.5861388445
-514.2 -515.5 2372.0 0.5969457626 -0.1295489818 -0.7917529941 0.0184581764 0.9888331890 -0.1478791982 0.8020692468 0.0736615509 0.5926710367
-371.3 -100.0 2437.3 -0.7844699025 -0.2032350451 -0.5859202147 -0.3183523715 0.9427657127 0.0992196873 0.5322205424 0.2643639445 -0.8042716980
-291.7 -469.1 2333.8 -0.8363161087 -0.0228706617 -0.5477703214 0.0032714678 0.9989035726 -0.0467012674 0.5482378006 -0.0408490337 -0.8353242874
-555.5 -147.0 2242.3 0 0 0 0 0 0 0 0 0
-352.5 409.3 2369.4 0 0 0 0 0 0 0 0 0
-481.2 -767.6 2353.2 0 0 0 0 0 0 0 0 0
-284.9 -767.5 2346.0 0 0 0 0 0 0 0 0 0
-429.3 492.0 2354.1 7 0.7837641239 0.2116381526 -0.5838862062 -0.2173233032 0.9741677046 0.0613832809 0.5817941427 0.0787820742 0.8095115423
-477.0 272.5 2336.3 0.7837641239 0.2116381526 -0.5838862062 -0.2173233032 0.9741677046 0.0613832809 0.5817941427 0.0787820742 0.8095115423
-457.7 78.9 2356.5 0.8044105172 -0.0983594805 -0.5858746171 0.1406157315 0.9896984696 0.0269111302 0.5771922469 -0.1040307805 0.8099547625
-591.4 252.4 2254.2 0.4693068564 -0.5348426104 -0.7026339173 0.8237482309 -0.0214750655 0.5665488839 -0.3181036115 -0.8446787596 0.4304972589
-737.3 -3.8 2353.1 -0.7103710175 -0.5348426104 -0.4575110972 0.5527175665 -0.0214750655 -0.8330918550 0.4357479513 -0.8446787596 0.3108721673
-362.6 292.5 2418.5 0.8747343421 0.3735138476 -0.3087511361 -0.4312855303 0.3095034659 -0.8474670649 -0.2209811360 0.8744684458 0.4318244159
-201.2 213.0 2377.7 -0.5964851379 0.3735138476 0.7104173899 0.8020960689 0.3095034659 0.5107343197 -0.0291102920 0.8744684458 -0.4842081964
-515.3 -126.2 2340.1 0.5844152570 -0.0041886847 -0.8114439249 0.0641192198 0.9970983267 0.0410326794 0.8089175224 -0.0760092810 0.5829880238
-513.6 -516.6 2369.9 0.5897210836 -0.1291313171 -0.7972165346 0.0267062783 0.9897124767 -0.1405560672 0.8071653247 0.0615981854 0.5871028900
-368.8 -99.8 2442.4 -0.7855359316 -0.1947893202 -0.5873588920 -0.3207891285 0.9398546815 0.1173349619 0.5291764140 0.2805891633 -0.8007758856
-292.6 -467.8 2332.5 -0.8392266631 -0.0241063237 -0.5432471633 0.0049899095 0.9986334443 -0.0520224459 0.5437588692 -0.0463693775 -0.8379595280
-550.5 -149.1 2238.5 0 0 0 0 0 0 0 0 0
-353.8 418.2 2370.2 0 0 0 0 0 0 0 0 0
-480.8 -768.3 2354.2 0 0 0 0 0 0 0 0 0
-285.3 -767.1 2346.4 0 0 0 0 0 0 0 0 0
-427.7 496.6 2352.7 8 0.7789041996 0.2092529684 -0.5912033916 -0.2123253644 0.9750105739 0.0653628558 0.5901069641 0.0746160895 0.8038695455
-475.5 273.9 2335.6 0.7789041996 0.2092529684 -0.5912033916 -0.2123253644 0.9750105739 0.0653628558 0.5901069641 0.0746160895 0.8038695455
-459.7 80.4 2359.9 0.8018744588 -0.0806586295 -0.5920232534 0.1384897083 0.9889531136 0.0528421067 0.5812210441 -0.1243618578 0.8041866422
-589.6 254.1 2252.8 0.4765350223 -0.5252261758 -0.7050189972 0.8200208545 -0.0235980004 0.5718469024 -0.3169860244 -0.8506354094 0.4194511771
-738.6 -2.2 2351.9 -0.7096126080 -0.5252261758 -0.4696673453 0.5638581514 -0.0235980004 -0.8255344033 0.4225091040 -0.8506354094 0.3128985167
-361.3 293.7 2418.4 0.8665685058 0.3944696188 -0.3057004511 -0.4362124205 0.3011263907 -0.8479632139 -0.2424412519 0.8681685328 0.4330191910
-205.5 215.2 2374.8 -0.5829697847 0.3944696188 0.7103098035 0.8123186827 0.3011263907 0.4994609654 -0.0168708414 0.8681685328 -0.4959826171
-511.0 -127.3 2324.5 0.5789375901 0.0106077045 -0.8153028488 0.0901409686 0.9929535985 0.0769271851 0.8103739023 -0.1180282310 0.5739019513
-515.2 -515.8 2370.7 0.5890012383 -0.1327105165 -0.7971608639 0.0248078331 0.9889282584 -0.1463059038 0.8077512383 0.0663985237 0.5857722759
-365.5 -101.6 2428.4 -0.7977819443 -0.1821144372 -0.5747854114 -0.2835956514 0.9546005726 0.0911660865 0.5320878625 0.2357373089 -0.8132099509
-294.3 -475.0 2336.2 -0.8390778303 -0.0285975188 -0.5432592630 -0.0050867489 0.9989861250 -0.0447306633 0.5439876318 -0.0347690843 -0.8383725882
-552.0 -150.4 2240.8 0 0 0 0 0 0 0 0 0
-354.7 423.1 2370.5 0 0 0 0 0 0 0 0 0
-481.5 -766.8 2353.8 0 0 0 0 0 0 0 0 0
-285.9 -767.9 2346.4 0 0 0 0 0 0 0 0 0
-429.2 494.9 2352.0 9 0.7969512343 0.1966935843 -0.5711220503 -0.1900481433 0.9791299701 0.0720152184 0.5733676553 0.0511480719 0.8177000880
-473.0 276.9 2340.6 0.7969512343 0.1966935843 -0.5711220503 -0.1900481433 0.9791299701 0.0720152184 0.5733676553 0.0511480719 0.8177000880
-459.0 82.7 2360.2 0.8163908124 -0.0715233982 -0.5730536580 0.1161349416 0.9923622012 0.0415918753 0.5657020211 -0.1005067751 0.8184617758
-589.2 260.3 2260.0 0.4672447741 -0.5082635283 -0.7234296799 0.8382673264 -0.0054327208 0.5452324152 -0.2810519338 -0.8611844182 0.4235223234
-734.5 -0.4 2347.4 -0.6949939132 -0.5082635283 -0.5085780621 0.5931204557 -0.0054327208 -0.8050954342 0.4064376950 -0.8611844182 0.3052372038
-356.7 293.5 2421.1 0.8622716665 0.4006700814 -0.3097597063 -0.4464896917 0.3127433956 -0.8383546472 -0.2390283197 0.8611939549 0.4485648274
-208.4 216.7 2380.0 -0.5741844177 0.4006700814 0.7139858007 0.8181768060 0.3127433956 0.4824710190 -0.0299826581 0.8611939549 -0.5073913336
-516.3 -125.6 2331.6 0.5982363224 0.0002542314 -0.8013197184 0.0773823932 0.9953079224 0.0580866747 0.7975746393 -0.0967575982 0.5954096913
-516.4 -515.1 2369.5 0.6050206423 -0.1327963769 -0.7850574255 0.0316946767 0.9892285466 -0.1429067850 0.7955787182 0.0615794174 0.6027126312
-371.3 -100.4 2436.4 -0.7849310040 -0.1945866048 -0.5882341266 -0.3073725402 0.9466315508 0.0970096961 0.5379642248 0.2569529414 -0.8028509617
-295.2 -470.8 2335.9 -0.8331946135 -0.0319420360 -0.5520564914 -0.0070103528 0.9988602400 -0.0472137183 0.5529354215 -0.0354681052 -0.8324688673
-551.9 -156.2 2240.6 0 0 0 0 0 0 0 0 0
-355.4 426.1 2372.3 0 0 0 0 0 0 0 0 0
-482.6 -767.5 2353.7 0 0 0 0 0 0 0 0 0
-285.7 -766.9 2346.4 0 0 0 0 0 0 0 0 0
-431.2 494.1 2352.1 0 0.7987435460 0.1549811065 -0.5813687444 -0.1540118307 0.9867288470 0.0514447428 0.5816262960 0.0484465137 0.8120121956
-465.9 272.8 2341.3 0.7987435460 0.1549811065 -0.5813687444 -0.1540118307 0.9867288470 0.0514447428 0.5816262960 0.0484465137 0.8120121956
-458.7 78.4 2362.5 0.8134635091 -0.0371448994 -0.5804286599 0.0933384448 0.9933611751 0.0672418773 0.5740776062 -0.1088751182 0.8115301132
-581.8 259.4 2259.5 0.4946611822 -0.4875396490 -0.7194549441 0.8247868419 0.0024253037 0.5654385686 -0.2739288211 -0.8730974793 0.4033159912
-732.3 8.5 2342.8 -0.6714839339 -0.4875396490 -0.5580452085 0.6381091475 0.0024253037 -0.7699421048 0.3767307103 -0.8730974793 0.3094749749
-350.1 286.1 2423.0 0.8637093306 0.4087420106 -0.2948494256 -0.4376251101 0.3180627525 -0.8410233855 -0.2499809712 0.8554332256 0.4535895288
-211.0 215.6 2382.8 -0.5613153577 0.4087420106 0.7196214199 0.8266748190 0.3180627525 0.4641602933 -0.0391629674 0.8554332256 -0.5164302588
-518.8 -122.0 2328.8 0.5919705629 -0.0042132009 -0.8059485555 0.0903725848 0.9940268993 0.0611824133 0.8008767962 -0.1090538427 0.5888154507
-517.2 -511.2 2371.5 0.6019625068 -0.1356357336 -0.7869206071 0.0267369505 0.9883395433 -0.1499001533 0.7980765700 0.0691944212 0.5985698700
-371.3 -100.9 2430.9 -0.7970241308 -0.1939566731 -0.5719557405 -0.2963068783 0.9507974386 0.0904794261 0.5262649059 0.2415886968 -0.8152791858
-295.3 -473.1 2336.3 -0.8416491747 -0.0341409817 -0.5389444232 -0.0121481493 0.9989439845 -0.0443096682 0.5398880243 -0.0307460185 -0.8411751390
-556.0 -159.0 2243.9 0 0 0 0 0 0 0 0 0
-354.8 427.3 2372.8 0 0 0 0 0 0 0 0 0
-482.1 -766.8 2353.6 0 0 0 0 0 0 0 0 0
-285.3 -766.9 2345.3 0 0 0 0 0 0 0 0 0
-432.3 497.1 2358.7 1 0.7708382607 0.1317182928 -0.6232644916 -0.1454237401 0.9889401793 0.0291422289 0.6202098727 0.0681735128 0.7814679146
-462.0 274.0 2343.3 0.7708382607 0.1317182928 -0.6232644916 -0.1454237401 0.9889401793 0.0291422289 0.6202098727 0.0681735128 0.7814679146
-457.2 79.5 2364.8 0.7834160924 -0.0248346403 -0.6210011840 0.0878756419 0.9935891032 0.0711234733 0.6152536869 -0.1102901548 0.7805760503
-573.5 261.5 2255.8 0.5049030185 -0.4800456762 -0.7173765302 0.8186701536 0.0028970321 0.5742567182 -0.2735912204 -0.8772386909 0.3944617808
-729.9 7.9 2340.5 -0.6704418659 -0.4800456762 -0.5657418966 0.6436935067 0.0028970321 -0.7652779222 0.3690073490 -0.8772386909 0.3070600033
-350.6 286.6 2430.9 0.8458374143 0.4701336324 -0.2520584166 -0.4384821951 0.3436573744 -0.8304414153 -0.3037967086 0.8129415512 0.4968234897
-212.0 214.7 2381.1 -0.5717868805 0.4701336324 0.6723348498 0.8202447295 0.3436573744 0.4572725892 -0.0160736199 0.8129415512 -0.5821233988
-524.9 -124.4 2331.9 0.5504961014 -0.0235041473 -0.8345068097 0.0893060565 0.9955256581 0.0308729094 0.8300473094 -0.0915219262 0.5501320362
-515.7 -514.2 2367.7 0.5597504377 -0.1319691688 -0.8180853128 0.0280267000 0.9896875024 -0.1404746920 0.8281871676 0.0557025373 0.5576766729
-377.9 -107.5 2435.6 -0.8192528486 -0.2110546082 -0.5331798196 -0.3176435232 0.9411460757 0.1155279353 0.4774173498 0.2640076876 -0.8380767107
-295.3 -475.9 2332.3 -0.8731606007 -0.0371275619 -0.4860166013 -0.0106033478 0.9983057380 -0.0572125129 0.4873173237 -0.0448023081 -0.8720749021
-553.7 -161.3 2243.5 0 0 0 0 0 0 0 0 0
-358.4 424.7 2377.0 0 0 0 0 0 0 0 0 0
-482.0 -766.8 2353.5 0 0 0 0 0 0 0 0 0
-284.5 -766.6 2345.3 0 0 0 0 0 0 0 0 0
-432.1 496.8 2355.0 2 0.7582728863 0.1600827575 -0.6319776177 -0.1618118435 0.9852640033 0.0554232262 0.6315371394 0.0602355376 0.7730022669
-468.1 275.2 2341.4 0.7582728863 0.1600827575 -0.6319776177 -0.1618118435 0.9852640033 0.0554232262 0.6315371394 0.0602355376 0.7730022669
-456.3 81.4 2365.2 0.7727041841 -0.0600404479 -0.6319204569 0.1232333854 0.9907649755 0.0565529652 0.6226891875 -0.1215724051 0.7729672194
-578.0 257.7 2252.8 0.4926307499 -0.4912047386 -0.7183542848 0.8219360709 -0.0085563427 0.5695155263 -0.2858951986 -0.8710021377 0.3995237648
-728.4 6.7 2340.1 -0.6765164137 -0.4912047386 -0.5486742854 0.6336212158 -0.0085563427 -0.7735961080 0.3752994239 -0.8710021377 0.3170262575
-358.1 292.8 2430.1 0.8475339413 0.4445236027 -0.2899741530 -0.4525336921 0.3197866976 -0.8324360251 -0.2773075998 0.8367408514 0.4721919894
-213.6 215.6 2382.8 -0.5821748376 0.4445236027 0.6807872057 0.8130623698 0.3197866976 0.4864833951 -0.0014533402 0.8367408514 -0.5475971699
-523.0 -123.0 2330.8 0.5385504365 -0.0181848127 -0.8423970342 0.0910899267 0.9951642752 0.0367518440 0.8376550674 -0.0965266004 0.5376026034
-515.9 -512.7 2368.6 0.5489096642 -0.1316104829 -0.8254555464 0.0230424572 0.9895339608 -0.1424483955 0.8355640173 0.0591707788 0.5461974144
-381.6 -107.0 2441.9 -0.8140334487 -0.2203710824 -0.5373882651 -0.3357741237 0.9335014224 0.1258208454 0.4739254117 0.2828634381 -0.8338962793
-295.4 -472.5 2331.1 -0.8746349812 -0.0432295501 -0.4828507602 -0.0149448263 0.9979471564 -0.0622750148 0.4845516384 -0.0472517870 -0.8734855056
-550.6 -159.9 2241.4 0 0 0 0 0 0 0 0 0
-362.6 423.8 2382.4 0 0 0 0 0 0 0 0 0
-482.2 -766.3 2353.4 0 0 0 0 0 0 0 0 0
-282.6 -768.1 2345.1 0 0 0 0 0 0 0 0 0
-431.9 497.5 2353.1 3 0.7146694660 0.1280867457 -0.6876345873 -0.1296530664 0.9903122783 0.0497164950 0.6873409748 0.0536230654 0.7243527770
-461.5 269.2 2340.8 0.7146694660 0.1280867457 -0.6876345873 -0.1296530664 0.9903122783 0.0497164950 0.6873409748 0.0536230654 0.7243527770
-456.3 75.2 2365.8 0.7268075943 -0.0267901644 -0.6863184571 0.1077990383 0.9913045168 0.0754634440 0.6783288717 -0.1288318783 0.7233756185
-564.6 253.7 2244.4 0.5148957372 -0.4897470176 -0.7035838366 0.8025397062 -0.0131317144 0.5964541435 -0.3013508916 -0.8717656732 0.3862799704
-729.8 -3.7 2341.0 -0.7012840509 -0.4897470176 -0.5180237293 0.6000219584 -0.0131317144 -0.7998757362 0.3849342167 -0.8717656732 0.3030680120
-358.3 284.6 2437.1 0.8601800203 0.4551804662 -0.2300022990 -0.4089144766 0.3460701108 -0.8444077373 -0.3047609925 0.8203939199 0.4838124812
-213.9 216.0 2386.0 -0.5882493258 0.4551804662 0.6684111357 0.8085461259 0.3460701108 0.4759082496 -0.0146929640 0.8203939199 -0.5716099143
-514.3 -123.6 2332.8 0.4765197635 0.0034622101 -0.8791569471 0.0790931061 0.9957684875 0.0467914008 0.8755987883 -0.0918322802 0.4742295146
-515.7 -513.5 2368.8 0.4863415062 -0.1301188767 -0.8640260696 0.0127385249 0.9898005128 -0.1418897659 0.8736759424 0.0580004640 0.4830385745
-374.9 -101.3 2445.3 -0.8542687893 -0.2083682865 -0.4762431681 -0.3172540963 0.9347264171 0.1601134241 0.4117945135 0.2878699899 -0.8646132946
-293.3 -467.4 2332.5 -0.9078413248 -0.0349723063 -0.4178529084 -0.0144615099 0.9985343814 -0.0521530323 0.4190644026 -0.0413038954 -0.9070165753
-545.5 -161.3 2239.9 0 0 0 0 0 0 0 0 0
-364.5 423.0 2382.2 0 0 0 0 0 0 0 0 0
-482.6 -765.5 2354.0 0 0 0 0 0 0 0 0 0
-282.7 -768.9 2345.0 0 0 0 0 0 0 0 0 0
-432.2 496.7 2352.7 4 0.6986215115 0.1023456976 -0.7081336975 -0.1025213301 0.9938228130 0.0424918123 0.7081083059 0.0429131165 0.7047986388
-456.0 266.1 2342.7 0.6986215115 0.1023456976 -0.7081336975 -0.1025213301 0.9938228130 0.0424918123 0.7081083059 0.0429131165 0.7047986388
-455.3 72.0 2368.1 0.7084262371 -0.0035085753 -0.7057761550 0.0944209546 0.9914697409 0.0898466632 0.6994404793 -0.1302897930 0.7027144432
-556.7 252.6 2243.2 0.5117497444 -0.4873342812 -0.7075432539 0.8079464436 -0.0070341933 0.5892139673 -0.2921211720 -0.8731871843 0.3901402354
-725.4 -13.9 2339.6 -0.7118865252 -0.4873342812 -0.5056904554 0.5822947025 -0.0070341933 -0.8129473925 0.3926199973 -0.8731871843 0.2887797058
-355.3 279.6 2442.2 0.8614845872 0.4692499936 -0.1940327883 -0.3895770609 0.3656960130 -0.8452787399 -0.3256900012 0.8037853241 0.4978505373
-214.6 216.0 2389.1 -0.5871298313 0.4692499936 0.6596082449 0.8090958595 0.3656960130 0.4600329101 -0.0253456719 0.8037853241 -0.5943792462
-516.5 -128.6 2329.6 0.4521977007 -0.0017751686 -0.8919159770 0.0952562317 0.9943747520 0.0463154204 0.8868165016 -0.1059042811 0.4498230517
-515.8 -518.0 2371.1 0.4669382572 -0.1293308437 -0.8747812510 -0.0006625392 0.9891956449 -0.1465999335 0.8842896819 0.0690326989 0.4618076086
-385.7 -109.0 2451.9 -0.8625572920 -0.2332850695 -0.4489687681 -0.3411876261 0.9234343171 0.1756702214 0.3736119270 0.3047082126 -0.8761090040
-294.3 -470.4 2332.6 -0.9245520830 -0.0365398489 -0.3792997003 -0.0178584829 0.9984530210 -0.0526555255 0.3806369603 -0.0419090576 -0.9237744212
-538.3 -166.9 2236.4 0 0 0 0 0 0 0 0 0
-365.0 423.2 2382.6 0 0 0 0 0 0 0 0 0
-483.6 -765.0 2353.8 0 0 0 0 0 0 0 0 0
-283.4 -768.3 2345.1 0 0 0 0 0 0 0 0 0
-432.7 496.6 2352.0 5 0.6721310019 0.0711096525 -0.7370097041 -0.0717806816 0.9969469905 0.0307275951 0.7369446754 0.0322500914 0.6751832962
-449.1 267.2 2344.6 0.6721310019 0.0711096525 -0.7370097041 -0.0717806816 0.9969469905 0.0307275951 0.7369446754 0.0322500914 0.6751832962
-452.1 73.9 2374.7 0.6797327399 0.0149720740 -0.7333070636 0.1034915745 0.9878311753 0.1160993725 0.7261218429 -0.1548076421 0.6699116826
-545.8 252.3 2241.3 0.5116251707 -0.4866121113 -0.7081301808 0.8102362156 -0.0010268897 0.5861026049 -0.2859317958 -0.8736175299 0.3937453628
-719.0 -22.0 2338.1 -0.7229453325 -0.4866121113 -0.4904678166 0.5618942380 -0.0010268897 -0.8272084594 0.4020259976 -0.8736175299 0.2741669416
-352.4 282.0 2447.9 0.8388825655 0.5219230056 -0.1545070410 -0.4015653729 0.4018017650 -0.8229827285 -0.3674524128 0.7524305582 0.5466507077
-214.5 216.0 2387.4 -0.5971708894 0.5219230056 0.6090840101 0.8019911647 0.4018017650 0.4420017004 -0.0140401972 0.7524305582 -0.6585219502
-518.5 -130.6 2330.3 0.4159108996 -0.0055495431 -0.9093884230 0.1094559133 0.9930173159 0.0440000296 0.9027943015 -0.1178380325 0.4136141539
-516.4 -519.5 2376.4 0.4378705025 -0.1245853901 -0.8903639317 -0.0302176178 0.9877527356 -0.1530733258 0.8985300660 0.0939309672 0.4287431240
-390.8 -113.4 2456.5 -0.8730268478 -0.2471708357 -0.4203934968 -0.3550223112 0.9131265283 0.2003973722 0.3343400657 0.3242013454 -0.8849351406
-294.0 -470.9 2329.6 -0.9413315654 -0.0380680375 -0.3353292048 -0.0187107362 0.9979764223 -0.0607701205 0.3369640112 -0.0509305783 -0.9401389956
-529.0 -169.7 2232.4 0 0 0 0 0 0 0 0 0
-367.4 421.4 2383.8 0 0 0 0 0 0 0 0 0
-485.4 -764.6 2353.1 0 0 0 0 0 0 0 0 0
-282.6 -769.2 2344.8 0 0 0 0 0 0 0 0 0
-433.8 493.7 2352.6 6 0.7750543952 0.0585844591 -0.6291728616 -0.0529841222 0.9982117414 0.0276777893 0.6296692491 0.0118843801 0.7767724395
-446.4 279.1 2350.1 0.7750543952 0.0585844591 -0.6291728616 -0.0529841222 0.9982117414 0.0276777893 0.6296692491 0.0118843801 0.7767724395
-451.9 84.6 2367.2 0.7787256241 0.0230071563 -0.6269426346 0.0367426872 0.9959394336 0.0821864754 0.6262877584 -0.0870362744 0.7747182250
-556.0 273.4 2262.2 0.4827136993 -0.4489668310 -0.7519416809 0.8483301997 0.0264351033 0.5288071632 -0.2175392210 -0.8931573033 0.3936327398
-724.0 -21.8 2337.9 -0.7463234663 -0.4489668310 -0.4913553298 0.5385575891 0.0264351033 -0.8421739340 0.3910971880 -0.8931573033 0.2220653594
-336.7 284.7 2438.0 0.8120534420 0.5471231937 -0.2030403763 -0.4609258175 0.3879131079 -0.7981671691 -0.3579337299 0.7417409420 0.5671893954
-214.2 215.2 2384.0 -0.5981625915 0.5471231937 0.5855405331 0.8010650277 0.3879131079 0.4558708668 0.0222786702 0.7417409420 -0.6703163385
-516.5 -128.9 2339.3 0.5430415273 -0.0035257994 -0.8396984339 0.0760746673 0.9960854650 0.0450158119 0.8362526894 -0.0883252323 0.5411840081
-515.1 -518.9 2373.9 0.5545554161 -0.1162475049 -0.8239871264 -0.0057912944 0.9896313548 -0.1435140967 0.8321266174 0.0843584687 0.5481321812
-391.3 -109.4 2457.6 -0.8236328959 -0.2445633113 -0.5116812587 -0.3758525252 0.9110354781 0.1695560217 0.4246925712 0.3319686055 -0.8422784805
-296.7 -461.8 2329.2 -0.9003947973 -0.0504652336 -0.4321371615 -0.0227692761 0.9973546863 -0.0690299422 0.4344776273 -0.0523147471 -0.8991620541
-527.9 -163.4 2235.1 0 0 0 0 0 0 0 0 0
-367.3 420.2 2389.7 0 0 0 0 0 0 0 0 0
-486.2 -765.4 2352.9 0 0 0 0 0 0 0 0 0
-281.0 -771.4 2345.4 0 0 0 0 0 0 0 0 0
-434.9 496.8 2359.0 7 0.7633098960 0.0623565242 -0.6430160403 -0.0720793754 0.9973365664 0.0111529687 0.6419988871 0.0378350243 0.7657715082
-448.8 274.2 2350.5 0.7633098960 0.0623565242 -0.6430160403 -0.0720793754 0.9973365664 0.0111529687 0.6419988871 0.0378350243 0.7657715082
-451.3 79.4 2367.7 0.7676873207 0.0099398419 -0.6407474875 0.0486197136 0.9960942864 0.0737041607 0.6389775276 -0.0877347142 0.7642056942
-557.5 267.0 2260.1 0.5723276734 -0.3819370866 -0.7256480455 0.7916765809 0.0266900174 0.6103571653 -0.2137504816 -0.9238028526 0.3176460564
-723.2 37.9 2322.0 -0.6487842202 -0.3819370866 -0.6581816673 0.7041324377 0.0266900174 -0.7095668316 0.2885767817 -0.9238028526 0.2516182363
-340.1 281.3 2440.9 0.8183528781 0.5366281271 -0.2057396919 -0.4515423775 0.3788900971 -0.8078067899 -0.3555391133 0.7539711595 0.5523761511
-217.8 213.8 2387.7 -0.5809924006 0.5366281271 0.6119461060 0.8138964772 0.3788900971 0.4404711425 0.0045088939 0.7539711595 -0.6568920612
-527.0 -113.5 2328.5 0.5275056958 -0.0233866666 -0.8492295742 0.1107660607 0.9929814339 0.0414578132 0.8422996402 -0.1159350425 0.5263937712
-517.8 -502.2 2373.9 0.5437557697 -0.1258779317 -0.8297495842 0.0067789960 0.9893140793 -0.1456423700 0.8392161131 0.0735690147 0.5387985706
-386.6 -106.0 2433.6 -0.8405863643 -0.2327201366 -0.4891379476 -0.3293398321 0.9365028143 0.1204067692 0.4300579727 0.2623049021 -0.8638554811
-296.2 -469.5 2331.8 -0.8987414837 -0.0468934663 -0.4359641075 -0.0230324864 0.9979410172 -0.0598596595 0.4378735125 -0.0437570252 -0.8979710937
-556.6 -142.8 2247.9 0 0 0 0 0 0 0 0 0
-366.5 422.1 2388.9 0 0 0 0 0 0 0 0 0
-484.4 -765.3 2354.3 0 0 0 0 0 0 0 0 0
-282.1 -770.6 2345.0 0 0 0 0 0 0 0 0 0
-434.1 498.1 2355.1 8 0.7686173916 0.0625917315 -0.6366392970 -0.0478746556 0.9980390668 0.0403237753 0.6379148364 -0.0005146665 0.7701067328
-447.4 287.4 2355.2 0.7686173916 0.0625917315 -0.6366392970 -0.0478746556 0.9980390668 0.0403237753 0.6379148364 -0.0005146665 0.7701067328
-454.0 92.3 2367.7 0.7716273665 0.0324068926 -0.6352487803 0.0153518254 0.9974615574 0.0695326328 0.6358895302 -0.0634055063 0.7691711187
-556.9 285.1 2265.0 0.6086745858 -0.2888911664 -0.7389567494 0.7739821672 0.0113016749 0.6331065297 -0.1745474339 -0.9572952390 0.2304756641
-731.4 63.3 2315.0 -0.5736860037 -0.2888911664 -0.7664374113 0.7984728217 0.0113016749 -0.6019247174 0.1825527698 -0.9572952390 0.2241881490
-337.8 289.7 2445.5 0.7677451968 0.5880358219 -0.2545214891 -0.5117129087 0.3236142993 -0.7958791852 -0.3856386840 0.7412743568 0.5493588448
-221.8 212.4 2387.2 -0.5751311779 0.5537357926 0.6021634340 0.8178995252 0.3745893836 0.4367185831 0.0162626915 0.7436796427 -0.6683382988
-522.7 -119.9 2327.6 0.5337036848 -0.0194031522 -0.8454489112 0.0975016505 0.9944816232 0.0387260653 0.8400320411 -0.1031009108 0.5326503515
-515.1 -509.3 2368.0 0.5443447828 -0.1206976473 -0.8301330209 0.0228734687 0.9913624525 -0.1291408241 0.8385496736 0.0513091087 0.5424037576
-384.1 -110.7 2439.1 -0.8430300355 -0.2273581177 -0.4874511659 -0.3326794505 0.9325292110 0.1404052079 0.4226402044 0.2805308104 -0.8617874980
-295.5 -474.3 2329.7 -0.9036074877 -0.0402134992 -0.4264697134 -0.0135450438 0.9977682233 -0.0653841272 0.4281472564 -0.0533050336 -0.9021355510
-584.2 -141.6 2268.2 0 0 0 0 0 0 0 0 0
-369.0 421.8 2391.4 0 0 0 0 0 0 0 0 0
-483.9 -765.2 2354.8 0 0 0 0 0 0 0 0 0
-283.7 -767.7 2345.4 0 0 0 0 0 0 0 0 0
-433.6 498.0 2353.2 9 0.7294163108 0.0468220524 -0.6824657917 -0.0312129315 0.9988937378 0.0351710469 0.6833575964 -0.0043525766 0.7300708890
-444.0 276.2 2354.2 0.7294163108 0.0468220524 -0.6824657917 -0.0312129315 0.9988937378 0.0351710469 0.6833575964 -0.0043525766 0.7300708890
-453.7 81.7 2372.5 0.7322868705 0.0481999181 -0.6792883873 0.0290028006 0.9943796396 0.1018233076 0.6803783774 -0.0942651331 0.7267732024
-548.0 271.9 2257.6 0.6941180229 -0.2497830242 -0.6751360297 0.6924032569 -0.0248946808 0.7210811377 -0.1969211251 -0.9679817557 0.1556707323
-730.5 89.8 2309.4 -0.4394058585 -0.2497830242 -0.8628620505 0.8937281966 -0.0248946808 -0.4479176402 0.0904015452 -0.9679817557 0.2341769934
-340.0 280.5 2450.7 0.7711321115 0.6189504862 -0.1491829157 -0.4766485095 0.4058956802 -0.7797787786 -0.4220917225 0.6724202633 0.6080210209
-228.0 211.3 2389.4 -0.5578272343 0.6189504862 0.5529277921 0.8298624158 0.4058956802 0.3828538656 0.0125365807 0.6724202633 -0.7400633693
-530.1 -104.2 2322.9 0.4833852649 -0.0256629810 -0.8750314713 0.1343289316 0.9899066091 0.0451740026 0.8650401235 -0.1393785030 0.4819535315
-520.0 -491.6 2377.4 0.5066534281 -0.1297233552 -0.8523345590 -0.0046382518 0.9881908894 -0.1531575024 0.8621373177 0.0815511197 0.5000686049
-390.8 -101.2 2435.8 -0.8621628881 -0.2516811192 -0.4396950901 -0.3430864513 0.9286330938 0.1411818713 0.3727825880 0.2725751996 -0.8869813681
-292.4 -464.0 2329.3 -0.9260318875 -0.0311900787 -0.3761544526 -0.0094831716 0.9981878996 -0.0594219752 0.3773261905 -0.0514595062 -0.9246495962
-618.3 -138.4 2286.3 0 0 0 0 0 0 0 0 0
-370.8 423.8 2392.6 0 0 0 0 0 0 0 0 0
-484.2 -764.4 2354.9 0 0 0 0 0 0 0 0 0
-282.9 -768.9 2345.0 0 0 0 0 0 0 0 0 0
-431.7 497.6 2352.7 0 0.7588790655 0.0525107980 -0.6491110921 -0.0262874234 0.9984014630 0.0500344038 0.6507008076 -0.0209066030 0.7590463758
-442.8 287.4 2357.1 0.7588790655 0.0525107980 -0.6491110921 -0.0262874234 0.9984014630 0.0500344038 0.6507008076 -0.0209066030 0.7590463758
-453.1 92.4 2370.8 0.7605809569 0.0514570586 -0.6472007632 0.0063631353 0.9962155223 0.0866840854 0.6492119431 -0.0700484887 0.7573751211
-550.9 286.3 2264.9 0.6982378364 -0.1652947515 -0.6965210438 0.7000962496 -0.0454257764 0.7126020789 -0.1494293958 -0.9851975441 0.0840042382
-728.1 108.6 2302.9 -0.3181216419 -0.1652947515 -0.9335289001 0.9480006695 -0.0454257764 -0.3150099516 0.0096632093 -0.9851975441 0.1711504459
-334.7 288.4 2449.3 0.7170673013 0.6564375758 -0.2343164533 -0.5821899772 0.3792481422 -0.7191840410 -0.3832353354 0.6521200538 0.6541178226
-229.6 203.1 2393.2 -0.5520415306 0.6282011271 0.5482823253 0.8337560892 0.4238037765 0.3538942635 -0.0100473566 0.6524980664 -0.7577238083
-529.4 -115.6 2329.7 0.5207824111 -0.0388966389 -0.8528028727 0.0989155397 0.9949824214 0.0150234010 0.8479394913 -0.0921793804 0.5220168233
-514.2 -504.7 2365.7 0.5306215882 -0.1094480306 -0.8405128717 0.0235935748 0.9931511879 -0.1144291684 0.8472803831 0.0408878848 0.5295697451
-397.3 -110.0 2451.3 -0.8368739486 -0.2739998400 -0.4738840163 -0.3881281316 0.9074825644 0.1607233584 0.3860032856 0.3184328973 -0.8657955527
-290.3 -464.5 2327.0 -0.9189772606 -0.0259870496 -0.3934532404 -0.0009246297 0.9979651570 -0.0637546033 0.3943094313 -0.0582252368 -0.9171313643
-646.6 -134.2 2300.4 0 0 0 0 0 0 0 0 0
-370.9 416.6 2390.6 0 0 0 0 0 0 0 0 0
-485.5 -765.1 2355.0 0 0 0 0 0 0 0 0 0
-282.4 -769.5 2344.8 0 0 0 0 0 0 0 0 0
-432.0 497.2 2352.5 1 0.7734205723 0.0606932752 -0.6309809089 -0.0294270571 0.9977702498 0.0599042773 0.6332097650 -0.0277632903 0.7734820843
-444.5 292.4 2358.2 0.7734205723 0.0606932752 -0.6309809089 -0.0294270571 0.9977702498 0.0599042773 0.6332097650 -0.0277632903 0.7734820843
-455.4 97.2 2368.3 0.7745550275 0.0548424013 -0.6301245093 -0.0098394668 0.9971581101 0.0746921226 0.6324300170 -0.0516530685 0.7728934288
-554.7 293.7 2268.3 0.6724992394 -0.0916164294 -0.7344053388 0.7299009562 -0.0820515379 0.6786104441 -0.1224309579 -0.9924081564 0.0116913226
-722.1 112.0 2298.8 -0.2220245451 -0.0916164294 -0.9707273245 0.9731953144 -0.0820515379 -0.2148450762 -0.0599663332 -0.9924081564 0.1073781401
-334.2 291.1 2448.1 0.6926859617 0.6660237312 -0.2767644823 -0.6283169389 0.3688333929 -0.6849669814 -0.3541242480 0.6483628154 0.6739596725
-231.4 197.8 2395.6 -0.5523014665 0.6269286871 0.5494757295 0.8333873153 0.4315909147 0.3452460170 -0.0207040999 0.6486060023 -0.7608426809
-532.0 -103.2 2326.0 0.5383178592 -0.0372938253 -0.8419163227 0.1146723330 0.9929701090 0.0293360595 0.8349036574 -0.1123366281 0.5388101339
-517.4 -491.7 2370.0 0.5517380238 -0.1154033691 -0.8259946704 0.0207554549 0.9919736981 -0.1247290522 0.8337591290 0.0516738705 0.5497049093
-394.8 -101.8 2442.6 -0.8360918760 -0.2669557929 -0.4792546034 -0.3715384901 0.9183049798 0.1366570294 0.4036205113 0.2923193872 -0.8669716716
-290.4 -460.9 2328.3 -0.9105457664 -0.0226218980 -0.4127888680 0.0017243525 0.9982851744 -0.0585122518 0.4134046733 -0.0539898798 -0.9089453816
-664.9 -138.9 2314.2 0 0 0 0 0 0 0 0 0
-372.8 411.2 2390.3 0 0 0 0 0 0 0 0 0
-486.0 -761.8 2355.9 0 0 0 0 0 0 0 0 0
-283.4 -770.1 2345.0 0 0 0 0 0 0 0 0 0
-432.3 498.6 2351.9 2 0.7675569057 0.0672503784 -0.6374431849 -0.0307577159 0.9971995950 0.0681688190 0.6402424574 -0.0327171497 0.7674758434
-445.9 296.9 2358.5 0.7675569057 0.0672503784 -0.6374431849 -0.0307577159 0.9971995950 0.0681688190 0.6402424574 -0.0327171497 0.7674758434
-457.8 101.6 2366.6 0.7682399154 0.0604499653 -0.6373015046 -0.0200892277 0.9973177910 0.0703818873 0.6398466825 -0.0412672795 0.7673937678
-555.3 299.7 2267.4 0.6596775055 -0.0226446372 -0.7512075901 0.7443124652 -0.1186875552 0.6572002769 -0.1040410548 -0.9926733971 -0.0614408255
-721.0 112.7 2293.6 -0.1655207425 -0.0226446372 -0.9859462976 0.9796698689 -0.1186875552 -0.1617411077 -0.1133569926 -0.9926733971 0.0418295227
-336.5 294.0 2449.6 0.6760784388 0.6604013443 -0.3267842829 -0.6669687033 0.3600060344 -0.6523407102 -0.3131623864 0.6589884162 0.6838593483
-235.3 194.2 2402.7 -0.5287486315 0.6176066995 0.5822257996 0.8465231061 0.4336900413 0.3087257445 -0.0618344508 0.6561058760 -0.7521313429
-536.2 -97.1 2321.4 0.5298872590 -0.0508012138 -0.8465451598 0.1224981770 0.9923209548 0.0171274021 0.8391743898 -0.1127758324 0.5320413113
-516.3 -485.6 2365.5 0.5422725081 -0.1124694645 -0.8326410651 0.0328726284 0.9930815101 -0.1127321571 0.8395593762 0.0337604471 0.5422179103
-396.3 -98.8 2435.3 -0.8430513740 -0.2759422958 -0.4616495073 -0.3672395945 0.9224480987 0.1192666218 0.3929370046 0.2700838745 -0.8790081143
-288.4 -459.7 2329.6 -0.9150232077 -0.0165526532 -0.4030615091 0.0049835802 0.9986177087 -0.0523241833 0.4033704698 -0.0498865284 -0.9136758447
-678.1 -141.7 2323.0 0 0 0 0 0 0 0 0 0
-370.6 410.7 2386.9 0 0 0 0 0 0 0 0 0
-484.9 -763.1 2356.1 0 0 0 0 0 0 0 0 0
-283.2 -770.0 2345.1 0 0 0 0 0 0 0 0 0
-432.7 497.7 2352.1 3 0.7520682812 0.0657714009 -0.6557952762 -0.0264893342 0.9972206950 0.0696357861 0.6585527062 -0.0349992849 0.7517203093
-445.9 297.3 2359.1 0.7520682812 0.0657714009 -0.6557952762 -0.0264893342 0.9972206950 0.0696357861 0.6585527062 -0.0349992849 0.7517203093
-457.2 102.0 2366.6 0.7525733709 0.0578884408 -0.6559590697 -0.0183414295 0.9975847602 0.0669940561 0.6582529545 -0.0383867137 0.7518174648
-553.0 299.9 2265.4 0.6657262444 0.0211040042 -0.7458975911 0.7407942414 -0.1387518197 0.6572456360 -0.0896241367 -0.9901022911 -0.1080044508
-717.4 117.1 2287.5 -0.1276862472 0.0211040042 -0.9915900826 0.9818390012 -0.1387518197 -0.1293836683 -0.1403154433 -0.9901022911 -0.0030040334
-338.7 294.7 2452.8 0.6655547023 0.6558032036 -0.3563132584 -0.6855821609 0.3485086858 -0.6391547918 -0.2949814796 0.6696744561 0.6815585494
-238.7 191.8 2408.5 -0.5057846904 0.6209270954 0.5988584161 0.8605509996 0.4116742611 0.2999604046 -0.0602810569 0.6670636535 -0.7425579429
-539.1 -91.9 2316.9 0.5078870058 -0.0549108572 -0.8596717715 0.1429783255 0.9894973040 0.0212670527 0.8494751453 -0.1337156892 0.5104038715
-517.6 -479.3 2369.2 0.5260404944 -0.1141208112 -0.8427679539 0.0203985088 0.9923639894 -0.1216455102 0.8502148390 0.0467992537 0.5243515372
-400.3 -95.4 2432.3 -0.8519926667 -0.2845062315 -0.4395050108 -0.3676335514 0.9227939248 0.1153126284 0.3727653623 0.2598223090 -0.8908076882
-288.9 -456.7 2330.6 -0.9242848158 -0.0212616902 -0.3811108470 -0.0012477345 0.9986103773 -0.0526851490 0.3817014396 -0.0482205600 -0.9230269790
-684.1 -139.3 2324.1 0 0 0 0 0 0 0 0 0
-368.1 411.9 2393.1 0 0 0 0 0 0 0 0 0
-485.0 -762.9 2355.9 0 0 0 0 0 0 0 0 0
-282.2 -770.9 2345.8 0 0 0 0 0 0 0 0 0
-431.0 499.5 2351.7 4 0.7399951816 0.0698399693 -0.6689764261 -0.0244754292 0.9967319369 0.0769833252 0.6721667051 -0.0405938029 0.7392861843
-445.0 299.8 2359.8 0.7399951816 0.0698399693 -0.6689764261 -0.0244754292 0.9967319369 0.0769833252 0.6721667051 -0.0405938029 0.7392861843
-457.0 104.4 2367.4 0.7403450012 0.0609398447 -0.6694591641 -0.0191414598 0.9973897338 0.0696226060 0.6719545126 -0.0387303233 0.7395790219
-550.5 302.5 2264.1 0.6681059599 0.0149689456 -0.7439155579 0.7388852239 -0.1311260313 0.6609497666 -0.0876529738 -0.9912526608 -0.0986664146
-716.2 119.2 2285.9 -0.1170367226 0.0149689456 -0.9930147529 0.9843193889 -0.1311260313 -0.1179885119 -0.1319762468 -0.9912526608 0.0006123374
