-415.8 492.3 2367.2 1 0.7212395668 0.1382534653 -0.6787484288 -0.1778464913 0.9839916229 0.0114480099 0.6694655418 0.1124562696 0.7342815995
-447.9 263.9 2341.1 0.7212395668 0.1382534653 -0.6787484288 -0.1778464913 0.9839916229 0.0114480099 0.6694655418 0.1124562696 0.7342815995
-452.2 69.5 2363.6 0.7405829430 0.0217421912 -0.6716130972 0.0611875020 0.9931422472 0.0996221006 0.6691733599 -0.1148727536 0.7341738343
-553.4 255.2 2245.9 0.7296151519 -0.2189689875 -0.6478536129 0.6627138257 -0.0073547340 0.7488366365 -0.1687368006 -0.9757040739 0.1397476494
-723.2 101.0 2285.1 -0.2348162234 -0.2189689875 -0.9470553994 0.9709799886 -0.0073547340 -0.2390476763 0.0453786887 -0.9757040739 0.2143415213
-342.5 272.7 2436.3 0.7384839058 0.6515104175 -0.1737115830 -0.5803857446 0.4830645323 -0.6555921435 -0.3432112038 0.5849639177 0.7348627448
-223.1 178.8 2380.8 -0.5307075381 0.6515104175 0.5421103239 0.8412014246 0.4830645323 0.2429585755 -0.1035842299 0.5849639177 -0.8044174910
-517.6 -132.2 2324.6 0.4771233499 -0.0131969275 -0.8787372112 0.0895971432 0.9954078197 0.0336990021 0.8742572069 -0.0948109329 0.4761147499
-512.5 -522.1 2361.7 0.4861094058 -0.1149477065 -0.8663051724 0.0218538065 0.9926005602 -0.1194426864 0.8736246824 0.0391301475 0.4850245118
-389.6 -119.1 2451.5 -0.8580898046 -0.2690653205 -0.4373622537 -0.3792606890 0.9062899947 0.1865468174 0.3461837471 0.3259482384 -0.8797241449
-284.3 -473.9 2323.9 -0.9368554950 -0.0153162871 -0.3493811190 0.0071227830 0.9979975820 -0.0628500879 0.3496441543 -0.0613700189 -0.9348704219
-663.3 -146.7 2273.6 0 0 0 0 0 0 0 0 0
-358.9 394.1 2354.3 0 0 0 0 0 0 0 0 0
-484.4 -764.8 2352.2 0 0 0 0 0 0 0 0 0
-279.7 -770.9 2342.2 0 0 0 0 0 0 0 0 0
-416.4 491.7 2367.2 2 0.7080776691 0.1419699341 -0.6917156577 -0.1861523241 0.9824583530 0.0110872881 0.6811559200 0.1209138185 0.7220848203
-449.2 264.2 2339.2 0.7080776691 0.1419699341 -0.6917156577 -0.1861523241 0.9824583530 0.0110872881 0.6811559200 0.1209138185 0.7220848203
-451.5 69.2 2357.1 0.7267393470 0.0117500955 -0.6868128777 0.0540068410 0.9957812428 0.0741823912 0.6847869754 -0.0910038501 0.7230387926
-552.7 256.5 2241.7 0.7134749889 -0.2233587205 -0.6641267538 0.6776642799 -0.0209735930 0.7350722551 -0.1781139225 -0.9745106697 0.1363980919
-722.5 95.3 2284.1 -0.2271537781 -0.2233587205 -0.9478987455 0.9733617306 -0.0209735930 -0.2283135802 0.0311149862 -0.9745106697 0.2221730500
-345.7 271.8 2436.7 0.7498954535 0.6378120184 -0.1756492406 -0.5692676902 0.4868581593 -0.6624978781 -0.3370328546 0.5967955589 0.7281785011
-222.8 178.5 2381.5 -0.5247352719 0.6378120184 0.5637807250 0.8418884873 0.4868581593 0.2327936739 -0.1260026544 0.5967955589 -0.7924382687
-523.4 -130.5 2325.7 0.4586230516 -0.0230786260 -0.8883311749 0.0924933106 0.9954726696 0.0218898356 0.8838042021 -0.0922038779 0.4586813152
-514.3 -520.4 2361.8 0.4673188329 -0.1205934957 -0.8758255243 0.0289213713 0.9922083020 -0.1211866587 0.8836156726 0.0313027352 0.4671653509
-389.6 -119.5 2446.5 -0.8691018224 -0.2653717697 -0.4174204767 -0.3673142493 0.9114450216 0.1853327602 0.3312737346 0.3143975139 -0.8896133304
-285.7 -476.4 2323.4 -0.9437243342 -0.0201793090 -0.3301168680 0.0024602546 0.9976809621 -0.0680192858 0.3307239115 -0.0650036260 -0.9414861798
-664.4 -153.5 2276.2 0 0 0 0 0 0 0 0 0
-357.2 394.1 2349.2 0 0 0 0 0 0 0 0 0
-484.5 -765.7 2354.1 0 0 0 0 0 0 0 0 0
-279.8 -770.5 2342.6 0 0 0 0 0 0 0 0 0
-417.8 491.9 2367.8 3 0.7131819725 0.1334414631 -0.6881604791 -0.1757944077 0.9843884706 0.0086968467 0.6785777807 0.1147723272 0.7255064249
-448.5 265.0 2341.3 0.7131819725 0.1334414631 -0.6881604791 -0.1757944077 0.9843884706 0.0086968467 0.6785777807 0.1147723272 0.7255064249
-449.7 69.7 2356.1 0.7288849950 0.0060589602 -0.6846093535 0.0472568870 0.9971306324 0.0591379702 0.6830033064 -0.0754572824 0.7265071869
-552.4 258.3 2244.0 0.7083035111 -0.2248082310 -0.6691542864 0.6842739582 -0.0142237693 0.7290863395 -0.1734225005 -0.9742991924 0.1437556744
-721.5 94.8 2285.4 -0.2219734043 -0.2248082310 -0.9487829208 0.9743506908 -0.0142237693 -0.2245849073 0.0369932652 -0.9742991924 0.2221993655
-344.7 271.7 2438.6 0.7340095043 0.6634851694 -0.1449740529 -0.5641241670 0.4767896235 -0.6741183996 -0.3781453967 0.5765926838 0.7242560983
-222.7 177.9 2375.8 -0.5231783986 0.6634851694 0.5348568559 0.8465682268 0.4767896235 0.2366303355 -0.0980134755 0.5765926838 -0.8111314774
-519.4 -130.6 2313.1 0.4606557488 -0.0133950505 -0.8874778152 0.1106007472 0.9929591417 0.0424214937 0.8806609511 -0.1176974177 0.4588938653
-514.2 -519.4 2359.2 0.4706353247 -0.1173839495 -0.8744846582 0.0372123942 0.9928696752 -0.1132478341 0.8815427423 0.0207567643 0.4716476798
-388.1 -120.9 2436.8 -0.8707409501 -0.2663496435 -0.4133619070 -0.3607602417 0.9172345996 0.1689164340 0.3341589868 0.2962070107 -0.8947620988
-283.8 -480.0 2320.8 -0.9439563751 -0.0152253248 -0.3297189474 0.0104023609 0.9970670938 -0.0758222863 0.3299063146 -0.0750027895 -0.9410294294
-664.8 -154.5 2276.0 0 0 0 0 0 0 0 0 0
-356.6 394.6 2350.7 0 0 0 0 0 0 0 0 0
-485.0 -765.8 2354.0 0 0 0 0 0 0 0 0 0
-279.4 -770.7 2342.6 0 0 0 0 0 0 0 0 0
-417.0 493.5 2367.0 4 0.7128706574 0.1405354291 -0.6870700121 -0.1737303734 0.9845665097 0.0211320296 0.6794359684 0.1043005362 0.7262838483
-449.4 266.1 2342.9 0.7128706574 0.1405354291 -0.6870700121 -0.1737303734 0.9845665097 0.0211320296 0.6794359684 0.1043005362 0.7262838483
-451.2 70.9 2358.6 0.7296328545 0.0091494946 -0.6837778687 0.0481431969 0.9967421889 0.0647089481 0.6821423173 -0.0801330283 0.7268153429
-553.4 259.2 2245.7 0.7033668160 -0.2273105830 -0.6735020280 0.6902976632 -0.0076385080 0.7234851718 -0.1696003973 -0.9737923741 0.1515392810
-720.4 95.4 2286.0 -0.2111192048 -0.2273105830 -0.9506621957 0.9765738249 -0.0076385080 -0.2150471210 0.0416208468 -0.9737923741 0.2235981971
-345.5 273.0 2440.1 0.7289254665 0.6739939451 -0.1199993342 -0.5604862571 0.4868930578 -0.6699181795 -0.3930939138 0.5555784106 0.7326730490
-222.8 178.6 2374.0 -0.5223068595 0.6739939451 0.5224248767 0.8459272385 0.4868930578 0.2175827026 -0.1077156290 0.5555784106 -0.8244574070
-516.7 -129.7 2309.2 0.4616351724 -0.0052444441 -0.8870543838 0.1316537857 0.9893130660 0.0626654029 0.8772458434 -0.1457126290 0.4573921561
-514.7 -517.0 2366.2 0.4788211584 -0.1154500172 -0.8702882528 0.0134237409 0.9921624064 -0.1242319345 0.8778098226 0.0478023551 0.4766181111
-385.0 -121.2 2432.6 -0.8742365837 -0.2581082284 -0.4112062752 -0.3470459878 0.9245252013 0.1575188190 0.3395136595 0.2804161906 -0.8978291750
-283.9 -483.2 2322.8 -0.9414846897 -0.0151514430 -0.3367150724 0.0091186482 0.9974784851 -0.0703808963 0.3369324207 -0.0693329200 -0.9389725924
-666.3 -154.6 2275.3 0 0 0 0 0 0 0 0 0
-356.5 395.2 2346.4 0 0 0 0 0 0 0 0 0
-485.9 -764.6 2354.3 0 0 0 0 0 0 0 0 0
-279.6 -770.9 2342.8 0 0 0 0 0 0 0 0 0
-418.1 493.6 2368.1 5 0.6955277920 0.1355977803 -0.7055879235 -0.1815522760 0.9833303690 0.0100097591 0.6951833367 0.1211390272 0.7085517049
-449.9 263.5 2339.8 0.6955277920 0.1355977803 -0.7055879235 -0.1815522760 0.9833303690 0.0100097591 0.6951833367 0.1211390272 0.7085517049
-450.8 68.8 2359.7 0.7132093310 0.0045509399 -0.7009363174 0.0680152923 0.9948108792 0.0756651759 0.6976434588 -0.1016395018 0.7091988921
-551.5 253.8 2240.4 0.7146919966 -0.2536574900 -0.6518229842 0.6707004905 -0.0158516411 0.7415589094 -0.1984344274 -0.9671642184 0.1587991565
-722.0 93.8 2287.8 -0.2210539430 -0.2536574900 -0.9416968822 0.9743565321 -0.0158516411 -0.2244506329 0.0420061424 -0.9671642184 0.2506569028
-348.3 273.2 2439.2 0.7354027033 0.6633269787 -0.1384923607 -0.5568878055 0.4751647413 -0.6812447906 -0.3860813677 0.5781139731 0.7188361287
-223.6 178.9 2373.7 -0.5194926262 0.6633269787 0.5386322737 0.8484496474 0.4751647413 0.2331344634 -0.1012946740 0.5781139731 -0.8096441627
-519.0 -128.6 2312.7 0.4403143525 -0.0007303088 -0.8978433609 0.1290693581 0.9896644950 0.0624923371 0.8885180950 -0.1434003413 0.4358577430
-518.7 -516.2 2368.8 0.4597502649 -0.1319526285 -0.8781902790 0.0089196926 0.9895355701 -0.1440131962 0.8880034685 0.0583769120 0.4561161995
-387.1 -119.9 2436.0 -0.8785951138 -0.2620068192 -0.3992781043 -0.3493504226 0.9226552248 0.1632837653 0.3256145716 0.2829482853 -0.9021726251
-284.4 -481.3 2325.2 -0.9452994466 -0.0169432834 -0.3257634640 0.0028387045 0.9981850982 -0.0601539500 0.3261914253 -0.0577882417 -0.9435357451
-665.4 -155.7 2277.0 0 0 0 0 0 0 0 0 0
-356.7 396.1 2347.8 0 0 0 0 0 0 0 0 0
-485.4 -765.4 2354.1 0 0 0 0 0 0 0 0 0
-279.5 -770.3 2341.9 0 0 0 0 0 0 0 0 0
-418.2 492.9 2367.7 6 0.7108680606 0.1293998957 -0.6913192272 -0.1714397818 0.9851611853 0.0081130210 0.6821107268 0.1127523333 0.7225039005
-448.3 264.1 2341.5 0.7108680606 0.1293998957 -0.6913192272 -0.1714397818 0.9851611853 0.0081130210 0.6821107268 0.1127523333 0.7225039005
-452.4 69.3 2360.5 0.7277653813 0.0210007448 -0.6855045557 0.0510407835 0.9951006770 0.0846727788 0.6839241982 -0.0966106057 0.7231279612
-551.9 256.8 2244.1 0.7175399065 -0.2480905056 -0.6508360505 0.6710811257 -0.0039701806 0.7413733006 -0.1865116060 -0.9687287211 0.1636400968
-722.3 97.5 2288.4 -0.2322941869 -0.2480905056 -0.9404735565 0.9710602164 -0.0039701806 -0.2388017029 0.0555105843 -0.9687287211 0.2418330759
-344.6 271.4 2438.9 0.7305300236 0.6689603925 -0.1371780783 -0.5588437319 0.4702045321 -0.6830822825 -0.3924532533 0.5756732225 0.7173428535
-223.9 179.0 2374.1 -0.5194689631 0.6689603925 0.5316427350 0.8496965170 0.4702045321 0.2385864556 -0.0903759226 0.5756732225 -0.8126699924
-516.2 -132.2 2316.6 0.4596928060 -0.0014887635 -0.8880767226 0.0989462435 0.9938582778 0.0495511852 0.8825486898 -0.1106501818 0.4570168257
-515.6 -521.2 2359.9 0.4684903026 -0.1232756600 -0.8748256564 0.0358679593 0.9920545816 -0.1205867603 0.8827402592 0.0251155179 0.4691896141
-387.3 -119.9 2442.7 -0.8718008399 -0.2602028549 -0.4150395095 -0.3593005836 0.9155551195 0.1807261705 0.3329660594 0.3066811562 -0.8916727304
-285.4 -478.4 2322.6 -0.9437127709 -0.0194827132 -0.3301917911 0.0042760237 0.9974617362 -0.0710756555 0.3307384551 -0.0684869140 -0.9412341118
-662.8 -151.2 2274.2 0 0 0 0 0 0 0 0 0
-356.9 396.6 2350.9 0 0 0 0 0 0 0 0 0
-485.1 -766.8 2353.7 0 0 0 0 0 0 0 0 0
-279.7 -769.4 2342.5 0 0 0 0 0 0 0 0 0
-417.2 492.7 2367.5 7 0.7394846678 0.1474153399 -0.6568341851 -0.1851993054 0.9826273322 0.0120308828 0.6471967697 0.1127485856 0.7539390326
-451.3 265.6 2341.4 0.7394846678 0.1474153399 -0.6568341851 -0.1851993054 0.9826273322 0.0120308828 0.6471967697 0.1127485856 0.7539390326
-453.3 70.5 2357.9 0.7579832077 0.0098171765 -0.6522001624 0.0476330742 0.9963839650 0.0703568459 0.6505324841 -0.0843956023 0.7547746897
-559.2 258.8 2248.9 0.6979331374 -0.2537592947 -0.6696981192 0.6942026615 0.0099218832 0.7197112441 -0.1759887487 -0.9672164917 0.1830851883
-721.4 97.4 2289.8 -0.2366887182 -0.2537592947 -0.9378617406 0.9689112902 0.0099218832 -0.2472092956 0.0720370114 -0.9672164917 0.2435218543
-343.4 272.4 2434.0 0.7295437455 0.6675592661 -0.1487634629 -0.5693886280 0.4723176062 -0.6728392839 -0.3788964748 0.5755698681 0.7246770263
-223.8 179.1 2371.9 -0.5252167583 0.6675592661 0.5277423859 0.8466511369 0.4723176062 0.2451487035 -0.0856107324 0.5755698681 -0.8132589459
-522.3 -130.2 2317.7 0.4988159537 -0.0206646249 -0.8664615750 0.1004726514 0.9943543673 0.0341266170 0.8608646393 -0.1040785909 0.4980760515
-514.2 -519.5 2358.4 0.5059449077 -0.1180233955 -0.8544531465 0.0468055643 0.9928917885 -0.1094307229 0.8612949252 0.0153727559 0.5078727603
-390.8 -121.0 2441.2 -0.8531677127 -0.2664904296 -0.4484280646 -0.3699633777 0.9151608944 0.1600238681 0.3677389920 0.3024291396 -0.8793774247
-286.4 -479.4 2322.8 -0.9293723106 -0.0258313213 -0.3682388365 0.0008706063 0.9973924756 -0.0721626282 0.3691427112 -0.0673865452 -0.9269264936
-660.8 -150.7 2271.3 0 0 0 0 0 0 0 0 0
-358.3 395.9 2350.0 0 0 0 0 0 0 0 0 0
-484.9 -765.8 2354.6 0 0 0 0 0 0 0 0 0
-278.9 -770.9 2342.5 0 0 0 0 0 0 0 0 0
-418.1 494.1 2367.9 8 0.7472684383 0.1506619453 -0.6472177505 -0.1913063973 0.9815009832 0.0075980746 0.6363896132 0.1181390956 0.7622672915
-453.2 265.5 2340.4 0.7472684383 0.1506619453 -0.6472177505 -0.1913063973 0.9815009832 0.0075980746 0.6363896132 0.1181390956 0.7622672915
-455.8 70.5 2358.0 0.7670841217 0.0131252138 -0.6414122581 0.0479188859 0.9958257079 0.0776852071 0.6397544146 -0.0903268456 0.7632531524
-562.4 258.6 2249.3 0.6740729213 -0.2476700693 -0.6959060431 0.7192416787 0.0054449546 0.6947386265 -0.1682767868 -0.9688291550 0.1818049401
-722.1 88.3 2289.1 -0.2479288578 -0.2476700693 -0.9365846515 0.9663313627 0.0054449546 -0.2572431564 0.0688110888 -0.9688291550 0.2379813939
-343.9 272.3 2431.5 0.7377508879 0.6518644094 -0.1754889190 -0.5726364851 0.4666210115 -0.6740565896 -0.3575066924 0.5977771878 0.7175314426
-223.8 179.1 2373.3 -0.5218573213 0.6518644094 0.5502160788 0.8479654789 0.4666210115 0.2514345646 -0.0928411186 0.5977771878 -0.7962681055
-523.7 -128.9 2315.7 0.5109772682 -0.0223600622 -0.8593033552 0.1082788929 0.9933732748 0.0385383889 0.8527472615 -0.1127366573 0.5100123286
-515.0 -517.9 2359.9 0.5193041563 -0.1226852983 -0.8457372785 0.0486360528 0.9922804236 -0.1140795350 0.8532044291 0.0181086548 0.5212622285
-386.8 -120.3 2433.2 -0.8521282673 -0.2592384517 -0.4546128213 -0.3551814854 0.9244675636 0.1385852695 0.3843481541 0.2795624733 -0.8798416257
-285.3 -482.2 2323.7 -0.9219241142 -0.0218797959 -0.3867520690 0.0045852135 0.9977172613 -0.0673740879 0.3873433471 -0.0638871416 -0.9197192788
-658.6 -159.2 2271.5 0 0 0 0 0 0 0 0 0
-357.5 396.3 2349.5 0 0 0 0 0 0 0 0 0
-484.4 -765.1 2355.3 0 0 0 0 0 0 0 0 0
-279.0 -771.5 2342.2 0 0 0 0 0 0 0 0 0
-418.1 494.5 2367.6 9 0.7478587627 0.1423469931 -0.6484169960 -0.1834597737 0.9830182195 0.0042067072 0.6380045414 0.1158124134 0.7612737417
-451.0 267.4 2340.8 0.7478587627 0.1423469931 -0.6484169960 -0.1834597737 0.9830182195 0.0042067072 0.6380045414 0.1158124134 0.7612737417
-452.2 72.3 2357.3 0.7653298378 0.0062333359 -0.6436080933 0.0492991284 0.9964478612 0.0682733580 0.6417475343 -0.0839809552 0.7623039484
-560.0 260.4 2249.4 0.6676438451 -0.2484644800 -0.7017955780 0.7262611389 0.0100949891 0.6873447895 -0.1636961550 -0.9685884118 0.1871899515
-722.6 83.5 2289.3 -0.2657967508 -0.2484644800 -0.9314598441 0.9608523846 0.0100949891 -0.2768768668 0.0781971440 -0.9685884118 0.2360544801
-341.9 274.4 2432.3 0.7157321572 0.6822832227 -0.1490539014 -0.5821755528 0.4650101364 -0.6669611335 -0.3857448399 0.5641410947 0.7300313115
-223.3 178.0 2368.3 -0.5202258229 0.6822832227 0.5136678815 0.8509660363 0.4650101364 0.2441769540 -0.0722629279 0.5641410947 -0.8225101233
-527.7 -128.9 2317.9 0.5084745884 -0.0330776013 -0.8604414463 0.1020905152 0.9945296645 0.0220976993 0.8550035954 -0.0990790278 0.5090699196
-514.7 -518.4 2356.7 0.5143299103 -0.1258987784 -0.8483008146 0.0597162731 0.9920221567 -0.1110225394 0.8555107713 0.0064448500 0.5177448988
-389.1 -120.2 2433.5 -0.8513537049 -0.2634824514 -0.4536229968 -0.3603896797 0.9221186638 0.1407711208 0.3812035024 0.2833270431 -0.8800054789
-285.9 -481.4 2322.6 -0.9237871170 -0.0226585604 -0.3822354376 0.0051360638 0.9974245429 -0.0715392455 0.3828720152 -0.0680502206 -0.9212915897
-654.5 -162.5 2269.2 0 0 0 0 0 0 0 0 0
-356.5 395.9 2349.8 0 0 0 0 0 0 0 0 0
-483.4 -765.3 2355.1 0 0 0 0 0 0 0 0 0
-279.3 -771.0 2342.3 0 0 0 0 0 0 0 0 0
-417.3 495.4 2366.9 0 0.7472100854 0.1534916013 -0.6466199756 -0.1940243095 0.9809585810 0.0086480370 0.6356348395 0.1189980879 0.7627632618
-453.2 265.7 2339.1 0.7472100854 0.1534916013 -0.6466199756 -0.1940243095 0.9809585810 0.0086480370 0.6356348395 0.1189980879 0.7627632618
-451.3 70.7 2356.7 0.7660662532 -0.0098442584 -0.6426862478 0.0654686093 0.9958776236 0.0627827495 0.6394187808 -0.0901715234 0.7635526657
-562.3 256.4 2248.0 0.6739984155 -0.2499907166 -0.6951480508 0.7184014320 0.0025589408 0.6956240535 -0.1721207201 -0.9682448506 0.1813184023
-722.8 85.3 2288.9 -0.2664483190 -0.2499907166 -0.9308651686 0.9612058401 0.0025589408 -0.2758201659 0.0713345110 -0.9682448506 0.2396107167
-344.1 275.0 2430.2 0.7374854684 0.6532053947 -0.1715746373 -0.5698611140 0.4655202627 -0.6771625876 -0.3624548018 0.5971713066 0.7155507803
-220.5 179.5 2369.4 -0.5351706147 0.6532053947 0.5356445312 0.8417710066 0.4655202627 0.2733356953 -0.0708090365 0.5971713066 -0.7989821434
-522.6 -127.3 2315.7 0.5092274547 -0.0149504170 -0.8605021238 0.1066654772 0.9932365417 0.0458658859 0.8539963961 -0.1151420400 0.5073779821
-516.7 -516.2 2360.8 0.5173432827 -0.1313747913 -0.8456338048 0.0515693426 0.9911364317 -0.1224304065 0.8542227745 0.0197297707 0.5195326805
-384.3 -118.4 2431.7 -0.8525709510 -0.2465179712 -0.4608163536 -0.3431719542 0.9290968180 0.1378843784 0.3941520154 0.2756954730 -0.8767189980
-287.7 -482.3 2323.7 -0.9181526303 -0.0260292348 -0.3953709900 0.0017244845 0.9975679517 -0.0696795434 0.3962231278 -0.0646582618 -0.9158747196
-654.6 -160.8 2270.7 0 0 0 0 0 0 0 0 0
-357.5 395.1 2351.3 0 0 0 0 0 0 0 0 0
-483.7 -765.2 2355.9 0 0 0 0 0 0 0 0 0
-280.2 -770.5 2342.4 0 0 0 0 0 0 0 0 0
-418.3 496.5 2367.1 1 0.7323052883 0.1580935568 -0.6623710394 -0.1925494224 0.9810565710 0.0212777350 0.6531873345 0.1119573638 0.7488737106
-456.3 260.7 2340.2 0.7323052883 0.1580935568 -0.6623710394 -0.1925494224 0.9810565710 0.0212777350 0.6531873345 0.1119573638 0.7488737106
-452.2 65.6 2356.7 0.7505922914 -0.0210548136 -0.6604301333 0.0713081434 0.9962360859 0.0492826961 0.6569066644 -0.0840852559 0.7492684722
-563.3 250.5 2246.6 0.6838085651 -0.2757163644 -0.6755637527 0.7044259310 0.0080642700 0.7097316980 -0.1902367324 -0.9612051845 0.1997361779
-724.0 85.0 2291.3 -0.2666974962 -0.2757163644 -0.9235003591 0.9600639939 0.0080642700 -0.2796643376 0.0845553875 -0.9612051845 0.2625546455
-349.4 270.8 2433.8 0.7525997162 0.6360011101 -0.1705761999 -0.5339680314 0.4378744066 -0.7232870460 -0.3853204250 0.6354278922 0.6691483855
-219.9 178.9 2367.5 -0.5340188742 0.6360011101 0.5570694804 0.8441535830 0.4378744066 0.3093068004 -0.0472069941 0.6354278922 -0.7707158327
-518.6 -130.3 2316.6 0.4884176850 -0.0092943730 -0.8725605011 0.1112508699 0.9924465418 0.0517015457 0.8654891253 -0.1223250628 0.4857624769
-514.9 -518.9 2364.5 0.4998780191 -0.1268762052 -0.8567522168 0.0337869115 0.9913155437 -0.1270904392 0.8654365540 0.0345827043 0.4998235703
-380.1 -118.4 2432.2 -0.8647971749 -0.2320040762 -0.4453088343 -0.3261600435 0.9338331819 0.1468849480 0.3817662895 0.2722676396 -0.8832467794
-289.3 -484.1 2325.5 -0.9233950377 -0.0297172200 -0.3826989532 -0.0055618021 0.9979298115 -0.0640711486 0.3838106990 -0.0570344850 -0.9216487408
-655.7 -160.9 2269.7 0 0 0 0 0 0 0 0 0
-356.6 395.0 2355.4 0 0 0 0 0 0 0 0 0
-483.3 -765.8 2355.9 0 0 0 0 0 0 0 0 0
-280.8 -768.7 2341.8 0 0 0 0 0 0 0 0 0
-419.2 496.2 2367.2 2 0.7339600921 0.1444002986 -0.6636649370 -0.1776382029 0.9839379191 0.0176317468 0.6555511355 0.1049512476 0.7478221655
-453.3 263.9 2342.4 0.7339600921 0.1444002986 -0.6636649370 -0.1776382029 0.9839379191 0.0176317468 0.6555511355 0.1049512476 0.7478221655
-454.4 69.0 2360.2 0.7516453862 0.0056252657 -0.6595434546 0.0557421595 0.9958443642 0.0720198601 0.6572077870 -0.0908977687 0.7482082248
-560.3 256.0 2248.8 0.6834716797 -0.2596901059 -0.6822224855 0.7075176835 0.0056218393 0.7066732645 -0.1796807200 -0.9656756520 0.1875777096
-724.9 85.7 2292.0 -0.2632181048 -0.2596901059 -0.9291271567 0.9617077708 0.0056218393 -0.2740193605 0.0763835236 -0.9656756520 0.2482662201
-346.2 271.9 2436.1 0.7305014729 0.6695518494 -0.1344171762 -0.5411043167 0.4474101663 -0.7120605707 -0.4166218638 0.5928950310 0.6891311407
-220.3 178.6 2364.3 -0.5295966268 0.6695518494 0.5207953453 0.8472446799 0.4474101663 0.2863574624 -0.0412779562 0.5928950310 -0.8042211533
-515.9 -135.9 2313.8 0.4904741943 -0.0054473886 -0.8714386821 0.1088633910 0.9925302863 0.0550675429 0.8646292686 -0.1218769774 0.4874035120
-513.8 -524.7 2361.5 0.5004799366 -0.1211152971 -0.8572344780 0.0376022197 0.9922727346 -0.1182409823 0.8649311662 0.0269433241 0.5011668205
-380.3 -123.1 2432.5 -0.8666241765 -0.2369761169 -0.4390955269 -0.3294995129 0.9326453805 0.1469783485 0.3746900558 0.2720567584 -0.8863365650
-287.4 -488.4 2326.0 -0.9262178540 -0.0250522792 -0.3761554062 -0.0018404555 0.9980781078 -0.0619410723 0.3769842386 -0.0566786304 -0.9244838357
-657.5 -160.6 2272.5 0 0 0 0 0 0 0 0 0
-355.9 395.6 2353.7 0 0 0 0 0 0 0 0 0
-484.4 -765.1 2355.0 0 0 0 0 0 0 0 0 0
-280.4 -768.3 2341.9 0 0 0 0 0 0 0 0 0
-417.3 494.5 2368.2 3 0.7355647087 0.1442871988 -0.6619107127 -0.1781922430 0.9838582277 0.0164466780 0.6535993218 0.1058497578 0.7494022250
-450.8 265.6 2343.6 0.7355647087 0.1442871988 -0.6619107127 -0.1781922430 0.9838582277 0.0164466780 0.6535993218 0.1058497578 0.7494022250
-454.2 70.9 2363.3 0.7544530630 0.0172710307 -0.6561266780 0.0531362146 0.9947653413 0.0872840658 0.6541995406 -0.1007158235 0.7495860457
-558.3 258.1 2250.4 0.6889277101 -0.2614719272 -0.6760259271 0.7028915882 0.0132710077 0.7111731768 -0.1769802719 -0.9651198387 0.1929291785
-723.0 90.1 2292.7 -0.2541530430 -0.2614719272 -0.9311491251 0.9636725187 0.0132710077 -0.2667567432 0.0821066871 -0.9651198387 0.2486004382
-343.3 273.2 2436.8 0.7169505358 0.6879733801 -0.1125813499 -0.5493225455 0.4580987096 -0.6988493204 -0.4292163253 0.5628838539 0.7063533664
-221.4 179.8 2363.8 -0.5219007134 0.6879733801 0.5042938590 0.8512382507 0.4580987096 0.2560058534 -0.0548911653 0.5628838539 -0.8247112632
-523.4 -131.0 2318.6 0.4946394861 -0.0128343357 -0.8690034747 0.1095538512 0.9928358793 0.0476951711 0.8621657491 -0.1187945977 0.4925018847
-518.3 -519.9 2365.2 0.5056532621 -0.1390841901 -0.8514519334 0.0401653461 0.9896446466 -0.1378048211 0.8618013263 0.0354825966 0.5060033798
-387.5 -120.9 2437.4 -0.8610362411 -0.2515178919 -0.4419901669 -0.3475228846 0.9255444407 0.1503173858 0.3712740242 0.2830304205 -0.8843355775
-289.0 -483.4 2326.6 -0.9269237518 -0.0298864357 -0.3740576804 -0.0072386442 0.9980619550 -0.0618055537 0.3751798868 -0.0545813665 -0.9253436923
-657.9 -156.7 2271.6 0 0 0 0 0 0 0 0 0
-355.0 397.7 2349.8 0 0 0 0 0 0 0 0 0
-483.8 -765.8 2356.3 0 0 0 0 0 0 0 0 0
-280.5 -768.5 2342.2 0 0 0 0 0 0 0 0 0
-417.4 497.3 2367.3 4 0.7208626866 0.1373139620 -0.6793392897 -0.1662431210 0.9858198166 0.0228580404 0.6728448868 0.0964579731 0.7334682345
-450.0 263.3 2344.4 0.7208626866 0.1373139620 -0.6793392897 -0.1662431210 0.9858198166 0.0228580404 0.6728448868 0.0964579731 0.7334682345
-453.5 68.3 2362.4 0.7377563715 0.0183687508 -0.6748171449 0.0487640500 0.9955681562 0.0804119036 0.6733035445 -0.0922312066 0.7335910201
-555.1 256.3 2248.4 0.6971435547 -0.2804495692 -0.6598021388 0.6906419992 0.0157720987 0.7230247855 -0.1923655421 -0.9597391486 0.2046856731
-722.4 90.6 2294.6 -0.2513614595 -0.2804495692 -0.9263722301 0.9637659192 0.0157720987 -0.2662826777 0.0892897025 -0.9597391486 0.2663232386
-344.9 270.2 2440.3 0.7241487503 0.6847059727 -0.0823790878 -0.5212319493 0.4651746154 -0.7154927254 -0.4515814781 0.5610617995 0.6937462687
-219.4 179.9 2362.0 -0.5302479267 0.6847059727 0.5000149012 0.8460959792 0.4651746154 0.2602578700 -0.0543941036 0.5610617995 -0.8259848356
-525.8 -128.7 2323.9 0.4728410244 -0.0259907395 -0.8807643652 0.0975617990 0.9949632883 0.0230156798 0.8757300377 -0.0968117192 0.4729951620
-515.6 -518.3 2361.8 0.4811215997 -0.1301214993 -0.8669431210 0.0406206474 0.9911697507 -0.1262239963 0.8757122755 0.0255132969 0.4821587801
-389.4 -119.1 2442.2 -0.8674688935 -0.2604925931 -0.4238411188 -0.3589932024 0.9175785780 0.1708022058 0.3444148302 0.3003216982 -0.8894859552
-287.4 -478.4 2324.6 -0.9380066991 -0.0229169279 -0.3458586931 -0.0013550543 0.9980467558 -0.0624564774 0.3466144502 -0.0581159368 -0.9362056255
-658.0 -156.2 2271.7 0 0 0 0 0 0 0 0 0
-355.2 396.6 2348.1 0 0 0 0 0 0 0 0 0
-482.9 -767.1 2355.4 0 0 0 0 0 0 0 0 0
-280.7 -768.7 2341.5 0 0 0 0 0 0 0 0 0
-419.2 500.3 2367.3 5 0.7332157493 0.1228407696 -0.6688085198 -0.1517460495 0.9883031845 0.0151632782 0.6628482938 0.0903711021 0.7432800531
-448.9 261.3 2345.4 0.7332157493 0.1228407696 -0.6688085198 -0.1517460495 0.9883031845 0.0151632782 0.6628482938 0.0903711021 0.7432800531
-450.5 66.1 2360.9 0.7462915182 0.0080777919 -0.6655701995 0.0465252995 0.9968476295 0.0642663464 0.6639912724 -0.0789272785 0.7435631156
-555.3 254.7 2250.8 0.7021695971 -0.2796905041 -0.6547756195 0.6866099834 0.0225492883 0.7266761661 -0.1884797066 -0.9598253965 0.2078717202
-722.0 91.7 2295.6 -0.2419520319 -0.2796905041 -0.9291030169 0.9658023119 0.0225492883 -0.2582971454 0.0931938738 -0.9598253965 0.2646698952
-342.6 268.0 2440.0 0.7192617655 0.6916438341 -0.0655083582 -0.5115472674 0.4634424448 -0.7235609889 -0.4700871110 0.5539403558 0.6871449351
-217.4 178.9 2358.2 -0.5429198742 0.6916438341 0.4763053954 0.8394297361 0.4634424448 0.2838640511 -0.0244073160 0.5539403558 -0.8321985006
-523.8 -131.0 2319.6 0.4832360148 -0.0205597077 -0.8752486706 0.1062350348 0.9937138557 0.0353112556 0.8690207601 -0.1100457460 0.4823825061
-515.7 -520.2 2362.7 0.4933815897 -0.1313121915 -0.8598440289 0.0385003202 0.9908669591 -0.1292299181 0.8689604998 0.0306553897 0.4939310849
-390.5 -122.2 2441.3 -0.8617231846 -0.2618169785 -0.4346090853 -0.3637368083 0.9159682989 0.1694037020 0.3537353575 0.3040624261 -0.8845435977
-287.9 -481.0 2322.2 -0.9357056618 -0.0299807992 -0.3515053689 -0.0038559793 0.9971919656 -0.0747884735 0.3527605534 -0.0686246008 -0.9331938028
-660.0 -155.7 2271.7 0 0 0 0 0 0 0 0 0
-356.3 393.8 2351.9 0 0 0 0 0 0 0 0 0
-483.2 -765.6 2355.1 0 0 0 0 0 0 0 0 0
-279.2 -769.7 2342.1 0 0 0 0 0 0 0 0 0
-421.5 498.7 2368.3 6 0.7535563111 0.1241114512 -0.6455611587 -0.1621602774 0.9867643118 0.0004211094 0.6370689869 0.1043670475 0.7637084723
-450.9 265.2 2343.6 0.7535563111 0.1241114512 -0.6455611587 -0.1621602774 0.9867643118 0.0004211094 0.6370689869 0.1043670475 0.7637084723
-453.9 70.0 2358.8 0.7676167488 0.0150092505 -0.6407333612 0.0383178741 0.9968626499 0.0692575201 0.6397626400 -0.0777147710 0.7646333575
-560.2 259.7 2252.4 0.6764387488 -0.2875654101 -0.6780388951 0.7129250169 0.0246019065 0.7008085847 -0.1848472655 -0.9574449658 0.2216542512
-721.1 90.2 2296.4 -0.2440220565 -0.2875654101 -0.9261530042 0.9647969604 0.0246019065 -0.2618426979 0.0980820283 -0.9574449658 0.2714388371
-341.6 270.6 2434.7 0.7175157070 0.6908842921 -0.0886010453 -0.5195163488 0.4460816979 -0.7287756205 -0.4639762938 0.5689375997 0.6789963245
-215.0 179.0 2352.8 -0.5464038849 0.6908842921 0.4734149277 0.8374935985 0.4460816979 0.3156193793 0.0068747327 0.5689375997 -0.8223519325
-519.5 -133.3 2316.3 0.5116093159 -0.0051360200 -0.8592028618 0.1246087030 0.9898537397 0.0682808086 0.8501344323 -0.1419972479 0.5070583820
-517.5 -520.7 2371.9 0.5295225382 -0.1358655840 -0.8373448253 0.0172133204 0.9886083007 -0.1495238096 0.8481211662 0.0647627413 0.5258290768
-384.7 -124.9 2436.3 -0.8556739092 -0.2490087599 -0.4536703527 -0.3474795520 0.9260802269 0.1470827460 0.3835102618 0.2834960222 -0.8789481521
-287.2 -487.5 2325.3 -0.9222187400 -0.0254450049 -0.3858305216 -0.0001093368 0.9978495836 -0.0655454993 0.3866686225 -0.0604051016 -0.9202383161
-658.6 -156.9 2271.3 0 0 0 0 0 0 0 0 0
-354.8 393.3 2354.6 0 0 0 0 0 0 0 0 0
-484.0 -764.6 2355.9 0 0 0 0 0 0 0 0 0
-279.9 -770.4 2342.4 0 0 0 0 0 0 0 0 0
-421.1 496.4 2360.8 7 0.7772071362 0.1258666962 -0.6165279150 -0.1477830708 0.9888969064 0.0155891301 0.6116446853 0.0789964050 0.7871786952
-450.4 266.1 2342.4 0.7772071362 0.1258666962 -0.6165279150 -0.1477830708 0.9888969064 0.0155891301 0.6116446853 0.0789964050 0.7871786952
-455.1 71.0 2359.2 0.7908857465 0.0237642974 -0.6115022302 0.0336718261 0.9960420728 0.0822577700 0.6110367775 -0.0856468901 0.7869553566
-563.0 261.3 2255.4 0.6636987329 -0.2898106873 -0.6895750761 0.7253514528 0.0242227651 0.6879523993 -0.1826725453 -0.9567773938 0.2262912244
-720.3 89.5 2298.7 -0.2228273153 -0.2898106873 -0.9307833910 0.9705008864 0.0242227651 -0.2398776412 0.0920652524 -0.9567773938 0.2758640349
-337.8 270.9 2429.4 0.7138611674 0.6908292174 -0.1147048995 -0.5310258269 0.4272271693 -0.7317708135 -0.4565236270 0.5832940340 0.6718290448
-213.8 178.6 2350.1 -0.5381163359 0.6908292174 0.4828931689 0.8426297307 0.4272271693 0.3277988136 0.0201479103 0.5832940340 -0.8120111823
-526.1 -128.7 2316.2 0.5436815023 -0.0210649036 -0.8390272260 0.1325220019 0.9892990589 0.0610352866 0.8287631273 -0.1443733275 0.5406551361
-517.9 -516.0 2372.8 0.5628165007 -0.1356064826 -0.8153824210 0.0199422054 0.9883913994 -0.1506145895 0.8263412714 0.0685078502 0.5589872599
-387.5 -121.8 2431.8 -0.8411104083 -0.2572362125 -0.4757759571 -0.3497516811 0.9296740294 0.1156720147 0.4125615060 0.2636963725 -0.8719273210
-286.7 -485.8 2328.6 -0.9063133597 -0.0187762249 -0.4221889973 0.0036339376 0.9986293316 -0.0522135235 0.4225907028 -0.0488560200 -0.9050028920
-663.2 -159.0 2275.1 0 0 0 0 0 0 0 0 0
-351.6 394.3 2355.2 0 0 0 0 0 0 0 0 0
-483.6 -766.2 2355.4 0 0 0 0 0 0 0 0 0
-281.4 -768.6 2342.4 0 0 0 0 0 0 0 0 0
-421.0 494.8 2356.5 8 0.7917100191 0.1291375160 -0.5970919132 -0.1416966915 0.9895649552 0.0261388253 0.5942367315 0.0639115721 0.8017468452
-450.7 266.7 2341.8 0.7917100191 0.1291375160 -0.5970919132 -0.1416966915 0.9895649552 0.0261388253 0.5942367315 0.0639115721 0.8017468452
-457.3 72.2 2363.0 0.8063789010 0.0341280513 -0.5904136896 0.0364806838 0.9935619235 0.1072562933 0.5902730227 -0.1080279052 0.7999423146
-565.6 261.6 2257.7 0.6580513716 -0.2780339420 -0.6997610331 0.7313488722 0.0148879699 0.6818410158 -0.1791569293 -0.9604558945 0.2131368667
-721.0 88.9 2300.0 -0.1997445971 -0.2780339420 -0.9395739436 0.9771272540 0.0148879699 -0.2121336460 0.0729687065 -0.9604558945 0.2687007487
-335.9 271.8 2425.8 0.7252964377 0.6753001809 -0.1338461339 -0.5392308831 0.4363936782 -0.7202712297 -0.4279896617 0.5945841074 0.6806574464
-213.5 180.8 2353.6 -0.5483414531 0.6753001809 0.4932456911 0.8362055421 0.4363936782 0.3321457803 0.0090488046 0.5945841074 -0.8039824963
-531.1 -127.0 2320.8 0.5666276813 -0.0397602394 -0.8230140805 0.1192639992 0.9922742844 0.0341734327 0.8152970076 -0.1175195649 0.5669920444
-515.5 -515.4 2366.8 0.5790686607 -0.1260367483 -0.8054776192 0.0372392088 0.9910359979 -0.1283001304 0.8144278526 0.0442992337 0.5785713792
-388.3 -121.0 2431.2 -0.8304296732 -0.2541017532 -0.4958012402 -0.3462431431 0.9325861931 0.1019739509 0.4364656210 0.2563499808 -0.8624282479
-288.7 -486.2 2330.8 -0.8932814598 -0.0241647419 -0.4488477409 -0.0027518538 0.9988291860 -0.0482976027 0.4494893253 -0.0419081897 -0.8923020959
-669.8 -161.3 2281.4 0 0 0 0 0 0 0 0 0
-353.9 394.9 2355.9 0 0 0 0 0 0 0 0 0
-483.6 -766.9 2355.6 0 0 0 0 0 0 0 0 0
-281.9 -767.7 2342.6 0 0 0 0 0 0 0 0 0
-422.1 493.5 2355.9 9 0.7929859161 0.1230544299 -0.5966832638 -0.1372817457 0.9902924895 0.0217827354 0.5935714245 0.0646403134 0.8021811247
-450.5 265.0 2341.0 0.7929859161 0.1230544299 -0.5966832638 -0.1372817457 0.9902924895 0.0217827354 0.5935714245 0.0646403134 0.8021811247
-451.3 70.1 2359.0 0.8050484061 0.0040205135 -0.5931954980 0.0512435772 0.9957677126 0.0762936696 0.5909916759 -0.0918175578 0.8014352322
-565.2 257.7 2256.8 0.6618767977 -0.2635817826 -0.7017433643 0.7266710997 -0.0042178170 0.6869726181 -0.1840332896 -0.9646278024 0.1887455881
-720.7 87.0 2300.0 -0.1835858524 -0.2635817826 -0.9470062852 0.9819328189 -0.0042178170 -0.1891827285 0.0458708219 -0.9646278024 0.2595939338
-335.8 272.2 2425.2 0.7280887365 0.6745735407 -0.1218083650 -0.5262674689 0.4362182319 -0.7299014926 -0.4392372370 0.5955368280 0.6726117134
-210.9 181.9 2349.8 -0.5628595352 0.6745735407 0.4776396453 0.8259094954 0.4362182319 0.3571934104 0.0325981118 0.5955368280 -0.8026663065
-536.8 -125.6 2330.9 0.5644544959 -0.0543848202 -0.8236706853 0.0990793183 0.9950771332 0.0021958724 0.8194964528 -0.0828481987 0.5670641661
-515.5 -515.0 2363.3 0.5712177157 -0.1300851256 -0.8104246855 0.0524411798 0.9911279678 -0.1221281588 0.8191215992 0.0272621419 0.5729717016
-391.1 -119.1 2437.5 -0.8261327744 -0.2577198446 -0.5010839701 -0.3554523587 0.9283701181 0.1085475236 0.4372165501 0.2677861452 -0.8585640788
-290.2 -482.7 2332.6 -0.8911748528 -0.0261401664 -0.4529061913 -0.0075793373 0.9990571141 -0.0427483767 0.4535966218 -0.0346635506 -0.8905327320
-673.7 -164.3 2288.3 0 0 0 0 0 0 0 0 0
-354.9 393.3 2358.1 0 0 0 0 0 0 0 0 0
-482.5 -766.8 2356.4 0 0 0 0 0 0 0 0 0
-282.6 -770.5 2342.6 0 0 0 0 0 0 0 0 0
-422.8 495.5 2354.1 0 0.7863401175 0.1184326261 -0.6063356400 -0.1333623230 0.9908535480 0.0205847062 0.6032277346 0.0646757558 0.7949423790
-450.6 263.2 2338.9 0.7863401175 0.1184326261 -0.6063356400 -0.1333623230 0.9908535480 0.0205847062 0.6032277346 0.0646757558 0.7949423790
-452.0 68.5 2359.6 0.7984318137 0.0071626864 -0.6020426154 0.0577684082 0.9944046140 0.0884434730 0.5993074775 -0.1053951308 0.7935504913
-564.4 255.0 2253.5 0.6630481482 -0.3119103611 -0.6804991364 0.7143509388 -0.0080919871 0.6997408867 -0.2237630039 -0.9500770569 0.2174480706
-720.1 87.2 2306.1 -0.1787530929 -0.3119103611 -0.9331448078 0.9826065898 -0.0080919871 -0.1855231673 0.0503156036 -0.9500770569 0.3079316318
-336.8 271.4 2424.3 0.7311000824 0.6733713150 -0.1098350361 -0.5185617208 0.4438096583 -0.7308397293 -0.4433806837 0.5912732482 0.6736538410
-210.3 181.6 2347.6 -0.5647041202 0.6733713150 0.4771586061 0.8249471188 0.4438096583 0.3499932885 0.0239078458 0.5912732482 -0.8061168194
-524.7 -129.4 2323.6 0.5565131903 -0.0265285056 -0.8304151297 0.0801187232 0.9965456724 0.0218568500 0.8269667625 -0.0786954239 0.5567162633
-514.3 -519.4 2354.4 0.5569042563 -0.1244174168 -0.8212051392 0.0770219266 0.9921925068 -0.0980902091 0.8269976974 -0.0086239483 0.5621390939
-379.3 -120.2 2430.4 -0.8373111486 -0.2266587466 -0.4975297749 -0.3264420331 0.9372592568 0.1223957762 0.4385722876 0.2648979723 -0.8587685227
-290.5 -487.1 2326.7 -0.8956329823 -0.0283024758 -0.4438924193 -0.0006181758 0.9980517626 -0.0623882599 0.4447933733 -0.0556025840 -0.8939055800
-674.3 -164.4 2293.2 0 0 0 0 0 0 0 0 0
-354.9 392.9 2353.7 0 0 0 0 0 0 0 0 0
-483.4 -766.3 2356.5 0 0 0 0 0 0 0 0 0
-282.5 -769.1 2342.4 0 0 0 0 0 0 0 0 0
-421.9 494.7 2354.2 1 0.8108680248 0.1256307364 -0.5715854764 -0.1360818297 0.9903913140 0.0246318318 0.5691878200 0.0578092337 0.8201727271
-451.0 265.3 2340.8 0.8108680248 0.1256307364 -0.5715854764 -0.1360818297 0.9903913140 0.0246318318 0.5691878200 0.0578092337 0.8201727271
-453.5 70.3 2358.0 0.8230754733 0.0124713220 -0.5677950978 0.0395110883 0.9960790873 0.0791536123 0.5665559769 -0.0875836015 0.8193554878
-568.2 259.7 2260.2 0.6472561955 -0.3228308856 -0.6905357838 0.7315842509 0.0086320732 0.6816963553 -0.2141118944 -0.9464173317 0.2417651564
-720.0 88.1 2310.4 -0.1793594062 -0.3228308856 -0.9293064475 0.9812806845 0.0086320732 -0.1923893243 0.0701310560 -0.9464173317 0.3152394593
-333.8 271.0 2421.4 0.7194759250 0.6853982806 -0.1121766493 -0.5274891853 0.4342030585 -0.7302210927 -0.4517848194 0.5845484734 0.6739388108
-210.4 180.5 2344.0 -0.5584220886 0.6853982806 0.4673264325 0.8286274672 0.4342030585 0.3533330262 0.0392592810 0.5845484734 -0.8104084134
-525.5 -131.4 2326.1 0.5904986858 -0.0289416388 -0.8065195084 0.0808389559 0.9964517951 0.0234294981 0.8029797077 -0.0790332779 0.5907430649
-514.2 -521.5 2357.0 0.5909636617 -0.1284656823 -0.7964035273 0.0772794634 0.9917135239 -0.1026261300 0.8029880524 -0.0008973270 0.5959944129
-381.2 -121.0 2434.4 -0.8184829950 -0.2262735963 -0.5280963778 -0.3403238058 0.9315094352 0.1283350438 0.4628879428 0.2847638428 -0.8394309282
-292.7 -485.7 2322.9 -0.8835545778 -0.0375230461 -0.4668225944 -0.0023448477 0.9971270561 -0.0757106543 0.4683223367 -0.0657998696 -0.8811041713
-674.0 -163.1 2292.4 0 0 0 0 0 0 0 0 0
-353.4 392.7 2354.0 0 0 0 0 0 0 0 0 0
-482.7 -765.1 2357.2 0 0 0 0 0 0 0 0 0
-281.9 -771.7 2341.8 0 0 0 0 0 0 0 0 0
-420.7 493.8 2353.2 2 0.8029198050 0.1282526106 -0.5821262598 -0.1412017941 0.9897068143 0.0232917946 0.5791215897 0.0634958372 0.8127647042
-450.6 263.1 2338.4 0.8029198050 0.1282526106 -0.5821262598 -0.1412017941 0.9897068143 0.0232917946 0.5791215897 0.0634958372 0.8127647042
-453.0 68.4 2358.9 0.8164818883 0.0120773632 -0.5772447586 0.0505544394 0.9944458604 0.0923127830 0.5751535296 -0.1045539975 0.8113364577
-566.9 255.9 2256.5 0.6571615338 -0.3674345911 -0.6581265330 0.7104322314 0.0102077778 0.7036915421 -0.2518426180 -0.9299933314 0.2677455544
-721.3 89.0 2315.7 -0.1823373288 -0.3674345911 -0.9120004773 0.9797439575 0.0102077778 -0.1999939531 0.0827941969 -0.9299933314 0.3581305742
-334.3 270.4 2420.3 0.7228099704 0.6808890700 -0.1180501655 -0.5269721746 0.4325822890 -0.7315551043 -0.4470414519 0.5909844637 0.6714844108
-209.9 179.7 2343.4 -0.5592491627 0.6808890700 0.4728958607 0.8281205297 0.4325822890 0.3564953208 0.0381673835 0.5909844637 -0.8057795167
-530.3 -128.3 2324.0 0.5814779997 -0.0390739255 -0.8126232624 0.0862388611 0.9961788058 0.0138088409 0.8089784980 -0.0781092420 0.5826257467
-515.0 -518.4 2354.6 0.5819243193 -0.1314423978 -0.8025502563 0.0828980654 0.9912988544 -0.1022469327 0.8090068102 -0.0070298868 0.5877572894
-381.7 -121.1 2426.3 -0.8233831525 -0.2261979580 -0.5204561949 -0.3330782354 0.9351668954 0.1205061451 0.4594551325 0.2725753486 -0.8453423381
-293.1 -487.3 2319.6 -0.8876229525 -0.0387319177 -0.4589393735 0.0006697115 0.9963480830 -0.0853814781 0.4605703652 -0.0760939196 -0.8843554854
-674.6 -161.8 2294.5 0 0 0 0 0 0 0 0 0
-353.1 391.7 2353.2 0 0 0 0 0 0 0 0 0
-482.2 -765.7 2356.3 0 0 0 0 0 0 0 0 0
-282.1 -770.2 2341.2 0 0 0 0 0 0 0 0 0
-420.4 492.3 2352.8 3 0.8022780418 0.1252754033 -0.5836575031 -0.1357954293 0.9903978705 0.0259172600 0.5812999010 0.0584651679 0.8115862608
-449.4 263.7 2339.3 0.8022780418 0.1252754033 -0.5836575031 -0.1357954293 0.9903978705 0.0259172600 0.5812999010 0.0584651679 0.8115862608
-450.1 69.1 2361.2 0.8151215911 0.0034633398 -0.5792795420 0.0621464998 0.9936882257 0.0933891684 0.5759466887 -0.1121237278 0.8097615242
-565.5 254.8 2257.2 0.6651950479 -0.3770644069 -0.6444671750 0.6995937228 0.0131165404 0.7144204378 -0.2609293461 -0.9260941744 0.2725169659
-721.7 90.5 2318.5 -0.1660372019 -0.3770644069 -0.9111827612 0.9827440381 0.0131165404 -0.1845050752 0.0815218687 -0.9260941744 0.3683799803
-333.2 272.5 2421.3 0.7079544663 0.6997252107 -0.0958389565 -0.5365499854 0.4446230829 -0.7172338963 -0.4592544138 0.5591912866 0.6902104616
-210.5 179.5 2341.7 -0.5612485409 0.6997252107 0.4420233965 0.8264119029 0.4446230829 0.3454760015 0.0452044755 0.5591912866 -0.8278053403
-529.2 -130.9 2327.5 0.5797245502 -0.0344263352 -0.8140849471 0.0909790620 0.9955943823 0.0226857495 0.8097174168 -0.0872161686 0.5803025365
-515.7 -520.8 2361.6 0.5837152600 -0.1314594895 -0.8012458682 0.0627097040 0.9911579490 -0.1169335246 0.8095331788 0.0180099905 0.5867977738
-381.7 -121.7 2431.4 -0.8207122684 -0.2252741158 -0.5250551701 -0.3384654820 0.9320737720 0.1291496456 0.4602960646 0.2837077379 -0.8412119150
-293.5 -486.7 2320.2 -0.8865637779 -0.0404419079 -0.4608352184 -0.0017536093 0.9964579940 -0.0840733796 0.4626030326 -0.0737282932 -0.8834944963
-679.2 -161.1 2297.6 0 0 0 0 0 0 0 0 0
-354.2 391.2 2353.2 0 0 0 0 0 0 0 0 0
-483.3 -765.5 2357.2 0 0 0 0 0 0 0 0 0
-282.0 -768.9 2341.1 0 0 0 0 0 0 0 0 0
-419.0 492.9 2352.5 4 0.7979403138 0.1323573291 -0.5880244970 -0.1444202811 0.9891569018 0.0266713668 0.5851786733 0.0636404976 0.8084032536
-449.6 264.7 2337.8 0.7979403138 0.1323573291 -0.5880244970 -0.1444202811 0.9891569018 0.0266713668 0.5851786733 0.0636404976 0.8084032536
-453.0 69.9 2358.2 0.8123605847 0.0173329413 -0.5828977823 0.0466662273 0.9944203496 0.0946066976 0.5812852383 -0.1040563956 0.8070190549
-565.3 258.0 2255.0 0.6569753289 -0.3748337030 -0.6541277170 0.7060372829 0.0016371341 0.7081727982 -0.2643761337 -0.9270906448 0.2657221258
-721.5 90.2 2317.8 -0.1700388342 -0.3748337030 -0.9113652110 0.9829133749 0.0016371341 -0.1840613484 0.0704844221 -0.9270906448 0.3681506813
