-135.8 442.6 2693.2 6 0.9592320919 -0.0394967310 -0.2798459530 0.0234116372 0.9978880882 -0.0605909117 0.2816480994 0.0515690967 0.9581309557
-128.0 246.3 2683.0 0.9592320919 -0.0394967310 -0.2798459530 0.0234116372 0.9978880882 -0.0605909117 0.2816480994 0.0515690967 0.9581309557
-120.9 52.5 2674.0 0.9592839479 -0.0365111902 -0.2800736427 0.0220503639 0.9982641935 -0.0546115376 0.2815814018 0.0462122448 0.9584239125
-259.1 243.3 2644.5 0.3961834908 -0.7968150973 -0.4562064409 0.3602093160 0.5919160247 -0.7210302949 0.8445637226 0.1213304996 0.5215275884
-359.6 151.9 2430.3 -0.6022855639 -0.7968150973 0.0483502820 -0.7620134950 0.5919160247 0.2626230121 -0.2378813028 0.1213304996 -0.9636863470
3.0 249.3 2721.5 0.2696487010 0.6183209419 0.7382199764 -0.9576201439 0.2527952790 0.1380515248 -0.1012583822 -0.7441597581 0.6602824926
75.8 -9.0 2694.2 0.0817427188 0.6151279807 0.7841783762 -0.9448923469 0.2980970442 -0.1353387982 -0.3170119226 -0.7299011946 0.6055969596
-198.3 -142.4 2641.4 0.9591664672 0.0341013707 0.2807789445 -0.0288895294 0.9993252158 -0.0226815250 -0.2813629508 0.0136437863 0.9595044255
-211.5 -530.3 2636.1 0.9584445953 -0.0375912003 0.2827912867 0.0044818236 0.9931420684 0.1168275923 -0.2852436304 -0.1107053533 0.9520401359
-26.7 -138.0 2692.5 0.9809540510 0.1167804673 0.1552142352 -0.1019382477 0.9897120595 -0.1003922001 -0.1653412580 0.0826578662 0.9827664495
-72.0 -522.2 2660.5 0.9804623723 -0.1030865535 0.1675312370 0.1023156121 0.9946637154 0.0132503277 -0.1680031717 0.0041496134 0.9857777357
-253.5 286.1 2472.1 0 0 0 0 0 0 0 0 0
97.3 -258.2 2610.6 0 0 0 0 0 0 0 0 0
-200.2 -828.4 2669.4 0 0 0 0 0 0 0 0 0
-39.2 -839.0 2659.1 0 0 0 0 0 0 0 0 0
-135.7 443.5 2694.1 7 0.9600964189 -0.0381464139 -0.2770554423 0.0214590132 0.9977817535 -0.0630165339 0.2788447142 0.0545566119 0.9587852955
-128.2 246.7 2683.3 0.9600964189 -0.0381464139 -0.2770554423 0.0214590132 0.9977817535 -0.0630165339 0.2788447142 0.0545566119 0.9587852955
-121.3 52.9 2673.7 0.9601395726 -0.0354526117 -0.2772637010 0.0202893857 0.9981468916 -0.0573687479 0.2787837684 0.0494564921 0.9590795636
-259.4 243.9 2645.2 0.3915085793 -0.7966242433 -0.4605549574 0.3532688022 0.5922782421 -0.7241599560 0.8496600389 0.1208151355 0.5133044720
-358.9 154.1 2429.2 -0.6010315418 -0.7966242433 0.0644277930 -0.7548014522 0.5922782421 0.2819241881 -0.2627468407 0.1208151355 -0.9572710395
2.9 249.4 2721.4 0.2814115882 0.6176490784 0.7343821526 -0.9556105733 0.2499841899 0.1559370458 -0.0872695595 -0.7456658483 0.6605803967
79.5 -10.3 2697.7 0.0697444230 0.6147550941 0.7856283188 -0.9410346150 0.3018929064 -0.1526908875 -0.3310431242 -0.7286541462 0.5995611548
-199.8 -143.2 2639.9 0.9582849145 0.0296484157 0.2842727005 -0.0292177238 0.9995564818 -0.0057563097 -0.2843172848 -0.0027896168 0.9587261677
-211.3 -531.2 2640.9 0.9575598836 -0.0372943580 0.2858114243 0.0080946414 0.9946823120 0.1026723608 -0.2881206572 -0.0960013941 0.9527697563
-27.9 -139.2 2690.3 0.9803968668 0.1141751483 0.1605801880 -0.1020162404 0.9913929701 -0.0820526630 -0.1685664356 0.0640623868 0.9836062789
-72.2 -524.0 2665.4 0.9801173806 -0.1038983762 0.1690414548 0.1061024666 0.9943470359 -0.0040335204 -0.1676667929 0.0218890384 0.9856007099
-254.6 285.0 2474.8 0 0 0 0 0 0 0 0 0
97.9 -259.6 2610.0 0 0 0 0 0 0 0 0 0
-200.4 -822.4 2669.1 0 0 0 0 0 0 0 0 0
-39.5 -837.5 2658.5 0 0 0 0 0 0 0 0 0
-136.2 441.8 2694.0 8 0.9655423760 -0.0391439348 -0.2572852075 0.0236085653 0.9977217913 -0.0631971359 0.2591728270 0.0549453795 0.9642667770
-128.5 245.3 2683.2 0.9655423760 -0.0391439348 -0.2572852075 0.0236085653 0.9977217913 -0.0631971359 0.2591728270 0.0549453795 0.9642667770
-121.5 51.5 2673.3 0.9656208158 -0.0359411165 -0.2574581206 0.0215236843 0.9980494380 -0.0586009510 0.2590621114 0.0510448515 0.9645108581
-260.4 242.3 2647.8 0.3919237256 -0.7883981466 -0.4741562307 0.3468739390 0.6039842367 -0.7175524235 0.8520998955 0.1167533770 0.5101905465
-358.2 155.8 2435.3 -0.6113934517 -0.7883981466 0.0680172965 -0.7483375669 0.6039842367 0.2742150128 -0.2572720051 0.1167533770 -0.9592599869
3.4 248.2 2718.6 0.2619065940 0.6076875329 0.7497471571 -0.9615337253 0.2309666723 0.1486853659 -0.0828123689 -0.7598488331 0.6448037028
73.3 -8.3 2696.5 0.0669521615 0.6045411825 0.7937552333 -0.9441711903 0.2955906689 -0.1454887092 -0.3225805461 -0.7397000194 0.5905807614
-200.5 -142.6 2639.1 0.9520833492 0.0324952193 0.3041073978 -0.0346092507 0.9993997216 0.0015625464 -0.3038740754 -0.0120126037 0.9526364803
-213.1 -530.6 2643.8 0.9512500167 -0.0400571302 0.3058085144 0.0117696691 0.9955223799 0.0937903076 -0.3081961870 -0.0856187642 0.9474621415
-28.4 -139.0 2689.1 0.9774396420 0.1089285314 0.1809595972 -0.0954702497 0.9920893312 -0.0815122500 -0.1884070933 0.0623970442 0.9801068306
-70.7 -524.1 2664.9 0.9771209955 -0.0968268067 0.1893650740 0.0984203592 0.9951444268 0.0009931080 -0.1885417551 0.0176669918 0.9819062352
-241.7 298.4 2484.3 0 0 0 0 0 0 0 0 0
91.1 -259.0 2610.8 0 0 0 0 0 0 0 0 0
-201.2 -825.6 2669.2 0 0 0 0 0 0 0 0 0
-40.1 -839.3 2659.3 0 0 0 0 0 0 0 0 0
-135.9 439.4 2695.0 9 0.9672556520 -0.0386622697 -0.2508421242 0.0227131713 0.9975498319 -0.0661695004 0.2527857721 0.0583054051 0.9657638669
-128.3 243.1 2683.5 0.9672556520 -0.0386622697 -0.2508421242 0.0227131713 0.9975498319 -0.0661695004 0.2527857721 0.0583054051 0.9657638669
-121.5 49.3 2673.2 0.9673359394 -0.0351127498 -0.2510542870 0.0205407515 0.9979610443 -0.0604305565 0.2526642680 0.0532998033 0.9660848379
-260.4 240.3 2649.0 0.3935750127 -0.7906071544 -0.4690831304 0.3445742428 0.5999360681 -0.7220424414 0.8522718549 0.1225439012 0.5085427165
-357.6 155.2 2438.7 -0.6102775335 -0.7906071544 0.0500158370 -0.7556774020 0.5999360681 0.2627324760 -0.2377244979 0.1225439012 -0.9635714889
3.8 245.9 2718.0 0.2618606985 0.6034879684 0.7531475425 -0.9616214037 0.2294038534 0.1505261511 -0.0819342136 -0.7636597157 0.6403988004
73.1 -8.4 2696.4 0.0466723293 0.6017619371 0.7973106503 -0.9440310001 0.2874922454 -0.1617208570 -0.3265380859 -0.7451381087 0.5814998746
-201.0 -144.1 2640.2 0.9503231645 0.0295913462 0.3098551035 -0.0247632507 0.9995030761 -0.0195044391 -0.3102782965 0.0108625004 0.9505836964
-212.5 -532.1 2636.0 0.9494984150 -0.0414264128 0.3110251725 0.0057821725 0.9933878779 0.1146605983 -0.3137186468 -0.1070716530 0.9434597492
-28.1 -140.3 2686.6 0.9751749039 0.1164665520 0.1883334070 -0.1038004979 0.9917050600 -0.0758061185 -0.1956000626 0.0543751232 0.9791751504
-73.3 -525.2 2665.5 0.9744477272 -0.1077922434 0.1970596164 0.1091688424 0.9940155745 0.0038964944 -0.1963003427 0.0177158415 0.9803837538
-243.3 296.8 2483.2 0 0 0 0 0 0 0 0 0
85.5 -259.3 2609.6 0 0 0 0 0 0 0 0 0
-200.3 -824.7 2667.5 0 0 0 0 0 0 0 0 0
-39.1 -840.6 2659.9 0 0 0 0 0 0 0 0 0
-134.9 437.9 2684.5 0 0.9781805873 -0.0329778977 -0.2051225156 0.0256123357 0.9989318252 -0.0384608358 0.2061717659 0.0323679745 0.9779803157
-128.4 241.2 2678.1 0.9781805873 -0.0329778977 -0.2051225156 0.0256123357 0.9989318252 -0.0384608358 0.2061717659 0.0323679745 0.9779803157
-122.5 47.3 2671.6 0.9782822132 -0.0299896374 -0.2050963789 0.0223868433 0.9989770055 -0.0392903462 0.2060648799 0.0338455886 0.9779528379
-261.9 238.2 2650.0 0.3805992007 -0.8023699522 -0.4597246051 0.3313426375 0.5824568272 -0.7422641516 0.8633401990 0.1301787943 0.4875419736
-355.5 156.8 2437.8 -0.5957102776 -0.8023699522 0.0364934318 -0.7682485580 0.5824568272 0.2655902207 -0.2343574613 0.1301787943 -0.9633950591
5.1 244.2 2706.2 0.2590777576 0.5743516088 0.7765300870 -0.9651698470 0.1842619926 0.1857273430 -0.0364121832 -0.7976012230 0.6020850539
73.2 -9.7 2696.6 0.0357187055 0.5737095475 0.8182796240 -0.9463153481 0.2826375961 -0.1568543464 -0.3212654293 -0.7687479258 0.5530055761
-201.3 -146.2 2640.2 0.9348340034 0.0320297666 0.3536374569 -0.0233165603 0.9993110895 -0.0288730394 -0.3543186486 0.0187458899 0.9349368215
-213.8 -534.1 2632.9 0.9341483116 -0.0443544202 0.3541181386 -0.0040549058 0.9908638000 0.1348055005 -0.3568620384 -0.1273642480 0.9254338741
-28.0 -142.5 2685.5 0.9669181705 0.1071263850 0.2315021306 -0.0905988365 0.9925950766 -0.0809127018 -0.2384557575 0.0572621413 0.9694637060
-69.6 -527.9 2663.2 0.9659075141 -0.0963546336 0.2402883172 0.0968616232 0.9952502847 0.0097283497 -0.2400843948 0.0138780298 0.9706528187
-231.1 317.1 2486.7 0 0 0 0 0 0 0 0 0
82.7 -261.4 2611.2 0 0 0 0 0 0 0 0 0
-200.6 -828.7 2670.8 0 0 0 0 0 0 0 0 0
-39.4 -840.1 2658.9 0 0 0 0 0 0 0 0 0
-135.5 436.0 2688.7 1 0.9792252779 -0.0733597130 -0.1890402585 0.0576043017 0.9944942594 -0.0875381008 0.1944212168 0.0748299882 0.9780597687
-120.1 227.8 2673.1 0.9792252779 -0.0733597130 -0.1890402585 0.0576043017 0.9944942594 -0.0875381008 0.1944212168 0.0748299882 0.9780597687
-121.6 34.0 2672.9 0.9813771248 0.0082760528 -0.1919127107 -0.0083376272 0.9999651313 0.0004867169 0.1919100434 0.0011224438 0.9814118743
-254.0 229.0 2646.8 0.4200844765 -0.8029929399 -0.4227663279 0.2793610394 0.5576712489 -0.7816394567 0.8634155989 0.2102501392 0.4585939646
-354.4 162.3 2440.4 -0.5949823260 -0.8029929399 -0.0346173048 -0.7705889344 0.5576712489 0.3085376322 -0.2284484655 0.2102501392 -0.9505820274
13.8 226.6 2699.3 0.2434762716 0.5663786530 0.7873592377 -0.9698891640 0.1470756233 0.1941229701 -0.0058542443 -0.8109155297 0.5851339102
73.5 -11.1 2697.9 0.0399950594 0.5669115186 0.8228071928 -0.9427335262 0.2943105996 -0.1569546163 -0.3311402798 -0.7694105506 0.5462174416
-204.1 -148.5 2646.6 0.9306542277 0.0265981629 0.3649318516 -0.0143000102 0.9992364049 -0.0363615490 -0.3656203151 0.0286214985 0.9303238988
-214.5 -536.4 2635.5 0.9301621914 -0.0443487018 0.3644604981 -0.0015830428 0.9921841621 0.1247722656 -0.3671454191 -0.1166354045 0.9228219986
-29.1 -144.6 2683.5 0.9650261998 0.1045864522 0.2403872907 -0.0887479186 0.9931638241 -0.0758251846 -0.2466742545 0.0518394224 0.9677109718
-69.7 -530.2 2663.3 0.9632738829 -0.1013231352 0.2486704439 0.1015338153 0.9947595596 0.0120130293 -0.2485845089 0.0136766220 0.9685136676
-221.5 334.4 2491.5 0 0 0 0 0 0 0 0 0
84.1 -261.9 2609.8 0 0 0 0 0 0 0 0 0
-201.5 -825.8 2669.5 0 0 0 0 0 0 0 0 0
-38.2 -839.0 2659.1 0 0 0 0 0 0 0 0 0
-134.2 436.6 2691.3 2 0.9742888212 -0.0916858092 -0.2058034539 0.0697569847 0.9913241267 -0.1114019528 0.2142319083 0.0941814482 0.9722317457
-114.3 221.2 2670.9 0.9742888212 -0.0916858092 -0.2058034539 0.0697569847 0.9913241267 -0.1114019528 0.2142319083 0.0941814482 0.9722317457
-119.6 27.3 2672.4 0.9773465395 0.0277935620 -0.2098124772 -0.0255233776 0.9995827675 0.0135205518 0.2101007253 -0.0078591416 0.9776481390
-247.7 224.7 2642.1 0.4537229538 -0.8129465580 -0.3650389016 0.2404604256 0.5061224103 -0.8282625675 0.8580875993 0.2880243361 0.4251208305
-350.7 170.1 2447.2 -0.5693924427 -0.8129465580 -0.1221069992 -0.7945513129 0.5061224103 0.3354523480 -0.2109037489 0.2880243361 -0.9341100454
19.1 217.7 2699.6 0.2128562331 0.5795440674 0.7866516709 -0.9767313004 0.1478231251 0.1553843170 -0.0262332484 -0.8014218211 0.5975239277
73.1 -30.1 2693.0 0.0410520323 0.5804454684 0.8132636547 -0.9384851456 0.3017154634 -0.1679684818 -0.3428707719 -0.7563404441 0.5571255088
-211.0 -159.1 2655.5 0.9380072951 0.0060732756 0.3465622663 0.0132538704 0.9984868169 -0.0533708259 -0.3463619649 0.0546555147 0.9365074039
-213.3 -546.5 2634.3 0.9388639331 -0.0412464775 0.3418087065 -0.0039431038 0.9914444685 0.1304695606 -0.3442657590 -0.1238409504 0.9306688309
-35.3 -160.7 2690.0 0.9717748761 0.0873728693 0.2191336006 -0.0690920353 0.9935643077 -0.0897564664 -0.2255656123 0.0720826909 0.9715576172
-69.2 -546.2 2662.0 0.9681800008 -0.1059986278 0.2266974747 0.1067678854 0.9942440987 0.0089016408 -0.2263361961 0.0155856200 0.9739245176
-215.9 358.3 2497.2 0 0 0 0 0 0 0 0 0
84.1 -279.8 2601.7 0 0 0 0 0 0 0 0 0
-201.6 -827.0 2669.4 0 0 0 0 0 0 0 0 0
-37.9 -840.2 2657.4 0 0 0 0 0 0 0 0 0
-132.8 437.7 2693.2 3 0.9722042084 -0.1072269604 -0.2081377357 0.0800780356 0.9876369238 -0.1347621828 0.2200146466 0.1143490970 0.9687712789
-108.9 217.6 2667.7 0.9722042084 -0.1072269604 -0.2081377357 0.0800780356 0.9876369238 -0.1347621828 0.2200146466 0.1143490970 0.9687712789
-119.0 24.2 2676.6 0.9755585194 0.0522802100 -0.2134300023 -0.0411104448 0.9975590110 0.0564445071 0.2158599496 -0.0462907180 0.9753264189
-242.1 223.2 2638.1 0.4756007493 -0.8189995885 -0.3210040927 0.2030764967 0.4572850168 -0.8658235073 0.8558994532 0.3465979397 0.3838046789
-347.8 178.0 2447.8 -0.5472085476 -0.8189995885 -0.1726341248 -0.8041955233 0.4572850168 0.3796840310 -0.2320180535 0.3465979397 -0.9088660479
24.3 212.0 2697.2 0.1904475689 0.5799490809 0.7920787930 -0.9813045263 0.1352878958 0.1368891299 -0.0277699511 -0.8033406734 0.5948718786
73.5 -41.3 2690.0 -0.0069114640 0.5885861516 0.8084049225 -0.9326940775 0.2877322435 -0.2174671143 -0.3606022894 -0.7554975152 0.5469821692
-212.5 -164.2 2655.1 0.9399586916 0.0044625085 0.3412590027 0.0054727793 0.9995888472 -0.0281453673 -0.3412443101 0.0283231176 0.9395478368
-214.2 -552.1 2644.1 0.9396548867 -0.0455006547 0.3390845954 0.0126519632 0.9950602651 0.0984633714 -0.3418897390 -0.0882315040 0.9355888963
-37.5 -168.8 2692.8 0.9748358727 0.0739818737 0.2102895975 -0.0571164116 0.9947270751 -0.0851808488 -0.2154825926 0.0710263550 0.9739211798
-66.2 -554.9 2665.2 0.9717947245 -0.0952718407 0.2157273591 0.0979908854 0.9951854348 -0.0019185164 -0.2145059556 0.0230037197 0.9764517546
-213.8 374.9 2504.6 0 0 0 0 0 0 0 0 0
71.7 -289.2 2594.2 0 0 0 0 0 0 0 0 0
-201.8 -823.4 2668.2 0 0 0 0 0 0 0 0 0
-39.0 -839.5 2658.6 0 0 0 0 0 0 0 0 0
-133.0 435.6 2694.1 4 0.9683375955 -0.1207709014 -0.2184872627 0.0897557214 0.9850969911 -0.1467234790 0.2329510748 0.1224673688 0.9647463560
-106.2 216.4 2666.8 0.9683375955 -0.1207709014 -0.2184872627 0.0897557214 0.9850969911 -0.1467234790 0.2329510748 0.1224673688 0.9647463560
-117.7 23.0 2677.2 0.9725322723 0.0593626089 -0.2250711471 -0.0456235893 0.9967916012 0.0657647029 0.2282530069 -0.0536897406 0.9721203446
-239.0 222.6 2635.6 0.4741559923 -0.8148760200 -0.3333964050 0.1506720930 0.4481846392 -0.8811517954 0.8674526215 0.3675698638 0.3352884948
-340.3 190.4 2450.2 -0.5522012711 -0.8148760200 -0.1762125045 -0.7930378914 0.4481846392 0.4125790596 -0.2572250366 0.3675698638 -0.8937156796
26.7 210.2 2698.0 0.1722551882 0.5900694132 0.7887624502 -0.9845618010 0.1284006238 0.1189592481 -0.0310833808 -0.7970767617 0.6030775309
72.2 -50.3 2689.8 -0.0923353210 0.6088296175 0.7879090309 -0.9159998298 0.2583141327 -0.3069496751 -0.3904080987 -0.7500668764 0.5338363051
-216.5 -165.5 2666.2 0.9441730380 -0.0065266304 0.3293853700 0.0261953045 0.9981254935 -0.0553106032 -0.3284069300 0.0608511306 0.9425741434
-214.0 -552.6 2642.6 0.9447847009 -0.0456351563 0.3244985640 0.0143251056 0.9950606227 0.0982303470 -0.3273785114 -0.0881580487 0.9407717586
-41.8 -172.8 2705.0 0.9789077640 0.0601589978 0.1952445358 -0.0383744687 0.9927964211 -0.1135016233 -0.2006662190 0.1036152244 0.9741647243
-65.1 -558.0 2664.8 0.9752072096 -0.0933576599 0.2006372064 0.0962413996 0.9953472018 -0.0046452978 -0.1992700100 0.0238397326 0.9796546102
-201.9 389.2 2514.7 0 0 0 0 0 0 0 0 0
47.8 -292.9 2586.4 0 0 0 0 0 0 0 0 0
-201.3 -828.1 2667.0 0 0 0 0 0 0 0 0 0
-38.6 -840.7 2658.0 0 0 0 0 0 0 0 0 0
-135.8 438.4 2694.0 5 0.9651843309 -0.1489432901 -0.2150235772 0.1182787120 0.9817224741 -0.1491009444 0.2333010584 0.1184771806 0.9651599526
-101.8 214.1 2666.9 0.9651843309 -0.1489432901 -0.2150235772 0.1182787120 0.9817224741 -0.1491009444 0.2333010584 0.1184771806 0.9651599526
-116.0 20.9 2677.8 0.9719675183 0.0730938688 -0.2234646082 -0.0585670583 0.9957578182 0.0709665641 0.2277038544 -0.0558895320 0.9721251726
-234.5 222.1 2635.8 0.4927193820 -0.8103676438 -0.3170676827 0.1801364422 0.4514596760 -0.8739193678 0.8513392210 0.3734815717 0.3684196770
-341.7 182.9 2450.6 -0.5562041998 -0.8103676438 -0.1842313409 -0.7931545377 0.4514596760 0.4087664783 -0.2480780929 0.3734815717 -0.8938505650
31.0 206.1 2698.1 0.1563273519 0.5919407010 0.7906756401 -0.9873839617 0.1140754744 0.1098164618 -0.0251918640 -0.7978677750 0.6023058891
72.6 -57.0 2691.4 -0.1660732776 0.6182172298 0.7682623863 -0.8961825371 0.2304329276 -0.3791537583 -0.4114323258 -0.7514706254 0.5157667398
-216.3 -166.2 2667.1 0.9441887736 0.0076227365 0.3293166459 0.0087708933 0.9987959862 -0.0482664257 -0.3292880654 0.0484610200 0.9429851174
-219.3 -553.8 2648.3 0.9428449869 -0.0607149564 0.3276538253 0.0370737948 0.9962693453 0.0779286250 -0.3311628997 -0.0613272451 0.9415785074
-42.1 -174.4 2708.1 0.9792305231 0.0573239997 0.1944777220 -0.0359046012 0.9930673242 -0.1119290739 -0.1995456964 0.1026217192 0.9745000005
-64.4 -559.8 2668.2 0.9758878946 -0.0895441324 0.1990595609 0.0947327316 0.9953630567 -0.0166764352 -0.1966432482 0.0351317860 0.9798454642
-200.6 384.1 2513.5 0 0 0 0 0 0 0 0 0
28.7 -294.2 2582.5 0 0 0 0 0 0 0 0 0
-202.7 -825.5 2665.1 0 0 0 0 0 0 0 0 0
-39.2 -839.9 2658.4 0 0 0 0 0 0 0 0 0
-131.2 443.9 2695.5 6 0.9661024809 -0.1305748373 -0.2227019668 0.0998624265 0.9845212698 -0.1440326720 0.2380618602 0.1169107705 0.9641879797
-100.5 212.1 2668.0 0.9661024809 -0.1305748373 -0.2227019668 0.0998624265 0.9845212698 -0.1440326720 0.2380618602 0.1169107705 0.9641879797
-114.6 18.9 2679.4 0.9706906676 0.0726715028 -0.2290819138 -0.0570395403 0.9956149459 0.0741441846 0.2334655523 -0.0589043386 0.9705792665
-233.1 219.9 2636.1 0.4993214011 -0.8040851951 -0.3226842284 0.1372358799 0.4411336482 -0.8868863583 0.8554790616 0.3985574841 0.3306168318
-339.3 190.7 2454.0 -0.5587046146 -0.8040851951 -0.2032144815 -0.7898504138 0.4411336482 0.4260720909 -0.2529535294 0.3985574841 -0.8815704584
32.1 204.4 2699.9 0.1487648338 0.7328031659 0.6639793515 -0.9880000949 0.1383442581 0.0686776713 -0.0415305160 -0.6662284732 0.7445904016
72.9 -66.3 2688.5 -0.2201324552 0.7328031659 0.6438487768 -0.8782591224 0.1383442581 -0.4577355087 -0.4245028198 -0.6662284732 0.6131370068
-217.2 -167.1 2668.2 0.9460527301 -0.0065858806 0.3239457309 0.0245738793 0.9983722568 -0.0514685772 -0.3230794668 0.0566525906 0.9446746111
-214.7 -554.5 2646.2 0.9460190535 -0.0503307804 0.3201792836 0.0252451804 0.9963104725 0.0820248649 -0.3231263757 -0.0695140958 0.9437993169
-43.1 -177.6 2709.0 0.9803432226 0.0541558042 0.1897217780 -0.0365774594 0.9948087335 -0.0949611813 -0.1938795894 0.0861550122 0.9772349000
-64.1 -563.7 2675.6 0.9773192406 -0.0891505480 0.1920918673 0.0999641195 0.9938642979 -0.0473383665 -0.1866929978 0.0654669926 0.9802345634
-195.9 393.4 2519.0 0 0 0 0 0 0 0 0 0
14.6 -299.1 2576.0 0 0 0 0 0 0 0 0 0
-201.0 -824.7 2665.1 0 0 0 0 0 0 0 0 0
-39.3 -840.7 2657.3 0 0 0 0 0 0 0 0 0
-132.1 441.2 2694.7 7 0.9630011916 -0.1360049099 -0.2326613963 0.1055568010 0.9846919775 -0.1387063712 0.2479645610 0.1090154126 0.9626158476
-100.3 210.9 2669.2 0.9630011916 -0.1360049099 -0.2326613963 0.1055568010 0.9846919775 -0.1387063712 0.2479645610 0.1090154126 0.9626158476
-114.3 17.7 2680.8 0.9681953788 0.0721967220 -0.2395523489 -0.0556461588 0.9956178665 0.0751568303 0.2439286858 -0.0594363250 0.9679700732
-232.6 218.5 2635.9 0.4996795952 -0.8039783239 -0.3223959506 0.1112153828 0.4286570251 -0.8965959549 0.8590409756 0.4121553302 0.3036059141
-337.5 195.2 2455.4 -0.5556405783 -0.8039783239 -0.2118546963 -0.7884420753 0.4286570251 0.4411487877 -0.2638610601 0.4121553302 -0.8720695972
32.0 203.3 2702.6 0.1544968486 0.6983684301 0.6988649964 -0.9867591262 0.1444155872 0.0738281235 -0.0493677631 -0.7010176182 0.7114331722
74.4 -68.0 2689.0 -0.2363920808 0.6983684301 0.6755740643 -0.8779311776 0.1444155872 -0.4564877152 -0.4163600206 -0.7010176182 0.5789806843
-215.6 -169.2 2669.9 0.9494066834 -0.0055768597 0.3139998019 0.0290095452 0.9971248507 -0.0700033233 -0.3127066195 0.0755706131 0.9468387961
-213.5 -556.2 2640.6 0.9505159259 -0.0417764075 0.3078542650 0.0077830339 0.9938087463 0.1108312160 -0.3105784059 -0.1029507890 0.9449561834
-41.7 -179.4 2711.8 0.9818444252 0.0625567734 0.1790759265 -0.0454478972 0.9941383004 -0.0980998278 -0.1841630340 0.0881801471 0.9789322019
-66.0 -565.3 2677.5 0.9784731865 -0.0979343057 0.1816565841 0.1094084978 0.9925162196 -0.0542336144 -0.1749857813 0.0729409084 0.9818653464
-193.2 400.0 2524.0 0 0 0 0 0 0 0 0 0
11.7 -301.1 2578.4 0 0 0 0 0 0 0 0 0
-202.2 -825.6 2668.5 0 0 0 0 0 0 0 0 0
-38.3 -845.8 2656.9 0 0 0 0 0 0 0 0 0
-130.8 439.5 2693.3 8 0.9634479284 -0.1284490377 -0.2350933403 0.0990848243 0.9861829281 -0.1327608079 0.2488980293 0.1046139449 0.9628632665
-101.1 211.1 2669.1 0.9634479284 -0.1284490377 -0.2350933403 0.0990848243 0.9861829281 -0.1327608079 0.2488980293 0.1046139449 0.9628632665
-114.9 17.8 2681.3 0.9678568840 0.0713283196 -0.2411747873 -0.0538728572 0.9954794645 0.0782198757 0.2456638366 -0.0627128705 0.9673243165
-233.3 218.4 2635.6 0.4842390716 -0.8146396875 -0.3191782236 0.1046429425 0.4161075056 -0.9032742977 0.8686555028 0.4040009379 0.2867417932
-334.1 196.6 2454.7 -0.5437915921 -0.8146396875 -0.2016257048 -0.7901903987 0.4161075056 0.4499485791 -0.2826479971 0.4040009379 -0.8699961901
31.2 203.7 2702.7 0.1582600325 0.6967973113 0.6995908022 -0.9861859679 0.1466331035 0.0770454183 -0.0488981232 -0.7021198273 0.7103778720
75.3 -71.5 2689.0 -0.2396496683 0.6967973113 0.6760484576 -0.8750327826 0.1466331035 -0.4613202512 -0.4205777943 -0.7021198273 0.5745798945
-215.1 -170.6 2670.5 0.9498450756 -0.0083955843 0.3126080632 0.0331857763 0.9967010617 -0.0740654618 -0.3109549582 0.0807248577 0.9469902515
-211.8 -557.4 2639.1 0.9515697360 -0.0360622965 0.3053105175 0.0001717824 0.9931585789 0.1167732924 -0.3074328899 -0.1110654920 0.9450658560
-41.6 -180.5 2714.2 0.9821892381 0.0612083860 0.1776452661 -0.0449955873 0.9945639968 -0.0939033106 -0.1824272573 0.0842375681 0.9796041846
-65.4 -566.6 2681.5 0.9790892601 -0.0965119153 0.1790801287 0.1104784757 0.9914308786 -0.0697084218 -0.1708178818 0.0880352706 0.9813618064
-191.5 403.9 2528.8 0 0 0 0 0 0 0 0 0
11.6 -304.1 2577.2 0 0 0 0 0 0 0 0 0
-202.1 -824.8 2669.0 0 0 0 0 0 0 0 0 0
-38.2 -846.0 2656.7 0 0 0 0 0 0 0 0 0
-124.8 424.8 2694.7 9 0.9639959931 -0.1027673483 -0.2452560961 0.0713036656 0.9884254336 -0.1339066029 0.2561785877 0.1115977690 0.9601658583
-102.4 209.8 2670.4 0.9639959931 -0.1027673483 -0.2452560961 0.0713036656 0.9884254336 -0.1339066029 0.2561785877 0.1115977690 0.9601658583
-116.0 16.6 2682.8 0.9660171866 0.0702132285 -0.2487586737 -0.0518707149 0.9954806566 0.0795466006 0.2532196641 -0.0639400929 0.9652934670
-234.4 216.9 2635.8 0.4672709405 -0.8283134103 -0.3091193438 0.0750435963 0.3855342865 -0.9196367860 0.8809235692 0.4065221250 0.2423085868
-329.5 201.6 2456.4 -0.5205204487 -0.8283134103 -0.2072567940 -0.7979662418 0.3855342865 0.4632636309 -0.3038228750 0.4065221250 -0.8616446257
29.6 202.7 2705.0 0.1655212939 0.6800884008 0.7142005563 -0.9847446084 0.1533872038 0.0821608678 -0.0536725707 -0.7169045806 0.6951022148
75.1 -68.3 2690.2 -0.2443736792 0.6800884008 0.6912027597 -0.8745149970 0.1533872038 -0.4601041973 -0.4189331830 -0.7169045806 0.5572637320
-215.5 -170.6 2671.5 0.9522171021 0.0037796672 0.3053985834 0.0181938447 0.9974457622 -0.0690720379 -0.3048795760 0.0713279545 0.9497161508
-216.9 -557.7 2643.8 0.9516569972 -0.0596829988 0.3013085425 0.0283487272 0.9938204885 0.1073182970 -0.3058516979 -0.0935885012 0.9474681616
-42.1 -180.2 2715.5 0.9836570621 0.0589965321 0.1701123267 -0.0434237830 0.9946383238 -0.0938562304 -0.1747374386 0.0849354193 0.9809448719
-65.0 -566.4 2682.5 0.9806489348 -0.0946969613 0.1713481843 0.1083802581 0.9914748073 -0.0723283440 -0.1630381346 0.0894994736 0.9825519919
-192.9 411.1 2536.1 0 0 0 0 0 0 0 0 0
10.1 -301.0 2578.8 0 0 0 0 0 0 0 0 0
-200.9 -825.7 2669.0 0 0 0 0 0 0 0 0 0
-38.1 -847.7 2657.1 0 0 0 0 0 0 0 0 0
-124.5 423.8 2694.3 0 0.9627745152 -0.0986228511 -0.2516719401 0.0672620982 0.9891875982 -0.1303215325 0.2618034482 0.1085422710 0.9589982033
-103.2 210.0 2670.9 0.9627745152 -0.0986228511 -0.2516719401 0.0672620982 0.9891875982 -0.1303215325 0.2618034482 0.1085422710 0.9589982033
-116.2 16.7 2683.7 0.9646087289 0.0669388920 -0.2550475299 -0.0476352237 0.9955643415 0.0811324343 0.2593471408 -0.0661118031 0.9635186791
-235.0 216.5 2635.4 0.4759253860 -0.8183538318 -0.3221676350 0.0769636407 0.4036616385 -0.9116654396 0.8761116266 0.4090895355 0.2550963163
-332.3 200.7 2456.4 -0.5347101688 -0.8183538318 -0.2106704265 -0.7957026362 0.4036616385 0.4515689909 -0.2845036685 0.4090895355 -0.8670083284
28.6 203.5 2706.3 0.1645114869 0.6855152249 0.7092283368 -0.9847982526 0.1547913700 0.0788163468 -0.0557526276 -0.7114130259 0.7005591393
73.9 -67.7 2690.9 -0.2445367724 0.6855152249 0.6857628226 -0.8714195490 0.1547913700 -0.4654757380 -0.4252408445 -0.7114130259 0.5595191717
-216.2 -172.0 2672.5 0.9540176392 0.0010419076 0.2997486293 0.0117700063 0.9990925193 -0.0409334823 -0.2995192707 0.0425793082 0.9531396627
-216.6 -559.7 2656.0 0.9525723457 -0.0615965687 0.2980131507 0.0424889885 0.9966289401 0.0701817721 -0.3013314903 -0.0541909337 0.9519783258
-43.1 -181.3 2717.9 0.9846390486 0.0593406223 0.1642092764 -0.0443998389 0.9946561456 -0.0932084918 -0.1688628197 0.0844858587 0.9820119739
-66.2 -567.5 2685.1 0.9813714027 -0.0984057039 0.1650044322 0.1127006486 0.9904342890 -0.0796148852 -0.1555914879 0.0967278779 0.9830742478
-191.5 410.2 2531.3 0 0 0 0 0 0 0 0 0
8.8 -299.6 2577.8 0 0 0 0 0 0 0 0 0
-200.4 -822.3 2670.3 0 0 0 0 0 0 0 0 0
-38.3 -847.6 2657.7 0 0 0 0 0 0 0 0 0
-118.1 441.2 2694.6 1 0.9617131948 -0.0647486821 -0.2662992775 0.0360226706 0.9931249619 -0.1113786548 0.2716800869 0.0975215137 0.9574338198
-102.9 208.5 2671.8 0.9617131948 -0.0647486821 -0.2662992775 0.0360226706 0.9931249619 -0.1113786548 0.2716800869 0.0975215137 0.9574338198
-114.5 15.2 2685.1 0.9618980885 0.0598583706 -0.2667751908 -0.0391782038 0.9958469272 0.0821827948 0.2705865800 -0.0685997009 0.9602484107
-234.3 213.9 2634.8 0.4834553599 -0.8155457973 -0.3180502355 0.0759820938 0.4010575712 -0.9128962159 0.8720651269 0.4171784520 0.2558602989
-331.4 198.6 2459.6 -0.5342631340 -0.8155457973 -0.2223688960 -0.7988255620 0.4010575712 0.4483642578 -0.2764788568 0.4171784520 -0.8657491207
28.5 203.2 2708.8 0.1698789597 0.6764908433 0.7165900469 -0.9839003086 0.1573913693 0.0846650600 -0.0555099435 -0.7194359303 0.6923370361
75.2 -66.9 2693.5 -0.2549144924 0.6764908433 0.6909260154 -0.8664635420 0.1573913693 -0.4737814963 -0.4292546213 -0.7194359303 0.5460333228
-215.6 -172.3 2673.3 0.9573053122 -0.0013762912 0.2890754342 0.0141091002 0.9990193248 -0.0419675075 -0.2887341976 0.0442543104 0.9563859701
-215.1 -560.0 2656.1 0.9559777379 -0.0579214469 0.2876659930 0.0447588526 0.9976367354 0.0521302335 -0.2900056243 -0.0369597413 0.9563109875
-42.8 -180.8 2719.8 0.9859997630 0.0638709664 0.1540292948 -0.0517754592 0.9953437448 -0.0813025534 -0.1585049629 0.0721893534 0.9847156405
-67.6 -567.2 2691.7 0.9829345942 -0.1029738337 0.1524336785 0.1197705045 0.9871869683 -0.1054369584 -0.1396232843 0.1218946949 0.9826734066
-190.6 409.1 2532.5 0 0 0 0 0 0 0 0 0
7.3 -297.5 2579.3 0 0 0 0 0 0 0 0 0
-199.9 -820.7 2665.8 0 0 0 0 0 0 0 0 0
-38.4 -846.4 2657.3 0 0 0 0 0 0 0 0 0
-119.6 445.6 2694.3 2 0.9603998661 -0.0700588599 -0.2696735561 0.0413627736 0.9929966927 -0.1106649414 0.2755380273 0.0951281488 0.9565716982
-102.8 207.9 2671.5 0.9603998661 -0.0700588599 -0.2696735561 0.0413627736 0.9929966927 -0.1106649414 0.2755380273 0.0951281488 0.9565716982
-113.5 14.6 2686.1 0.9609567523 0.0550357029 -0.2711699903 -0.0323532969 0.9956459403 0.0874209926 0.2748005986 -0.0752345547 0.9585532546
-234.1 212.3 2634.0 0.4998378456 -0.8053408265 -0.3187291324 0.0678110421 0.4032549858 -0.9125716686 0.8634603620 0.4345245063 0.2561731040
-334.2 198.8 2461.0 -0.5442731380 -0.8053408265 -0.2349317223 -0.7934539914 0.4032549858 0.4558685720 -0.2723921835 0.4345245063 -0.8584817648
28.5 203.5 2709.1 0.1804328412 0.6292018294 0.7560086250 -0.9813995957 0.1664024591 0.0957343280 -0.0655654892 -0.7592201829 0.6475228667
78.7 -69.6 2690.8 -0.2704144120 0.6292018294 0.7286844850 -0.8689206839 0.1664024591 -0.4661405683 -0.4145513773 -0.7592201829 0.5017288327
-212.3 -174.6 2674.2 0.9584181905 0.0036582358 0.2853438854 0.0107655162 0.9987425208 -0.0489637367 -0.2851642072 0.0499996096 0.9571736455
-213.7 -562.3 2654.8 0.9574490786 -0.0518813916 0.2839006782 0.0347024389 0.9972678423 0.0652123317 -0.2865083218 -0.0525854416 0.9566335678
-40.0 -181.6 2722.7 0.9866731167 0.0673789605 0.1481087655 -0.0513773374 0.9926767349 -0.1093310788 -0.1543907374 0.1002646014 0.9829092026
-66.1 -566.8 2683.8 0.9835919738 -0.1003800109 0.1499023587 0.1135518104 0.9901388288 -0.0820434391 -0.1401886195 0.0977189466 0.9852908850
-190.2 408.7 2533.1 0 0 0 0 0 0 0 0 0
6.7 -300.8 2580.5 0 0 0 0 0 0 0 0 0
-200.1 -823.3 2668.6 0 0 0 0 0 0 0 0 0
-37.7 -846.9 2656.1 0 0 0 0 0 0 0 0 0
-118.6 444.9 2693.6 3 0.9589768648 -0.0640143156 -0.2761621177 0.0357675664 0.9937078953 -0.1061378941 0.2812188268 0.0919061378 0.9552325606
-103.3 207.9 2671.7 0.9589768648 -0.0640143156 -0.2761621177 0.0357675664 0.9937078953 -0.1061378941 0.2812188268 0.0919061378 0.9552325606
-113.4 14.8 2688.0 0.9593523741 0.0520064048 -0.2773776650 -0.0264238343 0.9951087832 0.0951852649 0.2809711993 -0.0839868262 0.9560341835
-234.4 211.5 2633.3 0.4871198833 -0.8130072355 -0.3189567924 0.0635525286 0.3972477019 -0.9155082703 0.8710196614 0.4256917536 0.2451759130
-331.9 198.8 2459.0 -0.5361099243 -0.8130072355 -0.2271680534 -0.7959680557 0.3972477019 0.4567593634 -0.2811066806 0.4256917536 -0.8600962758
27.8 204.3 2710.1 0.1926889867 0.6152994633 0.7643805146 -0.9791117311 0.1720776111 0.1083030999 -0.0648939312 -0.7692826986 0.6356043816
81.6 -69.1 2692.0 -0.2713424861 0.6152994633 0.7401214838 -0.8700151443 0.1720776111 -0.4620205164 -0.4116393328 -0.7692826986 0.4886278808
-210.3 -175.7 2676.1 0.9601157308 0.0018456591 0.2795967162 0.0137333190 0.9984599948 -0.0537502468 -0.2792653441 0.0554462485 0.9586117864
-211.0 -563.3 2654.6 0.9601078033 -0.0345414095 0.2774885893 0.0139640635 0.9970257878 0.0757929236 -0.2792812884 -0.0688945055 0.9577345848
-38.1 -181.5 2725.4 0.9868194461 0.0792190060 0.1411087662 -0.0626459643 0.9910056591 -0.1182507798 -0.1492072940 0.1078522801 0.9829064608
-68.8 -566.1 2683.5 0.9834916592 -0.1092985645 0.1442149580 0.1213849634 0.9895492196 -0.0778337419 -0.1342006773 0.0940543711 0.9864805937
-190.1 409.4 2533.3 0 0 0 0 0 0 0 0 0
9.4 -300.7 2582.4 0 0 0 0 0 0 0 0 0
-201.9 -826.1 2672.8 0 0 0 0 0 0 0 0 0
-38.0 -845.7 2656.9 0 0 0 0 0 0 0 0 0
-117.9 445.9 2694.3 4 0.9583962560 -0.0630724505 -0.2783854902 0.0350006148 0.9938893914 -0.1046842709 0.2832871079 0.0905853510 0.9547474384
-102.8 207.5 2672.6 0.9583962560 -0.0630724505 -0.2783854902 0.0350006148 0.9938893914 -0.1046842709 0.2832871079 0.0905853510 0.9547474384
-112.8 14.4 2689.4 0.9587451220 0.0515012145 -0.2795629501 -0.0249585360 0.9949041009 0.0976878181 0.2831693590 -0.0866802409 0.9551448226
-233.8 210.9 2633.9 0.5000571609 -0.8061317801 -0.3163770139 0.0456562042 0.3893678188 -0.9199501276 0.8647880554 0.4455830455 0.2315110713
-333.0 201.9 2462.3 -0.5404164791 -0.8061317801 -0.2410426587 -0.7911757231 0.3893678188 0.4716287255 -0.2863406539 0.4455830455 -0.8482127190
28.2 204.1 2711.3 0.2063913494 0.6118722558 0.7635541558 -0.9768939614 0.1731230170 0.1253261417 -0.0555052049 -0.7717776299 0.6334654093
85.2 -65.9 2695.9 -0.2757413387 0.6118722558 0.7413359880 -0.8678497076 0.1731230170 -0.4656879306 -0.4132838547 -0.7717776299 0.4832760394
-209.4 -176.0 2679.2 0.9605990052 0.0149371307 0.2775363624 -0.0018778754 0.9988808036 -0.0472605750 -0.2779316902 0.0448772833 0.9595519900
-215.2 -563.8 2661.7 0.9594302177 -0.0482647158 0.2777844667 0.0387271196 0.9984599352 0.0397229567 -0.2792738974 -0.0273536127 0.9598218203
-37.6 -180.7 2729.5 0.9873262644 0.0773512051 0.1385771334 -0.0606544688 0.9908093810 -0.1209041327 -0.1466556042 0.1109665036 0.9829438329
-67.6 -565.4 2686.4 0.9839769006 -0.1094861701 0.1407203376 0.1231938303 0.9880449176 -0.0926847532 -0.1288903207 0.1085355282 0.9857014418
-190.5 410.6 2537.8 0 0 0 0 0 0 0 0 0
11.9 -296.9 2585.9 0 0 0 0 0 0 0 0 0
-202.9 -818.2 2668.7 0 0 0 0 0 0 0 0 0
-36.8 -843.3 2655.9 0 0 0 0 0 0 0 0 0
-118.3 444.3 2694.6 5 0.9567454457 -0.0673046336 -0.2830339372 0.0395309851 0.9939240217 -0.1027247757 0.2882280946 0.0870928541 0.9535928965
-102.3 207.3 2673.9 0.9567454457 -0.0673046336 -0.2830339372 0.0395309851 0.9939240217 -0.1027247757 0.2882280946 0.0870928541 0.9535928965
-112.6 14.2 2691.2 0.9572037458 0.0532588623 -0.2844722569 -0.0253514461 0.9945734739 0.1009003595 0.2883023918 -0.0893704221 0.9533596635
-233.0 210.7 2634.5 0.4935099483 -0.8088614941 -0.3196732700 0.0478810295 0.3922599554 -0.9186074138 0.8684211969 0.4380355775 0.2323133051
-331.0 201.2 2462.1 -0.5379909873 -0.8088614941 -0.2372946888 -0.7943454981 0.3922599554 0.4638397992 -0.2821009457 0.4380355775 -0.8535478115
28.5 203.8 2713.3 0.2143587023 0.5852436423 0.7820103765 -0.9748444557 0.1782380939 0.1338264495 -0.0610629693 -0.7910253406 0.6087284088
87.9 -66.3 2696.3 -0.2899099886 0.5852436423 0.7572596073 -0.8650630713 0.1782380939 -0.4689318538 -0.4094118774 -0.7910253406 0.4545996487
-208.7 -176.5 2680.9 0.9621856213 0.0084078740 0.2722647488 0.0072102211 0.9983871579 -0.0563124157 -0.2722990811 0.0561460853 0.9605731964
-212.0 -564.0 2659.1 0.9615456462 -0.0410997085 0.2715525329 0.0276569873 0.9982035756 0.0531478040 -0.2732490897 -0.0435937122 0.9609550238
-36.9 -180.9 2731.6 0.9876779914 0.0816623420 0.1335046887 -0.0664435551 0.9911724925 -0.1147272736 -0.1416950673 0.1044430807 0.9843851924
-68.6 -565.7 2691.1 0.9845084548 -0.1124692038 0.1345129907 0.1266980469 0.9866464734 -0.1023540720 -0.1212050840 0.1178109795 0.9856114388
-190.1 409.3 2536.0 0 0 0 0 0 0 0 0 0
10.8 -296.5 2587.4 0 0 0 0 0 0 0 0 0
-201.3 -823.7 2670.4 0 0 0 0 0 0 0 0 0
-36.4 -848.7 2657.3 0 0 0 0 0 0 0 0 0
-120.1 442.2 2693.3 6 0.9535521269 -0.0776633620 -0.2910442650 0.0516706407 0.9940426946 -0.0959649459 0.2967633903 0.0764691308 0.9518844485
-101.8 207.5 2675.3 0.9535521269 -0.0776633620 -0.2910442650 0.0516706407 0.9940426946 -0.0959649459 0.2967633903 0.0764691308 0.9518844485
-112.1 14.5 2693.1 0.9544792771 0.0531281792 -0.2935076654 -0.0234663598 0.9943345189 0.1036736965 0.2973527908 -0.0920668393 0.9503183961
-232.2 210.7 2634.6 0.5007043481 -0.8091616035 -0.3074940741 0.0247282665 0.3684563637 -0.9293161035 0.8652650714 0.4577088356 0.2044968754
-331.2 205.9 2463.6 -0.5352863073 -0.8091616035 -0.2423345596 -0.7835003138 0.3684563637 0.5003670454 -0.3155880868 0.4577088356 -0.8312080503
28.6 204.3 2715.9 0.2182564884 0.5705155730 0.7917550802 -0.9738637805 0.1796023399 0.1390406787 -0.0628761873 -0.8014081120 0.5948038697
89.3 -66.7 2698.4 -0.3097625077 0.5705155730 0.7606307864 -0.8566720486 0.1796023399 -0.4835865498 -0.4125047326 -0.8014081120 0.4331107140
-208.7 -176.6 2682.7 0.9646497369 0.0122343507 0.2632512152 0.0028855780 0.9983716011 -0.0569721982 -0.2635195553 0.0557178482 0.9630435705
-213.5 -564.2 2661.1 0.9633477926 -0.0531310178 0.2629413009 0.0395820811 0.9976140261 0.0565637276 -0.2653192282 -0.0440827794 0.9631523490
-37.2 -181.1 2734.4 0.9893152714 0.0783216357 0.1229677722 -0.0623163991 0.9896843433 -0.1290023476 -0.1318029463 0.1199610755 0.9839904904
-67.6 -565.3 2687.8 0.9858384132 -0.1108421758 0.1258438081 0.1227832362 0.9882106781 -0.0914547071 -0.1142231598 0.1056110710 0.9878255725
-191.0 411.0 2546.2 0 0 0 0 0 0 0 0 0
6.9 -294.6 2588.6 0 0 0 0 0 0 0 0 0
-199.5 -826.0 2672.7 0 0 0 0 0 0 0 0 0
-35.5 -851.5 2657.2 0 0 0 0 0 0 0 0 0
-122.2 440.0 2691.6 7 0.9511756897 -0.0892521665 -0.2954638302 0.0649696141 0.9937269688 -0.0910255834 0.3017345965 0.0673851520 0.9510076046
-101.4 207.9 2675.9 0.9511756897 -0.0892521665 -0.2954638302 0.0649696141 0.9937269688 -0.0910255834 0.3017345965 0.0673851520 0.9510076046
-111.9 15.0 2694.8 0.9527100325 0.0543880574 -0.2989740670 -0.0225005448 0.9937778711 0.1090835556 0.3030466735 -0.0971979201 0.9480059743
-231.5 210.9 2634.5 0.4941323102 -0.8171359301 -0.2968536317 0.0234142393 0.3538360000 -0.9350143671 0.8690713644 0.4550702274 0.1939744204
-328.3 206.4 2464.3 -0.5227360725 -0.8171359301 -0.2429728657 -0.7875964642 0.3538360000 0.5044718385 -0.3262495399 0.4550702274 -0.8285362720
28.8 204.8 2717.3 0.2197715193 0.5640390515 0.7959650755 -0.9735735655 0.1787368059 0.1421534866 -0.0620881394 -0.8061718941 0.5884147882
90.0 -66.4 2700.0 -0.3292364776 0.5640390515 0.7572736144 -0.8466560841 0.1787368059 -0.5012251735 -0.4180632234 -0.8061718941 0.4187003970
-207.9 -176.4 2684.4 0.9658605456 0.0303231142 0.2572817504 -0.0137627302 0.9977296591 -0.0659253597 -0.2586966753 0.0601338036 0.9640850425
-219.7 -563.7 2661.0 0.9632719755 -0.0706776455 0.2590594292 0.0580218844 0.9967328906 0.0561873950 -0.2621842325 -0.0390926264 0.9642257094
-36.9 -180.6 2737.6 0.9896955490 0.0825030580 0.1170295849 -0.0677457824 0.9898525476 -0.1249099374 -0.1261474788 0.1156945527 0.9852418900
-68.9 -564.9 2692.7 0.9862600565 -0.1155122817 0.1181016713 0.1288054436 0.9853344560 -0.1119157672 -0.1034419984 0.1255901903 0.9866746664
-191.3 412.7 2549.8 0 0 0 0 0 0 0 0 0
2.4 -291.7 2588.8 0 0 0 0 0 0 0 0 0
-201.3 -823.2 2671.2 0 0 0 0 0 0 0 0 0
-35.6 -849.5 2656.4 0 0 0 0 0 0 0 0 0
-124.3 437.9 2691.8 8 0.9504763484 -0.1031726226 -0.2931725681 0.0770210251 0.9920603037 -0.0994185954 0.3011021614 0.0719145685 0.9508762956
-100.3 207.0 2675.1 0.9504763484 -0.1031726226 -0.2931725681 0.0770210251 0.9920603037 -0.0994185954 0.3011021614 0.0719145685 0.9508762956
-112.1 14.2 2694.4 0.9527119994 0.0609999411 -0.2976891994 -0.0282208174 0.9931718707 0.1131956205 0.3025614321 -0.0994417965 0.9479281902
-230.5 210.9 2633.7 0.5140901208 -0.8069084883 -0.2908780575 0.0253109261 0.3532466292 -0.9351877570 0.8573626280 0.4734084010 0.2020242065
-331.2 205.9 2465.7 -0.5321492553 -0.8069084883 -0.2563510835 -0.7825806141 0.3532466292 0.5126250386 -0.3230863214 0.4734084010 -0.8194508553
29.9 203.2 2716.4 0.2206863314 0.5473176837 0.8073047400 -0.9735128880 0.1743132770 0.1479444355 -0.0597513318 -0.8185708523 0.5712893605
90.4 -63.7 2700.0 -0.3353664875 0.5473176837 0.7667937875 -0.8504320383 0.1743132770 -0.4963670373 -0.4053328037 -0.8185708523 0.4069976509
-207.8 -175.9 2686.5 0.9656405449 0.0371237434 0.2572161853 -0.0196569152 0.9973428249 -0.0701494887 -0.2591369152 0.0626831129 0.9638043642
-222.2 -563.1 2662.1 0.9624704719 -0.0782442763 0.2598623335 0.0645177886 0.9960533977 0.0609515458 -0.2636058629 -0.0418983214 0.9637201428
-37.1 -180.0 2740.8 0.9904142022 0.0756213143 0.1155905575 -0.0594453029 0.9887176156 -0.1374909580 -0.1246836632 0.1293016821 0.9837352633
-66.5 -563.8 2690.6 0.9880815148 -0.0984463692 0.1183354929 0.1105463877 0.9887816310 -0.1004506722 -0.1071189567 0.1123350039 0.9878797531
-190.8 412.4 2550.9 0 0 0 0 0 0 0 0 0
1.1 -290.0 2592.2 0 0 0 0 0 0 0 0 0
-201.4 -828.6 2673.3 0 0 0 0 0 0 0 0 0
-37.8 -851.8 2657.9 0 0 0 0 0 0 0 0 0
-125.1 437.9 2692.9 9 0.9527116418 -0.1069976166 -0.2844151855 0.0796145424 0.9911537170 -0.1061876491 0.2932609916 0.0785226300 0.9528023005
-100.1 206.7 2674.6 0.9527116418 -0.1069976166 -0.2844151855 0.0796145424 0.9911537170 -0.1061876491 0.2932609916 0.0785226300 0.9528023005
-112.8 14.2 2696.3 0.9550081491 0.0652807355 -0.2893058956 -0.0295313895 0.9915578961 0.1262570620 0.2951056957 -0.1120329201 0.9488736987
-230.6 210.7 2634.2 0.5080159903 -0.8141116500 -0.2813218832 0.0241267383 0.3399279118 -0.9401419759 0.8610096574 0.4708197415 0.1923306733
-330.0 206.0 2465.7 -0.5225530863 -0.8141116500 -0.2532992065 -0.7824787498 0.3399279118 0.5217049122 -0.3386225700 0.4708197415 -0.8146554828
30.4 202.6 2714.9 0.2181650996 0.5518433452 0.8049055338 -0.9744810462 0.1678296328 0.1490635574 -0.0528272763 -0.8168856502 0.5743754506
90.6 -66.5 2700.3 -0.3365512192 0.5518433452 0.7630217671 -0.8514134288 0.1678296328 -0.4969188869 -0.4022790492 -0.8168856502 0.4133635759
