-132.7 440.1 2705.7 7 0.9549595118 -0.1050107926 -0.2775339484 0.0719838217 0.9893324971 -0.1266474277 0.2878727019 0.1009652019 0.9523315430
-107.7 204.5 2681.7 0.9549595118 -0.1050107926 -0.2775339484 0.0719838217 0.9893324971 -0.1266474277 0.2878727019 0.1009652019 0.9523315430
-102.4 11.8 2702.3 0.9559610486 -0.0273372661 -0.2922175527 0.0569744371 0.9939974546 0.0933967605 0.2879102826 -0.1059325933 0.9517804384
-238.1 196.8 2642.3 0.5606218576 -0.7856239080 -0.2617215812 0.0629584789 0.3555858135 -0.9325207472 0.8256750703 0.5063139200 0.2488108724
-351.9 184.0 2474.8 -0.5414798260 -0.7856239080 -0.2993236184 -0.7910701632 0.3555858135 0.4977616966 -0.2846182585 0.5063139200 -0.8140261769
22.8 212.3 2721.1 0.2448444963 0.5126131773 0.8229695559 -0.9674301744 0.1854268759 0.1723243594 -0.0642649308 -0.8383582830 0.5413182378
89.9 -52.7 2703.5 -0.3064666092 0.5126131773 0.8020635247 -0.8725746870 0.1854268759 -0.4519184232 -0.3803834617 -0.8383582830 0.3904661536
-175.7 -185.6 2691.9 0.9564840794 0.1009605527 0.2737612426 -0.0752820447 0.9918532372 -0.1027609706 -0.2819057703 0.0776799247 0.9562922716
-214.9 -570.1 2661.7 0.9567700624 -0.0520332009 0.2861531079 0.0383813530 0.9978504777 0.0531157106 -0.2883017957 -0.0398365781 0.9567105770
-5.5 -172.9 2745.0 0.9765893221 0.1666952372 0.1359631270 -0.1445422918 0.9766157866 -0.1591514647 -0.1593135148 0.1357731968 0.9778470397
-70.1 -551.5 2692.4 0.9837524295 -0.1052503362 0.1454426497 0.1207229421 0.9874329567 -0.1019909680 -0.1328802705 0.1178921238 0.9840956926
-208.9 393.0 2550.0 0 0 0 0 0 0 0 0 0
8.3 -284.9 2602.2 0 0 0 0 0 0 0 0 0
-201.9 -819.8 2671.7 0 0 0 0 0 0 0 0 0
-38.2 -851.2 2656.6 0 0 0 0 0 0 0 0 0
-133.3 438.5 2698.4 8 0.9554434419 -0.0905119255 -0.2809544504 0.0675940663 0.9936238527 -0.0902370438 0.2873305678 0.0672255382 0.9554694295
-111.8 202.6 2682.4 0.9554434419 -0.0905119255 -0.2809544504 0.0675940663 0.9936238527 -0.0902370438 0.2873305678 0.0672255382 0.9554694295
-100.7 10.2 2703.9 0.9539966583 -0.0571789034 -0.2943144739 0.0870476291 0.9921848178 0.0893979222 0.2869026661 -0.1109046936 0.9515182376
-242.0 190.7 2643.2 0.5516939163 -0.7837059498 -0.2853749692 0.0041984753 0.3447622657 -0.9386806488 0.8340361118 0.5166662335 0.1934936047
-351.1 189.9 2478.3 -0.5356072187 -0.7837059498 -0.3145312667 -0.7963208556 0.3447622657 0.4970030785 -0.2810657322 0.5166662335 -0.8087385297
18.4 214.4 2721.6 0.2548939586 0.5119240880 0.8203430772 -0.9647574425 0.1919794828 0.1799636334 -0.0653613284 -0.8373037577 0.5428169966
90.1 -56.9 2703.2 -0.3024286628 0.5119240880 0.8040339947 -0.8720272183 0.1919794828 -0.4502359033 -0.3848446310 -0.8373037577 0.3883516490
-182.5 -186.0 2697.0 0.9567617774 0.0938064605 0.2753311694 -0.0646096691 0.9914602637 -0.1132792681 -0.2836062312 0.0905922130 0.9546520710
-218.9 -570.6 2661.9 0.9550999403 -0.0718929619 0.2874291539 0.0568308905 0.9965540171 0.0604185052 -0.2907823324 -0.0413708538 0.9558944106
-11.5 -175.8 2748.7 0.9794847369 0.1467335224 0.1381263286 -0.1222341806 0.9775424600 -0.1716669947 -0.1602136493 0.1512614489 0.9754238129
-68.4 -554.9 2690.0 0.9836475849 -0.1001270115 0.1497062296 0.1145229414 0.9892590046 -0.0908357278 -0.1390031278 0.1064951494 0.9845491052
-210.9 398.3 2551.8 0 0 0 0 0 0 0 0 0
9.7 -289.0 2600.8 0 0 0 0 0 0 0 0 0
-200.7 -823.1 2672.4 0 0 0 0 0 0 0 0 0
-38.7 -848.7 2658.4 0 0 0 0 0 0 0 0 0
-128.6 441.8 2689.2 9 0.9537698030 -0.0540266447 -0.2956421077 0.0453356653 0.9983164668 -0.0361785479 0.2970989943 0.0211028736 0.9546134472
-115.5 200.8 2684.1 0.9537698030 -0.0540266447 -0.2956421077 0.0453356653 0.9983164668 -0.0361785479 0.2970989943 0.0211028736 0.9546134472
-100.4 8.5 2705.1 0.9496741295 -0.0781300291 -0.3033393323 0.1069887877 0.9910615683 0.0796890035 0.2944018543 -0.1081324890 0.9495446086
-245.2 186.1 2643.8 0.5593878627 -0.7638046145 -0.3220058382 0.0132026644 0.3966316581 -0.9178829193 0.8288009167 0.5092012286 0.2319551706
-355.8 183.5 2479.9 -0.5663751364 -0.7638046145 -0.3095508218 -0.7902171612 0.3966316581 0.4671617746 -0.2340426743 0.5092012286 -0.8282138109
14.1 215.4 2724.3 0.2584278882 0.4886536002 0.8333262801 -0.9630000591 0.1985866427 0.1821927428 -0.0764583349 -0.8495769501 0.5218937397
87.2 -57.0 2702.7 -0.2914629579 0.4886536002 0.8223545551 -0.8806546926 0.1985866427 -0.4301286936 -0.3734925687 -0.8495769501 0.3724544048
-174.9 -190.0 2699.7 0.9556232095 0.1158956140 0.2708365917 -0.0895427987 0.9901371002 -0.1077526733 -0.2806534171 0.0787194893 0.9565756321
-219.9 -574.1 2669.2 0.9555292130 -0.0781116784 0.2843632400 0.0721128359 0.9968982935 0.0315212086 -0.2859433889 -0.0096131954 0.9581983089
-4.2 -174.4 2751.2 0.9772898555 0.1646706462 0.1333720833 -0.1395355165 0.9737541080 -0.1798132956 -0.1594815701 0.1571195722 0.9746174216
-68.1 -552.2 2690.2 0.9840734005 -0.0980317593 0.1482878476 0.1117673963 0.9898917079 -0.0873065069 -0.1382301003 0.1024897546 0.9850828648
-210.8 385.9 2539.8 0 0 0 0 0 0 0 0 0
9.7 -291.4 2603.3 0 0 0 0 0 0 0 0 0
-200.6 -820.8 2671.6 0 0 0 0 0 0 0 0 0
-38.6 -850.0 2659.4 0 0 0 0 0 0 0 0 0
-129.1 440.3 2691.6 0 0.9539911747 -0.0545561686 -0.2948295772 0.0423447117 0.9979661107 -0.0476503260 0.2968295515 0.0329735167 0.9543610215
-116.0 200.9 2683.7 0.9539911747 -0.0545561686 -0.2948295772 0.0423447117 0.9979661107 -0.0476503260 0.2968295515 0.0329735167 0.9543610215
-100.2 8.6 2704.4 0.9493659139 -0.0815789327 -0.3033961654 0.1099178120 0.9909142852 0.0775042400 0.2943168879 -0.1069285274 0.9497072697
-245.7 185.9 2643.4 0.5493268967 -0.7694995403 -0.3257459402 -0.0050315885 0.3867781162 -0.9221590757 0.8355923891 0.5082058311 0.2085958272
-353.4 186.9 2479.5 -0.5572127104 -0.7694995403 -0.3120648265 -0.7954337001 0.3867781162 0.4665703773 -0.2383258343 0.5082058311 -0.8276035190
13.6 215.9 2723.9 0.2551415265 0.4768059850 0.8411651850 -0.9633747339 0.1996172667 0.1790589839 -0.0825347006 -0.8560426235 0.5102734566
85.6 -55.9 2700.6 -0.2867125571 0.4768059850 0.8309344053 -0.8852921724 0.1996172667 -0.4200128019 -0.3661334515 -0.8560426235 0.3648798168
-170.2 -193.3 2699.7 0.9542510509 0.1266302764 0.2708683908 -0.0992441922 0.9886748791 -0.1125723794 -0.2820558548 0.0805401951 0.9560114145
-219.3 -577.0 2668.4 0.9551844001 -0.0738184974 0.2866593599 0.0664469376 0.9971627593 0.0353729203 -0.2884572148 -0.0147400238 0.9573793411
-0.2 -174.1 2752.5 0.9749150276 0.1781560928 0.1334206760 -0.1520923823 0.9708849788 -0.1850682050 -0.1625071615 0.1601335108 0.9736265540
-69.3 -550.9 2690.3 0.9834712148 -0.1003620252 0.1507046223 0.1142117903 0.9897072315 -0.0862281919 -0.1404994130 0.1020151898 0.9848110676
-211.7 389.2 2540.1 0 0 0 0 0 0 0 0 0
9.3 -291.5 2603.2 0 0 0 0 0 0 0 0 0
-200.9 -826.2 2672.1 0 0 0 0 0 0 0 0 0
-38.9 -850.4 2659.4 0 0 0 0 0 0 0 0 0
-129.3 444.8 2694.3 1 0.9550457597 -0.0503935069 -0.2921440005 0.0355692282 0.9978060722 -0.0558378957 0.2943169177 0.0429364108 0.9547429085
-117.0 200.8 2683.8 0.9550457597 -0.0503935069 -0.2921440005 0.0355692282 0.9978060722 -0.0558378957 0.2943169177 0.0429364108 0.9547429085
-101.4 8.6 2705.4 0.9501413703 -0.0805236474 -0.3012430072 0.1100550517 0.9905077815 0.0823539793 0.2917521000 -0.1114012375 0.9499844909
-246.8 185.8 2643.9 0.5326902270 -0.7813642025 -0.3251324296 -0.0324456468 0.3650389910 -0.9304266572 0.8456881046 0.5061783195 0.1691008359
-349.5 192.0 2480.9 -0.5399063826 -0.7813642025 -0.3130033016 -0.8021982312 0.3650389910 0.4724664390 -0.2549099624 0.5061783195 -0.8238958716
12.8 215.8 2723.6 0.2555095851 0.4779639244 0.8403959274 -0.9633770585 0.1990197897 0.1797102690 -0.0813603997 -0.8555358648 0.5113109350
84.8 -55.8 2700.7 -0.2891535759 0.4779639244 0.8294218779 -0.8840570450 0.1990197897 -0.4228879809 -0.3671965599 -0.8555358648 0.3650000989
-169.4 -193.5 2698.8 0.9523544908 0.1403215528 0.2707965672 -0.1103162244 0.9862454534 -0.1230863035 -0.2843435407 0.0873485431 0.9547350407
-223.8 -576.3 2664.9 0.9524246454 -0.0894976184 0.2913373709 0.0772811249 0.9955890775 0.0531974509 -0.2948133647 -0.0281516816 0.9551400542
0.7 -173.8 2751.6 0.9730327725 0.1863481998 0.1359468102 -0.1611874551 0.9708938003 -0.1771548092 -0.1650024056 0.1504645199 0.9747484922
-71.6 -550.7 2693.2 0.9825999737 -0.1086009815 0.1506755203 0.1240864620 0.9874722362 -0.0974737182 -0.1382021606 0.1144744605 0.9837661386
-212.3 395.9 2545.7 0 0 0 0 0 0 0 0 0
7.9 -291.1 2603.0 0 0 0 0 0 0 0 0 0
-201.4 -825.7 2672.0 0 0 0 0 0 0 0 0 0
-38.8 -849.3 2658.5 0 0 0 0 0 0 0 0 0
-128.9 450.5 2686.6 2 0.9523271322 -0.0346299000 -0.3031068742 0.0305071790 0.9993665218 -0.0183273554 0.3035495281 0.0082067018 0.9527803063
-120.2 200.6 2684.6 0.9523271322 -0.0346299000 -0.3031068742 0.0305071790 0.9993665218 -0.0183273554 0.3035495281 0.0082067018 0.9527803063
-104.7 8.5 2707.9 0.9475490451 -0.0802545398 -0.3093703985 0.1132244244 0.9894752502 0.0901049674 0.2988830507 -0.1204071641 0.9466630816
-249.7 185.1 2643.7 0.5418398380 -0.7734948397 -0.3288090229 -0.0034149387 0.3891856372 -0.9211530089 0.8404748440 0.5002402663 0.2082348317
-352.4 185.7 2484.5 -0.5575075150 -0.7734948397 -0.3014815450 -0.7932208776 0.3891856372 0.4683323205 -0.2449203581 0.5002402663 -0.8305261731
9.2 216.0 2725.4 0.2660957873 0.4761745334 0.8381233811 -0.9605237246 0.2041876614 0.1889487058 -0.0811618939 -0.8553158641 0.5117104053
84.6 -56.0 2702.4 -0.2906166613 0.4761745334 0.8299396038 -0.8814707398 0.2041876614 -0.4258129895 -0.3722247183 -0.8553158641 0.3603935838
-170.9 -193.5 2700.9 0.9565702677 0.1329627633 0.2594113946 -0.0992415100 0.9852972031 -0.1390700936 -0.2740884721 0.1072859317 0.9557014108
-222.5 -575.9 2659.3 0.9554579854 -0.0861046612 0.2822871506 0.0657491609 0.9945574999 0.0808236301 -0.2877101004 -0.0586634390 0.9559192061
-0.6 -173.8 2753.2 0.9754995704 0.1799931377 0.1265030950 -0.1565597057 0.9719291329 -0.1756213307 -0.1545626670 0.1515132487 0.9762961268
-70.5 -551.1 2694.4 0.9845239520 -0.1058066487 0.1397053301 0.1205807030 0.9874606729 -0.1018907800 -0.1271727979 0.1171596795 0.9849368930
-212.3 385.1 2546.0 0 0 0 0 0 0 0 0 0
7.2 -290.6 2603.3 0 0 0 0 0 0 0 0 0
-200.3 -832.3 2674.4 0 0 0 0 0 0 0 0 0
-38.4 -850.6 2658.8 0 0 0 0 0 0 0 0 0
-130.8 448.1 2690.3 3 0.9519017339 -0.0281271711 -0.3051096499 0.0211441666 0.9994339347 -0.0261679050 0.3056729734 0.0184579864 0.9519576430
-123.8 200.6 2685.7 0.9519017339 -0.0281271711 -0.3051096499 0.0211441666 0.9994339347 -0.0261679050 0.3056729734 0.0184579864 0.9519576430
-106.0 8.8 2709.5 0.9456048012 -0.0920689180 -0.3120174408 0.1252747923 0.9882059693 0.0880636126 0.3002295792 -0.1223612949 0.9459862113
-253.0 183.4 2644.7 0.5285354257 -0.7777487040 -0.3402311504 -0.0226966739 0.3876955807 -0.9215080142 0.8486077785 0.4947717488 0.1872585416
-352.2 187.7 2485.4 -0.5519961119 -0.7777487040 -0.3006780148 -0.7977845669 0.3876955807 0.4617704451 -0.2425698191 0.4947717488 -0.8344823718
5.4 217.7 2726.7 0.2733926773 0.5004925132 0.8214399815 -0.9590778947 0.2072290033 0.1929395944 -0.0736613646 -0.8405732512 0.5366662145
83.1 -54.9 2705.8 -0.2853726447 0.5004925132 0.8173552752 -0.8771751523 0.2072290033 -0.4331510961 -0.3861686289 -0.8405732512 0.3798821270
-174.0 -193.7 2704.5 0.9594420791 0.1128631160 0.2583270073 -0.0772823691 0.9865560532 -0.1439951211 -0.2711057961 0.1181908548 0.9552657008
-217.8 -576.5 2658.7 0.9584379196 -0.0690774694 0.2768123448 0.0497407578 0.9958444834 0.0762863010 -0.2809317112 -0.0593468286 0.9578911066
-4.2 -173.4 2758.1 0.9787503481 0.1634655893 0.1238012761 -0.1381346732 0.9718042016 -0.1910900027 -0.1515472382 0.1699281633 0.9737339616
-67.6 -550.6 2692.1 0.9857645631 -0.0950317979 0.1386979669 0.1091990843 0.9891396761 -0.0983782932 -0.1278426051 0.1121235341 0.9854362607
-212.6 389.4 2546.8 0 0 0 0 0 0 0 0 0
7.1 -288.4 2603.0 0 0 0 0 0 0 0 0 0
-200.3 -828.0 2673.7 0 0 0 0 0 0 0 0 0
-38.9 -849.8 2658.2 0 0 0 0 0 0 0 0 0
-130.8 445.7 2694.1 4 0.9503334761 -0.0227509774 -0.3104007840 0.0117737725 0.9992387295 -0.0371927172 0.3110106587 0.0316908956 0.9498779178
-125.2 200.0 2686.3 0.9503334761 -0.0227509774 -0.3104007840 0.0117737725 0.9992387295 -0.0371927172 0.3110106587 0.0316908956 0.9498779178
-106.5 8.3 2710.5 0.9432093501 -0.0964281484 -0.3178958595 0.1305381060 0.9875519276 0.0877549946 0.3054766357 -0.1242688522 0.9440557361
-254.0 182.2 2644.6 0.5095035434 -0.7946619391 -0.3300280273 -0.0613730289 0.3490065336 -0.9351084232 0.8582770228 0.4966959059 0.1290492713
-348.4 193.6 2485.7 -0.5299092531 -0.7946619391 -0.2961563170 -0.7979808450 0.3490065336 0.4913460910 -0.2870935500 0.4966959059 -0.8190668225
3.7 217.9 2728.1 0.2811230123 0.4689996839 0.8372628689 -0.9558968544 0.2141533345 0.2009963095 -0.0850354284 -0.8568416834 0.5085187554
82.7 -50.9 2704.2 -0.2746343017 0.4689996839 0.8394136429 -0.8867000937 0.2141533345 -0.4097575843 -0.3719394207 -0.8568416834 0.3570482135
-172.8 -194.3 2706.3 0.9580349326 0.1309730113 0.2549807727 -0.1003547460 0.9864687920 -0.1296467632 -0.2685107887 0.0986175910 0.9582152963
-223.6 -577.0 2668.1 0.9577192068 -0.0877856314 0.2739847600 0.0783534348 0.9959002733 0.0452037714 -0.2768297493 -0.0218248721 0.9606711268
-3.4 -171.8 2760.1 0.9775788784 0.1746483594 0.1176330820 -0.1492236704 0.9687420130 -0.1981696337 -0.1485661119 0.1761728078 0.9730833769
-71.2 -547.8 2691.8 0.9850097895 -0.1065636203 0.1356464326 0.1197881699 0.9883992672 -0.0933685452 -0.1241231486 0.1082177684 0.9863479733
-213.5 396.7 2558.7 0 0 0 0 0 0 0 0 0
9.7 -286.9 2605.2 0 0 0 0 0 0 0 0 0
-201.7 -825.3 2673.5 0 0 0 0 0 0 0 0 0
-38.5 -851.0 2658.6 0 0 0 0 0 0 0 0 0
-133.1 446.8 2705.6 5 0.9407374859 -0.0316455364 -0.3376558721 0.0069115069 0.9972190857 -0.0742046013 0.3390651345 0.0674733445 0.9383401275
-125.4 202.4 2689.0 0.9407374859 -0.0316455364 -0.3376558721 0.0069115069 0.9972190857 -0.0742046013 0.3390651345 0.0674733445 0.9383401275
-95.9 12.8 2716.3 0.9235032797 -0.1527243555 -0.3518764079 0.1915815771 0.9783586264 0.0781724155 0.3323224783 -0.1396055222 0.9327765703
-251.3 176.3 2643.7 0.5113860965 -0.7924537063 -0.3324175775 -0.1261892170 0.3133832812 -0.9412052035 0.8500356078 0.5232667327 0.0602607429
-346.6 199.8 2485.2 -0.5198400021 -0.7924537063 -0.3190353215 -0.7957658172 0.3133832812 0.5182158351 -0.3106817007 0.5232667327 -0.7935167551
0.5 228.5 2734.3 0.2831310630 0.4859421849 0.8268597126 -0.9552286267 0.2200765312 0.1977487206 -0.0858779699 -0.8458288908 0.5264964104
83.2 -50.7 2709.2 -0.2699674666 0.4859421849 0.8312507272 -0.8826541305 0.2200765312 -0.4153167605 -0.3847587109 -0.8458288908 0.3695053756
-172.2 -195.0 2707.2 0.9636755586 0.1336386800 0.2312361598 -0.1090933084 0.9872496724 -0.1159169227 -0.2437788099 0.0864799842 0.9659674168
-224.1 -578.2 2673.7 0.9645112753 -0.0882591978 0.2488541007 0.0820054933 0.9960027337 0.0354070216 -0.2509843707 -0.0137430681 0.9678936005
-3.2 -171.6 2762.0 0.9804764986 0.1705889851 0.0978020355 -0.1498782337 0.9703003764 -0.1898781955 -0.1272884756 0.1715127081 0.9769243002
-69.5 -548.3 2695.4 0.9888142347 -0.0988504589 0.1116916016 0.1109897941 0.9879058003 -0.1082743779 -0.0996378139 0.1194598749 0.9878267050
-213.9 403.0 2564.5 0 0 0 0 0 0 0 0 0
11.4 -285.6 2606.8 0 0 0 0 0 0 0 0 0
-201.8 -829.6 2677.1 0 0 0 0 0 0 0 0 0
-39.1 -851.7 2658.7 0 0 0 0 0 0 0 0 0
-132.8 447.3 2711.3 6 0.9378848672 -0.0007759203 -0.3469457328 -0.0262704547 0.9969678521 -0.0732455477 0.3459506035 0.0778103098 0.9350207448
-132.6 210.9 2692.8 0.9378848672 -0.0007759203 -0.3469457328 -0.0262704547 0.9969678521 -0.0732455477 0.3459506035 0.0778103098 0.9350207448
-98.6 21.6 2717.9 0.9168630242 -0.1752278656 -0.3586884439 0.2093908489 0.9760869145 0.0583935827 0.3398789167 -0.1286449879 0.9316291213
-257.7 182.3 2646.4 0.4937149882 -0.7960266471 -0.3501244187 -0.0849451125 0.3565458059 -0.9304081798 0.8654651046 0.4890978336 0.1084134430
-349.6 198.1 2485.2 -0.5321107507 -0.7960266471 -0.2884436250 -0.7973454595 0.3565458059 0.4869448543 -0.2847777009 0.4890978336 -0.8244301081
-7.5 239.4 2739.2 0.3066386878 0.5004500747 0.8096433878 -0.9487996101 0.2284892201 0.2181098908 -0.0758416727 -0.8350703120 0.5448905230
82.2 -38.2 2717.0 -0.2442990839 0.5004500747 0.8305827379 -0.8880798221 0.2284892201 -0.3988820612 -0.3893997669 -0.8350703120 0.3886199296
-148.9 -193.9 2713.8 0.9535903335 0.1995051056 0.2255288064 -0.1703440845 0.9750571847 -0.1422896534 -0.2482910007 0.0972685367 0.9637895823
-226.1 -571.5 2676.1 0.9618192911 -0.0942195579 0.2569558918 0.0893728361 0.9955310225 0.0305031966 -0.2586815655 -0.0063736853 0.9659416080
16.2 -159.6 2773.2 0.9704765081 0.2234749943 0.0907431245 -0.1976300329 0.9524342418 -0.2319728136 -0.1382669806 0.2071906030 0.9684804082
-70.4 -528.6 2693.0 0.9877825975 -0.0969317481 0.1220238358 0.1085190848 0.9898105264 -0.0921885148 -0.1118444875 0.1043041274 0.9882365465
-213.3 402.4 2558.2 0 0 0 0 0 0 0 0 0
17.2 -274.5 2613.4 0 0 0 0 0 0 0 0 0
-201.9 -827.9 2677.8 0 0 0 0 0 0 0 0 0
-38.8 -850.8 2659.0 0 0 0 0 0 0 0 0 0
-136.5 451.5 2713.6 7 0.9368442297 -0.0021183807 -0.3497404158 -0.0287013818 0.9961431623 -0.0829155967 0.3485671878 0.0877170339 0.9331701994
-135.9 215.2 2692.8 0.9368442297 -0.0021183807 -0.3497404158 -0.0287013818 0.9961431623 -0.0829155967 0.3485671878 0.0877170339 0.9331701994
-101.6 25.9 2717.9 0.9149953127 -0.1771486402 -0.3624940813 0.2116215676 0.9756667018 0.0573656671 0.3435111642 -0.1292008758 0.9302189350
-260.9 186.3 2645.9 0.4998752475 -0.7909758687 -0.3528200090 -0.0169190392 0.3983718455 -0.9170679450 0.8659321666 0.4643889368 0.1857536733
-354.5 189.5 2483.7 -0.5568056703 -0.7909758687 -0.2536230087 -0.7832908630 0.3983718455 0.4772371352 -0.2764467597 0.4643889368 -0.8413798809
-11.0 244.1 2739.7 0.3297715485 0.4718498886 0.8176847696 -0.9410244823 0.2337025851 0.2446548939 -0.0756546706 -0.8501416445 0.5210907459
82.7 -23.4 2718.2 -0.2267602086 0.4718498886 0.8520196676 -0.8996269703 0.2337025851 -0.3688555062 -0.3731636107 -0.8501416445 0.3714944422
-146.7 -186.3 2712.5 0.9542008638 0.1965006292 0.2255841494 -0.1718067229 0.9772301912 -0.1245133355 -0.2449145913 0.0800538585 0.9662340283
-222.9 -565.2 2681.5 0.9645023942 -0.0876800716 0.2490930706 0.0898012146 0.9959555864 0.0028582728 -0.2483362406 0.0196120478 0.9684753418
17.4 -148.9 2773.4 0.9686394930 0.2342139781 0.0829538703 -0.2071504444 0.9455834627 -0.2509196103 -0.1372086853 0.2258667201 0.9644469619
-73.4 -515.5 2685.8 0.9864273667 -0.1051384807 0.1261228174 0.1140783727 0.9912856221 -0.0658704489 -0.1180982143 0.0793642923 0.9898253083
-212.9 388.6 2554.0 0 0 0 0 0 0 0 0 0
22.4 -262.7 2618.9 0 0 0 0 0 0 0 0 0
-200.0 -824.8 2676.4 0 0 0 0 0 0 0 0 0
-38.1 -848.6 2659.1 0 0 0 0 0 0 0 0 0
-135.7 446.7 2715.8 8 0.9362878799 0.0100407545 -0.3510900736 -0.0457441770 0.9945634007 -0.0935473666 0.3482420444 0.1036475897 0.9316569567
-138.0 217.2 2691.9 0.9362878799 0.0100407545 -0.3510900736 -0.0457441770 0.9945634007 -0.0935473666 0.3482420444 0.1036475897 0.9316569567
-104.0 27.8 2716.5 0.9148367643 -0.1757267714 -0.3635846078 0.2094166875 0.9762741923 0.0550753810 0.3452800810 -0.1265256703 0.9299317002
-263.0 188.6 2644.7 0.4961944222 -0.7913348079 -0.3571838737 0.0349251553 0.4292617440 -0.9025046229 0.8675087094 0.4353430569 0.2406347841
-356.8 182.0 2480.7 -0.5672759414 -0.7913348079 -0.2280071080 -0.7810795903 0.4292617440 0.4534853995 -0.2609840333 0.4353430569 -0.8616053462
-13.1 245.8 2739.0 0.3398824632 0.4614501297 0.8194776773 -0.9376903772 0.2331924438 0.2576004863 -0.0722262338 -0.8559702635 0.5119553804
80.5 -12.6 2719.1 -0.2031888664 0.4614501297 0.8635843992 -0.9114103913 0.2331924438 -0.3390463293 -0.3578343391 -0.8559702635 0.3731883466
-149.1 -182.3 2712.3 0.9543701410 0.1956814528 0.2255802751 -0.1718883514 0.9776724577 -0.1208760440 -0.2441968173 0.0765858591 0.9666966796
-225.1 -561.6 2682.6 0.9642561078 -0.0925937146 0.2482671738 0.0950102061 0.9954737425 0.0022573841 -0.2473524809 0.0214112196 0.9686889648
14.7 -144.4 2773.8 0.9697414041 0.2296092361 0.0829527378 -0.2031153738 0.9473180771 -0.2476541400 -0.1354463100 0.2233114988 0.9652907848
-74.4 -512.0 2687.2 0.9863653183 -0.1074478179 0.1246533021 0.1161875278 0.9910928011 -0.0650812164 -0.1165501475 0.0786770135 0.9900636077
-213.4 379.4 2546.7 0 0 0 0 0 0 0 0 0
26.5 -255.0 2624.0 0 0 0 0 0 0 0 0 0
-200.4 -826.7 2676.9 0 0 0 0 0 0 0 0 0
-38.0 -847.4 2660.6 0 0 0 0 0 0 0 0 0
-138.7 443.7 2715.4 9 0.9363539815 -0.0291192830 -0.3498474658 0.0078357924 0.9980392456 -0.0620988086 0.3509697914 0.0554051362 0.9347462058
-132.5 230.9 2703.6 0.9363539815 -0.0291192830 -0.3498474658 0.0078357924 0.9980392456 -0.0620988086 0.3509697914 0.0554051362 0.9347462058
-108.3 39.4 2716.1 0.9260734916 -0.1253799349 -0.3559041023 0.1401218027 0.9900076389 0.0158357266 0.3503622711 -0.0645349696 0.9343882799
-258.8 211.8 2656.0 0.4892362356 -0.7964496017 -0.3554095924 0.1827487648 0.4920780957 -0.8511533737 0.8527899981 0.3514643908 0.3862926066
-362.6 173.0 2475.0 -0.5913252831 -0.7964496017 -0.1265008003 -0.7553572059 0.4920780957 0.4327755272 -0.2824355960 0.3514643908 -0.8925821781
-6.2 250.0 2751.1 0.3162598014 0.4701127410 0.8239986300 -0.9435133934 0.2463322282 0.2215918899 -0.0988042429 -0.8475343585 0.5214626193
80.9 -9.9 2723.9 -0.1869864613 0.4701127410 0.8625717759 -0.9106686711 0.2463322282 -0.3316670358 -0.3684001267 -0.8475343585 0.3820561469
-151.8 -180.4 2710.1 0.9523600340 0.1923261732 0.2366876453 -0.1640720367 0.9773101211 -0.1339599192 -0.2570812404 0.0887442380 0.9623064399
-226.4 -559.7 2675.7 0.9591504335 -0.0977343693 0.2654777467 0.0927990079 0.9951989651 0.0311021600 -0.2672429085 -0.0051955790 0.9636151791
12.1 -142.9 2772.0 0.9710524082 0.2204717845 0.0919204131 -0.1924152076 0.9500036240 -0.2459055334 -0.1415399611 0.2211002856 0.9649254680
-73.5 -511.6 2686.2 0.9859048724 -0.1029916778 0.1318495274 0.1119391993 0.9917581677 -0.0623329468 -0.1243430674 0.0762134865 0.9893079996
-229.7 342.7 2538.5 0 0 0 0 0 0 0 0 0
31.1 -252.1 2625.9 0 0 0 0 0 0 0 0 0
-200.1 -827.8 2677.1 0 0 0 0 0 0 0 0 0
-38.6 -847.8 2660.3 0 0 0 0 0 0 0 0 0
-141.4 439.7 2716.2 0 0.9481937885 -0.0700628012 -0.3098705411 0.0492539667 0.9960050583 -0.0744846538 0.3138512373 0.0553635284 0.9478566647
-126.2 223.5 2704.2 0.9481937885 -0.0700628012 -0.3098705411 0.0492539667 0.9960050583 -0.0744846538 0.3138512373 0.0553635284 0.9478566647
-118.6 30.9 2713.6 0.9480019212 -0.0400062092 -0.3157401383 0.0527295992 0.9981006384 0.0318538472 0.3138660789 -0.0468463600 0.9483108521
-254.9 216.4 2661.6 0.4964495897 -0.7979080081 -0.3418780267 0.2176504433 0.4956733882 -0.8407949805 0.8403369188 0.3430024087 0.4197418988
-362.0 169.4 2480.2 -0.5868434310 -0.7979080081 -0.1376864910 -0.7687628269 0.4956733882 0.4041182697 -0.2542016804 0.3430024087 -0.9042847157
2.6 230.6 2746.8 0.3132093549 0.5101879835 0.8010044098 -0.9464696050 0.2370301634 0.2191163749 -0.0780716687 -0.8267556429 0.5571175218
80.9 -5.9 2727.2 -0.1462959349 0.5101879835 0.8475291729 -0.9233478308 0.2370301634 -0.3020686507 -0.3550017774 -0.8267556429 0.4364044368
-166.8 -164.7 2697.4 0.9485823512 0.1541791260 0.2764423192 -0.1296038628 0.9859715700 -0.1051803604 -0.2887808979 0.0639442354 0.9552574158
-226.6 -547.0 2672.6 0.9507323503 -0.0913764462 0.2962403595 0.0825754777 0.9956945777 0.0421139672 -0.2988131642 -0.0155769233 0.9541844726
-2.5 -141.0 2759.6 0.9739331007 0.1899831593 0.1239385828 -0.1615362167 0.9644730091 -0.2090402693 -0.1592495441 0.1835706681 0.9700213075
-75.9 -513.4 2688.7 0.9823238254 -0.1129802316 0.1492494643 0.1248008087 0.9895414114 -0.0723365620 -0.1395159215 0.0896843821 0.9861500859
-227.2 346.0 2538.6 0 0 0 0 0 0 0 0 0
42.0 -251.3 2632.9 0 0 0 0 0 0 0 0 0
-201.2 -824.0 2676.9 0 0 0 0 0 0 0 0 0
-37.8 -847.0 2658.5 0 0 0 0 0 0 0 0 0
-142.9 446.6 2724.6 1 0.9546526074 -0.0544860065 -0.2926939130 0.0364716612 0.9971089959 -0.0666591376 0.2954797149 0.0529612862 0.9538798928
-131.6 240.1 2713.6 0.9546526074 -0.0544860065 -0.2926939130 0.0364716612 0.9971089959 -0.0666591376 0.2954797149 0.0529612862 0.9538798928
-124.5 46.8 2714.1 0.9546622634 -0.0373652540 -0.2953367531 0.0362611301 0.9992998242 -0.0092164623 0.2954743505 -0.0019106348 0.9553487897
-261.6 235.1 2673.4 0.4378028214 -0.8071718216 -0.3959827125 0.2846611440 0.5422236323 -0.7905451059 0.8528169394 0.2333819866 0.4671575129
-361.3 170.3 2479.4 -0.5880023837 -0.8071718216 -0.0522187017 -0.7734775543 0.5422236323 0.3282163441 -0.2366127819 0.2333819866 -0.9431580901
-1.6 245.0 2753.8 0.2942543626 0.5005941987 0.8141374588 -0.9496510625 0.2490486652 0.1900989264 -0.1075974405 -0.8290839791 0.5486734509
81.6 -23.6 2723.3 -0.1024191529 0.5010849833 0.8593161106 -0.9320569038 0.2534670234 -0.2588907778 -0.3475345671 -0.8274468184 0.4410798550
-195.4 -166.5 2695.1 0.9496616125 0.0754153728 0.3040646017 -0.0524408035 0.9951654077 -0.0830407292 -0.3088571429 0.0629152060 0.9490252733
-224.5 -551.4 2670.7 0.9467628598 -0.0824386701 0.3111976087 0.0721350089 0.9964017868 0.0444967784 -0.3137461245 -0.0196796525 0.9493029714
-27.2 -157.8 2750.8 0.9809449911 0.1170909628 0.1550376266 -0.0879458562 0.9791606069 -0.1830575913 -0.1732411236 0.1659345180 0.9708003402
-72.4 -535.8 2686.8 0.9799301028 -0.1083980203 0.1672926247 0.1216480136 0.9900255799 -0.0710715353 -0.1579199731 0.0899959505 0.9833422899
-221.9 353.6 2535.4 0 0 0 0 0 0 0 0 0
54.4 -271.3 2631.0 0 0 0 0 0 0 0 0 0
-202.0 -823.5 2676.1 0 0 0 0 0 0 0 0 0
-38.3 -846.8 2658.5 0 0 0 0 0 0 0 0 0
-144.7 446.8 2720.3 2 0.9621841908 -0.1101176217 -0.2491500229 0.0956742764 0.9929909110 -0.0693940148 0.2550452054 0.0429325737 0.9659755230
-120.6 229.1 2710.9 0.9621841908 -0.1101176217 -0.2491500229 0.0956742764 0.9929909110 -0.0693940148 0.2550452054 0.0429325737 0.9659755230
-121.7 35.6 2715.1 0.9672163725 0.0059223203 -0.2538845837 -0.0005685198 0.9997760057 0.0211557243 0.2539530098 -0.0203178246 0.9670031071
-252.3 229.2 2676.2 0.4759454131 -0.7956398726 -0.3747440875 0.2498510927 0.5308663249 -0.8097872138 0.8432380557 0.2917842865 0.4514549077
-360.7 172.3 2484.2 -0.5937659740 -0.7956398726 -0.1199963242 -0.7788565755 0.5308663249 0.3340109885 -0.2020504475 0.2917842865 -0.9348997474
11.1 228.9 2745.5 0.2618785501 0.4816420674 0.8363256454 -0.9631825089 0.1850439161 0.1950339675 -0.0608204119 -0.8566094041 0.5123682618
75.4 -7.6 2730.5 -0.0671477020 0.4885762930 0.8699335456 -0.9401109815 0.2610576153 -0.2191809416 -0.3341893852 -0.8325515985 0.4417865276
-202.7 -149.7 2688.3 0.9379030466 0.0525649674 0.3428917527 -0.0352342799 0.9977760315 -0.0565826483 -0.3451034427 0.0409874953 0.9376692772
-223.1 -536.1 2672.5 0.9352208376 -0.0732539669 0.3464042246 0.0625125617 0.9971559644 0.0420970172 -0.3485028148 -0.0177153908 0.9371402860
-32.5 -143.5 2741.0 0.9753290415 0.1040895954 0.1946757436 -0.0796778500 0.9884002209 -0.1292922199 -0.2058755159 0.1105911136 0.9723090529
-72.7 -525.5 2698.2 0.9747714400 -0.1026479527 0.1982021034 0.1232596412 0.9878558517 -0.0945933536 -0.1860852987 0.1166372150 0.9755859971
-218.2 359.2 2532.7 0 0 0 0 0 0 0 0 0
57.6 -257.4 2641.7 0 0 0 0 0 0 0 0 0
-202.2 -820.6 2677.5 0 0 0 0 0 0 0 0 0
-39.3 -847.4 2660.2 0 0 0 0 0 0 0 0 0
-145.7 445.2 2727.1 3 0.9622377157 -0.1357877702 -0.2359243184 0.1112739816 0.9871898293 -0.1143430024 0.2484284788 0.0837729052 0.9650209546
-115.2 223.4 2708.3 0.9622377157 -0.1357877702 -0.2359243184 0.1112739816 0.9871898293 -0.1143430024 0.2484284788 0.0837729052 0.9650209546
-123.7 30.1 2716.6 0.9688924551 0.0436330475 -0.2436053753 -0.0320947729 0.9981758595 0.0511362776 0.2453922331 -0.0417270958 0.9685254097
-247.3 227.8 2674.8 0.4979285002 -0.7874220014 -0.3633645475 0.2327127606 0.5249541998 -0.8186988831 0.8354112506 0.3230939507 0.4446327984
-360.8 174.8 2484.4 -0.5981835723 -0.7874220014 -0.1488052607 -0.7772881389 0.5249541998 0.3467654288 -0.1949347705 0.3230939507 -0.9260727763
16.8 219.0 2741.8 0.2125171423 0.4859775603 0.8477395177 -0.9769814610 0.1221320853 0.1749026179 -0.0185374413 -0.8653956056 0.5007462502
65.6 -5.4 2737.6 0.0540241450 0.4854876399 0.8725727201 -0.9369609952 0.3267688155 -0.1237990856 -0.3452324867 -0.8108784556 0.4725364149
-209.3 -157.8 2696.6 0.9372158051 0.0267637111 0.3477214575 0.0011377211 0.9968110323 -0.0797898769 -0.3487480581 0.0751759484 0.9341966510
-219.6 -544.0 2667.4 0.9351824522 -0.0653787255 0.3480795920 0.0477781631 0.9971186519 0.0589205772 -0.3509287834 -0.0384708866 0.9356115460
-36.7 -158.2 2741.9 0.9765920639 0.0899241939 0.1954009831 -0.0616304763 0.9873123169 -0.1463423073 -0.2060815096 0.1308740824 0.9697434902
-71.5 -540.6 2691.3 0.9740471840 -0.1039923579 0.2010415941 0.1219654232 0.9893732667 -0.0791518763 -0.1906739920 0.1016177833 0.9763796926
-216.3 362.5 2531.5 0 0 0 0 0 0 0 0 0
79.5 -246.3 2648.8 0 0 0 0 0 0 0 0 0
-201.5 -821.1 2678.1 0 0 0 0 0 0 0 0 0
-39.2 -847.5 2659.7 0 0 0 0 0 0 0 0 0
-148.7 444.1 2720.5 4 0.9647513032 -0.0964400545 -0.2448554635 0.0834337398 0.9945216775 -0.0629715100 0.2495870441 0.0403226428 0.9675124884
-128.4 235.5 2712.1 0.9647513032 -0.0964400545 -0.2448554635 0.0834337398 0.9945216775 -0.0629715100 0.2495870441 0.0403226428 0.9675124884
-128.7 41.8 2717.0 0.9684996009 0.0012784026 -0.2490119189 0.0048849671 0.9996968508 0.0241317917 0.2489672899 -0.0245880447 0.9681997299
-260.5 234.8 2678.0 0.4245146811 -0.8146066666 -0.3952255547 0.3099539578 0.5408844948 -0.7819031477 0.8507149220 0.2094276398 0.4821039438
-358.7 163.2 2481.3 -0.5781459212 -0.8146066666 -0.0465108790 -0.7861590385 0.5408844948 0.2989949286 -0.2184062451 0.2094276398 -0.9531205297
3.6 236.1 2746.1 0.2317862064 0.4867588580 0.8422238231 -0.9722487926 0.1441715956 0.1842468232 -0.0317409821 -0.8615569472 0.5066676736
61.9 -8.2 2738.2 0.0989179984 0.4766021967 0.8735362291 -0.9360223413 0.3425196707 -0.0808852091 -0.3377534151 -0.8096484542 0.4799916744
-218.7 -160.3 2702.8 0.9376620650 0.0082677566 0.3474499881 0.0194730442 0.9968967438 -0.0762735233 -0.3470023870 0.0782846957 0.9345912933
-221.9 -546.8 2672.5 0.9353545308 -0.0734926239 0.3459923267 0.0627851337 0.9971399307 0.0420705080 -0.3480946422 -0.0176276676 0.9372936487
-45.6 -166.2 2746.8 0.9779493809 0.0648420826 0.1985208392 -0.0360871293 0.9887471199 -0.1451788843 -0.2057006061 0.1348135620 0.9692845941
-70.7 -549.5 2694.5 0.9737480879 -0.1058061495 0.2015433609 0.1269543022 0.9873450994 -0.0950382650 -0.1889372170 0.1181301251 0.9748579264
-232.5 334.7 2529.0 0 0 0 0 0 0 0 0 0
86.8 -243.9 2653.1 0 0 0 0 0 0 0 0 0
-202.1 -815.4 2677.2 0 0 0 0 0 0 0 0 0
-39.1 -844.2 2659.3 0 0 0 0 0 0 0 0 0
-151.5 444.6 2729.3 5 0.9612224698 -0.0776826665 -0.2646069229 0.0621624514 0.9958452582 -0.0665438846 0.2686768472 0.0475148633 0.9620577097
-135.7 242.9 2719.6 0.9612224698 -0.0776826665 -0.2646069229 0.0621624514 0.9958452582 -0.0665438846 0.2686768472 0.0475148633 0.9620577097
-130.8 49.3 2717.8 0.9633190632 -0.0250502564 -0.2671869993 0.0214379784 0.9996352196 -0.0164285861 0.2675010562 0.0100980205 0.9635046721
-267.2 240.0 2683.0 0.4016576409 -0.8035222888 -0.4393439293 0.2938749790 0.5674615502 -0.7691715360 0.8673572540 0.1798314452 0.4640603662
-363.5 169.5 2474.9 -0.5952628851 -0.8035222888 -0.0037499298 -0.7678670287 0.5674615502 0.2972669899 -0.2367327064 0.1798314452 -0.9547870159
-4.3 245.8 2756.2 0.2439895123 0.4994759560 0.8312598467 -0.9676052332 0.1827276200 0.1742144674 -0.0648781955 -0.8468378782 0.5278791785
59.9 -9.0 2739.2 0.1195410937 0.4857379496 0.8658917546 -0.9295283556 0.3611898422 -0.0742896423 -0.3488366306 -0.7959902883 0.4946842194
-215.5 -152.2 2699.5 0.9428746700 0.0235157646 0.3323166370 0.0002344966 0.9974585772 -0.0712486207 -0.3331475258 0.0672564432 0.9404729009
-224.6 -539.1 2673.4 0.9394792914 -0.0809912011 0.3328950405 0.0723588094 0.9966441989 0.0382697284 -0.3348774016 -0.0118657285 0.9421870112
-42.3 -151.4 2744.1 0.9789277911 0.0810186937 0.1874470413 -0.0577866808 0.9903140664 -0.1262488216 -0.1958599687 0.1127565354 0.9741277099
-73.7 -535.4 2700.4 0.9752561450 -0.1145010814 0.1891161203 0.1360758841 0.9850855470 -0.1053082421 -0.1742376536 0.1284366548 0.9762915969
-230.5 341.2 2527.8 0 0 0 0 0 0 0 0 0
90.1 -243.6 2651.1 0 0 0 0 0 0 0 0 0
-202.0 -817.5 2676.7 0 0 0 0 0 0 0 0 0
-37.2 -850.0 2659.4 0 0 0 0 0 0 0 0 0
-149.9 443.8 2731.6 6 0.9696722031 -0.0259431377 -0.2430282384 0.0122311236 0.9982554913 -0.0577615947 0.2441027910 0.0530373044 0.9682978988
-144.7 243.2 2721.0 0.9696722031 -0.0259431377 -0.2430282384 0.0122311236 0.9982554913 -0.0577615947 0.2441027910 0.0530373044 0.9682978988
-127.3 50.6 2714.5 0.9657695889 -0.0901205763 -0.2432434261 0.0792670697 0.9953861833 -0.0540653765 0.2469935417 0.0329335034 0.9684573412
-276.3 232.3 2687.1 0.3611602187 -0.8233867884 -0.4377185106 0.2279582024 0.5331171155 -0.8147522211 0.9042114615 0.1944745630 0.3802384436
-359.0 180.2 2480.1 -0.5672704577 -0.8233867884 -0.0154400850 -0.7825648785 0.5331171155 0.3215250969 -0.2565081418 0.1944745630 -0.9467751384
-13.2 254.0 2754.8 0.2643987238 0.4820362628 0.8353049755 -0.9628205299 0.1816944480 0.1999092698 -0.0554067604 -0.8571045399 0.5121542215
58.6 -7.3 2739.8 0.1313370168 0.4662863016 0.8748300672 -0.9356004000 0.3500367403 -0.0461099595 -0.3277231157 -0.8124354482 0.4822304547
-212.1 -146.3 2691.9 0.9332886338 0.0305718556 0.3578236103 -0.0100519322 0.9982033968 -0.0590670258 -0.3589865565 0.0515297614 0.9319191575
-223.9 -533.6 2671.9 0.9301726222 -0.0764154941 0.3590815067 0.0656600744 0.9969546795 0.0420728400 -0.3612030149 -0.0155576868 0.9323574305
-39.7 -142.5 2739.9 0.9718069434 0.0884261578 0.2185682803 -0.0635737255 0.9909474254 -0.1182435676 -0.2270455062 0.1010147259 0.9686312079
-74.0 -527.0 2700.7 0.9687507749 -0.1146967039 0.2199240625 0.1399220079 0.9848183393 -0.1027360931 -0.2048017532 0.1302978843 0.9700921178
-225.1 364.8 2540.6 0 0 0 0 0 0 0 0 0
91.7 -243.3 2657.1 0 0 0 0 0 0 0 0 0
-201.9 -820.5 2676.4 0 0 0 0 0 0 0 0 0
-36.4 -849.9 2658.0 0 0 0 0 0 0 0 0 0
-152.6 445.6 2722.8 7 0.9637571573 -0.0326084495 -0.2647807598 0.0287372861 0.9994161129 -0.0184818748 0.2652288377 0.0102029592 0.9641315341
-146.1 247.9 2720.8 0.9637571573 -0.0326084495 -0.2647807598 0.0287372861 0.9994161129 -0.0184818748 0.2652288377 0.0102029592 0.9641315341
-126.0 55.3 2715.6 0.9593677521 -0.1037211791 -0.2624032795 0.0929274336 0.9942479134 -0.0532500520 0.2664170563 0.0267019160 0.9634879231
-277.0 235.2 2684.3 0.3600934148 -0.8250792027 -0.4354044795 0.2317923009 0.5312052369 -0.8149192333 0.9036620259 0.1925236434 0.3825305104
-358.4 182.8 2480.0 -0.5650169849 -0.8250792027 -0.0003742503 -0.7759301066 0.5312052369 0.3402256072 -0.2805142701 0.1925236434 -0.9403437376
-15.3 260.6 2757.2 0.2824085951 0.4918527603 0.8236056566 -0.9570887685 0.2026487291 0.2071583122 -0.0650112405 -0.8467670083 0.5279765129
60.5 3.6 2739.8 0.1425426006 0.4762649536 0.8676711917 -0.9391825795 0.3417977393 -0.0333222486 -0.3124382794 -0.8101518154 0.4960204959
-196.1 -149.1 2685.8 0.9389247298 0.0612340346 0.3386306167 -0.0405676775 0.9968751073 -0.0677809045 -0.3417229354 0.0499037132 0.9384748340
-219.9 -535.8 2666.4 0.9369348288 -0.0630935133 0.3437620103 0.0432383716 0.9969396591 0.0651290417 -0.3468191922 -0.0461579561 0.9367955327
-23.6 -134.9 2730.2 0.9698755145 0.1379278004 0.2007918507 -0.1186947897 0.9873720407 -0.1049190313 -0.2127275020 0.0779254586 0.9739993215
-77.0 -517.5 2700.0 0.9719132185 -0.1207621023 0.2019930780 0.1424084604 0.9851161242 -0.0962605923 -0.1873620003 0.1223224625 0.9746448994
-220.1 372.8 2548.7 0 0 0 0 0 0 0 0 0
96.6 -234.0 2660.7 0 0 0 0 0 0 0 0 0
-201.7 -823.3 2679.8 0 0 0 0 0 0 0 0 0
-36.1 -851.7 2658.5 0 0 0 0 0 0 0 0 0
-152.6 442.0 2728.4 8 0.9612562656 -0.0294505395 -0.2740785778 0.0171531178 0.9987401962 -0.0471576340 0.2751221061 0.0406292677 0.9605504274
-146.8 248.0 2720.5 0.9612562656 -0.0294505395 -0.2740785778 0.0171531178 0.9987401962 -0.0471576340 0.2751221061 0.0406292677 0.9605504274
-122.7 55.6 2717.2 0.9536870122 -0.1245939657 -0.2737836242 0.1149749458 0.9920599461 -0.0509693474 0.2779602408 0.0171305463 0.9604398012
-277.0 232.3 2682.5 0.3771055043 -0.8111078739 -0.4470967352 0.2380585670 0.5514054894 -0.7995499372 0.8950528502 0.1950794756 0.4010292292
-360.3 179.7 2484.8 -0.5840612054 -0.8111078739 -0.0312501229 -0.7813916802 0.5514054894 0.2921969295 -0.2197717428 0.1950794756 -0.9558474422
-16.7 263.7 2758.5 0.2832593322 0.4999379218 0.8184291124 -0.9571094513 0.2015293688 0.2081524134 -0.0608742200 -0.8422873616 0.5355803967
60.3 3.4 2741.9 0.1348669231 0.4851878881 0.8639465570 -0.9369475842 0.3461400867 -0.0481276736 -0.3223975003 -0.8029817939 0.5012784600
-191.8 -145.7 2686.5 0.9409378767 0.0895553231 0.3265205920 -0.0699526221 0.9949977994 -0.0713163987 -0.3312740326 0.0442633331 0.9424957633
-226.5 -531.7 2669.3 0.9381785393 -0.0846699849 0.3356367648 0.0669641197 0.9957004786 0.0640026629 -0.3396128118 -0.0375703014 0.9398146868
-20.2 -129.1 2734.3 0.9711285233 0.1484317034 0.1867548376 -0.1276897341 0.9846928716 -0.1186394319 -0.2015060037 0.0913674682 0.9752165675
-77.7 -510.9 2698.8 0.9747608900 -0.1158529446 0.1908385456 0.1350844353 0.9866449833 -0.0910156444 -0.1777454615 0.1144978032 0.9773928523
-218.1 369.9 2538.3 0 0 0 0 0 0 0 0 0
94.8 -236.0 2659.5 0 0 0 0 0 0 0 0 0
-202.0 -819.7 2680.2 0 0 0 0 0 0 0 0 0
-37.9 -850.4 2659.5 0 0 0 0 0 0 0 0 0
-151.1 441.5 2723.2 9 0.9646265507 -0.0074874065 -0.2635139227 0.0011745796 0.9997087121 -0.0241057277 0.2636176646 0.0229435060 0.9643543363
-149.6 241.1 2718.6 0.9646265507 -0.0074874065 -0.2635139227 0.0011745796 0.9997087121 -0.0241057277 0.2636176646 0.0229435060 0.9643543363
-116.5 50.2 2719.5 0.9497635961 -0.1711251736 -0.2620405555 0.1663481295 0.9852358699 -0.0404794477 0.2650988102 -0.0051440503 0.9642075300
-279.2 218.4 2682.4 0.3718134761 -0.8142853975 -0.4457511306 0.1949563771 0.5379620790 -0.8201151490 0.9076049328 0.2180278301 0.3587716520
-360.0 176.0 2485.0 -0.5779473186 -0.8142853975 -0.0540018231 -0.7863327265 0.5379620790 0.3037723601 -0.2183064520 0.2180278301 -0.9512130022
-20.1 263.7 2754.7 0.3162911534 0.4805767834 0.8179277778 -0.9471707940 0.2083025128 0.2438801825 -0.0531732477 -0.8518544436 0.5210725665
66.3 5.0 2740.2 0.1074367911 0.4709097445 0.8756148219 -0.9429782033 0.3273390830 -0.0603423007 -0.3150387406 -0.8192027211 0.4792259037
-183.9 -147.0 2689.0 0.9370816946 0.1002146080 0.3344173431 -0.0748520494 0.9933112860 -0.0879195333 -0.3409913480 0.0573559627 0.9383150935
-222.8 -532.5 2666.7 0.9354183078 -0.0727526397 0.3459762931 0.0521389022 0.9962854981 0.0685327649 -0.3496770859 -0.0460679829 0.9357369542
-13.2 -126.4 2738.8 0.9661728740 0.1691931784 0.1946371496 -0.1445946693 0.9803202748 -0.1344041824 -0.2135470212 0.1017141864 0.9716233015
-78.8 -506.7 2699.3 0.9720930457 -0.1182162315 0.2026327252 0.1380333006 0.9866356254 -0.0865845829 -0.1896889657 0.1121383384 0.9754194617
-219.1 367.7 2538.3 0 0 0 0 0 0 0 0 0
94.1 -238.8 2658.7 0 0 0 0 0 0 0 0 0
-201.7 -820.5 2680.0 0 0 0 0 0 0 0 0 0
-37.9 -848.7 2660.5 0 0 0 0 0 0 0 0 0
-150.2 443.2 2729.1 0 0.9681921601 0.0165761858 -0.2496580184 -0.0319558531 0.9978237748 -0.0576760732 0.2481586635 0.0638195574 0.9666149020
-153.7 236.5 2715.9 0.9681921601 0.0165761858 -0.2496580184 -0.0319558531 0.9978237748 -0.0576760732 0.2481586635 0.0638195574 0.9666149020
-114.7 46.7 2721.0 0.9464871883 -0.2008172870 -0.2526547015 0.2009602636 0.9792669415 -0.0255186353 0.2525409758 -0.0266204979 0.9672199488
-282.8 209.1 2681.4 0.3394967318 -0.8310952187 -0.4404801428 0.1180894673 0.5022482276 -0.8566222191 0.9331649542 0.2388043702 0.2686552107
-354.7 184.1 2483.8 -0.5523565412 -0.8310952187 -0.0646765530 -0.7954180837 0.5022482276 0.3392002285 -0.2494240105 0.2388043702 -0.9384882450
-24.6 263.9 2750.3 0.3488035202 0.4682176113 0.8118548989 -0.9368110299 0.1990104169 0.2877149880 -0.0268543549 -0.8609106541 0.5080469847
71.2 6.7 2742.9 0.0855360851 0.4610898197 0.8832212687 -0.9438507557 0.3214190602 -0.0763905495 -0.3191070557 -0.8270949125 0.4626928866
