-453.0 496.4 2339.4 1 0.9164362550 0.0251101274 -0.3993920684 -0.0050829682 0.9986793399 0.0511245690 0.4001483619 -0.0448223129 0.9153535962
-457.9 298.2 2348.3 0.9164362550 0.0251101274 -0.3993920684 -0.0050829682 0.9986793399 0.0511245690 0.4001483619 -0.0448223129 0.9153535962
-462.1 102.5 2355.9 0.9164640307 0.0212185867 -0.3995540440 -0.0038856918 0.9990177751 0.0441408306 0.4000982046 -0.0389009416 0.9156463146
-588.5 298.7 2291.3 0.5623452067 -0.3938585222 -0.7270786166 0.7934120297 0.0092959460 0.6086139083 -0.2329488993 -0.9191240668 0.3177196383
-723.4 108.3 2347.2 -0.2359891087 -0.3938585222 -0.8883606195 0.9654080868 0.0092959460 -0.2605778277 0.1108889505 -0.9191240668 0.3780404627
-327.4 297.6 2405.2 0.7389701009 0.6579787135 -0.1448696852 -0.4676371515 0.3461241126 -0.8133348823 -0.4850141406 0.6687765718 0.5634706616
-236.4 240.0 2345.5 -0.5619575381 0.6579787135 0.5012661219 0.8168681860 0.3461241126 0.4614373744 0.1301156729 0.6687765718 -0.7319889665
-555.3 -92.1 2328.3 0.7437218428 -0.0926193744 -0.6620419025 0.1147744134 0.9933409095 -0.0100331688 0.6585625410 -0.0685235783 0.7493996620
-519.0 -481.2 2355.2 0.7443026900 -0.1434341520 -0.6522577405 0.1108091101 0.9896500707 -0.0911818892 0.6585854888 -0.0044091777 0.7524929643
-387.5 -94.6 2395.4 -0.7196337581 -0.2292078882 -0.6554319263 -0.2982411385 0.9544695616 -0.0063279909 0.6270402670 0.1909229159 -0.7552277446
-297.7 -468.4 2320.6 -0.7714683414 -0.0417635515 -0.6348956227 0.0143638002 0.9964460135 -0.0830000117 0.6361055970 -0.0731513947 -0.7681266665
-663.7 -135.8 2319.1 0 0 0 0 0 0 0 0 0
-380.2 449.1 2378.8 0 0 0 0 0 0 0 0 0
-477.8 -765.4 2356.4 0 0 0 0 0 0 0 0 0
-285.3 -764.5 2342.3 0 0 0 0 0 0 0 0 0
-451.8 496.7 2338.8 2 0.9278060794 0.0327481329 -0.3716227710 -0.0145657230 0.9985600710 0.0516298041 0.3727784455 -0.0424894877 0.9269470572
-458.3 298.4 2347.3 0.9278060794 0.0327481329 -0.3716227710 -0.0145657230 0.9985600710 0.0516298041 0.3727784455 -0.0424894877 0.9269470572
-463.8 102.8 2354.8 0.9279010892 0.0277110543 -0.3717952371 -0.0114262942 0.9988791943 0.0459326096 0.3726513684 -0.0383726731 0.9271777272
-590.5 300.1 2294.2 0.5812562704 -0.3780464530 -0.7205706239 0.7817495465 0.0136548299 0.6234430075 -0.2258511335 -0.9256859422 0.3034746051
-725.5 118.4 2346.7 -0.2086525112 -0.3780464530 -0.9019672871 0.9729085565 0.0136548299 -0.2307866216 0.0995642692 -0.9256859422 0.3649555147
-326.2 296.8 2400.3 0.7205884457 0.6802365780 -0.1342775971 -0.4726479053 0.3402141035 -0.8129319549 -0.5073028803 0.6492553949 0.5666667819
-237.4 238.6 2337.8 -0.5515491962 0.6802365780 0.4827750027 0.8209660053 0.3402141035 0.4585511684 0.1476764232 0.6492553949 -0.7460958958
-549.1 -92.8 2327.4 0.7642196417 -0.0839697942 -0.6394664645 0.1037430689 0.9945821166 -0.0066185789 0.6365576982 -0.0612821691 0.7687904835
-516.2 -482.4 2351.4 0.7632473111 -0.1318642348 -0.6325072646 0.1112181395 0.9911532998 -0.0724271983 0.6364622116 -0.0150664188 0.7711607218
-383.5 -93.5 2399.7 -0.7026928067 -0.2164938301 -0.6777560711 -0.2946597040 0.9556022286 0.0002556425 0.6476098299 0.1998870373 -0.7352867723
-298.7 -467.8 2321.4 -0.7528246641 -0.0418905616 -0.6568867564 0.0152416248 0.9965957999 -0.0810219198 0.6580446362 -0.0710073188 -0.7496234179
-672.8 -127.1 2321.5 0 0 0 0 0 0 0 0 0
-378.6 448.7 2375.6 0 0 0 0 0 0 0 0 0
-478.5 -765.6 2355.7 0 0 0 0 0 0 0 0 0
-286.3 -763.4 2342.5 0 0 0 0 0 0 0 0 0
-452.5 497.6 2345.5 3 0.9322484136 0.0306580942 -0.3605176508 -0.0219276994 0.9993594289 0.0282826424 0.3611538112 -0.0184611250 0.9323235154
-458.6 298.8 2349.2 0.9322484136 0.0306580942 -0.3605176508 -0.0219276994 0.9993594289 0.0282826424 0.3611538112 -0.0184611250 0.9323235154
-464.3 103.1 2353.1 0.9323125482 0.0287949666 -0.3605054319 -0.0197713301 0.9993926883 0.0286942162 0.3611127138 -0.0196243059 0.9323156476
-591.4 301.6 2297.8 0.5925615430 -0.3660015166 -0.7175748348 0.7753899693 0.0177867934 0.6312321424 -0.2182685584 -0.9304442406 0.2943336666
-726.7 124.5 2347.6 -0.2251977473 -0.3660015166 -0.9029556513 0.9684091210 0.0177867934 -0.2487315387 0.1070968062 -0.9304442406 0.3504336774
-325.8 296.0 2400.6 0.7137662768 0.6884831190 -0.1285639107 -0.4636469185 0.3268949389 -0.8235115409 -0.5249469280 0.6474030018 0.5525396466
-237.8 238.8 2335.9 -0.5486133099 0.6884831190 0.4743568301 0.8185917735 0.3268949389 0.4722787738 0.1700911224 0.6474030018 -0.7429255247
-553.0 -91.8 2328.7 0.7707175016 -0.0857370645 -0.6313823462 0.1057453752 0.9943754673 -0.0059472984 0.6283410192 -0.0621820800 0.7754488587
-519.5 -481.3 2353.0 0.7682062387 -0.1465582252 -0.6232013106 0.1235516146 0.9890835881 -0.0803034529 0.6281673312 -0.0153079191 0.7779276967
-385.4 -93.9 2396.0 -0.6974673271 -0.2274575382 -0.6795604825 -0.2965821624 0.9548861384 -0.0152152516 0.6523636580 0.1909333766 -0.7334617376
-296.3 -467.8 2321.2 -0.7461413145 -0.0263762139 -0.6652649045 0.0275438782 0.9971365929 -0.0704265535 0.6652175784 -0.0708721355 -0.7432783246
-670.0 -119.3 2320.7 0 0 0 0 0 0 0 0 0
-378.3 448.4 2379.5 0 0 0 0 0 0 0 0 0
-477.4 -765.3 2357.4 0 0 0 0 0 0 0 0 0
-288.5 -762.8 2342.2 0 0 0 0 0 0 0 0 0
-451.6 499.5 2348.9 4 0.9121972322 0.0312095061 -0.4085611403 -0.0234611314 0.9994375110 0.0239640288 0.4090792537 -0.0122746136 0.9124162793
-457.8 300.3 2351.4 0.9121972322 0.0312095061 -0.4085611403 -0.0234611314 0.9994375110 0.0239640288 0.4090792537 -0.0122746136 0.9124162793
-462.8 104.6 2353.9 0.9123446941 0.0258360561 -0.4086069763 -0.0182931740 0.9995826483 0.0223578960 0.4090141058 -0.0129233897 0.9124365449
-587.6 302.9 2293.2 0.6032388806 -0.3695375919 -0.7067848444 0.7638121247 0.0126159042 0.6453153491 -0.2295515537 -0.9291301370 0.2898676991
-726.4 127.2 2346.0 -0.2331071645 -0.3695375919 -0.8995015621 0.9666743875 0.0126159042 -0.2556980252 0.1058380604 -0.9291301370 0.3542816639
-328.0 297.7 2409.6 0.7417387962 0.6526803374 -0.1543757319 -0.4587044418 0.3257529140 -0.8267256618 -0.4892992377 0.6840273142 0.5410109758
-236.6 241.2 2349.3 -0.5595737696 0.6526803374 0.5107695460 0.8159336448 0.3257529140 0.4776372313 0.1453597844 0.6840273142 -0.7148266435
-554.2 -90.9 2324.3 0.7363406420 -0.0919216946 -0.6703378558 0.1078525782 0.9940069318 -0.0178336427 0.6679598093 -0.0591660328 0.7418416739
-518.2 -480.2 2347.5 0.7327476144 -0.1461057365 -0.6646307111 0.1339278668 0.9885399938 -0.0696567670 0.6671913266 -0.0379717462 0.7439179420
-385.7 -94.4 2389.6 -0.7322965264 -0.2339581251 -0.6395353079 -0.2904726863 0.9567252398 -0.0173899774 0.6159281135 0.1730329245 -0.7685649991
-294.1 -469.1 2321.8 -0.7783864141 -0.0171787832 -0.6275503635 0.0290636644 0.9975676537 -0.0633570850 0.6271123290 -0.0675552040 -0.7759938240
-667.9 -115.4 2319.4 0 0 0 0 0 0 0 0 0
-379.8 450.0 2386.5 0 0 0 0 0 0 0 0 0
-475.9 -766.2 2358.5 0 0 0 0 0 0 0 0 0
-289.0 -763.8 2341.8 0 0 0 0 0 0 0 0 0
-451.1 501.1 2350.1 5 0.9031860232 0.0281680040 -0.4283241034 -0.0207514539 0.9995431304 0.0219756737 0.4287474453 -0.0109597743 0.9033579230
-456.7 302.4 2352.3 0.9031860232 0.0281680040 -0.4283241034 -0.0207514539 0.9995431304 0.0219756737 0.4287474453 -0.0109597743 0.9033579230
-461.2 106.6 2354.4 0.9033066630 0.0229137149 -0.4283830822 -0.0160312913 0.9996780157 0.0196673628 0.4286958277 -0.0108981254 0.9033831358
-585.3 304.7 2291.2 0.6070604920 -0.3493667841 -0.7137368917 0.7635768652 0.0077234949 0.6456707120 -0.2200633585 -0.9369542003 0.2714570165
-724.8 129.3 2341.8 -0.2314557433 -0.3493667841 -0.9079488516 0.9682657123 0.0077234949 -0.2498037070 0.0942856520 -0.9369542003 0.3364922106
-328.1 300.1 2413.3 0.7537124753 0.6366185546 -0.1632001400 -0.4554198980 0.3269018531 -0.8280868530 -0.4738250673 0.6984640360 0.5363187790
-235.2 244.0 2354.9 -0.5653886795 0.6366185546 0.5244544148 0.8137933612 0.3269018531 0.4804950953 0.1344469786 0.6984640360 -0.7029025555
-550.2 -89.5 2319.6 0.7222520113 -0.0822461843 -0.6867223382 0.0986483097 0.9950029254 -0.0154156294 0.6845586300 -0.0566100292 0.7267563343
-518.0 -479.3 2341.7 0.7171690464 -0.1393123716 -0.6828327775 0.1390692294 0.9887173772 -0.0556569733 0.6828823686 -0.0550455712 0.7284515500
-385.5 -92.9 2393.4 -0.7439846992 -0.2301281393 -0.6273179650 -0.2960630357 0.9551681280 0.0007257792 0.5990270972 0.1862656325 -0.7787628770
-295.4 -466.9 2320.4 -0.7936137915 -0.0268381648 -0.6078296304 0.0218086690 0.9971297979 -0.0725018829 0.6080308557 -0.0707944483 -0.7907506227
-666.7 -113.4 2318.1 0 0 0 0 0 0 0 0 0
-380.0 452.3 2389.3 0 0 0 0 0 0 0 0 0
-477.8 -764.6 2357.6 0 0 0 0 0 0 0 0 0
-287.4 -763.9 2341.5 0 0 0 0 0 0 0 0 0
-449.8 498.9 2351.7 6 0.8936915398 0.0303624179 -0.4476534128 -0.0240732562 0.9995154142 0.0197332129 0.4480356276 -0.0068589300 0.8939893842
-455.9 300.3 2353.0 0.8936915398 0.0303624179 -0.4476534128 -0.0240732562 0.9995154142 0.0197332129 0.4480356276 -0.0068589300 0.8939893842
-460.9 104.5 2354.4 0.8938151598 0.0255033858 -0.4477098286 -0.0196501855 0.9996500015 0.0177142117 0.4480048716 -0.0070356498 0.8940034509
-583.2 303.1 2289.2 0.6163846254 -0.3522790372 -0.7042509913 0.7533693314 0.0035718684 0.6575879455 -0.2291389704 -0.9358881712 0.2675978541
-724.2 130.7 2341.7 -0.2284677774 -0.3522790372 -0.9075802565 0.9694105387 0.0035718684 -0.2454189211 0.0896976963 -0.9358881712 0.3406869471
-328.6 297.5 2416.9 0.7626852393 0.6221985817 -0.1765791029 -0.4556098580 0.3230763078 -0.8294826150 -0.4590543509 0.7130852938 0.5298853517
-234.6 241.4 2360.3 -0.5663269758 0.6221985817 0.5405022502 0.8146373630 0.3230763078 0.4816510081 0.1250590980 0.7130852938 -0.6898330450
-547.2 -87.7 2317.9 0.7072356939 -0.0767392889 -0.7028006315 0.0987523422 0.9950687885 -0.0092767226 0.7000468969 -0.0628423765 0.7113263607
-517.2 -477.5 2342.5 0.7032276988 -0.1337296516 -0.6982744336 0.1312855184 0.9896859527 -0.0573223606 0.6987380981 -0.0513626561 0.7135313153
-384.1 -90.6 2395.3 -0.7585184574 -0.2228669375 -0.6123561859 -0.2916258276 0.9564422369 0.0131365089 0.5827556252 0.1885431707 -0.7904728651
-296.8 -465.2 2321.4 -0.8067310452 -0.0332767628 -0.5899811387 0.0118230525 0.9973043203 -0.0724177137 0.5908005238 -0.0653969944 -0.8041629195
-667.0 -112.2 2319.2 0 0 0 0 0 0 0 0 0
-379.6 450.0 2392.3 0 0 0 0 0 0 0 0 0
-478.7 -762.1 2357.2 0 0 0 0 0 0 0 0 0
-286.8 -764.7 2341.1 0 0 0 0 0 0 0 0 0
-447.9 495.6 2352.0 7 0.8872158527 0.0314195789 -0.4602833986 -0.0264608152 0.9995014668 0.0172230005 0.4605950713 -0.0031010450 0.8876049519
-454.2 297.2 2352.6 0.8872158527 0.0314195789 -0.4602833986 -0.0264608152 0.9995014668 0.0172230005 0.4605950713 -0.0031010450 0.8876049519
-459.4 101.4 2353.5 0.8873510957 0.0269132890 -0.4603082836 -0.0218268875 0.9996277094 0.0163698066 0.4605774879 -0.0044786683 0.8876081705
-580.6 300.3 2287.0 0.6107932329 -0.3289814591 -0.7202102542 0.7607078552 -0.0085378941 0.6490383148 -0.2196706533 -0.9442977905 0.2450438887
-723.5 122.3 2338.4 -0.1744567603 -0.3289814591 -0.9280819297 0.9832967520 -0.0085378941 -0.1818093359 0.0518880337 -0.9442977905 0.3249759078
-327.8 294.1 2418.2 0.7685444951 0.6124536395 -0.1850403100 -0.4555406272 0.3207444847 -0.8304250240 -0.4492461681 0.7225119472 0.5255039334
-233.0 237.9 2362.8 -0.5670625567 0.6124536395 0.5507636666 0.8150540590 0.3207444847 0.4825036824 0.1188567430 0.7225119472 -0.6810650229
-546.6 -89.5 2315.3 0.6969643235 -0.0724530444 -0.7134362459 0.1018358767 0.9948000312 -0.0015422757 0.7098380923 -0.0715784952 0.7007184625
-518.2 -479.1 2343.4 0.6936123967 -0.1358363926 -0.7074251175 0.1280721724 0.9896678329 -0.0644597784 0.7088719010 -0.0458913743 0.7038427591
-385.1 -93.0 2396.3 -0.7656314969 -0.2272726595 -0.6017935872 -0.2980103195 0.9543792009 0.0187137164 0.5700861812 0.1936685145 -0.7984324098
-296.1 -466.8 2320.4 -0.8165627718 -0.0328890122 -0.5763189793 0.0134276431 0.9970232844 -0.0759225786 0.5771004558 -0.0697341561 -0.8136904836
-679.4 -126.3 2325.3 0 0 0 0 0 0 0 0 0
-378.2 446.6 2393.3 0 0 0 0 0 0 0 0 0
-479.3 -762.4 2356.5 0 0 0 0 0 0 0 0 0
-286.3 -764.1 2341.2 0 0 0 0 0 0 0 0 0
-446.1 491.6 2352.6 8 0.8948230147 0.0432964750 -0.4443165064 -0.0403739698 0.9990558624 0.0160427038 0.4445915818 0.0035834408 0.8957262039
-454.7 294.0 2351.9 0.8948230147 0.0432964750 -0.4443165064 -0.0403739698 0.9990558624 0.0160427038 0.4445915818 0.0035834408 0.8957262039
-462.1 98.3 2351.6 0.8950530887 0.0378265493 -0.4443525076 -0.0347072408 0.9992825985 0.0151559608 0.4446070194 0.0018568592 0.8957238197
-582.2 299.0 2288.6 0.6036494970 -0.3209896684 -0.7297759652 0.7673669457 -0.0143330926 0.6410480142 -0.2162297368 -0.9469742179 0.2376646996
-724.2 118.5 2339.4 -0.1581639647 -0.3209896684 -0.9337825179 0.9866550565 -0.0143330926 -0.1621924788 0.0386781208 -0.9469742179 0.3189730644
-327.2 289.1 2415.3 0.7554683089 0.6286007762 -0.1847395748 -0.4606053829 0.3090295196 -0.8320717812 -0.4659509957 0.7136958838 0.5229989290
-234.0 232.3 2357.8 -0.5558949113 0.6286007762 0.5439134836 0.8203121424 0.3090295196 0.4812367260 0.1344204545 0.7136958838 -0.6874367595
-544.9 -92.4 2312.7 0.7094430923 -0.0712563619 -0.7011512518 0.1045274958 0.9945109487 0.0046938132 0.6969680786 -0.0766195729 0.7129971385
-517.0 -482.0 2342.7 0.7065255046 -0.1309918165 -0.6954587698 0.1281303763 0.9901563525 -0.0563297272 0.6959916353 -0.0493110009 0.7163547277
-384.5 -96.4 2396.0 -0.7581762075 -0.2242281437 -0.6122830510 -0.2958342135 0.9550958872 0.0165529288 0.5810773969 0.1936843097 -0.7904653549
-296.7 -470.5 2320.1 -0.8092275262 -0.0404519178 -0.5861011147 0.0090946369 0.9966446161 -0.0813440159 0.5874249935 -0.0711561888 -0.8061442971
-683.9 -132.5 2329.6 0 0 0 0 0 0 0 0 0
-376.4 442.3 2392.2 0 0 0 0 0 0 0 0 0
-479.7 -763.9 2356.8 0 0 0 0 0 0 0 0 0
-284.7 -766.3 2341.2 0 0 0 0 0 0 0 0 0
-444.6 490.8 2352.0 9 0.8955348730 0.0536373444 -0.4417468607 -0.0482103713 0.9985604286 0.0235113408 0.4423720241 0.0002415541 0.8968316317
-455.1 294.0 2351.9 0.8955348730 0.0536373444 -0.4417468607 -0.0482103713 0.9985604286 0.0235113408 0.4423720241 0.0002415541 0.8968316317
-464.5 98.3 2351.5 0.8957614303 0.0478567146 -0.4419516325 -0.0437527485 0.9988524318 0.0194812510 0.4423767626 0.0018860453 0.8968273401
-582.8 300.2 2288.9 0.6145531535 -0.3339802027 -0.7146898508 0.7590721846 0.0036827652 0.6509960294 -0.2147877514 -0.9425728917 0.2557783425
-723.4 126.5 2338.0 -0.1591163427 -0.3339802027 -0.9290528297 0.9854209423 0.0036827652 -0.1700942516 0.0602295958 -0.9425728917 0.3285250962
-327.5 287.7 2414.9 0.7496575713 0.6334533095 -0.1917038709 -0.4680521190 0.3026505113 -0.8302589059 -0.4679110050 0.7121372819 0.5233734250
-235.1 230.0 2357.2 -0.5473660827 0.6334533095 0.5469252467 0.8257787228 0.3026505113 0.4759119451 0.1359408051 0.7121372819 -0.6887528896
-550.4 -94.2 2311.1 0.7105038166 -0.0844963267 -0.6986019611 0.1202025339 0.9927470088 0.0021770401 0.6933510303 -0.0855205208 0.7155072093
-517.3 -483.1 2344.6 0.7097024322 -0.1344005615 -0.6915627122 0.1262041330 0.9900089502 -0.0628871098 0.6931053400 -0.0426469371 0.7195736766
-388.7 -100.5 2391.4 -0.7572366595 -0.2353954464 -0.6092467904 -0.2986063361 0.9543733597 0.0023972564 0.5808845758 0.1837402433 -0.7929770350
-296.5 -474.3 2319.4 -0.8100627661 -0.0404521152 -0.5849460363 0.0120713068 0.9962553382 -0.0856132805 0.5862188339 -0.0764131919 -0.8065410256
-683.4 -121.5 2322.9 0 0 0 0 0 0 0 0 0
-375.2 441.5 2392.1 0 0 0 0 0 0 0 0 0
-479.2 -763.6 2356.6 0 0 0 0 0 0 0 0 0
-284.6 -765.4 2341.8 0 0 0 0 0 0 0 0 0
-444.9 489.7 2352.6 0 0.9023776054 0.0562868528 -0.4272545874 -0.0532361902 0.9983993769 0.0190931018 0.4276454151 0.0055162171 0.9039297700
-456.0 293.1 2351.5 0.9023776054 0.0562868528 -0.4272545874 -0.0532361902 0.9983993769 0.0190931018 0.4276454151 0.0055162171 0.9039297700
-466.1 97.5 2350.6 0.9026440978 0.0511791892 -0.4273339808 -0.0482837670 0.9986782670 0.0176173374 0.4276708066 0.0047311089 0.9039222002
-584.6 300.0 2290.6 0.5965911150 -0.3139353991 -0.7385956645 0.7776263952 -0.0014289606 0.6287250519 -0.1984344721 -0.9494432807 0.2432719469
-723.1 119.4 2336.7 -0.1233991012 -0.3139353991 -0.9413911104 0.9915782213 -0.0014289606 -0.1295011789 0.0393097959 -0.9494432807 0.3114678562
-327.4 286.2 2412.5 0.7404475212 0.6458675861 -0.1859907508 -0.4687670767 0.2979494929 -0.8315548897 -0.4816584885 0.7029091120 0.5233774185
-236.1 228.4 2353.1 -0.5423491001 0.6458675861 0.5373197794 0.8270570040 0.2979494929 0.4766579568 0.1477637589 0.7029091120 -0.6957619190
-554.8 -93.3 2311.2 0.7203699350 -0.0911492035 -0.6875746846 0.1340675950 0.9909304380 0.0090982802 0.6805093884 -0.0987356156 0.7260566354
-519.1 -481.4 2349.9 0.7225859761 -0.1391895562 -0.6771231890 0.1189231053 0.9899454117 -0.0765856057 0.6809749007 -0.0251859054 0.7318735123
-392.9 -101.2 2391.2 -0.7435210347 -0.2523453534 -0.6192724109 -0.3188667297 0.9477935433 -0.0033703581 0.5877928734 0.1949594468 -0.7851690054
-294.1 -472.4 2314.8 -0.8046255112 -0.0323919952 -0.5928984284 0.0278524552 0.9953529239 -0.0921781138 0.5931290388 -0.0906825364 -0.7999841571
-691.8 -132.1 2326.7 0 0 0 0 0 0 0 0 0
-375.0 440.2 2390.9 0 0 0 0 0 0 0 0 0
-479.5 -763.3 2357.1 0 0 0 0 0 0 0 0 0
-284.6 -765.5 2341.5 0 0 0 0 0 0 0 0 0
-445.0 493.2 2351.9 1 0.9130156636 0.0572097600 -0.4038928747 -0.0540209189 0.9983533621 0.0192962363 0.4043317437 0.0042008995 0.9146027565
-456.2 296.2 2351.1 0.9130156636 0.0572097600 -0.4038928747 -0.0540209189 0.9983533621 0.0192962363 0.4043317437 0.0042008995 0.9146027565
-466.7 100.6 2349.9 0.9131748676 0.0532512106 -0.4040742517 -0.0511429645 0.9985628724 0.0160173848 0.4043464959 0.0060388832 0.9145859480
-586.3 303.5 2293.5 0.5769216418 -0.2930446267 -0.7624213099 0.7971141934 -0.0016978382 0.6038261652 -0.1782424897 -0.9560972452 0.2326105237
-723.5 113.9 2335.9 -0.1271102130 -0.2930446267 -0.9476116300 0.9911907911 -0.0016978382 -0.1324307621 0.0371992327 -0.9560972452 0.2906789780
-326.1 288.9 2408.7 0.7269469500 0.6642026901 -0.1743068993 -0.4689650238 0.2947732508 -0.8325746655 -0.5016173124 0.6869814396 0.5257723927
-236.5 231.1 2346.9 -0.5366829634 0.6642026901 0.5203903913 0.8277496099 0.2947732508 0.4774299264 0.1637130827 0.6869814396 -0.7079933286
-557.7 -93.7 2311.0 0.7370560765 -0.1058219150 -0.6674953699 0.1381124854 0.9904062748 -0.0045094676 0.6615688205 -0.0888657123 0.7446002960
-516.2 -481.6 2345.9 0.7391835451 -0.1287962943 -0.6610742807 0.1224701777 0.9908847213 -0.0561122037 0.6622754335 -0.0394846685 0.7482193708
-394.5 -102.5 2388.3 -0.7312214375 -0.2516603470 -0.6340207458 -0.3101314902 0.9504916072 -0.0195991267 0.6075636744 0.1822984964 -0.7730676532
-296.0 -474.7 2317.0 -0.7887733579 -0.0383285098 -0.6134879589 0.0219497159 0.9956611991 -0.0904264897 0.6142920852 -0.0847918913 -0.7845097780
-691.1 -138.8 2326.4 0 0 0 0 0 0 0 0 0
-373.9 443.1 2388.8 0 0 0 0 0 0 0 0 0
-479.4 -764.5 2357.1 0 0 0 0 0 0 0 0 0
-284.8 -765.5 2341.7 0 0 0 0 0 0 0 0 0
-445.2 495.3 2351.6 2 0.9216578603 0.0623388104 -0.3829630017 -0.0592750832 0.9980451465 0.0198076591 0.3834491670 0.0044442802 0.9235512614
-457.5 298.4 2350.7 0.9216578603 0.0623388104 -0.3829630017 -0.0592750832 0.9980451465 0.0198076591 0.3834491670 0.0044442802 0.9235512614
-468.9 102.8 2349.5 0.9218580127 0.0579260290 -0.3831741214 -0.0559528023 0.9983003139 0.0163033828 0.3834672272 0.0064102612 0.9235322475
-588.8 306.3 2296.1 0.5641328096 -0.2916827202 -0.7724476457 0.8077528477 0.0010500917 0.5895203352 -0.1711417586 -0.9565145373 0.2361999452
-723.8 113.2 2337.0 -0.1260598451 -0.2916827202 -0.9481719732 0.9912347794 0.0010500917 -0.1321080923 0.0395293161 -0.9565145373 0.2889936864
-326.2 290.4 2405.4 0.7132511735 0.6809308529 -0.1661503762 -0.4714130759 0.2906173170 -0.8326531649 -0.5186930299 0.6722162962 0.5282828212
-238.3 232.3 2341.4 -0.5290488601 0.6809308529 0.5063995123 0.8299013972 0.2906173170 0.4762407839 0.1771185845 0.6722162962 -0.7188562155
-559.6 -90.3 2312.2 0.7520633936 -0.1035504565 -0.6509054899 0.1376178563 0.9904843569 0.0014322242 0.6445633769 -0.0906533375 0.7591574192
-519.1 -478.3 2347.7 0.7531277537 -0.1419138312 -0.6423854232 0.1303438097 0.9892872572 -0.0657362491 0.6448326111 -0.0342231691 0.7635572553
-394.6 -99.6 2385.3 -0.7199709415 -0.2492531836 -0.6476995349 -0.3028386235 0.9525712729 -0.0299466215 0.6244442463 0.1745877415 -0.7613070607
-297.0 -472.7 2316.9 -0.7755516768 -0.0390903167 -0.6300726533 0.0245537292 0.9954578876 -0.0919821709 0.6308063865 -0.0868075565 -0.7710692286
-691.5 -140.1 2326.9 0 0 0 0 0 0 0 0 0
-373.7 444.8 2386.8 0 0 0 0 0 0 0 0 0
-478.1 -763.7 2357.6 0 0 0 0 0 0 0 0 0
-285.5 -764.2 2342.4 0 0 0 0 0 0 0 0 0
-446.1 497.1 2351.4 3 0.9172342420 0.0625899658 -0.3934004307 -0.0587484203 0.9980344772 0.0218120813 0.3939923942 0.0031048658 0.9191084504
-458.4 300.3 2350.8 0.9172342420 0.0625899658 -0.3934004307 -0.0587484203 0.9980344772 0.0218120813 0.3939923942 0.0031048658 0.9191084504
-469.7 104.8 2349.7 0.9174445868 0.0576673448 -0.3936621845 -0.0552561991 0.9983194470 0.0174665749 0.3940078616 0.0057276622 0.9190891981
-589.2 308.2 2294.7 0.5596910119 -0.3228963912 -0.7632063031 0.8082029819 0.0091126552 0.5888335109 -0.1831773818 -0.9463904500 0.2660660744
-724.4 113.0 2338.9 -0.1298449486 -0.3228963912 -0.9374850392 0.9900717735 0.0091126552 -0.1402670592 0.0538347028 -0.9463904500 0.3185073733
-327.7 292.5 2407.0 0.7192131877 0.6731769443 -0.1719453782 -0.4719240665 0.2916875482 -0.8319892287 -0.5099216104 0.6795228124 0.5274739265
-239.0 234.3 2344.1 -0.5312458873 0.6731769443 0.5144031644 0.8299843669 0.2916875482 0.4754412174 0.1700110584 0.6795228124 -0.7136841416
-563.5 -87.6 2313.6 0.7442510128 -0.1144992858 -0.6580123901 0.1423082948 0.9897582531 -0.0112665389 0.6525632143 -0.0852554813 0.7529228330
-518.7 -475.3 2347.0 0.7463395596 -0.1395030320 -0.6507812142 0.1280561388 0.9896163344 -0.0652770996 0.6531301141 -0.0346176513 0.7564540505
-396.9 -97.7 2382.9 -0.7269185781 -0.2568992972 -0.6368611455 -0.3023556173 0.9523941875 -0.0390689187 0.6165796518 0.1641586125 -0.7699880004
-296.3 -470.8 2318.6 -0.7804499865 -0.0358766206 -0.6241880059 0.0209352523 0.9962928295 -0.0834404677 0.6248676181 -0.0781886429 -0.7768056393
-691.2 -140.3 2325.2 0 0 0 0 0 0 0 0 0
-375.1 446.8 2387.6 0 0 0 0 0 0 0 0 0
-478.0 -763.6 2357.1 0 0 0 0 0 0 0 0 0
-285.7 -765.9 2341.8 0 0 0 0 0 0 0 0 0
-445.3 495.8 2352.4 4 0.9182059765 0.0658043027 -0.3905990422 -0.0642895475 0.9977869987 0.0169678666 0.3908511996 0.0095314384 0.9204045534
-458.3 299.2 2350.5 0.9182059765 0.0658043027 -0.3905990422 -0.0642895475 0.9977869987 0.0169678666 0.3908511996 0.0095314384 0.9204045534
-470.3 103.8 2348.5 0.9184746742 0.0610450432 -0.3907400668 -0.0600618310 0.9980856776 0.0147487149 0.3908924162 0.0099222437 0.9203829169
-589.2 307.8 2294.8 0.5611766577 -0.3109554946 -0.7670641541 0.8069996238 -0.0003915330 0.5905517936 -0.1839356720 -0.9504243731 0.2507212460
-724.0 113.9 2339.0 -0.1222810596 -0.3109554946 -0.9425253272 0.9917052388 -0.0003915330 -0.1285323650 0.0395988189 -0.9504243731 0.3084240854
-327.4 290.7 2406.2 0.7160516381 0.6762591004 -0.1730424017 -0.4720380604 0.2864766121 -0.8337333202 -0.5142471790 0.6786786914 0.5243520737
-239.1 232.5 2342.8 -0.5279754996 0.6762591004 0.5137270689 0.8309627771 0.2864766121 0.4768983424 0.1753360778 0.6786786914 -0.7131987810
-563.9 -85.7 2313.0 0.7458560467 -0.1187187061 -0.6554423571 0.1446547806 0.9893745780 -0.0145941600 0.6502105594 -0.0839277208 0.7551041842
-517.4 -473.3 2345.9 0.7483503222 -0.1325582415 -0.6499231458 0.1269372106 0.9903383851 -0.0558281764 0.6510443687 -0.0407203957 0.7579466105
-398.1 -95.7 2384.2 -0.7238373160 -0.2591679990 -0.6394462585 -0.3106924593 0.9499266744 -0.0333097801 0.6160598993 0.1745602638 -0.7681139112
-296.6 -467.8 2315.8 -0.7821710706 -0.0411507078 -0.6217033267 0.0219885502 0.9953719378 -0.0935479477 0.6226755977 -0.0868408531 -0.7776463032
-692.7 -139.9 2328.8 0 0 0 0 0 0 0 0 0
-374.3 445.3 2387.7 0 0 0 0 0 0 0 0 0
-478.5 -764.4 2357.8 0 0 0 0 0 0 0 0 0
-284.2 -766.9 2341.9 0 0 0 0 0 0 0 0 0
-445.3 497.2 2352.3 5 0.9198015928 0.0653571114 -0.3869023323 -0.0632869676 0.9978311658 0.0181025192 0.3872463405 0.0078351498 0.9219430089
-458.2 300.8 2350.8 0.9198015928 0.0653571114 -0.3869023323 -0.0632869676 0.9978311658 0.0181025192 0.3872463405 0.0078351498 0.9219430089
-470.1 105.4 2349.0 0.9200599790 0.0604718328 -0.3870823979 -0.0591886304 0.9981303811 0.0152465729 0.3872806728 0.0088831149 0.9219190478
-589.3 309.3 2295.6 0.5584446192 -0.3125086427 -0.7684256434 0.8087162971 -0.0011613921 0.5881977677 -0.1847093254 -0.9499142170 0.2520822585
-724.6 113.4 2340.3 -0.1223239973 -0.3125086427 -0.9420059323 0.9917224646 -0.0011613921 -0.1283946335 0.0390303954 -0.9499142170 0.3100638986
-327.1 292.4 2406.0 0.7142940760 0.6787792444 -0.1704193503 -0.4719989896 0.2874500453 -0.8334203362 -0.5167213678 0.6757449508 0.5257069468
-239.0 234.2 2342.2 -0.5278090239 0.6787792444 0.5105647445 0.8307608962 0.2874500453 0.4766642749 0.1767879575 0.6757449508 -0.7156219482
-565.2 -86.3 2311.3 0.7486478686 -0.1191780418 -0.6521678567 0.1431568265 0.9895625114 -0.0164989159 0.6473271847 -0.0810104087 0.7578949928
-518.5 -473.9 2343.0 0.7499769926 -0.1364985555 -0.6472268701 0.1337721497 0.9895569086 -0.0536860526 0.6477958560 -0.0463176183 0.7604046464
-399.2 -97.2 2381.9 -0.7204110026 -0.2645065486 -0.6411273479 -0.3134613037 0.9487910271 -0.0392129049 0.6186679602 0.1727192104 -0.7664320469
-295.6 -468.8 2314.3 -0.7801244855 -0.0372913554 -0.6245118976 0.0283126924 0.9950948358 -0.0947874039 0.6249833107 -0.0916275904 -0.7752420306
-693.3 -140.5 2330.3 0 0 0 0 0 0 0 0 0
-374.2 447.0 2387.5 0 0 0 0 0 0 0 0 0
-478.6 -763.6 2356.6 0 0 0 0 0 0 0 0 0
-284.5 -766.0 2341.6 0 0 0 0 0 0 0 0 0
-446.2 496.3 2352.8 6 0.9282469749 0.0591976643 -0.3672235608 -0.0604512244 0.9981383085 0.0080980277 0.3670192957 0.0146821439 0.9300974607
-457.9 299.7 2349.9 0.9282469749 0.0591976643 -0.3672235608 -0.0604512244 0.9981383085 0.0080980277 0.3670192957 0.0146821439 0.9300974607
-469.1 104.2 2347.8 0.9284268618 0.0575152300 -0.3670361042 -0.0573741235 0.9982887506 0.0113044167 0.3670581877 0.0105630504 0.9301379919
-590.2 307.9 2297.6 0.5597245097 -0.3244681060 -0.7625148892 0.8090740442 0.0150078489 0.5875151157 -0.1791861951 -0.9457775950 0.2709189653
-724.4 113.9 2340.6 -0.1166319251 -0.3244681060 -0.9386785626 0.9916093946 0.0150078489 -0.1283963323 0.0557480566 -0.9457775950 0.3199952245
-325.6 291.5 2402.2 0.7043504715 0.6923951507 -0.1564588547 -0.4682641923 0.2875563204 -0.8354879022 -0.5334970355 0.6617403626 0.5267642736
-238.7 233.8 2336.4 -0.5263695121 0.6923951507 0.4934816062 0.8285965919 0.2875563204 0.4803530276 0.1906903535 0.6617403626 -0.7250771523
-565.1 -84.8 2312.3 0.7619233727 -0.1225632355 -0.6359646320 0.1447724402 0.9893152118 -0.0172150601 0.6312794685 -0.0789536014 0.7715261579
-517.1 -472.3 2343.2 0.7641697526 -0.1297863573 -0.6318228245 0.1284395307 0.9905486703 -0.0481307320 0.6320979595 -0.0443709753 0.7736170888
-398.7 -95.5 2382.3 -0.7110252380 -0.2559175193 -0.6549422145 -0.2985815406 0.9531612992 -0.0482968688 0.6366255879 0.1612133682 -0.7541339993
-298.5 -468.8 2319.2 -0.7636401653 -0.0432617813 -0.6441910267 0.0164119992 0.9961295128 -0.0863520205 0.6454334259 -0.0765143335 -0.7599744797
-694.5 -140.0 2326.3 0 0 0 0 0 0 0 0 0
-373.5 446.0 2385.3 0 0 0 0 0 0 0 0 0
-478.9 -763.6 2356.3 0 0 0 0 0 0 0 0 0
-285.6 -765.3 2341.9 0 0 0 0 0 0 0 0 0
-447.6 494.3 2353.0 7 0.9136385918 0.0556147881 -0.4027051926 -0.0556770451 0.9983819127 0.0115620513 0.4026965797 0.0118578989 0.9152567387
-458.6 297.4 2350.7 0.9136385918 0.0556147881 -0.4027051926 -0.0556770451 0.9983819127 0.0115620513 0.4026965797 0.0118578989 0.9152567387
-468.8 101.8 2348.9 0.9138610959 0.0521850921 -0.4026595056 -0.0515561812 0.9985929728 0.0124087008 0.4027405083 0.0094197569 0.9152657390
-588.7 304.7 2293.3 0.5653847456 -0.3366055787 -0.7530184388 0.8009576201 0.0060128290 0.5986908674 -0.1969949156 -0.9416265488 0.2730063498
-724.8 112.0 2340.8 -0.1145687997 -0.3366055787 -0.9346500039 0.9922890067 0.0060128290 -0.1237996146 0.0472915322 -0.9416265488 0.3333211243
-328.5 290.0 2408.0 0.7266129255 0.6649668217 -0.1727796793 -0.4665789902 0.2929928899 -0.8345413208 -0.5043190718 0.6870038509 0.5231519341
-238.9 232.5 2345.9 -0.5371522903 0.6649668217 0.5189282894 0.8267185092 0.2929928899 0.4803037345 0.1673437506 0.6870038509 -0.7071221471
-564.3 -86.2 2312.6 0.7370349169 -0.1166900843 -0.6657048464 0.1446603239 0.9893923998 -0.0132680070 0.6601915956 -0.0865220949 0.7460972071
-518.6 -473.7 2346.5 0.7398756146 -0.1380550414 -0.6584261060 0.1253303885 0.9898692966 -0.0667160004 0.6609662771 -0.0331592560 0.7496826649
-396.5 -96.5 2378.9 -0.7351046205 -0.2546140552 -0.6283254027 -0.2944849730 0.9547174573 -0.0423462279 0.6106551886 0.1539034992 -0.7767972350
-296.8 -470.5 2318.6 -0.7862321138 -0.0353838503 -0.6169173717 0.0202457719 0.9963481426 -0.0829487294 0.6175994873 -0.0777069256 -0.7826445699
-695.4 -142.1 2328.6 0 0 0 0 0 0 0 0 0
-376.4 444.2 2388.7 0 0 0 0 0 0 0 0 0
-478.3 -763.1 2356.2 0 0 0 0 0 0 0 0 0
-286.3 -766.0 2341.7 0 0 0 0 0 0 0 0 0
-448.8 492.5 2352.7 8 0.9046802521 0.0542198531 -0.4226273596 -0.0524381809 0.9984983802 0.0158500113 0.4228520989 0.0078226179 0.9061649442
-459.5 295.9 2351.1 0.9046802521 0.0542198531 -0.4226273596 -0.0524381809 0.9984983802 0.0158500113 0.4228520989 0.0078226179 0.9061649442
-469.1 100.3 2349.6 0.9049151540 0.0491393432 -0.4227457047 -0.0478993244 0.9987601042 0.0135627436 0.4228880107 0.0079761026 0.9061468244
-588.4 302.7 2290.9 0.5721314549 -0.3498280346 -0.7418126464 0.7927302718 0.0039064274 0.6095600128 -0.2103433460 -0.9368057847 0.2795542479
-727.1 110.5 2341.9 -0.1409447193 -0.3498280346 -0.9261506200 0.9883893728 0.0039064274 -0.1518919617 0.0567540079 -0.9368057847 0.3452157080
-330.6 289.1 2411.3 0.7388898730 0.6488341689 -0.1818130016 -0.4656900167 0.2967034280 -0.8337265253 -0.4870057106 0.7007005811 0.5213867426
-239.6 231.7 2351.3 -0.5431213379 0.6488341689 0.5329478383 0.8255304694 0.2967034280 0.4800692797 0.1533578932 0.7007005811 -0.6967783570
-561.6 -89.1 2310.7 0.7226153612 -0.1167742610 -0.6813154817 0.1424961388 0.9896227717 -0.0184827261 0.6764036417 -0.0837289318 0.7317565084
-515.8 -476.8 2343.5 0.7249215245 -0.1304243058 -0.6763713956 0.1257857531 0.9904656410 -0.0561762154 0.6772493720 -0.0443545356 0.7344154119
-396.5 -98.4 2383.4 -0.7455736399 -0.2558785677 -0.6153422594 -0.3022983670 0.9527441859 -0.0299038850 0.5939155221 0.1637214124 -0.7876926064
-296.3 -471.6 2319.3 -0.7986681461 -0.0340711214 -0.6008064151 0.0182071943 0.9965707064 -0.0807178169 0.6014962196 -0.0754057467 -0.7953088880
-691.0 -142.5 2327.3 0 0 0 0 0 0 0 0 0
-378.6 443.0 2390.6 0 0 0 0 0 0 0 0 0
-478.0 -763.8 2356.3 0 0 0 0 0 0 0 0 0
-286.2 -765.2 2341.5 0 0 0 0 0 0 0 0 0
-447.2 494.0 2353.0 9 0.9005845785 0.0518188961 -0.4315810204 -0.0486764610 0.9986463785 0.0183313917 0.4319467247 0.0044988664 0.9018878937
-457.4 297.4 2352.1 0.9005845785 0.0518188961 -0.4315810204 -0.0486764610 0.9986463785 0.0183313917 0.4319467247 0.0044988664 0.9018878937
-466.9 101.7 2351.0 0.9007183909 0.0484212637 -0.4316963851 -0.0460105278 0.9988122582 0.0160326250 0.4319599569 0.0054216972 0.9018765092
-585.7 303.9 2290.5 0.5835574269 -0.3542594612 -0.7307263613 0.7842319608 0.0122527843 0.6203467250 -0.2108102888 -0.9350668788 0.2849718034
-729.4 110.8 2342.4 -0.1523679197 -0.3542594612 -0.9226506352 0.9857958555 0.0122527843 -0.1675003618 0.0706436336 -0.9350668788 0.3473605812
-329.1 290.8 2413.6 0.7440026999 0.6416752338 -0.1863139123 -0.4665856957 0.2993334830 -0.8322843313 -0.4782862663 0.7061532140 0.5221014023
-237.4 233.3 2354.6 -0.5452482104 0.6416752338 0.5394045711 0.8255475760 0.2993334830 0.4784042835 0.1455183178 0.7061532140 -0.6929444671
-560.5 -91.0 2309.8 0.7164993882 -0.1183062717 -0.6874825358 0.1391274184 0.9899497628 -0.0253570992 0.6835731268 -0.0774793252 0.7257580757
-514.2 -478.8 2340.2 0.7177411318 -0.1228291988 -0.6853908300 0.1293975115 0.9907012582 -0.0420389660 0.6841812134 -0.0585147738 0.7269608378
-397.0 -99.7 2386.2 -0.7495992780 -0.2556936145 -0.6105093360 -0.3069938719 0.9514672756 -0.0215585586 0.5863920450 0.1712623537 -0.7917155623
-296.9 -472.4 2319.1 -0.8045819998 -0.0372183993 -0.5926740766 0.0151312407 0.9964251518 -0.0831142664 0.5936487317 -0.0758401379 -0.8011425734
-690.4 -141.6 2324.4 0 0 0 0 0 0 0 0 0
-377.0 444.7 2391.9 0 0 0 0 0 0 0 0 0
-478.9 -763.7 2357.0 0 0 0 0 0 0 0 0 0
-285.9 -765.9 2341.5 0 0 0 0 0 0 0 0 0
-448.7 494.7 2353.6 0 0.9040443897 0.0447277762 -0.4250919223 -0.0423513725 0.9989895225 0.0150439367 0.4253352582 0.0044028396 0.9050251842
-457.5 297.2 2352.8 0.9040443897 0.0447277762 -0.4250919223 -0.0423513725 0.9989895225 0.0150439367 0.4253352582 0.0044028396 0.9050251842
-465.3 101.5 2351.8 0.9042225480 0.0397781320 -0.4252049625 -0.0381387360 0.9991958737 0.0123710679 0.4253551364 0.0050305808 0.9050125480
-586.4 302.7 2292.1 0.5808650851 -0.3364998996 -0.7411906123 0.7900875807 0.0139888003 0.6128343344 -0.1958503276 -0.9415795803 0.2739900053
-726.1 112.7 2339.2 -0.1335683912 -0.3364998996 -0.9321627021 0.9890713692 0.0139888003 -0.1467725486 0.0624287874 -0.9415795803 0.3309539557
-328.7 291.8 2413.4 0.7445060611 0.6442241669 -0.1751741618 -0.4601108432 0.3050024211 -0.8338294625 -0.4837445319 0.7013905644 0.5234906673
-236.9 235.1 2353.7 -0.5513820052 0.6442241669 0.5300500989 0.8207410574 0.3050024211 0.4830710888 0.1495395005 0.7013905644 -0.6969140172
-557.8 -89.7 2310.9 0.7202662230 -0.1046942994 -0.6857518554 0.1452673227 0.9893912673 0.0015275516 0.6783170104 -0.1007175818 0.7278338075
-516.8 -477.2 2350.4 0.7252677083 -0.1302756518 -0.6760288477 0.1106581837 0.9912253618 -0.0722982809 0.6795156002 -0.0223725103 0.7333198190
-395.0 -98.1 2389.0 -0.7440276146 -0.2488982528 -0.6200585365 -0.3080967069 0.9512773752 -0.0121582178 0.5928738117 0.1819919497 -0.7844613194
-297.5 -470.7 2317.7 -0.8004328012 -0.0388607979 -0.5981614590 0.0175696500 0.9959465265 -0.0882146433 0.5991649032 -0.0811193883 -0.7965055108
-691.9 -140.6 2323.3 0 0 0 0 0 0 0 0 0
-378.1 445.3 2392.0 0 0 0 0 0 0 0 0 0
-479.2 -763.2 2356.8 0 0 0 0 0 0 0 0 0
-286.0 -764.8 2341.7 0 0 0 0 0 0 0 0 0
-448.9 494.3 2352.9 1 0.9145004153 0.0389259085 -0.4027080536 -0.0381763242 0.9992220402 0.0098914402 0.4027797878 0.0063281870 0.9152750373
-456.6 296.0 2351.7 0.9145004153 0.0389259085 -0.4027080536 -0.0381763242 0.9992220402 0.0098914402 0.4027797878 0.0063281870 0.9152750373
-462.8 100.2 2350.4 0.9147293568 0.0317525901 -0.4028174877 -0.0317015052 0.9994742870 0.0067961188 0.4028215110 0.0065533118 0.9152550697
-586.9 300.5 2294.3 0.5817010403 -0.3303484321 -0.7432993054 0.7907411456 0.0154656181 0.6119552851 -0.1906628758 -0.9437323213 0.2702164650
-725.8 111.8 2339.8 -0.1283493191 -0.3303484321 -0.9350916147 0.9898419976 0.0154656181 -0.1413279474 0.0611492358 -0.9437323213 0.3250077665
-326.3 291.5 2409.1 0.7359932661 0.6588836312 -0.1555193961 -0.4529629648 0.3085457981 -0.8364353180 -0.5031287074 0.6860553026 0.5255374908
-235.6 235.6 2347.0 -0.5540940762 0.6588836312 0.5087751150 0.8158957362 0.3085457981 0.4889924824 0.1652087271 0.6860553026 -0.7085437179
-554.9 -90.7 2312.3 0.7374889255 -0.1003800258 -0.6678577662 0.1321413368 0.9912261367 -0.0030643304 0.6623056531 -0.0859917104 0.7442826033
-515.5 -478.9 2346.0 0.7395938039 -0.1238801256 -0.6615547538 0.1160844043 0.9916641116 -0.0559170172 0.6629671454 -0.0354403146 0.7478091717
-391.4 -97.6 2389.2 -0.7317487001 -0.2386392802 -0.6384317875 -0.2956931293 0.9551115632 -0.0180975553 0.6140923500 0.1755370349 -0.7694656253
-297.9 -471.7 2320.5 -0.7825390697 -0.0384686776 -0.6214119196 0.0150746293 0.9966260791 -0.0806797817 0.6224189401 -0.0725026354 -0.7793189287
-692.9 -141.7 2324.1 0 0 0 0 0 0 0 0 0
-377.4 444.5 2389.4 0 0 0 0 0 0 0 0 0
-479.8 -765.0 2356.2 0 0 0 0 0 0 0 0 0
-286.6 -766.2 2341.9 0 0 0 0 0 0 0 0 0
-450.6 494.9 2353.1 2 0.9013123512 0.0350611545 -0.4317485094 -0.0338525884 0.9993718266 0.0104861353 0.4318449497 0.0051645208 0.9019330740
-457.5 296.5 2352.1 0.9013123512 0.0350611545 -0.4317485094 -0.0338525884 0.9993718266 0.0104861353 0.4318449497 0.0051645208 0.9019330740
-463.2 100.7 2350.8 0.9014694691 0.0290652830 -0.4318657517 -0.0289550703 0.9995573759 0.0068315333 0.4318731427 0.0063462844 0.9019120336
-585.9 300.6 2290.6 0.5775232315 -0.3426201642 -0.7409982085 0.7906903028 0.0088682193 0.6121520996 -0.2031643093 -0.9394321442 0.2760280371
-725.6 109.4 2339.7 -0.1200487092 -0.3426201642 -0.9317723513 0.9913446903 0.0088682193 -0.1309848726 0.0531412177 -0.9394321442 0.3385900557
-329.1 292.4 2413.6 0.7527945638 0.6358496547 -0.1702809483 -0.4517778456 0.3109358847 -0.8361911178 -0.4787454009 0.7064092755 0.5213336349
-236.3 236.7 2354.6 -0.5609964728 0.6358496547 0.5300737023 0.8147837520 0.3109358847 0.4893325567 0.1463229954 0.7064092755 -0.6925138831
-551.7 -92.7 2312.7 0.7163787484 -0.0942775682 -0.6913126707 0.1270688921 0.9918873906 -0.0035921081 0.6860429645 -0.0852710307 0.7225468159
-514.8 -481.2 2346.1 0.7176838517 -0.1246301010 -0.6851257086 0.1169883981 0.9914495945 -0.0578051321 0.6864718795 -0.0386659503 0.7261276245
-386.4 -98.4 2385.5 -0.7554053068 -0.2229794115 -0.6161518097 -0.2758332491 0.9611569643 -0.0096604936 0.5943726897 0.1626575589 -0.7875682116
-299.1 -474.8 2321.8 -0.8004915118 -0.0401042402 -0.5980008245 0.0102933357 0.9966917038 -0.0806207806 0.5992556810 -0.0706916749 -0.7974304557
-694.9 -144.5 2326.1 0 0 0 0 0 0 0 0 0
-380.0 445.3 2392.0 0 0 0 0 0 0 0 0 0
-479.3 -763.4 2357.1 0 0 0 0 0 0 0 0 0
-287.4 -764.9 2342.4 0 0 0 0 0 0 0 0 0
-450.5 495.7 2352.2 3 0.9037224054 0.0388339013 -0.4263540804 -0.0345094204 0.9992446303 0.0178669132 0.4267258644 -0.0014334971 0.9043799043
-458.2 297.7 2352.5 0.9037224054 0.0388339013 -0.4263540804 -0.0345094204 0.9992446303 0.0178669132 0.4267258644 -0.0014334971 0.9043799043
-464.5 101.9 2352.5 0.9039151669 0.0321498029 -0.4265018106 -0.0290815365 0.9994830489 0.0137067242 0.4267220199 0.0000136125 0.9043828249
-587.0 301.8 2291.7 0.5767978430 -0.3359092772 -0.7446269393 0.7900698185 -0.0022484798 0.6130127907 -0.2075909525 -0.9418916702 0.2640948594
-725.4 112.2 2341.5 -0.1120762229 -0.3359092772 -0.9352025986 0.9929879904 -0.0022484798 -0.1181937084 0.0375995785 -0.9418916702 0.3338058889
-329.4 293.5 2413.3 0.7486298084 0.6409313083 -0.1695891172 -0.4569222033 0.3134351075 -0.8324545026 -0.4803909361 0.7006893158 0.5275025964
-237.1 237.2 2354.0 -0.5577805638 0.6409313083 0.5273404121 0.8172925115 0.3134351075 0.4835197628 0.1446159333 0.7006893158 -0.6986563802
-550.4 -92.4 2310.6 0.7209160328 -0.0885821283 -0.6873378158 0.1278759688 0.9917700887 0.0063065514 0.6811224222 -0.0924404860 0.7263105512
-515.7 -480.9 2346.8 0.7224446535 -0.1257420927 -0.6798990369 0.1162256896 0.9914175868 -0.0598563664 0.6815903187 -0.0357788242 0.7308587432
-387.5 -97.6 2388.6 -0.7466961741 -0.2287601680 -0.6245907545 -0.2956207991 0.9552988410 0.0035296541 0.5958634019 0.1872776002 -0.7809442282
-297.9 -471.7 2315.3 -0.8002498150 -0.0364258364 -0.5985593796 0.0235745162 0.9954708219 -0.0920983925 0.5992031693 -0.0878124759 -0.7957666516
-696.7 -142.0 2331.9 0 0 0 0 0 0 0 0 0
-380.0 446.5 2391.1 0 0 0 0 0 0 0 0 0
-479.8 -763.6 2357.0 0 0 0 0 0 0 0 0 0
-287.2 -764.7 2341.1 0 0 0 0 0 0 0 0 0
-452.5 497.4 2352.2 4 0.9213767052 0.0403198712 -0.3865737915 -0.0368261300 0.9991863966 0.0164427292 0.3869222701 -0.0009139310 0.9221118689
-460.5 299.6 2352.4 0.9213767052 0.0403198712 -0.3865737915 -0.0368261300 0.9991863966 0.0164427292 0.3869222701 -0.0009139310 0.9221118689
-467.2 103.9 2352.9 0.9215996265 0.0344679803 -0.3866083920 -0.0308677740 0.9994029999 0.0155187342 0.3869124651 -0.0023683205 0.9221134186
-591.7 304.1 2297.3 0.5626882911 -0.3127700686 -0.7652168274 0.8045919538 -0.0052905725 0.5938044786 -0.1897727102 -0.9498141408 0.2486753464
-725.3 112.9 2342.4 -0.1020115316 -0.3127700686 -0.9443349838 0.9943875670 -0.0052905725 -0.1056661755 0.0280531459 -0.9498141408 0.3115543723
