-430.5 500.5 2365.4 1 0.6157688498 0.0588574260 -0.7857254744 -0.0423557982 0.9982368946 0.0415823050 0.7867875695 0.0076749413 0.6171761155
-442.9 290.7 2363.7 0.6157688498 0.0588574260 -0.7857254744 -0.0423557982 0.9982368946 0.0415823050 0.7867875695 0.0076749413 0.6171761155
-453.0 95.5 2371.7 0.6181110144 0.0506770350 -0.7844555974 0.0003274953 0.9979031682 0.0647241175 0.7860907316 -0.0402635969 0.6167983413
-530.7 290.6 2252.1 0.7089937329 0.0548454523 -0.7030788064 0.7026411295 -0.1400349736 0.6976285577 -0.0601938665 -0.9886264205 -0.1378205866
-710.5 112.4 2267.3 -0.1306058019 0.0548454523 -0.9899162054 0.9806038737 -0.1400349736 -0.1371356845 -0.1461441517 -0.9886264205 -0.0354922861
-355.0 290.7 2475.4 0.7720957994 0.5253586769 -0.3575840294 -0.6033024192 0.4290848374 -0.6722443104 -0.1997354925 0.7347683311 0.6482447386
-235.2 197.1 2444.4 -0.5385991931 0.4930090010 0.6832664609 0.8231682181 0.4808869064 0.3018971086 -0.1797359139 0.7250447869 -0.6648346186
-518.6 -109.9 2316.0 0.3411227167 -0.0169266779 -0.9398663640 0.1301219761 0.9910626411 0.0293788146 0.9309691787 -0.1323190480 0.3402765095
-511.9 -500.0 2368.1 0.3585552275 -0.0875795186 -0.9293912053 -0.0209778920 0.9945820570 -0.1018158421 0.9332727790 0.0560032725 0.3547753692
-406.5 -107.1 2458.5 -0.9058251977 -0.2894640863 -0.3093399704 -0.3637081385 0.9057768583 0.2174505293 0.2172488570 0.3094816208 -0.9257559180
-293.3 -461.3 2337.5 -0.9747611880 -0.0469511375 -0.2182572335 -0.0393880010 0.9984673858 -0.0388774574 0.2197480798 -0.0292995200 -0.9751165509
-677.2 -137.3 2304.6 0 0 0 0 0 0 0 0 0
-373.1 407.8 2398.4 0 0 0 0 0 0 0 0 0
-488.8 -762.4 2353.3 0 0 0 0 0 0 0 0 0
-278.6 -773.2 2346.6 0 0 0 0 0 0 0 0 0
-429.9 499.3 2366.8 2 0.5797366500 0.0592415929 -0.8126474619 -0.0534092672 0.9979713559 0.0346498415 0.8130515814 0.0233151224 0.5817246437
-443.1 276.7 2361.6 0.5797366500 0.0592415929 -0.8126474619 -0.0534092672 0.9979713559 0.0346498415 0.8130515814 0.0233151224 0.5817246437
-450.6 81.7 2375.6 0.5840472579 0.0368813425 -0.8108813167 0.0360465012 0.9968033433 0.0713005736 0.8109188676 -0.0708723366 0.5808508396
-526.1 271.5 2246.4 0.7595471144 0.0478113182 -0.6486927271 0.6471263170 -0.1562688798 0.7461953759 -0.0656939000 -0.9865567088 -0.1496335417
-705.5 118.8 2261.9 -0.0992662907 0.0478113182 -0.9939116240 0.9820533991 -0.1562688798 -0.1055991426 -0.1603662819 -0.9865567088 -0.0314410366
-360.1 281.9 2476.8 0.8452943563 0.4670139849 -0.2595676482 -0.5024940968 0.5297450423 -0.6832787991 -0.1815960556 0.7080029249 0.6824622750
-231.7 205.6 2449.2 -0.5883451104 0.4670139849 0.6601121426 0.7838835120 0.5297450423 0.3238778114 -0.1984356493 0.7080029249 -0.6777574420
-518.4 -100.5 2309.2 0.2990152240 -0.0036335620 -0.9542414546 0.1759501100 0.9830567241 0.0513913594 0.9378867149 -0.1832656860 0.2945882380
-517.0 -483.9 2380.7 0.3328118026 -0.1005766392 -0.9376143217 -0.0630408973 0.9896985292 -0.1285403818 0.9408836961 0.1018878073 0.3230428994
-407.3 -99.7 2450.6 -0.9147987366 -0.2920384407 -0.2790284157 -0.3528712690 0.9139822125 0.2002958059 0.1965329349 0.2816914618 -0.9391617179
-293.1 -457.2 2340.4 -0.9787757993 -0.0446380824 -0.2000135779 -0.0400417820 0.9988340139 -0.0269687232 0.2009841949 -0.0183874331 -0.9794219136
-680.1 -131.9 2302.9 0 0 0 0 0 0 0 0 0
-382.0 405.8 2398.5 0 0 0 0 0 0 0 0 0
-488.7 -762.2 2352.0 0 0 0 0 0 0 0 0 0
-278.9 -773.6 2346.2 0 0 0 0 0 0 0 0 0
-430.3 498.6 2366.5 3 0.5777745247 0.0592251532 -0.8140448332 -0.0392929129 0.9982257485 0.0447366387 0.8152500987 0.0061385036 0.5790765285
-442.8 286.9 2365.2 0.5777745247 0.0592251532 -0.8140448332 -0.0392929129 0.9982257485 0.0447366387 0.8152500987 0.0061385036 0.5790765285
-451.6 91.7 2374.4 0.5804456472 0.0441862196 -0.8130992651 0.0122678783 0.9979388714 0.0629885942 0.8142066002 -0.0465364568 0.5787071586
-525.5 285.2 2249.4 0.7199370265 0.0825154930 -0.6891167164 0.6925466657 -0.1504967809 0.7054997087 -0.0454951972 -0.9851608276 -0.1654940397
-707.6 110.0 2260.9 -0.1370872557 0.0825154930 -0.9871161580 0.9774208665 -0.1504967809 -0.1483212113 -0.1607965976 -0.9851608276 -0.0600211732
-360.2 288.7 2481.1 0.8232872486 0.4678259194 -0.3214606643 -0.5482819676 0.5088337064 -0.6636829972 -0.1469181031 0.7226528525 0.6754168272
-232.1 203.4 2458.2 -0.5803293586 0.4421497583 0.6839016080 0.7795814276 0.5444797277 0.3095071316 -0.2355220318 0.7127730846 -0.6606693268
-510.4 -116.9 2316.7 0.2957693040 0.0022445791 -0.9552567601 0.1409106255 0.9889552593 0.0459529087 0.9448093772 -0.1481972933 0.2921863198
-511.3 -503.2 2374.6 0.3186004162 -0.0849051997 -0.9440788627 -0.0547825806 0.9926661849 -0.1077624708 0.9463047385 0.0860522464 0.3116125166
-405.3 -110.0 2462.7 -0.9171912074 -0.2887431383 -0.2745682895 -0.3540773988 0.9066658616 0.2293168604 0.1827280223 0.3075458109 -0.9338233471
-292.3 -464.8 2342.3 -0.9814115167 -0.0415263325 -0.1873684973 -0.0381763689 0.9990406632 -0.0214538015 0.1880796403 -0.0139019601 -0.9820553660
-672.6 -139.8 2302.0 0 0 0 0 0 0 0 0 0
-380.4 402.6 2398.0 0 0 0 0 0 0 0 0 0
-488.9 -765.5 2351.8 0 0 0 0 0 0 0 0 0
-279.5 -773.0 2346.6 0 0 0 0 0 0 0 0 0
-430.4 497.9 2366.4 4 0.4841487408 0.0495852306 -0.8735795617 -0.0093485583 0.9986291528 0.0515020750 0.8749357462 -0.0167679563 0.4839485884
-441.4 276.4 2370.1 0.4841487408 0.0495852306 -0.8735795617 -0.0093485583 0.9986291528 0.0515020750 0.8749357462 -0.0167679563 0.4839485884
-445.7 80.9 2378.5 0.4853961468 0.0219590832 -0.8740185499 0.0254791882 0.9989046454 0.0392469130 0.8739230037 -0.0413195826 0.4843049645
-510.1 273.0 2246.5 0.7761834860 0.0704423711 -0.6265597343 0.6288891435 -0.1576409638 0.7613460422 -0.0451404639 -0.9849808216 -0.1666587591
-704.1 115.7 2257.8 -0.1310667992 0.0704423711 -0.9888677001 0.9774103165 -0.1576409638 -0.1407778263 -0.1658027917 -0.9849808216 -0.0481896065
-372.7 279.9 2493.8 0.8725738525 0.4487361908 -0.1930044740 -0.4448564351 0.5667723417 -0.6934491992 -0.2017861605 0.6909449100 0.6941739321
-231.3 207.8 2461.1 -0.5989827514 0.4487361908 0.6632160544 0.7645359635 0.5667723417 0.3070078790 -0.2381269783 0.6909449100 -0.6825618148
-511.1 -106.3 2310.3 0.1847039759 0.0157484636 -0.9826680422 0.1907001138 0.9802936316 0.0515547320 0.9641150832 -0.1969172657 0.1780608892
-517.2 -487.9 2387.0 0.2225993872 -0.0979089886 -0.9699810743 -0.0995473638 0.9874611497 -0.1225183755 0.9698143005 0.1238315776 0.2100616843
-408.0 -102.5 2457.0 -0.9381869435 -0.2956643701 -0.1799663156 -0.3333010674 0.9119392037 0.2393267900 0.0933579355 0.2845162153 -0.9541146755
-292.2 -459.4 2345.7 -0.9944799542 -0.0416067876 -0.0963252559 -0.0410601832 0.9991273880 -0.0076506506 0.0965595245 -0.0036532856 -0.9953204989
-670.6 -134.3 2300.2 0 0 0 0 0 0 0 0 0
-384.5 403.3 2400.2 0 0 0 0 0 0 0 0 0
-489.8 -764.2 2352.3 0 0 0 0 0 0 0 0 0
-279.1 -773.9 2346.8 0 0 0 0 0 0 0 0 0
-429.1 497.9 2367.3 5 0.5587175488 0.0609099530 -0.8271182775 -0.0260628406 0.9980964065 0.0558955595 0.8289483786 -0.0096727777 0.5592414737
-442.0 287.5 2369.4 0.5587175488 0.0609099530 -0.8271182775 -0.0260628406 0.9980964065 0.0558955595 0.8289483786 -0.0096727777 0.5592414737
-450.2 92.0 2374.5 0.5599014759 0.0414726697 -0.8275206089 -0.0029705314 0.9988405704 0.0480488092 0.8285538554 -0.0244444255 0.5593755245
-521.2 288.1 2252.2 0.7333337069 0.1498058289 -0.6631590128 0.6798549294 -0.1678261757 0.7138848901 -0.0043513286 -0.9743677974 -0.2249188274
-701.9 120.5 2253.3 -0.1058811769 0.1498058289 -0.9830297232 0.9770982862 -0.1678261757 -0.1308176816 -0.1845753640 -0.9743677974 -0.1286053807
-362.8 287.0 2486.5 0.8537869453 0.4649266899 -0.2342883348 -0.4920541942 0.5735889673 -0.6548880339 -0.1700897217 0.6744174361 0.7184919119
-229.9 210.4 2460.1 -0.6333954930 0.4512861967 0.6286103129 0.7403381467 0.5897957087 0.3225530982 -0.2251878828 0.6696878672 -0.7076783180
-498.0 -113.4 2308.0 0.2717762887 0.0394596681 -0.9615511298 0.1565432250 0.9840387702 0.0846284479 0.9495429993 -0.1735243201 0.2612612545
-513.5 -501.2 2376.4 0.2989942133 -0.0848372877 -0.9504762292 -0.0713433623 0.9912652373 -0.1109207198 0.9515842795 0.1009748280 0.2903299630
-406.5 -112.4 2465.3 -0.9236128926 -0.2920925915 -0.2482360750 -0.3499185741 0.9068598747 0.2348661423 0.1565126926 0.3037877977 -0.9397960901
-292.1 -467.4 2346.4 -0.9854518771 -0.0479079373 -0.1630627364 -0.0467614047 0.9988470078 -0.0108644413 0.1633952111 -0.0030813420 -0.9865558743
-674.8 -129.4 2300.5 0 0 0 0 0 0 0 0 0
-391.9 399.7 2402.5 0 0 0 0 0 0 0 0 0
-490.7 -767.7 2349.3 0 0 0 0 0 0 0 0 0
-277.4 -775.0 2347.3 0 0 0 0 0 0 0 0 0
-430.9 496.6 2368.3 6 0.5827735662 0.0431220420 -0.8114896417 -0.0379820503 0.9989451170 0.0258063916 0.8117464781 0.0157827567 0.5837966800
-440.4 274.9 2364.8 0.5827735662 0.0431220420 -0.8114896417 -0.0379820503 0.9989451170 0.0258063916 0.8117464781 0.0157827567 0.5837966800
-445.9 79.5 2374.2 0.5849129558 0.0281000175 -0.8106091619 0.0220174342 0.9984813333 0.0504998304 0.8107971549 -0.0473855399 0.5834060311
-523.4 271.8 2249.8 0.7736482620 0.1452190876 -0.6167493463 0.6336098313 -0.1813697815 0.7520928383 -0.0026414623 -0.9726337790 -0.2323286533
-701.8 125.7 2250.4 -0.1307379007 0.1452190876 -0.9807237387 0.9709168077 -0.1813697815 -0.1562865973 -0.2005694509 -0.9726337790 -0.1172837615
-357.4 277.9 2479.8 0.8755853772 0.4338760674 -0.2123718113 -0.4607425332 0.6179968715 -0.6370213032 -0.1451431811 0.6556152701 0.7410141826
-230.6 211.2 2458.8 -0.6382070780 0.4605795741 0.6168940067 0.7400109172 0.5879877210 0.3265796602 -0.2123101652 0.6649337411 -0.7160918117
-510.6 -102.1 2305.3 0.2984924614 0.0143689942 -0.9543038011 0.1735918969 0.9823912382 0.0690889508 0.9384924769 -0.1862819493 0.2907420397
-516.2 -487.2 2378.3 0.3296929598 -0.0948678255 -0.9393096566 -0.0590448529 0.9909187555 -0.1208046526 0.9422399998 0.0952898413 0.3210974634
-408.3 -103.8 2453.9 -0.9139819145 -0.3000364602 -0.2731578052 -0.3571923077 0.9143205285 0.1908706874 0.1924856305 0.2720222175 -0.9428431392
-290.8 -461.7 2347.4 -0.9780976176 -0.0410590395 -0.2040568739 -0.0408165529 0.9991520643 -0.0053987438 0.2041055262 0.0030483999 -0.9789441228
-668.8 -119.8 2301.1 0 0 0 0 0 0 0 0 0
-393.9 400.6 2404.5 0 0 0 0 0 0 0 0 0
-489.6 -764.4 2351.7 0 0 0 0 0 0 0 0 0
-278.0 -775.3 2346.5 0 0 0 0 0 0 0 0 0
-430.0 496.7 2367.3 7 0.5834997892 0.0539859943 -0.8103169203 -0.0296179615 0.9985388517 0.0451984182 0.8115730286 -0.0023733308 0.5842461586
-441.4 286.2 2367.8 0.5834997892 0.0539859943 -0.8103169203 -0.0296179615 0.9985388517 0.0451984182 0.8115730286 -0.0023733308 0.5842461586
-449.7 90.7 2375.3 0.5852258205 0.0425488017 -0.8097532392 0.0060867071 0.9983636737 0.0568584017 0.8108475208 -0.0382037349 0.5840092301
-524.6 285.3 2252.5 0.7295255661 0.1610690206 -0.6647173762 0.6839531064 -0.1707050204 0.7092728019 0.0007712801 -0.9720681906 -0.2346973419
-704.7 116.5 2252.3 -0.1511540413 0.1610690206 -0.9752995372 0.9690417051 -0.1707050204 -0.1783758253 -0.1952193528 -0.9720681906 -0.1302798539
-358.2 287.0 2483.1 0.8543037176 0.4578230977 -0.2460958362 -0.5005609393 0.5971257687 -0.6268010736 -0.1400138289 0.6586644650 0.7392951250
-230.3 212.1 2462.1 -0.6354971528 0.4595911801 0.6204186678 0.7389146686 0.5950742960 0.3160564005 -0.2239384651 0.6592894197 -0.7177667022
-505.0 -117.4 2310.7 0.3006475568 0.0220744424 -0.9534798265 0.1454049051 0.9869842529 0.0686986297 0.9425860643 -0.1592947245 0.2935246825
-513.6 -504.0 2373.1 0.3246779144 -0.0960842147 -0.9409314990 -0.0430331416 0.9922956824 -0.1161783487 0.9448451400 0.0782117844 0.3180417120
-398.8 -114.0 2456.5 -0.9211212993 -0.2770565152 -0.2734505534 -0.3389292955 0.9163161516 0.2132876217 0.1914744377 0.2891441882 -0.9379409552
-290.4 -472.7 2343.4 -0.9793674350 -0.0398530252 -0.1981190145 -0.0375765599 0.9991775751 -0.0152382655 0.1985633671 -0.0074792304 -0.9800595045
-666.3 -130.1 2302.0 0 0 0 0 0 0 0 0 0
-393.0 401.3 2404.8 0 0 0 0 0 0 0 0 0
-488.4 -764.4 2352.5 0 0 0 0 0 0 0 0 0
-278.3 -774.7 2345.6 0 0 0 0 0 0 0 0 0
-430.3 496.4 2367.3 8 0.5758750439 0.0489365235 -0.8160718083 -0.0436712354 0.9986230731 0.0290660299 0.8163704872 0.0189004634 0.5772191882
-441.2 274.1 2363.1 0.5758750439 0.0489365235 -0.8160718083 -0.0436712354 0.9986230731 0.0290660299 0.8163704872 0.0189004634 0.5772191882
-448.5 79.0 2377.4 0.5794125795 0.0375542641 -0.8141687512 0.0379359573 0.9966126084 0.0729672164 0.8141510487 -0.0731643960 0.5760252476
-523.6 268.7 2247.3 0.7669660449 0.1263643950 -0.6291224957 0.6414926648 -0.1751582474 0.7468646169 -0.0158189069 -0.9763972759 -0.2154022604
-702.0 119.5 2250.9 -0.1248906851 0.1263643950 -0.9840906262 0.9736462235 -0.1751582474 -0.1460567862 -0.1908279657 -0.9763972759 -0.1011585817
-358.7 279.5 2478.9 0.8832039237 0.4104338586 -0.2269247472 -0.4569674730 0.6442683339 -0.6132691503 -0.1055060029 0.6453389525 0.7565752268
-230.3 213.0 2463.5 -0.6306600571 0.4559648931 0.6279840469 0.7412473559 0.5935558677 0.3134385943 -0.2298266143 0.6631646752 -0.7123147845
-511.3 -105.0 2309.8 0.2929179072 0.0130921174 -0.9560479522 0.1639723778 0.9844048619 0.0637189671 0.9419724941 -0.1754298806 0.2862030566
-516.4 -490.5 2378.5 0.3230274618 -0.0976702124 -0.9413361549 -0.0595679469 0.9905897379 -0.1232218593 0.9445130825 0.0958775058 0.3141696751
-405.3 -104.2 2456.0 -0.9134547114 -0.2984271646 -0.2766616940 -0.3597287834 0.9100052118 0.2061205804 0.1902516037 0.2878049910 -0.9386014342
-288.4 -460.4 2343.3 -0.9797176123 -0.0298216939 -0.1981515139 -0.0273574851 0.9995107055 -0.0151625937 0.1985067427 -0.0094341338 -0.9800541401
-670.2 -129.0 2299.6 0 0 0 0 0 0 0 0 0
-391.8 402.8 2404.7 0 0 0 0 0 0 0 0 0
-489.6 -762.9 2352.1 0 0 0 0 0 0 0 0 0
-279.1 -773.6 2346.3 0 0 0 0 0 0 0 0 0
-429.7 496.0 2367.3 9 0.5666241050 0.0539554432 -0.8222079873 -0.0593561642 0.9979341626 0.0245817937 0.8218357563 0.0348744765 0.5686561465
-442.0 267.6 2359.3 0.5666241050 0.0539554432 -0.8222079873 -0.0593561642 0.9979341626 0.0245817937 0.8218357563 0.0348744765 0.5686561465
-447.0 72.6 2374.9 0.5709985495 0.0251494218 -0.8205657601 0.0509358682 0.9965196252 0.0659864247 0.8193693757 -0.0794743821 0.5677302480
-523.4 260.4 2242.6 0.7690416574 0.0794033632 -0.6342476010 0.6369113326 -0.1790594012 0.7498544455 -0.0540270358 -0.9806287885 -0.1882770360
-706.6 108.6 2255.5 -0.1458901763 0.0794033632 -0.9861090779 0.9710551500 -0.1790594012 -0.1580812186 -0.1891242862 -0.9806287885 -0.0509820320
-360.7 274.9 2476.0 0.9009003639 0.3266094327 -0.2858404815 -0.4222933650 0.5075197220 -0.7510606050 -0.1002337784 0.7973393202 0.5951496959
-230.6 213.9 2461.5 -0.6306790113 0.3266094327 0.7039675117 0.7453523278 0.5075197220 0.4322888553 -0.2160878032 0.7973393202 -0.5635211468
-508.5 -119.3 2318.3 0.2813719511 0.0101599535 -0.9595450163 0.1275917292 0.9906692505 0.0479038358 0.9510784149 -0.1359087974 0.2774502337
-512.4 -507.0 2371.5 0.3014413416 -0.0906937346 -0.9491615891 -0.0437177829 0.9931043983 -0.1087767258 0.9524819255 0.0742850453 0.2953977883
-403.6 -112.6 2465.2 -0.9141594768 -0.2928414345 -0.2802789509 -0.3593640029 0.9053827524 0.2261405140 0.1875364333 0.3074506819 -0.9329009652
-289.0 -467.0 2344.9 -0.9798367023 -0.0312864184 -0.1973351538 -0.0299842395 0.9995044470 -0.0095839687 0.1975372136 -0.0034737801 -0.9802892208
-669.3 -139.6 2303.9 0 0 0 0 0 0 0 0 0
-392.1 404.7 2406.1 0 0 0 0 0 0 0 0 0
-489.0 -764.1 2352.3 0 0 0 0 0 0 0 0 0
-279.4 -773.9 2345.9 0 0 0 0 0 0 0 0 0
-429.2 495.1 2366.8 0 0.5755887628 0.0484119952 -0.8163049817 -0.0553171262 0.9982644916 0.0201984085 0.8158661723 0.0335296690 0.5772678256
-440.5 263.4 2359.0 0.5755887628 0.0484119952 -0.8163049817 -0.0553171262 0.9982644916 0.0201984085 0.8158661723 0.0335296690 0.5772678256
-446.0 68.3 2374.9 0.5796267986 0.0282169469 -0.8143934011 0.0497883819 0.9963068366 0.0699556470 0.8133596778 -0.0810954943 0.5760812163
-523.0 256.3 2243.1 0.7724671364 0.0517156608 -0.6329455376 0.6318835020 -0.1620719582 0.7579286695 -0.0633859336 -0.9854228497 -0.1578735262
-709.9 103.4 2258.5 -0.1695648134 0.0517156608 -0.9841611981 0.9709905982 -0.1620719582 -0.1758121550 -0.1685971618 -0.9854228497 -0.0227337200
-357.9 270.5 2474.9 0.9128588438 0.2777471542 -0.2992410660 -0.4015396535 0.4781813920 -0.7810943723 -0.0738552138 0.8331860900 0.5480386019
-230.6 214.5 2464.6 -0.6236792803 0.2777471542 0.7306713462 0.7494320869 0.4781813920 0.4579237103 -0.2222064584 0.8331860900 -0.5063844323
-503.6 -127.0 2316.5 0.2918756008 0.0305688288 -0.9559676647 0.1368202716 0.9878755212 0.0733630434 0.9466196895 -0.1522086412 0.2841543257
-515.6 -513.7 2376.1 0.3185186684 -0.1069042832 -0.9418690801 -0.0553867370 0.9898236990 -0.1310777813 0.9462971091 0.0939177722 0.3093562424
-400.4 -117.9 2464.5 -0.9137724042 -0.2848749161 -0.2895967364 -0.3548850715 0.9067224264 0.2278399467 0.1976779550 0.3109674156 -0.9296357632
-288.8 -473.0 2342.7 -0.9780885577 -0.0329044126 -0.2055725753 -0.0303146131 0.9994165301 -0.0157357343 0.2059704065 -0.0091590891 -0.9785153866
-666.5 -144.9 2301.6 0 0 0 0 0 0 0 0 0
-390.3 406.4 2407.6 0 0 0 0 0 0 0 0 0
-488.7 -762.2 2352.5 0 0 0 0 0 0 0 0 0
-278.9 -774.1 2345.5 0 0 0 0 0 0 0 0 0
-430.1 498.4 2374.5 1 0.5719779730 0.0406633839 -0.8192604780 -0.0774626285 0.9969846606 -0.0045970050 0.8166031837 0.0660914481 0.5734031200
-439.7 262.4 2358.9 0.5719779730 0.0406633839 -0.8192604780 -0.0774626285 0.9969846606 -0.0045970050 0.8166031837 0.0660914481 0.5734031200
-446.2 67.4 2375.3 0.5766817331 0.0331250057 -0.8162971139 0.0495778322 0.9959172010 0.0754387006 0.8154631853 -0.0839743614 0.5726849437
-521.9 255.4 2242.7 0.7759628296 0.0662882924 -0.6272858381 0.6279757023 -0.1748292595 0.7583411336 -0.0593987778 -0.9823647738 -0.1772884429
-710.1 103.1 2257.1 -0.1611249894 0.0662882924 -0.9847053289 0.9697337151 -0.1748292595 -0.1704443544 -0.1834537685 -0.9823647738 -0.0361126289
-357.6 269.5 2475.1 0.9132907987 0.2710422873 -0.3040328920 -0.4007404149 0.4644415677 -0.7897475362 -0.0728494450 0.8431074023 0.5327877998
-233.0 214.8 2465.1 -0.6070417762 0.2710422873 0.7470183372 0.7622294426 0.4644415677 0.4508883059 -0.2247365713 0.8431074023 -0.4885318577
-504.0 -131.3 2317.3 0.2892062068 0.0268804394 -0.9568893313 0.1505514532 0.9858886600 0.0731971115 0.9453539252 -0.1652301401 0.2810782194
-514.5 -517.3 2382.0 0.3213050663 -0.0999341309 -0.9416879416 -0.0816845819 0.9877849817 -0.1326969266 0.9434461594 0.1195575818 0.3092172146
-399.2 -122.3 2464.3 -0.9178555608 -0.2772696018 -0.2840119600 -0.3445627689 0.9117969275 0.2233894467 0.1970221251 0.3028991818 -0.9324346185
-290.6 -479.4 2345.6 -0.9777168036 -0.0404251888 -0.2059991956 -0.0390456654 0.9991794825 -0.0107593499 0.2062651217 -0.0024762216 -0.9784930348
-668.8 -145.1 2304.0 0 0 0 0 0 0 0 0 0
-388.4 410.0 2407.6 0 0 0 0 0 0 0 0 0
-489.5 -764.1 2352.1 0 0 0 0 0 0 0 0 0
-278.6 -774.1 2346.4 0 0 0 0 0 0 0 0 0
-428.2 501.2 2370.4 2 0.5569796562 0.0615110621 -0.8282451630 -0.0777823851 0.9967337847 0.0217169411 0.8268758059 0.0523269922 0.5599449277
-443.0 262.0 2357.8 0.5569796562 0.0615110621 -0.8282451630 -0.0777823851 0.9967337847 0.0217169411 0.8268758059 0.0523269922 0.5599449277
-447.8 67.0 2376.0 0.5630497336 0.0245578829 -0.8260580897 0.0627151132 0.9954063296 0.0723397061 0.8240399361 -0.0925371796 0.5589231253
-523.2 253.0 2240.4 0.7831540704 0.0419952758 -0.6204079986 0.6177495122 -0.1666234285 0.7685194612 -0.0711003244 -0.9851258993 -0.1564343721
-710.3 105.5 2257.4 -0.1684413850 0.0419952758 -0.9848166704 0.9707016945 -0.1666234285 -0.1731324643 -0.1713642776 -0.9851258993 -0.0126986029
-362.8 270.9 2475.2 0.9155926704 0.2686002851 -0.2992389500 -0.3963103890 0.4768795073 -0.7845533490 -0.0680303201 0.8369228244 0.5430764556
-233.5 214.9 2465.6 -0.6086572409 0.2686002851 0.7465857267 0.7574441433 0.4768795073 0.4459419847 -0.2362512946 0.8369228244 -0.4937058985
-504.9 -132.1 2318.1 0.2723914981 0.0192434061 -0.9619940519 0.1542067975 0.9860031605 0.0633877963 0.9497489929 -0.1656123251 0.2656114101
-512.4 -518.2 2383.0 0.3041130304 -0.0875021517 -0.9486088157 -0.0969641879 0.9877577424 -0.1221989468 0.9476883411 0.1291433722 0.2919054329
-400.6 -123.2 2465.5 -0.9194024205 -0.2791384757 -0.2770935893 -0.3456786573 0.9095495939 0.2307073176 0.1876310855 0.3078982234 -0.9327343106
-291.3 -479.4 2344.9 -0.9796791077 -0.0437534712 -0.1957409680 -0.0422922969 0.9990374446 -0.0116402721 0.1960618645 -0.0031253963 -0.9805865288
-667.2 -143.0 2301.3 0 0 0 0 0 0 0 0 0
-389.3 408.9 2405.1 0 0 0 0 0 0 0 0 0
-490.6 -764.8 2350.7 0 0 0 0 0 0 0 0 0
-278.4 -773.7 2345.8 0 0 0 0 0 0 0 0 0
-428.0 498.4 2368.3 3 0.5348541141 0.0666015372 -0.8423154354 -0.0692193061 0.9969915748 0.0348787867 0.8421043754 0.0396494269 0.5378551483
-443.8 261.5 2358.9 0.5348541141 0.0666015372 -0.8423154354 -0.0692193061 0.9969915748 0.0348787867 0.8421043754 0.0396494269 0.5378551483
-452.3 66.9 2379.1 0.5421785116 0.0435522348 -0.8391339183 0.0631474257 0.9937198162 0.0923760757 0.8378871679 -0.1030734628 0.5360233188
-521.0 252.4 2239.6 0.7867258787 0.0380460694 -0.6161289811 0.6125639677 -0.1715480834 0.7715806365 -0.0763401389 -0.9844408035 -0.1582669616
-712.1 103.7 2258.1 -0.1813302189 0.0380460694 -0.9826860428 0.9676133990 -0.1715480834 -0.1851906627 -0.1756236851 -0.9844408035 -0.0057070353
-366.5 270.5 2478.3 0.9187402129 0.2845112681 -0.2738059759 -0.3854232728 0.4954464138 -0.7784482837 -0.0858211070 0.8207229376 0.5648438334
-233.6 214.7 2465.9 -0.6085518003 0.2845112681 0.7407550216 0.7548378110 0.4954464138 0.4298287332 -0.2447133213 0.8207229376 -0.5162646770
-503.5 -133.6 2319.7 0.2493972182 0.0262923185 -0.9680442810 0.1464142501 0.9871163368 0.0645310208 0.9572689533 -0.1578293443 0.2423344851
-513.8 -520.2 2381.5 0.2801695168 -0.0916985944 -0.9555608034 -0.0970603526 0.9876198173 -0.1232330874 0.9550310373 0.1272732168 0.2678006887
-401.8 -122.2 2468.6 -0.9228628278 -0.2868573368 -0.2569767535 -0.3504565060 0.9021846056 0.2514820099 0.1597009897 0.3221425712 -0.9331236482
-289.4 -475.6 2342.4 -0.9858445525 -0.0363737196 -0.1636688262 -0.0338008069 0.9992577434 -0.0184786711 0.1642194688 -0.0126849590 -0.9863422513
-665.6 -144.1 2303.1 0 0 0 0 0 0 0 0 0
-389.5 408.0 2403.2 0 0 0 0 0 0 0 0 0
-491.1 -765.0 2349.9 0 0 0 0 0 0 0 0 0
-278.6 -773.4 2346.2 0 0 0 0 0 0 0 0 0
-428.4 495.9 2367.3 4 0.5585026741 0.0660825819 -0.8268662691 -0.0732657686 0.9968556762 0.0301810205 0.8262608051 0.0437248126 0.5615881681
-443.8 262.7 2357.1 0.5585026741 0.0660825819 -0.8268662691 -0.0732657686 0.9968556762 0.0301810205 0.8262608051 0.0437248126 0.5615881681
-448.8 68.2 2378.7 0.5654217005 0.0254067648 -0.8244105577 0.0772576183 0.9934996367 0.0836048797 0.8211757541 -0.1109640077 0.5597833395
-524.3 251.7 2240.1 0.7783873677 0.0495775156 -0.6258236170 0.6236351728 -0.1754874140 0.7617633343 -0.0720578358 -0.9832325578 -0.1675154716
-710.2 102.8 2257.3 -0.1679387093 0.0495775156 -0.9845499992 0.9689621329 -0.1754874140 -0.1741165817 -0.1814083904 -0.9832325578 -0.0185676068
-363.3 273.7 2474.0 0.9078087807 0.2779655159 -0.3140356243 -0.4152492583 0.4908655882 -0.7659105659 -0.0587474592 0.8257034421 0.5610370636
-234.4 214.8 2465.7 -0.6024309993 0.2779655159 0.7482058406 0.7586078048 0.4908655882 0.4284451306 -0.2481755316 0.8257034421 -0.5065794587
-509.9 -133.4 2323.5 0.2748914957 0.0127526736 -0.9613906741 0.1435021609 0.9881680012 0.0541395992 0.9507059455 -0.1528441608 0.2698089480
-514.9 -520.4 2383.4 0.3083586097 -0.0978789330 -0.9462212920 -0.1015813276 0.9856168628 -0.1350578517 0.9458309412 0.1377646625 0.2939807773
-411.9 -122.0 2474.9 -0.9040136933 -0.3119793534 -0.2922809720 -0.3878468573 0.8860993981 0.2537767589 0.1798168868 0.3427779078 -0.9220461845
-289.8 -468.8 2340.7 -0.9822294712 -0.0386337675 -0.1836647689 -0.0341586806 0.9990388751 -0.0274683889 0.1845494509 -0.0207065139 -0.9826050997
-667.2 -145.3 2303.8 0 0 0 0 0 0 0 0 0
-388.7 409.1 2402.1 0 0 0 0 0 0 0 0 0
-490.7 -764.3 2349.3 0 0 0 0 0 0 0 0 0
-278.0 -773.6 2347.1 0 0 0 0 0 0 0 0 0
-426.3 497.0 2366.3 5 0.5410298109 0.0667913258 -0.8383470178 -0.0613680705 0.9973192811 0.0398526154 0.8387614489 0.0298862848 0.5436782837
-442.1 261.4 2359.2 0.5410298109 0.0667913258 -0.8383470178 -0.0613680705 0.9973192811 0.0398526154 0.8387614489 0.0298862848 0.5436782837
-446.7 66.6 2378.0 0.5468923450 0.0239409618 -0.8368605971 0.0673687235 0.9950910211 0.0724934116 0.8344880342 -0.0960243195 0.5425947905
-519.9 251.8 2240.4 0.7797347903 0.0302570034 -0.6253784299 0.6213083863 -0.1608557254 0.7668776512 -0.0773922801 -0.9865140319 -0.1442237347
-711.5 99.2 2259.4 -0.1878585517 0.0302570034 -0.9817299247 0.9684626460 -0.1608557254 -0.1902773827 -0.1636741012 -0.9865140319 0.0009153436
-364.2 271.0 2478.1 0.9090970755 0.3143949509 -0.2733100057 -0.3999047577 0.4748339653 -0.7839699388 -0.1166993156 0.8220027685 0.5573982000
-235.8 214.6 2461.6 -0.5856281519 0.3143949509 0.7471247911 0.7785161734 0.4748339653 0.4104208350 -0.2257259935 0.8220027685 -0.5228376985
-504.8 -133.4 2326.2 0.2536277175 0.0239225104 -0.9670060277 0.1473973095 0.9870638847 0.0630782917 0.9560057521 -0.1585325003 0.2468206584
-514.2 -520.0 2388.3 0.2890808284 -0.0944737941 -0.9526315928 -0.1180662364 0.9840027690 -0.1334127039 0.9499961138 0.1510406882 0.2733021677
-402.7 -119.4 2474.6 -0.9178366661 -0.2899804711 -0.2710852325 -0.3600336313 0.8957380056 0.2608240247 0.1671874672 0.3369936645 -0.9265438914
-289.2 -470.0 2342.7 -0.9844921231 -0.0346595459 -0.1719709486 -0.0318699814 0.9993122220 -0.0189564675 0.1725097001 -0.0131817823 -0.9849196076
-663.4 -148.8 2301.3 0 0 0 0 0 0 0 0 0
-385.7 413.8 2403.8 0 0 0 0 0 0 0 0 0
-490.7 -765.0 2350.7 0 0 0 0 0 0 0 0 0
-278.6 -775.3 2346.7 0 0 0 0 0 0 0 0 0
-426.9 497.2 2367.3 6 0.5395056009 0.0661166161 -0.8393820524 -0.0715740621 0.9969049692 0.0325207971 0.8389343619 0.0425328352 0.5425680876
-442.5 262.3 2357.3 0.5395056009 0.0661166161 -0.8393820524 -0.0715740621 0.9969049692 0.0325207971 0.8389343619 0.0425328352 0.5425680876
-447.4 68.0 2380.6 0.5467189550 0.0247642882 -0.8369498849 0.0863332450 0.9925678968 0.0857641101 0.8328534961 -0.1191454679 0.5405177474
-520.4 250.0 2238.6 0.7908700705 0.0253292751 -0.6114596725 0.6064593196 -0.1663891077 0.7775099874 -0.0820464641 -0.9857348204 -0.1469533443
-712.3 102.9 2258.5 -0.1833120137 0.0253292751 -0.9827284217 0.9685584307 -0.1663891077 -0.1849574149 -0.1682001352 -0.9857348204 0.0059682382
-364.6 274.6 2475.9 0.9110724330 0.2827313244 -0.3000166416 -0.4046799541 0.4745812714 -0.7816691995 -0.0786201060 0.8335680366 0.5467936397
-233.2 216.2 2464.6 -0.5935819745 0.2827313244 0.7534742355 0.7692062855 0.4745812714 0.4278951585 -0.2366053909 0.8335680366 -0.4991815984
-500.8 -134.4 2321.4 0.2526732087 0.0344432406 -0.9669384360 0.1423661560 0.9871651530 0.0723658055 0.9570204616 -0.1559441984 0.2445266396
-514.3 -521.0 2382.5 0.2833643854 -0.0921384990 -0.9545758963 -0.0993087366 0.9872035384 -0.1247674599 0.9538565874 0.1301523894 0.2705881894
-402.0 -122.2 2472.2 -0.9172403216 -0.2870802879 -0.2761431932 -0.3582223654 0.8976661563 0.2566557229 0.1742036045 0.3343356550 -0.9262142181
-289.5 -473.7 2341.2 -0.9835254550 -0.0364503823 -0.1770567298 -0.0325108133 0.9991561174 -0.0251016151 0.1778222769 -0.0189318191 -0.9838805199
-665.4 -145.1 2301.6 0 0 0 0 0 0 0 0 0
-385.1 413.2 2404.0 0 0 0 0 0 0 0 0 0
-491.5 -764.4 2350.4 0 0 0 0 0 0 0 0 0
-278.5 -775.5 2347.0 0 0 0 0 0 0 0 0 0
-426.5 496.8 2367.3 7 0.5767880678 0.0706017390 -0.8138371706 -0.0531124398 0.9973913431 0.0488831736 0.8151653409 0.0150296437 0.5790332556
-441.9 280.4 2364.0 0.5767880678 0.0706017390 -0.8138371706 -0.0531124398 0.9973913431 0.0488831736 0.8151653409 0.0150296437 0.5790332556
-450.8 85.5 2378.3 0.5817766190 0.0446412712 -0.8121225834 0.0331910886 0.9963578582 0.0785453841 0.8126711249 -0.0726511031 0.5781760216
-524.6 275.6 2248.5 0.7301243544 0.0834683478 -0.6781972051 0.6818734407 -0.1534186006 0.7152001858 -0.0443514846 -0.9846297503 -0.1689295024
-710.8 101.8 2259.8 -0.1771811545 0.0834683478 -0.9806323647 0.9700492024 -0.1534186006 -0.1883274913 -0.1661666334 -0.9846297503 -0.0537855253
-359.1 285.1 2479.5 0.8712882400 0.3581405878 -0.3355475366 -0.4806303382 0.4844093919 -0.7309870124 -0.0992537364 0.7981747389 0.5941933990
-233.7 215.9 2465.2 -0.5782462358 0.3581405878 0.7330529690 0.7862734199 0.4844093919 0.3835643828 -0.2177277505 0.7981747389 -0.5617043376
-502.4 -132.4 2327.6 0.2962818444 0.0332306288 -0.9545223117 0.1320250481 0.9883753657 0.0753895044 0.9459315538 -0.1483573914 0.2884503901
-515.5 -521.3 2386.0 0.3288689554 -0.0982621610 -0.9392495751 -0.1039254442 0.9847657681 -0.1394124329 0.9386398196 0.1434603482 0.3136469424
-402.8 -118.5 2479.1 -0.9135535955 -0.2832391262 -0.2918824553 -0.3603790104 0.8963899016 0.2580931187 0.1885384321 0.3409702182 -0.9209737182
-291.8 -469.6 2345.6 -0.9794775844 -0.0463443473 -0.1961525977 -0.0441203341 0.9989029169 -0.0156950485 0.1966647804 -0.0067186300 -0.9804477692
-665.4 -146.7 2302.4 0 0 0 0 0 0 0 0 0
-381.7 417.2 2409.5 0 0 0 0 0 0 0 0 0
-491.4 -763.0 2350.8 0 0 0 0 0 0 0 0 0
-277.7 -775.3 2347.6 0 0 0 0 0 0 0 0 0
-426.9 495.8 2366.8 8 0.5755087137 0.0579804406 -0.8157376647 -0.0611551479 0.9977418780 0.0277714152 0.8155058026 0.0339038670 0.5777549744
-440.0 271.2 2359.1 0.5755087137 0.0579804406 -0.8157376647 -0.0611551479 0.9977418780 0.0277714152 0.8155058026 0.0339038670 0.5777549744
-447.5 77.1 2381.5 0.5818615556 0.0379067510 -0.8124039769 0.0707221180 0.9927709699 0.0969754010 0.8102070689 -0.1138811782 0.5749743581
-522.8 261.1 2243.9 0.7712073922 0.0587566495 -0.6338665485 0.6340626478 -0.1594343036 0.7566671968 -0.0566008426 -0.9854584336 -0.1602123231
-703.8 112.3 2257.2 -0.1221870109 0.0587566495 -0.9907663465 0.9785928726 -0.1594343036 -0.1301408410 -0.1656087935 -0.9854584336 -0.0380180366
-357.1 281.3 2474.4 0.8854247928 0.3068078756 -0.3491301835 -0.4597210586 0.4675558209 -0.7550153136 -0.0684067830 0.8290117383 0.5550315380
-232.1 216.4 2464.7 -0.5830062032 0.3068078756 0.7523115873 0.7808052897 0.4675558209 0.4144088030 -0.2246037573 0.8290117383 -0.5121451616
-511.2 -114.5 2321.0 0.2955434918 0.0061917761 -0.9553092122 0.1599995941 0.9855337739 0.0558866598 0.9418355227 -0.1693660170 0.2902773917
-513.6 -497.8 2386.9 0.3288345337 -0.0861258656 -0.9404520988 -0.0976916328 0.9873881936 -0.1245826855 0.9393211603 0.1328413934 0.3162735403
-407.2 -106.3 2465.9 -0.9079971313 -0.2970659435 -0.2954538465 -0.3677587509 0.9029531479 0.2223266661 0.2007353008 0.3105277121 -0.9291274548
-290.9 -459.8 2344.3 -0.9769439101 -0.0388122983 -0.2099385709 -0.0364166871 0.9992200732 -0.0152662033 0.2103673518 -0.0072689569 -0.9775953889
-672.5 -137.9 2299.6 0 0 0 0 0 0 0 0 0
-381.4 416.3 2407.2 0 0 0 0 0 0 0 0 0
-490.4 -764.5 2351.0 0 0 0 0 0 0 0 0 0
-278.7 -774.3 2346.6 0 0 0 0 0 0 0 0 0
-424.8 494.6 2367.5 9 0.5874598026 0.0840321854 -0.8048785925 -0.0972401798 0.9947177172 0.0328790061 0.8033899069 0.0589514486 0.5925279856
-443.9 268.3 2354.1 0.5874598026 0.0840321854 -0.8048785925 -0.0972401798 0.9947177172 0.0328790061 0.8033899069 0.0589514486 0.5925279856
-448.7 74.4 2379.3 0.5976000428 0.0242509544 -0.8014275432 0.0887507275 0.9913995266 0.0961781591 0.7968673110 -0.1286033541 0.5903081298
-529.0 255.7 2240.7 0.7580397725 0.0450905971 -0.6506477594 0.6474168897 -0.1727246195 0.7423056364 -0.0789118856 -0.9839375019 -0.1601245403
-705.7 104.8 2259.1 -0.1292521656 0.0450905971 -0.9905860424 0.9756518006 -0.1727246195 -0.1351658106 -0.1771932989 -0.9839375019 -0.0216676909
-358.8 281.0 2467.5 0.8843234777 0.2858209312 -0.3691590130 -0.4662460685 0.4996360242 -0.7300537229 -0.0242195055 0.8177226186 0.5751027465
-234.5 215.4 2464.1 -0.5748310685 0.3098607957 0.7573344707 0.7857006192 0.4675399065 0.4050691426 -0.2285690606 0.8278844953 -0.5122143030
-507.0 -124.5 2331.6 0.3129367828 0.0118576949 -0.9496999383 0.1042238176 0.9934546351 0.0467469208 0.9440380931 -0.1136101782 0.3096526265
-511.7 -511.7 2375.8 0.3310870528 -0.0814679042 -0.9400767684 -0.0615896136 0.9922757149 -0.1076828465 0.9415880442 0.0935513601 0.3235120475
-402.5 -110.7 2476.9 -0.9023998976 -0.2782740295 -0.3289954364 -0.3656237423 0.8985155821 0.2428764850 0.2280213237 0.3394602537 -0.9125639796
-293.5 -462.3 2344.0 -0.9706191421 -0.0436894819 -0.2366214395 -0.0396563634 0.9989759922 -0.0217795912 0.2373306751 -0.0117561426 -0.9713577628
-672.6 -144.9 2304.5 0 0 0 0 0 0 0 0 0
-381.7 416.6 2405.6 0 0 0 0 0 0 0 0 0
-491.0 -763.5 2352.1 0 0 0 0 0 0 0 0 0
-280.0 -772.5 2347.7 0 0 0 0 0 0 0 0 0
-423.4 496.4 2367.4 0 0.5895187855 0.0833812729 -0.8034396172 -0.0965178385 0.9948030710 0.0324216895 0.8019675612 0.0584330596 0.5945028663
-442.6 266.4 2353.9 0.5895187855 0.0833812729 -0.8034396172 -0.0965178385 0.9948030710 0.0324216895 0.8019675612 0.0584330596 0.5945028663
-447.4 72.5 2379.9 0.5997316241 0.0242517609 -0.7998336554 0.0918918774 0.9908408523 0.0989457071 0.7949074507 -0.1328390837 0.5920100808
-528.1 253.3 2240.7 0.7510516047 0.0374048389 -0.6591830850 0.6551616192 -0.1658566445 0.7370582223 -0.0817603543 -0.9854402542 -0.1490731239
-708.4 96.0 2260.3 -0.1667644083 0.0374048389 -0.9852870107 0.9712657928 -0.1658566445 -0.1706877351 -0.1698009521 -0.9854402542 -0.0086710546
-357.2 279.5 2467.1 0.8959155679 0.2344421744 -0.3773224056 -0.4441838861 0.4613095820 -0.7680456638 -0.0059998510 0.8557046056 0.5174298882
-231.0 217.0 2466.3 -0.5802350640 0.2344421744 0.7799770236 0.7726498246 0.4613095820 0.4361257851 -0.2575646043 0.8557046056 -0.4488097131
-507.2 -128.2 2332.9 0.3155360520 0.0189848244 -0.9487236738 0.1127715632 0.9919641018 0.0573568046 0.9421887398 -0.1250871867 0.3108594716
-514.6 -515.7 2381.8 0.3393391669 -0.0951859504 -0.9358357787 -0.0736032054 0.9891301394 -0.1272955686 0.9377800822 0.1120768785 0.3286446035
-399.5 -111.6 2476.4 -0.9016741514 -0.2773434818 -0.3317594826 -0.3651401997 0.8993301988 0.2405781746 0.2316385210 0.3380618393 -0.9121720195
-290.9 -463.7 2344.0 -0.9696564674 -0.0352637433 -0.2419148833 -0.0318395421 0.9993299842 -0.0180505607 0.2423893213 -0.0098003829 -0.9701295495
-665.8 -152.5 2303.8 0 0 0 0 0 0 0 0 0
-379.6 414.8 2400.3 0 0 0 0 0 0 0 0 0
-491.0 -761.4 2354.0 0 0 0 0 0 0 0 0 0
-280.0 -772.9 2347.0 0 0 0 0 0 0 0 0 0
-421.2 498.7 2366.8 1 0.5860787034 0.0829229578 -0.8059996963 -0.0943915918 0.9949636459 0.0337275863 0.8047372103 0.0563125797 0.5909542441
-440.6 265.4 2353.6 0.5860787034 0.0829229578 -0.8059996963 -0.0943915918 0.9949636459 0.0337275863 0.8047372103 0.0563125797 0.5909542441
-446.1 71.8 2382.3 0.5969977975 0.0280921068 -0.8017508388 0.1007309183 0.9888525009 0.1096538752 0.7958937883 -0.1462242305 0.5875130296
-525.7 251.0 2240.3 0.7584204078 0.0288282391 -0.6511278152 0.6467613578 -0.1568495035 0.7463899851 -0.0806119666 -0.9872016907 -0.1376028508
-709.1 94.6 2259.7 -0.2041116059 0.0288282391 -0.9785230756 0.9658793807 -0.1568495035 -0.2060951889 -0.1594222188 -0.9872016907 0.0041702008
-355.5 279.7 2467.0 0.8969827294 0.2331129462 -0.3756065965 -0.4420652092 0.4719575644 -0.7627807260 -0.0005436867 0.8502437472 0.5263889432
-229.2 217.5 2466.9 -0.5912141204 0.2329874337 0.7721287012 0.7628996372 0.4721195698 0.4416868687 -0.2616295815 0.8501881957 -0.4568697810
-506.2 -130.1 2334.3 0.3120445609 0.0157000367 -0.9499377012 0.1106931567 0.9924529791 0.0527642444 0.9435969591 -0.1216164008 0.3079516888
-512.4 -518.3 2381.9 0.3341488242 -0.0845463648 -0.9387206435 -0.0785263553 0.9900085926 -0.1171180308 0.9392433763 0.1128491685 0.3241710961
-398.0 -113.2 2477.7 -0.9013964534 -0.2770843208 -0.3327291310 -0.3667164147 0.8971127272 0.2463896573 0.2302248180 0.3441120088 -0.9102656245
-289.4 -464.5 2342.9 -0.9703581333 -0.0319210216 -0.2395539582 -0.0278017987 0.9994021058 -0.0205558483 0.2400668859 -0.0132865040 -0.9706653953
-656.9 -152.4 2300.5 0 0 0 0 0 0 0 0 0
-380.5 412.8 2400.0 0 0 0 0 0 0 0 0 0
-491.4 -763.4 2354.0 0 0 0 0 0 0 0 0 0
-279.6 -773.2 2347.1 0 0 0 0 0 0 0 0 0
-421.3 497.2 2367.1 2 0.5713037252 0.0823906735 -0.8165928125 -0.0921498835 0.9950966835 0.0359311402 0.8155491352 0.0547213368 0.5760947466
-440.5 264.7 2354.3 0.5713037252 0.0823906735 -0.8165928125 -0.0921498835 0.9950966835 0.0359311402 0.8155491352 0.0547213368 0.5760947466
-446.1 70.9 2382.1 0.5819940567 0.0286898166 -0.8126868010 0.0988434628 0.9894716144 0.1057160869 0.8071634769 -0.1418549120 0.5730307698
-523.4 250.6 2239.3 0.7678906918 0.0098224068 -0.6405056119 0.6347389817 -0.1463967115 0.7587321401 -0.0863153413 -0.9891771674 -0.1186513379
-710.7 95.9 2260.3 -0.2376173139 0.0098224068 -0.9713091850 0.9605478644 -0.1463967115 -0.2364651412 -0.1445191354 -0.9891771674 0.0253515020
-357.6 278.8 2469.3 0.9039496183 0.2496889681 -0.3471749723 -0.4271649420 0.4889988303 -0.7605328560 -0.0201285128 0.8357843757 0.5486887097
-228.0 217.5 2466.4 -0.5895509124 0.2496889681 0.7681699991 0.7614815235 0.4889988303 0.4254715741 -0.2693986595 0.8357843757 -0.4784232378
-505.5 -131.1 2339.1 0.2942543030 0.0233295038 -0.9554423690 0.1031384021 0.9930886030 0.0560129844 0.9501457214 -0.1150248572 0.2898144126
-514.7 -519.8 2384.1 0.3193719387 -0.0963030085 -0.9427233338 -0.0923890844 0.9869191051 -0.1321169883 0.9431149364 0.1292918026 0.3062969446
-397.7 -112.7 2482.8 -0.9079528451 -0.2698665261 -0.3206145465 -0.3590048254 0.8955531120 0.2628690600 0.2161877900 0.3537748754 -0.9100033641
-292.0 -463.5 2344.3 -0.9734717011 -0.0436277688 -0.2246096730 -0.0404722691 0.9990068674 -0.0186360236 0.2251996398 -0.0090511786 -0.9742705822
-649.9 -149.8 2297.3 0 0 0 0 0 0 0 0 0
-378.9 412.5 2397.4 0 0 0 0 0 0 0 0 0
-491.0 -762.1 2352.4 0 0 0 0 0 0 0 0 0
-278.4 -774.1 2347.1 0 0 0 0 0 0 0 0 0
-420.3 496.4 2367.2 3 0.5867286921 0.0842995942 -0.8053838015 -0.0963264108 0.9947707057 0.0339481607 0.8040339947 0.0576613694 0.5917807817
-439.9 264.9 2353.8 0.5867286921 0.0842995942 -0.8053838015 -0.0963264108 0.9947707057 0.0339481607 0.8040339947 0.0576613694 0.5917807817
-445.5 71.3 2382.7 0.5980259180 0.0289334971 -0.8009543419 0.1015499458 0.9885586500 0.1115318984 0.7950173616 -0.1480358392 0.5882455111
-525.1 250.5 2240.5 0.7731216550 0.0287788212 -0.6336045265 0.6303996444 -0.1448836476 0.7626303434 -0.0698513314 -0.9890300632 -0.1301548332
-710.7 99.2 2257.3 -0.2486219257 0.0287788212 -0.9681729674 0.9573084116 -0.1448836476 -0.2501386106 -0.1474711299 -0.9890300632 0.0084710419
-354.7 279.4 2467.0 0.8999991417 0.2402634919 -0.3636962771 -0.4358778298 0.4894193709 -0.7553007603 -0.0034711827 0.8382971883 0.5452025533
-227.6 217.9 2466.5 -0.5880513787 0.2402634919 0.7723140717 0.7604771256 0.4894193709 0.4267823696 -0.2754452527 0.8382971883 -0.4705186188
-504.3 -131.8 2336.9 0.3131815791 0.0211318657 -0.9494581223 0.1083949730 0.9924237132 0.0578425452 0.9434870481 -0.1210317090 0.3085182309
-512.6 -520.4 2384.3 0.3388029635 -0.0911678225 -0.9364299178 -0.0943018943 0.9869917631 -0.1302090585 0.9361194968 0.1324223280 0.3257984221
-399.1 -113.9 2482.8 -0.9007217288 -0.2756794691 -0.3357100487 -0.3679754138 0.8949257135 0.2523927689 0.2308560312 0.3508687019 -0.9075222611
-291.2 -464.4 2345.3 -0.9691183567 -0.0410496220 -0.2431554794 -0.0389868356 0.9991513491 -0.0132916113 0.2434947342 -0.0034012815 -0.9698962569
-647.0 -145.9 2295.0 0 0 0 0 0 0 0 0 0
-378.2 412.6 2396.0 0 0 0 0 0 0 0 0 0
-490.1 -764.1 2351.6 0 0 0 0 0 0 0 0 0
-278.4 -775.0 2346.4 0 0 0 0 0 0 0 0 0
-420.3 495.8 2366.7 4 0.5975493193 0.0806723908 -0.7977636456 -0.0941996947 0.9950991273 0.0300691370 0.7962796092 0.0571812987 0.6022201180
-439.1 263.9 2353.4 0.5975493193 0.0806723908 -0.7977636456 -0.0941996947 0.9950991273 0.0300691370 0.7962796092 0.0571812987 0.6022201180
-444.7 70.0 2380.7 0.6078848243 0.0287297927 -0.7935053110 0.0933219567 0.9898340106 0.1073297486 0.7885220647 -0.1392955929 0.5990239382
-525.7 250.6 2241.0 0.7705512047 0.0338554755 -0.6364783049 0.6338368654 -0.1458196789 0.7595968843 -0.0670945570 -0.9887317419 -0.1338203698
