-443.0 496.8 2361.9 71 0.8214579225 0.0534001850 -0.5677634478 -0.0779804960 0.9967724085 -0.0190746095 0.5649123192 0.0599434637 0.8229707479
-455.4 264.9 2347.9 0.8214579225 0.0534001850 -0.5677634478 -0.0779804960 0.9967724085 -0.0190746095 0.5649123192 0.0599434637 0.8229707479
-458.9 71.6 2378.6 0.8268766999 0.0176113043 -0.5621074438 0.0734416768 0.9875686765 0.1389762461 0.5575672388 -0.1561983377 0.8153041601
-573.0 254.5 2268.7 0.4785161614 -0.4841549993 -0.7325409055 0.8528461456 0.0577054955 0.5189638734 -0.2089873105 -0.8730773330 0.4405227602
-730.5 -26.3 2337.5 -0.7445445657 -0.4841549993 -0.4596165121 0.4969727993 0.0577054955 -0.8658453226 0.4457257390 -0.8730773330 0.1976475567
-337.8 275.3 2427.2 0.9251915216 0.3793638945 -0.0101828733 -0.1835128218 0.4237417281 -0.8869982958 -0.3321802318 0.8225119710 0.4616603851
-182.8 244.5 2371.5 -0.6914079785 0.3793638945 0.6148480177 0.7205671072 0.4237417281 0.5488405824 -0.0523264557 0.8225119710 -0.5663355589
-527.4 -132.0 2352.3 0.6186493635 -0.0244044363 -0.7852880955 0.0465654805 0.9988992810 0.0056414064 0.7842860222 -0.0400573686 0.6191048622
-517.9 -523.1 2368.0 0.6181738973 -0.1382261217 -0.7737923265 0.0499956608 0.9893377423 -0.1367890388 0.7844498158 0.0458731465 0.6184934378
-384.6 -115.4 2461.6 0.9147169590 -0.2367615104 -0.3274703622 0.0728124753 0.8936842680 -0.4427491426 0.3974810839 0.3811462224 0.8347073197
-292.0 -464.9 2312.6 0.9147169590 -0.0370770842 -0.4023905396 0.0728124753 0.9946060181 0.0738728046 0.3974810839 -0.0968717560 0.9124826789
-539.9 -153.5 2223.4 0 0 0 0 0 0 0 0 0
-369.7 439.3 2357.4 0 0 0 0 0 0 0 0 0
-484.1 -764.5 2356.8 0 0 0 0 0 0 0 0 0
-280.6 -770.6 2342.3 0 0 0 0 0 0 0 0 0
-442.4 494.9 2356.6 72 0.8342499733 0.0583277978 -0.5482926965 -0.0722293705 0.9973807931 -0.0037978301 0.5466350913 0.0427711718 0.8362779021
-455.9 264.1 2346.7 0.8342499733 0.0583277978 -0.5482926965 -0.0722293705 0.9973807931 -0.0037978301 0.5466350913 0.0427711718 0.8362779021
-457.9 70.4 2375.6 0.8392183781 0.0103055872 -0.5436968803 0.0715677813 0.9890306592 0.1292145252 0.5390645266 -0.1473503858 0.8292751312
-575.3 253.9 2270.0 0.4783570170 -0.4853736162 -0.7318381071 0.8517695069 0.0536574088 0.5211617351 -0.2136896253 -0.8726587892 0.4390938580
-729.4 -20.5 2338.8 -0.7320891023 -0.4853736162 -0.4779728353 0.5207146406 0.0536574088 -0.8520429134 0.4392059445 -0.8726587892 0.2134591341
-336.4 274.3 2423.4 0.9303137064 0.3656831086 -0.0281484369 -0.1789970100 0.3857068121 -0.9050913453 -0.3201195598 0.8470573425 0.4242845178
-183.3 244.8 2370.7 -0.6898935437 0.3656831086 0.6247581244 0.7232257724 0.3857068121 0.5728654265 -0.0314862803 0.8470573425 -0.5305680633
-536.9 -128.3 2359.0 0.6362287998 -0.0446228497 -0.7702088356 0.0456150025 0.9987551570 -0.0201837774 0.7701507211 -0.0222915765 0.6374722719
-519.4 -519.3 2367.8 0.6337279677 -0.1465561986 -0.7595459819 0.0631641448 0.9884138703 -0.1380157322 0.7709728479 0.0394883566 0.6356426477
-387.8 -115.1 2459.6 0.9192680717 -0.2411029488 -0.3111520708 0.0881951675 0.8965239525 -0.4341271818 0.3836246431 0.3716371357 0.8454099298
-293.4 -466.0 2314.1 0.9199377894 -0.0409454294 -0.3899204731 0.0741592646 0.9947509170 0.0705051646 0.3849868774 -0.0937765762 0.9181454182
-542.0 -153.8 2226.4 0 0 0 0 0 0 0 0 0
-369.7 440.3 2362.2 0 0 0 0 0 0 0 0 0
-483.0 -765.3 2357.9 0 0 0 0 0 0 0 0 0
-280.9 -770.8 2342.9 0 0 0 0 0 0 0 0 0
-443.9 495.3 2361.4 73 0.8445839882 0.0995650962 -0.5260842443 -0.1210694611 0.9926227331 -0.0065061012 0.5215554237 0.0691876858 0.8504075408
-466.7 267.8 2345.6 0.8445839882 0.0995650962 -0.5260842443 -0.1210694611 0.9926227331 -0.0065061012 0.5215554237 0.0691876858 0.8504075408
-459.4 73.9 2369.6 0.8513711691 -0.0377000347 -0.5232072473 0.0966198742 0.9916189909 0.0857696533 0.5155887604 -0.1235740334 0.8478783369
-587.8 253.9 2272.1 0.4601739943 -0.5039614439 -0.7309327722 0.8591163158 0.0450830124 0.5097908974 -0.2239623070 -0.8625487685 0.4537075460
-734.2 -19.4 2343.4 -0.7266207337 -0.5039614439 -0.4669530690 0.5177601576 0.0450830124 -0.8543371558 0.4516046643 -0.8625487685 0.2281729132
-345.6 281.6 2419.0 0.9367582202 0.3421435058 -0.0736330971 -0.2010212690 0.3537897468 -0.9134677052 -0.2864864171 0.8705002069 0.4001936018
-183.5 246.8 2369.4 -0.6932988167 0.3421435058 0.6342511773 0.7203649282 0.3537897468 0.5965795517 -0.0202757474 0.8705002069 -0.4917502105
-535.7 -129.7 2355.8 0.6576007009 -0.0398852415 -0.7523100972 0.0453368239 0.9988828301 -0.0133284898 0.7520012856 -0.0253425259 0.6586742997
-520.1 -520.8 2365.7 0.6533800960 -0.1492995769 -0.7421617508 0.0752930343 0.9883148670 -0.1325317919 0.7532764673 0.0307140257 0.6569864750
-384.2 -116.8 2453.1 0.9308334589 -0.2289668471 -0.2848215103 0.1023427323 0.9115265012 -0.3983031511 0.3508205712 0.3416044712 0.8719124198
-294.6 -473.4 2319.4 0.9327820539 -0.0455848575 -0.3575467467 0.0703490004 0.9959178567 0.0565562621 0.3535090685 -0.0779077187 0.9321811795
-548.2 -151.9 2227.8 0 0 0 0 0 0 0 0 0
-370.9 441.5 2364.0 0 0 0 0 0 0 0 0 0
-483.0 -766.3 2358.1 0 0 0 0 0 0 0 0 0
-281.0 -770.4 2342.7 0 0 0 0 0 0 0 0 0
-444.8 495.1 2363.9 74 0.8534755707 0.1260052621 -0.5056699514 -0.1581243724 0.9871982336 -0.0208893567 0.4965643287 0.0977873057 0.8624740839
-475.1 257.7 2340.3 0.8534755707 0.1260052621 -0.5056699514 -0.1581243724 0.9871982336 -0.0208893567 0.4965643287 0.0977873057 0.8624740839
-463.7 64.0 2365.2 0.8628000617 -0.0582803823 -0.5021747351 0.1141201258 0.9901462197 0.0811605081 0.4924963415 -0.1273335367 0.8609492183
-597.9 241.4 2270.2 0.4484036863 -0.5372663736 -0.7143381238 0.8574458361 0.0328549109 0.5135243535 -0.2524298429 -0.8427724242 0.4754090905
-733.9 -18.7 2346.8 -0.7122344375 -0.5372663736 -0.4517376423 0.5175264478 0.0328549109 -0.8550361991 0.4742240310 -0.8427724242 0.2546491921
-352.3 274.0 2410.5 0.9503133297 0.3018410504 -0.0761350840 -0.1582731605 0.2578944564 -0.9531212449 -0.2680563033 0.9178139567 0.2928538918
-181.5 245.6 2362.3 -0.6948713660 0.3018410504 0.6527218223 0.7186422348 0.2578944564 0.6457892656 0.0265923701 0.9178139567 -0.3961192071
-528.9 -128.9 2347.1 0.6766055226 -0.0200138763 -0.7360736728 0.0512233339 0.9984882474 0.0199360102 0.7345618606 -0.0511929616 0.6766077876
-521.1 -519.7 2367.2 0.6725907922 -0.1541372687 -0.7237840295 0.0786282793 0.9874158502 -0.1372134835 0.7358255386 0.0353786312 0.6762463450
-375.3 -111.3 2440.3 0.9422962666 -0.2037956864 -0.2656032741 0.1015155911 0.9299507141 -0.3533924520 0.3190177977 0.3060375154 0.8969775438
-295.6 -475.0 2320.6 0.9442950487 -0.0499285236 -0.3252906799 0.0707054585 0.9961221218 0.0523590334 0.3214150369 -0.0724422038 0.9441633821
-551.6 -151.2 2225.4 0 0 0 0 0 0 0 0 0
-369.1 439.6 2369.5 0 0 0 0 0 0 0 0 0
-482.7 -765.7 2358.4 0 0 0 0 0 0 0 0 0
-280.8 -769.5 2342.0 0 0 0 0 0 0 0 0 0
-445.6 495.3 2365.1 75 0.8836987019 0.1193685904 -0.4525789618 -0.1653505415 0.9842029214 -0.0632754788 0.4378764331 0.1307506412 0.8894765377
-475.5 248.8 2332.3 0.8836987019 0.1193685904 -0.4525789618 -0.1653505415 0.9842029214 -0.0632754788 0.4378764331 0.1307506412 0.8894765377
-460.3 54.6 2349.9 0.8893384337 -0.0790517926 -0.4503642321 0.1111983508 0.9927640557 0.0453259684 0.4435223341 -0.0903898850 0.8916936517
-602.0 232.8 2269.3 0.4515519440 -0.5488458872 -0.7034692764 0.8505201340 0.0264906492 0.5252748728 -0.2696596086 -0.8355036974 0.4787663817
-738.2 -23.8 2350.6 -0.7164842486 -0.5488458872 -0.4306025505 0.4999552965 0.0264906492 -0.8656459451 0.4865131676 -0.8355036974 0.2554182708
-349.1 264.9 2395.4 0.9696730971 0.2427225560 -0.0286326278 -0.0634577796 0.1368991435 -0.9885503054 -0.2360236794 0.9603876472 0.1481500566
-179.4 253.7 2354.1 -0.7219530344 0.2427225560 0.6479734778 0.6867547631 0.1368991435 0.7138813138 0.0845680833 0.9603876472 -0.2655256093
-530.2 -140.1 2345.5 0.7183570862 -0.0255010929 -0.6952069998 0.0564025752 0.9981729984 0.0216664802 0.6933843493 -0.0547757372 0.7184829712
-520.2 -531.0 2366.9 0.7132385969 -0.1596859694 -0.6824889183 0.0907413363 0.9865447283 -0.1359980106 0.6950228214 0.0350690708 0.7181318998
-373.9 -119.8 2433.1 0.9546238184 -0.2023105919 -0.2185491920 0.1229184046 0.9360784888 -0.3296180964 0.2712644339 0.2877975702 0.9184705615
-294.9 -485.3 2320.7 0.9589666724 -0.0463415645 -0.2797058523 0.0648501068 0.9962497354 0.0572791807 0.2760024667 -0.0730677843 0.9583755732
-554.8 -151.7 2226.1 0 0 0 0 0 0 0 0 0
-374.0 438.8 2376.9 0 0 0 0 0 0 0 0 0
-482.1 -766.5 2358.6 0 0 0 0 0 0 0 0 0
-281.6 -770.9 2341.6 0 0 0 0 0 0 0 0 0
-445.9 495.2 2365.7 76 0.8829259276 0.1599927545 -0.4414114952 -0.2069884539 0.9764964581 -0.0600870512 0.4214232564 0.1444194913 0.8952906728
-485.9 250.9 2329.5 0.8829259276 0.1599927545 -0.4414114952 -0.2069884539 0.9764964581 -0.0600870512 0.4214232564 0.1444194913 0.8952906728
-462.5 58.5 2354.3 0.8904807568 -0.1200109497 -0.4389092922 0.1635629535 0.9845421314 0.0626412556 0.4246070683 -0.1275701374 0.8963451982
-612.5 227.5 2269.2 0.4214283228 -0.5662258863 -0.7083688378 0.8641438484 0.0138215655 0.5030550957 -0.2750520110 -0.8241342306 0.4951253831
-736.7 -27.2 2350.3 -0.7073407769 -0.5662258863 -0.4231516719 0.5051574111 0.0138215655 -0.8629165292 0.4944542646 -0.8241342306 0.2762566507
-359.3 274.2 2389.8 0.9751902819 0.2128627300 -0.0607735887 -0.0796887577 0.0814321488 -0.9934880733 -0.2065276504 0.9736828208 0.0963746011
-173.7 259.0 2350.5 -0.7488018274 0.2128627300 0.6276825070 0.6537657976 0.0814321488 0.7523025274 0.1090236381 0.9736828208 -0.2001389116
-525.2 -149.7 2327.4 0.7266821861 -0.0099643311 -0.6869015694 0.0798241496 0.9943464994 0.0700228289 0.6823204160 -0.1057156771 0.7233692408
-521.3 -538.6 2368.7 0.7232670188 -0.1737150848 -0.6683620811 0.1000541896 0.9839916825 -0.1474773884 0.6832817793 0.0397931077 0.7290696502
-364.4 -127.9 2409.3 0.9628053904 -0.1806905270 -0.2008897215 0.1252685338 0.9572731256 -0.2606453598 0.2394024730 0.2257855982 0.9443025589
-293.6 -503.4 2320.7 0.9675139785 -0.0445073768 -0.2488689572 0.0628186613 0.9958320856 0.0661234036 0.2448887080 -0.0796089321 0.9662773609
-555.6 -156.5 2223.7 0 0 0 0 0 0 0 0 0
-375.5 435.3 2379.9 0 0 0 0 0 0 0 0 0
-481.1 -766.3 2359.5 0 0 0 0 0 0 0 0 0
-281.7 -769.1 2341.9 0 0 0 0 0 0 0 0 0
-445.7 494.5 2366.5 77 0.8750626445 0.1108873561 -0.4711362720 -0.1543554962 0.9865108132 -0.0545047298 0.4587371349 0.1204175279 0.8803748488
-473.2 249.7 2336.6 0.8750626445 0.1108873561 -0.4711362720 -0.1543554962 0.9865108132 -0.0545047298 0.4587371349 0.1204175279 0.8803748488
-458.6 56.2 2359.6 0.8800834417 -0.0749354213 -0.4688687027 0.1216811910 0.9900863171 0.0701626316 0.4589628279 -0.1188014671 0.8804767728
-598.3 232.4 2271.4 0.4557681978 -0.5550009012 -0.6958802342 0.8493960500 0.0374771804 0.5264236331 -0.2660859823 -0.8310050964 0.4884964824
-734.6 -21.6 2350.9 -0.7037915587 -0.5550009012 -0.4434539378 0.5113974214 0.0374771804 -0.8585267663 0.4931025505 -0.8310050964 0.2574498951
-348.2 267.1 2401.8 0.9554471374 0.2950724065 0.0072867326 -0.0312288646 0.1256063581 -0.9915885329 -0.2935056686 0.9471828341 0.1292250007
-169.0 261.2 2346.8 -0.7641744018 0.2950724065 0.5735588670 0.6261008382 0.1256063581 0.7695587873 0.1550329328 0.9471828341 -0.2807302475
-519.4 -148.8 2340.9 0.7038211823 0.0059178849 -0.7103525400 0.0537918434 0.9966503382 0.0616002604 0.7083376050 -0.0815667436 0.7011452913
-521.7 -538.7 2372.8 0.6985552311 -0.1761501133 -0.6935356855 0.0852015093 0.9828067422 -0.1638034880 0.7104655504 0.0553354882 0.7015530467
-358.6 -118.4 2418.3 0.9558178186 -0.1636150479 -0.2442180514 0.0934733674 0.9568322897 -0.2751993537 0.2787024677 0.2402125746 0.9298509955
-294.5 -493.4 2324.2 0.9579632878 -0.0416618213 -0.2838496268 0.0572871640 0.9972523451 0.0469673052 0.2811129689 -0.0612538978 0.9577178359
-554.4 -152.6 2224.6 0 0 0 0 0 0 0 0 0
-375.0 430.0 2388.6 0 0 0 0 0 0 0 0 0
-480.8 -766.9 2359.9 0 0 0 0 0 0 0 0 0
-283.0 -768.5 2341.1 0 0 0 0 0 0 0 0 0
-445.3 492.8 2359.9 78 0.8934077024 0.0770147368 -0.4425962567 -0.0936856866 0.9954749942 -0.0158909224 0.4393696785 0.0556620061 0.8965801597
-462.4 271.5 2347.5 0.8934077024 0.0770147368 -0.4425962567 -0.0936856866 0.9954749942 -0.0158909224 0.4393696785 0.0556620061 0.8965801597
-457.7 76.8 2361.6 0.8972568512 -0.0252043605 -0.4407889545 0.0543475263 0.9970816374 0.0536149666 0.4381512403 -0.0720621869 0.8960081339
-589.8 263.7 2285.4 0.4544525146 -0.5361899137 -0.7113179564 0.8643166423 0.0722632557 0.4977296293 -0.2154754698 -0.8409984112 0.4962781072
-739.5 -20.9 2356.3 -0.7193166614 -0.5361899137 -0.4416830242 0.4822221994 0.0722632557 -0.8730634451 0.5000452995 -0.8409984112 0.2065825313
-335.0 279.2 2409.6 0.9347929955 0.3534516096 -0.0351288505 -0.1154985204 0.2089514583 -0.9710815549 -0.3358900845 0.9118175507 0.2361494899
-166.6 258.4 2349.1 -0.7721826434 0.3534516096 0.5280207396 0.6153637171 0.2089514583 0.7600439191 0.1583080292 0.9118175507 -0.3788499832
-524.0 -146.2 2340.8 0.7261862159 -0.0037621916 -0.6874877810 0.0533494204 0.9972780943 0.0508949608 0.6854249835 -0.0736362934 0.7244102955
-522.5 -538.8 2369.8 0.7186014652 -0.1778328568 -0.6723000407 0.0998083428 0.9831160903 -0.1533659101 0.6882224679 0.0431078225 0.7242178917
-364.5 -125.9 2424.5 0.9556186199 -0.1766772270 -0.2357501984 0.1041672900 0.9511632323 -0.2905816436 0.2755760849 0.2531277835 0.9273533225
-295.3 -498.5 2325.3 0.9585365057 -0.0466217585 -0.2811302841 0.0610437281 0.9972188473 0.0427579135 0.2783549726 -0.0581462607 0.9587166309
-555.3 -144.3 2228.3 0 0 0 0 0 0 0 0 0
-375.1 424.5 2391.8 0 0 0 0 0 0 0 0 0
-481.0 -768.3 2359.7 0 0 0 0 0 0 0 0 0
-282.8 -766.7 2340.9 0 0 0 0 0 0 0 0 0
-445.9 493.8 2363.1 79 0.8804689646 0.0501598977 -0.4714429080 -0.0687523708 0.9973848462 -0.0222839490 0.4690922499 0.0520331450 0.8816149831
-457.1 271.8 2351.5 0.8804689646 0.0501598977 -0.4714429080 -0.0687523708 0.9973848462 -0.0222839490 0.4690922499 0.0520331450 0.8816149831
-458.0 76.9 2366.5 0.8832249045 0.0041648285 -0.4689311087 0.0324269161 0.9970246553 0.0699307323 0.4678271413 -0.0769705549 0.8804619908
-582.6 267.1 2285.0 0.4728655219 -0.5553461909 -0.6840971112 0.8504838347 0.0846697390 0.5191418529 -0.2303811312 -0.8272978067 0.5123503208
-741.4 -18.6 2362.4 -0.7086148262 -0.5553461909 -0.4352650344 0.4724963307 0.0846697390 -0.8772560954 0.5240346193 -0.8272978067 0.2024007887
-331.5 276.5 2418.0 0.9149336219 0.4029365480 0.0232077222 -0.0886902660 0.2568156421 -0.9623823166 -0.3937391043 0.8784576654 0.2707058191
-166.0 260.4 2346.7 -0.7807188034 0.4029365480 0.4776193798 0.5973404050 0.2568156421 0.7597566247 0.1834735870 0.8784576654 -0.4411910772
-534.1 -121.6 2336.1 0.7041065693 -0.0152613297 -0.7099303007 0.0564024113 0.9978122115 0.0344898216 0.7078507543 -0.0643262863 0.7034269571
-528.1 -513.4 2361.3 0.6924552321 -0.1851810515 -0.6972902417 0.1283392459 0.9826999307 -0.1335286349 0.7099540830 0.0029728974 0.7042416930
-372.0 -112.7 2415.3 0.9409419298 -0.1997832954 -0.2733403444 0.1190535054 0.9510238767 -0.2852715850 0.3169457018 0.2358818799 0.9186431170
-293.8 -485.0 2323.0 0.9451602101 -0.0357832126 -0.3246409893 0.0554490276 0.9971311092 0.0515266359 0.3218658268 -0.0667019561 0.9444327354
-560.1 -139.5 2228.3 0 0 0 0 0 0 0 0 0
-376.7 421.7 2396.3 0 0 0 0 0 0 0 0 0
-480.1 -767.9 2360.6 0 0 0 0 0 0 0 0 0
-283.7 -767.8 2341.9 0 0 0 0 0 0 0 0 0
-445.4 495.8 2364.7 80 0.8511868119 0.0547557883 -0.5219988823 -0.0855433717 0.9957180023 -0.0350423492 0.5178449154 0.0744811296 0.8522260189
-457.9 268.1 2347.6 0.8511868119 0.0547557883 -0.5219988823 -0.0855433717 0.9957180023 -0.0350423492 0.5178449154 0.0744811296 0.8522260189
-461.1 74.2 2371.3 0.8559290767 0.0146025037 -0.5168870687 0.0503964946 0.9924866557 0.1114916950 0.5146315694 -0.1214782819 0.8487622738
-579.5 260.8 2274.6 0.4877954721 -0.5714575052 -0.6599181294 0.8295440674 0.0680112913 0.5542843342 -0.2718680501 -0.8178085685 0.5072247386
-742.8 -16.8 2365.5 -0.7039392591 -0.5714575052 -0.4217888713 0.4715865552 0.0680112913 -0.8791931272 0.5311079025 -0.8178085685 0.2216158509
-336.3 275.5 2420.7 0.9053771496 0.4206381440 0.0579290241 -0.0568981320 0.2553863525 -0.9651634097 -0.4207788408 0.8705408573 0.2551544905
-174.0 265.3 2345.3 -0.7896646261 0.4206381440 0.4466467202 0.5754770041 0.2553863525 0.7769196033 0.2127345502 0.8705408573 -0.4437371492
-538.7 -120.4 2339.2 0.6642507911 -0.0368145816 -0.7466027141 0.0669499934 0.9977024794 0.0103690876 0.7445055842 -0.0568727218 0.6651893854
-524.2 -511.6 2361.5 0.6572660804 -0.1701503694 -0.7342002988 0.1113623008 0.9854140878 -0.1286759228 0.7453855872 0.0028120896 0.6666276455
-379.2 -114.9 2423.7 0.9263734818 -0.2158878744 -0.3085848093 0.1124853790 0.9405927658 -0.3203628063 0.3594150841 0.2620643377 0.8956243992
-294.7 -483.1 2321.1 0.9295971394 -0.0380468592 -0.3666082025 0.0608748533 0.9968464971 0.0509050637 0.3635153174 -0.0696384236 0.9289817810
-562.6 -137.6 2229.6 0 0 0 0 0 0 0 0 0
-387.2 420.7 2402.7 0 0 0 0 0 0 0 0 0
-480.3 -765.8 2360.7 0 0 0 0 0 0 0 0 0
-283.9 -766.0 2340.9 0 0 0 0 0 0 0 0 0
-445.9 494.2 2366.5 81 0.8541914821 0.0457177237 -0.5179447532 -0.0811129138 0.9956480265 -0.0458875149 0.5135928392 0.0812087357 0.8541823626
-456.4 264.7 2347.8 0.8541914821 0.0457177237 -0.5179447532 -0.0811129138 0.9956480265 -0.0458875149 0.5135928392 0.0812087357 0.8541823626
-459.7 72.1 2380.6 0.8589861393 0.0161019731 -0.5117455721 0.0725493729 0.9855923057 0.1527885944 0.5068327188 -0.1683700979 0.8454419374
-578.7 254.3 2275.7 0.5006624460 -0.5595856905 -0.6604551077 0.8224011064 0.0693539903 0.5646649003 -0.2701731920 -0.8258655071 0.4949268401
-743.2 -15.9 2364.5 -0.7101883292 -0.5595856905 -0.4271959960 0.4735209048 0.0693539903 -0.8780478239 0.5209707618 -0.8258655071 0.2157211304
-334.2 275.1 2419.8 0.9022029042 0.4292804897 0.0418117270 -0.0918527320 0.2859463990 -0.9538331628 -0.4214178920 0.8567104936 0.2974122465
-176.6 259.1 2346.2 -0.7778101563 0.4292804897 0.4590529203 0.5991684198 0.2859463990 0.7478180528 0.1897591799 0.8567104936 -0.4796233177
-541.4 -124.2 2348.6 0.6700103879 -0.0444867089 -0.7410175204 0.0668425262 0.9977633953 0.0005370700 0.7393362522 -0.0498913266 0.6714854836
-524.0 -515.2 2368.1 0.6670373082 -0.1653262675 -0.7264491916 0.0852762088 0.9856019616 -0.1460026205 0.7401278019 0.0354403555 0.6715316772
-387.0 -115.1 2441.4 0.9297893643 -0.2364310920 -0.2821206748 0.1223936602 0.9214102626 -0.3688127697 0.3471477032 0.3083884120 0.8856551647
-294.6 -475.4 2320.8 0.9339390397 -0.0400443040 -0.3551820517 0.0620353743 0.9967833757 0.0507395007 0.3520077467 -0.0694214553 0.9334191084
-561.3 -137.1 2231.1 0 0 0 0 0 0 0 0 0
-386.6 420.8 2397.4 0 0 0 0 0 0 0 0 0
-482.2 -764.4 2359.1 0 0 0 0 0 0 0 0 0
-282.8 -769.2 2341.2 0 0 0 0 0 0 0 0 0
-445.2 495.3 2358.9 82 0.8272777200 0.0434207506 -0.5601126552 -0.0656302646 0.9976515770 -0.0195954777 0.5579464436 0.0529712476 0.8281846642
-455.4 261.6 2346.5 0.8272777200 0.0434207506 -0.5601126552 -0.0656302646 0.9976515770 -0.0195954777 0.5579464436 0.0529712476 0.8281846642
-459.9 68.7 2378.8 0.8319048285 0.0227705352 -0.5544509888 0.0730345175 0.9859734178 0.1500744224 0.5500912070 -0.1653417051 0.8185729980
-573.7 251.2 2268.3 0.5289391875 -0.5253322721 -0.6665202975 0.7969835997 0.0376109444 0.6028288007 -0.2916169763 -0.8500655293 0.4385751486
-745.3 -7.4 2362.9 -0.7348570228 -0.5253322721 -0.4289651513 0.4835862219 0.0376109444 -0.8744882941 0.4755307138 -0.8500655293 0.2264048010
-337.1 272.0 2424.7 0.8924094439 0.4412606657 0.0943101794 -0.0616657436 0.3263127804 -0.9432482719 -0.4469929934 0.8359479308 0.3184152842
-181.3 261.3 2346.6 -0.7629317045 0.4412606657 0.4724661410 0.6268692017 0.3263127804 0.7074990869 0.1580197811 0.8359479308 -0.5255671144
-540.6 -127.0 2367.8 0.6333244443 -0.0532735698 -0.7720505595 0.0256633852 0.9985248446 -0.0478488505 0.7734607458 0.0104904147 0.6337573528
-519.7 -517.5 2363.7 0.6255816817 -0.1518716365 -0.7652336955 0.0830131769 0.9882587790 -0.1282705665 0.7757295966 0.0167192351 0.6308439374
-385.4 -113.9 2459.2 0.9178115129 -0.2431106567 -0.3138777316 0.0970667005 0.9040058851 -0.4163549244 0.3849676251 0.3516682684 0.8533049822
-290.4 -467.3 2321.7 0.9199870229 -0.0281705800 -0.3909351528 0.0525886565 0.9972669482 0.0518942624 0.3884048462 -0.0683008060 0.9189541340
-557.4 -131.1 2241.3 0 0 0 0 0 0 0 0 0
-387.2 430.5 2389.3 0 0 0 0 0 0 0 0 0
-481.5 -766.2 2359.5 0 0 0 0 0 0 0 0 0
-281.9 -769.2 2342.4 0 0 0 0 0 0 0 0 0
-445.4 496.6 2363.1 83 0.8323755264 0.0368707478 -0.5529842377 -0.0670864210 0.9971506596 -0.0344953798 0.5501367450 0.0658108443 0.8324773312
-454.0 263.6 2347.7 0.8323755264 0.0368707478 -0.5529842377 -0.0670864210 0.9971506596 -0.0344953798 0.5501367450 0.0658108443 0.8324773312
-455.9 71.5 2384.8 0.8362290859 0.0099058431 -0.5482907891 0.0959430337 0.9817726016 0.1640655696 0.5399220586 -0.1898010969 0.8200364113
-573.0 250.0 2270.9 0.5355433226 -0.5223845840 -0.6635568738 0.7957472801 0.0490184203 0.6036418080 -0.2828066647 -0.8512999415 0.4419375956
-745.1 -5.7 2361.7 -0.7332316637 -0.5223845840 -0.4352995157 0.4838234186 0.0490184203 -0.8737918139 0.4777930379 -0.8512999415 0.2168000340
-335.0 277.3 2424.5 0.8814433217 0.4664925933 0.0737719908 -0.0998213515 0.3366836905 -0.9363117814 -0.4616203308 0.8179417849 0.3433335125
-185.9 260.4 2346.4 -0.7423669696 0.4664925933 0.4809115529 0.6517946720 0.3366836905 0.6795644164 0.1550966799 0.8179417849 -0.5540002584
-539.5 -130.8 2361.5 0.6414481401 -0.0556946881 -0.7651420832 0.0335971452 0.9984437823 -0.0445109345 0.7664303780 0.0028448657 0.6423211098
-517.7 -521.5 2360.3 0.6340971589 -0.1452921182 -0.7594807744 0.0910569429 0.9893852472 -0.1132496521 0.7678733468 0.0026552868 0.6405962110
-389.4 -117.6 2460.7 0.9209592342 -0.2554889321 -0.2942100167 0.1143928319 0.8990480900 -0.4226426482 0.3724894524 0.3555811346 0.8572127223
-289.4 -469.4 2321.5 0.9245203733 -0.0265986174 -0.3802033067 0.0510997884 0.9972057343 0.0544932187 0.3776914775 -0.0698084012 0.9232962132
-557.4 -129.5 2239.5 0 0 0 0 0 0 0 0 0
-386.3 436.4 2388.3 0 0 0 0 0 0 0 0 0
-481.9 -765.4 2359.7 0 0 0 0 0 0 0 0 0
-281.4 -769.7 2342.6 0 0 0 0 0 0 0 0 0
-446.6 496.8 2365.2 84 0.8190898299 0.0362940766 -0.5725160241 -0.0628042817 0.9976711273 -0.0266067609 0.5702170134 0.0577497818 0.8194617033
-455.1 265.1 2351.8 0.8190898299 0.0362940766 -0.5725160241 -0.0628042817 0.9976711273 -0.0266067609 0.5702170134 0.0577497818 0.8194617033
-459.8 72.5 2386.0 0.8234359026 0.0241937470 -0.5668932796 0.0795998499 0.9842849970 0.1576291621 0.5617981553 -0.1749221385 0.8085697889
-572.3 253.8 2271.8 0.5346553326 -0.5203438997 -0.6658723354 0.7969607711 0.0484008193 0.6020887494 -0.2810644507 -0.8525840640 0.4405714273
-745.3 -4.0 2362.7 -0.7381830215 -0.5203438997 -0.4293344021 0.4764568806 0.0484008193 -0.8778645396 0.4775716066 -0.8525840640 0.2121927738
-337.8 276.5 2431.7 0.8691480756 0.4835743308 0.1036216244 -0.0893569067 0.3596318960 -0.9288058281 -0.4864122868 0.7980105281 0.3557840884
-186.7 260.9 2347.1 -0.7413175106 0.4835743308 0.4654075205 0.6530286074 0.3596318960 0.6664972305 0.1549255550 0.7980105281 -0.5823892951
-533.4 -129.2 2373.2 0.6230547428 -0.0416095853 -0.7810707092 0.0028877163 0.9986996055 -0.0508997105 0.7821729183 0.0294577945 0.6223646998
-517.1 -520.1 2361.7 0.6131208539 -0.1437192261 -0.7768060565 0.0866294801 0.9896138310 -0.1147161350 0.7852249146 0.0030405507 0.6192032099
-382.4 -111.9 2470.6 0.8940642476 -0.2442658544 -0.3754774034 0.0514297895 0.8886675239 -0.4556588531 0.4449764788 0.3880775571 0.8070884347
-286.8 -459.6 2318.8 0.8940642476 -0.0183494780 -0.4475627244 0.0514297895 0.9967581630 0.0618718751 0.4449764788 -0.0783354864 0.8921095729
-556.3 -126.0 2240.5 0 0 0 0 0 0 0 0 0
-387.0 437.4 2389.0 0 0 0 0 0 0 0 0 0
-481.6 -764.4 2360.9 0 0 0 0 0 0 0 0 0
-281.1 -769.9 2343.2 0 0 0 0 0 0 0 0 0
-447.8 497.4 2365.7 85 0.8223757744 0.0307502970 -0.5681130886 -0.0616512075 0.9974749684 -0.0352532007 0.5655945539 0.0640162379 0.8221950531
-455.1 262.9 2350.7 0.8223757744 0.0307502970 -0.5681130886 -0.0616512075 0.9974749684 -0.0352532007 0.5655945539 0.0640162379 0.8221950531
-455.7 69.2 2378.2 0.8247578144 0.0034218715 -0.5654757619 0.0768916309 0.9900155663 0.1181388944 0.5602340698 -0.1409163326 0.8162599802
-572.5 251.9 2270.9 0.5345075727 -0.5075558424 -0.6757875085 0.7997813225 0.0452653766 0.5985823274 -0.2732241750 -0.8604290485 0.4301283658
-742.3 -2.1 2357.7 -0.7447686791 -0.5075558424 -0.4332513511 0.4790913165 0.0452653766 -0.8765971661 0.4645332694 -0.8604290485 0.2094533443
-337.6 273.9 2430.5 0.8681569695 0.4877663851 0.0915829986 -0.0806542635 0.3207471669 -0.9437246323 -0.4896921217 0.8119145036 0.3177993298
-187.4 259.9 2345.7 -0.7253721356 0.4877663851 0.4857151508 0.6663877964 0.3207471669 0.6730888486 0.1725183427 0.8119145036 -0.5577026010
-538.8 -127.3 2369.4 0.6254048347 -0.0609634146 -0.7779153585 0.0174830742 0.9977878332 -0.0641387999 0.7801045775 0.0265123621 0.6250871420
-515.0 -518.0 2359.1 0.6175115108 -0.1335705370 -0.7751376629 0.0877136737 0.9910230041 -0.1008946747 0.7816558480 -0.0056865523 0.6236841083
-390.1 -113.0 2470.9 0.8815851808 -0.2652300894 -0.3904619217 0.0559494607 0.8800902367 -0.4714984596 0.4686973095 0.3938199282 0.7907140255
-286.3 -457.4 2316.7 0.8815851808 -0.0185576752 -0.4716599882 0.0559494607 0.9962909222 0.0653762817 0.4686973095 -0.0840238854 0.8793536425
-551.6 -124.8 2238.7 0 0 0 0 0 0 0 0 0
-383.3 439.9 2392.4 0 0 0 0 0 0 0 0 0
-481.8 -764.0 2360.5 0 0 0 0 0 0 0 0 0
-280.5 -770.9 2343.2 0 0 0 0 0 0 0 0 0
-449.0 496.5 2366.5 86 0.8389163017 0.0145107787 -0.5440669656 -0.0426602997 0.9983221292 -0.0391532518 0.5425859690 0.0560563616 0.8381277919
-452.5 258.2 2353.1 0.8389163017 0.0145107787 -0.5440669656 -0.0426602997 0.9983221292 -0.0391532518 0.5425859690 0.0560563616 0.8381277919
-456.6 63.7 2373.1 0.8403418064 0.0207008664 -0.5416613817 0.0380198285 0.9945585132 0.0969939381 0.5407218337 -0.1021019369 0.8349820971
-572.1 252.8 2276.2 0.5391713381 -0.5083504319 -0.6714715958 0.7989125848 0.0564105362 0.5987958908 -0.2665200830 -0.8593006730 0.4365425110
-744.6 -2.7 2361.5 -0.7461730838 -0.5083504319 -0.4298901856 0.4692784548 0.0564105362 -0.8812466264 0.4722324610 -0.8593006730 0.1964658946
-332.8 263.7 2430.0 0.8683012724 0.4747639894 0.1437081397 -0.0194258615 0.3220363855 -0.9465279579 -0.4956566393 0.8190798163 0.2888473272
-187.4 260.4 2347.0 -0.7286278605 0.4747639894 0.4936604500 0.6658258438 0.3220363855 0.6730293632 0.1605534703 0.8190798163 -0.5507547855
-530.9 -131.4 2355.1 0.6429542303 -0.0429543741 -0.7646991611 0.0358931571 0.9990189672 -0.0259377547 0.7650631070 -0.0107706804 0.6438652277
-514.1 -522.3 2359.4 0.6366432309 -0.1337609589 -0.7594691515 0.0897063091 0.9910016060 -0.0993409678 0.7659230828 -0.0048844139 0.6429136992
-381.9 -117.5 2456.4 0.8824025393 -0.2459093779 -0.4011163712 0.0635472089 0.9070201516 -0.4162645638 0.4661839902 0.3418230712 0.8159837127
-285.7 -472.0 2322.8 0.8828070760 -0.0168865137 -0.4694320858 0.0469124801 0.9975268245 0.0523396693 0.4673872590 -0.0682280511 0.8814159632
-553.5 -122.9 2240.5 0 0 0 0 0 0 0 0 0
-384.3 440.4 2390.4 0 0 0 0 0 0 0 0 0
-481.6 -763.0 2360.6 0 0 0 0 0 0 0 0 0
-280.7 -771.3 2343.2 0 0 0 0 0 0 0 0 0
-449.3 496.6 2366.4 87 0.8291388750 0.0234780740 -0.5585494637 -0.0483188331 0.9983885288 -0.0297606308 0.5569506288 0.0516641550 0.8289371133
-454.8 260.8 2354.2 0.8291388750 0.0234780740 -0.5585494637 -0.0483188331 0.9983885288 -0.0297606308 0.5569506288 0.0516641550 0.8289371133
-460.9 66.6 2377.6 0.8315764070 0.0308047011 -0.5545554757 0.0410726592 0.9923161864 0.1167116091 0.5538896322 -0.1198316887 0.8239215016
-573.3 254.9 2275.3 0.5321766138 -0.4928318858 -0.6884074211 0.8085196614 0.0546177067 0.5859290957 -0.2511653006 -0.8684086800 0.4275305271
-741.9 -1.3 2354.9 -0.7421338558 -0.4928318858 -0.4542620778 0.4946514070 0.0546177067 -0.8673735261 0.4522800744 -0.8684086800 0.2032463402
-336.4 266.7 2433.0 0.8633236289 0.4847026169 0.1404836476 -0.0398618691 0.3430057466 -0.9384871125 -0.5030738711 0.8046181798 0.3154461384
-187.7 259.8 2346.4 -0.7272759080 0.4847026169 0.4859353304 0.6691030264 0.3430057466 0.6592785120 0.1528754085 0.8046181798 -0.5737758279
-536.7 -134.2 2344.3 0.6293731332 -0.0503995642 -0.7754672170 0.0711070150 0.9974433184 -0.0071155364 0.7738431692 -0.0506628305 0.6313477755
-517.0 -524.4 2364.2 0.6273602843 -0.1512788087 -0.7638938427 0.0846500620 0.9883844852 -0.1262159050 0.7741146088 0.0145191904 0.6328789592
-384.9 -127.3 2441.9 0.8683994412 -0.2611626685 -0.4215168059 0.0891346261 0.9184315205 -0.3854070306 0.4877882600 0.2971155345 0.8208440542
-282.8 -486.2 2325.8 0.8700702190 -0.0039331308 -0.4929120839 0.0316886231 0.9983460307 0.0479694083 0.4919081628 -0.0573564619 0.8687557578
-552.0 -127.9 2239.2 0 0 0 0 0 0 0 0 0
-384.2 440.7 2387.7 0 0 0 0 0 0 0 0 0
-480.5 -762.6 2360.7 0 0 0 0 0 0 0 0 0
-281.7 -768.4 2342.0 0 0 0 0 0 0 0 0 0
-449.4 495.9 2366.8 88 0.8266516328 0.0212311465 -0.5623133779 -0.0522414409 0.9978678226 -0.0391233675 0.5602837801 0.0617174543 0.8259981871
-454.4 258.7 2352.2 0.8266516328 0.0212311465 -0.5623133779 -0.0522414409 0.9978678226 -0.0391233675 0.5602837801 0.0617174543 0.8259981871
-452.0 64.5 2375.0 0.8272091746 -0.0125622908 -0.5617536306 0.0758195147 0.9931021929 0.0894395038 0.5567551851 -0.1165770665 0.8224557638
-572.2 247.9 2272.9 0.5420359373 -0.4908935130 -0.6820708513 0.7991689444 0.0501319766 0.5990123153 -0.2598576844 -0.8697760105 0.4194801748
-739.6 1.0 2353.1 -0.7343956232 -0.4908935130 -0.4687074423 0.5132876635 0.0501319766 -0.8567512035 0.4440708160 -0.8697760105 0.2151528597
-336.7 269.5 2431.5 0.8868817091 0.4489876926 0.1088617742 -0.0633644015 0.3516202569 -0.9339957833 -0.4576306343 0.8214458227 0.3402954042
-186.0 258.8 2353.7 -0.7358715534 0.4489876926 0.5068561435 0.6669871211 0.3516202569 0.6568800211 0.1167101637 0.8214458227 -0.5582163334
-542.2 -131.3 2351.1 0.6249740720 -0.0610949583 -0.7782511711 0.0732563958 0.9971234798 -0.0194485728 0.7772006989 -0.0448570177 0.6276519299
-518.3 -521.6 2368.6 0.6252278090 -0.1552923918 -0.7648362517 0.0716485977 0.9872862697 -0.1418883502 0.7771465182 0.0339130946 0.6284052730
-391.9 -123.8 2451.1 0.8699090481 -0.2809835672 -0.4053473473 0.1013881639 0.9061762094 -0.4105667770 0.4826786518 0.3160583377 0.8167793155
-282.0 -478.2 2327.5 0.8724287748 0.0013386110 -0.4887394011 0.0240711197 0.9986649752 0.0457036234 0.4881481230 -0.0516376607 0.8712318540
-551.6 -130.4 2239.5 0 0 0 0 0 0 0 0 0
-384.7 438.9 2385.2 0 0 0 0 0 0 0 0 0
-480.3 -762.9 2360.4 0 0 0 0 0 0 0 0 0
-282.4 -767.0 2342.4 0 0 0 0 0 0 0 0 0
-448.7 495.6 2367.1 89 0.8374903202 0.0318071246 -0.5455256701 -0.0627649948 0.9972966909 -0.0382089056 0.5428355932 0.0662395060 0.8372226954
-456.5 249.7 2350.7 0.8374903202 0.0318071246 -0.5455256701 -0.0627649948 0.9972966909 -0.0382089056 0.5428355932 0.0662395060 0.8372226954
-451.6 55.7 2375.7 0.8380190730 -0.0249451324 -0.5450704098 0.0904812589 0.9914770722 0.0937355906 0.5380865335 -0.1278708726 0.8331337571
-575.8 236.8 2274.1 0.5564271808 -0.5014468431 -0.6625253558 0.7825372219 0.0482053682 0.6207348108 -0.2793282270 -0.8638445139 0.4192235768
-742.5 2.4 2357.8 -0.7253070474 -0.5014468431 -0.4716787338 0.5209058523 0.0482053682 -0.8522519469 0.4500964582 -0.8638445139 0.2262428850
-337.2 262.6 2427.4 0.8971256018 0.4198428988 0.1374683678 -0.0050216825 0.3208437562 -0.9471188188 -0.4417469800 0.8489942551 0.2899454534
-186.6 261.7 2353.2 -0.7412999272 0.4198428988 0.5236471891 0.6609303951 0.3208437562 0.6784027815 0.1168136448 0.8489942551 -0.5153283477
-524.2 -136.6 2347.5 0.6424228549 -0.0173658393 -0.7661535740 0.0464201905 0.9987892509 0.0162846949 0.7649431825 -0.0460266545 0.6424511671
-517.5 -527.3 2365.5 0.6377168298 -0.1512050331 -0.7552842498 0.0795598403 0.9882292747 -0.1306641698 0.7661510706 0.0232364405 0.6422402859
-374.9 -122.9 2448.1 0.8887121677 -0.2395352721 -0.3909137249 0.0812031254 0.9214168787 -0.3799959719 0.4512169659 0.3059636354 0.8383254409
-281.2 -483.2 2328.5 0.8902432919 0.0020877747 -0.4554805756 0.0203013550 0.9988138676 0.0442575254 0.4550327063 -0.0486468375 0.8891449571
-556.8 -131.0 2242.5 0 0 0 0 0 0 0 0 0
-386.9 440.3 2384.8 0 0 0 0 0 0 0 0 0
-481.2 -764.2 2360.0 0 0 0 0 0 0 0 0 0
-281.8 -768.1 2342.4 0 0 0 0 0 0 0 0 0
-449.1 497.2 2374.7 90 0.8197794557 0.0304301418 -0.5718703270 -0.0875088796 0.9935163260 -0.0725778863 0.5659539104 0.1095415950 0.8171271682
-456.4 258.0 2348.3 0.8197794557 0.0304301418 -0.5718703270 -0.0875088796 0.9935163260 -0.0725778863 0.5659539104 0.1095415950 0.8171271682
-457.7 65.6 2382.7 0.8231538534 0.0060488605 -0.5677862167 0.0954370871 0.9842441082 0.1488464475 0.5597406030 -0.1767113805 0.8096070290
-573.6 244.3 2268.6 0.5563719273 -0.5049824715 -0.6598810554 0.7787096500 0.0397755653 0.6261222959 -0.2899336517 -0.8622125983 0.4153647423
-743.0 7.3 2356.8 -0.7098230124 -0.5049824715 -0.4910641611 0.5491922498 0.0397755653 -0.8347489238 0.4410659373 -0.8622125983 0.2490988672
-339.2 271.7 2428.0 0.9047095180 0.4226392508 0.0536350422 -0.0940087661 0.3208394051 -0.9424566031 -0.4155273736 0.8476073146 0.3299982548
-182.8 255.4 2356.1 -0.7327969074 0.4226392508 0.5332773924 0.6712839603 0.3208394051 0.6681615710 0.1112949103 0.8476073146 -0.5188210607
-522.4 -146.5 2352.1 0.6196035743 -0.0162856523 -0.7847459316 0.0325789526 0.9994567633 0.0049815238 0.7842384577 -0.0286527704 0.6197975874
-516.0 -537.7 2363.4 0.6119400263 -0.1550686508 -0.7755534649 0.0875431746 0.9878457189 -0.1284408271 0.7860442996 0.0107036773 0.6180775166
-372.9 -128.3 2451.5 0.8799210191 -0.2339882702 -0.4135075212 0.0655607730 0.9217932224 -0.3820982575 0.4705749154 0.3091064095 0.8264456987
-280.7 -491.7 2329.7 0.8806948066 0.0062254374 -0.4736432433 0.0160714164 0.9989452362 0.0430131406 0.4734114408 -0.0454935655 0.8796657920
-561.3 -133.3 2243.9 0 0 0 0 0 0 0 0 0
-380.8 436.9 2386.2 0 0 0 0 0 0 0 0 0
-480.5 -764.1 2360.9 0 0 0 0 0 0 0 0 0
-282.4 -766.4 2342.2 0 0 0 0 0 0 0 0 0
-447.5 495.5 2370.5 91 0.8183858991 0.0237316154 -0.5741788149 -0.0628252551 0.9968529344 -0.0483444780 0.5712245703 0.0756373703 0.8173013330
-453.1 259.4 2352.6 0.8183858991 0.0237316154 -0.5741788149 -0.0628252551 0.9968529344 -0.0483444780 0.5712245703 0.0756373703 0.8173013330
-455.5 66.4 2384.6 0.8210079074 0.0116084218 -0.5707988143 0.0843149722 0.9863648415 0.1413342059 0.5646565557 -0.1641633809 0.8088345528
-570.1 247.3 2272.1 0.5435962677 -0.4982314110 -0.6754765511 0.7953220606 0.0485391356 0.6042406559 -0.2682646215 -0.8656843901 0.4226401150
-739.5 -0.6 2355.7 -0.7234390974 -0.4982314110 -0.4779134989 0.5270617008 0.0485391356 -0.8484396935 0.4459168017 -0.8656843901 0.2274835855
-336.2 271.5 2433.0 0.8826302886 0.4602200389 0.0957146212 -0.0771222189 0.3426356018 -0.9362974763 -0.4636980891 0.8190228343 0.3379137516
-185.8 258.3 2354.0 -0.7238969803 0.4602200389 0.5139753222 0.6788999438 0.3426356018 0.6493810415 0.1227519140 0.8190228343 -0.5604762435
-533.4 -135.5 2366.7 0.6158344746 -0.0330529846 -0.7871819139 0.0325352103 0.9993342757 -0.0165078435 0.7872034907 -0.0154450303 0.6164999008
-520.4 -526.7 2372.7 0.6111671925 -0.1641355753 -0.7742959261 0.0622433908 0.9851992130 -0.1597130001 0.7890503407 0.0494165383 0.6123377681
-385.6 -117.1 2468.8 0.8740651011 -0.2630078793 -0.4084568918 0.0699404255 0.9001438618 -0.4299411774 0.4807478786 0.3472289145 0.8051791787
-282.4 -470.4 2332.6 0.8753587008 0.0007271025 -0.4834735394 0.0148109728 0.9994891882 0.0283193253 0.4832471609 -0.0319502801 0.8749007583
-554.4 -135.5 2241.6 0 0 0 0 0 0 0 0 0
-381.4 441.8 2387.1 0 0 0 0 0 0 0 0 0
-480.8 -764.8 2360.8 0 0 0 0 0 0 0 0 0
-282.6 -765.7 2342.0 0 0 0 0 0 0 0 0 0
-447.0 494.9 2368.4 92 0.8157871962 0.0362575017 -0.5772145391 -0.0734359175 0.9964486957 -0.0411967188 0.5736709833 0.0759960338 0.8155527115
-455.5 261.5 2350.6 0.8157871962 0.0362575017 -0.5772145391 -0.0734359175 0.9964486957 -0.0411967188 0.5736709833 0.0759960338 0.8155527115
-454.7 68.0 2379.8 0.8184107542 -0.0042248680 -0.5746181011 0.0891612843 0.9887959957 0.1197195575 0.5676742792 -0.1492134631 0.8096179962
-572.1 248.8 2269.7 0.5367172956 -0.4909029305 -0.6862571836 0.7980293036 0.0312070865 0.6018100381 -0.2740142345 -0.8706551790 0.4085043073
-739.4 0.1 2355.1 -0.7310163379 -0.4909029305 -0.4739508927 0.5289081931 0.0312070865 -0.8481050730 0.4311279058 -0.8706551790 0.2368296981
-338.9 274.2 2431.5 0.8884037137 0.4505934417 0.0877747238 -0.0742240474 0.3296805322 -0.9411703348 -0.4530227780 0.8296241760 0.3263342679
-185.9 261.5 2353.4 -0.7351211309 0.4505934417 0.5065199733 0.6643007994 0.3296805322 0.6708317399 0.1352826059 0.8296241760 -0.5416846871
-532.0 -134.2 2365.7 0.6141411066 -0.0357335880 -0.7883868217 0.0197951943 0.9993575811 -0.0298756771 0.7889479399 0.0027416109 0.6144539714
-518.0 -525.5 2364.6 0.6067246795 -0.1500157714 -0.7806282640 0.0749897137 0.9884530902 -0.1316701621 0.7913669944 0.0213484485 0.6109685302
-384.1 -118.4 2468.2 0.8763461113 -0.2586477995 -0.4063481092 0.0619975738 0.8971530199 -0.4373474717 0.4776753783 0.3580751717 0.8022521138
-282.7 -470.2 2327.9 0.8770796061 -0.0020967152 -0.4803404510 0.0234847013 0.9989817739 0.0385213718 0.4797705710 -0.0450669602 0.8762357831
-552.2 -135.3 2244.7 0 0 0 0 0 0 0 0 0
-384.5 441.0 2390.0 0 0 0 0 0 0 0 0 0
-481.5 -765.8 2359.4 0 0 0 0 0 0 0 0 0
-282.0 -766.8 2341.2 0 0 0 0 0 0 0 0 0
-446.8 494.5 2367.3 93 0.8250932097 0.0538026579 -0.5624290705 -0.0892006233 0.9953758121 -0.0356399827 0.5579108000 0.0795753300 0.8260770440
-459.8 253.7 2348.1 0.8250932097 0.0538026579 -0.5624290705 -0.0892006233 0.9953758121 -0.0356399827 0.5579108000 0.0795753300 0.8260770440
-456.4 59.9 2375.3 0.8284071684 -0.0175749138 -0.5598505735 0.0924228653 0.9900962114 0.1056762561 0.5524486899 -0.1392859668 0.8218271732
-577.8 240.5 2269.4 0.5275010467 -0.5057817698 -0.6825887561 0.8001835346 0.0258866213 0.5991963148 -0.2853926718 -0.8622729778 0.4183734357
-737.7 -1.9 2355.8 -0.7215568423 -0.5057817698 -0.4728006721 0.5351304412 0.0258866213 -0.8443727493 0.4393075407 -0.8622729778 0.2519805431
-341.8 266.9 2426.8 0.9060867429 0.4036041498 0.1269271821 0.0018248261 0.2962682247 -0.9551030397 -0.4230880439 0.8656378388 0.2677082121
-183.7 267.3 2353.0 -0.7642387152 0.4036041498 0.5030336380 0.6293472052 0.2962682247 0.7184338570 0.1409299970 0.8656378388 -0.4804268181
-527.9 -133.6 2357.6 0.6291923523 -0.0162426475 -0.7770799398 0.0209332481 0.9997730851 -0.0039480142 0.7769677043 -0.0137827462 0.6293895841
-521.5 -525.0 2363.0 0.6188939810 -0.1659363061 -0.7677469254 0.0918143243 0.9860131145 -0.1390979737 0.7800899744 0.0155967297 0.6254729033
-380.2 -117.2 2460.5 0.8835000396 -0.2513710856 -0.3952724338 0.0714873895 0.9062913060 -0.4165641069 0.4629441500 0.3397774100 0.8186782002
-281.7 -472.3 2327.4 0.8845884800 -0.0002215407 -0.4663724005 0.0222267061 0.9988836050 0.0416838452 0.4658424854 -0.0472389720 0.8836058378
-552.9 -138.9 2243.4 0 0 0 0 0 0 0 0 0
-390.1 437.2 2391.1 0 0 0 0 0 0 0 0 0
-481.4 -763.5 2359.3 0 0 0 0 0 0 0 0 0
-281.6 -767.6 2341.4 0 0 0 0 0 0 0 0 0
-445.8 495.0 2366.8 94 0.8334277868 0.0502980426 -0.5503346324 -0.0794099718 0.9964145422 -0.0291909277 0.5468931794 0.0680305883 0.8344337344
-458.3 247.7 2349.9 0.8334277868 0.0502980426 -0.5503346324 -0.0794099718 0.9964145422 -0.0291909277 0.5468931794 0.0680305883 0.8344337344
-451.8 54.2 2379.0 0.8350636363 -0.0330684930 -0.5491585732 0.1090324372 0.9883399606 0.1062828004 0.5392407775 -0.1486290097 0.8289323449
-577.3 232.1 2273.1 0.5613331795 -0.5079470873 -0.6533718705 0.7731168866 0.0401570052 0.6329910755 -0.2952884734 -0.8604517579 0.4152439237
-743.4 3.3 2360.5 -0.7098315358 -0.5079470873 -0.4879845977 0.5463799238 0.0401570052 -0.8365741968 0.4445314109 -0.8604517579 0.2490273565
-339.4 263.2 2426.7 0.9118843675 0.3881702125 0.1333822310 0.0163015351 0.2904604375 -0.9567481279 -0.4101233780 0.8746179938 0.2585385442
