-207.5 529.0 2523.8 5 0.9797154665 -0.0416002311 -0.1960282773 0.0513898730 0.9976589084 0.0451190472 0.1936924011 -0.0542776957 0.9795597196
-199.1 325.8 2534.8 0.9797154665 -0.0416002311 -0.1960282773 0.0513898730 0.9976589084 0.0451190472 0.1936924011 -0.0542776957 0.9795597196
-190.4 127.5 2544.2 0.9796821475 -0.0438257493 -0.1957094669 0.0521675460 0.9979275465 0.0376716033 0.1936528832 -0.0471158810 0.9799380898
-342.2 318.2 2506.6 0.8438659906 -0.5182884932 -0.1388064027 0.2029903978 0.5478569269 -0.8115711212 0.4966740310 0.6566808820 0.5675254464
-541.1 270.3 2389.5 -0.8392336965 -0.5435439944 0.0157085061 -0.3340508938 0.5381395221 0.7738319039 -0.4290650487 0.6441783905 -0.6331961751
-56.0 333.4 2563.1 0.1322537810 0.9912065268 0.0043063015 -0.9890118241 0.1316689104 0.0672224313 0.0660643056 -0.0131494040 0.9977287054
-19.9 63.7 2581.1 0.0053934446 0.9990763664 0.0426299013 -0.9745513201 0.0148051102 -0.2236750871 -0.2240996361 -0.0403386466 0.9737310410
-273.0 -78.4 2537.6 0.9924238324 0.0659968033 -0.1036309302 -0.0613461249 0.9969882965 0.0474442281 0.1064499915 -0.0407274254 0.9934836030
-299.2 -474.5 2553.7 0.9937521219 0.0049144523 -0.1115015075 -0.0145580200 0.9962025881 -0.0858398527 0.1106562316 0.0869267806 0.9900499582
-94.2 -69.1 2577.7 0.9816045761 0.1581781209 0.1069213450 -0.1579358578 0.9873904586 -0.0107836621 -0.1072788537 -0.0063014226 0.9942089915
-157.1 -461.4 2580.2 0.9926710725 -0.0761900991 0.0938042924 0.0847083032 0.9922918677 -0.0904506743 -0.0861897916 0.0977337658 0.9914733768
-349.7 346.5 2487.3 0 0 0 0 0 0 0 0 0
-18.4 -214.8 2517.1 0 0 0 0 0 0 0 0 0
-300.9 -815.2 2524.0 0 0 0 0 0 0 0 0 0
-130.5 -807.5 2546.2 0 0 0 0 0 0 0 0 0
-207.4 527.5 2520.8 6 0.9779134393 -0.0385608673 -0.2054223269 0.0502459332 0.9973837137 0.0519719198 0.2028807998 -0.0611456782 0.9772924781
-199.5 324.3 2533.2 0.9779134393 -0.0385608673 -0.2054223269 0.0502459332 0.9973837137 0.0519719198 0.2028807998 -0.0611456782 0.9772924781
-191.2 126.1 2543.5 0.9778666496 -0.0417230949 -0.2050268948 0.0514095053 0.9977880120 0.0421448946 0.2028149664 -0.0517524183 0.9778485298
-342.4 316.8 2503.6 0.8394028544 -0.5236504078 -0.1455785781 0.2037355602 0.5514733195 -0.8089308143 0.5038796067 0.6493592858 0.5695944428
-540.2 268.8 2384.8 -0.8356351256 -0.5488009453 0.0230533313 -0.3345152736 0.5417436361 0.7711117864 -0.4356758595 0.6366564035 -0.6362823248
-56.7 331.8 2562.9 0.1384719759 0.9903489947 -0.0058603468 -0.9873835444 0.1385114193 0.0767353773 0.0768065304 -0.0048392890 0.9970342517
-19.5 66.6 2583.5 0.0037994189 0.9992950559 0.0373488143 -0.9723756313 0.0124089038 -0.2330915630 -0.2333907187 -0.0354314633 0.9717373252
-271.5 -75.6 2535.8 0.9910625219 0.0685285702 -0.1144503951 -0.0653131381 0.9973638058 0.0316164345 0.1163153127 -0.0238587484 0.9929257035
-298.7 -471.9 2545.3 0.9927349091 0.0062530935 -0.1201594546 -0.0133534325 0.9982053041 -0.0583769940 0.1195787713 0.0595574193 0.9910367727
-91.9 -66.0 2571.3 0.9814044237 0.1651927978 0.0977581441 -0.1655602306 0.9861899018 -0.0043978374 -0.0971345827 -0.0118688028 0.9952004552
-157.5 -457.9 2576.0 0.9934968948 -0.0764382184 0.0843869522 0.0834054351 0.9931046963 -0.0823810473 -0.0775080174 0.0888836458 0.9930217266
-349.6 345.1 2484.2 0 0 0 0 0 0 0 0 0
-18.4 -211.3 2516.8 0 0 0 0 0 0 0 0 0
-300.9 -817.0 2524.7 0 0 0 0 0 0 0 0 0
-130.5 -808.9 2544.6 0 0 0 0 0 0 0 0 0
-207.0 530.1 2525.3 7 0.9746193290 -0.0355855599 -0.2210222632 0.0449072868 0.9982948303 0.0372932069 0.2193182856 -0.0462721884 0.9745554924
-199.8 326.4 2534.7 0.9746193290 -0.0355855599 -0.2210222632 0.0449072868 0.9982948303 0.0372932069 0.2193182856 -0.0462721884 0.9745554924
-192.2 128.0 2543.3 0.9745516777 -0.0381289683 -0.2208963037 0.0467390493 0.9983323812 0.0338812210 0.2192360759 -0.0433434844 0.9747086167
-342.1 319.6 2502.7 0.8315951228 -0.5326973796 -0.1571083814 0.1967326999 0.5470839739 -0.8136309981 0.5193705559 0.6457031965 0.5597513318
-538.1 273.2 2380.3 -0.8293040991 -0.5576631427 0.0355882198 -0.3281350732 0.5375426412 0.7767723799 -0.4523074925 0.6325027943 -0.6287751198
-57.4 333.2 2566.7 0.1422231644 0.9896256924 -0.0203370787 -0.9881138802 0.1431569159 0.0560099520 0.0583402812 0.0121294362 0.9982230663
-18.9 65.7 2582.5 0.0055734878 0.9997459650 0.0218379982 -0.9723402262 0.0105175031 -0.2333320528 -0.2335024625 -0.0199334901 0.9721518755
-272.6 -76.9 2535.2 0.9895473123 0.0641042590 -0.1291773319 -0.0588654578 0.9972968102 0.0439768732 0.1316472441 -0.0359131098 0.9906458855
-298.1 -473.2 2549.5 0.9907034039 0.0115822135 -0.1355457455 -0.0209685862 0.9974631071 -0.0680273548 0.1344139725 0.0702371299 0.9884329438
-93.3 -67.5 2572.4 0.9837321043 0.1608694643 0.0799508244 -0.1595561653 0.9869302511 -0.0225939862 -0.0825405642 0.0094697839 0.9965426922
-157.2 -459.6 2568.6 0.9945182800 -0.0733808056 0.0744895414 0.0776273087 0.9954192638 -0.0558079556 -0.0700530857 0.0612844527 0.9956589937
-349.0 348.0 2483.4 0 0 0 0 0 0 0 0 0
-17.3 -212.3 2515.8 0 0 0 0 0 0 0 0 0
-302.0 -811.5 2525.6 0 0 0 0 0 0 0 0 0
-131.4 -809.7 2547.1 0 0 0 0 0 0 0 0 0
-205.9 527.0 2519.0 8 0.9733324051 -0.0282864720 -0.2276486754 0.0428860709 0.9973100424 0.0594425537 0.2253548950 -0.0676203221 0.9719272852
-200.1 323.5 2532.8 0.9733324051 -0.0282864720 -0.2276486754 0.0428860709 0.9973100424 0.0594425537 0.2253548950 -0.0676203221 0.9719272852
-193.6 125.2 2544.5 0.9732549191 -0.0329930261 -0.2273462713 0.0454085469 0.9977365136 0.0495972261 0.2251953185 -0.0585942082 0.9725501537
-342.3 316.9 2499.9 0.8289915323 -0.5344131589 -0.1648503840 0.2005797327 0.5592632890 -0.8043583035 0.5220544338 0.6337405443 0.5708169937
-537.7 269.6 2376.9 -0.8277932405 -0.5593346357 0.0436246991 -0.3309671283 0.5496429205 0.7670419812 -0.4530111551 0.6205138564 -0.6401121020
-57.9 330.1 2565.7 0.1518461108 0.9881088734 -0.0241574086 -0.9868271351 0.1529386342 0.0527442023 0.0558116175 0.0158301853 0.9983158112
-18.1 70.9 2580.4 0.0035689038 0.9998160601 0.0188458562 -0.9748683572 0.0076766424 -0.2226494253 -0.2227531374 -0.0175776146 0.9747164249
-274.0 -74.7 2531.8 0.9890624881 0.0593252555 -0.1350401938 -0.0502614081 0.9963101149 0.0695694908 0.1386691481 -0.0620212629 0.9883947968
-297.5 -470.4 2556.5 0.9896123409 0.0173627455 -0.1427092999 -0.0302313026 0.9956167936 -0.0885060057 0.1405470669 0.0919009224 0.9857995510
-95.2 -66.1 2572.0 0.9857572317 0.1529435068 0.0699352846 -0.1513636857 0.9880986214 -0.0273884926 -0.0732918531 0.0164127424 0.9971754551
-156.0 -458.7 2565.5 0.9954957366 -0.0674061999 0.0666680634 0.0707027689 0.9963231087 -0.0483882241 -0.0631612614 0.0528838895 0.9966012239
-348.9 345.1 2480.2 0 0 0 0 0 0 0 0 0
-17.0 -207.7 2516.7 0 0 0 0 0 0 0 0 0
-303.5 -813.8 2524.8 0 0 0 0 0 0 0 0 0
-132.5 -805.5 2547.1 0 0 0 0 0 0 0 0 0
-204.3 526.9 2525.4 9 0.9716404676 -0.0206723697 -0.2355577946 0.0303482730 0.9988347292 0.0375250950 0.2345075905 -0.0436096713 0.9711356163
-200.1 322.4 2534.3 0.9716404676 -0.0206723697 -0.2355577946 0.0303482730 0.9988347292 0.0375250950 0.2345075905 -0.0436096713 0.9711356163
-195.3 123.9 2542.3 0.9715848565 -0.0241177920 -0.2354596406 0.0328291357 0.9989112020 0.0331469104 0.2344038337 -0.0399349704 0.9713187218
-342.0 317.6 2500.1 0.8260234594 -0.5352574587 -0.1765919328 0.1835884601 0.5517299175 -0.8135658503 0.5328982472 0.6396042705 0.5540089607
-536.7 274.3 2374.5 -0.8265241981 -0.5601414442 0.0556714609 -0.3152629733 0.5425744653 0.7786027193 -0.4663335681 0.6259828210 -0.6250427961
-58.1 327.1 2568.6 0.1541301161 0.9874982238 -0.0330333747 -0.9871416092 0.1553359628 0.0377114341 0.0423712432 0.0267961491 0.9987425208
-18.2 71.3 2579.5 0.0050263815 0.9999536872 0.0082105417 -0.9753750563 0.0067129359 -0.2204504609 -0.2204953581 -0.0069002896 0.9753636122
-276.3 -77.2 2535.4 0.9879571795 0.0592366904 -0.1429394186 -0.0518232398 0.9971381426 0.0550444424 0.1457909942 -0.0469739661 0.9881995916
-299.8 -473.3 2554.1 0.9887472987 0.0053124717 -0.1495010555 -0.0169819798 0.9968950748 -0.0768884942 0.1486283988 0.0785621107 0.9857675433
-97.8 -68.8 2576.7 0.9874548316 0.1454291940 0.0615089610 -0.1429379284 0.9887905121 -0.0431523509 -0.0670950860 0.0338190310 0.9971732497
-155.5 -461.7 2563.3 0.9959238172 -0.0650306270 0.0625039861 0.0673880056 0.9970635176 -0.0363762267 -0.0599548742 0.0404399708 0.9973815680
-348.2 346.2 2480.8 0 0 0 0 0 0 0 0 0
-16.8 -207.5 2516.5 0 0 0 0 0 0 0 0 0
-301.6 -818.6 2526.9 0 0 0 0 0 0 0 0 0
-133.0 -806.6 2549.3 0 0 0 0 0 0 0 0 0
-204.3 528.1 2527.6 0 0.9686576724 -0.0178886298 -0.2477545589 0.0270699393 0.9990652800 0.0337010734 0.2469201088 -0.0393515043 0.9682365060
-200.6 323.9 2535.6 0.9686576724 -0.0178886298 -0.2477545589 0.0270699393 0.9990652800 0.0337010734 0.2469201088 -0.0393515043 0.9682365060
-196.4 125.4 2542.8 0.9686118364 -0.0211537275 -0.2476765364 0.0294165201 0.9991256595 0.0297079291 0.2468315512 -0.0360612348 0.9683871865
-342.1 319.6 2499.6 0.8196477890 -0.5419677496 -0.1856029779 0.1793011725 0.5504138470 -0.8154113293 0.5440851450 0.6350712776 0.5483209491
-535.3 277.4 2371.3 -0.8213163018 -0.5666994452 0.0655074865 -0.3112490773 0.5413775444 0.7810469866 -0.4780831933 0.6210975051 -0.6210268736
-59.1 328.2 2571.7 0.1512627453 0.9875232577 -0.0437886156 -0.9880915880 0.1523160785 0.0217916183 0.0281894393 0.0399709009 0.9988031387
-18.7 63.9 2579.2 0.0063692690 0.9999746084 -0.0031929549 -0.9721233249 0.0054434030 -0.2344068289 -0.2343834937 0.0045969463 0.9721333385
-279.6 -77.6 2528.7 0.9867997169 0.0478853732 -0.1547039896 -0.0385912210 0.9972965121 0.0625330359 0.1572801620 -0.0557373688 0.9859798551
-298.6 -473.8 2550.8 0.9871181846 0.0086944960 -0.1597565413 -0.0205702409 0.9971319437 -0.0728339404 0.1586650908 0.0751819387 0.9844658971
-101.4 -71.5 2571.7 0.9893597960 0.1355608702 0.0528249666 -0.1347323358 0.9907006621 -0.0189586524 -0.0549037792 0.0116396975 0.9984238148
-155.2 -465.1 2567.0 0.9964591265 -0.0687090605 0.0484594591 0.0711531416 0.9961783290 -0.0506550074 -0.0447938070 0.0539236888 0.9975398779
-348.0 348.4 2480.4 0 0 0 0 0 0 0 0 0
-16.9 -213.9 2512.2 0 0 0 0 0 0 0 0 0
-301.6 -814.9 2525.1 0 0 0 0 0 0 0 0 0
-131.7 -806.3 2548.6 0 0 0 0 0 0 0 0 0
-203.7 521.7 2528.7 1 0.9666144848 -0.0167943668 -0.2556841373 0.0255625732 0.9991921782 0.0310083870 0.2549568415 -0.0365091003 0.9662629366
-200.3 318.4 2536.1 0.9666144848 -0.0167943668 -0.2556841373 0.0255625732 0.9991921782 0.0310083870 0.2549568415 -0.0365091003 0.9662629366
-195.7 119.8 2543.0 0.9665093422 -0.0227495134 -0.2556211352 0.0308762547 0.9991358519 0.0278237313 0.2547672689 -0.0347845182 0.9663765430
-341.4 313.9 2498.9 0.8148428202 -0.5481691957 -0.1885249764 0.1800449938 0.5484630466 -0.8165611625 0.5510126948 0.6314260364 0.5456062555
-533.5 271.4 2369.0 -0.8167998791 -0.5727689862 0.0690916330 -0.3120923042 0.5394006968 0.7820775509 -0.4852178395 0.6172378659 -0.6193392277
-59.1 322.9 2573.3 0.1508669406 0.9871836901 -0.0520340614 -0.9881491661 0.1521024704 0.0206408333 0.0282908026 0.0483033955 0.9984319806
-19.4 62.9 2580.8 0.0049343882 0.9999262094 -0.0111026913 -0.9716328979 0.0021689634 -0.2364841700 -0.2364426255 0.0119546456 0.9715719223
-281.0 -75.8 2527.3 0.9856022596 0.0445968136 -0.1630930901 -0.0359430164 0.9978041053 0.0556330718 0.1652160138 -0.0489700250 0.9850409031
-298.7 -472.3 2546.8 0.9858948588 0.0067792619 -0.1672284901 -0.0175462719 0.9978597760 -0.0629918203 0.1664435416 0.0650375485 0.9839037657
-103.4 -70.4 2572.6 0.9909183979 0.1276063323 0.0423956849 -0.1260323673 0.9913004041 -0.0379384197 -0.0468680449 0.0322506502 0.9983803034
-154.1 -464.2 2559.8 0.9968549609 -0.0661998764 0.0435639992 0.0674902797 0.9973028302 -0.0288470332 -0.0415368266 0.0316964537 0.9986341000
-347.2 342.6 2479.7 0 0 0 0 0 0 0 0 0
-18.0 -214.9 2513.2 0 0 0 0 0 0 0 0 0
-301.1 -815.9 2524.4 0 0 0 0 0 0 0 0 0
-131.2 -808.4 2548.8 0 0 0 0 0 0 0 0 0
-203.8 516.3 2529.7 2 0.9590770602 -0.0216913596 -0.2823131680 0.0301532019 0.9992157817 0.0256626159 0.2815351188 -0.0331250727 0.9589790106
-199.4 314.0 2536.4 0.9590770602 -0.0216913596 -0.2823131680 0.0301532019 0.9992157817 0.0256626159 0.2815351188 -0.0331250727 0.9589790106
-193.5 115.5 2543.0 0.9588881135 -0.0293737687 -0.2822601497 0.0375461429 0.9990164638 0.0235869996 0.2812896967 -0.0332150720 0.9590479136
-339.4 308.5 2495.3 0.7980169058 -0.5694478750 -0.1972260326 0.1848595589 0.5428073406 -0.8192601204 0.5735816956 0.6173243523 0.5384373069
-527.6 265.0 2360.1 -0.8007766008 -0.5935792923 0.0801273510 -0.3170748055 0.5335938931 0.7840542793 -0.5081538558 0.6024460196 -0.6154985428
-59.4 319.5 2577.5 0.1624316722 0.9838036895 -0.0758042485 -0.9866951704 0.1624901146 -0.0054373904 0.0069681159 0.0756788924 0.9971078634
-16.8 61.0 2579.3 -0.0026966128 0.9993216991 -0.0367266312 -0.9730053544 -0.0110974042 -0.2305155247 -0.2307667434 0.0351135954 0.9723753333
-279.8 -81.5 2526.6 0.9805281162 0.0475356802 -0.1905386001 -0.0384713225 0.9979577065 0.0509943217 0.1925735176 -0.0426710956 0.9803543091
-298.7 -478.1 2543.5 0.9809170961 0.0048445608 -0.1943661869 -0.0148570938 0.9986342192 -0.0500891283 0.1938580722 0.0520209968 0.9796493649
-102.6 -75.9 2573.3 0.9913628697 0.1299577653 0.0176242981 -0.1295792013 0.9913434386 -0.0211512409 -0.0202205013 0.0186848138 0.9996209145
-154.2 -469.7 2565.9 0.9974815845 -0.0695265755 0.0140173156 0.0701309517 0.9963529110 -0.0486062989 -0.0105867637 0.0494669378 0.9987196326
-344.9 337.3 2476.0 0 0 0 0 0 0 0 0 0
-17.6 -217.1 2513.4 0 0 0 0 0 0 0 0 0
-300.4 -820.1 2525.7 0 0 0 0 0 0 0 0 0
-130.8 -804.7 2549.2 0 0 0 0 0 0 0 0 0
-203.0 510.8 2531.7 3 0.9674400091 -0.0181519091 -0.2524486482 0.0237863753 0.9995310307 0.0192850884 0.2519801855 -0.0246620048 0.9674180746
-199.3 308.8 2536.7 0.9674400091 -0.0181519091 -0.2524486482 0.0237863753 0.9995310307 0.0192850884 0.2519801855 -0.0246620048 0.9674180746
-194.2 110.2 2541.7 0.9672773480 -0.0257949345 -0.2524066567 0.0311847609 0.9993625879 0.0173760038 0.2517975569 -0.0246786568 0.9674652219
-340.6 304.2 2500.0 0.8161849976 -0.5476186275 -0.1842714399 0.1769257784 0.5404779315 -0.8225453496 0.5500357747 0.6387467980 0.5380178094
-533.0 262.5 2370.3 -0.8175309300 -0.5722399354 0.0646890402 -0.3096313179 0.5314854383 0.7884489298 -0.4855632186 0.6245515943 -0.6116892099
-58.1 313.3 2573.5 0.1589883417 0.9861066937 -0.0481275916 -0.9871788621 0.1594822407 0.0065777581 0.0141618671 0.0464647524 0.9988195300
-16.8 57.3 2577.2 -0.0054815365 0.9999395609 -0.0095321620 -0.9743463397 -0.0074854288 -0.2249291539 -0.2249869108 0.0080546699 0.9743285179
-275.6 -86.5 2523.9 0.9852023721 0.0627118573 -0.1595103443 -0.0550718866 0.9971337318 0.0518784933 0.1623065323 -0.0423262790 0.9858321548
-300.5 -482.7 2540.7 0.9863428473 0.0039853044 -0.1646568179 -0.0109140333 0.9990914464 -0.0411965661 0.1643430293 0.0424310081 0.9854902029
-99.8 -79.6 2575.4 0.9891271591 0.1385697722 0.0492533296 -0.1375963688 0.9902293682 -0.0226493273 -0.0519106053 0.0156259853 0.9985294938
-154.8 -473.1 2569.2 0.9963899255 -0.0729140043 0.0434822813 0.0755945146 0.9951102734 -0.0635693520 -0.0386345685 0.0666268840 0.9970297217
-346.5 333.1 2481.1 0 0 0 0 0 0 0 0 0
-18.4 -221.2 2512.8 0 0 0 0 0 0 0 0 0
-301.9 -819.9 2526.4 0 0 0 0 0 0 0 0 0
-130.5 -805.8 2547.0 0 0 0 0 0 0 0 0 0
-203.3 506.2 2530.3 4 0.9523621798 -0.0136094755 -0.3046655357 0.0213340707 0.9995294213 0.0220395494 0.3042222261 -0.0274893902 0.9522043467
-200.5 304.0 2535.8 0.9523621798 -0.0136094755 -0.3046655357 0.0213340707 0.9995294213 0.0220395494 0.3042222261 -0.0274893902 0.9522043467
-195.1 105.4 2541.3 0.9521035552 -0.0270353705 -0.3045782149 0.0340510271 0.9992625713 0.0177447703 0.3038738668 -0.0272660609 0.9523220062
-339.5 299.0 2491.5 0.7846688628 -0.5828866959 -0.2110398859 0.1797086000 0.5396974683 -0.8224545717 0.5932955146 0.6074287891 0.5282335281
-524.5 256.6 2351.6 -0.7891637683 -0.6066778302 0.0957211331 -0.3123475015 0.5306236148 0.7879579067 -0.5288284421 0.5919295549 -0.6082432270
-61.6 308.9 2580.2 0.1698853225 0.9807992578 -0.0957694948 -0.9853551388 0.1676192731 -0.0312888063 -0.0146352248 0.0996824801 0.9949116707
-17.3 52.3 2576.3 -0.0009647788 0.9981954694 -0.0600403324 -0.9738362432 -0.0145819495 -0.2267825603 -0.2272488326 0.0582506545 0.9720930457
-277.7 -91.3 2523.5 0.9757291079 0.0527855754 -0.2125237733 -0.0410762765 0.9974040985 0.0591427088 0.2150939554 -0.0489775799 0.9753644466
-298.7 -487.6 2543.0 0.9762105942 0.0081027886 -0.2166730613 -0.0169191267 0.9991012216 -0.0388655812 0.2161633968 0.0416069105 0.9754702449
-100.4 -85.5 2569.7 0.9909351468 0.1343315542 -0.0015874578 -0.1343258619 0.9909318089 0.0032683171 0.0020121005 -0.0030254535 0.9999933839
-153.8 -479.3 2570.9 0.9976671338 -0.0672585741 -0.0116870897 0.0662608743 0.9952533245 -0.0712766945 0.0164255835 0.0703360140 0.9973881245
-344.5 327.9 2472.2 0 0 0 0 0 0 0 0 0
-17.6 -226.1 2511.4 0 0 0 0 0 0 0 0 0
-301.4 -817.8 2529.2 0 0 0 0 0 0 0 0 0
-131.6 -808.2 2547.6 0 0 0 0 0 0 0 0 0
-201.5 504.8 2530.0 5 0.9519466758 -0.0164409168 -0.3058222532 0.0228102896 0.9995906949 0.0172649007 0.3054132164 -0.0234111585 0.9519320726
-198.1 302.8 2534.7 0.9519466758 -0.0164409168 -0.3058222532 0.0228102896 0.9995906949 0.0172649007 0.3054132164 -0.0234111585 0.9519320726
-192.4 104.3 2540.1 0.9516612887 -0.0285718869 -0.3058176637 0.0354826301 0.9992246628 0.0170615129 0.3050930798 -0.0270879976 0.9519371986
-337.1 297.7 2490.2 0.7836295366 -0.5845073462 -0.2104185671 0.1808146685 0.5386499763 -0.8228986859 0.5943322778 0.6068009138 0.5277895331
-521.8 255.0 2350.1 -0.7879979014 -0.6082643867 0.0952561274 -0.3134742975 0.5295420885 0.7882379293 -0.5298991799 0.5912694931 -0.6079533100
-59.2 308.0 2579.3 0.1473039985 0.9844874144 -0.0953205451 -0.9887059927 0.1438716948 -0.0419685915 -0.0276036225 0.1004261374 0.9945615530
-20.8 50.2 2572.1 0.0146948695 0.9976028800 -0.0676208809 -0.9761640429 -0.0003321974 -0.2170336246 -0.2165358365 0.0691983551 0.9738191962
-276.9 -96.3 2518.9 0.9756640792 0.0543908477 -0.2124175727 -0.0368317030 0.9956343770 0.0857651457 0.2161550671 -0.0758542717 0.9734079838
-298.5 -491.8 2549.0 0.9758850336 0.0087029058 -0.2181116045 -0.0227106214 0.9978302717 -0.0617983229 0.2171005309 0.0652615055 0.9739652276
-102.5 -90.1 2574.5 0.9916247725 0.1290744990 -0.0044768685 -0.1291110069 0.9915879369 -0.0091504278 0.0032581217 0.0096518034 0.9999480844
-153.8 -484.1 2570.7 0.9975441694 -0.0690546930 -0.0117086368 0.0681581646 0.9955713749 -0.0647467077 0.0161278471 0.0637896657 0.9978330135
-342.1 326.5 2471.0 0 0 0 0 0 0 0 0 0
-16.6 -228.8 2510.2 0 0 0 0 0 0 0 0 0
-301.3 -815.9 2527.8 0 0 0 0 0 0 0 0 0
-131.3 -809.3 2549.9 0 0 0 0 0 0 0 0 0
-201.1 504.1 2529.4 6 0.9642456770 -0.0147889536 -0.2645970881 0.0202800408 0.9996317029 0.0180328302 0.2642329335 -0.0227541178 0.9641904235
-198.1 302.5 2534.0 0.9642456770 -0.0147889536 -0.2645970881 0.0202800408 0.9996317029 0.0180328302 0.2642329335 -0.0227541178 0.9641904235
-193.2 103.9 2538.8 0.9640621543 -0.0241581090 -0.2645761073 0.0296976082 0.9994150996 0.0169567950 0.2640117109 -0.0242046826 0.9642156959
-338.8 298.1 2495.4 0.8094100952 -0.5549220443 -0.1921373457 0.1754069924 0.5407087803 -0.8227189183 0.5604352355 0.6322147846 0.5349923372
-529.6 256.8 2363.3 -0.8117455244 -0.5793741345 0.0734494254 -0.3081609607 0.5317602158 0.7888395786 -0.4960907400 0.6177027822 -0.6101944447
-57.3 306.8 2572.5 0.1481795162 0.9872936010 -0.0573949590 -0.9889559150 0.1477523893 -0.0116390586 -0.0030109261 0.0584857538 0.9982836843
-18.6 48.4 2571.7 0.0057359850 0.9996476769 -0.0259146169 -0.9769611955 0.0000732409 -0.2134170085 -0.2133399248 0.0265417323 0.9766174555
-274.0 -97.5 2517.6 0.9833580852 0.0658549294 -0.1693223268 -0.0501395836 0.9941684604 0.0954731107 0.1746222824 -0.0853945017 0.9809255004
-300.1 -492.5 2551.5 0.9840357900 0.0016751712 -0.1779627651 -0.0148004927 0.9972621202 -0.0724512786 0.1773541570 0.0739285871 0.9813664556
-99.6 -91.0 2573.5 0.9898982048 0.1363167763 0.0389777496 -0.1361562610 0.9906643629 -0.0067558391 -0.0395347998 0.0013805284 0.9992172122
-153.7 -484.7 2572.9 0.9971472025 -0.0694658607 0.0295282193 0.0715043023 0.9946357608 -0.0747449324 -0.0241776034 0.0766430944 0.9967654347
-344.5 327.1 2476.5 0 0 0 0 0 0 0 0 0
-17.0 -230.8 2510.7 0 0 0 0 0 0 0 0 0
-300.7 -817.5 2527.4 0 0 0 0 0 0 0 0 0
-131.2 -806.7 2548.1 0 0 0 0 0 0 0 0 0
-200.5 503.6 2529.6 7 0.9618778825 -0.0134011703 -0.2731508017 0.0190023836 0.9996597171 0.0178705771 0.2728183568 -0.0223798286 0.9618052244
-197.8 302.3 2534.1 0.9618778825 -0.0134011703 -0.2731508017 0.0190023836 0.9996597171 0.0178705771 0.2728183568 -0.0223798286 0.9618052244
-193.1 103.7 2539.2 0.9616802931 -0.0235950965 -0.2731562555 0.0296802595 0.9993943572 0.0181658436 0.2725622058 -0.0255770814 0.9617981315
-338.3 297.9 2494.3 0.8044420481 -0.5603492260 -0.1971845031 0.1757858694 0.5416293144 -0.8220322132 0.5674260259 0.6266150475 0.5342109203
-527.9 256.5 2360.5 -0.8073970675 -0.5846740007 0.0791600496 -0.3084641993 0.5326721072 0.7881054878 -0.5029511452 0.6118959785 -0.6104289293
-57.4 306.6 2573.9 0.1577961445 0.9854324460 -0.0634291768 -0.9872952104 0.1562275887 -0.0290028360 -0.0186709482 0.0671998560 0.9975648522
-15.8 46.8 2569.0 -0.0103539014 0.9993108511 -0.0356453061 -0.9803282022 -0.0171708521 -0.1966260970 -0.1971026510 0.0329082496 0.9798303843
-276.7 -97.5 2519.5 0.9818453789 0.0665253922 -0.1776345223 -0.0487679169 0.9935338497 0.1025289148 0.1833066791 -0.0920046717 0.9787409306
-303.2 -492.3 2556.0 0.9823429585 -0.0077810930 -0.1869272143 -0.0082128057 0.9963781238 -0.0846356302 0.1869087517 0.0846764073 0.9787211418
-100.1 -92.0 2567.8 0.9911465645 0.1293545663 0.0299306139 -0.1292134076 0.9915947914 -0.0066114455 -0.0305342600 0.0026854749 0.9995301366
-151.5 -486.1 2566.8 0.9979264736 -0.0602827221 0.0225563012 0.0615925863 0.9961261749 -0.0627618879 -0.0186854638 0.0640210509 0.9977735877
-343.7 326.8 2475.2 0 0 0 0 0 0 0 0 0
-18.8 -233.3 2512.6 0 0 0 0 0 0 0 0 0
-300.6 -819.0 2528.3 0 0 0 0 0 0 0 0 0
-132.1 -806.4 2546.2 0 0 0 0 0 0 0 0 0
-199.2 502.1 2530.2 8 0.9668192267 -0.0108662471 -0.2552302182 0.0166453645 0.9996514320 0.0204936508 0.2549185753 -0.0240620561 0.9666631222
-197.1 300.7 2535.0 0.9668192267 -0.0108662471 -0.2552302182 0.0166453645 0.9996514320 0.0204936508 0.2549185753 -0.0240620561 0.9666631222
-193.2 102.1 2539.9 0.9666904807 -0.0195026714 -0.2552041411 0.0251213927 0.9995080829 0.0187753011 0.2547124326 -0.0245609879 0.9667049050
-338.2 297.0 2497.8 0.8156108856 -0.5461653471 -0.1910035312 0.1717470139 0.5437619090 -0.8214778900 0.5525231957 0.6372020245 0.5373004079
-530.5 256.5 2367.6 -0.8179764152 -0.5707992911 0.0714335889 -0.3044529855 0.5349252820 0.7881391644 -0.4880808890 0.6229310632 -0.6113378406
-55.9 304.4 2572.2 0.1458751708 0.9882184267 -0.0463117212 -0.9892014265 0.1450295448 -0.0211405531 -0.0141749159 0.0488955006 0.9987033010
-17.4 43.7 2568.5 -0.0049751420 0.9998022914 -0.0192521866 -0.9799318314 -0.0087109497 -0.1991424561 -0.1992707849 0.0178750679 0.9797814488
-276.5 -97.7 2519.3 0.9849092960 0.0684110895 -0.1589767188 -0.0523621030 0.9932982326 0.1030382738 0.1649602503 -0.0931589976 0.9818907976
-303.7 -492.4 2556.3 0.9855734706 -0.0055979723 -0.1691555828 -0.0097280117 0.9959268570 -0.0896384269 0.1689683795 0.0899908021 0.9815046191
-100.3 -92.2 2569.3 0.9904991984 0.1287845820 0.0482272916 -0.1285076588 0.9916693568 -0.0088122869 -0.0489604138 0.0025309864 0.9987975359
-151.4 -486.3 2568.3 0.9971292615 -0.0637603700 0.0408395715 0.0663329661 0.9956724644 -0.0650864169 -0.0365129039 0.0676085800 0.9970435500
-343.9 326.0 2478.9 0 0 0 0 0 0 0 0 0
-18.9 -236.4 2511.5 0 0 0 0 0 0 0 0 0
-301.9 -816.7 2527.0 0 0 0 0 0 0 0 0 0
-130.9 -806.8 2546.5 0 0 0 0 0 0 0 0 0
-200.8 502.8 2530.0 9 0.9685655236 -0.0137922401 -0.2483758628 0.0190213006 0.9996448159 0.0186654031 0.2480302006 -0.0228030980 0.9684838653
-198.0 300.8 2534.6 0.9685655236 -0.0137922401 -0.2483758628 0.0190213006 0.9996448159 0.0186654031 0.2480302006 -0.0228030980 0.9684838653
-194.3 102.2 2539.6 0.9684823751 -0.0184952300 -0.2483944148 0.0241697393 0.9995114803 0.0198143423 0.2479065955 -0.0251934696 0.9684563279
-339.5 297.2 2498.4 0.8196685910 -0.5410402417 -0.1881989092 0.1712011993 0.5448942184 -0.8208413124 0.5466566682 0.6405979991 0.5392594337
-532.7 256.9 2369.5 -0.8217386603 -0.5657840967 0.0680733174 -0.3038551509 0.5360759497 0.7875878811 -0.4820971489 0.6265069842 -0.6124306917
-56.5 304.3 2570.8 0.1438868642 0.9887852073 -0.0400044918 -0.9895457625 0.1433624476 -0.0156974439 -0.0097862575 0.0418449305 0.9990761876
-18.1 39.9 2568.2 -0.0034901088 0.9999098778 -0.0129616326 -0.9804347157 -0.0059726140 -0.1967539489 -0.1968136430 0.0120213414 0.9803672433
-277.9 -98.8 2521.5 0.9862290621 0.0652018040 -0.1519899517 -0.0497109890 0.9933777452 0.1035831347 0.1577372402 -0.0946011245 0.9829392433
-303.8 -493.6 2559.1 0.9866782427 -0.0094255628 -0.1624107063 -0.0087837642 0.9937773943 -0.1110373884 0.1624466777 0.1109847501 0.9804557562
-100.7 -94.2 2568.2 0.9896351695 0.1318786740 0.0568348058 -0.1323226839 0.9911981821 0.0041045663 -0.0557932518 -0.0115825571 0.9983751774
-153.1 -488.1 2572.8 0.9964479804 -0.0703070387 0.0463503897 0.0735898092 0.9945837259 -0.0734012052 -0.0409387238 0.0765514001 0.9962248206
-345.3 326.2 2479.5 0 0 0 0 0 0 0 0 0
-19.1 -240.3 2511.9 0 0 0 0 0 0 0 0 0
-300.8 -814.7 2523.2 0 0 0 0 0 0 0 0 0
-130.7 -805.4 2548.3 0 0 0 0 0 0 0 0 0
-200.6 503.8 2529.9 0 0.9682464600 -0.0130361347 -0.2496575415 0.0189894717 0.9995895028 0.0214522090 0.2492754161 -0.0255118888 0.9680965543
-197.9 301.8 2535.0 0.9682464600 -0.0130361347 -0.2496575415 0.0189894717 0.9995895028 0.0214522090 0.2492754161 -0.0255118888 0.9680965543
-194.3 103.2 2540.6 0.9681549072 -0.0184217617 -0.2496733069 0.0248076078 0.9994400144 0.0224539805 0.2491198629 -0.0279327277 0.9680697322
-339.4 298.2 2498.6 0.8189523220 -0.5418644547 -0.1889444143 0.1726554632 0.5466520786 -0.8193665743 0.5472725034 0.6383998990 0.5412378311
-532.4 257.5 2369.6 -0.8211129904 -0.5665900707 0.0689142868 -0.3051334918 0.5377964377 0.7859189510 -0.4823557138 0.6243001819 -0.6144772172
-56.5 305.4 2571.4 0.1473350972 0.9882423282 -0.0408587418 -0.9890364408 0.1467856318 -0.0161534064 -0.0099660037 0.0427907482 0.9990343451
-17.2 41.6 2568.8 -0.0078857923 0.9998815656 -0.0132180750 -0.9803891778 -0.0103336889 -0.1968001872 -0.1969134659 0.0114069320 0.9803544879
-279.4 -98.7 2521.9 0.9864581227 0.0573293753 -0.1536673605 -0.0421855673 0.9940866232 0.1000607312 0.1584950835 -0.0922231823 0.9830433130
-302.2 -493.8 2558.5 0.9867799282 -0.0012268377 -0.1620612592 -0.0155253578 0.9946568012 -0.1020626053 0.1613205522 0.1032293886 0.9814883471
-101.8 -94.3 2567.3 0.9907616973 0.1238245741 0.0553052984 -0.1242976636 0.9922314286 0.0051844837 -0.0542336889 -0.0120109078 0.9984560013
-151.0 -488.6 2572.1 0.9967739582 -0.0668613464 0.0443983637 0.0702822655 0.9942674637 -0.0805766433 -0.0387563854 0.0834371224 0.9957591295
-345.1 327.0 2479.6 0 0 0 0 0 0 0 0 0
-19.5 -238.6 2512.5 0 0 0 0 0 0 0 0 0
-301.8 -818.4 2524.8 0 0 0 0 0 0 0 0 0
-129.6 -806.8 2545.4 0 0 0 0 0 0 0 0 0
-202.5 505.0 2529.8 1 0.9647493362 -0.0158689320 -0.2626916170 0.0227413215 0.9994735122 0.0231415760 0.2621860802 -0.0282997750 0.9646022916
-199.3 303.2 2535.5 0.9647493362 -0.0158689320 -0.2626916170 0.0227413215 0.9994735122 0.0231415760 0.2621860802 -0.0282997750 0.9646022916
-195.0 104.6 2541.5 0.9646396637 -0.0214521997 -0.2626978457 0.0286163948 0.9993147850 0.0234756768 0.2620142400 -0.0301630348 0.9645925164
-340.2 299.0 2497.3 0.8109522462 -0.5522302389 -0.1933860630 0.1765294671 0.5460260510 -0.8189584017 0.5578474402 0.6299978495 0.5402860045
-531.4 257.4 2365.8 -0.8135310411 -0.5767343640 0.0744628087 -0.3088878393 0.5370582342 0.7849565744 -0.4927022755 0.6155858636 -0.6150597334
-58.4 307.4 2573.8 0.1553090811 0.9864148498 -0.0535237528 -0.9878141880 0.1545183510 -0.0186331347 -0.0101095978 0.0557654165 0.9983927011
-16.9 43.4 2571.1 -0.0099513531 0.9997181296 -0.0215565339 -0.9765575528 -0.0143519733 -0.2147775143 -0.2150263488 0.0189138688 0.9764250517
-279.4 -97.7 2523.3 0.9842237234 0.0539427549 -0.1685048342 -0.0414104126 0.9961688519 0.0770243928 0.1720141768 -0.0688313767 0.9826868176
-300.8 -493.5 2550.6 0.9845997095 -0.0001997896 -0.1748239994 -0.0136670768 0.9968509674 -0.0781114772 0.1742890775 0.0792978629 0.9814963937
-101.8 -93.2 2569.0 0.9909244180 0.1277889758 0.0416992232 -0.1281333715 0.9917406440 0.0056824428 -0.0406286605 -0.0109739332 0.9991140366
-152.6 -487.3 2573.3 0.9971604943 -0.0692218468 0.0296535045 0.0715508088 0.9936854243 -0.0864280462 -0.0234835465 0.0883043632 0.9958167076
-345.8 327.9 2478.1 0 0 0 0 0 0 0 0 0
-19.7 -235.7 2509.6 0 0 0 0 0 0 0 0 0
-300.8 -818.6 2524.8 0 0 0 0 0 0 0 0 0
-130.4 -807.1 2544.9 0 0 0 0 0 0 0 0 0
-201.9 507.3 2530.3 2 0.9556898475 -0.0192963816 -0.2937424183 0.0274423435 0.9993439317 0.0236351490 0.2930936217 -0.0306488518 0.9555923939
-198.0 305.4 2536.5 0.9556898475 -0.0192963816 -0.2937424183 0.0274423435 0.9993439317 0.0236351490 0.2930936217 -0.0306488518 0.9555923939
-192.2 106.9 2542.9 0.9554595947 -0.0287893265 -0.2937144041 0.0370109715 0.9990621805 0.0224713534 0.2927920222 -0.0323411264 0.9556290507
-337.5 300.0 2493.7 0.7911287546 -0.5766954422 -0.2038079947 0.1839991957 0.5421661735 -0.8198781013 0.5833177567 0.6111286283 0.5350347161
-524.0 256.6 2356.2 -0.7946957946 -0.6006487608 0.0876335576 -0.3162937462 0.5329757929 0.7847898602 -0.5180895925 0.5959512591 -0.6135350466
-58.5 310.8 2579.2 0.1553237885 0.9844147563 -0.0824746490 -0.9876024127 0.1528207213 -0.0358796716 -0.0227166414 0.0870251283 0.9959470630
-16.8 45.9 2573.1 -0.0193724539 0.9984966516 -0.0512752011 -0.9741303921 -0.0303991921 -0.2239327431 -0.2251548171 0.0456106067 0.9732548594
-279.2 -96.6 2523.5 0.9781160355 0.0573356152 -0.2000041306 -0.0403260961 0.9952942133 0.0881091878 0.2041147500 -0.0781156272 0.9758253694
-302.0 -492.1 2554.5 0.9783169031 -0.0060194973 -0.2070262283 -0.0131205730 0.9957685471 -0.0909551606 0.2066977173 0.0916992724 0.9740982056
-102.3 -91.3 2571.6 0.9919554591 0.1261510104 0.0105008967 -0.1262991726 0.9918802977 0.0148996906 -0.0085360212 -0.0161060840 0.9998338223
-152.4 -485.5 2578.0 0.9977032542 -0.0676120669 -0.0041051568 0.0668696612 0.9927889109 -0.0994917750 0.0108023984 0.0989887565 0.9950299263
-342.8 328.8 2474.4 0 0 0 0 0 0 0 0 0
-22.3 -232.5 2508.8 0 0 0 0 0 0 0 0 0
-300.0 -815.8 2524.7 0 0 0 0 0 0 0 0 0
-130.7 -805.2 2546.1 0 0 0 0 0 0 0 0 0
-200.0 508.6 2530.0 3 0.9467590451 -0.0203747265 -0.3212975860 0.0301606823 0.9992194772 0.0255092960 0.3205270767 -0.0338417105 0.9466346502
-195.9 306.4 2536.9 0.9467590451 -0.0203747265 -0.3212975860 0.0301606823 0.9992194772 0.0255092960 0.3205270767 -0.0338417105 0.9466346502
-188.9 107.9 2543.3 0.9463804960 -0.0352303199 -0.3211273253 0.0437635183 0.9988537431 0.0193910804 0.3200760782 -0.0324050002 0.9468374848
-334.1 300.0 2490.2 0.7727132440 -0.5979547501 -0.2129892558 0.1892589778 0.5373187661 -0.8218695521 0.6058838964 0.5947593451 0.5283616185
-516.3 255.4 2347.3 -0.7771700025 -0.6213948727 0.0993736386 -0.3216387331 0.5279667974 0.7860022783 -0.5408837795 0.5788949728 -0.6101846695
-57.7 312.7 2583.6 0.1595645398 0.9812411666 -0.1081894189 -0.9865635037 0.1546070576 -0.0528124608 -0.0350949131 0.1151627228 0.9927265048
-15.3 50.5 2574.3 -0.0164255667 0.9965705872 -0.0811004713 -0.9769431949 -0.0332643725 -0.2108921260 -0.2128666490 0.0757665262 0.9741392136
-274.1 -95.0 2522.5 0.9712995887 0.0676014200 -0.2280508578 -0.0472591519 0.9944954515 0.0935164839 0.2331174016 -0.0800550282 0.9691478014
-301.0 -490.2 2554.4 0.9716623425 -0.0004286457 -0.2363728881 -0.0195992049 0.9964087605 -0.0823737234 0.2355593294 0.0846721604 0.9681644440
-99.0 -88.2 2576.2 0.9908699989 0.1332485676 -0.0205303710 -0.1333541721 0.9910609126 -0.0038573707 0.0198328607 0.0065599633 0.9997817874
-151.9 -482.0 2573.6 0.9974220991 -0.0643020645 -0.0318502150 0.0612640716 0.9941818118 -0.0885960609 0.0373618156 0.0864163935 0.9955582619
-339.0 328.7 2470.7 0 0 0 0 0 0 0 0 0
-20.0 -228.7 2513.4 0 0 0 0 0 0 0 0 0
-300.8 -817.8 2526.5 0 0 0 0 0 0 0 0 0
-130.9 -806.6 2545.4 0 0 0 0 0 0 0 0 0
-199.9 506.6 2530.9 4 0.9447731376 -0.0222346317 -0.3269699514 0.0322528444 0.9991607666 0.0252489578 0.3261341453 -0.0344002508 0.9446973801
-195.4 304.7 2537.8 0.9447731376 -0.0222346317 -0.3269699514 0.0322528444 0.9991607666 0.0252489578 0.3261341453 -0.0344002508 0.9446973801
-188.2 106.2 2544.9 0.9443881512 -0.0358788185 -0.3268695474 0.0454874448 0.9987270832 0.0217966437 0.3256714344 -0.0354529507 0.9448180795
-333.3 298.0 2490.3 0.7688708305 -0.6019987464 -0.2154882401 0.1916421652 0.5384854078 -0.8205527067 0.6100089550 0.5896024108 0.5293940306
-514.5 252.9 2346.5 -0.7736089826 -0.6253345013 0.1024004295 -0.3238410056 0.5290682912 0.7843556404 -0.5446614623 0.5736231208 -0.6118009686
-57.4 311.3 2585.4 0.1636812538 0.9800196886 -0.1130039692 -0.9857782722 0.1580616534 -0.0570767224 -0.0380747169 0.1207392439 0.9919537902
-14.5 52.8 2575.4 -0.0150710726 0.9961668253 -0.0861658528 -0.9772046804 -0.0329253487 -0.2097306252 -0.2117637247 0.0810408071 0.9739550948
-268.6 -94.6 2520.5 0.9693916440 0.0774900317 -0.2329703718 -0.0528788045 0.9925130606 0.1100981385 0.2397576421 -0.0944090188 0.9662314653
-299.4 -489.0 2558.0 0.9697436094 -0.0005702752 -0.2441248745 -0.0255095065 0.9942861795 -0.1036547273 0.2427891046 0.1067460179 0.9641880989
-95.1 -86.6 2579.2 0.9887529016 0.1468144059 -0.0285173915 -0.1472754478 0.9889849424 -0.0147904856 0.0260318145 0.0188240465 0.9994838834
-153.5 -479.5 2571.7 0.9968225956 -0.0698027685 -0.0383703262 0.0664966628 0.9944470525 -0.0815678015 0.0438509136 0.0787571296 0.9959289432
-338.1 326.7 2470.7 0 0 0 0 0 0 0 0 0
-18.8 -226.5 2514.9 0 0 0 0 0 0 0 0 0
-299.2 -816.4 2522.8 0 0 0 0 0 0 0 0 0
-130.5 -807.3 2545.7 0 0 0 0 0 0 0 0 0
-197.9 505.2 2522.8 5 0.9462871552 -0.0121546434 -0.3230988681 0.0308124777 0.9981352091 0.0526943170 0.3218558729 -0.0598194301 0.9448970556
-195.4 303.2 2534.9 0.9462871552 -0.0121546434 -0.3230988681 0.0308124777 0.9981352091 0.0526943170 0.3218558729 -0.0598194301 0.9448970556
-189.5 104.9 2546.2 0.9459568858 -0.0298642721 -0.3229144514 0.0465033837 0.9979515076 0.0439345390 0.3209408820 -0.0565767922 0.9454078674
-333.6 296.4 2488.1 0.7724924088 -0.5962842107 -0.2184048295 0.1997681409 0.5546584129 -0.8077417612 0.6027837396 0.5803440213 0.5475879908
-515.7 249.3 2346.0 -0.7777817249 -0.6197418571 0.1047644764 -0.3305146396 0.5450495481 0.7705070376 -0.5346173048 0.5646600723 -0.6287633181
-57.3 310.0 2581.8 0.1586058736 0.9815611243 -0.1066860110 -0.9867379069 0.1538016349 -0.0518972948 -0.0345318839 0.1135023460 0.9929374456
-15.6 50.6 2572.7 -0.0085677858 0.9966383576 -0.0814775601 -0.9793796539 -0.0248107128 -0.2004992813 -0.2018467933 0.0780796334 0.9762998819
-267.7 -96.4 2522.1 0.9697710872 0.0780909061 -0.2311836183 -0.0567188747 0.9935983419 0.0977001190 0.2373331487 -0.0816342756 0.9679921865
-298.7 -491.2 2554.5 0.9703477025 0.0020270408 -0.2417049110 -0.0244281646 0.9956674576 -0.0897191241 0.2404758632 0.0929631516 0.9661931396
-94.5 -88.1 2581.8 0.9882874489 0.1495940089 -0.0301579777 -0.1504847854 0.9881628156 -0.0298095699 0.0253416598 0.0339987427 0.9991005659
-153.9 -480.7 2568.3 0.9969604015 -0.0691982061 -0.0357997455 0.0666844249 0.9955086708 -0.0671984404 0.0402889699 0.0646068975 0.9970971346
-338.3 324.7 2467.9 0 0 0 0 0 0 0 0 0
-18.0 -229.3 2515.0 0 0 0 0 0 0 0 0 0
-299.4 -820.4 2523.8 0 0 0 0 0 0 0 0 0
-131.2 -807.4 2547.1 0 0 0 0 0 0 0 0 0
-197.7 509.8 2528.3 6 0.9348969460 -0.0137838647 -0.3546514809 0.0271362327 0.9990966320 0.0327029973 0.3538803458 -0.0401978381 0.9344264865
-194.9 307.5 2536.4 0.9348969460 -0.0137838647 -0.3546514809 0.0271362327 0.9990966320 0.0327029973 0.3538803458 -0.0401978381 0.9344264865
-189.3 109.0 2544.7 0.9346144795 -0.0278784502 -0.3545680940 0.0406814516 0.9987597466 0.0287042130 0.3533281386 -0.0412517190 0.9345895052
-331.4 301.6 2484.8 0.7517662048 -0.6154555678 -0.2367740870 0.1894344538 0.5454830527 -0.8164330125 0.6316344738 0.5689135790 0.5266641974
-508.6 256.9 2335.9 -0.7593566179 -0.6383723617 0.1259296685 -0.3212722838 0.5361456871 0.7805971503 -0.5658283234 0.5522938967 -0.6122171283
-58.5 313.4 2588.0 0.1579048187 0.9778231978 -0.1375785172 -0.9855462313 0.1474052370 -0.0834885687 -0.0613572672 0.1487732381 0.9869659543
-16.1 48.8 2571.6 -0.0057320013 0.9928064346 -0.1195931882 -0.9813380837 -0.0285719112 -0.1901558638 -0.1922049671 0.1162713766 0.9744425416
-270.3 -97.6 2528.0 0.9617765546 0.0730008334 -0.2639255822 -0.0540353358 0.9954543114 0.0784276873 0.2684511542 -0.0611686036 0.9613492489
-299.3 -493.1 2552.3 0.9622583389 0.0059396075 -0.2720728517 -0.0280680545 0.9965960979 -0.0775135383 0.2706863582 0.0822246075 0.9591496587
-96.8 -89.1 2586.9 0.9874961972 0.1436560005 -0.0649165958 -0.1472080052 0.9876468182 -0.0536989681 0.0564004928 0.0625837743 0.9964448214
-153.9 -481.4 2562.0 0.9957637191 -0.0675943643 -0.0623349659 0.0654378980 0.9972065687 -0.0360129438 0.0645951107 0.0317813121 0.9974053502
-335.4 330.2 2465.0 0 0 0 0 0 0 0 0 0
-17.7 -231.7 2516.6 0 0 0 0 0 0 0 0 0
-301.3 -818.8 2525.4 0 0 0 0 0 0 0 0 0
-131.9 -806.3 2551.7 0 0 0 0 0 0 0 0 0
-201.0 513.4 2531.0 7 0.9464945197 -0.0212418567 -0.3220201135 0.0309310537 0.9992088079 0.0250016116 0.3212342560 -0.0336243100 0.9464026690
-196.8 311.6 2537.8 0.9464945197 -0.0212418567 -0.3220201135 0.0309310537 0.9992088079 0.0250016116 0.3212342560 -0.0336243100 0.9464026690
-190.2 113.2 2544.5 0.9461978078 -0.0328262523 -0.3219194710 0.0418951511 0.9988953471 0.0212820619 0.3208652437 -0.0336239040 0.9465278387
-334.9 305.5 2491.0 0.7726237178 -0.5972023010 -0.2154112905 0.1881432980 0.5394465327 -0.8207311034 0.6063453555 0.5935881138 0.5291488171
-517.0 261.2 2348.0 -0.7774529457 -0.6206505299 0.1017832905 -0.3204346001 0.5301315188 0.7850365043 -0.5411918759 0.5777140260 -0.6110301614
-58.6 317.8 2584.7 0.1636990905 0.9805902839 -0.1079132110 -0.9856459498 0.1579959393 -0.0594927520 -0.0412881672 0.1161031276 0.9923786521
-14.9 54.6 2573.7 -0.0098249447 0.9963535666 -0.0847527236 -0.9809687734 -0.0260403194 -0.1924115419 -0.1939169168 0.0812493414 0.9776475430
-269.4 -93.1 2520.5 0.9701408744 0.0827082396 -0.2280043960 -0.0598854758 0.9926388860 0.1052701771 0.2350327373 -0.0884727538 0.9679525495
-302.2 -487.4 2555.6 0.9708377719 -0.0025517112 -0.2397238761 -0.0194721222 0.9958001971 -0.0894582048 0.2389453501 0.0915173367 0.9667107463
-98.1 -85.7 2585.2 0.9899767041 0.1384724677 -0.0277749803 -0.1396185756 0.9891933799 -0.0447560437 0.0212773476 0.0481853448 0.9986117482
-153.1 -478.7 2566.1 0.9975363612 -0.0641250685 -0.0284455139 0.0626650900 0.9968039393 -0.0495478734 0.0315318592 0.0476432666 0.9983665943
-339.7 334.3 2471.5 0 0 0 0 0 0 0 0 0
-17.7 -225.8 2518.2 0 0 0 0 0 0 0 0 0
-301.4 -819.9 2525.1 0 0 0 0 0 0 0 0 0
-132.3 -801.1 2550.7 0 0 0 0 0 0 0 0 0
-201.0 512.9 2532.9 8 0.9481465220 -0.0216557197 -0.3170948625 0.0301174968 0.9993084669 0.0218075328 0.3164033294 -0.0302268397 0.9481430650
-196.6 311.3 2539.0 0.9481465220 -0.0216557197 -0.3170948625 0.0301174968 0.9993084669 0.0218075328 0.3164033294 -0.0302268397 0.9481430650
-189.9 112.8 2545.1 0.9478241801 -0.0337915607 -0.3169976473 0.0417363048 0.9989609718 0.0183037017 0.3160497546 -0.0305790007 0.9482496977
-335.1 305.2 2492.8 0.7756249309 -0.5945265293 -0.2120003849 0.1870238632 0.5372576714 -0.8224209547 0.6028499603 0.5982410908 0.5279011130
-517.9 261.1 2350.7 -0.7800097466 -0.6180498600 0.0979753658 -0.3195056021 0.5279693007 0.7868701220 -0.5380529761 0.5824626684 -0.6092916131
-58.2 317.4 2585.2 0.1703440696 0.9797582030 -0.1051509678 -0.9849426746 0.1660996377 -0.0479467846 -0.0295107178 0.1117351204 0.9932997227
