-144.0 444.4 2694.7 30 0.9645311236 -0.0996289626 -0.2444458604 0.0588054135 0.9838668108 -0.1689616591 0.2573356330 0.1485940367 0.9548288584
-119.8 205.0 2658.5 0.9645311236 -0.0996289626 -0.2444458604 0.0588054135 0.9838668108 -0.1689616591 0.2573356330 0.1485940367 0.9548288584
-122.1 11.6 2674.6 0.9667104483 0.0120761208 -0.2555878162 0.0095117781 0.9964991808 0.0830594376 0.2556960881 -0.0827255175 0.9632112980
-251.9 203.7 2623.6 0.5801241994 -0.7686390281 -0.2695365548 0.0210478492 0.3449469805 -0.9383861423 0.8142560720 0.5387073159 0.2162902802
-377.5 199.2 2447.3 -0.5564282537 -0.7686390281 -0.3155655265 -0.7759857178 0.3449469805 0.5280698538 -0.2970417440 0.5387073159 -0.7883911729
12.3 206.3 2693.5 0.2064873427 0.6760895252 0.7072948217 -0.9763426185 0.1897817701 0.1036242917 -0.0641723722 -0.7119591832 0.6992825270
64.0 -38.1 2677.4 -0.1776271462 0.6750968695 0.7160257101 -0.8989704251 0.1847065538 -0.3971594572 -0.4003757536 -0.7142322063 0.5740832686
-209.3 -184.5 2667.7 0.9426844716 0.0395921692 0.3313283622 -0.0180812981 0.9975380301 -0.0677567571 -0.3331952691 0.0578823946 0.9410794377
-224.7 -571.8 2645.3 0.9379392862 -0.0965653956 0.3330841660 0.0627290681 0.9918488264 0.1109095737 -0.3410791755 -0.0831323788 0.9363514185
-35.9 -182.6 2712.8 0.9926000834 0.0804921389 0.0909181982 -0.0683418289 0.9892027378 -0.1296433061 -0.1003718004 0.1224704385 0.9873836637
-67.2 -566.6 2665.3 0.9904286265 -0.0953810811 0.0997676477 0.0970702916 0.9952026606 -0.0122052589 -0.0981248841 0.0217729136 0.9949359298
-235.2 397.7 2523.3 0 0 0 0 0 0 0 0 0
17.4 -273.9 2572.4 0 0 0 0 0 0 0 0 0
-199.7 -829.1 2666.8 0 0 0 0 0 0 0 0 0
-40.6 -844.2 2659.2 0 0 0 0 0 0 0 0 0
-144.9 445.4 2694.8 31 0.9664152265 -0.0926881880 -0.2396883965 0.0525769666 0.9842755198 -0.1686336994 0.2515497804 0.1503680795 0.9560921192
-122.2 204.4 2658.0 0.9664152265 -0.0926881880 -0.2396883965 0.0525769666 0.9842755198 -0.1686336994 0.2515497804 0.1503680795 0.9560921192
-123.4 10.9 2673.7 0.9680919647 0.0063806088 -0.2505140007 0.0140915383 0.9967079163 0.0798418820 0.2501987219 -0.0808244124 0.9648150206
-254.4 202.4 2623.8 0.5718146563 -0.7715291381 -0.2788740993 0.0144836707 0.3493727744 -0.9368718863 0.8202549815 0.5316779017 0.2109510303
-377.0 199.3 2448.0 -0.5569114685 -0.7715291381 -0.3075587451 -0.7749080062 0.3493727744 0.5267411470 -0.2989435196 0.5316779017 -0.7924337983
10.1 206.3 2692.2 0.2083394229 0.6726617217 0.7100147009 -0.9762582779 0.1870241910 0.1092781350 -0.0592827089 -0.7159246802 0.6956560612
62.4 -38.7 2677.3 -0.1673152149 0.6744477153 0.7191146612 -0.8982212543 0.1964251995 -0.3932121098 -0.4064532518 -0.7117143869 0.5729383230
-211.1 -182.7 2667.7 0.9409728646 0.0315754488 0.3370059729 -0.0087161446 0.9975696206 -0.0691295043 -0.3383696973 0.0621115938 0.9389612079
-223.4 -570.0 2643.6 0.9371350408 -0.0899621397 0.3371717036 0.0549466647 0.9921867251 0.1120105833 -0.3446139991 -0.0864425823 0.9347560406
-37.9 -181.0 2713.6 0.9925558567 0.0735917240 0.0970420241 -0.0602776855 0.9891964793 -0.1336297542 -0.1058276743 0.1267855167 0.9862686992
-66.4 -565.0 2664.3 0.9906255007 -0.0865069628 0.1057244390 0.0875133425 0.9961512685 -0.0049083661 -0.1048929244 0.0141146518 0.9943833351
-234.7 397.4 2524.4 0 0 0 0 0 0 0 0 0
18.5 -274.4 2570.7 0 0 0 0 0 0 0 0 0
-200.0 -827.7 2666.1 0 0 0 0 0 0 0 0 0
-42.4 -842.0 2660.4 0 0 0 0 0 0 0 0 0
-144.3 443.3 2695.4 32 0.9657449126 -0.0885232687 -0.2439270020 0.0483703986 0.9849487543 -0.1659406871 0.2549451888 0.1484575272 0.9554911256
-122.7 203.2 2659.2 0.9657449126 -0.0885232687 -0.2439270020 0.0483703986 0.9849487543 -0.1659406871 0.2549451888 0.1484575272 0.9554911256
-124.1 9.7 2674.7 0.9671844840 0.0072104726 -0.2539727390 0.0132850949 0.9967946410 0.0788923204 0.2537274957 -0.0796774775 0.9639885426
-254.9 201.4 2624.6 0.5680328608 -0.7716344595 -0.2862147391 0.0034767967 0.3500143290 -0.9367378950 0.8229985237 0.5311028361 0.2015024722
-376.7 200.7 2448.0 -0.5649359822 -0.7716344595 -0.2922798991 -0.7608141303 0.3500143290 0.5464904308 -0.3193886876 0.5311028361 -0.7848061323
9.4 205.1 2693.9 0.2068650573 0.6748341322 0.7083824873 -0.9762573838 0.1899276972 0.1041582152 -0.0642519370 -0.7131103873 0.6981012225
61.0 -38.2 2677.9 -0.1554180235 0.6771174669 0.7192754149 -0.9001935124 0.2027756572 -0.3854006827 -0.4068130851 -0.7073853016 0.5780217648
-211.4 -183.9 2667.0 0.9419267774 0.0387005731 0.3335809112 -0.0163001344 0.9974353909 -0.0696916059 -0.3354225159 0.0602069721 0.9401419163
-226.4 -571.1 2643.6 0.9363681674 -0.1052498072 0.3348687589 0.0681698695 0.9903515577 0.1206508949 -0.3443362713 -0.0901456997 0.9345085621
-37.9 -181.3 2711.8 0.9925393462 0.0769207701 0.0945984647 -0.0654516816 0.9907490611 -0.1188794300 -0.1028676406 0.1118008867 0.9883920550
-67.8 -565.9 2668.4 0.9902076721 -0.0954003334 0.1019190773 0.0976874828 0.9950600863 -0.0176790450 -0.0997290239 0.0274621453 0.9946355820
-233.3 393.7 2529.1 0 0 0 0 0 0 0 0 0
20.2 -274.3 2571.2 0 0 0 0 0 0 0 0 0
-199.1 -827.4 2666.9 0 0 0 0 0 0 0 0 0
-41.4 -840.6 2660.8 0 0 0 0 0 0 0 0 0
-143.8 445.6 2693.7 33 0.9649263024 -0.0875533745 -0.2474906892 0.0490854383 0.9862921238 -0.1575387567 0.2578911781 0.1398651153 0.9559968114
-122.3 203.6 2659.4 0.9649263024 -0.0875533745 -0.2474906892 0.0490854383 0.9862921238 -0.1575387567 0.2578911781 0.1398651153 0.9559968114
-125.4 10.1 2675.2 0.9664947987 0.0156036178 -0.2562114894 0.0058596223 0.9965493679 0.0827951506 0.2566193044 -0.0815223902 0.9630683661
-254.4 202.8 2624.3 0.5675507784 -0.7745851278 -0.2791129053 0.0058943252 0.3428152800 -0.9393843412 0.8233172894 0.5315031409 0.1991307437
-376.0 201.5 2447.8 -0.5665853620 -0.7745851278 -0.2810675502 -0.7495642900 0.3428152800 0.5662429333 -0.3422490954 0.5315031409 -0.7748354673
9.7 204.4 2694.4 0.2024615258 0.6768941879 0.7076889277 -0.9768202901 0.1908830553 0.0968800038 -0.0695083216 -0.7108994126 0.6998504400
60.2 -39.4 2677.1 -0.1620879769 0.6779361367 0.7170286775 -0.8998857737 0.1965960562 -0.3893013895 -0.4048864841 -0.7083449960 0.5781992078
-212.2 -184.9 2667.4 0.9431126714 0.0381354317 0.3302789927 -0.0164493546 0.9975354671 -0.0682085529 -0.3320661783 0.0588954687 0.9414156079
-227.0 -572.2 2644.6 0.9370068312 -0.1093882844 0.3317414820 0.0757267997 0.9907287955 0.1127914339 -0.3410039246 -0.0805646181 0.9366032481
-38.9 -182.6 2712.9 0.9931259155 0.0744409934 0.0903293788 -0.0631660298 0.9905389547 -0.1218305752 -0.0985439569 0.1152873561 0.9884320498
-67.8 -567.1 2668.1 0.9907209277 -0.0947518051 0.0974380374 0.0971694887 0.9950594902 -0.0203632936 -0.0950271860 0.0296423454 0.9950332642
-232.3 391.6 2534.6 0 0 0 0 0 0 0 0 0
17.7 -275.4 2570.9 0 0 0 0 0 0 0 0 0
-198.9 -826.5 2665.2 0 0 0 0 0 0 0 0 0
-41.7 -841.1 2660.0 0 0 0 0 0 0 0 0 0
-144.6 451.7 2694.3 34 0.9640272856 -0.0858354941 -0.2515624762 0.0484084561 0.9872919321 -0.1513644755 0.2613580525 0.1337417364 0.9559315443
-123.0 203.9 2660.8 0.9640272856 -0.0858354941 -0.2515624762 0.0484084561 0.9872919321 -0.1513644755 0.2613580525 0.1337417364 0.9559315443
-124.9 10.4 2675.6 0.9654774666 0.0095001021 -0.2603132427 0.0107105291 0.9970418215 0.0761112794 0.2602662444 -0.0762718171 0.9625196457
-254.9 202.4 2625.2 0.5502657890 -0.7840042114 -0.2873063385 0.0173284523 0.3547319770 -0.9348074198 0.8348097205 0.5094140172 0.2087824494
-371.0 198.8 2449.1 -0.5580570102 -0.7840042114 -0.2718634605 -0.7621711493 0.3547319770 0.5415351391 -0.3281271756 0.5094140172 -0.7955060601
8.9 205.4 2696.3 0.2037972659 0.6786472201 0.7056235671 -0.9760109782 0.1972391456 0.0921916142 -0.0766110122 -0.7074847817 0.7025639415
60.1 -40.1 2677.1 -0.1738688201 0.6768850684 0.7152595520 -0.8986665606 0.1879542619 -0.3963226080 -0.4027009308 -0.7116879821 0.5756146312
-215.0 -183.8 2668.0 0.9444113374 0.0333340019 0.3270719051 -0.0091059888 0.9971171618 -0.0753293186 -0.3286400437 0.0681635514 0.9419922829
-227.9 -570.9 2641.6 0.9385263324 -0.1097370312 0.3273013234 0.0738015622 0.9899907112 0.1202987134 -0.3372264802 -0.0887481570 0.9372310638
-41.8 -182.8 2714.0 0.9938741922 0.0670630708 0.0878443345 -0.0562305450 0.9911243320 -0.1204603314 -0.0951430947 0.1147828773 0.9888238907
-67.8 -567.5 2669.4 0.9905371070 -0.1002578363 0.0937261358 0.1032226682 0.9942828417 -0.0273268409 -0.0904505551 0.0367429107 0.9952229261
-231.4 389.5 2531.2 0 0 0 0 0 0 0 0 0
14.5 -275.9 2571.4 0 0 0 0 0 0 0 0 0
-199.4 -828.5 2664.6 0 0 0 0 0 0 0 0 0
-40.1 -842.2 2659.3 0 0 0 0 0 0 0 0 0
-149.4 449.9 2694.1 35 0.9648185372 -0.1066745445 -0.2403033525 0.0690684989 0.9847260118 -0.1598256081 0.2536822855 0.1376053244 0.9574497938
-122.9 204.9 2659.9 0.9648185372 -0.1066745445 -0.2403033525 0.0690684989 0.9847260118 -0.1598256081 0.2536822855 0.1376053244 0.9574497938
-123.7 11.5 2675.8 0.9675284624 0.0040378817 -0.2527298629 0.0167545453 0.9966487885 0.0800651237 0.2522062361 -0.0816996619 0.9642184377
-255.1 202.6 2625.5 0.5461277366 -0.7762942314 -0.3148202002 -0.0079751406 0.3709789217 -0.9286070466 0.8376639485 0.5096487999 0.1964108348
-370.0 204.3 2449.2 -0.5636994839 -0.7762942314 -0.2821528018 -0.7704156637 0.3709789217 0.5184924006 -0.2978298962 0.5096487999 -0.8071898222
9.3 207.2 2694.4 0.2011443228 0.6745407581 0.7103067636 -0.9776352048 0.1836929768 0.1024027541 -0.0614035279 -0.7150186300 0.6964036226
59.9 -38.7 2678.9 -0.1689628959 0.6767077446 0.7166018486 -0.8974570036 0.1949368268 -0.3956900239 -0.4074585736 -0.7099762559 0.5743790269
-213.2 -184.1 2667.1 0.9415915012 0.0355442539 0.3348762691 -0.0097331777 0.9968711734 -0.0784419999 -0.3366166353 0.0706009120 0.9389913678
-227.0 -571.2 2639.6 0.9364249706 -0.1046037152 0.3349124789 0.0634580031 0.9892761111 0.1315516829 -0.3450817168 -0.1019354016 0.9330207705
-40.2 -182.2 2713.7 0.9929938316 0.0689963922 0.0959306657 -0.0568073317 0.9905986190 -0.1244481429 -0.1036152542 0.1181266755 0.9875778556
-67.0 -566.8 2667.8 0.9900422692 -0.0962157249 0.1027560011 0.0985476300 0.9949722290 -0.0178515576 -0.1005217656 0.0278001577 0.9945464134
-227.1 399.7 2524.7 0 0 0 0 0 0 0 0 0
15.6 -274.1 2572.0 0 0 0 0 0 0 0 0 0
-199.7 -829.6 2666.3 0 0 0 0 0 0 0 0 0
-40.4 -842.0 2660.1 0 0 0 0 0 0 0 0 0
-147.1 447.8 2685.1 36 0.9649352431 -0.0989160687 -0.2431369573 0.0695758983 0.9895302057 -0.1264480799 0.2530991137 0.1050977409 0.9617147446
-122.9 205.2 2659.3 0.9649352431 -0.0989160687 -0.2431369573 0.0695758983 0.9895302057 -0.1264480799 0.2530991137 0.1050977409 0.9617147446
-123.8 11.8 2675.6 0.9674435854 0.0047931643 -0.2530414760 0.0166509170 0.9964489937 0.0825357363 0.2525385320 -0.0840620399 0.9639283419
-255.1 202.9 2624.8 0.5418142676 -0.7857173681 -0.2984720170 0.0105974833 0.3614712059 -0.9323230386 0.8404313922 0.5019828677 0.2041768879
-367.8 200.7 2449.9 -0.5535175800 -0.7857173681 -0.2761640549 -0.7731289864 0.3614712059 0.5211622715 -0.3096608818 0.5019828677 -0.8075415492
9.3 207.5 2693.8 0.2019674778 0.6751555204 0.7094886899 -0.9777838588 0.1804995686 0.1065771282 -0.0561062656 -0.7152516842 0.6966111660
59.7 -36.7 2679.8 -0.1564945728 0.6797905564 0.7165153623 -0.8971128464 0.2056307048 -0.3910301030 -0.4131561220 -0.7039892673 0.5776687264
-211.1 -183.5 2669.0 0.9419683814 0.0363504253 0.3337277472 -0.0042111310 0.9953215122 -0.0965266079 -0.3356751800 0.0895196423 0.9377144575
-225.2 -569.9 2634.3 0.9378530979 -0.0984153226 0.3327851295 0.0528823994 0.9882752895 0.1432320774 -0.3429795504 -0.1167321727 0.9320614934
-37.8 -180.5 2714.2 0.9922491908 0.0793929771 0.0955946371 -0.0676465407 0.9904174805 -0.1204039082 -0.1042378321 0.1130040362 0.9881116152
-68.6 -565.0 2670.3 0.9895838499 -0.1003398821 0.1032265797 0.1027497724 0.9945391417 -0.0182857420 -0.1008280888 0.0287017822 0.9944897890
-228.4 395.4 2527.9 0 0 0 0 0 0 0 0 0
18.7 -272.1 2571.4 0 0 0 0 0 0 0 0 0
-199.9 -823.9 2664.3 0 0 0 0 0 0 0 0 0
-40.8 -840.6 2662.4 0 0 0 0 0 0 0 0 0
-147.8 448.3 2690.0 37 0.9639071226 -0.1004181728 -0.2465750128 0.0651045740 0.9869285226 -0.1474228501 0.2581558526 0.1260487735 0.9578450918
-123.2 205.8 2659.1 0.9639071226 -0.1004181728 -0.2465750128 0.0651045740 0.9869285226 -0.1474228501 0.2581558526 0.1260487735 0.9578450918
-123.6 12.5 2676.3 0.9661070108 0.0024128438 -0.2581306100 0.0205933787 0.9960489273 0.0863854066 0.2573191524 -0.0887733325 0.9622401595
-255.2 203.0 2623.9 0.5545766950 -0.7656795382 -0.3258519769 -0.0122740306 0.3840171695 -0.9232443571 0.8320420980 0.5160093307 0.2035690099
-368.3 205.5 2454.1 -0.5610404611 -0.7656795382 -0.3145925105 -0.7910808325 0.3840171695 0.4761532247 -0.2437718660 0.5160093307 -0.8211635947
8.8 208.7 2694.2 0.2030283660 0.7138569355 0.6702147126 -0.9776841402 0.1855206937 0.0985689685 -0.0539745577 -0.6752705574 0.7355925441
59.8 -36.9 2680.7 -0.1615549028 0.7138569355 0.6814016700 -0.8946320415 0.1855206937 -0.4064671993 -0.4165735543 -0.6752705574 0.6086674929
-211.4 -183.1 2669.3 0.9435914159 0.0365981981 0.3290833533 -0.0050126039 0.9953376651 -0.0963212401 -0.3310742378 0.0892383233 0.9393755198
-225.6 -569.5 2634.7 0.9391781092 -0.1006535143 0.3283495009 0.0558843054 0.9881348610 0.1430607736 -0.3388531506 -0.1160099655 0.9336596131
-38.1 -180.2 2714.6 0.9930450916 0.0757158101 0.0901584327 -0.0640645027 0.9899891615 -0.1257663220 -0.0987783670 0.1191156730 0.9879546165
-67.5 -564.5 2668.3 0.9904949665 -0.0962134972 0.0982987732 0.0977186859 0.9951575994 -0.0106031084 -0.0968026072 0.0201079529 0.9951004386
-226.4 405.6 2515.8 0 0 0 0 0 0 0 0 0
17.4 -271.6 2571.4 0 0 0 0 0 0 0 0 0
-199.9 -822.2 2664.3 0 0 0 0 0 0 0 0 0
-40.7 -841.6 2662.7 0 0 0 0 0 0 0 0 0
-146.2 443.0 2673.0 38 0.9629718065 -0.0962296277 -0.2518436313 0.0798633844 0.9940221310 -0.0744437873 0.2575018406 0.0515741855 0.9649004936
-123.0 203.6 2660.6 0.9629718065 -0.0962296277 -0.2518436313 0.0798633844 0.9940221310 -0.0744437873 0.2575018406 0.0515741855 0.9649004936
-123.6 10.1 2676.1 0.9658810496 0.0031069338 -0.2589674592 0.0176672153 0.9968082905 0.0778532028 0.2583827674 -0.0797721669 0.9627433419
-255.0 201.2 2625.3 0.5481016040 -0.7610352039 -0.3470014632 -0.0319524854 0.3955148160 -0.9179036021 0.8358011842 0.5141920447 0.1924653500
-369.0 207.8 2451.5 -0.5679006577 -0.7610352039 -0.3135510385 -0.7893152833 0.3955148160 0.4696268439 -0.2333884835 0.5141920447 -0.8253098726
8.9 206.0 2695.9 0.2046956271 0.7027351260 0.6813685298 -0.9768859148 0.1904695928 0.0970320776 -0.0615921319 -0.6854813695 0.7254803777
59.6 -36.0 2680.6 -0.1647075713 0.7027351260 0.6921233535 -0.8937660456 0.1904695928 -0.4060832560 -0.4171974361 -0.6854813695 0.5967090130
-210.7 -182.7 2670.5 0.9437482953 0.0395178497 0.3282948732 -0.0063918820 0.9948276877 -0.1013757065 -0.3306029737 0.0935747251 0.9391195178
-226.0 -568.9 2634.1 0.9395819902 -0.0986105800 0.3278134167 0.0516160540 0.9874736667 0.1491026133 -0.3384101987 -0.1231736988 0.9329023361
-37.6 -179.0 2716.6 0.9927278757 0.0793232545 0.0905496851 -0.0684802383 0.9907510877 -0.1171440333 -0.0990044400 0.1100912839 0.9889782667
-68.3 -563.6 2673.8 0.9901948571 -0.1007268876 0.0967895091 0.1045206860 0.9939085245 -0.0349473618 -0.0926797763 0.0447212048 0.9946911335
-223.6 409.8 2511.2 0 0 0 0 0 0 0 0 0
16.4 -270.5 2571.2 0 0 0 0 0 0 0 0 0
-200.3 -825.9 2666.2 0 0 0 0 0 0 0 0 0
-40.2 -841.1 2661.3 0 0 0 0 0 0 0 0 0
-150.8 442.7 2683.5 39 0.9621159434 -0.1176372245 -0.2459560931 0.0892001465 0.9882949591 -0.1237594560 0.2576358914 0.0971316248 0.9613475800
-122.4 203.7 2660.0 0.9621159434 -0.1176372245 -0.2459560931 0.0892001465 0.9882949591 -0.1237594560 0.2576358914 0.0971316248 0.9613475800
-123.4 10.4 2677.1 0.9661728740 0.0054527945 -0.2578377128 0.0174384415 0.9961069226 0.0864113942 0.2573050857 -0.0879846290 0.9623163939
-254.4 201.3 2624.8 0.5422518849 -0.7614548802 -0.3551751077 -0.0558837764 0.3890977502 -0.9194998145 0.8383554816 0.5184490681 0.1684360355
-366.0 212.9 2452.3 -0.5669690967 -0.7614548802 -0.3142172992 -0.7874776721 0.3890977502 0.4779977500 -0.2417124510 0.5184490681 -0.8202351332
9.6 206.1 2695.2 0.2003407776 0.7017593980 0.6836646199 -0.9778110981 0.1868307143 0.0947617069 -0.0612296350 -0.6874794960 0.7236179113
59.9 -39.2 2679.8 -0.1700244844 0.7013069391 0.6922862530 -0.8947954178 0.1844369918 -0.4066006839 -0.4128350616 -0.6885866523 0.5961674452
-210.8 -185.0 2668.4 0.9434088469 0.0400175005 0.3292085826 -0.0113677895 0.9960117340 -0.0884953365 -0.3314369619 0.0797449127 0.9401012063
-226.3 -571.7 2637.4 0.9382521510 -0.1061261296 0.3292720616 0.0585800521 0.9867779613 0.1511214077 -0.3409563601 -0.1225012168 0.9320634007
-37.7 -181.8 2714.7 0.9926900864 0.0790322274 0.0912157595 -0.0688948482 0.9916087985 -0.1093869954 -0.0990954489 0.1023030877 0.9898051023
-68.4 -566.8 2675.0 0.9894662499 -0.1081019267 0.0962832943 0.1126412973 0.9927042723 -0.0430138968 -0.0909309462 0.0534062721 0.9944241047
-218.8 417.3 2515.0 0 0 0 0 0 0 0 0 0
15.3 -274.0 2571.5 0 0 0 0 0 0 0 0 0
-199.1 -824.6 2668.8 0 0 0 0 0 0 0 0 0
-38.0 -845.6 2660.0 0 0 0 0 0 0 0 0 0
-153.4 439.6 2678.7 40 0.9606465101 -0.1300996244 -0.2454227656 0.1061987579 0.9884313941 -0.1082828864 0.2566711307 0.0779579878 0.9633496404
-122.4 204.0 2660.1 0.9606465101 -0.1300996244 -0.2454227656 0.1061987579 0.9884313941 -0.1082828864 0.2566711307 0.0779579878 0.9633496404
-123.8 10.6 2675.7 0.9663835168 0.0076729953 -0.2569902241 0.0131707918 0.9967647195 0.0792878717 0.2567671537 -0.0800072625 0.9631559849
-254.4 202.2 2625.1 0.5345467925 -0.7721853852 -0.3434959352 -0.0504729785 0.3765435815 -0.9250229001 0.8436303735 0.5118052959 0.1623056680
-365.8 212.8 2449.2 -0.5597730875 -0.7721853852 -0.3006390333 -0.7842600346 0.3765435815 0.4931036234 -0.2675637007 0.5118052959 -0.8163730502
9.7 205.8 2695.2 0.2002049834 0.7024756074 0.6829685569 -0.9778212905 0.1870258301 0.0942702442 -0.0615102164 -0.6866945624 0.7243390679
59.8 -38.9 2679.8 -0.1699132770 0.7010807395 0.6925426126 -0.8978524804 0.1795323193 -0.4020311534 -0.4061900973 -0.6901115179 0.5989621878
-211.0 -184.5 2671.1 0.9432309270 0.0391299650 0.3298246264 -0.0090513285 0.9956953526 -0.0922430530 -0.3320143223 0.0840211511 0.9395248294
-226.2 -571.1 2638.5 0.9382281303 -0.1043261364 0.3299151361 0.0603054725 0.9881737232 0.1409818828 -0.3407215774 -0.1123774797 0.9334238768
-37.9 -181.4 2717.2 0.9919965863 0.0854799971 0.0929297283 -0.0759037137 0.9918730259 -0.1021102071 -0.1009028777 0.0942392647 0.9904229045
-71.1 -566.5 2680.6 0.9875589013 -0.1246585324 0.0958523676 0.1313939542 0.9890308976 -0.0674800798 -0.0863889828 0.0792349726 0.9931055903
-218.9 418.7 2519.4 0 0 0 0 0 0 0 0 0
15.2 -274.4 2573.3 0 0 0 0 0 0 0 0 0
-199.3 -826.3 2667.5 0 0 0 0 0 0 0 0 0
-35.8 -846.2 2658.2 0 0 0 0 0 0 0 0 0
-155.1 438.2 2687.3 41 0.9596923590 -0.1411973834 -0.2430099994 0.1069982424 0.9830841422 -0.1486503333 0.2598883212 0.1166569516 0.9585662484
-121.6 204.9 2659.7 0.9596923590 -0.1411973834 -0.2430099994 0.1069982424 0.9830841422 -0.1486503333 0.2598883212 0.1166569516 0.9585662484
-124.7 11.5 2676.6 0.9660050273 0.0158363488 -0.2580377162 0.0073375362 0.9960404038 0.0885984376 0.2584190667 -0.0874798968 0.9620638490
-253.6 203.9 2624.4 0.5482718945 -0.7678956389 -0.3312616050 -0.0307677258 0.3773143589 -0.9255740047 0.8357339501 0.5176583529 0.1832444668
-368.7 210.3 2448.8 -0.5564913154 -0.7678956389 -0.3172597289 -0.7931758761 0.3773143589 0.4780229330 -0.2473650724 0.5176583529 -0.8190484047
10.4 205.9 2695.0 0.1974721700 0.7035034895 0.6827060580 -0.9784289598 0.1845458746 0.0928420201 -0.0606759004 -0.6863130331 0.7247708440
59.8 -38.8 2679.8 -0.1701928526 0.7017167211 0.6918295026 -0.9001884460 0.1748911440 -0.3988405764 -0.4008679390 -0.6906567812 0.6019120812
-211.9 -184.1 2668.2 0.9439606071 0.0407300778 0.3275354505 -0.0134418281 0.9962773919 -0.0851507783 -0.3297843933 0.0759763047 0.9409940839
-227.7 -570.9 2638.7 0.9384321570 -0.1071615368 0.3284226656 0.0647086799 0.9883719683 0.1375993788 -0.3393491209 -0.1078758836 0.9344543815
-38.8 -181.7 2714.2 0.9928187728 0.0784354880 0.0903255716 -0.0697285384 0.9929534197 -0.0958198458 -0.0972047597 0.0888334736 0.9912919998
-69.2 -567.2 2679.7 0.9893667102 -0.1118596792 0.0929565951 0.1178615317 0.9911059737 -0.0617866926 -0.0852183923 0.0720857009 0.9937512279
-221.1 420.8 2514.4 0 0 0 0 0 0 0 0 0
15.1 -274.9 2574.6 0 0 0 0 0 0 0 0 0
-200.2 -824.7 2666.4 0 0 0 0 0 0 0 0 0
-37.5 -847.9 2659.3 0 0 0 0 0 0 0 0 0
-151.6 439.5 2680.7 42 0.9596562982 -0.1250541359 -0.2518357038 0.0983767509 0.9883748293 -0.1159187704 0.2634042203 0.0864674002 0.9608026147
-122.0 205.5 2660.2 0.9596562982 -0.1250541359 -0.2518357038 0.0983767509 0.9883748293 -0.1159187704 0.2634042203 0.0864674002 0.9608026147
-125.3 12.2 2677.1 0.9646522403 0.0170623623 -0.2629731894 0.0065734978 0.9960332513 0.0887383968 0.2634441257 -0.0873303488 0.9607135653
-253.8 204.6 2624.2 0.5624984503 -0.7756897807 -0.2861831188 -0.0041912678 0.3434545100 -0.9391599894 0.8267877102 0.5294755101 0.1899415106
-373.8 205.5 2447.8 -0.5494905114 -0.7756897807 -0.3104279041 -0.7801955342 0.3434545100 0.5228134990 -0.2989232540 0.5294755101 -0.7939147353
9.8 206.4 2696.2 0.1986583173 0.7054314613 0.6803685427 -0.9775013924 0.1928307414 0.0854829550 -0.0708936155 -0.6820430756 0.7278676629
59.6 -38.6 2678.4 -0.1690303683 0.7016659975 0.6921658516 -0.9026867747 0.1717416793 -0.3945395052 -0.3957086802 -0.6914981008 0.6043550372
-214.3 -182.5 2670.5 0.9458520412 0.0352957435 0.3226733208 -0.0089770770 0.9965347052 -0.0826918259 -0.3244738579 0.0753175691 0.9428912997
-228.0 -569.4 2641.2 0.9404929280 -0.1064259037 0.3227174282 0.0661049411 0.9888479710 0.1334536374 -0.3333213925 -0.1041789874 0.9370397925
-41.2 -181.2 2716.8 0.9941762090 0.0683431625 0.0833238512 -0.0580926239 0.9910993576 -0.1197803169 -0.0907683820 0.1142422408 0.9892976284
-67.7 -565.8 2672.4 0.9908776879 -0.1014948860 0.0886580050 0.1051810831 0.9937292933 -0.0379339419 -0.0842519552 0.0469130389 0.9953395128
-228.3 412.1 2527.0 0 0 0 0 0 0 0 0 0
15.2 -275.4 2574.6 0 0 0 0 0 0 0 0 0
-200.0 -829.0 2668.6 0 0 0 0 0 0 0 0 0
-39.1 -845.7 2659.2 0 0 0 0 0 0 0 0 0
-151.7 440.8 2677.8 43 0.9615041018 -0.1278032511 -0.2432614863 0.1054706126 0.9890978932 -0.1027680486 0.2537434995 0.0731549636 0.9645012021
-121.3 205.9 2660.4 0.9615041018 -0.1278032511 -0.2432614863 0.1054706126 0.9890978932 -0.1027680486 0.2537434995 0.0731549636 0.9645012021
-125.6 12.7 2678.7 0.9669821858 0.0221165363 -0.2538825572 0.0026129240 0.9953143001 0.0966571197 0.2548306584 -0.0941290855 0.9623934031
-253.4 205.5 2625.6 0.5687955618 -0.7672188878 -0.2963896096 -0.0010987120 0.3596522510 -0.9330857992 0.8224782348 0.5310606956 0.2037256509
-374.1 205.8 2451.1 -0.5587626100 -0.7672188878 -0.3148961067 -0.7813048363 0.3596522510 0.5101107955 -0.2781135738 0.5310606956 -0.8003920317
10.8 206.2 2695.3 0.1974023432 0.6991326213 0.6872014999 -0.9777945280 0.1907277852 0.0868375823 -0.0703574419 -0.6890838146 0.7212581635
60.3 -38.7 2677.6 -0.1729498059 0.6953598261 0.6975407004 -0.9034141302 0.1701153815 -0.3935780227 -0.3923407495 -0.6982373595 0.5987765193
-215.1 -181.8 2670.5 0.9434073567 0.0286819283 0.3303935230 -0.0011293876 0.9965251088 -0.0832848996 -0.3316342235 0.0781984478 0.9401615858
-226.2 -568.7 2640.1 0.9389861822 -0.1013515145 0.3286834657 0.0590193532 0.9889042377 0.1363274455 -0.3388534784 -0.1086108983 0.9345490932
-42.2 -180.6 2717.7 0.9933913350 0.0693808571 0.0914325714 -0.0588074587 0.9917784929 -0.1136533767 -0.0985662267 0.1075253710 0.9893043041
-69.1 -565.6 2676.0 0.9898076057 -0.1056227833 0.0955235511 0.1109688878 0.9924368262 -0.0524887592 -0.0892570838 0.0625539124 0.9940423369
-226.2 412.7 2524.7 0 0 0 0 0 0 0 0 0
14.9 -275.7 2574.7 0 0 0 0 0 0 0 0 0
-199.5 -829.1 2668.7 0 0 0 0 0 0 0 0 0
-39.7 -842.3 2658.5 0 0 0 0 0 0 0 0 0
-153.2 441.0 2685.9 44 0.9633135796 -0.1265349686 -0.2366767675 0.0988795459 0.9871766567 -0.1253200769 0.2494991422 0.0973200426 0.9634723663
-122.9 204.3 2662.6 0.9633135796 -0.1265349686 -0.2366767675 0.0988795459 0.9871766567 -0.1253200769 0.2494991422 0.0973200426 0.9634723663
-124.3 10.9 2679.2 0.9683963656 0.0075865160 -0.2493009269 0.0141249932 0.9962649941 0.0851852894 0.2490160465 -0.0860145018 0.9646722078
-255.2 202.3 2628.5 0.5642331839 -0.7730155587 -0.2899790108 0.0007205397 0.3516885936 -0.9361167550 0.8256151676 0.5279791951 0.1989913583
-376.2 202.2 2451.4 -0.5533801913 -0.7730155587 -0.3101890385 -0.7807632089 0.3516885936 0.5164532661 -0.2901364863 0.5279791951 -0.7981595993
9.4 206.2 2696.6 0.2042328566 0.6945005059 0.6898970604 -0.9763953686 0.1951250881 0.0926189348 -0.0702923387 -0.6925281286 0.7179580331
60.9 -39.8 2678.9 -0.1845128834 0.6901180744 0.6997799873 -0.8969509602 0.1728337854 -0.4069489539 -0.4017884731 -0.7027556300 0.5871120095
-216.5 -180.7 2674.2 0.9410199523 0.0251057707 0.3374182880 0.0021277606 0.9967845082 -0.0801003128 -0.3383443058 0.0760939419 0.9379407763
-226.3 -567.7 2644.6 0.9359852076 -0.1058070958 0.3357626498 0.0698025897 0.9906071424 0.1175802723 -0.3450497091 -0.0866162926 0.9345791936
-43.2 -180.3 2719.8 0.9930884242 0.0631154999 0.0989537239 -0.0507691503 0.9911482334 -0.1226690486 -0.1058201268 0.1167974100 0.9875021577
-67.7 -565.0 2674.5 0.9898606539 -0.0970420390 0.1037245244 0.1018684506 0.9938989282 -0.0422811583 -0.0989886448 0.0524187088 0.9937069416
-230.9 407.2 2527.6 0 0 0 0 0 0 0 0 0
12.5 -275.1 2573.5 0 0 0 0 0 0 0 0 0
-198.6 -826.3 2667.2 0 0 0 0 0 0 0 0 0
-40.3 -845.8 2659.7 0 0 0 0 0 0 0 0 0
-152.2 440.5 2680.4 45 0.9649267793 -0.1179211885 -0.2345440239 0.0974186733 0.9904857278 -0.0971986726 0.2437742949 0.0709406361 0.9672339559
-124.0 203.4 2663.4 0.9649267793 -0.1179211885 -0.2345440239 0.0974186733 0.9904857278 -0.0971986726 0.2437742949 0.0709406361 0.9672339559
-124.3 10.0 2679.7 0.9695211649 0.0018886513 -0.2450003028 0.0187439900 0.9964678884 0.0818557218 0.2442895323 -0.0839531347 0.9660613537
-256.4 200.8 2630.1 0.5567469001 -0.7775546908 -0.2923039496 -0.0031785376 0.3498875499 -0.9367862940 0.8306760788 0.5224819779 0.1923273206
-376.6 201.5 2450.8 -0.5514385104 -0.7775546908 -0.3021990359 -0.7787286639 0.3498875499 0.5207306147 -0.2991608381 0.5224819779 -0.7984455824
8.5 205.9 2696.8 0.2074403018 0.6405092478 0.7394027710 -0.9754258990 0.1927985251 0.1066447198 -0.0742488354 -0.7433549762 0.6647634506
60.7 -39.7 2678.1 -0.1943901926 0.6405092478 0.7429403663 -0.8957442641 0.1927985251 -0.4005881846 -0.3998182416 -0.7433549762 0.5362543464
-212.6 -183.7 2673.6 0.9390843511 0.0286864471 0.3424874544 -0.0017808526 0.9969033003 -0.0786167309 -0.3436821103 0.0732178241 0.9362273812
-223.7 -570.8 2645.2 0.9352125525 -0.0935326293 0.3415101171 0.0563651100 0.9915075302 0.1171998829 -0.3495718539 -0.0903575495 0.9325422645
-39.1 -181.2 2718.2 0.9914604425 0.0776704550 0.1047542021 -0.0649415180 0.9906617999 -0.1198825985 -0.1130873188 0.1120559648 0.9872460365
-69.2 -565.8 2674.8 0.9882857203 -0.1052380577 0.1105273739 0.1104108244 0.9930084944 -0.0417557657 -0.1053603292 0.0534700453 0.9929955602
-233.6 403.4 2528.3 0 0 0 0 0 0 0 0 0
9.7 -274.7 2573.2 0 0 0 0 0 0 0 0 0
-199.5 -827.1 2668.6 0 0 0 0 0 0 0 0 0
-39.8 -843.1 2659.8 0 0 0 0 0 0 0 0 0
-148.8 449.7 2687.7 46 0.9682824016 -0.1044728607 -0.2269682735 0.0776383132 0.9892251492 -0.1241202950 0.2374899387 0.1025620624 0.9659604430
-122.8 204.0 2662.2 0.9682824016 -0.1044728607 -0.2269682735 0.0776383132 0.9892251492 -0.1241202950 0.2374899387 0.1025620624 0.9659604430
-123.4 10.7 2679.5 0.9713142514 0.0027103426 -0.2377841920 0.0184908863 0.9960466623 0.0868858770 0.2370796353 -0.0887903348 0.9674241543
-255.5 201.5 2629.8 0.5647177696 -0.7702992558 -0.2961975038 0.0059196493 0.3626752198 -0.9318968058 0.8252629042 0.5245052576 0.2093690336
-377.0 200.2 2452.3 -0.5580060482 -0.7702992558 -0.3086557090 -0.7814812660 0.3626752198 0.5076945424 -0.2791349292 0.5245052576 -0.8043493629
9.9 206.5 2694.6 0.2035834640 0.6718202829 0.7121877074 -0.9776896238 0.1779416949 0.1116231233 -0.0517372079 -0.7190231681 0.6930577159
61.2 -40.0 2681.6 -0.2003644556 0.6718202829 0.7131000161 -0.8908706307 0.1779416949 -0.4179548919 -0.4076807797 -0.7190231681 0.5628517270
-211.5 -185.1 2674.1 0.9368725419 0.0266020708 0.3486576676 0.0069920239 0.9954773188 -0.0947416201 -0.3496011496 0.0911986455 0.9324494004
-221.9 -571.6 2638.7 0.9348193407 -0.0847941190 0.3448518515 0.0354573168 0.9885092378 0.1469430625 -0.3533491492 -0.1251376867 0.9270840883
-37.8 -181.8 2717.9 0.9906226993 0.0796239749 0.1110257581 -0.0655405894 0.9899659157 -0.1251874417 -0.1198796406 0.1167368218 0.9859012961
-68.7 -566.1 2672.6 0.9870452881 -0.1089741886 0.1177551001 0.1138385460 0.9928689599 -0.0353845619 -0.1130593792 0.0483312346 0.9924120307
-234.0 400.5 2523.8 0 0 0 0 0 0 0 0 0
8.6 -273.7 2574.6 0 0 0 0 0 0 0 0 0
-199.6 -830.9 2671.6 0 0 0 0 0 0 0 0 0
-38.0 -846.2 2659.0 0 0 0 0 0 0 0 0 0
-151.7 446.2 2681.3 47 0.9667950869 -0.1204261184 -0.2253993154 0.0993171334 0.9897317886 -0.1027964354 0.2354642451 0.0769970715 0.9688282013
-122.3 205.2 2662.6 0.9667950869 -0.1204261184 -0.2253993154 0.0993171334 0.9897317886 -0.1027964354 0.2354642451 0.0769970715 0.9688282013
-123.3 12.0 2681.0 0.9715456963 0.0048489184 -0.2368025482 0.0177170504 0.9955015779 0.0930734426 0.2361886203 -0.0946205482 0.9670894146
-255.1 202.8 2630.3 0.5430265069 -0.7896130681 -0.2857156396 0.0133626089 0.3483355343 -0.9372746944 0.8396092653 0.5051470399 0.1997067034
-370.9 199.9 2451.2 -0.5375924110 -0.7896130681 -0.2958135009 -0.7896026969 0.3483355343 0.5051632524 -0.2958411872 0.5051470399 -0.8107431531
10.4 207.6 2694.9 0.2009268701 0.6673932076 0.7170876265 -0.9779756665 0.1788795739 0.1075441390 -0.0564981028 -0.7229027748 0.6886360049
61.3 -40.1 2680.5 -0.1968271881 0.6673932076 0.7182237506 -0.8938340545 0.1788795739 -0.4111724794 -0.4028892815 -0.7229027748 0.5613303781
-210.9 -184.3 2675.4 0.9365189075 0.0345648304 0.3489091098 0.0002985623 0.9950498939 -0.0993764251 -0.3506169021 0.0931720734 0.9318727255
-224.3 -570.6 2639.3 0.9331294894 -0.0949266925 0.3467827439 0.0460025594 0.9881113172 0.1466964334 -0.3565853536 -0.1209338680 0.9264026284
-36.9 -181.0 2717.9 0.9898517728 0.0879894719 0.1115853339 -0.0745637789 0.9900591969 -0.1192602739 -0.1209697351 0.1097297743 0.9865726829
-71.0 -565.4 2675.3 0.9866627455 -0.1120641753 0.1180604100 0.1177456155 0.9921433330 -0.0422790647 -0.1123948842 0.0556162745 0.9921059608
-235.2 399.2 2525.8 0 0 0 0 0 0 0 0 0
9.7 -274.6 2574.8 0 0 0 0 0 0 0 0 0
-199.8 -826.0 2670.5 0 0 0 0 0 0 0 0 0
-39.6 -843.9 2659.7 0 0 0 0 0 0 0 0 0
-151.9 441.7 2678.2 48 0.9672892690 -0.1357133687 -0.2143207639 0.1177094355 0.9885221124 -0.0947020128 0.2247131467 0.0663766637 0.9721615911
-119.3 204.4 2662.2 0.9672892690 -0.1357133687 -0.2143207639 0.1177094355 0.9885221124 -0.0947020128 0.2247131467 0.0663766637 0.9721615911
-121.3 11.3 2681.7 0.9739225507 0.0101817409 -0.2266522497 0.0129029304 0.9948900342 0.1001365185 0.2265136242 -0.1004496887 0.9688144326
-252.4 202.6 2631.3 0.5411018133 -0.7924716473 -0.2814205289 0.0219218004 0.3478214741 -0.9373044372 0.8406713009 0.5010079145 0.2055792361
-367.9 197.9 2451.7 -0.5297757387 -0.7924716473 -0.3022024930 -0.7995740771 0.3478214741 0.4895932376 -0.2828762531 0.5010079145 -0.8179071546
13.7 206.1 2693.2 0.1900441945 0.6736754775 0.7141740322 -0.9804203510 0.1684322655 0.1020122766 -0.0515667796 -0.7195776105 0.6924946904
61.3 -39.3 2680.3 -0.2022915632 0.6736754775 0.7108020186 -0.8944672346 0.1684322655 -0.4141967297 -0.3987561762 -0.7195776105 0.5685082078
-211.3 -182.9 2678.2 0.9330337048 0.0403047055 0.3575243354 -0.0067271269 0.9954861403 -0.0946680829 -0.3597260714 0.0859234035 0.9290933013
-226.9 -569.3 2644.8 0.9283434749 -0.1017551199 0.3575251997 0.0586955398 0.9898645878 0.1293172389 -0.3670602441 -0.0990656763 0.9249069095
-37.2 -179.7 2720.5 0.9891827106 0.0854032040 0.1192638054 -0.0699063316 0.9892336726 -0.1285686642 -0.1289599538 0.1188405976 0.9845030308
-70.3 -563.7 2674.3 0.9860153198 -0.1082836390 0.1266824603 0.1136744618 0.9928617477 -0.0361066423 -0.1218684092 0.0500022620 0.9912859797
-235.2 398.2 2522.6 0 0 0 0 0 0 0 0 0
8.2 -274.0 2575.6 0 0 0 0 0 0 0 0 0
-200.6 -825.3 2670.4 0 0 0 0 0 0 0 0 0
-39.8 -843.5 2660.3 0 0 0 0 0 0 0 0 0
-150.1 441.3 2677.6 49 0.9652816057 -0.1296820790 -0.2267464250 0.1133427843 0.9900233746 -0.0837084353 0.2353397459 0.0551021434 0.9703499079
-118.8 202.3 2664.3 0.9652816057 -0.1296820790 -0.2267464250 0.1133427843 0.9900233746 -0.0837084353 0.2353397459 0.0551021434 0.9703499079
-123.0 9.0 2681.7 0.9714328051 0.0220185705 -0.2362911850 -0.0001095469 0.9957279563 0.0923355967 0.2373148352 -0.0896719471 0.9672851562
-251.5 202.3 2631.8 0.5379731655 -0.7965238690 -0.2759249508 0.0241988972 0.3417857885 -0.9394662976 0.8426145315 0.4987305999 0.2031465918
-366.2 197.2 2452.2 -0.5242721438 -0.7965238690 -0.3011452854 -0.8013095260 0.3417857885 0.4910045862 -0.2881696820 0.4987305999 -0.8174509406
13.9 202.3 2696.7 0.1915061623 0.6501098275 0.7353112698 -0.9792801738 0.1768227369 0.0987119302 -0.0658461526 -0.7389796972 0.6705023050
61.8 -42.6 2680.2 -0.2167714089 0.6501098275 0.7282632589 -0.8889694810 0.1768227369 -0.4224534929 -0.4034146667 -0.7389796972 0.5395976901
-210.5 -183.0 2680.9 0.9369747639 0.0442317389 0.3465859294 -0.0102291880 0.9950020313 -0.0993294194 -0.3492472172 0.0895238668 0.9327442646
-227.7 -569.3 2646.2 0.9312018752 -0.1095526516 0.3476511538 0.0689612851 0.9894905090 0.1270941645 -0.3579210043 -0.0943758562 0.9289702773
-36.0 -180.7 2721.5 0.9905174375 0.0841622278 0.1085906997 -0.0707337335 0.9899959564 -0.1220847592 -0.1177792847 0.1132460535 0.9865613580
-68.7 -565.0 2677.6 0.9881927967 -0.1017336100 0.1145653874 0.1077845693 0.9930193424 -0.0479070842 -0.1088918820 0.0596898161 0.9922598600
-235.4 397.1 2524.0 0 0 0 0 0 0 0 0 0
4.9 -275.7 2574.4 0 0 0 0 0 0 0 0 0
-199.1 -827.6 2670.8 0 0 0 0 0 0 0 0 0
-40.0 -845.0 2660.7 0 0 0 0 0 0 0 0 0
-151.0 444.1 2686.3 50 0.9633051753 -0.1378763467 -0.2302895486 0.1129508689 0.9865474105 -0.1181790084 0.2434856594 0.0878310427 0.9659194946
-117.1 201.3 2664.6 0.9633051753 -0.1378763467 -0.2302895486 0.1129508689 0.9865474105 -0.1181790084 0.2434856594 0.0878310427 0.9659194946
-123.3 8.0 2682.1 0.9698269963 0.0318965577 -0.2416985184 -0.0090166200 0.9954188466 0.0951841772 0.2436273098 -0.0901328847 0.9656716585
-249.6 202.5 2631.4 0.5496256948 -0.7937745452 -0.2604488134 0.0205550287 0.3245162666 -0.9456567764 0.8351581097 0.5144037008 0.1946785450
-365.2 198.2 2455.7 -0.5188842416 -0.7937745452 -0.3173028827 -0.8025546074 0.3245162666 0.5005949140 -0.2943895459 0.5144037008 -0.8054338098
15.4 200.0 2697.9 0.1929733157 0.6321250796 0.7504526377 -0.9791235924 0.1738348752 0.1053488702 -0.0638611764 -0.7551153898 0.6524741054
63.6 -44.6 2682.0 -0.2446610332 0.6321250796 0.7352270484 -0.8798816204 0.1738348752 -0.4422553778 -0.4073688388 -0.7551153898 0.5136646032
-214.3 -184.2 2677.8 0.9394322634 0.0379422158 0.3406279981 -0.0116592059 0.9968160391 -0.0788789392 -0.3425362706 0.0701299682 0.9368835092
-229.1 -571.1 2650.6 0.9331644177 -0.1115142480 0.3417143524 0.0785331205 0.9909433126 0.1089213341 -0.3507658541 -0.0748056248 0.9334706664
-40.3 -184.2 2720.3 0.9919520617 0.0737750605 0.1028998569 -0.0634534061 0.9929409623 -0.1002095118 -0.1095664427 0.0928736851 0.9896310568
-68.9 -569.6 2684.3 0.9894541502 -0.1000490710 0.1047410369 0.1081700027 0.9913030863 -0.0749496147 -0.0963314697 0.0854890421 0.9916712642
-236.1 397.8 2528.9 0 0 0 0 0 0 0 0 0
-0.5 -275.4 2575.1 0 0 0 0 0 0 0 0 0
-200.7 -822.9 2669.6 0 0 0 0 0 0 0 0 0
-41.2 -844.8 2660.5 0 0 0 0 0 0 0 0 0
-150.9 443.9 2702.1 51 0.9651783109 -0.1421678513 -0.2195884734 0.1027717516 0.9780115485 -0.1814700514 0.2405592650 0.1525834799 0.9585663676
-115.7 201.7 2664.3 0.9651783109 -0.1421678513 -0.2195884734 0.1027717516 0.9780115485 -0.1814700514 0.2405592650 0.1525834799 0.9585663676
-122.9 8.6 2682.7 0.9713751078 0.0375166461 -0.2345695049 -0.0140457265 0.9947932959 0.1009408236 0.2371351272 -0.0947567075 0.9668443799
-248.4 203.6 2631.9 0.5610059500 -0.7850022912 -0.2627617419 0.0139407162 0.3263312578 -0.9451526403 0.8276943564 0.5265731812 0.1940172762
-369.4 200.6 2453.4 -0.5315485597 -0.7850022912 -0.3181627691 -0.7913648486 0.3263312578 0.5169619322 -0.3019898236 0.5265731812 -0.7946841121
17.0 199.8 2696.7 0.1827841848 0.6321513653 0.7529771328 -0.9812005758 0.1655377746 0.0992102027 -0.0619302951 -0.7569556832 0.6505249739
63.2 -48.0 2681.1 -0.2581838965 0.6321513653 0.7305653691 -0.8760849237 0.1655377746 -0.4528492093 -0.4072054029 -0.7569556832 0.5110791326
-216.3 -184.4 2677.8 0.9372984767 0.0312122833 0.3471272588 -0.0113694351 0.9981900454 -0.0590539537 -0.3483421803 0.0514045432 0.9359568954
-228.4 -571.8 2657.8 0.9314929247 -0.1063970253 0.3478514552 0.0787391588 0.9925715923 0.0927456170 -0.3551353514 -0.0590023510 0.9329510331
-42.6 -186.0 2721.4 0.9919143915 0.0660165474 0.1083868369 -0.0547086522 0.9930527210 -0.1041788384 -0.1145113707 0.0974067822 0.9886349440
-68.2 -571.5 2683.6 0.9885810614 -0.1025948301 0.1103708670 0.1110623255 0.9910910726 -0.0735093281 -0.1018459052 0.0849279761 0.9911683202
-236.2 398.9 2529.0 0 0 0 0 0 0 0 0 0
-4.5 -277.8 2574.3 0 0 0 0 0 0 0 0 0
-201.2 -825.5 2672.9 0 0 0 0 0 0 0 0 0
-39.7 -846.2 2660.1 0 0 0 0 0 0 0 0 0
-144.7 455.5 2709.0 52 0.9660148621 -0.1171518266 -0.2304142863 0.0734922886 0.9790894985 -0.1896908283 0.2478188425 0.1663104892 0.9544247985
-114.4 202.4 2666.1 0.9660148621 -0.1171518266 -0.2304142863 0.0734922886 0.9790894985 -0.1896908283 0.2478188425 0.1663104892 0.9544247985
-122.6 9.1 2682.2 0.9695926309 0.0421702787 -0.2410639822 -0.0207327846 0.9956548214 0.0907837227 0.2438448817 -0.0830252990 0.9662538171
-246.8 205.2 2632.7 0.5652272701 -0.7827402949 -0.2604528964 0.0160653237 0.3261099756 -0.9451953173 0.8247787952 0.5300659537 0.1969012171
-371.5 201.7 2450.9 -0.5463238955 -0.7827402949 -0.2980734706 -0.7679819465 0.3261099756 0.5512313843 -0.3342663050 0.5300659537 -0.7792921066
18.1 199.6 2699.4 0.1838120073 0.6032413244 0.7760882974 -0.9803259373 0.1702800989 0.0998284370 -0.0719317496 -0.7791691422 0.6226726770
64.5 -48.2 2681.2 -0.2685533166 0.6032413244 0.7509853244 -0.8765271306 0.1702800989 -0.4502275288 -0.3994737267 -0.7791691422 0.4830281436
-217.2 -183.2 2679.9 0.9402685761 0.0163304154 0.3400416374 0.0105893770 0.9969624877 -0.0771601647 -0.3402688205 0.0761521012 0.9372395277
-223.6 -570.1 2650.3 0.9378851056 -0.0834154114 0.3367690444 0.0461015217 0.9920226932 0.1173268557 -0.3438694179 -0.0945135430 0.9342489243
-43.2 -185.7 2722.4 0.9928999543 0.0624378249 0.1012482196 -0.0511158295 0.9925273061 -0.1108003929 -0.1074097604 0.1048383191 0.9886718988
-67.4 -571.0 2681.7 0.9895619750 -0.0997738317 0.1039819047 0.1069197282 0.9921033978 -0.0655665994 -0.0966189727 0.0759999305 0.9924156070
-233.9 395.0 2535.0 0 0 0 0 0 0 0 0 0
-5.9 -278.1 2576.4 0 0 0 0 0 0 0 0 0
-202.2 -824.5 2674.6 0 0 0 0 0 0 0 0 0
-39.9 -844.4 2660.7 0 0 0 0 0 0 0 0 0
-149.4 454.1 2710.5 53 0.9623462558 -0.1367114931 -0.2349460721 0.0910149366 0.9764902592 -0.1954047084 0.2561366260 0.1666633934 0.9521645308
-114.3 203.2 2667.7 0.9623462558 -0.1367114931 -0.2349460721 0.0910149366 0.9764902592 -0.1954047084 0.2561366260 0.1666633934 0.9521645308
-122.6 9.8 2682.8 0.9677224755 0.0428338200 -0.2483516186 -0.0219476409 0.9960302711 0.0862670317 0.2510608733 -0.0780318156 0.9648209810
-246.5 206.2 2633.4 0.5647749305 -0.7849805951 -0.2546266615 0.0251023099 0.3247451186 -0.9454683661 0.8248630762 0.5275851488 0.2031127363
-370.3 200.7 2452.6 -0.5461161733 -0.7849805951 -0.2925108671 -0.7648134232 0.3247451186 0.5564180613 -0.3417859077 0.5275851488 -0.7777122259
17.9 200.1 2702.0 0.1805334091 0.6002522707 0.7791693807 -0.9802411795 0.1749125123 0.0923735723 -0.0808390230 -0.7804504037 0.6199695468
63.8 -49.0 2681.4 -0.2675720155 0.6002522707 0.7537257075 -0.8756528497 0.1749125123 -0.4501529336 -0.4020413756 -0.7804504037 0.4788109362
