196.6 506.6 2383.7 1 0.9122688174 -0.2072004527 0.3533179462 0.2233336568 0.9747291207 -0.0050267321 -0.3433477283 0.0834935233 0.9354897738
241.1 297.5 2365.8 0.9122688174 -0.2072004527 0.3533179462 0.2233336568 0.9747291207 -0.0050267321 -0.3433477283 0.0834935233 0.9354897738
236.5 99.2 2374.1 0.9365174174 0.0227555707 0.3498818874 -0.0361277312 0.9988430142 0.0317392983 -0.3487548530 -0.0423648432 0.9362559915
109.5 302.6 2414.8 0.5207031369 -0.7979750037 0.3034865558 0.7324906588 0.2349696755 -0.6389418244 0.4385494888 0.5550000668 0.7068586946
4.6 155.2 2326.5 -0.2842850983 -0.7979750037 -0.5314300060 -0.9587355852 0.2349696755 0.1600479633 -0.0028443506 0.5550000668 -0.8318454027
372.6 292.5 2316.8 0.0955582038 0.3796797693 0.9201694727 -0.9892641902 0.1389005929 0.0454205051 -0.1105668321 -0.9146310091 0.3888766766
398.7 23.2 2286.7 -0.1203231364 0.3918913901 0.9121093750 -0.9491189718 0.2239342928 -0.2214196026 -0.2910250127 -0.8923422098 0.3450070620
156.0 -95.8 2413.2 0.7510280013 0.0685273856 0.6567046046 -0.0371676646 0.9974102378 -0.0615740456 -0.6592234373 0.0218356550 0.7516300082
128.8 -492.3 2404.5 0.7499015331 -0.0972612724 0.6543607116 -0.0252103582 0.9842135310 0.1751803607 -0.6610689163 -0.1478646994 0.7356112599
326.5 -97.2 2346.3 0.9003436565 0.0572919697 0.4313918948 0.0003952291 0.9911880493 -0.1324618161 -0.4351794720 0.1194316596 0.8923872113
303.7 -491.2 2298.8 0.9037672281 -0.0152328843 0.4277531207 -0.0701582581 0.9805780053 0.1831518263 -0.4222352207 -0.1955370456 0.8851455450
79.7 408.4 2327.3 0 0 0 0 0 0 0 0 0
366.8 -228.1 2209.7 0 0 0 0 0 0 0 0 0
156.9 -777.0 2447.3 0 0 0 0 0 0 0 0 0
308.1 -774.7 2355.4 0 0 0 0 0 0 0 0 0
196.6 506.0 2383.2 2 0.9137192965 -0.1931284070 0.3575170934 0.2125480771 0.9770287275 -0.0154322088 -0.3463240862 0.0900902748 0.9337790608
238.4 294.5 2363.7 0.9137192965 -0.1931284070 0.3575170934 0.2125480771 0.9770287275 -0.0154322088 -0.3463240862 0.0900902748 0.9337790608
235.1 96.1 2373.6 0.9356798530 0.0162060075 0.3524777293 -0.0326815993 0.9986310005 0.0408414267 -0.3513333201 -0.0497340336 0.9349285960
106.8 299.1 2413.1 0.5210273266 -0.8072347045 0.2773132622 0.7191835642 0.2402192652 -0.6519736648 0.4596798122 0.5391352177 0.7057107687
5.9 159.8 2324.1 -0.2771656811 -0.8072347045 -0.5211058259 -0.9607331753 0.2402192652 0.1388757080 0.0130743645 0.5391352177 -0.8421177268
369.9 289.9 2314.3 0.1019215807 0.3759348094 0.9210239053 -0.9892861843 0.1355811656 0.0541353263 -0.1045221314 -0.9166737199 0.3857257664
397.7 20.3 2285.9 -0.1349110901 0.3909797966 0.9104580283 -0.9438813925 0.2288579792 -0.2381426841 -0.3014745712 -0.8914924860 0.3381630778
146.1 -95.9 2414.4 0.7507423759 0.0457243770 0.6590107679 -0.0099536739 0.9982713461 -0.0579242297 -0.6605200768 0.0369265974 0.7498997450
127.9 -492.6 2399.7 0.7531830668 -0.0994667709 0.6502473354 -0.0321526006 0.9817537069 0.1874189377 -0.6570247412 -0.1620679051 0.7362421751
317.7 -102.5 2350.5 0.9000546336 0.0337070972 0.4344714582 0.0272832550 0.9906893969 -0.1333797276 -0.4349220991 0.1319028437 0.8907549381
304.3 -496.2 2298.1 0.9062694311 -0.0123259081 0.4225207269 -0.0751072466 0.9789734483 0.1896572858 -0.4159742892 -0.2036149800 0.8862879276
80.2 417.5 2320.6 0 0 0 0 0 0 0 0 0
362.3 -227.6 2206.7 0 0 0 0 0 0 0 0 0
156.7 -777.0 2446.6 0 0 0 0 0 0 0 0 0
307.8 -778.7 2356.8 0 0 0 0 0 0 0 0 0
193.7 505.2 2383.5 3 0.9103429317 -0.2471352518 0.3319637179 0.2700349987 0.9625530839 -0.0239293259 -0.3136189282 0.1114257202 0.9429885745
248.5 291.8 2358.8 0.9103429317 -0.2471352518 0.3319637179 0.2700349987 0.9625530839 -0.0239293259 -0.3136189282 0.1114257202 0.9429885745
245.7 93.6 2372.7 0.9467253685 0.0136574684 0.3217522502 -0.0353907570 0.9974612594 0.0617945418 -0.3200914264 -0.0698895156 0.9448052049
115.4 296.8 2403.8 0.5841360688 -0.7341732383 0.3460848927 0.6952224970 0.2325295508 -0.6801438928 0.4188684821 0.6379025578 0.6462426186
2.9 162.9 2323.1 -0.2862110734 -0.7341732383 -0.6156889796 -0.9579621553 0.2325295508 0.1680432707 0.0197930075 0.6379025578 -0.7698627114
381.6 286.9 2313.8 0.0623183884 0.4039557576 0.9126533866 -0.9914773703 0.1298779845 0.0102145141 -0.1144073755 -0.9055117369 0.4086067677
398.4 20.6 2283.1 -0.1431647986 0.4164502919 0.8978157043 -0.9473955035 0.2047213018 -0.2460303754 -0.2862614095 -0.8858094215 0.3652342260
146.1 -99.4 2415.6 0.7725125551 0.0397088006 0.6337566972 -0.0030241068 0.9982616305 -0.0588610880 -0.6349923015 0.0435543805 0.7712897062
130.3 -496.2 2398.3 0.7764558792 -0.0925348625 0.6233406663 -0.0392179750 0.9801471233 0.1943540871 -0.6289501190 -0.1753535271 0.7574119568
317.6 -105.3 2351.2 0.9136621952 0.0340032727 0.4050495625 0.0252577569 0.9898197651 -0.1400672346 -0.4056888223 0.1382047832 0.9035021067
304.1 -498.8 2296.3 0.9196625948 -0.0149575854 0.3924244642 -0.0717403218 0.9760599732 0.2053297013 -0.3861010373 -0.2169867009 0.8965727687
80.9 424.0 2317.7 0 0 0 0 0 0 0 0 0
360.9 -227.4 2208.2 0 0 0 0 0 0 0 0 0
156.7 -776.2 2448.4 0 0 0 0 0 0 0 0 0
308.4 -778.9 2358.5 0 0 0 0 0 0 0 0 0
190.9 502.3 2383.6 4 0.9113996625 -0.2650444210 0.3148048818 0.2891685665 0.9567546248 -0.0316566117 -0.2928006351 0.1198835000 0.9486283660
249.5 290.8 2357.2 0.9113996625 -0.2650444210 0.3148048818 0.2891685665 0.9567546248 -0.0316566117 -0.2928006351 0.1198835000 0.9486283660
243.5 92.9 2373.3 0.9526042938 0.0299022496 0.3027389944 -0.0530595146 0.9962351918 0.0685575679 -0.2995491922 -0.0813714191 0.9506044984
115.5 298.3 2399.3 0.5896842480 -0.7182960510 0.3692198098 0.6992729306 0.2253520936 -0.6784053445 0.4040914476 0.6582303643 0.6351715326
1.0 162.4 2320.8 -0.2895377576 -0.7182960510 -0.6326283813 -0.9570949078 0.2253520936 0.1821694970 0.0117124896 0.6582303643 -0.7527254820
383.5 283.4 2315.0 0.0604283065 0.4226759374 0.9042640328 -0.9886562824 0.1501393318 -0.0041110292 -0.1375032365 -0.8937579393 0.4269538820
399.8 16.9 2278.0 -0.1564775258 0.4294475615 0.8894321322 -0.9474557638 0.1891164035 -0.2579973042 -0.2790025175 -0.8830683827 0.3772900999
156.1 -101.3 2415.9 0.7849676609 0.0687296167 0.6157126427 -0.0312447082 0.9969545007 -0.0714525059 -0.6187484264 0.0368501469 0.7847244740
128.8 -497.5 2401.3 0.7844593525 -0.0987659469 0.6122653484 -0.0260880291 0.9811087251 0.1916899830 -0.6196313500 -0.1663457900 0.7670633197
329.7 -107.8 2357.2 0.9216662049 0.0676171854 0.3820461631 -0.0031007454 0.9859486818 -0.1670196652 -0.3879713118 0.1527517587 0.9089252949
302.8 -499.5 2296.5 0.9246683121 -0.0199773423 0.3802491724 -0.0635706559 0.9765079618 0.2058907896 -0.3754295111 -0.2145533860 0.9016759396
81.2 427.6 2317.5 0 0 0 0 0 0 0 0 0
359.8 -225.1 2206.7 0 0 0 0 0 0 0 0 0
156.8 -775.5 2448.4 0 0 0 0 0 0 0 0 0
308.5 -777.7 2357.7 0 0 0 0 0 0 0 0 0
189.0 500.3 2383.7 5 0.9116727114 -0.2732369304 0.3069110811 0.2980004847 0.9538875222 -0.0359765850 -0.2829285264 0.1242585257 0.9510579705
249.1 290.6 2356.4 0.9116727114 -0.2732369304 0.3069110811 0.2980004847 0.9538875222 -0.0359765850 -0.2829285264 0.1242585257 0.9510579705
239.8 92.9 2374.2 0.9545885921 0.0462643728 0.2943131626 -0.0704749599 0.9948979616 0.0721893013 -0.2894717753 -0.0896527916 0.9529787302
114.8 300.5 2397.1 0.5863166451 -0.7131835818 0.3841900229 0.7118218541 0.2271759212 -0.6646056771 0.3867071271 0.6631442308 0.6408566833
-1.5 159.3 2320.4 -0.2933864594 -0.7131835818 -0.6366267204 -0.9559192657 0.2271759212 0.1860361993 0.0119483117 0.6631442308 -0.7483962178
383.3 280.7 2315.7 0.0551616028 0.4332901537 0.8995648026 -0.9892068505 0.1462001055 -0.0097612003 -0.1357458979 -0.8893172145 0.4366782606
398.0 18.5 2279.7 -0.1473449320 0.4408208132 0.8854188323 -0.9482359290 0.1916519850 -0.2532157004 -0.2813150287 -0.8768959641 0.3897631764
150.2 -100.3 2416.9 0.7925202847 0.0547865182 0.6073796153 -0.0197177082 0.9977377653 -0.0642693564 -0.6095266938 0.0389586352 0.7918077111
128.4 -496.8 2401.4 0.7923220396 -0.1017410979 0.6015601158 -0.0177899040 0.9817254543 0.1894692779 -0.6098436713 -0.1608223766 0.7760327458
324.8 -110.0 2362.0 0.9275481701 0.0538339242 0.3698057532 0.0117133670 0.9848953485 -0.1727541834 -0.3735199869 0.1645694971 0.9129073024
303.4 -501.4 2296.6 0.9316413403 -0.0194057543 0.3628606498 -0.0617798083 0.9755765796 0.2107928246 -0.3580889404 -0.2188007683 0.9076885581
81.5 429.6 2317.0 0 0 0 0 0 0 0 0 0
360.0 -225.9 2207.2 0 0 0 0 0 0 0 0 0
157.1 -774.0 2446.8 0 0 0 0 0 0 0 0 0
309.0 -779.1 2358.8 0 0 0 0 0 0 0 0 0
188.2 501.4 2384.2 6 0.9103639722 -0.2777967751 0.3067024350 0.3033611178 0.9521150589 -0.0380647294 -0.2814417481 0.1276943535 0.9510440230
249.8 290.4 2355.9 0.9103639722 -0.2777967751 0.3067024350 0.3033611178 0.9521150589 -0.0380647294 -0.2814417481 0.1276943535 0.9510440230
238.0 92.8 2373.9 0.9537313581 0.0595160276 0.2947105169 -0.0833156109 0.9941413403 0.0688586459 -0.2888857126 -0.0902266353 0.9531024098
115.7 302.1 2396.6 0.5879243612 -0.6961874366 0.4119078219 0.7209723592 0.2200815678 -0.6570867300 0.3668022156 0.6832914352 0.6313231587
-3.0 156.6 2322.6 -0.2943338752 -0.6961874366 -0.6547447443 -0.9556698203 0.2200815678 0.1955998689 0.0079230778 0.6832914352 -0.7301027775
384.0 278.6 2315.3 0.0511022583 0.4357566237 0.8986126781 -0.9903014302 0.1385109872 -0.0108505487 -0.1291959286 -0.8893429637 0.4386086464
397.4 19.9 2281.5 -0.1410422325 0.4454537034 0.8841255903 -0.9474832416 0.1981789917 -0.2509990931 -0.2870236039 -0.8730956912 0.3941083252
143.1 -98.4 2418.5 0.7941885591 0.0357747003 0.6066173911 0.0012649103 0.9981660843 -0.0605219528 -0.6076700687 0.0488331616 0.7926868200
128.8 -495.1 2399.1 0.7973076701 -0.0996840447 0.5952844620 -0.0262969807 0.9795936942 0.1992604285 -0.6029999852 -0.1745260507 0.7784161568
318.1 -111.3 2365.4 0.9292132854 0.0371974595 0.3676670194 0.0253516845 0.9861605763 -0.1638433337 -0.3686732650 0.1615663767 0.9154104590
303.3 -503.2 2301.2 0.9339900017 -0.0176745430 0.3568616807 -0.0569644123 0.9786345959 0.1975586563 -0.3527289331 -0.2048462331 0.9130281210
81.7 431.4 2320.3 0 0 0 0 0 0 0 0 0
360.9 -225.3 2207.2 0 0 0 0 0 0 0 0 0
157.2 -774.1 2448.8 0 0 0 0 0 0 0 0 0
308.3 -774.6 2358.0 0 0 0 0 0 0 0 0 0
186.8 504.7 2383.5 7 0.9072244763 -0.2852777243 0.3091283739 0.3092028201 0.9505144358 -0.0302650463 -0.2851970494 0.1230405569 0.9505386353
250.8 291.3 2355.9 0.9072244763 -0.2852777243 0.3091283739 0.3092028201 0.9505144358 -0.0302650463 -0.2851970494 0.1230405569 0.9505386353
237.9 93.7 2373.4 0.9522301555 0.0651024058 0.2983612418 -0.0882689878 0.9939849973 0.0648260489 -0.2923462689 -0.0880653635 0.9522489905
116.8 303.7 2397.0 0.5859518647 -0.6907470226 0.4237086177 0.7242501378 0.2118660808 -0.6561817527 0.3634861112 0.6913619637 0.6244169474
-3.7 154.8 2322.3 -0.2888666093 -0.6907470226 -0.6628911495 -0.9573574662 0.2118660808 0.1964164823 0.0047700563 0.6913619637 -0.7224928141
384.8 278.8 2314.7 0.0396494120 0.4337375760 0.9001664519 -0.9908577800 0.1333287507 -0.0205992609 -0.1289527416 -0.8911201954 0.4350586534
395.3 16.4 2280.6 -0.1505095363 0.4434318542 0.8835808039 -0.9476771355 0.1897987723 -0.2566797137 -0.2815225124 -0.8759821057 0.3916637003
138.7 -97.2 2418.3 0.7925037146 0.0297618099 0.6091404557 0.0091064256 0.9981197119 -0.0606144704 -0.6097990870 0.0535842851 0.7907425761
126.8 -494.0 2397.0 0.7967341542 -0.1046839803 0.5951940417 -0.0257209856 0.9781161547 0.2064635605 -0.6037823558 -0.1798055470 0.7766059637
313.6 -112.5 2365.3 0.9284092784 0.0289429147 0.3704301119 0.0295557454 0.9880497456 -0.1512751430 -0.3703817129 0.1513935924 0.9164591432
302.1 -505.2 2305.1 0.9331105351 -0.0217838977 0.3589293063 -0.0487730540 0.9812719822 0.1863502860 -0.3562667072 -0.1913914829 0.9145727754
79.9 431.6 2320.9 0 0 0 0 0 0 0 0 0
356.3 -229.4 2207.6 0 0 0 0 0 0 0 0 0
156.9 -774.8 2448.6 0 0 0 0 0 0 0 0 0
308.2 -777.5 2358.2 0 0 0 0 0 0 0 0 0
185.7 504.0 2384.1 8 0.9055848122 -0.2754046321 0.3225964606 0.2987492383 0.9540253282 -0.0241781175 -0.3011064231 0.1182707772 0.9462277293
246.2 294.5 2358.2 0.9055848122 -0.2754046321 0.3225964606 0.2987492383 0.9540253282 -0.0241781175 -0.3011064231 0.1182707772 0.9462277293
234.1 96.7 2374.1 0.9475711584 0.0610416606 0.3136603832 -0.0829815045 0.9949157834 0.0570667125 -0.3085822165 -0.0801027790 0.9478188157
112.9 306.2 2401.6 0.5609140396 -0.6982605457 0.4447556734 0.7391578555 0.1804443151 -0.6489110589 0.3728553653 0.6927279830 0.6173385382
-4.3 151.7 2323.7 -0.2842884362 -0.6908205748 -0.6647909880 -0.9587361813 0.2064637989 0.1954421252 0.0022398350 0.6929211020 -0.7210099697
379.6 282.8 2314.7 0.0596500188 0.4188708067 0.9060844779 -0.9899510741 0.1414100975 -0.0002008191 -0.1282136142 -0.8969673514 0.4230967462
395.5 18.2 2280.5 -0.1825683862 0.4236414731 0.8872410655 -0.9473882914 0.1655110568 -0.2739734650 -0.2629147172 -0.8905807137 0.3711358905
137.6 -95.8 2417.7 0.7819321752 0.0318503976 0.6225492954 -0.0001066222 0.9987006187 -0.0509608500 -0.6233634949 0.0397815518 0.7809195518
124.9 -492.8 2401.9 0.7838253975 -0.1090667769 0.6113282442 -0.0161821265 0.9805333614 0.1956846714 -0.6207703948 -0.1632752120 0.7668020129
312.3 -112.0 2364.1 0.9219969511 0.0273681134 0.3862286508 0.0293090362 0.9897040129 -0.1400962174 -0.3860861957 0.1404882818 0.9117019773
301.4 -505.4 2308.2 0.9267455935 -0.0244841482 0.3748907745 -0.0476025566 0.9821786284 0.1818216741 -0.3726614416 -0.1863481998 0.9090642333
77.8 428.4 2323.0 0 0 0 0 0 0 0 0 0
348.1 -227.7 2212.2 0 0 0 0 0 0 0 0 0
156.2 -774.1 2448.7 0 0 0 0 0 0 0 0 0
308.2 -776.6 2359.7 0 0 0 0 0 0 0 0 0
184.2 503.6 2376.0 9 0.9042013288 -0.2669846416 0.3333754539 0.2732687891 0.9615050554 0.0288476944 -0.3282440603 0.0650169775 0.9423527122
241.3 298.3 2362.1 0.9042013288 -0.2669846416 0.3333754539 0.2732687891 0.9615050554 0.0288476944 -0.3282440603 0.0650169775 0.9423527122
232.3 100.2 2375.6 0.9425520897 0.0448087007 0.3310404122 -0.0647417083 0.9966771603 0.0494278744 -0.3277256191 -0.0680204704 0.9423211217
108.7 307.4 2408.2 0.5322472453 -0.7754555345 0.3396786153 0.7397284508 0.2308569103 -0.6320655942 0.4117216170 0.5876851082 0.6964994669
-3.5 151.5 2321.4 -0.2797980011 -0.7754555345 -0.5660227537 -0.9600262046 0.2308569103 0.1582871675 0.0079255961 0.5876851082 -0.8090509176
373.9 289.2 2316.0 0.0716763958 0.4005094767 0.9134848714 -0.9895973206 0.1430900842 0.0149119431 -0.1247382537 -0.9050510526 0.4065992832
393.3 20.8 2282.2 -0.1877236962 0.4038786292 0.8953445554 -0.9491848946 0.1598335356 -0.2711111307 -0.2526020706 -0.9007415175 0.3533509672
135.0 -93.5 2418.3 0.7692204118 0.0301096421 0.6382737160 0.0015182418 0.9988002181 -0.0489466786 -0.6389816999 0.0386198387 0.7682518363
123.0 -490.6 2402.9 0.7710465789 -0.1146849096 0.6263661981 -0.0133395195 0.9805231094 0.1959502250 -0.6366390586 -0.1594421715 0.7544991374
308.9 -108.7 2361.7 0.9137313366 0.0172506925 0.4059524834 0.0420398898 0.9897224903 -0.1366824061 -0.4041381478 0.1419572085 0.9036152363
302.0 -502.1 2305.3 0.9203135371 -0.0213406533 0.3905989528 -0.0549518913 0.9815565944 0.1831034720 -0.3873025477 -0.1899767667 0.9021671414
77.2 428.5 2319.1 0 0 0 0 0 0 0 0 0
344.5 -225.7 2216.6 0 0 0 0 0 0 0 0 0
156.2 -774.6 2449.1 0 0 0 0 0 0 0 0 0
308.0 -778.9 2358.8 0 0 0 0 0 0 0 0 0
184.8 504.5 2379.9 0 0.9031494856 -0.2591508627 0.3422891498 0.2699442506 0.9627323151 0.0166318100 -0.3338429928 0.0773779824 0.9394474626
240.0 299.6 2363.4 0.9031494856 -0.2591508627 0.3422891498 0.2699442506 0.9627323151 0.0166318100 -0.3338429928 0.0773779824 0.9394474626
230.2 101.4 2374.9 0.9391294718 0.0492991619 0.3400079906 -0.0660764426 0.9970931411 0.0379358158 -0.3371494412 -0.0580931604 0.9396570921
107.8 308.9 2410.8 0.5264834762 -0.7790730596 0.3403825760 0.7385888100 0.2208320200 -0.6369614005 0.4210720658 0.5867524147 0.6916790605
-3.3 153.0 2322.0 -0.2744843662 -0.7790730596 -0.5636519194 -0.9615882039 0.2208320200 0.1630379707 -0.0025460974 0.5867524147 -0.8097624183
372.1 290.4 2316.0 0.0872382522 0.3931116164 0.9153429866 -0.9886586070 0.1469187886 0.0311286300 -0.1222440451 -0.9076773524 0.4014701247
395.1 30.0 2283.8 -0.1853445768 0.3955687582 0.8995403051 -0.9507178068 0.1593627632 -0.2659684122 -0.2485620230 -0.9045047760 0.3465372324
136.9 -92.0 2419.1 0.7628114820 0.0349562950 0.6456753612 -0.0085082101 0.9989938736 -0.0440329053 -0.6465649605 0.0280952640 0.7623413801
123.0 -489.2 2407.9 0.7625228763 -0.1146435961 0.6367226243 -0.0060128076 0.9828760028 0.1841702014 -0.6469333172 -0.1442624927 0.7487760782
309.8 -103.9 2359.0 0.9102177024 0.0159563944 0.4138226211 0.0449606031 0.9895435572 -0.1370478123 -0.4116822779 0.1433490664 0.8999826312
303.5 -497.3 2302.0 0.9176224470 -0.0161045268 0.3971268237 -0.0637966692 0.9802548885 0.1871638894 -0.3922996819 -0.1970811486 0.8984764814
76.3 431.8 2322.7 0 0 0 0 0 0 0 0 0
346.9 -217.0 2219.2 0 0 0 0 0 0 0 0 0
156.7 -777.4 2450.2 0 0 0 0 0 0 0 0 0
308.1 -775.6 2358.0 0 0 0 0 0 0 0 0 0
184.4 502.4 2373.8 1 0.9022049308 -0.2396302521 0.3586134017 0.2402499765 0.9697329998 0.0435640551 -0.3581984937 0.0468531512 0.9324690700
234.8 298.3 2364.0 0.9022049308 -0.2396302521 0.3586134017 0.2402499765 0.9697329998 0.0435640551 -0.3581984937 0.0468531512 0.9324690700
227.0 100.1 2376.0 0.9326192737 0.0394144021 0.3587028682 -0.0585683212 0.9973704219 0.0426848829 -0.3560772240 -0.0608173721 0.9324753284
103.6 306.6 2414.1 0.5135598779 -0.7915073633 0.3313191831 0.7373995185 0.2096795142 -0.6420875192 0.4387461543 0.5740650296 0.6913401484
-3.5 152.7 2322.5 -0.2610438168 -0.7915073633 -0.5526049733 -0.9652990103 0.2096795142 0.1556672007 -0.0073417863 0.5740650296 -0.8187767863
366.0 290.1 2313.9 0.1147024930 0.3730948567 0.9206755757 -0.9866920710 0.1503090113 0.0620158948 -0.1152480245 -0.9155367017 0.3853705525
395.9 32.9 2283.8 -0.1557905078 0.3801935017 0.9116919637 -0.9510493875 0.1916487068 -0.2424372137 -0.2668976188 -0.9048334956 0.3317257464
134.2 -90.7 2417.4 0.7495945096 0.0265240110 0.6613656878 -0.0014736537 0.9992611408 -0.0384050347 -0.6618956923 0.0278135780 0.7490797639
123.6 -488.0 2406.3 0.7512701154 -0.1079938784 0.6510994434 -0.0159865320 0.9832549691 0.1815325171 -0.6598011851 -0.1467887759 0.7369636297
306.5 -102.8 2355.5 0.9011789560 0.0134594617 0.4332382083 0.0477192476 0.9903612733 -0.1300285012 -0.4308124483 0.1378527433 0.8918504715
301.1 -496.6 2300.7 0.9093529582 -0.0279313643 0.4150867462 -0.0571802408 0.9798832536 0.1912046075 -0.4120771587 -0.1976072490 0.8894626498
71.7 430.7 2324.6 0 0 0 0 0 0 0 0 0
355.5 -214.2 2214.5 0 0 0 0 0 0 0 0 0
155.6 -778.6 2449.7 0 0 0 0 0 0 0 0 0
309.1 -777.6 2357.4 0 0 0 0 0 0 0 0 0
184.2 504.0 2378.8 2 0.9051547050 -0.2301982790 0.3573566079 0.2429637164 0.9699895382 0.0094308248 -0.3488031328 0.0782883316 0.9339203835
234.1 293.7 2361.8 0.9051547050 -0.2301982790 0.3573566079 0.2429637164 0.9699895382 0.0094308248 -0.3488031328 0.0782883316 0.9339203835
228.6 95.5 2375.8 0.9353923202 0.0276441872 0.3525294065 -0.0506908037 0.9971256852 0.0563103668 -0.3499594629 -0.0705422834 0.9341049790
102.5 300.9 2411.1 0.5229163170 -0.7716308832 0.3621385694 0.7373923063 0.1964041591 -0.6462801695 0.4275641739 0.6049886346 0.6716975570
-4.0 150.7 2324.0 -0.2530120909 -0.7716308832 -0.5835843682 -0.9674245715 0.1964041591 0.1597345918 -0.0086377505 0.6049886346 -0.7961872816
365.7 286.6 2312.6 0.1152231693 0.3759486377 0.9194489121 -0.9864290953 0.1522973776 0.0613448918 -0.1169671342 -0.9140394330 0.3883948326
395.9 28.3 2282.0 -0.1486930847 0.3864528537 0.9102442265 -0.9454245567 0.2143242359 -0.2454333752 -0.2899358273 -0.8970614672 0.3334935009
133.6 -92.8 2420.8 0.7536826134 0.0223386381 0.6568588018 0.0092913043 0.9989601970 -0.0446337983 -0.6571728587 0.0397427939 0.7526913881
124.7 -490.0 2405.0 0.7575390935 -0.1046296954 0.6443501711 -0.0230652858 0.9821649790 0.1866011322 -0.6523821950 -0.1562197804 0.7416150570
304.7 -103.6 2355.4 0.9030992985 0.0104249669 0.4293052554 0.0520972349 0.9896615744 -0.1336255819 -0.4262599647 0.1430427879 0.8932195902
300.5 -497.1 2298.6 0.9123619199 -0.0273111071 0.4084725082 -0.0612242706 0.9774485230 0.2021039277 -0.4047805071 -0.2094003558 0.8901147246
68.9 429.5 2326.5 0 0 0 0 0 0 0 0 0
357.3 -216.8 2206.8 0 0 0 0 0 0 0 0 0
155.4 -778.0 2450.8 0 0 0 0 0 0 0 0 0
308.4 -778.3 2358.8 0 0 0 0 0 0 0 0 0
183.9 505.4 2380.8 3 0.9079444408 -0.2194497585 0.3570416272 0.2405386269 0.9705210924 -0.0151665229 -0.3431881368 0.0996526554 0.9339653254
232.6 290.0 2358.7 0.9079444408 -0.2194497585 0.3570416272 0.2405386269 0.9705210924 -0.0151665229 -0.3431881368 0.0996526554 0.9339653254
227.1 92.1 2376.3 0.9369470477 0.0275367219 0.3483847678 -0.0566019751 0.9956858158 0.0735253990 -0.3448571265 -0.0886086747 0.9344635010
100.7 297.9 2407.2 0.5212862492 -0.7692562342 0.3694664836 0.7490855455 0.2050654292 -0.6299357414 0.4088172019 0.6051388383 0.6831365228
-4.2 147.1 2324.9 -0.2484118938 -0.7692562342 -0.5886734128 -0.9685745835 0.2050654292 0.1407530606 0.0124413874 0.6051388383 -0.7960227728
364.5 282.0 2310.1 0.1200054884 0.3788294792 0.9176529050 -0.9870290160 0.1448175311 0.0692938939 -0.1066416577 -0.9140657187 0.3912945986
395.7 24.8 2282.3 -0.1453409493 0.3912194371 0.9087482095 -0.9445788264 0.2184022367 -0.2450944930 -0.2943583727 -0.8940066099 0.3377948105
137.3 -98.0 2422.0 0.7566668987 0.0354713015 0.6528376341 0.0011207524 0.9984553456 -0.0555491038 -0.6537995934 0.0427638404 0.7554583549
123.2 -495.0 2405.0 0.7588490248 -0.1096389294 0.6419715285 -0.0172390752 0.9820008278 0.1880883574 -0.6510384083 -0.1537976563 0.7433002591
308.9 -107.3 2357.8 0.9048358798 0.0267161261 0.4249214232 0.0386336409 0.9887599945 -0.1444336176 -0.4240040481 0.1471049935 0.8936334252
298.3 -500.4 2299.3 0.9120473862 -0.0356536731 0.4085319936 -0.0520881191 0.9780725241 0.2016456723 -0.4067633152 -0.2051900774 0.8901913762
67.1 425.1 2321.3 0 0 0 0 0 0 0 0 0
358.1 -219.6 2206.2 0 0 0 0 0 0 0 0 0
154.9 -779.0 2449.5 0 0 0 0 0 0 0 0 0
308.3 -774.9 2356.9 0 0 0 0 0 0 0 0 0
184.7 504.9 2382.3 4 0.9130421281 -0.2030808032 0.3537120819 0.2267964631 0.9735826850 -0.0264587272 -0.3389947116 0.1043785810 0.9349800348
229.8 288.8 2359.1 0.9130421281 -0.2030808032 0.3537120819 0.2267964631 0.9735826850 -0.0264587272 -0.3389947116 0.1043785810 0.9349800348
226.2 90.7 2376.0 0.9386663437 0.0184908397 0.3443306983 -0.0466414317 0.9961928129 0.0736510009 -0.3416578770 -0.0851937905 0.9359550476
97.7 295.3 2407.2 0.5145790577 -0.7803128362 0.3554155827 0.7533384562 0.2134735882 -0.6220210791 0.4094991982 0.5878272653 0.6976886988
-4.7 145.4 2325.7 -0.2443199903 -0.7803128362 -0.5756905079 -0.9692993760 0.2134735882 0.1220152602 0.0276846439 0.5878272653 -0.8085126281
361.9 282.2 2311.0 0.1330745220 0.3803425729 0.9152216911 -0.9848572016 0.1542780399 0.0790856555 -0.1111189649 -0.9118869305 0.3951135874
396.2 28.6 2282.4 -0.1388732046 0.3883841634 0.9109730721 -0.9505497217 0.2057621181 -0.2326310575 -0.2777939737 -0.8982314467 0.3406035900
135.7 -100.6 2425.5 0.7587343454 0.0311778840 0.6506536007 0.0025841743 0.9987019897 -0.0508690290 -0.6513950229 0.0402774811 0.7576689720
123.3 -497.7 2409.5 0.7597224712 -0.1141793728 0.6401444077 -0.0056932271 0.9832569957 0.1821353734 -0.6502225399 -0.1420168281 0.7463523746
307.6 -111.0 2362.3 0.9058648348 0.0206307992 0.4230641127 0.0443465151 0.9887042046 -0.1431691051 -0.4212389588 0.1484532803 0.8947174549
299.4 -504.1 2303.2 0.9131042957 -0.0364171863 0.4060964882 -0.0461773388 0.9803580046 0.1917441040 -0.4051027298 -0.1938348264 0.8934874535
65.3 423.0 2317.7 0 0 0 0 0 0 0 0 0
360.2 -217.9 2210.4 0 0 0 0 0 0 0 0 0
155.8 -777.5 2449.9 0 0 0 0 0 0 0 0 0
309.4 -773.6 2356.5 0 0 0 0 0 0 0 0 0
182.4 504.5 2383.5 5 0.9092593789 -0.2090668380 0.3599145412 0.2327662557 0.9722540379 -0.0232800301 -0.3450612724 0.1049435437 0.9326947927
229.0 287.9 2360.1 0.9092593789 -0.2090668380 0.3599145412 0.2327662557 0.9722540379 -0.0232800301 -0.3450612724 0.1049435437 0.9326947927
225.9 89.7 2375.6 0.9362401962 0.0155604966 0.3510159254 -0.0417896584 0.9968591332 0.0672719777 -0.3488666415 -0.0776515678 0.9339498281
97.2 293.7 2409.2 0.5183007717 -0.7823874354 0.3453031182 0.7450443506 0.2148713171 -0.6314580441 0.4198490679 0.5845513344 0.6942812800
-5.9 145.6 2325.7 -0.2488204241 -0.7823874354 -0.5709276199 -0.9682790637 0.2148713171 0.1275380403 0.0228918083 0.5845513344 -0.8110337257
360.7 282.0 2311.1 0.1339431405 0.3754679263 0.9171057940 -0.9856768250 0.1461708248 0.0841148272 -0.1024716944 -0.9152365327 0.3896686137
394.8 31.6 2285.0 -0.1389200538 0.3841993511 0.9127388000 -0.9520462751 0.2018925399 -0.2298853695 -0.2725969553 -0.9009052515 0.3377286494
136.4 -103.0 2424.3 0.7538027167 0.0293935575 0.6564429998 0.0051316302 0.9987052083 -0.0506117605 -0.6570807099 0.0415199064 0.7526758909
124.7 -500.1 2407.8 0.7553731203 -0.1121323258 0.6456297636 -0.0080491370 0.9835886359 0.1802459955 -0.6552454829 -0.1413497478 0.7420738339
308.6 -111.5 2361.6 0.9025526047 0.0217161831 0.4300316274 0.0452732630 0.9884051085 -0.1449332684 -0.4281928539 0.1502788365 0.8911044598
300.0 -504.5 2301.9 0.9104951620 -0.0333763249 0.4121705294 -0.0532156602 0.9789922237 0.1968305856 -0.4100812376 -0.2011472285 0.8895915747
65.6 423.6 2319.2 0 0 0 0 0 0 0 0 0
358.7 -215.6 2214.2 0 0 0 0 0 0 0 0 0
156.1 -775.8 2447.4 0 0 0 0 0 0 0 0 0
309.3 -777.8 2358.0 0 0 0 0 0 0 0 0 0
182.6 506.2 2383.2 6 0.9072545171 -0.2027832568 0.3684673607 0.2247330248 0.9742692113 -0.0171645321 -0.3555057347 0.0983793810 0.9294822216
228.0 287.8 2361.1 0.9072545171 -0.2027832568 0.3684673607 0.2247330248 0.9742692113 -0.0171645321 -0.3555057347 0.0983793810 0.9294822216
225.2 89.6 2376.4 0.9326668978 0.0142018897 0.3604591191 -0.0408989675 0.9969449043 0.0665446147 -0.3584128022 -0.0768063664 0.9303983450
96.8 293.5 2411.5 0.5186996460 -0.7811337113 0.3475352526 0.7453448772 0.2140210867 -0.6313921213 0.4188218117 0.5865365267 0.6932266951
-6.0 145.8 2328.6 -0.2497590035 -0.7811337113 -0.5722329617 -0.9680883884 0.2140210867 0.1303834468 0.0206230152 0.5865365267 -0.8096601963
359.3 282.0 2310.7 0.1366388649 0.3670696020 0.9201031327 -0.9860106707 0.1399002969 0.0906140059 -0.0954610482 -0.9196128845 0.3810503483
393.8 32.7 2286.5 -0.1471044421 0.3779780269 0.9140530229 -0.9494569302 0.2051076591 -0.2376180738 -0.2772936821 -0.9028086662 0.3287016153
136.9 -104.6 2423.0 0.7469999790 0.0323817246 0.6640350223 0.0037215268 0.9985938072 -0.0528830066 -0.6648136973 0.0419748276 0.7458289862
124.0 -501.7 2406.3 0.7490192652 -0.1149139553 0.6525067091 -0.0126500810 0.9821840525 0.1874951124 -0.6624274850 -0.1486917138 0.7342211008
308.7 -112.3 2359.0 0.8981041312 0.0221841838 0.4392230213 0.0453211032 0.9887408614 -0.1426097304 -0.4374414384 0.1479844600 0.8869867921
299.9 -505.4 2300.2 0.9068913460 -0.0302518271 0.4202771187 -0.0621836297 0.9768894911 0.2044995725 -0.4167507887 -0.2115932554 0.8840515018
66.0 424.7 2322.6 0 0 0 0 0 0 0 0 0
355.6 -214.0 2214.5 0 0 0 0 0 0 0 0 0
156.0 -775.5 2447.8 0 0 0 0 0 0 0 0 0
308.4 -781.7 2360.0 0 0 0 0 0 0 0 0 0
183.8 506.0 2384.0 7 0.9068524241 -0.1994482875 0.3712668121 0.2237407565 0.9743757844 -0.0230622999 -0.3571536541 0.1039816216 0.9282397628
228.6 287.3 2360.6 0.9068524241 -0.1994482875 0.3712668121 0.2237407565 0.9743757844 -0.0230622999 -0.3571536541 0.1039816216 0.9282397628
224.0 89.1 2375.0 0.9311345220 0.0232899077 0.3639314771 -0.0480119810 0.9971008897 0.0590309575 -0.3615015745 -0.0724388361 0.9295532107
97.5 294.1 2411.5 0.5229057074 -0.7751078010 0.3546512723 0.7427669764 0.2102273256 -0.6356899738 0.4181708395 0.5958291888 0.6856535077
-6.5 146.3 2328.3 -0.2518584132 -0.7751078010 -0.5794611573 -0.9676659107 0.2102273256 0.1393811852 0.0137831336 0.5958291888 -0.8029929399
359.6 280.5 2309.8 0.1437938958 0.3666520119 0.9191787839 -0.9859961867 0.1323618293 0.1014487147 -0.0844678059 -0.9208945036 0.3805502951
395.5 34.3 2288.7 -0.1523455828 0.3779768944 0.9131945372 -0.9502666593 0.1979274601 -0.2404536158 -0.2716321945 -0.9044104218 0.3290254474
136.8 -104.9 2424.5 0.7449935079 0.0361033119 0.6660940051 0.0008288767 0.9984834790 -0.0550463907 -0.6670711637 0.0415613130 0.7438337803
122.5 -501.9 2408.0 0.7457470894 -0.1191770434 0.6554831266 -0.0052670096 0.9827849865 0.1846779287 -0.6662083268 -0.1411754638 0.7322813272
308.0 -112.4 2358.7 0.8972824812 0.0240372624 0.4408019185 0.0440441445 0.9886599779 -0.1435672492 -0.4392541647 0.1482351273 0.8860486150
298.4 -505.5 2299.8 0.9056478143 -0.0360083915 0.4224989712 -0.0557286553 0.9776375890 0.2027784586 -0.4203526080 -0.2071911693 0.8833886385
66.2 425.4 2324.3 0 0 0 0 0 0 0 0 0
355.9 -212.6 2218.1 0 0 0 0 0 0 0 0 0
155.4 -773.3 2447.0 0 0 0 0 0 0 0 0 0
308.4 -778.4 2357.7 0 0 0 0 0 0 0 0 0
184.5 504.2 2383.9 8 0.9144209027 -0.1903372556 0.3572200239 0.2128199935 0.9767886996 -0.0243205149 -0.3442994058 0.0982627571 0.9337035418
226.7 287.5 2362.1 0.9144209027 -0.1903372556 0.3572200239 0.2128199935 0.9767886996 -0.0243205149 -0.3442994058 0.0982627571 0.9337035418
222.5 89.2 2375.2 0.9363364577 0.0212298278 0.3504615426 -0.0430496000 0.9975805879 0.0545864403 -0.3484547734 -0.0661985055 0.9349850416
94.9 293.6 2411.1 0.5126008987 -0.7848124504 0.3482954800 0.7438862920 0.2033412904 -0.6366204023 0.4288047552 0.5854244232 0.6880441308
-6.2 146.7 2326.5 -0.2522465587 -0.7848124504 -0.5660752058 -0.9676608443 0.2033412904 0.1492810845 -0.0020511905 0.5854244232 -0.8107243776
358.5 281.5 2313.0 0.1306844801 0.3791632354 0.9160550237 -0.9866700172 0.1401161104 0.0827631280 -0.0969733372 -0.9146599174 0.3924199939
392.0 27.9 2288.1 -0.1541815996 0.3874102235 0.9089232087 -0.9519146681 0.1882426292 -0.2417089045 -0.2647385895 -0.9024843574 0.3397579193
133.9 -104.7 2422.6 0.7541453242 0.0338068791 0.6558368206 -0.0012042511 0.9987435937 -0.0500981696 -0.6567064524 0.0369915068 0.7532384992
120.4 -501.8 2407.9 0.7536848783 -0.1263169199 0.6449830532 0.0024144668 0.9818824530 0.1894757152 -0.6572315097 -0.1412476897 0.7403349280
304.8 -113.5 2356.3 0.9032171369 0.0160297081 0.4288844466 0.0440454371 0.9905639291 -0.1297809780 -0.4269177914 0.1361108124 0.8939882517
298.4 -507.4 2302.2 0.9112219810 -0.0334315635 0.4105566740 -0.0547696576 0.9780178070 0.2011999488 -0.4082581699 -0.2058238685 0.8893603086
66.6 426.1 2327.1 0 0 0 0 0 0 0 0 0
352.0 -219.6 2219.3 0 0 0 0 0 0 0 0 0
155.6 -775.1 2447.2 0 0 0 0 0 0 0 0 0
307.6 -777.6 2359.0 0 0 0 0 0 0 0 0 0
183.7 505.5 2383.3 9 0.9204040170 -0.1797242314 0.3472112119 0.2009952962 0.9792490602 -0.0259268787 -0.3353465497 0.0936510190 0.9374284744
223.5 288.6 2362.6 0.9204040170 -0.1797242314 0.3472112119 0.2009952962 0.9792490602 -0.0259268787 -0.3353465497 0.0936510190 0.9374284744
221.2 90.4 2377.3 0.9405478239 0.0117913578 0.3394564986 -0.0360841490 0.9972103834 0.0653409436 -0.3377390802 -0.0737052783 0.9383495450
91.2 293.7 2410.1 0.4988216460 -0.7993397117 0.3350119591 0.7567608953 0.2132728547 -0.6179220080 0.4224806428 0.5617568493 0.7112941742
-6.3 145.7 2327.5 -0.2529327571 -0.7993397117 -0.5450514555 -0.9674556255 0.2132728547 0.1361775249 0.0073925653 0.5617568493 -0.8272693753
355.9 283.5 2315.1 0.1347928196 0.3875394464 0.9119452238 -0.9864467382 0.1393850595 0.0865717828 -0.0935615599 -0.9112546444 0.4010751247
391.0 26.7 2290.7 -0.1642488092 0.3957690597 0.9035425782 -0.9495655894 0.1845986843 -0.2534728050 -0.2671094537 -0.8996055722 0.3454885781
132.4 -105.2 2420.4 0.7613625526 0.0238118563 0.6478888988 0.0006883746 0.9992950559 -0.0375360213 -0.6483259797 0.0290245134 0.7608094215
122.9 -502.5 2408.8 0.7614814043 -0.1177988648 0.6373927593 -0.0003001709 0.9832831621 0.1820827276 -0.6481867433 -0.1388439387 0.7487164736
304.2 -113.1 2356.4 0.9073578715 0.0171500184 0.4200090170 0.0445760824 0.9896080494 -0.1367072016 -0.4179888368 0.1427647173 0.8971641660
297.3 -506.5 2299.7 0.9153528810 -0.0393856429 0.4007216692 -0.0493139289 0.9767469168 0.2086471915 -0.3996213377 -0.2107469738 0.8921258450
66.9 425.8 2325.4 0 0 0 0 0 0 0 0 0
348.3 -220.1 2221.3 0 0 0 0 0 0 0 0 0
155.5 -774.6 2447.3 0 0 0 0 0 0 0 0 0
308.2 -774.9 2357.6 0 0 0 0 0 0 0 0 0
182.2 505.4 2376.6 0 0.9215461612 -0.1890076548 0.3391589820 0.1981603801 0.9801387191 0.0077833203 -0.3338939548 0.0600351803 0.9406968951
224.2 287.9 2363.2 0.9215461612 -0.1890076548 0.3391589820 0.1981603801 0.9801387191 0.0077833203 -0.3338939548 0.0600351803 0.9406968951
222.8 89.5 2376.3 0.9424070120 0.0067674383 0.3343997598 -0.0282561965 0.9978320003 0.0594380535 -0.3332725465 -0.0654637069 0.9405550957
91.5 291.8 2410.1 0.5023550987 -0.7964761853 0.3365487754 0.7559170723 0.2155732214 -0.6181566119 0.4197961092 0.5649370551 0.7103642225
-6.4 144.5 2328.3 -0.2508798540 -0.7964761853 -0.5501681566 -0.9678919911 0.2155732214 0.1292798966 0.0156331640 0.5649370551 -0.8249858618
356.8 283.9 2316.3 0.1299658567 0.3926376104 0.9104639292 -0.9869312048 0.1394545734 0.0807415396 -0.0952661932 -0.9090589285 0.4056306481
390.5 27.9 2291.6 -0.1761630625 0.3984802663 0.9000999928 -0.9502026439 0.1699550450 -0.2612091303 -0.2570632100 -0.9012928009 0.3486972153
132.5 -104.6 2422.9 0.7642224431 0.0308482032 0.6442145705 -0.0044996515 0.9990862012 -0.0425033532 -0.6449370384 0.0295832753 0.7636629343
120.3 -501.8 2411.1 0.7626338601 -0.1262461394 0.6343907118 0.0083754566 0.9826132655 0.1854751855 -0.6467761993 -0.1361363381 0.7504314780
305.1 -111.2 2360.9 0.9091226459 0.0208628457 0.4160057306 0.0491355099 0.9863998294 -0.1568471491 -0.4136202931 0.1630339473 0.8957333565
296.8 -503.3 2296.1 0.9178199768 -0.0403315909 0.3949428499 -0.0491433255 0.9756323695 0.2138373554 -0.3939434290 -0.2156729996 0.8934728503
66.1 424.3 2323.8 0 0 0 0 0 0 0 0 0
344.7 -219.1 2224.8 0 0 0 0 0 0 0 0 0
155.3 -774.6 2448.9 0 0 0 0 0 0 0 0 0
308.0 -774.6 2356.1 0 0 0 0 0 0 0 0 0
182.5 508.5 2381.2 1 0.9236379862 -0.1850305051 0.3356435001 0.2004285604 0.9796408415 -0.0115002776 -0.3266821802 0.0778946355 0.9419189095
224.2 287.6 2363.6 0.9236379862 -0.1850305051 0.3356435001 0.2004285604 0.9796408415 -0.0115002776 -0.3266821802 0.0778946355 0.9419189095
221.8 89.2 2376.3 0.9440104365 0.0118964426 0.3297010958 -0.0322642662 0.9978882670 0.0563737415 -0.3283342123 -0.0638549626 0.9424007535
91.3 292.1 2409.8 0.5027891397 -0.7881227732 0.3550571203 0.7631781697 0.2118510455 -0.6104738116 0.4059090912 0.5779114366 0.7079944611
-6.9 143.1 2330.5 -0.2354817092 -0.7881227732 -0.5686922669 -0.9712517858 0.2118510455 0.1085778847 0.0349053442 0.5779114366 -0.8153526783
357.0 283.1 2317.4 0.1261746585 0.3965856731 0.9092853069 -0.9859988093 0.1508746594 0.0710154772 -0.1090243906 -0.9055145383 0.4100695848
389.7 27.6 2289.2 -0.2028666139 0.3960404098 0.8955429196 -0.9483488202 0.1483194828 -0.2804207504 -0.2438844144 -0.9061750770 0.3454954028
135.0 -106.3 2419.9 0.7674874067 0.0313940942 0.6402948499 -0.0103189917 0.9992757440 -0.0366263427 -0.6409809589 0.0215030611 0.7672554851
122.5 -503.6 2411.3 0.7653977871 -0.1223122925 0.6318274140 0.0074920179 0.9834001064 0.1812956184 -0.6435138583 -0.1340296119 0.7536086440
307.9 -111.4 2358.7 0.9112454653 0.0314891152 0.4106581211 0.0356755294 0.9872907400 -0.1548686624 -0.4103156328 0.1557738185 0.8985407948
295.4 -503.9 2296.8 0.9181992412 -0.0465142950 0.3933784664 -0.0447660647 0.9745348692 0.2197221518 -0.3935812712 -0.2193587124 0.8927348852
61.0 423.1 2320.5 0 0 0 0 0 0 0 0 0
337.0 -218.8 2225.8 0 0 0 0 0 0 0 0 0
156.0 -773.0 2448.0 0 0 0 0 0 0 0 0 0
308.4 -776.7 2358.2 0 0 0 0 0 0 0 0 0
179.6 507.7 2382.5 2 0.9199206829 -0.1973429769 0.3388240337 0.2135523111 0.9768714905 -0.0108388271 -0.3288485706 0.0823275149 0.9407873154
224.2 286.9 2363.9 0.9199206829 -0.1973429769 0.3388240337 0.2135523111 0.9768714905 -0.0108388271 -0.3288485706 0.0823275149 0.9407873154
222.6 88.5 2377.0 0.9432212710 0.0082184076 0.3320633471 -0.0297285635 0.9977706075 0.0597492270 -0.3308320045 -0.0662285089 0.9413627982
91.4 291.1 2410.4 0.5030361414 -0.7883256078 0.3542560935 0.7609311938 0.2096203566 -0.6140382886 0.4098028243 0.5784479976 0.7053081393
-7.0 142.2 2330.2 -0.2266536653 -0.7883256078 -0.5719885230 -0.9729942083 0.2096203566 0.0966516063 0.0437074974 0.5784479976 -0.8145474792
356.9 282.7 2317.3 0.1254245639 0.3942829370 0.9103898406 -0.9867521524 0.1447557956 0.0732523873 -0.1029020324 -0.9075167775 0.4072154760
389.5 26.6 2290.6 -0.2110838741 0.3947266340 0.8942228556 -0.9462764263 0.1467412710 -0.2881456017 -0.2449581325 -0.9070048928 0.3425457776
132.9 -106.2 2419.1 0.7658292055 0.0248655863 0.6425631046 -0.0069933650 0.9995150566 -0.0303437971 -0.6430060267 0.0187444873 0.7656316757
123.0 -503.6 2411.7 0.7648248672 -0.1156724095 0.6337687373 0.0018119295 0.9841313362 0.1774322838 -0.6442357302 -0.1345562786 0.7528976798
306.1 -112.1 2358.9 0.9101113677 0.0257981233 0.4135599136 0.0421349779 0.9871247411 -0.1543028951 -0.4122159481 0.1578581482 0.8973064423
295.8 -504.6 2296.1 0.9179176092 -0.0450378731 0.3942066431 -0.0459919907 0.9747616649 0.2184591442 -0.3940964639 -0.2186578512 0.8926795125
58.2 421.9 2317.7 0 0 0 0 0 0 0 0 0
334.6 -219.4 2226.9 0 0 0 0 0 0 0 0 0
155.2 -777.4 2449.1 0 0 0 0 0 0 0 0 0
308.3 -775.0 2356.8 0 0 0 0 0 0 0 0 0
180.0 507.4 2383.1 3 0.9200730324 -0.1951303631 0.3396907449 0.2128640860 0.9769611955 -0.0153543018 -0.3288685977 0.0864350423 0.9404118657
224.1 286.7 2363.6 0.9200730324 -0.1951303631 0.3396907449 0.2128640860 0.9769611955 -0.0153543018 -0.3288685977 0.0864350423 0.9404118657
222.1 88.4 2376.8 0.9429885149 0.0098480126 0.3326794803 -0.0313653797 0.9977431297 0.0593706816 -0.3313439786 -0.0664204881 0.9411692023
91.4 291.2 2410.2 0.5065276027 -0.7910190821 0.3431013823 0.7592238784 0.2205806673 -0.6123097539 0.4086671770 0.5706425905 0.7122908235
-7.3 143.3 2330.7 -0.2325307727 -0.7910190821 -0.5658782721 -0.9711405635 0.2205806673 0.0907201394 0.0530604385 0.5706425905 -0.8194825649
356.8 282.3 2317.0 0.1249279901 0.3937978745 0.9106680155 -0.9866755605 0.1457361281 0.0723346174 -0.1042320132 -0.9075704813 0.4067572653
389.2 26.1 2289.9 -0.2164289057 0.3930249214 0.8936945200 -0.9458690882 0.1423479915 -0.2916653454 -0.2418473810 -0.9084428549 0.3409419358
134.4 -107.1 2420.6 0.7654307485 0.0334155001 0.6426500678 -0.0094758077 0.9991279244 -0.0406648740 -0.6434484720 0.0250365157 0.7650798559
121.1 -504.3 2410.6 0.7639058232 -0.1218445450 0.6337206364 0.0033488174 0.9827488065 0.1849149168 -0.6453190446 -0.1391353756 0.7511355877
307.5 -112.5 2359.8 0.9098646641 0.0322269015 0.4136516452 0.0375898145 0.9864760637 -0.1595369279 -0.4131987989 0.1607061028 0.8963482976
294.7 -504.7 2296.0 0.9175025821 -0.0453117266 0.3951402605 -0.0489332713 0.9730813503 0.2252071202 -0.3947081268 -0.2259636223 0.8905873895
59.4 421.8 2315.5 0 0 0 0 0 0 0 0 0
333.0 -219.7 2227.0 0 0 0 0 0 0 0 0 0
155.0 -778.1 2449.4 0 0 0 0 0 0 0 0 0
307.2 -773.2 2358.3 0 0 0 0 0 0 0 0 0
180.7 505.6 2384.0 4 0.9204791188 -0.1932731718 0.3396523595 0.2135183513 0.9766708612 -0.0228907596 -0.3273043931 0.0935924798 0.9402724504
224.2 286.0 2362.9 0.9204791188 -0.1932731718 0.3396523595 0.2135183513 0.9766708612 -0.0228907596 -0.3273043931 0.0935924798 0.9402724504
221.3 87.7 2377.1 0.9432018995 0.0143607743 0.3319096267 -0.0371922515 0.9973493218 0.0625383854 -0.3301317394 -0.0713307932 0.9412358403
91.4 291.2 2409.4 0.5070198178 -0.7810650468 0.3645109832 0.7631426454 0.2102000862 -0.6110885739 0.4006797075 0.5880079269 0.7026396394
-6.9 143.3 2331.7 -0.2268495411 -0.7810650468 -0.5817874670 -0.9728223085 0.2102000862 0.0971219763 0.0464331917 0.5880079269 -0.8075212836
356.9 280.7 2316.4 0.1245939732 0.3947045505 0.9103211761 -0.9867499471 0.1453904361 0.0720150471 -0.1039273366 -0.9072320461 0.4075894654
389.1 25.7 2289.6 -0.2112983763 0.3943649232 0.8943317533 -0.9470100403 0.1438662410 -0.2871836722 -0.2419193238 -0.9076226354 0.3430688381
133.6 -107.1 2420.4 0.7663656473 0.0287276600 0.6417619586 -0.0076331440 0.9993363023 -0.0356188379 -0.6423592567 0.0223983917 0.7660762668
122.2 -504.4 2411.5 0.7651857734 -0.1181832403 0.6328692436 0.0025259154 0.9835504293 0.1806161255 -0.6438046098 -0.1366063058 0.7528973222
