-128.2 422.6 2638.1 2 0.9622261524 -0.1734111458 -0.2098795474 0.1670389175 0.9847881794 -0.0478562228 0.2149856985 0.0109904557 0.9765553474
-89.7 204.2 2635.6 0.9622261524 -0.1734111458 -0.2098795474 0.1670389175 0.9847881794 -0.0478562228 0.2149856985 0.0109904557 0.9765553474
-93.9 10.2 2640.0 0.9762566090 0.0211849865 -0.2155788690 -0.0158522595 0.9995248318 0.0264360178 0.2160364687 -0.0223909263 0.9761285186
-223.1 206.4 2606.1 0.6106325388 -0.7493252158 -0.2562023401 0.1026635021 0.3956976533 -0.9126245379 0.7852312326 0.5309755802 0.3185542226
-349.7 185.1 2443.3 -0.5664388537 -0.7493252158 -0.3430141807 -0.7983476520 0.3956976533 0.4539431334 -0.2044211179 0.5309755802 -0.8223605752
43.6 202.1 2665.1 0.2205632031 0.9129132032 0.3434259295 -0.9648025632 0.2558974028 -0.0606016330 -0.1432058364 -0.3179717362 0.9372225404
90.7 -4.1 2634.5 0.1956046969 0.8991675973 0.3914542496 -0.8831139803 0.3350742459 -0.3283823729 -0.4264370501 -0.2814655602 0.8596095443
-185.4 -181.5 2624.3 0.9252398610 0.0517484918 0.3758367896 -0.0501913652 0.9986423254 -0.0139400456 -0.3760479093 -0.0059658755 0.9265810251
-205.5 -569.1 2626.6 0.9241868854 -0.0452378877 0.3792521060 -0.0124799479 0.9888540506 0.1483642906 -0.3817366660 -0.1418493837 0.9133213162
-10.2 -183.8 2661.6 0.9666626453 0.1365920752 0.2165777087 -0.1261008084 0.9901024699 -0.0616093129 -0.2228494585 0.0322448015 0.9743194580
-63.2 -568.1 2649.1 0.9693844914 -0.0838671923 0.2307813615 0.0737692267 0.9959157109 0.0520575307 -0.2342046946 -0.0334392004 0.9716120362
-204.9 389.2 2495.6 0 0 0 0 0 0 0 0 0
138.5 -219.6 2530.5 0 0 0 0 0 0 0 0 0
-194.0 -820.1 2662.6 0 0 0 0 0 0 0 0 0
-39.8 -845.7 2658.4 0 0 0 0 0 0 0 0 0
-127.8 426.3 2637.0 3 0.9615390897 -0.1737382263 -0.2127384096 0.1676321179 0.9847497940 -0.0465541929 0.2175823450 0.0091018854 0.9759995341
-88.7 204.7 2635.0 0.9615390897 -0.1737382263 -0.2127384096 0.1676321179 0.9847497940 -0.0465541929 0.2175823450 0.0091018854 0.9759995341
-93.5 10.7 2640.6 0.9754589796 0.0247124564 -0.2187900841 -0.0176866055 0.9992648959 0.0340131149 0.2194697857 -0.0293087438 0.9751789570
-221.9 207.1 2605.0 0.6201829910 -0.7388383150 -0.2636114061 0.1171633005 0.4195152223 -0.9001554251 0.7756583095 0.5273754597 0.3467409313
-351.1 182.7 2443.5 -0.5818301439 -0.7388383150 -0.3399876654 -0.7919566035 0.4195152223 0.4436346292 -0.1851442754 0.5273754597 -0.8292145133
44.6 202.3 2665.0 0.2236022502 0.9122846723 0.3431307971 -0.9626716375 0.2618015707 -0.0687260255 -0.1525298804 -0.3149549961 0.9367699623
93.2 -7.0 2631.8 0.1785539985 0.9032833576 0.3901252151 -0.8928903937 0.3153242767 -0.3214301467 -0.4133584499 -0.2909464240 0.8628354073
-185.4 -182.4 2624.9 0.9266320467 0.0503845923 0.3725780249 -0.0502651930 0.9986854196 -0.0100409016 -0.3725941777 -0.0094234850 0.9279465675
-205.0 -570.1 2628.6 0.9258234501 -0.0387899317 0.3759604692 -0.0115463762 0.9913524985 0.1307169348 -0.3777798414 -0.1253617853 0.9173694849
-10.5 -185.2 2663.7 0.9679061770 0.1356571913 0.2115533352 -0.1242503598 0.9900283813 -0.0663746968 -0.2184480131 0.0379588977 0.9751100540
-63.2 -569.5 2648.9 0.9703957438 -0.0839520916 0.2264601588 0.0734722093 0.9958162308 0.0543307252 -0.2300738841 -0.0360837728 0.9725039601
-202.3 385.2 2490.8 0 0 0 0 0 0 0 0 0
136.4 -222.9 2531.8 0 0 0 0 0 0 0 0 0
-195.1 -822.2 2660.5 0 0 0 0 0 0 0 0 0
-39.8 -846.5 2659.0 0 0 0 0 0 0 0 0 0
-125.1 427.6 2638.5 4 0.9644283056 -0.1593496948 -0.2109164447 0.1519064754 0.9870709181 -0.0511413254 0.2163388282 0.0172825679 0.9761653543
-88.9 203.9 2634.6 0.9644283056 -0.1593496948 -0.2109164447 0.1519064754 0.9870709181 -0.0511413254 0.2163388282 0.0172825679 0.9761653543
-94.1 9.9 2640.2 0.9758972526 0.0264969952 -0.2166159302 -0.0195675213 0.9992277622 0.0340724923 0.2173514664 -0.0290126130 0.9756621122
-222.3 206.6 2604.9 0.6103914380 -0.7253762484 -0.3182004988 0.1231673658 0.4837489724 -0.8664968014 0.7824653983 0.4897103310 0.3846189380
-351.8 180.4 2438.9 -0.6235607862 -0.7253762484 -0.2915497422 -0.7631069422 0.4837489724 0.4285495877 -0.1698228121 0.4897103310 -0.8551865220
44.4 201.2 2664.3 0.2342812717 0.9114578366 0.3381669819 -0.9639729857 0.2628716230 -0.0406768322 -0.1259697229 -0.3164540231 0.9402065873
95.7 -10.0 2636.7 0.1609981209 0.9046318531 0.3946146965 -0.8884568214 0.3069584966 -0.3412051201 -0.4297953546 -0.2956647575 0.8531461358
-185.7 -181.7 2626.7 0.9260964394 0.0484476425 0.3741633892 -0.0445559658 0.9988252521 -0.0190494582 -0.3746467233 0.0009704247 0.9271671176
-204.5 -569.4 2626.3 0.9255587459 -0.0335655622 0.3771132529 -0.0209119841 0.9900093675 0.1394421756 -0.3780261278 -0.1369481087 0.9156098962
-10.9 -184.8 2666.0 0.9676334262 0.1358660609 0.2126638591 -0.1228220984 0.9897067547 -0.0734528899 -0.2204546034 0.0449556559 0.9743607044
-63.6 -569.0 2648.5 0.9696931243 -0.0869705603 0.2283230424 0.0765801519 0.9956002235 0.0539965928 -0.2320145816 -0.0348751135 0.9720869064
-194.2 373.2 2481.8 0 0 0 0 0 0 0 0 0
134.6 -224.5 2532.9 0 0 0 0 0 0 0 0 0
-195.9 -822.4 2661.3 0 0 0 0 0 0 0 0 0
-39.2 -848.6 2658.3 0 0 0 0 0 0 0 0 0
-124.5 424.7 2639.7 5 0.9645034671 -0.1596400589 -0.2103524208 0.1505503505 0.9868613482 -0.0586456992 0.2169508785 0.0248953458 0.9758650064
-88.8 203.9 2634.2 0.9645034671 -0.1596400589 -0.2103524208 0.1505503505 0.9868613482 -0.0586456992 0.2169508785 0.0248953458 0.9758650064
-94.0 9.9 2640.4 0.9758614898 0.0267211366 -0.2167494297 -0.0191548225 0.9991340637 0.0369345509 0.2175486833 -0.0318912119 0.9755282998
-222.1 206.5 2604.4 0.6007088423 -0.7332538962 -0.3185711801 0.1473556906 0.4932025969 -0.8573432565 0.7857704163 0.4680704176 0.4043202996
-352.5 174.5 2433.8 -0.6304144859 -0.7332538962 -0.2547867298 -0.7510574460 0.4932025969 0.4389349222 -0.1961892843 0.4680704176 -0.8616378903
44.5 201.3 2663.9 0.2599196732 0.9049439430 0.3369246423 -0.9571858048 0.2874976397 -0.0337696783 -0.1274247169 -0.3137221038 0.9409258366
101.9 -10.1 2635.7 0.1368556619 0.9056053162 0.4014343321 -0.8996800780 0.2832204103 -0.3322077692 -0.4145435095 -0.3156979680 0.8535153866
-186.7 -182.3 2626.4 0.9260872602 0.0475169234 0.3743054271 -0.0469509475 0.9988405704 -0.0106361266 -0.3743768334 -0.0077240127 0.9272444844
-205.1 -570.0 2629.4 0.9252833128 -0.0391893014 0.3772465885 -0.0123875448 0.9909942746 0.1333301961 -0.3790743053 -0.1280413568 0.9164649844
-11.8 -185.8 2665.3 0.9683275223 0.1319950968 0.2119412422 -0.1185792834 0.9901182055 -0.0748658478 -0.2197288126 0.0473628230 0.9744105935
-63.0 -570.2 2646.9 0.9701984525 -0.0822565407 0.2279227674 0.0702102929 0.9956970811 0.0604796149 -0.2319168746 -0.0426747054 0.9717990756
-194.2 363.1 2483.1 0 0 0 0 0 0 0 0 0
134.8 -226.2 2536.2 0 0 0 0 0 0 0 0 0
-195.2 -819.7 2661.6 0 0 0 0 0 0 0 0 0
-40.2 -847.2 2658.8 0 0 0 0 0 0 0 0 0
-125.4 423.4 2638.3 6 0.9619762897 -0.1636792719 -0.2186565548 0.1562443078 0.9864012003 -0.0509937033 0.2240297049 0.0148908943 0.9744685292
-89.2 205.3 2635.1 0.9619762897 -0.1636792719 -0.2186565548 0.1562443078 0.9864012003 -0.0509937033 0.2240297049 0.0148908943 0.9744685292
-93.6 11.3 2641.0 0.9741477966 0.0227444563 -0.2247638404 -0.0152431382 0.9992691875 0.0350535214 0.2253968418 -0.0307212025 0.9737825394
-222.3 207.3 2604.3 0.5996258855 -0.7269027233 -0.3347554803 0.1436765790 0.5092830658 -0.8485209346 0.7872775197 0.4606986046 0.4098182023
-352.4 176.2 2433.4 -0.6435667872 -0.7269027233 -0.2396543175 -0.7392857671 0.5092830658 0.4405534267 -0.1981876045 0.4606986046 -0.8651465178
43.9 203.2 2665.9 0.2469838560 0.9104824662 0.3316936195 -0.9603508115 0.2756713331 -0.0416129716 -0.1293262988 -0.3082644939 0.9424689412
99.1 -11.6 2636.9 0.1441595852 0.9084923863 0.3922494054 -0.8952069879 0.2886497378 -0.3395376205 -0.4216900170 -0.3021968007 0.8549003601
-186.6 -182.3 2627.0 0.9291445613 0.0474240184 0.3666623831 -0.0453545526 0.9988691211 -0.0142623018 -0.3669241071 -0.0033780686 0.9302447438
-205.0 -570.1 2628.4 0.9284297824 -0.0377001166 0.3695901334 -0.0154881570 0.9900449514 0.1398967952 -0.3711849749 -0.1356086284 0.9186033010
-11.7 -185.7 2666.0 0.9707950950 0.1277096868 0.2030939311 -0.1124541536 0.9900140762 -0.0850072056 -0.2119220942 0.0596858189 0.9754622579
-61.3 -570.1 2642.9 0.9724127054 -0.0761996508 0.2204701751 0.0621820502 0.9956178069 0.0698466897 -0.2248263359 -0.0542105213 0.9728896618
-191.0 361.6 2483.1 0 0 0 0 0 0 0 0 0
133.9 -227.7 2535.1 0 0 0 0 0 0 0 0 0
-195.3 -824.0 2663.1 0 0 0 0 0 0 0 0 0
-40.0 -848.8 2658.0 0 0 0 0 0 0 0 0 0
-120.5 426.0 2637.7 7 0.9644611478 -0.1377516538 -0.2254753560 0.1327244639 0.9904478788 -0.0373798534 0.2284707129 0.0061253207 0.9735315442
-89.8 205.8 2636.3 0.9644611478 -0.1377516538 -0.2254753560 0.1327244639 0.9904478788 -0.0373798534 0.2284707129 0.0061253207 0.9735315442
-94.1 11.8 2641.2 0.9730916023 0.0220945012 -0.2293569744 -0.0157623850 0.9994433522 0.0294037648 0.2298789620 -0.0249973442 0.9728981256
-222.8 208.0 2604.9 0.6102065444 -0.7159676552 -0.3391728997 0.1555373520 0.5280511379 -0.8348473907 0.7768243551 0.4566752911 0.4335799515
-354.2 174.5 2437.6 -0.6533989906 -0.7159676552 -0.2458863258 -0.7372307777 0.5280511379 0.4214887619 -0.1719317883 0.4566752911 -0.8728614450
43.1 203.7 2667.7 0.2446298748 0.9142369628 0.3229969740 -0.9628988504 0.2682041526 -0.0298712309 -0.1139385104 -0.3037060201 0.9459284544
97.2 -9.5 2642.5 0.1756628752 0.9069283605 0.3829144835 -0.8924822807 0.3108678758 -0.3268586099 -0.4154731631 -0.2843274772 0.8640254140
-185.3 -181.3 2626.8 0.9304101467 0.0518578291 0.3628328741 -0.0523328856 0.9985932708 -0.0085268784 -0.3627646863 -0.0110545978 0.9318152070
-205.4 -569.0 2631.1 0.9295701981 -0.0395287722 0.3665196896 -0.0107820081 0.9908939600 0.1342123151 -0.3684873879 -0.1287115812 0.9206792712
-10.7 -184.1 2667.2 0.9708771706 0.1331442147 0.1991735399 -0.1180591881 0.9892893434 -0.0858405828 -0.2084694356 0.0598263964 0.9761973619
-62.4 -568.1 2644.0 0.9728341699 -0.0796121508 0.2173834890 0.0661938488 0.9954639077 0.0683372319 -0.2218378931 -0.0520913452 0.9736911654
-192.6 356.9 2480.1 0 0 0 0 0 0 0 0 0
139.7 -225.3 2542.0 0 0 0 0 0 0 0 0 0
-195.3 -822.7 2664.0 0 0 0 0 0 0 0 0 0
-40.1 -847.0 2658.6 0 0 0 0 0 0 0 0 0
-119.6 424.5 2635.8 8 0.9643071890 -0.1346216649 -0.2280101925 0.1324654967 0.9908771515 -0.0248063076 0.2292695642 -0.0062825843 0.9733427167
-89.9 206.4 2637.2 0.9643071890 -0.1346216649 -0.2280101925 0.1324654967 0.9908771515 -0.0248063076 0.2292695642 -0.0062825843 0.9733427167
-93.7 12.4 2642.6 0.9726958871 0.0192542784 -0.2312834561 -0.0122545604 0.9994234443 0.0316633880 0.2317597568 -0.0279645678 0.9723710418
-222.8 208.0 2605.5 0.5980368257 -0.7298087478 -0.3312569559 0.1469803900 0.5061701536 -0.8498167396 0.7878760695 0.4595334232 0.4099759758
-351.7 176.4 2435.8 -0.6342068911 -0.7298087478 -0.2552661598 -0.7522458434 0.5061701536 0.4218032360 -0.1786275804 0.4595334232 -0.8700121641
43.0 204.7 2668.9 0.2469035983 0.9155354500 0.3175427914 -0.9644331336 0.2640769482 -0.0114938905 -0.0943787992 -0.3034109175 0.9481742978
98.2 -11.2 2647.7 0.1860898733 0.9067909718 0.3782864809 -0.8980697989 0.3131544590 -0.3088768423 -0.3985488415 -0.2822487950 0.8726364970
-185.6 -180.8 2625.4 0.9314330816 0.0505074374 0.3603905737 -0.0469123088 0.9987235665 -0.0187221579 -0.3608761728 0.0005316827 0.9326136112
-205.2 -568.5 2625.2 0.9306559563 -0.0405200385 0.3636448681 -0.0187586118 0.9872584343 0.1580156088 -0.3654142320 -0.1538796425 0.9180378318
-11.2 -183.6 2666.6 0.9711733460 0.1331806332 0.1976998597 -0.1191363260 0.9895386100 -0.0813624710 -0.2064675540 0.0554638319 0.9768801928
-62.9 -567.8 2645.1 0.9731746316 -0.0819783658 0.2149666548 0.0698549822 0.9955396056 0.0634126887 -0.2192062885 -0.0466951281 0.9745604992
-192.6 365.1 2480.6 0 0 0 0 0 0 0 0 0
143.3 -228.8 2551.1 0 0 0 0 0 0 0 0 0
-194.8 -823.2 2664.9 0 0 0 0 0 0 0 0 0
-39.9 -847.2 2658.2 0 0 0 0 0 0 0 0 0
-119.2 421.7 2637.4 9 0.9640896916 -0.1319498420 -0.2304784805 0.1279072016 0.9912547469 -0.0324624106 0.2327463031 0.0018168165 0.9725357890
-90.5 206.0 2637.0 0.9640896916 -0.1319498420 -0.2304784805 0.1279072016 0.9912547469 -0.0324624106 0.2327463031 0.0018168165 0.9725357890
-94.7 12.1 2643.0 0.9719388485 0.0217754580 -0.2342235595 -0.0139052775 0.9992835522 0.0352004617 0.2348222584 -0.0309557542 0.9715452790
-223.2 207.9 2604.9 0.6000649333 -0.7275542617 -0.3325460553 0.1268044263 0.4969628155 -0.8584570885 0.7898371220 0.4729616940 0.3904670775
-350.4 181.1 2437.5 -0.6295314431 -0.7275542617 -0.2726811171 -0.7576215267 0.4969628155 0.4231283665 -0.1723364741 0.4729616940 -0.8640644550
42.3 204.1 2669.1 0.2502690554 0.9167922735 0.3112190068 -0.9650125504 0.2621776462 0.0036961983 -0.0782060251 -0.3012553155 0.9503310323
98.7 -13.1 2651.5 0.1512915343 0.9134449959 0.3777950406 -0.9022068381 0.2837677300 -0.3248056173 -0.4038980901 -0.2917089164 0.8670479655
-184.5 -180.5 2627.3 0.9324156642 0.0529112406 0.3574931920 -0.0505848899 0.9985938072 -0.0158623811 -0.3578297794 -0.0032934216 0.9337810278
-205.1 -568.2 2628.6 0.9316410422 -0.0381184444 0.3613751531 -0.0132916728 0.9902426004 0.1387189329 -0.3631368279 -0.1340395212 0.9220439792
-10.3 -182.7 2668.8 0.9713610411 0.1336145997 0.1964813173 -0.1232688949 0.9903054833 -0.0640298724 -0.2031318545 0.0379760899 0.9784146547
-62.1 -567.2 2654.1 0.9747092128 -0.0806779712 0.2084059119 0.0757830963 0.9966304302 0.0313793421 -0.2102353126 -0.0147920875 0.9775388837
-192.5 371.1 2480.8 0 0 0 0 0 0 0 0 0
135.3 -231.4 2553.8 0 0 0 0 0 0 0 0 0
-195.4 -821.2 2662.8 0 0 0 0 0 0 0 0 0
-39.6 -844.8 2658.2 0 0 0 0 0 0 0 0 0
-119.2 419.3 2637.7 0 0.9619926810 -0.1337869018 -0.2380570620 0.1305028945 0.9910066724 -0.0295764636 0.2398730814 -0.0026147948 0.9708007574
-90.3 204.9 2638.2 0.9619926810 -0.1337869018 -0.2380570620 0.1305028945 0.9910066724 -0.0295764636 0.2398730814 -0.0026147948 0.9708007574
-95.4 10.9 2643.0 0.9700902104 0.0266394466 -0.2412784845 -0.0199155323 0.9993435144 0.0302641783 0.2419263124 -0.0245537944 0.9699838758
-222.8 207.6 2605.2 0.6125169992 -0.7176671028 -0.3313259184 0.1265857965 0.5028047562 -0.8550809622 0.7802556753 0.4818104506 0.3988229334
-351.2 181.1 2441.6 -0.6428411007 -0.7176671028 -0.2677858472 -0.7443777919 0.5028047562 0.4394190609 -0.1807125956 0.4818104506 -0.8574389815
42.3 202.2 2671.3 0.2424661964 0.9216076136 0.3030669689 -0.9671420455 0.2542357445 0.0006390035 -0.0764615461 -0.2932637632 0.9529690742
96.1 -12.4 2654.3 0.1421159655 0.9186845422 0.3685399890 -0.9009525776 0.2742632031 -0.3362501860 -0.4099847972 -0.2842505276 0.8666684031
-186.0 -180.7 2628.0 0.9352930188 0.0482669286 0.3505671024 -0.0435594171 0.9988236427 -0.0213064179 -0.3511830866 0.0046572448 0.9362952113
-204.7 -568.4 2626.2 0.9347457886 -0.0341356620 0.3536736369 -0.0200702958 0.9887127876 0.1484730095 -0.3547498584 -0.1458828598 0.9235100150
-11.8 -183.2 2670.1 0.9727951288 0.1327407211 0.1898670495 -0.1226617694 0.9903867245 -0.0639388189 -0.1965290904 0.0389099419 0.9797256589
-63.4 -567.7 2654.9 0.9756865501 -0.0869418606 0.2011885196 0.0832595751 0.9961698651 0.0267093331 -0.2027401030 -0.0093090674 0.9791883230
-189.6 368.2 2487.0 0 0 0 0 0 0 0 0 0
130.8 -232.5 2554.2 0 0 0 0 0 0 0 0 0
-195.8 -826.9 2664.3 0 0 0 0 0 0 0 0 0
-39.0 -846.7 2657.6 0 0 0 0 0 0 0 0 0
-120.1 417.4 2635.8 1 0.9638922215 -0.1373545527 -0.2281349450 0.1366657168 0.9904370308 -0.0188924223 0.2285482585 -0.0129679665 0.9734461904
-90.5 203.9 2638.6 0.9638922215 -0.1373545527 -0.2281349450 0.1366657168 0.9904370308 -0.0188924223 0.2285482585 -0.0129679665 0.9734461904
-95.3 9.9 2644.7 0.9725762010 0.0248033069 -0.2312582284 -0.0168461986 0.9991981983 0.0363196172 0.2319736481 -0.0314277709 0.9722142220
-223.4 206.2 2606.9 0.6065789461 -0.7191880941 -0.3388664126 0.1244867370 0.5068967342 -0.8529705405 0.7852165103 0.4752096236 0.3970022798
-350.7 180.0 2442.2 -0.6340059638 -0.7191880941 -0.2842621207 -0.7585697174 0.5068967342 0.4094235897 -0.1503610164 0.4752096236 -0.8669298887
42.4 201.6 2670.3 0.2431737036 0.9185118675 0.3117731512 -0.9676258564 0.2521035373 0.0119993165 -0.0675776005 -0.3045976758 0.9500808120
96.0 -11.9 2655.4 0.1545254439 0.9136579633 0.3759666979 -0.9044349790 0.2839721143 -0.3183664680 -0.3976421356 -0.2908417284 0.8702251315
-187.5 -181.3 2626.1 0.9320100546 0.0427156836 0.3599063456 -0.0368746892 0.9990532994 -0.0230828375 -0.3605516255 0.0082420018 0.9327028394
-204.1 -569.2 2622.9 0.9317542315 -0.0307252854 0.3617872894 -0.0272194501 0.9876984954 0.1539831758 -0.3620679379 -0.1533221155 0.9194558859
-13.7 -184.9 2669.4 0.9724550843 0.1237388700 0.1975343227 -0.1104055271 0.9908850193 -0.0771844834 -0.2052845210 0.0532495640 0.9772526622
-61.7 -569.5 2648.8 0.9739615321 -0.0818694755 0.2114151567 0.0735561922 0.9961874485 0.0469050892 -0.2144492269 -0.0301328581 0.9762701988
-190.5 371.6 2480.1 0 0 0 0 0 0 0 0 0
133.3 -230.3 2559.4 0 0 0 0 0 0 0 0 0
-196.2 -822.9 2662.3 0 0 0 0 0 0 0 0 0
-38.8 -848.7 2657.2 0 0 0 0 0 0 0 0 0
-118.8 424.3 2635.4 2 0.9673647285 -0.1305052489 -0.2171953470 0.1311973631 0.9912919402 -0.0112944264 0.2167779803 -0.0175696258 0.9760628343
-89.7 203.2 2639.3 0.9673647285 -0.1305052489 -0.2171953470 0.1311973631 0.9912919402 -0.0112944264 0.2167779803 -0.0175696258 0.9760628343
-94.3 9.3 2646.4 0.9752037525 0.0242139325 -0.2199803293 -0.0155900428 0.9990434647 0.0408550352 0.2207591683 -0.0364124775 0.9746484160
-222.9 205.3 2609.2 0.5973280072 -0.7236241698 -0.3457850814 0.1416967958 0.5195949674 -0.8425812125 0.7893803120 0.4543007016 0.4129038453
-349.2 175.4 2442.2 -0.6346169114 -0.7236241698 -0.2713475227 -0.7596728802 0.5195949674 0.3910475373 -0.1419806331 0.4543007016 -0.8794614077
43.6 201.1 2669.5 0.2341138124 0.9172028303 0.3223813176 -0.9702801704 0.2413082570 0.0180760138 -0.0612139031 -0.3170320392 0.9464372993
93.9 -7.5 2656.3 0.1631205231 0.9096602201 0.3819816709 -0.9062836766 0.2911700010 -0.3063820004 -0.3899251223 -0.2962065339 0.8719059825
-187.3 -182.5 2630.0 0.9279098511 0.0452587679 0.3700471818 -0.0353675373 0.9988135695 -0.0334746130 -0.3711231947 0.0179737639 0.9284096956
-204.8 -570.3 2623.1 0.9276391864 -0.0379777066 0.3715417087 -0.0275986586 0.9851260185 0.1696025580 -0.3724565208 -0.1675840318 0.9127933979
-13.0 -185.6 2671.6 0.9701203108 0.1259784698 0.2073546797 -0.1105268672 0.9902715683 -0.0845340639 -0.2159869224 0.0590899475 0.9746065736
-61.9 -570.0 2648.7 0.9719287753 -0.0766403675 0.2224426121 0.0672005489 0.9965003133 0.0497116968 -0.2254740447 -0.0333679616 0.9736775756
-188.5 367.7 2478.1 0 0 0 0 0 0 0 0 0
133.5 -227.7 2561.6 0 0 0 0 0 0 0 0 0
-195.0 -825.0 2666.4 0 0 0 0 0 0 0 0 0
-40.6 -846.3 2657.9 0 0 0 0 0 0 0 0 0
-118.2 425.5 2645.7 3 0.9689462185 -0.1328074932 -0.2085794657 0.1253187060 0.9909167290 -0.0487779938 0.2131629586 0.0211243443 0.9767882824
-88.3 202.5 2640.9 0.9689462185 -0.1328074932 -0.2085794657 0.1253187060 0.9909167290 -0.0487779938 0.2131629586 0.0211243443 0.9767882824
-93.8 8.6 2648.5 0.9765432477 0.0283570793 -0.2134457976 -0.0194039829 0.9988464117 0.0439246818 0.2144451290 -0.0387526527 0.9759669900
-221.7 205.1 2611.6 0.5988218188 -0.7156117558 -0.3596001267 0.1266671121 0.5279791951 -0.8397579789 0.7908020616 0.4573158920 0.4068099260
-351.2 177.7 2440.6 -0.6487531066 -0.7156117558 -0.2588808239 -0.7450452447 0.5279791951 0.4076095521 -0.1550065130 0.4573158920 -0.8756912351
45.1 199.8 2670.2 0.2232636660 0.9178562164 0.3281665444 -0.9731293321 0.2293335050 0.0206274223 -0.0563265719 -0.3239538372 0.9443946481
92.5 -6.5 2658.3 0.1558822691 0.9111160040 0.3815342188 -0.9179064631 0.2763012350 -0.2847900391 -0.3648951352 -0.3058190048 0.8793897033
-186.4 -183.3 2633.7 0.9254688621 0.0480998531 0.3757576942 -0.0369827673 0.9986400604 -0.0367471986 -0.3770141900 0.0201118290 0.9259890914
-205.1 -571.0 2625.9 0.9249720573 -0.0400991887 0.3779136539 -0.0222047400 0.9870164394 0.1590768844 -0.3793858290 -0.1555331498 0.9120722413
-11.7 -186.1 2673.2 0.9681822062 0.1316777170 0.2128008455 -0.1153850108 0.9894768000 -0.0873038620 -0.2220574766 0.0599720180 0.9731874466
-62.8 -570.2 2649.9 0.9699512124 -0.0814833045 0.2292489558 0.0711117312 0.9960508347 0.0531588271 -0.2326751798 -0.0352591760 0.9719151258
-187.8 365.3 2479.6 0 0 0 0 0 0 0 0 0
130.4 -229.8 2569.5 0 0 0 0 0 0 0 0 0
-194.9 -820.8 2665.2 0 0 0 0 0 0 0 0 0
-40.2 -846.0 2659.7 0 0 0 0 0 0 0 0 0
-120.5 422.5 2651.3 4 0.9691600204 -0.1457869560 -0.1986833066 0.1342224181 0.9884362817 -0.0705550835 0.2066718042 0.0417114086 0.9775208235
-88.1 202.6 2642.0 0.9691600204 -0.1457869560 -0.1986833066 0.1342224181 0.9884362817 -0.0705550835 0.2066718042 0.0417114086 0.9775208235
-94.4 8.7 2649.7 0.9781633019 0.0324267745 -0.2052927464 -0.0235991869 0.9986944795 0.0453040004 0.2064937800 -0.0394699685 0.9776514769
-221.7 205.8 2613.8 0.6036058664 -0.7139659524 -0.3548416197 0.1208002046 0.5218234658 -0.8444569707 0.7880781889 0.4668542743 0.4012229443
-352.8 179.6 2442.7 -0.6534025669 -0.7139659524 -0.2516302168 -0.7361694574 0.5218234658 0.4309927821 -0.1764076203 0.4668542743 -0.8665606976
45.6 199.3 2670.3 0.2212759405 0.9162713885 0.3338918090 -0.9739906192 0.2247672379 0.0286707021 -0.0487777963 -0.3315516412 0.9421752691
91.7 -3.8 2660.1 0.1666286439 0.9076982141 0.3851218522 -0.9214751720 0.2823435068 -0.2667689323 -0.3508823514 -0.3104288876 0.8834678531
-186.8 -183.6 2636.8 0.9224326015 0.0471518263 0.3832685649 -0.0364724137 0.9987185001 -0.0350878164 -0.3844318390 0.0183874182 0.9229702353
-205.1 -571.3 2629.6 0.9219691157 -0.0367765911 0.3855132163 -0.0209544897 0.9892846942 0.1444876790 -0.3866961002 -0.1412914097 0.9113193154
-11.8 -187.1 2675.2 0.9669573903 0.1302972436 0.2191256583 -0.1113445535 0.9890584946 -0.0967762396 -0.2293377668 0.0691800490 0.9708853364
-62.4 -571.0 2648.3 0.9681081176 -0.0829355344 0.2364072800 0.0719050914 0.9958983064 0.0549198724 -0.2399924248 -0.0361694880 0.9701007009
-188.1 365.0 2487.2 0 0 0 0 0 0 0 0 0
132.1 -227.1 2575.1 0 0 0 0 0 0 0 0 0
-195.6 -825.3 2665.9 0 0 0 0 0 0 0 0 0
-39.3 -848.0 2658.4 0 0 0 0 0 0 0 0 0
-120.3 420.3 2653.6 5 0.9697535038 -0.1530589163 -0.1901344210 0.1420896500 0.9873666763 -0.0701257810 0.1984657645 0.0409885868 0.9792503715
-86.7 203.3 2644.6 0.9697535038 -0.1530589163 -0.1901344210 0.1420896500 0.9873666763 -0.0701257810 0.1984657645 0.0409885868 0.9792503715
-93.2 9.5 2652.7 0.9797877669 0.0335927457 -0.1971988976 -0.0247148816 0.9985744357 0.0473101884 0.1985070556 -0.0414801985 0.9792212844
-220.6 206.7 2617.5 0.6019657850 -0.7124760747 -0.3605759740 0.1237844676 0.5293554664 -0.8393212557 0.7888692021 0.4606089890 0.4068473577
-352.8 179.5 2444.3 -0.6559511423 -0.7124760747 -0.2492107153 -0.7355787754 0.5293554664 0.4227371216 -0.1692690253 0.4606089890 -0.8713135719
47.1 199.9 2671.8 0.2070237100 0.9157772660 0.3442283571 -0.9766637087 0.2140177637 0.0180111378 -0.0571767911 -0.3399240673 0.9387131929
92.3 -13.2 2659.3 0.1620656252 0.9062006474 0.3905575275 -0.9182422161 0.2834246159 -0.2765893638 -0.3613390625 -0.3138007820 0.8780450821
-188.3 -183.1 2638.9 0.9197163582 0.0414796807 0.3903860748 -0.0269465800 0.9987273216 -0.0426338948 -0.3916576803 0.0286915191 0.9196635485
-204.4 -570.8 2627.7 0.9198736548 -0.0296918992 0.3910892904 -0.0318121538 0.9881968498 0.1498496830 -0.3909225166 -0.1502841711 0.9080716968
-13.0 -187.3 2675.9 0.9654559493 0.1279334277 0.2269973457 -0.1087941602 0.9895179272 -0.0949634686 -0.2367669493 0.0669870600 0.9692544341
-62.7 -571.4 2649.9 0.9664953947 -0.0819258839 0.2432587743 0.0716807470 0.9961388111 0.0506885760 -0.2464722097 -0.0315533057 0.9686360955
-187.9 364.4 2486.8 0 0 0 0 0 0 0 0 0
131.9 -237.6 2571.0 0 0 0 0 0 0 0 0 0
-196.7 -825.6 2666.5 0 0 0 0 0 0 0 0 0
-39.9 -848.6 2658.6 0 0 0 0 0 0 0 0 0
-119.9 421.8 2655.8 6 0.9692789316 -0.1530182213 -0.1925713867 0.1422906220 0.9874560237 -0.0684393793 0.2006282508 0.0389357433 0.9788933992
-86.0 203.2 2647.2 0.9692789316 -0.1530182213 -0.1925713867 0.1422906220 0.9874560237 -0.0684393793 0.2006282508 0.0389357433 0.9788933992
-93.1 9.4 2653.8 0.9793260098 0.0364277065 -0.1989813447 -0.0288687814 0.9987518787 0.0407590494 0.2002177387 -0.0341720469 0.9791553020
-219.8 207.2 2619.8 0.6027942300 -0.7157459855 -0.3526284695 0.1239690483 0.5205939412 -0.8447565436 0.7882073522 0.4654993415 0.4025413692
-351.6 180.1 2447.5 -0.6513513923 -0.7157459855 -0.2518910468 -0.7380591035 0.5205939412 0.4292442799 -0.1760968864 0.4654993415 -0.8673524261
47.8 199.3 2674.5 0.2277961224 0.9117299914 0.3418441117 -0.9712259769 0.2378078103 0.0129444739 -0.0694913417 -0.3349565864 0.9396675229
100.4 -25.2 2658.5 0.1147970632 0.9102119803 0.3979143500 -0.9175278544 0.2506782711 -0.3087118268 -0.3807416558 -0.3296582997 0.8639219999
-187.5 -182.2 2643.0 0.9203759432 0.0449218787 0.3884458840 -0.0272488110 0.9983325005 -0.0508895144 -0.3900841773 0.0362527929 0.9200652242
-205.0 -569.7 2628.9 0.9201895595 -0.0360026285 0.3898140788 -0.0217338670 0.9895279408 0.1426959336 -0.3908693492 -0.1397794783 0.9097707868
-12.0 -186.6 2678.5 0.9656232595 0.1313510984 0.2243180722 -0.1096754447 0.9882399440 -0.1065507084 -0.2356756330 0.0782856643 0.9686735272
-63.0 -570.2 2648.1 0.9664922953 -0.0824827552 0.2430827916 0.0699507818 0.9957589507 0.0597576499 -0.2469808459 -0.0407514758 0.9681630731
-188.2 365.3 2491.7 0 0 0 0 0 0 0 0 0
128.6 -250.4 2565.0 0 0 0 0 0 0 0 0 0
-195.7 -823.1 2664.7 0 0 0 0 0 0 0 0 0
-40.0 -847.4 2659.5 0 0 0 0 0 0 0 0 0
-119.6 420.0 2657.4 7 0.9699140191 -0.1518305242 -0.1903004497 0.1416053325 0.9877001047 -0.0663057566 0.1980270147 0.0373633243 0.9794842005
-86.2 202.7 2649.2 0.9699140191 -0.1518305242 -0.1903004497 0.1416053325 0.9877001047 -0.0663057566 0.1980270147 0.0373633243 0.9794842005
-93.9 8.9 2655.9 0.9797334671 0.0392454378 -0.1964234710 -0.0316376016 0.9986281991 0.0417220294 0.1977914125 -0.0346621014 0.9796311259
-220.1 207.1 2622.1 0.6202268004 -0.7021903396 -0.3496390879 0.1202150509 0.5255497694 -0.8422266841 0.7751561403 0.4803396761 0.4103738964
-353.8 181.2 2455.1 -0.6595791578 -0.7021903396 -0.2681121826 -0.7342122793 0.5255497694 0.4298019707 -0.1608964950 0.4803396761 -0.8621984124
47.6 198.4 2676.2 0.2222583294 0.9113602638 0.3464443684 -0.9717538357 0.2359818667 0.0026437016 -0.0793452263 -0.3372462392 0.9380667806
100.3 -32.2 2657.4 0.0867741629 0.9120847583 0.4007139206 -0.9189313054 0.2286269218 -0.3213954568 -0.3847538829 -0.3403397202 0.8579820991
-187.9 -181.9 2642.5 0.9195830226 0.0432951264 0.3905029893 -0.0242927987 0.9982737899 -0.0534724332 -0.3921439946 0.0396859273 0.9190474153
-204.7 -569.5 2627.1 0.9198917150 -0.0320065506 0.3908641934 -0.0327668302 0.9869064093 0.1579305679 -0.3908011913 -0.1580864042 0.9067983031
-12.4 -187.1 2678.4 0.9649851918 0.1308286935 0.2273486555 -0.1105288640 0.9888403416 -0.0998905227 -0.2378800809 0.0712642893 0.9686766863
-63.2 -571.0 2650.7 0.9659020305 -0.0848326087 0.2446153462 0.0743454248 0.9958858490 0.0518086627 -0.2480040342 -0.0318560600 0.9682350755
-188.3 365.4 2495.5 0 0 0 0 0 0 0 0 0
122.0 -261.5 2561.3 0 0 0 0 0 0 0 0 0
-196.3 -830.0 2668.8 0 0 0 0 0 0 0 0 0
-39.8 -845.6 2659.5 0 0 0 0 0 0 0 0 0
-119.4 424.6 2665.7 8 0.9727364779 -0.1488165259 -0.1778691709 0.1336039305 0.9864988923 -0.0947096944 0.1895620972 0.0683635548 0.9794859290
-85.9 202.5 2650.3 0.9727364779 -0.1488165259 -0.1778691709 0.1336039305 0.9864988923 -0.0947096944 0.1895620972 0.0683635548 0.9794859290
-94.6 8.8 2658.5 0.9816227555 0.0450475365 -0.1854386330 -0.0363467932 0.9980847836 0.0500565618 0.1873384118 -0.0423965603 0.9813801050
-220.0 207.5 2624.7 0.6218826771 -0.6968059540 -0.3573840857 0.1069221124 0.5276423693 -0.8427106142 0.7757767439 0.4858548939 0.4026356339
-355.3 184.2 2455.9 -0.6668825746 -0.6968059540 -0.2640626431 -0.7259728909 0.5276423693 0.4410859644 -0.1680206656 0.4858548939 -0.8577377796
48.3 197.6 2675.9 0.2148945183 0.9088831544 0.3574237525 -0.9735077620 0.2286199033 0.0039524110 -0.0781219006 -0.3488041162 0.9339339733
100.4 -38.5 2656.9 0.0468897894 0.9110814333 0.4095509052 -0.9228198528 0.1964541078 -0.3313748240 -0.3823674321 -0.3624036312 0.8499757648
-189.3 -182.1 2644.9 0.9154652357 0.0421130247 0.4001872540 -0.0243791528 0.9984862208 -0.0493044294 -0.4016578197 0.0353802666 0.9151061177
-205.6 -569.8 2631.2 0.9152284861 -0.0410289802 0.4008408785 -0.0182451569 0.9895620942 0.1429475248 -0.4025219083 -0.1381430477 0.9049268365
-13.7 -187.8 2680.3 0.9629390240 0.1286716163 0.2370485514 -0.1085349023 0.9894290566 -0.0961783379 -0.2469181567 0.0668858290 0.9667252302
-63.7 -571.9 2654.4 0.9636878371 -0.0881621316 0.2520579398 0.0816263407 0.9960020781 0.0362907015 -0.2542496920 -0.0143983392 0.9670314193
-188.7 365.6 2497.9 0 0 0 0 0 0 0 0 0
112.2 -270.6 2560.8 0 0 0 0 0 0 0 0 0
-195.1 -823.9 2666.6 0 0 0 0 0 0 0 0 0
-39.3 -847.6 2658.4 0 0 0 0 0 0 0 0 0
-120.9 425.8 2670.3 9 0.9717792869 -0.1545736790 -0.1781907976 0.1369337887 0.9847363830 -0.1074404493 0.1920784265 0.0800080672 0.9781127572
-86.1 204.2 2652.3 0.9717792869 -0.1545736790 -0.1781907976 0.1369337887 0.9847363830 -0.1074404493 0.1920784265 0.0800080672 0.9781127572
-94.0 10.6 2663.3 0.9813271761 0.0407638215 -0.1879767329 -0.0293693915 0.9975807071 0.0630089566 0.1900904626 -0.0563116446 0.9801502824
-220.2 208.2 2626.4 0.6276451945 -0.6913412809 -0.3579228222 0.1120858341 0.5352188349 -0.8372440338 0.7703883648 0.4853741229 0.4134171009
-355.8 184.0 2460.0 -0.6695623398 -0.6913412809 -0.2715391517 -0.7270391583 0.5352188349 0.4300637841 -0.1519879699 0.4853741229 -0.8609945774
47.9 200.2 2678.3 0.2131416053 0.9092048407 0.3576551676 -0.9742341042 0.2254124731 0.0075595393 -0.0737467632 -0.3500511050 0.9338231087
100.3 -39.3 2660.2 -0.0085588871 0.9113088250 0.4116345644 -0.9199232459 0.1541989446 -0.3605051339 -0.3920051157 -0.3817577362 0.8370143771
-191.3 -181.7 2650.0 0.9170606732 0.0346252881 0.3972415030 -0.0107671814 0.9980097413 -0.0621340312 -0.3986022770 0.0527035035 0.9156082869
-204.7 -569.1 2629.5 0.9176107645 -0.0330689289 0.3961021304 -0.0245680716 0.9899091125 0.1395578533 -0.3967201412 -0.1377912462 0.9075388312
-15.4 -188.2 2683.5 0.9648616314 0.1210728809 0.2332024872 -0.1006690562 0.9901273847 -0.0975369886 -0.2427092642 0.0706334263 0.9675242305
-62.4 -572.6 2656.1 0.9654522538 -0.0857033059 0.2460831255 0.0827383175 0.9963199496 0.0223827586 -0.2470957935 -0.0012489805 0.9689902663
-188.8 365.3 2497.9 0 0 0 0 0 0 0 0 0
98.2 -271.3 2561.3 0 0 0 0 0 0 0 0 0
-196.3 -821.3 2664.6 0 0 0 0 0 0 0 0 0
-38.6 -848.6 2656.5 0 0 0 0 0 0 0 0 0
-121.2 425.7 2673.1 0 0.9732522368 -0.1554819196 -0.1691316068 0.1389546990 0.9846538305 -0.1055859029 0.1829527766 0.0792600811 0.9799214602
-86.1 203.4 2655.3 0.9732522368 -0.1554819196 -0.1691316068 0.1389546990 0.9846538305 -0.1055859029 0.1829527766 0.0792600811 0.9799214602
-93.7 9.8 2665.6 0.9831047654 0.0390583239 -0.1788280755 -0.0288147517 0.9978107810 0.0595258735 0.1807615608 -0.0533672832 0.9820780158
-220.4 207.4 2630.6 0.6353237033 -0.6756108403 -0.3740504682 0.1000835821 0.5523169637 -0.8276045322 0.7657330036 0.4883604646 0.4185176194
-357.8 185.7 2465.0 -0.6811830401 -0.6756108403 -0.2820277810 -0.7210295200 0.5523169637 0.4184046090 -0.1269099563 0.4883604646 -0.8633642793
48.2 199.5 2679.9 0.2073889226 0.9068594575 0.3668728769 -0.9750704765 0.2218783647 0.0027429867 -0.0789136514 -0.3582957983 0.9302670360
99.0 -39.4 2660.6 -0.0796271041 0.9042623639 0.4194866717 -0.9135772586 0.1021551862 -0.3936253786 -0.3987933695 -0.4145767093 0.8179792166
-189.9 -180.4 2657.2 0.9132389426 0.0397473983 0.4054808617 -0.0095791649 0.9970494509 -0.0761615634 -0.4073117077 0.0656695366 0.9109251499
-205.3 -567.4 2631.7 0.9136486053 -0.0371667817 0.4048022628 -0.0193217751 0.9907154441 0.1345719248 -0.4060454667 -0.1307729483 0.9044476151
-14.0 -185.7 2691.2 0.9629405141 0.1245684698 0.2392242253 -0.0963939801 0.9873223901 -0.1261058599 -0.2519002557 0.0983726606 0.9627404213
-62.4 -568.8 2653.0 0.9627702236 -0.0863638073 0.2561538517 0.0801984891 0.9961838126 0.0344383232 -0.2581505477 -0.0126130423 0.9660223722
-188.7 364.7 2496.5 0 0 0 0 0 0 0 0 0
78.9 -270.0 2559.9 0 0 0 0 0 0 0 0 0
-195.7 -823.0 2665.4 0 0 0 0 0 0 0 0 0
-38.0 -850.1 2656.6 0 0 0 0 0 0 0 0 0
-121.0 428.1 2674.1 1 0.9745305777 -0.1544581056 -0.1625818610 0.1398783922 0.9853406549 -0.0976620838 0.1752832234 0.0724329948 0.9818499088
-85.9 204.3 2657.6 0.9745305777 -0.1544581056 -0.1625818610 0.1398783922 0.9853406549 -0.0976620838 0.1752832234 0.0724329948 0.9818499088
-92.1 10.6 2669.3 0.9844692945 0.0319527201 -0.1726245433 -0.0210010894 0.9976707697 0.0649001971 0.1742962003 -0.0602669492 0.9828472733
-220.4 207.2 2633.8 0.6289379597 -0.6865858436 -0.3647422791 0.1061233357 0.5405737758 -0.8345764279 0.7701784968 0.4861891270 0.4128501415
-357.0 184.1 2466.5 -0.6734569073 -0.6865858436 -0.2739629447 -0.7248422503 0.5405737758 0.4270640612 -0.1451189518 0.4861891270 -0.8617195487
48.6 201.4 2681.4 0.1879707575 0.9069743752 0.3769144714 -0.9785692692 0.2057927251 -0.0071802023 -0.0840785205 -0.3674872518 0.9262202382
95.7 -43.8 2660.3 -0.1469806880 0.8950023055 0.4211502969 -0.9002829194 0.0553271808 -0.4317749739 -0.4097406268 -0.4426169991 0.7976232171
-189.3 -181.3 2659.8 0.9104208946 0.0427656434 0.4114666879 -0.0089196339 0.9964402318 -0.0838288739 -0.4135869741 0.0726494268 0.9075614810
-205.9 -568.2 2631.6 0.9109052420 -0.0371609256 0.4109388292 -0.0202459320 0.9907111526 0.1344673783 -0.4121186137 -0.1308068782 0.9016916156
-13.2 -186.5 2692.2 0.9615488648 0.1246989071 0.2446916252 -0.0941058695 0.9866375923 -0.1330051124 -0.2580075562 0.1048639938 0.9604351521
-61.6 -569.5 2651.5 0.9617733359 -0.0768295079 0.2628483772 0.0678496063 0.9967647791 0.0430857055 -0.2653082609 -0.0236045234 0.9638746381
-188.7 365.3 2502.7 0 0 0 0 0 0 0 0 0
58.6 -271.2 2556.9 0 0 0 0 0 0 0 0 0
-196.5 -819.8 2664.8 0 0 0 0 0 0 0 0 0
-40.2 -846.8 2658.0 0 0 0 0 0 0 0 0 0
-119.0 434.1 2674.0 2 0.9723437428 -0.1508585513 -0.1782957911 0.1386906803 0.9871864319 -0.0789166391 0.1879164428 0.0520061329 0.9808071852
-84.4 208.0 2662.1 0.9723437428 -0.1508585513 -0.1782957911 0.1386906803 0.9871864319 -0.0789166391 0.1879164428 0.0520061329 0.9808071852
-90.6 14.3 2674.6 0.9818112254 0.0317451321 -0.1871870011 -0.0190519281 0.9974192381 0.0692238584 0.1889014244 -0.0643984899 0.9798821807
-218.6 210.6 2636.3 0.6452807784 -0.6712095141 -0.3648157716 0.1195178479 0.5603594184 -0.8195808530 0.7545384169 0.4852577746 0.4418106973
-358.5 184.6 2472.6 -0.6821163893 -0.6712095141 -0.2901638448 -0.7231609821 0.5603594184 0.4037765563 -0.1084226146 0.4852577746 -0.8676228523
49.7 205.4 2687.9 0.1770846397 0.9121340513 0.3696653545 -0.9781007767 0.2048382759 -0.0368802510 -0.1093613505 -0.3550390303 0.9284327626
94.3 -41.0 2660.4 -0.1930680424 0.8914940357 0.4098330140 -0.8974335790 0.0084117986 -0.4410694242 -0.3966581821 -0.4529543221 0.7984326482
-186.5 -181.1 2665.4 0.9160156250 0.0504534543 0.3979570568 -0.0189861134 0.9964000583 -0.0826226026 -0.4006930292 0.0681279302 0.9136759043
-206.1 -567.9 2638.9 0.9158232808 -0.0347176939 0.4000779688 -0.0130101815 0.9931679368 0.1159662232 -0.4013706744 -0.1114096567 0.9091146588
-10.1 -184.9 2696.6 0.9645543098 0.1322919279 0.2283282429 -0.1003846452 0.9841564894 -0.1461471170 -0.2440448105 0.1180461794 0.9625524282
-61.4 -566.9 2650.8 0.9651131630 -0.0788067803 0.2496920377 0.0689518005 0.9964652061 0.0479867980 -0.2525911331 -0.0290959720 0.9671355486
-188.7 364.7 2499.6 0 0 0 0 0 0 0 0 0
45.5 -268.0 2560.0 0 0 0 0 0 0 0 0 0
-197.1 -822.9 2667.5 0 0 0 0 0 0 0 0 0
-39.3 -846.4 2658.9 0 0 0 0 0 0 0 0 0
-119.2 438.5 2684.5 3 0.9720383286 -0.1135360375 -0.2055506557 0.1006418392 0.9923018217 -0.0721685588 0.2121620178 0.0494636074 0.9759818912
-95.1 227.9 2674.0 0.9720383286 -0.1135360375 -0.2055506557 0.1006418392 0.9923018217 -0.0721685588 0.2121620178 0.0494636074 0.9759818912
-91.8 34.3 2676.2 0.9774004221 -0.0166149307 -0.2107424140 0.0185690653 0.9998009801 0.0072969999 0.2105792314 -0.0110453805 0.9775143862
-228.5 225.4 2645.1 0.6018061042 -0.6929358244 -0.3970760405 0.2030951083 0.6136275530 -0.7630292177 0.7723870873 0.3785514534 0.5100166798
-366.6 178.8 2467.8 -0.6885938048 -0.6929358244 -0.2137254775 -0.7188736796 0.6136275530 0.3266219497 -0.0951801986 0.3785514534 -0.9206734300
38.2 230.3 2702.9 0.1966729909 0.9155400395 0.3508649766 -0.9702042937 0.2333725989 -0.0651218295 -0.1415039152 -0.3276029825 0.9341589212
92.6 -37.7 2663.8 -0.1992190927 0.8944885135 0.4002525210 -0.8940378428 0.0013409628 -0.4479894042 -0.4012580812 -0.4470889568 0.7994394302
-184.7 -177.6 2670.2 0.9220149517 0.0572743714 0.3828943074 -0.0211871509 0.9949792624 -0.0978127345 -0.3865740597 0.0820723698 0.9185992479
-207.0 -563.8 2638.3 0.9216307998 -0.0376176424 0.3862403333 -0.0093064597 0.9928619266 0.1189058796 -0.3879562616 -0.1131818444 0.9147020578
-8.8 -181.0 2704.0 0.9659500122 0.1383662969 0.2186213434 -0.1053386927 0.9821003079 -0.1561497599 -0.2363139540 0.1278035790 0.9632351398
-62.5 -562.2 2654.4 0.9672441483 -0.0817016959 0.2403406799 0.0774383917 0.9966275096 0.0271461532 -0.2417480052 -0.0076453616 0.9703089595
-214.8 337.3 2488.8 0 0 0 0 0 0 0 0 0
42.1 -264.2 2562.1 0 0 0 0 0 0 0 0 0
-197.1 -823.1 2667.9 0 0 0 0 0 0 0 0 0
-39.3 -845.2 2656.6 0 0 0 0 0 0 0 0 0
-119.0 441.4 2680.7 4 0.9773319960 -0.0957508534 -0.1888224632 0.0900286436 0.9951880574 -0.0386724956 0.1916167885 0.0207964368 0.9812494516
-99.1 234.7 2676.4 0.9773319960 -0.0957508534 -0.1888224632 0.0900286436 0.9951880574 -0.0386724956 0.1916167885 0.0207964368 0.9812494516
-89.4 41.3 2680.4 0.9800511003 -0.0496682674 -0.1924394071 0.0527492724 0.9985480905 0.0109168366 0.1916177869 -0.0208500959 0.9812481403
-232.9 227.6 2650.2 0.5707400441 -0.7112292051 -0.4103763998 0.2014673054 0.6057844758 -0.7696986794 0.7960318923 0.3566204309 0.4890349209
-363.4 181.5 2468.1 -0.6796693802 -0.7112292051 -0.1794506311 -0.7221091986 0.6057844758 0.3340410590 -0.1288713366 0.3566204309 -0.9253183603
34.6 241.9 2702.6 0.2263228148 0.9016649723 0.3684810698 -0.9657539129 0.2569937110 -0.0356871821 -0.1268751919 -0.3477852345 0.9289500117
93.0 -7.5 2669.9 -0.1887599975 0.8837516308 0.4281970263 -0.9082779288 0.0086661018 -0.4182775915 -0.3733642995 -0.4678759873 0.8010562658
-175.9 -160.9 2659.5 0.9121580124 0.0791146010 0.4021300972 -0.0447921343 0.9945578575 -0.0940654278 -0.4073835909 0.0677902699 0.9107376337
-206.6 -546.8 2633.2 0.9115274549 -0.0359865092 0.4096615911 -0.0187712051 0.9914846420 0.1288637668 -0.4108105302 -0.1251527071 0.9030900002
-1.0 -157.7 2697.4 0.9561755657 0.1654967815 0.2415349334 -0.1344569176 0.9809960723 -0.1398856938 -0.2600954771 0.1012792438 0.9602566957
-65.2 -538.2 2658.1 0.9607402086 -0.0847186446 0.2641988993 0.0841973647 0.9963601232 0.0133175664 -0.2643654943 0.0094501302 0.9643762708
-202.3 352.6 2498.7 0 0 0 0 0 0 0 0 0
45.2 -237.7 2575.2 0 0 0 0 0 0 0 0 0
-196.4 -829.6 2668.9 0 0 0 0 0 0 0 0 0
-39.1 -845.7 2655.2 0 0 0 0 0 0 0 0 0
-119.0 444.9 2688.3 5 0.9778791666 -0.0858428553 -0.1907440871 0.0794936642 0.9960038662 -0.0407069772 0.1934762597 0.0246435571 0.9807953835
-101.7 244.0 2683.4 0.9778791666 -0.0858428553 -0.1907440871 0.0794936642 0.9960038662 -0.0407069772 0.1934762597 0.0246435571 0.9807953835
-89.6 50.5 2683.1 0.9792879224 -0.0618748292 -0.1927865297 0.0604764856 0.9980831742 -0.0131354434 0.1932297498 0.0012043297 0.9811527729
-235.4 235.7 2656.9 0.5713741779 -0.6991099715 -0.4298567176 0.2446555346 0.6450583935 -0.7239084244 0.7833742499 0.3084557354 0.5396108031
-370.0 178.1 2472.4 -0.6937986612 -0.6991099715 -0.1728834510 -0.7163040042 0.6450583935 0.2660982609 -0.0745120347 0.3084557354 -0.9483158588
32.0 252.2 2709.8 0.2418596596 0.8977165222 0.3682512045 -0.9590182900 0.2788940370 -0.0500200391 -0.1476068795 -0.3410618305 0.9283797741
93.9 7.0 2672.1 -0.0930117518 0.8993161917 0.4272928834 -0.9288630486 0.0761707053 -0.3625071645 -0.3585557640 -0.4306139946 0.8282568455
