-141.6 428.0 2665.1 0 0.9692162275 -0.1323941499 -0.2075853646 0.1005214155 0.9824308753 -0.1572418511 0.2247561663 0.1315345764 0.9654964209
-110.6 198.2 2634.4 0.9692162275 -0.1323941499 -0.2075853646 0.1005214155 0.9824308753 -0.1572418511 0.2247561663 0.1315345764 0.9654964209
-113.2 4.6 2647.6 0.9751303792 0.0130437501 -0.2212478369 0.0024061264 0.9975847602 0.0694177821 0.2216189355 -0.0682237372 0.9727438092
-243.8 197.8 2604.1 0.5483118892 -0.7728273869 -0.3195182383 -0.0496283025 0.3513296545 -0.9349355698 0.8348000050 0.5284934640 0.1542841196
-359.4 208.3 2428.1 -0.5580185652 -0.7728273869 -0.3022467792 -0.7728279829 0.3513296545 0.5284926295 -0.3022452891 0.5284934640 -0.7933110595
22.6 198.5 2664.6 0.2903070748 0.5799760818 0.7611501217 -0.9568340182 0.1874004155 0.2221479118 -0.0137993768 -0.7927854657 0.6093445420
91.7 -29.1 2661.4 0.0589314178 0.5775506496 0.8142249584 -0.9308577776 0.3264240921 -0.1641679853 -0.3605979681 -0.7482529879 0.5568541288
-206.9 -186.6 2645.2 0.9539474845 0.0284270719 0.2986235917 -0.0150353722 0.9987794757 -0.0470472611 -0.2995965183 0.0403907001 0.9532106519
-218.0 -574.2 2629.5 0.9516233802 -0.0734304339 0.2983638048 0.0289392583 0.9881272912 0.1508874148 -0.3059011400 -0.1349535584 0.9424500465
-32.6 -188.4 2686.3 0.9928095341 0.0820243210 0.0871850848 -0.0722732693 0.9913386703 -0.1096550524 -0.0954243243 0.1025654301 0.9901386499
-64.4 -573.1 2646.5 0.9916102886 -0.0815694854 0.1002771482 0.0750893429 0.9949377179 0.0667868704 -0.1052172929 -0.0586968027 0.9927154779
-219.7 401.8 2503.7 0 0 0 0 0 0 0 0 0
106.4 -262.1 2571.1 0 0 0 0 0 0 0 0 0
-199.2 -827.3 2664.1 0 0 0 0 0 0 0 0 0
-42.0 -845.9 2662.6 0 0 0 0 0 0 0 0 0
-141.1 426.4 2661.0 1 0.9643338323 -0.1305536628 -0.2302521169 0.0998459533 0.9850535989 -0.1403571665 0.2451348305 0.1123614237 0.9629557729
-111.0 199.0 2635.1 0.9643338323 -0.1305536628 -0.2302521169 0.0998459533 0.9850535989 -0.1403571665 0.2451348305 0.1123614237 0.9629557729
-106.1 5.7 2650.5 0.9687460065 -0.0250961874 -0.2467820942 0.0436728969 0.9965840578 0.0700921416 0.2441800535 -0.0786791667 0.9665328264
-243.2 193.0 2601.8 0.5528299809 -0.7720335126 -0.3135972917 -0.0759470463 0.3280869722 -0.9415895939 0.8298259377 0.5443557501 0.1227426454
-359.4 209.0 2427.3 -0.5491165519 -0.7720335126 -0.3200550377 -0.7755929232 0.3280869722 0.5392722487 -0.3113303781 0.5443557501 -0.7789417505
21.2 204.9 2668.4 0.2905876637 0.5934264064 0.7506023645 -0.9566980004 0.1940977573 0.2169216573 -0.0169631913 -0.7811345458 0.6241322756
92.4 -29.5 2664.3 0.0746727809 0.5889379382 0.8047211170 -0.9262346625 0.3399551809 -0.1628489345 -0.3694770336 -0.7332002521 0.5708801150
-203.0 -189.2 2641.0 0.9598480463 0.0417894274 0.2773903310 -0.0313196220 0.9986236691 -0.0420700759 -0.2787666321 0.0316931196 0.9598357677
-219.3 -576.8 2628.7 0.9565140009 -0.0812806785 0.2801328003 0.0371935703 0.9865379333 0.1592469662 -0.2893053293 -0.1419028193 0.9466604590
-28.3 -188.8 2680.7 0.9938427210 0.0873966068 0.0681063309 -0.0807197392 0.9921716452 -0.0952879116 -0.0759010091 0.0892036706 0.9931172132
-62.3 -573.9 2646.1 0.9941081405 -0.0719468668 0.0810715407 0.0669436604 0.9957765341 0.0628304556 -0.0852495953 -0.0570330434 0.9947259426
-221.7 403.6 2505.4 0 0 0 0 0 0 0 0 0
111.2 -262.1 2571.5 0 0 0 0 0 0 0 0 0
-198.7 -826.2 2664.5 0 0 0 0 0 0 0 0 0
-43.0 -841.1 2661.4 0 0 0 0 0 0 0 0 0
-139.5 430.1 2658.5 2 0.9621240497 -0.1186214164 -0.2454512417 0.0891137570 0.9877557755 -0.1280519217 0.2576355934 0.1013287455 0.9609143734
-111.6 197.2 2634.6 0.9621240497 -0.1186214164 -0.2454512417 0.0891137570 0.9877557755 -0.1280519217 0.2576355934 0.1013287455 0.9609143734
-102.9 4.1 2650.2 0.9641875625 -0.0447945110 -0.2614111304 0.0640665069 0.9957826734 0.0656687170 0.2573670745 -0.0800646544 0.9629911184
-243.2 188.5 2599.5 0.5583946109 -0.7595619559 -0.3335583210 -0.0902970508 0.3440440297 -0.9346016049 0.8246465325 0.5519958138 0.1235261187
-359.9 207.4 2427.1 -0.5649261475 -0.7595619559 -0.3223726153 -0.7695646286 0.3440440297 0.5379627943 -0.2977056801 0.5519958138 -0.7788915038
20.1 206.0 2669.8 0.2971318960 0.6021360755 0.7410430312 -0.9547322392 0.1988221407 0.2212602943 -0.0141069703 -0.7732411623 0.6339551210
92.8 -27.8 2666.3 0.0691054016 0.5983266234 0.7982666492 -0.9289352298 0.3303450644 -0.1671870053 -0.3637359142 -0.7299845219 0.5786353350
-188.0 -191.5 2644.0 0.9608825445 0.0845210850 0.2637440562 -0.0711277202 0.9956645370 -0.0599416867 -0.2676669359 0.0388374068 0.9627284408
-220.8 -577.6 2628.9 0.9574483633 -0.0844226107 0.2759808898 0.0393761471 0.9855293632 0.1648676991 -0.2859058380 -0.1469852477 0.9469177127
-14.6 -183.7 2687.7 0.9907090068 0.1242421716 0.0553132407 -0.1179640964 0.9874399900 -0.1051033139 -0.0676767677 0.0976018235 0.9929218292
-62.8 -566.7 2649.8 0.9945154786 -0.0738861412 0.0740255639 0.0702723116 0.9962592721 0.0502913781 -0.0774644911 -0.0448136069 0.9959874749
-218.0 400.7 2501.9 0 0 0 0 0 0 0 0 0
110.2 -261.9 2574.6 0 0 0 0 0 0 0 0 0
-199.0 -831.5 2666.8 0 0 0 0 0 0 0 0 0
-42.5 -840.5 2662.1 0 0 0 0 0 0 0 0 0
-125.8 440.3 2667.7 3 0.9612811804 -0.0594165064 -0.2690876126 0.0202675853 0.9890781045 -0.1459922791 0.2748230100 0.1348858774 0.9519864321
-111.0 194.9 2634.3 0.9612811804 -0.0594165064 -0.2690876126 0.0202675853 0.9890781045 -0.1459922791 0.2748230100 0.1348858774 0.9519864321
-97.1 2.1 2650.7 0.9564868212 -0.0719452053 -0.2827665210 0.0926403105 0.9938602448 0.0604942627 0.2766781151 -0.0840575397 0.9572792649
-241.6 182.2 2596.5 0.5743013620 -0.7433200479 -0.3430061638 -0.1138986275 0.3423668444 -0.9326371551 0.8106818199 0.5746827126 0.1119586080
-360.8 205.9 2428.3 -0.5739525557 -0.7433200479 -0.3435894847 -0.7676827908 0.3423668444 0.5417084694 -0.2850291431 0.5746827126 -0.7671363354
19.5 207.5 2672.0 0.2985815406 0.6137745976 0.7308418155 -0.9541725516 0.2081015557 0.2150545269 -0.0200943109 -0.7615605593 0.6477822065
92.9 -27.0 2667.1 0.0742580667 0.6093248725 0.7894358039 -0.9260474443 0.3358677626 -0.1721306592 -0.3700295389 -0.7182729244 0.5892046690
-180.5 -194.9 2642.8 0.9647703767 0.0954841152 0.2451548576 -0.0839614719 0.9948342443 -0.0570550598 -0.2493363023 0.0344614685 0.9678035975
-217.6 -580.9 2629.4 0.9630097151 -0.0707438886 0.2600146532 0.0293593816 0.9867245555 0.1597270072 -0.2678625584 -0.1461847872 0.9523022771
-7.9 -183.4 2688.9 0.9880310297 0.1495442837 0.0378306322 -0.1449957788 0.9840503335 -0.1030588448 -0.0526391082 0.0963400528 0.9939556122
-65.9 -565.1 2651.5 0.9944487810 -0.0874951109 0.0584489256 0.0854820237 0.9956854582 0.0361018255 -0.0613554791 -0.0309050810 0.9976373911
-216.6 398.7 2499.9 0 0 0 0 0 0 0 0 0
111.6 -260.6 2573.8 0 0 0 0 0 0 0 0 0
-200.0 -825.9 2665.7 0 0 0 0 0 0 0 0 0
-41.7 -841.1 2660.1 0 0 0 0 0 0 0 0 0
-118.0 453.0 2670.9 4 0.9600144625 -0.0206026211 -0.2791912258 -0.0219125208 0.9886985421 -0.1483073682 0.2790914774 0.1484950036 0.9487134218
-112.5 190.3 2631.4 0.9600144625 -0.0206026211 -0.2791912258 -0.0219125208 0.9886985421 -0.1483073682 0.2790914774 0.1484950036 0.9487134218
-91.6 -1.1 2653.8 0.9496407509 -0.1083667129 -0.2940053642 0.1370393932 0.9874356985 0.0786823183 0.2817848623 -0.1150102466 0.9525596499
-242.1 171.6 2593.0 0.5694743991 -0.7432093620 -0.3511961401 -0.1732604504 0.3091174364 -0.9351081252 0.8035419583 0.5933685303 0.0472656712
-360.6 207.6 2425.8 -0.5621342063 -0.7432093620 -0.3628290892 -0.7694478631 0.3091174364 0.5589243174 -0.3032409847 0.5933685303 -0.7456263900
17.0 209.0 2669.8 0.3053149581 0.6114277840 0.7300266027 -0.9520406127 0.2121249139 0.2205031514 -0.0200350638 -0.7623378634 0.6468690038
92.5 -26.2 2664.8 0.0805759132 0.6061055064 0.7912923694 -0.9296854138 0.3319759667 -0.1596151143 -0.3594336510 -0.7227918506 0.5902367234
-168.8 -199.0 2642.3 0.9628882408 0.1327729523 0.2349840999 -0.1248957738 0.9910002351 -0.0481622219 -0.2392639369 0.0170263182 0.9708052874
-220.2 -583.3 2635.7 0.9633992910 -0.0797289386 0.2559396923 0.0443597585 0.9889995456 0.1411103010 -0.2643748224 -0.1245921403 0.9563382268
2.4 -182.4 2691.8 0.9829904437 0.1816412061 0.0271348394 -0.1778981239 0.9784262180 -0.1050445959 -0.0456298664 0.0984305963 0.9940972328
-68.0 -561.9 2653.7 0.9939996600 -0.0968912393 0.0507616885 0.0957529843 0.9951060414 0.0244005900 -0.0528774671 -0.0193935949 0.9984126687
-219.4 400.9 2502.0 0 0 0 0 0 0 0 0 0
112.8 -260.7 2574.2 0 0 0 0 0 0 0 0 0
-200.6 -827.1 2666.4 0 0 0 0 0 0 0 0 0
-40.8 -841.1 2659.1 0 0 0 0 0 0 0 0 0
-115.0 460.9 2672.4 5 0.9613667130 0.0039151572 -0.2752429247 -0.0456310734 0.9883316755 -0.1453215331 0.2714623213 0.1522669196 0.9503278136
-116.1 186.1 2630.1 0.9613667130 0.0039151572 -0.2752429247 -0.0456310734 0.9883316755 -0.1453215331 0.2714623213 0.1522669196 0.9503278136
-93.9 -5.0 2655.0 0.9505848289 -0.1147439703 -0.2884828448 0.1463524550 0.9850906134 0.0904289931 0.2738055587 -0.1281805933 0.9532052279
-245.9 166.1 2592.7 0.5479751825 -0.7473849058 -0.3756847382 -0.2071067989 0.3139150441 -0.9265873432 0.8104504943 0.5855537653 0.0172291566
-359.6 209.1 2424.6 -0.5657839775 -0.7473849058 -0.3482876420 -0.7627337575 0.3139150441 0.5654153824 -0.3132502139 0.5855537653 -0.7476637959
13.7 206.1 2667.4 0.3208849728 0.6044184566 0.7291852832 -0.9471107721 0.2078169882 0.2445266098 -0.0037406827 -0.7690841556 0.6391366124
92.8 -27.4 2666.5 0.0868089721 0.5981701016 0.7966534495 -0.9290345311 0.3373120129 -0.1520377845 -0.3596652448 -0.7269203067 0.5850023627
-155.5 -204.8 2651.0 0.9570135474 0.1678718030 0.2365250736 -0.1567135751 0.9854795933 -0.0653513372 -0.2440612763 0.0254754275 0.9694251418
-220.6 -586.9 2641.1 0.9607470632 -0.0859924108 0.2637620270 0.0557097793 0.9911821485 0.1202263087 -0.2717747688 -0.1008129492 0.9570659399
14.4 -180.2 2701.3 0.9770893455 0.2111889869 0.0263746213 -0.2061679065 0.9699724913 -0.1290276349 -0.0528318770 0.1206339300 0.9912902117
-67.5 -556.4 2654.5 0.9939581752 -0.0929405987 0.0583882853 0.0918585658 0.9955515265 0.0209559817 -0.0600762069 -0.0154659059 0.9980739951
-217.8 400.2 2503.0 0 0 0 0 0 0 0 0 0
114.7 -262.4 2575.5 0 0 0 0 0 0 0 0 0
-199.7 -828.4 2665.7 0 0 0 0 0 0 0 0 0
-40.6 -845.2 2659.0 0 0 0 0 0 0 0 0 0
-127.0 462.3 2681.7 6 0.9477542043 -0.0402514599 -0.3164519072 -0.0013597738 0.9914886355 -0.1301859617 0.3189986646 0.1238145977 0.9396328330
-117.5 227.6 2652.4 0.9477542043 -0.0402514599 -0.3164519072 -0.0013597738 0.9914886355 -0.1301859617 0.3189986646 0.1238145977 0.9396328330
-96.6 35.8 2657.3 0.9397168159 -0.1055693030 -0.3252498209 0.1080818027 0.9940876961 -0.0103885168 0.3244235814 -0.0253913235 0.9455710649
-245.7 213.2 2608.4 0.5232238770 -0.7866719365 -0.3276950717 0.0519619845 0.4132652283 -0.9091269374 0.8506096601 0.4586492181 0.2571072578
-362.0 201.6 2419.4 -0.5767684579 -0.7866719365 -0.2201940268 -0.7569295764 0.4132652283 0.5062305927 -0.3072388768 0.4586492181 -0.8338136077
10.7 242.0 2696.3 0.2880878448 0.6397531629 0.7125456333 -0.9523324370 0.2693738639 0.1431804597 -0.1003410071 -0.7198288441 0.6868610382
92.8 -29.3 2667.8 0.0909349471 0.6349558234 0.7671778798 -0.9272934198 0.3348902464 -0.1672586501 -0.3631222546 -0.6961893439 0.6192435622
-158.0 -185.4 2642.8 0.9626982212 0.1587256044 0.2191308737 -0.1523185670 0.9872631431 -0.0459411740 -0.2236318588 0.0108497879 0.9746133089
-223.2 -590.9 2638.3 0.9645624161 -0.0964270234 0.2456037551 0.0617699027 0.9874855876 0.1451092213 -0.2565226257 -0.1247959808 0.9584477544
11.6 -168.3 2698.6 0.9811311364 0.1930942237 0.0098120216 -0.1903387010 0.9735513926 -0.1263677776 -0.0339533947 0.1221157610 0.9919349551
-65.8 -558.7 2649.6 0.9952861667 -0.0874064341 0.0420181192 0.0858060345 0.9955679178 0.0384948812 -0.0451965928 -0.0347080156 0.9983749986
-219.2 388.9 2495.5 0 0 0 0 0 0 0 0 0
115.7 -263.4 2576.1 0 0 0 0 0 0 0 0 0
-199.8 -831.0 2668.7 0 0 0 0 0 0 0 0 0
-40.4 -848.0 2659.7 0 0 0 0 0 0 0 0 0
-129.7 464.9 2676.8 7 0.9488882422 -0.0505176671 -0.3115431368 0.0219086893 0.9952688217 -0.0946570784 0.3148510158 0.0829934850 0.9455056190
-118.8 249.8 2658.9 0.9488882422 -0.0505176671 -0.3115431368 0.0219086893 0.9952688217 -0.0946570784 0.3148510158 0.0829934850 0.9455056190
-99.4 57.3 2657.7 0.9435926676 -0.0993350074 -0.3158566058 0.0922424272 0.9950352311 -0.0373668037 0.3180002570 0.0061236648 0.9480708241
-247.6 237.4 2615.7 0.4886829555 -0.8168346286 -0.3065454960 0.1535018831 0.4263736904 -0.8914273381 0.8588516116 0.3885700107 0.3337472081
-358.8 202.4 2420.2 -0.5520076752 -0.8168346286 -0.1675370932 -0.7733350992 0.4263736904 0.4692103267 -0.3118338287 0.3885700107 -0.8670484424
10.0 262.2 2702.1 0.2740805745 0.6396981478 0.7180989981 -0.9550518394 0.2687392235 0.1251208633 -0.1129417866 -0.7201149464 0.6846010685
92.4 -25.1 2668.1 0.0925389603 0.6349424720 0.7669970989 -0.9294332862 0.3314183950 -0.1622207463 -0.3571977913 -0.6978608966 0.6208058000
-160.5 -153.6 2627.0 0.9552214146 0.1754880697 0.2382351309 -0.1755449623 0.9842441678 -0.0211505163 -0.2381932139 -0.0216175541 0.9709771872
-230.6 -546.5 2635.6 0.9579826593 -0.1119480208 0.2640773654 0.0759991556 0.9868513346 0.1426482797 -0.2765743136 -0.1165849194 0.9538944364
7.4 -139.3 2688.1 0.9784206152 0.2045633942 0.0291013923 -0.2003820539 0.9737638831 -0.1078469828 -0.0503994264 0.0996883139 0.9937415123
-73.3 -523.4 2648.7 0.9930438995 -0.1021635681 0.0585352406 0.1002419293 0.9943514466 0.0348823704 -0.0617683046 -0.0287720393 0.9976757169
-221.7 394.5 2497.7 0 0 0 0 0 0 0 0 0
116.2 -264.0 2576.3 0 0 0 0 0 0 0 0 0
-198.1 -832.6 2669.4 0 0 0 0 0 0 0 0 0
-40.3 -844.9 2658.0 0 0 0 0 0 0 0 0 0
-136.3 462.0 2666.4 8 0.9475963116 -0.0755461678 -0.3104094267 0.0660293549 0.9969721437 -0.0410691649 0.3125721514 0.0184208564 0.9497153759
-120.8 257.8 2662.6 0.9475963116 -0.0755461678 -0.3104094267 0.0660293549 0.9969721437 -0.0410691649 0.3125721514 0.0184208564 0.9497153759
-103.1 65.0 2657.8 0.9465337992 -0.0910070091 -0.3095019758 0.0787403360 0.9955419302 -0.0519250482 0.3128477335 0.0247785226 0.9494799972
-250.1 247.2 2620.0 0.4680522978 -0.8227428198 -0.3225232959 0.1923958510 0.4510872960 -0.8714953065 0.8625026941 0.3458532393 0.3694247603
-357.4 203.1 2422.3 -0.5556772947 -0.8227428198 -0.1196535975 -0.7663722634 0.4510872960 0.4573770463 -0.3223294616 0.3458532393 -0.8811863065
8.4 268.5 2705.2 0.2764108479 0.6368191838 0.7197626829 -0.9532946348 0.2765746415 0.1213913113 -0.1217637956 -0.7196998000 0.6835245490
91.7 -18.5 2668.6 0.0787123442 0.6342458725 0.7691141367 -0.9357444048 0.3130631149 -0.1624002606 -0.3437829614 -0.7069113851 0.6181339622
-164.7 -137.4 2625.0 0.9594158530 0.1338492185 0.2482047826 -0.1331156045 0.9909024239 -0.0198154766 -0.2485990077 -0.0140286488 0.9685049057
-217.4 -527.2 2630.5 0.9621039629 -0.0604527034 0.2658974528 0.0253709517 0.9907312989 0.1334457844 -0.2715000808 -0.1216426417 0.9547202587
4.1 -123.3 2683.4 0.9784149528 0.2035538852 0.0356367268 -0.1977882832 0.9723872542 -0.1238660589 -0.0598661155 0.1141438782 0.9916588068
-75.6 -503.9 2638.7 0.9918058515 -0.1041872725 0.0739338100 0.0994974226 0.9929440022 0.0645171627 -0.0801339969 -0.0566322766 0.9951739907
-219.0 393.8 2502.5 0 0 0 0 0 0 0 0 0
112.2 -262.2 2579.1 0 0 0 0 0 0 0 0 0
-198.9 -829.4 2667.6 0 0 0 0 0 0 0 0 0
-39.9 -844.4 2658.1 0 0 0 0 0 0 0 0 0
-139.0 453.6 2661.7 9 0.9473375678 -0.0819739625 -0.3095670938 0.0821980685 0.9965395927 -0.0123429811 0.3095076382 -0.0137528470 0.9507974982
-123.2 261.6 2664.3 0.9473375678 -0.0819739625 -0.3095670938 0.0821980685 0.9965395927 -0.0123429811 0.3095076382 -0.0137528470 0.9507974982
-105.7 68.5 2657.8 0.9479537606 -0.0897683948 -0.3054918647 0.0750512555 0.9953964353 -0.0596088469 0.3094365299 0.0335788801 0.9503270388
-252.6 251.3 2622.1 0.4463469982 -0.8380326033 -0.3138084412 0.1967152357 0.4339893162 -0.8791794181 0.8729704618 0.3306881785 0.3585636020
-355.0 206.2 2422.0 -0.5343969464 -0.8380326033 -0.1100967824 -0.7751604915 0.4339893162 0.4591072500 -0.3369660079 0.3306881785 -0.8815323114
6.3 271.8 2706.5 0.2848351896 0.6333962083 0.7194985151 -0.9504480362 0.2841546237 0.1261136383 -0.1245689318 -0.7197675705 0.6829474568
92.1 -14.3 2669.0 0.0713535920 0.6321222186 0.7715764046 -0.9394268394 0.3025759757 -0.1610125899 -0.3352400959 -0.7133507133 0.6154224277
-170.3 -131.9 2623.5 0.9620459080 0.1034644023 0.2525130510 -0.0999534428 0.9946330190 -0.0267285816 -0.2539232969 0.0004745740 0.9672242403
-210.7 -520.4 2623.3 0.9630327225 -0.0379773192 0.2666940391 -0.0017749777 0.9890966415 0.1472571343 -0.2693786025 -0.1422868073 0.9524649978
-0.8 -119.1 2680.2 0.9783851504 0.2026464939 0.0411938876 -0.1961545944 0.9725261331 -0.1253647953 -0.0654668659 0.1145746782 0.9912551045
-79.8 -498.2 2635.6 0.9900026321 -0.1149255410 0.0817732289 0.1087628528 0.9911420345 0.0762109682 -0.0898074657 -0.0665551722 0.9937328696
-221.3 400.2 2506.3 0 0 0 0 0 0 0 0 0
110.9 -262.1 2580.6 0 0 0 0 0 0 0 0 0
-198.8 -830.6 2667.9 0 0 0 0 0 0 0 0 0
-39.8 -843.3 2658.7 0 0 0 0 0 0 0 0 0
-138.5 448.7 2669.3 0 0.9477711320 -0.0786539167 -0.3091011047 0.0671282560 0.9966003299 -0.0477652736 0.3118071854 0.0245211292 0.9498289227
-123.9 263.7 2664.8 0.9477711320 -0.0786539167 -0.3091011047 0.0671282560 0.9966003299 -0.0477652736 0.3118071854 0.0245211292 0.9498289227
-108.0 70.5 2657.3 0.9478618503 -0.0820545703 -0.3079366088 0.0660031959 0.9958786964 -0.0622026883 0.3117715120 0.0386347547 0.9493712783
-253.4 254.7 2622.2 0.4397504330 -0.8377845883 -0.3236302733 0.2087779343 0.4458280206 -0.8704304099 0.8735166192 0.3152053058 0.3709639907
-354.7 206.6 2421.0 -0.5356831551 -0.8377845883 -0.1056435779 -0.7828512788 0.4458280206 0.4340291321 -0.3165240586 0.3152053058 -0.8946832418
5.6 272.7 2707.3 0.2883279920 0.6357758045 0.7160000801 -0.9493374228 0.2874201834 0.1270750910 -0.1250015944 -0.7163649797 0.6864370108
92.0 -12.0 2669.8 0.0824527219 0.6346227527 0.7684110403 -0.9419549108 0.3014234006 -0.1478679776 -0.3254574537 -0.7116163969 0.6226391792
-173.2 -129.7 2622.8 0.9646511674 0.0793453529 0.2513014674 -0.0759949461 0.9968423247 -0.0230249055 -0.2523348629 0.0031133604 0.9676349759
-204.1 -517.8 2621.6 0.9652811289 -0.0147190979 0.2607980967 -0.0221253037 0.9902160168 0.1377779245 -0.2602744401 -0.1387646794 0.9555111527
-3.5 -116.9 2678.6 0.9801067114 0.1947989166 0.0380031280 -0.1883373111 0.9732565284 -0.1315325648 -0.0626091957 0.1217585504 0.9905831218
-79.2 -495.5 2631.2 0.9905253053 -0.1108759940 0.0810314566 0.1033560336 0.9904031157 0.0917564332 -0.0904273912 -0.0825119764 0.9924790263
-220.8 402.3 2500.1 0 0 0 0 0 0 0 0 0
114.0 -263.1 2583.1 0 0 0 0 0 0 0 0 0
-199.6 -823.2 2664.4 0 0 0 0 0 0 0 0 0
-40.4 -842.3 2660.1 0 0 0 0 0 0 0 0 0
-139.0 442.8 2672.1 1 0.9499238729 -0.1004034206 -0.2959117293 0.0786427483 0.9933087230 -0.0845758095 0.3024233878 0.0570692718 0.9514636993
-119.5 250.6 2661.1 0.9499238729 -0.1004034206 -0.2959117293 0.0786427483 0.9933087230 -0.0845758095 0.3024233878 0.0570692718 0.9514636993
-115.1 57.1 2652.9 0.9542267323 -0.0230291914 -0.2981961668 0.0091972183 0.9988190532 -0.0477060564 0.2989426553 0.0427798219 0.9533116817
-249.7 249.4 2620.3 0.4554636776 -0.8286412358 -0.3254328966 0.1850446910 0.4456854463 -0.8758555651 0.8708107471 0.3387007713 0.3563291728
-354.4 206.8 2420.0 -0.5464188457 -0.8286412358 -0.1215736493 -0.7754076123 0.4456854463 0.4473338127 -0.3164956272 0.3387007713 -0.8860656619
10.6 251.9 2701.9 0.2922695875 0.6352764368 0.7148442864 -0.9503713250 0.2762921154 0.1430280209 -0.1066434979 -0.7211702466 0.6845002770
91.1 -10.0 2672.5 0.0875695869 0.6329297423 0.7692408562 -0.9415559769 0.3047379255 -0.1435519457 -0.3252751529 -0.7117125392 0.6226245761
-177.0 -127.9 2621.5 0.9615045190 0.0741201937 0.2646040320 -0.0707276389 0.9972454906 -0.0223393459 -0.2655309737 0.0027645631 0.9640983939
-205.8 -515.6 2620.4 0.9617505074 -0.0184415579 0.2733053863 -0.0224848464 0.9890496135 0.1458603889 -0.2730024755 -0.1464265287 0.9508043528
-7.7 -117.0 2677.3 0.9822865129 0.1813084036 0.0473331474 -0.1745547205 0.9772170186 -0.1207377389 -0.0681455210 0.1103368327 0.9915553331
-78.0 -496.0 2634.5 0.9906373620 -0.1071505025 0.0845955163 0.0996319503 0.9910722971 0.0885953009 -0.0933333039 -0.0793373957 0.9924688935
-218.0 400.5 2499.0 0 0 0 0 0 0 0 0 0
114.6 -262.6 2585.3 0 0 0 0 0 0 0 0 0
-200.0 -828.3 2666.7 0 0 0 0 0 0 0 0 0
-40.6 -841.9 2662.2 0 0 0 0 0 0 0 0 0
-139.5 439.4 2672.6 2 0.9535579085 -0.1443674564 -0.2643583119 0.1130150110 0.9850164056 -0.1302699894 0.2792040110 0.0943435282 0.9555858970
-109.0 231.3 2652.6 0.9535579085 -0.1443674564 -0.2643583119 0.1130150110 0.9850164056 -0.1302699894 0.2792040110 0.0943435282 0.9555858970
-114.3 37.9 2653.7 0.9616891742 0.0282226987 -0.2726856172 -0.0259261597 0.9995915890 0.0120221442 0.2729135454 -0.0044918745 0.9620280862
-240.1 234.9 2615.2 0.5044106841 -0.8098588586 -0.2994970381 0.1337540895 0.4159531295 -0.8994958997 0.8530414104 0.4136564136 0.3181331456
-354.9 204.5 2421.2 -0.5553063750 -0.8098588586 -0.1891123354 -0.7709032297 0.4159531295 0.4823807180 -0.3119984269 0.4136564136 -0.8553042412
22.1 227.6 2690.0 0.2671836615 0.6227420568 0.7353945971 -0.9611730576 0.2268535346 0.1571108699 -0.0689873099 -0.7488189340 0.6591744423
87.9 -9.0 2673.0 0.0970973596 0.6160543561 0.7816963196 -0.9358173609 0.3239080906 -0.1390304416 -0.3388480544 -0.7180255055 0.6079649329
-196.0 -136.8 2617.7 0.9567390084 0.0232202113 0.2900194228 -0.0239508897 0.9997125864 -0.0010302321 -0.2899599969 -0.0059605604 0.9570202231
-205.0 -524.7 2620.0 0.9568647146 -0.0160198975 0.2900918722 -0.0304297600 0.9874609113 0.1549032927 -0.2889358997 -0.1570489258 0.9443789721
-25.6 -135.6 2671.2 0.9903626442 0.1214116663 0.0666414574 -0.1149269864 0.9889379740 -0.0937736183 -0.0772894770 0.0852109864 0.9933606982
-72.6 -518.6 2638.2 0.9913951755 -0.0983359143 0.0864041299 0.0918057635 0.9928295016 0.0765589625 -0.0933130682 -0.0679677874 0.9933141470
-216.1 397.1 2499.1 0 0 0 0 0 0 0 0 0
114.1 -261.4 2581.6 0 0 0 0 0 0 0 0 0
-200.0 -827.9 2668.2 0 0 0 0 0 0 0 0 0
-40.7 -840.2 2660.3 0 0 0 0 0 0 0 0 0
-138.5 436.7 2673.8 3 0.9561633468 -0.1442717016 -0.2548279464 0.1090588793 0.9830535650 -0.1473492831 0.2717678547 0.1130987331 0.9556939602
-106.6 219.7 2648.8 0.9561633468 -0.1442717016 -0.2548279464 0.1090588793 0.9830535650 -0.1473492831 0.2717678547 0.1130987331 0.9556939602
-115.8 26.4 2656.4 0.9632211328 0.0476517491 -0.2644509971 -0.0356590226 0.9981139898 0.0499689952 0.2663333416 -0.0387011282 0.9631037116
-238.1 224.7 2612.3 0.5153069496 -0.8041067719 -0.2964304090 0.0864984840 0.3929246366 -0.9154934287 0.8526293039 0.4461193681 0.2720308304
-354.2 205.2 2420.2 -0.5531284213 -0.8041067719 -0.2178559452 -0.7695051432 0.3929246366 0.5034601688 -0.3192347586 0.4461193681 -0.8361020684
24.8 214.8 2685.3 0.2584350407 0.6164285541 0.7437924147 -0.9646443129 0.2058769763 0.1645478457 -0.0516977496 -0.7600200772 0.6478401423
87.6 -19.7 2672.7 0.0709040314 0.6123380065 0.7874101996 -0.9343978763 0.3170505762 -0.1624179482 -0.3491035402 -0.7242382765 0.5946474671
-205.6 -152.9 2630.1 0.9548762441 0.0067567560 0.2969270349 -0.0036598225 0.9999329448 -0.0109846015 -0.2969813645 0.0094022350 0.9548369646
-208.3 -540.9 2626.4 0.9552287459 -0.0287453905 0.2944686413 -0.0140015520 0.9897621274 0.1420381665 -0.2955368459 -0.1398019642 0.9450467825
-33.8 -157.9 2679.1 0.9931233525 0.0954257548 0.0678228438 -0.0880373940 0.9906053543 -0.1046443284 -0.0771714374 0.0979537815 0.9921943545
-70.8 -541.8 2641.2 0.9914935827 -0.1000450775 0.0832554847 0.0945374966 0.9932191372 0.0676635802 -0.0894603506 -0.0592172407 0.9942284226
-215.6 397.9 2500.2 0 0 0 0 0 0 0 0 0
106.8 -272.4 2578.3 0 0 0 0 0 0 0 0 0
-200.1 -823.8 2666.4 0 0 0 0 0 0 0 0 0
-40.8 -839.6 2658.9 0 0 0 0 0 0 0 0 0
-136.8 436.9 2665.4 4 0.9554398060 -0.1454267949 -0.2568770349 0.1171213016 0.9855546951 -0.1223297343 0.2709563971 0.0867929235 0.9586707354
-103.8 212.6 2645.6 0.9554398060 -0.1454267949 -0.2568770349 0.1171213016 0.9855546951 -0.1223297343 0.2709563971 0.0867929235 0.9586707354
-114.1 19.3 2656.1 0.9625897408 0.0535195768 -0.2656249404 -0.0371202081 0.9971035123 0.0663831607 0.2684083283 -0.0540396981 0.9617882967
-235.2 217.7 2608.9 0.5341239572 -0.7928334475 -0.2934734523 0.0462071821 0.3739981651 -0.9262776375 0.8441424370 0.4811865389 0.2363959849
-354.5 207.4 2420.3 -0.5568836331 -0.7928334475 -0.2475796491 -0.7653381824 0.3739981651 0.5238156319 -0.3227042258 0.4811865389 -0.8150591850
27.7 207.5 2682.3 0.2480644882 0.6189134717 0.7452583909 -0.9679236412 0.1899938732 0.1643962711 -0.0398474596 -0.7621341348 0.6461917162
87.1 -24.4 2672.8 -0.0117123267 0.6221467257 0.7828130126 -0.9352101684 0.2702594697 -0.2287832946 -0.3538994193 -0.7347742915 0.5786725879
-211.1 -163.5 2640.0 0.9553802609 -0.0063523869 0.2953103781 0.0150048891 0.9995216727 -0.0270428229 -0.2949973345 0.0302672796 0.9550185800
-208.7 -551.3 2628.3 0.9565004110 -0.0332352743 0.2898315489 -0.0095653078 0.9893823862 0.1450208426 -0.2915740311 -0.1414848268 0.9460267425
-38.8 -170.1 2687.9 0.9954515100 0.0694430843 0.0652224943 -0.0630644783 0.9934558272 -0.0952280015 -0.0714085922 0.0906816348 0.9933164716
-65.8 -555.3 2652.7 0.9938883185 -0.0825179443 0.0733268484 0.0806078315 0.9963342547 0.0286426935 -0.0754215866 -0.0225569196 0.9968965650
-215.3 398.8 2501.0 0 0 0 0 0 0 0 0 0
84.0 -276.8 2577.3 0 0 0 0 0 0 0 0 0
-199.4 -826.3 2667.6 0 0 0 0 0 0 0 0 0
-42.5 -836.1 2659.1 0 0 0 0 0 0 0 0 0
-136.7 441.3 2670.2 5 0.9561650753 -0.1374595761 -0.2585598826 0.1023329720 0.9841576815 -0.1447814852 0.2743652761 0.1119757965 0.9550838470
-104.1 208.0 2643.6 0.9561650753 -0.1374595761 -0.2585598826 0.1023329720 0.9841576815 -0.1447814852 0.2743652761 0.1119757965 0.9550838470
-114.9 14.7 2656.4 0.9618674517 0.0557461120 -0.2677748501 -0.0358708315 0.9962642789 0.0785543323 0.2711536288 -0.0659535527 0.9602738619
-235.5 212.9 2606.6 0.5352965593 -0.7836669683 -0.3151565790 0.0292717218 0.3901015520 -0.9203064442 0.8441568613 0.4834116995 0.2317592949
-355.7 206.3 2417.0 -0.5718535781 -0.7836669683 -0.2425892204 -0.7569767833 0.3901015520 0.5242203474 -0.3161797523 0.4834116995 -0.8162986636
27.2 203.1 2680.7 0.2574459910 0.6166989207 0.7439113259 -0.9654404521 0.1964868903 0.1712240726 -0.0405751280 -0.7622830272 0.6459708214
90.0 -32.3 2670.8 -0.1313181669 0.6198264360 0.7736735344 -0.9186199307 0.2173122019 -0.3300194740 -0.3726834953 -0.7540494800 0.5408478379
-210.6 -170.6 2642.6 0.9560906887 -0.0061334772 0.2930066884 0.0130810281 0.9996777177 -0.0217576940 -0.2927787900 0.0246351585 0.9558628201
-208.3 -558.6 2633.0 0.9568344355 -0.0337228775 0.2886703610 -0.0044085644 0.9914470911 0.1304349750 -0.2906000316 -0.1260773093 0.9485020638
-38.3 -177.3 2690.7 0.9959985018 0.0647681728 0.0615800209 -0.0584719442 0.9933618307 -0.0990623608 -0.0675873309 0.0950652584 0.9931739569
-63.4 -562.8 2653.8 0.9943718910 -0.0804740638 0.0689090565 0.0792099461 0.9966390729 0.0208891630 -0.0703584924 -0.0153133143 0.9974042177
-213.9 394.1 2495.4 0 0 0 0 0 0 0 0 0
54.7 -278.9 2570.7 0 0 0 0 0 0 0 0 0
-199.2 -823.6 2666.7 0 0 0 0 0 0 0 0 0
-40.9 -841.3 2658.1 0 0 0 0 0 0 0 0 0
-137.5 440.0 2672.6 6 0.9525806904 -0.1412561387 -0.2695119381 0.1008439139 0.9822168350 -0.1583684683 0.2870896757 0.1236801147 0.9498856664
-103.7 205.3 2643.0 0.9525806904 -0.1412561387 -0.2695119381 0.1008439139 0.9822168350 -0.1583684683 0.2870896757 0.1236801147 0.9498856664
-114.8 12.3 2659.2 0.9581944346 0.0572820194 -0.2803250551 -0.0313258879 0.9948674440 0.0962158740 0.2843977213 -0.0834120885 0.9550708532
-234.6 209.6 2604.2 0.5416486263 -0.7826027870 -0.3068381250 0.0182778053 0.3758990467 -0.9264803529 0.8404062986 0.4962184727 0.2179094553
-355.2 205.5 2417.0 -0.5647011995 -0.7826027870 -0.2620026767 -0.7641524076 0.3758990467 0.5241860747 -0.3117429316 0.4962184727 -0.8102984428
27.2 201.0 2681.9 0.2586865723 0.5875284076 0.7667409182 -0.9647970796 0.1961108297 0.1752343774 -0.0474110320 -0.7850801945 0.6175768971
90.5 -35.3 2670.3 -0.2159536034 0.5875284076 0.7798553705 -0.8970027566 0.1961108297 -0.3961396515 -0.3856813610 -0.7850801945 0.4846637249
-211.9 -175.3 2644.9 0.9598696828 0.0039667762 0.2804183364 0.0036902679 0.9996347427 -0.0267725121 -0.2804221213 0.0267329421 0.9595044255
-213.4 -563.3 2634.6 0.9595321417 -0.0493200906 0.2772464156 0.0109917950 0.9903525114 0.1381344944 -0.2813844681 -0.1294970512 0.9508171678
-39.6 -181.7 2693.6 0.9971328378 0.0589458272 0.0474500954 -0.0541314445 0.9938073754 -0.0970399082 -0.0528763533 0.0941931307 0.9941487312
-62.5 -567.5 2657.0 0.9955260158 -0.0779599175 0.0533878058 0.0776399076 0.9969490170 0.0080453418 -0.0538521372 -0.0038643223 0.9985414147
-214.4 396.1 2494.7 0 0 0 0 0 0 0 0 0
32.5 -276.4 2566.6 0 0 0 0 0 0 0 0 0
-200.3 -827.0 2669.1 0 0 0 0 0 0 0 0 0
-41.1 -840.5 2658.1 0 0 0 0 0 0 0 0 0
-139.1 442.4 2683.3 7 0.9541158080 -0.1353521496 -0.2671008706 0.0837914497 0.9770563245 -0.1958059072 0.2874753475 0.1644407362 0.9435662031
-106.3 205.5 2643.4 0.9541158080 -0.1353521496 -0.2671008706 0.0837914497 0.9770563245 -0.1958059072 0.2874753475 0.1644407362 0.9435662031
-117.6 12.8 2663.2 0.9584448338 0.0586200990 -0.2791902423 -0.0273567699 0.9930363297 0.1145882979 0.2839632332 -0.1021888182 0.9533742070
-237.2 209.2 2604.6 0.5334889293 -0.7847648263 -0.3154897094 0.0121552004 0.3800793588 -0.9248740077 0.8457196951 0.4895752072 0.2123070955
-355.8 206.5 2416.5 -0.5698509216 -0.7847648263 -0.2437501699 -0.7531159520 0.3800793588 0.5369879603 -0.3287648261 0.4895752072 -0.8076074719
24.7 201.8 2682.2 0.2667969167 0.5736554861 0.7744280100 -0.9628019333 0.1943353117 0.1877399087 -0.0428006761 -0.7957091928 0.6041646600
91.2 -38.4 2671.5 -0.2615756094 0.5736554861 0.7762071490 -0.8771163821 0.1943353117 -0.4392046034 -0.4027965963 -0.7957091928 0.4523292482
-211.8 -177.9 2649.9 0.9596006274 -0.0029669891 0.2813500762 0.0130633982 0.9993358850 -0.0340167880 -0.2810623050 0.0363179184 0.9590020776
-210.6 -565.8 2635.8 0.9598265886 -0.0440295935 0.2771179080 0.0082310345 0.9916051030 0.1290411055 -0.2804731727 -0.1215761229 0.9521313310
-40.1 -183.5 2700.9 0.9972299933 0.0576691478 0.0469744653 -0.0526687689 0.9934402108 -0.1015014127 -0.0525198206 0.0987461656 0.9937257767
-62.5 -569.2 2662.6 0.9953898191 -0.0806380138 0.0519287735 0.0813899860 0.9966035485 -0.0125293070 -0.0507420637 0.0166980270 0.9985721707
-213.9 394.1 2498.4 0 0 0 0 0 0 0 0 0
20.7 -274.9 2562.9 0 0 0 0 0 0 0 0 0
-199.1 -824.7 2667.6 0 0 0 0 0 0 0 0 0
-40.6 -839.9 2658.0 0 0 0 0 0 0 0 0 0
-137.4 439.2 2678.6 8 0.9545528889 -0.1250014901 -0.2705613673 0.0782868564 0.9810802341 -0.1770672053 0.2875760496 0.1478386074 0.9462788701
-107.5 204.7 2643.3 0.9545528889 -0.1250014901 -0.2705613673 0.0782868564 0.9810802341 -0.1770672053 0.2875760496 0.1478386074 0.9462788701
-117.2 11.9 2663.5 0.9582247138 0.0497539416 -0.2816557884 -0.0180567317 0.9933125377 0.1140356734 0.2854459584 -0.1041860133 0.9527149796
-238.4 207.1 2604.3 0.5061817169 -0.8028711677 -0.3149254024 -0.0366881080 0.3447850347 -0.9379644394 0.8616461158 0.4863344431 0.1450680494
-349.8 215.2 2414.8 -0.5429859161 -0.8028711677 -0.2460979819 -0.7596954703 0.3447850347 0.5513493419 -0.3578115702 0.4863344431 -0.7971509695
23.4 202.2 2682.3 0.2746808529 0.5797286630 0.7671147585 -0.9614741802 0.1746069789 0.2123200893 -0.0108555527 -0.7958813310 0.6053553224
87.5 -22.4 2679.7 -0.0735359192 0.5905644894 0.8036330342 -0.9196227193 0.2716200948 -0.2837544978 -0.3858582079 -0.7599053383 0.5231226683
-214.9 -177.4 2657.6 0.9598274827 -0.0073568374 0.2804943323 0.0250360984 0.9979144335 -0.0594979599 -0.2794716358 0.0641302615 0.9580098987
-212.0 -564.7 2632.7 0.9604218602 -0.0508303680 0.2738724649 0.0145060765 0.9910020232 0.1330584437 -0.2781715691 -0.1238194257 0.9525173903
-43.2 -182.3 2708.5 0.9975300431 0.0538140088 0.0451421291 -0.0478913486 0.9912081957 -0.1233398765 -0.0513826609 0.1208733171 0.9913371801
-64.1 -567.0 2661.6 0.9951602817 -0.0837642476 0.0513762310 0.0839449614 0.9964694381 -0.0013659525 -0.0510804281 0.0056721172 0.9986784458
-213.2 406.2 2504.8 0 0 0 0 0 0 0 0 0
68.2 -264.1 2578.3 0 0 0 0 0 0 0 0 0
-198.8 -822.9 2665.0 0 0 0 0 0 0 0 0 0
-40.9 -842.7 2660.0 0 0 0 0 0 0 0 0 0
-136.9 438.7 2677.3 9 0.9519560337 -0.1147712246 -0.2839142680 0.0685742199 0.9834615588 -0.1676331758 0.2984582186 0.1401102245 0.9440824986
-109.5 204.0 2643.8 0.9519560337 -0.1147712246 -0.2839142680 0.0685742199 0.9834615588 -0.1676331758 0.2984582186 0.1401102245 0.9440824986
-118.3 11.1 2663.9 0.9548104405 0.0453104638 -0.2937414348 -0.0126712285 0.9936183095 0.1120804921 0.2969453037 -0.1032935530 0.9492912889
-240.0 205.7 2603.3 0.4759168923 -0.8236562014 -0.3083724082 -0.0864083543 0.3051403463 -0.9483790994 0.8752352595 0.4779956043 0.0740506724
-343.1 224.4 2413.6 -0.5125101805 -0.8236562014 -0.2427420616 -0.7613386512 0.3051403463 0.5720601678 -0.3971105516 0.4779956043 -0.7834688425
20.9 202.2 2684.4 0.2816649079 0.5873636007 0.7587284446 -0.9594531655 0.1812280566 0.2158842385 -0.0107003292 -0.7887714505 0.6145935059
87.0 -22.8 2681.9 -0.0206266474 0.5942364931 0.8040258288 -0.9242361784 0.2953430712 -0.2419916540 -0.3812637329 -0.7481012344 0.5431229472
-212.7 -179.2 2658.2 0.9629565477 -0.0136133712 0.2693128288 0.0308643952 0.9977256060 -0.0599253364 -0.2678845227 0.0660176724 0.9611865282
-207.4 -566.5 2632.5 0.9647556543 -0.0326426476 0.2611148357 -0.0047569941 0.9899507761 0.1413322687 -0.2631042898 -0.1375932395 0.9549053311
-41.0 -182.5 2709.3 0.9972339869 0.0662984028 0.0335997865 -0.0614492148 0.9897249937 -0.1291062385 -0.0418140851 0.1266844422 0.9910613894
-66.8 -566.6 2660.1 0.9946731925 -0.0941374600 0.0419925451 0.0941528678 0.9955564141 0.0016150647 -0.0419579856 0.0023472570 0.9991165996
-212.7 418.1 2514.7 0 0 0 0 0 0 0 0 0
81.5 -266.5 2581.4 0 0 0 0 0 0 0 0 0
-198.7 -830.0 2669.2 0 0 0 0 0 0 0 0 0
-40.5 -844.6 2659.5 0 0 0 0 0 0 0 0 0
-136.0 440.3 2676.6 0 0.9495323896 -0.1134846732 -0.2924200892 0.0665132105 0.9839032888 -0.1658623666 0.3065359294 0.1380418837 0.9417962432
-108.6 202.9 2643.3 0.9495323896 -0.1134846732 -0.2924200892 0.0665132105 0.9839032888 -0.1658623666 0.3065359294 0.1380418837 0.9417962432
-117.2 10.0 2663.6 0.9522215128 0.0438547507 -0.3022432327 -0.0098560471 0.9935338497 0.1131077036 0.3052492142 -0.1047246680 0.9464965463
-238.7 204.2 2601.6 0.4976720214 -0.8041597605 -0.3250378966 -0.0617680997 0.3409318626 -0.9380565882 0.8651631474 0.4869214892 0.1200008318
-347.8 217.8 2412.1 -0.5404416323 -0.8041597605 -0.2474872619 -0.7604181767 0.3409318626 0.5527473688 -0.3601209223 0.4869214892 -0.7957514524
21.4 201.5 2685.0 0.2766277194 0.6949898601 0.6636762619 -0.9607641101 0.2145575285 0.1757765114 -0.0202338453 -0.6862609982 0.7270738482
86.9 -25.8 2680.2 -0.0941352546 0.6949898601 0.7128307223 -0.9190734029 0.2145575285 -0.3305588365 -0.3826782405 -0.6862609982 0.6185492873
-212.7 -180.6 2657.4 0.9651905894 -0.0156205669 0.2610805929 0.0315229744 0.9978858829 -0.0568335503 -0.2596408725 0.0630852431 0.9636424780
-206.6 -568.0 2632.9 0.9670811296 -0.0240911003 0.2533252537 -0.0104907751 0.9908876419 0.1342819333 -0.2542518377 -0.1325191110 0.9580160379
-41.6 -182.9 2710.6 0.9974377751 0.0672863200 0.0242987163 -0.0631690621 0.9878020287 -0.1423265040 -0.0335789472 0.1404269040 0.9895214438
-67.7 -566.3 2656.1 0.9946960807 -0.0968252197 0.0347062834 0.0962879881 0.9952111244 0.0168341659 -0.0361700505 -0.0134030823 0.9992557764
-211.5 409.5 2502.9 0 0 0 0 0 0 0 0 0
62.1 -268.3 2579.3 0 0 0 0 0 0 0 0 0
-200.3 -828.3 2667.7 0 0 0 0 0 0 0 0 0
-40.7 -843.7 2659.8 0 0 0 0 0 0 0 0 0
-137.7 438.4 2675.8 1 0.9504355788 -0.1151438355 -0.2888149321 0.0683919862 0.9835714698 -0.1670620441 0.3033062816 0.1390290856 0.9426962733
-110.4 205.0 2642.8 0.9504355788 -0.1151438355 -0.2888149321 0.0683919862 0.9835714698 -0.1670620441 0.3033062816 0.1390290856 0.9426962733
-120.3 12.6 2666.2 0.9530532956 0.0510575920 -0.2984669209 -0.0122785466 0.9913873672 0.1303854436 0.3025535047 -0.1205995381 0.9454718828
-240.6 206.6 2601.5 0.4976930916 -0.8007804751 -0.3332449496 -0.0254320279 0.3705708683 -0.9284559488 0.8669802547 0.4705612063 0.1640650928
-349.6 212.2 2411.6 -0.5531113148 -0.8007804751 -0.2298227698 -0.7589651346 0.3705708683 0.5353962779 -0.3435692787 0.4705612063 -0.8127313852
19.8 203.3 2684.1 0.2857550979 0.6133474112 0.7363076806 -0.9579211473 0.2044995278 0.2014125288 -0.0270387102 -0.7628793716 0.6459752321
89.9 -31.7 2677.5 -0.1945667118 0.6133474112 0.7654728889 -0.8970097303 0.2044995278 -0.3918590546 -0.3968845606 -0.7628793716 0.5103898048
-211.0 -182.0 2656.6 0.9646065831 -0.0000279061 0.2636932731 0.0181425083 0.9976373911 -0.0662608668 -0.2630684078 0.0686997250 0.9623280764
-211.0 -569.2 2630.0 0.9653079510 -0.0421864279 0.2576836646 0.0040089032 0.9891405106 0.1469184160 -0.2610833049 -0.1407884955 0.9549943209
-40.4 -183.7 2711.3 0.9970537424 0.0720932931 0.0261985213 -0.0681905597 0.9894707799 -0.1276620328 -0.0351262465 0.1254994124 0.9914716482
-68.3 -567.8 2662.6 0.9943037033 -0.1005922258 0.0352333747 0.1006417871 0.9949226379 0.0003685554 -0.0350915566 0.0031794938 0.9993790388
-212.5 400.4 2496.8 0 0 0 0 0 0 0 0 0
38.7 -267.8 2573.1 0 0 0 0 0 0 0 0 0
-199.8 -830.1 2667.1 0 0 0 0 0 0 0 0 0
-40.7 -841.1 2661.7 0 0 0 0 0 0 0 0 0
-137.1 436.9 2675.9 2 0.9510932565 -0.1127417907 -0.2875950933 0.0689127594 0.9849938154 -0.1582346559 0.3011190593 0.1306769401 0.9445903301
-110.5 204.7 2645.1 0.9510932565 -0.1127417907 -0.2875950933 0.0689127594 0.9849938154 -0.1582346559 0.3011190593 0.1306769401 0.9445903301
-119.6 11.9 2665.3 0.9538364410 0.0469240882 -0.2966380715 -0.0135461465 0.9934353232 0.1135904044 0.3000208735 -0.1043283641 0.9482104778
-240.8 206.6 2604.1 0.4958766401 -0.7852454185 -0.3708045483 -0.0214641374 0.4157873392 -0.9092085361 0.8681276441 0.4588142633 0.1893246174
-350.5 211.3 2412.1 -0.5875012279 -0.7852454185 -0.1955300272 -0.7343136072 0.4157873392 0.5365672708 -0.3400380611 0.4588142633 -0.8208919168
19.8 202.9 2686.1 0.2813247442 0.5954941511 0.7524912357 -0.9591540694 0.1987334341 0.2013168335 -0.0296621695 -0.7783904672 0.6270793080
88.0 -29.5 2678.9 -0.2401959002 0.5954941511 0.7666111588 -0.8805525899 0.1987334341 -0.4302699268 -0.4085744917 -0.7783904672 0.4766289592
-215.6 -178.8 2662.5 0.9638437033 -0.0142375594 0.2660875916 0.0300507583 0.9980090261 -0.0554517470 -0.2647683024 0.0614429489 0.9623525739
-210.1 -566.1 2638.7 0.9650061131 -0.0362361521 0.2597115934 0.0059692492 0.9931851625 0.1163939089 -0.2621593773 -0.1107705534 0.9586461186
-44.8 -181.0 2716.7 0.9982323647 0.0521773510 0.0284540057 -0.0471589118 0.9867793322 -0.1550565362 -0.0361682661 0.1534405947 0.9874957204
-65.1 -563.8 2657.2 0.9955084324 -0.0871343613 0.0370206833 0.0865415037 0.9960975051 0.0173288658 -0.0383861512 -0.0140472054 0.9991642237
-203.9 394.5 2496.9 0 0 0 0 0 0 0 0 0
24.6 -261.9 2571.0 0 0 0 0 0 0 0 0 0
-200.7 -821.9 2667.2 0 0 0 0 0 0 0 0 0
-40.8 -840.7 2661.1 0 0 0 0 0 0 0 0 0
-139.4 435.4 2672.4 3 0.9482136369 -0.1208891496 -0.2937290072 0.0811906978 0.9862682223 -0.1438162327 0.3070814013 0.1125204489 0.9450080395
-111.1 204.6 2646.1 0.9482136369 -0.1208891496 -0.2937290072 0.0811906978 0.9862682223 -0.1438162327 0.3070814013 0.1125204489 0.9450080395
-119.7 11.6 2664.9 0.9518403411 0.0443694405 -0.3033666313 -0.0126810046 0.9943237305 0.1056388170 0.3063317835 -0.0967042968 0.9470000863
-241.2 206.4 2604.2 0.4980073571 -0.7861848474 -0.3659262955 -0.0151241571 0.4140375853 -0.9101341367 0.8670409322 0.4587877989 0.1943033636
-351.8 209.7 2411.6 -0.5837649703 -0.7861848474 -0.2028097957 -0.7411839366 0.4140375853 0.5284120440 -0.3314586878 0.4587877989 -0.8244082332
18.9 202.9 2688.0 0.2715737522 0.6277351379 0.7295178771 -0.9619388580 0.2009511143 0.1851816028 -0.0303524267 -0.7520420551 0.6584159136
84.5 -29.6 2680.6 -0.2213415205 0.6277351379 0.7462952137 -0.8801479936 0.2009511143 -0.4300675988 -0.4199374020 -0.7520420551 0.5080209970
