-427.3 493.7 2303.4 1 0.9164347649 0.2256013751 -0.3305319250 -0.1670134068 0.9661945105 0.1964043826 0.3636672497 -0.1247885451 0.9231326580
-484.0 251.0 2334.7 0.9164347649 0.2256013751 -0.3305319250 -0.1670134068 0.9661945105 0.1964043826 0.3636672497 -0.1247885451 0.9231326580
-457.4 59.1 2363.5 0.9323514104 -0.1353079230 -0.3352798223 0.1760350764 0.9798783660 0.0940743834 0.3158044517 -0.1467314065 0.9374099970
-616.8 225.9 2289.8 0.3524950147 -0.5807866454 -0.7337806821 0.8943946958 -0.0216109697 0.4467561245 -0.2753277123 -0.8137689233 0.5118347406
-707.4 -3.8 2360.5 -0.6675169468 -0.5807866454 -0.4659484327 0.5848200917 -0.0216109697 -0.8108751178 0.4608758390 -0.8137689233 0.3540813923
-351.1 276.0 2379.7 0.8688660264 0.4456006885 -0.2156661153 -0.3893629313 0.3460775614 -0.8535963893 -0.3057259321 0.8256332874 0.4741954207
-197.4 207.1 2325.6 -0.5908949971 0.4456006885 0.6725199819 0.8065209985 0.3460775614 0.4793267846 -0.0191557389 0.8256332874 -0.5638818145
-516.2 -148.0 2370.6 0.7744127512 -0.0057821833 -0.6326543093 0.0358814374 0.9987502098 0.0347932242 0.6316624284 -0.0496448614 0.7736523151
-514.0 -539.1 2390.1 0.7749283314 -0.1449661106 -0.6151998639 0.0324243158 0.9811782241 -0.1903626472 0.6312168241 0.1275699735 0.7650432587
-346.7 -114.7 2423.9 -0.6132049561 -0.1658136547 -0.7723247409 -0.2838059068 0.9586832523 0.0195104703 0.7371796966 0.2311542332 -0.6349282265
-281.8 -490.2 2333.3 -0.6412802935 0.0263995621 -0.7668524384 0.0530892313 0.9985395074 -0.0100202728 0.7654679418 -0.0471374094 -0.6417452097
-531.8 -157.6 2239.2 0 0 0 0 0 0 0 0 0
-348.7 413.6 2320.7 0 0 0 0 0 0 0 0 0
-480.1 -768.5 2360.3 0 0 0 0 0 0 0 0 0
-289.0 -764.0 2346.3 0 0 0 0 0 0 0 0 0
-429.2 495.5 2306.3 2 0.9136201143 0.2269543409 -0.3373278081 -0.1717587262 0.9674736261 0.1857247204 0.3685067892 -0.1117428467 0.9228847623
-486.6 250.9 2334.6 0.9136201143 0.2269543409 -0.3373278081 -0.1717587262 0.9674736261 0.1857247204 0.3685067892 -0.1117428467 0.9228847623
-458.7 59.3 2364.1 0.9291350245 -0.1422119588 -0.3412973285 0.1844756603 0.9782755971 0.0945812017 0.3204322755 -0.1508397609 0.9351847768
-619.0 224.6 2288.9 0.3491596878 -0.5889872909 -0.7288219929 0.8934936523 -0.0251462106 0.4483712018 -0.2824120522 -0.8077509403 0.5174763799
-707.7 -2.3 2360.7 -0.6623841524 -0.5889872909 -0.4629699886 0.5876258612 -0.0251462106 -0.8087419271 0.4646967947 -0.8077509403 0.3627606332
-354.2 277.2 2380.2 0.8691410422 0.4433371425 -0.2191940546 -0.3883388340 0.3373279274 -0.8575562835 -0.3062462807 0.8304589391 0.4653505683
-194.1 205.6 2323.8 -0.6000880599 0.4433371425 0.6658427119 0.7999208570 0.3373279274 0.4963229299 -0.0045689512 0.8304589391 -0.5570610762
-515.2 -148.6 2363.7 0.7705513835 -0.0039974432 -0.6373653412 0.0414598659 0.9981768727 0.0438630730 0.6360279918 -0.0602238327 0.7693123221
-513.6 -539.6 2387.2 0.7718352079 -0.1392402500 -0.6203890443 0.0326172486 0.9831128120 -0.1800704449 0.6349854469 0.1187493280 0.7633426785
-346.7 -116.9 2420.7 -0.6171129346 -0.1619747132 -0.7700232863 -0.2746562660 0.9613760710 0.0178894941 0.7373842597 0.2225315571 -0.6377649307
-283.2 -493.4 2333.6 -0.6460666656 0.0152563062 -0.7631284595 0.0467085280 0.9987167120 -0.0195774306 0.7618504763 -0.0482929312 -0.6459501982
-533.4 -156.9 2238.4 0 0 0 0 0 0 0 0 0
-347.7 410.4 2322.7 0 0 0 0 0 0 0 0 0
-481.0 -769.7 2359.5 0 0 0 0 0 0 0 0 0
-287.3 -763.4 2346.6 0 0 0 0 0 0 0 0 0
-430.4 496.4 2307.3 3 0.9235560298 0.2107745558 -0.3203409910 -0.1597768962 0.9709352255 0.1782023758 0.3485908806 -0.1133967936 0.9303900003
-483.4 252.4 2335.8 0.9235560298 0.2107745558 -0.3203409910 -0.1597768962 0.9709352255 0.1782023758 0.3485908806 -0.1133967936 0.9303900003
-457.7 60.8 2367.3 0.9372248054 -0.1312669516 -0.3230769038 0.1753173172 0.9782196879 0.1111308411 0.3014523685 -0.1607955545 0.9398251176
-617.0 227.4 2292.9 0.3512180150 -0.5914556384 -0.7258278728 0.8957058787 -0.0135256108 0.4444412589 -0.2726845741 -0.8062240481 0.5250198841
-707.2 -2.7 2362.9 -0.6600140929 -0.5914556384 -0.4632079601 0.5824991465 -0.0135256108 -0.8127188087 0.4744219482 -0.8062240481 0.3534494936
-349.9 277.3 2378.8 0.8694049120 0.4407238066 -0.2233777791 -0.3990865052 0.3598147333 -0.8433642983 -0.2913160920 0.8223720789 0.4887116253
-194.2 205.9 2326.6 -0.6003734469 0.4407238066 0.6673187017 0.7992315888 0.3598147333 0.4814168811 -0.0279392302 0.8223720789 -0.5682635903
-514.8 -148.9 2364.7 0.7823752761 -0.0030166800 -0.6227999926 0.0418485887 0.9979829192 0.0477371663 0.6213997006 -0.0634116754 0.7809233665
-513.6 -539.8 2389.6 0.7841888666 -0.1409682482 -0.6042977571 0.0296490230 0.9812533855 -0.1904278547 0.6198135018 0.1314145625 0.7736675143
-346.9 -115.6 2422.6 -0.6051388979 -0.1581239998 -0.7802587748 -0.2717834115 0.9622290134 0.0157834794 0.7482918501 0.2216125876 -0.6252576709
-284.9 -492.5 2335.8 -0.6327165365 0.0103573427 -0.7743142247 0.0378349796 0.9991298318 -0.0175516419 0.7734586596 -0.0404013768 -0.6325578094
-533.6 -155.9 2238.1 0 0 0 0 0 0 0 0 0
-347.9 410.5 2319.4 0 0 0 0 0 0 0 0 0
-480.8 -768.4 2358.9 0 0 0 0 0 0 0 0 0
-287.8 -765.6 2346.9 0 0 0 0 0 0 0 0 0
-430.8 496.1 2308.8 4 0.9245839119 0.2196881324 -0.3112582862 -0.1723466069 0.9698066115 0.1725451350 0.3397664428 -0.1058881432 0.9345300794
-485.5 254.6 2335.2 0.9245839119 0.2196881324 -0.3112582862 -0.1723466069 0.9698066115 0.1725451350 0.3397664428 -0.1058881432 0.9345300794
-458.8 63.7 2369.6 0.9398304820 -0.1363276690 -0.3132626116 0.1833506972 0.9749670625 0.1257845014 0.2882728279 -0.1756530255 0.9412994981
-619.4 228.5 2294.1 0.3501303494 -0.5928440690 -0.7252204418 0.8951029181 -0.0164037459 0.4455577135 -0.2760425508 -0.8051502109 0.5249130130
-708.8 0.1 2364.5 -0.6577591896 -0.5928440690 -0.4646383822 0.5867065787 -0.0164037459 -0.8096334338 0.4723645449 -0.8051502109 0.3586152196
-351.6 280.7 2376.2 0.8673436642 0.4316293001 -0.2478127480 -0.4126237631 0.3451769352 -0.8429676890 -0.2783102989 0.8333960772 0.4774875343
-193.7 205.6 2325.6 -0.6019257307 0.4316293001 0.6718493700 0.7983282804 0.3451769352 0.4934824109 -0.0189054329 0.8333960772 -0.5523527265
-516.7 -146.6 2371.6 0.7890024781 -0.0055189719 -0.6143652797 0.0397974923 0.9983186722 0.0421420746 0.6130997539 -0.0577003956 0.7878955603
-514.5 -537.6 2394.2 0.7918354869 -0.1406267881 -0.5943236947 0.0210889019 0.9788450003 -0.2035134733 0.6103702188 0.1486155540 0.7780498862
-347.3 -114.9 2426.1 -0.5936864614 -0.1520479172 -0.7902011275 -0.2759845555 0.9608997107 0.0224569533 0.7558894753 0.2314156890 -0.6124360561
-287.7 -491.3 2335.4 -0.6239047050 0.0002243877 -0.7815003991 0.0331365988 0.9991081953 -0.0261674765 0.7807976007 -0.0422222763 -0.6233557463
-535.7 -154.2 2240.3 0 0 0 0 0 0 0 0 0
-347.8 410.0 2320.7 0 0 0 0 0 0 0 0 0
-481.1 -770.2 2358.9 0 0 0 0 0 0 0 0 0
-287.8 -763.7 2346.9 0 0 0 0 0 0 0 0 0
-429.6 496.7 2308.5 5 0.9217647314 0.2249035537 -0.3158610165 -0.1778320223 0.9690796137 0.1710568070 0.3445657492 -0.1015039384 0.9332584739
-486.1 253.3 2334.0 0.9217647314 0.2249035537 -0.3158610165 -0.1778320223 0.9690796137 0.1710568070 0.3445657492 -0.1015039384 0.9332584739
-460.8 62.1 2367.9 0.9392303824 -0.1289132386 -0.3181629479 0.1761648059 0.9764683843 0.1244005635 0.2946391702 -0.1728899032 0.9398387074
-619.9 228.2 2292.0 0.3469555676 -0.5875689983 -0.7310160995 0.8961253166 -0.0222959183 0.4432406723 -0.2767331302 -0.8088668585 0.5187997818
-708.5 -0.7 2362.7 -0.6614665389 -0.5875689983 -0.4660736918 0.5890027285 -0.0222959183 -0.8078234196 0.4642604291 -0.8088668585 0.3608277440
-352.2 278.4 2376.0 0.8639951944 0.4471645355 -0.2314220071 -0.3976193070 0.3239929974 -0.8584447503 -0.3088869154 0.8337100148 0.4577296674
-200.4 208.5 2321.7 -0.5844805241 0.4471645355 0.6770719290 0.8114056587 0.3239929974 0.4864662588 -0.0018361125 0.8337100148 -0.5521994233
-517.0 -143.8 2377.9 0.7855075002 -0.0043818909 -0.6188366413 0.0257948507 0.9993377328 0.0256659966 0.6183143258 -0.0361236297 0.7851002812
-515.3 -535.2 2392.1 0.7847102880 -0.1432812959 -0.6030756831 0.0313385800 0.9808442593 -0.1922560483 0.6190699935 0.1319657564 0.7741687894
-347.1 -110.7 2430.0 -0.5995947719 -0.1466480792 -0.7867530584 -0.2778904140 0.9600514770 0.0328335911 0.7505084872 0.2383179814 -0.6163939834
-289.7 -486.7 2336.7 -0.6309848428 -0.0070109363 -0.7757634521 0.0241008289 0.9992993474 -0.0286340918 0.7754207253 -0.0367642194 -0.6303737760
-534.6 -155.6 2240.6 0 0 0 0 0 0 0 0 0
-350.0 416.2 2321.2 0 0 0 0 0 0 0 0 0
-480.7 -771.5 2360.3 0 0 0 0 0 0 0 0 0
-287.7 -764.3 2346.9 0 0 0 0 0 0 0 0 0
-430.0 496.8 2309.4 6 0.9250826240 0.2367490530 -0.2969376743 -0.1950839162 0.9670961499 0.1633014381 0.3258287311 -0.0931395665 0.9408297539
-489.7 253.0 2332.9 0.9250826240 0.2367490530 -0.2969376743 -0.1950839162 0.9670961499 0.1633014381 0.3258287311 -0.0931395665 0.9408297539
-463.5 61.9 2366.5 0.9448111653 -0.1340307742 -0.2989441454 0.1781144440 0.9759936929 0.1253455579 0.2749674618 -0.1716741621 0.9460026026
-624.3 227.6 2293.7 0.3304696381 -0.5921997428 -0.7349076271 0.9029722214 -0.0282051824 0.4287722409 -0.2746470273 -0.8052974343 0.5254189372
-708.4 -2.0 2363.5 -0.6599662900 -0.5921997428 -0.4623245001 0.5903781652 -0.0282051824 -0.8066338301 0.4646483958 -0.8052974343 0.3682362735
-355.1 278.4 2372.1 0.8766253591 0.4077022672 -0.2555520833 -0.3954034746 0.3077225089 -0.8654264808 -0.2741971910 0.8597009778 0.4309642315
-195.7 206.5 2322.2 -0.5970405340 0.4077022672 0.6908845305 0.8022010922 0.3077225089 0.5116447210 -0.0040020258 0.8597009778 -0.5107820034
-520.4 -145.0 2375.1 0.7979642153 -0.0115581490 -0.6025940180 0.0352008790 0.9990031719 0.0274520032 0.6016760468 -0.0431175530 0.7975755930
-515.9 -536.3 2392.0 0.7973094583 -0.1476560086 -0.5852310061 0.0396016352 0.9803230762 -0.1933865845 0.6022701859 0.1310128421 0.7874682546
-350.7 -113.2 2428.4 -0.5821173191 -0.1554742754 -0.7981022596 -0.2869569361 0.9576735497 0.0227401908 0.7607858777 0.2422584444 -0.6020927429
-289.8 -488.3 2333.5 -0.6171245575 -0.0098054241 -0.7868043780 0.0316274054 0.9988052249 -0.0372541882 0.7862296104 -0.0478750542 -0.6160771251
-534.8 -157.2 2241.3 0 0 0 0 0 0 0 0 0
-348.6 411.9 2321.2 0 0 0 0 0 0 0 0 0
-480.6 -770.8 2360.7 0 0 0 0 0 0 0 0 0
-287.1 -763.6 2346.7 0 0 0 0 0 0 0 0 0
-432.3 495.1 2311.3 7 0.9301093817 0.2110734731 -0.3005736172 -0.1742967516 0.9740130901 0.1446343660 0.3232911229 -0.0821367726 0.9427281618
-485.0 252.1 2331.8 0.9301093817 0.2110734731 -0.3005736172 -0.1742967516 0.9740130901 0.1446343660 0.3232911229 -0.0821367726 0.9427281618
-456.6 60.4 2359.8 0.9421548843 -0.1447759420 -0.3022979796 0.1805574745 0.9790781140 0.0938350931 0.2823882997 -0.1429893523 0.9485836029
-619.2 226.4 2291.6 0.3437415361 -0.5873661637 -0.7326955199 0.8979008794 -0.0228963215 0.4396018982 -0.2749833167 -0.8089973927 0.5195261240
-707.8 -5.0 2362.4 -0.6595969200 -0.5873661637 -0.4689700902 0.5927718878 -0.0228963215 -0.8050448895 0.4621184170 -0.8089973927 0.3632764816
-350.7 277.8 2372.1 0.8709733486 0.4182603955 -0.2578055859 -0.4022756517 0.3057917356 -0.8629401326 -0.2820988595 0.8553067446 0.4345923960
-192.8 204.9 2320.9 -0.6036818624 0.4182603955 0.6786946654 0.7971599698 0.3057917356 0.5206029415 0.0102083767 0.8553067446 -0.5180213451
-522.6 -145.4 2375.3 0.7960538268 -0.0149183571 -0.6050419807 0.0378955156 0.9989631772 0.0252279676 0.6040382981 -0.0430111960 0.7957937717
-516.8 -536.7 2392.1 0.7953597307 -0.1567261666 -0.5855252743 0.0422769673 0.9779850841 -0.2043472081 0.6046615839 0.1377753019 0.7844758630
-351.8 -113.2 2425.0 -0.5863751173 -0.1580128223 -0.7944785357 -0.2807531357 0.9596406817 0.0163517613 0.7598301768 0.2326406240 -0.6070720553
-289.9 -489.1 2333.8 -0.6200122833 -0.0079414314 -0.7845519185 0.0335352756 0.9987667203 -0.0366118774 0.7838751078 -0.0490099788 -0.6189813018
-534.3 -160.9 2240.9 0 0 0 0 0 0 0 0 0
-347.4 409.0 2323.6 0 0 0 0 0 0 0 0 0
-479.4 -769.7 2359.3 0 0 0 0 0 0 0 0 0
-287.8 -762.7 2347.3 0 0 0 0 0 0 0 0 0
-429.9 497.3 2309.8 8 0.9228259325 0.2310710698 -0.3082181215 -0.1885948777 0.9686760902 0.1615504622 0.3358931839 -0.0909545943 0.9374982715
-488.2 252.8 2332.8 0.9228259325 0.2310710698 -0.3082181215 -0.1885948777 0.9686760902 0.1615504622 0.3358931839 -0.0909545943 0.9374982715
-458.8 61.3 2361.2 0.9384590387 -0.1500610113 -0.3110889494 0.1870642453 0.9779768586 0.0925649405 0.2903473973 -0.1450620294 0.9458622336
-622.0 226.1 2291.4 0.3432077765 -0.5998390317 -0.7227734923 0.8957237601 -0.0225401092 0.4440392554 -0.2826434672 -0.7998031378 0.5295541286
-708.9 -0.6 2362.9 -0.6368278861 -0.5998390317 -0.4844000340 0.6186178327 -0.0225401092 -0.7853686810 0.4601763785 -0.7998031378 0.3854252994
-354.5 279.4 2374.1 0.8757472634 0.4066278934 -0.2602315545 -0.4027171135 0.3180373013 -0.8582955003 -0.2662435770 0.8564496636 0.4422762990
-193.3 205.3 2325.1 -0.6032046080 0.4066278934 0.6861471534 0.7975267172 0.3180373013 0.5126435757 -0.0097651994 0.8564496636 -0.5161381364
-513.4 -147.5 2362.3 0.7905384302 -0.0001242661 -0.6124124527 0.0441002026 0.9974154234 0.0567247756 0.6108225584 -0.0718506277 0.7885006666
-513.3 -538.0 2390.4 0.7921707034 -0.1448905617 -0.5928509831 0.0333798006 0.9802420139 -0.1949651986 0.6093860865 0.1346564740 0.7813553810
-343.1 -114.9 2413.4 -0.5972239375 -0.1408017576 -0.7896191478 -0.2451443374 0.9694052935 0.0125530092 0.7636935115 0.2010676265 -0.6134688258
-288.0 -494.4 2334.6 -0.6224578023 -0.0023726050 -0.7826497555 0.0341202356 0.9989624023 -0.0301648956 0.7819092870 -0.0454805680 -0.6217309833
-541.4 -163.2 2242.0 0 0 0 0 0 0 0 0 0
-347.7 409.5 2322.6 0 0 0 0 0 0 0 0 0
-479.1 -769.8 2358.6 0 0 0 0 0 0 0 0 0
-287.3 -765.3 2347.0 0 0 0 0 0 0 0 0 0
-429.8 497.2 2309.5 9 0.9258610606 0.2408817708 -0.2911310792 -0.2034671009 0.9670436382 0.1530613303 0.3184061348 -0.0824779347 0.9443595409
-490.9 251.7 2330.5 0.9258610606 0.2408817708 -0.2911310792 -0.2034671009 0.9670436382 0.1530613303 0.3184061348 -0.0824779347 0.9443595409
-461.8 60.5 2361.6 0.9444550276 -0.1484896243 -0.2931816578 0.1875876337 0.9760764241 0.1099347994 0.2698435485 -0.1588257402 0.9497151375
-625.5 225.0 2292.0 0.3285863101 -0.6143417954 -0.7173668146 0.8984432220 -0.0309122279 0.4380002022 -0.2912572324 -0.7884342670 0.5417939425
-708.1 -0.8 2365.2 -0.6242570281 -0.6143417954 -0.4825839400 0.6301811337 -0.0309122279 -0.7758325934 0.4617086351 -0.7884342670 0.4064438045
-356.4 278.4 2368.9 0.8893785477 0.3551373780 -0.2878945470 -0.3979621232 0.2914569974 -0.8698729873 -0.2250155360 0.8882174492 0.4005468190
-193.1 205.3 2327.6 -0.6040828824 0.3551373780 0.7134152055 0.7966732979 0.2914569974 0.5294945240 -0.0198865533 0.8882174492 -0.4589926600
-514.3 -147.1 2363.3 0.8018339276 0.0014143341 -0.5975452662 0.0399630927 0.9976313710 0.0559869669 0.5962091088 -0.0687720031 0.7998781800
-514.8 -537.8 2390.3 0.8014121652 -0.1499339193 -0.5790150166 0.0427410193 0.9799515605 -0.1945973933 0.5965834260 0.1312050223 0.7917534113
-344.6 -113.3 2415.8 -0.5811417103 -0.1376926899 -0.8020691872 -0.2505791783 0.9679738879 0.0153840818 0.7742637396 0.2099221796 -0.5970329046
-290.7 -492.3 2333.6 -0.6096695662 -0.0167264901 -0.7924791574 0.0273408443 0.9987386465 -0.0421137549 0.7921839952 -0.0473425239 -0.6084432602
-543.9 -166.5 2243.8 0 0 0 0 0 0 0 0 0
-347.8 409.3 2322.5 0 0 0 0 0 0 0 0 0
-479.3 -769.8 2359.2 0 0 0 0 0 0 0 0 0
-286.2 -763.7 2346.5 0 0 0 0 0 0 0 0 0
-429.5 497.7 2309.4 0 0.9205440879 0.2598786056 -0.2916533351 -0.2214470208 0.9622161984 0.1584335417 0.3218070567 -0.0812593102 0.9433118105
-495.4 253.6 2330.0 0.9205440879 0.2598786056 -0.2916533351 -0.2214470208 0.9622161984 0.1584335417 0.3218070567 -0.0812593102 0.9433118105
-463.1 63.5 2363.8 0.9415743351 -0.1650216430 -0.2936079204 0.2071758360 0.9710885882 0.1185963452 0.2655483484 -0.1724957526 0.9485406280
-629.5 224.1 2292.2 0.3161768317 -0.6208164096 -0.7173696160 0.9013203979 -0.0394086204 0.4313566387 -0.2960638404 -0.7829648256 0.5470944047
-707.5 1.7 2365.2 -0.6124117374 -0.6208164096 -0.4894270897 0.6478939056 -0.0394086204 -0.7607104778 0.4529739022 -0.7829648256 0.4263574779
-361.2 283.1 2367.8 0.8866873980 0.3425320089 -0.3105757535 -0.4103378654 0.2733864486 -0.8699900508 -0.2130922377 0.8988502026 0.3829621673
-193.4 205.4 2327.5 -0.6035052538 0.3425320089 0.7200369835 0.7972609401 0.2733864486 0.5381773114 -0.0125053907 0.8988502026 -0.4380775392
-518.1 -147.5 2368.3 0.8021876812 -0.0061603612 -0.5970401764 0.0364469290 0.9985872507 0.0386667736 0.5959585309 -0.0527782887 0.8012788892
-515.6 -538.6 2389.0 0.7998808622 -0.1579985470 -0.5789879560 0.0513207801 0.9791978598 -0.1963103414 0.5979605317 0.1273107678 0.7913502455
-347.3 -113.6 2417.1 -0.5742743611 -0.1487250775 -0.8050402403 -0.2586023808 0.9659650922 0.0060189217 0.7767456174 0.2116418183 -0.5931896567
-289.1 -491.9 2334.2 -0.6023147702 -0.0101572359 -0.7981940508 0.0281710625 0.9990257025 -0.0339706689 0.7977614403 -0.0429470129 -0.6014418006
-546.5 -168.6 2246.1 0 0 0 0 0 0 0 0 0
-347.9 409.6 2324.3 0 0 0 0 0 0 0 0 0
-478.4 -769.5 2359.0 0 0 0 0 0 0 0 0 0
-286.3 -764.9 2345.9 0 0 0 0 0 0 0 0 0
-430.3 497.6 2310.3 1 0.9120884538 0.2483472228 -0.3262181282 -0.2026612461 0.9647592306 0.1678333431 0.3564029038 -0.0869670883 0.9302761555
-493.0 253.9 2332.3 0.9120884538 0.2483472228 -0.3262181282 -0.2026612461 0.9647592306 0.1678333431 0.3564029038 -0.0869670883 0.9302761555
-462.2 62.9 2362.2 0.9309597015 -0.1568866670 -0.3296976984 0.1977257878 0.9757391810 0.0940081850 0.3069503307 -0.1527075768 0.9393944144
-625.6 225.8 2288.6 0.3280383646 -0.6260853410 -0.7073951960 0.8933256865 -0.0379060023 0.4478083849 -0.3071807623 -0.7788326740 0.5468634963
-707.6 2.5 2365.4 -0.6024560928 -0.6260853410 -0.4950392544 0.6576302052 -0.0379060023 -0.7523866296 0.4522932768 -0.7788326740 0.4345692992
-360.5 282.0 2376.0 0.8723543882 0.4108911455 -0.2648891509 -0.3994546831 0.2867192328 -0.8707628846 -0.2818399668 0.8654250503 0.4142531753
-200.3 208.7 2324.2 -0.5856672525 0.4108911455 0.6986861229 0.8104953766 0.2867192328 0.5107732415 0.0095454603 0.8654250503 -0.5009474754
-515.8 -145.4 2373.6 0.7786979675 -0.0042536166 -0.6273845434 0.0272076577 0.9992652535 0.0269946996 0.6268087029 -0.0380903818 0.7782415748
-514.2 -536.7 2388.5 0.7766100168 -0.1518600732 -0.6114044785 0.0412062444 0.9806780815 -0.1912394613 0.6286326051 0.1233248040 0.7678620219
-345.6 -107.9 2421.6 -0.6066437960 -0.1473842561 -0.7811921835 -0.2615269721 0.9649668932 0.0210355353 0.7507243156 0.2170639187 -0.6239361167
-287.9 -485.9 2336.5 -0.6343984008 -0.0054040495 -0.7729873657 0.0237820707 0.9993657470 -0.0265048686 0.7726403475 -0.0351978876 -0.6338675022
-549.2 -170.4 2246.5 0 0 0 0 0 0 0 0 0
-350.2 416.1 2326.7 0 0 0 0 0 0 0 0 0
-478.2 -768.7 2359.3 0 0 0 0 0 0 0 0 0
-286.4 -763.7 2346.3 0 0 0 0 0 0 0 0 0
-430.1 497.6 2309.3 2 0.9077912569 0.2528265715 -0.3346546888 -0.2011152804 0.9625754952 0.1816618294 0.3680593371 -0.0976068452 0.9246649146
-493.7 255.2 2333.9 0.9077912569 0.2528265715 -0.3346546888 -0.2011152804 0.9625754952 0.1816618294 0.3680593371 -0.0976068452 0.9246649146
-461.9 64.6 2365.2 0.9268284440 -0.1622746140 -0.3386089206 0.2059635073 0.9737295508 0.0971068591 0.3139555454 -0.1597424746 0.9359028935
-625.8 225.9 2289.2 0.3919689953 -0.6134458184 -0.6855978966 0.8544723392 -0.0334203169 0.5184207559 -0.3409359753 -0.7890293598 0.5110727549
-720.0 20.6 2371.1 -0.5970441103 -0.6134458184 -0.5169357061 0.6736065745 -0.0334203169 -0.7383341193 0.4356518388 -0.7890293598 0.4331745505
-361.7 284.5 2378.6 0.8680225611 0.4220069051 -0.2616237104 -0.4104148448 0.3132472932 -0.8564086556 -0.2794574499 0.8507562876 0.4451036453
-198.9 207.5 2326.2 -0.5878319740 0.4220069051 0.6901910305 0.8089587092 0.3132472932 0.4974554479 -0.0062708519 0.8507562876 -0.5255229473
-515.5 -145.9 2364.3 0.7728909254 -0.0002773234 -0.6345388889 0.0441293418 0.9976021647 0.0533151068 0.6330025792 -0.0692085400 0.7710498571
-515.4 -536.5 2391.4 0.7749948502 -0.1507405043 -0.6137265563 0.0309256874 0.9790187478 -0.2014097720 0.6312104464 0.1371116191 0.7633962035
-347.4 -110.3 2419.7 -0.6110622287 -0.1497415304 -0.7772904038 -0.2636643350 0.9643749595 0.0214956235 0.7463806272 0.2180789411 -0.6287746429
-288.7 -488.0 2334.3 -0.6401300430 -0.0037333206 -0.7682574987 0.0297786593 0.9991161227 -0.0296674427 0.7676892281 -0.0418687016 -0.6394531131
-563.0 -156.6 2256.6 0 0 0 0 0 0 0 0 0
-349.4 414.7 2324.6 0 0 0 0 0 0 0 0 0
-479.8 -768.0 2359.0 0 0 0 0 0 0 0 0 0
-287.7 -765.2 2345.9 0 0 0 0 0 0 0 0 0
-430.1 496.9 2309.3 3 0.9273182154 0.1683825850 -0.3342577815 -0.1129361987 0.9773415923 0.1790220141 0.3568282127 -0.1282605678 0.9253231287
-468.2 275.5 2338.3 0.9273182154 0.1683825850 -0.3342577815 -0.1129361987 0.9773415923 0.1790220141 0.3568282127 -0.1282605678 0.9253231287
-456.8 83.3 2367.1 0.9394752979 -0.0584764890 -0.3375895321 0.1043833420 0.9873360991 0.1194634810 0.3263285458 -0.1474717110 0.9336818457
-601.3 260.7 2292.0 0.4039211571 -0.5904493928 -0.6987254024 0.8733572364 0.0216236971 0.4865999818 -0.2722036541 -0.8067849278 0.5244075060
-715.2 14.5 2368.7 -0.5893628597 -0.5904493928 -0.5513809323 0.6713870168 0.0216236971 -0.7407914400 0.4493227601 -0.8067849278 0.3836758435
-335.1 290.3 2384.7 0.8060415983 0.4901161194 -0.3317877352 -0.4858236313 0.2277165949 -0.8438723683 -0.3380418718 0.8413865566 0.4216590524
-195.0 205.9 2326.0 -0.5981691480 0.4273665845 0.6779022813 0.8013678789 0.3170998394 0.5072053075 0.0017999191 0.8466436863 -0.5321571827
-517.1 -139.8 2367.4 0.7701328993 -0.0038302452 -0.6378719807 0.0400193185 0.9983021617 0.0423226841 0.6366268396 -0.0581212938 0.7689786553
-515.5 -535.6 2390.4 0.7710176110 -0.1524913162 -0.6182864904 0.0344182029 0.9794658422 -0.1986506134 0.6358830333 0.1318828166 0.7604339123
-346.4 -107.5 2424.8 -0.6374132037 -0.1447759420 -0.7567987442 -0.2712943256 0.9614639878 0.0445689559 0.7211822271 0.2337240428 -0.6521267295
-289.7 -484.1 2333.2 -0.6700565815 -0.0078231487 -0.7422688007 0.0270323623 0.9990240335 -0.0349317156 0.7418176532 -0.0434715040 -0.6691911221
-560.2 -162.0 2250.5 0 0 0 0 0 0 0 0 0
-348.1 411.1 2326.4 0 0 0 0 0 0 0 0 0
-479.2 -769.0 2359.0 0 0 0 0 0 0 0 0 0
-287.5 -763.2 2345.4 0 0 0 0 0 0 0 0 0
-432.3 495.8 2311.3 4 0.9181950092 0.1876663119 -0.3488541842 -0.1248206571 0.9728640914 0.1948210001 0.3759490550 -0.1353394687 0.9167036414
-474.5 276.7 2341.8 0.9181950092 0.1876663119 -0.3488541842 -0.1248206571 0.9728640914 0.1948210001 0.3759490550 -0.1353394687 0.9167036414
-459.6 84.0 2369.6 0.9321999550 -0.0760529116 -0.3538632989 0.1210812107 0.9868729115 0.1068699062 0.3410903513 -0.1424703151 0.9291714430
-606.9 259.5 2293.2 0.4469583035 -0.5852127671 -0.6765754223 0.8381944299 0.0097607579 0.5452841520 -0.3125033379 -0.8108210564 0.4948847294
-722.8 42.3 2374.2 -0.5740229487 -0.5852127671 -0.5727335215 0.7012733221 0.0097607579 -0.7128256559 0.4227449596 -0.8108210564 0.4047912061
-342.1 293.9 2390.3 0.8077161908 0.5577866435 -0.1909675896 -0.4802563190 0.4346009195 -0.7618896961 -0.3419772089 0.7071040273 0.6189147830
-194.2 206.0 2327.7 -0.5977039933 0.5577866435 0.5758680701 0.8014393449 0.4346009195 0.4108734727 -0.0210930631 0.7071040273 -0.7067948580
-531.4 -116.0 2366.1 0.7591108084 -0.0308722593 -0.6502289772 0.0678499565 0.9971864820 0.0318660624 0.6474157572 -0.0683078766 0.7590697408
-519.3 -508.8 2393.0 0.7652243972 -0.1467446834 -0.6268154979 0.0306846332 0.9808807969 -0.1921752244 0.6430319548 0.1278235614 0.7550966740
-361.0 -99.6 2425.3 -0.6408470869 -0.1814085394 -0.7459262013 -0.2979153693 0.9542939663 0.0238644518 0.7075036764 0.2375163436 -0.6656008959
-290.0 -473.2 2332.3 -0.6796814799 -0.0073428815 -0.7334706783 0.0263229255 0.9990616441 -0.0343942791 0.7330349088 -0.0426842459 -0.6788503528
-571.9 -142.0 2263.1 0 0 0 0 0 0 0 0 0
-347.3 411.2 2322.3 0 0 0 0 0 0 0 0 0
-480.3 -768.9 2359.1 0 0 0 0 0 0 0 0 0
-287.8 -765.1 2344.8 0 0 0 0 0 0 0 0 0
-432.3 498.7 2308.8 5 0.9494403005 0.1246353462 -0.2881476879 -0.0750481635 0.9813137650 0.1771752089 0.3048456013 -0.1465923339 0.9410524964
-458.8 289.3 2340.1 0.9494403005 0.1246353462 -0.2881476879 -0.0750481635 0.9813137650 0.1771752089 0.3048456013 -0.1465923339 0.9410524964
-455.6 96.1 2368.2 0.9566736817 -0.0168680307 -0.2906731665 0.0572488755 0.9897300601 0.1309845597 0.2854785323 -0.1419501901 0.9478144050
-594.4 281.3 2299.5 0.5208293796 -0.5672746897 -0.6379154921 0.7942118049 0.0480142087 0.6057410836 -0.3129925728 -0.8221277595 0.4755434990
-737.3 63.4 2385.3 -0.5499582887 -0.5672746897 -0.6129806638 0.7209812999 0.0480142087 -0.6912891269 0.4215826094 -0.8221277595 0.3825886548
-323.3 297.3 2380.6 0.7739542723 0.5854440928 -0.2413503230 -0.5464271903 0.4248267412 -0.7217614651 -0.3200189173 0.6904907227 0.6486990452
-192.6 205.1 2326.6 -0.6031721234 0.5704117417 0.5575067401 0.7974553704 0.4450825453 0.4073897600 -0.0157566238 0.6903129220 -0.7233393192
-529.6 -118.4 2366.5 0.7985297441 -0.0380493551 -0.6007516384 0.0524885878 0.9986002445 0.0065211696 0.5996626019 -0.0367399529 0.7994091511
-514.6 -510.5 2381.0 0.7984308004 -0.1295095533 -0.5879927874 0.0532449074 0.9879534841 -0.1453028768 0.5997276306 0.0847066715 0.7957082391
-360.8 -97.8 2428.3 -0.6098241210 -0.1809161007 -0.7716112733 -0.3024591208 0.9530348778 0.0155875320 0.7325524092 0.2428865284 -0.6359033585
-289.9 -471.0 2333.2 -0.6489548087 -0.0111001832 -0.7607459426 0.0248439312 0.9990511537 -0.0357704684 0.7604212165 -0.0421133414 -0.6480633020
-592.8 -126.0 2274.5 0 0 0 0 0 0 0 0 0
-347.1 409.3 2322.6 0 0 0 0 0 0 0 0 0
-480.7 -769.0 2358.8 0 0 0 0 0 0 0 0 0
-286.7 -764.6 2345.6 0 0 0 0 0 0 0 0 0
-431.1 498.2 2308.5 6 0.9384289384 0.1618830860 -0.3051967323 -0.1023756489 0.9740474224 0.2018682808 0.3299551606 -0.1581943184 0.9306471944
-467.0 282.4 2343.6 0.9384289384 0.1618830860 -0.3051967323 -0.1023756489 0.9740474224 0.2018682808 0.3299551606 -0.1581943184 0.9306471944
-458.1 88.9 2369.4 0.9494460821 -0.0453969985 -0.3106303811 0.0834203139 0.9903987050 0.1102337763 0.3026436567 -0.1305739135 0.9441171885
-601.8 270.6 2300.5 0.5515767932 -0.5565431714 -0.6213073134 0.7655684948 0.0420521311 0.6419786215 -0.3311614990 -0.8297537565 0.4492668808
-742.1 75.9 2384.7 -0.5010644197 -0.5565431714 -0.6627172828 0.7796562910 0.0420521311 -0.6247941256 0.3755935729 -0.8297537565 0.4128415287
-332.1 294.2 2386.7 0.7809081078 0.5990356803 -0.1770274937 -0.5066022873 0.4415724874 -0.7405186296 -0.3654266298 0.6679595709 0.6483004093
-200.8 209.0 2325.2 -0.5830165148 0.5990356803 0.5488606691 0.8123369217 0.4415724874 0.3809494078 -0.0141594680 0.6679595709 -0.7440628409
-538.7 -101.5 2370.5 0.7869749069 -0.0496285558 -0.6149857640 0.0573510714 0.9983283281 -0.0071737249 0.6143137217 -0.0296245497 0.7885056138
-519.2 -493.0 2382.1 0.7860145569 -0.1434347034 -0.6013382077 0.0640827417 0.9863758087 -0.1515129954 0.6148776412 0.0805560276 0.7844974399
-366.3 -91.9 2422.0 -0.6192718148 -0.1978389025 -0.7598435283 -0.2985419631 0.9543824792 -0.0051791715 0.7262060046 0.2236378640 -0.6500853896
-288.8 -465.6 2334.5 -0.6562204361 -0.0074644121 -0.7545323372 0.0226660669 0.9993048310 -0.0295986775 0.7542287707 -0.0365255363 -0.6555950642
-610.9 -128.3 2286.4 0 0 0 0 0 0 0 0 0
-350.0 417.0 2321.6 0 0 0 0 0 0 0 0 0
-479.3 -767.4 2359.7 0 0 0 0 0 0 0 0 0
-286.6 -764.2 2345.4 0 0 0 0 0 0 0 0 0
-432.1 497.6 2310.9 7 0.9236596227 0.1932707578 -0.3309068382 -0.1369062662 0.9729429483 0.1861146986 0.3579240143 -0.1266034096 0.9251281023
-477.9 267.0 2340.9 0.9236596227 0.1932707578 -0.3309068382 -0.1369062662 0.9729429483 0.1861146986 0.3579240143 -0.1266034096 0.9251281023
-459.2 74.5 2368.8 0.9372974634 -0.0958175138 -0.3351007104 0.1371355504 0.9853029847 0.1018425748 0.3204174042 -0.1414110065 0.9366619587
-611.0 247.5 2295.3 0.5481573939 -0.5711315274 -0.6110091805 0.7515750527 0.0158403330 0.6594573855 -0.3669583201 -0.8207057118 0.4379312098
-737.9 73.6 2380.2 -0.4696429670 -0.5711315274 -0.6732341647 0.8137001395 0.0158403330 -0.5810689330 0.3425310552 -0.8207057118 0.4572905302
-344.8 286.4 2386.5 0.8287423849 0.5246430635 -0.1947710812 -0.4441234469 0.4048154354 -0.7992989421 -0.3405002952 0.7489153147 0.5684939623
-195.9 206.6 2325.3 -0.5960754752 0.5246430635 0.6078188419 0.8027619720 0.4048154354 0.4378329515 -0.0163484402 0.7489153147 -0.6624640226
-534.9 -111.8 2367.8 0.7747316957 -0.0488913245 -0.6303970218 0.0454862043 0.9987323284 -0.0215574335 0.6306518912 -0.0119731417 0.7759734988
-515.7 -503.2 2372.5 0.7710241675 -0.1358104944 -0.6221553087 0.0750331059 0.9895629883 -0.1230250522 0.6323699355 0.0481730439 0.7731672525
-363.6 -97.2 2422.5 -0.6241096854 -0.1923055053 -0.7573015690 -0.2941712737 0.9557526708 -0.0002659022 0.7238441706 0.2226104140 -0.6530652642
-288.3 -471.5 2335.3 -0.6593799591 -0.0036094943 -0.7518011928 0.0244190916 0.9993580580 -0.0262152255 0.7514131665 -0.0356440954 -0.6588685513
-614.8 -139.6 2290.5 0 0 0 0 0 0 0 0 0
-348.5 412.2 2321.2 0 0 0 0 0 0 0 0 0
-479.5 -767.1 2359.6 0 0 0 0 0 0 0 0 0
-287.3 -765.7 2345.8 0 0 0 0 0 0 0 0 0
-431.4 496.5 2310.1 8 0.9258335233 0.2121600658 -0.3127625585 -0.1626736969 0.9706894159 0.1769162267 0.3411298692 -0.1129167303 0.9332096577
-482.9 260.6 2337.5 0.9258335233 0.2121600658 -0.3127625585 -0.1626736969 0.9706894159 0.1769162267 0.3411298692 -0.1129167303 0.9332096577
-461.7 68.5 2367.6 0.9424923062 -0.1082390696 -0.3162160218 0.1503889114 0.9822604060 0.1120166034 0.2984818816 -0.1531301737 0.9420508146
-617.0 239.3 2295.0 0.5214946270 -0.5825171471 -0.6234718561 0.7691534758 0.0046029775 0.6390475035 -0.3693862855 -0.8128054142 0.4504455030
-735.8 64.1 2379.2 -0.4785783589 -0.5825171471 -0.6569905281 0.8063316941 0.0046029775 -0.5914456844 0.3475513756 -0.8128054142 0.4674991369
-348.9 282.0 2380.0 0.8501034975 0.4717037678 -0.2341357917 -0.4203969836 0.3401055932 -0.8411864042 -0.3171599209 0.8135254979 0.4874278009
-201.8 209.3 2325.1 -0.5810333490 0.4717037678 0.6632463932 0.8138728142 0.3401055932 0.4711042345 -0.0033521503 0.8135254979 -0.5815196037
-525.0 -130.2 2367.8 0.7885345221 -0.0225961842 -0.6145752072 0.0337638669 0.9994081855 0.0065755425 0.6140629053 -0.0259354785 0.7888308167
-516.2 -521.6 2377.9 0.7835093141 -0.1465424448 -0.6038530469 0.0714974105 0.9865999818 -0.1466580182 0.6172530055 0.0717339814 0.7834876776
-356.0 -105.7 2425.6 -0.6056069136 -0.1758720726 -0.7760859132 -0.2908330262 0.9567200541 0.0101408083 0.7407134771 0.2318527550 -0.6305456758
-287.2 -480.3 2334.8 -0.6383113265 0.0025926477 -0.7697739601 0.0303994399 0.9992991686 -0.0218420941 0.7691778541 -0.0373427533 -0.6379427910
-610.1 -147.6 2288.0 0 0 0 0 0 0 0 0 0
-350.5 417.6 2324.3 0 0 0 0 0 0 0 0 0
-480.0 -765.3 2360.2 0 0 0 0 0 0 0 0 0
-287.9 -764.0 2345.4 0 0 0 0 0 0 0 0 0
-432.5 498.6 2310.2 9 0.9300429821 0.2032217234 -0.3061388731 -0.1593565196 0.9737884402 0.1623007357 0.3310975134 -0.1021614373 0.9380497932
-483.2 255.6 2335.7 0.9300429821 0.2032217234 -0.3061388731 -0.1593565196 0.9737884402 0.1623007357 0.3310975134 -0.1021614373 0.9380497932
-459.3 63.9 2367.0 0.9434863925 -0.1221757457 -0.3080689609 0.1646490991 0.9795330763 0.1157825366 0.2876179218 -0.1599625200 0.9442923069
-617.5 232.1 2294.7 0.5263612866 -0.5832128525 -0.6187136769 0.7632114887 0.0033422345 0.6461401582 -0.3747693300 -0.8123124838 0.4468739629
-734.9 61.9 2378.3 -0.4950414896 -0.5832128525 -0.6440471411 0.7913805842 0.0033422345 -0.6113146544 0.3586791158 -0.8123124838 0.4598887861
-348.9 279.0 2376.6 0.8587943912 0.4540407360 -0.2373165935 -0.4062138200 0.3212004602 -0.8554651141 -0.3121898174 0.8310699463 0.4602827728
-205.4 211.1 2324.5 -0.5719640851 0.4540407360 0.6831574440 0.8202660680 0.3212004602 0.4732798636 -0.0045421557 0.8310699463 -0.5561493039
-525.6 -137.1 2370.7 0.7944951057 -0.0196612962 -0.6069521904 0.0383926965 0.9991025329 0.0178912915 0.6060556769 -0.0375170745 0.7945369482
-517.9 -528.4 2385.4 0.7911081910 -0.1561117768 -0.5914194584 0.0610398464 0.9822052717 -0.1776145399 0.6086230278 0.1044121608 0.7865596414
-355.5 -110.0 2424.6 -0.5961379409 -0.1709020436 -0.7844820023 -0.2828065753 0.9591584802 0.0059524402 0.7514253259 0.2254051417 -0.6201229692
-288.6 -485.7 2336.3 -0.6264625788 -0.0014793073 -0.7794500589 0.0232746005 0.9995167851 -0.0206033196 0.7791039348 -0.0310485996 -0.6261254549
-604.9 -146.0 2284.1 0 0 0 0 0 0 0 0 0
-351.8 421.1 2323.3 0 0 0 0 0 0 0 0 0
-480.1 -766.4 2360.1 0 0 0 0 0 0 0 0 0
-288.2 -764.8 2345.0 0 0 0 0 0 0 0 0 0
-431.0 497.4 2311.2 0 0.9257133603 0.2145997137 -0.3114510775 -0.1697854102 0.9716007710 0.1648176312 0.3379759192 -0.0996940359 0.9358596802
-484.0 257.6 2335.8 0.9257133603 0.2145997137 -0.3114510775 -0.1697854102 0.9716007710 0.1648176312 0.3379759192 -0.0996940359 0.9358596802
-459.2 66.3 2369.6 0.9411946535 -0.1266752332 -0.3132187426 0.1732841581 0.9768242836 0.1256460398 0.2900434136 -0.1725332290 0.9413326383
-618.0 232.9 2294.5 0.5559242964 -0.5976443291 -0.5777278543 0.7223900557 0.0035285384 0.6914767623 -0.4112186432 -0.8017535806 0.4336939156
-743.1 70.4 2387.0 -0.5057884455 -0.5976443291 -0.6220927238 0.7742407918 0.0035285384 -0.6328813434 0.3804329932 -0.8017535806 0.4609358907
-349.9 282.2 2377.2 0.8543624878 0.4544072449 -0.2521484494 -0.4239400029 0.3288042843 -0.8438972831 -0.3005655408 0.8278899789 0.4735594392
-200.9 208.3 2324.7 -0.5818446279 0.4544072449 0.6745153069 0.8132917881 0.3288042843 0.4800460637 -0.0036471307 0.8278899789 -0.5608786941
-520.6 -142.7 2372.4 0.7915602922 -0.0125209531 -0.6109627485 0.0392814986 0.9987648726 0.0304244198 0.6098272204 -0.0480822958 0.7910745144
-515.6 -533.8 2391.2 0.7909975052 -0.1542968005 -0.5920433998 0.0428877734 0.9792800546 -0.1979173273 0.6103143096 0.1311606914 0.7812255025
-350.1 -113.0 2424.4 -0.5979827642 -0.1650810242 -0.7843244672 -0.2781047225 0.9605000615 0.0098702749 0.7517142892 0.2240266055 -0.6202722788
-285.5 -489.2 2336.6 -0.6266441941 0.0047579492 -0.7792909741 0.0294255447 0.9994127154 -0.0175597966 0.7787497640 -0.0339348055 -0.6264162064
-610.2 -133.1 2287.1 0 0 0 0 0 0 0 0 0
-349.9 416.6 2323.8 0 0 0 0 0 0 0 0 0
-478.7 -768.5 2359.8 0 0 0 0 0 0 0 0 0
-286.8 -764.7 2346.0 0 0 0 0 0 0 0 0 0
-430.7 498.4 2310.3 1 0.9238825440 0.2083997726 -0.3209526837 -0.1599011421 0.9722114205 0.1709870845 0.3476675451 -0.1066512689 0.9315325022
-483.0 254.6 2337.0 0.9238825440 0.2083997726 -0.3209526837 -0.1599011421 0.9722114205 0.1709870845 0.3476675451 -0.1066512689 0.9315325022
-457.0 63.3 2369.9 0.9370496273 -0.1326183528 -0.3230330646 0.1787514687 0.9768552780 0.1174803972 0.2999765277 -0.1678276062 0.9390676022
-616.5 229.2 2294.3 0.5888282657 -0.5766720772 -0.5663307905 0.6964158416 0.0063544898 0.7176103592 -0.4102271199 -0.8169509768 0.4053452611
-746.5 75.3 2384.9 -0.5047375560 -0.5766720772 -0.6424089670 0.7835307717 0.0063544898 -0.6213204861 0.3623803556 -0.8169509768 0.4486329854
-349.5 280.1 2379.7 0.8496168256 0.4777300656 -0.2234396189 -0.4075322151 0.3257654607 -0.8531086445 -0.3347667158 0.8158742785 0.4714662135
-204.7 210.6 2322.7 -0.5733814836 0.4777300656 0.6655882001 0.8192430735 0.3257654607 0.4719296992 0.0086293370 0.8158742785 -0.5781649351
-519.4 -140.5 2377.2 0.7856419086 -0.0112522608 -0.6185791492 0.0296247303 0.9993718863 0.0194465593 0.6179718375 -0.0336032733 0.7854818106
-515.0 -531.9 2390.4 0.7842853665 -0.1480841786 -0.6024678946 0.0388415605 0.9809106588 -0.1905404031 0.6191831827 0.1260372549 0.7750656605
-349.3 -109.2 2429.6 -0.6032484770 -0.1595622152 -0.7814289331 -0.2850512266 0.9582017660 0.0243962370 0.7448738813 0.2374642789 -0.6235171556
-286.8 -484.5 2336.6 -0.6356762648 -0.0034585462 -0.7719479799 0.0262200646 0.9993162155 -0.0260686651 0.7715103030 -0.0368117578 -0.6351509690
-613.8 -130.6 2289.6 0 0 0 0 0 0 0 0 0
-351.5 420.4 2324.9 0 0 0 0 0 0 0 0 0
-479.0 -770.0 2359.8 0 0 0 0 0 0 0 0 0
-285.9 -763.8 2346.9 0 0 0 0 0 0 0 0 0
-431.0 499.6 2309.3 2 0.9514104724 0.1421433538 -0.2731545866 -0.0981106833 0.9807807803 0.1686515659 0.2918774784 -0.1336574703 0.9470708370
-463.0 278.5 2339.4 0.9514104724 0.1421433538 -0.2731545866 -0.0981106833 0.9807807803 0.1686515659 0.2918774784 -0.1336574703 0.9470708370
-454.4 86.1 2370.0 0.9604855776 -0.0445718467 -0.2747377455 0.0849090442 0.9869635701 0.1367235482 0.2650621235 -0.1546487063 0.9517488480
-599.2 266.5 2301.7 0.5784322619 -0.5274554491 -0.6222594380 0.7484285235 0.0397473946 0.6620233059 -0.3244546056 -0.8486524224 0.4177539051
-745.9 76.7 2384.1 -0.4905773401 -0.5274554491 -0.6936314702 0.8012946248 0.0397473946 -0.5969480872 0.3424335718 -0.8486524224 0.4031480551
-326.9 290.5 2377.0 0.7911172509 0.5230304599 -0.3171319366 -0.5100177526 0.2778447270 -0.8140541911 -0.3376616836 0.8057551980 0.4865625501
-197.7 207.2 2321.9 -0.5910559297 0.4769951105 0.6504833102 0.8066110611 0.3438980877 0.4807418585 0.0056115575 0.8088323474 -0.5880125165
-521.5 -133.8 2376.3 0.8103192449 -0.0160471033 -0.5857689381 0.0294599254 0.9994764924 0.0133725787 0.5852476954 -0.0280927662 0.8103677630
-515.1 -535.6 2387.5 0.8066567779 -0.1521447152 -0.5711013675 0.0548400991 0.9813969731 -0.1839904934 0.5884703398 0.1170979291 0.7999941707
-346.3 -111.8 2429.9 -0.5951713324 -0.1470380574 -0.7900322080 -0.2742629051 0.9612554312 0.0277106259 0.7553482056 0.2331691086 -0.6124387383
-288.7 -488.3 2338.5 -0.6242390275 -0.0072725923 -0.7811995149 0.0170303211 0.9995923638 -0.0229142718 0.7810477614 -0.0276080631 -0.6238607168
-617.0 -134.0 2294.0 0 0 0 0 0 0 0 0 0
-349.0 413.8 2323.3 0 0 0 0 0 0 0 0 0
-478.8 -769.4 2359.6 0 0 0 0 0 0 0 0 0
-286.7 -765.9 2346.2 0 0 0 0 0 0 0 0 0
-432.7 497.5 2311.8 3 0.9429267645 0.1794602126 -0.2805050910 -0.1338704377 0.9755785465 0.1741412580 0.3049061894 -0.1266511083 0.9439235926
-473.2 277.3 2340.4 0.9429267645 0.1794602126 -0.2805050910 -0.1338704377 0.9755785465 0.1741412580 0.3049061894 -0.1266511083 0.9439235926
-459.3 84.2 2366.4 0.9561266899 -0.0709838942 -0.2842234969 0.1051529869 0.9887035489 0.1068087071 0.2734310925 -0.1320096105 0.9527900815
-609.0 262.4 2301.4 0.5583099127 -0.5466637611 -0.6240583062 0.7560152411 0.0254637487 0.6540585756 -0.3416592479 -0.8369649649 0.4275028110
-737.9 87.8 2380.3 -0.4382717907 -0.5466637611 -0.7134960294 0.8429908156 0.0254637487 -0.5373249650 0.3119043708 -0.8369649649 0.4496724904
-337.3 292.2 2379.3 0.8063893318 0.5058535337 -0.3063469827 -0.4877116680 0.2758633196 -0.8282733560 -0.3344751000 0.8173198104 0.4691638947
-194.4 205.8 2320.0 -0.5994986296 0.4636899531 0.6523749232 0.8002797961 0.3346478641 0.4975571036 0.0123963561 0.8203672171 -0.5717026591
-535.0 -108.8 2377.0 0.8048815727 -0.0345437638 -0.5924292207 0.0566327497 0.9982192516 0.0187371001 0.5907270312 -0.0486320443 0.8054045439
-521.3 -504.8 2396.3 0.8057291508 -0.1610076576 -0.5699798465 0.0515522547 0.9777540565 -0.2033207417 0.5900363326 0.1344377100 0.7961052656
-359.4 -98.7 2424.5 -0.5975043774 -0.1768063605 -0.7821304202 -0.2778790891 0.9606037140 -0.0048673144 0.7521779537 0.2144294381 -0.6230957508
-290.2 -474.8 2340.6 -0.6269258261 -0.0111458469 -0.7789992094 0.0086429752 0.9997366071 -0.0212598611 0.7790310383 -0.0200612266 -0.6266643405
-623.0 -133.3 2298.5 0 0 0 0 0 0 0 0 0
-348.0 410.7 2323.2 0 0 0 0 0 0 0 0 0
-477.6 -770.5 2359.8 0 0 0 0 0 0 0 0 0
-287.0 -764.2 2346.4 0 0 0 0 0 0 0 0 0
-431.5 497.1 2310.5 4 0.9295032620 0.2257861048 -0.2916235626 -0.1738087535 0.9655639529 0.1935890466 0.3252909184 -0.1292549372 0.9367384911
-484.7 269.6 2341.0 0.9295032620 0.2257861048 -0.2916235626 -0.1738087535 0.9655639529 0.1935890466 0.3252909184 -0.1292549372 0.9367384911
-463.3 77.8 2371.6 0.9488092661 -0.1097774655 -0.2961585820 0.1502428949 0.9816457033 0.1174683720 0.2778274119 -0.1559507996 0.9478877783
-619.6 248.2 2301.5 0.5139126778 -0.5699925423 -0.6410945654 0.7872907519 0.0165869407 0.6163587570 -0.3406861126 -0.8214824200 0.4572741091
-731.3 77.0 2375.6 -0.4201156497 -0.5699925423 -0.7061241269 0.8533393145 0.0165869407 -0.5210919976 0.3087309897 -0.8214824200 0.4794286191
