135.5 502.8 2397.7 41 0.9271798730 -0.2788475454 0.2501629591 0.2901373506 0.9569457769 -0.0086644944 -0.2369763106 0.0806151628 0.9681649804
196.2 294.3 2380.1 0.9271798730 -0.2788475454 0.2501629591 0.2901373506 0.9569457769 -0.0086644944 -0.2369763106 0.0806151628 0.9681649804
192.2 95.9 2392.5 0.9701465964 0.0202092398 0.2416757792 -0.0346078314 0.9978597164 0.0554821156 -0.2400372773 -0.0621896610 0.9687696099
59.7 299.1 2413.9 0.4939624369 -0.7744788527 0.3952006996 0.7633786798 0.1687077284 -0.6235308647 0.4162380695 0.6096885800 0.6745558977
-40.6 144.1 2329.3 -0.2186340839 -0.7744788527 -0.5936173797 -0.9757763743 0.1687077284 0.1392772794 -0.0077194679 0.6096885800 -0.7926034331
332.7 289.4 2346.3 0.1102145687 0.4770304263 0.8719488382 -0.9814145565 0.1908945590 0.0196154490 -0.1570931226 -0.8579051495 0.4892039597
363.0 19.9 2303.2 -0.2443486452 0.4524884820 0.8576409221 -0.9454258084 0.0854386762 -0.3144364059 -0.2155545652 -0.8876679540 0.4069174826
100.1 -102.4 2424.4 0.8007071018 -0.0000059653 0.5990560055 0.0047808108 0.9999682307 -0.0063801454 -0.5990369320 0.0079726009 0.8006817102
100.1 -500.0 2421.3 0.7876402140 -0.1919807792 0.5854623914 0.0848355293 0.9749584198 0.2055698335 -0.6102669835 -0.1122470573 0.7842032909
277.3 -109.8 2377.7 0.9300314188 0.0104686068 0.3673308790 0.0599176623 0.9818974733 -0.1796865314 -0.3625622988 0.1891237199 0.9125682116
273.2 -500.2 2302.5 0.9342877269 -0.0992872268 0.3424157202 0.0242419709 0.9759081602 0.2168307006 -0.3556948304 -0.1942814291 0.9141859412
17.3 402.5 2331.4 0 0 0 0 0 0 0 0 0
299.1 -227.3 2246.8 0 0 0 0 0 0 0 0 0
153.4 -770.6 2452.4 0 0 0 0 0 0 0 0 0
301.8 -781.6 2358.5 0 0 0 0 0 0 0 0 0
134.6 503.1 2398.7 42 0.9189835191 -0.2678336501 0.2893691063 0.2730223536 0.9617305994 0.0230874289 -0.2844786942 0.0577872656 0.9569391012
192.4 295.8 2386.3 0.9189835191 -0.2678336501 0.2893691063 0.2730223536 0.9617305994 0.0230874289 -0.2844786942 0.0577872656 0.9569391012
190.3 97.2 2394.8 0.9577620029 0.0100648804 0.2873858511 -0.0219528191 0.9990299940 0.0381732732 -0.2867228687 -0.0428698398 0.9570538998
57.7 298.8 2426.6 0.4736913443 -0.8210391402 0.3186082840 0.7453821301 0.1810757667 -0.6415739059 0.4690650403 0.5413929224 0.6977618933
-40.5 144.2 2329.3 -0.2185093611 -0.8210391402 -0.5273977518 -0.9758220315 0.1810757667 0.1224047020 -0.0050001000 0.5413929224 -0.8407548666
327.0 292.8 2346.0 0.1402458251 0.4352892935 0.8892999291 -0.9778450131 0.2018658817 0.0554015823 -0.1554035991 -0.8773673177 0.4539563060
365.1 26.6 2303.7 -0.2297875583 0.4136210978 0.8809740543 -0.9494578242 0.1036175862 -0.2962993383 -0.2138400525 -0.9045335650 0.3689057529
99.2 -99.3 2426.9 0.7711009979 0.0008615804 0.6367122531 0.0053681368 0.9999547601 -0.0078542801 -0.6366902590 0.0094744023 0.7710614800
98.8 -496.8 2423.1 0.7581430674 -0.1946361810 0.6223631501 0.0823218375 0.9753472805 0.2047456503 -0.6468710899 -0.1039924175 0.7554755807
277.1 -105.6 2382.8 0.9111480713 0.0107330047 0.4119393229 0.0744952932 0.9788998365 -0.1902774870 -0.4052895904 0.2040584981 0.8911231756
272.9 -494.8 2301.7 0.9192209840 -0.0973640829 0.3815141320 0.0123500461 0.9755972028 0.2192204595 -0.3935483098 -0.1968003213 0.8979918361
17.3 402.3 2330.6 0 0 0 0 0 0 0 0 0
305.0 -221.7 2247.8 0 0 0 0 0 0 0 0 0
153.9 -773.0 2452.6 0 0 0 0 0 0 0 0 0
301.6 -782.0 2359.7 0 0 0 0 0 0 0 0 0
134.8 502.3 2399.3 43 0.9183918238 -0.2793270648 0.2802371681 0.2877615392 0.9576333761 0.0114727039 -0.2715691030 0.0701050386 0.9598622322
195.6 293.9 2384.0 0.9183918238 -0.2793270648 0.2802371681 0.2877615392 0.9576333761 0.0114727039 -0.2715691030 0.0701050386 0.9598622322
191.3 95.4 2393.0 0.9606952667 0.0214385837 0.2767760754 -0.0331572145 0.9987377524 0.0377288871 -0.2756178677 -0.0454230867 0.9601935148
60.5 298.5 2422.7 0.4846499562 -0.8007782102 0.3519498110 0.7440943122 0.1659175307 -0.6471437812 0.4598239958 0.5755220652 0.6762664318
-39.4 145.2 2328.0 -0.2143517882 -0.8007782102 -0.5592920184 -0.9766137600 0.1659175307 0.1367367357 -0.0166994538 0.5755220652 -0.8176157475
330.7 289.3 2345.2 0.1294801235 0.4468425512 0.8851929903 -0.9789457321 0.1996680051 0.0424018912 -0.1577977389 -0.8720461130 0.4632876515
364.8 31.7 2303.7 -0.2141507417 0.4281909168 0.8779476285 -0.9523398280 0.1083576530 -0.2851446271 -0.2172286808 -0.8971683979 0.3845784068
100.4 -99.4 2429.5 0.7784610987 0.0041330298 0.6276792288 0.0062733064 0.9998771548 -0.0143641001 -0.6276614666 0.0151195172 0.7783395648
98.7 -496.9 2423.5 0.7645705938 -0.1964484155 0.6138727665 0.0892103314 0.9755069613 0.2010664195 -0.6383363605 -0.0989656821 0.7633692026
275.9 -103.3 2377.0 0.9165953398 0.0097028585 0.3996983767 0.0700083748 0.9803654552 -0.1843432486 -0.3936391473 0.1969504058 0.8979191184
272.1 -493.1 2298.7 0.9237721562 -0.1005179137 0.3695146739 0.0148825161 0.9736298323 0.2276477516 -0.3826531768 -0.2047953457 0.9009081125
17.2 402.7 2332.4 0 0 0 0 0 0 0 0 0
308.8 -217.4 2246.9 0 0 0 0 0 0 0 0 0
153.9 -770.9 2451.3 0 0 0 0 0 0 0 0 0
302.1 -784.4 2359.9 0 0 0 0 0 0 0 0 0
136.4 502.4 2399.0 44 0.9293047786 -0.2594571710 0.2628205717 0.2692057490 0.9630820155 -0.0011249047 -0.2528258860 0.0717981905 0.9648440480
192.3 295.0 2383.6 0.9293047786 -0.2594571710 0.2628205717 0.2692057490 0.9630820155 -0.0011249047 -0.2528258860 0.0717981905 0.9648440480
189.6 96.5 2393.1 0.9662300944 0.0135467891 0.2573244870 -0.0253806356 0.9987645745 0.0427222550 -0.2564278245 -0.0478105880 0.9653801918
56.4 298.6 2419.6 0.4712372720 -0.8157049417 0.3355008960 0.7565836310 0.1783281863 -0.6291106939 0.4533394873 0.5502948761 0.7011839151
-39.4 144.8 2327.5 -0.2156965584 -0.8157049417 -0.5367498398 -0.9764548540 0.1783281863 0.1213875934 -0.0032988412 0.5502948761 -0.8349638581
328.2 291.5 2347.5 0.1395640969 0.4610617757 0.8763241172 -0.9766957164 0.2098253667 0.0451536030 -0.1630564332 -0.8622037768 0.4796011448
365.8 28.3 2303.5 -0.2035947293 0.4437551498 0.8727144599 -0.9515454173 0.1201344803 -0.2830707431 -0.2304571867 -0.8880591393 0.3977944255
98.9 -100.1 2427.3 0.7906858921 -0.0005293788 0.6122217774 0.0086261909 0.9999099970 -0.0102761388 -0.6121612787 0.0134063400 0.7906193137
99.1 -497.7 2421.9 0.7771986723 -0.1961079389 0.5979163051 0.0890452787 0.9749103785 0.2040114850 -0.6229230762 -0.1053158268 0.7751615047
275.1 -106.2 2376.7 0.9235623479 0.0066026174 0.3833913803 0.0705778673 0.9798420072 -0.1868914813 -0.3768969476 0.1996648759 0.9044792056
272.5 -495.7 2297.3 0.9304888248 -0.0986934304 0.3527749479 0.0164878294 0.9733306766 0.2288133055 -0.3659490645 -0.2070917189 0.9073005319
17.4 401.9 2328.4 0 0 0 0 0 0 0 0 0
312.6 -220.6 2243.3 0 0 0 0 0 0 0 0 0
154.0 -770.4 2451.4 0 0 0 0 0 0 0 0 0
301.4 -781.7 2358.2 0 0 0 0 0 0 0 0 0
134.5 501.1 2399.9 45 0.9264847040 -0.2751501203 0.2567460239 0.2839936018 0.9588222504 0.0027432991 -0.2469286323 0.0703726038 0.9664750099
193.9 294.1 2384.7 0.9264847040 -0.2751501203 0.2567460239 0.2839936018 0.9588222504 0.0027432991 -0.2469286323 0.0703726038 0.9664750099
190.7 95.5 2391.5 0.9672456980 0.0165244862 0.2533036470 -0.0246156100 0.9992818832 0.0288062301 -0.2526457310 -0.0340979248 0.9669578671
57.9 297.5 2420.2 0.4807046652 -0.8104395270 0.3348295093 0.7514799237 0.1839694232 -0.6335875392 0.4518859982 0.5561861396 0.6974639893
-39.9 144.7 2328.3 -0.2173987478 -0.8104395270 -0.5439903736 -0.9760639668 0.1839694232 0.1159928292 0.0060724257 0.5561861396 -0.8310355544
330.0 290.6 2349.2 0.1364809573 0.4660299122 0.8741790652 -0.9758236408 0.2153063864 0.0375691094 -0.1707080156 -0.8581720591 0.4841482043
366.4 30.5 2303.6 -0.2004554123 0.4465182424 0.8720315695 -0.9549266100 0.1098605394 -0.2757640183 -0.2189355195 -0.8880046010 0.4043700099
98.2 -99.7 2426.1 0.7933216095 -0.0027364921 0.6087966561 0.0173244588 0.9996864200 -0.0180819537 -0.6085562706 0.0248918775 0.7931202054
99.3 -497.2 2416.2 0.7836844325 -0.1898910701 0.5914220810 0.0735406429 0.9737940431 0.2152137160 -0.6167904139 -0.1251660883 0.7771119475
275.4 -104.3 2379.1 0.9253484607 0.0111546209 0.3789535463 0.0718451142 0.9762949347 -0.2041726857 -0.3722478747 0.2161568403 0.9026116133
271.0 -492.5 2293.1 0.9324937463 -0.1029807702 0.3461942077 0.0180522539 0.9705827832 0.2400899529 -0.3607347906 -0.2176327854 0.9069213867
17.3 401.6 2326.7 0 0 0 0 0 0 0 0 0
314.0 -219.3 2246.4 0 0 0 0 0 0 0 0 0
153.0 -772.5 2451.6 0 0 0 0 0 0 0 0 0
301.8 -782.6 2358.2 0 0 0 0 0 0 0 0 0
134.5 499.8 2399.3 46 0.9225839972 -0.2813479304 0.2639737129 0.2929037511 0.9561306834 -0.0046327636 -0.2510899603 0.0815929994 0.9645187259
196.0 290.7 2381.5 0.9225839972 -0.2813479304 0.2639737129 0.2929037511 0.9561306834 -0.0046327636 -0.2510899603 0.0815929994 0.9645187259
191.4 92.2 2391.6 0.9659488797 0.0233498868 0.2576772869 -0.0356241278 0.9984368086 0.0430682078 -0.2562688589 -0.0507812127 0.9652706981
60.1 295.7 2417.5 0.4954955280 -0.7983412743 0.3422504365 0.7497529387 0.1941433102 -0.6325969696 0.4385826290 0.5700522065 0.6947558522
-40.3 143.8 2328.7 -0.2323775440 -0.7983412743 -0.5555644631 -0.9726083279 0.1941433102 0.1278334260 0.0058044153 0.5700522065 -0.8215879798
331.9 285.7 2345.4 0.1324497014 0.4629813135 0.8764162064 -0.9781665802 0.2039159387 0.0401049294 -0.1601473987 -0.8625929356 0.4798814654
366.6 29.7 2303.5 -0.1839456856 0.4478018880 0.8750070930 -0.9585895538 0.1151782051 -0.2604612410 -0.2174167782 -0.8866834044 0.4080716670
98.6 -100.9 2421.4 0.7907900214 -0.0020404432 0.6120840907 0.0065734098 0.9999650717 -0.0051591191 -0.6120522022 0.0081032598 0.7907758355
99.4 -498.5 2418.2 0.7789283991 -0.1919214129 0.5970231891 0.0773828924 0.9741584063 0.2121963203 -0.6223201752 -0.1190863699 0.7736511230
276.1 -105.4 2375.1 0.9242453575 0.0160506610 0.3814615309 0.0611667037 0.9799860716 -0.1894357949 -0.3768675625 0.1984178871 0.9047657847
269.7 -495.0 2296.2 0.9295070767 -0.1074396595 0.3528077602 0.0208970793 0.9704321623 0.2404678315 -0.3682117760 -0.2161438912 0.9042687416
20.5 398.3 2327.2 0 0 0 0 0 0 0 0 0
318.5 -221.0 2246.7 0 0 0 0 0 0 0 0 0
153.5 -772.7 2451.7 0 0 0 0 0 0 0 0 0
301.4 -781.4 2360.0 0 0 0 0 0 0 0 0 0
133.4 499.3 2392.1 47 0.9267628193 -0.2856607735 0.2439438105 0.2907252908 0.9566763043 0.0157884490 -0.2378854007 0.0562884882 0.9696608186
196.3 288.5 2379.7 0.9267628193 -0.2856607735 0.2439438105 0.2907252908 0.9566763043 0.0157884490 -0.2378854007 0.0562884882 0.9696608186
191.8 90.1 2391.6 0.9707666039 0.0226153135 0.2389576435 -0.0362550393 0.9979446530 0.0528392829 -0.2372715324 -0.0599580295 0.9695912600
59.7 293.6 2413.0 0.4992861450 -0.7915883660 0.3522800207 0.7511424422 0.1928027570 -0.6313573718 0.4318545759 0.5798404813 0.6908593774
-40.0 143.6 2326.8 -0.2382690459 -0.7915883660 -0.5626862049 -0.9711963534 0.1928027570 0.1400169581 -0.0023483436 0.5798404813 -0.8147266507
332.9 283.4 2346.3 0.1306412071 0.4779751003 0.8686038852 -0.9781251550 0.2051859200 0.0342039615 -0.1618766338 -0.8540717363 0.4943252206
367.3 25.8 2303.6 -0.1726632118 0.4651579559 0.8682254553 -0.9580354095 0.1254565269 -0.2577378452 -0.2288133800 -0.8762925863 0.4239760935
98.1 -102.9 2425.2 0.8023986220 -0.0058399322 0.5967598557 0.0072243246 0.9999738932 0.0000720418 -0.5967447162 0.0042533809 0.8024198413
100.4 -500.5 2423.5 0.7891780138 -0.1896453053 0.5841512680 0.0902156830 0.9766098857 0.1951775998 -0.6075024009 -0.1013302654 0.7878280282
275.3 -109.5 2378.2 0.9312953949 0.0125816623 0.3640474379 0.0649344400 0.9776619077 -0.1999018639 -0.3584304154 0.2098069042 0.9096750617
270.3 -498.1 2294.8 0.9363735914 -0.1070220619 0.3342914283 0.0258022249 0.9707942605 0.2385220528 -0.3500553071 -0.2147202939 0.9117875099
22.0 396.2 2327.4 0 0 0 0 0 0 0 0 0
322.1 -224.7 2243.8 0 0 0 0 0 0 0 0 0
153.6 -774.6 2451.9 0 0 0 0 0 0 0 0 0
301.5 -781.3 2357.4 0 0 0 0 0 0 0 0 0
134.2 499.0 2395.4 48 0.9298658371 -0.2820325792 0.2362354696 0.2924679816 0.9562270641 -0.0096039148 -0.2231861353 0.0780216604 0.9716483951
196.6 287.4 2378.1 0.9298658371 -0.2820325792 0.2362354696 0.2924679816 0.9562270641 -0.0096039148 -0.2231861353 0.0780216604 0.9716483951
192.7 89.0 2390.9 0.9736672640 0.0194615722 0.2271415293 -0.0334898978 0.9977505803 0.0580705032 -0.2255004495 -0.0641482994 0.9721288681
59.6 292.1 2409.9 0.5075413585 -0.7809825540 0.3639615178 0.7523033023 0.1957388818 -0.6290675998 0.4200493991 0.5930873156 0.6868813634
-40.7 143.5 2326.9 -0.2439164072 -0.7809825540 -0.5749530792 -0.9697955847 0.1957388818 0.1455430090 -0.0011258787 0.5930873156 -0.8051373959
333.6 282.7 2346.4 0.1276372969 0.4872594178 0.8638790250 -0.9785309434 0.2039738446 0.0295282919 -0.1618207842 -0.8491012454 0.5028330684
367.4 23.2 2303.5 -0.1746850461 0.4754280448 0.8622373939 -0.9547547102 0.1322700083 -0.2663607895 -0.2406835407 -0.8697544336 0.4308115840
98.2 -104.9 2425.3 0.8093788624 -0.0095730294 0.5872088075 0.0142507050 0.9998928905 -0.0033415984 -0.5871139169 0.0110727586 0.8094285727
102.0 -502.5 2420.9 0.7981371284 -0.1869500875 0.5727362633 0.0836127177 0.9758096933 0.2020009905 -0.5966457129 -0.1133364514 0.7944613099
276.3 -111.6 2381.7 0.9352844357 0.0113320714 0.3537154794 0.0702116489 0.9736776948 -0.2168456018 -0.3468621969 0.2276472598 0.9098699689
271.8 -498.6 2291.2 0.9417365789 -0.1023606732 0.3203974962 0.0208066870 0.9684722424 0.2482511848 -0.3357072175 -0.2271208018 0.9141754508
22.6 395.0 2327.2 0 0 0 0 0 0 0 0 0
321.8 -226.5 2240.6 0 0 0 0 0 0 0 0 0
154.1 -774.4 2452.4 0 0 0 0 0 0 0 0 0
301.9 -782.9 2357.9 0 0 0 0 0 0 0 0 0
134.5 501.2 2397.1 49 0.9272601008 -0.2859633267 0.2416892052 0.2988710403 0.9541288018 -0.0177308954 -0.2255322486 0.0886750594 0.9701917171
198.8 286.5 2377.1 0.9272601008 -0.2859633267 0.2416892052 0.2988710403 0.9541288018 -0.0177308954 -0.2255322486 0.0886750594 0.9701917171
194.8 88.2 2390.1 0.9726794958 0.0202081073 0.2312708199 -0.0347044170 0.9976672530 0.0587852336 -0.2295433879 -0.0652053133 0.9711117744
62.0 291.4 2409.4 0.5194552541 -0.7693740726 0.3717925847 0.7470392585 0.1976550221 -0.6347163320 0.4148476124 0.6074504256 0.6774256229
-41.1 143.2 2327.2 -0.2471146435 -0.7693740726 -0.5890652537 -0.9689835310 0.1976550221 0.1483356357 0.0023061081 0.6074504256 -0.7943542600
335.7 281.7 2344.8 0.1228720546 0.4847075641 0.8660029173 -0.9801028967 0.1963348836 0.0291710906 -0.1558871418 -0.8523562551 0.4991873503
368.1 23.6 2303.8 -0.1724980325 0.4752593040 0.8627705574 -0.9533640146 0.1396825314 -0.2675553262 -0.2476721406 -0.8686871529 0.4290001690
99.5 -106.3 2424.3 0.8068480492 -0.0144780446 0.5905815959 0.0196691975 0.9998037815 -0.0023618247 -0.5904315114 0.0135219004 0.8069744706
105.3 -503.8 2419.0 0.7989333868 -0.1744814366 0.5755533576 0.0700212717 0.9774690270 0.1991263926 -0.5973294377 -0.1187877357 0.7931500673
278.1 -112.4 2383.0 0.9338972569 0.0155351646 0.3572037816 0.0691285059 0.9723589420 -0.2230230719 -0.3507950008 0.2329736054 0.9070094824
272.0 -499.0 2290.4 0.9409506321 -0.0999867395 0.3234418333 0.0151498793 0.9668702483 0.2548183501 -0.3382047415 -0.2348713875 0.9112919569
23.0 394.4 2326.6 0 0 0 0 0 0 0 0 0
323.0 -225.7 2239.0 0 0 0 0 0 0 0 0 0
153.6 -774.4 2451.9 0 0 0 0 0 0 0 0 0
301.3 -782.3 2359.2 0 0 0 0 0 0 0 0 0
135.5 500.5 2398.9 50 0.9246984720 -0.2905959785 0.2459404171 0.3059642613 0.9516909122 -0.0258889236 -0.2265360504 0.0991884246 0.9689391255
201.1 285.9 2376.6 0.9246984720 -0.2905959785 0.2459404171 0.3059642613 0.9516909122 -0.0258889236 -0.2265360504 0.0991884246 0.9689391255
196.1 87.5 2389.1 0.9716991186 0.0251867957 0.2348754257 -0.0392472185 0.9976935983 0.0553816222 -0.2329388261 -0.0630324781 0.9704465270
64.3 291.4 2409.4 0.5286232829 -0.7552436590 0.3875105083 0.7425585985 0.1902378052 -0.6421964765 0.4112956524 0.6272292733 0.6613768339
-41.1 143.3 2327.3 -0.2474086136 -0.7552436590 -0.6069563031 -0.9689028263 0.1902378052 0.1582305133 -0.0040365546 0.6272292733 -0.7788242102
337.8 280.4 2343.8 0.1175884977 0.4840396345 0.8671092987 -0.9821850657 0.1855696291 0.0296048168 -0.1465792507 -0.8551430106 0.4972373545
368.6 23.1 2305.4 -0.1652423292 0.4783013761 0.8625095487 -0.9521096945 0.1507539600 -0.2660082579 -0.2572588623 -0.8651595116 0.4304844439
101.6 -107.0 2424.1 0.8049122691 -0.0053483737 0.5933697224 0.0188219659 0.9996863604 -0.0165214613 -0.5930952430 0.0244667120 0.8047604561
103.7 -504.4 2414.4 0.7971493006 -0.1819496900 0.5757145882 0.0652926117 0.9738993049 0.2173867375 -0.6002414823 -0.1356997788 0.7882231474
280.0 -113.3 2382.0 0.9329873323 0.0170633644 0.3595045209 0.0620607994 0.9762859941 -0.2073983997 -0.3545181453 0.2158112079 0.9098035097
273.3 -501.4 2296.2 0.9385020137 -0.0983914286 0.3309578300 0.0174537096 0.9708312750 0.2391275615 -0.3448323309 -0.2186452597 0.9128444195
23.0 394.3 2328.3 0 0 0 0 0 0 0 0 0
325.4 -225.9 2238.1 0 0 0 0 0 0 0 0 0
154.0 -773.8 2452.0 0 0 0 0 0 0 0 0 0
301.7 -782.3 2359.5 0 0 0 0 0 0 0 0 0
136.9 499.4 2398.9 51 0.9226394296 -0.2968543768 0.2461991012 0.3130335212 0.9493153691 -0.0284673572 -0.2252699137 0.1033336744 0.9688011408
203.7 285.8 2375.6 0.9226394296 -0.2968543768 0.2461991012 0.3130335212 0.9493153691 -0.0284673572 -0.2252699137 0.1033336744 0.9688011408
196.6 87.6 2388.9 0.9713999033 0.0355941840 0.2347664088 -0.0502420478 0.9971258044 0.0567084588 -0.2320731580 -0.0668817386 0.9703962803
67.0 292.9 2408.3 0.5410504341 -0.7433980703 0.3932222128 0.7406583428 0.1997287571 -0.6415088773 0.3983586729 0.6383319497 0.6586673260
-42.1 143.5 2327.9 -0.2519693077 -0.7433980703 -0.6195730567 -0.9676901698 0.1997287571 0.1538967043 0.0093400376 0.6383319497 -0.7697045207
340.4 278.7 2342.9 0.1086819172 0.4863579571 0.8669741750 -0.9836159945 0.1788035035 0.0229981057 -0.1438327134 -0.8552691340 0.4978221655
368.8 22.0 2305.4 -0.1443819106 0.4837838113 0.8631958365 -0.9547024369 0.1612683386 -0.2500715852 -0.2601867616 -0.8602010012 0.4385853410
101.9 -107.2 2423.0 0.8054691553 -0.0063825478 0.5926033854 0.0162798986 0.9998029470 -0.0113594802 -0.5924140811 0.0187972337 0.8054143190
104.4 -504.7 2415.5 0.7974832654 -0.1775972545 0.5766104460 0.0658803061 0.9756135941 0.2093750536 -0.5997334123 -0.1289858371 0.7897356749
280.2 -114.4 2380.3 0.9340543151 0.0159551110 0.3567743897 0.0613223165 0.9769989252 -0.2042369097 -0.3518268168 0.2126466036 0.9115916491
273.9 -502.8 2295.7 0.9398487210 -0.0950018093 0.3281144500 0.0137244826 0.9702740312 0.2416194975 -0.3413152099 -0.2225825638 0.9132146239
23.1 393.9 2325.5 0 0 0 0 0 0 0 0 0
331.0 -227.7 2237.4 0 0 0 0 0 0 0 0 0
153.3 -773.3 2451.1 0 0 0 0 0 0 0 0 0
301.3 -782.8 2359.9 0 0 0 0 0 0 0 0 0
138.4 498.2 2398.8 52 0.9217537045 -0.2990322709 0.2468801141 0.3150721788 0.9486756325 -0.0272776838 -0.2260522395 0.1029283553 0.9686620235
205.6 285.0 2375.7 0.9217537045 -0.2990322709 0.2468801141 0.3150721788 0.9486756325 -0.0272776838 -0.2260522395 0.1029283553 0.9686620235
197.0 86.8 2388.7 0.9707317352 0.0432094038 0.2362473458 -0.0574161224 0.9969111681 0.0535866953 -0.2332021743 -0.0655827150 0.9702142477
69.0 293.1 2408.5 0.5448588729 -0.7337127924 0.4059486985 0.7369102836 0.1879717708 -0.6493303180 0.4001150727 0.6529411077 0.6430985928
-41.4 143.8 2327.4 -0.2494408190 -0.7337127924 -0.6320164204 -0.9683888555 0.1879717708 0.1639805585 -0.0015133797 0.6529411077 -0.7574071288
342.2 276.9 2342.9 0.1004734337 0.4863882959 0.8679467440 -0.9835484624 0.1801845282 0.0128819495 -0.1501249373 -0.8549619317 0.4964902401
368.5 19.9 2303.6 -0.1335852742 0.4833166897 0.8651936054 -0.9589895606 0.1571766287 -0.2358697206 -0.2499879748 -0.8612203598 0.4424991906
100.4 -106.0 2423.5 0.8049033284 -0.0071296399 0.5933631063 0.0196582340 0.9996993542 -0.0146545703 -0.5930802226 0.0234599821 0.8048015237
103.3 -503.5 2414.2 0.7977146506 -0.1803373545 0.5754387379 0.0627473220 0.9738801718 0.2182204872 -0.5997616649 -0.1379704475 0.7881941795
278.7 -115.2 2380.9 0.9343196750 0.0111312037 0.3562622964 0.0659060404 0.9768823981 -0.2033647299 -0.3502900600 0.2134875059 0.9119868279
274.3 -503.6 2296.0 0.9404431581 -0.0950907841 0.3263807297 0.0160452630 0.9714279771 0.2367915213 -0.3395720720 -0.2174521089 0.9150985479
23.0 394.0 2327.8 0 0 0 0 0 0 0 0 0
333.6 -230.9 2238.2 0 0 0 0 0 0 0 0 0
153.7 -775.7 2452.7 0 0 0 0 0 0 0 0 0
301.4 -780.4 2358.0 0 0 0 0 0 0 0 0 0
136.8 495.2 2391.3 53 0.9293006659 -0.2896549404 0.2291293740 0.2984810174 0.9544069171 -0.0040585813 -0.2175070792 0.0721624121 0.9733875394
199.8 287.4 2375.6 0.9293006659 -0.2896549404 0.2291293740 0.2984810174 0.9544069171 -0.0040585813 -0.2175070792 0.0721624121 0.9733875394
194.4 89.4 2391.6 0.9753789902 0.0273412392 0.2188340127 -0.0441976376 0.9963881373 0.0725068301 -0.2160611898 -0.0803935826 0.9730644822
62.6 293.6 2406.0 0.5230480433 -0.7579066753 0.3898694515 0.7542642355 0.1986161917 -0.6258091331 0.3968705535 0.6213928461 0.6755477190
-41.3 143.8 2327.2 -0.2493554950 -0.7579066753 -0.6028260589 -0.9683970213 0.1986161917 0.1508603841 0.0053929202 0.6213928461 -0.7834805846
337.1 281.2 2345.2 0.1174488589 0.4956436157 0.8605481982 -0.9810852408 0.1921796203 0.0232116431 -0.1538751125 -0.8469972610 0.5088399053
368.6 18.0 2303.9 -0.1299925745 0.4918414950 0.8609261513 -0.9577146769 0.1624960005 -0.2374397367 -0.2566797733 -0.8553870320 0.4499205649
99.4 -106.1 2423.2 0.8144741058 -0.0068263924 0.5801597834 0.0186215397 0.9997231960 -0.0143792424 -0.5799010396 0.0225149896 0.8143757582
102.1 -503.6 2414.2 0.8057398796 -0.1856453568 0.5624225140 0.0704727843 0.9729104638 0.2201789320 -0.5880619884 -0.1377714574 0.7969956994
277.5 -116.6 2380.4 0.9388521910 0.0102900043 0.3441666961 0.0606954508 0.9789552093 -0.1948401928 -0.3389286995 0.2038154900 0.9184696674
273.4 -505.8 2299.3 0.9428478479 -0.1039365530 0.3165993989 0.0282720551 0.9716364741 0.2347834557 -0.3320221007 -0.2124141455 0.9190438390
23.0 393.7 2325.8 0 0 0 0 0 0 0 0 0
334.6 -232.5 2236.8 0 0 0 0 0 0 0 0 0
153.6 -773.8 2452.5 0 0 0 0 0 0 0 0 0
302.6 -778.4 2358.9 0 0 0 0 0 0 0 0 0
135.3 495.9 2387.0 54 0.9252479076 -0.3008542359 0.2310909480 0.3040332496 0.9523930550 0.0226116739 -0.2268922329 0.0493379273 0.9726693630
201.2 287.2 2376.2 0.9252479076 -0.3008542359 0.2310909480 0.3040332496 0.9523930550 0.0226116739 -0.2268922329 0.0493379273 0.9726693630
196.8 89.0 2390.6 0.9741181731 0.0222038738 0.2249460518 -0.0378775932 0.9971266389 0.0656031817 -0.2228430510 -0.0724256709 0.9721602201
64.1 292.5 2407.6 0.5270200372 -0.7553412318 0.3894990087 0.7485641837 0.1955911666 -0.6335580349 0.4023699462 0.6254627705 0.6685018539
-41.0 143.2 2327.3 -0.2479266375 -0.7553412318 -0.6066234112 -0.9687723517 0.1955911666 0.1523950249 0.0035399359 0.6254627705 -0.7802459598
338.3 281.9 2344.9 0.1165771186 0.4911066890 0.8632635474 -0.9823576212 0.1849910617 0.0274192858 -0.1462302506 -0.8512300253 0.5040081143
369.0 23.1 2306.3 -0.1260680705 0.4892821014 0.8629657626 -0.9564983845 0.1707541049 -0.2365456969 -0.2630925179 -0.8552461863 0.4464708865
99.4 -104.6 2427.4 0.8105052114 -0.0084912414 0.5856698751 0.0281460322 0.9993044138 -0.0244628750 -0.5850548148 0.0363115706 0.8101804256
102.8 -501.9 2413.0 0.8045921922 -0.1820799261 0.5652241707 0.0624318868 0.9724939466 0.2244055122 -0.5905367732 -0.1452669054 0.7938286066
278.4 -112.7 2387.8 0.9363340735 0.0056010536 0.3510656655 0.0741383359 0.9741744995 -0.2132781893 -0.3431937993 0.2257270664 0.9117375016
276.1 -499.9 2298.1 0.9435455203 -0.0886633992 0.3191561699 0.0144696943 0.9736237526 0.2277003676 -0.3309267163 -0.2102275640 0.9199412465
23.1 393.7 2326.4 0 0 0 0 0 0 0 0 0
336.0 -227.1 2237.5 0 0 0 0 0 0 0 0 0
153.5 -772.5 2453.4 0 0 0 0 0 0 0 0 0
301.7 -780.8 2358.7 0 0 0 0 0 0 0 0 0
133.9 499.9 2392.9 55 0.9334426522 -0.2301978618 0.2751249373 0.2291409969 0.9727108479 0.0364415608 -0.2760058045 0.0290262960 0.9607175589
182.0 296.4 2386.8 0.9334426522 -0.2301978618 0.2751249373 0.2291409969 0.9727108479 0.0364415608 -0.2760058045 0.0290262960 0.9607175589
193.4 98.8 2393.2 0.9601364732 -0.0585154332 0.2733383477 0.0469597690 0.9977120757 0.0486348346 -0.2755588591 -0.0338601768 0.9606876969
47.6 289.7 2425.3 0.4582224190 -0.8545666933 0.2444339544 0.7500567436 0.2242116481 -0.6222090125 0.4769141376 0.4684494436 0.7437123060
-45.9 136.7 2328.0 -0.2508217096 -0.8545666933 -0.4547573328 -0.9680162072 0.2242116481 0.1125779897 0.0057564834 0.4684494436 -0.8834715486
316.5 303.0 2348.3 0.1797997802 0.4354290962 0.8820847869 -0.9733946323 0.2082287520 0.0956226513 -0.1420385242 -0.8758094907 0.4612838030
368.4 21.9 2307.3 -0.1232926026 0.4320839643 0.8933657408 -0.9586205482 0.1809231341 -0.2198033631 -0.2566040456 -0.8834989071 0.3918980658
103.0 -105.7 2425.5 0.7759007812 -0.0051740417 0.6308337450 0.0225759745 0.9995535612 -0.0195693169 -0.6304508448 0.0294255354 0.7756712437
105.0 -503.2 2413.8 0.7716082335 -0.1776878834 0.6107763648 0.0474949963 0.9736055136 0.2232410759 -0.6343224645 -0.1432458311 0.7596812844
281.7 -112.7 2384.6 0.9090818763 0.0114733633 0.4164594710 0.0781282634 0.9771914482 -0.1974661797 -0.4092262387 0.2120501697 0.8874506354
277.2 -501.1 2300.3 0.9190499187 -0.0863356590 0.3845691085 -0.0006081552 0.9754024148 0.2204309553 -0.3941406906 -0.2028209269 0.8963909745
11.6 358.5 2326.7 0 0 0 0 0 0 0 0 0
336.2 -228.9 2240.2 0 0 0 0 0 0 0 0 0
153.8 -770.3 2453.1 0 0 0 0 0 0 0 0 0
301.9 -781.1 2358.5 0 0 0 0 0 0 0 0 0
135.7 502.6 2395.3 56 0.9372529984 -0.1780971438 0.2997301817 0.1749823838 0.9838597178 0.0374331251 -0.3015591800 0.0173631907 0.9532893300
172.1 301.6 2391.8 0.9372529984 -0.1780971438 0.2997301817 0.1749823838 0.9838597178 0.0374331251 -0.3015591800 0.0173631907 0.9532893300
189.2 104.1 2394.6 0.9501962066 -0.0869636312 0.2992733419 0.0782994628 0.9960927963 0.0408455804 -0.3016560972 -0.0153783718 0.9532927871
38.8 290.6 2434.0 0.3868190944 -0.9005174041 0.1985934675 0.8241018653 0.2409398854 -0.5126441717 0.4137959480 0.3619618118 0.8353182673
-41.1 120.2 2348.5 -0.2283528447 -0.9005174041 -0.3700315654 -0.9704591632 0.2409398854 0.0125301499 0.0778717399 0.3619618118 -0.9289346933
305.4 312.7 2349.5 0.2311633974 0.4078329504 0.8833095431 -0.9640086293 0.2185789496 0.1513623595 -0.1313423216 -0.8865075111 0.4436819255
369.3 46.3 2313.2 -0.1122370735 0.4051462114 0.9073364139 -0.9591093063 0.1945924759 -0.2055312842 -0.2598310709 -0.8933030367 0.3667390049
117.1 -103.1 2424.6 0.7565807104 0.0332205705 0.6530559063 -0.0090662884 0.9991455674 -0.0403224342 -0.6538375020 0.0245863833 0.7562354207
103.9 -500.1 2414.8 0.7476095557 -0.1796819866 0.6393703222 0.0461581536 0.9744358659 0.2198730409 -0.6625325680 -0.1348670274 0.7367913127
292.4 -94.4 2374.4 0.8936308622 0.0395256542 0.4470587969 0.0539830029 0.9794159532 -0.1944999844 -0.4455442429 0.1979447752 0.8731026053
276.7 -483.6 2295.7 0.9022215009 -0.0808387846 0.4236289263 -0.0190224182 0.9738604426 0.2263493538 -0.4308532476 -0.2122756988 0.8771000504
7.9 328.4 2331.8 0 0 0 0 0 0 0 0 0
339.9 -204.6 2245.3 0 0 0 0 0 0 0 0 0
154.1 -772.0 2452.4 0 0 0 0 0 0 0 0 0
301.6 -782.9 2360.9 0 0 0 0 0 0 0 0 0
137.0 505.5 2397.1 57 0.9344044924 -0.1502986252 0.3229529560 0.1456016451 0.9885820150 0.0388034582 -0.3250976205 0.0107643567 0.9456192255
167.4 305.7 2394.9 0.9344044924 -0.1502986252 0.3229529560 0.1456016451 0.9885820150 0.0388034582 -0.3250976205 0.0107643567 0.9456192255
187.2 108.2 2395.6 0.9410029650 -0.1002282500 0.3232145905 0.0933580846 0.9949547648 0.0367320515 -0.3252654970 -0.0043902737 0.9456125498
35.2 292.6 2440.5 0.3402934968 -0.9286632538 0.1475971788 0.8172855973 0.2144776732 -0.5348303914 0.4650210142 0.3026283681 0.8319684863
-36.1 121.3 2343.1 -0.2067586035 -0.9286632538 -0.3079536855 -0.9766877294 0.2144776732 0.0089658387 0.0577229485 0.3026283681 -0.9513590932
299.5 318.9 2349.2 0.2624437511 0.3844483793 0.8850551844 -0.9568966031 0.2219219208 0.1873487681 -0.1243872195 -0.8960748315 0.4261193573
370.1 61.4 2315.8 -0.0915348008 0.3836834431 0.9189169407 -0.9592440724 0.2137679309 -0.1848082542 -0.2673428655 -0.8983820081 0.3484788835
119.4 -100.6 2424.9 0.7388366461 0.0448874719 0.6723879576 -0.0141339200 0.9985917807 -0.0511335805 -0.6737363338 0.0282758866 0.7384306788
101.6 -497.5 2413.7 0.7297221422 -0.1837623864 0.6585871577 0.0402093194 0.9730737209 0.2269596756 -0.6825605035 -0.1391361505 0.7174624205
293.2 -86.2 2369.8 0.8802276254 0.0413902774 0.4727433026 0.0471367612 0.9836367965 -0.1738873571 -0.4722049236 0.1753440350 0.8638732433
276.8 -477.1 2300.1 0.8874150515 -0.0793754607 0.4540860057 -0.0175813250 0.9785187840 0.2054066956 -0.4606359303 -0.1902644187 0.8669567108
10.5 341.5 2330.0 0 0 0 0 0 0 0 0 0
346.2 -189.5 2245.9 0 0 0 0 0 0 0 0 0
153.4 -771.6 2452.8 0 0 0 0 0 0 0 0 0
301.5 -781.4 2359.3 0 0 0 0 0 0 0 0 0
137.2 503.5 2397.9 58 0.9356530905 -0.1366903186 0.3253751695 0.1312079728 0.9905934930 0.0388456173 -0.3276243508 0.0063457931 0.9447867274
164.6 304.3 2396.6 0.9356530905 -0.1366903186 0.3253751695 0.1312079728 0.9905934930 0.0388456173 -0.3276243508 0.0063457931 0.9447867274
186.2 106.9 2396.6 0.9391604662 -0.1089349464 0.3257465959 0.1028689593 0.9940488935 0.0358444527 -0.3277127445 -0.0001544783 0.9447773695
32.6 289.9 2442.7 0.3451167643 -0.9347539544 0.0844363198 0.7775531411 0.2343689352 -0.5835086703 0.5256477594 0.2670323253 0.8077054620
-37.9 131.0 2335.3 -0.2332942933 -0.9347539544 -0.2679717243 -0.9717315435 0.2343689352 0.0284437854 0.0362163037 0.2670323253 -0.9630067945
296.7 318.8 2350.6 0.2803893387 0.3772300482 0.8826547265 -0.9504694939 0.2375979424 0.2003868967 -0.1341249794 -0.8951227069 0.4251655936
370.1 69.8 2315.4 -0.0894715413 0.3745634258 0.9228743315 -0.9621503353 0.2069725394 -0.1772824377 -0.2574131787 -0.9038056135 0.3418681920
120.8 -97.9 2426.0 0.7366599441 0.0476457588 0.6745828390 -0.0103982436 0.9981951118 -0.0591473579 -0.6761834025 0.0365570113 0.7358257771
101.9 -494.7 2411.5 0.7272479534 -0.1933776736 0.6585708261 0.0422526971 0.9702847600 0.2382480651 -0.6850730777 -0.1454390287 0.7138083577
293.1 -80.7 2366.5 0.8778597116 0.0407529101 0.4771807790 0.0437663086 0.9853771329 -0.1646706462 -0.4769138098 0.1654421687 0.8632392883
276.9 -472.4 2300.8 0.8841933608 -0.0803720355 0.4601548314 -0.0144528439 0.9799081087 0.1989250481 -0.4668974876 -0.1825387478 0.8652666211
17.9 363.3 2326.7 0 0 0 0 0 0 0 0 0
346.7 -181.9 2248.1 0 0 0 0 0 0 0 0 0
157.8 -775.4 2453.6 0 0 0 0 0 0 0 0 0
302.4 -782.4 2358.5 0 0 0 0 0 0 0 0 0
136.6 503.3 2390.9 59 0.9250835776 -0.2008138746 0.3223261237 0.1870722324 0.9795998931 0.0734032765 -0.3304910362 -0.0076058987 0.9437784553
177.8 302.4 2392.4 0.9250835776 -0.2008138746 0.3223261237 0.1870722324 0.9795998931 0.0734032765 -0.3304910362 -0.0076058987 0.9437784553
192.1 104.3 2395.0 0.9420867562 -0.0725076199 0.3274372518 0.0640916824 0.9972786307 0.0364356264 -0.3291880488 -0.0133395176 0.9441701770
45.3 293.4 2438.7 0.4032478631 -0.9084063768 0.1104037762 0.7518040538 0.2600896060 -0.6059241295 0.5217105150 0.3273396194 0.7878241539
-37.6 138.7 2331.3 -0.2645323873 -0.9084063768 -0.3237598538 -0.9638547301 0.2600896060 0.0577704087 0.0317275636 0.3273396194 -0.9443739653
310.2 311.4 2346.1 0.2410957664 0.3844950497 0.8910871744 -0.9622555971 0.2141412199 0.1679515839 -0.1262419373 -0.8979460597 0.4216110408
370.2 71.8 2314.7 -0.0855991989 0.3832505643 0.9196693897 -0.9644790888 0.1996528357 -0.1729705185 -0.2499056458 -0.9018080235 0.3525470197
121.7 -100.1 2426.6 0.7380855680 0.0365949534 0.6737139225 -0.0012562533 0.9986008406 -0.0528659485 -0.6747059226 0.0381732397 0.7370988727
107.2 -497.0 2411.4 0.7327647805 -0.1720279306 0.6583784223 0.0312195215 0.9749977589 0.2200106829 -0.6797654629 -0.1406618208 0.7198146582
293.9 -81.2 2366.5 0.8809299469 0.0420631096 0.4713736773 0.0443607457 0.9843170643 -0.1707395911 -0.4711629748 0.1713201106 0.8652484417
277.2 -472.5 2298.4 0.8875479698 -0.0826752782 0.4532365501 -0.0147755062 0.9781531692 0.2073598355 -0.4604783058 -0.1907386035 0.8669362664
28.8 380.6 2323.4 0 0 0 0 0 0 0 0 0
347.8 -180.5 2249.3 0 0 0 0 0 0 0 0 0
156.0 -773.4 2451.2 0 0 0 0 0 0 0 0 0
303.3 -781.9 2358.7 0 0 0 0 0 0 0 0 0
136.4 503.5 2394.3 60 0.9179729819 -0.2503605783 0.3076445758 0.2433228791 0.9679811597 0.0616961718 -0.3132404387 0.0182215422 0.9494990110
188.7 301.4 2390.5 0.9179729819 -0.2503605783 0.3076445758 0.2433228791 0.9679811597 0.0616961718 -0.3132404387 0.0182215422 0.9494990110
194.3 103.0 2393.2 0.9492305517 -0.0287217144 0.3132672608 0.0229631606 0.9994929433 0.0220572576 -0.3137419522 -0.0137438159 0.9494088292
55.3 298.2 2434.6 0.4396620393 -0.8755207658 0.2004013658 0.7398253083 0.2265099734 -0.6335232854 0.5092698932 0.4267981350 0.7473202348
-38.2 140.8 2326.3 -0.2533169091 -0.8755207658 -0.4114534557 -0.9673631787 0.2265099734 0.1135858074 -0.0062484173 0.4267981350 -0.9043253064
322.0 304.6 2346.4 0.1898959428 0.4063774347 0.8937544227 -0.9720799327 0.2056259364 0.1130425707 -0.1378411353 -0.8902670145 0.4340788722
369.8 60.1 2311.7 -0.0869107023 0.4054098725 0.9099941254 -0.9644452929 0.1946076453 -0.1788104773 -0.2495833635 -0.8931800723 0.3740821481
120.2 -99.6 2427.8 0.7505050898 0.0275102854 0.6602918506 0.0088657821 0.9986241460 -0.0516835861 -0.6608052254 0.0446427986 0.7492285967
109.3 -496.6 2410.0 0.7488515377 -0.1580869704 0.6436069608 0.0193412062 0.9759330153 0.2172111422 -0.6624555588 -0.1502107531 0.7338864803
292.8 -87.8 2367.5 0.8920437098 0.0326039009 0.4507716298 0.0478757732 0.9849655628 -0.1659842730 -0.4494062662 0.1696462631 0.8770713806
279.9 -479.4 2300.0 0.8994234800 -0.0738700032 0.4307907224 -0.0206078701 0.9773512483 0.2106176764 -0.4365921915 -0.1983121634 0.8775303364
26.3 387.3 2327.9 0 0 0 0 0 0 0 0 0
347.0 -192.2 2246.4 0 0 0 0 0 0 0 0 0
154.2 -773.9 2452.7 0 0 0 0 0 0 0 0 0
302.7 -781.0 2361.2 0 0 0 0 0 0 0 0 0
139.6 503.9 2396.5 61 0.9199221134 -0.1823268980 0.3471314609 0.1744801253 0.9831778407 0.0540188476 -0.3511410356 0.0108744064 0.9362594485
176.9 303.0 2394.3 0.9199221134 -0.1823268980 0.3471314609 0.1744801253 0.9831778407 0.0540188476 -0.3511410356 0.0108744064 0.9362594485
189.4 104.8 2394.4 0.9342656136 -0.0632628426 0.3509209752 0.0587706380 0.9979960918 0.0234488249 -0.3517011702 -0.0012835820 0.9361114502
45.7 294.7 2443.7 0.4000577927 -0.9105166793 0.1044659391 0.7242719531 0.2442464381 -0.6448052526 0.5615904927 0.3336211145 0.7571743727
-38.7 141.9 2325.2 -0.2587411404 -0.9105166793 -0.3225095272 -0.9659461379 0.2442464381 0.0853914544 0.0010214651 0.3336211145 -0.9427067041
308.1 311.2 2344.9 0.2240504026 0.3663422763 0.9031028748 -0.9653029442 0.2109566927 0.1539073437 -0.1341328323 -0.9062508345 0.4008962214
368.8 49.7 2308.6 -0.0915235579 0.3658799231 0.9261507988 -0.9624902010 0.2060468197 -0.1765143573 -0.2554134727 -0.9075663090 0.3332976997
113.1 -97.5 2424.6 0.7220842838 0.0066253403 0.6917733550 0.0247086640 0.9990691543 -0.0353597179 -0.6913636923 0.0426254906 0.7212483883
110.4 -494.7 2407.6 0.7259224653 -0.1510028243 0.6709952950 0.0012584787 0.9758907557 0.2182559222 -0.6877753735 -0.1575924456 0.7086110711
287.0 -93.3 2367.0 0.8706880808 0.0084655127 0.4917627871 0.0731300116 0.9865093827 -0.1464623511 -0.4863685071 0.1634856313 0.8583228588
283.6 -485.4 2302.1 0.8835369349 -0.0638546348 0.4639881849 -0.0374538600 0.9778571725 0.2058944404 -0.4668614864 -0.1992934942 0.8615813851
27.3 388.2 2325.0 0 0 0 0 0 0 0 0 0
344.9 -202.1 2241.8 0 0 0 0 0 0 0 0 0
153.8 -774.7 2452.8 0 0 0 0 0 0 0 0 0
302.8 -780.0 2362.1 0 0 0 0 0 0 0 0 0
141.5 502.4 2397.7 62 0.9247501493 -0.1434562206 0.3525017500 0.1373715997 0.9896134138 0.0423595197 -0.3549171984 0.0092517547 0.9348519444
170.5 302.6 2395.8 0.9247501493 -0.1434562206 0.3525017500 0.1373715997 0.9896134138 0.0423595197 -0.3549171984 0.0092517547 0.9348519444
186.2 104.6 2395.0 0.9317150116 -0.0791039392 0.3544710577 0.0752064288 0.9968599677 0.0247822572 -0.3553183973 0.0035685000 0.9347385168
39.5 292.0 2445.8 0.3799148202 -0.9229839444 0.0613627359 0.7217003703 0.2542604208 -0.6438168883 0.5786305666 0.2888810933 0.7627151608
-39.0 142.8 2326.1 -0.2620379329 -0.9229839444 -0.2818452716 -0.9649814963 0.2542604208 0.0645158589 0.0121149998 0.2888810933 -0.9572883248
301.5 313.2 2345.8 0.2552738488 0.3585615158 0.8979247808 -0.9574660659 0.2229501307 0.1831720322 -0.1345140040 -0.9064915180 0.4002238214
369.3 58.9 2310.1 -0.0866186023 0.3565969467 0.9302343130 -0.9655387402 0.1999772191 -0.1665654331 -0.2454223931 -0.9126049280 0.3269864321
116.4 -98.7 2426.7 0.7186277509 0.0118926074 0.6952932477 0.0147339543 0.9993689060 -0.0323220901 -0.6952388287 0.0334719680 0.7179989815
111.7 -496.0 2413.4 0.7197034955 -0.1461503506 0.6787244678 0.0076526045 0.9792031050 0.2027380317 -0.6942393780 -0.1407172680 0.7058543563
287.5 -87.9 2362.3 0.8673810959 0.0031301666 0.4976346195 0.0691619217 0.9895175695 -0.1267739236 -0.4928150177 0.1443786770 0.8580723405
286.2 -481.2 2304.9 0.8788080215 -0.0586355813 0.4735592008 -0.0367248058 0.9811667800 0.1896391064 -0.4757601619 -0.1840477288 0.8601039052
27.8 389.0 2323.0 0 0 0 0 0 0 0 0 0
346.6 -193.7 2245.9 0 0 0 0 0 0 0 0 0
153.3 -775.1 2453.5 0 0 0 0 0 0 0 0 0
303.9 -777.7 2360.5 0 0 0 0 0 0 0 0 0
142.6 502.9 2398.2 63 0.9189066887 -0.1656663865 0.3580016494 0.1603595763 0.9860464334 0.0446905047 -0.3604099751 0.0163425915 0.9326508045
176.4 301.5 2394.9 0.9189066887 -0.1656663865 0.3580016494 0.1603595763 0.9860464334 0.0446905047 -0.3604099751 0.0163425915 0.9326508045
188.9 103.2 2394.0 0.9304555655 -0.0629360601 0.3609590828 0.0601257719 0.9980095029 0.0190227348 -0.3614378273 0.0040031332 0.9323876500
45.6 293.0 2445.7 0.4043552279 -0.9102239013 0.0893830732 0.7138562202 0.2529980540 -0.6529940963 0.5717570782 0.3278482258 0.7520700693
-39.3 143.2 2325.7 -0.2622758746 -0.9102239013 -0.3204744160 -0.9648535848 0.2529980540 0.0710601062 0.0163987931 0.3278482258 -0.9445880651
307.3 309.9 2344.0 0.2425119281 0.3562722802 0.9023624659 -0.9608482718 0.2166865617 0.1726775616 -0.1340095997 -0.9089097977 0.3948726654
369.4 63.8 2309.7 -0.0845693871 0.3548618853 0.9310859442 -0.9659793377 0.1999994069 -0.1639638543 -0.2444011718 -0.9132761359 0.3258754015
116.5 -100.3 2426.8 0.7143456936 0.0180956032 0.6995589733 0.0098696053 0.9993056655 -0.0359274223 -0.6997233629 0.0325689688 0.7136711478
109.3 -497.6 2413.8 0.7124615908 -0.1569211334 0.6839402318 0.0219675545 0.9791849852 0.2017775476 -0.7013671994 -0.1287342459 0.7010788321
287.3 -86.6 2361.6 0.8651927114 0.0054237968 0.5014101267 0.0599678867 0.9916459322 -0.1142024472 -0.4978407323 0.1288756430 0.8576396108
285.1 -480.7 2310.4 0.8739691973 -0.0637604222 0.4817805290 -0.0251474921 0.9840945005 0.1758568585 -0.4853302538 -0.1658090502 0.8584648371
28.0 390.9 2321.5 0 0 0 0 0 0 0 0 0
347.3 -188.9 2245.8 0 0 0 0 0 0 0 0 0
153.8 -775.3 2450.3 0 0 0 0 0 0 0 0 0
304.3 -777.4 2360.4 0 0 0 0 0 0 0 0 0
143.9 502.4 2398.5 64 0.9141477346 -0.1969372481 0.3543298244 0.1930520684 0.9800780416 0.0466677435 -0.3564615250 0.0257428940 0.9339553118
184.8 299.0 2393.2 0.9141477346 -0.1969372481 0.3543298244 0.1930520684 0.9800780416 0.0466677435 -0.3564615250 0.0257428940 0.9339553118
189.1 100.4 2392.9 0.9331921339 -0.0214215759 0.3587388992 0.0203777384 0.9997699857 0.0066909455 -0.3587997258 0.0010663504 0.9334139824
53.6 296.1 2443.6 0.4376299679 -0.8926693797 0.1078026742 0.7104600072 0.2698099315 -0.6499609351 0.5511139631 0.3610318601 0.7522827983
-38.4 146.6 2327.7 -0.2802612185 -0.8926693797 -0.3529802561 -0.9596188664 0.2698099315 0.0795877352 0.0241920464 0.3610318601 -0.9322396517
316.0 301.8 2342.7 0.2126187384 0.3661546409 0.9059382081 -0.9679405093 0.2058130503 0.1439865232 -0.1337325722 -0.9075085521 0.3981756270
369.4 58.8 2309.1 -0.0822911933 0.3659132123 0.9270036221 -0.9650498629 0.2029640377 -0.1657839566 -0.2488109320 -0.9082472920 0.3364223540
116.1 -100.7 2426.4 0.7177960277 0.0162549447 0.6960636973 0.0212796554 0.9987482429 -0.0452674814 -0.6959281564 0.0473048128 0.7165516019
109.6 -497.7 2407.6 0.7195931673 -0.1583359241 0.6761030555 0.0104740867 0.9760206938 0.2174255103 -0.6943168640 -0.1493763626 0.7039963007
