-411.6 499.0 2366.3 1 0.7272384763 0.1004262418 -0.6789983511 -0.0662293285 0.9948895574 0.0762130097 0.6831821799 -0.0104554277 0.7301731110
-431.7 300.2 2368.4 0.7272384763 0.1004262418 -0.6789983511 -0.0662293285 0.9948895574 0.0762130097 0.6831821799 -0.0104554277 0.7301731110
-449.6 105.2 2371.3 0.7281431556 0.0913801119 -0.6793064475 -0.0568404943 0.9957097173 0.0730157197 0.6830642223 -0.0145537797 0.7302132845
-535.4 308.3 2271.1 0.6964753866 0.0089799436 -0.7175244689 0.7157012820 -0.0810154676 0.6936917305 -0.0519012734 -0.9966723919 -0.0628522411
-702.2 136.9 2283.5 -0.1720859259 0.0089799436 -0.9850410223 0.9817171693 -0.0810154676 -0.1722438037 -0.0813503042 -0.9966723919 0.0051258570
-327.9 292.1 2465.8 0.8299235702 0.4157419503 -0.3720019758 -0.5137716532 0.3097198009 -0.8000701666 -0.2174063772 0.8551211953 0.4706402123
-225.6 228.7 2439.0 -0.5246109366 0.4157419503 0.7429279685 0.8497090936 0.3097198009 0.4266943634 -0.0527047515 0.8551211953 -0.5157421231
-533.0 -85.6 2312.7 0.4837417603 -0.0500412174 -0.8737789989 0.1351834089 0.9906551242 0.0181055777 0.8647076488 -0.1268788576 0.4859860241
-513.4 -473.7 2362.4 0.4965689182 -0.0976104438 -0.8624914885 0.0319860876 0.9950397015 -0.0941956788 0.8674077392 0.0191869214 0.4972279668
-400.4 -95.8 2435.1 -0.8723892570 -0.2945920825 -0.3900673389 -0.3691864908 0.9201055765 0.1307940334 0.3203722537 0.2581109107 -0.9114496112
-285.0 -456.2 2334.0 -0.9441986680 -0.0132781249 -0.3291086853 0.0002327315 0.9991599321 -0.0409795195 0.3293763697 -0.0387694016 -0.9434024096
-658.9 -110.1 2304.0 0 0 0 0 0 0 0 0 0
-359.9 446.4 2425.5 0 0 0 0 0 0 0 0 0
-485.1 -761.3 2356.9 0 0 0 0 0 0 0 0 0
-280.8 -771.6 2346.2 0 0 0 0 0 0 0 0 0
-414.0 501.3 2374.8 2 0.7117686868 0.0930741429 -0.6962201595 -0.0748094320 0.9955894351 0.0566151589 0.6984187961 0.0117869377 0.7155922055
-432.7 301.4 2372.4 0.7117686868 0.0930741429 -0.6962201595 -0.0748094320 0.9955894351 0.0566151589 0.6984187961 0.0117869377 0.7155922055
-449.4 106.3 2371.6 0.7127445340 0.0852811113 -0.6962200403 -0.0639110431 0.9963483214 0.0566163622 0.6985059977 0.0041431454 0.7155922055
-534.3 310.5 2272.9 0.6947703958 0.0023446570 -0.7192277908 0.7172483206 -0.0764705166 0.6926089525 -0.0533757880 -0.9970690608 -0.0548111498
-702.4 137.0 2285.8 -0.1718032509 0.0023446570 -0.9851284623 0.9822157621 -0.0764705166 -0.1714772880 -0.0757353380 -0.9970690608 0.0108349249
-331.2 292.2 2472.0 0.8379255533 0.3941099942 -0.3775686324 -0.5051051378 0.2978955805 -0.8100166917 -0.2067596316 0.8694455028 0.4486813247
-227.8 230.0 2446.5 -0.5287922621 0.3941099942 0.7517021298 0.8472421169 0.2978955805 0.4398170710 -0.0505924448 0.8694455028 -0.4914314449
-533.3 -84.7 2312.4 0.4624089003 -0.0488731936 -0.8853188157 0.1357458681 0.9906109571 0.0162153747 0.8762140274 -0.1276765019 0.4647016823
-514.1 -472.8 2362.4 0.4761114419 -0.0982913226 -0.8738745451 0.0264607761 0.9948850870 -0.0974857286 0.8789867759 0.0232906751 0.4762770534
-401.7 -95.0 2435.9 -0.8810900450 -0.2970940173 -0.3679883778 -0.3675703704 0.9197727442 0.1375142038 0.2976110280 0.2564240396 -0.9196055532
-285.3 -455.3 2335.4 -0.9517948031 -0.0123586738 -0.3064863980 -0.0015446139 0.9993684292 -0.0355014540 0.3067315817 -0.0333166979 -0.9512127638
-659.2 -110.0 2304.9 0 0 0 0 0 0 0 0 0
-363.3 446.9 2433.5 0 0 0 0 0 0 0 0 0
-485.6 -761.0 2355.7 0 0 0 0 0 0 0 0 0
-281.4 -770.9 2346.0 0 0 0 0 0 0 0 0 0
-412.9 501.4 2370.5 3 0.7128761411 0.1007157341 -0.6940201521 -0.0704663172 0.9949122667 0.0720001683 0.6977407336 -0.0024221539 0.7163462639
-433.2 301.4 2371.0 0.7128761411 0.1007157341 -0.6940201521 -0.0704663172 0.9949122667 0.0720001683 0.6977407336 -0.0024221539 0.7163462639
-450.9 106.4 2372.2 0.7137851715 0.0907913446 -0.6944549084 -0.0610163994 0.9958530664 0.0674806088 0.6977017522 -0.0057935193 0.7163649201
-534.9 310.1 2271.6 0.6947745085 -0.0101902289 -0.7191554308 0.7165185213 -0.0768987015 0.6933165789 -0.0623671748 -0.9969868064 -0.0461257696
-702.2 137.6 2286.6 -0.1699837148 -0.0101902289 -0.9853941798 0.9826602936 -0.0768987015 -0.1687168777 -0.0740562677 -0.9969868064 0.0230850596
-331.4 292.7 2470.4 0.8347481489 0.3974921703 -0.3810452521 -0.5116546154 0.3042064607 -0.8035346866 -0.2034823298 0.8657126427 0.4573144913
-228.5 229.6 2445.4 -0.5242341161 0.3974921703 0.7531125546 0.8496072888 0.3042064607 0.4308432043 -0.0578448959 0.8657126427 -0.4971876740
-530.5 -83.1 2307.7 0.4648559391 -0.0438999161 -0.8842973113 0.1430772245 0.9893674254 0.0260965955 0.8737493157 -0.1386539638 0.4661943913
-513.3 -470.6 2362.0 0.4798655808 -0.0942633897 -0.8722633719 0.0223156363 0.9952011108 -0.0952722803 0.8770581484 0.0262527782 0.4796662927
-401.6 -94.6 2434.0 -0.8816477060 -0.2938312292 -0.3692702949 -0.3624564111 0.9227256179 0.1311593801 0.3021964431 0.2494807541 -0.9200199246
-286.5 -456.1 2336.2 -0.9505069852 -0.0208366364 -0.3100036979 -0.0095183402 0.9992332458 -0.0379782915 0.3105573356 -0.0331479087 -0.9499765038
-659.3 -110.0 2305.3 0 0 0 0 0 0 0 0 0
-362.8 447.2 2430.5 0 0 0 0 0 0 0 0 0
-485.7 -761.6 2354.4 0 0 0 0 0 0 0 0 0
-280.0 -771.4 2346.7 0 0 0 0 0 0 0 0 0
-414.5 501.8 2376.4 4 0.7018591166 0.0953352153 -0.7059072256 -0.0774411038 0.9953416586 0.0574273281 0.7080936432 0.0143603366 0.7059724927
-433.7 301.8 2373.5 0.7018591166 0.0953352153 -0.7059072256 -0.0774411038 0.9953416586 0.0574273281 0.7080936432 0.0143603366 0.7059724927
-450.7 106.8 2371.7 0.7027066946 0.0869622529 -0.7061451077 -0.0681818202 0.9961651564 0.0548285954 0.7082051635 0.0096178371 0.7059412003
-533.8 311.6 2272.6 0.6925476789 -0.0126318894 -0.7212615013 0.7186931372 -0.0740073621 0.6913776994 -0.0621120669 -0.9971777201 -0.0421751738
-700.8 138.3 2287.6 -0.1641146690 -0.0126318894 -0.9863603711 0.9838870168 -0.0740073621 -0.1627553552 -0.0709420219 -0.9971777201 0.0245740451
-333.5 292.1 2474.4 0.8399066925 0.3823159933 -0.3852158785 -0.5056730509 0.2934829891 -0.8112721443 -0.1971080154 0.8761861920 0.4398252070
-229.9 229.7 2450.1 -0.5265920162 0.3823159933 0.7592992187 0.8483761549 0.2934829891 0.4405969083 -0.0543941520 0.8761861920 -0.4788935781
-533.2 -83.1 2310.3 0.4499367476 -0.0488876700 -0.8917213082 0.1375783086 0.9903754592 0.0151217524 0.8823996186 -0.1294853538 0.4523321986
-514.0 -471.0 2361.0 0.4636916220 -0.0974152833 -0.8806249499 0.0267889258 0.9950242043 -0.0959645361 0.8855915666 0.0209069513 0.4639940262
-404.2 -94.1 2436.4 -0.8852263689 -0.3013181984 -0.3543749154 -0.3691299558 0.9186196923 0.1409996599 0.2830500305 0.2556270063 -0.9244119525
-286.1 -454.0 2336.2 -0.9565519691 -0.0167408362 -0.2910809517 -0.0068233395 0.9993621707 -0.0350530669 0.2914821208 -0.0315439329 -0.9560560584
-659.4 -110.0 2305.5 0 0 0 0 0 0 0 0 0
-364.8 447.0 2436.2 0 0 0 0 0 0 0 0 0
-485.6 -761.3 2354.9 0 0 0 0 0 0 0 0 0
-280.8 -771.2 2346.3 0 0 0 0 0 0 0 0 0
-415.6 502.3 2371.8 5 0.7324873209 0.0958028212 -0.6740060449 -0.0698121116 0.9953998327 0.0656160563 0.6771916747 -0.0010091441 0.7358059287
-434.9 302.6 2372.0 0.7324873209 0.0958028212 -0.6740060449 -0.0698121116 0.9953998327 0.0656160563 0.6771916747 -0.0010091441 0.7358059287
-451.6 107.4 2372.7 0.7332897782 0.0859105811 -0.6744667888 -0.0610166043 0.9962975383 0.0605658367 0.6771728396 -0.0032586355 0.7358167768
-539.3 311.3 2275.6 0.6839859486 -0.0213165693 -0.7291836739 0.7275910378 -0.0522409715 0.6840191483 -0.0526742041 -0.9984069467 -0.0202223435
-699.9 140.4 2288.0 -0.1558872610 -0.0213165693 -0.9875448346 0.9865935445 -0.0522409715 -0.1546094567 -0.0482945554 -0.9984069467 0.0291744918
-330.5 293.8 2468.4 0.8308922648 0.4201996624 -0.3647606075 -0.5070015192 0.3016102612 -0.8074532151 -0.2292760164 0.8558408022 0.4636475146
-228.0 231.3 2440.2 -0.5293614268 0.4201996624 0.7370269895 0.8475101590 0.3016102612 0.4367583096 -0.0387692116 0.8558408022 -0.5157843232
-531.2 -82.1 2305.8 0.4883801341 -0.0427575074 -0.8715828061 0.1413467973 0.9894852042 0.0306603629 0.8611074090 -0.1381693482 0.4892885685
-514.4 -469.7 2359.9 0.5019816756 -0.0986689180 -0.8592315316 0.0340313092 0.9949551225 -0.0943727568 0.8642084599 0.0181326251 0.5028070807
-404.1 -94.5 2433.8 -0.8697891831 -0.3031010330 -0.3893540204 -0.3723889887 0.9209274054 0.1149747148 0.3237178326 0.2449949235 -0.9138841629
-285.4 -455.2 2337.8 -0.9412584901 -0.0161466897 -0.3373007476 -0.0063582691 0.9995265603 -0.0301045012 0.3376271427 -0.0261914674 -0.9409154654
-660.5 -108.8 2300.2 0 0 0 0 0 0 0 0 0
-363.6 448.4 2430.3 0 0 0 0 0 0 0 0 0
-485.4 -762.4 2354.6 0 0 0 0 0 0 0 0 0
-280.3 -771.7 2346.1 0 0 0 0 0 0 0 0 0
-416.9 499.5 2369.1 6 0.7580996156 0.0952520743 -0.6451449394 -0.0676401928 0.9954247475 0.0674860254 0.6486214399 -0.0075234016 0.7610740066
-436.0 300.7 2370.6 0.7580996156 0.0952520743 -0.6451449394 -0.0676401928 0.9954247475 0.0674860254 0.6486214399 -0.0075234016 0.7610740066
-452.9 105.6 2372.6 0.7588432431 0.0868882313 -0.6454512477 -0.0595089383 0.9961652160 0.0641366467 0.6485488415 -0.0102595426 0.7611038685
-544.0 309.2 2278.3 0.6761475801 0.0124344379 -0.7366612554 0.7360287905 -0.0561222322 0.6746197939 -0.0329545587 -0.9983464479 -0.0470990166
-699.6 139.8 2285.8 -0.1587645859 0.0124344379 -0.9872381687 0.9856473207 -0.0561222322 -0.1592156291 -0.0573857687 -0.9983464479 -0.0033457472
-327.9 292.2 2462.9 0.8207696080 0.4533449113 -0.3475854397 -0.5089913607 0.3041131794 -0.8052595854 -0.2593550086 0.8378505707 0.4803555012
-226.8 229.5 2430.9 -0.5293448567 0.4533449113 0.7171279192 0.8481361270 0.3041131794 0.4337975383 -0.0214281455 0.8378505707 -0.5454789400
-534.6 -82.1 2312.2 0.5225065947 -0.0553532690 -0.8508365750 0.1236312240 0.9922630787 0.0113689527 0.8436244130 -0.1111303270 0.5253074169
-512.9 -470.6 2355.7 0.5310785174 -0.0989412591 -0.8415261507 0.0516147316 0.9950922728 -0.0844230577 0.8457490802 0.0014001275 0.5335789919
-402.2 -93.2 2434.5 -0.8572813869 -0.2951697409 -0.4218334258 -0.3693762124 0.9233791232 0.1045573577 0.3586499989 0.2454503030 -0.9006243944
-286.5 -454.9 2338.3 -0.9266524315 -0.0200280994 -0.3753853738 -0.0101369247 0.9995478988 -0.0283059496 0.3757825792 -0.0224245228 -0.9264364839
-659.5 -108.9 2300.3 0 0 0 0 0 0 0 0 0
-362.3 446.7 2425.4 0 0 0 0 0 0 0 0 0
-484.0 -761.5 2355.3 0 0 0 0 0 0 0 0 0
-280.2 -771.9 2345.4 0 0 0 0 0 0 0 0 0
-418.4 498.0 2368.2 7 0.7544868588 0.0891114026 -0.6502374411 -0.0583572909 0.9959241152 0.0687723905 0.6537155509 -0.0139417732 0.7566119432
-436.2 299.7 2370.9 0.7544868588 0.0891114026 -0.6502374411 -0.0583572909 0.9959241152 0.0687723905 0.6537155509 -0.0139417732 0.7566119432
-452.0 104.5 2374.0 0.7551109791 0.0809932053 -0.6505747437 -0.0510469079 0.9965904355 0.0648211017 0.6536066532 -0.0157372952 0.7566708326
-543.7 307.0 2277.9 0.6740854979 -0.0079240305 -0.7386108637 0.7373156548 -0.0529339910 0.6734713316 -0.0444342270 -0.9985665679 -0.0298395213
-698.8 137.4 2288.1 -0.1590376049 -0.0079240305 -0.9872407317 0.9859542251 -0.0529339910 -0.1584054828 -0.0510033816 -0.9985665679 0.0162312258
-328.6 292.4 2464.0 0.8255586028 0.4462223351 -0.3454541862 -0.5053032637 0.3119865060 -0.8045700788 -0.2512401044 0.8387789130 0.4830407500
-226.8 230.1 2433.1 -0.5344463587 0.4462223351 0.7178110480 0.8446747661 0.3119865060 0.4349585474 -0.0298591293 0.8387789130 -0.5436528325
-538.4 -84.1 2316.0 0.5170684457 -0.0649366304 -0.8534772992 0.1223324537 0.9924882054 -0.0013996728 0.8471570015 -0.1036842465 0.5211281776
-512.9 -472.7 2356.6 0.5254644156 -0.1022120863 -0.8446536660 0.0531705618 0.9947621822 -0.0872990638 0.8491525054 0.0009618420 0.5281468034
-401.4 -94.9 2433.1 -0.8598895669 -0.2940931618 -0.4172518551 -0.3642928302 0.9261145592 0.0979927406 0.3576039970 0.2362647951 -0.9034922719
-286.2 -457.6 2340.6 -0.9263111353 -0.0172708910 -0.3763633668 -0.0101685906 0.9997308850 -0.0208494384 0.3766222000 -0.0154859815 -0.9262375236
-659.0 -109.1 2300.8 0 0 0 0 0 0 0 0 0
-363.7 446.5 2425.4 0 0 0 0 0 0 0 0 0
-483.4 -760.6 2356.4 0 0 0 0 0 0 0 0 0
-280.7 -771.3 2345.5 0 0 0 0 0 0 0 0 0
-423.0 498.2 2367.2 8 0.7831658125 0.0723613873 -0.6175881624 -0.0471192598 0.9972562790 0.0570941232 0.6200250983 -0.0156138670 0.7844266295
-437.4 299.9 2370.3 0.7831658125 0.0723613873 -0.6175881624 -0.0471192598 0.9972562790 0.0570941232 0.6200250983 -0.0156138670 0.7844266295
-450.4 104.5 2374.0 0.7836247683 0.0665627345 -0.6176581979 -0.0405289270 0.9976028800 0.0560887977 0.6199110150 -0.0189195462 0.7844440341
-548.9 305.6 2282.1 0.6405076981 0.0016301196 -0.7679500580 0.7668828964 -0.0541004613 0.6395027637 -0.0405039862 -0.9985341430 -0.0359018743
-698.7 126.4 2291.6 -0.1292230338 0.0016301196 -0.9916142225 0.9901518822 -0.0541004613 -0.1291214079 -0.0538572706 -0.9985341430 0.0053769597
-325.9 294.1 2458.6 0.8204122782 0.4783329368 -0.3132431805 -0.4942693710 0.3178960681 -0.8090981841 -0.2874395251 0.8186206222 0.4972311556
-224.8 233.2 2423.1 -0.5464988947 0.4783329368 0.6874129772 0.8374392390 0.3178960681 0.4445645511 -0.0058760135 0.8186206222 -0.5743045807
-536.1 -86.0 2318.1 0.5528579950 -0.0566443428 -0.8313480020 0.1164148226 0.9931528568 0.0097484747 0.8251034021 -0.1021707430 0.5556667447
-513.9 -475.0 2358.1 0.5606962442 -0.1044224724 -0.8214107752 0.0528341569 0.9945064783 -0.0903627127 0.8263342381 0.0072674910 0.5631331205
-399.6 -95.3 2436.2 -0.8397412300 -0.2903190851 -0.4588567317 -0.3715443611 0.9234727025 0.0956711918 0.3959664702 0.2508246601 -0.8833445311
-285.9 -457.0 2337.9 -0.9090077877 -0.0149360308 -0.4165113866 -0.0040141074 0.9996250272 -0.0270858761 0.4167597890 -0.0229493510 -0.9087269306
-666.0 -124.1 2305.2 0 0 0 0 0 0 0 0 0
-364.7 447.6 2421.6 0 0 0 0 0 0 0 0 0
-483.9 -760.8 2356.0 0 0 0 0 0 0 0 0 0
-281.2 -771.2 2345.1 0 0 0 0 0 0 0 0 0
-426.7 501.9 2366.8 9 0.7993676066 0.0562103987 -0.5982071757 -0.0351665691 0.9982845187 0.0468114652 0.5998122692 -0.0163826738 0.7999730110
-437.8 303.8 2370.0 0.7993676066 0.0562103987 -0.5982071757 -0.0351665691 0.9982845187 0.0468114652 0.5998122692 -0.0163826738 0.7999730110
-448.1 108.3 2373.9 0.7996546626 0.0523720831 -0.5981718898 -0.0298879761 0.9984258413 0.0474605784 0.5997158885 -0.0200739242 0.7999611497
-551.7 308.1 2284.6 0.6112803221 -0.0061450917 -0.7913902998 0.7905011773 -0.0432775021 0.6109295487 -0.0380036160 -0.9990441799 -0.0215969831
-699.7 116.6 2293.8 -0.1305491924 -0.0061450917 -0.9914227724 0.9905472994 -0.0432775021 -0.1301656663 -0.0421064235 -0.9990441799 0.0117368475
-324.0 299.6 2455.4 0.8195722699 0.4946473241 -0.2891804874 -0.4827818573 0.3243466318 -0.8134623170 -0.3085822463 0.8063022494 0.5046322346
-223.0 240.1 2417.4 -0.5580140352 0.4946473241 0.6662914753 0.8297876120 0.3243466318 0.4541495144 0.0085344352 0.8063022494 -0.5914421678
-534.2 -87.2 2321.7 0.5733540058 -0.0497517623 -0.8177958131 0.1029127911 0.9946222305 0.0116425762 0.8128186464 -0.0908369645 0.5753907561
-514.7 -476.8 2357.2 0.5781028271 -0.1112961322 -0.8083379865 0.0644375235 0.9937872291 -0.0907456502 0.8134155869 0.0003730219 0.5816828609
-392.7 -94.5 2433.6 -0.8319353461 -0.2748287618 -0.4820298553 -0.3580746949 0.9295340180 0.0880283564 0.4238704145 0.2458365858 -0.8717214465
-285.1 -458.5 2337.3 -0.8959074616 -0.0125333685 -0.4440639317 0.0000836924 0.9995971322 -0.0283817258 0.4442407489 -0.0254645646 -0.8955454826
-666.5 -135.5 2304.5 0 0 0 0 0 0 0 0 0
-365.8 452.5 2419.5 0 0 0 0 0 0 0 0 0
-482.8 -761.4 2357.1 0 0 0 0 0 0 0 0 0
-281.1 -770.9 2345.3 0 0 0 0 0 0 0 0 0
-430.6 501.5 2369.0 0 0.7939434648 0.0453832187 -0.6062954664 -0.0303113014 0.9989247322 0.0350801945 0.6072355509 -0.0094740866 0.7944653630
-439.5 303.7 2370.9 0.7939434648 0.0453832187 -0.6062954664 -0.0303113014 0.9989247322 0.0350801945 0.6072355509 -0.0094740866 0.7944653630
-448.0 108.1 2373.6 0.7941423655 0.0431798473 -0.6061958671 -0.0258239992 0.9989693761 0.0373269059 0.6071828604 -0.0139884753 0.7944389582
-552.7 307.4 2284.4 0.6048139334 -0.0207484234 -0.7960964441 0.7949833274 -0.0431683809 0.6050933599 -0.0469209291 -0.9988523126 -0.0096141892
-700.2 113.4 2295.8 -0.1347945929 -0.0207484234 -0.9906563163 0.9900663495 -0.0431683809 -0.1338101923 -0.0399886779 -0.9988523126 0.0263611786
-326.4 300.0 2457.4 0.8271189332 0.4837495685 -0.2861129940 -0.4731610715 0.3246274292 -0.8189845085 -0.3033032715 0.8127751350 0.4973969758
-224.5 241.7 2420.0 -0.5660131574 0.4837495685 0.6675443649 0.8243609667 0.3246274292 0.4637305737 0.0076262597 0.8127751350 -0.5825276375
-530.5 -84.5 2323.6 0.5651865602 -0.0387025662 -0.8240547776 0.0912195444 0.9957054853 0.0157995634 0.8199043274 -0.0840996057 0.5662897825
-515.4 -474.5 2356.5 0.5680592656 -0.1146384999 -0.8149642348 0.0677244291 0.9934037924 -0.0925326943 0.8201963902 -0.0026289341 0.5720760226
-386.1 -89.9 2431.9 -0.8408592343 -0.2592570484 -0.4751226306 -0.3398240805 0.9361141920 0.0906082243 0.4212782085 0.2376468778 -0.8752420545
-284.6 -456.5 2338.8 -0.8978938460 -0.0106687564 -0.4400826991 -0.0001835296 0.9997152686 -0.0238612629 0.4402119517 -0.0213441141 -0.8976401687
-665.8 -139.3 2306.1 0 0 0 0 0 0 0 0 0
-369.4 452.8 2421.9 0 0 0 0 0 0 0 0 0
-482.3 -760.9 2357.3 0 0 0 0 0 0 0 0 0
-281.2 -770.4 2345.5 0 0 0 0 0 0 0 0 0
-432.8 501.3 2367.6 1 0.7895712852 0.0480469801 -0.6117750406 -0.0281002671 0.9987152219 0.0421692356 0.6130151153 -0.0161045752 0.7899069786
-442.3 304.1 2370.8 0.7895712852 0.0480469801 -0.6117750406 -0.0281002671 0.9987152219 0.0421692356 0.6130151153 -0.0161045752 0.7899069786
-451.1 108.5 2374.4 0.7897562385 0.0447331183 -0.6117875576 -0.0241182763 0.9988307357 0.0418989435 0.6129465103 -0.0183346886 0.7899116874
-554.8 307.6 2283.5 0.5959604979 -0.0449034795 -0.8017572761 0.8005921245 -0.0442562513 0.5975731015 -0.0623158813 -0.9980105758 0.0095743956
-701.2 111.0 2298.8 -0.1387117803 -0.0449034795 -0.9893142581 0.9896171093 -0.0442562513 -0.1367455274 -0.0376429893 -0.9980105758 0.0505761169
-329.8 300.7 2458.2 0.8286364675 0.4783661067 -0.2907360792 -0.4756393433 0.3278038502 -0.8162792921 -0.2951759398 0.8146842718 0.4991599619
-227.6 242.0 2421.8 -0.5649302006 0.4783661067 0.6723241210 0.8251386285 0.3278038502 0.4600987434 -0.0002947817 0.8146842718 -0.5799046755
-528.2 -85.3 2321.5 0.5596576929 -0.0293892920 -0.8282026052 0.0883083716 0.9957957864 0.0243379157 0.8240054250 -0.0867581293 0.5599001050
-516.7 -475.3 2355.4 0.5614872575 -0.1203295887 -0.8186897039 0.0737228990 0.9927105904 -0.0953450203 0.8241947293 -0.0068211649 0.5662654042
-384.7 -89.9 2431.2 -0.8462601900 -0.2510626912 -0.4699055254 -0.3295764327 0.9396864772 0.0914804712 0.4185965359 0.2322860658 -0.8779636025
-286.4 -457.9 2340.2 -0.8993857503 -0.0137705784 -0.4369389117 -0.0054834262 0.9997804761 -0.0202221423 0.4371214509 -0.0157915838 -0.8992638588
-665.7 -142.1 2308.4 0 0 0 0 0 0 0 0 0
-372.3 453.3 2421.7 0 0 0 0 0 0 0 0 0
-482.0 -761.0 2357.4 0 0 0 0 0 0 0 0 0
-282.1 -769.8 2345.1 0 0 0 0 0 0 0 0 0
-434.7 501.3 2367.0 2 0.7822667956 0.0434102789 -0.6214291453 -0.0236553866 0.9989195466 0.0400022268 0.6224942207 -0.0165922679 0.7824484706
-443.2 303.6 2370.2 0.7822667956 0.0434102789 -0.6214291453 -0.0236553866 0.9989195466 0.0400022268 0.6224942207 -0.0165922679 0.7824484706
-451.1 107.9 2373.9 0.7824356556 0.0399090052 -0.6214512587 -0.0196058452 0.9990283251 0.0394719802 0.6224226952 -0.0187002085 0.7824578285
-554.7 306.4 2281.6 0.6121407151 -0.1527551711 -0.7758541107 0.7833668590 -0.0166061092 0.6213377118 -0.1077964678 -0.9881245494 0.1094980687
-705.9 113.0 2308.2 -0.1606310606 -0.1527551711 -0.9751223326 0.9869800806 -0.0166061092 -0.1599829942 0.0082452409 -0.9881245494 0.1534337699
-331.8 300.8 2458.9 0.8345447183 0.4668481946 -0.2925539613 -0.4716542363 0.3309572637 -0.8173184991 -0.2847408056 0.8200731874 0.4963895977
-228.8 242.6 2423.8 -0.5690630674 0.4668481946 0.6769195199 0.8222560883 0.3309572637 0.4629926383 -0.0078841439 0.8200731874 -0.5722043514
-531.2 -84.9 2322.6 0.5493586063 -0.0335049033 -0.8349146843 0.0885939896 0.9958992004 0.0183280576 0.8308767676 -0.0840370953 0.5500741601
-518.1 -475.0 2355.5 0.5514647961 -0.1218497455 -0.8252510428 0.0720713958 0.9925348163 -0.0983885899 0.8310790062 -0.0052191522 0.5561298728
-388.4 -89.3 2433.4 -0.8464472890 -0.2642049491 -0.4623015225 -0.3446508944 0.9336590171 0.0974504575 0.4058851004 0.2418193221 -0.8813516498
-285.0 -454.9 2338.7 -0.9052851200 -0.0092337346 -0.4247041345 0.0004946815 0.9997401237 -0.0227903649 0.4248042107 -0.0208418723 -0.9050452709
-664.8 -139.3 2306.1 0 0 0 0 0 0 0 0 0
-374.6 453.2 2421.8 0 0 0 0 0 0 0 0 0
-483.0 -760.6 2357.0 0 0 0 0 0 0 0 0 0
-282.1 -769.5 2345.2 0 0 0 0 0 0 0 0 0
-436.3 502.3 2367.1 3 0.8022654653 0.0441173501 -0.5953350067 -0.0247421153 0.9988659024 0.0406788997 0.5964545012 -0.0179054290 0.8024471402
-445.0 305.3 2370.7 0.8022654653 0.0441173501 -0.5953350067 -0.0247421153 0.9988659024 0.0406788997 0.5964545012 -0.0179054290 0.8024471402
-452.9 109.6 2374.6 0.8024523258 0.0403552130 -0.5953500867 -0.0203233920 0.9989800453 0.0403216556 0.5963701010 -0.0202566721 0.8024539948
-559.3 308.2 2285.7 0.5942268968 -0.1327767521 -0.7932620645 0.7980281115 -0.0255723819 0.6020774245 -0.1002274826 -0.9908159971 0.0907637775
-705.4 111.9 2310.4 -0.1518681049 -0.1327767521 -0.9794418812 0.9883872867 -0.0255723819 -0.1497884542 -0.0051582376 -0.9908159971 0.1351184845
-330.7 302.4 2455.6 0.8241435289 0.4939332604 -0.2771595716 -0.4727879167 0.3305073082 -0.8168454766 -0.3118638694 0.8042355776 0.5059111118
-229.1 244.1 2417.1 -0.5679559112 0.4939332604 0.6583737731 0.8229907155 0.3305073082 0.4620078504 0.0106036812 0.8042355776 -0.5942160487
-529.6 -85.9 2321.3 0.5764107704 -0.0264378060 -0.8167322874 0.0901292562 0.9954353571 0.0313864760 0.8121744394 -0.0917029828 0.5761625171
-519.2 -475.9 2357.2 0.5789042115 -0.1236078814 -0.8059720993 0.0709907562 0.9923301935 -0.1011982784 0.8122993112 0.0013675456 0.5832391381
-388.2 -89.5 2433.8 -0.8323476315 -0.2609852254 -0.4889622927 -0.3460710943 0.9338157177 0.0906804875 0.4329344332 0.2446934134 -0.8675787449
-285.9 -455.2 2338.0 -0.8915580511 -0.0125515927 -0.4527324140 -0.0008258473 0.9996592999 -0.0260883141 0.4529056251 -0.0228853598 -0.8912646770
-666.6 -140.9 2311.7 0 0 0 0 0 0 0 0 0
-374.5 454.8 2419.9 0 0 0 0 0 0 0 0 0
-483.8 -760.7 2356.8 0 0 0 0 0 0 0 0 0
-282.0 -769.8 2345.2 0 0 0 0 0 0 0 0 0
-435.1 500.1 2367.2 4 0.8119485378 0.0465464927 -0.5818702579 -0.0260415785 0.9987116456 0.0435528383 0.5831478834 -0.0202098433 0.8121145964
-444.3 302.7 2371.2 0.8119485378 0.0465464927 -0.5818702579 -0.0260415785 0.9987116456 0.0435528383 0.5831478834 -0.0202098433 0.8121145964
-452.5 107.0 2375.4 0.8121545911 0.0417744555 -0.5819448829 -0.0213809963 0.9988944530 0.0418658145 0.5830504298 -0.0215589516 0.8121498823
-560.0 305.7 2288.1 0.5976982713 -0.1486193687 -0.7878255248 0.7941330671 -0.0251292847 0.6072241664 -0.1100427657 -0.9885751605 0.1030038297
-706.4 111.2 2315.1 -0.1577273905 -0.1486193687 -0.9762347937 0.9874817133 -0.0251292847 -0.1557189077 -0.0013892348 -0.9885751605 0.1507224888
-328.6 299.6 2454.3 0.8180806041 0.5077192187 -0.2701208591 -0.4743708372 0.3301802874 -0.8160596490 -0.3251405656 0.7957400084 0.5109612942
-227.8 241.1 2414.2 -0.5663251877 0.5077192187 0.6492279768 0.8239522576 0.3301802874 0.4605254531 0.0194553435 0.7957400084 -0.6053257585
-533.3 -84.2 2324.7 0.5898943543 -0.0296775494 -0.8069348931 0.0899007022 0.9955253005 0.0291066393 0.8024603128 -0.0897138566 0.5899227858
-521.7 -474.2 2359.9 0.5922644734 -0.1326248497 -0.7947537303 0.0728545412 0.9911348224 -0.1111035496 0.8024431467 0.0079012662 0.5966762304
-388.3 -87.9 2432.5 -0.8253418207 -0.2598982155 -0.5012621880 -0.3456044793 0.9345693588 0.0844845995 0.4465068877 0.2429671288 -0.8611611724
-286.5 -454.0 2337.3 -0.8840802312 -0.0140648214 -0.4671234787 -0.0020113818 0.9996522665 -0.0262922067 0.4673308432 -0.0223048571 -0.8838011026
-666.0 -141.5 2315.4 0 0 0 0 0 0 0 0 0
-372.8 452.1 2419.1 0 0 0 0 0 0 0 0 0
-483.4 -760.1 2357.6 0 0 0 0 0 0 0 0 0
-282.1 -769.5 2344.3 0 0 0 0 0 0 0 0 0
-438.6 501.7 2366.7 5 0.8055323362 0.0384045579 -0.5913059115 -0.0155832339 0.9989253283 0.0436499678 0.5923468471 -0.0259470046 0.8052651882
-446.2 304.2 2371.9 0.8055323362 0.0384045579 -0.5913059115 -0.0155832339 0.9989253283 0.0436499678 0.5923468471 -0.0259470046 0.8052651882
-453.2 108.6 2377.6 0.8056833148 0.0357204713 -0.5912684798 -0.0115144467 0.9989359379 0.0446590073 0.5922345519 -0.0291728899 0.8052373528
-561.0 305.9 2287.5 0.5952264667 -0.1945564598 -0.7796494365 0.7920655012 -0.0214532893 0.6100590229 -0.1354169697 -0.9806566834 0.1413318813
-708.2 109.9 2321.0 -0.1671214998 -0.1945564598 -0.9665496349 0.9858682156 -0.0214532893 -0.1661434621 0.0115886144 -0.9806566834 0.1953923255
-331.4 302.6 2456.2 0.8246982694 0.4966476262 -0.2705806196 -0.4716210663 0.3398325145 -0.8136875629 -0.3121638894 0.7986582518 0.5144888163
-229.7 244.4 2417.8 -0.5717498660 0.4966476262 0.6530262232 0.8204025626 0.3398325145 0.4598406851 0.0064592464 0.7986582518 -0.6017501950
-534.1 -86.7 2327.0 0.5808146596 -0.0395993590 -0.8130720854 0.0858167931 0.9962289333 0.0127831548 0.8094997406 -0.0771998838 0.5820226669
-518.6 -476.9 2357.2 0.5822542310 -0.1229192615 -0.8036609292 0.0745048299 0.9924123883 -0.0978097096 0.8095857501 -0.0029265026 0.5869943500
-387.3 -90.6 2432.3 -0.8285137415 -0.2585031390 -0.4967304170 -0.3458255231 0.9338944554 0.0908069089 0.4404198825 0.2470168173 -0.8631413579
-286.0 -456.4 2335.6 -0.8883818388 -0.0102238292 -0.4589914680 0.0045815110 0.9995048046 -0.0311310757 0.4590824544 -0.0297591574 -0.8878951073
-665.4 -142.5 2318.0 0 0 0 0 0 0 0 0 0
-376.1 454.5 2419.4 0 0 0 0 0 0 0 0 0
-483.3 -761.2 2358.0 0 0 0 0 0 0 0 0 0
-282.8 -769.1 2344.9 0 0 0 0 0 0 0 0 0
-440.8 502.2 2367.0 6 0.8034461141 0.0363464132 -0.5942670703 -0.0125636915 0.9989476204 0.0441113375 0.5952449441 -0.0279748943 0.8030571938
-448.0 304.3 2372.5 0.8034461141 0.0363464132 -0.5942670703 -0.0125636915 0.9989476204 0.0441113375 0.5952449441 -0.0279748943 0.8030571938
-454.3 108.6 2378.3 0.8035819530 0.0325457007 -0.5943036675 -0.0086238561 0.9990357161 0.0430492759 0.5951316357 -0.0294684321 0.8030877113
-562.5 305.5 2287.7 0.5963733792 -0.2306093276 -0.7688680887 0.7867197394 -0.0222967267 0.6169075370 -0.1594078690 -0.9727909565 0.1681277454
-709.7 111.3 2327.1 -0.1671119928 -0.2306093276 -0.9585890174 0.9857909679 -0.0222967267 -0.1664901823 0.0170207936 -0.9727909565 0.2310586572
-333.4 303.0 2457.4 0.8273748755 0.4926527441 -0.2697111368 -0.4690080881 0.3418295383 -0.8143610954 -0.3090019822 0.8002786040 0.5138792992
-231.4 245.2 2419.2 -0.5745122433 0.4926527441 0.6536275744 0.8184859157 0.3418295383 0.4617719948 0.0040640333 0.8002786040 -0.5996145606
-533.0 -86.0 2329.8 0.5783064365 -0.0419633500 -0.8147396445 0.0717604533 0.9974218011 -0.0004364931 0.8126574159 -0.0582136624 0.5798267722
-516.5 -476.7 2352.6 0.5772093534 -0.1146030053 -0.8085143566 0.0815135241 0.9932440519 -0.0825939327 0.8125176430 -0.0182308648 0.5826514959
-387.4 -88.1 2436.8 -0.8273110390 -0.2579343617 -0.4990253747 -0.3542363048 0.9290037155 0.1070919633 0.4359737337 0.2653712630 -0.8599447608
-286.3 -452.0 2332.9 -0.8916687965 -0.0147994962 -0.4524464309 0.0036078736 0.9992013574 -0.0397941172 0.4526740313 -0.0371155404 -0.8909032941
-666.9 -141.1 2322.7 0 0 0 0 0 0 0 0 0
-378.5 454.8 2420.3 0 0 0 0 0 0 0 0 0
-483.8 -760.3 2357.8 0 0 0 0 0 0 0 0 0
-281.6 -770.1 2344.7 0 0 0 0 0 0 0 0 0
-439.6 500.3 2359.1 7 0.8236478567 0.0419778936 -0.5655457973 -0.0076783439 0.9979906678 0.0628937483 0.5670496225 -0.0474598445 0.8223152161
-448.0 301.9 2368.6 0.8236478567 0.0419778936 -0.5655457973 -0.0076783439 0.9979906678 0.0628937483 0.5670496225 -0.0474598445 0.8223152161
-455.0 106.4 2377.3 0.8237667084 0.0360991210 -0.5657784343 -0.0046389704 0.9983664751 0.0569458306 0.5669099092 -0.0442854501 0.8225885630
-565.3 302.6 2287.8 0.5952428579 -0.2540052831 -0.7623432875 0.7837788463 -0.0256070048 0.6205118895 -0.1771346182 -0.9668638110 0.1838415712
-710.8 111.0 2331.1 -0.1685248762 -0.2540052831 -0.9524078369 0.9855298996 -0.0256070048 -0.1675563604 0.0181718878 -0.9668638110 0.2546451986
-330.6 301.2 2449.3 0.8138537407 0.5217960477 -0.2556775212 -0.4776248634 0.3501304388 -0.8057810664 -0.3309328854 0.7779058814 0.5341777205
-230.3 242.3 2408.5 -0.5701479912 0.5217960477 0.6345551014 0.8214436769 0.3501304388 0.4501544237 0.0127117243 0.7779058814 -0.6282522082
-533.3 -86.3 2330.3 0.6070445180 -0.0481272601 -0.7932091355 0.0690975040 0.9975805879 -0.0076468582 0.7916581035 -0.0501667894 0.6089013219
-514.5 -477.0 2350.0 0.6050302982 -0.1094956920 -0.7886374593 0.0884292349 0.9936118126 -0.0701131374 0.7912765741 -0.0273180269 0.6108478904
-388.1 -87.9 2437.9 -0.8095594049 -0.2584316134 -0.5270926356 -0.3577760756 0.9290652871 0.0939894691 0.4654136002 0.2646711767 -0.8445941806
-286.9 -451.8 2334.2 -0.8738772869 -0.0125082238 -0.4859856367 0.0058591883 0.9993253350 -0.0362562090 0.4861112833 -0.0345309600 -0.8732144237
-667.7 -141.4 2326.5 0 0 0 0 0 0 0 0 0
-376.3 452.7 2411.8 0 0 0 0 0 0 0 0 0
-483.3 -760.0 2357.7 0 0 0 0 0 0 0 0 0
-282.9 -769.5 2345.2 0 0 0 0 0 0 0 0 0
-439.5 500.1 2355.7 8 0.8309310079 0.0453815348 -0.5545215607 -0.0066631073 0.9974080920 0.0716425329 0.5563355684 -0.0558351651 0.8290797472
-448.6 301.9 2366.8 0.8309310079 0.0453815348 -0.5545215607 -0.0066631073 0.9974080920 0.0716425329 0.5563355684 -0.0558351651 0.8290797472
-456.2 106.5 2377.2 0.8310779929 0.0391695276 -0.5547748804 -0.0031953913 0.9978366494 0.0656647757 0.5561467409 -0.0527998284 0.8294051886
-567.0 302.4 2287.6 0.5889403224 -0.2691381872 -0.7620458603 0.7859966159 -0.0286438540 0.6175668836 -0.1880387664 -0.9626755118 0.1946721971
-712.4 108.3 2334.0 -0.1760927886 -0.2691381872 -0.9468663931 0.9841714501 -0.0286438540 -0.1748888195 0.0199473593 -0.9626755118 0.2699221075
-330.2 301.4 2446.0 0.8077532053 0.5331784487 -0.2515064478 -0.4832127988 0.3544254303 -0.8005548120 -0.3376982808 0.7681818604 0.5439269543
-230.5 241.8 2404.4 -0.5669971704 0.5331784487 0.6278812885 0.8236083984 0.3544254303 0.4427773952 0.0135422526 0.7681818604 -0.6400884986
-536.4 -88.7 2334.7 0.6179948449 -0.0529455878 -0.7843973041 0.0647294819 0.9977688789 -0.0163500980 0.7835128903 -0.0406693555 0.6200432181
-515.7 -479.5 2350.7 0.6149037480 -0.1142304391 -0.7802851200 0.0939500779 0.9930179119 -0.0713362545 0.7829858065 -0.0294429176 0.6213423610
-387.6 -89.6 2437.2 -0.8024083376 -0.2617434561 -0.5363126397 -0.3593525290 0.9294084907 0.0840570554 0.4764521420 0.2601733804 -0.8398233056
-285.1 -453.6 2335.2 -0.8664439321 -0.0082947332 -0.4992054701 0.0096183205 0.9993991256 -0.0332998857 0.4991817176 -0.0336540043 -0.8658435345
-667.3 -143.7 2328.9 0 0 0 0 0 0 0 0 0
-375.8 452.8 2407.9 0 0 0 0 0 0 0 0 0
-483.5 -759.0 2359.0 0 0 0 0 0 0 0 0 0
-282.5 -768.9 2345.9 0 0 0 0 0 0 0 0 0
-441.1 502.2 2361.0 9 0.8357687593 0.0372427516 -0.5478170514 -0.0090271905 0.9984942079 0.0541093536 0.5490073562 -0.0402776599 0.8348464966
-448.5 303.8 2369.0 0.8357687593 0.0372427516 -0.5478170514 -0.0090271905 0.9984942079 0.0541093536 0.5490073562 -0.0402776599 0.8348464966
-455.8 108.3 2377.6 0.8358329535 0.0375522375 -0.5476980209 -0.0073143789 0.9983309507 0.0572869740 0.5489351749 -0.0438762717 0.8347125649
-567.6 304.9 2290.8 0.5847947001 -0.2830795348 -0.7601848841 0.7886699438 -0.0208287202 0.6144639254 -0.1897758543 -0.9588702321 0.2110757977
-713.7 107.8 2338.2 -0.1808251292 -0.2830795348 -0.9418960810 0.9829935431 -0.0208287202 -0.1824551076 0.0320308171 -0.9588702321 0.2820317149
-329.4 302.8 2447.2 0.8054223657 0.5393313766 -0.2457976341 -0.4789429903 0.3479317725 -0.8059510589 -0.3491538763 0.7668540478 0.5385410190
-230.0 243.7 2404.2 -0.5678501725 0.5393313766 0.6218262315 0.8227182627 0.3479317725 0.4495310187 0.0260930676 0.7668540478 -0.6412909031
-538.9 -88.6 2337.3 0.6240364313 -0.0547906570 -0.7794719338 0.0691509843 0.9974970818 -0.0147545878 0.7783294320 -0.0446938500 0.6262633801
-517.5 -479.3 2354.8 0.6220477223 -0.1207503751 -0.7736122608 0.0862707198 0.9925908446 -0.0855612159 0.7782120109 -0.0135169271 0.6278561354
-388.7 -89.2 2437.8 -0.7992008924 -0.2630987763 -0.5404229760 -0.3600056767 0.9295256138 0.0798630193 0.4813251197 0.2583819330 -0.8375947475
-285.7 -453.3 2336.5 -0.8624094129 -0.0084237773 -0.5061413050 0.0071560000 0.9995587468 -0.0288288295 0.5061607957 -0.0284842029 -0.8619685769
-667.4 -143.9 2330.0 0 0 0 0 0 0 0 0 0
-375.5 454.4 2410.8 0 0 0 0 0 0 0 0 0
-483.4 -759.2 2358.6 0 0 0 0 0 0 0 0 0
-283.0 -768.8 2345.5 0 0 0 0 0 0 0 0 0
-440.3 500.8 2356.1 0 0.8344630599 0.0378911570 -0.5497596264 -0.0019445164 0.9978294969 0.0658220202 0.5510604382 -0.0538570285 0.8327255249
-447.8 302.7 2366.8 0.8344630599 0.0378911570 -0.5497596264 -0.0019445164 0.9978294969 0.0658220202 0.5510604382 -0.0538570285 0.8327255249
-455.2 107.3 2377.4 0.8344760537 0.0374421515 -0.5497707129 -0.0016011182 0.9978494048 0.0655282885 0.5510419011 -0.0538015366 0.8327413797
-566.8 303.0 2288.3 0.5917565823 -0.3032157719 -0.7469165325 0.7793928385 -0.0213910602 0.6261702776 -0.2058420479 -0.9526817799 0.2236658931
-713.7 109.4 2339.4 -0.1781724989 -0.3032157719 -0.9361168742 0.9833897948 -0.0213910602 -0.1802413017 0.0346274711 -0.9526817799 0.3019905984
-328.9 302.5 2445.3 0.8064129353 0.5373477340 -0.2468918562 -0.4821653664 0.3557537794 -0.8005971909 -0.3423663378 0.7646546364 0.5459749103
-229.5 243.0 2403.1 -0.5681328773 0.5373477340 0.6232836246 0.8227723837 0.3557537794 0.4432661831 0.0164525583 0.7646546364 -0.6442302465
-538.7 -86.6 2336.6 0.6225209236 -0.0528006181 -0.7808199525 0.0692572147 0.9975237846 -0.0122381682 0.7795326114 -0.0464588962 0.6246362329
-518.0 -477.3 2354.8 0.6201303005 -0.1211748049 -0.7750839591 0.0899601653 0.9924653769 -0.0831842497 0.7793238163 -0.0181416031 0.6263587475
-387.6 -87.9 2435.8 -0.8035633564 -0.2487051487 -0.5407695174 -0.3434932232 0.9357361794 0.0800639689 0.4861052930 0.2500871420 -0.8373517990
-290.2 -454.4 2337.8 -0.8616455197 -0.0203831978 -0.5071011186 -0.0044865343 0.9994600415 -0.0325504877 0.5074907541 -0.0257718563 -0.8612716794
-668.1 -142.5 2330.6 0 0 0 0 0 0 0 0 0
-375.0 453.8 2407.3 0 0 0 0 0 0 0 0 0
-483.6 -759.4 2359.9 0 0 0 0 0 0 0 0 0
-283.8 -767.5 2345.9 0 0 0 0 0 0 0 0 0
-440.3 502.2 2361.7 1 0.8226533532 0.0341334827 -0.5675177574 -0.0042153522 0.9985349178 0.0539466813 0.5685276985 -0.0419871286 0.8215919733
-447.1 304.0 2370.0 0.8226533532 0.0341334827 -0.5675177574 -0.0042153522 0.9985349178 0.0539466813 0.5685276985 -0.0419871286 0.8215919733
-454.0 108.5 2379.1 0.8227027059 0.0353117995 -0.5673741102 -0.0027960876 0.9983081818 0.0580775701 0.5684649944 -0.0461941436 0.8214095235
-564.3 304.4 2289.0 0.6067103744 -0.3062926531 -0.7335443497 0.7665900588 -0.0187312104 0.6418635249 -0.2103382498 -0.9517530799 0.2234364748
-716.3 112.4 2341.7 -0.1864221692 -0.3062926531 -0.9335049987 0.9816274047 -0.0187312104 -0.1898863614 0.0406751186 -0.9517530799 0.3041571677
-329.9 303.6 2451.0 0.8149651885 0.5200024843 -0.2557912171 -0.4773715436 0.3521435857 -0.8050535917 -0.3285546303 0.7781981230 0.5352191925
-229.4 244.7 2410.5 -0.5709835291 0.5200024843 0.6352757215 0.8208997250 0.3521435857 0.4495759010 0.0100723123 0.7781981230 -0.6279380918
-537.9 -88.0 2338.1 0.6058580279 -0.0539991073 -0.7937381268 0.0640131310 0.9977678061 -0.0190184955 0.7929933071 -0.0392871536 0.6079622507
-516.8 -478.8 2353.5 0.6033000946 -0.1167000607 -0.7889297009 0.0871978849 0.9929574728 -0.0801994205 0.7927329540 -0.0204086863 0.6092273593
-387.1 -88.2 2437.7 -0.8160901666 -0.2413045615 -0.5251370668 -0.3358007371 0.9375218153 0.0910531431 0.4703559577 0.2506490052 -0.8461325765
-292.6 -455.5 2339.5 -0.8710762262 -0.0281213764 -0.4903421700 -0.0162609685 0.9994634390 -0.0284326877 0.4908786118 -0.0167935994 -0.8710660934
-668.6 -139.1 2331.3 0 0 0 0 0 0 0 0 0
-375.6 455.0 2413.1 0 0 0 0 0 0 0 0 0
-483.9 -758.3 2359.2 0 0 0 0 0 0 0 0 0
-283.8 -766.9 2344.8 0 0 0 0 0 0 0 0 0
-441.7 504.1 2364.0 2 0.8199228644 0.0300846957 -0.5716829300 -0.0054082526 0.9989807010 0.0448144935 0.5724484324 -0.0336526223 0.8192498088
-447.7 305.0 2370.7 0.8199228644 0.0300846957 -0.5716829300 -0.0054082526 0.9989807010 0.0448144935 0.5724484324 -0.0336526223 0.8192498088
-452.9 109.3 2378.2 0.8200823665 0.0265353452 -0.5716299415 0.0002190750 0.9989096522 0.0466841757 0.5722454786 -0.0384100974 0.8191823959
-564.6 304.9 2289.2 0.6044765711 -0.3002057672 -0.7378920317 0.7684855461 -0.0242565479 0.6394072175 -0.2098524272 -0.9535660148 0.2160412818
-714.1 114.8 2341.1 -0.1613947153 -0.3002057672 -0.9401214123 0.9865548611 -0.0242565479 -0.1616203785 0.0257152691 -0.9535660148 0.3000843227
-330.8 305.0 2452.2 0.8207515478 0.5132332444 -0.2509154677 -0.4674577713 0.3508580625 -0.8114073277 -0.3284054995 0.7832561731 0.5278821588
-229.6 247.3 2411.7 -0.5784325004 0.5132332444 0.6340405941 0.8156157136 0.3508580625 0.4600756466 0.0136678731 0.7832561731 -0.6215488315
-535.2 -86.8 2336.8 0.6015102267 -0.0395353325 -0.7978861928 0.0654784739 0.9978539944 -0.0000808569 0.7961771488 -0.0521957390 0.6028081179
-519.7 -477.6 2357.2 0.5998530984 -0.1233767569 -0.7905405760 0.0792809650 0.9923425913 -0.0947137624 0.7961725593 -0.0058604749 0.6050412059
-386.5 -87.3 2439.5 -0.8194236755 -0.2309497893 -0.5246018171 -0.3302189410 0.9382979870 0.1027245447 0.4685086310 0.2574083805 -0.8451275826
-296.1 -454.8 2338.7 -0.8737406731 -0.0365804844 -0.4850145578 -0.0217724871 0.9991098046 -0.0361317322 0.4859045148 -0.0210097898 -0.8737593293
-672.8 -137.7 2334.5 0 0 0 0 0 0 0 0 0
-377.8 456.2 2415.2 0 0 0 0 0 0 0 0 0
-485.0 -757.1 2358.9 0 0 0 0 0 0 0 0 0
-284.7 -765.4 2345.2 0 0 0 0 0 0 0 0 0
-441.0 507.3 2365.6 3 0.8242582679 0.0327175818 -0.5652679801 -0.0093184011 0.9989777803 0.0442327745 0.5661373138 -0.0311918370 0.8237205744
-447.6 308.5 2371.8 0.8242582679 0.0327175818 -0.5652679801 -0.0093184011 0.9989777803 0.0442327745 0.5661373138 -0.0311918370 0.8237205744
-453.1 112.8 2378.7 0.8244385719 0.0281312652 -0.5652518272 -0.0033972387 0.9989919066 0.0447625108 0.5659412146 -0.0349836461 0.8237030506
-565.0 309.0 2291.2 0.5935015082 -0.2934178710 -0.7494410872 0.7797793746 -0.0208895691 0.6257057786 -0.1992487609 -0.9557560086 0.2164032161
-713.5 114.0 2341.0 -0.1633868814 -0.2934178710 -0.9419186115 0.9861472845 -0.0208895691 -0.1645515412 0.0286060870 -0.9557560086 0.2927663028
-330.1 308.0 2452.5 0.8173298836 0.5198858380 -0.2483758032 -0.4677560031 0.3470183313 -0.8128853440 -0.3364166319 0.7805747390 0.5268082023
-229.3 250.3 2411.0 -0.5767620802 0.5198858380 0.6301302910 0.8166399002 0.3470183313 0.4611697495 0.0210888758 0.7805747390 -0.6247065663
-532.2 -86.3 2334.0 0.6074694395 -0.0321632884 -0.7936916351 0.0683269948 0.9975923896 0.0118694846 0.7913989425 -0.0614409111 0.6082045436
-519.6 -477.0 2358.1 0.6064976454 -0.1227424592 -0.7855538726 0.0763472617 0.9924371243 -0.0961229280 0.7914112210 -0.0016765607 0.6112818122
-384.0 -86.3 2437.5 -0.8174734712 -0.2221627086 -0.5313951373 -0.3260638416 0.9390413761 0.1090122461 0.4747835696 0.2623833716 -0.8400806785
-296.9 -454.1 2334.7 -0.8720026016 -0.0379967615 -0.4880243242 -0.0179629605 0.9987951517 -0.0456682816 0.4891715646 -0.0310564972 -0.8716344833
-671.6 -138.5 2333.7 0 0 0 0 0 0 0 0 0
-377.0 459.5 2416.4 0 0 0 0 0 0 0 0 0
-484.8 -758.1 2358.6 0 0 0 0 0 0 0 0 0
-285.0 -769.1 2344.5 0 0 0 0 0 0 0 0 0
-442.2 508.4 2367.0 4 0.8173268437 0.0302295703 -0.5753808022 -0.0080036800 0.9991220236 0.0411230400 0.5761187673 -0.0290057994 0.8168511987
-448.2 310.0 2372.7 0.8173268437 0.0302295703 -0.5753808022 -0.0080036800 0.9991220236 0.0411230400 0.5761187673 -0.0290057994 0.8168511987
-453.0 114.3 2379.1 0.8175006509 0.0248358808 -0.5753918886 -0.0016947079 0.9991691709 0.0407197624 0.5759251714 -0.0323133133 0.8168635368
-564.7 310.2 2290.6 0.5936500430 -0.3109672070 -0.7422122359 0.7780104280 -0.0138796708 0.6280980110 -0.2056195587 -0.9503192902 0.2336960584
