-424.9 498.5 2352.2 41 0.8186352253 0.0885069072 -0.5674529672 -0.0544760264 0.9955655932 0.0766908303 0.5717243552 -0.0318692327 0.8198266029
-442.6 299.0 2358.6 0.8186352253 0.0885069072 -0.5674529672 -0.0544760264 0.9955655932 0.0766908303 0.5717243552 -0.0318692327 0.8198266029
-457.5 103.8 2363.2 0.8190996051 0.0759774819 -0.5685976148 -0.0488512069 0.9968281984 0.0628256127 0.5715674758 -0.0236837566 0.8202131987
-559.4 306.0 2277.1 0.6374841928 -0.2220886946 -0.7377604842 0.7578058839 0.0078814924 0.6524325013 -0.1390832216 -0.9749945998 0.1733244509
-713.4 122.9 2310.7 -0.0670835003 -0.2220886946 -0.9727159739 0.9974742532 0.0078814924 -0.0705904439 0.0233437922 -0.9749945998 0.2209990323
-325.9 292.0 2440.1 0.5436732769 0.7332692742 -0.4083326757 -0.8392897844 0.4729752243 -0.2681177258 -0.0034712597 0.4884778857 0.8725693822
-229.0 142.4 2439.4 -0.2508980334 0.7571234703 0.6031701565 0.9095211625 0.3976946473 -0.1208728477 -0.3313932121 0.5182692409 -0.7884005904
-545.9 -85.5 2314.9 0.6013038754 -0.0667914748 -0.7962239385 0.0866257846 0.9960758090 -0.0181367956 0.7943107486 -0.0580677949 0.6047301292
-519.7 -475.6 2337.6 0.5959879160 -0.1253104806 -0.7931554914 0.1341486424 0.9894049764 -0.0555147715 0.7917085886 -0.0733146071 0.6064836383
-398.1 -94.4 2418.6 -0.8336625099 -0.2684364319 -0.4826475978 -0.3451373875 0.9354819059 0.0758538470 0.4311461449 0.2298162282 -0.8725236058
-293.0 -460.8 2328.6 -0.8977354169 -0.0305980872 -0.4394710958 -0.0055231820 0.9982883334 -0.0582230724 0.4405003786 -0.0498416349 -0.8963677883
-696.2 -132.6 2304.8 0 0 0 0 0 0 0 0 0
-296.6 387.6 2350.1 0 0 0 0 0 0 0 0 0
-483.7 -759.6 2358.7 0 0 0 0 0 0 0 0 0
-283.6 -766.8 2343.9 0 0 0 0 0 0 0 0 0
-425.4 499.4 2352.2 42 0.8019267917 0.0754856467 -0.5926342607 -0.0530483760 0.9970641732 0.0552163832 0.5950624347 -0.0128412098 0.8035768867
-442.2 277.6 2355.1 0.8019267917 0.0754856467 -0.5926342607 -0.0530483760 0.9970641732 0.0552163832 0.5950624347 -0.0128412098 0.8035768867
-455.8 82.7 2367.2 0.8043966293 0.0691391379 -0.5900557637 -0.0190163404 0.9956925511 0.0907450616 0.5937882066 -0.0617743246 0.8022465706
-556.8 280.2 2270.6 0.6961231232 -0.2955137789 -0.6542814374 0.6893346906 0.0205143746 0.7241525054 -0.2005748749 -0.9551181793 0.2179884464
-716.5 122.0 2316.6 -0.0722015128 -0.2955137789 -0.9526062012 0.9964304566 0.0205143746 -0.0818870068 0.0437408574 -0.9551181793 0.2929777801
-327.6 274.9 2439.6 0.6638680696 0.5669825673 -0.4876575768 -0.7387217283 0.3955985606 -0.5457031727 -0.1164875701 0.7225182056 0.6814675927
-225.6 161.4 2421.7 -0.3110167086 0.5669825673 0.7627577186 0.9150161743 0.3955985606 0.0790392905 -0.2569319606 0.7225182056 -0.6418359876
-546.4 -87.1 2316.2 0.5822197795 -0.0649816692 -0.8104304671 0.0901173800 0.9958165884 -0.0151051888 0.8080216646 -0.0642393306 0.5856400728
-521.0 -477.1 2341.4 0.5777994990 -0.1308711618 -0.8056180477 0.1265759617 0.9894869328 -0.0699584186 0.8063040972 -0.0615499392 0.5882902145
-398.4 -95.9 2419.5 -0.8377563953 -0.2726892531 -0.4730800986 -0.3488177657 0.9338175058 0.0794417411 0.4201075733 0.2315715700 -0.8774304986
-291.5 -461.7 2328.8 -0.9030318856 -0.0262325332 -0.4287717640 -0.0023371226 0.9984189272 -0.0561617240 0.4295671284 -0.0497137383 -0.9016655087
-698.1 -133.2 2305.4 0 0 0 0 0 0 0 0 0
-309.1 407.2 2352.7 0 0 0 0 0 0 0 0 0
-483.7 -758.6 2358.9 0 0 0 0 0 0 0 0 0
-283.5 -767.1 2344.0 0 0 0 0 0 0 0 0 0
-424.9 499.3 2352.3 43 0.8194231987 0.0820565671 -0.5672850609 -0.0551864877 0.9963963032 0.0644116625 0.5705261827 -0.0214739367 0.8209986687
-442.3 289.2 2356.8 0.8194231987 0.0820565671 -0.5672850609 -0.0551864877 0.9963963032 0.0644116625 0.5705261827 -0.0214739367 0.8209986687
-457.1 94.2 2365.4 0.8208449483 0.0754696801 -0.5661430359 -0.0372026525 0.9961915016 0.0788575262 0.5699382424 -0.0436677784 0.8205263615
-559.2 294.4 2275.7 0.6439526677 -0.2969247997 -0.7050961852 0.7446634173 0.0318407640 0.6666802764 -0.1755031049 -0.9543698430 0.2416129857
-719.3 109.3 2319.3 -0.0981565565 -0.2969247997 -0.9498425722 0.9931319356 0.0318407640 -0.1125836298 0.0636725873 -0.9543698430 0.2917601466
-325.4 283.9 2437.9 0.6810432076 0.5941814780 -0.4279352129 -0.7088379264 0.3883927464 -0.5888122320 -0.1836543828 0.7043432593 0.6856906414
-216.0 170.1 2408.4 -0.3755133152 0.5941814780 0.7112932801 0.9083476067 0.3883927464 0.1550989449 -0.1841042340 0.7043432593 -0.6855700016
-542.5 -108.9 2325.2 0.6052348614 -0.0715681762 -0.7928232551 0.0774971172 0.9965168834 -0.0307949260 0.7922657132 -0.0428033583 0.6086730957
-514.4 -500.8 2342.0 0.6006948948 -0.1174959764 -0.7907972932 0.1206983924 0.9911321402 -0.0555782542 0.7903148532 -0.0620623901 0.6095495820
-396.8 -113.9 2432.9 -0.8232483268 -0.2726620138 -0.4979132414 -0.3683612645 0.9239500761 0.1030836105 0.4319399893 0.2682753503 -0.8610785007
-290.1 -475.5 2327.9 -0.8964747190 -0.0217030793 -0.4425629973 0.0054895128 0.9981790781 -0.0600700192 0.4430608451 -0.0562807098 -0.8947231770
-694.1 -144.9 2303.0 0 0 0 0 0 0 0 0 0
-316.7 413.8 2359.0 0 0 0 0 0 0 0 0 0
-483.6 -760.4 2358.3 0 0 0 0 0 0 0 0 0
-283.7 -766.6 2344.3 0 0 0 0 0 0 0 0 0
-426.7 498.3 2354.3 44 0.7926427722 0.0904696509 -0.6029367447 -0.0727873594 0.9958983660 0.0537439547 0.6053258777 0.0012864142 0.7959766984
-447.0 274.8 2354.0 0.7926427722 0.0904696509 -0.6029367447 -0.0727873594 0.9958983660 0.0537439547 0.6053258777 0.0012864142 0.7959766984
-457.7 80.4 2371.8 0.7987692356 0.0532061756 -0.5992802382 0.0120834047 0.9944622517 0.1043975428 0.6015161872 -0.0906308889 0.7937029004
-560.6 273.0 2268.5 0.6904783845 -0.3421149552 -0.6373358369 0.6851400733 0.0267290268 0.7279207706 -0.2319972068 -0.9392778873 0.2528524697
-717.9 116.9 2321.4 -0.0837657079 -0.3421149552 -0.9359170198 0.9947481155 0.0267290268 -0.0988016799 0.0588176809 -0.9392778873 0.3380792141
-333.4 276.6 2439.4 0.7656653523 0.5366234779 -0.3546714485 -0.6011189818 0.4006858468 -0.6914526820 -0.2289379090 0.7426210642 0.6293658018
-203.8 174.9 2400.7 -0.4504288733 0.5366234779 0.7135468125 0.8802162409 0.4006858468 0.2543033957 -0.1494429559 0.7426210642 -0.6528251767
-545.2 -100.3 2324.4 0.5737784505 -0.0516661070 -0.8173792958 0.1077750996 0.9940926433 0.0128191784 0.8118884563 -0.0954485014 0.5759572387
-525.2 -485.9 2361.4 0.5783946514 -0.1477925628 -0.8022574186 0.0786070004 0.9889724255 -0.1255169362 0.8119609356 0.0095352810 0.5836338997
-397.8 -104.7 2426.4 -0.8315597773 -0.2732710838 -0.4835609496 -0.3638967872 0.9257707000 0.1026045531 0.4196277261 0.2612881064 -0.8692761660
-290.9 -466.9 2324.1 -0.9043948650 -0.0198644791 -0.4262339175 0.0093488488 0.9977535009 -0.0663365945 0.4265941083 -0.0639792681 -0.9021774530
-696.5 -137.8 2306.3 0 0 0 0 0 0 0 0 0
-324.7 411.1 2360.6 0 0 0 0 0 0 0 0 0
-484.2 -759.9 2358.8 0 0 0 0 0 0 0 0 0
-284.9 -766.3 2343.3 0 0 0 0 0 0 0 0 0
-426.3 499.9 2353.3 45 0.7958980799 0.1126594171 -0.5948563218 -0.0962617546 0.9935833216 0.0593789965 0.5977289677 0.0100022843 0.8016358614
-452.5 269.0 2350.9 0.7958980799 0.1126594171 -0.5948563218 -0.0962617546 0.9935833216 0.0593789965 0.5977289677 0.0100022843 0.8016358614
-459.4 74.2 2367.9 0.8047659397 0.0344058983 -0.5925943255 0.0236869827 0.9956622124 0.0899757668 0.5931195021 -0.0864462033 0.8004601002
-567.1 265.6 2266.6 0.6694071293 -0.3702549934 -0.6440538168 0.6996847987 0.0228606574 0.7140858173 -0.2496703565 -0.9286488295 0.2743648589
-720.8 104.9 2323.9 -0.1042930484 -0.3702549934 -0.9230569601 0.9923535585 0.0228606574 -0.1212924570 0.0660108253 -0.9286488295 0.3650396466
-338.0 272.4 2435.3 0.8046371937 0.4946003556 -0.3285261691 -0.5446007848 0.3943027854 -0.7402265072 -0.2365775108 0.7745293975 0.5866304636
-203.6 181.5 2395.8 -0.4765168130 0.4946003556 0.7268440127 0.8683069944 0.3943027854 0.3009456992 -0.1377487630 0.7745293975 -0.6173568368
-539.9 -116.6 2336.4 0.5834167600 -0.0518285967 -0.8105175495 0.0643063486 0.9977765083 -0.0175146796 0.8096231222 -0.0419030674 0.5854524374
-519.8 -505.0 2352.7 0.5801363587 -0.1314328164 -0.8038452864 0.0906144306 0.9911834002 -0.0966669917 0.8094633222 -0.0167599451 0.5869312286
-396.2 -113.2 2444.3 -0.8203792572 -0.2637808323 -0.5073435903 -0.3807731271 0.9139257073 0.1405404210 0.4266025126 0.3084792495 -0.8502063751
-293.1 -470.6 2323.7 -0.9008291960 -0.0292966403 -0.4331841171 0.0027434560 0.9973168373 -0.0731546134 0.4341650009 -0.0670882389 -0.8983317614
-694.1 -149.2 2307.0 0 0 0 0 0 0 0 0 0
-331.9 415.2 2358.7 0 0 0 0 0 0 0 0 0
-485.5 -763.1 2357.1 0 0 0 0 0 0 0 0 0
-284.4 -765.8 2343.6 0 0 0 0 0 0 0 0 0
-426.8 501.2 2359.8 46 0.8030807972 0.1286363155 -0.5818195343 -0.1331209093 0.9904730916 0.0352411121 0.5808098912 0.0491508842 0.8125540614
-457.4 265.5 2348.1 0.8030807972 0.1286363155 -0.5818195343 -0.1331209093 0.9904730916 0.0352411121 0.5808098912 0.0491508842 0.8125540614
-461.5 70.4 2364.4 0.8154544830 0.0207759906 -0.5784482360 0.0314147025 0.9962940812 0.0800698400 0.5779681206 -0.0834650844 0.8117797971
-573.5 260.9 2265.8 0.6523649693 -0.4162939489 -0.6333397627 0.7045806646 0.0252091251 0.7091760039 -0.2792597413 -0.9088805318 0.3097582161
-724.7 97.7 2330.5 -0.1369560808 -0.4162939489 -0.8988561630 0.9864718318 0.0252091251 -0.1619811207 0.0900911391 -0.9088805318 0.4072096944
-341.3 270.0 2430.4 0.8269598484 0.4489399493 -0.3385120034 -0.5134306550 0.3575391173 -0.7800992131 -0.2291864157 0.8189131021 0.5261700153
-200.1 182.3 2391.3 -0.4979690611 0.4489399493 0.7419431806 0.8610624671 0.3575391173 0.3615760207 -0.1029477939 0.8189131021 -0.5646087527
-538.7 -123.5 2331.8 0.5971823335 -0.0419108681 -0.8010098338 0.0792491063 0.9968307614 0.0069264155 0.7981809378 -0.0676156431 0.5986111760
-522.3 -512.6 2358.2 0.5961186886 -0.1481779516 -0.7891044021 0.0864558965 0.9889543653 -0.1203937680 0.7982279658 0.0035462512 0.6023450494
-393.6 -118.6 2438.6 -0.8119400144 -0.2587789893 -0.5232464075 -0.3769344091 0.9168643355 0.1314541250 0.4457284510 0.3039624691 -0.8419815898
-292.3 -477.4 2319.7 -0.8934512138 -0.0259724874 -0.4484087229 0.0142738242 0.9961807132 -0.0861407369 0.4489333928 -0.0833630562 -0.8896681666
-689.7 -154.7 2307.4 0 0 0 0 0 0 0 0 0
-334.4 414.4 2363.5 0 0 0 0 0 0 0 0 0
-485.0 -761.3 2357.3 0 0 0 0 0 0 0 0 0
-284.7 -767.0 2343.9 0 0 0 0 0 0 0 0 0
-429.6 502.6 2363.0 47 0.8049380183 0.1161768287 -0.5818743110 -0.1318812966 0.9911450744 0.0154531887 0.5785171390 0.0642994791 0.8131319284
-457.4 265.6 2347.7 0.8049380183 0.1161768287 -0.5818743110 -0.1318812966 0.9911450744 0.0154531887 0.5785171390 0.0642994791 0.8131319284
-460.0 70.6 2365.0 0.8161563873 0.0128810685 -0.5776874423 0.0408486053 0.9959640503 0.0799185336 0.5763853788 -0.0888237432 0.8123362660
-573.7 259.8 2265.6 0.6346989870 -0.4467999339 -0.6304974556 0.7165850401 0.0349036232 0.6966258883 -0.2892457545 -0.8939527869 0.3423234224
-725.7 88.1 2334.8 -0.1730980277 -0.4467999339 -0.8777282834 0.9769835472 0.0349036232 -0.2104396969 0.1246603355 -0.8939527869 0.4304744303
-341.1 271.5 2429.8 0.8313716650 0.4687512219 -0.2984852493 -0.4933535457 0.3753515482 -0.7846741676 -0.2557800710 0.7996146083 0.5433167219
-198.7 186.9 2385.9 -0.5205675960 0.4687512219 0.7136397362 0.8487150073 0.3753515482 0.3725507557 -0.0932321399 0.7996146083 -0.5932320356
-539.2 -127.8 2328.8 0.5979440212 -0.0411595851 -0.8004803658 0.0869669542 0.9961163998 0.0137437908 0.7968059182 -0.0778333545 0.5992013812
-523.1 -517.3 2359.2 0.5975540876 -0.1573886424 -0.7862302065 0.0894255787 0.9875104427 -0.1297155917 0.7968263030 0.0072029894 0.6041654944
-392.0 -121.8 2433.1 -0.8130345941 -0.2525396645 -0.5245936513 -0.3637733161 0.9238487482 0.1190479994 0.4545808434 0.2876233160 -0.8429881930
-293.1 -483.5 2320.5 -0.8896476626 -0.0322439857 -0.4555077851 0.0093895057 0.9960014224 -0.0888424069 0.4565510452 -0.0833154321 -0.8857876062
-681.5 -161.7 2303.0 0 0 0 0 0 0 0 0 0
-339.2 416.0 2360.8 0 0 0 0 0 0 0 0 0
-484.1 -761.9 2357.4 0 0 0 0 0 0 0 0 0
-284.0 -766.6 2344.1 0 0 0 0 0 0 0 0 0
-428.6 500.6 2357.7 48 0.8456197381 0.1427184045 -0.5143527389 -0.1565817744 0.9875257611 0.0165829230 0.5103032589 0.0665154159 0.8574183583
-464.1 255.0 2341.1 0.8456197381 0.1427184045 -0.5143527389 -0.1565817744 0.9875257611 0.0165829230 0.5103032589 0.0665154159 0.8574183583
-458.4 60.1 2358.1 0.8586033583 -0.0293724518 -0.5117983818 0.0705848858 0.9956219792 0.0612752251 0.5077579021 -0.0887363404 0.8569176197
-585.9 244.8 2269.0 0.6374772191 -0.4647903144 -0.6144858003 0.7071771026 0.0364073142 0.7060984969 -0.3058159649 -0.8846719861 0.3518978953
-727.2 88.1 2336.8 -0.2058366388 -0.4647903144 -0.8611627221 0.9673373103 0.0364073142 -0.2508645952 0.1479520500 -0.8846719861 0.4421150386
-342.2 265.1 2413.2 0.8793247342 0.3516172767 -0.3211749196 -0.4413697720 0.3484708071 -0.8268983364 -0.1788316518 0.8688690066 0.4616122246
-197.1 192.3 2383.7 -0.5457715988 0.3516172767 0.7605909705 0.8303917050 0.3484708071 0.4347617030 -0.1121740192 0.8688690066 -0.4821655452
-536.2 -128.3 2330.5 0.6596124172 -0.0317152143 -0.7509365082 0.0753155798 0.9968695641 0.0240541715 0.7478228807 -0.0724236444 0.6599361897
-523.8 -518.4 2358.8 0.6555659175 -0.1599415243 -0.7380054593 0.1017754450 0.9871090651 -0.1235210672 0.7482480407 0.0058653718 0.6633931994
-388.8 -120.7 2434.6 -0.7650679350 -0.2454496175 -0.5953364968 -0.3723025918 0.9229299426 0.0979344845 0.5254158974 0.2965718508 -0.7974855900
-292.7 -482.1 2318.4 -0.8457025290 -0.0317523964 -0.5327091217 0.0208864771 0.9954940677 -0.0924952626 0.5332456827 -0.0893498957 -0.8412286639
-674.6 -159.2 2298.9 0 0 0 0 0 0 0 0 0
-344.4 416.4 2353.4 0 0 0 0 0 0 0 0 0
-484.2 -763.1 2357.4 0 0 0 0 0 0 0 0 0
-283.6 -766.3 2343.9 0 0 0 0 0 0 0 0 0
-428.6 501.4 2362.5 49 0.8467465043 0.1205929518 -0.5181483030 -0.1425114125 0.9897899032 -0.0025269962 0.5125532150 0.0759817734 0.8552870750
-458.3 257.8 2343.8 0.8467465043 0.1205929518 -0.5181483030 -0.1425114125 0.9897899032 -0.0025269962 0.5125532150 0.0759817734 0.8552870750
-453.9 62.6 2356.3 0.8563770056 -0.0226696599 -0.5158531666 0.0529457778 0.9976251721 0.0440546460 0.5136293769 -0.0650396347 0.8555435538
-580.1 250.2 2270.7 0.6250923276 -0.4600211978 -0.6305871010 0.7244964242 0.0413215160 0.6880388260 -0.2904556394 -0.8869459033 0.3591134846
-729.9 76.7 2340.3 -0.2498744577 -0.4600211978 -0.8520230055 0.9525204301 0.0413215160 -0.3016576767 0.1739758104 -0.8869459033 0.4278543890
-336.5 265.4 2416.8 0.8656967282 0.4158162177 -0.2786862254 -0.4443761110 0.3821065128 -0.8102619648 -0.2304322422 0.8252826929 0.5155671835
-196.3 193.5 2379.5 -0.5552356839 0.4158162177 0.7202848196 0.8253661990 0.3821065128 0.4156503975 -0.1023913473 0.8252826929 -0.5553598404
-529.9 -141.2 2329.5 0.6557891369 -0.0168769881 -0.7547554374 0.0715113431 0.9966434836 0.0398486964 0.7515495420 -0.0801059157 0.6547948718
-523.3 -531.4 2360.9 0.6510272622 -0.1708127558 -0.7395853400 0.1006584167 0.9851735830 -0.1389276385 0.7523505688 0.0160001870 0.6585686207
-375.3 -128.3 2421.0 -0.7840752006 -0.2114599049 -0.5835330486 -0.3224845529 0.9421015382 0.0919150040 0.5303110480 0.2602486610 -0.8068709970
-292.6 -496.7 2319.2 -0.8467541933 -0.0293165483 -0.5311759114 0.0240831263 0.9953442812 -0.0933260471 0.5314388871 -0.0918165967 -0.8421059251
-666.0 -166.7 2295.8 0 0 0 0 0 0 0 0 0
-346.3 416.4 2351.8 0 0 0 0 0 0 0 0 0
-483.0 -763.9 2357.1 0 0 0 0 0 0 0 0 0
-284.7 -766.4 2344.0 0 0 0 0 0 0 0 0 0
-429.6 499.6 2356.9 50 0.8442108035 0.1120997295 -0.5241581798 -0.1176987961 0.9927885532 0.0227578823 0.5229293704 0.0424803421 0.8513168097
-456.6 260.5 2346.6 0.8442108035 0.1120997295 -0.5241581798 -0.1176987961 0.9927885532 0.0227578823 0.5229293704 0.0424803421 0.8513168097
-452.4 65.1 2358.7 0.8518738747 -0.0216466617 -0.5232994556 0.0509450324 0.9978322983 0.0416568518 0.5212633610 -0.0621458888 0.8511300683
-577.9 253.2 2272.4 0.6461756229 -0.4720485806 -0.5996892452 0.6986946464 0.0497591197 0.7136874795 -0.3070551455 -0.8801671267 0.3619709611
-732.5 86.0 2345.9 -0.2581023276 -0.4720485806 -0.8429432511 0.9468563199 0.0497591197 -0.3177847862 0.1919539869 -0.8801671267 0.4341192245
-335.3 267.8 2420.9 0.8549707532 0.4584695697 -0.2425504178 -0.4479269981 0.4168707728 -0.7909362316 -0.2615080178 0.7848722339 0.5617731810
-195.3 194.4 2378.0 -0.5584368110 0.4584695697 0.6913421750 0.8221580982 0.4168707728 0.3876529336 -0.1104732677 0.7848722339 -0.6097304821
-526.7 -137.5 2322.6 0.6491633654 -0.0014564164 -0.7606475949 0.0754707307 0.9951871634 0.0625038818 0.7568956614 -0.0979818553 0.6461489797
-526.1 -527.2 2360.9 0.6442217231 -0.1795387566 -0.7434676886 0.1040752605 0.9835944176 -0.1473443657 0.7577246428 0.0175458584 0.6523384452
-372.2 -127.9 2415.2 -0.7923766375 -0.2031426430 -0.5752149820 -0.3076688945 0.9472959042 0.0892769769 0.5267628431 0.2477167547 -0.8131158352
-292.7 -498.6 2318.3 -0.8502209187 -0.0305921789 -0.5255363584 0.0224039461 0.9953027368 -0.0941833705 0.5259490609 -0.0918507576 -0.8455418348
-666.5 -156.2 2296.8 0 0 0 0 0 0 0 0 0
-346.2 416.6 2348.2 0 0 0 0 0 0 0 0 0
-482.6 -765.5 2356.7 0 0 0 0 0 0 0 0 0
-284.5 -764.7 2342.8 0 0 0 0 0 0 0 0 0
-430.3 497.7 2355.1 51 0.8460760713 0.1676207483 -0.5060223341 -0.1662812233 0.9848984480 0.0482248478 0.5064640641 0.0433401167 0.8611711860
-469.8 265.6 2344.9 0.8460760713 0.1676207483 -0.5060223341 -0.1662812233 0.9848984480 0.0482248478 0.5064640641 0.0433401167 0.8611711860
-460.1 70.9 2362.1 0.8612120748 -0.0494686179 -0.5058326125 0.0873366445 0.9948517680 0.0514032319 0.5006856322 -0.0884468034 0.8610987663
-592.4 253.2 2273.6 0.6234440804 -0.4779222012 -0.6187955141 0.7161873579 0.0315576233 0.6971942186 -0.3136768937 -0.8778350949 0.3619562387
-732.2 92.5 2344.0 -0.2564429939 -0.4779222012 -0.8401353359 0.9508057833 0.0315576233 -0.3081760406 0.1737968475 -0.8778350949 0.4463184774
-347.2 278.0 2416.1 0.8508785367 0.4534739554 -0.2652679086 -0.4571814239 0.3903753757 -0.7991196513 -0.2588258982 0.8012292981 0.5394818783
-195.0 196.3 2369.8 -0.5645177960 0.4534739554 0.6896963716 0.8214633465 0.3903753757 0.4156982899 -0.0807321221 0.8012292981 -0.5928860903
-525.1 -134.9 2323.7 0.6635314822 0.0043269498 -0.7481358051 0.0739056095 0.9947130680 0.0713009238 0.7444890141 -0.1026018411 0.6597036719
-526.7 -524.4 2363.9 0.6591114998 -0.1800335348 -0.7301780581 0.0992737636 0.9832550883 -0.1528208107 0.7454641461 0.0282384269 0.6659473181
-371.2 -125.6 2417.9 -0.7716978788 -0.2010352612 -0.6033798456 -0.3168648779 0.9441248178 0.0906917453 0.5514336228 0.2611764967 -0.7922801375
-292.5 -495.2 2315.6 -0.8336107731 -0.0289801657 -0.5515915155 0.0303658880 0.9947080016 -0.0981525779 0.5515170097 -0.0985706151 -0.8283193111
-666.6 -150.8 2299.5 0 0 0 0 0 0 0 0 0
-347.6 418.2 2348.0 0 0 0 0 0 0 0 0 0
-482.4 -766.6 2357.0 0 0 0 0 0 0 0 0 0
-284.7 -763.8 2342.2 0 0 0 0 0 0 0 0 0
-433.0 499.1 2360.7 52 0.8666861057 0.1946436465 -0.4593136013 -0.2101409286 0.9775104523 0.0177220199 0.4524333477 0.0811611637 0.8880973458
-481.4 256.0 2340.5 0.8666861057 0.1946436465 -0.4593136013 -0.2101409286 0.9775104523 0.0177220199 0.4524333477 0.0811611637 0.8880973458
-462.7 62.3 2359.5 0.8838363290 -0.0953662470 -0.4579722881 0.1298409551 0.9905441999 0.0443120301 0.4494159222 -0.0986281484 0.8878613710
-606.9 237.5 2276.6 0.5867769122 -0.5083352327 -0.6303079724 0.7430083156 0.0285442881 0.6686732173 -0.3219184279 -0.8606860638 0.3944464326
-731.8 79.4 2345.1 -0.2786028981 -0.5083352327 -0.8148470521 0.9402499795 0.0285442881 -0.3392862678 0.1957303882 -0.8606860638 0.4700096548
-355.8 274.5 2404.4 0.8944813609 0.3504710793 -0.2776204944 -0.3972285688 0.3379419446 -0.8532319069 -0.2052135170 0.8734788299 0.4414998889
-193.3 202.3 2367.1 -0.5841904879 0.3504710793 0.7320460677 0.8078452349 0.3379419446 0.4828884900 -0.0781506225 0.8734788299 -0.4805488586
-528.1 -131.7 2334.1 0.7019928694 -0.0085466495 -0.7121326923 0.0733233616 0.9954816699 0.0603320748 0.7083994150 -0.0945686474 0.6994476914
-524.7 -521.5 2371.1 0.7005004883 -0.1707520038 -0.6929234266 0.0820850506 0.9837882519 -0.1594450325 0.7089154720 0.0548126698 0.7031602859
-372.6 -115.9 2424.5 -0.7270632982 -0.2044312209 -0.6554287076 -0.3324550390 0.9400863647 0.0755732208 0.6007100940 0.2728470862 -0.7514664531
-292.5 -484.0 2317.6 -0.7916486263 -0.0267777555 -0.6103895307 0.0338468179 0.9955828190 -0.0875740051 0.6100383997 -0.0899875835 -0.7872454524
-660.5 -161.2 2295.1 0 0 0 0 0 0 0 0 0
-351.2 420.6 2346.0 0 0 0 0 0 0 0 0 0
-482.0 -767.8 2357.4 0 0 0 0 0 0 0 0 0
-285.0 -763.5 2342.9 0 0 0 0 0 0 0 0 0
-435.0 500.3 2363.5 53 0.8765399456 0.1755863130 -0.4481597543 -0.2025423348 0.9791936874 -0.0125032132 0.4366397858 0.1017308831 0.8938660622
-480.1 248.4 2337.3 0.8765399456 0.1755863130 -0.4481597543 -0.2025423348 0.9791936874 -0.0125032132 0.4366397858 0.1017308831 0.8938660622
-461.8 54.3 2353.4 0.8899913430 -0.0935761109 -0.4462722540 0.1207965761 0.9921330214 0.0328677371 0.4396857917 -0.0831601620 0.8942934871
-606.8 231.2 2274.8 0.5317134261 -0.5273002982 -0.6627482176 0.7892020345 0.0245368276 0.6136432886 -0.3073125780 -0.8493246436 0.4291930199
-729.2 49.5 2345.5 -0.3432174623 -0.5273002982 -0.7772748470 0.9082540870 0.0245368276 -0.4176990390 0.2393246889 -0.8493246436 0.4705011845
-353.5 265.7 2399.9 0.9113025665 0.3342278302 -0.2404566556 -0.3456330299 0.3036136925 -0.8878944516 -0.2237531096 0.8922502398 0.3922041059
-191.3 204.1 2360.0 -0.5957797766 0.3342278302 0.7303000689 0.8016148210 0.3036136925 0.5150071979 -0.0495993681 0.8922502398 -0.4488088787
-523.6 -143.2 2338.0 0.7113798261 0.0020772046 -0.7028046846 0.0483773127 0.9974790215 0.0519157201 0.7011407614 -0.0709315985 0.7094859481
-524.4 -533.8 2365.8 0.7024472952 -0.1786334515 -0.6889542341 0.1038311347 0.9833553433 -0.1491017342 0.7041214108 0.0332012102 0.7093030214
-364.3 -119.7 2419.0 -0.7277229428 -0.1808188260 -0.6616070271 -0.3016142249 0.9507133961 0.0719229206 0.6159936190 0.2518900335 -0.7463935018
-293.5 -491.9 2320.4 -0.7812436819 -0.0308700316 -0.6234624386 0.0272084381 0.9961432219 -0.0834170431 0.6236329675 -0.0821324736 -0.7773906589
-641.6 -182.2 2284.5 0 0 0 0 0 0 0 0 0
-352.3 420.7 2346.6 0 0 0 0 0 0 0 0 0
-481.8 -767.9 2357.8 0 0 0 0 0 0 0 0 0
-285.1 -763.4 2342.8 0 0 0 0 0 0 0 0 0
-435.0 497.1 2357.4 54 0.8522657156 0.1307407022 -0.5065076947 -0.1530947536 0.9882082939 -0.0025238714 0.5002050996 0.0796946809 0.8622317314
-467.5 251.1 2337.5 0.8522657156 0.1307407022 -0.5065076947 -0.1530947536 0.9882082939 -0.0025238714 0.5002050996 0.0796946809 0.8622317314
-454.8 56.5 2354.3 0.8606624007 -0.0649231225 -0.5050200224 0.0998003632 0.9941086769 0.0422830470 0.4992996156 -0.0867926106 0.8620713353
-589.8 236.8 2266.6 0.5499087572 -0.5258554816 -0.6489039660 0.7751629353 0.0320309773 0.6309488416 -0.3110028803 -0.8499706388 0.4252377748
-729.9 39.3 2345.8 -0.3976421654 -0.5258554816 -0.7519021034 0.8741090298 0.0320309773 -0.4846725166 0.2789518535 -0.8499706388 0.4469181299
-345.3 265.3 2408.5 0.8855691552 0.4259871244 -0.1852084994 -0.3479229808 0.3441250026 -0.8720823526 -0.3077609837 0.8367275596 0.4529571831
-190.7 204.6 2354.8 -0.5987847447 0.4259871244 0.6782269478 0.8005384207 0.3441250026 0.4906283915 -0.0243934635 0.8367275596 -0.5470758677
-523.8 -150.8 2329.9 0.6637560129 -0.0006795473 -0.7479488254 0.0750789940 0.9950093031 0.0657237172 0.7441713810 -0.0997797623 0.6604944468
-523.5 -540.3 2368.9 0.6606973410 -0.1874297410 -0.7268762589 0.0915936530 0.9812198281 -0.1697594374 0.7450433373 0.0455823578 0.6654567122
-363.1 -129.0 2409.2 -0.7755080462 -0.1803704649 -0.6050237417 -0.2802154124 0.9570925832 0.0738451332 0.5657442808 0.2268044800 -0.7927755713
-292.5 -503.6 2320.5 -0.8228302598 -0.0261082109 -0.5676871538 0.0253840815 0.9962584972 -0.0826112032 0.5677199960 -0.0823852196 -0.8190889359
-628.5 -183.5 2274.7 0 0 0 0 0 0 0 0 0
-352.5 420.9 2348.2 0 0 0 0 0 0 0 0 0
-480.2 -767.0 2358.4 0 0 0 0 0 0 0 0 0
-285.7 -762.7 2341.9 0 0 0 0 0 0 0 0 0
-437.1 499.0 2362.8 55 0.8352898955 0.1145220399 -0.5377503633 -0.1473544836 0.9889147878 -0.0182820428 0.5296955705 0.0945107341 0.8429058790
-464.9 259.0 2339.9 0.8352898955 0.1145220399 -0.5377503633 -0.1473544836 0.9889147878 -0.0182820428 0.5296955705 0.0945107341 0.8429058790
-458.4 64.5 2359.8 0.8446856141 -0.0338465124 -0.5341915488 0.0835926980 0.9940947890 0.0691941008 0.5286950469 -0.1031017751 0.8425269127
-585.0 247.0 2264.7 0.5578966141 -0.5207319856 -0.6462116838 0.7704663277 0.0355955996 0.6364861131 -0.3084363937 -0.8529778123 0.4210651517
-733.0 42.6 2346.5 -0.4193329513 -0.5207319856 -0.7436383963 0.8596343994 0.0355955996 -0.5096681714 0.2918707728 -0.8529778123 0.4327127337
-344.9 271.0 2415.1 0.8601639271 0.4823898971 -0.1655837744 -0.3697948456 0.3662987649 -0.8538600206 -0.3512403369 0.7956916094 0.4934622943
-190.2 204.5 2352.0 -0.6000832319 0.4823898971 0.6381223202 0.7999252081 0.3662987649 0.4753365517 -0.0044458616 0.7956916094 -0.6056855917
-519.7 -147.1 2326.0 0.6388709545 0.0077794180 -0.7692745924 0.0861901790 0.9929296374 0.0816208124 0.7644705176 -0.1184490770 0.6336833835
-522.7 -535.9 2372.4 0.6420004368 -0.1774677187 -0.7458824515 0.0693981871 0.9822998047 -0.1739856452 0.7635570168 0.0599359758 0.6429528594
-364.6 -129.0 2416.0 -0.7958177328 -0.1845123023 -0.5767403245 -0.2890726030 0.9526714087 0.0940969363 0.5320819616 0.2416038364 -0.8114902377
-292.4 -502.0 2321.4 -0.8446051478 -0.0228740573 -0.5349008441 0.0213004984 0.9968602657 -0.0762622580 0.5349658728 -0.0758051500 -0.8414660692
-625.9 -177.0 2272.0 0 0 0 0 0 0 0 0 0
-352.3 420.7 2350.8 0 0 0 0 0 0 0 0 0
-480.8 -768.0 2358.2 0 0 0 0 0 0 0 0 0
-286.3 -765.3 2341.4 0 0 0 0 0 0 0 0 0
-437.0 500.3 2366.1 56 0.8483891487 0.1467053741 -0.5086387396 -0.1759453714 0.9843535423 -0.0095552998 0.4992785156 0.0975992456 0.8609270453
-472.8 260.4 2342.3 0.8483891487 0.1467053741 -0.5086387396 -0.1759453714 0.9843535423 -0.0095552998 0.4992785156 0.0975992456 0.8609270453
-462.3 65.6 2358.1 0.8607360721 -0.0540828668 -0.5061703920 0.0879341885 0.9951891899 0.0431977808 0.5013990402 -0.0816915706 0.8613509536
-595.2 247.7 2270.9 0.5514532924 -0.5167524815 -0.6548787355 0.7784305811 0.0365306921 0.6266667843 -0.2999084294 -0.8553551435 0.4224008918
-733.0 53.2 2345.9 -0.4126913846 -0.5167524815 -0.7501018047 0.8647224307 0.0365306921 -0.5009197593 0.2862532735 -0.8553551435 0.4317715466
-350.3 273.0 2413.6 0.8652786016 0.4703279436 -0.1734490991 -0.3683902323 0.3619433641 -0.8563209772 -0.3399729133 0.8048531413 0.4864460826
-190.1 204.8 2350.7 -0.6008324623 0.4703279436 0.6463682652 0.7993313074 0.3619433641 0.4796524346 -0.0083547793 0.8048531413 -0.5934152007
-528.0 -137.6 2332.1 0.6630613804 -0.0102249170 -0.7484952211 0.0843966380 0.9945524335 0.0611773208 0.7437922359 -0.1037347987 0.6603122354
-524.0 -527.0 2372.7 0.6661981940 -0.1703223139 -0.7260649204 0.0669070408 0.9832953811 -0.1692738384 0.7427673936 0.0641910657 0.6664653420
-375.6 -122.4 2427.5 -0.7669078112 -0.2127412409 -0.6054697037 -0.3379157782 0.9359382987 0.0991587043 0.5455871224 0.2806433439 -0.7896670103
-292.4 -488.5 2317.7 -0.8335576057 -0.0268888194 -0.5517777801 0.0254160687 0.9958904386 -0.0869264379 0.5518475771 -0.0864822194 -0.8294486403
-627.5 -168.0 2272.6 0 0 0 0 0 0 0 0 0
-352.5 420.8 2348.4 0 0 0 0 0 0 0 0 0
-482.1 -768.7 2356.9 0 0 0 0 0 0 0 0 0
-285.0 -764.9 2341.7 0 0 0 0 0 0 0 0 0
-436.2 500.2 2367.2 57 0.8644058704 0.1716124713 -0.4726009965 -0.2083223313 0.9777145982 -0.0259987265 0.4576071799 0.1209267899 0.8808929324
-479.3 254.3 2336.8 0.8644058704 0.1716124713 -0.4726009965 -0.2083223313 0.9777145982 -0.0259987265 0.4576071799 0.1209267899 0.8808929324
-464.8 60.3 2357.5 0.8804690838 -0.0738638118 -0.4683143497 0.1152823120 0.9914972782 0.0603584722 0.4598740935 -0.1071321294 0.8814978600
-604.5 237.9 2271.4 0.5472428203 -0.5250502229 -0.6518033147 0.7777695656 0.0313251279 0.6277684569 -0.3091921508 -0.8504945636 0.4255105555
-733.3 55.0 2344.1 -0.3975266814 -0.5250502229 -0.7525256276 0.8745840788 0.0313251279 -0.4838609695 0.2776242793 -0.8504945636 0.4467479885
-354.1 270.8 2402.1 0.8917900920 0.3974754214 -0.2161565870 -0.3552342057 0.3192227185 -0.8785815239 -0.2802124918 0.8602965474 0.4258765280
-189.3 205.1 2350.4 -0.6042504311 0.3974754214 0.6905756593 0.7966252565 0.3192227185 0.5133079290 -0.0164201427 0.8602965474 -0.5095294118
-529.5 -137.2 2328.6 0.6946088672 -0.0236631688 -0.7189983130 0.0850878507 0.9951456189 0.0494500138 0.7143378854 -0.0955264419 0.6932504177
-520.2 -526.8 2366.0 0.6945891976 -0.1556108892 -0.7023753524 0.0852127597 0.9872488379 -0.1344563216 0.7143421173 0.0335405655 0.6989924312
-374.1 -121.1 2419.1 -0.7373909950 -0.2064799368 -0.6431334019 -0.3294900954 0.9411251545 0.0756290331 0.5896531343 0.2676742375 -0.7620102763
-293.3 -489.5 2314.4 -0.8040202856 -0.0333306640 -0.5936669707 0.0328124091 0.9944191575 -0.1002691761 0.5936958194 -0.1000980958 -0.7984395027
-631.5 -168.8 2273.1 0 0 0 0 0 0 0 0 0
-352.6 420.4 2345.9 0 0 0 0 0 0 0 0 0
-482.1 -768.5 2357.8 0 0 0 0 0 0 0 0 0
-284.1 -765.3 2342.1 0 0 0 0 0 0 0 0 0
-434.8 500.9 2366.7 58 0.8717743158 0.2322904170 -0.4313359857 -0.2702608705 0.9623814225 -0.0279468894 0.4086179435 0.1409366280 0.9017584324
-494.6 253.5 2330.5 0.8717743158 0.2322904170 -0.4313359857 -0.2702608705 0.9623814225 -0.0279468894 0.4086179435 0.1409366280 0.9017584324
-470.2 60.9 2354.0 0.8959004879 -0.1241323575 -0.4265600145 0.1640723199 0.9847397804 0.0580326468 0.4128468931 -0.1219781712 0.9025955796
-621.8 230.1 2271.8 0.4872394800 -0.5738371611 -0.6582618356 0.8119097948 0.0201112702 0.5834364295 -0.3215589821 -0.8187224865 0.4757029712
-732.6 45.4 2345.0 -0.4167331159 -0.5738371611 -0.7050138116 0.8534247279 0.0201112702 -0.5208280087 0.3130491674 -0.8187224865 0.4813457429
-367.3 276.8 2389.1 0.9102135897 0.2927918136 -0.2928894162 -0.3674086332 0.2445442677 -0.8973343968 -0.1911077201 0.9243760109 0.3301617503
-189.8 205.2 2351.9 -0.6032890677 0.2927918136 0.7418323755 0.7972760201 0.2445442677 0.5518596172 -0.0198308863 0.9243760109 -0.3809667528
-529.7 -144.1 2336.9 0.7272603512 -0.0205910485 -0.6860527992 0.0701831356 0.9965415597 0.0444886722 0.6827640533 -0.0805041865 0.7261902690
-521.6 -534.4 2368.4 0.7229779363 -0.1699960381 -0.6696299911 0.0965147838 0.9846019745 -0.1457526982 0.6840963364 0.0407467857 0.7282525897
-370.9 -123.3 2419.8 -0.6958312988 -0.2011034191 -0.6894752979 -0.3315555453 0.9415264130 0.0599913374 0.6370947361 0.2703432143 -0.7218205333
-292.1 -491.9 2314.0 -0.7628093958 -0.0319104008 -0.6458355188 0.0424009338 0.9941635728 -0.0992017090 0.6452317238 -0.1030560285 -0.7570043206
-626.1 -172.9 2264.9 0 0 0 0 0 0 0 0 0
-352.9 420.7 2346.5 0 0 0 0 0 0 0 0 0
-481.7 -765.8 2358.8 0 0 0 0 0 0 0 0 0
-283.4 -765.2 2342.3 0 0 0 0 0 0 0 0 0
-437.1 503.2 2368.5 59 0.8623940349 0.1667412519 -0.4779894650 -0.2163746506 0.9750157595 -0.0502623096 0.4576664567 0.1467707157 0.8769263029
-480.7 248.1 2330.1 0.8623940349 0.1667412519 -0.4779894650 -0.2163746506 0.9750157595 -0.0502623096 0.4576664567 0.1467707157 0.8769263029
-466.3 54.1 2347.9 0.8779228330 -0.0724629164 -0.4732870162 0.1077857241 0.9930195212 0.0479000248 0.4665122926 -0.0930661112 0.8796049953
-605.2 232.9 2263.9 0.4938178957 -0.5641337037 -0.6617379189 0.8102340698 0.0222254973 0.5856848955 -0.3156971335 -0.8253842592 0.4680556655
-729.6 28.7 2343.5 -0.4792814255 -0.5641337037 -0.6723410487 0.8051747084 0.0222254973 -0.5926210284 0.3492605984 -0.8253842592 0.4435739219
-356.2 263.4 2396.3 0.9135456085 0.3396042883 -0.2238377929 -0.3201043308 0.2607803345 -0.9107836485 -0.2509335279 0.9036938548 0.3469435275
-189.7 205.1 2350.5 -0.6041070819 0.3396042883 0.7209185362 0.7968977094 0.2607803345 0.5449290276 -0.0029411640 0.9036938548 -0.4281691313
-526.5 -146.4 2340.4 0.6907554865 -0.0152930673 -0.7229266763 0.0668101385 0.9968494773 0.0427492633 0.7199953198 -0.0778281167 0.6896010041
-520.5 -536.8 2370.8 0.6879602075 -0.1694100052 -0.7056989670 0.0836493969 0.9844030738 -0.1547689289 0.7209116220 0.0474435687 0.6914011836
-365.1 -116.8 2414.7 -0.7465098500 -0.1880026162 -0.6382617354 -0.3096900880 0.9471892118 0.0832145661 0.5889100432 0.2597838342 -0.7653086185
-291.5 -487.7 2313.0 -0.8071794510 -0.0292798504 -0.5895795822 0.0387222245 0.9939916730 -0.1023775488 0.5890347958 -0.1054668874 -0.8011958599
-607.4 -176.6 2254.4 0 0 0 0 0 0 0 0 0
-352.9 420.5 2349.7 0 0 0 0 0 0 0 0 0
-481.0 -766.6 2359.8 0 0 0 0 0 0 0 0 0
-283.3 -765.5 2342.5 0 0 0 0 0 0 0 0 0
-437.1 503.2 2367.9 60 0.8589360714 0.1407293975 -0.4923657775 -0.1898614615 0.9804869890 -0.0509692617 0.4755853713 0.1372606307 0.8688947558
-473.7 248.5 2332.2 0.8589360714 0.1407293975 -0.4923657775 -0.1898614615 0.9804869890 -0.0509692617 0.4755853713 0.1372606307 0.8688947558
-460.8 54.0 2348.2 0.8699451685 -0.0649690330 -0.4888501167 0.0971243083 0.9944406748 0.0406770334 0.4834896922 -0.0828660205 0.8714188933
-597.3 234.7 2263.5 0.5109977722 -0.5521408319 -0.6588032842 0.8016384840 0.0294778980 0.5970818996 -0.3102531433 -0.8332296014 0.4576804936
-732.8 22.2 2345.7 -0.5396600962 -0.5521408319 -0.6355371475 0.7491505146 0.0294778980 -0.6617435813 0.3841099441 -0.8332296014 0.3977285326
-350.0 262.3 2401.0 0.9015930295 0.3879210353 -0.1914349496 -0.3175876737 0.2931015491 -0.9017924070 -0.2937143445 0.8738471270 0.3874572515
-191.4 206.4 2349.3 -0.6007256508 0.3879210353 0.6990321875 0.7994539142 0.2931015491 0.5243710279 -0.0014728681 0.8738471270 -0.4861985743
-531.0 -149.5 2323.6 0.6771270633 -0.0239265338 -0.7354770303 0.1075778529 0.9919518232 0.0667728633 0.7279601097 -0.1243347526 0.6742513776
-521.6 -537.6 2372.3 0.6827826500 -0.1730807126 -0.7098245621 0.0773281083 0.9831976295 -0.1653566957 0.7265178561 0.0580132939 0.6846942902
-373.0 -130.2 2407.6 -0.7588431835 -0.2095635682 -0.6166360974 -0.3119159639 0.9481084347 0.0616349094 0.5717214942 0.2391098738 -0.7848318219
-291.0 -501.3 2314.0 -0.8207251430 -0.0293478500 -0.5705689192 0.0373682752 0.9937838316 -0.1048681438 0.5700998306 -0.1073890999 -0.8145267367
-595.4 -168.5 2248.0 0 0 0 0 0 0 0 0 0
-353.8 422.5 2348.9 0 0 0 0 0 0 0 0 0
-481.2 -767.4 2358.7 0 0 0 0 0 0 0 0 0
-283.2 -765.8 2342.5 0 0 0 0 0 0 0 0 0
-437.7 503.0 2367.6 61 0.8564490080 0.1114651486 -0.5040541887 -0.1528393775 0.9873858094 -0.0413448028 0.4930874407 0.1124490425 0.8626818657
-465.8 253.5 2339.2 0.8564490080 0.1114651486 -0.5040541887 -0.1528393775 0.9873858094 -0.0413448028 0.4930874407 0.1124490425 0.8626818657
-463.0 58.5 2351.6 0.8661119938 -0.0142989801 -0.4996454716 0.0445846319 0.9978164434 0.0487296022 0.4978576601 -0.0644818023 0.8648582697
-588.9 247.2 2268.4 0.4842120409 -0.5538366437 -0.6773504615 0.8352058530 0.0619021691 0.5464424491 -0.2607103884 -0.8303210735 0.4925414026
-729.8 4.2 2344.2 -0.5821123123 -0.5538366437 -0.5953236222 0.6842301488 0.0619021691 -0.7266341448 0.4392884672 -0.8303210735 0.3429177403
-342.8 259.9 2410.0 0.8869399428 0.4399122000 -0.1407648772 -0.3089615405 0.3385223150 -0.8887887597 -0.3433369398 0.8317931890 0.4361649156
-190.0 206.6 2350.8 -0.6070432067 0.4399122000 0.6617974043 0.7946652770 0.3385223150 0.5038945675 -0.0023638280 0.8317931890 -0.5550806522
-526.4 -149.3 2320.6 0.6707159877 -0.0108946711 -0.7416342497 0.1115352139 0.9900038838 0.0863264948 0.7332802415 -0.1406188905 0.6652265787
-522.2 -536.8 2375.6 0.6794258356 -0.1738819182 -0.7128433585 0.0664666966 0.9821057320 -0.1762115657 0.7307275534 0.0723423436 0.6788253188
-369.6 -131.8 2407.8 -0.7794617414 -0.2010657787 -0.5933059454 -0.2981103361 0.9520335197 0.0690103546 0.5509715080 0.2306615710 -0.8020134568
-290.9 -504.6 2317.5 -0.8350906372 -0.0318310261 -0.5491907001 0.0264933053 0.9948390126 -0.0979460403 0.5494740605 -0.0963436961 -0.8299373984
-581.8 -169.7 2232.6 0 0 0 0 0 0 0 0 0
-354.1 421.5 2350.2 0 0 0 0 0 0 0 0 0
-481.1 -769.0 2358.5 0 0 0 0 0 0 0 0 0
-282.5 -765.9 2342.8 0 0 0 0 0 0 0 0 0
-439.1 502.1 2368.4 62 0.8317839503 0.0880552083 -0.5480709672 -0.1276586354 0.9912183285 -0.0344890729 0.5402210355 0.0986534432 0.8357204795
-460.6 259.2 2344.2 0.8317839503 0.0880552083 -0.5480709672 -0.1276586354 0.9912183285 -0.0344890729 0.5402210355 0.0986534432 0.8357204795
-460.3 64.0 2358.0 0.8390564919 -0.0019343147 -0.5440408587 0.0402786583 0.9974701405 0.0585739985 0.5425512195 -0.0710601285 0.8370117545
-579.9 253.4 2267.1 0.4850789011 -0.5119541287 -0.7089439034 0.8455866575 0.0679642931 0.5294941664 -0.2228938490 -0.8563199639 0.4658696353
-729.5 -7.5 2335.9 -0.6376474500 -0.5119541287 -0.5755942464 0.6378970742 0.0679642931 -0.7671167850 0.4318484664 -0.8563199639 0.2832367718
-341.4 264.9 2421.4 0.8805574179 0.4628130794 -0.1020915285 -0.3112190962 0.4021968544 -0.8610344529 -0.3574371338 0.7899631262 0.4981937110
-185.4 209.8 2358.0 -0.6306403279 0.4628130794 0.6229742169 0.7756580710 0.4021968544 0.4864074588 -0.0254425202 0.7899631262 -0.6126262546
-538.2 -140.5 2319.1 0.6317302585 -0.0395781435 -0.7741773129 0.1342536062 0.9891901612 0.0589810051 0.7634742260 -0.1411961764 0.6302148700
-522.7 -527.7 2374.4 0.6468421817 -0.1713763326 -0.7431187034 0.0587777831 0.9827282429 -0.1754718572 0.7603554130 0.0698237270 0.6457431912
-382.0 -132.5 2408.9 -0.8011926413 -0.2449790090 -0.5459630489 -0.3252196312 0.9441170692 0.0536203124 0.5023171902 0.2205181122 -0.8360916376
-286.2 -501.9 2322.7 -0.8613456488 -0.0153647391 -0.5077869892 0.0262213219 0.9968655705 -0.0746419281 0.5073422194 -0.0776073486 -0.8582429290
-567.3 -169.9 2226.0 0 0 0 0 0 0 0 0 0
-355.7 419.3 2351.2 0 0 0 0 0 0 0 0 0
-480.6 -769.0 2357.3 0 0 0 0 0 0 0 0 0
-282.1 -765.2 2343.2 0 0 0 0 0 0 0 0 0
-441.0 501.5 2367.9 63 0.7959300876 0.0640169978 -0.6019943357 -0.1067734733 0.9936492443 -0.0355049446 0.5958982706 0.0925364792 0.7977106571
-456.5 260.1 2345.4 0.7959300876 0.0640169978 -0.6019943357 -0.1067734733 0.9936492443 -0.0355049446 0.5958982706 0.0925364792 0.7977106571
-453.7 65.3 2363.7 0.8002306819 -0.0151531789 -0.5995008349 0.0682946816 0.9954797029 0.0659996048 0.5957908034 -0.0937576294 0.7976483107
-570.1 250.3 2260.8 0.5074024200 -0.4844658971 -0.7126258612 0.8330922127 0.0644410625 0.5493675470 -0.2202274799 -0.8724334836 0.4363023043
-728.2 -9.3 2329.4 -0.6637944579 -0.4844658971 -0.5697979927 0.6224905252 0.0644410625 -0.7799698114 0.4145871699 -0.8724334836 0.2587997913
-342.9 269.9 2430.0 0.8725476861 0.4849430025 -0.0590826645 -0.2993706465 0.4352013767 -0.8491036296 -0.3860540092 0.7585710287 0.5249117017
-190.3 217.5 2362.4 -0.6353913546 0.4849430025 0.6009227037 0.7713352442 0.4352013767 0.4643723667 -0.0363282599 0.7585710287 -0.6505768299
-535.5 -134.8 2322.8 0.5798050761 -0.0401535816 -0.8137651682 0.0999887139 0.9947417974 0.0221581347 0.8085965514 -0.0942147300 0.5807712674
-519.8 -523.9 2359.7 0.5819747448 -0.1567094475 -0.7979646325 0.0866574571 0.9876202941 -0.1307539046 0.8085764647 0.0069458769 0.5883501172
-384.2 -127.5 2420.7 -0.8212761283 -0.2587435246 -0.5084853172 -0.3494473100 0.9326397181 0.0898319706 0.4509901702 0.2514656782 -0.8563719392
-283.0 -492.4 2322.3 -0.8886693120 -0.0015979587 -0.4585458636 0.0322872736 0.9972938895 -0.0660486743 0.4574105144 -0.0735006258 -0.8862128854
-558.8 -168.1 2223.6 0 0 0 0 0 0 0 0 0
-362.0 425.9 2352.6 0 0 0 0 0 0 0 0 0
-480.9 -769.1 2357.9 0 0 0 0 0 0 0 0 0
-282.6 -765.8 2342.4 0 0 0 0 0 0 0 0 0
-441.9 502.0 2367.1 64 0.7909474969 0.0561389886 -0.6093032956 -0.0889511853 0.9957534075 -0.0237240177 0.6053839922 0.0729627013 0.7925822735
-455.6 259.4 2349.3 0.7909474969 0.0561389886 -0.6093032956 -0.0889511853 0.9957534075 -0.0237240177 0.6053839922 0.0729627013 0.7925822735
-458.7 64.3 2363.6 0.7953097820 0.0156768262 -0.6060004830 0.0321049690 0.9971733689 0.0679304898 0.6053524613 -0.0734814107 0.7925584316
-568.6 254.8 2263.2 0.5102248788 -0.4689763486 -0.7209242582 0.8352682590 0.0704700872 0.5453081131 -0.2049330175 -0.8803948760 0.4276766479
-730.6 -10.4 2328.3 -0.6945279837 -0.4689763486 -0.5456116199 0.5863647461 0.0704700872 -0.8069760203 0.4169019759 -0.8803948760 0.2260477543
