201.9 514.9 2534.7 1 0.9210544825 -0.1776891351 0.3465331793 0.1916916221 0.9814352393 -0.0062563545 -0.3389882147 0.0721899495 0.9380168319
240.0 304.2 2519.2 0.9210544825 -0.1776891351 0.3465331793 0.1916916221 0.9814352393 -0.0062563545 -0.3389882147 0.0721899495 0.9380168319
245.2 106.2 2534.6 0.9409781098 -0.0260682832 0.3374621272 -0.0017274170 0.9966468215 0.0818057209 -0.3384630978 -0.0775603279 0.9377777576
107.7 304.4 2566.7 0.4576798081 -0.8582592010 0.2322076559 0.7336588502 0.2170145512 -0.6439327598 0.5022687316 0.4650762081 0.7289926410
16.8 158.7 2467.0 -0.2479946315 -0.8582592010 -0.4493215382 -0.9687451124 0.2170145512 0.1201563999 -0.0056160176 0.4650762081 -0.8852528334
372.4 304.0 2471.6 0.0758987889 0.3844171166 0.9200341702 -0.9853845835 0.1700361818 0.0102438321 -0.1525011808 -0.9073649645 0.3917042613
392.3 45.0 2431.5 -0.1468479335 0.3876798749 0.9100219607 -0.9531039000 0.1906699836 -0.2350275517 -0.2646293342 -0.9018588066 0.3414996862
158.5 -93.1 2583.1 -0.6021086574 -0.0603607669 0.7961292267 0.0424309000 0.9933099747 0.1074008569 -0.7972858548 0.0984474644 -0.5955193639
182.5 -487.7 2544.0 -0.5854046941 -0.1458506286 0.7975142002 -0.2614763081 0.9650864601 -0.0154367238 -0.7674186826 -0.2175678164 -0.6031026244
330.2 -90.8 2518.9 0.9325407743 0.0219060462 0.3603995740 0.0845948681 0.9571194053 -0.2770670950 -0.3510148525 0.2888643146 0.8906996846
321.5 -471.0 2404.2 0.9322277904 0.0462318920 0.3589065969 -0.0065315482 0.9937934875 -0.1110485643 -0.3618130386 0.1011783481 0.9267439246
82.8 416.4 2468.5 0 0 0 0 0 0 0 0 0
352.4 -214.1 2359.6 0 0 0 0 0 0 0 0 0
222.8 -754.5 2604.2 0 0 0 0 0 0 0 0 0
306.7 -789.0 2371.8 0 0 0 0 0 0 0 0 0
206.4 513.4 2523.7 2 0.9427150488 -0.1593321115 0.2930898368 0.1683229506 0.9857163429 -0.0055420073 -0.2880204022 0.0545582771 0.9560688734
240.8 300.5 2511.9 0.9427150488 -0.1593321115 0.2930898368 0.1683229506 0.9857163429 -0.0055420073 -0.2880204022 0.0545582771 0.9560688734
250.5 102.9 2529.7 0.9581253529 -0.0493411496 0.2820660174 0.0220610294 0.9948341846 0.0990868509 -0.2854979634 -0.0887149572 0.9542644024
106.3 297.4 2552.0 0.4688228369 -0.8634766936 0.1860459745 0.7283664346 0.2587662041 -0.6344465017 0.4996873736 0.4329526424 0.7502429485
19.2 162.1 2459.3 -0.2780502141 -0.8634766936 -0.4208278060 -0.9603695869 0.2587662041 0.1035871953 0.0194508787 0.4329526424 -0.9012067914
375.4 303.7 2471.8 0.0988678113 0.4286429286 0.8980481029 -0.9828400016 0.1832930744 0.0207159966 -0.1557262391 -0.8846857548 0.4394091964
401.6 43.3 2430.6 -0.1698865592 0.4272404909 0.8880338669 -0.9479579926 0.1753907502 -0.2657323778 -0.2692845464 -0.8869631886 0.3752095103
164.0 -91.6 2580.9 -0.5596734285 -0.0569335781 0.8267552257 0.0474468321 0.9937993884 0.1005561054 -0.8273538947 0.0955054983 -0.5535017848
186.6 -486.6 2543.0 -0.5451954007 -0.1311396658 0.8279881477 -0.2478138506 0.9687587023 -0.0097395983 -0.8008434772 -0.2104969174 -0.5606610179
336.5 -91.9 2518.9 0.9477243423 0.0332915634 0.3173487484 0.0638815686 0.9546127319 -0.2909186482 -0.3126302958 0.2959834337 0.9025830030
323.3 -471.3 2401.3 0.9466380477 0.0543212555 0.3176879883 -0.0244914480 0.9949683547 -0.0971500203 -0.3213667870 0.0841852650 0.9432052970
93.8 419.6 2454.1 0 0 0 0 0 0 0 0 0
355.4 -214.4 2357.4 0 0 0 0 0 0 0 0 0
222.5 -752.0 2600.6 0 0 0 0 0 0 0 0 0
305.9 -789.7 2374.4 0 0 0 0 0 0 0 0 0
210.6 512.1 2518.3 3 0.9434218407 -0.1671572477 0.2863802910 0.1765085161 0.9842745066 -0.0069605755 -0.2807133198 0.0571153201 0.9580907226
246.8 298.9 2505.9 0.9434218407 -0.1671572477 0.2863802910 0.1765085161 0.9842745066 -0.0069605755 -0.2807133198 0.0571153201 0.9580907226
255.1 101.1 2522.8 0.9602968693 -0.0420069210 0.2757994831 0.0167830586 0.9955070019 0.0931889489 -0.2784748971 -0.0848602951 0.9566872120
111.8 296.5 2545.0 0.4848250151 -0.8473379612 0.2167097479 0.7151415348 0.2414204776 -0.6559639573 0.5035049915 0.4730058908 0.7230132222
20.4 161.7 2450.1 -0.2852681875 -0.8473379612 -0.4479290843 -0.9581959844 0.2414204776 0.1535468549 -0.0219668187 0.4730058908 -0.8807854056
381.8 301.3 2466.7 0.1075922847 0.4366607070 0.8931692839 -0.9831525683 0.1802570522 0.0303060804 -0.1477665752 -0.8813823462 0.4486983418
409.9 44.2 2428.1 -0.2123618126 0.4282031655 0.8783760667 -0.9443567395 0.1411231607 -0.2971104383 -0.2511828244 -0.8925952315 0.3744073808
172.5 -96.8 2573.6 -0.5523014069 -0.0410107747 0.8326351643 0.0324522592 0.9969744682 0.0706313252 -0.8330126405 0.0660306737 -0.5492994785
188.8 -492.9 2547.3 -0.5389713049 -0.1227561459 0.8333311677 -0.2307358831 0.9729984999 -0.0059021884 -0.8101054430 -0.1954605132 -0.5527425408
347.9 -92.7 2521.3 0.9494619370 0.0627445504 0.3075469136 0.0415124856 0.9461081624 -0.3211791813 -0.3111248910 0.3177144527 0.8956890106
323.0 -468.5 2395.1 0.9481557012 0.0514746159 0.3136098385 -0.0262325313 0.9961047173 -0.0841860771 -0.3167216778 0.0715947300 0.9458126426
98.0 422.6 2456.1 0 0 0 0 0 0 0 0 0
352.2 -212.3 2359.8 0 0 0 0 0 0 0 0 0
222.0 -756.3 2600.2 0 0 0 0 0 0 0 0 0
306.5 -788.0 2372.1 0 0 0 0 0 0 0 0 0
215.2 511.4 2516.5 4 0.9428052902 -0.1593079269 0.2928124964 0.1713718027 0.9850789905 -0.0158440638 -0.2859193683 0.0651176721 0.9560385942
249.3 300.7 2502.6 0.9428052902 -0.1593079269 0.2928124964 0.1713718027 0.9850789905 -0.0158440638 -0.2859193683 0.0651176721 0.9560385942
254.4 102.7 2518.7 0.9586535096 -0.0260275174 0.2833831608 0.0019350764 0.9963818789 0.0849672183 -0.2845693231 -0.0809057578 0.9552353621
114.4 300.4 2542.6 0.4634344876 -0.8728936911 0.1525943577 0.7111229897 0.2636073530 -0.6517785192 0.5287083983 0.4105700254 0.7428995371
23.5 160.9 2438.9 -0.2986727059 -0.8728936911 -0.3858123422 -0.9540922642 0.2636073530 0.1421938539 -0.0224171448 0.4105700254 -0.9115535021
384.1 301.0 2462.6 0.1106713414 0.4338222444 0.8941756487 -0.9834136963 0.1778860688 0.0354122594 -0.1436987668 -0.8832637072 0.4463136196
413.4 40.1 2424.4 -0.2215200365 0.4224103093 0.8789188862 -0.9457283616 0.1266888231 -0.2992454171 -0.2377535403 -0.8975073695 0.3714213073
175.4 -98.3 2565.2 -0.5564540029 -0.0477356873 0.8295060396 0.0303976331 0.9965103269 0.0777378231 -0.8303222060 0.0684725419 -0.5530611277
194.4 -494.4 2538.0 -0.5493400693 -0.1014786959 0.8294140100 -0.2381293029 0.9704507589 -0.0389840156 -0.8009493947 -0.2189232558 -0.5572725534
351.4 -95.2 2514.2 0.9490421414 0.0649966598 0.3083738089 0.0402037464 0.9455368519 -0.3230228424 -0.3125741780 0.3189601004 0.8947412372
325.6 -471.0 2387.4 0.9473075271 0.0596875250 0.3147155941 -0.0399184115 0.9968248010 -0.0688971058 -0.3178285956 0.0527038015 0.9466822743
106.2 425.0 2445.1 0 0 0 0 0 0 0 0 0
353.2 -217.0 2359.8 0 0 0 0 0 0 0 0 0
222.3 -761.7 2598.3 0 0 0 0 0 0 0 0 0
306.5 -790.1 2370.6 0 0 0 0 0 0 0 0 0
222.0 511.2 2514.1 5 0.9418067336 -0.1317172348 0.3092743158 0.1476382762 0.9886295199 -0.0285415910 -0.3019982874 0.0725413859 0.9505444765
249.9 301.6 2498.8 0.9418067336 -0.1317172348 0.3092743158 0.1476382762 0.9886295199 -0.0285415910 -0.3019982874 0.0725413859 0.9505444765
253.6 103.4 2512.7 0.9532374144 -0.0188840162 0.3016320169 -0.0030999884 0.9973825216 0.0722390637 -0.3022066653 -0.0697960258 0.9506837726
115.8 302.0 2541.3 0.4495647252 -0.8867011070 0.1079478115 0.7010133266 0.2753316462 -0.6578547359 0.5535990596 0.3714211285 0.7453686595
24.8 160.1 2429.2 -0.3080152571 -0.8867011070 -0.3448010385 -0.9508942962 0.2753316462 0.1413948387 -0.0304403119 0.3714211285 -0.9279654026
384.0 301.2 2456.3 0.1224052161 0.4208291173 0.8988435864 -0.9842661023 0.1677499413 0.0554993562 -0.1274252236 -0.8914946914 0.4347413182
416.4 40.4 2422.5 -0.2187260389 0.4134868383 0.8838481307 -0.9452545047 0.1350239813 -0.2970899642 -0.2421834767 -0.9004427791 0.3613170385
171.6 -95.5 2560.9 -0.5712333918 -0.0675027072 0.8180072308 0.0418770313 0.9929175377 0.1111801714 -0.8197186589 0.0977655426 -0.5643608570
198.5 -490.0 2522.1 -0.5717229843 -0.0886664838 0.8156415224 -0.2668886483 0.9601727128 -0.0826971680 -0.7758242488 -0.2649653256 -0.5726169348
347.4 -95.1 2508.7 0.9449316263 0.0514470600 0.3231986761 0.0570711903 0.9465299845 -0.3175277710 -0.3222530782 0.3184873760 0.8914699554
327.0 -471.4 2382.1 0.9435863495 0.0627115592 0.3251338899 -0.0485667065 0.9974940419 -0.0514481217 -0.3275455236 0.0327550620 0.9442674518
109.2 420.5 2437.6 0 0 0 0 0 0 0 0 0
357.0 -216.6 2356.6 0 0 0 0 0 0 0 0 0
223.5 -761.6 2597.0 0 0 0 0 0 0 0 0 0
307.3 -784.6 2371.8 0 0 0 0 0 0 0 0 0
223.6 516.9 2505.0 6 0.9433755279 -0.1254467219 0.3070923984 0.1330428869 0.9911028743 -0.0038386188 -0.3038786054 0.0444777198 0.9516719580
250.9 301.8 2495.3 0.9433755279 -0.1254467219 0.3070923984 0.1330428869 0.9911028743 -0.0038386188 -0.3038786054 0.0444777198 0.9516719580
255.4 103.6 2509.2 0.9532431960 -0.0230148267 0.3013266027 0.0008810220 0.9973032475 0.0733852684 -0.3022029400 -0.0696885362 0.9506928325
116.7 301.7 2537.8 0.4285333455 -0.8981374502 0.0985307992 0.7004240751 0.2613349855 -0.6641612053 0.5707585216 0.3536285758 0.7410678267
29.0 158.3 2421.0 -0.2966886461 -0.8981374502 -0.3245381117 -0.9537314177 0.2613349855 0.1486622244 -0.0487059616 0.3536285758 -0.9341170192
385.0 302.0 2452.8 0.1128932834 0.4223392308 0.8993801475 -0.9870570898 0.1514324993 0.0527877174 -0.1139010713 -0.8936989307 0.4339686334
415.2 37.9 2422.3 -0.1950366646 0.4218343794 0.8854470253 -0.9484075904 0.1489711553 -0.2798760533 -0.2499674112 -0.8943508267 0.3710160851
169.9 -94.6 2554.3 -0.5709704161 -0.0833263844 0.8167309761 0.0341122411 0.9915686846 0.1250116825 -0.8202616572 0.0992384925 -0.5633139014
203.1 -488.6 2514.9 -0.5765070915 -0.0734776109 0.8137816787 -0.2748035789 0.9553683400 -0.1084173322 -0.7694950104 -0.2861334980 -0.5709685683
344.8 -95.1 2498.9 0.9447892904 0.0393433571 0.3253080547 0.0632251278 0.9522228837 -0.2987878025 -0.3215210736 0.3028591573 0.8971624970
329.1 -473.6 2378.5 0.9433682561 0.0684651956 0.3246057034 -0.0563720725 0.9973251820 -0.0465255082 -0.3269228041 0.0255919918 0.9447044730
109.8 418.0 2434.3 0 0 0 0 0 0 0 0 0
362.2 -219.9 2354.4 0 0 0 0 0 0 0 0 0
223.9 -759.5 2596.0 0 0 0 0 0 0 0 0 0
307.9 -783.1 2370.5 0 0 0 0 0 0 0 0 0
228.3 517.0 2500.4 7 0.9409213066 -0.1395402104 0.3085378408 0.1455342919 0.9893465638 0.0036212935 -0.3057561815 0.0414954834 0.9512051940
257.8 307.6 2491.6 0.9409213066 -0.1395402104 0.3085378408 0.1455342919 0.9893465638 0.0036212935 -0.3057561815 0.0414954834 0.9512051940
258.0 109.1 2501.5 0.9522172213 -0.0010846845 0.3054197133 -0.0141632957 0.9987610579 0.0477044359 -0.3050930500 -0.0497507341 0.9510221481
123.9 309.6 2534.5 0.4481338263 -0.8877285123 0.1054238155 0.7037218213 0.2775775790 -0.6540078521 0.5513181090 0.3672720790 0.7491058111
29.4 161.1 2418.3 -0.3121718466 -0.8877285123 -0.3383590281 -0.9493016601 0.2775775790 0.1475702822 -0.0370814651 0.3672720790 -0.9293740988
391.8 305.6 2448.6 0.0941819921 0.4257181883 0.8999409676 -0.9902831316 0.1329652220 0.0407372639 -0.1023182571 -0.8950331211 0.4341044724
417.4 37.1 2420.9 -0.1876261681 0.4305123389 0.8828678131 -0.9478042126 0.1565602571 -0.2777697742 -0.2578053474 -0.8889027238 0.3786666095
172.5 -94.8 2550.8 -0.5694274902 -0.0878437981 0.8173345923 0.0253246631 0.9919275045 0.1242517382 -0.8216513991 0.0914510787 -0.5626061559
207.4 -489.0 2514.4 -0.5780514479 -0.0565700158 0.8140370846 -0.2650937438 0.9565021992 -0.1217738986 -0.7717394829 -0.2861877084 -0.5679038167
347.4 -94.6 2495.3 0.9457006454 0.0390435196 0.3226853907 0.0601777546 0.9545653462 -0.2918623984 -0.3194196224 0.2954329550 0.9003835320
331.9 -474.0 2377.9 0.9435046315 0.0768658146 0.3223207891 -0.0652172193 0.9967729449 -0.0468012542 -0.3248780668 0.0231363345 0.9454728961
114.4 419.7 2428.4 0 0 0 0 0 0 0 0 0
366.3 -220.6 2350.8 0 0 0 0 0 0 0 0 0
223.3 -757.8 2594.8 0 0 0 0 0 0 0 0 0
308.4 -778.5 2370.8 0 0 0 0 0 0 0 0 0
233.0 515.4 2497.6 8 0.9427231550 -0.1453901231 0.3002244532 0.1558489949 0.9877190590 -0.0110512739 -0.2949306667 0.0572079681 0.9538045526
263.9 305.5 2485.4 0.9427231550 -0.1453901231 0.3002244532 0.1558489949 0.9877190590 -0.0110512739 -0.2949306667 0.0572079681 0.9538045526
260.4 107.1 2495.4 0.9547909498 0.0176646188 0.2967527807 -0.0318196975 0.9985709190 0.0429373719 -0.2955702245 -0.0504387990 0.9539885521
129.6 310.0 2527.0 0.4560991824 -0.8808134198 0.1270484179 0.7105655670 0.2744917572 -0.6478818059 0.5357892513 0.3857745826 0.7510711551
33.4 160.1 2414.0 -0.3064030707 -0.8808134198 -0.3609499931 -0.9516366720 0.2744917572 0.1379925013 -0.0224678423 0.3857745826 -0.9223194718
398.3 301.0 2443.8 0.1100195572 0.4361844063 0.8931062818 -0.9895084500 0.1327236593 0.0570741594 -0.0936414823 -0.8900154829 0.4462103546
427.1 41.4 2419.2 -0.1855964810 0.4392139018 0.8790023327 -0.9501217604 0.1479630768 -0.2745461464 -0.2506443560 -0.8861140013 0.3898452520
170.9 -88.1 2539.4 -0.5602549314 -0.0923892111 0.8231516480 0.0301161706 0.9908310771 0.1317069978 -0.8277725577 0.0985796750 -0.5523356199
207.6 -482.0 2500.2 -0.5727602839 -0.0561944656 0.8177945018 -0.2909093499 0.9466441274 -0.1386963874 -0.7663663626 -0.3173438311 -0.5585476160
345.6 -90.6 2483.4 0.9504505396 0.0298530720 0.3094391525 0.0580765121 0.9608040452 -0.2710768878 -0.3054028749 0.2756163180 0.9114629626
333.7 -472.5 2373.8 0.9481127858 0.0798571482 0.3077417612 -0.0720641613 0.9967273474 -0.0366243944 -0.3096593320 0.0125469035 0.9507647753
116.6 418.5 2420.1 0 0 0 0 0 0 0 0 0
376.7 -217.0 2351.1 0 0 0 0 0 0 0 0 0
224.3 -763.8 2594.7 0 0 0 0 0 0 0 0 0
309.1 -779.6 2370.0 0 0 0 0 0 0 0 0 0
234.0 514.4 2496.2 9 0.9508320093 -0.1500970423 0.2709046304 0.1666153669 0.9852541685 -0.0389047712 -0.2610704303 0.0821287781 0.9618197083
266.2 302.8 2478.5 0.9508320093 -0.1500970423 0.2709046304 0.1666153669 0.9852541685 -0.0389047712 -0.2610704303 0.0821287781 0.9618197083
271.4 104.6 2488.9 0.9645956159 -0.0259929281 0.2624493837 0.0115730101 0.9983445406 0.0563408509 -0.2634793818 -0.0513088070 0.9632995725
130.7 301.2 2515.6 0.4498384893 -0.8789962530 0.1581484377 0.7143844366 0.2478594333 -0.6543856859 0.5360040069 0.4073466361 0.7394379377
40.6 158.0 2408.2 -0.2847404480 -0.8789962530 -0.3824767470 -0.9580883384 0.2478594333 0.1436400414 -0.0314585790 0.4073466361 -0.9127316475
401.8 304.5 2441.5 0.1154836938 0.4602338970 0.8802546859 -0.9879612327 0.1450554878 0.0537730269 -0.1029376015 -0.8758673668 0.4714447856
433.2 35.5 2413.5 -0.1598836780 0.4599578977 0.8734276891 -0.9573680758 0.1433989704 -0.2507649362 -0.2405899316 -0.8762850165 0.4174218774
169.3 -88.5 2532.6 -0.5364412665 -0.1037125587 0.8375407457 0.0319624580 0.9892113805 0.1429657340 -0.8433321714 0.1034625843 -0.5273389220
210.5 -481.7 2491.4 -0.5540333986 -0.0477876067 0.8311217427 -0.3111355603 0.9378905892 -0.1534792632 -0.7721668482 -0.3436241746 -0.5344911218
344.5 -94.3 2478.3 0.9564786553 0.0243185591 0.2907871902 0.0533612669 0.9651406407 -0.2562346160 -0.2868818045 0.2605997026 0.9218387008
334.8 -477.9 2374.7 0.9532608986 0.0876822919 0.2891461253 -0.0791886821 0.9960174561 -0.0409675874 -0.2915867269 0.0161556993 0.9564079642
117.9 418.4 2416.8 0 0 0 0 0 0 0 0 0
389.7 -224.7 2348.0 0 0 0 0 0 0 0 0 0
224.9 -763.4 2594.6 0 0 0 0 0 0 0 0 0
308.0 -782.5 2369.8 0 0 0 0 0 0 0 0 0
239.1 509.3 2496.0 0 0.9569030404 -0.1409179270 0.2539265454 0.1647790223 0.9834611416 -0.0751802176 -0.2391326576 0.1137819439 0.9642972946
268.9 301.6 2471.9 0.9569030404 -0.1409179270 0.2539265454 0.1647790223 0.9834611416 -0.0751802176 -0.2391326576 0.1137819439 0.9642972946
274.0 103.2 2482.1 0.9696971774 -0.0258272588 0.2429410815 0.0127149932 0.9983839989 0.0553872101 -0.2439789921 -0.0506198257 0.9684585333
132.5 299.8 2506.3 0.4491667449 -0.8804754615 0.1516977847 0.7315864563 0.2649893761 -0.6281415820 0.5128649473 0.3931203485 0.7631683350
43.4 154.6 2404.5 -0.2938734293 -0.8804754615 -0.3720234036 -0.9557424188 0.2649893761 0.1278163046 -0.0139568625 0.3931203485 -0.9193810821
405.2 303.4 2437.6 0.1411610842 0.4759342372 0.8680784106 -0.9845076203 0.1596128196 0.0725844055 -0.1040110365 -0.8648759127 0.4910919964
442.3 44.4 2410.3 -0.1568120569 0.4716559947 0.8677272797 -0.9603384733 0.1322921813 -0.2454562187 -0.2305644304 -0.8718023896 0.4322043955
188.2 -94.7 2523.4 -0.5198754668 -0.0621005408 0.8519818187 0.0384636372 0.9946408868 0.0959692225 -0.8533756733 0.0826623663 -0.5147007704
212.8 -489.8 2490.6 -0.5420731306 -0.0380042642 0.8394715190 -0.3163554966 0.9347120523 -0.1619647294 -0.7785087824 -0.3533681631 -0.5187051296
364.9 -92.6 2475.1 0.9595232010 0.0706792846 0.2726163268 0.0003179775 0.9677235484 -0.2520139515 -0.2816294134 0.2418999225 0.9285307527
336.8 -476.8 2379.0 0.9549266100 0.0950052887 0.2812279761 -0.0829577670 0.9950634837 -0.0544672497 -0.2850143611 0.0286821797 0.9580940008
123.3 414.4 2408.3 0 0 0 0 0 0 0 0 0
399.7 -216.8 2347.6 0 0 0 0 0 0 0 0 0
223.8 -758.4 2592.1 0 0 0 0 0 0 0 0 0
307.4 -784.7 2370.1 0 0 0 0 0 0 0 0 0
243.8 514.6 2494.9 1 0.9576475024 -0.1015379280 0.2694463134 0.1211169139 0.9909993410 -0.0570180193 -0.2612316310 0.0872376710 0.9613260031
264.6 312.1 2477.1 0.9576475024 -0.1015379280 0.2694463134 0.1211169139 0.9909993410 -0.0570180193 -0.2612316310 0.0872376710 0.9613260031
273.2 113.8 2478.4 0.9635416865 -0.0438029952 0.2639482319 0.0404130742 0.9990161657 0.0182619784 -0.2644884884 -0.0069292188 0.9643639326
129.1 306.4 2514.2 0.4024555981 -0.9117768407 0.0818076730 0.7490077019 0.2765902877 -0.6020674706 0.5263239741 0.3035800159 0.7942432165
42.0 144.3 2400.3 -0.2901246250 -0.9117768407 -0.2906728387 -0.9569886923 0.2765902877 0.0875808522 0.0005430944 0.3035800159 -0.9528058171
400.1 317.8 2439.9 0.1673177928 0.4568122625 0.8736860752 -0.9786790609 0.1840377301 0.0911995023 -0.1191301495 -0.8703175783 0.4778653979
446.6 45.7 2406.8 -0.1506568789 0.4506514668 0.8798953295 -0.9609761834 0.1421236098 -0.2373303771 -0.2320071906 -0.8813138604 0.4116534293
190.2 -96.3 2514.6 -0.5375835896 -0.0488867722 0.8417921066 0.0316919275 0.9964411259 0.0781069919 -0.8426147103 0.0686670467 -0.5341210365
209.6 -492.2 2487.3 -0.5569445491 -0.0515461266 0.8289485574 -0.3289190233 0.9301580787 -0.1631507874 -0.7626434565 -0.3635229170 -0.5350009799
368.0 -94.0 2469.8 0.9507443309 0.0743717328 0.3009221256 0.0010221013 0.9700334668 -0.2429692596 -0.3099745512 0.2313092053 0.9221777320
338.4 -479.4 2377.9 0.9457915425 0.0986385942 0.3094329238 -0.0833397731 0.9945712090 -0.0623109005 -0.3138993382 0.0331450552 0.9488775730
111.5 373.4 2400.1 0 0 0 0 0 0 0 0 0
405.6 -215.7 2343.7 0 0 0 0 0 0 0 0 0
224.5 -759.5 2591.8 0 0 0 0 0 0 0 0 0
307.9 -787.3 2367.7 0 0 0 0 0 0 0 0 0
249.6 515.4 2491.3 2 0.9459565878 -0.0735977441 0.3158314824 0.0907570124 0.9950714707 -0.0399490818 -0.3113347292 0.0664540157 0.9479739070
264.5 315.2 2478.0 0.9459565878 -0.0735977441 0.3158314824 0.0907570124 0.9950714707 -0.0399490818 -0.3113347292 0.0664540157 0.9479739070
272.4 116.7 2474.7 0.9486443996 -0.0407080837 0.3137143552 0.0438673608 0.9990327954 -0.0030148805 -0.3132881820 0.0166218691 0.9495126009
131.2 308.9 2521.9 0.3838872910 -0.9229815602 0.0271213837 0.7294024825 0.2851011157 -0.6218435168 0.5662177801 0.2585002184 0.7826717496
45.7 146.5 2395.9 -0.2928866148 -0.9229815602 -0.2496446371 -0.9561072588 0.2851011157 0.0676479414 0.0087361624 0.2585002184 -0.9659717083
397.7 321.4 2434.0 0.1928396374 0.4153185189 0.8890013695 -0.9752359986 0.1811154187 0.1269329488 -0.1082942411 -0.8914638162 0.4399598241
448.6 64.0 2405.4 -0.1226779819 0.4124543667 0.9026801586 -0.9663312435 0.1576384455 -0.2033568919 -0.2261725515 -0.8972354531 0.3792287707
193.5 -88.3 2504.0 -0.5799582601 -0.0255974922 0.8142439127 0.0352927111 0.9977783561 0.0565050840 -0.8138813376 0.0615074672 -0.5777663589
203.7 -484.8 2479.6 -0.5975990295 -0.0715698227 0.7985944748 -0.3414569795 0.9238915443 -0.1727179587 -0.7254533172 -0.3759017587 -0.5765547752
370.1 -80.8 2455.6 0.9337260127 0.0662371218 0.3518073261 0.0099375835 0.9775590897 -0.2104267776 -0.3578505218 0.1999770701 0.9121141434
343.8 -469.2 2376.2 0.9270663857 0.1122667789 0.3576927483 -0.0946198180 0.9932884574 -0.0665220246 -0.3627602756 0.0278255101 0.9314669967
118.8 385.2 2393.7 0 0 0 0 0 0 0 0 0
415.3 -198.7 2343.9 0 0 0 0 0 0 0 0 0
224.7 -757.1 2590.3 0 0 0 0 0 0 0 0 0
307.7 -788.5 2367.2 0 0 0 0 0 0 0 0 0
252.1 517.5 2484.1 3 0.9393262267 -0.1036211029 0.3269998133 0.1175358891 0.9928016663 -0.0230255388 -0.3222600222 0.0600627065 0.9447438717
272.6 320.8 2472.2 0.9393262267 -0.1036211029 0.3269998133 0.1175358891 0.9928016663 -0.0230255388 -0.3222600222 0.0600627065 0.9447438717
278.7 122.2 2470.4 0.9450846910 -0.0310552847 0.3253466785 0.0323505960 0.9994755387 0.0014290770 -0.3252204359 0.0091745602 0.9455937147
139.7 316.2 2517.9 0.3932639062 -0.9185253978 0.0406759232 0.7266995311 0.2834229767 -0.6257628798 0.5632506609 0.2756491303 0.7789520621
52.6 155.1 2393.0 -0.2971763611 -0.9185253978 -0.2607628107 -0.9547843337 0.2834229767 0.0897678286 -0.0085478546 0.2756491303 -0.9612203240
405.5 325.4 2426.4 0.1674140841 0.4087873697 0.8971428871 -0.9815350175 0.1545149982 0.1127568409 -0.0925284550 -0.8994542956 0.4271071255
449.2 69.1 2402.3 -0.0980647132 0.4102060497 0.9067052007 -0.9690246582 0.1681497395 -0.1808781624 -0.2266595513 -0.8963574171 0.3810102046
193.4 -85.8 2500.1 -0.5896283984 -0.0172525588 0.8074903488 0.0372670852 0.9981258512 0.0485379845 -0.8068144321 0.0587121882 -0.5878803730
200.3 -482.5 2476.7 -0.6039698720 -0.0872158036 0.7922208309 -0.3530055285 0.9204529524 -0.1677899212 -0.7145680189 -0.3809984028 -0.5867134929
367.2 -77.6 2442.7 0.9299870729 0.0596482158 0.3627204597 0.0080361683 0.9832119346 -0.1822901666 -0.3675043583 0.1724423766 0.9138950706
343.5 -468.2 2374.2 0.9234225154 0.1112545431 0.3673054278 -0.0959225148 0.9935909510 -0.0597989857 -0.3716042638 0.0199868660 0.9281760454
128.3 398.4 2395.2 0 0 0 0 0 0 0 0 0
422.5 -194.3 2340.7 0 0 0 0 0 0 0 0 0
226.3 -757.1 2590.4 0 0 0 0 0 0 0 0 0
307.5 -789.5 2367.7 0 0 0 0 0 0 0 0 0
259.6 518.5 2473.9 4 0.9353649616 -0.0689839423 0.3468913138 0.0762447566 0.9970623255 -0.0073088622 -0.3453680873 0.0332851000 0.9378768802
273.3 320.6 2467.3 0.9353649616 -0.0689839423 0.3468913138 0.0762447566 0.9970623255 -0.0073088622 -0.3453680873 0.0332851000 0.9378768802
279.2 121.9 2466.1 0.9376406670 -0.0301329605 0.3462976217 0.0304041132 0.9995268583 0.0046508308 -0.3462738991 0.0061680637 0.9381131530
141.4 316.3 2516.0 0.3853175938 -0.9224899411 0.0232951604 0.7212004662 0.2852998078 -0.6312478781 0.5756736994 0.2600314021 0.7752312422
57.4 159.1 2390.6 -0.2960593700 -0.9224899411 -0.2477118373 -0.9551666975 0.2852998078 0.0791236237 -0.0023186100 0.2600314021 -0.9655973911
405.1 324.9 2418.6 0.1861001104 0.3876359463 0.9028317332 -0.9783944488 0.1573402286 0.1341208816 -0.0900616795 -0.9082854390 0.4085418880
454.6 64.7 2394.7 -0.0876987725 0.3888434470 0.9171203375 -0.9714516401 0.1703460962 -0.1651179940 -0.2204329222 -0.9054186940 0.3628034592
198.2 -79.4 2498.3 -0.6075034738 -0.0088258982 0.7942679524 0.0433665477 0.9980783463 0.0442599617 -0.7931323051 0.0613327399 -0.6059533358
201.7 -476.2 2474.0 -0.6252620816 -0.0795853510 0.7763462067 -0.3395165205 0.9234538674 -0.1787777245 -0.7026918530 -0.3753652871 -0.6044212580
371.4 -73.4 2438.8 0.9216573834 0.0690248683 0.3818157613 0.0069540157 0.9809525013 -0.1941233128 -0.3879424632 0.1815703213 0.9036220908
344.0 -463.2 2366.6 0.9152993560 0.1085969061 0.3878580332 -0.0992959887 0.9940842986 -0.0440081805 -0.3903427124 0.0017679118 0.9206679463
133.6 405.0 2391.2 0 0 0 0 0 0 0 0 0
430.8 -199.5 2334.7 0 0 0 0 0 0 0 0 0
225.8 -755.5 2587.5 0 0 0 0 0 0 0 0 0
308.6 -787.7 2366.0 0 0 0 0 0 0 0 0 0
262.2 512.8 2459.8 5 0.9263945818 -0.0976445749 0.3636737168 0.1024886593 0.9947160482 0.0060045104 -0.3623383939 0.0317098871 0.9315070510
282.1 310.1 2453.4 0.9263945818 -0.0976445749 0.3636737168 0.1024886593 0.9947160482 0.0060045104 -0.3623383939 0.0317098871 0.9315070510
285.2 111.8 2462.0 0.9322763085 -0.0152735058 0.3614243567 -0.0013585262 0.9989534020 0.0457192287 -0.3617443740 -0.0431139618 0.9312798977
151.0 310.3 2504.2 0.4410861433 -0.8954952359 0.0594246984 0.6965995431 0.2998653650 -0.6517897248 0.5658552051 0.3288906217 0.7560680509
59.5 165.7 2386.7 -0.3191365302 -0.8954952359 -0.3102259636 -0.9476962090 0.2998653650 0.1093282923 -0.0048769414 0.3288906217 -0.9443554282
413.3 309.8 2402.6 0.1737026572 0.3747665286 0.9107016325 -0.9837523699 0.1086385846 0.1429296881 -0.0453720726 -0.9207321405 0.3875482976
456.9 62.8 2391.2 -0.0568376072 0.3812075257 0.9227406383 -0.9708650112 0.1943958998 -0.1401117742 -0.2327886671 -0.9038202763 0.3590520620
199.2 -79.5 2496.6 -0.6195409298 -0.0082334951 0.7849211693 0.0461762995 0.9978310466 0.0469139405 -0.7836049795 0.0653098598 -0.6178169847
202.5 -476.2 2470.7 -0.6401701570 -0.0761485696 0.7644498348 -0.3379801214 0.9215189219 -0.1912387609 -0.6898924708 -0.3807941973 -0.6156656742
371.2 -73.9 2433.1 0.9178047776 0.0715463981 0.3905322850 0.0049020438 0.9815124273 -0.1913357675 -0.3970016539 0.1775233001 0.9004860520
342.7 -464.1 2362.6 0.9121931791 0.1016393006 0.3969546854 -0.0973263606 0.9947679043 -0.0310540982 -0.3980340958 -0.0103068165 0.9173127413
141.7 409.8 2387.9 0 0 0 0 0 0 0 0 0
441.4 -201.1 2327.9 0 0 0 0 0 0 0 0 0
226.0 -760.3 2588.0 0 0 0 0 0 0 0 0 0
309.5 -788.9 2365.9 0 0 0 0 0 0 0 0 0
264.7 513.9 2452.3 6 0.9251836538 -0.1081737876 0.3637768924 0.1133320481 0.9935310483 0.0072051198 -0.3622030318 0.0345615186 0.9314582348
287.2 306.7 2445.1 0.9251836538 -0.1081737876 0.3637768924 0.1133320481 0.9935310483 0.0072051198 -0.3622030318 0.0345615186 0.9314582348
288.1 108.6 2459.5 0.9328328967 -0.0042046239 0.3602847159 -0.0221821330 0.9973649979 0.0690725073 -0.3596257865 -0.0724249929 0.9302816391
156.0 309.8 2495.6 0.4728760123 -0.8770795465 0.0843786746 0.6912100911 0.3098576665 -0.6528528333 0.5464584827 0.3670418262 0.7527704835
59.8 169.2 2384.4 -0.3330778778 -0.8770795465 -0.3461078107 -0.9428993464 0.3098576665 0.1221847087 0.0000784523 0.3670418262 -0.9302044511
418.4 303.5 2394.6 0.1689624935 0.3719024062 0.9127651453 -0.9843378067 0.1109387726 0.1370097995 -0.0503067747 -0.9216187596 0.3848221004
462.5 46.8 2381.5 -0.0680726096 0.3781859875 0.9232234359 -0.9714992046 0.1854746044 -0.1476093233 -0.2270582765 -0.9069589376 0.3547816575
202.9 -86.4 2503.7 -0.6176240444 -0.0022600777 0.7864702344 0.0669290125 0.9962172508 0.0554229431 -0.7836204767 0.0868682191 -0.6151364446
203.8 -482.4 2469.1 -0.6444225907 -0.0706379116 0.7613998652 -0.3356963098 0.9207752347 -0.1986980289 -0.6870425344 -0.3836446404 -0.6170812845
373.8 -86.7 2437.5 0.9207388163 0.0750361383 0.3828963339 0.0112478500 0.9758216143 -0.2182789743 -0.3900173306 0.2052846849 0.8976328373
344.0 -474.5 2355.9 0.9142103791 0.1096325219 0.3901283145 -0.1147050783 0.9933456779 -0.0103515089 -0.3886671364 -0.0352862403 0.9207023382
145.9 413.0 2384.4 0 0 0 0 0 0 0 0 0
444.0 -217.3 2319.7 0 0 0 0 0 0 0 0 0
225.1 -760.8 2585.1 0 0 0 0 0 0 0 0 0
309.5 -787.2 2367.0 0 0 0 0 0 0 0 0 0
269.2 512.4 2450.5 7 0.9287237525 -0.1050979793 0.3555652499 0.1163571775 0.9931533337 -0.0103645083 -0.3520415127 0.0509983301 0.9345939755
291.0 306.3 2440.0 0.9287237525 -0.1050979793 0.3555652499 0.1163571775 0.9931533337 -0.0103645083 -0.3520415127 0.0509983301 0.9345939755
293.9 108.3 2455.6 0.9365614653 -0.0145077081 0.3502030075 -0.0140431104 0.9967876077 0.0788495168 -0.3502219617 -0.0787653551 0.9333491325
159.2 308.3 2489.2 0.4936313331 -0.8647016883 0.0928391069 0.6849716902 0.3207966685 -0.6541431546 0.5358562469 0.3864977062 0.7506514788
59.2 169.4 2380.6 -0.3413870633 -0.8647016883 -0.3684370518 -0.9397823215 0.3207966685 0.1178928539 0.0162512250 0.3864977062 -0.9221471548
422.8 304.3 2390.7 0.1619433314 0.3765992224 0.9121115208 -0.9842625856 0.1278875321 0.1219504625 -0.0707212389 -0.9175062776 0.3913830519
465.8 42.6 2371.9 -0.1009143963 0.3802603781 0.9193575978 -0.9716061354 0.1611028612 -0.1732841283 -0.2140042335 -0.9107403159 0.3532057106
203.4 -87.4 2506.8 -0.6106114388 0.0009763092 0.7919297814 0.0750741363 0.9955670238 0.0566579849 -0.7883638740 0.0940494537 -0.6079779267
203.0 -483.2 2469.4 -0.6376273632 -0.0715193152 0.7670177817 -0.3340705633 0.9228549600 -0.1916651577 -0.6941384673 -0.3784490228 -0.6123301387
374.5 -91.5 2441.0 0.9242967367 0.0723047405 0.3747633696 0.0175305903 0.9728134274 -0.2309256941 -0.3812718689 0.2200136781 0.8979007602
345.8 -478.1 2353.5 0.9170670509 0.1160097495 0.3814836442 -0.1210578158 0.9925863743 -0.0108302552 -0.3799118698 -0.0362495035 0.9243121743
147.8 413.4 2376.4 0 0 0 0 0 0 0 0 0
438.4 -221.5 2313.8 0 0 0 0 0 0 0 0 0
224.6 -761.2 2583.5 0 0 0 0 0 0 0 0 0
310.0 -783.9 2364.7 0 0 0 0 0 0 0 0 0
274.2 513.6 2456.2 8 0.9113125205 -0.0720224902 0.4053668678 0.0858181342 0.9961833954 -0.0159350242 -0.4026720524 0.0493096150 0.9140151739
288.9 311.2 2446.1 0.9113125205 -0.0720224902 0.4053668678 0.0858181342 0.9961833954 -0.0159350242 -0.4026720524 0.0493096150 0.9140151739
294.6 113.0 2451.1 0.9148105979 -0.0304043889 0.4027370811 0.0176710021 0.9992206693 0.0352961607 -0.4034963846 -0.0251725353 0.9146348834
160.4 308.6 2502.7 0.4640592039 -0.8855528235 0.0211004373 0.6637493372 0.3318551481 -0.6703051329 0.5865883231 0.3250666559 0.7417855263
63.9 170.6 2380.8 -0.3363226950 -0.8855528235 -0.3204422295 -0.9407117963 0.3318551481 0.0702387765 0.0441402495 0.3250666559 -0.9446604252
417.3 313.9 2389.6 0.1945533156 0.3267750740 0.9248605371 -0.9766939282 0.1516760737 0.1518662274 -0.0906531289 -0.9328517914 0.3486683071
470.6 46.5 2364.8 -0.1553175598 0.3263399005 0.9324048162 -0.9656322002 0.1489631534 -0.2129893154 -0.2084008753 -0.9334411025 0.2919877172
210.9 -88.5 2503.4 -0.6563950181 0.0345249400 0.7536269426 0.0840454549 0.9960804582 0.0275698770 -0.7497212291 0.0814356506 -0.6567239165
197.2 -484.2 2471.0 -0.6804990172 -0.0846197456 0.7278465033 -0.3195662796 0.9281407595 -0.1908719838 -0.6593924761 -0.3624834120 -0.6586405039
382.7 -91.0 2439.2 0.8979724646 0.0864384919 0.4314786494 0.0212592892 0.9708518982 -0.2387353927 -0.4395378232 0.2235507369 0.8699606657
348.3 -477.0 2350.3 0.8899783492 0.1200129539 0.4399266541 -0.1241097674 0.9920756221 -0.0195644461 -0.4387884736 -0.0371872596 0.8978205919
150.2 412.1 2369.4 0 0 0 0 0 0 0 0 0
428.4 -215.7 2308.2 0 0 0 0 0 0 0 0 0
222.3 -760.4 2578.9 0 0 0 0 0 0 0 0 0
311.0 -785.4 2361.9 0 0 0 0 0 0 0 0 0
280.1 527.1 2442.5 9 0.8973767757 -0.0517052822 0.4382254481 0.0454446077 0.9986597300 0.0247704610 -0.4389188588 -0.0023134528 0.8985237479
290.5 325.6 2442.9 0.8973767757 -0.0517052822 0.4382254481 0.0454446077 0.9986597300 0.0247704610 -0.4389188588 -0.0023134528 0.8985237479
295.2 127.1 2449.2 0.8987935185 -0.0245645139 0.4376834333 0.0083327247 0.9992057085 0.0389679000 -0.4382930398 -0.0313769989 0.8982843161
164.2 324.3 2504.5 0.4452315569 -0.8950456381 -0.0257325321 0.6944356561 0.3632969260 -0.6211073995 0.5652680397 0.2586670220 0.7833029032
66.0 171.2 2379.8 -0.3531024158 -0.8950456381 -0.2724187672 -0.9315704703 0.3632969260 0.0138479620 0.0865743458 0.2586670220 -0.9620791078
416.8 326.8 2381.4 0.2040781826 0.2923677862 0.9342768192 -0.9755638838 0.1401000470 0.1692545116 -0.0814076513 -0.9459878802 0.3138148189
472.6 60.1 2359.2 -0.1570771188 0.2944862545 0.9426582456 -0.9659307003 0.1529802531 -0.2087460607 -0.2056809366 -0.9433317780 0.2604236305
216.6 -87.1 2492.9 -0.6841208935 0.0598215014 0.7269112468 0.0815404132 0.9966560602 -0.0052798269 -0.7247963548 0.0556606017 -0.6867110729
192.8 -483.0 2470.7 -0.7029302120 -0.1012989059 0.7040082812 -0.3200986981 0.9289577007 -0.1859419346 -0.6351581812 -0.3560563326 -0.6854180694
384.1 -83.6 2419.1 0.8807625771 0.0809301212 0.4665914178 0.0133854449 0.9806404710 -0.1953588277 -0.4733688533 0.1783102900 0.8626281619
352.0 -473.0 2348.3 0.8714578748 0.1276873052 0.4735579193 -0.1320963055 0.9909437895 -0.0241038725 -0.4723470211 -0.0415497422 0.8804327846
155.2 406.4 2357.9 0 0 0 0 0 0 0 0 0
429.9 -202.4 2303.3 0 0 0 0 0 0 0 0 0
223.5 -764.5 2578.7 0 0 0 0 0 0 0 0 0
311.7 -785.9 2361.4 0 0 0 0 0 0 0 0 0
284.2 523.1 2436.1 0 0.8950560689 -0.0354768373 0.4445402622 0.0268348977 0.9993089437 0.0257200189 -0.4451455176 -0.0110916663 0.8953895569
291.3 323.0 2438.3 0.8950560689 -0.0354768373 0.4445402622 0.0268348977 0.9993089437 0.0257200189 -0.4451455176 -0.0110916663 0.8953895569
295.4 124.4 2443.9 0.8956376910 -0.0207875166 0.4442983270 0.0061733858 0.9993920326 0.0343142450 -0.4447415173 -0.0279903058 0.8952215314
165.4 322.1 2500.9 0.4458877742 -0.8938241005 -0.0475661419 0.7012490034 0.3818585277 -0.6020247936 0.5562677979 0.2350797951 0.7970593572
70.2 172.4 2382.1 -0.3724146187 -0.8938241005 -0.2497715205 -0.9241502285 0.3818585277 0.0114211068 0.0851689279 0.2350797951 -0.9682374597
417.2 323.9 2375.8 0.2171033323 0.2855001092 0.9334644079 -0.9725930095 0.1448115706 0.1819131672 -0.0832402185 -0.9473749399 0.3091144860
473.1 73.8 2354.4 -0.1201372519 0.2877084613 0.9501531124 -0.9716307521 0.1623215228 -0.1720041931 -0.2037173510 -0.9438620210 0.2600454986
217.7 -72.1 2495.5 -0.6862615347 0.0845836625 0.7224200368 0.1231356859 0.9923895597 0.0007798029 -0.7168561220 0.0894908383 -0.6914540529
184.1 -466.2 2459.9 -0.7060799599 -0.1271362901 0.6966257691 -0.3365638852 0.9257868528 -0.1721726656 -0.6230375767 -0.3560267389 -0.6964690089
382.3 -70.5 2415.3 0.8781015873 0.0721874982 0.4729974866 0.0204156917 0.9820006490 -0.1877710223 -0.4780385494 0.1745385975 0.8608225584
353.6 -460.7 2345.9 0.8686307669 0.1288421005 0.4784143567 -0.1350114197 0.9906075001 -0.0216483418 -0.4767100811 -0.0457869880 0.8778673410
163.2 403.2 2360.8 0 0 0 0 0 0 0 0 0
440.4 -190.2 2299.1 0 0 0 0 0 0 0 0 0
225.6 -768.3 2576.1 0 0 0 0 0 0 0 0 0
311.9 -781.5 2360.7 0 0 0 0 0 0 0 0 0
286.4 512.5 2433.5 1 0.9026532769 -0.0753780380 0.4237160087 0.0739893168 0.9970633984 0.0197537467 -0.4239607155 0.0135196764 0.9055796862
300.9 321.8 2430.9 0.9026532769 -0.0753780380 0.4237160087 0.0739893168 0.9970633984 0.0197537467 -0.4239607155 0.0135196764 0.9055796862
304.0 123.2 2437.6 0.9060305357 -0.0159305409 0.4229123592 0.0001481145 0.9993031621 0.0373250917 -0.4232122600 -0.0337550342 0.9054015875
173.4 321.7 2490.4 0.4435670674 -0.8962231278 0.0056832116 0.7226895094 0.3539154530 -0.5936865807 0.5300642848 0.2674470246 0.8046762943
80.2 169.9 2379.0 -0.3508923650 -0.8962231278 -0.2714011669 -0.9344456792 0.3539154530 0.0394347794 0.0607107058 0.2674470246 -0.9616581202
428.3 321.8 2371.4 0.1753987968 0.3070341349 0.9353957772 -0.9798423648 0.1467295289 0.1355706304 -0.0956253707 -0.9403193593 0.3265812397
472.8 73.0 2347.1 -0.1019020751 0.3096450865 0.9453760386 -0.9721108079 0.1707882881 -0.1607231945 -0.2112262994 -0.9353883266 0.2836056650
217.3 -74.7 2490.2 -0.6686220765 0.0846777260 0.7387653589 0.1195922047 0.9928075075 -0.0055588689 -0.7339224815 0.0846337900 -0.6739398241
183.7 -469.2 2456.6 -0.6886357069 -0.1219490319 0.7147791982 -0.3390663564 0.9255012870 -0.1687642932 -0.6409484148 -0.3585746884 -0.6786820292
381.5 -73.6 2408.7 0.8897486329 0.0671381280 0.4514863193 0.0198359471 0.9825018644 -0.1851935238 -0.4560196996 0.1737313420 0.8728479147
354.8 -464.1 2339.7 0.8795828223 0.1349440068 0.4562062919 -0.1486289799 0.9888751507 -0.0059431065 -0.4519330859 -0.0625780225 0.8898541927
169.1 406.7 2363.6 0 0 0 0 0 0 0 0 0
445.1 -191.3 2289.7 0 0 0 0 0 0 0 0 0
223.0 -767.5 2572.1 0 0 0 0 0 0 0 0 0
311.7 -780.0 2359.6 0 0 0 0 0 0 0 0 0
286.8 511.4 2431.1 2 0.8748964071 -0.0616844669 0.4803658128 0.0562553778 0.9980854392 0.0257069468 -0.4810318351 0.0045322459 0.8766914010
298.8 317.3 2430.2 0.8748964071 -0.0616844669 0.4803658128 0.0562553778 0.9980854392 0.0257069468 -0.4810318351 0.0045322459 0.8766914010
304.4 118.7 2434.7 0.8768023849 -0.0288785640 0.4799828827 0.0142174112 0.9993155003 0.0341531709 -0.4806406200 -0.0231214687 0.8766127825
175.7 315.3 2497.7 0.4290565550 -0.9030589461 0.0198740698 0.7160963416 0.3266525269 -0.6168501973 0.5505601764 0.2788953483 0.7868296504
82.2 159.2 2377.7 -0.3179100454 -0.9030589461 -0.2888212204 -0.9449578524 0.3266525269 0.0187835637 0.0773815215 0.2788953483 -0.9571987391
421.9 319.4 2362.8 0.1956674010 0.2479284108 0.9488128424 -0.9764522910 0.1388941407 0.1650737375 -0.0908580720 -0.9587699771 0.2692673206
471.9 69.9 2339.6 -0.1004093885 0.2536728382 0.9620644450 -0.9697850347 0.1911306083 -0.1516116261 -0.2223397195 -0.9482189417 0.2268168032
224.0 -75.5 2483.1 -0.7131103277 0.1223954186 0.6902847290 0.1449415535 0.9891077876 -0.0256458502 -0.6859049201 0.0817626193 -0.7230831981
175.4 -468.3 2450.6 -0.7361007929 -0.1394889057 0.6623432040 -0.3381423652 0.9234629869 -0.1813168973 -0.5863577127 -0.3574337959 -0.7269289494
390.2 -75.4 2405.5 0.8570767045 0.0864936486 0.5078763366 0.0193628669 0.9797016382 -0.1995238364 -0.5148248076 0.1808411777 0.8380047083
355.8 -464.8 2333.6 0.8461346030 0.1375437975 0.5149154067 -0.1606595069 0.9870098233 0.0003544023 -0.5081778765 -0.0830259323 0.8572409153
163.7 401.6 2357.8 0 0 0 0 0 0 0 0 0
444.6 -193.8 2279.1 0 0 0 0 0 0 0 0 0
221.2 -771.4 2567.9 0 0 0 0 0 0 0 0 0
311.2 -785.1 2360.5 0 0 0 0 0 0 0 0 0
290.6 505.6 2422.4 3 0.8623420000 -0.0519312359 0.5036560893 0.0391189642 0.9985864162 0.0359846801 -0.5048128366 -0.0113285966 0.8631544709
300.7 309.9 2424.7 0.8623420000 -0.0519312359 0.5036560893 0.0391189642 0.9985864162 0.0359846801 -0.5048128366 -0.0113285966 0.8631544709
307.1 111.3 2430.3 0.8634240627 -0.0320429914 0.5034601688 0.0133777121 0.9990841150 0.0406447351 -0.5043014288 -0.0283584967 0.8630619049
179.4 308.0 2495.5 0.4381242990 -0.8960260749 0.0720028579 0.7319127917 0.3090801239 -0.6072669029 0.5218723416 0.3187582195 0.7912284732
82.6 146.3 2380.2 -0.2814948857 -0.8960260749 -0.3433626890 -0.9506467581 0.3090801239 -0.0272062849 0.1305041164 0.3187582195 -0.9388087392
422.1 311.8 2353.8 0.2076747566 0.2205628008 0.9530074596 -0.9738626480 0.1382405907 0.1802251786 -0.0919933468 -0.9655265808 0.2435069531
473.5 70.5 2331.0 -0.1084979996 0.2265950292 0.9679270983 -0.9698491693 0.1896111220 -0.1531020552 -0.2182219028 -0.9553545713 0.1991905719
229.8 -81.2 2483.2 0.8359501958 0.1540337056 0.5267455578 -0.0734493360 0.9825705886 -0.1707636714 -0.5438680053 0.1040608212 0.8326937556
168.7 -471.4 2441.9 0.8359501958 -0.1619428098 0.5243679881 -0.0734493360 0.9138624072 0.3993253708 -0.5438680053 -0.3723306060 0.7520488501
390.3 -78.6 2395.3 0.8421574235 0.0852216110 0.5324548483 0.0113886120 0.9844010472 -0.1755702794 -0.5391114950 0.1539217234 0.8280500770
356.5 -469.8 2334.1 0.8307955265 0.1380765587 0.5391787291 -0.1615729183 0.9868535995 -0.0037599627 -0.5326096416 -0.0839929208 0.8421829939
147.0 363.6 2350.4 0 0 0 0 0 0 0 0 0
444.0 -193.3 2271.7 0 0 0 0 0 0 0 0 0
221.7 -771.0 2564.0 0 0 0 0 0 0 0 0 0
312.3 -785.7 2361.0 0 0 0 0 0 0 0 0 0
294.2 516.2 2425.6 4 0.8405138254 -0.0526756719 0.5392233729 0.0378770307 0.9985402822 0.0385046639 -0.5404645205 -0.0119395228 0.8412820697
304.6 318.6 2428.0 0.8405138254 -0.0526756719 0.5392233729 0.0378770307 0.9985402822 0.0385046639 -0.5404645205 -0.0119395228 0.8412820697
313.0 120.0 2433.6 0.8413628340 -0.0421300717 0.5388261676 0.0199907068 0.9987008572 0.0468720719 -0.5401008725 -0.0286649037 0.8411119580
186.4 315.8 2503.9 0.4381142259 -0.8980511427 0.0394973829 0.7195459604 0.3240163028 -0.6142207384 0.5388038158 0.2975190282 0.7881451845
80.1 141.1 2373.1 -0.3087074459 -0.8980511427 -0.3133749068 -0.9460453391 0.3240163028 0.0034082148 0.0984778255 0.2975190282 -0.9496233463
422.8 321.4 2352.1 0.1924314499 0.1772432476 0.9651709795 -0.9751122594 0.1449079961 0.1678027213 -0.1101190820 -0.9734405279 0.2007169127
473.7 63.7 2323.0 -0.1113826483 0.1840378642 0.9765878916 -0.9681590199 0.2015981972 -0.1484124660 -0.2241918743 -0.9620229602 0.1557233781
234.3 -88.5 2482.0 0.8194200397 0.1771756709 0.5451233983 -0.0791537836 0.9768939614 -0.1985268593 -0.5677018762 0.1195283160 0.8145106435
