332.3 510.1 2512.3  0.9245359302 -0.1828119755 0.3343847096 0.1957022399 0.9806507826 -0.0049614739 -0.3270076215 0.0700268969 0.9424235821
370.2 307.0 2497.8 0.9245359302 -0.1828119755 0.3343847096 0.1957022399 0.9806507826 -0.0049614739 -0.3270076215 0.0700268969 0.9424235821
369.2 108.9 2515.0 0.9451242089 0.0044682189 0.3266807199 -0.0325119160 0.9962295294 0.0804345757 -0.3250895739 -0.0866416767 0.9417058825
237.2 311.5 2543.5 0.4484283626 -0.8865712285 0.1135935262 0.7151103616 0.2796190977 -0.6406483650 0.5362175107 0.3685168028 0.7593854070
145.0 164.4 2433.2 -0.3204378188 -0.8865712285 -0.3336331546 -0.9457697868 0.2796190977 0.1653258055 -0.0532828942 0.3685168028 -0.9280928373
503.1 302.4 2452.0 0.1027104482 0.4089802504 0.9067445397 -0.9924547672 0.1034998372 0.0657363608 -0.0669630393 -0.9066547751 0.4165249467
529.6 46.8 2434.8 -0.0696690530 0.4240417182 0.9029589295 -0.9501849413 0.2474495769 -0.1895185113 -0.3038005531 -0.8711815476 0.3856784701
282.9 -85.7 2559.9 -0.5708561540 0.1191988885 0.8123514652 0.1545405388 0.9873203039 -0.0362737998 -0.8063749075 0.1048341021 -0.5820389390
235.5 -478.2 2518.2 -0.6071717143 0.0020050118 0.7945681214 -0.1845024079 0.9723082781 -0.1434416175 -0.7728527188 -0.2336934209 -0.5899881721
455.1 -90.6 2496.8 0.9412861466 0.0697189718 0.3303326368 -0.0317784920 0.9923976660 -0.1188992113 -0.3361108601 0.1014207080 0.9363457561
427.4 -485.1 2456.5 0.9392485619 0.0630700961 0.3373933733 -0.1108230427 0.9860505462 0.1241876334 -0.3248543739 -0.1540340185 0.9331361651
229.4 413.5 2447.2 0 0 0 0 0 0 0 0 0
511.5 -200.2 2355.8 0 0 0 0 0 0 0 0 0
235.0 -758.0 2585.5 0 0 0 0 0 0 0 0 0
409.2 -768.7 2500.8 0 0 0 0 0 0 0 0 0
330.5 512.1 2512.0  0.9277735949 -0.1641116440 0.3351172209 0.1754388809 0.9844837785 -0.0035876918 -0.3293286860 0.0621211529 0.9421696067
365.1 304.5 2498.9 0.9277735949 -0.1641116440 0.3351172209 0.1754388809 0.9844837785 -0.0035876918 -0.3293286860 0.0621211529 0.9421696067
366.4 106.3 2513.2 0.9443933964 -0.0067756707 0.3287478983 -0.0173090808 0.9973770976 0.0702802390 -0.3283618391 -0.0720625147 0.9417991042
232.2 306.9 2545.1 0.4538082778 -0.8839974403 0.1122791767 0.7013946176 0.2766323388 -0.6569019556 0.5496395826 0.3768595457 0.7455690503
142.2 167.8 2436.1 -0.3140376210 -0.8839974403 -0.3463076055 -0.9485524893 0.2766323388 0.1540217102 -0.0403549038 0.3768595457 -0.9253908992
498.0 302.1 2452.7 0.1148503944 0.4062092900 0.9065337181 -0.9909774661 0.1103171334 0.0761166513 -0.0690869093 -0.9070965648 0.4152142107
527.5 47.2 2435.0 -0.0622446202 0.4199396670 0.9054149985 -0.9501102567 0.2528763115 -0.1826036125 -0.3056404889 -0.8716101646 0.3832488060
281.6 -86.1 2562.0 -0.5746111274 0.1220661774 0.8092724681 0.1638804227 0.9859495163 -0.0323544666 -0.8018511534 0.1140326783 -0.5865417719
233.1 -478.1 2516.7 -0.6114985943 -0.0056215841 0.7912255526 -0.1891215146 0.9720291495 -0.1392563581 -0.7683115005 -0.2347928435 -0.5954576135
455.0 -92.0 2502.4 0.9395177364 0.0764380023 0.3338617980 -0.0310014654 0.9897557497 -0.1393646151 -0.3410943747 0.1205853224 0.9322627187
424.6 -485.5 2454.4 0.9381555319 0.0526658930 0.3421848714 -0.1019588038 0.9865589142 0.1276947409 -0.3308603764 -0.1546862870 0.9309154749
225.6 419.7 2446.8 0 0 0 0 0 0 0 0 0
511.4 -199.7 2355.5 0 0 0 0 0 0 0 0 0
234.7 -754.7 2583.5 0 0 0 0 0 0 0 0 0
409.5 -768.2 2498.8 0 0 0 0 0 0 0 0 0
329.4 510.1 2512.4  0.9346868396 -0.1445119530 0.3247720003 0.1581326574 0.9872915745 -0.0157928895 -0.3183623850 0.0661184639 0.9456604719
359.8 302.3 2498.5 0.9346868396 -0.1445119530 0.3247720003 0.1581326574 0.9872915745 -0.0157928895 -0.3183623850 0.0661184639 0.9456604719
363.4 104.0 2511.0 0.9478714466 -0.0177420583 0.3181586564 -0.0031801707 0.9978723526 0.0651206598 -0.3186371028 -0.0627378076 0.9457982779
226.5 302.8 2543.3 0.4426191151 -0.8899829984 0.1096290872 0.6947603822 0.2630702853 -0.6694042087 0.5669182539 0.3724570572 0.7347648740
141.8 169.8 2434.8 -0.3084069192 -0.8899829984 -0.3358800411 -0.9489125609 0.2630702853 0.1742381603 -0.0667089447 0.3724570572 -0.9256487489
493.2 301.9 2453.7 0.1326016337 0.4134769142 0.9008072019 -0.9878532887 0.1294116527 0.0860142186 -0.0810100585 -0.9012710452 0.4256147444
527.3 47.9 2432.8 -0.0695284158 0.4236516356 0.9031528831 -0.9543288946 0.2354431748 -0.1839100122 -0.2905549407 -0.8746918440 0.3879329860
281.1 -90.4 2557.7 -0.5708060265 0.1243732274 0.8116106391 0.1426782459 0.9884477854 -0.0511265285 -0.8085935116 0.0866158530 -0.5819572806
231.7 -483.2 2523.2 -0.5984935164 -0.0126978178 0.8010270000 -0.1807528138 0.9762325883 -0.1195757017 -0.7804703116 -0.2163531631 -0.5865640640
454.4 -93.5 2497.4 0.9422797561 0.0756829008 0.3261609674 -0.0311451051 0.9897074699 -0.1396749914 -0.3333749473 0.1214545965 0.9349384904
424.3 -487.0 2449.2 0.9411680102 0.0521994904 0.3338831365 -0.1118803099 0.9804119468 0.1620961428 -0.3188816905 -0.1899146587 0.9285725355
224.6 424.7 2452.8 0 0 0 0 0 0 0 0 0
509.2 -200.1 2357.3 0 0 0 0 0 0 0 0 0
235.3 -758.1 2584.2 0 0 0 0 0 0 0 0 0
409.1 -772.5 2504.5 0 0 0 0 0 0 0 0 0
329.2 511.8 2513.6  0.9331432581 -0.1298283339 0.3352435827 0.1429607570 0.9896194339 -0.0146825258 -0.3298573494 0.0616275780 0.9420170784
356.8 301.6 2500.5 0.9331432581 -0.1298283339 0.3352435827 0.1429607570 0.9896194339 -0.0146825258 -0.3298573494 0.0616275780 0.9420170784
362.8 103.2 2511.8 0.9438662529 -0.0303821042 0.3289276958 0.0099333245 0.9979214668 0.0636712089 -0.3301784694 -0.0568297617 0.9422062039
224.0 300.2 2546.9 0.4372406304 -0.8950257897 0.0880310833 0.6754540205 0.2621861994 -0.6892171502 0.5937865973 0.3608146906 0.7191872001
140.3 171.0 2433.4 -0.3098259270 -0.8950257897 -0.3208375871 -0.9474127293 0.2621861994 0.1834872365 -0.0801066309 0.3608146906 -0.9291908741
489.6 303.0 2454.1 0.1459365189 0.4011268616 0.9043228030 -0.9856496453 0.1373439729 0.0981396511 -0.0848368406 -0.9056676626 0.4154140651
527.3 48.5 2432.1 -0.0760214254 0.4117977917 0.9080987573 -0.9516253471 0.2419553101 -0.1893853396 -0.2977077663 -0.8785671592 0.3734834492
279.9 -94.1 2552.7 -0.5836941600 0.1257973313 0.8021696210 0.1290442050 0.9897414446 -0.0613143146 -0.8016537428 0.0677265301 -0.5939397216
229.9 -487.4 2525.7 -0.6077697873 -0.0164946765 0.7939419150 -0.1783197820 0.9770866036 -0.1162057891 -0.7738332748 -0.2122019231 -0.5967850685
453.8 -94.6 2494.2 0.9374367595 0.0775936618 0.3393987417 -0.0317321382 0.9898328185 -0.1386507303 -0.3467064202 0.1192064434 0.9303679466
423.0 -488.2 2446.8 0.9368832707 0.0429839194 0.3469901383 -0.1066645607 0.9802436829 0.1665682048 -0.3329751194 -0.1930665076 0.9229587913
224.2 427.5 2455.1 0 0 0 0 0 0 0 0 0
507.5 -198.9 2354.8 0 0 0 0 0 0 0 0 0
234.5 -758.7 2584.7 0 0 0 0 0 0 0 0 0
410.7 -769.0 2502.1 0 0 0 0 0 0 0 0 0
327.2 513.9 2514.2  0.9361678958 -0.1140696779 0.3325323462 0.1249024943 0.9921045899 -0.0113091432 -0.3286168277 0.0521213748 0.9430240393
351.7 300.6 2503.0 0.9361678958 -0.1140696779 0.3325323462 0.1249024943 0.9921045899 -0.0113091432 -0.3286168277 0.0521213748 0.9430240393
362.6 102.4 2511.8 0.9436160326 -0.0547097884 0.3264898658 0.0371021107 0.9975133538 0.0599209964 -0.3289562762 -0.0444289483 0.9432994127
219.0 295.4 2549.2 0.4295024574 -0.9003837705 0.0695468113 0.6598312259 0.2603074908 -0.7048849463 0.6165633798 0.3486389518 0.7059040070
138.5 171.8 2433.7 -0.3074336648 -0.9003837705 -0.3078857660 -0.9476366043 0.2603074908 0.1849996895 -0.0864257440 0.3486389518 -0.9332638979
484.5 305.9 2456.7 0.1602484286 0.3993051946 0.9027047157 -0.9824422598 0.1530379206 0.1067081988 -0.0955389217 -0.9039550424 0.4168183804
526.0 51.3 2432.0 -0.0703092515 0.4069268703 0.9107508659 -0.9548764229 0.2366576642 -0.1794552356 -0.2885613441 -0.8822718859 0.3719256520
282.3 -96.0 2553.4 -0.5851231217 0.1319891214 0.8001310825 0.1322345734 0.9889891148 -0.0664419904 -0.8000905514 0.0669282451 -0.5961339474
229.8 -489.2 2526.7 -0.6083199382 -0.0221563578 0.7933825850 -0.1801965833 0.9773622751 -0.1108700782 -0.7729657292 -0.2104093134 -0.5985414386
455.4 -94.2 2492.8 0.9351972342 0.0913157985 0.3421512842 -0.0458749011 0.9892801642 -0.1386369914 -0.3511432409 0.1139567792 0.9293612242
419.1 -487.5 2447.5 0.9349094629 0.0282756183 0.3537580073 -0.0926128328 0.9817183614 0.1662885994 -0.3425888419 -0.1882273257 0.9204365015
222.7 431.4 2457.4 0 0 0 0 0 0 0 0 0
507.7 -197.0 2356.9 0 0 0 0 0 0 0 0 0
235.9 -759.5 2584.9 0 0 0 0 0 0 0 0 0
411.0 -767.4 2501.1 0 0 0 0 0 0 0 0 0
325.3 513.8 2521.5  0.9292960763 -0.1334664077 0.3443770707 0.1538981199 0.9875501990 -0.0325577483 -0.3357442617 0.0832547694 0.9382666945
353.5 304.8 2503.9 0.9292960763 -0.1334664077 0.3443770707 0.1538981199 0.9875501990 -0.0325577483 -0.3357442617 0.0832547694 0.9382666945
361.0 106.4 2512.8 0.9408110976 -0.0376087092 0.3368384242 0.0202322155 0.9982840419 0.0549506359 -0.3383270502 -0.0448831804 0.9399576187
221.2 301.9 2551.5 0.4213267565 -0.9007535577 0.1054834723 0.6819400787 0.2379857004 -0.6916072369 0.5978640914 0.3633260429 0.7145296931
136.7 165.3 2431.6 -0.2886506319 -0.9007535577 -0.3245363235 -0.9530674815 0.2379857004 0.1871502399 -0.0913412496 0.3633260429 -0.9271736145
485.9 307.6 2456.3 0.1482789516 0.3937705159 0.9071704149 -0.9851006269 0.1396217644 0.1004119441 -0.0871214792 -0.9085431099 0.4086065292
525.1 46.8 2433.2 -0.0707010701 0.4047273993 0.9117001295 -0.9498810768 0.2517008781 -0.1853985339 -0.3045115769 -0.8791145682 0.3666473925
286.9 -99.2 2550.8 -0.5918306708 0.1459183097 0.7927447557 0.1337687969 0.9876207113 -0.0819222853 -0.7948850989 0.0575603992 -0.6040235758
228.9 -491.8 2527.9 -0.6159693003 -0.0232847221 0.7874259353 -0.1837597787 0.9762351513 -0.1148793921 -0.7660379410 -0.2154594064 -0.6056096554
460.0 -92.4 2490.5 0.9304072857 0.1074576676 0.3504213691 -0.0654070675 0.9893889427 -0.1297358721 -0.3606441319 0.0977871716 0.9275631905
417.3 -485.7 2451.6 0.9302201271 0.0187619627 0.3665221930 -0.0832017362 0.9834706187 0.1608199775 -0.3574464917 -0.1800932735 0.9164051414
216.3 427.8 2456.8 0 0 0 0 0 0 0 0 0
506.7 -201.4 2353.6 0 0 0 0 0 0 0 0 0
235.2 -753.4 2585.7 0 0 0 0 0 0 0 0 0
411.8 -773.3 2504.3 0 0 0 0 0 0 0 0 0
325.6 511.1 2516.6  0.9323905706 -0.1281795949 0.3379612863 0.1397725940 0.9901322722 -0.0100837015 -0.3333338499 0.0566396751 0.9411059618
352.2 305.6 2504.9 0.9323905706 -0.1281795949 0.3379612863 0.1397725940 0.9901322722 -0.0100837015 -0.3333338499 0.0566396751 0.9411059618
359.0 107.1 2511.1 0.9420282841 -0.0340788066 0.3337984085 0.0216278154 0.9989271760 0.0409475751 -0.3348357379 -0.0313544422 0.9417546988
219.7 302.6 2552.0 0.4236142635 -0.8999074697 0.1035253331 0.6792943478 0.2399825156 -0.6935182810 0.5992580056 0.3641084135 0.7129620314
133.8 164.9 2430.5 -0.2982804477 -0.8999074697 -0.3181121051 -0.9478247166 0.2399825156 0.2098491043 -0.1125034243 0.3641084135 -0.9245366454
484.8 308.7 2457.8 0.1437653899 0.3987255394 0.9057314396 -0.9854717851 0.1413122863 0.0942132697 -0.0904257521 -0.9061174393 0.4132485986
524.2 38.7 2433.0 -0.0737808868 0.4081004858 0.9099507332 -0.9538394809 0.2374708652 -0.1838419288 -0.2911127806 -0.8815109730 0.3717415333
282.2 -93.9 2552.8 -0.5910774469 0.1247937456 0.7969027162 0.1291059405 0.9898591042 -0.0592501573 -0.7962154746 0.0678634420 -0.6011950374
232.6 -487.3 2525.8 -0.6187689900 -0.0032265659 0.7855663896 -0.1725334078 0.9761337638 -0.1318905205 -0.7663922906 -0.2171462029 -0.6045579910
454.8 -90.2 2490.7 0.9317918420 0.0982706547 0.3494378328 -0.0600569807 0.9911260605 -0.1185847521 -0.3579903245 0.0895101279 0.9294250011
415.7 -484.2 2455.1 0.9317113161 0.0131589593 0.3629612923 -0.0689214990 0.9875912070 0.1411149651 -0.3566004634 -0.1564942449 0.9210568070
215.0 423.0 2461.1 0 0 0 0 0 0 0 0 0
504.7 -213.0 2356.2 0 0 0 0 0 0 0 0 0
233.5 -751.1 2584.5 0 0 0 0 0 0 0 0 0
411.8 -776.7 2501.5 0 0 0 0 0 0 0 0 0
323.3 513.8 2523.2  0.9362763166 -0.1288410425 0.3267822862 0.1530169100 0.9869945645 -0.0492704175 -0.3161843121 0.0961339474 0.9438144565
350.4 306.0 2503.0 0.9362763166 -0.1288410425 0.3267822862 0.1530169100 0.9869945645 -0.0492704175 -0.3161843121 0.0961339474 0.9438144565
357.5 107.5 2510.5 0.9471591115 -0.0357261412 0.3187682927 0.0217069779 0.9986389279 0.0474248938 -0.3200287223 -0.0379994251 0.9466454983
217.1 302.9 2548.0 0.4193859994 -0.8976330757 0.1355368942 0.6945853829 0.2211530209 -0.6845746636 0.5845224857 0.3812429607 0.7162312865
135.3 167.5 2434.0 -0.2761496007 -0.8976330757 -0.3435058296 -0.9563663602 0.2211530209 0.1909310818 -0.0954186991 0.3812429607 -0.9195374250
483.7 309.1 2457.9 0.1468534619 0.4100188911 0.9001769423 -0.9838511348 0.1546895206 0.0900448784 -0.1023278460 -0.8988635540 0.4261142313
523.7 41.2 2430.1 -0.0983367637 0.4162001014 0.9039399028 -0.9572349191 0.2087915242 -0.2002682239 -0.2720866501 -0.8849765658 0.3778693974
279.4 -93.4 2548.1 -0.5793357491 0.1239304319 0.8056123853 0.1176624373 0.9907367826 -0.0677948594 -0.8065516949 0.0555143245 -0.5885512233
230.1 -487.2 2526.0 -0.6025332212 -0.0147380130 0.7979577184 -0.1827052683 0.9758247733 -0.1199365258 -0.7768992782 -0.2180568129 -0.5906595588
452.2 -89.5 2486.6 0.9371682405 0.0954410732 0.3355691731 -0.0632467642 0.9923933744 -0.1056182608 -0.3430969417 0.0777584240 0.9360759258
414.3 -484.0 2455.7 0.9371848702 0.0131745627 0.3485842049 -0.0620503165 0.9896462560 0.1294219792 -0.3432699740 -0.1429220885 0.9282990098
210.6 428.0 2460.0 0 0 0 0 0 0 0 0 0
497.6 -212.6 2357.9 0 0 0 0 0 0 0 0 0
234.1 -753.4 2585.5 0 0 0 0 0 0 0 0 0
410.4 -774.1 2497.6 0 0 0 0 0 0 0 0 0
323.1 513.5 2526.5  0.9398284554 -0.1271095723 0.3171208203 0.1558504701 0.9855149388 -0.0668651462 -0.3040280938 0.1122651920 0.9460250735
349.8 306.4 2502.9 0.9398284554 -0.1271095723 0.3171208203 0.1558504701 0.9855149388 -0.0668651462 -0.3040280938 0.1122651920 0.9460250735
354.1 107.8 2510.1 0.9508049488 -0.0217216983 0.3090277612 0.0094821956 0.9991119504 0.0410535559 -0.3096450865 -0.0361036621 0.9501665235
216.0 305.1 2546.5 0.4259544611 -0.8928168416 0.1464269012 0.7049850225 0.2260941565 -0.6722183824 0.5670616031 0.3895631731 0.7257283330
131.4 165.1 2433.9 -0.2802901566 -0.8928168416 -0.3525839746 -0.9559107423 0.2260941565 0.1873928010 -0.0875902772 0.3895631731 -0.9168252349
483.6 307.8 2459.3 0.1473479718 0.4195443094 0.8956959248 -0.9823871851 0.1672852784 0.0832527801 -0.1149085090 -0.8921872973 0.4368041158
523.3 42.9 2428.4 -0.1005980149 0.4250463247 0.8995641470 -0.9542102218 0.2147927433 -0.2081991732 -0.2817141414 -0.8793177605 0.3839758337
277.7 -93.0 2547.4 -0.5714500546 0.1209143773 0.8116800785 0.1072090417 0.9916086793 -0.0722392127 -0.8136037588 0.0457383431 -0.5796179175
229.6 -487.2 2529.3 -0.5920391679 -0.0141322585 0.8057852983 -0.1791098416 0.9771481156 -0.1144606769 -0.7857539654 -0.2120892853 -0.5810411572
451.5 -89.0 2488.7 0.9415472746 0.0945472792 0.3233411908 -0.0592796803 0.9913311601 -0.1172539815 -0.3316242397 0.0912326053 0.9389898777
413.9 -483.1 2452.5 0.9415482879 0.0077192122 0.3367896378 -0.0591537617 0.9879925847 0.1427288502 -0.3316439092 -0.1543084830 0.9306992888
207.8 425.6 2457.8 0 0 0 0 0 0 0 0 0
496.6 -210.7 2353.5 0 0 0 0 0 0 0 0 0
233.5 -755.1 2587.4 0 0 0 0 0 0 0 0 0
411.6 -779.8 2498.8 0 0 0 0 0 0 0 0 0
318.9 516.1 2528.1  0.9401442409 -0.1270601153 0.3162033558 0.1576639116 0.9847869277 -0.0730532184 -0.3021107614 0.1185344160 0.9458745718
346.1 305.6 2502.8 0.9401442409 -0.1270601153 0.3162033558 0.1576639116 0.9847869277 -0.0730532184 -0.3021107614 0.1185344160 0.9458745718
354.1 107.1 2509.4 0.9510805011 -0.0401881002 0.3063181043 0.0279690698 0.9986321330 0.0441772491 -0.3076744974 -0.0334486887 0.9509035945
212.3 301.7 2546.1 0.4318028390 -0.8975366950 0.0892986283 0.6915687323 0.2658936083 -0.6715900898 0.5790328383 0.3517506421 0.7355219126
128.7 167.9 2434.1 -0.3039192855 -0.8975366950 -0.3194698393 -0.9510148168 0.2658936083 0.1577065736 -0.0566024445 0.3517506421 -0.9343808889
479.9 309.5 2459.5 0.1582245827 0.4184809029 0.8943369985 -0.9802429676 0.1754521281 0.0913248286 -0.1186956391 -0.8911174536 0.4379738271
523.1 42.2 2427.1 -0.1058359817 0.4221708775 0.9003168941 -0.9557163119 0.2068416029 -0.2093392611 -0.2745999396 -0.8826031685 0.3815842867
271.2 -91.6 2545.6 -0.5721297860 0.1057922393 0.8133114576 0.0948902890 0.9935249090 -0.0624824166 -0.8146553636 0.0414273106 -0.5784638524
229.2 -486.6 2529.2 -0.5900696516 -0.0143651161 0.8072245121 -0.1751022041 0.9783198237 -0.1105873510 -0.7881351709 -0.2066010237 -0.5797922015
445.7 -89.9 2488.8 0.9424722791 0.0814142749 0.3242186904 -0.0493744612 0.9931541085 -0.1058632955 -0.3306179345 0.0837650970 0.9400399923
413.3 -484.7 2455.5 0.9424389005 0.0092077646 0.3342516720 -0.0541383401 0.9906335473 0.1253563017 -0.3299666643 -0.1362364888 0.9341100454
211.4 426.6 2449.5 0 0 0 0 0 0 0 0 0
494.9 -212.2 2354.0 0 0 0 0 0 0 0 0 0
233.1 -756.8 2586.2 0 0 0 0 0 0 0 0 0
410.6 -778.1 2495.9 0 0 0 0 0 0 0 0 0
314.4 519.3 2520.5  0.9358912110 -0.1469148248 0.3201932013 0.1627599001 0.9863942862 -0.0231410470 -0.3124369979 0.0737721175 0.9470695853
345.9 307.4 2504.6 0.9358912110 -0.1469148248 0.3201932013 0.1627599001 0.9863942862 -0.0231410470 -0.3124369979 0.0737721175 0.9470695853
351.5 108.8 2510.9 0.9487597942 -0.0280529987 0.3147504628 0.0167289078 0.9991138577 0.0386224166 -0.3155550063 -0.0313779637 0.9483883381
212.4 305.0 2549.0 0.4329308867 -0.8942341208 0.1136494577 0.6904356480 0.2478942871 -0.6795932651 0.5795423985 0.3726845682 0.7247322202
126.5 168.0 2434.0 -0.2985329926 -0.8942341208 -0.3335017562 -0.9507004023 0.2478942871 0.1863255203 -0.0839454532 0.3726845682 -0.9241533279
479.4 309.7 2460.2 0.1546629518 0.4119124413 0.8980019689 -0.9798434973 0.1802754700 0.0860663801 -0.1264359057 -0.8932126760 0.4314916730
522.6 36.2 2424.9 -0.1249213889 0.4131420851 0.9020578265 -0.9570538998 0.1895563453 -0.2193542272 -0.2616152465 -0.8907199502 0.3717195690
274.8 -93.9 2544.3 -0.5782710910 0.1148423702 0.8077213764 0.0983681381 0.9926348329 -0.0707089081 -0.8098927736 0.0385651328 -0.5853088498
229.2 -488.6 2529.0 -0.5979176760 -0.0122828539 0.8014634252 -0.1770058870 0.9772216678 -0.1170756817 -0.7817693949 -0.2118653655 -0.5864722729
449.3 -88.8 2487.9 0.9391526580 0.0906694606 0.3313175738 -0.0588270985 0.9927387238 -0.1049248725 -0.3384252787 0.0790500194 0.9376670122
413.2 -483.5 2456.4 0.9391681552 0.0110226208 0.3432806730 -0.0575070605 0.9904218316 0.1255292147 -0.3386090100 -0.1376341134 0.9308065176
207.4 425.6 2456.8 0 0 0 0 0 0 0 0 0
489.4 -217.9 2355.5 0 0 0 0 0 0 0 0 0
232.6 -761.4 2588.1 0 0 0 0 0 0 0 0 0
410.0 -778.1 2497.4 0 0 0 0 0 0 0 0 0
312.5 523.8 2525.1  0.9323025942 -0.1575777382 0.3255474567 0.1792813689 0.9830799699 -0.0375765823 -0.3141179383 0.0933973342 0.9447787404
346.9 309.4 2504.8 0.9323025942 -0.1575777382 0.3255474567 0.1792813689 0.9830799699 -0.0375765823 -0.3141179383 0.0933973342 0.9447787404
349.6 110.8 2512.3 0.9477141500 -0.0139692053 0.3188145757 0.0011965625 0.9991899729 0.0402236655 -0.3191182017 -0.0377390571 0.9469631910
213.5 309.2 2549.7 0.4428596795 -0.8849228621 0.1441764981 0.7026265860 0.2426473200 -0.6689081788 0.5569480658 0.3975346982 0.7292290330
123.4 166.2 2436.3 -0.3012664020 -0.8849228621 -0.3551761806 -0.9491611719 0.2426473200 0.2005376518 -0.0912778005 0.3975346982 -0.9130358696
480.2 309.5 2459.8 0.1545563936 0.4094080329 0.8991647959 -0.9798819423 0.1798357069 0.0865479037 -0.1262685359 -0.8944518566 0.4289662838
522.7 40.5 2425.2 -0.1373297125 0.4123990536 0.9005929232 -0.9508219957 0.1999526322 -0.2365512550 -0.2776294351 -0.8887890577 0.3646586537
270.0 -91.3 2546.1 -0.5822381973 0.1017974019 0.8066201210 0.0807797834 0.9944643974 -0.0671949685 -0.8089952469 0.0260351207 -0.5872383118
229.6 -486.7 2535.7 -0.5968075395 -0.0114377253 0.8023028970 -0.1585357636 0.9818679094 -0.1039320827 -0.7865666747 -0.1892211586 -0.5877994895
444.1 -88.3 2488.2 0.9396446347 0.0798498616 0.3327040076 -0.0454244316 0.9928923845 -0.1100061759 -0.3391232491 0.0882538259 0.9365931153
412.4 -483.0 2453.1 0.9396204948 0.0079381550 0.3421262205 -0.0581985191 0.9888747334 0.1368929893 -0.3372333050 -0.1485386938 0.9296289086
205.2 424.0 2461.1 0 0 0 0 0 0 0 0 0
486.2 -211.7 2351.6 0 0 0 0 0 0 0 0 0
232.7 -759.2 2588.2 0 0 0 0 0 0 0 0 0
410.0 -778.8 2497.5 0 0 0 0 0 0 0 0 0
313.9 522.9 2528.4  0.9348639846 -0.1534119546 0.3201469779 0.1819760799 0.9814022183 -0.0611096136 -0.3048180044 0.1153882667 0.9453949332
347.2 309.7 2503.4 0.9348639846 -0.1534119546 0.3201469779 0.1819760799 0.9814022183 -0.0611096136 -0.3048180044 0.1153882667 0.9453949332
348.2 111.1 2511.9 0.9501182437 -0.0051686917 0.3118470311 -0.0085294032 0.9990581274 0.0425457470 -0.3117732108 -0.0430833623 0.9491792917
213.5 310.9 2547.2 0.4455934465 -0.8723160625 0.2012737691 0.7111202478 0.2083132267 -0.6715010405 0.5438331366 0.4423463047 0.7131446004
121.8 164.6 2435.3 -0.2775832713 -0.8723160625 -0.4025073946 -0.9557610750 0.2083132267 0.2076689601 -0.0973053649 0.4423463047 -0.8915500045
480.9 308.5 2459.5 0.1522518396 0.4176651239 0.8957539797 -0.9812207222 0.1724768877 0.0863574967 -0.1184283495 -0.8920804858 0.4360815883
522.7 38.8 2427.0 -0.1542816907 0.4247628748 0.8920614719 -0.9405047297 0.2135053873 -0.2643224001 -0.3027342558 -0.8797681332 0.3665515184
265.5 -87.9 2549.1 -0.5759526491 0.0883843824 0.8126910329 0.0747211874 0.9956683517 -0.0553293452 -0.8140609860 0.0288581569 -0.5800620317
230.3 -483.8 2537.6 -0.5891990662 -0.0117081879 0.8079030514 -0.1566144526 0.9825865030 -0.0999783128 -0.7926641107 -0.1854364276 -0.5807727575
439.4 -87.7 2490.5 0.9435065985 0.0681430623 0.3242712915 -0.0335078724 0.9932302833 -0.1112243235 -0.3296552300 0.0940752327 0.9394026399
412.3 -482.6 2453.1 0.9435529709 0.0093651507 0.3310892582 -0.0572178327 0.9891809225 0.1350820810 -0.3262421191 -0.1464013159 0.9338804483
197.5 425.1 2461.9 0 0 0 0 0 0 0 0 0
482.0 -209.3 2347.1 0 0 0 0 0 0 0 0 0
233.7 -765.9 2590.8 0 0 0 0 0 0 0 0 0
409.5 -774.7 2496.3 0 0 0 0 0 0 0 0 0
312.1 523.3 2520.1  0.9357514977 -0.1640431881 0.3121842146 0.1797005534 0.9834786057 -0.0218527820 -0.3034417033 0.0765484497 0.9497702122
347.6 310.4 2503.5 0.9357514977 -0.1640431881 0.3121842146 0.1797005534 0.9834786057 -0.0218527820 -0.3034417033 0.0765484497 0.9497702122
345.6 111.8 2511.5 0.9514170289 0.0098027764 0.3077491224 -0.0216664094 0.9991469383 0.0351564810 -0.3071419597 -0.0401162952 0.9508178234
213.7 313.4 2546.8 0.4593409598 -0.8647726178 0.2029142231 0.7191599011 0.2279799730 -0.6563795805 0.5213587284 0.4474298060 0.7266303301
117.6 163.0 2437.7 -0.2912894189 -0.8647726178 -0.4090461731 -0.9535195827 0.2279799730 0.1970421076 -0.0771422833 0.4474298060 -0.8909857869
481.5 307.3 2460.3 0.1400285810 0.4229782224 0.8952549696 -0.9812660813 0.1801122576 0.0683846995 -0.1323211491 -0.8880591393 0.4402750432
518.7 46.1 2425.1 -0.1571652144 0.4255249202 0.8911945224 -0.9456987977 0.1951386034 -0.2599514425 -0.2845222652 -0.8836568594 0.3717493713
262.1 -86.7 2549.1 -0.5721561909 0.0795158967 0.8162809014 0.0703527257 0.9963787794 -0.0477472953 -0.8171216846 0.0301086754 -0.5756784081
230.5 -482.8 2537.1 -0.5847258568 -0.0052220128 0.8112141490 -0.1448680311 0.9845775366 -0.0980833694 -0.7981910110 -0.1748708785 -0.5764644742
436.4 -88.3 2491.9 0.9460503459 0.0642227829 0.3175911605 -0.0258522406 0.9919965267 -0.1235904992 -0.3229866624 0.1087123975 0.9401389360
410.9 -482.6 2448.7 0.9464215040 0.0007783315 0.3229329884 -0.0543121099 0.9861364961 0.1567960083 -0.3183339834 -0.1659342945 0.9333430529
196.8 422.2 2458.7 0 0 0 0 0 0 0 0 0
477.4 -202.8 2350.2 0 0 0 0 0 0 0 0 0
232.0 -764.5 2587.2 0 0 0 0 0 0 0 0 0
410.6 -778.1 2498.4 0 0 0 0 0 0 0 0 0
307.0 523.1 2524.4  0.9100133181 -0.2007657886 0.3627242148 0.2244961560 0.9741789103 -0.0240201782 -0.3485358357 0.1032888666 0.9315869212
351.4 307.7 2501.6 0.9100133181 -0.2007657886 0.3627242148 0.2244961560 0.9741789103 -0.0240201782 -0.3485358357 0.1032888666 0.9315869212
342.0 109.7 2514.2 0.9326102734 0.0481085666 0.3576641977 -0.0672677308 0.9968792796 0.0413128771 -0.3545605242 -0.0625880733 0.9329360127
220.5 317.2 2551.4 0.4866805077 -0.8400127888 0.2398345172 0.6995026469 0.2102686465 -0.6829956770 0.5232954621 0.5001655817 0.6899248362
116.6 167.9 2439.7 -0.2833941579 -0.8400127888 -0.4626729488 -0.9561449885 0.2102686465 0.2038967907 -0.0739903003 0.5001655817 -0.8627629280
482.4 298.2 2451.9 0.1275951713 0.3830771744 0.9148613811 -0.9861132503 0.1478589624 0.0756200850 -0.1063021198 -0.9118056893 0.3966235518
515.1 45.4 2424.6 -0.1491545141 0.3919133246 0.9078308940 -0.9491771460 0.2005889714 -0.2425424755 -0.2771565020 -0.8978685737 0.3420763910
256.4 -84.8 2547.7 -0.6117267609 0.0650052577 0.7883937359 0.0627217218 0.9974660873 -0.0335771069 -0.7885786891 0.0289093982 -0.6142539382
230.6 -481.4 2536.2 -0.6243676543 -0.0017969694 0.7811285257 -0.1400021613 0.9840620160 -0.1096420065 -0.7684818506 -0.1778165996 -0.6146680713
431.0 -88.8 2491.3 0.9314550161 0.0508359447 0.3602876961 -0.0074973740 0.9926631451 -0.1206799522 -0.3637791872 0.1097067371 0.9250022173
410.8 -483.4 2447.7 0.9328010082 0.0016297171 0.3603881299 -0.0622728094 0.9856771231 0.1567248255 -0.3549709022 -0.1686354578 0.9195421338
193.0 425.6 2459.6 0 0 0 0 0 0 0 0 0
475.9 -204.1 2351.8 0 0 0 0 0 0 0 0 0
231.1 -767.2 2587.8 0 0 0 0 0 0 0 0 0
410.3 -774.2 2497.4 0 0 0 0 0 0 0 0 0
304.3 515.1 2518.6  0.9147362113 -0.1975395828 0.3524709344 0.2123263329 0.9771929979 -0.0033713414 -0.3437661529 0.0779227540 0.9358167052
346.4 307.0 2502.0 0.9147362113 -0.1975395828 0.3524709344 0.2123263329 0.9771929979 -0.0033713414 -0.3437661529 0.0779227540 0.9358167052
338.3 108.8 2513.6 0.9362137914 0.0410287976 0.3490278125 -0.0586519018 0.9974739552 0.0400700495 -0.3465021253 -0.0579852760 0.9362552762
214.8 315.3 2550.7 0.4920892119 -0.8408212662 0.2255389541 0.6859617233 0.2149931341 -0.6951506734 0.5360081792 0.4967872500 0.6825670004
111.5 171.4 2438.3 -0.2964073420 -0.8408212662 -0.4529484510 -0.9507923722 0.2149931341 0.2230961174 -0.0902031511 0.4967872500 -0.8631719351
478.0 298.8 2453.3 0.1004951373 0.3922295570 0.9143613577 -0.9893953800 0.1362635344 0.0502895713 -0.1048690602 -0.9097187519 0.4017639458
505.0 32.6 2425.1 -0.1421593726 0.4072929621 0.9021658301 -0.9416683912 0.2252282202 -0.2500658333 -0.3050432503 -0.8850902319 0.3515166044
247.2 -82.1 2559.3 -0.6047613025 0.0455767959 0.7951015830 0.0690231845 0.9976040721 -0.0046849940 -0.7934100628 0.0520471372 -0.6064581871
229.1 -478.5 2538.6 -0.6166064143 -0.0051774019 0.7872545719 -0.1344066262 0.9859897494 -0.0987877771 -0.7757134438 -0.1667254120 -0.6086634994
417.9 -94.4 2494.4 0.9353508949 0.0183078162 0.3532470763 0.0230493341 0.9933825731 -0.1125158146 -0.3529694080 0.1133838743 0.9287393093
410.7 -489.2 2449.4 0.9386126399 -0.0009236840 0.3449717462 -0.0582506843 0.9852128625 0.1611287147 -0.3400194347 -0.1713322848 0.9246793985
191.5 428.0 2462.6 0 0 0 0 0 0 0 0 0
467.7 -214.7 2345.0 0 0 0 0 0 0 0 0 0
230.6 -762.9 2586.7 0 0 0 0 0 0 0 0 0
410.9 -774.9 2499.0 0 0 0 0 0 0 0 0 0
304.5 519.1 2523.7  0.9223477840 -0.1790860593 0.3423489332 0.2031816840 0.9784955978 -0.0355463363 -0.3286210597 0.1023451090 0.9389002323
343.3 307.4 2501.6 0.9223477840 -0.1790860593 0.3423489332 0.2031816840 0.9784955978 -0.0355463363 -0.3286210597 0.1023451090 0.9389002323
336.0 109.0 2512.4 0.9407977462 0.0366863422 0.3369773626 -0.0528813414 0.9978387952 0.0390043706 -0.3348181546 -0.0545150377 0.9407044649
210.9 314.8 2548.6 0.5159285069 -0.8256096244 0.2284436822 0.6832114458 0.2357088625 -0.6911320090 0.5167590380 0.5126500726 0.6856748462
104.9 174.4 2442.5 -0.3089551032 -0.8256096244 -0.4721392691 -0.9491068721 0.2357088625 0.2088957876 -0.0611789711 0.5126500726 -0.8564152122
475.6 299.9 2454.5 0.0922138467 0.4051190913 0.9096016288 -0.9916856289 0.1197078004 0.0472198278 -0.0897567570 -0.9063931704 0.4127894938
501.0 26.6 2429.7 -0.1655450910 0.4256522655 0.8896150589 -0.9337561131 0.2225995064 -0.2802658677 -0.3173236549 -0.8770801425 0.3606051505
244.4 -84.0 2557.0 -0.5953725576 0.0363004580 0.8026292920 0.0597621612 0.9982123375 -0.0008158379 -0.8012240529 0.0474811345 -0.5964775681
230.0 -480.8 2538.1 -0.6064985394 -0.0008579428 0.7950841188 -0.1321060508 0.9862080812 -0.0997077152 -0.7840328217 -0.1655080169 -0.5982471108
416.0 -94.8 2493.5 0.9395757914 0.0118059665 0.3421373963 0.0266904179 0.9938369393 -0.1075909138 -0.3412989974 0.1102216020 0.9334699512
411.3 -489.8 2449.7 0.9427834153 0.0045927432 0.3333742619 -0.0597353391 0.9860521555 0.1553473324 -0.3280109465 -0.1663731039 0.9299079776
188.6 431.4 2459.0 0 0 0 0 0 0 0 0 0
457.5 -218.5 2346.4 0 0 0 0 0 0 0 0 0
230.2 -762.8 2585.5 0 0 0 0 0 0 0 0 0
410.0 -773.1 2497.5 0 0 0 0 0 0 0 0 0
301.0 520.1 2518.2  0.9259067774 -0.1837492436 0.3300498128 0.1995907128 0.9797727466 -0.0144520430 -0.3207182586 0.0792561248 0.9438529015
340.7 308.4 2501.1 0.9259067774 -0.1837492436 0.3300498128 0.1995907128 0.9797727466 -0.0144520430 -0.3207182586 0.0792561248 0.9438529015
334.0 110.0 2511.2 0.9447039962 0.0339396968 0.3261632025 -0.0485862345 0.9981385469 0.0368622020 -0.3243049681 -0.0506709106 0.9445945024
207.8 315.2 2546.7 0.5047739148 -0.8298495412 0.2378089428 0.6877394915 0.2200863957 -0.6917921305 0.5217448473 0.5127491951 0.6818141937
104.2 174.1 2439.6 -0.3046781719 -0.8298495412 -0.4674622715 -0.9485695362 0.2200863957 0.2275474519 -0.0859480500 0.5127491951 -0.8542255163
473.6 301.5 2455.5 0.0839869529 0.4154862165 0.9057137370 -0.9922505021 0.1183969602 0.0376982093 -0.0915706679 -0.9018610716 0.4222101867
496.7 28.6 2430.3 -0.1861332953 0.4304647148 0.8832069635 -0.9384040236 0.1884621829 -0.2896201611 -0.2911223769 -0.8827129602 0.3688707352
242.5 -84.4 2554.0 -0.5867939591 0.0304441173 0.8091637492 0.0497414097 0.9987609982 -0.0015057999 -0.8082070351 0.0393653512 -0.5875812173
230.4 -481.5 2538.4 -0.5969569087 0.0003416135 0.8022732139 -0.1331394464 0.9860914350 -0.0994865298 -0.7911487222 -0.1662033796 -0.5886086226
415.0 -94.1 2492.6 0.9431034923 0.0194804259 0.3319281042 0.0173029490 0.9940542579 -0.1075024083 -0.3320487440 0.1071292385 0.9371590018
407.3 -489.3 2450.1 0.9455993772 -0.0082739936 0.3252280951 -0.0462985858 0.9860793948 0.1596993953 -0.3220220506 -0.1660692543 0.9320530295
187.7 434.2 2463.2 0 0 0 0 0 0 0 0 0
447.9 -217.6 2353.9 0 0 0 0 0 0 0 0 0
230.3 -765.5 2586.2 0 0 0 0 0 0 0 0 0
409.7 -773.5 2497.9 0 0 0 0 0 0 0 0 0
297.4 518.6 2515.0  0.9328460097 -0.1777593642 0.3133686483 0.1852717698 0.9826695919 0.0058993772 -0.3089865148 0.0525551587 0.9496132135
335.4 308.6 2503.8 0.9328460097 -0.1777593642 0.3133686483 0.1852717698 0.9826695919 0.0058993772 -0.3089865148 0.0525551587 0.9496132135
332.2 110.0 2512.1 0.9502565861 0.0164271854 0.3110347092 -0.0285841804 0.9989935160 0.0345673710 -0.3101538122 -0.0417385474 0.9497697353
201.8 312.6 2547.4 0.4671366513 -0.8558463454 0.2220594883 0.6857991219 0.1921909302 -0.7019559741 0.5580886602 0.4801975787 0.6767180562
108.8 176.1 2436.3 -0.2731870413 -0.8558463454 -0.4391991496 -0.9563062191 0.1921909302 0.2203204483 -0.1041503623 0.4801975787 -0.8709552288
469.1 304.6 2460.2 0.0922766551 0.4269246459 0.8995667696 -0.9902942181 0.1336469650 0.0381559841 -0.1039346382 -0.8943566680 0.4351135194
494.9 27.2 2431.0 -0.1941460073 0.4359911680 0.8787599206 -0.9393324852 0.1755996048 -0.2946510613 -0.2827751637 -0.8826530576 0.3754487038
240.6 -84.0 2551.1 -0.5751245618 0.0298730172 0.8175202012 0.0521771312 0.9986377954 0.0002153158 -0.8164001703 0.0427796915 -0.5758998394
228.7 -481.0 2534.1 -0.5864261389 -0.0050333072 0.8099870682 -0.1515117884 0.9830128551 -0.1035851911 -0.7957063317 -0.1834676564 -0.5772270560
413.9 -92.9 2491.6 0.9471431971 0.0273996964 0.3196388483 0.0061085485 0.9946251512 -0.1033607051 -0.3207529187 0.0998499244 0.9418851137
403.0 -488.3 2451.9 0.9486010075 -0.0286426339 0.3151756823 -0.0263536517 0.9852877855 0.1688592881 -0.3153753281 -0.1684861183 0.9338901639
184.1 440.0 2465.0 0 0 0 0 0 0 0 0 0
444.0 -219.3 2356.8 0 0 0 0 0 0 0 0 0
230.2 -764.6 2587.0 0 0 0 0 0 0 0 0 0
411.3 -774.9 2500.9 0 0 0 0 0 0 0 0 0
298.3 523.6 2515.4  0.9341219068 -0.1627440453 0.3176958859 0.1717653424 0.9851378202 -0.0003917597 -0.3129104674 0.0549350940 0.9481925964
333.3 311.9 2503.6 0.9341219068 -0.1627440453 0.3176958859 0.1717653424 0.9851378202 -0.0003917597 -0.3129104674 0.0549350940 0.9481925964
330.4 113.4 2514.2 0.9492220283 0.0147997541 0.3142586350 -0.0306957904 0.9984837770 0.0456942245 -0.3131058812 -0.0530203842 0.9482370615
199.7 316.2 2547.6 0.4731446207 -0.8559948206 0.2083436400 0.7047352791 0.2258388102 -0.6725659966 0.5286608934 0.4650481045 0.7101041675
104.2 174.0 2440.9 -0.2916087210 -0.8559948206 -0.4268925786 -0.9537010789 0.2258388102 0.1986230165 -0.0736113638 0.4650481045 -0.8822197318
466.9 307.6 2459.5 0.0927316844 0.4228700399 0.9014331698 -0.9904020429 0.1323651075 0.0397904329 -0.1024921089 -0.8964710832 0.4310857952
492.4 34.3 2431.3 -0.1796056330 0.4313727319 0.8841150403 -0.9447188377 0.1749754846 -0.2772902548 -0.2743139267 -0.8850430250 0.3760993779
241.8 -85.9 2548.9 -0.5781598091 0.0272894390 0.8154670596 0.0369876586 0.9992896318 -0.0072170645 -0.8150847554 0.0259896014 -0.5787584782
231.0 -483.2 2538.6 -0.5885228515 0.0096714525 0.8084227443 -0.1337825358 0.9849786162 -0.1091758534 -0.7973350286 -0.1724053174 -0.5783885121
416.1 -91.1 2492.0 0.9460130334 0.0338655263 0.3223546147 0.0036200532 0.9933608770 -0.1149830222 -0.3241083920 0.1099423766 0.9396097064
402.6 -486.1 2448.3 0.9476298094 -0.0258700848 0.3183213174 -0.0329639949 0.9834674597 0.1780592501 -0.3176650703 -0.1792273968 0.9311103225
185.1 438.3 2461.3 0 0 0 0 0 0 0 0 0
445.3 -213.6 2359.3 0 0 0 0 0 0 0 0 0
228.2 -763.7 2587.7 0 0 0 0 0 0 0 0 0
410.2 -774.8 2500.9 0 0 0 0 0 0 0 0 0
298.6 522.4 2522.6  0.9368515611 -0.1517018676 0.3151122034 0.1703864932 0.9848429561 -0.0324466415 -0.3054138124 0.0840885490 0.9484996200
331.3 310.3 2504.5 0.9368515611 -0.1517018676 0.3151122034 0.1703864932 0.9848429561 -0.0324466415 -0.3054138124 0.0840885490 0.9484996200
329.3 111.7 2512.8 0.9506286383 0.0099042254 0.3101727068 -0.0223714504 0.9990772605 0.0366629809 -0.3095233738 -0.0417918898 0.9499729872
197.5 313.5 2548.0 0.4635325968 -0.8683125973 0.1765525788 0.7075179219 0.2427471280 -0.6636958718 0.5334378481 0.4325588048 0.7268679142
103.9 170.5 2440.3 -0.2931069136 -0.8683125973 -0.4001519978 -0.9546287656 0.2427471280 0.1725042313 -0.0526518375 0.4325588048 -0.9000670314
465.1 307.2 2460.9 0.0866590217 0.4266082048 0.9002753496 -0.9902160764 0.1360948831 0.0308260899 -0.1093722060 -0.8941385150 0.4342281520
488.5 38.9 2431.3 -0.1530653387 0.4360375106 0.8868157864 -0.9474351406 0.1903849840 -0.2571384907 -0.2809584439 -0.8795594573 0.3839759231
240.4 -82.2 2553.4 -0.5747506022 0.0279181842 0.8178522587 0.0544023849 0.9985104799 0.0041464735 -0.8165183067 0.0468763039 -0.5754132867
229.3 -479.1 2534.8 -0.5876039267 0.0031627195 0.8091425300 -0.1479789168 0.9827072620 -0.1113042682 -0.7955023050 -0.1851388514 -0.5769746304
414.5 -87.8 2496.0 0.9470881224 0.0311578177 0.3194578290 0.0053537297 0.9936053753 -0.1127818003 -0.3209290504 0.1085245982 0.9408649802
402.1 -482.9 2452.8 0.9483665228 -0.0258948281 0.3161177039 -0.0256142337 0.9871537685 0.1577066332 -0.3161405623 -0.1576607972 0.9355202913
185.5 436.4 2454.9 0 0 0 0 0 0 0 0 0
448.4 -209.7 2357.6 0 0 0 0 0 0 0 0 0
228.4 -766.2 2588.9 0 0 0 0 0 0 0 0 0
409.8 -774.2 2499.4 0 0 0 0 0 0 0 0 0
297.1 520.3 2518.7  0.9298053384 -0.1408023685 0.3400539458 0.1574912220 0.9872789979 -0.0218346696 -0.3326537311 0.0738575011 0.9401524067
327.2 309.0 2502.9 0.9298053384 -0.1408023685 0.3400539458 0.1574912220 0.9872789979 -0.0218346696 -0.3326537311 0.0738575011 0.9401524067
325.9 110.5 2512.9 0.9420043826 0.0067337942 0.3355329335 -0.0232162066 0.9987110496 0.0451361164 -0.3347965181 -0.0503082201 0.9409465194
194.7 312.3 2550.0 0.4436445832 -0.8834047914 0.1509154141 0.7096357942 0.2434259206 -0.6611813903 0.5473541021 0.4004245400 0.7348902822
104.4 167.9 2438.6 -0.2912480533 -0.8834047914 -0.3671110868 -0.9546227455 0.2434259206 0.1715786010 -0.0622090027 0.4004245400 -0.9142156243
459.7 305.7 2455.8 0.1124648005 0.4018700123 0.9087640643 -0.9891783595 0.1320024729 0.0640429258 -0.0942221805 -0.9061323404 0.4123667479
490.1 39.0 2430.4 -0.1476645917 0.4137289524 0.8983448744 -0.9474107027 0.2015691698 -0.2485615611 -0.2839157581 -0.8878052831 0.3622066081
240.2 -84.8 2549.5 -0.5964357853 0.0327355675 0.8019929528 0.0524257757 0.9986232519 -0.0017729420 -0.8009468913 0.0409876592 -0.5973308682
227.2 -481.8 2533.2 -0.6082554460 -0.0061747856 0.7937173247 -0.1535396725 0.9819981456 -0.1100236997 -0.7787495852 -0.1887896061 -0.5982537866
414.6 -88.9 2492.7 0.9378343821 0.0359185450 0.3452194929 -0.0034227571 0.9955395460 -0.0942830667 -0.3470661640 0.0872403011 0.9337741733
400.3 -484.6 2458.0 0.9383912683 -0.0303581990 0.3442385793 -0.0181901604 0.9904136658 0.1369302124 -0.3450955451 -0.1347558796 0.9288433194
186.2 436.0 2456.1 0 0 0 0 0 0 0 0 0
451.3 -209.7 2355.9 0 0 0 0 0 0 0 0 0
228.9 -765.2 2587.7 0 0 0 0 0 0 0 0 0
409.1 -772.2 2497.2 0 0 0 0 0 0 0 0 0
293.8 518.0 2523.7  0.9299941659 -0.1424712539 0.3388404250 0.1677933186 0.9847255349 -0.0464871712 -0.3270417154 0.1000879556 0.9396947026
324.1 308.4 2502.4 0.9299941659 -0.1424712539 0.3388404250 0.1677933186 0.9847255349 -0.0464871712 -0.3270417154 0.1000879556 0.9396947026
323.9 109.9 2513.8 0.9433909655 0.0010008920 0.3316812813 -0.0199978668 0.9983478785 0.0538666770 -0.3310793936 -0.0574502535 0.9418523908
191.3 311.2 2549.0 0.4372955263 -0.8890396357 0.1355770081 0.7086968422 0.2478581667 -0.6605414748 0.5536437035 0.3849348426 0.7384468913
102.7 167.6 2436.8 -0.2976195514 -0.8890396357 -0.3478952646 -0.9517704248 0.2478581667 0.1808295995 -0.0745359957 0.3849348426 -0.9199290872
456.8 305.6 2455.8 0.1242084801 0.4031015337 0.9066870213 -0.9875133038 0.1394536346 0.0732816756 -0.0969008505 -0.9044677019 0.4153894484
490.4 39.0 2429.7 -0.1493999958 0.4131710827 0.8983147144 -0.9479014277 0.1986708790 -0.2490235865 -0.2813583314 -0.8887178898 0.3619640470
238.2 -85.9 2553.6 -0.5934529305 0.0305748843 0.8042877913 0.0513567813 0.9986803532 -0.0000705039 -0.8032285571 0.0412637889 -0.5942400098
226.0 -482.9 2537.2 -0.6032854319 -0.0083696712 0.7974814177 -0.1423921138 0.9850084186 -0.0973801836 -0.7847108841 -0.1723031104 -0.5954329967
411.0 -90.2 2492.2 0.9390560985 0.0285249241 0.3425785005 -0.0035450717 0.9973019361 -0.0733231679 -0.3437457383 0.0676401034 0.9366235733
399.6 -486.6 2465.3 0.9392763972 -0.0297440216 0.3418700099 -0.0102003599 0.9933763146 0.1144527495 -0.3430098593 -0.1109899655 0.9327515364
186.7 436.2 2457.8 0 0 0 0 0 0 0 0 0
451.1 -209.9 2355.8 0 0 0 0 0 0 0 0 0
228.4 -762.8 2586.1 0 0 0 0 0 0 0 0 0
408.2 -773.4 2497.3 0 0 0 0 0 0 0 0 0
291.2 522.1 2528.8  0.9369344711 -0.1458382457 0.3176240325 0.1775199771 0.9814031720 -0.0730375201 -0.3010655940 0.1248159856 0.9453996420
323.6 304.3 2501.0 0.9369344711 -0.1458382457 0.3176240325 0.1775199771 0.9814031720 -0.0730375201 -0.3010655940 0.1248159856 0.9453996420
325.6 105.8 2512.2 0.9515161514 -0.0100134229 0.3074358106 -0.0077109584 0.9983794093 0.0563834645 -0.3075021803 -0.0560204014 0.9498968720
189.7 305.4 2544.3 0.4507384300 -0.8768002391 0.1675000638 0.7009373903 0.2314554155 -0.6746222377 0.5527400970 0.4214852154 0.7189078927
99.0 164.3 2433.1 -0.2835901678 -0.8768002391 -0.3883272111 -0.9567713737 0.2314554155 0.1761163920 -0.0645384565 0.4214852154 -0.9045357704
457.4 303.2 2457.8 0.1236260682 0.4233072698 0.8975118399 -0.9866445065 0.1491040885 0.0655792207 -0.1060625240 -0.8936324120 0.4360869527
490.1 42.8 2429.8 -0.1396022588 0.4295386374 0.8921926618 -0.9521411061 0.1891942173 -0.2400684059 -0.2719163299 -0.8830074072 0.3825694621
