-348.0 511.0 2328.2  0.9465669990 0.2242486626 -0.2317831218 -0.1965356618 0.9709159732 0.1367330998 0.2557041645 -0.0838733912 0.9631098509
-404.2 267.4 2349.3 0.9465669990 0.2242486626 -0.2317831218 -0.1965356618 0.9709159732 0.1367330998 0.2557041645 -0.0838733912 0.9631098509
-386.3 74.8 2380.1 0.9683728814 -0.0916197300 -0.2320771813 0.1247638837 0.9833128452 0.1324003786 0.2160739750 -0.1571677923 0.9636442661
-542.2 249.6 2318.5 0.2038836330 -0.8781784773 -0.4327054620 0.9720540643 0.1290524602 0.1961029321 -0.1163716614 -0.4605952799 0.8799486160
-590.7 18.4 2346.2 -0.0925240070 -0.8737093210 -0.4775681198 0.9549719691 0.0579234250 -0.2909868956 0.2819003463 -0.4829874635 0.8290086389
-266.3 285.1 2380.0 0.9287533760 0.3644896448 -0.0675605685 -0.1630723774 0.2380510718 -0.9574649334 -0.3329031765 0.9002660513 0.2805289328
-93.4 254.8 2318.1 -0.6576118469 0.3644896448 0.6593132615 0.7502952218 0.2380510718 0.6167566776 0.0678511932 0.9002660513 -0.4300200343
-452.7 -134.6 2392.1 0.7861616611 0.0611506775 -0.6149882078 -0.0302953832 0.9977096319 0.0604784787 0.6172779799 -0.0289145578 0.7862136364
-476.6 -525.4 2403.4 0.7879344821 -0.0040971506 -0.6157454848 -0.0917848498 0.9880248308 -0.1240261495 0.6088799238 0.1542405784 0.7781227827
-278.6 -108.8 2433.5 -0.5890318751 0.0208614543 -0.8078404665 0.0074223978 0.9997642040 0.0204056464 0.8080757260 0.0060234638 -0.5890478492
-286.8 -500.4 2431.1 -0.5973581672 0.0517187156 -0.8003051877 -0.0931354240 0.9866924286 0.1332812458 0.7965481877 0.1541534066 -0.5845919251
-567.4 -222.4 2275.1 0 0 0 0 0 0 0 0 0
-261.8 446.9 2335.5 0 0 0 0 0 0 0 0 0
-475.6 -769.2 2365.4 0 0 0 0 0 0 0 0 0
-300.6 -764.9 2389.8 0 0 0 0 0 0 0 0 0
-349.2 510.4 2333.2  0.9471575022 0.2151666284 -0.2378991097 -0.1934084445 0.9747523069 0.1115847230 0.2559019923 -0.0596766174 0.9648590088
-404.2 261.2 2348.5 0.9471575022 0.2151666284 -0.2378991097 -0.1934084445 0.9747523069 0.1115847230 0.2559019923 -0.0596766174 0.9648590088
-383.0 68.7 2377.1 0.9653139114 -0.1082407013 -0.2375983745 0.1390817761 0.9833340049 0.1170917451 0.2209644765 -0.1460758895 0.9642803073
-541.7 241.4 2317.0 0.2223623991 -0.7448586822 -0.6290791035 0.9660353661 0.0812025517 0.2453197390 -0.1316457093 -0.6622625589 0.7376162410
-593.1 18.1 2347.4 -0.1494953334 -0.7448586822 -0.6502589583 0.9470208883 0.0812025517 -0.3107371628 0.2842579782 -0.6622625589 0.6932573318
-266.6 281.0 2380.0 0.9264080524 0.3711979687 -0.0630887970 -0.1509953886 0.2127695680 -0.9653649330 -0.3449181318 0.9038479924 0.2531606257
-94.6 253.0 2315.9 -0.6474202871 0.3711979687 0.6656267643 0.7570741177 0.2127695680 0.6177118421 0.0876682624 0.9038479924 -0.4187757075
-455.9 -129.0 2391.3 0.7846121192 0.0537209474 -0.6176551580 -0.0212244038 0.9979823828 0.0598386265 0.6196235418 -0.0338407494 0.7841692567
-477.0 -519.9 2404.6 0.7869836688 -0.0074268519 -0.6169291139 -0.0893443599 0.9880158305 -0.1258660108 0.6104705334 0.1541736275 0.7768888474
-280.9 -106.4 2430.4 -0.5916902423 0.0100218086 -0.8061031103 0.0027534701 0.9999420047 0.0104106115 0.8061606884 0.0039402763 -0.5916835070
-284.8 -498.1 2428.8 -0.5980907083 0.0549126379 -0.7995449305 -0.0774889514 0.9890132546 0.1258900464 0.7976734638 0.1372495592 -0.5872644782
-555.2 -222.2 2275.3 0 0 0 0 0 0 0 0 0
-260.3 446.8 2338.4 0 0 0 0 0 0 0 0 0
-475.1 -767.1 2366.0 0 0 0 0 0 0 0 0 0
-299.6 -764.3 2391.9 0 0 0 0 0 0 0 0 0
-347.7 499.2 2342.3  0.9479885101 0.2283938378 -0.2217069864 -0.2149802744 0.9730687141 0.0831911862 0.2347364873 -0.0312016625 0.9715581536
-402.2 267.3 2349.7 0.9479885101 0.2283938378 -0.2217069864 -0.2149802744 0.9730687141 0.0831911862 0.2347364873 -0.0312016625 0.9715581536
-379.2 74.9 2377.5 0.9684265256 -0.1173301637 -0.2199629098 0.1449508816 0.9828604460 0.1139060035 0.2028282285 -0.1421934068 0.9688352346
-540.1 246.7 2320.8 0.2171079218 -0.5574247241 -0.8013375401 0.9738243818 0.0670794994 0.2171784192 -0.0673072934 -0.8275131583 0.5573972464
-594.1 4.8 2337.5 -0.3194914460 -0.5574247241 -0.7662916780 0.9026407003 0.0670794994 -0.4251354337 0.2883834541 -0.8275131583 0.4817228913
-264.2 288.0 2378.6 0.9121474624 0.3887328804 -0.1298991144 -0.2203696817 0.1979245842 -0.9551246166 -0.3455781341 0.8998402953 0.2662013471
-89.4 245.8 2312.4 -0.6483058929 0.3887328804 0.6546649337 0.7527204752 0.1979245842 0.6278835535 0.1145046949 0.8998402953 -0.4209228754
-449.0 -136.4 2385.8 0.7957012653 0.0726355910 -0.6013182402 -0.0284930691 0.9961730838 0.0826278776 0.6050187349 -0.0486137047 0.7947257757
-477.5 -526.5 2404.8 0.7977188230 -0.0111649055 -0.6029261947 -0.0863743871 0.9874036908 -0.1325647086 0.5968116522 0.1578267515 0.7867061496
-274.6 -111.3 2425.7 -0.5760084987 0.0275210068 -0.8169803023 0.0133339101 0.9996164441 0.0242723189 0.8173349500 0.0030875190 -0.5761545300
-285.4 -502.8 2424.5 -0.5817881227 0.0577454641 -0.8112878799 -0.0593449809 0.9918038845 0.1131514236 0.8111724257 0.1139760241 -0.5735928416
-513.9 -221.8 2265.1 0 0 0 0 0 0 0 0 0
-255.3 438.4 2341.7 0 0 0 0 0 0 0 0 0
-474.8 -766.4 2366.5 0 0 0 0 0 0 0 0 0
-300.4 -760.5 2394.9 0 0 0 0 0 0 0 0 0
-343.7 502.9 2334.3  0.9485664964 0.2325921357 -0.2147615105 -0.2120023370 0.9705134630 0.1147109047 0.2351098061 -0.0632809699 0.9699066281
-400.0 268.3 2349.6 0.9485664964 0.2325921357 -0.2147615105 -0.2120023370 0.9705134630 0.1147109047 0.2351098061 -0.0632809699 0.9699066281
-378.9 75.8 2378.3 0.9708165526 -0.1075406224 -0.2143600285 0.1356419921 0.9833433628 0.1209840104 0.1977788061 -0.1465295106 0.9692330360
-538.3 249.0 2321.4 0.2086315006 -0.5104113817 -0.8342380524 0.9764449596 0.0607158542 0.2070477456 -0.0550280511 -0.8577842712 0.5110558867
-590.2 5.9 2335.1 -0.3614114523 -0.5104113817 -0.7802960873 0.8899839520 0.0607158542 -0.4519315660 0.2780473530 -0.8577842712 0.4323145151
-261.6 287.7 2377.8 0.9134011865 0.3779959083 -0.1510541290 -0.2362882644 0.1901821345 -0.9528896213 -0.3314605951 0.9060628414 0.2630285919
-87.2 242.5 2314.4 -0.6491901278 0.3779959083 0.6600540280 0.7521935105 0.1901821345 0.6309006810 0.1129473969 0.9060628414 -0.4077904522
-443.7 -130.7 2387.0 0.7986762524 0.0841677785 -0.5958456397 -0.0269040018 0.9941743016 0.1043724269 0.6011592150 -0.0673291534 0.7962878942
-476.7 -520.0 2413.4 0.8016574383 -0.0045896028 -0.5977661014 -0.1065137312 0.9828720093 -0.1503907889 0.5882177949 0.1842321903 0.7874377966
-268.7 -104.5 2423.7 -0.5711190104 0.0473034307 -0.8195031881 0.0471851751 0.9985793233 0.0247563161 0.8195100427 -0.0245295987 -0.5725396276
-287.2 -495.4 2433.3 -0.5837214589 0.0463487506 -0.8106300235 -0.0948350206 0.9876444340 0.1247589141 0.8063966632 0.1497005671 -0.5721137524
-498.7 -219.6 2264.6 0 0 0 0 0 0 0 0 0
-253.4 435.1 2343.4 0 0 0 0 0 0 0 0 0
-475.6 -766.2 2367.3 0 0 0 0 0 0 0 0 0
-299.9 -765.5 2392.4 0 0 0 0 0 0 0 0 0
-342.6 506.1 2328.3  0.9487442374 0.2362408638 -0.2099396139 -0.2104157656 0.9678013325 0.1381514966 0.2358168513 -0.0868958384 0.9679046869
-400.9 267.4 2349.7 0.9487442374 0.2362408638 -0.2099396139 -0.2104157656 0.9678013325 0.1381514966 0.2358168513 -0.0868958384 0.9679046869
-380.2 74.5 2377.0 0.9716041088 -0.1060520932 -0.2115146071 0.1323991865 0.9845571518 0.1145322397 0.1961018443 -0.1392843574 0.9706410170
-539.4 248.5 2321.8 0.2177445292 -0.6201152802 -0.7536871433 0.9730455875 0.0778287128 0.2170828730 -0.0759579092 -0.7806406021 0.6203472018
-589.0 26.7 2339.1 -0.2213249803 -0.6201152802 -0.7526435256 0.9372909665 0.0778287128 -0.3397473991 0.2692598403 -0.7806406021 0.5640030503
-262.5 286.2 2377.7 0.9088519812 0.3906489611 -0.1462241113 -0.2385711521 0.1992727816 -0.9504599571 -0.3421577215 0.8987122774 0.2743070424
-87.2 240.2 2311.7 -0.6469258666 0.3906489611 0.6548895240 0.7539799809 0.1992727816 0.6259429455 0.1140222996 0.8987122774 -0.4234562218
-445.6 -129.1 2389.1 0.8005684614 0.0754595399 -0.5944712162 -0.0286281276 0.9957231879 0.0878394693 0.5985571146 -0.0533029065 0.7993048429
-475.1 -519.0 2410.0 0.8027706146 0.0014669934 -0.5962861776 -0.1036615521 0.9851134419 -0.1371342987 0.5872083902 0.1718993336 0.7909721732
-270.1 -104.5 2424.8 -0.5688849092 0.0471108630 -0.8210667372 0.0410517678 0.9987400770 0.0288621802 0.8213919401 -0.0172869824 -0.5701020956
-288.5 -495.6 2431.6 -0.5801111460 0.0407250710 -0.8135185838 -0.0967104509 0.9882410169 0.1184348986 0.8087757230 0.1473811567 -0.5693510771
-534.6 -204.0 2272.8 0 0 0 0 0 0 0 0 0
-252.9 433.3 2340.9 0 0 0 0 0 0 0 0 0
-475.5 -767.1 2366.7 0 0 0 0 0 0 0 0 0
-299.7 -765.5 2391.4 0 0 0 0 0 0 0 0 0
-342.8 506.6 2326.8  0.9554408193 0.2356778681 -0.1777322143 -0.2134380490 0.9675066471 0.1355549097 0.2039043903 -0.0915798843 0.9746979475
-400.5 269.8 2349.2 0.9554408193 0.2356778681 -0.1777322143 -0.2134380490 0.9675066471 0.1355549097 0.2039043903 -0.0915798843 0.9746979475
-380.8 77.2 2378.4 0.9788487554 -0.1006187648 -0.1781318635 0.1247316748 0.9836660028 0.1297813207 0.1621638238 -0.1492549628 0.9754105806
-539.9 252.1 2326.1 0.2143314332 -0.6379944086 -0.7396115065 0.9756602049 0.1038989946 0.1931117624 -0.0463593379 -0.7629994154 0.6447346210
-590.5 21.7 2337.0 -0.1551650017 -0.6393422484 -0.7531037927 0.9501847625 0.1120139882 -0.2908638716 0.2703197002 -0.7607196569 0.5901125669
-261.1 287.6 2372.3 0.9167090654 0.3578649461 -0.1776995361 -0.2518230379 0.1721862406 -0.9523324370 -0.3102089763 0.9177606106 0.2479633242
-86.1 239.5 2313.1 -0.6485103369 0.3578649461 0.6718385816 0.7529799342 0.1721862406 0.6351166368 0.1116046235 0.9177606106 -0.3811296821
-447.2 -130.3 2386.5 0.8203567863 0.0706852153 -0.5674666166 -0.0192052200 0.9951769114 0.0961980149 0.5715294480 -0.0680183768 0.8177576661
-474.9 -520.0 2413.2 0.8232921958 0.0055521652 -0.5675906539 -0.1094402000 0.9827426076 -0.1491302103 0.5569675565 0.1848949641 0.8096919060
-271.6 -106.3 2422.0 -0.5415320992 0.0414002612 -0.8396600485 0.0466006100 0.9987292886 0.0191886276 0.8393874764 -0.0287374128 -0.5427732468
-287.8 -497.4 2433.3 -0.5544362068 0.0429761074 -0.8311158419 -0.1041168720 0.9872376323 0.1205052212 0.8256877065 0.1533456445 -0.5428857803
-551.6 -216.3 2269.3 0 0 0 0 0 0 0 0 0
-252.2 432.4 2341.7 0 0 0 0 0 0 0 0 0
-476.3 -766.4 2366.8 0 0 0 0 0 0 0 0 0
-299.4 -765.3 2391.6 0 0 0 0 0 0 0 0 0
-339.8 509.3 2324.5  0.9503739476 0.2520744205 -0.1823399514 -0.2283842862 0.9632634521 0.1412943900 0.2112581134 -0.0926389247 0.9730303288
-402.5 269.5 2347.6 0.9503739476 0.2520744205 -0.1823399514 -0.2283842862 0.9632634521 0.1412943900 0.2112581134 -0.0926389247 0.9730303288
-378.8 77.1 2375.8 0.9754545093 -0.1213307530 -0.1837587953 0.1448019892 0.9821346998 0.1201826483 0.1658940315 -0.1438413411 0.9755966663
-541.5 248.8 2323.9 0.2063523382 -0.6392491460 -0.7407963872 0.9766018987 0.0876962245 0.1963621229 -0.0605592765 -0.7639829516 0.6423882246
-589.8 20.3 2338.1 -0.1287195981 -0.6447873712 -0.7534457445 0.9546221495 0.1251938343 -0.2702277899 0.2685662210 -0.7540396452 0.5994133949
-263.6 290.1 2371.2 0.9205409884 0.3350931108 -0.2007906139 -0.2651879191 0.1586198658 -0.9510599971 -0.2868442535 0.9287369847 0.2348787338
-86.6 239.1 2316.1 -0.6479166150 0.3350931108 0.6840443611 0.7544509768 0.1586198658 0.6369014978 0.1049182639 0.9287369847 -0.3555837572
-449.4 -126.7 2393.0 0.8172771931 0.0716966912 -0.5717670918 -0.0314821303 0.9963030815 0.0799311548 0.5753841400 -0.0473254621 0.8165129423
-477.5 -516.8 2411.6 0.8193899989 -0.0075378106 -0.5731868744 -0.0938727483 0.9846506119 -0.1471431106 0.5654979348 0.1743742228 0.8061052561
-272.6 -104.2 2422.3 -0.5445994139 0.0396555737 -0.8377582431 0.0394648202 0.9989867806 0.0216325857 0.8377672434 -0.0212808847 -0.5456126332
-288.1 -495.4 2430.7 -0.5551528931 0.0398278572 -0.8307942152 -0.0957666636 0.9891491532 0.1114124656 0.8262166977 0.1414133310 -0.5453148484
-557.2 -221.5 2270.1 0 0 0 0 0 0 0 0 0
-252.5 432.3 2342.9 0 0 0 0 0 0 0 0 0
-475.6 -767.7 2367.1 0 0 0 0 0 0 0 0 0
-298.9 -764.1 2392.3 0 0 0 0 0 0 0 0 0
-341.0 508.0 2324.4  0.9495242238 0.2561540306 -0.1810768694 -0.2320509106 0.9619832635 0.1440157741 0.2110831439 -0.0947274193 0.9728671908
-404.6 269.1 2347.9 0.9495242238 0.2561540306 -0.1810768694 -0.2320509106 0.9619832635 0.1440157741 0.2110831439 -0.0947274193 0.9728671908
-379.9 76.4 2372.2 0.9747555852 -0.1263985336 -0.1840514988 0.1463941783 0.9842197299 0.0993993953 0.1685831696 -0.1238341853 0.9778776765
-543.5 248.3 2323.9 0.1979379952 -0.6408367157 -0.7417201996 0.9792387486 0.0955220088 0.1787932217 -0.0437266678 -0.7617111206 0.6464396119
-590.3 16.9 2334.2 -0.1161538363 -0.6441751719 -0.7560070753 0.9603930712 0.1212615892 -0.2508800030 0.2532852590 -0.7552046180 0.6045763493
-265.7 290.0 2372.0 0.9203575253 0.3371140063 -0.1982326806 -0.2629296780 0.1581624746 -0.9517629147 -0.2894996405 0.9280834198 0.2342032939
-86.2 238.7 2315.5 -0.6567339897 0.3371140063 0.6745773554 0.7458421588 0.1581624746 0.6470735073 0.1114447266 0.9280834198 -0.3553045094
-443.1 -128.2 2389.0 0.8169438839 0.0901135057 -0.5696334243 -0.0475217253 0.9948765635 0.0892314836 0.5747559071 -0.0458271503 0.8170406818
-478.4 -517.8 2406.9 0.8177393079 -0.0137126744 -0.5754254460 -0.0776064917 0.9879608750 -0.1338304877 0.5703329444 0.1540951878 0.8068302274
-266.9 -102.1 2419.0 -0.5433466434 0.0534353070 -0.8378061652 0.0462915264 0.9983609319 0.0336538218 0.8382312059 -0.0204976331 -0.5449296236
-287.8 -493.1 2427.0 -0.5529770851 0.0404036492 -0.8322162628 -0.0804832131 0.9915625453 0.1016179621 0.8293001652 0.1231718436 -0.5450595617
-560.7 -227.7 2269.7 0 0 0 0 0 0 0 0 0
-254.4 429.7 2344.0 0 0 0 0 0 0 0 0 0
-474.9 -768.5 2367.8 0 0 0 0 0 0 0 0 0
-298.7 -760.6 2393.8 0 0 0 0 0 0 0 0 0
-341.6 509.3 2324.3  0.9376233220 0.2488282174 -0.2427900285 -0.2185562253 0.9649971128 0.1449610591 0.2703620791 -0.0828555971 0.9591867924
-403.3 270.0 2344.9 0.9376233220 0.2488282174 -0.2427900285 -0.2185562253 0.9649971128 0.1449610591 0.2703620791 -0.0828555971 0.9591867924
-380.0 77.6 2372.6 0.9620828629 -0.1195645481 -0.2451548874 0.1499766409 0.9826260805 0.1093296930 0.2278236300 -0.1419517249 0.9632995725
-540.2 248.6 2312.5 0.2046447843 -0.5976912379 -0.7751681805 0.9754077792 0.0582964756 0.2125587910 -0.0818549544 -0.7996041179 0.5949227214
-589.3 14.3 2332.1 -0.1138279513 -0.6085647345 -0.7852974534 0.9605481625 0.1344749779 -0.2434414625 0.2537527382 -0.7820264697 0.5692487359
-266.5 291.4 2377.3 0.9129909873 0.3635986149 -0.1850500256 -0.2665845454 0.1883222014 -0.9452340603 -0.3088367581 0.9123216271 0.2688662410
-85.9 238.7 2316.2 -0.6616070271 0.3635986149 0.6557989120 0.7416514754 0.1883222014 0.6438072920 0.1105859578 0.9123216271 -0.3942587376
-443.2 -129.5 2381.2 0.7799184918 0.0906548053 -0.6192809343 -0.0335801654 0.9940903783 0.1032314524 0.6249796152 -0.0597165599 0.7783536315
-478.7 -518.8 2404.6 0.7814132571 -0.0134943547 -0.6238679886 -0.0801074579 0.9893245697 -0.1217362210 0.6188506484 0.1451027691 0.7719902992
-267.0 -103.1 2411.7 -0.5938327909 0.0465867780 -0.8032386303 0.0757296234 0.9971266985 0.0018452579 0.8010166287 -0.0597331822 -0.5956545472
-285.3 -493.3 2435.1 -0.6117013693 0.0549678728 -0.7891767621 -0.0908479542 0.9861021042 0.1391016096 0.7858549953 0.1567837298 -0.5982062817
-560.2 -231.0 2267.3 0 0 0 0 0 0 0 0 0
-255.4 428.6 2344.5 0 0 0 0 0 0 0 0 0
-475.3 -766.8 2368.2 0 0 0 0 0 0 0 0 0
-300.5 -766.5 2391.6 0 0 0 0 0 0 0 0 0
-342.4 509.2 2330.8  0.9374787211 0.2246212810 -0.2658550441 -0.2005077899 0.9729218483 0.1149767861 0.2844824195 -0.0544822812 0.9571318626
-398.7 265.2 2344.5 0.9374787211 0.2246212810 -0.2658550441 -0.2005077899 0.9729218483 0.1149767861 0.2844824195 -0.0544822812 0.9571318626
-375.9 72.9 2373.7 0.9569061399 -0.1167166308 -0.2659094632 0.1514381170 0.9818719625 0.1139909476 0.2477844059 -0.1493474692 0.9572346807
-534.9 243.6 2309.2 0.2327030897 -0.5792736411 -0.7812114358 0.9678112268 0.0587476380 0.2447246462 -0.0958682075 -0.8130133748 0.5742982626
-589.5 16.7 2331.7 -0.1020932421 -0.5926046968 -0.7989972830 0.9585095644 0.1562922299 -0.2383948863 0.2661509812 -0.7901850343 0.5520609021
-262.5 286.8 2379.7 0.9133290052 0.3757204115 -0.1570485979 -0.2491666079 0.2105668485 -0.9452923536 -0.3220963776 0.9024941921 0.2859337926
-86.2 238.7 2317.6 -0.6589095592 0.3757204115 0.6516689658 0.7454949617 0.2105668485 0.6323755383 0.1003765166 0.9024941921 -0.4188421965
-443.5 -128.4 2379.9 0.7671150565 0.0873961151 -0.6355283856 -0.0207363460 0.9935370088 0.1115986481 0.6411742568 -0.0724304691 0.7639694810
-477.7 -517.5 2408.2 0.7699177265 -0.0061417446 -0.6381136179 -0.0976908058 0.9870327115 -0.1273691505 0.6306213140 0.1604015976 0.7593339682
-269.9 -101.3 2421.0 -0.6118987203 0.0385348946 -0.7899968624 0.0585721657 0.9982776046 0.0033269634 0.7887643576 -0.0442360602 -0.6131018996
-285.0 -492.1 2438.3 -0.6286708117 0.0609302409 -0.7752809525 -0.0933508724 0.9838047028 0.1530160457 0.7720483541 0.1685698777 -0.6128013730
-563.4 -228.4 2263.6 0 0 0 0 0 0 0 0 0
-255.0 429.6 2343.3 0 0 0 0 0 0 0 0 0
-476.2 -767.3 2367.6 0 0 0 0 0 0 0 0 0
-302.1 -767.8 2391.0 0 0 0 0 0 0 0 0 0
-342.0 511.0 2342.0  0.9454092979 0.2274941057 -0.2333403826 -0.2181482166 0.9737174511 0.0654650033 0.2421005070 -0.0109884301 0.9701889753
-399.3 265.6 2344.8 0.9454092979 0.2274941057 -0.2333403826 -0.2181482166 0.9737174511 0.0654650033 0.2421005070 -0.0109884301 0.9701889753
-376.7 72.8 2370.3 0.9659596682 -0.1157768965 -0.2313386798 0.1421088725 0.9847302437 0.1005557328 0.2161641568 -0.1300080568 0.9676626325
-536.8 245.3 2314.1 0.2270029783 -0.6043611169 -0.7636866570 0.9715728164 0.0864250213 0.2204019129 -0.0672007129 -0.7920090556 0.6067995429
-591.4 11.5 2330.2 -0.0880132243 -0.6133375168 -0.7849017382 0.9581382871 0.1633839309 -0.2351101041 0.2724421918 -0.7727372050 0.5732821822
-261.8 285.9 2375.6 0.9176574349 0.3578341603 -0.1727992594 -0.2489236593 0.1786845773 -0.9518975019 -0.3097448945 0.9165295959 0.2530446053
-86.6 238.4 2316.4 -0.6524265409 0.3578341603 0.6680526137 0.7500455976 0.1786845773 0.6367914677 0.1084950492 0.9165295959 -0.3849705160
-439.5 -133.1 2380.5 0.7891783714 0.0942302868 -0.6068922281 -0.0338499025 0.9933312535 0.1102144271 0.6132305264 -0.0664355978 0.7871052027
-476.4 -522.1 2406.6 0.7909290195 0.0019248514 -0.6119048595 -0.1021240801 0.9863851070 -0.1288995445 0.6033257246 0.1644406170 0.7803571820
-266.7 -105.7 2425.3 -0.5835909247 0.0452007242 -0.8107888103 0.0450126901 0.9987151623 0.0232781339 0.8107993007 -0.0229108781 -0.5848757029
-284.4 -496.7 2434.3 -0.5974975824 0.0629203022 -0.7993983626 -0.0884643123 0.9856590629 0.1437020451 0.7969759703 0.1565798372 -0.5833626986
-568.9 -233.7 2260.5 0 0 0 0 0 0 0 0 0
-253.7 430.5 2344.2 0 0 0 0 0 0 0 0 0
-476.9 -767.1 2365.7 0 0 0 0 0 0 0 0 0
-301.6 -765.8 2391.5 0 0 0 0 0 0 0 0 0
-341.4 515.0 2346.7  0.9438709617 0.2297070175 -0.2373654097 -0.2248526812 0.9732241035 0.0477090962 0.2419688404 0.0083410190 0.9702481627
-400.0 266.9 2344.5 0.9438709617 0.2297070175 -0.2373654097 -0.2248526812 0.9732241035 0.0477090962 0.2419688404 0.0083410190 0.9702481627
-378.0 74.0 2369.6 0.9656313062 -0.1124810949 -0.2343163788 0.1387231201 0.9854052663 0.0986526310 0.2198000401 -0.1277671754 0.9671419263
-537.5 247.1 2313.2 0.2485623509 -0.6019988656 -0.7588241696 0.9651767015 0.0879756734 0.2463618666 -0.0815514997 -0.7936357260 0.6029027104
-594.8 24.9 2332.0 -0.0513393246 -0.6111113429 -0.7898779511 0.9582805037 0.1925410926 -0.2112497389 0.2811810672 -0.7677700520 0.5757311583
-262.4 286.7 2375.8 0.9172993302 0.3585491478 -0.1732178330 -0.2514634132 0.1843072921 -0.9501562715 -0.3087524176 0.9151356816 0.2592269480
-86.7 238.5 2316.7 -0.6508684158 0.3585491478 0.6691882014 0.7520971894 0.1843072921 0.6327563524 0.1035379842 0.9151356816 -0.3896236122
-441.4 -132.9 2376.2 0.7886849046 0.0955018252 -0.6073347926 -0.0204274505 0.9913864732 0.1293658763 0.6144582033 -0.0896226168 0.7838423848
-478.8 -521.1 2411.3 0.7923237085 -0.0102093508 -0.6100155115 -0.1031375751 0.9832280874 -0.1504166126 0.6013200283 0.1820941716 0.7779819369
-266.9 -107.1 2415.2 -0.5854113698 0.0493688285 -0.8092318773 0.0606095530 0.9980161190 0.0170400646 0.8084676862 -0.0390717350 -0.5872421861
-286.3 -497.9 2430.5 -0.5982016921 0.0523410775 -0.7996343970 -0.0755422786 0.9897375107 0.1212972403 0.7977769971 0.1329664141 -0.5881086588
-581.8 -217.6 2260.8 0 0 0 0 0 0 0 0 0
-253.4 431.2 2343.2 0 0 0 0 0 0 0 0 0
-476.2 -767.1 2365.7 0 0 0 0 0 0 0 0 0
-300.2 -760.6 2395.2 0 0 0 0 0 0 0 0 0
-341.6 516.9 2349.5  0.9434544444 0.2353164256 -0.2334950417 -0.2334876657 0.9716985226 0.0358536169 0.2353237420 0.0206919611 0.9716967344
-401.9 267.7 2344.2 0.9434544444 0.2353164256 -0.2334950417 -0.2334876657 0.9716985226 0.0358536169 0.2353237420 0.0206919611 0.9716967344
-378.1 74.9 2368.8 0.9655017257 -0.1219886839 -0.2300547063 0.1470858157 0.9845278859 0.0952397287 0.2148770988 -0.1257919073 0.9685061574
-539.5 246.7 2313.5 0.2308339775 -0.6158469915 -0.7532915473 0.9652013779 0.0471518449 0.2572216988 -0.1228901297 -0.7864535451 0.6053006053
-591.0 31.5 2341.0 -0.0241814852 -0.6314424872 -0.7750455737 0.9494252801 0.2282726467 -0.2155996561 0.3130604923 -0.7410613894 0.5939874649
-264.4 288.7 2374.8 0.9166253209 0.3537108302 -0.1862435490 -0.2601700127 0.1741467118 -0.9497286677 -0.3034955859 0.9190003276 0.2516522408
-86.9 238.3 2316.0 -0.6485064030 0.3537108302 0.6740386486 0.7536823153 0.1741467118 0.6337474585 0.1067817286 0.9190003276 -0.3795208633
-443.3 -131.6 2374.7 0.7922045588 0.0889742151 -0.6037346125 -0.0128439022 0.9915261269 0.1292708069 0.6101204157 -0.0946546197 0.7866343260
-478.1 -519.9 2411.8 0.7962353230 -0.0067378972 -0.6049495339 -0.1041849926 0.9834719896 -0.1480822712 0.5959486365 0.1809349954 0.7823731303
-268.8 -106.5 2414.4 -0.5812525153 0.0438521579 -0.8125407696 0.0632688329 0.9979594946 0.0085995775 0.8112598658 -0.0464099757 -0.5828409195
-286.0 -497.3 2432.6 -0.5959314704 0.0557934232 -0.8010947108 -0.0828884915 0.9879813194 0.1304698735 0.7987459898 0.1441526413 -0.5841445327
-584.9 -206.2 2262.6 0 0 0 0 0 0 0 0 0
-253.0 431.3 2343.4 0 0 0 0 0 0 0 0 0
-476.4 -768.1 2366.1 0 0 0 0 0 0 0 0 0
-301.1 -764.8 2393.6 0 0 0 0 0 0 0 0 0
-340.0 517.4 2351.9  0.9466454387 0.2354570031 -0.2200510204 -0.2366798818 0.9713568091 0.0211807471 0.2187352180 0.0320309922 0.9752584100
-400.1 269.4 2343.7 0.9466454387 0.2354570031 -0.2200510204 -0.2366798818 0.9713568091 0.0211807471 0.2187352180 0.0320309922 0.9752584100
-379.0 76.8 2372.5 0.9710085988 -0.1075498015 -0.2134837508 0.1356300116 0.9832764864 0.1215395480 0.1968419999 -0.1469707489 0.9693568945
-538.4 250.1 2315.6 0.2281367183 -0.6272885799 -0.7446225286 0.9640123248 0.0383055657 0.2630835772 -0.1365061402 -0.7778443098 0.6134527922
-588.9 37.0 2345.8 0.0043359930 -0.6417277455 -0.7669202685 0.9464197159 0.2502844632 -0.2040770352 0.3229101300 -0.7249435782 0.6084290147
-261.8 288.7 2371.8 0.9126794338 0.3558081985 -0.2010392398 -0.2717072070 0.1608351767 -0.9488452077 -0.3052727282 0.9206153154 0.2434666157
-87.9 236.9 2313.6 -0.6409843564 0.3558081985 0.6801026464 0.7588662505 0.1608351767 0.6310737133 0.1151567623 0.9206153154 -0.3731036782
-441.4 -131.2 2374.0 0.7998661995 0.0950578153 -0.5926027894 -0.0253401324 0.9918461442 0.1248964816 0.5996431708 -0.0848838389 0.7957529426
-478.7 -519.7 2407.2 0.8022349477 -0.0116592180 -0.5968946218 -0.0883086026 0.9864934683 -0.1379573345 0.5904411077 0.1633851230 0.7903699279
-266.9 -104.6 2412.8 -0.5687348843 0.0495402329 -0.8210276365 0.0702077970 0.9974654913 0.0115526523 0.8195190430 -0.0510721467 -0.5707715750
-286.3 -495.3 2432.8 -0.5840865374 0.0542199835 -0.8098784685 -0.0832495987 0.9885030985 0.1262184381 0.8074109554 0.1411445439 -0.5728575587
-589.9 -199.2 2265.2 0 0 0 0 0 0 0 0 0
-252.0 431.2 2343.1 0 0 0 0 0 0 0 0 0
-475.7 -768.4 2366.1 0 0 0 0 0 0 0 0 0
-301.0 -761.8 2394.8 0 0 0 0 0 0 0 0 0
-339.9 517.0 2352.6  0.9481874108 0.2425503880 -0.2052071542 -0.2441500276 0.9695725441 0.0178854261 0.2033013403 0.0331425965 0.9785551429
-401.6 270.1 2344.1 0.9481874108 0.2425503880 -0.2052071542 -0.2441500276 0.9695725441 0.0178854261 0.2033013403 0.0331425965 0.9785551429
-378.8 77.5 2371.8 0.9730760455 -0.1165128574 -0.1988663226 0.1414464265 0.9831115603 0.1161231548 0.1819779426 -0.1411255896 0.9731225967
-540.3 249.9 2318.2 0.2417804599 -0.6331562996 -0.7352926731 0.9632236958 0.0650617108 0.2607049644 -0.1172275841 -0.7712846994 0.6256018281
-592.7 41.3 2343.6 -0.0167335197 -0.6464385986 -0.7627824545 0.9458681941 0.2370672375 -0.2216583639 0.3241192698 -0.7252008319 0.6074787378
-263.0 290.2 2370.1 0.9182634950 0.3389337361 -0.2047342658 -0.2734287679 0.1687715650 -0.9469703436 -0.2864068747 0.9255485535 0.2476509959
-87.2 237.8 2315.2 -0.6435455680 0.3389337361 0.6862747669 0.7592077255 0.1687715650 0.6285855770 0.0972251892 0.9255485535 -0.3659332991
-445.7 -127.9 2383.5 0.8081153035 0.0862390846 -0.5826769471 -0.0376282744 0.9947617650 0.0950429887 0.5878211856 -0.0548805706 0.8071272373
-479.4 -517.4 2405.0 0.8093053699 -0.0190281533 -0.5870798826 -0.0728572458 0.9885050654 -0.1324746162 0.5828521848 0.1499854326 0.7986161113
-270.2 -103.4 2419.1 -0.5570044518 0.0358677432 -0.8297346234 0.0397581607 0.9990731478 0.0164980758 0.8295572996 -0.0237992201 -0.5579141974
-284.2 -494.6 2428.4 -0.5665557981 0.0602736622 -0.8218160868 -0.0653992668 0.9908862710 0.1177595332 0.8214240670 0.1204635128 -0.5574504733
-588.5 -195.8 2262.3 0 0 0 0 0 0 0 0 0
-252.0 432.3 2340.1 0 0 0 0 0 0 0 0 0
-474.6 -767.9 2367.0 0 0 0 0 0 0 0 0 0
-300.3 -758.4 2396.3 0 0 0 0 0 0 0 0 0
-340.5 515.8 2352.9  0.9517644644 0.2414547801 -0.1893252134 -0.2437343150 0.9697737694 0.0115085291 0.1863814145 0.0351916440 0.9818469882
-402.0 268.9 2344.0 0.9517644644 0.2414547801 -0.1893252134 -0.2437343150 0.9697737694 0.0115085291 0.1863814145 0.0351916440 0.9818469882
-380.6 76.1 2370.9 0.9771786928 -0.1091227531 -0.1822470278 0.1315808296 0.9844905138 0.1160385460 0.1667580158 -0.1373706162 0.9763815999
-541.2 250.2 2320.2 0.2280277461 -0.6465981007 -0.7279520631 0.9672727585 0.0649777055 0.2452779263 -0.1112955883 -0.7600584030 0.6402534842
-590.1 42.6 2344.1 -0.0081853522 -0.6580430865 -0.7529357672 0.9484588504 0.2334328741 -0.2143241912 0.3167945147 -0.7158829570 0.6222160459
-262.7 287.7 2367.7 0.9233142734 0.3270876706 -0.2012570649 -0.2594528794 0.1448883563 -0.9548254013 -0.2831518054 0.9338206649 0.2186413258
-86.8 238.2 2313.8 -0.6432017684 0.3270876706 0.6923186779 0.7580887079 0.1448883563 0.6358528733 0.1076707169 0.9338206649 -0.3411539197
-443.9 -127.7 2383.0 0.8177226186 0.0831678584 -0.5695725083 -0.0379789285 0.9951461554 0.0907837823 0.5743582249 -0.0526041947 0.8169121146
-476.5 -517.5 2403.6 0.8186337948 -0.0086986655 -0.5742500424 -0.0753725395 0.9896098375 -0.1224393398 0.5693485141 0.1435156614 0.8094723821
-268.1 -102.2 2415.9 -0.5429871678 0.0443960205 -0.8385666013 0.0515192486 0.9984815717 0.0195027050 0.8381591439 -0.0326126032 -0.5444499254
-285.5 -493.2 2428.6 -0.5535016656 0.0529867746 -0.8311608434 -0.0692724437 0.9915871024 0.1093451604 0.8299621940 0.1180992723 -0.5451745391
-588.1 -193.6 2265.2 0 0 0 0 0 0 0 0 0
-251.5 432.4 2341.3 0 0 0 0 0 0 0 0 0
-474.3 -767.0 2367.4 0 0 0 0 0 0 0 0 0
-299.5 -756.2 2397.3 0 0 0 0 0 0 0 0 0
-338.0 515.2 2353.6  0.9465130568 0.2476937026 -0.2067868710 -0.2513758242 0.9678504467 0.0087044025 0.2022947967 0.0437423885 0.9783473015
-401.7 266.1 2342.3 0.9465130568 0.2476937026 -0.2067868710 -0.2513758242 0.9678504467 0.0087044025 0.2022947967 0.0437423885 0.9783473015
-379.9 73.3 2369.1 0.9735273719 -0.1114902347 -0.1995354444 0.1358114332 0.9843109846 0.1126370057 0.1838470101 -0.1367543936 0.9733953476
-540.4 246.8 2316.1 0.2142049521 -0.6399043202 -0.7379963994 0.9678039551 0.0367971361 0.2490008920 -0.1321805865 -0.7675730586 0.6271840930
-585.9 41.3 2344.2 0.0027049046 -0.6562553048 -0.7545340657 0.9414414763 0.2560759485 -0.2193468809 0.3371655643 -0.7097563148 0.6185186505
-263.0 285.5 2368.5 0.9315587282 0.3073433042 -0.1942637563 -0.2475736141 0.1448855549 -0.9579746723 -0.2662810981 0.9405042529 0.2110594958
-87.2 238.7 2318.3 -0.6458639503 0.3073433042 0.6988561153 0.7576000094 0.1448855549 0.6364356875 0.0943500847 0.9405042529 -0.3264196515
-447.5 -128.5 2382.7 0.8085057139 0.0697461739 -0.5843406320 -0.0276989639 0.9963616133 0.0805996284 0.5878360868 -0.0489796326 0.8074959517
-474.9 -518.8 2401.9 0.8095645905 -0.0005468730 -0.5870305896 -0.0778065994 0.9910768867 -0.1082251370 0.5818516016 0.1332900822 0.8022982478
-270.9 -104.8 2412.9 -0.5570278764 0.0370438322 -0.8296672106 0.0598761402 0.9981962442 0.0043684193 0.8283325434 -0.0472439378 -0.5582411885
-285.4 -495.7 2431.4 -0.5702759624 0.0595504977 -0.8192918301 -0.0743061602 0.9895403385 0.1236465871 0.8180855513 0.1313911080 -0.5598860979
-586.6 -191.8 2260.7 0 0 0 0 0 0 0 0 0
-252.6 432.8 2342.5 0 0 0 0 0 0 0 0 0
-474.7 -766.2 2368.6 0 0 0 0 0 0 0 0 0
-301.5 -762.4 2395.9 0 0 0 0 0 0 0 0 0
-338.5 513.7 2355.4  0.9306589961 0.2372336686 -0.2785569429 -0.2430217713 0.9699183702 0.0140972780 0.2735218704 0.0545756444 0.9603162408
-398.8 267.5 2341.6 0.9306589961 0.2372336686 -0.2785569429 -0.2430217713 0.9699183702 0.0140972780 0.2735218704 0.0545756444 0.9603162408
-380.9 74.4 2369.0 0.9581846595 -0.0910830796 -0.2712674737 0.1253161877 0.9858152866 0.1116424203 0.2572509050 -0.1409682631 0.9560073018
-534.9 249.6 2305.0 0.2418097258 -0.5861572623 -0.7732707858 0.9584255815 0.0198666211 0.2846501768 -0.1514874995 -0.8099536896 0.5665920973
-587.4 41.5 2337.9 0.0006826655 -0.6019256711 -0.7985518575 0.9523590803 0.2439323664 -0.1830551177 0.3049782217 -0.7603831291 0.5734158754
-262.6 285.3 2378.1 0.9154227972 0.3675664067 -0.1640002131 -0.2452734262 0.1863713413 -0.9513709545 -0.3191270530 0.9111315012 0.2607628405
-87.1 238.3 2317.0 -0.6457336545 0.3675664067 0.6692705154 0.7561943531 0.1863713413 0.6272445917 0.1058212072 0.9111315012 -0.3982979059
-446.0 -131.7 2379.3 0.7631433010 0.0767091662 -0.6416603923 -0.0178355332 0.9950517416 0.0977441072 0.6459831595 -0.0631484017 0.7607352138
-476.1 -521.4 2404.0 0.7656801939 -0.0057362132 -0.6431959271 -0.0914679468 0.9888271689 -0.1177049130 0.6366847754 0.1489561200 0.7566006780
-270.1 -107.2 2412.5 -0.6175715327 0.0363121592 -0.7856760025 0.0568267480 0.9983829856 0.0014749842 0.7844591141 -0.0437365063 -0.6186364293
-284.3 -498.2 2429.7 -0.6294721365 0.0587532111 -0.7747985721 -0.0646266937 0.9897236228 0.1275559217 0.7743307948 0.1303655803 -0.6192064285
-587.6 -192.5 2263.0 0 0 0 0 0 0 0 0 0
-252.4 431.9 2344.1 0 0 0 0 0 0 0 0 0
-474.7 -765.4 2367.3 0 0 0 0 0 0 0 0 0
-300.0 -762.8 2394.8 0 0 0 0 0 0 0 0 0
-339.2 514.3 2353.9  0.9272755980 0.2310559601 -0.2945727408 -0.2365643531 0.9714614749 0.0173186604 0.2901676595 0.0536262430 0.9554721117
-398.1 266.5 2340.2 0.9272755980 0.2310559601 -0.2945727408 -0.2365643531 0.9714614749 0.0173186604 0.2901676595 0.0536262430 0.9554721117
-377.9 74.5 2372.4 0.9522253275 -0.1036156863 -0.2872816026 0.1456582397 0.9808864594 0.1290171295 0.2684224248 -0.1646983027 0.9491174221
-533.6 245.8 2302.0 0.2508185506 -0.8846663833 -0.3930081725 0.9505900741 0.1483620107 0.2727035582 -0.1829441935 -0.4419887662 0.8781670332
-586.9 43.8 2340.9 0.0007571395 -0.8846663833 -0.4662239850 0.9484727979 0.1483620107 -0.2799786627 0.3168576360 -0.4419887662 0.8391943574
-262.6 287.3 2378.3 0.9126114845 0.3742616475 -0.1645250022 -0.2539585233 0.2036007941 -0.9455431104 -0.3203831017 0.9046960473 0.2808553576
-86.2 238.2 2316.4 -0.6538839936 0.3742616475 0.6575438976 0.7497175932 0.2036007941 0.6296588778 0.1017806977 0.9046960473 -0.4137218297
-449.5 -130.0 2373.3 0.7535820603 0.0673632398 -0.6538931727 0.0096238032 0.9934982657 0.1134399176 0.6572834253 -0.0917792246 0.7480341792
-475.9 -518.9 2409.3 0.7591967583 -0.0007605207 -0.6508607268 -0.1098340973 0.9855082035 -0.1292675734 0.6415268779 0.1696262211 0.7481110692
-276.8 -107.3 2419.7 -0.6307970881 0.0199947655 -0.7756901979 0.0322701596 0.9994790554 -0.0004790210 0.7752765417 -0.0253338106 -0.6311137080
-284.6 -498.7 2429.6 -0.6391884685 0.0501145832 -0.7674155235 -0.0686194152 0.9901779294 0.1218154803 0.7659826875 0.1305226535 -0.6294714808
-587.1 -191.8 2262.2 0 0 0 0 0 0 0 0 0
-253.6 430.2 2342.5 0 0 0 0 0 0 0 0 0
-475.7 -766.5 2366.6 0 0 0 0 0 0 0 0 0
-297.9 -760.9 2395.1 0 0 0 0 0 0 0 0 0
-339.0 513.6 2353.6  0.9167539477 0.2343498021 -0.3234847188 -0.2405780405 0.9703980088 0.0212118644 0.3188799322 0.0583772585 0.9459956288
-398.1 269.1 2338.9 0.9167539477 0.2343498021 -0.3234847188 -0.2405780405 0.9703980088 0.0212118644 0.3188799322 0.0583772585 0.9459956288
-377.4 77.4 2373.0 0.9427838326 -0.1059477478 -0.3161229193 0.1546046287 0.9789863825 0.1329778582 0.2953913212 -0.1742434502 0.9393525124
-532.3 247.1 2296.8 0.2589601874 -0.8777477741 -0.4031110406 0.9458079934 0.1457800716 0.2901644409 -0.1959256232 -0.4564066827 0.8679320812
-588.1 43.3 2339.0 -0.0035978451 -0.8777477741 -0.4791095257 0.9505553246 0.1457800716 -0.2742130160 0.3105344772 -0.4564066827 0.8338232636
-263.9 291.2 2380.9 0.9000617862 0.4003951252 -0.1719666421 -0.2697675228 0.2020580471 -0.9414871335 -0.3422196209 0.8937876225 0.2898783386
-86.5 238.0 2313.4 -0.6491480470 0.4003951252 0.6467538476 0.7509715557 0.2020580471 0.6286606789 0.1210308447 0.8937876225 -0.4318509698
-443.5 -130.7 2380.4 0.7319017649 0.0838497505 -0.6762315035 -0.0055474783 0.9931004047 0.1171359420 0.6813875437 -0.0819806233 0.7273170948
-476.4 -519.6 2412.5 0.7365939021 0.0042737331 -0.6763218045 -0.1231347769 0.9841148853 -0.1278895438 0.6650317907 0.1774813831 0.7254192829
-271.7 -104.4 2428.8 -0.6535673738 0.0355754085 -0.7560318112 0.0351652876 0.9992433190 0.0166204702 0.7560510039 -0.0157234762 -0.6543238163
-285.6 -495.7 2434.9 -0.6651400328 0.0462538153 -0.7452847362 -0.0930615589 0.9851635695 0.1441952884 0.7408969402 0.1652674079 -0.6509672999
-587.2 -191.3 2262.4 0 0 0 0 0 0 0 0 0
-252.7 430.3 2344.4 0 0 0 0 0 0 0 0 0
-477.5 -767.2 2367.8 0 0 0 0 0 0 0 0 0
-298.5 -769.2 2389.0 0 0 0 0 0 0 0 0 0
-338.1 511.9 2345.9  0.9103382826 0.2465324849 -0.3324243128 -0.2439643890 0.9684863091 0.0501564220 0.3343136013 0.0354403816 0.9417952895
-401.0 265.2 2336.9 0.9103382826 0.2465324849 -0.3324243128 -0.2439643890 0.9684863091 0.0501564220 0.3343136013 0.0354403816 0.9417952895
-377.0 74.0 2371.5 0.9368960261 -0.1224823818 -0.3274505734 0.1724663675 0.9766442776 0.1281455755 0.3041071594 -0.1765332967 0.9361382723
-534.4 240.6 2293.6 0.2423553914 -0.9152364731 -0.3218789697 0.9396865368 0.1389053315 0.3125611842 -0.2413566858 -0.3782162368 0.8936998844
-585.5 42.4 2344.5 0.0064133275 -0.9152364731 -0.4028660655 0.9435982704 0.1389053315 -0.3005455732 0.3310305178 -0.3782162368 0.8645063639
-267.5 289.8 2380.2 0.9036247134 0.3955662251 -0.1642856002 -0.2563610077 0.1922053546 -0.9472782612 -0.3431347311 0.8981004953 0.2750892639
-86.2 238.3 2311.3 -0.6466557980 0.3955662251 0.6521990895 0.7526792288 0.1922053546 0.6297071576 0.1237347201 0.8981004953 -0.4220252037
-441.8 -128.3 2380.4 0.7231875062 0.0880583376 -0.6850150228 -0.0193239823 0.9940301180 0.1073812544 0.6903813481 -0.0644195676 0.7205717564
-476.3 -517.5 2405.6 0.7257428765 0.0063346210 -0.6879369020 -0.1116587818 0.9877837300 -0.1086994037 0.6788443327 0.1557020098 0.7175843120
-271.6 -100.3 2433.7 -0.6612268686 0.0380834304 -0.7492187023 0.0250786599 0.9992745519 0.0286606830 0.7497667074 0.0001618118 -0.6617022753
-286.5 -491.6 2433.7 -0.6709021330 0.0475591756 -0.7400192022 -0.0869296342 0.9860163927 0.1421792805 0.7364330292 0.1597179919 -0.6573861837
-587.1 -191.2 2262.6 0 0 0 0 0 0 0 0 0
-251.8 431.1 2343.0 0 0 0 0 0 0 0 0 0
-477.9 -766.5 2366.4 0 0 0 0 0 0 0 0 0
-300.0 -770.5 2388.5 0 0 0 0 0 0 0 0 0
-337.5 513.4 2348.6  0.9127819538 0.2469310015 -0.3253524303 -0.2470032424 0.9681130648 0.0417916737 0.3252975941 0.0422164202 0.9446688890
-401.2 263.6 2337.7 0.9127819538 0.2469310015 -0.3253524303 -0.2470032424 0.9681130648 0.0417916737 0.3252975941 0.0422164202 0.9446688890
-376.2 72.7 2373.6 0.9388794899 -0.1277202219 -0.3196761012 0.1783300042 0.9747620225 0.1343033165 0.2944548726 -0.1831024736 0.9379604459
-535.0 238.2 2295.8 0.2593121529 -0.8926404715 -0.3687142134 0.9383730888 0.1425404102 0.3148622513 -0.2285021096 -0.4276390970 0.8745922446
-589.3 41.6 2343.6 -0.0126358103 -0.8926404715 -0.4505921602 0.9404020309 0.1425404102 -0.3087494671 0.3398298621 -0.4276390970 0.8376398087
-267.5 289.0 2379.7 0.9106047153 0.3819611073 -0.1578124017 -0.2501277626 0.2053843588 -0.9461783171 -0.3289911151 0.9010676742 0.2825630307
-85.3 239.0 2313.8 -0.6481111646 0.3819611073 0.6588304639 0.7545838952 0.2053843588 0.6232337952 0.1027376056 0.9010676742 -0.4213336110
-437.7 -132.9 2378.6 0.7290470600 0.1014074087 -0.6769098043 -0.0139845908 0.9909644127 0.1333940029 0.6843206882 -0.0877842009 0.7238778472
-477.4 -520.8 2413.0 0.7337084413 0.0017774436 -0.6794620752 -0.1277970225 0.9825103879 -0.1354297698 0.6673378944 0.1861992031 0.7211033702
-268.4 -101.7 2433.5 -0.6549351215 0.0475426018 -0.7541881204 0.0225243159 0.9988037348 0.0434026495 0.7553493381 0.0114383483 -0.6552224755
-287.0 -492.8 2429.0 -0.6625422835 0.0449942984 -0.7476719022 -0.0748566240 0.9892192483 0.1258639097 0.7452746034 0.1393583566 -0.6520314813
-586.2 -191.1 2259.5 0 0 0 0 0 0 0 0 0
-251.2 432.2 2340.1 0 0 0 0 0 0 0 0 0
-477.8 -765.6 2366.6 0 0 0 0 0 0 0 0 0
-299.5 -767.5 2390.3 0 0 0 0 0 0 0 0 0
-338.1 514.3 2350.4  0.9280653596 0.2392247468 -0.2854228020 -0.2433171123 0.9697063565 0.0215945113 0.2819422483 0.0494071357 0.9581583738
-400.2 262.6 2337.6 0.9280653596 0.2392247468 -0.2854228020 -0.2433171123 0.9697063565 0.0215945113 0.2819422483 0.0494071357 0.9581583738
-376.9 71.1 2371.3 0.9529589415 -0.1194926947 -0.2785511315 0.1615912169 0.9778045416 0.1333661377 0.2564322948 -0.1721038818 0.9511165619
-535.9 239.5 2301.1 0.2365194261 -0.9123794436 -0.3340992332 0.9529451132 0.1507223248 0.2630178928 -0.1896159053 -0.3805870712 0.9050962925
-585.4 40.3 2340.8 0.0187672768 -0.9123794436 -0.4089150727 0.9441695809 0.1507223248 -0.2929617167 0.3289248645 -0.3805870712 0.8642695546
-264.6 285.6 2374.1 0.9258349538 0.3405166864 -0.1639450639 -0.2387819588 0.1908090115 -0.9521423578 -0.2929381728 0.9206738472 0.2579669058
-85.2 239.3 2317.3 -0.6481065154 0.3405166864 0.6811801195 0.7570338249 0.1908090115 0.6248933673 0.0828113109 0.9206738472 -0.3814472258
-436.0 -134.3 2382.8 0.7555625439 0.1054461375 -0.6465340853 -0.0366411991 0.9922173619 0.1190049648 0.6540509462 -0.0662259161 0.7535459399
-477.3 -522.8 2408.7 0.7576118708 0.0034829515 -0.6526960731 -0.1140697747 0.9853027463 -0.1271477789 0.6426603794 0.1707815528 0.7468743324
-266.4 -102.0 2436.0 -0.6233869195 0.0503425263 -0.7802911997 0.0178603977 0.9985816479 0.0501571521 0.7817094922 0.0173310004 -0.6234018207
-286.1 -493.2 2429.2 -0.6304532886 0.0451863371 -0.7749108672 -0.0757907480 0.9899506569 0.1193876341 0.7725182176 0.1339994073 -0.6206929684
-590.0 -191.6 2260.0 0 0 0 0 0 0 0 0 0
-251.1 433.1 2338.5 0 0 0 0 0 0 0 0 0
-478.2 -767.7 2366.3 0 0 0 0 0 0 0 0 0
-298.5 -765.0 2392.4 0 0 0 0 0 0 0 0 0
-336.0 511.9 2343.9  0.9305738807 0.2524922490 -0.2651035190 -0.2488789707 0.9673584104 0.0477180220 0.2684985399 0.0215735473 0.9630385041
-401.2 262.2 2338.3 0.9305738807 0.2524922490 -0.2651035190 -0.2488789707 0.9673584104 0.0477180220 0.2684985399 0.0215735473 0.9630385041
-376.8 70.4 2368.8 0.9573890567 -0.1248441339 -0.2604229450 0.1601781994 0.9798743129 0.1191189662 0.2403104305 -0.1557572782 0.9581182599
-537.5 239.4 2304.1 0.2260915190 -0.9186835885 -0.3238874972 0.9562397003 0.1459274590 0.2535958588 -0.1857102811 -0.3670499623 0.9114746451
-584.8 39.5 2342.9 0.0125978021 -0.9186835885 -0.3947933316 0.9396057725 0.1459274590 -0.3095903099 0.3420267105 -0.3670499623 0.8650387526
-264.8 285.1 2372.5 0.9201703668 0.3548038900 -0.1655316651 -0.2353061587 0.1632560939 -0.9581119418 -0.3129177690 0.9205768108 0.2337109596
