-148.2 464.7 2670.5 0 0.9486109614 -0.1481750011 -0.2796094418 0.1355503052 0.9886964560 -0.0640736520 0.2859430015 0.0228798222 0.9579734206
-109.9 209.2 2664.6 0.9486109614 -0.1481750011 -0.2796094418 0.1355503052 0.9886964560 -0.0640736520 0.2859430015 0.0228798222 0.9579734206
-120.7 16.4 2684.2 0.9560564756 0.0555348359 -0.2878747582 -0.0237469915 0.9933381677 0.1127622575 0.2922192216 -0.1009709314 0.9510062337
-240.5 212.5 2624.7 0.4731529057 -0.8185756207 -0.3256690502 0.0783466399 0.4072993696 -0.9099280238 0.8774896860 0.4050200284 0.2568475306
-344.2 195.3 2432.4 -0.5348604918 -0.8185756207 -0.2094235718 -0.7975718975 0.4072993696 0.4449565113 -0.2789324522 0.4050200284 -0.8707212210
20.7 206.0 2704.5 0.2329157442 0.6516490579 0.7218751907 -0.9722267389 0.1735252738 0.1570483744 -0.0229231548 -0.7384053469 0.6739674211
78.4 -35.0 2698.8 -0.2217578590 0.6516490579 0.7253805399 -0.8873658776 0.1735252738 -0.4271660149 -0.4042342007 -0.7384053469 0.5397705436
-215.9 -174.2 2678.8 0.9583718181 -0.0125406468 0.2852476537 0.0266869590 0.9985958934 -0.0457602032 -0.2842732668 0.0514676832 0.9573608637
-211.0 -561.9 2658.9 0.9586687088 -0.0353163928 0.2823243737 0.0190834384 0.9980133772 0.0600427650 -0.2838839889 -0.0521734022 0.9574381709
-44.1 -178.0 2729.6 0.9928665757 0.0581415519 0.1040940881 -0.0449437201 0.9911479354 -0.1249231771 -0.1104358733 0.1193536669 0.9866907597
-66.7 -562.8 2683.2 0.9895380735 -0.0968840271 0.1069015190 0.1051537246 0.9916514158 -0.0746334866 -0.0987782478 0.0850937739 0.9914645553
-209.5 396.3 2502.7 0 0 0 0 0 0 0 0 0
22.1 -260.2 2596.2 0 0 0 0 0 0 0 0 0
-201.7 -825.7 2672.7 0 0 0 0 0 0 0 0 0
-38.8 -848.0 2658.8 0 0 0 0 0 0 0 0 0
-146.5 467.2 2672.2 1 0.9520041347 -0.1449517012 -0.2695869803 0.1289786249 0.9887194037 -0.0761475042 0.2775835991 0.0377217755 0.9599606395
-108.7 209.7 2662.4 0.9520041347 -0.1449517012 -0.2695869803 0.1289786249 0.9887194037 -0.0761475042 0.2775835991 0.0377217755 0.9599606395
-120.2 17.2 2684.7 0.9586423039 0.0593515374 -0.2783564925 -0.0245947056 0.9916317463 0.1267343909 0.2835490108 -0.1146468520 0.9520798326
-239.7 213.0 2623.7 0.4799208045 -0.8175991774 -0.3181313574 0.0823049918 0.4029806554 -0.9115001559 0.8734425902 0.4112640619 0.2606912851
-343.9 195.2 2434.1 -0.5332373977 -0.8175991774 -0.2172311991 -0.7994071245 0.4029806554 0.4455949664 -0.2767781019 0.4112640619 -0.8684789538
22.3 206.3 2701.1 0.2281443030 0.6766075492 0.7001088858 -0.9735813141 0.1655310243 0.1572862417 -0.0094686877 -0.7174968719 0.6964973807
79.0 -35.9 2698.8 -0.2219796330 0.6766075492 0.7020878196 -0.8832205534 0.1655310243 -0.4387720525 -0.4130938053 -0.7174968719 0.5608491302
-217.1 -174.3 2677.6 0.9556375742 -0.0159206502 0.2941145599 0.0294421054 0.9987003207 -0.0416029133 -0.2930699587 0.0484166592 0.9548643231
-211.0 -562.0 2658.8 0.9560959935 -0.0375779346 0.2906344235 0.0187360607 0.9975538850 0.0673441887 -0.2924541533 -0.0589421652 0.9544612765
-45.8 -178.6 2730.0 0.9918398857 0.0596853346 0.1126554757 -0.0467134900 0.9923283458 -0.1144653335 -0.1186231226 0.1082687601 0.9870189428
-69.0 -563.8 2687.9 0.9882075787 -0.1024248227 0.1138199642 0.1134180278 0.9890227914 -0.0947115347 -0.1028697267 0.1065038890 0.9889765978
-209.7 396.3 2503.7 0 0 0 0 0 0 0 0 0
22.7 -260.1 2593.9 0 0 0 0 0 0 0 0 0
-200.9 -828.9 2674.6 0 0 0 0 0 0 0 0 0
-39.9 -844.9 2657.7 0 0 0 0 0 0 0 0 0
-146.1 458.0 2664.1 2 0.9520398974 -0.1473487914 -0.2681572735 0.1392937452 0.9890415072 -0.0489297174 0.2724284232 0.0092304088 0.9621317983
-108.7 207.2 2661.8 0.9520398974 -0.1473487914 -0.2681572735 0.1392937452 0.9890415072 -0.0489297174 0.2724284232 0.0092304088 0.9621317983
-119.1 14.6 2683.5 0.9595850706 0.0536478721 -0.2762578726 -0.0202496573 0.9922794104 0.1223581806 0.2806892395 -0.1118189618 0.9532628655
-239.8 210.0 2623.4 0.4851396978 -0.8189679384 -0.3064816594 0.0773512721 0.3893088698 -0.9178536534 0.8710087538 0.4215804935 0.2522173822
-345.2 193.2 2434.2 -0.5255108476 -0.8189679384 -0.2304991633 -0.8039179444 0.3893088698 0.4496159852 -0.2784857154 0.4215804935 -0.8629690409
22.4 204.5 2700.1 0.2190870494 0.6821797490 0.6975899339 -0.9756449461 0.1611213386 0.1488517374 -0.0108529823 -0.7132115960 0.7008647919
76.5 -36.4 2697.4 -0.2212121338 0.6821797490 0.6969189644 -0.8842296004 0.1611213386 -0.4383810163 -0.4113431573 -0.7132115960 0.5675615072
-217.6 -173.1 2681.5 0.9547105432 -0.0106205400 0.2973466516 0.0288535785 0.9979572892 -0.0569973439 -0.2961339056 0.0629954785 0.9530667663
-213.5 -560.5 2657.1 0.9552018046 -0.0435299687 0.2927364707 0.0187399741 0.9960353374 0.0869619399 -0.2953613400 -0.0775803253 0.9522305131
-45.8 -177.5 2732.3 0.9918797016 0.0531160235 0.1155568436 -0.0381806828 0.9910620451 -0.1278213263 -0.1213133633 0.1223713309 0.9850422740
-66.5 -562.2 2684.8 0.9887366295 -0.0923561007 0.1177717075 0.1026225835 0.9911413789 -0.0843050629 -0.1089423299 0.0954415426 0.9894556403
-212.8 395.8 2504.4 0 0 0 0 0 0 0 0 0
20.3 -260.9 2593.0 0 0 0 0 0 0 0 0 0
-201.7 -829.8 2678.0 0 0 0 0 0 0 0 0 0
-40.0 -846.3 2657.5 0 0 0 0 0 0 0 0 0
-145.4 450.0 2670.0 3 0.9537501335 -0.1460412443 -0.2627406120 0.1321090758 0.9887581468 -0.0700326264 0.2700145543 0.0320832059 0.9623215795
-109.4 206.0 2662.1 0.9537501335 -0.1460412443 -0.2627406120 0.1321090758 0.9887581468 -0.0700326264 0.2700145543 0.0320832059 0.9623215795
-117.4 13.3 2683.8 0.9612066150 0.0414226577 -0.2727013230 -0.0091291368 0.9928953052 0.1186403260 0.2756782770 -0.1115483418 0.9547557235
-240.7 207.3 2624.5 0.4857651293 -0.8128558993 -0.3213993311 0.0592248179 0.3974590003 -0.9157066941 0.8720806241 0.4257835746 0.2412129641
-346.0 194.5 2435.4 -0.5345150232 -0.8128558993 -0.2314281017 -0.7994561791 0.3974590003 0.4504399896 -0.2741596103 0.4257835746 -0.8622904420
21.9 204.8 2699.8 0.2250991911 0.6594052911 0.7172970176 -0.9741601944 0.1662922949 0.1528358012 -0.0185002368 -0.7331654429 0.6797986627
77.6 -36.3 2695.2 -0.2282669246 0.6594052911 0.7162952423 -0.8849011064 0.1662922949 -0.4350827038 -0.4060102105 -0.7331654429 0.5455493927
-215.5 -176.2 2680.0 0.9530106187 0.0028778773 0.3029232025 0.0129696289 0.9986504316 -0.0502905920 -0.3026591241 0.0518562719 0.9516870975
-216.6 -563.8 2659.9 0.9516572952 -0.0605211295 0.3011405468 0.0418488644 0.9968017340 0.0680804774 -0.3042977452 -0.0521868952 0.9511463642
-43.6 -179.8 2730.3 0.9908428192 0.0569934957 0.1224021614 -0.0419012122 0.9915816784 -0.1225157306 -0.1283543408 0.1162650287 0.9848896265
-65.7 -564.7 2685.2 0.9876920581 -0.0949881375 0.1242644787 0.1064180732 0.9903465509 -0.0888195187 -0.1146280989 0.1009503156 0.9882658720
-211.4 395.8 2504.4 0 0 0 0 0 0 0 0 0
19.7 -260.9 2592.1 0 0 0 0 0 0 0 0 0
-201.2 -817.9 2673.2 0 0 0 0 0 0 0 0 0
-38.6 -847.1 2656.4 0 0 0 0 0 0 0 0 0
-133.6 452.7 2672.5 4 0.9563805461 -0.0949359760 -0.2762668729 0.0800425112 0.9946880341 -0.0647220984 0.2809438109 0.0397858582 0.9588992000
-110.0 205.5 2662.6 0.9563805461 -0.0949359760 -0.2762668729 0.0800425112 0.9946880341 -0.0647220984 0.2809438109 0.0397858582 0.9588992000
-116.8 12.6 2683.2 0.9588965178 0.0352914482 -0.2815527320 -0.0038359577 0.9937571287 0.1114989817 0.2837300003 -0.1058359668 0.9530456662
-241.0 206.1 2623.8 0.4822739363 -0.8181730509 -0.3130570352 0.0428300686 0.3789574504 -0.9244224429 0.8749728203 0.4324166179 0.2178037018
-344.3 196.9 2436.4 -0.5270186663 -0.8181730509 -0.2298786342 -0.7949564457 0.3789574504 0.4737462103 -0.3004921675 0.4324166179 -0.8501296043
21.0 205.0 2701.4 0.2420149148 0.6481023431 0.7220748663 -0.9701066613 0.1753896326 0.1677247584 -0.0179416351 -0.7410814762 0.6711753011
80.8 -34.5 2697.0 -0.2382509261 0.6481023431 0.7233255506 -0.8775746226 0.1753896326 -0.4462076724 -0.4160520434 -0.7410814762 0.5269714594
-211.6 -178.6 2680.7 0.9553068876 0.0156233264 0.2952027023 0.0036638838 0.9979000092 -0.0646696314 -0.2955931425 0.0628609359 0.9532434940
-217.6 -565.9 2656.3 0.9530616403 -0.0706934631 0.2944077551 0.0496003404 0.9956781864 0.0785161257 -0.2986859381 -0.0602279827 0.9524490833
-39.4 -180.2 2730.1 0.9912124872 0.0654346943 0.1149611250 -0.0506014340 0.9905450344 -0.1275147498 -0.1222180575 0.1205770224 0.9851517081
-64.8 -564.8 2683.3 0.9890219569 -0.0894917995 0.1175871864 0.0999355689 0.9912581444 -0.0861403048 -0.1088504046 0.0969457924 0.9893195033
-211.3 397.5 2512.3 0 0 0 0 0 0 0 0 0
20.3 -257.2 2591.4 0 0 0 0 0 0 0 0 0
-199.7 -818.7 2671.6 0 0 0 0 0 0 0 0 0
-39.2 -848.1 2655.6 0 0 0 0 0 0 0 0 0
-136.4 450.9 2673.2 5 0.9556729198 -0.1061689332 -0.2746223807 0.0894418806 0.9933302402 -0.0727676749 0.2805163860 0.0449793562 0.9587947726
-110.2 205.3 2662.1 0.9556729198 -0.1061689332 -0.2746223807 0.0894418806 0.9933302402 -0.0727676749 0.2805163860 0.0449793562 0.9587947726
-116.2 12.3 2681.7 0.9590994716 0.0311908200 -0.2813454866 -0.0014008208 0.9944216013 0.1054692492 0.2830657065 -0.1007613912 0.9537929296
-241.2 205.5 2623.4 0.4554131031 -0.8245469928 -0.3357397616 0.0033651735 0.3787085712 -0.9255098701 0.8902738690 0.4203594923 0.1752435863
-336.8 204.8 2436.6 -0.5272533894 -0.8245469928 -0.2052465230 -0.7838225365 0.3787085712 0.4921402931 -0.3280641735 0.4203594923 -0.8459738493
20.8 205.1 2700.8 0.2489807606 0.6414507627 0.7256373167 -0.9682196975 0.1831458062 0.1703179628 -0.0236468427 -0.7449822426 0.6666650772
82.1 -33.2 2695.0 -0.2366501093 0.6414507627 0.7297517657 -0.8764907718 0.1831458062 -0.4452207685 -0.4192381799 -0.7449822426 0.5188841820
-209.6 -179.9 2678.3 0.9550030828 0.0152171468 0.2962051630 0.0033150301 0.9980729818 -0.0619627498 -0.2965772748 0.0601565465 0.9531123042
-215.5 -567.4 2654.9 0.9530783892 -0.0673725829 0.2951313853 0.0429033749 0.9951409698 0.0886213258 -0.2996679842 -0.0718009397 0.9513378739
-37.8 -180.6 2729.1 0.9908903837 0.0675823167 0.1164854318 -0.0526216850 0.9905011058 -0.1270376593 -0.1239644438 0.1197507381 0.9850342870
-64.0 -565.1 2682.6 0.9891119003 -0.0859313831 0.1194713637 0.0960107073 0.9920518398 -0.0813328847 -0.1115327403 0.0919178575 0.9895006418
-202.4 404.6 2520.2 0 0 0 0 0 0 0 0 0
22.0 -255.7 2588.6 0 0 0 0 0 0 0 0 0
-198.4 -819.9 2673.2 0 0 0 0 0 0 0 0 0
-39.6 -846.7 2656.5 0 0 0 0 0 0 0 0 0
-139.1 449.0 2683.6 6 0.9568265676 -0.1186478958 -0.2653405666 0.0894804746 0.9887968302 -0.1194742620 0.2765432596 0.0905733481 0.9567237496
-109.9 205.1 2661.3 0.9568265676 -0.1186478958 -0.2653405666 0.0894804746 0.9887968302 -0.1194742620 0.2765432596 0.0905733481 0.9567237496
-115.5 12.1 2681.3 0.9608410597 0.0291836821 -0.2755590975 0.0004960677 0.9942558408 0.1070285439 0.2770997286 -0.1029741168 0.9553073049
-241.1 205.1 2623.4 0.4468009472 -0.8264245987 -0.3426241279 -0.0268789269 0.3704037368 -0.9284818769 0.8942295313 0.4240559638 0.1432833374
-333.1 210.6 2439.4 -0.5258651376 -0.8264245987 -0.2012168318 -0.7769173384 0.3704037368 0.5091174245 -0.3462156951 0.4240559638 -0.8368459940
21.4 205.2 2699.1 0.2456831634 0.6465336680 0.7222422957 -0.9690526128 0.1822746843 0.1664720774 -0.0240166839 -0.7407901883 0.6713069677
82.3 -34.8 2693.2 -0.2283625603 0.6465336680 0.7279043198 -0.8802710176 0.1822746843 -0.4380626082 -0.4159007668 -0.7407901883 0.5275001526
-208.2 -180.6 2675.9 0.9531483650 0.0140389763 0.3021773696 0.0048849704 0.9980779290 -0.0617785975 -0.3024638593 0.0603602938 0.9512477517
-213.7 -568.1 2652.4 0.9521265030 -0.0552143045 0.3006766737 0.0278929081 0.9951420426 0.0944153666 -0.3044290841 -0.0815086290 0.9490412474
-36.4 -180.9 2726.6 0.9892460108 0.0779543370 0.1237556040 -0.0641943663 0.9916857481 -0.1115277633 -0.1314207464 0.1023839861 0.9860253930
-66.6 -565.8 2686.9 0.9870235920 -0.1002907008 0.1254043728 0.1120088026 0.9896083474 -0.0901628584 -0.1150587127 0.1030392647 0.9880002141
-197.6 410.8 2528.6 0 0 0 0 0 0 0 0 0
24.3 -258.2 2587.6 0 0 0 0 0 0 0 0 0
-199.6 -820.9 2673.1 0 0 0 0 0 0 0 0 0
-38.1 -847.2 2657.6 0 0 0 0 0 0 0 0 0
-138.8 450.9 2688.8 7 0.9573159814 -0.1170633286 -0.2642769814 0.0816458836 0.9865989685 -0.1412671357 0.2772726119 0.1136601567 0.9540446997
-109.7 205.0 2660.5 0.9573159814 -0.1170633286 -0.2642769814 0.0816458836 0.9865989685 -0.1412671357 0.2772726119 0.1136601567 0.9540446997
-114.9 12.0 2680.3 0.9609177709 0.0269655082 -0.2755174935 0.0024531167 0.9943761826 0.1058774889 0.2768230736 -0.1024154350 0.9554475546
-241.0 204.7 2622.6 0.4452211261 -0.8269484043 -0.3434159458 -0.0426919162 0.3634845018 -0.9306215048 0.8944023252 0.4289934337 0.1265269667
-331.7 213.4 2440.3 -0.5249834061 -0.8269484043 -0.2013672739 -0.7723592520 0.3634845018 0.5209032297 -0.3575662076 0.4289934337 -0.8295245767
21.6 205.4 2698.3 0.2579270899 0.6123917103 0.7472951412 -0.9657364488 0.1864304990 0.1805459112 -0.0287537985 -0.7682578564 0.6394944191
86.4 -37.0 2691.1 -0.2448372096 0.6123917103 0.7516855597 -0.8792901635 0.1864304990 -0.4382835925 -0.4085383415 -0.7682578564 0.4928248525
-207.3 -180.9 2676.4 0.9529224038 0.0148023795 0.3028527498 -0.0022309734 0.9991229177 -0.0418138877 -0.3032060862 0.0391697362 0.9521196485
-213.0 -568.7 2661.2 0.9514048100 -0.0560325570 0.3028023243 0.0399315953 0.9974524975 0.0591101833 -0.3053430319 -0.0441463292 0.9512185454
-35.1 -180.8 2726.1 0.9888864756 0.0825400800 0.1236554682 -0.0677051172 0.9904973507 -0.1197121367 -0.1323614568 0.1100096032 0.9850778580
-67.1 -565.3 2683.4 0.9866934419 -0.1009130776 0.1274857223 0.1106679142 0.9912540317 -0.0718888938 -0.1191162169 0.0850408748 0.9892317057
-194.7 415.0 2533.6 0 0 0 0 0 0 0 0 0
24.2 -260.2 2587.4 0 0 0 0 0 0 0 0 0
-199.0 -818.8 2672.3 0 0 0 0 0 0 0 0 0
-38.2 -849.5 2659.0 0 0 0 0 0 0 0 0 0
-141.0 446.6 2691.4 8 0.9498023391 -0.1298770010 -0.2846181691 0.0884092972 0.9841022491 -0.1540341079 0.3000988662 0.1211390644 0.9461849928
-109.1 204.6 2661.6 0.9498023391 -0.1298770010 -0.2846181691 0.0884092972 0.9841022491 -0.1540341079 0.3000988662 0.1211390644 0.9461849928
-112.7 11.5 2681.0 0.9540928006 0.0189337879 -0.2989121675 0.0118794674 0.9948223829 0.1009322256 0.2992755473 -0.0998496190 0.9489279389
-239.4 203.0 2620.7 0.4529506862 -0.8240808249 -0.3401858807 -0.0467962548 0.3590706587 -0.9321364760 0.8903065920 0.4381312728 0.1240774021
-331.6 212.5 2439.4 -0.5261658430 -0.8240808249 -0.2098577172 -0.7717249990 0.3590706587 0.5248892903 -0.3571974933 0.4381312728 -0.8248944879
21.3 206.2 2702.5 0.2656772733 0.5902685523 0.7622326612 -0.9628075361 0.2027769089 0.1785586774 -0.0491655990 -0.7813223004 0.6221882105
88.7 -38.4 2690.0 -0.2476907074 0.5902685523 0.7682657838 -0.8757386208 0.2027769089 -0.4381363094 -0.4144046605 -0.7813223004 0.4666950107
-206.2 -181.2 2675.4 0.9596039653 0.0172904897 0.2808225155 -0.0040798252 0.9988600612 -0.0475594476 -0.2813247144 0.0444925278 0.9585806131
-212.9 -569.0 2658.1 0.9583328366 -0.0515834577 0.2809579372 0.0340458639 0.9971752167 0.0669512302 -0.2836178839 -0.0545961037 0.9573819041
-34.0 -180.8 2725.0 0.9915505648 0.0805007070 0.1017210335 -0.0679225326 0.9902545214 -0.1215831786 -0.1105172485 0.1136467159 0.9873552322
-65.3 -565.2 2680.9 0.9900899529 -0.0916391835 0.1064150631 0.0985212624 0.9932442307 -0.0613149032 -0.1000772938 0.0711914152 0.9924294949
-192.3 416.9 2534.0 0 0 0 0 0 0 0 0 0
25.9 -260.6 2584.8 0 0 0 0 0 0 0 0 0
-199.7 -825.6 2672.2 0 0 0 0 0 0 0 0 0
-39.1 -849.0 2660.6 0 0 0 0 0 0 0 0 0
-141.8 439.4 2683.2 9 0.9436091185 -0.1354550272 -0.3020823300 0.1022267863 0.9870910645 -0.1232919544 0.3148832917 0.0854585022 0.9452753067
-109.6 205.0 2662.9 0.9436091185 -0.1354550272 -0.3020823300 0.1022267863 0.9870910645 -0.1232919544 0.3148832917 0.0854585022 0.9452753067
-112.7 11.8 2681.2 0.9488828182 0.0159843136 -0.3152235150 0.0147156455 0.9953903556 0.0947710201 0.3152852952 -0.0945653096 0.9442735910
-239.2 203.0 2619.8 0.4705615342 -0.8163893819 -0.3347838521 -0.0414247140 0.3585575223 -0.9325880408 0.8813942671 0.4527083933 0.1349046826
-333.9 211.3 2442.5 -0.5372890234 -0.8163893819 -0.2117282897 -0.7589848042 0.3585575223 0.5434874296 -0.3677806258 0.4527083933 -0.8122761250
20.0 207.0 2705.9 0.2751131058 0.5571144819 0.7835408449 -0.9587796926 0.2192507386 0.1807501018 -0.0710934028 -0.8009697795 0.5944688320
90.2 -37.5 2687.8 -0.2426854372 0.5571144819 0.7941833735 -0.8794268370 0.2192507386 -0.4225369990 -0.4095267951 -0.8009697795 0.4367325008
-201.8 -182.7 2673.6 0.9639399648 0.0263661593 0.2648105323 -0.0112403780 0.9982256889 -0.0584732331 -0.2658824027 0.0533881150 0.9625259638
-212.1 -570.2 2652.9 0.9626019597 -0.0524464808 0.2657948136 0.0293790810 0.9955053329 0.0900333300 -0.2693220973 -0.0788574517 0.9598162174
-30.9 -180.6 2727.2 0.9917554259 0.0960297957 0.0848492458 -0.0839036703 0.9870871305 -0.1364520341 -0.0968570635 0.1282078922 0.9870063066
-68.2 -563.7 2677.4 0.9907694459 -0.0992309228 0.0923532397 0.1046672612 0.9929293394 -0.0560005195 -0.0861432627 0.0651499629 0.9941502810
-190.1 414.4 2540.9 0 0 0 0 0 0 0 0 0
28.6 -260.7 2583.9 0 0 0 0 0 0 0 0 0
-198.6 -826.2 2673.1 0 0 0 0 0 0 0 0 0
-39.8 -848.0 2658.8 0 0 0 0 0 0 0 0 0
-140.0 440.3 2680.1 0 0.9428079128 -0.1260405630 -0.3085887134 0.0965973660 0.9893413186 -0.1089617908 0.3190331757 0.0729211867 0.9449340701
-110.0 205.1 2662.7 0.9428079128 -0.1260405630 -0.3085887134 0.0965973660 0.9893413186 -0.1089617908 0.3190331757 0.0729211867 0.9449340701
-112.9 11.8 2680.5 0.9473631978 0.0148268845 -0.3198173940 0.0152914356 0.9956915975 0.0914570317 0.3197955191 -0.0915334895 0.9430548549
-239.4 203.0 2619.0 0.5037930012 -0.8056316972 -0.3116891682 0.0293552838 0.3765833080 -0.9259175062 0.8633254766 0.4573210478 0.2133695930
-344.3 196.9 2439.3 -0.5534803867 -0.8056316972 -0.2112273723 -0.7537029386 0.3765833080 0.5386250019 -0.3543886542 0.4573210478 -0.8156384826
19.4 207.2 2706.4 0.2801547647 0.5301330686 0.8002950549 -0.9564012289 0.2258093953 0.1852208525 -0.0825224444 -0.8172937036 0.5702815056
90.5 -35.5 2685.5 -0.2464019656 0.5301330686 0.8113229871 -0.8812640309 0.2258093953 -0.4151912630 -0.4033109844 -0.8172937036 0.4115473628
-200.8 -182.8 2671.4 0.9649999738 0.0279993694 0.2607509792 -0.0164320953 0.9987860918 -0.0464366823 -0.2617346346 0.0405267142 0.9642886519
-211.6 -570.5 2655.6 0.9637819529 -0.0487516522 0.2621976137 0.0285301916 0.9963554144 0.0803862661 -0.2651609778 -0.0699942783 0.9616602659
-30.8 -180.2 2727.9 0.9926965833 0.0898026749 0.0805539563 -0.0781363547 0.9873691201 -0.1378293633 -0.0919139385 0.1305285394 0.9871748090
-65.6 -563.4 2677.2 0.9921945930 -0.0887545198 0.0875929520 0.0939467326 0.9939416647 -0.0570436940 -0.0819993988 0.0648275167 0.9945217371
-195.5 399.6 2534.6 0 0 0 0 0 0 0 0 0
27.9 -259.2 2583.1 0 0 0 0 0 0 0 0 0
-199.3 -821.6 2673.3 0 0 0 0 0 0 0 0 0
-40.3 -846.6 2658.7 0 0 0 0 0 0 0 0 0
-138.7 436.7 2679.0 1 0.9443396926 -0.1231253147 -0.3050617874 0.0941011384 0.9896717072 -0.1081426889 0.3152261376 0.0734167695 0.9461725354
-109.8 204.9 2661.8 0.9443396926 -0.1231253147 -0.3050617874 0.0941011384 0.9896717072 -0.1081426889 0.3152261376 0.0734167695 0.9461725354
-112.6 11.6 2679.3 0.9486757517 0.0141938329 -0.3159317672 0.0150679052 0.9958291054 0.0899852142 0.3158912957 -0.0901272148 0.9445050359
-239.4 202.9 2618.7 0.5206772685 -0.8006780744 -0.2963272631 0.0415697098 0.3704518676 -0.9279209971 0.8527409434 0.4708290994 0.2261698097
-348.7 194.2 2439.8 -0.5469389558 -0.8006780744 -0.2444840223 -0.7727164030 0.3704518676 0.5154365301 -0.3221291602 0.4708290994 -0.8213115931
19.8 207.0 2705.0 0.2705588043 0.5414212942 0.7960281968 -0.9591610432 0.2224703133 0.1746914238 -0.0825109929 -0.8107835650 0.5795015097
89.1 -39.0 2683.8 -0.2514696717 0.5414212942 0.8022630215 -0.8773583174 0.2224703133 -0.4251463115 -0.4086629748 -0.8107835650 0.4190759063
-200.6 -182.8 2669.6 0.9636197090 0.0334201157 0.2651794851 -0.0253079366 0.9991030693 -0.0339502655 -0.2660762370 0.0260039978 0.9636011720
-213.6 -570.7 2659.5 0.9622935057 -0.0511696823 0.2671569288 0.0360073745 0.9974665642 0.0613511465 -0.2696194351 -0.0494181924 0.9616980553
-30.9 -180.1 2726.9 0.9916652441 0.0963754728 0.0855089948 -0.0847537071 0.9878253937 -0.1304522306 -0.0970403552 0.1221177354 0.9877603054
-68.3 -563.6 2679.5 0.9908375740 -0.0989475995 0.0919252932 0.1048973352 0.9925290942 -0.0623098165 -0.0850731283 0.0713816285 0.9938144684
-203.0 400.0 2525.6 0 0 0 0 0 0 0 0 0
25.3 -261.7 2580.1 0 0 0 0 0 0 0 0 0
-200.6 -823.5 2672.1 0 0 0 0 0 0 0 0 0
-40.0 -847.1 2659.1 0 0 0 0 0 0 0 0 0
-138.6 433.9 2675.5 2 0.9478558898 -0.0960278437 -0.3038879037 0.0802843869 0.9947207570 -0.0639145374 0.3084211648 0.0361843146 0.9505614638
-118.0 219.9 2667.7 0.9478558898 -0.0960278437 -0.3038879037 0.0802843869 0.9947207570 -0.0639145374 0.3084211648 0.0361843146 0.9505614638
-113.6 26.4 2676.9 0.9504760504 -0.0227050968 -0.3099673092 0.0362959951 0.9986127019 0.0381487906 0.3086710870 -0.0475100838 0.9499815702
-247.8 214.9 2625.5 0.4971456230 -0.8004537821 -0.3348432779 0.1486336142 0.4587730467 -0.8760339022 0.8548416495 0.3857474327 0.3470513523
-359.6 181.5 2433.2 -0.5840210319 -0.8004537821 -0.1348822564 -0.7417700887 0.4587730467 0.4891875386 -0.3296916485 0.3857474327 -0.8616857529
11.8 224.9 2709.9 0.2844566405 0.4815622270 0.8289645314 -0.9532505274 0.2340470999 0.1911423206 -0.1019698307 -0.8445826173 0.5256257057
90.3 -38.0 2681.8 -0.2704715729 0.4815622270 0.8336323500 -0.8769547343 0.2340470999 -0.4197288752 -0.3972347975 -0.8445826173 0.3590051830
-200.3 -183.0 2668.5 0.9606993794 0.0316743180 0.2757779062 -0.0215948634 0.9989857674 -0.0395101346 -0.2767496705 0.0320019722 0.9604090452
-212.6 -570.8 2656.1 0.9596555829 -0.0448052958 0.2775854766 0.0230986904 0.9964479208 0.0809817463 -0.2802278697 -0.0713027194 0.9572817087
-30.4 -180.3 2725.1 0.9904578924 0.0913969725 0.1031492576 -0.0784690157 0.9892871976 -0.1230993122 -0.1132951453 0.1138306633 0.9870191216
-65.8 -564.4 2680.9 0.9900221825 -0.0904382095 0.1080602109 0.0981220677 0.9928461313 -0.0680342987 -0.1011342555 0.0779585540 0.9918136597
-234.8 340.0 2503.7 0 0 0 0 0 0 0 0 0
21.6 -260.6 2581.0 0 0 0 0 0 0 0 0 0
-201.1 -827.0 2674.4 0 0 0 0 0 0 0 0 0
-40.3 -844.4 2658.9 0 0 0 0 0 0 0 0 0
-138.8 434.7 2675.7 3 0.9528412819 -0.0791420937 -0.2929675877 0.0713213682 0.9967557788 -0.0372989774 0.2949690521 0.0146451565 0.9553945661
-122.5 229.3 2672.7 0.9528412819 -0.0791420937 -0.2929675877 0.0713213682 0.9967557788 -0.0372989774 0.2949690521 0.0146451565 0.9553945661
-114.5 35.7 2677.5 0.9543175101 -0.0413720198 -0.2959162295 0.0468763188 0.9988341928 0.0115272719 0.2950943410 -0.0248721410 0.9551443458
-252.8 222.9 2632.4 0.4942660928 -0.7691858411 -0.4050360322 0.2042402327 0.5556362271 -0.8059493303 0.8449774981 0.3156287670 0.4317308366
-366.3 176.0 2438.4 -0.6341492534 -0.7691858411 -0.0787900612 -0.7246078253 0.5556362271 0.4076908827 -0.2698114216 0.3156287670 -0.9097144008
7.8 235.8 2713.1 0.2914893925 0.4957155287 0.8181076050 -0.9518848062 0.2348946482 0.1968242526 -0.0946002528 -0.8361163735 0.5403333902
85.0 -16.3 2688.0 -0.2329230458 0.4957155287 0.8366677761 -0.8915021420 0.2348946482 -0.3873608112 -0.3885495663 -0.8361163735 0.3872191012
-194.3 -170.4 2658.4 0.9552426934 0.0451658294 0.2923549414 -0.0418910086 0.9989696741 -0.0174555406 -0.2928421199 0.0044272332 0.9561505318
-211.9 -558.1 2656.7 0.9544483423 -0.0422281772 0.2953729331 0.0191899389 0.9965725541 0.0804665387 -0.2977585196 -0.0711329654 0.9519873857
-24.1 -163.9 2713.8 0.9865313768 0.1072168127 0.1235330626 -0.0936799571 0.9894371033 -0.1106268838 -0.1340892613 0.0975643173 0.9861547947
-65.7 -547.9 2675.9 0.9877972007 -0.0844439864 0.1308657974 0.0903388411 0.9951165915 -0.0397723727 -0.1268681884 0.0511093028 0.9906020164
-247.2 312.1 2489.1 0 0 0 0 0 0 0 0 0
26.0 -242.4 2589.5 0 0 0 0 0 0 0 0 0
-200.5 -826.7 2675.9 0 0 0 0 0 0 0 0 0
-40.3 -848.0 2660.5 0 0 0 0 0 0 0 0 0
-139.1 434.3 2675.4 4 0.9585135579 -0.0692233592 -0.2765138745 0.0647951141 0.9975820780 -0.0251307264 0.2775849402 0.0061713941 0.9606812596
-125.2 233.5 2674.1 0.9585135579 -0.0692233592 -0.2765138745 0.0647951141 0.9975820780 -0.0251307264 0.2775849402 0.0061713941 0.9606812596
-115.7 39.7 2676.3 0.9593724608 -0.0489925146 -0.2778564990 0.0502906144 0.9987316132 -0.0024578965 0.2776244879 -0.0116155352 0.9606194496
-256.2 226.5 2636.2 0.5172098279 -0.7225574255 -0.4586989284 0.2344610840 0.6350691915 -0.7360129952 0.8231171966 0.2731261253 0.4978756309
-371.4 174.3 2452.9 -0.6855305433 -0.7225574255 -0.0892110392 -0.7092077136 0.6350691915 0.3061234355 -0.1645365953 0.2731261253 -0.9478026032
5.8 240.4 2712.1 0.2969731688 0.5564485192 0.7759974003 -0.9513853192 0.2419438809 0.1906019151 -0.0816876665 -0.7948762178 0.6012478471
81.5 -1.9 2691.3 -0.1354782581 0.5564485192 0.8197625875 -0.9174427986 0.2419438809 -0.3158510625 -0.3740914166 -0.7948762178 0.4777315557
-192.0 -162.2 2655.8 0.9491255283 0.0523193739 0.3105211556 -0.0461813994 0.9985656738 -0.0270911772 -0.3114931285 0.0113726268 0.9501803517
-212.3 -549.8 2651.4 0.9482995272 -0.0423149057 0.3145432174 0.0138790179 0.9956530333 0.0921002105 -0.3170731068 -0.0829730406 0.9447645545
-21.1 -153.8 2708.8 0.9828796387 0.1159099191 0.1432216913 -0.0990722626 0.9878681302 -0.1195880324 -0.1553455889 0.1033513471 0.9824389219
-66.1 -537.2 2668.6 0.9843549728 -0.0848270580 0.1544333249 0.0884699598 0.9959361553 -0.0168584827 -0.1523756832 0.0302574430 0.9878593683
-265.1 284.3 2478.4 0 0 0 0 0 0 0 0 0
47.3 -233.5 2596.8 0 0 0 0 0 0 0 0 0
-200.6 -824.4 2674.3 0 0 0 0 0 0 0 0 0
-39.7 -846.5 2659.2 0 0 0 0 0 0 0 0 0
-136.3 433.4 2675.2 5 0.9615916014 -0.0564338639 -0.2686202824 0.0534411296 0.9984006286 -0.0184463486 0.2692316473 0.0033824816 0.9630694985
-125.1 234.4 2674.5 0.9615916014 -0.0564338639 -0.2686202824 0.0534411296 0.9984006286 -0.0184463486 0.2692316473 0.0033824816 0.9630694985
-116.4 40.5 2675.5 0.9620482326 -0.0446483307 -0.2692020833 0.0444180928 0.9989888668 -0.0069495644 0.2692401707 -0.0052716271 0.9630586505
-256.5 228.3 2637.7 0.4863536954 -0.7190623879 -0.4963963628 0.2402875274 0.6562779546 -0.7152350545 0.8400726318 0.2285793573 0.4919649363
-371.0 171.7 2439.9 -0.6948937178 -0.7190623879 -0.0084822550 -0.6830170155 0.6562779546 0.3206041753 -0.2249676734 0.2285793573 -0.9471752644
6.4 240.5 2711.3 0.2918938994 0.5543748736 0.7794013619 -0.9536466002 0.2310442924 0.1928126812 -0.0731857345 -0.7995542884 0.5961180925
81.3 -4.5 2692.5 -0.0470292345 0.5569343567 0.8292239308 -0.9331400990 0.2717149854 -0.2354156375 -0.3564236462 -0.7848535180 0.5069192648
-192.2 -158.6 2653.7 0.9465579391 0.0452648513 0.3193417192 -0.0388966538 0.9988971949 -0.0262947101 -0.3201797903 0.0124681424 0.9472747445
-209.8 -546.3 2648.8 0.9459165335 -0.0352770798 0.3224862814 0.0040143779 0.9952667356 0.0970982015 -0.3243851960 -0.0905522108 0.9415808916
-20.3 -149.5 2703.4 0.9801290035 0.1260882318 0.1531303078 -0.1093413085 0.9875279665 -0.1132830307 -0.1655041128 0.0942885131 0.9816914201
-69.3 -532.8 2666.8 0.9817460179 -0.0930437222 0.1658843905 0.0952994078 0.9954324961 -0.0056730406 -0.1645988673 0.0213781688 0.9861288667
-257.0 283.7 2476.8 0 0 0 0 0 0 0 0 0
69.4 -241.7 2601.9 0 0 0 0 0 0 0 0 0
-200.1 -819.6 2673.7 0 0 0 0 0 0 0 0 0
-40.0 -846.2 2660.1 0 0 0 0 0 0 0 0 0
-136.1 434.4 2675.1 6 0.9631198645 -0.0444245934 -0.2653801143 0.0428289175 0.9990127683 -0.0117995003 0.2656422853 -0.0000016094 0.9640716910
-127.3 236.1 2675.1 0.9631198645 -0.0444245934 -0.2653801143 0.0428289175 0.9990127683 -0.0117995003 0.2656422853 -0.0000016094 0.9640716910
-120.1 42.2 2675.5 0.9633908868 -0.0369580500 -0.2655410767 0.0361732617 0.9993147254 -0.0078471079 0.2656491101 -0.0020456542 0.9640676379
-258.9 231.2 2638.8 0.4608246982 -0.7402006388 -0.4896362126 0.2482393533 0.6371914744 -0.7296329737 0.8520668149 0.2146859169 0.4773804843
-368.7 172.0 2435.8 -0.6723850965 -0.7402006388 -0.0011246671 -0.7019895315 0.6371914744 0.3181159198 -0.2347529829 0.2146859169 -0.9480511546
4.3 241.1 2711.4 0.2967063189 0.5544030070 0.7775620222 -0.9529482722 0.2248250097 0.2033305615 -0.0620883107 -0.8013058305 0.5950243473
81.6 -7.2 2695.2 -0.0019124622 0.5560301542 0.8311599493 -0.9349192381 0.2939485013 -0.1987971365 -0.3548554182 -0.7774475813 0.5192810893
-194.0 -157.3 2652.4 0.9453284740 0.0410736613 0.3235229254 -0.0380353592 0.9991528988 -0.0157112833 -0.3238941729 0.0025470133 0.9460898638
-209.9 -545.2 2651.4 0.9448263049 -0.0320700854 0.3259981275 0.0051580272 0.9965291619 0.0830843300 -0.3275311589 -0.0768187568 0.9417123795
-21.6 -149.3 2700.6 0.9805995822 0.1183132827 0.1562897116 -0.1008307859 0.9881845713 -0.1154314056 -0.1681001484 0.0974331722 0.9809429646
-67.5 -532.9 2662.8 0.9816018939 -0.0875144005 0.1697023809 0.0875191242 0.9961348772 0.0074671996 -0.1696999520 0.0075223870 0.9854670763
-239.4 307.0 2481.0 0 0 0 0 0 0 0 0 0
81.1 -248.3 2603.7 0 0 0 0 0 0 0 0 0
-201.1 -820.1 2672.6 0 0 0 0 0 0 0 0 0
-40.0 -846.1 2660.4 0 0 0 0 0 0 0 0 0
-134.4 434.6 2665.5 7 0.9696668983 -0.0663892552 -0.2352414727 0.0709959194 0.9974141717 0.0111579616 0.2338924110 -0.0275206901 0.9718729258
-120.4 223.7 2671.3 0.9696668983 -0.0663892552 -0.2352414727 0.0709959194 0.9974141717 0.0111579616 0.2338924110 -0.0275206901 0.9718729258
-120.8 29.8 2675.7 0.9718507528 0.0025742769 -0.2355832309 0.0026493387 0.9997576475 0.0218539108 0.2355823964 -0.0218628794 0.9716084599
-253.0 223.4 2639.1 0.4591064155 -0.7736954689 -0.4365966022 0.1908646375 0.5658788085 -0.8020921946 0.8676358461 0.2849148214 0.4074697196
-359.2 179.2 2438.4 -0.6288625002 -0.7736954689 -0.0769888535 -0.7405729890 0.5658788085 0.3623986840 -0.2368198782 0.2849148214 -0.9288379550
12.3 224.0 2703.6 0.2696695030 0.5391576886 0.7978642583 -0.9623065591 0.1812405586 0.2027757019 -0.0352772921 -0.8224723935 0.5677099824
76.6 -5.6 2695.1 0.0433472395 0.5386503339 0.8414136171 -0.9333224297 0.3222884536 -0.1582382768 -0.3564130068 -0.7784510255 0.5167047381
-199.3 -155.0 2652.0 0.9358298779 0.0207668655 0.3518396318 -0.0182196405 0.9997783303 -0.0105496310 -0.3519807160 0.0034622687 0.9360008240
-207.3 -543.1 2650.7 0.9355941415 -0.0225319620 0.3523575962 -0.0028960314 0.9974383712 0.0714721456 -0.3530654013 -0.0678893626 0.9331322908
-26.7 -148.5 2699.7 0.9778197408 0.1063183323 0.1804575324 -0.0866655707 0.9897488356 -0.1135177761 -0.1906766593 0.0953604653 0.9770101309
-67.9 -532.7 2662.6 0.9774819016 -0.0871267766 0.1921926290 0.0869400948 0.9961689711 0.0094208680 -0.1922771484 0.0075005172 0.9813119769
-221.0 341.9 2490.4 0 0 0 0 0 0 0 0 0
87.8 -247.9 2602.6 0 0 0 0 0 0 0 0 0
-201.1 -819.4 2669.5 0 0 0 0 0 0 0 0 0
-40.8 -842.9 2660.3 0 0 0 0 0 0 0 0 0
-132.9 440.1 2661.2 8 0.9677758813 -0.0798379406 -0.2388215065 0.0873620436 0.9959537983 0.0210700314 0.2361729890 -0.0412550010 0.9708348513
-115.2 218.4 2670.4 0.9677758813 -0.0798379406 -0.2388215065 0.0873620436 0.9959537983 0.0210700314 0.2361729890 -0.0412550010 0.9708348513
-119.1 24.5 2676.7 0.9707419276 0.0202865619 -0.2392666042 -0.0120139774 0.9992802143 0.0359828211 0.2398243397 -0.0320554934 0.9702869058
-247.7 220.0 2637.6 0.4544266164 -0.7937031984 -0.4043905437 0.1206967384 0.5046470165 -0.8548471928 0.8825693727 0.3396566808 0.3251224160
-348.4 193.3 2442.0 -0.5942200422 -0.7937031984 -0.1301451772 -0.7626666427 0.5046470165 0.4045627415 -0.2554253638 0.3396566808 -0.9052023292
17.4 216.7 2703.2 0.2370934188 0.5423076153 0.8060329556 -0.9700771570 0.1768399924 0.1663669348 -0.0523168035 -0.8213586807 0.5680078268
75.8 -22.2 2690.3 0.0440652296 0.5416195989 0.8394679427 -0.9363617897 0.3153128922 -0.1542865932 -0.3482597172 -0.7792470455 0.5210462213
-208.2 -164.3 2658.9 0.9377503991 -0.0005687533 0.3473094106 0.0096969260 0.9996516705 -0.0245450903 -0.3471744955 0.0263850018 0.9374293089
-208.0 -552.1 2648.7 0.9381282926 -0.0303718355 0.3449533284 -0.0009402890 0.9959192276 0.0902441069 -0.3462865353 -0.0849849135 0.9342714548
-34.3 -163.9 2701.2 0.9803723693 0.0909729078 0.1749111116 -0.0740543306 0.9921321273 -0.1009445488 -0.1827181578 0.0860103220 0.9793958664
-69.6 -549.0 2667.8 0.9781337380 -0.1004217714 0.1821258217 0.1048327759 0.9943807721 -0.0147316009 -0.1796230376 0.0335022323 0.9831648469
-208.5 372.9 2502.2 0 0 0 0 0 0 0 0 0
87.3 -266.4 2599.5 0 0 0 0 0 0 0 0 0
-199.6 -827.4 2672.2 0 0 0 0 0 0 0 0 0
-39.9 -843.2 2657.9 0 0 0 0 0 0 0 0 0
-133.4 444.2 2658.6 9 0.9658097625 -0.0911134556 -0.2427135557 0.0992222950 0.9948357940 0.0213706102 0.2395129800 -0.0447225384 0.9698625803
-112.4 215.0 2668.9 0.9658097625 -0.0911134556 -0.2427135557 0.0992222950 0.9948357940 0.0213706102 0.2395129800 -0.0447225384 0.9698625803
-118.2 21.3 2676.7 0.9694485068 0.0297983754 -0.2434783280 -0.0190866683 0.9987481833 0.0462362766 0.2445513010 -0.0401764996 0.9688036442
-244.8 217.7 2635.5 0.4627082050 -0.8159625530 -0.3465634882 0.0855143890 0.4301885962 -0.8986796141 0.8823765516 0.3861902654 0.2688283324
-344.6 199.2 2445.3 -0.5510694981 -0.8159625530 -0.1747213900 -0.7806907892 0.4301885962 0.4532765746 -0.2946935594 0.3861902654 -0.8740782738
20.0 212.4 2702.3 0.2327073961 0.5468898416 0.8042131066 -0.9715150595 0.1687979549 0.1663301140 -0.0447852761 -0.8200114369 0.5705922842
78.0 -29.7 2691.2 -0.0324784592 0.5559442043 0.8305848241 -0.9274888039 0.2929029465 -0.2323195636 -0.3724374771 -0.7779035568 0.5061190128
-209.9 -168.2 2661.5 0.9394630194 0.0024667461 0.3426414728 0.0054268180 0.9997415543 -0.0220767297 -0.3426073790 0.0225997232 0.9392068386
-210.9 -556.2 2652.7 0.9392479658 -0.0412011631 0.3407576382 0.0109778214 0.9958674908 0.0901520625 -0.3430638313 -0.0809343681 0.9358187914
-36.1 -170.4 2704.5 0.9823864698 0.0807890147 0.1684933603 -0.0638053790 0.9925400615 -0.1038900912 -0.1756295860 0.0913094357 0.9802126288
-67.4 -555.7 2669.0 0.9796950817 -0.0988599360 0.1744256020 0.1046021283 0.9942240715 -0.0240174662 -0.1710437685 0.0417750813 0.9843773842
-209.8 390.1 2517.4 0 0 0 0 0 0 0 0 0
69.5 -271.3 2594.2 0 0 0 0 0 0 0 0 0
-199.7 -826.9 2674.7 0 0 0 0 0 0 0 0 0
-38.4 -847.3 2656.8 0 0 0 0 0 0 0 0 0
-132.2 445.5 2667.3 0 0.9651784301 -0.0951110944 -0.2436893582 0.0917226598 0.9954646230 -0.0252411440 0.2449848503 0.0020103713 0.9695248008
-109.9 212.4 2666.8 0.9651784301 -0.0951110944 -0.2436893582 0.0917226598 0.9954646230 -0.0252411440 0.2449848503 0.0020103713 0.9695248008
-118.1 18.8 2677.1 0.9683454037 0.0423904322 -0.2459882647 -0.0280090868 0.9977033734 0.0616720729 0.2480376363 -0.0528299622 0.9673088193
-242.2 216.3 2632.9 0.4721155167 -0.8087782264 -0.3506917357 0.0790474117 0.4350565374 -0.8969265819 0.8779854178 0.3957317173 0.2693287730
-343.9 199.2 2443.8 -0.5574181080 -0.8087782264 -0.1875175834 -0.7816118002 0.4350565374 0.4469997585 -0.2799429297 0.3957317173 -0.8746590018
22.3 208.6 2700.7 0.2277607173 0.5487181544 0.8043838739 -0.9728093147 0.1638944298 0.1636480838 -0.0420373641 -0.8197847009 0.5711268783
79.1 -34.0 2690.2 -0.1114211679 0.5665628314 0.8164507747 -0.9075192213 0.2767785788 -0.3159152865 -0.4049619436 -0.7761444449 0.4833276570
-210.8 -170.8 2662.6 0.9406896830 0.0051707774 0.3392288089 0.0031275498 0.9997091889 -0.0239110794 -0.3392538130 0.0235538613 0.9403999448
-212.8 -558.9 2653.5 0.9399845600 -0.0494569503 0.3376137018 0.0200631935 0.9957391620 0.0900056139 -0.3406265974 -0.0778302848 0.9369717240
-37.2 -174.3 2706.5 0.9835734963 0.0743411630 0.1644888371 -0.0604232997 0.9942806959 -0.0880620554 -0.1700947136 0.0766765475 0.9824400544
-66.0 -560.2 2676.7 0.9813871384 -0.0943996385 0.1672362983 0.1040032804 0.9933388829 -0.0496103205 -0.1614391208 0.0660800487 0.9846678972
-205.3 393.6 2513.4 0 0 0 0 0 0 0 0 0
50.2 -270.1 2584.9 0 0 0 0 0 0 0 0 0
-199.8 -821.4 2674.0 0 0 0 0 0 0 0 0 0
-39.0 -844.4 2657.8 0 0 0 0 0 0 0 0 0
-130.7 442.6 2671.1 1 0.9679762125 -0.0869364366 -0.2355081886 0.0782369673 0.9958705306 -0.0460532419 0.2385393679 0.0261529963 0.9707806110
-110.4 209.6 2665.0 0.9679762125 -0.0869364366 -0.2355081886 0.0782369673 0.9958705306 -0.0460532419 0.2385393679 0.0261529963 0.9707806110
-116.5 16.0 2676.5 0.9706085920 0.0314555392 -0.2385989726 -0.0163543746 0.9977506399 0.0650090277 0.2401071638 -0.0591961853 0.9689398408
-242.9 211.9 2632.2 0.4558509290 -0.8128644824 -0.3625621200 0.0566934086 0.4330381453 -0.8995909095 0.8882487416 0.3895244896 0.2434848994
-341.5 199.6 2440.1 -0.5556281805 -0.8128644824 -0.1747246534 -0.7771269679 0.4330381453 0.4566745460 -0.2955520749 0.3895244896 -0.8723070621
22.2 207.4 2697.8 0.2291457355 0.6989694834 0.6774466038 -0.9726642370 0.1913312525 0.1315928847 -0.0376373120 -0.6890820265 0.7237052917
80.0 -37.8 2688.3 -0.1681010872 0.6989694834 0.6951141953 -0.8925939202 0.1913312525 -0.4082504809 -0.4183516800 -0.6890820265 0.5917328596
-213.1 -172.3 2665.1 0.9377680421 -0.0027187301 0.3472516537 0.0091425972 0.9998160005 -0.0168621391 -0.3471419215 0.0189875569 0.9376203418
-212.1 -560.4 2657.7 0.9371531606 -0.0490173809 0.3454580307 0.0236724317 0.9967338443 0.0772093460 -0.3481143117 -0.0641791448 0.9352526069
-39.6 -177.3 2709.6 0.9827476740 0.0654095784 0.1729986817 -0.0506061949 0.9947772026 -0.0886413381 -0.1778931320 0.0783572719 0.9809251428
-65.0 -563.4 2679.2 0.9803150296 -0.0915943831 0.1749082953 0.1031840593 0.9929498434 -0.0583405830 -0.1683314890 0.0752398968 0.9828547239
-201.8 395.0 2514.5 0 0 0 0 0 0 0 0 0
36.2 -270.4 2579.3 0 0 0 0 0 0 0 0 0
-199.0 -826.2 2674.8 0 0 0 0 0 0 0 0 0
-38.9 -846.7 2657.7 0 0 0 0 0 0 0 0 0
-131.9 439.5 2670.0 2 0.9670721292 -0.0941227600 -0.2364581525 0.0853562430 0.9952382445 -0.0470651127 0.2397620976 0.0253321808 0.9705011249
-110.1 208.8 2664.2 0.9670721292 -0.0941227600 -0.2364581525 0.0853562430 0.9952382445 -0.0470651127 0.2397620976 0.0253321808 0.9705011249
-116.5 15.3 2677.4 0.9701696634 0.0328987874 -0.2401842624 -0.0154454559 0.9971244335 0.0741908476 0.2419343889 -0.0682679564 0.9678880572
-242.6 210.9 2631.1 0.4502131045 -0.8083015084 -0.3794164658 0.0524928570 0.4481399357 -0.8924209476 0.8913768530 0.3818629384 0.2441885173
-341.1 199.5 2436.2 -0.5698173046 -0.8083015084 -0.1481786966 -0.7586646676 0.4481399357 0.4728620648 -0.3158103228 0.3818629384 -0.8685876727
22.5 206.7 2697.2 0.2277534455 0.6738797426 0.7028616071 -0.9729025960 0.1870382577 0.1359309107 -0.0398609266 -0.7147746682 0.6982179880
80.1 -39.5 2687.1 -0.1968137175 0.6738797426 0.7121449709 -0.8870284557 0.1870382577 -0.4221340716 -0.4176659584 -0.7147746682 0.5609388351
-209.5 -176.2 2666.5 0.9383746982 -0.0001141739 0.3456195295 0.0084391925 0.9997093678 -0.0225825906 -0.3455165029 0.0241076834 0.9381029606
-209.5 -564.3 2657.1 0.9384045601 -0.0338572748 0.3438758850 0.0075719422 0.9969639182 0.0774957985 -0.3454556465 -0.0701186061 0.9358118176
-35.6 -179.1 2709.5 0.9824293256 0.0759771466 0.1704702973 -0.0612840094 0.9940667748 -0.0898640305 -0.1762864739 0.0778379515 0.9812564850
-65.1 -565.0 2679.3 0.9802488685 -0.0967254862 0.1725004017 0.1088787541 0.9920932651 -0.0624205098 -0.1650988311 0.0799692646 0.9830296636
-197.3 390.8 2515.9 0 0 0 0 0 0 0 0 0
28.7 -271.2 2578.1 0 0 0 0 0 0 0 0 0
-200.5 -828.2 2675.7 0 0 0 0 0 0 0 0 0
-37.5 -848.2 2656.4 0 0 0 0 0 0 0 0 0
-130.0 442.9 2681.5 3 0.9670159221 -0.0878216550 -0.2390974015 0.0670246705 0.9933343530 -0.0937791318 0.2457395047 0.0746604875 0.9664563537
-109.4 210.2 2664.0 0.9670159221 -0.0878216550 -0.2390974015 0.0670246705 0.9933343530 -0.0937791318 0.2457395047 0.0746604875 0.9664563537
-117.2 16.9 2678.9 0.9691033363 0.0402132943 -0.2433548719 -0.0202103015 0.9962487221 0.0841428414 0.2458256334 -0.0766248405 0.9662806988
-241.8 213.0 2630.4 0.4399621785 -0.8107894659 -0.3860748112 0.0437814519 0.4487745762 -0.8925718665 0.8969483972 0.3757949769 0.2329413891
-337.1 203.5 2436.1 -0.5661993623 -0.8107894659 -0.1484546810 -0.7641305327 0.4487745762 0.4633636773 -0.3090676963 0.3757949769 -0.8736448288
23.0 207.5 2697.6 0.2226837873 0.6703367829 0.7078562975 -0.9739026427 0.1856451035 0.1305739284 -0.0438815355 -0.7184597850 0.6941829324
79.7 -40.5 2686.4 -0.2066502720 0.6703367829 0.7127020955 -0.8831971288 0.1856451035 -0.4306956232 -0.4210207760 -0.7184597850 0.5536759496
