208.1 516.0 2560.6 1 0.9614760280 -0.1775636524 0.2098451555 0.1913775206 0.9803761244 -0.0473003127 -0.1973283589 0.0856377631 0.9765897989
245.1 311.4 2542.7 0.9614760280 -0.1775636524 0.2098451555 0.1913775206 0.9803761244 -0.0473003127 -0.1973283589 0.0856377631 0.9765897989
258.1 113.5 2542.7 0.9771168232 -0.0648773238 0.2025677711 0.0637520850 0.9978926182 0.0120817106 -0.2029247135 0.0011088758 0.9791936874
108.2 302.5 2571.0 0.4501157701 -0.8789134622 0.1578191966 0.7082922459 0.2437779009 -0.6624910831 0.5437995195 0.4099797904 0.7322558761
13.4 153.2 2456.4 -0.3026984334 -0.8789134622 -0.3686254919 -0.9493386149 0.2437779009 0.1983141452 -0.0844382271 0.4099797904 -0.9081777334
382.0 320.3 2514.4 0.2095243484 0.4981814325 0.8413767219 -0.9654096961 0.2419655472 0.0971432775 -0.1551892012 -0.8326271176 0.5316468477
430.9 95.0 2478.2 -0.0816792250 0.4970811307 0.8638511896 -0.9480443597 0.2286457121 -0.2212082446 -0.3074743152 -0.8370373249 0.4525793493
195.2 -90.0 2546.0 -0.4811431170 0.0309126601 0.8760968447 0.0028852040 0.9994285107 -0.0336798355 -0.8766372800 -0.0136771034 -0.4809573293
182.9 -487.1 2551.5 -0.4584500194 -0.1520458311 0.8756173253 -0.2272099555 0.9725655317 0.0499192066 -0.8591852188 -0.1760635078 -0.4804190099
374.4 -68.4 2517.5 0.9703302383 0.0792910457 0.2284123451 -0.0351240076 0.9809032083 -0.1912985742 -0.2392186671 0.1776000261 0.9545850754
342.9 -458.0 2446.9 0.9566037059 -0.1632191539 0.2413893789 0.1163297743 0.9734368920 0.1972002834 -0.2671642005 -0.1605617553 0.9501806498
85.2 378.4 2476.5 0 0 0 0 0 0 0 0 0
409.3 -156.5 2396.6 0 0 0 0 0 0 0 0 0
225.1 -757.1 2600.4 0 0 0 0 0 0 0 0 0
395.6 -772.3 2498.7 0 0 0 0 0 0 0 0 0
206.8 516.0 2562.2 2 0.9601776004 -0.1825413704 0.2115127891 0.1973384172 0.9790122509 -0.0509174503 -0.1977790594 0.0906293914 0.9760480523
245.6 308.1 2542.9 0.9601776004 -0.1825413704 0.2115127891 0.1973384172 0.9790122509 -0.0509174503 -0.1977790594 0.0906293914 0.9760480523
253.9 109.9 2545.1 0.9781622291 -0.0416808091 0.2036205530 0.0386776403 0.9990766048 0.0187079050 -0.2042122781 -0.0104238037 0.9788711071
108.3 302.7 2571.5 0.4523532987 -0.8751734495 0.1716037989 0.7149989009 0.2408721894 -0.6563209295 0.5330600739 0.4195854664 0.7347074151
16.6 157.8 2463.5 -0.2891663313 -0.8751734495 -0.3878842592 -0.9557268620 0.2408721894 0.1690171212 -0.0544887632 0.4195854664 -0.9060789347
382.9 313.6 2514.3 0.1968208402 0.4982634783 0.8443903327 -0.9662825465 0.2444078028 0.0810111985 -0.1660106629 -0.8318643570 0.5295678377
430.2 81.5 2474.5 -0.0753085688 0.4971119165 0.8644121289 -0.9494808316 0.2291014344 -0.2144730389 -0.3046551645 -0.8368944526 0.4547449350
181.7 -90.2 2561.1 -0.4809647501 0.0101662008 0.8766809702 0.0263461526 0.9996488094 0.0028618630 -0.8763439655 0.0244736262 -0.4810636640
177.7 -487.1 2551.4 -0.4522284269 -0.1697479188 0.8755998611 -0.2372074127 0.9692556858 0.0653919652 -0.8597802520 -0.1781266779 -0.4785904288
360.3 -78.6 2524.2 0.9732190371 0.0499456972 0.2243884057 -0.0066535636 0.9818230271 -0.1896820962 -0.2297835052 0.1831092387 0.9558611512
340.4 -468.6 2451.4 0.9567210674 -0.1823932528 0.2267542034 0.1396701485 0.9713935852 0.1920593232 -0.2552978992 -0.1520764083 0.9548276067
89.5 398.8 2477.2 0 0 0 0 0 0 0 0 0
410.2 -170.4 2393.6 0 0 0 0 0 0 0 0 0
224.4 -754.0 2600.4 0 0 0 0 0 0 0 0 0
396.6 -767.8 2498.3 0 0 0 0 0 0 0 0 0
206.7 513.7 2564.0 3 0.9630818963 -0.1743711680 0.2051048875 0.1873893589 0.9812217951 -0.0457059294 -0.1932835877 0.0824530274 0.9776722193
243.4 307.2 2546.6 0.9630818963 -0.1743711680 0.2051048875 0.1873893589 0.9812217951 -0.0457059294 -0.1932835877 0.0824530274 0.9776722193
251.3 108.7 2548.1 0.9792817831 -0.0398214161 0.1985483468 0.0376065820 0.9991813302 0.0149151133 -0.1989797354 -0.0071393736 0.9799776077
105.7 301.9 2574.6 0.4422582388 -0.8830110431 0.1571595967 0.7166539431 0.2425574809 -0.6538906097 0.5392724276 0.4018175602 0.7400864363
17.5 158.9 2467.0 -0.2843153775 -0.8830110431 -0.3734384179 -0.9575905800 0.2425574809 0.1555190533 -0.0467447564 0.4018175602 -0.9145258665
381.0 312.4 2518.7 0.1748390198 0.5054131150 0.8449786305 -0.9703371525 0.2339784652 0.0608264133 -0.1669643372 -0.8305490017 0.5313296914
425.8 63.6 2475.9 -0.1000556126 0.5051685572 0.8572010398 -0.9410805702 0.2316644043 -0.2463715672 -0.3230421245 -0.8313460946 0.4522249699
172.7 -92.0 2565.9 -0.4763382673 -0.0100008110 0.8792052269 0.0337205045 0.9989919066 0.0296325553 -0.8786152601 0.0437623635 -0.4755208492
176.6 -488.8 2548.5 -0.4468626976 -0.1694288552 0.8784119487 -0.2446417063 0.9676176310 0.0621816292 -0.8605023026 -0.1871095598 -0.4738415778
351.7 -84.9 2528.6 0.9752992988 0.0202901158 0.2199537009 0.0175389666 0.9855147004 -0.1686807126 -0.2201901525 0.1683719456 0.9608159065
343.7 -476.4 2461.8 0.9609046578 -0.1750610769 0.2145131826 0.1416135132 0.9764862061 0.1625431478 -0.2379241437 -0.1258104891 0.9631011486
92.0 410.1 2479.2 0 0 0 0 0 0 0 0 0
399.0 -189.1 2389.1 0 0 0 0 0 0 0 0 0
223.1 -754.4 2599.9 0 0 0 0 0 0 0 0 0
396.5 -771.3 2499.7 0 0 0 0 0 0 0 0 0
203.6 510.9 2564.4 4 0.9608300924 -0.1890610158 0.2026362568 0.2030445486 0.9778712392 -0.0504055358 -0.1886224449 0.0895753428 0.9779559374
243.3 305.7 2545.6 0.9608300924 -0.1890610158 0.2026362568 0.2030445486 0.9778712392 -0.0504055358 -0.1886224449 0.0895753428 0.9779559374
251.1 107.1 2548.8 0.9802042246 -0.0390733890 0.1940952092 0.0351516716 0.9991030693 0.0236096811 -0.1948436350 -0.0163195375 0.9806985259
105.4 300.7 2573.0 0.4473387301 -0.8772685528 0.1740343571 0.7254300117 0.2420922369 -0.6443156004 0.5231054425 0.4144770801 0.7446941733
17.7 158.5 2470.4 -0.2819851637 -0.8772685528 -0.3884382546 -0.9587101936 0.2420922369 0.1492184401 -0.0368667655 0.4144770801 -0.9093127251
381.2 310.6 2518.2 0.1594466716 0.5103882551 0.8450328708 -0.9741421938 0.2201401144 0.0508463010 -0.1600742787 -0.8312894106 0.5322913527
422.7 57.1 2476.5 -0.1246486530 0.5082252622 0.8521559834 -0.9441924691 0.2031638324 -0.2592779994 -0.3048988879 -0.8369178772 0.4545383453
169.5 -93.2 2567.8 -0.4724061191 -0.0140940938 0.8812682629 0.0343670212 0.9988172054 0.0343965814 -0.8807107210 0.0465357229 -0.4713630080
175.1 -490.2 2549.3 -0.4400518239 -0.1776317060 0.8802280426 -0.2507560849 0.9655529261 0.0694901198 -0.8622503877 -0.1901432872 -0.4694355726
349.0 -86.4 2531.3 0.9763785005 0.0144130317 0.2155859172 0.0191458911 0.9880764484 -0.1527688503 -0.2152172327 0.1532878131 0.9644606709
343.2 -479.0 2470.4 0.9619631767 -0.1741918772 0.2104376704 0.1463038921 0.9790491462 0.1416260600 -0.2306989282 -0.1054512113 0.9672942162
93.4 416.0 2480.3 0 0 0 0 0 0 0 0 0
389.0 -198.0 2394.2 0 0 0 0 0 0 0 0 0
223.2 -751.9 2600.8 0 0 0 0 0 0 0 0 0
395.5 -772.6 2502.1 0 0 0 0 0 0 0 0 0
200.8 508.6 2564.1 5 0.9462305903 -0.2267769575 0.2306943834 0.2402859330 0.9701789021 -0.0318675786 -0.2165879905 0.0855866894 0.9725042582
248.8 303.2 2546.0 0.9462305903 -0.2267769575 0.2306943834 0.2402859330 0.9701789021 -0.0318675786 -0.2165879905 0.0855866894 0.9725042582
245.7 104.9 2552.9 0.9744231701 0.0162079800 0.2241356820 -0.0234017894 0.9992914796 0.0294765662 -0.2234991193 -0.0339678265 0.9741120934
112.0 306.5 2577.3 0.4640027285 -0.8597890735 0.2132233977 0.7231685519 0.2286477536 -0.6517264843 0.5115942955 0.4565993249 0.7278656363
16.7 158.0 2472.3 -0.2838616967 -0.8597890735 -0.4244823456 -0.9572778940 0.2286477536 0.1770290136 -0.0551506765 0.4565993249 -0.8879613876
385.6 299.9 2514.6 0.1404239684 0.4931584895 0.8585311770 -0.9773315787 0.2078072429 0.0404864289 -0.1584427804 -0.8447548747 0.5111604929
420.4 57.9 2475.4 -0.1323366314 0.4894808829 0.8619138598 -0.9518252015 0.1799133569 -0.2483142465 -0.2766149044 -0.8532524109 0.4420911074
168.9 -94.6 2570.0 -0.4958993793 -0.0115941809 0.8683025837 0.0325450785 0.9989602566 0.0319257490 -0.8677698970 0.0440909341 -0.4950064421
173.6 -491.7 2552.4 -0.4634547234 -0.1824794859 0.8671280146 -0.2455372363 0.9666947126 0.0721999034 -0.8514230251 -0.1794508249 -0.4928247333
348.7 -88.2 2534.3 0.9718607664 0.0142530566 0.2351245433 0.0221240316 0.9882321358 -0.1513530165 -0.2345148772 0.1522959620 0.9601086974
343.1 -481.0 2473.7 0.9572754502 -0.1757369637 0.2296523601 0.1481294334 0.9800508618 0.1325067133 -0.2483573109 -0.0928271487 0.9642104506
94.5 420.2 2487.4 0 0 0 0 0 0 0 0 0
384.5 -200.0 2400.4 0 0 0 0 0 0 0 0 0
222.8 -752.3 2600.8 0 0 0 0 0 0 0 0 0
395.9 -775.8 2501.7 0 0 0 0 0 0 0 0 0
196.1 507.9 2564.9 6 0.9499588013 -0.2250905782 0.2165928632 0.2394645959 0.9699862599 -0.0422301330 -0.2005864978 0.0919832140 0.9753482342
244.4 300.1 2545.2 0.9499588013 -0.2250905782 0.2165928632 0.2394645959 0.9699862599 -0.0422301330 -0.2005864978 0.0919832140 0.9753482342
240.6 102.0 2558.0 0.9783756137 0.0186864901 0.2059901655 -0.0314475894 0.9977713227 0.0588509217 -0.2044313699 -0.0640562028 0.9767827988
106.9 304.4 2573.9 0.4884300232 -0.8345152736 0.2549909949 0.7275066376 0.2280800939 -0.6470807791 0.4818404317 0.5015613437 0.7185165286
11.1 161.8 2479.4 -0.2847950161 -0.8345152736 -0.4716736972 -0.9578233361 0.2280800939 0.1747967005 -0.0382911228 0.5015613437 -0.8642742634
381.9 295.7 2516.5 0.1070226133 0.5088413954 0.8541818261 -0.9827935696 0.1842210591 0.0133950859 -0.1505423188 -0.8409180045 0.5198018551
409.8 39.0 2477.2 -0.0959034711 0.5130355358 0.8529930115 -0.9451881051 0.2217750698 -0.2396564931 -0.3121248782 -0.8292227387 0.4636461139
153.3 -91.2 2580.2 -0.4802494943 -0.0414022394 0.8761542439 0.0326872207 0.9973467588 0.0650460869 -0.8765226603 0.0598773956 -0.4776219428
169.8 -487.5 2556.4 -0.4443978965 -0.1938526481 0.8746036887 -0.2374294400 0.9668786526 0.0936639458 -0.8637926579 -0.1660326123 -0.4757051766
331.7 -95.5 2539.4 0.9755191803 -0.0346307345 0.2171706259 0.0677628294 0.9868085384 -0.1470273882 -0.2092141658 0.1581441313 0.9649973512
345.4 -487.4 2476.6 0.9647053480 -0.1713478416 0.1999587417 0.1488549411 0.9812208414 0.1226698607 -0.2172228992 -0.0885754228 0.9720949531
90.2 427.9 2490.1 0 0 0 0 0 0 0 0 0
383.8 -217.2 2392.6 0 0 0 0 0 0 0 0 0
223.2 -754.1 2602.2 0 0 0 0 0 0 0 0 0
395.9 -776.2 2502.6 0 0 0 0 0 0 0 0 0
195.0 508.9 2564.9 7 0.9518598914 -0.2135686874 0.2198889852 0.2285376787 0.9725062251 -0.0447451621 -0.2042872459 0.0928440392 0.9744981527
241.9 295.7 2544.5 0.9518598914 -0.2135686874 0.2198889852 0.2285376787 0.9725062251 -0.0447451621 -0.2042872459 0.0928440392 0.9744981527
237.1 97.8 2560.6 0.9777352810 0.0240831822 0.2084556222 -0.0403333977 0.9964379072 0.0740588903 -0.2059295028 -0.0808177069 0.9752238393
104.3 301.4 2573.4 0.5012644529 -0.8225390315 0.2686327100 0.7188292146 0.2230222374 -0.6584418416 0.4816830456 0.5231544971 0.7030581832
7.5 162.5 2480.4 -0.2850825191 -0.8225390315 -0.4920950234 -0.9576692581 0.2230222374 0.1820182651 -0.0399689935 0.5231544971 -0.8513000607
379.4 290.1 2515.6 0.0935721770 0.5084518194 0.8559912443 -0.9865980148 0.1627879888 0.0111546405 -0.1336734891 -0.8455630541 0.5168699622
403.5 35.3 2481.1 -0.0734979734 0.5154308081 0.8537734747 -0.9461719394 0.2345400751 -0.2230461687 -0.3152089715 -0.8242099285 0.4704479873
147.2 -93.3 2589.5 -0.4826489985 -0.0521681756 0.8742587566 0.0358096622 0.9962141514 0.0792147294 -0.8750814795 0.0695398226 -0.4789536595
168.0 -489.2 2561.9 -0.4449847043 -0.2022734582 0.8723955750 -0.2283873856 0.9675783515 0.1078484654 -0.8659259677 -0.1512532383 -0.4767542779
326.5 -99.0 2552.1 0.9748358727 -0.0352613069 0.2201173306 0.0767232925 0.9801573157 -0.1827706695 -0.2093048841 0.1950595230 0.9581978917
340.5 -488.2 2474.7 0.9622194171 -0.1862248629 0.1986306161 0.1630769968 0.9783694148 0.1272757947 -0.2180360407 -0.0900751501 0.9717750549
87.7 432.1 2491.6 0 0 0 0 0 0 0 0 0
383.6 -221.5 2395.5 0 0 0 0 0 0 0 0 0
222.6 -750.5 2602.8 0 0 0 0 0 0 0 0 0
395.6 -777.2 2501.3 0 0 0 0 0 0 0 0 0
191.8 505.6 2564.3 8 0.9517028928 -0.2184867561 0.2156967968 0.2317487299 0.9720363617 -0.0379183926 -0.2013804764 0.0860745013 0.9757238626
239.9 291.6 2545.4 0.9517028928 -0.2184867561 0.2156967968 0.2317487299 0.9720363617 -0.0379183926 -0.2013804764 0.0860745013 0.9757238626
234.4 93.7 2562.2 0.9784614444 0.0277950503 0.2045498639 -0.0444174632 0.9960314631 0.0771255940 -0.2015943974 -0.0845500007 0.9758129716
102.2 297.9 2573.7 0.5128432512 -0.8121193647 0.2783055305 0.7103568912 0.2193995714 -0.6687726974 0.4820631146 0.5406718254 0.6894121766
5.1 163.4 2482.4 -0.2834966183 -0.8121193647 -0.5099920034 -0.9582601786 0.2193995714 0.1833065897 -0.0369748026 0.5406718254 -0.8404206634
377.5 285.4 2517.0 0.0877077430 0.5122681260 0.8543352485 -0.9868742824 0.1614271402 0.0045211017 -0.1355968863 -0.8435180187 0.5197026134
400.1 31.1 2482.1 -0.0861239582 0.5168439150 0.8517364860 -0.9531537294 0.2060763538 -0.2214284539 -0.2899667025 -0.8309060335 0.4748836160
142.6 -96.4 2595.6 -0.4793638885 -0.0644422248 0.8752470613 0.0440390371 0.9942777753 0.0973258838 -0.8765106201 0.0851995498 -0.4737828672
168.2 -491.6 2561.7 -0.4406333864 -0.2028510720 0.8744676113 -0.2299238741 0.9671423435 0.1084931269 -0.8677425981 -0.1532552838 -0.4727955163
321.9 -103.8 2557.8 0.9756657481 -0.0380593054 0.2159347832 0.0811058357 0.9776121378 -0.1941555887 -0.2037110329 0.2069445252 0.9569094777
337.0 -492.2 2475.6 0.9612230062 -0.1985163987 0.1914198101 0.1738828272 0.9750444889 0.1380324364 -0.2140445262 -0.0993953422 0.9717538357
85.9 436.3 2493.0 0 0 0 0 0 0 0 0 0
376.8 -227.8 2403.3 0 0 0 0 0 0 0 0 0
222.2 -748.7 2602.4 0 0 0 0 0 0 0 0 0
395.5 -779.1 2504.9 0 0 0 0 0 0 0 0 0
188.4 505.3 2565.5 9 0.9520592093 -0.2135177255 0.2190741003 0.2262251824 0.9734688997 -0.0343577340 -0.2059258372 0.0822706744 0.9751031399
236.2 287.4 2547.1 0.9520592093 -0.2135177255 0.2190741003 0.2262251824 0.9734688997 -0.0343577340 -0.2059258372 0.0822706744 0.9751031399
231.7 89.6 2565.2 0.9779625535 0.0224791467 0.2075668275 -0.0407664478 0.9956103563 0.0842503831 -0.2047618032 -0.0908554792 0.9745860100
98.5 293.2 2575.9 0.5246495605 -0.7839134336 0.3319977820 0.6996744871 0.1748926491 -0.6927251816 0.4849725962 0.5957283378 0.6402416229
-0.4 161.2 2484.5 -0.2713649571 -0.7839134336 -0.5584270358 -0.9595191479 0.1748926491 0.2207614332 -0.0753930807 0.5957283378 -0.7996397018
373.8 281.7 2518.3 0.0952844769 0.5075099468 0.8563612103 -0.9855517149 0.1691115499 0.0094375964 -0.1400308907 -0.8448875546 0.5162909627
398.4 26.6 2482.1 -0.1117393076 0.5076350570 0.8542956114 -0.9590139389 0.1701829433 -0.2265613675 -0.2603970170 -0.8445971608 0.4678129554
139.1 -100.2 2597.5 -0.4830493629 -0.0747360289 0.8723977208 0.0418156832 0.9932447076 0.1082421467 -0.8745940328 0.0887662098 -0.4766611159
168.8 -495.0 2562.2 -0.4434861839 -0.2054091096 0.8724259734 -0.2352009416 0.9659428000 0.1078659669 -0.8648702502 -0.1573583484 -0.4766946733
318.6 -108.3 2560.5 0.9741335511 -0.0480716676 0.2208007276 0.0932344794 0.9755669832 -0.1989382207 -0.2058426142 0.2143786401 0.9548144341
337.7 -496.0 2475.3 0.9614263773 -0.1968199909 0.1921489090 0.1721751988 0.9754044414 0.1376293302 -0.2145111114 -0.0992371887 0.9716671109
77.9 438.2 2506.2 0 0 0 0 0 0 0 0 0
368.1 -233.9 2411.4 0 0 0 0 0 0 0 0 0
222.2 -746.2 2603.1 0 0 0 0 0 0 0 0 0
395.1 -780.4 2504.3 0 0 0 0 0 0 0 0 0
186.7 505.8 2565.2 0 0.9548577070 -0.2044931203 0.2154747844 0.2152998149 0.9761557579 -0.0276763458 -0.2046773136 0.0728186518 0.9761171341
233.0 284.9 2548.7 0.9548577070 -0.2044931203 0.2154747844 0.2152998149 0.9761557579 -0.0276763458 -0.2046773136 0.0728186518 0.9761171341
231.6 87.2 2568.6 0.9791493416 0.0068558492 0.2030260414 -0.0269717984 0.9949693680 0.0964805260 -0.2013432384 -0.0999448150 0.9744085073
95.2 288.7 2577.0 0.5392467976 -0.7640811205 0.3541086912 0.6981412768 0.1704421788 -0.6953762770 0.4709688425 0.6221973300 0.6253469586
-4.5 159.6 2490.0 -0.2709128261 -0.7640811205 -0.5854795575 -0.9600778222 0.1704421788 0.2218109220 -0.0696911365 0.6221973300 -0.7797523141
370.8 281.1 2520.3 0.1070765108 0.5069358945 0.8553073406 -0.9844713807 0.1744170189 0.0198706482 -0.1391070187 -0.8441532254 0.5177398324
398.6 24.7 2484.1 -0.1329092681 0.5033789873 0.8537825942 -0.9604307413 0.1473186761 -0.2363684624 -0.2447610348 -0.8514145613 0.4638806283
137.5 -104.6 2602.1 -0.4821348786 -0.0887670889 0.8715884089 0.0406772979 0.9915127158 0.1234821901 -0.8751521707 0.0949889272 -0.4744320810
172.8 -498.7 2564.3 -0.4465278387 -0.1946590096 0.8733388782 -0.2239987403 0.9692878127 0.1015172154 -0.8662779331 -0.1502965391 -0.4764173627
316.9 -112.1 2564.5 0.9735206366 -0.0532773994 0.2223039716 0.1013291702 0.9722789526 -0.2107274681 -0.2049144506 0.2276734114 0.9519321918
338.1 -498.5 2474.0 0.9629461169 -0.1918158382 0.1895823628 0.1661956906 0.9756683111 0.1430045813 -0.2124000490 -0.1061979309 0.9713950157
73.9 437.5 2510.1 0 0 0 0 0 0 0 0 0
362.5 -236.3 2417.6 0 0 0 0 0 0 0 0 0
222.5 -746.4 2602.7 0 0 0 0 0 0 0 0 0
393.3 -779.5 2504.6 0 0 0 0 0 0 0 0 0
185.0 504.4 2565.0 1 0.9506210685 -0.2196173817 0.2192891687 0.2263463438 0.9740300775 -0.0057261493 -0.2123366743 0.0550787002 0.9756430984
232.7 292.6 2553.0 0.9506210685 -0.2196173817 0.2192891687 0.2263463438 0.9740300775 -0.0057261493 -0.2123366743 0.0550787002 0.9756430984
231.1 94.8 2572.9 0.9780259728 0.0081867399 0.2083223015 -0.0288623087 0.9949238300 0.0964030474 -0.2064756006 -0.1002973467 0.9732976556
95.1 296.7 2582.1 0.5312110782 -0.7703095675 0.3527577221 0.7178930044 0.1881271303 -0.6702520251 0.4499382675 0.6092876196 0.6529350877
-7.2 158.4 2495.4 -0.2731502652 -0.7703095675 -0.5762048960 -0.9607381225 0.1881271303 0.2039374411 -0.0486951880 0.6092876196 -0.7914527059
370.4 288.5 2523.9 0.0982881784 0.5033352971 0.8584829569 -0.9856525064 0.1681853831 0.0142394826 -0.1372170448 -0.8475654721 0.5126443505
397.1 20.5 2486.6 -0.1343620270 0.5008064508 0.8550670743 -0.9596121907 0.1494707316 -0.2383337617 -0.2471665889 -0.8525558114 0.4604968131
140.4 -108.1 2606.9 -0.4868951440 -0.0682530552 0.8707896471 0.0444601998 0.9937133789 0.1027474627 -0.8723281622 0.0887427256 -0.4807996750
167.5 -503.1 2571.6 -0.4470108151 -0.2129994333 0.8687995076 -0.2133633494 0.9685928822 0.1276865602 -0.8687102199 -0.1282926947 -0.4784177840
320.1 -113.1 2570.0 0.9725866914 -0.0479263104 0.2275481522 0.1000657305 0.9695554376 -0.2234928459 -0.2099093646 0.2401359379 0.9477725625
339.1 -498.5 2474.5 0.9625479579 -0.1864697188 0.1968006343 0.1636360288 0.9783563018 0.1266576201 -0.2161589563 -0.0897103623 0.9722280502
71.8 436.3 2509.5 0 0 0 0 0 0 0 0 0
360.6 -240.4 2419.4 0 0 0 0 0 0 0 0 0
221.2 -747.2 2604.0 0 0 0 0 0 0 0 0 0
391.8 -774.8 2499.8 0 0 0 0 0 0 0 0 0
180.9 504.5 2566.9 2 0.9437613487 -0.2310709506 0.2364756465 0.2389193922 0.9710281491 -0.0046791318 -0.2285432965 0.0609146021 0.9716261625
232.1 289.1 2553.4 0.9437613487 -0.2310709506 0.2364756465 0.2389193922 0.9710281491 -0.0046791318 -0.2285432965 0.0609146021 0.9716261625
230.9 91.6 2575.6 0.9746560454 0.0062323036 0.2236219049 -0.0310511943 0.9937046766 0.1076422557 -0.2215432674 -0.1118578985 0.9687137604
95.0 293.5 2584.5 0.5453795791 -0.7494791746 0.3752893507 0.7073029280 0.1712598801 -0.6858517528 0.4497596025 0.6394928098 0.6235104203
-8.7 159.0 2499.0 -0.2752827704 -0.7494791746 -0.6020800471 -0.9591106772 0.1712598801 0.2253370285 -0.0657732487 0.6394928098 -0.7659783363
369.3 284.7 2522.2 0.1100190952 0.4893900454 0.8650972247 -0.9861047864 0.1627438664 0.0333432257 -0.1244714186 -0.8567448854 0.5004948378
397.9 28.4 2489.8 -0.1568384469 0.4849694073 0.8603524566 -0.9587097168 0.1344870180 -0.2505770922 -0.2372284532 -0.8641284108 0.4438521564
139.7 -100.3 2611.8 -0.5015775561 -0.0682400092 0.8624171019 0.0483894832 0.9931104183 0.1067244038 -0.8637583256 0.0952624828 -0.4948198199
166.9 -495.1 2574.0 -0.4630151093 -0.2095583379 0.8612214327 -0.2110210061 0.9697724581 0.1225213334 -0.8608641624 -0.1250065714 -0.4932405055
319.2 -105.6 2573.9 0.9693831205 -0.0331275910 0.2433083057 0.0911299884 0.9686302543 -0.2311942726 -0.2280168682 0.2462885082 0.9419927001
332.4 -490.6 2476.0 0.9566817880 -0.1942927539 0.2168186009 0.1718290448 0.9780066609 0.1182273552 -0.2350207567 -0.0758502260 0.9690263271
71.0 436.5 2518.1 0 0 0 0 0 0 0 0 0
355.2 -232.2 2425.3 0 0 0 0 0 0 0 0 0
222.1 -750.8 2606.9 0 0 0 0 0 0 0 0 0
389.4 -777.8 2498.3 0 0 0 0 0 0 0 0 0
172.2 506.8 2583.8 3 0.9355860353 -0.2462266833 0.2530833483 0.2630074024 0.9641872048 -0.0342078656 -0.2355968207 0.0985671878 0.9668394923
227.4 290.9 2561.8 0.9355860353 -0.2462266833 0.2530833483 0.2630074024 0.9641872048 -0.0342078656 -0.2355968207 0.0985671878 0.9668394923
231.7 93.5 2584.1 0.9723039865 -0.0215556901 0.2327236533 -0.0054134014 0.9933936596 0.1146284789 -0.2336570919 -0.1127135530 0.9657639265
90.6 291.7 2594.6 0.5289602280 -0.7593928576 0.3788450956 0.7066631913 0.1469454765 -0.6921229362 0.4699236453 0.6338213682 0.6143633127
-9.2 158.3 2506.0 -0.2507798076 -0.7593928576 -0.6003598571 -0.9649977684 0.1469454765 0.2172240615 -0.0767382309 0.6338213682 -0.7696633935
364.1 290.1 2528.9 0.1201847121 0.4742650390 0.8721400499 -0.9838678241 0.1741656214 0.0408709683 -0.1325131506 -0.8629826307 0.4875461459
397.1 20.1 2492.5 -0.1903068125 0.4656271935 0.8642769456 -0.9517424107 0.1284055859 -0.2787442207 -0.2407688797 -0.8756159544 0.4187206924
140.3 -103.1 2618.2 -0.5138760209 -0.0716670007 0.8548656702 0.0398377478 0.9934356809 0.1072311401 -0.8569389582 0.0891594365 -0.5076476932
168.8 -498.1 2582.7 -0.4796375334 -0.2048756927 0.8532137871 -0.1889021397 0.9736694694 0.1276077032 -0.8568919301 -0.0999684706 -0.5057098866
319.1 -108.8 2577.5 0.9645300508 -0.0164067373 0.2634627223 0.0946911201 0.9531468153 -0.2873059213 -0.2464049011 0.3020627797 0.9208923578
325.6 -487.1 2457.6 0.9554171562 -0.1813341975 0.2330149114 0.1533512026 0.9791522026 0.1332078129 -0.2523122132 -0.0915359184 0.9633066654
63.5 438.1 2528.2 0 0 0 0 0 0 0 0 0
345.4 -238.6 2427.1 0 0 0 0 0 0 0 0 0
221.5 -748.7 2608.4 0 0 0 0 0 0 0 0 0
379.5 -777.9 2484.8 0 0 0 0 0 0 0 0 0
164.8 507.0 2592.3 4 0.9344024062 -0.2440779805 0.2594572902 0.2654812932 0.9627994895 -0.0503674485 -0.2375117540 0.1159445196 0.9644402862
220.0 289.0 2566.1 0.9344024062 -0.2440779805 0.2594572902 0.2654812932 0.9627994895 -0.0503674485 -0.2375117540 0.1159445196 0.9644402862
227.0 91.6 2588.2 0.9712084532 -0.0351451859 0.2356246263 0.0076558576 0.9931518435 0.1165798008 -0.2381082326 -0.1114193797 0.9648265243
83.4 287.9 2599.6 0.5234524608 -0.7694265842 0.3660331070 0.6945905089 0.1365225166 -0.7063325047 0.4934992492 0.6239746213 0.6058994532
-11.6 161.9 2510.0 -0.2386401296 -0.7694265842 -0.5924808979 -0.9675918818 0.1365225166 0.2124324888 -0.0825642273 0.6239746213 -0.7770706415
356.7 290.1 2532.5 0.1481323242 0.4668426812 0.8718456030 -0.9797688723 0.1892341673 0.0651409552 -0.1345724016 -0.8638566732 0.4854296148
396.8 24.8 2496.1 -0.1990053356 0.4579273462 0.8664290905 -0.9449630976 0.1446203738 -0.2934785187 -0.2596951425 -0.8771473765 0.4039442241
146.8 -103.4 2627.9 -0.5178164840 -0.0503591970 0.8540082574 0.0271535721 0.9967954159 0.0752432793 -0.8550606966 0.0621515848 -0.5147896409
166.8 -499.5 2603.2 -0.4898083806 -0.2137428373 0.8452228904 -0.1316706240 0.9764968157 0.1706364453 -0.8618298173 -0.0277118701 -0.5064399838
325.1 -104.4 2585.1 0.9316534996 0.0203988347 0.3627749383 0.1179021075 0.9274258614 -0.3549371660 -0.3436871767 0.3734503984 0.8616344333
317.0 -471.5 2437.2 0.9316534996 -0.1713641435 0.3203999102 0.1179021075 0.9766619802 0.1795285642 -0.3436871767 -0.1294825822 0.9301147461
57.3 441.3 2533.9 0 0 0 0 0 0 0 0 0
342.7 -232.1 2425.5 0 0 0 0 0 0 0 0 0
221.8 -750.8 2610.4 0 0 0 0 0 0 0 0 0
370.9 -778.4 2477.9 0 0 0 0 0 0 0 0 0
160.7 506.8 2588.0 5 0.9314432144 -0.2502974570 0.2641301751 0.2636531591 0.9644883871 -0.0157837030 -0.2507998645 0.0843403786 0.9643579125
217.1 289.5 2569.0 0.9314432144 -0.2502974570 0.2641301751 0.2636531591 0.9644883871 -0.0157837030 -0.2507998645 0.0843403786 0.9643579125
224.9 92.1 2591.1 0.9688811898 -0.0389168337 0.2444478720 0.0102582788 0.9930277467 0.1174338013 -0.2473136634 -0.1112717837 0.9625250697
80.8 288.1 2603.8 0.4987079203 -0.7873613238 0.3624259531 0.7153618336 0.1377788931 -0.6850360632 0.4894362688 0.6008986235 0.6319596767
-9.6 158.4 2515.1 -0.2222229242 -0.7873613238 -0.5750470757 -0.9726096392 0.1377788931 0.1872096956 -0.0681723282 0.6008986235 -0.7964128256
353.5 290.9 2534.2 0.1593846083 0.4575246274 0.8747958541 -0.9779952168 0.1940091103 0.0767189786 -0.1346175373 -0.8677739501 0.4783789814
396.1 29.4 2498.2 -0.1921916902 0.4505625367 0.8718117476 -0.9438650608 0.1583409756 -0.2899083793 -0.2686653733 -0.8785906434 0.3948384225
144.9 -106.5 2632.2 -0.5263177752 -0.0590556599 0.8482346535 0.0316257142 0.9955352545 0.0889343172 -0.8496996164 0.0736337379 -0.5221002698
168.4 -502.1 2602.9 -0.4983171225 -0.2107080221 0.8410006762 -0.1319148988 0.9771510363 0.1666563451 -0.8569005132 -0.0278928075 -0.5147266388
323.1 -105.1 2588.5 0.9396833777 0.0297033656 0.3407533467 0.1110119820 0.9158098102 -0.3859646320 -0.3235297203 0.4005122483 0.8572738767
311.3 -468.2 2429.6 0.9396833777 -0.1581624448 0.3032816947 0.1110119820 0.9796947837 0.1669563800 -0.3235297203 -0.1232182384 0.9381608367
54.2 437.8 2534.7 0 0 0 0 0 0 0 0 0
343.8 -227.2 2425.2 0 0 0 0 0 0 0 0 0
223.4 -757.1 2610.2 0 0 0 0 0 0 0 0 0
360.6 -773.5 2468.0 0 0 0 0 0 0 0 0 0
159.9 513.3 2592.4 6 0.9321692586 -0.2378563136 0.2729191184 0.2557451725 0.9662337303 -0.0314122066 -0.2562320828 0.0990792438 0.9615240097
215.0 289.5 2569.5 0.9321692586 -0.2378563136 0.2729191184 0.2557451725 0.9662337303 -0.0314122066 -0.2562320828 0.0990792438 0.9615240097
223.4 92.2 2592.9 0.9671660066 -0.0424524732 0.2505748570 0.0112420944 0.9921314120 0.1246951148 -0.2538968027 -0.1177838892 0.9600329995
78.9 287.9 2605.2 0.4808068573 -0.8158223033 0.3213390112 0.7273617387 0.1664384604 -0.6657651067 0.4896628559 0.5538341403 0.6734226346
-8.6 155.6 2516.1 -0.2189874947 -0.8158223033 -0.5352368355 -0.9752820134 0.1664384604 0.1453382224 -0.0294861700 0.5538341403 -0.8321047425
351.1 291.0 2533.7 0.1672003865 0.4498958290 0.8772900105 -0.9767419100 0.1967371702 0.0852630138 -0.1342360824 -0.8711419106 0.4723266065
396.0 28.9 2497.7 -0.1958426684 0.4415017366 0.8756265640 -0.9448010325 0.1542258412 -0.2890768051 -0.2626721561 -0.8839064240 0.3869272768
143.7 -106.2 2635.9 -0.5331086516 -0.0602146201 0.8439012766 0.0408930928 0.9944643378 0.0967906490 -0.8450579643 0.0861096606 -0.5276951790
167.7 -501.5 2601.7 -0.5032996535 -0.2122681886 0.8376345634 -0.1356527954 0.9767485857 0.1660135090 -0.8533977866 -0.0300729275 -0.5203920007
321.5 -104.3 2590.6 0.9598646164 0.0263894144 0.2792195082 0.0937539041 0.9081010818 -0.4081208706 -0.2643296123 0.4179187119 0.8691799641
311.0 -464.9 2424.6 0.9598646164 -0.1254642159 0.2508359253 0.0937539041 0.9864490628 0.1346418262 -0.2643296123 -0.1057210714 0.9586203098
54.6 436.7 2524.6 0 0 0 0 0 0 0 0 0
342.7 -228.0 2426.3 0 0 0 0 0 0 0 0 0
223.2 -756.9 2609.6 0 0 0 0 0 0 0 0 0
349.8 -770.0 2457.4 0 0 0 0 0 0 0 0 0
157.4 515.1 2589.1 7 0.9307203293 -0.2515562773 0.2654789984 0.2639779747 0.9644591808 -0.0115787564 -0.2531309724 0.0808571950 0.9640471339
215.0 294.4 2570.6 0.9307203293 -0.2515562773 0.2654789984 0.2639779747 0.9644591808 -0.0115787564 -0.2531309724 0.0808571950 0.9640471339
223.0 97.1 2593.8 0.9685829878 -0.0404670611 0.2453761101 0.0102670863 0.9923377633 0.1231271774 -0.2484785914 -0.1167395934 0.9615769386
78.7 292.9 2605.6 0.4686326683 -0.8111770749 0.3498216569 0.7529794574 0.1597133726 -0.6383679509 0.4619582295 0.5625686049 0.6856465340
-7.2 155.0 2521.0 -0.2107143551 -0.8111770749 -0.5455192327 -0.9771909118 0.1597133726 0.1399626583 -0.0264077783 0.5625686049 -0.8263287544
351.3 295.8 2535.6 0.1653097719 0.4564402997 0.8742625117 -0.9781987071 0.1888632774 0.0863596350 -0.1256980598 -0.8694785237 0.4777102470
396.0 31.5 2501.7 -0.2020049095 0.4491104186 0.8703412414 -0.9422458410 0.1532795876 -0.2977886796 -0.2671455443 -0.8802301884 0.3922092021
143.2 -106.0 2639.6 -0.5274915099 -0.0663054585 0.8469688892 0.0294851270 0.9949202538 0.0962512270 -0.8490484953 0.0757446885 -0.5228569508
169.5 -501.5 2609.5 -0.5037266612 -0.2035643607 0.8395361900 -0.1103779525 0.9790403247 0.1711628437 -0.8567824364 -0.0064470000 -0.5156376958
320.6 -103.9 2593.0 0.9610984921 0.0369838737 0.2737185657 0.0825454071 0.9072452188 -0.4124225378 -0.2635828555 0.4189729095 0.8688991666
305.9 -464.4 2426.5 0.9605399370 -0.1077929214 0.2564053237 0.0878126025 0.9922271967 0.0881711692 -0.2639165521 -0.0621763133 0.9625394344
53.3 435.6 2528.6 0 0 0 0 0 0 0 0 0
341.0 -224.8 2429.0 0 0 0 0 0 0 0 0 0
223.1 -759.2 2611.2 0 0 0 0 0 0 0 0 0
338.6 -765.2 2445.4 0 0 0 0 0 0 0 0 0
154.4 513.5 2585.4 8 0.9185577631 -0.2775734961 0.2814331353 0.2846785486 0.9584863186 0.0161910746 -0.2742440104 0.0652455389 0.9594442248
217.5 295.7 2570.6 0.9185577631 -0.2775734961 0.2814331353 0.2846785486 0.9584863186 0.0161910746 -0.2742440104 0.0652455389 0.9594442248
221.7 98.6 2595.9 0.9642089605 -0.0210670624 0.2643051744 -0.0134303439 0.9916781783 0.1280391365 -0.2648030818 -0.1270061880 0.9559020400
81.9 297.5 2607.9 0.4775362313 -0.8023442626 0.3580541909 0.7556068301 0.1670763344 -0.6333591342 0.4483497143 0.5730001330 0.6860418320
-8.7 154.2 2522.8 -0.2166221440 -0.8023442626 -0.5561640859 -0.9760760069 0.1670763344 0.1391440928 -0.0187196117 0.5730001330 -0.8193414211
353.2 293.8 2533.4 0.1474084258 0.4450131357 0.8833085895 -0.9819117785 0.1731357276 0.0766373202 -0.1188276559 -0.8786280751 0.4624852836
392.0 35.0 2502.1 -0.2022074163 0.4384708405 0.8757028580 -0.9466979504 0.1414281875 -0.2894149423 -0.2507490814 -0.8875479698 0.3865016401
142.2 -101.1 2639.8 -0.5411198735 -0.0716371089 0.8378886580 0.0320001058 0.9938893318 0.1056408286 -0.8403363824 0.0839768723 -0.5355208516
170.7 -496.2 2606.4 -0.5183576345 -0.1935355961 0.8329761624 -0.1129542738 0.9810152054 0.1576403528 -0.8476713300 -0.0123741413 -0.5303773880
319.9 -99.2 2594.2 0.9589866400 0.0462984517 0.2796446383 0.0747250244 0.9103761911 -0.4069783390 -0.2734242976 0.4111832380 0.8695788980
301.5 -461.0 2430.8 0.9570428133 -0.0992029458 0.2724477649 0.0965497121 0.9950585961 0.0231623817 -0.2733992636 0.0041373610 0.9618917704
53.9 436.4 2528.2 0 0 0 0 0 0 0 0 0
337.0 -222.5 2433.9 0 0 0 0 0 0 0 0 0
223.0 -761.3 2609.8 0 0 0 0 0 0 0 0 0
331.5 -761.9 2429.5 0 0 0 0 0 0 0 0 0
152.0 508.1 2583.6 9 0.9218905568 -0.2791704535 0.2686664164 0.2867476344 0.9579376578 0.0114563899 -0.2605639696 0.0664779246 0.9631651640
214.0 295.4 2568.8 0.9218905568 -0.2791704535 0.2686664164 0.2867476344 0.9579376578 0.0114563899 -0.2605639696 0.0664779246 0.9631651640
220.7 98.4 2595.2 0.9680210352 -0.0334705263 0.2486262023 -0.0007696559 0.9906589389 0.1363610029 -0.2508678436 -0.1321916729 0.9589529037
77.8 295.5 2604.1 0.4654947817 -0.8098487258 0.3570149243 0.7632690072 0.1631303281 -0.6251471043 0.4480346441 0.5635011792 0.6940687299
-17.5 139.2 2512.4 -0.2324960083 -0.8124399185 -0.5346840620 -0.9698710442 0.1525328755 0.1899576783 -0.0727723017 0.5627389550 -0.8234251738
350.2 295.2 2533.5 0.1469323486 0.4557174742 0.8779137135 -0.9822947979 0.1715108901 0.0753723010 -0.1162232831 -0.8734446764 0.4728493989
389.6 31.7 2502.4 -0.1968213022 0.4488393664 0.8716676831 -0.9487527609 0.1370082051 -0.2847752869 -0.2472440004 -0.8830469847 0.3988714516
137.5 -97.3 2645.4 -0.5303892493 -0.0840745792 0.8435749412 0.0322875641 0.9923448563 0.1192021593 -0.8471391201 0.0904605314 -0.5236145258
170.9 -491.8 2609.5 -0.5105679631 -0.1853604913 0.8396200538 -0.0967612416 0.9826704264 0.1581013799 -0.8543755412 -0.0005211788 -0.5196557641
314.4 -99.8 2596.9 0.9611960649 0.0411462560 0.2727803290 0.0749293193 0.9127005935 -0.4017004669 -0.2654952109 0.4065521657 0.8742011189
298.0 -462.6 2435.3 0.9590566754 -0.0898025259 0.2685996890 0.1028192043 0.9940924048 -0.0347633883 -0.2638910711 0.0609572679 0.9626243711
49.2 417.6 2533.3 0 0 0 0 0 0 0 0 0
336.1 -226.4 2435.1 0 0 0 0 0 0 0 0 0
221.7 -760.7 2609.6 0 0 0 0 0 0 0 0 0
325.1 -762.5 2416.9 0 0 0 0 0 0 0 0 0
147.3 513.2 2582.7 0 0.9297605753 -0.2777518034 0.2416592836 0.2857317328 0.9583073258 0.0021083639 -0.2321694642 0.0670894459 0.9703588486
210.0 296.8 2567.5 0.9297605753 -0.2777518034 0.2416592836 0.2857317328 0.9583073258 0.0021083639 -0.2321694642 0.0670894459 0.9703588486
222.3 100.1 2592.9 0.9739823937 -0.0618056618 0.2180328518 0.0320014544 0.9899612069 0.1376689523 -0.2243527919 -0.1271097660 0.9661826491
73.0 292.3 2599.1 0.4721709192 -0.7970469594 0.3765245974 0.7877094150 0.1897709817 -0.5860894322 0.3956873715 0.5733263493 0.7174457312
-22.9 132.3 2518.7 -0.2502096891 -0.8022282124 -0.5420562625 -0.9661367536 0.1704223156 0.1937422305 -0.0630470067 0.5721766353 -0.8177034855
346.9 301.3 2536.0 0.1402319968 0.4766670763 0.8678268790 -0.9829356670 0.1724067032 0.0641354173 -0.1190479323 -0.8620118499 0.4927100241
385.1 33.6 2503.6 -0.1797669530 0.4704823494 0.8639040589 -0.9519580603 0.1381205618 -0.2733103037 -0.2479105890 -0.8715326190 0.4230499566
138.5 -98.4 2644.5 -0.5096024871 -0.0809047967 0.8565977812 0.0368781611 0.9926006198 0.1156894863 -0.8596193194 0.0905454010 -0.5028480887
170.7 -493.0 2608.5 -0.4895513058 -0.1848679781 0.8521521688 -0.0930990279 0.9827626944 0.1597186625 -0.8669902682 -0.0011440612 -0.4983237684
316.1 -98.5 2598.5 0.9639716148 0.0489729419 0.2614581287 0.0654923990 0.9089549184 -0.4117179513 -0.2578167021 0.4140079319 0.8729994297
296.6 -459.9 2433.9 0.9624823928 -0.0682582259 0.2626183927 0.0922560841 0.9925044775 -0.0801477060 -0.2551791966 0.1013688967 0.9615653753
48.8 409.1 2536.8 0 0 0 0 0 0 0 0 0
336.2 -225.3 2436.1 0 0 0 0 0 0 0 0 0
221.1 -760.9 2608.8 0 0 0 0 0 0 0 0 0
317.8 -766.9 2402.5 0 0 0 0 0 0 0 0 0
143.6 512.5 2592.7 1 0.9149044156 -0.2999484837 0.2701495290 0.3181342483 0.9477116466 -0.0251629725 -0.2484762669 0.1089655384 0.9624894857
211.4 298.2 2568.1 0.9149044156 -0.2999484837 0.2701495290 0.3181342483 0.9477116466 -0.0251629725 -0.2484762669 0.1089655384 0.9624894857
221.8 101.1 2591.6 0.9687345624 -0.0523294993 0.2425179631 0.0217856020 0.9916691184 0.1269558817 -0.2471411079 -0.1177031472 0.9618041515
75.2 295.1 2602.9 0.4808571637 -0.7832130790 0.3941493034 0.7893760800 0.1910309643 -0.5834316611 0.3816565871 0.5916793346 0.7101082802
-25.2 130.3 2523.2 -0.2625014186 -0.7856131196 -0.5602722764 -0.9635493755 0.1823460013 0.1957613677 -0.0516292863 0.5912376642 -0.8048431277
347.6 301.3 2533.3 0.1484610885 0.4559043646 0.8775594234 -0.9793719053 0.1907858998 0.0665692687 -0.1370767355 -0.8693399429 0.4748242199
387.7 36.9 2496.3 -0.1864479631 0.4414382279 0.8777069449 -0.9599753022 0.1081985682 -0.2583418489 -0.2090086043 -0.8907442689 0.4035963714
145.3 -99.5 2638.8 -0.5273846984 -0.0742234439 0.8463783264 0.0236523636 0.9945081472 0.1019517109 -0.8492973447 0.0737866163 -0.5227327943
174.8 -494.8 2609.5 -0.5116572976 -0.1697717905 0.8422495723 -0.0866661370 0.9854819179 0.1459943354 -0.8548074961 0.0017045465 -0.5189424753
323.8 -93.6 2597.7 0.9575170875 0.0707920268 0.2795523405 0.0447807275 0.9211404920 -0.3866457045 -0.2848784029 0.3827384412 0.8788376451
295.7 -459.5 2445.7 0.9561643004 -0.0509103909 0.2883712351 0.0954918936 0.9851481915 -0.1427037716 -0.2768232822 0.1639853716 0.9468250275
49.9 406.1 2538.0 0 0 0 0 0 0 0 0 0
337.0 -224.0 2439.5 0 0 0 0 0 0 0 0 0
220.9 -762.7 2609.0 0 0 0 0 0 0 0 0 0
311.9 -772.8 2393.5 0 0 0 0 0 0 0 0 0
143.2 508.3 2596.8 2 0.9210696220 -0.2823997736 0.2681065202 0.3035901785 0.9519513249 -0.0402707383 -0.2438519150 0.1184866652 0.9625472426
205.6 297.9 2570.6 0.9210696220 -0.2823997736 0.2681065202 0.3035901785 0.9519513249 -0.0402707383 -0.2438519150 0.1184866652 0.9625472426
219.2 100.9 2592.5 0.9686895609 -0.0687991530 0.2385523617 0.0400643125 0.9915628433 0.1232802793 -0.2450212389 -0.1098628789 0.9632729292
69.3 292.3 2605.0 0.4605022073 -0.7906964421 0.4034065306 0.7964841127 0.1674455553 -0.5810120702 0.3918555677 0.5888642669 0.7068862319
-26.4 126.7 2523.6 -0.2618806958 -0.7874860764 -0.5579285026 -0.9634470940 0.1794966310 0.1988733411 -0.0564636923 0.5896157026 -0.8057078719
341.8 303.6 2536.1 0.1791224182 0.4491758347 0.8753035069 -0.9690726995 0.2340569049 0.0782013685 -0.1697446555 -0.8622403741 0.4772088826
390.9 37.8 2489.6 -0.1910802722 0.4265823960 0.8840337992 -0.9614434838 0.1001264676 -0.2561271787 -0.1977745295 -0.8988893628 0.3910026848
143.4 -98.0 2637.7 -0.5253403783 -0.0866327956 0.8464704752 0.0128498096 0.9938822389 0.1096947044 -0.8507951498 0.0685040429 -0.5210132599
177.8 -493.1 2610.5 -0.5124847889 -0.1570343822 0.8442153335 -0.0837129503 0.9875897765 0.1328854561 -0.8546060324 -0.0025699842 -0.5192705393
321.0 -94.0 2592.4 0.9561073184 0.0637329966 0.2860015631 0.0467606299 0.9303632379 -0.3636449277 -0.2892615199 0.3610571921 0.8865469098
295.7 -463.6 2448.9 0.9553119540 -0.0393847078 0.2929640710 0.0929581672 0.9808298945 -0.1712645292 -0.2806026936 0.1908444464 0.9406596422
48.5 402.3 2539.7 0 0 0 0 0 0 0 0 0
339.0 -223.6 2435.8 0 0 0 0 0 0 0 0 0
221.3 -766.5 2611.2 0 0 0 0 0 0 0 0 0
308.5 -782.6 2386.8 0 0 0 0 0 0 0 0 0
141.0 502.1 2590.3 3 0.9099963307 -0.2972845435 0.2890130281 0.3094252646 0.9509159327 0.0038640026 -0.2759757936 0.0859117061 0.9573173523
204.3 299.7 2572.0 0.9099963307 -0.2972845435 0.2890130281 0.3094252646 0.9509159327 0.0038640026 -0.2759757936 0.0859117061 0.9573173523
220.2 102.5 2591.5 0.9603071213 -0.0802954435 0.2671383619 0.0505524911 0.9919127226 0.1164196655 -0.2743259072 -0.0982941240 0.9566000104
69.2 292.6 2610.6 0.4614316821 -0.7765088081 0.4290860295 0.7968380451 0.1501137912 -0.5852477551 0.3900383413 0.6119639277 0.6880190372
-26.7 127.0 2529.5 -0.2626198828 -0.7677962780 -0.5843968391 -0.9640859365 0.1839336157 0.1915899813 -0.0396118499 0.6137241125 -0.7885262370
339.3 306.8 2533.4 0.1966801584 0.4222505391 0.8848849535 -0.9662775397 0.2364686430 0.1019325778 -0.1662064642 -0.8750926256 0.4545199275
392.8 43.8 2488.2 -0.1721297503 0.4040966928 0.8983747363 -0.9640296698 0.1184002832 -0.2379667759 -0.2025294155 -0.9070211053 0.3691809773
144.1 -99.9 2636.8 -0.5515238047 -0.0823121667 0.8300880790 0.0173172131 0.9937752485 0.1100493446 -0.8339793682 0.0750696436 -0.5466653109
176.8 -495.0 2607.0 -0.5360255837 -0.1611745805 0.8286732435 -0.1021518931 0.9867761731 0.1258484125 -0.8379985094 -0.0171925668 -0.5454015732
321.7 -92.5 2591.9 0.9461171031 0.0576891117 0.3186445534 0.0546424352 0.9414520264 -0.3326894343 -0.3191811144 0.3321746886 0.8875716329
298.8 -466.5 2459.9 0.9458903670 -0.0259197038 0.3234495223 0.0974231511 0.9735013843 -0.2068908662 -0.3095160127 0.2272075415 0.9233507514
48.4 402.7 2540.8 0 0 0 0 0 0 0 0 0
346.0 -218.3 2433.1 0 0 0 0 0 0 0 0 0
221.3 -767.6 2611.7 0 0 0 0 0 0 0 0 0
307.3 -785.2 2385.5 0 0 0 0 0 0 0 0 0
138.4 498.0 2586.5 4 0.8947307467 -0.3159318864 0.3156643510 0.3216732442 0.9461949468 0.0352342874 -0.3098116517 0.0700155795 0.9482164979
204.6 299.9 2571.9 0.8947307467 -0.3159318864 0.3156643510 0.3216732442 0.9461949468 0.0352342874 -0.3098116517 0.0700155795 0.9482164979
219.9 102.4 2588.4 0.9501639009 -0.0774251446 0.3019832373 0.0483195484 0.9935382009 0.1026989147 -0.3079833686 -0.0829891115 0.9477652907
71.0 293.1 2615.2 0.4711221755 -0.7544469833 0.4570051134 0.7985353470 0.1447193474 -0.5842924118 0.3746801615 0.6402078271 0.6706330180
-26.4 128.0 2537.7 -0.2626301944 -0.7415771484 -0.6173238158 -0.9648577571 0.1961004287 0.1749117374 -0.0086530885 0.6415667534 -0.7670183778
338.2 306.8 2528.6 0.2013400495 0.3958911300 0.8959533572 -0.9669927359 0.2261614799 0.1173711196 -0.1561639458 -0.8900119066 0.4283592105
392.0 48.0 2486.8 -0.1516139060 0.3850340545 0.9103636742 -0.9630424976 0.1498973519 -0.2237855345 -0.2226261497 -0.9106478691 0.3480776250
148.1 -99.3 2636.2 -0.5804180503 -0.0710276663 0.8112151027 0.0240834188 0.9942557216 0.1042856723 -0.8139624596 0.0800661221 -0.5753734112
