-271.6 476.9 2526.7 2 0.9369186759 0.0457937196 -0.3465346992 -0.0213555768 0.9970283508 0.0740162507 0.3488943875 -0.0619467571 0.9351124763
-280.8 276.5 2539.1 0.9369186759 0.0457937196 -0.3465346992 -0.0213555768 0.9970283508 0.0740162507 0.3488943875 -0.0619467571 0.9351124763
-288.2 78.3 2550.7 0.9371969700 0.0373415463 -0.3467958868 -0.0146783404 0.9975944161 0.0677494183 0.3484915197 -0.0584041625 0.9354905486
-417.7 278.7 2488.2 0.7660089135 -0.5752937198 -0.2868230343 0.1504446566 0.5942348838 -0.7900957465 0.6249773502 0.5620694160 0.5417391062
-598.2 243.2 2340.9 -0.7818529606 -0.5988634825 0.1734025180 -0.2803649902 0.5861387849 0.7601557374 -0.5568674803 0.5457140207 -0.6261747479
-143.9 274.4 2590.0 0.1335442960 0.9818149805 -0.1349267066 -0.9903934598 0.1272862405 -0.0540282391 -0.0358714238 0.1408456862 0.9893814921
-107.7 6.3 2580.3 0.0452942438 0.9938445091 -0.1011014283 -0.9606375098 0.0155648021 -0.2773685455 -0.2740876079 0.1096850187 0.9554293156
-380.0 -117.9 2532.6 0.9647319913 -0.0764075443 -0.2519008219 0.0873129666 0.9956543446 0.0323862061 0.2483315915 -0.0532382205 0.9672110081
-349.6 -513.6 2553.8 0.9608066082 -0.1479752660 -0.2344226837 0.1161747873 0.9827105999 -0.1441642046 0.2517023981 0.1112799048 0.9613858461
-208.4 -120.0 2597.5 0.9956821799 -0.0918365791 0.0135294069 0.0915140957 0.9466760755 -0.3089168370 0.0155619001 0.3088211119 0.9509928226
-172.0 -496.2 2474.8 0.9969744682 -0.0720679387 -0.0291219186 0.0756184459 0.9859770536 0.1487652063 0.0179923419 -0.1505172700 0.9884436131
-419.9 307.1 2467.9 0 0 0 0 0 0 0 0 0
-94.8 -268.2 2502.0 0 0 0 0 0 0 0 0 0
-303.7 -818.5 2519.3 0 0 0 0 0 0 0 0 0
-149.5 -804.0 2521.8 0 0 0 0 0 0 0 0 0
-272.4 477.6 2528.2 3 0.9300353527 0.0368174873 -0.3656209409 -0.0134325819 0.9977093935 0.0662992001 0.3672243953 -0.0567493662 0.9283995628
-279.8 276.9 2539.6 0.9300353527 0.0368174873 -0.3656209409 -0.0134325819 0.9977093935 0.0662992001 0.3672243953 -0.0567493662 0.9283995628
-285.5 78.5 2549.8 0.9302234054 0.0283612274 -0.3658961654 -0.0076737516 0.9982945919 0.0578703992 0.3669134676 -0.0510246046 0.9288547039
-415.7 278.0 2486.0 0.7519344091 -0.5922976136 -0.2894446552 0.1538307369 0.5845831037 -0.7966170311 0.6410388350 0.5544782877 0.5306817293
-593.0 241.7 2334.9 -0.7678025961 -0.6154559255 0.1780257225 -0.2843661904 0.5763634443 0.7661207914 -0.5741211176 0.5376050472 -0.6175482273
-144.0 275.7 2593.2 0.1330537945 0.9790364504 -0.1542215794 -0.9903271198 0.1251504868 -0.0599131286 -0.0393562317 0.1607014835 0.9862180948
-107.7 6.0 2582.5 0.0403478071 0.9921014309 -0.1187721491 -0.9569640756 0.0041795596 -0.2901762426 -0.2873878479 0.1253686547 0.9495740533
-381.6 -118.6 2530.4 0.9586420059 -0.0824542865 -0.2724091411 0.0959219337 0.9947203994 0.0364739485 0.2679634988 -0.0610954724 0.9614899158
-348.8 -513.9 2554.6 0.9565635920 -0.1459389031 -0.2523645759 0.1106513366 0.9826509953 -0.1488400400 0.2697078586 0.1144504920 0.9561164975
-209.7 -121.3 2594.3 0.9949982762 -0.0998371542 -0.0033059819 0.0940893590 0.9478029013 -0.3046585023 0.0335496590 0.3028236330 0.9524559379
-170.0 -497.9 2474.0 0.9966588616 -0.0665656030 -0.0473295227 0.0729124099 0.9862531424 0.1482851952 0.0368081965 -0.1512406766 0.9878114462
-417.8 306.6 2465.9 0 0 0 0 0 0 0 0 0
-96.2 -267.5 2500.4 0 0 0 0 0 0 0 0 0
-303.8 -817.1 2519.3 0 0 0 0 0 0 0 0 0
-149.3 -804.0 2520.9 0 0 0 0 0 0 0 0 0
-272.3 477.0 2529.5 4 0.9319771528 0.0342026316 -0.3608999848 -0.0119404653 0.9978953600 0.0637362301 0.3623203635 -0.0550913960 0.9304240346
-279.2 276.4 2540.6 0.9319771528 0.0342026316 -0.3608999848 -0.0119404653 0.9978953600 0.0637362301 0.3623203635 -0.0550913960 0.9304240346
-284.3 78.0 2550.6 0.9321600199 0.0258630458 -0.3611215949 -0.0058622304 0.9983926415 0.0563714281 0.3619990647 -0.0504302122 0.9308133125
-415.3 277.3 2487.7 0.7549588084 -0.5906692147 -0.2848632634 0.1550422460 0.5828506351 -0.7976509333 0.6371805668 0.5580277443 0.5316069126
-593.3 240.7 2337.5 -0.7701824903 -0.6138978004 0.1730561703 -0.2856618464 0.5745915771 0.7669692636 -0.5702773929 0.5412707329 -0.6179075241
-143.0 275.6 2593.4 0.1297619939 0.9801560044 -0.1498532891 -0.9909536839 0.1229757145 -0.0537375435 -0.0342428647 0.1554707587 0.9872468114
-108.0 7.9 2584.2 0.0420523472 0.9925950766 -0.1139587611 -0.9563401341 0.0069723260 -0.2921728194 -0.2892147303 0.1212698892 0.9495517015
-376.4 -119.2 2526.3 0.9603292346 -0.0748891532 -0.2686250210 0.0915977955 0.9945300221 0.0501983352 0.2633963227 -0.0728123859 0.9619359374
-346.6 -514.4 2555.2 0.9588961005 -0.1375245750 -0.2482041121 0.1022539213 0.9834078550 -0.1498438120 0.2646930814 0.1183047965 0.9570483565
-205.8 -120.6 2593.6 0.9955042005 -0.0946596116 0.0033049632 0.0909005404 0.9450019598 -0.3141788840 0.0266168527 0.3130668104 0.9493580461
-168.2 -496.1 2469.2 0.9974164367 -0.0587423220 -0.0413502268 0.0647791773 0.9842862487 0.1642688066 0.0310509261 -0.1665230393 0.9855485559
-417.6 305.9 2467.6 0 0 0 0 0 0 0 0 0
-95.9 -265.5 2501.5 0 0 0 0 0 0 0 0 0
-303.9 -819.9 2518.5 0 0 0 0 0 0 0 0 0
-149.7 -806.4 2521.7 0 0 0 0 0 0 0 0 0
-272.3 477.6 2529.6 5 0.9278079271 0.0309451837 -0.3717726171 -0.0081235683 0.9979932904 0.0627963766 0.3729698360 -0.0552428588 0.9261974692
-278.5 276.5 2540.8 0.9278079271 0.0309451837 -0.3717726171 -0.0081235683 0.9979932904 0.0627963766 0.3729698360 -0.0552428588 0.9261974692
-282.9 78.1 2550.9 0.9279826283 0.0221787840 -0.3719628751 -0.0015579995 0.9984492660 0.0556469373 0.3726202548 -0.0510598719 0.9265781641
-414.0 276.8 2486.3 0.7469663620 -0.5994825363 -0.2875097990 0.1588297635 0.5808113813 -0.7983928919 0.6456115842 0.5507075787 0.5290622711
-590.1 239.3 2334.1 -0.7623956800 -0.6224828959 0.1768272370 -0.2894542813 0.5724382997 0.7671574950 -0.5787650943 0.5336941481 -0.6166048050
-142.9 276.3 2595.2 0.1304368824 0.9784520864 -0.1600552946 -0.9906949997 0.1223007664 -0.0597151779 -0.0388535559 0.1663550436 0.9853001833
-107.8 9.3 2584.7 0.0616206340 0.9899612665 -0.1271988004 -0.9603922963 0.0241108127 -0.2776064873 -0.2717528045 0.1392670274 0.9522368908
-374.9 -119.8 2527.4 0.9576657414 -0.0678942502 -0.2797618508 0.0849684030 0.9951608777 0.0493478030 0.2750576138 -0.0710296184 0.9588003755
-347.9 -515.3 2555.6 0.9555495977 -0.1400324106 -0.2594530880 0.1006786078 0.9820894003 -0.1592616886 0.2771079242 0.1260610670 0.9525333643
-204.0 -120.9 2593.8 0.9953556061 -0.0960567594 -0.0063510118 0.0892972872 0.9459306002 -0.3118354082 0.0359615162 0.3098199964 0.9501149058
-165.8 -496.8 2470.7 0.9975012541 -0.0494912490 -0.0504170097 0.0572059117 0.9845796824 0.1653189808 0.0414577201 -0.1677900404 0.9849506617
-416.2 305.3 2466.2 0 0 0 0 0 0 0 0 0
-90.2 -265.1 2507.1 0 0 0 0 0 0 0 0 0
-304.5 -820.1 2516.5 0 0 0 0 0 0 0 0 0
-150.1 -808.1 2523.7 0 0 0 0 0 0 0 0 0
-272.6 476.5 2530.2 6 0.9284247160 0.0300463978 -0.3703035712 -0.0074749091 0.9980332851 0.0622392409 0.3714453578 -0.0550164655 0.9268233776
-278.6 275.9 2541.3 0.9284247160 0.0300463978 -0.3703035712 -0.0074749091 0.9980332851 0.0622392409 0.3714453578 -0.0550164655 0.9268233776
-283.0 77.5 2551.7 0.9285955429 0.0219897237 -0.3704412878 -0.0009209374 0.9983762503 0.0569559634 0.3710922301 -0.0525479019 0.9271079898
-414.3 276.0 2487.0 0.7480126023 -0.5986352563 -0.2865536809 0.1598450094 0.5815499425 -0.7976523042 0.6441480517 0.5508497953 0.5306955576
-590.6 238.3 2335.2 -0.7633180022 -0.6216626763 0.1757302880 -0.2903737724 0.5731498003 0.7662782669 -0.5770863891 0.5338865519 -0.6180101037
-143.0 275.7 2595.5 0.1312593073 0.9786822200 -0.1579624414 -0.9904967546 0.1228689700 -0.0618010797 -0.0410749353 0.1645732671 0.9855092764
-108.0 11.8 2584.5 0.0694153085 0.9895525575 -0.1263617128 -0.9618895650 0.0328101739 -0.2714625597 -0.2644805014 0.1403896660 0.9541178346
-372.4 -120.1 2526.9 0.9586299062 -0.0617351010 -0.2778803706 0.0774765238 0.9959316254 0.0460175350 0.2739089429 -0.0656429902 0.9595128298
-347.9 -515.9 2553.0 0.9545940757 -0.1443604380 -0.2605958581 0.1081688702 0.9830068946 -0.1483137161 0.2775781453 0.1133910418 0.9539878368
-202.2 -120.4 2595.2 0.9923904538 -0.0947408974 -0.0786471441 0.0628250390 0.9389305115 -0.3383231461 0.1058972403 0.3308076560 0.9377377629
-164.6 -493.5 2463.8 0.9923904538 -0.0423363857 -0.1156236976 0.0628250390 0.9817010760 0.1797666848 0.1058972403 -0.1856628060 0.9768905044
-416.5 304.5 2466.8 0 0 0 0 0 0 0 0 0
-88.2 -263.1 2508.9 0 0 0 0 0 0 0 0 0
-302.7 -823.4 2517.5 0 0 0 0 0 0 0 0 0
-151.0 -808.4 2523.4 0 0 0 0 0 0 0 0 0
-273.4 475.6 2520.5 7 0.9285432100 0.0315382108 -0.3698821366 0.0014418515 0.9960706830 0.0885501206 0.3712214828 -0.0827559307 0.9248492122
-279.7 274.9 2537.2 0.9285432100 0.0315382108 -0.3698821366 0.0014418515 0.9960706830 0.0885501206 0.3712214828 -0.0827559307 0.9248492122
-284.3 76.7 2551.5 0.9286522269 0.0230264105 -0.3702361882 0.0054230709 0.9971221685 0.0756173879 0.3709118962 -0.0722300708 0.9258548617
-415.4 274.1 2483.0 0.7482804060 -0.5979399085 -0.2873052359 0.1717321873 0.5929282904 -0.7867299914 0.6407686472 0.5393550992 0.5463621616
-591.8 233.6 2331.9 -0.7637119293 -0.6209787726 0.1764353663 -0.3008969128 0.5842193961 0.7537564635 -0.5711437464 0.5225639343 -0.6330258846
-144.0 275.6 2591.3 0.1359172761 0.9781676531 -0.1572086215 -0.9903878570 0.1300403774 -0.0471318290 -0.0256593619 0.1621035337 0.9864400625
-107.8 11.6 2584.5 0.0753385946 0.9896125197 -0.1224383935 -0.9621299505 0.0398833454 -0.2696577609 -0.2619734406 0.1381172836 0.9551405907
-372.5 -120.8 2528.1 0.9589422345 -0.0645192116 -0.2761649191 0.0788549185 0.9960380197 0.0411120988 0.2724182308 -0.0612010881 0.9602305889
-346.9 -516.7 2552.4 0.9554851651 -0.1415024102 -0.2588922381 0.1053121313 0.9832522273 -0.1487428993 0.2756038606 0.1148571372 0.9543848038
-202.2 -121.0 2596.2 0.9930008054 -0.0884916335 -0.0782215223 0.0583798401 0.9434822202 -0.3262407780 0.1026701927 0.3193908036 0.9420447946
-167.0 -495.9 2469.3 0.9924364090 -0.0522692427 -0.1110760495 0.0703989863 0.9835842848 0.1661502570 0.1005681083 -0.1727132052 0.9798246026
-417.6 302.2 2462.2 0 0 0 0 0 0 0 0 0
-86.3 -263.4 2509.6 0 0 0 0 0 0 0 0 0
-303.1 -820.9 2516.9 0 0 0 0 0 0 0 0 0
-150.5 -807.2 2523.9 0 0 0 0 0 0 0 0 0
-273.3 478.0 2525.1 8 0.9285198450 0.0319492333 -0.3699056208 -0.0054531270 0.9973567724 0.0724548250 0.3712427616 -0.0652585998 0.9262397885
-279.8 276.6 2538.3 0.9285198450 0.0319492333 -0.3699056208 -0.0054531270 0.9973567724 0.0724548250 0.3712427616 -0.0652585998 0.9262397885
-284.3 78.3 2550.3 0.9287097454 0.0225012787 -0.3701241314 0.0015066606 0.9979199171 0.0644479096 0.3708043993 -0.0604110509 0.9267441034
-415.5 276.4 2484.1 0.7482963800 -0.5981571674 -0.2868110836 0.1645126492 0.5861853957 -0.7932983637 0.6426415443 0.5464382172 0.5370447636
-591.9 237.6 2332.6 -0.7636500001 -0.6211943030 0.1759440899 -0.2945013940 0.5776641965 0.7612969279 -0.5745499134 0.5295486450 -0.6240758300
-144.1 276.8 2592.5 0.1358851343 0.9781078696 -0.1576077491 -0.9901694059 0.1287543774 -0.0546523668 -0.0331632234 0.1634848118 0.9859883189
-107.7 11.6 2583.6 0.0784036219 0.9890797734 -0.1247963607 -0.9630919099 0.0428132899 -0.2657460272 -0.2575010657 0.1410258263 0.9559314251
-374.0 -121.9 2531.9 0.9589388371 -0.0662573352 -0.2757649720 0.0762240961 0.9967628121 0.0255703125 0.2731780410 -0.0455403030 0.9608849287
-347.7 -518.0 2550.0 0.9551166296 -0.1392409801 -0.2614655197 0.1064940840 0.9850302339 -0.1355524808 0.2764258981 0.1016239002 0.9556470513
-203.7 -120.9 2599.9 0.9928202033 -0.0959316194 -0.0714504048 0.0646227449 0.9328237176 -0.3544909656 0.1006575227 0.3473284543 0.9323256016
-165.6 -491.4 2461.9 0.9928202033 -0.0446113087 -0.1109858900 0.0646227449 0.9808313847 0.1838304996 0.1006575227 -0.1896828562 0.9766721725
-417.7 304.8 2463.7 0 0 0 0 0 0 0 0 0
-85.3 -263.7 2510.0 0 0 0 0 0 0 0 0 0
-304.6 -822.5 2518.5 0 0 0 0 0 0 0 0 0
-151.2 -808.2 2523.2 0 0 0 0 0 0 0 0 0
-274.8 480.7 2526.9 9 0.9236229062 0.0239667129 -0.3825523555 -0.0009265699 0.9981799722 0.0602983870 0.3833012581 -0.0553385131 0.9219641089
-279.6 279.8 2538.1 0.9236229062 0.0239667129 -0.3825523555 -0.0009265699 0.9981799722 0.0602983870 0.3833012581 -0.0553385131 0.9219641089
-282.6 81.4 2549.1 0.9237843156 0.0151101882 -0.3826149404 0.0073206015 0.9983415604 0.0571012348 0.3828431964 -0.0555501953 0.9221416712
-414.6 278.7 2482.2 0.7385355830 -0.6099661589 -0.2872395217 0.1675813049 0.5787413716 -0.7981070876 0.6530556679 0.5412945151 0.5296400189
-588.7 239.2 2328.2 -0.7537052035 -0.6327119470 0.1777751148 -0.2980076969 0.5701123476 0.7656130791 -0.5857643485 0.5240681767 -0.6182496548
-144.7 280.8 2594.0 0.1360895783 0.9759389162 -0.1703611016 -0.9901058078 0.1280448735 -0.0574023090 -0.0342072807 0.1764873713 0.9837083220
-107.8 12.6 2584.7 0.0800167620 0.9873768687 -0.1366904825 -0.9616379738 0.0403677598 -0.2713353932 -0.2623924017 0.1531581283 0.9527291656
-373.9 -120.1 2528.3 0.9547044039 -0.0685721859 -0.2895468175 0.0821556300 0.9960045218 0.0350069031 0.2859894335 -0.0572091453 0.9565234780
-346.7 -515.9 2551.0 0.9519231915 -0.1380698830 -0.2734573185 0.1036360785 0.9851821661 -0.1366589516 0.2882737517 0.1017487794 0.9521268010
-203.6 -119.8 2596.3 0.9918605685 -0.0963593274 -0.0832317546 0.0631592348 0.9399183989 -0.3355059922 0.1105601937 0.3275183141 0.9383539557
-165.3 -493.2 2466.2 0.9917266965 -0.0459596887 -0.1198577285 0.0661193207 0.9832112789 0.1700700521 0.1100291014 -0.1765879244 0.9781156778
-416.8 307.2 2461.8 0 0 0 0 0 0 0 0 0
-85.0 -262.2 2509.7 0 0 0 0 0 0 0 0 0
-304.2 -819.2 2519.7 0 0 0 0 0 0 0 0 0
-150.7 -804.5 2522.1 0 0 0 0 0 0 0 0 0
-272.2 480.6 2520.4 0 0.9277040362 0.0337557569 -0.3717872202 -0.0030664357 0.9965590239 0.0828292593 0.3733038902 -0.0757009834 0.9246153831
-279.0 279.7 2535.6 0.9277040362 0.0337557569 -0.3717872202 -0.0030664357 0.9965590239 0.0828292593 0.3733038902 -0.0757009834 0.9246153831
-284.1 81.6 2549.8 0.9278761148 0.0258647650 -0.3719905615 0.0026863241 0.9971019030 0.0760298446 0.3728789985 -0.0715455636 0.9251175523
-414.5 279.3 2481.2 0.7473819256 -0.5974813700 -0.2905791998 0.1693103611 0.5941964984 -0.7862979770 0.6424595118 0.5384668112 0.5452515483
-590.7 239.4 2329.7 -0.7633086443 -0.6205080152 0.1798046678 -0.2984769940 0.5855603218 0.7536780238 -0.5729497671 0.5216214061 -0.6321706176
-143.5 280.0 2590.1 0.1315723807 0.9782902002 -0.1601154059 -0.9910840988 0.1263938546 -0.0421535522 -0.0210008062 0.1642340720 0.9861978292
-108.5 16.8 2584.5 0.0826722533 0.9885275960 -0.1264058650 -0.9633679986 0.0468010046 -0.2640677691 -0.2551223636 0.1436064392 0.9561849833
-370.4 -117.6 2525.1 0.9585214257 -0.0604746863 -0.2785310149 0.0769600868 0.9958476424 0.0486276932 0.2744337022 -0.0680464506 0.9591953754
-346.3 -513.3 2552.1 0.9549040794 -0.1394840628 -0.2621113062 0.1053245589 0.9845053554 -0.1401998103 0.2776056230 0.1062706113 0.9547992945
-200.9 -116.3 2595.3 0.9942476749 -0.0881462768 -0.0608427450 0.0623868629 0.9383621216 -0.3399770260 0.0870602354 0.3342255652 0.9384635091
-165.9 -489.1 2462.5 0.9942476749 -0.0447480828 -0.0973098874 0.0623868629 0.9804604650 0.1865613461 0.0870602354 -0.1915590465 0.9776121974
-416.6 307.5 2460.4 0 0 0 0 0 0 0 0 0
-84.9 -258.6 2511.6 0 0 0 0 0 0 0 0 0
-303.0 -819.4 2519.1 0 0 0 0 0 0 0 0 0
-151.3 -808.4 2524.9 0 0 0 0 0 0 0 0 0
-270.3 479.1 2517.1 1 0.9293276072 0.0417401679 -0.3668895662 -0.0065272469 0.9952923059 0.0966986269 0.3691985607 -0.0874699280 0.9252250791
-278.7 278.3 2534.7 0.9293276072 0.0417401679 -0.3668895662 -0.0065272469 0.9952923059 0.0966986269 0.3691985607 -0.0874699280 0.9252250791
-285.0 80.4 2550.5 0.9295540452 0.0319170952 -0.3673018217 -0.0004053490 0.9963336587 0.0855516717 0.3686857224 -0.0793760121 0.9261589050
-414.5 278.4 2480.8 0.7513523698 -0.5912232399 -0.2931291163 0.1694497019 0.6021608114 -0.7801853418 0.6377745867 0.5365234613 0.5526175499
-591.6 238.5 2330.5 -0.7677898407 -0.6143807769 0.1817555875 -0.2979713976 0.5935432315 0.7476091385 -0.5671964884 0.5198487043 -0.6387843490
-142.9 278.3 2588.6 0.1305765212 0.9790715575 -0.1561046988 -0.9913713932 0.1271107644 -0.0320252366 -0.0115124108 0.1589394659 0.9872211814
-108.3 15.6 2585.5 0.0822282359 0.9893190265 -0.1203593090 -0.9622224569 0.0473576486 -0.2681141198 -0.2595504820 0.1378589869 0.9558391571
-374.3 -116.8 2529.9 0.9595637321 -0.0674162880 -0.2732992172 0.0837550238 0.9953029752 0.0485499054 0.2687424719 -0.0694769099 0.9607030749
-347.5 -512.3 2557.5 0.9563681483 -0.1433575749 -0.2545753419 0.1076263934 0.9829335809 -0.1491916478 0.2716183960 0.1152831167 0.9554753900
-204.1 -116.3 2598.3 0.9937731624 -0.0921752900 -0.0625990257 0.0652135238 0.9367049932 -0.3439927101 0.0903444514 0.3377684057 0.9368833303
-167.5 -488.5 2464.0 0.9937731624 -0.0472657867 -0.1009002849 0.0652135238 0.9809932709 0.1827549487 0.0903444514 -0.1881970167 0.9779671431
-416.5 306.4 2459.9 0 0 0 0 0 0 0 0 0
-84.8 -259.4 2511.3 0 0 0 0 0 0 0 0 0
-302.9 -818.5 2521.6 0 0 0 0 0 0 0 0 0
-152.0 -809.5 2525.6 0 0 0 0 0 0 0 0 0
-273.2 476.9 2514.9 2 0.9374971390 0.0329809561 -0.3464265466 0.0004451976 0.9953842759 0.0959686786 0.3479926586 -0.0901245922 0.9331552386
-279.8 276.7 2533.0 0.9374971390 0.0329809561 -0.3464265466 0.0004451976 0.9953842759 0.0959686786 0.3479926586 -0.0901245922 0.9331552386
-284.6 78.8 2549.4 0.9376535416 0.0242660679 -0.3467232883 0.0058853137 0.9963083863 0.0856442899 0.3475215733 -0.0823452473 0.9340492487
-416.7 275.9 2482.3 0.7645998597 -0.5824398994 -0.2759543657 0.1753488928 0.6000037193 -0.7805435658 0.6201933622 0.5484152436 0.5608929992
-597.0 234.6 2336.1 -0.7786801457 -0.6059182286 0.1628505141 -0.3037936985 0.5912116170 0.7471132874 -0.5489686728 0.5322893262 -0.6444389224
-142.8 277.6 2583.8 0.1243496761 0.9829292297 -0.1355998218 -0.9922357202 0.1235054806 -0.0146537013 0.0023437687 0.1363691539 0.9906553030
-109.5 11.8 2584.4 0.0879067183 0.9910100102 -0.1008544490 -0.9642669559 0.0592555404 -0.2582207620 -0.2499231845 0.1199499592 0.9608071446
-376.6 -117.5 2532.4 0.9654205441 -0.0716187581 -0.2506669760 0.0828658491 0.9959601760 0.0345915630 0.2471769154 -0.0541671365 0.9674551487
-348.1 -513.3 2554.0 0.9608985186 -0.1479758024 -0.2340452969 0.1167511940 0.9829384685 -0.1421308368 0.2510840297 0.1092482358 0.9617804289
-206.1 -117.6 2600.1 0.9936147928 -0.0942917615 -0.0619571544 0.0671217367 0.9354069233 -0.3471434116 0.0906879157 0.3407681584 0.9357631803
-168.6 -489.4 2464.7 0.9936147928 -0.0490454808 -0.1016079038 0.0671217367 0.9808306694 0.1829369217 0.0906879157 -0.1885889322 0.9778598547
-419.4 303.9 2461.3 0 0 0 0 0 0 0 0 0
-84.4 -263.8 2513.0 0 0 0 0 0 0 0 0 0
-302.2 -818.5 2520.0 0 0 0 0 0 0 0 0 0
-152.6 -809.9 2526.3 0 0 0 0 0 0 0 0 0
-271.8 475.1 2514.3 3 0.9356592298 0.0392391309 -0.3507165313 -0.0042232969 0.9949731231 0.1000532135 0.3528795242 -0.0921345353 0.9311215281
-279.7 275.0 2532.9 0.9356592298 0.0392391309 -0.3507165313 -0.0042232969 0.9949731231 0.1000532135 0.3528795242 -0.0921345353 0.9311215281
-285.7 77.0 2549.2 0.9358196259 0.0305140633 -0.3511559069 0.0003556605 0.9961635470 0.0875105038 0.3524790108 -0.0820189416 0.9322185516
-416.4 274.9 2481.4 0.7623170614 -0.5818234086 -0.2834681869 0.1707807630 0.6033009887 -0.7790133953 0.6242648363 0.5454443097 0.5592708588
-596.1 234.7 2334.2 -0.7775232792 -0.6052669287 0.1706149280 -0.2991530895 0.5946486592 0.7462576032 -0.5531409979 0.5291926861 -0.6434206963
-143.0 275.0 2584.4 0.1352954358 0.9808017612 -0.1404387653 -0.9908043742 0.1341240108 -0.0178173073 0.0013609645 0.1415579468 0.9899290204
-106.9 10.8 2584.7 0.0735855922 0.9921051264 -0.1015511230 -0.9623009562 0.0438996516 -0.2684206963 -0.2618434727 0.1174746379 0.9579340816
-375.4 -119.7 2533.9 0.9642923474 -0.0710026845 -0.2551447451 0.0811832249 0.9962601662 0.0295801330 0.2520902753 -0.0492373705 0.9664502740
-347.2 -515.6 2553.4 0.9598063827 -0.1460320801 -0.2396796793 0.1153606325 0.9837712646 -0.1374263167 0.2558586299 0.1042530537 0.9610763192
-203.4 -118.7 2597.6 0.9944922924 -0.0777795687 -0.0702525079 0.0501952916 0.9418662190 -0.3322175443 0.0920081958 0.3268614411 0.9405828714
-172.5 -492.9 2467.7 0.9927773476 -0.0672713742 -0.0993360206 0.0836689100 0.9816383123 0.1714225709 0.0859802142 -0.1784957945 0.9801768661
-418.7 302.9 2460.4 0 0 0 0 0 0 0 0 0
-85.9 -264.2 2509.9 0 0 0 0 0 0 0 0 0
-302.3 -817.6 2521.5 0 0 0 0 0 0 0 0 0
-151.1 -805.7 2524.6 0 0 0 0 0 0 0 0 0
-271.8 478.2 2522.1 4 0.9288119078 0.0431110822 -0.3680351079 -0.0152771603 0.9968197942 0.0782109350 0.3702364266 -0.0670207217 0.9265167117
-280.5 277.5 2535.5 0.9288119078 0.0431110822 -0.3680351079 -0.0152771603 0.9968197942 0.0782109350 0.3702364266 -0.0670207217 0.9265167117
-287.0 79.3 2548.1 0.9291142225 0.0329697616 -0.3683201671 -0.0073529887 0.9974677563 0.0707387552 0.3697197437 -0.0630161241 0.9270039201
-416.2 278.6 2481.5 0.7507562637 -0.5912812352 -0.2945361733 0.1582489163 0.5938767195 -0.7888395190 0.6413441300 0.5456161499 0.5394262671
-593.2 241.3 2330.4 -0.7674012184 -0.6144271493 0.1832338870 -0.2878926098 0.5855559707 0.7577875853 -0.5728989840 0.5287754536 -0.6262454391
-144.8 276.3 2589.6 0.1404313445 0.9774442911 -0.1577391624 -0.9898608327 0.1351746917 -0.0436273515 -0.0213209614 0.1622664630 0.9865165949
-106.6 7.0 2583.7 0.0778676346 0.9894869924 -0.1218691841 -0.9628798366 0.0429516397 -0.2664913237 -0.2584552169 0.1380964220 0.9561015964
-377.6 -121.0 2533.1 0.9585989118 -0.0768191665 -0.2742024362 0.0878801420 0.9957299232 0.0282661952 0.2708601654 -0.0511928909 0.9612565041
-347.1 -516.7 2553.5 0.9551820755 -0.1475332528 -0.2566342652 0.1127037629 0.9829071760 -0.1455724537 0.2737244368 0.1101245433 0.9554828405
-206.0 -120.9 2597.8 0.9914580584 -0.0941443443 -0.0902647749 0.0599611178 0.9436160326 -0.3255664110 0.1158255264 0.3173730671 0.9412007332
-168.6 -495.8 2471.7 0.9905132055 -0.0592361279 -0.1239947602 0.0786334574 0.9843172431 0.1579126269 0.1126960441 -0.1661646813 0.9796371460
-418.1 306.9 2461.0 0 0 0 0 0 0 0 0 0
-84.4 -268.2 2509.9 0 0 0 0 0 0 0 0 0
-301.7 -818.9 2519.6 0 0 0 0 0 0 0 0 0
-149.6 -810.5 2524.8 0 0 0 0 0 0 0 0 0
-272.9 480.5 2525.9 5 0.9260607958 0.0395523347 -0.3752959669 -0.0151954712 0.9975940585 0.0676406026 0.3770683706 -0.0569365062 0.9244337082
-280.9 279.5 2537.4 0.9260607958 0.0395523347 -0.3752959669 -0.0151954712 0.9975940585 0.0676406026 0.3770683706 -0.0569365062 0.9244337082
-286.6 81.2 2548.3 0.9263712764 0.0290375613 -0.3754904866 -0.0061616022 0.9980583191 0.0619809255 0.3765611649 -0.0551037230 0.9247514606
-416.2 280.4 2482.4 0.7452760935 -0.5979226232 -0.2950459123 0.1565619111 0.5870705247 -0.7942522168 0.6481140852 0.5457442403 0.5311415195
-591.9 243.5 2329.6 -0.7618561983 -0.6209061146 0.1845282763 -0.2868010402 0.5787793398 0.7633869648 -0.5807927847 0.5286682248 -0.6190231442
-145.6 278.6 2592.4 0.1279172450 0.9780189395 -0.1646697521 -0.9912613630 0.1206814423 -0.0532622933 -0.0322189517 0.1700439304 0.9849096537
-110.7 8.2 2583.6 0.0947996154 0.9868547916 -0.1308839619 -0.9585593939 0.0550079159 -0.2795318067 -0.2686576545 0.1519595683 0.9511736631
-378.7 -118.2 2526.7 0.9559727311 -0.0740773380 -0.2839518487 0.0924645886 0.9943630695 0.0518885776 0.2785074413 -0.0758595541 0.9574335217
-349.3 -513.3 2556.8 0.9534329176 -0.1475578696 -0.2630443275 0.1104544327 0.9823855162 -0.1507267803 0.2806518376 0.1146534607 0.9529371262
-208.4 -119.6 2594.5 0.9907116294 -0.0958354175 -0.0964678302 0.0594157428 0.9432114363 -0.3268363178 0.1223120540 0.3180688322 0.9401446581
-170.3 -494.4 2468.1 0.9894084930 -0.0636701435 -0.1304489523 0.0845491886 0.9832676649 0.1613573283 0.1179925874 -0.1706776619 0.9782366157
-418.1 309.0 2462.1 0 0 0 0 0 0 0 0 0
-83.6 -265.8 2506.8 0 0 0 0 0 0 0 0 0
-303.1 -820.9 2520.9 0 0 0 0 0 0 0 0 0
-149.9 -809.6 2522.8 0 0 0 0 0 0 0 0 0
-273.3 481.0 2527.8 6 0.9312282801 0.0319405906 -0.3630339503 -0.0093618445 0.9979197383 0.0637850314 0.3643161058 -0.0559997596 0.9295901060
-279.7 280.2 2539.1 0.9312282801 0.0319405906 -0.3630339503 -0.0093618445 0.9979197383 0.0637850314 0.3643161058 -0.0559997596 0.9295901060
-284.1 81.8 2549.6 0.9314404726 0.0222203117 -0.3632147312 -0.0015420459 0.9983659983 0.0571223535 0.3638904989 -0.0526459776 0.9299527407
-415.8 280.4 2486.0 0.7530800700 -0.5939800143 -0.2829455137 0.1593185216 0.5818904638 -0.7975093126 0.6383478642 0.5555099249 0.5328420997
-593.3 242.8 2335.5 -0.7679491639 -0.6171434522 0.1714292616 -0.2898425758 0.5735062361 0.7662127018 -0.5711789131 0.5387248993 -0.6192981005
-143.7 279.9 2592.3 0.1328790784 0.9794406295 -0.1517865956 -0.9906741977 0.1265954822 -0.0503807552 -0.0301294643 0.1570656002 0.9871284962
-107.7 11.4 2584.1 0.0754658282 0.9900989532 -0.1183592677 -0.9620193243 0.0410639532 -0.2698750198 -0.2623426914 0.1342302561 0.9555932879
-377.3 -116.5 2524.7 0.9592272043 -0.0801682845 -0.2710281909 0.0959969237 0.9943349361 0.0456363484 0.2658341825 -0.0697935000 0.9614889622
-345.5 -511.6 2552.5 0.9586105943 -0.1300322264 -0.2532931268 0.1007631421 0.9869839549 -0.1253374219 0.2662941515 0.0946271718 0.9592357278
-207.4 -117.7 2593.8 0.9932907224 -0.0995742977 -0.0588086434 0.0741178393 0.9385081530 -0.3372077048 0.0887696147 0.3305865228 0.9395916462
-167.9 -490.6 2462.4 0.9932907224 -0.0563727655 -0.1009733081 0.0741178393 0.9805629253 0.1816670150 0.0887696147 -0.1879320890 0.9781622887
-418.1 308.9 2465.8 0 0 0 0 0 0 0 0 0
-86.1 -263.5 2509.1 0 0 0 0 0 0 0 0 0
-304.3 -824.2 2522.5 0 0 0 0 0 0 0 0 0
-149.6 -807.5 2523.2 0 0 0 0 0 0 0 0 0
-271.1 481.6 2528.3 7 0.9241880178 0.0360715650 -0.3802306652 -0.0123482365 0.9978317022 0.0646482781 0.3817381561 -0.0550519899 0.9226295352
-278.4 280.3 2539.4 0.9241880178 0.0360715650 -0.3802306652 -0.0123482365 0.9978317022 0.0646482781 0.3817381561 -0.0550519899 0.9226295352
-283.4 81.9 2549.5 0.9244465828 0.0252867341 -0.3804721236 -0.0039352169 0.9983782768 0.0567921437 0.3812911808 -0.0510040671 0.9230469465
-413.4 280.9 2483.7 0.7413061857 -0.6030787230 -0.2945525050 0.1569775492 0.5824866891 -0.7975382805 0.6525512934 0.5449818969 0.5264707804
-588.2 243.9 2329.9 -0.7577047348 -0.6259407997 0.1846123040 -0.2875490189 0.5741711259 0.7665787935 -0.5858319998 0.5277552605 -0.6150408387
-143.4 279.7 2595.1 0.1385554671 0.9760640860 -0.1676344723 -0.9891829491 0.1281632036 -0.0713528916 -0.0481604189 0.1757074893 0.9832636714
-106.1 13.3 2582.1 0.0715668648 0.9880517721 -0.1364987642 -0.9628739357 0.0327245891 -0.2679605186 -0.2602919936 0.1506082118 0.9537112713
-373.9 -116.5 2526.7 0.9548981190 -0.0700206012 -0.2885596454 0.0851571932 0.9955552816 0.0402241573 0.2844605744 -0.0629829019 0.9566166401
-346.1 -512.1 2551.7 0.9530676007 -0.1331651211 -0.2718992829 0.0994625390 0.9859450459 -0.1342371106 0.2859534323 0.1008932441 0.9529172182
-203.1 -116.8 2593.4 0.9923987389 -0.0940993354 -0.0793095976 0.0643468648 0.9461141229 -0.3173759878 0.1049007997 0.3098602295 0.9449775219
-165.7 -492.6 2470.3 0.9924729466 -0.0448219292 -0.1139666289 0.0627444685 0.9852990508 0.1588989943 0.1051690578 -0.1648537368 0.9806950092
-415.4 309.5 2463.5 0 0 0 0 0 0 0 0 0
-85.6 -261.9 2507.7 0 0 0 0 0 0 0 0 0
-304.1 -822.9 2519.9 0 0 0 0 0 0 0 0 0
-151.5 -805.3 2522.6 0 0 0 0 0 0 0 0 0
-271.9 479.4 2528.5 8 0.9321208000 0.0367776230 -0.3602751493 -0.0155955059 0.9979835749 0.0615267716 0.3618114889 -0.0517317131 0.9308148623
-279.3 278.4 2538.9 0.9321208000 0.0367776230 -0.3602751493 -0.0155955059 0.9979835749 0.0615267716 0.3618114889 -0.0517317131 0.9308148623
-284.8 80.0 2549.0 0.9323846102 0.0274729524 -0.3604222834 -0.0073999972 0.9983493090 0.0569553003 0.3613920510 -0.0504371226 0.9310488105
-415.5 279.5 2486.2 0.7556275725 -0.5893459916 -0.2858291864 0.1537927985 0.5838156343 -0.7971869707 0.6366904974 0.5584179759 0.5317843556
-593.6 243.3 2336.1 -0.7710225582 -0.6125990152 0.1739155799 -0.2843879163 0.5755949020 0.7666902542 -0.5697786808 0.5416759849 -0.6180124283
-143.1 277.3 2591.7 0.1420724690 0.9785684347 -0.1490611732 -0.9892659187 0.1351686120 -0.0555189289 -0.0341806784 0.1553488523 0.9872681499
-105.2 13.4 2582.6 0.0725407228 0.9907243848 -0.1149046719 -0.9627190828 0.0394525602 -0.2676107585 -0.2605952024 0.1300335974 0.9566511512
-373.2 -116.1 2524.7 0.9611532688 -0.0622282960 -0.2689088583 0.0800929815 0.9952147007 0.0559710823 0.2641390860 -0.0753345042 0.9615379572
-348.5 -511.6 2554.6 0.9573947787 -0.1417788416 -0.2515829802 0.1091111228 0.9842030406 -0.1394241750 0.2673761249 0.1060334742 0.9577405453
-203.7 -116.8 2594.6 0.9936468005 -0.0955526680 -0.0594616532 0.0712513477 0.9430822134 -0.3248370886 0.0871162787 0.3185366094 0.9438989162
-165.7 -491.6 2468.1 0.9943366647 -0.0400682725 -0.0984335393 0.0569272712 0.9829309583 0.1749457121 0.0897435993 -0.1795584857 0.9796452522
-417.8 308.1 2466.0 0 0 0 0 0 0 0 0 0
-84.5 -261.8 2508.1 0 0 0 0 0 0 0 0 0
-303.5 -823.6 2521.0 0 0 0 0 0 0 0 0 0
-152.9 -806.5 2525.6 0 0 0 0 0 0 0 0 0
-272.2 478.1 2528.6 9 0.9303681850 0.0315459073 -0.3652668297 -0.0112335738 0.9982764125 0.0576022081 0.3664543629 -0.0494880117 0.9291189909
-278.6 276.9 2538.6 0.9303681850 0.0315459073 -0.3652668297 -0.0112335738 0.9982764125 0.0576022081 0.3664543629 -0.0494880117 0.9291189909
-283.2 78.5 2547.8 0.9305489063 0.0231303163 -0.3654362857 -0.0046329121 0.9986667037 0.0514134094 0.3661382496 -0.0461496599 0.9294154048
-414.5 277.6 2485.1 0.7516459227 -0.5948768854 -0.2848682404 0.1545965672 0.5787697434 -0.8007031083 0.6411929131 0.5578055382 0.5269958377
-591.7 241.2 2334.0 -0.7667809129 -0.6180059314 0.1735386550 -0.2855392098 0.5705124736 0.7700538039 -0.5749037862 0.5409104824 -0.6139230132
-142.7 276.3 2592.1 0.1431277096 0.9777526259 -0.1533437818 -0.9888257384 0.1347470582 -0.0637722239 -0.0416908339 0.1607578546 0.9861129522
-104.4 11.6 2580.9 0.0682569519 0.9901193380 -0.1224934980 -0.9662142396 0.0350180864 -0.2553503215 -0.2485378236 0.1357844025 0.9590576291
-375.7 -117.7 2525.9 0.9593606591 -0.0690751970 -0.2735977769 0.0841369629 0.9954959154 0.0436904617 0.2693475485 -0.0649345964 0.9608513713
-348.2 -513.2 2551.7 0.9552490711 -0.1477958858 -0.2562334239 0.1145883203 0.9834862947 -0.1400864571 0.2727062702 0.1044561043 0.9564100504
-204.7 -119.0 2592.1 0.9934788346 -0.0948186144 -0.0633185953 0.0694028512 0.9435200095 -0.3239648044 0.0904602557 0.3174577057 0.9439478517
-167.0 -494.0 2466.0 0.9934790730 -0.0518469773 -0.1015441492 0.0693981797 0.9816219807 0.1777699888 0.0904611349 -0.1836577505 0.9788190126
-416.8 306.3 2465.1 0 0 0 0 0 0 0 0 0
-84.8 -264.5 2509.9 0 0 0 0 0 0 0 0 0
-302.1 -820.1 2519.1 0 0 0 0 0 0 0 0 0
-150.5 -807.5 2524.6 0 0 0 0 0 0 0 0 0
-273.3 479.8 2529.7 0 0.9270018935 0.0267991666 -0.3740979731 -0.0092019392 0.9987688065 0.0487464741 0.3749437332 -0.0417456478 0.9261071682
-278.7 278.7 2538.1 0.9270018935 0.0267991666 -0.3740979731 -0.0092019392 0.9987688065 0.0487464741 0.3749437332 -0.0417456478 0.9261071682
-282.7 80.3 2546.8 0.9271638393 0.0201480556 -0.3741140664 -0.0023124423 0.9988416433 0.0480620936 0.3746490777 -0.0436963178 0.9261364341
-414.1 279.1 2483.4 0.7452051044 -0.6019347906 -0.2869561911 0.1556843221 0.5754814148 -0.8028596044 0.6484070420 0.5536204576 0.5225635171
-589.8 242.4 2330.5 -0.7605007291 -0.6248796582 0.1765332818 -0.2868278325 0.5671842694 0.7720309496 -0.5825533867 0.5364954472 -0.6105769277
-143.3 278.4 2592.8 0.1451475173 0.9761736989 -0.1612982303 -0.9882028103 0.1349801272 -0.0723574236 -0.0488613546 0.1698978692 0.9842495918
-104.0 10.9 2579.6 0.0664743558 0.9890140295 -0.1320319325 -0.9672524929 0.0313877165 -0.2518678010 -0.2449566126 0.1444509774 0.9587127566
-373.1 -119.5 2523.4 0.9567874074 -0.0708657727 -0.2820210755 0.0835855678 0.9959436059 0.0333142020 0.2785162628 -0.0554475002 0.9588296413
-344.9 -515.3 2545.4 0.9539565444 -0.1346883923 -0.2680035532 0.1061930805 0.9872970581 -0.1181844845 0.2805171907 0.0842827410 0.9561414719
-202.4 -120.4 2590.5 0.9933221340 -0.0902709961 -0.0718491524 0.0631121546 0.9464588761 -0.3165950477 0.0965816230 0.3099462986 0.9458357692
-166.6 -496.5 2467.4 0.9926989675 -0.0576442778 -0.1059521139 0.0749754459 0.9829890132 0.1676640511 0.0944848955 -0.1743837446 0.9801341295
-416.3 307.8 2463.4 0 0 0 0 0 0 0 0 0
-85.0 -265.6 2509.6 0 0 0 0 0 0 0 0 0
-302.7 -824.6 2519.0 0 0 0 0 0 0 0 0 0
-148.4 -806.7 2522.4 0 0 0 0 0 0 0 0 0
-270.2 479.7 2528.2 1 0.9221790433 0.0385845937 -0.3848337233 -0.0162911527 0.9980033040 0.0610242598 0.3864199221 -0.0500059091 0.9209663868
-278.0 278.7 2538.3 0.9221790433 0.0385845937 -0.3848337233 -0.0162911527 0.9980033040 0.0610242598 0.3864199221 -0.0500059091 0.9209663868
-283.6 80.2 2547.5 0.9224510789 0.0281270370 -0.3850881755 -0.0081508597 0.9985394478 0.0534090325 0.3860279620 -0.0461284183 0.9213330150
-412.7 279.9 2481.9 0.7383275628 -0.6043807268 -0.2993263900 0.1519514620 0.5814673901 -0.7992537022 0.6571020484 0.5446279645 0.5211499333
-586.8 244.0 2327.0 -0.7554076314 -0.6271748543 0.1897657067 -0.2827944458 0.5732931495 0.7690008283 -0.5910893679 0.5272443891 -0.6104315519
-143.2 277.5 2594.7 0.1393271536 0.9748862386 -0.1737374812 -0.9892021418 0.1289659142 -0.0696200654 -0.0454654358 0.1815614551 0.9823279977
-106.1 13.6 2582.6 0.0737985522 0.9868094921 -0.1440859735 -0.9659486413 0.0348035619 -0.2563824952 -0.2479859889 0.1581002921 0.9557757378
-371.7 -118.0 2521.1 0.9537775517 -0.0656462461 -0.2932558060 0.0790357366 0.9962907434 0.0340309292 0.2899340391 -0.0556356236 0.9554281235
-345.6 -513.9 2543.2 0.9506101012 -0.1338013113 -0.2800671160 0.1048416570 0.9876987934 -0.1160145253 0.2921448350 0.0809218809 0.9529443979
-201.7 -118.4 2589.8 0.9921986461 -0.0893037394 -0.0869866908 0.0593011230 0.9518446922 -0.3007907867 0.1096595600 0.2932857871 0.9497148395
-166.2 -496.7 2473.3 0.9915366769 -0.0546888523 -0.1177460849 0.0729406476 0.9849392176 0.1567621529 0.1073995978 -0.1640239060 0.9805924296
-414.5 308.5 2461.8 0 0 0 0 0 0 0 0 0
-85.0 -262.5 2511.7 0 0 0 0 0 0 0 0 0
-303.8 -822.7 2517.9 0 0 0 0 0 0 0 0 0
-148.8 -808.9 2525.3 0 0 0 0 0 0 0 0 0
-270.9 477.5 2528.5 2 0.9259204865 0.0336156972 -0.3762196600 -0.0137298051 0.9983690381 0.0554148629 0.3774688840 -0.0461443327 0.9248718619
-277.6 276.3 2537.8 0.9259204865 0.0336156972 -0.3762196600 -0.0137298051 0.9983690381 0.0554148629 0.3774688840 -0.0461443327 0.9248718619
-282.2 77.8 2546.9 0.9261934757 0.0231136009 -0.3763395250 -0.0041204030 0.9986801744 0.0511952713 0.3770261407 -0.0458660536 0.9250662923
-412.9 276.9 2482.7 0.7439883351 -0.6017000675 -0.2905829251 0.1550050974 0.5784295797 -0.8008699417 0.6499652267 0.5507960320 0.5236114264
-588.3 240.3 2329.5 -0.7598267794 -0.6246247888 0.1802975237 -0.2859571576 0.5701596737 0.7701600194 -0.5838593841 0.5336307883 -0.6118385196
-142.3 275.7 2592.9 0.1341632903 0.9772294164 -0.1643863469 -0.9899359345 0.1246309727 -0.0670372173 -0.0450231135 0.1717258841 0.9841154218
-106.4 10.5 2580.8 0.0789217651 0.9877542853 -0.1345838755 -0.9642821550 0.0413997471 -0.2616217732 -0.2528463006 0.1504244804 0.9557411671
-373.7 -117.4 2521.2 0.9555708170 -0.0738293231 -0.2853657603 0.0917002633 0.9945426583 0.0497595966 0.2801346779 -0.0737169310 0.9571260810
-344.4 -512.6 2550.5 0.9552801251 -0.1290688068 -0.2660472095 0.0939391255 0.9855668545 -0.1408312619 0.2803842127 0.1095410660 0.9536170363
-204.6 -118.9 2592.0 0.9925464392 -0.0946047604 -0.0768214986 0.0678061172 0.9524927735 -0.2969172597 0.1012617126 0.2894951999 0.9518080950
-167.0 -497.4 2477.0 0.9924300313 -0.0553252921 -0.1096435189 0.0699261799 0.9884913564 0.1341462582 0.1009599864 -0.1407977194 0.9848771691
-415.0 305.6 2462.7 0 0 0 0 0 0 0 0 0
-83.8 -265.1 2508.5 0 0 0 0 0 0 0 0 0
-304.1 -820.4 2516.3 0 0 0 0 0 0 0 0 0
-149.6 -807.4 2521.1 0 0 0 0 0 0 0 0 0
-268.0 482.5 2521.1 3 0.9402722716 0.0413262360 -0.3379055560 -0.0149099641 0.9966509938 0.0804023668 0.3400966227 -0.0705619529 0.9377394319
-276.3 281.5 2535.4 0.9402722716 0.0413262360 -0.3379055560 -0.0149099641 0.9966509938 0.0804023668 0.3400966227 -0.0705619529 0.9377394319
-282.9 83.4 2548.0 0.9404572248 0.0334955379 -0.3382577598 -0.0099819023 0.9974251986 0.0710160881 0.3397655487 -0.0634111390 0.9383701086
-413.6 283.0 2485.8 0.7713162899 -0.5719757676 -0.2791324854 0.1558800936 0.5949915051 -0.7884709835 0.6170677543 0.5646492839 0.5480862856
-595.4 246.3 2340.3 -0.7860932946 -0.5956705213 0.1650272161 -0.2855297029 0.5867417455 0.7577644587 -0.5482062697 0.5485533476 -0.6313153505
-139.0 280.0 2585.0 0.1127672866 0.9854604006 -0.1270880997 -0.9933853745 0.1090265885 -0.0360379331 -0.0216579754 0.1303113550 0.9912365675
-108.1 7.5 2579.0 0.0823442787 0.9918408394 -0.0973199084 -0.9623422623 0.0537486859 -0.2664741278 -0.2590691149 0.1155976802 0.9589162469
-371.7 -120.2 2521.4 0.9673381448 -0.0623606592 -0.2456990629 0.0800615847 0.9948149920 0.0627161935 0.2405140698 -0.0803388283 0.9673151970
-347.0 -515.5 2553.4 0.9640297890 -0.1396172941 -0.2261715978 0.1056685448 0.9821103215 -0.1558637619 0.2438867390 0.1263580769 0.9615367651
-201.9 -121.0 2590.6 0.9957629442 -0.0817712620 -0.0420665480 0.0666758195 0.9570645690 -0.2821023166 0.0633282661 0.2781022191 0.9584616423
-169.4 -501.3 2480.1 0.9957324862 -0.0583809316 -0.0714739859 0.0671950132 0.9895115495 0.1278737932 0.0632589459 -0.1321307868 0.9892116785
-416.1 311.4 2465.3 0 0 0 0 0 0 0 0 0
-84.6 -267.6 2505.0 0 0 0 0 0 0 0 0 0
-303.5 -821.7 2514.0 0 0 0 0 0 0 0 0 0
-151.1 -810.4 2521.4 0 0 0 0 0 0 0 0 0
-270.3 484.7 2525.9 4 0.9268090725 0.0333877169 -0.3740457892 -0.0128198005 0.9982722998 0.0573419780 0.3753140569 -0.0483498722 0.9256358147
-277.0 283.5 2535.7 0.9268090725 0.0333877169 -0.3740457892 -0.0128198005 0.9982722998 0.0573419780 0.3753140569 -0.0483498722 0.9256358147
-282.3 85.1 2545.4 0.9269925356 0.0269873422 -0.3741076589 -0.0067518381 0.9984471798 0.0552956648 0.3750190139 -0.0487327538 0.9257352948
-412.3 284.5 2481.0 0.7460197806 -0.5981866717 -0.2926212847 0.1538654119 0.5823696256 -0.7982299924 0.6479042768 0.5504710674 0.5264994502
-588.2 248.3 2328.2 -0.7622345686 -0.6211816072 0.1820217520 -0.2845669389 0.5741429329 0.7677119374 -0.5813950300 0.5333791375 -0.6143993139
-141.7 282.4 2590.4 0.1230735853 0.9789322019 -0.1629253179 -0.9915669560 0.1145866811 -0.0605376624 -0.0405931957 0.1690019518 0.9847794175
-107.8 9.3 2579.2 0.0753815845 0.9882494807 -0.1329685301 -0.9620442986 0.0370041691 -0.2703728080 -0.2622753978 0.1483027488 0.9535291791
-375.6 -113.8 2529.5 0.9567983150 -0.0668375045 -0.2829659581 0.0849439651 0.9950176477 0.0521961972 0.2780674696 -0.0739774853 0.9577086568
-349.1 -509.2 2558.9 0.9544662237 -0.1427952051 -0.2619232833 0.1019711941 0.9812786579 -0.1633830816 0.2803500593 0.1292349994 0.9511583447
-203.3 -115.7 2591.8 0.9931327701 -0.0889378786 -0.0760087594 0.0630094558 0.9540267587 -0.2930235565 0.0985752866 0.2862220407 0.9530791640
-168.0 -494.8 2478.0 0.9927796721 -0.0559658967 -0.1060958579 0.0696461350 0.9890690446 0.1299685687 0.0976623222 -0.1364193112 0.9858254790
-414.3 313.2 2460.8 0 0 0 0 0 0 0 0 0
-86.3 -265.7 2504.3 0 0 0 0 0 0 0 0 0
-303.8 -820.3 2517.9 0 0 0 0 0 0 0 0 0
-150.0 -812.0 2521.8 0 0 0 0 0 0 0 0 0
-270.8 489.4 2528.4 5 0.9232467413 0.0250156559 -0.3833923042 -0.0041330080 0.9984670281 0.0551954731 0.3841853440 -0.0493744798 0.9219347835
-275.8 287.9 2538.3 0.9232467413 0.0250156559 -0.3833923042 -0.0041330080 0.9984670281 0.0551954731 0.3841853440 -0.0493744798 0.9219347835
-279.5 89.5 2548.2 0.9233703017 0.0189855359 -0.3834408224 0.0014742259 0.9985937476 0.0529940836 0.3839077055 -0.0494984388 0.9220438004
-410.6 287.7 2482.3 0.7384281754 -0.6083657742 -0.2908863127 0.1608075202 0.5777907968 -0.8001866937 0.6548776627 0.5441036820 0.5244868398
-584.7 249.8 2327.9 -0.7541722059 -0.6311248541 0.1813992858 -0.2915789485 0.5693529844 0.7686474323 -0.5883927345 0.5268002748 -0.6134129167
-141.0 288.1 2594.4 0.1177378297 0.9782258868 -0.1709150523 -0.9918524027 0.1074101403 -0.0684970543 -0.0486475825 0.1775872111 0.9829019308
