-433.6 498.9 2353.4 11 0.8487136364 0.0860923529 -0.5217980742 -0.0648534745 0.9961566329 0.0588722862 0.5248610973 -0.0161252953 0.8510351181
-450.8 300.0 2356.6 0.8487136364 0.0860923529 -0.5217980742 -0.0648534745 0.9961566329 0.0588722862 0.5248610973 -0.0161252953 0.8510351181
-466.4 104.8 2359.1 0.8489901423 0.0800710618 -0.5223067999 -0.0615375526 0.9967087507 0.0527711920 0.5248131752 -0.0126607409 0.8511232734
-571.7 308.7 2281.8 0.5978333354 -0.2586416304 -0.7587488294 0.7909156680 0.0361463688 0.6108566523 -0.1305669546 -0.9652968049 0.2261732221
-714.6 119.6 2313.1 -0.1886507124 -0.2586416304 -0.9473729134 0.9781673551 0.0361463688 -0.2046511173 0.0871753916 -0.9652968049 0.2461757511
-329.9 291.2 2431.3 -0.0762177408 0.9284197688 -0.3636310697 -0.9656653404 0.0221063495 0.2588469684 0.2483572066 0.3708746433 0.8948579431
-347.7 65.7 2489.3 0.2852129042 0.9284197688 0.2380972356 0.5973087549 0.0221063495 -0.8017066717 -0.7495837808 0.3708746433 -0.5482482314
-556.6 -84.4 2316.2 0.6403038502 -0.1057123318 -0.7608126402 0.1176428273 0.9922950864 -0.0388672128 0.7590593696 -0.0646173209 0.6478066444
-515.2 -472.9 2341.5 0.6398113370 -0.1118777990 -0.7603452206 0.1220657155 0.9915819764 -0.0431869403 0.7587763071 -0.0651805922 0.6480818391
-401.5 -94.8 2408.0 -0.8083795309 -0.2925024033 -0.5108472109 -0.3572338521 0.9335074425 0.0307867993 0.4678744972 0.2073793411 -0.8591200709
-287.0 -460.4 2326.8 -0.8755903244 -0.0122061884 -0.4829001725 0.0148165338 0.9985316992 -0.0521049313 0.4828271270 -0.0527774803 -0.8741238713
-666.7 -129.2 2290.9 0 0 0 0 0 0 0 0 0
-268.5 231.5 2281.2 0 0 0 0 0 0 0 0 0
-483.0 -758.8 2360.3 0 0 0 0 0 0 0 0 0
-283.2 -767.2 2343.0 0 0 0 0 0 0 0 0 0
-433.4 500.1 2352.3 12 0.8413630128 0.0893639773 -0.5330313444 -0.0639494434 0.9957681298 0.0660019517 0.5366738439 -0.0214445423 0.8435172439
-451.2 301.5 2356.6 0.8413630128 0.0893639773 -0.5330313444 -0.0639494434 0.9957681298 0.0660019517 0.5366738439 -0.0214445423 0.8435172439
-467.6 106.4 2360.0 0.8415806293 0.0837666392 -0.5335965157 -0.0614455193 0.9963354468 0.0594987348 0.5366251469 -0.0172858667 0.8436436653
-571.1 310.3 2280.1 0.5936937928 -0.3007705212 -0.7463677526 0.7915866971 0.0515842140 0.6088756323 -0.1446310431 -0.9523004293 0.2687111795
-714.8 118.6 2315.2 -0.1889636368 -0.3007705212 -0.9347886443 0.9755159020 0.0515842140 -0.2137938291 0.1125232205 -0.9523004293 0.2836588919
-331.3 292.7 2433.0 -0.0919744894 0.9280202389 -0.3609974384 -0.9371483326 0.0418732539 0.3464095592 0.3365912139 0.3701690137 0.8658413291
-353.5 67.1 2514.1 0.3135138750 0.9280202389 0.2012150735 0.4489217997 0.0418732539 -0.8925893903 -0.8367665410 0.3701690137 -0.4034806490
-558.8 -84.9 2314.2 0.6296824813 -0.1098586023 -0.7690455317 0.1263311803 0.9912537336 -0.0381631739 0.7665117979 -0.0731237531 0.6380537152
-515.7 -473.1 2342.8 0.6305730939 -0.1123644412 -0.7679529786 0.1186413765 0.9917908311 -0.0476981960 0.7670083642 -0.0610338002 0.6387277246
-405.4 -96.0 2409.0 -0.8113431334 -0.3008922637 -0.5011847615 -0.3660703003 0.9299547076 0.0343035758 0.4557574689 0.2113008201 -0.8646600842
-287.5 -460.3 2326.2 -0.8822550178 -0.0124827158 -0.4706062376 0.0143927056 0.9984658957 -0.0534663610 0.4705516994 -0.0539442636 -0.8807219267
-666.7 -129.7 2286.5 0 0 0 0 0 0 0 0 0
-267.5 190.3 2284.5 0 0 0 0 0 0 0 0 0
-483.3 -759.4 2360.4 0 0 0 0 0 0 0 0 0
-283.7 -765.7 2342.7 0 0 0 0 0 0 0 0 0
-431.8 500.1 2352.3 13 0.8301228285 0.0866988525 -0.5507988334 -0.0582159720 0.9959149361 0.0690238774 0.5545331240 -0.0252330098 0.8317790031
-449.1 301.5 2357.3 0.8301228285 0.0866988525 -0.5507988334 -0.0582159720 0.9959149361 0.0690238774 0.5545331240 -0.0252330098 0.8317790031
-465.0 106.3 2361.5 0.8303247094 0.0811949149 -0.5513331890 -0.0558205433 0.9964712262 0.0626830012 0.5544772148 -0.0212715305 0.8319270015
-567.4 309.4 2278.3 0.6074678302 -0.2654348612 -0.7486836314 0.7804255486 0.0237657018 0.6247968674 -0.1480498761 -0.9638358355 0.2215890288
-715.9 118.7 2314.5 -0.1533172876 -0.2654348612 -0.9518603683 0.9859346747 0.0237657018 -0.1654329449 0.0665332973 -0.9638358355 0.2580577135
-330.8 293.5 2436.3 -0.1008471847 0.9229448438 -0.3714871109 -0.9199983478 0.0556271784 0.3879544139 0.3787253201 0.3808916211 0.8434978724
-355.6 68.0 2529.2 0.3356386721 0.9229448438 0.1884661764 0.3681729436 0.0556271784 -0.9280917645 -0.8670613170 0.3808916211 -0.3211326897
-560.1 -83.2 2314.9 0.6144416928 -0.1041257381 -0.7820609212 0.1203238815 0.9920244217 -0.0375460051 0.7797330022 -0.0710307732 0.6220699549
-519.3 -471.8 2342.7 0.6141728759 -0.1219627783 -0.7796901464 0.1225199625 0.9907424450 -0.0584658682 0.7796028256 -0.0596194640 0.6234300137
-408.0 -94.3 2411.9 -0.8154723048 -0.3073400855 -0.4904559553 -0.3785038590 0.9242393374 0.0501647666 0.4378810227 0.2265474498 -0.8700209260
-287.6 -456.3 2323.1 -0.8934378028 -0.0121280281 -0.4490232170 0.0184490923 0.9978011250 -0.0636592433 0.4488079250 -0.0651596412 -0.8912494779
-676.8 -132.6 2297.6 0 0 0 0 0 0 0 0 0
-263.0 169.6 2289.9 0 0 0 0 0 0 0 0 0
-483.9 -759.1 2360.0 0 0 0 0 0 0 0 0 0
-283.8 -766.5 2343.4 0 0 0 0 0 0 0 0 0
-433.3 499.4 2353.3 14 0.8217644691 0.0802255198 -0.5641515851 -0.0505536832 0.9963999391 0.0680552647 0.5675803423 -0.0274054576 0.8228617311
-449.3 300.8 2358.8 0.8217644691 0.0802255198 -0.5641515851 -0.0505536832 0.9963999391 0.0680552647 0.5675803423 -0.0274054576 0.8228617311
-463.7 105.5 2363.5 0.8220381737 0.0736387223 -0.5646508336 -0.0470074080 0.9969941378 0.0615876019 0.5674887896 -0.0240845922 0.8230288029
-566.4 307.5 2277.9 0.6143665910 -0.2561400533 -0.7462881207 0.7771828771 0.0332231969 0.6283971667 -0.1361636221 -0.9660685658 0.2194788903
-714.3 120.3 2310.7 -0.1472195536 -0.2561400533 -0.9553630948 0.9864095449 0.0332231969 -0.1609111428 0.0729560107 -0.9660685658 0.2477678955
-332.2 294.1 2439.6 -0.1013356149 0.9182770848 -0.3827508986 -0.9111141562 0.0688337088 0.4063654244 0.3995022476 0.3899090588 0.8296799660
-357.2 68.6 2538.5 0.3482007980 0.9182770848 0.1884764284 0.3283815682 0.0688337088 -0.9420337081 -0.8780214787 0.3899090588 -0.2775773406
-556.0 -83.8 2315.6 0.6025152206 -0.0943702012 -0.7925084829 0.1165725887 0.9927413464 -0.0295876209 0.7895480990 -0.0745577663 0.6091427803
-519.0 -472.7 2344.8 0.6026059985 -0.1228932366 -0.7885196805 0.1158418655 0.9910769463 -0.0659332275 0.7895863652 -0.0516118295 0.6114650965
-405.9 -93.9 2415.8 -0.8196399808 -0.3092812598 -0.4822192490 -0.3818089068 0.9224615097 0.0573303029 0.4270974994 0.2311058044 -0.8741726279
-284.8 -455.2 2325.3 -0.8972296715 -0.0043798964 -0.4415423870 0.0216901563 0.9983065128 -0.0539778993 0.4410310686 -0.0580076985 -0.8956152797
-676.7 -131.7 2292.0 0 0 0 0 0 0 0 0 0
-260.6 159.7 2294.9 0 0 0 0 0 0 0 0 0
-483.4 -759.7 2359.7 0 0 0 0 0 0 0 0 0
-283.4 -767.6 2343.4 0 0 0 0 0 0 0 0 0
-433.0 498.9 2352.8 15 0.8175858855 0.0775448382 -0.5705612898 -0.0482406206 0.9966312051 0.0663254932 0.5737823844 -0.0267025568 0.8185724020
-448.6 299.1 2358.1 0.8175858855 0.0775448382 -0.5705612898 -0.0482406206 0.9966312051 0.0663254932 0.5737823844 -0.0267025568 0.8185724020
-462.1 103.8 2362.8 0.8179748654 0.0690359622 -0.5710964799 -0.0429491587 0.9973309636 0.0590449683 0.5736484528 -0.0237691849 0.8187566996
-565.1 305.3 2276.4 0.6199007034 -0.2523915768 -0.7429815531 0.7717438936 0.0248801485 0.6354465485 -0.1418958604 -0.9673052430 0.2102048695
-713.9 120.1 2310.4 -0.1575451493 -0.2523915768 -0.9547135830 0.9852735996 0.0248801485 -0.1691655070 0.0664493665 -0.9673052430 0.2447549999
-332.0 293.0 2439.9 -0.1608193368 0.8793649077 -0.4481678903 -0.9052232504 0.0495432280 0.4220382571 0.3933293223 0.4735639095 0.7880541086
-372.4 65.8 2538.6 0.4475348592 0.8793649077 0.1625726819 0.2535800934 0.0495432280 -0.9660448432 -0.8575603366 0.4735639095 -0.2008171231
-552.4 -85.5 2316.9 0.5969205499 -0.0836895630 -0.7979235053 0.1097076237 0.9937170148 -0.0221537556 0.7947641611 -0.0743142590 0.6023514867
-519.6 -474.7 2346.0 0.5965935588 -0.1248867512 -0.7927669287 0.1123191267 0.9910889864 -0.0716036558 0.7946448922 -0.0463246070 0.6053044796
-403.9 -94.0 2419.5 -0.8237013817 -0.2994395196 -0.4815101027 -0.3774868846 0.9232418537 0.0716109276 0.4231071472 0.2407497764 -0.8735101223
-286.6 -455.6 2325.2 -0.9001961946 -0.0083478400 -0.4354045689 0.0182786528 0.9982108474 -0.0569293015 0.4351008236 -0.0592061467 -0.8984330297
-673.6 -131.3 2293.5 0 0 0 0 0 0 0 0 0
-248.7 135.9 2301.7 0 0 0 0 0 0 0 0 0
-483.7 -760.1 2359.4 0 0 0 0 0 0 0 0 0
-284.0 -766.9 2343.7 0 0 0 0 0 0 0 0 0
-432.4 497.7 2352.0 16 0.8194950819 0.0812213942 -0.5673013926 -0.0495866574 0.9962428212 0.0710031912 0.5709369183 -0.0300561842 0.8204435706
-448.6 298.7 2358.0 0.8194950819 0.0812213942 -0.5673013926 -0.0495866574 0.9962428212 0.0710031912 0.5709369183 -0.0300561842 0.8204435706
-462.7 103.4 2363.3 0.8199253082 0.0721264705 -0.5679086447 -0.0439941138 0.9970363975 0.0631102026 0.5707775354 -0.0267610177 0.8206685781
-565.5 304.9 2276.7 0.6191893220 -0.2347909808 -0.7493181825 0.7714789510 0.0040194774 0.6362421513 -0.1463720500 -0.9720375538 0.1836251169
-714.3 119.5 2311.9 -0.1422473937 -0.2347909808 -0.9615814686 0.9890840650 0.0040194774 -0.1472973228 0.0384491384 -0.9720375538 0.2316562533
-331.8 292.4 2439.4 -0.1799239069 0.8438807726 -0.5054627657 -0.9142066240 0.0462305844 0.4026027918 0.3631165922 0.5345352888 0.7631633878
-376.2 66.5 2529.1 0.5143328309 0.8438807726 0.1527318060 0.2139015496 0.0462305844 -0.9757606387 -0.8304865360 0.5345352888 -0.1567295045
-549.5 -87.6 2315.6 0.6005848646 -0.0847209468 -0.7950598598 0.1049708351 0.9941184521 -0.0266379435 0.7926405072 -0.0674597546 0.6059457660
-516.4 -477.0 2342.0 0.5989102125 -0.1174211279 -0.7921608686 0.1196760312 0.9912071228 -0.0564449243 0.7918233275 -0.0609972328 0.6076965928
-401.7 -95.4 2419.3 -0.8242458701 -0.2943078876 -0.4837371707 -0.3708755374 0.9261556268 0.0684622452 0.4278669059 0.2358360142 -0.8725315332
-286.4 -458.2 2326.9 -0.8971798420 -0.0085436357 -0.4415828288 0.0160694662 0.9985194802 -0.0519680269 0.4413730204 -0.0537206642 -0.8957142234
-677.9 -133.2 2302.0 0 0 0 0 0 0 0 0 0
-233.8 125.8 2299.1 0 0 0 0 0 0 0 0 0
-482.8 -760.0 2359.5 0 0 0 0 0 0 0 0 0
-283.8 -767.0 2343.6 0 0 0 0 0 0 0 0 0
-433.0 498.3 2352.2 17 0.8223655224 0.0761561766 -0.5638396740 -0.0463291295 0.9966736436 0.0670463219 0.5670701265 -0.0290143825 0.8231583238
-448.2 299.0 2358.0 0.8223655224 0.0761561766 -0.5638396740 -0.0463291295 0.9966736436 0.0670463219 0.5670701265 -0.0290143825 0.8231583238
-461.7 103.6 2362.8 0.8226123452 0.0690274462 -0.5643970966 -0.0429389328 0.9973108768 0.0593903251 0.5669789314 -0.0246206075 0.8233642578
-565.5 305.1 2277.2 0.6190987825 -0.2057281882 -0.7578869462 0.7728747129 -0.0114685073 0.6344550252 -0.1392171085 -0.9785419703 0.1519019753
-716.0 117.2 2311.0 -0.1228883266 -0.2057281882 -0.9708626866 0.9923188090 -0.0114685073 -0.1231739670 0.0142060099 -0.9785419703 0.2055573016
-331.0 292.9 2438.8 -0.2125486135 0.8363545537 -0.5053060055 -0.8806079030 0.0601737536 0.4700094163 0.4235006869 0.5448762774 0.7237105966
-383.0 77.3 2542.4 0.5397731662 0.8363545537 0.0956868082 0.0831001997 0.0601737536 -0.9947228432 -0.8376988173 0.5448762774 -0.0370210558
-551.0 -87.9 2316.9 0.6031357646 -0.0797339976 -0.7936433554 0.1130285040 0.9934942722 -0.0139152501 0.7895896435 -0.0813115388 0.6082241535
-519.7 -477.0 2348.8 0.6039324403 -0.1276188642 -0.7867522240 0.1069319248 0.9911475182 -0.0786899254 0.7898298502 -0.0366055332 0.6122326851
-402.8 -95.9 2420.1 -0.8229680061 -0.2937505841 -0.4862450957 -0.3688479662 0.9272778034 0.0640863553 0.4320588708 0.2320915312 -0.8714692593
-287.7 -459.1 2329.2 -0.8945114017 -0.0130432090 -0.4468548298 0.0100699263 0.9987327456 -0.0493098460 0.4469317198 -0.0486080162 -0.8932464719
-684.5 -136.5 2307.4 0 0 0 0 0 0 0 0 0
-234.1 100.3 2311.4 0 0 0 0 0 0 0 0 0
-483.3 -759.9 2359.2 0 0 0 0 0 0 0 0 0
-283.7 -766.5 2344.2 0 0 0 0 0 0 0 0 0
-431.6 498.3 2352.2 18 0.8252013326 0.0824480057 -0.5587889552 -0.0524728447 0.9962011576 0.0694969669 0.5623961091 -0.0280277412 0.8263928294
-448.1 299.1 2357.8 0.8252013326 0.0824480057 -0.5587889552 -0.0524728447 0.9962011576 0.0694969669 0.5623961091 -0.0280277412 0.8263928294
-462.4 103.8 2362.6 0.8256564736 0.0727601722 -0.5594617128 -0.0466280840 0.9970567822 0.0608571544 0.5622430444 -0.0241604745 0.8266190290
-565.8 305.7 2277.7 0.6200792193 -0.2080139518 -0.7564601302 0.7714436650 -0.0137726367 0.6361485720 -0.1427462399 -0.9780288935 0.1519309133
-717.1 117.5 2312.5 -0.1074032933 -0.2080139518 -0.9722112417 0.9941762090 -0.0137726367 -0.1068830416 0.0088432524 -0.9780288935 0.2082817554
-330.4 292.4 2438.0 -0.2197295725 0.8227501512 -0.5242146850 -0.8769697547 0.0688138977 0.4755930007 0.4273674786 0.5642222762 0.7064065933
-382.1 86.1 2538.5 0.5658088923 0.8227501512 0.0542444550 -0.0044207694 0.0688138977 -0.9976197481 -0.8245245814 0.5642222762 0.0425727032
-549.6 -87.8 2316.4 0.6084662080 -0.0853418857 -0.7889776230 0.1049917415 0.9941183329 -0.0265609697 0.7866038680 -0.0666746870 0.6138475537
-516.2 -477.2 2342.5 0.6073532701 -0.1140991449 -0.7861955166 0.1149367094 0.9918405414 -0.0551529117 0.7860735059 -0.0568654165 0.6155118346
-400.9 -95.6 2418.9 -0.8234742284 -0.2887720764 -0.4883655012 -0.3610278368 0.9307233691 0.0584197789 0.4376631975 0.2244207114 -0.8706815243
-287.8 -460.1 2330.9 -0.8912894726 -0.0121332249 -0.4532724321 0.0094442870 0.9989283085 -0.0453100912 0.4533364475 -0.0446652398 -0.8902196884
-689.6 -136.9 2310.3 0 0 0 0 0 0 0 0 0
-225.7 84.9 2310.5 0 0 0 0 0 0 0 0 0
-483.6 -760.7 2358.7 0 0 0 0 0 0 0 0 0
-284.1 -766.4 2344.6 0 0 0 0 0 0 0 0 0
-431.7 498.1 2352.2 19 0.8217422366 0.0859987065 -0.5633328557 -0.0552387014 0.9959127903 0.0714590624 0.5671758056 -0.0276031569 0.8231340647
-448.8 299.5 2357.8 0.8217422366 0.0859987065 -0.5633328557 -0.0552387014 0.9959127903 0.0714590624 0.5671758056 -0.0276031569 0.8231340647
-463.5 104.2 2362.4 0.8222925663 0.0751116201 -0.5640861392 -0.0484317318 0.9968915582 0.0621413738 0.5670002699 -0.0237787198 0.8233743310
-566.0 306.4 2276.9 0.6141000986 -0.1996277869 -0.7635639310 0.7767323256 -0.0186083689 0.6295558810 -0.1398855299 -0.9796950817 0.1436299682
-714.9 118.0 2310.9 -0.0927393809 -0.1996277869 -0.9754732847 0.9956904054 -0.0186083689 -0.0908532962 -0.0000151239 -0.9796950817 0.2004932016
-331.6 292.6 2438.6 -0.2463372946 0.8008361459 -0.5458748937 -0.8694774508 0.0662168339 0.4895142913 0.4281668663 0.5952115655 0.6799973249
-389.7 87.4 2539.6 0.5986974239 0.8008361459 0.0149270529 -0.0637466758 0.0662168339 -0.9957668781 -0.7984345555 0.5952115655 0.0906944871
-551.3 -87.3 2316.5 0.6034471393 -0.0895986035 -0.7923532128 0.1117675975 0.9933618307 -0.0272075552 0.7895312309 -0.0721410885 0.6094555855
-516.2 -476.4 2344.7 0.6038239598 -0.1144518554 -0.7888582945 0.1085293591 0.9922270179 -0.0608849451 0.7896949053 -0.0488504954 0.6115518212
-402.0 -95.7 2418.1 -0.8250514865 -0.2941079736 -0.4824837446 -0.3647199571 0.9293609262 0.0571631156 0.4315894246 0.2231339663 -0.8740376234
-286.8 -459.8 2330.7 -0.8938184381 -0.0075418758 -0.4483655989 0.0127785951 0.9990241528 -0.0422785766 0.4482469261 -0.0435188562 -0.8928498030
-691.2 -136.9 2310.9 0 0 0 0 0 0 0 0 0
-223.7 69.8 2318.2 0 0 0 0 0 0 0 0 0
-483.6 -758.5 2358.6 0 0 0 0 0 0 0 0 0
-284.5 -765.8 2344.0 0 0 0 0 0 0 0 0 0
-431.1 498.2 2351.8 20 0.8200272918 0.0896524489 -0.5652589202 -0.0571381375 0.9955446720 0.0750066563 0.5694651008 -0.0292096641 0.8214963675
-449.0 299.5 2357.6 0.8200272918 0.0896524489 -0.5652589202 -0.0571381375 0.9955446720 0.0750066563 0.5694651008 -0.0292096641 0.8214963675
-464.4 104.3 2362.4 0.8205689788 0.0786272213 -0.5661133528 -0.0507254973 0.9966021776 0.0648921207 0.5692920685 -0.0245320778 0.8217692375
-566.0 306.7 2276.5 0.6136803031 -0.2150039822 -0.7597168684 0.7756423354 -0.0156664923 0.6309782267 -0.1475649178 -0.9764875174 0.1571519673
-714.7 118.7 2312.2 -0.0761469379 -0.2150039822 -0.9736400247 0.9970963001 -0.0156664923 -0.0745218694 0.0007689735 -0.9764875174 0.2155726254
-332.1 292.3 2438.7 -0.2271035165 0.8165319562 -0.5307537913 -0.8435583115 0.1074066013 0.5261874795 0.4866553247 0.5672207475 0.6643998623
-384.4 97.7 2550.9 0.5772789121 0.8165319562 0.0049611330 -0.1434663683 0.1074066013 -0.9838095307 -0.8038447499 0.5672207475 0.1791484356
-552.6 -86.7 2315.8 0.6017149091 -0.0928062126 -0.7933008075 0.1099784225 0.9933927655 -0.0327963419 0.7911030054 -0.0675119236 0.6079459190
-516.2 -475.8 2342.3 0.6012569070 -0.1124148369 -0.7911087871 0.1140661538 0.9919899106 -0.0542672798 0.7908723354 -0.0576101616 0.6092634797
-403.9 -95.4 2418.3 -0.8248559833 -0.2985478938 -0.4800851047 -0.3697202206 0.9272945523 0.0585815422 0.4276908934 0.2258185148 -0.8752636909
-287.0 -458.6 2329.9 -0.8963227868 -0.0079757562 -0.4433304071 0.0140766259 0.9988223910 -0.0464293994 0.4431786537 -0.0478563234 -0.8951550126
-695.3 -136.6 2312.0 0 0 0 0 0 0 0 0 0
-224.2 57.9 2327.9 0 0 0 0 0 0 0 0 0
-484.1 -759.3 2358.7 0 0 0 0 0 0 0 0 0
-284.5 -765.9 2344.6 0 0 0 0 0 0 0 0 0
-430.6 497.9 2351.5 21 0.8178260326 0.0918638557 -0.5680859685 -0.0585576184 0.9953367710 0.0766530707 0.5724784732 -0.0294231158 0.8193916678
-449.0 299.3 2357.4 0.8178260326 0.0918638557 -0.5680859685 -0.0585576184 0.9953367710 0.0766530707 0.5724784732 -0.0294231158 0.8193916678
-465.0 104.2 2362.5 0.8183560967 0.0820595399 -0.5688229203 -0.0524876602 0.9962890744 0.0682135373 0.5723096728 -0.0259667765 0.8196263313
-565.6 306.8 2275.8 0.6146849394 -0.2195543796 -0.7576003671 0.7753280997 -0.0083996551 0.6315027475 -0.1450127810 -0.9755641222 0.1650635451
-713.7 120.0 2310.8 -0.0986058861 -0.2195543796 -0.9706043005 0.9950333238 -0.0083996551 -0.0991876498 0.0136243403 -0.9755641222 0.2192921638
-332.3 291.8 2439.0 -0.1820015013 0.8846815825 -0.4292015433 -0.8338033557 0.0925098509 0.5442553163 0.5211980343 0.4569249749 0.7208135724
-371.8 110.9 2552.1 0.4652031064 0.8846815825 -0.0304069482 -0.2391050458 0.0925098509 -0.9665768147 -0.8522997499 0.4569249749 0.2545677125
-554.0 -86.3 2315.7 0.5987650752 -0.1003749669 -0.7946101427 0.1144353300 0.9926584959 -0.0391615815 0.7927073240 -0.0674828887 0.6058557034
-514.7 -475.1 2342.2 0.5991075039 -0.1052201688 -0.7937247157 0.1112344861 0.9926521182 -0.0476306230 0.7929041982 -0.0597536899 0.6064094901
-405.6 -95.5 2418.7 -0.8263894320 -0.2981505096 -0.4776889682 -0.3700363040 0.9269741178 0.0615804009 0.4244450629 0.2276516408 -0.8763681650
-288.8 -458.6 2329.5 -0.8987947702 -0.0149285896 -0.4381154478 0.0082739750 0.9986642003 -0.0510031171 0.4382916093 -0.0494662896 -0.8974706531
-688.6 -134.0 2307.3 0 0 0 0 0 0 0 0 0
-243.8 45.1 2317.5 0 0 0 0 0 0 0 0 0
-484.6 -759.0 2359.3 0 0 0 0 0 0 0 0 0
-284.2 -766.4 2344.7 0 0 0 0 0 0 0 0 0
-430.7 498.0 2351.4 22 0.8141073585 0.0922254771 -0.5733442903 -0.0574035943 0.9952535033 0.0785828754 0.5778703094 -0.0310628731 0.8155372739
-449.0 299.6 2357.6 0.8141073585 0.0922254771 -0.5733442903 -0.0574035943 0.9952535033 0.0785828754 0.5778703094 -0.0310628731 0.8155372739
-464.9 104.5 2362.8 0.8146741390 0.0810106471 -0.5742328763 -0.0508876629 0.9963615537 0.0683677942 0.5776820183 -0.0264761019 0.8158323765
-565.2 306.9 2275.3 0.6161721945 -0.2189839184 -0.7565566301 0.7723768353 -0.0200117417 0.6348491907 -0.1541617811 -0.9755232334 0.1568074375
-714.1 120.1 2312.5 -0.1022952050 -0.2189839184 -0.9703513384 0.9947507977 -0.0200117417 -0.1003512666 0.0025568942 -0.9755232334 0.2198815346
-332.9 292.4 2439.9 -0.2020939738 0.8969510198 -0.3932389915 -0.8012377620 0.0794725791 0.5930448174 0.5631838441 0.4349287152 0.7026100755
-376.3 120.6 2560.6 0.4378828406 0.8969510198 -0.0611350797 -0.2956995070 0.0794725791 -0.9519695044 -0.8490114212 0.4349287152 0.3000276685
-555.1 -86.2 2315.8 0.5938325524 -0.0981704071 -0.7985771298 0.1121686324 0.9929370880 -0.0386533141 0.7967315316 -0.0666217133 0.6006500125
-516.6 -475.2 2341.9 0.5935700536 -0.1111579984 -0.7970687151 0.1145266294 0.9920023680 -0.0530561805 0.7965916395 -0.0597930290 0.6015534401
-407.1 -95.7 2419.3 -0.8278974295 -0.3009392321 -0.4733090103 -0.3730317354 0.9256104231 0.0639741197 0.4188474119 0.2295232862 -0.8785703778
-289.3 -458.3 2329.4 -0.9017128348 -0.0181469936 -0.4319544137 0.0049532875 0.9986194968 -0.0522934459 0.4323070645 -0.0492932647 -0.9003781080
-688.0 -134.2 2311.9 0 0 0 0 0 0 0 0 0
-255.0 38.8 2325.6 0 0 0 0 0 0 0 0 0
-484.8 -759.6 2359.1 0 0 0 0 0 0 0 0 0
-283.7 -766.6 2344.6 0 0 0 0 0 0 0 0 0
-429.6 498.3 2351.3 23 0.8181054592 0.0976390913 -0.5667186379 -0.0631624535 0.9947749376 0.0802080035 0.5715889335 -0.0298232697 0.8199979663
-449.1 299.5 2357.3 0.8181054592 0.0976390913 -0.5667186379 -0.0631624535 0.9947749376 0.0802080035 0.5715889335 -0.0298232697 0.8199979663
-466.0 104.4 2362.4 0.8187801838 0.0861808732 -0.5676019192 -0.0558559522 0.9959366322 0.0706427172 0.5713835359 -0.0261369068 0.8202668428
-565.8 307.4 2275.9 0.6151157022 -0.2210948318 -0.7568023205 0.7728577256 -0.0207890179 0.6342387199 -0.1559600830 -0.9750307202 0.1580872089
-714.4 120.8 2313.5 -0.0924469829 -0.2210948318 -0.9708607793 0.9957175851 -0.0207890179 -0.0900795907 -0.0002671098 -0.9750307202 0.2220699042
-332.4 291.5 2438.7 -0.2140287161 0.9116675258 -0.3507905602 -0.7651256919 0.0667897612 0.6404075623 0.6072679758 0.4054644704 0.6832453012
-378.4 126.9 2569.4 0.4047448337 0.9116675258 -0.0710204542 -0.3164780140 0.0667897612 -0.9462456107 -0.8579179645 0.4054644704 0.3155555427
-554.4 -86.1 2315.7 0.6011546850 -0.0975497812 -0.7931564450 0.1013797522 0.9938117862 -0.0453897975 0.7926759720 -0.0531237125 0.6073241830
-516.2 -475.4 2336.6 0.5982974768 -0.1097956672 -0.7937160134 0.1293604821 0.9908086658 -0.0395487174 0.7907629609 -0.0790135860 0.6070014834
-407.1 -95.3 2420.2 -0.8259048462 -0.3004191518 -0.4771054089 -0.3713766932 0.9265775681 0.0594421551 0.4242176116 0.2262793928 -0.8768335581
-289.5 -458.3 2331.5 -0.8977299929 -0.0189834926 -0.4401368797 0.0012082575 0.9989613295 -0.0455505177 0.4405444264 -0.0414238647 -0.8967745900
-690.7 -134.0 2313.6 0 0 0 0 0 0 0 0 0
-265.9 38.9 2330.9 0 0 0 0 0 0 0 0 0
-484.9 -758.4 2359.1 0 0 0 0 0 0 0 0 0
-283.6 -767.0 2344.3 0 0 0 0 0 0 0 0 0
-429.5 498.2 2351.3 24 0.8224341273 0.0978407860 -0.5603832006 -0.0655473396 0.9948356748 0.0774954334 0.5650714040 -0.0270032622 0.8245999813
-449.1 299.3 2356.7 0.8224341273 0.0978407860 -0.5603832006 -0.0655473396 0.9948356748 0.0774954334 0.5650714040 -0.0270032622 0.8245999813
-466.1 104.2 2361.5 0.8231341243 0.0868242756 -0.5611699820 -0.0580008104 0.9959282279 0.0690134913 0.5648770332 -0.0242590494 0.8248184323
-566.4 307.5 2276.2 0.6142188311 -0.1849618107 -0.7671534419 0.7745971084 -0.0444355533 0.6308920383 -0.1507798284 -0.9817405939 0.1159777343
-713.9 121.5 2312.4 -0.0760417059 -0.1849618107 -0.9797993302 0.9966293573 -0.0444355533 -0.0689595416 -0.0307830460 -0.9817405939 0.1877173334
-331.8 291.0 2437.2 -0.1740219593 0.9346032143 -0.3102146983 -0.7295241356 0.0892419815 0.6781079769 0.6614460945 0.3443147838 0.6662855148
-369.0 135.1 2578.6 0.3534422517 0.9346032143 -0.0399423018 -0.3417085409 0.0892419815 -0.9355592728 -0.8708121777 0.3443147838 0.3509037793
-556.9 -85.6 2315.9 0.6059712768 -0.1056365371 -0.7884413004 0.1124902144 0.9925628901 -0.0465285927 0.7874926925 -0.0604969375 0.6133477092
-515.5 -474.4 2339.6 0.6052823663 -0.1076410934 -0.7886993885 0.1189600900 0.9919199944 -0.0440813266 0.7870716453 -0.0671420991 0.6131966710
-408.8 -95.7 2419.2 -0.8226757646 -0.3023902774 -0.4814194441 -0.3724970520 0.9264237285 0.0546358824 0.4294770360 0.2242749333 -0.8747858405
-290.4 -458.6 2331.3 -0.8949203491 -0.0206518881 -0.4457477927 -0.0000122102 0.9989295602 -0.0462567769 0.4462259412 -0.0413906872 -0.8939626217
-694.5 -133.5 2320.3 0 0 0 0 0 0 0 0 0
-270.6 40.0 2336.3 0 0 0 0 0 0 0 0 0
-484.7 -758.1 2358.8 0 0 0 0 0 0 0 0 0
-284.0 -766.1 2344.1 0 0 0 0 0 0 0 0 0
-428.9 498.8 2351.3 25 0.8224784732 0.0998015553 -0.5599721670 -0.0684083924 0.9946966767 0.0768035501 0.5646675825 -0.0248624664 0.8249438405
-448.8 299.7 2356.3 0.8224784732 0.0998015553 -0.5599721670 -0.0684083924 0.9946966767 0.0768035501 0.5646675825 -0.0248624664 0.8249438405
-466.5 104.7 2360.6 0.8230969310 0.0900932774 -0.5607090592 -0.0619257353 0.9956872463 0.0690801218 0.5645145178 -0.0221373178 0.8251262307
-566.1 308.5 2275.8 0.6141948104 -0.1932948083 -0.7651155591 0.7742921710 -0.0396712571 0.6315836310 -0.1524349302 -0.9803383946 0.1253007650
-715.5 120.2 2312.9 -0.0843490288 -0.1932948083 -0.9775082469 0.9961548448 -0.0396712571 -0.0781133473 -0.0236800760 -0.9803383946 0.1958977878
-331.5 290.8 2436.7 -0.1484328359 0.9411237240 -0.3037332296 -0.7162706256 0.1094546169 0.6891850829 0.6818534136 0.3198528886 0.6578525901
-363.2 138.1 2582.1 0.3376455903 0.9411237240 -0.0167824961 -0.3513015509 0.1094546169 -0.9298424125 -0.8732597828 0.3198528886 0.3675750792
-557.5 -85.6 2315.2 0.6057534218 -0.1025592610 -0.7890148163 0.1165970340 0.9923943281 -0.0394798368 0.7870628834 -0.0680817440 0.6131043434
-517.4 -474.3 2341.8 0.6057037115 -0.1151343510 -0.7873163819 0.1170255542 0.9916059971 -0.0549780205 0.7870374918 -0.0588357449 0.6140930653
-408.7 -96.1 2417.3 -0.8239878416 -0.3013258278 -0.4798403382 -0.3700617850 0.9274919629 0.0530366339 0.4290667474 0.2212721109 -0.8757513165
-290.7 -459.4 2330.6 -0.8954112530 -0.0231376775 -0.4446384311 -0.0024467392 0.9988894463 -0.0470520407 0.4452333152 -0.0410430096 -0.8944734335
-693.9 -134.8 2318.9 0 0 0 0 0 0 0 0 0
-269.0 40.2 2338.6 0 0 0 0 0 0 0 0 0
-484.5 -757.7 2358.6 0 0 0 0 0 0 0 0 0
-283.6 -766.8 2343.2 0 0 0 0 0 0 0 0 0
-430.0 499.0 2352.3 26 0.8153458238 0.0991253108 -0.5704256296 -0.0669676438 0.9947683811 0.0771440491 0.5750882626 -0.0246990211 0.8177184463
-449.9 299.8 2357.2 0.8153458238 0.0991253108 -0.5704256296 -0.0669676438 0.9947683811 0.0771440491 0.5750882626 -0.0246990211 0.8177184463
-467.3 104.8 2361.2 0.8158984780 0.0888898745 -0.5713215470 -0.0611166097 0.9958348870 0.0676583722 0.5749560595 -0.0202851258 0.8179327846
-566.1 308.5 2275.3 0.6152112484 -0.2310383618 -0.7537482381 0.7711766362 -0.0221793409 0.6362347603 -0.1637122780 -0.9726918340 0.1645264030
-715.6 121.2 2315.1 -0.0921230912 -0.2310383618 -0.9685735106 0.9957472682 -0.0221793409 -0.0894171074 -0.0008235404 -0.9726918340 0.2320990413
-333.6 291.1 2439.2 -0.1403577030 0.9338352680 -0.3290158510 -0.7355582118 0.1240936443 0.6659991145 0.6627622247 0.3354884386 0.6694726944
-363.9 132.2 2582.3 0.3576851189 0.9338352680 0.0036163027 -0.3144655228 0.1240936443 -0.9411228299 -0.8793024421 0.3354884386 0.3380454481
-558.5 -84.8 2313.9 0.5947583914 -0.1054183692 -0.7969626188 0.1236034110 0.9915682673 -0.0389169417 0.7943454385 -0.0753611252 0.6027736068
-517.2 -473.2 2343.4 0.5965049863 -0.1117221043 -0.7947955728 0.1086998954 0.9923860431 -0.0579160564 0.7952145338 -0.0518469810 0.6041073799
-409.7 -96.0 2416.0 -0.8281576633 -0.3077073395 -0.4684773684 -0.3737061024 0.9260681272 0.0523603372 0.4177302718 0.2184354663 -0.8819225430
-289.2 -458.7 2330.4 -0.9012702703 -0.0202620272 -0.4327832460 0.0002265289 0.9988836646 -0.0472374409 0.4332572222 -0.0426717401 -0.9002595544
-692.0 -133.7 2315.3 0 0 0 0 0 0 0 0 0
-264.1 44.5 2337.0 0 0 0 0 0 0 0 0 0
-485.2 -757.8 2358.3 0 0 0 0 0 0 0 0 0
-282.9 -767.7 2343.6 0 0 0 0 0 0 0 0 0
-429.4 500.4 2351.8 27 0.8153990507 0.1010417268 -0.5700131059 -0.0667333528 0.9944918752 0.0808242187 0.5750400424 -0.0278651025 0.8176506162
-449.7 300.3 2357.4 0.8153990507 0.1010417268 -0.5700131059 -0.0667333528 0.9944918752 0.0808242187 0.5750400424 -0.0278651025 0.8176506162
-466.8 105.2 2361.9 0.8162061572 0.0872875676 -0.5711290240 -0.0582030229 0.9959152341 0.0690305606 0.5748215914 -0.0231017340 0.8179525733
-566.0 308.6 2275.5 0.6140525937 -0.2126561552 -0.7600768209 0.7734294534 -0.0298126582 0.6331809759 -0.1573097408 -0.9766721725 0.1461679935
-714.5 121.5 2313.5 -0.0832370445 -0.2126561552 -0.9735753536 0.9964539409 -0.0298126582 -0.0786811560 -0.0122928349 -0.9766721725 0.2143835872
-333.4 292.0 2439.3 -0.1581118256 0.9086485505 -0.3864691556 -0.7998116016 0.1116702780 0.5897721052 0.5790526867 0.4023524821 0.7090913057
-366.9 122.5 2562.0 0.4175008535 0.9086485505 -0.0071266172 -0.2594138682 0.1116702780 -0.9592883587 -0.8708602190 0.4023524821 0.2823385000
-558.4 -84.7 2313.2 0.5948405266 -0.1095553041 -0.7963430882 0.1268720031 0.9910475612 -0.0415724143 0.7937683463 -0.0763046816 0.6034147739
-515.5 -473.0 2343.1 0.5974439979 -0.1037187576 -0.7951748967 0.1035496742 0.9932767153 -0.0517575368 0.7951969504 -0.0514178723 0.6041672230
-410.9 -95.8 2417.2 -0.8256027102 -0.3136942387 -0.4690160453 -0.3792151213 0.9239816070 0.0495363027 0.4178229570 0.2187552750 -0.8817993402
-288.0 -457.7 2331.5 -0.9000162482 -0.0148288216 -0.4356039762 0.0040194578 0.9990962148 -0.0423159525 0.4358377457 -0.0398359373 -0.8991432190
-693.2 -133.6 2316.7 0 0 0 0 0 0 0 0 0
-250.7 50.3 2319.6 0 0 0 0 0 0 0 0 0
-485.8 -757.7 2357.8 0 0 0 0 0 0 0 0 0
-283.5 -767.2 2343.8 0 0 0 0 0 0 0 0 0
-428.9 501.3 2351.5 28 0.8167465925 0.1033018976 -0.5676739812 -0.0681285560 0.9942261577 0.0829026625 0.5729603171 -0.0290356576 0.8190686107
-449.6 301.8 2357.4 0.8167465925 0.1033018976 -0.5676739812 -0.0681285560 0.9942261577 0.0829026625 0.5729603171 -0.0290356576 0.8190686107
-467.0 106.7 2362.1 0.8176155686 0.0888944343 -0.5688607693 -0.0591313019 0.9957494736 0.0706146732 0.5727200508 -0.0240981765 0.8193967342
-566.2 310.2 2275.7 0.6113855839 -0.2172399908 -0.7609300017 0.7756326795 -0.0260834564 0.6306453943 -0.1568490863 -0.9757696390 0.1525513828
-714.7 121.8 2313.8 -0.0769633204 -0.2172399908 -0.9730793834 0.9969885349 -0.0260834564 -0.0730312243 -0.0095159691 -0.9757696390 0.2185932547
-333.1 293.3 2439.0 -0.1876102239 0.8731185198 -0.4499626756 -0.8430924416 0.0919042006 0.5298573375 0.5039817095 0.4787667692 0.7188774347
-372.0 118.6 2543.4 0.4872687161 0.8731185198 -0.0152714197 -0.1952819079 0.0919042006 -0.9764315486 -0.8511369824 0.4787667692 0.2152862996
-557.7 -84.6 2314.5 0.5985736251 -0.1039678827 -0.7942923307 0.1130380332 0.9925829172 -0.0447381400 0.7930523157 -0.0630061701 0.6058862805
-517.0 -473.4 2339.2 0.5977128744 -0.1100442633 -0.7941218615 0.1209700108 0.9915732145 -0.0463551134 0.7925311327 -0.0683578849 0.6059881449
-410.1 -95.1 2418.4 -0.8251612186 -0.3093240559 -0.4726813138 -0.3774340153 0.9244656563 0.0539146103 0.4203005731 0.2228942513 -0.8795826435
-288.9 -457.2 2331.1 -0.8991764188 -0.0164474472 -0.4372770190 0.0032507046 0.9990147352 -0.0442607291 0.4375741482 -0.0412196629 -0.8982370496
-695.0 -133.5 2316.3 0 0 0 0 0 0 0 0 0
-236.7 64.4 2307.1 0 0 0 0 0 0 0 0 0
-485.3 -758.1 2358.8 0 0 0 0 0 0 0 0 0
-283.9 -766.7 2343.9 0 0 0 0 0 0 0 0 0
-429.2 500.8 2351.9 29 0.8224161267 0.0941266418 -0.5610454082 -0.0636373386 0.9952487946 0.0736893192 0.5653159022 -0.0248998441 0.8244985938
-448.0 301.5 2356.9 0.8224161267 0.0941266418 -0.5610454082 -0.0636373386 0.9952487946 0.0736893192 0.5653159022 -0.0248998441 0.8244985938
-464.2 106.4 2361.0 0.8230745792 0.0824802145 -0.5619121194 -0.0562115721 0.9963709712 0.0639149398 0.5651446581 -0.0210207999 0.8247239590
-565.3 309.5 2276.3 0.6160287857 -0.2400287688 -0.7502630949 0.7708359957 -0.0124736773 0.6369115114 -0.1622356325 -0.9706856608 0.1773386747
-714.4 123.0 2315.6 -0.0797691718 -0.2400287688 -0.9674828649 0.9967893958 -0.0124736773 -0.0790908337 0.0069160056 -0.9706856608 0.2402531356
-330.7 293.5 2437.4 -0.2095679939 0.8496416211 -0.4839321673 -0.8657125235 0.0688524619 0.4957834482 0.4545581639 0.5228464603 0.7211161256
-375.6 108.1 2534.8 0.5270469785 0.8496416211 0.0181819461 -0.0766815692 0.0688524619 -0.9946754575 -0.8463695645 0.5228464603 0.1014403328
-558.4 -83.0 2315.0 0.6060085893 -0.0980145037 -0.7893964052 0.1036896706 0.9936459661 -0.0437737964 0.7886710167 -0.0553249605 0.6123211384
-520.0 -472.2 2336.7 0.6021371484 -0.1249126568 -0.7885605097 0.1371407062 0.9891871214 -0.0519737974 0.7865260839 -0.0768483877 0.6127569079
-410.5 -93.7 2418.6 -0.8205579519 -0.3108806908 -0.4796225429 -0.3795650601 0.9237802029 0.0506016724 0.4273347259 0.2235695571 -0.8760146499
-288.8 -455.5 2331.0 -0.8954726458 -0.0156410858 -0.4448416531 0.0050826436 0.9989579916 -0.0453558117 0.4450875223 -0.0428758636 -0.8944600224
-694.0 -132.3 2313.8 0 0 0 0 0 0 0 0 0
-229.9 86.9 2300.8 0 0 0 0 0 0 0 0 0
-483.9 -757.9 2358.9 0 0 0 0 0 0 0 0 0
-283.9 -766.8 2344.4 0 0 0 0 0 0 0 0 0
-429.2 499.3 2352.6 30 0.8249289393 0.0856855437 -0.5587040782 -0.0597849302 0.9961254001 0.0644978732 0.5620658994 -0.0198040698 0.8268553615
-446.4 299.9 2356.6 0.8249289393 0.0856855437 -0.5587040782 -0.0597849302 0.9961254001 0.0644978732 0.5620658994 -0.0198040698 0.8268553615
-461.8 104.7 2359.9 0.8253102899 0.0784070268 -0.5592094660 -0.0551527962 0.9967709184 0.0583603680 0.5619795918 -0.0173234474 0.8269696832
-564.0 307.8 2276.5 0.6209561229 -0.2094421089 -0.7553459406 0.7684670091 -0.0272822026 0.6393075585 -0.1545054168 -0.9774403572 0.1440082937
-714.2 121.9 2313.8 -0.0707438886 -0.2094421089 -0.9752585888 0.9974138737 -0.0272822026 -0.0664920062 -0.0126809767 -0.9774403572 0.2108305097
-328.8 292.0 2436.7 -0.2429148257 0.8212636113 -0.5162543058 -0.8944337964 0.0163688697 0.4469006956 0.3754737675 0.5703141093 0.7305896878
-385.6 82.8 2524.5 0.5662927628 0.8212636113 0.0695601106 0.0984816551 0.0163688697 -0.9950042367 -0.8182993531 0.5703141093 -0.0716098249
-554.7 -83.7 2314.0 0.6078249812 -0.0858913511 -0.7894120812 0.1091169566 0.9937365651 -0.0241057426 0.7865381241 -0.0714861751 0.6133901477
-521.1 -472.9 2342.0 0.6057345271 -0.1298073381 -0.7850068212 0.1257237643 0.9898229837 -0.0666631758 0.7856711745 -0.0583138280 0.6158898473
-405.9 -93.8 2416.2 -0.8247823715 -0.2942004800 -0.4828872681 -0.3623653948 0.9305862784 0.0519658700 0.4340799153 0.2178421766 -0.8741392493
-290.7 -458.3 2330.9 -0.8932949305 -0.0234577041 -0.4488584399 -0.0024620960 0.9988775849 -0.0473022088 0.4494642615 -0.0411496907 -0.8923500180
-696.0 -133.4 2317.1 0 0 0 0 0 0 0 0 0
-230.8 109.7 2300.7 0 0 0 0 0 0 0 0 0
-483.7 -758.3 2358.8 0 0 0 0 0 0 0 0 0
-283.5 -766.8 2343.6 0 0 0 0 0 0 0 0 0
-428.6 500.6 2352.4 31 0.8335751295 0.0866206735 -0.5455725193 -0.0598005727 0.9959752560 0.0667624772 0.5491597652 -0.0230259858 0.8354001045
-445.9 301.0 2357.0 0.8335751295 0.0866206735 -0.5455725193 -0.0598005727 0.9959752560 0.0667624772 0.5491597652 -0.0230259858 0.8354001045
-461.1 105.7 2361.2 0.8341078758 0.0775550380 -0.5461220145 -0.0533339456 0.9967669249 0.0600928552 0.5490168929 -0.0209970810 0.8355474472
-564.8 308.6 2278.8 0.6180239916 -0.1873700768 -0.7635043263 0.7733927369 -0.0294061676 0.6332447529 -0.1411028504 -0.9818491340 0.1267369539
-713.8 122.2 2312.8 -0.0584979691 -0.1873700768 -0.9805459976 0.9981117845 -0.0294061676 -0.0539267696 -0.0187298357 -0.9818491340 0.1887364984
-327.1 293.4 2435.3 -0.2148755491 0.8193565011 -0.5314916968 -0.9254789352 0.0030016962 0.3787872195 0.3119571507 0.5732764602 0.7576522231
-378.8 70.7 2510.3 0.5540404320 0.8193565011 0.1472891867 0.2527720630 0.0030016962 -0.9675211906 -0.7931869030 0.5732764602 -0.2054473907
-551.7 -85.6 2312.5 0.6203621626 -0.0778238922 -0.7804448605 0.1082185507 0.9940407872 -0.0131020499 0.7768136859 -0.0763305947 0.6250873208
-521.2 -474.9 2342.4 0.6180719137 -0.1293701828 -0.7754034400 0.1265755892 0.9898733497 -0.0642598122 0.7758644819 -0.0584299602 0.6281880140
-402.5 -95.5 2414.1 -0.8204646111 -0.2878609598 -0.4939371645 -0.3525795341 0.9348913431 0.0408155359 0.4500283599 0.2076398283 -0.8685390949
-289.8 -461.7 2332.8 -0.8836168051 -0.0208539851 -0.4677461088 -0.0031425627 0.9992492795 -0.0386139154 0.4682002068 -0.0326499827 -0.8830189705
-698.8 -133.4 2317.6 0 0 0 0 0 0 0 0 0
-227.4 139.8 2293.7 0 0 0 0 0 0 0 0 0
-484.1 -758.9 2359.2 0 0 0 0 0 0 0 0 0
-283.4 -766.5 2342.8 0 0 0 0 0 0 0 0 0
-426.4 498.7 2345.4 32 0.8175113797 0.0924345478 -0.5684461594 -0.0502710417 0.9947215319 0.0894534811 0.5737141967 -0.0445528552 0.8178429008
-445.0 298.0 2354.3 0.8175113797 0.0924345478 -0.5684461594 -0.0502710417 0.9947215319 0.0894534811 0.5737141967 -0.0445528552 0.8178429008
-460.1 102.8 2361.8 0.8183127642 0.0765065029 -0.5696586370 -0.0408257842 0.9963350892 0.0751640499 0.5733214021 -0.0382509455 0.8184371591
-561.6 303.7 2272.7 0.6321710348 -0.2084693164 -0.7462575436 0.7576406598 -0.0354244523 0.6517098546 -0.1622972637 -0.9773871303 0.1355505139
-713.4 121.8 2311.7 -0.0664358661 -0.2084693164 -0.9757698774 0.9975484610 -0.0354244523 -0.0603503846 -0.0219849087 -0.9773871303 0.2103116959
-328.5 292.2 2436.0 -0.1583345085 0.8437609673 -0.5128329396 -0.9342078567 0.0401341841 0.3544643521 0.3196653128 0.5352165103 0.7818934917
-366.0 70.5 2511.8 0.4885015786 0.8437609673 0.2223367691 0.3556661904 0.0401341841 -0.9337509274 -0.7967858911 0.5352165103 -0.2804916501
-551.7 -84.7 2315.6 0.6001192927 -0.0876572430 -0.7950930595 0.0984294936 0.9945159554 -0.0353506878 0.7938314676 -0.0570459776 0.6054562926
-517.4 -474.1 2338.0 0.5966043472 -0.1179312393 -0.7938233018 0.1306541115 0.9902206659 -0.0489140861 0.7918287516 -0.0745339170 0.6061781645
-400.9 -94.3 2414.9 -0.8294699192 -0.2881581187 -0.4784815013 -0.3546341062 0.9335259795 0.0525730588 0.4315255582 0.2132936269 -0.8765224218
-288.0 -460.0 2331.3 -0.8943617344 -0.0151408967 -0.4470881820 0.0038525939 0.9991292953 -0.0415428691 0.4473279119 -0.0388768017 -0.8935246468
-696.4 -133.7 2317.3 0 0 0 0 0 0 0 0 0
-232.0 168.1 2293.3 0 0 0 0 0 0 0 0 0
-483.3 -759.8 2359.5 0 0 0 0 0 0 0 0 0
-283.4 -766.7 2343.3 0 0 0 0 0 0 0 0 0
-426.4 500.5 2348.3 33 0.8184906840 0.0869030356 -0.5679091811 -0.0493989252 0.9954781532 0.0811353475 0.5723921061 -0.0383544229 0.8190825582
-444.0 299.0 2356.1 0.8184906840 0.0869030356 -0.5679091811 -0.0493989252 0.9954781532 0.0811353475 0.5723921061 -0.0383544229 0.8190825582
-458.2 103.8 2363.0 0.8192905784 0.0724439546 -0.5687837005 -0.0393986404 0.9967544079 0.0702022612 0.5720233917 -0.0351067409 0.8194856644
-560.7 304.6 2274.6 0.6313987374 -0.1903138161 -0.7517421842 0.7611683011 -0.0331449024 0.6477069259 -0.1481840014 -0.9811636209 0.1239331961
-713.5 120.4 2310.4 -0.0662390217 -0.1903138161 -0.9794861078 0.9975858927 -0.0331449024 -0.0610230006 -0.0208514519 -0.9811636209 0.1920498759
-327.3 293.4 2437.6 -0.0954790413 0.8490799665 -0.5195642114 -0.9515074492 0.0754880011 0.2982198894 0.2924333811 0.5228429437 0.8006983995
-349.3 73.3 2505.2 0.4215758741 0.8490799665 0.3183346987 0.4995929003 0.0754880011 -0.8629649282 -0.7567566633 0.5228429437 -0.3923704028
-549.0 -88.6 2317.5 0.6017927527 -0.0788523331 -0.7947500944 0.0873157084 0.9956449270 -0.0326680802 0.7938648462 -0.0497347564 0.6060569882
-518.1 -478.5 2337.0 0.5965835452 -0.1217976138 -0.7932549715 0.1355108321 0.9895125031 -0.0500176325 0.7910277247 -0.0776549354 0.6068317890
-401.2 -95.9 2421.1 -0.8286865950 -0.2839739025 -0.4823249876 -0.3552666605 0.9327584505 0.0612152740 0.4325091541 0.2220822573 -0.8738508224
-289.9 -461.3 2334.1 -0.8931149244 -0.0244021751 -0.4491661191 -0.0077100922 0.9992112517 -0.0389542505 0.4497624338 -0.0313275121 -0.8925986290
-696.6 -135.1 2315.8 0 0 0 0 0 0 0 0 0
-234.1 209.9 2298.4 0 0 0 0 0 0 0 0 0
-483.6 -758.9 2359.0 0 0 0 0 0 0 0 0 0
-282.5 -767.4 2343.7 0 0 0 0 0 0 0 0 0
-425.1 498.6 2342.8 34 0.8527895212 0.0879437178 -0.5147969723 -0.0476425029 0.9947100878 0.0910057276 0.5200771093 -0.0530825146 0.8524681926
-442.9 297.9 2353.5 0.8527895212 0.0879437178 -0.5147969723 -0.0476425029 0.9947100878 0.0910057276 0.5200771093 -0.0530825146 0.8524681926
-457.3 102.8 2362.8 0.8535323739 0.0738263354 -0.5157830715 -0.0385007076 0.9961411357 0.0788700879 0.5196154118 -0.0474601574 0.8530811071
-564.3 303.4 2279.6 0.6308600903 -0.1937659383 -0.7513123751 0.7640585303 -0.0133610144 0.6450085640 -0.1350189894 -0.9809567928 0.1396195889
