-435.0 494.7 2311.1 1 0.9052699804 0.2505556941 -0.3430860937 -0.1995950341 0.9637305140 0.1771589667 0.3750307560 -0.0918984041 0.9224460125
-497.1 255.9 2333.8 0.9052699804 0.2505556941 -0.3430860937 -0.1995950341 0.9637305140 0.1771589667 0.3750307560 -0.0918984041 0.9224460125
-456.6 67.8 2370.3 0.9156903625 -0.2065623552 -0.3447362781 0.2562757730 0.9608873725 0.1049674973 0.3095704019 -0.1844652891 0.9328122735
-626.2 219.8 2290.2 0.2937628031 -0.6031491756 -0.7415621877 0.9103026390 -0.0601700358 0.4095469713 -0.2916377187 -0.7953556776 0.5313725471
-703.4 -19.3 2366.8 -0.6967669725 -0.6031491756 -0.3882356286 0.5250963569 -0.0601700358 -0.8489130735 0.4886610210 -0.7953556776 0.3586359322
-368.0 291.9 2377.5 0.8548665643 0.4452808201 -0.2663233876 -0.4264305532 0.3105709851 -0.8495308161 -0.2955674827 0.8398039341 0.4553780854
-207.6 212.0 2322.1 -0.5787225366 0.4452808201 0.6832314730 0.8155075312 0.3105709851 0.4883576035 0.0052644145 0.8398039341 -0.5428642631
-515.7 -145.9 2391.6 0.7779230475 0.0083228303 -0.6283044815 -0.0135605708 0.9999017715 -0.0035445672 0.6282132268 0.0112775676 0.7779594660
-518.9 -537.4 2387.2 0.7652170658 -0.1834439635 -0.6170827746 0.0687039644 0.9763381481 -0.2050452530 0.6400957704 0.1145080924 0.7597139478
-342.5 -107.4 2424.8 -0.5970267653 -0.1456920356 -0.7888807654 -0.2711132765 0.9621549249 0.0274865050 0.7550209761 0.2302862257 -0.6139312983
-285.5 -484.1 2334.6 -0.6249724627 0.0061808196 -0.7806223631 0.0355975293 0.9991540909 -0.0205885526 0.7798347473 -0.0406555049 -0.6246637702
-520.1 -157.5 2238.3 0 0 0 0 0 0 0 0 0
-355.8 420.8 2323.4 0 0 0 0 0 0 0 0 0
-475.3 -769.7 2359.9 0 0 0 0 0 0 0 0 0
-287.2 -763.8 2346.0 0 0 0 0 0 0 0 0 0
-435.1 493.2 2310.2 2 0.9010760188 0.2407570481 -0.3606910110 -0.1773855984 0.9635955095 0.2000451535 0.3957225382 -0.1162744984 0.9109796286
-494.6 255.1 2338.9 0.9010760188 0.2407570481 -0.3606910110 -0.1773855984 0.9635955095 0.2000451535 0.3957225382 -0.1162744984 0.9109796286
-458.5 65.0 2368.2 0.9129223228 -0.1837741286 -0.3644172549 0.2249251008 0.9716000557 0.0734986663 0.3405606747 -0.1490651518 0.9283307791
-623.9 223.3 2290.7 0.3146447241 -0.6003832817 -0.7352133393 0.9017202854 -0.0528667383 0.4290752709 -0.2964779437 -0.7979630828 0.5247435570
-707.1 -15.1 2369.1 -0.6910187006 -0.6003832817 -0.4025333226 0.5365417600 -0.0528667383 -0.8422161341 0.4843718708 -0.7979630828 0.3586625755
-365.3 286.8 2387.1 0.8478369713 0.4870587587 -0.2096334249 -0.4030833542 0.3351262808 -0.8515951037 -0.3445231915 0.8065135479 0.4804577529
-208.3 212.2 2323.4 -0.5739227533 0.4870587587 0.6583209038 0.8188850284 0.3351262808 0.4659589529 0.0063287495 0.8065135479 -0.5911816955
-498.1 -143.1 2379.0 0.7638515830 0.0538936332 -0.6431378126 -0.0240155309 0.9981907010 0.0551232137 0.6449449658 -0.0266606566 0.7637638450
-519.2 -533.3 2389.4 0.7530817389 -0.1734111607 -0.6346624494 0.0484057963 0.9766290188 -0.2094102800 0.6561438441 0.1269817203 0.7438756227
-334.3 -97.3 2434.4 -0.6215263009 -0.1238929704 -0.7735344768 -0.2756092548 0.9588706493 0.0678716451 0.7333106995 0.2553772926 -0.6301093698
-285.8 -472.6 2334.5 -0.6513713598 0.0063353162 -0.7587326169 0.0344589949 0.9991803765 -0.0212399978 0.7579761744 -0.0399802886 -0.6510558128
-525.3 -156.2 2241.7 0 0 0 0 0 0 0 0 0
-355.3 421.9 2325.0 0 0 0 0 0 0 0 0 0
-477.3 -769.4 2358.7 0 0 0 0 0 0 0 0 0
-287.7 -763.1 2346.1 0 0 0 0 0 0 0 0 0
-434.8 493.3 2309.2 3 0.9112585783 0.2366844565 -0.3370286524 -0.1795524210 0.9648133516 0.1920835376 0.3706329167 -0.1145234704 0.9216917157
-494.2 251.2 2338.0 0.9112585783 0.2366844565 -0.3370286524 -0.1795524210 0.9648133516 0.1920835376 0.3706329167 -0.1145234704 0.9216917157
-460.9 61.2 2371.0 0.9249911308 -0.1693993807 -0.3401400745 0.2155564427 0.9710902572 0.1025627702 0.3129326403 -0.1681890339 0.9347649813
-625.6 220.7 2293.5 0.3170441687 -0.6124662161 -0.7241326571 0.9014654756 -0.0426357426 0.4307460785 -0.2946913540 -0.7893461585 0.5385997295
-708.1 -14.0 2370.3 -0.6806083322 -0.6124662161 -0.4020664692 0.5363262296 -0.0426357426 -0.8429331779 0.4991256893 -0.7893461585 0.3574999571
-362.8 281.7 2382.4 0.8615286946 0.4555877447 -0.2240717560 -0.3887917399 0.3081822693 -0.8682538271 -0.3265108466 0.8351427913 0.4426366091
-208.7 212.2 2324.0 -0.5754045844 0.4555877447 0.6792270541 0.8177791238 0.3081822693 0.4860668778 0.0121203847 0.8351427913 -0.5498996377
-504.5 -145.1 2366.8 0.7810183167 0.0378778540 -0.6233583689 0.0162375849 0.9965898395 0.0809013471 0.6242970228 -0.0733072683 0.7777398825
-519.3 -534.6 2395.5 0.7772396803 -0.1695071012 -0.6059420705 0.0392055362 0.9742042422 -0.2222364843 0.6279819608 0.1489747316 0.7638358474
-340.5 -104.9 2428.0 -0.6052788496 -0.1352596730 -0.7844375968 -0.2713537216 0.9614921212 0.0435899161 0.7483345866 0.2392441332 -0.6186740398
-287.5 -481.3 2334.3 -0.6356917620 -0.0031400099 -0.7719365954 0.0307352897 0.9990958571 -0.0293746162 0.7713308930 -0.0423988961 -0.6350204945
-529.1 -155.1 2239.0 0 0 0 0 0 0 0 0 0
-356.1 421.6 2327.1 0 0 0 0 0 0 0 0 0
-478.5 -769.1 2359.6 0 0 0 0 0 0 0 0 0
-286.6 -765.2 2346.4 0 0 0 0 0 0 0 0 0
-433.9 495.5 2309.8 4 0.9374708533 0.2375556529 -0.2543927729 -0.1982332468 0.9651640654 0.1707685739 0.2860977948 -0.1096614525 0.9519045949
-494.6 248.9 2337.8 0.9374708533 0.2375556529 -0.2543927729 -0.1982332468 0.9651640654 0.1707685739 0.2860977948 -0.1096614525 0.9519045949
-463.4 58.9 2373.1 0.9536885619 -0.1581866145 -0.2558420002 0.1973740906 0.9709303975 0.1354165077 0.2269837111 -0.1796417534 0.9571871758
-629.7 221.1 2305.6 0.3092192709 -0.5976241827 -0.7397491336 0.9159954786 -0.0219077766 0.4005899429 -0.2556084692 -0.8014770150 0.5406467319
-708.5 -12.2 2370.7 -0.6818878651 -0.5976241827 -0.4217514396 0.5397126675 -0.0219077766 -0.8415641785 0.4936994612 -0.8014770150 0.3374839723
-359.4 276.7 2369.9 0.8808847666 0.3981249630 -0.2560048699 -0.3756824732 0.2590619922 -0.8898031116 -0.2879316807 0.8799905777 0.3777723610
-208.0 212.2 2320.4 -0.5799908042 0.3981249630 0.7107089162 0.8143073916 0.2590619922 0.5194134116 0.0226737633 0.8799905777 -0.4744496942
-511.0 -148.1 2375.8 0.8320205212 0.0179582406 -0.5544540882 0.0128705287 0.9985819459 0.0516567864 0.5545955300 -0.0501156226 0.8306095600
-518.0 -538.7 2395.4 0.8262230158 -0.1632085741 -0.5391831994 0.0513884649 0.9749580026 -0.2163702101 0.5609944463 0.1510622501 0.8139197826
-344.3 -109.4 2432.2 -0.5391354561 -0.1487613916 -0.8289771080 -0.2873650193 0.9577032328 0.0150298597 0.7916781902 0.2463221550 -0.5590805411
-286.1 -484.4 2335.7 -0.5680853724 0.0016072755 -0.8229680657 0.0319166854 0.9992887974 -0.0200800858 0.8223505020 -0.0376736149 -0.5677326322
-529.1 -154.2 2240.9 0 0 0 0 0 0 0 0 0
-356.6 420.7 2326.2 0 0 0 0 0 0 0 0 0
-479.4 -769.7 2359.6 0 0 0 0 0 0 0 0 0
-286.5 -764.4 2346.3 0 0 0 0 0 0 0 0 0
-434.9 494.5 2311.5 5 0.9411748648 0.2345360219 -0.2432749867 -0.2005467415 0.9671041369 0.1564945728 0.2719758749 -0.0985007510 0.9572495818
-494.1 250.4 2336.4 0.9411748648 0.2345360219 -0.2432749867 -0.2005467415 0.9671041369 0.1564945728 0.2719758749 -0.0985007510 0.9572495818
-464.4 59.7 2369.6 0.9577236176 -0.1516754925 -0.2444586605 0.1870996803 0.9738647938 0.1287675798 0.2185387909 -0.1690618843 0.9610717297
-630.2 223.9 2305.3 0.2936082184 -0.5954769254 -0.7477977276 0.9239149094 -0.0239719860 0.3818462789 -0.2453068346 -0.8030146956 0.5431316495
-706.2 -15.4 2368.9 -0.6896953583 -0.5954769254 -0.4119800031 0.5278391838 -0.0239719860 -0.8490059972 0.4956874847 -0.8030146956 0.3308494389
-358.0 276.9 2367.4 0.8807705045 0.3949004710 -0.2613368332 -0.3805975616 0.2619648278 -0.8868595958 -0.2817602158 0.8805839419 0.3810290396
-209.0 212.5 2319.7 -0.5735210180 0.3949004710 0.7177236676 0.8190791607 0.2619648278 0.5103761554 0.0135294180 0.8805839419 -0.4736970663
-518.0 -148.7 2388.0 0.8380758166 -0.0003582667 -0.5455536246 0.0099629294 0.9998430610 0.0146483853 0.5454627275 -0.0177117698 0.8379479051
-517.9 -539.8 2394.9 0.8310248256 -0.1666172296 -0.5306943059 0.0568936206 0.9745397568 -0.2168764621 0.5533180833 0.1500366032 0.8193461895
-346.6 -113.5 2428.8 -0.5328088403 -0.1590962857 -0.8311457038 -0.2922134697 0.9563435912 0.0042630224 0.7941826582 0.2451433390 -0.5560383797
-284.3 -488.0 2332.8 -0.5636236072 0.0061959093 -0.8260084987 0.0467047356 0.9986112118 -0.0243781824 0.8247103095 -0.0523186252 -0.5631301999
-524.8 -154.2 2238.5 0 0 0 0 0 0 0 0 0
-355.9 422.2 2323.2 0 0 0 0 0 0 0 0 0
-478.7 -769.1 2359.6 0 0 0 0 0 0 0 0 0
-286.0 -766.0 2347.3 0 0 0 0 0 0 0 0 0
-435.8 494.7 2316.9 6 0.9379077554 0.2374984473 -0.2528309524 -0.2072737962 0.9681383371 0.1405193806 0.2781484723 -0.0793889910 0.9572516680
-494.9 254.0 2336.6 0.9379077554 0.2374984473 -0.2528309524 -0.2072737962 0.9681383371 0.1405193806 0.2781484723 -0.0793889910 0.9572516680
-462.7 63.7 2369.7 0.9532874823 -0.1643010527 -0.2534721494 0.2003541589 0.9719052911 0.1235246211 0.2260557115 -0.1685386747 0.9594235420
-630.5 225.5 2304.5 0.2783593237 -0.5946342349 -0.7542719841 0.9313293695 -0.0248936210 0.3633262217 -0.2348227799 -0.8036108613 0.5468709469
-703.8 -19.6 2366.3 -0.6991432309 -0.5946342349 -0.3969998658 0.5095565915 -0.0248936210 -0.8600769639 0.5015484691 -0.8036108613 0.3204040229
-359.2 282.4 2368.8 0.8643842936 0.4240480661 -0.2702277005 -0.4075751603 0.2761211395 -0.8704249859 -0.2944864333 0.8625197411 0.4115062356
-208.5 211.4 2317.5 -0.5735461712 0.4240480661 0.7008766532 0.8189336658 0.2761211395 0.5030951500 0.0198096596 0.8625197411 -0.5056355000
-520.9 -147.7 2383.0 0.8337592483 -0.0036352929 -0.5521162152 0.0182375871 0.9996140003 0.0209591165 0.5518268943 -0.0275441241 0.8335037231
-519.5 -539.0 2393.8 0.8262047172 -0.1758691370 -0.5352156758 0.0655127317 0.9735724926 -0.2187798917 0.5595479012 0.1456935257 0.8158918619
-348.3 -114.1 2422.4 -0.5374640822 -0.1678338200 -0.8264164329 -0.2847818732 0.9585456848 -0.0094581144 0.7937452793 0.2302650362 -0.5629799366
-282.6 -489.5 2332.2 -0.5656637549 0.0139690321 -0.8245176673 0.0538293160 0.9983495474 -0.0200157221 0.8228772283 -0.0557053909 -0.5654820800
-519.9 -153.6 2234.4 0 0 0 0 0 0 0 0 0
-355.4 421.1 2322.5 0 0 0 0 0 0 0 0 0
-477.9 -769.2 2359.4 0 0 0 0 0 0 0 0 0
-286.4 -765.0 2347.6 0 0 0 0 0 0 0 0 0
-435.4 497.5 2320.1 7 0.9462640285 0.2407107055 -0.2159694433 -0.2205664068 0.9687644243 0.1133397445 0.2365055978 -0.0596137121 0.9697996378
-495.9 253.7 2335.1 0.9462640285 0.2407107055 -0.2159694433 -0.2205664068 0.9687644243 0.1133397445 0.2365055978 -0.0596137121 0.9697996378
-460.5 64.3 2369.6 0.9596485496 -0.1809208393 -0.2152727544 0.2129016519 0.9675760865 0.1359023601 0.1837051958 -0.1762504280 0.9670512676
-632.5 223.5 2309.0 0.2757205367 -0.5947983265 -0.7551113367 0.9336087704 -0.0212830454 0.3576614857 -0.2288075238 -0.8035931587 0.5494408011
-704.4 -20.2 2368.7 -0.6967034340 -0.5947983265 -0.4010227323 0.5123354197 -0.0212830454 -0.8585216999 0.5021122694 -0.8035931587 0.3195642233
-359.4 284.0 2361.2 0.8721594214 0.3826031685 -0.3048815131 -0.4161546826 0.2525748014 -0.8735108972 -0.2572026551 0.8887186050 0.3795075715
-207.7 211.6 2316.5 -0.5868928432 0.3826031685 0.7135626078 0.8093478084 0.2525748014 0.5302471519 0.0226463154 0.8887186050 -0.4578933716
-516.5 -144.7 2382.3 0.8554769754 0.0095381513 -0.5177530646 0.0049751252 0.9996328354 0.0266357772 0.5178170204 -0.0253621787 0.8551154137
-520.2 -536.1 2392.3 0.8441968560 -0.1796126068 -0.5050455332 0.0798214599 0.9738084674 -0.2128981203 0.5300568342 0.1394144446 0.8364229798
-344.4 -108.6 2423.1 -0.5021477938 -0.1531102061 -0.8511197567 -0.2745553255 0.9615085721 -0.0109848520 0.8200408220 0.2281634510 -0.5248566270
-284.5 -485.1 2333.8 -0.5262381434 0.0096022356 -0.8502830267 0.0443403870 0.9988857508 -0.0161617547 0.8491804004 -0.0462068133 -0.5260775089
-521.2 -155.0 2236.6 0 0 0 0 0 0 0 0 0
-357.9 418.8 2322.3 0 0 0 0 0 0 0 0 0
-477.1 -769.8 2358.8 0 0 0 0 0 0 0 0 0
-287.1 -763.2 2346.7 0 0 0 0 0 0 0 0 0
-434.7 496.5 2316.2 8 0.9446310401 0.2246983349 -0.2391293496 -0.1939365268 0.9701627493 0.1455090195 0.2646900117 -0.0910764262 0.9600230455
-491.2 252.3 2339.1 0.9446310401 0.2246983349 -0.2391293496 -0.1939365268 0.9701627493 0.1455090195 0.2646900117 -0.0910764262 0.9600230455
-460.6 61.3 2369.2 0.9580414295 -0.1563363969 -0.2402407229 0.1877563596 0.9755919576 0.1138767302 0.2165738344 -0.1542053372 0.9640105963
-627.6 225.6 2308.3 0.2921307683 -0.5884212255 -0.7539363503 0.9287381172 -0.0136131113 0.3704864681 -0.2282655388 -0.8084399104 0.5425124168
-704.5 -18.9 2368.4 -0.6941587925 -0.5884212255 -0.4146131277 0.5212156773 -0.0136131113 -0.8533164263 0.4964653254 -0.8084399104 0.3161440492
-354.9 278.9 2369.9 0.8607848883 0.4534228146 -0.2312079817 -0.3988755941 0.3188029528 -0.8598039746 -0.3161449730 0.8323295116 0.4552800655
-208.3 211.0 2316.1 -0.6104588509 0.4534228146 0.6494210958 0.7915024757 0.3188029528 0.5214292407 0.0293905623 0.8323295116 -0.5535013676
-511.6 -144.4 2387.5 0.8405069113 0.0202152468 -0.5414235592 -0.0129232602 0.9997674227 0.0172664374 0.5416466594 -0.0075156032 0.8405726552
-519.5 -535.8 2390.4 0.8269112706 -0.1811930537 -0.5323409438 0.0812722743 0.9752351642 -0.2056969106 0.5564284325 0.1268285215 0.8211588860
-338.4 -106.0 2420.6 -0.5339240432 -0.1363482922 -0.8344664574 -0.2656099200 0.9640004039 0.0124339582 0.8027306199 0.2282813489 -0.5509184599
-285.0 -483.5 2331.2 -0.5592203736 0.0094918665 -0.8289647102 0.0504207015 0.9984727502 -0.0225810762 0.8274843097 -0.0544247814 -0.5588449240
-521.9 -156.0 2237.8 0 0 0 0 0 0 0 0 0
-364.6 413.6 2323.6 0 0 0 0 0 0 0 0 0
-475.9 -770.4 2359.9 0 0 0 0 0 0 0 0 0
-287.7 -763.3 2346.4 0 0 0 0 0 0 0 0 0
-433.2 496.5 2319.7 9 0.9429988265 0.2439647466 -0.2263502628 -0.2164745033 0.9662566781 0.1395950466 0.2527687252 -0.0826389119 0.9639910460
-494.4 254.1 2340.5 0.9429988265 0.2439647466 -0.2263502628 -0.2164745033 0.9662566781 0.1395950466 0.2527687252 -0.0826389119 0.9639910460
-465.3 62.8 2370.4 0.9623984694 -0.1485064775 -0.2274532318 0.1784377992 0.9769532681 0.1171422899 0.2048147917 -0.1533238143 0.9667174816
-631.5 228.7 2311.3 0.2811405957 -0.5919306874 -0.7553661466 0.9337469935 -0.0129731791 0.3576985896 -0.2215322852 -0.8058844209 0.5490661860
-705.9 -18.6 2370.0 -0.6906784773 -0.5919306874 -0.4154290855 0.5235256553 -0.0129731791 -0.8519111276 0.4988829195 -0.8058844209 0.3188512027
-357.4 279.5 2369.6 0.8538050652 0.4654242098 -0.2332321852 -0.4075317979 0.3187742531 -0.8557457328 -0.3239364028 0.8256895542 0.4618462324
-209.6 208.9 2313.5 -0.6098120213 0.4654242098 0.6414901018 0.7916290760 0.3187742531 0.5212545991 0.0381139927 0.8256895542 -0.5628357530
-516.3 -146.5 2379.8 0.8473441005 0.0064696530 -0.5310047865 0.0084592961 0.9996344447 0.0256781541 0.5309768319 -0.0262501594 0.8469796777
-518.9 -537.9 2390.0 0.8354961872 -0.1819804013 -0.5184874535 0.0864865184 0.9753581882 -0.2029690742 0.5426473618 0.1247377247 0.8306469321
-343.4 -112.7 2418.8 -0.5263128281 -0.1442290843 -0.8379694223 -0.2631239295 0.9647617340 -0.0007890540 0.8085546494 0.2200745195 -0.5457165837
-286.9 -490.6 2332.6 -0.5529168248 -0.0001501954 -0.8332364559 0.0447821617 0.9985493422 -0.0298964232 0.8320321441 -0.0538443662 -0.5521079898
-524.2 -156.3 2238.8 0 0 0 0 0 0 0 0 0
-365.7 411.6 2323.3 0 0 0 0 0 0 0 0 0
-475.4 -770.7 2360.3 0 0 0 0 0 0 0 0 0
-286.9 -763.1 2347.3 0 0 0 0 0 0 0 0 0
-433.6 498.9 2321.5 0 0.9442473054 0.2468848079 -0.2178185582 -0.2232205272 0.9663720727 0.1276622117 0.2420116216 -0.0719231293 0.9676039815
-496.2 253.9 2339.7 0.9442473054 0.2468848079 -0.2178185582 -0.2232205272 0.9663720727 0.1276622117 0.2420116216 -0.0719231293 0.9676039815
-467.2 62.5 2369.2 0.9645494223 -0.1481518596 -0.2183928043 0.1764717698 0.9774041176 0.1163568273 0.1962195486 -0.1507720798 0.9688991904
-633.6 228.8 2311.8 0.2688475251 -0.5922681093 -0.7595653534 0.9385719895 -0.0160357971 0.3447106481 -0.2163413465 -0.8055813909 0.5515750647
-704.7 -19.5 2369.0 -0.6910011172 -0.5922681093 -0.4144103825 0.5243289471 -0.0160357971 -0.8513647914 0.4975908101 -0.8055813909 0.3216240704
-358.8 279.1 2367.7 0.8568710685 0.4522150159 -0.2475350201 -0.4106309712 0.3083838224 -0.8580685258 -0.3116956651 0.8368996382 0.4499386549
-210.9 208.2 2313.9 -0.6125234365 0.4522150159 0.6483182907 0.7894356251 0.3083838224 0.5307455063 0.0400802232 0.8368996382 -0.5458869338
-523.1 -144.6 2381.9 0.8521599770 -0.0108544165 -0.5231687427 0.0192186963 0.9997594953 0.0105617903 0.5229282975 -0.0190549567 0.8521636724
-518.9 -536.0 2389.4 0.8411611319 -0.1809689254 -0.5096059442 0.0909964144 0.9762741327 -0.1964903325 0.5330737233 0.1189077199 0.8376713991
-349.3 -112.4 2418.9 -0.5177623034 -0.1596851200 -0.8404896855 -0.2734818459 0.9617714882 -0.0142559856 0.8106355071 0.2224774659 -0.5416399837
-286.7 -489.0 2331.8 -0.5448493958 0.0043558995 -0.8385226130 0.0475990698 0.9985347986 -0.0257414747 0.8371818662 -0.0539381206 -0.5442584157
-523.0 -157.4 2238.1 0 0 0 0 0 0 0 0 0
-367.8 410.3 2324.1 0 0 0 0 0 0 0 0 0
-475.4 -770.2 2360.9 0 0 0 0 0 0 0 0 0
-287.9 -762.1 2346.5 0 0 0 0 0 0 0 0 0
-432.9 499.0 2323.4 1 0.9355767369 0.2494232804 -0.2499682903 -0.2237814814 0.9663693309 0.1266970485 0.2731629014 -0.0625965372 0.9599289894
-496.0 254.4 2339.2 0.9355767369 0.2494232804 -0.2499682903 -0.2237814814 0.9663693309 0.1266970485 0.2731629014 -0.0625965372 0.9599289894
-466.8 63.2 2370.1 0.9565405846 -0.1493191868 -0.2504673600 0.1830152720 0.9761216640 0.1170126125 0.2270143926 -0.1577666700 0.9610276222
-632.2 228.3 2306.9 0.2531291842 -0.6072844863 -0.7530811429 0.9402104616 -0.0289366432 0.3393625021 -0.2278812081 -0.7939573526 0.5636504889
-700.7 -26.0 2368.6 -0.6925864220 -0.6072844863 -0.3892680407 0.5089195967 -0.0289366432 -0.8603275418 0.5111994743 -0.7939573526 0.3291000724
-359.8 280.4 2371.6 0.8443994522 0.4817904532 -0.2342381775 -0.4179113209 0.3188488781 -0.8506971002 -0.3351711631 0.8162189126 0.4705814719
-212.6 207.6 2313.1 -0.6108838320 0.4817904532 0.6282506585 0.7900123000 0.3188488781 0.5236563087 0.0519755930 0.8162189126 -0.5753999949
-525.3 -144.8 2381.0 0.8346459270 -0.0126908235 -0.5506406426 0.0220586769 0.9997026324 0.0103954077 0.5503450036 -0.0208228882 0.8346776366
-520.3 -536.3 2389.2 0.8244380951 -0.1833302379 -0.5354361534 0.0859221295 0.9756586552 -0.2017612308 0.5593918562 0.1203338280 0.8201222420
-351.0 -112.9 2416.5 -0.5430396795 -0.1682207584 -0.8226844072 -0.2696595788 0.9627708793 -0.0188677274 0.7952305079 0.2115988135 -0.5681851506
-285.1 -490.0 2333.6 -0.5682020783 0.0091631263 -0.8228380084 0.0421567746 0.9989491105 -0.0179866143 0.8218085170 -0.0449082293 -0.5679912567
-518.6 -159.9 2234.1 0 0 0 0 0 0 0 0 0
-369.0 409.9 2326.4 0 0 0 0 0 0 0 0 0
-476.6 -769.2 2360.5 0 0 0 0 0 0 0 0 0
-287.6 -764.2 2345.9 0 0 0 0 0 0 0 0 0
-430.9 498.9 2323.3 2 0.9387153387 0.2299271226 -0.2568016350 -0.2048796713 0.9713111520 0.1207433492 0.2771964669 -0.0607301965 0.9588920474
-489.4 251.6 2338.8 0.9387153387 0.2299271226 -0.2568016350 -0.2048796713 0.9713111520 0.1207433492 0.2771964669 -0.0607301965 0.9588920474
-463.4 59.5 2366.8 0.9570690989 -0.1329322308 -0.2575806379 0.1645003408 0.9807654619 0.1050655171 0.2386595905 -0.1429270655 0.9605277181
-625.7 228.2 2304.8 0.2894203365 -0.5913057327 -0.7527239919 0.9273021817 -0.0218094289 0.3736776710 -0.2373742312 -0.8061525226 0.5420069695
-703.9 -22.3 2368.9 -0.6945476532 -0.5913057327 -0.4098306000 0.5217789412 -0.0218094289 -0.8528018594 0.4953284562 -0.8061525226 0.3236785829
-353.1 275.0 2372.8 0.8397938013 0.5025277734 -0.2054562420 -0.4146085680 0.3493232131 -0.8402815461 -0.3504941463 0.7908471227 0.5017117858
-214.0 206.4 2314.7 -0.6121762991 0.5025277734 0.6104965806 0.7896998525 0.3493232131 0.5043286681 0.0401785299 0.7908471227 -0.6106934547
-524.0 -144.5 2380.5 0.8296427727 -0.0110759083 -0.5581847429 0.0212015901 0.9997070432 0.0116754901 0.5578919053 -0.0215208903 0.8296345472
-519.6 -536.1 2388.9 0.8211022019 -0.1758826971 -0.5430068970 0.0758523047 0.9765259027 -0.2016024590 0.5657187104 0.1243478954 0.8151686788
-351.1 -111.4 2421.5 -0.5549201369 -0.1600855440 -0.8163554668 -0.2715009153 0.9624291062 -0.0041766986 0.7863529325 0.2193235159 -0.5775346756
-288.5 -488.4 2335.6 -0.5835856199 -0.0076451898 -0.8120156527 0.0268098693 0.9992291927 -0.0286757406 0.8116089702 -0.0385047831 -0.5829308033
-521.2 -159.5 2238.7 0 0 0 0 0 0 0 0 0
-370.8 408.6 2325.0 0 0 0 0 0 0 0 0 0
-477.5 -769.8 2359.2 0 0 0 0 0 0 0 0 0
-286.3 -763.1 2346.2 0 0 0 0 0 0 0 0 0
-430.0 498.3 2323.3 3 0.9372802377 0.2174260616 -0.2724547982 -0.1857989281 0.9729522467 0.1372686625 0.2949312925 -0.0780374035 0.9523264766
-484.5 254.6 2342.9 0.9372802377 0.2174260616 -0.2724547982 -0.1857989281 0.9729522467 0.1372686625 0.2949312925 -0.0780374035 0.9523264766
-462.2 61.5 2365.9 0.9546039701 -0.1136996821 -0.2753245831 0.1414487213 0.9864550829 0.0830578730 0.2621516883 -0.1182316840 0.9577566385
-620.4 234.5 2305.6 0.3124468625 -0.5825849771 -0.7503144145 0.9220923781 -0.0038277172 0.3869509101 -0.2283037603 -0.8127608299 0.5360012054
-706.4 -19.3 2368.4 -0.6869147420 -0.5825849771 -0.4344455302 0.5368375778 -0.0038277172 -0.8436769247 0.4898505509 -0.8127608299 0.3153828084
-348.5 274.7 2380.1 0.8182835579 0.5566345453 -0.1434225887 -0.4156171679 0.4005809128 -0.8165765405 -0.3970823586 0.7278000712 0.5591356158
-214.0 206.4 2314.9 -0.6222762465 0.5566345453 0.5503910780 0.7814558744 0.4005809128 0.4783948362 0.0458149239 0.7278000712 -0.6842573285
-523.8 -147.3 2373.2 0.8183102012 -0.0072721620 -0.5747308731 0.0334515944 0.9988276362 0.0349905379 0.5738026500 -0.0478587784 0.8175941110
-520.9 -538.5 2391.9 0.8116706014 -0.1844301075 -0.5542349219 0.0718710721 0.9731681943 -0.2185821980 0.5796769261 0.1375833005 0.8031472564
-350.9 -117.6 2416.3 -0.5786625147 -0.1590413302 -0.7999097109 -0.2621489763 0.9650248289 -0.0022290745 0.7722872496 0.2084056288 -0.6001161933
-288.6 -495.6 2334.7 -0.6066395640 -0.0057598776 -0.7949561477 0.0301412772 0.9990881085 -0.0302400552 0.7944054008 -0.0423058085 -0.6059127450
-525.8 -160.5 2239.6 0 0 0 0 0 0 0 0 0
-373.4 406.5 2326.6 0 0 0 0 0 0 0 0 0
-477.3 -768.8 2359.4 0 0 0 0 0 0 0 0 0
-287.0 -764.8 2346.1 0 0 0 0 0 0 0 0 0
-429.4 498.3 2323.3 4 0.9364702702 0.2325637490 -0.2625596821 -0.2027228922 0.9697576165 0.1359176785 0.2862287760 -0.0740559995 0.9552951455
-488.1 253.7 2342.0 0.9364702702 0.2325637490 -0.2625596821 -0.2027228922 0.9697576165 0.1359176785 0.2862287760 -0.0740559995 0.9552951455
-465.9 61.0 2368.2 0.9576566219 -0.1131534725 -0.2647453547 0.1440105289 0.9844955206 0.1001473665 0.2493086010 -0.1340329051 0.9591039419
-624.5 233.2 2306.5 0.3215365410 -0.6067553759 -0.7269540429 0.9115689397 -0.0094013344 0.4110397995 -0.2562349439 -0.7948330045 0.5500764847
-711.5 -13.3 2375.8 -0.6687878370 -0.6067553759 -0.4296169281 0.5464743376 -0.0094013344 -0.8374230862 0.5040720105 -0.7948330045 0.3378637731
-351.7 274.2 2377.5 0.8339024186 0.5272783637 -0.1630467027 -0.4072824419 0.3885433376 -0.8265319467 -0.3724617362 0.7556530833 0.5387584567
-214.6 207.2 2316.2 -0.6278021336 0.5272783637 0.5725749135 0.7774288058 0.3885433376 0.4946094155 0.0383266881 0.7556530833 -0.6538497210
-526.1 -144.3 2365.4 0.8244491816 -0.0178522654 -0.5656543374 0.0508490354 0.9977964163 0.0426223539 0.5636469722 -0.0639029443 0.8235402107
-519.1 -535.0 2390.4 0.8213320971 -0.1715878248 -0.5440323949 0.0694509521 0.9766727686 -0.2031916976 0.5662068129 0.1291042864 0.8140895963
-353.6 -118.8 2412.7 -0.5701024532 -0.1671724021 -0.8043858409 -0.2512982488 0.9676365256 -0.0229944196 0.7821971774 0.1890315711 -0.5936620831
-288.2 -497.8 2338.7 -0.5933690071 -0.0041870368 -0.8049197197 0.0199144054 0.9996040463 -0.0198802073 0.8046842217 -0.0278257951 -0.5930506587
-535.6 -157.0 2243.2 0 0 0 0 0 0 0 0 0
-375.3 406.3 2326.0 0 0 0 0 0 0 0 0 0
-477.9 -769.7 2359.4 0 0 0 0 0 0 0 0 0
-287.1 -763.9 2346.1 0 0 0 0 0 0 0 0 0
-428.8 498.4 2322.8 5 0.9273567200 0.2407461107 -0.2864451110 -0.2033024281 0.9668614864 0.1544248760 0.3141299188 -0.0849719644 0.9455697536
-488.3 259.5 2343.8 0.9273567200 0.2407461107 -0.2864451110 -0.2033024281 0.9668614864 0.1544248760 0.3141299188 -0.0849719644 0.9455697536
-465.8 66.3 2366.7 0.9497995973 -0.1141185984 -0.2913033962 0.1429091543 0.9865394235 0.0794792250 0.2783122063 -0.1171192601 0.9533233643
-623.5 239.2 2304.2 0.3195133209 -0.6119475961 -0.7234855890 0.9111791849 -0.0111772986 0.4118586779 -0.2601225376 -0.7908193469 0.5540226102
-712.8 -15.4 2376.8 -0.6688046455 -0.6119475961 -0.4221616685 0.5410348177 -0.0111772986 -0.8409259319 0.5098839998 -0.7908193469 0.3385604024
-353.0 279.8 2383.4 0.8155944347 0.5623016953 -0.1364640892 -0.4293503463 0.4300119579 -0.7941964269 -0.3878968358 0.7063331008 0.5921398401
-215.4 207.3 2318.0 -0.6221231818 0.5623016953 0.5447747707 0.7826945186 0.4300119579 0.4499766529 0.0187629908 0.7063331008 -0.7076308727
-530.2 -144.8 2371.9 0.8082528710 -0.0312787779 -0.5880042315 0.0524005070 0.9984470010 0.0189159513 0.5864993930 -0.0461005904 0.8086366653
-518.0 -535.7 2389.9 0.8067821860 -0.1665126830 -0.5669003129 0.0612326339 0.9778642654 -0.2000799924 0.5876674652 0.1267081797 0.7991195321
-357.2 -118.8 2416.9 -0.5901864767 -0.1740886271 -0.7882722020 -0.2687996030 0.9631280303 -0.0114525678 0.7612008452 0.2051281035 -0.6152201295
-289.0 -496.0 2336.6 -0.6180626750 -0.0045599672 -0.7861155868 0.0219633598 0.9994926453 -0.0230658017 0.7858219743 -0.0315218493 -0.6176489592
-536.9 -157.7 2242.7 0 0 0 0 0 0 0 0 0
-374.7 407.7 2322.8 0 0 0 0 0 0 0 0 0
-478.3 -769.0 2359.7 0 0 0 0 0 0 0 0 0
-287.8 -764.5 2345.1 0 0 0 0 0 0 0 0 0
-429.1 497.6 2323.5 6 0.9216876030 0.2434013635 -0.3020723760 -0.2055046260 0.9667849541 0.1519692540 0.3290285468 -0.0779909119 0.9410938621
-489.4 258.1 2342.9 0.9216876030 0.2434013635 -0.3020723760 -0.2055046260 0.9667849541 0.1519692540 0.3290285468 -0.0779909119 0.9410938621
-464.4 65.8 2369.5 0.9434937835 -0.1280309558 -0.3056592941 0.1629106998 0.9824011326 0.0913679525 0.2885821164 -0.1360002607 0.9477469325
-623.8 234.9 2301.8 0.3302184641 -0.6155345440 -0.7155927420 0.9027050734 -0.0155940633 0.4299772084 -0.2758248448 -0.7879555821 0.5504966974
-715.0 -14.2 2377.9 -0.6647320986 -0.6155345440 -0.4233774245 0.5473735929 -0.0155940633 -0.8367430568 0.5084421039 -0.7879555821 0.3472932577
-355.0 281.3 2383.9 0.8131324053 0.5658684969 -0.1364129782 -0.4330930710 0.4315794408 -0.7913087606 -0.3889037073 0.7025183439 0.5960049629
-216.7 207.6 2317.8 -0.6165503860 0.5658684969 0.5474106669 0.7872079015 0.4315794408 0.4405030608 0.0130156213 0.7025183439 -0.7115465999
-529.2 -139.7 2364.5 0.7998160124 -0.0241899267 -0.5997576118 0.0566568598 0.9977689981 0.0353127718 0.5975653529 -0.0622241050 0.7994021773
-519.8 -530.4 2388.9 0.7989155650 -0.1654776037 -0.5782309771 0.0620565303 0.9789543152 -0.1944155544 0.5982331038 0.1194386110 0.7923708558
-357.6 -114.0 2414.8 -0.5967303514 -0.1729221791 -0.7835884094 -0.2628321648 0.9647573829 -0.0127464915 0.7581768632 0.1983460188 -0.6211495399
-289.9 -491.8 2337.1 -0.6241145134 -0.0082501164 -0.7812893391 0.0183432568 0.9995139241 -0.0252075624 0.7811175585 -0.0300637968 -0.6236598492
-540.1 -158.2 2244.2 0 0 0 0 0 0 0 0 0
-374.6 409.2 2321.1 0 0 0 0 0 0 0 0 0
-479.5 -768.5 2359.8 0 0 0 0 0 0 0 0 0
-287.7 -763.8 2345.3 0 0 0 0 0 0 0 0 0
-429.7 495.0 2324.9 7 0.9236494303 0.2399686426 -0.2988089323 -0.2081720084 0.9687945247 0.1345420331 0.3217703402 -0.0620660223 0.9447813034
-489.4 253.7 2340.4 0.9236494303 0.2399686426 -0.2988089323 -0.2081720084 0.9687945247 0.1345420331 0.3217703402 -0.0620660223 0.9447813034
-465.4 61.4 2367.8 0.9456945658 -0.1226253062 -0.3010395765 0.1584245563 0.9825505614 0.0974479392 0.2838370204 -0.1398480386 0.9486195445
-624.2 231.2 2299.9 0.3299029768 -0.6093626618 -0.7210001349 0.9034380913 -0.0177155640 0.4283523858 -0.2737948596 -0.7926937342 0.5446770191
-714.6 -16.5 2375.0 -0.6721737385 -0.6093626618 -0.4205468297 0.5418059826 -0.0177155640 -0.8403168321 0.5046074390 -0.7926937342 0.3420642614
-354.7 276.3 2380.8 0.8167091608 0.5553202033 -0.1568617821 -0.4297460318 0.4039114416 -0.8075728416 -0.3851032555 0.7269628644 0.5685248375
-217.8 204.3 2316.3 -0.6096203327 0.5553202033 0.5656698942 0.7922839522 0.4039114416 0.4573200941 0.0254785456 0.7269628644 -0.6862039566
-524.5 -141.2 2370.1 0.8027937412 -0.0128086340 -0.5961192250 0.0481398329 0.9978978038 0.0433883853 0.5943103433 -0.0635290071 0.8017227054
-519.5 -532.0 2395.0 0.8032724857 -0.1644169837 -0.5724686384 0.0453203321 0.9752299786 -0.2165005952 0.5938850045 0.1479645073 0.7908268571
-354.0 -111.8 2422.2 -0.5928547382 -0.1569535285 -0.7898663878 -0.2690422535 0.9630703926 0.0105659189 0.7590385675 0.2187714726 -0.6131879687
-292.6 -488.9 2336.5 -0.6235620975 -0.0194079094 -0.7815328836 0.0129215084 0.9992993474 -0.0351254232 0.7816670537 -0.0320014656 -0.6228743792
-537.8 -159.0 2242.3 0 0 0 0 0 0 0 0 0
-373.9 407.2 2322.8 0 0 0 0 0 0 0 0 0
-479.6 -768.8 2359.0 0 0 0 0 0 0 0 0 0
-287.2 -764.3 2345.3 0 0 0 0 0 0 0 0 0
-431.4 500.9 2323.6 8 0.9272813797 0.2325446755 -0.2933806479 -0.2009961456 0.9703987241 0.1338911355 0.3158318698 -0.0651863813 0.9465732574
-490.4 254.5 2340.1 0.9272813797 0.2325446755 -0.2933806479 -0.2009961456 0.9703987241 0.1338911355 0.3158318698 -0.0651863813 0.9465732574
-465.4 62.3 2368.1 0.9468936324 -0.1274590194 -0.2952061892 0.1632880121 0.9814991355 0.0999825448 0.2770009339 -0.1428764611 0.9501877427
-625.3 231.3 2300.7 0.3261981308 -0.6071339846 -0.7245571613 0.9052555561 -0.0200999696 0.4243917167 -0.2722262144 -0.7943452001 0.5430548787
-716.1 -20.7 2376.5 -0.6846724153 -0.6071339846 -0.4032518268 0.5205615163 -0.0200999696 -0.8535875678 0.5101366639 -0.7943452001 0.3298124969
-355.5 277.8 2379.6 0.8073301315 0.5657339692 -0.1678186953 -0.4429895580 0.3931598365 -0.8057205081 -0.3898438811 0.7248244286 0.5680240393
-219.9 203.4 2314.1 -0.6091716886 0.5657339692 0.5557472110 0.7917013764 0.3931598365 0.4675834477 0.0460303463 0.7248244286 -0.6873942018
-526.8 -145.4 2369.5 0.8065050244 -0.0197660103 -0.5908967257 0.0518072844 0.9979591966 0.0373282880 0.5889530182 -0.0607182048 0.8058831692
-519.1 -536.2 2393.3 0.8070641160 -0.1622155160 -0.5677443743 0.0484706275 0.9764783978 -0.2100963891 0.5884710550 0.1420423239 0.7959433794
-355.9 -116.7 2420.8 -0.5869621038 -0.1591100246 -0.7938258648 -0.2673745751 0.9635818601 0.0045642299 0.7641900182 0.2149278820 -0.6081280112
-293.6 -494.1 2336.6 -0.6180009842 -0.0249318238 -0.7857819200 0.0095278155 0.9991860986 -0.0391962864 0.7861195803 -0.0317101292 -0.6172604561
-536.1 -157.6 2242.3 0 0 0 0 0 0 0 0 0
-375.8 406.1 2325.9 0 0 0 0 0 0 0 0 0
-480.3 -770.0 2359.3 0 0 0 0 0 0 0 0 0
-286.9 -764.1 2345.2 0 0 0 0 0 0 0 0 0
-433.8 505.9 2330.9 9 0.9228088260 0.2205481827 -0.3158834875 -0.2018654048 0.9751641154 0.0911333039 0.3281375170 -0.0203326736 0.9444110990
-490.5 254.9 2336.2 0.9228088260 0.2205481827 -0.3158834875 -0.2018654048 0.9751641154 0.0911333039 0.3281375170 -0.0203326736 0.9444110990
-463.1 63.3 2365.9 0.9384974837 -0.1403423250 -0.3154782355 0.1802647561 0.9784185290 0.1010037661 0.2944946587 -0.1516613811 0.9435421228
-624.3 229.2 2294.2 0.3294819593 -0.6227236986 -0.7096878290 0.8946703076 -0.0342464186 0.4454124272 -0.3016731441 -0.7816919684 0.5458488464
-717.9 -25.1 2380.0 -0.6884834170 -0.6227236986 -0.3717603385 0.4986558855 -0.0342464186 -0.8661232591 0.5266240239 -0.7816919684 0.3341029286
-356.8 280.6 2378.1 0.8003262281 0.5662539601 -0.1970643550 -0.4732289910 0.3947752714 -0.7875320911 -0.3681470156 0.7235391736 0.5839167833
-219.5 199.4 2314.9 -0.6008320451 0.5712611079 0.5591614842 0.7980349064 0.3881641924 0.4609434903 0.0462726280 0.7231799960 -0.6891077757
-526.1 -144.6 2371.1 0.7944754362 -0.0158689097 -0.6070889235 0.0410230085 0.9987775087 0.0275779404 0.6059091687 -0.0468146130 0.7941552401
-519.8 -535.8 2389.4 0.7918570042 -0.1671347320 -0.5873911977 0.0569651499 0.9778432250 -0.2014386952 0.6080439687 0.1260498166 0.7838329077
-354.9 -115.1 2421.1 -0.5982291698 -0.1546634436 -0.7862576246 -0.2683648169 0.9632049203 0.0147166327 0.7550511360 0.2198078036 -0.6177235246
-294.3 -492.4 2335.0 -0.6317438483 -0.0275741220 -0.7746866345 0.0143387541 0.9987804890 -0.0472435057 0.7750446200 -0.0409538336 -0.6305780411
-536.9 -156.2 2241.5 0 0 0 0 0 0 0 0 0
-373.3 403.7 2326.8 0 0 0 0 0 0 0 0 0
-479.9 -769.7 2359.3 0 0 0 0 0 0 0 0 0
-286.8 -765.3 2346.2 0 0 0 0 0 0 0 0 0
-432.2 514.5 2328.6 0 0.9267623425 0.2240303010 -0.3015327752 -0.2022803277 0.9740066528 0.1019497886 0.3165347576 -0.0334890746 0.9479895830
-491.4 257.0 2337.5 0.9267623425 0.2240303010 -0.3015327752 -0.2022803277 0.9740066528 0.1019497886 0.3165347576 -0.0334890746 0.9479895830
-465.5 65.1 2366.9 0.9442265034 -0.1325996667 -0.3014193773 0.1709057093 0.9797435999 0.1043729112 0.2814739048 -0.1500659585 0.9477618933
-626.0 232.6 2297.4 0.3238515556 -0.6265906692 -0.7088754177 0.8984761834 -0.0310561731 0.4379223883 -0.2964130342 -0.7787294984 0.5529192090
-720.6 -29.8 2383.9 -0.6936223507 -0.6265906692 -0.3553479314 0.4778153598 -0.0310561731 -0.8779111505 0.5390551686 -0.7787294984 0.3209358752
-356.9 281.3 2377.6 0.7974803448 0.5703980923 -0.1966498047 -0.4762881398 0.3950857818 -0.7855296731 -0.3703710735 0.7201064229 0.5867469907
-219.7 199.4 2313.8 -0.6034916639 0.5741257668 0.5533329844 0.7958023548 0.3901919723 0.4630861580 0.0499636047 0.7198123336 -0.6923682690
-520.4 -144.6 2369.0 0.8031257987 0.0046111057 -0.5957916379 0.0267328676 0.9986841083 0.0437651202 0.5952094793 -0.0510761142 0.8019456863
-522.2 -535.7 2389.0 0.7958785892 -0.1784012467 -0.5785760283 0.0709213465 0.9764946699 -0.2035394907 0.6012881398 0.1209593341 0.7898236513
-350.8 -112.0 2422.2 -0.5903691649 -0.1458607912 -0.7938443422 -0.2625928819 0.9647383690 0.0180252381 0.7632229328 0.2190994173 -0.6078537703
-293.7 -489.9 2336.4 -0.6208668947 -0.0242533330 -0.7835407257 0.0120807532 0.9991065860 -0.0404984728 0.7838228941 -0.0346099250 -0.6200191975
-538.2 -155.4 2242.2 0 0 0 0 0 0 0 0 0
-374.3 403.2 2326.6 0 0 0 0 0 0 0 0 0
-479.5 -769.4 2360.1 0 0 0 0 0 0 0 0 0
-287.0 -764.6 2345.9 0 0 0 0 0 0 0 0 0
-433.2 511.8 2325.9 1 0.9272571206 0.2277420759 -0.2971999943 -0.2019319236 0.9725928903 0.1152675450 0.3153058589 -0.0468684845 0.9478320479
-493.0 256.5 2338.2 0.9272571206 0.2277420759 -0.2971999943 -0.2019319236 0.9725928903 0.1152675450 0.3153058589 -0.0468684845 0.9478320479
-466.7 64.7 2368.1 0.9452028871 -0.1342328936 -0.2976122797 0.1726440936 0.9791921377 0.1066619158 0.2771020532 -0.1521981508 0.9487097263
-627.7 231.9 2298.8 0.3117036819 -0.6344755292 -0.7073058486 0.9038467407 -0.0316248313 0.4266860485 -0.2930902839 -0.7722957134 0.5636110902
-717.6 -29.0 2383.4 -0.6840707660 -0.6344755292 -0.3598443568 0.4881358445 -0.0316248313 -0.8721945286 0.5420060754 -0.7722957134 0.3313438892
-358.3 281.1 2377.7 0.8062267303 0.5553588271 -0.2038995475 -0.4778582454 0.4081215262 -0.7778742313 -0.3487835228 0.7245780826 0.5944212675
-219.8 199.0 2317.8 -0.6006314754 0.5614935756 0.5691808462 0.7991578579 0.4000183046 0.4487003982 0.0242596287 0.7243689299 -0.6889855862
-524.9 -142.2 2370.9 0.8055467010 -0.0086831255 -0.5924686790 0.0296457708 0.9992309809 0.0256631393 0.5917901993 -0.0382370465 0.8051846623
-521.5 -533.5 2385.8 0.7976540923 -0.1767305583 -0.5766405463 0.0790561289 0.9784920216 -0.1905346662 0.5979114771 0.1063937843 0.7944697738
-354.2 -111.3 2421.7 -0.5867582560 -0.1533123106 -0.7951164246 -0.2622837126 0.9649617076 0.0074914941 0.7661083937 0.2129417807 -0.6064105630
-294.2 -489.3 2338.3 -0.6169042587 -0.0286787506 -0.7865154743 0.0051470287 0.9991675019 -0.0404697657 0.7870213389 -0.0290141907 -0.6162431240
-537.8 -157.4 2240.8 0 0 0 0 0 0 0 0 0
-373.6 403.6 2324.0 0 0 0 0 0 0 0 0 0
-479.0 -768.4 2360.3 0 0 0 0 0 0 0 0 0
-286.3 -764.0 2346.3 0 0 0 0 0 0 0 0 0
-432.4 506.0 2324.6 2 0.9272994995 0.2392514199 -0.2878791988 -0.2141331285 0.9698587656 0.1162798181 0.3070222735 -0.0461817384 0.9505811930
-494.5 254.3 2336.6 0.9272994995 0.2392514199 -0.2878791988 -0.2141331285 0.9698587656 0.1162798181 0.3070222735 -0.0461817384 0.9505811930
-466.4 62.2 2361.6 0.9462912083 -0.1438299417 -0.2895614505 0.1742062569 0.9812989235 0.0818813443 0.2723693848 -0.1279270202 0.9536506534
-629.4 229.5 2297.8 0.3088554442 -0.6263763905 -0.7157240510 0.9053883553 -0.0368826427 0.4229793847 -0.2913421094 -0.7786477208 0.5557224751
-717.5 -28.9 2380.9 -0.6895542145 -0.6263763905 -0.3635486662 0.4920684993 -0.0368826427 -0.8697748184 0.5313977599 -0.7786477208 0.3336526453
-359.7 279.2 2375.4 0.8295361996 0.5235549808 -0.1943191141 -0.4476510584 0.4153605700 -0.7918864489 -0.3338835835 0.7438856363 0.5789265633
-218.5 203.0 2318.6 -0.6151798368 0.5331621170 0.5807683468 0.7882680893 0.4031810164 0.4648424387 0.0136816120 0.7437628508 -0.6683035493
-525.8 -142.7 2372.8 0.8106890321 -0.0096827867 -0.5853968859 0.0307663195 0.9991863370 0.0260797590 0.5846680403 -0.0391530842 0.8103272915
-522.1 -534.0 2388.2 0.8025539517 -0.1813940555 -0.5683338046 0.0801882148 0.9768087268 -0.1985310912 0.5911657810 0.1137582436 0.7984873652
-355.0 -111.5 2422.9 -0.5810549259 -0.1563587040 -0.7987034321 -0.2624024153 0.9649564624 0.0019918222 0.7704026103 0.2107390612 -0.6017215848
-293.7 -489.4 2340.4 -0.6089748740 -0.0242951475 -0.7928173542 0.0009848506 0.9995068908 -0.0313854329 0.7931889296 -0.0198937468 -0.6086506248
-536.2 -158.3 2241.2 0 0 0 0 0 0 0 0 0
-376.0 404.8 2322.1 0 0 0 0 0 0 0 0 0
-478.8 -766.9 2361.0 0 0 0 0 0 0 0 0 0
-287.1 -764.0 2345.8 0 0 0 0 0 0 0 0 0
-432.1 501.1 2325.4 3 0.9550585151 0.1711822599 -0.2419915497 -0.1477494091 0.9826618433 0.1120078862 0.2569696307 -0.0712199733 0.9637916088
-471.3 275.8 2341.8 0.9550585151 0.1711822599 -0.2419915497 -0.1477494091 0.9826618433 0.1120078862 0.2569696307 -0.0712199733 0.9637916088
-464.2 82.4 2363.1 0.9692832232 -0.0370323919 -0.2431433052 0.0618005395 0.9935531616 0.0950409696 0.2380562127 -0.1071480066 0.9653230309
-608.5 267.0 2308.0 0.3275363147 -0.6172646880 -0.7153350711 0.9170784950 0.0255196840 0.3978891969 -0.2273478359 -0.7863415480 0.5744387507
-715.7 -33.2 2382.5 -0.6850106716 -0.6172646880 -0.3869686127 0.4741621912 0.0255196840 -0.8800675869 0.5531099439 -0.7863415480 0.2752023041
-334.2 284.5 2375.5 0.7420302629 0.6033521295 -0.2921596467 -0.5671491623 0.3326696455 -0.7534405589 -0.3573973477 0.7247738242 0.5890416503
-212.5 191.5 2316.9 -0.6061989069 0.5602600574 0.5644745231 0.7943813801 0.3921929896 0.4638349712 0.0384852588 0.7295843363 -0.6828071475
-531.1 -135.2 2364.3 0.8347350359 -0.0255610775 -0.5500582457 0.0527213700 0.9980428815 0.0336279348 0.5481221676 -0.0570702404 0.8344489932
-520.8 -536.4 2387.2 0.8294675350 -0.1745801121 -0.5305708647 0.0847706869 0.9782422781 -0.1893566549 0.5520847440 0.1120883450 0.8262194991
-352.7 -114.2 2411.3 -0.5748824477 -0.1550087184 -0.8034192324 -0.2430961877 0.9699125886 -0.0131851127 0.7812902331 0.1877282560 -0.5952677727
-292.0 -494.0 2337.8 -0.5997682214 -0.0197922401 -0.7999289632 0.0122040948 0.9993515015 -0.0338767990 0.8000807166 -0.0300806370 -0.5991377234
-535.6 -157.8 2237.0 0 0 0 0 0 0 0 0 0
-367.7 394.8 2326.8 0 0 0 0 0 0 0 0 0
-479.4 -768.2 2360.7 0 0 0 0 0 0 0 0 0
-286.6 -765.3 2346.0 0 0 0 0 0 0 0 0 0
-426.0 499.8 2316.9 4 0.9340124130 0.2075596750 -0.2907572687 -0.1626442075 0.9717186689 0.1712008566 0.3180686533 -0.1126137450 0.9413556457
-474.5 272.8 2343.2 0.9340124130 0.2075596750 -0.2907572687 -0.1626442075 0.9717186689 0.1712008566 0.3180686533 -0.1126137450 0.9413556457
-465.2 78.9 2364.0 0.9534658194 -0.0479730144 -0.2976601124 0.0768895373 0.9933059812 0.0862045661 0.2915320992 -0.1050800532 0.9507719278
-609.7 261.9 2301.8 0.3389781415 -0.6049426198 -0.7205125093 0.9077944160 0.0092605595 0.4193131328 -0.2469880432 -0.7962152362 0.5523026586
