-431.2 494.7 2310.4 1 0.9161316752 0.2484646142 -0.3145918548 -0.2039388716 0.9644861817 0.1678550243 0.3451255262 -0.0896198079 0.9342679977
-493.0 254.8 2332.7 0.9161316752 0.2484646142 -0.3145918548 -0.2039388716 0.9644861817 0.1678550243 0.3451255262 -0.0896198079 0.9342679977
-462.9 64.1 2365.8 0.9358158112 -0.1536027938 -0.3172617257 0.1982164830 0.9735868573 0.1133085042 0.2914773524 -0.1689223945 0.9415445924
-626.3 226.5 2291.1 0.4567119181 -0.6171610355 -0.6407234073 0.7996597886 -0.0307927802 0.5996632576 -0.3898184299 -0.7862340808 0.4794554412
-727.7 49.1 2377.6 -0.5134656429 -0.6171610355 -0.5962091088 0.7729097009 -0.0307927802 -0.6337684393 0.3727782369 -0.7862340808 0.4928207695
-359.6 283.0 2374.2 0.8659856319 0.4291456938 -0.2567155063 -0.4054023027 0.3019212186 -0.8628398180 -0.2927761078 0.8512799740 0.4354360998
-206.2 211.2 2322.3 -0.5669890642 0.4291456938 0.7031055093 0.8237011433 0.3019212186 0.4799583256 -0.0063104504 0.8512799740 -0.5246738195
-516.5 -144.8 2372.5 0.7907600403 -0.0035601105 -0.6121159196 0.0297737792 0.9990231991 0.0326527730 0.6114017367 -0.0440455116 0.7900936007
-515.1 -536.1 2389.7 0.7897504568 -0.1446827948 -0.5961216688 0.0367569774 0.9812024236 -0.1894483417 0.6123259664 0.1277052909 0.7802231908
-346.4 -109.3 2422.2 -0.5949123502 -0.1566392332 -0.7883802652 -0.2736660242 0.9617009759 0.0154331485 0.7557686567 0.2249342799 -0.6149945855
-285.0 -485.9 2334.1 -0.6223350763 0.0108956555 -0.7826751471 0.0387117825 0.9991079569 -0.0168725997 0.7817931175 -0.0407991596 -0.6222016811
-592.9 -153.8 2279.8 0 0 0 0 0 0 0 0 0
-351.4 422.1 2320.7 0 0 0 0 0 0 0 0 0
-480.6 -769.7 2359.3 0 0 0 0 0 0 0 0 0
-288.0 -761.1 2345.3 0 0 0 0 0 0 0 0 0
-431.3 496.9 2310.3 2 0.9151213169 0.2643589675 -0.3044129908 -0.2220765054 0.9606782198 0.1666714996 0.3365040421 -0.0849216729 0.9378450513
-497.0 258.1 2331.4 0.9151213169 0.2643589675 -0.3044129908 -0.2220765054 0.9606782198 0.1666714996 0.3365040421 -0.0849216729 0.9378450513
-465.7 67.9 2365.8 0.9381610751 -0.1601651907 -0.3069216311 0.2051368654 0.9713298082 0.1201551110 0.2788774669 -0.1756857932 0.9441196322
-630.7 228.9 2291.7 0.3856858015 -0.6308712959 -0.6732368469 0.8550660610 -0.0296840165 0.5176686645 -0.3465666771 -0.7753194571 0.5279879570
-719.7 31.6 2371.7 -0.5333798528 -0.6308712959 -0.5634778738 0.7422970533 -0.0296840165 -0.6694131494 0.4055872560 -0.7753194571 0.4841267765
-363.3 287.4 2371.2 0.8710724115 0.3912237287 -0.2969458103 -0.4234642982 0.2919346392 -0.8575850725 -0.2488188744 0.8727646470 0.4199654758
-201.8 208.8 2325.0 -0.5787901282 0.3912237287 0.7155039907 0.8153682947 0.2919346392 0.4999487698 -0.0132885808 0.8727646470 -0.4879603088
-517.4 -144.5 2372.5 0.7976494431 -0.0042721909 -0.6031062603 0.0321063437 0.9988577962 0.0353872888 0.6022661924 -0.0475901887 0.7968755364
-515.7 -535.7 2391.1 0.7969763875 -0.1462452710 -0.5860383511 0.0366756395 0.9801720977 -0.1947242916 0.6028959751 0.1336973310 0.7865376472
-348.3 -108.6 2425.2 -0.5834334493 -0.1548895836 -0.7972544432 -0.2784439325 0.9602984786 0.0172006264 0.7629380226 0.2320260853 -0.6033983231
-287.6 -484.8 2334.3 -0.6140462160 -0.0039011564 -0.7892604470 0.0285068825 0.9992256761 -0.0271173846 0.7887551188 -0.0391506813 -0.6134595275
-579.7 -163.3 2265.2 0 0 0 0 0 0 0 0 0
-350.0 417.6 2321.6 0 0 0 0 0 0 0 0 0
-480.8 -769.9 2359.2 0 0 0 0 0 0 0 0 0
-286.5 -763.5 2345.2 0 0 0 0 0 0 0 0 0
-431.5 495.7 2311.3 3 0.9318549037 0.2380892783 -0.2737881243 -0.2038030475 0.9677713513 0.1479286999 0.3001845479 -0.0820492208 0.9503458142
-490.9 254.4 2331.8 0.9318549037 0.2380892783 -0.2737881243 -0.2038030475 0.9677713513 0.1479286999 0.3001845479 -0.0820492208 0.9503458142
-463.0 63.9 2367.3 0.9510631561 -0.1422393620 -0.2743116021 0.1851399392 0.9730693102 0.1373293251 0.2473905534 -0.1813948900 0.9517845511
-626.3 228.1 2296.5 0.3671677709 -0.6144983172 -0.6982690096 0.8784833550 -0.0176338423 0.4774474204 -0.3057037890 -0.7887210250 0.5333519578
-713.5 19.5 2369.1 -0.5641476512 -0.6144983172 -0.5514791608 0.7086794376 -0.0176338423 -0.7053102255 0.4236872494 -0.7887210250 0.4454304278
-355.5 280.8 2367.0 0.8803446293 0.3666813970 -0.3008955121 -0.4103897512 0.2707085907 -0.8708025813 -0.2378520966 0.8900907636 0.3887991309
-198.0 207.4 2324.5 -0.5904094577 0.3666813970 0.7190002799 0.8071007729 0.2707085907 0.5246953368 -0.0022435344 0.8900907636 -0.4557777345
-519.1 -140.8 2375.0 0.8166229725 -0.0118399402 -0.5770500302 0.0219674204 0.9997027516 0.0105756503 0.5767533183 -0.0213126205 0.8166403174
-514.4 -532.3 2383.4 0.8122696877 -0.1393885165 -0.5663821697 0.0562386103 0.9852178693 -0.1618114859 0.5805644989 0.0995820165 0.8081016541
-349.5 -103.8 2425.4 -0.5632482767 -0.1553428471 -0.8115540743 -0.2740356624 0.9617001414 0.0061078845 0.7795228362 0.2258350104 -0.5842454433
-288.6 -480.5 2337.0 -0.5916323066 -0.0063795699 -0.8061826825 0.0227287244 0.9994392395 -0.0245887693 0.8058874607 -0.0328710154 -0.5911555290
-565.4 -166.5 2257.9 0 0 0 0 0 0 0 0 0
-349.2 414.0 2323.9 0 0 0 0 0 0 0 0 0
-480.7 -770.4 2359.3 0 0 0 0 0 0 0 0 0
-286.8 -762.8 2346.3 0 0 0 0 0 0 0 0 0
-431.8 494.8 2309.8 4 0.9402297139 0.2367129475 -0.2448163629 -0.2042957544 0.9672511220 0.1506268829 0.2724542320 -0.0916089192 0.9577977061
-491.0 253.1 2332.7 0.9402297139 0.2367129475 -0.2448163629 -0.2042957544 0.9672511220 0.1506268829 0.2724542320 -0.0916089192 0.9577977061
-463.8 62.2 2366.5 0.9594119787 -0.1385944486 -0.2456017435 0.1754509658 0.9751772285 0.1350788921 0.2207840383 -0.1726873666 0.9599132538
-627.6 228.1 2301.2 0.3464828730 -0.5914390087 -0.7281137109 0.8984254599 -0.0140032945 0.4389027655 -0.2697801888 -0.8062281609 0.5265119076
-711.3 11.2 2366.4 -0.6045112014 -0.5914390087 -0.5336348414 0.6693910956 -0.0140032945 -0.7427782416 0.4318353534 -0.8062281609 0.4043691456
-354.3 278.1 2364.1 0.8848255277 0.3568812311 -0.2995322645 -0.4003852308 0.2536409199 -0.8805441260 -0.2382760197 0.8990561962 0.3673179150
-202.6 209.4 2323.3 -0.5782384276 0.3568812311 0.7336730361 0.8158676028 0.2536409199 0.5196406245 -0.0006395361 0.8990561962 -0.4378327429
-521.0 -143.3 2380.6 0.8328622580 -0.0191619005 -0.5531485081 0.0259232167 0.9996542335 0.0044024233 0.5528728962 -0.0180060007 0.8330710530
-513.5 -534.8 2387.6 0.8284027576 -0.1468273848 -0.5405465364 0.0589183830 0.9825202823 -0.1765855998 0.5570255518 0.1144358739 0.8225733638
-349.2 -109.9 2425.3 -0.5407220125 -0.1648182422 -0.8248967528 -0.2876484692 0.9577319622 -0.0028049960 0.7904922962 0.2357635647 -0.5652765036
-284.7 -485.1 2332.9 -0.5704987645 0.0058849566 -0.8212773800 0.0431140997 0.9988101125 -0.0227920394 0.8201660514 -0.0484114625 -0.5700737238
-552.7 -164.4 2253.1 0 0 0 0 0 0 0 0 0
-350.7 418.4 2323.1 0 0 0 0 0 0 0 0 0
-478.7 -768.1 2360.4 0 0 0 0 0 0 0 0 0
-286.3 -764.5 2346.5 0 0 0 0 0 0 0 0 0
-433.5 493.8 2311.5 5 0.9343637228 0.2468921840 -0.2569215894 -0.2140580118 0.9653598666 0.1491963416 0.2848572135 -0.0844075158 0.9548464417
-494.5 255.2 2332.4 0.9343637228 0.2468921840 -0.2569215894 -0.2140580118 0.9653598666 0.1491963416 0.2848572135 -0.0844075158 0.9548464417
-464.9 64.3 2364.8 0.9541646242 -0.1512750834 -0.2582357526 0.1876711249 0.9745588303 0.1225340515 0.2331296057 -0.1653810591 0.9582795501
-630.4 228.4 2299.2 0.3126515448 -0.5945408940 -0.7407902479 0.9128732085 -0.0274605658 0.4073185921 -0.2625100613 -0.8035963178 0.5341548324
-708.3 1.1 2364.6 -0.6312370896 -0.5945408940 -0.4980571270 0.6350027919 -0.0274605658 -0.7720215917 0.4453214705 -0.8035963178 0.3948692381
-358.6 281.9 2365.6 0.8850297332 0.3514586091 -0.3052855432 -0.4116274714 0.2844763994 -0.8658152223 -0.2174516916 0.8919361234 0.3964400887
-198.2 207.3 2326.2 -0.5846627951 0.3514586091 0.7311950922 0.8107857108 0.2844763994 0.5115659833 -0.0282134861 0.8919361234 -0.4512803853
-523.4 -144.7 2380.5 0.8264499307 -0.0224047713 -0.5625643134 0.0241312329 0.9996992946 -0.0043635508 0.5624929070 -0.0099691143 0.8267419934
-514.6 -536.2 2384.4 0.8198617101 -0.1559851617 -0.5509042144 0.0717670768 0.9825827479 -0.1714077592 0.5680460334 0.1009938642 0.8167765737
-350.1 -113.0 2420.3 -0.5511438251 -0.1640740484 -0.8181199431 -0.2694025636 0.9629573822 -0.0116324583 0.7897232175 0.2139924467 -0.5749300122
-285.8 -490.1 2336.5 -0.5765007734 0.0050165099 -0.8170812130 0.0336897410 0.9992767572 -0.0176350642 0.8164017797 -0.0376938842 -0.5762528181
-542.6 -165.6 2247.7 0 0 0 0 0 0 0 0 0
-347.8 414.8 2319.0 0 0 0 0 0 0 0 0 0
-477.6 -768.9 2360.4 0 0 0 0 0 0 0 0 0
-287.2 -763.2 2346.8 0 0 0 0 0 0 0 0 0
-432.9 495.6 2310.4 6 0.9361188412 0.2479847074 -0.2493693233 -0.2151868194 0.9647371769 0.1515809298 0.2781656086 -0.0882367790 0.9564717412
-495.2 253.3 2332.6 0.9361188412 0.2479847074 -0.2493693233 -0.2151868194 0.9647371769 0.1515809298 0.2781656086 -0.0882367790 0.9564717412
-462.6 62.5 2362.4 0.9534748793 -0.1666556448 -0.2512201667 0.1985860914 0.9741749167 0.1074559689 0.2268242538 -0.1523454040 0.9619467854
-631.1 225.0 2300.2 0.3082388639 -0.5897395015 -0.7464557290 0.9163303971 -0.0267597176 0.3995279074 -0.2555923164 -0.8071500659 0.5321478248
-706.8 -0.3 2363.1 -0.6425971985 -0.5897395015 -0.4891586900 0.6209152341 -0.0267597176 -0.7834208608 0.4489244521 -0.8071500659 0.3833739460
-359.4 281.6 2364.9 0.8804638982 0.3632874191 -0.3046401143 -0.4069875479 0.2495391816 -0.8786872625 -0.2431963831 0.8976371288 0.3675636947
-202.0 208.8 2321.4 -0.5766211152 0.3632874191 0.7317993641 0.8169877529 0.2495391816 0.5198664665 0.0062483251 0.8976371288 -0.4406909347
-521.4 -143.5 2376.2 0.8311818838 -0.0135209002 -0.5558362007 0.0264595542 0.9995335340 0.0152528910 0.5553706884 -0.0273851044 0.8311519027
-516.1 -534.9 2386.9 0.8245963454 -0.1606727093 -0.5424252152 0.0721980259 0.9808683991 -0.1807890683 0.5610955954 0.1099159718 0.8204207420
-349.0 -109.6 2418.3 -0.5439693928 -0.1625658125 -0.8232069016 -0.2642619610 0.9643213153 -0.0158104338 0.7964062691 0.2089418918 -0.5675212741
-285.4 -487.2 2336.5 -0.5668479204 0.0083901873 -0.8237797618 0.0327862129 0.9993857145 -0.0123816635 0.8231697679 -0.0340271369 -0.5667747855
-538.0 -163.4 2245.1 0 0 0 0 0 0 0 0 0
-349.6 417.9 2323.0 0 0 0 0 0 0 0 0 0
-477.9 -768.3 2360.7 0 0 0 0 0 0 0 0 0
-287.7 -763.7 2345.9 0 0 0 0 0 0 0 0 0
-432.1 493.9 2311.3 7 0.9415386319 0.2398195416 -0.2366253287 -0.2086167932 0.9665089846 0.1494639218 0.2645448744 -0.0913620517 0.9600359201
-491.8 253.2 2334.1 0.9415386319 0.2398195416 -0.2366253287 -0.2086167932 0.9665089846 0.1494639218 0.2645448744 -0.0913620517 0.9600359201
-462.0 61.9 2364.0 0.9592314363 -0.1520205736 -0.2382537127 0.1829394847 0.9765591025 0.1134262085 0.2154257149 -0.1523879915 0.9645566940
-628.4 227.1 2303.4 0.3118751943 -0.5891467333 -0.7454126477 0.9194490314 -0.0105971573 0.3930663764 -0.2394730151 -0.8079565763 0.5383853912
-706.5 -2.9 2363.3 -0.6342315078 -0.5891467333 -0.5006561279 0.6256153584 -0.0105971573 -0.7800596952 0.4542641044 -0.8079565763 0.3753002882
-355.1 279.2 2364.8 0.8786951303 0.3754496574 -0.2948431075 -0.4022920728 0.2498510629 -0.8807585239 -0.2570136189 0.8925312161 0.3705833256
-204.8 210.4 2320.8 -0.5712100863 0.3754496574 0.7299017310 0.8207363486 0.2498510629 0.5137765408 0.0105304951 0.8925312161 -0.4508626461
-516.1 -146.2 2371.8 0.8378477097 -0.0073351832 -0.5458547473 0.0225773603 0.9995198250 0.0212230999 0.5454369187 -0.0301056840 0.8376110196
-513.3 -537.7 2383.5 0.8313180804 -0.1498425305 -0.5352172256 0.0725753307 0.9839932323 -0.1627579480 0.5510381460 0.0964600593 0.8288862109
-343.8 -110.3 2412.8 -0.5411956906 -0.1435228884 -0.8285580277 -0.2394645810 0.9708339572 -0.0117549943 0.8060793281 0.1920485348 -0.5597798228
-287.6 -490.4 2337.6 -0.5620882511 -0.0039317152 -0.8270679116 0.0247162730 0.9994622469 -0.0215488095 0.8267078400 -0.0325543694 -0.5616888404
-539.7 -167.4 2243.9 0 0 0 0 0 0 0 0 0
-351.0 420.5 2323.5 0 0 0 0 0 0 0 0 0
-478.0 -769.1 2360.9 0 0 0 0 0 0 0 0 0
-286.6 -762.9 2346.4 0 0 0 0 0 0 0 0 0
-432.5 492.6 2311.3 8 0.9420176744 0.2459834665 -0.2282428890 -0.2166449726 0.9652521014 0.1461279243 0.2562569678 -0.0882074162 0.9625756145
-493.5 253.3 2333.2 0.9420176744 0.2459834665 -0.2282428890 -0.2166449726 0.9652521014 0.1461279243 0.2562569678 -0.0882074162 0.9625756145
-465.2 62.2 2365.5 0.9626205564 -0.1444246024 -0.2291357815 0.1771071851 0.9756924510 0.1290633231 0.2049261332 -0.1648205966 0.9648002386
-630.7 228.1 2304.0 0.3704754114 -0.5917890668 -0.7159145474 0.8828169107 -0.0152718686 0.4694689810 -0.2887599766 -0.8059481978 0.5167835355
-719.6 16.0 2373.3 -0.6227332950 -0.5917890668 -0.5118485093 0.6435221434 -0.0152718686 -0.7652751207 0.4450645745 -0.8059481978 0.3903396726
-356.3 278.5 2362.4 0.8891439438 0.3393799961 -0.3069922626 -0.4004625976 0.2523622811 -0.8808762431 -0.2214785218 0.9061647058 0.3602953851
-198.6 207.5 2323.1 -0.5828905702 0.3393799961 0.7382816672 0.8125115633 0.2523622811 0.5254886150 -0.0079741245 0.9061647058 -0.4228497446
-518.9 -145.8 2374.4 0.8425549269 -0.0064129415 -0.5385722518 0.0215390660 0.9995304346 0.0217945073 0.5381795764 -0.0299634133 0.8422974348
-516.4 -537.3 2386.1 0.8339759707 -0.1653209627 -0.5264533162 0.0819169730 0.9805852771 -0.1781630367 0.5456864238 0.1054582372 0.8313271403
-345.6 -112.8 2413.3 -0.5341082811 -0.1474665999 -0.8324553370 -0.2403590083 0.9705225229 -0.0177089628 0.8105281591 0.1906296462 -0.5538090467
-287.8 -492.9 2338.6 -0.5536431670 -0.0003081864 -0.8327539563 0.0231073443 0.9996091723 -0.0157324858 0.8324333429 -0.0279529151 -0.5534197092
-555.9 -153.1 2256.3 0 0 0 0 0 0 0 0 0
-347.8 415.5 2321.1 0 0 0 0 0 0 0 0 0
-477.5 -768.3 2361.3 0 0 0 0 0 0 0 0 0
-287.7 -764.1 2346.2 0 0 0 0 0 0 0 0 0
-431.3 492.5 2309.8 9 0.9358866215 0.2518889904 -0.2463091612 -0.2171964049 0.9630006552 0.1595477313 0.2773841918 -0.0958211273 0.9559687972
-493.6 254.2 2333.5 0.9358866215 0.2518889904 -0.2463091612 -0.2171964049 0.9630006552 0.1595477313 0.2773841918 -0.0958211273 0.9559687972
-464.4 63.6 2367.2 0.9572072625 -0.1495286375 -0.2477810681 0.1861882508 0.9736474156 0.1316992342 0.2215585858 -0.1721973866 0.9598228335
-630.0 227.7 2301.9 0.3615070879 -0.5951547623 -0.7177070379 0.8911507726 -0.0057886238 0.4536703825 -0.2741586268 -0.8035902381 0.5282800198
-716.0 15.6 2367.2 -0.6029295921 -0.5951547623 -0.5312877297 0.6643247604 -0.0057886238 -0.7474216223 0.4417561293 -0.8035902381 0.3988662064
-357.3 280.8 2365.1 0.8826521039 0.3555027544 -0.3074785471 -0.4069280326 0.2505767643 -0.8784195185 -0.2352335602 0.9004604816 0.3658361435
-203.2 209.7 2324.0 -0.5741188526 0.3555027544 0.7375671864 0.8187711239 0.2505767643 0.5165511966 -0.0011818376 0.9004604816 -0.4349362254
-523.9 -144.8 2379.2 0.8325353861 -0.0195513796 -0.5536267757 0.0219841115 0.9997557998 -0.0022471016 0.5535354614 -0.0103002004 0.8327618837
-516.3 -536.3 2383.3 0.8237372041 -0.1665319353 -0.5419632196 0.0834690258 0.9810950756 -0.1746006310 0.5607940555 0.0985878855 0.8220647573
-349.9 -112.8 2416.3 -0.5435373187 -0.1645819396 -0.8230917454 -0.2604791224 0.9652511477 -0.0209973883 0.7979460359 0.2029853463 -0.5675201416
-285.5 -490.8 2336.8 -0.5665591955 0.0068819351 -0.8239923120 0.0348858945 0.9992688894 -0.0156409480 0.8232822418 -0.0376072340 -0.5663850307
-557.6 -159.0 2251.0 0 0 0 0 0 0 0 0 0
-350.2 419.3 2323.7 0 0 0 0 0 0 0 0 0
-476.7 -769.5 2359.9 0 0 0 0 0 0 0 0 0
-287.3 -762.8 2347.1 0 0 0 0 0 0 0 0 0
-431.9 494.3 2309.5 0 0.9188209176 0.2239106447 -0.3250109851 -0.1731620431 0.9687050581 0.1778354049 0.3546590209 -0.1071193293 0.9288392663
-487.2 254.8 2336.0 0.9188209176 0.2239106447 -0.3250109851 -0.1731620431 0.9687050581 0.1778354049 0.3546590209 -0.1071193293 0.9288392663
-463.5 64.2 2373.5 0.9372364283 -0.1216549128 -0.3267843127 0.1766438037 0.9736618996 0.1441508979 0.3006407619 -0.1928278953 0.9340409636
-620.3 229.6 2293.3 0.3586413860 -0.5919163227 -0.7218111753 0.8907123804 -0.0143629042 0.4543403685 -0.2792987823 -0.8058714271 0.5220760703
-709.9 7.0 2363.1 -0.6119049191 -0.5919163227 -0.5246021748 0.6587761641 -0.0143629042 -0.7522018552 0.4377057850 -0.8058714271 0.3987291157
-354.1 280.0 2378.7 0.8674466014 0.4377444685 -0.2364659160 -0.4029542208 0.3393526375 -0.8499810100 -0.2918291688 0.8325980902 0.4707612693
-198.8 207.9 2326.5 -0.5878250003 0.4377444685 0.6803246140 0.8087265491 0.3393526375 0.4804176688 -0.0205697659 0.8325980902 -0.5534955263
-521.6 -143.9 2381.0 0.7826437354 -0.0057240031 -0.6224436164 0.0190266073 0.9997104406 0.0147301843 0.6221790910 -0.0233714767 0.7825260162
-519.4 -535.4 2390.1 0.7760426998 -0.1754368842 -0.6057884097 0.0595319122 0.9766197205 -0.2065668702 0.6278643608 0.1242409721 0.7683427334
-348.6 -110.3 2421.0 -0.6091837287 -0.1617558748 -0.7763569951 -0.2669925988 0.9636591077 0.0087202312 0.7467329502 0.2125937939 -0.6302331090
-285.2 -487.7 2337.8 -0.6345868707 0.0110342242 -0.7727727294 0.0315116607 0.9994360209 -0.0116061112 0.7722088099 -0.0317164399 -0.6345766783
-549.0 -166.2 2248.0 0 0 0 0 0 0 0 0 0
-349.2 414.9 2321.2 0 0 0 0 0 0 0 0 0
-477.4 -768.8 2360.4 0 0 0 0 0 0 0 0 0
-288.3 -762.7 2346.5 0 0 0 0 0 0 0 0 0
-431.6 495.0 2309.9 1 0.9144410491 0.2192406356 -0.3401926756 -0.1645994633 0.9693720341 0.1822768301 0.3697357774 -0.1106858924 0.9225205183
-485.6 256.3 2337.2 0.9144410491 0.2192406356 -0.3401926756 -0.1645994633 0.9693720341 0.1822768301 0.3697357774 -0.1106858924 0.9225205183
-463.2 65.1 2372.7 0.9323905110 -0.1145420149 -0.3428236842 0.1690072566 0.9765485525 0.1333773732 0.3195066452 -0.1822994798 0.9298830032
-618.2 232.2 2291.7 0.4332182109 -0.5865545869 -0.6843066812 0.8348397017 -0.0249770768 0.5499262214 -0.3396537304 -0.8095244169 0.4788585603
-725.0 26.4 2375.4 -0.6175820827 -0.5865545869 -0.5239714384 0.6604361534 -0.0249770768 -0.7504667044 0.4271024466 -0.8095244169 0.4028072655
-353.0 280.4 2382.6 0.8515497446 0.4794306755 -0.2121539116 -0.4022283554 0.3378883898 -0.8509076238 -0.3362668753 0.8099244833 0.4805693626
-202.6 209.4 2323.2 -0.5777915120 0.4794306755 0.6605324745 0.8161829710 0.3378883898 0.4686969221 0.0015214335 0.8099244833 -0.5865321755
-524.3 -142.5 2384.0 0.7713869810 -0.0123289945 -0.6362469196 0.0248181056 0.9996345043 0.0107189110 0.6358822584 -0.0240588710 0.7714110017
-519.5 -534.0 2393.4 0.7680387497 -0.1695635021 -0.6175473332 0.0450536907 0.9762272239 -0.2120153755 0.6388165951 0.1350132376 0.7574198246
-355.5 -110.5 2438.2 -0.6154089570 -0.1786545068 -0.7676942348 -0.3188865185 0.9471384287 0.0352159254 0.7208212018 0.2664795220 -0.6398479939
-285.6 -480.8 2334.0 -0.6546588540 0.0093379207 -0.7558667660 0.0379341133 0.9990696907 -0.0205124374 0.7549720407 -0.0421017855 -0.6544040442
-562.6 -147.3 2263.1 0 0 0 0 0 0 0 0 0
-350.5 418.3 2323.6 0 0 0 0 0 0 0 0 0
-478.4 -770.5 2360.7 0 0 0 0 0 0 0 0 0
-288.3 -764.3 2345.9 0 0 0 0 0 0 0 0 0
-431.7 495.7 2309.6 2 0.9107615352 0.2384946644 -0.3370959163 -0.1864208579 0.9658960700 0.1796999127 0.3684571087 -0.1008220688 0.9241613746
-491.3 254.4 2334.8 0.9107615352 0.2384946644 -0.3370959163 -0.1864208579 0.9658960700 0.1796999127 0.3684571087 -0.1008220688 0.9241613746
-463.8 63.9 2370.1 0.9298579097 -0.1407986134 -0.3399117589 0.1926524937 0.9734256864 0.1238040924 0.3134473860 -0.1806050688 0.9322727919
-623.6 227.0 2290.1 0.5106220245 -0.6104885340 -0.6054493189 0.7518409491 -0.0245954990 0.6588855982 -0.4171334207 -0.7916431427 0.4464312792
-741.5 53.5 2386.4 -0.5872117877 -0.6104885340 -0.5314942002 0.6847892404 -0.0245954990 -0.7283259630 0.4315623045 -0.7916431427 0.4324987531
-359.0 281.9 2379.4 0.8650316000 0.4407245517 -0.2397544235 -0.4008359611 0.3196800053 -0.8585658073 -0.3017463386 0.8387887478 0.4531915486
-196.4 206.6 2322.7 -0.5942906737 0.4407245517 0.6727409959 0.8042297959 0.3196800053 0.5010181069 0.0057491483 0.8387887478 -0.5444266200
-525.0 -141.4 2379.5 0.7750317454 -0.0188641883 -0.6316406727 0.0335173421 0.9993745089 0.0112795383 0.6310328245 -0.0299129169 0.7751792073
-517.6 -532.8 2391.2 0.7740455866 -0.1552706659 -0.6137951016 0.0398406722 0.9794856310 -0.1975364238 0.6318750978 0.1284481883 0.7643526196
-356.7 -110.8 2437.1 -0.6046116352 -0.1831530035 -0.7751772404 -0.3232243955 0.9458895922 0.0286163222 0.7279909253 0.2678579390 -0.6310953498
-285.1 -481.0 2332.3 -0.6464191079 0.0061338744 -0.7629578710 0.0419366099 0.9987416863 -0.0275014807 0.7618291378 -0.0497733504 -0.6458629370
-587.1 -126.5 2273.0 0 0 0 0 0 0 0 0 0
-348.5 412.4 2324.2 0 0 0 0 0 0 0 0 0
-479.8 -771.2 2359.9 0 0 0 0 0 0 0 0 0
-286.8 -765.3 2346.5 0 0 0 0 0 0 0 0 0
-430.7 496.0 2310.9 3 0.9167230129 0.2337761521 -0.3239870369 -0.1862836629 0.9674975872 0.1710171402 0.3534363806 -0.0964218602 0.9304759502
-488.9 255.2 2334.9 0.9167230129 0.2337761521 -0.3239870369 -0.1862836629 0.9674975872 0.1710171402 0.3534363806 -0.0964218602 0.9304759502
-461.9 64.5 2370.4 0.9351982474 -0.1380652189 -0.3261015117 0.1884275228 0.9736925960 0.1281319261 0.2998320460 -0.1812752634 0.9366109371
-622.1 228.3 2292.2 0.5570399761 -0.5954120755 -0.5789567232 0.7193971276 -0.0023639272 0.6945949793 -0.4149388671 -0.8034170270 0.4270209074
-746.1 68.2 2384.6 -0.5479528308 -0.5954120755 -0.5875646472 0.7325205803 -0.0023639272 -0.6807407737 0.4039323032 -0.8034170270 0.4374469221
-355.7 282.0 2377.6 0.8608468771 0.4433132708 -0.2498318553 -0.4095074534 0.3120827675 -0.8572677374 -0.3020699620 0.8402842879 0.4501955509
-202.0 208.9 2323.7 -0.5791509151 0.4433132708 0.6841473579 0.8152156472 0.3120827675 0.4878809452 0.0027735028 0.8402842879 -0.5421389341
-520.2 -144.1 2377.0 0.7840012908 -0.0127320513 -0.6206286550 0.0304454826 0.9993751049 0.0179579258 0.6200121641 -0.0329743735 0.7838990092
-515.2 -535.6 2390.0 0.7830690742 -0.1473487616 -0.6042277217 0.0367592201 0.9807960987 -0.1915404946 0.6208474636 0.1277785003 0.7734475136
-352.3 -109.3 2433.7 -0.5986216068 -0.1650801450 -0.7838371396 -0.3036302924 0.9522746801 0.0313305184 0.7412562370 0.2567518353 -0.6201755404
-287.7 -482.1 2333.2 -0.6355023980 0.0004943705 -0.7720987201 0.0344925597 0.9990196228 -0.0277506225 0.7713280320 -0.0442672484 -0.6348963976
-602.4 -124.0 2278.6 0 0 0 0 0 0 0 0 0
-350.3 417.6 2324.4 0 0 0 0 0 0 0 0 0
-480.0 -769.5 2359.5 0 0 0 0 0 0 0 0 0
-287.8 -764.7 2345.7 0 0 0 0 0 0 0 0 0
-430.9 495.3 2311.1 4 0.9209758639 0.2307729721 -0.3139224648 -0.1846526414 0.9680100083 0.1698824316 0.3430843353 -0.0984909981 0.9341266751
-488.2 254.9 2335.6 0.9209758639 0.2307729721 -0.3139224648 -0.1846526414 0.9680100083 0.1698824316 0.3430843353 -0.0984909981 0.9341266751
-460.8 64.2 2371.1 0.9384636283 -0.1398708671 -0.3157881796 0.1888289750 0.9733622074 0.1300368607 0.2891879082 -0.1816648245 0.9398767352
-621.9 228.0 2294.4 0.5812277794 -0.5961080194 -0.5539218783 0.6916809082 0.0033286649 0.7221955657 -0.4286627471 -0.8028973341 0.4142512679
-751.0 74.3 2389.6 -0.5334751606 -0.5961080194 -0.6000495553 0.7457003593 0.0033286649 -0.6662731171 0.3991681337 -0.8028973341 0.4427422285
-354.5 281.8 2376.8 0.8602542877 0.4436849356 -0.2512094676 -0.4101636708 0.3095409274 -0.8578754067 -0.3028667867 0.8410279751 0.4482673705
-204.8 210.4 2324.1 -0.5725874305 0.4436849356 0.6894108653 0.8198436499 0.3095409274 0.4817062020 0.0003249053 0.8410279751 -0.5409914851
-519.4 -143.2 2378.8 0.7908568382 -0.0100494660 -0.6119186878 0.0229545943 0.9996486902 0.0132499021 0.6115705967 -0.0245251209 0.7908096910
-515.4 -534.7 2388.4 0.7881169319 -0.1481278837 -0.5974360704 0.0421077050 0.9813121557 -0.1877588332 0.6140835881 0.1228192449 0.7796260118
-350.4 -109.1 2433.0 -0.5922238827 -0.1600975841 -0.7897085547 -0.2919064164 0.9561181664 0.0250747669 0.7510402799 0.2453708798 -0.6129695177
-287.7 -483.5 2336.9 -0.6249284148 -0.0025058917 -0.7806780338 0.0246549267 0.9994326830 -0.0229442026 0.7802926302 -0.0335860439 -0.6245121360
-610.9 -121.6 2284.7 0 0 0 0 0 0 0 0 0
-351.4 420.3 2324.1 0 0 0 0 0 0 0 0 0
-480.0 -769.6 2359.0 0 0 0 0 0 0 0 0 0
-287.0 -763.6 2346.3 0 0 0 0 0 0 0 0 0
-432.6 496.6 2311.2 5 0.9234127998 0.2316316664 -0.3060319126 -0.1891984493 0.9684610367 0.1621333063 0.3339352012 -0.0918152034 0.9381136894
-490.4 254.9 2334.1 0.9234127998 0.2316316664 -0.3060319126 -0.1891984493 0.9684610367 0.1621333063 0.3339352012 -0.0918152034 0.9381136894
-461.3 64.4 2369.3 0.9398546815 -0.1486798972 -0.3075181842 0.1954995692 0.9723989964 0.1273583174 0.2800947726 -0.1798179895 0.9429805875
-624.3 227.0 2294.2 0.5968635678 -0.6105582118 -0.5205502510 0.6565333605 -0.0012908417 0.7542958856 -0.4612134993 -0.7919703126 0.4000813663
-758.2 79.7 2397.7 -0.5291661024 -0.6105582118 -0.5892384052 0.7446787357 -0.0012908417 -0.6674218774 0.4067392647 -0.7919703126 0.4553527832
-356.5 282.7 2374.0 0.8680498004 0.4183057249 -0.2674131989 -0.4136411250 0.3114646375 -0.8555061817 -0.2745733857 0.8532350659 0.4433952868
-197.8 207.1 2323.8 -0.5906578302 0.4183057249 0.6900315881 0.8069067597 0.3114646375 0.5018876791 -0.0049779504 0.8532350659 -0.5215027332
-518.2 -143.4 2380.6 0.7966939807 -0.0133794742 -0.6042347550 0.0230271183 0.9997010231 0.0082254345 0.6039440632 -0.0204669405 0.7967638969
-513.0 -535.0 2388.6 0.7945652008 -0.1391208470 -0.5910258293 0.0387964770 0.9830402136 -0.1792393029 0.6059381366 0.1194875911 0.7864869237
-348.6 -109.3 2432.8 -0.5819100142 -0.1587096006 -0.7976164818 -0.3013132215 0.9530472159 0.0301892590 0.7553747892 0.2578998208 -0.6024090052
-286.5 -482.5 2331.8 -0.6175513864 0.0051057944 -0.7865139842 0.0435449295 0.9986671805 -0.0277073793 0.7853242159 -0.0513594262 -0.6169506311
-619.1 -116.0 2290.8 0 0 0 0 0 0 0 0 0
-349.0 413.7 2322.6 0 0 0 0 0 0 0 0 0
-479.6 -770.9 2359.9 0 0 0 0 0 0 0 0 0
-287.9 -765.0 2346.4 0 0 0 0 0 0 0 0 0
-432.0 495.6 2311.2 6 0.9235697985 0.2528450787 -0.2882502973 -0.2161543518 0.9642572403 0.1532490253 0.3166957200 -0.0792296082 0.9452124238
-496.2 250.7 2331.4 0.9235697985 0.2528450787 -0.2882502973 -0.2161543518 0.9642572403 0.1532490253 0.3166957200 -0.0792296082 0.9452124238
-465.0 61.6 2371.6 0.9442359209 -0.1591972560 -0.2882269621 0.2097251266 0.9655994773 0.1537303030 0.2538383603 -0.2056061029 0.9451413751
-630.7 220.8 2295.2 0.5960945487 -0.6059548855 -0.5267731547 0.6531242132 -0.0156616550 0.7570887804 -0.4670118093 -0.7953448296 0.3864279985
-753.6 86.2 2391.5 -0.4994182289 -0.6059548855 -0.6191931367 0.7857095003 -0.0156616550 -0.6183973551 0.3650233150 -0.7953448296 0.4839262366
-361.7 280.5 2367.5 0.8848705888 0.3658456504 -0.2883764207 -0.3959246278 0.2644557357 -0.8793786764 -0.2454540581 0.8923116922 0.3788564205
-194.2 205.6 2321.0 -0.6000663638 0.3658456504 0.7113911510 0.7999000549 0.2644557357 0.5387235284 0.0089581832 0.8923116922 -0.4513309598
-517.1 -143.7 2379.2 0.8095245361 -0.0065427530 -0.5870495439 0.0227349382 0.9995372295 0.0202108417 0.5866456628 -0.0297077093 0.8092986941
-514.5 -535.2 2390.8 0.8069066405 -0.1459770501 -0.5723568201 0.0412977375 0.9805522561 -0.1918640435 0.5892335176 0.1311793327 0.7972426414
-347.2 -108.4 2429.8 -0.5618117452 -0.1552313566 -0.8125704527 -0.2928780019 0.9559432268 0.0198751241 0.7736859918 0.2491500974 -0.5825240016
-286.4 -482.7 2332.3 -0.5947098136 0.0033244973 -0.8039335608 0.0424292274 0.9987276196 -0.0272569917 0.8028200269 -0.0503202789 -0.5940941572
-622.6 -120.0 2295.7 0 0 0 0 0 0 0 0 0
-347.9 410.4 2323.3 0 0 0 0 0 0 0 0 0
-479.7 -769.2 2359.5 0 0 0 0 0 0 0 0 0
-287.4 -764.9 2346.5 0 0 0 0 0 0 0 0 0
-431.4 496.4 2309.3 7 0.9111287594 0.2714031935 -0.3101364970 -0.2246102840 0.9579679370 0.1784590632 0.3455351889 -0.0929393321 0.9337921143
-499.6 255.7 2332.6 0.9111287594 0.2714031935 -0.3101364970 -0.2246102840 0.9579679370 0.1784590632 0.3455351889 -0.0929393321 0.9337921143
-467.0 65.8 2367.3 0.9350711703 -0.1655381024 -0.3134311140 0.2114589810 0.9701823592 0.1184535846 0.2844767570 -0.1770403534 0.9421941042
-632.7 225.7 2292.1 0.5531965494 -0.6049759388 -0.5726934075 0.7024884224 -0.0307266731 0.7110315561 -0.4477539361 -0.7956506610 0.4079906940
-746.8 80.8 2384.4 -0.4730017781 -0.6049759388 -0.6405259371 0.8177036047 -0.0307266731 -0.5748188496 0.3280703127 -0.7956506610 0.5092247725
-366.4 285.7 2373.1 0.8775988817 0.3875232935 -0.2822160125 -0.4084419608 0.2962054312 -0.8633872271 -0.2509887516 0.8729765415 0.4182303250
-192.6 204.8 2323.4 -0.6044353247 0.3875232935 0.6960485578 0.7966517210 0.2962054312 0.5268855691 -0.0019929421 0.8729765415 -0.4877581298
-519.1 -146.3 2388.9 0.7944095731 -0.0161993299 -0.6071663499 0.0095843906 0.9998541474 -0.0141362166 0.6073067784 0.0054106261 0.7944489717
-512.7 -537.7 2386.8 0.7904108763 -0.1384732276 -0.5967208743 0.0408484265 0.9838618636 -0.1742045432 0.6112135649 0.1133180633 0.7833115458
-348.5 -108.5 2434.7 -0.5813117623 -0.1554795355 -0.7986881733 -0.3020710647 0.9526644349 0.0344034657 0.7555327415 0.2612597048 -0.6007608771
-287.6 -481.6 2332.4 -0.6190277934 -0.0040756287 -0.7853584886 0.0372663438 0.9987077117 -0.0345565304 0.7844843864 -0.0506588928 -0.6180759668
-622.7 -133.7 2298.4 0 0 0 0 0 0 0 0 0
-347.4 408.8 2322.9 0 0 0 0 0 0 0 0 0
-480.0 -770.1 2360.0 0 0 0 0 0 0 0 0 0
-286.4 -764.4 2346.7 0 0 0 0 0 0 0 0 0
-430.9 496.7 2308.8 8 0.9122011662 0.2737651467 -0.3048634231 -0.2269924283 0.9570716619 0.1802450567 0.3411209583 -0.0952180624 0.9351844788
-502.4 246.5 2333.7 0.9122011662 0.2737651467 -0.3048634231 -0.2269924283 0.9570716619 0.1802450567 0.3411209583 -0.0952180624 0.9351844788
-465.9 57.3 2368.1 0.9329727888 -0.1863758564 -0.3079380691 0.2302463651 0.9666002393 0.1125636846 0.2766738534 -0.1759204715 0.9447240829
-635.3 213.7 2294.2 0.5260105729 -0.6282018423 -0.5733020902 0.7205317020 -0.0289498847 0.6928173900 -0.4518261850 -0.7775116563 0.4374113977
-741.0 69.0 2385.0 -0.4656487107 -0.6282018423 -0.6233246922 0.8145709634 -0.0289498847 -0.5793409944 0.3458979130 -0.7775116563 0.5251954794
-369.5 279.2 2373.1 0.8958028555 0.3529641926 -0.2700990736 -0.3756621778 0.2765333951 -0.8845378160 -0.2375187725 0.8938375115 0.3803147078
-193.3 205.3 2326.3 -0.6035137773 0.3529641926 0.7149736881 0.7973088622 0.2765333951 0.5364959240 -0.0083502680 0.8938375115 -0.4483132064
-519.0 -143.1 2376.2 0.7990188003 -0.0103691965 -0.6012166142 0.0271900669 0.9994516373 0.0188981220 0.6006909609 -0.0314470753 0.7988625765
-514.9 -534.2 2388.5 0.7963374257 -0.1452480257 -0.5871539116 0.0463618003 0.9825407267 -0.1801784337 0.6030731797 0.1162613183 0.7891679406
-350.0 -105.0 2427.6 -0.5720584393 -0.1556544900 -0.8053078651 -0.2948862910 0.9552092552 0.0248471275 0.7653699517 0.2516882718 -0.5923358798
-289.1 -479.2 2329.0 -0.6108109355 -0.0102238553 -0.7917104959 0.0420525111 0.9980864525 -0.0453327633 0.7906589508 -0.0609831624 -0.6092121601
-618.7 -145.0 2294.2 0 0 0 0 0 0 0 0 0
-347.8 409.5 2324.2 0 0 0 0 0 0 0 0 0
-480.2 -768.9 2360.8 0 0 0 0 0 0 0 0 0
-286.2 -763.6 2346.4 0 0 0 0 0 0 0 0 0
-432.4 496.1 2311.5 9 0.9031516910 0.2834272087 -0.3224686086 -0.2328845561 0.9544293284 0.1866263896 0.3606685102 -0.0934539884 0.9280003309
-504.1 254.8 2335.1 0.9031516910 0.2834272087 -0.3224686086 -0.2328845561 0.9544293284 0.1866263896 0.3606685102 -0.0934539884 0.9280003309
-468.6 66.1 2373.5 0.9280339479 -0.1810588092 -0.3255313933 0.2333623320 0.9637635350 0.1292357296 0.2903360128 -0.1959019154 0.9366576076
-636.3 221.6 2293.8 0.4982931316 -0.6378744245 -0.5872139335 0.7464720607 -0.0288650375 0.6647903919 -0.4410027266 -0.7695992589 0.4617722034
-743.0 61.7 2388.2 -0.4930112660 -0.6378744245 -0.5916553736 0.7830084562 -0.0288650375 -0.6213409305 0.3792593479 -0.7695992589 0.5136918426
-371.9 288.1 2376.5 0.8761700392 0.3965454400 -0.2740032673 -0.4047071338 0.2964731455 -0.8650524616 -0.2617980242 0.8688241243 0.4202456474
-200.2 208.8 2325.2 -0.5822198391 0.3965454400 0.7097688317 0.8129476309 0.2964731455 0.5012183785 -0.0116715282 0.8688241243 -0.4949831963
-513.6 -152.7 2377.5 0.7876480222 0.0004013733 -0.6161253452 0.0128371753 0.9997720122 0.0170622040 0.6159917712 -0.0213483199 0.7874632478
-513.8 -544.1 2385.9 0.7827925086 -0.1487132162 -0.6042518020 0.0483180285 0.9826183319 -0.1792387664 0.6204040647 0.1111105084 0.7763718367
-345.1 -111.2 2427.5 -0.5866802931 -0.1457208991 -0.7966000438 -0.2830047011 0.9585478306 0.0330816433 0.7587585449 0.2448499203 -0.6036008000
-288.0 -486.6 2331.6 -0.6209594607 -0.0055269739 -0.7838231921 0.0378739163 0.9985955954 -0.0370458253 0.7829271555 -0.0526904091 -0.6198780537
-613.6 -143.8 2288.7 0 0 0 0 0 0 0 0 0
-349.3 416.9 2322.2 0 0 0 0 0 0 0 0 0
-479.7 -769.2 2360.4 0 0 0 0 0 0 0 0 0
-286.4 -765.4 2346.3 0 0 0 0 0 0 0 0 0
-431.4 495.3 2311.9 0 0.9135192633 0.2760356665 -0.2988090515 -0.2328150421 0.9571166635 0.1724088639 0.3335861266 -0.0879315734 0.9386097789
-500.5 255.9 2333.9 0.9135192633 0.2760356665 -0.2988090515 -0.2328150421 0.9571166635 0.1724088639 0.3335861266 -0.0879315734 0.9386097789
-465.8 66.8 2371.0 0.9370528460 -0.1770423949 -0.3009783328 0.2243111283 0.9657710791 0.1302716881 0.2676125765 -0.1895842552 0.9446911216
-633.9 223.9 2295.8 0.5193352699 -0.6083041430 -0.6002141237 0.7461688519 -0.0195821673 0.6654687524 -0.4165608585 -0.7934624553 0.4437278509
-743.8 66.1 2383.9 -0.5112116337 -0.6083041430 -0.6071480513 0.7743887901 -0.0195821673 -0.6324068904 0.3728064597 -0.7934624553 0.4810745418
-367.0 287.8 2372.0 0.8788923621 0.3716200292 -0.2990765572 -0.4177466929 0.2969304025 -0.8586733937 -0.2302953303 0.8796197176 0.4162129164
-196.9 207.0 2327.4 -0.5873307586 0.3716200292 0.7189861536 0.8089625239 0.2969304025 0.5073578954 -0.0249444954 0.8796197176 -0.4750230312
-517.0 -143.6 2385.6 0.8027879000 -0.0071774246 -0.5962215066 0.0082116779 0.9999657869 -0.0009810849 0.5962081552 -0.0041083754 0.8028193712
-514.2 -535.1 2387.2 0.7973673344 -0.1452842206 -0.5857455730 0.0497423932 0.9831093550 -0.1761299074 0.6014408469 0.1113038361 0.7911260128
-349.3 -101.4 2438.1 -0.5650994182 -0.1639866680 -0.8085610867 -0.3123944998 0.9496036768 0.0257390626 0.7635917068 0.2671351731 -0.5878490210
-285.1 -473.2 2333.5 -0.6003959179 0.0081504695 -0.7996613979 0.0406288356 0.9989675879 -0.0203227662 0.7986701727 -0.0446910188 -0.6001071930
-609.5 -137.3 2285.9 0 0 0 0 0 0 0 0 0
-347.3 414.1 2321.0 0 0 0 0 0 0 0 0 0
-479.6 -769.3 2360.7 0 0 0 0 0 0 0 0 0
-287.5 -764.0 2346.5 0 0 0 0 0 0 0 0 0
-431.6 496.8 2311.1 1 0.9189501405 0.2615871131 -0.2951318920 -0.2203705609 0.9612212777 0.1658023596 0.3270588517 -0.0873257145 0.9409605265
-497.6 254.3 2333.1 0.9189501405 0.2615871131 -0.2951318920 -0.2203705609 0.9612212777 0.1658023596 0.3270588517 -0.0873257145 0.9409605265
-465.6 64.2 2367.6 0.9406442642 -0.1636007130 -0.2973603308 0.2073442489 0.9706475735 0.1218674779 0.2686944604 -0.1762899011 0.9469557405
-631.6 224.8 2294.9 0.5380917788 -0.6231380701 -0.5675880313 0.7138566971 -0.0211440213 0.6999725699 -0.4481806457 -0.7818259597 0.4334538579
-745.6 73.5 2389.8 -0.5101346970 -0.6231380701 -0.5928418636 0.7687124014 -0.0211440213 -0.6392450333 0.3858028650 -0.7818259597 0.4898002446
-363.6 283.8 2371.4 0.8796781898 0.3736310005 -0.2942213118 -0.4059738219 0.2677546144 -0.8737807274 -0.2476924360 0.8880919814 0.3872222900
-202.2 209.4 2325.9 -0.5766870975 0.3736310005 0.7265204191 0.8169568181 0.2677546144 0.5107730031 -0.0036885620 0.8880919814 -0.4596509933
-515.8 -142.6 2384.0 0.8039628863 -0.0008348190 -0.5946788788 0.0046322569 0.9999774694 0.0048586940 0.5946614146 -0.0066609150 0.8039486408
-515.5 -534.2 2386.6 0.7969828248 -0.1523345709 -0.5844762921 0.0570131652 0.9823256731 -0.1782855093 0.6013051271 0.1087676436 0.7915818095
-346.5 -102.1 2432.3 -0.5721390247 -0.1505018175 -0.8062295914 -0.2888986468 0.9569964409 0.0263702720 0.7675900459 0.2480060905 -0.5910148025
-287.6 -476.7 2335.2 -0.6027845740 0.0047343005 -0.7978899479 0.0350318924 0.9991751313 -0.0205370281 0.7971345782 -0.0403309986 -0.6024532318
-611.5 -128.5 2288.4 0 0 0 0 0 0 0 0 0
-349.9 418.5 2325.0 0 0 0 0 0 0 0 0 0
-479.1 -769.0 2360.6 0 0 0 0 0 0 0 0 0
-288.9 -765.3 2346.9 0 0 0 0 0 0 0 0 0
-431.9 495.8 2311.2 2 0.9120886922 0.2569440603 -0.3194901943 -0.2080478519 0.9615340233 0.1793555766 0.3532850444 -0.0971189439 0.9304609299
-496.7 253.4 2335.7 0.9120886922 0.2569440603 -0.3194901943 -0.2080478519 0.9615340233 0.1793555766 0.3532850444 -0.0971189439 0.9304609299
-464.0 62.6 2365.1 0.9313849807 -0.1666357964 -0.3236580789 0.2056235671 0.9744834900 0.0900050476 0.3004013896 -0.1503810734 0.9418835044
-629.4 224.2 2292.9 0.5680904388 -0.6201741099 -0.5409781337 0.6719921231 -0.0299057160 0.7399542332 -0.4750787914 -0.7838939428 0.3997629583
-750.1 81.3 2393.9 -0.5030459762 -0.6201741099 -0.6019375324 0.7819263935 -0.0299057160 -0.6226530075 0.3681519032 -0.7838939428 0.4999744594
-364.0 282.6 2378.4 0.8754078746 0.4097086489 -0.2565148175 -0.3968356252 0.3061221242 -0.8653385043 -0.2760117948 0.8593183756 0.4305687249
-196.6 206.7 2325.7 -0.5924335122 0.4097086489 0.6936579943 0.8056066632 0.3061221242 0.5072348118 -0.0045255637 0.8593183756 -0.5114210248
-518.6 -144.5 2377.9 0.7874182463 -0.0066010770 -0.6163837314 0.0206581205 0.9996635318 0.0156845879 0.6160728335 -0.0250836611 0.7872897387
-516.0 -536.0 2387.7 0.7828053832 -0.1560288519 -0.6023874879 0.0522368997 0.9811139703 -0.1862435192 0.6200701594 0.1143255830 0.7761718035
-348.6 -107.1 2426.4 -0.5962116122 -0.1550955921 -0.7877036929 -0.2810636759 0.9593930840 0.0238361098 0.7520205975 0.2356062531 -0.6155930161
-287.8 -482.7 2334.2 -0.6277078986 0.0015557860 -0.7784473896 0.0355867594 0.9990099072 -0.0266990997 0.7776350975 -0.0444616564 -0.6271417737
-617.9 -124.3 2297.1 0 0 0 0 0 0 0 0 0
-348.3 413.0 2324.5 0 0 0 0 0 0 0 0 0
-478.9 -769.2 2360.5 0 0 0 0 0 0 0 0 0
-288.3 -763.3 2346.7 0 0 0 0 0 0 0 0 0
-431.1 495.9 2309.7 3 0.9105521441 0.2606314123 -0.3208831847 -0.2120117992 0.9607786536 0.1787606478 0.3548883498 -0.0947398692 0.9300960302
-496.9 253.3 2333.7 0.9105521441 0.2606314123 -0.3208831847 -0.2120117992 0.9607786536 0.1787606478 0.3548883498 -0.0947398692 0.9300960302
-463.7 63.3 2367.1 0.9307179451 -0.1693245918 -0.3241810203 0.2145492285 0.9706117511 0.1090019643 0.2961972058 -0.1710028648 0.9396942258
-629.5 222.7 2291.5 0.5834573507 -0.6099784970 -0.5361937881 0.6602440476 -0.0281989630 0.7505215406 -0.4729221165 -0.7919160724 0.3862817585
-751.7 84.5 2390.5 -0.4880941808 -0.6099784970 -0.6242517829 0.8006523252 -0.0281989630 -0.5984652042 0.3474476635 -0.7919160724 0.5021444559
-364.3 283.8 2375.8 0.8738645911 0.4041057527 -0.2702947557 -0.4014081061 0.2860582471 -0.8700817227 -0.2742849886 0.8688321114 0.4121875167
-202.1 209.3 2324.9 -0.5793325305 0.4041057527 0.7078646421 0.8150905967 0.2860582471 0.5037837029 0.0010913548 0.8688321114 -0.4951056540
-515.4 -146.7 2367.4 0.7871904373 -0.0019031262 -0.6167070270 0.0339470506 0.9986128211 0.0402497575 0.6157749295 -0.0526196100 0.7861630917
-514.7 -537.6 2388.0 0.7849926353 -0.1518103480 -0.6006165147 0.0487402976 0.9816393256 -0.1844142377 0.6175848246 0.1154895872 0.7779788971
-347.2 -109.6 2421.7 -0.5963793993 -0.1469612867 -0.7891349792 -0.2620744109 0.9648727775 0.0183705315 0.7587151527 0.2177678943 -0.6139450073
-289.6 -487.4 2336.4 -0.6239488721 -0.0081828265 -0.7814223170 0.0202675965 0.9994393587 -0.0266490746 0.7812023163 -0.0324652120 -0.6234332323
-623.4 -126.0 2299.2 0 0 0 0 0 0 0 0 0
-350.5 418.0 2325.2 0 0 0 0 0 0 0 0 0
-478.8 -769.9 2360.7 0 0 0 0 0 0 0 0 0
-287.3 -764.7 2345.4 0 0 0 0 0 0 0 0 0
-430.8 495.5 2309.5 4 0.9107581377 0.2710916400 -0.3114947081 -0.2242502868 0.9581072330 0.1781638265 0.3467440605 -0.0924113840 0.9333963394
-498.9 255.1 2332.7 0.9107581377 0.2710916400 -0.3114947081 -0.2242502868 0.9581072330 0.1781638265 0.3467440605 -0.0924113840 0.9333963394
-466.2 65.8 2370.6 0.9346981645 -0.1667948067 -0.3138771355 0.2175816149 0.9667730927 0.1341939121 0.2810651362 -0.1937246919 0.9399325252
-632.1 224.1 2292.7 0.5607373714 -0.6032853127 -0.5671159029 0.6920017600 -0.0346367285 0.7210643888 -0.4546506107 -0.7967729568 0.3980523646
