175.4 506.5 2397.4 1 0.9181888103 -0.2077554762 0.3372935653 0.2377943844 0.9700360894 -0.0498373993 -0.3168329597 0.1259666532 0.9400793910
222.0 288.6 2369.1 0.9181888103 -0.2077554762 0.3372935653 0.2377943844 0.9700360894 -0.0498373993 -0.3168329597 0.1259666532 0.9400793910
220.0 90.0 2378.2 0.9445170164 0.0105572501 0.3282928169 -0.0250785705 0.9988837242 0.0400303379 -0.3275037408 -0.0460424498 0.9437273741
89.1 292.1 2415.2 0.4862014055 -0.8000469804 0.3514726758 0.7619926929 0.1912739575 -0.6186932921 0.4277561009 0.5686291456 0.7026275992
-7.0 141.4 2330.6 -0.2176740021 -0.8000469804 -0.5590553284 -0.9757742882 0.1912739575 0.1062015444 0.0219665039 0.5686291456 -0.8223006129
355.0 285.1 2323.0 0.1316835284 0.4020743668 0.9060881138 -0.9823837876 0.1751950085 0.0650293753 -0.1325954646 -0.8986895680 0.4180616140
389.0 31.5 2288.8 -0.2635363638 0.3861084580 0.8840072751 -0.9368690848 0.1158966124 -0.3299155533 -0.2298366278 -0.9151438475 0.3311901093
131.6 -105.6 2416.7 0.7624778748 0.0266057979 0.6464669704 0.0005607447 0.9991266131 -0.0417811237 -0.6470140219 0.0322196856 0.7617970705
121.1 -502.8 2403.9 0.7643108964 -0.1291262656 0.6317873597 -0.0127645079 0.9765247703 0.2150265425 -0.6447215676 -0.1724115908 0.7447202802
305.2 -109.7 2357.2 0.9123280644 0.0367258824 0.4078096449 0.0254517291 0.9889569879 -0.1460010558 -0.4086682200 0.1435803324 0.9013184905
290.6 -502.9 2300.1 0.9168926477 -0.0592092760 0.3947177529 -0.0276199002 0.9771528840 0.2107353956 -0.3981770575 -0.2041238099 0.8943089247
55.8 423.1 2324.2 0 0 0 0 0 0 0 0 0
320.5 -212.0 2229.0 0 0 0 0 0 0 0 0 0
156.4 -770.4 2451.1 0 0 0 0 0 0 0 0 0
307.3 -779.1 2357.8 0 0 0 0 0 0 0 0 0
174.2 506.1 2390.6 2 0.9171234369 -0.2135970294 0.3365425169 0.2339403182 0.9720329642 -0.0205881912 -0.3227328360 0.0976127759 0.9414432049
221.9 288.9 2368.8 0.9171234369 -0.2135970294 0.3365425169 0.2339403182 0.9720329642 -0.0205881912 -0.3227328360 0.0976127759 0.9414432049
219.5 90.3 2377.3 0.9436618686 0.0119609078 0.3306950629 -0.0254786257 0.9990061522 0.0365720242 -0.3299289644 -0.0429372787 0.9430287480
89.1 292.5 2415.2 0.4848473370 -0.7987422943 0.3562777042 0.7661829591 0.1914601773 -0.6134384274 0.4217662215 0.5703978539 0.7048116922
-6.5 141.4 2332.0 -0.2159540057 -0.7987422943 -0.5615822077 -0.9760776162 0.1914601773 0.1030312777 0.0252251960 0.5703978539 -0.8209810853
354.7 285.3 2322.3 0.1325560957 0.4010806084 0.9064012766 -0.9830402732 0.1701220870 0.0684854761 -0.1267306805 -0.9001071453 0.4168291092
389.2 29.8 2289.4 -0.2512311637 0.3907801211 0.8855358958 -0.9371933937 0.1305036098 -0.3234769106 -0.2419739664 -0.9111858606 0.3334499598
131.2 -106.3 2417.4 0.7609699368 0.0270918552 0.6482212543 0.0050742393 0.9988486767 -0.0477028601 -0.6487672925 0.0395896733 0.7599563599
120.4 -503.4 2401.7 0.7637158036 -0.1333339959 0.6316329241 -0.0139413467 0.9748029113 0.2226318270 -0.6454020143 -0.1788332611 0.7426135540
304.5 -110.9 2357.3 0.9113826752 0.0336507224 0.4101820290 0.0262938086 0.9898548126 -0.1396283805 -0.4107192457 0.1380401254 0.9012516737
291.1 -504.4 2302.5 0.9158431888 -0.0574413128 0.3974062800 -0.0268038195 0.9787616730 0.2032414973 -0.4006404877 -0.1967893541 0.8948525786
55.8 423.0 2324.7 0 0 0 0 0 0 0 0 0
323.9 -213.8 2226.5 0 0 0 0 0 0 0 0 0
157.1 -771.8 2450.9 0 0 0 0 0 0 0 0 0
307.2 -778.4 2357.5 0 0 0 0 0 0 0 0 0
171.8 506.9 2394.2 3 0.9140018225 -0.2228043824 0.3390559256 0.2486489415 0.9679899812 -0.0341925360 -0.3205845058 0.1155579388 0.9401446581
222.0 288.7 2368.1 0.9140018225 -0.2228043824 0.3390559256 0.2486489415 0.9679899812 -0.0341925360 -0.3205845058 0.1155579388 0.9401446581
219.8 90.1 2377.5 0.9435753226 0.0112346550 0.3309674263 -0.0262735263 0.9988136292 0.0410001799 -0.3301141560 -0.0473824404 0.9427510500
89.2 292.4 2414.6 0.4866154492 -0.7970257401 0.3577085137 0.7638301253 0.1894408166 -0.6169892550 0.4239917397 0.5734650493 0.7009770870
-6.7 141.8 2331.0 -0.2172015458 -0.7970257401 -0.5635365248 -0.9759112597 0.1894408166 0.1082098782 0.0205107704 0.5734650493 -0.8189732432
354.8 285.0 2321.7 0.1316258013 0.3998833299 0.9070655704 -0.9827904105 0.1722750068 0.0666662604 -0.1296059936 -0.9002303481 0.4156773090
389.0 29.4 2288.0 -0.2529846132 0.3882972300 0.8861286640 -0.9374896884 0.1278583109 -0.3236747682 -0.2389809340 -0.9126212597 0.3316784501
130.6 -106.0 2416.1 0.7609218359 0.0223240368 0.6484594345 0.0093398271 0.9989275336 -0.0453489795 -0.6487763524 0.0405635275 0.7598972917
121.7 -503.1 2400.0 0.7658522725 -0.1228221804 0.6311774850 -0.0258541629 0.9749127030 0.2210810184 -0.6424965858 -0.1856339574 0.7434636354
303.8 -110.6 2355.6 0.9113524556 0.0313749164 0.4104294777 0.0287729874 0.9897963405 -0.1395540833 -0.4106200933 0.1389922351 0.9011505246
291.3 -504.2 2300.3 0.9164751172 -0.0544959232 0.3963628709 -0.0317338444 0.9776577950 0.2077935338 -0.3988311589 -0.2030157298 0.8942697048
55.8 422.9 2325.1 0 0 0 0 0 0 0 0 0
323.3 -214.3 2225.8 0 0 0 0 0 0 0 0 0
155.9 -774.7 2451.7 0 0 0 0 0 0 0 0 0
306.5 -778.1 2357.2 0 0 0 0 0 0 0 0 0
176.2 506.9 2389.0 4 0.9129045010 -0.2184092104 0.3448227644 0.2386147231 0.9709704518 -0.0167145915 -0.3311620951 0.0975386202 0.9385190010
225.3 288.4 2367.0 0.9129045010 -0.2184092104 0.3448227644 0.2386147231 0.9709704518 -0.0167145915 -0.3311620951 0.0975386202 0.9385190010
223.4 89.8 2375.4 0.9406605959 0.0095111644 0.3392155170 -0.0231436156 0.9990777969 0.0361654907 -0.3385587037 -0.0418701246 0.9400132298
92.9 291.7 2414.7 0.5000855923 -0.7851908803 0.3652255237 0.7547166348 0.1883688718 -0.6284265518 0.4246376753 0.5899088979 0.6867972016
-5.5 143.1 2331.1 -0.2230504453 -0.7851908803 -0.5776883364 -0.9747012258 0.1883688718 0.1203106046 0.0143517116 0.5899088979 -0.8073422909
357.7 285.2 2319.4 0.1321934462 0.3934688270 0.9097841382 -0.9837328196 0.1647058576 0.0717053711 -0.1216329560 -0.9044635296 0.4088412523
391.7 32.3 2288.1 -0.2806386650 0.3781634867 0.8821759224 -0.9320647120 0.1120327264 -0.3445345461 -0.2291229665 -0.9189347029 0.3210321367
130.9 -106.1 2417.3 0.7549708486 0.0239176787 0.6553220749 0.0057807392 0.9990530610 -0.0431227982 -0.6557328701 0.0363446996 0.7541176677
121.4 -503.3 2402.8 0.7580528259 -0.1224090829 0.6406027675 -0.0171826761 0.9781392217 0.2072399706 -0.6519667506 -0.1681061238 0.7393779159
304.1 -110.9 2356.7 0.9078514576 0.0249741692 0.4185475111 0.0391417481 0.9888175726 -0.1439019144 -0.4174609482 0.1470242441 0.8967219591
294.2 -504.0 2298.2 0.9148727655 -0.0465743802 0.4010469317 -0.0420787446 0.9769153595 0.2094416469 -0.4015434980 -0.2084880024 0.8917934299
58.5 422.8 2327.0 0 0 0 0 0 0 0 0 0
318.8 -209.9 2228.6 0 0 0 0 0 0 0 0 0
155.3 -774.1 2449.3 0 0 0 0 0 0 0 0 0
307.3 -779.4 2357.0 0 0 0 0 0 0 0 0 0
180.0 508.3 2394.4 5 0.9130738974 -0.2227834016 0.3415605128 0.2531634271 0.9663057327 -0.0464926586 -0.3196940720 0.1289218664 0.9387091398
230.8 288.1 2365.0 0.9130738974 -0.2227834016 0.3415605128 0.2531634271 0.9663057327 -0.0464926586 -0.3196940720 0.1289218664 0.9387091398
227.0 89.5 2374.0 0.9427490830 0.0191209260 0.3329543471 -0.0331645347 0.9987815022 0.0365461744 -0.3318498433 -0.0454961471 0.9422344565
98.1 292.7 2411.7 0.5242118835 -0.7556382418 0.3926992118 0.7503168583 0.1917294860 -0.6326645613 0.4027735293 0.6262991428 0.6674749851
-5.8 144.0 2331.9 -0.2378613055 -0.7556382418 -0.6102727056 -0.9712440372 0.1917294860 0.1411553174 0.0103449207 0.6262991428 -0.7795141935
363.5 283.4 2318.3 0.1231128350 0.4004247189 0.9080216289 -0.9844713211 0.1646551341 0.0608675703 -0.1251375377 -0.9014148712 0.4144778252
394.4 36.3 2286.9 -0.2675565481 0.3862525225 0.8827357888 -0.9360246062 0.1131894439 -0.3332358301 -0.2286295593 -0.9154218435 0.3312572837
135.2 -106.7 2414.7 0.7593894601 0.0323570967 0.6498312354 -0.0089324741 0.9991869926 -0.0393141471 -0.6505749822 0.0240501501 0.7590610981
122.4 -504.0 2405.2 0.7597570419 -0.1204499155 0.6389530897 -0.0118948203 0.9799525142 0.1988759041 -0.6500982642 -0.1586976051 0.7430930734
307.8 -110.9 2352.6 0.9109224677 0.0364081487 0.4109680057 0.0247893520 0.9894692898 -0.1426045895 -0.4118321836 0.1400893480 0.9004272223
293.4 -504.3 2296.9 0.9165102243 -0.0485672392 0.3970519006 -0.0430348031 0.9748690724 0.2185823470 -0.3976895809 -0.2174199969 0.8913874030
62.4 422.3 2328.9 0 0 0 0 0 0 0 0 0
324.9 -206.9 2227.5 0 0 0 0 0 0 0 0 0
155.8 -776.3 2449.3 0 0 0 0 0 0 0 0 0
307.1 -779.3 2358.3 0 0 0 0 0 0 0 0 0
180.0 506.6 2397.1 6 0.9061776996 -0.2525275946 0.3392224014 0.2894662917 0.9551646113 -0.0622083209 -0.3083038926 0.1545652449 0.9386470318
238.0 287.1 2361.6 0.9061776996 -0.2525275946 0.3392224014 0.2894662917 0.9551646113 -0.0622083209 -0.3083038926 0.1545652449 0.9386470318
230.0 88.9 2374.2 0.9440276623 0.0404253975 0.3273798525 -0.0589300655 0.9971645474 0.0467983522 -0.3245597482 -0.0634714514 0.9437332153
105.2 295.4 2407.2 0.5473180413 -0.7160270214 0.4332993031 0.7489435673 0.1879603565 -0.6354167461 0.3735324740 0.6722917557 0.6391379237
-5.4 144.0 2331.7 -0.2382249981 -0.7160270214 -0.6561662555 -0.9710475206 0.1879603565 0.1474368721 0.0177644528 0.6722917557 -0.7400731444
370.9 278.8 2315.9 0.0943371132 0.4085376561 0.9078532457 -0.9877620339 0.1521820873 0.0341580585 -0.1242041513 -0.8999653459 0.4178943932
394.3 32.9 2285.0 -0.2320569605 0.4017599523 0.8858546615 -0.9446868896 0.1239108369 -0.3036655784 -0.2317676544 -0.9073230028 0.3507829905
136.7 -106.0 2413.5 0.7640112042 0.0366596729 0.6441606283 -0.0217925981 0.9992811084 -0.0310225822 -0.6448348165 0.0096636666 0.7642608285
122.1 -503.2 2409.7 0.7612352967 -0.1217844486 0.6369374990 0.0024828359 0.9827472568 0.1849369854 -0.6484709978 -0.1391991526 0.7484042645
309.7 -112.1 2352.6 0.9153415561 0.0365603492 0.4010151625 0.0276650544 0.9878070951 -0.1532050520 -0.4017268717 0.1513290554 0.9031694531
295.2 -504.8 2292.5 0.9222683907 -0.0407799520 0.3843930066 -0.0559728891 0.9698505402 0.2371855974 -0.3824761808 -0.2402643710 0.8921799064
62.8 421.9 2326.6 0 0 0 0 0 0 0 0 0
334.1 -212.5 2224.8 0 0 0 0 0 0 0 0 0
156.0 -776.6 2448.4 0 0 0 0 0 0 0 0 0
306.7 -778.0 2360.1 0 0 0 0 0 0 0 0 0
182.8 503.9 2391.4 7 0.9051682353 -0.2582037449 0.3376408517 0.2896370590 0.9560616612 -0.0453486927 -0.3110962808 0.1388415098 0.9401819706
241.6 286.3 2359.8 0.9051682353 -0.2582037449 0.3376408517 0.2896370590 0.9560616612 -0.0453486927 -0.3110962808 0.1388415098 0.9401819706
232.7 88.3 2374.4 0.9440740943 0.0446386226 0.3266979456 -0.0660342351 0.9963175058 0.0546895787 -0.3230536282 -0.0732042640 0.9435451627
108.7 295.6 2405.3 0.5613943338 -0.6977722049 0.4449160993 0.7435724735 0.1893432438 -0.6412870288 0.3632304370 0.6908422709 0.6251404285
-5.6 144.1 2331.3 -0.2468684316 -0.6977722049 -0.6724358201 -0.9689133763 0.1893432438 0.1592355520 0.0162110385 0.6908422709 -0.7228237391
374.4 277.0 2314.4 0.0824415907 0.4095663130 0.9085476398 -0.9889089465 0.1466306299 0.0236336105 -0.1235413775 -0.9004192948 0.4171122611
395.2 28.4 2283.3 -0.2135057449 0.4059499800 0.8886055946 -0.9488695860 0.1303106248 -0.2875164151 -0.2325120419 -0.9045572281 0.3573715091
135.4 -103.9 2416.5 0.7651919127 0.0303997751 0.6430841088 -0.0121701146 0.9993891120 -0.0327620134 -0.6436872482 0.0172428191 0.7650943995
123.3 -501.2 2409.7 0.7640134692 -0.1177374423 0.6343668699 -0.0019914422 0.9827741981 0.1847997010 -0.6451972127 -0.1424527615 0.7506182194
308.5 -114.7 2357.0 0.9162790179 0.0322264321 0.3992419839 0.0323753059 0.9875378013 -0.1540159434 -0.3992299438 0.1540471613 0.9038168788
295.7 -507.3 2295.7 0.9232184291 -0.0389559865 0.3822958767 -0.0528402813 0.9725286961 0.2267064303 -0.3806252778 -0.2295001894 0.8957980275
65.0 421.3 2326.6 0 0 0 0 0 0 0 0 0
339.7 -218.2 2222.9 0 0 0 0 0 0 0 0 0
156.1 -775.3 2449.4 0 0 0 0 0 0 0 0 0
306.6 -778.3 2359.7 0 0 0 0 0 0 0 0 0
182.7 500.5 2387.6 8 0.9004597664 -0.2614386380 0.3475946188 0.2856756151 0.9581297636 -0.0194113795 -0.3279658556 0.1167784780 0.9374439716
241.3 286.0 2361.5 0.9004597664 -0.2614386380 0.3475946188 0.2856756151 0.9581297636 -0.0194113795 -0.3279658556 0.1167784780 0.9374439716
231.0 87.9 2374.5 0.9387072921 0.0518902168 0.3407873511 -0.0710892901 0.9964952469 0.0440851972 -0.3373053968 -0.0656094253 0.9391062260
109.2 296.0 2408.9 0.5580271482 -0.6981307864 0.4485744834 0.7521463037 0.1971704811 -0.6288082004 0.3505447209 0.6882857084 0.6351230145
-6.8 139.7 2336.0 -0.2331434190 -0.6981307864 -0.6769472361 -0.9715420604 0.1971704811 0.1312626004 0.0418355390 0.6882857084 -0.7242324352
373.4 276.0 2314.0 0.0870737284 0.3978618979 0.9133039117 -0.9884645343 0.1485461444 0.0295284409 -0.1239195317 -0.9053396583 0.4062068462
395.6 23.9 2282.4 -0.2074816972 0.3958895504 0.8945517540 -0.9492611885 0.1394453198 -0.2818833590 -0.2363357246 -0.9076488614 0.3468702137
137.2 -103.7 2418.5 0.7557508349 0.0295625217 0.6541916728 -0.0101799145 0.9993901849 -0.0334015489 -0.6547802091 0.0185836311 0.7555908561
125.5 -501.1 2411.1 0.7552359104 -0.1099730656 0.6461614370 -0.0054928972 0.9847276211 0.1740152538 -0.6554300189 -0.1349718720 0.7430976033
310.4 -115.8 2359.3 0.9105930924 0.0398561358 0.4113778472 0.0272138659 0.9873976111 -0.1559019536 -0.4124071300 0.1531584263 0.8980327845
294.6 -508.4 2298.4 0.9165040851 -0.0426014327 0.3977504075 -0.0472808480 0.9758070111 0.2134601623 -0.3972213268 -0.2144430876 0.8923168778
59.1 414.5 2324.2 0 0 0 0 0 0 0 0 0
341.7 -222.8 2221.0 0 0 0 0 0 0 0 0 0
156.0 -774.8 2448.7 0 0 0 0 0 0 0 0 0
306.3 -777.6 2357.5 0 0 0 0 0 0 0 0 0
182.6 502.4 2392.7 9 0.8984403014 -0.1697900295 0.4049399495 0.1880482584 0.9821448922 -0.0054124701 -0.3967907131 0.0810110345 0.9143272638
218.4 295.4 2375.6 0.8984403014 -0.1697900295 0.4049399495 0.1880482584 0.9821448922 -0.0054124701 -0.3967907131 0.0810110345 0.9143272638
218.9 97.2 2378.2 0.9151431918 -0.0045233765 0.4031035304 -0.0018713668 0.9998785853 0.0154684726 -0.4031245708 -0.0149102220 0.9150236249
90.2 295.5 2432.0 0.4699705243 -0.8450769186 0.2548974752 0.7674898505 0.2485914826 -0.5908989906 0.4359897673 0.4733363390 0.7654185891
-7.4 136.2 2341.4 -0.2440887988 -0.8450769186 -0.4756739140 -0.9670683146 0.2485914826 0.0545996428 0.0721075907 0.4733363390 -0.8779255152
346.6 295.3 2319.3 0.1748617738 0.3294102848 0.9278535247 -0.9751191735 0.1883538961 0.1168992147 -0.1362570226 -0.9252089858 0.3541501760
395.1 24.7 2281.5 -0.2004212737 0.3243493438 0.9244613647 -0.9506095052 0.1638923287 -0.2635921240 -0.2370080650 -0.9316312671 0.2754820585
134.5 -103.6 2418.5 0.7073566318 0.0236911885 0.7064597607 -0.0059747421 0.9996028543 -0.0275394414 -0.7068316340 0.0152592910 0.7072172165
125.1 -501.1 2412.4 0.7079759836 -0.1130081341 0.6971364021 -0.0112846205 0.9851784706 0.1711607873 -0.7061463594 -0.1290446371 0.6962074041
306.7 -116.6 2356.6 0.8760458827 0.0291310456 0.4813470840 0.0479806326 0.9879549742 -0.1471150517 -0.4798348546 0.1519748718 0.8640961647
295.2 -509.4 2296.2 0.8865829706 -0.0440045111 0.4604718089 -0.0618437789 0.9752517939 0.2122716606 -0.4584168792 -0.2166737467 0.8619202375
60.4 405.0 2321.4 0 0 0 0 0 0 0 0 0
343.0 -222.4 2219.9 0 0 0 0 0 0 0 0 0
156.6 -775.6 2448.4 0 0 0 0 0 0 0 0 0
307.2 -777.3 2355.7 0 0 0 0 0 0 0 0 0
183.2 504.2 2395.2 0 0.8955239058 -0.1263152212 0.4267100096 0.1406168491 0.9900619984 -0.0020291186 -0.4222130775 0.0618197434 0.9043862224
209.2 301.1 2382.6 0.8955239058 -0.1263152212 0.4267100096 0.1406168491 0.9900619984 -0.0020291186 -0.4222130775 0.0618197434 0.9043862224
215.8 102.9 2379.4 0.9038490653 -0.0349593647 0.4264208078 0.0379246622 0.9992794394 0.0015383905 -0.4261673093 0.0147813931 0.9045236111
82.4 295.7 2442.2 0.4207445979 -0.8896378279 0.1775346100 0.7612897754 0.2398237437 -0.6024304628 0.4933679402 0.3886246383 0.7781767249
-5.6 136.5 2339.1 -0.2273921371 -0.8896378279 -0.3960269690 -0.9706385732 0.2398237437 0.0185828153 0.0784446970 0.3886246383 -0.9180508256
335.9 306.5 2322.9 0.2268151492 0.3036158085 0.9254038930 -0.9641095400 0.2046389729 0.1691618264 -0.1380134970 -0.9305591583 0.3391341269
394.8 56.5 2287.1 -0.1672215611 0.2989231646 0.9395115376 -0.9576959014 0.1771267205 -0.2268143296 -0.2342126518 -0.9376945496 0.2566580772
135.9 -100.9 2417.5 0.6876540184 0.0344758593 0.7252194881 -0.0127055766 0.9992904067 -0.0354573429 -0.7259273529 0.0151680522 0.6876041293
122.2 -498.2 2411.5 0.6877582669 -0.1199788898 0.7159564495 -0.0135579957 0.9839527607 0.1779133081 -0.7258132100 -0.1320682764 0.6750949621
303.0 -101.1 2344.1 0.8609254360 0.0176885780 0.5084236264 0.0570730902 0.9897280335 -0.1310768276 -0.5055196285 0.1418646872 0.8510724306
296.0 -494.6 2287.7 0.8752869964 -0.0333829038 0.4824503064 -0.0862502754 0.9708442092 0.2236568928 -0.4758504033 -0.2373754382 0.8468880057
56.6 401.9 2317.6 0 0 0 0 0 0 0 0 0
351.3 -192.4 2226.2 0 0 0 0 0 0 0 0 0
156.0 -775.7 2448.7 0 0 0 0 0 0 0 0 0
305.8 -778.6 2357.1 0 0 0 0 0 0 0 0 0
186.1 503.5 2390.0 1 0.9005108476 -0.0995089039 0.4232943952 0.1059631258 0.9943351746 0.0083257891 -0.4217250049 0.0373561345 0.9059539437
206.3 302.5 2382.5 0.9005108476 -0.0995089039 0.4232943952 0.1059631258 0.9943351746 0.0083257891 -0.4217250049 0.0373561345 0.9059539437
215.5 104.2 2379.1 0.9046478868 -0.0473092943 0.4235256612 0.0498022437 0.9987456203 0.0051861200 -0.4232397676 0.0164009146 0.9058692455
79.2 295.4 2441.9 0.4070772231 -0.8959819674 0.1774950027 0.7561840415 0.2215916663 -0.6156970263 0.5123220086 0.3848551214 0.7677321434
-5.1 139.0 2335.9 -0.2207039744 -0.8959819674 -0.3853648901 -0.9742026925 0.2215916663 0.0427342355 0.0471045449 0.3848551214 -0.9217742085
333.4 309.5 2323.0 0.2359827161 0.3069222867 0.9220145941 -0.9633879662 0.1981492937 0.1806115359 -0.1272628158 -0.9308789372 0.3424450457
395.5 55.7 2289.5 -0.1376354694 0.3105158806 0.9405511022 -0.9514884949 0.2223721445 -0.2126504928 -0.2751837075 -0.9241918325 0.2648459971
139.9 -98.8 2415.1 0.6895740032 0.0457194969 0.7227706313 -0.0165523179 0.9987396002 -0.0473840833 -0.7240260243 0.0207113046 0.6894616485
121.7 -495.9 2406.8 0.6907621026 -0.1188110635 0.7132542729 -0.0260998569 0.9816687703 0.1887992918 -0.7226109505 -0.1490312219 0.6749986410
305.2 -91.7 2337.3 0.8613315225 0.0229127053 0.5075263381 0.0395187028 0.9929339886 -0.1118946970 -0.5065039396 0.1164352149 0.8543398380
296.1 -486.4 2291.0 0.8719686866 -0.0363198072 0.4882125854 -0.0778041184 0.9742888212 0.2114421874 -0.4833396077 -0.2223559022 0.8467234969
54.5 402.1 2323.1 0 0 0 0 0 0 0 0 0
359.5 -193.6 2217.4 0 0 0 0 0 0 0 0 0
155.7 -777.0 2449.5 0 0 0 0 0 0 0 0 0
306.8 -774.4 2356.7 0 0 0 0 0 0 0 0 0
187.2 504.2 2393.9 2 0.8971439004 -0.1383784711 0.4195047319 0.1552481949 0.9878563285 -0.0061547174 -0.4135587215 0.0706490204 0.9077323079
215.3 303.4 2379.5 0.8971439004 -0.1383784711 0.4195047319 0.1552481949 0.9878563285 -0.0061547174 -0.4135587215 0.0706490204 0.9077323079
220.3 104.8 2377.5 0.9077022672 -0.0253637452 0.4188475013 0.0270913262 0.9996312857 0.0018229439 -0.4187392890 0.0096924435 0.9080547690
87.7 299.6 2438.4 0.4474611282 -0.8729581237 0.1942233443 0.7467306852 0.2451989800 -0.6182805300 0.4921095967 0.4216890037 0.7615815997
-6.7 142.0 2334.5 -0.2565602362 -0.8729581237 -0.4148747027 -0.9660435319 0.2451989800 0.0814701691 0.0306068081 0.4216890037 -0.9062238336
342.9 307.2 2320.7 0.2012062967 0.3162152171 0.9271051288 -0.9716568589 0.1843304336 0.1480041295 -0.1240925342 -0.9306074381 0.3443411291
395.7 52.4 2288.1 -0.1270592064 0.3252251148 0.9370616674 -0.9452161193 0.2467012554 -0.2137872577 -0.3007032573 -0.9128894210 0.2760623395
141.9 -98.7 2414.4 0.6935708523 0.0497685298 0.7186672091 -0.0229733940 0.9986313581 -0.0469852239 -0.7200220227 0.0160773564 0.6937649846
122.2 -495.8 2408.0 0.6938043237 -0.1187983900 0.7102974653 -0.0248918291 0.9817550182 0.1885139346 -0.7197332382 -0.1484723836 0.6781887412
307.7 -89.5 2336.9 0.8650829196 0.0363268591 0.5003117919 0.0291000903 0.9920604825 -0.1223485619 -0.5007840991 0.1204007715 0.8571574688
293.2 -483.9 2289.1 0.8745296597 -0.0442480966 0.4829492867 -0.0731648132 0.9723938107 0.2215788960 -0.4794213474 -0.2291122079 0.8471497893
62.1 401.2 2326.3 0 0 0 0 0 0 0 0 0
362.2 -196.9 2208.8 0 0 0 0 0 0 0 0 0
155.9 -774.4 2450.2 0 0 0 0 0 0 0 0 0
306.6 -776.7 2358.1 0 0 0 0 0 0 0 0 0
186.4 506.6 2388.8 3 0.8895666003 -0.1845828593 0.4178521633 0.1918271929 0.9811098576 0.0250160117 -0.4145763814 0.0579019971 0.9081705809
224.6 303.4 2376.8 0.8895666003 -0.1845828593 0.4178521633 0.1918271929 0.9811098576 0.0250160117 -0.4145763814 0.0579019971 0.9081705809
225.2 104.8 2376.7 0.9074473977 -0.0031957028 0.4201534986 0.0031807083 0.9999946952 0.0007363031 -0.4201536179 0.0006682294 0.9074527621
97.0 303.0 2435.9 0.4844780862 -0.8419181108 0.2376023233 0.7327027917 0.2421370745 -0.6360158920 0.4779409766 0.4822276533 0.7341858745
-5.0 148.8 2335.4 -0.2617533207 -0.8419181108 -0.4718676507 -0.9647450447 0.2421370745 0.1031340808 0.0274262000 0.4822276533 -0.8756165504
352.2 303.9 2317.8 0.1654899120 0.3191628456 0.9331389070 -0.9790596962 0.1669111103 0.1165450141 -0.1185544133 -0.9328857064 0.3401015997
396.1 44.2 2286.3 -0.1297318488 0.3297703266 0.9351049066 -0.9470031261 0.2382876724 -0.2154161036 -0.2938618064 -0.9134935737 0.2813799977
142.1 -96.2 2413.9 0.6931626797 0.0466792993 0.7192680836 -0.0219956543 0.9988058805 -0.0436234996 -0.7204455137 0.0144174099 0.6933616996
123.5 -493.4 2408.2 0.6938017011 -0.1190380380 0.7102599144 -0.0271838419 0.9812129736 0.1910031289 -0.7196528316 -0.1518258899 0.6775313020
308.5 -91.2 2337.2 0.8658000827 0.0354803950 0.4991305470 0.0273760855 0.9926304817 -0.1180475503 -0.4996405840 0.1158698201 0.8584482670
294.4 -485.9 2291.1 0.8741434813 -0.0455721170 0.4835248888 -0.0660257712 0.9751936793 0.2112769037 -0.4811587334 -0.2166114300 0.8494502902
65.7 409.4 2327.9 0 0 0 0 0 0 0 0 0
361.6 -207.5 2208.2 0 0 0 0 0 0 0 0 0
157.5 -773.2 2451.5 0 0 0 0 0 0 0 0 0
308.0 -776.7 2355.7 0 0 0 0 0 0 0 0 0
188.4 504.9 2386.8 4 0.8845414519 -0.2418804765 0.3988486826 0.2500813603 0.9676880240 0.0322365649 -0.3937585056 0.0712300465 0.9164499640
239.8 299.0 2371.7 0.8845414519 -0.2418804765 0.3988486826 0.2500813603 0.9676880240 0.0322365649 -0.3937585056 0.0712300465 0.9164499640
232.7 100.6 2375.2 0.9149664044 0.0356042460 0.4019561708 -0.0400267839 0.9991952181 0.0026061926 -0.4015398920 -0.0184735917 0.9156551957
111.3 304.7 2428.1 0.5413799882 -0.7770547867 0.3210819364 0.7199663520 0.2312228829 -0.6543579698 0.4342305064 0.5854245424 0.6846327782
-3.5 152.1 2336.0 -0.2702953219 -0.7770547867 -0.5684419870 -0.9625396132 0.2312228829 0.1416100860 0.0213980060 0.5854245424 -0.8104444742
368.4 293.4 2315.2 0.1112213209 0.3413957059 0.9333159924 -0.9860982299 0.1545731723 0.0609702729 -0.1234506294 -0.9271224737 0.3538415432
396.3 46.2 2284.3 -0.1143265814 0.3508290052 0.9294344783 -0.9529107809 0.2257852107 -0.2024403363 -0.2808744907 -0.9088124633 0.3084954917
142.6 -94.2 2415.0 0.7082778811 0.0532736816 0.7039207220 -0.0272919331 0.9984693527 -0.0481046587 -0.7054060102 0.0148601076 0.7086476684
121.4 -491.2 2409.1 0.7060187459 -0.1253594011 0.6970097423 -0.0085820239 0.9826217890 0.1854205728 -0.7081411481 -0.1368921548 0.6926735640
309.0 -93.6 2338.0 0.8780879974 0.0363700166 0.4771149457 0.0251056887 0.9922319651 -0.1218416989 -0.4778400958 0.1189660355 0.8703539371
294.5 -488.1 2290.7 0.8855261803 -0.0503767282 0.4618502259 -0.0575603284 0.9745481610 0.2166627198 -0.4610100389 -0.2184447497 0.8600881696
70.5 415.5 2330.2 0 0 0 0 0 0 0 0 0
365.8 -208.0 2209.4 0 0 0 0 0 0 0 0 0
157.1 -770.9 2448.1 0 0 0 0 0 0 0 0 0
309.4 -776.8 2355.4 0 0 0 0 0 0 0 0 0
189.3 507.9 2392.3 5 0.8913365602 -0.2613332570 0.3704376519 0.2893271744 0.9569991231 -0.0210351404 -0.3490113318 0.1259270757 0.9286191463
248.6 290.9 2363.7 0.8913365602 -0.2613332570 0.3704376519 0.2893271744 0.9569991231 -0.0210351404 -0.3490113318 0.1259270757 0.9286191463
237.6 93.0 2374.7 0.9294766784 0.0545842238 0.3648200929 -0.0711285621 0.9969519377 0.0320554934 -0.3619583845 -0.0557439625 0.9305260777
118.0 300.8 2414.5 0.5646428466 -0.7276372313 0.3895157278 0.7329487205 0.2251143903 -0.6419577003 0.3794267476 0.6479718685 0.6604300141
-0.2 147.3 2335.0 -0.2784915864 -0.7276372313 -0.6268863082 -0.9602121115 0.2251143903 0.1652761847 0.0208600238 0.6479718685 -0.7613785863
379.2 280.9 2313.0 0.0705363080 0.3782055378 0.9230304360 -0.9890710115 0.1466223598 0.0155054750 -0.1294726431 -0.9140363336 0.3844143152
396.6 37.0 2281.0 -0.1250630915 0.3866803348 0.9136944413 -0.9540090561 0.2060179412 -0.2177690864 -0.2724444568 -0.8989076614 0.3431312740
141.8 -94.1 2415.6 0.7381671667 0.0497298092 0.6727823615 -0.0216982104 0.9985135198 -0.0499997921 -0.6742687821 0.0223100334 0.7381489277
122.0 -491.1 2406.7 0.7366969585 -0.1232873872 0.6648893356 -0.0095475977 0.9812453389 0.1925265640 -0.6761556268 -0.1481818259 0.7217033505
309.4 -101.4 2342.0 0.8981656432 0.0366979726 0.4381230175 0.0208621398 0.9918304682 -0.1258455366 -0.4391620159 0.1221703216 0.8900624514
294.8 -495.8 2293.4 0.9042844176 -0.0475384183 0.4242756665 -0.0523842238 0.9739173651 0.2207732797 -0.4237046540 -0.2218671739 0.8782080412
75.9 409.6 2329.3 0 0 0 0 0 0 0 0 0
363.8 -213.3 2209.5 0 0 0 0 0 0 0 0 0
157.4 -772.9 2449.3 0 0 0 0 0 0 0 0 0
308.6 -778.1 2357.8 0 0 0 0 0 0 0 0 0
191.4 505.5 2395.5 6 0.9023208022 -0.2757140994 0.3313592374 0.3138873577 0.9471161366 -0.0666763484 -0.2954520583 0.1641729325 0.9411457777
255.6 285.1 2357.3 0.9023208022 -0.2757140994 0.3313592374 0.3138873577 0.9471161366 -0.0666763484 -0.2954520583 0.1641729325 0.9411457777
238.8 87.8 2371.0 0.9433936477 0.0839763582 0.3208681345 -0.1019278988 0.9940059185 0.0395337865 -0.3156249225 -0.0700013414 0.9462984204
123.2 299.4 2401.6 0.5861170292 -0.7184832096 0.3744978905 0.7457683682 0.2977339029 -0.5959732533 0.3166960478 0.6285987496 0.7103289366
1.8 145.0 2336.0 -0.2777363062 -0.7382407784 -0.6147056818 -0.9600839615 0.2354103178 0.1510652751 0.0331855044 0.6321253777 -0.7741551399
388.0 270.9 2313.1 0.0333009176 0.4244275689 0.9048492908 -0.9904395938 0.1352782845 -0.0270026065 -0.1338671148 -0.8952993751 0.4248747826
396.1 30.1 2280.5 -0.1304464340 0.4325129092 0.8921414018 -0.9541817904 0.1896432191 -0.2314574271 -0.2692969143 -0.8814579248 0.3879576623
141.4 -98.5 2418.7 0.7710188031 0.0481305867 0.6349908710 -0.0135135166 0.9981517792 -0.0592488088 -0.6366689205 0.0371009894 0.7702442408
122.3 -495.3 2404.0 0.7703717351 -0.1225020513 0.6257160902 -0.0082516037 0.9793714881 0.2018995881 -0.6375415921 -0.1607009023 0.7534692883
311.7 -111.4 2352.5 0.9197733402 0.0409991369 0.3903025091 0.0195087325 0.9885219336 -0.1498124003 -0.3919647634 0.1454077661 0.9084163308
295.4 -504.3 2294.7 0.9243191481 -0.0472158156 0.3786881864 -0.0395223796 0.9751368761 0.2180505842 -0.3795682490 -0.2165149897 0.8994716406
77.3 406.1 2327.0 0 0 0 0 0 0 0 0 0
362.3 -217.1 2210.7 0 0 0 0 0 0 0 0 0
157.0 -772.6 2449.5 0 0 0 0 0 0 0 0 0
308.6 -777.8 2355.4 0 0 0 0 0 0 0 0 0
190.0 501.1 2389.7 7 0.9077158570 -0.2554367185 0.3328722715 0.2890359163 0.9557507038 -0.0547616966 -0.3041547537 0.1459200978 0.9413805008
248.4 282.6 2356.3 0.9077158570 -0.2554367185 0.3328722715 0.2890359163 0.9557507038 -0.0547616966 -0.3041547537 0.1459200978 0.9413805008
234.6 85.0 2370.9 0.9438335299 0.0692589805 0.3230811357 -0.0893719792 0.9948496222 0.0478208140 -0.3181051314 -0.0740092918 0.9451622963
115.8 295.2 2401.0 0.5706879497 -0.7266861796 0.3824166954 0.7554008961 0.2819667161 -0.5914932489 0.3220011592 0.6264359355 0.7098543644
1.9 144.5 2336.8 -0.2866512537 -0.7382583022 -0.6105781794 -0.9573211670 0.2453256249 0.1528119296 0.0369758010 0.6283231974 -0.7770732045
381.1 270.1 2311.6 0.0590803921 0.4191605747 0.9059877992 -0.9888730645 0.1486994475 -0.0043112435 -0.1365269870 -0.8956522346 0.4232817888
396.0 20.2 2277.1 -0.1517778933 0.4237710834 0.8929622173 -0.9530976415 0.1765929163 -0.2458044738 -0.2618556321 -0.8883878589 0.3770923018
135.6 -100.3 2413.6 0.7690750957 0.0309721809 0.6384075880 -0.0094838152 0.9992682338 -0.0370543115 -0.6390880942 0.0224430077 0.7688060403
123.3 -497.5 2404.7 0.7689107060 -0.1224787608 0.6275151372 -0.0081635779 0.9795190096 0.2011861205 -0.6393040419 -0.1598169357 0.7521628141
308.3 -118.9 2355.9 0.9184165597 0.0252952762 0.3948051929 0.0389731079 0.9873145819 -0.1539188027 -0.3936903477 0.1567483693 0.9057802558
298.2 -511.3 2293.6 0.9259549379 -0.0358179808 0.3759315312 -0.0533034801 0.9731282592 0.2240091860 -0.3738531470 -0.2274608612 0.8991637230
79.5 403.4 2326.8 0 0 0 0 0 0 0 0 0
356.6 -227.2 2209.2 0 0 0 0 0 0 0 0 0
157.8 -773.6 2449.7 0 0 0 0 0 0 0 0 0
308.0 -777.4 2355.8 0 0 0 0 0 0 0 0 0
193.5 499.0 2386.2 8 0.9137298465 -0.2222646624 0.3401414454 0.2517609000 0.9667620063 -0.0445826799 -0.3189266920 0.1263708472 0.9393168688
243.7 280.6 2357.7 0.9137298465 -0.2222646624 0.3401414454 0.2517609000 0.9667620063 -0.0445826799 -0.3189266920 0.1263708472 0.9393168688
231.5 82.7 2371.4 0.9410345554 0.0610380843 0.3327585757 -0.0805973858 0.9957175851 0.0452827699 -0.3285696208 -0.0694321245 0.9419242144
111.3 291.9 2403.9 0.5518524051 -0.7377198935 0.3888807893 0.7594835758 0.2519868612 -0.5997393727 0.3444468081 0.6263161898 0.6993457079
4.2 144.5 2337.0 -0.2812603414 -0.7413603663 -0.6093254089 -0.9590207934 0.2397982031 0.1509171128 0.0342311673 0.6268027425 -0.7784256935
376.0 269.3 2311.5 0.0817476660 0.4088003039 0.9089552164 -0.9881325364 0.1522435248 0.0203973986 -0.1300440878 -0.8998356462 0.4163944125
396.7 19.4 2278.6 -0.1676636487 0.4124797881 0.8954045773 -0.9507254362 0.1726124585 -0.2575385869 -0.2607874572 -0.8944637179 0.3632141948
134.3 -104.5 2414.6 0.7622696757 0.0218526851 0.6468905807 -0.0006819285 0.9994564652 -0.0329591967 -0.6472592354 0.0246826615 0.7618702054
125.6 -501.8 2404.8 0.7643272877 -0.1137231141 0.6347210407 -0.0174574964 0.9803152084 0.1966655105 -0.6445921063 -0.1613974571 0.7472963929
307.2 -120.8 2356.4 0.9138323069 0.0185620263 0.4056673050 0.0466740206 0.9875339270 -0.1503272653 -0.4034006298 0.1563080400 0.9015740156
299.8 -513.4 2294.2 0.9228563905 -0.0299158301 0.3839806616 -0.0616735183 0.9726349711 0.2240034193 -0.3801742792 -0.2304044217 0.8957573771
80.3 404.0 2327.7 0 0 0 0 0 0 0 0 0
353.2 -227.5 2210.9 0 0 0 0 0 0 0 0 0
157.2 -774.5 2449.7 0 0 0 0 0 0 0 0 0
308.0 -779.2 2357.2 0 0 0 0 0 0 0 0 0
192.9 503.1 2392.5 9 0.9046189189 -0.2303188741 0.3586332500 0.2692384720 0.9610815644 -0.0619100071 -0.3304167688 0.1525628269 0.9314233065
246.1 281.2 2357.3 0.9046189189 -0.2303188741 0.3586332500 0.2692384720 0.9610815644 -0.0619100071 -0.3304167688 0.1525628269 0.9314233065
235.5 83.3 2372.2 0.9358540773 0.0533732660 0.3483223319 -0.0761858746 0.9957306385 0.0521168485 -0.3440535963 -0.0753110051 0.9359248877
114.5 291.9 2405.7 0.5625927448 -0.7312293649 0.3857369721 0.7454230189 0.2468794137 -0.6191890240 0.3575387001 0.6358884573 0.6839677691
3.6 145.1 2335.2 -0.2854794860 -0.7372848392 -0.6123009920 -0.9583183527 0.2271286696 0.1733162105 0.0112876911 0.6362574697 -0.7713941932
377.8 270.5 2308.9 0.0704672560 0.3936302960 0.9165639877 -0.9904732108 0.1365904361 0.0174890049 -0.1183096692 -0.9090644717 0.3995054364
395.6 19.7 2278.9 -0.1589984149 0.4003962874 0.9024423957 -0.9533419013 0.1753338426 -0.2457584739 -0.2566294670 -0.8994113803 0.3538367450
133.1 -107.8 2415.3 0.7513927221 0.0119278841 0.6597474813 0.0138765834 0.9993298650 -0.0338715278 -0.6597093344 0.0346058607 0.7507236600
128.3 -505.0 2401.5 0.7575206161 -0.1028599739 0.6446567178 -0.0354074389 0.9795812368 0.1979061961 -0.6518502831 -0.1727436781 0.7384110093
305.6 -122.5 2355.0 0.9066517353 0.0095556555 0.4217716157 0.0576975904 0.9875410795 -0.1464020461 -0.4179157615 0.1570708752 0.8948045373
301.8 -515.1 2292.6 0.9181172848 -0.0236020107 0.3956053257 -0.0732190162 0.9709388018 0.2278527319 -0.3894863427 -0.2381613553 0.8897075653
81.2 405.5 2332.1 0 0 0 0 0 0 0 0 0
354.3 -228.0 2212.2 0 0 0 0 0 0 0 0 0
156.6 -774.6 2449.1 0 0 0 0 0 0 0 0 0
308.2 -778.1 2357.1 0 0 0 0 0 0 0 0 0
195.0 503.5 2395.6 0 0.9179332852 -0.2106192112 0.3362112939 0.2538787425 0.9630544782 -0.0898422003 -0.3048673272 0.1678260565 0.9374915361
244.0 279.4 2356.6 0.9179332852 -0.2106192112 0.3362112939 0.2538787425 0.9630544782 -0.0898422003 -0.3048673272 0.1678260565 0.9374915361
235.7 81.4 2370.9 0.9452058673 0.0418239310 0.3237848580 -0.0627376288 0.9965452552 0.0544205122 -0.3203901649 -0.0717520788 0.9445643425
111.0 288.3 2401.7 0.5378431082 -0.7479382157 0.3889900148 0.7648363709 0.2388161719 -0.5983244181 0.3546125889 0.6193183661 0.7004960179
8.8 142.9 2334.2 -0.2668121457 -0.7572520971 -0.5961380005 -0.9637384415 0.2068086416 0.1686368436 -0.0044141156 0.6195154786 -0.7849720120
376.9 270.6 2311.5 0.0771275610 0.4134933949 0.9072345495 -0.9873745441 0.1579516083 0.0119504323 -0.1383577287 -0.8967019916 0.4204552770
396.7 17.2 2276.0 -0.1708817333 0.4133301675 0.8944034576 -0.9541391134 0.1570392251 -0.2548670769 -0.2458006889 -0.8969374895 0.3675393462
139.0 -107.6 2418.7 0.7674933076 0.0238139313 0.6406144500 0.0160880312 0.9982795119 -0.0563840158 -0.6408550143 0.0535805821 0.7657897472
129.6 -504.4 2397.4 0.7751914859 -0.0972396731 0.6241976023 -0.0457593314 0.9768434763 0.2090046257 -0.6300668716 -0.1905814558 0.7527911067
310.7 -121.6 2355.6 0.9158442020 0.0232208222 0.4008617699 0.0409667827 0.9877132773 -0.1508118510 -0.3994384706 0.1545421779 0.9036402106
301.5 -514.3 2294.1 0.9238232374 -0.0275809448 0.3818244636 -0.0614354052 0.9737923741 0.2189843059 -0.3778575361 -0.2257603407 0.8979175687
81.8 406.6 2335.5 0 0 0 0 0 0 0 0 0
352.3 -230.8 2212.1 0 0 0 0 0 0 0 0 0
156.3 -772.9 2449.8 0 0 0 0 0 0 0 0 0
308.9 -777.7 2355.2 0 0 0 0 0 0 0 0 0
197.4 503.7 2396.2 1 0.9118872285 -0.2030180395 0.3567146361 0.2493125349 0.9643732309 -0.0884734020 -0.3260443509 0.1696112007 0.9300146103
244.6 279.7 2356.8 0.9118872285 -0.2030180395 0.3567146361 0.2493125349 0.9643732309 -0.0884734020 -0.3260443509 0.1696112007 0.9300146103
241.8 81.6 2372.1 0.9397256374 0.0139778275 0.3416436315 -0.0395094231 0.9969103932 0.0678876266 -0.3396391273 -0.0772938877 0.9373744726
112.4 285.3 2404.6 0.5316411853 -0.7470865846 0.3990228474 0.7603846788 0.2134949118 -0.6133800149 0.3730586469 0.6295089722 0.6815758944
10.8 140.0 2333.3 -0.2574763298 -0.7530354261 -0.6055110097 -0.9661912918 0.1919270307 0.1721579581 -0.0134271095 0.6293660998 -0.7769929767
376.7 274.1 2309.0 0.0781533942 0.3923501074 0.9164897203 -0.9892308116 0.1446337998 0.0224385057 -0.1237516478 -0.9083735347 0.3994284272
396.9 18.8 2277.1 -0.1724310964 0.3964591920 0.9017137289 -0.9523305893 0.1667831987 -0.2554404438 -0.2516624033 -0.9027754068 0.3488016129
140.7 -111.0 2414.5 0.7529543042 0.0275556203 0.6574956179 -0.0027994604 0.9992480278 -0.0386725515 -0.6580668092 0.0272780322 0.7524652481
129.7 -508.1 2403.7 0.7564414144 -0.0974449366 0.6467618346 -0.0340788998 0.9816244245 0.1877553910 -0.6531730294 -0.1640668809 0.7392205596
314.0 -122.5 2355.8 0.9057637453 0.0258587673 0.4229933918 0.0444370694 0.9868386984 -0.1554821432 -0.4214468300 0.1596266776 0.8926936388
303.7 -514.8 2292.3 0.9152213335 -0.0154787339 0.4026540816 -0.0802840218 0.9722228646 0.2198572755 -0.3948726058 -0.2335447520 0.8885564208
82.0 407.2 2337.0 0 0 0 0 0 0 0 0 0
352.1 -228.7 2211.7 0 0 0 0 0 0 0 0 0
156.2 -774.6 2448.2 0 0 0 0 0 0 0 0 0
308.0 -780.8 2356.2 0 0 0 0 0 0 0 0 0
196.7 505.8 2398.0 2 0.9067466855 -0.2147222161 0.3629115820 0.2610750198 0.9617186785 -0.0832889751 -0.3311348557 0.1702691466 0.9280937910
246.7 282.0 2358.4 0.9067466855 -0.2147222161 0.3629115820 0.2610750198 0.9617186785 -0.0832889751 -0.3311348557 0.1702691466 0.9280937910
241.5 83.8 2372.1 0.9365810752 0.0259083938 0.3494919240 -0.0484622158 0.9972571731 0.0559425354 -0.3470839262 -0.0693318769 0.9352678061
114.9 288.8 2407.2 0.5185062885 -0.7531986833 0.4047752619 0.7656760812 0.1982486695 -0.6119130254 0.3806459308 0.6272075176 0.6794993877
15.5 142.0 2334.2 -0.2275311947 -0.7607064843 -0.6079105139 -0.9736478329 0.1678041071 0.1544398069 -0.0154734803 0.6270306110 -0.7788408995
378.4 275.2 2309.5 0.0848147348 0.3866569996 0.9183152318 -0.9874635935 0.1557537615 0.0256210305 -0.1331245005 -0.9089758396 0.3950199187
400.3 21.0 2275.2 -0.1786457896 0.3879159987 0.9042161703 -0.9524350166 0.1624193937 -0.2578516006 -0.2468870133 -0.9072712660 0.3404492438
152.9 -112.9 2418.6 0.7473289967 0.0500349775 0.6625676155 -0.0194730349 0.9983816743 -0.0534303784 -0.6641687751 0.0270278696 0.7470939159
133.0 -509.6 2407.9 0.7484636307 -0.0913609043 0.6568526030 -0.0311365910 0.9845318794 0.1724166423 -0.6624444723 -0.1494997442 0.7340416312
325.2 -120.1 2356.3 0.9025089145 0.0487161539 0.4279069602 0.0241861902 0.9862803817 -0.1632972807 -0.4299914539 0.1577266902 0.8889486194
305.8 -512.2 2293.6 0.9094024897 -0.0096478937 0.4158053100 -0.0862021670 0.9736509323 0.2111231983 -0.4068861306 -0.2278392762 0.8846089244
79.4 415.4 2338.6 0 0 0 0 0 0 0 0 0
353.8 -226.6 2211.1 0 0 0 0 0 0 0 0 0
157.6 -775.1 2448.2 0 0 0 0 0 0 0 0 0
308.5 -779.5 2356.2 0 0 0 0 0 0 0 0 0
198.3 505.0 2398.9 3 0.9052969813 -0.2297065556 0.3573125601 0.2711025774 0.9600235820 -0.0696998239 -0.3270179927 0.1599673927 0.9313805103
251.3 283.3 2361.9 0.9052969813 -0.2297065556 0.3573125601 0.2711025774 0.9600235820 -0.0696998239 -0.3270179927 0.1599673927 0.9313805103
250.1 84.8 2371.9 0.9388628006 0.0063736024 0.3442324698 -0.0232860092 0.9987146854 0.0450188704 -0.3435030878 -0.0502823442 0.9378045201
119.3 286.5 2410.2 0.5266520977 -0.7316528559 0.4328066707 0.7497385740 0.1598107070 -0.6421468258 0.4006614387 0.6626798511 0.6327130198
19.1 143.9 2334.0 -0.2161524445 -0.7316528559 -0.6464999318 -0.9763544202 0.1598107070 0.1455768347 -0.0031940963 0.6626798511 -0.7488960028
383.4 280.0 2313.6 0.0615341924 0.3900521100 0.9187344313 -0.9887211323 0.1497446448 0.0026470611 -0.1365430653 -0.9085350037 0.3948671818
399.4 23.8 2278.2 -0.1763767749 0.3938687742 0.9020857215 -0.9505418539 0.1698772758 -0.2600228190 -0.2556587160 -0.9033322334 0.3444263339
150.5 -110.0 2417.7 0.7498670220 0.0402921475 0.6603605151 -0.0087011792 0.9986580610 -0.0510529466 -0.6615313292 0.0325370058 0.7492113113
134.5 -506.9 2404.8 0.7531661391 -0.0851014033 0.6523024440 -0.0418952741 0.9833784699 0.1766680330 -0.6564948559 -0.1603887826 0.7370820045
322.3 -118.8 2354.1 0.9028872848 0.0419803374 0.4278226197 0.0270774085 0.9876900315 -0.1540624648 -0.4290237427 0.1506853700 0.8906360269
305.6 -511.5 2294.1 0.9098150134 -0.0118814129 0.4148439765 -0.0815342218 0.9749924541 0.2067412138 -0.4069260955 -0.2219202369 0.8860939741
80.9 423.0 2335.0 0 0 0 0 0 0 0 0 0
353.5 -223.3 2211.8 0 0 0 0 0 0 0 0 0
157.7 -775.1 2448.5 0 0 0 0 0 0 0 0 0
308.8 -778.4 2354.9 0 0 0 0 0 0 0 0 0
198.1 508.7 2391.3 4 0.9034627676 -0.2395961434 0.3554557264 0.2670388818 0.9632353187 -0.0294613801 -0.3353286684 0.1215377599 0.9342287183
253.7 285.4 2363.1 0.9034627676 -0.2395961434 0.3554557264 0.2670388818 0.9632353187 -0.0294613801 -0.3353286684 0.1215377599 0.9342287183
252.4 86.8 2372.9 0.9379402399 0.0065477258 0.3467350900 -0.0232219175 0.9987635612 0.0439561531 -0.3460185528 -0.0492800958 0.9369325638
121.7 288.6 2411.8 0.5228368640 -0.7381099463 0.4264215231 0.7523473501 0.1643768996 -0.6379292011 0.4007680416 0.6543500423 0.6412574053
21.2 143.9 2334.7 -0.2209495157 -0.7381099463 -0.6374754906 -0.9752760530 0.1643768996 0.1477053463 -0.0042365468 0.6543500423 -0.7561799288
385.7 282.1 2314.5 0.0907068476 0.3862535954 0.9179217815 -0.9852365255 0.1691874117 0.0261661168 -0.1451940536 -0.9067435265 0.3958975971
408.2 37.4 2278.4 -0.1951897144 0.3831411004 0.9028310180 -0.9502902031 0.1538092941 -0.2707234621 -0.2425890714 -0.9107939601 0.3340732455
162.7 -111.5 2413.4 0.7467135191 0.0727843717 0.6611515284 -0.0327281281 0.9968114495 -0.0727726594 -0.6643401384 0.0327020772 0.7467146516
