-440.4 497.9 2353.4 81 0.8322386742 0.0607817620 -0.5510756373 -0.0520698763 0.9981479049 0.0314559825 0.5519669056 0.0025155535 0.8338621855
-452.6 297.1 2352.9 0.8322386742 0.0607817620 -0.5510756373 -0.0520698763 0.9981479049 0.0314559825 0.5519669056 0.0025155535 0.8338621855
-462.4 101.5 2352.4 0.8327456713 0.0497463979 -0.5514163375 -0.0429106839 0.9987584949 0.0253002122 0.5519903302 0.0025930114 0.8338464499
-571.3 303.2 2274.3 0.6145547032 -0.1616085768 -0.7721432447 0.7769883275 -0.0452674143 0.6278853416 -0.1364245862 -0.9858161807 0.0977486745
-721.8 113.0 2307.7 -0.1099919379 -0.1616085768 -0.9807060957 0.9935494661 -0.0452674143 -0.1039728746 -0.0275911223 -0.9858161807 0.1655451655
-334.0 291.0 2431.6 0.3049391806 0.6434908509 -0.7020908594 -0.8397607803 0.5294171572 0.1204959825 0.4492370188 0.5528444648 0.7018184662
-279.4 140.9 2511.9 0.3459831774 0.6434908509 0.6827994585 0.4430882335 0.5294171572 -0.7234571576 -0.8270238638 0.5528444648 -0.1019538119
-547.9 -90.1 2301.9 0.6102816463 -0.0771659911 -0.7884172201 0.1175133288 0.9930517673 -0.0062322272 0.7834200263 -0.0888461173 0.6151092649
-517.7 -479.0 2336.7 0.6077139378 -0.1244797856 -0.7843395472 0.1390940696 0.9890562892 -0.0491982177 0.7818801403 -0.0791985393 0.6183776855
-397.4 -98.1 2401.7 -0.8268222213 -0.2819783986 -0.4866757095 -0.3458843529 0.9372161031 0.0446091332 0.4435414970 0.2052173316 -0.8724430203
-286.9 -465.2 2321.3 -0.8937272429 -0.0188244916 -0.4482155740 0.0147161521 0.9973512888 -0.0712310299 0.4483692646 -0.0702571273 -0.8910830021
-693.6 -141.4 2314.7 0 0 0 0 0 0 0 0 0
-180.6 267.5 2275.6 0 0 0 0 0 0 0 0 0
-482.4 -759.2 2359.1 0 0 0 0 0 0 0 0 0
-281.2 -769.4 2342.7 0 0 0 0 0 0 0 0 0
-440.0 499.1 2352.9 82 0.8205598593 0.0607151724 -0.5683265924 -0.0498494506 0.9981551170 0.0346608832 0.5693825483 -0.0001105624 0.8220726848
-452.2 298.9 2352.9 0.8205598593 0.0607151724 -0.5683265924 -0.0498494506 0.9981551170 0.0346608832 0.5693825483 -0.0001105624 0.8220726848
-462.4 103.3 2352.5 0.8209024072 0.0518172272 -0.5687127709 -0.0437717848 0.9986544251 0.0278086662 0.5693885088 0.0020653724 0.8220659494
-569.2 305.1 2271.7 0.6086693406 -0.1803749502 -0.7726490498 0.7800779939 -0.0418151878 0.6242834330 -0.1449135542 -0.9827086926 0.1152549088
-721.4 110.0 2308.0 -0.1123993993 -0.1803749502 -0.9771546721 0.9934274554 -0.0418151878 -0.1065524668 -0.0216405094 -0.9827086926 0.1838894188
-335.2 292.6 2434.0 0.2815522254 0.6995766759 -0.6567502022 -0.8591569662 0.4885798991 0.1521149874 0.4272910357 0.5214232206 0.7386069298
-283.4 134.5 2512.6 0.3402680755 0.6995766759 0.6283391714 0.4138864577 0.4885798991 -0.7681065798 -0.8443433046 0.5214232206 -0.1232971624
-547.4 -90.2 2302.0 0.5936429501 -0.0693874136 -0.8017315269 0.1222076416 0.9924939275 0.0045914608 0.7953950763 -0.1007034034 0.5976666808
-520.2 -479.0 2341.5 0.5926923752 -0.1349658370 -0.7940403223 0.1292880327 0.9890184999 -0.0716030151 0.7949845195 -0.0602213554 0.6036331654
-396.8 -98.0 2401.8 -0.8384938836 -0.2780158520 -0.4686525464 -0.3373411894 0.9402692914 0.0457668826 0.4279356599 0.1964710504 -0.8821962476
-287.9 -466.3 2324.9 -0.9006961584 -0.0231120326 -0.4338343441 0.0042135874 0.9980722666 -0.0619191192 0.4344291091 -0.0575983115 -0.8988624811
-692.6 -144.4 2313.5 0 0 0 0 0 0 0 0 0
-186.7 252.2 2272.5 0 0 0 0 0 0 0 0 0
-482.0 -758.9 2358.5 0 0 0 0 0 0 0 0 0
-280.9 -769.0 2342.3 0 0 0 0 0 0 0 0 0
-438.2 500.2 2352.6 83 0.8177328110 0.0675335526 -0.5716224909 -0.0541076846 0.9977146387 0.0404700451 0.5730491877 -0.0021645138 0.8195180893
-451.8 300.0 2353.0 0.8177328110 0.0675335526 -0.5716224909 -0.0541076846 0.9977146387 0.0404700451 0.5730491877 -0.0021645138 0.8195180893
-462.6 104.4 2352.8 0.8182424903 0.0551269539 -0.5722239017 -0.0458127186 0.9984787107 0.0306823533 0.5730448365 0.0011095277 0.8195232749
-568.4 306.5 2271.3 0.6196988225 -0.1797022969 -0.7639898062 0.7708992362 -0.0432854332 0.6354846954 -0.1472676843 -0.9827682376 0.1117084250
-722.6 114.6 2308.0 -0.1032662317 -0.1797022969 -0.9782858491 0.9943417311 -0.0432854332 -0.0970099196 -0.0249126218 -0.9827682376 0.1831554174
-335.2 293.4 2434.7 0.2725869119 0.7273010015 -0.6298647523 -0.8818573952 0.4506489038 0.1387196630 0.3847388327 0.5176376700 0.7642167807
-285.4 132.3 2504.9 0.3375546634 0.7273010015 0.5975701213 0.4218147993 0.4506489038 -0.7867577672 -0.8415040970 0.5176376700 -0.1546676904
-546.7 -88.4 2300.6 0.5904534459 -0.0780233145 -0.8032914400 0.1224587709 0.9924530387 -0.0063840826 0.7977271676 -0.0946005806 0.5955519676
-516.1 -477.1 2337.7 0.5896435380 -0.1183856428 -0.7989401817 0.1293561459 0.9902719855 -0.0512678847 0.7972374558 -0.0731180385 0.5992213488
-398.3 -96.3 2403.5 -0.8394467235 -0.2797628641 -0.4658990800 -0.3409342170 0.9387242198 0.0506031141 0.4231939018 0.2013195604 -0.8833897114
-288.7 -464.0 2324.7 -0.9029009938 -0.0239680130 -0.4291798770 0.0028778922 0.9980847836 -0.0617935807 0.4298389852 -0.0570286177 -0.9011027813
-696.2 -140.0 2314.4 0 0 0 0 0 0 0 0 0
-189.3 252.4 2265.5 0 0 0 0 0 0 0 0 0
-482.2 -761.1 2358.6 0 0 0 0 0 0 0 0 0
-281.4 -768.8 2342.1 0 0 0 0 0 0 0 0 0
-437.2 499.0 2353.9 84 0.8155280352 0.0686074048 -0.5746364594 -0.0564248562 0.9976435900 0.0390328243 0.5759603381 0.0005914173 0.8174774647
-451.0 298.8 2353.8 0.8155280352 0.0686074048 -0.5746364594 -0.0564248562 0.9976435900 0.0390328243 0.5759603381 0.0005914173 0.8174774647
-462.3 103.2 2353.2 0.8160046935 0.0576915108 -0.5751591325 -0.0488914065 0.9983299375 0.0307732988 0.5759739280 0.0030091808 0.8174625635
-567.3 305.7 2271.7 0.6314950585 -0.2163868695 -0.7445741892 0.7605221272 -0.0142286625 0.6491560936 -0.1510631442 -0.9762040377 0.1555816829
-725.2 115.6 2309.5 -0.1565312743 -0.2163868695 -0.9636777043 0.9874643087 -0.0142286625 -0.1572000086 0.0203041732 -0.9762040377 0.2159015387
-334.7 291.8 2435.9 0.2747302055 0.7467228770 -0.6057460308 -0.8907787800 0.4348345697 0.1320307255 0.3619896770 0.5033128858 0.7846270800
-286.1 134.2 2499.9 0.3275647759 0.7467228770 0.5788836479 0.4181666672 0.4348345697 -0.7975308895 -0.8472532034 0.5033128858 -0.1698181182
-547.3 -87.0 2300.8 0.5875307918 -0.0780974329 -0.8054243326 0.1233725026 0.9923409224 -0.0062254607 0.7997416854 -0.0957095698 0.5926659107
-516.8 -475.7 2338.3 0.5870263577 -0.1204925403 -0.8005508184 0.1275624931 0.9902759790 -0.0555096827 0.7994547486 -0.0695346072 0.5966884494
-399.4 -95.3 2404.4 -0.8396779299 -0.2853032947 -0.4621071517 -0.3467967510 0.9364999533 0.0519598871 0.4179390073 0.2038868219 -0.8853005767
-287.7 -462.1 2324.5 -0.9053152800 -0.0211007483 -0.4242157638 0.0056335176 0.9980808496 -0.0616675876 0.4247028530 -0.0582184345 -0.9034589529
-685.4 -135.0 2304.3 0 0 0 0 0 0 0 0 0
-192.6 253.6 2258.0 0 0 0 0 0 0 0 0 0
-482.1 -760.4 2358.2 0 0 0 0 0 0 0 0 0
-281.2 -768.3 2342.4 0 0 0 0 0 0 0 0 0
-437.4 500.6 2360.1 85 0.8093869090 0.0671918988 -0.5834193230 -0.0636299849 0.9976184368 0.0266199633 0.5838185549 0.0155771123 0.8117347360
-450.9 300.2 2357.0 0.8093869090 0.0671918988 -0.5834193230 -0.0636299849 0.9976184368 0.0266199633 0.5838185549 0.0155771123 0.8117347360
-461.9 104.7 2353.6 0.8098857403 0.0562291443 -0.5838864446 -0.0555629842 0.9982731342 0.0190659948 0.5839502215 0.0170011949 0.8116114140
-566.3 308.1 2273.8 0.6315206885 -0.2238631994 -0.7423387766 0.7609525323 -0.0047564437 0.6487901211 -0.1487711221 -0.9746089578 0.1673454642
-723.5 118.7 2310.8 -0.1582265049 -0.2238631994 -0.9616910219 0.9868993759 -0.0047564437 -0.1612668037 0.0315274745 -0.9746089578 0.2216830403
-335.5 292.2 2440.2 0.2678852379 0.7641436458 -0.5867895484 -0.8861315846 0.4344755709 0.1612505913 0.3781643510 0.4767761230 0.7935214043
-287.9 135.0 2507.3 0.3148130774 0.7641436458 0.5630072951 0.3939342797 0.4344755709 -0.8099671602 -0.8635441661 0.4767761230 -0.1642437726
-547.4 -87.9 2300.6 0.5776746869 -0.0746143684 -0.8128497005 0.1278871447 0.9917886853 -0.0001531844 0.8061865568 -0.1038645431 0.5824734569
-518.1 -476.4 2341.2 0.5787758231 -0.1233108938 -0.8061097860 0.1192235723 0.9906751513 -0.0659430325 0.8067244291 -0.0579410568 0.5880804062
-399.9 -96.7 2404.7 -0.8447331190 -0.2869974077 -0.4517282844 -0.3497425914 0.9349202514 0.0600349270 0.4051000476 0.2087021172 -0.8901333213
-287.4 -462.9 2322.9 -0.9122691751 -0.0225383658 -0.4089706838 0.0051151677 0.9977801442 -0.0663977712 0.4095593095 -0.0626645908 -0.9101287127
-683.2 -132.9 2302.7 0 0 0 0 0 0 0 0 0
-199.0 246.2 2263.4 0 0 0 0 0 0 0 0 0
-482.9 -759.7 2357.8 0 0 0 0 0 0 0 0 0
-280.5 -767.7 2342.1 0 0 0 0 0 0 0 0 0
-433.9 501.3 2356.2 86 0.8029630780 0.0798051804 -0.5906618237 -0.0637403727 0.9968100786 0.0480299182 0.5926107168 -0.0009172459 0.8054884672
-449.9 301.1 2356.4 0.8029630780 0.0798051804 -0.5906618237 -0.0637403727 0.9968100786 0.0480299182 0.5926107168 -0.0009172459 0.8054884672
-463.3 105.8 2355.5 0.8034189343 0.0681355074 -0.5915028453 -0.0575950667 0.9976655245 0.0366921015 0.5926220417 0.0045885169 0.8054676056
-564.4 309.3 2271.9 0.6255915165 -0.2266466320 -0.7465028763 0.7644456029 -0.0129447943 0.6445582509 -0.1557502896 -0.9738910198 0.1651608795
-720.4 118.7 2310.8 -0.1282178015 -0.2266466320 -0.9655006528 0.9916061163 -0.0129447943 -0.1286458522 0.0166589431 -0.9738910198 0.2264039367
-335.4 292.9 2440.8 0.2461665869 0.7754467726 -0.5814501643 -0.8932141662 0.4143916965 0.1744933873 0.3762584627 0.4764050841 0.7946494818
-290.9 131.5 2508.8 0.3179661334 0.7754467726 0.5455087423 0.3955739439 0.4143916965 -0.8196345568 -0.8616372943 0.4764050841 -0.1749840230
-546.1 -85.8 2297.5 0.5716225505 -0.0771760195 -0.8168791533 0.1267331690 0.9919241071 -0.0050303806 0.8106703162 -0.1006501988 0.5767869353
-515.9 -474.4 2337.0 0.5716537833 -0.1158339977 -0.8122773170 0.1264663041 0.9905933738 -0.0522597954 0.8106899858 -0.0728512034 0.5809255242
-399.7 -95.9 2403.1 -0.8507277369 -0.2824597061 -0.4432593882 -0.3412663937 0.9382303357 0.0571054257 0.3997494280 0.1998506933 -0.8945725560
-289.0 -463.4 2324.8 -0.9144408107 -0.0285057537 -0.4037145972 -0.0034105068 0.9980238080 -0.0627441183 0.4047053456 -0.0559989065 -0.9127309322
-687.7 -134.6 2306.5 0 0 0 0 0 0 0 0 0
-202.3 241.8 2268.6 0 0 0 0 0 0 0 0 0
-482.4 -760.3 2358.0 0 0 0 0 0 0 0 0 0
-280.3 -768.6 2341.9 0 0 0 0 0 0 0 0 0
-433.1 501.0 2354.2 87 0.8085697293 0.0800373927 -0.5829313993 -0.0609649345 0.9967690110 0.0522949882 0.5852335691 -0.0067457678 0.8108367324
-449.2 300.9 2355.6 0.8085697293 0.0800373927 -0.5829313993 -0.0609649345 0.9967690110 0.0522949882 0.5852335691 -0.0067457678 0.8108367324
-462.8 105.5 2356.0 0.8089806437 0.0698290542 -0.5836730599 -0.0554968789 0.9975571036 0.0424254052 0.5852097273 -0.0019292959 0.8108796477
-564.4 308.8 2272.2 0.6346514821 -0.2193085551 -0.7410271764 0.7558508515 -0.0235601719 0.6543198228 -0.1609566659 -0.9753710628 0.1508120596
-719.6 124.0 2311.5 -0.1052840278 -0.2193085551 -0.9699582458 0.9944421053 -0.0235601719 -0.1026146486 -0.0003481126 -0.9753710628 0.2205701768
-333.9 293.0 2439.0 0.2238361090 0.7796964049 -0.5847827792 -0.9002650380 0.3952745199 0.1824306697 0.3733902574 0.4856248796 0.7904101610
-293.0 128.5 2507.2 0.3280292451 0.7796964049 0.5333575606 0.4027689397 0.3952745199 -0.8255514503 -0.8545022011 0.4856248796 -0.1843758970
-549.2 -84.4 2301.0 0.5796788335 -0.0912658274 -0.8097178340 0.1295259744 0.9913936853 -0.0190151371 0.8044846058 -0.0938568264 0.5865111947
-513.5 -472.7 2337.7 0.5807359815 -0.1046240106 -0.8073410392 0.1197758168 0.9918958545 -0.0423835739 0.8052325845 -0.0720862672 0.5885609984
-404.0 -94.8 2408.1 -0.8375027776 -0.3023727536 -0.4551481307 -0.3692800999 0.9271417856 0.0635631904 0.4027670920 0.2213114947 -0.8881440759
-285.6 -457.8 2321.5 -0.9128271937 -0.0168068595 -0.4080000222 0.0118970294 0.9976338744 -0.0677132905 0.4081726968 -0.0666645244 -0.9104673862
-692.7 -130.2 2311.6 0 0 0 0 0 0 0 0 0
-202.1 240.1 2270.5 0 0 0 0 0 0 0 0 0
-483.1 -760.9 2358.7 0 0 0 0 0 0 0 0 0
-280.4 -769.1 2342.3 0 0 0 0 0 0 0 0 0
-432.9 500.2 2353.3 88 0.8087111115 0.0820011720 -0.5824621320 -0.0603041835 0.9965755939 0.0565731153 0.5851066113 -0.0106264027 0.8108867407
-449.4 300.4 2355.4 0.8087111115 0.0820011720 -0.5824621320 -0.0603041835 0.9965755939 0.0565731153 0.5851066113 -0.0106264027 0.8108867407
-463.4 105.1 2356.7 0.8091792464 0.0717473030 -0.5831648707 -0.0542328767 0.9973998070 0.0474593565 0.5850536227 -0.0067764167 0.8109663129
-564.7 308.2 2272.0 0.6403191090 -0.1985904276 -0.7419927716 0.7527987361 -0.0296583846 0.6575822830 -0.1525958478 -0.9796336889 0.1305077970
-720.7 124.7 2309.2 -0.0851154402 -0.1985904276 -0.9763796329 0.9962874651 -0.0296583846 -0.0808185413 -0.0129080545 -0.9796336889 0.2003775388
-334.0 292.7 2438.8 0.2134773433 0.7748966217 -0.5949475765 -0.9002237916 0.3925951421 0.1883246154 0.3795056343 0.4953829050 0.7813906074
-294.2 124.6 2509.6 0.3296963274 0.7748966217 0.5392916799 0.4176239371 0.3925951421 -0.8194261789 -0.8466939330 0.4953829050 -0.1941782087
-549.6 -84.8 2303.4 0.5807200074 -0.0887763053 -0.8092484474 0.1281576455 0.9916112423 -0.0168154463 0.8039526343 -0.0939463079 0.5872258544
-514.9 -473.2 2340.2 0.5821118951 -0.1096577942 -0.8056803942 0.1159739122 0.9919309616 -0.0512153059 0.8047955036 -0.0636248738 0.5901322365
-403.4 -94.8 2409.2 -0.8369526863 -0.3032404482 -0.4555825293 -0.3689407110 0.9274858236 0.0604384616 0.4042189717 0.2186670750 -0.8881394863
-284.6 -458.1 2323.6 -0.9110378027 -0.0137633346 -0.4120930731 0.0125906626 0.9980480671 -0.0611683130 0.4121305645 -0.0609151721 -0.9090862274
-698.9 -130.1 2312.5 0 0 0 0 0 0 0 0 0
-203.2 239.9 2275.9 0 0 0 0 0 0 0 0 0
-483.1 -760.3 2358.7 0 0 0 0 0 0 0 0 0
-280.3 -770.1 2342.6 0 0 0 0 0 0 0 0 0
-433.1 498.9 2352.8 89 0.8144095540 0.0794922560 -0.5748200417 -0.0582222417 0.9967678189 0.0553539731 0.5773622990 -0.0116134919 0.8164054751
-449.0 299.3 2355.1 0.8144095540 0.0794922560 -0.5748200417 -0.0582222417 0.9967678189 0.0553539731 0.5773622990 -0.0116134919 0.8164054751
-462.8 103.9 2356.6 0.8148154616 0.0702419207 -0.5754492283 -0.0528161153 0.9974988699 0.0469734669 0.5773094893 -0.0078817112 0.8164873719
-565.2 306.8 2272.8 0.6431899071 -0.2045321167 -0.7378844023 0.7478002310 -0.0393978544 0.6627538204 -0.1646254957 -0.9780666828 0.1276088655
-720.8 125.9 2312.6 -0.0750750974 -0.2045321167 -0.9759765863 0.9968779683 -0.0393978544 -0.0684264153 -0.0244559851 -0.9780666828 0.2068513483
-332.9 291.8 2437.4 0.2061891258 0.7718312740 -0.6014670134 -0.8966699839 0.3951225877 0.1996524334 0.3917512000 0.4981512427 0.7735478878
-294.5 124.5 2510.5 0.3304398060 0.7718312740 0.5432182550 0.4200869501 0.3951225877 -0.8169486523 -0.8451842666 0.4981512427 -0.1936720014
-550.6 -85.4 2305.1 0.5884367228 -0.0915348232 -0.8033452630 0.1267468184 0.9917302132 -0.0201599039 0.7985470891 -0.0899586305 0.5951722264
-514.8 -473.8 2340.4 0.5899236202 -0.1076277271 -0.8002539277 0.1135312766 0.9922873974 -0.0497627743 0.7994377613 -0.0614976175 0.5975928903
-404.3 -95.2 2410.9 -0.8341712952 -0.2980326116 -0.4640417993 -0.3648491800 0.9291899800 0.0590847209 0.4135738313 0.2185920477 -0.8838406205
-287.6 -459.1 2325.3 -0.9054668546 -0.0218529496 -0.4238539934 0.0019626783 0.9984472394 -0.0556704849 0.4244124293 -0.0512396656 -0.9040180445
-701.6 -129.2 2318.9 0 0 0 0 0 0 0 0 0
-203.9 239.6 2278.8 0 0 0 0 0 0 0 0 0
-483.7 -760.4 2358.1 0 0 0 0 0 0 0 0 0
-280.8 -768.6 2341.2 0 0 0 0 0 0 0 0 0
-434.5 500.0 2359.5 90 0.7923232913 0.0689410493 -0.6061937809 -0.0571523607 0.9976129532 0.0387554914 0.6074186563 0.0039385264 0.7943721414
-448.3 300.0 2358.7 0.7923232913 0.0689410493 -0.6061937809 -0.0571523607 0.9976129532 0.0387554914 0.6074186563 0.0039385264 0.7943721414
-461.2 104.6 2357.5 0.7923917174 0.0659044534 -0.6064420342 -0.0561398976 0.9978063703 0.0350818262 0.6074237823 0.0062470459 0.7943533659
-561.2 308.1 2272.2 0.6675508022 -0.2373738587 -0.7057120800 0.7248544693 -0.0094512934 0.6888371706 -0.1701818258 -0.9713723660 0.1657522917
-723.0 132.3 2313.5 -0.1300170422 -0.2373738587 -0.9626781344 0.9912648201 -0.0094512934 -0.1315474361 0.0221273676 -0.9713723660 0.2365291864
-335.5 292.0 2445.2 0.2221662104 0.7793148756 -0.5859270096 -0.9057031274 0.3874743879 0.1719461977 0.3610319495 0.4924753010 0.7919116020
-294.6 125.3 2511.7 0.3217813373 0.7793148756 0.5377035141 0.4269230366 0.3874743879 -0.8170681596 -0.8450996876 0.4924753010 -0.2080254555
-550.2 -86.7 2306.0 0.5567107797 -0.0979733244 -0.8249086738 0.1218674555 0.9919090867 -0.0355623662 0.8217185736 -0.0807315707 0.5641462207
-511.8 -475.2 2337.6 0.5575648546 -0.0976014957 -0.8243757486 0.1133917347 0.9927106500 -0.0408391431 0.8223525882 -0.0707069263 0.5645677447
-402.9 -96.2 2410.4 -0.8478454351 -0.3047486544 -0.4339198172 -0.3726036251 0.9246525168 0.0786404908 0.3772594333 0.2283550650 -0.8975128531
-283.5 -458.4 2320.9 -0.9241997600 -0.0111685526 -0.3817460537 0.0147332372 0.9977855682 -0.0648605898 0.3816250861 -0.0655684993 -0.9219886661
-690.2 -117.5 2307.9 0 0 0 0 0 0 0 0 0
-206.5 242.2 2280.4 0 0 0 0 0 0 0 0 0
-483.8 -760.0 2357.9 0 0 0 0 0 0 0 0 0
-280.1 -768.1 2341.3 0 0 0 0 0 0 0 0 0
-435.2 501.9 2362.9 91 0.7971019149 0.0694903582 -0.5998330116 -0.0618323162 0.9975276589 0.0333957896 0.6006707549 0.0104692178 0.7994279861
-449.2 302.0 2360.8 0.7971019149 0.0694903582 -0.5998330116 -0.0618323162 0.9975276589 0.0333957896 0.6006707549 0.0104692178 0.7994279861
-461.5 106.5 2358.4 0.7973629236 0.0631225556 -0.6001898646 -0.0579044409 0.9979286790 0.0280260518 0.6007157564 0.0124067245 0.7993664145
-562.8 310.2 2275.2 0.6527615786 -0.2130653113 -0.7269838452 0.7405789495 -0.0225904435 0.6715895534 -0.1595153213 -0.9767767787 0.1430455148
-721.3 130.3 2314.0 -0.1127879173 -0.2130653113 -0.9705060720 0.9936177731 -0.0225904435 -0.1105143428 0.0016226103 -0.9767767787 0.2142534107
-335.6 293.7 2446.4 0.2188193649 0.7647392154 -0.6060462594 -0.9076951146 0.3874467015 0.1611665934 0.3580610156 0.5148388147 0.7789308429
-294.4 123.0 2513.7 0.3228556812 0.7647392154 0.5576183200 0.4610665441 0.3874467015 -0.7983124256 -0.8265481591 0.5148388147 -0.2275063097
-545.6 -85.7 2301.4 0.5621285439 -0.0811109468 -0.8230628967 0.1262995154 0.9919255972 -0.0114929993 0.8173493147 -0.0974919051 0.5678339601
-513.8 -474.1 2339.6 0.5637439489 -0.1055522189 -0.8191773295 0.1116979569 0.9924322367 -0.0510077327 0.8183619976 -0.0627451390 0.5712676048
-402.4 -95.9 2411.2 -0.8450556993 -0.3041792214 -0.4397224486 -0.3736142516 0.9242427945 0.0786619037 0.3824829757 0.2307602614 -0.8946823478
-283.3 -457.9 2320.8 -0.9221045375 -0.0099842930 -0.3868120015 0.0171656460 0.9976273775 -0.0666709468 0.3865599036 -0.0681174621 -0.9197453260
-692.7 -122.1 2313.6 0 0 0 0 0 0 0 0 0
-204.8 251.0 2284.3 0 0 0 0 0 0 0 0 0
-483.5 -759.2 2357.7 0 0 0 0 0 0 0 0 0
-280.2 -769.5 2342.1 0 0 0 0 0 0 0 0 0
-437.3 502.5 2365.1 92 0.7899069190 0.0635853410 -0.6099213362 -0.0605119839 0.9978376627 0.0256574322 0.6102339029 0.0166405663 0.7920465469
-450.1 302.0 2361.7 0.7899069190 0.0635853410 -0.6099213362 -0.0605119839 0.9978376627 0.0256574322 0.6102339029 0.0166405663 0.7920465469
-460.8 106.5 2358.3 0.7902731299 0.0548407882 -0.6102957726 -0.0543391965 0.9983351231 0.0193458311 0.6103405952 0.0178744923 0.7919374108
-562.7 309.8 2274.8 0.6389994025 -0.2138630301 -0.7388791442 0.7520427108 -0.0280946009 0.6585153341 -0.1615906060 -0.9764595628 0.1428817064
-717.6 127.5 2314.0 -0.0751125365 -0.2138630301 -0.9739716053 0.9970999956 -0.0280946009 -0.0707272291 -0.0122374026 -0.9764595628 0.2153530866
-337.5 294.3 2448.7 0.2226550877 0.7518025637 -0.6206590533 -0.9084796906 0.3909697831 0.1476727873 0.3536796868 0.5309760571 0.7700487971
-294.6 119.5 2516.8 0.3134349287 0.7518025637 0.5801305771 0.4965739846 0.3909697831 -0.7749560475 -0.8094274402 0.5309760571 -0.2507820129
-545.9 -83.7 2301.7 0.5506872535 -0.0801519975 -0.8308544755 0.1290840358 0.9915822148 -0.0101008806 0.8246701360 -0.1016876251 0.5563980341
-514.5 -472.0 2341.5 0.5532188416 -0.1068578213 -0.8261539340 0.1068825796 0.9926467538 -0.0568206608 0.8261507154 -0.0568672046 0.5605720878
-401.8 -94.2 2410.2 -0.8479607105 -0.3051797450 -0.4333912134 -0.3784517646 0.9210479259 0.0918963179 0.3711291850 0.2419421375 -0.8965082765
-282.3 -454.9 2315.5 -0.9293560386 -0.0066783205 -0.3691243231 0.0249633491 0.9964113235 -0.0808784217 0.3683397770 -0.0843794271 -0.9258541465
-698.4 -126.6 2317.1 0 0 0 0 0 0 0 0 0
-207.5 257.5 2291.8 0 0 0 0 0 0 0 0 0
-483.7 -758.4 2357.9 0 0 0 0 0 0 0 0 0
-280.2 -769.3 2342.1 0 0 0 0 0 0 0 0 0
-438.6 502.6 2365.7 93 0.7913764119 0.0605731532 -0.6083208919 -0.0581916459 0.9980246425 0.0236750152 0.6085532904 0.0166633427 0.7933380008
-450.7 302.5 2362.3 0.7913764119 0.0605731532 -0.6083208919 -0.0581916459 0.9980246425 0.0236750152 0.6085532904 0.0166633427 0.7933380008
-460.8 106.9 2358.9 0.7917332053 0.0518193021 -0.6086652279 -0.0518539511 0.9985002875 0.0175582450 0.6086622477 0.0176602509 0.7932328582
-563.5 309.9 2275.6 0.6296911836 -0.2038106769 -0.7496334314 0.7609766126 -0.0322180018 0.6479788423 -0.1562166959 -0.9784800410 0.1348077655
-716.6 124.9 2313.6 -0.0727036968 -0.2038106769 -0.9763070345 0.9971966743 -0.0322180018 -0.0675335824 -0.0176905971 -0.9784800410 0.2055816948
-337.9 295.1 2449.1 0.2186972946 0.7761508822 -0.5914062262 -0.9142517447 0.3748129606 0.1538147926 0.3410502076 0.5070552826 0.7915678620
-294.5 113.7 2516.7 0.2725645602 0.7761508822 0.5685933232 0.5257079005 0.3748129606 -0.7636402249 -0.8058161736 0.5070552826 -0.3058679402
-542.9 -84.1 2299.6 0.5521454811 -0.0726913810 -0.8305729032 0.1295563132 0.9915718436 -0.0006559304 0.8236203790 -0.1072437838 0.5569095612
-514.4 -472.5 2341.6 0.5548978448 -0.1034213603 -0.8254649639 0.1048194766 0.9930266738 -0.0539527088 0.8252885938 -0.0565865710 0.5618689060
-400.1 -93.9 2409.9 -0.8524661660 -0.2888383865 -0.4357451797 -0.3609844446 0.9281220436 0.0909929648 0.3781424463 0.2348656505 -0.8954587579
-287.0 -457.4 2317.9 -0.9263792634 -0.0268767085 -0.3756315708 0.0035717089 0.9967781305 -0.0801287070 0.3765749037 -0.0755712241 -0.9232985973
-698.0 -129.9 2318.1 0 0 0 0 0 0 0 0 0
-218.9 259.4 2293.4 0 0 0 0 0 0 0 0 0
-484.6 -759.4 2358.0 0 0 0 0 0 0 0 0 0
-278.5 -771.6 2341.8 0 0 0 0 0 0 0 0 0
-439.1 502.8 2366.0 94 0.8041004539 0.0606873818 -0.5913878083 -0.0602346398 0.9979735017 0.0205105636 0.5914341211 0.0191294793 0.8061264157
-451.3 302.2 2362.1 0.8041004539 0.0606873818 -0.5913878083 -0.0602346398 0.9979735017 0.0205105636 0.5914341211 0.0191294793 0.8061264157
-460.8 106.6 2358.6 0.8046830297 0.0483951829 -0.5917288661 -0.0495702326 0.9986687303 0.0142673971 0.5916315913 0.0178514067 0.8060107827
-565.9 309.3 2277.8 0.6268121004 -0.1892001927 -0.7558504343 0.7650113702 -0.0346550345 0.6430836916 -0.1478655785 -0.9813268185 0.1230181009
-715.6 126.7 2313.1 -0.0623081811 -0.1892001927 -0.9799596667 0.9977867603 -0.0346550345 -0.0567508414 -0.0232232660 -0.9813268185 0.1909407377
-336.6 295.2 2446.4 0.1833671629 0.7581824660 -0.6257282495 -0.9232170582 0.3514825106 0.1553393155 0.3377080858 0.5491988659 0.7644173503
-300.3 112.3 2513.3 0.2777059972 0.7581824660 0.5899480581 0.5879995823 0.3514825106 -0.7285029292 -0.7596945763 0.5491988659 -0.3482021987
-542.5 -83.9 2300.4 0.5696478486 -0.0653539971 -0.8192863464 0.1221848205 0.9924905300 0.0057844245 0.8127558827 -0.1033994406 0.5733553767
-516.9 -472.7 2340.9 0.5705740452 -0.1126131266 -0.8134884834 0.1141947359 0.9918101430 -0.0572033711 0.8132680058 -0.0602573492 0.5787609220
-399.4 -93.3 2410.5 -0.8456925750 -0.2837331891 -0.4519950151 -0.3554830253 0.9312039614 0.0805670023 0.3980400264 0.2288114727 -0.8883746266
-288.3 -458.0 2320.8 -0.9162495136 -0.0336050056 -0.3991960585 -0.0044982722 0.9972756505 -0.0736277699 0.4005827606 -0.0656657219 -0.9139044881
-699.7 -128.6 2319.1 0 0 0 0 0 0 0 0 0
-223.9 274.0 2304.4 0 0 0 0 0 0 0 0 0
-484.4 -759.0 2358.3 0 0 0 0 0 0 0 0 0
-277.7 -771.5 2341.5 0 0 0 0 0 0 0 0 0
-438.6 503.4 2366.1 95 0.8132423759 0.0617015809 -0.5786447525 -0.0603406355 0.9979439378 0.0216076598 0.5787882209 0.0173435248 0.8152934313
-451.0 303.5 2362.7 0.8132423759 0.0617015809 -0.5786447525 -0.0603406355 0.9979439378 0.0216076598 0.5787882209 0.0173435248 0.8152934313
-460.9 107.9 2359.3 0.8137652874 0.0503935032 -0.5790048242 -0.0510275140 0.9985816479 0.0151943602 0.5789492726 0.0171805341 0.8151825070
-567.0 310.7 2280.2 0.6233832836 -0.2016109079 -0.7554775476 0.7682148814 -0.0221640263 0.6398083568 -0.1457367539 -0.9792149067 0.1410638094
-718.6 123.9 2315.6 -0.0839873627 -0.2016109079 -0.9758581519 0.9964529276 -0.0221640263 -0.0811807960 -0.0052620135 -0.9792149067 0.2027572691
-335.1 296.2 2445.1 0.1892054826 0.7341536283 -0.6520887613 -0.9369904399 0.3336040378 0.1037172973 0.2936838567 0.5913770795 0.7510146499
-297.6 110.7 2503.3 0.2551290393 0.7341536283 0.6292278171 0.6716120243 0.3336040378 -0.6615478992 -0.6955907345 0.5913770795 -0.4079543054
-543.0 -84.5 2301.7 0.5821151137 -0.0596275739 -0.8109171391 0.1275370568 0.9916587472 0.0186345056 0.8030419350 -0.1142694131 0.5848642588
-519.6 -472.9 2346.4 0.5847969651 -0.1234754026 -0.8017270565 0.1070321798 0.9914512038 -0.0746235698 0.8040874600 -0.0421709567 0.5930135250
-397.5 -93.4 2408.6 -0.8404727578 -0.2832018435 -0.4619548321 -0.3523882031 0.9333095551 0.0689627752 0.4116164744 0.2207487673 -0.8842182159
-286.6 -459.0 2322.1 -0.9093888998 -0.0249096360 -0.4152004123 0.0042989003 0.9975889921 -0.0692652240 0.4159247279 -0.0647739321 -0.9070892930
-697.1 -131.0 2316.9 0 0 0 0 0 0 0 0 0
-227.9 294.2 2313.2 0 0 0 0 0 0 0 0 0
-483.9 -759.3 2358.6 0 0 0 0 0 0 0 0 0
-278.8 -770.2 2342.3 0 0 0 0 0 0 0 0 0
-439.2 502.8 2366.7 96 0.8098099232 0.0627876297 -0.5833228827 -0.0624961331 0.9978317022 0.0206429362 0.5833541751 0.0197385699 0.8119779825
-451.8 303.1 2362.8 0.8098099232 0.0627876297 -0.5833228827 -0.0624961331 0.9978317022 0.0206429362 0.5833541751 0.0197385699 0.8119779825
-462.2 107.5 2359.0 0.8102903962 0.0530920364 -0.5836186409 -0.0542189144 0.9984080195 0.0155485915 0.5835149884 0.0190442931 0.8118790388
-567.2 310.8 2279.6 0.6208664179 -0.2605447173 -0.7393519878 0.7673225403 0.0089551201 0.6411988139 -0.1604399830 -0.9654202461 0.2054817826
-719.6 122.5 2319.0 -0.1200283095 -0.2605447173 -0.9579716325 0.9918987751 0.0089551201 -0.1267147660 0.0415936150 -0.9654202461 0.2573591173
-336.3 295.4 2445.9 0.2027504891 0.7260286212 -0.6570956707 -0.9437822700 0.3237980306 0.0665570050 0.2610885799 0.6066607833 0.7508631349
-297.5 114.7 2495.9 0.2088866681 0.7260286212 0.6551708579 0.7366734743 0.3237980306 -0.5936893225 -0.6431784630 0.6066607833 -0.4672089517
-544.3 -83.1 2303.6 0.5784208775 -0.0685819834 -0.8128504157 0.1157533750 0.9932769537 -0.0014353587 0.8074840307 -0.0932599381 0.5824707150
-517.4 -472.1 2340.1 0.5781723261 -0.1143048629 -0.8078683019 0.1179215610 0.9914490581 -0.0558859222 0.8073483109 -0.0629533976 0.5867074132
-397.2 -92.3 2408.2 -0.8443918824 -0.2810711563 -0.4560716450 -0.3487027287 0.9346460104 0.0695937276 0.4067047238 0.2177978009 -0.8872177601
-287.1 -458.4 2322.9 -0.9113863707 -0.0233291332 -0.4108900428 0.0040310770 0.9978381395 -0.0655955747 0.4115320444 -0.0614392422 -0.9093220234
-688.9 -130.9 2308.3 0 0 0 0 0 0 0 0 0
-240.2 316.8 2319.5 0 0 0 0 0 0 0 0 0
-484.2 -760.4 2358.4 0 0 0 0 0 0 0 0 0
-279.8 -769.2 2342.1 0 0 0 0 0 0 0 0 0
-438.9 502.3 2366.5 97 0.8003862500 0.0668170005 -0.5957493782 -0.0619195662 0.9976682663 0.0287060831 0.5962783098 0.0139125884 0.8026572466
-452.3 302.0 2363.7 0.8003862500 0.0668170005 -0.5957493782 -0.0619195662 0.9976682663 0.0287060831 0.5962783098 0.0139125884 0.8026572466
-463.4 106.5 2360.3 0.8007792234 0.0563710071 -0.5963010788 -0.0555527434 0.9982600808 0.0197676010 0.5963778496 0.0172966756 0.8025174737
-566.4 309.9 2278.7 0.6170657873 -0.2436813712 -0.7482306957 0.7709912658 -0.0030761559 0.6368382573 -0.1574872881 -0.9698504806 0.1859780252
-716.5 122.3 2317.0 -0.1213827282 -0.2436813712 -0.9622294903 0.9922288656 -0.0030761559 -0.1243880466 0.0273510814 -0.9698504806 0.2421610951
-338.2 294.1 2448.7 0.1999975890 0.7443155050 -0.6371777058 -0.9453644156 0.3174765110 0.0741270185 0.2574628294 0.5875399113 0.7671439052
-297.8 103.1 2500.7 0.1789988577 0.7443155050 0.6433924437 0.7527466416 0.3174765110 -0.5766984820 -0.6335076094 0.5875399113 -0.5034530759
-545.8 -83.1 2302.5 0.5656142235 -0.0697541609 -0.8217145801 0.1218117848 0.9925531149 -0.0004091804 0.8156239390 -0.0998630822 0.5698990822
-518.5 -471.8 2341.7 0.5668195486 -0.1179876402 -0.8153492808 0.1119250953 0.9915440083 -0.0656756535 0.8162035942 -0.0540318005 0.5752323270
-399.3 -92.9 2408.0 -0.8499486446 -0.2842143476 -0.4436321855 -0.3512547910 0.9332659841 0.0750643462 0.3926924467 0.2196287662 -0.8930597901
-288.0 -458.5 2322.0 -0.9183181524 -0.0251615066 -0.3950425982 0.0020423317 0.9976633191 -0.0682919323 0.3958378136 -0.0635205284 -0.9161209464
-685.5 -131.5 2310.0 0 0 0 0 0 0 0 0 0
-248.6 309.9 2326.7 0 0 0 0 0 0 0 0 0
-484.3 -758.9 2357.3 0 0 0 0 0 0 0 0 0
-280.2 -768.8 2341.8 0 0 0 0 0 0 0 0 0
-436.8 503.2 2366.9 98 0.8022791147 0.0679930151 -0.5930641890 -0.0620276816 0.9976093769 0.0304637384 0.5937177539 0.0123459762 0.8045786619
-450.4 303.3 2364.4 0.8022791147 0.0679930151 -0.5930641890 -0.0620276816 0.9976093769 0.0304637384 0.5937177539 0.0123459762 0.8045786619
-461.3 107.8 2361.3 0.8027707338 0.0556416102 -0.5936860442 -0.0540913492 0.9983270764 0.0204242170 0.5938293338 0.0157173164 0.8044375181
-564.8 311.1 2279.8 0.6153038740 -0.2281768620 -0.7545439005 0.7742456794 -0.0049466235 0.6328658462 -0.1481377929 -0.9736071229 0.1736212671
-715.2 121.8 2316.0 -0.1003984809 -0.2281768620 -0.9684293866 0.9947757721 -0.0049466235 -0.1019643471 0.0184754487 -0.9736071229 0.2274814397
-336.0 295.6 2449.0 0.1749209315 0.7491216660 -0.6389204860 -0.9481266141 0.3031093478 0.0958156586 0.2654403448 0.5890173316 0.7632823586
-300.4 102.7 2503.1 0.1621420085 0.7492055893 0.6421844959 0.7777373195 0.3035115302 -0.5504593253 -0.6073176265 0.5887033939 -0.5334731936
-546.8 -84.0 2303.0 0.5678742528 -0.0715383887 -0.8200006485 0.1277288646 0.9918072224 0.0019288277 0.8131446242 -0.1058330834 0.5723593235
-518.8 -472.5 2344.5 0.5706861615 -0.1183587909 -0.8125936985 0.1054043621 0.9919304848 -0.0704545081 0.8143754005 -0.0454435050 0.5785565376
-402.0 -94.1 2410.8 -0.8463855386 -0.2912010252 -0.4459074736 -0.3578378558 0.9310665727 0.0711835101 0.3944408298 0.2198112756 -0.8922440410
-288.0 -458.8 2324.7 -0.9160832167 -0.0235520471 -0.4002959728 0.0010223293 0.9981331825 -0.0610663630 0.4009869397 -0.0563511029 -0.9143489599
-689.5 -132.8 2311.3 0 0 0 0 0 0 0 0 0
-255.8 316.4 2336.1 0 0 0 0 0 0 0 0 0
-484.5 -759.7 2357.6 0 0 0 0 0 0 0 0 0
-280.6 -769.0 2342.2 0 0 0 0 0 0 0 0 0
-435.3 502.2 2359.1 99 0.8363538980 0.0756283179 -0.5429480076 -0.0628989190 0.9971355796 0.0420038998 0.5445694923 -0.0009792808 0.8387151361
-450.4 303.7 2359.3 0.8363538980 0.0756283179 -0.5429480076 -0.0628989190 0.9971355796 0.0420038998 0.5445694923 -0.0009792808 0.8387151361
-463.3 108.2 2358.9 0.8367933035 0.0660674796 -0.5435181856 -0.0567119457 0.9978122711 0.0339763537 0.5445738435 0.0023927884 0.8387094736
-569.4 311.8 2281.8 0.6044774055 -0.1950189471 -0.7723824978 0.7849380374 -0.0196415391 0.6192628741 -0.1359387785 -0.9806028008 0.1412049234
-715.2 122.6 2314.6 -0.0856390074 -0.1950189471 -0.9770535231 0.9963219166 -0.0196415391 -0.0834074542 -0.0029247995 -0.9806028008 0.1959837377
-331.4 295.5 2436.7 0.1279746592 0.7870734334 -0.6034384370 -0.9361702204 0.2967374623 0.1884999573 0.3274261057 0.5407978296 0.7748095393
-303.7 93.4 2507.4 0.1603740156 0.7798222899 0.6051093936 0.8007448912 0.2556632459 -0.5417046547 -0.5771375895 0.5714135766 -0.5834369659
-544.7 -82.8 2304.6 0.6180203557 -0.0705396459 -0.7829910517 0.1207095832 0.9926706553 0.0058472436 0.7768397927 -0.0981282443 0.6220054626
-517.1 -471.7 2343.0 0.6191824675 -0.1134706363 -0.7770054936 0.1108223945 0.9922278523 -0.0565883368 0.7773876190 -0.0510711037 0.6269451380
-399.6 -92.6 2411.9 -0.8196513057 -0.2877673507 -0.4953399599 -0.3609933853 0.9308511615 0.0565674864 0.4448094964 0.2251800597 -0.8668555021
-286.9 -457.2 2323.7 -0.8902280927 -0.0190629195 -0.4551160336 0.0099242004 0.9980751276 -0.0612174161 0.4554069638 -0.0590141267 -0.8883252740
-693.2 -132.4 2315.3 0 0 0 0 0 0 0 0 0
-259.6 313.6 2348.7 0 0 0 0 0 0 0 0 0
-484.1 -760.5 2357.9 0 0 0 0 0 0 0 0 0
-280.9 -771.5 2342.3 0 0 0 0 0 0 0 0 0
-435.1 503.5 2362.7 00 0.8345298171 0.0759274811 -0.5457059145 -0.0679066405 0.9970816970 0.0348828547 0.5467619300 0.0079462752 0.8372504115
-450.2 305.5 2361.1 0.8345298171 0.0759274811 -0.5457059145 -0.0679066405 0.9970816970 0.0348828547 0.5467619300 0.0079462752 0.8372504115
-463.3 110.1 2359.3 0.8350114822 0.0668371320 -0.5461580753 -0.0611772500 0.9977180958 0.0285648275 0.5468209982 0.0095604910 0.8371949792
-569.1 314.2 2283.2 0.6005778909 -0.1723641604 -0.7807667851 0.7892527580 -0.0285357349 0.6134050488 -0.1280087978 -0.9846198559 0.1189009622
-716.3 120.9 2314.6 -0.0664655864 -0.1723641604 -0.9827883244 0.9976391196 -0.0285357349 -0.0624652617 -0.0172778144 -0.9846198559 0.1738538742
-331.3 296.7 2439.0 0.1434855759 0.7843235731 -0.6035299897 -0.9386695027 0.3010702431 0.1680959761 0.3135465384 0.5423958302 0.7794198394
-301.3 100.1 2504.7 0.1174666584 0.7828869224 0.6109743714 0.7989644408 0.2908877730 -0.5263460279 -0.5897943974 0.5499749184 -0.5913292170
-551.6 -82.0 2309.3 0.6148131490 -0.0929622203 -0.7831748128 0.1248878986 0.9919751287 -0.0197063163 0.7787219286 -0.0856933594 0.6214892268
-515.2 -470.5 2342.9 0.6162253618 -0.1095255762 -0.7799169421 0.1125342548 0.9923665524 -0.0504451804 0.7794885039 -0.0566817746 0.6238468289
-400.6 -92.3 2407.6 -0.8221861720 -0.2921531200 -0.4885247946 -0.3607255220 0.9313232899 0.0501398109 0.4403260350 0.2174476236 -0.8711082339
-286.2 -457.1 2322.4 -0.8938611746 -0.0187588986 -0.4479511976 0.0127693163 0.9976538420 -0.0672592968 0.4481619298 -0.0658405051 -0.8915244937
-699.2 -134.5 2319.0 0 0 0 0 0 0 0 0 0
-269.0 319.7 2342.5 0 0 0 0 0 0 0 0 0
-483.3 -760.0 2359.4 0 0 0 0 0 0 0 0 0
-280.3 -770.2 2343.1 0 0 0 0 0 0 0 0 0
-434.1 506.3 2357.5 01 0.8276306391 0.0821645185 -0.5552265644 -0.0631231517 0.9965769053 0.0533847064 0.5577123165 -0.0091351643 0.8299840689
-450.6 306.2 2359.3 0.8276306391 0.0821645185 -0.5552265644 -0.0631231517 0.9965769053 0.0533847064 0.5577123165 -0.0091351643 0.8299840689
-464.8 110.9 2359.8 0.8279533386 0.0726727620 -0.5560683012 -0.0589672923 0.9973528385 0.0425455347 0.5576882362 -0.0024358758 0.8300469518
-568.5 314.6 2279.9 0.6024346948 -0.1791245937 -0.7778089643 0.7853733301 -0.0407554805 0.6176792979 -0.1423415244 -0.9829818606 0.1161271632
-715.7 122.7 2314.7 -0.0559906214 -0.1791245937 -0.9822318554 0.9979445338 -0.0407554805 -0.0494539291 -0.0311729182 -0.9829818606 0.1810383350
-332.6 297.8 2438.8 0.1617590189 0.7747582793 -0.6112148762 -0.9260199666 0.3332321644 0.1773227304 0.3410587013 0.5373136401 0.7713449597
-296.9 93.3 2514.1 0.0761424005 0.7746689916 0.6277661324 0.7956035137 0.3322937191 -0.5065529943 -0.6010136008 0.5380231142 -0.5910277367
-551.7 -79.8 2308.0 0.6065273881 -0.0974277183 -0.7890706062 0.1265162826 0.9916446209 -0.0251917690 0.7849319577 -0.0845507756 0.6137858033
-513.6 -468.1 2341.1 0.6082364321 -0.1023805812 -0.7871255279 0.1107048467 0.9928964972 -0.0435999036 0.7859979868 -0.0606195666 0.6152498722
-400.9 -90.9 2406.8 -0.8279977441 -0.2883642912 -0.4809010029 -0.3553876877 0.9332556725 0.0522822365 0.4337272644 0.2141958624 -0.8752146959
-287.9 -456.4 2322.9 -0.8976655602 -0.0235171374 -0.4400494099 0.0069836802 0.9976904392 -0.0675647631 0.4406220317 -0.0637237206 -0.8954281211
-701.4 -132.8 2322.6 0 0 0 0 0 0 0 0 0
-276.0 312.0 2348.8 0 0 0 0 0 0 0 0 0
-483.6 -759.0 2358.9 0 0 0 0 0 0 0 0 0
-280.6 -769.5 2342.9 0 0 0 0 0 0 0 0 0
-434.1 505.0 2354.4 02 0.8139734864 0.0758256093 -0.5759319663 -0.0495135523 0.9968923926 0.0612698309 0.5787879825 -0.0213555824 0.8151983619
-449.3 305.0 2358.7 0.8139734864 0.0758256093 -0.5759319663 -0.0495135523 0.9968923926 0.0612698309 0.5787879825 -0.0213555824 0.8151983619
-463.1 109.7 2361.5 0.8140065074 0.0704167485 -0.5765717030 -0.0490637086 0.9974125028 0.0525457039 0.5787799358 -0.0144837992 0.8153551817
-565.3 312.0 2276.2 0.6162114143 -0.1982874274 -0.7622109652 0.7715846300 -0.0420700423 0.6347339749 -0.1579260230 -0.9792406559 0.1270714998
-715.6 123.7 2314.8 -0.0548184663 -0.1982874274 -0.9786097407 0.9979906082 -0.0420700423 -0.0473798215 -0.0317753293 -0.9792406559 0.2001952082
-333.4 298.0 2441.1 0.1393793523 0.7627481818 -0.6314970851 -0.9248507023 0.3281656802 0.1922458261 0.3538708389 0.5572454333 0.7511677146
-303.2 98.0 2517.6 0.0637576580 0.7656141520 0.6401327252 0.7853130698 0.3573166728 -0.5055770874 -0.6158070564 0.5349389911 -0.5784651041
-553.8 -79.1 2309.9 0.5879716277 -0.0996263251 -0.8027228713 0.1250624508 0.9916496873 -0.0314694457 0.7991549969 -0.0818873420 0.5955213904
-514.8 -467.5 2342.0 0.5897645354 -0.1050368175 -0.8007153273 0.1088731065 0.9927951694 -0.0500434414 0.8002027273 -0.0576625206 0.5969510674
-404.2 -89.7 2410.7 -0.8300315738 -0.3041396737 -0.4674897492 -0.3752496243 0.9246636629 0.0646905005 0.4125958383 0.2291205227 -0.8816282749
-285.1 -451.9 2320.9 -0.9077636600 -0.0136596840 -0.4192595482 0.0164117478 0.9975479841 -0.0680346563 0.4191608131 -0.0686401650 -0.9053136110
-701.6 -131.8 2322.9 0 0 0 0 0 0 0 0 0
-285.7 314.0 2348.3 0 0 0 0 0 0 0 0 0
-484.0 -758.4 2358.9 0 0 0 0 0 0 0 0 0
-280.8 -768.8 2342.7 0 0 0 0 0 0 0 0 0
-435.2 503.7 2353.8 03 0.7990695834 0.0644383729 -0.5977754593 -0.0349292234 0.9975361824 0.0608401187 0.6002230644 -0.0277356580 0.7993516326
-448.1 303.9 2359.4 0.7990695834 0.0644383729 -0.5977754593 -0.0349292234 0.9975361824 0.0608401187 0.6002230644 -0.0277356580 0.7993516326
-460.0 108.5 2363.9 0.7990882397 0.0606223792 -0.5981495976 -0.0346321911 0.9978927374 0.0548699722 0.6002154946 -0.0231307168 0.7995038033
-561.9 308.8 2273.9 0.6304804683 -0.2392704487 -0.7384064198 0.7568044662 -0.0218680911 0.6532754302 -0.1724570543 -0.9707066417 0.1672935337
-716.1 123.8 2316.1 -0.0706790686 -0.2392704487 -0.9683770537 0.9974863529 -0.0218680911 -0.0674004108 -0.0050496310 -0.9707066417 0.2402146161
-334.3 299.0 2444.9 0.1602641940 0.7470982075 -0.6451044083 -0.9339997172 0.3261982501 0.1457367241 0.3193115592 0.5791709423 0.7500674129
-299.6 96.7 2514.0 -0.0046964362 0.7501608133 0.6612387300 0.7938776016 0.4048783183 -0.4536870420 -0.6080594659 0.5228118896 -0.5974373817
-550.5 -81.2 2312.1 0.5682107806 -0.0965261310 -0.8172020912 0.1142250448 0.9927340746 -0.0378374979 0.8149166703 -0.0718452707 0.5751078725
-512.7 -470.1 2340.2 0.5688037872 -0.0975896493 -0.8166630268 0.1082951054 0.9931772947 -0.0432554930 0.8153125048 -0.0638367236 0.5754914880
-403.4 -90.1 2416.6 -0.8386153579 -0.2981998622 -0.4558520913 -0.3737791181 0.9237661362 0.0833383575 0.3962492347 0.2402768135 -0.8861453533
-286.6 -451.9 2322.5 -0.9151974916 -0.0164920483 -0.4026680291 0.0104093160 0.9978616238 -0.0645280033 0.4028711617 -0.0632473677 -0.9130687714
-698.0 -131.6 2317.4 0 0 0 0 0 0 0 0 0
-300.9 314.6 2347.1 0 0 0 0 0 0 0 0 0
-484.2 -759.6 2358.8 0 0 0 0 0 0 0 0 0
-281.4 -768.9 2342.6 0 0 0 0 0 0 0 0 0
-436.6 504.5 2360.1 04 0.7996461987 0.0611254722 -0.5973522067 -0.0409373865 0.9980402589 0.0473259427 0.5990743637 -0.0133899711 0.8005813956
-448.8 304.7 2362.7 0.7996461987 0.0611254722 -0.5973522067 -0.0409373865 0.9980402589 0.0473259427 0.5990743637 -0.0133899711 0.8005813956
-459.6 109.1 2364.7 0.7998319864 0.0547294430 -0.5977235436 -0.0377350077 0.9984493256 0.0409267917 0.5990365744 -0.0101794563 0.8006569743
-562.8 310.0 2277.4 0.6270390749 -0.2630530596 -0.7332292199 0.7625164390 0.0147272246 0.6468011737 -0.1593445837 -0.9646689892 0.2098168135
