292.8 513.2 2422.1 1 0.8571371436 -0.0385518558 0.5136435032 0.0446959697 0.9990005493 0.0003947310 -0.5131453872 0.0226194561 0.8580036163
300.5 315.3 2417.6 0.8571371436 -0.0385518558 0.5136435032 0.0446959697 0.9990005493 0.0003947310 -0.5131453872 0.0226194561 0.8580036163
305.7 116.7 2415.0 0.8576355577 -0.0263944492 0.5135802031 0.0293595437 0.9995661974 0.0023427899 -0.5134192109 0.0130692208 0.8580384254
179.8 311.2 2489.9 0.3957629502 -0.9178591371 0.0301055983 0.6940915585 0.2774912715 -0.6642556190 0.6013389826 0.2837837934 0.7468990088
90.2 154.0 2353.7 -0.2792831063 -0.9178591371 -0.2820205688 -0.9595710039 0.2774912715 0.0471386798 0.0349915773 0.2837837934 -0.9582496285
421.1 319.5 2345.4 0.1821151674 0.2208847851 0.9581460953 -0.9770971537 0.1497336179 0.1511985809 -0.1100692153 -0.9637373686 0.2430946529
472.9 41.6 2314.1 -0.1154114082 0.2331944257 0.9655570984 -0.9543507695 0.2435609698 -0.1728950292 -0.2754901946 -0.9414342046 0.1944395602
234.8 -85.2 2460.1 0.6379312277 0.1751568019 0.7499092221 -0.0163788348 0.9766557813 -0.2141850293 -0.7699190974 0.1243526861 0.6259080768
165.2 -473.5 2410.7 0.6396352649 0.0007487659 0.7686781883 -0.0902421325 0.9931575060 0.0741251856 -0.7633630037 -0.1167802438 0.6353261471
393.8 -80.0 2368.7 0.8260134459 0.1046223864 0.5538555384 -0.0323256031 0.9897981286 -0.1387612075 -0.5627226830 0.0967149138 0.8209685683
352.2 -473.5 2330.3 0.8168403506 0.1245524660 0.5632570386 -0.1574983746 0.9874681234 0.0100477003 -0.5549468994 -0.0969194397 0.8262206316
161.0 397.5 2344.8 0 0 0 0 0 0 0 0 0
442.9 -206.8 2242.4 0 0 0 0 0 0 0 0 0
164.9 -786.4 2447.4 0 0 0 0 0 0 0 0 0
312.9 -785.6 2360.9 0 0 0 0 0 0 0 0 0
292.9 515.9 2416.9 2 0.8588812947 -0.0381123871 0.5107547045 0.0342810526 0.9992690086 0.0169184376 -0.5110262036 0.0029782818 0.8595600128
300.5 317.6 2416.4 0.8588812947 -0.0381123871 0.5107547045 0.0342810526 0.9992690086 0.0169184376 -0.5110262036 0.0029782818 0.8595600128
306.2 118.9 2416.7 0.8592313528 -0.0287264735 0.5107800961 0.0238126833 0.9995858073 0.0161595438 -0.5110327601 -0.0017217414 0.8595595360
179.6 314.2 2488.3 0.3928049207 -0.9196102023 0.0046208687 0.6883157492 0.2906695008 -0.6646296978 0.6098571420 0.2642504573 0.7471585870
91.7 160.3 2351.9 -0.2961707711 -0.9196102023 -0.2580696344 -0.9549316764 0.2906695008 0.0601396188 0.0197079629 0.2642504573 -0.9642527103
421.4 320.9 2344.4 0.1830608994 0.2205964923 0.9580323100 -0.9766316414 0.1524236649 0.1515177935 -0.1126024947 -0.9633816481 0.2433443218
471.7 52.4 2313.5 -0.1059756652 0.2307734787 0.9672190547 -0.9579059482 0.2372978777 -0.1615732908 -0.2668058574 -0.9436277151 0.1959114969
232.2 -84.7 2459.5 0.6418077946 0.1705540568 0.7476590276 -0.0185620412 0.9781239629 -0.2071930319 -0.7666408420 0.1191000268 0.6309334636
164.4 -473.6 2412.2 0.6432699561 -0.0012256147 0.7656384706 -0.0838516876 0.9938707352 0.0720410123 -0.7610339522 -0.1105418950 0.6392244101
389.6 -79.3 2365.3 0.8292590380 0.0906095430 0.5514701605 -0.0247892793 0.9917616248 -0.1256755888 -0.5583143234 0.0905470699 0.8246734738
353.6 -473.6 2329.4 0.8194267750 0.1279876083 0.5587118268 -0.1632405221 0.9864948392 0.0134318545 -0.5494472384 -0.1022108346 0.8292530775
167.0 403.1 2346.9 0 0 0 0 0 0 0 0 0
444.2 -196.7 2244.1 0 0 0 0 0 0 0 0 0
164.8 -787.3 2447.1 0 0 0 0 0 0 0 0 0
313.1 -785.5 2361.7 0 0 0 0 0 0 0 0 0
293.7 514.7 2415.4 3 0.8561001420 -0.0801939294 0.5105501413 0.0856664032 0.9962412119 0.0128361126 -0.5096604824 0.0327479951 0.8597521782
309.5 318.2 2408.9 0.8561001420 -0.0801939294 0.5105501413 0.0856664032 0.9962412119 0.0128361126 -0.5096604824 0.0327479951 0.8597521782
310.5 119.5 2411.6 0.8598649502 -0.0047409292 0.5104995370 -0.0028140456 0.9998976588 0.0140257580 -0.5105137825 -0.0134968273 0.8597636223
188.6 318.6 2480.7 0.4319330752 -0.9010464549 0.0393580869 0.6967853904 0.3056731522 -0.6488867998 0.5726464391 0.3076997995 0.7598663568
92.5 163.7 2353.4 -0.3157406747 -0.9010464549 -0.2973601818 -0.9486778378 0.3056731522 0.0810817033 0.0178366359 0.3076997995 -0.9513162971
430.5 317.8 2337.1 0.1529237032 0.2259108126 0.9620699883 -0.9836412668 0.1285841465 0.1261587143 -0.0952063277 -0.9656243920 0.2418787479
470.9 58.3 2312.0 -0.1010782570 0.2384538054 0.9658793807 -0.9589164853 0.2353179455 -0.1584442854 -0.2650703788 -0.9422129393 0.2048717588
233.0 -82.0 2463.9 0.6472600698 0.1773955971 0.7413401604 -0.0134647330 0.9750527143 -0.2215647846 -0.7621502876 0.1334280819 0.6335012317
162.5 -469.6 2410.9 0.6492760777 -0.0064238138 0.7605257034 -0.0826999694 0.9934388399 0.0789937451 -0.7560431957 -0.1141842008 0.6444848180
390.7 -77.6 2370.2 0.8324441314 0.0877630860 0.5471146703 -0.0151639823 0.9906156659 -0.1358331740 -0.5539014935 0.1047770903 0.8259630203
355.8 -471.4 2328.5 0.8214492798 0.1349230856 0.5540909767 -0.1717149019 0.9850368500 0.0147103593 -0.5438152552 -0.1072294861 0.8323261142
173.2 405.9 2348.8 0 0 0 0 0 0 0 0 0
444.6 -191.1 2243.0 0 0 0 0 0 0 0 0 0
164.6 -788.0 2447.5 0 0 0 0 0 0 0 0 0
312.7 -786.3 2362.8 0 0 0 0 0 0 0 0 0
290.8 515.3 2420.6 4 0.8678400517 -0.1257016212 0.4806794226 0.1547464430 0.9877291322 -0.0210868474 -0.4721304178 0.0926834419 0.8766428232
315.9 318.1 2402.1 0.8678400517 -0.1257016212 0.4806794226 0.1547464430 0.9877291322 -0.0210868474 -0.4721304178 0.0926834419 0.8766428232
313.1 119.6 2408.9 0.8781664371 0.0138198929 0.4781555831 -0.0286508184 0.9993076324 0.0237367563 -0.4774964750 -0.0345443711 0.8779543042
192.5 322.1 2469.2 0.4592973590 -0.8828668594 0.0979387462 0.7042206526 0.2947051227 -0.6459273696 0.5414048433 0.3656432033 0.7570903897
92.7 169.2 2351.6 -0.3143753111 -0.8828668594 -0.3488756716 -0.9492796063 0.2947051227 0.1096226722 0.0060332082 0.3656432033 -0.9307355285
439.4 314.1 2335.0 0.1051679552 0.2599464655 0.9598789215 -0.9879020452 0.1379306316 0.0708850473 -0.1139703840 -0.9557211995 0.2713075280
467.5 49.6 2304.4 -0.0983683467 0.2690754533 0.9580824971 -0.9624994397 0.2188653797 -0.1602897197 -0.2528211176 -0.9379212856 0.2374555320
232.5 -79.0 2461.1 0.6806682944 0.1744891703 0.7115083933 -0.0105549050 0.9734558463 -0.2286313176 -0.7325157523 0.1481121778 0.6644422412
163.2 -465.9 2402.2 0.6841347814 -0.0086144498 0.7293047309 -0.0988069773 0.9896174669 0.1043765396 -0.7226318121 -0.1434680223 0.6761806011
390.3 -79.5 2367.4 0.8530302048 0.0946613327 0.5132042766 -0.0327622928 0.9911851287 -0.1283693016 -0.5208320618 0.0926891491 0.8486121893
352.6 -473.5 2330.6 0.8437851667 0.1260399967 0.5216709375 -0.1637282670 0.9861477613 0.0265635364 -0.5110965371 -0.1078261957 0.8527331352
174.0 414.6 2350.0 0 0 0 0 0 0 0 0 0
441.9 -200.6 2238.7 0 0 0 0 0 0 0 0 0
166.0 -787.0 2448.8 0 0 0 0 0 0 0 0 0
312.8 -785.2 2364.7 0 0 0 0 0 0 0 0 0
288.0 516.0 2417.2 5 0.8795526624 -0.1634220481 0.4468560517 0.1884591281 0.9820100069 -0.0118106306 -0.4368869960 0.0946021751 0.8945279121
320.8 318.8 2398.2 0.8795526624 -0.1634220481 0.4468560517 0.1884591281 0.9820100069 -0.0118106306 -0.4368869960 0.0946021751 0.8945279121
314.7 120.3 2405.5 0.8951219320 0.0309206862 0.4447478056 -0.0442941301 0.9988241792 0.0197062697 -0.4436155260 -0.0373392329 0.8954390287
195.0 325.0 2460.5 0.4855426550 -0.8612326384 0.1500887722 0.7141453624 0.2917270958 -0.6363110542 0.5042268634 0.4161413610 0.7566912174
91.6 172.9 2353.1 -0.3187801540 -0.8612326384 -0.3957998753 -0.9478169680 0.2917270958 0.1286012232 0.0047099683 0.4161413610 -0.9092877507
446.7 312.6 2335.8 0.0704938844 0.2985332310 0.9517922401 -0.9913877249 0.1265393049 0.0337369666 -0.1103675216 -0.9459733963 0.3048824370
466.0 40.4 2305.5 -0.1115220860 0.3143887222 0.9427208304 -0.9503267407 0.2436548918 -0.1936785132 -0.2905888855 -0.9174922705 0.2715991139
229.8 -76.4 2459.4 0.7080883980 0.1658444703 0.6863719821 -0.0223543048 0.9768054485 -0.2129588127 -0.7057698965 0.1354502887 0.6953719258
163.8 -464.7 2405.6 0.7102420926 -0.0082475543 0.7039091587 -0.0890343264 0.9908490181 0.1014449224 -0.6983044147 -0.1347225308 0.7030084133
390.7 -81.6 2371.9 0.8732107878 0.0942830890 0.4781355560 -0.0322124064 0.9901281595 -0.1364134550 -0.4862769544 0.1037157997 0.8676276803
353.3 -475.2 2330.7 0.8641017675 0.1266087741 0.4871327579 -0.1605740786 0.9866148829 0.0284075215 -0.4770157933 -0.1027678847 0.8728657961
174.8 420.2 2351.9 0 0 0 0 0 0 0 0 0
437.0 -207.0 2229.9 0 0 0 0 0 0 0 0 0
166.5 -783.2 2448.9 0 0 0 0 0 0 0 0 0
313.4 -786.1 2363.1 0 0 0 0 0 0 0 0 0
288.5 516.8 2423.5 6 0.8923373222 -0.1715107411 0.4175142348 0.2131568789 0.9754768014 -0.0548558347 -0.3978670835 0.1379459500 0.9070130587
323.4 318.4 2395.4 0.8923373222 -0.1715107411 0.4175142348 0.2131568789 0.9754768014 -0.0548558347 -0.3978670835 0.1379459500 0.9070130587
317.2 119.9 2403.6 0.9107385278 0.0309814457 0.4118196964 -0.0453401469 0.9986552000 0.0251402222 -0.4104869962 -0.0415681340 0.9109184742
195.4 324.8 2453.1 0.4932832420 -0.8496098518 0.1866406798 0.7172784805 0.2758929133 -0.6398395896 0.4921211898 0.4494954944 0.7455002069
91.9 174.4 2349.9 -0.3084113300 -0.8496098518 -0.4278382063 -0.9512526393 0.2758929133 0.1378459185 0.0009222865 0.4494954944 -0.8932821155
451.4 312.1 2337.7 0.0492863394 0.3314801157 0.9421739578 -0.9901463389 0.1400136501 0.0025355692 -0.1310767233 -0.9330150485 0.3351145685
464.8 42.8 2302.1 -0.1122942865 0.3419944048 0.9329682589 -0.9556186795 0.2201853544 -0.1957329810 -0.2723655403 -0.9135416150 0.3020906746
226.4 -74.1 2453.5 0.7313596606 0.1586593837 0.6632798910 -0.0373079479 0.9804139733 -0.1933819354 -0.6809707284 0.1166861355 0.7229545116
163.4 -463.8 2407.1 0.7324237227 -0.0082868235 0.6807986498 -0.0807819515 0.9918050170 0.0989801139 -0.6760397553 -0.1274916232 0.7257521152
390.5 -82.3 2372.2 0.8904274106 0.0880028680 0.4465361238 -0.0329883508 0.9910266995 -0.1295291930 -0.4539281726 0.1006058529 0.8853404522
355.5 -476.3 2332.2 0.8801045418 0.1365386993 0.4547232389 -0.1646434218 0.9860948920 0.0225704405 -0.4453185201 -0.0947315395 0.8903467655
173.3 425.5 2349.7 0 0 0 0 0 0 0 0 0
435.5 -206.2 2231.1 0 0 0 0 0 0 0 0 0
166.0 -783.9 2448.2 0 0 0 0 0 0 0 0 0
312.8 -784.3 2361.8 0 0 0 0 0 0 0 0 0
290.2 513.8 2419.1 7 0.8991499543 -0.1743677557 0.4014040530 0.2109121382 0.9763088822 -0.0483424403 -0.3834649920 0.1281280965 0.9146243930
325.2 317.8 2393.4 0.8991499543 -0.1743677557 0.4014040530 0.2109121382 0.9763088822 -0.0483424403 -0.3834649920 0.1281280965 0.9146243930
318.8 119.4 2403.4 0.9178892374 0.0324214101 0.3955100775 -0.0497547723 0.9981946349 0.0336438753 -0.3937052786 -0.0505598634 0.9178452492
196.2 324.8 2448.8 0.4991939664 -0.8401597142 0.2119835317 0.7206572890 0.2667269707 -0.6399295330 0.4811012745 0.4722164571 0.7386156917
91.1 173.1 2347.5 -0.3136385977 -0.8401597142 -0.4424505234 -0.9492916465 0.2667269707 0.1664395183 -0.0218222924 0.4722164571 -0.8812124729
454.3 310.8 2338.0 0.0333095789 0.3478295207 0.9369658828 -0.9901299477 0.1391815841 -0.0164687447 -0.1361367106 -0.9271693826 0.3490324914
463.6 35.2 2300.1 -0.1267694384 0.3595800698 0.9244629145 -0.9516374469 0.2188481390 -0.2156192213 -0.2798493803 -0.9070874453 0.3144465983
227.5 -74.4 2449.5 0.7424590588 0.1656455249 0.6490886807 -0.0497711040 0.9799082279 -0.1931390911 -0.6680399776 0.1110920087 0.7357860804
161.7 -464.0 2405.3 0.7431654930 -0.0126017807 0.6689889431 -0.0793659166 0.9911040664 0.1068353802 -0.6643840075 -0.1324912906 0.7355541587
394.4 -82.7 2374.2 0.8977155089 0.0999594256 0.4290861785 -0.0447018519 0.9895613790 -0.1370038092 -0.4383019507 0.1038094983 0.8928129673
354.7 -476.1 2333.0 0.8881004453 0.1341610700 0.4396344423 -0.1618427187 0.9864766598 0.0258983932 -0.4302145541 -0.0941520035 0.8978033662
174.9 426.8 2353.3 0 0 0 0 0 0 0 0 0
430.5 -213.3 2227.1 0 0 0 0 0 0 0 0 0
165.7 -784.2 2448.1 0 0 0 0 0 0 0 0 0
312.6 -785.5 2362.5 0 0 0 0 0 0 0 0 0
291.8 515.6 2424.0 8 0.9050983191 -0.1611569673 0.3934787214 0.2087628841 0.9746029377 -0.0810383856 -0.3704256117 0.1554914564 0.9157550335
324.8 316.4 2392.2 0.9050983191 -0.1611569673 0.3934787214 0.2087628841 0.9746029377 -0.0810383856 -0.3704256117 0.1554914564 0.9157550335
318.1 118.0 2402.2 0.9218571782 0.0335908420 0.3860712945 -0.0504073761 0.9981662631 0.0335149318 -0.3842375576 -0.0503568202 0.9218599200
195.1 323.5 2446.2 0.4992048144 -0.8374158740 0.2225515693 0.7260299325 0.2640627027 -0.6349420547 0.4729429781 0.4785452187 0.7398104072
90.3 171.1 2347.0 -0.3167992830 -0.8374158740 -0.4453907013 -0.9479767680 0.2640627027 0.1777945906 -0.0312769450 0.4785452187 -0.8775056601
454.5 309.3 2338.1 0.0330034494 0.3571632504 0.9334587455 -0.9889205694 0.1469170302 -0.0212495513 -0.1447305530 -0.9224151969 0.3580548465
463.6 36.0 2298.1 -0.1379913837 0.3664624989 0.9201432467 -0.9521900415 0.2065828443 -0.2250724435 -0.2725664079 -0.9072093368 0.3204353154
228.1 -74.5 2449.5 0.7488042712 0.1644733846 0.6420597434 -0.0530448891 0.9804850221 -0.1893023998 -0.6606651545 0.1076924503 0.7429158092
162.7 -464.3 2406.7 0.7492305636 -0.0055183051 0.6622862816 -0.0800160244 0.9918865561 0.0987850502 -0.6574580073 -0.1270062923 0.7427101731
396.4 -83.6 2377.4 0.9020428061 0.1046560556 0.4187671244 -0.0463517196 0.9880377054 -0.1470814943 -0.4291507006 0.1132632270 0.8961033225
354.8 -476.4 2332.3 0.8923746943 0.1350327581 0.4306199253 -0.1627998799 0.9862588048 0.0281019229 -0.4209080040 -0.0951823145 0.9020957947
175.9 427.2 2355.4 0 0 0 0 0 0 0 0 0
427.5 -212.8 2226.9 0 0 0 0 0 0 0 0 0
164.5 -784.1 2447.7 0 0 0 0 0 0 0 0 0
312.5 -785.5 2362.2 0 0 0 0 0 0 0 0 0
290.2 513.6 2418.4 9 0.9057399631 -0.1649336219 0.3904254138 0.2049257010 0.9767624736 -0.0627736449 -0.3709993958 0.1368647963 0.9184919596
323.9 314.6 2390.5 0.9057399631 -0.1649336219 0.3904254138 0.2049257010 0.9767624736 -0.0627736449 -0.3709993958 0.1368647963 0.9184919596
317.2 116.2 2401.4 0.9228473306 0.0334873199 0.3837073743 -0.0520731546 0.9979143143 0.0381491147 -0.3816295862 -0.0551866628 0.9226664305
194.0 321.9 2444.2 0.4990715683 -0.8333548307 0.2375863343 0.7287384868 0.2552585304 -0.6354394555 0.4689005911 0.4902680814 0.7346900105
89.8 169.8 2346.3 -0.3077512681 -0.8333548307 -0.4591392577 -0.9510563612 0.2552585304 0.1741690785 -0.0279454309 0.4902680814 -0.8711235523
453.7 307.3 2336.8 0.0333931111 0.3593328297 0.9326118231 -0.9889194965 0.1469307393 -0.0212027542 -0.1446481943 -0.9215700030 0.3602577150
463.1 30.5 2296.3 -0.1455632001 0.3718258739 0.9168189168 -0.9452337623 0.2213680148 -0.2398528308 -0.2921378613 -0.9015219212 0.3192393184
226.8 -75.8 2447.4 0.7502523661 0.1625673175 0.6408535242 -0.0576133691 0.9816871881 -0.1815792173 -0.6586365104 0.0993085057 0.7458791733
162.2 -466.1 2407.9 0.7505167127 -0.0055827228 0.6608278751 -0.0775980130 0.9923022985 0.0965128094 -0.6562798023 -0.1237134114 0.7443062663
395.9 -85.1 2376.9 0.9032077193 0.1079609990 0.4154036641 -0.0476763994 0.9870944023 -0.1528778076 -0.4265474677 0.1182754785 0.8966984749
353.0 -477.5 2329.9 0.8942304850 0.1295427978 0.4284513295 -0.1626173407 0.9858229160 0.0413375087 -0.4170221686 -0.1066388786 0.9026187658
174.2 430.4 2354.0 0 0 0 0 0 0 0 0 0
425.0 -216.6 2219.9 0 0 0 0 0 0 0 0 0
164.0 -785.8 2447.8 0 0 0 0 0 0 0 0 0
312.6 -784.8 2363.2 0 0 0 0 0 0 0 0 0
289.4 516.0 2416.1 0 0.9116654396 -0.1678553820 0.3750876188 0.2032176256 0.9775028825 -0.0564864129 -0.3571676910 0.1277211308 0.9252667427
324.2 313.7 2389.6 0.9116654396 -0.1678553820 0.3750876188 0.2032176256 0.9775028825 -0.0564864129 -0.3571676910 0.1277211308 0.9252667427
319.2 115.3 2400.9 0.9295403957 0.0250361580 0.3678692877 -0.0440436564 0.9980880618 0.0433634184 -0.3660802841 -0.0565103590 0.9288658500
193.4 319.9 2441.1 0.5008527637 -0.8268076181 0.2559994757 0.7317141891 0.2464876473 -0.6354826093 0.4623211324 0.5056016445 0.7284408808
89.2 167.7 2345.0 -0.3024880588 -0.8268076181 -0.4742258489 -0.9526741505 0.2464876473 0.1779209077 -0.0302155390 0.5056016445 -0.8622377515
455.0 307.5 2338.1 0.0271495599 0.3732416332 0.9273368120 -0.9882303476 0.1497298926 -0.0313321017 -0.1505444795 -0.9155717492 0.3729138374
462.7 27.1 2295.4 -0.1465255171 0.3848746717 0.9112638235 -0.9446962476 0.2187801450 -0.2443036139 -0.2933927178 -0.8966642022 0.3315327764
225.9 -77.4 2447.4 0.7595453858 0.1586826742 0.6308015585 -0.0650623068 0.9834569097 -0.1690544337 -0.6471921206 0.0873631164 0.7573044300
162.8 -468.4 2412.7 0.7595453262 0.0004650626 0.6504541636 -0.0661366209 0.9948723912 0.0765174329 -0.6470833421 -0.1011373028 0.7556814551
395.2 -86.9 2377.4 0.9096243382 0.1094316840 0.4007595778 -0.0493835397 0.9863252044 -0.1572382897 -0.4124861062 0.1232368574 0.9025895596
351.7 -479.1 2328.4 0.9013363719 0.1250644326 0.4146704972 -0.1588458717 0.9861431718 0.0478503518 -0.4029400945 -0.1089979559 0.9087126851
173.3 432.4 2353.4 0 0 0 0 0 0 0 0 0
424.3 -219.9 2218.7 0 0 0 0 0 0 0 0 0
162.6 -783.6 2444.7 0 0 0 0 0 0 0 0 0
313.1 -783.0 2362.0 0 0 0 0 0 0 0 0 0
288.8 514.9 2414.4 1 0.9138222933 -0.1655709893 0.3708301783 0.2001045495 0.9781512022 -0.0563776903 -0.3533934653 0.1257240027 0.9269878864
323.0 313.3 2388.5 0.9138222933 -0.1655709893 0.3708301783 0.2001045495 0.9781512022 -0.0563776903 -0.3533934653 0.1257240027 0.9269878864
317.3 114.9 2399.9 0.9309844971 0.0286177434 0.3639352322 -0.0475279391 0.9979392290 0.0431093425 -0.3619515300 -0.0574312210 0.9304261208
191.9 320.0 2439.5 0.4974726140 -0.8278675079 0.2591454089 0.7410332561 0.2502475977 -0.6230937839 0.4509885907 0.5020074844 0.7379686832
88.3 165.6 2345.5 -0.3008406162 -0.8288068175 -0.4717777073 -0.9532892108 0.2472851425 0.1734640896 -0.0271046106 0.5019255877 -0.8644859791
454.0 306.6 2337.6 0.0299943220 0.3776712120 0.9254538417 -0.9881854653 0.1504243612 -0.0293596480 -0.1502991021 -0.9136394262 0.3777211010
462.5 25.4 2294.8 -0.1472151428 0.3889654279 0.9094138741 -0.9446427822 0.2172749341 -0.2458486557 -0.2932194769 -0.8952639103 0.3354472518
228.9 -79.1 2445.7 0.7609020472 0.1742819846 0.6250230670 -0.0755967349 0.9805043936 -0.1813733578 -0.6444479823 0.0907576606 0.7592429519
159.6 -468.9 2409.6 0.7608170509 -0.0119721349 0.6488559246 -0.0648580492 0.9934213758 0.0943791717 -0.6457172632 -0.1138888150 0.7550354600
399.5 -87.2 2378.5 0.9103488922 0.1209639609 0.3957683444 -0.0605053380 0.9849553704 -0.1618703008 -0.4093946517 0.1234123483 0.9039720297
351.4 -478.8 2329.5 0.9020345211 0.1279742271 0.4122576118 -0.1609472185 0.9858849645 0.0461169668 -0.4005368054 -0.1079508066 0.9098994136
172.9 433.6 2353.1 0 0 0 0 0 0 0 0 0
424.0 -221.7 2218.1 0 0 0 0 0 0 0 0 0
163.5 -786.1 2446.0 0 0 0 0 0 0 0 0 0
312.0 -781.8 2362.7 0 0 0 0 0 0 0 0 0
286.1 516.1 2415.1 2 0.9182441831 -0.1671114415 0.3590284288 0.2023542374 0.9773066640 -0.0626453683 -0.3404121101 0.1301746666 0.9312218428
320.9 312.7 2388.0 0.9182441831 -0.1671114415 0.3590284288 0.2023542374 0.9773066640 -0.0626453683 -0.3404121101 0.1301746666 0.9312218428
319.5 114.3 2399.6 0.9368294477 0.0069831461 0.3497168422 -0.0269408375 0.9982712865 0.0522362478 -0.3487474918 -0.0583581217 0.9353980422
189.1 316.5 2437.1 0.5072548985 -0.8226891160 0.2566614747 0.7361182570 0.2587524951 -0.6254414916 0.4481321275 0.5061914325 0.7368499041
85.7 166.5 2345.8 -0.3012707829 -0.8283911943 -0.4722329378 -0.9527370334 0.2412076145 0.1846918315 -0.0390909053 0.5055560470 -0.8619077802
452.7 308.9 2338.9 0.0345436037 0.3870067894 0.9214295745 -0.9868798852 0.1587081105 -0.0296612177 -0.1577174366 -0.9083157182 0.3874115646
462.4 30.7 2294.5 -0.1433031410 0.3949977160 0.9074364901 -0.9480578899 0.2083167881 -0.2403962314 -0.2839902043 -0.8947519064 0.3446282446
226.2 -79.1 2444.6 0.7669917941 0.1729400307 0.6179120541 -0.0860149935 0.9820140600 -0.1680769026 -0.6358655691 0.0757639110 0.7680721283
157.4 -469.5 2414.5 0.7668091655 -0.0191623308 0.6415890455 -0.0490946546 0.9948753119 0.0883904845 -0.6399948001 -0.0992772281 0.7619387507
397.0 -87.8 2378.2 0.9149503112 0.1174535379 0.3860965967 -0.0607753024 0.9859018922 -0.1558969468 -0.3989640176 0.1191728190 0.9091895223
350.3 -479.8 2330.8 0.9068058133 0.1269100606 0.4019913673 -0.1601305008 0.9858291745 0.0499901958 -0.3899505436 -0.1097024754 0.9142777920
170.5 434.5 2356.8 0 0 0 0 0 0 0 0 0
424.9 -217.3 2220.2 0 0 0 0 0 0 0 0 0
163.4 -782.5 2445.7 0 0 0 0 0 0 0 0 0
311.2 -783.3 2364.5 0 0 0 0 0 0 0 0 0
285.2 517.9 2413.9 3 0.9197446108 -0.1699034125 0.3538399339 0.2025073469 0.9776229858 -0.0569566973 -0.3362449408 0.1240408048 0.9335701466
321.1 311.2 2387.7 0.9197446108 -0.1699034125 0.3538399339 0.2025073469 0.9776229858 -0.0569566973 -0.3362449408 0.1240408048 0.9335701466
316.8 112.8 2398.7 0.9378886819 0.0218701344 0.3462463617 -0.0396676250 0.9982261062 0.0443975143 -0.3446611762 -0.0553746969 0.9370924830
189.2 316.8 2436.2 0.5183412433 -0.8082450032 0.2793964148 0.7419452071 0.2625675201 -0.6169080734 0.4252524376 0.5270657539 0.7357730865
80.3 161.0 2346.9 -0.3083039820 -0.8082450032 -0.5016858578 -0.9512872100 0.2625675201 0.1615886390 0.0011232038 0.5270657539 -0.8498237729
453.1 305.7 2339.2 0.0331432931 0.3932741582 0.9188236594 -0.9867831469 0.1587810665 -0.0323666520 -0.1586207598 -0.9056069851 0.3933388293
462.4 28.5 2294.7 -0.1444939673 0.4017142057 0.9042937756 -0.9464647770 0.2104923874 -0.2447393090 -0.2886622250 -0.8912455440 0.3497934639
232.2 -81.7 2443.3 0.7674313784 0.1888009608 0.6127015948 -0.1009475291 0.9793202877 -0.1753321737 -0.6331339478 0.0727047101 0.7706201077
157.1 -471.0 2414.4 0.7674438953 -0.0195880644 0.6408168077 -0.0496431328 0.9947165251 0.0898585841 -0.6391912103 -0.1007735804 0.7624167204
404.0 -86.6 2379.3 0.9150974154 0.1365441233 0.3794106245 -0.0777615234 0.9830176830 -0.1662207693 -0.3956638277 0.1226046532 0.9101748466
349.8 -477.4 2330.5 0.9081751704 0.1235114932 0.3999534547 -0.1562417597 0.9864448905 0.0501498505 -0.3883379698 -0.1080342829 0.9151623845
167.0 428.6 2346.6 0 0 0 0 0 0 0 0 0
424.5 -219.5 2219.0 0 0 0 0 0 0 0 0 0
163.3 -783.2 2446.0 0 0 0 0 0 0 0 0 0
311.5 -782.8 2364.0 0 0 0 0 0 0 0 0 0
283.8 517.6 2413.4 4 0.8960013986 -0.1085428447 0.4305809438 0.1301993132 0.9912643433 -0.0210509133 -0.4245346189 0.0749229938 0.9023064375
306.0 314.8 2398.0 0.8960013986 -0.1085428447 0.4305809438 0.1301993132 0.9912643433 -0.0210509133 -0.4245346189 0.0749229938 0.9023064375
306.9 116.2 2401.2 0.9036136270 -0.0065073338 0.4282990396 -0.0015404550 0.9998287559 0.0184408445 -0.4283456802 -0.0173231736 0.9034488797
179.4 314.8 2458.0 0.4682897329 -0.8726963401 0.1382237524 0.7270007730 0.2916532159 -0.6216174960 0.5021699071 0.3915858567 0.7710291147
77.5 156.5 2348.6 -0.3154728115 -0.8726963401 -0.3726633489 -0.9489274621 0.2916532159 0.1203126460 0.0036920565 0.3915858567 -0.9201341867
432.6 314.7 2338.1 0.1017126068 0.3082853556 0.9458407164 -0.9836347103 0.1733004749 0.0492916517 -0.1487187445 -0.9353753924 0.3208670318
462.4 26.4 2294.5 -0.1467508078 0.3187918663 0.9363951683 -0.9442621469 0.2368576229 -0.2286209017 -0.2946748137 -0.9177528024 0.2662640214
226.4 -81.9 2441.4 0.7056609392 0.1776318997 0.6859224439 -0.0768540725 0.9815424681 -0.1751223356 -0.7043693066 0.0708610564 0.7062879205
155.8 -472.2 2413.2 0.7052953243 -0.0263610575 0.7084233165 -0.0585815087 0.9937233329 0.0953001678 -0.7064890265 -0.1087152734 0.6993241310
398.5 -89.2 2378.1 0.8762450814 0.1213153973 0.4663444459 -0.0459846221 0.9844247699 -0.1696859151 -0.4796665311 0.1272417754 0.8681759834
350.2 -480.6 2327.6 0.8660399914 0.1346431524 0.4815038741 -0.1778443158 0.9830297232 0.0449883491 -0.4672752321 -0.1245944351 0.8752885461
164.4 417.9 2347.6 0 0 0 0 0 0 0 0 0
423.9 -221.5 2217.2 0 0 0 0 0 0 0 0 0
164.1 -784.3 2447.4 0 0 0 0 0 0 0 0 0
308.5 -785.0 2366.1 0 0 0 0 0 0 0 0 0
284.6 514.3 2414.1 5 0.8857796788 -0.0631827116 0.4597850740 0.0816872641 0.9964483380 -0.0204413179 -0.4568605423 0.0556650870 0.8877949119
297.3 313.6 2402.9 0.8857796788 -0.0631827116 0.4597850740 0.0816872641 0.9964483380 -0.0204413179 -0.4568605423 0.0556650870 0.8877949119
299.3 115.0 2401.9 0.8883841634 -0.0108816912 0.4589718580 0.0114840502 0.9999329448 0.0014787692 -0.4589571655 0.0039571407 0.8884496093
172.7 311.9 2467.2 0.4470539689 -0.8923876882 0.0615381561 0.7158507705 0.3156658709 -0.6228263974 0.5363771319 0.3224891424 0.7799361348
74.4 154.4 2349.3 -0.3132942021 -0.8923876882 -0.3247936964 -0.9477130771 0.3156658709 0.0468502715 0.0607176833 0.3224891424 -0.9446237683
422.0 315.3 2338.5 0.1372743994 0.2768966854 0.9510436058 -0.9794036150 0.1814673692 0.0885336027 -0.1480687261 -0.9436089396 0.2961044312
462.3 27.4 2295.0 -0.1459972411 0.2861966193 0.9469827414 -0.9462637901 0.2388176620 -0.2180617601 -0.2885647416 -0.9279319048 0.2359507978
225.4 -82.2 2443.5 0.6812195778 0.1781526208 0.7100715041 -0.0597323813 0.9802302718 -0.1886284798 -0.7296382189 0.0860831514 0.6783934832
154.5 -471.9 2409.3 0.6813687086 -0.0282659791 0.7313943505 -0.0646764934 0.9930201769 0.0986297280 -0.7290772796 -0.1145072281 0.6747847199
390.4 -82.3 2365.4 0.8587310910 0.1029488221 0.5019785166 -0.0382112749 0.9897483587 -0.1376158744 -0.5109997988 0.0989937857 0.8538614511
349.5 -475.6 2326.0 0.8494518995 0.1262847632 0.5123316050 -0.1733044982 0.9838473797 0.0448320881 -0.4983944595 -0.1268720627 0.8576167226
159.6 412.3 2332.8 0 0 0 0 0 0 0 0 0
423.7 -222.8 2218.7 0 0 0 0 0 0 0 0 0
163.3 -780.9 2444.9 0 0 0 0 0 0 0 0 0
309.6 -786.3 2366.1 0 0 0 0 0 0 0 0 0
281.8 516.5 2406.9 6 0.8882573247 -0.0628742725 0.4550228417 0.0775085464 0.9968995452 -0.0135558099 -0.4527597427 0.0473092049 0.8903765678
294.8 309.6 2397.1 0.8882573247 -0.0628742725 0.4550228417 0.0775085464 0.9968995452 -0.0135558099 -0.4527597427 0.0473092049 0.8903765678
296.4 111.0 2400.7 0.8910591602 -0.0087152198 0.4538035393 -0.0006369385 0.9997906685 0.0204514600 -0.4538867772 -0.0185125060 0.8908670545
169.6 309.6 2460.9 0.4533289373 -0.8879487514 0.0777170807 0.7096098065 0.3067630529 -0.6343109608 0.5393948555 0.3427003026 0.7691617012
75.7 162.7 2349.2 -0.3098120391 -0.8879487514 -0.3399464190 -0.9496203661 0.3067630529 0.0641687810 0.0473044142 0.3427003026 -0.9382530451
420.0 309.6 2333.4 0.1480171382 0.2813250124 0.9481282234 -0.9801344275 0.1696967930 0.1026619971 -0.1320129335 -0.9444888830 0.3008543551
462.4 29.0 2295.6 -0.1440680623 0.2908971906 0.9458452463 -0.9492372274 0.2294682115 -0.2151582688 -0.2796303630 -0.9288288951 0.2430714071
219.9 -84.8 2443.0 0.6903859377 0.1619684100 0.7050769329 -0.0483344533 0.9827646017 -0.1784307361 -0.7218248248 0.0891065598 0.6863155365
155.5 -475.5 2407.6 0.6909671426 -0.0232288577 0.7225128412 -0.0676264912 0.9930232167 0.0965996385 -0.7197159529 -0.1156081930 0.6845755577
382.4 -82.5 2359.1 0.8633754253 0.0866242573 0.4970705211 -0.0329992808 0.9927374721 -0.1156865507 -0.5034818053 0.0834779516 0.8599636555
348.0 -477.0 2325.9 0.8550763726 0.1195042357 0.5045424700 -0.1657909006 0.9850081205 0.0476694033 -0.4912817180 -0.1244095266 0.8620699048
158.7 417.2 2336.5 0 0 0 0 0 0 0 0 0
424.1 -223.6 2221.1 0 0 0 0 0 0 0 0 0
162.7 -780.8 2443.1 0 0 0 0 0 0 0 0 0
311.1 -781.5 2364.3 0 0 0 0 0 0 0 0 0
278.5 518.0 2409.4 7 0.8868141174 -0.0911119282 0.4530555010 0.1175966859 0.9925908446 -0.0305691864 -0.4469135106 0.0803870112 0.8909580708
297.8 307.8 2392.3 0.8868141174 -0.0911119282 0.4530555010 0.1175966859 0.9925908446 -0.0305691864 -0.4469135106 0.0803870112 0.8909580708
297.4 109.2 2399.1 0.8928495646 0.0017524554 0.4503516555 -0.0169447437 0.9994150996 0.0297049563 -0.4500361979 -0.0341531523 0.8923569918
172.2 310.1 2455.6 0.4782818556 -0.8726524711 0.0986110196 0.7147556543 0.3215606511 -0.6210660934 0.5102654099 0.3675274253 0.7775299549
73.7 162.9 2350.5 -0.3205959499 -0.8726524711 -0.3683692217 -0.9449457526 0.3215606511 0.0606323369 0.0655420944 0.3675274253 -0.9277002811
423.3 305.4 2329.1 0.1395531595 0.2865369618 0.9478510022 -0.9830873013 0.1547324359 0.0979651660 -0.1185926497 -0.9454916120 0.3032842577
462.5 29.8 2295.8 -0.1432113945 0.2981045842 0.9437288642 -0.9498209357 0.2265320867 -0.2156927139 -0.2780838609 -0.9272630811 0.2507040203
216.4 -87.6 2445.9 0.6981481314 0.1557695866 0.6988025904 -0.0346015505 0.9822453260 -0.1843824685 -0.7151167393 0.1045466140 0.6911425591
154.4 -478.1 2404.3 0.6993801594 -0.0258155335 0.7142835259 -0.0673751608 0.9925165176 0.1018407792 -0.7115672827 -0.1193503886 0.6924070120
379.6 -87.7 2362.8 0.8666958213 0.0861394033 0.4913433790 -0.0317311883 0.9925031662 -0.1180281341 -0.4978267252 0.0867035836 0.8629316688
345.4 -482.2 2328.3 0.8591271043 0.1144468114 0.4988010824 -0.1565007418 0.9867346287 0.0431542769 -0.4872454107 -0.1151377484 0.8656414747
159.0 414.1 2333.1 0 0 0 0 0 0 0 0 0
424.2 -223.8 2221.6 0 0 0 0 0 0 0 0 0
162.3 -781.8 2440.8 0 0 0 0 0 0 0 0 0
310.5 -783.0 2363.4 0 0 0 0 0 0 0 0 0
276.3 514.2 2411.6 8 0.8635047078 -0.0608468950 0.5006568432 0.0772638917 0.9969372749 -0.0120985080 -0.4983872771 0.0491298139 0.8655613065
288.8 309.3 2401.5 0.8635047078 -0.0608468950 0.5006568432 0.0772638917 0.9969372749 -0.0120985080 -0.4983872771 0.0491298139 0.8655613065
291.1 110.7 2403.7 0.8661648631 -0.0127201965 0.4995964468 0.0050611198 0.9998480082 0.0166824646 -0.4997327328 -0.0119212465 0.8660976291
167.1 308.6 2471.6 0.4217655063 -0.9055727124 0.0452985913 0.6980379224 0.2924111485 -0.6536350846 0.5786682963 0.3073008657 0.7554529905
74.9 155.9 2345.1 -0.2947801054 -0.9055727124 -0.3050291538 -0.9547358751 0.2924111485 0.0545442812 0.0398001112 0.3073008657 -0.9507797360
410.4 310.1 2331.3 0.1817644686 0.2331830114 0.9552943707 -0.9756013155 0.1644183397 0.1454945207 -0.1231410652 -0.9584321976 0.2573790550
462.5 30.5 2296.0 -0.1418565512 0.2429001629 0.9596229792 -0.9535349011 0.2267720401 -0.1983572245 -0.2657966614 -0.9431722760 0.1994446814
215.1 -87.9 2447.1 0.6564972401 0.1549984217 0.7382322550 -0.0131172258 0.9808593392 -0.1942752153 -0.7542143464 0.1178575829 0.6459646225
153.5 -477.8 2400.2 0.6604145765 -0.0320823602 0.7502155304 -0.0832600594 0.9897976518 0.1156217158 -0.7462709546 -0.1388212591 0.6510056257
378.8 -91.0 2364.6 0.8362241387 0.0817456841 0.5422608256 -0.0253934041 0.9935387373 -0.1106163785 -0.5477995276 0.0787302405 0.8328968883
346.3 -485.9 2333.3 0.8278616071 0.1185930967 0.5482525229 -0.1525008976 0.9881651402 0.0165253654 -0.5398042202 -0.0972897112 0.8361495733
152.9 408.6 2334.5 0 0 0 0 0 0 0 0 0
424.6 -224.5 2225.0 0 0 0 0 0 0 0 0 0
163.3 -782.4 2442.9 0 0 0 0 0 0 0 0 0
310.7 -782.5 2362.5 0 0 0 0 0 0 0 0 0
274.4 514.5 2404.7 9 0.8608859181 -0.0473516993 0.5065898299 0.0479818843 0.9987782836 0.0118180802 -0.5065305233 0.0141331144 0.8621062040
284.0 312.6 2401.8 0.8608859181 -0.0473516993 0.5065898299 0.0479818843 0.9987782836 0.0118180802 -0.5065305233 0.0141331144 0.8621062040
288.1 114.0 2405.4 0.8622241020 -0.0211234726 0.5060863495 0.0089286463 0.9996086359 0.0265107173 -0.5064483285 -0.0183395129 0.8620752692
162.7 311.4 2473.0 0.4153217077 -0.9095069170 0.0174644664 0.6980764866 0.3063458502 -0.6471796036 0.5832641721 0.2809792757 0.7621374726
72.6 159.9 2346.4 -0.3044702709 -0.9095069170 -0.2830106020 -0.9511311054 0.3063458502 0.0387528576 0.0514531285 0.2809792757 -0.9583335519
405.2 313.9 2330.6 0.1973406076 0.2233236730 0.9545592070 -0.9727360010 0.1656077057 0.1623536795 -0.1218249351 -0.9605730772 0.2499160916
462.5 31.6 2295.3 -0.1404655129 0.2318429798 0.9625582099 -0.9559530020 0.2213124335 -0.1928072125 -0.2577270865 -0.9472431540 0.1905442327
214.2 -88.5 2451.7 0.6515017152 0.1543841958 0.7427725196 -0.0078623807 0.9803965092 -0.1968777478 -0.7586064339 0.1224262267 0.6399438381
152.8 -478.3 2403.1 0.6555907726 -0.0363470912 0.7542411089 -0.0766149312 0.9904845953 0.1143258810 -0.7512196302 -0.1327371150 0.6465678215
372.8 -87.5 2360.3 0.8326870203 0.0657709017 0.5498240590 -0.0147154629 0.9951988459 -0.0967613980 -0.5535483360 0.0724810436 0.8296569586
346.7 -483.1 2331.5 0.8246498108 0.1154150218 0.5537436604 -0.1537271589 0.9878446460 0.0230412725 -0.5443534255 -0.1041264236 0.8323683143
151.5 406.4 2333.1 0 0 0 0 0 0 0 0 0
424.8 -224.8 2226.1 0 0 0 0 0 0 0 0 0
164.0 -781.9 2443.8 0 0 0 0 0 0 0 0 0
311.0 -788.1 2363.6 0 0 0 0 0 0 0 0 0
274.7 512.2 2401.2 0 0.8647317886 -0.0322586074 0.5011969209 0.0291993935 0.9994762540 0.0139507409 -0.5013844371 0.0025709970 0.8652207851
281.2 311.8 2400.7 0.8647317886 -0.0322586074 0.5011969209 0.0291993935 0.9994762540 0.0139507409 -0.5013844371 0.0025709970 0.8652207851
284.7 113.1 2403.7 0.8652683496 -0.0178168751 0.5009921789 0.0077761263 0.9997249842 0.0221231766 -0.5012485981 -0.0152467070 0.8651689887
159.5 310.7 2471.2 0.4135954380 -0.9104335308 0.0070401188 0.6913123727 0.3090015352 -0.6531502604 0.5924745202 0.2750068903 0.7571955919
70.7 162.4 2344.1 -0.3094600141 -0.9104335308 -0.2744908631 -0.9499452710 0.3090015352 0.0460659824 0.0428780876 0.2750068903 -0.9604856372
402.9 312.9 2330.2 0.2151748389 0.2283810079 0.9494956136 -0.9686201811 0.1737598479 0.1777146161 -0.1243975684 -0.9579402804 0.2586032152
462.7 43.5 2295.6 -0.1222790256 0.2327314913 0.9648232460 -0.9630889893 0.2070597857 -0.1720055044 -0.2398071885 -0.9502432942 0.1988220513
213.2 -85.5 2455.4 0.6557647586 0.1531781852 0.7392624617 -0.0090718288 0.9807286859 -0.1951637715 -0.7549107671 0.1212750673 0.6445169449
152.3 -475.5 2407.2 0.6588183045 -0.0378148593 0.7513511181 -0.0634328648 0.9923869967 0.1055667698 -0.7496230602 -0.1172096729 0.6514040232
371.2 -83.8 2362.6 0.8360937238 0.0628902763 0.5449697971 -0.0132741202 0.9954354763 -0.0945094600 -0.5484260321 0.0717847720 0.8331121206
346.2 -479.6 2334.0 0.8283073306 0.1138486415 0.5485849380 -0.1476664096 0.9888781309 0.0177378785 -0.5404642224 -0.0956999809 0.8359066844
149.7 404.7 2333.2 0 0 0 0 0 0 0 0 0
429.9 -215.1 2231.2 0 0 0 0 0 0 0 0 0
164.0 -781.9 2443.4 0 0 0 0 0 0 0 0 0
310.7 -788.4 2363.9 0 0 0 0 0 0 0 0 0
272.1 512.9 2402.0 1 0.8562667966 -0.0304073934 0.5156380534 0.0272604618 0.9995348454 0.0136743588 -0.5158139467 0.0023476314 0.8566973805
278.1 313.0 2401.5 0.8562667966 -0.0304073934 0.5156380534 0.0272604618 0.9995348454 0.0136743588 -0.5158139467 0.0023476314 0.8566973805
282.3 114.3 2403.1 0.8566131592 -0.0209793095 0.5155324340 0.0137833431 0.9997468591 0.0177816264 -0.5157750249 -0.0081262141 0.8566855192
157.6 311.0 2474.1 0.4303873777 -0.9026238918 -0.0060712742 0.6823413372 0.3297411799 -0.6524423957 0.5909120440 0.2766602933 0.7578139901
64.8 163.8 2346.6 -0.3307634294 -0.9026238918 -0.2754372954 -0.9426689744 0.3297411799 0.0514388159 0.0443931185 0.2766602933 -0.9599418640
398.7 314.9 2329.0 0.2301501781 0.2132534087 0.9495019317 -0.9653035998 0.1737177670 0.1949642152 -0.1233685762 -0.9614287019 0.2458354682
462.6 46.7 2294.7 -0.1166400090 0.2157859653 0.9694491029 -0.9678392410 0.1943701804 -0.1597104371 -0.2228952646 -0.9568995237 0.1861747950
208.8 -86.4 2452.7 0.6433197856 0.1377484947 0.7531035542 0.0009568565 0.9835352898 -0.1807136089 -0.7655969858 0.1169772595 0.6325958967
154.1 -477.4 2406.2 0.6469516754 -0.0273268539 0.7620411515 -0.0705185905 0.9929308295 0.0954748914 -0.7592632174 -0.1155057102 0.6404512525
367.5 -84.9 2360.8 0.8266047835 0.0603051968 0.5595424771 -0.0086542042 0.9954867959 -0.0945047438 -0.5627163053 0.0732756779 0.8233960271
343.6 -480.7 2331.6 0.8199390769 0.1050422639 0.5627309084 -0.1447630823 0.9891168475 0.0262964685 -0.5538443327 -0.1030241624 0.8262218237
149.0 403.9 2335.3 0 0 0 0 0 0 0 0 0
431.3 -213.4 2234.8 0 0 0 0 0 0 0 0 0
162.4 -781.3 2441.5 0 0 0 0 0 0 0 0 0
311.4 -783.3 2363.1 0 0 0 0 0 0 0 0 0
270.9 512.2 2407.9 2 0.8465149403 -0.0280630421 0.5316247940 0.0336030722 0.9994349480 -0.0007492438 -0.5313034058 0.0184984729 0.8469796181
276.5 312.8 2404.2 0.8465149403 -0.0280630421 0.5316247940 0.0336030722 0.9994349480 -0.0007492438 -0.5313034058 0.0184984729 0.8469796181
280.7 114.1 2402.2 0.8467616439 -0.0215767305 0.5315347314 0.0236665606 0.9997157454 0.0028797027 -0.5314457417 0.0101411762 0.8470315933
157.4 309.4 2479.0 0.4325600863 -0.9012650847 -0.0247589108 0.6623713374 0.3362943828 -0.6694552302 0.6116828918 0.2731800377 0.7424396873
62.3 163.9 2344.6 -0.3385312855 -0.9012650847 -0.2704030573 -0.9400869608 0.3362943828 0.0560587309 0.0404112525 0.2731800377 -0.9611137509
395.6 316.1 2329.4 0.2373187095 0.2004137486 0.9505336285 -0.9640600681 0.1689056456 0.2050831914 -0.1194490045 -0.9650415778 0.2332953662
461.2 49.8 2296.4 -0.1094375700 0.2043958604 0.9727516174 -0.9673631191 0.2031097114 -0.1515090317 -0.2285431176 -0.9575848579 0.1754971892
207.9 -85.8 2452.0 0.6270293593 0.1376248151 0.7667421699 0.0024638260 0.9839149117 -0.1786206663 -0.7789916992 0.1138895229 0.6166044474
153.1 -476.9 2406.7 0.6306675673 -0.0309286024 0.7754365206 -0.0662536994 0.9934117198 0.0935072005 -0.7732197642 -0.1103475019 0.6244634390
365.0 -83.2 2357.4 0.8149586320 0.0573984534 0.5766696334 -0.0135220289 0.9966954589 -0.0800959170 -0.5793613791 0.0574771166 0.8130416870
342.2 -479.5 2334.6 0.8085861206 0.1017175466 0.5795187950 -0.1389934570 0.9900882244 0.0201526508 -0.5717248321 -0.0968444720 0.8147096634
148.5 403.2 2334.3 0 0 0 0 0 0 0 0 0
431.8 -210.3 2235.0 0 0 0 0 0 0 0 0 0
162.7 -783.0 2440.7 0 0 0 0 0 0 0 0 0
311.1 -782.0 2364.2 0 0 0 0 0 0 0 0 0
272.5 508.2 2410.3 3 0.8466280699 -0.0158388559 0.5319492817 0.0286277365 0.9994652271 -0.0158035010 -0.5314145088 0.0286081918 0.8466287255
275.7 309.6 2404.7 0.8466280699 -0.0158388559 0.5319492817 0.0286277365 0.9994652271 -0.0158035010 -0.5314145088 0.0286081918 0.8466287255
277.7 110.9 2400.9 0.8467552662 -0.0103418902 0.5318820477 0.0189144034 0.9997641444 -0.0106723271 -0.5316462517 0.0190970805 0.8467511535
156.5 306.9 2479.5 0.4354830384 -0.8995794654 -0.0333367065 0.6492763758 0.3395324051 -0.6805570722 0.6235340238 0.2747263014 0.7319363356
61.0 164.5 2342.7 -0.3435470760 -0.8995794654 -0.2696890831 -0.9384853244 0.3395324051 0.0629522353 0.0349376425 0.2747263014 -0.9608874917
394.8 312.2 2329.8 0.2421892285 0.2033179998 0.9486865401 -0.9630081654 0.1694469303 0.2095303237 -0.1181507334 -0.9643388987 0.2368351221
460.1 52.8 2298.0 -0.1023356169 0.2075173557 0.9728637934 -0.9672113061 0.2077710927 -0.1460597813 -0.2324429005 -0.9559119940 0.1794507504
207.3 -86.8 2448.9 0.6267146468 0.1388339698 0.7667815089 0.0025189731 0.9836347699 -0.1801563948 -0.7792447805 0.1148381457 0.6161085367
152.1 -477.9 2403.2 0.6312140226 -0.0346594900 0.7748339176 -0.0735500902 0.9918243289 0.1042829603 -0.7721135020 -0.1228139699 0.6235042214
362.6 -82.5 2351.4 0.8143899441 0.0490173437 0.5782441497 -0.0196344722 0.9981832504 -0.0569623969 -0.5799857974 0.0350360833 0.8138728142
343.2 -479.2 2337.5 0.8067070246 0.1119172946 0.5802571177 -0.1466242373 0.9891058803 0.0130713377 -0.5724728107 -0.0956244990 0.8143284321
148.2 402.7 2333.8 0 0 0 0 0 0 0 0 0
432.5 -207.4 2235.5 0 0 0 0 0 0 0 0 0
162.8 -785.3 2441.3 0 0 0 0 0 0 0 0 0
308.6 -784.4 2367.0 0 0 0 0 0 0 0 0 0
270.3 506.3 2404.1 4 0.8616867065 -0.0697386712 0.5026255846 0.0779031292 0.9969494939 0.0047706305 -0.5014250278 0.0350453183 0.8644910455
284.0 310.2 2397.2 0.8616867065 -0.0697386712 0.5026255846 0.0779031292 0.9969494939 0.0047706305 -0.5014250278 0.0350453183 0.8644910455
281.3 111.5 2399.2 0.8643754721 0.0128090428 0.5026837587 -0.0164046250 0.9998617172 0.0027303118 -0.5025792718 -0.0106063532 0.8644660711
162.5 312.4 2467.8 0.4643432200 -0.8852269053 0.0275439806 0.6719732881 0.3318819404 -0.6620470285 0.5769205093 0.3259258568 0.7489559650
60.2 164.4 2340.7 -0.3457913399 -0.8852269053 -0.3111296296 -0.9381726980 0.3318819404 0.0984192714 0.0161349252 0.3259258568 -0.9452576041
405.5 307.9 2326.5 0.1999121606 0.2352573574 0.9511514902 -0.9737277627 0.1557310224 0.1661387831 -0.1090384275 -0.9593757391 0.2602091432
458.1 51.6 2297.8 -0.0908785462 0.2408377081 0.9663013220 -0.9668252468 0.2112650573 -0.1435828060 -0.2387258559 -0.9472931027 0.2136485130
202.0 -89.6 2445.8 0.6565754414 0.1233416125 0.7441071868 -0.0064573046 0.9874219894 -0.1579752415 -0.7542327046 0.0989177376 0.6491134763
