-155.0 440.0 2694.2 50 0.9791823030 -0.1046626419 -0.1739188582 0.0901514515 0.9919110537 -0.0893596485 0.1818646640 0.0718203411 0.9806972146
-134.3 243.4 2680.0 0.9791823030 -0.1046626419 -0.1739188582 0.0901514515 0.9919110537 -0.0893596485 0.1818646640 0.0718203411 0.9806972146
-114.3 50.7 2671.2 0.9788759351 -0.1029297560 -0.1766561121 0.0930817351 0.9936519861 -0.0631786138 0.1820376515 0.0454005711 0.9822428823
-268.0 230.7 2655.1 0.6640934348 -0.7191594839 -0.2044250667 0.2414765358 0.4650857151 -0.8516950011 0.7075796723 0.5162411928 0.4825204909
-413.0 178.0 2500.6 -0.5786721706 -0.7191594839 -0.3846403956 -0.8121546507 0.4650857151 0.3522783816 -0.0744535848 0.5162411928 -0.8532008529
-0.6 256.2 2704.8 0.2885381281 0.4481753111 0.8460996747 -0.9464968443 0.2669062316 0.1813966334 -0.1445317864 -0.8531705141 0.5012091398
74.8 8.8 2667.1 -0.0300770085 0.4484373629 0.8933080435 -0.9464302063 0.2746860385 -0.1697569638 -0.3215046227 -0.8505595326 0.4161529243
-177.6 -153.7 2643.2 0.8902751207 0.1290650070 0.4367521703 -0.1404731423 0.9900648594 -0.0062346393 -0.4332176447 -0.0558014065 0.8995602727
-227.7 -538.1 2664.9 0.8900833130 -0.0935672447 0.4460906088 0.0657925531 0.9948278069 0.0773888454 -0.4510243833 -0.0395330787 0.8916356564
-3.1 -136.7 2680.0 0.9559641480 0.1903550178 0.2233774066 -0.1781296432 0.9812317491 -0.0738518313 -0.2332430780 0.0308095682 0.9719302654
-77.0 -517.5 2668.1 0.9633710980 -0.1252184063 0.2371424288 0.1287457496 0.9916774631 0.0006170831 -0.2352460772 0.0299366005 0.9714747071
-312.1 319.5 2513.6 0 0 0 0 0 0 0 0 0
66.9 -239.5 2582.7 0 0 0 0 0 0 0 0 0
-201.1 -820.8 2676.1 0 0 0 0 0 0 0 0 0
-35.7 -844.3 2658.2 0 0 0 0 0 0 0 0 0
-155.2 439.6 2695.1 51 0.9828675389 -0.0973903611 -0.1564815193 0.0854433700 0.9930159450 -0.0813556910 0.1633119136 0.0665915608 0.9843245149
-136.0 244.7 2682.0 0.9828675389 -0.0973903611 -0.1564815193 0.0854433700 0.9930159450 -0.0813556910 0.1633119136 0.0665915608 0.9843245149
-117.4 51.8 2672.9 0.9827067852 -0.0959801078 -0.1583515704 0.0870958418 0.9942601919 -0.0621371791 0.1634065956 0.0472708605 0.9854256511
-270.2 232.8 2659.7 0.6575109959 -0.7297694087 -0.1873922050 0.2420326918 0.4401103258 -0.8647098541 0.7135120630 0.5232012272 0.4660054445
-412.5 180.4 2505.3 -0.5728688836 -0.7297694087 -0.3731726110 -0.8113139868 0.4401103258 0.3848018646 -0.1165795252 0.5232012272 -0.8441976905
-1.8 256.6 2704.3 0.3047727942 0.4336948991 0.8479518294 -0.9428039193 0.2636066377 0.2040400505 -0.1350346059 -0.8616381288 0.4892293513
80.3 2.3 2667.9 -0.0216396768 0.4348015189 0.9002662897 -0.9396146536 0.2987845242 -0.1668894291 -0.3415493965 -0.8495148420 0.4020802975
-182.0 -150.3 2646.0 0.8843169212 0.1148556322 0.4525392056 -0.1195745617 0.9926570058 -0.0182756372 -0.4513152838 -0.0379507206 0.8915572166
-226.6 -535.5 2660.7 0.8823772073 -0.0872321948 0.4623862207 0.0509546697 0.9946011305 0.0904006064 -0.4677757025 -0.0562066957 0.8820582032
-6.7 -133.7 2678.6 0.9536027312 0.1811944842 0.2404378355 -0.1665822715 0.9827815294 -0.0799428076 -0.2507830560 0.0361810029 0.9673669338
-77.0 -515.1 2664.6 0.9587488770 -0.1229227483 0.2563016713 0.1239666343 0.9922120571 0.0121441465 -0.2557983994 0.0201296676 0.9665205479
-298.7 341.6 2528.5 0 0 0 0 0 0 0 0 0
74.6 -246.8 2577.4 0 0 0 0 0 0 0 0 0
-201.2 -825.4 2677.1 0 0 0 0 0 0 0 0 0
-36.6 -841.3 2658.0 0 0 0 0 0 0 0 0 0
-157.1 439.9 2695.5 52 0.9875051975 -0.1086822376 -0.1141122878 0.0965344608 0.9895534515 -0.1070752442 0.1245573834 0.0947215930 0.9876807332
-135.6 244.7 2676.8 0.9875051975 -0.1086822376 -0.1141122878 0.0965344608 0.9895534515 -0.1070752442 0.1245573834 0.0947215930 0.9876807332
-116.1 51.8 2673.4 0.9874336123 -0.1001624316 -0.1222389862 0.0972149447 0.9948154092 -0.0298581794 0.1245958954 0.0175995138 0.9920514822
-270.4 231.5 2659.9 0.6694151759 -0.7170664668 -0.1941624433 0.2037614286 0.4285649359 -0.8802348375 0.7143980861 0.5496797562 0.4329983592
-409.8 189.1 2511.1 -0.5776282549 -0.7170664668 -0.3900786042 -0.8067440987 0.4285649359 0.4068120122 -0.1245372295 0.5496797562 -0.8260403275
-0.9 257.9 2693.8 0.2852807045 0.4006029963 0.8707078695 -0.9502329230 0.2368780226 0.2023515403 -0.1251889169 -0.8851022720 0.4482428730
77.0 -1.5 2659.7 0.0031547584 0.4015817940 0.9158177376 -0.9409347177 0.3112665713 -0.1332476586 -0.3385732770 -0.8613043427 0.3788442314
-186.8 -148.9 2649.0 0.8707683682 0.0996608660 0.4814874232 -0.1049933583 0.9943452477 -0.0159348063 -0.4803527892 -0.0366774574 0.8763081431
-225.5 -534.9 2663.2 0.8677703142 -0.0881973207 0.4890765846 0.0536208861 0.9949972630 0.0842924789 -0.4940642416 -0.0469217859 0.8681583405
-10.8 -133.4 2678.3 0.9476698041 0.1711937636 0.2694710791 -0.1545937210 0.9845834970 -0.0818297565 -0.2793255448 0.0358890481 0.9595255256
-77.2 -515.5 2664.4 0.9502929449 -0.1236380413 0.2857568562 0.1228923798 0.9922058582 0.0206141397 -0.2860783339 0.0155278696 0.9580804110
-281.7 368.0 2538.7 0 0 0 0 0 0 0 0 0
77.9 -251.4 2569.8 0 0 0 0 0 0 0 0 0
-200.2 -820.3 2676.7 0 0 0 0 0 0 0 0 0
-36.6 -841.7 2659.3 0 0 0 0 0 0 0 0 0
-159.0 438.1 2694.7 53 0.9890805483 -0.1210631877 -0.0840440392 0.1097759381 0.9856870174 -0.1279468387 0.0983307734 0.1173237115 0.9882136583
-134.5 238.1 2670.9 0.9890805483 -0.1210631877 -0.0840440392 0.1097759381 0.9856870174 -0.1279468387 0.0983307734 0.1173237115 0.9882136583
-117.2 44.8 2671.0 0.9913583994 -0.0886533707 -0.0966908634 0.0882509798 0.9960625172 -0.0084387371 0.0970582664 -0.0001672505 0.9952787161
-269.8 226.1 2657.7 0.6866756082 -0.6998947263 -0.1965298951 0.1363568008 0.3895490170 -0.9108558297 0.7140612006 0.5986643434 0.3629291952
-408.2 198.6 2513.8 -0.5822517872 -0.6998947263 -0.4136789143 -0.7966361046 0.3895490170 0.4621930718 -0.1623382866 0.5986643434 -0.7843770385
0.9 250.1 2684.2 0.2814846933 0.3801941574 0.8810327649 -0.9535203576 0.2137268782 0.2124139965 -0.1075418219 -0.8998739719 0.4226837456
75.4 -2.5 2655.7 0.0187154654 0.3799123168 0.9248331785 -0.9515938163 0.2905957103 -0.1001168340 -0.3067881763 -0.8781917691 0.3669608235
-184.9 -149.8 2658.8 0.8604667783 0.0999891534 0.4995989501 -0.0895242542 0.9949700832 -0.0449432023 -0.5015798211 -0.0060540899 0.8650901914
-223.7 -535.9 2661.2 0.8572371602 -0.0798321366 0.5086956024 0.0360123292 0.9947845340 0.0954296961 -0.5136609077 -0.0634865761 0.8556412458
-8.2 -132.6 2681.1 0.9403074980 0.1792940199 0.2892671824 -0.1603097767 0.9831143618 -0.0882438198 -0.3002043068 0.0366039611 0.9531723261
-77.8 -514.2 2666.9 0.9433128834 -0.1248448566 0.3075298369 0.1239795461 0.9920312166 0.0224319361 -0.3078796864 0.0169670768 0.9512739778
-270.7 386.8 2552.2 0 0 0 0 0 0 0 0 0
80.4 -254.1 2574.6 0 0 0 0 0 0 0 0 0
-200.4 -826.3 2679.7 0 0 0 0 0 0 0 0 0
-36.4 -842.9 2661.3 0 0 0 0 0 0 0 0 0
-160.5 438.6 2694.9 54 0.9897933602 -0.1260710657 -0.0664464757 0.1150632501 0.9820710421 -0.1493215561 0.0840802863 0.1401519328 0.9865535498
-133.8 230.8 2665.2 0.9897933602 -0.1260710657 -0.0664464757 0.1150632501 0.9820710421 -0.1493215561 0.0840802863 0.1401519328 0.9865535498
-113.4 38.0 2671.0 0.9907595515 -0.1046018898 -0.0863364488 0.1067864522 0.9940586686 0.0210719369 0.0836193338 -0.0300967861 0.9960431457
-269.0 216.2 2653.8 0.7176192403 -0.6748809218 -0.1719253659 0.0764483586 0.3217085004 -0.9437474608 0.6922270060 0.6641079783 0.2824577689
-405.3 201.7 2522.4 -0.5683063865 -0.6748809218 -0.4707054198 -0.8006582260 0.3217085004 0.5054206252 -0.1896688044 0.6641079783 -0.7231779695
1.5 245.3 2676.6 0.2830284834 0.3685799539 0.8854624033 -0.9555473328 0.1878782213 0.2272247225 -0.0826086253 -0.9104123116 0.4053704739
72.4 6.1 2655.9 0.0237800572 0.3683640659 0.9293774366 -0.9482672215 0.3027014136 -0.0957140476 -0.3165814877 -0.8790220618 0.3565058112
-188.6 -156.2 2662.4 0.8574062586 0.0953209102 0.5057355762 -0.0826914459 0.9954459071 -0.0474292338 -0.5079534054 -0.0011538845 0.8613837957
-225.6 -542.6 2662.8 0.8530288935 -0.0898757577 0.5140661597 0.0499465391 0.9945968390 0.0910083279 -0.5194680095 -0.0519569069 0.8529087901
-11.1 -140.5 2679.7 0.9391356111 0.1748526394 0.2957209647 -0.1576796174 0.9841500521 -0.0811531618 -0.3052236438 0.0295846537 0.9518210292
-79.0 -522.6 2668.3 0.9405984282 -0.1347202510 0.3116489053 0.1361882240 0.9905344248 0.0171559025 -0.3110102117 0.0263060946 0.9500424266
-264.9 399.4 2569.3 0 0 0 0 0 0 0 0 0
78.6 -244.3 2572.3 0 0 0 0 0 0 0 0 0
-200.7 -817.7 2677.2 0 0 0 0 0 0 0 0 0
-35.2 -844.7 2659.7 0 0 0 0 0 0 0 0 0
-161.4 437.0 2695.9 55 0.9882056713 -0.1324792206 -0.0768039227 0.1176773682 0.9779186249 -0.1727055013 0.0979878753 0.1616304666 0.9819745421
-132.6 224.4 2660.8 0.9882056713 -0.1324792206 -0.0768039227 0.1176773682 0.9779186249 -0.1727055013 0.0979878753 0.1616304666 0.9819745421
-107.6 32.5 2673.1 0.9859519601 -0.1288022846 -0.1063421667 0.1346484721 0.9896447062 0.0497303195 0.0988355801 -0.0633505210 0.9930852056
-267.2 206.0 2647.4 0.7591359615 -0.6259486675 -0.1786080599 -0.0058500757 0.2678163946 -0.9634522200 0.6509057879 0.7324360609 0.1996472180
-406.9 207.1 2527.5 -0.5779978037 -0.6259486675 -0.5235521197 -0.7898271680 0.2678163946 0.5517675281 -0.2051623166 0.7324360609 -0.6491885781
2.0 242.7 2674.2 0.2810942531 0.3744543791 0.8836118579 -0.9558095932 0.1918478012 0.2227610797 -0.0861051306 -0.9071815610 0.4118343890
73.0 1.5 2652.5 0.0293154214 0.3737966120 0.9270473123 -0.9436323643 0.3162547350 -0.0976778343 -0.3296947479 -0.8719283342 0.3619977236
-181.7 -164.3 2669.4 0.8681020737 0.1075231135 0.4846004844 -0.0864384174 0.9940868616 -0.0657241493 -0.4888018370 0.0151671702 0.8722630143
-223.5 -550.2 2663.5 0.8645323515 -0.0847911090 0.4953728616 0.0471737534 0.9950043559 0.0879827887 -0.5003582835 -0.0526953712 0.8642134070
-4.3 -145.3 2684.3 0.9437996745 0.1888728887 0.2712364197 -0.1708345711 0.9812838435 -0.0888681933 -0.2829447091 0.0375372134 0.9584013820
-77.6 -526.2 2669.8 0.9485633373 -0.1297147423 0.2887935638 0.1325258464 0.9911302328 0.0098861242 -0.2875144184 0.0288949963 0.9573403597
-261.4 405.9 2579.2 0 0 0 0 0 0 0 0 0
80.7 -247.3 2565.5 0 0 0 0 0 0 0 0 0
-200.6 -818.7 2677.7 0 0 0 0 0 0 0 0 0
-35.8 -845.6 2660.4 0 0 0 0 0 0 0 0 0
-157.0 441.4 2695.9 56 0.9885734320 -0.1137857810 -0.0988703370 0.0947687477 0.9792071581 -0.1793660522 0.1172238439 0.1679466963 0.9788015485
-131.4 221.0 2658.1 0.9885734320 -0.1137857810 -0.0988703370 0.0947687477 0.9792071581 -0.1793660522 0.1172238439 0.1679466963 0.9788015485
-103.8 29.9 2676.3 0.9808925986 -0.1428772807 -0.1320446432 0.1535588652 0.9853229523 0.0745541751 0.1194545254 -0.0934062675 0.9884361029
-265.3 200.0 2641.9 0.7970688939 -0.5735747218 -0.1889265329 -0.0371900238 0.2656333745 -0.9633565545 0.6027421355 0.7748876810 0.1903968602
-410.5 206.8 2532.1 -0.5947548151 -0.5735747218 -0.5632750392 -0.7855180502 0.2656333745 0.5589277744 -0.1709621847 0.7748876810 -0.6085400581
2.5 242.0 2674.4 0.2823782563 0.3843243122 0.8789524436 -0.9543468952 0.2055609822 0.2167179286 -0.0973883569 -0.9000219703 0.4248246551
72.8 4.2 2650.1 0.0072340067 0.3852997422 0.9227631092 -0.9487046599 0.2943274677 -0.1154590547 -0.3160808682 -0.8745944500 0.3676648140
-170.9 -171.4 2676.6 0.8784415722 0.1378307343 0.4575403333 -0.1105556935 0.9901408553 -0.0860145539 -0.4648848176 0.0249750670 0.8850188255
-224.4 -555.6 2666.9 0.8760068417 -0.0861114487 0.4745491445 0.0502966829 0.9948778152 0.0876835138 -0.4796689451 -0.0529431067 0.8758508563
5.6 -147.3 2694.2 0.9479351640 0.2131955028 0.2365726680 -0.1895069033 0.9746430516 -0.1189877689 -0.2559415698 0.0679605380 0.9643003941
-77.1 -525.4 2667.8 0.9566053748 -0.1265603602 0.2624664307 0.1285264045 0.9916582704 0.0097367587 -0.2615092993 0.0244196299 0.9648920298
-259.0 406.8 2575.7 0 0 0 0 0 0 0 0 0
74.7 -245.6 2566.9 0 0 0 0 0 0 0 0 0
-201.3 -822.5 2681.1 0 0 0 0 0 0 0 0 0
-36.2 -846.1 2660.0 0 0 0 0 0 0 0 0 0
-154.6 443.4 2695.0 57 0.9894074202 -0.1051477715 -0.1000842154 0.0851152465 0.9787051678 -0.1867928505 0.1175937876 0.1762955338 0.9772878885
-130.5 218.4 2654.4 0.9894074202 -0.1051477715 -0.1000842154 0.0851152465 0.9787051678 -0.1867928505 0.1175937876 0.1762955338 0.9772878885
-101.6 27.7 2675.5 0.9794609547 -0.1491209269 -0.1357171535 0.1618482471 0.9828750491 0.0881009027 0.1202553213 -0.1082569808 0.9868227243
-264.2 196.2 2638.0 0.8196244240 -0.5484340787 -0.1656375825 -0.0267938972 0.2521085739 -0.9673279524 0.5722742677 0.7972837090 0.1919396520
-413.2 201.1 2534.1 -0.5997607708 -0.5484340787 -0.5826722980 -0.7829881907 0.2521085739 0.5686569810 -0.1649741977 0.7972837090 -0.5806222558
3.3 240.5 2670.8 0.2888343930 0.3820394874 0.8778499365 -0.9524588585 0.2075076848 0.2230754346 -0.0969369784 -0.9005478024 0.4238122702
73.4 9.5 2647.3 -0.0310919397 0.3846219480 0.9225503802 -0.9534322023 0.2656205893 -0.1428730190 -0.3000004888 -0.8840314746 0.3584522903
-164.0 -174.9 2683.8 0.8795280457 0.1476781815 0.4523511231 -0.1194085106 0.9887020588 -0.0906078890 -0.4606213272 0.0256776046 0.8872252703
-221.3 -558.6 2673.9 0.8793485761 -0.0835605860 0.4687896073 0.0673164949 0.9964100718 0.0513363481 -0.4713963866 -0.0135852713 0.8818168044
11.7 -147.3 2705.1 0.9485183954 0.2234088778 0.2245023549 -0.1935526133 0.9699442387 -0.1474636644 -0.2506994605 0.0964189768 0.9632513523
-75.0 -523.6 2667.7 0.9595637321 -0.1142849550 0.2572477162 0.1158664301 0.9932235479 0.0090546170 -0.2565393150 0.0211178940 0.9663030505
-262.5 397.8 2575.5 0 0 0 0 0 0 0 0 0
65.2 -241.3 2568.4 0 0 0 0 0 0 0 0 0
-199.8 -814.2 2677.3 0 0 0 0 0 0 0 0 0
-37.8 -846.8 2660.8 0 0 0 0 0 0 0 0 0
-154.1 443.6 2694.5 58 0.9906878471 -0.1011414155 -0.0911484286 0.0822783187 0.9781205654 -0.1910770237 0.1084799543 0.1817981452 0.9773339033
-130.6 216.4 2652.2 0.9906878471 -0.1011414155 -0.0911484286 0.0822783187 0.9781205654 -0.1910770237 0.1084799543 0.1817981452 0.9773339033
-100.7 26.0 2674.7 0.9796665907 -0.1540252417 -0.1285676509 0.1669087857 0.9812622666 0.0962590501 0.1113322675 -0.1157608405 0.9870179892
-264.4 193.6 2637.0 0.8262421489 -0.5337520242 -0.1800907254 -0.0265797768 0.2824020684 -0.9589278102 0.5626876354 0.7970933914 0.2191454917
-411.8 198.3 2536.6 -0.5955273509 -0.5337520242 -0.6003798842 -0.7947381735 0.2824020684 0.5372526050 -0.1172111332 0.7970933914 -0.5923712254
3.3 239.2 2667.4 0.2918768823 0.3739059865 0.8803421259 -0.9519894123 0.2024175376 0.2296590954 -0.0923257694 -0.9051085114 0.4150355160
73.6 9.7 2645.1 -0.0688836351 0.3788079023 0.9229082465 -0.9488908648 0.2607286870 -0.1778390557 -0.3079954684 -0.8879894018 0.3414874077
-160.4 -177.5 2685.7 0.8763397336 0.1589819491 0.4547014534 -0.1208268628 0.9863356352 -0.1119947731 -0.4662933946 0.0432053171 0.8835744262
-222.1 -560.2 2669.0 0.8757213950 -0.0832202286 0.4755906165 0.0602194816 0.9961678982 0.0634281486 -0.4790466130 -0.0269055646 0.8773770332
15.0 -148.4 2707.2 0.9451538324 0.2316713035 0.2302448153 -0.2014354467 0.9683402181 -0.1474481076 -0.2571148276 0.0929816812 0.9618972540
-74.9 -524.2 2671.1 0.9588528872 -0.1105613932 0.2614905238 0.1159036681 0.9932476282 -0.0050469316 -0.2591668367 0.0351469740 0.9651928544
-261.4 399.0 2566.2 0 0 0 0 0 0 0 0 0
55.5 -239.8 2564.2 0 0 0 0 0 0 0 0 0
-200.5 -818.5 2676.0 0 0 0 0 0 0 0 0 0
-39.0 -846.1 2659.8 0 0 0 0 0 0 0 0 0
-157.0 439.9 2694.2 59 0.9883581400 -0.1241599321 -0.0879343897 0.1051769927 0.9751927257 -0.1947739422 0.1099361032 0.1832577437 0.9768984914
-128.4 215.4 2652.0 0.9883581400 -0.1241599321 -0.0879343897 0.1051769927 0.9751927257 -0.1947739422 0.1099361032 0.1832577437 0.9768984914
-95.6 25.8 2676.8 0.9765379429 -0.1693052948 -0.1330764294 0.1838185787 0.9772754312 0.1055628285 0.1121799797 -0.1275480241 0.9854679704
-261.8 190.3 2636.7 0.8445608616 -0.5011634827 -0.1885527223 -0.0511050485 0.2750817239 -0.9600616097 0.5330152512 0.8204664588 0.2067112625
-411.6 199.4 2542.2 -0.5950836539 -0.5011634827 -0.6282599568 -0.7979125977 0.2750817239 0.5363445878 -0.0959734917 0.8204664588 -0.5635812879
5.0 240.5 2667.3 0.2829017043 0.3709719181 0.8845034838 -0.9538459778 0.2056509256 0.2188277692 -0.1007200181 -0.9055868387 0.4120290577
73.5 9.3 2642.9 -0.0797756463 0.3759039044 0.9232183099 -0.9479044676 0.2579399347 -0.1869333833 -0.3084038794 -0.8900355101 0.3357436657
-158.6 -179.4 2687.2 0.8766416311 0.1740201712 0.4485715628 -0.1303497255 0.9833346009 -0.1267357767 -0.4631505609 0.0526306778 0.8847155571
-226.1 -561.0 2666.8 0.8745873570 -0.0995509699 0.4745382667 0.0723603666 0.9945338368 0.0752760097 -0.4794381261 -0.0314976797 0.8770102262
16.9 -149.5 2707.1 0.9433861375 0.2449857742 0.2236169130 -0.2129362524 0.9642038345 -0.1580162942 -0.2543240190 0.1014542356 0.9617828727
-78.1 -523.7 2667.7 0.9572858214 -0.1208250597 0.2626882195 0.1221170649 0.9924494624 0.0114654051 -0.2620901167 0.0211030450 0.9648126364
-260.7 401.8 2566.5 0 0 0 0 0 0 0 0 0
52.5 -240.0 2561.8 0 0 0 0 0 0 0 0 0
-200.0 -821.5 2675.0 0 0 0 0 0 0 0 0 0
-38.5 -848.9 2660.8 0 0 0 0 0 0 0 0 0
-160.1 435.5 2694.1 60 0.9872157574 -0.1423071176 -0.0717895925 0.1252760291 0.9712321162 -0.2025192827 0.0985442922 0.1909366995 0.9766433239
-127.8 214.5 2650.7 0.9872157574 -0.1423071176 -0.0717895925 0.1252760291 0.9712321162 -0.2025192827 0.0985442922 0.1909366995 0.9766433239
-94.8 24.8 2674.6 0.9780235887 -0.1699258834 -0.1208101958 0.1826534271 0.9777179956 0.1034660563 0.1005367488 -0.1232586354 0.9872688055
-261.3 189.6 2636.9 0.8552867770 -0.4833974540 -0.1865782142 -0.0614592507 0.2628979385 -0.9628641605 0.5144971609 0.8349919319 0.1951438785
-411.8 200.4 2546.4 -0.5944666266 -0.4833974540 -0.6426011920 -0.7987637520 0.2628979385 0.5411664248 -0.0926599428 0.8349919319 -0.5424044132
5.8 239.5 2664.4 0.2668455541 0.3597080708 0.8940936923 -0.9570198655 0.2082654685 0.2018376142 -0.1136062294 -0.9095249176 0.3998225033
71.2 5.0 2636.5 -0.0882180482 0.3630052209 0.9276016355 -0.9525412917 0.2416298836 -0.1851487160 -0.2913462222 -0.8999123573 0.3244613707
-150.2 -180.3 2691.5 0.8676108122 0.1977645010 0.4562243819 -0.1465467513 0.9784520864 -0.1454493701 -0.4751584232 0.0593352430 0.8778973818
-226.9 -560.0 2668.5 0.8672015071 -0.0976496339 0.4882889390 0.0722982138 0.9948841333 0.0705585256 -0.4926809371 -0.0258860439 0.8698249459
24.7 -147.4 2711.6 0.9368036985 0.2634623945 0.2301877290 -0.2251670063 0.9576112628 -0.1796675771 -0.2677660286 0.1164825633 0.9564168453
-77.5 -519.0 2666.4 0.9528969526 -0.1178381070 0.2794666886 0.1165775657 0.9929555655 0.0211889260 -0.2799948454 0.0123886829 0.9599215388
-260.1 404.3 2570.1 0 0 0 0 0 0 0 0 0
48.0 -245.6 2559.9 0 0 0 0 0 0 0 0 0
-201.3 -821.0 2675.3 0 0 0 0 0 0 0 0 0
-38.3 -849.6 2662.2 0 0 0 0 0 0 0 0 0
-160.4 428.8 2694.0 61 0.9860394597 -0.1575405151 -0.0539180078 0.1433253437 0.9678344727 -0.2067711949 0.0847585425 0.1961567402 0.9769025445
-125.4 213.3 2650.4 0.9860394597 -0.1575405151 -0.0539180078 0.1433253437 0.9678344727 -0.2067711949 0.0847585425 0.1961567402 0.9769025445
-94.5 23.0 2672.6 0.9818539023 -0.1588682830 -0.1035559624 0.1691004038 0.9806240797 0.0989014134 0.0858371705 -0.1146180928 0.9896942377
-259.5 190.2 2638.6 0.8594858050 -0.4785669744 -0.1796045601 -0.0601891652 0.2541708946 -0.9652846456 0.5076035857 0.8404586911 0.1896517277
-412.0 200.9 2548.6 -0.5925022960 -0.4785669744 -0.6480082273 -0.7998909354 0.2541708946 0.5436649919 -0.0954752862 0.8404586911 -0.5333982110
8.7 236.4 2662.1 0.2574111819 0.3468505442 0.9019058347 -0.9581342340 0.2127140611 0.1916546673 -0.1253725290 -0.9134809375 0.3870843649
71.4 3.2 2631.5 -0.1315256208 0.3472045958 0.9285203218 -0.9524987340 0.2152696103 -0.2154186368 -0.2746765614 -0.9127475023 0.3023984432
-149.4 -181.3 2689.5 0.8620001078 0.1959732920 0.4674936533 -0.1351121813 0.9777076244 -0.1607248932 -0.4885699153 0.0753807873 0.8692624569
-225.5 -560.8 2660.3 0.8594371080 -0.0961069837 0.5021268129 0.0553318299 0.9938880801 0.0955243930 -0.5082383752 -0.0543136112 0.8595020175
25.8 -148.6 2707.5 0.9319955707 0.2668127120 0.2453470826 -0.2264109403 0.9571079612 -0.1807829738 -0.2830588520 0.1129396632 0.9524297118
-77.8 -520.1 2663.7 0.9469468594 -0.1192658097 0.2984415591 0.1136614159 0.9928623438 0.0361317396 -0.3006206751 -0.0002935445 0.9537437558
-259.6 406.5 2573.1 0 0 0 0 0 0 0 0 0
36.8 -247.2 2559.3 0 0 0 0 0 0 0 0 0
-199.8 -826.6 2674.8 0 0 0 0 0 0 0 0 0
-38.4 -847.9 2663.8 0 0 0 0 0 0 0 0 0
-158.7 435.0 2695.0 62 0.9883752465 -0.1485223621 -0.0324880891 0.1389721483 0.9692466259 -0.2030952126 0.0616531558 0.1962193400 0.9786198735
-124.9 214.9 2650.4 0.9883752465 -0.1485223621 -0.0324880891 0.1389721483 0.9692466259 -0.2030952126 0.0616531558 0.1962193400 0.9786198735
-95.7 24.3 2672.4 0.9853770733 -0.1508261263 -0.0792682022 0.1585159004 0.9820896387 0.1018461213 0.0624874234 -0.1129221097 0.9916369915
-259.5 193.3 2641.9 0.8556945920 -0.4926853180 -0.1582654715 -0.0397299752 0.2423867881 -0.9693658352 0.5159537792 0.8357689977 0.1878346950
-411.4 200.3 2550.3 -0.5841918588 -0.4926853180 -0.6449659467 -0.8039590716 0.2423867881 0.5430455804 -0.1112193540 0.8357689977 -0.5376992226
9.6 236.6 2659.0 0.2496096939 0.3270354867 0.9114509225 -0.9596150517 0.2096539736 0.1875744760 -0.1297457963 -0.9214624166 0.3661598265
71.4 -1.0 2626.8 -0.1622353047 0.3260836303 0.9313158393 -0.9498611689 0.2040513754 -0.2369108647 -0.2672890425 -0.9230560660 0.2766298652
-151.7 -182.5 2687.2 0.8502343297 0.1976578832 0.4878861606 -0.1385236382 0.9781727791 -0.1548845023 -0.5078511238 0.0641043708 0.8590564132
-228.4 -562.1 2662.3 0.8462339640 -0.1077181250 0.5218092799 0.0680958629 0.9931844473 0.0945919082 -0.5284420848 -0.0445138291 0.8478015661
24.2 -152.2 2702.6 0.9259926081 0.2672766149 0.2666475475 -0.2252166420 0.9579021931 -0.1780473590 -0.3030101657 0.1048170626 0.9472054839
-79.5 -524.0 2661.9 0.9384685159 -0.1262414455 0.3214652836 0.1164945662 0.9919589758 0.0494605787 -0.3251243532 -0.0089682387 0.9456287622
-259.8 409.0 2579.2 0 0 0 0 0 0 0 0 0
28.8 -250.8 2556.6 0 0 0 0 0 0 0 0 0
-200.2 -821.8 2674.0 0 0 0 0 0 0 0 0 0
-38.6 -846.0 2664.8 0 0 0 0 0 0 0 0 0
-158.5 435.1 2697.0 63 0.9881893992 -0.1531163752 0.0060867295 0.1509804428 0.9660750628 -0.2095325589 0.0262026284 0.2079768330 0.9777827263
-122.3 206.7 2647.8 0.9881893992 -0.1531163752 0.0060867295 0.1509804428 0.9660750628 -0.2095325589 0.0262026284 0.2079768330 0.9777827263
-98.5 15.5 2670.3 0.9916606545 -0.1227496266 -0.0392648801 0.1264212430 0.9857089520 0.1113353521 0.0250373706 -0.1153708026 0.9930068851
-257.6 189.5 2644.4 0.8670801520 -0.4731858671 -0.1557790488 -0.0647902265 0.2029331326 -0.9770467877 0.4939374328 0.8572708368 0.1453014761
-412.6 201.1 2556.1 -0.5818375945 -0.4731858671 -0.6614832878 -0.8026610613 0.2029331326 0.5608505607 -0.1311496794 0.8572708368 -0.4978820086
13.0 224.0 2651.2 0.2521212995 0.2980303466 0.9206588864 -0.9597916007 0.1983645260 0.1986243278 -0.1234299839 -0.9337180853 0.3360589445
72.9 -4.1 2621.9 -0.1802552938 0.2984215319 0.9372580051 -0.9482742548 0.2004191577 -0.2461871058 -0.2613120079 -0.9331541657 0.2468588352
-154.7 -180.5 2688.7 0.8344347477 0.1934767812 0.5160285234 -0.1310414076 0.9791502953 -0.1552188247 -0.5353006721 0.0618988797 0.8423904777
-229.8 -560.6 2664.7 0.8291991949 -0.1122625172 0.5475635529 0.0769067183 0.9932205081 0.0871687829 -0.5536371469 -0.0301689692 0.8322113752
21.8 -152.1 2699.9 0.9180006385 0.2640862167 0.2958602607 -0.2183798850 0.9593564272 -0.1787328720 -0.3310363591 0.0994669572 0.9383609295
-80.7 -524.6 2661.3 0.9271118641 -0.1333650053 0.3502532542 0.1218005717 0.9910323620 0.0549496226 -0.3544406891 -0.0082833990 0.9350417852
-260.3 411.1 2590.4 0 0 0 0 0 0 0 0 0
25.4 -253.5 2553.2 0 0 0 0 0 0 0 0 0
-200.3 -821.5 2672.6 0 0 0 0 0 0 0 0 0
-37.7 -843.8 2664.0 0 0 0 0 0 0 0 0 0
-157.6 437.6 2696.5 64 0.9875621200 -0.1572272629 0.0008395477 0.1540952027 0.9668008685 -0.2038400173 0.0312375333 0.2014340460 0.9790038466
-120.6 210.5 2649.1 0.9875621200 -0.1572272629 0.0008395477 0.1540952027 0.9668008685 -0.2038400173 0.0312375333 0.2014340460 0.9790038466
-92.4 19.9 2672.3 0.9882068038 -0.1452894360 -0.0483561642 0.1499416381 0.9822034836 0.1131099537 0.0310619120 -0.1190266237 0.9924050570
-255.5 190.0 2644.9 0.8845334649 -0.4430396557 -0.1460013390 -0.0549835935 0.2117839754 -0.9757685661 0.4632249475 0.8711276650 0.1629700959
-414.3 199.9 2561.7 -0.5852677226 -0.4430396557 -0.6791005135 -0.8043864965 0.2117839754 0.5550765395 -0.1020983011 0.8711276650 -0.4803254306
14.3 230.9 2653.4 0.2204175442 0.2972421050 0.9290119410 -0.9641194344 0.2108602226 0.1612813473 -0.1479520649 -0.9312277436 0.3330541849
71.2 -18.2 2615.2 -0.1930541098 0.2939201295 0.9361308813 -0.9468529224 0.1943775564 -0.2562946379 -0.2572929859 -0.9358569980 0.2407737374
-163.4 -187.1 2690.6 0.8440804482 0.1590225250 0.5120938420 -0.0929182023 0.9839426279 -0.1523912251 -0.5281046033 0.0810476169 0.8453028202
-225.1 -568.8 2659.2 0.8383647203 -0.1010240763 0.5356665850 0.0548313148 0.9933213592 0.1015197262 -0.5423449874 -0.0557392575 0.8383048773
14.0 -164.5 2695.1 0.9246908426 0.2371160835 0.2978638113 -0.1989352554 0.9679954648 -0.1530017704 -0.3246099949 0.0822237134 0.9422672987
-78.0 -540.1 2663.2 0.9307266474 -0.1347068995 0.3400028944 0.1259280890 0.9908839464 0.0478651151 -0.3433511853 -0.0017334217 0.9392054677
-259.8 412.2 2588.7 0 0 0 0 0 0 0 0 0
20.4 -267.3 2547.5 0 0 0 0 0 0 0 0 0
-199.2 -823.6 2673.5 0 0 0 0 0 0 0 0 0
-36.7 -843.9 2663.7 0 0 0 0 0 0 0 0 0
-156.2 436.5 2697.2 65 0.9879986644 -0.1543042064 0.0069854022 0.1523685306 0.9661884904 -0.2079991102 0.0253459234 0.2065672129 0.9781040549
-120.4 212.0 2649.2 0.9879986644 -0.1543042064 0.0069854022 0.1523685306 0.9661884904 -0.2079991102 0.0253459234 0.2065672129 0.9781040549
-93.5 21.2 2672.1 0.9895086884 -0.1384711862 -0.0412104204 0.1423137337 0.9833583832 0.1129295677 0.0248871241 -0.1176095977 0.9927480221
-255.5 192.6 2645.8 0.8924940228 -0.4322529733 -0.1288865358 -0.0335639268 0.2213070244 -0.9746264219 0.4498086870 0.8741742373 0.1830070913
-415.9 198.6 2565.0 -0.5942325592 -0.4322529733 -0.6782661676 -0.7990673184 0.2213070244 0.5590301156 -0.0915373489 0.8741742373 -0.4769070745
14.8 231.5 2652.6 0.2213100493 0.2922668159 0.9303773046 -0.9636127353 0.2121914774 0.1625584066 -0.1499077231 -0.9324992895 0.3285921216
71.3 -14.8 2614.3 -0.2171341777 0.2873190045 0.9328989983 -0.9415677190 0.1904534996 -0.2778086960 -0.2574935853 -0.9387093782 0.2291763425
-152.7 -184.1 2692.7 0.8348399401 0.1976538748 0.5137851834 -0.1267665476 0.9772611856 -0.1699731350 -0.5356981754 0.0767695829 0.8409125805
-229.3 -563.0 2663.0 0.8290620446 -0.1120343953 0.5478178263 0.0710721537 0.9928893447 0.0954962149 -0.5546213388 -0.0402376950 0.8311294317
24.2 -157.2 2698.3 0.9154691100 0.2610555589 0.3062127531 -0.2271863222 0.9634224772 -0.1421388984 -0.3321184218 0.0605564155 0.9412918091
-77.1 -531.0 2674.8 0.9315192103 -0.1239812896 0.3419072628 0.1304937005 0.9914411306 0.0039857388 -0.3394750953 0.0409039557 0.9397252202
-259.5 409.0 2589.1 0 0 0 0 0 0 0 0 0
14.2 -262.5 2546.6 0 0 0 0 0 0 0 0 0
-200.4 -819.3 2673.3 0 0 0 0 0 0 0 0 0
-37.8 -844.7 2661.8 0 0 0 0 0 0 0 0 0
-156.5 436.2 2696.6 66 0.9876380563 -0.1558898836 0.0164141245 0.1559328884 0.9663893580 -0.2043932378 0.0160004031 0.2044260502 0.9787512422
-120.6 213.5 2649.5 0.9876380563 -0.1558898836 0.0164141245 0.1559328884 0.9663893580 -0.2043932378 0.0160004031 0.2044260502 0.9787512422
-95.0 22.4 2671.3 0.9907779694 -0.1321639121 -0.0298623480 0.1346634328 0.9848691225 0.1090807095 0.0149939721 -0.1120961234 0.9935842156
-255.9 195.1 2647.4 0.8960797787 -0.4267714918 -0.1220947132 -0.0108032692 0.2540056705 -0.9671424031 0.4437615573 0.8679557443 0.2229988128
-415.9 197.0 2568.2 -0.5927590728 -0.4267714918 -0.6830100417 -0.8034065962 0.2540056705 0.5385340452 -0.0563425720 0.8679557443 -0.4934352040
14.7 231.9 2651.5 0.2347192913 0.2825226784 0.9301009774 -0.9595574141 0.2203297764 0.1752266586 -0.1554234326 -0.9336143136 0.3228123784
74.9 -14.3 2611.6 -0.2401714027 0.2721007168 0.9318148494 -0.9388930202 0.1787101924 -0.2941811979 -0.2465717345 -0.9455283284 0.2125523686
-155.2 -182.4 2692.7 0.8302775621 0.1933020949 0.5227556229 -0.1204342917 0.9779950976 -0.1703560948 -0.5441825986 0.0784851313 0.8352875710
-230.2 -561.8 2662.3 0.8236296773 -0.1139039248 0.5555718541 0.0691919550 0.9924871922 0.1009043902 -0.5628913045 -0.0446667448 0.8253231049
22.0 -156.9 2697.2 0.9122822285 0.2624351978 0.3144342005 -0.2250243276 0.9626475573 -0.1505780667 -0.3422062993 0.0666143447 0.9372605681
-79.9 -530.5 2671.3 0.9253712296 -0.1359793395 0.3538329303 0.1407905817 0.9899637103 0.0122404201 -0.3519462049 0.0384894088 0.9352285266
-259.8 408.7 2583.1 0 0 0 0 0 0 0 0 0
11.7 -261.3 2546.8 0 0 0 0 0 0 0 0 0
-200.3 -822.5 2674.0 0 0 0 0 0 0 0 0 0
-36.0 -850.1 2658.9 0 0 0 0 0 0 0 0 0
-157.8 435.3 2695.8 67 0.9849708676 -0.1689885110 0.0357106887 0.1727169603 0.9649921656 -0.1973802149 -0.0011055452 0.2005816102 0.9796763659
-118.4 210.7 2649.1 0.9849708676 -0.1689885110 0.0357106887 0.1727169603 0.9649921656 -0.1973802149 -0.0011055452 0.2005816102 0.9796763659
-90.9 19.6 2668.9 0.9897804856 -0.1420985013 -0.0119436188 0.1425752938 0.9845896959 0.1012692451 -0.0026306452 -0.1019371897 0.9947873354
-253.6 191.2 2649.4 0.9003683925 -0.4130369127 -0.1368841976 -0.0352724344 0.2442678809 -0.9690660834 0.4336964786 0.8773446679 0.2053622603
-417.8 197.6 2570.4 -0.6013932228 -0.4130369127 -0.6839054823 -0.7965950966 0.2442678809 0.5529642105 -0.0613384992 0.8773446679 -0.4759242237
16.7 230.2 2648.7 0.2298855484 0.2668613195 0.9359154105 -0.9609937072 0.2141847610 0.1749740839 -0.1537650079 -0.9396328926 0.3056900501
75.7 -16.4 2609.3 -0.2327305526 0.2593506277 0.9373226762 -0.9410164356 0.1833484322 -0.2843789160 -0.2456104755 -0.9482197165 0.2013824135
-158.1 -180.9 2691.7 0.8210371137 0.1844486147 0.5402562022 -0.1081734300 0.9794866443 -0.1700129658 -0.5605323911 0.0811455846 0.8241473436
-229.7 -561.0 2660.2 0.8132439256 -0.1152087897 0.5704044700 0.0593844503 0.9915193319 0.1155981421 -0.5788849592 -0.0601363294 0.8131886721
19.4 -156.7 2694.4 0.9074743986 0.2573501468 0.3320559561 -0.2147807330 0.9635065198 -0.1597638130 -0.3610532880 0.0736623481 0.9296312928
-80.5 -530.7 2665.8 0.9171481729 -0.1336826384 0.3754572868 0.1325103790 0.9907552004 0.0290715117 -0.3758726120 0.0230891071 0.9263836741
-260.0 406.6 2586.5 0 0 0 0 0 0 0 0 0
14.5 -264.0 2544.7 0 0 0 0 0 0 0 0 0
-198.8 -826.9 2676.3 0 0 0 0 0 0 0 0 0
-38.0 -845.7 2658.5 0 0 0 0 0 0 0 0 0
-157.6 438.7 2704.9 68 0.9845377207 -0.1676094681 0.0509171635 0.1748473644 0.9579877257 -0.2273498923 -0.0106720198 0.2327372730 0.9724810719
-117.5 208.9 2649.1 0.9845377207 -0.1676094681 0.0509171635 0.1748473644 0.9579877257 -0.2273498923 -0.0106720198 0.2327372730 0.9724810719
-89.7 17.9 2669.1 0.9896982908 -0.1431525797 -0.0021427784 0.1425936520 0.9842732549 0.1042744219 -0.0128180739 -0.1035057679 0.9945462346
-252.6 189.4 2650.8 0.8965377808 -0.4165280461 -0.1507461518 -0.0526772887 0.2376430780 -0.9699231386 0.4398239553 0.8775136471 0.1911144257
-416.9 199.1 2570.2 -0.5963439345 -0.4165280461 -0.6862057447 -0.7999763489 0.2376430780 0.5509660244 -0.0664207712 0.8775136471 -0.4749296010
17.7 228.4 2647.3 0.2485679090 0.2564805448 0.9340405464 -0.9567070007 0.2157482505 0.1953570843 -0.1514123231 -0.9421626329 0.2990048230
81.3 -16.2 2608.6 -0.2347260416 0.2508757114 0.9391299486 -0.9385229349 0.1931010038 -0.2861585915 -0.2531371713 -0.9485638738 0.1901267618
-152.0 -184.3 2688.9 0.8130845428 0.1992817223 0.5469738245 -0.1220261306 0.9770522714 -0.1745807528 -0.5692127943 0.0752038136 0.8187437057
-229.3 -563.5 2659.7 0.8053064942 -0.1164696440 0.5813056827 0.0584260821 0.9913311005 0.1176817715 -0.5899727941 -0.0608064756 0.8051302433
25.3 -158.7 2688.4 0.8986624479 0.2743502855 0.3422538936 -0.2347119898 0.9599194527 -0.1531825811 -0.3705618680 0.0573283471 0.9270368814
-81.1 -531.3 2666.2 0.9115388393 -0.1347706914 0.3885019720 0.1321111172 0.9906622767 0.0336879604 -0.3894144297 0.0206175428 0.9208318591
-260.8 408.5 2587.6 0 0 0 0 0 0 0 0 0
19.5 -263.2 2542.0 0 0 0 0 0 0 0 0 0
-199.0 -821.5 2675.5 0 0 0 0 0 0 0 0 0
-38.3 -846.5 2659.6 0 0 0 0 0 0 0 0 0
-156.2 437.2 2699.4 69 0.9845058322 -0.1655445397 0.0578208901 0.1741242856 0.9618850946 -0.2108501792 -0.0207119584 0.2176512480 0.9758068323
-117.0 209.0 2647.8 0.9845058322 -0.1655445397 0.0578208901 0.1741242856 0.9618850946 -0.2108501792 -0.0207119584 0.2176512480 0.9758068323
-90.7 17.9 2669.2 0.9907734394 -0.1353013068 0.0078475773 0.1335720420 0.9846347570 0.1124850214 -0.0229463670 -0.1103989556 0.9936224222
-252.3 190.7 2650.9 0.9128590822 -0.3874792457 -0.1286395341 -0.0294265952 0.2518178225 -0.9673271775 0.4072129130 0.8868188262 0.2184720039
-419.7 196.1 2576.3 -0.6056154370 -0.3874792457 -0.6950466037 -0.7948049903 0.2518178225 0.5521528721 -0.0389226452 0.8868188262 -0.4604752064
18.4 227.2 2644.7 0.2576394975 0.2484492660 0.9337530732 -0.9552438259 0.2108787745 0.2074594051 -0.1453655660 -0.9454116225 0.2916603386
84.0 -16.1 2607.6 -0.2085810304 0.2499572635 0.9455238581 -0.9394279718 0.2176470608 -0.2647731304 -0.2719724476 -0.9434782267 0.1894197911
-150.5 -186.0 2690.4 0.8106518388 0.2006614357 0.5500714183 -0.1153961495 0.9757705927 -0.1858911663 -0.5740447044 0.0872168913 0.8141657710
-228.4 -564.7 2656.5 0.8033274412 -0.1106711775 0.5851640105 0.0454305001 0.9911062121 0.1250783056 -0.5938022137 -0.0738945380 0.8012106419
26.8 -160.4 2688.1 0.8979904056 0.2737235129 0.3445121348 -0.2290742695 0.9593058825 -0.1650974751 -0.3756836057 0.0693370849 0.9241505265
-79.5 -532.7 2661.2 0.9093226790 -0.1329327971 0.3942856491 0.1275729686 0.9910259843 0.0399072878 -0.3960523307 0.0140115907 0.9181210399
-264.6 399.6 2586.2 0 0 0 0 0 0 0 0 0
29.1 -263.2 2536.1 0 0 0 0 0 0 0 0 0
-199.8 -821.1 2675.6 0 0 0 0 0 0 0 0 0
-37.5 -845.9 2656.8 0 0 0 0 0 0 0 0 0
-155.6 437.6 2697.7 70 0.9852055907 -0.1595384032 0.0625897050 0.1690385938 0.9647595286 -0.2016556561 -0.0282121915 0.2092523575 0.9774546027
-118.0 210.6 2648.5 0.9852055907 -0.1595384032 0.0625897050 0.1690385938 0.9647595286 -0.2016556561 -0.0282121915 0.2092523575 0.9774546027
-92.2 19.3 2669.1 0.9909684658 -0.1331462413 0.0159242786 0.1306406409 0.9853892922 0.1092746407 -0.0302411206 -0.1062073708 0.9938840270
-253.4 192.7 2652.6 0.9128275514 -0.3881194592 -0.1269219220 -0.0089019081 0.2918322980 -0.9564280510 0.4082482755 0.8741837144 0.2629375458
-420.8 194.4 2577.7 -0.6212448478 -0.3881194592 -0.6807482243 -0.7834866643 0.2918322980 0.5486187935 -0.0142653147 0.8741837144 -0.4853857160
17.3 228.4 2644.3 0.2546627522 0.2398019582 0.9368254542 -0.9540680647 0.2203881443 0.2029365003 -0.1578006446 -0.9454755783 0.2849120200
83.1 -18.0 2603.6 -0.1397909075 0.2437120527 0.9597202539 -0.9481688142 0.2463843524 -0.2006753683 -0.2853670418 -0.9380294085 0.1966378838
-153.2 -185.2 2692.7 0.8072900176 0.1889137477 0.5591014028 -0.1086250171 0.9787598848 -0.1738670319 -0.5800719261 0.0796287209 0.8106638193
-226.5 -565.1 2661.8 0.8011804819 -0.1019623429 0.5896723866 0.0463466458 0.9929902554 0.1087308601 -0.5966253877 -0.0597837083 0.8002899885
24.3 -161.3 2688.6 0.8967370987 0.2595205009 0.3584852815 -0.2219844609 0.9645129442 -0.1429603547 -0.3828648329 0.0486196913 0.9225240350
-76.4 -535.6 2669.7 0.9096537232 -0.1280746907 0.3951291144 0.1343290210 0.9908650517 0.0119248079 -0.3930468857 0.0422298610 0.9185482264
-266.0 389.6 2581.3 0 0 0 0 0 0 0 0 0
46.4 -266.9 2528.7 0 0 0 0 0 0 0 0 0
-200.5 -819.0 2677.1 0 0 0 0 0 0 0 0 0
-36.6 -843.4 2656.6 0 0 0 0 0 0 0 0 0
-155.3 438.0 2695.8 71 0.9853446484 -0.1563315392 0.0682373717 0.1668059677 0.9667424560 -0.1938680410 -0.0356602781 0.2024092376 0.9786515236
-119.3 215.3 2649.2 0.9853446484 -0.1563315392 0.0682373717 0.1668059677 0.9667424560 -0.1938680410 -0.0356602781 0.2024092376 0.9786515236
-93.0 24.1 2669.9 0.9905261993 -0.1354339719 0.0227046181 0.1321440786 0.9850269556 0.1107239574 -0.0373604484 -0.1066747010 0.9935918450
-254.6 197.2 2654.3 0.9033213258 -0.4167737365 -0.1015391722 0.0221492853 0.2817087173 -0.9592443109 0.4283922911 0.8642567992 0.2637047470
-421.4 193.1 2575.2 -0.6235292554 -0.4167737365 -0.6614460945 -0.7804276943 0.2817087173 0.5581870675 -0.0463025719 0.8642567992 -0.5009154081
16.1 233.3 2644.1 0.2524600029 0.2331155390 0.9391065240 -0.9546422362 0.2183543891 0.2024340928 -0.1578675061 -0.9476172924 0.2776677012
82.3 -17.1 2602.7 -0.1094111502 0.2354086339 0.9657183886 -0.9568924308 0.2380266041 -0.1664338410 -0.2690466344 -0.9422982931 0.1992179751
-155.1 -183.7 2692.4 0.8048810363 0.1880881935 0.5628404021 -0.1003947482 0.9779296517 -0.1832334697 -0.5848823786 0.0909749344 0.8060001135
-228.1 -563.3 2657.1 0.7977077961 -0.1075497642 0.5933761597 0.0428350456 0.9915880561 0.1221404076 -0.6015208960 -0.0720150620 0.7956044674
22.4 -160.2 2687.0 0.8964374065 0.2495663017 0.3662194014 -0.2133230120 0.9673249722 -0.1370243728 -0.3884498477 0.0447107479 0.9203845263
-74.4 -535.7 2669.6 0.9091321230 -0.1209987700 0.3985449076 0.1298901588 0.9915171266 0.0047297659 -0.3957363963 0.0474670827 0.9171366096
-267.8 385.4 2586.6 0 0 0 0 0 0 0 0 0
54.0 -264.7 2533.1 0 0 0 0 0 0 0 0 0
-200.1 -822.1 2675.9 0 0 0 0 0 0 0 0 0
-36.6 -846.2 2654.8 0 0 0 0 0 0 0 0 0
-155.5 439.2 2694.9 72 0.9858160019 -0.1514640003 0.0722876564 0.1624652594 0.9692764878 -0.1846837699 -0.0420937873 0.1938084513 0.9801359177
-120.9 217.8 2650.6 0.9858160019 -0.1514640003 0.0722876564 0.1624652594 0.9692764878 -0.1846837699 -0.0420937873 0.1938084513 0.9801359177
-95.1 26.2 2667.6 0.9905689955 -0.1332372874 0.0319517031 0.1298022270 0.9872150421 0.0925083533 -0.0438687652 -0.0874885097 0.9951991439
-256.3 200.0 2656.6 0.8904967904 -0.4401043057 -0.1154281050 0.0447508767 0.3371840715 -0.9403745532 0.4527834058 0.8322349787 0.3199563920
-421.0 191.8 2572.9 -0.6181163788 -0.4401043057 -0.6513373852 -0.7860416770 0.3371840715 0.5181171298 -0.0084050158 0.8322349787 -0.5543593168
14.4 235.5 2644.6 0.2652450204 0.2277295440 0.9369014502 -0.9503124356 0.2259645909 0.2141173184 -0.1629457176 -0.9471426606 0.2763502002
84.9 -17.2 2601.3 -0.1040636152 0.2275883704 0.9681808949 -0.9618382454 0.2246580869 -0.1561918110 -0.2530571222 -0.9474873543 0.1955244690
-155.4 -179.0 2694.0 0.8004166484 0.1778261364 0.5724605322 -0.0861812830 0.9792018533 -0.1836750954 -0.5932165980 0.0976812318 0.7990947366
-224.4 -559.1 2656.0 0.7945231795 -0.0969585851 0.5994430184 0.0329202004 0.9925959706 0.1169166043 -0.6063407660 -0.0731591731 0.7918324471
22.1 -155.3 2687.3 0.8916158676 0.2507132292 0.3770464659 -0.2113030553 0.9668687582 -0.1432333887 -0.4004649520 0.0480380952 0.9150519967
-75.3 -530.6 2668.6 0.9030747414 -0.1198551431 0.4124205709 0.1253007948 0.9920210838 0.0139247244 -0.4107988477 0.0391015597 0.9108871222
-269.8 384.0 2574.9 0 0 0 0 0 0 0 0 0
58.3 -262.9 2536.6 0 0 0 0 0 0 0 0 0
-199.4 -815.7 2675.0 0 0 0 0 0 0 0 0 0
-37.1 -846.2 2656.2 0 0 0 0 0 0 0 0 0
-157.9 437.2 2694.4 73 0.9856402278 -0.1510944515 0.0753908530 0.1624557078 0.9702880383 -0.1793020368 -0.0460593030 0.1889749765 0.9809011221
-124.1 219.9 2652.1 0.9856402278 -0.1510944515 0.0753908530 0.1624557078 0.9702880383 -0.1793020368 -0.0460593030 0.1889749765 0.9809011221
-96.5 28.4 2667.5 0.9891627431 -0.1424119771 0.0357201211 0.1389700323 0.9866249561 0.0851970017 -0.0473754369 -0.0793096721 0.9957236052
-259.2 200.9 2658.6 0.8790910840 -0.4624849558 -0.1153542027 0.0530155599 0.3353766501 -0.9405912161 0.4736963809 0.8207497597 0.3193455040
-420.6 191.2 2571.6 -0.6106097698 -0.4624849558 -0.6428556442 -0.7916641235 0.3353766501 0.5106764436 -0.0205813870 0.8207497597 -0.5709170103
11.0 238.9 2645.7 0.2660838366 0.2222795486 0.9379718304 -0.9488599300 0.2318951488 0.2142183036 -0.1698947698 -0.9470039010 0.2726157010
82.9 -17.5 2599.7 -0.0727318004 0.2249716967 0.9716469646 -0.9548745155 0.2655825019 -0.1329683363 -0.2879665494 -0.9374719858 0.1955034584
