-426.7 501.4 2314.4 1 0.9465643167 0.1870082766 -0.2627620995 -0.1516107470 0.9771069884 0.1492519826 0.2846580148 -0.1014390439 0.9532470703
-469.1 280.0 2337.4 0.9465643167 0.1870082766 -0.2627620995 -0.1516107470 0.9771069884 0.1492519826 0.2846580148 -0.1014390439 0.9532470703
-462.4 88.2 2368.2 0.9640944004 -0.0347356088 -0.2632781565 0.0745003521 0.9869732857 0.1425953805 0.2548953891 -0.1570897251 0.9541232586
-605.4 269.5 2301.3 0.3382241428 -0.5501902103 -0.7634757161 0.9177147150 0.0132287126 0.3970198035 -0.2083365917 -0.8349345922 0.5093919039
-705.5 -2.2 2363.0 -0.6810245514 -0.5501902103 -0.4832145572 0.5714916587 0.0132287126 -0.8205012679 0.4578240514 -0.8349345922 0.3054200411
-332.8 290.5 2373.5 0.8250693679 0.3935610652 -0.4054260254 -0.5042552352 0.1891424060 -0.8425863981 -0.2549259365 0.8996303678 0.3545108140
-195.2 206.4 2331.0 -0.5969007611 0.3391061723 0.7271289229 0.8022294044 0.2655045390 0.5347292423 -0.0117260320 0.9025045037 -0.4305208027
-527.4 -131.3 2378.7 0.8173105121 -0.0332568400 -0.5752368569 0.0456470735 0.9989323616 0.0071040252 0.5743864775 -0.0320640728 0.8179560304
-513.9 -536.3 2391.7 0.8161839843 -0.1525588185 -0.5572876334 0.0530358851 0.9802216887 -0.1906635314 0.5753528476 0.1260602772 0.8081323504
-347.5 -108.9 2427.5 -0.5804154277 -0.1633871347 -0.7977609634 -0.2860527635 0.9581401348 0.0118853422 0.7624248862 0.2351001501 -0.6028566957
-283.5 -484.3 2335.4 -0.6075166464 0.0229545552 -0.7939752340 0.0497422218 0.9987198114 -0.0091867587 0.7927479148 -0.0450752005 -0.6078807116
-531.1 -148.5 2245.7 0 0 0 0 0 0 0 0 0
-348.0 411.8 2328.0 0 0 0 0 0 0 0 0 0
-477.6 -769.5 2361.7 0 0 0 0 0 0 0 0 0
-289.9 -760.6 2347.9 0 0 0 0 0 0 0 0 0
-426.3 504.1 2312.4 2 0.9538627863 0.1395703405 -0.2658305764 -0.0994287878 0.9822670817 0.1589506119 0.2833014131 -0.1251858622 0.9508253336
-456.2 293.7 2339.2 0.9538627863 0.1395703405 -0.2658305764 -0.0994287878 0.9822670817 0.1589506119 0.2833014131 -0.1251858622 0.9508253336
-459.9 100.9 2367.1 0.9634726048 0.0188394208 -0.2671434879 0.0201913565 0.9895732999 0.1426080316 0.2670446932 -0.1427929252 0.9530463219
-592.7 290.9 2301.3 0.3830054998 -0.5312001109 -0.7557335496 0.9010070562 0.0344194770 0.4324368238 -0.2036985606 -0.8465469480 0.4917979240
-709.6 16.0 2363.4 -0.6663441062 -0.5312001109 -0.5232704282 0.6001308560 0.0344194770 -0.7991609573 0.4425251186 -0.8465469480 0.2958543897
-319.6 296.5 2377.1 0.7783908248 0.4225518405 -0.4642819166 -0.5602708459 0.1339546293 -0.8174061179 -0.2832037508 0.8963850141 0.3410125375
-193.8 206.0 2331.3 -0.5983573198 0.3314431310 0.7294614315 0.8010811806 0.2649860680 0.5367041230 -0.0154102100 0.9054986835 -0.4240691960
-546.7 -103.5 2375.0 0.8094544411 -0.0615852997 -0.5839441419 0.0900874361 0.9957357645 0.0198631901 0.5802307725 -0.0686843768 0.8115507960
-522.2 -499.9 2402.3 0.8168185353 -0.1623076051 -0.5535916686 0.0500044897 0.9759140015 -0.2123472691 0.5747234225 0.1457671076 0.8052607775
-369.4 -96.8 2421.9 -0.5959998369 -0.2140664309 -0.7739248872 -0.3117063642 0.9499073625 -0.0226977337 0.7400157452 0.2277094722 -0.6328704953
-285.6 -468.5 2332.8 -0.6339218616 0.0085215643 -0.7733501792 0.0442114361 0.9987034202 -0.0252357591 0.7721323967 -0.0501884222 -0.6334766746
-539.0 -137.6 2250.2 0 0 0 0 0 0 0 0 0
-347.1 411.1 2327.3 0 0 0 0 0 0 0 0 0
-477.4 -769.0 2362.1 0 0 0 0 0 0 0 0 0
-288.1 -763.1 2347.6 0 0 0 0 0 0 0 0 0
-424.2 501.6 2310.3 3 0.9285129309 0.1828168333 -0.3231745660 -0.1207958460 0.9717696905 0.2026624680 0.3511013389 -0.1491365731 0.9243841767
-465.0 284.7 2343.6 0.9285129309 0.1828168333 -0.3231745660 -0.1207958460 0.9717696905 0.2026624680 0.3511013389 -0.1491365731 0.9243841767
-459.3 91.2 2367.3 0.9432240129 -0.0284110047 -0.3309399188 0.0663395002 0.9923747182 0.1038818359 0.3254650235 -0.1199382320 0.9379164577
-598.6 275.5 2297.3 0.4238747358 -0.6733474135 -0.6057503223 0.8681156039 0.1113253385 0.4837168753 -0.2582741380 -0.7308966517 0.6317313910
-711.1 45.2 2365.8 -0.4732062221 -0.6733474135 -0.5680485368 0.6946774125 0.1113253385 -0.7106546164 0.5417556167 -0.7308966517 0.4150793850
-331.4 294.0 2389.9 0.7924681306 0.4377517402 -0.4246971905 -0.5070225596 0.0857945457 -0.8576522470 -0.3390020728 0.8949931264 0.2899394631
-193.2 205.6 2330.8 -0.6019343138 0.3190786541 0.7320272923 0.7983958721 0.2582269013 0.5439512134 -0.0154659059 0.9118704200 -0.4101866782
-550.5 -93.2 2369.5 0.7707998157 -0.0806489214 -0.6319520473 0.0825991333 0.9962333441 -0.0263908450 0.6317000985 -0.0318566337 0.7745580673
-518.9 -483.1 2382.0 0.7731611729 -0.1418318152 -0.6181468964 0.0668528229 0.9874689579 -0.1429538876 0.6306762695 0.0692015216 0.7729544640
-377.1 -90.0 2419.0 -0.6328341961 -0.2302951217 -0.7392462492 -0.3168063462 0.9481819272 -0.0241810959 0.7065087557 0.2188952714 -0.6730009317
-287.0 -461.1 2333.4 -0.6755812764 0.0002212687 -0.7372854948 0.0354089141 0.9988557696 -0.0321457312 0.7364347577 -0.0478235334 -0.6748160720
-591.6 -130.2 2229.1 0 0 0 0 0 0 0 0 0
-347.4 410.1 2326.8 0 0 0 0 0 0 0 0 0
-477.7 -770.1 2361.9 0 0 0 0 0 0 0 0 0
-287.0 -763.7 2347.9 0 0 0 0 0 0 0 0 0
-422.3 501.1 2309.8 4 0.9251221418 0.2221887261 -0.3078655899 -0.1611145437 0.9639903903 0.2115766108 0.3437894285 -0.1461325735 0.9276066422
-473.0 281.2 2343.1 0.9251221418 0.2221887261 -0.3078655899 -0.1611145437 0.9639903903 0.2115766108 0.3437894285 -0.1461325735 0.9276066422
-455.6 88.8 2370.4 0.9449166059 -0.0882802755 -0.3151812255 0.1271797866 0.9863033295 0.1050289944 0.3015922904 -0.1393283159 0.9432018399
-606.9 263.2 2300.3 0.4680373073 -0.6273567677 -0.6223862171 0.8317475915 0.0747874007 0.5500934124 -0.2985581756 -0.7751324773 0.5568057895
-720.6 61.3 2372.8 -0.3920189440 -0.6273567677 -0.6728630066 0.8297255635 0.0747874007 -0.5531386137 0.3973369300 -0.7751324773 0.4912158549
-339.0 299.1 2386.0 0.8030890226 0.4274326563 -0.4151497185 -0.5141693354 0.1450058520 -0.8453420401 -0.3011276722 0.8923422098 0.3362253904
-192.8 205.6 2331.2 -0.6008632779 0.3343172073 0.7260821462 0.7989926338 0.2784169316 0.5330054760 -0.0239606611 0.9003977180 -0.4344075024
-538.5 -108.0 2361.0 0.7864966989 -0.0629164353 -0.6143813729 0.0641009584 0.9977406263 -0.0201163273 0.6142589450 -0.0235610083 0.7887527347
-513.9 -498.6 2370.2 0.7838873267 -0.1280321777 -0.6075593829 0.0857760012 0.9914571047 -0.0982614756 0.6149497032 0.0249119103 0.7881727219
-368.9 -96.5 2420.4 -0.6072708964 -0.2086634338 -0.7666039467 -0.2990710437 0.9539596438 -0.0227488372 0.7360560894 0.2154543549 -0.6417171359
-287.2 -469.9 2336.1 -0.6431806087 -0.0042283041 -0.7657028437 0.0253787413 0.9993176460 -0.0268361717 0.7652938366 -0.0366930775 -0.6426343918
-621.7 -147.9 2272.6 0 0 0 0 0 0 0 0 0
-346.7 410.2 2325.0 0 0 0 0 0 0 0 0 0
-479.3 -766.3 2363.5 0 0 0 0 0 0 0 0 0
-286.0 -765.6 2347.0 0 0 0 0 0 0 0 0 0
-423.4 496.9 2309.5 5 0.9147980213 0.2488925755 -0.3181148171 -0.1816540956 0.9569589496 0.2263433486 0.3607580066 -0.1492715925 0.9206365347
-479.6 280.7 2343.3 0.9147980213 0.2488925755 -0.3181148171 -0.1816540956 0.9569589496 0.2263433486 0.3607580066 -0.1492715925 0.9206365347
-460.4 87.9 2368.6 0.9393628240 -0.0979611874 -0.3286352754 0.1346872449 0.9867134094 0.0908623189 0.3153678477 -0.1296156645 0.9400759935
-613.1 261.6 2298.4 0.4423669875 -0.5848548412 -0.6798942685 0.8466109633 0.0221925080 0.5317493677 -0.2959076464 -0.8108343482 0.5049617290
-721.0 55.3 2370.5 -0.3905596137 -0.5848548412 -0.7109205127 0.8684155941 0.0221925080 -0.4953401089 0.3054791689 -0.8108343482 0.4992295802
-346.1 299.8 2388.1 0.8018362522 0.4373124242 -0.4072056413 -0.5027792454 0.1254970431 -0.8552563787 -0.3229111433 0.8905101418 0.3204996884
-200.6 208.6 2329.5 -0.5818349123 0.3488428295 0.7346950769 0.8132647872 0.2587414086 0.5212036371 -0.0082778875 0.9007561207 -0.4342463613
-523.3 -114.9 2370.1 0.7793127894 -0.0180956572 -0.6263737679 0.0299884547 0.9995146394 0.0084350780 0.6259171367 -0.0253575444 0.7794772387
-516.2 -505.9 2380.1 0.7748361826 -0.1370294839 -0.6171319485 0.0660312697 0.9884275794 -0.1365677416 0.6287040114 0.0650676265 0.7749177217
-353.3 -92.2 2424.8 -0.6198126674 -0.1703585684 -0.7660353780 -0.2824630439 0.9591571093 0.0152388941 0.7321522236 0.2258219421 -0.6426177621
-286.7 -467.5 2336.5 -0.6526167989 -0.0030458220 -0.7576820254 0.0272895079 0.9992486238 -0.0275222622 0.7571965456 -0.0386382602 -0.6520432830
-620.9 -167.4 2292.2 0 0 0 0 0 0 0 0 0
-349.6 416.8 2327.4 0 0 0 0 0 0 0 0 0
-480.5 -763.5 2363.1 0 0 0 0 0 0 0 0 0
-285.7 -765.1 2348.0 0 0 0 0 0 0 0 0 0
-424.1 496.9 2308.9 6 0.9294002652 0.1801892072 -0.3220978379 -0.1147258654 0.9705334902 0.2119026929 0.3507893085 -0.1599894613 0.9226863980
-465.6 273.3 2345.8 0.9294002652 0.1801892072 -0.3220978379 -0.1147258654 0.9705334902 0.2119026929 0.3507893085 -0.1599894613 0.9226863980
-454.6 79.6 2369.8 0.9425544739 -0.0559733547 -0.3293297291 0.0929819867 0.9908618331 0.0977097601 0.3208510876 -0.1227184981 0.9391457438
-599.6 260.1 2300.1 0.4842403531 -0.5329813361 -0.6938603520 0.8285897970 0.0246764980 0.5593121052 -0.2809808552 -0.8457670808 0.4535722435
-720.6 53.0 2370.3 -0.4085676670 -0.5329813361 -0.7409476042 0.8678150177 0.0246764980 -0.4962742925 0.2827889323 -0.8457670808 0.4524471760
-331.6 286.5 2391.4 0.7871806026 0.5920007825 -0.1728634536 -0.4723139405 0.3984565139 -0.7862263918 -0.3965680599 0.7005479932 0.5932674408
-204.3 210.1 2327.3 -0.5691903830 0.5920007825 0.5705763698 0.8220964670 0.3984565139 0.4066814780 0.0134058660 0.7005479932 -0.7134793401
-525.9 -117.0 2365.4 0.7766836286 -0.0240522642 -0.6294315457 0.0499347225 0.9984768629 0.0234622099 0.6279084682 -0.0496532023 0.7767016888
-516.5 -507.8 2384.8 0.7758764029 -0.1388548911 -0.6154145598 0.0557682179 0.9867548943 -0.1523306519 0.6284152269 0.0838691890 0.7733435631
-356.5 -92.8 2422.5 -0.6316313148 -0.1772762537 -0.7547284365 -0.2813089490 0.9595647454 0.0100373700 0.7224314213 0.2186517566 -0.6559605598
-287.1 -468.5 2336.9 -0.6639214754 -0.0005215402 -0.7478021383 0.0271167569 0.9993252754 -0.0247720405 0.7473105192 -0.0367246568 -0.6634593606
-614.6 -172.3 2296.9 0 0 0 0 0 0 0 0 0
-350.0 420.5 2330.8 0 0 0 0 0 0 0 0 0
-480.3 -765.2 2362.9 0 0 0 0 0 0 0 0 0
-286.9 -763.4 2347.7 0 0 0 0 0 0 0 0 0
-425.8 497.6 2316.1 7 0.9184992909 0.1927157342 -0.3452819884 -0.1301524937 0.9718831778 0.1962228119 0.3733889759 -0.1352912039 0.9177564979
-469.8 275.4 2347.0 0.9184992909 0.1927157342 -0.3452819884 -0.1301524937 0.9718831778 0.1962228119 0.3733889759 -0.1352912039 0.9177564979
-454.2 81.7 2369.6 0.9326072931 -0.0797610655 -0.3519684672 0.1149035767 0.9901437759 0.0800781697 0.3421122730 -0.1151239201 0.9325801134
-602.5 259.0 2298.3 0.5073825717 -0.5459073186 -0.6667444110 0.8047466278 0.0235077832 0.5931528211 -0.3081327677 -0.8375157118 0.4512445033
-726.0 63.2 2373.3 -0.4294763803 -0.5459073186 -0.7193992138 0.8504405022 0.0235077832 -0.5255457163 0.3038107157 -0.8375157118 0.4541656673
-337.2 291.7 2395.8 0.7901902795 0.5882856846 -0.1718116552 -0.4789301455 0.4178244472 -0.7720418572 -0.3823941052 0.6923457980 0.6119085550
-198.7 207.8 2328.7 -0.5872451067 0.5882856846 0.5559344292 0.8093403578 0.4178244472 0.4127843678 0.0105521567 0.6923457980 -0.7214887142
-528.7 -122.5 2364.7 0.7616521120 -0.0334176384 -0.6471238732 0.0578397550 0.9981890321 0.0165295284 0.6453995705 -0.0500192344 0.7622056603
-515.6 -513.3 2384.3 0.7623145580 -0.1394437850 -0.6320062876 0.0532122925 0.9867115617 -0.1535210907 0.6450154781 0.0834008604 0.7596047521
-358.7 -105.8 2422.8 -0.6433959603 -0.1840073615 -0.7430901527 -0.2847814858 0.9585481882 0.0092146853 0.7105920911 0.2175470144 -0.6691278815
-286.6 -481.1 2337.6 -0.6754464507 0.0037749282 -0.7373993397 0.0260917880 0.9994830489 -0.0187830776 0.7369472384 -0.0319270305 -0.6751958132
-613.9 -158.9 2293.9 0 0 0 0 0 0 0 0 0
-349.0 414.9 2331.4 0 0 0 0 0 0 0 0 0
-479.8 -766.3 2362.9 0 0 0 0 0 0 0 0 0
-287.7 -765.7 2346.7 0 0 0 0 0 0 0 0 0
-425.5 498.1 2312.7 8 0.9084851742 0.2433199883 -0.3397794366 -0.1705265939 0.9580959678 0.2301581651 0.3815433979 -0.1511538476 0.9119085073
-482.0 275.4 2347.8 0.9084851742 0.2433199883 -0.3397794366 -0.1705265939 0.9580959678 0.2301581651 0.3815433979 -0.1511538476 0.9119085073
-460.3 82.6 2372.7 0.9301711917 -0.1109757945 -0.3499512672 0.1479834765 0.9856867790 0.0807615295 0.3359797597 -0.1269090623 0.9332800508
-614.4 254.4 2300.0 0.5094944239 -0.5411512256 -0.6690073013 0.7997634411 0.0109516922 0.6002153754 -0.3174805641 -0.8408539891 0.4383727908
-732.7 68.7 2373.7 -0.4661995471 -0.5411512256 -0.6998666525 0.8282800913 0.0109516922 -0.5602071881 0.3108215630 -0.8408539891 0.4431191385
-349.6 296.5 2395.7 0.8087442517 0.5513271689 -0.2048685849 -0.4728924632 0.4024119675 -0.7838605046 -0.3497220278 0.7308235168 0.5861667991
-196.1 206.8 2329.3 -0.5955733657 0.5513271689 0.5842351913 0.8032705188 0.4024119675 0.4391140044 0.0069922456 0.7308235168 -0.6825307012
-522.7 -122.3 2361.2 0.7637937665 -0.0166860260 -0.6452446580 0.0571801402 0.9974846244 0.0418907441 0.6429226398 -0.0688910633 0.7628266215
-516.2 -512.8 2388.2 0.7654175758 -0.1402735710 -0.6280599236 0.0461149700 0.9854012728 -0.1638833135 0.6418794990 0.0964762121 0.7607122064
-354.4 -101.6 2423.1 -0.6335641146 -0.1735496074 -0.7539741993 -0.2827090025 0.9590585232 0.0168043524 0.7201889753 0.2238019258 -0.6566891074
-286.4 -477.2 2335.5 -0.6655812860 0.0041171736 -0.7463139892 0.0309749171 0.9992755651 -0.0221115164 0.7456822991 -0.0378340259 -0.6652266383
-610.6 -148.2 2292.3 0 0 0 0 0 0 0 0 0
-348.6 412.4 2331.1 0 0 0 0 0 0 0 0 0
-480.0 -767.0 2363.3 0 0 0 0 0 0 0 0 0
-287.6 -764.3 2346.3 0 0 0 0 0 0 0 0 0
-426.4 500.5 2318.0 9 0.9061554074 0.2569391429 -0.3359533250 -0.2003972530 0.9603272676 0.1939394176 0.3724557757 -0.1084151343 0.9216956496
-487.7 271.3 2343.9 0.9061554074 0.2569391429 -0.3359533250 -0.2003972530 0.9603272676 0.1939394176 0.3724557757 -0.1084151343 0.9216956496
-460.3 79.5 2370.9 0.9289837480 -0.1399599016 -0.3426374793 0.1783438921 0.9804576635 0.0830435157 0.3243187964 -0.1382533759 0.9357902408
-620.0 246.0 2297.7 0.5117582679 -0.5608844161 -0.6507781148 0.7868764400 0.0019441623 0.6171075106 -0.3448607624 -0.8278918266 0.4423416555
-735.4 68.6 2375.4 -0.4842480123 -0.5608844161 -0.6715002656 0.8103216887 0.0019441623 -0.5859820843 0.3299736977 -0.8278918266 0.4535553157
-355.5 296.7 2390.0 0.8285991549 0.5216996074 -0.2031081617 -0.4658855498 0.4413827658 -0.7668976188 -0.3104417622 0.7300758362 0.6087816954
-194.5 206.2 2329.7 -0.5972605348 0.5487456322 0.5849427581 0.8020427823 0.4061896801 0.4378782213 0.0026860447 0.7306765318 -0.6827185154
-522.5 -123.5 2367.2 0.7697100639 -0.0187920537 -0.6381169558 0.0443487167 0.9987257719 0.0240826476 0.6368513107 -0.0468363240 0.7695627213
-515.1 -514.6 2385.5 0.7690303922 -0.1378974915 -0.6241607070 0.0492797457 0.9863370657 -0.1571963727 0.6373097897 0.0901302993 0.7653186917
-354.6 -96.8 2427.9 -0.6179749370 -0.1730327308 -0.7669202089 -0.2913230062 0.9564369917 0.0189529750 0.7302313447 0.2351339608 -0.6414625049
-286.8 -471.4 2335.8 -0.6516119242 0.0012084814 -0.7585515380 0.0288683213 0.9993138313 -0.0232064519 0.7580029964 -0.0370197110 -0.6511996984
-608.3 -144.0 2288.9 0 0 0 0 0 0 0 0 0
-347.4 411.6 2330.4 0 0 0 0 0 0 0 0 0
-479.8 -767.2 2362.4 0 0 0 0 0 0 0 0 0
-287.2 -766.1 2346.7 0 0 0 0 0 0 0 0 0
-429.1 503.9 2320.1 0 0.9330904484 0.1627735794 -0.3206975758 -0.1118118092 0.9788208008 0.1714874804 0.3418191075 -0.1241555586 0.9315283895
-464.7 289.9 2347.3 0.9330904484 0.1627735794 -0.3206975758 -0.1118118092 0.9788208008 0.1714874804 0.3418191075 -0.1241555586 0.9315283895
-454.6 96.7 2371.6 0.9443842173 -0.0520380251 -0.3247005641 0.0890837461 0.9909629822 0.1002817079 0.3165477812 -0.1236300021 0.9404855967
-598.7 277.3 2302.3 0.5208901763 -0.5220250487 -0.6753985882 0.8050912619 0.0374506153 0.5919674635 -0.2837277353 -0.8521075845 0.4397854805
-736.2 64.8 2377.2 -0.4980531037 -0.5220250487 -0.6924109459 0.7976353168 0.0374506153 -0.6019761562 0.3401778638 -0.8521075845 0.3977332115
-330.8 302.5 2392.3 0.7630844712 0.5931478739 -0.2566665411 -0.5382782817 0.3634733260 -0.7603575587 -0.3577130437 0.7183750868 0.5966394544
-192.8 205.2 2327.6 -0.6031035185 0.5586850643 0.5693304539 0.7975624800 0.4110335708 0.4415263534 0.0126602333 0.7203627229 -0.6934819818
-519.7 -123.5 2368.3 0.7786612511 -0.0137318037 -0.6272942424 0.0351270810 0.9991465807 0.0217314493 0.6264604330 -0.0389564522 0.7784790993
-514.2 -519.7 2383.7 0.7766116261 -0.1351342797 -0.6153154969 0.0508201420 0.9869780540 -0.1526161134 0.6279265285 0.0872530192 0.7733661532
-349.0 -96.2 2427.2 -0.6303125620 -0.1548458487 -0.7607423067 -0.2803934813 0.9591684937 0.0370852053 0.7239375710 0.2366824597 -0.6479936838
-288.4 -471.8 2334.5 -0.6639485955 -0.0044221394 -0.7477651238 0.0287097618 0.9990944862 -0.0314001553 0.7472268939 -0.0423162468 -0.6632204056
-605.4 -144.7 2287.8 0 0 0 0 0 0 0 0 0
-347.2 409.4 2330.8 0 0 0 0 0 0 0 0 0
-480.3 -767.3 2361.8 0 0 0 0 0 0 0 0 0
-287.1 -764.4 2346.9 0 0 0 0 0 0 0 0 0
-431.2 500.1 2321.2 1 0.9324095249 0.1313493848 -0.3366894424 -0.0878519565 0.9860488176 0.1413852125 0.3505630791 -0.1022500992 0.9309406281
-461.0 276.9 2344.4 0.9324095249 0.1313493848 -0.3366894424 -0.0878519565 0.9860488176 0.1413852125 0.3505630791 -0.1022500992 0.9309406281
-455.1 83.5 2371.1 0.9407066703 -0.0303450190 -0.3378610313 0.0744866729 0.9901608229 0.1184619069 0.3309420645 -0.1366040558 0.9337112308
-594.7 266.3 2297.2 0.5739804506 -0.5427181721 -0.6131911874 0.7457406521 0.0371184722 0.6652015448 -0.3382562399 -0.8390942812 0.4260323048
-736.5 82.0 2380.8 -0.4754301608 -0.5427181721 -0.6924039125 0.8099921942 0.0371184722 -0.5852647424 0.3433347940 -0.8390942812 0.4219502509
-327.2 287.5 2391.5 0.7786851525 0.6065480113 -0.1604646444 -0.4841541052 0.4182318151 -0.7685551047 -0.3990541697 0.6761520505 0.6193336248
-200.3 208.5 2326.4 -0.5844950080 0.6065480113 0.5389481187 0.8110815883 0.4182318151 0.4089362323 0.0226342194 0.6761520505 -0.7364143133
-530.9 -102.0 2367.1 0.7686460018 -0.0231126510 -0.6392567158 0.0634594783 0.9971724153 0.0402507707 0.6365188360 -0.0715054870 0.7679392695
-521.8 -494.8 2395.3 0.7725646496 -0.1503376514 -0.6168812513 0.0394155346 0.9810460210 -0.1897238791 0.6337115169 0.1222592592 0.7638471127
-359.5 -88.4 2424.4 -0.6408570409 -0.1809196174 -0.7460364699 -0.2981004119 0.9542157054 0.0246682279 0.7074167132 0.2382025719 -0.6654480696
-288.7 -462.1 2331.1 -0.6816510558 -0.0064927661 -0.7316485643 0.0353019238 0.9985042214 -0.0417504385 0.7308253050 -0.0542878322 -0.6804022789
-611.6 -130.8 2290.6 0 0 0 0 0 0 0 0 0
-349.9 416.2 2332.2 0 0 0 0 0 0 0 0 0
-480.0 -767.5 2361.3 0 0 0 0 0 0 0 0 0
-286.7 -765.6 2347.6 0 0 0 0 0 0 0 0 0
-432.3 499.3 2321.7 2 0.9289746881 0.1225588322 -0.3492639661 -0.0773766339 0.9870449305 0.1405531168 0.3619652689 -0.1035454199 0.9264229536
-460.3 273.8 2345.4 0.9289746881 0.1225588322 -0.3492639661 -0.0773766339 0.9870449305 0.1405531168 0.3619652689 -0.1035454199 0.9264229536
-456.2 80.4 2374.5 0.9366243482 -0.0210162662 -0.3497043848 0.0714626536 0.9886724949 0.1319842190 0.3429692686 -0.1486104429 0.9275165796
-593.6 263.6 2296.5 0.5909307599 -0.5245877504 -0.6128691435 0.7335557342 0.0332764275 0.6788141131 -0.3357034624 -0.8507058024 0.4044784009
-738.8 83.4 2379.0 -0.4642460048 -0.5245877504 -0.7136409283 0.8264183998 0.0332764275 -0.5620723367 0.3186036646 -0.8507058024 0.4180805087
-327.0 284.0 2394.3 0.7731233835 0.6209540367 -0.1292142719 -0.4652222693 0.4167161882 -0.7809711099 -0.4311014712 0.6639003754 0.6110546589
-204.1 210.0 2325.7 -0.5702510476 0.6209540367 0.5378009081 0.8212761879 0.4167161882 0.3896832466 0.0178650282 0.6639003754 -0.7476075888
-534.7 -115.4 2367.9 0.7605076432 -0.0511904843 -0.6473079920 0.0596379787 0.9981806278 -0.0088709155 0.6465844512 -0.0318577439 0.7621769309
-514.6 -507.1 2380.4 0.7613917589 -0.1307788044 -0.6349641681 0.0530813225 0.9887289405 -0.1399907619 0.6461152434 0.0728830770 0.7597520351
-364.4 -103.2 2427.7 -0.6479644179 -0.1922670305 -0.7370043993 -0.3094819486 0.9505997896 0.0241033658 0.6959619522 0.2437076867 -0.6754580140
-289.1 -475.5 2332.3 -0.6925687790 -0.0090907384 -0.7212945819 0.0329512879 0.9984781146 -0.0442231745 0.7205988765 -0.0543951765 -0.6912152171
-616.8 -133.8 2295.3 0 0 0 0 0 0 0 0 0
-350.1 420.3 2330.3 0 0 0 0 0 0 0 0 0
-480.0 -768.6 2361.1 0 0 0 0 0 0 0 0 0
-286.4 -765.6 2348.1 0 0 0 0 0 0 0 0 0
-432.3 499.1 2322.0 3 0.9112883806 0.1228489578 -0.3930160999 -0.0690487325 0.9865338802 0.1482670903 0.4059381783 -0.1079768091 0.9074994326
-460.4 273.7 2346.7 0.9112883806 0.1228489578 -0.3930160999 -0.0690487325 0.9865338802 0.1482670903 0.4059381783 -0.1079768091 0.9074994326
-453.8 79.9 2372.3 0.9181264043 -0.0333513990 -0.3948817551 0.0820337683 0.9908640385 0.1070463806 0.3877039850 -0.1306757480 0.9124743342
-591.0 262.1 2291.5 0.5978795290 -0.5395889282 -0.5927763581 0.7162172794 0.0275175218 0.6973346472 -0.3599623144 -0.8414788246 0.4029150605
-741.8 81.5 2382.3 -0.4659879208 -0.5395889282 -0.7012125254 0.8226585984 0.0275175218 -0.5678693652 0.3257116377 -0.8414788246 0.4310746193
-329.8 285.3 2401.9 0.7571293116 0.6479283571 -0.0833310187 -0.4565120935 0.4335273504 -0.7769496441 -0.4672814310 0.6262929440 0.6240233779
-206.1 210.7 2325.5 -0.5628454685 0.6479283571 0.5132190585 0.8264995217 0.4335273504 0.3590997458 0.0101764081 0.6262929440 -0.7795213461
-537.1 -118.8 2372.5 0.7284909487 -0.0579749309 -0.6825978756 0.0590424053 0.9980184436 -0.0217524711 0.6825063825 -0.0244557410 0.7304703593
-514.3 -510.1 2382.1 0.7308925986 -0.1282070726 -0.6703424454 0.0414235927 0.9887199998 -0.1439334452 0.6812343001 0.0774318948 0.7279589176
-367.6 -106.5 2434.6 -0.6742470860 -0.2006722242 -0.7107190490 -0.3315021992 0.9422092438 0.0484567881 0.6599220634 0.2682767510 -0.7018051147
-289.1 -475.4 2329.5 -0.7270327806 -0.0064329351 -0.6865726113 0.0363085791 0.9981967211 -0.0478010103 0.6856420040 -0.0596813783 -0.7254882455
-619.3 -134.8 2296.6 0 0 0 0 0 0 0 0 0
-350.2 422.4 2328.1 0 0 0 0 0 0 0 0 0
-481.2 -765.6 2362.1 0 0 0 0 0 0 0 0 0
-287.2 -763.5 2346.8 0 0 0 0 0 0 0 0 0
-432.8 499.2 2322.6 4 0.9262158871 0.1873243153 -0.3271601498 -0.1509386152 0.9794856310 0.1335117966 0.3454586864 -0.0742796436 0.9354895949
-477.8 264.0 2340.5 0.9262158871 0.1873243153 -0.3271601498 -0.1509386152 0.9794856310 0.1335117966 0.3454586864 -0.0742796436 0.9354895949
-460.6 71.6 2370.3 0.9406905770 -0.0868530124 -0.3279599547 0.1319691837 0.9842197895 0.1178793833 0.3125465214 -0.1541686356 0.9373082519
-611.2 245.3 2296.2 0.5728163123 -0.5254286528 -0.6291313171 0.7406279445 0.0029018924 0.6719090939 -0.3512145877 -0.8508327007 0.3908093870
-739.5 79.4 2374.8 -0.4599117935 -0.5254286528 -0.7158253193 0.8403447270 0.0029018924 -0.5420445204 0.2868829668 -0.8508327007 0.4402065873
-344.5 282.6 2384.8 0.8281337619 0.5196015835 -0.2102584541 -0.4313749373 0.3512594998 -0.8309828043 -0.3579246998 0.7788651586 0.5150329471
-207.1 211.1 2325.4 -0.5586794019 0.5196015835 0.6464452744 0.8293825984 0.3512594998 0.4344435930 -0.0013324530 0.7788651586 -0.6271899939
-530.2 -121.1 2362.9 0.7785161138 -0.0378869772 -0.6264800429 0.0668374524 0.9975048900 0.0227327123 0.6240556240 -0.0595701151 0.7791059017
-515.4 -511.7 2386.3 0.7815544605 -0.1342370808 -0.6092233062 0.0458284058 0.9862902164 -0.1585286260 0.6221514344 0.0959790125 0.7769913673
-364.4 -106.7 2433.0 -0.6092104912 -0.1982348263 -0.7678316832 -0.3264044523 0.9451116323 0.0149706919 0.7227189541 0.2597439885 -0.6404766440
-286.8 -476.8 2331.3 -0.6533462405 0.0063486034 -0.7570326328 0.0467931628 0.9983915091 -0.0320114903 0.7556117773 -0.0563385375 -0.6525924206
-618.7 -141.4 2299.5 0 0 0 0 0 0 0 0 0
-350.2 423.5 2325.1 0 0 0 0 0 0 0 0 0
-480.8 -765.7 2361.5 0 0 0 0 0 0 0 0 0
-288.6 -765.5 2347.5 0 0 0 0 0 0 0 0 0
-432.7 501.1 2323.0 5 0.9305582047 0.2149803340 -0.2963863909 -0.1883724183 0.9752297997 0.1159423292 0.3139701784 -0.0520600602 0.9480044842
-486.3 258.1 2335.9 0.9305582047 0.2149803340 -0.2963863909 -0.1883724183 0.9752297997 0.1159423292 0.3139701784 -0.0520600602 0.9480044842
-463.0 66.6 2368.0 0.9478554130 -0.1181913763 -0.2959745228 0.1608903557 0.9791190624 0.1242585480 0.2751080096 -0.1653985828 0.9470791221
-620.8 235.2 2296.9 0.4998942912 -0.5623496771 -0.6586869955 0.7938577533 -0.0065470026 0.6080682874 -0.3462594151 -0.8268736005 0.4431528449
-731.0 60.3 2373.2 -0.4616006911 -0.5623496771 -0.6860668063 0.8321452737 -0.0065470026 -0.5545190573 0.3073419333 -0.8268736005 0.4709787071
-351.7 280.9 2375.0 0.8600068092 0.4344304800 -0.2676908970 -0.4156138897 0.2919695079 -0.8614051938 -0.2960630953 0.8520703912 0.4316511154
-207.6 211.3 2325.4 -0.5568485856 0.4344304800 0.7079476118 0.8306137323 0.2919695079 0.4741672873 -0.0007063861 0.8520703912 -0.5234267116
-528.2 -132.5 2371.9 0.8016461134 -0.0323543809 -0.5969226956 0.0448273048 0.9989764094 0.0060550063 0.5961158276 -0.0316124111 0.8022758961
-515.5 -523.6 2384.3 0.7996915579 -0.1416867375 -0.5834537745 0.0590046681 0.9855989218 -0.1584714353 0.5975047350 0.0923017785 0.7965353131
-358.9 -109.0 2428.2 -0.5771551132 -0.1863205135 -0.7950953841 -0.3120233715 0.9500665665 0.0038598878 0.7546743751 0.2503160834 -0.6064721346
-285.9 -481.0 2330.1 -0.6173403859 0.0051636808 -0.7866792083 0.0536694117 0.9979251623 -0.0355663747 0.7848633528 -0.0641771704 -0.6163366437
-609.7 -158.5 2292.4 0 0 0 0 0 0 0 0 0
-350.2 424.0 2325.2 0 0 0 0 0 0 0 0 0
-480.4 -767.8 2361.4 0 0 0 0 0 0 0 0 0
-287.4 -764.5 2348.4 0 0 0 0 0 0 0 0 0
-433.4 499.6 2324.1 6 0.9333392978 0.2000892162 -0.2980638146 -0.1742742807 0.9784105420 0.1110915244 0.3138569891 -0.0517412312 0.9480593801
-483.2 256.0 2337.0 0.9333392978 0.2000892162 -0.2980638146 -0.1742742807 0.9784105420 0.1110915244 0.3138569891 -0.0517412312 0.9480593801
-461.3 64.2 2369.4 0.9482587576 -0.1112797931 -0.2973586619 0.1546948701 0.9798121452 0.1266399324 0.2772631645 -0.1660872847 0.9463298321
-618.1 234.0 2297.6 0.4756404757 -0.5650279522 -0.6741732359 0.8175689578 0.0011681677 0.5758295059 -0.3245722353 -0.8250709176 0.4625049531
-727.8 45.4 2372.4 -0.5011911988 -0.5650279522 -0.6554012299 0.7938699126 0.0011681677 -0.6080865264 0.3443515003 -0.8250709176 0.4479732215
-348.3 278.0 2376.4 0.8600214720 0.4474641085 -0.2452323288 -0.4070227444 0.3117555082 -0.8585691452 -0.3077263534 0.8382030725 0.4502445161
-208.0 211.6 2326.3 -0.5555486083 0.4474641085 0.7008149624 0.8313878775 0.3117555082 0.4600029886 -0.0126480889 0.8382030725 -0.5452115536
-525.2 -139.3 2375.3 0.8005448580 -0.0247447919 -0.5987617373 0.0390764624 0.9991762042 0.0109526925 0.5979974270 -0.0321656093 0.8008522987
-515.5 -530.6 2387.9 0.7978290915 -0.1522819996 -0.5833342671 0.0575113855 0.9823850989 -0.1777973771 0.6001342535 0.1083035618 0.7925333977
-354.4 -110.4 2424.8 -0.5835514665 -0.1807965189 -0.7916945815 -0.2943103611 0.9557089806 -0.0013181869 0.7568679452 0.2322346866 -0.6109157205
-283.6 -484.7 2333.9 -0.6172948480 0.0084316367 -0.7866867185 0.0472243167 0.9985365868 -0.0263536051 0.7853132486 -0.0534186885 -0.6167896986
-596.3 -162.9 2282.1 0 0 0 0 0 0 0 0 0
-350.3 424.5 2323.0 0 0 0 0 0 0 0 0 0
-478.6 -768.3 2361.7 0 0 0 0 0 0 0 0 0
-286.0 -766.3 2349.0 0 0 0 0 0 0 0 0 0
-435.0 501.3 2323.7 7 0.9265103936 0.2097021341 -0.3124155700 -0.1823932528 0.9765287042 0.1145618409 0.3291066289 -0.0491602495 0.9430122375
-486.9 259.8 2335.9 0.9265103936 0.2097021341 -0.3124155700 -0.1823932528 0.9765287042 0.1145618409 0.3291066289 -0.0491602495 0.9430122375
-462.6 68.2 2368.0 0.9419031143 -0.1238450333 -0.3122193217 0.1681199670 0.9785537124 0.1190307811 0.2907819748 -0.1646057665 0.9425235987
-620.9 235.8 2294.5 0.3977070153 -0.5883500576 -0.7040407658 0.8658603430 -0.0131571526 0.5001127124 -0.3035045266 -0.8084992766 0.5041962862
-718.1 24.3 2368.6 -0.5511243343 -0.5883500576 -0.5916976929 0.7381780148 -0.0131571526 -0.6744776368 0.3890438974 -0.8084992766 0.4415583014
-352.8 283.7 2377.3 0.8589646816 0.4324179888 -0.2742159069 -0.4303134680 0.3193814754 -0.8442901373 -0.2775067687 0.8432141542 0.4604127109
-202.3 208.3 2328.6 -0.5682691336 0.4324179888 0.7000606060 0.8225959539 0.3193814754 0.4704586565 -0.0201516133 0.8432141542 -0.5371999145
-525.1 -141.5 2376.7 0.7916631103 -0.0279596820 -0.6103177667 0.0464296676 0.9988167882 0.0144679649 0.6091911197 -0.0397906043 0.7920245528
-514.1 -532.6 2392.3 0.7927073836 -0.1444914043 -0.5922307372 0.0394717567 0.9816306829 -0.1866631359 0.6083230972 0.1245928481 0.7838492393
-353.9 -113.6 2426.7 -0.5910819769 -0.1816552132 -0.7858902812 -0.2969448864 0.9548910260 0.0026184760 0.7499638796 0.2349138260 -0.6183604598
-282.8 -487.6 2334.7 -0.6246214509 0.0107163880 -0.7808541656 0.0451794304 0.9987269640 -0.0224335063 0.7796196938 -0.0492909960 -0.6243104339
-573.9 -168.9 2266.8 0 0 0 0 0 0 0 0 0
-347.8 418.9 2323.5 0 0 0 0 0 0 0 0 0
-479.4 -768.7 2362.3 0 0 0 0 0 0 0 0 0
-285.8 -766.7 2348.5 0 0 0 0 0 0 0 0 0
-434.0 500.7 2323.5 8 0.9176076651 0.2256976366 -0.3271952271 -0.1950732172 0.9729140401 0.1240351573 0.3463272750 -0.0499885827 0.9367809296
-490.1 258.9 2335.9 0.9176076651 0.2256976366 -0.3271952271 -0.1950732172 0.9729140401 0.1240351573 0.3463272750 -0.0499885827 0.9367809296
-460.2 67.7 2365.5 0.9322007895 -0.1523477286 -0.3283166885 0.1928068250 0.9767019749 0.0942271352 0.3063122928 -0.1511403024 0.9398560524
-622.8 231.5 2292.3 0.3705460727 -0.5861433744 -0.7205078602 0.8797777295 -0.0272261053 0.4746049643 -0.2978031635 -0.8097497821 0.5055873990
-714.0 14.9 2365.6 -0.6002960205 -0.5861433744 -0.5441329479 0.6858114600 -0.0272261053 -0.7272698283 0.4114697874 -0.8097497821 0.4183275700
-357.3 286.3 2379.6 0.8544754982 0.4467660189 -0.2650882304 -0.4275518954 0.3149515390 -0.8473517299 -0.2950780094 0.8373802304 0.4601340294
-205.0 210.1 2326.9 -0.5670324564 0.4467660189 0.6920074224 0.8236634135 0.3149515390 0.4715762138 -0.0072645759 0.8373802304 -0.5465725660
-523.4 -138.5 2373.9 0.7819216251 -0.0247410946 -0.6228855848 0.0546805598 0.9980827570 0.0289977081 0.6209738851 -0.0567336679 0.7817753553
-513.7 -529.4 2396.2 0.7871138453 -0.1373833269 -0.6013132334 0.0209691469 0.9802761078 -0.1965173632 0.6164511442 0.1420725137 0.7744697332
-353.2 -108.2 2426.5 -0.5984746218 -0.1755997092 -0.7816603184 -0.2925716639 0.9561994076 0.0091962991 0.7458082438 0.2341953963 -0.6236365438
-284.5 -482.7 2334.7 -0.6323460340 0.0062019480 -0.7746612430 0.0416885503 0.9987914562 -0.0260334928 0.7735635638 -0.0487566814 -0.6318403482
-556.9 -164.6 2257.9 0 0 0 0 0 0 0 0 0
-350.2 421.0 2325.1 0 0 0 0 0 0 0 0 0
-480.1 -768.8 2361.5 0 0 0 0 0 0 0 0 0
-286.2 -764.9 2348.5 0 0 0 0 0 0 0 0 0
-434.5 499.1 2323.9 9 0.9237468839 0.2392900735 -0.2990518510 -0.2148428261 0.9701322913 0.1126314923 0.3170714676 -0.0397938415 0.9475664496
-493.9 258.4 2333.8 0.9237468839 0.2392900735 -0.2990518510 -0.2148428261 0.9701322913 0.1126314923 0.3170714676 -0.0397938415 0.9475664496
-462.5 67.8 2365.5 0.9406962991 -0.1599049419 -0.2992004454 0.2001780570 0.9736781716 0.1089931577 0.2738963962 -0.1624228209 0.9479449391
-627.8 229.9 2294.7 0.3314526379 -0.5974528790 -0.7301980853 0.9003413320 -0.0310338251 0.4340764284 -0.2820010483 -0.8013033271 0.5276252627
-711.2 3.4 2365.7 -0.6347779036 -0.5974528790 -0.4900072515 0.6288996935 -0.0310338251 -0.7768668532 0.4489344954 -0.8013033271 0.3954375088
-359.9 286.9 2372.8 0.8684445024 0.3899634480 -0.3061579168 -0.4319027662 0.2918465436 -0.8533965349 -0.2434423119 0.8733579516 0.4218788147
-200.7 207.7 2328.1 -0.5742424726 0.3899634480 0.7198430896 0.8185064197 0.2918465436 0.4948462844 -0.0171117540 0.8733579516 -0.4867782593
-514.5 -140.8 2367.4 0.8011210561 0.0001027009 -0.5985023379 0.0379191674 0.9979822040 0.0509276800 0.5972999334 -0.0634939522 0.7995006442
-514.6 -531.5 2392.3 0.8014540672 -0.1384867877 -0.5818013549 0.0355738364 0.9821368456 -0.1847747117 0.5969974399 0.1273915321 0.7920640707
-346.2 -106.0 2422.8 -0.5753727555 -0.1531621218 -0.8034223914 -0.2741186321 0.9616081119 0.0129924798 0.7705875635 0.2277085632 -0.5952677131
-286.2 -482.6 2333.7 -0.6044928432 0.0050953380 -0.7965942621 0.0423998982 0.9987679124 -0.0257864948 0.7954813838 -0.0493632667 -0.6039640903
-545.1 -161.1 2248.3 0 0 0 0 0 0 0 0 0
-347.8 417.3 2323.8 0 0 0 0 0 0 0 0 0
-481.0 -769.4 2361.5 0 0 0 0 0 0 0 0 0
-287.6 -765.7 2347.6 0 0 0 0 0 0 0 0 0
-435.5 499.3 2323.1 0 0.9239807725 0.2535229027 -0.2863312960 -0.2277866304 0.9662312269 0.1204593107 0.3072014451 -0.0460796431 0.9505282640
-498.4 259.7 2334.5 0.9239807725 0.2535229027 -0.2863312960 -0.2277866304 0.9662312269 0.1204593107 0.3072014451 -0.0460796431 0.9505282640
-464.2 69.6 2366.6 0.9419481754 -0.1745847762 -0.2867992818 0.2131358236 0.9709261060 0.1089750901 0.2594355345 -0.1637760848 0.9517723322
-632.5 229.3 2297.5 0.3006138504 -0.5971162319 -0.7436958551 0.9159068465 -0.0367209464 0.3997076750 -0.2659811378 -0.8013138175 0.5358639956
-708.7 -2.9 2365.0 -0.6556903124 -0.5971162319 -0.4620848894 0.5977943540 -0.0367209464 -0.8008080125 0.4612072706 -0.8013138175 0.3810302615
-364.2 290.0 2371.5 0.8671863079 0.3777297735 -0.3245120645 -0.4348998666 0.2570016384 -0.8630250692 -0.2425901294 0.8895338178 0.3871429563
-204.2 209.8 2326.7 -0.5698996186 0.3777297735 0.7297496796 0.8217014670 0.2570016384 0.5086815357 0.0045972830 0.8895338178 -0.4568462372
-516.1 -140.9 2372.6 0.8093730211 -0.0091451807 -0.5872237086 0.0300142225 0.9992162585 0.0258073509 0.5865274668 -0.0385128371 0.8090131283
-512.5 -532.1 2387.7 0.8068133593 -0.1369387954 -0.5747172832 0.0495799594 0.9850295186 -0.1651020199 0.5887224078 0.1047120541 0.8015244007
-346.2 -104.8 2422.1 -0.5625728369 -0.1464992017 -0.8136644363 -0.2661610544 0.9638715982 0.0104816779 0.7827324271 0.2224624902 -0.5812403560
-288.8 -482.3 2334.9 -0.5913957357 -0.0068114200 -0.8063527346 0.0326022841 0.9989447594 -0.0323494710 0.8057221770 -0.0454202779 -0.5905495882
-536.9 -159.6 2244.1 0 0 0 0 0 0 0 0 0
-350.2 420.2 2327.9 0 0 0 0 0 0 0 0 0
-479.5 -769.6 2362.4 0 0 0 0 0 0 0 0 0
-286.9 -764.3 2347.8 0 0 0 0 0 0 0 0 0
-433.6 497.7 2317.7 1 0.9060419202 0.2462958843 -0.3441312909 -0.2058671415 0.9670040011 0.1500730813 0.3697387278 -0.0651271790 0.9268504381
-494.4 259.0 2333.8 0.9060419202 0.2462958843 -0.3441312909 -0.2058671415 0.9670040011 0.1500730813 0.3697387278 -0.0651271790 0.9268504381
-459.1 70.2 2371.5 0.9208872318 -0.1812827140 -0.3451134861 0.2351570576 0.9644094706 0.1208946258 0.3109146059 -0.1924861819 0.9307422638
-625.4 225.4 2289.6 0.3179855645 -0.5926714540 -0.7400174141 0.9046499133 -0.0439013429 0.4238882661 -0.2837142348 -0.8042469621 0.5222001672
-705.8 -3.4 2361.3 -0.6633439064 -0.5926714540 -0.4568538368 0.5929688215 -0.0439013429 -0.8040277958 0.4564678073 -0.8042469621 0.3805573583
-363.4 292.5 2377.9 0.8499699235 0.4347622097 -0.2975449562 -0.4453865290 0.2913291454 -0.8466157317 -0.2813929915 0.8521203995 0.4412582219
-205.6 209.8 2325.7 -0.5662360191 0.4347622097 0.7002561092 0.8242124915 0.2913291454 0.4855935872 0.0071127256 0.8521203995 -0.5232974887
-515.0 -139.8 2375.2 0.7726725340 -0.0064750640 -0.6347718239 0.0224020947 0.9996032715 0.0170722585 0.6344094276 -0.0274114832 0.7725110054
-512.5 -531.2 2385.9 0.7700815797 -0.1361252218 -0.6232529879 0.0423084870 0.9857159853 -0.1630153805 0.6365408897 0.0991662517 0.7648409605
-344.9 -101.3 2422.0 -0.6034298539 -0.1473423094 -0.7836853266 -0.2640198171 0.9642663598 0.0219988823 0.7524400353 0.2201832235 -0.6207683682
-287.2 -479.0 2335.8 -0.6309702992 -0.0002250832 -0.7758069634 0.0289097633 0.9992985725 -0.0238024760 0.7752681375 -0.0374470502 -0.6305212379
-531.6 -159.1 2241.5 0 0 0 0 0 0 0 0 0
-350.6 420.8 2327.5 0 0 0 0 0 0 0 0 0
-479.8 -768.2 2362.0 0 0 0 0 0 0 0 0 0
-287.1 -765.7 2346.5 0 0 0 0 0 0 0 0 0
-432.6 496.9 2314.5 2 0.9098419547 0.2483022660 -0.3324658871 -0.2054115981 0.9656624794 0.1590662450 0.3605463207 -0.0764328018 0.9296044111
-494.1 257.7 2333.4 0.9098419547 0.2483022660 -0.3324658871 -0.2054115981 0.9656624794 0.1590662450 0.3605463207 -0.0764328018 0.9296044111
-459.6 68.3 2369.1 0.9258885384 -0.1763711572 -0.3341012001 0.2258086652 0.9673457742 0.1151200682 0.3028875291 -0.1820313036 0.9354804754
-625.9 225.5 2290.3 0.3057910800 -0.5848945379 -0.7512590289 0.9112754464 -0.0487758815 0.4088984430 -0.2758058012 -0.8096414208 0.5180848241
-704.2 -8.0 2361.0 -0.6803579330 -0.5848945379 -0.4416009486 0.5729581118 -0.0487758815 -0.8181319833 0.4569814801 -0.8096414208 0.3683051467
-362.3 289.9 2376.5 0.8549130559 0.4313549697 -0.2881952822 -0.4352127910 0.2940136790 -0.8509675264 -0.2823357284 0.8529295921 0.4390873611
-206.6 210.7 2325.1 -0.5656279325 0.4313549697 0.7028498650 0.8246586323 0.2940136790 0.4832122922 0.0017885553 0.8529295921 -0.5220229626
-506.8 -139.9 2381.2 0.7796189189 0.0136535438 -0.6261053085 0.0057178871 0.9995654225 0.0289174728 0.6262280941 -0.0261246096 0.7792021036
-512.1 -531.3 2391.4 0.7775574327 -0.1295741200 -0.6153169870 0.0221980866 0.9835852385 -0.1790733933 0.6284199953 0.1255809814 0.7676703334
-340.7 -97.4 2437.2 -0.5934231281 -0.1378559321 -0.7929973006 -0.2920585275 0.9549559355 0.0525448918 0.7500338554 0.2627829909 -0.6069549322
-286.7 -471.0 2334.4 -0.6266241670 0.0010733153 -0.7793208361 0.0322133452 0.9991800785 -0.0245254897 0.7786555290 -0.0404727943 -0.6261449456
-525.5 -158.6 2240.9 0 0 0 0 0 0 0 0 0
-351.4 421.9 2325.5 0 0 0 0 0 0 0 0 0
-481.0 -768.0 2361.2 0 0 0 0 0 0 0 0 0
-287.0 -764.1 2346.2 0 0 0 0 0 0 0 0 0
-432.6 495.4 2311.4 3 0.9214788079 0.2504953444 -0.2968650460 -0.2095724642 0.9641113281 0.1629993320 0.3270415068 -0.0879857019 0.9409050941
-494.8 256.2 2333.2 0.9214788079 0.2504953444 -0.2968650460 -0.2095724642 0.9641113281 0.1629993320 0.3270415068 -0.0879857019 0.9409050941
-461.8 66.3 2367.8 0.9393174052 -0.1687415987 -0.2986789346 0.2123991549 0.9697755575 0.1200913191 0.2693871558 -0.1762430221 0.9467676282
-628.5 225.9 2294.9 0.3029331565 -0.5767288208 -0.7586932182 0.9177466631 -0.0380206443 0.3953422606 -0.2568512857 -0.8160504103 0.5177732706
-705.2 -6.5 2359.9 -0.6816127896 -0.5767288208 -0.4503197074 0.5730280876 -0.0380206443 -0.8186532855 0.4550195038 -0.8160504103 0.3563972116
-361.1 286.4 2371.5 0.8659173846 0.4009580016 -0.2990313768 -0.4258331656 0.2773216069 -0.8612542152 -0.2623988986 0.8731124997 0.4108788073
-207.3 210.8 2324.9 -0.5596592426 0.4009580016 0.7252683640 0.8286995888 0.2773216069 0.4861581028 -0.0062035993 0.8731124997 -0.4874793291
-508.8 -141.5 2377.4 0.8018491864 0.0101337610 -0.5974405408 0.0106087504 0.9994571209 0.0311911814 0.5974323153 -0.0313487202 0.8013063669
-512.7 -532.9 2389.7 0.7984660268 -0.1351018548 -0.5866851807 0.0374132842 0.9837471247 -0.1756186038 0.6008762121 0.1182756722 0.7905432582
-341.6 -100.7 2432.1 -0.5701811314 -0.1417510957 -0.8091971874 -0.2845671773 0.9580989480 0.0326783881 0.7706587911 0.2489035577 -0.5866276622
-286.1 -475.7 2334.6 -0.5996470451 0.0064373529 -0.8002387285 0.0370736867 0.9991174936 -0.0197434295 0.7994053960 -0.0415068902 -0.5993565321
-526.0 -157.2 2240.3 0 0 0 0 0 0 0 0 0
-350.6 423.0 2323.3 0 0 0 0 0 0 0 0 0
-480.5 -767.6 2361.5 0 0 0 0 0 0 0 0 0
-287.9 -765.9 2346.7 0 0 0 0 0 0 0 0 0
-431.8 495.6 2309.8 4 0.9288804531 0.2357818782 -0.2856361270 -0.1984005719 0.9679734707 0.1538327634 0.3127591610 -0.0862218812 0.9459109306
-491.2 252.1 2331.5 0.9288804531 0.2357818782 -0.2856361270 -0.1984005719 0.9679734707 0.1538327634 0.3127591610 -0.0862218812 0.9459109306
-461.5 62.0 2368.0 0.9460653663 -0.1515173465 -0.2863612473 0.1969863772 0.9707659483 0.1371488124 0.2572093308 -0.1861610115 0.9482549429
-625.9 224.0 2294.9 0.3157027066 -0.5762172937 -0.7538603544 0.9127277136 -0.0327352621 0.4072548151 -0.2593450844 -0.8166406751 0.5155948997
-705.3 -5.6 2360.1 -0.6818258166 -0.5762172937 -0.4506519437 0.5702047944 -0.0327352621 -0.8208501339 0.4582358301 -0.8166406751 0.3508816063
