-134.1 441.2 2679.4 00 0.9445393682 -0.0912981927 -0.3154520392 0.0353313163 0.9832539558 -0.1787830889 0.3264920115 0.1577223390 0.9319477677
-111.8 201.0 2640.9 0.9445393682 -0.0912981927 -0.3154520392 0.0353313163 0.9832539558 -0.1787830889 0.3264920115 0.1577223390 0.9319477677
-114.3 7.6 2657.3 0.9453216791 0.0124733141 -0.3259008229 0.0156846922 0.9963734150 0.0836302266 0.3257620633 -0.0841691196 0.9416977167
-241.0 198.9 2596.4 0.5140060186 -0.7980779409 -0.3144351542 -0.0375781916 0.3452634513 -0.9377532005 0.8569630980 0.4938266575 0.1474771649
-352.3 207.0 2410.8 -0.5511156321 -0.7980779409 -0.2436045259 -0.7495952249 0.3452634513 0.5647124648 -0.3665768206 0.4938266575 -0.7885155082
17.3 203.2 2685.4 0.2675990760 0.6214331985 0.7363501191 -0.9631715417 0.1933795065 0.1868287176 -0.0262934584 -0.7592266798 0.6502949595
84.3 -38.1 2678.8 -0.2222220302 0.6214331985 0.7512909770 -0.8857555985 0.1933795065 -0.4219495058 -0.4074977040 -0.7592266798 0.5074647665
-205.2 -185.3 2643.3 0.9645314217 0.0141289532 0.2635895610 -0.0131770689 0.9998987317 -0.0053789117 -0.2636388540 0.0017147919 0.9646199346
-210.7 -573.4 2642.7 0.9634735584 -0.0477067865 0.2635199130 0.0201689955 0.9941365719 0.1062339693 -0.2670428753 -0.0970386937 0.9587865472
-35.6 -184.5 2701.0 0.9968956709 0.0756908953 0.0216786396 -0.0729708970 0.9916158915 -0.1066450998 -0.0295689460 0.1047321260 0.9940608144
-65.0 -569.4 2660.3 0.9960157275 -0.0841567516 0.0295019373 0.0842519403 0.9964424968 -0.0019962029 -0.0292289890 0.0044738445 0.9995627403
-215.4 393.2 2501.8 0 0 0 0 0 0 0 0 0
26.1 -270.2 2572.0 0 0 0 0 0 0 0 0 0
-198.5 -826.7 2667.4 0 0 0 0 0 0 0 0 0
-41.8 -843.7 2659.1 0 0 0 0 0 0 0 0 0
-133.7 438.6 2677.2 01 0.9425587058 -0.0879513994 -0.3222540319 0.0341201909 0.9850186110 -0.1690389365 0.3322934210 0.1483337581 0.9314387441
-112.5 201.2 2641.5 0.9425587058 -0.0879513994 -0.3222540319 0.0341201909 0.9850186110 -0.1690389365 0.3322934210 0.1483337581 0.9314387441
-114.2 7.8 2657.7 0.9431285858 0.0083681196 -0.3323228657 0.0199313685 0.9964612126 0.0816565827 0.3318301439 -0.0836363062 0.9396242499
-241.4 198.5 2596.1 0.5110306144 -0.8025950193 -0.3077157140 -0.0450068079 0.3325157464 -0.9420231581 0.8583834171 0.4952519834 0.1338034868
-351.5 208.2 2411.1 -0.5461643338 -0.8025950193 -0.2398869544 -0.7434841990 0.3325157464 0.5802279711 -0.3859218955 0.4952519834 -0.7783249617
16.3 203.9 2686.8 0.2801172733 0.5999663472 0.7493828535 -0.9594331980 0.2009718567 0.1977326423 -0.0319719389 -0.7743711472 0.6319233775
86.6 -36.9 2678.8 -0.2290045172 0.5999663472 0.7665489316 -0.8842893243 0.2009718567 -0.4214768112 -0.4069266915 -0.7743711472 0.4845203757
-201.4 -187.2 2644.4 0.9660536647 0.0233182851 0.2572869658 -0.0207908675 0.9997051954 -0.0125397639 -0.2575035393 0.0067648659 0.9662536979
-210.4 -575.2 2641.8 0.9652804136 -0.0399534479 0.2581422329 0.0098616248 0.9931030273 0.1168296039 -0.2610295713 -0.1102276295 0.9590169191
-32.0 -184.4 2702.8 0.9965959787 0.0810646638 0.0150008490 -0.0787566155 0.9899525642 -0.1174365208 -0.0243700799 0.1158553436 0.9929670691
-63.5 -568.6 2657.8 0.9964463711 -0.0803361014 0.0253116768 0.0800799057 0.9967280030 0.0109795313 -0.0261109080 -0.0089135580 0.9996193051
-214.9 394.2 2507.7 0 0 0 0 0 0 0 0 0
26.6 -268.8 2572.1 0 0 0 0 0 0 0 0 0
-200.3 -826.4 2669.7 0 0 0 0 0 0 0 0 0
-41.1 -846.0 2660.3 0 0 0 0 0 0 0 0 0
-134.3 435.8 2676.1 02 0.9428576827 -0.0887995735 -0.3211449087 0.0358807184 0.9852871895 -0.1670980006 0.3312582076 0.1460267156 0.9321717620
-113.1 200.9 2641.3 0.9428576827 -0.0887995735 -0.3211449087 0.0358807184 0.9852871895 -0.1670980006 0.3312582076 0.1460267156 0.9321717620
-113.7 7.6 2659.0 0.9432194233 0.0028876930 -0.3321577013 0.0275380649 0.9958401322 0.0868566930 0.3310267925 -0.0910719037 0.9392162561
-242.0 197.1 2596.1 0.5052065253 -0.8059937358 -0.3084483743 -0.0685197935 0.3188239038 -0.9453340173 0.8602740169 0.4987237453 0.1058453992
-350.3 211.8 2411.6 -0.5386610031 -0.8059937358 -0.2453943044 -0.7443580031 0.3188239038 0.5867559314 -0.3946840167 0.4987237453 -0.7716858983
15.7 204.7 2686.5 0.2776142061 0.6102464199 0.7419768572 -0.9601505399 0.2021869421 0.1929542273 -0.0322684087 -0.7659763694 0.6420583725
86.2 -38.9 2678.3 -0.2267695069 0.6102464199 0.7590618730 -0.8818424940 0.2021869421 -0.4259980023 -0.4134361446 -0.7659763694 0.4922913611
-200.3 -187.4 2644.2 0.9653650522 0.0367961936 0.2582951784 -0.0401812941 0.9991616607 0.0078370469 -0.2577902675 -0.0179442465 0.9660342336
-214.6 -575.1 2651.2 0.9635960460 -0.0608356670 0.2603491545 0.0401604548 0.9956550002 0.0840136260 -0.2643289566 -0.0704994574 0.9618523717
-31.3 -183.8 2703.7 0.9962115288 0.0854704082 0.0160442311 -0.0831315443 0.9901306033 -0.1128294840 -0.0255294666 0.1110682487 0.9934847951
-64.5 -568.2 2660.5 0.9961181283 -0.0840933621 0.0260188151 0.0839961618 0.9964544773 0.0048082224 -0.0263309050 -0.0026040771 0.9996498823
-214.8 399.1 2510.9 0 0 0 0 0 0 0 0 0
26.7 -270.1 2569.9 0 0 0 0 0 0 0 0 0
-199.5 -821.2 2668.6 0 0 0 0 0 0 0 0 0
-41.1 -844.8 2661.3 0 0 0 0 0 0 0 0 0
-137.7 434.6 2685.5 03 0.9443569779 -0.0974995643 -0.3141397536 0.0322503187 0.9779019356 -0.2065615654 0.3273375332 0.1849367470 0.9266328812
-114.4 200.1 2641.2 0.9443569779 -0.0974995643 -0.3141397536 0.0322503187 0.9779019356 -0.2065615654 0.3273375332 0.1849367470 0.9266328812
-114.7 6.9 2659.5 0.9445055723 0.0018721373 -0.3284899890 0.0291826576 0.9955517650 0.0895826221 0.3271965086 -0.0941974968 0.9402495623
-243.4 196.2 2596.5 0.5062904954 -0.8019917011 -0.3169846535 -0.0771722794 0.3239662647 -0.9429158568 0.8589029908 0.5018517375 0.1021295115
-351.4 212.6 2413.3 -0.5449478030 -0.8019917011 -0.2446245998 -0.7408794165 0.3239662647 0.5883396864 -0.3925934136 0.5018517375 -0.7707238197
14.7 204.1 2685.9 0.2799802423 0.6058117747 0.7447168231 -0.9595941901 0.1993188411 0.1986227781 -0.0281080753 -0.7702363729 0.6371387839
85.9 -40.1 2678.7 -0.2409918904 0.6058117747 0.7582315207 -0.8766583204 0.1993188411 -0.4378837347 -0.4164049327 -0.7702363729 0.4830557108
-198.7 -188.2 2647.0 0.9642614722 0.0420744494 0.2615903616 -0.0429364331 0.9990748763 -0.0024220182 -0.2614502609 -0.0088962987 0.9651759267
-215.1 -575.9 2650.4 0.9625481367 -0.0607313924 0.2642211616 0.0401628576 0.9957758188 0.0825678334 -0.2681195140 -0.0688636303 0.9609212875
-29.7 -183.2 2706.3 0.9957159758 0.0905515179 0.0187113322 -0.0875319690 0.9883086085 -0.1248369366 -0.0297967438 0.1226642951 0.9920008183
-64.9 -566.9 2658.7 0.9958749413 -0.0853617713 0.0307655595 0.0850994438 0.9963248372 0.0097396914 -0.0314838886 -0.0070813820 0.9994791746
-214.1 399.2 2512.2 0 0 0 0 0 0 0 0 0
22.7 -270.1 2569.5 0 0 0 0 0 0 0 0 0
-199.8 -826.4 2667.8 0 0 0 0 0 0 0 0 0
-41.2 -843.9 2660.6 0 0 0 0 0 0 0 0 0
-142.3 434.1 2689.2 04 0.9430955648 -0.1161959767 -0.3115593195 0.0460921228 0.9735950828 -0.2235803753 0.3293117583 0.1964972317 0.9235489368
-114.4 200.8 2642.2 0.9430955648 -0.1161959767 -0.3115593195 0.0460921228 0.9735950828 -0.2235803753 0.3293117583 0.1964972317 0.9235489368
-114.7 7.5 2660.4 0.9440529346 0.0014921669 -0.3297906220 0.0296573192 0.9955540895 0.0894009992 0.3284578025 -0.0941799805 0.9398114681
-243.4 196.7 2597.3 0.5124221444 -0.7980650067 -0.3170422316 -0.0744621307 0.3265130222 -0.9422550797 0.8554992676 0.5064399838 0.1078868657
-352.6 212.6 2415.0 -0.5516350865 -0.7980650067 -0.2424684763 -0.7340835929 0.3265130222 0.5954078436 -0.3960050642 0.5064399838 -0.7659624815
14.6 204.8 2687.0 0.2779709399 0.5968242288 0.7526838779 -0.9599078894 0.2020966411 0.1942519695 -0.0361805968 -0.7765035629 0.6290732622
85.7 -40.7 2677.8 -0.2363397032 0.5968242288 0.7667753100 -0.8805477619 0.2020966411 -0.4287104309 -0.4108274877 -0.7765035629 0.4777687788
-199.7 -189.0 2648.5 0.9649611712 0.0338547342 0.2601995468 -0.0337061435 0.9994190931 -0.0050344053 -0.2602188289 -0.0039123171 0.9655417204
-212.9 -576.9 2650.0 0.9635694623 -0.0528455675 0.2621854842 0.0316410959 0.9959251285 0.0844510347 -0.2655799687 -0.0730786026 0.9613151550
-30.5 -183.7 2707.1 0.9963092804 0.0841184482 0.0170864053 -0.0812316164 0.9883151650 -0.1289752126 -0.0277359486 0.1271112412 0.9915006161
-63.1 -567.4 2657.7 0.9965558052 -0.0779116899 0.0283945315 0.0777440295 0.9969490170 0.0069633173 -0.0288504250 -0.0047318288 0.9995725155
-213.7 397.5 2514.7 0 0 0 0 0 0 0 0 0
23.7 -271.7 2570.0 0 0 0 0 0 0 0 0 0
-199.7 -825.5 2668.2 0 0 0 0 0 0 0 0 0
-41.6 -842.9 2659.0 0 0 0 0 0 0 0 0 0
-139.7 443.1 2683.1 05 0.9440547824 -0.1017062813 -0.3137137890 0.0438259356 0.9815108180 -0.1863218248 0.3268635869 0.1621492207 0.9310573936
-114.6 200.7 2643.1 0.9440547824 -0.1017062813 -0.3137137890 0.0438259356 0.9815108180 -0.1863218248 0.3268635869 0.1621492207 0.9310573936
-114.7 7.4 2661.4 0.9447480440 0.0007248322 -0.3277966082 0.0302537028 0.9955365658 0.0893960521 0.3263983130 -0.0943738073 0.9405093193
-243.7 196.5 2598.5 0.5071691275 -0.8036143184 -0.3114217222 -0.0848512277 0.3130284548 -0.9459457994 0.8576594591 0.5061790347 0.0905707181
-351.7 214.6 2415.7 -0.5448836088 -0.8036143184 -0.2393864989 -0.7290717363 0.3130284548 0.6086604595 -0.4141934812 0.5061790347 -0.7564565539
14.5 204.8 2687.7 0.2701874673 0.6163134575 0.7397002578 -0.9622687101 0.1985602826 0.1860450655 -0.0322130173 -0.7620574236 0.6467076540
84.1 -43.0 2679.4 -0.2298145741 0.6163134575 0.7532217503 -0.8802189827 0.1985602826 -0.4310317934 -0.4152106047 -0.7620574236 0.4968587160
-199.6 -188.4 2649.3 0.9641014934 0.0432333127 0.2619908750 -0.0413197204 0.9990638494 -0.0128112761 -0.2622994781 0.0015259816 0.9649853110
-216.4 -576.2 2648.7 0.9616148472 -0.0704402924 0.2652074993 0.0449861698 0.9938825965 0.1008644700 -0.2706900537 -0.0850621015 0.9589011073
-30.4 -183.1 2708.2 0.9965479970 0.0807838887 0.0191337112 -0.0776046813 0.9883462191 -0.1309551597 -0.0294897985 0.1290182322 0.9912036061
-61.8 -566.8 2658.1 0.9972963333 -0.0666825101 0.0308790896 0.0661882162 0.9976663589 0.0167632047 -0.0319248401 -0.0146740507 0.9993825555
-214.2 398.7 2520.3 0 0 0 0 0 0 0 0 0
23.8 -273.9 2570.4 0 0 0 0 0 0 0 0 0
-198.6 -826.9 2670.2 0 0 0 0 0 0 0 0 0
-43.2 -845.2 2662.2 0 0 0 0 0 0 0 0 0
-139.8 454.3 2678.5 06 0.9436696768 -0.0981050059 -0.3160110712 0.0486615933 0.9857987165 -0.1607263833 0.3272913694 0.1362950057 0.9350422621
-114.5 200.7 2643.5 0.9436696768 -0.0981050059 -0.3160110712 0.0486615933 0.9857987165 -0.1607263833 0.3272913694 0.1362950057 0.9350422621
-114.6 7.5 2662.5 0.9444941878 0.0002129973 -0.3285279870 0.0319754630 0.9951924086 0.0925723612 0.3269682825 -0.0979388952 0.9399466515
-243.6 196.3 2598.8 0.5084545612 -0.7991301417 -0.3207257092 -0.0882029086 0.3221717179 -0.9425633550 0.8565595150 0.5075395703 0.0933240727
-352.4 215.2 2415.5 -0.5519056320 -0.7991301417 -0.2383089960 -0.7278633714 0.3221717179 0.6053265929 -0.4069583118 0.5075395703 -0.7594659328
14.5 205.0 2688.1 0.2652569711 0.6109579206 0.7459015846 -0.9634693265 0.1976082623 0.1807700098 -0.0369534492 -0.7666038275 0.6410561800
83.2 -44.5 2678.6 -0.2356329709 0.6109579206 0.7557827234 -0.8790667057 0.1976082623 -0.4338117540 -0.4143896401 -0.7666038275 0.4905097485
-199.5 -188.5 2650.5 0.9645141363 0.0428659394 0.2605282366 -0.0370328873 0.9989421964 -0.0272594243 -0.2614211440 0.0166439880 0.9650813341
-216.1 -576.3 2644.0 0.9623469710 -0.0646599084 0.2640216649 0.0318014100 0.9914075732 0.1268847883 -0.2699574232 -0.1137109250 0.9561343193
-30.2 -183.1 2708.9 0.9957579374 0.0902321190 0.0180082694 -0.0870582163 0.9872814417 -0.1330269426 -0.0297825336 0.1308948696 0.9909487963
-65.3 -566.4 2658.1 0.9961056113 -0.0823203921 0.0315741114 0.0817393214 0.9964673519 0.0192747153 -0.0330492705 -0.0166188050 0.9993155599
-213.3 398.6 2518.1 0 0 0 0 0 0 0 0 0
21.4 -275.1 2569.9 0 0 0 0 0 0 0 0 0
-199.6 -829.9 2673.1 0 0 0 0 0 0 0 0 0
-42.4 -842.9 2662.7 0 0 0 0 0 0 0 0 0
-143.0 462.7 2676.3 07 0.9436100721 -0.1087235659 -0.3126966357 0.0645143464 0.9868162274 -0.1484307349 0.3247120380 0.1198873147 0.9381839633
-114.1 200.7 2644.4 0.9436100721 -0.1087235659 -0.3126966357 0.0645143464 0.9868162274 -0.1484307349 0.3247120380 0.1198873147 0.9381839633
-113.1 7.8 2666.0 0.9449610114 -0.0049962685 -0.3271447718 0.0409854054 0.9938149452 0.1032088846 0.3246057034 -0.1109365299 0.9393211603
-243.2 195.1 2600.1 0.5150392652 -0.7963101268 -0.3172140419 -0.0997175425 0.3118974566 -0.9448684454 0.8513465524 0.5182761550 0.0812333599
-352.1 216.1 2420.1 -0.5485137701 -0.7963101268 -0.2549957931 -0.7335287929 0.3118974566 0.6038671136 -0.4013329148 0.5182761550 -0.7551964521
15.0 206.3 2688.8 0.2523421645 0.6338197589 0.7311606407 -0.9669008255 0.1946531832 0.1649634689 -0.0377656408 -0.7485870719 0.6619600654
79.8 -42.0 2679.1 -0.2171096951 0.6338197589 0.7423852682 -0.8841357231 0.1946531832 -0.4247518182 -0.4137237668 -0.7485870719 0.5181216598
-199.2 -188.6 2652.2 0.9643620253 0.0402294546 0.2615100741 -0.0307900328 0.9987213612 -0.0400951169 -0.2627887130 0.0306143034 0.9643675685
-214.9 -576.3 2640.3 0.9626828432 -0.0570974126 0.2645404935 0.0228721928 0.9911588430 0.1306943148 -0.2696639597 -0.1197665483 0.9554775357
-30.0 -182.9 2710.8 0.9961511493 0.0856272727 0.0187324882 -0.0821296498 0.9864824414 -0.1417994946 -0.0306211729 0.1397152245 0.9897181392
-63.2 -565.8 2656.5 0.9968043566 -0.0729131177 0.0326304920 0.0721756890 0.9971212745 0.0232352652 -0.0342307128 -0.0208058860 0.9991973639
-213.9 400.9 2521.2 0 0 0 0 0 0 0 0 0
22.8 -273.9 2570.5 0 0 0 0 0 0 0 0 0
-200.4 -826.3 2670.5 0 0 0 0 0 0 0 0 0
-43.1 -841.3 2662.3 0 0 0 0 0 0 0 0 0
-146.3 472.3 2686.1 08 0.9446326494 -0.1179462820 -0.3061990738 0.0653131679 0.9820776582 -0.1767982394 0.3215639889 0.1470105648 0.9354060888
-113.7 200.3 2645.4 0.9446326494 -0.1179462820 -0.3061990738 0.0653131679 0.9820776582 -0.1767982394 0.3215639889 0.1470105648 0.9354060888
-112.7 7.5 2668.0 0.9460484385 -0.0051904819 -0.3239835799 0.0426014178 0.9931846857 0.1084866598 0.3212124407 -0.1164358035 0.9398219585
-242.9 194.5 2601.5 0.5076276660 -0.8039245605 -0.3098701537 -0.1069380045 0.2980835438 -0.9485306740 0.8549143076 0.5146372914 0.0653453544
-350.8 217.2 2419.8 -0.5410321951 -0.8039245605 -0.2469605505 -0.7258761525 0.2980835438 0.6198790669 -0.4247211218 0.5146372914 -0.7448224425
15.6 206.1 2689.3 0.2403955907 0.6500546336 0.7208598256 -0.9699198008 0.1901544631 0.1519763619 -0.0382817835 -0.7357106805 0.6762132049
76.4 -39.1 2679.6 -0.2026850432 0.6500546336 0.7323576212 -0.8897186518 0.1901544631 -0.4150205255 -0.4090470970 -0.7357106805 0.5398242474
-196.8 -188.8 2658.4 0.9629487395 0.0558896922 0.2638296187 -0.0432830453 0.9976367950 -0.0533611700 -0.2661884725 0.0399647243 0.9630921483
-218.5 -576.0 2642.9 0.9602113962 -0.0731614381 0.2695207894 0.0418727398 0.9918822050 0.1200680807 -0.2761172354 -0.1040051654 0.9554800987
-27.5 -181.5 2716.6 0.9957386851 0.0901310444 0.0195144881 -0.0857306495 0.9826864004 -0.1642487347 -0.0339805335 0.1618758440 0.9862259030
-62.5 -562.9 2653.7 0.9967829585 -0.0714206919 0.0363712385 0.0704816133 0.9971615672 0.0264797453 -0.0381592028 -0.0238310546 0.9989874363
-214.0 400.7 2527.2 0 0 0 0 0 0 0 0 0
23.2 -272.5 2572.3 0 0 0 0 0 0 0 0 0
-199.9 -828.5 2669.4 0 0 0 0 0 0 0 0 0
-42.5 -841.4 2660.4 0 0 0 0 0 0 0 0 0
-148.6 474.8 2690.5 09 0.9451857209 -0.1205145642 -0.3034800887 0.0651597753 0.9803195596 -0.1863538623 0.3199658394 0.1563643217 0.9344367385
-114.8 200.1 2646.7 0.9451857209 -0.1205145642 -0.3034800887 0.0651597753 0.9803195596 -0.1863538623 0.3199658394 0.1563643217 0.9344367385
-114.1 7.2 2668.3 0.9468111992 -0.0038555677 -0.3217664659 0.0393584780 0.9938080907 0.1039056554 0.3193734884 -0.1110432744 0.9411004186
-244.2 194.7 2603.1 0.5129126310 -0.7952095270 -0.3233611584 -0.1006844267 0.3183572888 -0.9426087737 0.8525158167 0.5160334110 0.0832242593
-352.2 215.9 2423.6 -0.5518937111 -0.7952095270 -0.2511077821 -0.7325005531 0.3183572888 0.6017404795 -0.3985677660 0.5160334110 -0.7581908107
14.5 205.4 2690.4 0.2399112731 0.6452874541 0.7252907753 -0.9698033333 0.1930634081 0.1490234733 -0.0438641310 -0.7391418219 0.6721200347
74.9 -38.5 2679.3 -0.2051316649 0.6452874541 0.7358838916 -0.8882167935 0.1930634081 -0.4168902040 -0.4110862613 -0.7391418219 0.5335517526
-196.4 -189.1 2661.8 0.9628827572 0.0483024418 0.2655629516 -0.0323419720 0.9974160194 -0.0641508922 -0.2679753900 0.0531809591 0.9619568586
-215.2 -576.3 2641.2 0.9609864950 -0.0604095012 0.2699177563 0.0288442187 0.9924250245 0.1194178388 -0.2750871181 -0.1069733649 0.9554495215
-26.9 -181.5 2719.4 0.9949924946 0.0974083319 0.0223945230 -0.0926381126 0.9828807116 -0.1592596322 -0.0375243612 0.1563875526 0.9869827032
-64.7 -563.0 2658.7 0.9964873791 -0.0740928948 0.0390275978 0.0735780671 0.9971845150 0.0144683952 -0.0399897210 -0.0115459971 0.9991334081
-213.5 399.9 2523.7 0 0 0 0 0 0 0 0 0
21.0 -271.5 2571.5 0 0 0 0 0 0 0 0 0
-200.1 -823.7 2667.8 0 0 0 0 0 0 0 0 0
-44.0 -841.0 2661.9 0 0 0 0 0 0 0 0 0
-147.3 467.0 2682.8 10 0.9448152184 -0.1207753047 -0.3045283556 0.0740186423 0.9842247963 -0.1606947780 0.3191322982 0.1292860955 0.9388501644
-114.6 200.4 2647.7 0.9448152184 -0.1207753047 -0.3045283556 0.0740186423 0.9842247963 -0.1606947780 0.3191322982 0.1292860955 0.9388501644
-114.4 7.4 2669.2 0.9471308589 -0.0008382400 -0.3208464682 0.0363547541 0.9938368201 0.1047218516 0.3187812567 -0.1108495891 0.9413239956
-244.0 195.4 2604.2 0.5309457779 -0.7821448445 -0.3261074424 -0.0686237663 0.3438811600 -0.9365022779 0.8446226120 0.5196106434 0.1289085150
-355.7 209.8 2426.4 -0.5592277646 -0.7821448445 -0.2747976780 -0.7551856637 0.3438811600 0.5580684543 -0.3419926167 0.5196106434 -0.7829724550
14.8 205.3 2691.3 0.2262731493 0.6678254604 0.7090906501 -0.9730926752 0.1874799877 0.1339473724 -0.0434868336 -0.7203196287 0.6922777891
72.0 -40.3 2680.3 -0.1964541823 0.6678254604 0.7179239988 -0.8890429735 0.1874799877 -0.4176766872 -0.4135315120 -0.7203196287 0.5568943620
-198.2 -189.3 2661.2 0.9624205828 0.0488357507 0.2671361566 -0.0390084721 0.9983568788 -0.0419746675 -0.2687470913 0.0299767088 0.9627441764
-217.1 -576.7 2649.6 0.9598884583 -0.0709098727 0.2712672949 0.0475062653 0.9946346283 0.0918971896 -0.2763282657 -0.0753241554 0.9581069946
-28.5 -182.2 2718.4 0.9957260489 0.0895600095 0.0225526877 -0.0848618895 0.9835881591 -0.1592257768 -0.0364428200 0.1566313952 0.9869845510
-63.3 -564.1 2657.6 0.9965394139 -0.0740704983 0.0377191044 0.0736089051 0.9971960187 0.0134845879 -0.0386121534 -0.0106614614 0.9991974235
-216.5 397.8 2511.5 0 0 0 0 0 0 0 0 0
20.4 -273.5 2571.8 0 0 0 0 0 0 0 0 0
-199.5 -823.5 2668.3 0 0 0 0 0 0 0 0 0
-42.8 -840.0 2660.6 0 0 0 0 0 0 0 0 0
-146.5 466.7 2679.4 11 0.9456958175 -0.1148111448 -0.3041015863 0.0753019825 0.9874759316 -0.1386394352 0.3162103593 0.1082112864 0.9424973726
-115.4 199.7 2650.1 0.9456958175 -0.1148111448 -0.3041015863 0.0753019825 0.9874759316 -0.1386394352 0.3162103593 0.1082112864 0.9424973726
-114.4 6.5 2669.2 0.9480555058 -0.0052982932 -0.3180608451 0.0363521799 0.9951155782 0.0917795151 0.3160210252 -0.0985742807 0.9436174035
-245.0 194.7 2606.9 0.5193772316 -0.7877438664 -0.3312202990 -0.0608599298 0.3525161147 -0.9338246584 0.8523751497 0.5051652789 0.1351468116
-356.2 207.7 2424.3 -0.5620784163 -0.7877438664 -0.2520464957 -0.7468780875 0.3525161147 0.5638310909 -0.3553040326 0.5051652789 -0.7864903212
14.1 204.6 2693.3 0.2226851583 0.6687424779 0.7093622684 -0.9736847878 0.1887419224 0.1277279854 -0.0484692790 -0.7191383839 0.6931743622
70.4 -41.3 2681.0 -0.1853346080 0.6687424779 0.7200240493 -0.8943899274 0.1887419224 -0.4055158496 -0.4070843756 -0.7191383839 0.5631361008
-199.1 -188.7 2662.2 0.9612751603 0.0482278503 0.2713375986 -0.0397469178 0.9985367060 -0.0366685353 -0.2727089822 0.0244637225 0.9617854953
-217.8 -576.3 2652.7 0.9585434794 -0.0742956921 0.2750900388 0.0545397811 0.9953979850 0.0787924975 -0.2796780169 -0.0605226830 0.9581843019
-29.4 -182.2 2719.3 0.9958882332 0.0862425268 0.0277274493 -0.0808201730 0.9841077924 -0.1581136137 -0.0409229174 0.1552225649 0.9870315194
-62.9 -564.3 2659.1 0.9961770773 -0.0768603086 0.0415178686 0.0766894817 0.9970387816 0.0056939735 -0.0418325663 -0.0024882220 0.9991215467
-215.9 394.2 2513.1 0 0 0 0 0 0 0 0 0
21.7 -275.9 2574.2 0 0 0 0 0 0 0 0 0
-199.3 -824.8 2667.8 0 0 0 0 0 0 0 0 0
-41.7 -838.9 2659.8 0 0 0 0 0 0 0 0 0
-140.6 459.0 2676.7 12 0.9487264156 -0.0989941806 -0.3001971841 0.0631917790 0.9899220467 -0.1267327368 0.3097176254 0.1012647003 0.9454208016
-114.7 200.2 2650.2 0.9487264156 -0.0989941806 -0.3001971841 0.0631917790 0.9899220467 -0.1267327368 0.3097176254 0.1012647003 0.9454208016
-114.4 7.1 2670.5 0.9502013326 -0.0015798430 -0.3116326928 0.0340899266 0.9945130944 0.0989020690 0.3097665310 -0.1046004146 0.9450414777
-244.5 195.5 2607.9 0.5245073438 -0.7872242332 -0.3242992759 -0.0517576449 0.3507124782 -0.9350517988 0.8498312831 0.5072265267 0.1432063878
-356.9 206.6 2425.8 -0.5563458800 -0.7872242332 -0.2660023272 -0.7587202787 0.3507124782 0.5489483476 -0.3388551176 0.5072265267 -0.7924004793
15.1 204.8 2692.5 0.2287890017 0.6564239860 0.7188623548 -0.9723628163 0.1894033253 0.1365171224 -0.0465418138 -0.7302286625 0.6816157103
72.5 -39.0 2680.8 -0.1901081651 0.6564239860 0.7300454974 -0.8951985240 0.1894033253 -0.4034179151 -0.4030862451 -0.7302286625 0.5516226888
-198.3 -189.9 2660.0 0.9594703913 0.0476998836 0.2777431309 -0.0429176800 0.9988074303 -0.0232760198 -0.2785221636 0.0104125617 0.9603733420
-216.8 -577.6 2656.0 0.9573383331 -0.0667874515 0.2811455131 0.0465750620 0.9958665371 0.0779784545 -0.2851913869 -0.0615573898 0.9564917684
-28.4 -183.4 2716.7 0.9952723384 0.0912599191 0.0332357138 -0.0851548985 0.9845091105 -0.1532660723 -0.0467079096 0.1497112960 0.9876258969
-63.9 -565.6 2658.6 0.9957329035 -0.0789778754 0.0477333777 0.0785854682 0.9968567491 0.0100452174 -0.0483766906 -0.0062512034 0.9988095760
-218.4 395.4 2510.1 0 0 0 0 0 0 0 0 0
22.7 -273.9 2575.1 0 0 0 0 0 0 0 0 0
-200.1 -827.5 2671.4 0 0 0 0 0 0 0 0 0
-42.1 -840.3 2660.3 0 0 0 0 0 0 0 0 0
-139.6 450.7 2675.3 13 0.9495509863 -0.1006737202 -0.2970146835 0.0665188059 0.9901793599 -0.1229637712 0.3064770103 0.0970033109 0.9469224811
-114.2 200.8 2650.8 0.9495509863 -0.1006737202 -0.2970146835 0.0665188059 0.9901793599 -0.1229637712 0.3064770103 0.0970033109 0.9469224811
-114.3 7.8 2671.7 0.9512599111 0.0003939047 -0.3083899915 0.0327009633 0.9942324758 0.1021393389 0.3066515625 -0.1072457060 0.9457606077
-244.2 196.3 2608.9 0.5343942642 -0.7841191888 -0.3155628145 -0.0478816107 0.3446597457 -0.9375057220 0.8438780308 0.5161073208 0.1466393024
-358.3 206.5 2428.7 -0.5543700457 -0.7841191888 -0.2789820731 -0.7628200650 0.3446597457 0.5470970869 -0.3328354061 0.5161073208 -0.7892108560
15.7 205.2 2692.7 0.2285407782 0.6489879489 0.7256609201 -0.9723247290 0.1893087476 0.1369189769 -0.0485151932 -0.7368696332 0.6742917895
73.1 -38.8 2680.6 -0.1921260804 0.6489879489 0.7361400723 -0.8963747621 0.1893087476 -0.4008422494 -0.3994995654 -0.7368696332 0.5453652740
-199.2 -189.0 2663.1 0.9585077167 0.0511902422 0.2804327309 -0.0452669933 0.9985945821 -0.0275628902 -0.2814495862 0.0137248961 0.9594778419
-219.1 -576.6 2657.7 0.9557163119 -0.0768337995 0.2840825915 0.0593333691 0.9958007336 0.0697166473 -0.2882462442 -0.0497737601 0.9562618136
-28.9 -182.8 2718.6 0.9955739975 0.0869918913 0.0355650783 -0.0804622769 0.9845161438 -0.1557361931 -0.0485621803 0.1521852612 0.9871582389
-62.7 -565.1 2659.5 0.9960556030 -0.0734384283 0.0497994460 0.0728546306 0.9972519875 0.0134410542 -0.0506496876 -0.0097599179 0.9986687899
-220.4 396.3 2511.5 0 0 0 0 0 0 0 0 0
22.7 -274.0 2575.7 0 0 0 0 0 0 0 0 0
-199.5 -830.5 2670.4 0 0 0 0 0 0 0 0 0
-42.3 -841.9 2662.2 0 0 0 0 0 0 0 0 0
-138.4 452.5 2685.6 14 0.9512758255 -0.0941636115 -0.2936111391 0.0495193377 0.9865232110 -0.1559478939 0.3043388426 0.1338100284 0.9431186318
-114.4 200.6 2651.5 0.9512758255 -0.0941636115 -0.2936111391 0.0495193377 0.9865232110 -0.1559478939 0.3043388426 0.1338100284 0.9431186318
-114.6 7.6 2672.2 0.9521092176 0.0008151620 -0.3057571054 0.0318355747 0.9942969084 0.1017848998 0.3040963113 -0.1066442952 0.9466532469
-244.5 196.3 2609.9 0.5430461168 -0.7733235955 -0.3272178471 -0.0481921062 0.3603379130 -0.9315761328 0.8383188248 0.5216581225 0.1584120244
-359.9 206.5 2431.8 -0.5590707064 -0.7733235955 -0.2990159988 -0.7756127715 0.3603379130 0.5182484388 -0.2930269241 0.5216581225 -0.8012540340
15.7 205.0 2693.0 0.2174944282 0.6628501415 0.7164676189 -0.9747471213 0.1855847090 0.1242027059 -0.0506376550 -0.7253881693 0.6864749193
70.6 -41.3 2680.2 -0.1854286045 0.6628501415 0.7254281044 -0.8979305029 0.1855847090 -0.3990979493 -0.3991705179 -0.7253881693 0.5607806444
-199.6 -188.1 2665.0 0.9579620361 0.0520299748 0.2821376920 -0.0409436300 0.9981452227 -0.0450525731 -0.2839584649 0.0316069089 0.9583154917
-219.8 -575.6 2652.7 0.9548485875 -0.0780481175 0.2866577804 0.0523199178 0.9939712882 0.0963517874 -0.2924496830 -0.0770034567 0.9531755447
-29.2 -182.3 2719.9 0.9950784445 0.0911681652 0.0388231650 -0.0844688192 0.9852710366 -0.1486807466 -0.0518062934 0.1446696520 0.9881228805
-64.5 -564.8 2663.8 0.9952352643 -0.0825462490 0.0518929996 0.0827181637 0.9965723157 -0.0011702434 -0.0516185276 0.0054571610 0.9986519814
-221.1 399.1 2504.5 0 0 0 0 0 0 0 0 0
22.0 -276.9 2575.5 0 0 0 0 0 0 0 0 0
-199.7 -831.8 2672.6 0 0 0 0 0 0 0 0 0
-41.5 -843.5 2662.3 0 0 0 0 0 0 0 0 0
-140.7 460.1 2690.3 15 0.9526869655 -0.0995778367 -0.2871790528 0.0523887351 0.9844681025 -0.1675649285 0.2994043827 0.1445919722 0.9431066513
-114.5 200.4 2652.2 0.9526869655 -0.0995778367 -0.2871790528 0.0523887351 0.9844681025 -0.1675649285 0.2994043827 0.1445919722 0.9431066513
-116.1 7.4 2673.0 0.9539911151 0.0085980799 -0.2997115850 0.0240257662 0.9941824079 0.1049956977 0.2988707423 -0.1073657647 0.9482346177
-244.8 197.1 2611.3 0.5416946411 -0.7724363208 -0.3315254152 -0.0452208929 0.3670522571 -0.9291004539 0.8393580914 0.5182806253 0.1638999730
-361.8 206.8 2430.0 -0.5681228638 -0.7724363208 -0.2838636041 -0.7641099691 0.3670522571 0.5304796100 -0.3055689335 0.5182806253 -0.7987570763
15.9 203.6 2693.0 0.2137391567 0.6546667218 0.7250703573 -0.9755648375 0.1817017943 0.1235221922 -0.0508807264 -0.7337546945 0.6775066257
69.7 -42.2 2680.2 -0.1946549267 0.6546667218 0.7304251790 -0.8974231482 0.1817017943 -0.4020151198 -0.3959054947 -0.7337546945 0.5521439314
-200.0 -188.2 2665.6 0.9560328722 0.0575570501 0.2875557840 -0.0489365868 0.9981132746 -0.0370831341 -0.2891476452 0.0213806946 0.9570457339
-222.4 -575.7 2657.3 0.9524508715 -0.0862766653 0.2922219932 0.0667688623 0.9948618412 0.0761041418 -0.2972865105 -0.0529741272 0.9533176422
-29.4 -182.5 2720.1 0.9942548275 0.0977303609 0.0436595380 -0.0906847268 0.9857791662 -0.1414770037 -0.0568652600 0.1367049366 0.9889783263
-67.4 -565.2 2667.1 0.9938772321 -0.0953999981 0.0557393506 0.0963660255 0.9952343702 -0.0149023067 -0.0540520400 0.0201824438 0.9983341098
-219.1 398.7 2506.7 0 0 0 0 0 0 0 0 0
18.7 -277.7 2576.3 0 0 0 0 0 0 0 0 0
-200.6 -826.7 2670.7 0 0 0 0 0 0 0 0 0
-40.6 -844.0 2661.4 0 0 0 0 0 0 0 0 0
-139.8 460.0 2692.1 16 0.9536101222 -0.0962756872 -0.2852344811 0.0484351255 0.9842063189 -0.1702701300 0.2971224487 0.1485559493 0.9432122707
-114.4 199.9 2652.9 0.9536101222 -0.0962756872 -0.2852344811 0.0484351255 0.9842063189 -0.1702701300 0.2971224487 0.1485559493 0.9432122707
-117.5 6.9 2672.6 0.9549704194 0.0160651486 -0.2962657511 0.0148750860 0.9946849942 0.1018849760 0.2963278890 -0.1017041132 0.9496557713
-244.8 197.9 2612.4 0.5394106507 -0.7760297656 -0.3268241286 -0.0443242602 0.3614262938 -0.9313465357 0.8408754468 0.5168644786 0.1605602503
-361.4 207.5 2430.7 -0.5604377985 -0.7760297656 -0.2892875969 -0.7710652947 0.3614262938 0.5242416263 -0.3022709489 0.5168644786 -0.8009265661
16.1 202.0 2693.4 0.2121443897 0.6506773829 0.7291184664 -0.9758799076 0.1803823113 0.1229659691 -0.0515089035 -0.7376185656 0.6732500792
69.5 -43.6 2680.4 -0.2072487026 0.6506773829 0.7305251360 -0.8923119307 0.1803823113 -0.4138135314 -0.4010328948 -0.7376185656 0.5432232022
-203.3 -187.8 2667.1 0.9558511376 0.0461542495 0.2902041078 -0.0362829082 0.9985682368 -0.0393071808 -0.2916027904 0.0270423628 0.9561571479
-221.2 -575.4 2656.6 0.9526171684 -0.0796786025 0.2935504913 0.0607669689 0.9954785705 0.0730050951 -0.2980401814 -0.0517077334 0.9531518221
-32.3 -183.5 2720.6 0.9952400327 0.0860685855 0.0457105488 -0.0787477195 0.9865737557 -0.1430768967 -0.0574112535 0.1387962550 0.9886554480
-65.7 -566.5 2666.7 0.9937494397 -0.0962904692 0.0564821735 0.0972220153 0.9951645732 -0.0139771337 -0.0548631921 0.0193810798 0.9983057380
-220.9 400.8 2506.5 0 0 0 0 0 0 0 0 0
15.1 -277.7 2575.2 0 0 0 0 0 0 0 0 0
-201.3 -824.0 2669.5 0 0 0 0 0 0 0 0 0
-38.8 -844.9 2661.3 0 0 0 0 0 0 0 0 0
-142.6 461.0 2684.1 17 0.9544067979 -0.1079324856 -0.2783131897 0.0703439489 0.9874073267 -0.1416985989 0.2901023626 0.1156604514 0.9499806762
-114.1 200.5 2653.5 0.9544067979 -0.1079324856 -0.2783131897 0.0703439489 0.9874073267 -0.1416985989 0.2901023626 0.1156604514 0.9499806762
-117.7 7.4 2673.1 0.9570578933 0.0183386672 -0.2893162668 0.0116921142 0.9947432876 0.1017305255 0.2896610200 -0.1007447243 0.9518125057
-244.9 198.9 2614.0 0.5419942737 -0.7759434581 -0.3227288723 -0.0403711572 0.3595425189 -0.9322549701 0.8394119143 0.5183057785 0.1635442376
-361.6 207.6 2433.2 -0.5633383393 -0.7759434581 -0.2838338017 -0.7646808028 0.3595425189 0.5347825885 -0.3129107654 0.5183057785 -0.7958931923
16.6 202.1 2693.1 0.2088993639 0.6401683092 0.7392871976 -0.9764750600 0.1778659672 0.1219023690 -0.0534560010 -0.7473608255 0.6622644663
69.5 -45.4 2679.6 -0.2206861675 0.6401683092 0.7358546853 -0.8892485499 0.1778659672 -0.4214269519 -0.4006676972 -0.7473608255 0.5300161839
-206.2 -187.5 2665.8 0.9544972777 0.0319233797 0.2965061069 -0.0186697170 0.9987003207 -0.0474246517 -0.2976346910 0.0397310145 0.9538527131
-218.6 -575.2 2650.4 0.9522322416 -0.0664739385 0.2980520129 0.0402819887 0.9948340058 0.0931808054 -0.3027063906 -0.0767236352 0.9499906898
-35.1 -184.9 2718.9 0.9950128198 0.0835777819 0.0544450358 -0.0766656026 0.9899784923 -0.1185958087 -0.0638113916 0.1138302907 0.9914488196
-67.5 -569.1 2674.7 0.9933141470 -0.0983722731 0.0604142398 0.1012094915 0.9938083291 -0.0458441861 -0.0555303767 0.0516521707 0.9971200824
-220.6 398.9 2511.5 0 0 0 0 0 0 0 0 0
11.7 -278.6 2574.5 0 0 0 0 0 0 0 0 0
-201.9 -824.6 2669.6 0 0 0 0 0 0 0 0 0
-40.2 -844.6 2660.4 0 0 0 0 0 0 0 0 0
-143.5 447.9 2678.5 18 0.9541543722 -0.1169693843 -0.2755132914 0.0846948102 0.9883700013 -0.1262992173 0.2870822251 0.0971744135 0.9529643059
-114.2 200.8 2654.2 0.9541543722 -0.1169693843 -0.2755132914 0.0846948102 0.9883700013 -0.1262992173 0.2870822251 0.0971744135 0.9529643059
-118.3 7.7 2673.8 0.9578177929 0.0207960736 -0.2866227627 0.0091577368 0.9946628809 0.1027710661 0.2872302532 -0.1010607705 0.9525153637
-245.1 199.6 2615.0 0.5422099829 -0.7803033590 -0.3116648197 -0.0454416648 0.3431476653 -0.9381816387 0.8390133381 0.5228540301 0.1505998075
-361.6 209.3 2434.6 -0.5535836220 -0.7803033590 -0.2909842432 -0.7679595351 0.3431476653 0.5408214331 -0.3221542239 0.5228540301 -0.7892023325
16.6 202.1 2693.5 0.2083106488 0.6332167983 0.7454147339 -0.9764290452 0.1786709130 0.1210911497 -0.0565069802 -0.7530691624 0.6555103660
69.5 -45.7 2679.1 -0.2220458835 0.6332167983 0.7414392233 -0.8901516795 0.1786709130 -0.4191738665 -0.3979015648 -0.7530691624 0.5239858627
-207.0 -186.8 2666.7 0.9540123940 0.0243404582 0.2987772524 -0.0102794534 0.9987681508 -0.0485436842 -0.2995907962 0.0432400107 0.9530874491
-216.5 -574.5 2649.9 0.9522453547 -0.0617158525 0.2990316451 0.0322161205 0.9942010045 0.1025988683 -0.3036295176 -0.0880656615 0.9487115145
-35.5 -184.7 2718.6 0.9951303005 0.0800899938 0.0574571192 -0.0735086501 0.9913510680 -0.1087178960 -0.0656673908 0.1039648727 0.9924107790
-66.6 -569.5 2678.3 0.9939186573 -0.0914453268 0.0613471642 0.0951001868 0.9936841130 -0.0595640391 -0.0555128455 0.0650359318 0.9963375926
-222.5 402.3 2515.6 0 0 0 0 0 0 0 0 0
11.2 -279.2 2574.7 0 0 0 0 0 0 0 0 0
-200.9 -824.4 2672.1 0 0 0 0 0 0 0 0 0
-41.2 -845.1 2660.2 0 0 0 0 0 0 0 0 0
-146.7 440.2 2686.2 19 0.9532383084 -0.1309346855 -0.2723835707 0.0896074101 0.9831985831 -0.1590315551 0.2886298895 0.1271873862 0.9489552975
-114.9 201.3 2655.3 0.9532383084 -0.1309346855 -0.2723835707 0.0896074101 0.9831985831 -0.1590315551 0.2886298895 0.1271873862 0.9489552975
-119.1 8.2 2674.4 0.9577741027 0.0213500950 -0.2867279947 0.0077298447 0.9949667454 0.0999068096 0.2874178588 -0.0979045182 0.9527883530
-245.8 200.3 2616.1 0.5393500924 -0.7855187654 -0.3034166694 -0.0474328883 0.3314054310 -0.9422953725 0.8407446742 0.5226190686 0.1414841264
-360.2 210.3 2437.8 -0.5427163839 -0.7855187654 -0.2973535657 -0.7747159004 0.3314054310 0.5385031700 -0.3244597912 0.5226190686 -0.7884130478
15.9 202.4 2694.6 0.2105483115 0.6284992695 0.7487710118 -0.9755933881 0.1839364320 0.1199373677 -0.0623457171 -0.7557486296 0.6518872380
69.4 -45.6 2678.8 -0.2200062126 0.6284992695 0.7460468411 -0.8899180889 0.1839364320 -0.4173885584 -0.3995535970 -0.7557486296 0.5188457370
-208.1 -186.2 2667.7 0.9536799788 0.0336085632 0.2989397645 -0.0227335505 0.9989497066 -0.0397830419 -0.2999628484 0.0311443266 0.9534423351
-221.2 -573.9 2655.6 0.9505482912 -0.0772916079 0.3008055389 0.0546995886 0.9950615168 0.0828285962 -0.3057219684 -0.0622786395 0.9500818253
-36.5 -184.5 2719.2 0.9953123331 0.0779013932 0.0573124625 -0.0712014735 0.9912806749 -0.1108736470 -0.0654499531 0.1062731743 0.9921805859
-66.7 -569.3 2677.9 0.9936569929 -0.0941926092 0.0614293106 0.0977240875 0.9935646057 -0.0572654456 -0.0556400083 0.0629053339 0.9964672923
-223.6 405.3 2519.4 0 0 0 0 0 0 0 0 0
11.7 -279.0 2573.9 0 0 0 0 0 0 0 0 0
-202.1 -819.8 2671.0 0 0 0 0 0 0 0 0 0
-40.3 -847.9 2660.3 0 0 0 0 0 0 0 0 0
-150.4 434.9 2690.1 20 0.9539029002 -0.1459236592 -0.2622509599 0.1007566750 0.9788296819 -0.1781588346 0.2826966047 0.1435226947 0.9484112263
-115.6 201.5 2655.9 0.9539029002 -0.1459236592 -0.2622509599 0.1007566750 0.9788296819 -0.1781588346 0.2826966047 0.1435226947 0.9484112263
-119.6 8.2 2673.4 0.9599519968 0.0206690561 -0.2794010937 0.0053967102 0.9957256913 0.0922018364 0.2801125944 -0.0900171846 0.9557373524
-246.7 200.7 2617.6 0.5484040976 -0.7768353820 -0.3094830215 -0.0460270010 0.3414974809 -0.9387550354 0.8349457979 0.5290616751 0.1515232325
-361.3 210.3 2443.2 -0.5483521819 -0.7768353820 -0.3095750511 -0.7799099088 0.3414974809 0.5245188475 -0.3017456830 0.5290616751 -0.7931224704
15.6 202.2 2694.1 0.2051550746 0.6563975215 0.7259846330 -0.9773279428 0.1770750582 0.1160797998 -0.0523592755 -0.7333394289 0.6778435111
67.3 -44.5 2680.9 -0.2061030269 0.6563975215 0.7257160544 -0.8929937482 0.1770750582 -0.4137711227 -0.4001045823 -0.7333394289 0.5496632457
-209.0 -185.6 2667.6 0.9508871436 0.0411347151 0.3067924380 -0.0325947255 0.9989266396 -0.0329103805 -0.3078168929 0.0212942436 0.9512072802
-225.0 -573.4 2659.3 0.9461311698 -0.0955118090 0.3093756139 0.0782084092 0.9946228862 0.0678877607 -0.3141961396 -0.0400349498 0.9485135674
-37.4 -184.3 2719.1 0.9949373007 0.0756063387 0.0662079677 -0.0686042830 0.9923843145 -0.1023077220 -0.0734388605 0.0972476155 0.9925470352
-66.8 -569.5 2681.4 0.9931977987 -0.0936330929 0.0692171827 0.0979603156 0.9932563901 -0.0620120727 -0.0629440248 0.0683707893 0.9956724048
-223.4 406.4 2519.1 0 0 0 0 0 0 0 0 0
13.3 -278.7 2576.0 0 0 0 0 0 0 0 0 0
-201.3 -820.3 2669.3 0 0 0 0 0 0 0 0 0
-40.4 -848.7 2662.1 0 0 0 0 0 0 0 0 0
-153.4 432.1 2691.0 21 0.9551320076 -0.1657812297 -0.2454371750 0.1224273741 0.9755525589 -0.1825069487 0.2696930766 0.1442700028 0.9520776272
-114.3 202.2 2657.0 0.9551320076 -0.1657812297 -0.2454371750 0.1224273741 0.9755525589 -0.1825069487 0.2696930766 0.1442700028 0.9520776272
-119.8 9.0 2674.0 0.9639530778 0.0282293539 -0.2645706236 -0.0039916248 0.9957782030 0.0917049497 0.2660424411 -0.0873432010 0.9599961638
-246.0 202.8 2620.7 0.5394532084 -0.7825038433 -0.3109308481 -0.0734967366 0.3241012394 -0.9431630969 0.8388018012 0.5316447616 0.1173259690
-358.4 218.1 2445.9 -0.5408673882 -0.7825038433 -0.3084643483 -0.7768186331 0.3241012394 0.5399178267 -0.3225140572 0.5316447616 -0.7831593156
17.4 201.7 2693.4 0.1939070970 0.6762109399 0.7107312083 -0.9795130491 0.1735931188 0.1020765305 -0.0543527752 -0.7159638405 0.6960183382
66.1 -44.1 2679.7 -0.1994042546 0.6762109399 0.7092085481 -0.8924375772 0.1735931188 -0.4164380133 -0.4047136605 -0.7159638405 0.5688608289
-209.6 -185.6 2665.7 0.9464637041 0.0369912200 0.3206837773 -0.0285207070 0.9991101623 -0.0310726259 -0.3215478361 0.0202629864 0.9466764927
-224.0 -573.5 2657.9 0.9416153431 -0.0957140550 0.3227992058 0.0752243698 0.9943123460 0.0753943473 -0.3281795382 -0.0467101112 0.9434598088
-37.6 -184.6 2715.9 0.9940446615 0.0740492791 0.0799492151 -0.0655617043 0.9924122095 -0.1040178612 -0.0870450214 0.0981567949 0.9913568497
-66.4 -569.9 2677.8 0.9922553301 -0.0920679793 0.0833835527 0.0969608575 0.9936742187 -0.0566580258 -0.0776396990 0.0643041655 0.9949055314
-221.4 414.9 2527.6 0 0 0 0 0 0 0 0 0
13.7 -278.2 2573.6 0 0 0 0 0 0 0 0 0
-199.9 -823.8 2669.6 0 0 0 0 0 0 0 0 0
-40.6 -847.6 2659.8 0 0 0 0 0 0 0 0 0
-153.7 429.6 2694.0 22 0.9539992213 -0.1687916666 -0.2477799505 0.1221576333 0.9735861421 -0.1928926557 0.2737937868 0.1537512243 0.9494195580
-114.2 201.7 2658.0 0.9539992213 -0.1687916666 -0.2477799505 0.1221576333 0.9735861421 -0.1928926557 0.2737937868 0.1537512243 0.9494195580
-120.6 8.4 2674.5 0.9630413055 0.0329488628 -0.2673307955 -0.0089344867 0.9958514571 0.0905540660 0.2692054212 -0.0848188475 0.9593405128
-245.7 202.9 2621.2 0.5460184216 -0.7826403379 -0.2988945544 -0.0714292601 0.3119831681 -0.9473987222 0.8347225189 0.5386469960 0.1144451424
-358.1 217.6 2449.5 -0.5366061330 -0.7826403379 -0.3154804409 -0.7767127156 0.3119831681 0.5471597910 -0.3298047483 0.5386469960 -0.7752988338
17.4 200.5 2694.8 0.1929002106 0.6654067636 0.7211264372 -0.9792024493 0.1776314080 0.0980288684 -0.0628656372 -0.7250385284 0.6858330965
65.7 -44.9 2679.0 -0.2008746713 0.6654067636 0.7189458609 -0.8928400278 0.1776314080 -0.4138643742 -0.4030955434 -0.7250385284 0.5584201813
-211.6 -184.0 2667.1 0.9474350810 0.0406213440 0.3173589408 -0.0307354629 0.9988754988 -0.0360973291 -0.3184684217 0.0244456995 0.9476181865
-227.4 -571.8 2657.6 0.9415894747 -0.1051463857 0.3199274242 0.0838446692 0.9932876825 0.0796848014 -0.3261585236 -0.0482061617 0.9440851808
-38.9 -184.7 2714.8 0.9944784045 0.0711035877 0.0771818757 -0.0637539923 0.9935441017 -0.0938378572 -0.0833557993 0.0883990675 0.9925912619
-66.5 -570.4 2680.5 0.9924746752 -0.0935607702 0.0789959803 0.0990072340 0.9927539825 -0.0680964291 -0.0720524192 0.0754051581 0.9945464134
-222.2 414.2 2533.0 0 0 0 0 0 0 0 0 0
13.0 -279.1 2573.3 0 0 0 0 0 0 0 0 0
-201.2 -819.4 2669.7 0 0 0 0 0 0 0 0 0
-40.4 -847.5 2659.4 0 0 0 0 0 0 0 0 0
-153.2 430.0 2694.5 23 0.9558728337 -0.1659527570 -0.2424185872 0.1195479184 0.9734836221 -0.1950332224 0.2683568299 0.1574463248 0.9503658414
-114.2 201.0 2657.4 0.9558728337 -0.1659527570 -0.2424185872 0.1195479184 0.9734836221 -0.1950332224 0.2683568299 0.1574463248 0.9503658414
-120.9 7.6 2673.3 0.9646399021 0.0342743769 -0.2613334060 -0.0115829222 0.9960636497 0.0878805071 0.2633167803 -0.0817460343 0.9612397552
-246.0 202.6 2621.5 0.5446876884 -0.7857531905 -0.2930994034 -0.0710625798 0.3049933016 -0.9496995211 0.8356227875 0.5381180644 0.1102884486
-358.4 217.3 2449.0 -0.5341369510 -0.7857531905 -0.3119129539 -0.7732824087 0.3049933016 0.5558897853 -0.3416607976 0.5381180644 -0.7705172896
17.6 199.4 2693.4 0.1838895679 0.6620636582 0.7265372276 -0.9805719256 0.1749104261 0.0887980685 -0.0682889596 -0.7287510037 0.6813652515
