-106.1 426.0 2656.1 5 0.9495837092 -0.0193808414 -0.3129139245 0.0323977023 0.9988101125 0.0364526808 0.3118350804 -0.0447525643 0.9490817189
-102.2 223.7 2665.2 0.9495837092 -0.0193808414 -0.3129139245 0.0323977023 0.9988101125 0.0364526808 0.3118350804 -0.0447525643 0.9490817189
-103.3 29.6 2667.0 0.9498164654 0.0061577419 -0.3127470911 -0.0027819392 0.9999329448 0.0112391049 0.3127953410 -0.0098050432 0.9497699142
-231.9 224.1 2622.5 0.3650320470 -0.7866789699 -0.4978833199 0.1897001565 0.5864163041 -0.7874831557 0.9114633799 0.1930080503 0.3632938862
-316.4 180.1 2411.4 -0.6164996624 -0.7866789699 0.0326247960 -0.7296804190 0.5864163041 0.3516850770 -0.2957949638 0.1930080503 -0.9355496764
27.5 223.3 2707.9 0.2504666746 0.6812676787 0.6878523231 -0.9653714895 0.2293021828 0.1244122237 -0.0729680061 -0.6951941252 0.7151089311
91.9 -25.3 2689.1 -0.1573847830 0.6812676787 0.7149156928 -0.8815855980 0.2293021828 -0.4125861824 -0.4450133443 -0.6951941252 0.5645070672
-188.9 -166.5 2633.9 0.9629044533 0.0384959653 0.2670825720 -0.0334996842 0.9991685152 -0.0232398659 -0.2677551210 0.0134305879 0.9633933902
-203.9 -554.4 2628.7 0.9624253511 -0.0313044079 0.2697359622 -0.0091373147 0.9890369177 0.1473855972 -0.2713926435 -0.1443123072 0.9515881538
-20.8 -170.1 2695.6 0.9890466332 0.1061090305 0.1026040986 -0.0946038365 0.9892899394 -0.1111553013 -0.1132997796 0.1002310365 0.9884922504
-62.0 -554.2 2656.7 0.9903072119 -0.0773237422 0.1153804511 0.0758866072 0.9969748855 0.0168032981 -0.1163307056 -0.0078845965 0.9931792617
-204.4 312.8 2465.1 0 0 0 0 0 0 0 0 0
52.0 -249.0 2576.1 0 0 0 0 0 0 0 0 0
-195.5 -819.6 2667.4 0 0 0 0 0 0 0 0 0
-39.3 -847.1 2659.0 0 0 0 0 0 0 0 0 0
-102.9 428.4 2656.1 6 0.9506695867 -0.0126463622 -0.3099473417 0.0235996135 0.9992215037 0.0316147879 0.3093062341 -0.0373698547 0.9502279162
-100.4 227.7 2663.6 0.9506695867 -0.0126463622 -0.3099473417 0.0235996135 0.9992215037 0.0316147879 0.3093062341 -0.0373698547 0.9502279162
-99.8 33.6 2665.9 0.9508016706 -0.0026936887 -0.3097884357 0.0063864016 0.9999201298 0.0109065650 0.3097343147 -0.0123484135 0.9507429600
-230.2 226.8 2621.3 0.3734312057 -0.7594687939 -0.5326877832 0.1899328381 0.6246596575 -0.7574468851 0.9080058932 0.1816793978 0.3775154650
-317.0 182.7 2410.3 -0.6476899981 -0.7594687939 0.0608667359 -0.6999222636 0.6246596575 0.3462789059 -0.3010090292 0.1816793978 -0.9361549616
29.5 228.6 2705.8 0.2431913763 0.7016699314 0.6697143316 -0.9686319828 0.2120430022 0.1295757592 -0.0510888286 -0.6802183986 0.7312269211
91.9 -20.2 2692.7 -0.1595913172 0.7016699314 0.6943989992 -0.8836601377 0.2120430022 -0.4173518121 -0.4400856495 -0.6802183986 0.5861974955
-189.5 -164.1 2640.9 0.9623020887 0.0386145487 0.2692278922 -0.0256174002 0.9983379841 -0.0516242720 -0.2707738876 0.0427812263 0.9616918564
-204.5 -551.6 2624.3 0.9618878961 -0.0348047279 0.2712200284 -0.0108098472 0.9862511158 0.1648995727 -0.2732303441 -0.1615467370 0.9482867718
-19.5 -164.7 2696.9 0.9890167713 0.1042163596 0.1048084274 -0.0906570703 0.9877861142 -0.1267275214 -0.1167353913 0.1158340201 0.9863849878
-59.9 -548.1 2651.9 0.9903675914 -0.0680969656 0.1205605939 0.0639537275 0.9972324371 0.0379128940 -0.1228086874 -0.0298374016 0.9919817448
-195.2 314.4 2466.9 0 0 0 0 0 0 0 0 0
51.4 -244.5 2581.0 0 0 0 0 0 0 0 0 0
-195.0 -821.0 2668.4 0 0 0 0 0 0 0 0 0
-39.5 -847.2 2660.9 0 0 0 0 0 0 0 0 0
-101.2 430.9 2665.5 7 0.9504539371 -0.0089776656 -0.3107357323 0.0095017841 0.9999548197 0.0001729708 0.3107201457 -0.0031169448 0.9504963160
-99.3 219.9 2666.2 0.9504539371 -0.0089776656 -0.3107357323 0.0095017841 0.9999548197 0.0001729708 0.3107201457 -0.0031169448 0.9504963160
-98.7 25.9 2666.9 0.9504857659 -0.0032211796 -0.3107514083 0.0042851833 0.9999870658 0.0027413159 0.3107385635 -0.0039372086 0.9504872561
-229.2 219.4 2623.7 0.3662240803 -0.7739846110 -0.5165537000 0.1443395168 0.5956512094 -0.7901681662 0.9192638397 0.2148194909 0.3298583925
-314.2 185.9 2410.3 -0.6323173046 -0.7739846110 0.0335057937 -0.7091105580 0.5956512094 0.3773086667 -0.3119888902 0.2148194909 -0.9254812598
30.5 220.5 2708.6 0.2515431046 0.6948522925 0.6737257242 -0.9661880136 0.2210117728 0.1327949911 -0.0566284060 -0.6843493581 0.7269519567
92.1 -15.9 2694.8 -0.1437151581 0.6948522925 0.7046461701 -0.8897356987 0.2210117728 -0.3994047642 -0.4332624376 -0.6843493581 0.5864721537
-184.4 -161.0 2640.6 0.9617915750 0.0485905521 0.2694362402 -0.0411805809 0.9986036420 -0.0330897048 -0.2706678510 0.0207298603 0.9624495506
-203.3 -548.5 2632.5 0.9613384604 -0.0295638461 0.2737779319 -0.0090935566 0.9902696013 0.1388649642 -0.2752193213 -0.1359858513 0.9517154098
-14.1 -159.9 2696.0 0.9868496060 0.1218664423 0.1061905697 -0.1095764935 0.9873307347 -0.1147650555 -0.1188312173 0.1016198620 0.9877006412
-61.4 -543.1 2656.6 0.9900143147 -0.0703835338 0.1221383885 0.0679531768 0.9974008799 0.0239562653 -0.1235070601 -0.0154173542 0.9922239184
-180.2 336.1 2476.4 0 0 0 0 0 0 0 0 0
55.6 -241.7 2584.8 0 0 0 0 0 0 0 0 0
-195.3 -817.3 2669.4 0 0 0 0 0 0 0 0 0
-40.2 -843.6 2661.2 0 0 0 0 0 0 0 0 0
-99.0 434.4 2670.2 8 0.9524648786 -0.0097924657 -0.3044910729 0.0041456996 0.9998073578 -0.0191859361 0.3046202958 0.0170116015 0.9523219466
-96.9 211.8 2666.5 0.9524648786 -0.0097924657 -0.3044910729 0.0041456996 0.9998073578 -0.0191859361 0.3046202958 0.0170116015 0.9523219466
-98.6 17.7 2668.1 0.9524686337 0.0090450598 -0.3045023382 -0.0059826421 0.9999217391 0.0109886583 0.3045779169 -0.0086446246 0.9524481893
-227.0 212.6 2624.8 0.3663287461 -0.7835794091 -0.5018033385 0.1024806499 0.5699874759 -0.8152374029 0.9248248339 0.2472197711 0.2891045213
-310.8 189.2 2413.1 -0.6212904453 -0.7835794091 -0.0012235061 -0.7196562290 0.5699874759 0.3964961469 -0.3099888265 0.2472197711 -0.9180355668
33.2 211.0 2708.1 0.2434890270 0.7405049801 0.6263908148 -0.9686444998 0.2185560316 0.1181570143 -0.0494056344 -0.6355199218 0.7705020905
92.0 -22.9 2696.1 -0.1034645215 0.7405049801 0.6640387177 -0.8972940445 0.2185560316 -0.3835317492 -0.4291368425 -0.6355199218 0.6418379545
-183.2 -168.6 2639.8 0.9603120685 0.0447834320 0.2753092647 -0.0376546867 0.9988058805 -0.0311275683 -0.2763745189 0.0195254963 0.9608516693
-200.6 -556.3 2632.3 0.9601005912 -0.0201552603 0.2789275944 -0.0172514766 0.9912312031 0.1310077608 -0.2791222334 -0.1305925399 0.9513339996
-12.9 -167.9 2695.5 0.9857510924 0.1259386688 0.1115089431 -0.1138184220 0.9874919057 -0.1091103405 -0.1238553897 0.0948638692 0.9877553582
-61.8 -551.2 2658.7 0.9892071486 -0.0746073723 0.1261067241 0.0735828727 0.9972073436 0.0127694989 -0.1267072409 -0.0033523855 0.9919344783
-170.3 352.0 2483.2 0 0 0 0 0 0 0 0 0
65.8 -250.4 2587.3 0 0 0 0 0 0 0 0 0
-195.2 -820.9 2667.1 0 0 0 0 0 0 0 0 0
-39.8 -844.4 2659.7 0 0 0 0 0 0 0 0 0
-95.1 444.9 2673.1 9 0.9539742470 -0.0014206010 -0.2998851538 -0.0063606370 0.9996680021 -0.0249696039 0.2998210490 0.0257278197 0.9536485076
-94.7 208.1 2667.0 0.9539742470 -0.0014206010 -0.2998851538 -0.0063606370 0.9996680021 -0.0249696039 0.2998210490 0.0257278197 0.9536485076
-98.2 14.0 2669.2 0.9539143443 0.0178667568 -0.2995467484 -0.0136475619 0.9997760653 0.0161716025 0.2997685969 -0.0113382414 0.9539445639
-225.0 209.9 2626.1 0.3408274055 -0.8224062920 -0.4555046856 0.0698056072 0.5053151250 -0.8601068258 0.9375306964 0.2613511980 0.2296338379
-301.9 194.2 2414.6 -0.5683888197 -0.8224062920 -0.0241246875 -0.7493108511 0.5053151250 0.4280068874 -0.3398049772 0.2613511980 -0.9034534097
35.6 206.2 2708.0 0.2315403670 0.7405336499 0.6308715940 -0.9718810916 0.2046469748 0.1164765358 -0.0428511649 -0.6401011944 0.7670946717
92.5 -32.9 2697.4 -0.0900796875 0.7422645688 0.6640247703 -0.9026844501 0.2208367437 -0.3693127632 -0.4207688570 -0.6326724291 0.6501377821
-185.7 -175.8 2642.5 0.9585007429 0.0473947339 0.2811228335 -0.0473381504 0.9988543987 -0.0069961925 -0.2811323702 -0.0066019781 0.9596462846
-204.1 -563.4 2645.1 0.9581173062 -0.0330819152 0.2844588161 0.0067004934 0.9956229925 0.0932200253 -0.2862976193 -0.0874097049 0.9541452527
-15.0 -176.9 2697.1 0.9857945442 0.1211746559 0.1163003743 -0.1095288545 0.9887569547 -0.1017995849 -0.1273283362 0.0876152366 0.9879833460
-62.1 -560.7 2663.1 0.9888938069 -0.0763049498 0.1275407374 0.0775852203 0.9969727397 -0.0050932206 -0.1267659962 0.0149319302 0.9918202758
-167.9 370.9 2494.8 0 0 0 0 0 0 0 0 0
69.7 -261.9 2590.7 0 0 0 0 0 0 0 0 0
-195.5 -820.4 2667.6 0 0 0 0 0 0 0 0 0
-40.3 -845.6 2658.8 0 0 0 0 0 0 0 0 0
-94.3 443.6 2674.0 0 0.9528121352 0.0067007374 -0.3034865856 -0.0162251145 0.9994513988 -0.0288725290 0.3031266034 0.0324341990 0.9523981810
-95.9 205.9 2666.3 0.9528121352 0.0067007374 -0.3034865856 -0.0162251145 0.9994513988 -0.0288725290 0.3031266034 0.0324341990 0.9523981810
-100.2 11.8 2668.7 0.9527917504 0.0224525556 -0.3027932942 -0.0176247209 0.9996703863 0.0186677370 0.3031126261 -0.0124498196 0.9528734088
-226.0 208.3 2624.9 0.3014924824 -0.8468938470 -0.4380332232 0.0134564806 0.4631438851 -0.8861809373 0.9533736110 0.2612825036 0.1510306001
-292.3 205.3 2415.5 -0.5316246748 -0.8468938470 -0.0120839952 -0.7485866547 0.4631438851 0.4744636416 -0.3962237239 0.2612825036 -0.8801921606
34.3 203.5 2707.7 0.2358562499 0.7434719801 0.6257964969 -0.9712682366 0.2014052570 0.1267832369 -0.0317789167 -0.6377188563 0.7696133852
92.9 -38.0 2699.8 -0.0954601467 0.7446208000 0.6606263518 -0.9047573209 0.2118396759 -0.3695106804 -0.4150922298 -0.6329801083 0.6534788609
-187.1 -178.8 2644.6 0.9592481852 0.0492298305 0.2782432139 -0.0520553961 0.9986403584 0.0027714926 -0.2777284682 -0.0171426106 0.9605066776
-206.2 -566.4 2651.2 0.9587392807 -0.0445565544 0.2807733417 0.0272947978 0.9975057244 0.0650945827 -0.2829734087 -0.0547450818 0.9575641155
-16.2 -181.3 2698.3 0.9859544635 0.1217323244 0.1143461615 -0.1123138145 0.9899871349 -0.0855046660 -0.1236099154 0.0714610517 0.9897544384
-63.5 -565.5 2670.5 0.9887207150 -0.0884871632 0.1208359003 0.0928797573 0.9951881766 -0.0312056243 -0.1174931675 0.0420768559 0.9921818972
-161.9 388.9 2512.7 0 0 0 0 0 0 0 0 0
68.7 -267.6 2594.5 0 0 0 0 0 0 0 0 0
-194.8 -822.1 2665.2 0 0 0 0 0 0 0 0 0
-38.4 -847.7 2658.6 0 0 0 0 0 0 0 0 0
-97.5 441.4 2674.0 1 0.9514693618 -0.0107363416 -0.3075561821 0.0008644068 0.9994805455 -0.0322162546 0.3077422976 0.0303869247 0.9509844184
-94.9 204.1 2666.8 0.9514693618 -0.0107363416 -0.3075561821 0.0008644068 0.9994805455 -0.0322162546 0.3077422976 0.0303869247 0.9509844184
-100.6 10.1 2670.8 0.9512624145 0.0292329751 -0.3069939911 -0.0215012860 0.9993614554 0.0285378378 0.3076321781 -0.0205462072 0.9512835145
-224.9 207.0 2624.8 0.2883085012 -0.8597043157 -0.4216476381 -0.0076973410 0.4382507205 -0.8988198042 0.9575066566 0.2623829544 0.1197339818
-287.2 208.7 2417.8 -0.5103602409 -0.8597043157 -0.0209984314 -0.7581049204 0.4382507205 0.4829215109 -0.4059671164 0.2623829544 -0.8754118085
35.0 201.2 2708.8 0.2329014987 0.7448908687 0.6252155304 -0.9717797041 0.2030040771 0.1201394796 -0.0374304987 -0.6355524063 0.7711498141
93.0 -40.5 2699.5 -0.0979769006 0.7460214496 0.6586748362 -0.9020434022 0.2130046040 -0.3754286766 -0.4203785956 -0.6309366822 0.6520742178
-189.9 -180.6 2644.0 0.9612484574 0.0408585183 0.2726388872 -0.0377037786 0.9991477132 -0.0168024246 -0.2730930448 0.0058717877 0.9619697332
-205.8 -568.4 2641.7 0.9601294994 -0.0472482331 0.2755338848 0.0206159353 0.9948971868 0.0987652242 -0.2787943780 -0.0891470164 0.9562042356
-19.2 -183.8 2698.3 0.9873681664 0.1134877726 0.1105648279 -0.1064717397 0.9920262694 -0.0674359798 -0.1173363775 0.0548121110 0.9915784597
-63.3 -568.8 2677.0 0.9900128245 -0.0854536444 0.1121261269 0.0919060335 0.9943192601 -0.0536890775 -0.1069012433 0.0634579435 0.9922425151
-159.7 398.2 2519.2 0 0 0 0 0 0 0 0 0
68.1 -269.5 2592.8 0 0 0 0 0 0 0 0 0
-193.8 -822.0 2664.4 0 0 0 0 0 0 0 0 0
-39.2 -849.1 2659.2 0 0 0 0 0 0 0 0 0
-101.5 439.1 2677.0 2 0.9513474703 -0.0312084574 -0.3065356016 0.0175370742 0.9987289906 -0.0472536981 0.3076206744 0.0395789482 0.9506855607
-94.2 202.6 2667.6 0.9513474703 -0.0312084574 -0.3065356016 0.0175370742 0.9987289906 -0.0472536981 0.3076206744 0.0395789482 0.9506855607
-100.2 8.6 2670.8 0.9513434172 0.0313972943 -0.3065287471 -0.0248846468 0.9993743896 0.0251324140 0.3071260452 -0.0162816979 0.9515295625
-224.1 206.0 2625.7 0.2860637009 -0.8672230840 -0.4075434804 -0.0136597436 0.4215832651 -0.9066867828 0.9581132531 0.2649371028 0.1087536216
-285.9 208.9 2418.7 -0.4972656667 -0.8672230840 -0.0255145933 -0.7605691552 0.4215832651 0.4937632382 -0.4174463451 0.2649371028 -0.8692219853
35.8 199.2 2709.6 0.2209733725 0.7425720692 0.6322637796 -0.9740749002 0.2002557218 0.1052413881 -0.0484651253 -0.6391278505 0.7675719857
91.2 -45.0 2697.4 -0.1364521235 0.7425720692 0.6557191014 -0.8890082836 0.2002557218 -0.4117789865 -0.4370870888 -0.6391278505 0.6328274012
-191.5 -181.9 2647.2 0.9612936378 0.0373911746 0.2729769349 -0.0325339660 0.9992218018 -0.0222999789 -0.2735983133 0.0125558060 0.9617620707
-206.0 -569.8 2642.3 0.9603013992 -0.0437241457 0.2755165994 0.0150435781 0.9943199754 0.1053635925 -0.2785585821 -0.0970360562 0.9555046558
-21.1 -185.8 2702.3 0.9879605174 0.1087357998 0.1100480482 -0.1003720313 0.9918169379 -0.0788964778 -0.1177263856 0.0669008568 0.9907899499
-63.3 -570.8 2676.4 0.9899770617 -0.0857717022 0.1121990681 0.0928078368 0.9939308763 -0.0590600744 -0.1064524353 0.0688810721 0.9919290543
-161.4 399.4 2523.3 0 0 0 0 0 0 0 0 0
56.6 -270.5 2586.6 0 0 0 0 0 0 0 0 0
-194.9 -823.4 2667.1 0 0 0 0 0 0 0 0 0
-39.2 -850.1 2657.0 0 0 0 0 0 0 0 0 0
-98.8 436.9 2675.5 3 0.9535856843 -0.0159132164 -0.3007010221 0.0043530157 0.9992268085 -0.0390751585 0.3010903299 0.0359525532 0.9529176354
-95.0 201.6 2667.0 0.9535856843 -0.0159132164 -0.3007010221 0.0043530157 0.9992268085 -0.0390751585 0.3010903299 0.0359525532 0.9529176354
-101.0 7.6 2669.6 0.9533654451 0.0307444185 -0.3002484441 -0.0253287815 0.9994389415 0.0219138004 0.3007537127 -0.0132869324 0.9536092877
-225.3 205.1 2625.9 0.2768430710 -0.8639170527 -0.4207199216 -0.0246147495 0.4313131273 -0.9018664360 0.9605998397 0.2600314021 0.0981409475
-285.5 210.4 2416.8 -0.5031455159 -0.8639170527 -0.0221795645 -0.7618800402 0.4313131273 0.4832264781 -0.4079012573 0.2600314021 -0.8752143979
35.2 198.2 2708.1 0.2260770947 0.7359801531 0.6381397247 -0.9734364748 0.1950390786 0.1199216843 -0.0362021998 -0.6483000517 0.7605237961
92.1 -46.5 2699.0 -0.1714106202 0.7359801531 0.6549439430 -0.8727167845 0.1950390786 -0.4475769699 -0.4571474195 -0.6483000517 0.6088705063
-191.6 -183.2 2646.4 0.9593372345 0.0386476666 0.2796040773 -0.0349541195 0.9992234111 -0.0181859490 -0.2800897956 0.0076731429 0.9599431157
-206.6 -571.1 2643.4 0.9582005739 -0.0467545092 0.2822510600 0.0161263756 0.9938143492 0.1098773479 -0.2856423855 -0.1007328555 0.9530274272
-21.1 -187.7 2701.4 0.9870862365 0.1100888103 0.1163665280 -0.1006081402 0.9913363457 -0.0844411626 -0.1246543899 0.0716432929 0.9896103144
-63.8 -572.5 2673.6 0.9887771606 -0.0888779983 0.1200850829 0.0954690799 0.9941614866 -0.0502857082 -0.1149146706 0.0611857735 0.9914892316
-158.3 403.1 2520.0 0 0 0 0 0 0 0 0 0
48.6 -267.7 2583.1 0 0 0 0 0 0 0 0 0
-194.7 -824.1 2669.1 0 0 0 0 0 0 0 0 0
-39.1 -849.6 2656.6 0 0 0 0 0 0 0 0 0
-95.8 438.1 2674.7 4 0.9475790858 -0.0041325781 -0.3194946051 -0.0034342769 0.9997268915 -0.0231168177 0.3195028901 0.0230022445 0.9473060966
-94.9 206.2 2669.4 0.9475790858 -0.0041325781 -0.3194946051 -0.0034342769 0.9997268915 -0.0231168177 0.3195028901 0.0230022445 0.9473060966
-101.0 12.2 2673.7 0.9473131299 0.0315383151 -0.3187524676 -0.0228317454 0.9992581010 0.0310149901 0.3194941580 -0.0221032314 0.9473304152
-224.3 209.3 2625.7 0.2727208436 -0.8688646555 -0.4131555557 -0.0168408435 0.4250570238 -0.9050099254 0.9619457722 0.2537729442 0.1012895033
-283.0 212.9 2418.5 -0.4948905408 -0.8688646555 -0.0125513375 -0.7587771416 0.4250570238 0.4935420454 -0.4234862030 0.2537729442 -0.8696313500
34.5 203.1 2713.0 0.2252350748 0.7101985216 0.6669986844 -0.9729545116 0.1999781579 0.1156213358 -0.0512710735 -0.6750013232 0.7360329032
92.4 -46.9 2699.9 -0.1912060231 0.7101985216 0.6775384545 -0.8679737449 0.1999781579 -0.4545660913 -0.4583250582 -0.6750013232 0.5781966448
-192.4 -184.1 2645.2 0.9647315145 0.0358512774 0.2607831359 -0.0341970101 0.9993559122 -0.0108797327 -0.2610051930 0.0015780174 0.9653360844
-206.3 -572.1 2644.6 0.9637879133 -0.0429488271 0.2631886303 0.0152183939 0.9941951632 0.1065099686 -0.2662353218 -0.0986477137 0.9588469267
-21.6 -188.7 2699.1 0.9889711738 0.1109943762 0.0980627984 -0.1048455909 0.9923099875 -0.0657901242 -0.1046110243 0.0547830798 0.9930031896
-64.6 -573.8 2677.9 0.9907383919 -0.0940948054 0.0978961959 0.1009211093 0.9926170111 -0.0672784895 -0.0908428729 0.0765351802 0.9929199219
-156.6 406.8 2526.7 0 0 0 0 0 0 0 0 0
43.9 -267.0 2583.6 0 0 0 0 0 0 0 0 0
-195.6 -819.4 2669.2 0 0 0 0 0 0 0 0 0
-38.5 -849.6 2656.6 0 0 0 0 0 0 0 0 0
-99.6 437.7 2665.3 5 0.9523979425 -0.0160672534 -0.3044339120 0.0191337951 0.9997918010 0.0070921136 0.3042565584 -0.0125794904 0.9525070786
-95.9 207.9 2668.2 0.9523979425 -0.0160672534 -0.3044339120 0.0191337951 0.9997918010 0.0070921136 0.3042565584 -0.0125794904 0.9525070786
-101.3 13.9 2672.6 0.9521712661 0.0277873278 -0.3042987287 -0.0195288230 0.9993546009 0.0301500093 0.3049401045 -0.0227653775 0.9520993829
-225.9 210.6 2626.6 0.2629783750 -0.8699382544 -0.4171927571 0.0027393433 0.4330844581 -0.9013491869 0.9647978544 0.2358925194 0.1162749156
-283.2 210.0 2416.4 -0.4931577742 -0.8699382544 -0.0016846942 -0.7655930519 0.4330844581 0.4757153392 -0.4131133556 0.2358925194 -0.8795976639
34.2 205.3 2709.9 0.2217322588 0.7005071044 0.6783248186 -0.9739286900 0.1932943761 0.1187444702 -0.0479350276 -0.6869694591 0.7251035571
91.1 -44.7 2697.6 -0.1932785511 0.7005071044 0.6869739294 -0.8752569556 0.1932943761 -0.4433537722 -0.4433606565 -0.6869694591 0.5757640600
-192.0 -179.7 2649.3 0.9604886174 0.0398007967 0.2754588127 -0.0376091748 0.9992048740 -0.0132359732 -0.2757666111 0.0023532216 0.9612217546
-207.5 -567.6 2648.4 0.9595876336 -0.0427341796 0.2781462967 0.0168561414 0.9953562021 0.0947730914 -0.2809046805 -0.0862546116 0.9558517933
-22.3 -183.8 2706.6 0.9875855446 0.1117007360 0.1104433462 -0.1016601920 0.9904889464 -0.0927190781 -0.1197497100 0.0803403333 0.9895480871
-65.6 -568.1 2675.4 0.9882208109 -0.1015609726 0.1144769490 0.1085144579 0.9925035238 -0.0562263988 -0.1079083607 0.0679865032 0.9918334484
-156.0 407.4 2523.0 0 0 0 0 0 0 0 0 0
42.1 -266.7 2585.1 0 0 0 0 0 0 0 0 0
-196.6 -819.7 2670.3 0 0 0 0 0 0 0 0 0
-36.6 -851.6 2656.0 0 0 0 0 0 0 0 0 0
-98.9 441.7 2669.7 6 0.9416890144 -0.0134759797 -0.3362145722 0.0147409663 0.9998906255 0.0012102412 0.3361614645 -0.0060957982 0.9417846203
-95.8 209.7 2671.1 0.9416890144 -0.0134759797 -0.3362145722 0.0147409663 0.9998906255 0.0012102412 0.3361614645 -0.0060957982 0.9417846203
-101.7 15.7 2672.3 0.9413290620 0.0307809357 -0.3360835314 -0.0268465728 0.9995058775 0.0163479242 0.3364206851 -0.0063660848 0.9416902661
-224.3 213.4 2625.1 0.2745770216 -0.8694574237 -0.4106716812 0.0154647380 0.4310244620 -0.9022077322 0.9614407420 0.2413745672 0.1317953467
-284.0 210.1 2416.1 -0.4939349890 -0.8694574237 -0.0084856311 -0.7668870687 0.4310244620 0.4755019546 -0.4097711742 0.2413745672 -0.8796737194
32.7 206.0 2717.0 0.2295609117 0.6699634194 0.7060104609 -0.9706579447 0.2109431773 0.1154386848 -0.0715883970 -0.7117949128 0.6987296343
91.5 -42.6 2698.7 -0.1875593811 0.6699634194 0.7183108926 -0.8795866966 0.2109431773 -0.4264155924 -0.4372056127 -0.7117949128 0.5497265458
-192.0 -178.3 2649.7 0.9694926739 0.0312990919 0.2431137711 -0.0262351669 0.9993667006 -0.0240400471 -0.2437122315 0.0169285201 0.9696998596
-204.1 -566.3 2643.2 0.9691249132 -0.0267501455 0.2451148927 -0.0004744074 0.9938935041 0.1103423685 -0.2465697676 -0.1070518196 0.9631943107
-21.4 -181.8 2704.4 0.9902879596 0.1143743694 0.0790459141 -0.1072391272 0.9902160168 -0.0892862901 -0.0884845927 0.0799423233 0.9928643703
-65.8 -566.2 2673.3 0.9909974933 -0.1047374606 0.0833909735 0.1092173308 0.9927038550 -0.0510945506 -0.0774310231 0.0597423129 0.9952061772
-156.1 408.7 2522.3 0 0 0 0 0 0 0 0 0
43.9 -265.8 2587.7 0 0 0 0 0 0 0 0 0
-197.2 -824.4 2671.0 0 0 0 0 0 0 0 0 0
-35.5 -853.5 2656.1 0 0 0 0 0 0 0 0 0
-96.6 445.9 2672.3 7 0.9383509755 -0.0058536259 -0.3456344903 0.0039273035 0.9999725819 -0.0062733232 0.3456617296 0.0045291674 0.9383482337
-95.3 211.9 2671.3 0.9383509755 -0.0058536259 -0.3456344903 0.0039273035 0.9999725819 -0.0062733232 0.3456617296 0.0045291674 0.9383482337
-101.1 18.0 2674.5 0.9380347133 0.0299920235 -0.3452410102 -0.0222677793 0.9994055629 0.0263185576 0.3458251357 -0.0169999711 0.9381449819
-223.4 215.0 2624.0 0.2808004320 -0.8709488511 -0.4032358527 0.0158457216 0.4242894053 -0.9053879976 0.9596353769 0.2478437871 0.1329414696
-284.3 211.5 2415.8 -0.4912620783 -0.8709488511 -0.0104698529 -0.7626200318 0.4242894053 0.4882511199 -0.4207995236 0.2478437871 -0.8726403713
32.8 208.9 2718.5 0.2289238870 0.6809471846 0.6956326365 -0.9707953930 0.2123844326 0.1115756705 -0.0717644021 -0.7008593082 0.7096802592
91.8 -40.9 2700.0 -0.1581657082 0.6809471846 0.7150486112 -0.8917852044 0.2123844326 -0.3995146751 -0.4239135981 -0.7008593082 0.5736666918
-191.9 -175.8 2643.4 0.9718027711 0.0285641514 0.2340586334 -0.0292108674 0.9995730519 -0.0007038987 -0.2339788079 -0.0061530052 0.9722222090
-203.0 -563.8 2645.8 0.9715144038 -0.0243366361 0.2357276529 0.0014913913 0.9953210950 0.0966109037 -0.2369758934 -0.0935073197 0.9670050740
-23.4 -180.7 2703.6 0.9919152856 0.1066001132 0.0688509941 -0.1007207930 0.9913738966 -0.0838633627 -0.0771969259 0.0762506276 0.9940958023
-64.8 -565.5 2674.0 0.9927578568 -0.0960010141 0.0722196549 0.0998803303 0.9936310649 -0.0521658435 -0.0667517111 0.0590013713 0.9960235953
-156.3 410.3 2525.5 0 0 0 0 0 0 0 0 0
51.6 -267.1 2592.5 0 0 0 0 0 0 0 0 0
-196.7 -820.4 2669.9 0 0 0 0 0 0 0 0 0
-37.4 -849.0 2657.2 0 0 0 0 0 0 0 0 0
-98.8 450.0 2683.1 8 0.9344383478 -0.0158180594 -0.3557735384 -0.0029100338 0.9986405373 -0.0520437881 0.3561131060 0.0496670231 0.9331219792
-95.1 211.5 2671.3 0.9344383478 -0.0158180594 -0.3557735384 -0.0029100338 0.9986405373 -0.0520437881 0.3561131060 0.0496670231 0.9331219792
-100.3 17.5 2674.9 0.9343520403 0.0268626101 -0.3553373218 -0.0185146909 0.9994673729 0.0268732309 0.3558699489 -0.0185300987 0.9343517423
-222.7 214.0 2622.7 0.2875926197 -0.8799453974 -0.3781357408 0.0218513906 0.4007412493 -0.9159306288 0.9575034976 0.2551521063 0.1344782561
-285.3 209.3 2414.3 -0.4746329486 -0.8799453974 -0.0204865877 -0.7647326589 0.4007412493 0.5045695901 -0.4357838333 0.2551521063 -0.8631279469
32.6 208.9 2719.9 0.2268619984 0.6868218184 0.6905138493 -0.9707067609 0.2170633823 0.1030140072 -0.0791330114 -0.6936564445 0.7159460187
90.6 -39.6 2699.6 -0.1528526545 0.6854190230 0.7119247317 -0.8954727054 0.2086777091 -0.3931694329 -0.4180486202 -0.6976062059 0.5818770528
-190.9 -174.0 2646.9 0.9739941359 0.0376281179 0.2234267294 -0.0373930745 0.9992866516 -0.0052842326 -0.2234661877 -0.0032078009 0.9747064114
-205.5 -561.9 2648.1 0.9734305739 -0.0361396037 0.2261125296 0.0142829595 0.9951269627 0.0975621417 -0.2285365313 -0.0917404145 0.9692031741
-22.9 -178.0 2708.8 0.9925243855 0.1063464358 0.0598810948 -0.1021898612 0.9923925400 -0.0686606467 -0.0667273626 0.0620281212 0.9958413243
-64.2 -563.3 2684.7 0.9942675829 -0.0899776891 0.0577584505 0.0948649570 0.9915623069 -0.0883449167 -0.0493220314 0.0933177322 0.9944139719
-161.9 408.0 2527.6 0 0 0 0 0 0 0 0 0
51.9 -266.8 2593.5 0 0 0 0 0 0 0 0 0
-196.0 -822.5 2672.1 0 0 0 0 0 0 0 0 0
-38.5 -846.1 2658.1 0 0 0 0 0 0 0 0 0
-98.0 449.7 2678.6 9 0.9372559190 -0.0132807437 -0.3483891487 -0.0002743813 0.9992458224 -0.0388298333 0.3486420810 0.0364890844 0.9365453720
-94.8 208.4 2669.7 0.9372559190 -0.0132807437 -0.3483891487 -0.0002743813 0.9992458224 -0.0388298333 0.3486420810 0.0364890844 0.9365453720
-101.6 14.4 2673.6 0.9369713664 0.0352494083 -0.3476235867 -0.0261586420 0.9991828799 0.0308112167 0.3484256268 -0.0197758656 0.9371277690
-222.8 212.0 2622.1 0.2836982608 -0.8759878278 -0.3900776803 0.0003626462 0.4068892300 -0.9134774208 0.9589135647 0.2590104938 0.1157514453
-283.8 211.9 2415.6 -0.4820003211 -0.8759878278 -0.0179158449 -0.7584068775 0.4068892300 0.5091760159 -0.4387422204 0.2590104938 -0.8604759574
33.2 204.8 2717.3 0.2310004234 0.6581428051 0.7165799737 -0.9701113701 0.2120556384 0.1179676279 -0.0743152797 -0.7224129438 0.6874567270
91.2 -38.8 2698.7 -0.1680575162 0.6581428051 0.7338969707 -0.8939292431 0.2120556384 -0.3948707283 -0.4155083001 -0.7224129438 0.5526955724
-189.2 -174.9 2646.6 0.9720356464 0.0420076065 0.2310454696 -0.0411366299 0.9991165996 -0.0085880319 -0.2312021405 -0.0011565589 0.9729050398
-205.5 -562.7 2647.0 0.9715823531 -0.0326538272 0.2344385087 0.0061441897 0.9935841560 0.1129282787 -0.2366219163 -0.1082786918 0.9655494690
-21.8 -178.2 2710.3 0.9914720058 0.1118397489 0.0668965578 -0.1070599109 0.9916984439 -0.0712204054 -0.0743064880 0.0634510964 0.9952148199
-65.2 -563.2 2685.7 0.9932213426 -0.0966950431 0.0645088628 0.1024168655 0.9904554486 -0.0922429115 -0.0549737215 0.0982244238 0.9936447144
-158.1 409.7 2530.1 0 0 0 0 0 0 0 0 0
48.6 -265.7 2593.2 0 0 0 0 0 0 0 0 0
-196.8 -825.6 2675.7 0 0 0 0 0 0 0 0 0
-37.1 -850.6 2657.2 0 0 0 0 0 0 0 0 0
-97.5 450.0 2676.3 0 0.9379366040 -0.0120368283 -0.3465977609 0.0001169242 0.9994084239 -0.0343915671 0.3468066752 0.0322165824 0.9373831749
-94.5 206.7 2668.4 0.9379366040 -0.0120368283 -0.3465977609 0.0001169242 0.9994084239 -0.0343915671 0.3468066752 0.0322165824 0.9373831749
-101.1 12.8 2672.5 0.9376640916 0.0340439118 -0.3458715081 -0.0246346965 0.9991980791 0.0315653086 0.3466687202 -0.0210772157 0.9377508163
-222.6 210.1 2621.1 0.2841908336 -0.8751255870 -0.3916513920 -0.0121606784 0.4051715732 -0.9141597748 0.9586905837 0.2645585835 0.1045039296
-283.6 212.7 2415.5 -0.4833580852 -0.8751255870 -0.0228083543 -0.7577080727 0.4051715732 0.5115804076 -0.4384557903 0.2645585835 -0.8589326143
33.6 203.4 2715.8 0.2285293490 0.6382805109 0.7351002097 -0.9700938463 0.2127503455 0.1168555170 -0.0818062350 -0.7398211360 0.6678116918
91.4 -42.2 2695.1 -0.1818433255 0.6382805109 0.7480180860 -0.8921836615 0.2127503455 -0.3984289467 -0.4134505093 -0.7398211360 0.5307762027
-192.4 -177.2 2646.2 0.9720196724 0.0278749540 0.2332397848 -0.0292568784 0.9995688796 0.0024666642 -0.2330704778 -0.0092215147 0.9724161029
-203.2 -565.2 2649.8 0.9717940688 -0.0222843122 0.2347759455 0.0013836304 0.9960471988 0.0888149813 -0.2358271033 -0.0859850273 0.9679835439
-24.5 -181.9 2708.6 0.9923337102 0.1031784564 0.0680296049 -0.0978285521 0.9921596646 -0.0777740031 -0.0755208284 0.0705225319 0.9946472645
-64.6 -567.0 2681.3 0.9931938052 -0.0950263888 0.0673504248 0.1005661264 0.9913535118 -0.0842891335 -0.0587583929 0.0904886201 0.9941626191
-156.3 412.2 2530.9 0 0 0 0 0 0 0 0 0
45.3 -268.7 2590.1 0 0 0 0 0 0 0 0 0
-197.6 -816.0 2671.5 0 0 0 0 0 0 0 0 0
-37.5 -849.7 2655.5 0 0 0 0 0 0 0 0 0
-101.5 443.6 2675.6 1 0.9386770725 -0.0085342266 -0.3446918428 0.0008251790 0.9997463822 -0.0225055665 0.3447965086 0.0208410267 0.9384460449
-99.6 222.8 2671.0 0.9386770725 -0.0085342266 -0.3446918428 0.0008251790 0.9997463822 -0.0225055665 0.3447965086 0.0208410267 0.9384460449
-102.4 28.8 2671.7 0.9386363626 0.0146099217 -0.3445987403 -0.0125736855 0.9998877645 0.0081432797 0.3446790278 -0.0033107025 0.9387147427
-227.8 224.5 2623.9 0.2895745337 -0.8573731184 -0.4255090654 0.1538864374 0.4804755151 -0.8634015322 0.9447039366 0.1845390350 0.2710715532
-292.5 190.2 2413.0 -0.5131219625 -0.8573731184 0.0402143449 -0.7699096799 0.4804755151 0.4199789762 -0.3794006705 0.1845390350 -0.9066424370
28.6 221.1 2718.1 0.2305174619 0.6256871223 0.7452364564 -0.9690756798 0.2169217914 0.1176320463 -0.0880571678 -0.7493067384 0.6563423872
91.6 -43.7 2694.1 -0.1824201494 0.6256871223 0.7584447861 -0.8932371736 0.2169217914 -0.3937921822 -0.4109138846 -0.7493067384 0.5193160772
-191.8 -179.0 2645.6 0.9712880254 0.0330028683 0.2356064320 -0.0381398946 0.9991230369 0.0172783807 -0.2348295748 -0.0257682893 0.9716949463
-204.6 -566.8 2655.6 0.9712265134 -0.0243462827 0.2369098365 0.0092083318 0.9978560805 0.0647955760 -0.2379794568 -0.0607496351 0.9693684578
-23.7 -183.4 2707.7 0.9920809865 0.1021156386 0.0731282756 -0.0965251848 0.9924024343 -0.0762907714 -0.0803631619 0.0686279014 0.9944003224
-63.4 -568.7 2681.0 0.9932651520 -0.0898180231 0.0731920674 0.0953307897 0.9925653338 -0.0756706372 -0.0658513233 0.0821384639 0.9944429994
-193.7 338.4 2486.0 0 0 0 0 0 0 0 0 0
45.3 -270.4 2589.8 0 0 0 0 0 0 0 0 0
-198.5 -814.1 2670.6 0 0 0 0 0 0 0 0 0
-38.0 -849.5 2657.8 0 0 0 0 0 0 0 0 0
-97.3 447.6 2665.3 2 0.9472982287 0.0070822076 -0.3202747405 -0.0032362023 0.9999161363 0.0125391241 0.3203366995 -0.0108418157 0.9472417235
-98.8 237.3 2667.6 0.9472982287 0.0070822076 -0.3202747405 -0.0032362023 0.9999161363 0.0125391241 0.3203366995 -0.0108418157 0.9472417235
-102.1 43.3 2671.0 0.9472038150 0.0174370669 -0.3201576471 -0.0109369503 0.9996961355 0.0220898949 0.3204455376 -0.0174220838 0.9471067190
-228.1 238.8 2623.8 0.2971947491 -0.8389174938 -0.4559525847 0.2592341006 0.5304864049 -0.8070823550 0.9189521074 0.1216621622 0.3751337826
-296.9 178.9 2411.3 -0.5389484763 -0.8389174938 0.0758420676 -0.7785612345 0.5304864049 0.3353008032 -0.3215228915 0.1216621622 -0.9390534163
30.6 235.8 2711.3 0.2213681042 0.6919428110 0.6871763468 -0.9742129445 0.1884544194 0.1240729466 -0.0436500385 -0.6969218850 0.7158174515
90.6 -28.0 2699.5 -0.1750803441 0.6919428110 0.7004013658 -0.8927111626 0.1884544194 -0.4093308151 -0.4152272344 -0.6969218850 0.5847104192
-189.4 -164.1 2641.4 0.9646615982 0.0433782414 0.2598968148 -0.0472276062 0.9988473058 0.0085819438 -0.2592249811 -0.0205529761 0.9655982256
-206.2 -551.8 2649.4 0.9643823504 -0.0331628695 0.2624250054 0.0114729758 0.9964202046 0.0837565660 -0.2642631829 -0.0777625591 0.9613105655
-21.2 -166.4 2703.2 0.9886859059 0.1127539724 0.0989276618 -0.1071576551 0.9924188256 -0.0601843521 -0.1049636975 0.0489025638 0.9932729602
-65.0 -551.6 2684.2 0.9914231896 -0.0874530822 0.0971184149 0.0949984118 0.9925727844 -0.0759904981 -0.0897514969 0.0845648348 0.9923676252
-208.8 306.1 2463.8 0 0 0 0 0 0 0 0 0
46.1 -254.6 2594.1 0 0 0 0 0 0 0 0 0
-197.3 -818.1 2670.2 0 0 0 0 0 0 0 0 0
-38.9 -847.3 2659.0 0 0 0 0 0 0 0 0 0
-100.8 444.3 2669.1 3 0.9452373385 0.0020545917 -0.3263773620 -0.0000182130 0.9999805093 0.0062422715 0.3263838291 -0.0058944835 0.9452189207
-101.3 240.2 2670.3 0.9452373385 0.0020545917 -0.3263773620 -0.0000182130 0.9999805093 0.0062422715 0.3263838291 -0.0058944835 0.9452189207
-102.5 46.2 2671.2 0.9452155828 0.0067799329 -0.3263763785 -0.0049401582 0.9999669194 0.0064655226 0.3264093995 -0.0044989618 0.9452177882
-230.4 240.9 2625.7 0.2898401916 -0.8360923529 -0.4657705724 0.2856267393 0.5400478244 -0.7916854024 0.9134604931 0.0964257196 0.3953379095
-298.6 173.6 2410.6 -0.5445243120 -0.8360923529 0.0666544363 -0.7956209779 0.5400478244 0.2744733095 -0.2654816210 0.0964257196 -0.9592818022
27.9 239.5 2714.9 0.2216844857 0.6945024729 0.6844868660 -0.9729954004 0.2038406581 0.1083003134 -0.0643114224 -0.6900110841 0.7209360003
86.3 -17.1 2698.0 -0.1491563916 0.6929544210 0.7053839564 -0.9035717249 0.1942361444 -0.3818775713 -0.4016348124 -0.6943244338 0.5971624851
-190.3 -149.7 2645.6 0.9664601088 0.0418432057 0.2533850074 -0.0410354100 0.9991217256 -0.0084747300 -0.2535170913 -0.0022072687 0.9673283696
-206.5 -537.5 2646.5 0.9659657478 -0.0352078825 0.2562626004 0.0126139903 0.9959264398 0.0892825499 -0.2583621740 -0.0830113962 0.9624750018
-20.6 -151.7 2703.1 0.9888769388 0.1153813675 0.0938594490 -0.1094049737 0.9917688966 -0.0665207431 -0.1007621363 0.0555121414 0.9933606386
-65.4 -536.7 2681.5 0.9920086861 -0.0841614529 0.0939981714 0.0904994681 0.9937515259 -0.0653277114 -0.0879127532 0.0733124390 0.9934267402
-204.8 310.7 2456.3 0 0 0 0 0 0 0 0 0
48.5 -246.3 2596.1 0 0 0 0 0 0 0 0 0
-196.5 -821.1 2670.1 0 0 0 0 0 0 0 0 0
-39.0 -849.0 2658.5 0 0 0 0 0 0 0 0 0
-104.1 441.6 2672.0 4 0.9430167675 -0.0001763323 -0.3327451050 0.0023535618 0.9999783635 0.0061401953 0.3327368200 -0.0065734433 0.9429967999
-104.1 233.3 2673.4 0.9430167675 -0.0001763323 -0.3327451050 0.0023535618 0.9999783635 0.0061401953 0.3327368200 -0.0065734433 0.9429967999
-104.4 39.4 2667.2 0.9430051446 0.0017626433 -0.3327734768 -0.0123274717 0.9994846582 -0.0296391845 0.3325497508 0.0320521593 0.9425408840
-232.9 235.0 2628.0 0.2730250955 -0.8346114159 -0.4784151316 0.2575353384 0.5425693393 -0.7995586991 0.9268941879 0.0950907990 0.3630769849
-296.7 174.7 2411.2 -0.5457322001 -0.8346114159 0.0748338476 -0.7910073400 0.5425693393 0.2827117741 -0.2765570283 0.0950907990 -0.9562813044
24.8 231.6 2718.8 0.2458241433 0.6962627769 0.6743801832 -0.9652116299 0.2397736311 0.1042837203 -0.0890897065 -0.6765550375 0.7309830785
87.1 -13.1 2696.2 -0.1283105761 0.6911904812 0.7111905813 -0.9123082757 0.1989352405 -0.3579363227 -0.3888830543 -0.6947520971 0.6050533056
-188.5 -147.4 2642.9 0.9681899548 0.0346058197 0.2478117496 -0.0313923471 0.9993641376 -0.0169082377 -0.2482392937 0.0085909944 0.9686606526
-201.9 -535.4 2639.5 0.9680262208 -0.0182681922 0.2501830161 -0.0084367814 0.9944094419 0.1052553058 -0.2507071495 -0.1040006354 0.9624602795
-19.2 -148.3 2701.3 0.9884368181 0.1217564195 0.0903771669 -0.1148896366 0.9903378487 -0.0776616260 -0.0989597291 0.0663802102 0.9928749204
-66.4 -532.8 2675.6 0.9918120503 -0.0861023664 0.0943148658 0.0906645656 0.9948553443 -0.0451976731 -0.0899380147 0.0533786118 0.9945158958
-188.2 332.0 2466.2 0 0 0 0 0 0 0 0 0
54.5 -244.6 2597.6 0 0 0 0 0 0 0 0 0
-196.8 -816.0 2668.9 0 0 0 0 0 0 0 0 0
-39.0 -849.5 2658.6 0 0 0 0 0 0 0 0 0
-105.4 444.3 2675.0 5 0.9408162832 -0.0025101181 -0.3389076591 0.0011985499 0.9999909401 -0.0040792241 0.3389148116 0.0034316026 0.9408107996
-104.9 229.6 2674.3 0.9408162832 -0.0025101181 -0.3389076591 0.0011985499 0.9999909401 -0.0040792241 0.3389148116 0.0034316026 0.9408107996
-105.3 35.8 2665.5 0.9408200979 0.0020999541 -0.3388999104 -0.0172807351 0.9989772439 -0.0417830013 0.3384655714 0.0451667272 0.9398941398
-233.4 232.0 2628.0 0.2644272447 -0.8420405388 -0.4701552689 0.2110766172 0.5262192488 -0.8237353563 0.9410233498 0.1185792834 0.3168817759
-294.6 183.1 2410.2 -0.5357324481 -0.8420405388 0.0629165769 -0.7901952863 0.5262192488 0.3141412735 -0.2976275980 0.1185792834 -0.9472891688
23.6 227.2 2720.5 0.2503264844 0.7012249231 0.6675479412 -0.9637241364 0.2464151084 0.1025443226 -0.0925872624 -0.6690016389 0.7374716401
86.7 -15.7 2697.2 -0.0924762189 0.6988471746 0.7092677355 -0.9157011509 0.2200800627 -0.3362382054 -0.3910748065 -0.6805713773 0.6195830107
-189.1 -153.3 2631.2 0.9698197842 0.0257187039 0.2424626052 -0.0268929712 0.9996371269 0.0015341117 -0.2423351705 -0.0080083515 0.9701595306
-199.1 -541.3 2634.3 0.9698005915 -0.0067846067 0.2438048571 -0.0229781047 0.9926254153 0.1190245077 -0.2428144217 -0.1210322082 0.9624927640
-20.2 -155.6 2690.8 0.9880781174 0.1255421489 0.0891113654 -0.1215498596 0.9913792014 -0.0489177145 -0.0944843888 0.0375030488 0.9948197007
-68.9 -540.3 2676.2 0.9914441705 -0.0949452817 0.0895758718 0.0992807299 0.9940302968 -0.0452444367 -0.0847453848 0.0537504926 0.9949517846
-173.4 361.9 2477.5 0 0 0 0 0 0 0 0 0
63.3 -247.9 2598.0 0 0 0 0 0 0 0 0 0
-197.2 -816.3 2667.9 0 0 0 0 0 0 0 0 0
-39.3 -849.8 2659.5 0 0 0 0 0 0 0 0 0
-107.5 442.0 2667.0 6 0.9378523827 -0.0134647666 -0.3467731178 0.0229922440 0.9994623661 0.0233749505 0.3462719321 -0.0298953447 0.9376577139
-104.6 225.6 2673.5 0.9378523827 -0.0134647666 -0.3467731178 0.0229922440 0.9994623661 0.0233749505 0.3462719321 -0.0298953447 0.9376577139
-104.8 31.6 2666.7 0.9380748272 0.0011994281 -0.3464306891 -0.0132526541 0.9993862510 -0.0324257910 0.3461791873 0.0350089408 0.9375149608
-232.8 227.4 2626.2 0.2512571514 -0.8570420146 -0.4498319924 0.1831894666 0.4984471500 -0.8473441005 0.9504269958 0.1304967999 0.2822394967
-291.5 184.5 2403.9 -0.5116382837 -0.8570420146 0.0608708411 -0.7933712006 0.4984471500 0.3494460583 -0.3298308551 0.1304967999 -0.9349771142
23.6 223.8 2720.7 0.2521564066 0.7039091587 0.6640248895 -0.9630315304 0.2497651875 0.1009338126 -0.0948020667 -0.6649280190 0.7408666015
86.6 -17.1 2697.0 -0.0750954077 0.7028194666 0.7073934674 -0.9137867689 0.2354856431 -0.3309687078 -0.3991922438 -0.6712610126 0.6245431900
-189.9 -156.5 2626.4 0.9716022015 0.0281219445 0.2349431366 -0.0344044715 0.9991505146 0.0226838104 -0.2341056466 -0.0301227365 0.9717444181
-200.8 -544.2 2638.1 0.9714718461 -0.0168065578 0.2365585268 -0.0117137032 0.9928677678 0.1186438948 -0.2368653268 -0.1180301830 0.9643462300
-21.4 -159.6 2687.1 0.9902251959 0.1147465929 0.0792922229 -0.1106773689 0.9923909307 -0.0539517328 -0.0848796591 0.0446485095 0.9953903556
-65.9 -544.8 2669.7 0.9928608537 -0.0866789296 0.0819392651 0.0894571394 0.9955124855 -0.0308586396 -0.0788967684 0.0379683897 0.9961594939
-168.8 374.9 2483.0 0 0 0 0 0 0 0 0 0
67.6 -248.9 2595.8 0 0 0 0 0 0 0 0 0
-196.2 -819.5 2670.8 0 0 0 0 0 0 0 0 0
-39.4 -848.5 2658.1 0 0 0 0 0 0 0 0 0
-108.4 442.8 2671.0 7 0.9414223433 -0.0181808751 -0.3367394805 0.0159926973 0.9998291135 -0.0092709241 0.3368504941 0.0033424825 0.9415522218
-104.3 218.4 2670.2 0.9414223433 -0.0181808751 -0.3367394805 0.0159926973 0.9998291135 -0.0092709241 0.3368504941 0.0033424825 0.9415522218
-103.9 24.4 2665.2 0.9416520596 -0.0018438400 -0.3365828991 -0.0069448110 0.9996656775 -0.0249056593 0.3365162909 0.0257899687 0.9413244128
-233.0 219.4 2624.3 0.2490218878 -0.8721727133 -0.4210734665 0.1107044891 0.4575535357 -0.8822637200 0.9621499777 0.1730882525 0.2104942799
-290.6 193.7 2401.4 -0.4882842302 -0.8721727133 0.0298876893 -0.7926141620 0.4575535357 0.4029981792 -0.3651592433 0.1730882525 -0.9147126079
24.3 217.5 2716.2 0.2590579689 0.6948573589 0.6708667874 -0.9616050124 0.2506878972 0.1116751134 -0.0905799121 -0.6740391850 0.7331210375
88.5 -20.9 2693.7 -0.0706526712 0.6939350963 0.7165628076 -0.9168125391 0.2378594726 -0.3207454979 -0.3930177987 -0.6796152592 0.6194030046
-189.1 -161.1 2628.9 0.9691260457 0.0345360413 0.2441350669 -0.0370522104 0.9992969632 0.0057201870 -0.2437658757 -0.0145893265 0.9697243571
-202.5 -549.0 2634.5 0.9687981009 -0.0252955854 0.2465569824 -0.0090775294 0.9904896021 0.1372879744 -0.2476848960 -0.1352424622 0.9593548179
-21.0 -163.5 2690.9 0.9896060228 0.1150589883 0.0862630010 -0.1086814106 0.9912194014 -0.0753152966 -0.0941712633 0.0651572868 0.9934214950
-65.7 -548.2 2665.6 0.9919505119 -0.0852449760 0.0936350003 0.0865574330 0.9961962700 -0.0100385444 -0.0924231037 0.0180625431 0.9955559969
-171.8 386.6 2490.2 0 0 0 0 0 0 0 0 0
70.6 -253.5 2594.0 0 0 0 0 0 0 0 0 0
-195.5 -824.0 2672.1 0 0 0 0 0 0 0 0 0
-40.1 -846.9 2660.2 0 0 0 0 0 0 0 0 0
-108.5 444.8 2674.0 8 0.9403535724 -0.0220769048 -0.3394816816 0.0117382798 0.9994035363 -0.0324777588 0.3399961889 0.0265556443 0.9400517941
-103.5 215.6 2667.9 0.9403535724 -0.0220769048 -0.3394816816 0.0117382798 0.9994035363 -0.0324777588 0.3399961889 0.0265556443 0.9400517941
-103.4 21.6 2664.5 0.9405473471 -0.0006045153 -0.3396620154 -0.0053453711 0.9998482466 -0.0165811833 0.3396205008 0.0174110066 0.9404013753
-232.0 216.4 2621.5 0.2504520714 -0.8672925830 -0.4302061200 0.0697759315 0.4593836963 -0.8854930401 0.9656112194 0.1917555332 0.1755697429
-289.3 200.4 2400.3 -0.4966847897 -0.8672925830 0.0332831703 -0.7728176117 0.4593836963 0.4378578961 -0.3950406611 0.1917555332 -0.8984279037
25.0 214.9 2714.3 0.2568777502 0.6934642792 0.6731427312 -0.9607532024 0.2587096095 0.1001128554 -0.1047237962 -0.6724408269 0.7327047586
89.7 -26.8 2687.9 -0.0591172166 0.6920586228 0.7194164395 -0.9253344536 0.2323864102 -0.2995875478 -0.3745147586 -0.6834115982 0.6266476512
