-415.6 509.9 2690.1 13 -0.5072052479 -0.0668812394 -0.8592262268 -0.1435917020 0.9896067977 0.0077329273 0.8497789502 0.1272999346 -0.5115373731
-402.3 311.7 2664.6 -0.5072052479 -0.0668812394 -0.8592262268 -0.1435917020 0.9896067977 0.0077329273 0.8497789502 0.1272999346 -0.5115373731
-388.2 114.7 2642.7 -0.5081107020 -0.0707098618 -0.8583843112 -0.1305554956 0.9914312959 -0.0043888646 0.8513393998 0.1098367646 -0.5129883885
-330.8 330.0 2544.9 -0.9615561962 -0.1981533319 -0.1901183128 0.0259944759 0.6235371828 -0.7813614011 0.2733752131 -0.7562649250 -0.5944151282
-140.4 324.9 2490.7 -0.4580135345 -0.1981533319 0.8665788174 -0.7410506606 0.6235371828 -0.2490890026 -0.4909863174 -0.7562649250 -0.4324301183
-473.7 293.3 2784.3 -0.0950241089 0.9761326909 -0.1952829510 -0.9100439548 -0.0056719920 0.4144729376 0.4034729302 0.2171009928 0.8888626099
-499.3 47.9 2893.1 -0.0131538017 0.9769397378 -0.2131097019 -0.9855973721 0.0232682098 0.1675005406 0.1685966104 0.2122436315 0.9625631571
-331.6 -77.9 2549.9 -0.1733132005 0.2446095794 -0.9540066719 -0.0041322499 0.9684765935 0.2490704060 0.9848580956 0.0471093841 -0.1668389887
-428.9 -462.8 2531.2 -0.1936428249 0.1824378967 -0.9639599919 -0.1073615253 0.9727160931 0.2056621313 0.9751799703 0.1433172077 -0.1687726825
-420.8 -94.3 2698.9 -0.6328099370 -0.0153902536 -0.7741541862 -0.0504415780 0.9984980822 0.0213817768 0.7726624012 0.0525801592 -0.6326358318
-414.7 -491.1 2678.0 -0.6328099370 -0.0153902536 -0.7741541862 -0.0504415780 0.9984980822 0.0213817768 0.7726624012 0.0525801592 -0.6326358318
-31.1 501.7 2607.9 0 0 0 0 0 0 0 0 0
-502.8 -208.2 2936.9 0 0 0 0 0 0 0 0 0
-493.5 -807.6 2480.4 0 0 0 0 0 0 0 0 0
-408.8 -872.6 2657.9 0 0 0 0 0 0 0 0 0
-414.9 504.5 2682.9 14 -0.5164394379 -0.0600701757 -0.8542141914 -0.1243696287 0.9922211766 0.0054160645 0.8472440839 0.1090353653 -0.5198930502
-402.8 305.8 2661.1 -0.5164394379 -0.0600701757 -0.8542141914 -0.1243696287 0.9922211766 0.0054160645 0.8472440839 0.1090353653 -0.5198930502
-391.5 108.3 2642.5 -0.5173288584 -0.0571336560 -0.8538774252 -0.1092972532 0.9940090775 -0.0002913214 0.8487785459 0.0931757465 -0.5204740763
-330.1 321.2 2541.7 -0.9654894471 -0.2104214579 -0.1534698009 -0.0089903241 0.6158421040 -0.7878183126 0.2602870464 -0.7592505217 -0.5964807868
-144.0 322.9 2491.6 -0.4695553780 -0.2104214579 0.8574616909 -0.7448563576 0.6158421040 -0.2567635775 -0.4740324318 -0.7592505217 -0.4459057152
-475.6 290.5 2780.5 -0.1118520796 0.9740267396 -0.1968783140 -0.9018344879 -0.0162880830 0.4317744970 0.4173531234 0.2258465290 0.8802327514
-505.8 47.2 2893.0 -0.0290791560 0.9752993584 -0.2189647108 -0.9824134707 0.0125343902 0.1862973124 0.1844402403 0.2205312550 0.9577827454
-327.6 -70.3 2542.8 -0.1810779274 0.2491364628 -0.9513894320 0.0174932275 0.9680443406 0.2501683235 0.9833131433 0.0286570918 -0.1796496660
-426.6 -455.1 2531.4 -0.2050141096 0.1864485145 -0.9608361721 -0.1003106609 0.9725163579 0.2101183683 0.9736051559 0.1394593418 -0.1806768030
-427.6 -99.2 2701.8 -0.6401548982 -0.0011777588 -0.7682449222 -0.0286292471 0.9993407726 0.0223238319 0.7677122355 0.0362849869 -0.6397666335
-427.1 -496.4 2687.4 -0.6401548982 -0.0011777588 -0.7682449222 -0.0286292471 0.9993407726 0.0223238319 0.7677122355 0.0362849869 -0.6397666335
-34.0 497.5 2602.6 0 0 0 0 0 0 0 0 0
-513.3 -208.1 2941.0 0 0 0 0 0 0 0 0 0
-493.6 -804.5 2481.3 0 0 0 0 0 0 0 0 0
-426.7 -878.3 2673.5 0 0 0 0 0 0 0 0 0
-413.6 497.3 2677.8 15 -0.5045698285 -0.0663612932 -0.8608167768 -0.1156869158 0.9932470918 -0.0087603265 0.8555850983 0.0951650366 -0.5088396072
-400.3 298.1 2658.8 -0.5045698285 -0.0663612932 -0.8608167768 -0.1156869158 0.9932470918 -0.0087603265 0.8555850983 0.0951650366 -0.5088396072
-389.8 100.4 2641.9 -0.5055010319 -0.0529477447 -0.8611998558 -0.1001681834 0.9949676991 -0.0023759583 0.8569918275 0.0850637779 -0.5082609057
-329.2 312.2 2538.2 -0.9704598188 -0.2407953590 -0.0150119038 -0.1501320899 0.6514311433 -0.7437054515 0.1888600439 -0.7194824815 -0.6683388352
-129.4 343.1 2499.3 -0.4840064943 -0.2407953590 0.8412819505 -0.7231389880 0.6514311433 -0.2295810282 -0.4927552044 -0.7194824815 -0.4894254208
-471.4 284.1 2779.3 -0.1083877161 0.9771049619 -0.1830791533 -0.8977197409 -0.0170953125 0.4402351379 0.4270261526 0.2120698541 0.8790193796
-500.6 41.8 2894.6 -0.0291594621 0.9783825278 -0.2047373056 -0.9806238413 0.0116948979 0.1955508143 0.1937178820 0.2064724416 0.9590842128
-332.7 -79.2 2546.2 -0.1719252467 0.2436590493 -0.9545009136 0.0075988397 0.9692274332 0.2460496426 0.9850807190 0.0350490436 -0.1684861928
-429.6 -464.5 2532.2 -0.1950493157 0.1819172055 -0.9637748003 -0.1093361676 0.9724902511 0.2056898028 0.9746801257 0.1454951018 -0.1697934270
-425.6 -106.5 2703.5 -0.6292370558 0.0020849039 -0.7772106528 -0.0198609568 0.9996266961 0.0187611636 0.7769596577 0.0272413660 -0.6289607882
-426.4 -503.9 2692.7 -0.6292370558 0.0020849039 -0.7772106528 -0.0198609568 0.9996266961 0.0187611636 0.7769596577 0.0272413660 -0.6289607882
-9.9 521.8 2621.1 0 0 0 0 0 0 0 0 0
-508.2 -213.0 2944.9 0 0 0 0 0 0 0 0 0
-492.9 -802.9 2481.6 0 0 0 0 0 0 0 0 0
-427.2 -886.0 2682.3 0 0 0 0 0 0 0 0 0
-413.2 506.2 2676.8 16 -0.5771555305 -0.0709738284 -0.8135442138 -0.1313901693 0.9913079143 0.0067306007 0.8059951067 0.1107763126 -0.5814641118
-399.0 306.7 2654.5 -0.5771555305 -0.0709738284 -0.8135442138 -0.1313901693 0.9913079143 0.0067306007 0.8059951067 0.1107763126 -0.5814641118
-387.1 109.3 2635.0 -0.5782598853 -0.0589266904 -0.8137218356 -0.1145175844 0.9933763146 0.0094436994 0.8077754974 0.0986463726 -0.5811777711
-317.9 322.7 2541.3 -0.9660214782 -0.2311836481 -0.1155706346 -0.0607105345 0.6375998855 -0.7679717541 0.2512303293 -0.7348608971 -0.6299704909
-133.3 334.3 2493.3 -0.4520904720 -0.2311836481 0.8614919186 -0.7392245531 0.6375998855 -0.2168258429 -0.4991605580 -0.7348608971 -0.4591494501
-480.0 290.7 2767.7 -0.1451475024 0.9550320506 -0.2585459948 -0.9058211446 -0.0231464468 0.4230275452 0.3980204165 0.2955978215 0.8684478402
-519.1 46.5 2875.0 -0.0461746231 0.9568011165 -0.2870532274 -0.9841032028 0.0057614478 0.1775041968 0.1714900583 0.2906861901 0.9413249493
-332.9 -88.2 2546.3 -0.2489465922 0.2518073916 -0.9352104664 0.0213844050 0.9668042660 0.2546217144 0.9682810903 0.0433882885 -0.2460673749
-433.0 -472.5 2529.1 -0.2708159387 0.1773985475 -0.9461439848 -0.0896657780 0.9739509821 0.2082774043 0.9584460258 0.1412415802 -0.2478548884
-428.1 -98.6 2689.2 -0.6944661736 0.0001282812 -0.7195253372 -0.0328796916 0.9989497066 0.0319126770 0.7187737226 0.0458200462 -0.6937325597
-428.2 -495.7 2671.0 -0.6944661736 0.0001282812 -0.7195253372 -0.0328796916 0.9989497066 0.0319126770 0.7187737226 0.0458200462 -0.6937325597
-23.1 514.6 2615.0 0 0 0 0 0 0 0 0 0
-531.1 -209.2 2919.6 0 0 0 0 0 0 0 0 0
-493.0 -801.9 2481.3 0 0 0 0 0 0 0 0 0
-428.2 -877.5 2653.5 0 0 0 0 0 0 0 0 0
-411.3 508.6 2675.8 17 -0.6151161194 -0.0687447414 -0.7854338288 -0.1334339380 0.9908983707 0.0177714713 0.7770634294 0.1157350540 -0.6186904311
-397.5 309.1 2652.5 -0.6151161194 -0.0687447414 -0.7854338288 -0.1334339380 0.9908983707 0.0177714713 0.7770634294 0.1157350540 -0.6186904311
-385.9 111.6 2632.4 -0.6162790060 -0.0580928959 -0.7853823304 -0.1152432188 0.9931924343 0.0169656873 0.7790501714 0.1009655818 -0.6187784672
-311.0 325.2 2543.2 -0.9611670375 -0.2273998857 -0.1563561559 -0.0193000529 0.6205778122 -0.7839073539 0.2752915919 -0.7504482269 -0.6008677483
-134.0 328.8 2492.5 -0.4414259493 -0.2273998857 0.8680048585 -0.7526041269 0.6205778122 -0.2201596648 -0.4886002541 -0.7504482269 -0.4450812340
-484.0 292.9 2761.8 -0.1690665632 0.9398543835 -0.2967999578 -0.9068083763 -0.0303468779 0.4204492867 0.3861541748 0.3402246237 0.8573985100
-529.6 48.4 2865.9 -0.0599035732 0.9420207739 -0.3301643133 -0.9846398234 -0.0014217634 0.1745921969 0.1640000641 0.3355516195 0.9276363254
-322.5 -77.7 2541.6 -0.2845248282 0.2806953192 -0.9166546464 0.0525943190 0.9593049884 0.2774305940 0.9572248459 0.0307250638 -0.2877090871
-434.0 -458.9 2529.4 -0.3100900352 0.1636524498 -0.9365159273 -0.0830455869 0.9766448736 0.1981620789 0.9470731616 0.1392216086 -0.2892572582
-430.6 -96.3 2683.6 -0.7277174592 0.0036921808 -0.6858671308 -0.0323997624 0.9986841083 0.0397528820 0.6851113439 0.0511507951 -0.7266402245
-432.1 -493.3 2663.3 -0.7277174592 0.0036921808 -0.6858671308 -0.0323997624 0.9986841083 0.0397528820 0.6851113439 0.0511507951 -0.7266402245
-29.7 506.6 2608.0 0 0 0 0 0 0 0 0 0
-545.1 -207.5 2908.5 0 0 0 0 0 0 0 0 0
-491.7 -803.4 2480.3 0 0 0 0 0 0 0 0 0
-433.5 -875.1 2643.8 0 0 0 0 0 0 0 0 0
-411.5 501.5 2676.3 18 -0.5768094659 -0.0823213384 -0.8127201200 -0.1503185928 0.9886159301 0.0065471507 0.8029291034 0.1259434074 -0.5826174617
-395.0 303.2 2651.0 -0.5768094659 -0.0823213384 -0.8127201200 -0.1503185928 0.9886159301 0.0065471507 0.8029291034 0.1259434074 -0.5826174617
-382.1 106.1 2628.6 -0.5783563852 -0.0649782419 -0.8131923079 -0.1295238733 0.9914924502 0.0128942737 0.8054361939 0.1127853021 -0.5818522573
-313.8 321.4 2538.0 -0.9625060558 -0.1978825331 -0.1855387837 0.0123362346 0.6513487101 -0.7586782575 0.2709796131 -0.7325212359 -0.6244859695
-122.6 318.9 2484.1 -0.3927356005 -0.1978825331 0.8981097937 -0.7373782992 0.6513487101 -0.1789360046 -0.5495743752 -0.7325212359 -0.4017221332
-476.2 285.0 2764.1 -0.1409005076 0.9547644258 -0.2618624568 -0.9120623469 -0.0223006401 0.4094447196 0.3850835264 0.2965258360 0.8739468455
-514.2 39.0 2867.9 -0.0412332937 0.9563825130 -0.2891925275 -0.9866835475 0.0066026119 0.1625174731 0.1573382914 0.2920426428 0.9433746934
-317.9 -75.3 2541.2 -0.2410582602 0.2911529839 -0.9258081913 0.0396274813 0.9560965300 0.2903601825 0.9697012901 0.0333062708 -0.2420126349
-433.6 -455.3 2527.9 -0.2644621432 0.1586773992 -0.9512524605 -0.0909836441 0.9778665900 0.1884116530 0.9600946903 0.1363761723 -0.2441716343
-422.1 -102.8 2679.8 -0.6949642897 -0.0051425654 -0.7190258503 -0.0469996370 0.9981608391 0.0382878594 0.7175065875 0.0604026504 -0.6939278245
-420.1 -499.7 2655.8 -0.6949642897 -0.0051425654 -0.7190258503 -0.0469996370 0.9981608391 0.0382878594 0.7175065875 0.0604026504 -0.6939278245
-25.4 501.4 2620.1 0 0 0 0 0 0 0 0 0
-524.9 -217.4 2908.8 0 0 0 0 0 0 0 0 0
-490.5 -805.7 2479.0 0 0 0 0 0 0 0 0 0
-418.1 -881.2 2632.7 0 0 0 0 0 0 0 0 0
-408.0 500.3 2678.0 19 -0.5361456871 -0.0496148579 -0.8426660895 -0.1316417307 0.9909716249 0.0254100990 0.8337974548 0.1245535389 -0.5378365517
-398.1 302.2 2653.1 -0.5361456871 -0.0496148579 -0.8426660895 -0.1316417307 0.9909716249 0.0254100990 0.8337974548 0.1245535389 -0.5378365517
-388.9 104.7 2632.2 -0.5369953513 -0.0464584976 -0.8423049450 -0.1140934452 0.9933078289 0.0179508142 0.8358341455 0.1057409793 -0.5387023091
-322.8 318.2 2535.8 -0.9614514112 -0.1774573475 -0.2100478262 0.0433671363 0.6564620733 -0.7531114221 0.2715335786 -0.7331892252 -0.6234605908
-117.5 308.9 2477.8 -0.3615960479 -0.1774573475 0.9152907729 -0.7363950014 0.6564620733 -0.1636458039 -0.5718135238 -0.7331892252 -0.3680528104
-473.5 286.1 2770.4 -0.1317325681 0.9686710238 -0.2105301470 -0.9062483907 -0.0316217430 0.4215613008 0.4016968906 0.2463259697 0.8820222020
-509.0 41.6 2878.8 -0.0451141186 0.9704094529 -0.2372134179 -0.9844139218 -0.0027804475 0.1758449972 0.1699820906 0.2414492816 0.9554100037
-316.3 -79.1 2532.4 -0.1929647923 0.2940801680 -0.9360990524 0.0409944952 0.9556126595 0.2917599678 0.9803489447 0.0179244950 -0.1964552701
-433.2 -459.0 2525.3 -0.2168565691 0.1624603420 -0.9625902176 -0.0917834640 0.9782937169 0.1857880652 0.9718791246 0.1286392212 -0.1972382367
-428.7 -103.2 2687.7 -0.6569918990 0.0103746466 -0.7538262606 -0.0306763183 0.9987093210 0.0404806137 0.7532732487 0.0497200489 -0.6558256745
-432.8 -500.2 2668.0 -0.6569918990 0.0103746466 -0.7538262606 -0.0306763183 0.9987093210 0.0404806137 0.7532732487 0.0497200489 -0.6558256745
-25.8 495.7 2622.8 0 0 0 0 0 0 0 0 0
-520.7 -214.2 2923.0 0 0 0 0 0 0 0 0 0
-490.8 -806.2 2479.7 0 0 0 0 0 0 0 0 0
-436.8 -881.9 2649.0 0 0 0 0 0 0 0 0 0
-407.1 497.7 2677.9 20 -0.5212226510 -0.0252345875 -0.8530475497 -0.1201095283 0.9917829037 0.0440497994 0.8449264169 0.1254189014 -0.5199705958
-402.0 299.2 2652.8 -0.5212226510 -0.0252345875 -0.8530475497 -0.1201095283 0.9917829037 0.0440497994 0.8449264169 0.1254189014 -0.5199705958
-394.4 101.5 2634.0 -0.5218344927 -0.0384856723 -0.8521781564 -0.1010345742 0.9947385788 0.0169449802 0.8470423818 0.0949419364 -0.5229772925
-328.7 313.5 2533.8 -0.9600145221 -0.1709541976 -0.2216906846 0.0551740676 0.6608217955 -0.7485120893 0.2744593322 -0.7308140993 -0.6249662638
-115.2 301.2 2472.7 -0.3429116607 -0.1709541976 0.9236808419 -0.7352661490 0.6608217955 -0.1506592631 -0.5846325755 -0.7308140993 -0.3523003161
-475.3 285.0 2771.8 -0.1297500283 0.9729203582 -0.1912873685 -0.9004984498 -0.0348686911 0.4334590137 0.4150511920 0.2284952998 0.8806375265
-510.4 42.1 2883.8 -0.0479062535 0.9747450352 -0.2181216627 -0.9820386767 -0.0060651288 0.1885820776 0.1824965179 0.2232381850 0.9575279355
-330.5 -82.2 2534.8 -0.1818363219 0.2647543848 -0.9470167160 0.0277021676 0.9640692472 0.2642026246 0.9829385281 0.0218072180 -0.1826370806
-435.7 -465.3 2526.1 -0.2046579123 0.1581177711 -0.9659782052 -0.1031331941 0.9778902531 0.1819180250 0.9733851552 0.1368553787 -0.1838257909
-434.5 -105.5 2692.8 -0.6428614259 0.0173578672 -0.7657858133 -0.0178613830 0.9991316795 0.0376413204 0.7657741904 0.0378761478 -0.6419931650
-441.4 -502.6 2677.7 -0.6428614259 0.0173578672 -0.7657858133 -0.0178613830 0.9991316795 0.0376413204 0.7657741904 0.0378761478 -0.6419931650
-27.2 489.9 2622.8 0 0 0 0 0 0 0 0 0
-522.8 -213.2 2931.3 0 0 0 0 0 0 0 0 0
-490.9 -806.8 2478.3 0 0 0 0 0 0 0 0 0
-448.0 -884.6 2663.3 0 0 0 0 0 0 0 0 0
-406.8 496.9 2676.3 21 -0.5043625236 -0.0124779819 -0.8634018302 -0.1169911548 0.9916632771 0.0540096126 0.8555299640 0.1282508075 -0.5016176105
-404.3 297.9 2650.6 -0.5043625236 -0.0124779819 -0.8634018302 -0.1169911548 0.9916632771 0.0540096126 0.8555299640 0.1282508075 -0.5016176105
-397.0 100.0 2633.2 -0.5049221516 -0.0364362039 -0.8623955250 -0.0942573026 0.9954612851 0.0131282751 0.8580030203 0.0879158303 -0.5060648322
-333.3 311.1 2530.0 -0.9616962671 -0.1582325548 -0.2238365114 0.0619976185 0.6698568463 -0.7398973703 0.2670142651 -0.7254338264 -0.6343888044
-115.3 297.1 2469.4 -0.3360895216 -0.1582325548 0.9284429550 -0.7273584008 0.6698568463 -0.1491361111 -0.5983256698 -0.7254338264 -0.3402236700
-475.3 284.6 2771.2 -0.1217420474 0.9772503376 -0.1736683697 -0.8971127868 -0.0334713645 0.4405318201 0.4246969521 0.2094313651 0.8807786107
-508.1 42.5 2885.9 -0.0445038155 0.9789784551 -0.1990493536 -0.9805603623 -0.0046914890 0.1961614639 0.1911040097 0.2039098442 0.9601562619
-338.9 -86.9 2537.6 -0.1680357903 0.2519570887 -0.9530380964 0.0139058204 0.9672945738 0.2532742918 0.9856827855 0.0293063708 -0.1660437733
-439.0 -471.4 2525.9 -0.1889395118 0.1522172391 -0.9701194763 -0.1114661768 0.9782035351 0.1751947105 0.9756419063 0.1412367076 -0.1678542197
-436.0 -106.5 2694.4 -0.6275270581 0.0183156487 -0.7783792615 -0.0117192520 0.9993878007 0.0329641141 0.7785065174 0.0298078973 -0.6269282699
-443.3 -503.9 2682.5 -0.6275270581 0.0183156487 -0.7783792615 -0.0117192520 0.9993878007 0.0329641141 0.7785065174 0.0298078973 -0.6269282699
-28.5 485.0 2624.0 0 0 0 0 0 0 0 0 0
-519.7 -212.4 2935.5 0 0 0 0 0 0 0 0 0
-491.1 -806.3 2477.6 0 0 0 0 0 0 0 0 0
-450.3 -885.9 2671.1 0 0 0 0 0 0 0 0 0
-403.5 496.8 2677.1 22 -0.4759688079 -0.0091912402 -0.8794141412 -0.1111510694 0.9925557375 0.0497849882 0.8724099398 0.1214439198 -0.4734471738
-401.7 297.9 2652.7 -0.4759688079 -0.0091912402 -0.8794141412 -0.1111510694 0.9925557375 0.0497849882 0.8724099398 0.1214439198 -0.4734471738
-394.8 100.1 2634.6 -0.4762885273 -0.0344517268 -0.8786138296 -0.0965880826 0.9952350855 0.0133349029 0.8739679456 0.0912148952 -0.4773466885
-334.7 311.5 2529.9 -0.9609369040 -0.1488828510 -0.2333114147 0.0741441622 0.6736946702 -0.7352809906 0.2666513920 -0.7238572836 -0.6363393068
-115.1 294.5 2468.9 -0.3290050924 -0.1488828510 0.9325178266 -0.7240591645 0.6736946702 -0.1478980333 -0.6062128544 -0.7238572836 -0.3294489682
-468.6 284.3 2775.6 -0.1069665924 0.9836369157 -0.1449707448 -0.8981538415 -0.0330527201 0.4384372532 0.4264714122 0.1771041751 0.8869928122
-497.5 41.9 2890.7 -0.0373997279 0.9851582646 -0.1675245464 -0.9810156822 -0.0042732670 0.1938812882 0.1902878731 0.1715953201 0.9666154981
-343.5 -89.2 2537.1 -0.1381787360 0.2432402968 -0.9600733519 0.0010835527 0.9694087505 0.2454495281 0.9904066920 0.0328756161 -0.1342152357
-440.2 -474.6 2524.0 -0.1571927071 0.1498820186 -0.9761279821 -0.1165679842 0.9786904454 0.1690472364 0.9806642532 0.1403582692 -0.1363715529
-431.6 -106.7 2696.6 -0.6015227437 0.0184853431 -0.7986418009 -0.0139629394 0.9993362427 0.0336472467 0.7987336516 0.0313909724 -0.6008653641
-439.0 -504.0 2684.1 -0.6015227437 0.0184853431 -0.7986418009 -0.0139629394 0.9993362427 0.0336472467 0.7987336516 0.0313909724 -0.6008653641
-29.8 482.2 2626.0 0 0 0 0 0 0 0 0 0
-507.2 -213.1 2940.2 0 0 0 0 0 0 0 0 0
-490.9 -806.2 2476.4 0 0 0 0 0 0 0 0 0
-446.0 -886.0 2672.1 0 0 0 0 0 0 0 0 0
-401.9 496.3 2675.9 23 -0.4605475068 -0.0163772125 -0.8874839544 -0.1094263196 0.9932507277 0.0384562910 0.8808642626 0.1148250550 -0.4592312276
-398.6 297.9 2653.0 -0.4605475068 -0.0163772125 -0.8874839544 -0.1094263196 0.9932507277 0.0384562910 0.8808642626 0.1148250550 -0.4592312276
-391.3 100.1 2634.9 -0.4608538449 -0.0370656736 -0.8867017031 -0.0980284363 0.9951396585 0.0093506761 0.8820454478 0.0912312716 -0.4622474313
-333.8 311.7 2528.9 -0.9673644304 -0.1620167643 -0.1948245317 0.0436137170 0.6509374380 -0.7578775287 0.2496074438 -0.7416408062 -0.6226275563
-109.2 301.6 2471.0 -0.2886103392 -0.1620167643 0.9436390400 -0.7499650121 0.6509374380 -0.1176136956 -0.5951945782 -0.7416408062 -0.3093741536
-463.5 284.1 2777.0 -0.0959443301 0.9866488576 -0.1316007674 -0.8982715011 -0.0288635362 0.4384920001 0.4288391769 0.1602840275 0.8890478015
-489.3 41.7 2892.8 -0.0300603770 0.9879565835 -0.1517833322 -0.9810371399 -0.0000725993 0.1938198507 0.1914745718 0.1547313780 0.9692242742
-344.3 -88.9 2536.4 -0.1211982220 0.2445175797 -0.9620406032 0.0011972610 0.9692204595 0.2461916208 0.9926276207 0.0286861733 -0.1177605465
-441.5 -474.3 2525.0 -0.1401735097 0.1481237262 -0.9789845347 -0.1182849184 0.9791603684 0.1650866568 0.9830361605 0.1389398873 -0.1197315529
-426.2 -106.8 2697.6 -0.5877034664 0.0148553671 -0.8089400530 -0.0160044022 0.9994223118 0.0299807489 0.8089181185 0.0305663906 -0.5871261954
-432.1 -504.1 2685.4 -0.5877034664 0.0148553671 -0.8089400530 -0.0160044022 0.9994223118 0.0299807489 0.8089181185 0.0305663906 -0.5871261954
-33.8 497.5 2626.5 0 0 0 0 0 0 0 0 0
-497.2 -213.4 2942.6 0 0 0 0 0 0 0 0 0
-491.7 -805.9 2477.9 0 0 0 0 0 0 0 0 0
-437.7 -886.2 2673.8 0 0 0 0 0 0 0 0 0
-402.1 495.8 2675.9 24 -0.4870124459 -0.0121685844 -0.8733102679 -0.1119768992 0.9925208688 0.0486156754 0.8661870956 0.1214670166 -0.4847325981
-399.6 297.4 2651.6 -0.4870124459 -0.0121685844 -0.8733102679 -0.1119768992 0.9925208688 0.0486156754 0.8661870956 0.1214670166 -0.4847325981
-393.7 99.6 2632.6 -0.4873173535 -0.0297433641 -0.8727182150 -0.0975167975 0.9950218797 0.0205407981 0.8677628040 0.0951145738 -0.4877919257
-331.1 311.1 2529.5 -0.9719213247 -0.1709339321 -0.1617110968 0.0187728032 0.6287192106 -0.7774057984 0.2345559001 -0.7586130500 -0.6078566909
-105.6 306.7 2475.1 -0.2672147155 -0.1709339321 0.9483553767 -0.7706699371 0.6287192106 -0.1038269922 -0.5785017014 -0.7586130500 -0.2997366488
-468.2 283.7 2773.6 -0.1173648089 0.9812219143 -0.1530657113 -0.8993170261 -0.0396326557 0.4354975522 0.4212533236 0.1887666881 0.8870810270
-499.8 41.0 2887.3 -0.0454025492 0.9829787612 -0.1780207455 -0.9816035032 -0.0108163515 0.1906241626 0.1854539663 0.1834006160 0.9653864503
-341.6 -88.8 2535.8 -0.1462352872 0.2502862513 -0.9570642710 0.0123912394 0.9678522348 0.2512141168 0.9891722202 0.0248771552 -0.1446354985
-441.2 -473.6 2525.9 -0.1670106053 0.1483859271 -0.9747251272 -0.1162293181 0.9787536860 0.1689140797 0.9790802598 0.1415020823 -0.1462154537
-432.5 -107.1 2693.3 -0.6111581326 0.0239054728 -0.7911474109 -0.0140039930 0.9990607500 0.0410058536 0.7913846374 0.0361402817 -0.6102493405
-442.0 -504.4 2678.9 -0.6111581326 0.0239054728 -0.7911474109 -0.0140039930 0.9990607500 0.0410058536 0.7913846374 0.0361402817 -0.6102493405
-35.2 509.7 2627.4 0 0 0 0 0 0 0 0 0
-511.7 -214.1 2935.5 0 0 0 0 0 0 0 0 0
-491.5 -805.9 2477.9 0 0 0 0 0 0 0 0 0
-451.1 -886.3 2665.1 0 0 0 0 0 0 0 0 0
-403.7 495.5 2674.8 25 -0.4806572199 -0.0118054822 -0.8768290877 -0.1029362381 0.9937560558 0.0430474728 0.8708460331 0.1109485701 -0.4788711965
-401.3 297.1 2652.7 -0.4806572199 -0.0118054822 -0.8768290877 -0.1029362381 0.9937560558 0.0430474728 0.8708460331 0.1109485701 -0.4788711965
-395.3 99.2 2634.8 -0.4808647633 -0.0302239712 -0.8762736917 -0.0931131467 0.9955144525 0.0167600941 0.8718366027 0.0896519423 -0.4815220535
-333.7 310.2 2530.0 -0.9748190641 -0.1673361212 -0.1473987550 0.0127130356 0.6182113886 -0.7859090567 0.2226345539 -0.7679930329 -0.6005169153
-103.5 307.2 2477.4 -0.2456391752 -0.1673361212 0.9548088908 -0.7805542946 0.6182113886 -0.0924641714 -0.5748011470 -0.7679930329 -0.2824718654
-469.0 284.0 2775.3 -0.1132729575 0.9826156497 -0.1470909119 -0.8969517350 -0.0374521129 0.4405394197 0.4273720682 0.1818346381 0.8856011033
-499.6 41.9 2890.7 -0.0429247506 0.9843007326 -0.1712001413 -0.9805529714 -0.0086598536 0.1960634440 0.1915028393 0.1762867868 0.9655307531
-343.1 -89.3 2534.2 -0.1383458078 0.2525635958 -0.9576388001 0.0205404460 0.9674606323 0.2521865666 0.9901709557 0.0152186267 -0.1390318871
-443.5 -473.9 2528.1 -0.1602879167 0.1371825039 -0.9774910212 -0.1250208020 0.9794982672 0.1579649746 0.9791208506 0.1475265920 -0.1398510635
-433.4 -107.3 2697.0 -0.6053557396 0.0230193436 -0.7956221104 -0.0101091862 0.9992787242 0.0366033018 0.7958908081 0.0302011110 -0.6046864390
-442.5 -504.6 2685.0 -0.6053557396 0.0230193436 -0.7956221104 -0.0101091862 0.9992787242 0.0366033018 0.7958908081 0.0302011110 -0.6046864390
-38.5 513.7 2629.5 0 0 0 0 0 0 0 0 0
-510.7 -213.0 2940.4 0 0 0 0 0 0 0 0 0
-490.2 -807.3 2477.9 0 0 0 0 0 0 0 0 0
-451.3 -886.6 2673.4 0 0 0 0 0 0 0 0 0
-403.7 494.0 2675.8 26 -0.4719666541 -0.0089888321 -0.8815705776 -0.1033362150 0.9936193228 0.0451918095 0.8755393028 0.1124271899 -0.4698840678
-401.9 295.2 2653.3 -0.4719666541 -0.0089888321 -0.8815705776 -0.1033362150 0.9936193228 0.0451918095 0.8755393028 0.1124271899 -0.4698840678
-395.4 97.3 2635.5 -0.4721488357 -0.0330972336 -0.8808972836 -0.0947263017 0.9954135418 0.0133721353 0.8764145374 0.0897577852 -0.4731185138
-335.5 308.5 2530.0 -0.9775586724 -0.1632305384 -0.1331722438 0.0059896805 0.6103647947 -0.7920978069 0.2105782032 -0.7751197219 -0.5956896544
-104.7 307.1 2480.3 -0.2433251888 -0.1632305384 0.9561111927 -0.7862933874 0.6103647947 -0.0959039107 -0.5679221749 -0.7751197219 -0.2768642306
-468.4 281.9 2776.6 -0.1058499441 0.9844412804 -0.1402540505 -0.8972444534 -0.0337526724 0.4402421713 0.4286586046 0.1724417806 0.8868571520
-497.0 39.7 2892.3 -0.0374479890 0.9859661460 -0.1626911610 -0.9806548953 -0.0049574105 0.1956818998 0.1921291947 0.1668717712 0.9670781493
-345.2 -90.2 2537.0 -0.1302103698 0.2416760176 -0.9615809917 0.0152249075 0.9702107906 0.2417833209 0.9913694859 0.0168427154 -0.1300110072
-441.3 -476.0 2530.3 -0.1544949710 0.1450393498 -0.9772895575 -0.1374022514 0.9763993025 0.1666284800 0.9783925414 0.1600250602 -0.1309200525
-432.1 -109.2 2698.0 -0.5976704359 0.0195945874 -0.8015024066 -0.0121701062 0.9993643761 0.0335068814 0.8016495109 0.0297804400 -0.5970520377
-439.9 -506.6 2686.2 -0.5976704359 0.0195945874 -0.8015024066 -0.0121701062 0.9993643761 0.0335068814 0.8016495109 0.0297804400 -0.5970520377
-40.3 515.3 2630.6 0 0 0 0 0 0 0 0 0
-506.7 -215.2 2942.3 0 0 0 0 0 0 0 0 0
-490.5 -807.5 2476.0 0 0 0 0 0 0 0 0 0
-447.4 -888.7 2674.8 0 0 0 0 0 0 0 0 0
-404.8 492.4 2676.8 27 -0.4809017181 -0.0151619222 -0.8766434193 -0.1152784824 0.9922639728 0.0460768789 0.8691630363 0.1232165694 -0.4789292812
-401.8 293.9 2652.1 -0.4809017181 -0.0151619222 -0.8766434193 -0.1152784824 0.9922639728 0.0460768789 0.8691630363 0.1232165694 -0.4789292812
-394.7 96.0 2634.0 -0.4813720286 -0.0357130542 -0.8757885098 -0.0969053060 0.9952128530 0.0126804747 0.8711431026 0.0909725800 -0.4825284183
-334.1 307.5 2529.5 -0.9781790972 -0.1694732308 -0.1201853305 -0.0106722396 0.6186941266 -0.7855594754 0.2074892521 -0.7671352029 -0.6070023179
-105.5 310.0 2481.1 -0.2471855581 -0.1694732308 0.9540325403 -0.7801980972 0.6186941266 -0.0922417194 -0.5746218562 -0.7671352029 -0.2851549387
-469.5 280.2 2774.7 -0.1089642122 0.9825876951 -0.1504930705 -0.8980824351 -0.0324122645 0.4386312068 0.4261158109 0.1829502881 0.8859765530
-498.9 37.8 2889.7 -0.0378892161 0.9841247797 -0.1733862013 -0.9810124040 -0.0036054451 0.1939115226 0.1902080029 0.1774411649 0.9655752182
-345.5 -91.9 2537.2 -0.1403186619 0.2436043769 -0.9596705437 0.0156387612 0.9696844220 0.2438596785 0.9899829030 0.0192100033 -0.1398744881
-442.3 -477.4 2529.6 -0.1631740034 0.1409250349 -0.9764806032 -0.1317368448 0.9777707458 0.1631250083 0.9777625799 0.1552562416 -0.1409817487
-431.8 -110.7 2695.9 -0.6062201858 0.0176234357 -0.7951015830 -0.0144010987 0.9993472695 0.0331305712 0.7951664925 0.0315347575 -0.6055706739
-438.8 -508.1 2683.3 -0.6062201858 0.0176234357 -0.7951015830 -0.0144010987 0.9993472695 0.0331305712 0.7951664925 0.0315347575 -0.6055706739
-40.1 516.4 2633.1 0 0 0 0 0 0 0 0 0
-508.8 -217.2 2939.2 0 0 0 0 0 0 0 0 0
-489.8 -806.8 2477.3 0 0 0 0 0 0 0 0 0
-445.5 -890.2 2671.3 0 0 0 0 0 0 0 0 0
-404.7 491.1 2676.3 28 -0.5367410183 -0.0118964296 -0.8436631560 -0.1144598871 0.9916840196 0.0588360652 0.8359473348 0.1281453222 -0.5336391926
-402.3 292.9 2650.7 -0.5367410183 -0.0118964296 -0.8436631560 -0.1144598871 0.9916840196 0.0588360652 0.8359473348 0.1281453222 -0.5336391926
-393.6 95.2 2631.2 -0.5369714499 -0.0437323488 -0.8424661160 -0.1062339619 0.9942107797 0.0161020551 0.8368846774 0.0981448591 -0.5385086536
-326.9 307.8 2533.2 -0.9722225070 -0.1908362806 -0.1355171651 -0.0136137186 0.6241139174 -0.7812147737 0.2336622775 -0.7576696873 -0.6093755960
-105.6 310.9 2480.0 -0.2452587336 -0.1908362806 0.9504891634 -0.7776903510 0.6241139174 -0.0753630549 -0.5788314939 -0.7576696873 -0.3014809191
-477.7 278.0 2768.2 -0.1340911984 0.9686712623 -0.2090348154 -0.9027605653 -0.0324081667 0.4289208055 0.4087088108 0.2462228984 0.8788238764
-513.9 34.4 2878.5 -0.0476949960 0.9704895020 -0.2363796681 -0.9829688668 -0.0035557812 0.1837376654 0.1774749607 0.2411172241 0.9541305304
-343.4 -93.0 2536.0 -0.2005152553 0.2505397201 -0.9471132159 0.0219672397 0.9676540494 0.2513226271 0.9794442654 0.0295885578 -0.1995330602
-443.0 -477.7 2524.3 -0.2201778293 0.1334556788 -0.9662873745 -0.1092122868 0.9809961319 0.1603721976 0.9693267941 0.1408408582 -0.2014185935
-434.0 -112.1 2688.4 -0.6567767262 0.0130273672 -0.7539725900 -0.0232756678 0.9990241528 0.0375366062 0.7537258267 0.0422023833 -0.6558325887
-439.2 -509.3 2671.6 -0.6567767262 0.0130273672 -0.7539725900 -0.0232756678 0.9990241528 0.0375366062 0.7537258267 0.0422023833 -0.6558325887
-41.0 515.8 2632.5 0 0 0 0 0 0 0 0 0
-526.3 -221.1 2924.6 0 0 0 0 0 0 0 0 0
-487.9 -807.5 2476.9 0 0 0 0 0 0 0 0 0
-444.2 -891.3 2655.5 0 0 0 0 0 0 0 0 0
-404.5 492.4 2676.5 29 -0.5222589970 -0.0190679897 -0.8525737524 -0.1203081831 0.9913986325 0.0515240431 0.8442579508 0.1294804960 -0.5200608373
-400.7 294.6 2650.7 -0.5222589970 -0.0190679897 -0.8525737524 -0.1203081831 0.9913986325 0.0515240431 0.8442579508 0.1294804960 -0.5200608373
-391.4 97.1 2629.6 -0.5224400163 -0.0467466637 -0.8513936996 -0.1148491800 0.9932550788 0.0159390960 0.8449059725 0.1061090901 -0.5242849588
-327.2 310.7 2531.9 -0.9757859707 -0.1790306121 -0.1256575137 -0.0138087990 0.6237703562 -0.7814856768 0.2182912976 -0.7608276010 -0.6111385226
-103.5 313.9 2481.9 -0.2457314134 -0.1790306121 0.9526615739 -0.7771626115 0.6237703562 -0.0832397193 -0.5793395638 -0.7608276010 -0.2924158573
-474.1 278.4 2769.5 -0.1233200654 0.9727551937 -0.1963147968 -0.9061582685 -0.0297339000 0.4218922555 0.4045606852 0.2299200594 0.8851369619
-507.4 33.9 2878.6 -0.0403850041 0.9743598104 -0.2213413864 -0.9844115376 -0.0008480751 0.1758782417 0.1711809784 0.2249938697 0.9592053294
-335.7 -92.7 2535.1 -0.1814267784 0.2707766294 -0.9453911185 0.0245040674 0.9622914195 0.2709146738 0.9830991030 0.0259852484 -0.1812205613
-443.3 -475.2 2524.8 -0.2020073384 0.1327552646 -0.9703448415 -0.1139708757 0.9808527231 0.1579194516 0.9727300406 0.1424919367 -0.1830092221
-429.9 -110.9 2686.0 -0.6440016627 0.0092925066 -0.7649676800 -0.0317883529 0.9987375736 0.0388938375 0.7643634081 0.0493647568 -0.6428932548
-433.6 -508.0 2666.4 -0.6440016627 0.0092925066 -0.7649676800 -0.0317883529 0.9987375736 0.0388938375 0.7643634081 0.0493647568 -0.6428932548
-38.8 518.4 2634.3 0 0 0 0 0 0 0 0 0
-517.9 -222.0 2923.1 0 0 0 0 0 0 0 0 0
-488.5 -808.7 2476.4 0 0 0 0 0 0 0 0 0
-437.2 -889.8 2647.5 0 0 0 0 0 0 0 0 0
-406.8 493.9 2675.2 30 -0.5123425126 -0.0467656627 -0.8575069308 -0.1137731299 0.9934108853 0.0137996506 0.8512113690 0.1046313941 -0.5142873526
-397.4 295.2 2654.2 -0.5123425126 -0.0467656627 -0.8575069308 -0.1137731299 0.9934108853 0.0137996506 0.8512113690 0.1046313941 -0.5142873526
-388.1 97.5 2635.4 -0.5127398968 -0.0466148071 -0.8572775722 -0.1053138375 0.9943990707 0.0089176316 0.8520603180 0.0948556140 -0.5147772431
-325.3 310.0 2534.4 -0.9729716182 -0.1925059259 -0.1275448501 -0.0221819524 0.6276800036 -0.7781553268 0.2298568785 -0.7542938590 -0.6149849892
-103.0 315.1 2481.9 -0.2428946644 -0.1925059259 0.9507595301 -0.7752304673 0.6276800036 -0.0709613934 -0.5831122398 -0.7542938590 -0.3016965985
-469.5 280.4 2774.1 -0.1178236902 0.9753195643 -0.1867332160 -0.9013165832 -0.0261020958 0.4323738217 0.4168285429 0.2192496210 0.8821471334
-501.3 37.2 2886.5 -0.0374033041 0.9768392444 -0.2106799930 -0.9823307991 0.0027463022 0.1871327013 0.1833771467 0.2139568329 0.9594765902
-334.2 -89.8 2531.1 -0.1716147810 0.2737514973 -0.9463659525 0.0314709060 0.9616506100 0.2724658847 0.9846613407 0.0169761796 -0.1736486703
-443.0 -472.1 2524.4 -0.1931772232 0.1367082149 -0.9715932608 -0.1101078466 0.9809699059 0.1599197686 0.9749660492 0.1378728896 -0.1744483858
-425.8 -109.8 2694.7 -0.6352930069 0.0087677445 -0.7722213864 -0.0233483035 0.9992603660 0.0305537693 0.7719181180 0.0374406539 -0.6346184611
-429.3 -507.1 2679.8 -0.6352930069 0.0087677445 -0.7722213864 -0.0233483035 0.9992603660 0.0305537693 0.7719181180 0.0374406539 -0.6346184611
-39.2 518.7 2635.0 0 0 0 0 0 0 0 0 0
-511.0 -218.2 2934.2 0 0 0 0 0 0 0 0 0
-489.9 -808.7 2477.1 0 0 0 0 0 0 0 0 0
-432.7 -889.1 2665.5 0 0 0 0 0 0 0 0 0
-408.7 495.0 2675.5 31 -0.4920171201 -0.0675298572 -0.8679624796 -0.1161069795 0.9931706786 -0.0114544695 0.8628084064 0.0951407030 -0.4964976609
-395.2 296.2 2656.4 -0.4920171201 -0.0675298572 -0.8679624796 -0.1161069795 0.9931706786 -0.0114544695 0.8628084064 0.0951407030 -0.4964976609
-385.3 98.5 2637.8 -0.4926198423 -0.0498730056 -0.8688143492 -0.1059033647 0.9943720102 0.0029670112 0.8637766838 0.0934719741 -0.4951291084
-325.9 311.1 2534.9 -0.9756826162 -0.1893796325 -0.1103576496 -0.0309241619 0.6173813343 -0.7860559821 0.2169957459 -0.7635284066 -0.6082246304
-102.1 318.1 2485.2 -0.2080859095 -0.1893796325 0.9596018195 -0.7851724625 0.6173813343 -0.0484199524 -0.5832704902 -0.7635284066 -0.2771640420
-464.5 281.3 2777.9 -0.1034153551 0.9801836610 -0.1689533740 -0.9008669853 -0.0203042496 0.4336201251 0.4215968847 0.1970474869 0.8851148486
-492.4 38.1 2891.7 -0.0278880186 0.9814256430 -0.1898050755 -0.9820515513 0.0085340273 0.1884195358 0.1865395755 0.1916530281 0.9635725617
-331.8 -90.5 2538.4 -0.1544821411 0.2838588059 -0.9463400245 0.0150984759 0.9584047198 0.2850129902 0.9878802299 0.0297411252 -0.1523422599
-444.7 -471.5 2526.6 -0.1743041724 0.1303740591 -0.9760228992 -0.1224493831 0.9806327820 0.1528576016 0.9770486951 0.1461571157 -0.1549641639
-420.5 -108.9 2698.5 -0.6174122095 0.0041943989 -0.7866286039 -0.0248313546 0.9993835092 0.0248185694 0.7862477303 0.0348563418 -0.6169274449
-422.2 -506.3 2684.6 -0.6174122095 0.0041943989 -0.7866286039 -0.0248313546 0.9993835092 0.0248185694 0.7862477303 0.0348563418 -0.6169274449
-47.3 525.0 2638.8 0 0 0 0 0 0 0 0 0
-499.6 -217.1 2940.2 0 0 0 0 0 0 0 0 0
-489.5 -808.4 2476.4 0 0 0 0 0 0 0 0 0
-423.8 -888.3 2671.3 0 0 0 0 0 0 0 0 0
-410.2 496.6 2666.1 32 -0.5557189584 -0.0630771518 -0.8289738894 -0.1040203273 0.9945573807 -0.0059444355 0.8248370886 0.0829267055 -0.5592557192
-397.6 297.7 2649.5 -0.5557189584 -0.0630771518 -0.8289738894 -0.1040203273 0.9945573807 -0.0059444355 0.8248370886 0.0829267055 -0.5592557192
-387.8 99.8 2633.6 -0.5562613606 -0.0498672165 -0.8295097947 -0.0944629014 0.9955222607 0.0034986213 0.8256210089 0.0803040490 -0.5584811568
-319.5 311.0 2533.7 -0.9738348722 -0.1890750229 -0.1260806769 -0.0141137103 0.6040410399 -0.7968282104 0.2268182188 -0.7741996050 -0.5909047723
-103.6 314.1 2483.4 -0.2227343172 -0.1890750229 0.9563681483 -0.7942521572 0.6040410399 -0.0655585900 -0.5652900934 -0.7741996050 -0.2847138941
-475.6 284.4 2765.4 -0.1407814771 0.9625861645 -0.2315349728 -0.8965293765 -0.0247337669 0.4422932267 0.4200186133 0.2698445916 0.8664688468
-513.6 42.6 2878.7 -0.0487158895 0.9644238949 -0.2598331571 -0.9801173806 0.0039384076 0.1983795613 0.1923453212 0.2643312216 0.9450567365
-330.2 -89.5 2540.0 -0.2246554643 0.2903932929 -0.9301621914 0.0349978283 0.9563511610 0.2901166379 0.9738095403 0.0326226316 -0.2250126451
-445.6 -469.7 2527.1 -0.2464268953 0.1277998388 -0.9606981874 -0.1122685894 0.9808297753 0.1592757106 0.9626367688 0.1471060514 -0.2273549289
-428.8 -106.8 2693.1 -0.6743764281 0.0088271918 -0.7383349538 -0.0132403607 0.9996231794 0.0240444429 0.7382690310 0.0259908270 -0.6740054488
-432.3 -504.2 2682.8 -0.6743764281 0.0088271918 -0.7383349538 -0.0132403607 0.9996231794 0.0240444429 0.7382690310 0.0259908270 -0.6740054488
-44.9 523.2 2632.2 0 0 0 0 0 0 0 0 0
-526.3 -212.1 2928.6 0 0 0 0 0 0 0 0 0
-489.6 -807.0 2476.5 0 0 0 0 0 0 0 0 0
-435.7 -886.4 2672.8 0 0 0 0 0 0 0 0 0
-411.3 494.7 2663.0 33 -0.6034883261 -0.0552708395 -0.7954539657 -0.1002173796 0.9949416518 0.0069001587 0.7910488844 0.0838824734 -0.6059747338
-400.2 295.5 2646.2 -0.6034883261 -0.0552708395 -0.7954539657 -0.1002173796 0.9949416518 0.0069001587 0.7910488844 0.0838824734 -0.6059747338
-391.0 97.5 2631.1 -0.6040984988 -0.0466648303 -0.7955421805 -0.0882988721 0.9960566759 0.0086235534 0.7920027375 0.0754549503 -0.6058368087
-315.4 307.9 2535.1 -0.9726312757 -0.2061747760 -0.1071466133 -0.0423756130 0.6107991934 -0.7906507850 0.2284573168 -0.7644712329 -0.6028192043
-101.3 317.3 2484.8 -0.2004198879 -0.2061747760 0.9577702284 -0.7910530567 0.6107991934 -0.0340492651 -0.5779852271 -0.7644712329 -0.2855114937
-485.0 283.1 2757.3 -0.1719485074 0.9450278282 -0.2781296074 -0.8945140839 -0.0315173268 0.4459274113 0.4126479030 0.3254674077 0.8507600427
-531.3 41.9 2868.5 -0.0674178526 0.9474074841 -0.3128480017 -0.9792979956 -0.0028504089 0.2024039179 0.1908672452 0.3200170696 0.9279863834
-327.1 -89.4 2542.1 -0.2764754593 0.3066921830 -0.9107695818 0.0522344634 0.9511051774 0.3044183254 0.9596003890 0.0365906432 -0.2789771557
-449.0 -467.5 2527.5 -0.2982824445 0.1136283353 -0.9476899505 -0.1050534099 0.9829479456 0.1509210169 0.9486787319 0.1445751488 -0.2812590599
-437.0 -108.6 2688.5 -0.7162911892 0.0150262713 -0.6976396441 -0.0064857523 0.9995815754 0.0281888675 0.6977713108 0.0247161556 -0.7158940434
-443.0 -506.0 2678.7 -0.7162911892 0.0150262713 -0.6976396441 -0.0064857523 0.9995815754 0.0281888675 0.6977713108 0.0247161556 -0.7158940434
-48.3 526.3 2637.5 0 0 0 0 0 0 0 0 0
-548.9 -212.6 2918.2 0 0 0 0 0 0 0 0 0
-488.6 -810.7 2477.1 0 0 0 0 0 0 0 0 0
-448.8 -888.2 2669.3 0 0 0 0 0 0 0 0 0
-412.9 498.0 2670.4 34 -0.6258362532 -0.0575227365 -0.7778304219 -0.1241906211 0.9919025898 0.0265688244 0.7700036764 0.1132269800 -0.6279124022
-401.4 298.7 2647.6 -0.6258362532 -0.0575227365 -0.7778304219 -0.1241906211 0.9919025898 0.0265688244 0.7700036764 0.1132269800 -0.6279124022
-391.6 101.1 2628.6 -0.6268505454 -0.0492519625 -0.7775812745 -0.1053236052 0.9941960573 0.0219347477 0.7719879150 0.0956474692 -0.6283997297
-313.3 313.5 2539.2 -0.9782285690 -0.2057080865 -0.0274417177 -0.1105247736 0.6283193827 -0.7700642943 0.1756506115 -0.7502658963 -0.6373758316
-93.8 338.3 2499.8 -0.1822282076 -0.2057080865 0.9614973068 -0.7778469324 0.6283193827 -0.0129956417 -0.6014540792 -0.7502658963 -0.2745069265
-489.4 284.0 2756.0 -0.1833501607 0.9352326989 -0.3028572798 -0.9030127525 -0.0384702086 0.4278877974 0.3885236681 0.3519372940 0.8515805602
-538.9 40.4 2860.8 -0.0722266287 0.9377593994 -0.3396919370 -0.9831471443 -0.0095906705 0.1825644225 0.1679436266 0.3471531570 0.9226481318
-326.5 -92.4 2543.7 -0.2988819480 0.2988370657 -0.9062924385 0.0485470705 0.9532349706 0.2983056009 0.9530544281 0.0451603122 -0.2994123697
-445.3 -471.4 2525.7 -0.3200859129 0.1214937717 -0.9395660162 -0.0961347967 0.9824586511 0.1597907990 0.9424983263 0.1414717734 -0.3027913868
-439.1 -106.1 2680.3 -0.7362902164 0.0134900194 -0.6765313745 -0.0216417871 0.9988203049 0.0434698835 0.6763197184 0.0466477983 -0.7351296544
-444.5 -503.2 2661.7 -0.7362902164 0.0134900194 -0.6765313745 -0.0216417871 0.9988203049 0.0434698835 0.6763197184 0.0466477983 -0.7351296544
-45.5 544.8 2659.5 0 0 0 0 0 0 0 0 0
-557.6 -215.1 2904.4 0 0 0 0 0 0 0 0 0
-487.7 -813.9 2476.4 0 0 0 0 0 0 0 0 0
-449.7 -884.9 2643.9 0 0 0 0 0 0 0 0 0
-409.6 500.0 2673.1 35 -0.6371429563 -0.0509309806 -0.7690610290 -0.1299959123 0.9906206131 0.0420937985 0.7597038150 0.1267945468 -0.6377877593
-399.4 301.5 2647.7 -0.6371429563 -0.0509309806 -0.7690610290 -0.1299959123 0.9906206131 0.0420937985 0.7597038150 0.1267945468 -0.6377877593
-390.1 104.0 2627.0 -0.6381374598 -0.0466679670 -0.7685067654 -0.1097786427 0.9934779406 0.0308263693 0.7620559335 0.1040370986 -0.6390986443
-309.7 316.9 2540.6 -0.9794499874 -0.2006619275 0.0203114692 -0.1416875869 0.6129055023 -0.7773489952 0.1435353309 -0.7642523050 -0.6287416220
-89.9 348.7 2508.3 -0.1699002981 -0.2006619275 0.9648153782 -0.7900702357 0.6129055023 -0.0116564883 -0.5890016556 -0.7642523050 -0.2626698613
-489.1 286.1 2754.8 -0.1925541312 0.9299890995 -0.3131183982 -0.9055791497 -0.0455079153 0.4217290878 0.3779540956 0.3647591770 0.8509414792
-541.1 41.7 2856.8 -0.0785838813 0.9327012897 -0.3519841731 -0.9842876196 -0.0165897813 0.1757915169 0.1581216305 0.3602680564 0.9193500280
-324.3 -86.8 2538.9 -0.3017262518 0.3082478046 -0.9021887779 0.0736328885 0.9509988427 0.3002989292 0.9505469203 0.0241773091 -0.3096384704
-446.9 -464.8 2529.3 -0.3285579681 0.1194657758 -0.9368978739 -0.1044894904 0.9812812805 0.1617683172 0.9386861324 0.1510462463 -0.3099248707
-439.3 -103.5 2676.1 -0.7458776832 0.0168301798 -0.6658702493 -0.0247242041 0.9982922673 0.0529272333 0.6656239033 0.0559403561 -0.7441878319
-446.0 -500.4 2653.9 -0.7458776832 0.0168301798 -0.6658702493 -0.0247242041 0.9982922673 0.0529272333 0.6656239033 0.0559403561 -0.7441878319
-44.3 560.6 2666.3 0 0 0 0 0 0 0 0 0
-561.5 -214.1 2897.9 0 0 0 0 0 0 0 0 0
-489.2 -812.8 2475.8 0 0 0 0 0 0 0 0 0
-452.4 -882.0 2632.5 0 0 0 0 0 0 0 0 0
-410.1 499.8 2675.9 36 -0.6217820048 -0.0485304520 -0.7816852927 -0.1315599233 0.9903681278 0.0431613363 0.7720615864 0.1296754032 -0.6221777797
-400.4 301.7 2650.0 -0.6217820048 -0.0485304520 -0.7816852927 -0.1315599233 0.9903681278 0.0431613363 0.7720615864 0.1296754032 -0.6221777797
-391.7 104.3 2628.1 -0.6226334572 -0.0436885022 -0.7812930942 -0.1132476926 0.9929597378 0.0347256176 0.7742754817 0.1101009697 -0.6231976151
