-215.9 426.9 2756.9 9 -0.0953043029 0.0729506910 -0.9927715063 -0.1453815997 0.9855976105 0.0863799155 0.9847747087 0.1525630951 -0.0833260044
-230.7 227.0 2726.0 -0.0953043029 0.0729506910 -0.9927715063 -0.1453815997 0.9855976105 0.0863799155 0.9847747087 0.1525630951 -0.0833260044
-244.9 29.8 2706.2 -0.0914577991 0.0715788975 -0.9932330847 -0.0927374810 0.9924664497 0.0800630003 0.9914813042 0.0994323194 -0.0841307491
-217.4 240.5 2581.2 -0.6194640994 0.1006472185 -0.7785462737 0.6707614660 0.5831133723 -0.4583207369 0.4078520238 -0.8061320782 -0.4287280738
-73.0 84.1 2486.2 -0.2090419084 0.1006472185 0.9727135301 -0.7797661424 0.5831133723 -0.2279114276 -0.5901408792 -0.8061320782 -0.0434138402
-244.1 213.5 2870.7 -0.2813526690 0.7753161788 -0.5654427409 -0.8592952490 0.0587304272 0.5080968142 0.4271444082 0.6288366318 0.6497015953
-321.2 -22.0 2987.7 0.2247384787 0.7753161788 -0.5902350545 -0.9561527967 0.0587304272 -0.2869190574 -0.1877882332 0.6288366318 0.7545197606
-247.4 -161.0 2595.2 -0.3939067721 0.1168239862 -0.9116960168 -0.0633512288 0.9860804081 0.1537270248 0.9169645905 0.1183111817 -0.3810228109
-293.8 -552.8 2548.2 -0.3802479804 -0.1339332312 -0.9151356816 -0.1861784011 0.9802892804 -0.0661097094 0.9059520364 0.1452404261 -0.3976885080
-267.5 -175.9 2777.2 0.0409121327 0.1556339562 0.9869672060 0.0845175907 0.9837149382 -0.1586245596 -0.9955817461 0.0899057612 0.0270920657
-326.4 -548.1 2743.2 0.0409121327 0.1556339562 0.9869672060 0.0845175907 0.9837149382 -0.1586245596 -0.9955817461 0.0899057612 0.0270920657
-11.7 312.7 2659.2 0 0 0 0 0 0 0 0 0
-258.0 -290.9 2934.9 0 0 0 0 0 0 0 0 0
-248.5 -884.5 2499.0 0 0 0 0 0 0 0 0 0
-383.0 -905.9 2710.5 0 0 0 0 0 0 0 0 0
-220.1 427.8 2766.8 0 -0.0716484860 0.0534763150 -0.9959953427 -0.1664859504 0.9839120507 0.0648039728 0.9834372997 0.1704623401 -0.0615927540
-230.9 228.7 2732.3 -0.0716484860 0.0534763150 -0.9959953427 -0.1664859504 0.9839120507 0.0648039728 0.9834372997 0.1704623401 -0.0615927540
-242.9 31.9 2707.9 -0.0688880011 0.0602319315 -0.9958044887 -0.1185506731 0.9906086922 0.0681187883 0.9905554652 0.1227458566 -0.0611005165
-220.9 246.0 2587.8 -0.6196054220 0.0754033923 -0.7812831998 0.6516561508 0.6042651534 -0.4584842920 0.4375309348 -0.7932074070 -0.4235430658
-76.5 94.1 2485.8 -0.2110682875 0.0754033923 0.9745585918 -0.7677753568 0.6042651534 -0.2130366266 -0.6049554944 -0.7932074070 -0.0696483478
-241.0 211.4 2876.9 -0.2606838048 0.7877404094 -0.5581299663 -0.8734214902 0.0538690239 0.4839762449 0.4113135636 0.6136474609 0.6739866138
-312.4 -28.0 2989.6 0.2334653586 0.7877404094 -0.5700517893 -0.9479604363 0.0538690239 -0.3137980103 -0.2164832354 0.6136474609 0.7593232393
-250.8 -158.9 2595.5 -0.3707152605 0.1115744337 -0.9220202565 -0.0687368363 0.9867388606 0.1470430046 0.9261994362 0.1178878397 -0.3581298888
-295.1 -551.0 2548.7 -0.3562742174 -0.1395364255 -0.9239038229 -0.1904102117 0.9788802266 -0.0744138062 0.9147746563 0.1494089961 -0.3753189445
-261.2 -175.7 2774.3 0.0183926281 0.1445067525 0.9893328547 0.1097953171 0.9832239747 -0.1456556618 -0.9937840104 0.1113031060 0.0022179091
-315.9 -547.6 2732.2 0.0183926281 0.1445067525 0.9893328547 0.1097953171 0.9832239747 -0.1456556618 -0.9937840104 0.1113031060 0.0022179091
-14.6 319.2 2663.1 0 0 0 0 0 0 0 0 0
-246.8 -294.5 2928.8 0 0 0 0 0 0 0 0 0
-247.8 -883.1 2498.0 0 0 0 0 0 0 0 0 0
-368.5 -905.2 2691.7 0 0 0 0 0 0 0 0 0
-222.5 428.6 2771.8 1 -0.0276234876 0.0534817353 -0.9981867075 -0.1666249633 0.9843510389 0.0573515594 0.9856333137 0.1679070741 -0.0182798151
-233.3 229.8 2737.9 -0.0276234876 0.0534817353 -0.9981867075 -0.1666249633 0.9843510389 0.0573515594 0.9856333137 0.1679070741 -0.0182798151
-245.3 33.0 2713.5 -0.0250390265 0.0598700270 -0.9978920817 -0.1215951368 0.9906110764 0.0624842457 0.9922639132 0.1229033694 -0.0175240338
-229.7 247.6 2593.1 -0.6036817431 0.0373682193 -0.7963491678 0.6468675137 0.6068104506 -0.4618912041 0.4659729302 -0.7939677238 -0.3904926777
-89.0 96.8 2484.5 -0.2328157574 0.0373682193 0.9718026519 -0.7673723102 0.6068104506 -0.2071735263 -0.5974417329 -0.7939677238 -0.1125997007
-237.0 212.1 2882.7 -0.2373628467 0.8134137392 -0.5310527086 -0.8761540651 0.0568367988 0.4786685705 0.4195389152 0.5789021850 0.6991847754
-302.0 -28.0 2997.7 0.2291478515 0.8134137392 -0.5346488357 -0.9460487962 0.0568367988 -0.3190004230 -0.2290915847 0.5789021850 0.7825530767
-248.7 -154.0 2592.8 -0.3276895881 0.1183522865 -0.9373431802 -0.0563982837 0.9879031777 0.1444526613 0.9431006312 0.1002001837 -0.3170507252
-295.7 -546.6 2552.9 -0.3110402226 -0.1404234767 -0.9399655461 -0.1957031339 0.9772922993 -0.0812404752 0.9300291538 0.1586851478 -0.3314585388
-259.5 -174.9 2779.9 -0.0255100038 0.1434144974 0.9893338680 0.1124743819 0.9837838411 -0.1397098154 -0.9933271408 0.1077107191 -0.0412267856
-313.7 -547.1 2739.2 -0.0255100038 0.1434144974 0.9893338680 0.1124743819 0.9837838411 -0.1397098154 -0.9933271408 0.1077107191 -0.0412267856
-20.7 321.7 2659.6 0 0 0 0 0 0 0 0 0
-237.6 -294.0 2933.2 0 0 0 0 0 0 0 0 0
-247.1 -884.4 2498.1 0 0 0 0 0 0 0 0 0
-365.9 -905.0 2700.0 0 0 0 0 0 0 0 0 0
-225.1 427.0 2773.8 2 -0.0344914533 0.0611057207 -0.9975351691 -0.1551244408 0.9857048392 0.0657447204 0.9872926474 0.1570097208 -0.0245194025
-237.4 228.0 2742.1 -0.0344914533 0.0611057207 -0.9975351691 -0.1551244408 0.9857048392 0.0657447204 0.9872926474 0.1570097208 -0.0245194025
-250.5 31.2 2718.3 -0.0320927687 0.0654472336 -0.9973398447 -0.1176642552 0.9906675816 0.0687956363 0.9925346971 0.1195590943 -0.0240924638
-232.8 245.2 2597.2 -0.6024527550 0.0462812074 -0.7968115807 0.6524782777 0.6035402417 -0.4582699239 0.4596985579 -0.7959882021 -0.3938019574
-92.3 93.0 2490.0 -0.2339527160 0.0462812074 0.9711458087 -0.7681310177 0.6035402417 -0.2138081789 -0.5960208774 -0.7959882021 -0.1056498438
-242.1 210.8 2886.9 -0.2456644624 0.8100783825 -0.5323739648 -0.8728740215 0.0539948530 0.4849489629 0.4215921164 0.5838301182 0.6938317418
-309.5 -28.4 3002.5 0.2247209847 0.8100783825 -0.5415473580 -0.9483028650 0.0539948530 -0.3127399683 -0.2241031080 0.5838301182 0.7803333998
-254.9 -152.7 2598.2 -0.3359369934 0.0996489525 -0.9365983009 -0.0678215250 0.9892472625 0.1295765936 0.9394394755 0.1070510969 -0.3255664110
-294.5 -545.7 2555.7 -0.3199403882 -0.1375010163 -0.9374068379 -0.2053624988 0.9759548306 -0.0730643570 0.9249131680 0.1691319644 -0.3404849172
-266.4 -176.4 2785.5 -0.0185125247 0.1490365118 0.9886583686 0.1088199466 0.9832540154 -0.1461841762 -0.9938890934 0.1048795134 -0.0344206579
-322.8 -548.4 2745.8 -0.0185125247 0.1490365118 0.9886583686 0.1088199466 0.9832540154 -0.1461841762 -0.9938890934 0.1048795134 -0.0344206579
-23.7 318.2 2664.8 0 0 0 0 0 0 0 0 0
-246.3 -295.1 2939.5 0 0 0 0 0 0 0 0 0
-246.9 -883.7 2497.1 0 0 0 0 0 0 0 0 0
-377.0 -906.1 2707.6 0 0 0 0 0 0 0 0 0
-230.5 425.1 2775.3 3 -0.0426497832 0.0465545021 -0.9980048537 -0.1523242891 0.9869326353 0.0525475964 0.9874098897 0.1542615145 -0.0350010842
-240.0 224.8 2744.0 -0.0426497832 0.0465545021 -0.9980048537 -0.1523242891 0.9869326353 0.0525475964 0.9874098897 0.1542615145 -0.0350010842
-250.8 27.8 2720.4 -0.0408012383 0.0545520596 -0.9976769686 -0.1161527112 0.9914796352 0.0589634031 0.9923929572 0.1182886660 -0.0341172293
-234.0 241.7 2599.1 -0.6133517027 0.0482773222 -0.7883330584 0.6473784447 0.6025041938 -0.4667867124 0.4524387419 -0.7966542840 -0.4008006454
-91.1 90.8 2493.6 -0.2204851806 0.0482773222 0.9741948247 -0.7714812756 0.6025041938 -0.2044636905 -0.5968274474 -0.7966542840 -0.0955981910
-245.9 207.9 2888.8 -0.2412868291 0.8036665320 -0.5439676642 -0.8743788004 0.0631323755 0.4811195433 0.4210016429 0.5917215943 0.6874759793
-312.1 -31.9 3004.3 0.2363214046 0.8036665320 -0.5461431146 -0.9464443922 0.0631323755 -0.3166343570 -0.2199891210 0.5917215943 0.7755451798
-260.5 -154.9 2603.6 -0.3462992013 0.0841716081 -0.9343404174 -0.0890914127 0.9885145426 0.1220723689 0.9338841438 0.1255152673 -0.3348228335
-294.0 -547.6 2553.7 -0.3332160711 -0.1352621764 -0.9330976605 -0.2001132369 0.9772545695 -0.0702012628 0.9213694930 0.1633329988 -0.3527046740
-265.4 -179.8 2787.9 -0.0097117545 0.1383417845 0.9903369546 0.1067195460 0.9848705530 -0.1365316361 -0.9942417145 0.1043623462 -0.0243285932
-317.8 -552.5 2748.4 -0.0097117545 0.1383417845 0.9903369546 0.1067195460 0.9848705530 -0.1365316361 -0.9942417145 0.1043623462 -0.0243285932
-26.4 317.0 2668.6 0 0 0 0 0 0 0 0 0
-245.6 -298.0 2942.4 0 0 0 0 0 0 0 0 0
-247.5 -883.4 2497.6 0 0 0 0 0 0 0 0 0
-368.1 -910.7 2710.4 0 0 0 0 0 0 0 0 0
-230.1 425.4 2776.0 4 -0.0399052165 0.0649339482 -0.9970913529 -0.1456524432 0.9868494868 0.0700962096 0.9885306954 0.1480259895 -0.0299226530
-243.3 225.0 2746.0 -0.0399052165 0.0649339482 -0.9970913529 -0.1456524432 0.9868494868 0.0700962096 0.9885306954 0.1480259895 -0.0299226530
-255.2 27.8 2724.2 -0.0374741219 0.0600114316 -0.9974940419 -0.1071455553 0.9921994805 0.0637181699 0.9935368896 0.1092648357 -0.0307518449
-237.8 240.6 2600.9 -0.6082949638 0.0481713712 -0.7922478914 0.6544649601 0.5951682925 -0.4663157165 0.4490577877 -0.8021559715 -0.3935643435
-96.0 88.0 2496.2 -0.2267190665 0.0481713712 0.9727681875 -0.7756115794 0.5951682925 -0.2102412432 -0.5890884399 -0.8021559715 -0.0975737274
-248.7 209.3 2891.0 -0.2440191954 0.8062890172 -0.5388438106 -0.8693461418 0.0643609539 0.4899948239 0.4297579527 0.5880099535 0.6852389574
-315.6 -29.0 3008.8 0.2307651192 0.8062890172 -0.5446517467 -0.9495218992 0.0643609539 -0.3070273995 -0.2124985158 0.5880099535 0.7804413438
-257.9 -158.5 2605.9 -0.3451776505 0.0888867229 -0.9343187809 -0.1024813876 0.9859830141 0.1316628605 0.9329254627 0.1411973536 -0.3312300444
-293.3 -550.3 2549.8 -0.3345312178 -0.1331200749 -0.9329351187 -0.1915853322 0.9789059162 -0.0709811002 0.9227046967 0.1549912840 -0.3529784381
-270.5 -179.1 2793.6 -0.0130931316 0.1436942965 0.9895355105 0.0979493484 0.9850451350 -0.1417462081 -0.9951052666 0.0950684547 -0.0269720890
-324.9 -551.8 2757.6 -0.0130931316 0.1436942965 0.9895355105 0.0979493484 0.9850451350 -0.1417462081 -0.9951052666 0.0950684547 -0.0269720890
-29.5 315.4 2668.9 0 0 0 0 0 0 0 0 0
-250.7 -296.1 2949.1 0 0 0 0 0 0 0 0 0
-248.0 -882.9 2497.2 0 0 0 0 0 0 0 0 0
-377.2 -910.2 2723.0 0 0 0 0 0 0 0 0 0
-232.1 425.5 2777.9 5 -0.0480582751 0.0607445613 -0.9969957471 -0.1526387781 0.9859789610 0.0674309954 0.9871128798 0.1554208249 -0.0381124727
-244.4 225.5 2746.4 -0.0480582751 0.0607445613 -0.9969957471 -0.1526387781 0.9859789610 0.0674309954 0.9871128798 0.1554208249 -0.0381124727
-256.0 28.4 2724.1 -0.0454421937 0.0586031117 -0.9972465634 -0.1092818975 0.9919948578 0.0632742196 0.9929715395 0.1118563190 -0.0386741646
-237.8 241.4 2601.4 -0.6122480035 0.0543355159 -0.7887966037 0.6531956792 0.5969010592 -0.4658803344 0.4455196857 -0.8004728556 -0.4009431899
-95.0 89.1 2497.5 -0.2215435505 0.0543355159 0.9736354947 -0.7744699717 0.5969010592 -0.2095360756 -0.5925493240 -0.8004728556 -0.0901583582
-251.0 209.5 2891.3 -0.2470245361 0.8014754653 -0.5446245670 -0.8703747392 0.0635351464 0.4882735312 0.4259420633 0.5946430564 0.6818892956
-318.8 -29.1 3008.1 0.2330005914 0.8014754653 -0.5507701635 -0.9489409924 0.0635351464 -0.3089890480 -0.2126538903 0.5946430564 0.7753566504
-263.7 -159.5 2611.4 -0.3530473411 0.0845724940 -0.9317752123 -0.1092221588 0.9853711724 0.1308211386 0.9292083383 0.1479565650 -0.3386454880
-297.3 -551.0 2552.6 -0.3398620784 -0.1450914741 -0.9292159081 -0.2111658454 0.9745732546 -0.0749395341 0.9164620638 0.1707495600 -0.3618588746
-271.8 -178.8 2792.9 -0.0051059155 0.1423902065 0.9897974133 0.1000629738 0.9849151969 -0.1411716789 -0.9949679971 0.0983212590 -0.0192768816
-325.7 -551.4 2755.7 -0.0051059155 0.1423902065 0.9897974133 0.1000629738 0.9849151969 -0.1411716789 -0.9949679971 0.0983212590 -0.0192768816
-30.1 316.2 2671.2 0 0 0 0 0 0 0 0 0
-253.2 -296.0 2948.3 0 0 0 0 0 0 0 0 0
-248.3 -880.1 2494.9 0 0 0 0 0 0 0 0 0
-377.5 -909.7 2719.9 0 0 0 0 0 0 0 0 0
-233.0 425.7 2777.3 6 -0.0554933734 0.0619013608 -0.9965383410 -0.1499223560 0.9862442017 0.0696105212 0.9871391654 0.1532662958 -0.0454496220
-245.6 225.4 2746.2 -0.0554933734 0.0619013608 -0.9965383410 -0.1499223560 0.9862442017 0.0696105212 0.9871391654 0.1532662958 -0.0454496220
-257.3 28.1 2725.8 -0.0523805879 0.0593078882 -0.9968644977 -0.0990932137 0.9929994941 0.0642848313 0.9936985373 0.1021497846 -0.0461368859
-237.9 239.8 2601.1 -0.6143062115 0.0606822111 -0.7867308855 0.6585655808 0.5886356235 -0.4688276947 0.4346483648 -0.8061177135 -0.4015657604
-94.7 86.3 2499.8 -0.2186410874 0.0606822111 0.9739167094 -0.7801544666 0.5886356235 -0.2118184566 -0.5861356854 -0.8061177135 -0.0813584328
-253.2 210.9 2891.3 -0.2512605786 0.7974782586 -0.5485404134 -0.8656266928 0.0684324652 0.4959913194 0.4330802858 0.5994542837 0.6731240749
-322.1 -26.4 3010.0 0.2330271900 0.7974782586 -0.5565310121 -0.9513871670 0.0684324652 -0.3002989590 -0.2013970912 0.5994542837 0.7746571898
-263.5 -158.7 2610.8 -0.3597618341 0.0801438242 -0.9295958281 -0.1018649489 0.9869751334 0.1245133430 0.9274669290 0.1394883841 -0.3469121456
-295.4 -550.9 2555.4 -0.3461267054 -0.1405867040 -0.9275945425 -0.2130285352 0.9746607542 -0.0682296753 0.9136821628 0.1739879996 -0.3673051000
-273.9 -178.3 2796.7 0.0018348083 0.1432187855 0.9896893501 0.0899335742 0.9856569171 -0.1428019851 -0.9959460497 0.0892683119 -0.0110716857
-328.1 -551.2 2762.9 0.0018348083 0.1432187855 0.9896893501 0.0899335742 0.9856569171 -0.1428019851 -0.9959460497 0.0892683119 -0.0110716857
-30.6 315.0 2671.6 0 0 0 0 0 0 0 0 0
-256.6 -294.0 2953.4 0 0 0 0 0 0 0 0 0
-247.4 -883.2 2496.0 0 0 0 0 0 0 0 0 0
-380.2 -909.8 2730.4 0 0 0 0 0 0 0 0 0
-234.8 425.5 2778.0 7 -0.0671337619 0.0607120097 -0.9958951473 -0.1534328908 0.9856459498 0.0704301819 0.9858759642 0.1575313061 -0.0568549037
-247.1 225.3 2746.1 -0.0671337619 0.0607120097 -0.9958951473 -0.1534328908 0.9856459498 0.0704301819 0.9858759642 0.1575313061 -0.0568549037
-259.0 28.2 2724.0 -0.0642833635 0.0596677437 -0.9961462617 -0.1066032723 0.9920884371 0.0663040131 0.9922214150 0.1104547009 -0.0574140064
-237.8 240.9 2601.2 -0.6183593869 0.0711413547 -0.7826688886 0.6562488675 0.5946820378 -0.4644251764 0.4323992729 -0.8008072376 -0.4144136310
-93.6 87.9 2500.4 -0.2129299492 0.0711413547 0.9744740725 -0.7752813697 0.5946820378 -0.2128195167 -0.5946424603 -0.8008072376 -0.0714710429
-256.5 209.8 2890.9 -0.2576879263 0.7904385924 -0.5557011962 -0.8685060143 0.0625520647 0.4917158782 0.4234314561 0.6093390584 0.6703817844
-327.2 -28.4 3007.0 0.2339344919 0.7904385924 -0.5661108494 -0.9501959085 0.0625520647 -0.3053112924 -0.2059184164 0.6093390584 0.7657045722
-264.3 -160.1 2614.4 -0.3708569109 0.0742993876 -0.9257131219 -0.1082632467 0.9865392447 0.1225535572 0.9223579764 0.1456705332 -0.3578209877
-293.8 -552.2 2556.5 -0.3590654135 -0.1316150129 -0.9239856601 -0.2114243954 0.9757409692 -0.0568266101 0.9090499282 0.1749486327 -0.3781814873
-276.7 -178.7 2793.1 0.0137538360 0.1436487436 0.9895331860 0.0975496769 0.9847132564 -0.1443049163 -0.9951356053 0.0985133871 -0.0004693038
-331.1 -551.3 2755.8 0.0137538360 0.1436487436 0.9895331860 0.0975496769 0.9847132564 -0.1443049163 -0.9951356053 0.0985133871 -0.0004693038
-31.2 315.2 2674.7 0 0 0 0 0 0 0 0 0
-261.4 -295.6 2949.1 0 0 0 0 0 0 0 0 0
-249.0 -884.3 2497.0 0 0 0 0 0 0 0 0 0
-383.3 -909.5 2720.0 0 0 0 0 0 0 0 0 0
-235.5 425.3 2776.9 8 -0.0352098234 0.0618501194 -0.9974641800 -0.1365431547 0.9884257913 0.0661095530 0.9900081754 0.1385246068 -0.0263570864
-248.0 224.9 2748.8 -0.0352098234 0.0618501194 -0.9974641800 -0.1365431547 0.9884257913 0.0661095530 0.9900081754 0.1385246068 -0.0263570864
-259.5 27.5 2729.5 -0.0327154733 0.0575419590 -0.9978069067 -0.0951338634 0.9936291575 0.0604202263 0.9949267507 0.0969019011 -0.0270328596
-243.3 238.8 2603.6 -0.6082302332 0.0428132825 -0.7926051617 0.6581087708 0.5854827762 -0.4733948708 0.4437891245 -0.8095535040 -0.3842841387
-101.5 85.4 2500.1 -0.2270363271 0.0428132825 0.9729447961 -0.7833958268 0.5854827762 -0.2085686177 -0.5785719156 -0.8095535040 -0.0993861184
-252.8 211.1 2894.0 -0.2393304110 0.8086854219 -0.5373535156 -0.8648645282 0.0739734173 0.4965252578 0.4412826300 0.5835716128 0.6816992164
-318.5 -26.0 3015.0 0.2327626646 0.8086854219 -0.5402308702 -0.9513324499 0.0739734173 -0.2991562486 -0.2019605786 0.5835716128 0.7865469456
-264.9 -159.1 2611.1 -0.3413130343 0.0776397213 -0.9367376566 -0.0993362367 0.9880223870 0.1180848628 0.9346858859 0.1333559006 -0.3295125067
-295.8 -551.8 2558.1 -0.3266236186 -0.1372137219 -0.9351413846 -0.2236941457 0.9725183845 -0.0645667911 0.9183016419 0.1880966127 -0.3483413756
-273.8 -178.6 2801.5 -0.0178241413 0.1409299225 0.9898591042 0.0858168602 0.9865786433 -0.1389175951 -0.9961515069 0.0824705139 -0.0296790805
-327.2 -551.9 2770.3 -0.0178241413 0.1409299225 0.9898591042 0.0858168602 0.9865786433 -0.1389175951 -0.9961515069 0.0824705139 -0.0296790805
-34.9 315.0 2669.8 0 0 0 0 0 0 0 0 0
-253.0 -293.6 2958.2 0 0 0 0 0 0 0 0 0
-249.2 -882.0 2494.2 0 0 0 0 0 0 0 0 0
-378.4 -910.7 2740.3 0 0 0 0 0 0 0 0 0
-236.7 426.0 2777.3 9 -0.0523066968 0.0690779686 -0.9962390661 -0.1224209219 0.9896367788 0.0750477836 0.9910989404 0.1258860081 -0.0433080420
-250.8 224.7 2751.7 -0.0523066968 0.0690779686 -0.9962390661 -0.1224209219 0.9896367788 0.0750477836 0.9910989404 0.1258860081 -0.0433080420
-262.9 27.1 2734.4 -0.0497660488 0.0610904023 -0.9968908429 -0.0836968943 0.9943616390 0.0651136637 0.9952477813 0.0866771117 -0.0443723723
-243.5 236.9 2606.4 -0.6121003032 0.0593282096 -0.7885514498 0.6661337614 0.5760565996 -0.4737347960 0.4261444211 -0.8152539134 -0.3921249211
-100.8 81.6 2507.1 -0.2214477062 0.0593282096 0.9733658433 -0.7887483239 0.5760565996 -0.2145574689 -0.5734431148 -0.8152539134 -0.0807713792
-258.0 212.5 2897.0 -0.2513003349 0.7992389798 -0.5459535122 -0.8585540056 0.0763786584 0.5070022941 0.4469152093 0.5961403847 0.6669958234
-326.9 -22.9 3019.5 0.2309986055 0.7992389798 -0.5548483729 -0.9547411203 0.0763786584 -0.2874642313 -0.1873740405 0.5961403847 0.7807096839
-267.8 -161.2 2619.1 -0.3593784571 0.0683142319 -0.9306880832 -0.1141422540 0.9866106510 0.1164942533 0.9261850119 0.1480963528 -0.3467690647
-295.0 -553.2 2560.2 -0.3457463086 -0.1339555681 -0.9287170768 -0.2329551131 0.9710239768 -0.0533323921 0.9089507461 0.1979099214 -0.3669335842
-279.6 -178.1 2808.4 -0.0007912520 0.1448763162 0.9894494414 0.0746387467 0.9866983891 -0.1444138139 -0.9972103238 0.0737370029 -0.0115941139
-334.4 -551.4 2780.6 -0.0007912520 0.1448763162 0.9894494414 0.0746387467 0.9866983891 -0.1444138139 -0.9972103238 0.0737370029 -0.0115941139
-35.9 312.8 2675.2 0 0 0 0 0 0 0 0 0
-262.0 -291.4 2966.8 0 0 0 0 0 0 0 0 0
-249.7 -881.3 2493.4 0 0 0 0 0 0 0 0 0
-387.1 -910.4 2753.7 0 0 0 0 0 0 0 0 0
-238.0 427.1 2776.6 0 -0.0538454838 0.0681595355 -0.9962203503 -0.1119192690 0.9909694195 0.0738494843 0.9922574162 0.1154727116 -0.0457308590
-251.8 225.8 2753.1 -0.0538454838 0.0681595355 -0.9962203503 -0.1119192690 0.9909694195 0.0738494843 0.9922574162 0.1154727116 -0.0457308590
-264.1 28.2 2736.5 -0.0517667830 0.0616065972 -0.9967571497 -0.0801124200 0.9946225286 0.0656353161 0.9954407215 0.0832503587 -0.0465529524
-244.3 237.5 2607.8 -0.6124716997 0.0613169521 -0.7881107926 0.6680670977 0.5731043816 -0.4745921791 0.4225691855 -0.8171851635 -0.3919740617
-101.5 81.7 2509.2 -0.2208714187 0.0613169521 0.9733735323 -0.7906373739 0.5731043816 -0.2155084461 -0.5710589290 -0.8171851635 -0.0781029016
-259.4 214.1 2898.4 -0.2527886927 0.7981336713 -0.5468825698 -0.8567302823 0.0779913142 0.5098338127 0.4495676458 0.5974110961 0.6640699506
-328.7 -20.8 3021.7 0.2307371944 0.7981336713 -0.5565456152 -0.9555534124 0.0779913142 -0.2843149304 -0.1835155934 0.5974110961 0.7806548476
-270.5 -162.8 2626.0 -0.3632287085 0.0645110905 -0.9294639230 -0.1396315694 0.9825640321 0.1227637455 0.9211774468 0.1743738204 -0.3478876650
-296.1 -553.1 2556.7 -0.3536981046 -0.1400629282 -0.9248135090 -0.2135288417 0.9747078419 -0.0659545884 0.9106608033 0.1741463393 -0.3746597767
-281.0 -176.8 2811.2 0.0012031998 0.1454398632 0.9893663526 0.0710548609 0.9868538976 -0.1451569498 -0.9974716902 0.0704739392 -0.0091468273
-336.1 -550.2 2784.5 0.0012031998 0.1454398632 0.9893663526 0.0710548609 0.9868538976 -0.1451569498 -0.9974716902 0.0704739392 -0.0091468273
-36.7 313.5 2676.7 0 0 0 0 0 0 0 0 0
-263.8 -289.5 2970.1 0 0 0 0 0 0 0 0 0
-249.1 -880.5 2498.2 0 0 0 0 0 0 0 0 0
-389.0 -909.2 2758.9 0 0 0 0 0 0 0 0 0
-238.3 427.4 2776.2 1 -0.0519475490 0.0694656149 -0.9962309003 -0.1111302301 0.9909797907 0.0748942494 0.9924472570 0.1146019399 -0.0437592417
-252.4 225.8 2752.8 -0.0519475490 0.0694656149 -0.9962309003 -0.1111302301 0.9909797907 0.0748942494 0.9924472570 0.1146019399 -0.0437592417
-264.6 28.2 2736.3 -0.0498890057 0.0610939376 -0.9968844652 -0.0798219889 0.9946905971 0.0649541691 0.9955599308 0.0828137994 -0.0447474867
-245.2 237.4 2607.5 -0.6121429801 0.0594361462 -0.7885102034 0.6677957177 0.5728783607 -0.4752465487 0.4234736264 -0.8174825311 -0.3903746605
-102.5 81.8 2508.8 -0.2213887572 0.0594361462 0.9733726978 -0.7909711599 0.5728783607 -0.2148835808 -0.5703960061 -0.8174825311 -0.0798165500
-259.7 214.2 2898.2 -0.2513992786 0.7991803885 -0.5459936857 -0.8567267656 0.0787383094 0.5097249746 0.4503528476 0.5959118605 0.6648844481
-328.7 -20.7 3021.7 0.2310573310 0.7991803885 -0.5549082756 -0.9554546475 0.0787383094 -0.2844410539 -0.1836271733 0.5959118605 0.7817736864
-271.5 -162.1 2628.7 -0.3611350358 0.0682891831 -0.9300097227 -0.1349499077 0.9829891920 0.1245822161 0.9226971269 0.1704957187 -0.3457762301
-298.7 -552.7 2560.9 -0.3476625383 -0.1518918276 -0.9252349138 -0.2333169729 0.9697661400 -0.0715320855 0.9081265926 0.1910039932 -0.3725903034
-281.3 -176.8 2811.2 -0.0006741359 0.1449179053 0.9894434810 0.0707164258 0.9869734645 -0.1445079595 -0.9974962473 0.0698724911 -0.0109134307
-336.1 -550.2 2784.7 -0.0006741359 0.1449179053 0.9894434810 0.0707164258 0.9869734645 -0.1445079595 -0.9974962473 0.0698724911 -0.0109134307
-37.5 313.7 2676.0 0 0 0 0 0 0 0 0 0
-263.7 -289.5 2970.1 0 0 0 0 0 0 0 0 0
-247.1 -882.0 2496.1 0 0 0 0 0 0 0 0 0
-388.9 -909.3 2759.3 0 0 0 0 0 0 0 0 0
-238.9 426.5 2776.5 2 -0.0092293127 0.0625891089 -0.9979966879 -0.1174895689 0.9910584688 0.0632404983 0.9930312037 0.1178378686 -0.0017932208
-251.6 225.2 2752.5 -0.0092293127 0.0625891089 -0.9979966879 -0.1174895689 0.9910584688 0.0632404983 0.9930312037 0.1178378686 -0.0017932208
-262.7 27.5 2735.1 -0.0074151661 0.0559440628 -0.9984063506 -0.0870990902 0.9946030974 0.0563778393 0.9961720705 0.0873783305 -0.0025024703
-250.5 237.8 2607.1 -0.5995779037 0.0201737154 -0.8000620604 0.6593923569 0.5789862275 -0.4795587957 0.4535504580 -0.8150876760 -0.3604497612
-110.7 84.1 2501.4 -0.2382891625 0.0201737154 0.9709846973 -0.7889754772 0.5789862275 -0.2056516558 -0.5663355589 -0.8150876760 -0.1220495775
-252.6 212.5 2897.9 -0.2249017507 0.8227909803 -0.5219522715 -0.8622086644 0.0814805776 0.4999570847 0.4538891613 0.5624729991 0.6910924315
-314.3 -23.9 3022.3 0.2310573608 0.8227909803 -0.5192566514 -0.9521486759 0.0814805776 -0.2945739329 -0.2000634521 0.5624729991 0.8022460341
-272.1 -162.1 2628.6 -0.3203734457 0.0694838017 -0.9447395802 -0.1360967308 0.9835838079 0.1184928864 0.9374638796 0.1665379405 -0.3056576252
-299.8 -553.0 2562.4 -0.3057278693 -0.1562974900 -0.9392026067 -0.2384048849 0.9675769806 -0.0834142044 0.9217882752 0.1984084398 -0.3330773413
-274.5 -178.1 2809.0 -0.0430881493 0.1392424107 0.9893204570 0.0776723474 0.9877098203 -0.1356328428 -0.9960473776 0.0709986687 -0.0533738732
-327.2 -551.8 2782.2 -0.0430881493 0.1392424107 0.9893204570 0.0776723474 0.9877098203 -0.1356328428 -0.9960473776 0.0709986687 -0.0533738732
-40.9 315.4 2667.4 0 0 0 0 0 0 0 0 0
-249.3 -291.6 2966.1 0 0 0 0 0 0 0 0 0
-246.4 -883.1 2494.7 0 0 0 0 0 0 0 0 0
-377.8 -911.1 2756.3 0 0 0 0 0 0 0 0 0
-240.6 425.3 2777.6 3 -0.0531344153 0.0574753806 -0.9969319701 -0.1306903958 0.9893550873 0.0640040860 0.9899983406 0.1336902529 -0.0450573228
-252.3 224.4 2750.5 -0.0531344153 0.0574753806 -0.9969319701 -0.1306903958 0.9893550873 0.0640040860 0.9899983406 0.1336902529 -0.0450573228
-262.7 26.9 2731.8 -0.0509549305 0.0523299128 -0.9973289967 -0.0913195536 0.9941986203 0.0568313040 0.9945171475 0.0939714760 -0.0458805785
-244.9 237.7 2605.4 -0.6186513305 0.0559165180 -0.7836733460 0.6577292085 0.5824286342 -0.4776705503 0.4297240973 -0.8109563589 -0.3970981538
-100.6 84.4 2505.2 -0.2135213464 0.0559165180 0.9753368497 -0.7864608169 0.5824286342 -0.2055633813 -0.5795584917 -0.8109563589 -0.0803847909
-259.8 211.1 2895.6 -0.2445287853 0.7974225879 -0.5516546369 -0.8641320467 0.0788701996 0.4970465302 0.4398652613 0.5982446671 0.6697924137
-326.8 -25.8 3016.1 0.2393721193 0.7974225879 -0.5539116859 -0.9514231682 0.0788701996 -0.2976129353 -0.1936361641 0.5982446671 0.7775656581
-273.2 -162.1 2626.5 -0.3609560728 0.0612976737 -0.9305661321 -0.1382455975 0.9832958579 0.1183949560 0.9222791791 0.1713820547 -0.3464524746
-297.5 -552.9 2558.4 -0.3485723138 -0.1517529786 -0.9249153137 -0.2277163714 0.9709505439 -0.0734867379 0.9091988802 0.1850029230 -0.3730031252
-277.8 -179.1 2804.2 0.0004736524 0.1360451430 0.9907025099 0.0817820281 0.9873787761 -0.1356278211 -0.9966500998 0.0810858980 -0.0106583731
-329.2 -552.6 2773.6 0.0004736524 0.1360451430 0.9907025099 0.0817820281 0.9873787761 -0.1356278211 -0.9966500998 0.0810858980 -0.0106583731
-38.0 314.9 2675.1 0 0 0 0 0 0 0 0 0
-259.5 -293.3 2961.7 0 0 0 0 0 0 0 0 0
-246.3 -880.8 2495.9 0 0 0 0 0 0 0 0 0
-378.7 -911.8 2744.1 0 0 0 0 0 0 0 0 0
-242.0 423.5 2776.7 4 -0.0808890238 0.0515159853 -0.9953908920 -0.1348429471 0.9889166355 0.0621387325 0.9875597954 0.1392477900 -0.0730459318
-252.4 223.4 2748.5 -0.0808890238 0.0515159853 -0.9953908920 -0.1348429471 0.9889166355 0.0621387325 0.9875597954 0.1392477900 -0.0730459318
-262.6 25.9 2729.5 -0.0786426738 0.0516340248 -0.9955648184 -0.0916588157 0.9940531850 0.0587960295 0.9926801920 0.0958761722 -0.0734422877
-240.9 236.8 2603.7 -0.6290348768 0.0794721693 -0.7733041048 0.6587445736 0.5826762319 -0.4759663939 0.4127598703 -0.8088093400 -0.4188755453
-94.3 83.2 2507.4 -0.1989188641 0.0794721693 0.9767883420 -0.7857871652 0.5826762319 -0.2074292302 -0.5856361985 -0.8088093400 -0.0534570850
-263.9 210.1 2893.4 -0.2583509982 0.7806978822 -0.5690040588 -0.8637703657 0.0770873800 0.4979541004 0.4326147437 0.6201357841 0.6544280648
-334.7 -26.7 3012.0 0.2428681701 0.7806978822 -0.5757828355 -0.9517785311 0.0770873800 -0.2969430983 -0.1874372512 0.6201357841 0.7617735267
-268.4 -162.3 2622.1 -0.3863343596 0.0761744007 -0.9192079306 -0.1338440776 0.9814056158 0.1375820935 0.9125960469 0.1761832237 -0.3689552248
-298.7 -552.3 2552.1 -0.3765667379 -0.1522274315 -0.9137966633 -0.2029410303 0.9760021567 -0.0789600834 0.9038873911 0.1557130963 -0.3984231353
-280.1 -180.0 2801.4 0.0282214172 0.1357055157 0.9903472066 0.0822207332 0.9870694876 -0.1375993788 -0.9962145090 0.0853103250 0.0166986920
-331.4 -553.5 2769.1 0.0282214172 0.1357055157 0.9903472066 0.0822207332 0.9870694876 -0.1375993788 -0.9962145090 0.0853103250 0.0166986920
-35.9 313.6 2679.1 0 0 0 0 0 0 0 0 0
-266.4 -294.4 2959.3 0 0 0 0 0 0 0 0 0
-247.2 -882.3 2499.4 0 0 0 0 0 0 0 0 0
-380.8 -912.6 2738.0 0 0 0 0 0 0 0 0 0
-242.2 424.3 2776.2 5 -0.0634915084 0.0550053902 -0.9964653850 -0.1154468134 0.9913718104 0.0620801188 0.9912824035 0.1189803183 -0.0565934964
-253.3 223.8 2752.2 -0.0634915084 0.0550053902 -0.9964653850 -0.1154468134 0.9913718104 0.0620801188 0.9912824035 0.1189803183 -0.0565934964
-263.6 26.1 2735.6 -0.0615937226 0.0519108474 -0.9967504740 -0.0801854134 0.9951612949 0.0567831025 0.9948751330 0.0834223330 -0.0571331941
-244.3 235.5 2607.0 -0.6228045821 0.0648894310 -0.7796818614 0.6627764106 0.5733110905 -0.4817071855 0.4157425463 -0.8167641759 -0.4000679553
-99.1 81.0 2510.0 -0.2078012675 0.0648894310 0.9760164022 -0.7927827835 0.5733110905 -0.2069054395 -0.5729869604 -0.8167641759 -0.0676915422
-262.3 212.1 2897.4 -0.2497785389 0.7910329700 -0.5584599376 -0.8588835597 0.0853298530 0.5050127506 0.4471350610 0.6057934165 0.6580916047
-330.8 -23.4 3019.9 0.2411098331 0.7910329700 -0.5622569323 -0.9535607696 0.0853298530 -0.2888610661 -0.1805213243 0.6057934165 0.7748718858
-265.7 -163.2 2619.5 -0.3703081012 0.0844470710 -0.9250624776 -0.1207537949 0.9830325842 0.1380775124 0.9210268259 0.1628360301 -0.3538276255
-299.2 -553.8 2554.8 -0.3571384847 -0.1541874707 -0.9212374091 -0.2153279930 0.9733064771 -0.0794255063 0.9088926911 0.1700022966 -0.3808060586
-279.5 -179.0 2810.2 0.0111326063 0.1357744038 0.9906772375 0.0706497058 0.9881558418 -0.1362227648 -0.9974390864 0.0715075731 0.0014083275
-330.9 -552.9 2783.1 0.0111326063 0.1357744038 0.9906772375 0.0706497058 0.9881558418 -0.1362227648 -0.9974390864 0.0715075731 0.0014083275
-38.2 313.4 2678.0 0 0 0 0 0 0 0 0 0
-263.0 -291.5 2969.2 0 0 0 0 0 0 0 0 0
-247.1 -883.1 2497.3 0 0 0 0 0 0 0 0 0
-380.3 -912.4 2757.1 0 0 0 0 0 0 0 0 0
-241.9 424.1 2776.0 6 -0.0632931069 0.0604755916 -0.9961609840 -0.1129758507 0.9913118482 0.0673593581 0.9915797710 0.1168055236 -0.0559109226
-254.1 224.1 2752.4 -0.0632931069 0.0604755916 -0.9961609840 -0.1129758507 0.9913118482 0.0673593581 0.9915797710 0.1168055236 -0.0559109226
-264.6 26.4 2736.0 -0.0613527521 0.0530443564 -0.9967056513 -0.0790212303 0.9951942563 0.0578281134 0.9949831367 0.0823088214 -0.0568662733
-245.1 235.6 2607.2 -0.6219297051 0.0652555302 -0.7803493738 0.6639257669 0.5723387599 -0.4812804461 0.4152179956 -0.8174166679 -0.3992793262
-100.1 80.8 2510.4 -0.2088721842 0.0652555302 0.9757633805 -0.7931818366 0.5723387599 -0.2080646753 -0.5720445514 -0.8174166679 -0.0677861497
-263.0 212.6 2897.7 -0.2506730258 0.7913376093 -0.5576269627 -0.8580262661 0.0851167962 0.5065038204 0.4482789338 0.6054253578 0.6576519608
-331.8 -22.7 3020.6 0.2400137633 0.7913376093 -0.5622972250 -0.9540126920 0.0851167962 -0.2874281406 -0.1795917600 0.6054253578 0.7753753066
-268.3 -164.3 2627.8 -0.3721517324 0.0750284046 -0.9251344800 -0.1439577043 0.9800004363 0.1373875737 0.9169401526 0.1843092591 -0.3539079428
-298.1 -553.7 2554.6 -0.3631420732 -0.1480244994 -0.9199002981 -0.2090223879 0.9750773907 -0.0743890628 0.9079853892 0.1652659625 -0.3850320578
-280.8 -178.6 2810.9 0.0108803185 0.1369888633 0.9905128479 0.0695395097 0.9880695343 -0.1374148130 -0.9975198507 0.0703748912 0.0012243727
-332.6 -552.5 2784.3 0.0108803185 0.1369888633 0.9905128479 0.0695395097 0.9880695343 -0.1374148130 -0.9975198507 0.0703748912 0.0012243727
-38.9 313.4 2678.1 0 0 0 0 0 0 0 0 0
-264.3 -291.0 2970.1 0 0 0 0 0 0 0 0 0
-247.9 -884.3 2498.5 0 0 0 0 0 0 0 0 0
-382.4 -911.9 2758.7 0 0 0 0 0 0 0 0 0
-241.8 423.1 2776.4 7 -0.0645014942 0.0599067546 -0.9961178303 -0.1145533025 0.9911534190 0.0670258477 0.9913209081 0.1184318587 -0.0570683554
-253.8 223.4 2752.5 -0.0645014942 0.0599067546 -0.9961178303 -0.1145533025 0.9911534190 0.0670258477 0.9913209081 0.1184318587 -0.0570683554
-264.3 25.7 2736.6 -0.0623401813 0.0528889075 -0.9966526031 -0.0764883086 0.9954048991 0.0576070063 0.9951196909 0.0798235089 -0.0580083430
-244.7 234.6 2607.2 -0.6223927736 0.0660293847 -0.7799149752 0.6649351120 0.5702573657 -0.4823565185 0.4129025340 -0.8188080788 -0.3988293409
-99.6 79.6 2511.0 -0.2082426250 0.0660293847 0.9758458734 -0.7946539521 0.5702573657 -0.2081625611 -0.5702281594 -0.8188080788 -0.0662813857
-262.9 212.3 2897.8 -0.2511036396 0.7907300591 -0.5582946539 -0.8568559885 0.0867191032 0.5082102418 0.4502719343 0.6059915423 0.6557663083
-331.8 -22.7 3021.3 0.2402744293 0.7907300591 -0.5630400777 -0.9544425607 0.0867191032 -0.2855156064 -0.1769394577 0.6059915423 0.7755428553
-269.5 -164.1 2628.4 -0.3726575077 0.0743853524 -0.9249828458 -0.1364011914 0.9815642834 0.1338889003 0.9178894758 0.1760634631 -0.3556410372
-299.1 -554.2 2558.5 -0.3600762486 -0.1551278532 -0.9199350476 -0.2253920138 0.9713326693 -0.0755732059 0.9052864313 0.1801338941 -0.3847183883
-280.6 -179.2 2812.0 0.0118710557 0.1368937343 0.9905145764 0.0669966713 0.9882495403 -0.1373836249 -0.9976825714 0.0679920688 0.0025601417
-332.4 -553.1 2786.3 0.0118710557 0.1368937343 0.9905145764 0.0669966713 0.9882495403 -0.1373836249 -0.9976825714 0.0679920688 0.0025601417
-38.6 312.5 2678.2 0 0 0 0 0 0 0 0 0
-264.2 -291.1 2971.5 0 0 0 0 0 0 0 0 0
-246.4 -883.7 2497.4 0 0 0 0 0 0 0 0 0
-382.2 -912.6 2761.5 0 0 0 0 0 0 0 0 0
-242.5 425.8 2787.1 8 -0.0457748808 0.0522196405 -0.9975859523 -0.1352609396 0.9891119599 0.0579825975 0.9897520542 0.1375885606 -0.0382132046
-253.0 225.7 2759.2 -0.0457748808 0.0522196405 -0.9975859523 -0.1352609396 0.9891119599 0.0579825975 0.9897520542 0.1375885606 -0.0382132046
-262.8 28.2 2739.8 -0.0437322222 0.0488883071 -0.9978463650 -0.0951955318 0.9940533638 0.0528745688 0.9944975376 0.0973028392 -0.0388182141
-246.7 239.6 2614.1 -0.6183771491 0.0479384176 -0.7844180465 0.6535760164 0.5856408477 -0.4794405103 0.4364036024 -0.8091518879 -0.3934783041
-102.5 87.2 2512.3 -0.2142709941 0.0479384176 0.9755972028 -0.7851951122 0.5856408477 -0.2012298107 -0.5809961557 -0.8091518879 -0.0878448263
-259.4 211.8 2904.4 -0.2382884771 0.8011575341 -0.5489673615 -0.8664671779 0.0799548253 0.4927898943 0.4386949241 0.5930883288 0.6751244068
-324.7 -25.7 3024.7 0.2420766354 0.8011575341 -0.5473074913 -0.9496342540 0.0799548253 -0.3029884696 -0.1989816278 0.5930883288 0.7801618576
-269.1 -165.1 2629.5 -0.3535758853 0.0785896704 -0.9320985675 -0.1359787881 0.9815610647 0.1343413442 0.9254695177 0.1742454916 -0.3363697827
-300.4 -555.2 2560.2 -0.3407281041 -0.1514856964 -0.9278773665 -0.2291972637 0.9705411196 -0.0742869154 0.9117965698 0.1873553246 -0.3654107451
-276.5 -178.0 2811.7 -0.0067167506 0.1328877509 0.9911083579 0.0855030417 0.9875772595 -0.1318348497 -0.9963152409 0.0838572755 -0.0179956164
-326.8 -551.6 2780.0 -0.0067167506 0.1328877509 0.9911083579 0.0855030417 0.9875772595 -0.1318348497 -0.9963152409 0.0838572755 -0.0179956164
-39.7 317.4 2682.6 0 0 0 0 0 0 0 0 0
-256.7 -292.8 2968.7 0 0 0 0 0 0 0 0 0
-249.2 -882.8 2497.0 0 0 0 0 0 0 0 0 0
-375.1 -910.9 2749.4 0 0 0 0 0 0 0 0 0
-242.5 426.8 2791.9 9 -0.0031700318 0.0386194922 -0.9992489815 -0.1405342817 0.9893199205 0.0386815816 0.9900707603 0.1405513585 0.0022911872
-250.4 226.6 2763.5 -0.0031700318 0.0386194922 -0.9992489815 -0.1405342817 0.9893199205 0.0386815816 0.9900707603 0.1405513585 0.0022911872
-258.5 29.2 2742.7 -0.0017327055 0.0410228707 -0.9991567135 -0.1047470346 0.9936542511 0.0409786031 0.9944974184 0.1047297046 0.0025753139
-250.1 241.9 2618.3 -0.6076644659 0.0077147409 -0.7941563725 0.6419525146 0.5935046077 -0.4854371250 0.4675904810 -0.8047935963 -0.3656041622
-108.5 92.2 2509.3 -0.2285944670 0.0077147409 0.9734911919 -0.7824593782 0.5935046077 -0.1884399354 -0.5792252421 -0.8047935963 -0.1296354085
-250.6 211.4 2908.6 -0.2097418308 0.8238894343 -0.5265116692 -0.8734557033 0.0841197297 0.4795820713 0.4394126236 0.5604730844 0.7019875050
-308.1 -28.0 3029.1 0.2446837574 0.8238894343 -0.5112103820 -0.9448060393 0.0841197297 -0.3166472018 -0.2178794146 0.5604730844 0.7989984155
-268.5 -160.6 2629.3 -0.3126084805 0.0781877562 -0.9466586709 -0.1353611797 0.9827686548 0.1258695722 0.9401879311 0.1674887240 -0.2966382205
-299.6 -551.1 2562.8 -0.2990824878 -0.1519136578 -0.9420572519 -0.2320912182 0.9691802263 -0.0826035663 0.9255719185 0.1939379424 -0.3251226842
-266.9 -177.8 2812.9 -0.0486090071 0.1244828925 0.9910303354 0.0946166590 0.9883153439 -0.1195010170 -0.9943263531 0.0879591554 -0.0598191805
-314.0 -551.7 2779.6 -0.0486090071 0.1244828925 0.9910303354 0.0946166590 0.9883153439 -0.1195010170 -0.9943263531 0.0879591554 -0.0598191805
-41.5 321.6 2679.1 0 0 0 0 0 0 0 0 0
-239.3 -293.7 2967.8 0 0 0 0 0 0 0 0 0
-247.6 -882.8 2496.4 0 0 0 0 0 0 0 0 0
-359.3 -911.2 2747.6 0 0 0 0 0 0 0 0 0
-245.4 426.7 2795.8 0 0.0111081125 0.0160962511 -0.9998087287 -0.1466780007 0.9890810251 0.0142939156 0.9891219139 0.1464911699 0.0133477887
-248.7 226.7 2766.2 0.0111081125 0.0160962511 -0.9998087287 -0.1466780007 0.9890810251 0.0142939156 0.9891219139 0.1464911699 0.0133477887
-255.1 29.5 2743.2 0.0118570030 0.0322834849 -0.9994084239 -0.1160000041 0.9927748442 0.0306929760 0.9931784272 0.1155674532 0.0155162187
-250.4 243.6 2621.3 -0.6081890464 -0.0084307846 -0.7937474251 0.6303545237 0.6026164889 -0.4893940389 0.4824512899 -0.7979863882 -0.3611903787
-108.6 96.7 2508.8 -0.2279455811 -0.0084307846 0.9736374021 -0.7781627774 0.6026164889 -0.1769634485 -0.5852379799 -0.7979863882 -0.1439242810
-246.9 209.8 2911.2 -0.1953302622 0.8299893141 -0.5224593878 -0.8803859949 0.0863533989 0.4663298726 0.4321649671 0.5510542989 0.7138435245
-300.4 -31.5 3029.7 0.2516114116 0.8299893141 -0.4978046119 -0.9396795034 0.0863533989 -0.3309766054 -0.2317199260 0.5510542989 0.8016514182
-266.6 -158.6 2630.7 -0.2988992333 0.0790221244 -0.9510072470 -0.1432265341 0.9815622568 0.1265767962 0.9434751868 0.1740431786 -0.2820701599
-298.0 -548.7 2561.5 -0.2882615924 -0.1452196389 -0.9464758635 -0.2212252170 0.9717922211 -0.0817269459 0.9316462278 0.1858255863 -0.3122566342
-260.4 -178.4 2811.3 -0.0620912872 0.1155649796 0.9913573861 0.1053198650 0.9884869456 -0.1086339056 -0.9924980402 0.0976644084 -0.0735477135
-304.2 -552.4 2774.3 -0.0620912872 0.1155649796 0.9913573861 0.1053198650 0.9884869456 -0.1086339056 -0.9924980402 0.0976644084 -0.0735477135
-41.8 324.8 2680.4 0 0 0 0 0 0 0 0 0
-229.7 -295.7 2964.5 0 0 0 0 0 0 0 0 0
-248.2 -881.6 2497.9 0 0 0 0 0 0 0 0 0
-346.2 -911.9 2738.8 0 0 0 0 0 0 0 0 0
-245.4 425.1 2796.8 1 -0.0187628381 0.0380216092 -0.9991007447 -0.1486269683 0.9880680442 0.0403929204 0.9887152910 0.1492512077 -0.0128879249
-253.1 224.9 2766.6 -0.0187628381 0.0380216092 -0.9991007447 -0.1486269683 0.9880680442 0.0403929204 0.9887152910 0.1492512077 -0.0128879249
-261.3 27.5 2745.3 -0.0170691740 0.0410028808 -0.9990132451 -0.1061590835 0.9934367537 0.0425878391 0.9942026138 0.1067812666 -0.0126043167
-250.6 240.4 2621.4 -0.6137032509 0.0209351331 -0.7892591953 0.6422666907 0.5946359634 -0.4836337268 0.4591969550 -0.8037225008 -0.3783759475
-107.6 90.7 2514.4 -0.2209782302 0.0209351331 0.9750540257 -0.7812643051 0.5946359634 -0.1898266077 -0.5837762356 -0.8037225008 -0.1150457263
-255.6 209.5 2911.7 -0.2178303301 0.8153859377 -0.5363727212 -0.8736751080 0.0820470899 0.4795415103 0.4350192249 0.5730742216 0.6945100427
-315.3 -30.0 3030.9 0.2465529293 0.8153859377 -0.5237913728 -0.9448597431 0.0820470899 -0.3170305789 -0.2155267298 0.5730742216 0.7906543016
-262.6 -157.1 2629.2 -0.3262104392 0.0926960558 -0.9407413006 -0.1255791634 0.9821103215 0.1403180510 0.9369186759 0.1639107168 -0.3087339401
-299.5 -547.4 2564.1 -0.3122140765 -0.1477052569 -0.9384590983 -0.2305652499 0.9700861573 -0.0759767964 0.9216083884 0.1926550269 -0.3369302750
-271.0 -179.5 2815.2 -0.0332831219 0.1247140467 0.9916343093 0.0961274654 0.9879835844 -0.1210284978 -0.9948124290 0.0912950858 -0.0448716246
-318.2 -553.3 2780.6 -0.0332831219 0.1247140467 0.9916343093 0.0961274654 0.9879835844 -0.1210284978 -0.9948124290 0.0912950858 -0.0448716246
-42.8 319.7 2685.5 0 0 0 0 0 0 0 0 0
-245.9 -295.7 2970.3 0 0 0 0 0 0 0 0 0
-248.4 -882.7 2497.5 0 0 0 0 0 0 0 0 0
-363.6 -912.7 2747.4 0 0 0 0 0 0 0 0 0
-245.2 425.4 2797.3 2 -0.0250741784 0.0466986597 -0.9985942841 -0.1430057883 0.9884673357 0.0498158783 0.9894042015 0.1440538466 -0.0181068294
-254.6 225.2 2768.1 -0.0250741784 0.0466986597 -0.9985942841 -0.1430057883 0.9884673357 0.0498158783 0.9894042015 0.1440538466 -0.0181068294
-263.3 27.8 2747.2 -0.0232887045 0.0434152335 -0.9987856150 -0.1037348583 0.9935588241 0.0456068218 0.9943323135 0.1046710163 -0.0186350252
-251.2 240.3 2622.9 -0.6144425273 0.0275231674 -0.7884813547 0.6452303529 0.5926505923 -0.4821234643 0.4540243745 -0.8049892783 -0.3819085062
