-380.1 520.5 2646.1 6 -0.8706466556 -0.1112897396 -0.4791544676 -0.1481991261 0.9881574512 0.0397727489 0.4690537453 0.1056382880 -0.8768290281
-356.5 310.9 2623.7 -0.8706466556 -0.1112897396 -0.4791544676 -0.1481991261 0.9881574512 0.0397727489 0.4690537453 0.1056382880 -0.8768290281
-350.6 113.1 2613.2 -0.8774859309 -0.0289691295 -0.4787266850 -0.0513451099 0.9981117249 0.0337148160 0.4768460393 0.0541645475 -0.8773164153
-234.4 318.0 2557.6 -0.7847538590 -0.6001056433 0.1550308168 -0.5423456430 0.5437678695 -0.6404511929 0.3000375926 -0.5866768360 -0.7521886230
-55.6 441.6 2489.2 -0.4523016214 -0.6001056433 0.6597700119 -0.8355811834 0.5437678695 -0.0782341361 -0.3118129671 -0.5866768360 -0.7473840714
-478.5 303.7 2689.8 -0.3623231053 0.7286542058 -0.5811927319 -0.8817428946 -0.0658686459 0.4671090245 0.3020785749 0.6817069650 0.6663513780
-575.8 67.0 2770.9 -0.1808518469 0.7343199849 -0.6542680860 -0.9731124043 -0.0371249691 0.2273190022 0.1426351964 0.6777874827 0.7212900519
-268.8 -96.0 2571.7 -0.6145328879 0.3592331409 -0.7023537755 0.1269773096 0.9237383008 0.3613644540 0.7786052227 0.1328873634 -0.6132820845
-411.3 -462.4 2519.0 -0.6402402520 0.1887852401 -0.7446157336 0.0161816329 0.9724305272 0.2326305956 0.7680042982 0.1368903667 -0.6256440282
-424.3 -89.3 2645.8 -0.9204449654 0.1727351546 -0.3506331146 0.1901816726 0.9816240072 -0.0156596601 0.3414849341 -0.0810978487 -0.9363819957
-491.9 -473.4 2677.5 -0.9232745767 -0.1646857113 -0.3470484912 -0.1771652848 0.9841716886 0.0043025548 0.3408467174 0.0654573813 -0.9378373027
66.3 666.8 2573.3 0 0 0 0 0 0 0 0 0
-622.6 -185.0 2807.8 0 0 0 0 0 0 0 0 0
-479.7 -814.8 2469.4 0 0 0 0 0 0 0 0 0
-438.5 -792.1 2656.3 0 0 0 0 0 0 0 0 0
-377.9 512.9 2661.0 7 -0.8104506135 -0.0807223395 -0.5802187324 -0.1408175379 0.9882638454 0.0592029952 0.5686301589 0.1296860725 -0.8123061657
-361.3 310.3 2634.4 -0.8104506135 -0.0807223395 -0.5802187324 -0.1408175379 0.9882638454 0.0592029952 0.5686301589 0.1296860725 -0.8123061657
-355.1 112.8 2617.0 -0.8140639663 -0.0331505090 -0.5798283815 -0.0778669193 0.9955856204 0.0524025448 0.5755316019 0.0878084674 -0.8130517006
-248.3 321.4 2554.5 -0.8237677813 -0.5278012156 0.2069601268 -0.5025632381 0.5109031200 -0.6974297166 0.2623676658 -0.6785306931 -0.6861190200
-51.3 441.6 2491.8 -0.4368112087 -0.5278012156 0.7284379601 -0.8483975530 0.5109031200 -0.1385626346 -0.2990276814 -0.6785306931 -0.6709535122
-474.4 299.3 2714.2 -0.3151223660 0.8046675324 -0.5031978488 -0.8954707980 -0.0764651299 0.4385032356 0.3143722117 0.5887811780 0.7446521521
-559.1 58.5 2798.7 -0.1537350118 0.8094572425 -0.5666961670 -0.9792423844 -0.0481371582 0.1968936473 0.1320978403 0.5852023363 0.8000552058
-263.8 -80.7 2560.1 -0.5114063621 0.3763708770 -0.7725338340 0.1145485416 0.9208202362 0.3727850914 0.8516702056 0.1021520272 -0.5140260458
-413.1 -446.1 2519.6 -0.5404999852 0.1703930795 -0.8239089251 -0.0219841544 0.9760824442 0.2162861973 0.8410567641 0.1350156218 -0.5238265991
-422.5 -91.9 2651.7 -0.8752288818 0.1529493630 -0.4588909447 0.1679966599 0.9857539535 0.0081389956 0.4535984397 -0.0699686632 -0.8884553313
-482.5 -478.2 2679.2 -0.8749952316 -0.1637562662 -0.4555954337 -0.1983149648 0.9797171354 0.0287312418 0.4416497350 0.1154910922 -0.8897231817
66.5 670.3 2572.3 0 0 0 0 0 0 0 0 0
-599.0 -195.4 2833.0 0 0 0 0 0 0 0 0 0
-478.3 -819.5 2468.0 0 0 0 0 0 0 0 0 0
-429.4 -795.6 2641.7 0 0 0 0 0 0 0 0 0
-372.4 510.1 2658.9 8 -0.7568870783 -0.0579879284 -0.6509680152 -0.1175600886 0.9918889403 0.0483312868 0.6428853869 0.1131091863 -0.7575649619
-360.7 309.4 2636.0 -0.7568870783 -0.0579879284 -0.6509680152 -0.1175600886 0.9918889403 0.0483312868 0.6428853869 0.1131091863 -0.7575649619
-355.2 111.5 2620.6 -0.7588675022 -0.0277448222 -0.6506537795 -0.0716257840 0.9965867996 0.0410423465 0.6472942829 0.0777492896 -0.7582646012
-255.1 319.5 2545.8 -0.8419785500 -0.4948332012 0.2149702460 -0.4815461040 0.5096083283 -0.7130306363 0.2432806194 -0.7038745880 -0.6673642993
-55.7 433.5 2488.2 -0.4388441443 -0.4948332012 0.7500372529 -0.8456655741 0.5096083283 -0.1585845053 -0.3037523627 -0.7038745880 -0.6421020627
-466.3 299.4 2726.1 -0.2825442553 0.8548122644 -0.4352755249 -0.8916371465 -0.0666872859 0.4478125274 0.3537682593 0.5146346688 0.7810244560
-542.3 59.5 2821.3 -0.1376507133 0.8591670394 -0.4928329289 -0.9777475595 -0.0383393504 0.2062519193 0.1583099514 0.5102568865 0.8453258872
-274.5 -77.8 2547.9 -0.4398308396 0.3424211740 -0.8302388787 0.1075809449 0.9378910065 0.3298283815 0.8916137815 0.0557508096 -0.4493514001
-410.2 -449.7 2525.8 -0.4754751325 0.1797758937 -0.8611643314 -0.0513998866 0.9715477824 0.2311988920 0.8782263398 0.1541930735 -0.4527063668
-418.6 -93.0 2664.0 -0.8314789534 0.1424508095 -0.5369827747 0.1718963683 0.9851031303 -0.0048408937 0.5282937884 -0.0963304862 -0.8435793519
-474.5 -479.2 2701.8 -0.8309416771 -0.1566555351 -0.5338492393 -0.1951568425 0.9806415439 0.0159989335 0.5210083723 0.1174785048 -0.8454283476
62.6 661.5 2570.1 0 0 0 0 0 0 0 0 0
-578.0 -194.3 2862.4 0 0 0 0 0 0 0 0 0
-478.6 -819.2 2467.1 0 0 0 0 0 0 0 0 0
-423.7 -797.4 2663.7 0 0 0 0 0 0 0 0 0
-371.6 510.3 2666.8 9 -0.7206968069 -0.0517876521 -0.6913133264 -0.1246374622 0.9906362891 0.0557245053 0.6819542646 0.1263240129 -0.7204031348
-361.2 311.1 2641.4 -0.7206968069 -0.0517876521 -0.6913133264 -0.1246374622 0.9906362891 0.0557245053 0.6819542646 0.1263240129 -0.7204031348
-355.4 113.3 2623.2 -0.7223212719 -0.0297068711 -0.6909193397 -0.0850512311 0.9953085184 0.0461223349 0.6863077283 0.0920786783 -0.7214590907
-260.3 323.1 2545.5 -0.8558139205 -0.4876152873 0.1726670116 -0.4462974072 0.5272569656 -0.7230620384 0.2615362406 -0.6958673596 -0.6688552499
-57.1 429.0 2483.4 -0.4299719632 -0.4876152873 0.7598390579 -0.8387117982 0.5272569656 -0.1362446547 -0.3341954648 -0.6958673596 -0.6356744170
-462.1 299.1 2737.4 -0.2584350705 0.8816536665 -0.3948393464 -0.8973050117 -0.0676789135 0.4361918569 0.3578478396 0.4670186043 0.8086028099
-531.8 57.4 2833.8 -0.1235298961 0.8856155872 -0.4476889670 -0.9804248810 -0.0392167196 0.1929483563 0.1533211768 0.4627602994 0.8731240034
-280.6 -80.0 2546.6 -0.3976229429 0.3247871697 -0.8581429124 0.0763708055 0.9437254667 0.3217915297 0.9143650532 0.0624146350 -0.4000511467
-409.5 -454.7 2521.9 -0.4251839221 0.1929119825 -0.8843096495 -0.0458305143 0.9711802602 0.2338984907 0.9039459229 0.1399782449 -0.4040889740
-415.4 -92.2 2667.5 -0.8026642203 0.1316509545 -0.5817199945 0.1602547765 0.9870730639 0.0022662778 0.5744985342 -0.0914043486 -0.8133859634
-467.1 -479.5 2703.3 -0.8003399372 -0.1563922763 -0.5787896514 -0.2078981847 0.9778741002 0.0232506897 0.5623471737 0.1389377713 -0.8151453733
58.8 655.1 2573.4 0 0 0 0 0 0 0 0 0
-563.8 -197.3 2873.6 0 0 0 0 0 0 0 0 0
-481.1 -814.9 2469.9 0 0 0 0 0 0 0 0 0
-416.3 -797.0 2658.2 0 0 0 0 0 0 0 0 0
-365.9 501.6 2659.8 0 -0.6972971559 -0.0334217995 -0.7160025835 -0.0975847393 0.9940381646 0.0486353301 0.7101083994 0.1037842035 -0.6964014173
-359.2 303.5 2639.1 -0.6972971559 -0.0334217995 -0.7160025835 -0.0975847393 0.9940381646 0.0486353301 0.7101083994 0.1037842035 -0.6964014173
-355.8 105.4 2624.0 -0.6980846524 -0.0169345103 -0.7158149481 -0.0664485842 0.9969381690 0.0412174687 0.7129252553 0.0763381720 -0.6970725060
-261.4 312.8 2539.2 -0.8470638394 -0.4920040667 0.2010345608 -0.4744832814 0.5295975208 -0.7031301856 0.2394755036 -0.6909836531 -0.6820506454
-58.7 426.4 2481.9 -0.4351781905 -0.4920040667 0.7540238500 -0.8370276093 0.5295975208 -0.1375182122 -0.3316696584 -0.6909836531 -0.6422902942
-457.0 294.1 2739.1 -0.2541278303 0.8971862793 -0.3612144291 -0.8881509304 -0.0686237812 0.4543992281 0.3828928471 0.4362884462 0.8142760396
-525.5 54.7 2842.3 -0.1271272451 0.9012840986 -0.4141565561 -0.9763619900 -0.0401222222 0.2123851180 0.1748024523 0.4313666523 0.8850801587
-283.7 -76.7 2542.4 -0.3743382692 0.3086214066 -0.8744276166 0.0648409426 0.9493939281 0.3073219955 0.9250224233 0.0583436713 -0.3754057884
-406.3 -453.8 2519.2 -0.3987180591 0.2068924904 -0.8934312463 -0.0389392115 0.9695218801 0.2418905497 0.9162464738 0.1312356293 -0.3785096705
-416.2 -98.8 2674.1 -0.7800059319 0.1375414431 -0.6104695797 0.1780339330 0.9840074182 -0.0057754209 0.5999122262 -0.1131891608 -0.7920186520
-470.2 -485.0 2718.5 -0.7814302444 -0.1428791285 -0.6074144244 -0.1911867559 0.9814375043 0.0151003497 0.5939818025 0.1279294640 -0.7942415476
58.6 652.0 2571.3 0 0 0 0 0 0 0 0 0
-558.5 -198.9 2887.7 0 0 0 0 0 0 0 0 0
-482.5 -810.8 2470.9 0 0 0 0 0 0 0 0 0
-423.8 -803.7 2676.9 0 0 0 0 0 0 0 0 0
-367.9 506.7 2658.3 1 -0.6863313913 -0.0342983864 -0.7264797688 -0.0951344743 0.9945386052 0.0429230221 0.7210400105 0.0985726938 -0.6858459711
-361.1 307.6 2638.6 -0.6863313913 -0.0342983864 -0.7264797688 -0.0951344743 0.9945386052 0.0429230221 0.7210400105 0.0985726938 -0.6858459711
-356.7 109.4 2624.0 -0.6870835423 -0.0220167059 -0.7262447476 -0.0685330778 0.9970482588 0.0346112400 0.7233390808 0.0735526010 -0.6865643263
-264.6 317.2 2537.0 -0.8606269956 -0.4680264294 0.2006798685 -0.4537945092 0.5260516405 -0.7192636728 0.2310664356 -0.7100851536 -0.6651220918
-60.7 424.7 2482.2 -0.4398086965 -0.4680264294 0.7664982677 -0.8355996609 0.5260516405 -0.1582494676 -0.3291527331 -0.7100851536 -0.6224448085
-457.5 297.9 2740.2 -0.2433759272 0.9038684368 -0.3518381119 -0.8881721497 -0.0619122013 0.4553208947 0.3897671103 0.4233069420 0.8178586960
-523.2 58.4 2845.3 -0.1187242121 0.9077338576 -0.4023975432 -0.9765023589 -0.0333344042 0.2129130810 0.1798547357 0.4182201028 0.8903618455
-288.6 -86.7 2543.8 -0.3659975529 0.2992667258 -0.8811839819 0.0498689488 0.9518291950 0.3025462329 0.9292786717 0.0667874664 -0.3632912636
-407.6 -464.9 2517.2 -0.3857355714 0.2139124423 -0.8974683881 -0.0332350470 0.9688971043 0.2452220917 0.9220106006 0.1244182810 -0.3666286767
-415.2 -95.0 2675.6 -0.7721424103 0.1300001293 -0.6220096350 0.1753761470 0.9844288230 -0.0119603975 0.6107693911 -0.1183207855 -0.7829182148
-466.2 -481.5 2722.0 -0.7713601589 -0.1473244280 -0.6191114783 -0.1945039034 0.9808611274 0.0089285271 0.6059470177 0.1273067147 -0.7852523327
57.8 650.0 2571.0 0 0 0 0 0 0 0 0 0
-554.0 -195.4 2892.0 0 0 0 0 0 0 0 0 0
-483.4 -808.4 2473.1 0 0 0 0 0 0 0 0 0
-418.4 -800.1 2680.7 0 0 0 0 0 0 0 0 0
-367.1 507.1 2657.5 2 -0.6729191542 -0.0355590694 -0.7388608456 -0.1003687829 0.9939957261 0.0435731746 0.7328751087 0.1034797877 -0.6724478006
-359.9 307.9 2636.8 -0.6729191542 -0.0355590694 -0.7388608456 -0.1003687829 0.9939957261 0.0435731746 0.7328751087 0.1034797877 -0.6724478006
-355.0 109.8 2621.2 -0.6736984253 -0.0249785576 -0.7385841608 -0.0747453794 0.9966065884 0.0344741382 0.7352166772 0.0784309283 -0.6732792854
-265.2 318.5 2533.5 -0.8662027717 -0.4595178962 0.1963059455 -0.4461179674 0.5341836214 -0.7180714607 0.2251032591 -0.7095710635 -0.6677105427
-61.0 423.7 2480.4 -0.4355489612 -0.4595178962 0.7740415931 -0.8317880630 0.5341836214 -0.1509188712 -0.3441304266 -0.7095710635 -0.6148846149
-454.6 297.4 2740.2 -0.2327858061 0.9115356803 -0.3389888704 -0.8907889128 -0.0599736311 0.4504422545 0.3902637959 0.4068241119 0.8259469271
-517.4 57.1 2845.5 -0.1114666834 0.9151957631 -0.3872879148 -0.9777595997 -0.0313305520 0.2073755115 0.1776552498 0.4017899334 0.8983337283
-289.4 -82.5 2543.1 -0.3469449878 0.3024302721 -0.8877866268 0.0522159562 0.9513435960 0.3036755025 0.9364308119 0.0590020604 -0.3458555937
-409.6 -460.7 2519.7 -0.3691901863 0.2075393647 -0.9058840871 -0.0435511060 0.9698117375 0.2399343848 0.9283328652 0.1280336678 -0.3490064144
-411.7 -95.1 2673.0 -0.7617871165 0.1238129511 -0.6358858347 0.1694686562 0.9854726195 -0.0111415684 0.6252685785 -0.1162502170 -0.7717027068
-460.4 -482.1 2718.7 -0.7595254183 -0.1492799819 -0.6331166029 -0.2006746978 0.9796092510 0.0097635686 0.6187493801 0.1344661564 -0.7739948630
56.4 647.9 2573.1 0 0 0 0 0 0 0 0 0
-546.4 -197.1 2891.6 0 0 0 0 0 0 0 0 0
-483.9 -808.0 2473.8 0 0 0 0 0 0 0 0 0
-411.9 -800.3 2675.0 0 0 0 0 0 0 0 0 0
-368.2 505.5 2665.7 3 -0.6630578041 -0.0384785384 -0.7475785613 -0.1153835207 0.9919965267 0.0512793884 0.7396221757 0.1202594489 -0.6621908545
-360.5 307.4 2641.6 -0.6630578041 -0.0384785384 -0.7475785613 -0.1153835207 0.9919965267 0.0512793884 0.7396221757 0.1202594489 -0.6621908545
-355.3 109.5 2623.4 -0.6640089750 -0.0265642777 -0.7472525835 -0.0863197744 0.9954103231 0.0413176902 0.7427253723 0.0919379890 -0.6632544398
-267.2 319.5 2537.2 -0.8668276072 -0.4663545489 0.1764180213 -0.4373001456 0.5410858989 -0.7183276415 0.2395380735 -0.6998139024 -0.6729651093
-59.8 424.1 2479.9 -0.4282302856 -0.4663545489 0.7740363479 -0.8303245306 0.5410858989 -0.1333687007 -0.3566230536 -0.6998139024 -0.6189349890
-453.9 295.2 2746.1 -0.2256312519 0.9168054461 -0.3294818401 -0.8964053988 -0.0629345775 0.4387443960 0.3815074563 0.3943437338 0.8360293508
-514.8 53.3 2849.0 -0.1067824811 0.9203332663 -0.3762767911 -0.9802960753 -0.0341978855 0.1945509315 0.1661838293 0.3896372914 0.9058508277
-288.3 -81.4 2538.3 -0.3303118050 0.3022155762 -0.8941811323 0.0537759773 0.9518411756 0.3018386066 0.9423387051 0.0516153947 -0.3306563199
-408.4 -459.8 2517.7 -0.3523479402 0.2106653452 -0.9118503332 -0.0402675569 0.9700204134 0.2396641970 0.9350023866 0.1211631745 -0.3333017230
-410.9 -96.3 2673.2 -0.7541184425 0.1198995039 -0.6457008123 0.1592348218 0.9872371554 -0.0026524095 0.6371418238 -0.1048182771 -0.7635859251
-458.0 -483.9 2714.3 -0.7510010600 -0.1500968784 -0.6430150867 -0.2109713405 0.9773215055 0.0182682872 0.6256904602 0.1493772566 -0.7656356096
55.6 648.0 2576.0 0 0 0 0 0 0 0 0 0
-542.6 -201.5 2892.2 0 0 0 0 0 0 0 0 0
-484.0 -808.1 2474.2 0 0 0 0 0 0 0 0 0
-409.2 -801.4 2665.8 0 0 0 0 0 0 0 0 0
-368.8 504.5 2651.7 4 -0.6777793169 -0.0368088111 -0.7343434691 -0.0869762078 0.9957475066 0.0303650722 0.7301029563 0.0844512284 -0.6780985594
-361.4 305.5 2634.8 -0.6777793169 -0.0368088111 -0.7343434691 -0.0869762078 0.9957475066 0.0303650722 0.7301029563 0.0844512284 -0.6780985594
-356.1 107.3 2622.5 -0.6785177588 -0.0268080868 -0.7340946794 -0.0638369247 0.9977051020 0.0225691870 0.7318049669 0.0621759407 -0.6786719561
-266.0 314.5 2531.9 -0.8638685942 -0.4529666603 0.2203458101 -0.4600379169 0.5312924385 -0.7114024758 0.2051735371 -0.7159256935 -0.6673486829
-61.2 423.6 2483.3 -0.4330698848 -0.4529666603 0.7792763710 -0.8330497146 0.5312924385 -0.1541314572 -0.3442072272 -0.7159256935 -0.6074305177
-456.8 296.5 2737.7 -0.2347502112 0.9087616801 -0.3450284004 -0.8845225573 -0.0524995066 0.4635338187 0.4031279385 0.4140000641 0.8161444664
-520.2 57.8 2846.5 -0.1118280366 0.9124373198 -0.3936402798 -0.9748548269 -0.0238949750 0.2215561718 0.1927500963 0.4085183144 0.8921660185
-289.1 -80.4 2537.0 -0.3549818099 0.2991396189 -0.8857219815 0.0614086911 0.9528396726 0.2971961200 0.9328541756 0.0511081927 -0.3566105366
-408.1 -459.3 2516.7 -0.3768710196 0.2132404447 -0.9013860226 -0.0305700302 0.9697461724 0.2421937585 0.9257611632 0.1188312098 -0.3589504659
-413.1 -96.9 2677.2 -0.7661365271 0.1237588674 -0.6306493282 0.1788432449 0.9835787416 -0.0242476445 0.6172924042 -0.1313643754 -0.7756890655
-461.7 -483.0 2728.8 -0.7634468079 -0.1513164341 -0.6278951168 -0.1916709840 0.9814531207 -0.0034709265 0.6167747974 0.1176994070 -0.7782902122
55.6 648.2 2576.1 0 0 0 0 0 0 0 0 0
-549.2 -195.5 2896.6 0 0 0 0 0 0 0 0 0
-484.7 -807.8 2474.0 0 0 0 0 0 0 0 0 0
-412.5 -801.7 2690.6 0 0 0 0 0 0 0 0 0
-369.1 508.3 2654.7 5 -0.6792904139 -0.0352900140 -0.7330205441 -0.0870418251 0.9956669211 0.0327270217 0.7286893725 0.0860346034 -0.6794187427
-362.1 309.0 2637.5 -0.6792904139 -0.0352900140 -0.7330205441 -0.0870418251 0.9956669211 0.0327270217 0.7286893725 0.0860346034 -0.6794187427
-357.2 110.7 2625.1 -0.6800292730 -0.0245893765 -0.7327725291 -0.0624458864 0.9977483153 0.0244701039 0.7305208445 0.0623990148 -0.6800335646
-266.4 317.8 2534.8 -0.8677639961 -0.4462893605 0.2186583728 -0.4482896328 0.5129957199 -0.7320325971 0.2145275474 -0.7332538366 -0.6452261209
-61.4 423.7 2484.1 -0.4424869716 -0.4462893605 0.7778374553 -0.8387057781 0.5129957199 -0.1827783734 -0.3174552619 -0.7332538366 -0.6012994051
-457.8 300.2 2740.3 -0.2374462187 0.9079008698 -0.3454494476 -0.8840583563 -0.0545947999 0.4641769230 0.4025668800 0.4156145453 0.8156006932
-521.8 61.6 2848.9 -0.1143189818 0.9116501808 -0.3947468698 -0.9746469259 -0.0259908885 0.2222336829 0.1923395693 0.4101443589 0.8915083408
-288.7 -85.1 2543.1 -0.3600487709 0.3022618592 -0.8826112747 0.0510395467 0.9510252476 0.3048702776 0.9315362573 0.0647200942 -0.3578427732
-408.8 -463.2 2517.3 -0.3801665008 0.2136924118 -0.8998938799 -0.0337341912 0.9690935612 0.2443761081 0.9243026972 0.1232608035 -0.3612081707
-414.8 -93.4 2679.7 -0.7668772340 0.1261537075 -0.6292730570 0.1803835034 0.9833345413 -0.0226939619 0.6159229875 -0.1309139580 -0.7768529058
-464.3 -479.5 2731.1 -0.7649991512 -0.1493980736 -0.6264634728 -0.1901820153 0.9817470312 -0.0018868363 0.6153105497 0.1176986620 -0.7794484496
57.9 649.7 2569.6 0 0 0 0 0 0 0 0 0
-551.6 -191.8 2898.9 0 0 0 0 0 0 0 0 0
-484.7 -807.5 2473.5 0 0 0 0 0 0 0 0 0
-415.8 -798.4 2692.9 0 0 0 0 0 0 0 0 0
-370.1 506.7 2654.8 6 -0.6888985634 -0.0358897857 -0.7239687443 -0.0921449214 0.9950066209 0.0383551456 0.7189771533 0.0931328461 -0.6887657046
-363.0 307.9 2636.2 -0.6888985634 -0.0358897857 -0.7239687443 -0.0921449214 0.9950066209 0.0383551456 0.7189771533 0.0931328461 -0.6887657046
-358.2 109.6 2622.8 -0.6897132993 -0.0239443742 -0.7236865759 -0.0650135428 0.9974641204 0.0289587416 0.7211579680 0.0670226589 -0.6895209551
-265.9 317.1 2534.7 -0.8660976887 -0.4431288838 0.2313257903 -0.4542493224 0.5045441985 -0.7342293262 0.2086441219 -0.7409938574 -0.6382755637
-61.2 424.4 2485.4 -0.4473285675 -0.4431288838 0.7768744826 -0.8407679796 0.5045441985 -0.1963270009 -0.3049693704 -0.7409938574 -0.5982656479
-460.0 298.8 2737.6 -0.2439471930 0.9022740126 -0.3555156589 -0.8856843114 -0.0579529554 0.4606569111 0.3950355649 0.4272505939 0.8132673502
-525.9 59.7 2844.2 -0.1181715801 0.9061352015 -0.4061459303 -0.9754206538 -0.0293203536 0.2183914334 0.1859838217 0.4219708145 0.8873277903
-290.0 -81.9 2545.7 -0.3718468547 0.2973165512 -0.8793933988 0.0482634269 0.9522327781 0.3015350699 0.9270386100 0.0696823224 -0.3684342802
-408.2 -460.5 2518.0 -0.3917226493 0.2089144737 -0.8960514069 -0.0370834395 0.9695044756 0.2422516644 0.9193357229 0.1281241328 -0.3720295727
-416.7 -94.6 2675.7 -0.7746933699 0.1292038709 -0.6189963818 0.1784287095 0.9837889075 -0.0179616660 0.6066410542 -0.1243615150 -0.7851883769
-467.5 -480.9 2724.5 -0.7733132839 -0.1495966613 -0.6161229014 -0.1921277642 0.9813657403 0.0028661713 0.6042131186 0.1205907613 -0.7876448631
59.4 651.1 2567.6 0 0 0 0 0 0 0 0 0
-556.6 -193.8 2892.6 0 0 0 0 0 0 0 0 0
-483.0 -807.5 2472.2 0 0 0 0 0 0 0 0 0
-418.9 -799.7 2685.3 0 0 0 0 0 0 0 0 0
-369.7 503.6 2654.8 7 -0.6727594733 -0.0313709676 -0.7391958833 -0.0835228562 0.9959341884 0.0337493420 0.7351316810 0.0844449401 -0.6726443768
-363.4 305.2 2638.0 -0.6727594733 -0.0313709676 -0.7391958833 -0.0835228562 0.9959341884 0.0337493420 0.7351316810 0.0844449401 -0.6726443768
-359.5 106.9 2625.9 -0.6734124422 -0.0198335033 -0.7390008569 -0.0580953136 0.9979683757 0.0261554476 0.7369807363 0.0605458915 -0.6731965542
-268.7 313.4 2534.3 -0.8632766008 -0.4435620010 0.2408449650 -0.4625992179 0.5044687986 -0.7290495038 0.2018798739 -0.7407860756 -0.6406875253
-60.8 424.8 2485.7 -0.4453606308 -0.4435620010 0.7777574658 -0.8413381577 0.5044687986 -0.1940652579 -0.3062744141 -0.7407860756 -0.5978561640
-458.2 297.1 2741.6 -0.2371322066 0.9115696549 -0.3358705342 -0.8822765946 -0.0573622175 0.4672232866 0.4066402912 0.4071244001 0.8178589940
-522.2 58.9 2851.4 -0.1163497120 0.9153820872 -0.3854068220 -0.9737865329 -0.0287724957 0.2256367654 0.1954547316 0.4015567601 0.8947343826
-290.2 -82.7 2543.4 -0.3517715037 0.2998334169 -0.8867675662 0.0522872657 0.9521290064 0.3011915982 0.9346244335 0.0595839657 -0.3506093323
-409.4 -461.2 2519.7 -0.3750376403 0.2023392618 -0.9046577215 -0.0496360846 0.9701051116 0.2375547886 0.9256797433 0.1339956522 -0.3537826240
-417.3 -96.9 2681.5 -0.7603362203 0.1287910789 -0.6366330981 0.1846942306 0.9825539589 -0.0218108762 0.6227173209 -0.1341660470 -0.7708583474
-467.9 -482.7 2734.2 -0.7599365115 -0.1443566978 -0.6337646246 -0.1858081073 0.9825855494 -0.0010105241 0.6228738427 0.1169906780 -0.7735252976
59.2 651.6 2568.2 0 0 0 0 0 0 0 0 0
-552.4 -194.2 2902.2 0 0 0 0 0 0 0 0 0
-481.9 -808.6 2471.7 0 0 0 0 0 0 0 0 0
-421.0 -801.9 2696.2 0 0 0 0 0 0 0 0 0
-365.7 506.2 2655.3 8 -0.6424876451 -0.0201282222 -0.7660316229 -0.0727027282 0.9967467785 0.0347868949 0.7628393769 0.0780427381 -0.6418609023
-361.7 307.5 2639.7 -0.6424876451 -0.0201282222 -0.7660316229 -0.0727027282 0.9967467785 0.0347868949 0.7628393769 0.0780427381 -0.6418609023
-359.9 109.1 2628.7 -0.6428403854 -0.0089209750 -0.7659481764 -0.0484760553 0.9984016418 0.0290563367 0.7644647360 0.0558087341 -0.6422453523
-271.3 314.4 2532.2 -0.8664022088 -0.4359229803 0.2435536236 -0.4606415927 0.5094493032 -0.7268223763 0.1927603483 -0.7419114113 -0.6421922445
-64.9 424.1 2486.3 -0.4600206912 -0.4359229803 0.7735322118 -0.8346644044 0.5094493032 -0.2092766613 -0.3028469384 -0.7419114113 -0.5982066393
-452.1 300.7 2747.2 -0.2273039371 0.9271451831 -0.2978838086 -0.8781926036 -0.0629637688 0.4741448760 0.4208452404 0.3693743348 0.8285239339
-513.4 63.7 2860.8 -0.1161873862 0.9309582114 -0.3461463451 -0.9717385769 -0.0344453529 0.2335329503 0.2054862827 0.3634973466 0.9086501598
-293.8 -86.2 2546.3 -0.3193644285 0.2961858213 -0.9001557231 0.0382470973 0.9531548619 0.3000549674 0.9468598366 0.0613985360 -0.3157320023
-411.5 -465.2 2521.9 -0.3426024318 0.2017902732 -0.9175534248 -0.0645264983 0.9692998528 0.2372638136 0.9372619390 0.1404936612 -0.3190636635
-417.0 -93.8 2687.7 -0.7323793769 0.1312160939 -0.6681338549 0.1943757087 0.9807137251 -0.0204619784 0.6525630951 -0.1448549181 -0.7437596917
-468.6 -478.9 2744.6 -0.7350537181 -0.1311215907 -0.6652091146 -0.1758616418 0.9844148755 0.0002851892 0.6548042893 0.1171943918 -0.7466570735
59.2 649.2 2568.0 0 0 0 0 0 0 0 0 0
-543.6 -188.9 2914.2 0 0 0 0 0 0 0 0 0
-482.8 -807.6 2472.3 0 0 0 0 0 0 0 0 0
-426.0 -798.8 2706.5 0 0 0 0 0 0 0 0 0
-369.1 501.7 2656.0 9 -0.6429422498 -0.0319462083 -0.7652481198 -0.0830464959 0.9961469173 0.0281882267 0.7613990307 0.0816745758 -0.6431180239
-362.7 303.4 2639.8 -0.6429422498 -0.0319462083 -0.7652481198 -0.0830464959 0.9961469173 0.0281882267 0.7613990307 0.0816745758 -0.6431180239
-358.9 105.0 2628.2 -0.6436080337 -0.0192443505 -0.7651132941 -0.0571109839 0.9981043339 0.0229367577 0.7632215023 0.0584586561 -0.6434870362
-272.2 311.4 2532.4 -0.8608792424 -0.4512634277 0.2350495756 -0.4676870406 0.5198686719 -0.7148463726 0.2003891170 -0.7253260612 -0.6585941911
-66.7 423.0 2484.6 -0.4645753801 -0.4512634277 0.7619258761 -0.8308201432 0.5198686719 -0.1986818761 -0.3064435422 -0.7253260612 -0.6164368987
-453.2 295.3 2747.1 -0.2191618830 0.9270900488 -0.3040922582 -0.8815085292 -0.0545489900 0.4690065086 0.4182233512 0.3708482683 0.8291928768
-512.4 57.4 2860.0 -0.1066947505 0.9306237698 -0.3500794172 -0.9734075665 -0.0259811226 0.2276021242 0.2027164996 0.3650539219 0.9086482525
-299.2 -84.9 2547.6 -0.3244900107 0.2833184600 -0.9024615884 0.0218827445 0.9560812712 0.2922836244 0.9456359744 0.0750947818 -0.3164386153
-411.8 -465.0 2517.7 -0.3400632441 0.2067857236 -0.9173857570 -0.0472843982 0.9705307484 0.2362927347 0.9392130375 0.1237325072 -0.3202641010
-414.0 -98.7 2686.6 -0.7354290485 0.1215345785 -0.6666134596 0.1852007359 0.9823771715 -0.0252158176 0.6518012285 -0.1420017481 -0.7449769378
-461.8 -484.5 2742.3 -0.7343409657 -0.1413983405 -0.6638899446 -0.1852352619 0.9826843143 -0.0044044880 0.6530170441 0.1197414398 -0.7478172779
58.5 647.0 2567.2 0 0 0 0 0 0 0 0 0
-540.1 -195.6 2912.7 0 0 0 0 0 0 0 0 0
-484.5 -806.1 2474.2 0 0 0 0 0 0 0 0 0
-415.8 -803.7 2703.4 0 0 0 0 0 0 0 0 0
-367.5 506.0 2656.9 0 -0.6225548983 -0.0290444512 -0.7820369601 -0.0862481222 0.9957699776 0.0316770189 0.7778088450 0.0871699005 -0.6224265099
-361.6 306.8 2639.5 -0.6225548983 -0.0290444512 -0.7820369601 -0.0862481222 0.9957699776 0.0316770189 0.7778088450 0.0871699005 -0.6224265099
-357.7 108.5 2626.9 -0.6231517196 -0.0196506195 -0.7818540931 -0.0618152954 0.9977944493 0.0241899714 0.7796542645 0.0634045601 -0.6229920387
-274.0 315.6 2529.8 -0.8700242639 -0.4367954731 0.2286208421 -0.4526032209 0.5237899423 -0.7216609120 0.1954689324 -0.7313370109 -0.6534050107
-68.3 422.5 2483.6 -0.4688545763 -0.4367954731 0.7677142024 -0.8263946772 0.5237899423 -0.2066782862 -0.3118448257 -0.7313370109 -0.6065467596
-449.3 298.1 2749.1 -0.2064134181 0.9366272688 -0.2830598652 -0.8838258386 -0.0543550625 0.4646475911 0.4198158681 0.3460851014 0.8390350342
-505.0 59.6 2862.4 -0.0994976908 0.9399519563 -0.3264820576 -0.9745221138 -0.0257677399 0.2228063196 0.2010145336 0.3403326869 0.9185677767
-296.0 -88.2 2546.6 -0.2996472716 0.2875688076 -0.9096788764 0.0165115874 0.9549121261 0.2964290977 0.9539071918 0.0738039240 -0.2908850312
-410.3 -467.9 2517.2 -0.3161981106 0.2167273909 -0.9236059785 -0.0538263358 0.9678893685 0.2455461770 0.9471649528 0.1273555607 -0.2943791449
-411.0 -95.5 2685.8 -0.7183518410 0.1159129366 -0.6859554052 0.1807982028 0.9832468629 -0.0231876392 0.6717757583 -0.1406763792 -0.7272740006
-456.5 -481.7 2741.0 -0.7165444493 -0.1400074214 -0.6833461523 -0.1896024048 0.9818581343 -0.0023544019 0.6712785959 0.1278770268 -0.7300907373
58.1 645.4 2567.7 0 0 0 0 0 0 0 0 0
-530.9 -193.7 2914.7 0 0 0 0 0 0 0 0 0
-485.3 -802.7 2473.2 0 0 0 0 0 0 0 0 0
-411.0 -800.7 2699.5 0 0 0 0 0 0 0 0 0
-363.8 503.2 2637.3 1 -0.6639217734 -0.0134298252 -0.7476814389 -0.0363019146 0.9992387295 0.0142868720 0.7469204068 0.0366276316 -0.6639038920
-361.2 303.7 2630.0 -0.6639217734 -0.0134298252 -0.7476814389 -0.0363019146 0.9992387295 0.0142868720 0.7469204068 0.0366276316 -0.6639038920
-359.7 105.1 2626.0 -0.6640927196 -0.0083664916 -0.7476034164 -0.0206235796 0.9997618794 0.0071314150 0.7473657131 0.0201541800 -0.6641071439
-267.9 306.6 2525.1 -0.8512958884 -0.4565666318 0.2585386634 -0.4949982166 0.5354604721 -0.6842944026 0.1739887446 -0.7105131745 -0.6818349957
-68.2 422.7 2484.3 -0.4671348333 -0.4565666318 0.7571868896 -0.8239477277 0.5354604721 -0.1854513139 -0.3207727671 -0.7105131745 -0.6263192892
-454.4 300.7 2734.9 -0.2419034988 0.9159982204 -0.3200468719 -0.8625830412 -0.0519669764 0.5032393932 0.4443345368 0.3978023827 0.8026955128
-519.6 68.1 2854.7 -0.1251382381 0.9200472236 -0.3712863326 -0.9637357593 -0.0238192119 0.2657932341 0.2356985807 0.3910828233 0.8896631002
-296.7 -84.2 2542.8 -0.3553229868 0.2832959592 -0.8907799721 0.0405507572 0.9567418098 0.2880986035 0.9338635802 0.0662462488 -0.3514401913
-409.3 -464.6 2516.4 -0.3721327484 0.2212442458 -0.9014256597 -0.0288814083 0.9679456353 0.2494938076 0.9277300835 0.1188792586 -0.3538144231
-419.1 -95.4 2690.3 -0.7498854399 0.1384970397 -0.6469083428 0.2186608911 0.9747729301 -0.0447782874 0.6243870854 -0.1750321388 -0.7612519264
-473.4 -477.8 2759.0 -0.7538486123 -0.1310531348 -0.6438457370 -0.1511079967 0.9882203937 -0.0242244881 0.6394361854 0.0790286437 -0.7647717595
57.7 644.9 2570.8 0 0 0 0 0 0 0 0 0
-552.1 -182.2 2915.9 0 0 0 0 0 0 0 0 0
-486.4 -801.6 2475.1 0 0 0 0 0 0 0 0 0
-430.9 -798.5 2733.3 0 0 0 0 0 0 0 0 0
-367.6 503.1 2639.1 2 -0.6794626117 -0.0234727748 -0.7333346009 -0.0462817252 0.9988688231 0.0109097203 0.7322490215 0.0413527340 -0.6797803640
-362.9 303.7 2630.8 -0.6794626117 -0.0234727748 -0.7333346009 -0.0462817252 0.9988688231 0.0109097203 0.7322490215 0.0413527340 -0.6797803640
-359.9 105.0 2626.2 -0.6798250079 -0.0158325378 -0.7332034111 -0.0278543215 0.9996029735 0.0042414032 0.7328451872 0.0233062953 -0.6799961329
-267.4 307.6 2527.8 -0.8499534726 -0.4633702636 0.2507330775 -0.4947434366 0.5383549929 -0.6822044253 0.1811298430 -0.7038905621 -0.6868261099
-67.5 424.0 2485.2 -0.4658906460 -0.4633702636 0.7538129091 -0.8236746192 0.5383549929 -0.1781404912 -0.3232739270 -0.7038905621 -0.6324808598
-458.5 299.7 2733.8 -0.2448878437 0.9077302217 -0.3406696022 -0.8656721115 -0.0464741029 0.4984495640 0.4366254210 0.4169723988 0.7971776724
-524.6 66.2 2851.6 -0.1228662133 0.9117213488 -0.3920051455 -0.9653696418 -0.0181983672 0.2602503300 0.2301419377 0.4104058444 0.8823841214
-297.5 -91.5 2553.5 -0.3792037666 0.2864767015 -0.8798497915 0.0224425253 0.9534347057 0.3007633090 0.9250410199 0.0943045318 -0.3679752946
-411.3 -470.4 2516.0 -0.3904742599 0.2180467099 -0.8944190741 -0.0255288109 0.9686082006 0.2472780198 0.9202598333 0.1193891540 -0.3726500869
-419.2 -96.2 2688.6 -0.7646618485 0.1348350942 -0.6301680207 0.2110904604 0.9763242602 -0.0472414382 0.6088785529 -0.1691461802 -0.7750203013
-472.1 -479.4 2755.0 -0.7661360502 -0.1402850598 -0.6271807551 -0.1589244604 0.9869318604 -0.0266175941 0.6227187514 0.0792816728 -0.7784187794
58.1 646.1 2572.4 0 0 0 0 0 0 0 0 0
-556.5 -184.7 2911.4 0 0 0 0 0 0 0 0 0
-486.4 -803.9 2474.9 0 0 0 0 0 0 0 0 0
-426.5 -799.9 2729.3 0 0 0 0 0 0 0 0 0
-369.9 505.4 2647.9 3 -0.6664999127 -0.0328448489 -0.7447811961 -0.0703406334 0.9973427653 0.0189645719 0.7421792150 0.0650282651 -0.6670392156
-363.3 306.0 2634.9 -0.6664999127 -0.0328448489 -0.7447811961 -0.0703406334 0.9973427653 0.0189645719 0.7421792150 0.0650282651 -0.6670392156
-358.6 107.5 2626.3 -0.6671313047 -0.0240755826 -0.7445510030 -0.0481986590 0.9987784028 0.0108906766 0.7433792353 0.0431518704 -0.6674767733
-269.5 312.8 2530.4 -0.8587422967 -0.4544852078 0.2366535068 -0.4744209945 0.5306953788 -0.7023440599 0.1936140507 -0.7154059410 -0.6713478565
-66.6 424.9 2484.7 -0.4661218524 -0.4544852078 0.7590610385 -0.8260983825 0.5306953788 -0.1895359159 -0.3166888952 -0.7154059410 -0.6228182316
-457.1 299.2 2739.4 -0.2299914211 0.9150026441 -0.3314726651 -0.8761040568 -0.0463681109 0.4798871577 0.4237282276 0.4007744789 0.8123018146
-519.2 62.8 2853.7 -0.1105674803 0.9186377525 -0.3793144524 -0.9707198739 -0.0179258175 0.2395445704 0.2132551670 0.3946939111 0.8937219381
-294.6 -91.0 2554.4 -0.3592583537 0.2914261222 -0.8865687847 0.0160786584 0.9517838955 0.3063476682 0.9330996275 0.0958031267 -0.3466220498
-410.4 -469.4 2516.3 -0.3711561263 0.2205014229 -0.9020101428 -0.0339935012 0.9675188661 0.2505029440 0.9279480577 0.1236381754 -0.3516049385
-415.1 -95.4 2685.9 -0.7561060190 0.1234726757 -0.6426960826 0.1923239976 0.9806004167 -0.0378716625 0.6255519390 -0.1522408575 -0.7651846409
-463.5 -480.3 2745.6 -0.7541140318 -0.1475980431 -0.6399428248 -0.1780249327 0.9838767052 -0.0171377640 0.6321543455 0.1010019481 -0.7682313919
59.1 647.6 2570.1 0 0 0 0 0 0 0 0 0
-547.9 -189.4 2909.1 0 0 0 0 0 0 0 0 0
-486.6 -803.5 2473.6 0 0 0 0 0 0 0 0 0
-415.6 -799.8 2712.8 0 0 0 0 0 0 0 0 0
-370.8 507.5 2652.4 4 -0.6585434079 -0.0340564139 -0.7517716885 -0.0800316334 0.9964796305 0.0249647349 0.7482749820 0.0766058788 -0.6589507461
-364.0 308.3 2637.0 -0.6585434079 -0.0340564139 -0.7517716885 -0.0800316334 0.9964796305 0.0249647349 0.7482749820 0.0766058788 -0.6589507461
-359.4 109.9 2626.1 -0.6592175961 -0.0233882926 -0.7515884042 -0.0566216633 0.9982224107 0.0185996480 0.7498173714 0.0548174009 -0.6593700647
-271.2 316.2 2531.6 -0.8658257723 -0.4471162856 0.2245724648 -0.4587004781 0.5300418139 -0.7131966949 0.1998490691 -0.7205156088 -0.6640163064
-67.0 424.5 2484.4 -0.4683359265 -0.4471162856 0.7620685697 -0.8250019550 0.5300418139 -0.1960292459 -0.3162803352 -0.7205156088 -0.6171094179
-456.7 300.3 2742.5 -0.2256028205 0.9192225933 -0.3226968050 -0.8808116913 -0.0509276278 0.4707198143 0.4162620902 0.3904308379 0.8211514354
-517.6 62.6 2854.8 -0.1084044948 0.9227995872 -0.3697153628 -0.9730697870 -0.0223937165 0.2294203639 0.2034296989 0.3846290410 0.9003759623
-292.7 -86.5 2549.6 -0.3441433907 0.2964291871 -0.8908956647 0.0222082827 0.9511588812 0.3079018593 0.9386544228 0.0861771256 -0.3339182436
-410.6 -464.6 2515.3 -0.3569141030 0.2175533623 -0.9084507823 -0.0322223827 0.9690565467 0.2447266728 0.9335812926 0.1166188493 -0.3388598561
-415.2 -93.7 2684.0 -0.7493845820 0.1219561622 -0.6508067846 0.1852247715 0.9822618961 -0.0292125139 0.6357000470 -0.1424369514 -0.7586811781
-463.1 -479.4 2739.9 -0.7473547459 -0.1464643329 -0.6480811238 -0.1852704436 0.9826514721 -0.0084258663 0.6380718946 0.1137731671 -0.7615247369
59.3 646.9 2569.7 0 0 0 0 0 0 0 0 0
-545.8 -190.3 2907.7 0 0 0 0 0 0 0 0 0
-486.3 -801.9 2474.8 0 0 0 0 0 0 0 0 0
-415.5 -798.6 2702.9 0 0 0 0 0 0 0 0 0
-370.1 505.6 2653.1 5 -0.6605196595 -0.0297322646 -0.7502198219 -0.0805382580 0.9962559938 0.0314256623 0.7464766502 0.0811786652 -0.6604412794
-364.1 307.0 2636.9 -0.6605196595 -0.0297322646 -0.7502198219 -0.0805382580 0.9962559938 0.0314256623 0.7464766502 0.0811786652 -0.6604412794
-360.6 108.6 2625.0 -0.6610921621 -0.0180341788 -0.7500879765 -0.0566365458 0.9980583191 0.0259207115 0.7481640577 0.0596183725 -0.6608299017
-271.1 315.0 2531.6 -0.8590757251 -0.4596871138 0.2251148522 -0.4711966515 0.5384824872 -0.6985773444 0.1999066025 -0.7062041759 -0.6792002320
-67.2 426.8 2484.2 -0.4729257822 -0.4596871138 0.7516840696 -0.8215005398 0.5384824872 -0.1875459552 -0.3185562491 -0.7062041759 -0.6322954893
-457.2 299.1 2742.1 -0.2312148660 0.9181351662 -0.3218190372 -0.8815363050 -0.0577579252 0.4685699046 0.4116228819 0.3920354843 0.8227239847
-519.6 61.1 2853.2 -0.1140465066 0.9218798876 -0.3703118563 -0.9734326601 -0.0291981846 0.2271042019 0.1985503584 0.3863740861 0.9007179737
-294.3 -83.3 2546.5 -0.3441854119 0.2866027951 -0.8940890431 0.0253834967 0.9547635317 0.2962806523 0.9385585189 0.0792803690 -0.3358906806
-408.3 -462.9 2515.0 -0.3565872014 0.2253469676 -0.9066776037 -0.0257728025 0.9677326083 0.2506578565 0.9339064956 0.1127490029 -0.3392732441
-417.7 -94.9 2681.8 -0.7496986985 0.1275177151 -0.6493774652 0.1862059236 0.9822624326 -0.0220864955 0.6350427270 -0.1374761462 -0.7601454258
-467.7 -480.6 2735.8 -0.7496561408 -0.1414648592 -0.6465318203 -0.1843650043 0.9828569889 -0.0012827853 0.6356297731 0.1182361916 -0.7628859878
60.3 648.3 2570.1 0 0 0 0 0 0 0 0 0
-549.2 -191.9 2904.8 0 0 0 0 0 0 0 0 0
-487.2 -802.0 2475.5 0 0 0 0 0 0 0 0 0
-421.8 -799.9 2697.4 0 0 0 0 0 0 0 0 0
-371.7 505.0 2654.9 6 -0.6621404290 -0.0335882679 -0.7486266494 -0.0872641951 0.9956545234 0.0325113237 0.7442815304 0.0868553668 -0.6621941924
-365.0 306.5 2637.6 -0.6621404290 -0.0335882679 -0.7486266494 -0.0872641951 0.9956545234 0.0325113237 0.7442815304 0.0868553668 -0.6621941924
-360.8 108.1 2625.1 -0.6628543735 -0.0214598551 -0.7484407425 -0.0614104159 0.9977796674 0.0257788729 0.7462257147 0.0630496964 -0.6627004743
-271.7 315.1 2532.6 -0.8577997088 -0.4615256190 0.2262163013 -0.4733618796 0.5378834605 -0.6975742579 0.2002703846 -0.7054612041 -0.6798649430
-67.6 427.8 2484.9 -0.4757615328 -0.4615256190 0.7487623692 -0.8212630153 0.5378834605 -0.1902851462 -0.3149254322 -0.7054612041 -0.6349381804
-458.3 297.8 2742.6 -0.2293470800 0.9173086882 -0.3254915178 -0.8837072253 -0.0560656823 0.4646699727 0.4079968929 0.3942098916 0.8234907985
-520.2 59.3 2852.7 -0.1113118604 0.9209737182 -0.3733859360 -0.9744864106 -0.0274672359 0.2227595598 0.1948998272 0.3886553049 0.9005337954
-296.4 -84.5 2544.5 -0.3413481712 0.2849430442 -0.8957058191 0.0390409008 0.9564182162 0.2893787026 0.9391257763 0.0638097376 -0.3375960290
-409.6 -464.7 2519.2 -0.3596011102 0.2191804945 -0.9069988728 -0.0368104167 0.9679322839 0.2484996915 0.9323797822 0.1227477640 -0.3400013745
-417.3 -95.9 2681.0 -0.7519632578 0.1245944798 -0.6473233104 0.1815130115 0.9831508398 -0.0216212627 0.6337226033 -0.1337559968 -0.7619088292
-466.2 -481.9 2733.5 -0.7506834865 -0.1450645477 -0.6445390582 -0.1890775412 0.9819618464 -0.0007919790 0.6330276132 0.1212733313 -0.7645710111
60.7 649.2 2569.9 0 0 0 0 0 0 0 0 0
-549.1 -194.0 2903.4 0 0 0 0 0 0 0 0 0
-486.0 -801.9 2476.4 0 0 0 0 0 0 0 0 0
-419.1 -801.0 2694.1 0 0 0 0 0 0 0 0 0
-371.5 503.5 2654.9 7 -0.6568197608 -0.0340091996 -0.7532802820 -0.0898110494 0.9953996539 0.0333699547 0.7486800551 0.0895709395 -0.6568525434
-364.7 304.8 2637.0 -0.6568197608 -0.0340091996 -0.7532802820 -0.0898110494 0.9953996539 0.0333699547 0.7486800551 0.0895709395 -0.6568525434
-360.0 106.6 2623.5 -0.6574940681 -0.0235231798 -0.7530924082 -0.0664529130 0.9974278808 0.0268622022 0.7505235076 0.0677069202 -0.6573661566
-272.2 314.2 2531.4 -0.8602566123 -0.4573675692 0.2253296524 -0.4706716239 0.5424579978 -0.6958502531 0.1960274428 -0.7046660185 -0.6819230318
-67.9 425.9 2484.8 -0.4733576775 -0.4573675692 0.7528262734 -0.8193224669 0.5424579978 -0.1856070757 -0.3234860003 -0.7046660185 -0.6315081716
-457.2 295.5 2742.6 -0.2242768407 0.9201681614 -0.3209212720 -0.8861131072 -0.0554983355 0.4601341784 0.4055902362 0.3875699937 0.8278200626
-517.8 56.3 2852.1 -0.1074964330 0.9237224460 -0.3676701188 -0.9756341577 -0.0268652849 0.2177526057 0.1912654191 0.3821191490 0.9041031599
-295.7 -84.6 2544.1 -0.3332079947 0.2864318490 -0.8982924223 0.0396540798 0.9561524987 0.2901721895 0.9420191050 0.0610667393 -0.3299558759
-409.6 -464.7 2519.8 -0.3530480266 0.2217622697 -0.9089436531 -0.0415681861 0.9668262005 0.2520300746 0.9346813560 0.1267618537 -0.3321178257
-415.7 -97.8 2678.9 -0.7479928732 0.1211817637 -0.6525501013 0.1767394990 0.9840576053 -0.0198452994 0.6397419572 -0.1301755160 -0.7574856877
-463.3 -484.3 2730.0 -0.7457838655 -0.1466938853 -0.6498363614 -0.1938437521 0.9810318947 0.0010066601 0.6373625398 0.1267174780 -0.7600734830
59.7 646.9 2572.0 0 0 0 0 0 0 0 0 0
-545.7 -197.3 2901.8 0 0 0 0 0 0 0 0 0
-486.9 -801.7 2475.6 0 0 0 0 0 0 0 0 0
-415.6 -803.0 2688.9 0 0 0 0 0 0 0 0 0
-369.9 509.4 2646.8 8 -0.6435846090 -0.0291377474 -0.7648201585 -0.0670547262 0.9975792766 0.0184202529 0.7624319792 0.0631397963 -0.6439805031
-364.0 309.7 2634.2 -0.6435846090 -0.0291377474 -0.7648201585 -0.0670547262 0.9975792766 0.0184202529 0.7624319792 0.0631397963 -0.6439805031
-359.7 111.2 2625.5 -0.6440873742 -0.0216588117 -0.7646452188 -0.0472946726 0.9988142252 0.0115462346 0.7634884715 0.0436004288 -0.6443480253
-273.4 316.4 2526.8 -0.8658093214 -0.4382008910 0.2415662110 -0.4669864476 0.5342423916 -0.7046337724 0.1797162443 -0.7228866220 -0.6671859026
-67.7 427.3 2484.1 -0.4729386568 -0.4382008910 0.7644010782 -0.8209273219 0.5342423916 -0.2016516924 -0.3200114965 -0.7228866220 -0.6123949289
-454.7 303.1 2741.6 -0.2174541801 0.9269103408 -0.3058609366 -0.8756852150 -0.0468473136 0.4806045592 0.4311485589 0.3723473549 0.8218688369
-513.3 66.8 2857.9 -0.1045064479 0.9303870201 -0.3513665199 -0.9705517292 -0.0183063541 0.2401962429 0.2170432210 0.3661214411 0.9049018025
-295.0 -85.6 2541.2 -0.3239326477 0.2846467793 -0.9022437930 0.0378790833 0.9568027258 0.2882597148 0.9453215599 0.0592005663 -0.3207218051
-408.2 -466.0 2517.7 -0.3415523469 0.2253308892 -0.9124516249 -0.0338246748 0.9672590494 0.2515270114 0.9392539263 0.1167730168 -0.3227478564
-414.4 -91.6 2686.9 -0.7364007235 0.1192830652 -0.6659470797 0.1930491924 0.9804585576 -0.0378550403 0.6484180689 -0.1564370245 -0.7450379133
-461.3 -476.5 2748.3 -0.7343829274 -0.1440214515 -0.6632794142 -0.1774887592 0.9839735627 -0.0171399862 0.6551179290 0.1051373184 -0.7481755614
59.8 648.7 2570.4 0 0 0 0 0 0 0 0 0
-540.5 -185.4 2914.3 0 0 0 0 0 0 0 0 0
-486.7 -803.1 2477.0 0 0 0 0 0 0 0 0 0
-414.5 -796.1 2714.1 0 0 0 0 0 0 0 0 0
-372.0 508.4 2651.8 9 -0.6504712701 -0.0350747667 -0.7587205768 -0.0808952674 0.9964504838 0.0232889112 0.7552106380 0.0765256733 -0.6509997845
-365.0 309.3 2636.5 -0.6504712701 -0.0350747667 -0.7587205768 -0.0808952674 0.9964504838 0.0232889112 0.7552106380 0.0765256733 -0.6509997845
-360.2 110.9 2625.6 -0.6511726975 -0.0240483545 -0.7585484982 -0.0572305433 0.9982079268 0.0174830072 0.7567686439 0.0547965989 -0.6513820291
