-241.8 487.3 2382.4 89 0.4102782607 0.1184169352 -0.9042395353 -0.1528342962 0.9864386916 0.0598364212 0.8990625143 0.1136492267 0.4228124917
-265.2 292.3 2360.0 0.4102782607 0.1184169352 -0.9042395353 -0.1528342962 0.9864386916 0.0598364212 0.8990625143 0.1136492267 0.4228124917
-287.3 98.8 2339.7 0.4116032124 0.1130296960 -0.9043268561 -0.1415301412 0.9881687164 0.0590916239 0.9003066421 0.1036672145 0.4227305353
-323.8 312.5 2231.7 0.1334366947 0.3262153864 -0.9358302355 0.9528034329 0.2175919116 0.2117058933 0.2726908028 -0.9199115634 -0.2817843854
-359.6 57.4 2158.7 -0.3177263439 0.3207918108 -0.8922682405 0.9394668341 0.2338038683 -0.2504751384 0.1282653958 -0.9178389907 -0.3756588995
-206.6 272.1 2488.2 0.2655764818 -0.7058745027 -0.6566660404 0.3929259181 0.7012373805 -0.5948742032 0.8803853393 -0.1000365168 0.4635885358
-159.7 341.5 2643.6 0.6592712402 -0.7058745027 -0.2590416670 0.7020420432 0.7012373805 -0.1241091862 0.2692552209 -0.1000365168 0.9578592181
-339.3 -80.9 2240.1 0.2521545589 0.0196015611 -0.9674884081 0.0250331238 0.9993280768 0.0267709736 0.9673631191 -0.0309696812 0.2514944375
-347.0 -472.3 2252.2 0.2341818660 0.1610331535 -0.9587633610 -0.0964509994 0.9851694703 0.1419097483 0.9673965573 0.0592409931 0.2462406307
-267.3 -104.8 2404.1 -0.9994551539 0.0180146880 0.0276568048 0.0105563337 0.9683732390 -0.2492826134 -0.0312728584 -0.2488548458 -0.9680357575
-274.3 -484.1 2501.6 -0.9994551539 0.0003203848 0.0330049284 0.0105563337 0.9505344033 0.3104398847 -0.0312728584 0.3106191456 -0.9500198960
-269.7 -208.1 2122.5 0 0 0 0 0 0 0 0 0
-9.6 501.3 2704.9 0 0 0 0 0 0 0 0 0
-407.6 -843.4 2229.9 0 0 0 0 0 0 0 0 0
-274.5 -783.0 2403.9 0 0 0 0 0 0 0 0 0
-241.8 489.4 2382.4 90 0.3591212034 0.1095872521 -0.9268347025 -0.1272022426 0.9895625114 0.0677169487 0.9245818257 0.0935768560 0.3693126440
-263.4 294.3 2363.9 0.3591212034 0.1095872521 -0.9268347025 -0.1272022426 0.9895625114 0.0677169487 0.9245818257 0.0935768560 0.3693126440
-283.9 100.3 2347.3 0.3601977825 0.1038226187 -0.9270805717 -0.1172112897 0.9909489155 0.0654351637 0.9254831672 0.0850947127 0.3691067994
-314.6 311.0 2232.3 0.1814554930 0.3758847713 -0.9087268710 0.9455959201 0.1870570183 0.2661916018 0.2700411081 -0.9075903893 -0.3214926124
-363.9 54.3 2159.0 -0.3215568662 0.3503440022 -0.8796932697 0.9347472787 0.2657557428 -0.2358418554 0.1511577517 -0.8981274962 -0.4129386842
-212.2 277.6 2495.5 0.3058967888 -0.6981578469 -0.6473042369 0.4003407955 0.7111893296 -0.5778727531 0.8638023138 -0.0823728517 0.4970515966
-162.7 342.4 2635.4 0.6631273031 -0.6981578469 -0.2698846757 0.6857306361 0.7111893296 -0.1548651755 0.3000594378 -0.0823728517 0.9503573179
-346.7 -82.0 2238.0 0.1964956522 0.0030088935 -0.9805001020 0.0339873396 0.9993734360 0.0098779928 0.9799154401 -0.0352655724 0.1962702721
-347.8 -473.4 2251.8 0.1793070883 0.1588222831 -0.9708884954 -0.0807496831 0.9859287143 0.1463695019 0.9804735780 0.0521538481 0.1896088570
-272.3 -107.5 2400.7 -0.9996693134 0.0090075415 0.0240860153 0.0024672390 0.9659202099 -0.2588283420 -0.0255965739 -0.2586833239 -0.9656229615
-275.8 -485.8 2502.1 -0.9996693134 -0.0057519618 0.0250636563 0.0024672390 0.9487125874 0.3161303103 -0.0255965739 0.3160876334 -0.9483846426
-273.6 -208.1 2116.6 0 0 0 0 0 0 0 0 0
-11.2 499.1 2704.0 0 0 0 0 0 0 0 0 0
-407.7 -844.7 2232.2 0 0 0 0 0 0 0 0 0
-274.0 -782.7 2403.1 0 0 0 0 0 0 0 0 0
-240.1 489.1 2374.8 91 0.4194963276 0.1063296571 -0.9015080929 -0.1207183897 0.9908297658 0.0606912710 0.8996943235 0.0833688378 0.4284853935
-261.0 294.0 2358.4 0.4194963276 0.1063296571 -0.9015080929 -0.1207183897 0.9908297658 0.0606912710 0.8996943235 0.0833688378 0.4284853935
-280.3 99.7 2343.1 0.4203386903 0.0982365757 -0.9020338058 -0.1125531271 0.9920891523 0.0555954874 0.9003594518 0.0781577826 0.4280703068
-320.7 310.0 2230.5 0.1588905901 0.3158048689 -0.9354255795 0.9533392191 0.1972730309 0.2285338491 0.2567063272 -0.9280897975 -0.2697243392
-364.1 49.6 2160.4 -0.3291891515 0.2997663915 -0.8954187036 0.9337996244 0.2441297919 -0.2615701258 0.1401884407 -0.9222476482 -0.3602866232
-201.3 278.0 2486.3 0.2195610702 -0.6807540655 -0.6988324523 0.3759899437 0.7200222611 -0.5832661986 0.9002358317 -0.1346914172 0.4140455425
-164.2 341.6 2638.5 0.6661928892 -0.6807540655 -0.3045668006 0.6850172877 0.7200222611 -0.1109920442 0.2948531806 -0.1346914172 0.9460020065
-336.8 -83.2 2247.2 0.2585099339 0.0294296686 -0.9655601978 0.0027191434 0.9995096922 0.0311924256 0.9660047889 -0.0106890490 0.2583031654
-348.3 -474.4 2251.4 0.2453909665 0.1579494327 -0.9564701915 -0.0856603906 0.9863110185 0.1409003437 0.9656322002 0.0473559424 0.2555618286
-271.8 -104.4 2414.2 -0.9994782209 0.0102876211 0.0306183249 0.0027232727 0.9713872075 -0.2374856323 -0.0321854129 -0.2372783273 -0.9709084034
-275.8 -484.7 2507.1 -0.9994782209 -0.0079906210 0.0312964357 0.0027232727 0.9446213245 0.3281511664 -0.0321854129 0.3280651867 -0.9441066384
-271.7 -212.6 2121.0 0 0 0 0 0 0 0 0 0
-13.3 496.7 2705.3 0 0 0 0 0 0 0 0 0
-407.8 -845.9 2233.6 0 0 0 0 0 0 0 0 0
-273.3 -783.1 2403.5 0 0 0 0 0 0 0 0 0
-239.6 490.4 2378.5 92 0.4744927585 0.1138582155 -0.8728647828 -0.1414728314 0.9885730147 0.0520462394 0.8688164949 0.0987910852 0.4851785898
-262.0 295.7 2359.1 0.4744927585 0.1138582155 -0.8728647828 -0.1414728314 0.9885730147 0.0520462394 0.8688164949 0.0987910852 0.4851785898
-282.9 101.8 2341.3 0.4756683707 0.1062123254 -0.8731887341 -0.1309023947 0.9901769757 0.0491335690 0.8698299527 0.0909312069 0.4848993123
-329.6 314.3 2235.6 0.1223954558 0.2610808611 -0.9575260282 0.9534590244 0.2369409204 0.1864803433 0.2755635679 -0.9357861876 -0.2199294120
-363.9 47.1 2158.4 -0.3376686573 0.2739379108 -0.9005209208 0.9356542826 0.2019911706 -0.2893970311 0.1026204526 -0.9402965307 -0.3245172799
-194.5 277.1 2482.6 0.1657194942 -0.6574947834 -0.7350085974 0.3783638775 0.7306663394 -0.5683022738 0.9107018113 -0.1839219332 0.3698579371
-166.4 341.2 2636.9 0.6741876006 -0.6574947834 -0.3364099264 0.6795116663 0.7306663394 -0.0662612915 0.2893698812 -0.1839219332 0.9393815994
-337.4 -84.4 2246.6 0.3193182349 0.0328050852 -0.9470795393 0.0036944950 0.9993499517 0.0358612761 0.9476403594 -0.0149501394 0.3189894557
-350.2 -475.7 2252.5 0.3054966331 0.1507294029 -0.9401874542 -0.0978423283 0.9871341586 0.1264637560 0.9471529126 0.0533558801 0.3163138628
-261.6 -104.7 2408.9 -0.9964151978 0.0381962433 0.0754834712 0.0179504640 0.9674104452 -0.2525762618 -0.0826709643 -0.2503158450 -0.9646281600
-276.6 -483.4 2506.9 -0.9964151978 -0.0100222910 0.0840015560 0.0179504640 0.9452991486 0.3257103860 -0.0826709643 0.3260506392 -0.9417305589
-269.0 -215.9 2129.5 0 0 0 0 0 0 0 0 0
-12.7 496.1 2702.9 0 0 0 0 0 0 0 0 0
-407.0 -847.5 2232.4 0 0 0 0 0 0 0 0 0
-273.4 -782.0 2403.9 0 0 0 0 0 0 0 0 0
-239.1 487.8 2372.9 93 0.4855244160 0.1108052284 -0.8671725392 -0.1343299001 0.9896110296 0.0512396656 0.8638411760 0.0916090906 0.4953647554
-260.9 293.3 2354.9 0.4855244160 0.1108052284 -0.8671725392 -0.1343299001 0.9896110296 0.0512396656 0.8638411760 0.0916090906 0.4953647554
-280.8 99.2 2337.9 0.4864500761 0.1013012156 -0.8678158522 -0.1256860793 0.9910383821 0.0452323928 0.8646209240 0.0870690793 0.4948228300
-330.1 311.2 2231.9 0.1226413622 0.2475728095 -0.9610758424 0.9572916031 0.2259657383 0.1803671569 0.2618242204 -0.9421502948 -0.2092866302
-364.0 46.6 2159.6 -0.3454818130 0.2647052407 -0.9003185034 0.9348568320 0.1806696653 -0.3056160808 0.0817620605 -0.9472537041 -0.3098796010
-191.7 275.4 2477.9 0.1481996328 -0.6471793056 -0.7477939725 0.3856082559 0.7341108322 -0.5589164495 0.9106827974 -0.2055243105 0.3583526313
-165.9 342.4 2636.0 0.6784281135 -0.6471793056 -0.3476985097 0.6775816083 0.7341108322 -0.0443227552 0.2839339972 -0.2055243105 0.9365581870
-346.7 -80.3 2245.2 0.3303260207 0.0073079802 -0.9438385963 0.0154988440 0.9997932315 0.0131655354 0.9437396526 -0.0189773254 0.3301444650
-349.5 -471.8 2252.7 0.3153961301 0.1582412422 -0.9356735349 -0.0890472829 0.9865833521 0.1368351281 0.9447728992 0.0401619151 0.3252555430
-261.0 -103.9 2401.9 -0.9961156845 0.0403852649 0.0782472342 0.0180186071 0.9633055925 -0.2678015828 -0.0861912370 -0.2653514445 -0.9602914453
-276.8 -481.1 2505.8 -0.9961156845 -0.0105516650 0.0874200314 0.0180186071 0.9473603368 0.3196618259 -0.0861912370 0.3199953437 -0.9434903860
-266.5 -217.1 2136.5 0 0 0 0 0 0 0 0 0
-11.6 496.6 2700.6 0 0 0 0 0 0 0 0 0
-409.1 -843.3 2237.5 0 0 0 0 0 0 0 0 0
-273.4 -781.0 2404.5 0 0 0 0 0 0 0 0 0
-240.4 489.9 2378.1 94 0.4749332964 0.1080941483 -0.8733578920 -0.1394753903 0.9891295433 0.0465761051 0.8688986897 0.0996913910 0.4848470390
-261.6 295.4 2358.5 0.4749332964 0.1080941483 -0.8733578920 -0.1394753903 0.9891295433 0.0465761051 0.8688986897 0.0996913910 0.4848470390
-281.9 101.4 2341.0 0.4761475027 0.1035141647 -0.8732516170 -0.1281156391 0.9906176925 0.0475705042 0.8699827194 0.0892266184 0.4849419296
-329.4 313.7 2234.6 0.1352780759 0.2602190077 -0.9560260773 0.9515333176 0.2348524481 0.1985664070 0.2761958241 -0.9365524054 -0.2158366740
-367.0 49.2 2157.9 -0.3455396891 0.2750861943 -0.8971788883 0.9337871671 0.1955162138 -0.2996913195 0.0929720700 -0.9413293600 -0.3244305849
-193.8 277.2 2482.4 0.1495214254 -0.6249182820 -0.7662378550 0.4012788236 0.7466125488 -0.5306081772 0.9036695361 -0.2281377465 0.3624010384
-169.0 343.9 2632.5 0.6860414743 -0.6249182820 -0.3725911975 0.6646512747 0.7466125488 -0.0284319110 0.2959488928 -0.2281377465 0.9275599122
-344.5 -83.5 2242.8 0.3196327686 0.0127279097 -0.9474560022 0.0171523094 0.9996682405 0.0192158017 0.9473862648 -0.0223930590 0.3193084002
-349.5 -475.0 2251.6 0.3046248853 0.1539306790 -0.9399515986 -0.0913459286 0.9870270491 0.1320360452 0.9480820894 0.0456392840 0.3147339523
-256.7 -106.2 2398.9 -0.9958738089 0.0471086949 0.0775633827 0.0245733988 0.9627621174 -0.2692309022 -0.0873581991 -0.2662140131 -0.9599472284
-275.2 -483.2 2503.1 -0.9958738089 -0.0047342940 0.0906250179 0.0245733988 0.9472604394 0.3195212185 -0.0873581991 0.3204297721 -0.9432355762
-269.0 -215.8 2131.5 0 0 0 0 0 0 0 0 0
-11.5 496.4 2700.4 0 0 0 0 0 0 0 0 0
-407.5 -846.7 2234.4 0 0 0 0 0 0 0 0 0
-273.7 -781.2 2402.3 0 0 0 0 0 0 0 0 0
-239.2 488.3 2372.7 95 0.4633811116 0.1135559529 -0.8788532019 -0.1269306839 0.9900343418 0.0609965548 0.8770214319 0.0832887888 0.4731769562
-261.6 293.2 2356.3 0.4633811116 0.1135559529 -0.8788532019 -0.1269306839 0.9900343418 0.0609965548 0.8770214319 0.0832887888 0.4731769562
-282.5 99.1 2340.5 0.4640238881 0.1064630970 -0.8794017434 -0.1211430356 0.9910508990 0.0560575239 0.8774999976 0.0805213749 0.4727685452
-327.7 310.5 2231.3 0.1383088231 0.2734042406 -0.9519037604 0.9535781741 0.2228437066 0.2025569081 0.2675056756 -0.9357300997 -0.2298910618
-364.3 58.1 2160.5 -0.3250302672 0.2632353306 -0.9083294868 0.9319260120 0.2525058985 -0.2602972686 0.1608391106 -0.9311003685 -0.3273879290
-195.5 276.0 2481.3 0.1222635582 -0.6888379455 -0.7145305276 0.3006405830 0.7118120790 -0.6347745657 0.9458683133 -0.1372070760 0.2941213250
-174.8 327.0 2641.7 0.6741831303 -0.6888379455 -0.2664195001 0.6986121535 0.7118120790 -0.0725571811 0.2396207601 -0.1372070760 0.9611223340
-345.2 -81.0 2245.0 0.3069906235 0.0072602541 -0.9516848326 0.0162019562 0.9997861385 0.0128535721 0.9515746236 -0.0193650834 0.3068073392
-348.1 -472.6 2252.6 0.2918153405 0.1579602212 -0.9433410764 -0.0894596055 0.9864528179 0.1375055462 0.9522818923 0.0442646891 0.3019931316
-259.2 -104.2 2402.1 -0.9941734672 0.0486541986 0.0961870104 0.0189391784 0.9572992921 -0.2884776592 -0.1061154082 -0.2849751413 -0.9526429772
-278.3 -479.1 2513.7 -0.9941734672 -0.0186674986 0.1061635390 0.0189391784 0.9393181801 0.3425239325 -0.1061154082 0.3425388336 -0.9334916472
-272.7 -204.7 2115.1 0 0 0 0 0 0 0 0 0
-11.4 496.3 2699.7 0 0 0 0 0 0 0 0 0
-407.5 -844.2 2235.9 0 0 0 0 0 0 0 0 0
-272.2 -782.3 2403.2 0 0 0 0 0 0 0 0 0
-238.9 487.3 2369.5 96 0.5030082464 0.1191078499 -0.8560350537 -0.1315584630 0.9894685149 0.0603695698 0.8542101979 0.0822522640 0.5133804679
-262.3 292.8 2353.3 0.5030082464 0.1191078499 -0.8560350537 -0.1315584630 0.9894685149 0.0603695698 0.8542101979 0.0822522640 0.5133804679
-284.0 98.8 2338.2 0.5040276051 0.1104871631 -0.8565913439 -0.1227665097 0.9908785224 0.0555710159 0.8549178839 0.0771514103 0.5129942298
-334.1 310.3 2231.6 0.1306496412 0.2313079834 -0.9640681148 0.9545468688 0.2334123403 0.1853617430 0.2679010332 -0.9444656372 -0.1902990639
-368.6 58.0 2160.8 -0.3398573995 0.2201150805 -0.9143556952 0.9230636954 0.2642905712 -0.2794707716 0.1801398546 -0.9389887452 -0.2930013537
-190.6 275.3 2475.0 0.0833652318 -0.7290382981 -0.6793772578 0.2163307071 0.6787320971 -0.7018004060 0.9727544785 -0.0884644091 0.2142960280
-175.1 315.7 2656.4 0.6585057974 -0.7290382981 -0.1867438555 0.7307594419 0.6787320971 -0.0728929415 0.1798907816 -0.0884644091 0.9797006249
-345.3 -84.0 2245.5 0.3506477177 0.0079803318 -0.9364734292 0.0151542109 0.9997844100 0.0141941030 0.9363847971 -0.0191686451 0.3504512012
-348.4 -475.6 2253.0 0.3343917429 0.1566261202 -0.9293279648 -0.1028875709 0.9862663150 0.1292012185 0.9368011355 0.0524124764 0.3459141850
-261.4 -105.9 2404.0 -0.9963567853 0.0375522524 0.0765700266 0.0162547454 0.9649983644 -0.2617517114 -0.0837193131 -0.2595534921 -0.9620930552
-276.1 -483.7 2505.6 -0.9963567853 -0.0118118897 0.0844607577 0.0162547454 0.9459046125 0.3240374327 -0.0837193131 0.3242297769 -0.9422664642
-272.8 -202.3 2110.0 0 0 0 0 0 0 0 0 0
-11.3 497.4 2701.1 0 0 0 0 0 0 0 0 0
-407.4 -847.1 2233.2 0 0 0 0 0 0 0 0 0
-272.4 -781.2 2403.6 0 0 0 0 0 0 0 0 0
-239.4 486.3 2368.4 97 0.4976310730 0.1266202331 -0.8580970764 -0.1306469738 0.9889431596 0.0701624826 0.8574932814 0.0771927610 0.5086714029
-264.3 291.7 2353.2 0.4976310730 0.1266202331 -0.8580970764 -0.1306469738 0.9889431596 0.0701624826 0.8574932814 0.0771927610 0.5086714029
-287.3 97.7 2339.2 0.4988069534 0.1174875945 -0.8587131500 -0.1211119294 0.9904974103 0.0651669130 0.8582094908 0.0714946985 0.5082961321
-335.3 308.9 2231.0 0.1213044301 0.2399267107 -0.9631824493 0.9534630775 0.2416751832 0.1802811474 0.2760315537 -0.9402278066 -0.1994449943
-367.4 57.1 2158.0 -0.3269624114 0.2371264398 -0.9148041606 0.9305413961 0.2496789694 -0.2678678036 0.1648888290 -0.9388458133 -0.3022916019
-193.2 274.4 2475.4 0.1055911779 -0.7614373565 -0.6395808458 0.1675782502 0.6476032138 -0.7433220148 0.9801877737 -0.0286915917 0.1959815323
-172.3 307.7 2669.8 0.6398770213 -0.7614373565 -0.1037813947 0.7579652071 0.6476032138 -0.0780948400 0.1266734898 -0.0286915917 0.9915294051
-351.1 -84.2 2246.0 0.3460844755 -0.0029806409 -0.9381986260 0.0233381595 0.9997128844 0.0054329545 0.9379130602 -0.0237760916 0.3460546732
-349.9 -475.8 2255.3 0.3284935355 0.1492384970 -0.9326413274 -0.1152364910 0.9863937497 0.1172513738 0.9374500513 0.0689579993 0.3412216902
-260.1 -106.4 2400.3 -0.9958651662 0.0423110910 0.0803885087 0.0189193171 0.9621075392 -0.2720131278 -0.0888515636 -0.2693675160 -0.9589298964
-276.7 -483.2 2505.8 -0.9958651662 -0.0109750982 0.0901780948 0.0189193171 0.9458519220 0.3240466118 -0.0888515636 0.3244128525 -0.9417333603
-275.1 -205.4 2111.5 0 0 0 0 0 0 0 0 0
-11.1 498.6 2701.7 0 0 0 0 0 0 0 0 0
-406.1 -847.3 2229.3 0 0 0 0 0 0 0 0 0
-273.2 -782.1 2403.3 0 0 0 0 0 0 0 0 0
-240.5 487.1 2375.3 98 0.4865033925 0.1241401285 -0.8648142219 -0.1459382027 0.9874936342 0.0596522987 0.8614037633 0.0971883908 0.4985357821
-264.9 293.6 2356.3 0.4865033925 0.1241401285 -0.8648142219 -0.1459382027 0.9874936342 0.0596522987 0.8614037633 0.0971883908 0.4985357821
-287.8 100.0 2337.8 0.4872265756 0.1171141267 -0.8653869629 -0.1400147080 0.9886228442 0.0549613237 0.8619780540 0.0943882838 0.4980809987
-334.3 313.6 2233.5 0.1196512282 0.2496360689 -0.9609190226 0.9543461204 0.2378955632 0.1806354076 0.2736915052 -0.9386626482 -0.2097747177
-366.6 55.4 2159.5 -0.3182280958 0.2490106672 -0.9147264957 0.9353372455 0.2397356182 -0.2601366341 0.1545157284 -0.9383605719 -0.3091995716
-195.4 273.7 2479.1 0.1676684618 -0.7478569746 -0.6423373222 0.2633070052 0.6618629694 -0.7018595338 0.9500298500 -0.0514521860 0.3078895211
-163.4 324.0 2660.7 0.6460239291 -0.7478569746 -0.1528495848 0.7434201241 0.6618629694 -0.0962491781 0.1731460989 -0.0514521860 0.9835512638
-355.4 -85.3 2247.7 0.3334245980 -0.0140933115 -0.9426714182 0.0170358848 0.9998150468 -0.0089220079 0.9426228404 -0.0130844247 0.3336030245
-349.8 -476.9 2252.8 0.3172896504 0.1536603421 -0.9357968569 -0.1019921675 0.9865910411 0.1274196059 0.9428281188 0.0550150312 0.3287072778
-265.2 -107.2 2402.7 -0.9976809621 0.0300503522 0.0610707700 0.0127220908 0.9637784362 -0.2664006352 -0.0668641254 -0.2650059164 -0.9619256854
-277.0 -484.7 2506.5 -0.9976809621 -0.0099576004 0.0673313364 0.0127220908 0.9445244074 0.3281946480 -0.0668641254 0.3282901645 -0.9422073960
-276.8 -208.5 2115.9 0 0 0 0 0 0 0 0 0
-10.6 499.8 2701.6 0 0 0 0 0 0 0 0 0
-407.7 -848.5 2232.1 0 0 0 0 0 0 0 0 0
-273.9 -783.2 2402.7 0 0 0 0 0 0 0 0 0
-240.8 488.3 2371.3 99 0.5188362002 0.1296088547 -0.8449914455 -0.1471720785 0.9872244596 0.0610595830 0.8421100974 0.0926792249 0.5312826037
-266.1 295.0 2353.2 0.5188362002 0.1296088547 -0.8449914455 -0.1471720785 0.9872244596 0.0610595830 0.8421100974 0.0926792249 0.5312826037
-290.3 101.5 2335.7 0.5196252465 0.1235647127 -0.8454119563 -0.1410149932 0.9883199930 0.0577783771 0.8426769376 0.0891926512 0.5309805274
-340.1 315.1 2233.2 0.0955752805 0.2163110375 -0.9716351628 0.9548904896 0.2557774782 0.1508708447 0.2811574042 -0.9422247410 -0.1821073443
-366.3 54.0 2156.3 -0.3159794509 0.2271002531 -0.9211853743 0.9374443293 0.2242793292 -0.2662648261 0.1461340189 -0.9476941824 -0.2837615013
-192.1 274.9 2473.1 0.1692684591 -0.7264450192 -0.6660524607 0.3055635691 0.6811853051 -0.6652950048 0.9370054007 -0.0909079090 0.3372783065
-160.4 332.2 2648.8 0.6515119672 -0.7264450192 -0.2186546326 0.7247304320 0.6811853051 -0.1036937982 0.2242721617 -0.0909079090 0.9702771306
-354.7 -80.9 2241.5 0.3694027960 -0.0150749320 -0.9291470647 0.0240305588 0.9996889830 -0.0066655623 0.9289585948 -0.0198656451 0.3696501851
-348.8 -472.4 2249.2 0.3535225391 0.1563778073 -0.9222623110 -0.0921810716 0.9869526625 0.1320116818 0.9308729768 0.0383460186 0.3633250892
-266.6 -106.2 2397.2 -0.9983557463 0.0256940126 0.0512410514 0.0106210914 0.9613516927 -0.2751183808 -0.0563295633 -0.2741217613 -0.9600438476
-276.7 -482.7 2504.6 -0.9983557463 -0.0080889985 0.0567485280 0.0106210914 0.9467470050 0.3218032718 -0.0563295633 0.3218768835 -0.9451043606
-277.3 -210.1 2115.1 0 0 0 0 0 0 0 0 0
-10.4 499.1 2700.5 0 0 0 0 0 0 0 0 0
-407.7 -844.1 2234.8 0 0 0 0 0 0 0 0 0
-274.1 -782.9 2402.5 0 0 0 0 0 0 0 0 0
-240.5 489.7 2377.3 00 0.5006389022 0.1259519309 -0.8564442992 -0.1698490381 0.9844197631 0.0454863571 0.8488298059 0.1226940006 0.5142316222
-265.3 295.9 2353.1 0.5006389022 0.1259519309 -0.8564442992 -0.1698490381 0.9844197631 0.0454863571 0.8488298059 0.1226940006 0.5142316222
-288.9 102.9 2330.8 0.5018577576 0.1211200953 -0.8564279079 -0.1601282954 0.9860416055 0.0456171781 0.8499986529 0.1142450050 0.5142473578
-336.7 318.8 2232.1 0.1018695310 0.2319267243 -0.9673843980 0.9586038589 0.2370361537 0.1577734202 0.2658969462 -0.9434107542 -0.1981790960
-364.2 60.5 2160.5 -0.3111951649 0.2208394110 -0.9243308306 0.9300354123 0.2707779706 -0.2484219521 0.1954270750 -0.9369680882 -0.2896532714
-193.8 273.1 2474.2 0.1435000598 -0.6619216800 -0.7357087731 0.3676519990 0.7258565426 -0.5813469887 0.9188252091 -0.1870614737 0.3475172818
-167.9 339.4 2640.0 0.6758849621 -0.6619216800 -0.3240975142 0.6858686805 0.7258565426 -0.0521195941 0.2697473764 -0.1870614737 0.9445868731
-361.4 -79.3 2242.2 0.3489912748 -0.0332529023 -0.9365358353 0.0347376391 0.9991424680 -0.0225311760 0.9364819527 -0.0246698577 0.3498471081
-348.4 -470.6 2251.8 0.3309054971 0.1580276638 -0.9303380251 -0.0973786563 0.9863336682 0.1329031736 0.9386261106 0.0466166772 0.3417717814
-267.5 -104.8 2394.4 -0.9992416501 0.0196871776 0.0335938670 0.0095429495 0.9602726102 -0.2789004743 -0.0377500318 -0.2783683836 -0.9597322345
-275.3 -481.0 2503.4 -0.9992416501 -0.0028819405 0.0388307497 0.0095429495 0.9487168789 0.3159830272 -0.0377500318 0.3161139488 -0.9479699135
-276.7 -201.0 2105.5 0 0 0 0 0 0 0 0 0
-11.7 497.9 2702.3 0 0 0 0 0 0 0 0 0
-407.9 -842.1 2234.3 0 0 0 0 0 0 0 0 0
-274.3 -784.3 2402.3 0 0 0 0 0 0 0 0 0
-239.3 488.5 2371.8 01 0.5389687419 0.1324465871 -0.8318476677 -0.1629206836 0.9853035212 0.0513206236 0.8264197111 0.1078649759 0.5526260734
-265.3 295.1 2350.6 0.5389687419 0.1324465871 -0.8318476677 -0.1629206836 0.9853035212 0.0513206236 0.8264197111 0.1078649759 0.5526260734
-290.3 101.9 2330.7 0.5399373770 0.1281345338 -0.8318949342 -0.1555911452 0.9865060449 0.0509631783 0.8271995187 0.1019185558 0.5525880456
-342.1 317.3 2232.9 0.0937772170 0.1920464933 -0.9768950939 0.9554244280 0.2585451603 0.1425431818 0.2799464166 -0.9467167258 -0.1592402607
-367.7 56.9 2156.6 -0.3418184221 0.1993904561 -0.9183700681 0.9258788824 0.2388302535 -0.2927599549 0.1609610170 -0.9503701925 -0.2662479877
-188.4 272.9 2468.3 0.0733389482 -0.6946215630 -0.7156271935 0.2766672671 0.7035660148 -0.6545609832 0.9581631422 -0.1499858052 0.2437778413
-174.8 324.2 2645.9 0.6656970382 -0.6946215630 -0.2726689875 0.7076908946 0.7035660148 -0.0645632520 0.2366876751 -0.1499858052 0.9599391818
-357.9 -75.7 2231.7 0.3909094334 -0.0261124186 -0.9200586677 0.0626885295 0.9980317354 -0.0016906343 0.9182918668 -0.0570162423 0.3917769492
-347.7 -466.4 2254.0 0.3684990406 0.1575826406 -0.9161747694 -0.1173434332 0.9855301380 0.1223145425 0.9221924543 0.0624343008 0.3816581964
-267.2 -104.7 2385.2 -0.9985148311 0.0255298447 0.0481282435 0.0088001508 0.9473870397 -0.3199693263 -0.0537648387 -0.3190706074 -0.9462046623
-277.2 -475.4 2510.1 -0.9985148311 -0.0092392033 0.0536911339 0.0088001508 0.9452204704 0.3263139427 -0.0537648387 0.3263017833 -0.9437353611
-271.1 -204.9 2111.1 0 0 0 0 0 0 0 0 0
-12.8 496.4 2703.5 0 0 0 0 0 0 0 0 0
-407.0 -837.5 2230.5 0 0 0 0 0 0 0 0 0
-274.2 -787.5 2402.3 0 0 0 0 0 0 0 0 0
-240.6 487.7 2369.0 02 0.5473073125 0.1308948696 -0.8266324401 -0.1499796361 0.9870449305 0.0569952950 0.8233837485 0.0927840844 0.5598484874
-266.2 294.3 2350.9 0.5473073125 0.1308948696 -0.8266324401 -0.1499796361 0.9870449305 0.0569952950 0.8233837485 0.0927840844 0.5598484874
-290.6 100.7 2333.6 0.5482397676 0.1248123720 -0.8269552588 -0.1427767426 0.9882531762 0.0545015335 0.8240436316 0.0881900787 0.5596200228
-344.3 314.6 2233.5 0.0902979150 0.1832601726 -0.9789085984 0.9561942220 0.2588727474 0.1366658807 0.2784581482 -0.9483673573 -0.1518566459
-368.9 53.9 2157.6 -0.3602892458 0.2088089138 -0.9091702104 0.9263390303 0.1949544996 -0.3223178089 0.1099440008 -0.9583274722 -0.2636678517
-188.2 273.9 2468.2 0.0680506900 -0.7327126861 -0.6771271825 0.2075173408 0.6742519140 -0.7087460160 0.9758614898 -0.0922849774 0.1979338974
-175.1 313.9 2656.2 0.6519676447 -0.7327126861 -0.1951161921 0.7343471646 0.6742519140 -0.0782217458 0.1888715327 -0.0922849774 0.9776558876
-364.0 -77.2 2236.1 0.3995813131 -0.0400670357 -0.9158217311 0.0630750954 0.9978783131 -0.0161367599 0.9145251513 -0.0513175912 0.4012607634
-348.3 -467.9 2256.2 0.3775118589 0.1512305737 -0.9135721922 -0.1292937249 0.9855182767 0.1097128093 0.9169339538 0.0767012537 0.3915979862
-266.5 -105.3 2385.4 -0.9978638291 0.0258580800 0.0599927045 0.0063551306 0.9523962140 -0.3047967553 -0.0650182813 -0.3037644029 -0.9505260587
-276.7 -478.2 2504.4 -0.9978638291 -0.0144137647 0.0637181923 0.0063551306 0.9493123293 0.3142700493 -0.0650182813 0.3140036464 -0.9471928477
-266.3 -210.0 2126.3 0 0 0 0 0 0 0 0 0
-12.5 497.0 2703.3 0 0 0 0 0 0 0 0 0
-405.3 -839.0 2227.3 0 0 0 0 0 0 0 0 0
-272.0 -786.3 2402.4 0 0 0 0 0 0 0 0 0
-241.1 487.8 2367.7 03 0.5458720326 0.1298203319 -0.8277502060 -0.1403142065 0.9881360531 0.0624421984 0.8260360956 0.0820596591 0.5576115251
-266.6 293.8 2351.5 0.5458720326 0.1298203319 -0.8277502060 -0.1403142065 0.9881360531 0.0624421984 0.8260360956 0.0820596591 0.5576115251
-290.1 99.9 2336.5 0.5470969081 0.1201257333 -0.8284049630 -0.1306215376 0.9897773862 0.0572607592 0.8268149495 0.0768803433 0.5571951270
-344.5 312.4 2233.8 0.0795149133 0.1853357702 -0.9794529080 0.9564788342 0.2625547349 0.1273314059 0.2807590663 -0.9469507337 -0.1563927233
-365.6 58.1 2159.1 -0.3436357081 0.2141817212 -0.9143525958 0.9332088232 0.1867965460 -0.3069663346 0.1050513312 -0.9587665200 -0.2640662491
-188.6 275.1 2469.3 0.0670870617 -0.7483550310 -0.6598970294 0.1703927219 0.6602642536 -0.7314488292 0.9830898643 -0.0633708984 0.1718094349
-175.3 309.0 2664.5 0.6474357843 -0.7483550310 -0.1441932470 0.7478860021 0.6602642536 -0.0686851367 0.1466065198 -0.0633708984 0.9871629477
-364.5 -79.9 2241.9 0.3983228207 -0.0408686139 -0.9163343906 0.0518753231 0.9984116554 -0.0219795071 0.9157772064 -0.0387802012 0.3998102248
-348.5 -470.9 2257.1 0.3766834736 0.1532778442 -0.9135729074 -0.1300133467 0.9852015972 0.1116886213 0.9171729088 0.0767054111 0.3910373151
-265.5 -105.7 2390.8 -0.9963098764 0.0318412483 0.0797042921 0.0072406386 0.9565099478 -0.2916097939 -0.0855231658 -0.2899565995 -0.9532108903
-278.0 -480.2 2504.3 -0.9963098764 -0.0201258566 0.0834361389 0.0072406386 0.9489451647 0.3153580129 -0.0855231658 0.3147984445 -0.9452977180
-268.3 -206.2 2129.4 0 0 0 0 0 0 0 0 0
-11.8 497.8 2701.5 0 0 0 0 0 0 0 0 0
-406.3 -841.9 2228.2 0 0 0 0 0 0 0 0 0
-271.5 -785.7 2403.0 0 0 0 0 0 0 0 0 0
-240.4 487.9 2368.0 04 0.5481408834 0.1235373169 -0.8272122145 -0.1328620166 0.9893343449 0.0597097017 0.8257658482 0.0771757588 0.5587080717
-264.7 293.6 2352.8 0.5481408834 0.1235373169 -0.8272122145 -0.1328620166 0.9893343449 0.0597097017 0.8257658482 0.0771757588 0.5587080717
-287.4 99.6 2338.6 0.5490937829 0.1159696504 -0.8276757002 -0.1249849051 0.9905838370 0.0558784455 0.8263623714 0.0727644637 0.5584179163
-342.9 311.5 2235.1 0.0798221305 0.1828297228 -0.9798988104 0.9563906789 0.2630426586 0.1269857287 0.2809719741 -0.9473024011 -0.1538600177
-363.7 62.0 2161.8 -0.3252528608 0.1980539262 -0.9246541262 0.9339975715 0.2201656401 -0.2813816667 0.1478483230 -0.9551448822 -0.2565913796
-186.4 275.8 2470.6 0.0589899980 -0.7549310923 -0.6531456113 0.1563714892 0.6531959772 -0.7408663630 0.9859351516 -0.0584296510 0.1565817297
-174.7 307.1 2667.5 0.6423164606 -0.7549310923 -0.1323200464 0.7544409037 0.6531959772 -0.0644510984 0.1350870579 -0.0584296510 0.9891094565
-363.0 -82.1 2246.7 0.4004551768 -0.0358654857 -0.9156141877 0.0382630788 0.9990166426 -0.0223976113 0.9155170918 -0.0260649770 0.4014337361
-349.0 -473.3 2257.0 0.3792446554 0.1545232832 -0.9123026133 -0.1363796890 0.9845236540 0.1100627780 0.9151906967 0.0826788172 0.3944491744
-264.1 -105.7 2396.2 -0.9971504807 0.0310412273 0.0687559098 0.0106620006 0.9602608085 -0.2789005041 -0.0746810138 -0.2773726881 -0.9578554630
-276.3 -481.7 2504.8 -0.9971504807 -0.0135245183 0.0742160380 0.0106620006 0.9486567378 0.3161276877 -0.0746810138 0.3160181642 -0.9458093047
-272.0 -201.6 2120.0 0 0 0 0 0 0 0 0 0
-11.3 498.9 2701.8 0 0 0 0 0 0 0 0 0
-407.2 -844.1 2225.8 0 0 0 0 0 0 0 0 0
-271.9 -787.5 2402.9 0 0 0 0 0 0 0 0 0
-240.6 489.0 2375.1 05 0.5394752026 0.1205725223 -0.8333239555 -0.1499508619 0.9876309633 0.0458241776 0.8285416365 0.1002366319 0.5508823395
-264.3 294.8 2355.4 0.5394752026 0.1205725223 -0.8333239555 -0.1499508619 0.9876309633 0.0458241776 0.8285416365 0.1002366319 0.5508823395
-286.5 101.2 2337.0 0.5405911803 0.1130617708 -0.8336535692 -0.1405088007 0.9891436696 0.0430352837 0.8294687867 0.0938711688 0.5506085157
-341.4 314.9 2237.2 0.0803747177 0.1912363917 -0.9782477021 0.9539838433 0.2696802020 0.1311005950 0.2888852358 -0.9437696934 -0.1607609689
-362.5 64.5 2161.4 -0.3084621429 0.1991709322 -0.9301516414 0.9345286489 0.2459178567 -0.2572559118 0.1775029898 -0.9486070275 -0.2619872987
-187.3 274.8 2473.6 0.0516155884 -0.7434601188 -0.6667854786 0.1758381128 0.6640101671 -0.7267540693 0.9830650091 -0.0797344670 0.1650018990
-177.2 309.1 2665.4 0.6504740715 -0.7434601188 -0.1554045826 0.7456560731 0.6640101671 -0.0555654801 0.1445009410 -0.0797344670 0.9862869382
-359.7 -83.1 2249.6 0.3906316161 -0.0265984610 -0.9201627374 0.0217253584 0.9995704293 -0.0196708944 0.9202907085 -0.0123067917 0.3910416961
-349.3 -474.5 2254.5 0.3721904457 0.1555084139 -0.9150362611 -0.1207382455 0.9855993390 0.1183902472 0.9202698469 0.0664161593 0.3856064677
-260.4 -105.7 2399.0 -0.9941586852 0.0449919105 0.0981029272 0.0157859121 0.9598075747 -0.2802146077 -0.1067673266 -0.2770291567 -0.9549112916
-278.1 -481.6 2507.5 -0.9941586852 -0.0194046982 0.1061692685 0.0157859121 0.9469819069 0.3208988905 -0.1067673266 0.3207004070 -0.9411439896
-275.6 -198.9 2111.4 0 0 0 0 0 0 0 0 0
-11.2 499.4 2702.3 0 0 0 0 0 0 0 0 0
-407.8 -845.7 2229.4 0 0 0 0 0 0 0 0 0
-271.8 -787.3 2403.9 0 0 0 0 0 0 0 0 0
-239.8 488.4 2370.7 06 0.5788352489 0.1290127188 -0.8051741719 -0.1544814557 0.9868737459 0.0470705032 0.8006780148 0.0971384197 0.5911673903
-265.1 295.0 2351.7 0.5788352489 0.1290127188 -0.8051741719 -0.1544814557 0.9868737459 0.0470705032 0.8006780148 0.0971384197 0.5911673903
-289.1 101.5 2333.8 0.5798975825 0.1227363572 -0.8053909540 -0.1461467445 0.9882220030 0.0453700423 0.8014736176 0.0913952887 0.5910050869
-347.6 315.9 2237.6 0.0621610843 0.1470140815 -0.9871792197 0.9537657499 0.2826587558 0.1021515876 0.2940525711 -0.9478875995 -0.1226466224
-363.6 71.5 2162.2 -0.3083667755 0.1592513472 -0.9378427267 0.9323527813 0.2462209314 -0.2647518814 0.1887544096 -0.9560409188 -0.2244047970
-182.6 274.2 2465.7 0.0451245196 -0.7641565204 -0.6434504986 0.1435843557 0.6423799396 -0.7528157234 0.9886087775 -0.0584189817 0.1387080103
-173.1 304.2 2672.6 0.6340492368 -0.7641565204 -0.1185174137 0.7647006512 0.6423799396 -0.0508026183 0.1149543598 -0.0584189817 0.9916515350
-357.4 -79.8 2243.7 0.4351024628 -0.0229898877 -0.9000874162 0.0311861970 0.9994589090 -0.0104526049 0.8998407125 -0.0235223472 0.4355840087
-348.4 -471.3 2252.9 0.4163897336 0.1559150368 -0.8957176208 -0.1184633672 0.9860914350 0.1165764108 0.9014355540 0.0575685054 0.4290685952
-259.7 -105.2 2393.6 -0.9962897301 0.0414141603 0.0754426792 0.0182117000 0.9582047462 -0.2855030894 -0.0841133967 -0.2830698490 -0.9554038048
-275.9 -480.5 2504.5 -0.9962897301 -0.0093119796 0.0855570957 0.0182117000 0.9488047361 0.3153377175 -0.0841133967 0.3157258630 -0.9451148510
-276.7 -191.2 2109.1 0 0 0 0 0 0 0 0 0
-11.1 499.6 2702.0 0 0 0 0 0 0 0 0 0
-407.2 -842.6 2231.2 0 0 0 0 0 0 0 0 0
-272.9 -786.2 2402.8 0 0 0 0 0 0 0 0 0
-241.5 486.9 2369.0 07 0.6034161448 0.1279047281 -0.7871018648 -0.1549344957 0.9870477319 0.0416186228 0.7822303176 0.0968358815 0.6154173613
-266.5 294.0 2350.1 0.6034161448 0.1279047281 -0.7871018648 -0.1549344957 0.9870477319 0.0416186228 0.7822303176 0.0968358815 0.6154173613
-290.6 100.5 2332.3 0.6043834686 0.1231347322 -0.7871203423 -0.1473231912 0.9882185459 0.0414731018 0.7829536796 0.0908954218 0.6154035330
-352.5 315.0 2238.6 0.0533655137 0.1176081300 -0.9916251302 0.9534258842 0.2892224789 0.0856119692 0.2968689501 -0.9500098228 -0.0966961309
-366.5 65.2 2160.8 -0.3262349665 0.1315996945 -0.9360834956 0.9246693254 0.2501289248 -0.2870925367 0.1963602453 -0.9592273235 -0.2032870054
-180.4 273.1 2461.5 0.0702945963 -0.7301813960 -0.6796277165 0.2494111359 0.6725386381 -0.6967681646 0.9658430219 -0.1205276772 0.2293912023
-166.5 322.3 2652.3 0.6450483799 -0.7301813960 -0.2252724767 0.7367029786 0.6725386381 -0.0704307258 0.2029316425 -0.1205276772 0.9717468023
-365.5 -78.8 2243.6 0.4615376294 -0.0435803980 -0.8860495090 0.0493247919 0.9985082150 -0.0234187115 0.8857483268 -0.0328955911 0.4629987180
-348.4 -469.8 2256.5 0.4407510161 0.1547895223 -0.8841825128 -0.1319093704 0.9854947329 0.1067710295 0.8878842592 0.0695725158 0.4547759891
-260.8 -105.2 2388.3 -0.9971550107 0.0375105068 0.0653819814 0.0162447337 0.9539456964 -0.2995392680 -0.0736067221 -0.2976249754 -0.9518410563
-275.5 -478.9 2504.9 -0.9971550107 -0.0078810854 0.0749648586 0.0162447337 0.9486811757 0.3158167005 -0.0736067221 0.3161360025 -0.9458541274
-274.9 -194.4 2105.7 0 0 0 0 0 0 0 0 0
-10.7 500.3 2701.3 0 0 0 0 0 0 0 0 0
-406.7 -841.0 2230.3 0 0 0 0 0 0 0 0 0
-272.9 -785.9 2402.5 0 0 0 0 0 0 0 0 0
-241.1 487.2 2369.1 08 0.5841283798 0.1255213916 -0.8018967509 -0.1472175568 0.9879673123 0.0474089384 0.7981985807 0.0903603658 0.5955787301
-265.7 293.5 2351.4 0.5841283798 0.1255213916 -0.8018967509 -0.1472175568 0.9879673123 0.0474089384 0.7981985807 0.0903603658 0.5955787301
-289.5 99.7 2335.1 0.5851177573 0.1214453876 -0.8018031120 -0.1392973810 0.9890788794 0.0481585823 0.7988951206 0.0835106298 0.5956446528
-349.0 313.3 2237.7 0.0690978467 0.1401728243 -0.9877130389 0.9574051499 0.2689245939 0.1051424369 0.2803584337 -0.9529066682 -0.1156200841
-367.6 55.4 2162.1 -0.3489632607 0.1502250731 -0.9250173569 0.9200245738 0.2426841706 -0.3076672256 0.1782677472 -0.9584032893 -0.2228986174
-182.4 273.6 2465.2 0.0800189078 -0.6790845990 -0.7296856046 0.3229494989 0.7102099657 -0.6255441308 0.9430273771 -0.1855962425 0.2761402428
-167.7 332.8 2637.9 0.6605477333 -0.6790845990 -0.3201887012 0.7015073895 0.7102099657 -0.0590698831 0.2675146461 -0.1855962425 0.9455104470
-369.2 -79.7 2243.8 0.4403508306 -0.0551079325 -0.8961329460 0.0498063825 0.9980769157 -0.0369026400 0.8964432478 -0.0283830315 0.4422487319
-347.7 -470.6 2254.9 0.4191553891 0.1595990509 -0.8937767744 -0.1213950142 0.9854407907 0.1190364808 0.8997622132 0.0586052611 0.4324273467
-260.1 -106.4 2385.2 -0.9971701503 0.0374227315 0.0652018934 0.0166417640 0.9556629062 -0.2939922214 -0.0733130202 -0.2920751870 -0.9535812736
-274.7 -480.7 2499.6 -0.9971701503 -0.0062569967 0.0749172717 0.0166417640 0.9534358382 0.3011363745 -0.0733130202 0.3015309572 -0.9506336451
-269.8 -202.5 2112.2 0 0 0 0 0 0 0 0 0
-10.7 499.5 2701.5 0 0 0 0 0 0 0 0 0
-407.8 -841.7 2232.9 0 0 0 0 0 0 0 0 0
-272.7 -785.2 2403.3 0 0 0 0 0 0 0 0 0
-240.1 487.9 2368.2 09 0.5769759417 0.1269750446 -0.8068308830 -0.1424788386 0.9883427024 0.0536518805 0.8042378426 0.0840004832 0.5883411765
-265.0 294.1 2351.7 0.5769759417 0.1269750446 -0.8068308830 -0.1424788386 0.9883427024 0.0536518805 0.8042378426 0.0840004832 0.5883411765
-288.7 100.3 2336.5 0.5780125260 0.1213633493 -0.8069525957 -0.1342228800 0.9895497561 0.0526828617 0.8049135208 0.0778601393 0.5882619023
-347.3 313.2 2237.1 0.0677475259 0.1490949541 -0.9864993691 0.9574795365 0.2682075799 0.1062902510 0.2804339528 -0.9517538548 -0.1245849729
-365.9 50.1 2160.0 -0.3431062698 0.1708031446 -0.9236364961 0.9284355640 0.2107732296 -0.3059118390 0.1424271464 -0.9624972343 -0.2308973372
-182.6 275.0 2466.4 0.0587711446 -0.6978068352 -0.7138708234 0.2682032287 0.6998519301 -0.6620228887 0.9615679979 -0.1525546163 0.2282851487
-172.0 323.4 2640.1 0.6523093581 -0.6978068352 -0.2959021628 0.7088840008 0.6998519301 -0.0876971930 0.2682833970 -0.1525546163 0.9511840343
-366.1 -81.4 2246.6 0.4333198667 -0.0460737795 -0.9000617266 0.0397493690 0.9986975789 -0.0319862291 0.9003632069 -0.0219166167 0.4345869124
-348.1 -472.5 2255.2 0.4129866064 0.1584376544 -0.8968498111 -0.1228686944 0.9854415059 0.1175089851 0.9024108648 0.0616651252 0.4264411628
-260.4 -106.5 2390.9 -0.9958812594 0.0426885039 0.0799889937 0.0166594088 0.9533600211 -0.3013754785 -0.0891235769 -0.2988016307 -0.9501445293
-277.1 -480.0 2507.9 -0.9958812594 -0.0132860364 0.0896885097 0.0166594088 0.9455494881 0.3250516653 -0.0891235769 0.3252069950 -0.9414336681
-269.6 -210.5 2120.0 0 0 0 0 0 0 0 0 0
-10.9 498.5 2706.4 0 0 0 0 0 0 0 0 0
-407.7 -843.7 2231.9 0 0 0 0 0 0 0 0 0
-272.8 -786.0 2402.7 0 0 0 0 0 0 0 0 0
-239.7 488.7 2367.2 10 0.5438449979 0.1278704405 -0.8293863535 -0.1342073232 0.9888549447 0.0644540638 0.8283845782 0.0762567073 0.5549449921
-264.8 294.1 2352.2 0.5438449979 0.1278704405 -0.8293863535 -0.1342073232 0.9888549447 0.0644540638 0.8283845782 0.0762567073 0.5549449921
-288.5 100.2 2338.3 0.5448662043 0.1208062321 -0.8297750354 -0.1260804385 0.9901204705 0.0613609031 0.8289900422 0.0711849183 0.5547145009
-342.4 312.1 2234.2 0.0820019692 0.1874942631 -0.9788368344 0.9594057798 0.2510715425 0.1284663975 0.2698447704 -0.9496362209 -0.1592947245
-365.1 46.8 2159.6 -0.3412518203 0.2025436610 -0.9178906679 0.9305434823 0.2107576132 -0.2994496524 0.1328008175 -0.9563248754 -0.2603971064
-187.3 276.2 2470.3 0.0879075378 -0.7377099395 -0.6693700552 0.2147439867 0.6702057719 -0.7104288936 0.9727061391 -0.0812911466 0.2173349112
-171.5 314.8 2645.3 0.6396617889 -0.7377099395 -0.2159092873 0.7323895693 0.6702057719 -0.1201237366 0.2333201319 -0.0812911466 0.9689961076
-364.8 -81.4 2248.5 0.3976668417 -0.0410498530 -0.9166111350 0.0316345990 0.9990181327 -0.0310158990 0.9169843793 -0.0166626330 0.3985749781
-348.7 -472.7 2255.1 0.3786029816 0.1581120789 -0.9119541645 -0.1138653532 0.9857728481 0.1236387193 0.9185284376 0.0570299961 0.3912200332
-260.3 -105.6 2394.0 -0.9972359538 0.0393815748 0.0630041510 0.0188150890 0.9541866779 -0.2986198664 -0.0718778446 -0.2966090441 -0.9522902369
-275.7 -479.4 2510.2 -0.9972359538 -0.0063021993 0.0740318447 0.0188150890 0.9424988627 0.3336793780 -0.0718778446 0.3341499865 -0.9397751689
-268.9 -215.4 2122.2 0 0 0 0 0 0 0 0 0
-10.7 498.9 2703.9 0 0 0 0 0 0 0 0 0
-408.2 -844.0 2233.6 0 0 0 0 0 0 0 0 0
-273.7 -784.1 2402.1 0 0 0 0 0 0 0 0 0
-240.4 486.6 2367.3 11 0.5407803655 0.1245201454 -0.8318962455 -0.1373982430 0.9887758493 0.0586855039 0.8298664689 0.0825651139 0.5518194437
-264.8 292.3 2351.0 0.5407803655 0.1245201454 -0.8318962455 -0.1373982430 0.9887758493 0.0586855039 0.8298664689 0.0825651139 0.5518194437
-287.9 98.4 2336.0 0.5418195128 0.1176600456 -0.8322185278 -0.1289073825 0.9900712371 0.0560517311 0.8305507302 0.0769091919 0.5516071916
-342.0 310.7 2232.7 0.0812705457 0.1902302355 -0.9783698320 0.9593132138 0.2513751984 0.1285639256 0.2703946829 -0.9490115643 -0.1620609760
-364.6 44.2 2157.6 -0.3428514898 0.2046363652 -0.9168297648 0.9298077822 0.2129677236 -0.3001702726 0.1338293999 -0.9553893209 -0.2632887959
-187.7 274.0 2469.3 0.1204096451 -0.7144609094 -0.6892366409 0.2947045863 0.6887151003 -0.6624354124 0.9479718804 -0.1233575866 0.2934828699
-165.4 328.4 2644.6 0.6511297822 -0.7144609094 -0.2560773790 0.7190014720 0.6887151003 -0.0933184698 0.2430367619 -0.1233575866 0.9621413946
-361.4 -82.3 2249.5 0.3939961493 -0.0322691016 -0.9185454249 0.0229367372 0.9994174242 -0.0252718218 0.9188258648 -0.0111114345 0.3945067823
-348.8 -473.8 2253.9 0.3764579594 0.1571571827 -0.9130066037 -0.1090119481 0.9861747026 0.1248030737 0.9199976921 0.0525455140 0.3883853555
-263.0 -105.1 2399.2 -0.9983822107 0.0294176210 0.0486579686 0.0154335676 0.9638371468 -0.2660447359 -0.0547247604 -0.2648633718 -0.9627318382
-274.5 -482.4 2502.9 -0.9983822107 -0.0027059687 0.0567950010 0.0154335676 0.9484698176 0.3164913952 -0.0547247604 0.3168559074 -0.9468936324
-268.1 -217.5 2119.9 0 0 0 0 0 0 0 0 0
-10.5 499.5 2702.4 0 0 0 0 0 0 0 0 0
-408.0 -845.2 2234.1 0 0 0 0 0 0 0 0 0
-273.7 -783.2 2402.4 0 0 0 0 0 0 0 0 0
-242.3 486.5 2367.3 12 0.5403339267 0.1205774918 -0.8327666521 -0.1374120265 0.9890384078 0.0540456250 0.8301548958 0.0852294639 0.5509797931
-266.0 292.2 2350.5 0.5403339267 0.1205774918 -0.8327666521 -0.1374120265 0.9890384078 0.0540456250 0.8301548958 0.0852294639 0.5509797931
-288.6 98.3 2334.8 0.5411753654 0.1154177189 -0.8329513669 -0.1303551942 0.9900765419 0.0524968915 0.8307446837 0.0801695138 0.5508503914
-343.1 310.8 2232.2 0.0868295580 0.1906998903 -0.9778006673 0.9576904178 0.2543582320 0.1346510947 0.2743896246 -0.9481220841 -0.1605456471
-367.3 44.3 2155.8 -0.3514042199 0.2065433413 -0.9131565690 0.9270030260 0.2133144736 -0.3084838986 0.1310742199 -0.9549014568 -0.2664259076
-188.9 273.7 2468.9 0.1294925362 -0.6814473867 -0.7203201652 0.3435608149 0.7122732401 -0.6120725274 0.9301599860 -0.1682149619 0.3263526857
