-380.1 504.2 2655.7 5 -0.6338848472 -0.0483673364 -0.7719136477 -0.0877460986 0.9960961938 0.0096414918 0.7684338689 0.0738440007 -0.6356543303
-370.5 306.3 2641.0 -0.6338848472 -0.0483673364 -0.7719136477 -0.0877460986 0.9960961938 0.0096414918 0.7684338689 0.0738440007 -0.6356543303
-362.0 108.1 2629.0 -0.6345155239 -0.0427905582 -0.7717247009 -0.0739544109 0.9972463846 0.0055103726 0.7693638802 0.0605688617 -0.6359328628
-281.2 316.7 2532.7 -0.8072307706 -0.5405804515 0.2369625568 -0.5499845147 0.5431834459 -0.6344043016 0.2142324001 -0.6424363852 -0.7357852459
-83.8 451.2 2480.3 -0.4426161051 -0.5405804515 0.7154465318 -0.8330303431 0.5431834459 -0.1049390435 -0.3318907320 -0.6424363852 -0.6907416582
-459.8 295.9 2749.3 -0.1938453615 0.9317047000 -0.3071649373 -0.8871857524 -0.0328502655 0.4602416158 0.4187188447 0.3617280424 0.8329629898
-512.2 56.4 2862.3 -0.0812725499 0.9344939590 -0.3465773165 -0.9760351181 -0.0041937819 0.2175727934 0.2018669844 0.3559543192 0.9124397039
-297.0 -83.4 2544.5 -0.3171501756 0.2893933654 -0.9031429887 0.0338911153 0.9551556110 0.2941584289 0.9477695823 0.0626838729 -0.3127356172
-412.0 -463.2 2519.5 -0.3376666307 0.2134632915 -0.9167413116 -0.0531888343 0.9680618644 0.2450045198 0.9397617579 0.1314902604 -0.3155283332
-411.7 -97.0 2687.5 -0.7332516909 0.0964916572 -0.6730760336 0.1663343608 0.9852594137 -0.0399592742 0.6592987776 -0.1412558705 -0.7384929657
-449.6 -483.9 2743.0 -0.7232238650 -0.1639128625 -0.6708799005 -0.2041380405 0.9787563682 -0.0190693531 0.6597536802 0.1231606975 -0.7413207889
35.5 675.8 2569.8 0 0 0 0 0 0 0 0 0
-533.3 -197.3 2914.8 0 0 0 0 0 0 0 0 0
-487.1 -803.6 2473.3 0 0 0 0 0 0 0 0 0
-396.4 -801.9 2703.0 0 0 0 0 0 0 0 0 0
-382.0 506.7 2656.7 6 -0.6330975294 -0.0526542887 -0.7722791433 -0.0937096402 0.9955593944 0.0089434842 0.7683788538 0.0780320987 -0.6352204084
-371.5 308.4 2641.2 -0.6330975294 -0.0526542887 -0.7722791433 -0.0937096402 0.9955593944 0.0089434842 0.7683788538 0.0780320987 -0.6352204084
-362.4 110.2 2628.6 -0.6338720918 -0.0458592735 -0.7720771432 -0.0780432820 0.9969381094 0.0048577990 0.7694903612 0.0633346513 -0.6355102658
-282.3 319.4 2532.9 -0.8112087846 -0.5324016809 0.2418444902 -0.5463461280 0.5426425934 -0.6380006671 0.2084375173 -0.6496825814 -0.7310720682
-82.8 453.7 2481.6 -0.4403357208 -0.5324016809 0.7229473591 -0.8330225348 0.5426425934 -0.1077612415 -0.3349297941 -0.6496825814 -0.6824474931
-460.7 297.4 2749.5 -0.1908626854 0.9319952726 -0.3081497848 -0.8889309168 -0.0309453364 0.4569947422 0.4163811207 0.3611471355 0.8343856931
-512.3 57.4 2861.9 -0.0781284198 0.9346922636 -0.3467654884 -0.9768345952 -0.0022642701 0.2139836699 0.1992237121 0.3554507196 0.9132166505
-295.3 -83.4 2546.3 -0.3165184259 0.2916137874 -0.9026502371 0.0310585238 0.9542498589 0.2973929346 0.9480777383 0.0660953596 -0.3110947609
-411.2 -462.8 2520.1 -0.3365092874 0.2157600820 -0.9166291952 -0.0530925021 0.9675022364 0.2472258955 0.9401822686 0.1318599433 -0.3141182363
-411.5 -95.2 2686.6 -0.7334137559 0.0933515728 -0.6733422279 0.1622379571 0.9859396815 -0.0400220379 0.6601387262 -0.1385943741 -0.7382469177
-448.1 -482.4 2741.0 -0.7222326994 -0.1668939590 -0.6712126136 -0.2082058042 0.9778981805 -0.0191180315 0.6595682502 0.1259426922 -0.7410183549
35.9 678.3 2571.9 0 0 0 0 0 0 0 0 0
-532.6 -196.5 2913.7 0 0 0 0 0 0 0 0 0
-487.0 -802.5 2473.8 0 0 0 0 0 0 0 0 0
-393.9 -800.1 2700.1 0 0 0 0 0 0 0 0 0
-381.8 506.1 2655.3 7 -0.6330593228 -0.0524462126 -0.7723246217 -0.0951212123 0.9954116344 0.0103736166 0.7682368755 0.0800315663 -0.6351433396
-371.3 308.1 2639.3 -0.6330593228 -0.0524462126 -0.7723246217 -0.0951212123 0.9954116344 0.0103736166 0.7682368755 0.0800315663 -0.6351433396
-362.4 109.9 2626.2 -0.6338195801 -0.0446964279 -0.7721884251 -0.0795296803 0.9968037009 0.0075809266 0.7693814039 0.0662168339 -0.6353483796
-282.1 319.3 2531.0 -0.8144510984 -0.5229755640 0.2513284087 -0.5442867875 0.5385184884 -0.6432337761 0.2010505646 -0.6606771946 -0.7232456803
-83.1 452.3 2481.9 -0.4403473139 -0.5229755640 0.7297881842 -0.8343746662 0.5385184884 -0.1175445318 -0.3315315247 -0.6606771946 -0.6734927893
-460.5 296.9 2747.6 -0.1918143779 0.9320252538 -0.3074672818 -0.8899055719 -0.0330634713 0.4549449682 0.4138542712 0.3608818054 0.8357565403
-512.3 56.6 2859.3 -0.0792198777 0.9347545505 -0.3463497758 -0.9773139358 -0.0043678172 0.2117508352 0.1964222640 0.3552673161 0.9138946533
-295.1 -80.9 2545.4 -0.3150193989 0.2903020978 -0.9035969377 0.0329060555 0.9548398852 0.2952931225 0.9485146403 0.0632892549 -0.3103457689
-410.6 -460.5 2520.2 -0.3357536495 0.2140308619 -0.9173114300 -0.0548472852 0.9677487612 0.2458742708 0.9403516650 0.1328652203 -0.3131861687
-411.7 -95.6 2683.6 -0.7331039310 0.0944646224 -0.6735243797 0.1611810327 0.9862266779 -0.0371165574 0.6607415080 -0.1357696503 -0.7382325530
-448.8 -482.9 2736.9 -0.7223498821 -0.1657445729 -0.6713712215 -0.2092759609 0.9777222872 -0.0162081532 0.6591010094 0.1287939101 -0.7409439683
35.6 677.2 2571.3 0 0 0 0 0 0 0 0 0
-532.9 -197.4 2910.4 0 0 0 0 0 0 0 0 0
-486.5 -803.8 2473.1 0 0 0 0 0 0 0 0 0
-395.0 -800.6 2695.1 0 0 0 0 0 0 0 0 0
-379.6 502.1 2652.5 8 -0.6456341147 -0.0545331761 -0.7616972327 -0.0972031280 0.9952021837 0.0111410683 0.7574352026 0.0812324136 -0.6478372812
-368.8 303.9 2636.3 -0.6456341147 -0.0545331761 -0.7616972327 -0.0972031280 0.9952021837 0.0111410683 0.7574352026 0.0812324136 -0.6478372812
-359.6 105.8 2622.9 -0.6464306712 -0.0459239371 -0.7615893483 -0.0814093426 0.9966400862 0.0090020420 0.7586171031 0.0678196847 -0.6479973793
-277.8 315.4 2529.6 -0.7993998528 -0.5443915725 0.2541607618 -0.5675037503 0.5453295112 -0.6168915629 0.1972292364 -0.6373801827 -0.7448806167
-82.5 454.0 2481.4 -0.4398911893 -0.5443915725 0.7142363191 -0.8325758576 0.5453295112 -0.0971246958 -0.3366202712 -0.6373801827 -0.6931329370
-459.7 292.4 2743.1 -0.1984619498 0.9259456992 -0.3213057816 -0.8909261227 -0.0338024460 0.4528885484 0.4084892869 0.3761408627 0.8316577077
-513.3 51.9 2853.4 -0.0822864622 0.9287623763 -0.3614268899 -0.9777899384 -0.0050936542 0.2095253021 0.1927582324 0.3706406951 0.9085536599
-295.4 -81.0 2542.4 -0.3265979886 0.2893823981 -0.8997730613 0.0440127030 0.9555999637 0.2913616300 0.9441380501 0.0555566773 -0.3248335123
-410.5 -460.9 2520.3 -0.3488871753 0.2159440517 -0.9119462371 -0.0488940887 0.9675711393 0.2478213608 0.9358884096 0.1310504675 -0.3270147741
-409.8 -99.9 2679.0 -0.7439441085 0.0965238735 -0.6612339616 0.1595121920 0.9865592122 -0.0354513600 0.6489245296 -0.1318487078 -0.7493416071
-447.7 -487.3 2730.8 -0.7331078649 -0.1679840833 -0.6590403914 -0.2108900994 0.9774016142 -0.0145404264 0.6465896964 0.1283253878 -0.7519670129
36.1 678.5 2572.2 0 0 0 0 0 0 0 0 0
-534.7 -202.3 2903.5 0 0 0 0 0 0 0 0 0
-486.8 -803.2 2474.0 0 0 0 0 0 0 0 0 0
-393.1 -804.9 2689.1 0 0 0 0 0 0 0 0 0
-378.9 505.3 2645.1 9 -0.6740791202 -0.0434555486 -0.7373797894 -0.0756539255 0.9970799088 0.0103990883 0.7347747087 0.0627954900 -0.6753982902
-370.2 306.8 2632.6 -0.6740791202 -0.0434555486 -0.7373797894 -0.0756539255 0.9970799088 0.0103990883 0.7347747087 0.0627954900 -0.6753982902
-363.1 108.4 2622.6 -0.6746472120 -0.0358846486 -0.7372675538 -0.0613671131 0.9980865121 0.0075754970 0.7355849147 0.0503547676 -0.6755584478
-275.4 315.4 2529.2 -0.7947200537 -0.5510509014 0.2544856668 -0.5748215318 0.5486230850 -0.6071185470 0.1949364841 -0.6287730932 -0.7527576685
-81.6 455.5 2481.7 -0.4576142132 -0.5510509014 0.6978052258 -0.8287680149 0.5486230850 -0.1102553755 -0.3220757544 -0.6287730932 -0.7077510953
-465.1 298.1 2736.1 -0.2245341688 0.9110444188 -0.3458070159 -0.8818792105 -0.0390006341 0.4698595107 0.4145762026 0.4104595482 0.8121881485
-525.7 60.2 2847.9 -0.1017336398 0.9144179225 -0.3917781413 -0.9735257626 -0.0104797995 0.2283369005 0.2046896070 0.4046356678 0.8912755847
-291.2 -84.9 2539.8 -0.3593591452 0.3032575846 -0.8825507760 0.0660417378 0.9516190290 0.3000994325 0.9308595657 0.0495582931 -0.3620006442
-411.8 -463.2 2520.1 -0.3847003579 0.2162985951 -0.8973408341 -0.0376723520 0.9676672816 0.2494009435 0.9222724438 0.1297495663 -0.3641134799
-417.9 -95.7 2680.0 -0.7650710940 0.1138465554 -0.6338021755 0.1788732260 0.9830855727 -0.0393337682 0.6186037660 -0.1434633732 -0.7724944353
-462.6 -481.6 2736.3 -0.7589123845 -0.1599316448 -0.6312478781 -0.1914191842 0.9813340902 -0.0184966847 0.6224232912 0.1067955941 -0.7753605247
41.8 679.0 2568.5 0 0 0 0 0 0 0 0 0
-552.1 -192.9 2901.1 0 0 0 0 0 0 0 0 0
-487.4 -801.7 2474.7 0 0 0 0 0 0 0 0 0
-410.7 -800.4 2701.6 0 0 0 0 0 0 0 0 0
-382.3 506.8 2651.0 0 -0.6894531846 -0.0524142683 -0.7224313617 -0.0905457735 0.9957915545 0.0141652012 0.7186486125 0.0751793459 -0.6912975311
-371.8 308.4 2636.0 -0.6894531846 -0.0524142683 -0.7224313617 -0.0905457735 0.9957915545 0.0141652012 0.7186486125 0.0751793459 -0.6912975311
-363.4 110.1 2624.4 -0.6903561950 -0.0425854512 -0.7222151756 -0.0715988353 0.9973870516 0.0096294349 0.7199179530 0.0583575033 -0.6916013956
-274.7 318.5 2534.7 -0.7954928875 -0.5530428290 0.2476584613 -0.5697737932 0.5435364246 -0.6163813472 0.2062738836 -0.6314362884 -0.7474886775
-80.1 457.9 2484.3 -0.4655896425 -0.5530428290 0.6909196377 -0.8301271200 0.5435364246 -0.1243265644 -0.3067820668 -0.6314362884 -0.7121607661
-468.9 298.3 2737.2 -0.2284910530 0.9020269513 -0.3662502170 -0.8867231011 -0.0375257209 0.4607754052 0.4018880129 0.4300455749 0.8084224463
-530.6 59.0 2845.7 -0.1005475968 0.9053670764 -0.4125537276 -0.9758391976 -0.0088960137 0.2183088362 0.1939795613 0.4245365262 0.8843871951
-294.2 -84.4 2545.1 -0.3777197003 0.3000724912 -0.8759476542 0.0635918006 0.9522029161 0.2987735868 0.9237337112 0.0571495816 -0.3787479401
-413.5 -463.0 2522.4 -0.4018810093 0.2095666677 -0.8913885355 -0.0380919501 0.9687902331 0.2449376136 0.9148992896 0.1323904991 -0.3813556135
-418.2 -94.7 2678.8 -0.7795292139 0.1112528369 -0.6164065003 0.1691358685 0.9849303365 -0.0361288600 0.6030980349 -0.1324199587 -0.7865988612
-461.9 -481.4 2730.8 -0.7712898254 -0.1679947823 -0.6139134765 -0.2011748701 0.9794362783 -0.0152726043 0.6038548350 0.1117243618 -0.7892255783
45.4 681.6 2567.0 0 0 0 0 0 0 0 0 0
-556.7 -194.6 2896.1 0 0 0 0 0 0 0 0 0
-487.2 -803.3 2475.9 0 0 0 0 0 0 0 0 0
-407.3 -799.6 2694.5 0 0 0 0 0 0 0 0 0
-383.7 505.4 2653.9 1 -0.6939286590 -0.0568060689 -0.7177994847 -0.0988249630 0.9949630499 0.0167979114 0.7132297158 0.0825930536 -0.6960472465
-372.3 307.3 2637.4 -0.6939286590 -0.0568060689 -0.7177994847 -0.0988249630 0.9949630499 0.0167979114 0.7132297158 0.0825930536 -0.6960472465
-363.2 109.2 2624.6 -0.6949745417 -0.0462635532 -0.7175444365 -0.0786127448 0.9968345761 0.0118693002 0.7147240043 0.0646570027 -0.6964116096
-274.6 318.4 2536.9 -0.7963394523 -0.5548688173 0.2407573909 -0.5645477772 0.5389915109 -0.6251192093 0.2170929462 -0.6337261200 -0.7424701452
-80.1 456.2 2483.9 -0.4689930677 -0.5548688173 0.6871434450 -0.8318236470 0.5389915109 -0.1325050145 -0.2968415916 -0.6337261200 -0.7143362761
-470.1 296.3 2738.0 -0.2282996029 0.8992218971 -0.3732013702 -0.8900504112 -0.0374143124 0.4543241262 0.3945751488 0.4358900487 0.8088945150
-531.7 56.0 2844.5 -0.0986313224 0.9025064111 -0.4192303419 -0.9774101377 -0.0087244110 0.2111712992 0.1869259179 0.4305880964 0.8829793930
-291.6 -81.5 2546.8 -0.3837861419 0.3005160987 -0.8731542230 0.0574683957 0.9515036345 0.3022221625 0.9216320515 0.0658099055 -0.3824440539
-411.1 -459.8 2520.6 -0.4058102965 0.2134890705 -0.8886734247 -0.0342986807 0.9680935144 0.2482308298 0.9133135080 0.1312149614 -0.3855399489
-417.7 -96.2 2677.3 -0.7841429710 0.1088912860 -0.6109521389 0.1626363844 0.9861347675 -0.0329791568 0.5988900065 -0.1252234131 -0.7909802794
-460.5 -483.4 2726.4 -0.7746693492 -0.1720563322 -0.6085096598 -0.2077421844 0.9781088829 -0.0120923594 0.5972692370 0.1170455441 -0.7934543490
46.3 680.5 2563.9 0 0 0 0 0 0 0 0 0
-557.4 -198.0 2893.1 0 0 0 0 0 0 0 0 0
-486.8 -803.3 2474.1 0 0 0 0 0 0 0 0 0
-404.6 -801.2 2688.4 0 0 0 0 0 0 0 0 0
-382.0 504.2 2656.3 2 -0.6728817821 -0.0512552448 -0.7379722595 -0.0934530795 0.9954940081 0.0160691496 0.7338232994 0.0797784179 -0.6746397018
-371.8 306.3 2640.5 -0.6728817821 -0.0512552448 -0.7379722595 -0.0934530795 0.9954940081 0.0160691496 0.7338232994 0.0797784179 -0.6746397018
-363.4 108.1 2627.9 -0.6737337112 -0.0422809795 -0.7377636433 -0.0753043592 0.9970928431 0.0116257090 0.7351272702 0.0633894503 -0.6749590039
-277.1 316.9 2537.1 -0.7984969020 -0.5529450774 0.2380218655 -0.5620701313 0.5431869626 -0.6237187982 0.2155918479 -0.6318225265 -0.7445270419
-80.8 455.1 2484.1 -0.4701123238 -0.5529450774 0.6879289150 -0.8294518590 0.5431869626 -0.1302212626 -0.3016688228 -0.6318225265 -0.7140001655
-466.6 295.7 2743.9 -0.2182995975 0.9116309881 -0.3482444584 -0.8885971308 -0.0381719470 0.4570974708 0.4034110606 0.4092331827 0.8184055686
-525.5 55.9 2852.7 -0.0950208008 0.9148144722 -0.3925373256 -0.9767255783 -0.0095052812 0.2142819911 0.1922970861 0.4037625194 0.8944258690
-290.2 -81.8 2546.2 -0.3586639464 0.3049322367 -0.8822565079 0.0532405935 0.9502836466 0.3068003953 0.9319472313 0.0630663708 -0.3570672274
-411.5 -459.6 2521.1 -0.3813966811 0.2150348723 -0.8990531564 -0.0411084704 0.9676606655 0.2488834113 0.9234969616 0.1318820119 -0.3602228165
-416.8 -97.0 2682.7 -0.7657906413 0.1071111113 -0.6341071725 0.1657902449 0.9855837226 -0.0337382108 0.6213519573 -0.1309651881 -0.7725088000
-458.8 -484.1 2734.1 -0.7571239471 -0.1664990336 -0.6316972375 -0.2045107335 0.9787797928 -0.0128636137 0.6204342842 0.1194495186 -0.7751084566
46.0 678.7 2565.4 0 0 0 0 0 0 0 0 0
-550.2 -198.0 2902.7 0 0 0 0 0 0 0 0 0
-487.6 -802.2 2474.4 0 0 0 0 0 0 0 0 0
-404.7 -802.1 2695.3 0 0 0 0 0 0 0 0 0
-380.3 504.3 2656.6 3 -0.6617654562 -0.0467025675 -0.7482548356 -0.0911113843 0.9956700802 0.0184349250 0.7441539764 0.0803741291 -0.6631551981
-371.0 305.9 2640.5 -0.6617654562 -0.0467025675 -0.7482548356 -0.0911113843 0.9956700802 0.0184349250 0.7441539764 0.0803741291 -0.6631551981
-363.4 107.7 2627.7 -0.6625038385 -0.0383152068 -0.7480779290 -0.0738038868 0.9971703887 0.0142880417 0.7454137206 0.0646769404 -0.6634570360
-277.8 316.3 2535.7 -0.8008418679 -0.5517939329 0.2327568680 -0.5602293015 0.5529096723 -0.6167933941 0.2116493136 -0.6243511438 -0.7519243360
-82.7 452.7 2484.1 -0.4776474535 -0.5517939329 0.6836493015 -0.8232126832 0.5529096723 -0.1288866252 -0.3068774641 -0.6243511438 -0.7183396220
-464.2 295.5 2745.4 -0.2147359997 0.9177296162 -0.3341569006 -0.8881799579 -0.0411870852 0.4576461315 0.4062324464 0.3950645626 0.8239533901
-522.2 55.8 2855.1 -0.0949928686 0.9209149480 -0.3780105412 -0.9765578508 -0.0125257643 0.2148904651 0.1931609809 0.3895622194 0.9005165696
-293.2 -83.2 2547.9 -0.3512940407 0.2910859883 -0.8898659945 0.0306674223 0.9535096884 0.2997979820 0.9357627630 0.0780273527 -0.3438891470
-408.9 -462.3 2516.9 -0.3658596873 0.2258121520 -0.9028596282 -0.0287958849 0.9669067860 0.2534995973 0.9302244186 0.1187439263 -0.3472497761
-416.5 -97.4 2683.2 -0.7555827498 0.1080587581 -0.6460789442 0.1676967889 0.9853410125 -0.0313182697 0.6332238913 -0.1320089102 -0.7626277804
-459.0 -484.3 2735.1 -0.7480447888 -0.1617092341 -0.6436451674 -0.2026932985 0.9791865945 -0.0104402862 0.6319370270 0.1226527616 -0.7652528286
46.1 674.7 2566.9 0 0 0 0 0 0 0 0 0
-546.9 -198.1 2905.3 0 0 0 0 0 0 0 0 0
-488.1 -801.4 2475.2 0 0 0 0 0 0 0 0 0
-406.4 -802.5 2695.2 0 0 0 0 0 0 0 0 0
-382.6 508.1 2658.2 4 -0.6548403502 -0.0541311577 -0.7538262010 -0.0998495370 0.9948849678 0.0152969379 0.7491422892 0.0852862448 -0.6568958163
-371.8 309.1 2641.1 -0.6548403502 -0.0541311577 -0.7538262010 -0.0998495370 0.9948849678 0.0152969379 0.7491422892 0.0852862448 -0.6568958163
-362.7 111.0 2627.2 -0.6556907296 -0.0458790772 -0.7536343932 -0.0829181597 0.9964902401 0.0114785247 0.7504627109 0.0700163394 -0.6571936011
-279.6 320.7 2535.5 -0.8123118281 -0.5365989208 0.2284974903 -0.5423219800 0.5508276820 -0.6344097257 0.2145608366 -0.6392577291 -0.7384532094
-83.1 451.9 2483.6 -0.4790261090 -0.5365989208 0.6946910024 -0.8225047588 0.5508276820 -0.1416856200 -0.3066266775 -0.6392577291 -0.7052159905
-464.1 297.4 2746.7 -0.2041977495 0.9212639332 -0.3310227990 -0.8918879628 -0.0356914513 0.4508458972 0.4035333693 0.3872969449 0.8289522529
-519.2 56.7 2855.6 -0.0854954422 0.9241713881 -0.3722871542 -0.9782480597 -0.0069822376 0.2073210329 0.1890007854 0.3819141984 0.9046658278
-295.0 -83.8 2546.5 -0.3409453332 0.2842850387 -0.8960682154 0.0326632224 0.9561865926 0.2909300327 0.9395155311 0.0699227676 -0.3352930546
-408.0 -463.9 2518.7 -0.3572157323 0.2334789038 -0.9043697119 -0.0313837342 0.9647061229 0.2614520192 0.9334945083 0.1217772737 -0.3372807503
-413.7 -94.8 2682.1 -0.7516521215 0.0989983752 -0.6520877481 0.1583876759 0.9868336320 -0.0327524915 0.6402596831 -0.1279011369 -0.7574356794
-452.6 -482.3 2732.3 -0.7411243916 -0.1686369181 -0.6498432159 -0.2119804770 0.9772022963 -0.0118312920 0.6370235085 0.1289856285 -0.7599761486
46.1 673.7 2566.3 0 0 0 0 0 0 0 0 0
-541.4 -197.7 2904.7 0 0 0 0 0 0 0 0 0
-489.4 -800.1 2476.2 0 0 0 0 0 0 0 0 0
-397.8 -799.8 2690.4 0 0 0 0 0 0 0 0 0
-380.2 509.4 2659.5 5 -0.6442867517 -0.0518844873 -0.7630220056 -0.1032858714 0.9944587350 0.0195914842 0.7577774525 0.0914319307 -0.6460754871
-369.8 310.3 2641.2 -0.6442867517 -0.0518844873 -0.7630220056 -0.1032858714 0.9944587350 0.0195914842 0.7577774525 0.0914319307 -0.6460754871
-360.9 112.2 2625.9 -0.6450618505 -0.0445833467 -0.7628286481 -0.0872922912 0.9960605502 0.0156014273 0.7591279745 0.0766529441 -0.6464124322
-279.0 322.6 2534.3 -0.8167190552 -0.5271825194 0.2346244454 -0.5389666557 0.5516922474 -0.6365143657 0.2061187327 -0.6463081837 -0.7347114086
-82.3 452.4 2484.7 -0.4808057547 -0.5271825194 0.7006457448 -0.8207857013 0.5516922474 -0.1481433213 -0.3084422648 -0.6463081837 -0.6979606748
-460.5 298.0 2748.0 -0.1987941414 0.9266189337 -0.3191523254 -0.8942466974 -0.0382567085 0.4459363520 0.4010033309 0.3740504384 0.8362311721
-514.2 56.6 2856.2 -0.0831575617 0.9294602275 -0.3594280481 -0.9793443680 -0.0095155388 0.2019752562 0.1843078136 0.3687996268 0.9110529423
-293.4 -79.5 2544.4 -0.3259519637 0.2766606510 -0.9039989710 0.0328459069 0.9589585662 0.2816374004 0.9448155761 0.0621076003 -0.3216616213
-403.4 -460.8 2519.7 -0.3443378508 0.2408831418 -0.9074176550 -0.0370740294 0.9622820020 0.2695159316 0.9381135106 0.1264461577 -0.3224196136
-411.3 -93.8 2680.3 -0.7424915433 0.0975235552 -0.6627182364 0.1547308117 0.9875589609 -0.0280300919 0.6517397761 -0.1233550310 -0.7483440638
-449.6 -481.6 2728.8 -0.7321348786 -0.1664763391 -0.6605029702 -0.2156264633 0.9764501452 -0.0070979171 0.6461298466 0.1372252852 -0.7507898808
47.3 673.7 2567.9 0 0 0 0 0 0 0 0 0
-535.8 -198.0 2904.1 0 0 0 0 0 0 0 0 0
-487.9 -798.4 2475.4 0 0 0 0 0 0 0 0 0
-395.5 -798.9 2684.2 0 0 0 0 0 0 0 0 0
-380.5 508.4 2657.6 6 -0.6495378017 -0.0518221855 -0.7585611939 -0.0970485434 0.9951648712 0.0151142469 0.7541102171 0.0834345296 -0.6514264941
-370.2 309.8 2641.0 -0.6495378017 -0.0518221855 -0.7585611939 -0.0970485434 0.9951648712 0.0151142469 0.7541102171 0.0834345296 -0.6514264941
-361.2 111.7 2627.3 -0.6502922773 -0.0449524932 -0.7583529353 -0.0815205127 0.9966128469 0.0108286375 0.7552975416 0.0688631013 -0.6517542005
-278.7 321.3 2534.7 -0.8126265407 -0.5320078731 0.2379195094 -0.5451272726 0.5495200157 -0.6331382394 0.2060929835 -0.6442013383 -0.7365665436
-81.4 453.6 2484.7 -0.4863759577 -0.5320078731 0.6931133270 -0.8210915327 0.5495200157 -0.1543906331 -0.2987425923 -0.6442013383 -0.7041004896
-461.7 298.3 2747.3 -0.2017162889 0.9240108728 -0.3248298764 -0.8911721110 -0.0355549492 0.4522699118 0.4063529968 0.3807095289 0.8306247592
-516.1 57.8 2856.9 -0.0845925957 0.9268937707 -0.3656665385 -0.9779195786 -0.0068489299 0.2088693380 0.1910952628 0.3752612770 0.9070069194
-292.9 -77.8 2541.0 -0.3309913874 0.2767218053 -0.9021472931 0.0450375490 0.9595785141 0.2778141201 0.9425584078 0.0513235703 -0.3300750852
-402.9 -459.3 2520.6 -0.3523127437 0.2415330112 -0.9041778445 -0.0351404026 0.9620280862 0.2706789970 0.9352223873 0.1271368414 -0.3304471970
-412.0 -93.9 2682.9 -0.7469393611 0.0985404402 -0.6575495601 0.1597176194 0.9865914583 -0.0335795581 0.6454238296 -0.1301041394 -0.7526625991
-450.7 -481.4 2734.0 -0.7366009355 -0.1672789454 -0.6553142667 -0.2107065916 0.9774672389 -0.0126702888 0.6426677108 0.1287460923 -0.7552500367
49.7 675.0 2565.2 0 0 0 0 0 0 0 0 0
-538.1 -196.4 2906.6 0 0 0 0 0 0 0 0 0
-487.9 -797.7 2475.9 0 0 0 0 0 0 0 0 0
-396.3 -798.9 2692.2 0 0 0 0 0 0 0 0 0
-380.5 511.9 2657.2 7 -0.6510127783 -0.0492112674 -0.7574698329 -0.0938446671 0.9954585433 0.0159825552 0.7532433271 0.0814893544 -0.6526744962
-370.7 312.6 2640.9 -0.6510127783 -0.0492112674 -0.7574698329 -0.0938446671 0.9954585433 0.0159825552 0.7532433271 0.0814893544 -0.6526744962
-362.3 114.5 2627.6 -0.6517441869 -0.0419230163 -0.7572793365 -0.0778549984 0.9968946576 0.0118169272 0.7544323206 0.0666595995 -0.6529842019
-278.9 323.6 2534.7 -0.8215078712 -0.5201796889 0.2335334867 -0.5321435928 0.5523151159 -0.6416940093 0.2048121244 -0.6514300704 -0.7305415273
-82.4 450.9 2485.7 -0.4921296835 -0.5201796889 0.6980125308 -0.8172279000 0.5523151159 -0.1645801365 -0.2999116182 -0.6514300704 -0.6969159842
-462.4 301.7 2747.1 -0.2051548958 0.9232927561 -0.3247182369 -0.8896514773 -0.0376275145 0.4550873041 0.4079604745 0.3822494447 0.8291282058
-517.8 61.5 2857.2 -0.0879565850 0.9262744784 -0.3664413691 -0.9772359729 -0.0089400327 0.2119668275 0.1930634528 0.3767435551 0.9059750438
-292.7 -79.0 2544.3 -0.3369267583 0.2822959423 -0.8982145190 0.0324766263 0.9569105506 0.2885610461 0.9409705997 0.0680529550 -0.3315767646
-404.9 -459.4 2517.3 -0.3520101011 0.2373959571 -0.9053905606 -0.0262029935 0.9644230604 0.2630620003 0.9356293678 0.1163244247 -0.3332661688
-413.8 -90.9 2683.6 -0.7474573255 0.1018353999 -0.6564579606 0.1634417474 0.9859961271 -0.0331421308 0.6438899636 -0.1320649683 -0.7536342144
-453.8 -478.1 2735.5 -0.7382723093 -0.1644330621 -0.6541527510 -0.2070369720 0.9782565236 -0.0122418925 0.6419421434 0.1263959557 -0.7562633753
50.3 671.3 2566.6 0 0 0 0 0 0 0 0 0
-540.6 -192.5 2907.4 0 0 0 0 0 0 0 0 0
-488.5 -799.1 2476.3 0 0 0 0 0 0 0 0 0
-400.4 -795.9 2694.4 0 0 0 0 0 0 0 0 0
-378.2 513.2 2658.0 8 -0.6427586079 -0.0460999161 -0.7646804452 -0.0940726399 0.9953827858 0.0190653950 0.7602708340 0.0841899514 -0.6441275477
-369.0 313.8 2641.1 -0.6427586079 -0.0460999161 -0.7646804452 -0.0940726399 0.9953827858 0.0190653950 0.7602708340 0.0841899514 -0.6441275477
-361.1 115.6 2627.6 -0.6434754729 -0.0395859964 -0.7644424438 -0.0774041489 0.9969079494 0.0135315256 0.7615430951 0.0678782165 -0.6445499659
-278.4 324.7 2533.9 -0.8254058957 -0.5031773448 0.2559641302 -0.5300213695 0.5345941186 -0.6582449675 0.1943770349 -0.6789857745 -0.7079519033
-81.9 450.9 2487.7 -0.4912577569 -0.5031773448 0.7109700441 -0.8233454823 0.5345941186 -0.1905553788 -0.2841972709 -0.6789857745 -0.6769123077
-459.5 302.9 2748.3 -0.2020356655 0.9274093509 -0.3147911131 -0.8896449804 -0.0393843018 0.4549513459 0.4095283151 0.3719687462 0.8330221176
-514.0 62.7 2858.8 -0.0873666033 0.9303755164 -0.3560455441 -0.9772447944 -0.0106970016 0.2118446082 0.1932864189 0.3664518297 0.9101392627
-294.2 -76.6 2545.2 -0.3258371651 0.2865950167 -0.9009402990 0.0342849120 0.9559016228 0.2916789651 0.9448040724 0.0641511828 -0.3212941587
-408.2 -456.6 2519.7 -0.3442905247 0.2263936549 -0.9111585617 -0.0402156562 0.9660444856 0.2552269399 0.9380014539 0.1245150566 -0.3234953880
-412.3 -89.7 2684.0 -0.7400205731 0.1019331366 -0.6648151278 0.1641257703 0.9859356284 -0.0315229483 0.6522516608 -0.1324409246 -0.7463425398
-452.3 -476.9 2736.0 -0.7314481735 -0.1614603251 -0.6625059247 -0.2063541114 0.9784197211 -0.0106242364 0.6499242187 0.1289397478 -0.7489812970
50.6 672.9 2564.3 0 0 0 0 0 0 0 0 0
-536.8 -191.3 2909.1 0 0 0 0 0 0 0 0 0
-488.4 -799.1 2475.5 0 0 0 0 0 0 0 0 0
-399.8 -794.8 2694.1 0 0 0 0 0 0 0 0 0
-374.4 517.4 2656.9 9 -0.6360604167 -0.0398741700 -0.7706083059 -0.0896476284 0.9957199693 0.0224728994 0.7664139867 0.0833773315 -0.6369127035
-366.4 317.5 2640.1 -0.6360604167 -0.0398741700 -0.7706083059 -0.0896476284 0.9957199693 0.0224728994 0.7664139867 0.0833773315 -0.6369127035
-360.0 119.2 2626.8 -0.6366894245 -0.0324391909 -0.7704377174 -0.0723128766 0.9972236753 0.0177713465 0.7677222490 0.0670273975 -0.6372675300
-276.8 327.6 2532.1 -0.8335900307 -0.4876952469 0.2593857348 -0.5205072165 0.5362908840 -0.6644278169 0.1849320829 -0.6888725758 -0.7008956671
-77.7 452.0 2487.9 -0.4844611585 -0.4876952469 0.7262580395 -0.8226800561 0.5362908840 -0.1886519641 -0.2974809110 -0.6888725758 -0.6610292792
-456.0 307.3 2748.2 -0.2039051056 0.9306363463 -0.3038727939 -0.8878213167 -0.0449823886 0.4579845965 0.4125481844 0.3631701469 0.8354109526
-511.1 67.6 2859.5 -0.0918751881 0.9337363839 -0.3459701538 -0.9764232039 -0.0163215343 0.2152470499 0.1953372359 0.3575891554 0.9132214189
-294.2 -75.5 2544.3 -0.3153092265 0.2839806378 -0.9055026770 0.0417867377 0.9574053884 0.2857074440 0.9480685592 0.0522481836 -0.3137453794
-407.1 -456.1 2523.5 -0.3392141163 0.2254742086 -0.9132881165 -0.0536631085 0.9646316171 0.2580815852 0.9391773343 0.1365547925 -0.3151170313
-411.9 -85.7 2683.9 -0.7326930761 0.1070767865 -0.6720829010 0.1697224975 0.9850916862 -0.0280829053 0.6590562463 -0.1346437335 -0.7399431467
-454.0 -472.5 2736.8 -0.7265530229 -0.1538587213 -0.6696627736 -0.2008097172 0.9796038270 -0.0072001670 0.6571120024 0.1292434931 -0.7426304221
52.9 673.8 2568.1 0 0 0 0 0 0 0 0 0
-534.9 -186.2 2910.3 0 0 0 0 0 0 0 0 0
-487.6 -800.4 2474.8 0 0 0 0 0 0 0 0 0
-404.0 -790.8 2694.8 0 0 0 0 0 0 0 0 0
-376.5 518.5 2657.3 0 -0.6457974911 -0.0465180911 -0.7620903254 -0.1004048213 0.9946481586 0.0243698750 0.7568780780 0.0922555476 -0.6470119357
-367.2 319.2 2638.8 -0.6457974911 -0.0465180911 -0.7620903254 -0.1004048213 0.9946481586 0.0243698750 0.7568780780 0.0922555476 -0.6470119357
-359.7 121.1 2623.8 -0.6465608478 -0.0378630646 -0.7619222403 -0.0823929533 0.9963910580 0.0204031859 0.7583999634 0.0759689212 -0.6473470926
-276.2 330.8 2532.1 -0.8379378915 -0.4787400365 0.2620458603 -0.5133322477 0.5282968283 -0.6763079762 0.1853377223 -0.7012206912 -0.6884326339
-75.4 453.9 2487.7 -0.4777316451 -0.4787400365 0.7366005778 -0.8268544078 0.5282968283 -0.1929100752 -0.2967899740 -0.7012206912 -0.6482324004
-458.2 307.6 2745.6 -0.2053055465 0.9259044528 -0.3170970976 -0.8925951719 -0.0442585200 0.4486814141 0.4014018774 0.3751561344 0.8355443478
-513.6 66.7 2853.9 -0.0899744481 0.9289476275 -0.3591113091 -0.9786311984 -0.0155238751 0.2050365359 0.1848933995 0.3698855639 0.9104938507
-295.1 -72.4 2543.1 -0.3256630003 0.2774429917 -0.9038633704 0.0399553478 0.9591619968 0.2800210714 0.9446412921 0.0550783239 -0.3234488964
-405.4 -453.7 2521.2 -0.3470878005 0.2272869200 -0.9098740220 -0.0454279706 0.9649745226 0.2583803833 0.9367317557 0.1310144067 -0.3246057332
-411.5 -84.5 2678.2 -0.7422066331 0.1043246463 -0.6620012522 0.1601896584 0.9867922664 -0.0240891892 0.6507446170 -0.1239249110 -0.7491155267
-452.4 -472.0 2726.9 -0.7343329191 -0.1600809991 -0.6596432328 -0.2102603763 0.9776402116 -0.0031843153 0.6454035640 0.1363584846 -0.7515721321
53.4 676.8 2567.7 0 0 0 0 0 0 0 0 0
-537.0 -187.7 2902.0 0 0 0 0 0 0 0 0 0
-486.9 -799.9 2474.2 0 0 0 0 0 0 0 0 0
-400.4 -789.7 2682.6 0 0 0 0 0 0 0 0 0
-378.7 516.8 2658.1 1 -0.6575699449 -0.0513237901 -0.7516433001 -0.1088615283 0.9936795831 0.0273862183 0.7454870343 0.0998333916 -0.6590010524
-368.4 317.9 2638.1 -0.6575699449 -0.0513237901 -0.7516433001 -0.1088615283 0.9936795831 0.0273862183 0.7454870343 0.0998333916 -0.6590010524
-360.1 120.0 2621.4 -0.6584264040 -0.0414160527 -0.7515047789 -0.0904906988 0.9955980182 0.0244146492 0.7471854687 0.0840794370 -0.6592757702
-275.7 330.7 2532.9 -0.8368769884 -0.4885224104 0.2469469011 -0.5113313198 0.5366438627 -0.6712329388 0.1953898072 -0.6880111098 -0.6989017129
-74.8 453.5 2486.0 -0.4843756855 -0.4885224104 0.7257589698 -0.8226423860 0.5366438627 -0.1878108829 -0.2977242470 -0.6880111098 -0.6618164778
-461.0 305.2 2743.2 -0.2095708251 0.9198858142 -0.3314967752 -0.8965611458 -0.0454870090 0.4405780435 0.3902027011 0.3895394504 0.8342666626
-517.6 63.2 2848.5 -0.0905816928 0.9229449630 -0.3741224408 -0.9804231524 -0.0166945048 0.1961931884 0.1748297215 0.3845698237 0.9063887596
-292.8 -69.4 2539.1 -0.3340665698 0.2810651958 -0.8996676803 0.0543165766 0.9586588740 0.2793257236 0.9409831166 0.0444465093 -0.3355223835
-404.6 -450.5 2521.4 -0.3573574126 0.2286940962 -0.9055355787 -0.0373649150 0.9652807713 0.2585283816 0.9332199693 0.1262222975 -0.3364050984
-412.3 -86.2 2673.2 -0.7529101372 0.1039335579 -0.6498646736 0.1527772844 0.9880784154 -0.0189778991 0.6401448250 -0.1135732159 -0.7598129511
-453.1 -474.2 2717.8 -0.7440671921 -0.1645711958 -0.6475185752 -0.2175720930 0.9760423303 0.0019455943 0.6316853166 0.1423296183 -0.7620471716
55.8 675.3 2566.3 0 0 0 0 0 0 0 0 0
-541.2 -191.6 2894.0 0 0 0 0 0 0 0 0 0
-487.7 -801.5 2475.5 0 0 0 0 0 0 0 0 0
-399.6 -791.3 2671.6 0 0 0 0 0 0 0 0 0
-378.9 517.4 2657.4 2 -0.6550513506 -0.0510264933 -0.7538594604 -0.1038969830 0.9943226576 0.0229765084 0.7484070659 0.0933745131 -0.6566338539
-368.7 319.0 2638.8 -0.6550513506 -0.0510264933 -0.7538594604 -0.1038969830 0.9943226576 0.0229765084 0.7484070659 0.0933745131 -0.6566338539
-360.2 121.0 2623.2 -0.6558437347 -0.0427298620 -0.7536863685 -0.0870755017 0.9960147142 0.0193029214 0.7498579025 0.0782873183 -0.6569507122
-276.4 331.3 2533.3 -0.8383846283 -0.4832453132 0.2521610856 -0.5112753510 0.5368041396 -0.6711474061 0.1889677495 -0.6916034222 -0.6971197128
-74.0 454.7 2487.6 -0.4825260639 -0.4832453132 0.7305083871 -0.8224588633 0.5368041396 -0.1881562918 -0.3012142777 -0.6916034222 -0.6564713717
-461.0 306.8 2744.3 -0.2069235444 0.9212114215 -0.3294724822 -0.8945326209 -0.0417589433 0.4450478852 0.3962247670 0.3868147731 0.8326945901
-516.9 65.3 2851.3 -0.0884974971 0.9242095947 -0.3714899421 -0.9795023799 -0.0129940035 0.2010130435 0.1809510440 0.3816644549 0.9064154625
-291.5 -69.6 2536.1 -0.3254162967 0.2907044590 -0.8997750878 0.0784381256 0.9565875530 0.2806915045 0.9423118830 0.0207649171 -0.3340914845
-407.0 -449.8 2527.9 -0.3615762293 0.2175414711 -0.9066081643 -0.0649082139 0.9641653895 0.2572392821 0.9300804138 0.1518579274 -0.3344990611
-411.9 -85.0 2676.5 -0.7510604262 0.1020368263 -0.6523011327 0.1554319263 0.9875430465 -0.0244871639 0.6416768432 -0.1197797582 -0.7575643063
-452.0 -472.8 2723.5 -0.7416684031 -0.1656384617 -0.6499937773 -0.2149830163 0.9766112566 -0.0035666088 0.6353819966 0.1370923817 -0.7599311471
56.1 676.5 2568.9 0 0 0 0 0 0 0 0 0
-539.9 -189.3 2898.3 0 0 0 0 0 0 0 0 0
-486.1 -800.4 2472.7 0 0 0 0 0 0 0 0 0
-398.1 -790.1 2679.0 0 0 0 0 0 0 0 0 0
-376.5 511.0 2647.1 3 -0.6889584661 -0.0456695519 -0.7233605981 -0.0791854933 0.9967817068 0.0124874618 0.7204623222 0.0658830032 -0.6903575063
-367.4 312.5 2634.0 -0.6889584661 -0.0456695519 -0.7233605981 -0.0791854933 0.9967817068 0.0124874618 0.7204623222 0.0658830032 -0.6903575063
-360.2 114.2 2623.7 -0.6896325946 -0.0369213149 -0.7232176065 -0.0629032627 0.9979787469 0.0090338662 0.7214222550 0.0517227948 -0.6905611157
-270.4 321.4 2532.6 -0.8149418235 -0.5122589469 0.2710361481 -0.5502957106 0.5372850895 -0.6391395330 0.1817812771 -0.6700115800 -0.7197499871
-74.6 453.6 2488.9 -0.4800014496 -0.5122589469 0.7121722698 -0.8260326385 0.5372850895 -0.1702786684 -0.2954127789 -0.6700115800 -0.6810402274
-464.3 303.7 2735.4 -0.2331778109 0.9023601413 -0.3624559343 -0.8827678561 -0.0400924683 0.4680956006 0.4078590572 0.4291139543 0.8059231639
-527.2 65.5 2845.4 -0.1061360687 0.9058573246 -0.4100702703 -0.9739387035 -0.0115720304 0.2265158594 0.2004457116 0.4234248102 0.8834777474
-291.6 -69.0 2538.9 -0.3740181029 0.2881874144 -0.8815091848 0.0806565434 0.9570011497 0.2786456048 0.9239074588 0.0331190154 -0.3811799586
-406.1 -449.4 2525.7 -0.4052598178 0.2194805443 -0.8874642253 -0.0425728261 0.9651693702 0.2581388056 0.9132097363 0.1423951387 -0.3818004429
-416.1 -89.9 2679.5 -0.7776140571 0.1169874072 -0.6177623868 0.1777514964 0.9833596945 -0.0375247076 0.6030927300 -0.1389879286 -0.7854689956
-462.1 -476.0 2734.0 -0.7716172338 -0.1618520916 -0.6151509881 -0.1924704909 0.9811602235 -0.0167264193 0.6062688828 0.1054920182 -0.7882318497
54.8 676.4 2568.6 0 0 0 0 0 0 0 0 0
-554.8 -187.6 2897.5 0 0 0 0 0 0 0 0 0
-486.6 -803.6 2473.5 0 0 0 0 0 0 0 0 0
-409.5 -794.6 2699.8 0 0 0 0 0 0 0 0 0
-372.9 512.3 2651.4 4 -0.6914791465 -0.0331756659 -0.7216342092 -0.0730969235 0.9970310330 0.0242059287 0.7186886668 0.0694871321 -0.6918511987
-366.3 313.1 2637.6 -0.6914791465 -0.0331756659 -0.7216342092 -0.0730969235 0.9970310330 0.0242059287 0.7186886668 0.0694871321 -0.6918511987
-361.6 114.7 2627.2 -0.6920279264 -0.0237073731 -0.7214813232 -0.0538453609 0.9983715415 0.0188414156 0.7198597193 0.0518872067 -0.6921775341
-269.0 320.7 2536.3 -0.8110391498 -0.5248805881 0.2582941055 -0.5526393652 0.5426549911 -0.6325466633 0.1918468773 -0.6557636261 -0.7301841378
-73.7 453.8 2490.1 -0.4799731672 -0.5248805881 0.7029410601 -0.8249457479 0.5426549911 -0.1580825746 -0.2984800041 -0.6557636261 -0.6934578419
-463.6 305.5 2738.8 -0.2457170933 0.9008408189 -0.3579230607 -0.8795673251 -0.0520122200 0.4729228616 0.4074118435 0.4310226440 0.8051304817
-529.9 68.2 2848.7 -0.1193753779 0.9047296643 -0.4089178145 -0.9724621177 -0.0235112924 0.2318721712 0.2001674473 0.4253368974 0.8826219440
-289.7 -78.3 2547.3 -0.3829114437 0.2935228050 -0.8759127855 0.0599931106 0.9540778399 0.2934899032 0.9218349457 0.0598319098 -0.3829366565
-406.4 -457.5 2523.5 -0.4080355465 0.2229724377 -0.8853192925 -0.0395152941 0.9644956589 0.2611256838 0.9121105075 0.1415322125 -0.3847377002
-420.4 -88.7 2682.9 -0.7765297294 0.1302147359 -0.6164784431 0.1879321933 0.9817432165 -0.0293562710 0.6014009118 -0.1386521608 -0.7868243456
-471.6 -474.1 2737.3 -0.7753923535 -0.1492801607 -0.6135814190 -0.1825146973 0.9831659198 -0.0085509019 0.6045288444 0.1053573266 -0.7895851731
55.7 676.2 2570.6 0 0 0 0 0 0 0 0 0
-561.0 -184.6 2900.8 0 0 0 0 0 0 0 0 0
-486.5 -803.9 2472.7 0 0 0 0 0 0 0 0 0
-423.1 -793.5 2703.1 0 0 0 0 0 0 0 0 0
-372.0 506.0 2644.6 5 -0.7059745193 -0.0289885867 -0.7076437473 -0.0560189411 0.9983171821 0.0149907917 0.7060183287 0.0502245687 -0.7064103484
-366.2 306.9 2634.6 -0.7059745193 -0.0289885867 -0.7076437473 -0.0560189411 0.9983171821 0.0149907917 0.7060183287 0.0502245687 -0.7064103484
-362.3 108.3 2627.6 -0.7063900232 -0.0199414752 -0.7075418234 -0.0390557498 0.9991783500 0.0108311661 0.7067444921 0.0352846049 -0.7065884471
-266.8 312.4 2535.2 -0.7944781780 -0.5445457101 0.2688390315 -0.5786775351 0.5445373058 -0.6071337461 0.1842191666 -0.6379256248 -0.7477393746
-73.3 453.4 2490.3 -0.4735571742 -0.5445457101 0.6922525764 -0.8273663521 0.5445373058 -0.1376373470 -0.3020075560 -0.6379256248 -0.7084082961
-465.6 301.4 2734.0 -0.2579911351 0.8918642998 -0.3715085983 -0.8717141747 -0.0490713529 0.4875514209 0.4165992737 0.4496332705 0.7901107073
-535.2 66.2 2846.4 -0.1280133426 0.8960037827 -0.4251938462 -0.9685330987 -0.0206770971 0.2480242699 0.2134389132 0.4435647428 0.8704562783
-293.5 -78.8 2550.9 -0.4090667367 0.2885553241 -0.8656790853 0.0496843271 0.9543206692 0.2946243286 0.9111508727 0.0775103346 -0.4047175348
-408.2 -458.1 2520.1 -0.4274175465 0.2160820216 -0.8778512478 -0.0266228560 0.9675864577 0.2511326671 0.9036622643 0.1307094097 -0.4078107178
-423.2 -93.9 2685.3 -0.7873649001 0.1376791149 -0.6009167433 0.2011807114 0.9787633419 -0.0393521562 0.5827373266 -0.1518773735 -0.7983423471
-477.2 -478.1 2745.0 -0.7880731225 -0.1466112286 -0.5978678465 -0.1691925526 0.9854069948 -0.0186255798 0.5918738842 0.0864764675 -0.8013783097
54.4 676.5 2571.8 0 0 0 0 0 0 0 0 0
-568.5 -185.6 2901.9 0 0 0 0 0 0 0 0 0
-485.5 -804.2 2473.3 0 0 0 0 0 0 0 0 0
-429.6 -798.2 2716.9 0 0 0 0 0 0 0 0 0
-370.3 506.0 2641.7 6 -0.7082029581 -0.0218106546 -0.7056719661 -0.0471118726 0.9987547994 0.0164116919 0.7044352889 0.0448683351 -0.7083486319
-365.9 306.3 2632.7 -0.7082029581 -0.0218106546 -0.7056719661 -0.0471118726 0.9987547994 0.0164116919 0.7044352889 0.0448683351 -0.7083486319
-363.0 107.7 2626.4 -0.7084625959 -0.0146511802 -0.7055962682 -0.0328822248 0.9993839860 0.0122643393 0.7049819231 0.0318903998 -0.7085079551
-266.2 311.0 2533.5 -0.7916271687 -0.5545901060 0.2564299107 -0.5814784765 0.5549267530 -0.5949277878 0.1876412481 -0.6200695038 -0.7617772818
-74.9 451.5 2488.2 -0.4777374268 -0.5545901060 0.6813198924 -0.8224554062 0.5549267530 -0.1249939352 -0.3087622225 -0.6200695038 -0.7212348580
-465.6 301.7 2731.9 -0.2636992335 0.8904261589 -0.3709500730 -0.8688779473 -0.0522422269 0.4922619760 0.4189436734 0.4521194398 0.7874479294
-536.8 67.2 2845.0 -0.1336772740 0.8947338462 -0.4261240661 -0.9671049118 -0.0238751732 0.2532549500 0.2164219916 0.4459610879 0.8684930801
-293.6 -86.7 2555.7 -0.4148692787 0.2949573100 -0.8607460260 0.0430970713 0.9513067603 0.3052180707 0.9088597894 0.0895299613 -0.4073797464
-410.9 -464.8 2520.1 -0.4324180186 0.2106994092 -0.8767099977 -0.0317086615 0.9681596756 0.2483170778 0.9011155367 0.1351760775 -0.4119686782
-425.1 -94.0 2684.7 -0.7878196239 0.1432350129 -0.5990191698 0.2073210329 0.9774980545 -0.0389297046 0.5799639821 -0.1548588574 -0.7997878194
-481.4 -477.8 2745.5 -0.7904980183 -0.1416846961 -0.5958508849 -0.1630742550 0.9864456058 -0.0182165671 0.5903555155 0.0827677846 -0.8028884530
53.9 673.3 2571.4 0 0 0 0 0 0 0 0 0
-571.5 -184.2 2901.2 0 0 0 0 0 0 0 0 0
-485.1 -806.0 2472.5 0 0 0 0 0 0 0 0 0
-435.4 -798.3 2718.6 0 0 0 0 0 0 0 0 0
-372.6 506.3 2649.7 7 -0.7105121017 -0.0240820386 -0.7032728195 -0.0589072444 0.9979417324 0.0253412854 0.7012150288 0.0594331510 -0.7104682922
-367.8 306.8 2637.9 -0.7105121017 -0.0240820386 -0.7032728195 -0.0589072444 0.9979417324 0.0253412854 0.7012150288 0.0594331510 -0.7104682922
-364.7 108.2 2629.3 -0.7108579278 -0.0157365799 -0.7031595707 -0.0415629260 0.9989424348 0.0196618233 0.7021064758 0.0432021320 -0.7107601762
-267.8 312.6 2539.1 -0.7934996486 -0.5678212643 0.2189460844 -0.5691708326 0.5650880337 -0.5972604752 0.2154133767 -0.5985437036 -0.7715843916
-74.6 451.2 2486.6 -0.4774330556 -0.5678212643 0.6705495715 -0.8184235692 0.5650880337 -0.1042033359 -0.3197506666 -0.5985437036 -0.7345100045
-467.9 300.9 2736.6 -0.2642455995 0.8889306784 -0.3741344213 -0.8738191724 -0.0564850233 0.4829590619 0.4081841111 0.4545456469 0.7916905880
-539.2 65.1 2846.8 -0.1334044486 0.8932328224 -0.4293464720 -0.9696288109 -0.0280268043 0.2429700494 0.2049956024 0.4487200081 0.8698431849
-295.2 -88.0 2555.4 -0.4137433469 0.3024138212 -0.8586980104 0.0460705049 0.9489628077 0.3120050132 0.9092271328 0.0895293579 -0.4065594077
-415.4 -465.2 2519.8 -0.4327932000 0.1943086386 -0.8803035021 -0.0406982526 0.9712878466 0.2344004512 0.9005740881 0.1372737288 -0.4124587476
-426.8 -94.2 2685.1 -0.7900224328 0.1427400261 -0.5962297320 0.1999397874 0.9793342948 -0.0304692984 0.5795590281 -0.1432814598 -0.8022354841
-482.9 -478.8 2741.3 -0.7923398614 -0.1430422962 -0.5930737257 -0.1705960929 0.9852930307 -0.0097264322 0.5857427120 0.0934694186 -0.8050894141
54.1 671.8 2572.8 0 0 0 0 0 0 0 0 0
-573.9 -187.0 2900.1 0 0 0 0 0 0 0 0 0
-483.7 -806.6 2471.5 0 0 0 0 0 0 0 0 0
-436.4 -798.9 2711.0 0 0 0 0 0 0 0 0 0
-374.3 507.0 2654.3 8 -0.7104951143 -0.0248790048 -0.7032622099 -0.0685633272 0.9970673919 0.0339956582 0.7003540397 0.0723717511 -0.7101172805
-369.3 307.6 2639.8 -0.7104951143 -0.0248790048 -0.7032622099 -0.0685633272 0.9970673919 0.0339956582 0.7003540397 0.0723717511 -0.7101172805
-366.3 109.1 2629.2 -0.7109035850 -0.0150875151 -0.7031276226 -0.0481678322 0.9984667897 0.0272757038 0.7016380429 0.0532585271 -0.7105402946
