-266.7 422.0 2693.9 99 0.0464178212 0.0622319356 -0.9969817400 -0.1800078154 0.9822400212 0.0529308878 0.9825693965 0.1770075709 0.0567956790
-279.2 224.7 2658.4 0.0464178212 0.0622319356 -0.9969817400 -0.1800078154 0.9822400212 0.0529308878 0.9825693965 0.1770075709 0.0567956790
-291.2 28.6 2628.5 0.0481290221 0.0606568530 -0.9969976544 -0.1525881886 0.9868850708 0.0526755713 0.9871172309 0.1495948434 0.0567533337
-286.2 246.9 2514.7 -0.5493155718 0.0245689470 -0.8352537155 0.6303146482 0.6684149504 -0.3948732913 0.5485944748 -0.7433826923 -0.3826569021
-137.2 75.9 2365.8 -0.8099599481 0.0245689470 0.5859703422 -0.4225539267 0.6684149504 -0.6121026278 -0.4067100585 -0.7433826923 -0.5310076475
-272.2 202.6 2802.0 0.0415377468 0.9359397888 -0.3497017324 -0.9792987108 0.1075379550 0.1714923978 0.1981127709 0.3353390396 0.9210315347
-261.4 -51.4 2853.4 0.2340909690 0.9359397888 -0.2630933225 -0.9013827443 0.1075379550 -0.4194576740 -0.3642946184 0.3353390396 0.8688136339
-302.5 -155.5 2510.7 -0.8672025204 0.2965298891 0.4000372887 0.2239865661 0.9497883320 -0.2184769511 -0.4447357059 -0.0998607799 -0.8900775313
-420.4 -532.9 2550.4 -0.8774521947 0.0374574177 0.4781993032 0.1104971766 0.9859177470 0.1255251914 -0.4667633176 0.1629820317 -0.8692346215
-296.9 -181.7 2690.9 -0.3313468993 0.2048846334 0.9209948778 -0.0325123928 0.9730787277 -0.2281682342 -0.9429486394 -0.1055465788 -0.3157653213
-378.3 -568.2 2732.8 -0.3066336215 -0.2770479620 0.9106153250 -0.1234290227 0.9601977468 0.2505705059 -0.9437907934 -0.0355630182 -0.3286246657
79.4 188.9 2474.6 0 0 0 0 0 0 0 0 0
-195.6 -304.8 2751.0 0 0 0 0 0 0 0 0 0
-434.0 -892.0 2491.0 0 0 0 0 0 0 0 0 0
-285.6 -889.3 2744.7 0 0 0 0 0 0 0 0 0
-270.2 423.4 2702.8 00 0.0141236316 0.0469331816 -0.9987981915 -0.2015965879 0.9785186052 0.0431295484 0.9793667793 0.2007451653 0.0232818052
-279.6 226.9 2662.5 0.0141236316 0.0469331816 -0.9987981915 -0.2015965879 0.9785186052 0.0431295484 0.9793667793 0.2007451653 0.0232818052
-294.1 31.5 2629.9 0.0163332094 0.0731894746 -0.9971842766 -0.1655018032 0.9837580323 0.0694932267 0.9860742092 0.1639007628 0.0281809159
-282.0 251.0 2518.8 -0.4977971613 0.0275973510 -0.8668543100 0.6622505784 0.6574777961 -0.3593704402 0.5600197911 -0.7529683709 -0.3455669284
-141.8 64.5 2361.1 -0.8265669346 0.0275973510 0.5621614456 -0.4086032212 0.6574777961 -0.6330611110 -0.3870794773 -0.7529683709 -0.5321730375
-277.2 202.9 2806.3 0.0190316401 0.9272298813 -0.3740087748 -0.9821449518 0.0873629451 0.1666102856 0.1871605366 0.3641599417 0.9123368263
-272.3 -51.8 2854.8 0.2297520489 0.9272298813 -0.2957342565 -0.9006094933 0.0873629451 -0.4257583916 -0.3689396977 0.3641599417 0.8551438451
-307.7 -153.5 2508.5 -0.8610236049 0.2793684304 0.4249607027 0.2084796876 0.9560626149 -0.2061078995 -0.4638690948 -0.0888680965 -0.8814351559
-418.7 -533.4 2543.8 -0.8701435328 0.0476237759 0.4904918373 0.1101691276 0.9889275432 0.0994236469 -0.4803259671 0.1405498981 -0.8657555580
-298.9 -181.3 2688.9 -0.3090950251 0.1960005462 0.9306148887 -0.0392635763 0.9750682116 -0.2184040695 -0.9502202868 -0.1040468812 -0.2936930656
-376.7 -568.7 2730.3 -0.2864593565 -0.2769925296 0.9171783924 -0.1218013391 0.9600576162 0.2519004643 -0.9503186345 -0.0395543054 -0.3087555468
80.2 174.3 2465.1 0 0 0 0 0 0 0 0 0
-207.7 -305.1 2751.0 0 0 0 0 0 0 0 0 0
-435.8 -890.1 2493.1 0 0 0 0 0 0 0 0 0
-282.9 -894.0 2743.7 0 0 0 0 0 0 0 0 0
-272.0 421.6 2698.8 01 -0.0386666059 0.0428965278 -0.9983310103 -0.1891077459 0.9807097316 0.0494637527 0.9811947346 0.1907047182 -0.0298086517
-280.6 223.8 2660.3 -0.0386666059 0.0428965278 -0.9983310103 -0.1891077459 0.9807097316 0.0494637527 0.9811947346 0.1907047182 -0.0298086517
-294.4 28.6 2625.9 -0.0376113318 0.0697412044 -0.9968558550 -0.1707154214 0.9824485183 0.0751743391 0.9846022725 0.1730060726 -0.0250452999
-275.1 248.6 2516.9 -0.4977947474 0.0249399226 -0.8669362068 0.6593530774 0.6602550745 -0.3596063852 0.5634304285 -0.7506272197 -0.3451157212
-137.9 66.8 2361.5 -0.8251901269 0.0249399226 0.5643042326 -0.4102491438 0.6602550745 -0.6290937066 -0.3882742822 -0.7506272197 -0.5346043706
-286.1 198.9 2803.8 0.0035427266 0.9067471623 -0.4216599166 -0.9831777215 0.0801615864 0.1641208082 0.1826169938 0.4139851928 0.8917775750
-285.2 -56.1 2851.2 0.2442527115 0.9067471623 -0.3437299132 -0.9001363516 0.0801615864 -0.4281689227 -0.3606870174 0.4139851928 0.8357757926
-310.1 -148.8 2507.0 -0.8438053131 0.2719378471 0.4626471102 0.1814099103 0.9558933377 -0.2309944183 -0.5050573945 -0.1109855548 -0.8559200764
-418.1 -528.6 2551.1 -0.8477903008 0.0475108437 0.5281991363 0.1264910549 0.9853496552 0.1143945381 -0.5150258541 0.1637950540 -0.8413795233
-307.1 -179.0 2687.5 -0.2648458183 0.1730376631 0.9486383200 -0.0688010901 0.9778698087 -0.1975779235 -0.9618331790 -0.1175950319 -0.2470795512
-375.8 -567.5 2734.2 -0.2585755289 -0.2771252096 0.9253865480 -0.0907961950 0.9606974125 0.2623290718 -0.9617145061 -0.0161897019 -0.2735747695
85.7 177.9 2466.7 0 0 0 0 0 0 0 0 0
-216.5 -309.2 2749.7 0 0 0 0 0 0 0 0 0
-435.5 -889.9 2491.0 0 0 0 0 0 0 0 0 0
-282.3 -891.8 2739.7 0 0 0 0 0 0 0 0 0
-275.1 419.2 2697.3 02 -0.0628202707 0.0305295177 -0.9975578189 -0.1891463846 0.9810530543 0.0419357195 0.9799373746 0.1913188547 -0.0558554716
-281.3 221.7 2658.8 -0.0628202707 0.0305295177 -0.9975578189 -0.1891463846 0.9810530543 0.0419357195 0.9799373746 0.1913188547 -0.0558554716
-293.1 26.5 2623.7 -0.0620694533 0.0598022044 -0.9962786436 -0.1728258878 0.9824802279 0.0697412267 0.9829947352 0.1765115410 -0.0506466404
-272.2 246.9 2515.4 -0.4971419275 0.0122591360 -0.8675826192 0.6608841419 0.6532416940 -0.3694691658 0.5622117519 -0.7570502162 -0.3328557014
-137.1 67.3 2362.6 -0.8236464858 0.0122591360 0.5669710040 -0.4226931334 0.6532416940 -0.6281765699 -0.3780700266 -0.7570502162 -0.5328583717
-290.3 196.5 2802.1 0.0042060059 0.8952828646 -0.4454782307 -0.9834111333 0.0844884887 0.1605125964 0.1813419610 0.4374131262 0.8807864785
-289.2 -58.7 2849.2 0.2586316466 0.8952828646 -0.3627371192 -0.8980221748 0.0844884887 -0.4317613244 -0.3559014201 0.4374131262 0.8258352876
-304.7 -151.0 2501.5 -0.8289385438 0.2897197008 0.4784593880 0.1864110380 0.9495921731 -0.2520428300 -0.5273630619 -0.1197379157 -0.8411605358
-419.8 -528.3 2549.0 -0.8332657814 0.0410098359 0.5513495803 0.1236314401 0.9858134985 0.1135210767 -0.5388723612 0.1627573669 -0.8265147209
-311.6 -182.3 2681.6 -0.2420985997 0.1568959206 0.9574820995 -0.0836870521 0.9797845483 -0.1817106754 -0.9666357636 -0.1241207495 -0.2240743041
-374.0 -571.5 2730.9 -0.2372797579 -0.2712919712 0.9327909350 -0.1009239107 0.9619016051 0.2540858686 -0.9661846161 -0.0338514820 -0.2556196153
87.6 182.5 2465.7 0 0 0 0 0 0 0 0 0
-216.5 -311.2 2749.1 0 0 0 0 0 0 0 0 0
-434.9 -889.9 2489.3 0 0 0 0 0 0 0 0 0
-284.9 -887.3 2742.0 0 0 0 0 0 0 0 0 0
-278.3 422.2 2698.0 03 -0.0182746351 0.0313810930 -0.9993404150 -0.2131096423 0.9764169455 0.0345583260 0.9768573642 0.2136006206 -0.0111560505
-284.7 225.5 2655.0 -0.0182746351 0.0313810930 -0.9993404150 -0.2131096423 0.9764169455 0.0345583260 0.9768573642 0.2136006206 -0.0111560505
-294.7 30.7 2617.1 -0.0173059907 0.0503327772 -0.9985825419 -0.1899135113 0.9803850651 0.0527068526 0.9816482663 0.1905564666 -0.0074076606
-282.1 253.1 2511.8 -0.5165117383 0.0268786922 -0.8558581471 0.6711183190 0.6334647536 -0.3851266801 0.5318042636 -0.7733045220 -0.3452307880
-138.7 66.8 2364.2 -0.8224755526 0.0268786922 0.5681650639 -0.4256680906 0.6334647536 -0.6461648941 -0.3772806227 -0.7733045220 -0.5095678568
-287.2 197.8 2798.1 0.0284455139 0.9115678668 -0.4101644456 -0.9860537052 0.0929017738 0.1380847692 0.1639786512 0.4005162716 0.9014974833
-279.8 -58.0 2840.6 0.2582586110 0.9115678668 -0.3199163973 -0.8873587251 0.0929017738 -0.4516234994 -0.3819646835 0.4005162716 0.8328803778
-299.2 -152.9 2498.6 -0.8454599977 0.3056388497 0.4379295111 0.2072722316 0.9435498714 -0.2583637834 -0.4921743572 -0.1276656091 -0.8610841632
-420.7 -527.8 2549.3 -0.8526004553 0.0366893262 0.5212737918 0.1157979891 0.9859971404 0.1200018898 -0.5095717311 0.1626761258 -0.8449101448
-310.6 -184.6 2678.6 -0.2860214412 0.1701957285 0.9429873824 -0.1016833261 0.9731523991 -0.2064820975 -0.9528127909 -0.1549443901 -0.2610363960
-378.2 -571.0 2740.2 -0.2895084918 -0.2847064435 0.9138528705 -0.0900213420 0.9586061239 0.2701303661 -0.9529328346 -0.0040612360 -0.3031542599
85.9 183.1 2467.2 0 0 0 0 0 0 0 0 0
-207.2 -307.4 2733.3 0 0 0 0 0 0 0 0 0
-434.2 -891.6 2489.3 0 0 0 0 0 0 0 0 0
-283.2 -890.9 2741.5 0 0 0 0 0 0 0 0 0
-277.4 423.0 2696.9 04 -0.0126947509 0.0589024648 -0.9981830120 -0.2117243707 0.9754702449 0.0602548681 0.9772469401 0.2121045887 0.0000877362
-289.2 227.0 2654.3 -0.0126947509 0.0589024648 -0.9981830120 -0.2117243707 0.9754702449 0.0602548681 0.9772469401 0.2121045887 0.0000877362
-300.9 32.2 2617.0 -0.0112106605 0.0585242175 -0.9982230663 -0.1870033294 0.9805503488 0.0595882572 0.9822953343 0.1873390526 -0.0000483940
-287.6 254.3 2510.9 -0.5282995701 0.0099425493 -0.8489997983 0.6717616320 0.6164301038 -0.4107922018 0.5192646980 -0.7873468399 -0.3323387802
-141.1 68.1 2367.0 -0.8220590949 0.0099425493 0.5693153739 -0.4432541728 0.6164301038 -0.6507992744 -0.3574137390 -0.7873468399 -0.5023348927
-290.8 199.7 2797.6 0.0230457615 0.9151379466 -0.4024815857 -0.9856923223 0.0880381316 0.1437357664 0.1669717878 0.3934105039 0.9040733576
-284.9 -56.0 2841.0 0.2495770156 0.9151379466 -0.3165973127 -0.8900942802 0.0880381316 -0.4471928179 -0.3813704848 0.3934105039 0.8365313411
-303.2 -146.7 2489.3 -0.8542293310 0.2923741341 0.4298948348 0.1913016140 0.9456382990 -0.2630054951 -0.4834210277 -0.1424274445 -0.8637236357
-419.3 -522.4 2545.9 -0.8604450226 0.0389966704 0.5080488920 0.1095960885 0.9878945351 0.1097863019 -0.4976174235 0.1501452476 -0.8543028235
-306.3 -181.5 2669.1 -0.2978110909 0.1833290309 0.9368559122 -0.1235451102 0.9657315016 -0.2282525301 -0.9465966225 -0.1837200969 -0.2649561763
-379.1 -564.9 2742.0 -0.3088246584 -0.2780805826 0.9095594883 -0.0863687694 0.9605528116 0.2643458545 -0.9471893907 0.0030789841 -0.3206598759
82.7 188.8 2464.3 0 0 0 0 0 0 0 0 0
-214.7 -306.3 2733.7 0 0 0 0 0 0 0 0 0
-433.9 -892.6 2489.7 0 0 0 0 0 0 0 0 0
-285.6 -887.8 2741.0 0 0 0 0 0 0 0 0 0
-278.2 419.7 2692.8 05 -0.0299955811 0.0666773543 -0.9973236322 -0.2198735923 0.9728930593 0.0716569573 0.9750671387 0.2214345187 -0.0145219024
-291.6 223.7 2648.2 -0.0299955811 0.0666773543 -0.9973236322 -0.2198735923 0.9728930593 0.0716569573 0.9750671387 0.2214345187 -0.0145219024
-304.1 28.9 2611.0 -0.0277494863 0.0625430271 -0.9976564050 -0.1859233528 0.9803026915 0.0666265264 0.9821723104 0.1873364896 -0.0155746872
-287.6 250.8 2504.8 -0.5562344790 0.0240743831 -0.8306766152 0.6577780247 0.6236338019 -0.4223848283 0.5078693628 -0.7813458443 -0.3627222180
-138.8 74.8 2368.9 -0.7961218953 0.0240743831 0.6046572328 -0.4607608020 0.6236338019 -0.6314905882 -0.3922874629 -0.7813458443 -0.4853959978
-295.7 196.6 2791.6 0.0135428710 0.9095108509 -0.4154595137 -0.9856436253 0.0820753276 0.1475473642 0.1682949066 0.4074968100 0.8975651264
-292.2 -59.2 2835.3 0.2492830157 0.9095108509 -0.3326379359 -0.8921665549 0.0820753276 -0.4441873729 -0.3766918778 0.4074968100 0.8318951726
-311.5 -145.5 2489.8 -0.8532156944 0.2657345831 0.4487851560 0.1702014208 0.9552249908 -0.2420262843 -0.4930055439 -0.1301167607 -0.8602413535
-417.0 -524.9 2541.5 -0.8575450182 0.0422951616 0.5126672387 0.1085016131 0.9890645146 0.0998939797 -0.5028359294 0.1412888020 -0.8527564406
-313.5 -179.8 2669.8 -0.2803768814 0.1536640525 0.9475104809 -0.1022531688 0.9767051935 -0.1886563897 -0.9544281363 -0.1497808397 -0.2581329048
-374.5 -567.4 2729.2 -0.2785271108 -0.2608084679 0.9243384600 -0.1091247275 0.9647843838 0.2393384725 -0.9542087913 -0.0342059322 -0.2971792519
78.0 200.3 2475.8 0 0 0 0 0 0 0 0 0
-222.1 -310.1 2729.3 0 0 0 0 0 0 0 0 0
-432.8 -893.1 2488.9 0 0 0 0 0 0 0 0 0
-289.8 -880.6 2740.3 0 0 0 0 0 0 0 0 0
-276.9 422.2 2694.3 06 -0.0361723825 0.0742758960 -0.9965814948 -0.2035798728 0.9757750630 0.0801144093 0.9783899188 0.2057818621 -0.0201750305
-291.9 225.3 2652.8 -0.0361723825 0.0742758960 -0.9965814948 -0.2035798728 0.9757750630 0.0801144093 0.9783899188 0.2057818621 -0.0201750305
-305.5 30.0 2618.4 -0.0337834395 0.0682220757 -0.9970980287 -0.1707480997 0.9826056361 0.0730157420 0.9847353697 0.1727193147 -0.0215470083
-287.0 250.2 2509.0 -0.5624229312 0.0210974757 -0.8265805244 0.6473797560 0.6331212521 -0.4243312478 0.5143733621 -0.7737650871 -0.3697399497
-138.2 78.9 2372.8 -0.7875941992 0.0210974757 0.6158330441 -0.4661974907 0.6331212521 -0.6179137230 -0.4029333889 -0.7737650871 -0.4888069928
-296.9 200.3 2796.6 0.0061031193 0.9080316424 -0.4188571572 -0.9830143452 0.0822805315 0.1640508473 0.1834271401 0.4107413888 0.8931102753
-295.3 -54.7 2844.2 0.2451854497 0.9080316424 -0.3396508098 -0.8994104862 0.0822805315 -0.4292909801 -0.3618631363 0.4107413888 0.8368671536
-314.0 -148.9 2483.7 -0.8537583947 0.2611909509 0.4504174292 0.1536536962 0.9529366493 -0.2613471448 -0.4974807799 -0.1539190114 -0.8537105918
-417.7 -527.3 2544.9 -0.8563560247 0.0433766879 0.5145608187 0.1119927168 0.9883495569 0.1030671299 -0.5040952563 0.1458892226 -0.8512369394
-319.1 -182.9 2663.8 -0.2784698904 0.1384164095 0.9504185319 -0.1283513755 0.9753214121 -0.1796497852 -0.9518300295 -0.1720145941 -0.2538317144
-374.0 -570.1 2732.1 -0.2867843509 -0.2659924328 0.9203275442 -0.0987635776 0.9637709856 0.2477726042 -0.9528905749 -0.0198375322 -0.3026648164
76.7 206.0 2482.8 0 0 0 0 0 0 0 0 0
-226.3 -307.6 2742.4 0 0 0 0 0 0 0 0 0
-433.7 -891.9 2491.0 0 0 0 0 0 0 0 0 0
-286.9 -885.7 2738.6 0 0 0 0 0 0 0 0 0
-279.1 421.4 2696.0 07 -0.0595480688 0.0708665177 -0.9957067370 -0.1918804497 0.9780628681 0.0810861439 0.9796100855 0.1958851814 -0.0446438566
-293.3 224.7 2656.6 -0.0595480688 0.0708665177 -0.9957067370 -0.1918804497 0.9780628681 0.0810861439 0.9796100855 0.1958851814 -0.0446438566
-306.1 29.1 2624.1 -0.0573696457 0.0642966703 -0.9962804317 -0.1602516025 0.9843910933 0.0727572739 0.9854075909 0.1638295949 -0.0461705215
-285.0 248.1 2512.8 -0.5620035529 0.0275557078 -0.8266757131 0.6469384432 0.6373960376 -0.4185653329 0.5153859854 -0.7700434923 -0.3760456741
-138.3 79.3 2378.3 -0.7638174295 0.0275557078 0.6448438764 -0.4835093319 0.6373960376 -0.5999541879 -0.4275530875 -0.7700434923 -0.4735307693
-301.7 201.3 2800.5 0.0013917909 0.8979529738 -0.4400892258 -0.9810031056 0.0865978226 0.1735907644 0.1939871013 0.4314872921 0.8810151815
-301.4 -53.3 2850.8 0.2534834146 0.8979529738 -0.3597591221 -0.9032534957 0.0865978226 -0.4202784300 -0.3462359011 0.4314872921 0.8330302835
-316.0 -149.6 2493.8 -0.8383673429 0.2627604306 0.4775951505 0.1599292755 0.9561604261 -0.2453158051 -0.5211168528 -0.1292833090 -0.8436368108
-420.3 -529.3 2545.2 -0.8412967324 0.0330858193 0.5395601392 0.1077819318 0.9883508086 0.1074508354 -0.5297196507 0.1485528648 -0.8350623846
-322.2 -180.9 2674.4 -0.2517868876 0.1247341633 0.9597107768 -0.1102488264 0.9815068245 -0.1564915627 -0.9614824653 -0.1452095062 -0.2333787382
-371.7 -570.5 2732.0 -0.2558564544 -0.2550173998 0.9324717522 -0.0949581489 0.9665430188 0.2382802665 -0.9620397091 -0.0275802501 -0.2715122700
69.9 211.1 2494.9 0 0 0 0 0 0 0 0 0
-230.1 -307.2 2753.5 0 0 0 0 0 0 0 0 0
-432.5 -893.4 2490.5 0 0 0 0 0 0 0 0 0
-288.5 -885.7 2741.0 0 0 0 0 0 0 0 0 0
-279.1 420.6 2695.4 08 -0.0916352943 0.0673943385 -0.9935094118 -0.2025052011 0.9755977392 0.0848571584 0.9749844074 0.2089667320 -0.0757514760
-292.7 224.1 2653.3 -0.0916352943 0.0673943385 -0.9935094118 -0.2025052011 0.9755977392 0.0848571584 0.9749844074 0.2089667320 -0.0757514760
-304.0 28.6 2620.0 -0.0890718997 0.0572959334 -0.9943758845 -0.1622159183 0.9841803908 0.0712390691 0.9827269316 0.1676490009 -0.0783684999
-279.7 247.8 2509.9 -0.5711308718 0.0611262321 -0.8185799122 0.6515617371 0.6403059959 -0.4067868292 0.4992763102 -0.7656838894 -0.4055260718
-133.2 80.7 2381.8 -0.7248225212 0.0611262321 0.6862185597 -0.4989214838 0.6403059959 -0.5840253234 -0.4750891626 -0.7656838894 -0.4336110353
-305.7 200.4 2796.8 -0.0031608969 0.8833145499 -0.4687700570 -0.9813688397 0.0873149112 0.1711468995 0.1921071559 0.4605773091 0.8665814400
-306.5 -54.2 2846.6 0.2661259472 0.8833145499 -0.3859175146 -0.9022316337 0.0873149112 -0.4223200381 -0.3393450975 0.4605773091 0.8201910853
-313.7 -151.8 2501.2 -0.8170289993 0.2759225070 0.5062907934 0.1745472550 0.9552252293 -0.2389100939 -0.5495423675 -0.1068248153 -0.8286082745
-423.3 -531.2 2543.6 -0.8208971024 0.0258297380 0.5704917312 0.1050485373 0.9887598157 0.1063900366 -0.5613312721 0.1472645849 -0.8143834472
-324.2 -181.2 2681.9 -0.2177130133 0.1198741570 0.9686233401 -0.0886997581 0.9858920574 -0.1419479251 -0.9719739556 -0.1168205664 -0.2040087134
-371.8 -572.7 2728.3 -0.2156016231 -0.2608933747 0.9409838319 -0.0965358093 0.9646216035 0.2453284562 -0.9716978669 -0.0379454233 -0.2331595421
66.0 217.9 2512.4 0 0 0 0 0 0 0 0 0
-231.7 -307.9 2751.2 0 0 0 0 0 0 0 0 0
-432.8 -893.9 2489.6 0 0 0 0 0 0 0 0 0
-286.4 -888.6 2740.7 0 0 0 0 0 0 0 0 0
-279.5 419.3 2694.1 09 -0.1563687921 0.0726203173 -0.9850254059 -0.2050643712 0.9731752872 0.1042998061 0.9661766887 0.2183028460 -0.1372824162
-294.2 222.9 2650.0 -0.1563687921 0.0726203173 -0.9850254059 -0.2050643712 0.9731752872 0.1042998061 0.9661766887 0.2183028460 -0.1372824162
-306.4 27.6 2615.1 -0.1535791755 0.0616692752 -0.9862101078 -0.1644379944 0.9825390577 0.0870470926 0.9743580222 0.1755390316 -0.1407567710
-271.8 246.8 2508.0 -0.5733159781 0.1026558504 -0.8128779531 0.6555258036 0.6526483297 -0.3799158633 0.4915228784 -0.7506743073 -0.4414672852
-127.7 82.0 2384.5 -0.6873118281 0.1026558504 0.7190718055 -0.4989986420 0.6526483297 -0.5701319575 -0.5278283954 -0.7506743073 -0.3973477781
-316.5 198.9 2792.0 -0.0301869120 0.8536667228 -0.5199441314 -0.9820457697 0.0715781674 0.1745357364 0.1862119883 0.5158776045 0.8361790776
-324.4 -55.8 2840.3 0.2728836834 0.8536667228 -0.4436075091 -0.9051377177 0.0715781674 -0.4190492630 -0.3259758055 0.5158776045 0.7922184467
-307.3 -152.1 2496.7 -0.7855744958 0.2914855480 0.5458102822 0.1642984748 0.9486910701 -0.2701690495 -0.5965557098 -0.1225621328 -0.7931581140
-423.1 -529.0 2545.4 -0.7878719568 0.0264702346 0.6152699590 0.1152265668 0.9877682924 0.1050552130 -0.6049633622 0.1536654979 -0.7812849879
-323.6 -181.9 2676.8 -0.1570571214 0.1303750873 0.9789460897 -0.0814822912 0.9861576557 -0.1444081217 -0.9842223525 -0.1024470925 -0.1442598253
-375.4 -573.6 2717.5 -0.1485607326 -0.2672778964 0.9520988464 -0.1123672873 0.9611094594 0.2522741556 -0.9824985266 -0.0695067272 -0.1728164107
63.7 220.9 2531.4 0 0 0 0 0 0 0 0 0
-247.6 -310.4 2748.7 0 0 0 0 0 0 0 0 0
-432.8 -893.5 2488.6 0 0 0 0 0 0 0 0 0
-287.9 -888.1 2740.2 0 0 0 0 0 0 0 0 0
-282.6 419.2 2694.9 10 -0.1668709069 0.0687794760 -0.9835768938 -0.2139676064 0.9712651968 0.1042196900 0.9624822140 0.2278448194 -0.1473593265
-296.4 224.0 2649.1 -0.1668709069 0.0687794760 -0.9835768938 -0.2139676064 0.9712651968 0.1042196900 0.9624822140 0.2278448194 -0.1473593265
-309.2 29.0 2613.0 -0.1638358533 0.0643154383 -0.9843888283 -0.1694441140 0.9812073112 0.0923088491 0.9718263745 0.1819223911 -0.1498590708
-272.5 248.7 2507.3 -0.5496176481 0.1589204222 -0.8201614022 0.6800554395 0.6553240418 -0.3287475705 0.4852268100 -0.7384406924 -0.4682523608
-129.9 72.2 2381.4 -0.6648992896 0.1589204222 0.7298309803 -0.4818611145 0.6553240418 -0.5816874504 -0.5707178116 -0.7384406924 -0.3591469228
-320.3 199.2 2790.9 -0.0364307016 0.8488580585 -0.5273640156 -0.9828976989 0.0648864880 0.1723422110 0.1805128753 0.5246233940 0.8319767714
-329.8 -55.8 2837.7 0.2723096609 0.8488580585 -0.4530865550 -0.9043031931 0.0648864880 -0.4219306111 -0.3287599981 0.5246233940 0.7852942944
-304.5 -152.6 2491.1 -0.7831541896 0.2970993817 0.5462613702 0.1579608619 0.9447121024 -0.2873453796 -0.6014298797 -0.1387478262 -0.7867853642
-422.5 -527.9 2546.2 -0.7848903537 0.0235585365 0.6191866994 0.1156632155 0.9872838855 0.1090527028 -0.6087439060 0.1572115272 -0.7776345015
-332.6 -182.6 2669.4 -0.1549315453 0.1089784950 0.9818961024 -0.1325512081 0.9826174378 -0.1299735606 -0.9789925218 -0.1502885222 -0.1377931982
-375.9 -572.5 2729.0 -0.1678891778 -0.2820540369 0.9445945024 -0.0891905352 0.9586114287 0.2703870535 -0.9817628264 -0.0388538316 -0.1860970259
56.5 207.3 2541.4 0 0 0 0 0 0 0 0 0
-253.2 -310.1 2745.3 0 0 0 0 0 0 0 0 0
-431.3 -897.3 2487.4 0 0 0 0 0 0 0 0 0
-281.0 -894.9 2742.1 0 0 0 0 0 0 0 0 0
-284.4 420.2 2694.8 11 -0.1131176427 0.0558235198 -0.9920121431 -0.2201988101 0.9721840024 0.0798166692 0.9688740373 0.2274685651 -0.0976788923
-295.6 224.3 2649.0 -0.1131176427 0.0558235198 -0.9920121431 -0.2201988101 0.9721840024 0.0798166692 0.9688740373 0.2274685651 -0.0976788923
-306.1 29.3 2612.3 -0.1107527092 0.0529137440 -0.9924383759 -0.1777094752 0.9814338684 0.0721587837 0.9778308272 0.1843574941 -0.0992931873
-279.5 250.2 2506.5 -0.5292090774 0.1842072010 -0.8282544613 0.7047652006 0.6390034556 -0.3081892133 0.4724868238 -0.7468214631 -0.4679892659
-142.9 68.3 2384.5 -0.6762570739 0.1842072010 0.7132629752 -0.4689925015 0.6390034556 -0.6096889377 -0.5680866241 -0.7468214631 -0.3457388282
-311.7 198.4 2791.6 -0.0067985114 0.8729459643 -0.4877695739 -0.9844130874 0.0798822716 0.1566835046 0.1757403761 0.4812319577 0.8587962985
-313.5 -56.9 2837.2 0.2737570107 0.8729459643 -0.4037604034 -0.8967366815 0.0798822716 -0.4352954328 -0.3477360904 0.4812319577 0.8046709895
-306.9 -150.5 2487.8 -0.8077667952 0.2971180975 0.5091499090 0.1711207479 0.9446863532 -0.2797952592 -0.5641192198 -0.1388832182 -0.8139293790
-424.9 -525.8 2543.0 -0.8109323382 0.0119402502 0.5850180387 0.0974387974 0.9885879755 0.1148892492 -0.5769699812 0.1501708627 -0.8028414249
-336.9 -181.5 2665.8 -0.2010775805 0.0878713131 0.9756261706 -0.1250761151 0.9855133295 -0.1145401299 -0.9715573788 -0.1450589746 -0.1871740222
-371.8 -572.8 2723.4 -0.2055429518 -0.2662847340 0.9417242408 -0.1090538874 0.9625095725 0.2483596951 -0.9725530148 -0.0516501032 -0.2268764526
43.6 197.6 2541.1 0 0 0 0 0 0 0 0 0
-236.5 -309.0 2739.4 0 0 0 0 0 0 0 0 0
-429.5 -899.0 2486.3 0 0 0 0 0 0 0 0 0
-283.7 -891.1 2740.5 0 0 0 0 0 0 0 0 0
-284.7 422.3 2694.3 12 -0.0812021941 0.0518073887 -0.9953503013 -0.2180477530 0.9735339284 0.0684605315 0.9725540280 0.2225930393 -0.0677566081
-295.1 226.4 2649.5 -0.0812021941 0.0518073887 -0.9953503013 -0.2180477530 0.9735339284 0.0684605315 0.9725540280 0.2225930393 -0.0677566081
-304.9 31.2 2613.6 -0.0790273249 0.0496728681 -0.9956341386 -0.1761303395 0.9823493958 0.0629902333 0.9811894894 0.1803393215 -0.0688835457
-283.6 252.1 2506.4 -0.4997317791 0.2167782187 -0.8386151195 0.7255749702 0.6335577369 -0.2685991824 0.4730846584 -0.7427057028 -0.4738977849
-156.4 67.4 2386.0 -0.7185286880 0.2167782187 0.6608507633 -0.4114699066 0.6335577369 -0.6552076340 -0.5607218742 -0.7427057028 -0.3660317063
-306.6 200.8 2792.7 0.0076115611 0.8865349293 -0.4625990093 -0.9839245081 0.0891826823 0.1547222435 0.1784224957 0.4539848268 0.8729622960
-304.6 -54.5 2838.9 0.2712549567 0.8865349293 -0.3748019934 -0.8950974941 0.0891826823 -0.4368602633 -0.3538660407 0.4539848268 0.8177264929
-306.5 -149.5 2486.1 -0.8219934106 0.2996147573 0.4843116701 0.1761382967 0.9424754977 -0.2841043174 -0.5415737033 -0.1482260525 -0.8274822831
-425.6 -524.0 2545.0 -0.8258696198 0.0154646952 0.5636490583 0.0974677056 0.9884916544 0.1156905890 -0.5553732514 0.1504829228 -0.8178725243
-326.8 -181.9 2665.1 -0.2280285954 0.1276128739 0.9652553797 -0.1130553111 0.9811975956 -0.1564283222 -0.9670684934 -0.1447973847 -0.2093137950
-377.4 -571.4 2722.6 -0.2284473777 -0.2809152007 0.9321472049 -0.1116270795 0.9587096572 0.2615630031 -0.9671355486 -0.0442994870 -0.2503724694
36.5 177.9 2536.5 0 0 0 0 0 0 0 0 0
-228.3 -306.2 2739.4 0 0 0 0 0 0 0 0 0
-431.4 -898.9 2487.9 0 0 0 0 0 0 0 0 0
-283.2 -892.8 2737.4 0 0 0 0 0 0 0 0 0
-285.8 421.5 2693.0 13 -0.0617101192 0.0483851321 -0.9969206452 -0.2196097970 0.9736881852 0.0608515590 0.9736341238 0.2226886898 -0.0494605638
-295.5 225.2 2648.1 -0.0617101192 0.0483851321 -0.9969206452 -0.2196097970 0.9736881852 0.0608515590 0.9736341238 0.2226886898 -0.0494605638
-304.5 29.7 2613.4 -0.0594264418 0.0452177711 -0.9972079992 -0.1718570292 0.9835941792 0.0548419058 0.9833278656 0.1746362597 -0.0506805144
-286.8 250.2 2504.6 -0.4900464714 0.2397078574 -0.8380898833 0.7313046455 0.6362905502 -0.2456173599 0.4743922353 -0.7332628965 -0.4871113896
-163.9 66.7 2385.6 -0.7349676490 0.2397078574 0.6343206167 -0.3745450377 0.6362905502 -0.6744259596 -0.5652773976 -0.7332628965 -0.3778715730
-304.2 200.1 2791.6 0.0187681988 0.8940255046 -0.4476227760 -0.9828894734 0.0985481590 0.1556165367 0.1832375526 0.4370430708 0.8805778623
-299.3 -54.9 2839.2 0.2719303370 0.8940255046 -0.3560509384 -0.8946260810 0.0985481590 -0.4358123839 -0.3545392454 0.4370430708 0.8266167641
-307.6 -147.9 2487.9 -0.8315426111 0.2925598621 0.4721712172 0.1725716144 0.9440568089 -0.2810262144 -0.5279734731 -0.1522019356 -0.8355109692
-423.8 -523.0 2548.4 -0.8350508809 0.0224744771 0.5497134924 0.1050996333 0.9872812033 0.1192892492 -0.5400408506 0.1573872864 -0.8267920613
-322.0 -180.1 2667.6 -0.2423890382 0.1470188349 0.9589749575 -0.1001762450 0.9793753624 -0.1754667759 -0.9649934173 -0.1385977417 -0.2226620615
-380.4 -569.0 2722.7 -0.2375166714 -0.2813940346 0.9297328591 -0.1169127077 0.9584459066 0.2602169216 -0.9643221498 -0.0468917303 -0.2605454326
31.3 166.2 2535.7 0 0 0 0 0 0 0 0 0
-222.8 -306.5 2739.5 0 0 0 0 0 0 0 0 0
-432.4 -898.5 2488.5 0 0 0 0 0 0 0 0 0
-286.0 -890.4 2738.4 0 0 0 0 0 0 0 0 0
-288.0 422.7 2703.9 14 -0.1015765592 0.0309513789 -0.9943461418 -0.2489747107 0.9669166803 0.0555313639 0.9631686211 0.2532077134 -0.0905099586
-294.3 227.8 2652.9 -0.1015765592 0.0309513789 -0.9943461418 -0.2489747107 0.9669166803 0.0555313639 0.9631686211 0.2532077134 -0.0905099586
-302.7 33.5 2612.5 -0.0996476039 0.0430678651 -0.9940903187 -0.1982855797 0.9781652689 0.0622540750 0.9750657082 0.2033172399 -0.0889320895
-279.7 256.7 2510.6 -0.4352369606 0.2423760444 -0.8670770526 0.7528712749 0.6261150837 -0.2028909773 0.4937140942 -0.7411031127 -0.4549863636
-169.2 65.5 2385.3 -0.7654215693 0.2423760444 0.5961406231 -0.3459692299 0.6261150837 -0.6987740993 -0.5426186919 -0.7411031127 -0.3953873217
-308.8 198.9 2795.1 0.0070128869 0.8761239052 -0.4820349813 -0.9876231551 0.0816015005 0.1339465827 0.1566885710 0.4751295745 0.8658525348
-307.0 -57.3 2835.7 0.2819133997 0.8761239052 -0.3910649121 -0.8862100244 0.0816015005 -0.4560405314 -0.3676365316 0.4751295745 0.7994343638
-308.0 -150.0 2488.6 -0.8176878095 0.2898956835 0.4973400533 0.1637577862 0.9453886747 -0.2818219662 -0.5518786311 -0.1489990801 -0.8205054998
-423.2 -525.7 2547.8 -0.8203110695 0.0249030422 0.5713751912 0.1094485670 0.9874223471 0.1140967458 -0.5613473058 0.1561310142 -0.8127191067
-318.9 -181.5 2668.8 -0.2131332904 0.1755842119 0.9611161947 -0.1258298159 0.9705936313 -0.2052191347 -0.9688864946 -0.1646761149 -0.1847720742
-388.6 -566.7 2734.1 -0.2253997773 -0.3069193959 0.9246596098 -0.0884085000 0.9516107440 0.2943142951 -0.9702467918 -0.0154093988 -0.2416271269
32.6 156.7 2528.3 0 0 0 0 0 0 0 0 0
-227.7 -306.5 2732.3 0 0 0 0 0 0 0 0 0
-432.6 -897.4 2489.0 0 0 0 0 0 0 0 0 0
-283.5 -892.7 2739.4 0 0 0 0 0 0 0 0 0
-290.1 422.2 2709.3 15 -0.0498580821 0.0255964082 -0.9984282851 -0.2490418404 0.9677762389 0.0372468866 0.9672085047 0.2505074739 -0.0418768898
-295.2 227.7 2659.0 -0.0498580821 0.0255964082 -0.9984282851 -0.2490418404 0.9677762389 0.0372468866 0.9672085047 0.2505074739 -0.0418768898
-301.9 33.9 2616.1 -0.0487969518 0.0335384607 -0.9982454777 -0.2141651213 0.9758393168 0.0432546437 0.9755778313 0.2159000635 -0.0404352136
-288.1 258.9 2516.8 -0.4641619921 0.2405377626 -0.8524641991 0.7286196351 0.6509383917 -0.2130556107 0.5036537647 -0.7200144529 -0.4774013758
-165.9 67.0 2384.2 -0.7702854872 0.2405377626 0.5905945301 -0.3233366907 0.6509383917 -0.6868279576 -0.5496487021 -0.7200144529 -0.4236336946
-302.3 196.5 2801.2 0.0333428420 0.8963264823 -0.4421391785 -0.9894790649 0.0919188559 0.1117233410 0.1407815218 0.4337622821 0.8899611235
-293.7 -60.0 2837.7 0.2805519700 0.8963264823 -0.3433502316 -0.8751165867 0.0919188559 -0.4751019776 -0.3942861557 0.4337622821 0.8101782203
-302.0 -142.7 2482.8 -0.8398929238 0.3035818934 0.4499087930 0.1762813926 0.9365811348 -0.3028871417 -0.5133271217 -0.1750822216 -0.8401437402
-422.6 -514.7 2552.3 -0.8433825374 0.0240718052 0.5367740989 0.1107345521 0.9853375554 0.1297989935 -0.5257791877 0.1689096391 -0.8336820602
-320.3 -179.0 2661.4 -0.2611494958 0.1736974418 0.9495420456 -0.1419807523 0.9660668969 -0.2157687992 -0.9547996521 -0.1911646128 -0.2276262045
-389.2 -562.5 2737.3 -0.2759017646 -0.3062122464 0.9111049771 -0.0971832275 0.9519262314 0.2905026972 -0.9562602043 -0.0083939135 -0.2923968434
38.6 152.8 2530.0 0 0 0 0 0 0 0 0 0
-214.8 -306.1 2726.9 0 0 0 0 0 0 0 0 0
-432.0 -897.8 2486.7 0 0 0 0 0 0 0 0 0
-283.9 -889.9 2740.1 0 0 0 0 0 0 0 0 0
-290.0 420.2 2701.5 16 -0.0985702276 0.0411749966 -0.9942778945 -0.2174205035 0.9741136432 0.0618944801 0.9710881710 0.2222773582 -0.0870663151
-298.3 224.6 2656.9 -0.0985702276 0.0411749966 -0.9942778945 -0.2174205035 0.9741136432 0.0618944801 0.9710881710 0.2222773582 -0.0870663151
-306.3 29.8 2618.8 -0.0973187983 0.0396295451 -0.9944639802 -0.1871469021 0.9806538820 0.0573935136 0.9774994254 0.1916963160 -0.0880195126
-284.1 251.8 2514.5 -0.4448612332 0.2177510262 -0.8687249422 0.7269419432 0.6543647647 -0.2082358748 0.5231193900 -0.7241486311 -0.4493938684
-171.4 67.6 2381.9 -0.8291100860 0.2177510262 0.5149378181 -0.2674332857 0.6543647647 -0.7073091269 -0.4909744561 -0.7241486311 -0.4843065143
-312.5 197.3 2799.3 0.0098945694 0.8767436743 -0.4808561206 -0.9857599735 0.0892801806 0.1425003558 0.1678672135 0.4725987315 0.8651422262
-309.9 -58.2 2842.9 0.2835018933 0.8767436743 -0.3885191977 -0.8896964192 0.0892801806 -0.4477379620 -0.3578643799 0.4725987315 0.8053468466
-304.1 -140.4 2483.8 -0.8194347620 0.2931360602 0.4925423265 0.1536777765 0.9402264357 -0.3039035797 -0.5521864295 -0.1733363420 -0.8155027032
-420.6 -513.9 2552.7 -0.8208974600 0.0281384196 0.5703819990 0.1197077855 0.9850742817 0.1236879528 -0.5583882332 0.1698142886 -0.8120133281
-313.0 -179.5 2662.4 -0.3218986392 0.1930424422 0.9268850088 -0.1168579161 0.9634060264 -0.2412323505 -0.9395347238 -0.1859662235 -0.2875605524
-389.7 -562.2 2736.3 -0.3218986392 -0.3065062761 0.8957874775 -0.1168579161 0.9517747760 0.2836705446 -0.9395347238 -0.0133666834 -0.3421927094
48.2 138.5 2512.0 0 0 0 0 0 0 0 0 0
-230.3 -308.2 2742.3 0 0 0 0 0 0 0 0 0
-431.5 -896.2 2486.8 0 0 0 0 0 0 0 0 0
-285.0 -887.1 2740.8 0 0 0 0 0 0 0 0 0
-288.9 419.6 2697.2 17 -0.1431610435 0.0616367944 -0.9877782464 -0.2075352222 0.9739992023 0.0908555612 0.9676952362 0.2180057615 -0.1266469359
-301.2 224.1 2653.4 -0.1431610435 0.0616367944 -0.9877782464 -0.2075352222 0.9739992023 0.0908555612 0.9676952362 0.2180057615 -0.1266469359
-311.8 29.2 2616.4 -0.1413639933 0.0528399982 -0.9885464907 -0.1768431664 0.9811645746 0.0777343214 0.9740342498 0.1858065277 -0.1293569505
-280.6 249.8 2511.4 -0.4383386075 0.1879128814 -0.8789470792 0.7355687618 0.6369752884 -0.2306535989 0.5165247917 -0.7476304173 -0.4174337089
-170.8 65.4 2381.9 -0.8480805159 0.1879128814 0.4954272807 -0.2787269652 0.6369752884 -0.7187306285 -0.4506337047 -0.7476304173 -0.4878299534
-321.8 198.4 2795.4 -0.0181074180 0.8583679199 -0.5127149224 -0.9843172431 0.0746944398 0.1598134637 0.1754757166 0.5075679421 0.8435538411
-326.5 -56.8 2840.9 0.2788131833 0.8583679199 -0.4306596220 -0.8984087110 0.0746944398 -0.4327614605 -0.3393006921 0.5075679421 0.7919910550
-305.4 -147.9 2491.2 -0.8000143766 0.2863357365 0.5272464156 0.1433893144 0.9445534945 -0.2953949273 -0.5825946331 -0.1607186794 -0.7967138886
-419.2 -523.2 2555.1 -0.8004218936 0.0293155573 0.5987198353 0.1316514760 0.9830141664 0.1278713495 -0.5848014355 0.1811733693 -0.7906854749
-323.2 -182.0 2670.1 -0.2839412391 0.1502538770 0.9469958544 -0.1097145006 0.9760676026 -0.1877626181 -0.9525440335 -0.1572127193 -0.2606608272
-382.8 -569.3 2732.4 -0.2815261185 -0.2887194753 0.9150869250 -0.1177555546 0.9568460584 0.2656674683 -0.9523007274 -0.0329642408 -0.3033754826
54.3 139.4 2501.5 0 0 0 0 0 0 0 0 0
-248.2 -309.3 2745.5 0 0 0 0 0 0 0 0 0
-430.4 -897.9 2486.0 0 0 0 0 0 0 0 0 0
-285.9 -890.5 2743.5 0 0 0 0 0 0 0 0 0
-289.7 421.6 2706.5 18 -0.1573646218 0.0601722896 -0.9857056737 -0.2410982847 0.9655972123 0.0974353105 0.9576575756 0.2529848218 -0.1374434084
-301.8 227.2 2655.5 -0.1573646218 0.0601722896 -0.9857056737 -0.2410982847 0.9655972123 0.0974353105 0.9576575756 0.2529848218 -0.1374434084
-313.1 33.4 2613.8 -0.1548476070 0.0566100255 -0.9863151312 -0.1992499083 0.9760521054 0.0873024315 0.9676371813 0.2100417763 -0.1398597956
-279.2 256.3 2514.4 -0.4054507315 0.1459261775 -0.9023941755 0.7580302954 0.6053854227 -0.2426903248 0.5108814240 -0.7824410796 -0.3560704291
-173.0 57.8 2380.6 -0.8860451579 0.1459261775 0.4400335252 -0.2718138099 0.6053854227 -0.7480813861 -0.3755545318 -0.7824410796 -0.4967340827
-324.4 198.2 2796.7 -0.0261486564 0.8521466255 -0.5226494074 -0.9880504012 0.0574117303 0.1430393010 0.1518966705 0.5201442242 0.8404626250
-331.2 -58.0 2836.1 0.2781247795 0.8521466255 -0.4432750046 -0.8916456103 0.0574117303 -0.4490790963 -0.3572320342 0.5201442242 0.7757803798
-309.5 -149.6 2490.3 -0.7974987626 0.2839855850 0.5323043466 0.1433609873 0.9462198615 -0.2900269330 -0.5860404372 -0.1549844295 -0.7953215837
-422.3 -525.6 2551.8 -0.7981710434 0.0247019846 0.6019242406 0.1232431009 0.9847227931 0.1230129376 -0.5896898508 0.1723683774 -0.7890215516
-335.3 -181.8 2668.5 -0.2778611183 0.1345817298 0.9511471987 -0.1208666191 0.9773708582 -0.1736012995 -0.9529871345 -0.1631989926 -0.2553069293
-388.8 -569.9 2733.3 -0.2796517015 -0.3023305833 0.9112579823 -0.1152407154 0.9528347254 0.2807589173 -0.9531602859 -0.0264993124 -0.3013026416
61.7 129.8 2480.1 0 0 0 0 0 0 0 0 0
-253.0 -308.7 2735.6 0 0 0 0 0 0 0 0 0
-431.7 -898.1 2486.6 0 0 0 0 0 0 0 0 0
-287.6 -888.6 2742.2 0 0 0 0 0 0 0 0 0
-289.4 423.0 2710.6 19 -0.1589109749 0.0429213382 -0.9863594770 -0.2459331304 0.9658416510 0.0816504434 0.9561716318 0.2555536330 -0.1429270506
-298.0 228.1 2659.0 -0.1589109749 0.0429213382 -0.9863594770 -0.2459331304 0.9658416510 0.0816504434 0.9561716318 0.2555536330 -0.1429270506
-307.5 34.4 2615.8 -0.1571188122 0.0476210937 -0.9864308834 -0.2075181156 0.9749445915 0.0801200867 0.9655308723 0.2172906548 -0.1432999074
-275.1 258.4 2518.1 -0.4118033350 0.1059027761 -0.9050981402 0.7488718629 0.6052628756 -0.2699032426 0.5192387700 -0.7889496088 -0.3285568655
-166.8 61.4 2381.5 -0.8958835006 0.1059027761 0.4314827025 -0.2862027287 0.6052628756 -0.7427952886 -0.3398245573 -0.7889496088 -0.5119353533
-321.0 197.8 2800.0 -0.0184645131 0.8495396376 -0.5272015929 -0.9892653227 0.0609256029 0.1328239888 0.1449593157 0.5239947438 0.8392950892
-325.8 -58.8 2837.6 0.2871422470 0.8495396376 -0.4425288439 -0.8866707683 0.0609256029 -0.4583699405 -0.3624421060 0.5239947438 0.7707562447
-310.1 -142.3 2483.4 -0.8005434871 0.2827386260 0.5283833146 0.1265349388 0.9415758848 -0.3121278286 -0.5857636333 -0.1830129474 -0.7895487547
-422.5 -516.3 2556.1 -0.8005772829 0.0220635403 0.5988231897 0.1250687093 0.9834654927 0.1309709549 -0.5860322714 0.1797464192 -0.7900996208
-338.5 -178.7 2660.6 -0.2746025622 0.1360570937 0.9518833160 -0.1284534931 0.9758751392 -0.1765430421 -0.9529392123 -0.1707519144 -0.2505007982
-392.6 -566.4 2728.4 -0.2707300186 -0.3147645891 0.9097409248 -0.1401879191 0.9478496313 0.2862313986 -0.9523931146 -0.0500432476 -0.3007375598
72.7 137.9 2472.4 0 0 0 0 0 0 0 0 0
-245.0 -308.1 2735.7 0 0 0 0 0 0 0 0 0
-431.0 -897.3 2486.4 0 0 0 0 0 0 0 0 0
-285.0 -890.3 2745.5 0 0 0 0 0 0 0 0 0
-290.6 423.1 2713.2 20 -0.1039545536 0.0236083027 -0.9943017960 -0.2435060889 0.9686880708 0.0484587736 0.9643123150 0.2471560538 -0.0949507654
-295.4 227.0 2663.1 -0.1039545536 0.0236083027 -0.9943017960 -0.2435060889 0.9686880708 0.0484587736 0.9643123150 0.2471560538 -0.0949507654
-302.6 33.4 2619.1 -0.1031346917 0.0359468050 -0.9940176606 -0.2167551517 0.9745174646 0.0577311330 0.9707627892 0.2214125246 -0.0927149057
-280.4 258.6 2521.6 -0.4652019143 0.0835247859 -0.8812552094 0.7173309326 0.6188939810 -0.3200102746 0.5186747909 -0.7810209990 -0.3478255868
-153.8 63.4 2380.5 -0.8766970038 0.0835247859 0.4737361372 -0.3269597888 0.6188939810 -0.7141901255 -0.3528450429 -0.7810209990 -0.5152732730
-310.4 195.4 2804.7 0.0117233125 0.8734933734 -0.4866948426 -0.9903327823 0.0774207041 0.1150957197 0.1382156014 0.4806405604 0.8659567833
-307.4 -61.4 2840.6 0.2884080708 0.8734933734 -0.3922117949 -0.8776740432 0.0774207041 -0.4729633033 -0.3827650249 0.4806405604 0.7889712453
-302.6 -140.2 2484.2 -0.8209349513 0.2907756567 0.4914421141 0.1493493468 0.9400146008 -0.3067040145 -0.5511448383 -0.1783874780 -0.8151179552
-418.1 -513.7 2555.1 -0.8220360279 0.0346902721 0.5683778524 0.1251817793 0.9847342372 0.1209463552 -0.5555054545 0.1705728024 -0.8138296008
-331.4 -178.2 2661.1 -0.3207260966 0.1436633319 0.9362134337 -0.1390892565 0.9705713391 -0.1965845078 -0.9369038939 -0.1932670176 -0.2913055420
-388.4 -563.8 2737.9 -0.3235216439 -0.3042863011 0.8959596157 -0.1303890646 0.9521855116 0.2762996256 -0.9371939301 -0.0274344254 -0.3477282226
82.7 151.7 2475.7 0 0 0 0 0 0 0 0 0
-226.3 -308.1 2732.9 0 0 0 0 0 0 0 0 0
-431.6 -897.6 2488.6 0 0 0 0 0 0 0 0 0
-284.5 -888.9 2747.3 0 0 0 0 0 0 0 0 0
-291.8 420.9 2712.0 21 -0.1016717926 0.0143929487 -0.9947139025 -0.2380653620 0.9704906940 0.0383756161 0.9659128785 0.2407086343 -0.0952450708
-294.7 224.9 2663.4 -0.1016717926 0.0143929487 -0.9947139025 -0.2380653620 0.9704906940 0.0383756161 0.9659128785 0.2407086343 -0.0952450708
-300.2 31.2 2619.5 -0.1012067869 0.0278194752 -0.9944763780 -0.2166337967 0.9750062823 0.0493214056 0.9709928036 0.2204288542 -0.0926506072
-279.9 256.5 2521.6 -0.4928343594 0.0440126099 -0.8690093160 0.6959547997 0.6193905473 -0.3633211255 0.5222654343 -0.7838483453 -0.3358877301
-146.2 67.6 2379.9 -0.8661098480 0.0440126099 0.4979122579 -0.3673883379 0.6193905473 -0.6938163638 -0.3389388323 -0.7838483453 -0.5202905536
-309.4 193.3 2805.1 0.0201092325 0.8728108406 -0.4876441658 -0.9899999499 0.0854989141 0.1122052670 0.1396270245 0.4805113375 0.8658019900
-304.2 -63.5 2841.3 0.2960017323 0.8728108406 -0.3880518079 -0.8755297065 0.0854989141 -0.4755393863 -0.3818779290 0.4805113375 0.7894796133
-300.3 -140.4 2486.2 -0.8168599010 0.2987940013 0.4934187233 0.1592535526 0.9389592409 -0.3049490154 -0.5544170141 -0.1705219448 -0.8145821691
-419.0 -513.5 2553.9 -0.8186054826 0.0331682339 0.5733976960 0.1235427558 0.9851311445 0.1193895862 -0.5609120131 0.1685720980 -0.8105314374
-319.2 -180.0 2663.9 -0.3162237704 0.1646730602 0.9342833161 -0.1204939708 0.9698721766 -0.2117290050 -0.9410014749 -0.1795292497 -0.2868545353
-384.6 -565.2 2735.2 -0.3137356639 -0.2893110216 0.9043611288 -0.1287645102 0.9566149712 0.2613571286 -0.9407388568 -0.0344525762 -0.3373772204
88.0 166.9 2471.6 0 0 0 0 0 0 0 0 0
-221.0 -309.7 2733.9 0 0 0 0 0 0 0 0 0
-431.9 -895.6 2488.5 0 0 0 0 0 0 0 0 0
-287.4 -886.6 2746.8 0 0 0 0 0 0 0 0 0
-291.5 422.0 2712.9 22 -0.1100143418 0.0289719701 -0.9935076833 -0.2375965863 0.9698286653 0.0545913056 0.9651138186 0.2420598567 -0.0998114273
-297.3 225.9 2663.9 -0.1100143418 0.0289719701 -0.9935076833 -0.2375965863 0.9698286653 0.0545913056 0.9651138186 0.2420598567 -0.0998114273
-304.5 31.7 2622.8 -0.1088149548 0.0361474194 -0.9934045672 -0.2017256469 0.9777425528 0.0576740205 0.9733786583 0.2066709846 -0.0991011485
-281.4 255.3 2521.8 -0.5101143122 0.0189537723 -0.8598977923 0.6821294427 0.6178905964 -0.3910379112 0.5239111185 -0.7860355973 -0.3281237483
