-406.9 500.0 2677.9 73 -0.7464665174 -0.0393067934 -0.6642610431 -0.1222121119 0.9893715382 0.0787916556 0.6541039348 0.1399960667 -0.7433364987
-399.0 302.0 2649.9 -0.7464665174 -0.0393067934 -0.6642610431 -0.1222121119 0.9893715382 0.0787916556 0.6541039348 0.1399960667 -0.7433364987
-392.1 104.8 2625.5 -0.7470213771 -0.0344637968 -0.6639061570 -0.1073114946 0.9918100834 0.0692604482 0.6560817957 0.1229837984 -0.7446016669
-294.0 317.1 2557.7 -0.9704512954 -0.2381326109 -0.0389500037 -0.1282767355 0.6458594799 -0.7526025176 0.2043754309 -0.7253677249 -0.6573220491
-89.0 344.2 2514.5 -0.1984433234 -0.2381326109 0.9507434368 -0.7634524703 0.6458594799 0.0024172305 -0.6146222949 -0.7253677249 -0.3099694252
-504.0 286.9 2742.1 -0.2710017264 0.8639717102 -0.4243948460 -0.9075497985 -0.0823981240 0.4117814004 0.3207981288 0.4967529178 0.8064273596
-577.1 42.0 2828.7 -0.1278706640 0.8681036234 -0.4796302021 -0.9847213030 -0.0534876809 0.1657195985 0.1182074770 0.4934927821 0.8616796732
-308.8 -82.6 2536.8 -0.4109261632 0.3361490071 -0.8474335074 0.1327423602 0.9416962862 0.3091723025 0.9019529819 0.0145566678 -0.4315888882
-442.4 -457.0 2531.1 -0.4465806484 0.1234048381 -0.8861923814 -0.0741211250 0.9819363356 0.1740894616 0.8916679621 0.1434305608 -0.4293668568
-453.7 -102.2 2661.2 -0.8353699446 -0.0014133281 -0.5496863127 0.0599577427 0.9937958717 -0.0936742499 0.5464084148 -0.1112106070 -0.8301024437
-453.1 -497.3 2705.4 -0.8353699446 -0.0014133281 -0.5496863127 0.0599577427 0.9937958717 -0.0936742499 0.5464084148 -0.1112106070 -0.8301024437
-37.2 543.5 2675.0 0 0 0 0 0 0 0 0 0
-610.4 -213.9 2859.4 0 0 0 0 0 0 0 0 0
-487.8 -818.0 2478.3 0 0 0 0 0 0 0 0 0
-452.6 -877.2 2748.0 0 0 0 0 0 0 0 0 0
-407.3 502.3 2677.8 74 -0.7161574960 -0.0427024588 -0.6966311336 -0.1121178791 0.9922025204 0.0544399656 0.6888744235 0.1170923933 -0.7153609991
-398.7 303.4 2654.4 -0.7161574960 -0.0427024588 -0.6966311336 -0.1121178791 0.9922025204 0.0544399656 0.6888744235 0.1170923933 -0.7153609991
-391.3 105.9 2634.2 -0.7167634964 -0.0367385596 -0.6963478923 -0.0969659239 0.9941603541 0.0473579615 0.6905416250 0.1014664769 -0.7161402702
-298.0 317.0 2557.4 -0.9722889662 -0.2328501940 -0.0208558720 -0.1397280991 0.6503280401 -0.7466923594 0.1874306202 -0.7230865955 -0.6648424864
-89.5 347.0 2517.2 -0.1996444613 -0.2328501940 0.9517998099 -0.7596534491 0.6503280401 -0.0002433191 -0.6189254522 -0.7230865955 -0.3067198396
-499.4 289.9 2751.4 -0.2494304478 0.8855147362 -0.3919797540 -0.9017422795 -0.0648152009 0.4273872972 0.3530514836 0.4600681067 0.8146729469
-566.7 46.7 2846.6 -0.1146102995 0.8892741203 -0.4427821338 -0.9826005697 -0.0359043851 0.1822279990 0.1461528242 0.4559631944 0.8779162169
-316.8 -82.5 2541.0 -0.3892015815 0.3144689202 -0.8658125997 0.1007611230 0.9488168359 0.2993223071 0.9156250954 0.0292564742 -0.4009672701
-441.7 -459.6 2529.3 -0.4187523425 0.1275612414 -0.8990965486 -0.0759644732 0.9816940427 0.1746602356 0.9049175978 0.1414387673 -0.4013965726
-449.5 -100.6 2677.3 -0.8111110330 -0.0143113146 -0.5847170949 0.0666707233 0.9909223914 -0.1167380959 0.5810799599 -0.1336710602 -0.8027939796
-443.9 -494.4 2730.5 -0.8111110330 -0.0143113146 -0.5847170949 0.0666707233 0.9909223914 -0.1167380959 0.5810799599 -0.1336710602 -0.8027939796
-37.2 546.0 2679.3 0 0 0 0 0 0 0 0 0
-596.5 -208.6 2884.6 0 0 0 0 0 0 0 0 0
-488.3 -818.0 2477.7 0 0 0 0 0 0 0 0 0
-438.4 -873.1 2781.5 0 0 0 0 0 0 0 0 0
-408.5 497.9 2676.8 75 -0.7045587301 -0.0371006913 -0.7086752057 -0.1020673960 0.9935471416 0.0494601652 0.7022672296 0.1071802229 -0.7037990689
-401.0 299.0 2655.4 -0.7045587301 -0.0371006913 -0.7086752057 -0.1020673960 0.9935471416 0.0494601652 0.7022672296 0.1071802229 -0.7037990689
-394.8 101.2 2636.8 -0.7050392628 -0.0312324837 -0.7084801793 -0.0880834237 0.9951503277 0.0437856354 0.7036767602 0.0932759494 -0.7043710947
-301.9 311.3 2556.4 -0.9710589647 -0.2386197448 -0.0102503775 -0.1491284072 0.6392810941 -0.7543741465 0.1865614504 -0.7310131788 -0.6563646197
-91.5 343.6 2516.0 -0.2080372721 -0.2386197448 0.9485679269 -0.7689332962 0.6392810941 -0.0078241052 -0.6045345664 -0.7310131788 -0.3164769709
-500.2 286.6 2754.3 -0.2469306588 0.8930687904 -0.3761028647 -0.8974708915 -0.0643857792 0.4363490641 0.3654740751 0.4452893436 0.8174020648
-566.8 44.5 2852.9 -0.1160423458 0.8968693018 -0.4268015921 -0.9807630181 -0.0355586261 0.1919360310 0.1569650471 0.4408639371 0.8837425709
-318.2 -82.9 2550.8 -0.3847198486 0.3070961833 -0.8704496026 0.0744121671 0.9502809048 0.3023722470 0.9200290442 0.0515565686 -0.3884436488
-440.3 -460.6 2530.3 -0.4102383554 0.1345522404 -0.9019978642 -0.0770081803 0.9804129601 0.1812736839 0.9087212086 0.1438266337 -0.3918413818
-453.1 -104.7 2682.8 -0.8006582856 -0.0126620037 -0.5989874005 0.0752368495 0.9897370934 -0.1214901358 0.5943784118 -0.1423380226 -0.7914885879
-448.1 -498.1 2739.4 -0.8006582856 -0.0126620037 -0.5989874005 0.0752368495 0.9897370934 -0.1214901358 0.5943784118 -0.1423380226 -0.7914885879
-37.2 544.6 2674.0 0 0 0 0 0 0 0 0 0
-596.9 -210.4 2893.7 0 0 0 0 0 0 0 0 0
-489.0 -815.8 2478.2 0 0 0 0 0 0 0 0 0
-443.2 -876.4 2793.8 0 0 0 0 0 0 0 0 0
-407.0 500.2 2686.8 76 -0.6507203579 -0.0141607812 -0.7591854334 -0.1189158708 0.9893894792 0.0834716335 0.7499480247 0.1445958763 -0.6454997659
-404.2 302.0 2657.8 -0.6507203579 -0.0141607812 -0.7591854334 -0.1189158708 0.9893894792 0.0834716335 0.7499480247 0.1445958763 -0.6454997659
-399.7 104.5 2636.2 -0.6511163116 -0.0230707880 -0.7586272359 -0.0978242829 0.9937517047 0.0537396334 0.7526472807 0.1092029139 -0.6493048072
-312.8 315.8 2552.3 -0.9774667621 -0.2077808231 -0.0372265317 -0.1049319357 0.6313024163 -0.7684051991 0.1831610650 -0.7471842766 -0.6388800144
-95.3 339.2 2511.5 -0.2244153917 -0.2077808231 0.9520844817 -0.7742461562 0.6313024163 -0.0447231457 -0.5917606354 -0.7471842766 -0.3025474846
-495.5 288.2 2763.4 -0.2204081863 0.9234153032 -0.3142044842 -0.9027381539 -0.0711082369 0.4242728651 0.3694375157 0.3771575689 0.8492750525
-555.0 44.7 2863.1 -0.1057087407 0.9269070029 -0.3600958586 -0.9828461409 -0.0423547402 0.1794980913 0.1511262804 0.3728933334 0.9154842496
-323.8 -88.6 2553.8 -0.3218002319 0.2980160117 -0.8986829519 0.0418132320 0.9527188540 0.3009625971 0.9458838701 0.0592729971 -0.3190461397
-442.3 -467.3 2530.3 -0.3431279063 0.1368672550 -0.9292634726 -0.0897391886 0.9800244570 0.1774795651 0.9349920750 0.1442895383 -0.3239913583
-454.7 -102.0 2683.4 -0.7543809414 -0.0212434214 -0.6560930610 0.0674376041 0.9916799664 -0.1096495539 0.6529636979 -0.1269628853 -0.7466718554
-446.3 -496.2 2733.9 -0.7543809414 -0.0212434214 -0.6560930610 0.0674376041 0.9916799664 -0.1096495539 0.6529636979 -0.1269628853 -0.7466718554
-37.0 540.3 2665.2 0 0 0 0 0 0 0 0 0
-582.4 -210.8 2902.4 0 0 0 0 0 0 0 0 0
-490.6 -813.0 2479.3 0 0 0 0 0 0 0 0 0
-438.1 -875.3 2782.4 0 0 0 0 0 0 0 0 0
-419.3 515.4 2680.8 77 -0.8569440246 -0.1020461470 -0.5052064061 -0.1739673764 0.9799476266 0.0971492529 0.4851621091 0.1711408943 -0.8575130105
-395.7 288.2 2641.1 -0.8569440246 -0.1020461470 -0.5052064061 -0.1739673764 0.9799476266 0.0971492529 0.4851621091 0.1711408943 -0.8575130105
-389.6 90.4 2623.9 -0.8638502955 -0.0346006379 -0.5025589466 -0.0741261095 0.9955093861 0.0588758886 0.4982649982 0.0881126896 -0.8625358939
-281.0 298.7 2575.1 -0.9241341949 -0.3764738142 -0.0651414096 -0.2064648122 0.6355375648 -0.7439517975 0.3214781880 -0.6740618944 -0.6650506258
-96.7 339.8 2511.0 -0.2295465916 -0.3764738142 0.8975387812 -0.7688964009 0.6355375648 0.0699309334 -0.5967468023 -0.6740618944 -0.4353548586
-510.4 277.8 2707.1 -0.3367549479 0.7471666336 -0.5730079412 -0.9026289582 -0.0829134956 0.4223580956 0.2680617869 0.6594447494 0.7023357749
-600.2 37.1 2778.6 -0.1649545729 0.7520795465 -0.6380959153 -0.9805819988 -0.0554827079 0.1880972534 0.1060608104 0.6567328572 0.7466278076
-321.6 -92.2 2555.1 -0.5900778770 0.3065591156 -0.7468799353 0.1351988465 0.9495623112 0.2829358876 0.7959455848 0.0659769103 -0.6017621160
-442.4 -466.4 2529.1 -0.6204831600 0.1437366456 -0.7709347606 -0.0194747765 0.9799322486 0.1983772814 0.7839779258 0.1381035447 -0.6052322388
-458.3 -114.3 2649.7 -0.9251044393 0.0438995436 -0.3771665394 0.0871660858 0.9913204908 -0.0984159857 0.3695725203 -0.1239211932 -0.9209015965
-475.7 -507.6 2698.9 -0.9251044393 0.0438995436 -0.3771665394 0.0871660858 0.9913204908 -0.0984159857 0.3695725203 -0.1239211932 -0.9209015965
-37.0 539.6 2666.1 0 0 0 0 0 0 0 0 0
-642.9 -217.1 2806.1 0 0 0 0 0 0 0 0 0
-492.8 -809.9 2480.7 0 0 0 0 0 0 0 0 0
-492.4 -885.7 2746.2 0 0 0 0 0 0 0 0 0
-414.8 514.2 2687.8 78 -0.8226059675 -0.0751638710 -0.5636219978 -0.1682903320 0.9789990783 0.1150616333 0.5431369543 0.1895025223 -0.8179798722
-398.6 303.3 2647.0 -0.8226059675 -0.0751638710 -0.5636219978 -0.1682903320 0.9789990783 0.1150616333 0.5431369543 0.1895025223 -0.8179798722
-389.7 106.6 2621.1 -0.8260695934 -0.0482649356 -0.5614975095 -0.1130292341 0.9902709126 0.0811662525 0.5521171689 0.1305146068 -0.8234880567
-286.1 319.3 2571.6 -0.9465143085 -0.3014853001 -0.1149663925 -0.1130831242 0.6436601877 -0.7569106817 0.3021967411 -0.7034260631 -0.6433264613
-96.6 341.9 2511.1 -0.2299624681 -0.3014853001 0.9253236651 -0.7650609016 0.6436601877 0.0195810348 -0.6014974117 -0.7034260631 -0.3786723018
-511.1 287.3 2722.3 -0.3059342802 0.7918707728 -0.5285308361 -0.9154761434 -0.0922857672 0.3916462660 0.2613573670 0.6036753654 0.7531722188
-593.2 41.8 2792.4 -0.1417590231 0.7961611748 -0.5882446170 -0.9865312576 -0.0646342859 0.1502613127 0.0816114545 0.6016225815 0.7946004272
-306.5 -93.1 2557.8 -0.5221752524 0.3490545750 -0.7781348825 0.1336625963 0.9346261621 0.3295575678 0.8422988057 0.0680792928 -0.5346941948
-447.2 -469.8 2530.4 -0.5557090640 0.1141109914 -0.8235083818 -0.0617497303 0.9821345210 0.1777604669 0.8290804625 0.1496345252 -0.5387347341
-454.2 -100.5 2644.4 -0.8991416097 0.0162999332 -0.4373541772 0.0543501228 0.9957293868 -0.0746263266 0.4342699945 -0.0908698887 -0.8961876035
-460.7 -495.6 2680.4 -0.8991416097 0.0162999332 -0.4373541772 0.0543501228 0.9957293868 -0.0746263266 0.4342699945 -0.0908698887 -0.8961876035
-37.1 539.9 2666.8 0 0 0 0 0 0 0 0 0
-630.0 -214.1 2813.6 0 0 0 0 0 0 0 0 0
-487.8 -819.1 2477.2 0 0 0 0 0 0 0 0 0
-466.9 -875.5 2715.1 0 0 0 0 0 0 0 0 0
-413.8 508.8 2682.8 79 -0.7962774634 -0.0740536898 -0.6003817320 -0.1563461423 0.9839516282 0.0859947354 0.5843783617 0.1623430401 -0.7950765491
-398.4 304.1 2649.0 -0.7962774634 -0.0740536898 -0.6003817320 -0.1563461423 0.9839516282 0.0859947354 0.5843783617 0.1623430401 -0.7950765491
-387.6 107.3 2624.8 -0.7988280058 -0.0556943901 -0.5989757180 -0.1175238863 0.9909670949 0.0645937100 0.5899677277 0.1219932213 -0.7981576920
-287.9 320.7 2567.2 -0.9561493397 -0.2722468972 -0.1079817712 -0.0956457630 0.6387285590 -0.7634643316 0.2768218219 -0.7196578979 -0.6367591619
-95.3 339.9 2511.5 -0.2237994075 -0.2722468972 0.9358394146 -0.7694300413 0.6387285590 0.0018100118 -0.5982401371 -0.7196578979 -0.3524219990
-508.8 287.6 2730.8 -0.2840508521 0.8195006251 -0.4977286756 -0.9140880108 -0.0747660622 0.3985638022 0.2894100845 0.5681802034 0.7703330517
-585.2 41.8 2808.6 -0.1253571510 0.8234146237 -0.5534202456 -0.9869391322 -0.0466120355 0.1542026252 0.1011766419 0.5655224919 0.8185032606
-306.4 -75.8 2543.2 -0.4772355556 0.3475596011 -0.8071236014 0.1590852588 0.9374579787 0.3096197248 0.8642557859 0.0193600710 -0.5026798844
-445.4 -450.7 2535.5 -0.5180695653 0.1101778522 -0.8482127190 -0.0756149292 0.9818869233 0.1737252772 0.8519896269 0.1541393250 -0.5003546476
-448.8 -100.4 2653.8 -0.8793715239 -0.0023016962 -0.4761306643 0.0479406603 0.9944785237 -0.0933496729 0.4737165570 -0.1049150676 -0.8744057417
-447.9 -495.3 2695.5 -0.8793715239 -0.0023016962 -0.4761306643 0.0479406603 0.9944785237 -0.0933496729 0.4737165570 -0.1049150676 -0.8744057417
-37.1 540.2 2667.2 0 0 0 0 0 0 0 0 0
-617.7 -214.4 2834.9 0 0 0 0 0 0 0 0 0
-487.1 -822.9 2477.0 0 0 0 0 0 0 0 0 0
-447.0 -875.0 2735.6 0 0 0 0 0 0 0 0 0
-411.5 502.2 2679.8 80 -0.7726643682 -0.0761910006 -0.6302258968 -0.1557413787 0.9851822257 0.0718374103 0.6154139638 0.1536584646 -0.7730813026
-395.9 301.4 2648.5 -0.7726643682 -0.0761910006 -0.6302258968 -0.1557413787 0.9851822257 0.0718374103 0.6154139638 0.1536584646 -0.7730813026
-383.2 104.7 2623.5 -0.7745473385 -0.0650421903 -0.6291628480 -0.1294082999 0.9899533987 0.0569711290 0.6191363931 0.1255457401 -0.7751827836
-288.0 319.6 2562.0 -0.9622290730 -0.2517358959 -0.1036547571 -0.0804502964 0.6266736984 -0.7751179338 0.2600827217 -0.7375019193 -0.6232559085
-94.4 335.8 2509.7 -0.2214499265 -0.2517358959 0.9421194196 -0.7791237831 0.6266736984 -0.0156887118 -0.5864520669 -0.7375019193 -0.3349102736
-503.9 283.3 2734.9 -0.2617421448 0.8410509229 -0.4734177291 -0.9170925021 -0.0638988540 0.3935204446 0.3007198870 0.5371687412 0.7880465388
-574.4 36.3 2815.9 -0.1082674414 0.8445256352 -0.5244565606 -0.9884939194 -0.0353984609 0.1470604092 0.1056313291 0.5343439579 0.8386409283
-304.3 -77.0 2545.8 -0.4508855343 0.3438380957 -0.8236975074 0.1403124928 0.9386559725 0.3150195479 0.8814843297 0.0264627021 -0.4714711905
-441.4 -451.2 2535.2 -0.4897927046 0.1214188784 -0.8633426428 -0.0780756995 0.9801673889 0.1821428984 0.8683359027 0.1566183418 -0.4705989957
-440.8 -103.9 2654.8 -0.8616989851 -0.0204491299 -0.5070075989 0.0355552584 0.9942983389 -0.1005319580 0.5061725974 -0.1046550721 -0.8560587764
-432.7 -498.9 2696.4 -0.8616989851 -0.0204491299 -0.5070075989 0.0355552584 0.9942983389 -0.1005319580 0.5061725974 -0.1046550721 -0.8560587764
-37.0 537.9 2661.8 0 0 0 0 0 0 0 0 0
-602.5 -220.5 2843.3 0 0 0 0 0 0 0 0 0
-487.5 -823.1 2475.8 0 0 0 0 0 0 0 0 0
-424.8 -878.8 2736.4 0 0 0 0 0 0 0 0 0
-409.0 497.3 2677.8 81 -0.7457148433 -0.0730293915 -0.6622508168 -0.1547897607 0.9857675433 0.0655929893 0.6480351090 0.1514233053 -0.7464056611
-394.3 298.5 2647.2 -0.7457148433 -0.0730293915 -0.6622508168 -0.1547897607 0.9857675433 0.0655929893 0.6480351090 0.1514233053 -0.7464056611
-381.6 101.8 2621.1 -0.7471000552 -0.0642315596 -0.6616008878 -0.1348574013 0.9892675877 0.0562420301 0.6508877873 0.1312402040 -0.7477439642
-289.8 317.4 2556.1 -0.9710516334 -0.2295110524 -0.0662074313 -0.0955285802 0.6271672249 -0.7730042338 0.2189361453 -0.7443023324 -0.6309366226
-91.7 336.9 2511.4 -0.2111451328 -0.2295110524 0.9501276016 -0.7785871029 0.6271672249 -0.0215266589 -0.5909482837 -0.7443023324 -0.3111176491
-498.8 279.5 2738.4 -0.2453381717 0.8632586598 -0.4411277175 -0.9185702205 -0.0615431890 0.3904371560 0.3098998666 0.5009959340 0.8080626130
-565.0 31.9 2822.0 -0.0995011255 0.8665128350 -0.4891370237 -0.9891710877 -0.0328377783 0.1430463791 0.1078893468 0.4980734587 0.8603968620
-299.8 -79.2 2541.4 -0.4130761325 0.3550895154 -0.8386176229 0.1378196925 0.9346215129 0.3278541565 0.9002076387 0.0198507141 -0.4350081682
-441.2 -451.3 2533.5 -0.4514833093 0.1246112958 -0.8835354447 -0.0795658007 0.9806331396 0.1789635122 0.8887249827 0.1510982364 -0.4328247011
-437.1 -107.2 2654.5 -0.8397147655 -0.0295117516 -0.5422251821 0.0304125063 0.9943990707 -0.1012204662 0.5421754122 -0.1014867425 -0.8341140151
-425.4 -502.4 2694.8 -0.8397147655 -0.0295117516 -0.5422251821 0.0304125063 0.9943990707 -0.1012204662 0.5421754122 -0.1014867425 -0.8341140151
-37.0 538.4 2664.3 0 0 0 0 0 0 0 0 0
-590.8 -225.2 2850.0 0 0 0 0 0 0 0 0 0
-488.1 -820.9 2476.6 0 0 0 0 0 0 0 0 0
-414.1 -882.4 2733.6 0 0 0 0 0 0 0 0 0
-409.8 502.4 2687.8 82 -0.6634162068 -0.0569029152 -0.7460837960 -0.1507392079 0.9868249297 0.0587730557 0.7329096794 0.1514550745 -0.6632531285
-398.3 303.6 2657.3 -0.6634162068 -0.0569029152 -0.7460837960 -0.1507392079 0.9868249297 0.0587730557 0.7329096794 0.1514550745 -0.6632531285
-387.2 106.8 2631.6 -0.6643787026 -0.0561729632 -0.7452821732 -0.1339122504 0.9899818897 0.0447592027 0.7353015542 0.1295394748 -0.6652451754
-305.8 322.4 2554.7 -0.9766308069 -0.1955250651 -0.0892315283 -0.0524139665 0.6193175316 -0.7833891511 0.2084348649 -0.7604050040 -0.6150928140
-92.5 333.8 2509.2 -0.2144848406 -0.1955250651 0.9569567442 -0.7836043239 0.6193175316 -0.0490922406 -0.5830613375 -0.7604050040 -0.2860485315
-490.8 284.9 2759.8 -0.1987775862 0.9167231321 -0.3465633094 -0.9180287719 -0.0503749587 0.3933008611 0.3430899084 0.3963344991 0.8515916467
-544.4 37.6 2852.2 -0.0773964897 0.9193562865 -0.3857379854 -0.9889374375 -0.0216862466 0.1467392445 0.1265404373 0.3928278685 0.9108642936
-300.7 -82.0 2535.2 -0.3183525801 0.3529183269 -0.8798297048 0.1090996712 0.9355904460 0.3358091414 0.9416734576 0.0109165702 -0.3363508880
-441.1 -454.2 2530.9 -0.3504168093 0.1273898929 -0.9278900027 -0.0865752101 0.9820596576 0.1675218791 0.9325839281 0.1390347630 -0.3331014216
-436.4 -102.2 2672.8 -0.7703903913 -0.0494889282 -0.6356488466 0.0290276185 0.9932265878 -0.1125091612 0.6369113326 -0.1051273495 -0.7637357116
-416.7 -496.9 2714.6 -0.7703903913 -0.0494889282 -0.6356488466 0.0290276185 0.9932265878 -0.1125091612 0.6369113326 -0.1051273495 -0.7637357116
-37.0 536.9 2660.3 0 0 0 0 0 0 0 0 0
-564.5 -219.3 2885.1 0 0 0 0 0 0 0 0 0
-488.6 -820.2 2479.1 0 0 0 0 0 0 0 0 0
-397.8 -876.5 2754.8 0 0 0 0 0 0 0 0 0
-407.7 502.0 2680.8 83 -0.6908786297 -0.0587425828 -0.7205803394 -0.1439623684 0.9879116416 0.0574926138 0.7084924579 0.1434568763 -0.6909837723
-395.9 303.0 2651.9 -0.6908786297 -0.0587425828 -0.7205803394 -0.1439623684 0.9879116416 0.0574926138 0.7084924579 0.1434568763 -0.6909837723
-384.7 106.2 2626.4 -0.6915977597 -0.0563788749 -0.7200791240 -0.1316069663 0.9900960326 0.0488815419 0.7101916671 0.1285737902 -0.6921680570
-299.1 321.4 2552.5 -0.9761483073 -0.2033728659 -0.0759866387 -0.0712385848 0.6306654811 -0.7727781534 0.2050842643 -0.7489329576 -0.6301110387
-95.7 336.3 2509.7 -0.2254241109 -0.2033728659 0.9527977109 -0.7745294571 0.6306654811 -0.0486329645 -0.5910059810 -0.7489329576 -0.2996854782
-492.7 284.5 2751.3 -0.2165354937 0.9011704922 -0.3755051196 -0.9167585373 -0.0554507673 0.3955742717 0.3356578052 0.4299033880 0.8381628394
-551.0 37.4 2841.8 -0.0871479437 0.9041027427 -0.4183341563 -0.9885559082 -0.0265789609 0.1484949291 0.1231357902 0.4264877439 0.8960724473
-315.6 -77.5 2538.9 -0.3584657013 0.3093652427 -0.8807925582 0.0921313688 0.9506120086 0.2963926196 0.9289855361 0.0250979550 -0.3692640364
-438.5 -455.2 2528.9 -0.3868843913 0.1409043670 -0.9112992883 -0.0700351298 0.9809122682 0.1814006865 0.9194648266 0.1340040565 -0.3696314096
-436.6 -102.7 2665.7 -0.7931928635 -0.0409233347 -0.6075938940 0.0324632265 0.9934792519 -0.1092935354 0.6081045866 -0.1064153090 -0.7866922021
-420.3 -497.6 2708.0 -0.7931928635 -0.0409233347 -0.6075938940 0.0324632265 0.9934792519 -0.1092935354 0.6081045866 -0.1064153090 -0.7866922021
-37.0 538.0 2663.6 0 0 0 0 0 0 0 0 0
-573.7 -219.5 2873.8 0 0 0 0 0 0 0 0 0
-490.5 -817.0 2479.5 0 0 0 0 0 0 0 0 0
-404.7 -877.4 2748.6 0 0 0 0 0 0 0 0 0
-409.5 501.7 2688.8 84 -0.6292986274 -0.0567618981 -0.7750879526 -0.1453414410 0.9883289933 0.0456254520 0.7634521127 0.1413644403 -0.6302039027
-398.1 303.1 2660.4 -0.6292986274 -0.0567618981 -0.7750879526 -0.1453414410 0.9883289933 0.0456254520 0.7634521127 0.1413644403 -0.6302039027
-386.8 106.1 2635.8 -0.6300888062 -0.0567372218 -0.7744475603 -0.1315630972 0.9907087088 0.0344586000 0.7652968168 0.1236006990 -0.6316989660
-310.0 321.5 2553.3 -0.9749059081 -0.2018250972 -0.0939421877 -0.0554254688 0.6287551522 -0.7756255269 0.2156073302 -0.7509551048 -0.6241633892
-96.4 333.6 2506.1 -0.2273294777 -0.2018250972 0.9526740909 -0.7758669257 0.6287551522 -0.0519368164 -0.5885165930 -0.7509551048 -0.2995240092
-486.2 284.7 2767.4 -0.1780101359 0.9337297082 -0.3105820417 -0.9156662226 -0.0415888503 0.3997820914 0.3603716493 0.3555547595 0.8623880148
-534.2 37.9 2864.6 -0.0655459240 0.9360430241 -0.3457270265 -0.9881659150 -0.0127373524 0.1528591365 0.1386790872 0.3516549468 0.9258006811
-310.4 -78.5 2535.9 -0.2900772393 0.3216510713 -0.9013299942 0.0754918829 0.9465813637 0.3135038614 0.9540210366 0.0228972286 -0.2988637686
-438.2 -454.7 2526.8 -0.3162812889 0.1429115981 -0.9378392100 -0.0787367150 0.9812225699 0.1760760695 0.9453923106 0.1295319498 -0.2990899682
-432.9 -102.8 2681.1 -0.7414378524 -0.0607264973 -0.6682680249 0.0300405771 0.9918941855 -0.1234646514 0.6703487635 -0.1116165295 -0.7336036563
-408.8 -497.1 2725.4 -0.7414378524 -0.0607264973 -0.6682680249 0.0300405771 0.9918941855 -0.1234646514 0.6703487635 -0.1116165295 -0.7336036563
-37.0 536.5 2660.0 0 0 0 0 0 0 0 0 0
-551.2 -218.8 2900.6 0 0 0 0 0 0 0 0 0
-490.7 -815.2 2479.3 0 0 0 0 0 0 0 0 0
-385.6 -876.2 2768.1 0 0 0 0 0 0 0 0 0
-408.0 500.4 2683.3 85 -0.6650108099 -0.0523226373 -0.7449986339 -0.1361918598 0.9893121719 0.0520881973 0.7343108058 0.1361019611 -0.6650292277
-397.5 302.1 2656.0 -0.6650108099 -0.0523226373 -0.7449986339 -0.1361918598 0.9893121719 0.0520881973 0.7343108058 0.1361019611 -0.6650292277
-387.5 105.0 2632.5 -0.6657610536 -0.0504702926 -0.7444561720 -0.1217337847 0.9916892052 0.0416341014 0.7361678481 0.1183438301 -0.6663720012
-304.2 319.2 2552.8 -0.9741904736 -0.2079453021 -0.0878164247 -0.0629158691 0.6237602234 -0.7790794373 0.2167823017 -0.7534466982 -0.6207443476
-99.5 332.4 2507.3 -0.2404313833 -0.2079453021 0.9481305480 -0.7792472839 0.6237602234 -0.0608012266 -0.5787627697 -0.7534466982 -0.3120123744
-490.8 285.1 2759.2 -0.2058300376 0.9159395099 -0.3445124626 -0.9120191336 -0.0519212447 0.4068480134 0.3547606468 0.3979434967 0.8460412621
-546.3 39.2 2854.8 -0.0840900391 0.9187946916 -0.3856749833 -0.9868065119 -0.0230454430 0.1602555811 0.1383539289 0.3940624595 0.9086104631
-318.0 -78.7 2541.4 -0.3353202939 0.3026171327 -0.8921788931 0.0726596192 0.9524929523 0.2957662940 0.9392980933 0.0343510695 -0.3413782716
-438.3 -457.3 2527.8 -0.3598492444 0.1479805857 -0.9212004542 -0.0666322187 0.9807448983 0.1835743338 0.9306281209 0.1274407208 -0.3430600464
-438.3 -103.3 2676.2 -0.7707576156 -0.0434731953 -0.6356435418 0.0412592329 0.9921696186 -0.1178862751 0.6357911229 -0.1170879155 -0.7629286051
-421.0 -497.6 2722.7 -0.7707576156 -0.0434731953 -0.6356435418 0.0412592329 0.9921696186 -0.1178862751 0.6357911229 -0.1170879155 -0.7629286051
-36.9 535.2 2657.9 0 0 0 0 0 0 0 0 0
-568.1 -217.2 2890.8 0 0 0 0 0 0 0 0 0
-492.0 -813.3 2481.5 0 0 0 0 0 0 0 0 0
-404.4 -876.8 2767.5 0 0 0 0 0 0 0 0 0
-402.6 498.6 2687.0 86 -0.6583676934 -0.0283312015 -0.7521631122 -0.1431595385 0.9857637286 0.0881773457 0.7389569283 0.1657324284 -0.6530508995
-396.9 301.1 2653.8 -0.6583676934 -0.0283312015 -0.7521631122 -0.1431595385 0.9857637286 0.0881773457 0.7389569283 0.1657324284 -0.6530508995
-388.9 104.1 2628.6 -0.6591051221 -0.0401168577 -0.7509800792 -0.1218630150 0.9910762310 0.0540116392 0.7421117425 0.1271160394 -0.6581121683
-304.3 318.2 2549.6 -0.9787773490 -0.1975136995 -0.0546191856 -0.0817896575 0.6208972335 -0.7796134353 0.1878972352 -0.7586006522 -0.6238747239
-96.6 335.6 2509.7 -0.2308027893 -0.1975136995 0.9527425766 -0.7815452218 0.6208972335 -0.0606114455 -0.5795836449 -0.7586006522 -0.2976706922
-489.5 284.0 2758.1 -0.2108678520 0.9195252061 -0.3316747546 -0.9126610756 -0.0636682436 0.4037278295 0.3501207530 0.3878398538 0.8526404500
-546.4 37.8 2852.5 -0.0919716284 0.9226180315 -0.3745893538 -0.9870255589 -0.0347471833 0.1567582637 0.1316120774 0.3841465712 0.9138433337
-316.6 -81.0 2541.6 -0.3202362657 0.3080198169 -0.8958641291 0.0817449987 0.9511224627 0.2977983356 0.9438042641 0.0221334174 -0.3297629654
-439.0 -459.0 2532.8 -0.3503560126 0.1433149278 -0.9255871177 -0.0891146660 0.9786402583 0.1852614582 0.9323675632 0.1473908573 -0.3301010430
-441.3 -104.1 2671.2 -0.7636594772 -0.0355418734 -0.6446402073 0.0433059931 0.9934148788 -0.1060729027 0.6441652179 -0.1089203581 -0.7570914626
-427.2 -499.0 2714.5 -0.7636594772 -0.0355418734 -0.6446402073 0.0433059931 0.9934148788 -0.1060729027 0.6441652179 -0.1089203581 -0.7570914626
-36.9 537.4 2659.4 0 0 0 0 0 0 0 0 0
-570.3 -218.8 2886.7 0 0 0 0 0 0 0 0 0
-491.1 -814.4 2479.3 0 0 0 0 0 0 0 0 0
-413.6 -878.7 2756.2 0 0 0 0 0 0 0 0 0
-405.4 504.8 2691.4 87 -0.6982915401 -0.0537215285 -0.7137947083 -0.1656812578 0.9822310805 0.0881582201 0.6963753104 0.1798225343 -0.6947842836
-394.6 307.6 2655.3 -0.6982915401 -0.0537215285 -0.7137947083 -0.1656812578 0.9822310805 0.0881582201 0.6963753104 0.1798225343 -0.6947842836
-383.3 111.6 2624.6 -0.6991946697 -0.0562338904 -0.7127163410 -0.1495122164 0.9863597751 0.0688511059 0.6991229653 0.1547001302 -0.6980651617
-296.5 328.5 2557.2 -0.9731423259 -0.2042481303 -0.1061920226 -0.0477611795 0.6303929687 -0.7748054862 0.2251952887 -0.7489241362 -0.6232172251
-94.1 338.4 2510.4 -0.2211169600 -0.2042481303 0.9536194205 -0.7749893665 0.6303929687 -0.0446789302 -0.5920293927 -0.7489241362 -0.2976807058
-492.7 286.6 2753.4 -0.2214401662 0.8966452479 -0.3833947480 -0.9246792197 -0.0681931973 0.3745904565 0.3097298443 0.4374665320 0.8442099690
-552.4 37.3 2836.9 -0.0895651504 0.8996727467 -0.4272786081 -0.9913086891 -0.0390196964 0.1256364286 0.0963593870 0.4348176718 0.8953482509
-320.6 -81.8 2535.3 -0.3585509062 0.2961168885 -0.8852999806 0.1005572006 0.9550893307 0.2787339985 0.9280784130 0.0109170489 -0.3722248375
-438.3 -461.4 2531.0 -0.3909797668 0.1484483778 -0.9083489776 -0.0737443194 0.9786822200 0.1916843951 0.9174402356 0.1419302970 -0.3716977239
-435.9 -98.1 2657.9 -0.7994658351 -0.0390702337 -0.5994396210 0.0173769835 0.9959609509 -0.0880901590 0.6004601717 -0.0808415264 -0.7955577970
-420.4 -493.9 2690.1 -0.7994658351 -0.0390702337 -0.5994396210 0.0173769835 0.9959609509 -0.0880901590 0.6004601717 -0.0808415264 -0.7955577970
-37.0 538.7 2663.4 0 0 0 0 0 0 0 0 0
-575.7 -220.2 2861.9 0 0 0 0 0 0 0 0 0
-491.9 -814.8 2479.7 0 0 0 0 0 0 0 0 0
-405.5 -874.5 2721.0 0 0 0 0 0 0 0 0 0
-405.5 501.8 2683.6 88 -0.7033913732 -0.0605212636 -0.7082215548 -0.1544913948 0.9855666161 0.0692158788 0.6938104630 0.1580999792 -0.7025890946
-393.4 303.3 2651.8 -0.7033913732 -0.0605212636 -0.7082215548 -0.1544913948 0.9855666161 0.0692158788 0.6938104630 0.1580999792 -0.7025890946
-381.8 106.9 2623.9 -0.7042598724 -0.0577390715 -0.7075904012 -0.1399943084 0.9884119034 0.0586813875 0.6960026026 0.1403855681 -0.7041820288
-294.4 323.0 2554.0 -0.9737281203 -0.2074453831 -0.0939147547 -0.0574083328 0.6227369308 -0.7803223729 0.2203584611 -0.7544303536 -0.6182855368
-92.8 334.9 2508.3 -0.2157293260 -0.2074453831 0.9541631341 -0.7813423276 0.6227369308 -0.0412660725 -0.5856321454 -0.7544303536 -0.2964284718
-492.3 283.7 2749.5 -0.2240192890 0.8933216929 -0.3896045387 -0.9200859666 -0.0620485172 0.3867709637 0.3213365078 0.4451138377 0.8358328342
-552.8 35.5 2836.2 -0.0904952586 0.8963715434 -0.4339685142 -0.9898341298 -0.0329464227 0.1383580863 0.1097225398 0.4420776069 0.8902406096
-308.0 -70.8 2530.1 -0.3603152633 0.3247738481 -0.8744683266 0.1290217042 0.9457761645 0.2980952859 0.9238649011 -0.0054171090 -0.3826804459
-437.0 -446.5 2532.2 -0.3976801038 0.1460172236 -0.9058308601 -0.0688674673 0.9797204733 0.1881623864 0.9149359465 0.1372107118 -0.3795594871
-434.8 -102.4 2659.8 -0.8038811088 -0.0383924469 -0.5935496688 0.0258456357 0.9947172999 -0.0993454307 0.5942282677 -0.0952025801 -0.7986421585
-419.5 -497.7 2697.6 -0.8038811088 -0.0383924469 -0.5935496688 0.0258456357 0.9947172999 -0.0993454307 0.5942282677 -0.0952025801 -0.7986421585
-37.0 537.0 2659.9 0 0 0 0 0 0 0 0 0
-576.3 -221.8 2864.7 0 0 0 0 0 0 0 0 0
-492.0 -815.5 2480.5 0 0 0 0 0 0 0 0 0
-404.9 -877.9 2734.0 0 0 0 0 0 0 0 0 0
-407.9 502.8 2690.7 89 -0.6459388733 -0.0549639128 -0.7614078522 -0.1541081369 0.9862582684 0.0595421083 0.7476721406 0.1557997167 -0.6455329657
-396.9 304.8 2659.4 -0.6459388733 -0.0549639128 -0.7614078522 -0.1541081369 0.9862582684 0.0595421083 0.7476721406 0.1557997167 -0.6455329657
-386.0 108.2 2632.7 -0.6468655467 -0.0541752465 -0.7606773376 -0.1373326927 0.9894414544 0.0463173464 0.7501364350 0.1344269514 -0.6474756598
-306.2 324.1 2554.2 -0.9777119756 -0.1919507235 -0.0850543827 -0.0554443114 0.6267943978 -0.7772095799 0.2024975568 -0.7551712990 -0.6234669685
-92.1 336.2 2509.9 -0.2121771276 -0.1919507235 0.9581940174 -0.7777860165 0.6267943978 -0.0466656648 -0.5916331410 -0.7551712990 -0.2822880149
-487.6 285.6 2764.6 -0.1907521188 0.9257444143 -0.3265131712 -0.9185302258 -0.0509886555 0.3920488954 0.3462886214 0.3746963739 0.8600504398
-539.0 38.0 2857.9 -0.0737504289 0.9283090234 -0.3644217849 -0.9892951250 -0.0219614748 0.1442666352 0.1259207875 0.3711604178 0.9199912548
-305.7 -76.7 2532.3 -0.3026262522 0.3291113973 -0.8944847584 0.0944113433 0.9442268014 0.3154715002 0.9484217763 0.0110204555 -0.3168196678
-436.5 -452.0 2527.9 -0.3318887651 0.1452898681 -0.9320626259 -0.0721388683 0.9812651873 0.1786467582 0.9405561090 0.1265287995 -0.3151898384
-434.3 -101.0 2674.6 -0.7553463578 -0.0533474348 -0.6531507373 0.0263281967 0.9934059381 -0.1115861312 0.6547966599 -0.1014824584 -0.7489610314
-413.1 -495.9 2715.0 -0.7553463578 -0.0533474348 -0.6531507373 0.0263281967 0.9934059381 -0.1115861312 0.6547966599 -0.1014824584 -0.7489610314
-37.0 538.0 2663.4 0 0 0 0 0 0 0 0 0
-558.2 -219.1 2890.7 0 0 0 0 0 0 0 0 0
-490.6 -817.2 2480.8 0 0 0 0 0 0 0 0 0
-392.7 -875.6 2753.8 0 0 0 0 0 0 0 0 0
-407.4 502.5 2684.7 90 -0.6870563626 -0.0556809641 -0.7244675159 -0.1433403045 0.9878521562 0.0600141548 0.7123251557 0.1450784951 -0.6866914034
-396.2 304.4 2655.6 -0.6870563626 -0.0556809641 -0.7244675159 -0.1433403045 0.9878521562 0.0600141548 0.7123251557 0.1450784951 -0.6866914034
-386.2 107.5 2630.6 -0.6879870296 -0.0502203777 -0.7239832282 -0.1259522736 0.9907262325 0.0509664938 0.7147096395 0.1262516230 -0.6879321337
-299.7 322.1 2555.4 -0.9743983746 -0.2118898630 -0.0751699880 -0.0783823580 0.6335235238 -0.7697429061 0.2107226700 -0.7441442609 -0.6339126825
-93.5 338.7 2510.8 -0.2175955176 -0.2118898630 0.9527617097 -0.7729027867 0.6335235238 -0.0356258899 -0.5960481763 -0.7441442609 -0.3016221523
-492.7 286.8 2755.9 -0.2200154364 0.9033873081 -0.3680822551 -0.9143213034 -0.0594544671 0.4006017447 0.3400143981 0.4246839881 0.8390671611
-552.0 40.2 2847.6 -0.0920637101 0.9064763784 -0.4120981693 -0.9876715541 -0.0305090547 0.1535385847 0.1266063750 0.4211529493 0.8981096745
-316.1 -76.0 2537.5 -0.3538132310 0.3106432855 -0.8822227120 0.0989713073 0.9503737688 0.2949480414 0.9300649762 0.0170417894 -0.3669995964
-439.5 -453.7 2530.7 -0.3844895363 0.1412638724 -0.9122567177 -0.0738328546 0.9803502560 0.1829266101 0.9201719761 0.1376878768 -0.3665044904
-439.2 -101.0 2670.8 -0.7893131375 -0.0361543037 -0.6129255295 0.0385900699 0.9933699369 -0.1082908884 0.6127769947 -0.1091282591 -0.7826847434
-424.8 -495.8 2714.2 -0.7893131375 -0.0361543037 -0.6129255295 0.0385900699 0.9933699369 -0.1082908884 0.6127769947 -0.1091282591 -0.7826847434
-37.0 539.2 2665.5 0 0 0 0 0 0 0 0 0
-576.0 -216.5 2880.5 0 0 0 0 0 0 0 0 0
-491.6 -815.2 2480.0 0 0 0 0 0 0 0 0 0
-411.0 -875.5 2755.9 0 0 0 0 0 0 0 0 0
-409.5 507.8 2690.8 91 -0.7122952342 -0.0601180941 -0.6993005872 -0.1582426131 0.9844282269 0.0765529424 0.6838089824 0.1651874483 -0.7107167840
-397.4 309.9 2657.6 -0.7122952342 -0.0601180941 -0.6993005872 -0.1582426131 0.9844282269 0.0765529424 0.6838089824 0.1651874483 -0.7107167840
-386.6 113.5 2629.1 -0.7134143710 -0.0544444807 -0.6986241341 -0.1389729828 0.9881668091 0.0649062768 0.6868234277 0.1433949471 -0.7125387192
-297.3 329.4 2561.2 -0.9721403122 -0.2041269243 -0.1152191982 -0.0398307890 0.6282590032 -0.7769839764 0.2309908569 -0.7507481575 -0.6188864112
-91.7 337.8 2512.3 -0.2102316618 -0.2041269243 0.9561039805 -0.7771359682 0.6282590032 -0.0367470458 -0.5931798816 -0.7507481575 -0.2907143235
-497.6 290.4 2754.0 -0.2324358225 0.8874717355 -0.3979541063 -0.9203183651 -0.0683294833 0.3851561248 0.3146231771 0.4557685554 0.8326387405
-560.3 42.2 2838.8 -0.0967369452 0.8907008767 -0.4441777468 -0.9898110628 -0.0392455459 0.1368714571 0.1044795364 0.4528925717 0.8854221106
-313.3 -77.9 2540.1 -0.3804791570 0.3173419833 -0.8686366677 0.1016821936 0.9479410052 0.3017757833 0.9191824198 0.0264945161 -0.3929398060
-439.5 -454.7 2529.6 -0.4101376235 0.1405494809 -0.9011287093 -0.0650763661 0.9810256958 0.1826297641 0.9096989632 0.1335455179 -0.3932090998
-441.0 -95.6 2663.4 -0.8109361529 -0.0321698859 -0.5842496753 0.0275375638 0.9952829480 -0.0930241719 0.5844863057 -0.0915254802 -0.8062250614
-428.2 -491.2 2699.8 -0.8109361529 -0.0321698859 -0.5842496753 0.0275375638 0.9952829480 -0.0930241719 0.5844863057 -0.0915254802 -0.8062250614
-37.0 539.9 2666.5 0 0 0 0 0 0 0 0 0
-585.4 -215.0 2866.0 0 0 0 0 0 0 0 0 0
-491.1 -814.9 2480.6 0 0 0 0 0 0 0 0 0
-415.9 -871.6 2734.8 0 0 0 0 0 0 0 0 0
-408.3 509.5 2693.8 92 -0.6906282902 -0.0580999255 -0.7208724022 -0.1676193327 0.9824853539 0.0814018101 0.7035171390 0.1770505309 -0.6882708073
-396.7 312.5 2658.3 -0.6906282902 -0.0580999255 -0.7208724022 -0.1676193327 0.9824853539 0.0814018101 0.7035171390 0.1770505309 -0.6882708073
-385.4 116.4 2627.9 -0.6917112470 -0.0568099953 -0.7199362516 -0.1490611136 0.9866655469 0.0653596520 0.7066231966 0.1525245160 -0.6909558177
-299.5 333.4 2559.0 -0.9740561843 -0.1792940646 -0.1380877048 -0.0015067533 0.6153048873 -0.7882877588 0.2263013572 -0.7676284909 -0.5996116996
-92.0 333.8 2510.8 -0.2121894658 -0.1792940646 0.9606400132 -0.7860935926 0.6153048873 -0.0587944165 -0.5805450082 -0.7676284909 -0.2715031207
-493.9 291.6 2757.5 -0.2171001285 0.9010303617 -0.3755153716 -0.9240929484 -0.0657594725 0.3764677048 0.3145151436 0.4287423193 0.8469122052
-552.5 42.3 2842.4 -0.0872640014 0.9039809108 -0.4185731113 -0.9911713004 -0.0366850235 0.1274114698 0.0998221710 0.4259960949 0.8992012143
-310.4 -70.2 2537.7 -0.3487717211 0.3203288317 -0.8807654381 0.1067765206 0.9472382665 0.3022224605 0.9311053157 0.0113615878 -0.3645735085
-437.7 -446.7 2533.2 -0.3816720247 0.1405687928 -0.9135463238 -0.0773021579 0.9800507426 0.1830981225 0.9210596085 0.1405025274 -0.3631916940
-437.5 -93.4 2662.4 -0.7933659554 -0.0413027331 -0.6073422432 0.0178087316 0.9956938028 -0.0909762457 0.6084844470 -0.0829934478 -0.7892140150
-421.0 -489.2 2695.3 -0.7933659554 -0.0413027331 -0.6073422432 0.0178087316 0.9956938028 -0.0909762457 0.6084844470 -0.0829934478 -0.7892140150
-37.0 537.8 2661.5 0 0 0 0 0 0 0 0 0
-575.1 -215.4 2868.3 0 0 0 0 0 0 0 0 0
-490.7 -816.3 2480.2 0 0 0 0 0 0 0 0 0
-405.3 -869.8 2727.1 0 0 0 0 0 0 0 0 0
-407.6 508.5 2685.8 93 -0.6914090514 -0.0583993681 -0.7200993299 -0.1423723102 0.9881959558 0.0565581582 0.7082962990 0.1416270286 -0.6915621161
-395.9 310.4 2657.4 -0.6914090514 -0.0583993681 -0.7200993299 -0.1423723102 0.9881959558 0.0565581582 0.7082962990 0.1416270286 -0.6915621161
-384.8 113.6 2632.1 -0.6920964718 -0.0561557040 -0.7196173072 -0.1305006593 0.9902742505 0.0482332744 0.7099099159 0.1272926182 -0.6926936507
-298.6 328.7 2557.6 -0.9756286144 -0.1865419298 -0.1155461818 -0.0256907921 0.6200640798 -0.7841304541 0.2179192454 -0.7620515823 -0.6097446680
-91.6 334.2 2511.3 -0.2091628015 -0.1865419298 0.9599234462 -0.7829496264 0.6200640798 -0.0501039922 -0.5858675241 -0.7620515823 -0.2757472694
-493.2 292.0 2757.2 -0.2181260884 0.9007934332 -0.3754892349 -0.9154546261 -0.0555349402 0.3985707760 0.3381771743 0.4306820333 0.8367491961
-552.1 45.1 2848.4 -0.0881640390 0.9037753344 -0.4188284278 -0.9882037640 -0.0265002884 0.1508343965 0.1252213269 0.4271859825 0.8954505920
-310.7 -66.1 2532.9 -0.3557640910 0.3129538298 -0.8806201220 0.1106755137 0.9497446418 0.2928071320 0.9279993773 0.0067071761 -0.3725213706
-435.2 -443.7 2530.2 -0.3879634440 0.1458895653 -0.9100552797 -0.0650719479 0.9805934429 0.1849381030 0.9193747640 0.1309682876 -0.3709411025
-437.0 -95.2 2671.8 -0.7935967445 -0.0405358560 -0.6070922613 0.0340066627 0.9932636023 -0.1107745394 0.6074929833 -0.1085554957 -0.7868722677
-420.9 -489.9 2715.0 -0.7935967445 -0.0405358560 -0.6070922613 0.0340066627 0.9932636023 -0.1107745394 0.6074929833 -0.1085554957 -0.7868722677
-37.0 538.4 2664.2 0 0 0 0 0 0 0 0 0
-575.0 -211.7 2880.9 0 0 0 0 0 0 0 0 0
-490.4 -815.0 2480.6 0 0 0 0 0 0 0 0 0
-405.4 -869.5 2756.5 0 0 0 0 0 0 0 0 0
-406.3 501.7 2681.3 94 -0.7131955028 -0.0580949634 -0.6985536218 -0.1393802017 0.9884133935 0.0601006038 0.6869682074 0.1402280331 -0.7130292654
-394.7 303.8 2653.2 -0.7131955028 -0.0580949634 -0.6985536218 -0.1393802017 0.9884133935 0.0601006038 0.6869682074 0.1402280331 -0.7130292654
-384.2 106.9 2627.7 -0.7138755322 -0.0527938604 -0.6982796788 -0.1272453070 0.9903333783 0.0552125275 0.6886147857 0.1282676905 -0.7136925459
-294.3 321.7 2556.4 -0.9734929204 -0.2068499178 -0.0975943431 -0.0516831912 0.6146143675 -0.7871327996 0.2228012383 -0.7612242103 -0.6090133786
-92.4 332.4 2510.2 -0.2136784941 -0.2068499178 0.9547536969 -0.7876482010 0.6146143675 -0.0431216545 -0.5778856277 -0.7612242103 -0.2942548394
-495.1 285.9 2750.0 -0.2346549779 0.8871341348 -0.3974041939 -0.9147173166 -0.0631557629 0.3991284966 0.3289821446 0.4571699798 0.8262967467
-558.4 39.1 2838.8 -0.0989412889 0.8904246688 -0.4442459941 -0.9878580570 -0.0341528803 0.1515587866 0.1197794005 0.4538474083 0.8829923272
-310.1 -71.3 2541.7 -0.3859152794 0.3159161806 -0.8667562008 0.1006377265 0.9483476877 0.3008466959 0.9170286059 0.0288729575 -0.3977749348
-435.7 -448.2 2530.3 -0.4154503047 0.1477756947 -0.8975318074 -0.0594320782 0.9801969528 0.1888962090 0.9076722264 0.1318191737 -0.3984405100
-439.1 -101.6 2665.3 -0.8110889792 -0.0301303603 -0.5841462612 0.0382152908 0.9938089848 -0.1043228880 0.5836730599 -0.1069384664 -0.8049160838
-427.2 -496.6 2707.8 -0.8110889792 -0.0301303603 -0.5841462612 0.0382152908 0.9938089848 -0.1043228880 0.5836730599 -0.1069384664 -0.8049160838
-37.0 536.9 2660.3 0 0 0 0 0 0 0 0 0
-584.1 -217.7 2869.9 0 0 0 0 0 0 0 0 0
-491.0 -815.2 2480.9 0 0 0 0 0 0 0 0 0
-415.7 -876.5 2748.7 0 0 0 0 0 0 0 0 0
-410.7 503.9 2689.5 95 -0.6782399416 -0.0665600374 -0.7318198681 -0.1642388701 0.9844272137 0.0626791492 0.7162514925 0.1627047807 -0.6786096096
-397.4 306.5 2656.9 -0.6782399416 -0.0665600374 -0.7318198681 -0.1642388701 0.9844272137 0.0626791492 0.7162514925 0.1627047807 -0.6786096096
-385.7 110.2 2627.9 -0.6793642044 -0.0590594634 -0.7314206958 -0.1465893537 0.9875875711 0.0564123727 0.7190102935 0.1455430388 -0.6795891523
-301.9 327.1 2555.9 -0.9749997258 -0.1872524023 -0.1196329519 -0.0210685097 0.6138650775 -0.7891297340 0.2212049365 -0.7668808103 -0.6024634242
-92.7 331.6 2508.4 -0.2154161930 -0.1872524023 0.9584009647 -0.7873480320 0.6138650775 -0.0570322908 -0.5776494741 -0.7668808103 -0.2796692848
-492.8 285.9 2757.9 -0.2078583688 0.9081313014 -0.3634451926 -0.9224933386 -0.0584391393 0.3815638125 0.3252706230 0.4145869911 0.8498921394
-548.9 37.0 2845.7 -0.0812648833 0.9109024405 -0.4045401812 -0.9907135367 -0.0294331778 0.1327419877 0.1090080962 0.4115706682 0.9048352242
-308.3 -78.3 2539.1 -0.3419557512 0.3256596923 -0.8814828396 0.0882913545 0.9450157881 0.3148805797 0.9355591536 0.0298479069 -0.3519065082
-437.7 -453.9 2527.2 -0.3689675927 0.1439453810 -0.9182279706 -0.0658060014 0.9814093113 0.1802924871 0.9271097183 0.1269470006 -0.3526357710
-436.3 -99.5 2664.8 -0.7834188938 -0.0470466912 -0.6197107434 0.0192289967 0.9948184490 -0.0998325050 0.6211964488 -0.0901270881 -0.7784548998
-417.6 -494.9 2700.7 -0.7834188938 -0.0470466912 -0.6197107434 0.0192289967 0.9948184490 -0.0998325050 0.6211964488 -0.0901270881 -0.7784548998
-36.9 535.5 2658.0 0 0 0 0 0 0 0 0 0
-570.0 -220.5 2874.0 0 0 0 0 0 0 0 0 0
-490.7 -815.5 2480.4 0 0 0 0 0 0 0 0 0
-399.6 -875.1 2735.1 0 0 0 0 0 0 0 0 0
-409.6 505.8 2693.7 96 -0.6605105996 -0.0607444197 -0.7483553886 -0.1720442921 0.9824468493 0.0721033290 0.7308395505 0.1763752997 -0.6593673229
-397.5 308.9 2658.3 -0.6605105996 -0.0607444197 -0.7483553886 -0.1720442921 0.9824468493 0.0721033290 0.7308395505 0.1763752997 -0.6593673229
-386.6 112.7 2628.3 -0.6618711352 -0.0546843186 -0.7476204038 -0.1488305181 0.9870673418 0.0595616773 0.7346945405 0.1506908834 -0.6614500284
