-230.0 487.7 2353.6 9 0.4628994763 0.1344582289 -0.8761535883 -0.1106995270 0.9894591570 0.0933605433 0.8794712424 0.0537732430 0.4729045630
-256.4 293.4 2343.0 0.4628994763 0.1344582289 -0.8761535883 -0.1106995270 0.9894591570 0.0933605433 0.8794712424 0.0537732430 0.4729045630
-282.2 99.5 2333.1 0.4633984268 0.1320592612 -0.8762546778 -0.1069938168 0.9899372458 0.0926096216 0.8796671033 0.0508386791 0.4728648961
-322.4 308.7 2217.7 0.1624348015 0.1409844458 -0.9765952826 0.9570285082 0.2184567153 0.1907174289 0.2402319759 -0.9656086564 -0.0994411483
-369.2 33.2 2148.5 -0.2849919200 0.1305528283 -0.9495975971 0.9356247187 0.2531682551 -0.2459922731 0.2082929909 -0.9585728049 -0.1942993551
-190.3 278.2 2468.4 0.3953922689 -0.8524309397 -0.3420912325 0.5241885185 0.5152481794 -0.6780455112 0.7542488575 0.0887736678 0.6505596638
-93.1 407.1 2653.9 0.5138850808 -0.8524309397 -0.0963512212 0.7943761945 0.5152481794 -0.3216921091 0.3238650858 0.0887736678 0.9419292212
-351.9 -83.6 2244.7 0.3004076183 -0.0012258355 -0.9538101554 0.0038616695 0.9999925494 -0.0000689357 0.9538031220 -0.0036625906 0.3004101217
-351.4 -475.3 2246.2 0.2865966856 0.1536615938 -0.9456481934 -0.0943438634 0.9867828488 0.1317529976 0.9533947706 0.0514561273 0.2973057330
-267.9 -102.9 2403.7 -0.9949150681 -0.0131615773 -0.0998536572 0.0099395467 0.9737544060 -0.2273842394 0.1002256721 -0.2272205055 -0.9686720967
-262.8 -484.3 2492.7 -0.9949150681 0.0391503498 -0.0927967206 0.0099395467 0.9550266266 0.2963533998 0.1002256721 0.2939240932 -0.9505595565
-293.0 -216.7 2092.9 0 0 0 0 0 0 0 0 0
38.5 610.5 2736.8 0 0 0 0 0 0 0 0 0
-409.3 -846.9 2226.8 0 0 0 0 0 0 0 0 0
-274.8 -778.1 2402.2 0 0 0 0 0 0 0 0 0
-229.9 487.0 2352.4 0 0.4612213671 0.1330760717 -0.8772488832 -0.1098327488 0.9896476865 0.0923810974 0.8804610372 0.0537425205 0.4710627496
-256.0 293.0 2341.9 0.4612213671 0.1330760717 -0.8772488832 -0.1098327488 0.9896476865 0.0923810974 0.8804610372 0.0537425205 0.4710627496
-281.6 99.1 2332.0 0.4617581964 0.1308488846 -0.8773015141 -0.1058058664 0.9901230335 0.0919863656 0.8806727529 0.0503481887 0.4710420072
-321.8 308.1 2216.4 0.1647597551 0.1415468752 -0.9761243463 0.9583059549 0.2112731338 0.1923887134 0.2334608734 -0.9671236277 -0.1008358970
-369.2 32.4 2149.2 -0.2836169302 0.1292097420 -0.9501927495 0.9360183477 0.2526451051 -0.2450307459 0.2084012032 -0.9588927627 -0.1925971210
-190.2 277.9 2467.4 0.3842015862 -0.8684459925 -0.3133538663 0.5117670894 0.4828142822 -0.7106227875 0.7684292793 0.1126582026 0.6299401522
-96.8 402.4 2654.3 0.4925966561 -0.8684459925 -0.0561252274 0.8145673871 0.4828142822 -0.3215125203 0.3063143194 0.1126582026 0.9452405572
-350.0 -84.7 2243.6 0.2984881103 0.0041427580 -0.9544043541 -0.0032366081 0.9999892116 0.0033283841 0.9544078708 0.0020955498 0.2984983027
-351.6 -476.4 2242.8 0.2877131999 0.1533987671 -0.9453517795 -0.0781297162 0.9875585437 0.1364691257 0.9545243979 0.0345961004 0.2961186171
-266.2 -104.0 2402.6 -0.9965006113 -0.0077507626 -0.0832252428 0.0127202272 0.9700317383 -0.2426451147 0.0826118141 -0.2428546548 -0.9665386081
-263.2 -483.9 2497.7 -0.9965006113 0.0377764963 -0.0745617300 0.0127202272 0.9501909614 0.3114086688 0.0826118141 0.3093704879 -0.9473463893
-293.6 -217.2 2093.6 0 0 0 0 0 0 0 0 0
29.3 610.9 2732.7 0 0 0 0 0 0 0 0 0
-409.4 -848.3 2229.7 0 0 0 0 0 0 0 0 0
-274.9 -779.0 2401.7 0 0 0 0 0 0 0 0 0
-229.8 486.6 2359.4 1 0.4637890160 0.1352314204 -0.8755639195 -0.1285482198 0.9880950451 0.0845195130 0.8765701056 0.0733529702 0.4756513834
-256.3 292.7 2345.0 0.4637890160 0.1352314204 -0.8755639195 -0.1285482198 0.9880950451 0.0845195130 0.8765701056 0.0733529702 0.4756513834
-282.5 99.1 2331.5 0.4644707739 0.1335933357 -0.8754540086 -0.1235349849 0.9886648655 0.0853278935 0.8769298792 0.0685168877 0.4757094085
-322.5 310.3 2220.0 0.1582959741 0.1382097453 -0.9776709080 0.9561689496 0.2255724370 0.1867029071 0.2463397682 -0.9643729329 -0.0964446589
-368.7 31.6 2148.2 -0.2797537446 0.1330748349 -0.9508043528 0.9392792583 0.2429302186 -0.2423621416 0.1987268180 -0.9608725309 -0.1929550618
-190.1 275.1 2469.9 0.3666278422 -0.8642342687 -0.3445042372 0.5179700255 0.4972004294 -0.6960594654 0.7728461027 0.0767519251 0.6299349666
-101.0 401.0 2657.7 0.4977105260 -0.8642342687 -0.0733713731 0.8227355480 0.4972004294 -0.2754957974 0.2745731771 0.0767519251 0.9584981799
-349.0 -85.3 2242.6 0.3018521070 0.0058118855 -0.9533370733 -0.0008305095 0.9999826550 0.0058332919 0.9533544183 -0.0009690361 0.3018517196
-351.3 -477.0 2242.9 0.2898492217 0.1530427337 -0.9447567463 -0.0853980556 0.9873301983 0.1337393522 0.9532547593 0.0419161431 0.2992464304
-265.5 -104.4 2401.8 -0.9965761304 -0.0073285834 -0.0823548809 0.0129041215 0.9700712562 -0.2424772829 0.0816671178 -0.2427097857 -0.9666553140
-262.7 -484.3 2496.8 -0.9965761304 0.0378009193 -0.0735331550 0.0129041215 0.9495795369 0.3132605851 0.0816671178 0.3112391531 -0.9468160868
-294.3 -218.1 2095.4 0 0 0 0 0 0 0 0 0
26.3 611.5 2728.0 0 0 0 0 0 0 0 0 0
-408.9 -848.8 2227.2 0 0 0 0 0 0 0 0 0
-274.3 -776.8 2401.0 0 0 0 0 0 0 0 0 0
-230.4 487.9 2370.8 2 0.4489102960 0.1377129704 -0.8829013109 -0.1621895730 0.9841985106 0.0710479617 0.8787343502 0.1113032252 0.4641524553
-257.4 294.7 2349.0 0.4489102960 0.1377129704 -0.8829013109 -0.1621895730 0.9841985106 0.0710479617 0.8787343502 0.1113032252 0.4641524553
-284.4 102.0 2328.4 0.4496763945 0.1380327344 -0.8824613690 -0.1567188203 0.9848528504 0.0741892830 0.8793351650 0.1049371287 0.4644974172
-321.4 317.0 2223.8 0.1571454406 0.1511158049 -0.9759453535 0.9531655312 0.2353812456 0.1899240017 0.2584197521 -0.9600831866 -0.1070492938
-368.4 32.3 2146.5 -0.2790533602 0.1480663866 -0.9487916231 0.9396685958 0.2456944138 -0.2380275875 0.1978689283 -0.9579721093 -0.2076951861
-193.3 272.4 2474.2 0.3631776571 -0.8675811887 -0.3397128880 0.5430056453 0.4933758676 -0.6795036197 0.7571306825 0.0623145141 0.6502845883
-106.4 402.3 2655.4 0.4883876741 -0.8675811887 -0.0937034041 0.8217137456 0.4933758676 -0.2852485776 0.2937072814 0.0623145141 0.9538621306
-350.7 -83.4 2238.9 0.2868837416 0.0036539054 -0.9579584599 0.0087768510 0.9999407530 0.0064424761 0.9579252005 -0.0102560995 0.2868346572
-352.1 -475.0 2242.9 0.2749871612 0.1481618136 -0.9499632120 -0.0778895989 0.9882401824 0.1315848976 0.9582876563 0.0378080979 0.2832936347
-266.7 -105.7 2397.4 -0.9939685464 -0.0164378379 -0.1084267721 0.0125070624 0.9652602077 -0.2609910667 0.1089501753 -0.2607730031 -0.9592326880
-260.2 -483.7 2499.5 -0.9939685464 0.0465859659 -0.0992789790 0.0125070624 0.9475356340 0.3194053471 0.1089501753 0.3162371814 -0.9424032569
-294.1 -217.8 2093.9 0 0 0 0 0 0 0 0 0
18.6 612.7 2730.6 0 0 0 0 0 0 0 0 0
-407.9 -847.2 2228.6 0 0 0 0 0 0 0 0 0
-274.6 -775.9 2402.0 0 0 0 0 0 0 0 0 0
-230.7 487.4 2376.5 3 0.4440161586 0.1409862787 -0.8848573565 -0.1775845438 0.9818001390 0.0673215315 0.8782444596 0.1272451282 0.4609721303
-258.3 295.1 2351.6 0.4440161586 0.1409862787 -0.8848573565 -0.1775845438 0.9818001390 0.0673215315 0.8782444596 0.1272451282 0.4609721303
-285.9 102.8 2327.9 0.4447574914 0.1409888864 -0.8844845295 -0.1724201143 0.9825388789 0.0699186027 0.8788982034 0.1214061081 0.4613008797
-321.7 319.7 2226.4 0.1523901373 0.1565929502 -0.9758359790 0.9498662353 0.2495355457 0.1883777231 0.2730043828 -0.9556205869 -0.1107155979
-367.2 36.0 2144.9 -0.2717951536 0.1589691639 -0.9491344690 0.9428955913 0.2413222790 -0.2295898497 0.1925495863 -0.9573360682 -0.2154815495
-194.9 270.5 2476.8 0.3525076807 -0.8460816145 -0.3998552561 0.5599781275 0.5330532789 -0.6342544556 0.7497752309 -0.0003306069 0.6616925597
-109.1 406.9 2659.4 0.5106101632 -0.8460816145 -0.1530462056 0.8106368780 0.5330532789 -0.2423263490 0.2866096497 -0.0003306069 0.9580473900
-352.0 -76.6 2228.5 0.2821916640 -0.0059142164 -0.9593397975 0.0357419960 0.9993515611 0.0043526934 0.9586920142 -0.0355170146 0.2822200656
-349.7 -467.9 2242.4 0.2670655847 0.1523660421 -0.9515569210 -0.0732482597 0.9877747297 0.1376073509 0.9608905911 0.0329497010 0.2749611735
-270.7 -105.0 2387.3 -0.9949640036 -0.0227095336 -0.0976266712 0.0083530862 0.9518212676 -0.3065395355 0.0998845175 -0.3058112860 -0.9468382001
-261.8 -477.3 2507.0 -0.9949640036 0.0415237434 -0.0912275687 0.0083530862 0.9413374662 0.3373633325 0.0998845175 0.3349023461 -0.9369437099
-294.1 -217.6 2093.1 0 0 0 0 0 0 0 0 0
21.6 614.4 2732.8 0 0 0 0 0 0 0 0 0
-407.0 -840.0 2230.0 0 0 0 0 0 0 0 0 0
-275.0 -775.3 2400.9 0 0 0 0 0 0 0 0 0
-230.7 488.6 2378.9 4 0.4311318398 0.1388626695 -0.8915393949 -0.1794105917 0.9815496206 0.0661226809 0.8842720985 0.1314440221 0.4480907023
-258.0 296.0 2353.1 0.4311318398 0.1388626695 -0.8915393949 -0.1794105917 0.9815496206 0.0661226809 0.8842720985 0.1314440221 0.4480907023
-285.2 103.6 2329.0 0.4321870208 0.1389572918 -0.8910136223 -0.1719504297 0.9826267958 0.0698400214 0.8852386475 0.1230262220 0.4485723078
-319.5 320.5 2227.0 0.1505555809 0.1691295803 -0.9740267992 0.9515149593 0.2425411344 0.1891906559 0.2682392895 -0.9552847743 -0.1244134083
-364.1 38.7 2147.6 -0.2598876953 0.1640654802 -0.9515991211 0.9417163134 0.2610556781 -0.2121799737 0.2136089355 -0.9512794018 -0.2223482877
-196.4 271.5 2479.2 0.3561969399 -0.8366463184 -0.4161089957 0.5662518740 0.5475049615 -0.6161145568 0.7432916760 -0.0161643848 0.6687721014
-109.4 409.7 2660.6 0.5235792994 -0.8366463184 -0.1608965546 0.8080571890 0.5475049615 -0.2174440920 0.2700154483 -0.0161643848 0.9627202749
-353.7 -74.0 2224.7 0.2682889700 -0.0121890390 -0.9632613659 0.0527247004 0.9986069798 0.0020486612 0.9618945718 -0.0513373017 0.2685579062
-348.9 -465.0 2244.8 0.2503672540 0.1501619667 -0.9564348459 -0.0808531716 0.9876904488 0.1339041144 0.9647688866 0.0438055880 0.2594264150
-273.3 -105.2 2383.5 -0.9909748435 -0.0351770259 -0.1293499321 0.0050280401 0.9545199275 -0.2981047928 0.1339535266 -0.2960647345 -0.9457283616
-259.5 -478.8 2499.4 -0.9909748435 0.0476344712 -0.1252987832 0.0050280401 0.9472827315 0.3203594685 0.1339535266 0.3168381751 -0.9389728308
-293.5 -217.1 2089.5 0 0 0 0 0 0 0 0 0
24.6 616.6 2729.8 0 0 0 0 0 0 0 0 0
-405.4 -837.0 2228.3 0 0 0 0 0 0 0 0 0
-274.3 -774.2 2400.6 0 0 0 0 0 0 0 0 0
-231.2 489.9 2380.6 5 0.4162480533 0.1378909051 -0.8987345099 -0.1805853844 0.9812802672 0.0669177696 0.8911377788 0.1344439238 0.4333570600
-258.2 297.2 2354.2 0.4162480533 0.1378909051 -0.8987345099 -0.1805853844 0.9812802672 0.0669177696 0.8911377788 0.1344439238 0.4333570600
-285.4 104.8 2329.8 0.4174268246 0.1387288272 -0.8980585337 -0.1722170860 0.9824449420 0.0717162564 0.8922421932 0.1247247383 0.4339903593
-317.7 321.8 2227.1 0.1531102508 0.1850813180 -0.9707224965 0.9503517747 0.2417075783 0.1959820241 0.2709035873 -0.9525346756 -0.1388844550
-362.8 42.1 2147.3 -0.2529488206 0.1797928214 -0.9506268501 0.9438604116 0.2616481483 -0.2016626298 0.2124722600 -0.9482693672 -0.2358829081
-198.8 272.7 2481.3 0.3626940548 -0.8353266120 -0.4131373763 0.5632375479 0.5496814251 -0.6169390678 0.7424395680 -0.0089343330 0.6698534489
-109.6 411.1 2663.8 0.5295099020 -0.8353266120 -0.1478130966 0.8088299036 0.5496814251 -0.2089126557 0.2557604015 -0.0089343330 0.9666988850
-351.4 -73.3 2225.0 0.2526567876 -0.0112958541 -0.9674900174 0.0582787544 0.9982939959 0.0035637983 0.9657992125 -0.0572845340 0.2528840601
-347.0 -464.2 2247.4 0.2314164639 0.1604831666 -0.9595267177 -0.0888743997 0.9856632352 0.1434200406 0.9687867165 0.0520876087 0.2423615456
-273.3 -104.3 2384.9 -0.9943100214 -0.0278285649 -0.1028255820 0.0057462458 0.9498565197 -0.3126332462 0.1063696891 -0.3114452362 -0.9442920089
-262.4 -476.2 2506.9 -0.9943100214 0.0407734327 -0.0984126851 0.0057462458 0.9430323839 0.3326513767 0.1063696891 0.3301931024 -0.9379008412
-293.4 -217.0 2089.0 0 0 0 0 0 0 0 0 0
26.0 618.2 2729.3 0 0 0 0 0 0 0 0 0
-407.4 -835.5 2227.8 0 0 0 0 0 0 0 0 0
-275.4 -776.8 2401.6 0 0 0 0 0 0 0 0 0
-231.5 494.7 2388.4 6 0.4135019481 0.1305177063 -0.9011000395 -0.1944364011 0.9795011878 0.0526494384 0.8895002007 0.1534360051 0.4304030240
-257.2 301.3 2358.2 0.4135019481 0.1305177063 -0.9011000395 -0.1944364011 0.9795011878 0.0526494384 0.8895002007 0.1534360051 0.4304030240
-283.0 109.3 2330.1 0.4146444798 0.1314844042 -0.9004342556 -0.1858876497 0.9808794260 0.0576311573 0.8907949924 0.1434831619 0.4311575592
-316.3 327.8 2231.2 0.1475629658 0.1864365041 -0.9713220596 0.9481700659 0.2527707815 0.1925627887 0.2814225852 -0.9493936896 -0.1394739151
-359.8 48.6 2148.4 -0.2576256096 0.1854376495 -0.9482836723 0.9442685246 0.2564389408 -0.2063879520 0.2049047649 -0.9486052394 -0.2411681712
-198.1 274.8 2485.1 0.3662236631 -0.8383492231 -0.4037955701 0.5611650348 0.5451315045 -0.6228365898 0.7422762513 0.0015015419 0.6700923443
-108.7 411.9 2666.3 0.5281165838 -0.8383492231 -0.1351425499 0.8114931583 0.5451315045 -0.2105004936 0.2501433790 0.0015015419 0.9682076573
-350.3 -72.0 2224.7 0.2477739453 -0.0079306215 -0.9687854052 0.0584997386 0.9982643127 0.0067897951 0.9670500755 -0.0583560281 0.2478078306
-347.2 -463.0 2247.6 0.2281514257 0.1553285420 -0.9611555338 -0.0814537406 0.9867764115 0.1401342005 0.9702124596 0.0463178977 0.2377865314
-274.8 -103.1 2386.0 -0.9938325286 -0.0309722181 -0.1064783782 0.0024432384 0.9538543820 -0.3002596200 0.1108645722 -0.2986679077 -0.9478958249
-262.7 -476.6 2502.9 -0.9938325286 0.0380961113 -0.1041422561 0.0024432384 0.9464311004 0.3228965700 0.1108645722 0.3206506670 -0.9406871200
-288.2 -213.7 2091.4 0 0 0 0 0 0 0 0 0
26.5 619.7 2730.3 0 0 0 0 0 0 0 0 0
-405.7 -834.6 2230.1 0 0 0 0 0 0 0 0 0
-274.7 -775.9 2401.6 0 0 0 0 0 0 0 0 0
-230.5 494.9 2385.4 7 0.4119700193 0.1334123909 -0.9013777375 -0.1840621680 0.9810152650 0.0610748306 0.8924134970 0.1407485455 0.4287050664
-256.7 301.9 2357.7 0.4119700193 0.1334123909 -0.9013777375 -0.1840621680 0.9810152650 0.0610748306 0.8924134970 0.1407485455 0.4287050664
-283.2 109.6 2332.0 0.4130541086 0.1354822367 -0.9005725384 -0.1761478186 0.9820840955 0.0669533834 0.8935089707 0.1309785247 0.4295187593
-315.6 327.0 2230.4 0.1451276094 0.1901457757 -0.9709699154 0.9488926530 0.2512215376 0.1910247058 0.2802510858 -0.9490692019 -0.1439687610
-357.6 52.1 2149.2 -0.2663621306 0.1863145977 -0.9456945062 0.9405331016 0.2648459971 -0.2127301395 0.2108286619 -0.9461202025 -0.2457799762
-197.8 276.8 2485.0 0.3739366531 -0.8444355726 -0.3835360706 0.5576282144 0.5351450443 -0.6345632672 0.7410952449 0.0234159566 0.6709914207
-105.6 414.3 2667.7 0.5247977972 -0.8444355726 -0.1073116511 0.8177680373 0.5351450443 -0.2118377537 0.2363106310 0.0234159566 0.9713953733
-346.2 -66.0 2221.5 0.2471455783 -0.0022443908 -0.9689757824 0.0696777999 0.9974496961 0.0154615780 0.9664698839 -0.0713373646 0.2466716766
-345.3 -456.7 2249.4 0.2240191698 0.1592528373 -0.9614852667 -0.0935591385 0.9855166078 0.1414345950 0.9700835347 0.0582716763 0.2356741577
-271.2 -99.6 2382.5 -0.9966063499 -0.0182604473 -0.0802641362 0.0077608796 0.9498961568 -0.3124692142 0.0819484219 -0.3120317161 -0.9465308785
-264.1 -471.6 2504.7 -0.9966063499 0.0339324884 -0.0749957412 0.0077608796 0.9457567334 0.3247829676 0.0819484219 0.3230987191 -0.9428105354
-282.8 -211.9 2090.0 0 0 0 0 0 0 0 0 0
28.8 623.7 2728.2 0 0 0 0 0 0 0 0 0
-405.3 -827.8 2227.5 0 0 0 0 0 0 0 0 0
-275.0 -777.0 2400.3 0 0 0 0 0 0 0 0 0
-230.6 494.7 2384.3 8 0.3979578018 0.1268183440 -0.9085959792 -0.1697794646 0.9834722281 0.0629072338 0.9015567303 0.1292265058 0.4129115939
-255.6 300.8 2358.8 0.3979578018 0.1268183440 -0.9085959792 -0.1697794646 0.9834722281 0.0629072338 0.9015567303 0.1292265058 0.4129115939
-280.5 107.9 2335.7 0.3992640972 0.1267358661 -0.9080342650 -0.1596386731 0.9848809838 0.0672681183 0.9028308988 0.1180996373 0.4134595692
-312.5 323.5 2230.2 0.1475631595 0.2072528899 -0.9670943022 0.9452631474 0.2581733167 0.1995598376 0.2910372913 -0.9436062574 -0.1578116566
-354.4 55.2 2147.6 -0.2641838193 0.2041150481 -0.9426261187 0.9408736825 0.2694194615 -0.2053529471 0.2120461911 -0.9411430359 -0.2632227540
-198.8 278.0 2487.5 0.3877992630 -0.8488001823 -0.3593744040 0.5636954308 0.5268704295 -0.6361249685 0.7292867303 0.0441110842 0.6827847958
-103.2 416.9 2667.2 0.5203351378 -0.8488001823 -0.0937528685 0.8176425099 0.5268704295 -0.2320954502 0.2463982701 0.0441110842 0.9681643248
-347.1 -66.8 2225.6 0.2306822538 -0.0059503736 -0.9730109572 0.0636791214 0.9979298711 0.0089943362 0.9709432125 -0.0640353113 0.2305836231
-344.8 -457.6 2250.7 0.2067949772 0.1607668102 -0.9650854468 -0.1017247811 0.9845941663 0.1422194242 0.9730816483 0.0687628388 0.2199631035
-272.4 -98.6 2387.1 -0.9956763387 -0.0211653188 -0.0904469118 0.0061358712 0.9565833211 -0.2913945019 0.0926874653 -0.2906895578 -0.9523174763
-264.1 -473.2 2501.0 -0.9956763387 0.0350873843 -0.0860086605 0.0061358712 0.9487369657 0.3160071969 0.0926874653 0.3141131699 -0.9448502064
-279.6 -211.2 2087.6 0 0 0 0 0 0 0 0 0
30.1 626.3 2730.3 0 0 0 0 0 0 0 0 0
-405.3 -828.5 2224.8 0 0 0 0 0 0 0 0 0
-275.4 -778.2 2400.0 0 0 0 0 0 0 0 0 0
-231.9 493.1 2383.8 9 0.3898982406 0.1127704680 -0.9139267802 -0.1567243487 0.9861199856 0.0548169315 0.9074231982 0.1218615472 0.4021603167
-254.1 299.2 2359.8 0.3898982406 0.1127704680 -0.9139267802 -0.1567243487 0.9861199856 0.0548169315 0.9074231982 0.1218615472 0.4021603167
-275.9 105.9 2337.8 0.3909316957 0.1113394648 -0.9136607647 -0.1476238668 0.9873904586 0.0571598224 0.9085040689 0.1125325412 0.4024385810
-309.8 320.2 2230.4 0.1527584493 0.2158797681 -0.9643965960 0.9419753551 0.2633492351 0.2081575841 0.2989101112 -0.9402356744 -0.1631246060
-352.8 55.3 2146.3 -0.2668795884 0.2123709470 -0.9400392771 0.9392458200 0.2757873535 -0.2043492347 0.2158531249 -0.9374645948 -0.2730705440
-198.4 278.2 2489.3 0.3895673156 -0.8490154147 -0.3569456041 0.5674147010 0.5265246630 -0.6330973506 0.7254500985 0.0440978408 0.6868606210
-102.9 417.3 2667.2 0.5196919441 -0.8490154147 -0.0953579247 0.8170978427 0.5265246630 -0.2347825319 0.2495422959 0.0440978408 0.9673593044
-341.4 -70.5 2231.0 0.2185088694 0.0114589753 -0.9757676721 0.0488026030 0.9985514879 0.0226551648 0.9746138453 -0.0525703579 0.2176331133
-345.9 -461.5 2251.6 0.1958704591 0.1585264355 -0.9677314162 -0.1084842235 0.9842925072 0.1392819434 0.9746106863 0.0777023733 0.2099914402
-269.2 -99.3 2394.2 -0.9968739152 -0.0112000424 -0.0782109722 0.0099502308 0.9642232060 -0.2649048567 0.0783797801 -0.2648549378 -0.9610975385
-264.9 -476.8 2497.9 -0.9968739152 0.0336068384 -0.0715050921 0.0099502308 0.9512217045 0.3083477020 0.0783797801 0.3066722751 -0.9485824704
-277.0 -211.4 2085.0 0 0 0 0 0 0 0 0 0
30.2 626.6 2731.1 0 0 0 0 0 0 0 0 0
-405.6 -832.3 2222.4 0 0 0 0 0 0 0 0 0
-275.5 -779.3 2400.4 0 0 0 0 0 0 0 0 0
-231.3 493.8 2383.5 0 0.3955063820 0.1048928574 -0.9124539495 -0.1425821483 0.9884253144 0.0518235564 0.9073284864 0.1096030921 0.4058843851
-252.1 298.2 2361.9 0.3955063820 0.1048928574 -0.9124539495 -0.1425821483 0.9884253144 0.0518235564 0.9073284864 0.1096030921 0.4058843851
-272.2 104.4 2342.4 0.3965924978 0.1026636139 -0.9122360349 -0.1322306842 0.9897524118 0.0539003722 0.9084213972 0.0992491096 0.4061036408
-308.6 317.1 2232.4 0.1532541215 0.2113892585 -0.9653122425 0.9405211210 0.2685247362 0.2081212401 0.3032048345 -0.9397920370 -0.1576635540
-351.5 53.7 2147.5 -0.2785663605 0.2147506326 -0.9360998869 0.9407511950 0.2572439015 -0.2209361941 0.1933597773 -0.9421824217 -0.2736864090
-195.6 279.4 2491.3 0.3865814805 -0.8518480659 -0.3534255028 0.5726253390 0.5221052170 -0.6320651770 0.7229487896 0.0419642963 0.6896259785
-101.1 419.3 2667.9 0.5138566494 -0.8518480659 -0.1015192494 0.8174806833 0.5221052170 -0.2431696057 0.2601472735 0.0419642963 0.9646565914
-333.1 -74.1 2233.7 0.2221093476 0.0345202126 -0.9744104743 0.0331581421 0.9985275865 0.0429327451 0.9744578004 -0.0418454036 0.2206376791
-346.6 -465.1 2250.1 0.2023052275 0.1607475728 -0.9660397768 -0.1003520191 0.9846469164 0.1428283453 0.9741673470 0.0680491179 0.2153305560
-262.4 -100.8 2397.9 -0.9994711876 0.0118056899 -0.0302974880 0.0192109942 0.9661471248 -0.2572755516 0.0262345150 -0.2577215433 -0.9658629894
-267.0 -479.1 2498.8 -0.9994711876 0.0264353920 -0.0189336240 0.0192109942 0.9498577118 0.3120916784 0.0262345150 0.3115629256 -0.9498633146
-272.0 -214.7 2092.3 0 0 0 0 0 0 0 0 0
30.5 628.7 2734.5 0 0 0 0 0 0 0 0 0
-407.1 -836.0 2224.5 0 0 0 0 0 0 0 0 0
-275.5 -781.7 2399.5 0 0 0 0 0 0 0 0 0
-230.3 495.6 2382.9 1 0.3895033896 0.1032372117 -0.9152208567 -0.1341066062 0.9894649982 0.0545383431 0.9112093449 0.1014942974 0.3992447853
-250.8 299.4 2362.8 0.3895033896 0.1032372117 -0.9152208567 -0.1341066062 0.9894649982 0.0545383431 0.9112093449 0.1014942974 0.3992447853
-270.8 105.4 2345.0 0.3905444741 0.1020211428 -0.9149134755 -0.1240635738 0.9906066656 0.0575032346 0.9121859670 0.0910498649 0.3995330930
-306.5 317.1 2232.8 0.1661603302 0.2183751762 -0.9616147876 0.9384391308 0.2644830346 0.2222177535 0.3028576374 -0.9393407106 -0.1609852165
-353.6 50.8 2146.9 -0.2968521118 0.2257258296 -0.9278613329 0.9397646189 0.2415003330 -0.2419092655 0.1694736481 -0.9437825084 -0.2838190198
-195.2 281.7 2492.8 0.3893297315 -0.8512631655 -0.3518143892 0.5759245753 0.5230566263 -0.6282695532 0.7188416123 0.0419854671 0.6939048767
-99.1 423.9 2670.2 0.5143188238 -0.8512631655 -0.1040536538 0.8158178329 0.5230566263 -0.2466841340 0.2644190788 0.0419854671 0.9634935260
-328.1 -77.4 2240.9 0.2141932994 0.0448241420 -0.9757623076 0.0058893017 0.9988691211 0.0471783988 0.9767735600 -0.0158518553 0.2136870921
-345.7 -468.5 2247.1 0.1999530494 0.1668143272 -0.9655007720 -0.0833305046 0.9847254753 0.1528783143 0.9762554765 0.0498871841 0.2107995749
-256.5 -101.3 2405.1 -0.9996222258 0.0269525647 -0.0053865872 0.0274479538 0.9686480761 -0.2469159067 -0.0014373092 -0.2469704747 -0.9690219164
-267.0 -480.6 2501.8 -0.9996222258 0.0255449228 0.0101446006 0.0274479538 0.9470728636 0.3198430538 -0.0014373092 0.3200006783 -0.9474162459
-269.1 -216.7 2098.6 0 0 0 0 0 0 0 0 0
32.7 632.8 2737.9 0 0 0 0 0 0 0 0 0
-408.5 -839.3 2228.3 0 0 0 0 0 0 0 0 0
-275.1 -781.0 2400.3 0 0 0 0 0 0 0 0 0
-231.4 496.0 2390.1 2 0.3775148690 0.1027987376 -0.9202798009 -0.1492226273 0.9875836372 0.0491030999 0.9139010310 0.1187894270 0.3881674409
-251.7 300.4 2366.6 0.3775148690 0.1027987376 -0.9202798009 -0.1492226273 0.9875836372 0.0491030999 0.9139010310 0.1187894270 0.3881674409
-271.9 106.8 2345.4 0.3785434961 0.1029908732 -0.9198356867 -0.1393437684 0.9888048768 0.0533684455 0.9150344729 0.1079710945 0.3886568248
-305.6 320.3 2236.2 0.1603280455 0.2297915518 -0.9599431157 0.9364866018 0.2719028592 0.2214985937 0.3119097650 -0.9344863296 -0.1716030538
-351.8 51.0 2146.5 -0.2959154248 0.2417122573 -0.9241262078 0.9419090748 0.2347481102 -0.2402095348 0.1588753015 -0.9415245652 -0.2971365452
-197.8 280.6 2497.0 0.4050875604 -0.8460531235 -0.3465518355 0.5822134018 0.5309646726 -0.6157142520 0.7049337626 0.0476510711 0.7076706886
-97.6 424.6 2671.3 0.5220173597 -0.8460784554 -0.1079311371 0.8071441650 0.5309255123 -0.2581402361 0.2757102847 0.0476376936 0.9600596428
-326.1 -77.4 2244.7 0.2017088681 0.0523621887 -0.9780448675 -0.0090349661 0.9986269474 0.0516007617 0.9794038534 -0.0015717297 0.2019049972
-346.6 -468.4 2245.3 0.1909802854 0.1617929041 -0.9681681395 -0.0773688406 0.9857351184 0.1494668275 0.9785400033 0.0463608280 0.2007737011
-255.5 -99.8 2409.6 -0.9995724559 0.0287301522 -0.0054267943 0.0291515440 0.9650149345 -0.2605692744 -0.0022492572 -0.2606160641 -0.9654399157
-266.7 -477.7 2511.6 -0.9995724559 0.0265673846 0.0122084282 0.0291515440 0.9376952052 0.3462338448 -0.0022492572 0.3464417160 -0.9380688071
-267.4 -217.6 2101.2 0 0 0 0 0 0 0 0 0
36.1 631.3 2741.9 0 0 0 0 0 0 0 0 0
-407.5 -839.6 2227.8 0 0 0 0 0 0 0 0 0
-275.3 -780.0 2399.9 0 0 0 0 0 0 0 0 0
-231.9 497.0 2393.7 3 0.3649866283 0.1029361635 -0.9253047705 -0.1590231061 0.9861564636 0.0469789617 0.9173311591 0.1299981475 0.3763031662
-252.2 301.8 2368.0 0.3649866283 0.1029361635 -0.9253047705 -0.1590231061 0.9861564636 0.0469789617 0.9173311591 0.1299981475 0.3763031662
-272.5 108.4 2344.9 0.3661604822 0.1037914902 -0.9247452617 -0.1478153169 0.9876300693 0.0523208641 0.9187366962 0.1175336763 0.3769730926
-304.4 322.9 2237.0 0.1623222679 0.2400687635 -0.9570885301 0.9378843904 0.2638806701 0.2252550572 0.3066338599 -0.9342023134 -0.1823230386
-351.4 51.3 2148.2 -0.2966586351 0.2483331114 -0.9221303463 0.9414486289 0.2380428910 -0.2387676984 0.1602126509 -0.9389708638 -0.3044103384
-200.0 280.8 2498.9 0.4156115651 -0.8412929773 -0.3456778526 0.5873643160 0.5384366512 -0.6042260528 0.6944567561 0.0480844900 0.7179259658
-96.5 427.1 2671.9 0.5130761266 -0.8509143591 -0.1126839817 0.8108170629 0.5235506296 -0.2616686225 0.2816533446 0.0428898260 0.9585571885
-326.2 -74.2 2241.6 0.1901379824 0.0530190915 -0.9803246856 0.0074000480 0.9984349608 0.0554338172 0.9817295074 -0.0177945234 0.1894480586
-347.0 -465.2 2248.6 0.1754859537 0.1587976813 -0.9715904593 -0.0891401097 0.9854143858 0.1449568421 0.9804380536 0.0611697882 0.1870816350
-257.8 -99.4 2407.0 -0.9996767640 0.0234693736 -0.0097754141 0.0251937564 0.9660853744 -0.2569909692 0.0034124665 -0.2571541965 -0.9663643837
-267.0 -477.8 2507.7 -0.9996767640 0.0248780362 0.0052396143 0.0251937564 0.9417026043 0.3355017602 0.0034124665 0.3355253339 -0.9420250058
-266.5 -218.2 2102.4 0 0 0 0 0 0 0 0 0
34.9 634.8 2744.0 0 0 0 0 0 0 0 0 0
-406.8 -836.3 2225.5 0 0 0 0 0 0 0 0 0
-274.9 -776.6 2401.2 0 0 0 0 0 0 0 0 0
-233.0 497.5 2395.0 4 0.3625139296 0.1031978428 -0.9262471795 -0.1615877002 0.9857581854 0.0465861857 0.9178633094 0.1327820122 0.3740265667
-253.4 302.6 2368.7 0.3625139296 0.1031978428 -0.9262471795 -0.1615877002 0.9857581854 0.0465861857 0.9178633094 0.1327820122 0.3740265667
-273.9 109.3 2344.9 0.3635205925 0.1049045324 -0.9256607294 -0.1520448327 0.9869970679 0.0521455035 0.9190947413 0.1217859685 0.3747439384
-305.2 324.3 2237.8 0.1564758569 0.2429393977 -0.9573378563 0.9378514290 0.2674396634 0.2211578041 0.3097580671 -0.9324464798 -0.1859932095
-350.7 51.7 2147.7 -0.2947920263 0.2538439631 -0.9212279320 0.9429728389 0.2332518846 -0.2374779284 0.1545958221 -0.9386995435 -0.3081287444
-201.6 281.0 2499.7 0.4259745777 -0.8376732469 -0.3418321311 0.5896049142 0.5436015725 -0.5973803997 0.6862301230 0.0529229641 0.7254567146
-94.3 429.4 2672.5 0.5064024329 -0.8558815122 -0.1049924716 0.8180521727 0.5153454542 -0.2553618550 0.2726669014 0.0434265472 0.9611279368
-325.9 -71.6 2238.9 0.1884404570 0.0558963977 -0.9804926515 0.0191587694 0.9979797602 0.0605754294 0.9818977118 -0.0301998947 0.1869888604
-347.8 -462.5 2250.7 0.1723636687 0.1537346840 -0.9729626775 -0.0914233401 0.9859791398 0.1395954043 0.9807816148 0.0648903251 0.1840019226
-259.7 -98.4 2404.9 -0.9997397661 0.0166010819 -0.0156451389 0.0201612413 0.9638894200 -0.2655385733 0.0106719555 -0.2657849193 -0.9639732838
-266.2 -475.9 2509.0 -0.9997397661 0.0225730352 -0.0032900411 0.0201612413 0.9418234229 0.3355028629 0.0106719555 0.3353492320 -0.9420334697
-266.2 -218.6 2103.4 0 0 0 0 0 0 0 0 0
35.4 638.9 2742.4 0 0 0 0 0 0 0 0 0
-405.7 -833.8 2226.3 0 0 0 0 0 0 0 0 0
-273.5 -776.5 2402.0 0 0 0 0 0 0 0 0 0
-232.9 494.7 2388.6 5 0.3650438190 0.1084299460 -0.9246544838 -0.1506033838 0.9869908094 0.0562832095 0.9187282920 0.1187102571 0.3766247928
-254.2 300.7 2365.3 0.3650438190 0.1084299460 -0.9246544838 -0.1506033838 0.9869908094 0.0562832095 0.9187282920 0.1187102571 0.3766247928
-275.6 107.2 2343.6 0.3658258915 0.1090694517 -0.9242701530 -0.1435023397 0.9878432155 0.0597732700 0.9195533991 0.1107683256 0.3770303428
-306.4 321.1 2234.2 0.1541281790 0.2406144887 -0.9583053589 0.9429281354 0.2539356947 0.2154140174 0.2951796651 -0.9368144870 -0.1877435297
-350.4 51.8 2149.9 -0.2943580151 0.2456307560 -0.9235902429 0.9419243336 0.2380305976 -0.2368965447 0.1616536528 -0.9396845102 -0.3014318049
-202.1 280.2 2496.3 0.4268750250 -0.8349074125 -0.3474296033 0.5869650245 0.5480740666 -0.5958916545 0.6879315376 0.0504422523 0.7240205407
-93.3 429.8 2671.6 0.5010355115 -0.8582972884 -0.1108564511 0.8197281957 0.5117433667 -0.2572244108 0.2775050700 0.0380064063 0.9599720836
-327.3 -70.2 2238.0 0.1913700998 0.0479947738 -0.9803438187 0.0247504786 0.9982501864 0.0537028871 0.9812058210 -0.0345411077 0.1898473501
-346.1 -461.2 2251.5 0.1726363301 0.1580209583 -0.9722273946 -0.1015839949 0.9846403003 0.1420004517 0.9797333479 0.0742483065 0.1860370934
-261.6 -97.7 2404.1 -0.9994940758 0.0112050930 -0.0297664609 0.0181872565 0.9691306949 -0.2458758950 0.0260925293 -0.2462928742 -0.9688441753
-266.0 -477.2 2500.6 -0.9994940758 0.0254283063 -0.0191049092 0.0181872565 0.9497193098 0.3125739992 0.0260925293 0.3120684028 -0.9497012496
-265.9 -218.7 2103.5 0 0 0 0 0 0 0 0 0
35.0 639.7 2742.7 0 0 0 0 0 0 0 0 0
-405.6 -832.0 2223.5 0 0 0 0 0 0 0 0 0
-274.1 -778.2 2401.7 0 0 0 0 0 0 0 0 0
-232.2 494.4 2385.5 6 0.3583338261 0.1117002368 -0.9268872142 -0.1411397308 0.9878871441 0.0644868985 0.9228631854 0.1077127829 0.3697587252
-254.2 299.3 2364.2 0.3583338261 0.1117002368 -0.9268872142 -0.1411397308 0.9878871441 0.0644868985 0.9228631854 0.1077127829 0.3697587252
-275.9 105.6 2345.0 0.3593897820 0.1105284467 -0.9266188145 -0.1317459494 0.9890251756 0.0668746084 0.9238408804 0.0980442241 0.3700072169
-305.4 318.1 2232.5 0.1582540721 0.2483946383 -0.9556441307 0.9437029362 0.2466798723 0.2203945816 0.2904829979 -0.9367225766 -0.1953726709
-350.2 51.4 2150.5 -0.2927207649 0.2544681430 -0.9217160940 0.9444938302 0.2273048311 -0.2372000664 0.1491506696 -0.9399885535 -0.3068804443
-203.0 280.6 2495.8 0.4263767004 -0.8293336630 -0.3611212373 0.5787727833 0.5569403768 -0.5956841111 0.6951438785 0.0449786708 0.7174621224
-95.8 426.0 2670.6 0.5012420416 -0.8570650220 -0.1191466674 0.8188349009 0.5143215656 -0.2549171150 0.2797602415 0.0302137267 0.9595943689
-330.0 -73.3 2238.8 0.1841495335 0.0440443568 -0.9819108844 0.0217840243 0.9985672235 0.0488769077 0.9826568365 -0.0303906314 0.1829262227
-347.3 -464.4 2250.7 0.1676108986 0.1533124000 -0.9738592505 -0.0923577100 0.9859313965 0.1393171996 0.9815174937 0.0665923283 0.1794124246
-263.9 -99.2 2405.0 -0.9993588924 0.0063831150 -0.0352284685 0.0151022086 0.9673091769 -0.2531498075 0.0324609391 -0.2535195351 -0.9667854905
-266.4 -478.1 2504.3 -0.9993588924 0.0248570479 -0.0257665757 0.0151022086 0.9452122450 0.3261069357 0.0324609391 0.3255087435 -0.9449816942
-266.3 -219.1 2107.7 0 0 0 0 0 0 0 0 0
32.5 635.8 2742.2 0 0 0 0 0 0 0 0 0
-405.0 -835.7 2225.6 0 0 0 0 0 0 0 0 0
-274.3 -780.0 2400.3 0 0 0 0 0 0 0 0 0
-232.6 494.6 2391.4 7 0.3371125162 0.1088758036 -0.9351477027 -0.1463549286 0.9872756600 0.0621852018 0.9300190210 0.1159000695 0.3487575054
-254.2 299.0 2368.4 0.3371125162 0.1088758036 -0.9351477027 -0.1463549286 0.9872756600 0.0621852018 0.9300190210 0.1159000695 0.3487575054
-275.5 105.5 2347.7 0.3381375074 0.1088934466 -0.9347755313 -0.1370560378 0.9883912802 0.0655617788 0.9310631752 0.1059477404 0.3491366506
-302.4 318.6 2235.8 0.1677444130 0.2694409192 -0.9482949972 0.9390416145 0.2491563112 0.2369008511 0.3001044691 -0.9302272201 -0.2112216502
-350.2 50.9 2150.2 -0.2931044102 0.2753049731 -0.9155855775 0.9447375536 0.2304748595 -0.2331358790 0.1468359977 -0.9333212376 -0.3276441395
-206.0 279.5 2501.1 0.4424627423 -0.8209373355 -0.3609551489 0.5861355066 0.5693604350 -0.5764319897 0.6787281632 0.0434810705 0.7331013083
-96.5 424.6 2669.0 0.5134711862 -0.8477655053 -0.1328196228 0.8059751987 0.5295919776 -0.2644547224 0.2945358157 0.0287405532 0.9552081823
-330.0 -76.1 2242.3 0.1614014804 0.0452369601 -0.9858515263 0.0097240610 0.9988275170 0.0474243835 0.9868409038 -0.0172408465 0.1607723385
-347.7 -467.4 2249.0 0.1466346979 0.1553631872 -0.9769138098 -0.0890434161 0.9856527448 0.1433875710 0.9851748943 0.0659621432 0.1583649516
-265.0 -100.0 2409.3 -0.9982280731 -0.0017062087 -0.0594798736 0.0127808070 0.9701113105 -0.2423235327 0.0581155531 -0.2426543385 -0.9683704972
-264.4 -479.9 2504.3 -0.9982280731 0.0311415754 -0.0507047214 0.0127808070 0.9444401860 0.3284347951 0.0581155531 0.3272047937 -0.9431647062
-266.4 -219.2 2108.2 0 0 0 0 0 0 0 0 0
35.0 631.0 2744.5 0 0 0 0 0 0 0 0 0
-406.3 -838.6 2224.2 0 0 0 0 0 0 0 0 0
-274.2 -776.5 2401.6 0 0 0 0 0 0 0 0 0
-232.7 496.6 2394.3 8 0.3277696967 0.1067741364 -0.9387046099 -0.1487859190 0.9870280623 0.0603188239 0.9329682589 0.1198953390 0.3394043744
-253.8 301.0 2370.6 0.3277696967 0.1067741364 -0.9387046099 -0.1487859190 0.9870280623 0.0603188239 0.9329682589 0.1198953390 0.3394043744
-274.7 107.5 2349.0 0.3287833631 0.1067269072 -0.9383553863 -0.1394081265 0.9881937504 0.0635492578 0.9340593815 0.1099204272 0.3397802413
-300.7 320.9 2237.5 0.1732736677 0.2770282924 -0.9451093078 0.9389285445 0.2432165593 0.2434315830 0.2973036766 -0.9295703769 -0.2179667354
-350.4 51.4 2152.1 -0.2922061980 0.2805907428 -0.9142671227 0.9449709058 0.2317795753 -0.2308856398 0.1471240819 -0.9314220548 -0.3328775167
-207.0 281.2 2503.7 0.4447164237 -0.8161870241 -0.3688713610 0.5756703615 0.5759726763 -0.5803956985 0.6861712337 0.0457631908 0.7259991765
-97.6 422.8 2672.5 0.5249369740 -0.8424640894 -0.1212246716 0.8057487607 0.5377662182 -0.2481460869 0.2742446959 0.0325844213 0.9611077309
-327.4 -75.7 2242.8 0.1515632123 0.0492836013 -0.9872182012 0.0120463464 0.9985899925 0.0517007224 0.9883741736 -0.0197282992 0.1507558078
-346.7 -466.9 2250.5 0.1354061961 0.1608762294 -0.9776420593 -0.0919273198 0.9845132828 0.1492747366 0.9865163565 0.0696592927 0.1480981261
-266.3 -100.5 2411.1 -0.9977884889 -0.0043648947 -0.0663255751 0.0120884171 0.9692845941 -0.2456444502 0.0653605685 -0.2459029704 -0.9670882821
-264.6 -480.1 2507.4 -0.9977884889 0.0333953500 -0.0574707277 0.0120884171 0.9413756728 0.3371435404 0.0653605685 0.3357031941 -0.9396975040
-266.7 -219.4 2110.0 0 0 0 0 0 0 0 0 0
36.8 629.1 2742.7 0 0 0 0 0 0 0 0 0
-407.3 -837.7 2224.3 0 0 0 0 0 0 0 0 0
-275.1 -777.8 2401.2 0 0 0 0 0 0 0 0 0
-231.3 496.1 2389.3 9 0.3355502486 0.1141873226 -0.9350760579 -0.1418185085 0.9874364734 0.0696900412 0.9312859774 0.1092265770 0.3475284576
-253.8 301.2 2367.7 0.3355502486 0.1141873226 -0.9350760579 -0.1418185085 0.9874364734 0.0696900412 0.9312859774 0.1092265770 0.3475284576
-275.8 107.6 2348.4 0.3367489576 0.1124783456 -0.9348522425 -0.1313678026 0.9887416363 0.0716413185 0.9323854446 0.0986843556 0.3477337360
-301.8 320.0 2234.9 0.1734899133 0.2699021399 -0.9471293688 0.9423209429 0.2340242714 0.2392987013 0.2862384915 -0.9340157509 -0.2137335986
-351.1 52.0 2153.5 -0.2927156389 0.2713024020 -0.9169037938 0.9448268414 0.2295171618 -0.2337181270 0.1470368654 -0.9347282648 -0.3235170245
-205.8 282.5 2500.6 0.4481126368 -0.8117145300 -0.3745858967 0.5665531754 0.5819791555 -0.5833676457 0.6915291548 0.0491915867 0.7206716537
-95.1 422.4 2671.4 0.5252483487 -0.8422589898 -0.1213011146 0.8048983216 0.5380078554 -0.2503722310 0.2761391997 0.0338725410 0.9605205655
-325.3 -73.4 2243.1 0.1599403620 0.0537918583 -0.9856599569 0.0061607230 0.9984402657 0.0554890223 0.9871074557 -0.0149473129 0.1593595147
-346.4 -464.5 2249.0 0.1458391696 0.1602244973 -0.9762474298 -0.0846948549 0.9851972461 0.1490409970 0.9856762886 0.0609471202 0.1572505385
-265.9 -98.6 2411.9 -0.9978420734 -0.0026702730 -0.0656053647 0.0120887058 0.9746208191 -0.2235354334 0.0645372570 -0.2238461375 -0.9724854231
-264.8 -480.3 2499.6 -0.9978420734 0.0316524245 -0.0575266704 0.0120887058 0.9497194290 0.3128688335 0.0645372570 0.3114982545 -0.9480526447
-267.0 -219.6 2111.2 0 0 0 0 0 0 0 0 0
39.4 628.6 2742.1 0 0 0 0 0 0 0 0 0
-406.7 -835.6 2226.0 0 0 0 0 0 0 0 0 0
-274.8 -778.1 2401.9 0 0 0 0 0 0 0 0 0
-231.0 493.1 2385.8 0 0.3346529007 0.1174463332 -0.9349939823 -0.1381312311 0.9875993729 0.0746142790 0.9321626425 0.1041819975 0.3467260003
-254.1 298.8 2365.3 0.3346529007 0.1174463332 -0.9349939823 -0.1381312311 0.9875993729 0.0746142790 0.9321626425 0.1041819975 0.3467260003
-276.9 105.2 2346.8 0.3357391655 0.1165266708 -0.9347196221 -0.1289560944 0.9886616468 0.0769319832 0.9330860376 0.0947087035 0.3469592333
-301.9 317.2 2232.3 0.1845422387 0.2704878747 -0.9448705912 0.9422508478 0.2246879041 0.2483519316 0.2794771791 -0.9361365438 -0.2134030312
-354.0 51.4 2153.5 -0.2903276682 0.2601356804 -0.9208905101 0.9397706389 0.2589207292 -0.2231393307 0.1803911477 -0.9302093983 -0.3196397126
-206.2 280.5 2498.3 0.4367178380 -0.8138000965 -0.3834148943 0.5654365420 0.5798089504 -0.5866030455 0.6996849775 0.0393832177 0.7133651972
-96.7 422.2 2673.7 0.5485182405 -0.8262739778 -0.1280588061 0.7898111343 0.5622859597 -0.2450160533 0.2744560540 0.0332535133 0.9610244632
-328.3 -74.2 2244.8 0.1589844823 0.0481455773 -0.9861064553 0.0002915039 0.9988079071 0.0488127097 0.9872810245 -0.0080479169 0.1587809175
-347.1 -465.4 2248.0 0.1464343518 0.1542540193 -0.9771195650 -0.0836141333 0.9861624837 0.1431508958 0.9856802821 0.0607387982 0.1573058814
-267.4 -97.9 2413.4 -0.9977937937 -0.0052810288 -0.0661791787 0.0096205855 0.9748076200 -0.2228396833 0.0656887889 -0.2229847312 -0.9726061821
-265.3 -479.7 2500.7 -0.9977937937 0.0298337694 -0.0593086779 0.0096205855 0.9488896728 0.3154613376 0.0656887889 0.3141947985 -0.9470832348
-271.1 -216.9 2102.0 0 0 0 0 0 0 0 0 0
43.7 624.4 2744.0 0 0 0 0 0 0 0 0 0
-405.2 -836.8 2225.1 0 0 0 0 0 0 0 0 0
-274.8 -779.6 2401.4 0 0 0 0 0 0 0 0 0
-230.7 494.4 2384.0 1 0.3429058790 0.1183272600 -0.9318874478 -0.1347980648 0.9879660010 0.0758463517 0.9296478033 0.0996084586 0.3547296226
-254.1 299.4 2364.4 0.3429058790 0.1183272600 -0.9318874478 -0.1347980648 0.9879660010 0.0758463517 0.9296478033 0.0996084586 0.3547296226
-277.2 105.7 2346.7 0.3439461291 0.1179513261 -0.9315516949 -0.1260946095 0.9888950586 0.0786555633 0.9304844141 0.0904103741 0.3549996614
-303.1 317.3 2231.8 0.1797806025 0.2632932067 -0.9478162527 0.9434675574 0.2266075611 0.2419048995 0.2784742415 -0.9377236962 -0.2076689601
-353.4 53.2 2153.8 -0.2802422643 0.2515380085 -0.9263870120 0.9401000142 0.2670579553 -0.2118774652 0.1941038072 -0.9302734137 -0.3113118112
-205.1 281.4 2497.0 0.4308860898 -0.8145886064 -0.3883073926 0.5547298789 0.5784970522 -0.5980100036 0.7117667794 0.0422684737 0.7011429667
-99.3 417.5 2671.6 0.5564595461 -0.8214714527 -0.1246494278 0.7848145962 0.5689194798 -0.2457574904 0.2727982402 0.0389274135 0.9612833858
-330.0 -76.8 2243.9 0.1678076237 0.0458543040 -0.9847527742 0.0045082001 0.9988715053 0.0472799577 0.9858094454 -0.0123733999 0.1674115360
-348.0 -468.0 2248.7 0.1540633738 0.1503540277 -0.9765542150 -0.0907589048 0.9863292575 0.1375406981 0.9838837981 0.0674410015 0.1656031907
-269.3 -100.1 2412.5 -0.9966156483 -0.0129607590 -0.0811745301 0.0058217342 0.9738839865 -0.2269715220 0.0819962993 -0.2266759425 -0.9705125690
-264.3 -481.5 2501.3 -0.9966156483 0.0319454409 -0.0757414997 0.0058217342 0.9465148449 0.3226078153 0.0819962993 0.3210750520 -0.9434974194
-273.4 -215.2 2098.4 0 0 0 0 0 0 0 0 0
43.2 618.5 2741.5 0 0 0 0 0 0 0 0 0
-404.6 -839.5 2223.3 0 0 0 0 0 0 0 0 0
-274.2 -777.2 2401.0 0 0 0 0 0 0 0 0 0
-230.0 491.4 2375.2 2 0.3496907055 0.1196639836 -0.9291915298 -0.1169817224 0.9896242023 0.0834219307 0.9295330644 0.0795265585 0.3600608706
-253.6 296.4 2359.5 0.3496907055 0.1196639836 -0.9291915298 -0.1169817224 0.9896242023 0.0834219307 0.9295330644 0.0795265585 0.3600608706
-276.4 102.4 2345.6 0.3507886529 0.1164779887 -0.9291825294 -0.1077744514 0.9906628132 0.0834974349 0.9302322268 0.0708521828 0.3600666225
-303.6 311.8 2226.9 0.1834893823 0.2576757669 -0.9486489892 0.9456737041 0.2172083259 0.2419128716 0.2683895230 -0.9415007830 -0.2038217634
-353.5 54.4 2153.9 -0.2760026455 0.2422409654 -0.9301300049 0.9396527410 0.2715616226 -0.2081034631 0.2021764368 -0.9314363003 -0.3025740981
-203.6 281.1 2492.0 0.4163995087 -0.8118285537 -0.4093236923 0.5537964702 0.5835307240 -0.5939708352 0.7210553885 0.0206471328 0.6925696731
-99.9 419.0 2671.6 0.5672963262 -0.8118285537 -0.1382364780 0.7798841000 0.5835307240 -0.2264346927 0.2644913793 0.0206471328 0.9641669989
