-240.7 487.2 2368.1 19 0.5269263983 0.1242860556 -0.8407744169 -0.1325320005 0.9891642332 0.0631616712 0.8395140767 0.0781479627 0.5376886129
-265.3 291.6 2352.6 0.5269263983 0.1242860556 -0.8407744169 -0.1325320005 0.9891642332 0.0631616712 0.8395140767 0.0781479627 0.5376886129
-288.5 97.7 2338.4 0.5278540254 0.1187544614 -0.8409919739 -0.1249770150 0.9902585745 0.0613894202 0.8400897980 0.0727000162 0.5375535488
-340.5 309.4 2232.9 0.0869070143 0.2059882283 -0.9746876359 0.9605378509 0.2421693951 0.1368248761 0.2642238438 -0.9481154084 -0.1768132597
-364.8 40.6 2159.0 -0.3305961490 0.1932057589 -0.9237844348 0.9212954640 0.2784162164 -0.2714757919 0.2047459036 -0.9408272505 -0.2700428963
-190.1 273.8 2472.3 0.1418451965 -0.6278047562 -0.7653372288 0.4031154811 0.7427759767 -0.5345855951 0.9040895104 -0.2326909006 0.3584370315
-165.9 342.5 2626.4 0.6666802168 -0.6278047562 -0.4017445445 0.6674259305 0.7427759767 -0.0531646907 0.3317832351 -0.2326909006 0.9142072201
-360.0 -83.9 2247.8 0.3788847625 -0.0253816750 -0.9250957370 0.0173033290 0.9996433854 -0.0203402247 0.9252820611 -0.0083006341 0.3791888356
-350.1 -475.4 2251.0 0.3614257276 0.1605323702 -0.9184774160 -0.1087311059 0.9856027961 0.1294783354 0.9260393977 0.0530702658 0.3736770749
-267.4 -106.1 2401.4 -0.9977895617 0.0265876986 0.0609026104 0.0087804003 0.9611853957 -0.2757635117 -0.0658706129 -0.2746191919 -0.9592941999
-277.8 -482.6 2508.9 -0.9977895617 -0.0134315323 0.0650817007 0.0087804003 0.9441273808 0.3294638693 -0.0658706129 0.3293070495 -0.9419224858
-273.7 -213.3 2102.5 0 0 0 0 0 0 0 0 0
-12.4 496.2 2702.8 0 0 0 0 0 0 0 0 0
-410.5 -846.6 2231.0 0 0 0 0 0 0 0 0 0
-273.5 -784.1 2403.8 0 0 0 0 0 0 0 0 0
-239.7 486.8 2367.2 20 0.5537039638 0.1235128194 -0.8235026002 -0.1349285543 0.9891774654 0.0576387011 0.8217093349 0.0791992396 0.5643768907
-264.1 291.7 2351.6 0.5537039638 0.1235128194 -0.8235026002 -0.1349285543 0.9891774654 0.0576387011 0.8217093349 0.0791992396 0.5643768907
-287.4 97.8 2337.3 0.5546512604 0.1189502031 -0.8235368133 -0.1271952540 0.9902178049 0.0573594347 0.8223037124 0.0729354843 0.5643554330
-343.1 309.9 2234.4 0.0882330909 0.1767175496 -0.9802988768 0.9554516673 0.2632534206 0.1334531307 0.2816505134 -0.9484031796 -0.1456174105
-367.8 42.6 2155.7 -0.3367007971 0.1753843427 -0.9251340032 0.9207682014 0.2669051886 -0.2845127285 0.1970239729 -0.9476296306 -0.2513554990
-185.1 273.6 2468.7 0.1154837087 -0.6231059432 -0.7735648155 0.3978544474 0.7425936460 -0.5387639403 0.9101513028 -0.2455477268 0.3336629272
-165.1 342.5 2626.2 0.6668680310 -0.6231059432 -0.4086881876 0.6684582233 0.7425936460 -0.0414523669 0.3293184638 -0.2455477268 0.9117322564
-359.5 -85.0 2248.2 0.4081852138 -0.0233184882 -0.9126012921 0.0142119210 0.9997149110 -0.0191877261 0.9127885103 -0.0051376703 0.4084002376
-350.4 -476.6 2250.2 0.3921527863 0.1587500423 -0.9060985446 -0.1032543480 0.9863682389 0.1281257123 0.9140868187 0.0433137640 0.4031986892
-264.1 -107.6 2400.0 -0.9968441129 0.0339516848 0.0717575103 0.0133895539 0.9628853202 -0.2695784867 -0.0782468989 -0.2677669227 -0.9603011608
-277.4 -484.7 2504.9 -0.9968441129 -0.0124553684 0.0784010291 0.0133895539 0.9470845461 0.3207047880 -0.0782468989 0.3207424283 -0.9439288974
-274.7 -211.9 2101.2 0 0 0 0 0 0 0 0 0
-12.2 495.7 2701.7 0 0 0 0 0 0 0 0 0
-410.1 -848.1 2233.9 0 0 0 0 0 0 0 0 0
-273.5 -783.6 2403.7 0 0 0 0 0 0 0 0 0
-239.9 484.2 2359.2 21 0.5703490973 0.1134564579 -0.8135290742 -0.1070171595 0.9922367930 0.0633518100 0.8144011497 0.0509289205 0.5780631304
-262.2 288.6 2349.2 0.5703490973 0.1134564579 -0.8135290742 -0.1070171595 0.9922367930 0.0633518100 0.8144011497 0.0509289205 0.5780631304
-283.4 94.2 2340.1 0.5711119771 0.1083622277 -0.8136883378 -0.1001891196 0.9930394292 0.0619263612 0.8147350550 0.0461558290 0.5779934525
-343.6 302.9 2233.2 0.0837101340 0.1584221721 -0.9838165641 0.9553555250 0.2679747939 0.1244399548 0.2833520770 -0.9503114820 -0.1289172918
-366.3 43.5 2156.2 -0.3300742805 0.1581003368 -0.9306209087 0.9212518334 0.2688733935 -0.2810731828 0.2057814300 -0.9501112700 -0.2343984097
-180.9 274.4 2465.2 0.0843531266 -0.6194713116 -0.7804740667 0.3848131001 0.7427517772 -0.5479403734 0.9191318750 -0.2541161776 0.3010341227
-165.9 342.7 2628.5 0.6702715158 -0.6194713116 -0.4086457491 0.6689507961 0.7427517772 -0.0287163109 0.3213112950 -0.2541161776 0.9122412205
-360.8 -84.7 2248.7 0.4254148602 -0.0275929514 -0.9045777321 0.0171636026 0.9996013045 -0.0224196315 0.9048357010 -0.0059881681 0.4257188439
-350.0 -476.2 2251.0 0.4086243510 0.1574054360 -0.8990270495 -0.1100286841 0.9863281250 0.1226804033 0.9060462713 0.0487885699 0.4203568101
-260.6 -107.6 2397.3 -0.9956592917 0.0438101552 0.0821174756 0.0179923158 0.9562461972 -0.2920094430 -0.0913174972 -0.2892644107 -0.9528836012
-277.7 -482.1 2510.5 -0.9956592917 -0.0136448005 0.0920675173 0.0179923158 0.9423188567 0.3342326283 -0.0913174972 0.3344383240 -0.9379829764
-275.0 -211.2 2099.3 0 0 0 0 0 0 0 0 0
-12.4 496.0 2702.1 0 0 0 0 0 0 0 0 0
-409.3 -847.7 2232.7 0 0 0 0 0 0 0 0 0
-273.4 -781.6 2404.2 0 0 0 0 0 0 0 0 0
-239.9 484.8 2363.8 22 0.5639992952 0.1197411194 -0.8170476556 -0.1187506840 0.9909076095 0.0632485524 0.8171921968 0.0613528267 0.5730905533
-263.4 289.7 2351.7 0.5639992952 0.1197411194 -0.8170476556 -0.1187506840 0.9909076095 0.0632485524 0.8171921968 0.0613528267 0.5730905533
-285.3 95.4 2340.5 0.5649377108 0.1119305715 -0.8175065517 -0.1107185036 0.9920798540 0.0593206361 0.8176715970 0.0570006371 0.5728561282
-343.9 305.4 2235.2 0.0802924931 0.1655000597 -0.9829358459 0.9552095532 0.2690102458 0.1233217418 0.2848295569 -0.9488114715 -0.1364877373
-366.0 42.6 2156.8 -0.3293163478 0.1642651409 -0.9298213124 0.9210999608 0.2724694908 -0.2780921757 0.2076670825 -0.9480386972 -0.2410332710
-183.0 273.9 2468.1 0.0935256034 -0.6160353422 -0.7821466923 0.3949619234 0.7440873384 -0.5388312340 0.9139245152 -0.2585236430 0.3129017055
-166.7 342.3 2626.5 0.6699790955 -0.6160353422 -0.4142806828 0.6675403714 0.7440873384 -0.0269044861 0.3248351514 -0.2585236430 0.9097514153
-356.2 -91.1 2257.5 0.4195008278 -0.0117008975 -0.9076795578 -0.0181567520 0.9996086955 -0.0212774351 0.9075733423 0.0254064128 0.4191242456
-351.6 -482.5 2247.5 0.4085698128 0.1531229913 -0.8997911215 -0.0973931476 0.9875127077 0.1238276288 0.9075160027 0.0370412618 0.4183809757
-253.0 -109.2 2404.7 -0.9915290475 0.0623580106 0.1139370129 0.0296688750 0.9627587795 -0.2687289417 -0.1264512688 -0.2630721629 -0.9564533830
-277.4 -486.1 2507.6 -0.9915290475 -0.0141754718 0.1291093379 0.0296688750 0.9430276155 0.3313889802 -0.1264512688 0.3324123323 -0.9346187115
-275.4 -210.9 2099.7 0 0 0 0 0 0 0 0 0
-12.5 496.0 2701.3 0 0 0 0 0 0 0 0 0
-409.3 -854.4 2233.6 0 0 0 0 0 0 0 0 0
-273.0 -779.2 2404.3 0 0 0 0 0 0 0 0 0
-242.8 484.5 2365.0 23 0.5470199585 0.1150873303 -0.8291707039 -0.1207040399 0.9909974933 0.0579177998 0.8283717036 0.0684020594 0.5559869409
-265.4 289.8 2351.6 0.5470199585 0.1150873303 -0.8291707039 -0.1207040399 0.9909974933 0.0579177998 0.8283717036 0.0684020594 0.5559869409
-286.5 95.5 2339.1 0.5478643179 0.1083345041 -0.8295229673 -0.1132095307 0.9920592308 0.0547914729 0.8288716674 0.0638916120 0.5557783842
-343.4 305.9 2233.5 0.0770353302 0.1840827465 -0.9798873067 0.9562091231 0.2646961510 0.1248999611 0.2823643386 -0.9465988874 -0.1556306481
-364.7 41.8 2155.5 -0.3258363605 0.1800048202 -0.9281319380 0.9223055243 0.2763010263 -0.2702041864 0.2078057677 -0.9440635443 -0.2560483515
-187.3 273.7 2469.7 0.1247931570 -0.6216257215 -0.7733098269 0.4045413136 0.7435535789 -0.5324231386 0.9059652090 -0.2463930249 0.3442637026
-166.1 342.4 2623.5 0.6653888226 -0.6216257215 -0.4133269787 0.6672163606 0.7435535789 -0.0441629067 0.3347835541 -0.2463930249 0.9095110893
-358.3 -88.9 2255.4 0.4002417326 -0.0164608676 -0.9162617326 -0.0146592762 0.9995957017 -0.0243614521 0.9162923694 0.0231822040 0.3998386264
-351.8 -480.3 2246.4 0.3903688490 0.1474210322 -0.9087789655 -0.0883393064 0.9885399342 0.1224133372 0.9164105654 0.0324945487 0.3989182711
-256.2 -108.9 2403.2 -0.9928292036 0.0556892343 0.1057772860 0.0245439988 0.9609711170 -0.2755576968 -0.1169945151 -0.2709855437 -0.9554470778
-278.0 -485.2 2509.3 -0.9928292036 -0.0164276585 0.1184071675 0.0245439988 0.9413969517 0.3364065588 -0.1169945151 0.3369004428 -0.9342432022
-275.5 -210.8 2098.6 0 0 0 0 0 0 0 0 0
-11.9 497.0 2701.1 0 0 0 0 0 0 0 0 0
-407.3 -852.6 2234.1 0 0 0 0 0 0 0 0 0
-272.8 -780.5 2403.6 0 0 0 0 0 0 0 0 0
-241.1 485.2 2367.1 24 0.5441139936 0.1132269278 -0.8313360810 -0.1205513701 0.9911213517 0.0560879521 0.8303055763 0.0697004646 0.5529326200
-263.4 290.3 2353.4 0.5441139936 0.1132269278 -0.8313360810 -0.1205513701 0.9911213517 0.0560879521 0.8303055763 0.0697004646 0.5529326200
-284.0 96.0 2340.6 0.5449991226 0.1051202416 -0.8318206668 -0.1125106141 0.9923053980 0.0516856425 0.8308533430 0.0654200315 0.5526327491
-341.0 306.4 2235.1 0.0834008008 0.1864790767 -0.9789125919 0.9564766288 0.2606776655 0.1311473995 0.2796368897 -0.9472448230 -0.1566221416
-364.1 41.5 2157.6 -0.3235735893 0.1780733913 -0.9292954206 0.9209010005 0.2848715782 -0.2660630643 0.2173511088 -0.9418800473 -0.2561648786
-185.7 274.3 2471.8 0.1096729189 -0.6124115586 -0.7828946114 0.4097784162 0.7454535365 -0.5257192254 0.9055680633 -0.2631561458 0.3327091038
-167.4 342.6 2622.7 0.6727039218 -0.6124115586 -0.4152367115 0.6662555337 0.7454535365 -0.0200647134 0.3218275309 -0.2631561458 0.9094920754
-357.2 -88.5 2251.7 0.3964943588 -0.0176735781 -0.9178670049 -0.0009579860 0.9998061657 -0.0196651444 0.9180366397 0.0086764228 0.3964005709
-350.3 -480.1 2248.3 0.3828150034 0.1581854522 -0.9101813436 -0.0982836634 0.9866134524 0.1301316917 0.9185820818 0.0396395922 0.3932374716
-258.2 -109.0 2401.4 -0.9934201837 0.0499444902 0.1030624136 0.0207306407 0.9634538889 -0.2670709193 -0.1126345992 -0.2631770968 -0.9581499100
-277.8 -486.3 2504.5 -0.9934201837 -0.0165901557 0.1133184880 0.0207306407 0.9470589161 0.3203898668 -0.1126345992 0.3206309080 -0.9404835105
-275.5 -210.8 2098.1 0 0 0 0 0 0 0 0 0
-12.0 496.5 2697.1 0 0 0 0 0 0 0 0 0
-409.9 -851.6 2233.3 0 0 0 0 0 0 0 0 0
-272.6 -780.8 2404.8 0 0 0 0 0 0 0 0 0
-241.3 483.7 2366.7 25 0.5401373506 0.1079943776 -0.8346189857 -0.1151361391 0.9918900132 0.0538320020 0.8336637616 0.0670181364 0.5481908917
-262.5 289.2 2353.6 0.5401373506 0.1079943776 -0.8346189857 -0.1151361391 0.9918900132 0.0538320020 0.8336637616 0.0670181364 0.5481908917
-282.4 94.7 2341.8 0.5411027074 0.1017366871 -0.8347799182 -0.1059999838 0.9929893017 0.0523090735 0.8342492580 0.0601820759 0.5480933189
-339.6 304.3 2234.7 0.0896535739 0.1908030808 -0.9775256515 0.9558780193 0.2591935992 0.1382601261 0.2797488570 -0.9467908144 -0.1591468453
-364.2 42.0 2157.9 -0.3231940269 0.1809165478 -0.9288782477 0.9205330610 0.2877351940 -0.2642485499 0.2194640189 -0.9404667020 -0.2595339417
-185.4 274.1 2472.5 0.0702204034 -0.6841155887 -0.7259855270 0.3029341698 0.7080357075 -0.6378999352 0.9504209757 -0.1751322448 0.2569605410
-173.5 325.5 2633.8 0.6626170874 -0.6841155887 -0.3048352003 0.7036724091 0.7080357075 -0.0594187379 0.2564834952 -0.1751322448 0.9505497813
-353.8 -88.2 2252.7 0.3919099271 -0.0073471288 -0.9199742675 -0.0012427404 0.9999629855 -0.0085153459 0.9200027585 0.0044805380 0.3918862939
-350.9 -479.8 2251.0 0.3778554499 0.1563022286 -0.9125759602 -0.1031154245 0.9866196513 0.1262888014 0.9201045632 0.0463817492 0.3889167905
-255.3 -108.5 2402.9 -0.9905619025 0.0609534122 0.1227672026 0.0244639833 0.9599196911 -0.2792055607 -0.1348651797 -0.2735670209 -0.9523510337
-279.1 -484.5 2510.0 -0.9905619025 -0.0224644709 0.1352126151 0.0244639833 0.9416614175 0.3356714547 -0.1348651797 0.3358111680 -0.9322243333
-275.5 -210.6 2097.7 0 0 0 0 0 0 0 0 0
-12.5 496.5 2696.1 0 0 0 0 0 0 0 0 0
-409.8 -851.4 2233.5 0 0 0 0 0 0 0 0 0
-272.0 -783.4 2403.4 0 0 0 0 0 0 0 0 0
-240.1 485.8 2367.0 26 0.5415478349 0.1152286083 -0.8327354193 -0.1234255508 0.9907255769 0.0568236783 0.8315600157 0.0720080882 0.5507474542
-262.8 290.7 2352.8 0.5415478349 0.1152286083 -0.8327354193 -0.1234255508 0.9907255769 0.0568236783 0.8315600157 0.0720080882 0.5507474542
-284.5 96.5 2340.2 0.5425834060 0.1104034856 -0.8327150345 -0.1143268421 0.9918064475 0.0570027418 0.8321854472 0.0642729402 0.5507597923
-340.2 307.0 2234.2 0.0859281719 0.1901168674 -0.9779938459 0.9561614394 0.2600888312 0.1345698535 0.2799492776 -0.9466833472 -0.1594334692
-364.0 41.6 2156.5 -0.3234080970 0.1817867756 -0.9286338091 0.9213719368 0.2840908468 -0.2652662098 0.2155944705 -0.9414063692 -0.2593705058
-185.5 274.4 2471.4 0.0702524632 -0.7093084455 -0.7013887167 0.2638254166 0.6913005114 -0.6726810336 0.9620087147 -0.1377866715 0.2356991470
-173.6 319.0 2634.1 0.6481906772 -0.7093084455 -0.2770024538 0.7164775729 0.6913005114 -0.0936134830 0.2578927875 -0.1377866715 0.9562981725
-351.2 -90.2 2254.6 0.3945388794 -0.0004118872 -0.9188791513 -0.0134304240 0.9998905063 -0.0062148180 0.9187811017 0.0147929238 0.3944901526
-351.1 -481.8 2248.8 0.3830538988 0.1574133635 -0.9102146626 -0.0936244950 0.9869147539 0.1312770993 0.9189690948 0.0349321850 0.3927792907
-253.4 -109.3 2405.4 -0.9899773598 0.0632599741 0.1262654513 0.0283219386 0.9648332596 -0.2613323927 -0.1383569837 -0.2551370561 -0.9569547772
-278.2 -487.2 2505.3 -0.9899773598 -0.0184323676 0.1400179863 0.0283219386 0.9453927875 0.3247004747 -0.1383569837 0.3254117072 -0.9353954196
-275.5 -210.5 2097.5 0 0 0 0 0 0 0 0 0
-11.9 497.8 2698.5 0 0 0 0 0 0 0 0 0
-410.4 -853.5 2235.7 0 0 0 0 0 0 0 0 0
-272.4 -782.4 2403.7 0 0 0 0 0 0 0 0 0
-239.9 485.0 2367.6 27 0.5522165895 0.1196356714 -0.8250721693 -0.1313701123 0.9897733927 0.0555920377 0.8232853413 0.0776909888 0.5622858405
-263.4 290.8 2352.4 0.5522165895 0.1196356714 -0.8250721693 -0.1313701123 0.9897733927 0.0555920377 0.8232853413 0.0776909888 0.5622858405
-285.9 96.7 2338.4 0.5531494021 0.1146691591 -0.8251525164 -0.1234850958 0.9908259511 0.0549128391 0.8238793612 0.0715190396 0.5622346997
-342.2 308.4 2235.0 0.0887454301 0.1791213304 -0.9798161983 0.9518241286 0.2746299803 0.1364155114 0.2935218215 -0.9447189569 -0.1461198479
-366.9 43.1 2153.2 -0.3324537575 0.1780906469 -0.9261523485 0.9199681282 0.2774857879 -0.2768758535 0.2076851279 -0.9440791011 -0.2560889125
-184.6 273.2 2469.8 0.0518116690 -0.7196969390 -0.6923524141 0.2371283770 0.6823219657 -0.6915250421 0.9700956941 -0.1283473372 0.2060128003
-175.5 314.6 2639.2 0.6502628922 -0.7196969390 -0.2432991564 0.7272235751 0.6823219657 -0.0747167692 0.2197817862 -0.1283473372 0.9670692682
-355.1 -87.4 2252.4 0.4065221548 -0.0124670593 -0.9135558605 -0.0031661312 0.9998816848 -0.0150540173 0.9136354327 0.0090122297 0.4064345658
-350.2 -479.1 2248.9 0.3933972716 0.1574901938 -0.9057788849 -0.0968767256 0.9868345857 0.1295081228 0.9142502546 0.0368007496 0.4034751952
-257.0 -108.1 2402.9 -0.9927707911 0.0535112396 0.1074369922 0.0231340379 0.9636422992 -0.2661922872 -0.1177751124 -0.2617824674 -0.9579138756
-278.0 -485.5 2505.4 -0.9927707911 -0.0170674324 0.1188059896 0.0231340379 0.9440686703 0.3289364874 -0.1177751124 0.3293069899 -0.9368489385
-275.3 -210.4 2096.0 0 0 0 0 0 0 0 0 0
-11.2 498.3 2694.7 0 0 0 0 0 0 0 0 0
-409.6 -850.7 2235.0 0 0 0 0 0 0 0 0 0
-272.6 -782.5 2401.8 0 0 0 0 0 0 0 0 0
-239.9 485.9 2367.0 28 0.5411371589 0.1176123321 -0.8326691389 -0.1292937994 0.9900342822 0.0558139645 0.8309354186 0.0774559528 0.5509508848
-263.0 291.4 2351.7 0.5411371589 0.1176123321 -0.8326691389 -0.1292937994 0.9900342822 0.0558139645 0.8309354186 0.0774559528 0.5509508848
-285.1 97.3 2337.5 0.5419272780 0.1127019674 -0.8328343630 -0.1224976033 0.9909771681 0.0543929152 0.8314500451 0.0725432113 0.5508432984
-340.2 308.9 2233.3 0.0917405337 0.1905608326 -0.9773792624 0.9550426006 0.2610408664 0.1405393928 0.2819172442 -0.9463319778 -0.1580456793
-365.7 43.7 2155.0 -0.3274166882 0.1818830669 -0.9272091985 0.9198547006 0.2857045531 -0.2687753737 0.2160221934 -0.9408993125 -0.2608504295
-185.8 273.9 2470.2 0.0597519465 -0.7263635993 -0.6847084165 0.2260936648 0.6779556274 -0.6994696259 0.9722712636 -0.1130135581 0.2047353685
-175.3 313.5 2640.4 0.6458271742 -0.7263635993 -0.2351663560 0.7294931412 0.6779556274 -0.0906414166 0.2252709866 -0.1130135581 0.9677194357
-358.3 -86.2 2249.9 0.3937723637 -0.0235802867 -0.9189054966 0.0080999294 0.9997211099 -0.0221831109 0.9191722870 0.0012920265 0.3938535452
-349.1 -477.7 2249.4 0.3786942065 0.1597775072 -0.9116259217 -0.0993157700 0.9863137603 0.1316114813 0.9201777577 0.0406983234 0.3893797398
-258.3 -108.5 2398.9 -0.9943597317 0.0483059734 0.0944208428 0.0210939236 0.9625456333 -0.2702979147 -0.1039413735 -0.2667816281 -0.9581355453
-277.2 -485.5 2503.3 -0.9943597317 -0.0135057643 0.1051967591 0.0210939236 0.9468607903 0.3209512234 -0.1039413735 0.3213599622 -0.9412353635
-275.2 -210.4 2095.3 0 0 0 0 0 0 0 0 0
-11.0 499.1 2697.7 0 0 0 0 0 0 0 0 0
-409.3 -849.2 2234.1 0 0 0 0 0 0 0 0 0
-273.0 -780.5 2403.2 0 0 0 0 0 0 0 0 0
-239.6 486.1 2367.1 29 0.5479072928 0.1166996136 -0.8283590674 -0.1281165779 0.9902458787 0.0547652580 0.8266702294 0.0761202425 0.5575141311
-262.4 291.9 2352.2 0.5479072928 0.1166996136 -0.8283590674 -0.1281165779 0.9902458787 0.0547652580 0.8266702294 0.0761202425 0.5575141311
-284.2 97.8 2338.2 0.5487012267 0.1109037027 -0.8286297917 -0.1212050989 0.9912430048 0.0524083637 0.8271858096 0.0716776252 0.5573382974
-340.6 309.2 2234.3 0.0882833600 0.1824730039 -0.9792393446 0.9559250474 0.2608441412 0.1347875744 0.2800239325 -0.9479788542 -0.1514023095
-365.1 44.1 2156.7 -0.3250704706 0.1706112325 -0.9301725626 0.9175991416 0.2948544323 -0.2665945292 0.2287814766 -0.9401875734 -0.2524012029
-184.2 274.6 2470.1 0.0503093898 -0.7300124168 -0.6815796494 0.2151669115 0.6743404865 -0.7063767314 0.9752805829 -0.1111160070 0.1910001785
-175.5 312.2 2640.3 0.6438819766 -0.7300124168 -0.2291240990 0.7331211567 0.6743404865 -0.0883076787 0.2189733684 -0.1111160070 0.9693832397
-356.1 -85.7 2248.2 0.4007852376 -0.0154969757 -0.9160409570 0.0158206597 0.9998249412 -0.0099925399 0.9160354137 -0.0104875099 0.4009602368
-350.1 -477.3 2252.3 0.3836791515 0.1564309001 -0.9101207256 -0.1135760397 0.9860594273 0.1216029972 0.9164555669 0.0567113757 0.3960972428
-258.2 -107.8 2398.5 -0.9950135946 0.0482320152 0.0873019472 0.0221643802 0.9603406787 -0.2779468894 -0.0972455516 -0.2746259570 -0.9566210508
-277.1 -484.0 2506.1 -0.9950135946 -0.0105242468 0.0991826504 0.0221643802 0.9462215304 0.3227593601 -0.0972455516 0.3233482838 -0.9412699938
-275.0 -210.3 2093.2 0 0 0 0 0 0 0 0 0
-11.1 499.3 2696.2 0 0 0 0 0 0 0 0 0
-409.0 -848.6 2230.9 0 0 0 0 0 0 0 0 0
-273.8 -780.5 2404.7 0 0 0 0 0 0 0 0 0
-239.9 489.2 2375.2 30 0.5097782612 0.1120144501 -0.8529823422 -0.1394247413 0.9891370535 0.0465683006 0.8489328027 0.0951873437 0.5198581815
-261.9 294.7 2356.5 0.5097782612 0.1120144501 -0.8529823422 -0.1394247413 0.9891370535 0.0465683006 0.8489328027 0.0951873437 0.5198581815
-283.1 100.8 2339.2 0.5106303692 0.1087029800 -0.8529011011 -0.1317836940 0.9901494980 0.0472967513 0.8496409059 0.0882472992 0.5199256539
-334.6 313.5 2235.5 0.1034007072 0.2238145918 -0.9691312313 0.9536163211 0.2546352446 0.1605517268 0.2827087939 -0.9407804608 -0.1871037781
-363.9 43.2 2155.4 -0.3321600556 0.2177292258 -0.9177492261 0.9237647653 0.2717081606 -0.2698765099 0.1905999631 -0.9374266267 -0.2913812101
-189.2 275.9 2477.4 0.0928058997 -0.7388181686 -0.6674839258 0.2199565917 0.6690276265 -0.7099444270 0.9710850716 -0.0809304640 0.2245976329
-173.9 312.1 2637.1 0.6364299059 -0.7388181686 -0.2215959132 0.7321728468 0.6690276265 -0.1277690530 0.2426518947 -0.0809304640 0.9667317867
-355.5 -85.4 2249.3 0.3588828743 -0.0140295243 -0.9332771897 0.0136105921 0.9998593926 -0.0097965999 0.9332833886 -0.0091866227 0.3590233624
-350.0 -477.1 2252.9 0.3417695165 0.1557312757 -0.9267908931 -0.1134250239 0.9858009219 0.1238195375 0.9329138994 0.0628035367 0.3545805514
-256.3 -107.3 2398.9 -0.9924414754 0.0553623810 0.1095212847 0.0236916877 0.9621037245 -0.2716525495 -0.1204101741 -0.2670045197 -0.9561432600
-278.0 -484.2 2503.5 -0.9924414754 -0.0149822608 0.1218008101 0.0236916877 0.9504564404 0.3099536002 -0.1204101741 0.3104964793 -0.9429174662
-271.6 -213.5 2102.4 0 0 0 0 0 0 0 0 0
-11.3 499.2 2699.1 0 0 0 0 0 0 0 0 0
-408.6 -848.4 2229.3 0 0 0 0 0 0 0 0 0
-273.2 -785.8 2404.9 0 0 0 0 0 0 0 0 0
-240.2 488.6 2370.7 31 0.4965786934 0.1130417436 -0.8605992794 -0.1267044693 0.9903032780 0.0569682866 0.8586941361 0.0807525441 0.5060864091
-262.4 293.7 2354.8 0.4965786934 0.1130417436 -0.8605992794 -0.1267044693 0.9903032780 0.0569682866 0.8586941361 0.0807525441 0.5060864091
-283.7 99.6 2340.5 0.4975550473 0.1086700410 -0.8605985045 -0.1179775968 0.9913803935 0.0569754653 0.8593720198 0.0731829107 0.5060869455
-333.3 310.5 2232.5 0.1069754288 0.2392655760 -0.9650431275 0.9545169473 0.2469711751 0.1670407802 0.2783049345 -0.9390192628 -0.2019632012
-363.3 43.0 2154.5 -0.3350107968 0.2384768277 -0.9115352631 0.9283048511 0.2491593063 -0.2759886980 0.1613005847 -0.9386417866 -0.3048502505
-191.6 276.9 2477.2 0.1196269393 -0.7451816201 -0.6560440063 0.2210204005 0.6641957164 -0.7141386867 0.9679046273 -0.0595688894 0.2441560328
-172.2 312.6 2633.5 0.6309779286 -0.7451816201 -0.2158036977 0.7311721444 0.6641957164 -0.1556643397 0.2593340874 -0.0595688894 0.9639488459
-350.5 -81.2 2245.2 0.3448696136 -0.0057968725 -0.9386327267 0.0163487531 0.9998663068 -0.0001682341 0.9385082126 -0.0152874552 0.3449182808
-348.2 -472.9 2251.2 0.3278024793 0.1593451202 -0.9312114120 -0.1053278968 0.9856926203 0.1315905005 0.9388565421 0.0549468435 0.3398959637
-258.2 -105.1 2398.7 -0.9934225082 0.0504719913 0.1027828082 0.0209553130 0.9625911713 -0.2701464891 -0.1125726551 -0.2662157416 -0.9573174119
-278.0 -482.1 2502.9 -0.9934225082 -0.0152648510 0.1134844124 0.0209553130 0.9501010180 0.3112377226 -0.1125726551 0.3115686774 -0.9435318708
-269.7 -216.2 2109.4 0 0 0 0 0 0 0 0 0
-10.8 499.6 2699.9 0 0 0 0 0 0 0 0 0
-408.2 -844.1 2230.5 0 0 0 0 0 0 0 0 0
-273.1 -786.6 2403.1 0 0 0 0 0 0 0 0 0
-239.9 489.2 2376.5 32 0.4459223747 0.1196667999 -0.8870361447 -0.1387522966 0.9882844687 0.0635735989 0.8842516541 0.0947294086 0.4573022127
-263.5 294.7 2357.9 0.4459223747 0.1196667999 -0.8870361447 -0.1387522966 0.9882844687 0.0635735989 0.8842516541 0.0947294086 0.4573022127
-285.9 100.9 2340.7 0.4469168782 0.1149423644 -0.8871604204 -0.1303686500 0.9894920588 0.0625260174 0.8850250244 0.0877139717 0.4572055638
-327.1 313.3 2232.0 0.1318398565 0.2909273803 -0.9476178288 0.9541063309 0.2220648527 0.2009185553 0.2688853145 -0.9306172132 -0.2482986748
-364.1 45.2 2156.4 -0.3263175786 0.2722593546 -0.9052025676 0.9275094271 0.2769344449 -0.2510649264 0.1823270023 -0.9215108156 -0.3428916931
-199.9 276.2 2483.7 0.1592352688 -0.7493620515 -0.6427290440 0.2217857689 0.6615477800 -0.7163558006 0.9620057940 -0.0284790527 0.2715395689
-174.4 311.7 2637.7 0.6382293701 -0.7493620515 -0.1764081419 0.7330692410 0.6615477800 -0.1580001414 0.2351017296 -0.0284790527 0.9715534449
-349.9 -83.9 2248.6 0.2914572358 -0.0025547026 -0.9565804601 0.0112428591 0.9999365211 0.0007550563 0.9565178156 -0.0109747658 0.2914674580
-348.9 -475.6 2252.9 0.2746360004 0.1580045223 -0.9484775066 -0.1065310240 0.9853338599 0.1332977712 0.9556286931 0.0644339100 0.2874405384
-260.0 -105.2 2403.8 -0.9956704974 0.0412119702 0.0833176225 0.0191434175 0.9680412412 -0.2500593662 -0.0909603313 -0.2473817319 -0.9646390676
-276.2 -484.3 2500.7 -0.9956704974 -0.0097227478 0.0924430713 0.0191434175 0.9517466426 0.3062871993 -0.0909603313 0.3067308068 -0.9474399090
-272.7 -214.6 2105.4 0 0 0 0 0 0 0 0 0
-11.1 499.3 2697.9 0 0 0 0 0 0 0 0 0
-408.4 -846.7 2228.6 0 0 0 0 0 0 0 0 0
-273.1 -785.5 2403.6 0 0 0 0 0 0 0 0 0
-239.3 489.2 2378.9 33 0.4250331521 0.1240437329 -0.8966381550 -0.1444764137 0.9871633649 0.0680811629 0.8935734034 0.1006063148 0.4374985397
-263.8 294.6 2359.1 0.4250331521 0.1240437329 -0.8966381550 -0.1444764137 0.9871633649 0.0680811629 0.8935734034 0.1006063148 0.4374985397
-287.2 101.1 2340.7 0.4260170162 0.1199860126 -0.8967233896 -0.1365115792 0.9883435965 0.0673910752 0.8943567872 0.0937033817 0.4374306500
-324.4 314.1 2231.8 0.1442595869 0.3125534058 -0.9388820529 0.9511472583 0.2179279476 0.2186922580 0.2729616463 -0.9245635867 -0.2658461332
-364.9 46.9 2155.1 -0.3233864903 0.2917033732 -0.9001834989 0.9287026525 0.2802776396 -0.2428082377 0.1814733148 -0.9145237207 -0.3615436852
-203.1 275.2 2486.4 0.1793664694 -0.7495152950 -0.6372240186 0.2325516343 0.6616746783 -0.7128158212 0.9559013844 -0.0203322414 0.2929832637
-174.5 312.3 2638.9 0.6396376491 -0.7495152950 -0.1705592573 0.7317826152 0.6616746783 -0.1633425802 0.2352825105 -0.0203322414 0.9717143178
-348.7 -81.1 2243.6 0.2700527310 0.0016122444 -0.9628441930 0.0208464228 0.9997544289 0.0075209276 0.9626198411 -0.0221029036 0.2699527740
-349.3 -472.7 2252.3 0.2531600296 0.1559128016 -0.9547780752 -0.0982794762 0.9859667420 0.1349469721 0.9624194503 0.0596719161 0.2649303973
-268.0 -104.6 2403.3 -0.9994528294 0.0161890369 0.0288432930 0.0081851836 0.9659641981 -0.2585462332 -0.0320472047 -0.2581686974 -0.9655681849
-274.4 -482.8 2504.4 -0.9994528294 -0.0024024406 0.0329886153 0.0081851836 0.9483727813 0.3170522451 -0.0320472047 0.3171487749 -0.9478341937
-274.5 -212.8 2104.3 0 0 0 0 0 0 0 0 0
-10.7 499.7 2699.2 0 0 0 0 0 0 0 0 0
-408.0 -844.0 2229.8 0 0 0 0 0 0 0 0 0
-273.6 -785.5 2403.1 0 0 0 0 0 0 0 0 0
-241.7 489.2 2380.6 34 0.4285682142 0.1097151935 -0.8968232274 -0.1443343312 0.9881661534 0.0519162826 0.8919063210 0.1071927100 0.4393322766
-263.3 294.7 2359.5 0.4285682142 0.1097151935 -0.8968232274 -0.1443343312 0.9881661534 0.0519162826 0.8919063210 0.1071927100 0.4393322766
-284.4 101.0 2339.6 0.4292396307 0.1078363359 -0.8967300057 -0.1382324100 0.9889933467 0.0527634732 0.8925498128 0.1013089716 0.4394215941
-324.5 314.4 2232.4 0.1497717649 0.3082062900 -0.9394558668 0.9467856288 0.2290811688 0.2260947227 0.2848954499 -0.9233258963 -0.2574953735
-366.8 46.8 2151.8 -0.3382981718 0.2992950380 -0.8921753168 0.9295542240 0.2539493740 -0.2672801018 0.1465717703 -0.9197457433 -0.3641215861
-202.2 275.0 2486.6 0.1900765300 -0.7526469231 -0.6303915977 0.2428319007 0.6581883430 -0.7126154304 0.9512642026 -0.0176277142 0.3078728318
-172.6 312.8 2634.5 0.6326385140 -0.7526469231 -0.1824586093 0.7303308845 0.6581883430 -0.1827701628 0.2576535046 -0.0176277142 0.9660765529
-349.1 -80.1 2241.6 0.2713775635 0.0005164175 -0.9624728560 0.0301569868 0.9995043278 0.0090393098 0.9620004296 -0.0314783454 0.2712274492
-349.3 -471.6 2253.9 0.2529920936 0.1565841138 -0.9547127485 -0.1002709195 0.9857448936 0.1351026744 0.9622581601 0.0615500174 0.2650865018
-272.2 -104.8 2403.1 -0.9999516010 0.0051210364 0.0083989017 0.0028209940 0.9672300816 -0.2538858950 -0.0094238296 -0.2538499236 -0.9671977162
-274.2 -483.6 2502.5 -0.9999516010 -0.0002655295 0.0098334160 0.0028209940 0.9499087334 0.3125146329 -0.0094238296 0.3125272393 -0.9498620629
-271.6 -214.9 2110.6 0 0 0 0 0 0 0 0 0
-10.7 499.7 2700.5 0 0 0 0 0 0 0 0 0
-408.3 -842.9 2230.7 0 0 0 0 0 0 0 0 0
-274.1 -785.4 2403.2 0 0 0 0 0 0 0 0 0
-239.8 489.8 2373.4 35 0.4314197898 0.1181359664 -0.8943829536 -0.1323764324 0.9889478683 0.0667728409 0.8923863769 0.0895880982 0.4422900975
-263.1 295.1 2355.8 0.4314197898 0.1181359664 -0.8943829536 -0.1323764324 0.9889478683 0.0667728409 0.8923863769 0.0895880982 0.4422900975
-285.5 101.3 2339.1 0.4320703149 0.1144993603 -0.8945418596 -0.1268434525 0.9897630215 0.0654211342 0.8928751349 0.0852002501 0.4421707094
-324.7 313.2 2228.6 0.1454035640 0.3057250082 -0.9409516454 0.9530600309 0.2120164633 0.2161610126 0.2655830681 -0.9282140136 -0.2605463266
-365.5 45.6 2154.0 -0.3390951753 0.2956011593 -0.8931037784 0.9312159419 0.2402999699 -0.2740307152 0.1336090118 -0.9245949984 -0.3567530811
-201.5 277.0 2483.0 0.1666208953 -0.7510223389 -0.6389076114 0.2147602886 0.6600509882 -0.7198685408 0.9623489380 -0.0172668472 0.2712680697
-174.5 311.9 2639.1 0.6398246884 -0.7510223389 -0.1630638391 0.7339687943 0.6600509882 -0.1600702703 0.2278468013 -0.0172668472 0.9735438824
-344.3 -80.2 2239.1 0.2754795849 0.0119034629 -0.9612331986 0.0344450548 0.9991589785 0.0222447179 0.9606896043 -0.0392376967 0.2748379111
-349.0 -471.5 2254.5 0.2563885450 0.1572204977 -0.9537015557 -0.1012880355 0.9856203198 0.1352526098 0.9612520933 0.0619213358 0.2686263323
-266.7 -105.2 2400.4 -0.9974034429 0.0268533472 0.0668224469 0.0097802924 0.9697914720 -0.2437392175 -0.0713490546 -0.2424527854 -0.9675360322
-277.2 -484.9 2495.3 -0.9974034429 -0.0115212258 0.0710887015 0.0097802924 0.9563047290 0.2922081947 -0.0713490546 0.2921447158 -0.9537089467
-269.8 -217.4 2116.3 0 0 0 0 0 0 0 0 0
-10.8 499.7 2697.4 0 0 0 0 0 0 0 0 0
-408.2 -842.8 2231.2 0 0 0 0 0 0 0 0 0
-273.6 -785.0 2403.6 0 0 0 0 0 0 0 0 0
-239.9 489.3 2370.4 36 0.4452751279 0.1148707196 -0.8879948258 -0.1217975244 0.9902890325 0.0670294613 0.8870712519 0.0783090144 0.4549420476
-262.5 294.5 2354.9 0.4452751279 0.1148707196 -0.8879948258 -0.1217975244 0.9902890325 0.0670294613 0.8870712519 0.0783090144 0.4549420476
-284.1 100.4 2340.4 0.4458973110 0.1104153022 -0.8882477283 -0.1163253635 0.9910947084 0.0648049563 0.8874930739 0.0744293928 0.4547705650
-326.0 311.0 2228.5 0.1375610679 0.2927186787 -0.9462519288 0.9539715052 0.2178733051 0.2060814053 0.2664869130 -0.9310461879 -0.2492744029
-364.5 44.5 2154.1 -0.3387506306 0.2880987525 -0.8956825137 0.9323458076 0.2306850702 -0.2784163356 0.1264091730 -0.9293995500 -0.3467523754
-199.0 277.9 2481.4 0.1375889033 -0.7474607229 -0.6499013305 0.1993708163 0.6636115909 -0.7210207582 0.9702167511 -0.0303668976 0.2403274477
-176.1 311.0 2642.7 0.6441115737 -0.7474607229 -0.1625508517 0.7351662517 0.6636115909 -0.1383844167 0.2113075405 -0.0303668976 0.9769477844
-347.0 -81.1 2241.7 0.2893777788 0.0049539311 -0.9572021365 0.0297007151 0.9994586706 0.0141516365 0.9567540884 -0.0325247571 0.2890740037
-348.9 -472.5 2254.5 0.2707203329 0.1576250643 -0.9496656656 -0.1031085774 0.9855765104 0.1341924667 0.9571202397 0.0615900494 0.2830680609
-268.9 -104.0 2403.1 -0.9986839890 0.0183193348 0.0479028448 0.0057863882 0.9683127999 -0.2496735603 -0.0509587899 -0.2490678132 -0.9671444893
-276.0 -483.2 2500.6 -0.9986839890 -0.0099723553 0.0503073819 0.0057863882 0.9527406693 0.3037296236 -0.0509587899 0.3036210239 -0.9514291883
-268.8 -218.7 2118.4 0 0 0 0 0 0 0 0 0
-11.2 499.2 2696.8 0 0 0 0 0 0 0 0 0
-408.3 -843.8 2231.3 0 0 0 0 0 0 0 0 0
-272.8 -789.8 2402.9 0 0 0 0 0 0 0 0 0
-238.7 489.5 2369.3 37 0.4486418664 0.1259831488 -0.8847873807 -0.1240849346 0.9892064929 0.0779324397 0.8850556016 0.0748250261 0.4594320655
-263.5 294.9 2354.6 0.4486418664 0.1259831488 -0.8847873807 -0.1240849346 0.9892064929 0.0779324397 0.8850556016 0.0748250261 0.4594320655
-286.7 100.9 2340.7 0.4494789839 0.1185790673 -0.8853855729 -0.1173089817 0.9904021621 0.0730902329 0.8855547905 0.0710111558 0.4590753317
-327.6 311.6 2228.4 0.1331033111 0.2912981510 -0.9473272562 0.9532686472 0.2239444703 0.2027998418 0.2712239027 -0.9300506711 -0.2478776425
-364.6 46.3 2152.9 -0.3277056813 0.2835639417 -0.9012216330 0.9331640601 0.2462677807 -0.2618340254 0.1476951689 -0.9267921448 -0.3453150392
-199.5 278.2 2480.8 0.1732897311 -0.7575511336 -0.6293543577 0.2206490189 0.6526410580 -0.7248266339 0.9598357677 -0.0132614151 0.2802489102
-171.3 314.1 2636.9 0.6261059046 -0.7575511336 -0.1846825480 0.7321981788 0.6526410580 -0.1947958320 0.2680992186 -0.0132614151 0.9633000493
-346.0 -83.2 2245.6 0.2943535149 0.0081713432 -0.9556616545 0.0192918386 0.9997088909 0.0144900493 0.9555018544 -0.0227016676 0.2941101789
-349.2 -474.8 2254.5 0.2765872478 0.1571301520 -0.9480556846 -0.1071390584 0.9854335189 0.1320682168 0.9549977779 0.0650454089 0.2893931270
-265.4 -104.2 2406.0 -0.9975867867 0.0298876800 0.0626684129 0.0125106294 0.9652102590 -0.2611755431 -0.0682941228 -0.2597612441 -0.9632549286
-277.1 -482.2 2507.7 -0.9975867867 -0.0105454037 0.0686250478 0.0125106294 0.9449183345 0.3270669281 -0.0682941228 0.3271361887 -0.9425061345
-272.5 -216.0 2111.4 0 0 0 0 0 0 0 0 0
-11.2 501.2 2705.4 0 0 0 0 0 0 0 0 0
-408.4 -845.9 2230.0 0 0 0 0 0 0 0 0 0
-273.7 -788.9 2401.5 0 0 0 0 0 0 0 0 0
-238.4 488.5 2368.3 38 0.4526024163 0.1225981116 -0.8832444549 -0.1188132167 0.9899631143 0.0765274689 0.8837615252 0.0703045949 0.4626259804
-262.5 293.5 2354.4 0.4526024163 0.1225981116 -0.8832444549 -0.1188132167 0.9899631143 0.0765274689 0.8837615252 0.0703045949 0.4626259804
-285.0 99.4 2341.4 0.4534209073 0.1147794574 -0.8838750720 -0.1119823530 0.9911515117 0.0712642446 0.8842338324 0.0666657165 0.4622620940
-327.1 309.5 2228.4 0.1390562356 0.2865427434 -0.9479222894 0.9533810019 0.2201422155 0.2064027190 0.2678209245 -0.9324326515 -0.2425722629
-365.2 48.5 2155.1 -0.3207722008 0.2786599994 -0.9052368999 0.9353783131 0.2434543818 -0.2565100491 0.1489048004 -0.9290202260 -0.3387459219
-197.9 277.5 2480.5 0.2004172951 -0.7289351821 -0.6545886993 0.3150853217 0.6806052923 -0.6614360809 0.9276605844 -0.0736880824 0.3660818636
-165.6 328.3 2629.8 0.6344165802 -0.7289351821 -0.2572335899 0.7120398879 0.6806052923 -0.1725561917 0.3008568287 -0.0736880824 0.9508181810
-350.5 -82.4 2246.7 0.2980217636 -0.0067268130 -0.9545353651 0.0154216504 0.9998785853 -0.0022314615 0.9544345140 -0.0140554868 0.2980893254
-347.9 -474.0 2252.2 0.2811313272 0.1592794061 -0.9463589191 -0.1020527035 0.9855005145 0.1355508119 0.9542276263 0.0584709086 0.2933099568
-269.3 -103.6 2406.8 -0.9986468554 0.0193176772 0.0482836738 0.0068262545 0.9691083431 -0.2465409786 -0.0515547097 -0.2458777726 -0.9679288268
-276.9 -483.2 2503.1 -0.9986468554 -0.0096913856 0.0510936677 0.0068262545 0.9495530725 0.3135320544 -0.0515547097 0.3134565949 -0.9482020140
-275.2 -214.0 2113.3 0 0 0 0 0 0 0 0 0
-11.4 501.3 2702.9 0 0 0 0 0 0 0 0 0
-407.9 -845.2 2230.2 0 0 0 0 0 0 0 0 0
-273.8 -785.9 2403.2 0 0 0 0 0 0 0 0 0
-238.9 487.6 2367.3 39 0.4538336694 0.1232156157 -0.8825264573 -0.1138643101 0.9902936816 0.0797077343 0.8837816119 0.0643142089 0.4634585083
-263.1 292.7 2354.6 0.4538336694 0.1232156157 -0.8825264573 -0.1138643101 0.9902936816 0.0797077343 0.8837816119 0.0643142089 0.4634585083
-285.5 98.5 2342.6 0.4546498358 0.1140538007 -0.8833375573 -0.1070472300 0.9915753603 0.0729324073 0.8842140436 0.0614001341 0.4630287290
-327.9 308.0 2228.6 0.1403088123 0.2858022749 -0.9479612112 0.9532136321 0.2199345976 0.2073946446 0.2677633464 -0.9327088594 -0.2415718585
-365.9 49.9 2156.1 -0.3178287446 0.2800121903 -0.9058576226 0.9372553825 0.2371883988 -0.2555269599 0.1433082521 -0.9302337766 -0.3378282189
-198.3 277.4 2480.6 0.2105721235 -0.7027130127 -0.6795982718 0.3587083817 0.7022352219 -0.6149747968 0.9093886018 -0.1142810583 0.3999401927
-164.3 335.4 2627.6 0.6489509344 -0.7027130127 -0.2916454673 0.6984811425 0.7022352219 -0.1378036290 0.3016401231 -0.1142810583 0.9465479851
-348.4 -84.6 2248.4 0.2992811501 0.0011823772 -0.9541642070 0.0067269523 0.9999717474 0.0033491026 0.9541412592 -0.0074209408 0.2992647588
-348.9 -476.3 2251.3 0.2836210728 0.1572275609 -0.9459590912 -0.1030145958 0.9857538939 0.1329556257 0.9533871412 0.0597385764 0.2957773209
-266.5 -104.9 2408.3 -0.9992681742 0.0211293064 0.0318853185 0.0122076403 0.9661586285 -0.2576595545 -0.0362504423 -0.2570817471 -0.9657095075
-274.7 -483.2 2508.9 -0.9992681742 -0.0003517252 0.0382491499 0.0122076403 0.9447324872 0.3276149333 -0.0362504423 0.3278421164 -0.9440367818
-276.8 -212.9 2115.9 0 0 0 0 0 0 0 0 0
-11.3 500.1 2698.7 0 0 0 0 0 0 0 0 0
-408.1 -847.6 2228.8 0 0 0 0 0 0 0 0 0
-274.6 -785.9 2403.9 0 0 0 0 0 0 0 0 0
-239.6 486.2 2366.8 40 0.4618015289 0.1130537167 -0.8797489405 -0.1082077473 0.9916161895 0.0706285536 0.8803580999 0.0625792816 0.4701631665
-262.0 290.3 2354.4 0.4618015289 0.1130537167 -0.8797489405 -0.1082077473 0.9916161895 0.0706285536 0.8803580999 0.0625792816 0.4701631665
-282.6 95.9 2343.1 0.4626646340 0.1051753536 -0.8802724481 -0.1003595144 0.9927685261 0.0658682287 0.8808345199 0.0578688197 0.4698742330
-327.9 304.6 2228.9 0.1420550197 0.2779464424 -0.9500347972 0.9499166608 0.2316098064 0.2097981423 0.2783500254 -0.9322567582 -0.2311246097
-365.9 50.4 2154.4 -0.3163588047 0.2781305909 -0.9069511890 0.9385160208 0.2310636342 -0.2565099001 0.1382201910 -0.9323373437 -0.3341290355
-196.0 276.0 2480.0 0.1944539100 -0.6759874225 -0.7107943892 0.3862168193 0.7188573480 -0.5779971480 0.9016785622 -0.1621269435 0.4008623362
-164.7 338.3 2625.4 0.6663541198 -0.6759874225 -0.3146636486 0.6902288795 0.7188573480 -0.0826332271 0.2820572853 -0.1621269435 0.9455995560
-348.9 -86.0 2250.6 0.3068456054 -0.0022052373 -0.9517567754 0.0016928894 0.9999970198 -0.0017712245 0.9517577887 -0.0010677264 0.3068484068
-348.0 -477.7 2251.1 0.2921228707 0.1639724523 -0.9422193170 -0.0957618728 0.9852564335 0.1417723894 0.9515744448 0.0488137305 0.3035182357
-266.7 -105.4 2410.5 -0.9996136427 0.0175663047 0.0215391144 0.0115306592 0.9672172070 -0.2536886036 -0.0252893735 -0.2533422410 -0.9670460820
-273.6 -484.2 2509.7 -0.9996136427 0.0023918420 0.0276909303 0.0115306592 0.9421969056 0.3348611891 -0.0252893735 0.3350511193 -0.9418604970
-277.3 -212.4 2115.7 0 0 0 0 0 0 0 0 0
-11.2 497.2 2690.3 0 0 0 0 0 0 0 0 0
-409.8 -848.8 2232.7 0 0 0 0 0 0 0 0 0
-274.4 -783.7 2403.3 0 0 0 0 0 0 0 0 0
-239.7 489.6 2367.5 41 0.4594190121 0.1167788729 -0.8805094361 -0.1151180863 0.9907867908 0.0713399798 0.8807281256 0.0685876161 0.4686296284
-262.7 293.8 2354.0 0.4594190121 0.1167788729 -0.8805094361 -0.1151180863 0.9907867908 0.0713399798 0.8807281256 0.0685876161 0.4686296284
-284.1 99.5 2341.7 0.4604327083 0.1088618189 -0.8809942007 -0.1062098965 0.9920784831 0.0670798495 0.8813178539 0.0626845509 0.4683476090
-328.4 308.9 2228.4 0.1374583095 0.2801051140 -0.9500769973 0.9511720538 0.2302955240 0.2055132985 0.2763638198 -0.9319362044 -0.2347721308
-365.7 50.6 2153.3 -0.3149102628 0.2809275985 -0.9065932035 0.9395118952 0.2278453559 -0.2557419240 0.1347180754 -0.9322908521 -0.3356856704
-197.1 278.7 2479.6 0.2060004920 -0.6710587144 -0.7122106552 0.3875297606 0.7242602110 -0.5703225732 0.8985457420 -0.1585160941 0.4092531800
-164.4 340.2 2622.2 0.6641470194 -0.6710587144 -0.3295283914 0.6822603941 0.7242602110 -0.0998394564 0.3056624532 -0.1585160941 0.9388520122
-345.0 -89.5 2252.1 0.3048219383 0.0111867869 -0.9523436427 -0.0095647657 0.9999165535 0.0086841583 0.9523613453 0.0064618224 0.3049035072
-349.4 -481.1 2249.6 0.2930916250 0.1610209495 -0.9424274564 -0.0872046128 0.9861093163 0.1413640082 0.9520990849 0.0407514162 0.3030621707
-261.3 -107.6 2411.4 -0.9980558753 0.0337017924 0.0524277240 0.0189591404 0.9654969573 -0.2597232163 -0.0593719445 -0.2582243085 -0.9642588496
-274.5 -485.8 2512.5 -0.9980558753 -0.0027140232 0.0622664504 0.0189591404 0.9384853840 0.3447980583 -0.0593719445 0.3453082442 -0.9366093874
-277.6 -212.1 2115.6 0 0 0 0 0 0 0 0 0
-11.7 497.0 2692.4 0 0 0 0 0 0 0 0 0
-410.0 -852.5 2234.2 0 0 0 0 0 0 0 0 0
-273.7 -781.5 2403.7 0 0 0 0 0 0 0 0 0
-239.9 489.0 2368.4 42 0.4712761343 0.1170284301 -0.8741871715 -0.1186721846 0.9905588031 0.0686308146 0.8739655018 0.0713976398 0.4807147384
-263.0 293.6 2354.3 0.4712761343 0.1170284301 -0.8741871715 -0.1186721846 0.9905588031 0.0686308146 0.8739655018 0.0713976398 0.4807147384
-284.4 99.4 2341.5 0.4723072052 0.1090558916 -0.8746615052 -0.1096310019 0.9918792844 0.0644715354 0.8745895624 0.0654396415 0.4804276228
-330.3 309.2 2229.7 0.1321942359 0.2684583664 -0.9541775584 0.9495778084 0.2417992353 0.1995873153 0.2843002975 -0.9324501157 -0.2229576558
-366.6 48.4 2151.6 -0.3207080364 0.2731546164 -0.9069359899 0.9374845028 0.2281800508 -0.2627863586 0.1351633966 -0.9345161319 -0.3292573988
-195.7 278.0 2479.0 0.2004021704 -0.6697798371 -0.7150062919 0.3907976747 0.7238860130 -0.5685650110 0.8983964324 -0.1654811203 0.4068167210
