-419.9 496.9 2685.6 33 -0.7366343141 -0.0647496358 -0.6731845140 -0.1514949203 0.9859087467 0.0709450692 0.6591048241 0.1542446017 -0.7360634208
-407.0 300.1 2654.8 -0.7366343141 -0.0647496358 -0.6731845140 -0.1514949203 0.9859087467 0.0709450692 0.6591048241 0.1542446017 -0.7360634208
-395.2 103.6 2627.4 -0.7375831008 -0.0590610020 -0.6726685762 -0.1363633871 0.9886716604 0.0627164468 0.6613442898 0.1379859447 -0.7372812629
-303.2 319.2 2561.8 -0.9652984142 -0.2510478199 -0.0719300136 -0.1109559312 0.6436067820 -0.7572708130 0.2364058346 -0.7230112553 -0.6491279006
-104.5 342.1 2513.1 -0.2635056078 -0.2510478199 0.9314181805 -0.7641634345 0.6436067820 -0.0427147038 -0.5887436271 -0.7230112553 -0.3614355624
-510.7 280.9 2747.9 -0.2446363419 0.8705109358 -0.4270407259 -0.9187436104 -0.0673263073 0.3890724480 0.3099407554 0.4875222147 0.8162468076
-576.8 32.9 2831.5 -0.1014199182 0.8738701344 -0.4754629433 -0.9893113971 -0.0382594094 0.1407094449 0.1047708541 0.4846516550 0.8684099317
-315.5 -84.9 2542.8 -0.4144966006 0.3254550397 -0.8498656154 0.1107875258 0.9449658990 0.3078402579 0.9032821655 0.0334442295 -0.4277414978
-444.8 -460.6 2529.5 -0.4451362193 0.1198441461 -0.8874069452 -0.0760864019 0.9823578000 0.1708332747 0.8922245502 0.1435636878 -0.4281645119
-451.1 -105.5 2660.6 -0.8313162923 -0.0281235464 -0.5550876260 0.0302949436 0.9949414730 -0.0957794040 0.5549733639 -0.0964393243 -0.8262590766
-439.9 -500.9 2699.0 -0.8313162923 -0.0281235464 -0.5550876260 0.0302949436 0.9949414730 -0.0957794040 0.5549733639 -0.0964393243 -0.8262590766
-37.0 537.7 2663.8 0 0 0 0 0 0 0 0 0
-603.1 -224.2 2858.7 0 0 0 0 0 0 0 0 0
-488.4 -817.7 2477.4 0 0 0 0 0 0 0 0 0
-429.2 -881.2 2735.8 0 0 0 0 0 0 0 0 0
-423.0 494.6 2690.2 34 -0.7479354143 -0.0924890786 -0.6572962999 -0.1891093701 0.9788972735 0.0774449632 0.6362627149 0.1822247058 -0.7496424913
-404.6 299.8 2653.9 -0.7479354143 -0.0924890786 -0.6572962999 -0.1891093701 0.9788972735 0.0774449632 0.6362627149 0.1822247058 -0.7496424913
-387.8 104.7 2620.9 -0.7494192719 -0.0842029303 -0.6567195654 -0.1726380289 0.9824199677 0.0710434541 0.6391923428 0.1666161120 -0.7507810593
-299.2 324.1 2564.1 -0.9654999375 -0.2451156825 -0.0879099891 -0.0937764049 0.6422247887 -0.7607583404 0.2429317832 -0.7262682915 -0.6430540681
-105.0 342.9 2515.2 -0.2651514709 -0.2451156825 0.9325304031 -0.7649677992 0.6422247887 -0.0486986414 -0.5869573951 -0.7262682915 -0.3577924669
-510.0 275.5 2743.8 -0.2308754623 0.8604119420 -0.4542992413 -0.9329919219 -0.0632853433 0.3542895317 0.2760844529 0.5056542754 0.8173684478
-572.2 23.9 2818.2 -0.0814457983 0.8631817698 -0.4982808530 -0.9940476418 -0.0340548307 0.1034868062 0.0723590553 0.5037434697 0.8608174324
-315.8 -80.4 2539.3 -0.4214560091 0.3211458623 -0.8480802774 0.1227434576 0.9467902184 0.2975270152 0.8985036612 0.0212982465 -0.4384489954
-443.5 -456.9 2530.9 -0.4554471076 0.1228952035 -0.8817396164 -0.0760496110 0.9814351201 0.1760726720 0.8870086670 0.1472477317 -0.4376456439
-439.7 -106.3 2646.4 -0.8443514109 -0.0483654216 -0.5336023569 -0.0049730167 0.9965819120 -0.0824605301 0.5357666612 -0.0669720545 -0.8417058587
-420.5 -502.2 2673.0 -0.8443514109 -0.0483654216 -0.5336023569 -0.0049730167 0.9965819120 -0.0824605301 0.5357666612 -0.0669720545 -0.8417058587
-37.0 539.0 2665.7 0 0 0 0 0 0 0 0 0
-593.4 -234.3 2837.0 0 0 0 0 0 0 0 0 0
-488.7 -817.8 2476.7 0 0 0 0 0 0 0 0 0
-402.0 -883.0 2698.6 0 0 0 0 0 0 0 0 0
-424.9 494.7 2692.5 35 -0.7524149418 -0.1028541550 -0.6506094933 -0.2068414539 0.9746643305 0.0851237476 0.6253705621 0.1986213923 -0.7546265125
-404.5 301.2 2653.1 -0.7524149418 -0.1028541550 -0.6506094933 -0.2068414539 0.9746643305 0.0851237476 0.6253705621 0.1986213923 -0.7546265125
-386.0 106.7 2616.7 -0.7541717887 -0.0929066017 -0.6500717402 -0.1893117279 0.9786724448 0.0797580257 0.6287972927 0.1832174659 -0.7556754351
-298.4 327.8 2564.6 -0.9689528346 -0.2293616682 -0.0923234448 -0.0776946396 0.6369525194 -0.7669778466 0.2347209752 -0.7359923720 -0.6349971294
-104.4 343.3 2517.6 -0.2636016607 -0.2293616682 0.9369671345 -0.7685413361 0.6369525194 -0.0602969863 -0.5829737186 -0.7359923720 -0.3441756666
-510.6 274.5 2741.5 -0.2268343717 0.8559840918 -0.4645830095 -0.9393637776 -0.0663239583 0.3364473879 0.2571806312 0.5127303004 0.8191249967
-571.8 21.1 2810.9 -0.0750280395 0.8585624099 -0.5071896911 -0.9957278967 -0.0370521545 0.0845757052 0.0538210534 0.5113684535 0.8576745391
-302.3 -74.7 2529.3 -0.4109328985 0.3515903354 -0.8411411047 0.1600637883 0.9361348748 0.3130990565 0.8975041509 -0.0059735365 -0.4409655035
-442.0 -446.5 2531.7 -0.4528532326 0.1223319098 -0.8831527829 -0.0748725757 0.9818255901 0.1743921191 0.8884357214 0.1450979561 -0.4354635775
-436.6 -105.1 2638.0 -0.8493361473 -0.0548434965 -0.5249955058 -0.0204620473 0.9972610474 -0.0710751340 0.5274556279 -0.0496241972 -0.8481320739
-414.8 -501.4 2657.7 -0.8493361473 -0.0548434965 -0.5249955058 -0.0204620473 0.9972610474 -0.0710751340 0.5274556279 -0.0496241972 -0.8481320739
-37.0 539.7 2666.6 0 0 0 0 0 0 0 0 0
-591.3 -237.6 2824.8 0 0 0 0 0 0 0 0 0
-488.3 -817.9 2476.8 0 0 0 0 0 0 0 0 0
-393.9 -882.5 2676.6 0 0 0 0 0 0 0 0 0
-424.1 496.6 2694.6 36 -0.7418797016 -0.0955509543 -0.6636900902 -0.2030845881 0.9753246903 0.0865933150 0.6390392780 0.1990270466 -0.7429785132
-405.1 302.8 2655.1 -0.7418797016 -0.0955509543 -0.6636900902 -0.2030845881 0.9753246903 0.0865933150 0.6390392780 0.1990270466 -0.7429785132
-387.9 108.2 2618.2 -0.7433211207 -0.0867291465 -0.6632885933 -0.1876320094 0.9787863493 0.0822892562 0.6420809627 0.1856215149 -0.7438257337
-300.5 329.2 2564.8 -0.9700607061 -0.2234926671 -0.0950436965 -0.0715554208 0.6369923949 -0.7675418854 0.2320820838 -0.7377613187 -0.6339133382
-104.1 343.7 2517.8 -0.2623481154 -0.2234926671 0.9387356043 -0.7682866454 0.6369923949 -0.0630586743 -0.5838742256 -0.7377613187 -0.3388201594
-509.7 276.4 2745.4 -0.2250466347 0.8648213148 -0.4488186240 -0.9388998151 -0.0693628937 0.3371289074 0.2604249120 0.4972654581 0.8275904655
-570.4 23.0 2815.7 -0.0771134421 0.8674618602 -0.4914910793 -0.9955404997 -0.0401266180 0.0853753909 0.0543380193 0.4958828688 0.8666877151
-298.3 -70.4 2522.7 -0.3870200515 0.3579286635 -0.8497661352 0.1795917004 0.9331955910 0.3112760782 0.9044126868 -0.0321408659 -0.4254464507
-440.5 -441.1 2535.4 -0.4350963533 0.1223466396 -0.8920327425 -0.0837599039 0.9809287786 0.1753937453 0.8964794874 0.1510297507 -0.4165508151
-438.8 -103.5 2640.2 -0.8397982717 -0.0526206084 -0.5403424501 -0.0183031689 0.9974700809 -0.0686907247 0.5425899625 -0.0477963760 -0.8386367559
-417.8 -500.0 2659.2 -0.8397982717 -0.0526206084 -0.5403424501 -0.0183031689 0.9974700809 -0.0686907247 0.5425899625 -0.0477963760 -0.8386367559
-37.1 540.1 2667.1 0 0 0 0 0 0 0 0 0
-590.4 -235.7 2829.8 0 0 0 0 0 0 0 0 0
-487.7 -819.2 2477.2 0 0 0 0 0 0 0 0 0
-397.7 -881.3 2677.5 0 0 0 0 0 0 0 0 0
-423.8 500.3 2695.7 37 -0.7251208425 -0.0931173787 -0.6822967529 -0.2035768777 0.9755157232 0.0832194537 0.6578420997 0.1992440075 -0.7263233662
-405.4 307.1 2656.2 -0.7251208425 -0.0931173787 -0.6822967529 -0.2035768777 0.9755157232 0.0832194537 0.6578420997 0.1992440075 -0.7263233662
-388.5 112.4 2619.5 -0.7265756130 -0.0845541358 -0.6818639636 -0.1875722557 0.9791123867 0.0784576312 0.6609874964 0.1849041730 -0.7272592187
-303.2 333.4 2563.3 -0.9742294550 -0.1989206076 -0.1063367724 -0.0455436707 0.6352058053 -0.7709989548 0.2209133208 -0.7462869287 -0.6278957725
-105.4 342.7 2518.4 -0.2674850523 -0.1989206076 0.9428055882 -0.7677823901 0.6352058053 -0.0838081315 -0.5822044015 -0.7462869287 -0.3226357996
-507.6 280.7 2749.2 -0.2160804570 0.8771340847 -0.4288881123 -0.9387107491 -0.0657997876 0.3383674920 0.2685729265 0.4757164717 0.8375932574
-565.9 27.3 2821.7 -0.0732182711 0.8796640038 -0.4699258506 -0.9955670834 -0.0365756303 0.0866507664 0.0590357259 0.4741871357 0.8784425855
-302.4 -69.1 2522.5 -0.3729575574 0.3497090638 -0.8594220281 0.1595553011 0.9366272688 0.3118836582 0.9140266776 -0.0208059773 -0.4051201344
-441.4 -441.3 2530.8 -0.4134982228 0.1189313605 -0.9027040005 -0.0782808512 0.9831176400 0.1653836817 0.9071335793 0.1390503049 -0.3972073495
-438.3 -99.4 2643.4 -0.8259368539 -0.0562803186 -0.5609463453 -0.0187840462 0.9971993566 -0.0723924190 0.5634496212 -0.0492547229 -0.8246808648
-416.0 -495.8 2663.0 -0.8259368539 -0.0562803186 -0.5609463453 -0.0187840462 0.9971993566 -0.0723924190 0.5634496212 -0.0492547229 -0.8246808648
-37.1 538.9 2667.2 0 0 0 0 0 0 0 0 0
-584.9 -231.5 2837.0 0 0 0 0 0 0 0 0 0
-487.2 -819.8 2477.2 0 0 0 0 0 0 0 0 0
-394.5 -877.0 2681.8 0 0 0 0 0 0 0 0 0
-425.1 498.4 2695.2 38 -0.7212907672 -0.0995604545 -0.6854395270 -0.2118809521 0.9738908410 0.0815050229 0.6594285965 0.2040203959 -0.7235534787
-405.4 305.4 2654.8 -0.7212907672 -0.0995604545 -0.6854395270 -0.2118809521 0.9738908410 0.0815050229 0.6594285965 0.2040203959 -0.7235534787
-386.8 111.1 2617.2 -0.7227168679 -0.0936504304 -0.6847699881 -0.1974780113 0.9774538279 0.0747429430 0.6623312831 0.1892450005 -0.7249162793
-303.7 333.1 2561.6 -0.9734559655 -0.1933466643 -0.1224767044 -0.0237451773 0.6175553203 -0.7861689329 0.2276392877 -0.7623926401 -0.6057539582
-109.7 337.9 2516.3 -0.2864176035 -0.1933466643 0.9383932948 -0.7787344456 0.6175553203 -0.1104451567 -0.5581555963 -0.7623926401 -0.3274444342
-507.1 277.6 2748.0 -0.2060991377 0.8791425228 -0.4296877980 -0.9418766499 -0.0591703318 0.3307071328 0.2653139234 0.4728713632 0.8402387500
-562.7 23.4 2819.6 -0.0632940680 0.8813809156 -0.4681469202 -0.9964739680 -0.0299252383 0.0783842802 0.0550770015 0.4714574814 0.8801672459
-305.1 -65.0 2522.2 -0.3661243916 0.3446990848 -0.8643699884 0.1675878912 0.9381016493 0.3031164408 0.9153508544 -0.0338796154 -0.4012292922
-442.1 -437.9 2535.6 -0.4108241200 0.1155304536 -0.9043651223 -0.0931540579 0.9814283848 0.1676920056 0.9069431424 0.1531372070 -0.3924323320
-434.4 -101.4 2640.3 -0.8240298629 -0.0662061274 -0.5626646876 -0.0292420350 0.9967949390 -0.0744628608 0.5657912493 -0.0449061580 -0.8233247995
-408.1 -497.7 2658.2 -0.8240298629 -0.0662061274 -0.5626646876 -0.0292420350 0.9967949390 -0.0744628608 0.5657912493 -0.0449061580 -0.8233247995
-36.9 535.8 2658.1 0 0 0 0 0 0 0 0 0
-579.1 -235.7 2833.9 0 0 0 0 0 0 0 0 0
-487.2 -820.8 2475.9 0 0 0 0 0 0 0 0 0
-382.8 -878.7 2675.3 0 0 0 0 0 0 0 0 0
-426.1 503.1 2686.0 39 -0.7598106265 -0.1099193171 -0.6407850981 -0.1965082884 0.9783327579 0.0651878491 0.6197357178 0.1754499972 -0.7649477124
-404.2 308.2 2651.1 -0.7598106265 -0.1099193171 -0.6407850981 -0.1965082884 0.9783327579 0.0651878491 0.6197357178 0.1754499972 -0.7649477124
-385.2 113.2 2617.7 -0.7613850236 -0.0965190455 -0.6410747766 -0.1815648377 0.9810294509 0.0679370463 0.6223559976 0.1681228876 -0.7644656301
-297.3 333.8 2563.7 -0.9709320664 -0.2014365345 -0.1292833686 -0.0268513877 0.6283885837 -0.7774360180 0.2378442138 -0.7513661385 -0.6155315042
-108.7 339.0 2517.5 -0.2821221054 -0.2014365345 0.9379927516 -0.7718043923 0.6283885837 -0.0971890762 -0.5698465705 -0.7513661385 -0.3327519000
-511.2 282.7 2738.5 -0.2288524210 0.8497196436 -0.4749769270 -0.9361079931 -0.0582318045 0.3468586504 0.2670738399 0.5240091085 0.8087558150
-573.0 30.0 2810.5 -0.0748109743 0.8522760868 -0.5177149177 -0.9949691296 -0.0291057695 0.0958605930 0.0666312054 0.5222818255 0.8501658440
-301.8 -65.1 2518.8 -0.4107797444 0.3533084095 -0.8404957652 0.2016202509 0.9342426658 0.2941766977 0.8891621232 -0.0486191362 -0.4550020993
-442.3 -436.5 2538.1 -0.4640979767 0.1099002138 -0.8789396882 -0.0928115994 0.9807780981 0.1716402024 0.8809080720 0.1612336785 -0.4449771047
-435.9 -98.4 2641.2 -0.8555973172 -0.0548657328 -0.5147261024 -0.0138720293 0.9964401722 -0.0831540301 0.5174560547 -0.0640060753 -0.8533126712
-414.0 -494.5 2666.7 -0.8555973172 -0.0548657328 -0.5147261024 -0.0138720293 0.9964401722 -0.0831540301 0.5174560547 -0.0640060753 -0.8533126712
-37.0 535.2 2662.3 0 0 0 0 0 0 0 0 0
-592.4 -228.6 2827.9 0 0 0 0 0 0 0 0 0
-485.4 -821.4 2474.9 0 0 0 0 0 0 0 0 0
-393.1 -875.4 2691.2 0 0 0 0 0 0 0 0 0
-423.8 512.1 2682.9 40 -0.7669728994 -0.0885791630 -0.6355362535 -0.1728267670 0.9823424220 0.0716534778 0.6179671884 0.1647939533 -0.7687388659
-406.1 316.0 2650.0 -0.7669728994 -0.0885791630 -0.6355362535 -0.1728267670 0.9823424220 0.0716534778 0.6179671884 0.1647939533 -0.7687388659
-388.9 120.3 2620.0 -0.7678338289 -0.0873509198 -0.6346660852 -0.1632013023 0.9846474528 0.0619248673 0.6195131540 0.1511263400 -0.7703014016
-298.2 339.0 2562.9 -0.9739171267 -0.1805347651 -0.1374503225 -0.0071278764 0.6298075914 -0.7767184973 0.2267919481 -0.7554796934 -0.6146672368
-106.7 340.4 2518.3 -0.2741702199 -0.1805347651 0.9445834756 -0.7698799372 0.6298075914 -0.1030888036 -0.5762947202 -0.7554796934 -0.3116645813
-514.1 293.0 2737.1 -0.2407654375 0.8451948166 -0.4771558940 -0.9289931059 -0.0583070293 0.3654751778 0.2810761929 0.5312682986 0.7992184758
-579.1 42.4 2812.9 -0.0857560188 0.8480743766 -0.5228917599 -0.9928814173 -0.0292031355 0.1154715568 0.0826583877 0.5290718675 0.8445416093
-296.4 -65.1 2527.3 -0.4239436090 0.3677484691 -0.8276671171 0.1983530372 0.9293683171 0.3113368452 0.8837012649 -0.0321810171 -0.4669437706
-442.5 -434.5 2540.1 -0.4771199226 0.1058711782 -0.8724378943 -0.0979729816 0.9801217914 0.1725183129 0.8733600974 0.1677872688 -0.4572631121
-441.9 -90.4 2646.7 -0.8594826460 -0.0440325141 -0.5092648864 0.0035935016 0.9957377911 -0.0921590924 0.5111523271 -0.0810391828 -0.8556611538
-424.4 -486.1 2678.9 -0.8594826460 -0.0440325141 -0.5092648864 0.0035935016 0.9957377911 -0.0921590924 0.5111523271 -0.0810391828 -0.8556611538
-37.0 536.0 2664.8 0 0 0 0 0 0 0 0 0
-601.4 -215.7 2834.4 0 0 0 0 0 0 0 0 0
-484.6 -823.9 2473.4 0 0 0 0 0 0 0 0 0
-407.6 -866.7 2709.9 0 0 0 0 0 0 0 0 0
-426.0 509.2 2679.8 41 -0.7626334429 -0.1083740219 -0.6376874447 -0.1816473156 0.9820745587 0.0503364950 0.6208014488 0.1542225182 -0.7686488032
-404.3 313.3 2649.1 -0.7626334429 -0.1083740219 -0.6376874447 -0.1816473156 0.9820745587 0.0503364950 0.6208014488 0.1542225182 -0.7686488032
-385.4 117.5 2620.4 -0.7643165588 -0.0953120068 -0.6377584338 -0.1653935164 0.9849069715 0.0510217473 0.6232697368 0.1444778740 -0.7685447335
-296.8 336.6 2561.4 -0.9759905934 -0.1835345924 -0.1172921136 -0.0249517523 0.6291649938 -0.7768711448 0.2163788229 -0.7552922964 -0.6186386347
-105.7 341.5 2519.0 -0.2694810331 -0.1835345924 0.9453544617 -0.7711117268 0.6291649938 -0.0976633057 -0.5768593550 -0.7552922964 -0.3110736907
-511.9 290.0 2736.7 -0.2317763865 0.8474754691 -0.4775615036 -0.9289623499 -0.0471652858 0.3671571612 0.2886323631 0.5287350416 0.7982046604
-574.4 39.3 2814.6 -0.0768130645 0.8500960469 -0.5209956765 -0.9929708242 -0.0180309899 0.1169780493 0.0900485069 0.5263189673 0.8455055356
-301.2 -60.4 2533.2 -0.4321111739 0.3520581424 -0.8302620053 0.1761639267 0.9358673096 0.3051534593 0.8844468594 -0.0144019881 -0.4664186835
-441.1 -432.3 2538.9 -0.4789887667 0.1071748137 -0.8712538481 -0.0927215517 0.9807893634 0.1716244966 0.8729103208 0.1629902124 -0.4598496854
-436.6 -93.4 2648.8 -0.8577551246 -0.0530376993 -0.5113151073 -0.0002633663 0.9947084785 -0.1027373299 0.5140584111 -0.0879888088 -0.8532302976
-415.5 -488.8 2683.8 -0.8577551246 -0.0530376993 -0.5113151073 -0.0002633663 0.9947084785 -0.1027373299 0.5140584111 -0.0879888088 -0.8532302976
-37.0 538.0 2666.0 0 0 0 0 0 0 0 0 0
-594.4 -218.8 2838.0 0 0 0 0 0 0 0 0 0
-484.1 -825.8 2473.5 0 0 0 0 0 0 0 0 0
-395.2 -869.0 2717.4 0 0 0 0 0 0 0 0 0
-424.9 510.2 2686.8 42 -0.7473108172 -0.0939373747 -0.6578010917 -0.1819143295 0.9810585380 0.0665679723 0.6390882134 0.1694104224 -0.7502442002
-406.3 315.3 2653.2 -0.7473108172 -0.0939373747 -0.6578010917 -0.1819143295 0.9810585380 0.0665679723 0.6390882134 0.1694104224 -0.7502442002
-389.3 119.7 2622.5 -0.7487774491 -0.0855464190 -0.6572778821 -0.1658551842 0.9842717052 0.0608383454 0.6417354941 0.1545673162 -0.7511887550
-300.9 338.7 2562.9 -0.9760578275 -0.1788659841 -0.1237663403 -0.0171965212 0.6306872368 -0.7758465409 0.2168304026 -0.7551427484 -0.6186630726
-104.9 342.1 2519.3 -0.2669780850 -0.1788659841 0.9469581246 -0.7698352933 0.6306872368 -0.0979142264 -0.5797208548 -0.7551427484 -0.3060770333
-511.6 292.0 2743.4 -0.2297753394 0.8606929183 -0.4543247819 -0.9298322201 -0.0562742949 0.3636553288 0.2874287665 0.5060048699 0.8132304549
-573.6 41.0 2821.0 -0.0804688856 0.8634260893 -0.4980162084 -0.9931762815 -0.0271414462 0.1134203151 0.0844131783 0.5037447214 0.8597183824
-296.4 -63.0 2534.5 -0.4123419523 0.3643226922 -0.8350108266 0.1599536687 0.9312716722 0.3273344636 0.8968773484 0.0014106827 -0.4422771335
-441.2 -433.2 2533.9 -0.4536657929 0.1086099595 -0.8845288157 -0.0873620063 0.9823449254 0.1654277295 0.8868795037 0.1523231119 -0.4361678958
-441.0 -91.2 2650.6 -0.8440377116 -0.0492492989 -0.5340176225 0.0007700055 0.9956619740 -0.0930410624 0.5362832546 -0.0789413601 -0.8403383493
-421.4 -487.0 2682.0 -0.8440377116 -0.0492492989 -0.5340176225 0.0007700055 0.9956619740 -0.0930410624 0.5362832546 -0.0789413601 -0.8403383493
-37.0 537.8 2666.7 0 0 0 0 0 0 0 0 0
-594.5 -217.2 2842.9 0 0 0 0 0 0 0 0 0
-484.6 -825.3 2473.1 0 0 0 0 0 0 0 0 0
-402.6 -867.6 2712.2 0 0 0 0 0 0 0 0 0
-421.7 503.2 2681.8 43 -0.7519157529 -0.0782758147 -0.6545957327 -0.1565781087 0.9857185483 0.0619857796 0.6403951645 0.1491034478 -0.7534335852
-406.1 306.9 2652.1 -0.7519157529 -0.0782758147 -0.6545957327 -0.1565781087 0.9857185483 0.0619857796 0.6403951645 0.1491034478 -0.7534335852
-391.5 110.6 2624.6 -0.7527403831 -0.0735446811 -0.6541965604 -0.1458596885 0.9876735806 0.0567969047 0.6419554949 0.1381742209 -0.7541889548
-300.2 327.4 2561.8 -0.9714597464 -0.2139098942 -0.1025109962 -0.0571306162 0.6304395199 -0.7741330862 0.2302217185 -0.7461826205 -0.6246674657
-109.1 338.7 2516.5 -0.2832223177 -0.2139098942 0.9348945022 -0.7710792422 0.6304395199 -0.0893465355 -0.5702823400 -0.7461826205 -0.3434960246
-512.0 286.4 2742.4 -0.2423918545 0.8583924174 -0.4521157742 -0.9220107198 -0.0588023439 0.3826728165 0.3018979728 0.5096123815 0.8057002425
-577.4 37.5 2823.9 -0.0932508409 0.8615006804 -0.4991200864 -0.9905706048 -0.0297400299 0.1337363273 0.1003700867 0.5068846941 0.8561505079
-303.7 -60.7 2532.9 -0.4177937210 0.3504841626 -0.8382179141 0.1674661934 0.9364962578 0.3081069589 0.8929744959 -0.0116480198 -0.4499564767
-443.0 -432.9 2537.5 -0.4617676735 0.1064428911 -0.8805910349 -0.0927427858 0.9815379977 0.1672778428 0.8821390867 0.1589119732 -0.4433707297
-445.9 -99.1 2656.1 -0.8455641866 -0.0364892185 -0.5326253176 0.0201291218 0.9947731495 -0.1001059413 0.5334941745 -0.0953672826 -0.8404100537
-431.4 -494.5 2694.0 -0.8455641866 -0.0364892185 -0.5326253176 0.0201291218 0.9947731495 -0.1001059413 0.5334941745 -0.0953672826 -0.8404100537
-37.0 535.0 2661.7 0 0 0 0 0 0 0 0 0
-601.6 -219.9 2850.0 0 0 0 0 0 0 0 0 0
-485.4 -824.2 2474.2 0 0 0 0 0 0 0 0 0
-417.5 -874.7 2730.4 0 0 0 0 0 0 0 0 0
-420.5 499.1 2669.8 44 -0.7859235406 -0.0716856048 -0.6141541600 -0.1276537478 0.9906699657 0.0477230437 0.6050030589 0.1159057468 -0.7877418399
-406.2 301.5 2646.7 -0.7859235406 -0.0716856048 -0.6141541600 -0.1276537478 0.9906699657 0.0477230437 0.6050030589 0.1159057468 -0.7877418399
-393.2 104.4 2624.7 -0.7864707708 -0.0659916326 -0.6140918732 -0.1197742596 0.9916962385 0.0468257330 0.6059024930 0.1103794649 -0.7878442407
-295.7 318.4 2561.6 -0.9699525833 -0.2370858043 -0.0546107516 -0.1113890111 0.6323047876 -0.7666701674 0.2162972540 -0.7375506163 -0.6397144198
-108.1 339.9 2519.8 -0.2810250521 -0.2370858043 0.9299544096 -0.7713758945 0.6323047876 -0.0719018728 -0.5709677339 -0.7375506163 -0.3605757654
-516.7 284.6 2731.8 -0.2711796761 0.8302536011 -0.4869707525 -0.9110516310 -0.0581659637 0.4081686437 0.3105583489 0.5543425083 0.7721773386
-589.8 38.8 2815.5 -0.1131831482 0.8339237571 -0.5401487947 -0.9864446521 -0.0293053761 0.1614563763 0.1188130453 0.5511010289 0.8259364963
-307.9 -72.3 2538.3 -0.4726051092 0.3363307118 -0.8145710826 0.1619185209 0.9417143464 0.2948839366 0.8662717938 0.0074695051 -0.4995171726
-441.5 -446.6 2535.4 -0.5156040788 0.1170883626 -0.8487889767 -0.0749277696 0.9806624651 0.1807954907 0.8535445333 0.1568167657 -0.4968604147
-452.3 -103.6 2658.2 -0.8712198734 -0.0164424423 -0.4906175137 0.0449579135 0.9925660491 -0.1130991802 0.4888299108 -0.1205913946 -0.8640040755
-445.8 -498.0 2706.1 -0.8712198734 -0.0164424423 -0.4906175137 0.0449579135 0.9925660491 -0.1130991802 0.4888299108 -0.1205913946 -0.8640040755
-37.0 535.1 2664.2 0 0 0 0 0 0 0 0 0
-619.3 -217.5 2846.4 0 0 0 0 0 0 0 0 0
-486.7 -824.5 2474.9 0 0 0 0 0 0 0 0 0
-439.5 -877.3 2752.2 0 0 0 0 0 0 0 0 0
-422.4 505.6 2672.3 45 -0.7720682621 -0.0755843967 -0.6310290098 -0.1397432089 0.9887928963 0.0525395460 0.6199858785 0.1287461370 -0.7739779949
-407.3 308.1 2646.6 -0.7720682621 -0.0755843967 -0.6310290098 -0.1397432089 0.9887928963 0.0525395460 0.6199858785 0.1287461370 -0.7739779949
-394.1 111.2 2623.1 -0.7730568647 -0.0666693002 -0.6308234930 -0.1259854585 0.9907873869 0.0496792383 0.6216998696 0.1178794652 -0.7743343711
-298.6 325.9 2559.2 -0.9761901498 -0.2058168352 -0.0684994981 -0.0796948224 0.6340011954 -0.7692146897 0.2017460912 -0.7454407215 -0.6353082657
-106.4 341.6 2519.5 -0.2740485966 -0.2058168352 0.9394342899 -0.7686114907 0.6340011954 -0.0853160024 -0.5780429840 -0.7454407215 -0.3319403231
-516.0 290.4 2734.0 -0.2615730166 0.8420851827 -0.4716694653 -0.9137455225 -0.0586459674 0.4020321071 0.3108837605 0.5361465812 0.7847917676
-586.5 43.8 2817.8 -0.1073776260 0.8455945849 -0.5229147077 -0.9875118732 -0.0297231264 0.1547154188 0.1152838618 0.5329974890 0.8382263184
-308.2 -81.6 2547.3 -0.4617367685 0.3410744071 -0.8188207746 0.1351922452 0.9393927455 0.3150623739 0.8766539693 0.0347776599 -0.4798627794
-443.7 -454.9 2533.4 -0.4990932643 0.1173902303 -0.8585600853 -0.0794076994 0.9804171920 0.1802124828 0.8629022837 0.1581191123 -0.4799979329
-451.8 -97.3 2656.6 -0.8607735038 -0.0223182291 -0.5084986687 0.0390353873 0.9932012558 -0.1096701398 0.5074891448 -0.1142505929 -0.8540500998
-442.9 -492.1 2702.1 -0.8607735038 -0.0223182291 -0.5084986687 0.0390353873 0.9932012558 -0.1096701398 0.5074891448 -0.1142505929 -0.8540500998
-37.0 536.0 2665.7 0 0 0 0 0 0 0 0 0
-614.5 -212.9 2847.8 0 0 0 0 0 0 0 0 0
-487.7 -821.7 2474.3 0 0 0 0 0 0 0 0 0
-434.4 -871.7 2745.7 0 0 0 0 0 0 0 0 0
-440.5 513.6 2673.5 46 -0.9031259418 -0.2402631491 -0.3558612168 -0.2917211056 0.9514749646 0.0979497358 0.3150593340 0.1922731698 -0.9293915629
-385.2 294.7 2629.3 -0.9031259418 -0.2402631491 -0.3558612168 -0.2917211056 0.9514749646 0.0979497358 0.3150593340 0.1922731698 -0.9293915629
-388.2 97.3 2618.0 -0.9370500445 0.0046705715 -0.3491638899 -0.0108573725 0.9990373850 0.0425014645 0.3490262926 0.0436170027 -0.9360973239
-260.9 296.8 2583.3 -0.8913996816 -0.4136160016 -0.1852792352 -0.1204202101 0.6102635860 -0.7829925418 0.4369274378 -0.6756479740 -0.5937964916
-107.5 317.5 2508.1 -0.2718855739 -0.4136160016 0.8689073920 -0.7910317183 0.6102635860 0.0429789089 -0.5480393171 -0.6756479740 -0.4931052327
-509.6 292.6 2675.3 -0.4317145348 0.6166405082 -0.6583138108 -0.8719735742 -0.0985332206 0.4795344174 0.2308345586 0.7810541987 0.5802324414
-623.9 61.6 2736.5 -0.2394855320 0.6231316924 -0.7445492148 -0.9656520486 -0.0732478797 0.2493006587 0.1008104905 0.7786794305 0.6192702055
-309.7 -87.1 2559.3 -0.7076349258 0.3459862173 -0.6160733104 0.2112346143 0.9356250167 0.2828175724 0.6742646098 0.0699955747 -0.7351652384
-443.3 -448.5 2532.2 -0.7530677319 0.1194364578 -0.6470115781 -0.0073349094 0.9818002582 0.1897747070 0.6579021215 0.1476589739 -0.7384860516
-472.2 -101.5 2636.7 -0.9740958214 -0.0292260088 -0.2242392004 -0.0061883186 0.9946869612 -0.1027595252 0.2260510623 -0.0987099558 -0.9691012502
-460.6 -496.9 2676.0 -0.9740958214 -0.0292260088 -0.2242392004 -0.0061883186 0.9946869612 -0.1027595252 0.2260510623 -0.0987099558 -0.9691012502
-38.4 518.5 2647.4 0 0 0 0 0 0 0 0 0
-685.6 -187.1 2762.4 0 0 0 0 0 0 0 0 0
-488.6 -820.8 2476.3 0 0 0 0 0 0 0 0 0
-449.4 -877.0 2713.7 0 0 0 0 0 0 0 0 0
-430.2 529.9 2674.2 47 -0.9549582005 -0.1744264066 -0.2400630713 -0.2149769515 0.9643198848 0.1545058489 0.2045476884 0.1991546452 -0.9583828449
-392.7 322.8 2631.4 -0.9549582005 -0.1744264066 -0.2400630713 -0.2149769515 0.9643198848 0.1545058489 0.2045476884 0.1991546452 -0.9583828449
-386.6 126.2 2610.1 -0.9718068838 -0.0322400704 -0.2335636467 -0.0553119369 0.9941365123 0.0929146633 0.2291985750 0.1032139659 -0.9678919911
-260.8 330.4 2601.1 -0.8225586414 -0.3593184948 -0.4407805502 0.1554443836 0.6035113931 -0.7820556164 0.5470231175 -0.7118034959 -0.4405694902
-111.0 302.0 2501.4 -0.2685598135 -0.3593184948 0.8937370181 -0.7973485589 0.6035113931 0.0030400692 -0.5404728055 -0.7118034959 -0.4485809803
-524.5 315.2 2661.7 -0.4313719273 0.5228404403 -0.7352252007 -0.8921195269 -0.1258779168 0.4339095652 0.1343168616 0.8430851698 0.5207363963
-639.4 77.7 2697.4 -0.2179914564 0.5294209719 -0.8198738694 -0.9756531119 -0.0974746421 0.1964679360 0.0240973327 0.8427408338 0.5377798676
-301.5 -80.7 2571.7 -0.7670904994 0.3470576108 -0.5395583510 0.2195751220 0.9322741032 0.2874922156 0.6027926207 0.1020589545 -0.7913438082
-445.6 -467.6 2529.4 -0.8131399155 0.1054760814 -0.5724318624 -0.0063709496 0.9817728996 0.1899510473 0.5820333958 0.1581037045 -0.7976467609
-466.5 -75.3 2608.5 -0.9950127006 -0.0114124957 -0.0990930945 -0.0003267112 0.9938008189 -0.1111749038 0.0997475833 -0.1105880663 -0.9888481498
-461.9 -478.7 2653.4 -0.9950127006 -0.0114124957 -0.0990930945 -0.0003267112 0.9938008189 -0.1111749038 0.0997475833 -0.1105880663 -0.9888481498
-42.5 505.4 2639.3 0 0 0 0 0 0 0 0 0
-695.6 -173.9 2703.6 0 0 0 0 0 0 0 0 0
-484.5 -829.7 2471.0 0 0 0 0 0 0 0 0 0
-457.4 -866.6 2696.6 0 0 0 0 0 0 0 0 0
-426.2 526.3 2675.5 48 -0.9362214804 -0.1354386210 -0.3242617846 -0.1920090318 0.9699806571 0.1492317170 0.2943159044 0.2019751370 -0.9341221452
-398.2 325.5 2633.7 -0.9362214804 -0.1354386210 -0.3242617846 -0.1920090318 0.9699806571 0.1492317170 0.2943159044 0.2019751370 -0.9341221452
-386.7 129.8 2604.9 -0.9452050328 -0.0603722893 -0.3208467066 -0.1021753699 0.9880872369 0.1150817126 0.3100768030 0.1415584534 -0.9401136041
-268.2 339.9 2591.3 -0.8413957357 -0.2624931037 -0.4723881781 0.2414679974 0.5993986726 -0.7631608248 0.4834733009 -0.7561869025 -0.4409477711
-110.0 294.4 2500.4 -0.2369437516 -0.2624931037 0.9353902936 -0.7997124195 0.5993986726 -0.0343694538 -0.5516499281 -0.7561869025 -0.3519427776
-528.2 311.1 2676.0 -0.3874209821 0.5997557640 -0.7001414299 -0.9106416106 -0.1306215227 0.3920074403 0.1436551809 0.7894498706 0.5967680812
-631.9 67.3 2714.5 -0.1809271723 0.6051746607 -0.7752606273 -0.9834356308 -0.1025529131 0.1494565904 0.0109421052 0.7894596457 0.6137049198
-290.3 -56.4 2566.5 -0.6936807632 0.3851909637 -0.6086336970 0.2352421731 0.9198126197 0.3140157163 0.6807849407 0.0746503323 -0.7286694646
-446.6 -429.7 2536.2 -0.7478930354 0.0921119675 -0.6573974490 -0.0366679654 0.9830814600 0.1794611216 0.6628057361 0.1583231539 -0.7318621874
-460.0 -75.3 2603.8 -0.9825043678 -0.0504796095 -0.1792679280 -0.0296160225 0.9926657677 -0.1172072887 0.1838697195 -0.1098474711 -0.9767934680
-439.3 -482.2 2648.8 -0.9825043678 -0.0504796095 -0.1792679280 -0.0296160225 0.9926657677 -0.1172072887 0.1838697195 -0.1098474711 -0.9767934680
-48.4 502.4 2643.9 0 0 0 0 0 0 0 0 0
-678.7 -187.2 2717.3 0 0 0 0 0 0 0 0 0
-484.1 -829.7 2471.8 0 0 0 0 0 0 0 0 0
-419.4 -873.4 2692.1 0 0 0 0 0 0 0 0 0
-421.1 516.0 2676.1 49 -0.9129124880 -0.1028703079 -0.3949790597 -0.1657085866 0.9777879119 0.1283412278 0.3730032444 0.1826157421 -0.9096813202
-400.2 317.4 2639.0 -0.9129124880 -0.1028703079 -0.3949790597 -0.1657085866 0.9777879119 0.1283412278 0.3730032444 0.1826157421 -0.9096813202
-388.7 121.4 2609.9 -0.9173964858 -0.0593888089 -0.3935183287 -0.1113958806 0.9875971079 0.1106478870 0.3820663095 0.1453443021 -0.9126337767
-273.0 333.0 2586.1 -0.8615735173 -0.2271180600 -0.4539917409 0.2566125989 0.5767882466 -0.7755419612 0.4379966855 -0.7846863866 -0.4386641085
-111.4 284.9 2503.9 -0.2412756383 -0.2271180600 0.9435059428 -0.8139487505 0.5767882466 -0.0693021193 -0.5284633636 -0.7846863866 -0.3240274191
-527.4 301.7 2692.0 -0.3667539060 0.6609460711 -0.6547074318 -0.9132267833 -0.1214983389 0.3889151216 0.1775060743 0.7405325174 0.6481536627
-625.9 56.4 2739.7 -0.1695239693 0.6660839915 -0.7263565063 -0.9851161838 -0.0932735279 0.1443820000 0.0284207091 0.7400217652 0.6719822288
-288.4 -52.0 2547.3 -0.6393405795 0.3769754767 -0.6701739430 0.2343227565 0.9256376028 0.2971327603 0.7323499918 0.0329320133 -0.6801316142
-439.7 -423.5 2534.1 -0.6947197914 0.1075459793 -0.7111949921 -0.0340484865 0.9827334285 0.1818674058 0.7184741497 0.1505620033 -0.6790625453
-460.1 -84.7 2615.2 -0.9655819535 -0.0659982860 -0.2515863776 -0.0316164829 0.9898812771 -0.1383308470 0.2581702471 -0.1256154925 -0.9578981400
-432.9 -492.7 2667.0 -0.9655819535 -0.0659982860 -0.2515863776 -0.0316164829 0.9898812771 -0.1383308470 0.2581702471 -0.1256154925 -0.9578981400
-47.5 500.5 2643.9 0 0 0 0 0 0 0 0 0
-669.9 -199.1 2747.1 0 0 0 0 0 0 0 0 0
-484.3 -830.8 2471.7 0 0 0 0 0 0 0 0 0
-406.8 -884.9 2716.7 0 0 0 0 0 0 0 0 0
-419.5 508.1 2677.0 50 -0.7994977832 -0.0745241940 -0.5960280895 -0.1548474431 0.9843063354 0.0846361816 0.5803667903 0.1599598676 -0.7984905839
-404.5 310.4 2644.8 -0.7994977832 -0.0745241940 -0.5960280895 -0.1548474431 0.9843063354 0.0846361816 0.5803667903 0.1599598676 -0.7984905839
-393.7 114.0 2617.6 -0.8014674187 -0.0539918989 -0.5955962539 -0.1246025637 0.9891356826 0.0780051500 0.5849138498 0.1367314011 -0.7994875312
-295.8 327.4 2565.2 -0.9322630167 -0.1225290298 -0.3404002190 0.2137733847 0.5725039840 -0.7915428877 0.2918674648 -0.8106946945 -0.5075308084
-110.5 284.9 2507.2 -0.2321711332 -0.1225290298 0.9649265409 -0.8107188344 0.5725039840 -0.1223690584 -0.5374305248 -0.8106946945 -0.2322554886
-513.3 293.5 2724.5 -0.2811385691 0.8176346421 -0.5024288297 -0.9211721420 -0.0831262469 0.3801734746 0.2690779865 0.5697048903 0.7765522599
-588.4 47.4 2796.4 -0.1230663508 0.8214398026 -0.5568584204 -0.9890122414 -0.0552039444 0.1371397227 0.0819112435 0.5676171184 0.8192077875
-293.2 -62.1 2545.5 -0.4877269864 0.3685704768 -0.7913774252 0.1666848212 0.9291460514 0.3300057650 0.8569355607 0.0290421192 -0.5146046877
-440.5 -433.2 2533.9 -0.5296317935 0.1116222292 -0.8408511281 -0.0695846528 0.9822447300 0.1742217839 0.8453686237 0.1507837325 -0.5124608278
-453.8 -93.5 2642.3 -0.8834788799 -0.0231908802 -0.4678966105 0.0094217453 0.9976923466 -0.0672398061 0.4683762491 -0.0638133511 -0.8812216520
-444.5 -496.3 2668.1 -0.8834788799 -0.0231908802 -0.4678966105 0.0094217453 0.9976923466 -0.0672398061 0.4683762491 -0.0638133511 -0.8812216520
-48.3 502.4 2651.3 0 0 0 0 0 0 0 0 0
-620.3 -208.8 2817.6 0 0 0 0 0 0 0 0 0
-485.6 -830.2 2473.0 0 0 0 0 0 0 0 0 0
-435.5 -883.5 2692.9 0 0 0 0 0 0 0 0 0
-418.2 502.3 2677.4 51 -0.7228477001 -0.0645801723 -0.6879829764 -0.1497751772 0.9865972996 0.0647545308 0.6745802760 0.1498504281 -0.7228321433
-405.3 305.1 2647.4 -0.7228477001 -0.0645801723 -0.6879829764 -0.1497751772 0.9865972996 0.0647545308 0.6745802760 0.1498504281 -0.7228321433
-394.5 108.5 2620.9 -0.7239835858 -0.0541789867 -0.6876862645 -0.1308737397 0.9895928502 0.0598169565 0.6772885919 0.1333065629 -0.7235395908
-306.2 323.1 2554.1 -0.9774552584 -0.0646666661 -0.2009961158 0.1217137203 0.6052932739 -0.7866421342 0.1725311130 -0.7933714986 -0.5837762356
-104.1 298.0 2518.4 -0.2080298811 -0.0646666661 0.9759824872 -0.7857452631 0.6052932739 -0.1273754388 -0.5825186372 -0.7933714986 -0.1767306030
-504.4 287.2 2740.7 -0.2331195772 0.8809396029 -0.4118260443 -0.9207348228 -0.0636892691 0.3849560022 0.3128940761 0.4689233601 0.8259589672
-566.9 40.4 2824.6 -0.0967151523 0.8840225935 -0.4573295116 -0.9894887209 -0.0357671306 0.1401169151 0.1075091586 0.4660738111 0.8781896234
-311.5 -70.3 2538.1 -0.4037869573 0.3193080425 -0.8573204875 0.1160882935 0.9474208951 0.2981897593 0.9074577689 0.0208802521 -0.4196241200
-438.6 -447.3 2529.8 -0.4365612268 0.1310238242 -0.8900825977 -0.0713008717 0.9811878800 0.1794060171 0.8968447447 0.1417853832 -0.4190064669
-448.3 -99.9 2655.2 -0.8219003081 -0.0035478307 -0.5696203113 0.0145596601 0.9995230436 -0.0272334516 0.5694452524 -0.0306766611 -0.8214566708
-446.8 -500.0 2667.5 -0.8219003081 -0.0035478307 -0.5696203113 0.0145596601 0.9995230436 -0.0272334516 0.5694452524 -0.0306766611 -0.8214566708
-48.2 509.1 2675.0 0 0 0 0 0 0 0 0 0
-592.0 -216.2 2852.5 0 0 0 0 0 0 0 0 0
-488.9 -824.4 2475.3 0 0 0 0 0 0 0 0 0
-445.5 -884.8 2679.3 0 0 0 0 0 0 0 0 0
-419.0 502.1 2686.6 52 -0.6440479159 -0.0622293018 -0.7624498606 -0.1626891792 0.9850278497 0.0570293590 0.7474854589 0.1607719809 -0.6445291638
-406.6 305.7 2654.5 -0.6440479159 -0.0622293018 -0.7624498606 -0.1626891792 0.9850278497 0.0570293590 0.7474854589 0.1607719809 -0.6445291638
-395.8 109.2 2626.4 -0.6452093124 -0.0545903705 -0.7620530128 -0.1430693418 0.9884323478 0.0503256060 0.7504905462 0.1414969712 -0.6455559731
-317.7 325.5 2550.5 -0.9926051497 -0.0334655046 -0.1166836023 0.0698684826 0.6285455823 -0.7746282220 0.0992642865 -0.7770524621 -0.6215593815
-95.8 309.9 2528.3 -0.1829162091 -0.0334655046 0.9825587869 -0.7682076097 0.6285455823 -0.1216039583 -0.6135134101 -0.7770524621 -0.1406796277
-495.5 285.8 2758.5 -0.1860429347 0.9268040657 -0.3262241781 -0.9235174656 -0.0516033061 0.3800691664 0.3354154229 0.3719829023 0.8655201793
-545.5 37.8 2848.6 -0.0710334107 0.9291900396 -0.3627121449 -0.9907389283 -0.0235387310 0.1337248087 0.1157179773 0.3688519895 0.9222567677
-318.7 -75.9 2533.4 -0.3109086156 0.3084146976 -0.8990084529 0.0931719020 0.9512210488 0.2941046655 0.9458619356 0.0076773441 -0.3244783878
-441.4 -454.2 2530.3 -0.3416807950 0.1335805804 -0.9302744269 -0.0906099305 0.9805538654 0.1740804911 0.9354379177 0.1437720656 -0.3229326904
-443.0 -100.2 2666.0 -0.7563502192 0.0004691374 -0.6541667581 0.0049707745 0.9999749660 -0.0050300946 0.6541480422 -0.0070562288 -0.7563336492
-443.1 -499.0 2668.8 -0.7563502192 0.0004691374 -0.6541667581 0.0049707745 0.9999749660 -0.0050300946 0.6541480422 -0.0070562288 -0.7563336492
-46.4 517.2 2693.9 0 0 0 0 0 0 0 0 0
-563.9 -219.4 2878.6 0 0 0 0 0 0 0 0 0
-491.1 -819.1 2476.8 0 0 0 0 0 0 0 0 0
-443.3 -882.5 2671.5 0 0 0 0 0 0 0 0 0
-420.8 497.8 2691.2 53 -0.5872348547 -0.0603343248 -0.8071647882 -0.1689862162 0.9843816161 0.0493611656 0.7915800214 0.1653863192 -0.5882588625
-408.8 302.3 2658.3 -0.5872348547 -0.0603343248 -0.8071647882 -0.1689862162 0.9843816161 0.0493611656 0.7915800214 0.1653863192 -0.5882588625
-398.4 106.1 2628.6 -0.5882205963 -0.0527501479 -0.8069782853 -0.1517987549 0.9873353243 0.0461091325 0.7943259478 0.1496206373 -0.5887783766
-327.2 323.5 2547.7 -0.9814499021 -0.0011746560 -0.1917150766 0.1517833769 0.6061398387 -0.7807408571 0.1171232462 -0.7953572273 -0.5947176218
-105.0 289.1 2521.1 -0.2324516475 -0.0011746560 0.9726072550 -0.7737367749 0.6061398387 -0.1841898561 -0.5893196464 -0.7953572273 -0.1418070793
-490.5 281.1 2769.0 -0.1549674571 0.9514785409 -0.2658451200 -0.9253574610 -0.0455606803 0.3763480186 0.3459749818 0.3043234348 0.8875182271
-532.2 32.1 2862.1 -0.0550025292 0.9534431696 -0.2965145707 -0.9915413260 -0.0171916895 0.1286479235 0.1175608858 0.3010824025 0.9463238716
-326.9 -74.0 2530.4 -0.2482348084 0.2860284746 -0.9255091548 0.0687603503 0.9582064748 0.2776910961 0.9662564397 0.0052942620 -0.2575276196
-440.6 -455.0 2528.2 -0.2752909958 0.1401088238 -0.9510964155 -0.0952071920 0.9804861546 0.1719956398 0.9566349387 0.1379000694 -0.2565796375
-441.2 -104.0 2671.0 -0.7072815299 0.0018972775 -0.7069294453 -0.0041515455 0.9999679923 0.0068373564 0.7069197893 0.0077707856 -0.7072510719
-442.0 -502.2 2667.9 -0.7072815299 0.0018972775 -0.7069294453 -0.0041515455 0.9999679923 0.0068373564 0.7069197893 0.0077707856 -0.7072510719
-41.8 499.6 2681.4 0 0 0 0 0 0 0 0 0
-546.5 -225.4 2892.7 0 0 0 0 0 0 0 0 0
-492.3 -816.4 2477.4 0 0 0 0 0 0 0 0 0
-442.7 -885.1 2665.0 0 0 0 0 0 0 0 0 0
-417.8 494.9 2694.0 54 -0.5199370980 -0.0356107913 -0.8534619212 -0.1626125574 0.9849858284 0.0579664819 0.8385836482 0.1689225584 -0.5179214478
-410.8 299.8 2660.5 -0.5199370980 -0.0356107913 -0.8534619212 -0.1626125574 0.9849858284 0.0579664819 0.8385836482 0.1689225584 -0.5179214478
-402.1 103.5 2630.4 -0.5203512311 -0.0437952317 -0.8528285623 -0.1523262858 0.9874274731 0.0422342271 0.8402566910 0.1518848389 -0.5204802752
-338.4 321.1 2543.2 -0.9692426920 0.0311030652 -0.2441335469 0.2179936022 0.5689073205 -0.7929837704 0.1142251343 -0.8218132854 -0.5581895113
-117.4 271.4 2517.2 -0.2705660760 0.0311030652 0.9621988535 -0.7867212296 0.5689073205 -0.2396124750 -0.5548546314 -0.8218132854 -0.1294575781
-483.2 278.5 2777.8 -0.1231235266 0.9734145403 -0.1931444705 -0.9247661233 -0.0419240482 0.3782194257 0.3600668907 0.2251811773 0.9053426385
-516.4 29.3 2874.8 -0.0418182947 0.9750238657 -0.2181278318 -0.9913848042 -0.0133704571 0.1302974820 0.1241266802 0.2216974348 0.9671829343
-334.8 -76.2 2526.7 -0.1731053293 0.2669000924 -0.9480500221 0.0524243452 0.9637141824 0.2617377341 0.9835070968 -0.0043927040 -0.1808161288
-440.9 -459.3 2528.4 -0.1988179833 0.1510152221 -0.9683314562 -0.1001151204 0.9797580242 0.1733528823 0.9749094248 0.1314103007 -0.1796746105
-440.7 -106.7 2676.7 -0.6467252970 0.0040828139 -0.7627120614 -0.0056502707 0.9999325871 0.0101436861 0.7627020478 0.0108697079 -0.6466586590
-442.3 -504.6 2672.4 -0.6467252970 0.0040828139 -0.7627120614 -0.0056502707 0.9999325871 0.0101436861 0.7627020478 0.0108697079 -0.6466586590
-43.7 485.7 2668.3 0 0 0 0 0 0 0 0 0
-527.2 -228.2 2907.1 0 0 0 0 0 0 0 0 0
-495.4 -813.3 2480.9 0 0 0 0 0 0 0 0 0
-443.9 -887.2 2668.3 0 0 0 0 0 0 0 0 0
-413.2 494.4 2685.4 55 -0.4954877198 -0.0138049759 -0.8685052395 -0.1344937384 0.9890345931 0.0610087253 0.8581394553 0.1470375955 -0.4919111729
-410.5 298.2 2656.2 -0.4954877198 -0.0138049759 -0.8685052395 -0.1344937384 0.9890345931 0.0610087253 0.8581394553 0.1470375955 -0.4919111729
-405.3 101.3 2630.2 -0.4956423044 -0.0257788654 -0.8681440949 -0.1267607361 0.9910033345 0.0429433845 0.8592266440 0.1313311458 -0.4944509268
-341.2 316.0 2535.9 -0.9567264318 0.0499631800 -0.2866674662 0.2696506083 0.5225198865 -0.8088643551 0.1093760282 -0.8511618972 -0.5133811831
-128.6 256.1 2511.6 -0.3041098416 0.0499631800 0.9513258338 -0.8037995696 0.5225198865 -0.2843926847 -0.5112958550 -0.8511618972 -0.1187430695
-479.7 280.4 2776.6 -0.1244283542 0.9793652296 -0.1592525393 -0.9141905904 -0.0507644638 0.4020926654 0.3857111931 0.1956188977 0.9016430378
-513.3 34.0 2880.5 -0.0511528775 0.9812659025 -0.1857432574 -0.9876117110 -0.0220762882 0.1553567648 0.1483457834 0.1913891584 0.9702389836
-346.3 -78.8 2523.8 -0.1500285566 0.2364529222 -0.9599903226 0.0436646566 0.9716174603 0.2324928045 0.9877169728 -0.0070370920 -0.1560949981
-440.2 -464.9 2526.6 -0.1754204780 0.1605441421 -0.9713152051 -0.1006653160 0.9785178304 0.1799148917 0.9793335199 0.1293385029 -0.1554908305
-445.3 -107.3 2682.7 -0.6224318743 0.0198374353 -0.7824225426 0.0193697084 0.9997630119 0.0099388864 0.7824342847 -0.0089690164 -0.6226686239
-453.2 -504.8 2686.2 -0.6224318743 0.0198374353 -0.7824225426 0.0193697084 0.9997630119 0.0099388864 0.7824342847 -0.0089690164 -0.6226686239
-45.7 475.3 2651.0 0 0 0 0 0 0 0 0 0
-526.6 -222.6 2919.1 0 0 0 0 0 0 0 0 0
-496.6 -808.6 2481.2 0 0 0 0 0 0 0 0 0
-460.8 -887.1 2689.7 0 0 0 0 0 0 0 0 0
-412.8 493.0 2680.6 56 -0.5522180796 -0.0143593326 -0.8335760236 -0.1197516918 0.9908495545 0.0622631982 0.8250543475 0.1342049986 -0.5488845706
-410.0 296.4 2654.0 -0.5522180796 -0.0143593326 -0.8335760236 -0.1197516918 0.9908495545 0.0622631982 0.8250543475 0.1342049986 -0.5488845706
