-275.3 416.1 2838.0 89 0.1235603616 0.0935513601 -0.9879174829 -0.3454118371 0.9373445511 0.0455611423 0.9302814007 0.3356088400 0.1481323838
-294.1 228.1 2770.7 0.1235603616 0.0935513601 -0.9879174829 -0.3454118371 0.9373445511 0.0455611423 0.9302814007 0.3356088400 0.1481323838
-312.0 39.9 2709.8 0.1263925433 0.0903015435 -0.9878616333 -0.3163763285 0.9475113153 0.0461341143 0.9401760101 0.3067050278 0.1483276337
-312.5 274.3 2633.6 -0.4205159843 0.3388833106 -0.8416200876 0.6864416599 0.7254017591 -0.0508936681 0.5932656527 -0.5991247296 -0.5376666784
-202.1 94.0 2477.8 -0.5181167722 0.3388833106 0.7853108048 -0.3876508176 0.7254017591 -0.5687874556 -0.7624184489 -0.5991247296 -0.2444744259
-275.7 182.0 2907.7 0.0406407975 0.9619681835 -0.2701214552 -0.9987649322 0.0468446016 0.0165570378 0.0285810754 0.2691149414 0.9626839161
-265.1 -77.1 2915.1 0.1880133599 0.9619681835 -0.1981621683 -0.8282378912 0.0468446016 -0.5584152341 -0.5278948545 0.2691149414 0.8055458665
-349.2 -119.2 2570.7 -0.9459350705 0.1548957527 0.2849809825 0.1232287809 0.9843480587 -0.1259905547 -0.3000358641 -0.0840610266 -0.9502169490
-410.7 -509.8 2604.0 -0.9458138943 0.0407686271 0.3221397400 0.1261894703 0.9602549672 0.2489710450 -0.2991860807 0.2761309147 -0.9133670926
-319.4 -174.4 2742.3 -0.5595420599 0.1492747217 0.8152482510 -0.0240646061 0.9803057909 -0.1960139573 -0.8284525275 -0.1292966902 -0.5449301004
-378.7 -563.2 2793.6 -0.5535444021 -0.2788075209 0.7847642899 -0.0449885130 0.9509326220 0.3061097860 -0.8316036463 0.1341399848 -0.5389265418
-57.9 201.8 2690.0 0 0 0 0 0 0 0 0 0
-212.3 -310.0 2766.7 0 0 0 0 0 0 0 0 0
-427.1 -896.3 2492.9 0 0 0 0 0 0 0 0 0
-282.7 -890.5 2747.4 0 0 0 0 0 0 0 0 0
-277.5 412.8 2837.4 90 0.0998464227 0.0781359375 -0.9919301867 -0.3584548235 0.9327977300 0.0373963825 0.9281922579 0.3518282473 0.1211447269
-293.2 225.7 2766.8 0.0998464227 0.0781359375 -0.9919301867 -0.3584548235 0.9327977300 0.0373963825 0.9281922579 0.3518282473 0.1211447269
-309.8 38.1 2703.4 0.1025691852 0.0839164630 -0.9911798835 -0.3269225955 0.9439267516 0.0460852906 0.9394685626 0.3193121850 0.1242519841
-308.1 273.4 2629.7 -0.4073631763 0.3441178501 -0.8459540009 0.7005452514 0.7120113373 -0.0477100722 0.5859109163 -0.6120643616 -0.5311173201
-203.2 92.9 2478.8 -0.5261282921 0.3441178501 0.7776708007 -0.3936950862 0.7120113373 -0.5814155936 -0.7537859082 -0.6120643616 -0.2391317934
-278.2 177.9 2903.8 0.0386804081 0.9550279975 -0.2939818501 -0.9990762472 0.0424735025 0.0065266141 0.0187195390 0.2934578359 0.9557887316
-268.2 -81.3 2908.7 0.2001460195 0.9550279975 -0.2187763155 -0.8225544095 0.0424735025 -0.5670980811 -0.5323023200 0.2934578359 0.7940634489
-341.5 -119.4 2563.0 -0.9378204346 0.1679734290 0.3037725091 0.1292657703 0.9811756611 -0.1434736699 -0.3221539557 -0.0952851623 -0.9418798089
-408.2 -509.0 2600.8 -0.9374016523 0.0488294140 0.3448098004 0.1383328140 0.9608659148 0.2400015742 -0.3195968270 0.2726763785 -0.9074720144
-318.3 -177.3 2735.0 -0.5768024921 0.1707127690 0.7988467216 -0.0439721458 0.9700133801 -0.2390407473 -0.8156992793 -0.1730062962 -0.5519995093
-386.0 -562.0 2803.6 -0.5768024921 -0.2952913642 0.7616442442 -0.0439721458 0.9422497153 0.3320119381 -0.8156992793 0.1580141634 -0.5564765930
-57.6 201.9 2687.4 0 0 0 0 0 0 0 0 0
-211.9 -312.5 2759.0 0 0 0 0 0 0 0 0 0
-427.7 -893.5 2491.7 0 0 0 0 0 0 0 0 0
-284.0 -887.6 2749.0 0 0 0 0 0 0 0 0 0
-278.0 411.9 2839.1 91 0.0912365988 0.0809608772 -0.9925327301 -0.3767324984 0.9254206419 0.0408561565 0.9218180180 0.3701917529 0.1149328277
-294.3 225.8 2764.6 0.0912365988 0.0809608772 -0.9925327301 -0.3767324984 0.9254206419 0.0408561565 0.9218180180 0.3701917529 0.1149328277
-312.3 38.8 2700.0 0.0952150971 0.0906503648 -0.9913206100 -0.3334579468 0.9412148595 0.0540402792 0.9379444718 0.3254182935 0.1198459491
-308.2 274.5 2627.7 -0.4181106687 0.3312489688 -0.8458472490 0.7006468177 0.7102420330 -0.0681931004 0.5781673789 -0.6211524606 -0.5290483236
-200.7 94.4 2479.1 -0.5349410176 0.3312489688 0.7772465944 -0.4009267092 0.7102420330 -0.5786311626 -0.7437041998 -0.6211524606 -0.2471310347
-280.4 177.1 2901.5 0.0297812503 0.9539541602 -0.2984703779 -0.9994726181 0.0322873481 0.0034680392 0.0129451677 0.2982096970 0.9544125795
-272.7 -82.2 2904.9 0.1955056340 0.9539541602 -0.2274841368 -0.8209230900 0.0322873481 -0.5701252222 -0.5365284681 0.2982096970 0.7894353867
-335.8 -119.5 2554.0 -0.9357759953 0.1891232282 0.2975830138 0.1358475387 0.9722065330 -0.1906827986 -0.3253746927 -0.1380104721 -0.9354594946
-410.9 -505.2 2608.8 -0.9359189272 0.0321879424 0.3507416546 0.1318503916 0.9554270506 0.2641489506 -0.3266056478 0.2934674323 -0.8984462023
-317.0 -179.4 2726.0 -0.5741448402 0.1434103847 0.8060962558 -0.0393080898 0.9785771370 -0.2020932883 -0.8178096414 -0.1477169245 -0.5562077761
-373.9 -567.6 2784.6 -0.5673851967 -0.2674046457 0.7788252831 -0.0642153099 0.9572928548 0.2818985879 -0.8209448457 0.1099325791 -0.5603252649
-52.8 205.3 2684.8 0 0 0 0 0 0 0 0 0
-217.7 -313.0 2754.0 0 0 0 0 0 0 0 0 0
-424.0 -896.5 2488.6 0 0 0 0 0 0 0 0 0
-284.9 -886.3 2748.0 0 0 0 0 0 0 0 0 0
-277.5 413.1 2839.4 92 0.1675547212 0.0501166880 -0.9845880866 -0.3842288554 0.9230544567 -0.0184025429 0.9079061747 0.3813905716 0.1739184111
-287.6 227.5 2762.7 0.1675547212 0.0501166880 -0.9845880866 -0.3842288554 0.9230544567 -0.0184025429 0.9079061747 0.3813905716 0.1739184111
-302.1 40.9 2696.3 0.1703856140 0.0726638809 -0.9826946259 -0.3412753940 0.9399065971 0.0103275673 0.9243916273 0.3336098194 0.1849449575
-312.4 277.1 2628.1 -0.4249128401 0.3088966906 -0.8509006500 0.6974967718 0.7108831406 -0.0902407169 0.5770158768 -0.6318449378 -0.5175178051
-201.9 95.8 2478.1 -0.5470391512 0.3088966906 0.7780302167 -0.4106538296 0.7108831406 -0.5709716082 -0.7294598222 -0.6318449378 -0.2620312870
-262.8 177.9 2897.4 0.0714051872 0.9695146680 -0.2343983948 -0.9974291325 0.0679830015 -0.0226584226 -0.0060325670 0.2354137152 0.9718765020
-244.3 -80.6 2895.8 0.1926898360 0.9695146680 -0.1513668895 -0.8050146103 0.0679830015 -0.5893469453 -0.5610901117 0.2354137152 0.7935730815
-339.0 -117.6 2549.4 -0.9547312856 0.1766973585 0.2393035889 0.1325525492 0.9728870988 -0.1895270944 -0.2663043141 -0.1492271423 -0.9522674084
-409.2 -503.9 2608.7 -0.9552717805 0.0416637324 0.2927797735 0.1215788946 0.9578204155 0.2603817582 -0.2695819438 0.2843312025 -0.9200441837
-321.5 -178.7 2721.3 -0.6221781969 0.1430037022 0.7697039843 -0.0337239392 0.9773669243 -0.2088457346 -0.7821489573 -0.1558967084 -0.6032737494
-378.3 -566.8 2783.2 -0.6063539386 -0.2802412808 0.7441772223 -0.0915445089 0.9542209506 0.2847490013 -0.7899078727 0.1045333594 -0.6042501926
-51.1 209.0 2679.3 0 0 0 0 0 0 0 0 0
-190.1 -306.9 2738.1 0 0 0 0 0 0 0 0 0
-426.3 -898.7 2491.5 0 0 0 0 0 0 0 0 0
-282.2 -894.2 2747.3 0 0 0 0 0 0 0 0 0
-278.0 411.7 2837.1 93 0.1517814994 0.0502084121 -0.9871380329 -0.3756969571 0.9266815782 -0.0106334053 0.9142287374 0.3724786937 0.1595162749
-288.1 226.3 2762.6 0.1517814994 0.0502084121 -0.9871380329 -0.3756969571 0.9266815782 -0.0106334053 0.9142287374 0.3724786937 0.1595162749
-301.9 39.8 2695.5 0.1538122892 0.0693517104 -0.9856632948 -0.3440093696 0.9388846159 0.0123778423 0.9262825251 0.3371735513 0.1682696342
-310.5 276.5 2627.5 -0.4206324816 0.3052459061 -0.8543378711 0.7004776597 0.7077170610 -0.0920196846 0.5765408874 -0.6371510625 -0.5115067363
-201.5 95.0 2478.1 -0.5424131155 0.3052459061 0.7826959491 -0.4207198918 0.7077170610 -0.5675661564 -0.7271745205 -0.6371510625 -0.2554519773
-265.6 176.2 2897.7 0.0692603439 0.9654454589 -0.2512330413 -0.9975764751 0.0653482750 -0.0238913223 -0.0066481223 0.2522788942 0.9676316977
-247.7 -82.5 2895.9 0.2006845474 0.9654454589 -0.1662550867 -0.8040027022 0.0653482750 -0.5910238624 -0.5597368479 0.2522788942 0.7893351912
-332.2 -114.7 2545.4 -0.9480755329 0.1949442327 0.2512957454 0.1442172080 0.9677323103 -0.2066291869 -0.2834681571 -0.1596589088 -0.9455975890
-409.6 -499.0 2608.9 -0.9490181208 0.0359818488 0.3131611645 0.1245622560 0.9554157853 0.2677031159 -0.2895666659 0.2930631638 -0.9111888409
-301.0 -177.0 2714.5 -0.5145232677 0.1989953071 0.8340663910 -0.0523990691 0.9635843039 -0.2622205019 -0.8558739424 -0.1786228418 -0.4853593707
-379.9 -559.0 2785.3 -0.5145232677 -0.2769016325 0.8115363717 -0.0523990691 0.9548087716 0.2925655246 -0.8558739424 0.1080080047 -0.5057806969
-51.5 211.3 2679.2 0 0 0 0 0 0 0 0 0
-191.2 -308.6 2738.6 0 0 0 0 0 0 0 0 0
-424.6 -896.6 2486.9 0 0 0 0 0 0 0 0 0
-283.5 -891.2 2747.7 0 0 0 0 0 0 0 0 0
-278.6 410.7 2837.9 94 0.1083592027 0.0575525202 -0.9924444556 -0.3841075599 0.9232155085 0.0115994252 0.9169076681 0.3799485266 0.1221452579
-290.2 225.5 2761.7 0.1083592027 0.0575525202 -0.9924444556 -0.3841075599 0.9232155085 0.0115994252 0.9169076681 0.3799485266 0.1221452579
-304.6 39.8 2692.7 0.1104913726 0.0726561919 -0.9912177920 -0.3536807597 0.9349132776 0.0291041639 0.9288172722 0.3473589122 0.1289969534
-306.3 277.1 2626.3 -0.3976665735 0.3038014174 -0.8657748103 0.7130169272 0.6961920857 -0.0832073689 0.5774670243 -0.6504008770 -0.4934678376
-203.7 93.1 2477.3 -0.5485272408 0.3038014174 0.7789881825 -0.4303589165 0.6961920857 -0.5745500922 -0.7168745399 -0.6504008770 -0.2511366606
-274.1 174.0 2897.2 0.0517848358 0.9555571675 -0.2902220786 -0.9985855222 0.0460386984 -0.0265968051 -0.0120533211 0.2911888957 0.9565896392
-260.7 -85.0 2894.0 0.2086718976 0.9555571675 -0.2082464099 -0.8033441305 0.0460386984 -0.5937328339 -0.5577582717 0.2911888957 0.7772482038
-329.8 -115.2 2543.7 -0.9386729598 0.1956363320 0.2839356661 0.1383232772 0.9679446816 -0.2096419632 -0.3158476055 -0.1575103402 -0.9356445670
-407.5 -499.8 2606.2 -0.9390329719 0.0356884822 0.3419699669 0.1296913326 0.9578949809 0.2561588287 -0.3184293807 0.2848921120 -0.9041234255
-301.6 -178.2 2713.3 -0.5155078173 0.1875664741 0.8361043930 -0.0560642704 0.9662750363 -0.2513350844 -0.8550488353 -0.1764407903 -0.4876065552
-376.0 -561.7 2783.3 -0.5155078173 -0.2672878504 0.8141307831 -0.0560642704 0.9585903287 0.2792155743 -0.8550488353 0.0982941613 -0.5091460943
-52.5 211.8 2674.9 0 0 0 0 0 0 0 0 0
-202.0 -310.9 2737.2 0 0 0 0 0 0 0 0 0
-422.4 -899.5 2487.4 0 0 0 0 0 0 0 0 0
-283.7 -893.0 2749.4 0 0 0 0 0 0 0 0 0
-278.2 411.1 2838.8 95 0.1139799282 0.0602306165 -0.9916555882 -0.3657725751 0.9305915833 0.0144802025 0.9236985445 0.3610699773 0.1280994713
-290.3 224.2 2766.3 0.1139799282 0.0602306165 -0.9916555882 -0.3657725751 0.9305915833 0.0144802025 0.9236985445 0.3610699773 0.1280994713
-302.6 37.1 2700.5 0.1159038246 0.0623980537 -0.9912985563 -0.3364015222 0.9415076971 0.0199314579 0.9345588684 0.3311642110 0.1301151514
-307.2 273.2 2629.9 -0.4059753418 0.2857269645 -0.8680691719 0.6928706169 0.7156109810 -0.0884941593 0.5959146619 -0.6373860836 -0.4884922206
-202.2 94.1 2475.8 -0.5411821008 0.2857269645 0.7908742428 -0.4284126759 0.7156109810 -0.5516915321 -0.7235914469 -0.6373860836 -0.2648667991
-273.4 175.1 2902.7 0.0632933900 0.9553393722 -0.2886531055 -0.9979807138 0.0621315204 -0.0131954104 0.0053283605 0.2889054120 0.9573428035
-257.0 -83.8 2904.1 0.2173164785 0.9553393722 -0.2002503723 -0.8102061749 0.0621315204 -0.5828427076 -0.5443707108 0.2889054120 0.7875241041
-329.1 -113.6 2538.6 -0.9251706004 0.2083062381 0.3172820210 0.1321741492 0.9604337215 -0.2451469153 -0.3557940125 -0.1848662347 -0.9160977602
-411.8 -495.1 2612.0 -0.9251706004 0.0205946192 0.3789924085 0.1321741492 0.9535068870 0.2708405852 -0.3557940125 0.3006667495 -0.8848785758
-308.9 -178.3 2708.6 -0.5595889091 0.1862179488 0.8075785637 -0.0662971586 0.9612489939 -0.2675912678 -0.8261143565 -0.2032812685 -0.5255585313
-382.8 -560.0 2789.3 -0.5595889091 -0.2825543284 0.7791169882 -0.0662971586 0.9523367882 0.2977572381 -0.8261143565 0.1149684042 -0.5516496301
-51.8 213.1 2676.9 0 0 0 0 0 0 0 0 0
-195.8 -311.6 2751.0 0 0 0 0 0 0 0 0 0
-420.6 -901.1 2484.0 0 0 0 0 0 0 0 0 0
-284.3 -892.1 2749.3 0 0 0 0 0 0 0 0 0
-277.7 408.5 2839.8 96 0.1096509770 0.0775547177 -0.9909399152 -0.3709422946 0.9281184077 0.0315920003 0.9221596718 0.3641174138 0.1305374205
-293.3 221.9 2766.6 0.1096509770 0.0775547177 -0.9909399152 -0.3709422946 0.9281184077 0.0315920003 0.9221596718 0.3641174138 0.1305374205
-308.4 35.1 2700.7 0.1122890040 0.0760196745 -0.9907634258 -0.3388486207 0.9402357340 0.0337390788 0.9341160655 0.3319303095 0.1313372999
-309.7 271.4 2630.2 -0.4100148678 0.2796886563 -0.8681371212 0.6847495437 0.7231468558 -0.0904252604 0.6024996638 -0.6315321922 -0.4880176187
-203.7 94.3 2474.5 -0.5408090949 0.2796886563 0.7932841778 -0.4248357117 0.7231468558 -0.5445854068 -0.7259752750 -0.6315321922 -0.2722626626
-276.9 172.4 2903.0 0.0492610447 0.9564765096 -0.2876212895 -0.9987755418 0.0484866574 -0.0098197777 0.0045534088 0.2877528667 0.9576938748
-264.1 -86.7 2904.2 0.2052836120 0.9564765096 -0.2073916644 -0.8126327991 0.0484866574 -0.5807555318 -0.5454232693 0.2877528667 0.7872177362
-325.6 -119.1 2549.1 -0.9226030111 0.2150291800 0.3202594817 0.1500909328 0.9649054408 -0.2154767513 -0.3553538918 -0.1507314593 -0.9224985838
-411.0 -502.2 2608.9 -0.9230828285 0.0216103718 0.3839936554 0.1344383061 0.9535669088 0.2695116103 -0.3603393734 0.3004049957 -0.8831264973
-304.4 -180.7 2720.3 -0.4981687069 0.1827480644 0.8476031423 -0.0478596576 0.9702516794 -0.2373207361 -0.8657582998 -0.1587917507 -0.4746027589
-376.9 -565.7 2783.3 -0.4981687069 -0.2748639882 0.8223610520 -0.0478596576 0.9556964040 0.2904373109 -0.8657582998 0.1053288653 -0.4892529249
-51.9 213.6 2678.3 0 0 0 0 0 0 0 0 0
-206.4 -315.2 2750.8 0 0 0 0 0 0 0 0 0
-420.1 -901.9 2483.0 0 0 0 0 0 0 0 0 0
-285.1 -885.1 2748.1 0 0 0 0 0 0 0 0 0
-272.7 412.3 2838.8 97 0.1307787299 0.0982505530 -0.9865311980 -0.3963601887 0.9172744155 0.0388099588 0.9087329507 0.3859461546 0.1589026004
-292.6 227.0 2760.9 0.1307787299 0.0982505530 -0.9865311980 -0.3963601887 0.9172744155 0.0388099588 0.9087329507 0.3859461546 0.1589026004
-308.0 40.6 2694.0 0.1357303113 0.0774132162 -0.9877167940 -0.3440476954 0.9385842085 0.0262839813 0.9290901423 0.3362541497 0.1540281624
-312.4 277.3 2625.2 -0.4127465487 0.3023036420 -0.8592163920 0.7026147842 0.7059656382 -0.0891345143 0.5796315670 -0.6404880881 -0.5037878752
-205.3 95.0 2474.8 -0.5452433228 0.3023036420 0.7818709612 -0.4230795801 0.7059656382 -0.5679931045 -0.7236804366 -0.6404880881 -0.2570245862
-272.8 176.8 2896.5 0.0557905734 0.9624530673 -0.2656530142 -0.9984377623 0.0529589839 -0.0178160071 -0.0030783552 0.2662319839 0.9639040828
-258.3 -82.2 2895.7 0.1980254948 0.9624530673 -0.1856610477 -0.8078046441 0.0529589839 -0.5870664120 -0.5551914573 0.2662319839 0.7879613042
-333.8 -120.7 2549.1 -0.9337608814 0.1937304139 0.3009304106 0.1347924322 0.9692782164 -0.2057444155 -0.3315442502 -0.1515529454 -0.9311874509
-410.7 -505.6 2609.3 -0.9338904619 0.0251978859 0.3566702604 0.1302887946 0.9529147744 0.2738216221 -0.3329766393 0.3021895289 -0.8932009935
-313.2 -182.8 2720.3 -0.4311908185 0.1765876710 0.8848114014 -0.0561514236 0.9735074639 -0.2216533273 -0.9005118012 -0.1452583075 -0.4098518491
-383.3 -569.3 2778.0 -0.4311908185 -0.2997804582 0.8510030508 -0.0561514236 0.9502773285 0.3063004315 -0.9005118012 0.0842889100 -0.4265839756
-51.4 214.5 2679.2 0 0 0 0 0 0 0 0 0
-202.6 -309.4 2739.6 0 0 0 0 0 0 0 0 0
-421.1 -899.6 2484.3 0 0 0 0 0 0 0 0 0
-282.0 -890.4 2749.5 0 0 0 0 0 0 0 0 0
-272.7 413.0 2839.3 98 0.1164633036 0.1045062095 -0.9876815081 -0.3800965846 0.9234334826 0.0528887361 0.9175853729 0.3692547977 0.1472685635
-293.9 226.3 2764.7 0.1164633036 0.1045062095 -0.9876815081 -0.3800965846 0.9234334826 0.0528887361 0.9175853729 0.3692547977 0.1472685635
-310.4 38.8 2701.1 0.1216694042 0.0830211714 -0.9890925288 -0.3282590806 0.9437888861 0.0388390087 0.9367190003 0.3199531138 0.1420826912
-311.6 274.3 2627.9 -0.3959953189 0.2756565809 -0.8759002090 0.6976132989 0.7105735540 -0.0917653888 0.5970957875 -0.6473782659 -0.4736855030
-210.5 96.1 2475.4 -0.5736698508 0.2756565809 0.7713082433 -0.4187829196 0.7105735540 -0.5654255748 -0.7039344907 -0.6473782659 -0.2921943367
-276.1 178.4 2901.4 0.0457107536 0.9598542452 -0.2767496705 -0.9988296032 0.0483005121 0.0025445279 0.0158095267 0.2763094604 0.9609386921
-264.2 -80.7 2905.5 0.1961456239 0.9598542452 -0.2005162090 -0.8197539449 0.0483005121 -0.5706755519 -0.5380802751 0.2763094604 0.7963182330
-335.8 -114.4 2542.1 -0.9315751791 0.1889903694 0.3105644882 0.1229057685 0.9676807523 -0.2202002406 -0.3421429992 -0.1669629067 -0.9246953726
-410.9 -498.8 2608.4 -0.9313325882 0.0297184121 0.3629551232 0.1321029216 0.9563478827 0.2606675625 -0.3393647373 0.2907156348 -0.8946038485
-310.9 -177.5 2712.4 -0.4973697662 0.1713924259 0.8504398465 -0.0643161684 0.9703080654 -0.2331644744 -0.8651512861 -0.1706659943 -0.4715785980
-379.0 -562.8 2780.2 -0.4973697662 -0.2846339345 0.8195162416 -0.0643161684 0.9541435242 0.2923587263 -0.8651512861 0.0927022398 -0.4928686917
-51.1 212.5 2670.9 0 0 0 0 0 0 0 0 0
-209.1 -311.2 2754.2 0 0 0 0 0 0 0 0 0
-423.3 -900.9 2486.2 0 0 0 0 0 0 0 0 0
-281.8 -888.4 2748.5 0 0 0 0 0 0 0 0 0
-273.0 413.2 2839.5 99 0.1095979586 0.1060068458 -0.9883070588 -0.3788063228 0.9237145782 0.0570710003 0.9189635515 0.3681221008 0.1413932890
-294.5 226.2 2765.0 0.1095979586 0.1060068458 -0.9883070588 -0.3788063228 0.9237145782 0.0570710003 0.9189635515 0.3681221008 0.1413932890
-312.3 39.1 2700.6 0.1143894121 0.0892910212 -0.9894150496 -0.3330384493 0.9417666197 0.0464872979 0.9359489679 0.3241955936 0.1374654621
-311.2 274.8 2628.3 -0.4065732956 0.2771847546 -0.8705554605 0.6841198802 0.7239183187 -0.0890072510 0.6055395603 -0.6317522526 -0.4839534461
-206.5 98.5 2472.3 -0.5635392070 0.2771847546 0.7781980038 -0.4100540876 0.7239183187 -0.5547953844 -0.7171326280 -0.6317522526 -0.2942956090
-277.8 177.6 2901.7 0.0374250747 0.9588547349 -0.2814195454 -0.9992273450 0.0392904021 0.0009865327 0.0120030278 0.2811651826 0.9595842957
-268.1 -81.7 2904.8 0.1920511276 0.9588547349 -0.2090788335 -0.8191432953 0.0392904021 -0.5722416043 -0.5404818058 0.2811651826 0.7929852009
-338.1 -118.6 2551.6 -0.9300821424 0.1732699871 0.3239209354 0.1255690902 0.9786151648 -0.1629257649 -0.3452240527 -0.1108598784 -0.9319497943
-406.8 -506.7 2595.6 -0.9298129678 0.0384323671 0.3660201728 0.1330073774 0.9624035358 0.2368299514 -0.3431572020 0.2688909471 -0.8999671340
-315.7 -178.7 2723.4 -0.5526311398 0.1643203348 0.8170664907 -0.0512973145 0.9718056917 -0.2301354110 -0.8318457603 -0.1690933108 -0.5286208987
-381.0 -564.8 2790.5 -0.5526311398 -0.2830761075 0.7838792801 -0.0512973145 0.9503204226 0.3070173264 -0.8318457603 0.1294564456 -0.5396977663
-50.0 212.4 2671.4 0 0 0 0 0 0 0 0 0
-214.1 -312.1 2752.8 0 0 0 0 0 0 0 0 0
-422.5 -900.6 2485.6 0 0 0 0 0 0 0 0 0
-285.9 -884.2 2747.0 0 0 0 0 0 0 0 0 0
-273.0 414.1 2839.6 00 0.1268024445 0.1060399115 -0.9862437248 -0.3677466512 0.9284403920 0.0525433645 0.9212402105 0.3560251892 0.1567243338
-294.4 226.3 2767.6 0.1268024445 0.1060399115 -0.9862437248 -0.3677466512 0.9284403920 0.0525433645 0.9212402105 0.3560251892 0.1567243338
-311.8 38.2 2705.9 0.1317262948 0.0873996168 -0.9874256849 -0.3200210333 0.9465190768 0.0410868600 0.9382082224 0.3105847836 0.1526511759
-313.6 273.0 2630.6 -0.4196390510 0.2653189301 -0.8680489063 0.6702000499 0.7355237007 -0.0991807580 0.6121560335 -0.6233865619 -0.4864712059
-204.6 98.9 2471.6 -0.5586503148 0.2653189301 0.7858216763 -0.4096907973 0.7355237007 -0.5395908952 -0.7211541533 -0.6233865619 -0.3022018075
-275.2 179.5 2904.6 0.0451998264 0.9628593922 -0.2661931515 -0.9986838698 0.0500179231 0.0113447178 0.0242377967 0.2653300464 0.9638529420
-263.4 -79.6 2910.9 0.1896776855 0.9628593922 -0.1921567023 -0.8246688843 0.0500179231 -0.5633998513 -0.5328635573 0.2653300464 0.8035274744
-340.5 -117.5 2550.3 -0.9363040924 0.1633699238 0.3108777106 0.1146607175 0.9789080024 -0.1690916568 -0.3319451809 -0.1226757392 -0.9352877140
-405.4 -506.1 2599.0 -0.9351501465 0.0542993322 0.3500654399 0.1416884661 0.9630300999 0.2291231453 -0.3246823251 0.2638647854 -0.9082713127
-319.5 -178.6 2722.0 -0.5625498891 0.1528029740 0.8125200868 -0.0481825545 0.9750426412 -0.2167263478 -0.8253581524 -0.1610686779 -0.5411476493
-380.2 -566.0 2786.0 -0.5597108603 -0.2770148218 0.7810163498 -0.0580587015 0.9532659054 0.2965017557 -0.8266516328 0.1206104457 -0.5496363640
-49.3 212.9 2672.2 0 0 0 0 0 0 0 0 0
-210.1 -311.5 2761.1 0 0 0 0 0 0 0 0 0
-427.4 -896.9 2492.0 0 0 0 0 0 0 0 0 0
-287.4 -885.6 2745.5 0 0 0 0 0 0 0 0 0
-273.0 412.7 2838.7 01 0.1246818602 0.0994646549 -0.9871986508 -0.3724191189 0.9269062877 0.0463539027 0.9196512699 0.3618721664 0.1526109427
-293.1 225.3 2765.6 0.1246818602 0.0994646549 -0.9871986508 -0.3724191189 0.9269062877 0.0463539027 0.9196512699 0.3618721664 0.1526109427
-310.7 37.8 2702.3 0.1291402876 0.0883308724 -0.9876843691 -0.3280079067 0.9437623024 0.0415156037 0.9358063936 0.3186069429 0.1508509517
-312.0 273.2 2628.9 -0.4183916450 0.2774926424 -0.8648388386 0.6730001569 0.7341430783 -0.0900264308 0.6099337935 -0.6197029948 -0.4939119220
-204.3 100.0 2471.9 -0.5509900451 0.2774926424 0.7870246172 -0.4067986012 0.7341430783 -0.5436440706 -0.7286459208 -0.6197029948 -0.2916219234
-274.3 177.4 2902.2 0.0434260368 0.9623649120 -0.2682683766 -0.9989268184 0.0461549945 0.0038711757 0.0161074083 0.2678123415 0.9633364677
-263.0 -81.8 2906.4 0.1894271076 0.9623649120 -0.1948617697 -0.8205454946 0.0461549945 -0.5697146654 -0.5392795801 0.2678123415 0.7984071970
-341.2 -120.5 2558.2 -0.9340971708 0.1695904434 0.3141681254 0.1265399009 0.9801159501 -0.1528408825 -0.3338415325 -0.1030134335 -0.9369834661
-408.5 -509.7 2599.1 -0.9336710572 0.0465753712 0.3550902903 0.1363597959 0.9630566239 0.2322239876 -0.3311561346 0.2652408481 -0.9055290818
-317.0 -179.2 2730.2 -0.5582951307 0.1548181027 0.8150692582 -0.0243521333 0.9789530635 -0.2026273608 -0.8292849660 -0.1329745501 -0.5427745581
-378.5 -568.0 2783.0 -0.5482563376 -0.2741025686 0.7901156545 -0.0607696325 0.9553233385 0.2892478406 -0.8340995312 0.1105669290 -0.5404192209
-50.1 213.9 2675.8 0 0 0 0 0 0 0 0 0
-209.7 -312.5 2754.8 0 0 0 0 0 0 0 0 0
-427.3 -897.2 2492.4 0 0 0 0 0 0 0 0 0
-288.7 -881.1 2746.8 0 0 0 0 0 0 0 0 0
-271.4 413.0 2838.7 02 0.1316156536 0.1020457894 -0.9860344529 -0.3764114380 0.9253336191 0.0455204733 0.9170560241 0.3651634455 0.1601995975
-292.1 225.9 2764.9 0.1316156536 0.1020457894 -0.9860344529 -0.3764114380 0.9253336191 0.0455204733 0.9170560241 0.3651634455 0.1601995975
-309.3 38.0 2702.8 0.1370704919 0.0868194252 -0.9867492318 -0.3223681152 0.9458336234 0.0384389199 0.9366378784 0.3128276467 0.1576336920
-312.1 273.0 2628.1 -0.4121403694 0.2764120102 -0.8681801558 0.6816022396 0.7258565426 -0.0924696699 0.6046144962 -0.6298639774 -0.4875578284
-206.4 98.2 2473.1 -0.5566816330 0.2764120102 0.7833912969 -0.4133189619 0.7258565426 -0.5498178601 -0.7206059694 -0.6298639774 -0.2898246944
-272.0 178.8 2901.7 0.0475201644 0.9640473723 -0.2614468336 -0.9986441731 0.0514218546 0.0080986703 0.0212515835 0.2607074976 0.9651839137
-259.7 -80.3 2907.2 0.1888716966 0.9640473723 -0.1869226843 -0.8227298856 0.0514218546 -0.5661018491 -0.5361371040 0.2607074976 0.8028627634
-340.1 -119.6 2553.1 -0.9351989031 0.1778908074 0.3061990142 0.1309305876 0.9770935178 -0.1677660793 -0.3290291131 -0.1168038398 -0.9370681643
-410.7 -507.8 2599.5 -0.9352700710 0.0408526696 0.3515692353 0.1292835623 0.9641102552 0.2318990529 -0.3294777870 0.2623403668 -0.9069850445
-316.4 -179.8 2724.8 -0.5633447766 0.1616334021 0.8102575541 -0.0266613495 0.9766108990 -0.2133549601 -0.8257916570 -0.1417949647 -0.5458592772
-380.6 -567.8 2781.1 -0.5464637876 -0.2931383848 0.7845044732 -0.0849125162 0.9513071775 0.2963182926 -0.8331669569 0.0953129679 -0.5447460413
-51.8 213.0 2673.2 0 0 0 0 0 0 0 0 0
-206.6 -311.7 2756.5 0 0 0 0 0 0 0 0 0
-427.2 -896.9 2493.6 0 0 0 0 0 0 0 0 0
-282.3 -886.7 2749.1 0 0 0 0 0 0 0 0 0
-269.1 417.4 2840.2 03 0.1342052519 0.1110466570 -0.9847119451 -0.3722764552 0.9265640378 0.0537521541 0.9183676839 0.3593712747 0.1656898111
-291.6 229.9 2767.5 0.1342052519 0.1110466570 -0.9847119451 -0.3722764552 0.9265640378 0.0537521541 0.9183676839 0.3593712747 0.1656898111
-309.8 42.1 2705.4 0.1395073086 0.0918225870 -0.9859545231 -0.3233538270 0.9453328252 0.0422866233 0.9359380603 0.3129128814 0.1615720093
-312.0 277.1 2630.8 -0.4122269452 0.2852406502 -0.8652784228 0.6842095256 0.7240436673 -0.0872816369 0.6016030908 -0.6280115843 -0.4936346710
-204.6 99.0 2474.1 -0.5508603454 0.2852406502 0.7843409181 -0.4123581648 0.7240436673 -0.5529208779 -0.7256125808 -0.6280115843 -0.2812256515
-271.2 182.7 2904.3 0.0436102226 0.9652767181 -0.2575636506 -0.9988355041 0.0474519394 0.0087155644 0.0206348263 0.2568836212 0.9662220478
-259.9 -76.5 2909.6 0.1834474057 0.9652767181 -0.1859783083 -0.8232228756 0.0474519394 -0.5657317638 -0.5372626781 0.2568836212 0.8033427596
-339.1 -120.4 2554.7 -0.9369062781 0.1759425700 0.3020775616 0.1296857595 0.9773833752 -0.1670430005 -0.3246355653 -0.1173284799 -0.9385338426
-409.0 -508.7 2601.3 -0.9366669059 0.0470458269 0.3470472395 0.1348639131 0.9629703760 0.2334518731 -0.3232132494 0.2654707730 -0.9083272815
-314.0 -179.5 2726.5 -0.5676894188 0.1527585536 0.8089459538 -0.0299775247 0.9781460166 -0.2057468593 -0.8226968050 -0.1410505176 -0.5507038236
-374.7 -568.2 2782.5 -0.5576536655 -0.2705436051 0.7847474217 -0.0669992045 0.9569805264 0.2823107243 -0.8273653984 0.1048541516 -0.5517899394
-51.4 213.7 2676.0 0 0 0 0 0 0 0 0 0
-208.3 -308.1 2758.5 0 0 0 0 0 0 0 0 0
-428.0 -896.3 2494.5 0 0 0 0 0 0 0 0 0
-286.5 -879.9 2748.4 0 0 0 0 0 0 0 0 0
-266.6 417.5 2829.5 04 0.0962728560 0.1299087405 -0.9868410230 -0.3657265007 0.9267113805 0.0863141790 0.9257298112 0.3526042104 0.1367282271
-292.8 230.7 2758.4 0.0962728560 0.1299087405 -0.9868410230 -0.3657265007 0.9267113805 0.0863141790 0.9257298112 0.3526042104 0.1367282271
-313.1 43.2 2695.8 0.1013491303 0.1019059271 -0.9896178842 -0.3247697651 0.9436313510 0.0639100149 0.9403472543 0.3149207532 0.1287321746
-307.6 278.1 2621.1 -0.4105598330 0.3155459166 -0.8554947972 0.7025114298 0.7075865269 -0.0761511773 0.5813074112 -0.6322594881 -0.5121812224
-203.3 99.5 2473.4 -0.5441470742 0.3155459166 0.7773897052 -0.4109333158 0.7075865269 -0.5748522282 -0.7314627171 -0.6322594881 -0.2553628087
-278.0 183.3 2895.7 0.0211587176 0.9570629001 -0.2891070545 -0.9995200634 0.0267936643 0.0155466944 0.0226254016 0.2886393666 0.9571705461
-272.6 -76.0 2901.6 0.1830658168 0.9570629001 -0.2247609496 -0.8279040456 0.0267936643 -0.5602294207 -0.5301526785 0.2886393666 0.7972612381
-340.9 -116.1 2557.3 -0.9259441495 0.1747064739 0.3348208666 0.1319976002 0.9803634286 -0.1465065181 -0.3538417816 -0.0914613158 -0.9308226705
-410.3 -505.6 2593.7 -0.9259811640 0.0416767858 0.3752624393 0.1311469376 0.9675097466 0.2161604464 -0.3540611863 0.2493750304 -0.9013616443
-315.3 -175.4 2729.0 -0.5437837839 0.1526832134 0.8252193928 -0.0376489386 0.9778825641 -0.2057381868 -0.8383804560 -0.1429457217 -0.5260083079
-376.0 -564.0 2785.8 -0.5410408974 -0.2660358548 0.7978093028 -0.0476220436 0.9568172097 0.2867630124 -0.8396468759 0.1171572134 -0.5303463936
-51.1 214.5 2678.0 0 0 0 0 0 0 0 0 0
-221.1 -308.9 2752.5 0 0 0 0 0 0 0 0 0
-427.1 -894.9 2493.3 0 0 0 0 0 0 0 0 0
-287.1 -883.6 2746.7 0 0 0 0 0 0 0 0 0
-265.0 416.7 2824.6 05 0.0197833162 0.1289093494 -0.9914590120 -0.3651862442 0.9240679145 0.1128603369 0.9307242632 0.3598344326 0.0653570518
-290.9 230.8 2752.3 0.0197833162 0.1289093494 -0.9914590120 -0.3651862442 0.9240679145 0.1128603369 0.9307242632 0.3598344326 0.0653570518
-310.6 43.1 2690.3 0.0257963147 0.0988925099 -0.9947636724 -0.3158527911 0.9449256063 0.0857472271 0.9484574795 0.3119869232 0.0556110740
-294.7 276.8 2614.2 -0.3748807311 0.3445501626 -0.8606681228 0.7208438516 0.6921142936 -0.0369043425 0.5829653144 -0.6342420578 -0.5078271627
-202.5 99.6 2470.8 -0.5344723463 0.3445501626 0.7717671394 -0.4108006954 0.6921142936 -0.5934817195 -0.7386353016 -0.6342420578 -0.2283745110
-287.2 184.9 2890.4 -0.0023053531 0.9339498878 -0.3573965430 -0.9994354248 0.0098278578 0.0321289562 0.0335192792 0.3572688103 0.9333999157
-287.8 -74.4 2899.1 0.2025798857 0.9339498878 -0.2944469154 -0.8380941153 0.0098278578 -0.5454370975 -0.5065171719 0.3572688103 0.7847288251
-342.6 -114.6 2547.0 -0.9045906663 0.1663901210 0.3924666643 0.0947756693 0.9761344194 -0.1953947991 -0.4156119823 -0.1395560205 -0.8987718225
-408.6 -502.0 2602.4 -0.9034983516 0.0454101227 0.4261791110 0.1533058584 0.9628227949 0.2224175036 -0.4002349675 0.2662895918 -0.8768704534
-324.0 -174.1 2719.4 -0.4892363846 0.1282251328 0.8626738191 -0.0807655379 0.9782219529 -0.1912033111 -0.8684035540 -0.1632179320 -0.4682255983
-375.0 -562.6 2784.2 -0.4999146760 -0.2662502229 0.8241335750 -0.0437193587 0.9581181407 0.2830162644 -0.8649705052 0.1054534018 -0.4906176329
-52.0 215.2 2678.8 0 0 0 0 0 0 0 0 0
-230.8 -310.0 2756.7 0 0 0 0 0 0 0 0 0
-427.2 -895.3 2493.6 0 0 0 0 0 0 0 0 0
-284.7 -887.6 2748.4 0 0 0 0 0 0 0 0 0
-267.6 416.0 2823.7 06 -0.0292177033 0.1230971739 -0.9919643998 -0.3240363300 0.9376299381 0.1258988678 0.9455933571 0.3251109719 0.0124925617
-292.4 227.0 2758.2 -0.0292177033 0.1230971739 -0.9919643998 -0.3240363300 0.9376299381 0.1258988678 0.9455933571 0.3251109719 0.0124925617
-313.0 37.4 2703.1 -0.0235298816 0.1026611850 -0.9944380522 -0.2763456106 0.9552878141 0.1051582471 0.9607702494 0.2772829533 0.0058921585
-289.0 267.2 2618.3 -0.3705451190 0.3207235038 -0.8716838360 0.6986990571 0.7146034241 -0.0340827964 0.6119771004 -0.6216738820 -0.4888820052
-198.4 96.5 2468.8 -0.5150705576 0.3207235038 0.7948828936 -0.4192326069 0.7146034241 -0.5599874854 -0.7476271391 -0.6216738820 -0.2336134017
-295.8 186.8 2898.0 -0.0237580817 0.9166606069 -0.3989597261 -0.9969514608 0.0079431711 0.0776189789 0.0743192658 0.3995875418 0.9136774540
-302.0 -71.5 2917.3 0.2088812739 0.9166606069 -0.3407373130 -0.8619072437 0.0079431711 -0.5070037246 -0.4620438218 0.3995875418 0.7917356491
-332.6 -115.8 2541.6 -0.8807691932 0.1919210106 0.4329110384 0.1027855575 0.9698760509 -0.2208519131 -0.4622561932 -0.1500225514 -0.8739636540
-408.8 -500.8 2601.1 -0.8798475266 0.0417162105 0.4734216928 0.1605554223 0.9636650085 0.2134753019 -0.4473145306 0.2638361454 -0.8545760512
-327.9 -173.6 2715.0 -0.4514163136 0.1142012775 0.8849753737 -0.1144661009 0.9761710167 -0.1843574941 -0.8849411607 -0.1845216602 -0.4275873601
-373.3 -561.3 2788.3 -0.4787910581 -0.2567722499 0.8395398259 -0.0208472498 0.9593287706 0.2815203369 -0.8776813149 0.1172873303 -0.4646710455
-53.1 214.8 2679.8 0 0 0 0 0 0 0 0 0
-243.3 -313.6 2787.5 0 0 0 0 0 0 0 0 0
-426.0 -899.2 2492.1 0 0 0 0 0 0 0 0 0
-286.9 -883.9 2748.8 0 0 0 0 0 0 0 0 0
-267.4 417.1 2831.7 07 -0.0182875190 0.1246703416 -0.9920296669 -0.3209554553 0.9389527440 0.1239166930 0.9469177127 0.3206634820 0.0228425115
-292.6 227.4 2766.9 -0.0182875190 0.1246703416 -0.9920296669 -0.3209554553 0.9389527440 0.1239166930 0.9469177127 0.3206634820 0.0228425115
-314.0 37.2 2713.6 -0.0118880384 0.1074282825 -0.9941417575 -0.2686712742 0.9573082924 0.1066608131 0.9631585479 0.2683653235 0.0174823776
-290.9 266.6 2626.5 -0.3785715401 0.2929364443 -0.8779930472 0.6793007255 0.7322496772 -0.0485895649 0.6286764741 -0.6148159504 -0.4762008190
-195.6 95.7 2468.4 -0.5062471032 0.2929364443 0.8111116290 -0.4267097712 0.7322496772 -0.5307816863 -0.7494215369 -0.6148159504 -0.2457004488
-294.3 188.2 2907.4 -0.0235650688 0.9216001034 -0.3874246776 -0.9962678552 0.0105396714 0.0856695101 0.0830363631 0.3879975677 0.9179122448
-300.4 -70.1 2928.9 0.2026558518 0.9216001034 -0.3310344517 -0.8656240702 0.0105396714 -0.5005835891 -0.4578489065 0.3879975677 0.7998951674
-331.4 -127.1 2560.2 -0.8802764416 0.1961015016 0.4320389330 0.1308312863 0.9756104350 -0.1762595326 -0.4560664594 -0.0986329094 -0.8844630718
-409.2 -514.1 2599.4 -0.8793297410 0.0429378152 0.4742737412 0.1633059084 0.9627251029 0.2156189978 -0.4473370016 0.2670519054 -0.8535647988
-335.7 -177.6 2735.8 -0.4574235678 0.0786370710 0.8857651353 -0.0677537099 0.9901048541 -0.1228893325 -0.8866640329 -0.1162263528 -0.4475693405
-366.9 -569.7 2781.9 -0.4690567255 -0.2383603156 0.8503941298 -0.0227115117 0.9658275843 0.2581884861 -0.8828759789 0.1017913073 -0.4584414363
-52.6 216.2 2680.1 0 0 0 0 0 0 0 0 0
-243.5 -313.4 2800.2 0 0 0 0 0 0 0 0 0
-426.5 -901.0 2492.0 0 0 0 0 0 0 0 0 0
-289.9 -881.6 2749.0 0 0 0 0 0 0 0 0 0
-264.9 418.9 2825.7 08 -0.0421407521 0.1280566454 -0.9908711314 -0.3084097505 0.9416523576 0.1348121315 0.9503197074 0.3112753928 -0.0001880198
-290.8 228.1 2762.7 -0.0421407521 0.1280566454 -0.9908711314 -0.3084097505 0.9416523576 0.1348121315 0.9503197074 0.3112753928 -0.0001880198
-311.1 37.0 2712.3 -0.0352740958 0.1017886251 -0.9941805005 -0.2515418231 0.9618684053 0.1074052230 0.9672034383 0.2538666129 -0.0083249416
-285.6 264.8 2621.6 -0.3691031039 0.3166050017 -0.8737987280 0.6877518892 0.7254182100 -0.0276726466 0.6251081824 -0.6111707687 -0.4854997993
-195.7 97.2 2469.3 -0.4977321923 0.3166050017 0.8074799776 -0.4214379191 0.7254182100 -0.5442044735 -0.7580585480 -0.6111707687 -0.2276346236
-296.0 191.4 2903.8 -0.0263967067 0.9119822383 -0.4093794823 -0.9946059585 0.0171335917 0.1023008078 0.1003106609 0.4098716676 0.9066107273
-302.8 -66.6 2929.8 0.2130115926 0.9119822383 -0.3505915105 -0.8736549616 0.0171335917 -0.4862442315 -0.4374392033 0.4098716676 0.8004074693
-334.4 -128.3 2572.1 -0.8661298752 0.1996708512 0.4582037032 0.1368741840 0.9764482379 -0.1667761207 -0.4807125330 -0.0817335173 -0.8730607629
-413.6 -516.0 2604.6 -0.8654630780 0.0344361253 0.4997877479 0.1689173579 0.9592728615 0.2264122963 -0.4716360569 0.2803743184 -0.8360320926
-336.5 -177.5 2748.5 -0.4327816963 0.0733764768 0.8985075951 -0.0418184698 0.9939750433 -0.1013154015 -0.9005283117 -0.0814216658 -0.4271057248
-365.6 -571.6 2780.8 -0.4413424432 -0.2355994284 0.8658578396 -0.0078463545 0.9658937454 0.2588197291 -0.8973044753 0.1074343100 -0.4281385243
-54.1 217.1 2684.9 0 0 0 0 0 0 0 0 0
-242.9 -312.2 2806.8 0 0 0 0 0 0 0 0 0
-427.4 -900.0 2492.3 0 0 0 0 0 0 0 0 0
-289.0 -885.7 2745.8 0 0 0 0 0 0 0 0 0
-267.1 417.9 2833.3 09 -0.0221070834 0.1115326434 -0.9935148358 -0.3190686107 0.9410024285 0.1127372831 0.9474737644 0.3194916844 0.0147837466
-289.7 227.5 2768.6 -0.0221070834 0.1115326434 -0.9935148358 -0.3190686107 0.9410024285 0.1127372831 0.9474737644 0.3194916844 0.0147837466
-309.9 36.8 2716.4 -0.0157638844 0.1012334377 -0.9947378039 -0.2624067664 0.9595711231 0.1018130034 0.9648285508 0.2626309097 0.0114377718
-287.4 265.8 2627.8 -0.3631225228 0.2898952961 -0.8854957819 0.6863530278 0.7259486318 -0.0437959880 0.6301282048 -0.6236660480 -0.4625788033
-196.3 93.6 2469.7 -0.5097222328 0.2898952961 0.8100271821 -0.4344245791 0.7259486318 -0.5331733823 -0.7426025867 -0.6236660480 -0.2440945059
-292.0 189.2 2909.4 -0.0189001858 0.9194118381 -0.3928417861 -0.9957849383 0.0179603752 0.0899433345 0.0897505507 0.3928858936 0.9151969552
-296.9 -69.2 2932.7 0.2097244114 0.9194118381 -0.3327124417 -0.8674654365 0.0179603752 -0.4971731603 -0.4511312544 0.3928858936 0.8013247252
-328.2 -131.0 2573.3 -0.8712505698 0.2145690769 0.4414550066 0.1586717665 0.9742205739 -0.1603668332 -0.4644843340 -0.0696732476 -0.8828362823
-413.4 -517.9 2600.9 -0.8711693883 0.0323687233 0.4899144471 0.1611713022 0.9613846540 0.2230771333 -0.4637754858 0.2732981145 -0.8427457809
-334.6 -177.1 2750.4 -0.4487372041 0.0833763331 0.8897658587 -0.0263364520 0.9939720631 -0.1064233780 -0.8932756186 -0.0711894035 -0.4438363910
-367.7 -571.7 2778.7 -0.4503276050 -0.2434734404 0.8590260148 -0.0200734157 0.9646199942 0.2628788054 -0.8926377296 0.1011380032 -0.4392823875
-52.1 216.5 2679.8 0 0 0 0 0 0 0 0 0
-237.9 -313.0 2805.9 0 0 0 0 0 0 0 0 0
-426.3 -901.0 2492.0 0 0 0 0 0 0 0 0 0
-288.0 -887.4 2745.6 0 0 0 0 0 0 0 0 0
-266.2 416.2 2826.0 10 -0.0490459688 0.1192121282 -0.9916566610 -0.3020383418 0.9445964098 0.1284931749 0.9520332813 0.3058204055 -0.0103220111
-290.3 225.3 2764.2 -0.0490459688 0.1192121282 -0.9916566610 -0.3020383418 0.9445964098 0.1284931749 0.9520332813 0.3058204055 -0.0103220111
-311.3 34.1 2714.3 -0.0426959470 0.1053583920 -0.9935173392 -0.2481226027 0.9621512294 0.1126951054 0.9677872658 0.2513257265 -0.0149381608
-284.0 261.5 2622.9 -0.3566021025 0.2877899110 -0.8888261318 0.6870936155 0.7254233360 -0.0407835804 0.6330381036 -0.6252502799 -0.4564261138
-197.8 95.4 2469.9 -0.5336117148 0.2877899110 0.7952581644 -0.4206751287 0.7254233360 -0.5447875261 -0.7336831689 -0.6252502799 -0.2660283148
-296.5 189.0 2905.5 -0.0322375186 0.9095079303 -0.4144346416 -0.9941130877 0.0137359779 0.1074734479 0.1034406200 0.4154595733 0.9037109017
-304.8 -68.8 2932.3 0.2111702114 0.9095079303 -0.3580537438 -0.8761520982 0.0137359779 -0.4818389714 -0.4333181381 0.4154595733 0.7997679114
-328.6 -129.8 2575.9 -0.8594778180 0.2123087049 0.4649977386 0.1529460996 0.9748029709 -0.1623779684 -0.4877554476 -0.0684406757 -0.8702933192
-412.9 -517.0 2603.0 -0.8590164185 0.0333505347 0.5108606219 0.1702633649 0.9596831799 0.2236482203 -0.4828055799 0.2790983319 -0.8300619721
-331.5 -177.9 2752.7 -0.4247912467 0.1032302976 0.8993864059 -0.0161975026 0.9924516082 -0.1215624735 -0.9051464200 -0.0662064925 -0.4199126959
-372.5 -572.0 2779.0 -0.4248323739 -0.2591248155 0.8673936725 -0.0160451364 0.9601628184 0.2789800465 -0.9051298499 0.1046023071 -0.4120659530
-47.3 214.1 2677.0 0 0 0 0 0 0 0 0 0
-245.5 -315.2 2810.5 0 0 0 0 0 0 0 0 0
-426.4 -902.7 2490.9 0 0 0 0 0 0 0 0 0
-288.4 -883.5 2745.0 0 0 0 0 0 0 0 0 0
-264.9 415.6 2822.9 11 -0.0588867441 0.1197080463 -0.9910612106 -0.2966142595 0.9458488226 0.1318711340 0.9531801343 0.3017283380 -0.0201908443
-289.1 224.1 2761.8 -0.0588867441 0.1197080463 -0.9910612106 -0.2966142595 0.9458488226 0.1318711340 0.9531801343 0.3017283380 -0.0201908443
-309.9 32.7 2712.6 -0.0526111312 0.1046765745 -0.9931137562 -0.2432217896 0.9631997943 0.1144084781 0.9685428143 0.2475660592 -0.0252154097
-281.4 259.6 2620.4 -0.3557209373 0.2889808714 -0.8887928128 0.6910533309 0.7215845585 -0.0419648029 0.6292121410 -0.6291310191 -0.4563839436
-196.1 93.8 2469.4 -0.5366013646 0.2889808714 0.7928107977 -0.4221404493 0.7215845585 -0.5487378240 -0.7306547761 -0.6291310191 -0.2652127445
-296.8 188.6 2903.2 -0.0349452160 0.9054212570 -0.4230735004 -0.9935174584 0.0143484892 0.1127702594 0.1081750542 0.4242717028 0.8990504146
-305.9 -69.2 2931.3 0.2139586210 0.9054212570 -0.3666525185 -0.8786296248 0.0143484892 -0.4772883058 -0.4268860817 0.4242717028 0.7985998988
-328.3 -134.3 2575.6 -0.8543162346 0.2205544114 0.4706372917 0.1523718983 0.9719940424 -0.1789143980 -0.4969170094 -0.0811375827 -0.8639966249
-416.0 -520.5 2607.9 -0.8538956046 0.0273161288 0.5197269917 0.1770766675 0.9542908669 0.2407753766 -0.4893936515 0.2976285517 -0.8197018504
-336.2 -179.8 2753.0 -0.4161668718 0.0926376134 0.9045569897 -0.0220711902 0.9934745431 -0.1118983179 -0.9090203643 -0.0665330216 -0.4114065766
-373.0 -574.4 2779.4 -0.4182518423 -0.2651773691 0.8687613606 -0.0145833297 0.9582740068 0.2854789495 -0.9082140326 0.1067326665 -0.4046670496
-44.7 212.9 2675.5 0 0 0 0 0 0 0 0 0
-245.7 -316.3 2811.2 0 0 0 0 0 0 0 0 0
-426.8 -899.5 2489.7 0 0 0 0 0 0 0 0 0
-286.4 -887.2 2744.6 0 0 0 0 0 0 0 0 0
-266.4 416.0 2831.3 12 -0.0418018103 0.1118754521 -0.9928426147 -0.2991048396 0.9467365742 0.1192733869 0.9533041716 0.3019498885 -0.0061128135
-289.0 224.5 2770.2 -0.0418018103 0.1118754521 -0.9928426147 -0.2991048396 0.9467365742 0.1192733869 0.9533041716 0.3019498885 -0.0061128135
-309.4 33.6 2719.1 -0.0368480161 0.1024348736 -0.9940569997 -0.2550112009 0.9608354568 0.1084643230 0.9662357569 0.2574923635 -0.0092828367
-283.6 261.7 2629.1 -0.3549235463 0.2762562335 -0.8931471109 0.6756839156 0.7360593677 -0.0408389121 0.6461272836 -0.6179798245 -0.4479067028
