-240.0 486.0 2367.6 9 0.4296229184 0.0772369131 -0.8996991515 -0.0691881999 0.9962220192 0.0524845161 0.9003539085 0.0397000201 0.4333437085
-255.2 290.3 2359.8 0.4296229184 0.0772369131 -0.8996991515 -0.0691881999 0.9962220192 0.0524845161 0.9003539085 0.0397000201 0.4333437085
-269.9 95.1 2353.3 0.4301199913 0.0748959035 -0.8996595740 -0.0626768395 0.9966254830 0.0530029424 0.9005933404 0.0335901938 0.4333627820
-316.4 299.2 2231.6 0.1628264785 0.1348018646 -0.9774026871 0.9469789863 0.2567430437 0.1931677759 0.2769806981 -0.9570326209 -0.0858499706
-358.2 56.2 2160.6 -0.3191439807 0.1467228830 -0.9362795949 0.9329429269 0.2223415375 -0.2831638455 0.1666272432 -0.9638654590 -0.2078430504
-194.0 281.4 2488.0 0.4421543479 -0.8139461875 -0.3768171370 0.5203663111 0.5749689341 -0.6313712001 0.7305603623 0.0830805823 0.6777752042
-87.3 406.9 2664.2 0.5809401274 -0.8139461875 -0.0004299254 0.8054736853 0.5749689341 -0.1436066628 0.1171352863 0.0830805823 0.9896347523
-333.7 -90.5 2259.5 0.2602698803 0.0336900353 -0.9649479389 -0.0456921197 0.9987011552 0.0225442164 0.9644541740 0.0382229388 0.2614711821
-346.9 -481.6 2244.5 0.2556774914 0.1638441980 -0.9527770281 -0.0739904717 0.9859598279 0.1496951431 0.9639265537 0.0322227441 0.2642106414
-250.6 -105.3 2419.1 -0.9953374267 0.0523361228 0.0810209587 0.0331112072 0.9743437767 -0.2226158977 -0.0905931219 -0.2188952267 -0.9715337157
-271.1 -486.8 2504.8 -0.9953374267 0.0010193647 0.0964490846 0.0331112072 0.9427905083 0.3317374587 -0.0905931219 0.3333842456 -0.9384284019
-267.3 -209.4 2113.1 0 0 0 0 0 0 0 0 0
61.3 613.0 2694.2 0 0 0 0 0 0 0 0 0
-408.6 -852.9 2232.4 0 0 0 0 0 0 0 0 0
-271.4 -778.1 2401.8 0 0 0 0 0 0 0 0 0
-239.2 487.7 2366.9 0 0.4112037718 0.0817067474 -0.9078741670 -0.0648920760 0.9960715771 0.0602527373 0.9092307091 0.0341376849 0.4148904979
-255.3 291.5 2360.2 0.4112037718 0.0817067474 -0.9078741670 -0.0648920760 0.9960715771 0.0602527373 0.9092307091 0.0341376849 0.4148904979
-270.9 96.4 2354.9 0.4117983878 0.0793376416 -0.9078147411 -0.0575349927 0.9964789152 0.0609876290 0.9094568491 0.0271165073 0.4149130881
-313.9 299.7 2230.7 0.1611275971 0.1543883383 -0.9747831225 0.9498351216 0.2439976782 0.1956487000 0.2680507004 -0.9574076533 -0.1073287055
-355.8 52.9 2161.1 -0.3120492995 0.1552127004 -0.9373015761 0.9319904447 0.2415380478 -0.2702835500 0.1844425499 -0.9578979015 -0.2200285196
-196.7 283.3 2489.7 0.4649824202 -0.8204244375 -0.3327087760 0.5161941051 0.5565554500 -0.6509912610 0.7192600369 0.1309572011 0.6822867393
-83.4 409.1 2665.0 0.5690584183 -0.8204244375 0.0554644465 0.8170667291 0.5565554500 -0.1504925340 0.0925987139 0.1309572011 0.9870540500
-323.4 -94.3 2265.5 0.2395736724 0.0614253655 -0.9689331055 -0.0638190731 0.9968344569 0.0474145748 0.9687783718 0.0504771285 0.2427354157
-347.5 -484.6 2245.7 0.2367287874 0.1646102667 -0.9575296044 -0.0810797438 0.9854522347 0.1493652463 0.9681867361 0.0422772057 0.2466314733
-245.8 -105.7 2428.1 -0.9927097559 0.0645405576 0.1017932072 0.0434231907 0.9793469906 -0.1974687278 -0.1124356091 -0.1916089505 -0.9750098586
-271.1 -489.0 2503.1 -0.9927097559 0.0038787283 0.1204669848 0.0434231907 0.9438740015 0.3274390399 -0.1124356091 0.3302829862 -0.9371613264
-266.6 -213.5 2108.4 0 0 0 0 0 0 0 0 0
62.3 618.2 2688.7 0 0 0 0 0 0 0 0 0
-409.5 -855.8 2229.8 0 0 0 0 0 0 0 0 0
-272.3 -780.5 2401.1 0 0 0 0 0 0 0 0 0
-239.6 488.6 2375.1 1 0.3980866075 0.0841859430 -0.9134767652 -0.0849360377 0.9948852062 0.0546740256 0.9134073257 0.0558220968 0.4032008946
-256.3 292.2 2364.1 0.3980866075 0.0841859430 -0.9134767652 -0.0849360377 0.9948852062 0.0546740256 0.9134073257 0.0558220968 0.4032008946
-272.1 97.2 2354.5 0.3987363279 0.0807850286 -0.9135004878 -0.0770969167 0.9955390692 0.0543878302 0.9138191342 0.0487416647 0.4031858742
-313.1 303.1 2233.9 0.1802873015 0.1643853635 -0.9697803855 0.9460638762 0.2408385575 0.2167022973 0.2691831887 -0.9565428495 -0.1120989174
-360.9 52.2 2162.6 -0.3270771801 0.1637648791 -0.9306995273 0.9278163314 0.2425999641 -0.2833763361 0.1793805808 -0.9562041163 -0.2312926352
-199.5 281.2 2494.2 0.4784915447 -0.8160054684 -0.3243160546 0.5213899612 0.5612114668 -0.6428018212 0.7065396905 0.1384801269 0.6939920187
-82.4 408.7 2667.1 0.5730342865 -0.8160054684 0.0759393647 0.8168495297 0.5612114668 -0.1334110349 0.0662460849 0.1384801269 0.9881470799
-323.6 -93.6 2267.5 0.2267822772 0.0611683056 -0.9720227718 -0.0664058179 0.9966744184 0.0472264923 0.9716789722 0.0538378321 0.2300900221
-347.6 -483.9 2246.4 0.2244091481 0.1621708125 -0.9609064460 -0.0809886679 0.9857482314 0.1474493146 0.9711237550 0.0447335541 0.2343449146
-249.3 -103.9 2431.8 -0.9928502440 0.0612224303 0.1024705023 0.0385162607 0.9768473506 -0.2104419321 -0.1129818037 -0.2049905360 -0.9722211361
-273.2 -486.4 2512.0 -0.9928502440 -0.0038757822 0.1193036810 0.0385162607 0.9356096983 0.3509287834 -0.1129818037 0.3530148566 -0.9287710190
-267.7 -212.0 2111.5 0 0 0 0 0 0 0 0 0
64.2 617.7 2684.0 0 0 0 0 0 0 0 0 0
-408.7 -855.1 2229.6 0 0 0 0 0 0 0 0 0
-272.0 -780.6 2401.0 0 0 0 0 0 0 0 0 0
-239.0 487.4 2370.7 2 0.4485574067 0.0920833647 -0.8889976740 -0.0863298699 0.9944911599 0.0594514310 0.8895748258 0.0500796773 0.4540359378
-257.2 291.4 2360.8 0.4485574067 0.0920833647 -0.8889976740 -0.0863298699 0.9944911599 0.0594514310 0.8895748258 0.0500796773 0.4540359378
-273.7 96.4 2352.0 0.4492396414 0.0843467563 -0.8894208074 -0.0786351860 0.9954027534 0.0546793491 0.8899439573 0.0453756414 0.4538069963
-321.1 302.6 2234.2 0.1620571762 0.1129072458 -0.9803006649 0.9493194818 0.2532906234 0.1861086041 0.2693139911 -0.9607787728 -0.0661374778
-363.9 52.0 2163.1 -0.3324831426 0.1209915206 -0.9353159666 0.9258108139 0.2309461087 -0.2992293239 0.1798033863 -0.9654144049 -0.1888009459
-193.3 280.2 2487.4 0.4523083568 -0.8163539767 -0.3591425121 0.5212599039 0.5687259436 -0.6362695694 0.7236748338 0.1005834416 0.6827721000
-81.6 408.9 2666.1 0.5752236843 -0.8163539767 0.0518064015 0.8162598014 0.5687259436 -0.1013448462 0.0532696247 0.1005834416 0.9935015440
-323.9 -90.7 2262.5 0.2814355791 0.0583339632 -0.9578053951 -0.0577267297 0.9973719716 0.0437816530 0.9578421712 0.0429692604 0.2840633690
-346.8 -481.4 2245.6 0.2763166428 0.1611977816 -0.9474515319 -0.0899827927 0.9858420491 0.1414867193 0.9568449259 0.0461592004 0.2869096100
-251.9 -104.7 2427.6 -0.9950466156 0.0514910109 0.0850348175 0.0322633237 0.9763695002 -0.2136858851 -0.0940283015 -0.2098839134 -0.9731944203
-272.0 -487.0 2509.7 -0.9950466156 -0.0023952893 0.0993806124 0.0322633237 0.9378126264 0.3456392884 -0.0940283015 0.3471335471 -0.9330900311
-269.2 -211.5 2112.0 0 0 0 0 0 0 0 0 0
65.7 617.9 2679.8 0 0 0 0 0 0 0 0 0
-407.5 -852.7 2228.3 0 0 0 0 0 0 0 0 0
-271.3 -777.5 2402.2 0 0 0 0 0 0 0 0 0
-238.6 486.9 2368.5 3 0.4571893513 0.0932052881 -0.8844719529 -0.0879252106 0.9943583012 0.0593359470 0.8850124478 0.0506396219 0.4628050923
-256.9 290.8 2358.5 0.4571893513 0.0932052881 -0.8844719529 -0.0879252106 0.9943583012 0.0593359470 0.8850124478 0.0506396219 0.4628050923
-274.5 96.0 2349.7 0.4577738047 0.0898326337 -0.8845186234 -0.0815730765 0.9949296713 0.0588287599 0.8853185773 0.0452226400 0.4627806544
-322.1 302.5 2232.5 0.1531476825 0.1055080593 -0.9825547338 0.9496432543 0.2593249083 0.1758645326 0.2733560503 -0.9600096941 -0.0604800023
-362.0 55.1 2161.2 -0.3267369270 0.1216724291 -0.9372506738 0.9307014346 0.2139551193 -0.2966784537 0.1644319892 -0.9692363143 -0.1831477284
-191.7 279.2 2484.6 0.4351822138 -0.8152281642 -0.3821249902 0.5232678056 0.5743939877 -0.6294937730 0.7326713204 0.0739907846 0.6765486598
-84.7 407.9 2664.8 0.5787879229 -0.8152281642 0.0201888699 0.8125097752 0.5743939877 -0.0994960740 0.0695156381 0.0739907846 0.9948331118
-330.7 -91.4 2262.8 0.2910075188 0.0376151092 -0.9559810162 -0.0551912896 0.9982227683 0.0224765744 0.9551274776 0.0462209731 0.2925663590
-345.4 -482.3 2244.7 0.2865750492 0.1693036556 -0.9429798722 -0.0816068426 0.9849984646 0.1520471126 0.9545758367 0.0333807021 0.2960923016
-249.6 -105.6 2423.4 -0.9950306416 0.0553923324 0.0827390105 0.0363594741 0.9757236242 -0.2159660757 -0.0926932693 -0.2118845135 -0.9728889465
-271.3 -487.8 2506.4 -0.9950306416 0.0026786644 0.0995333046 0.0363594741 0.9403800368 0.3381765485 -0.0926932693 0.3401149809 -0.9358043075
-268.8 -210.3 2114.4 0 0 0 0 0 0 0 0 0
63.5 616.0 2682.6 0 0 0 0 0 0 0 0 0
-409.2 -853.2 2232.1 0 0 0 0 0 0 0 0 0
-272.2 -778.4 2401.3 0 0 0 0 0 0 0 0 0
-238.0 486.8 2367.4 4 0.4646773636 0.0970193222 -0.8801489472 -0.0894136578 0.9940400124 0.0623673722 0.8809540868 0.0497166365 0.4705827236
-257.2 290.8 2357.6 0.4646773636 0.0970193222 -0.8801489472 -0.0894136578 0.9940400124 0.0623673722 0.8809540868 0.0497166365 0.4705827236
-275.5 96.0 2349.0 0.4653378725 0.0934430733 -0.8801869750 -0.0825170949 0.9946610332 0.0619707592 0.8812783957 0.0437931269 0.4705640972
-323.5 302.5 2232.0 0.1562137604 0.0966407061 -0.9829841256 0.9518042207 0.2512131333 0.1759563684 0.2639430761 -0.9630953074 -0.0527400859
-364.2 54.3 2163.2 -0.3194316626 0.1082480326 -0.9414062500 0.9316009283 0.2177091390 -0.2910711765 0.1734448671 -0.9699923396 -0.1703871638
-190.9 279.0 2483.1 0.4336749613 -0.8111186028 -0.3924444914 0.5265336037 0.5815544724 -0.6201264262 0.7312238812 0.0622980781 0.6792867780
-85.5 406.9 2660.7 0.5848815441 -0.8111186028 0.0004672771 0.8065891266 0.5815544724 -0.1058696061 0.0856010541 0.0622980781 0.9943799376
-333.4 -91.5 2260.9 0.2994628251 0.0329690985 -0.9535381794 -0.0507168695 0.9985399246 0.0185972042 0.9527590871 0.0427913032 0.3006976545
-346.3 -482.6 2244.1 0.2949980795 0.1658349931 -0.9409967661 -0.0779527128 0.9857176542 0.1492784917 0.9523127079 0.0293163806 0.3037121296
-250.7 -106.2 2420.8 -0.9949692488 0.0534974150 0.0847007334 0.0335574038 0.9746112823 -0.2213747203 -0.0943932682 -0.2174187154 -0.9715034962
-271.7 -488.0 2505.9 -0.9949692488 0.0000579990 0.1001807600 0.0335574038 0.9424221516 0.3327377737 -0.0943932682 0.3344256580 -0.9376829863
-273.2 -211.1 2113.8 0 0 0 0 0 0 0 0 0
64.2 613.4 2682.6 0 0 0 0 0 0 0 0 0
-408.8 -853.8 2233.1 0 0 0 0 0 0 0 0 0
-271.7 -779.3 2402.6 0 0 0 0 0 0 0 0 0
-238.9 488.8 2374.8 5 0.4588086009 0.0874905437 -0.8842172027 -0.1089240015 0.9931728840 0.0417521410 0.8818334341 0.0771562383 0.4652060866
-256.1 293.0 2359.6 0.4588086009 0.0874905437 -0.8842172027 -0.1089240015 0.9931728840 0.0417521410 0.8818334341 0.0771562383 0.4652060866
-273.0 98.4 2346.1 0.4594990909 0.0863098651 -0.8839746714 -0.1010297015 0.9938865900 0.0445252098 0.8824135065 0.0688484013 0.4654098451
-321.6 307.4 2233.9 0.1468606293 0.0983411074 -0.9842565656 0.9529846311 0.2525623441 0.1674290895 0.2650513053 -0.9625701308 -0.0566261001
-360.3 56.2 2164.1 -0.2978575826 0.1093463898 -0.9483270645 0.9379544854 0.2182857096 -0.2694303691 0.1775450110 -0.9697394967 -0.1675799936
-190.7 278.5 2485.3 0.4307234883 -0.8040872812 -0.4097815156 0.5326575637 0.5930399895 -0.6038041711 0.7285280824 0.0417994186 0.6837394238
-87.1 406.6 2660.5 0.5942797661 -0.8040872812 -0.0165872704 0.7998234630 0.5930399895 -0.0926605761 0.0843441039 0.0417994186 0.9955595732
-335.8 -91.4 2260.8 0.2935593128 0.0267538019 -0.9555664062 -0.0469522290 0.9988053441 0.0135402177 0.9547871351 0.0408911146 0.2944647670
-346.3 -482.6 2244.8 0.2878229320 0.1666295826 -0.9430761337 -0.0820018575 0.9854184985 0.1490843147 0.9541664720 0.0344241150 0.2972899675
-251.7 -106.3 2420.1 -0.9962642789 0.0489573218 0.0711386949 0.0321321450 0.9747798443 -0.2208433151 -0.0801564679 -0.2177324593 -0.9727114439
-270.9 -488.1 2505.4 -0.9962642789 0.0036774892 0.0862786770 0.0321321450 0.9431425929 0.3308315575 -0.0801564679 0.3323679864 -0.9397374392
-275.3 -211.6 2113.4 0 0 0 0 0 0 0 0 0
65.1 611.4 2682.1 0 0 0 0 0 0 0 0 0
-409.0 -853.7 2231.8 0 0 0 0 0 0 0 0 0
-272.0 -780.6 2402.3 0 0 0 0 0 0 0 0 0
-239.1 489.2 2378.6 6 0.4493888319 0.0972745791 -0.8880243897 -0.1237176135 0.9912518859 0.0459742919 0.8847280145 0.0892039239 0.4574921131
-258.2 293.9 2361.0 0.4493888319 0.0972745791 -0.8880243897 -0.1237176135 0.9912518859 0.0459742919 0.8847280145 0.0892039239 0.4574921131
-276.9 99.6 2345.0 0.4501099586 0.0956460238 -0.8878360391 -0.1163042709 0.9920573831 0.0479104593 0.8853667974 0.0816941559 0.4576589465
-322.4 310.4 2234.8 0.1457860023 0.1061306596 -0.9836069942 0.9565101266 0.2387892902 0.1675350666 0.2526554167 -0.9652543664 -0.0667029172
-361.2 55.4 2167.5 -0.2970075011 0.1074225232 -0.9488134384 0.9349333048 0.2347281277 -0.2660872042 0.1941294521 -0.9661071897 -0.1701489091
-194.1 277.3 2487.1 0.4497569501 -0.8187479973 -0.3568898439 0.5341230631 0.5668179989 -0.6272398829 0.7158430219 0.0914823934 0.6922425628
-84.2 407.7 2662.0 0.5739434958 -0.8187479973 0.0155092757 0.8122972846 0.5668179989 -0.1374425441 0.1037398726 0.0914823934 0.9903883338
-331.4 -87.1 2252.9 0.2851931155 0.0377725065 -0.9577255249 -0.0305517185 0.9990736842 0.0303055272 0.9579830170 0.0206172317 0.2860829234
-346.2 -478.3 2244.9 0.2765779793 0.1643109471 -0.9468402863 -0.0848660469 0.9856010675 0.1462474316 0.9572368264 0.0399057753 0.2865399718
-248.4 -105.4 2412.4 -0.9946671128 0.0608475618 0.0832760036 0.0356443077 0.9604808688 -0.2760543227 -0.0967822447 -0.2716138363 -0.9575276375
-272.2 -481.0 2518.6 -0.9946671128 -0.0021151716 0.1031156853 0.0356443077 0.9311345816 0.3629295528 -0.0967822447 0.3646695614 -0.9260935783
-276.3 -212.0 2112.0 0 0 0 0 0 0 0 0 0
62.7 615.7 2688.5 0 0 0 0 0 0 0 0 0
-408.1 -849.6 2229.8 0 0 0 0 0 0 0 0 0
-271.5 -780.2 2401.5 0 0 0 0 0 0 0 0 0
-240.3 489.0 2379.9 7 0.4336653948 0.0969335884 -0.8958449364 -0.1256886274 0.9909847975 0.0463840328 0.8922649026 0.0924823806 0.4419392645
-259.3 294.2 2361.7 0.4336653948 0.0969335884 -0.8958449364 -0.1256886274 0.9909847975 0.0463840328 0.8922649026 0.0924823806 0.4419392645
-277.6 99.9 2345.2 0.4344905913 0.0935344398 -0.8958064914 -0.1170974076 0.9920178056 0.0467847809 0.8930319548 0.0845690668 0.4419750571
-321.2 310.9 2234.5 0.1466985047 0.1240001097 -0.9813783765 0.9533913136 0.2467319816 0.1736902595 0.2636750340 -0.9611177444 -0.0820254236
-360.5 55.9 2164.0 -0.2943202555 0.1246516928 -0.9475429058 0.9346194267 0.2446644306 -0.2581197917 0.1996549666 -0.9615619183 -0.1885115951
-197.4 277.5 2489.0 0.4675733447 -0.8143530488 -0.3438085318 0.5359126329 0.5704658628 -0.6223875880 0.7029742599 0.1067605317 0.7031567097
-83.9 407.5 2659.6 0.5794558525 -0.8143530488 0.0325588286 0.8095153570 0.5704658628 -0.1387571841 0.0944236368 0.1067605317 0.9897910953
-336.3 -84.1 2249.0 0.2687171698 0.0219648145 -0.9629686475 -0.0160166714 0.9997036457 0.0183332544 0.9630859494 0.0104970923 0.2689893544
-344.9 -475.6 2244.9 0.2588829398 0.1690377444 -0.9510025382 -0.0762805268 0.9850706458 0.1543280631 0.9628919363 0.0325900763 0.2679122686
-255.0 -105.2 2409.0 -0.9969052672 0.0440168530 0.0651333854 0.0246483386 0.9617806077 -0.2727095783 -0.0746478438 -0.2702601850 -0.9598891139
-272.2 -481.6 2514.7 -0.9969052672 -0.0033276044 0.0785415024 0.0246483386 0.9354913831 0.3524888158 -0.0746478438 0.3533338904 -0.9325142503
-276.2 -211.7 2106.8 0 0 0 0 0 0 0 0 0
64.4 614.8 2683.8 0 0 0 0 0 0 0 0 0
-408.6 -846.6 2232.6 0 0 0 0 0 0 0 0 0
-271.1 -777.8 2402.9 0 0 0 0 0 0 0 0 0
-239.5 490.3 2381.1 8 0.4246719480 0.0934432670 -0.9005120993 -0.1282968223 0.9908328056 0.0423121378 0.8962107301 0.0975640640 0.4327673614
-257.9 294.8 2361.8 0.4246719480 0.0934432670 -0.9005120993 -0.1282968223 0.9908328056 0.0423121378 0.8962107301 0.0975640640 0.4327673614
-274.8 100.4 2344.9 0.4258703291 0.0860396847 -0.9006839991 -0.1150542423 0.9925367832 0.0404130258 0.8974391222 0.0864168108 0.4325911999
-318.6 311.2 2234.0 0.1472420394 0.1329741180 -0.9801212549 0.9513506889 0.2521092296 0.1771238148 0.2706504762 -0.9585191011 -0.0893839449
-358.5 53.2 2160.6 -0.3035436571 0.1387183666 -0.9426656365 0.9348592758 0.2345354557 -0.2665168047 0.1841177344 -0.9621592164 -0.2008739114
-197.2 278.4 2489.7 0.4676724374 -0.8106988668 -0.3522071540 0.5335615873 0.5766081214 -0.6187366843 0.7046946287 0.1014418826 0.7022214532
-83.7 407.9 2660.8 0.5842009783 -0.8106988668 0.0384264588 0.8080875278 0.5766081214 -0.1204892471 0.0755234882 0.1014418826 0.9919706583
-335.2 -83.8 2247.9 0.2587109506 0.0246692989 -0.9656397104 -0.0147157563 0.9996584654 0.0215957835 0.9658426642 0.0086230533 0.2589856386
-344.9 -475.3 2244.5 0.2488446534 0.1706490517 -0.9533914328 -0.0744198039 0.9848147035 0.1568492353 0.9656800628 0.0319201089 0.2577655613
-256.7 -105.0 2409.3 -0.9979164600 0.0374462232 0.0525410995 0.0224056356 0.9647917747 -0.2620587945 -0.0605043322 -0.2603355646 -0.9636206031
-271.3 -482.7 2511.2 -0.9979164600 0.0001252922 0.0645195395 0.0224056356 0.9384369850 0.3447230458 -0.0605043322 0.3454504013 -0.9364845157
-271.6 -214.4 2107.9 0 0 0 0 0 0 0 0 0
65.9 614.8 2680.2 0 0 0 0 0 0 0 0 0
-409.1 -846.3 2232.5 0 0 0 0 0 0 0 0 0
-271.4 -776.7 2403.0 0 0 0 0 0 0 0 0 0
-238.3 490.6 2373.7 9 0.4233013690 0.0985303223 -0.9006152153 -0.1060570329 0.9926230907 0.0587480478 0.8997598886 0.0706484467 0.4306285679
-257.7 294.3 2359.7 0.4233013690 0.0985303223 -0.9006152153 -0.1060570329 0.9926230907 0.0587480478 0.8997598886 0.0706484467 0.4306285679
-275.6 99.7 2347.7 0.4244020581 0.0912329108 -0.9008659720 -0.0945345387 0.9939383268 0.0561229289 0.9005254507 0.0613442585 0.4304541349
-318.2 307.7 2231.4 0.1448951215 0.1386440396 -0.9796852469 0.9523455501 0.2490535975 0.1760973930 0.2684090137 -0.9585145712 -0.0959503800
-357.4 50.1 2158.8 -0.3099285066 0.1456769258 -0.9395331740 0.9346155524 0.2280153483 -0.2729519606 0.1744651794 -0.9626978636 -0.2068203837
-197.3 280.8 2488.0 0.4663848579 -0.8088299036 -0.3581611216 0.5232158899 0.5787077546 -0.6255736947 0.7132533193 0.1043625176 0.6930931807
-83.5 408.4 2661.9 0.5862226486 -0.8088299036 0.0462296866 0.8074787855 0.5787077546 -0.1143473759 0.0657340959 0.1043625176 0.9923645854
-330.1 -83.5 2246.9 0.2569275796 0.0424366072 -0.9654985070 -0.0133092534 0.9990960956 0.0403716154 0.9663389921 0.0024774829 0.2572601140
-346.7 -474.8 2245.9 0.2460507005 0.1556232125 -0.9566820264 -0.0868112147 0.9865976572 0.1381624490 0.9653615355 0.0490557589 0.2562628686
-253.1 -104.4 2409.1 -0.9964989424 0.0489116311 0.0678053796 0.0286117606 0.9615523219 -0.2731273472 -0.0785575211 -0.2702310681 -0.9595852494
-272.3 -480.9 2514.9 -0.9964989424 -0.0008250910 0.0836016536 0.0286117606 0.9362076521 0.3502806723 -0.0785575211 0.3514463007 -0.9329063296
-269.0 -216.7 2109.0 0 0 0 0 0 0 0 0 0
66.6 615.1 2678.7 0 0 0 0 0 0 0 0 0
-405.3 -846.3 2227.5 0 0 0 0 0 0 0 0 0
-272.0 -777.7 2403.5 0 0 0 0 0 0 0 0 0
-238.4 488.3 2370.5 0 0.4459276199 0.0853673294 -0.8909887671 -0.0915920511 0.9945679903 0.0494508930 0.8903704286 0.0595559701 0.4513243139
-255.3 291.6 2358.7 0.4459276199 0.0853673294 -0.8909887671 -0.0915920511 0.9945679903 0.0494508930 0.8903704286 0.0595559701 0.4513243139
-271.7 96.7 2348.7 0.4466573596 0.0836575851 -0.8907853961 -0.0830014199 0.9951999187 0.0518450625 0.8908467889 0.0507794693 0.4514570832
-319.0 303.4 2231.8 0.1363185793 0.1139461771 -0.9840902090 0.9559242129 0.2456291467 0.1608579457 0.2600503862 -0.9626435637 -0.0754400939
-355.2 49.3 2162.7 -0.3045203984 0.1223322004 -0.9446174502 0.9363970160 0.2200658619 -0.2733708322 0.1744360030 -0.9677839875 -0.1815660596
-191.7 279.7 2485.6 0.4498242736 -0.8142020702 -0.3670600355 0.5277625322 0.5738797188 -0.6262018681 0.7205031514 0.0879602432 0.6878504157
-82.4 408.0 2660.7 0.5798726678 -0.8142020702 0.0286817439 0.8113054037 0.5738797188 -0.1115599871 0.0743725076 0.0879602432 0.9933437109
-331.8 -86.4 2254.3 0.2790316343 0.0367314443 -0.9595791698 -0.0324262120 0.9990587234 0.0288136024 0.9597342610 0.0230756104 0.2799600363
-346.2 -477.6 2245.3 0.2703146338 0.1637272239 -0.9487483501 -0.0875697881 0.9855304956 0.1451246589 0.9587813020 0.0438523665 0.2807408571
-255.1 -103.5 2417.1 -0.9958078861 0.0476122350 0.0781004503 0.0262019224 0.9665462971 -0.2551502585 -0.0876359791 -0.2520342767 -0.9637420177
-273.8 -482.0 2515.8 -0.9958078861 -0.0072457604 0.0911817104 0.0262019224 0.9324858785 0.3602548242 -0.0876359791 0.3611337543 -0.9283869863
-268.2 -218.2 2112.9 0 0 0 0 0 0 0 0 0
66.1 615.7 2679.7 0 0 0 0 0 0 0 0 0
-407.9 -848.8 2228.8 0 0 0 0 0 0 0 0 0
-271.5 -778.4 2401.0 0 0 0 0 0 0 0 0 0
-238.0 487.6 2368.9 1 0.4243505001 0.0882724226 -0.9011850953 -0.0869298503 0.9946115017 0.0564901046 0.9013156295 0.0543682799 0.4297374189
-255.5 291.0 2358.1 0.4243505001 0.0882724226 -0.9011850953 -0.0869298503 0.9946115017 0.0564901046 0.9013156295 0.0543682799 0.4297374189
-272.4 96.1 2348.9 0.4249920249 0.0867389366 -0.9010317326 -0.0796363652 0.9951214790 0.0582343116 0.9016872048 0.0470057689 0.4298262894
-316.0 302.3 2229.7 0.1572658718 0.1351860464 -0.9782597423 0.9574310780 0.2219316065 0.1845862418 0.2420602441 -0.9656454325 -0.0945290476
-357.7 48.7 2165.6 -0.3188578784 0.1365001649 -0.9379218221 0.9332274795 0.2180906981 -0.2855222225 0.1655781865 -0.9663354158 -0.1969256401
-194.9 279.6 2486.6 0.4663583934 -0.8210812211 -0.3291434646 0.5331547260 0.5578050017 -0.6360813975 0.7058724165 0.1211575121 0.6979004145
-81.1 409.7 2658.8 0.5688924789 -0.8210812211 0.0467649177 0.8170644641 0.5578050017 -0.1458053440 0.0936323255 0.1211575121 0.9882073998
-328.4 -90.7 2258.3 0.2554440498 0.0470487848 -0.9656783938 -0.0405686125 0.9984571338 0.0379144698 0.9659723043 0.0294912048 0.2569586635
-346.8 -481.7 2246.7 0.2473120391 0.1613492817 -0.9554073215 -0.0924482271 0.9854686260 0.1424953341 0.9645154476 0.0530848987 0.2586347163
-247.7 -105.7 2419.3 -0.9937939048 0.0621988997 0.0922221914 0.0389459133 0.9711424708 -0.2352989018 -0.1041962132 -0.2302469313 -0.9675378799
-272.0 -485.9 2509.4 -0.9937939048 -0.0000023279 0.1112368479 0.0389459133 0.9366986752 0.3479637802 -0.1041962132 0.3501365185 -0.9308853745
-266.4 -218.4 2118.2 0 0 0 0 0 0 0 0 0
64.6 618.9 2682.8 0 0 0 0 0 0 0 0 0
-407.6 -852.9 2226.8 0 0 0 0 0 0 0 0 0
-272.0 -776.7 2400.7 0 0 0 0 0 0 0 0 0
-239.4 489.5 2375.1 2 0.3995581865 0.0838214606 -0.9128676057 -0.0904310644 0.9945577383 0.0517411418 0.9122365117 0.0618779883 0.4049637318
-256.0 292.6 2362.8 0.3995581865 0.0838214606 -0.9128676057 -0.0904310644 0.9945577383 0.0517411418 0.9122365117 0.0618779883 0.4049637318
-272.3 97.8 2351.8 0.3999760151 0.0836891606 -0.9126967192 -0.0854687467 0.9948888421 0.0537702926 0.9125317931 0.0565002188 0.4050844908
-312.9 304.8 2232.9 0.1698898822 0.1598873585 -0.9724060297 0.9543422461 0.2193271518 0.2027966976 0.2456996739 -0.9624612331 -0.1153257936
-358.6 48.1 2166.8 -0.3258219063 0.1596989781 -0.9318456650 0.9319894910 0.2198661268 -0.2881917059 0.1588573754 -0.9623695612 -0.2204749584
-199.0 280.5 2492.8 0.4885741770 -0.8161865473 -0.3084392548 0.5330939293 0.5590845942 -0.6350080967 0.6907287240 0.1458214521 0.7082583904
-81.5 408.6 2658.9 0.5733644962 -0.8161865473 0.0713628456 0.8148897886 0.5590845942 -0.1529020369 0.0848987252 0.1458214521 0.9856613278
-327.8 -91.6 2258.2 0.2288676202 0.0469498709 -0.9723247290 -0.0422518328 0.9983740449 0.0382623821 0.9725401998 0.0323254801 0.2304792106
-346.2 -482.7 2245.6 0.2223016918 0.1665002108 -0.9606558681 -0.0822435915 0.9850009084 0.1516879946 0.9715029597 0.0452872887 0.2326609343
-251.0 -106.0 2421.2 -0.9942913651 0.0568587705 0.0902871042 0.0327991508 0.9680877328 -0.2484559268 -0.1015327349 -0.2440762371 -0.9644262195
-273.3 -485.1 2516.7 -0.9942913651 -0.0063961945 0.1065071374 0.0327991508 0.9315472841 0.3621379137 -0.1015327349 0.3635639548 -0.9260196090
-265.5 -218.4 2121.3 0 0 0 0 0 0 0 0 0
65.3 617.3 2680.6 0 0 0 0 0 0 0 0 0
-408.9 -853.6 2228.5 0 0 0 0 0 0 0 0 0
-271.3 -777.5 2402.6 0 0 0 0 0 0 0 0 0
-238.2 489.8 2370.7 3 0.3909395933 0.0869322196 -0.9163018465 -0.0832149312 0.9947909117 0.0588751137 0.9166468978 0.0532333851 0.3961372077
-255.4 293.1 2360.2 0.3909395933 0.0869322196 -0.9163018465 -0.0832149312 0.9947909117 0.0588751137 0.9166468978 0.0532333851 0.3961372077
-271.4 98.2 2350.5 0.3914332986 0.0818369389 -0.9165602326 -0.0773928761 0.9954363704 0.0558275580 0.9169461727 0.0490824692 0.3959805369
-311.1 304.2 2229.5 0.1695027798 0.1700558364 -0.9707470536 0.9538751841 0.2193300128 0.2049790919 0.2477718443 -0.9607160687 -0.1250349879
-356.8 47.0 2162.7 -0.3204180300 0.1645499617 -0.9328749180 0.9311888814 0.2354373187 -0.2783101201 0.1738376468 -0.9578583241 -0.2286654562
-199.6 282.1 2490.8 0.4892365038 -0.8224170804 -0.2903063893 0.5197141767 0.5422192216 -0.6602238417 0.7003890276 0.1721292436 0.6926952600
-79.4 409.8 2662.9 0.5594792366 -0.8224170804 0.1030199602 0.8257003427 0.5422192216 -0.1556190401 0.0721243545 0.1721292436 0.9824304581
-324.8 -89.3 2258.3 0.2190723568 0.0571407378 -0.9740340114 -0.0463011675 0.9977678657 0.0481193550 0.9746094346 0.0345572904 0.2212290317
-347.2 -480.1 2244.7 0.2150497735 0.1629334539 -0.9629155397 -0.0710761175 0.9859809279 0.1509627551 0.9740132093 0.0359757878 0.2236156464
-252.6 -104.8 2423.1 -0.9959563613 0.0485367328 0.0755984783 0.0297285207 0.9721429348 -0.2324958742 -0.0847771168 -0.2293083072 -0.9696548581
-271.6 -485.4 2512.9 -0.9959563613 -0.0023069470 0.0898088068 0.0297285207 0.9348877668 0.3536963165 -0.0847771168 0.3549359739 -0.9310387969
-265.6 -218.3 2113.2 0 0 0 0 0 0 0 0 0
63.9 621.3 2681.4 0 0 0 0 0 0 0 0 0
-408.6 -851.5 2231.2 0 0 0 0 0 0 0 0 0
-270.9 -776.1 2402.6 0 0 0 0 0 0 0 0 0
-238.1 487.8 2369.0 4 0.3874498904 0.0867200717 -0.9178029299 -0.0798470601 0.9949812889 0.0603050068 0.9184263945 0.0499187000 0.3924297094
-255.3 291.0 2359.1 0.3874498904 0.0867200717 -0.9178029299 -0.0798470601 0.9949812889 0.0603050068 0.9184263945 0.0499187000 0.3924297094
-271.4 96.0 2350.3 0.3879865408 0.0824260414 -0.9179719090 -0.0735314637 0.9955863953 0.0583166294 0.9187271595 0.0448737517 0.3923350275
-310.6 301.4 2228.2 0.1802593470 0.1718618274 -0.9684885740 0.9551922679 0.2044172585 0.2140591741 0.2347643822 -0.9636789560 -0.1273129582
-358.8 46.0 2165.4 -0.3234392107 0.1596361399 -0.9326860905 0.9291622043 0.2400475293 -0.2811312675 0.1790102869 -0.9575455785 -0.2259686440
-200.0 280.5 2490.0 0.4849471748 -0.8173758388 -0.3110031188 0.5214438438 0.5557373762 -0.6474969387 0.7020844221 0.1518311650 0.6957188845
-79.9 409.6 2663.9 0.5676089525 -0.8173758388 0.0985735729 0.8219449520 0.5557373762 -0.1247498170 0.0471864752 0.1518311650 0.9872794747
-322.8 -89.8 2258.1 0.2148052305 0.0589385219 -0.9748768806 -0.0528662615 0.9974157214 0.0486525632 0.9752250314 0.0410872735 0.2173659652
-345.9 -480.5 2242.0 0.2144255191 0.1693440229 -0.9619481564 -0.0550790466 0.9853848815 0.1611923426 0.9751861095 0.0184194352 0.2206189632
-252.0 -103.8 2423.8 -0.9953728914 0.0497889891 0.0821818262 0.0299896412 0.9735320210 -0.2265744358 -0.0912875533 -0.2230614424 -0.9705205560
-271.5 -485.1 2511.1 -0.9953728914 -0.0036411143 0.0960184261 0.0299896412 0.9375921488 0.3464413583 -0.0912875533 0.3477179110 -0.9331445694
-266.6 -219.0 2114.4 0 0 0 0 0 0 0 0 0
65.4 620.0 2676.0 0 0 0 0 0 0 0 0 0
-409.6 -851.5 2235.0 0 0 0 0 0 0 0 0 0
-270.4 -777.7 2402.6 0 0 0 0 0 0 0 0 0
-238.2 486.3 2368.1 5 0.3926479518 0.0901200771 -0.9152627587 -0.0760217160 0.9949620962 0.0653542206 0.9165414572 0.0439186431 0.3975208998
-256.0 289.5 2359.4 0.3926479518 0.0901200771 -0.9152627587 -0.0760217160 0.9949620962 0.0653542206 0.9165414572 0.0439186431 0.3975208998
-273.0 94.6 2352.0 0.3932545185 0.0868129209 -0.9153220057 -0.0691980869 0.9955034256 0.0646877214 0.9168219566 0.0378997959 0.3974935114
-312.0 299.4 2228.8 0.1659067422 0.1696388572 -0.9714409709 0.9563468695 0.2126403153 0.2004614323 0.2405735701 -0.9622924328 -0.1269551367
-355.8 47.0 2165.3 -0.3133742213 0.1582356393 -0.9363536239 0.9307155013 0.2469914407 -0.2697478831 0.1885875911 -0.9560108185 -0.2246731073
-200.0 279.7 2490.1 0.4826576710 -0.8143575191 -0.3222784698 0.5228644013 0.5631370544 -0.6399136186 0.7026054263 0.1403512657 0.6976010203
-80.9 408.7 2663.5 0.5734393597 -0.8143575191 0.0893820599 0.8180029392 0.5631370544 -0.1172512546 0.0451500900 0.1403512657 0.9890717864
-322.7 -92.4 2258.5 0.2200536579 0.0589468852 -0.9737051129 -0.0548350587 0.9973417521 0.0479853004 0.9739453197 0.0428338349 0.2227010578
-345.7 -483.1 2241.7 0.2197462767 0.1716440767 -0.9603384137 -0.0566011369 0.9849849939 0.1630976647 0.9739136696 0.0185161438 0.2261620313
-252.5 -105.7 2424.6 -0.9947199821 0.0482161939 0.0905944183 0.0283250809 0.9774590731 -0.2092163414 -0.0986399502 -0.2055455744 -0.9736638069
-271.4 -488.5 2505.1 -0.9947199821 -0.0060418756 0.1024482623 0.0283250809 0.9433267117 0.3306545615 -0.0986399502 0.3318105638 -0.9381747842
-266.3 -218.8 2111.5 0 0 0 0 0 0 0 0 0
66.0 618.1 2675.0 0 0 0 0 0 0 0 0 0
-410.4 -854.0 2234.7 0 0 0 0 0 0 0 0 0
-269.5 -777.9 2403.3 0 0 0 0 0 0 0 0 0
-237.4 487.3 2367.2 6 0.3851855397 0.0932556912 -0.9181151986 -0.0812711567 0.9944434166 0.0669121295 0.9192535877 0.0488426983 0.3906242251
-255.8 290.5 2357.5 0.3851855397 0.0932556912 -0.9181151986 -0.0812711567 0.9944434166 0.0669121295 0.9192535877 0.0488426983 0.3906242251
-272.5 95.6 2348.9 0.3858576417 0.0852148533 -0.9186143279 -0.0737774670 0.9953860641 0.0613468327 0.9196035862 0.0441018939 0.3903642595
-310.8 301.0 2226.5 0.1810255796 0.1736432612 -0.9680277705 0.9563806057 0.1983804554 0.2144326717 0.2292725742 -0.9646207690 -0.1301571131
-358.5 48.9 2166.0 -0.3064355552 0.1537470371 -0.9393929243 0.9296705127 0.2603277564 -0.2606571615 0.2044747770 -0.9532005787 -0.2227077782
-200.8 280.0 2488.6 0.4806897342 -0.8181892037 -0.3154422939 0.5187772512 0.5553651452 -0.6499536633 0.7069706917 0.1487817764 0.6914162636
-82.2 408.0 2663.0 0.5687394738 -0.8181892037 0.0842725486 0.8197137713 0.5553651452 -0.1401387006 0.0678579286 0.1487817764 0.9865390658
-325.5 -94.2 2261.7 0.2122523189 0.0512603223 -0.9758695364 -0.0585911758 0.9974942207 0.0396526009 0.9754568338 0.0487609878 0.2147238702
-345.6 -484.9 2242.6 0.2118153721 0.1714936644 -0.9621456265 -0.0611047409 0.9848815799 0.1620939970 0.9753975868 0.0244576577 0.2190921307
-254.5 -106.7 2427.5 -0.9941437840 0.0423304737 0.0994294286 0.0227788556 0.9814997315 -0.1901035905 -0.1056371331 -0.1867254227 -0.9767161608
-271.0 -491.0 2500.6 -0.9942261577 0.0005880567 0.1073032618 0.0355219543 0.9454070926 0.3239500821 -0.1012547612 0.3258912563 -0.9399693608
-271.2 -216.0 2107.8 0 0 0 0 0 0 0 0 0
63.4 617.9 2680.4 0 0 0 0 0 0 0 0 0
-410.2 -855.8 2233.4 0 0 0 0 0 0 0 0 0
-271.2 -781.3 2400.5 0 0 0 0 0 0 0 0 0
-238.2 486.2 2366.7 7 0.4039875865 0.0881990492 -0.9105025530 -0.0762639493 0.9951232672 0.0625580177 0.9115798473 0.0441658571 0.4087438583
-255.6 289.9 2358.0 0.4039875865 0.0881990492 -0.9105025530 -0.0762639493 0.9951232672 0.0625580177 0.9115798473 0.0441658571 0.4087438583
-271.6 94.9 2350.3 0.4045890570 0.0818837807 -0.9108253121 -0.0692231506 0.9958679676 0.0587802157 0.9118748903 0.0392683633 0.4085855484
-313.2 299.8 2228.1 0.1683366001 0.1582759768 -0.9729396105 0.9538452029 0.2228524983 0.2012861371 0.2486807853 -0.9619175792 -0.1134565398
-357.6 48.4 2162.6 -0.3118122220 0.1493644714 -0.9383301139 0.9301078320 0.2497226745 -0.2693287730 0.1940941513 -0.9567282200 -0.2167916447
-197.9 280.1 2488.0 0.4691414833 -0.8156942129 -0.3384512663 0.5180796981 0.5645733476 -0.6425343156 0.7151920795 0.1260947734 0.6874594092
-83.4 406.5 2662.5 0.5746759772 -0.8156942129 0.0662609786 0.8158081770 0.5645733476 -0.1253550202 0.0648421794 0.1260947734 0.9898967743
-324.1 -92.7 2257.1 0.2327147275 0.0543183088 -0.9710269570 -0.0422013961 0.9980626106 0.0457167402 0.9716289639 0.0303397365 0.2345561832
-345.3 -483.6 2245.3 0.2272674292 0.1733300835 -0.9582829475 -0.0738375336 0.9842671156 0.1605186164 0.9710291028 0.0342765935 0.2364901304
-254.3 -106.0 2423.4 -0.9949505329 0.0483000651 0.0879802853 0.0282242671 0.9758625627 -0.2165539265 -0.0963162333 -0.2129772753 -0.9722982645
-273.2 -488.1 2506.8 -0.9949505329 -0.0059519531 0.1001898199 0.0282242671 0.9413644075 0.3362088799 -0.0963162333 0.3373389840 -0.9364430308
-268.8 -216.4 2107.3 0 0 0 0 0 0 0 0 0
63.7 615.4 2679.1 0 0 0 0 0 0 0 0 0
-410.6 -854.3 2232.4 0 0 0 0 0 0 0 0 0
-271.4 -783.1 2401.1 0 0 0 0 0 0 0 0 0
-234.9 491.6 2366.5 8 0.4348588586 0.0876208618 -0.8962256312 -0.0741687194 0.9953583479 0.0613252185 0.8974390030 0.0398040898 0.4393391013
-252.2 295.3 2358.7 0.4348588586 0.0876208618 -0.8962256312 -0.0741687194 0.9953583479 0.0613252185 0.8974390030 0.0398040898 0.4393391013
-267.5 100.1 2351.5 0.4354569316 0.0781760588 -0.8968086243 -0.0669841096 0.9962742329 0.0543216169 0.8977139592 0.0364172049 0.4390710592
-314.2 304.8 2230.8 0.1703884602 0.1260786951 -0.9772778153 0.9528797269 0.2315228730 0.1960034370 0.2509740293 -0.9646249413 -0.0806890130
-360.4 46.3 2162.7 -0.3313738108 0.1259002686 -0.9350617528 0.9262555838 0.2320217341 -0.2970127165 0.1795606762 -0.9645283818 -0.1935017407
-190.1 285.7 2486.5 0.4487681091 -0.8129346967 -0.3711392581 0.5097755194 0.5739831328 -0.6408371329 0.7339864373 0.0983895659 0.6719995737
-82.4 408.1 2662.7 0.5799515247 -0.8129346967 0.0528527908 0.8132750988 0.5739831328 -0.0955350623 0.0473271571 0.0983895659 0.9940219522
-324.2 -93.9 2260.2 0.2650119960 0.0512460135 -0.9628823996 -0.0516335890 0.9979082346 0.0388991423 0.9628616571 0.0394083373 0.2671036720
-344.3 -484.8 2244.8 0.2592528164 0.1787706614 -0.9491201639 -0.0841293707 0.9831644893 0.1622030586 0.9621383548 0.0377972834 0.2699280083
-251.1 -106.4 2425.0 -0.9935771823 0.0569806509 0.0977630615 0.0335200429 0.9733947515 -0.2266696095 -0.1080778316 -0.2219367176 -0.9690527916
-273.4 -487.6 2512.0 -0.9935771823 -0.0064141029 0.1129746437 0.0335200429 0.9368985891 0.3479906023 -0.1080778316 0.3495424390 -0.9306660295
-266.2 -217.1 2111.7 0 0 0 0 0 0 0 0 0
66.1 616.3 2674.8 0 0 0 0 0 0 0 0 0
-411.6 -855.1 2230.6 0 0 0 0 0 0 0 0 0
-271.4 -781.0 2402.5 0 0 0 0 0 0 0 0 0
-236.5 487.4 2358.9 9 0.4559431076 0.0888976529 -0.8855580688 -0.0620130934 0.9957540631 0.0680314004 0.8878458738 0.0238977466 0.4595200121
-254.0 290.3 2354.2 0.4559431076 0.0888976529 -0.8855580688 -0.0620130934 0.9957540631 0.0680314004 0.8878458738 0.0238977466 0.4595200121
-269.9 95.2 2350.4 0.4566138089 0.0809801221 -0.8859718442 -0.0541475043 0.9965322018 0.0631789863 0.8880156875 0.0191247649 0.4594152272
-319.1 298.0 2227.7 0.1549738646 0.1059882268 -0.9822166562 0.9570007324 0.2306798548 0.1758873165 0.2452195883 -0.9672400355 -0.0656814650
-360.0 45.2 2162.9 -0.3314483166 0.1013239771 -0.9380167723 0.9224095345 0.2437125742 -0.2996078134 0.1982490271 -0.9645401239 -0.1742403209
-189.0 282.6 2480.6 0.4405467510 -0.8156452775 -0.3750218153 0.5330901742 0.5738019943 -0.6217444539 0.7223111391 0.0739870667 0.6875990629
-78.3 416.5 2662.1 0.5783398151 -0.8156452775 0.0156807117 0.8121170998 0.5738019943 -0.1059109047 0.0773881078 0.0739870667 0.9942519665
-322.1 -89.0 2263.3 0.2862241268 0.0572065376 -0.9564534426 -0.0656699911 0.9970400929 0.0399819501 0.9559096098 0.0513664894 0.2891336977
-344.5 -479.5 2243.1 0.2835349739 0.1707031876 -0.9436463118 -0.0814022869 0.9847616553 0.1536821127 0.9555007219 0.0332407169 0.2931099832
-243.4 -101.1 2425.5 -0.9915290475 0.0707021207 0.1089557260 0.0453918353 0.9745919108 -0.2193403691 -0.1216951981 -0.2125366479 -0.9695454836
-271.1 -482.7 2508.7 -0.9915290475 0.0014622813 0.1298768669 0.0453918353 0.9407867789 0.3359461129 -0.1216951981 0.3389956653 -0.9328837991
-265.6 -217.6 2106.4 0 0 0 0 0 0 0 0 0
69.7 624.4 2681.9 0 0 0 0 0 0 0 0 0
-408.8 -850.4 2230.6 0 0 0 0 0 0 0 0 0
-271.6 -776.9 2402.7 0 0 0 0 0 0 0 0 0
-236.9 488.1 2362.6 0 0.4640045464 0.0904242396 -0.8812055588 -0.0756736621 0.9951861501 0.0622738078 0.8825946450 0.0377887227 0.4686136544
-254.8 290.8 2355.1 0.4640045464 0.0904242396 -0.8812055588 -0.0756736621 0.9951861501 0.0622738078 0.8825946450 0.0377887227 0.4686136544
-271.4 95.7 2348.6 0.4645867646 0.0848371610 -0.8814543486 -0.0690596476 0.9958397150 0.0594472289 0.8828306198 0.0332545340 0.4685127735
-321.0 300.6 2229.3 0.1392160505 0.0963225290 -0.9855662584 0.9590874314 0.2346446514 0.1584083587 0.2465161532 -0.9672971964 -0.0597154237
-357.4 49.7 2164.8 -0.3135570288 0.0967799351 -0.9446246028 0.9297874570 0.2332888693 -0.2847307920 0.1928141713 -0.9675794244 -0.1631341279
-188.6 280.9 2480.8 0.4383556843 -0.8014626503 -0.4068192244 0.5307708383 0.5961025953 -0.6024482846 0.7253458500 0.0481588468 0.6866980195
-80.1 412.3 2660.5 0.5973847508 -0.8014626503 0.0280905850 0.8017605543 0.5961025953 -0.0429152660 0.0176501144 0.0481588468 0.9986837506
-326.9 -95.1 2266.5 0.2952980101 0.0434599072 -0.9544162154 -0.0713227838 0.9971801639 0.0233397987 0.9527392983 0.0611794256 0.2975649834
-343.9 -485.6 2242.5 0.2943459451 0.1812243313 -0.9383593202 -0.0765111968 0.9831734896 0.1658791006 0.9526313543 0.0229691528 0.3032588065
-244.4 -104.9 2426.9 -0.9900644422 0.0733730644 0.1199535206 0.0444549583 0.9726400971 -0.2280242443 -0.1334024370 -0.2204261571 -0.9662381411
-273.2 -485.8 2513.2 -0.9900644422 -0.0058610439 0.1404923499 0.0444549583 0.9348388910 0.3522782624 -0.1334024370 0.3550237715 -0.9252901673
-268.1 -215.2 2109.9 0 0 0 0 0 0 0 0 0
72.6 617.2 2665.0 0 0 0 0 0 0 0 0 0
-412.2 -855.9 2233.8 0 0 0 0 0 0 0 0 0
-271.3 -776.7 2402.8 0 0 0 0 0 0 0 0 0
-237.3 487.9 2364.9 1 0.4644418061 0.0922634006 -0.8807844520 -0.0859414414 0.9945597649 0.0588641912 0.8814237714 0.0483568944 0.4698443711
-255.6 290.9 2355.4 0.4644418061 0.0922634006 -0.8807844520 -0.0859414414 0.9945597649 0.0588641912 0.8814237714 0.0483568944 0.4698443711
-273.1 96.0 2346.8 0.4649326205 0.0891988650 -0.8808411956 -0.0805600137 0.9950466752 0.0582421161 0.8816732764 0.0438819230 0.4698155224
-321.9 302.4 2229.7 0.1497871578 0.0950062126 -0.9841430783 0.9575508833 0.2340108752 0.1683305055 0.2462926358 -0.9675808549 -0.0559214614
-361.2 51.1 2165.1 -0.3116038740 0.0946072191 -0.9454905987 0.9298589826 0.2352019399 -0.2829175293 0.1956151873 -0.9673311114 -0.1612612158
-189.4 279.4 2481.0 0.4373531938 -0.8101572394 -0.3903426826 0.5116915703 0.5811295509 -0.6328192949 0.7395228148 0.0770304725 0.6687094569
-89.0 396.8 2650.7 0.5824878812 -0.8101572394 0.0659780353 0.8128187656 0.5811295509 -0.0401764400 -0.0057925517 0.0770304725 0.9970118999
-330.0 -93.0 2262.3 0.2965318263 0.0390013866 -0.9542262554 -0.0634464175 0.9977629185 0.0210644528 0.9529131055 0.0542959608 0.2983429432
-345.3 -483.8 2241.0 0.2952016592 0.1708528548 -0.9400347471 -0.0711701959 0.9850801826 0.1566901654 0.9527805448 0.0206472576 0.3029569387
-246.0 -105.5 2421.8 -0.9915465117 0.0678562745 0.1105939224 0.0404713601 0.9715701938 -0.2332668453 -0.1232783794 -0.2268190384 -0.9661033154
-272.6 -486.1 2510.7 -0.9915465117 -0.0052744769 0.1296443939 0.0404713601 0.9367526770 0.3476441503 -0.1232783794 0.3499522507 -0.9286203980
-272.5 -213.5 2109.4 0 0 0 0 0 0 0 0 0
54.6 597.2 2649.2 0 0 0 0 0 0 0 0 0
-409.6 -854.8 2233.3 0 0 0 0 0 0 0 0 0
-271.0 -776.7 2402.1 0 0 0 0 0 0 0 0 0
-236.5 489.8 2365.1 2 0.4646011293 0.0966813788 -0.8802263737 -0.0894358903 0.9940623045 0.0619787127 0.8809920549 0.0499284491 0.4704892635
-255.6 293.4 2355.2 0.4646011293 0.0966813788 -0.8802263737 -0.0894358903 0.9940623045 0.0619787127 0.8809920549 0.0499284491 0.4704892635
-273.7 98.6 2346.2 0.4651202857 0.0924204886 -0.8804098964 -0.0839760527 0.9946568012 0.0600489639 0.8812554479 0.0460033566 0.4703961611
-321.9 305.4 2229.7 0.1348105073 0.0945656747 -0.9863485694 0.9607366323 0.2311526835 0.1534716189 0.2425102741 -0.9683107734 -0.0596908964
-357.5 51.2 2165.5 -0.3058203459 0.0949366987 -0.9473441243 0.9326283932 0.2300215960 -0.2780185640 0.1915154606 -0.9685437679 -0.1588859558
-189.3 281.5 2480.8 0.4379607141 -0.8164499998 -0.3762975037 0.5137622356 0.5707958937 -0.6405001283 0.7377253771 0.0871864334 0.6694473624
-86.9 401.5 2653.3 0.5759949684 -0.8164499998 0.0404867455 0.8156899810 0.5707958937 -0.0940317214 0.0536625311 0.0871864334 0.9947456121
