-251.6 485.4 2373.5  0.4166992009 0.1089139432 -0.9024962783 -0.0718825683 0.9936357141 0.0867232159 0.9061979055 0.0287362542 0.4218762219
-273.0 289.8 2367.8 0.4166992009 0.1089139432 -0.9024962783 -0.0718825683 0.9936357141 0.0867232159 0.9061979055 0.0287362542 0.4218762219
-293.5 95.1 2364.2 0.4178654850 0.1044564471 -0.9024839401 -0.0610163175 0.9943521619 0.0868379772 0.9064576626 0.0187796578 0.4218789637
-332.5 298.5 2238.7 0.1702589691 0.1875695586 -0.9673828483 0.9601915479 0.1890518665 0.2056492865 0.2214590758 -0.9638864398 -0.1479149312
-377.6 44.2 2180.0 -0.2532724440 0.1700803638 -0.9523264766 0.9444726110 0.2565016448 -0.2053738832 0.2093432397 -0.9514617920 -0.2256010473
-213.5 281.2 2497.0 0.2140013129 0.0031266934 -0.9768283963 0.7581295371 0.6300634742 0.1681060344 0.6159895062 -0.7765373588 0.1324639767
-180.2 399.1 2592.8 0.5888494849 -0.0316582955 -0.8076224327 0.6620643735 0.5920460820 0.4595130682 0.4636023045 -0.8052820563 0.3695858419
-350.5 -92.8 2275.5 0.2442429960 0.0423284099 -0.9687898159 -0.0429819599 0.9985375404 0.0327919051 0.9687610269 0.0336312912 0.2457051575
-367.1 -483.9 2262.3 0.2372989506 0.0947798118 -0.9668019414 -0.1241999939 0.9900215268 0.0665715709 0.9634643793 0.1042794362 0.2467027307
-273.9 -106.4 2438.6 -0.9989154935 -0.0053316872 -0.0462534241 0.0029002279 0.9843672514 -0.1761041731 0.0464692898 -0.1760473400 -0.9832842350
-271.8 -492.0 2507.5 -0.9989909530 0.0135720316 -0.0428117029 -0.0015609303 0.9421777725 0.3351098001 0.0448843576 0.3348385096 -0.9412059188
-310.3 -206.9 2124.4 0 0 0 0 0 0 0 0 0
-39.5 557.3 2703.5 0 0 0 0 0 0 0 0 0
-402.8 -856.8 2223.1 0 0 0 0 0 0 0 0 0
-276.0 -780.8 2404.9 0 0 0 0 0 0 0 0 0
-251.1 486.7 2378.4  0.4189349711 0.1025565416 -0.9022060037 -0.0819523335 0.9938165545 0.0749160349 0.9043104053 0.0425529331 0.4247492850
-271.3 290.7 2370.0 0.4189349711 0.1025565416 -0.9022060037 -0.0819523335 0.9938165545 0.0749160349 0.9043104053 0.0425529331 0.4247492850
-291.4 96.0 2363.1 0.4196220338 0.1027984992 -0.9018591046 -0.0753015056 0.9940839410 0.0782740563 0.9045701027 0.0350658298 0.4248803854
-331.1 301.4 2241.1 0.1706170738 0.1842031926 -0.9679664373 0.9581703544 0.1980727762 0.2065834701 0.2297811210 -0.9627234340 -0.1427034438
-376.6 46.0 2179.9 -0.2476471961 0.1720137596 -0.9534580112 0.9480453730 0.2458718568 -0.2018835098 0.1997017413 -0.9539173245 -0.2239663303
-211.5 280.0 2498.9 0.2299475223 0.0107970797 -0.9731431603 0.7151291370 0.6763457060 0.1764845550 0.6600866914 -0.7365052104 0.1478027254
-178.5 382.6 2593.6 0.5611900687 -0.0848455653 -0.8233267665 0.7075323462 0.5653491616 0.4240027070 0.4294923246 -0.8204764128 0.3772993088
-351.7 -94.1 2278.6 0.2466185838 0.0393916667 -0.9683117270 -0.0452525131 0.9985517263 0.0290965252 0.9680555463 0.0366427973 0.2480439842
-367.1 -485.2 2264.2 0.2387878001 0.0944168717 -0.9664708376 -0.1389517933 0.9883424044 0.0622224770 0.9610789418 0.1194348857 0.2491234988
-276.2 -105.1 2442.4 -0.9983148575 -0.0133520169 -0.0564726964 -0.0027325149 0.9829062223 -0.1840866506 0.0579652935 -0.1836221367 -0.9812863469
-270.9 -490.1 2514.3 -0.9983148575 0.0179645084 -0.0551789664 -0.0027325149 0.9352676272 0.3539307714 0.0579652935 0.3534851074 -0.9336425066
-310.6 -206.6 2126.6 0 0 0 0 0 0 0 0 0
-39.8 557.4 2699.8 0 0 0 0 0 0 0 0 0
-402.7 -857.4 2219.3 0 0 0 0 0 0 0 0 0
-276.5 -779.7 2404.8 0 0 0 0 0 0 0 0 0
-252.8 486.9 2380.3  0.4273192286 0.1034935191 -0.8981577754 -0.0891030133 0.9934111238 0.0720766261 0.8996993899 0.0492288359 0.4337252378
-273.2 291.0 2370.6 0.4273192286 0.1034935191 -0.8981577754 -0.0891030133 0.9934111238 0.0720766261 0.8996993899 0.0492288359 0.4337252378
-292.9 96.4 2362.5 0.4281607568 0.1008869559 -0.8980535269 -0.0809196457 0.9940371513 0.0730900392 0.9000724554 0.0413758904 0.4337714314
-334.2 302.6 2242.4 0.1619967967 0.1748557091 -0.9711758494 0.9585947394 0.2057017684 0.1969338506 0.2342076004 -0.9628666639 -0.1342927366
-376.5 52.3 2181.2 -0.2402478606 0.1653815508 -0.9565196633 0.9497177005 0.2438717186 -0.1963741928 0.2007914335 -0.9556021690 -0.2156554461
-212.1 279.5 2498.9 0.3416760862 -0.0070008207 -0.9397916794 0.7089030147 0.6584333777 0.2528279722 0.6170202494 -0.7526064515 0.2299338579
-147.7 413.3 2615.3 0.5607659221 -0.0860146880 -0.8234944344 0.7081243396 0.5652361512 0.4231642485 0.4290704727 -0.8204325438 0.3778742552
-349.5 -91.8 2274.5 0.2562368214 0.0390090086 -0.9658265710 -0.0373653620 0.9988382459 0.0304291807 0.9658915401 0.0282913819 0.2573967278
-364.8 -483.1 2263.4 0.2468454838 0.1016386002 -0.9637099504 -0.1429488063 0.9874239564 0.0675245970 0.9584534168 0.1210930496 0.2582702637
-273.6 -105.4 2438.0 -0.9978622198 -0.0045938813 -0.0651913136 0.0068322457 0.9847272038 -0.1739704013 0.0649948642 -0.1740438938 -0.9825906754
-271.8 -491.1 2506.2 -0.9981424212 0.0150380870 -0.0590383224 -0.0054425839 0.9431726336 0.3322585225 0.0606798641 0.3319626749 -0.9413387775
-312.4 -201.1 2127.7 0 0 0 0 0 0 0 0 0
-6.6 591.4 2723.2 0 0 0 0 0 0 0 0 0
-403.1 -854.9 2217.8 0 0 0 0 0 0 0 0 0
-276.5 -780.6 2404.3 0 0 0 0 0 0 0 0 0
-252.5 487.1 2382.3  0.4272112250 0.1039551347 -0.8981558084 -0.0897178575 0.9933397174 0.0722973496 0.8996895552 0.0496943817 0.4336925149
-272.9 291.7 2372.5 0.4272112250 0.1039551347 -0.8981558084 -0.0897178575 0.9933397174 0.0722973496 0.8996895552 0.0496943817 0.4336925149
-292.7 97.0 2364.3 0.4280714095 0.1010493040 -0.8980779052 -0.0813790262 0.9940024018 0.0730529204 0.9000735283 0.0418128371 0.4337272942
-333.9 303.3 2244.3 0.1634887010 0.1752952337 -0.9708465338 0.9577078223 0.2079946697 0.1988315135 0.2367851138 -0.9622940421 -0.1338768303
-376.4 54.4 2182.7 -0.2368869931 0.1670778543 -0.9570629597 0.9509605765 0.2415454686 -0.1932091266 0.1988932639 -0.9558978677 -0.2161034346
-211.9 280.1 2500.8 0.3279685974 -0.0232371986 -0.9444028139 0.7434208393 0.6231811047 0.2428388745 0.5828911066 -0.7817322612 0.2216588557
-153.3 413.0 2605.0 0.5334562659 -0.0906119570 -0.8409600854 0.7382528186 0.5351186991 0.4106466770 0.4128040075 -0.8399032354 0.3523569703
-351.4 -91.0 2273.1 0.2562481761 0.0295174513 -0.9661602378 -0.0349455848 0.9991630912 0.0212573502 0.9659790993 0.0283158775 0.2570652366
-363.0 -482.4 2262.0 0.2461152524 0.1097360104 -0.9630084634 -0.1390344948 0.9872917533 0.0769701973 0.9592167139 0.1149478555 0.2582446337
-274.0 -105.6 2435.8 -0.9978630543 -0.0055960068 -0.0650998726 0.0062893522 0.9834733009 -0.1809440702 0.0650365427 -0.1809668392 -0.9813364744
-271.8 -490.8 2506.6 -0.9981492162 0.0133009292 -0.0593396388 -0.0070032692 0.9441530704 0.3294327855 0.0604074635 0.3292386532 -0.9423124790
-313.2 -199.5 2129.6 0 0 0 0 0 0 0 0 0
-22.0 594.7 2706.6 0 0 0 0 0 0 0 0 0
-404.3 -854.2 2218.7 0 0 0 0 0 0 0 0 0
-275.9 -780.5 2405.6 0 0 0 0 0 0 0 0 0
-252.4 488.5 2382.8  0.4228272438 0.0994002372 -0.9007422924 -0.0867746025 0.9938397408 0.0689400733 0.9020461440 0.0490118153 0.4288479388
-272.0 292.6 2373.1 0.4228272438 0.0994002372 -0.9007422924 -0.0867746025 0.9938397408 0.0689400733 0.9020461440 0.0490118153 0.4288479388
-291.1 97.8 2365.4 0.4237673879 0.0974549726 -0.9005130529 -0.0772789195 0.9944599271 0.0712558031 0.9024683833 0.0393947922 0.4289509058
-332.4 303.6 2244.5 0.1684413254 0.1797896028 -0.9691765904 0.9565391541 0.2076203376 0.2047601044 0.2380345017 -0.9615453482 -0.1370039433
-377.4 48.0 2180.9 -0.2486690879 0.1680895239 -0.9538918138 0.9460956454 0.2531562746 -0.2020269185 0.2075250894 -0.9527107477 -0.2219809145
-211.6 281.6 2501.7 0.3162564039 -0.0180856995 -0.9485013485 0.7414007783 0.6284875870 0.2352195978 0.5918672085 -0.7776092887 0.2121719867
-157.5 408.4 2603.0 0.5342251062 -0.0978494883 -0.8396600485 0.7447023392 0.5245081782 0.4126858413 0.4000274837 -0.8457639217 0.3530741930
-351.2 -90.3 2274.8 0.2512577176 0.0354025029 -0.9672725797 -0.0376506858 0.9989320040 0.0267811473 0.9671876431 0.0296895038 0.2523223162
-365.1 -481.6 2263.2 0.2422516197 0.0999013856 -0.9650564194 -0.1402079463 0.9878481627 0.0670653060 0.9600291252 0.1190619022 0.2533147931
-273.8 -105.0 2437.5 -0.9991287589 -0.0057403641 -0.0413368233 0.0020360097 0.9826110601 -0.1856645197 0.0416838005 -0.1855869293 -0.9817433357
-271.6 -489.9 2510.2 -0.9991287589 0.0160225462 -0.0385352112 0.0020360097 0.9409785271 0.3384602070 0.0416838005 0.3380868733 -0.9401913285
-310.9 -205.1 2125.4 0 0 0 0 0 0 0 0 0
-30.3 585.8 2698.3 0 0 0 0 0 0 0 0 0
-402.7 -853.7 2218.3 0 0 0 0 0 0 0 0 0
-276.5 -781.0 2405.6 0 0 0 0 0 0 0 0 0
-250.5 486.9 2375.0  0.4339508116 0.1093114614 -0.8942805529 -0.0782124549 0.9934355021 0.0834788680 0.8975352645 0.0337181576 0.4396516383
-272.1 290.9 2368.4 0.4339508116 0.1093114614 -0.8942805529 -0.0782124549 0.9934355021 0.0834788680 0.8975352645 0.0337181576 0.4396516383
-293.2 96.3 2363.6 0.4349249005 0.1078167856 -0.8939887285 -0.0692968816 0.9938693047 0.0861496925 0.8977963328 0.0244819876 0.4397298694
-334.1 300.8 2240.4 0.1637731791 0.1698359698 -0.9717685580 0.9605323076 0.1970678717 0.1963210702 0.2248467356 -0.9655671716 -0.1308584958
-378.0 43.4 2180.2 -0.2541548312 0.1556376070 -0.9545586705 0.9447522759 0.2511886060 -0.2105883807 0.2069987804 -0.9553434849 -0.2108797878
-210.1 281.0 2496.3 0.2844733298 -0.0086194305 -0.9586452246 0.7296797037 0.6505240202 0.2106798887 0.6218057871 -0.7594367862 0.1913461536
-160.9 407.1 2603.8 0.5404209495 -0.0931742936 -0.8362199068 0.7309628129 0.5441930890 0.4117611051 0.4166995585 -0.8337699771 0.3622003198
-348.5 -90.0 2276.1 0.2629528046 0.0349205732 -0.9641765356 -0.0453424603 0.9986878633 0.0238045864 0.9637426734 0.0374586545 0.2641911507
-362.2 -481.2 2261.5 0.2543014586 0.1129325479 -0.9605087042 -0.1295053512 0.9881906509 0.0818998143 0.9584149122 0.1035637707 0.2659236789
-271.9 -104.0 2439.3 -0.9984185100 -0.0013594647 -0.0562018938 0.0082996581 0.9851886630 -0.1712729037 0.0556023084 -0.1714684963 -0.9836193323
-271.4 -489.8 2506.4 -0.9986607432 0.0136105157 -0.0499151759 -0.0033094056 0.9459966421 0.3241594434 0.0516315661 0.3238905072 -0.9446846843
-309.8 -209.8 2124.7 0 0 0 0 0 0 0 0 0
-34.4 578.2 2701.3 0 0 0 0 0 0 0 0 0
-404.7 -853.3 2222.5 0 0 0 0 0 0 0 0 0
-275.5 -779.0 2407.4 0 0 0 0 0 0 0 0 0
-251.5 486.3 2378.7 0 0.4252027869 0.1074399054 -0.8986986279 -0.0913150907 0.9929555058 0.0755043030 0.9004799724 0.0499601066 0.4320183396
-272.7 290.6 2368.8 0.4252027869 0.1074399054 -0.8986986279 -0.0913150907 0.9929555058 0.0755043030 0.9004799724 0.0499601066 0.4320183396
-293.3 96.0 2360.5 0.4260372519 0.1051879674 -0.8985698223 -0.0835189745 0.9935494661 0.0767077282 0.9008423090 0.0423672833 0.4320742786
-333.4 302.5 2240.4 0.1629975289 0.1760174483 -0.9707984924 0.9607376456 0.1956091374 0.1967746019 0.2245328128 -0.9647564292 -0.1372227818
-377.9 40.1 2179.1 -0.2573338151 0.1605152488 -0.9528977871 0.9436612725 0.2540476620 -0.2120452225 0.2080449760 -0.9537791610 -0.2168470770
-212.0 278.7 2497.2 0.2740627527 -0.0088540595 -0.9616710544 0.7351926565 0.6465697289 0.2035666555 0.6199849844 -0.7628035545 0.1837101132
-164.7 405.6 2604.2 0.5489592552 -0.0856016278 -0.8314541578 0.7207650542 0.5521897674 0.4190276861 0.4232510328 -0.8293122649 0.3648283482
-353.6 -92.1 2277.7 0.2538518310 0.0236327164 -0.9669543505 -0.0432367995 0.9989794493 0.0130645828 0.9662762880 0.0384915434 0.2546145618
-362.9 -483.4 2262.6 0.2444504350 0.1126668230 -0.9630940557 -0.1354658008 0.9874545336 0.0811329782 0.9601525664 0.1106333211 0.2566461861
-275.0 -104.6 2440.0 -0.9990834594 -0.0085682692 -0.0419389382 -0.0008604993 0.9835836887 -0.1804504246 0.0427966043 -0.1802489460 -0.9826895595
-271.6 -489.8 2510.6 -0.9990834594 0.0135797812 -0.0405940786 -0.0008604993 0.9417800903 0.3362283111 0.0427966043 0.3359550834 -0.9409052134
-309.0 -212.5 2123.4 0 0 0 0 0 0 0 0 0
-36.5 573.9 2703.0 0 0 0 0 0 0 0 0 0
-405.3 -855.2 2220.9 0 0 0 0 0 0 0 0 0
-275.8 -779.6 2407.2 0 0 0 0 0 0 0 0 0
-249.7 485.0 2373.5 1 0.4533050358 0.1149718463 -0.8839095235 -0.0857921913 0.9926702380 0.0851208046 0.8872171044 0.0372468419 0.4598461092
-272.4 289.3 2366.1 0.4533050358 0.1149718463 -0.8839095235 -0.0857921913 0.9926702380 0.0851208046 0.8872171044 0.0372468419 0.4598461092
-294.5 94.8 2360.5 0.4542295933 0.1135320216 -0.8836209178 -0.0777575821 0.9931138158 0.0876285508 0.8874847889 0.0289047491 0.4599296451
-337.1 300.4 2239.7 0.1508034021 0.1488071382 -0.9772997499 0.9633188248 0.1998690814 0.1790788323 0.2219802141 -0.9684569240 -0.1132077724
-378.2 37.6 2179.2 -0.2619076669 0.1314610839 -0.9560974836 0.9389517307 0.2637254596 -0.2209492624 0.2231010199 -0.9555976391 -0.1925073266
-207.6 278.1 2492.5 0.2769627273 -0.0117885629 -0.9608083367 0.7051069140 0.6817936301 0.1948889941 0.6527755260 -0.7314496040 0.1971436143
-161.9 394.7 2600.4 0.5083192587 -0.0979093313 -0.8555847406 0.7349184752 0.5672021508 0.3717210293 0.4488945603 -0.8177379966 0.3602751791
-352.3 -91.0 2270.8 0.2846137583 0.0246066581 -0.9583263993 -0.0326212682 0.9993401766 0.0159715526 0.9580870867 0.0267160982 0.2852286696
-362.0 -482.4 2260.4 0.2738586664 0.1166267768 -0.9546725154 -0.1372995526 0.9871945977 0.0812138617 0.9519192576 0.1088349968 0.2863646150
-275.3 -106.1 2433.6 -0.9983037710 -0.0109908180 -0.0571734346 0.0001075170 0.9816697240 -0.1905900538 0.0582201667 -0.1902729124 -0.9800033569
-271.0 -490.6 2508.2 -0.9983037710 0.0194349531 -0.0548806190 0.0001075170 0.9432514906 0.3320792317 0.0582201667 0.3315100372 -0.9416536093
-308.2 -213.5 2119.5 0 0 0 0 0 0 0 0 0
-37.6 574.4 2710.2 0 0 0 0 0 0 0 0 0
-405.9 -854.2 2219.4 0 0 0 0 0 0 0 0 0
-277.0 -778.7 2406.9 0 0 0 0 0 0 0 0 0
-248.7 484.4 2370.4 2 0.4790884852 0.1077394933 -0.8711293936 -0.0711086094 0.9939404130 0.0838214383 0.8748815656 0.0217869207 0.4838466048
-270.0 288.2 2366.1 0.4790884852 0.1077394933 -0.8711293936 -0.0711086094 0.9939404130 0.0838214383 0.8748815656 0.0217869207 0.4838466048
-290.5 93.5 2363.4 0.4799917042 0.1052972078 -0.8709307909 -0.0626787767 0.9943495989 0.0856749415 0.8750310540 0.0134656206 0.4838794470
-338.3 297.1 2241.5 0.1490729302 0.1225201190 -0.9812064171 0.9624924660 0.2094997764 0.1723893285 0.2266836911 -0.9701024294 -0.0866939425
-378.7 36.3 2180.0 -0.2646707892 0.1077738032 -0.9582975507 0.9372232556 0.2627421618 -0.2293013483 0.2270724922 -0.9588280916 -0.1705482900
-201.6 279.2 2490.7 0.2073493451 -0.0354800373 -0.9776233435 0.7200563550 0.6820138097 0.1279688478 0.6622123122 -0.7304781079 0.1669627428
-166.8 400.2 2602.0 0.5346229076 -0.1179113016 -0.8368245363 0.7214758992 0.5793113708 0.3793031275 0.4400578439 -0.8065328598 0.3947832584
-357.8 -92.6 2274.7 0.3117392361 0.0150489658 -0.9500485063 -0.0380707048 0.9992694855 0.0033365027 0.9494047165 0.0351288989 0.3120844364
-363.7 -484.0 2260.9 0.3020449877 0.1073015183 -0.9472355843 -0.1438389719 0.9873987436 0.0659852177 0.9423795342 0.1163188815 0.3136729896
-275.7 -106.7 2435.0 -0.9985766411 -0.0106756845 -0.0522561073 -0.0007111158 0.9823408127 -0.1870988458 0.0533307157 -0.1867953688 -0.9809502363
-271.5 -491.5 2508.2 -0.9985766411 0.0169911627 -0.0505566150 -0.0007111158 0.9435731173 0.3311635256 0.0533307157 0.3307281435 -0.9422180057
-308.0 -214.2 2119.3 0 0 0 0 0 0 0 0 0
-38.3 573.6 2707.7 0 0 0 0 0 0 0 0 0
-404.1 -855.9 2217.1 0 0 0 0 0 0 0 0 0
-276.7 -782.8 2406.1 0 0 0 0 0 0 0 0 0
-248.3 486.0 2368.8 3 0.4574672580 0.1126441211 -0.8820629120 -0.0693801716 0.9934416413 0.0908849016 0.8865157366 0.0196208078 0.4622823000
-270.6 289.8 2364.9 0.4574672580 0.1126441211 -0.8820629120 -0.0693801716 0.9934416413 0.0908849016 0.8865157366 0.0196208078 0.4622823000
-292.0 95.1 2362.5 0.4583514631 0.1094700173 -0.8820035458 -0.0614687465 0.9939138293 0.0914162695 0.8866428733 0.0123148728 0.4622908235
-335.9 298.5 2238.7 0.1555352807 0.1460247934 -0.9769777656 0.9626766443 0.1993594617 0.1830559671 0.2215004563 -0.9689853191 -0.1095672250
-378.3 36.1 2178.3 -0.2624394596 0.1313137263 -0.9559718966 0.9411966801 0.2532902062 -0.2235909551 0.2127777636 -0.9584366083 -0.1900653839
-205.3 281.0 2491.2 0.1903978288 -0.0128585147 -0.9816228151 0.7158463597 0.6860760450 0.1298601329 0.6717981100 -0.7274161577 0.1398321092
-175.2 394.0 2597.3 0.5766296387 -0.0898310095 -0.8120521307 0.6813663244 0.6013246179 0.4173111618 0.4508194327 -0.7939389944 0.4079494178
-354.4 -95.6 2281.7 0.2878843844 0.0191494264 -0.9574736953 -0.0661437735 0.9978101254 0.0000686519 0.9553782344 0.0633111596 0.2885205448
-361.9 -486.3 2257.0 0.2813382745 0.1148783416 -0.9527075887 -0.1273167282 0.9885000587 0.0815971047 0.9511252642 0.0983392149 0.2927288413
-267.7 -106.9 2439.8 -0.9995276928 0.0095066475 -0.0292245448 0.0142709622 0.9857826233 -0.1674186438 0.0272174589 -0.1677566171 -0.9854526520
-271.5 -492.9 2505.5 -0.9996458888 0.0161992367 -0.0211124942 0.0084686512 0.9457788467 0.3247008026 0.0252276566 0.3244070113 -0.9455811381
-308.3 -214.8 2121.6 0 0 0 0 0 0 0 0 0
-39.7 554.2 2703.3 0 0 0 0 0 0 0 0 0
-405.2 -858.5 2219.9 0 0 0 0 0 0 0 0 0
-276.4 -782.8 2406.1 0 0 0 0 0 0 0 0 0
-250.7 483.8 2368.1 4 0.4490071237 0.1026158333 -0.8876162171 -0.0636116564 0.9945340753 0.0827980116 0.8912609816 0.0192858446 0.4530804455
-271.0 287.4 2364.2 0.4490071237 0.1026158333 -0.8876162171 -0.0636116564 0.9945340753 0.0827980116 0.8912609816 0.0192858446 0.4530804455
-290.7 92.6 2362.0 0.4498159587 0.1007768363 -0.8874173760 -0.0557004586 0.9948447347 0.0847429261 0.8913826942 0.0113108344 0.4531103671
-335.1 295.3 2237.2 0.1565280259 0.1543011516 -0.9755460620 0.9620852470 0.1995533556 0.1859313548 0.2233629078 -0.9676619172 -0.1172151640
-377.8 33.1 2176.4 -0.2763508260 0.1448767334 -0.9500741959 0.9428972006 0.2321393639 -0.2388643324 0.1859437227 -0.9618326426 -0.2007557601
-206.9 279.5 2491.2 0.2041274607 -0.0114072785 -0.9788778424 0.7154149413 0.6842809319 0.1412127763 0.6682165861 -0.7291292548 0.1478414685
-175.6 389.3 2593.8 0.5524107814 -0.0817902312 -0.8295496702 0.6907871962 0.6018997431 0.4006616473 0.4665355384 -0.7943720818 0.3889955580
-354.8 -94.0 2280.0 0.2786702514 0.0112134106 -0.9603213668 -0.0649599954 0.9978619218 -0.0071986145 0.9581874013 0.0643885136 0.2788028717
-359.2 -484.8 2254.8 0.2720863819 0.1254195124 -0.9540644288 -0.1203692257 0.9881183505 0.0955684856 0.9547147751 0.0888371095 0.2839502096
-272.0 -105.1 2440.2 -0.9998345375 -0.0039814292 -0.0177488942 -0.0008609579 0.9850162864 -0.1724590510 0.0181695838 -0.1724152267 -0.9848567843
-270.4 -490.8 2507.7 -0.9996989965 0.0172670651 -0.0174285471 0.0105195167 0.9434597492 0.3313201964 0.0221640598 0.3310371041 -0.9433574080
-304.2 -218.0 2126.9 0 0 0 0 0 0 0 0 0
-39.9 558.9 2708.4 0 0 0 0 0 0 0 0 0
-406.4 -856.9 2221.3 0 0 0 0 0 0 0 0 0
-275.8 -781.7 2405.7 0 0 0 0 0 0 0 0 0
-252.2 484.6 2375.2 5 0.4570634961 0.0949639082 -0.8843499422 -0.0754157677 0.9948410392 0.0678511932 0.8862310052 0.0356816277 0.4618672729
-271.0 287.8 2368.1 0.4570634961 0.0949639082 -0.8843499422 -0.0754157677 0.9948410392 0.0678511932 0.8862310052 0.0356816277 0.4618672729
-289.0 92.9 2362.6 0.4578289390 0.0920335427 -0.8842638135 -0.0672692358 0.9953621626 0.0687678307 0.8864917159 0.0279998500 0.4618966281
-336.2 297.4 2241.8 0.1506156176 0.1433229446 -0.9781479836 0.9608533978 0.2115168720 0.1789450645 0.2325417399 -0.9668087363 -0.1058545932
-378.0 31.0 2177.3 -0.2847631574 0.1411083490 -0.9481552243 0.9430123568 0.2188714594 -0.2506452203 0.1721559912 -0.9654965997 -0.1953934431
-205.7 278.2 2494.4 0.2011575401 -0.0333216079 -0.9789919853 0.7379767895 0.6623638868 0.1290904880 0.6441473961 -0.7484409213 0.1578300595
-173.3 397.1 2598.1 0.5593235493 -0.0911543742 -0.8239223957 0.6944406033 0.5942893624 0.4056752324 0.4526692033 -0.7990688682 0.3957013190
-351.1 -97.2 2279.3 0.2875165641 0.0199228227 -0.9575684071 -0.0641911030 0.9979364872 0.0014888821 0.9556221962 0.0610392950 0.2882021368
-358.9 -488.1 2255.4 0.2803002000 0.1286325753 -0.9512546659 -0.1236979216 0.9875585437 0.0970924497 0.9519089460 0.0904531926 0.2927244306
-269.8 -107.3 2440.4 -0.9992910624 0.0010694190 -0.0376335792 0.0077428622 0.9840661883 -0.1776337326 0.0368439704 -0.1777991951 -0.9833768010
-270.2 -492.7 2510.0 -0.9992910624 0.0197960120 -0.0320241787 0.0077428622 0.9404816628 0.3397562206 0.0368439704 0.3392673731 -0.9399681687
-302.1 -220.1 2131.5 0 0 0 0 0 0 0 0 0
-39.3 563.6 2706.7 0 0 0 0 0 0 0 0 0
-407.3 -860.0 2221.3 0 0 0 0 0 0 0 0 0
-276.3 -781.1 2406.0 0 0 0 0 0 0 0 0 0
-249.3 482.7 2363.2 6 0.4831837118 0.1013353392 -0.8696347475 -0.0588105172 0.9947923422 0.0832433775 0.8735415339 0.0109218238 0.4866270721
-269.3 287.1 2361.1 0.4831837118 0.1013353392 -0.8696347475 -0.0588105172 0.9947923422 0.0832433775 0.8735415339 0.0109218238 0.4866270721
-288.0 92.2 2359.4 0.4836218953 0.0960609466 -0.8699897528 -0.0543927774 0.9953365922 0.0796646625 0.8735852838 0.0087935841 0.4865916073
-338.2 294.9 2236.7 0.1470168531 0.1159990281 -0.9823086262 0.9654771686 0.1990678608 0.1680053473 0.2150345445 -0.9730961919 -0.0827280879
-378.2 31.8 2178.1 -0.2756187320 0.1065806448 -0.9553402066 0.9412696362 0.2315852493 -0.2457229644 0.1950533837 -0.9669585228 -0.1641503572
-200.4 279.3 2485.5 0.1754081249 -0.0330123827 -0.9839421511 0.6838982105 0.7230114341 0.0976611972 0.7081773877 -0.6900468469 0.1493991911
-172.6 387.5 2597.5 0.5395684242 -0.1447024941 -0.8294137120 0.7199438214 0.5900465250 0.3654120266 0.4365166724 -0.7942960858 0.4225481451
-348.4 -95.9 2277.0 0.3149613142 0.0237153042 -0.9488081932 -0.0691376403 0.9976051450 0.0019844121 0.9465829730 0.0649733469 0.3158466518
-357.7 -486.7 2251.6 0.3107989728 0.1368216276 -0.9405763149 -0.1003862396 0.9887753129 0.1106618345 0.9451595545 0.0600273386 0.3210453391
-265.7 -108.1 2437.2 -0.9996001720 0.0106669497 -0.0261865575 0.0153604466 0.9823977351 -0.1861687154 0.0237397626 -0.1864965111 -0.9821687341
-269.8 -492.8 2510.3 -0.9996001720 0.0225231610 -0.0170946438 0.0153604466 0.9401273131 0.3404770792 0.0237397626 0.3400783539 -0.9400973916
-305.0 -218.3 2126.2 0 0 0 0 0 0 0 0 0
-38.9 565.9 2705.7 0 0 0 0 0 0 0 0 0
-409.2 -858.9 2229.0 0 0 0 0 0 0 0 0 0
-276.7 -780.5 2406.2 0 0 0 0 0 0 0 0 0
-249.7 482.0 2364.7 7 0.4489613473 0.1005037725 -0.8878810406 -0.0499959216 0.9949231744 0.0873397440 0.8921514153 0.0051782583 0.4517068267
-269.4 286.6 2363.7 0.4489613473 0.1005037725 -0.8878810406 -0.0499959216 0.9949231744 0.0873397440 0.8921514153 0.0051782583 0.4517068267
-288.5 91.7 2363.5 0.4494553506 0.0975864232 -0.8879565001 -0.0450329557 0.9952265024 0.0865811408 0.8921669722 0.0010729503 0.4517044425
-333.4 293.0 2236.7 0.1627274305 0.1545620859 -0.9744898081 0.9625334740 0.1922565699 0.1912243515 0.2169080973 -0.9690964818 -0.1174857616
-376.7 37.0 2179.0 -0.2620100379 0.1403089315 -0.9548110366 0.9436046481 0.2447322160 -0.2229716480 0.2023881227 -0.9593849778 -0.1965184659
-205.4 280.2 2490.7 0.2382201701 -0.0170839336 -0.9710609317 0.7229323387 0.6707925200 0.1655481011 0.6485522389 -0.7414482236 0.1721468419
-166.1 399.5 2597.7 0.5246988535 -0.0820312276 -0.8473263383 0.7119695544 0.5879399180 0.3839609027 0.4666802287 -0.8047344089 0.3668951690
-350.5 -97.8 2278.7 0.2780090570 0.0163620003 -0.9604390860 -0.0620619468 0.9980718493 -0.0009613635 0.9585714936 0.0598739870 0.2784884572
-356.9 -488.7 2255.3 0.2700010240 0.1394979954 -0.9527012706 -0.1224714667 0.9863883257 0.1097214520 0.9550393820 0.0870538205 0.2834104002
-263.1 -107.6 2436.6 -0.9997736812 0.0177732147 0.0116942842 0.0153802736 0.9835584164 -0.1799341589 -0.0147000197 -0.1797135770 -0.9836091399
-270.1 -492.9 2506.9 -0.9996514916 0.0183769837 0.0189530700 0.0236042868 0.9437011480 0.3299559355 -0.0118224397 0.3302883208 -0.9438060522
-307.2 -213.4 2125.3 0 0 0 0 0 0 0 0 0
-39.3 571.6 2710.6 0 0 0 0 0 0 0 0 0
-409.4 -860.0 2222.5 0 0 0 0 0 0 0 0 0
-275.6 -779.5 2406.6 0 0 0 0 0 0 0 0 0
-248.5 479.8 2358.5 8 0.4532159865 0.1013078466 -0.8856251836 -0.0325325951 0.9947387576 0.0971410349 0.8908069134 -0.0152141815 0.4541273117
-268.4 283.9 2361.5 0.4532159865 0.1013078466 -0.8856251836 -0.0325325951 0.9947387576 0.0971410349 0.8908069134 -0.0152141815 0.4541273117
-287.7 89.1 2364.9 0.4535348415 0.0985160097 -0.8857769370 -0.0293576159 0.9949839115 0.0956303328 0.8907548785 -0.0173673891 0.4541520476
-333.0 288.1 2234.6 0.1710882336 0.1517973989 -0.9734918475 0.9629255533 0.1834059209 0.1978298724 0.2085742354 -0.9712465405 -0.1147909909
-377.9 35.4 2179.9 -0.2649156749 0.1314061880 -0.9552759528 0.9395725727 0.2579615414 -0.2250760943 0.2168480754 -0.9571772218 -0.1918037087
-203.8 279.7 2488.4 0.2142994255 -0.0180277415 -0.9766016603 0.7334417105 0.6632889509 0.1486978084 0.6450884342 -0.7481461763 0.1553647369
-166.8 406.3 2599.7 0.5601685643 -0.1013164967 -0.8221594095 0.7126909494 0.5648307204 0.4159782231 0.4222354591 -0.8189635277 0.3886077702
-348.3 -99.1 2282.7 0.2817294002 0.0227769855 -0.9592235088 -0.0772844106 0.9970086217 0.0009753318 0.9563763142 0.0738582462 0.2826469541
-357.2 -489.6 2253.8 0.2760294378 0.1377526820 -0.9512265325 -0.1200821474 0.9868645072 0.1080678776 0.9536184072 0.0843954161 0.2889452875
-267.1 -107.3 2443.9 -0.9999148846 0.0105947638 0.0076111844 0.0092979316 0.9880498052 -0.1538544297 -0.0091502806 -0.1537705660 -0.9880642295
-271.2 -494.1 2504.1 -0.9998385906 0.0136621259 0.0116669228 0.0167029351 0.9460555315 0.3235737383 -0.0066168518 0.3237164021 -0.9461310506
-307.7 -213.6 2122.4 0 0 0 0 0 0 0 0 0
-32.6 577.0 2700.9 0 0 0 0 0 0 0 0 0
-409.0 -861.2 2222.0 0 0 0 0 0 0 0 0 0
-275.4 -783.9 2404.9 0 0 0 0 0 0 0 0 0
-249.6 482.0 2362.4 9 0.4192939997 0.0940190554 -0.9029690027 -0.0354988948 0.9955602288 0.0871759281 0.9071562290 -0.0044979430 0.4207699895
-268.0 286.6 2363.3 0.4192939997 0.0940190554 -0.9029690027 -0.0354988948 0.9955602288 0.0871759281 0.9071562290 -0.0044979430 0.4207699895
-286.4 91.6 2364.6 0.4194927812 0.0939471722 -0.9028841257 -0.0333930627 0.9955539703 0.0880747959 0.9071442485 -0.0067966729 0.4207648933
-327.8 291.3 2234.1 0.1865553707 0.1827497035 -0.9652976990 0.9623769522 0.1635814309 0.2169600576 0.1975541711 -0.9694553614 -0.1453571171
-376.5 40.0 2182.5 -0.2577232122 0.1572276056 -0.9533405900 0.9418160319 0.2612270713 -0.2115253806 0.2157807350 -0.9523864388 -0.2154037654
-208.3 281.8 2492.4 0.2704338133 0.0139434552 -0.9626376033 0.6940319538 0.6901496649 0.2049709857 0.6672220230 -0.7235323191 0.1769625992
-164.2 394.9 2601.1 0.5478143096 -0.1218562573 -0.8276777864 0.7425723672 0.5265130997 0.4139688611 0.3853385150 -0.8413887024 0.3789184988
-348.0 -103.1 2287.8 0.2454872429 0.0262712799 -0.9690437913 -0.0865319446 0.9962360859 0.0050873957 0.9655300379 0.0826043487 0.2468365580
-358.3 -493.3 2255.5 0.2408702970 0.1374825239 -0.9607705474 -0.1207688227 0.9864684343 0.1108824015 0.9630142450 0.0893228501 0.2542145550
-266.0 -108.4 2448.8 -0.9988521338 0.0133249946 0.0460097603 0.0066138385 0.9896942377 -0.1430440843 -0.0474416539 -0.1425755769 -0.9886462688
-271.2 -496.0 2504.6 -0.9987561107 0.0166776311 0.0469907373 0.0311736465 0.9443695545 0.3274054229 -0.0389162749 0.3284630179 -0.9437147379
-308.2 -209.5 2125.4 0 0 0 0 0 0 0 0 0
-28.6 578.7 2696.5 0 0 0 0 0 0 0 0 0
-410.0 -864.8 2221.9 0 0 0 0 0 0 0 0 0
-276.3 -784.2 2404.4 0 0 0 0 0 0 0 0 0
-246.9 481.8 2357.8 0 0.4430154860 0.1032995060 -0.8905428052 -0.0293590445 0.9944784641 0.1007504836 0.8960331082 -0.0184885375 0.4436021149
-267.2 286.2 2361.5 0.4430154860 0.1032995060 -0.8905428052 -0.0293590445 0.9944784641 0.1007504836 0.8960331082 -0.0184885375 0.4436021149
-287.0 91.5 2365.6 0.4433230460 0.1011543497 -0.8906359673 -0.0263666809 0.9946537018 0.0998439267 0.8959740400 -0.0207799990 0.4436200261
-330.4 290.0 2233.9 0.1839250326 0.1609554887 -0.9696725607 0.9634281397 0.1660655290 0.2103057355 0.1948790550 -0.9728903174 -0.1245254353
-376.3 49.5 2185.2 -0.2451495081 0.1429576576 -0.9588872790 0.9489316940 0.2379644215 -0.2071268409 0.1985706836 -0.9606956244 -0.1939939111
-204.1 282.5 2489.0 0.3339257836 -0.0027867947 -0.9425952435 0.6951127648 0.6761350632 0.2442531139 0.6366410255 -0.7367724180 0.2277160734
-138.1 419.7 2614.8 0.5596852899 -0.1222884431 -0.8196327686 0.7327571511 0.5349865556 0.4205428958 0.3870649934 -0.8359634280 0.3890318573
-342.6 -100.3 2284.1 0.2705287337 0.0391840898 -0.9619141221 -0.0780096948 0.9967778921 0.0186648369 0.9595460892 0.0699892566 0.2727137804
-358.0 -490.7 2256.6 0.2634966075 0.1350057572 -0.9551664591 -0.1324778646 0.9858410954 0.1027954444 0.9555203319 0.0994521603 0.2776510715
-266.9 -106.4 2447.9 -0.9997788072 0.0097389976 0.0186417010 0.0069432985 0.9894727468 -0.1445527822 -0.0198532548 -0.1443913728 -0.9893214703
-270.7 -493.9 2504.4 -0.9996502399 0.0160338338 0.0210322160 0.0220226776 0.9450089335 0.3263021708 -0.0146437576 0.3266512454 -0.9450315237
-311.4 -201.8 2132.7 0 0 0 0 0 0 0 0 0
2.8 604.3 2712.3 0 0 0 0 0 0 0 0 0
-408.8 -862.0 2219.2 0 0 0 0 0 0 0 0 0
-275.6 -781.6 2405.0 0 0 0 0 0 0 0 0 0
-248.9 481.8 2362.1 1 0.4262006283 0.1012294665 -0.8989469409 -0.0296300948 0.9947482347 0.0979695916 0.9041432738 -0.0151188178 0.4269617498
-268.8 286.3 2365.0 0.4262006283 0.1012294665 -0.8989469409 -0.0296300948 0.9947482347 0.0979695916 0.9041432738 -0.0151188178 0.4269617498
-288.1 91.5 2368.1 0.4263661504 0.0987178758 -0.8991477489 -0.0279829334 0.9949907064 0.0959713086 0.9041177034 -0.0157581251 0.4269927740
-329.6 290.3 2236.3 0.1862927079 0.1801070869 -0.9658449292 0.9599148035 0.1761782467 0.2180019468 0.2094245702 -0.9677410126 -0.1400667280
-377.3 44.2 2182.6 -0.2530355155 0.1607898921 -0.9540019035 0.9452924728 0.2509577572 -0.2084283978 0.2059010118 -0.9545505643 -0.2154946923
-208.1 282.3 2493.8 0.3016942441 -0.0048486181 -0.9533923864 0.7285371423 0.6462114453 0.2272539884 0.6149912477 -0.7631430030 0.1984906793
-151.1 420.0 2610.0 0.6094658971 -0.1393778324 -0.7804647088 0.7227280736 0.5023486018 0.4746683240 0.3259070814 -0.8533579111 0.4068965912
-346.8 -100.9 2288.7 0.2523200512 0.0290363654 -0.9672080874 -0.0873550475 0.9961518049 0.0071165645 0.9636927247 0.0826948583 0.2538855374
-358.2 -491.0 2256.4 0.2471751869 0.1366439164 -0.9592877030 -0.1259399354 0.9861395359 0.1080184132 0.9607515335 0.0941131637 0.2609581351
-266.7 -105.7 2450.6 -0.9992232323 0.0111034233 0.0378106534 0.0058297263 0.9905775189 -0.1368292421 -0.0389736556 -0.1365025192 -0.9898727536
-271.0 -493.7 2504.0 -0.9991802573 0.0117059890 0.0387525000 0.0236775167 0.9454522133 0.3248991072 -0.0328353718 0.3255503476 -0.9449543953
-310.3 -206.1 2128.0 0 0 0 0 0 0 0 0 0
-0.3 598.8 2690.6 0 0 0 0 0 0 0 0 0
-409.6 -862.5 2220.9 0 0 0 0 0 0 0 0 0
-274.6 -783.8 2404.2 0 0 0 0 0 0 0 0 0
-247.3 481.5 2356.7 2 0.4439349473 0.1081303284 -0.8895108700 -0.0258041006 0.9938232899 0.1079324633 0.8956874013 -0.0249619633 0.4439830780
-268.6 285.6 2361.6 0.4439349473 0.1081303284 -0.8895108700 -0.0258041006 0.9938232899 0.1079324633 0.8956874013 -0.0249619633 0.4439830780
-289.4 90.9 2366.7 0.4441159964 0.1062218100 -0.8896504641 -0.0241250955 0.9940051436 0.1066381633 0.8956444263 -0.0258968119 0.4440161884
-331.9 289.1 2234.0 0.1760201752 0.1637994796 -0.9706630111 0.9630387425 0.1755875647 0.2042680085 0.2038953453 -0.9707413316 -0.1268382967
-376.1 47.2 2182.8 -0.2512175441 0.1479109824 -0.9565626383 0.9479827285 0.2371983230 -0.2122868299 0.1954955012 -0.9601350427 -0.1998054385
-205.3 282.1 2489.2 0.2227776945 -0.0157760587 -0.9747416377 0.7528967857 0.6379525065 0.1617497802 0.6192870736 -0.7699140906 0.1539993435
-164.6 419.8 2602.4 0.6356227994 -0.1431716233 -0.7586076856 0.7043740153 0.5097492337 0.4939767122 0.3159762323 -0.8483263254 0.4248545766
-345.9 -100.8 2289.6 0.2705383897 0.0325617641 -0.9621583819 -0.0898621157 0.9959184527 0.0084369779 0.9585059881 0.0841790587 0.2723602653
-358.7 -490.9 2256.6 0.2657883465 0.1297198832 -0.9552639723 -0.1275623888 0.9869246483 0.0985268578 0.9555544853 0.0956684649 0.2788604498
-268.9 -105.9 2452.9 -0.9998132586 0.0089382315 0.0171331521 0.0066371066 0.9914988875 -0.1299456805 -0.0181489848 -0.1298077106 -0.9913730621
-272.4 -494.3 2503.8 -0.9997698069 0.0093282461 0.0193207879 0.0151015921 0.9456332922 0.3248840570 -0.0152397826 0.3251010478 -0.9455564618
-309.6 -203.8 2131.0 0 0 0 0 0 0 0 0 0
-8.9 592.3 2679.8 0 0 0 0 0 0 0 0 0
-407.6 -862.6 2220.6 0 0 0 0 0 0 0 0 0
-275.2 -782.5 2404.7 0 0 0 0 0 0 0 0 0
-247.3 481.7 2361.5 3 0.4488099515 0.1059076712 -0.8873292208 -0.0426919125 0.9943596721 0.0970888361 0.8926068544 -0.0056926543 0.4507999122
-268.2 285.8 2362.6 0.4488099515 0.1059076712 -0.8873292208 -0.0426919125 0.9943596721 0.0970888361 0.8926068544 -0.0056926543 0.4507999122
-288.8 91.1 2364.4 0.4491748810 0.1050056294 -0.8872517943 -0.0392509885 0.9944298863 0.0978191122 0.8925812244 -0.0091123749 0.4507944882
-332.2 291.4 2235.4 0.1695581675 0.1556115299 -0.9731572866 0.9640892744 0.1786169559 0.1965397298 0.2044062316 -0.9715353847 -0.1197374389
-375.4 45.7 2183.3 -0.2600084841 0.1413855553 -0.9551993012 0.9468079209 0.2315727770 -0.2234476507 0.1896058917 -0.9624885321 -0.1940758526
-204.2 280.2 2489.8 0.0306053348 -0.1313261390 -0.9908666611 0.8002371788 0.5972079635 -0.0544346534 0.5989021659 -0.7912623286 0.1233698055
-197.6 453.2 2619.2 0.8517436385 -0.1313261390 -0.5072339177 0.4763723016 0.5972079635 0.6453000307 0.2181793749 -0.7912623286 0.5712282062
-350.3 -101.5 2290.9 0.2762490213 0.0264225658 -0.9607228041 -0.0986324549 0.9951234460 -0.0009923826 0.9560115933 0.0950325951 0.2775079906
-360.6 -491.3 2253.6 0.2743163407 0.1222365871 -0.9538389444 -0.1145716682 0.9889776707 0.0937898010 0.9547899365 0.0835548490 0.2852975726
-270.0 -105.9 2452.7 -0.9999259114 0.0039736601 0.0115078213 0.0022543534 0.9893217683 -0.1457306147 -0.0119640213 -0.1456938684 -0.9892573953
-271.6 -493.4 2509.8 -0.9998780489 0.0099726357 0.0120198177 0.0134573886 0.9406957030 0.3389844894 -0.0079264222 0.3391048908 -0.9407151937
-306.6 -205.0 2133.1 0 0 0 0 0 0 0 0 0
4.8 566.4 2671.0 0 0 0 0 0 0 0 0 0
-406.7 -863.8 2222.2 0 0 0 0 0 0 0 0 0
-274.6 -782.7 2405.5 0 0 0 0 0 0 0 0 0
-248.7 483.5 2371.9 4 0.4514676332 0.0979277045 -0.8868975043 -0.0653103068 0.9949198961 0.0766094550 0.8898941278 0.0233368557 0.4555698037
-268.0 287.5 2367.3 0.4514676332 0.0979277045 -0.8868975043 -0.0653103068 0.9949198961 0.0766094550 0.8898941278 0.0233368557 0.4555698037
-287.3 92.7 2363.9 0.4519577622 0.0986683890 -0.8865656853 -0.0603493676 0.9949688911 0.0799676925 0.8899955750 0.0173616596 0.4556384981
-332.4 296.1 2240.5 0.1668032408 0.1498283148 -0.9745399952 0.9613718390 0.1947722733 0.1944941580 0.2189540863 -0.9693375230 -0.1115520746
-375.3 49.0 2184.2 -0.2531739771 0.1413343102 -0.9570410252 0.9492642879 0.2270544916 -0.2175856829 0.1865481436 -0.9635719061 -0.1916479021
-203.6 278.9 2494.1 0.1649210155 -0.4178192317 -0.8934361339 0.7533673048 0.6380125284 -0.1593038291 0.6365836263 -0.6468130350 0.4199930429
-172.8 419.3 2612.7 0.7077963352 -0.4178192317 -0.5696064234 0.6749340892 0.6380125284 0.3706804812 0.2085385770 -0.6468130350 0.7335833311
-349.9 -100.1 2285.5 0.2804808617 0.0204373002 -0.9596419930 -0.0792849436 0.9968500733 -0.0019434175 0.9565795064 0.0766302571 0.2812177539
-357.9 -490.5 2255.5 0.2749189734 0.1345693469 -0.9520034790 -0.1220801622 0.9870283604 0.1042660251 0.9536854625 0.0875560269 0.2877810895
-268.7 -107.2 2446.8 -0.9999420643 0.0049477592 0.0095623834 0.0033252630 0.9866551161 -0.1627901345 -0.0102402205 -0.1627489030 -0.9866144061
-270.6 -493.6 2510.6 -0.9998192787 0.0156713352 0.0107593201 0.0184144638 0.9389456511 0.3435722888 -0.0047181812 0.3437083364 -0.9390646219
-308.2 -202.4 2134.8 0 0 0 0 0 0 0 0 0
-3.0 581.3 2662.8 0 0 0 0 0 0 0 0 0
-408.6 -862.2 2222.5 0 0 0 0 0 0 0 0 0
-275.4 -780.2 2405.7 0 0 0 0 0 0 0 0 0
-249.5 483.5 2369.1 5 0.4324276745 0.0969875827 -0.8964372277 -0.0470126607 0.9952710271 0.0850024447 0.9004421830 0.0053864899 0.4349423647
-268.6 287.7 2368.0 0.4324276745 0.0969875827 -0.8964372277 -0.0470126607 0.9952710271 0.0850024447 0.9004421830 0.0053864899 0.4349423647
-287.4 92.8 2368.0 0.4329652190 0.0955633745 -0.8963307142 -0.0414553434 0.9954233170 0.0861035883 0.9004568458 -0.0001221615 0.4349452853
-330.3 293.5 2239.8 0.1832997948 0.1710906923 -0.9680542946 0.9596995115 0.1822420508 0.2139266878 0.2130210698 -0.9682540298 -0.1307907254
-375.8 55.5 2186.9 -0.2431673557 0.1572809517 -0.9571480155 0.9500536323 0.2376249135 -0.2023178786 0.1956214756 -0.9585390687 -0.2072079629
-206.9 281.8 2496.3 0.2422777712 -0.5243443251 -0.8163115382 0.7528101802 0.6323587894 -0.1827544868 0.6120280623 -0.5702502728 0.5479382277
-162.9 418.5 2607.5 0.6561749578 -0.5243443251 -0.5426761508 0.7268769741 0.6323587894 0.2679032981 0.2026924640 -0.5702502728 0.7960718870
-347.5 -96.6 2280.1 0.2600550950 0.0226102639 -0.9653290510 -0.0647486821 0.9978839755 0.0059297881 0.9634204507 0.0609617084 0.2609688044
-356.4 -487.4 2256.2 0.2518936396 0.1394706815 -0.9576520920 -0.1261050999 0.9858537316 0.1104081720 0.9595035911 0.0929536968 0.2659182549
-265.8 -107.5 2440.9 -0.9999013543 0.0127304662 -0.0059374040 0.0135817593 0.9840564728 -0.1773369759 0.0035851584 -0.1774001271 -0.9841322899
-270.8 -492.9 2510.4 -0.9999013543 0.0139851561 0.0013164192 0.0135817593 0.9386124611 0.3447059095 0.0035851584 0.3446897864 -0.9387097955
-311.4 -196.1 2135.1 0 0 0 0 0 0 0 0 0
-6.2 592.1 2655.9 0 0 0 0 0 0 0 0 0
-408.9 -858.7 2221.2 0 0 0 0 0 0 0 0 0
-275.0 -779.7 2405.1 0 0 0 0 0 0 0 0 0
-250.5 482.4 2367.7 6 0.4512621164 0.0862609670 -0.8882125616 -0.0386911109 0.9962725043 0.0770982057 0.8915523291 -0.0004255672 0.4529175460
-267.5 286.1 2367.8 0.4512621164 0.0862609670 -0.8882125616 -0.0386911109 0.9962725043 0.0770982057 0.8915523291 -0.0004255672 0.4529175460
-283.9 91.0 2368.9 0.4517764151 0.0841728151 -0.8881514668 -0.0326777324 0.9964323044 0.0778127313 0.8915325403 -0.0061311820 0.4529151917
-331.8 290.7 2240.8 0.1763634682 0.1517990977 -0.9725497365 0.9593588114 0.1946100146 0.2043468356 0.2202875912 -0.9690634608 -0.1113077030
-377.0 44.7 2184.3 -0.2662335932 0.1402193457 -0.9536551833 0.9443182349 0.2363936454 -0.2288691849 0.1933461428 -0.9614866376 -0.1953476220
-203.1 281.5 2494.8 0.2468515038 -0.5364736915 -0.8070070148 0.7645080686 0.6195493340 -0.1780057997 0.5954760909 -0.5730223656 0.5630751252
-158.9 418.2 2601.3 0.6296141744 -0.5364736915 -0.5619448423 0.7459646463 0.6195493340 0.2443264574 0.2170778215 -0.5730223656 0.7902674079
-345.2 -98.4 2286.7 0.2800383270 0.0279649142 -0.9595814347 -0.0789795443 0.9968581796 0.0060023614 0.9567344189 0.0741064101 0.2813671529
-356.2 -488.8 2257.7 0.2721698880 0.1411134303 -0.9518458843 -0.1374530643 0.9847458601 0.1066877320 0.9523813128 0.1017969474 0.2874146402
-267.0 -105.9 2449.4 -0.9998595715 0.0095467027 -0.0137712676 0.0116806319 0.9863403440 -0.1643054336 0.0120145818 -0.1644432247 -0.9863134027
-270.7 -492.2 2513.8 -0.9998595715 0.0151797812 -0.0070965886 0.0116806319 0.9350389242 0.3543525934 0.0120145818 0.3542199433 -0.9350849390
-306.5 -205.7 2133.0 0 0 0 0 0 0 0 0 0
-7.8 597.3 2653.4 0 0 0 0 0 0 0 0 0
-409.3 -859.7 2219.4 0 0 0 0 0 0 0 0 0
-275.4 -779.3 2405.0 0 0 0 0 0 0 0 0 0
-250.0 482.8 2367.0 7 0.4700874686 0.0843627825 -0.8785787821 -0.0377113372 0.9964323044 0.0755016804 0.8818138242 -0.0023600154 0.4715917706
-266.6 286.7 2367.4 0.4700874686 0.0843627825 -0.8785787821 -0.0377113372 0.9964323044 0.0755016804 0.8818138242 -0.0023600154 0.4715917706
-282.5 91.5 2368.8 0.4705536962 0.0811393037 -0.8786328435 -0.0320968702 0.9966780543 0.0748509094 0.8817874193 -0.0070200064 0.4715948403
-333.6 291.2 2241.8 0.1625775695 0.1317786425 -0.9778562784 0.9614785910 0.2014651746 0.1870046407 0.2216472030 -0.9705906510 -0.0939486176
-375.5 43.9 2184.8 -0.2731010616 0.1258724630 -0.9537147880 0.9447253346 0.2220514566 -0.2412202507 0.1814107746 -0.9668760300 -0.1795573831
-199.6 282.1 2493.1 0.1960744411 -0.4905618131 -0.8490605950 0.7775589824 0.6053419113 -0.1701859385 0.5974586606 -0.6268255711 0.5001327991
