8.4 336.6 2888.3 5 -0.6558802128 -0.0533283465 -0.7529789209 -0.2111138403 0.9706557393 0.1151452214 0.7247427702 0.2344857454 -0.6478922367
18.9 145.4 2842.1 -0.6558802128 -0.0533283465 -0.7529789209 -0.2111138403 0.9706557393 0.1151452214 0.7247427702 0.2344857454 -0.6478922367
27.0 -44.2 2801.8 -0.6572226882 -0.0415432826 -0.7525506616 -0.1835495979 0.9772403836 0.1063518971 0.7310047150 0.2080272436 -0.6498898268
108.7 170.5 2742.3 -0.7119816542 -0.6977837682 0.0786124691 -0.5403637290 0.4729547203 -0.6959316730 0.4484297037 -0.5379698873 -0.7137921453
286.2 305.2 2630.5 -0.5340816379 -0.6977837682 0.4773412049 -0.8439967632 0.4729547203 -0.2529491186 -0.0492569804 -0.5379698873 -0.8415237069
-70.9 120.4 2942.0 -0.0613115989 0.0372891128 -0.9974218607 -0.9945746660 0.0818536282 0.0641967207 0.0840364397 0.9959465265 0.0320682302
-86.6 -135.9 2963.6 0.0811991170 0.0386876687 -0.9959467649 -0.9947989583 0.0647987127 -0.0785884261 0.0614956655 0.9971481562 0.0437480509
93.6 -220.8 2698.1 -0.5727874041 0.4469456673 0.6871347427 0.1968853921 0.8887469172 -0.4139626026 -0.7957077026 -0.1018257663 -0.5970600843
-79.9 -565.8 2737.6 -0.5725856423 0.0902549475 0.8148617744 0.1990911812 0.9794775248 0.0314090922 -0.7953039408 0.1802161932 -0.5788037181
-24.7 -252.0 2828.9 -0.5211096406 0.2408052683 0.8188146949 -0.0347443335 0.9525921345 -0.3022598326 -0.8527822495 -0.1859596968 -0.4880383611
-118.0 -621.2 2901.0 -0.5211096406 -0.3191944361 0.7915552258 -0.0347443335 0.9345986247 0.3540031910 -0.8527822495 0.1569724232 -0.4981185496
422.3 520.4 2643.1 0 0 0 0 0 0 0 0 0
-65.5 -395.4 2979.7 0 0 0 0 0 0 0 0 0
-116.7 -965.0 2664.2 0 0 0 0 0 0 0 0 0
-2.4 -959.9 2844.1 0 0 0 0 0 0 0 0 0
10.3 343.5 2887.1 6 -0.6572972536 -0.0505084582 -0.7519369721 -0.2055080384 0.9719512463 0.1143554822 0.7250701785 0.2296946347 -0.6492407918
20.3 151.5 2841.8 -0.6572972536 -0.0505084582 -0.7519369721 -0.2055080384 0.9719512463 0.1143554822 0.7250701785 0.2296946347 -0.6492407918
28.4 -38.3 2801.7 -0.6583859921 -0.0418747813 -0.7515147328 -0.1825337410 0.9775288701 0.1054455116 0.7302118540 0.2066006511 -0.6512348652
110.2 176.4 2742.0 -0.7163819075 -0.6909519434 0.0968629047 -0.5413742661 0.4629045129 -0.7018784285 0.4401259720 -0.5552520752 -0.7056800127
288.4 311.1 2632.6 -0.5303317904 -0.6909519434 0.4912571907 -0.8465513587 0.4629045129 -0.2628121376 -0.0458146259 -0.5552520752 -0.8304192424
-69.7 126.6 2941.5 -0.0614467226 0.0357027650 -0.9974716306 -0.9944570065 0.0832369328 0.0642403364 0.0853200331 0.9958900213 0.0303902291
-85.5 -129.7 2963.5 0.0810970962 0.0370993912 -0.9960154891 -0.9947127700 0.0661830530 -0.0785258487 0.0630060881 0.9971175790 0.0422704890
93.9 -217.5 2695.9 -0.5778093934 0.4471649826 0.6827735901 0.1832927614 0.8862820268 -0.4253327847 -0.7953239083 -0.1206137985 -0.5940641761
-79.6 -561.5 2742.7 -0.5755747557 0.0905965194 0.8127151728 0.2097252905 0.9769570827 0.0396247841 -0.7903980017 0.1932539493 -0.5813122392
-23.8 -250.4 2826.9 -0.5582337976 0.2297787517 0.7972306609 -0.0380611978 0.9527812600 -0.3012627661 -0.8288102150 -0.1985186040 -0.5231290460
-112.9 -619.9 2903.9 -0.5582337976 -0.3042456508 0.7718870640 -0.0380611978 0.9387502074 0.3424900174 -0.8288102150 0.1618105620 -0.5356220007
423.4 526.5 2644.2 0 0 0 0 0 0 0 0 0
-64.3 -389.2 2980.0 0 0 0 0 0 0 0 0 0
-116.8 -962.4 2663.4 0 0 0 0 0 0 0 0 0
-2.5 -960.6 2845.1 0 0 0 0 0 0 0 0 0
7.9 346.2 2888.1 7 -0.6471753120 -0.0590060242 -0.7600542307 -0.2133763880 0.9711707830 0.1062911153 0.7318706512 0.2309666127 -0.6411082745
19.6 154.7 2842.5 -0.6471753120 -0.0590060242 -0.7600542307 -0.2133763880 0.9711707830 0.1062911153 0.7318706512 0.2309666127 -0.6411082745
28.8 -35.0 2802.3 -0.6485716701 -0.0474878401 -0.7596707940 -0.1878299862 0.9771714807 0.0992764756 0.7376142144 0.2070768625 -0.6426853538
108.2 180.3 2741.7 -0.7271916270 -0.6753138304 0.1230593100 -0.5362611413 0.4469872415 -0.7159793377 0.4285048246 -0.5866460800 -0.6871899366
291.4 315.4 2633.8 -0.5241333842 -0.6753138304 0.5188789964 -0.8504650593 0.4469872415 -0.2773294747 -0.0446478501 -0.5866460800 -0.8086117506
-69.0 129.0 2943.3 -0.0523780398 0.0462911949 -0.9975538254 -0.9949221015 0.0835518911 0.0561170541 0.0859452337 0.9954276681 0.0416798480
-82.5 -127.4 2965.4 0.0898920372 0.0478403419 -0.9948018789 -0.9940186143 0.0665091872 -0.0866228193 0.0620193966 0.9966382384 0.0535328388
95.5 -211.6 2696.2 -0.5845385790 0.4560689032 0.6710557938 0.1858613789 0.8803430200 -0.4364077449 -0.7897912264 -0.1303738058 -0.5993600488
-81.5 -553.4 2746.8 -0.5821793675 0.0849385560 0.8086115122 0.2162730396 0.9748765230 0.0533075519 -0.7837685347 0.2059154361 -0.5859229565
-22.4 -244.3 2827.0 -0.5775582194 0.1969578415 0.7922335863 -0.0370276794 0.9631397128 -0.2664410472 -0.8155093193 -0.1832197905 -0.5489763618
-98.8 -617.8 2898.0 -0.5775582194 -0.2674986124 0.7712787986 -0.0370276794 0.9524016380 0.3025889695 -0.8155093193 0.1462040991 -0.5599722266
424.6 531.6 2645.1 0 0 0 0 0 0 0 0 0
-59.1 -386.7 2981.6 0 0 0 0 0 0 0 0 0
-117.7 -969.3 2658.9 0 0 0 0 0 0 0 0 0
-1.8 -963.2 2845.0 0 0 0 0 0 0 0 0 0
7.5 344.7 2887.5 8 -0.6576304436 -0.0593970940 -0.7509954572 -0.2129337192 0.9708919525 0.1096724793 0.7226212025 0.2320362180 -0.6511357427
19.2 153.3 2841.8 -0.6576304436 -0.0593970940 -0.7509954572 -0.2129337192 0.9708919525 0.1096724793 0.7226212025 0.2320362180 -0.6511357427
28.2 -36.3 2801.3 -0.6590502262 -0.0460044965 -0.7506906390 -0.1866969764 0.9768930674 0.1040391326 0.7285582423 0.2087186873 -0.6524105072
109.3 178.8 2742.3 -0.7205720544 -0.6807354689 0.1318147480 -0.5484976172 0.4433160126 -0.7089578509 0.4241771996 -0.5831552744 -0.6928229332
292.1 318.0 2634.6 -0.5249639750 -0.6807354689 0.5108933449 -0.8504565358 0.4433160126 -0.2831864953 -0.0337121151 -0.5831552744 -0.8116608858
-70.8 127.8 2941.3 -0.0577774383 0.0335131213 -0.9977668524 -0.9948809147 0.0810672268 0.0603332222 0.0829081386 0.9961450696 0.0286577083
-85.7 -128.5 2962.7 0.0847905874 0.0349728465 -0.9957848191 -0.9945382476 0.0640153810 -0.0824361593 0.0608625151 0.9973359108 0.0402097367
96.1 -207.9 2696.0 -0.5747309327 0.4455504119 0.6864176393 0.1873363405 0.8881490231 -0.4196383655 -0.7966112494 -0.1125881821 -0.5939145088
-76.8 -552.6 2739.7 -0.5732292533 0.0965925530 0.8136818409 0.2033549100 0.9787306786 0.0270755589 -0.7937600613 0.1809867024 -0.5806795955
-20.1 -241.5 2828.2 -0.5101822019 0.2352151722 0.8272774220 -0.0341693498 0.9555736780 -0.2927651703 -0.8593873382 -0.1776311249 -0.4794795513
-111.3 -612.0 2897.0 -0.5101822019 -0.2922634184 0.8088857532 -0.0341693498 0.9466374516 0.3204839230 -0.8593873382 0.1358661056 -0.4929440618
425.3 533.8 2643.2 0 0 0 0 0 0 0 0 0
-63.6 -388.0 2978.5 0 0 0 0 0 0 0 0 0
-118.0 -970.0 2662.5 0 0 0 0 0 0 0 0 0
-1.6 -967.2 2846.1 0 0 0 0 0 0 0 0 0
6.4 335.2 2883.7 9 -0.6496492028 -0.0668751523 -0.7572870255 -0.2180655152 0.9706569910 0.1013529301 0.7282879353 0.2309820354 -0.6451697350
19.6 144.5 2838.4 -0.6496492028 -0.0668751523 -0.7572870255 -0.2180655152 0.9706569910 0.1013529301 0.7282879353 0.2309820354 -0.6451697350
29.8 -45.0 2797.9 -0.6512627602 -0.0525896773 -0.7570278645 -0.1917647719 0.9766229391 0.0971284881 0.7342227697 0.2084274441 -0.6461229920
108.5 170.7 2738.1 -0.7166394591 -0.6862133145 0.1246560663 -0.5562303662 0.4545098245 -0.6957216263 0.4207560420 -0.5679190755 -0.7074123621
286.3 308.7 2633.7 -0.5373301506 -0.6862133145 0.4902933240 -0.8429894447 0.4545098245 -0.2877317667 -0.0253977515 -0.5679190755 -0.8226924539
-69.4 118.4 2938.7 -0.0485769585 0.0412186794 -0.9979686141 -0.9952750206 0.0821010619 0.0518368334 0.0840709284 0.9957712889 0.0370356999
-81.9 -138.1 2960.3 0.0937950239 0.0428341515 -0.9946696758 -0.9937319756 0.0650619194 -0.0909047946 0.0608212873 0.9969614744 0.0486681536
96.1 -209.2 2695.5 -0.5733052492 0.4473674893 0.6864280105 0.2013563812 0.8890151381 -0.4112270772 -0.7942145467 -0.0975419730 -0.5997573137
-77.5 -554.3 2733.3 -0.5742608309 0.0952516794 0.8131122589 0.1918022931 0.9812191129 0.0205159653 -0.7958871722 0.1677383184 -0.5817452073
-21.9 -242.7 2826.0 -0.5333892107 0.2234651297 0.8158181310 -0.0379759409 0.9571734667 -0.2870135307 -0.8450170159 -0.1840713918 -0.5020596981
-108.6 -614.0 2897.4 -0.5333892107 -0.2877048254 0.7954381704 -0.0379759409 0.9475756288 0.3172668219 -0.8450170159 0.1390191913 -0.5163524747
422.6 522.6 2640.2 0 0 0 0 0 0 0 0 0
-57.4 -397.3 2976.2 0 0 0 0 0 0 0 0 0
-118.1 -972.4 2661.9 0 0 0 0 0 0 0 0 0
-3.2 -961.1 2846.5 0 0 0 0 0 0 0 0 0
4.8 328.6 2882.9 0 -0.6542696953 -0.0713792145 -0.7528852224 -0.2209805101 0.9701317549 0.1000598818 0.7232556939 0.2318391055 -0.6505011916
18.8 138.9 2837.5 -0.6542696953 -0.0713792145 -0.7528852224 -0.2209805101 0.9701317549 0.1000598818 0.7232556939 0.2318391055 -0.6505011916
29.3 -50.6 2797.1 -0.6561481953 -0.0542168282 -0.7526819706 -0.1918638200 0.9766252637 0.0969088897 0.7298341393 0.2079990208 -0.6512131095
108.4 165.1 2737.8 -0.7121945620 -0.6845382452 0.1555195898 -0.5731028318 0.4390554130 -0.6919418573 0.4053789079 -0.5819259286 -0.7050036788
290.1 311.4 2634.4 -0.5254914165 -0.6845382452 0.5052387714 -0.8504737616 0.4390554130 -0.2896976471 -0.0235186927 -0.5819259286 -0.8129016757
-70.8 112.7 2937.2 -0.0489198938 0.0344947167 -0.9982068539 -0.9952774048 0.0822102875 0.0516172424 0.0838433951 0.9960178733 0.0303100944
-83.4 -143.7 2958.8 0.0936077088 0.0361058898 -0.9949542284 -0.9937045574 0.0651726648 -0.0911250859 0.0615536720 0.9972205758 0.0419792533
98.3 -217.4 2691.7 -0.5688297153 0.4611221552 0.6810279489 0.1995342970 0.8806775808 -0.4296430051 -0.7978839874 -0.1085052714 -0.5929652452
-80.6 -559.2 2733.8 -0.5691601038 0.0882877707 0.8174729347 0.1959106624 0.9801459312 0.0305449162 -0.7985460162 0.1775366217 -0.5751565099
-18.3 -251.8 2823.2 -0.5033729076 0.2260668427 0.8339720964 -0.0406531245 0.9579031467 -0.2841987312 -0.8631123900 -0.1769615263 -0.4729921818
-106.1 -623.5 2891.9 -0.5033729076 -0.2864201963 0.8152172565 -0.0406531245 0.9502684474 0.3087672293 -0.8631123900 0.1222839430 -0.4899832606
423.3 526.9 2640.4 0 0 0 0 0 0 0 0 0
-59.0 -403.0 2974.9 0 0 0 0 0 0 0 0 0
-117.7 -970.6 2659.3 0 0 0 0 0 0 0 0 0
-4.6 -960.2 2848.6 0 0 0 0 0 0 0 0 0
7.8 330.1 2882.9 1 -0.6396261454 -0.0623339750 -0.7661545873 -0.2160053402 0.9711207151 0.1013227105 0.7377127409 0.2303021401 -0.6346186996
20.0 140.2 2837.9 -0.6396261454 -0.0623339750 -0.7661545873 -0.2160053402 0.9711207151 0.1013227105 0.7377127409 0.2303021401 -0.6346186996
28.9 -49.6 2798.1 -0.6412930489 -0.0457836390 -0.7659289241 -0.1859595329 0.9777323604 0.0972549841 0.7444207668 0.2048007250 -0.6355268359
107.6 165.6 2736.2 -0.7131308317 -0.6785853505 0.1759724915 -0.5820230842 0.4331917167 -0.6881816983 0.3907602131 -0.5931836367 -0.7038747072
291.3 315.5 2635.5 -0.5253741741 -0.6785853505 0.5133262873 -0.8506317735 0.4331917167 -0.2979438305 -0.0201883856 -0.5931836367 -0.8048139811
-67.6 114.8 2939.6 -0.0511574633 0.0559640862 -0.9971213341 -0.9946916699 0.0864043161 0.0558823086 0.0892829895 0.9946870208 0.0512467809
-80.7 -141.5 2962.6 0.0908427984 0.0575305298 -0.9942020774 -0.9938082099 0.0693703815 -0.0867926180 0.0639749542 0.9959307313 0.0634761155
98.6 -223.0 2691.4 -0.5767265558 0.4622658193 0.6735701561 0.2138594836 0.8811841011 -0.4216381013 -0.7884482145 -0.0991205275 -0.6070622206
-80.8 -565.1 2729.9 -0.5793921351 0.0869168937 0.8104012609 0.1863899082 0.9820787907 0.0279288869 -0.7934504151 0.1672323942 -0.5852091312
-18.9 -257.4 2822.1 -0.5495677590 0.2414583266 0.7997956872 -0.0391460471 0.9488303661 -0.3133505285 -0.8345315456 -0.2035161853 -0.5119944215
-112.6 -625.5 2901.1 -0.5495677590 -0.3038060665 0.7782526612 -0.0391460471 0.9398789406 0.3392568231 -0.8345315456 0.1559790820 -0.5284199715
424.4 531.0 2640.6 0 0 0 0 0 0 0 0 0
-57.0 -400.8 2979.2 0 0 0 0 0 0 0 0 0
-116.4 -967.6 2661.3 0 0 0 0 0 0 0 0 0
-3.3 -963.7 2845.0 0 0 0 0 0 0 0 0 0
12.2 327.4 2891.4 2 -0.6078085899 -0.0530266017 -0.7923111320 -0.2273176610 0.9676308632 0.1096229032 0.7608518004 0.2467360497 -0.6001881957
22.6 138.7 2843.3 -0.6078085899 -0.0530266017 -0.7923111320 -0.2273176610 0.9676308632 0.1096229032 0.7608518004 0.2467360497 -0.6001881957
29.7 -50.7 2801.7 -0.6094368696 -0.0367868021 -0.7919806838 -0.1920800805 0.9760146737 0.1024724841 0.7692151666 0.2145742327 -0.6018853188
105.7 165.0 2738.4 -0.7161750197 -0.6723657846 0.1871299297 -0.5786282420 0.4221023321 -0.6978674531 0.3902342319 -0.6080738902 -0.6913489699
293.2 316.4 2636.2 -0.5196928382 -0.6723657846 0.5271087289 -0.8541575074 0.4221023321 -0.3037179410 -0.0182842668 -0.6080738902 -0.7936698794
-60.6 112.5 2948.3 -0.0478515550 0.0978293642 -0.9940521121 -0.9953908920 0.0781345218 0.0556055866 0.0831096470 0.9921312332 0.0936396047
-73.0 -144.0 2969.7 0.0928585455 0.0994353369 -0.9907017350 -0.9943268895 0.0611032248 -0.0870654881 0.0518776849 0.9931661487 0.1045451835
95.3 -222.7 2691.7 -0.6053906083 0.4556635320 0.6525894403 0.2279825360 0.8848283887 -0.4063282907 -0.7625786066 -0.0972083509 -0.6395501494
-81.6 -566.2 2729.4 -0.6095964313 0.0850817487 0.7881327868 0.1860820055 0.9818014503 0.0379397236 -0.7705619335 0.1697852463 -0.6143348217
-19.6 -256.1 2825.1 -0.6166287661 0.2231365293 0.7549695373 -0.0350134894 0.9502688646 -0.3094561994 -0.7864750624 -0.2172537297 -0.5781503320
-106.2 -624.8 2909.4 -0.6166287661 -0.2907669544 0.7315897346 -0.0350134894 0.9385026693 0.3434920311 -0.7864750624 0.1861915588 -0.5888885260
425.1 533.3 2640.9 0 0 0 0 0 0 0 0 0
-48.7 -403.4 2983.3 0 0 0 0 0 0 0 0 0
-116.3 -966.3 2660.3 0 0 0 0 0 0 0 0 0
-0.4 -966.3 2841.6 0 0 0 0 0 0 0 0 0
11.3 329.9 2885.7 3 -0.6216325164 -0.0511374399 -0.7816380262 -0.2080136389 0.9728153348 0.1017872095 0.7551842928 0.2258656025 -0.6153709292
21.3 139.7 2841.6 -0.6216325164 -0.0511374399 -0.7816380262 -0.2080136389 0.9728153348 0.1017872095 0.7551842928 0.2258656025 -0.6153709292
28.3 -50.3 2803.0 -0.6229923964 -0.0361950397 -0.7813900113 -0.1776147783 0.9793825150 0.0962437019 0.7617961764 0.1987455189 -0.6165766716
106.4 164.0 2737.6 -0.7180558443 -0.6650058627 0.2053363174 -0.5807631612 0.4099218547 -0.7033336163 0.3835491538 -0.6242845654 -0.6805577278
294.9 316.5 2636.9 -0.5136482716 -0.6650058627 0.5421555638 -0.8578491211 0.4099218547 -0.3099337220 -0.0161336660 -0.6242845654 -0.7810303569
-63.7 115.5 2945.6 -0.0535531640 0.0816038623 -0.9952250123 -0.9937709570 0.0931888297 0.0611159727 0.0977311581 0.9922986627 0.0761049911
-77.5 -140.6 2970.7 0.0877279565 0.0831194147 -0.9926705956 -0.9937627912 0.0761704892 -0.0814464912 0.0688424259 0.9936242700 0.0892832652
91.3 -223.0 2691.3 -0.5964559913 0.4461799860 0.6672058702 0.2090316266 0.8889222145 -0.4075820148 -0.7749490142 -0.1036376208 -0.6234686971
-81.9 -568.0 2731.5 -0.5982113481 0.0860913843 0.7967003584 0.1903099120 0.9810308814 0.0368861929 -0.7784120440 0.1736857146 -0.6032478213
-17.8 -257.4 2829.0 -0.6317726374 0.2272042185 0.7411083579 -0.0308993738 0.9479376674 -0.3169533908 -0.7745376825 -0.2231422663 -0.5918605924
-106.0 -625.3 2915.6 -0.6317726374 -0.2868304551 0.7201330662 -0.0308993738 0.9376000762 0.3463399708 -0.7745376825 0.1965564638 -0.6012129188
425.4 534.5 2641.0 0 0 0 0 0 0 0 0 0
-54.7 -399.8 2988.7 0 0 0 0 0 0 0 0 0
-116.6 -963.1 2661.6 0 0 0 0 0 0 0 0 0
-3.6 -960.0 2845.4 0 0 0 0 0 0 0 0 0
16.5 337.9 2896.3 4 -0.5939263701 -0.0313811973 -0.8039071560 -0.2145286053 0.9692362547 0.1206587255 0.7753895521 0.2441234887 -0.5823871493
22.6 148.1 2848.5 -0.5939263701 -0.0313811973 -0.8039071560 -0.2145286053 0.9692362547 0.1206587255 0.7753895521 0.2441234887 -0.5823871493
26.2 -41.5 2807.3 -0.5947620273 -0.0189196635 -0.8036791682 -0.1821973473 0.9768809676 0.1118379235 0.7829828858 0.2129451483 -0.5844588280
103.8 173.1 2741.7 -0.7307497859 -0.6573868990 0.1839762330 -0.5505865812 0.4082546532 -0.7281363606 0.4035581350 -0.6333803535 -0.6602804065
294.7 316.9 2636.3 -0.5143039823 -0.6573868990 0.5507575870 -0.8574007154 0.4082546532 -0.3133562505 -0.0188530609 -0.6333803535 -0.7736109495
-58.5 123.2 2955.4 -0.0595607199 0.1208408922 -0.9908834696 -0.9944498539 0.0790617540 0.0694168881 0.0867293850 0.9895184040 0.1154612377
-73.9 -133.0 2977.7 0.0804320648 0.1222374216 -0.9892364144 -0.9953824878 0.0620104074 -0.0732693151 0.0523867011 0.9905618429 0.1266606152
91.1 -224.5 2696.3 -0.6179496646 0.4471587241 0.6466739774 0.2368657887 0.8901814818 -0.3891934156 -0.7496884465 -0.0873270109 -0.6560039520
-82.5 -570.1 2730.1 -0.6233795285 0.0851291940 0.7772715092 0.1847384423 0.9819480777 0.0406160653 -0.7597826719 0.1689111441 -0.6278529763
-20.5 -256.4 2832.6 -0.5941681266 0.2121154219 0.7758680582 -0.0295352247 0.9581969380 -0.2845808864 -0.8037984371 -0.1920043379 -0.5630652308
-102.8 -628.1 2907.1 -0.5941681266 -0.2826287746 0.7530505657 -0.0295352247 0.9432680607 0.3307159245 -0.8037984371 0.1742593497 -0.5688073635
425.6 535.0 2641.1 0 0 0 0 0 0 0 0 0
-52.9 -392.6 2991.4 0 0 0 0 0 0 0 0 0
-116.9 -966.4 2662.0 0 0 0 0 0 0 0 0 0
-3.3 -960.0 2845.8 0 0 0 0 0 0 0 0 0
14.9 335.6 2901.7 5 -0.6073217392 -0.0386222117 -0.7935166359 -0.2299702018 0.9646021724 0.1290594488 0.7604433298 0.2608657777 -0.5947058201
22.4 147.4 2850.8 -0.6073217392 -0.0386222117 -0.7935166359 -0.2299702018 0.9646021724 0.1290594488 0.7604433298 0.2608657777 -0.5947058201
27.0 -41.4 2806.2 -0.6083967090 -0.0235810336 -0.7932826281 -0.1964851767 0.9729159474 0.1217706949 0.7689258456 0.2299531698 -0.5965521932
105.5 174.3 2745.8 -0.7403035760 -0.6415749192 0.2008288205 -0.5253669620 0.3657265007 -0.7682666779 0.4194522202 -0.6742594242 -0.6078108549
299.5 312.0 2635.9 -0.4909791052 -0.6415749192 0.5893395543 -0.8711549640 0.3657265007 -0.3276174664 -0.0053459518 -0.6742594242 -0.7384752035
-60.7 120.6 2955.7 -0.0598756410 0.1031910032 -0.9928577542 -0.9958951473 0.0614631586 0.0664468855 0.0678808913 0.9927607179 0.0990872681
-76.1 -136.0 2973.2 0.0807683244 0.1045908406 -0.9912301898 -0.9960823059 0.0443955734 -0.0764792413 0.0360072032 0.9935238957 0.1077668443
83.1 -214.7 2696.0 -0.6191065311 0.4258286953 0.6598310471 0.2204079777 0.9006698132 -0.3744519353 -0.7537422776 -0.0863936096 -0.6514666080
-82.2 -564.2 2729.5 -0.6229465008 0.0869373456 0.7774184942 0.1824423373 0.9825456738 0.0363149419 -0.7606920600 0.1644563079 -0.6279344559
-23.4 -247.4 2836.1 -0.5057481527 0.2723772228 0.8185532689 -0.0269175004 0.9434035420 -0.3305528760 -0.8622611165 -0.1892099231 -0.4697929025
-128.9 -612.8 2909.4 -0.5057481527 -0.3343788683 0.7952418327 -0.0269175004 0.9274936318 0.3728686869 -0.8622611165 0.1671717465 -0.4780788422
424.8 534.3 2637.3 0 0 0 0 0 0 0 0 0
-55.0 -395.8 2982.6 0 0 0 0 0 0 0 0 0
-117.6 -965.0 2662.4 0 0 0 0 0 0 0 0 0
-2.3 -964.0 2846.1 0 0 0 0 0 0 0 0 0
8.9 335.6 2892.8 6 -0.6557514668 -0.0542597137 -0.7530244589 -0.2109067887 0.9708703756 0.1137058586 0.7249194980 0.2333807647 -0.6480934620
19.5 145.0 2847.0 -0.6557514668 -0.0542597137 -0.7530244589 -0.2109067887 0.9708703756 0.1137058586 0.7249194980 0.2333807647 -0.6480934620
26.8 -44.5 2805.8 -0.6569780707 -0.0382895283 -0.7529367208 -0.1850997210 0.9763327241 0.1118595228 0.7308337092 0.2128576338 -0.6485165358
109.1 170.3 2747.4 -0.7236095667 -0.6666156650 0.1789210439 -0.5362502337 0.3797786236 -0.7537930012 0.4345398247 -0.6413982511 -0.6322842836
298.3 310.5 2633.8 -0.4907721877 -0.6666156650 0.5610402822 -0.8712685108 0.3797786236 -0.3109009564 -0.0058196676 -0.6413982511 -0.7671860456
-70.0 119.6 2946.6 -0.0646648481 0.0386341065 -0.9971588850 -0.9947680831 0.0766986012 0.0674814358 0.0790877789 0.9963055253 0.0334722735
-86.7 -136.6 2966.9 0.0775041729 0.0399657749 -0.9961906672 -0.9953924417 0.0596797019 -0.0750478059 0.0564530194 0.9974172115 0.0444070585
86.0 -212.6 2692.8 -0.5769678950 0.4317550361 0.6933221817 0.1914532334 0.8967036605 -0.3990842402 -0.7940111756 -0.0975200310 -0.6000301242
-81.6 -560.6 2730.6 -0.5779361129 0.0869334266 0.8114385009 0.1808907241 0.9832224250 0.0234995000 -0.7957816124 0.1603629142 -0.5839652419
-22.9 -247.8 2830.4 -0.5647739172 0.2353916764 0.7909621596 -0.0340527259 0.9509928823 -0.3073318899 -0.8245427608 -0.2005074620 -0.5290802717
-114.1 -616.3 2908.1 -0.5647739172 -0.3006173372 0.7685438395 -0.0340527259 0.9389871359 0.3422625065 -0.8245427608 0.1671299189 -0.5405523181
424.1 533.9 2635.3 0 0 0 0 0 0 0 0 0
-66.5 -396.2 2981.7 0 0 0 0 0 0 0 0 0
-117.4 -965.7 2664.6 0 0 0 0 0 0 0 0 0
-4.4 -959.2 2847.1 0 0 0 0 0 0 0 0 0
8.2 343.6 2889.9 7 -0.6715716124 -0.0532026477 -0.7390270829 -0.2012497932 0.9730196595 0.1128326952 0.7130849361 0.2245042920 -0.6641594172
18.7 152.3 2845.8 -0.6715716124 -0.0532026477 -0.7390270829 -0.2012497932 0.9730196595 0.1128326952 0.7130849361 0.2245042920 -0.6641594172
26.4 -37.6 2806.5 -0.6727581620 -0.0401396863 -0.7387728095 -0.1764435619 0.9784210920 0.1075165719 0.7185152173 0.2026843578 -0.6653231382
110.5 176.5 2747.8 -0.7281959057 -0.6691272259 0.1483220607 -0.5169808865 0.3941904008 -0.7598320246 0.4499571621 -0.6299862266 -0.6329738498
298.0 309.6 2631.9 -0.4904896021 -0.6691272259 0.5582908392 -0.8711136580 0.3941904008 -0.2928735614 -0.0241032094 -0.6299862266 -0.7762321830
-73.1 128.2 2943.8 -0.0689105466 0.0178006049 -0.9974640012 -0.9938034415 0.0861818567 0.0701956451 0.0872128308 0.9961203933 0.0117514636
-90.9 -127.8 2966.2 0.0738341063 0.0190674979 -0.9970882535 -0.9949783683 0.0691571981 -0.0723553672 0.0675761923 0.9974235296 0.0240779072
92.9 -217.4 2699.3 -0.5510230660 0.4478545189 0.7041305900 0.2025047094 0.8903269172 -0.4078109562 -0.8095464110 -0.0821234882 -0.5812833309
-80.9 -562.9 2731.2 -0.5531048775 0.0888923183 0.8283556700 0.1809891909 0.9833657146 0.0153223388 -0.8132145405 0.1583982855 -0.5599929094
-24.6 -250.6 2829.9 -0.5329420567 0.2244616598 0.8158367872 -0.0356423743 0.9573622942 -0.2866829038 -0.8454006910 -0.1818637401 -0.5022183061
-111.6 -621.8 2900.4 -0.5329420567 -0.3002918959 0.7910736203 -0.0356423743 0.9420447350 0.3335885108 -0.8454006910 0.1495876163 -0.5127584338
424.7 534.6 2638.1 0 0 0 0 0 0 0 0 0
-71.6 -387.4 2983.9 0 0 0 0 0 0 0 0 0
-117.2 -964.6 2666.5 0 0 0 0 0 0 0 0 0
-3.5 -960.9 2846.6 0 0 0 0 0 0 0 0 0
5.3 350.2 2899.4 8 -0.6565182805 -0.0582858846 -0.7520548701 -0.2234522700 0.9672875404 0.1200993285 0.7204532623 0.2468957752 -0.6480660439
16.7 160.2 2850.9 -0.6565182805 -0.0582858846 -0.7520548701 -0.2234522700 0.9672875404 0.1200993285 0.7204532623 0.2468957752 -0.6480660439
25.0 -29.1 2808.7 -0.6581892371 -0.0426260047 -0.7516448498 -0.1912887990 0.9750990868 0.1122067869 0.7281452417 0.2176345438 -0.6499536037
106.6 186.3 2751.6 -0.7437180877 -0.6564933062 0.1260949671 -0.4729095995 0.3833628893 -0.7933406830 0.4724827111 -0.6496533155 -0.5955758691
297.4 307.7 2630.4 -0.4887000620 -0.6564933062 0.5746206045 -0.8722028136 0.3833628893 -0.3038011491 -0.0208447799 -0.6496533155 -0.7599447370
-73.1 134.0 2950.3 -0.0609211810 0.0357016176 -0.9975038767 -0.9953997135 0.0718635917 0.0633647367 0.0739464313 0.9967753291 0.0311593637
-88.8 -122.4 2969.3 0.0815206617 0.0371035524 -0.9959807992 -0.9953322411 0.0548210740 -0.0794253126 0.0516537726 0.9978066087 0.0413994119
94.3 -211.6 2702.9 -0.5656749606 0.4502393305 0.6908663511 0.2135915458 0.8891978860 -0.4046057165 -0.7964863181 -0.0813121051 -0.5991643071
-80.5 -556.8 2734.5 -0.5684312582 0.0875331536 0.8180610538 0.1853804439 0.9823810458 0.0236964207 -0.8015734553 0.1651223004 -0.5746430159
-26.1 -243.3 2831.5 -0.5535737872 0.2314781249 0.7999836802 -0.0348189957 0.9533220530 -0.2999412119 -0.8320719004 -0.1938942373 -0.5196743011
-115.9 -613.2 2906.7 -0.5535737872 -0.3039664626 0.7753453851 -0.0348189957 0.9386436939 0.3431262076 -0.8320719004 0.1629489362 -0.5301923752
424.3 534.2 2635.8 0 0 0 0 0 0 0 0 0
-67.5 -382.0 2982.8 0 0 0 0 0 0 0 0 0
-117.1 -968.2 2665.3 0 0 0 0 0 0 0 0 0
-2.1 -964.6 2845.7 0 0 0 0 0 0 0 0 0
6.3 340.3 2888.7 9 -0.6798416972 -0.0628382340 -0.7306618094 -0.2115856260 0.9707605839 0.1133819297 0.7021729350 0.2316792905 -0.6732591391
18.7 150.0 2843.3 -0.6798416972 -0.0628382340 -0.7306618094 -0.2115856260 0.9707605839 0.1133819297 0.7021729350 0.2316792905 -0.6732591391
27.7 -39.8 2803.6 -0.6815656424 -0.0471515171 -0.7302362323 -0.1810444295 0.9777628183 0.1058433726 0.7090072036 0.2043444216 -0.6749460697
111.7 174.8 2746.5 -0.7201291323 -0.6844502091 0.1137625352 -0.5152419806 0.4177158177 -0.7483576536 0.4646931589 -0.5975293517 -0.6534668207
297.0 307.3 2627.0 -0.4892891347 -0.6844502091 0.5404849648 -0.8707844615 0.4177158177 -0.2593220472 -0.0482761078 -0.5975293517 -0.8003924489
-74.4 125.3 2940.0 -0.0657367110 0.0040418888 -0.9978288412 -0.9942951202 0.0839153603 0.0658438206 0.0839992985 0.9964646697 -0.0014974894
-91.3 -130.9 2961.7 0.0773331672 0.0053673121 -0.9969908595 -0.9948002696 0.0668852851 -0.0768031701 0.0662717894 0.9977462292 0.0105118547
92.1 -201.2 2701.3 -0.5467548966 0.4435996413 0.7101256251 0.1905554384 0.8917899728 -0.4103648067 -0.8153206110 -0.0890506729 -0.5721208453
-80.1 -547.3 2735.9 -0.5472165942 0.0874792784 0.8324069381 0.1854554564 0.9824753404 0.0186664369 -0.8161864281 0.1645890027 -0.5538503528
-25.8 -235.5 2831.7 -0.5036355853 0.2283745855 0.8331843615 -0.0334203653 0.9585551620 -0.2829401493 -0.8632695079 -0.1703440547 -0.4751301408
-114.4 -607.4 2897.8 -0.5036355853 -0.2967809737 0.8113397956 -0.0334203653 0.9451317787 0.3249753714 -0.8632695079 0.1365538836 -0.4859205484
424.8 534.8 2639.6 0 0 0 0 0 0 0 0 0
-71.1 -390.4 2979.0 0 0 0 0 0 0 0 0 0
-117.5 -966.9 2665.6 0 0 0 0 0 0 0 0 0
-3.6 -960.2 2846.8 0 0 0 0 0 0 0 0 0
6.8 340.5 2886.8 0 -0.6821923256 -0.0608557165 -0.7286358476 -0.2080305368 0.9714995027 0.1136308834 0.7009543180 0.2290966213 -0.6754093766
18.8 149.2 2841.7 -0.6821923256 -0.0608557165 -0.7286358476 -0.2080305368 0.9714995027 0.1136308834 0.7009543180 0.2290966213 -0.6754093766
27.5 -40.8 2803.0 -0.6839325428 -0.0449896306 -0.7281567454 -0.1759652793 0.9788016677 0.1048022285 0.7080060244 0.1998079568 -0.6773509383
112.2 173.3 2745.1 -0.7288873196 -0.6695402861 0.1429652274 -0.5142641664 0.3975870311 -0.7599058747 0.4519464672 -0.6274076700 -0.6341167092
299.5 305.4 2628.9 -0.4796435535 -0.6695402861 0.5671488643 -0.8763840199 0.3975870311 -0.2718006074 -0.0435095690 -0.6274076700 -0.7774744630
-74.6 125.2 2938.4 -0.0685645565 0.0016478811 -0.9976453185 -0.9937244654 0.0884729326 0.0684412271 0.0883773863 0.9960772395 -0.0044285674
-92.3 -130.9 2961.2 0.0746055394 0.0029271126 -0.9972088337 -0.9946811199 0.0714337602 -0.0742067546 0.0710171610 0.9974410534 0.0082408981
97.8 -213.3 2700.6 -0.5367605090 0.4556759894 0.7101038694 0.2027775198 0.8866222501 -0.4156708717 -0.8190051317 -0.0791226104 -0.5683046579
-79.0 -557.5 2731.3 -0.5381021500 0.0895890146 0.8381049633 0.1887005866 0.9819011092 0.0161944386 -0.8214853406 0.1668651551 -0.5452685952
-24.2 -245.8 2827.5 -0.5154193640 0.2137435526 0.8298533559 -0.0351237506 0.9623104930 -0.2696755230 -0.8562179208 -0.1681435555 -0.4884859920
-107.1 -619.2 2892.7 -0.5154193640 -0.2904321551 0.8062208295 -0.0351237506 0.9471850395 0.3187582493 -0.8562179208 0.1359766722 -0.4983986020
425.3 535.4 2640.3 0 0 0 0 0 0 0 0 0
-72.8 -390.3 2979.7 0 0 0 0 0 0 0 0 0
-116.6 -969.5 2661.3 0 0 0 0 0 0 0 0 0
-1.8 -962.9 2843.4 0 0 0 0 0 0 0 0 0
7.2 348.5 2885.4 1 -0.6758956909 -0.0537579060 -0.7350341082 -0.1978333145 0.9739666581 0.1106836721 0.7099485993 0.2202248424 -0.6689350009
17.8 157.2 2842.2 -0.6758956909 -0.0537579060 -0.7350341082 -0.1978333145 0.9739666581 0.1106836721 0.7099485993 0.2202248424 -0.6689350009
25.8 -33.0 2804.4 -0.6772166491 -0.0414901040 -0.7346129417 -0.1707340330 0.9800188541 0.1020440012 0.7157006860 0.1945293248 -0.6707688570
110.3 180.6 2744.4 -0.7444834709 -0.6545483470 0.1315703541 -0.4830440581 0.3920388818 -0.7829265594 0.4608825743 -0.6464301348 -0.6080421805
300.5 304.0 2626.7 -0.4740116894 -0.6545483470 0.5889646411 -0.8789177537 0.3920388818 -0.2716782689 -0.0530704670 -0.6464301348 -0.7611252069
-74.7 133.9 2939.9 -0.0691419691 0.0115779983 -0.9975396395 -0.9930846691 0.0943021551 0.0699277148 0.0948797613 0.9954763055 0.0049776956
-92.5 -122.0 2964.4 0.0738711506 0.0128465546 -0.9971850514 -0.9943590760 0.0772632509 -0.0726664364 0.0761122406 0.9969279766 0.0184816141
97.4 -215.0 2700.8 -0.5402978063 0.4595627785 0.7048974037 0.2069360614 0.8845340014 -0.4180634320 -0.8156321049 -0.0800100490 -0.5730118752
-81.0 -558.4 2731.9 -0.5418668389 0.0865174457 0.8359994292 0.1900738776 0.9815316796 0.0216209646 -0.8186893463 0.1706173420 -0.5483041406
-25.1 -246.5 2827.6 -0.5689097643 0.2209718525 0.7921572924 -0.0355547108 0.9557170868 -0.2921313643 -0.8216310143 -0.1943613142 -0.5358601809
-110.8 -617.4 2903.0 -0.5689097643 -0.2937689722 0.7681415677 -0.0355547108 0.9419368505 0.3339025080 -0.8216310143 0.1626493335 -0.5463219285
425.5 535.7 2640.7 0 0 0 0 0 0 0 0 0
-73.3 -381.4 2984.2 0 0 0 0 0 0 0 0 0
-117.2 -969.3 2660.4 0 0 0 0 0 0 0 0 0
-3.9 -960.2 2843.8 0 0 0 0 0 0 0 0 0
6.5 343.4 2886.2 2 -0.6699013114 -0.0507889427 -0.7407109141 -0.1961336881 0.9743224978 0.1105767563 0.7160752416 0.2193538845 -0.6626613736
16.4 151.9 2843.1 -0.6699013114 -0.0507889427 -0.7407109141 -0.1961336881 0.9743224978 0.1105767563 0.7160752416 0.2193538845 -0.6626613736
24.3 -38.3 2805.2 -0.6710508466 -0.0406941175 -0.7402936816 -0.1715778112 0.9799110293 0.1016634777 0.7212848067 0.1952393353 -0.6645523310
108.1 175.4 2744.5 -0.7414129972 -0.6578952074 0.1322147250 -0.4902495146 0.3965008855 -0.7761716843 0.4582163692 -0.6402819753 -0.6165036559
294.3 298.5 2629.5 -0.4914340079 -0.6578952074 0.5706720352 -0.8702524900 0.3965008855 -0.2923144102 -0.0339597166 -0.6402819753 -0.7673889399
-75.2 128.5 2941.6 -0.0674743056 0.0198381748 -0.9975237846 -0.9931791425 0.0939546674 0.0690489411 0.0950918198 0.9953787923 0.0133633353
-92.6 -127.4 2966.1 0.0753885284 0.0211342480 -0.9969302416 -0.9943205118 0.0769127086 -0.0735606849 0.0751219615 0.9968138337 0.0268125534
94.5 -207.9 2702.6 -0.5495645404 0.4514463842 0.7029758096 0.2023379952 0.8883037567 -0.4122812152 -0.8105789423 -0.0843364075 -0.5795249939
-80.7 -552.8 2735.3 -0.5504539013 0.0846905336 0.8305588365 0.1923758239 0.9809367061 0.0274730362 -0.8123989105 0.1749020815 -0.5562528372
-26.8 -238.5 2830.8 -0.5910739303 0.2582680285 0.7641525865 -0.0348172076 0.9383025169 -0.3440583646 -0.8058655858 -0.2299695909 -0.5456140041
-126.9 -602.2 2919.9 -0.5910739303 -0.3217504025 0.7396676540 -0.0348172076 0.9263217449 0.3751209676 -0.8058655858 0.1959710866 -0.5587271452
424.2 528.4 2638.4 0 0 0 0 0 0 0 0 0
-72.9 -386.8 2985.7 0 0 0 0 0 0 0 0 0
-116.6 -968.7 2661.1 0 0 0 0 0 0 0 0 0
-2.5 -960.3 2844.1 0 0 0 0 0 0 0 0 0
7.4 341.2 2886.1 3 -0.6501334906 -0.0527982526 -0.7579833865 -0.2012237757 0.9739280939 0.1047524437 0.7326905727 0.2206273526 -0.6438075304
17.8 149.3 2842.6 -0.6501334906 -0.0527982526 -0.7579833865 -0.2012237757 0.9739280939 0.1047524437 0.7326905727 0.2206273526 -0.6438075304
26.1 -40.8 2804.2 -0.6513002515 -0.0426605046 -0.7576200366 -0.1773497611 0.9793244600 0.0973172113 0.7378042340 0.1977464557 -0.6454001069
106.8 173.5 2741.8 -0.7443471551 -0.6545897126 0.1321346462 -0.4851201475 0.3940643966 -0.7806226611 0.4589180052 -0.6451554298 -0.6108753681
286.6 290.7 2631.0 -0.5065988898 -0.6545897126 0.5611326694 -0.8620903492 0.3940643966 -0.3186117709 -0.0125624146 -0.6451554298 -0.7639480829
-71.1 125.1 2943.4 -0.0579978749 0.0444192067 -0.9973280430 -0.9937759042 0.0926063508 0.0619158261 0.0951091573 0.9947115183 0.0387717634
-86.1 -131.0 2967.9 0.0842838809 0.0458713397 -0.9953853488 -0.9938714504 0.0755735189 -0.0806729645 0.0715242028 0.9960845709 0.0519598462
92.3 -213.1 2702.7 -0.5634964705 0.4353047311 0.7021264434 0.2156043202 0.8979467750 -0.3836748004 -0.7974876165 -0.0648179054 -0.5998434424
-76.6 -561.6 2727.8 -0.5667198300 0.0979282707 0.8180701137 0.1859546304 0.9824944139 0.0112095559 -0.8026515245 0.1584765911 -0.5750092864
-27.9 -243.9 2831.9 -0.6121647358 0.2478412390 0.7508855462 -0.0316932425 0.9411566854 -0.3364812732 -0.7900948524 -0.2297799736 -0.5682880282
-124.0 -608.9 2921.0 -0.6121647358 -0.3215794861 0.7223856449 -0.0316932425 0.9228121042 0.3839444518 -0.7900948524 0.2121424973 -0.5751048923
420.6 518.8 2634.3 0 0 0 0 0 0 0 0 0
-64.1 -390.2 2986.5 0 0 0 0 0 0 0 0 0
-117.2 -968.8 2662.2 0 0 0 0 0 0 0 0 0
-1.7 -960.1 2840.3 0 0 0 0 0 0 0 0 0
10.0 344.0 2886.0 4 -0.6397972107 -0.0399706699 -0.7675036788 -0.1946277171 0.9745202661 0.1114913821 0.7434914708 0.2207093537 -0.6312747598
17.9 152.0 2842.5 -0.6397972107 -0.0399706699 -0.7675036788 -0.1946277171 0.9745202661 0.1114913821 0.7434914708 0.2207093537 -0.6312747598
24.2 -38.2 2804.4 -0.6406475306 -0.0328668840 -0.7671313882 -0.1718122363 0.9798867106 0.1015018523 0.7483657598 0.1968294531 -0.6334089041
105.4 175.5 2740.3 -0.7489063740 -0.6500581503 0.1286999136 -0.4750097096 0.3911797106 -0.7882539034 0.4620660841 -0.6514620781 -0.6017408967
283.0 288.2 2630.7 -0.5154322982 -0.6500581503 0.5583493114 -0.8569302559 0.3911797106 -0.3356321752 -0.0002344869 -0.6514620781 -0.7586811781
-69.6 128.6 2944.8 -0.0631788373 0.0608975627 -0.9961425066 -0.9932064414 0.0938978493 0.0687329099 0.0977213085 0.9937176108 0.0545514934
-85.9 -127.4 2969.9 0.0787125230 0.0622566082 -0.9949514866 -0.9943031669 0.0768572241 -0.0738520846 0.0718714297 0.9950965047 0.0679515675
92.7 -215.0 2699.8 -0.5761379004 0.4369152188 0.6907750964 0.2152181566 0.8964062333 -0.3874751627 -0.7885088921 -0.0745717958 -0.6104857326
-76.9 -562.9 2728.7 -0.5796858072 0.1000599265 0.8086732030 0.1834525466 0.9829789400 0.0098779537 -0.7939203382 0.1540792584 -0.5881752372
-24.0 -246.8 2831.9 -0.5786010623 0.2655405402 0.7711737752 -0.0308857877 0.9377053380 -0.3460560143 -0.8150256872 -0.2240466923 -0.5343558788
-127.0 -610.6 2918.8 -0.5786010623 -0.3301191628 0.7458164096 -0.0308857877 0.9226394296 0.3844249249 -0.8150256872 0.1993935406 -0.5440361500
419.5 515.0 2630.8 0 0 0 0 0 0 0 0 0
-65.4 -386.8 2988.7 0 0 0 0 0 0 0 0 0
-117.7 -964.3 2665.8 0 0 0 0 0 0 0 0 0
-1.0 -962.7 2842.7 0 0 0 0 0 0 0 0 0
6.1 338.1 2896.5 5 -0.6259495020 -0.0484432429 -0.7783575654 -0.2201143950 0.9684634805 0.1167393774 0.7481556535 0.2444006652 -0.6168722510
15.6 147.5 2848.4 -0.6259495020 -0.0484432429 -0.7783575654 -0.2201143950 0.9684634805 0.1167393774 0.7481556535 0.2444006652 -0.6168722510
23.3 -41.9 2806.4 -0.6271777153 -0.0400677994 -0.7778449059 -0.1931385547 0.9754853249 0.1054794490 0.7545499206 0.2163861990 -0.6195412874
101.3 173.8 2745.3 -0.7472036481 -0.6535999775 0.1203898937 -0.4688786268 0.3900590837 -0.7924687266 0.4709984064 -0.6485838294 -0.5979126692
284.0 288.5 2630.2 -0.5165803432 -0.6535999775 0.5531290770 -0.8562201262 0.3900590837 -0.3387344480 0.0056438018 -0.6485838294 -0.7611223459
-70.0 121.1 2951.4 -0.0514222942 0.0752522424 -0.9958377481 -0.9955317378 0.0752146170 0.0570902191 0.0791977271 0.9943238497 0.0710482895
-83.3 -135.4 2971.8 0.0900894850 0.0768073052 -0.9929675460 -0.9946175218 0.0581792854 -0.0857389420 0.0511847660 0.9953470826 0.0816352367
88.0 -213.0 2699.1 -0.5922461748 0.4266836345 0.6835097075 0.2204661965 0.9017226696 -0.3718748093 -0.7750090957 -0.0695506632 -0.6281111240
-77.6 -563.0 2726.1 -0.5967210531 0.0976179689 0.7964890003 0.1805299222 0.9834593534 0.0147179682 -0.7818778157 0.1525726169 -0.6044738889
-26.8 -243.8 2833.2 -0.5722285509 0.2465991527 0.7821402550 -0.0330660492 0.9460067749 -0.3224559724 -0.8194273114 -0.2103807926 -0.5331779718
-122.4 -610.8 2914.8 -0.5722285509 -0.3213254213 0.7545226812 -0.0330660492 0.9283357859 0.3702692688 -0.8194273114 0.1869295537 -0.5418452024
420.8 515.3 2628.7 0 0 0 0 0 0 0 0 0
-59.8 -394.8 2985.2 0 0 0 0 0 0 0 0 0
-117.7 -967.0 2663.5 0 0 0 0 0 0 0 0 0
-0.3 -963.7 2843.8 0 0 0 0 0 0 0 0 0
4.7 337.1 2890.2 6 -0.6232183576 -0.0477545038 -0.7805884480 -0.2046045959 0.9733244777 0.1038097814 0.7548084855 0.2244081497 -0.6163644791
14.1 145.1 2845.9 -0.6232183576 -0.0477545038 -0.7805884480 -0.2046045959 0.9733244777 0.1038097814 0.7548084855 0.2244081497 -0.6163644791
21.7 -44.9 2807.1 -0.6242963672 -0.0390557498 -0.7802106738 -0.1803613603 0.9789714813 0.0953133330 0.7600814700 0.2002236247 -0.6182125211
99.4 169.7 2742.1 -0.7451213598 -0.6569358110 0.1150196344 -0.4738853574 0.4001595080 -0.7844138145 0.4692833424 -0.6389895678 -0.6094796658
277.5 283.0 2630.0 -0.5303156376 -0.6569358110 0.5359110236 -0.8476786613 0.4001595080 -0.3483006060 0.0143612530 -0.6389895678 -0.7690812945
-71.2 120.4 2949.8 -0.0512030795 0.0791052952 -0.9955503941 -0.9940579534 0.0918442607 0.0584241636 0.0960572511 0.9926263094 0.0739325359
-84.4 -135.6 2974.5 0.0902241692 0.0806639418 -0.9926494360 -0.9936330318 0.0748205185 -0.0842335597 0.0674759373 0.9939292073 0.0869009793
87.3 -213.9 2696.8 -0.5889280438 0.4308316708 0.6837747097 0.2207942009 0.8996456861 -0.3766795993 -0.7774404883 -0.0708636716 -0.6249517202
-80.0 -563.1 2724.3 -0.5943055153 0.0919771045 0.7989625335 0.1714713871 0.9850875735 0.0141444532 -0.7857471108 0.1454053372 -0.6012144089
-25.1 -248.5 2831.9 -0.5635688305 0.2710408866 0.7803377509 -0.0302544311 0.9372336864 -0.3473868966 -0.8255149126 -0.2193851024 -0.5199955106
-130.2 -612.1 2917.1 -0.5635688305 -0.3394015133 0.7531247139 -0.0302544311 0.9195656776 0.3917698264 -0.8255149126 0.1980039030 -0.5285069346
417.9 507.5 2626.2 0 0 0 0 0 0 0 0 0
-60.8 -394.8 2992.1 0 0 0 0 0 0 0 0 0
-117.6 -966.2 2664.8 0 0 0 0 0 0 0 0 0
0.3 -965.8 2840.9 0 0 0 0 0 0 0 0 0
5.3 343.8 2886.6 7 -0.6265971065 -0.0433255248 -0.7781381011 -0.1883184761 0.9772831798 0.0972301811 0.7562487721 0.2074619383 -0.6205218434
13.8 150.6 2845.6 -0.6265971065 -0.0433255248 -0.7781381011 -0.1883184761 0.9772831798 0.0972301811 0.7562487721 0.2074619383 -0.6205218434
21.0 -40.0 2809.9 -0.6275056601 -0.0369989499 -0.7777324319 -0.1661547273 0.9822248220 0.0873330534 0.7606768608 0.1840258986 -0.6224991679
99.6 173.3 2741.7 -0.7514121532 -0.6434632540 0.1460643411 -0.4625788331 0.3558541834 -0.8120274544 0.4705322385 -0.6777336001 -0.5650456548
283.8 286.7 2626.3 -0.5050082803 -0.6434632540 0.5752579570 -0.8627077937 0.3558541834 -0.3593091667 0.0264943056 -0.6777336001 -0.7348300815
-71.9 127.9 2949.5 -0.0543689020 0.0758319870 -0.9956372380 -0.9922022223 0.1078939661 0.0623989888 0.1121550873 0.9912660718 0.0693745911
-85.9 -127.7 2978.4 0.0871716812 0.0773378685 -0.9931867719 -0.9926388264 0.0908890069 -0.0800462067 0.0840791538 0.9928534627 0.0846915171
85.2 -218.7 2700.2 -0.5853762031 0.4254405499 0.6901702881 0.2099802643 0.9017708302 -0.3777798712 -0.7830983400 -0.0762211978 -0.6172093153
-80.0 -568.8 2729.8 -0.5880627632 0.0928891301 0.8034636378 0.1838357002 0.9827340245 0.0209363829 -0.7876462340 0.1600171924 -0.5949856043
-26.7 -251.1 2836.3 -0.5408863425 0.1853010058 0.8204301000 -0.0281830709 0.9708895683 -0.2378638387 -0.8406233788 -0.1517795324 -0.5199185014
-98.1 -625.4 2894.8 -0.5408863425 -0.2730664611 0.7955355048 -0.0281830709 0.9511851668 0.3073312640 -0.8406233788 0.1438106447 -0.5221788883
417.8 515.6 2619.3 0 0 0 0 0 0 0 0 0
-63.2 -386.6 3000.3 0 0 0 0 0 0 0 0 0
-117.3 -964.0 2665.4 0 0 0 0 0 0 0 0 0
-2.3 -959.2 2844.4 0 0 0 0 0 0 0 0 0
9.5 343.3 2885.8 8 -0.5990530252 -0.0405861065 -0.7996800542 -0.1898845732 0.9774262309 0.0926383063 0.7778684497 0.2073421627 -0.5932368040
17.5 149.9 2844.8 -0.5990530252 -0.0405861065 -0.7996800542 -0.1898845732 0.9774262309 0.0926383063 0.7778684497 0.2073421627 -0.5932368040
23.7 -40.9 2809.9 -0.6000627875 -0.0317324288 -0.7993232608 -0.1625085324 0.9832130075 0.0829646662 0.7832723856 0.1796808541 -0.5951463580
99.4 172.1 2737.8 -0.7558569908 -0.6323097944 0.1698955894 -0.4698453248 0.3431123495 -0.8133383393 0.4559885263 -0.6945921183 -0.5564316511
280.8 284.9 2628.4 -0.5135810375 -0.6323097944 0.5800162554 -0.8568997979 0.3431123495 -0.3847033679 0.0442409851 -0.6945921183 -0.7180421352
