-286.3 417.6 2774.0 0 -0.1988159567 0.0936864689 -0.9755486250 -0.2011631280 0.9703240395 0.1341816038 0.9591692090 0.2229218483 -0.1740696281
-305.0 223.8 2729.4 -0.1988159567 0.0936864689 -0.9755486250 -0.2011631280 0.9703240395 0.1341816038 0.9591692090 0.2229218483 -0.1740696281
-322.5 29.9 2689.6 -0.1968860030 0.0874229670 -0.9765209556 -0.1804249436 0.9757750034 0.1237334386 0.9636818767 0.2005501240 -0.1763431579
-276.3 250.1 2588.8 -0.3510783017 0.4672556221 -0.8114284873 0.9115598202 0.3686296046 -0.1821289361 0.2140157819 -0.8036071062 -0.5553492904
-189.4 24.4 2535.8 -0.5848590136 0.4672556221 0.6630325317 -0.5527624488 0.3686296046 -0.7473726273 -0.5936275125 -0.8036071062 0.0426850393
-333.7 197.5 2870.0 -0.3475215435 0.7067566514 -0.6162173152 -0.8841633797 -0.0281659123 0.4663279653 0.3122240901 0.7068958282 0.6346766353
-429.0 -44.9 2955.6 0.2170594484 0.7067566514 -0.6733351350 -0.9423808455 -0.0281659123 -0.3333542347 -0.2545654178 0.7068958282 0.6599202752
-318.6 -148.8 2564.2 -0.4200682640 -0.0022552507 -0.9074897170 -0.1420113295 0.9878402352 0.0632807463 0.8963121176 0.1554560512 -0.4152806103
-317.7 -541.3 2502.4 -0.4143739939 -0.1405306458 -0.8991914988 -0.1846211702 0.9804440737 -0.0681503639 0.8911841512 0.1377700567 -0.4322154522
-355.7 -180.4 2740.5 0.1152619496 0.1534447670 0.9814119339 0.0976185501 0.9814645648 -0.1649178118 -0.9885268211 0.1148127615 0.0981464684
-416.7 -570.2 2694.9 0.1083685309 0.1168157086 0.9872235656 0.0374573655 0.9918869734 -0.1214792505 -0.9934048653 0.0501433238 0.1031137258
-41.5 164.1 2686.0 0 0 0 0 0 0 0 0 0
-368.0 -309.8 2884.1 0 0 0 0 0 0 0 0 0
-269.5 -877.5 2455.2 0 0 0 0 0 0 0 0 0
-449.2 -846.3 2680.9 0 0 0 0 0 0 0 0 0
-287.7 419.0 2774.9 1 -0.2887659073 0.1018047109 -0.9519716501 -0.1834107488 0.9700316787 0.1593708843 0.9396673441 0.2206227034 -0.2614400089
-308.1 224.7 2730.7 -0.2887659073 0.1018047109 -0.9519716501 -0.1834107488 0.9700316787 0.1593708843 0.9396673441 0.2206227034 -0.2614400089
-326.9 30.8 2691.6 -0.2866040170 0.0942787901 -0.9533990026 -0.1619543880 0.9760565162 0.1452049017 0.9442610145 0.1960234642 -0.2644728720
-266.5 248.2 2593.4 -0.2993031144 0.4215586483 -0.8559824228 0.9226881266 0.3563744724 -0.1471183300 0.2430312932 -0.8338378072 -0.4956311584
-193.3 22.7 2534.0 -0.6190773249 0.4215586483 0.6625946164 -0.5587952137 0.3563744724 -0.7488291860 -0.5518072248 -0.8338378072 0.0149415974
-349.8 201.2 2867.9 -0.3960201442 0.6399404407 -0.6585167646 -0.8716528416 -0.0364589579 0.4887658954 0.2887722254 0.7675591111 0.5722443461
-458.2 -37.4 2947.0 0.2134241313 0.6399404407 -0.7381913066 -0.9511406422 -0.0364589579 -0.3065979183 -0.2231180817 0.7675591111 0.6008921266
-321.9 -147.4 2561.4 -0.5018254519 -0.0081163263 -0.8649308085 -0.1154573485 0.9916362166 0.0576820634 0.8572285771 0.1288089454 -0.4985654056
-318.6 -541.3 2510.3 -0.4889810681 -0.1490426064 -0.8594671488 -0.2179852128 0.9749121070 -0.0450427756 0.8446182609 0.1653260738 -0.5092026591
-357.9 -180.5 2738.0 0.2061286867 0.1382282674 0.9687125087 0.0854071602 0.9836527705 -0.1585336030 -0.9747905135 0.1154133081 0.1909533590
-412.8 -571.2 2692.1 0.1977358162 0.1345559955 0.9709764123 0.0205899514 0.9897455573 -0.1413500607 -0.9800390601 0.0479423255 0.1929376423
-39.2 161.7 2671.3 0 0 0 0 0 0 0 0 0
-398.2 -304.8 2884.3 0 0 0 0 0 0 0 0 0
-267.5 -875.6 2453.6 0 0 0 0 0 0 0 0 0
-450.2 -846.3 2678.8 0 0 0 0 0 0 0 0 0
-286.5 424.1 2776.3 2 -0.2127041668 0.0713025704 -0.9745116234 -0.2351437509 0.9642888308 0.1218788251 0.9484009743 0.2550744414 -0.1883419007
-300.6 232.4 2725.6 -0.2127041668 0.0713025704 -0.9745116234 -0.2351437509 0.9642888308 0.1218788251 0.9484009743 0.2550744414 -0.1883419007
-312.7 39.3 2681.1 -0.2107111365 0.0596615449 -0.9757260680 -0.2056603283 0.9730908871 0.1039134115 0.9556697607 0.2225638479 -0.1927710623
-270.1 262.1 2586.8 -0.2493439466 0.4115407765 -0.8766195178 0.9404262900 0.3189546466 -0.1177554801 0.2311406881 -0.8537576199 -0.4665531814
-205.1 16.9 2526.6 -0.7150216699 0.4115407765 0.5651355982 -0.4678750932 0.3189546466 -0.8242334723 -0.5194582939 -0.8537576199 -0.0355097875
-331.1 202.7 2864.4 -0.3316456378 0.6939886212 -0.6390547156 -0.8995400071 -0.0284708664 0.4359095693 0.2843218446 0.7194228172 0.6337127686
-421.8 -43.2 2942.1 0.2428167313 0.6939886212 -0.6778051257 -0.9314228892 -0.0284708664 -0.3628233373 -0.2710929811 0.7194228172 0.6394836903
-318.6 -147.4 2565.0 -0.4346361458 0.0009485821 -0.9006056190 -0.1233553886 0.9905120134 0.0605751202 0.8921182156 0.1374226958 -0.4303953350
-319.0 -541.7 2510.3 -0.4225145876 -0.1498507410 -0.8938826323 -0.2150786668 0.9746439457 -0.0617276169 0.8804672360 0.1661742628 -0.4440310001
-359.7 -176.4 2733.4 0.1269294471 0.1188644990 0.9847639799 0.0783823058 0.9884874821 -0.1294168830 -0.9888099432 0.0936148837 0.1161512956
-407.1 -570.8 2696.1 0.1202365458 0.1543689966 0.9806698561 0.0348939784 0.9865688086 -0.1595757753 -0.9921318293 0.0534063131 0.1132350713
-26.2 134.0 2656.6 0 0 0 0 0 0 0 0 0
-353.6 -304.6 2866.0 0 0 0 0 0 0 0 0 0
-267.8 -874.8 2453.5 0 0 0 0 0 0 0 0 0
-450.1 -845.7 2681.2 0 0 0 0 0 0 0 0 0
-286.5 424.2 2765.5 3 -0.1701457798 0.0629871115 -0.9834038019 -0.2139932364 0.9717782736 0.0992670059 0.9619029760 0.2273316234 -0.1518651545
-299.1 229.8 2720.1 -0.1701457798 0.0629871115 -0.9834038019 -0.2139932364 0.9717782736 0.0992670059 0.9619029760 0.2273316234 -0.1518651545
-309.7 35.4 2681.3 -0.1682808399 0.0534064546 -0.9842912555 -0.1827280670 0.9795351028 0.0843887702 0.9686547518 0.1940586567 -0.1550781280
-274.7 256.2 2579.1 -0.2411195040 0.3899369240 -0.8887128830 0.9449072480 0.3032187223 -0.1233237237 0.2213859111 -0.8694869876 -0.4415661693
-213.7 17.2 2523.1 -0.7775450945 0.3899369240 0.4933283329 -0.3974396288 0.3032187223 -0.8660832047 -0.4873042107 -0.8694869876 -0.0807898417
-323.5 203.3 2861.0 -0.3050620556 0.7229519486 -0.6199012995 -0.8959588408 0.0027564571 0.4441285133 0.3227922916 0.6908928156 0.6468943357
-406.9 -41.7 2949.2 0.2478581816 0.7229519486 -0.6449083686 -0.9344618917 0.0027564571 -0.3560525179 -0.2556312084 0.6908928156 0.6762542725
-305.2 -134.6 2548.8 -0.3953635991 0.0384923555 -0.9177178144 -0.0708013698 0.9948717952 0.0722305328 0.9157918692 0.0935330018 -0.3906107843
-320.5 -529.7 2511.7 -0.3777959645 -0.1509639174 -0.9134988189 -0.2109231800 0.9747091532 -0.0738479123 0.9015440345 0.1647786349 -0.4000829458
-337.9 -171.7 2721.1 0.0837933272 0.1647217870 0.9827743173 0.0429695696 0.9847281575 -0.1687129438 -0.9955562949 0.0563664101 0.0754356235
-403.4 -563.2 2698.7 0.0847043619 0.1616298705 0.9832094908 0.0485136993 0.9849165082 -0.1660899818 -0.9952244163 0.0617676787 0.0755854622
-22.8 114.7 2642.7 0 0 0 0 0 0 0 0 0
-337.3 -304.2 2877.4 0 0 0 0 0 0 0 0 0
-267.0 -875.1 2453.3 0 0 0 0 0 0 0 0 0
-449.5 -844.2 2681.0 0 0 0 0 0 0 0 0 0
-286.7 423.4 2770.7 4 -0.1805674583 0.0513894334 -0.9822191596 -0.2172504961 0.9718847275 0.0907872468 0.9592692852 0.2297808230 -0.1643263698
-297.1 227.7 2724.4 -0.1805674583 0.0513894334 -0.9822191596 -0.2172504961 0.9718847275 0.0907872468 0.9592692852 0.2297808230 -0.1643263698
-306.4 33.0 2686.0 -0.1787630618 0.0469488204 -0.9827713966 -0.1814326644 0.9801581502 0.0798260197 0.9670190811 0.1925767660 -0.1666980237
-271.0 254.1 2583.4 -0.2025241852 0.3844714165 -0.9006473422 0.9485332370 0.3056581318 -0.0828116685 0.2434514761 -0.8710653186 -0.4265871048
-219.6 13.2 2521.6 -0.8025055528 0.3844714165 0.4562527835 -0.3556965590 0.3056581318 -0.8832061291 -0.4790248871 -0.8710653186 -0.1085371822
-323.1 201.3 2865.3 -0.3051878214 0.7147238255 -0.6293093562 -0.8962064385 0.0078767817 0.4435672760 0.3219850361 0.6993623972 0.6381362081
-406.7 -44.1 2953.5 0.2552589774 0.7147238255 -0.6511625648 -0.9338998795 0.0078767817 -0.3574477732 -0.2503473759 0.6993623972 0.6694911718
-304.7 -142.2 2553.8 -0.4058429003 0.0329460725 -0.9133488536 -0.0751352236 0.9947645664 0.0692689121 0.9108491540 0.0967369601 -0.4012427330
-317.8 -537.4 2515.4 -0.3898235261 -0.1426272243 -0.9097775221 -0.2125051022 0.9752019048 -0.0618292354 0.8960352540 0.1692298651 -0.4104656577
-332.6 -175.3 2729.8 0.0992828310 0.1692497134 0.9805597663 0.0657062680 0.9821627140 -0.1761792153 -0.9928874969 0.0819204971 0.0863911286
-399.9 -565.6 2697.2 0.0948577598 0.1742262393 0.9801261425 0.0405760147 0.9830707908 -0.1786766797 -0.9946635365 0.0567184798 0.0861824900
-19.5 102.0 2641.1 0 0 0 0 0 0 0 0 0
-334.9 -306.6 2883.2 0 0 0 0 0 0 0 0 0
-268.1 -877.5 2456.4 0 0 0 0 0 0 0 0 0
-449.3 -844.6 2681.1 0 0 0 0 0 0 0 0 0
-287.0 425.3 2772.7 5 -0.1056099012 0.0484741852 -0.9932254553 -0.2247121930 0.9718114734 0.0713227764 0.9686852098 0.2307222635 -0.0917401686
-296.6 231.7 2726.8 -0.1056099012 0.0484741852 -0.9932254553 -0.2247121930 0.9718114734 0.0713227764 0.9686852098 0.2307222635 -0.0917401686
-305.2 37.3 2687.1 -0.1041635796 0.0428917520 -0.9936348796 -0.1938303113 0.9790369868 0.0625810102 0.9754894972 0.1991152167 -0.0936662778
-281.5 259.9 2584.8 -0.2068652660 0.3397284448 -0.9174919128 0.9493940473 0.2962409258 -0.1043662429 0.2363424599 -0.8926510811 -0.3838180900
-226.9 9.3 2522.4 -0.8389055729 0.3397284448 0.4252316952 -0.3336649239 0.2962409258 -0.8949351907 -0.4300059676 -0.8926510811 -0.1351626962
-311.7 203.6 2868.7 -0.2641112506 0.7637804151 -0.5889691710 -0.9051821232 0.0145467818 0.4247748852 0.3330023587 0.6453121901 0.6875184178
-384.1 -44.2 2959.9 0.2526535988 0.7637804151 -0.5939744115 -0.9267150760 0.0145467818 -0.3754830956 -0.2781462371 0.6453121901 0.7114821672
-299.3 -144.9 2559.0 -0.3368323445 0.0479666926 -0.9403420687 -0.0962953493 0.9917099476 0.0850801393 0.9366275668 0.1192083135 -0.3294210136
-318.3 -538.8 2511.7 -0.3236225843 -0.1455358416 -0.9349265695 -0.1974227577 0.9767381549 -0.0837070420 0.9253608584 0.1574862897 -0.3448266089
-330.6 -178.0 2735.5 0.0234579127 0.1962990910 0.9802634120 0.0674795359 0.9779861569 -0.1974578649 -0.9974448681 0.0707796738 0.0096953409
-408.5 -566.5 2707.4 0.0271120816 0.1473318338 0.9887154698 0.0918707028 0.9845258594 -0.1492267698 -0.9954017997 0.0948798284 0.0131570660
-14.8 93.6 2631.1 0 0 0 0 0 0 0 0 0
-313.0 -304.7 2881.7 0 0 0 0 0 0 0 0 0
-268.2 -874.9 2457.5 0 0 0 0 0 0 0 0 0
-450.0 -843.7 2680.7 0 0 0 0 0 0 0 0 0
-288.7 426.1 2774.2 6 -0.0508439988 0.0320521295 -0.9981921315 -0.2295742929 0.9723445177 0.0429157726 0.9719622135 0.2313412726 -0.0420795381
-295.1 231.0 2727.8 -0.0508439988 0.0320521295 -0.9981921315 -0.2295742929 0.9723445177 0.0429157726 0.9719622135 0.2313412726 -0.0420795381
-301.3 36.6 2687.4 -0.0499365069 0.0307996348 -0.9982773662 -0.2014042586 0.9786800742 0.0402697846 0.9782344699 0.2030682564 -0.0426686853
-287.9 260.2 2585.4 -0.2154823691 0.3176421523 -0.9234017730 0.9504430294 0.2852425873 -0.1236716732 0.2241101712 -0.9042898417 -0.3633655310
-230.8 8.7 2526.1 -0.8676611781 0.3176421523 0.3824493885 -0.2972189784 0.2852425873 -0.9112066627 -0.3985285163 -0.9042898417 -0.1530846506
-302.3 201.7 2870.2 -0.2262589782 0.7952010632 -0.5625496507 -0.9127285480 0.0286232289 0.4075627029 0.3401962817 0.6056698561 0.7193264365
-364.3 -48.2 2963.4 0.2591852546 0.7952010632 -0.5481589437 -0.9190749526 0.0286232289 -0.3930419087 -0.2968572676 0.6056698561 0.7382681370
-304.2 -139.5 2558.3 -0.2861552835 0.0374727249 -0.9574502110 -0.1010972708 0.9924768209 0.0690587610 0.9528349638 0.1165571362 -0.2802140713
-319.1 -533.8 2512.0 -0.2739568353 -0.1450391412 -0.9507424831 -0.1919266582 0.9769232273 -0.0937293544 0.9423968196 0.1567950398 -0.2954716980
-322.5 -174.8 2736.3 -0.0222217571 0.2071893066 0.9780484438 0.1073033735 0.9731332064 -0.2037100643 -0.9939779639 0.1004211009 -0.0438568406
-404.8 -561.3 2696.4 -0.0299051721 0.1572746783 0.9871019721 0.0594222210 0.9860768318 -0.1553110927 -0.9977849126 0.0540111884 -0.0388344079
-11.6 83.8 2626.8 0 0 0 0 0 0 0 0 0
-291.4 -306.5 2879.9 0 0 0 0 0 0 0 0 0
-268.0 -877.7 2456.8 0 0 0 0 0 0 0 0 0
-449.9 -844.2 2680.9 0 0 0 0 0 0 0 0 0
-289.5 425.8 2775.0 7 -0.0064526149 0.0332358219 -0.9994267225 -0.2324405611 0.9720222354 0.0338252001 0.9725891948 0.2325255573 0.0014532676
-296.1 230.1 2728.2 -0.0064526149 0.0332358219 -0.9994267225 -0.2324405611 0.9720222354 0.0338252001 0.9725891948 0.2325255573 0.0014532676
-302.4 35.8 2687.4 -0.0055535547 0.0310615953 -0.9995020628 -0.2051706612 0.9782178998 0.0315401405 0.9787104726 0.2052436620 0.0009403416
-295.4 260.0 2585.6 -0.2280257940 0.2773318887 -0.9333227277 0.9495567083 0.2752902806 -0.1501909643 0.2152819335 -0.9204902649 -0.3261156380
-235.2 9.3 2528.8 -0.8924400806 0.2773318887 0.3558619022 -0.2810487747 0.2752902806 -0.9193621874 -0.3529337645 -0.9204902649 -0.1677363068
-296.9 200.3 2870.8 -0.2032373101 0.8204672933 -0.5343482494 -0.9157156944 0.0339329913 0.4003915191 0.3466401696 0.5706855655 0.7444182634
-352.6 -50.6 2965.8 0.2543023527 0.8204672933 -0.5120192766 -0.9157019258 0.0339329913 -0.4004229009 -0.3111595213 0.5706855655 0.7599326968
-302.9 -139.5 2557.5 -0.2429633290 0.0420206897 -0.9691249132 -0.0922886059 0.9935281873 0.0662159100 0.9656353593 0.1055272222 -0.2375128865
-319.6 -534.2 2515.5 -0.2286466807 -0.1457743049 -0.9625334144 -0.1980113238 0.9750207067 -0.1006285399 0.9531590939 0.1675841212 -0.2518002093
-311.6 -176.2 2736.2 -0.0669616535 0.2401029319 0.9684351683 0.1080121920 0.9666539431 -0.2321928889 -0.9918918610 0.0890547857 -0.0906627849
-406.9 -560.0 2700.8 -0.0722474977 0.1459799707 0.9866458774 0.0726215616 0.9873752594 -0.1407701522 -0.9947393537 0.0614814796 -0.0819366872
-10.6 80.1 2617.6 0 0 0 0 0 0 0 0 0
-281.1 -308.0 2878.3 0 0 0 0 0 0 0 0 0
-268.3 -876.9 2456.6 0 0 0 0 0 0 0 0 0
-449.2 -845.5 2683.0 0 0 0 0 0 0 0 0 0
-289.4 425.3 2775.4 8 -0.0498227701 0.0481544510 -0.9975965023 -0.2256742418 0.9724620581 0.0582120009 0.9729279876 0.2280321121 -0.0375835374
-299.1 229.6 2729.5 -0.0498227701 0.0481544510 -0.9975965023 -0.2256742418 0.9724620581 0.0582120009 0.9729279876 0.2280321121 -0.0375835374
-307.9 35.0 2690.2 -0.0483830757 0.0444095619 -0.9978411198 -0.1953174472 0.9793039560 0.0530550592 0.9795458913 0.1974627376 -0.0387077779
-292.0 258.0 2586.7 -0.1970249861 0.2442832738 -0.9494771361 0.9536447525 0.2724530995 -0.1277925521 0.2274704129 -0.9306422472 -0.2866395414
-241.3 12.5 2528.2 -0.9147878289 0.2442832738 0.3216968775 -0.2536358833 0.2724530995 -0.9281369448 -0.3143756390 -0.9306422472 -0.1872777939
-306.1 201.2 2872.3 -0.2368669212 0.7979866862 -0.5541762114 -0.9075698853 0.0218193159 0.4193337858 0.3467145264 0.6022799611 0.7190604210
-371.0 -47.4 2967.2 0.2462213188 0.7979866862 -0.5500838757 -0.9239418507 0.0218193159 -0.3819102049 -0.2927568257 0.6022799611 0.7426657081
-308.1 -139.8 2557.0 -0.2834101617 0.0270051491 -0.9586184621 -0.0967718288 0.9936957359 0.0566033535 0.9541037083 0.1088092327 -0.2790101469
-318.8 -534.6 2513.8 -0.2711825967 -0.1403312385 -0.9522432089 -0.1915585846 0.9773933291 -0.0894849747 0.9432737231 0.1581435949 -0.2919337153
-308.9 -177.3 2736.0 -0.0242421422 0.2478707731 0.9684897661 0.1050589383 0.9640417695 -0.2441026717 -0.9941704869 0.0958309323 -0.0494114794
-407.3 -560.2 2697.9 -0.0313505419 0.1421581358 0.9893473387 0.0559679717 0.9885305762 -0.1402672529 -0.9979402423 0.0509743132 -0.0389472730
-9.6 76.7 2607.8 0 0 0 0 0 0 0 0 0
-301.8 -307.2 2884.9 0 0 0 0 0 0 0 0 0
-269.6 -877.1 2458.4 0 0 0 0 0 0 0 0 0
-448.2 -844.6 2683.2 0 0 0 0 0 0 0 0 0
-289.9 424.0 2766.1 9 -0.1373639852 0.0653238520 -0.9883642793 -0.1728921533 0.9809240699 0.0888608545 0.9753150344 0.1830867082 -0.1234496608
-303.0 226.2 2729.2 -0.1373639852 0.0653238520 -0.9883642793 -0.1728921533 0.9809240699 0.0888608545 0.9753150344 0.1830867082 -0.1234496608
-315.2 30.5 2698.4 -0.1355852932 0.0593106635 -0.9889888167 -0.1448172629 0.9862993956 0.0790030733 0.9801247716 0.1539342999 -0.1251384765
-283.4 247.2 2586.9 -0.1741488874 0.2459648550 -0.9535058737 0.9550350308 0.2781461179 -0.1026780382 0.2399587780 -0.9285128117 -0.2833439112
-241.5 17.4 2529.1 -0.9237040281 0.2459648550 0.2937212884 -0.2230220884 0.2781461179 -0.9342889786 -0.3114996850 -0.9285128117 -0.2020691037
-322.7 205.3 2871.5 -0.2949191928 0.7453818321 -0.5978533626 -0.8825032711 0.0274076220 0.4695069492 0.3663477004 0.6660741568 0.6497188807
-403.4 -36.0 2971.7 0.2377642840 0.7453818321 -0.6227954030 -0.9443735480 0.0274076220 -0.3277306855 -0.2272151560 0.6660741568 0.7104354501
-312.4 -141.7 2561.2 -0.3663122654 0.0202126168 -0.9302724004 -0.0951094702 0.9937143326 0.0590422042 0.9256184697 0.1101056039 -0.3620873690
-320.4 -536.6 2517.5 -0.3514007926 -0.1463267207 -0.9247193933 -0.2125299424 0.9743921161 -0.0734238029 0.9117831588 0.1707293838 -0.3735009432
-321.1 -177.4 2740.5 0.0674448088 0.2199431360 0.9731783867 0.0792107135 0.9711401463 -0.2249720693 -0.9945737123 0.0922593549 0.0480765067
-408.5 -563.1 2703.8 0.0645796955 0.1427121758 0.9876551628 0.0593082607 0.9874227643 -0.1465565711 -0.9961485863 0.0680406839 0.0553034507
-9.4 73.4 2607.4 0 0 0 0 0 0 0 0 0
-336.7 -301.0 2907.9 0 0 0 0 0 0 0 0 0
-269.5 -875.4 2458.1 0 0 0 0 0 0 0 0 0
-449.3 -845.3 2684.4 0 0 0 0 0 0 0 0 0
-286.7 425.0 2762.4 0 -0.0551338010 0.0704630315 -0.9959895611 -0.1651370823 0.9831261039 0.0786942765 0.9847283959 0.1688135266 -0.0425674208
-301.0 225.9 2728.2 -0.0551338010 0.0704630315 -0.9959895611 -0.1651370823 0.9831261039 0.0786942765 0.9847283959 0.1688135266 -0.0425674208
-313.1 29.6 2701.0 -0.0530422591 0.0605799109 -0.9967530370 -0.1336645484 0.9887452126 0.0672061816 0.9896061420 0.1367953122 -0.0443478934
-293.3 245.3 2584.6 -0.2380189002 0.2295844108 -0.9437361956 0.9458661079 0.2755275071 -0.1715280116 0.2206451148 -0.9334750175 -0.2827368677
-235.3 14.8 2530.8 -0.9056793451 0.2295844108 0.3564209640 -0.2907445133 0.2755275071 -0.9162708521 -0.3085652590 -0.9334750175 -0.1827891618
-308.6 206.6 2871.9 -0.2521575689 0.7973763347 -0.5482769012 -0.8811536431 0.0449924581 0.4706845880 0.3999810815 0.6018028259 0.6912658811
-377.6 -34.4 2981.2 0.2301585376 0.7973763347 -0.5578691959 -0.9445165396 0.0449924581 -0.3253677189 -0.2343406081 0.6018028259 0.7634905577
-315.1 -152.0 2578.3 -0.2889490128 0.0146221407 -0.9572328329 -0.1441180855 0.9878243208 0.0585927330 0.9464346170 0.1548848748 -0.2833235562
-320.9 -544.2 2516.9 -0.2801843584 -0.1522973776 -0.9477880597 -0.2038997263 0.9742466807 -0.0962722525 0.9380413890 0.1662797481 -0.3040220737
-339.7 -178.3 2757.0 0.0002841825 0.1633781940 0.9865634441 0.1473794729 0.9757834077 -0.1616354436 -0.9890799522 0.1454451382 -0.0238012932
-404.4 -564.8 2699.4 -0.0141542722 0.1562214196 0.9876206517 0.0568480715 0.9862477183 -0.1551895142 -0.9982824922 0.0539477356 -0.0228405055
-8.5 87.6 2608.1 0 0 0 0 0 0 0 0 0
-312.9 -299.7 2915.4 0 0 0 0 0 0 0 0 0
-269.2 -875.0 2460.4 0 0 0 0 0 0 0 0 0
-448.9 -845.5 2684.1 0 0 0 0 0 0 0 0 0
-287.5 423.7 2758.6 1 -0.0754733756 0.0728681460 -0.9944818020 -0.1573214531 0.9839653373 0.0840370432 0.9846591949 0.1627958715 -0.0627994612
-302.3 224.7 2725.7 -0.0754733756 0.0728681460 -0.9944818020 -0.1573214531 0.9839653373 0.0840370432 0.9846591949 0.1627958715 -0.0627994612
-315.2 28.3 2698.7 -0.0736055225 0.0648139492 -0.9951790571 -0.1305597723 0.9886714816 0.0740465969 0.9887043834 0.1353805959 -0.0643095821
-291.6 243.7 2581.7 -0.2530313432 0.2350251675 -0.9384766221 0.9453820586 0.2661100030 -0.1882505417 0.2054944038 -0.9348521829 -0.2895227373
-230.0 13.7 2531.7 -0.8869860768 0.2350251675 0.3975159228 -0.3346280456 0.2661100030 -0.9039964080 -0.3182448745 -0.9348521829 -0.1573898643
-313.0 205.7 2869.6 -0.2665275633 0.7854952812 -0.5585339665 -0.8776580095 0.0417095870 0.4774691164 0.3983459771 0.6174604893 0.6782794595
-386.0 -34.6 2978.7 0.2289082855 0.7854952812 -0.5749766231 -0.9465475678 0.0417095870 -0.3198562860 -0.2272635698 0.6174604893 0.7530563474
-320.4 -154.6 2583.6 -0.3088925779 0.0061457800 -0.9510771036 -0.1567436904 0.9859769344 0.0572788045 0.9380921125 0.1667683274 -0.3035976291
-322.8 -546.2 2517.3 -0.3009387255 -0.1559451073 -0.9408065677 -0.2094076276 0.9732667208 -0.0943417326 0.9303678274 0.1686210036 -0.3255497217
-329.9 -178.8 2763.9 0.0215786360 0.1920314282 0.9811515212 0.1480724365 0.9699428678 -0.1930942386 -0.9887410998 0.1494482011 -0.0075045149
-406.1 -563.5 2704.6 0.0101808086 0.1497676969 0.9886687994 0.0730546340 0.9859664440 -0.1501106024 -0.9972759485 0.0737550855 -0.0009032877
-6.9 97.9 2611.8 0 0 0 0 0 0 0 0 0
-321.6 -300.6 2914.8 0 0 0 0 0 0 0 0 0
-270.2 -874.7 2460.4 0 0 0 0 0 0 0 0 0
-449.0 -845.7 2683.5 0 0 0 0 0 0 0 0 0
-289.4 420.3 2755.2 2 -0.1251952946 0.0619118884 -0.9901984930 -0.1443610191 0.9862924218 0.0799198821 0.9815732241 0.1529516578 -0.1145415008
-301.9 220.9 2724.3 -0.1251952946 0.0619118884 -0.9901984930 -0.1443610191 0.9862924218 0.0799198821 0.9815732241 0.1529516578 -0.1145415008
-314.0 24.2 2699.3 -0.1235331967 0.0605617985 -0.9904906750 -0.1175376773 0.9902167320 0.0752042532 0.9853549600 0.1257102042 -0.1152063459
-283.9 238.0 2580.8 -0.2427857518 0.2320444882 -0.9419184923 0.9500413537 0.2532092929 -0.1825005859 0.1961542517 -0.9391700625 -0.2819274664
-226.0 11.6 2534.0 -0.8780543208 0.2320444882 0.4185402095 -0.3609234393 0.2532092929 -0.8975629807 -0.3142528236 -0.9391700625 -0.1385812163
-319.9 203.8 2867.8 -0.2887237966 0.7535055876 -0.5906503797 -0.8717246056 0.0482075475 0.4876189232 0.3958973885 0.6556716561 0.6429307461
-399.0 -35.0 2976.2 0.2374567091 0.7535055876 -0.6130608916 -0.9499406219 0.0482075475 -0.3086889684 -0.2030446976 0.6556716561 0.7272327542
-321.4 -156.2 2581.4 -0.3560249209 0.0098456554 -0.9344245791 -0.1392210275 0.9882260561 0.0634571165 0.9240474701 0.1526838690 -0.3504623771
-325.3 -548.7 2520.8 -0.3425148129 -0.1634115726 -0.9251919985 -0.2288606763 0.9696058035 -0.0865297616 0.9112114906 0.1821023375 -0.3695028424
-334.8 -180.0 2762.1 0.0727938041 0.1836091131 0.9803003669 0.1413041651 0.9710942507 -0.1923775822 -0.9872862697 0.1525244117 0.0447449088
-407.7 -565.5 2701.6 0.0582257584 0.1449345052 0.9877265692 0.0400837138 0.9882678390 -0.1473768353 -0.9974983931 0.0481728762 0.0517331325
-5.9 102.1 2612.8 0 0 0 0 0 0 0 0 0
-332.3 -302.0 2919.2 0 0 0 0 0 0 0 0 0
-270.7 -872.6 2459.9 0 0 0 0 0 0 0 0 0
-449.2 -848.6 2687.8 0 0 0 0 0 0 0 0 0
-287.2 424.2 2756.0 3 -0.1183334365 0.0756843165 -0.9900853634 -0.1380141377 0.9861593246 0.0918794349 0.9833357930 0.1475182027 -0.1062501147
-302.6 224.3 2726.1 -0.1183334365 0.0756843165 -0.9900853634 -0.1380141377 0.9861593246 0.0918794349 0.9833357930 0.1475182027 -0.1062501147
-315.8 27.5 2702.3 -0.1164082959 0.0665507838 -0.9909693003 -0.1112589389 0.9905987978 0.0795954019 0.9869500995 0.1195197552 -0.1079095528
-285.6 240.5 2582.1 -0.2724947631 0.2843379974 -0.9191836119 0.9427755475 0.2696917057 -0.1960629076 0.1921480596 -0.9200099707 -0.3415564895
-217.9 6.2 2534.4 -0.8316465020 0.2843379974 0.4769864082 -0.4080485404 0.2696917057 -0.8722171783 -0.3766437471 -0.9200099707 -0.1082644537
-319.5 208.0 2870.0 -0.2900356948 0.7588903308 -0.5830649137 -0.8676757812 0.0485165417 0.4947573841 0.4037548900 0.6494086385 0.6443992853
-399.0 -29.8 2980.7 0.2315672338 0.7588903308 -0.6086559296 -0.9521487951 0.0485165417 -0.3017595112 -0.1994725168 0.6494086385 0.7338113785
-314.8 -161.8 2584.2 -0.3497195840 0.0239142720 -0.9365491271 -0.1439767331 0.9864266515 0.0789506435 0.9257250428 0.1624518782 -0.3415296078
-324.3 -553.7 2519.7 -0.3360507190 -0.1641754806 -0.9274245501 -0.2339843959 0.9683722258 -0.0866403058 0.9123163819 0.1878873408 -0.3638366759
-337.4 -183.3 2764.4 0.0656579882 0.1865467876 0.9802496433 0.1346622705 0.9717261195 -0.1939445138 -0.9887138605 0.1447366476 0.0386807658
-411.5 -569.3 2706.9 0.0563800372 0.1353521049 0.9891921282 0.0660952181 0.9880886674 -0.1389682740 -0.9962192178 0.0732159093 0.0467623472
-10.4 108.1 2628.3 0 0 0 0 0 0 0 0 0
-333.9 -297.5 2924.6 0 0 0 0 0 0 0 0 0
-270.2 -872.9 2457.7 0 0 0 0 0 0 0 0 0
-449.8 -849.0 2686.2 0 0 0 0 0 0 0 0 0
-290.4 425.1 2765.9 4 -0.0655833632 0.0447569080 -0.9968428612 -0.1824955791 0.9816060662 0.0560793765 0.9810169339 0.1855972856 -0.0562090911
-299.4 227.3 2728.5 -0.0655833632 0.0447569080 -0.9968428612 -0.1824955791 0.9816060662 0.0560793765 0.9810169339 0.1855972856 -0.0562090911
-309.0 31.5 2697.0 -0.0643038452 0.0473174006 -0.9968079329 -0.1551490128 0.9862554073 0.0568251051 0.9857960343 0.1583078504 -0.0560787655
-290.1 249.8 2584.9 -0.2974596322 0.3367100656 -0.8933891058 0.9351780415 0.2911832929 -0.2016292363 0.1922493726 -0.8954544067 -0.4014991224
-212.3 5.3 2534.6 -0.7896078229 0.3367100656 0.5129773617 -0.4307691753 0.2911832929 -0.8541956544 -0.4369867146 -0.8954544067 -0.0848762840
-308.7 204.7 2872.1 -0.2482219338 0.7887820005 -0.5623245239 -0.8913491964 0.0413264818 0.4514296949 0.3793185055 0.6132822633 0.6928220391
-376.6 -39.3 2975.9 0.2445091456 0.7887820005 -0.5639488101 -0.9364972711 0.0413264818 -0.3482311964 -0.2513724566 0.6132822633 0.7487968802
-318.4 -159.2 2588.2 -0.2991009057 0.0166994967 -0.9540753365 -0.1611367315 0.9846039414 0.0677499250 0.9405177236 0.1740006506 -0.2918050289
-325.0 -550.4 2519.1 -0.2899865806 -0.1646278799 -0.9427647591 -0.2181545049 0.9705298543 -0.1023737863 0.9318349361 0.1759813577 -0.3173549473
-339.7 -179.5 2768.9 0.0077613182 0.1815197766 0.9833566546 0.1484353244 0.9722826481 -0.1806471646 -0.9888916612 0.1473669261 -0.0193977524
-411.8 -565.9 2710.4 -0.0012178336 0.1313701719 0.9913326502 0.0811110288 0.9880799651 -0.1308394969 -0.9967043400 0.0802486688 -0.0118588870
-14.1 113.4 2644.3 0 0 0 0 0 0 0 0 0
-308.0 -302.2 2905.3 0 0 0 0 0 0 0 0 0
-270.1 -874.3 2460.3 0 0 0 0 0 0 0 0 0
-449.5 -849.4 2687.4 0 0 0 0 0 0 0 0 0
-290.1 427.8 2771.3 5 -0.0281386711 0.0329109356 -0.9990621209 -0.2046872973 0.9780901074 0.0379851125 0.9784228802 0.2055641711 -0.0207857061
-296.7 231.7 2730.1 -0.0281386711 0.0329109356 -0.9990621209 -0.2046872973 0.9780901074 0.0379851125 0.9784228802 0.2055641711 -0.0207857061
-304.7 36.4 2695.0 -0.0270622801 0.0394560844 -0.9988547564 -0.1755103320 0.9835114479 0.0436051562 0.9841055870 0.1764893830 -0.0196911115
-292.8 257.2 2586.7 -0.3079244196 0.3722771108 -0.8755525947 0.9319443703 0.3032284379 -0.1988269538 0.1914737076 -0.8771899939 -0.4403129816
-209.4 5.0 2534.9 -0.7620682120 0.3722771108 0.5297752619 -0.4396136701 0.3032284379 -0.8454539180 -0.4753860533 -0.8771899939 -0.0674226359
-300.5 206.1 2873.5 -0.2222051322 0.8095118999 -0.5434292555 -0.9021040201 0.0407641530 0.4295889437 0.3699097931 0.5856865644 0.7212058902
-361.4 -41.0 2974.8 0.2484091818 0.8095118999 -0.5319617987 -0.9276732802 0.0407641530 -0.3711610436 -0.2787742913 0.5856865644 0.7610887885
-312.8 -150.1 2575.3 -0.2617901564 0.0376991369 -0.9643882513 -0.1242738888 0.9896016121 0.0724198073 0.9570903182 0.1388070732 -0.2543829381
-327.7 -543.0 2520.2 -0.2477371842 -0.1669183969 -0.9543398619 -0.2127159387 0.9703816175 -0.1145052314 0.9451868534 0.1746360958 -0.2759058177
-324.5 -178.4 2755.6 -0.0378231890 0.2216107398 0.9744014144 0.1269600987 0.9682627916 -0.2152864337 -0.9911864400 0.1155672818 -0.0647585094
-412.4 -562.6 2709.7 -0.0437160693 0.1274108440 0.9908861518 0.0816627219 0.9889709949 -0.1235617846 -0.9957008362 0.0755168274 -0.0536386408
-15.6 116.8 2655.8 0 0 0 0 0 0 0 0 0
-291.6 -301.5 2896.5 0 0 0 0 0 0 0 0 0
-270.5 -875.8 2460.3 0 0 0 0 0 0 0 0 0
-449.4 -849.5 2687.8 0 0 0 0 0 0 0 0 0
-293.8 423.8 2773.5 6 -0.0500466265 0.0203880332 -0.9985387921 -0.2164243013 0.9758143425 0.0307712052 0.9750158191 0.2176480442 -0.0444237478
-297.9 228.3 2729.9 -0.0500466265 0.0203880332 -0.9985387921 -0.2164243013 0.9758143425 0.0307712052 0.9750158191 0.2176480442 -0.0444237478
-304.1 33.5 2691.9 -0.0493503697 0.0306046773 -0.9983125329 -0.1897052079 0.9810481071 0.0394532569 0.9806000590 0.1913321167 -0.0426092185
-290.8 256.0 2586.9 -0.3125419319 0.3902464807 -0.8660399914 0.9297866821 0.3123221993 -0.1948116720 0.1944589466 -0.8661192656 -0.4604597688
-206.2 4.4 2534.3 -0.7532352805 0.3902464807 0.5294755101 -0.4326758087 0.3123221993 -0.8457224369 -0.4954071641 -0.8661192656 -0.0664018840
-305.1 200.6 2873.0 -0.2261244953 0.7952491045 -0.5625358224 -0.9081962705 0.0366862193 0.4169336557 0.3522034287 0.6051717997 0.7139466405
-367.1 -48.2 2969.5 0.2599731684 0.7952491045 -0.5477159619 -0.9223787785 0.0366862193 -0.3845406473 -0.2857119739 0.6051717997 0.7430583835
-310.2 -142.9 2569.8 -0.2818334103 0.0443394184 -0.9584382772 -0.0913316905 0.9931557775 0.0728020445 0.9551064968 0.1080538407 -0.2758548856
-327.8 -537.2 2526.9 -0.2610337138 -0.1684748828 -0.9505143762 -0.2274070084 0.9676729441 -0.1090648323 0.9381617308 0.1876840293 -0.2909076512
-315.1 -174.9 2749.9 -0.0211011767 0.2410980165 0.9702713490 0.1155869886 0.9645680189 -0.2371670604 -0.9930732250 0.1071462333 -0.0482213125
-410.9 -557.9 2707.3 -0.0258476175 0.1276467890 0.9914828539 0.0790045410 0.9889727831 -0.1252640188 -0.9965391159 0.0750938728 -0.0356472656
-11.4 116.3 2662.4 0 0 0 0 0 0 0 0 0
-294.0 -307.5 2889.2 0 0 0 0 0 0 0 0 0
-268.5 -878.3 2460.7 0 0 0 0 0 0 0 0 0
-448.4 -848.6 2685.3 0 0 0 0 0 0 0 0 0
-294.7 422.2 2775.2 7 -0.0366737731 0.0287003331 -0.9989150763 -0.2065314800 0.9777893424 0.0356758721 0.9777523875 0.2076157779 -0.0299316999
-300.5 225.8 2733.5 -0.0366737731 0.0287003331 -0.9989150763 -0.2065314800 0.9777893424 0.0356758721 0.9777523875 0.2076157779 -0.0299316999
-306.4 30.4 2698.2 -0.0357722864 0.0297692176 -0.9989165068 -0.1762892455 0.9836934209 0.0356286578 0.9836881757 0.1773727536 -0.0299409684
-295.3 251.5 2589.9 -0.3511648476 0.4242614508 -0.8346768618 0.9143746495 0.3472360671 -0.2081971914 0.2014998794 -0.8363189101 -0.5098710060
-200.0 3.4 2535.2 -0.7167627811 0.4242614508 0.5534016490 -0.4356421828 0.3472360671 -0.8304474354 -0.5444878340 -0.8363189101 -0.0640597120
-305.7 200.1 2877.0 -0.2182552963 0.8030112982 -0.5545606017 -0.9038863778 0.0478904247 0.4250834584 0.3679049909 0.5940364599 0.7153786421
-365.5 -47.7 2977.9 0.2596424222 0.8030112982 -0.5364313722 -0.9253094196 0.0478904247 -0.3761767745 -0.2763842642 0.5940364599 0.7554683089
-305.7 -144.0 2564.1 -0.2686707973 0.0552725792 -0.9616448879 -0.0742366686 0.9941946268 0.0778841823 0.9603670835 0.0923145190 -0.2630078197
-327.7 -538.9 2527.4 -0.2451812923 -0.1726325005 -0.9539833069 -0.2246153653 0.9673586488 -0.1173249707 0.9430981278 0.1855134219 -0.2759541571
-314.7 -178.8 2743.7 -0.0319729000 0.2411784083 0.9699539542 0.1122779101 0.9651741982 -0.2362888604 -0.9931623340 0.1013495624 -0.0579384267
-410.5 -562.2 2703.4 -0.0391315259 0.1378870159 0.9896746278 0.0613924749 0.9888938665 -0.1353507787 -0.9973463416 0.0554620922 -0.0471621528
-9.6 119.1 2679.8 0 0 0 0 0 0 0 0 0
-292.5 -307.8 2900.2 0 0 0 0 0 0 0 0 0
-266.8 -880.0 2462.0 0 0 0 0 0 0 0 0 0
-450.6 -849.5 2687.3 0 0 0 0 0 0 0 0 0
-295.6 423.9 2775.5 8 -0.0358647816 0.0313078463 -0.9988661408 -0.2039243728 0.9782494903 0.0379836559 0.9783294797 0.2050554156 -0.0287002716
-301.9 227.1 2734.2 -0.0358647816 0.0313078463 -0.9988661408 -0.2039243728 0.9782494903 0.0379836559 0.9783294797 0.2050554156 -0.0287002716
-307.7 31.4 2700.0 -0.0348512828 0.0289336219 -0.9989736080 -0.1709000617 0.9846848249 0.0344819762 0.9846717715 0.1719263941 -0.0293727703
-296.8 252.0 2590.4 -0.4108226001 0.4872542918 -0.7705894113 0.8974171281 0.3652162254 -0.2475067228 0.1608330458 -0.7932214737 -0.5873094201
-182.1 1.4 2545.5 -0.6417771578 0.4872542918 0.5922037959 -0.4662343264 0.3652162254 -0.8057559729 -0.6088904738 -0.7932214737 -0.0072127488
-307.0 202.1 2878.0 -0.2171010375 0.8034257293 -0.5544134378 -0.9019934535 0.0520270430 0.4286035597 0.3731956184 0.5931275487 0.7133895755
-366.5 -45.2 2980.3 0.2604250610 0.8034257293 -0.5354306102 -0.9265381098 0.0520270430 -0.3725859225 -0.2714882493 0.5931275487 0.7579537034
-309.0 -148.9 2572.8 -0.2699304223 0.0413702019 -0.9619907141 -0.1119851992 0.9909478426 0.0740380585 0.9563456178 0.1277138442 -0.2628541291
-325.5 -542.3 2522.1 -0.2529339492 -0.1714707017 -0.9521670938 -0.2176176161 0.9690323472 -0.1166998670 0.9426913261 0.1776909828 -0.2824162245
-315.6 -181.2 2753.1 -0.0263607893 0.2346915454 0.9717124104 0.1330912113 0.9642205834 -0.2292715609 -0.9907531738 0.1232825965 -0.0566529967
-408.8 -564.2 2704.1 -0.0351568311 0.1433884203 0.9890418649 0.0731066018 0.9873711467 -0.1405475438 -0.9967042804 0.0673642755 -0.0451954827
-5.7 129.5 2712.8 0 0 0 0 0 0 0 0 0
-293.3 -305.7 2904.0 0 0 0 0 0 0 0 0 0
-266.4 -876.0 2460.9 0 0 0 0 0 0 0 0 0
-450.0 -848.1 2684.8 0 0 0 0 0 0 0 0 0
-295.9 422.1 2775.6 9 -0.0438368879 0.0376028828 -0.9983307719 -0.1970359534 0.9793380499 0.0455393940 0.9794157147 0.1987033635 -0.0355220102
-303.5 225.3 2735.7 -0.0438368879 0.0376028828 -0.9983307719 -0.1970359534 0.9793380499 0.0455393940 0.9794157147 0.1987033635 -0.0355220102
-310.4 29.6 2702.2 -0.0427171178 0.0350486971 -0.9984722733 -0.1667581499 0.9851150513 0.0417141542 0.9850720763 0.1682852954 -0.0362366214
-297.2 249.7 2591.8 -0.3985957503 0.4618802965 -0.7923307419 0.9012866020 0.3571448624 -0.2452142984 0.1697171926 -0.8118584156 -0.5586429238
-180.4 -14.6 2542.1 -0.6669623256 0.4618802965 0.5846604705 -0.4635262787 0.3571448624 -0.8109198213 -0.5833563805 -0.8118584156 -0.0241085030
-309.7 201.0 2879.6 -0.2262677401 0.7998093963 -0.5559746623 -0.8988683820 0.0484605841 0.4355309308 0.3752845824 0.5982946157 0.7079583406
-371.8 -45.5 2982.5 0.2554056942 0.7998093963 -0.5432060957 -0.9294811487 0.0484605841 -0.3656725287 -0.2661442459 0.5982946157 0.7557848692
-310.2 -148.5 2575.6 -0.2776095867 0.0347511992 -0.9600652456 -0.1170274690 0.9906799197 0.0696986541 0.9535394311 0.1317030191 -0.2709553838
-324.0 -542.0 2523.3 -0.2622033656 -0.1605445743 -0.9515644312 -0.2200851291 0.9700260162 -0.1030149385 0.9395807385 0.1824143231 -0.2896775603
-316.6 -179.9 2756.1 -0.0206408147 0.2346769273 0.9718542695 0.1216311529 0.9654304981 -0.2305424809 -0.9923607111 0.1134491712 -0.0484712981
-409.9 -563.4 2711.1 -0.0245220456 0.1391107291 0.9899731874 0.0942201614 0.9861845970 -0.1362444758 -0.9952493310 0.0899344385 -0.0372902974
6.5 115.3 2705.5 0 0 0 0 0 0 0 0 0
-299.9 -306.9 2907.6 0 0 0 0 0 0 0 0 0
-268.6 -877.0 2460.3 0 0 0 0 0 0 0 0 0
-450.0 -847.9 2685.1 0 0 0 0 0 0 0 0 0
-297.3 422.1 2776.7 0 -0.0551068559 0.0343338996 -0.9978899956 -0.1936163455 0.9800715446 0.0444129780 0.9795284271 0.1956552714 -0.0473610573
-304.2 225.0 2737.3 -0.0551068559 0.0343338996 -0.9978899956 -0.1936163455 0.9800715446 0.0444129780 0.9795284271 0.1956552714 -0.0473610573
-311.2 29.2 2703.7 -0.0541735366 0.0351333357 -0.9979132414 -0.1672155112 0.9849489927 0.0437545031 0.9844309092 0.1692369133 -0.0474833325
-296.3 249.4 2593.6 -0.4337129295 0.5036442876 -0.7471516132 0.8887726068 0.3755443394 -0.2627731562 0.1482443660 -0.7780160308 -0.6105036736
-169.5 -10.5 2550.2 -0.6027117372 0.5036442876 0.6189354062 -0.4924606681 0.3755443394 -0.7851426005 -0.6278702617 -0.7780160308 0.0216800235
-312.1 200.5 2881.1 -0.2322917730 0.7930999994 -0.5630567670 -0.8986107707 0.0465338603 0.4362719953 0.3722085357 0.6073112488 0.7018787861
-375.8 -45.9 2983.2 0.2565338910 0.7930999994 -0.5524334311 -0.9298484921 0.0465338603 -0.3649881482 -0.2637652457 0.6073112488 0.7494003773
-313.5 -150.9 2578.5 -0.2886084318 0.0296890419 -0.9569867849 -0.1174267605 0.9908756614 0.0661539957 0.9502189755 0.1314684600 -0.2824887633
-325.3 -544.6 2526.2 -0.2707159221 -0.1661902815 -0.9482055306 -0.2344255149 0.9667147398 -0.1025050804 0.9336795807 0.1945338100 -0.3006643057
-321.3 -181.4 2759.1 -0.0083585503 0.2321792692 0.9726371169 0.1256491691 0.9652057290 -0.2293255180 -0.9920395017 0.1202942207 -0.0372408517
-413.6 -565.0 2711.3 -0.0130586186 0.1276662648 0.9917312264 0.0894045979 0.9879923463 -0.1260077208 -0.9959098101 0.0870198384 -0.0243157651
3.2 130.6 2730.1 0 0 0 0 0 0 0 0 0
-303.7 -307.4 2909.0 0 0 0 0 0 0 0 0 0
-268.1 -877.2 2459.3 0 0 0 0 0 0 0 0 0
-450.2 -848.2 2686.4 0 0 0 0 0 0 0 0 0
-297.1 421.1 2776.2 1 -0.0390880667 0.0363546200 -0.9985741973 -0.2093105614 0.9768696427 0.0437576585 0.9770676494 0.2107225358 -0.0305745397
-304.4 225.0 2733.9 -0.0390880667 0.0363546200 -0.9985741973 -0.2093105614 0.9768696427 0.0437576585 0.9770676494 0.2107225358 -0.0305745397
-309.6 29.4 2699.3 -0.0379434302 0.0261674691 -0.9989371896 -0.1734057516 0.9843183160 0.0323711336 0.9841192961 0.1744497418 -0.0328108259
-298.8 250.3 2590.2 -0.4107764959 0.4991653562 -0.7629525661 0.8963566422 0.3741541505 -0.2378096133 0.1667555422 -0.7815641761 -0.6011239290
-180.2 -8.6 2542.0 -0.6349983215 0.4991653562 0.5895854831 -0.4557646513 0.3741541505 -0.8076429963 -0.6237432957 -0.7815641761 -0.0100853508
-309.9 199.7 2877.7 -0.2164587528 0.8012616038 -0.5577861667 -0.9033650160 0.0522844605 0.4256735146 0.3702394068 0.5960252881 0.7125142813
-369.3 -48.0 2979.2 0.2633867264 0.8012616038 -0.5372217894 -0.9252811670 0.0522844605 -0.3756609261 -0.2729143500 0.5960252881 0.7551633120
-313.2 -151.1 2579.8 -0.2733467519 0.0267588068 -0.9615433216 -0.1234355643 0.9903728962 0.0626512691 0.9539629221 0.1358141601 -0.2674122155
-323.9 -544.7 2525.8 -0.2570980191 -0.1624791473 -0.9526285529 -0.2307955921 0.9675630331 -0.1027385965 0.9384210110 0.1934485734 -0.2862579823
-323.2 -181.8 2760.3 -0.0194745138 0.2243166119 0.9743217230 0.1515978277 0.9639016390 -0.2188875079 -0.9882503748 0.1434423327 -0.0527774282
-412.3 -564.7 2703.4 -0.0308435392 0.1310162842 0.9909002781 0.0668481886 0.9894226789 -0.1287401468 -0.9972863197 0.0622690879 -0.0392755009
1.6 121.8 2720.5 0 0 0 0 0 0 0 0 0
-295.2 -308.2 2902.4 0 0 0 0 0 0 0 0 0
-268.2 -876.1 2459.6 0 0 0 0 0 0 0 0 0
-450.1 -850.5 2685.4 0 0 0 0 0 0 0 0 0
-300.9 419.9 2776.5 2 -0.0445159338 0.0196638238 -0.9988151193 -0.2079215497 0.9777297378 0.0285155140 0.9771320224 0.2089445889 -0.0394360200
-304.8 223.9 2734.6 -0.0445159338 0.0196638238 -0.9988151193 -0.2079215497 0.9777297378 0.0285155140 0.9771320224 0.2089445889 -0.0394360200
-307.8 28.4 2699.2 -0.0439822003 0.0146848643 -0.9989243746 -0.1774408519 0.9838793278 0.0222763345 0.9831481576 0.1782297641 -0.0406674817
-298.4 249.8 2591.0 -0.3393954933 0.3742813766 -0.8629740477 0.9230676889 0.3090433180 -0.2289939821 0.1809881628 -0.8743029833 -0.4503749609
-206.4 -0.4 2541.9 -0.7984145284 0.3742813766 0.4716436565 -0.3721392155 0.3090433180 -0.8752169013 -0.4733357131 -0.8743029833 -0.1074598804
-311.3 198.0 2878.2 -0.2100840211 0.7959213257 -0.5677798390 -0.9068731070 0.0583479963 0.4173448086 0.3653024733 0.6025817394 0.7095416784
-368.9 -50.7 2978.4 0.2750746906 0.7959213257 -0.5392987728 -0.9215215445 0.0583479963 -0.3839186728 -0.2741020620 0.6025817394 0.7495087385
-311.3 -150.3 2574.3 -0.2796499133 0.0265770331 -0.9597341418 -0.1303051859 0.9893169403 0.0653649196 0.9512184262 0.1433376223 -0.2731992602
-321.9 -543.4 2517.4 -0.2688753307 -0.1550945193 -0.9506059885 -0.2031835616 0.9738737941 -0.1014210433 0.9415001273 0.1658778936 -0.2933633029
-318.3 -182.0 2754.8 -0.0186163746 0.2487633973 0.9683853388 0.1323748529 0.9606399536 -0.2442289293 -0.9910249114 0.1236432120 -0.0508136526
-417.1 -563.6 2705.7 -0.0273882579 0.1235426292 0.9919612408 0.0627417266 0.9905893803 -0.1216394603 -0.9976539016 0.0589058660 -0.0348817967
0.8 96.1 2664.8 0 0 0 0 0 0 0 0 0
-291.5 -309.9 2901.3 0 0 0 0 0 0 0 0 0
-268.9 -876.4 2460.7 0 0 0 0 0 0 0 0 0
-453.2 -853.0 2688.5 0 0 0 0 0 0 0 0 0
-303.5 417.1 2774.6 3 -0.0692143515 0.0323639177 -0.9970766902 -0.1807025224 0.9825335145 0.0444357395 0.9810993671 0.1832498610 -0.0621571764
-310.0 220.4 2737.9 -0.0692143515 0.0323639177 -0.9970766902 -0.1807025224 0.9825335145 0.0444357395 0.9810993671 0.1832498610 -0.0621571764
-314.3 24.1 2708.2 -0.0683228448 0.0210548099 -0.9974410534 -0.1478074342 0.9885304570 0.0309912506 0.9866533875 0.1495466232 -0.0644271597
-300.0 242.0 2593.9 -0.3180870414 0.3168994784 -0.8935297132 0.9239956141 0.3146318793 -0.2173451483 0.2122563720 -0.8947522044 -0.3928940296
