-247.0 486.4 2352.5 09 0.4911448061 0.0964251161 -0.8657245636 -0.0762432069 0.9947986603 0.0675470307 0.8677348495 0.0328302383 0.4959419668
-266.0 289.7 2346.0 0.4911448061 0.0964251161 -0.8657245636 -0.0762432069 0.9947986603 0.0675470307 0.8677348495 0.0328302383 0.4959419668
-283.5 94.7 2340.9 0.4920269847 0.0890102908 -0.8660176992 -0.0667738914 0.9956876040 0.0644004047 0.8680153489 0.0261406358 0.4958487451
-336.2 299.2 2222.3 0.1215523183 0.2490170598 -0.9608410597 0.9508230090 0.2486244291 0.1847199053 0.2848869562 -0.9360429645 -0.2065502703
-371.0 26.9 2140.7 -0.3647427857 0.2186156213 -0.9050800800 0.9012891650 0.3269260228 -0.2842484415 0.2337530702 -0.9194164276 -0.3162797987
-195.9 280.2 2469.7 -0.0116205588 -0.6575847268 -0.7532910109 0.2208762318 0.7330451012 -0.6433184147 0.9752326012 -0.1738598049 0.1367264390
-197.6 311.3 2607.0 0.7200622559 -0.6575847268 -0.2215687782 0.6794083118 0.7330451012 0.0323918201 0.1411195397 -0.1738598049 0.9746066332
-342.3 -93.6 2256.4 0.3334836066 0.0227388591 -0.9424816370 -0.0409815572 0.9991137385 0.0096044606 0.9418647289 0.0354214348 0.3341199458
-351.2 -484.9 2242.6 0.3262400031 0.1610056013 -0.9314744473 -0.0876850262 0.9862938523 0.1397703141 0.9412113428 0.0360776931 0.3358862996
-251.9 -105.9 2412.4 -0.9934782982 0.0598756224 0.0970349684 0.0365087725 0.9732648730 -0.2267653793 -0.1080184430 -0.2217438668 -0.9691035151
-275.3 -487.0 2499.3 -0.9934782982 0.0007596455 0.1140188500 0.0365087725 0.9494508505 0.3117855191 -0.1080184430 0.3139148355 -0.9432865381
-275.4 -209.3 2079.4 0 0 0 0 0 0 0 0 0
-13.2 485.3 2643.1 0 0 0 0 0 0 0 0 0
-411.9 -856.4 2229.0 0 0 0 0 0 0 0 0 0
-275.6 -781.6 2401.9 0 0 0 0 0 0 0 0 0
-247.1 484.9 2353.4 10 0.4750949442 0.1014838889 -0.8740628362 -0.0841182843 0.9940158725 0.0696888492 0.8759046197 0.0404158458 0.4807885885
-267.2 288.0 2345.4 0.4750949442 0.1014838889 -0.8740628362 -0.0841182843 0.9940158725 0.0696888492 0.8759046197 0.0404158458 0.4807885885
-285.8 93.1 2338.7 0.4759730399 0.0948203877 -0.8743333220 -0.0752214864 0.9949169159 0.0669481680 0.8762370348 0.0339031257 0.4806861579
-335.0 298.7 2220.5 0.1246755570 0.2662315071 -0.9558120966 0.9504455924 0.2444644868 0.1920685917 0.2847968340 -0.9323936105 -0.2225598097
-370.5 27.8 2139.4 -0.3632769287 0.2344917655 -0.9016892314 0.9029639363 0.3270487785 -0.2787387371 0.2295344323 -0.9154521823 -0.3305468857
-199.4 277.2 2470.2 0.0314476490 -0.6728513241 -0.7391089797 0.2253675014 0.7252052426 -0.6506050229 0.9737661481 -0.1461111605 0.1744448245
-195.0 308.8 2606.3 0.7104102373 -0.6728513241 -0.2063696086 0.6885094643 0.7252052426 0.0056639491 0.1458493173 -0.1461111605 0.9784576893
-345.4 -94.3 2257.3 0.3165329099 0.0109335901 -0.9485185146 -0.0369793586 0.9993156791 -0.0008213606 0.9478604794 0.0353355929 0.3167206347
-349.7 -485.7 2243.4 0.3076775372 0.1688375622 -0.9363911748 -0.0915113911 0.9848193526 0.1475008577 0.9470798373 0.0403077602 0.3184573352
-256.4 -106.3 2414.2 -0.9958782196 0.0480601452 0.0769205838 0.0298309997 0.9744486809 -0.2226205617 -0.0856543332 -0.2194083482 -0.9718658924
-275.3 -488.0 2500.1 -0.9958782196 0.0010993340 0.0906936899 0.0298309997 0.9482666850 0.3160702884 -0.0856543332 0.3174729943 -0.9443909526
-275.0 -209.6 2079.0 0 0 0 0 0 0 0 0 0
-13.1 485.0 2643.7 0 0 0 0 0 0 0 0 0
-413.3 -856.6 2228.2 0 0 0 0 0 0 0 0 0
-275.6 -780.6 2402.1 0 0 0 0 0 0 0 0 0
-246.0 482.6 2345.8 11 0.5079810619 0.1048281267 -0.8549656868 -0.0809018761 0.9939857721 0.0738053545 0.8575605750 0.0316766016 0.5134067535
-266.7 286.7 2339.6 0.5079810619 0.1048281267 -0.8549656868 -0.0809018761 0.9939857721 0.0738053545 0.8575605750 0.0316766016 0.5134067535
-284.4 91.7 2332.9 0.5085226297 0.0902078599 -0.8563103080 -0.0753784776 0.9953427911 0.0600904562 0.8577429056 0.0339900106 0.5129539967
-339.1 297.4 2217.4 0.1117807031 0.2296495587 -0.9668330550 0.9545418620 0.2457260340 0.1687263697 0.2763240039 -0.9417429566 -0.1917426884
-370.7 27.6 2139.3 -0.3645867407 0.1988779753 -0.9096834660 0.9002944231 0.3247660100 -0.2898223400 0.2377949953 -0.9246483445 -0.2974541187
-194.3 276.0 2461.7 0.0134957666 -0.6747010350 -0.7379677296 0.2223167270 0.7215865254 -0.6556585431 0.9748811126 -0.1552139521 0.1597356945
-192.3 308.2 2603.2 0.7052366138 -0.6747010350 -0.2177609950 0.6922953725 0.7215865254 0.0063227294 0.1528674513 -0.1552139521 0.9759816527
-347.3 -95.0 2252.9 0.3517294526 0.0061995503 -0.9360811710 -0.0215503424 0.9997666478 -0.0014761396 0.9358536005 0.0206920709 0.3517810106
-349.8 -486.5 2244.8 0.3397946358 0.1686602980 -0.9252530932 -0.0973689929 0.9848110080 0.1437585652 0.9354458451 0.0412425734 0.3510558009
-261.3 -108.5 2411.2 -0.9975838661 0.0367230549 0.0589728616 0.0219291188 0.9719231129 -0.2342746705 -0.0659203678 -0.2324154228 -0.9703801274
-275.7 -489.2 2502.3 -0.9975838661 -0.0005945382 0.0694696158 0.0219291188 0.9461449981 0.3229995668 -0.0659203678 0.3237425685 -0.9438459873
-274.6 -209.8 2076.6 0 0 0 0 0 0 0 0 0
-11.7 485.5 2642.4 0 0 0 0 0 0 0 0 0
-413.3 -857.5 2229.2 0 0 0 0 0 0 0 0 0
-275.5 -781.7 2402.2 0 0 0 0 0 0 0 0 0
-246.2 482.6 2348.6 12 0.4794160724 0.1057310179 -0.8711952567 -0.0768157318 0.9939613938 0.0783588439 0.8742194176 0.0293550100 0.4846428633
-267.0 286.8 2342.8 0.4794160724 0.1057310179 -0.8711952567 -0.0768157318 0.9939613938 0.0783588439 0.8742194176 0.0293550100 0.4846428633
-285.7 91.9 2337.4 0.4801386297 0.0949504972 -0.8720386028 -0.0696540400 0.9951121807 0.0700001195 0.8744227886 0.0271312464 0.4844054878
-335.4 296.7 2218.3 0.1275242865 0.2608453035 -0.9569207430 0.9542228580 0.2309067994 0.1901072264 0.2705480754 -0.9373589158 -0.2194583416
-371.5 26.6 2141.7 -0.3676520288 0.2175423652 -0.9041610956 0.8960610628 0.3429931998 -0.2818337381 0.2488103360 -0.9138002992 -0.3210333884
-198.7 276.9 2467.3 0.0474444143 -0.6833273172 -0.7285689712 0.2184412330 0.7188333273 -0.6599712968 0.9746960998 -0.1278375536 0.1833714992
-192.0 307.4 2603.6 0.7014895678 -0.6833273172 -0.2024257332 0.6949415803 0.7188333273 -0.0182989240 0.1580145061 -0.1278375536 0.9791266322
-347.9 -96.4 2248.7 0.3212684095 0.0080302656 -0.9469541311 -0.0101139704 0.9999361038 0.0050482415 0.9469341636 0.0079556257 0.3213291168
-351.1 -488.0 2245.6 0.3083605766 0.1635254174 -0.9371089339 -0.0951236486 0.9854770303 0.1406647116 0.9465015531 0.0457657687 0.3194374144
-256.1 -110.0 2403.7 -0.9961476326 0.0496091470 0.0723110065 0.0293870606 0.9657685757 -0.2577353418 -0.0826217309 -0.2546174526 -0.9635058641
-275.5 -488.2 2503.4 -0.9961476326 0.0009135320 0.0876875967 0.0293870606 0.9456035495 0.3239912093 -0.0826217309 0.3253199458 -0.9419875741
-274.4 -209.9 2076.0 0 0 0 0 0 0 0 0 0
-12.4 485.4 2644.0 0 0 0 0 0 0 0 0 0
-412.7 -859.2 2228.4 0 0 0 0 0 0 0 0 0
-275.8 -780.8 2402.7 0 0 0 0 0 0 0 0 0
-247.6 482.9 2349.9 13 0.4667250812 0.1010198146 -0.8786140680 -0.0711651668 0.9945233464 0.0765432715 0.8815345764 0.0268020537 0.4713580608
-267.5 286.9 2344.6 0.4667250812 0.1010198146 -0.8786140680 -0.0711651668 0.9945233464 0.0765432715 0.8815345764 0.0268020537 0.4713580608
-285.1 91.9 2340.1 0.4675156176 0.0900951326 -0.8793815970 -0.0629328713 0.9956607223 0.0685505420 0.8817418218 0.0232935660 0.4711568654
-334.1 295.9 2219.0 0.1332253963 0.2739976048 -0.9524580240 0.9524482489 0.2303240448 0.1994823068 0.2740316689 -0.9337430596 -0.2302835286
-371.6 27.3 2141.8 -0.3669574559 0.2312458903 -0.9010369182 0.8977979422 0.3416032493 -0.2779678404 0.2435182333 -0.9109514356 -0.3329659402
-200.9 278.0 2470.2 0.0447469167 -0.6685195565 -0.7423471808 0.2358663678 0.7291527390 -0.6424198747 0.9707547426 -0.1463484168 0.1903086156
-194.8 310.1 2602.6 0.7105757594 -0.6685195565 -0.2194623351 0.6843296885 0.7291527390 -0.0053986758 0.1636306942 -0.1463484168 0.9756060243
-347.6 -96.8 2253.1 0.3071783781 0.0103618624 -0.9515955448 -0.0257603750 0.9996648431 0.0025697460 0.9513032436 0.0237240884 0.3073423505
-351.7 -488.3 2243.8 0.2973053455 0.1633368880 -0.9407075047 -0.0892272294 0.9856997728 0.1429492086 0.9506040215 0.0414371565 0.3076279163
-260.9 -109.3 2411.1 -0.9981222153 0.0364878066 0.0492006615 0.0238115415 0.9711748362 -0.2371759117 -0.0564364716 -0.2355590016 -0.9702200294
-275.2 -489.5 2503.3 -0.9981222153 0.0038713131 0.0611316450 0.0238115415 0.9440303445 0.3289980590 -0.0564364716 0.3298358917 -0.9423498511
-274.7 -209.9 2077.4 0 0 0 0 0 0 0 0 0
-12.8 485.4 2644.5 0 0 0 0 0 0 0 0 0
-413.2 -859.5 2228.2 0 0 0 0 0 0 0 0 0
-276.4 -781.0 2401.5 0 0 0 0 0 0 0 0 0
-247.5 483.2 2350.6 14 0.4444147348 0.1001580134 -0.8902044296 -0.0701838508 0.9945684671 0.0768624172 0.8930675983 0.0283191856 0.4490303397
-267.3 286.7 2345.0 0.4444147348 0.1001580134 -0.8902044296 -0.0701838508 0.9945684671 0.0768624172 0.8930675983 0.0283191856 0.4490303397
-285.0 91.7 2340.3 0.4452058673 0.0903682113 -0.8908565044 -0.0619197674 0.9956198335 0.0700509474 0.8932847977 0.0239745378 0.4488513470
-330.7 295.5 2217.8 0.1460420191 0.2961244881 -0.9439184666 0.9515844584 0.2188241929 0.2158772498 0.2704787254 -0.9297452569 -0.2498299181
-371.8 28.1 2141.8 -0.3657891750 0.2497542202 -0.8965607285 0.8997240067 0.3413467109 -0.2719911039 0.2381071150 -0.9061486125 -0.3495708108
-203.9 277.8 2472.2 0.0551421084 -0.6600829363 -0.7491661310 0.2505403161 0.7354503870 -0.6295571923 0.9665344954 -0.1529812068 0.2059316784
-196.5 311.6 2602.6 0.7146102786 -0.6600829363 -0.2315656096 0.6775563955 0.7354503870 -0.0054820846 0.1739236414 -0.1529812068 0.9728038311
-345.0 -97.4 2255.8 0.2830004394 0.0152116893 -0.9589991570 -0.0405519269 0.9991698861 0.0038820149 0.9582621455 0.0377906486 0.2833823860
-351.0 -488.7 2241.0 0.2780072987 0.1655814648 -0.9462001324 -0.0711088255 0.9858759046 0.1516317725 0.9579433799 0.0251284428 0.2858549953
-260.6 -108.8 2415.2 -0.9981524944 0.0365552790 0.0485311598 0.0249776989 0.9750226140 -0.2206967324 -0.0553866066 -0.2190768123 -0.9741343260
-274.9 -490.6 2500.9 -0.9981524944 0.0057368116 0.0604867823 0.0249776989 0.9462621808 0.3224345148 -0.0553866066 0.3233496547 -0.9446572661
-275.0 -209.9 2078.8 0 0 0 0 0 0 0 0 0
-13.5 485.1 2647.2 0 0 0 0 0 0 0 0 0
-413.4 -860.0 2231.6 0 0 0 0 0 0 0 0 0
-276.6 -780.9 2401.7 0 0 0 0 0 0 0 0 0
-247.8 483.1 2350.9 15 0.4342732728 0.1055215001 -0.8945791721 -0.0745440573 0.9939184189 0.0810518190 0.8976914287 0.0314869247 0.4394982159
-268.6 286.6 2344.7 0.4342732728 0.1055215001 -0.8945791721 -0.0745440573 0.9939184189 0.0810518190 0.8976914287 0.0314869247 0.4394982159
-287.1 91.7 2339.6 0.4352579713 0.0944495350 -0.8953378201 -0.0647494122 0.9951906204 0.0735058784 0.8979743719 0.0259785745 0.4392802119
-330.6 295.9 2216.8 0.1504590362 0.3060194850 -0.9400607347 0.9520033002 0.2115335166 0.2212313265 0.2665554583 -0.9282271266 -0.2595044374
-372.3 32.0 2142.9 -0.3584337831 0.2578383684 -0.8972427845 0.9021628499 0.3428076208 -0.2618875504 0.2400570065 -0.9033284783 -0.3554860353
-206.6 277.4 2472.6 0.0379851423 -0.6270881891 -0.7780215740 0.2882350683 0.7523670197 -0.5923380852 0.9568060040 -0.2017530501 0.2093275636
-201.4 316.6 2602.7 0.7341131568 -0.6270881891 -0.2604578137 0.6574309468 0.7523670197 0.0415740013 0.1698893011 -0.2017530501 0.9645897150
-342.9 -97.8 2254.9 0.2724753320 0.0213314574 -0.9619262815 -0.0417362265 0.9990752339 0.0103330566 0.9612571597 0.0373316668 0.2731136680
-351.3 -489.1 2240.3 0.2677285969 0.1644740552 -0.9493522644 -0.0709256604 0.9860130548 0.1508236080 0.9608802795 0.0269536395 0.2756493390
-262.5 -108.9 2416.3 -0.9977524281 0.0332675986 0.0581666343 0.0202597585 0.9771959186 -0.2113709748 -0.0638720021 -0.2097174674 -0.9756736159
-275.5 -491.6 2498.4 -0.9977524281 -0.0008509752 0.0670027360 0.0202597585 0.9492897987 0.3137490451 -0.0638720021 0.3144013286 -0.9471389651
-277.8 -205.8 2079.6 0 0 0 0 0 0 0 0 0
-13.5 484.9 2646.2 0 0 0 0 0 0 0 0 0
-413.2 -860.4 2230.1 0 0 0 0 0 0 0 0 0
-275.3 -781.1 2402.6 0 0 0 0 0 0 0 0 0
-247.5 482.4 2351.6 16 0.4362220168 0.1083727926 -0.8932892680 -0.0750548765 0.9936439395 0.0838959813 0.8967034817 0.0304484349 0.4415832758
-269.0 286.0 2345.6 0.4362220168 0.1083727926 -0.8932892680 -0.0750548765 0.9936439395 0.0838959813 0.8967034817 0.0304484349 0.4415832758
-288.1 91.2 2340.9 0.4373082817 0.0974921286 -0.8940116167 -0.0645619929 0.9949448705 0.0769182444 0.8969911933 0.0240821857 0.4413919449
-331.3 295.2 2217.8 0.1492973715 0.3059557676 -0.9402666688 0.9500208497 0.2192879021 0.2222008109 0.2741727233 -0.9264469147 -0.2579252422
-372.3 34.4 2142.5 -0.3531724513 0.2624530792 -0.8979908824 0.9049699306 0.3392694294 -0.2567600012 0.2372733951 -0.9033352733 -0.3573327661
-206.7 276.8 2473.4 0.0133723626 -0.5759710670 -0.8173606992 0.3291521966 0.7744110823 -0.5403205752 0.9441822171 -0.2618107200 0.1999378353
-204.9 320.8 2599.6 0.7537162900 -0.5759710670 -0.3164949715 0.6270760298 0.7744110823 0.0840426311 0.1966910958 -0.2618107200 0.9448638558
-344.9 -97.4 2253.4 0.2748634219 0.0210487805 -0.9612528682 -0.0361526385 0.9992796183 0.0115438709 0.9608033299 0.0315788388 0.2754263878
-353.2 -488.8 2241.0 0.2694410980 0.1529920399 -0.9507864714 -0.0723751187 0.9877247810 0.1384256035 0.9602933526 0.0315157399 0.2772064507
-266.3 -109.0 2415.7 -0.9984605908 0.0246590395 0.0496829599 0.0135999126 0.9772363901 -0.2117171139 -0.0537727363 -0.2107155025 -0.9760673642
-275.9 -491.8 2498.2 -0.9984605908 -0.0039546597 0.0553247295 0.0135999126 0.9495515227 0.3133161366 -0.0537727363 0.3135862052 -0.9480359554
-279.6 -203.1 2080.2 0 0 0 0 0 0 0 0 0
-12.1 481.3 2649.9 0 0 0 0 0 0 0 0 0
-410.8 -860.8 2229.1 0 0 0 0 0 0 0 0 0
-274.7 -782.5 2402.2 0 0 0 0 0 0 0 0 0
-247.7 480.9 2344.4 17 0.4775181115 0.1091667637 -0.8718136549 -0.0697221160 0.9938302636 0.0862565786 0.8758511543 0.0195956156 0.4821833074
-269.2 284.8 2340.6 0.4775181115 0.1091667637 -0.8718136549 -0.0697221160 0.9938302636 0.0862565786 0.8758511543 0.0195956156 0.4821833074
-287.7 89.8 2337.2 0.4784359038 0.0945430845 -0.8730181456 -0.0607599393 0.9953686595 0.0744950026 0.8760178685 0.0174034443 0.4819645286
-337.3 293.4 2215.9 0.1243796423 0.2643168271 -0.9563819170 0.9538878798 0.2335178107 0.1885930002 0.2731805146 -0.9357382059 -0.2230837643
-371.3 32.7 2141.2 -0.3549955785 0.2326364964 -0.9054602981 0.9075025320 0.3183789849 -0.2739963531 0.2245379835 -0.9189749956 -0.3241413236
-201.1 276.1 2465.3 -0.0365342684 -0.5348069668 -0.8441841006 0.3418928087 0.7870833278 -0.5134288073 0.9390285015 -0.3073782325 0.1540911347
-206.2 323.7 2595.9 0.7635177374 -0.5348069668 -0.3619699180 0.6059750915 0.7870833278 0.1152998433 0.2232373208 -0.3073782325 0.9250317216
-346.7 -97.9 2255.1 0.3190216720 0.0127657494 -0.9476614594 -0.0309912059 0.9995150566 0.0030313490 0.9472405910 0.0284021050 0.3192625940
-351.7 -489.4 2244.0 0.3102109730 0.1612233818 -0.9368970990 -0.0882112756 0.9861445427 0.1404908299 0.9465664029 0.0390630923 0.3201345801
-267.6 -109.5 2417.2 -0.9993059039 0.0205429457 0.0310765635 0.0132970950 0.9759555459 -0.2175638229 -0.0347987451 -0.2169995755 -0.9755512476
-275.7 -491.8 2502.2 -0.9993059039 0.0011790150 0.0372340605 0.0132970950 0.9449473023 0.3269521892 -0.0347987451 0.3272203505 -0.9443070889
-278.2 -205.6 2082.2 0 0 0 0 0 0 0 0 0
-10.9 478.7 2653.0 0 0 0 0 0 0 0 0 0
-412.4 -860.8 2229.2 0 0 0 0 0 0 0 0 0
-276.0 -783.2 2401.3 0 0 0 0 0 0 0 0 0
-247.2 482.1 2348.4 18 0.4565627575 0.1103093252 -0.8828263283 -0.0763975307 0.9934796691 0.0846257135 0.8864049911 0.0288087986 0.4620132148
-269.0 285.8 2342.7 0.4565627575 0.1103093252 -0.8828263283 -0.0763975307 0.9934796691 0.0846257135 0.8864049911 0.0288087986 0.4620132148
-288.4 91.0 2338.0 0.4575535059 0.0992248878 -0.8836284280 -0.0669964850 0.9947764874 0.0770143941 0.8866545558 0.0239617955 0.4618111849
-334.1 295.4 2216.4 0.1329783946 0.2859906554 -0.9489605427 0.9528493881 0.2266025543 0.2018151283 0.2727541029 -0.9310535192 -0.2423727810
-371.1 30.3 2140.5 -0.3598759472 0.2457570434 -0.9000515342 0.9030959010 0.3340351284 -0.2698856890 0.2343225181 -0.9099582434 -0.3421534002
-203.8 276.3 2468.9 -0.0279178061 -0.5168098211 -0.8556448817 0.3569356203 0.7943948507 -0.4914608300 0.9337117076 -0.3191306591 0.1622900814
-207.6 324.9 2596.0 0.7676423192 -0.5168098211 -0.3789891899 0.5950320363 0.7943948507 0.1219577789 0.2380380929 -0.3191306591 0.9173295498
-349.4 -99.6 2254.6 0.2967245877 0.0049590375 -0.9549502134 -0.0323554352 0.9994645715 -0.0048633651 0.9544147849 0.0323409103 0.2967261970
-351.3 -491.1 2242.0 0.2899904549 0.1671558619 -0.9423186779 -0.0736211911 0.9856072664 0.1521784514 0.9541935921 0.0252443235 0.2981229126
-263.0 -110.6 2412.8 -0.9979904890 0.0349337757 0.0528641492 0.0231612101 0.9776787758 -0.2088247389 -0.0589791946 -0.2071807086 -0.9765232205
-276.7 -493.5 2494.0 -0.9979945421 -0.0032968957 0.0632142872 0.0158514678 0.9538075328 0.2999999225 -0.0612833314 0.3004003167 -0.9518424273
-276.5 -207.3 2078.9 0 0 0 0 0 0 0 0 0
-11.2 477.1 2656.9 0 0 0 0 0 0 0 0 0
-414.3 -862.3 2232.5 0 0 0 0 0 0 0 0 0
-275.7 -783.1 2402.8 0 0 0 0 0 0 0 0 0
-247.9 482.3 2349.8 19 0.4677078128 0.1002216712 -0.8781827688 -0.0733409524 0.9945250154 0.0744387433 0.8808351159 0.0295911822 0.4724974632
-267.7 286.0 2344.0 0.4677078128 0.1002216712 -0.8781827688 -0.0733409524 0.9945250154 0.0744387433 0.8808351159 0.0295911822 0.4724974632
-285.4 91.0 2338.8 0.4684271812 0.0906795561 -0.8788362741 -0.0658417195 0.9955357909 0.0676265806 0.8810452819 0.0261859614 0.4723065197
-334.4 295.4 2218.5 0.1306266785 0.2734396458 -0.9529781938 0.9517415762 0.2346640229 0.1977897137 0.2777132392 -0.9328255653 -0.2295904905
-371.0 29.1 2140.8 -0.3615900874 0.2370832860 -0.9016895890 0.9028232098 0.3304515183 -0.2751582861 0.2327292711 -0.9135608077 -0.3335322738
-201.0 276.6 2469.5 0.0091127651 -0.5776581764 -0.8162279129 0.3040092587 0.7792245746 -0.5480761528 0.9526255131 -0.2431463450 0.1827143133
-199.8 316.2 2593.5 0.7367733717 -0.5776581764 -0.3513916135 0.6259539127 0.7792245746 0.0314769745 0.2556300461 -0.2431463450 0.9356992841
-349.1 -97.8 2253.2 0.3080991805 0.0054777307 -0.9513384700 -0.0316014104 0.9994904995 -0.0044794045 0.9508292079 0.0314437412 0.3081153333
-351.3 -489.3 2240.8 0.3006501794 0.1654439867 -0.9392751455 -0.0780556500 0.9858037233 0.1486549079 0.9505349994 0.0286226030 0.3092959225
-266.5 -109.9 2413.3 -0.9980188012 0.0262203515 0.0571927838 0.0135255363 0.9771819711 -0.2119728029 -0.0614457577 -0.2107792795 -0.9756006002
-276.7 -492.6 2495.9 -0.9980188012 -0.0059133759 0.0626382753 0.0135255363 0.9521315694 0.3053891957 -0.0614457577 0.3056313694 -0.9501652122
-275.7 -208.7 2079.5 0 0 0 0 0 0 0 0 0
-11.4 476.3 2658.9 0 0 0 0 0 0 0 0 0
-413.6 -860.6 2230.1 0 0 0 0 0 0 0 0 0
-274.9 -785.0 2402.0 0 0 0 0 0 0 0 0 0
-248.0 483.3 2350.5 20 0.4395504296 0.1020297557 -0.8924042583 -0.0742958859 0.9942528605 0.0770800784 0.8951399326 0.0324213840 0.4446046650
-268.2 286.6 2344.1 0.4395504296 0.1020297557 -0.8924042583 -0.0742958859 0.9942528605 0.0770800784 0.8951399326 0.0324213840 0.4446046650
-286.4 91.7 2338.7 0.4403692186 0.0927882791 -0.8930091262 -0.0659339428 0.9953017235 0.0709030330 0.8953924775 0.0276560988 0.4444181323
-330.9 296.0 2216.6 0.1426988244 0.3013965189 -0.9427604079 0.9518731236 0.2192458510 0.2141701281 0.2712464333 -0.9279500842 -0.2556051314
-371.0 28.6 2140.4 -0.3630273938 0.2559337318 -0.8959403038 0.9012484550 0.3405655026 -0.2678924799 0.2365636528 -0.9047170877 -0.3542945087
-205.5 277.2 2471.7 0.0328976884 -0.6051253676 -0.7954502106 0.2719286978 0.7712762356 -0.5754891634 0.9617549181 -0.1973734647 0.1899241656
-201.1 313.4 2599.7 0.7422047853 -0.6051253676 -0.2880196571 0.6362158060 0.7712762356 0.0190389846 0.2106217295 -0.1973734647 0.9574351907
-345.5 -98.0 2254.1 0.2780328095 0.0129612749 -0.9604841471 -0.0313098691 0.9994999170 0.0044244588 0.9600611925 0.0288424883 0.2782995999
-350.6 -489.5 2242.8 0.2701249123 0.1675872505 -0.9481281638 -0.0798146725 0.9852437377 0.1514081806 0.9595113993 0.0347754173 0.2795147896
-260.9 -109.9 2413.3 -0.9951487184 0.0430234261 0.0884759128 0.0229941271 0.9761162996 -0.2160282135 -0.0956570581 -0.2129457742 -0.9723702073
-277.7 -492.2 2496.7 -0.9951487184 -0.0075031067 0.0980953947 0.0229941271 0.9517329931 0.3060646355 -0.0956570581 0.3068354428 -0.9469433427
-275.3 -209.2 2078.0 0 0 0 0 0 0 0 0 0
-11.4 476.1 2653.6 0 0 0 0 0 0 0 0 0
-413.7 -860.6 2229.7 0 0 0 0 0 0 0 0 0
-275.4 -784.4 2402.5 0 0 0 0 0 0 0 0 0
-247.5 485.7 2350.9 21 0.4646219611 0.0930745602 -0.8806040883 -0.0729874000 0.9951021671 0.0666669086 0.8824960589 0.0332980938 0.4691396058
-265.9 288.8 2344.3 0.4646219611 0.0930745602 -0.8806040883 -0.0729874000 0.9951021671 0.0666669086 0.8824960589 0.0332980938 0.4691396058
-282.5 93.8 2338.7 0.4653519690 0.0845240727 -0.8810807467 -0.0648031458 0.9960120320 0.0613232367 0.8827503324 0.0285599139 0.4689735770
-332.2 298.1 2218.6 0.1384676248 0.2744053006 -0.9515925646 0.9517252445 0.2289109379 0.2044966668 0.2739449143 -0.9339708090 -0.2294616997
-371.4 28.5 2141.0 -0.3636830151 0.2355945408 -0.9012379646 0.9019790292 0.3307904601 -0.2775094211 0.2327412218 -0.9138232470 -0.3328042030
-199.6 279.6 2470.0 -0.0313772932 -0.5560060143 -0.8305857778 0.3046962023 0.7861199379 -0.5377505422 0.9519326091 -0.2699494958 0.1447466165
-203.8 319.7 2595.2 0.7524318099 -0.5560060143 -0.3531340957 0.6140296459 0.7861199379 0.0705907196 0.2383568883 -0.2699494958 0.9329057932
-344.3 -97.3 2252.4 0.3045493960 0.0172841139 -0.9523397088 -0.0315045863 0.9994710684 0.0080646314 0.9519754052 0.0275469888 0.3049328625
-351.1 -488.8 2241.6 0.2961790562 0.1620685756 -0.9412819743 -0.0852203816 0.9860523939 0.1429620683 0.9513229728 0.0378740355 0.3058596253
-264.8 -109.2 2414.2 -0.9973868132 0.0310014430 0.0652571172 0.0163190048 0.9765827060 -0.2145224065 -0.0703794807 -0.2128968835 -0.9745366573
-276.9 -491.7 2497.5 -0.9973868132 -0.0062230807 0.0719781518 0.0163190048 0.9511291385 0.3083617985 -0.0703794807 0.3087306023 -0.9485421181
-275.3 -209.7 2079.5 0 0 0 0 0 0 0 0 0
-11.3 476.7 2656.2 0 0 0 0 0 0 0 0 0
-412.1 -860.2 2227.3 0 0 0 0 0 0 0 0 0
-275.0 -783.7 2402.8 0 0 0 0 0 0 0 0 0
-248.5 484.5 2351.6 22 0.4738917351 0.0823604390 -0.8767231107 -0.0747428834 0.9957856536 0.0531448461 0.8774053454 0.0403439105 0.4780504704
-264.8 286.9 2343.6 0.4738917351 0.0823604390 -0.8767231107 -0.0747428834 0.9957856536 0.0531448461 0.8774053454 0.0403439105 0.4780504704
-280.4 91.8 2337.4 0.4746264815 0.0795810223 -0.8765823245 -0.0657045692 0.9963290095 0.0548764840 0.8777315021 0.0315496288 0.4781129658
-332.4 296.3 2218.5 0.1380403638 0.2637718618 -0.9546566010 0.9508652091 0.2344070822 0.2022588700 0.2771284580 -0.9356696606 -0.2184538394
-371.2 29.1 2140.7 -0.3628091812 0.2270394266 -0.9037823677 0.9016204476 0.3306076527 -0.2788892388 0.2354785055 -0.9160522223 -0.3246508539
-197.2 277.6 2468.6 -0.0639550164 -0.5220562816 -0.8505098820 0.3401162624 0.7898283005 -0.5103843808 0.9382060766 -0.3219138682 0.1270463467
-205.6 322.3 2592.0 0.7603321671 -0.5220562816 -0.3864611983 0.6019853950 0.7898283005 0.1174090654 0.2439438403 -0.3219138682 0.9148020744
-341.0 -95.5 2253.3 0.3145041466 0.0254467856 -0.9489149451 -0.0260328948 0.9994958639 0.0181749724 0.9488990903 0.0189868994 0.3150080442
-351.0 -487.0 2245.9 0.3024922609 0.1572018415 -0.9400989413 -0.1082696766 0.9855887890 0.1299710423 0.9469826221 0.0624689758 0.3151531518
-257.0 -107.1 2412.8 -0.9946870804 0.0505523644 0.0896773562 0.0279703941 0.9710676074 -0.2371610254 -0.0990718231 -0.2333927006 -0.9673224092
-276.8 -487.3 2504.2 -0.9946870804 -0.0058718505 0.1027768999 0.0279703941 0.9453988075 0.3247133493 -0.0990718231 0.3258628845 -0.9402117729
-275.1 -209.7 2078.3 0 0 0 0 0 0 0 0 0
-11.0 476.4 2654.4 0 0 0 0 0 0 0 0 0
-410.2 -858.1 2222.4 0 0 0 0 0 0 0 0 0
-274.9 -782.4 2402.5 0 0 0 0 0 0 0 0 0
-249.0 483.5 2351.4 23 0.4857423902 0.0892678499 -0.8695318103 -0.0747343078 0.9953702688 0.0604382046 0.8709013462 0.0356264636 0.4901649058
-266.7 286.7 2344.4 0.4857423902 0.0892678499 -0.8695318103 -0.0747343078 0.9953702688 0.0604382046 0.8709013462 0.0356264636 0.4901649058
-282.9 91.6 2338.6 0.4864777923 0.0829163641 -0.8697495461 -0.0662283301 0.9961220026 0.0579203591 0.8711791635 0.0294250883 0.4900826514
-336.0 296.1 2220.3 0.1311701536 0.2528008521 -0.9585855007 0.9508851171 0.2413883805 0.1937760711 0.2803781629 -0.9369223118 -0.2087216079
-372.4 32.3 2142.5 -0.3571603894 0.2194584161 -0.9078956246 0.9029612541 0.3297868073 -0.2755025029 0.2389506549 -0.9181931615 -0.3159492314
-197.4 277.2 2468.5 -0.0642441362 -0.5020697117 -0.8624376655 0.3649308085 0.7925456762 -0.4885661304 0.9288154840 -0.3461175859 0.1323042959
-205.5 323.7 2586.9 0.7600851655 -0.5020697117 -0.4125488698 0.5952972770 0.7925456762 0.1322593540 0.2605604231 -0.3461175859 0.9012829065
-338.9 -97.4 2251.9 0.3275745809 0.0307064354 -0.9443262219 -0.0224072747 0.9994431138 0.0247258637 0.9445595741 0.0130602121 0.3280802071
-350.9 -488.9 2246.8 0.3150911927 0.1646688730 -0.9346666336 -0.1038173065 0.9849029779 0.1385209858 0.9433660507 0.0533878207 0.3274297416
-253.1 -109.3 2410.5 -0.9945243001 0.0563688278 0.0880000815 0.0332973264 0.9690904021 -0.2444485277 -0.0990593135 -0.2401798368 -0.9656608701
-275.2 -488.8 2504.6 -0.9945243001 -0.0010960677 0.1045000404 0.0332973264 0.9445080161 0.3267965019 -0.0990593135 0.3284866214 -0.9392996430
-278.2 -205.7 2079.5 0 0 0 0 0 0 0 0 0
-11.0 476.1 2653.6 0 0 0 0 0 0 0 0 0
-412.9 -859.8 2226.7 0 0 0 0 0 0 0 0 0
-274.8 -780.7 2403.0 0 0 0 0 0 0 0 0 0
-250.0 483.6 2351.9 24 0.4477721751 0.0939633176 -0.8891968131 -0.0731581151 0.9949787855 0.0683013499 0.8911498189 0.0344685242 0.4523980021
-268.6 286.6 2345.0 0.4477721751 0.0939633176 -0.8891968131 -0.0731581151 0.9949787855 0.0683013499 0.8911498189 0.0344685242 0.4523980021
-286.0 91.6 2339.4 0.4484619498 0.0889306441 -0.8893667459 -0.0656504259 0.9956275225 0.0664518625 0.8913876414 0.0285861734 0.4523394108
-332.5 296.0 2218.1 0.1430461109 0.2924056947 -0.9455351233 0.9514685273 0.2223927379 0.2127184570 0.2724802494 -0.9300754666 -0.2464023978
-372.2 31.9 2142.5 -0.3583834767 0.2539434135 -0.8983730078 0.9062564373 0.3257172406 -0.2694577873 0.2241885513 -0.9107255340 -0.3468695283
-204.8 277.3 2471.9 0.0138088558 -0.4780155122 -0.8782428503 0.4166415632 0.8011958003 -0.4295288920 0.9089659452 -0.3599811494 0.2102247179
-203.1 326.2 2578.6 0.7534745336 -0.4780155122 -0.4514169693 0.5846657753 0.8011958003 0.1274802387 0.3007358611 -0.3599811494 0.8831599355
-343.1 -97.6 2254.1 0.2865605056 0.0211178567 -0.9578293562 -0.0321749561 0.9994052052 0.0124084987 0.9575217366 0.0272623319 0.2870695293
-351.4 -489.0 2243.4 0.2783571482 0.1581713706 -0.9473642707 -0.0860435665 0.9864877462 0.1394218355 0.9566158056 0.0427055359 0.2882055342
-255.2 -109.5 2411.6 -0.9928207397 0.0534371249 0.1070116386 0.0275324397 0.9727294445 -0.2303028852 -0.1164000928 -0.2257031798 -0.9672172070
-276.1 -490.5 2500.0 -0.9928207397 -0.0104973009 0.1191504225 0.0275324397 0.9493368864 0.3130517602 -0.1164000928 0.3140847981 -0.9422323108
-277.7 -207.0 2083.4 0 0 0 0 0 0 0 0 0
-10.4 475.8 2655.6 0 0 0 0 0 0 0 0 0
-411.0 -860.5 2227.4 0 0 0 0 0 0 0 0 0
-272.9 -778.9 2404.5 0 0 0 0 0 0 0 0 0
-248.2 482.2 2344.6 25 0.5157099962 0.0959122032 -0.8513777256 -0.0758715346 0.9949225783 0.0661251843 0.8533971310 0.0304939151 0.5203685164
-267.2 285.1 2338.5 0.5157099962 0.0959122032 -0.8513777256 -0.0758715346 0.9949225783 0.0661251843 0.8533971310 0.0304939151 0.5203685164
-283.8 90.0 2333.8 0.5167489648 0.0849645138 -0.8519105315 -0.0644350797 0.9961007833 0.0602603890 0.8537087440 0.0237534270 0.5202087760
-340.6 294.3 2217.3 0.1122127324 0.2212564647 -0.9687383175 0.9538683891 0.2492163479 0.1674104482 0.2784660757 -0.9428344369 -0.1830843091
-371.5 31.7 2140.6 -0.3578259945 0.2022813708 -0.9116154909 0.9090691209 0.2986021042 -0.2905686796 0.2134336680 -0.9326944947 -0.2907353342
-193.8 276.0 2459.8 -0.0945857093 -0.4521339536 -0.8869207501 0.3957951069 0.8003964424 -0.4502352178 0.9134548903 -0.3936246932 0.1032463387
-206.2 327.8 2579.4 0.7630813718 -0.4521339536 -0.4618242979 0.5756016970 0.8003964424 0.1674760580 0.2939209044 -0.3936246932 0.8710166812
-344.0 -97.5 2253.3 0.3603619933 0.0181597769 -0.9326357245 -0.0273987576 0.9995851517 0.0088767484 0.9324100614 0.0223542172 0.3607100844
-351.1 -489.0 2244.5 0.3491811752 0.1631106138 -0.9227499366 -0.1010988876 0.9855433702 0.1359531581 0.9315854907 0.0458167121 0.3606234789
-263.0 -109.3 2414.3 -0.9974370003 0.0314041562 0.0642900094 0.0167803708 0.9761425853 -0.2164811045 -0.0695546195 -0.2148474604 -0.9741677046
-275.3 -491.5 2498.4 -0.9974370003 -0.0056413170 0.0713274255 0.0167803708 0.9506400228 0.3098419011 -0.0695546195 0.3102446795 -0.9481088519
-277.1 -208.1 2084.3 0 0 0 0 0 0 0 0 0
-10.9 475.2 2654.6 0 0 0 0 0 0 0 0 0
-412.5 -860.2 2227.3 0 0 0 0 0 0 0 0 0
-273.5 -783.7 2403.0 0 0 0 0 0 0 0 0 0
-247.3 483.6 2340.9 26 0.5059935451 0.0928237289 -0.8575280309 -0.0596878044 0.9955773354 0.0725475550 0.8604695797 0.0144753689 0.5092961788
-265.7 286.5 2338.1 0.5059935451 0.0928237289 -0.8575280309 -0.0596878044 0.9955773354 0.0725475550 0.8604695797 0.0144753689 0.5092961788
-282.1 91.3 2336.1 0.5067708492 0.0835119709 -0.8580262661 -0.0509071834 0.9964588881 0.0669186711 0.8605764508 0.0097672725 0.5092276335
-337.8 293.7 2215.6 0.1228481233 0.2325011492 -0.9648064971 0.9542487860 0.2393753529 0.1791889966 0.2726125419 -0.9426784515 -0.1924571246
-371.5 31.6 2140.8 -0.3575960100 0.2138114423 -0.9090708494 0.9122547507 0.2882307768 -0.2910571992 0.1997908205 -0.9333850741 -0.2981206775
-193.6 279.3 2460.5 -0.0969417393 -0.4661261737 -0.8793910742 0.3718616366 0.8026040792 -0.4664178491 0.9232124686 -0.3722271621 0.0955286101
-206.0 326.7 2578.3 0.7622065544 -0.4661261737 -0.4491854608 0.5779181123 0.8026040792 0.1477745622 0.2916364968 -0.3722271621 0.8811328411
-346.9 -99.3 2252.2 0.3491736948 0.0130185317 -0.9369676113 -0.0299863741 0.9995466471 0.0027131962 0.9365780950 0.0271488838 0.3494057655
-352.0 -490.8 2241.6 0.3402867913 0.1604444981 -0.9265325069 -0.0884348452 0.9864289761 0.1383371800 0.9361539483 0.0348634422 0.3498576283
-253.8 -110.9 2406.0 -0.9938672781 0.0547496565 0.0960744098 0.0311552268 0.9722711444 -0.2317719012 -0.1060998067 -0.2273572832 -0.9680141807
-275.3 -491.5 2495.0 -0.9938672781 -0.0019886515 0.1105615795 0.0311552268 0.9542983174 0.2972273827 -0.1060998067 0.2988491356 -0.9483839273
-277.2 -209.1 2088.0 0 0 0 0 0 0 0 0 0
-10.8 474.7 2653.0 0 0 0 0 0 0 0 0 0
-412.5 -862.3 2228.5 0 0 0 0 0 0 0 0 0
-274.7 -785.3 2403.0 0 0 0 0 0 0 0 0 0
-247.5 484.6 2346.1 27 0.4825374782 0.0889302567 -0.8713489771 -0.0647048801 0.9957332015 0.0657925606 0.8734820485 0.0246331580 0.4862327874
-265.1 287.8 2341.2 0.4825374782 0.0889302567 -0.8713489771 -0.0647048801 0.9957332015 0.0657925606 0.8734820485 0.0246331580 0.4862327874
-281.0 92.6 2338.5 0.4836339653 0.0814083740 -0.8714762330 -0.0518800877 0.9965808988 0.0643035993 0.8737314343 0.0141128609 0.4862038493
-333.9 295.2 2216.9 0.1338398159 0.2560518980 -0.9573527575 0.9526895881 0.2327738851 0.1954451948 0.2728908360 -0.9382184148 -0.2127835602
-371.0 30.8 2141.1 -0.3587516248 0.2236752063 -0.9062376618 0.9056944847 0.3183337450 -0.2799662948 0.2258644849 -0.9212127924 -0.3167841434
-196.2 280.4 2465.6 -0.0972630158 -0.4776124656 -0.8731701970 0.3575197458 0.8020028472 -0.4785092473 0.9288269877 -0.3587168455 0.0927506760
-208.4 325.1 2581.6 0.7677266002 -0.4776124656 -0.4271793664 0.5795043111 0.8020028472 0.1447970569 0.2734421790 -0.3587168455 0.8924974203
-344.1 -99.2 2256.5 0.3238100111 0.0196423437 -0.9459182024 -0.0453508943 0.9989575148 0.0052190488 0.9450345635 0.0412082560 0.3243632317
-351.8 -490.5 2240.4 0.3178529441 0.1620602012 -0.9341873527 -0.0830756351 0.9862550497 0.1428266615 0.9444934726 0.0322103351 0.3269473314
-252.7 -108.4 2411.8 -0.9906777740 0.0585260540 0.1230131462 0.0304073673 0.9752281904 -0.2191013992 -0.1327890307 -0.2133183777 -0.9679164886
-275.6 -490.3 2495.4 -0.9907341003 -0.0019262623 0.1358020753 0.0388950109 0.9539954662 0.2972874939 -0.1301272213 0.2998148799 -0.9450809360
-276.1 -208.8 2081.4 0 0 0 0 0 0 0 0 0
-11.8 473.4 2651.6 0 0 0 0 0 0 0 0 0
-412.9 -861.9 2228.3 0 0 0 0 0 0 0 0 0
-275.0 -785.5 2402.6 0 0 0 0 0 0 0 0 0
-247.1 485.7 2348.7 28 0.4811165333 0.0924950913 -0.8717634678 -0.0703912377 0.9952834845 0.0667525604 0.8738260269 0.0292487498 0.4853581786
-265.4 288.8 2342.9 0.4811165333 0.0924950913 -0.8717634678 -0.0703912377 0.9952834845 0.0667525604 0.8738260269 0.0292487498 0.4853581786
-281.5 93.7 2338.4 0.4820262194 0.0826008245 -0.8722544312 -0.0600440912 0.9963198304 0.0611679442 0.8740969300 0.0228891727 0.4852119684
-334.0 297.4 2218.4 0.1315302402 0.2579066455 -0.9571749568 0.9509294629 0.2399587929 0.1953278631 0.2800589204 -0.9358974099 -0.2136891931
-370.9 31.0 2140.0 -0.3588871062 0.2280306369 -0.9050978422 0.9059036374 0.3186523914 -0.2789252400 0.2248080969 -0.9200340509 -0.3209340274
-196.7 280.3 2467.4 -0.0793539658 -0.4680090249 -0.8801536560 0.3767426610 0.8033723235 -0.4611484706 0.9229127169 -0.3681854010 0.1125681922
-206.3 325.9 2579.2 0.7615702748 -0.4680090249 -0.4483059347 0.5779998302 0.8033723235 0.1432102174 0.2931329012 -0.3681854010 0.8823336363
-340.6 -97.9 2256.8 0.3221851885 0.0279207975 -0.9462648034 -0.0498137102 0.9986802340 0.0125067616 0.9453651905 0.0431074686 0.3231508136
-351.5 -489.0 2239.9 0.3166924417 0.1624798626 -0.9345085025 -0.0843802094 0.9861392379 0.1428613961 0.9447676539 0.0336109027 0.3260129392
-253.3 -107.2 2414.6 -0.9932936430 0.0568435527 0.1006806269 0.0341513157 0.9761884212 -0.2142193019 -0.1104602441 -0.2093442827 -0.9715830088
-275.5 -489.5 2496.6 -0.9932936430 -0.0011447577 0.1156134382 0.0341513157 0.9524287581 0.3028418124 -0.1104602441 0.3047592044 -0.9460023046
-275.7 -209.2 2080.4 0 0 0 0 0 0 0 0 0
-11.3 473.9 2654.2 0 0 0 0 0 0 0 0 0
-412.7 -860.5 2227.3 0 0 0 0 0 0 0 0 0
-275.2 -784.0 2402.3 0 0 0 0 0 0 0 0 0
-247.6 485.6 2350.0 29 0.4544998109 0.0982433707 -0.8853124380 -0.0699189827 0.9947672486 0.0744947419 0.8879984617 0.0280422978 0.4589906037
-267.0 288.9 2344.4 0.4544998109 0.0982433707 -0.8853124380 -0.0699189827 0.9947672486 0.0744947419 0.8879984617 0.0280422978 0.4589906037
-284.5 93.9 2340.2 0.4554139376 0.0895779207 -0.8857617974 -0.0602313690 0.9957457185 0.0697327703 0.8882400393 0.0215933677 0.4588718712
-331.8 297.5 2217.9 0.1407084614 0.2862373888 -0.9477707148 0.9512891173 0.2261535525 0.2095317245 0.2743175030 -0.9310868382 -0.2404727936
-371.2 31.5 2141.3 -0.3532185853 0.2514280081 -0.9011218548 0.9088170528 0.3207918704 -0.2667286694 0.2220094949 -0.9131684303 -0.3418117166
-202.1 280.3 2470.9 -0.0327785872 -0.5091311336 -0.8600645661 0.3758235276 0.7910935879 -0.4826257527 0.9261113405 -0.3390522897 0.1654125303
-205.9 323.6 2577.6 0.7549095750 -0.5091311336 -0.4133969545 0.5996585488 0.7910935879 0.1207499281 0.2655581236 -0.3390522897 0.9025089741
-341.3 -96.0 2255.0 0.2939013541 0.0267073046 -0.9554625750 -0.0390805602 0.9991094470 0.0159061085 0.9550365210 0.0326651856 0.2946833670
-351.7 -487.3 2242.2 0.2857719064 0.1608013511 -0.9447101951 -0.0915203393 0.9858947396 0.1401268542 0.9539174438 0.0464158803 0.2964576185
-254.2 -106.9 2412.9 -0.9904295206 0.0511101149 0.1282072067 0.0229485855 0.9769601226 -0.2121845335 -0.1360981166 -0.2072116584 -0.9687830806
-274.2 -489.5 2494.1 -0.9905900359 0.0032821109 0.1368231177 0.0436065756 0.9551801682 0.2927957773 -0.1297297478 0.2960069776 -0.9463350773
-277.6 -209.2 2082.4 0 0 0 0 0 0 0 0 0
-12.7 477.1 2645.5 0 0 0 0 0 0 0 0 0
-412.3 -858.7 2224.7 0 0 0 0 0 0 0 0 0
-275.2 -781.8 2403.5 0 0 0 0 0 0 0 0 0
-247.8 485.8 2350.6 30 0.4798162580 0.0931644291 -0.8724085689 -0.0760626867 0.9950196147 0.0644243062 0.8740656972 0.0354459137 0.4845129251
-266.3 288.8 2343.6 0.4798162580 0.0931644291 -0.8724085689 -0.0760626867 0.9950196147 0.0644243062 0.8740656972 0.0354459137 0.4845129251
-282.8 93.7 2337.8 0.4806603789 0.0840755627 -0.8728670478 -0.0665803254 0.9960188866 0.0592740029 0.8743755817 0.0296251066 0.4843446016
-334.7 298.3 2219.1 0.1302997917 0.2585607171 -0.9571667910 0.9516104460 0.2383815348 0.1939377189 0.2783155739 -0.9361199737 -0.2149880230
-371.3 31.4 2141.0 -0.3561941385 0.2292840332 -0.9058446884 0.9074237943 0.3161850274 -0.2767834961 0.2229525000 -0.9205736518 -0.3206810355
-197.8 279.4 2468.1 -0.0699718520 -0.5403849483 -0.8385034800 0.3401977718 0.7772460580 -0.5292957425 0.9377470016 -0.3222928345 0.1294523925
-206.5 321.4 2584.0 0.7534304857 -0.5403849483 -0.3746020198 0.6175017357 0.7772460580 0.1207482740 0.2259074003 -0.3222928345 0.9192894697
-343.2 -95.7 2255.7 0.3214041889 0.0238350704 -0.9466421008 -0.0280909874 0.9994831681 0.0156280715 0.9465253353 0.0215691850 0.3219076395
-352.5 -487.2 2247.3 0.3090663552 0.1569970548 -0.9379925132 -0.1131058708 0.9853482842 0.1276551336 0.9442907572 0.0666385442 0.3222952783
-260.9 -106.6 2416.2 -0.9941781759 0.0335147716 0.1024034470 0.0131690558 0.9810644388 -0.1932333708 -0.1069405526 -0.1907598376 -0.9757942557
-274.1 -490.7 2490.9 -0.9943224788 0.0064694998 0.1062117890 0.0368632898 0.9572829008 0.2867935598 -0.0998193175 0.2890805900 -0.9520863891
-276.9 -209.1 2081.9 0 0 0 0 0 0 0 0 0
-13.8 479.3 2641.8 0 0 0 0 0 0 0 0 0
-411.7 -858.2 2222.2 0 0 0 0 0 0 0 0 0
-276.0 -783.2 2402.6 0 0 0 0 0 0 0 0 0
-248.2 485.2 2351.5 31 0.4954780936 0.0986693427 -0.8629981875 -0.0862626880 0.9942053556 0.0641441867 0.8643264771 0.0426625051 0.5011184216
-267.7 288.6 2343.0 0.4954780936 0.0986693427 -0.8629981875 -0.0862626880 0.9942053556 0.0641441867 0.8643264771 0.0426625051 0.5011184216
-285.5 93.7 2335.8 0.4963100553 0.0908339992 -0.8633802533 -0.0775286704 0.9951750636 0.0601327941 0.8646765947 0.0370922126 0.5009576082
-338.4 299.6 2219.9 0.1176505387 0.2427160889 -0.9629367590 0.9528636336 0.2454822212 0.1782956123 0.2796590626 -0.9385240674 -0.2023942322
-371.5 32.0 2141.3 -0.3517035246 0.2190302908 -0.9101265669 0.9098088145 0.3088298738 -0.2772579789 0.2203463763 -0.9255537987 -0.3078922331
-197.0 277.5 2466.2 -0.0708430260 -0.5536338091 -0.8297414780 0.3381624520 0.7692414522 -0.5421381593 0.9384174943 -0.3189941049 0.1327227652
-206.0 320.6 2585.6 0.7521784306 -0.5536338091 -0.3573755026 0.6263063550 0.7692414522 0.1265225857 0.2048608512 -0.3189941049 0.9253512025
-342.7 -95.3 2253.0 0.3388890326 0.0233709142 -0.9405360222 -0.0301623270 0.9994474053 0.0139668416 0.9403427243 0.0236355457 0.3394066989
-351.8 -486.8 2243.7 0.3291161358 0.1609770656 -0.9304670691 -0.0944923833 0.9860306382 0.1371669769 0.9395497441 0.0427781828 0.3397297263
-255.8 -107.3 2410.9 -0.9955503941 0.0465760715 0.0819154233 0.0280734394 0.9764305353 -0.2139984518 -0.0899519250 -0.2107466012 -0.9733933210
-274.1 -489.6 2493.4 -0.9955120087 0.0087459544 0.0942303017 0.0361393020 0.9553906918 0.2931254804 -0.0874630958 0.2952153683 -0.9514189959
-278.3 -208.9 2083.0 0 0 0 0 0 0 0 0 0
-13.6 480.8 2638.0 0 0 0 0 0 0 0 0 0
-412.4 -858.1 2227.6 0 0 0 0 0 0 0 0 0
-276.8 -783.0 2402.8 0 0 0 0 0 0 0 0 0
-248.7 483.3 2351.9 32 0.4956890941 0.1022106260 -0.8624646664 -0.0914841518 0.9936710596 0.0651806891 0.8636683226 0.0465924889 0.5019025803
-268.9 286.8 2342.7 0.4956890941 0.1022106260 -0.8624646664 -0.0914841518 0.9936710596 0.0651806891 0.8636683226 0.0465924889 0.5019025803
-287.2 91.9 2334.8 0.4966693819 0.0935410336 -0.8628844619 -0.0815263540 0.9948078394 0.0609162748 0.8641024232 0.0400925763 0.5017166734
-339.7 298.4 2219.5 0.1143383235 0.2422462106 -0.9634539485 0.9540655017 0.2435598969 0.1744636744 0.2769219279 -0.9391461015 -0.2032705247
-371.7 31.1 2142.0 -0.3570442796 0.2140014768 -0.9092429280 0.9055598378 0.3180302382 -0.2807456851 0.2290867716 -0.9236125350 -0.3073420227
-198.1 275.1 2465.8 -0.0580729991 -0.5244213939 -0.8494761586 0.3690625131 0.7793529630 -0.5063613653 0.9275884628 -0.3429157436 0.1482849121
