-20.6 319.7 2858.5 0 -0.2061774284 -0.0279444382 -0.9781154990 -0.1522824317 0.9883294702 0.0038634387 0.9665924311 0.1497463584 -0.2080266774
-15.1 125.8 2829.1 -0.2061774284 -0.0279444382 -0.9781154990 -0.1522824317 0.9883294702 0.0038634387 0.9665924311 0.1497463584 -0.2080266774
-10.6 -66.7 2804.1 -0.2067362219 -0.0235508233 -0.9781132340 -0.1307997853 0.9914016128 0.0037753573 0.9696141481 0.1287174970 -0.2080390602
13.1 143.6 2697.0 -0.7496864796 -0.6602228880 -0.0455618501 -0.3886298239 0.4949245155 -0.7771850228 0.5356650352 -0.5649384260 -0.6276205182
213.8 247.6 2553.6 -0.5744593143 -0.6602228880 0.4838411212 -0.8173131943 0.4949245155 -0.2950403690 -0.0446724147 -0.5649384260 -0.8239229321
-43.3 108.0 2961.3 0.0751843229 0.5030096173 -0.8610044122 -0.9814818501 0.1898863465 0.0252293888 0.1761836112 0.8431633711 0.5079712868
-24.0 -144.9 3006.6 0.1885383874 0.5063099265 -0.8414888978 -0.9781585336 0.1731740981 -0.1149637029 0.0875168145 0.8447846174 0.5279012918
10.6 -239.3 2691.9 -0.8414208293 0.2996381223 0.4496976435 0.2264325917 0.9511066079 -0.2100582570 -0.4906518757 -0.0749211907 -0.8681287766
-105.7 -608.6 2721.0 -0.8522197008 0.0383158028 0.5217791200 0.1082838252 0.9886375666 0.1042609066 -0.5118556023 0.1453534365 -0.8466854095
-18.9 -263.3 2866.4 -0.7532520890 0.0570754409 0.6552509069 0.0600036308 0.9980366230 -0.0179557558 -0.6549892426 0.0257922206 -0.7551978827
-41.1 -650.5 2856.4 -0.7547920346 0.0482589491 0.6541865468 0.0336047485 0.9988253117 -0.0349100195 -0.6551028490 -0.0043660300 -0.7555271387
368.9 468.3 2565.6 0 0 0 0 0 0 0 0 0
25.2 -400.0 3029.5 0 0 0 0 0 0 0 0 0
-119.2 -955.6 2670.0 0 0 0 0 0 0 0 0 0
-59.1 -1022.7 2858.0 0 0 0 0 0 0 0 0 0
-18.9 319.6 2860.2 1 -0.2180327624 -0.0209893752 -0.9757156968 -0.1510475576 0.9884476066 0.0124897230 0.9641817212 0.1501026452 -0.2186843455
-14.8 125.7 2830.8 -0.2180327624 -0.0209893752 -0.9757156968 -0.1510475576 0.9884476066 0.0124897230 0.9641817212 0.1501026452 -0.2186843455
-11.0 -66.7 2805.1 -0.2183912247 -0.0196230896 -0.9756639600 -0.1335757077 0.9909884930 0.0099680908 0.9666761756 0.1325019449 -0.2190443575
15.0 143.9 2698.9 -0.7329500318 -0.6795009375 -0.0325997137 -0.4282752872 0.4981346726 -0.7539510131 0.5285494328 -0.5386467576 -0.6561212540
217.9 262.4 2552.6 -0.5769674182 -0.6795009375 0.4531965554 -0.8163181543 0.4981346726 -0.2923808396 -0.0270798728 -0.5386467576 -0.8420963883
-44.6 107.5 2962.7 0.0679727867 0.4944463074 -0.8665463328 -0.9825184941 0.1840548664 0.0279508810 0.1733122766 0.8494978547 0.4983133674
-27.1 -145.7 3007.3 0.1824601442 0.4976453483 -0.8479725122 -0.9794585109 0.1672988683 -0.1125704348 0.0858446881 0.8510935307 0.5179483294
12.5 -247.4 2692.5 -0.8361927867 0.3007886112 0.4585932791 0.2279528528 0.9511503577 -0.2082077265 -0.4988176823 -0.0695641562 -0.8639107347
-104.3 -616.7 2719.5 -0.8464887738 0.0424781553 0.5307092667 0.1166032702 0.9874031544 0.1069517657 -0.5194809437 0.1524159014 -0.8407787681
-24.5 -270.8 2865.8 -0.7465443611 0.0452741198 0.6637935042 0.0466723293 0.9987879395 -0.0156317893 -0.6636966467 0.0193109643 -0.7477525473
-42.1 -658.4 2858.3 -0.7471361160 0.0450069346 0.6631454825 0.0347257294 0.9989854097 -0.0286760945 -0.6637632847 0.0016032648 -0.7479409575
374.4 483.8 2560.0 0 0 0 0 0 0 0 0 0
20.5 -401.2 3029.7 0 0 0 0 0 0 0 0 0
-119.0 -958.7 2666.7 0 0 0 0 0 0 0 0 0
-58.9 -1031.0 2857.7 0 0 0 0 0 0 0 0 0
-16.8 321.7 2861.6 2 -0.2606660128 -0.0229380522 -0.9651564956 -0.1532564312 0.9880241752 0.0179094207 0.9531871080 0.1525848210 -0.2610597312
-12.3 127.7 2831.6 -0.2606660128 -0.0229380522 -0.9651564956 -0.1532564312 0.9880241752 0.0179094207 0.9531871080 0.1525848210 -0.2610597312
-8.5 -64.6 2805.3 -0.2610377669 -0.0194691177 -0.9651322365 -0.1359115094 0.9905788898 0.0167773273 0.9557129741 0.1355520934 -0.2612245977
23.3 146.2 2701.3 -0.7162574530 -0.6972297430 -0.0290857051 -0.4558765292 0.4990608096 -0.7369633317 0.5283482671 -0.5145959258 -0.6753066778
223.4 273.6 2553.7 -0.5610794425 -0.6972297430 0.4461619854 -0.8267184496 0.4990608096 -0.2597593069 -0.0415500440 -0.5145959258 -0.8564254642
-47.9 109.2 2962.0 0.0545767620 0.4581043422 -0.8872213960 -0.9835795164 0.1777452379 0.0312721096 0.1720252782 0.8709460497 0.4602828324
-33.8 -144.2 3006.3 0.1727397442 0.4611312747 -0.8703556657 -0.9808788896 0.1609652042 -0.1093928367 0.0896525159 0.8726099730 0.4801190197
12.4 -247.1 2692.8 -0.8187904954 0.3038991988 0.4870599508 0.2149426192 0.9489706159 -0.2307692319 -0.5323361754 -0.0842617080 -0.8423290253
-105.6 -615.5 2725.6 -0.8255828619 0.0372878164 0.5630475879 0.1260778159 0.9847785234 0.1196478680 -0.5500157475 0.1697670370 -0.8177174330
-26.7 -271.0 2865.8 -0.7173839211 0.0342163369 0.6958372593 0.0368407629 0.9992588758 -0.0111549189 -0.6957032681 0.0176328160 -0.7181128263
-40.0 -658.8 2859.0 -0.7163886428 0.0631040707 0.6948418617 0.0543265007 0.9979229569 -0.0346181132 -0.6955831647 0.0129483035 -0.7183288932
376.4 499.0 2565.1 0 0 0 0 0 0 0 0 0
11.2 -400.1 3029.7 0 0 0 0 0 0 0 0 0
-118.7 -960.4 2666.1 0 0 0 0 0 0 0 0 0
-63.5 -1031.1 2854.1 0 0 0 0 0 0 0 0 0
-15.5 324.1 2862.3 3 -0.3060932457 -0.0292094778 -0.9515533447 -0.1654762328 0.9859463573 0.0229647402 0.9375097752 0.1644888073 -0.3066249788
-9.7 130.0 2829.9 -0.3060932457 -0.0292094778 -0.9515533447 -0.1654762328 0.9859463573 0.0229647402 0.9375097752 0.1644888073 -0.3066249788
-5.2 -62.2 2802.9 -0.3067770004 -0.0231787805 -0.9514991641 -0.1396867782 0.9899746776 0.0209209695 0.9414751530 0.1393299252 -0.3069392443
32.1 149.0 2701.5 -0.7031069994 -0.7110813260 -0.0019610098 -0.4751036465 0.4718239903 -0.7427372932 0.5290718675 -0.5212920904 -0.6695801020
223.1 278.1 2557.8 -0.5562229753 -0.7110813260 0.4300921857 -0.8310070038 0.4718239903 -0.2946344614 0.0065812692 -0.5212920904 -0.8533529639
-51.6 110.9 2958.3 0.0436177924 0.4164598584 -0.9081071615 -0.9845495820 0.1722147614 0.0316886157 0.1695865095 0.8926943541 0.4175370336
-40.3 -142.7 3002.0 0.1655443460 0.4193560779 -0.8926004767 -0.9818080664 0.1554255038 -0.1090679988 0.0929945484 0.8944179416 0.4374569952
18.7 -244.7 2693.5 -0.7890046835 0.3278746605 0.5195862055 0.2282856852 0.9416038990 -0.2475231290 -0.5704009533 -0.0766828060 -0.8177790046
-108.6 -610.1 2723.3 -0.7967871428 0.0276910514 0.6036252975 0.1214033887 0.9859161377 0.1150243431 -0.5919387937 0.1649320722 -0.7889270782
-28.1 -269.0 2864.5 -0.6837477088 0.0287946556 0.7291501760 0.0260858778 0.9995470047 -0.0150112463 -0.7292521000 0.0087566180 -0.6841890812
-39.2 -657.0 2861.1 -0.6813516617 0.0694646090 0.7286525965 0.0700126067 0.9971071482 -0.0295894910 -0.7286001444 0.0308540165 -0.6842440367
375.1 505.2 2556.0 0 0 0 0 0 0 0 0 0
2.9 -398.8 3026.2 0 0 0 0 0 0 0 0 0
-118.5 -961.6 2664.5 0 0 0 0 0 0 0 0 0
-65.2 -1029.1 2849.6 0 0 0 0 0 0 0 0 0
-14.4 330.9 2861.1 4 -0.3574232161 -0.0314932019 -0.9334113598 -0.1662695557 0.9856112003 0.0304137580 0.9190229177 0.1660684794 -0.3575167060
-8.2 137.1 2828.5 -0.3574232161 -0.0314932019 -0.9334113598 -0.1662695557 0.9856112003 0.0304137580 0.9190229177 0.1660684794 -0.3575167060
-3.6 -55.1 2801.3 -0.3581819534 -0.0238765553 -0.9333464503 -0.1391993314 0.9898657203 0.0280968659 0.9232167602 0.1399849951 -0.3578756452
40.6 156.0 2702.7 -0.6770378947 -0.7340391874 -0.0529733114 -0.4779537022 0.4932888150 -0.7267918587 0.5596248507 -0.4667468071 -0.6848119497
218.4 281.6 2555.7 -0.5696872473 -0.7340391874 0.3696524203 -0.8213902116 0.4932888150 -0.2863289416 0.0278312676 -0.4667468071 -0.8839529753
-57.1 118.1 2954.3 0.0275773592 0.3687648773 -0.9291135073 -0.9851571918 0.1675609350 0.0372640751 0.1694248170 0.9142952561 0.3679122627
-50.0 -135.7 2997.9 0.1534262598 0.3714454472 -0.9156902432 -0.9831305146 0.1507550478 -0.1035729647 0.0995732248 0.9161338210 0.3883091509
26.8 -241.9 2691.7 -0.7618563771 0.3362075090 0.5536599755 0.2168783695 0.9378140569 -0.2710507810 -0.6103594303 -0.0864249021 -0.7873957753
-103.7 -605.9 2725.2 -0.7674109936 0.0395252332 0.6399359703 0.1392066479 0.9845601916 0.1061258391 -0.6258608699 0.1705254763 -0.7610645294
-28.1 -266.8 2860.0 -0.6442053318 0.0328782648 0.7641456127 0.0003949972 0.9990898371 -0.0426540188 -0.7648524642 -0.0271761119 -0.6436319947
-40.9 -654.4 2870.6 -0.6418170929 0.0554534197 0.7648501396 0.0894719437 0.9959852099 0.0028683236 -0.7616203427 0.0702735633 -0.6442018747
374.3 506.3 2548.0 0 0 0 0 0 0 0 0 0
-9.9 -392.2 3023.9 0 0 0 0 0 0 0 0 0
-118.0 -962.1 2663.5 0 0 0 0 0 0 0 0 0
-61.5 -1025.8 2844.4 0 0 0 0 0 0 0 0 0
-14.1 333.3 2860.5 5 -0.3928215206 -0.0317044444 -0.9190680385 -0.1671317220 0.9852231741 0.0374476984 0.9042998552 0.1683156788 -0.3923156857
-7.8 139.8 2827.5 -0.3928215206 -0.0317044444 -0.9190680385 -0.1671317220 0.9852231741 0.0374476984 0.9042998552 0.1683156788 -0.3923156857
-2.9 -52.4 2800.2 -0.3936281502 -0.0252191257 -0.9189237356 -0.1391457021 0.9897403717 0.0324415155 0.9086778164 0.1406341791 -0.3930988312
45.8 158.7 2703.6 -0.6631552577 -0.7449341416 -0.0727887601 -0.4942137003 0.5088329911 -0.7048701048 0.5621191263 -0.4314651191 -0.7055919170
222.6 290.4 2553.8 -0.5646269321 -0.7449341416 0.3553442955 -0.8253449202 0.5088329911 -0.2447341979 0.0014999709 -0.4314651191 -0.9021283984
-61.5 120.8 2951.4 0.0171270333 0.3343535662 -0.9422920942 -0.9854952693 0.1647850871 0.0405584127 0.1688365340 0.9279296994 0.3323261440
-57.1 -133.1 2994.9 0.1456118971 0.3368960023 -0.9302141070 -0.9838811755 0.1479614526 -0.1004254594 0.1038028821 0.9298432469 0.3530105948
33.1 -234.8 2691.6 -0.7395538092 0.3363072872 0.5830588341 0.2143798470 0.9388107657 -0.2695842385 -0.6380450130 -0.0743759796 -0.7663985491
-97.5 -599.2 2720.5 -0.7451134324 0.0550430231 0.6646625400 0.1468485594 0.9856709242 0.0829962939 -0.6505701542 0.1594463885 -0.7425196171
-31.0 -259.7 2856.7 -0.6149077415 0.0273680352 0.7881239653 -0.0049191881 0.9992450476 -0.0385373645 -0.7885836959 -0.0275738556 -0.6143088937
-41.6 -647.5 2867.4 -0.6130578518 0.0476846471 0.7885976434 0.0702255219 0.9975147247 -0.0057238694 -0.7869107127 0.0518706180 -0.6148829460
378.3 518.1 2553.4 0 0 0 0 0 0 0 0 0
-19.1 -389.8 3022.0 0 0 0 0 0 0 0 0 0
-117.6 -960.0 2662.1 0 0 0 0 0 0 0 0 0
-59.4 -1019.6 2848.0 0 0 0 0 0 0 0 0 0
-16.7 337.1 2861.3 6 -0.4315358102 -0.0348284170 -0.9014232159 -0.1712321341 0.9842501879 0.0439448655 0.8856954575 0.1733164042 -0.4307029247
-9.9 143.6 2827.2 -0.4315358102 -0.0348284170 -0.9014232159 -0.1712321341 0.9842501879 0.0439448655 0.8856954575 0.1733164042 -0.4307029247
-4.1 -48.3 2798.3 -0.4323285818 -0.0294620730 -0.9012346864 -0.1469066590 0.9884139895 0.0381601155 0.8896687031 0.1488950849 -0.4316478074
49.1 163.6 2705.9 -0.6585948467 -0.7508438826 -0.0498633720 -0.4902803898 0.4784248471 -0.7285155058 0.5708572865 -0.4553495049 -0.6832121611
225.7 295.1 2552.8 -0.5513268113 -0.7508438826 0.3636924922 -0.8336272240 0.4784248471 -0.2759987712 0.0332324579 -0.4553495049 -0.8896923065
-68.8 123.5 2948.5 0.0083165374 0.2946989536 -0.9555539489 -0.9870740771 0.1553652138 0.0393247567 0.1600488126 0.9428755045 0.2921817899
-66.7 -130.8 2989.7 0.1394691765 0.2971303761 -0.9445961714 -0.9851056933 0.1385194510 -0.1018779799 0.1005738974 0.9447358847 0.3120239973
37.2 -232.1 2691.7 -0.7166474462 0.3436581194 0.6068900824 0.2072308511 0.9357981086 -0.2851969004 -0.6659368277 -0.0786192715 -0.7418538928
-96.2 -595.3 2722.2 -0.7209489942 0.0566759370 0.6906666160 0.1523333192 0.9852334261 0.0781643763 -0.6760377884 0.1615640670 -0.7189366817
-33.2 -256.9 2854.2 -0.5806754231 0.0183786582 0.8139277101 0.0036176604 0.9997935295 -0.0199946221 -0.8141270876 -0.0086658727 -0.5806220174
-40.4 -645.0 2857.5 -0.5792773366 0.0584653355 0.8130311370 0.0313035585 0.9982842803 -0.0494834483 -0.8145292401 -0.0032138703 -0.5801135898
378.4 526.0 2543.6 0 0 0 0 0 0 0 0 0
-30.3 -387.8 3016.0 0 0 0 0 0 0 0 0 0
-117.5 -965.2 2661.5 0 0 0 0 0 0 0 0 0
-62.2 -1016.9 2858.7 0 0 0 0 0 0 0 0 0
-14.5 335.6 2863.1 7 -0.4539948106 -0.0318032019 -0.8904365301 -0.1713271439 0.9838296175 0.0522133857 0.8743773103 0.1762605608 -0.4521023035
-8.3 142.5 2828.5 -0.4539948106 -0.0318032019 -0.8904365301 -0.1713271439 0.9838296175 0.0522133857 0.8743773103 0.1762605608 -0.4521023035
-3.2 -49.3 2799.0 -0.4547006488 -0.0258513484 -0.8902691007 -0.1471871138 0.9880157113 0.0464854240 0.8783981204 0.1521730870 -0.4530563653
53.8 162.5 2708.6 -0.6455552578 -0.7604163289 -0.0708904266 -0.5034796000 0.4935419858 -0.7091717720 0.5742532015 -0.4221176803 -0.7014626861
229.8 299.8 2552.1 -0.5578146577 -0.7604163289 0.3325806260 -0.8292126060 0.4935419858 -0.2623409927 0.0353458822 -0.4221176803 -0.9058517218
-70.3 122.4 2948.4 -0.0027935421 0.2730131447 -0.9620062709 -0.9877107143 0.1495788693 0.0453180112 0.1562682241 0.9503104687 0.2692401707
-71.0 -132.1 2988.6 0.1298494786 0.2752786279 -0.9525548816 -0.9864845276 0.1326943338 -0.0961273685 0.0999368355 0.9521627426 0.2887884080
40.3 -227.0 2689.9 -0.7076402307 0.3420305252 0.6182721257 0.1914837807 0.9351159334 -0.2981479466 -0.6801318526 -0.0925923809 -0.7272189260
-92.5 -590.0 2725.8 -0.7098069787 0.0670677051 0.7011960745 0.1638806909 0.9838645458 0.0717889369 -0.6850672960 0.1658687890 -0.7093450427
-37.0 -253.3 2849.0 -0.5612277389 -0.0038952145 0.8276522756 -0.0237608161 0.9996525645 -0.0114074089 -0.8273202777 -0.0260678474 -0.5611253381
-35.5 -641.2 2859.1 -0.5574397445 0.0727591887 0.8270229697 0.0480496399 0.9973099828 -0.0553535819 -0.8288257718 0.0088818669 -0.5594363213
385.1 530.6 2542.2 0 0 0 0 0 0 0 0 0
-37.2 -389.4 3014.7 0 0 0 0 0 0 0 0 0
-118.0 -964.4 2662.7 0 0 0 0 0 0 0 0 0
-62.6 -1013.1 2855.8 0 0 0 0 0 0 0 0 0
-16.0 335.3 2863.0 8 -0.4806399643 -0.0390136167 -0.8760497570 -0.1753776073 0.9831036925 0.0524388663 0.8592019081 0.1788437217 -0.4793610275
-8.4 142.4 2828.0 -0.4806399643 -0.0390136167 -0.8760497570 -0.1753776073 0.9831036925 0.0524388663 0.8592019081 0.1788437217 -0.4793610275
-2.0 -49.2 2797.6 -0.4814632237 -0.0327714905 -0.8758534193 -0.1527817845 0.9871393442 0.0470498614 0.8630474210 0.1564672291 -0.4802781641
57.3 163.3 2710.2 -0.6365437508 -0.7680101991 -0.0705151483 -0.5055088997 0.4845265746 -0.7139291167 0.5824713111 -0.4188010991 -0.6966583729
231.2 301.3 2551.1 -0.5603874922 -0.7680101991 0.3100422323 -0.8249899745 0.4845265746 -0.2909046710 0.0731940493 -0.4188010991 -0.9051233530
-74.1 121.6 2945.7 -0.0054520043 0.2430004925 -0.9700108171 -0.9885097146 0.1452234089 0.0419363528 0.1510588378 0.9590938091 0.2394165993
-75.5 -133.1 2984.7 0.1288873404 0.2452449203 -0.9608553648 -0.9867166877 0.1283353418 -0.0996005163 0.0988851786 0.9609292150 0.2585280538
42.5 -227.9 2690.8 -0.6857388020 0.3452470303 0.6407548785 0.1959050894 0.9354035854 -0.2943490446 -0.7009875178 -0.0763194114 -0.7090781927
-91.5 -591.0 2720.5 -0.6893123984 0.0703147948 0.7210438848 0.1544824541 0.9866541028 0.0514674447 -0.7078019977 0.1468657702 -0.6909752488
-38.9 -254.3 2848.0 -0.5351225734 0.0002469229 0.8447743654 -0.0426786058 0.9987150431 -0.0273266938 -0.8436956406 -0.0506769232 -0.5344244838
-38.9 -641.8 2867.7 -0.5321779847 0.0562672280 0.8447606564 0.0715632290 0.9972078204 -0.0213382859 -0.8436025977 0.0490980335 -0.5347186923
387.2 531.0 2530.7 0 0 0 0 0 0 0 0 0
-41.9 -390.5 3010.5 0 0 0 0 0 0 0 0 0
-118.2 -965.6 2664.7 0 0 0 0 0 0 0 0 0
-59.9 -1013.5 2849.4 0 0 0 0 0 0 0 0 0
-15.1 339.6 2862.5 9 -0.4745735228 -0.0359856598 -0.8794799447 -0.1751843542 0.9830366969 0.0543078072 0.8626067638 0.1798441708 -0.4728272855
-8.0 146.2 2827.1 -0.4745735228 -0.0359856598 -0.8794799447 -0.1751843542 0.9830366969 0.0543078072 0.8626067638 0.1798441708 -0.4728272855
-2.0 -45.3 2796.1 -0.4752555490 -0.0310208406 -0.8793007731 -0.1551351845 0.9866752625 0.0490405113 0.8660630584 0.1597172618 -0.4737353325
56.9 167.4 2708.9 -0.6427526474 -0.7656610012 -0.0251457933 -0.4949665964 0.4401169717 -0.7492029667 0.5847026110 -0.4691058695 -0.6618629694
231.1 301.5 2550.4 -0.5482318401 -0.7656610012 0.3364596665 -0.8279579878 0.4401169717 -0.3475380242 0.1180147007 -0.4691058695 -0.8752212524
-72.9 125.0 2945.4 -0.0050507183 0.2500731051 -0.9682137966 -0.9889476299 0.1422235519 0.0418927968 0.1481790692 0.9577243328 0.2465908825
-74.2 -129.8 2983.6 0.1289734393 0.2523214221 -0.9590097666 -0.9870864749 0.1253186762 -0.0997772440 0.0950058997 0.9594942331 0.2652258277
47.5 -227.1 2690.0 -0.6847313643 0.3636892140 0.6315640211 0.2141717672 0.9287376404 -0.3026165962 -0.6966156960 -0.0719478801 -0.7138277888
-93.7 -587.6 2717.9 -0.6910980344 0.0621556193 0.7200834751 0.1425215006 0.9884528518 0.0514640808 -0.7085697651 0.1381940991 -0.6919763088
-38.7 -254.5 2844.5 -0.5412903428 0.0052839615 0.8408191204 -0.0424014851 0.9985364676 -0.0335717164 -0.8397659659 -0.0538240261 -0.5402740836
-40.7 -642.0 2865.4 -0.5392209291 0.0476061441 0.8408177495 0.0557619333 0.9982283115 -0.0207581259 -0.8403162360 0.0356924087 -0.5409201980
383.5 531.7 2517.6 0 0 0 0 0 0 0 0 0
-40.5 -387.3 3008.4 0 0 0 0 0 0 0 0 0
-117.2 -962.0 2665.6 0 0 0 0 0 0 0 0 0
-58.5 -1014.4 2852.1 0 0 0 0 0 0 0 0 0
-18.2 340.5 2864.2 0 -0.4866771698 -0.0516358800 -0.8720545173 -0.1901730299 0.9805729985 0.0480705313 0.8526309729 0.1892360747 -0.4870422482
-8.0 147.2 2826.9 -0.4866771698 -0.0516358800 -0.8720545173 -0.1901730299 0.9805729985 0.0480705313 0.8526309729 0.1892360747 -0.4870422482
0.9 -43.9 2794.0 -0.4876677692 -0.0456380360 -0.8718355894 -0.1701622605 0.9844489098 0.0436485223 0.8562855721 0.1696394980 -0.4878498614
58.6 170.4 2710.0 -0.6326428056 -0.7704872489 -0.0781826228 -0.4836517274 0.4719222188 -0.7371366620 0.6048504710 -0.4285310209 -0.6712056398
234.0 304.5 2542.4 -0.5584823489 -0.7704872489 0.3073221147 -0.8238398433 0.4719222188 -0.3139702082 0.0968778953 -0.4285310209 -0.8983183503
-74.6 123.9 2943.9 0.0045450199 0.2323759794 -0.9726154208 -0.9904624820 0.1349853277 0.0276220962 0.1377075166 0.9632135630 0.2307732105
-73.4 -131.3 2979.3 0.1394186318 0.2348001599 -0.9619933963 -0.9864212275 0.1180950701 -0.1141346321 0.0868078545 0.9648432136 0.2480765134
46.6 -223.0 2687.6 -0.6798745990 0.3586851358 0.6396213770 0.2023239434 0.9301105142 -0.3065280616 -0.7048656344 -0.0789899305 -0.7049291134
-92.6 -584.0 2718.3 -0.6846950054 0.0610123798 0.7262714505 0.1440035105 0.9881704450 0.0527459159 -0.7144618630 0.1407005042 -0.6853813529
-38.5 -250.7 2842.7 -0.5266462564 0.0003923807 0.8500844240 -0.0604802407 0.9974485040 -0.0379292592 -0.8479303122 -0.0713886097 -0.5252788067
-38.6 -637.9 2870.4 -0.5233689547 0.0605186000 0.8499543667 0.0827210099 0.9963718653 -0.0200074557 -0.8480814695 0.0598377995 -0.5264763236
390.2 534.9 2515.3 0 0 0 0 0 0 0 0 0
-37.0 -388.6 3002.0 0 0 0 0 0 0 0 0 0
-116.1 -964.4 2664.1 0 0 0 0 0 0 0 0 0
-61.2 -1009.5 2848.1 0 0 0 0 0 0 0 0 0
-14.6 342.3 2873.1 1 -0.4714567959 -0.0463250838 -0.8806716204 -0.2141574919 0.9747412205 0.0633732677 0.8554911017 0.2184801698 -0.4694692194
-5.4 150.3 2830.1 -0.4714567959 -0.0463250838 -0.8806716204 -0.2141574919 0.9747412205 0.0633732677 0.8554911017 0.2184801698 -0.4694692194
3.2 -39.9 2792.6 -0.4725355804 -0.0446723290 -0.8801786900 -0.1909819245 0.9801733494 0.0527837425 0.8603696823 0.1930404156 -0.4716983736
59.1 176.4 2712.6 -0.6344078779 -0.7689780593 -0.0787360445 -0.4655493200 0.4614068270 -0.7552268505 0.6170822382 -0.4424663484 -0.6507173777
236.4 306.6 2540.1 -0.5597094297 -0.7689780593 0.3088657856 -0.8203487992 0.4614068270 -0.3378336430 0.1172738746 -0.4424663484 -0.8890839815
-70.0 124.3 2947.5 0.0086226957 0.2486328185 -0.9685594440 -0.9933632016 0.1132280454 0.0202225484 0.1146960855 0.9619569182 0.2479590178
-67.8 -131.6 2977.1 0.1426444650 0.2511135340 -0.9573894739 -0.9878553748 0.0963177606 -0.1219205111 0.0615977161 0.9631536007 0.2618030608
53.4 -219.7 2684.5 -0.6947137117 0.3704045415 0.6165819764 0.2106740624 0.9244032502 -0.3179544806 -0.6877421737 -0.0909894854 -0.7202302217
-90.3 -578.5 2719.8 -0.6999017000 0.0647236630 0.7113005519 0.1513454616 0.9867104292 0.0591359437 -0.6980202198 0.1490414590 -0.7003959417
-33.9 -250.2 2837.8 -0.5410695672 0.0196020249 0.8407493234 -0.0475954637 0.9974122047 -0.0538849756 -0.8396298885 -0.0691713765 -0.5387364626
-41.5 -637.3 2864.7 -0.5391011834 0.0463744737 0.8409633040 0.0472764000 0.9985749722 -0.0247592516 -0.8409131169 0.0264099780 -0.5405253768
393.0 536.0 2507.3 0 0 0 0 0 0 0 0 0
-30.6 -389.3 2993.2 0 0 0 0 0 0 0 0 0
-115.5 -962.6 2661.8 0 0 0 0 0 0 0 0 0
-58.8 -1009.7 2854.8 0 0 0 0 0 0 0 0 0
-15.8 347.1 2867.5 2 -0.4957843423 -0.0497830398 -0.8670176268 -0.1979312599 0.9785575271 0.0569949821 0.8455892205 0.1998671144 -0.4950070977
-5.9 154.2 2828.1 -0.4957843423 -0.0497830398 -0.8670176268 -0.1979312599 0.9785575271 0.0569949821 0.8455892205 0.1998671144 -0.4950070977
2.8 -36.6 2793.8 -0.4968537092 -0.0454551056 -0.8666430712 -0.1759041399 0.9831730127 0.0492802523 0.8498200774 0.1769311726 -0.4964888990
61.9 178.2 2712.1 -0.6304255724 -0.7725123167 -0.0760808960 -0.4646939933 0.4540893435 -0.7601726055 0.6217902303 -0.4438779354 -0.6452513933
237.7 307.7 2538.8 -0.5526026487 -0.7725123167 0.3128179610 -0.8250988126 0.4540893435 -0.3361768425 0.1176534519 -0.4438779354 -0.8883299232
-73.8 130.1 2944.1 0.0007677792 0.2226426154 -0.9748998284 -0.9915436506 0.1266834885 0.0281504374 0.1297712028 0.9666341543 0.2208571434
-73.6 -125.3 2977.6 0.1361976564 0.2250084579 -0.9647908807 -0.9874204993 0.1097867638 -0.1137877777 0.0803180560 0.9681518674 0.2371306568
54.2 -213.0 2678.2 -0.6808323264 0.3638743162 0.6356593966 0.1875376552 0.9255394936 -0.3289471567 -0.7080233097 -0.1047477946 -0.6983773708
-87.1 -572.2 2718.8 -0.6835752130 0.0729369670 0.7262266278 0.1554343104 0.9867176414 0.0472068265 -0.7131375074 0.1451499462 -0.6858326793
-34.6 -244.7 2838.4 -0.5182422996 0.0414272025 0.8542299271 -0.0645473674 0.9940826297 -0.0873690322 -0.8527945876 -0.1004166156 -0.5125016570
-50.8 -633.4 2877.6 -0.5162349939 0.0461404249 0.8552032113 0.0104890941 0.9988134503 -0.0475569330 -0.8563827276 -0.0155802453 -0.5161064267
392.2 538.4 2505.9 0 0 0 0 0 0 0 0 0
-38.1 -382.8 2998.5 0 0 0 0 0 0 0 0 0
-116.1 -964.3 2661.1 0 0 0 0 0 0 0 0 0
-68.0 -1005.7 2883.4 0 0 0 0 0 0 0 0 0
-13.1 346.5 2865.3 3 -0.5016363859 -0.0490734167 -0.8636855483 -0.1985376328 0.9782716036 0.0597284064 0.8419879675 0.2014360279 -0.5004795194
-3.4 153.5 2825.5 -0.5016363859 -0.0490734167 -0.8636855483 -0.1985376328 0.9782716036 0.0597284064 0.8419879675 0.2014360279 -0.5004795194
4.9 -37.4 2791.6 -0.5028545856 -0.0433442071 -0.8632835746 -0.1726761758 0.9836472869 0.0511947572 0.8469476104 0.1748120189 -0.5021160841
65.2 177.1 2709.8 -0.6267088652 -0.7733184695 -0.0959921703 -0.4766207039 0.4778554142 -0.7378935814 0.6164970994 -0.4166925848 -0.6680558324
240.4 310.3 2537.5 -0.5616055131 -0.7733184695 0.2942410409 -0.8212892413 0.4778554142 -0.3116700053 0.1004154831 -0.4166925848 -0.9034843445
-72.1 129.9 2941.2 -0.0032039394 0.2168739289 -0.9761943817 -0.9912899137 0.1278371364 0.0316541195 0.1316588521 0.9677930474 0.2145753503
-73.0 -125.5 2975.1 0.1325648427 0.2191784233 -0.9666371346 -0.9876890779 0.1109234467 -0.1103007719 0.0830471739 0.9693589807 0.2311846912
56.1 -211.7 2683.4 -0.6696999073 0.3663792610 0.6459630728 0.2034998983 0.9270719886 -0.3148416877 -0.7142057419 -0.0793960318 -0.6954181790
-86.1 -571.5 2714.2 -0.6749209166 0.0776795819 0.7337899208 0.1500038058 0.9881222248 0.0333662145 -0.7224822640 0.1325908303 -0.6785566211
-35.0 -242.0 2838.6 -0.5126038790 0.0147915008 0.8584977984 -0.0517006032 0.9975056648 -0.0480566621 -0.8570672870 -0.0690188855 -0.5105605721
-40.7 -630.3 2865.5 -0.5077601075 0.0814092383 0.8576434255 0.0270969793 0.9965417385 -0.0785512254 -0.8610722423 -0.0166456308 -0.5082100630
397.6 540.2 2509.4 0 0 0 0 0 0 0 0 0
-38.4 -383.1 2996.8 0 0 0 0 0 0 0 0 0
-116.9 -962.6 2661.7 0 0 0 0 0 0 0 0 0
-71.1 -1001.8 2871.7 0 0 0 0 0 0 0 0 0
-11.9 351.0 2863.6 4 -0.4912760556 -0.0597710237 -0.8689506650 -0.1976993382 0.9792560339 0.0444142781 0.8482704759 0.1936106533 -0.4929017127
-0.1 157.2 2825.3 -0.4912760556 -0.0597710237 -0.8689506650 -0.1976993382 0.9792560339 0.0444142781 0.8482704759 0.1936106533 -0.4929017127
9.6 -33.8 2792.0 -0.4926322401 -0.0498939790 -0.8688061237 -0.1734208018 0.9839592576 0.0418264009 0.8527829051 0.1712740809 -0.4933826923
67.2 180.9 2708.8 -0.6307503581 -0.7715065479 -0.0832562968 -0.4721538126 0.4667137265 -0.7478295565 0.6158123016 -0.4323840141 -0.6586496234
241.3 311.2 2538.9 -0.5614953041 -0.7715065479 0.2991665900 -0.8190521598 0.4667137265 -0.3336643279 0.1177990586 -0.4323840141 -0.8939616680
-67.4 133.5 2941.8 0.0066566532 0.2257236540 -0.9741686583 -0.9907306433 0.1336677819 0.0242022052 0.1356779635 0.9649776220 0.2245211154
-65.7 -121.8 2976.7 0.1418861300 0.2281908244 -0.9632223248 -0.9861714840 0.1167703122 -0.1176033095 0.0856397822 0.9665886760 0.2416033745
58.4 -212.9 2681.8 -0.6729043722 0.3683083653 0.6415205598 0.2097419649 0.9266418219 -0.3119988143 -0.7093715668 -0.0753915980 -0.7007910609
-84.6 -572.6 2711.1 -0.6796481013 0.0859891102 0.7284808755 0.1479236782 0.9887695312 0.0212945081 -0.7184685469 0.1222323403 -0.6847351193
-32.8 -243.2 2835.0 -0.5203058124 0.0303930081 0.8534389734 -0.0246961471 0.9984130263 -0.0506120808 -0.8536228538 -0.0474104136 -0.5187295079
-44.6 -631.2 2853.5 -0.5199381709 0.0460733660 0.8529604673 -0.0163388401 0.9978252053 -0.0638580024 -0.8540476561 -0.0471385978 -0.5180546045
398.0 539.8 2506.0 0 0 0 0 0 0 0 0 0
-28.7 -379.0 2999.1 0 0 0 0 0 0 0 0 0
-118.8 -965.6 2662.5 0 0 0 0 0 0 0 0 0
-61.7 -1003.1 2871.0 0 0 0 0 0 0 0 0 0
-5.8 348.2 2862.8 5 -0.4442578256 -0.0496886298 -0.8945199847 -0.2029570937 0.9780845046 0.0464669317 0.8726072311 0.2021924704 -0.4446063340
4.0 155.4 2822.9 -0.4442578256 -0.0496886298 -0.8945199847 -0.2029570937 0.9780845046 0.0464669317 0.8726072311 0.2021924704 -0.4446063340
12.5 -35.5 2788.9 -0.4455280304 -0.0442971252 -0.8941714168 -0.1764463037 0.9835296869 0.0391918495 0.8777080774 0.1752343029 -0.4460061193
64.7 179.5 2703.2 -0.6329669952 -0.7680770755 -0.0970070958 -0.4694173932 0.4804114103 -0.7408456206 0.6156298518 -0.4233939946 -0.6646333337
240.8 310.0 2532.0 -0.5662125349 -0.7680770755 0.2991002798 -0.8183380365 0.4804114103 -0.3154802620 0.0986219794 -0.4233939946 -0.9005616307
-56.8 131.3 2942.7 0.0175807755 0.2766682506 -0.9608046412 -0.9909150004 0.1329704523 0.0201577377 0.1333356351 0.9517213702 0.2764924467
-52.3 -124.0 2977.0 0.1497381181 0.2792746425 -0.9484640956 -0.9857850671 0.1160985082 -0.1214450225 0.0761987567 0.9531667233 0.2926891446
63.4 -209.3 2682.4 -0.6986939311 0.3829090893 0.6043239236 0.2381763458 0.9210222363 -0.3082045913 -0.6746101379 -0.0714050084 -0.7347125411
-85.2 -566.8 2710.1 -0.7106366754 0.0861708820 0.6982621551 0.1413820982 0.9897161722 0.0217491277 -0.6892071962 0.1141775027 -0.7155116796
-25.4 -240.0 2835.9 -0.5655710697 0.0506086722 0.8231452703 -0.0340342186 0.9958326817 -0.0846102610 -0.8239970207 -0.0758682191 -0.5614917278
-45.0 -626.6 2865.4 -0.5645459294 0.0348473750 0.8246657252 0.0408028215 0.9990651011 -0.0142842485 -0.8243924975 0.0255845748 -0.5654399991
399.6 539.6 2504.3 0 0 0 0 0 0 0 0 0
-13.2 -381.2 2996.9 0 0 0 0 0 0 0 0 0
-119.7 -963.2 2664.4 0 0 0 0 0 0 0 0 0
-58.0 -998.2 2855.9 0 0 0 0 0 0 0 0 0
-5.0 351.1 2864.9 6 -0.4514068663 -0.0440077744 -0.8912323713 -0.2021058351 0.9778693914 0.0540802889 0.8691289425 0.2045354843 -0.4503111839
3.7 158.8 2824.7 -0.4514068663 -0.0440077744 -0.8912323713 -0.2021058351 0.9778693914 0.0540802889 0.8691289425 0.2045354843 -0.4503111839
11.0 -32.1 2790.0 -0.4524925947 -0.0379873440 -0.8909587264 -0.1761382520 0.9832170606 0.0475346930 0.8742001057 0.1784410030 -0.4515894651
65.4 182.8 2705.3 -0.6460272670 -0.7600941658 -0.0700401366 -0.4477207661 0.4516437352 -0.7717279792 0.6182190776 -0.4671988785 -0.6320841312
245.0 307.3 2533.5 -0.5494554043 -0.7600941658 0.3469231129 -0.8305503726 0.4516437352 -0.3258895278 0.0910210758 -0.4671988785 -0.8794545531
-58.1 134.7 2944.0 0.0092800623 0.2715294063 -0.9623854160 -0.9914623499 0.1276796162 0.0264633466 0.1300625652 0.9539233446 0.2703960836
-55.7 -120.7 2977.5 0.1419309080 0.2740032673 -0.9511981010 -0.9871254563 0.1107705384 -0.1153830439 0.0737493932 0.9553282857 0.2861973643
61.0 -210.6 2676.4 -0.7044209838 0.3736617565 0.6034632921 0.2171350121 0.9228944182 -0.3179910183 -0.6757540107 -0.0929665342 -0.7312412262
-84.0 -568.8 2712.5 -0.7126841545 0.0898150951 0.6957115531 0.1466818452 0.9889256954 0.0225917809 -0.6859779358 0.1181490496 -0.7179659009
-19.0 -242.1 2833.8 -0.5594197512 0.0705773085 0.8258743286 -0.0102999341 0.9956995249 -0.0920670107 -0.8288205266 -0.0600105561 -0.5562870502
-46.4 -628.5 2857.1 -0.5589399338 0.0266608093 0.8287793994 0.0137638180 0.9996435642 -0.0228747949 -0.8290938735 -0.0013784680 -0.5591077209
399.2 540.3 2507.9 0 0 0 0 0 0 0 0 0
-18.7 -378.2 2996.7 0 0 0 0 0 0 0 0 0
-119.9 -964.1 2665.3 0 0 0 0 0 0 0 0 0
-56.3 -1000.9 2857.6 0 0 0 0 0 0 0 0 0
-8.2 347.6 2863.9 7 -0.4712250233 -0.0621042624 -0.8798238635 -0.2114694715 0.9763782620 0.0443412103 0.8562871218 0.2069505751 -0.4732270241
4.0 154.5 2823.0 -0.4712250233 -0.0621042624 -0.8798238635 -0.2114694715 0.9763782620 0.0443412103 0.8562871218 0.2069505751 -0.4732270241
14.3 -35.9 2787.0 -0.4725772738 -0.0526160598 -0.8797171712 -0.1883947104 0.9811725020 0.0425200649 0.8609170318 0.1858280748 -0.4735924304
68.5 180.3 2705.5 -0.6399372816 -0.7627375722 -0.0933362693 -0.4530186355 0.4725866318 -0.7559338212 0.6206886172 -0.4414671957 -0.6479601264
247.2 306.8 2532.2 -0.5507168770 -0.7627375722 0.3390315175 -0.8325114846 0.4725866318 -0.2891133130 0.0602958314 -0.4414671957 -0.8952491879
-60.5 128.8 2940.5 0.0163384993 0.2460267097 -0.9691253304 -0.9924014807 0.1222089380 0.0142936232 0.1219523922 0.9615278840 0.2461539805
-56.3 -126.9 2972.0 0.1503187567 0.2486396283 -0.9568607807 -0.9862225652 0.1053210273 -0.1275637746 0.0690601543 0.9628529549 0.2610457242
58.9 -207.2 2677.1 -0.6943421364 0.3612199426 0.6224219799 0.2032029778 0.9281157255 -0.3119451404 -0.6903604269 -0.0901186466 -0.7178308368
-81.3 -567.4 2712.1 -0.7000730634 0.0936231092 0.7079070807 0.1526686251 0.9880688787 0.0203036647 -0.6975600123 0.1222892404 -0.7060136795
-22.3 -238.6 2833.8 -0.5376554132 0.0690631717 0.8403314352 -0.0006177885 0.9966072440 -0.0823020637 -0.8431644440 -0.0447692983 -0.5357885957
-49.1 -625.5 2851.2 -0.5379649401 0.0069151861 0.8429388404 -0.0240326300 0.9994340539 -0.0235366840 -0.8426245451 -0.0329199471 -0.5374943018
402.1 540.8 2515.2 0 0 0 0 0 0 0 0 0
-17.1 -384.2 2990.0 0 0 0 0 0 0 0 0 0
-119.1 -966.7 2662.7 0 0 0 0 0 0 0 0 0
-51.6 -997.9 2863.5 0 0 0 0 0 0 0 0 0
-4.6 341.8 2860.4 8 -0.4613762200 -0.0477934778 -0.8859163523 -0.2069771141 0.9767932296 0.0550954603 0.8627238870 0.2087841332 -0.4605613053
4.9 149.0 2819.2 -0.4613762200 -0.0477934778 -0.8859163523 -0.2069771141 0.9767932296 0.0550954603 0.8627238870 0.2087841332 -0.4605613053
14.0 -41.4 2782.7 -0.4622685909 -0.0468930714 -0.8854991794 -0.1885261536 0.9809681177 0.0464699641 0.8664673567 0.1884213686 -0.4623113275
68.0 174.8 2700.9 -0.6354424357 -0.7668303251 -0.0904662460 -0.4588823915 0.4692653716 -0.7544646859 0.6209990978 -0.4379055202 -0.6500760317
246.4 303.6 2526.5 -0.5484914184 -0.7668303251 0.3333592713 -0.8334388137 0.4692653716 -0.2918385863 0.0673567057 -0.4379055202 -0.8964942098
-58.3 123.2 2937.6 0.0144213829 0.2586134076 -0.9658732414 -0.9926950932 0.1194242388 0.0171540882 0.1197849512 0.9585702419 0.2584465444
-54.5 -132.5 2968.4 0.1477777511 0.2611857653 -0.9539096951 -0.9868696332 0.1025174856 -0.1248139814 0.0651927888 0.9598292112 0.2729060948
66.8 -209.5 2673.9 -0.6999742389 0.3827451468 0.6029446125 0.2128031254 0.9176914096 -0.3354955316 -0.6817263961 -0.1065297425 -0.7238097191
-81.7 -565.5 2715.2 -0.7064727545 0.0924172103 0.7016803026 0.1561733335 0.9873551726 0.0271970052 -0.6902942061 0.1287977099 -0.7119726539
-17.9 -243.2 2828.1 -0.5486874580 0.0839724541 0.8317996860 -0.0020367664 0.9948056936 -0.1017718837 -0.8360250592 -0.0575351380 -0.5456663966
-50.5 -629.3 2850.5 -0.5493333340 0.0031559910 0.8355973363 -0.0450890511 0.9984240532 -0.0334131457 -0.8343859315 -0.0560312457 -0.5483253002
400.5 537.7 2507.6 0 0 0 0 0 0 0 0 0
-16.0 -390.0 2985.4 0 0 0 0 0 0 0 0 0
-119.1 -964.4 2663.2 0 0 0 0 0 0 0 0 0
-51.7 -1001.6 2871.3 0 0 0 0 0 0 0 0 0
-3.0 338.4 2858.2 9 -0.4586194158 -0.0372387692 -0.8878521919 -0.2022620291 0.9772713184 0.0634890720 0.8653082252 0.2086960971 -0.4557276070
4.4 146.4 2817.2 -0.4586194158 -0.0372387692 -0.8878521919 -0.2022620291 0.9772713184 0.0634890720 0.8653082252 0.2086960971 -0.4557276070
11.3 -44.2 2781.3 -0.4594203532 -0.0357399657 -0.8874996305 -0.1807593554 0.9820424914 0.0540240854 0.8696315289 0.1852436215 -0.4576306343
67.1 171.1 2698.4 -0.6301408410 -0.7652382851 -0.1316542178 -0.4508563876 0.4986306429 -0.7403350472 0.6321795583 -0.4071582258 -0.6592201591
240.8 295.4 2524.1 -0.5726448298 -0.7652382851 0.2940888405 -0.8162091374 0.4986306429 -0.2918392122 0.0766848251 -0.4071582258 -0.9101327658
-58.4 121.7 2936.0 0.0048381872 0.2650936544 -0.9642105103 -0.9923699498 0.1200670823 0.0280309618 0.1232007816 0.9567179680 0.2636518776
-57.1 -134.0 2967.7 0.1379707903 0.2674993575 -0.9536289573 -0.9881095290 0.1031349599 -0.1140293777 0.0678496957 0.9580225945 0.2785482705
64.5 -214.9 2668.5 -0.7058517933 0.3747327030 0.6011227965 0.2072080970 0.9207223058 -0.3306587934 -0.6773758531 -0.1088385880 -0.7275411487
-81.0 -572.3 2710.8 -0.7130652666 0.0946001485 0.6946860552 0.1463308632 0.9891141653 0.0155078880 -0.6856567860 0.1127121523 -0.7191458941
-18.3 -248.7 2823.8 -0.5542128682 0.1027289554 0.8260114193 -0.0088208439 0.9915743470 -0.1292379498 -0.8323282599 -0.0789114535 -0.5486371517
-58.2 -633.4 2854.4 -0.5532851219 -0.0334086865 0.8323217034 -0.0521112420 0.9986264706 0.0054431134 -0.8313603401 -0.0403617248 -0.5542661548
400.2 522.5 2502.8 0 0 0 0 0 0 0 0 0
-21.2 -391.7 2985.4 0 0 0 0 0 0 0 0 0
-118.5 -965.3 2666.0 0 0 0 0 0 0 0 0 0
-45.7 -1005.7 2869.4 0 0 0 0 0 0 0 0 0
1.2 344.2 2870.6 0 -0.4420715868 -0.0186441168 -0.8967859745 -0.2094159275 0.9742997289 0.0829761773 0.8721913099 0.2244826853 -0.4346145988
4.8 153.7 2826.7 -0.4420715868 -0.0186441168 -0.8967859745 -0.2094159275 0.9742997289 0.0829761773 0.8721913099 0.2244826853 -0.4346145988
7.6 -36.6 2788.8 -0.4425429404 -0.0145312706 -0.8966295719 -0.1816396713 0.9805950522 0.0737585202 0.8781587481 0.1955048144 -0.4365949035
65.3 178.5 2706.8 -0.6313359737 -0.7576894164 -0.1652925462 -0.4076850116 0.5055790544 -0.7603833079 0.6597028375 -0.4126700461 -0.6280888319
239.0 290.7 2525.3 -0.5820823908 -0.7576894164 0.2951047421 -0.8094736934 0.5055790544 -0.2985668778 0.0770222023 -0.4126700461 -0.9076183438
-55.6 128.8 2946.6 -0.0096431952 0.2888594270 -0.9573229551 -0.9934783578 0.1060063317 0.0419933833 0.1136124805 0.9514845610 0.2859533429
-58.1 -127.1 2975.9 0.1222409979 0.2910000682 -0.9488815069 -0.9909610152 0.0890134871 -0.1003635675 0.0552574433 0.9525731206 0.2992508113
59.4 -218.6 2667.4 -0.7244004607 0.3676843643 0.5831398964 0.2090314776 0.9232196808 -0.3224456906 -0.6569244862 -0.1116852313 -0.7456384301
-83.3 -577.0 2710.8 -0.7320156693 0.0900944918 0.6753044128 0.1435317099 0.9893645048 0.0235910881 -0.6659967899 0.1141966432 -0.7371616960
-22.9 -251.0 2823.2 -0.5751903653 0.0790328309 0.8141927719 -0.0120181963 0.9943979383 -0.1050154716 -0.8179312944 -0.0701890215 -0.5710182786
-53.6 -636.8 2850.5 -0.5750681162 -0.0126428977 0.8180078268 -0.0416176170 0.9990381002 -0.0138167758 -0.8170462847 -0.0419891253 -0.5750411153
399.3 513.6 2504.1 0 0 0 0 0 0 0 0 0
-26.2 -385.6 2990.3 0 0 0 0 0 0 0 0 0
-118.8 -966.4 2665.8 0 0 0 0 0 0 0 0 0
-48.9 -1009.4 2866.1 0 0 0 0 0 0 0 0 0
0.6 340.9 2866.3 1 -0.6369867921 -0.0640205145 -0.7682117224 -0.2639729083 0.9544116855 0.1393435150 0.7242693901 0.2915470600 -0.6248472929
13.3 151.5 2808.4 -0.6369867921 -0.0640205145 -0.7682117224 -0.2639729083 0.9544116855 0.1393435150 0.7242693901 0.2915470600 -0.6248472929
12.7 -38.7 2769.8 -0.6405766606 0.0033974461 -0.7678866982 -0.1494048685 0.9803287387 0.1289719939 0.7532196045 0.1973424703 -0.6274681091
98.4 171.1 2708.4 -0.5433757305 -0.7962138057 -0.2660571933 -0.4297899902 0.5360914469 -0.7265579700 0.7211264968 -0.2804452479 -0.6335037947
240.7 283.7 2519.4 -0.5753826499 -0.7962138057 0.1870252043 -0.8142434955 0.5360914469 -0.2227407992 0.0770866796 -0.2804452479 -0.9567696452
-71.8 131.9 2908.5 -0.0949594900 0.0709264204 -0.9929512143 -0.9915261269 0.0820865035 0.1006866246 0.0886492357 0.9940981865 0.0625305027
-96.1 -122.6 2931.3 0.0431704931 0.0716688782 -0.9964938164 -0.9971298575 0.0651850849 -0.0385098681 0.0621965714 0.9952961802 0.0742772445
51.0 -211.0 2671.9 -0.5981852412 0.3493625224 0.7211936116 0.1222759187 0.9292184711 -0.3487142026 -0.7919741273 -0.1204110831 -0.5985634327
-84.6 -571.7 2718.6 -0.5951938033 0.0906634778 0.7984513044 0.1595556289 0.9871652126 0.0068466119 -0.7875825763 0.1314724684 -0.6020204425
-33.0 -244.0 2817.4 -0.3835707307 0.0419733413 0.9225571752 -0.0701804385 0.9947531819 -0.0744368806 -0.9208410382 -0.0932972804 -0.3786124885
-49.3 -629.9 2853.6 -0.3836109340 0.0068433597 0.9234694242 -0.0294285752 0.9993740916 -0.0196305364 -0.9230257869 -0.0347068794 -0.3831694424
399.3 508.1 2498.2 0 0 0 0 0 0 0 0 0
-84.9 -381.9 2947.4 0 0 0 0 0 0 0 0 0
-120.6 -963.0 2666.5 0 0 0 0 0 0 0 0 0
-51.9 -1002.8 2866.5 0 0 0 0 0 0 0 0 0
0.6 337.1 2861.6 2 -0.6283180714 -0.0547507629 -0.7760275602 -0.2472569346 0.9598513842 0.1324739009 0.7376180887 0.2751139402 -0.6166294217
11.3 148.9 2807.7 -0.6283180714 -0.0547507629 -0.7760275602 -0.2472569346 0.9598513842 0.1324739009 0.7376180887 0.2751139402 -0.6166294217
15.0 -40.7 2766.7 -0.6310669780 -0.0186307877 -0.7755045891 -0.1746847481 0.9774473310 0.1186674610 0.7558040023 0.2103559375 -0.6200892329
96.3 172.4 2705.9 -0.5494809747 -0.7916073799 -0.2672610283 -0.4022224247 0.5310002565 -0.7458256483 0.7323167324 -0.3023186028 -0.6101767421
239.5 277.2 2515.0 -0.5745317340 -0.7916073799 0.2080170214 -0.8152721524 0.5310002565 -0.2310196608 0.0724197775 -0.3023186028 -0.9504519105
-73.6 125.5 2909.5 -0.0717280507 0.0768045038 -0.9944627285 -0.9941538572 0.0751675293 0.0775111243 0.0807045102 0.9942086935 0.0709638670
-92.1 -130.1 2930.3 0.0680274293 0.0779759809 -0.9946315885 -0.9962791800 0.0581854470 -0.0635785609 0.0529154837 0.9952558279 0.0816440508
68.4 -216.2 2665.3 -0.5973194838 0.3978813291 0.6963475347 0.1427727193 0.9071449637 -0.3958585560 -0.7891928554 -0.1370345950 -0.5986619592
-85.8 -567.8 2718.4 -0.5960433483 0.0795584545 0.7990010977 0.1597135216 0.9869427085 0.0208717380 -0.7869078517 0.1400517374 -0.6009672284
-45.5 -242.1 2790.6 -0.3894181252 0.0000951222 0.9210610986 -0.1420999765 0.9880211949 -0.0601809099 -0.9100335836 -0.1543183029 -0.3847398460
-45.6 -624.5 2850.3 -0.3897409737 0.0210606866 0.9206836820 -0.0210577920 0.9992733002 -0.0317725502 -0.9206837416 -0.0317706279 -0.3890142441
398.2 502.4 2495.0 0 0 0 0 0 0 0 0 0
-74.3 -389.5 2944.0 0 0 0 0 0 0 0 0 0
-118.1 -968.3 2661.6 0 0 0 0 0 0 0 0 0
-53.4 -997.4 2862.2 0 0 0 0 0 0 0 0 0
-0.2 342.3 2861.8 3 -0.5880507827 -0.0496638715 -0.8072978258 -0.2377376258 0.9646365643 0.1138293892 0.7730957866 0.2588625252 -0.5790622830
9.5 153.2 2811.1 -0.5880507827 -0.0496638715 -0.8072978258 -0.2377376258 0.9646365643 0.1138293892 0.7730957866 0.2588625252 -0.5790622830
15.2 -36.4 2770.3 -0.5901589394 -0.0291724764 -0.8067598343 -0.1858056337 0.9774255157 0.1005763263 0.7856135964 0.2092565447 -0.5822568536
89.4 178.3 2704.6 -0.5796603560 -0.7783751488 -0.2410933226 -0.3581656814 0.5091367364 -0.7826219201 0.7319229245 -0.3673035800 -0.5739136934
243.3 273.4 2510.2 -0.5621675253 -0.7783751488 0.2794634402 -0.8256991506 0.5091367364 -0.2429006100 0.0467826873 -0.3673035800 -0.9289238453
