-405.4 500.4 2675.6 3 -0.7176840901 -0.0673756450 -0.6931017637 -0.1516206861 0.9865487218 0.0610969551 0.6796621680 0.1489368826 -0.7182458639
-391.9 303.5 2645.8 -0.7176840901 -0.0673756450 -0.6931017637 -0.1516206861 0.9865487218 0.0610969551 0.6796621680 0.1489368826 -0.7182458639
-380.3 106.7 2620.0 -0.7189177275 -0.0586923771 -0.6926128268 -0.1322813928 0.9897710085 0.0534316152 0.6823920608 0.1300327182 -0.7193278670
-290.8 322.1 2549.8 -0.8461810350 -0.4703126550 0.2505667508 -0.5223203897 0.6387776732 -0.5649287701 0.1056366935 -0.6089081168 -0.7861754298
-93.4 443.9 2525.2 -0.4203444421 -0.4703126550 0.7759616971 -0.7688325644 0.6387776732 -0.0293175168 -0.4818786085 -0.6089081168 -0.6300983429
-493.1 284.8 2741.8 -0.2329995036 0.8836227655 -0.4061059356 -0.9164767861 -0.0598548353 0.3955852985 0.3252407908 0.4643578231 0.8237658739
-556.0 37.5 2829.6 -0.0951839760 0.8867989182 -0.4522473514 -0.9885702729 -0.0308498126 0.1475707293 0.1169138178 0.4611246586 0.8795994520
-305.0 -79.6 2533.3 -0.3759523034 0.3028375208 -0.8757564425 0.0982653648 0.9527893662 0.2872914076 0.9214140177 0.0219513401 -0.3879617751
-425.4 -458.4 2524.6 -0.4059020281 0.1953646839 -0.8927912116 -0.0328610688 0.9731332660 0.2278855741 0.9133256078 0.1218372881 -0.3885768652
-434.5 -102.2 2656.7 -0.8103906512 0.0119325779 -0.5857684016 -0.0359763205 0.9968924522 0.0700795203 0.5847843289 0.0778655782 -0.8074430227
-439.3 -498.5 2625.7 -0.8103906512 0.0119325779 -0.5857684016 -0.0359763205 0.9968924522 0.0700795203 0.5847843289 0.0778655782 -0.8074430227
16.1 644.2 2650.7 0 0 0 0 0 0 0 0 0
-580.7 -219.5 2860.0 0 0 0 0 0 0 0 0 0
-494.4 -802.1 2481.6 0 0 0 0 0 0 0 0 0
-443.9 -879.6 2596.0 0 0 0 0 0 0 0 0 0
-406.4 497.6 2676.7 4 -0.7034053802 -0.0694909096 -0.7073838115 -0.1555657536 0.9861320853 0.0578166656 0.6935561895 0.1507132500 -0.7044610381
-392.5 300.8 2646.6 -0.7034053802 -0.0694909096 -0.7073838115 -0.1555657536 0.9861320853 0.0578166656 0.6935561895 0.1507132500 -0.7044610381
-380.2 104.0 2621.3 -0.7048698664 -0.0617344491 -0.7066451311 -0.1335126162 0.9899465442 0.0466927551 0.6966583729 0.1272583455 -0.7060258389
-293.3 319.6 2548.6 -0.8406551480 -0.4636546671 0.2798628509 -0.5357586741 0.6364809275 -0.5548465252 0.0791298002 -0.6163735390 -0.7834680080
-92.3 447.7 2529.6 -0.4230996072 -0.4636546671 0.7784671187 -0.7702772021 0.6364809275 -0.0395605788 -0.4771370590 -0.6163735390 -0.6264374852
-491.7 282.0 2744.6 -0.2214945555 0.8927394152 -0.3923728764 -0.9164581895 -0.0530693792 0.3965955973 0.3332335353 0.4474371076 0.8299129009
-551.5 34.7 2834.5 -0.0873188451 0.8956890702 -0.4360234737 -0.9886099100 -0.0240554139 0.1485656351 0.1225798875 0.4440297186 0.8875876069
-302.6 -77.9 2531.5 -0.3586785495 0.3057258725 -0.8819758296 0.0998330787 0.9519892931 0.2893954217 0.9281072617 0.0157495681 -0.3719797134
-424.2 -456.4 2525.2 -0.3906008601 0.1958235502 -0.8994910121 -0.0392956175 0.9726752639 0.2288201004 0.9197210670 0.1247233897 -0.3722327948
-432.6 -105.0 2659.9 -0.7987479568 0.0077966615 -0.6016151905 -0.0381401293 0.9972488284 0.0635614991 0.6004556417 0.0737152994 -0.7962531447
-435.7 -501.5 2630.6 -0.7987479568 0.0077966615 -0.6016151905 -0.0381401293 0.9972488284 0.0635614991 0.6004556417 0.0737152994 -0.7962531447
17.9 648.3 2653.9 0 0 0 0 0 0 0 0 0
-574.2 -222.3 2866.4 0 0 0 0 0 0 0 0 0
-494.0 -803.0 2480.8 0 0 0 0 0 0 0 0 0
-438.7 -882.8 2602.4 0 0 0 0 0 0 0 0 0
-405.8 504.9 2676.2 5 -0.7191462517 -0.0631858036 -0.6919798851 -0.1436357945 0.9878660440 0.0590711348 0.6798509955 0.1418738812 -0.7194959521
-393.2 307.6 2647.9 -0.7191462517 -0.0631858036 -0.6919798851 -0.1436357945 0.9878660440 0.0590711348 0.6798509955 0.1418738812 -0.7194959521
-382.3 110.6 2623.5 -0.7202811241 -0.0551267751 -0.6914883256 -0.1246553734 0.9908962250 0.0508497395 0.6823900342 0.1228238493 -0.7205957174
-291.9 325.2 2551.9 -0.8480048180 -0.4589630663 0.2650297582 -0.5209587216 0.6299329400 -0.5760090947 0.0974159241 -0.6265280247 -0.7732869983
-93.8 446.8 2529.1 -0.4144149125 -0.4589630663 0.7858836651 -0.7755620480 0.6299329400 -0.0410855971 -0.4761972725 -0.6265280247 -0.6170079112
-494.5 290.1 2743.9 -0.2368666679 0.8827873468 -0.4056855142 -0.9132630229 -0.0598691925 0.4029470980 0.3314285278 0.4659422934 0.8203980327
-558.5 43.6 2833.3 -0.0990707800 0.8860764503 -0.4528283775 -0.9873464704 -0.0309066586 0.1555368900 0.1238221601 0.4625076652 0.8779263496
-303.3 -80.6 2532.1 -0.3785797656 0.3037478626 -0.8743080497 0.1006990373 0.9525268674 0.2873190641 0.9200744629 0.0207312051 -0.3911945224
-424.1 -459.3 2523.8 -0.4090776443 0.1977805793 -0.8908076882 -0.0310947709 0.9726396799 0.2302286029 0.9119696021 0.1218808368 -0.3917351961
-437.4 -97.8 2661.6 -0.8112659454 0.0156149780 -0.5844687819 -0.0287233442 0.9973718524 0.0665154606 0.5839713812 0.0707496256 -0.8086853027
-443.6 -494.3 2633.5 -0.8112659454 0.0156149780 -0.5844687819 -0.0287233442 0.9973718524 0.0665154606 0.5839713812 0.0707496256 -0.8086853027
14.2 648.9 2653.2 0 0 0 0 0 0 0 0 0
-584.2 -213.0 2865.5 0 0 0 0 0 0 0 0 0
-493.9 -802.5 2480.8 0 0 0 0 0 0 0 0 0
-449.6 -875.6 2606.4 0 0 0 0 0 0 0 0 0
-404.3 503.5 2675.0 6 -0.7052962780 -0.0535228923 -0.7068892717 -0.1367499530 0.9886896014 0.0615820736 0.6955980062 0.1401006877 -0.7046383619
-393.7 306.6 2647.1 -0.7052962780 -0.0535228923 -0.7068892717 -0.1367499530 0.9886896014 0.0615820736 0.6955980062 0.1401006877 -0.7046383619
-384.2 109.5 2622.6 -0.7061281204 -0.0473639071 -0.7064982057 -0.1204248592 0.9912577271 0.0539074838 0.6977685690 0.1231455430 -0.7056587338
-294.3 323.5 2548.9 -0.8474386334 -0.4474026263 0.2857948542 -0.5252493620 0.6282859445 -0.5739075541 0.0772068575 -0.6364650130 -0.7674316764
-91.6 449.1 2530.5 -0.4003910422 -0.4474026263 0.7996986508 -0.7770752907 0.6282859445 -0.0375606753 -0.4856346548 -0.6364650130 -0.5992255807
-493.0 289.6 2745.3 -0.2343802601 0.8922640681 -0.3859154582 -0.9117667675 -0.0640393347 0.4056850374 0.3372644186 0.4469494522 0.8285462856
-556.3 43.5 2836.3 -0.1014665663 0.8956282139 -0.4330757856 -0.9867178202 -0.0350921825 0.1586080790 0.1268562973 0.4434170127 0.8872929811
-305.2 -74.9 2536.4 -0.3663625121 0.2994335592 -0.8809756041 0.0779485703 0.9533534646 0.2916182578 0.9272014499 0.0381672196 -0.3726134002
-424.3 -453.9 2521.3 -0.3901690841 0.1932195127 -0.9002412558 -0.0301956888 0.9745221138 0.2222494483 0.9202479720 0.1138982698 -0.3743940294
-439.6 -98.6 2662.1 -0.7987027764 0.0222594757 -0.6013138294 -0.0240314454 0.9973382354 0.0688396096 0.6012456417 0.0694328249 -0.7960419059
-448.4 -495.2 2634.5 -0.7987027764 0.0222594757 -0.6013138294 -0.0240314454 0.9973382354 0.0688396096 0.6012456417 0.0694328249 -0.7960419059
12.7 651.6 2657.0 0 0 0 0 0 0 0 0 0
-582.6 -213.0 2869.3 0 0 0 0 0 0 0 0 0
-493.4 -802.5 2480.5 0 0 0 0 0 0 0 0 0
-457.0 -876.4 2608.0 0 0 0 0 0 0 0 0 0
-404.9 502.8 2675.4 7 -0.6907702088 -0.0568080209 -0.7208393216 -0.1294656545 0.9905161262 0.0460043699 0.7113896012 0.1251023859 -0.6915737391
-393.5 305.0 2650.4 -0.6907702088 -0.0568080209 -0.7208393216 -0.1294656545 0.9905161262 0.0460043699 0.7113896012 0.1251023859 -0.6915737391
-384.0 107.7 2629.0 -0.6917465329 -0.0480168313 -0.7205422521 -0.1109914780 0.9930005670 0.0403824039 0.7135598063 0.1079084352 -0.6922341585
-296.2 320.6 2550.0 -0.8456912637 -0.4522417486 0.2833437622 -0.5271865129 0.6254175901 -0.5752627254 0.0829496607 -0.6358696818 -0.7673259377
-93.3 447.2 2530.1 -0.3988911211 -0.4522417486 0.7977238297 -0.7794950604 0.6254175901 -0.0352173671 -0.4829837382 -0.6358696818 -0.6019937396
-490.8 289.4 2750.8 -0.2246834785 0.9011821151 -0.3706590533 -0.9068092108 -0.0541411601 0.4180499613 0.3566712439 0.4300459623 0.8293648958
-551.5 44.7 2847.0 -0.0956928506 0.9043849707 -0.4158493280 -0.9848105907 -0.0252101701 0.1717921197 0.1448825747 0.4259721041 0.8930603862
-310.1 -76.5 2534.2 -0.3501769602 0.2846422791 -0.8923871517 0.0852758288 0.9584407806 0.2722485662 0.9327937365 0.0192361195 -0.3598969877
-423.2 -457.5 2526.5 -0.3803800046 0.1980217844 -0.9033816457 -0.0462545864 0.9715121388 0.2324320823 0.9236728549 0.1301980615 -0.3603843749
-437.8 -99.9 2673.0 -0.7865250707 0.0203467682 -0.6172230840 -0.0165885184 0.9984003901 0.0540509708 0.6173354983 0.0527512580 -0.7849293947
-445.9 -496.8 2652.0 -0.7865250707 0.0203467682 -0.6172230840 -0.0165885184 0.9984003901 0.0540509708 0.6173354983 0.0527512580 -0.7849293947
10.7 650.2 2656.0 0 0 0 0 0 0 0 0 0
-576.3 -211.3 2884.7 0 0 0 0 0 0 0 0 0
-493.5 -802.5 2480.3 0 0 0 0 0 0 0 0 0
-453.7 -878.5 2631.8 0 0 0 0 0 0 0 0 0
-401.6 503.0 2677.1 8 -0.6503319144 -0.0433427729 -0.7584127188 -0.1206666455 0.9915891886 0.0468018837 0.7500053048 0.1219518781 -0.6500921249
-393.0 305.6 2652.8 -0.6503319144 -0.0433427729 -0.7584127188 -0.1206666455 0.9915891886 0.0468018837 0.7500053048 0.1219518781 -0.6500921249
-385.1 108.0 2632.5 -0.6510616541 -0.0391145162 -0.7580163479 -0.1030935720 0.9939736724 0.0372570828 0.7519909739 0.1024032682 -0.6511706114
-301.5 320.1 2547.2 -0.8534578681 -0.4406006336 0.2783536017 -0.5156735778 0.6366245747 -0.5734020472 0.0754345581 -0.6329140663 -0.7705383897
-95.6 444.5 2529.0 -0.4062981308 -0.4406006336 0.8004953861 -0.7701111436 0.6366245747 -0.0404718705 -0.4917831123 -0.6329140663 -0.5979708433
-484.4 291.1 2758.4 -0.2065468729 0.9237189889 -0.3226169050 -0.9034502506 -0.0534586683 0.4253467321 0.3756541610 0.3793223500 0.8455758691
-540.1 47.3 2859.8 -0.0899373814 0.9267599583 -0.3647290468 -0.9833590984 -0.0245903581 0.1800004244 0.1578483731 0.3748483956 0.9135494232
-310.9 -79.6 2542.1 -0.3150492609 0.2786130905 -0.9072588682 0.0334660225 0.9586066008 0.2827604115 0.9484850764 0.0587211102 -0.3113323450
-421.6 -460.3 2518.8 -0.3311994672 0.2047768384 -0.9210718274 -0.0389726348 0.9723640084 0.2301941365 0.9427555799 0.1121367738 -0.3140657544
-436.9 -99.1 2681.1 -0.7508087754 0.0258936249 -0.6600118876 -0.0091683306 0.9987264872 0.0496116988 0.6604560018 0.0433001071 -0.7496151924
-447.2 -496.1 2663.8 -0.7508087754 0.0258936249 -0.6600118876 -0.0091683306 0.9987264872 0.0496116988 0.6604560018 0.0433001071 -0.7496151924
10.2 645.1 2657.1 0 0 0 0 0 0 0 0 0
-563.5 -208.3 2900.8 0 0 0 0 0 0 0 0 0
-493.3 -801.0 2479.5 0 0 0 0 0 0 0 0 0
-457.1 -877.9 2647.3 0 0 0 0 0 0 0 0 0
-405.3 501.4 2676.4 9 -0.7023974061 -0.0535501912 -0.7097677588 -0.1239025220 0.9911406636 0.0478368290 0.7009180188 0.1215424761 -0.7028096318
-394.6 303.6 2652.2 -0.7023974061 -0.0535501912 -0.7097677588 -0.1239025220 0.9911406636 0.0478368290 0.7009180188 0.1215424761 -0.7028096318
-385.8 106.1 2631.5 -0.7033193707 -0.0443562530 -0.7094888091 -0.1052127406 0.9935547113 0.0421821997 0.7030448914 0.1043148190 -0.7034531236
-296.0 318.4 2553.6 -0.8470615149 -0.4725253582 0.2433241010 -0.5201405287 0.6428673863 -0.5622947216 0.1092733741 -0.6028609276 -0.7903278470
-97.1 440.5 2527.9 -0.4069203436 -0.4725253582 0.7817516327 -0.7659109235 0.6428673863 -0.0100972848 -0.4977914393 -0.6028609276 -0.6235081553
-493.3 288.8 2750.8 -0.2343398780 0.8941619396 -0.3815222085 -0.9050847888 -0.0574264154 0.4213357270 0.3548329175 0.4440457225 0.8227496743
-556.5 44.7 2846.5 -0.1027508304 0.8975636959 -0.4287442863 -0.9839727879 -0.0285641719 0.1760160178 0.1457388699 0.4399584830 0.8861132860
-317.7 -80.2 2543.3 -0.3790886998 0.2600354850 -0.8880727887 0.0398024321 0.9633986950 0.2651012242 0.9245039225 0.0651494265 -0.3755636215
-421.0 -463.0 2517.4 -0.3921417892 0.2103788704 -0.8955252767 -0.0173774604 0.9716299772 0.2358669788 0.9197406173 0.1080552563 -0.3773608506
-441.2 -101.0 2675.1 -0.7960885167 0.0246395618 -0.6046783924 -0.0107022524 0.9984413981 0.0547747351 0.6050855517 0.0500769578 -0.7945840359
-451.0 -498.0 2655.2 -0.7960885167 0.0246395618 -0.6046783924 -0.0107022524 0.9984413981 0.0547747351 0.6050855517 0.0500769578 -0.7945840359
8.9 640.0 2657.6 0 0 0 0 0 0 0 0 0
-583.2 -211.0 2884.4 0 0 0 0 0 0 0 0 0
-494.0 -799.9 2480.0 0 0 0 0 0 0 0 0 0
-460.5 -879.7 2636.1 0 0 0 0 0 0 0 0 0
-405.9 502.2 2677.1 0 -0.7044442296 -0.0513288230 -0.7079009414 -0.1232267097 0.9910793304 0.0507633239 0.6989803314 0.1229922324 -0.7044851780
-395.7 304.7 2652.6 -0.7044442296 -0.0513288230 -0.7079009414 -0.1232267097 0.9910793304 0.0507633239 0.6989803314 0.1229922324 -0.7044851780
-387.5 107.2 2631.9 -0.7054021358 -0.0411026813 -0.7076146007 -0.1026569009 0.9937158227 0.0446147025 0.7013339996 0.1041128263 -0.7051887512
-296.6 319.1 2554.1 -0.8455908895 -0.4762109816 0.2412449867 -0.5243760943 0.6562801600 -0.5425183177 0.1000288650 -0.5852516294 -0.8046581745
-97.5 442.6 2530.5 -0.4112057090 -0.4762109816 0.7772599459 -0.7545116544 0.6562801600 0.0029183414 -0.5114899874 -0.5852516294 -0.6291728616
-494.8 290.3 2751.1 -0.2388447076 0.8928194642 -0.3818724751 -0.9039043188 -0.0607137829 0.4234038889 0.3548383117 0.4463039637 0.8215245008
-559.3 46.4 2846.9 -0.1069023982 0.8963440061 -0.4302781224 -0.9835157990 -0.0318552591 0.1779940128 0.1458372474 0.4422133267 0.8849739432
-312.6 -81.8 2546.5 -0.3797924519 0.2740194499 -0.8835558891 0.0462830625 0.9595538974 0.2776943445 0.9239131808 0.0645725429 -0.3771137893
-421.5 -463.2 2520.9 -0.3968572915 0.2073705494 -0.8941486478 -0.0282311253 0.9709265828 0.2377069145 0.9174460769 0.1195785403 -0.3794649839
-443.9 -99.8 2675.5 -0.7975938916 0.0282485299 -0.6025329828 -0.0077056075 0.9983441234 0.0570055060 0.6031455994 0.0501101278 -0.7960554957
-455.2 -496.7 2655.6 -0.7975938916 0.0282485299 -0.6025329828 -0.0077056075 0.9983441234 0.0570055060 0.6031455994 0.0501101278 -0.7960554957
9.6 639.1 2663.7 0 0 0 0 0 0 0 0 0
-587.0 -209.3 2884.8 0 0 0 0 0 0 0 0 0
-493.7 -801.1 2479.3 0 0 0 0 0 0 0 0 0
-466.0 -878.4 2636.4 0 0 0 0 0 0 0 0 0
-403.7 503.6 2676.9 1 -0.6990038753 -0.0490923151 -0.7134308219 -0.1261020303 0.9904693365 0.0553962179 0.7039118409 0.1286872476 -0.6985325217
-393.9 306.3 2651.3 -0.6990038753 -0.0490923151 -0.7134308219 -0.1261020303 0.9904693365 0.0553962179 0.7039118409 0.1286872476 -0.6985325217
-385.9 108.8 2629.7 -0.6999206543 -0.0403138809 -0.7130819559 -0.1057597771 0.9932491779 0.0476547293 0.7063468695 0.1087699160 -0.6994591951
-295.5 321.2 2552.0 -0.8453683853 -0.4603867233 0.2709175646 -0.5294632316 0.6548689008 -0.5392730236 0.0708586499 -0.5993252397 -0.7973633409
-98.0 444.9 2535.4 -0.4168268740 -0.4603867233 0.7837725878 -0.7555479407 0.6548689008 -0.0171474740 -0.5053738356 -0.5993252397 -0.6208111644
-492.3 291.4 2750.6 -0.2362803817 0.8962421417 -0.3753952384 -0.9053065181 -0.0627072901 0.4201045632 0.3529753983 0.4391102493 0.8261904120
-556.1 47.1 2845.9 -0.1059140190 0.8997394443 -0.4233806431 -0.9841122031 -0.0338299721 0.1742949784 0.1424971074 0.4351143241 0.8890275955
-314.7 -81.0 2547.0 -0.3714794517 0.2688584030 -0.8886609077 0.0461578928 0.9613181353 0.2715453804 0.9272930622 0.0598548204 -0.3695198894
-421.6 -463.1 2523.2 -0.3893242478 0.2077116370 -0.8973753452 -0.0315151922 0.9706680775 0.2383491844 0.9205614924 0.1210760698 -0.3713585436
-442.0 -98.3 2672.8 -0.7928736210 0.0287347659 -0.6087082624 -0.0103062876 0.9981124997 0.0605415031 0.6092989445 0.0542752817 -0.7910808921
-453.5 -495.2 2651.3 -0.7928736210 0.0287347659 -0.6087082624 -0.0103062876 0.9981124997 0.0605415031 0.6092989445 0.0542752817 -0.7910808921
10.6 641.7 2667.1 0 0 0 0 0 0 0 0 0
-583.6 -208.7 2882.9 0 0 0 0 0 0 0 0 0
-493.9 -801.1 2481.1 0 0 0 0 0 0 0 0 0
-464.4 -876.8 2630.5 0 0 0 0 0 0 0 0 0
-404.7 502.5 2677.9 2 -0.6937149167 -0.0547563955 -0.7181652784 -0.1361944377 0.9890899062 0.0561446063 0.7072557807 0.1367584616 -0.6936039329
-393.8 305.3 2650.6 -0.6937149167 -0.0547563955 -0.7181652784 -0.1361944377 0.9890899062 0.0561446063 0.7072557807 0.1367584616 -0.6936039329
-384.5 108.1 2627.6 -0.6947670579 -0.0468743406 -0.7177057266 -0.1156822965 0.9921649098 0.0471853279 0.7098706365 0.1158086583 -0.6947460175
-296.1 321.6 2550.7 -0.8449267745 -0.4482202530 0.2918858826 -0.5323310494 0.6514225602 -0.5406221151 0.0521767139 -0.6121659875 -0.7890059352
-96.3 447.5 2538.4 -0.4129147828 -0.4482202530 0.7928429842 -0.7582477331 0.6514225602 -0.0266268514 -0.5045410991 -0.6121659875 -0.6088440418
-491.6 289.1 2750.5 -0.2276196778 0.8993493915 -0.3733094335 -0.9093194008 -0.0591811463 0.4118686914 0.3483209908 0.4332069159 0.8312666416
-553.0 43.6 2844.5 -0.0979553610 0.9026139379 -0.4191572666 -0.9857920408 -0.0302557088 0.1652229279 0.1364506185 0.4293863773 0.8927533627
-313.7 -78.9 2543.3 -0.3619763553 0.2697733343 -0.8922978640 0.0519963764 0.9615616798 0.2696210146 0.9307360053 0.0512001775 -0.3620898426
-420.9 -461.2 2523.0 -0.3821035028 0.2080908269 -0.9003860950 -0.0348700695 0.9703773260 0.2390647680 0.9234614372 0.1227440089 -0.3635284305
-438.9 -99.8 2669.7 -0.7890080810 0.0218658801 -0.6139935851 -0.0202258192 0.9979003668 0.0615288280 0.6140497923 0.0609652698 -0.7869092226
-447.6 -496.5 2645.4 -0.7890080810 0.0218658801 -0.6139935851 -0.0202258192 0.9979003668 0.0615288280 0.6140497923 0.0609652698 -0.7869092226
11.3 645.0 2669.8 0 0 0 0 0 0 0 0 0
-578.5 -212.6 2879.9 0 0 0 0 0 0 0 0 0
-493.6 -800.1 2480.1 0 0 0 0 0 0 0 0 0
-456.0 -878.0 2622.1 0 0 0 0 0 0 0 0 0
-406.1 504.7 2687.3 3 -0.6581858397 -0.0507962741 -0.7511398792 -0.1529099941 0.9859450459 0.0673121735 0.7371634245 0.1591607034 -0.6567023396
-395.9 308.0 2655.6 -0.6581858397 -0.0507962741 -0.7511398792 -0.1529099941 0.9859450459 0.0673121735 0.7371634245 0.1591607034 -0.6567023396
-386.1 111.2 2629.4 -0.6592680812 -0.0496868528 -0.7502645254 -0.1316284090 0.9900323749 0.0500980876 0.7402969599 0.1317842007 -0.6592369676
-303.3 326.6 2551.5 -0.8605180979 -0.4226914346 0.2843247056 -0.5072739720 0.6598322392 -0.5543414950 0.0467087775 -0.6212514043 -0.7822179794
-96.9 448.2 2540.3 -0.4106830359 -0.4226914346 0.8078808188 -0.7505355477 0.6598322392 -0.0363008715 -0.5177217722 -0.6212514043 -0.5882268548
-488.6 289.5 2759.6 -0.2032890022 0.9193163514 -0.3369435966 -0.9161310196 -0.0571574606 0.3967832327 0.3455104828 0.3893461525 0.8538337350
-543.4 42.3 2852.8 -0.0833023041 0.9221521020 -0.3777515590 -0.9884216785 -0.0282172915 0.1490851939 0.1268201023 0.3857969642 0.9138256907
-311.5 -78.5 2539.5 -0.3165990710 0.2769120336 -0.9072401524 0.0402821973 0.9595021009 0.2788064182 0.9477037191 0.0517242290 -0.3149321079
-421.6 -460.0 2518.9 -0.3334684968 0.2072008252 -0.9197100401 -0.0343672000 0.9722291827 0.2314936817 0.9421346188 0.1088037118 -0.3170869052
-436.7 -97.7 2671.0 -0.7587525845 0.0166437868 -0.6511662602 -0.0355729498 0.9971228838 0.0669367760 0.6504068375 0.0739523545 -0.7559775114
-443.3 -494.1 2641.6 -0.7587525845 0.0166437868 -0.6511662602 -0.0355729498 0.9971228838 0.0669367760 0.6504068375 0.0739523545 -0.7559775114
10.1 643.7 2675.2 0 0 0 0 0 0 0 0 0
-565.1 -214.6 2885.8 0 0 0 0 0 0 0 0 0
-493.9 -799.3 2480.9 0 0 0 0 0 0 0 0 0
-449.7 -875.3 2613.3 0 0 0 0 0 0 0 0 0
-409.6 498.0 2692.1 4 -0.6523078084 -0.0622686818 -0.7553920150 -0.1649364233 0.9843985438 0.0612822473 0.7397908568 0.1645665616 -0.6524012089
-397.1 301.4 2659.2 -0.6523078084 -0.0622686818 -0.7553920150 -0.1649364233 0.9843985438 0.0612822473 0.7397908568 0.1645665616 -0.6524012089
-385.4 104.9 2631.7 -0.6536571383 -0.0594698377 -0.7544506192 -0.1430680305 0.9886421561 0.0460242890 0.7431446314 0.1380218714 -0.6547412276
-305.2 321.6 2554.7 -0.8520826101 -0.4569686651 0.2552153170 -0.5186027288 0.6711785197 -0.5296891928 0.0707563311 -0.5836942792 -0.8088847399
-99.8 446.6 2537.6 -0.4068095684 -0.4569686651 0.7910029292 -0.7412671447 0.6711785197 0.0065145050 -0.5338810682 -0.5836942792 -0.6117777228
-489.1 281.3 2763.7 -0.1915630847 0.9220716357 -0.3362848759 -0.9201944470 -0.0495532192 0.3883126080 0.3413880467 0.3838338256 0.8579777479
-540.8 33.0 2855.8 -0.0719806924 0.9245793819 -0.3741279840 -0.9899790883 -0.0205379855 0.1397125572 0.1214915141 0.3804354966 0.9167925715
-315.9 -73.5 2535.3 -0.3051118851 0.2655218244 -0.9145517349 0.0549805239 0.9636539221 0.2614350915 0.9507280588 0.0294844192 -0.3086207807
-421.5 -456.5 2523.6 -0.3292077184 0.2064381838 -0.9214149714 -0.0496386550 0.9706761837 0.2352100462 0.9429519176 0.1231707558 -0.3093067706
-433.5 -104.7 2672.4 -0.7546619177 0.0063216249 -0.6560833454 -0.0476255231 0.9967879653 0.0643858612 0.6543830633 0.0798358694 -0.7519368529
-436.0 -501.0 2640.7 -0.7546619177 0.0063216249 -0.6560833454 -0.0476255231 0.9967879653 0.0643858612 0.6543830633 0.0798358694 -0.7519368529
6.2 639.7 2676.7 0 0 0 0 0 0 0 0 0
-559.5 -224.4 2887.4 0 0 0 0 0 0 0 0 0
-494.4 -799.7 2480.1 0 0 0 0 0 0 0 0 0
-438.4 -882.1 2610.2 0 0 0 0 0 0 0 0 0
-407.2 495.7 2683.9 5 -0.6671572924 -0.0525837466 -0.7430586219 -0.1408995837 0.9884068966 0.0565608703 0.7314701080 0.1424316466 -0.6668318510
-396.7 299.1 2655.6 -0.6671572924 -0.0525837466 -0.7430586219 -0.1408995837 0.9884068966 0.0565608703 0.7314701080 0.1424316466 -0.6668318510
-387.3 102.0 2631.6 -0.6681403518 -0.0480199680 -0.7424840331 -0.1215515360 0.9915530682 0.0452523455 0.7340393066 0.1204849929 -0.6683335304
-302.8 316.2 2552.4 -0.8398575783 -0.4794248641 0.2545408607 -0.5385107994 0.6770377755 -0.5016233325 0.0681569278 -0.5583651662 -0.8267907500
-102.8 444.4 2536.1 -0.4079522491 -0.4794248641 0.7769985795 -0.7352649570 0.6770377755 0.0317062847 -0.5412581563 -0.5583651662 -0.6287033558
-490.7 282.0 2758.8 -0.2102444768 0.9146101475 -0.3453774154 -0.9115639329 -0.0557135902 0.4073661566 0.3533389866 0.4004800618 0.8454390764
-547.4 36.0 2854.1 -0.0879082531 0.9175813198 -0.3877069652 -0.9867055416 -0.0268017706 0.1602931023 0.1366907209 0.3966436982 0.9077386260
-313.6 -78.5 2536.2 -0.3244406581 0.2692600191 -0.9067730308 0.0611893348 0.9625954628 0.2639427781 0.9439248443 0.0301489253 -0.3287809491
-420.7 -461.1 2524.2 -0.3487452269 0.2102358788 -0.9133332372 -0.0420856103 0.9700198174 0.2393541634 0.9362721443 0.1219118014 -0.3294418454
-439.0 -106.2 2674.9 -0.7662792802 0.0189273506 -0.6422287822 -0.0262401905 0.9978101254 0.0607154593 0.6419715881 0.0633772016 -0.7641045451
-446.5 -502.8 2649.7 -0.7662792802 0.0189273506 -0.6422287822 -0.0262401905 0.9978101254 0.0607154593 0.6419715881 0.0633772016 -0.7641045451
3.5 636.0 2677.1 0 0 0 0 0 0 0 0 0
-570.3 -220.4 2889.7 0 0 0 0 0 0 0 0 0
-494.0 -799.6 2481.6 0 0 0 0 0 0 0 0 0
-453.8 -884.2 2625.5 0 0 0 0 0 0 0 0 0
-408.5 500.4 2680.3 6 -0.6800323129 -0.0587168522 -0.7308271527 -0.1348918378 0.9897922873 0.0459935367 0.7206665277 0.1298597157 -0.6810112000
-396.8 303.2 2654.5 -0.6800323129 -0.0587168522 -0.7308271527 -0.1348918378 0.9897922873 0.0459935367 0.7206665277 0.1298597157 -0.6810112000
-386.7 105.9 2632.9 -0.6811693907 -0.0512945354 -0.7303267121 -0.1144007221 0.9927463531 0.0369749628 0.7231326103 0.1087361127 -0.6820965409
-301.0 319.3 2552.8 -0.8441644311 -0.4680443406 0.2613826990 -0.5330781341 0.6813264489 -0.5016193390 0.0566931330 -0.5627865791 -0.8246557713
-101.8 445.1 2539.4 -0.4008774459 -0.4680443406 0.7875479460 -0.7312490940 0.6813264489 0.0326960720 -0.5518804789 -0.5627865791 -0.6153854132
-492.7 287.1 2756.2 -0.2155975401 0.9072853327 -0.3610415459 -0.9078847766 -0.0501135066 0.4162137806 0.3595316112 0.4175187945 0.8345148563
-550.8 42.1 2853.2 -0.0892673358 0.9102957249 -0.4042190611 -0.9852512479 -0.0212207101 0.1697931588 0.1459841728 0.4134143293 0.8987642527
-316.5 -83.9 2540.3 -0.3447166085 0.2707953155 -0.8987994194 0.0596604571 0.9618712068 0.2669163942 0.9368090034 0.0383877270 -0.3477287591
-424.2 -466.3 2525.1 -0.3685211837 0.2015104592 -0.9075162411 -0.0450322442 0.9712077379 0.2339394540 0.9285280108 0.1270791292 -0.3488361537
-439.0 -102.0 2677.5 -0.7777324915 0.0166487508 -0.6283748746 -0.0201767292 0.9984729290 0.0514269844 0.6282715201 0.0526749864 -0.7762089372
-445.6 -498.9 2656.6 -0.7777324915 0.0166487508 -0.6283748746 -0.0201767292 0.9984729290 0.0514269844 0.6282715201 0.0526749864 -0.7762089372
2.6 635.6 2683.1 0 0 0 0 0 0 0 0 0
-574.0 -214.0 2891.2 0 0 0 0 0 0 0 0 0
-493.4 -800.2 2481.4 0 0 0 0 0 0 0 0 0
-452.0 -880.6 2636.5 0 0 0 0 0 0 0 0 0
-410.9 500.8 2679.1 7 -0.6912959814 -0.0651860237 -0.7196253538 -0.1395447701 0.9892178178 0.0444447435 0.7089690566 0.1311444342 -0.6929386854
-398.0 303.7 2652.9 -0.6912959814 -0.0651860237 -0.7196253538 -0.1395447701 0.9892178178 0.0444447435 0.7089690566 0.1311444342 -0.6929386854
-386.9 106.4 2630.8 -0.6925731897 -0.0556149110 -0.7192004919 -0.1185953990 0.9922351837 0.0374762230 0.7115318179 0.1112488955 -0.6937911510
-300.5 320.4 2552.8 -0.8433006406 -0.4692295790 0.2620450854 -0.5346422195 0.6827278137 -0.4980365336 0.0547880046 -0.5600948930 -0.8266147971
-101.3 446.7 2539.9 -0.3981682658 -0.4692295790 0.7882167697 -0.7296929955 0.6827278137 0.0378265269 -0.5558868647 -0.5600948930 -0.6142340899
-495.4 287.0 2753.0 -0.2189849317 0.9005119205 -0.3756646514 -0.9096484780 -0.0491409041 0.4124618769 0.3529663384 0.4320456982 0.8299103975
-554.5 41.5 2848.3 -0.0889732316 0.9035127163 -0.4192236662 -0.9859690666 -0.0202093627 0.1657001823 0.1412399858 0.4280844629 0.8926337361
-314.1 -81.0 2544.9 -0.3608361185 0.2784141004 -0.8901027441 0.0529815815 0.9589796066 0.2784799635 0.9311231375 0.0533265807 -0.3607853055
-424.7 -462.2 2523.7 -0.3823333681 0.1949164420 -0.9032323956 -0.0448594205 0.9724303484 0.2288380265 0.9229348898 0.1280108988 -0.3630487323
-439.4 -101.7 2674.0 -0.7878197432 0.0130827837 -0.6157669425 -0.0243589040 0.9983302951 0.0523759276 0.6154240370 0.0562621951 -0.7861856222
-444.6 -498.6 2651.6 -0.7878197432 0.0130827837 -0.6157669425 -0.0243589040 0.9983302951 0.0523759276 0.6154240370 0.0562621951 -0.7861856222
2.5 636.8 2684.7 0 0 0 0 0 0 0 0 0
-577.6 -214.8 2885.0 0 0 0 0 0 0 0 0 0
-492.7 -801.4 2479.1 0 0 0 0 0 0 0 0 0
-449.6 -880.2 2630.1 0 0 0 0 0 0 0 0 0
-408.2 505.4 2677.4 8 -0.7104927301 -0.0561727732 -0.7014589906 -0.1330355257 0.9895558357 0.0555052795 0.6910149455 0.1327550560 -0.7105451822
-397.0 308.0 2650.9 -0.7104927301 -0.0561727732 -0.7014589906 -0.1330355257 0.9895558357 0.0555052795 0.6910149455 0.1327550560 -0.7105451822
-386.7 110.7 2628.8 -0.7114697695 -0.0521055311 -0.7007822990 -0.1151516885 0.9924116135 0.0431186818 0.6932177544 0.1113739014 -0.7120708823
-296.9 324.2 2553.4 -0.8457320333 -0.4748190939 0.2434834689 -0.5294606686 0.6899285316 -0.4936293960 0.0663984567 -0.5463930964 -0.8348926902
-101.5 446.5 2538.1 -0.3918682039 -0.4748190939 0.7880267501 -0.7216413021 0.6899285316 0.0568546355 -0.5706778169 -0.5463930964 -0.6130101085
-497.1 291.8 2748.4 -0.2337900251 0.8887227178 -0.3943528533 -0.9087749124 -0.0555504896 0.4135725796 0.3456448615 0.4550671279 0.8206360340
-560.2 46.5 2841.7 -0.0988423973 0.8920082450 -0.4410799444 -0.9855965376 -0.0266330782 0.1670033038 0.1372209936 0.4512338936 0.8817927241
-312.4 -79.9 2543.5 -0.3812292814 0.2863397598 -0.8790186644 0.0646964759 0.9567565322 0.2836040556 0.9222139716 0.0512487628 -0.3832688034
-426.2 -460.3 2523.1 -0.4038226008 0.1881014854 -0.8952905536 -0.0403804146 0.9740148783 0.2228552252 0.9139456749 0.1261461824 -0.3857336044
-441.6 -97.1 2670.2 -0.8035969734 0.0179628395 -0.5949027538 -0.0202517454 0.9981403947 0.0574945696 0.5948292017 0.0582502782 -0.8017387986
-448.7 -494.0 2647.0 -0.8035969734 0.0179628395 -0.5949027538 -0.0202517454 0.9981403947 0.0574945696 0.5948292017 0.0582502782 -0.8017387986
0.5 634.5 2686.7 0 0 0 0 0 0 0 0 0
-585.9 -209.7 2877.4 0 0 0 0 0 0 0 0 0
-492.3 -802.5 2478.8 0 0 0 0 0 0 0 0 0
-455.6 -875.6 2624.8 0 0 0 0 0 0 0 0 0
-408.7 504.7 2677.6 9 -0.7061744332 -0.0576275475 -0.7056888938 -0.1320160776 0.9899208546 0.0512685776 0.6956216097 0.1293668300 -0.7066645026
-397.2 307.4 2651.8 -0.7061744332 -0.0576275475 -0.7056888938 -0.1320160776 0.9899208546 0.0512685776 0.6956216097 0.1293668300 -0.7066645026
-387.1 110.0 2630.4 -0.7072641253 -0.0511507280 -0.7050965428 -0.1121533811 0.9928663969 0.0404713713 0.6979964972 0.1077029109 -0.7079554796
-297.7 323.2 2553.6 -0.8418959975 -0.4754475653 0.2552661002 -0.5369501114 0.6908819079 -0.4841144383 0.0538122989 -0.5446391106 -0.8369423151
-99.4 449.6 2540.9 -0.3880584836 -0.4754475653 0.7895316482 -0.7203034163 0.6908819079 0.0620092601 -0.5749552846 -0.5446391106 -0.6105691195
-496.7 291.6 2750.0 -0.2319477201 0.8914703131 -0.3892055452 -0.9072669744 -0.0539662503 0.4170783162 0.3508089781 0.4498536885 0.8213188648
-559.3 46.7 2844.7 -0.0982747972 0.8947414756 -0.4356372356 -0.9849973917 -0.0250569414 0.1707405299 0.1418529004 0.4458810389 0.8837804198
-311.1 -76.0 2543.1 -0.3760568202 0.2902579904 -0.8799611330 0.0669476390 0.9556993246 0.2866300344 0.9241749048 0.0488778614 -0.3788293600
-426.5 -456.0 2523.6 -0.3997921944 0.1815813929 -0.8984400034 -0.0463403873 0.9749239087 0.2176601291 0.9154336452 0.1286528707 -0.3813523948
-441.8 -97.7 2673.0 -0.7999627590 0.0185749363 -0.5997621417 -0.0176158752 0.9983629584 0.0544158630 0.5997910500 0.0540959984 -0.7983259559
-449.2 -494.6 2651.5 -0.7999627590 0.0185749363 -0.5997621417 -0.0176158752 0.9983629584 0.0544158630 0.5997910500 0.0540959984 -0.7983259559
1.7 637.3 2690.7 0 0 0 0 0 0 0 0 0
-584.9 -209.3 2881.6 0 0 0 0 0 0 0 0 0
-491.5 -805.2 2477.6 0 0 0 0 0 0 0 0 0
-456.3 -876.3 2630.8 0 0 0 0 0 0 0 0 0
-410.5 503.4 2677.2 0 -0.6862298846 -0.0553945899 -0.7252723575 -0.1210433245 0.9918898344 0.0387691855 0.7172426581 0.1143939495 -0.6873695850
-399.4 305.2 2654.3 -0.6862298846 -0.0553945899 -0.7252723575 -0.1210433245 0.9918898344 0.0387691855 0.7172426581 0.1143939495 -0.6873695850
-388.8 107.6 2635.5 -0.6870887280 -0.0530855544 -0.7246316671 -0.1053208411 0.9940705895 0.0270399023 0.7188996077 0.0948976278 -0.6886057258
-302.8 320.0 2553.2 -0.8425639272 -0.4751739502 0.2535660267 -0.5360082984 0.6936785579 -0.4811498821 0.0527365729 -0.5413130522 -0.8391656876
-100.2 448.8 2540.5 -0.3860400319 -0.4751739502 0.7906849980 -0.7171878815 0.6936785579 0.0667202845 -0.5801849961 -0.5413130522 -0.6085767150
-496.1 290.4 2755.4 -0.2174525261 0.9038761854 -0.3684049547 -0.9032402039 -0.0432829969 0.4269469976 0.3699615598 0.4255988598 0.8258293271
-554.8 46.6 2855.3 -0.0892063230 0.9068895578 -0.4118174314 -0.9833204150 -0.0143910972 0.1813115627 0.1585030556 0.4211226106 0.8930467963
-312.0 -77.1 2545.0 -0.3585483432 0.2863689065 -0.8885020614 0.0521138906 0.9564411640 0.2872358859 0.9320553541 0.0566846468 -0.3578541875
-425.9 -457.4 2522.4 -0.3786404729 0.1851263642 -0.9068404436 -0.0442138650 0.9750555158 0.2175130546 0.9244871736 0.1224541664 -0.3610103130
-441.3 -99.7 2682.5 -0.7829442620 0.0148975980 -0.6219134331 -0.0128134331 0.9991149306 0.0400644429 0.6219598651 0.0393370725 -0.7820604444
-447.2 -496.9 2666.9 -0.7829442620 0.0148975980 -0.6219134331 -0.0128134331 0.9991149306 0.0400644429 0.6219598651 0.0393370725 -0.7820604444
0.4 635.7 2691.7 0 0 0 0 0 0 0 0 0
-577.9 -209.0 2896.5 0 0 0 0 0 0 0 0 0
-492.0 -805.7 2478.7 0 0 0 0 0 0 0 0 0
-452.9 -878.8 2651.8 0 0 0 0 0 0 0 0 0
-407.7 506.1 2676.0 1 -0.7026022673 -0.0451235883 -0.7101506591 -0.1134343967 0.9923278093 0.0491752997 0.7024832368 0.1151061803 -0.7023302913
-398.7 308.1 2653.0 -0.7026022673 -0.0451235883 -0.7101506591 -0.1134343967 0.9923278093 0.0491752997 0.7024832368 0.1151061803 -0.7023302913
-389.6 110.4 2634.9 -0.7033548951 -0.0459184200 -0.7093542218 -0.0970073491 0.9947757721 0.0317923874 0.7041885257 0.0911739022 -0.7041348219
-299.8 321.7 2554.0 -0.8440973759 -0.4709359109 0.2563571036 -0.5337398648 0.6923302412 -0.4855930209 0.0511994250 -0.5467157960 -0.8357514143
-103.0 446.2 2542.0 -0.3888517022 -0.4709359109 0.7918419838 -0.7191994786 0.6923302412 0.0585738719 -0.5758007169 -0.5467157960 -0.6079106927
-497.7 294.5 2752.1 -0.2338162512 0.8940368891 -0.3821361065 -0.9001665115 -0.0505111180 0.4326070249 0.3674645126 0.4451366961 0.8165923953
-560.8 51.6 2851.2 -0.1018130556 0.8974133134 -0.4292824864 -0.9820119143 -0.0216860883 0.1875693947 0.1590178162 0.4406575263 0.8834785223
-315.2 -80.4 2550.7 -0.3808600307 0.2811008394 -0.8808677197 0.0486112498 0.9574375153 0.2845176458 0.9233539701 0.0655413195 -0.3783143461
-427.0 -461.1 2524.6 -0.4018826187 0.1805263311 -0.8977196813 -0.0532859713 0.9741019011 0.2197409272 0.9141394496 0.1361459196 -0.3818551004
-445.0 -96.3 2681.3 -0.7962393761 0.0234184545 -0.6045283079 -0.0038271288 0.9990355372 0.0437418371 0.6049696207 0.0371425785 -0.7953817844
-454.3 -493.5 2666.5 -0.7962393761 0.0234184545 -0.6045283079 -0.0038271288 0.9990355372 0.0437418371 0.6049696207 0.0371425785 -0.7953817844
-1.7 633.6 2692.0 0 0 0 0 0 0 0 0 0
-587.2 -203.7 2892.6 0 0 0 0 0 0 0 0 0
-490.8 -805.5 2476.5 0 0 0 0 0 0 0 0 0
-463.2 -875.4 2652.3 0 0 0 0 0 0 0 0 0
-408.0 504.5 2676.4 2 -0.7077557445 -0.0497982837 -0.7046998739 -0.1185482442 0.9917395115 0.0489801094 0.6964395642 0.1182068884 -0.7078128457
-398.1 307.0 2652.8 -0.7077557445 -0.0497982837 -0.7046998739 -0.1185482442 0.9917395115 0.0489801094 0.6964395642 0.1182068884 -0.7078128457
-388.9 109.3 2633.6 -0.7086168528 -0.0461950675 -0.7040796876 -0.1007333323 0.9942565560 0.0361487344 0.6983659267 0.0965398923 -0.7092003226
-298.4 321.1 2554.6 -0.8388149738 -0.4767354727 0.2628929913 -0.5426234603 0.6929549575 -0.4747348428 0.0441499390 -0.5408666134 -0.8399488926
-101.2 448.7 2544.2 -0.3844351172 -0.4767354727 0.7905269861 -0.7176827788 0.6929549575 0.0688828677 -0.5806385279 -0.5408666134 -0.6085410714
-497.8 292.8 2751.1 -0.2369479090 0.8906794190 -0.3880023658 -0.9021058083 -0.0534569733 0.4281908572 0.3606393635 0.4514781237 0.8161536455
-561.8 49.3 2848.4 -0.1034213975 0.8941024542 -0.4357577264 -0.9828450680 -0.0246026646 0.1827848405 0.1527075768 0.4471862018 0.8813086152
-316.0 -78.5 2552.2 -0.3855662048 0.2798038423 -0.8792317510 0.0507805087 0.9579014182 0.2825708091 0.9212817550 0.0643019229 -0.3835429847
-427.2 -459.4 2526.6 -0.4082506597 0.1739572138 -0.8961418867 -0.0615312159 0.9741989970 0.2171409577 0.9107937813 0.1437886357 -0.3870135844
-444.7 -97.6 2678.5 -0.8007213473 0.0235628504 -0.5985734463 -0.0068919896 0.9987975955 0.0485372059 0.5989973545 0.0429901369 -0.7995961308
-454.1 -494.7 2661.4 -0.8007213473 0.0235628504 -0.5985734463 -0.0068919896 0.9987975955 0.0485372059 0.5989973545 0.0429901369 -0.7995961308
-1.1 635.7 2695.5 0 0 0 0 0 0 0 0 0
-588.7 -206.2 2888.1 0 0 0 0 0 0 0 0 0
-489.1 -805.7 2475.5 0 0 0 0 0 0 0 0 0
-463.1 -876.5 2645.0 0 0 0 0 0 0 0 0 0
-410.2 508.3 2685.1 3 -0.7104353309 -0.0563783869 -0.7015005946 -0.1434169263 0.9874669909 0.0658825710 0.6889943480 0.1474123746 -0.7096170783
-398.9 310.7 2655.6 -0.7104353309 -0.0563783869 -0.7015005946 -0.1434169263 0.9874669909 0.0658825710 0.6889943480 0.1474123746 -0.7096170783
-389.3 113.7 2631.4 -0.7116959691 -0.0479419902 -0.7008498311 -0.1195048243 0.9913890958 0.0535377711 0.6922481060 0.1218575463 -0.7112969160
-298.7 327.5 2558.2 -0.8563219309 -0.4440024495 0.2637698650 -0.5144973397 0.6891502738 -0.5102591515 0.0447792485 -0.5726550221 -0.8185725808
-98.0 448.1 2547.7 -0.3702584207 -0.4440024495 0.8159476519 -0.7231004834 0.6891502738 0.0468784347 -0.5831246376 -0.5726550221 -0.5762220621
-499.0 293.9 2753.0 -0.2374816984 0.8886516690 -0.3923017681 -0.9113295078 -0.0640145466 0.4066702425 0.3362751603 0.4540929198 0.8250567317
-563.1 48.0 2843.7 -0.1028464362 0.8920621276 -0.4400542378 -0.9865621328 -0.0350155942 0.1595901400 0.1269555688 0.4505541325 0.8836759925
-314.7 -79.1 2550.4 -0.3811559379 0.2854062915 -0.8793539405 0.0561994538 0.9565497637 0.2861016095 0.9228010178 0.0596301183 -0.3806343079
-428.2 -459.4 2526.7 -0.4056526423 0.1709985733 -0.8978894353 -0.0658431351 0.9743251801 0.2153023034 0.9116526842 0.1464578062 -0.3839785159
-445.1 -94.3 2670.6 -0.8034641743 0.0220357999 -0.5949451923 -0.0232449621 0.9973917007 0.0683337152 0.5948991776 0.0687331706 -0.8008562326
-453.9 -490.7 2643.3 -0.8034641743 0.0220357999 -0.5949451923 -0.0232449621 0.9973917007 0.0683337152 0.5948991776 0.0687331706 -0.8008562326
-1.6 636.5 2699.6 0 0 0 0 0 0 0 0 0
-589.9 -208.3 2876.7 0 0 0 0 0 0 0 0 0
-489.1 -806.2 2474.5 0 0 0 0 0 0 0 0 0
-462.3 -871.9 2617.0 0 0 0 0 0 0 0 0 0
-409.8 508.0 2679.9 4 -0.7164176106 -0.0548451878 -0.6955125928 -0.1296525747 0.9900060296 0.0554818511 0.6855187416 0.1299231797 -0.7163686156
-398.8 310.2 2654.0 -0.7164176106 -0.0548451878 -0.6955125928 -0.1296525747 0.9900060296 0.0554818511 0.6855187416 0.1299231797 -0.7163686156
-389.6 112.9 2632.6 -0.7175277472 -0.0461623594 -0.6949985623 -0.1078577936 0.9931296110 0.0453896634 0.6881283522 0.1075293571 -0.7175770402
-297.8 325.4 2557.2 -0.8484346271 -0.4537409544 0.2725396156 -0.5280396938 0.6900717020 -0.4949495792 0.0365070142 -0.5638440847 -0.8250739574
-98.6 449.4 2548.6 -0.3722077906 -0.4537409544 0.8096792698 -0.7216502428 0.6900717020 0.0549723357 -0.5836799741 -0.5638440847 -0.5842923522
-499.8 295.1 2750.8 -0.2427537292 0.8848031759 -0.3977360427 -0.9058529735 -0.0600383878 0.4193158448 0.3471325636 0.4620808661 0.8160761595
-565.3 50.6 2844.5 -0.1066852361 0.8883223534 -0.4466560185 -0.9843894839 -0.0311207380 0.1732307822 0.1399845034 0.4581646621 0.8777753115
-314.5 -72.4 2543.7 -0.3896035552 0.2748130858 -0.8790260553 0.0659279525 0.9603170753 0.2710066736 0.9186199307 0.0476327725 -0.3922607899
-423.8 -454.1 2524.7 -0.4126320779 0.1927634478 -0.8902679682 -0.0385209918 0.9727851748 0.2284844965 0.9100829363 0.1285740435 -0.3939769268
-446.3 -94.4 2674.3 -0.8082464337 0.0243539587 -0.5883405209 -0.0126481801 0.9981958270 0.0586953722 0.5887085199 0.0548817627 -0.8064801693
-456.0 -491.2 2652.5 -0.8082464337 0.0243539587 -0.5883405209 -0.0126481801 0.9981958270 0.0586953722 0.5887085199 0.0548817627 -0.8064801693
-1.6 637.4 2700.7 0 0 0 0 0 0 0 0 0
-593.0 -205.2 2880.9 0 0 0 0 0 0 0 0 0
-493.2 -804.7 2478.4 0 0 0 0 0 0 0 0 0
-465.3 -872.7 2631.6 0 0 0 0 0 0 0 0 0
-409.3 510.5 2678.9 5 -0.7219826579 -0.0571584329 -0.6895462275 -0.1272565573 0.9905509353 0.0511331707 0.6801079512 0.1246665418 -0.7224343419
-397.9 312.8 2654.0 -0.7219826579 -0.0571584329 -0.6895462275 -0.1272565573 0.9905509353 0.0511331707 0.6801079512 0.1246665418 -0.7224343419
-389.1 115.4 2632.8 -0.7230965495 -0.0445478223 -0.6893090010 -0.1055288091 0.9933281541 0.0465058684 0.6826383471 0.1063701883 -0.7229732275
-296.2 327.7 2557.9 -0.8562148213 -0.4479575157 0.2573523819 -0.5145347118 0.6947086453 -0.5026270151 0.0463706255 -0.5627734661 -0.8253095150
-98.2 446.7 2547.2 -0.3680017889 -0.4479575157 0.8148059845 -0.7169384360 0.6947086453 0.0581308305 -0.5920928717 -0.5627734661 -0.5768119693
-499.7 298.0 2750.0 -0.2476377487 0.8810563684 -0.4030076563 -0.9049696326 -0.0618043803 0.4209634662 0.3459849060 0.4689561427 0.8126343489
-566.5 53.7 2843.4 -0.1101760939 0.8846748471 -0.4530028999 -0.9840092063 -0.0329114161 0.1750505120 0.1399538219 0.4650454223 0.8741542697
-314.6 -74.6 2548.1 -0.3965244889 0.2725107968 -0.8766448498 0.0676932409 0.9610055089 0.2681157887 0.9155249596 0.0469715483 -0.3995093405
-423.0 -456.7 2529.4 -0.4222799838 0.1965092570 -0.8849089146 -0.0456134789 0.9703758359 0.2372554839 0.9053170681 0.1405520141 -0.4008068144
-446.6 -91.8 2674.3 -0.8128082752 0.0263799299 -0.5819336176 -0.0101818088 0.9981781244 0.0594702326 0.5824422836 0.0542630330 -0.8110588789
-457.0 -488.6 2652.7 -0.8128082752 0.0263799299 -0.5819336176 -0.0101818088 0.9981781244 0.0594702326 0.5824422836 0.0542630330 -0.8110588789
-2.3 633.4 2701.4 0 0 0 0 0 0 0 0 0
-595.2 -202.1 2879.8 0 0 0 0 0 0 0 0 0
-493.3 -804.1 2479.1 0 0 0 0 0 0 0 0 0
-467.1 -870.2 2632.0 0 0 0 0 0 0 0 0 0
-409.1 510.4 2676.8 6 -0.7168293595 -0.0578116626 -0.6948478222 -0.1230700314 0.9914007187 0.0444783568 0.6863012314 0.1173983365 -0.7177800536
-397.6 312.7 2653.4 -0.7168293595 -0.0578116626 -0.6948478222 -0.1230700314 0.9914007187 0.0444783568 0.6863012314 0.1173983365 -0.7177800536
-388.1 115.2 2633.5 -0.7178562880 -0.0475808829 -0.6945635080 -0.1037269533 0.9938360453 0.0391230583 0.6884207129 0.1001296863 -0.7183668613
-296.6 327.3 2556.5 -0.8585642576 -0.4328292906 0.2748202980 -0.5116857290 0.6895638704 -0.5125225782 0.0323286206 -0.5806551576 -0.8135074973
