-245.3 485.7 2352.8 09 0.4767278731 0.0869987458 -0.8747352362 -0.0844014660 0.9950232506 0.0529637299 0.8749896884 0.0485796481 0.4816981256
-262.5 288.2 2343.1 0.4767278731 0.0869987458 -0.8747352362 -0.0844014660 0.9950232506 0.0529637299 0.8749896884 0.0485796481 0.4816981256
-278.0 93.2 2334.4 0.4773283601 0.0790708140 -0.8751602173 -0.0772027671 0.9958655834 0.0478687622 0.8753269911 0.0447156727 0.4814593792
-330.5 299.2 2218.4 0.1223776862 0.0610867590 -0.9906018972 0.9502194524 0.2809537351 0.1347142756 0.2865425646 -0.9577752352 -0.0236633588
-366.0 24.0 2135.4 -0.3572252989 0.0770243257 -0.9308369160 0.9126648307 0.2406667322 -0.3303368986 0.1985774934 -0.9675467610 -0.1562696397
-194.5 277.2 2467.8 -0.1400631219 -0.5056782365 -0.8512765765 0.1365442872 0.8416726589 -0.5224393010 0.9806824327 -0.1894114316 -0.0488398224
-211.7 294.0 2588.4 0.7485829592 -0.5056782365 -0.4288508594 0.5372073650 0.8416726589 -0.0547305942 0.3886280954 -0.1894114316 0.9017158747
-337.3 -94.1 2244.6 0.3195140064 0.0258132108 -0.9472299218 -0.0039004791 0.9996562600 0.0259262081 0.9475735426 -0.0045891367 0.3195048571
-347.5 -485.7 2246.4 0.3055293262 0.1613751501 -0.9384081364 -0.0982483774 0.9856163263 0.1375054270 0.9471003413 0.0501851365 0.3169895411
-250.2 -108.3 2402.3 -0.9679344893 0.1008868963 0.2300536186 0.0492450297 0.9742454290 -0.2200471163 -0.2463285476 -0.2016621977 -0.9479739666
-289.7 -489.8 2481.2 -0.9656881094 -0.0685379207 0.2504975498 -0.0003521596 0.9648927450 0.2626439631 -0.2597043514 0.2535439134 -0.9318096042
-274.2 -210.5 2084.4 0 0 0 0 0 0 0 0 0
-22.2 430.1 2686.8 0 0 0 0 0 0 0 0 0
-408.2 -856.9 2227.5 0 0 0 0 0 0 0 0 0
-268.7 -786.5 2403.3 0 0 0 0 0 0 0 0 0
-246.0 484.0 2352.0 10 0.4351682067 0.0984338149 -0.8949521780 -0.0827364251 0.9941717982 0.0691163912 0.8965396285 0.0439678878 0.4407760203
-265.5 287.3 2343.3 0.4351682067 0.0984338149 -0.8949521780 -0.0827364251 0.9941717982 0.0691163912 0.8965396285 0.0439678878 0.4407760203
-283.2 92.4 2335.4 0.4358116984 0.0904047340 -0.8954859972 -0.0759576857 0.9950874448 0.0634933040 0.8968269825 0.0403479151 0.4405376911
-327.5 298.1 2215.7 0.1234201938 0.1063702554 -0.9866371155 0.9556165934 0.2552834153 0.1470621228 0.2675151229 -0.9609972835 -0.0701420605
-363.0 23.2 2138.7 -0.3472317457 0.1010972112 -0.9323140383 0.9117066860 0.2691904902 -0.3103665709 0.2195928693 -0.9577660561 -0.1856424809
-203.5 276.5 2471.0 -0.1086450368 -0.5209882259 -0.8466212153 0.1232661828 0.8380290270 -0.5315192938 0.9864084721 -0.1621067077 -0.0268274657
-216.1 290.9 2585.6 0.7517832518 -0.5209882259 -0.4042192101 0.5404518247 0.8380290270 -0.0749608427 0.3778011501 -0.1621067077 0.9115852714
-336.6 -94.9 2246.5 0.2756353021 0.0288690142 -0.9608286619 -0.0068672029 0.9995825291 0.0280633997 0.9612377286 -0.0011370579 0.2757184803
-347.9 -486.4 2247.0 0.2630926371 0.1681047976 -0.9500121474 -0.0855111852 0.9848902822 0.1505953521 0.9609735012 0.0416161306 0.2734922171
-250.4 -108.8 2404.7 -0.9574552178 0.0957709923 0.2722267509 0.0374235399 0.9765661955 -0.2119385749 -0.2861450016 -0.1927340031 -0.9386025071
-287.9 -491.3 2480.2 -0.9562896490 -0.0621651113 0.2857370079 0.0155015346 0.9649912119 0.2618237734 -0.2920100093 0.2548087239 -0.9218474030
-273.9 -210.8 2082.4 0 0 0 0 0 0 0 0 0
-24.6 428.5 2681.8 0 0 0 0 0 0 0 0 0
-411.2 -857.3 2231.3 0 0 0 0 0 0 0 0 0
-268.9 -786.3 2402.3 0 0 0 0 0 0 0 0 0
-246.7 484.1 2351.6 11 0.4265505373 0.0987610519 -0.8990555406 -0.0820501298 0.9941471815 0.0702787489 0.9007343650 0.0437901877 0.4321573973
-266.3 286.9 2343.0 0.4265505373 0.0987610519 -0.8990555406 -0.0820501298 0.9941471815 0.0702787489 0.9007343650 0.0437901877 0.4321573973
-284.3 92.0 2335.2 0.4272152781 0.0916916877 -0.8994885683 -0.0751072988 0.9950050712 0.0657559335 0.9010249972 0.0394662209 0.4319680929
-327.2 297.6 2214.6 0.1219100207 0.1137895435 -0.9859969020 0.9603873491 0.2372825146 0.1461273432 0.2505875826 -0.9647533298 -0.0803549141
-362.0 23.0 2143.0 -0.3425729573 0.0970727801 -0.9344627857 0.9098066092 0.2823314965 -0.3042052090 0.2342982292 -0.9543929100 -0.1850365996
-205.5 276.2 2471.3 -0.1298675388 -0.4860500097 -0.8642278910 0.1556054354 0.8508185148 -0.5018912554 0.9792453051 -0.1996579319 -0.0348616838
-220.1 293.7 2581.4 0.7577386498 -0.4860500097 -0.4354164600 0.5241073966 0.8508185148 -0.0376740098 0.3887718320 -0.1996579319 0.8994404674
-340.3 -95.6 2246.4 0.2664110959 0.0204368811 -0.9636428356 -0.0112974672 0.9997727275 0.0180797949 0.9637932777 0.0060700648 0.2665814161
-348.3 -487.2 2244.1 0.2557416260 0.1629306674 -0.9529165030 -0.0797650144 0.9858909845 0.1471615136 0.9634488821 0.0383740738 0.2651295364
-261.6 -109.3 2408.4 -0.9571899176 0.0655310079 0.2819453776 0.0083925473 0.9799101353 -0.1992628276 -0.2893390357 -0.1883661300 -0.9385100603
-287.2 -492.9 2482.1 -0.9578661919 -0.0606771931 0.2807323933 0.0183144044 0.9625370502 0.2705309391 -0.2866303921 0.2642738819 -0.9208704233
-273.9 -211.0 2082.7 0 0 0 0 0 0 0 0 0
-26.6 427.5 2680.6 0 0 0 0 0 0 0 0 0
-409.7 -858.6 2229.6 0 0 0 0 0 0 0 0 0
-268.8 -785.6 2401.8 0 0 0 0 0 0 0 0 0
-245.0 488.6 2352.0 12 0.4474912882 0.0936653391 -0.8893696070 -0.0805869550 0.9946773648 0.0642082170 0.8906499147 0.0429389700 0.4526576698
-263.7 290.2 2343.4 0.4474912882 0.0936653391 -0.8893696070 -0.0805869550 0.9946773648 0.0642082170 0.8906499147 0.0429389700 0.4526576698
-280.4 95.2 2336.2 0.4483371973 0.0849457309 -0.8898190856 -0.0711602941 0.9957065582 0.0591999181 0.8910274506 0.0367782637 0.4524570704
-327.6 300.3 2216.5 0.1173616275 0.0907946452 -0.9889300466 0.9597668052 0.2454252988 0.1364334077 0.2550958693 -0.9651542902 -0.0583381802
-361.5 23.2 2142.8 -0.3403808475 0.0793449730 -0.9369339347 0.9105730653 0.2763336897 -0.3074026108 0.2345155627 -0.9577807784 -0.1663080901
-199.9 280.1 2470.3 -0.1992688179 -0.4673504233 -0.8613219261 0.1354681551 0.8573727012 -0.4965484738 0.9705361128 -0.2156283259 -0.1075365469
-222.1 295.2 2578.4 0.7623032331 -0.4673504233 -0.4477469623 0.5143364072 0.8573727012 -0.0192367472 0.3928763270 -0.2156283259 0.8939533830
-340.8 -96.1 2246.1 0.2885743678 0.0174503345 -0.9572984576 -0.0056867939 0.9998474717 0.0165116843 0.9574406147 0.0006791098 0.2886295915
-347.7 -487.7 2245.8 0.2748253644 0.1653998196 -0.9471609592 -0.0945643857 0.9849665165 0.1445631832 0.9568325877 0.0498380661 0.2863347232
-263.7 -109.6 2408.8 -0.9632502198 0.0611442812 0.2615538239 0.0070313439 0.9791525602 -0.2030046135 -0.2685136795 -0.1937051713 -0.9435988069
-287.6 -493.1 2484.7 -0.9637601376 -0.0603881814 0.2598455846 0.0146593293 0.9605818391 0.2776105404 -0.2663673460 0.2713591158 -0.9248852134
-273.9 -211.0 2082.5 0 0 0 0 0 0 0 0 0
-27.1 426.7 2678.8 0 0 0 0 0 0 0 0 0
-410.0 -858.7 2227.0 0 0 0 0 0 0 0 0 0
-269.2 -785.7 2402.0 0 0 0 0 0 0 0 0 0
-246.6 488.5 2359.1 13 0.4272058010 0.0843941495 -0.9002071023 -0.0814730152 0.9951770306 0.0546334013 0.9004761577 0.0500028804 0.4320212603
-263.4 290.9 2349.2 0.4272058010 0.0843941495 -0.9002071023 -0.0814730152 0.9951770306 0.0546334013 0.9004761577 0.0500028804 0.4320212603
-279.1 95.8 2340.7 0.4278524816 0.0802440792 -0.9002794623 -0.0736525729 0.9958339930 0.0537581332 0.9008426666 0.0433073491 0.4319802523
-324.3 301.4 2220.9 0.1270095706 0.1126932278 -0.9854789972 0.9550289512 0.2544783950 0.1521857083 0.2679334283 -0.9604899883 -0.0753040984
-361.2 24.3 2143.2 -0.3378376961 0.1042131111 -0.9354171753 0.9130448699 0.2775744796 -0.2988336086 0.2285055518 -0.9550350904 -0.1889263690
-202.4 280.4 2477.5 -0.1980385035 -0.4328473210 -0.8794452548 0.1667102128 0.8692694902 -0.4653797448 0.9659132957 -0.2387756109 -0.0999887511
-223.5 298.1 2580.3 0.7807438374 -0.4328473210 -0.4506464899 0.4939028621 0.8692694902 0.0207494553 0.3827518821 -0.2387756109 0.8924612999
-337.5 -93.4 2248.4 0.2662982643 0.0300748032 -0.9634213448 -0.0111840973 0.9995422363 0.0281109922 0.9638257623 0.0032890898 0.2665127218
-349.3 -484.9 2247.1 0.2548173368 0.1562464684 -0.9542825222 -0.0889100432 0.9864649773 0.1377745569 0.9628931284 0.0497379564 0.2652602494
-256.5 -106.2 2409.4 -0.9548733234 0.0858463123 0.2843367159 0.0301792268 0.9804077744 -0.1946531981 -0.2954761684 -0.1772880703 -0.9387559891
-290.1 -490.1 2478.8 -0.9536389709 -0.0696188882 0.2927898169 0.0102577312 0.9647914171 0.2628161013 -0.3007780612 0.2536350489 -0.9193485975
-274.0 -211.2 2084.2 0 0 0 0 0 0 0 0 0
-23.8 424.4 2678.2 0 0 0 0 0 0 0 0 0
-408.1 -856.4 2228.4 0 0 0 0 0 0 0 0 0
-268.7 -786.2 2401.0 0 0 0 0 0 0 0 0 0
-246.5 487.0 2363.2 14 0.4253237247 0.0871962979 -0.9008310437 -0.0989819244 0.9938589334 0.0494670533 0.8996123075 0.0681264773 0.4313426316
-263.8 289.6 2349.7 0.4253237247 0.0871962979 -0.9008310437 -0.0989819244 0.9938589334 0.0494670533 0.8996123075 0.0681264773 0.4313426316
-280.0 94.8 2337.4 0.4259092212 0.0828733072 -0.9009624720 -0.0921360180 0.9945921898 0.0479304753 0.9000623822 0.0625970662 0.4312416017
-324.5 302.7 2221.4 0.1366699040 0.1146489531 -0.9839598536 0.9494075775 0.2683490217 0.1631381512 0.2827482522 -0.9564750195 -0.0721733570
-364.3 26.5 2139.2 -0.3445031941 0.1253976673 -0.9303724766 0.9204732776 0.2399064600 -0.3085025549 0.1845168769 -0.9626631141 -0.1980737448
-203.1 276.4 2477.9 -0.1712971479 -0.3909187019 -0.9043449759 0.2344442904 0.8753710985 -0.4228017032 0.9569185972 -0.2844432294 -0.0582999252
-221.2 301.1 2578.6 0.7810394168 -0.3909187019 -0.4869907498 0.4789901376 0.8753710985 0.0655273795 0.4006817639 -0.2844432294 0.8709455729
-333.5 -92.6 2250.8 0.2649125159 0.0409120172 -0.9634041786 -0.0166687723 0.9991445541 0.0378462672 0.9641283751 0.0060328147 0.2653678358
-349.5 -483.9 2248.5 0.2535667121 0.1565281451 -0.9545694590 -0.0932150558 0.9861822724 0.1369507909 0.9628161192 0.0542540848 0.2646537721
-256.1 -105.9 2413.6 -0.9548656940 0.0859281644 0.2843376696 0.0311771259 0.9809488654 -0.1917479634 -0.2953972816 -0.1742287129 -0.9393534064
-289.8 -490.0 2481.8 -0.9534760118 -0.0718072429 0.2927920520 0.0091984142 0.9638364911 0.2663354576 -0.3013284802 0.2566377223 -0.9183344841
-275.5 -210.6 2091.7 0 0 0 0 0 0 0 0 0
-21.3 423.7 2681.1 0 0 0 0 0 0 0 0 0
-408.4 -855.3 2228.0 0 0 0 0 0 0 0 0 0
-267.5 -789.0 2402.2 0 0 0 0 0 0 0 0 0
-245.5 486.2 2357.7 15 0.4545098543 0.0931203812 -0.8858608007 -0.0931254327 0.9940379262 0.0567118078 0.8858602643 0.0567200966 0.4604719281
-263.9 289.6 2346.5 0.4545098543 0.0931203812 -0.8858608007 -0.0931254327 0.9940379262 0.0567118078 0.8858602643 0.0567200966 0.4604719281
-280.4 94.7 2335.7 0.4550091624 0.0840951577 -0.8865070343 -0.0875216946 0.9949340224 0.0494592376 0.8861752748 0.0550841913 0.4600642323
-328.7 302.1 2220.3 0.1266309619 0.0838985592 -0.9883955121 0.9524694085 0.2680315673 0.1447796673 0.2770679891 -0.9597499967 -0.0459697135
-365.5 25.5 2139.9 -0.3498710990 0.0951086283 -0.9319573641 0.9168631434 0.2389032245 -0.3198238015 0.1922296286 -0.9663744569 -0.1707869172
-199.1 277.1 2472.7 -0.1734897047 -0.3785699010 -0.9091678262 0.2393959910 0.8792663217 -0.4118012786 0.9552962184 -0.2890944183 -0.0619155318
-218.0 303.2 2576.7 0.7719029784 -0.3785699010 -0.5107353330 0.4722731709 0.8792663217 0.0620386451 0.4255864322 -0.2890944183 0.8574967384
-334.7 -91.6 2243.8 0.2964461148 0.0337333567 -0.9544536471 -0.0030824284 0.9994046092 0.0343646854 0.9550446272 -0.0072452421 0.2963736057
-347.9 -483.1 2246.7 0.2822246850 0.1577500552 -0.9462896585 -0.1011000052 0.9857860208 0.1341818273 0.9540063143 0.0578004681 0.2941616476
-257.8 -108.3 2406.5 -0.9636469483 0.0858860686 0.2529982626 0.0331757180 0.9780606031 -0.2056618929 -0.2651111186 -0.1897920519 -0.9453544617
-291.4 -491.3 2480.8 -0.9614410400 -0.0760834217 0.2642771304 -0.0037000701 0.9644607306 0.2642002106 -0.2749861777 0.2530350983 -0.9275537133
-275.3 -210.8 2090.3 0 0 0 0 0 0 0 0 0
-20.4 424.0 2685.6 0 0 0 0 0 0 0 0 0
-407.4 -854.4 2224.9 0 0 0 0 0 0 0 0 0
-268.0 -788.3 2402.9 0 0 0 0 0 0 0 0 0
-244.8 486.5 2354.5 16 0.4422353804 0.0964240357 -0.8917008042 -0.0892738774 0.9939992428 0.0632110611 0.8924449682 0.0516514182 0.4481897652
-263.9 289.2 2344.3 0.4422353804 0.0964240357 -0.8917008042 -0.0892738774 0.9939992428 0.0632110611 0.8924449682 0.0516514182 0.4481897652
-280.2 94.3 2334.2 0.4428004920 0.0833927915 -0.8927336335 -0.0830223709 0.9952012897 0.0517850593 0.8927682042 0.0511864200 0.4475990832
-327.0 301.1 2217.1 0.1342265904 0.0960239321 -0.9862872958 0.9543866515 0.2553430796 0.1547450870 0.2667008638 -0.9620703459 -0.0573701262
-365.8 24.9 2139.9 -0.3511489332 0.1032321155 -0.9306113720 0.9174209237 0.2366168350 -0.3199239969 0.1871718913 -0.9661033154 -0.1777950525
-200.8 277.4 2471.4 -0.1529074609 -0.3741854727 -0.9146608710 0.2448711842 0.8823358417 -0.4018974602 0.9574222565 -0.2854272127 -0.0432884805
-217.5 304.1 2575.8 0.7743926644 -0.3741854727 -0.5101972222 0.4666307271 0.8823358417 0.0611492172 0.4272841513 -0.2854272127 0.8578808308
-337.9 -92.2 2244.9 0.2832093239 0.0303235985 -0.9585785866 -0.0014487832 0.9995124340 0.0311904568 0.9590570331 -0.0074446560 0.2831151783
-349.8 -483.7 2247.8 0.2686426342 0.1505000144 -0.9514099360 -0.1076374128 0.9862227440 0.1256141365 0.9572070241 0.0686619878 0.2811409235
-255.7 -108.0 2405.0 -0.9601878524 0.0878966898 0.2651668489 0.0288173873 0.9753118753 -0.2189435810 -0.2778648138 -0.2025855482 -0.9390155673
-290.1 -490.0 2484.3 -0.9586505294 -0.0729165003 0.2750860155 0.0044764844 0.9626353383 0.2707639933 -0.2845506668 0.2607994676 -0.9225044847
-275.4 -211.4 2091.7 0 0 0 0 0 0 0 0 0
-19.2 423.5 2685.2 0 0 0 0 0 0 0 0 0
-406.5 -855.1 2222.0 0 0 0 0 0 0 0 0 0
-267.5 -788.2 2403.5 0 0 0 0 0 0 0 0 0
-242.8 490.2 2352.9 17 0.4675333798 0.1095014960 -0.8771669865 -0.0952657014 0.9927602410 0.0731546357 0.8788270354 0.0493616983 0.4745802879
-264.6 292.7 2343.1 0.4675333798 0.1095014960 -0.8771669865 -0.0952657014 0.9927602410 0.0731546357 0.8788270354 0.0493616983 0.4745802879
-283.1 98.0 2333.8 0.4684353173 0.0943536460 -0.8784450889 -0.0864737853 0.9944034815 0.0606961362 0.8792557120 0.0475302562 0.4739728272
-331.3 305.1 2217.8 0.1163836196 0.0714299157 -0.9906324148 0.9549962282 0.2659387589 0.1313725412 0.2728314996 -0.9613398910 -0.0372643843
-365.6 24.2 2137.6 -0.3508126140 0.0829717591 -0.9327626824 0.9162750244 0.2360362411 -0.3236155510 0.1933148503 -0.9681954980 -0.1588294357
-197.9 280.4 2468.3 -0.1579171419 -0.3822185695 -0.9104785323 0.2231627405 0.8843781352 -0.4099678993 0.9619046450 -0.2679258585 -0.0543615259
-215.1 304.7 2573.3 0.7622205615 -0.3822185695 -0.5224258304 0.4656486511 0.8843781352 0.0323514566 0.4496566951 -0.2679258585 0.8520707488
-336.6 -93.1 2243.5 0.3117676079 0.0282135103 -0.9497393966 -0.0006606204 0.9995652437 0.0294768065 0.9501581788 -0.0085624959 0.3116506934
-347.6 -484.6 2246.9 0.2962162197 0.1598196179 -0.9416547418 -0.1078754142 0.9851907492 0.1332742870 0.9490094185 0.0621033870 0.3090701103
-256.6 -108.1 2404.9 -0.9681277275 0.0848364756 0.2356510460 0.0333855078 0.9762008786 -0.2142829895 -0.2482217848 -0.1995859742 -0.9479194880
-289.8 -490.5 2483.0 -0.9661476612 -0.0709190443 0.2480507195 -0.0027821078 0.9642835259 0.2648576796 -0.2579746842 0.2552015185 -0.9318375587
-275.6 -210.8 2088.0 0 0 0 0 0 0 0 0 0
-20.0 423.9 2688.4 0 0 0 0 0 0 0 0 0
-407.8 -855.7 2223.5 0 0 0 0 0 0 0 0 0
-268.0 -787.0 2404.6 0 0 0 0 0 0 0 0 0
-243.2 487.1 2352.6 18 0.4844340682 0.1061798707 -0.8683602214 -0.0959813893 0.9930657148 0.0678830370 0.8695465326 0.0504615605 0.4912661612
-264.3 289.9 2342.6 0.4844340682 0.1061798707 -0.8683602214 -0.0959813893 0.9930657148 0.0678830370 0.8695465326 0.0504615605 0.4912661612
-282.9 95.1 2333.4 0.4852928817 0.0951392129 -0.8691601157 -0.0875032395 0.9943565130 0.0599861816 0.8699620962 0.0469434597 0.4908791184
-333.4 302.4 2218.6 0.1088846028 0.0543705747 -0.9925663471 0.9526231885 0.2795586586 0.1198164374 0.2839950323 -0.9585879445 -0.0213550385
-365.3 23.8 2135.6 -0.3527919650 0.0695924461 -0.9331102371 0.9137168527 0.2405231744 -0.3275211751 0.2016416341 -0.9681453705 -0.1484424323
-195.2 277.4 2466.5 -0.1804355830 -0.3575215638 -0.9163085222 0.2492993921 0.8845552206 -0.3942231536 0.9514687657 -0.2995670438 -0.0704753250
-215.3 305.2 2572.7 0.7649379373 -0.3575215638 -0.5357688665 0.4613832235 0.8845552206 0.0684660599 0.4494390488 -0.2995670438 0.8415843248
-343.9 -89.0 2245.1 0.3301054537 0.0073413476 -0.9439154863 0.0036038382 0.9999526739 0.0090375105 0.9439371824 -0.0063850502 0.3300633729
-346.7 -480.6 2247.6 0.3143875897 0.1600556523 -0.9357043505 -0.1055937409 0.9854630232 0.1330885738 0.9434036016 0.0569631308 0.3267182112
-259.2 -104.6 2404.0 -0.9731470346 0.0791825652 0.2161365002 0.0285151023 0.9732081294 -0.2281508595 -0.2284113765 -0.2158611715 -0.9493324757
-290.2 -485.8 2488.5 -0.9713962078 -0.0690236017 0.2272117138 -0.0032411108 0.9605883360 0.2779560387 -0.2374424487 0.2692690194 -0.9333355427
-274.8 -210.6 2083.9 0 0 0 0 0 0 0 0 0
-19.4 423.4 2687.7 0 0 0 0 0 0 0 0 0
-407.0 -851.7 2226.1 0 0 0 0 0 0 0 0 0
-268.6 -786.9 2404.1 0 0 0 0 0 0 0 0 0
-242.3 487.2 2352.4 19 0.4925450385 0.1066080630 -0.8637326956 -0.0958991870 0.9930734634 0.0678855553 0.8649871349 0.0493945666 0.4993570149
-263.4 290.4 2342.6 0.4925450385 0.1066080630 -0.8637326956 -0.0958991870 0.9930734634 0.0678855553 0.8649871349 0.0493945666 0.4993570149
-282.4 95.6 2333.6 0.4933443069 0.0966153145 -0.8644517660 -0.0880828872 0.9942526221 0.0608534068 0.8653628230 0.0461217277 0.4990190268
-333.7 302.9 2219.3 0.1084358171 0.0458860770 -0.9930438995 0.9524025321 0.2814946771 0.1170051321 0.2849054933 -0.9584650397 -0.0131779071
-365.6 23.0 2135.6 -0.3547278643 0.0639795810 -0.9327780008 0.9136802554 0.2354070544 -0.3313184977 0.1983848959 -0.9697887301 -0.1419623196
-193.1 277.8 2465.9 -0.2029795051 -0.3552154005 -0.9124808908 0.2416286767 0.8848912120 -0.3982249796 0.9489019513 -0.3013130426 -0.0937845558
-216.2 305.3 2573.9 0.7694966197 -0.3552154005 -0.5307513475 0.4598143101 0.8848912120 0.0744200721 0.4432220459 -0.3013130426 0.8442538977
-345.4 -91.7 2245.6 0.3389444351 0.0039914651 -0.9407979250 0.0017348025 0.9999866486 0.0048675844 0.9408047795 -0.0032819393 0.3389329910
-347.0 -483.4 2246.9 0.3234159946 0.1600316018 -0.9326263666 -0.1064141020 0.9854942560 0.1322010607 0.9402542710 0.0564886592 0.3357542157
-257.7 -107.5 2402.8 -0.9746380448 0.0840832293 0.2073901147 0.0365042537 0.9740518928 -0.2233615965 -0.2207896858 -0.2101261020 -0.9524174333
-290.6 -489.1 2485.1 -0.9722933173 -0.0726401433 0.2221917063 -0.0088709854 0.9612753987 0.2754467726 -0.2335959077 0.2658439875 -0.9352859855
-274.7 -211.1 2084.8 0 0 0 0 0 0 0 0 0
-19.2 423.1 2687.4 0 0 0 0 0 0 0 0 0
-407.2 -854.6 2225.6 0 0 0 0 0 0 0 0 0
-268.2 -785.7 2403.1 0 0 0 0 0 0 0 0 0
-244.0 485.6 2351.4 20 0.4841346443 0.1018272713 -0.8690482378 -0.0928711742 0.9935750365 0.0646809712 0.8700509071 0.0493952297 0.4904808998
-264.1 288.9 2341.6 0.4841346443 0.1018272713 -0.8690482378 -0.0928711742 0.9935750365 0.0646809712 0.8700509071 0.0493952297 0.4904808998
-282.6 94.2 2332.5 0.4847563207 0.0942172185 -0.8695598841 -0.0865669549 0.9944680929 0.0594923273 0.8703547716 0.0464358665 0.4902307987
-333.2 301.3 2217.6 0.1114504039 0.0544073991 -0.9922795296 0.9534652233 0.2756271064 0.1222037151 0.2801479101 -0.9597236514 -0.0211568121
-365.8 22.6 2135.7 -0.3560679257 0.0686077103 -0.9319381118 0.9126886129 0.2395562381 -0.3310774863 0.2005371153 -0.9684553742 -0.1479157656
-195.1 276.6 2465.6 -0.1865539998 -0.3525463045 -0.9170107245 0.2533337474 0.8845690489 -0.3916115165 0.9492205381 -0.3053664863 -0.0757080168
-216.2 305.3 2573.1 0.7711800933 -0.3525463045 -0.5300871730 0.4594717920 0.8845690489 0.0801451877 0.4406438172 -0.3053664863 0.8441470861
-345.9 -91.1 2246.4 0.3294234574 0.0022338664 -0.9441796541 0.0003668240 0.9999968410 0.0024939107 0.9441822171 -0.0011679005 0.3294215798
-346.7 -482.8 2246.8 0.3141137660 0.1602505893 -0.9357629418 -0.1054145172 0.9854437113 0.1333732903 0.9435148835 0.0567486100 0.3264341652
-256.7 -107.1 2402.8 -0.9724653363 0.0841702148 0.2173166573 0.0340495892 0.9738088846 -0.2248040140 -0.2305466980 -0.2112145722 -0.9498613477
-289.7 -488.5 2485.5 -0.9703635573 -0.0714025050 0.2308597416 -0.0050650286 0.9611489773 0.2759836912 -0.2415965348 0.2666352093 -0.9330255985
-274.6 -211.2 2084.3 0 0 0 0 0 0 0 0 0
-18.7 423.0 2686.0 0 0 0 0 0 0 0 0 0
-407.1 -854.0 2225.5 0 0 0 0 0 0 0 0 0
-267.5 -786.4 2402.9 0 0 0 0 0 0 0 0 0
-241.2 490.6 2352.3 21 0.4605146348 0.1156187505 -0.8800901175 -0.1020746008 0.9918012619 0.0768830106 0.8817635775 0.0544290915 0.4685407281
-264.1 294.3 2341.5 0.4605146348 0.1156187505 -0.8800901175 -0.1020746008 0.9918012619 0.0768830106 0.8817635775 0.0544290915 0.4685407281
-285.7 100.0 2331.0 0.4608562589 0.1104857102 -0.8805705309 -0.0990766138 0.9924229383 0.0726670623 0.8819270730 0.0537548773 0.4683108628
-329.7 308.4 2215.9 0.1190037057 0.0813881457 -0.9895524383 0.9556524754 0.2610076368 0.1363940984 0.2693816125 -0.9618996978 -0.0467179120
-365.3 22.6 2135.3 -0.3533729315 0.0867944881 -0.9314473867 0.9133973122 0.2470882982 -0.3235008121 0.2020716667 -0.9650979638 -0.1665921658
-198.4 280.2 2467.2 -0.1561348289 -0.3702562153 -0.9157140851 0.2315241992 0.8875371218 -0.3983395398 0.9602179527 -0.2742046416 -0.0528521761
-215.5 305.4 2571.9 0.7678359151 -0.3702562153 -0.5228176713 0.4585439563 0.8875371218 0.0448920950 0.4473985136 -0.2742046416 0.8512616158
-344.9 -92.8 2244.7 0.3053720891 0.0087077096 -0.9521932602 -0.0010963118 0.9999607205 0.0087929470 0.9522324800 -0.0016412197 0.3053696454
-348.3 -484.5 2245.4 0.2922753990 0.1569409966 -0.9433687925 -0.0914601758 0.9865081906 0.1357814968 0.9519507289 0.0465950817 0.3026859164
-257.2 -108.4 2402.1 -0.9679687619 0.0829606503 0.2369683683 0.0273299888 0.9730390906 -0.2290152907 -0.2495787293 -0.2152033001 -0.9441387653
-289.7 -489.6 2486.4 -0.9665139318 -0.0696920976 0.2469692081 0.0030415817 0.9592360854 0.2825895250 -0.2565960288 0.2738778889 -0.9269031286
-275.1 -210.7 2083.7 0 0 0 0 0 0 0 0 0
-18.8 422.9 2686.4 0 0 0 0 0 0 0 0 0
-407.4 -856.0 2227.8 0 0 0 0 0 0 0 0 0
-268.1 -786.6 2401.6 0 0 0 0 0 0 0 0 0
-242.5 487.6 2352.3 22 0.4770573378 0.1151083410 -0.8713015318 -0.1035893857 0.9918399453 0.0743152350 0.8727459908 0.0548049621 0.4850885272
-265.2 291.6 2341.5 0.4770573378 0.1151083410 -0.8713015318 -0.1035893857 0.9918399453 0.0743152350 0.8727459908 0.0548049621 0.4850885272
-286.5 97.3 2330.9 0.4774797261 0.1089491025 -0.8718619347 -0.0998482332 0.9925827980 0.0693521425 0.8729509711 0.0539396256 0.4848165512
-333.2 305.9 2217.1 0.1090829745 0.0634801984 -0.9920036197 0.9552689791 0.2692767978 0.1222750917 0.2748855948 -0.9609683752 -0.0312671512
-365.6 22.8 2135.6 -0.3546752334 0.0720875636 -0.9322064519 0.9118143320 0.2472754121 -0.3277948797 0.2068817914 -0.9662599564 -0.1534329355
-197.2 277.4 2465.8 -0.1670358181 -0.3560242951 -0.9194268584 0.2511799634 0.8863928318 -0.3888655603 0.9534189105 -0.2958960831 -0.0586331710
-215.9 305.5 2572.5 0.7691909075 -0.3560242951 -0.5306524634 0.4577827156 0.8863928318 0.0688678846 0.4458478987 -0.2958960831 0.8447870612
-348.9 -85.5 2240.7 0.3230879307 -0.0059177307 -0.9463504553 0.0150794191 0.9998856783 -0.0011043224 0.9462488294 -0.0139136221 0.3231402338
-346.6 -477.1 2246.2 0.3066013455 0.1607512236 -0.9381656051 -0.0992035195 0.9856646061 0.1364693642 0.9466542602 0.0512276292 0.3181532025
-265.7 -103.3 2400.1 -0.9715661407 0.0614769086 0.2286479324 0.0056391046 0.9714370966 -0.2372301668 -0.2367012650 -0.2291954160 -0.9441620708
-289.8 -483.7 2489.9 -0.9715661407 -0.0635334924 0.2280850410 0.0056391046 0.9568428993 0.2905510068 -0.2367012650 0.2835757136 -0.9292778373
-274.7 -210.9 2082.6 0 0 0 0 0 0 0 0 0
-18.9 422.8 2686.7 0 0 0 0 0 0 0 0 0
-407.2 -848.3 2226.9 0 0 0 0 0 0 0 0 0
-269.8 -784.7 2400.6 0 0 0 0 0 0 0 0 0
-242.3 487.7 2352.3 23 0.4974704683 0.1133098528 -0.8600488305 -0.1020243913 0.9921941161 0.0717066824 0.8614605069 0.0520740040 0.5051476359
-264.7 291.6 2342.0 0.4974704683 0.1133098528 -0.8600488305 -0.1020243913 0.9921941161 0.0717066824 0.8614605069 0.0520740040 0.5051476359
-285.0 97.0 2332.2 0.4982018769 0.1038665324 -0.8608174324 -0.0953373834 0.9933414459 0.0646800026 0.8618037105 0.0498443805 0.5047869682
-335.6 305.2 2219.2 0.0999793857 0.0403055511 -0.9941728115 0.9553008080 0.2754996419 0.1072394550 0.2782166004 -0.9604558349 -0.0109596420
-365.2 22.4 2136.9 -0.3549130261 0.0484778285 -0.9336416125 0.9082347155 0.2546866238 -0.3320307136 0.2216898948 -0.9658077359 -0.1344208419
-193.7 278.0 2464.8 -0.1855374128 -0.3642918169 -0.9126156569 0.2409139574 0.8835321069 -0.4016609192 0.9526470304 -0.2943849862 -0.0761652738
-214.7 305.2 2572.4 0.7650467753 -0.3642918169 -0.5310319066 0.4641674459 0.8835321069 0.0626069829 0.4463765025 -0.2943849862 0.8450357914
-351.0 -88.1 2241.4 0.3448383808 -0.0143594714 -0.9385522604 0.0176243950 0.9998057485 -0.0088211549 0.9384965897 -0.0134995421 0.3450244963
-345.4 -479.7 2246.7 0.3259828389 0.1650228947 -0.9308612347 -0.1126875803 0.9844095111 0.1350533217 0.9386355281 0.0608714335 0.3394966424
-264.7 -106.2 2399.2 -0.9664674401 0.0683069527 0.2475376427 0.0065535838 0.9702190757 -0.2421404719 -0.2567056119 -0.2323986143 -0.9381327629
-291.5 -486.1 2490.2 -0.9664674401 -0.0700404271 0.2470527589 0.0065535838 0.9550426602 0.2963958979 -0.2567056119 0.2880760431 -0.9225586057
-274.1 -210.9 2079.9 0 0 0 0 0 0 0 0 0
-18.7 424.1 2686.8 0 0 0 0 0 0 0 0 0
-407.5 -850.5 2223.8 0 0 0 0 0 0 0 0 0
-269.7 -783.6 2400.5 0 0 0 0 0 0 0 0 0
-243.8 486.1 2352.8 24 0.5123929381 0.0961649567 -0.8533497453 -0.0968528688 0.9938413501 0.0538419150 0.8532719612 0.0550611503 0.5185511112
-262.9 289.0 2341.9 0.5123929381 0.0961649567 -0.8533497453 -0.0968528688 0.9938413501 0.0538419150 0.8532719612 0.0550611503 0.5185511112
-280.2 94.1 2332.0 0.5131559372 0.0881654918 -0.8537551165 -0.0886211172 0.9948362708 0.0494682565 0.8537079692 0.0502757989 0.5183194876
-336.0 301.6 2220.2 0.1001686901 0.0211078506 -0.9947465658 0.9539144635 0.2821950018 0.1020449772 0.2828664482 -0.9591248035 0.0081320191
-365.3 22.9 2137.6 -0.3544116318 0.0341387540 -0.9344661236 0.9085389972 0.2490168512 -0.3354810178 0.2212449014 -0.9678972960 -0.1192708537
-189.8 276.4 2463.5 -0.2203233093 -0.3549261391 -0.9085620642 0.2460711151 0.8811005354 -0.4038698375 0.9438785315 -0.3125528395 -0.1067899168
-215.4 304.9 2573.0 0.7671942115 -0.3549261391 -0.5342662930 0.4655548632 0.8811005354 0.0831895918 0.4412161410 -0.3125528395 0.8412128687
-350.3 -88.9 2244.6 0.3594126105 -0.0126843825 -0.9330925345 0.0102429753 0.9999009967 -0.0096471384 0.9331225157 -0.0060903407 0.3595069349
-345.4 -480.6 2246.9 0.3403445482 0.1667155176 -0.9254034162 -0.1209967658 0.9837397337 0.1327249259 0.9324834347 0.0667986199 0.3549824953
-260.3 -106.1 2400.3 -0.9688619971 0.0712910220 0.2371160090 0.0150729446 0.9728583694 -0.2309100330 -0.2471421063 -0.2201459110 -0.9436400533
-288.2 -487.1 2486.5 -0.9686638713 -0.0591887981 0.2412196845 0.0117695620 0.9591611624 0.2826151848 -0.2480962127 0.2765981853 -0.9284081459
-274.0 -211.0 2080.6 0 0 0 0 0 0 0 0 0
-18.9 424.1 2686.0 0 0 0 0 0 0 0 0 0
-408.2 -851.1 2221.8 0 0 0 0 0 0 0 0 0
-270.0 -782.5 2401.4 0 0 0 0 0 0 0 0 0
-244.5 486.6 2352.0 25 0.5046036243 0.0926052555 -0.8583702445 -0.0905981064 0.9944211245 0.0540238805 0.8585844040 0.0505060740 0.5101783872
-262.9 289.3 2342.0 0.5046036243 0.0926052555 -0.8583702445 -0.0905981064 0.9944211245 0.0540238805 0.8585844040 0.0505060740 0.5101783872
-279.4 94.3 2333.1 0.5053817630 0.0843862966 -0.8587597013 -0.0818500891 0.9954074025 0.0496450923 0.8590051532 0.0451998338 0.5099677444
-334.9 300.9 2219.6 0.1058207080 0.0298428312 -0.9939373136 0.9528958201 0.2826714218 0.1099383533 0.2842385471 -0.9587524533 0.0014753807
-365.7 22.9 2136.7 -0.3559365869 0.0445856787 -0.9334459305 0.9096702337 0.2452996969 -0.3351539373 0.2140309364 -0.9684214592 -0.1278693974
-190.9 277.6 2464.4 -0.2120305449 -0.3599651754 -0.9085527658 0.2406209558 0.8818402290 -0.4055359066 0.9471771717 -0.3046028316 -0.1003618985
-214.9 304.9 2571.6 0.7674035430 -0.3599651754 -0.5305816531 0.4655368626 0.8818402290 0.0750550777 0.4408710301 -0.3046028316 0.8443043828
-343.8 -92.7 2244.9 0.3506125212 0.0094709983 -0.9364727139 0.0037814975 0.9999263883 0.0115285162 0.9365130067 -0.0075833113 0.3505508900
-347.5 -484.3 2247.9 0.3334413767 0.1616301686 -0.9288124442 -0.1167513728 0.9846899509 0.1294404119 0.9355137348 0.0652793422 0.3472069204
-251.1 -108.7 2399.2 -0.9645157456 0.0937155634 0.2468335032 0.0342980288 0.9714371562 -0.2348052263 -0.2617881298 -0.2180074453 -0.9401806593
-287.8 -489.1 2484.6 -0.9637173414 -0.0568109266 0.2608090341 0.0186371785 0.9603822231 0.2780623436 -0.2662733495 0.2728342712 -0.9244782329
-274.2 -211.1 2081.6 0 0 0 0 0 0 0 0 0
-18.3 424.1 2684.6 0 0 0 0 0 0 0 0 0
-408.4 -855.1 2223.3 0 0 0 0 0 0 0 0 0
-270.4 -782.7 2401.2 0 0 0 0 0 0 0 0 0
-244.0 488.2 2352.7 26 0.4877800643 0.0985331759 -0.8673879504 -0.0951188654 0.9936926961 0.0593905114 0.8677690029 0.0535354465 0.4940758646
-263.6 291.1 2342.0 0.4877800643 0.0985331759 -0.8673879504 -0.0951188654 0.9936926961 0.0593905114 0.8677690029 0.0535354465 0.4940758646
-281.6 96.3 2332.1 0.4883387387 0.0922668725 -0.8677626848 -0.0892975554 0.9944583178 0.0554853305 0.8680732846 0.0503934473 0.4938717186
-333.1 303.8 2218.3 0.1120558009 0.0485968962 -0.9925128818 0.9552204013 0.2699947655 0.1210653260 0.2738566697 -0.9616346359 -0.0161662679
-366.1 22.6 2137.7 -0.3577124476 0.0551715307 -0.9322005510 0.9080788493 0.2533708513 -0.3334606886 0.2177949101 -0.9657946825 -0.1407340020
-194.0 278.4 2465.7 -0.2039006203 -0.3755531311 -0.9040931463 0.2265809178 0.8803167343 -0.4167775214 0.9524104595 -0.2898314297 -0.0944039598
-216.6 303.5 2571.4 0.7734600306 -0.3755531311 -0.5106069446 0.4699873328 0.8803167343 0.0644540638 0.4252899289 -0.2898314297 0.8573949933
-341.6 -93.2 2246.6 0.3328346610 0.0176665206 -0.9428197145 -0.0058020330 0.9998439550 0.0166868027 0.9429673553 -0.0000836753 0.3328852057
-348.5 -484.8 2246.7 0.3185399771 0.1562452465 -0.9349436760 -0.1070799679 0.9859395623 0.1282848567 0.9418419003 0.0592498854 0.3307919204
-250.3 -108.0 2401.9 -0.9602136612 0.0938557237 0.2630225122 0.0325805433 0.9730508327 -0.2282774299 -0.2773594260 -0.2106256932 -0.9373945594
-287.0 -489.1 2484.4 -0.9597349763 -0.0561689287 0.2752342224 0.0236963052 0.9601242542 0.2785675526 -0.2799059153 0.2738730311 -0.9201338291
-274.1 -211.1 2081.7 0 0 0 0 0 0 0 0 0
-18.5 423.9 2680.3 0 0 0 0 0 0 0 0 0
-407.4 -856.2 2224.4 0 0 0 0 0 0 0 0 0
-269.8 -783.5 2400.4 0 0 0 0 0 0 0 0 0
-244.9 487.6 2352.5 27 0.4523887038 0.1027546450 -0.8858814240 -0.0891232416 0.9935764670 0.0697342157 0.8873564601 0.0474056564 0.4586406052
-265.2 290.6 2343.1 0.4523887038 0.1027546450 -0.8858814240 -0.0891232416 0.9935764670 0.0697342157 0.8873564601 0.0474056564 0.4586406052
-284.0 95.9 2334.4 0.4530042708 0.0956348404 -0.8863639832 -0.0829548761 0.9944378734 0.0648988411 0.8876404762 0.0441287607 0.4584179819
-329.7 302.4 2216.7 0.1225071400 0.0877614245 -0.9885797501 0.9562271833 0.2562776506 0.1412490457 0.2657471299 -0.9626109004 -0.0525240153
-365.5 22.9 2139.0 -0.3547835648 0.0838740394 -0.9311786890 0.9084737897 0.2662608027 -0.3221499622 0.2209163755 -0.9602449536 -0.1706623286
-200.7 278.8 2469.5 -0.1759642810 -0.3791134059 -0.9084655046 0.2273045033 0.8822775483 -0.4122123420 0.9577939510 -0.2790329456 -0.0690751448
-219.1 302.6 2569.5 0.7791700363 -0.3791134059 -0.4991664290 0.4670276642 0.8822775483 0.0589196533 0.4180660844 -0.2790329456 0.8645006418
-343.8 -90.4 2243.8 0.2952114344 0.0098728295 -0.9553809166 0.0082648974 0.9998828173 0.0128865512 0.9553961754 -0.0117003825 0.2950952649
-347.7 -482.0 2248.4 0.2787345648 0.1631738544 -0.9464044571 -0.1023483053 0.9848949313 0.1396666020 0.9548988938 0.0579329841 0.2912248373
-255.6 -106.5 2400.7 -0.9502011538 0.0942508951 0.2970429063 0.0185834784 0.9686096907 -0.2478910536 -0.3110826015 -0.2300262749 -0.9221255779
-292.5 -485.8 2490.8 -0.9502011538 -0.0752507448 0.3024153709 0.0185834784 0.9549994469 0.2960248590 -0.3110826015 0.2869030833 -0.9060431719
-274.1 -211.2 2082.1 0 0 0 0 0 0 0 0 0
-19.6 422.2 2676.5 0 0 0 0 0 0 0 0 0
-409.1 -852.9 2226.6 0 0 0 0 0 0 0 0 0
-269.0 -783.9 2401.2 0 0 0 0 0 0 0 0 0
-243.1 488.6 2353.4 28 0.4469830990 0.0981161147 -0.8891452551 -0.0857210010 0.9940904379 0.0666038021 0.8904257417 0.0464476459 0.4527522624
-262.6 291.4 2344.2 0.4469830990 0.0981161147 -0.8891452551 -0.0857210010 0.9940904379 0.0666038021 0.8904257417 0.0464476459 0.4527522624
-280.4 96.5 2335.2 0.4473847747 0.0906738192 -0.8897331953 -0.0814893544 0.9948417544 0.0604102537 0.8906213045 0.0454771519 0.4524660110
-326.3 303.0 2217.3 0.1329950839 0.0930285081 -0.9867411256 0.9541975856 0.2571812570 0.1528554708 0.2679912150 -0.9618750215 -0.0545637347
-365.4 22.8 2138.6 -0.3542983234 0.0875366032 -0.9310263395 0.9077614546 0.2713120580 -0.3199357688 0.2245925814 -0.9585025311 -0.1755877584
-198.9 279.8 2471.0 -0.1909105480 -0.4235983491 -0.8855041265 0.1690172851 0.8744376898 -0.4547438025 0.9669468999 -0.2364808917 -0.0953439325
-218.9 297.5 2572.3 0.7733973861 -0.4235983491 -0.4716152549 0.4850348830 0.8744376898 0.0099962009 0.4081637561 -0.2364808917 0.8817477822
-343.6 -91.4 2245.6 0.2886463702 0.0091365157 -0.9573921561 -0.0002244020 0.9999550581 0.0094750430 0.9574357271 -0.0025200963 0.2886354625
-347.2 -483.1 2246.6 0.2745282650 0.1622018963 -0.9477999806 -0.0939084217 0.9854811430 0.1414500922 0.9569824934 0.0501743555 0.2857745588
-261.8 -106.4 2405.9 -0.9485638142 0.0786196291 0.3066686690 0.0096958904 0.9754340649 -0.2200782001 -0.3164375424 -0.2057847828 -0.9260237217
-292.6 -488.3 2486.5 -0.9488514066 -0.0772896633 0.3061164916 0.0131868236 0.9590252638 0.2830134332 -0.3154474497 0.2725743949 -0.9089533091
-274.1 -211.1 2080.7 0 0 0 0 0 0 0 0 0
-20.8 421.7 2676.8 0 0 0 0 0 0 0 0 0
-408.3 -854.3 2227.7 0 0 0 0 0 0 0 0 0
-268.9 -782.7 2402.8 0 0 0 0 0 0 0 0 0
-244.8 487.5 2351.8 29 0.4458095729 0.1085209623 -0.8885251880 -0.0971879736 0.9926239252 0.0724719763 0.8898361325 0.0540452637 0.4530681968
-266.4 290.5 2341.1 0.4458095729 0.1085209623 -0.8885251880 -0.0971879736 0.9926239252 0.0724719763 0.8898361325 0.0540452637 0.4530681968
-286.1 96.0 2330.8 0.4463023245 0.1006239802 -0.8892069459 -0.0925085619 0.9935222864 0.0659974292 0.8900878429 0.0528044552 0.4527198970
-329.9 303.7 2214.3 0.1217140853 0.0941151455 -0.9880931377 0.9576268792 0.2506651282 0.1418368965 0.2610295117 -0.9634881020 -0.0596177205
-365.6 23.2 2137.8 -0.3546592891 0.0886001214 -0.9307882786 0.9092094302 0.2648632526 -0.3212252259 0.2180710286 -0.9602069855 -0.1744922847
-202.8 277.4 2467.9 -0.1524207443 -0.4039128423 -0.9020101428 0.2106966227 0.8784129024 -0.4289494753 0.9655956030 -0.2554312944 -0.0487852879
-219.1 299.9 2571.2 0.7753760815 -0.4039128423 -0.4854341745 0.4769052565 0.8784129024 0.0308562368 0.4139484167 -0.2554312944 0.8737285137
-338.6 -91.0 2245.9 0.2884489298 0.0205891263 -0.9572739005 -0.0060690953 0.9997879863 0.0196747631 0.9574760199 0.0001346220 0.2885127366
-346.6 -482.6 2245.8 0.2746942043 0.1666391045 -0.9469817877 -0.0941869915 0.9847949147 0.1459718943 0.9569074512 0.0490957312 0.2862126827
-257.7 -105.7 2406.8 -0.9479238391 0.0926036388 0.3047375083 0.0259308852 0.9760612845 -0.2159442753 -0.3174397051 -0.1967966259 -0.9276330471
-294.0 -487.9 2483.8 -0.9467780590 -0.0794386715 0.3119306862 0.0106196161 0.9608325958 0.2769258916 -0.3217118084 0.2654999495 -0.9088516235
-274.1 -211.2 2081.6 0 0 0 0 0 0 0 0 0
-20.5 422.0 2677.2 0 0 0 0 0 0 0 0 0
-409.4 -853.5 2227.3 0 0 0 0 0 0 0 0 0
-269.6 -782.9 2402.3 0 0 0 0 0 0 0 0 0
-244.3 487.5 2352.6 30 0.4623596966 0.1028776094 -0.8807041049 -0.0958488137 0.9932251573 0.0657019764 0.8814967275 0.0540364943 0.4690879881
-264.7 290.6 2341.8 0.4623596966 0.1028776094 -0.8807041049 -0.0958488137 0.9932251573 0.0657019764 0.8814967275 0.0540364943 0.4690879881
-283.3 95.9 2331.9 0.4630510509 0.0947486162 -0.8812527657 -0.0888961628 0.9942209721 0.0601843223 0.8818623424 0.0504715741 0.4687978625
-330.7 303.2 2216.2 0.1210444868 0.0757794827 -0.9897503257 0.9563810229 0.2581485212 0.1367284358 0.2658638060 -0.9631286263 -0.0412266031
-366.1 23.3 2138.4 -0.3560594916 0.0749562979 -0.9314522147 0.9086924791 0.2602505684 -0.3264162838 0.2179440111 -0.9626272321 -0.1607769132
-198.8 277.9 2467.5 -0.2043860257 -0.3936405182 -0.8962552547 0.2048271000 0.8781173229 -0.4323838949 0.9572210908 -0.2719506025 -0.0988466665
-220.8 300.0 2570.5 0.7832692266 -0.3936405182 -0.4811823368 0.4752452672 0.8781173229 0.0552440397 0.4007882476 -0.2719506025 0.8748781085
-346.1 -90.3 2240.0 0.3059957623 0.0016126879 -0.9520314932 0.0141041717 0.9998811483 0.0062270137 0.9519283772 -0.0153330555 0.3059366643
-346.7 -481.8 2246.0 0.2894653380 0.1662586778 -0.9426387548 -0.0948035568 0.9849371314 0.1446068287 0.9524820447 0.0475068465 0.3008670807
-265.4 -107.0 2400.8 -0.9552437663 0.0654341504 0.2884920537 -0.0011549749 0.9743969440 -0.2248315513 -0.2958174348 -0.2151021510 -0.9307110906
-291.1 -488.4 2485.0 -0.9565017223 -0.0688372254 0.2834887505 0.0145831350 0.9592640996 0.2821342051 -0.2913618982 0.2739960253 -0.9165338874
-274.2 -211.2 2082.1 0 0 0 0 0 0 0 0 0
-20.2 421.7 2673.2 0 0 0 0 0 0 0 0 0
-409.4 -852.8 2228.1 0 0 0 0 0 0 0 0 0
-269.9 -783.1 2400.9 0 0 0 0 0 0 0 0 0
-245.2 487.7 2351.9 31 0.4673914611 0.1003773883 -0.8783333898 -0.0896849409 0.9937911034 0.0658476353 0.8794895411 0.0479966626 0.4734918177
-265.1 291.2 2342.4 0.4673914611 0.1003773883 -0.8783333898 -0.0896849409 0.9937911034 0.0658476353 0.8794895411 0.0479966626 0.4734918177
-282.8 96.4 2333.6 0.4681029320 0.0904643759 -0.8790311813 -0.0822711587 0.9948870540 0.0585763864 0.8798358440 0.0448991358 0.4731521606
-331.8 302.9 2217.0 0.1164288446 0.0714687034 -0.9906243086 0.9539659023 0.2695176899 0.1315647364 0.2763935328 -0.9603397846 -0.0367990732
-365.9 23.7 2136.1 -0.3555095196 0.0771874711 -0.9314800501 0.9102471471 0.2549336851 -0.3262805343 0.2122808695 -0.9638728499 -0.1608910263
-198.4 279.5 2467.8 -0.2106937617 -0.3983291388 -0.8927161098 0.1950850636 0.8777130246 -0.4376776218 0.9578883052 -0.2663715184 -0.1072205901
-220.7 300.2 2569.3 0.7842485309 -0.3983291388 -0.4756975472 0.4765054584 0.8777130246 0.0506204888 0.3973623216 -0.2663715184 0.8781511188
-343.7 -90.8 2242.3 0.3109089434 0.0085131750 -0.9504016042 0.0052754832 0.9999290109 0.0106826061 0.9504250884 -0.0083351452 0.3108419478
-347.0 -482.4 2245.6 0.2952006757 0.1626941413 -0.9414813519 -0.1006795391 0.9852060080 0.1386820674 0.9501158595 0.0538488738 0.3072134554
-260.0 -106.9 2401.7 -0.9558941126 0.0729308650 0.2845128179 0.0059345914 0.9732792974 -0.2295477092 -0.2936515510 -0.2177348286 -0.9307847619
-288.6 -488.0 2487.0 -0.9570745230 -0.0605424494 0.2834484577 0.0224107876 0.9595558643 0.2806247771 -0.2889743447 0.2749311030 -0.9170096517
-274.2 -211.1 2081.4 0 0 0 0 0 0 0 0 0
-19.9 422.2 2671.1 0 0 0 0 0 0 0 0 0
-408.3 -853.5 2225.3 0 0 0 0 0 0 0 0 0
-270.0 -782.5 2402.6 0 0 0 0 0 0 0 0 0
-244.3 489.6 2352.1 32 0.4388642609 0.1062363014 -0.8922510743 -0.0909651071 0.9931375384 0.0735061318 0.8939371109 0.0489044972 0.4455163777
-265.4 292.9 2342.4 0.4388642609 0.1062363014 -0.8922510743 -0.0909651071 0.9931375384 0.0735061318 0.8939371109 0.0489044972 0.4455163777
-284.4 98.1 2333.7 0.4396885931 0.0973250493 -0.8928615451 -0.0829169080 0.9942647219 0.0675460175 0.8943146467 0.0443341099 0.4452367425
-328.0 304.7 2215.0 0.1276247799 0.1022804826 -0.9865346551 0.9553900361 0.2544356287 0.1499746889 0.2663490474 -0.9616658688 -0.0652454644
-365.5 23.9 2136.7 -0.3517775238 0.1008813828 -0.9306317568 0.9126392007 0.2580694854 -0.3170013726 0.2081881315 -0.9608449936 -0.1828513592
-202.8 281.1 2469.8 -0.1866877079 -0.4477265775 -0.8744647503 0.1296551675 0.8710991740 -0.4736832082 0.9738260508 -0.2018097192 -0.1045734435
