-424.6 511.9 2661.0 3 -0.7866148353 -0.0983830169 -0.6095554829 -0.1538803130 0.9873105884 0.0392252170 0.5979614854 0.1246537268 -0.7917723656
-404.9 314.4 2636.0 -0.7866148353 -0.0983830169 -0.6095554829 -0.1538803130 0.9873105884 0.0392252170 0.5979614854 0.1246537268 -0.7917723656
-388.3 117.6 2614.0 -0.7884914279 -0.0832564309 -0.6093846560 -0.1334485561 0.9903510809 0.0373654664 0.6003938913 0.1107838601 -0.7919937968
-294.0 333.1 2551.6 -0.9117258787 -0.3712553084 0.1758563370 -0.3909648657 0.6527690887 -0.6488751769 0.1261047721 -0.6603499651 -0.7402942181
-95.7 418.2 2524.2 -0.3254723549 -0.3712553084 0.8696190119 -0.7575414777 0.6527690887 -0.0048467526 -0.5658609867 -0.6603499651 -0.4936995804
-515.9 295.6 2720.5 -0.2576996386 0.8274806142 -0.4988654256 -0.9156093001 -0.0442191623 0.3996301889 0.3086268306 0.5597503781 0.7690442204
-585.4 48.6 2803.7 -0.0968912989 0.8306906223 -0.5482382774 -0.9883090258 -0.0151507584 0.1517094970 0.1177174374 0.5565281510 0.8224470019
-300.0 -68.0 2533.0 -0.4613367319 0.3379635513 -0.8203347325 0.1479309201 0.9409651756 0.3044683337 0.8748056293 0.0191095583 -0.4840970635
-434.2 -441.6 2525.4 -0.4984843731 0.1582801044 -0.8523266315 -0.0308818519 0.9793243408 0.1999253333 0.8663484454 0.1259810776 -0.4832899272
-444.1 -91.4 2647.1 -0.8639907837 0.0754318237 -0.4978252947 0.1181974635 0.9914710522 -0.0549049005 0.4894377589 -0.1062790081 -0.8655376434
-474.1 -485.2 2689.3 -0.8639907837 0.0754318237 -0.4978252947 0.1181974635 0.9914710522 -0.0549049005 0.4894377589 -0.1062790081 -0.8655376434
-11.2 614.9 2671.2 0 0 0 0 0 0 0 0 0
-610.6 -208.2 2834.3 0 0 0 0 0 0 0 0 0
-494.7 -815.9 2477.2 0 0 0 0 0 0 0 0 0
-502.9 -863.9 2729.9 0 0 0 0 0 0 0 0 0
-424.1 514.2 2659.4 4 -0.7889055610 -0.0926290229 -0.6074931026 -0.1444836557 0.9888204932 0.0368571728 0.5972875953 0.1168496534 -0.7934693694
-405.6 316.6 2636.0 -0.7889055610 -0.0926290229 -0.6074931026 -0.1444836557 0.9888204932 0.0368571728 0.5972875953 0.1168496534 -0.7934693694
-390.0 119.6 2615.2 -0.7904857397 -0.0786661580 -0.6074075103 -0.1262167394 0.9913540483 0.0358680449 0.5993342996 0.1050181836 -0.7935802341
-294.4 334.4 2551.7 -0.9061024189 -0.3751380742 0.1955755502 -0.4088408053 0.6576257348 -0.6327539682 0.1087545827 -0.6532991529 -0.7492480278
-92.8 425.3 2527.5 -0.3196105361 -0.3751380742 0.8701267242 -0.7533139586 0.6576257348 0.0068189832 -0.5747758150 -0.6532991529 -0.4927808642
-516.8 298.9 2720.3 -0.2629165649 0.8259806633 -0.4986289144 -0.9125694633 -0.0451280959 0.4064238966 0.3131961226 0.5618891120 0.7656297088
-587.8 52.6 2804.9 -0.1020553485 0.8293386102 -0.5493471026 -0.9871391058 -0.0161210932 0.1590487808 0.1230492145 0.5585137606 0.8203178048
-299.5 -67.0 2537.0 -0.4684566259 0.3372289538 -0.8165935278 0.1388513446 0.9409013391 0.3089092970 0.8725071549 0.0313254893 -0.4875961840
-433.4 -440.8 2524.5 -0.5027459264 0.1622685790 -0.8490673900 -0.0255192686 0.9790090919 0.2022126019 0.8640574813 0.1233291477 -0.4880518913
-446.8 -89.0 2649.3 -0.8643091917 0.0816234723 -0.4962934554 0.1275474727 0.9900583625 -0.0592964888 0.4865195155 -0.1145514771 -0.8661274314
-479.3 -482.4 2694.8 -0.8643091917 0.0816234723 -0.4962934554 0.1275474727 0.9900583625 -0.0592964888 0.4865195155 -0.1145514771 -0.8661274314
-9.8 621.1 2676.9 0 0 0 0 0 0 0 0 0
-614.3 -204.0 2836.8 0 0 0 0 0 0 0 0 0
-495.2 -813.7 2477.5 0 0 0 0 0 0 0 0 0
-510.5 -860.7 2738.6 0 0 0 0 0 0 0 0 0
-426.4 512.1 2666.6 5 -0.7877916098 -0.0943481177 -0.6086730361 -0.1626765430 0.9849808812 0.0578703396 0.5940713286 0.1446065903 -0.7913078666
-407.6 315.3 2637.7 -0.7877916098 -0.0943481177 -0.6086730361 -0.1626765430 0.9849808812 0.0578703396 0.5940713286 0.1446065903 -0.7913078666
-391.4 118.8 2612.9 -0.7897837162 -0.0813028216 -0.6079732776 -0.1402904391 0.9888467193 0.0500072613 0.5971266627 0.1247877628 -0.7923810482
-296.4 335.0 2553.7 -0.8901886344 -0.4063438475 0.2060312927 -0.4442031682 0.6736304164 -0.5906823277 0.1012311876 -0.6173384786 -0.7801573277
-93.7 436.2 2530.6 -0.3326274157 -0.4063438475 0.8510251045 -0.7383284569 0.6736304164 0.0330627970 -0.5867112279 -0.6173384786 -0.5240831971
-518.7 295.6 2721.7 -0.2603092492 0.8264189363 -0.4992703497 -0.9193252921 -0.0541041568 0.3897611201 0.2950933576 0.5604503155 0.7738316059
-589.0 47.5 2801.3 -0.0993442982 0.8296984434 -0.5493006110 -0.9896650910 -0.0250174515 0.1411989033 0.1034104079 0.5576509833 0.8236089349
-301.8 -65.9 2539.3 -0.4639559686 0.3320719302 -0.8212631345 0.1324798763 0.9426654577 0.3063182831 0.8758960962 0.0333173648 -0.4813481271
-433.8 -440.5 2526.1 -0.4968623817 0.1617341787 -0.8526252508 -0.0270690303 0.9791139960 0.2015020847 0.8674070835 0.1231985465 -0.4821069241
-447.7 -90.6 2642.8 -0.8642696738 0.0794130340 -0.4967207015 0.1166593358 0.9921809435 -0.0443569832 0.4893143177 -0.0962835029 -0.8667762280
-479.3 -484.9 2681.1 -0.8642696738 0.0794130340 -0.4967207015 0.1166593358 0.9921809435 -0.0443569832 0.4893143177 -0.0962835029 -0.8667762280
-7.3 628.0 2683.1 0 0 0 0 0 0 0 0 0
-614.8 -209.7 2828.2 0 0 0 0 0 0 0 0 0
-495.5 -814.2 2479.1 0 0 0 0 0 0 0 0 0
-509.6 -864.1 2717.9 0 0 0 0 0 0 0 0 0
-426.8 513.0 2670.7 6 -0.7586747408 -0.0918292627 -0.6449651718 -0.1630778164 0.9852656722 0.0515482165 0.6307283640 0.1442878395 -0.7624714971
-408.4 316.6 2641.9 -0.7586747408 -0.0918292627 -0.6449651718 -0.1630778164 0.9852656722 0.0515482165 0.6307283640 0.1442878395 -0.7624714971
-391.2 120.2 2616.5 -0.7600021362 -0.0868109316 -0.6440967321 -0.1484148651 0.9880347848 0.0419554822 0.6327477694 0.1274797916 -0.7637925744
-301.6 337.4 2553.0 -0.8978635669 -0.3819249272 0.2190304250 -0.4330301881 0.6761862040 -0.5960344672 0.0795350596 -0.6300044060 -0.7725079656
-92.6 438.2 2534.5 -0.3343507946 -0.3819249272 0.8615932465 -0.7365997434 0.6761862040 0.0138924643 -0.5879033208 -0.6300044060 -0.5074092150
-515.3 295.7 2730.8 -0.2358048409 0.8517345190 -0.4679149091 -0.9220047593 -0.0439296924 0.3846783638 0.3070884645 0.5221287608 0.7956621051
-578.9 46.9 2813.7 -0.0830869526 0.8545405865 -0.5126957297 -0.9906301498 -0.0148671810 0.1357605010 0.1083905175 0.5191717744 0.8477689624
-302.8 -64.9 2533.3 -0.4239312708 0.3294125199 -0.8436644077 0.1312789470 0.9440231919 0.3026319146 0.8961294889 0.0175397638 -0.4434458911
-433.7 -440.1 2526.3 -0.4584838748 0.1622803658 -0.8737606406 -0.0368527658 0.9788691401 0.2011393607 0.8879382610 0.1244196519 -0.4428152442
-443.6 -89.8 2649.2 -0.8422524929 0.0636856481 -0.5353081822 0.1078165248 0.9928349257 -0.0515206009 0.5281915665 -0.1011084244 -0.8430840969
-468.9 -484.4 2689.4 -0.8422524929 0.0636856481 -0.5353081822 0.1078165248 0.9928349257 -0.0515206009 0.5281915665 -0.1011084244 -0.8430840969
-5.7 629.7 2687.3 0 0 0 0 0 0 0 0 0
-600.5 -210.5 2841.9 0 0 0 0 0 0 0 0 0
-495.7 -814.1 2478.8 0 0 0 0 0 0 0 0 0
-493.3 -863.9 2728.0 0 0 0 0 0 0 0 0 0
-426.8 512.1 2663.2 7 -0.7685027122 -0.0934972391 -0.6329785585 -0.1428936273 0.9893600941 0.0273495913 0.6236866117 0.1114668399 -0.7736860514
-408.1 314.5 2641.0 -0.7685027122 -0.0934972391 -0.6329785585 -0.1428936273 0.9893600941 0.0273495913 0.6236866117 0.1114668399 -0.7736860514
-391.8 117.5 2620.8 -0.7698399425 -0.0823873281 -0.6328971386 -0.1278339624 0.9914432764 0.0264329333 0.6253039241 0.1012548804 -0.7737845182
-299.8 332.5 2553.1 -0.8824312091 -0.4094346762 0.2316861302 -0.4648587108 0.6832368374 -0.5631108880 0.0722606108 -0.6046078801 -0.7932387590
-94.2 440.8 2536.2 -0.3525705040 -0.4094346762 0.8414614201 -0.7297085524 0.6832368374 0.0267001241 -0.5858493447 -0.6046078801 -0.5396571159
-516.4 296.6 2728.9 -0.2462355345 0.8438889980 -0.4766753912 -0.9123975039 -0.0359189697 0.4077262282 0.3269539773 0.5353140831 0.7788067460
-582.8 50.4 2817.1 -0.0911078826 0.8469298482 -0.5238408446 -0.9870194793 -0.0069363681 0.1604507267 0.1322569400 0.5316594243 0.8365681767
-304.3 -62.6 2533.2 -0.4438908994 0.3236460984 -0.8355920315 0.1332197040 0.9459687471 0.2956276238 0.8861226439 0.0199090820 -0.4630229473
-433.0 -438.7 2525.3 -0.4773400426 0.1657049507 -0.8629532456 -0.0269136727 0.9788409472 0.2028450072 0.8783063889 0.1200512871 -0.4627802372
-446.0 -91.2 2658.0 -0.8489385247 0.0717480183 -0.5235986710 0.1267210096 0.9894743562 -0.0698732212 0.5130742192 -0.1256690174 -0.8490949273
-474.5 -484.5 2707.9 -0.8489385247 0.0717480183 -0.5235986710 0.1267210096 0.9894743562 -0.0698732212 0.5130742192 -0.1256690174 -0.8490949273
-2.6 630.5 2688.5 0 0 0 0 0 0 0 0 0
-606.5 -206.1 2851.4 0 0 0 0 0 0 0 0 0
-496.5 -814.1 2479.2 0 0 0 0 0 0 0 0 0
-502.0 -862.6 2756.0 0 0 0 0 0 0 0 0 0
-425.0 516.3 2672.0 8 -0.7489629388 -0.0835489333 -0.6573234200 -0.1430245042 0.9890177250 0.0372551344 0.6469919086 0.1219160706 -0.7526871562
-408.3 318.6 2647.6 -0.7489629388 -0.0835489333 -0.6573234200 -0.1430245042 0.9890177250 0.0372551344 0.6469919086 0.1219160706 -0.7526871562
-392.0 121.6 2626.7 -0.7499562502 -0.0821903646 -0.6563614607 -0.1311578900 0.9910266995 0.0257629938 0.6483542919 0.1054081097 -0.7540065646
-302.9 337.0 2556.5 -0.8883707523 -0.4106853008 0.2052681148 -0.4495374858 0.6871463656 -0.5707415342 0.0933459103 -0.5993058085 -0.7950592041
-92.8 443.3 2534.4 -0.3425142765 -0.4106853008 0.8449979424 -0.7254213095 0.6871463656 0.0399217159 -0.5970325470 -0.5993058085 -0.5332773328
-513.8 300.1 2738.8 -0.2332805097 0.8600066304 -0.4538378716 -0.9136925936 -0.0341345556 0.4049699903 0.3327853382 0.5091398954 0.7937445641
-576.7 53.5 2828.6 -0.0840005055 0.8628433943 -0.4984427691 -0.9875065088 -0.0051567079 0.1574937403 0.1333221048 0.5054450631 0.8524966240
-304.8 -67.8 2543.4 -0.4277305007 0.3246841729 -0.8435797691 0.0989021733 0.9444677234 0.3133672476 0.8984792829 0.0506048575 -0.4360896349
-433.9 -443.1 2523.3 -0.4529593289 0.1640289128 -0.8763117790 -0.0289744306 0.9797012210 0.1983581334 0.8910602331 0.1152388006 -0.4390121698
-444.5 -87.4 2665.1 -0.8332025409 0.0649029836 -0.5491458178 0.1234190688 0.9898636341 -0.0702690929 0.5390187502 -0.1263234466 -0.8327671885
-470.3 -480.9 2715.4 -0.8332025409 0.0649029836 -0.5491458178 0.1234190688 0.9898636341 -0.0702690929 0.5390187502 -0.1263234466 -0.8327671885
-3.7 631.9 2689.6 0 0 0 0 0 0 0 0 0
-598.6 -203.1 2863.2 0 0 0 0 0 0 0 0 0
-496.1 -814.7 2479.6 0 0 0 0 0 0 0 0 0
-495.1 -859.3 2763.6 0 0 0 0 0 0 0 0 0
-428.3 520.8 2675.4 9 -0.7280989289 -0.0989284292 -0.6782957315 -0.1683855951 0.9850233197 0.0370849408 0.6644684076 0.1412167400 -0.7338525653
-408.5 324.3 2647.2 -0.7280989289 -0.0989284292 -0.6782957315 -0.1683855951 0.9850233197 0.0370849408 0.6644684076 0.1412167400 -0.7338525653
-390.0 128.0 2622.4 -0.7295656204 -0.0935286731 -0.6774853468 -0.1533516347 0.9877525568 0.0287783220 0.6664962769 0.1248891652 -0.7349730730
-305.9 345.9 2553.5 -0.9107255340 -0.3577277064 0.2064214796 -0.4046617448 0.6728774309 -0.6192615628 0.0826306716 -0.6475082040 -0.7575653791
-95.9 439.2 2534.5 -0.3509768248 -0.3577277064 0.8653589487 -0.7394343615 0.6728774309 -0.0217452198 -0.5745016336 -0.6475082040 -0.5006805658
-511.1 302.7 2740.9 -0.2108018100 0.8742671609 -0.4372866154 -0.9226095676 -0.0301117077 0.3845580518 0.3230390251 0.4845103323 0.8129547834
-568.0 53.8 2828.1 -0.0661318824 0.8765819073 -0.4766872525 -0.9907798171 -0.0010741912 0.1354777515 0.1182452887 0.4812515080 0.8685706854
-307.0 -63.4 2546.3 -0.4024965465 0.3175773621 -0.8585692644 0.0812289417 0.9465855956 0.3120537996 0.9118105173 0.0558599085 -0.4067939222
-433.2 -439.6 2524.1 -0.4249953330 0.1650494933 -0.8900211453 -0.0348437056 0.9795247316 0.1982856989 0.9045246840 0.1152821332 -0.4105425179
-438.4 -82.4 2658.6 -0.8195001483 0.0472327061 -0.5711292624 0.1019186229 0.9927227497 -0.0641419515 0.5639433861 -0.1107730418 -0.8183502555
-457.1 -476.9 2702.6 -0.8195001483 0.0472327061 -0.5711292624 0.1019186229 0.9927227497 -0.0641419515 0.5639433861 -0.1107730418 -0.8183502555
-4.7 631.4 2683.8 0 0 0 0 0 0 0 0 0
-585.2 -203.7 2858.8 0 0 0 0 0 0 0 0 0
-496.3 -814.2 2480.0 0 0 0 0 0 0 0 0 0
-475.2 -856.3 2745.0 0 0 0 0 0 0 0 0 0
-429.9 519.0 2668.6 0 -0.7432779074 -0.1131583229 -0.6593429446 -0.1727617383 0.9846264720 0.0257700663 0.6462904215 0.1330635548 -0.7514005303
-407.3 322.3 2642.0 -0.7432779074 -0.1131583229 -0.6593429446 -0.1727617383 0.9846264720 0.0257700663 0.6462904215 0.1330635548 -0.7514005303
-386.9 126.1 2617.4 -0.7447966337 -0.1028918624 -0.6593111753 -0.1589025706 0.9869654179 0.0254802145 0.6480956078 0.1237438172 -0.7514383197
-302.5 344.6 2550.9 -0.9036822915 -0.3624005616 0.2280880362 -0.4230462015 0.6731773019 -0.6065181494 0.0662588254 -0.6445915103 -0.7616505623
-94.5 442.0 2535.6 -0.3526588678 -0.3624005616 0.8627268076 -0.7392266989 0.6731773019 -0.0193978157 -0.5737383366 -0.6445915103 -0.5052980781
-512.0 299.9 2733.1 -0.2126759738 0.8622649908 -0.4596390128 -0.9243347049 -0.0250164494 0.3807618022 0.3168190122 0.5058391690 0.8023418188
-569.4 50.4 2818.6 -0.0625542402 0.8644720316 -0.4987735748 -0.9913244247 0.0040656733 0.1313746572 0.1155975685 0.5026644468 0.8567179441
-304.6 -54.2 2536.4 -0.4152377248 0.3177778125 -0.8524053693 0.1080667600 0.9476007223 0.3006235063 0.9032713771 0.0327135362 -0.4278207719
-430.9 -430.9 2523.4 -0.4420333803 0.1692407280 -0.8808882236 -0.0239582732 0.9794617891 0.2002015263 0.8966785669 0.1096003205 -0.4289000630
-434.7 -84.7 2652.2 -0.8338002563 0.0434828997 -0.5503510833 0.0959758908 0.9931302071 -0.0669400692 0.5436595678 -0.1086350828 -0.8322455883
-452.0 -479.5 2695.4 -0.8338002563 0.0434828997 -0.5503510833 0.0959758908 0.9931302071 -0.0669400692 0.5436595678 -0.1086350828 -0.8322455883
-2.8 634.2 2684.7 0 0 0 0 0 0 0 0 0
-585.7 -207.2 2848.7 0 0 0 0 0 0 0 0 0
-496.8 -812.5 2480.7 0 0 0 0 0 0 0 0 0
-468.6 -859.1 2736.9 0 0 0 0 0 0 0 0 0
-429.6 514.6 2671.2 1 -0.7350053787 -0.0970619693 -0.6710782647 -0.1625802070 0.9860583544 0.0354482643 0.6582816839 0.1351587176 -0.7405385375
-410.2 317.9 2644.2 -0.7350053787 -0.0970619693 -0.6710782647 -0.1625802070 0.9860583544 0.0354482643 0.6582816839 0.1351587176 -0.7405385375
-392.7 121.4 2620.2 -0.7364986539 -0.0884749070 -0.6706280112 -0.1466862261 0.9887079597 0.0306554008 0.6603429914 0.1209495515 -0.7411601543
-306.6 338.6 2551.3 -0.8988758922 -0.3637288213 0.2443837672 -0.4344094396 0.6664218903 -0.6059457660 0.0575372390 -0.6508326530 -0.7570378184
-91.4 442.6 2537.6 -0.3383523524 -0.3637288213 0.8678818941 -0.7454885840 0.6664218903 -0.0113390684 -0.5742511749 -0.6508326530 -0.4966411293
-513.8 297.3 2737.1 -0.2192682177 0.8697315454 -0.4421408176 -0.9201603532 -0.0336733237 0.3900910318 0.3243861198 0.4923750460 0.8076759577
-573.0 48.9 2824.7 -0.0731562525 0.8722538352 -0.4835508764 -0.9899386764 -0.0046269088 0.1414212435 0.1211178675 0.4890315831 0.8638162613
-298.2 -55.5 2533.4 -0.3971717656 0.3359035552 -0.8540628552 0.1241441295 0.9417215586 0.3126479983 0.9093089700 0.0181480628 -0.4157256484
-431.7 -429.8 2526.2 -0.4294104576 0.1640865058 -0.8880778551 -0.0349475890 0.9796000719 0.1978948265 0.9024329782 0.1160142869 -0.4149160981
-442.6 -88.6 2656.7 -0.8239015341 0.0542248599 -0.5641328692 0.1088868901 0.9920127392 -0.0636735111 0.5561743379 -0.1138873771 -0.8232252598
-464.2 -483.0 2702.0 -0.8239015341 0.0542248599 -0.5641328692 0.1088868901 0.9920127392 -0.0636735111 0.5561743379 -0.1138873771 -0.8232252598
-3.5 636.4 2686.8 0 0 0 0 0 0 0 0 0
-592.0 -208.4 2856.1 0 0 0 0 0 0 0 0 0
-496.0 -814.0 2480.7 0 0 0 0 0 0 0 0 0
-484.9 -862.2 2745.6 0 0 0 0 0 0 0 0 0
-428.0 513.5 2663.5 2 -0.7495627403 -0.0879538879 -0.6560639143 -0.1334835291 0.9908558130 0.0196698289 0.6483346820 0.1023174971 -0.7544490099
-410.5 315.7 2643.1 -0.7495627403 -0.0879538879 -0.6560639143 -0.1334835291 0.9908558130 0.0196698289 0.6483346820 0.1023174971 -0.7544490099
-395.1 118.5 2624.8 -0.7507995367 -0.0775274858 -0.6559646130 -0.1186581105 0.9927632213 0.0184796825 0.6497848034 0.0917100534 -0.7545654178
-304.9 332.4 2551.7 -0.8863019347 -0.3977816403 0.2371470183 -0.4581026733 0.6779683232 -0.5748921037 0.0679033399 -0.6181656122 -0.7831094265
-95.6 440.6 2535.7 -0.3558387756 -0.3977816403 0.8456645608 -0.7350282073 0.6779683232 0.0096158674 -0.5771588087 -0.6181656122 -0.5336281061
-516.1 299.0 2734.4 -0.2379404604 0.8596228957 -0.4521424472 -0.9078106880 -0.0313096642 0.4182097614 0.3453462720 0.5099687576 0.7878247499
-580.3 54.1 2827.6 -0.0889311805 0.8626037836 -0.4980019629 -0.9851363897 -0.0024043883 0.1717569828 0.1469608396 0.5058743954 0.8499962091
-307.5 -61.7 2535.6 -0.4255976975 0.3159003556 -0.8479820490 0.1179445535 0.9484584928 0.2941352725 0.8971931934 0.0251684319 -0.4409205019
-433.1 -438.6 2525.6 -0.4557926655 0.1644693464 -0.8747587800 -0.0308413971 0.9792716503 0.2001894265 0.8895515203 0.1182236522 -0.4412723780
-448.6 -89.7 2666.2 -0.8327743411 0.0698941574 -0.5491827130 0.1351281703 0.9876570106 -0.0792082846 0.5368679762 -0.1401726902 -0.8319401145
-476.4 -482.2 2721.9 -0.8327743411 0.0698941574 -0.5491827130 0.1351281703 0.9876570106 -0.0792082846 0.5368679762 -0.1401726902 -0.8319401145
-3.1 631.6 2685.7 0 0 0 0 0 0 0 0 0
-603.4 -201.9 2865.8 0 0 0 0 0 0 0 0 0
-496.2 -814.2 2480.3 0 0 0 0 0 0 0 0 0
-503.1 -859.6 2775.4 0 0 0 0 0 0 0 0 0
-428.0 508.3 2669.6 3 -0.7465733290 -0.0846327320 -0.6598981619 -0.1386957467 0.9898817539 0.0299593881 0.6506856084 0.1138919517 -0.7507575154
-411.1 310.6 2646.9 -0.7465733290 -0.0846327320 -0.6598981619 -0.1386957467 0.9898817539 0.0299593881 0.6506856084 0.1138919517 -0.7507575154
-397.1 113.4 2627.0 -0.7481296062 -0.0701268688 -0.6598365903 -0.1187606901 0.9924943447 0.0291706640 0.6528384089 0.1001860872 -0.7508426905
-305.8 327.3 2555.1 -0.8785331845 -0.4211245179 0.2254630178 -0.4703298211 0.6801080108 -0.5623548031 0.0834821910 -0.6000893712 -0.7955648899
-97.3 439.0 2535.2 -0.3711868227 -0.4211245179 0.8275714517 -0.7329064012 0.6801080108 0.0173579622 -0.5701478124 -0.6000893712 -0.5610919595
-516.3 293.9 2738.7 -0.2423375249 0.8621220589 -0.4449921846 -0.9089025855 -0.0413028970 0.4149580002 0.3393650055 0.5050144196 0.7935942411
-581.7 48.6 2830.3 -0.0948995501 0.8652808666 -0.4922226369 -0.9856611490 -0.0123733068 0.1682824194 0.1395211369 0.5011346340 0.8540479541
-310.9 -67.9 2547.0 -0.4274854064 0.3111226857 -0.8487985134 0.0911007375 0.9489594698 0.3019545674 0.8994203210 0.0517550148 -0.4340098500
-434.6 -445.0 2526.5 -0.4527494013 0.1627303064 -0.8766623139 -0.0376490541 0.9788386226 0.2011404932 0.8908426166 0.1240717396 -0.4370419681
-451.9 -94.8 2666.9 -0.8289401531 0.0759174079 -0.5541612506 0.1364668906 0.9882563353 -0.0687471926 0.5424342752 -0.1326119751 -0.8295655847
-482.0 -487.6 2719.6 -0.8289401531 0.0759174079 -0.5541612506 0.1364668906 0.9882563353 -0.0687471926 0.5424342752 -0.1326119751 -0.8295655847
-0.8 629.4 2683.4 0 0 0 0 0 0 0 0 0
-606.4 -207.6 2866.6 0 0 0 0 0 0 0 0 0
-496.1 -814.9 2479.6 0 0 0 0 0 0 0 0 0
-511.1 -865.3 2770.3 0 0 0 0 0 0 0 0 0
-430.5 509.9 2673.2 4 -0.7400176525 -0.1000820771 -0.6650996208 -0.1648360342 0.9856969714 0.0350789055 0.6520758867 0.1355913877 -0.7459303141
-410.6 313.2 2646.2 -0.7400176525 -0.1000820771 -0.6650996208 -0.1648360342 0.9856969714 0.0350789055 0.6520758867 0.1355913877 -0.7459303141
-393.4 116.8 2621.9 -0.7418014407 -0.0867173299 -0.6649892926 -0.1459821314 0.9887057543 0.0339130647 0.6545379162 0.1222333089 -0.7460825443
-306.2 333.8 2554.1 -0.8985371590 -0.3850766420 0.2105870247 -0.4312561452 0.6854842305 -0.5866255164 0.0815417022 -0.6179217696 -0.7819997668
-98.6 433.5 2535.3 -0.3667553365 -0.3850766420 0.8468804359 -0.7280784845 0.6854842305 -0.0036164622 -0.5791305900 -0.6179217696 -0.5317710042
-514.9 292.7 2738.2 -0.2243456393 0.8658952117 -0.4470956028 -0.9201630950 -0.0371531993 0.3897685409 0.3208876848 0.4988437593 0.8051000237
-575.4 44.4 2824.8 -0.0768605620 0.8685250282 -0.4896495640 -0.9899730086 -0.0081029460 0.1410238743 0.1185151562 0.4955790341 0.8604391813
-314.6 -73.0 2547.2 -0.4181259871 0.3065039814 -0.8551174998 0.0804089382 0.9501491189 0.3012491763 0.9048232436 0.0572010130 -0.4219276905
-436.5 -450.6 2524.5 -0.4403525293 0.1612308770 -0.8832294345 -0.0360313952 0.9797773957 0.1968196332 0.8971016407 0.1184940115 -0.4256380796
-444.2 -93.1 2657.6 -0.8277325630 0.0578780919 -0.5581298470 0.1100962386 0.9920840859 -0.0603986904 0.5502159595 -0.1114419624 -0.8275524378
-467.2 -487.3 2701.9 -0.8277325630 0.0578780919 -0.5581298470 0.1100962386 0.9920840859 -0.0603986904 0.5502159595 -0.1114419624 -0.8275524378
-3.2 622.7 2685.8 0 0 0 0 0 0 0 0 0
-595.4 -212.8 2855.6 0 0 0 0 0 0 0 0 0
-496.2 -813.5 2480.6 0 0 0 0 0 0 0 0 0
-489.3 -866.4 2744.4 0 0 0 0 0 0 0 0 0
-429.5 508.9 2675.0 5 -0.7356497645 -0.1002279073 -0.6699057817 -0.1792774796 0.9825337529 0.0498698950 0.6532067060 0.1567858011 -0.7407693267
-409.5 313.1 2643.8 -0.7356497645 -0.1002279073 -0.6699057817 -0.1792774796 0.9825337529 0.0498698950 0.6532067060 0.1567858011 -0.7407693267
-391.9 117.2 2615.7 -0.7374631166 -0.0890822262 -0.6694867015 -0.1604212075 0.9859988093 0.0455121025 0.6560587883 0.1409633607 -0.7414284945
-305.8 335.7 2551.5 -0.8986355662 -0.3805051446 0.2183345109 -0.4317948520 0.6792451143 -0.5934469700 0.0775069669 -0.6275682449 -0.7746939659
-99.1 435.0 2533.6 -0.3648636341 -0.3805051446 0.8497589827 -0.7338300347 0.6792451143 -0.0109344237 -0.5730340481 -0.6275682449 -0.5270579457
-513.3 290.6 2736.0 -0.2195845395 0.8689374924 -0.4435428977 -0.9266334176 -0.0435470045 0.3734356761 0.3051772714 0.4930023849 0.8147487044
-572.6 40.5 2818.4 -0.0730586722 0.8714589477 -0.4849966466 -0.9922313690 -0.0144134499 0.1235686392 0.1006945223 0.4902566373 0.8657419086
-308.1 -66.3 2537.5 -0.3970262110 0.3209646940 -0.8598557115 0.1109240279 0.9467716217 0.3021908402 0.9110795856 0.0245990194 -0.4114958346
-435.6 -442.4 2527.8 -0.4289513826 0.1596211642 -0.8891129494 -0.0499781780 0.9785628915 0.1997918934 0.9019439816 0.1301372498 -0.4117783308
-441.8 -93.4 2647.9 -0.8248081803 0.0541110076 -0.5628173947 0.0972630605 0.9941502810 -0.0469582118 0.5569841266 -0.0934728608 -0.8252463341
-463.3 -488.6 2685.0 -0.8248081803 0.0541110076 -0.5628173947 0.0972630605 0.9941502810 -0.0469582118 0.5569841266 -0.0934728608 -0.8252463341
-4.3 625.8 2682.6 0 0 0 0 0 0 0 0 0
-591.5 -217.3 2844.5 0 0 0 0 0 0 0 0 0
-496.0 -812.6 2478.5 0 0 0 0 0 0 0 0 0
-484.0 -868.5 2720.7 0 0 0 0 0 0 0 0 0
-428.6 504.7 2673.4 6 -0.7394158244 -0.0965264514 -0.6662934422 -0.1772600859 0.9826619029 0.0543544851 0.6494945288 0.1582977921 -0.7437060475
-409.4 309.2 2641.9 -0.7394158244 -0.0965264514 -0.6662934422 -0.1772600859 0.9826619029 0.0543544851 0.6494945288 0.1582977921 -0.7437060475
-392.8 113.2 2613.7 -0.7412982583 -0.0835481435 -0.6659554243 -0.1566764861 0.9863499403 0.0506585091 0.6526326537 0.1418926269 -0.7442694902
-305.1 331.3 2550.1 -0.8887560368 -0.3966877460 0.2296770662 -0.4532084167 0.6854024529 -0.5699347258 0.0686648935 -0.6106244922 -0.7889378071
-98.0 436.9 2534.1 -0.3725421131 -0.3966877460 0.8389583826 -0.7281640768 0.6854024529 0.0007377958 -0.5753168464 -0.6106244922 -0.5441950560
-513.7 287.2 2733.7 -0.2266203463 0.8665102124 -0.4447508156 -0.9256488681 -0.0495475307 0.3751256168 0.3030138612 0.4966941774 0.8133126497
-574.9 37.3 2815.5 -0.0796139836 0.8692229986 -0.4879682660 -0.9918907285 -0.0204288252 0.1254408807 0.0990674794 0.4939980507 0.8638006449
-306.5 -64.0 2527.6 -0.3942839801 0.3196852207 -0.8615924120 0.1297874153 0.9475178123 0.2921733260 0.9097776413 0.0033754110 -0.4150822163
-433.6 -440.5 2526.2 -0.4300180972 0.1639284492 -0.8878129721 -0.0437968560 0.9784318209 0.2018738687 0.9017572999 0.1256928295 -0.4135638177
-444.2 -97.3 2645.3 -0.8266059756 0.0606493652 -0.5595034957 0.1016342342 0.9939172268 -0.0424144194 0.5535277724 -0.0919247270 -0.8277420402
-468.3 -492.4 2681.9 -0.8266059756 0.0606493652 -0.5595034957 0.1016342342 0.9939172268 -0.0424144194 0.5535277724 -0.0919247270 -0.8277420402
-1.2 626.1 2683.6 0 0 0 0 0 0 0 0 0
-595.6 -220.5 2841.3 0 0 0 0 0 0 0 0 0
-495.9 -812.8 2478.4 0 0 0 0 0 0 0 0 0
-491.5 -872.3 2717.0 0 0 0 0 0 0 0 0 0
-428.6 502.6 2674.1 7 -0.7577298880 -0.0945469737 -0.6456828117 -0.1692523956 0.9840632081 0.0545273870 0.6302372813 0.1506003886 -0.7616564035
-409.8 306.8 2644.1 -0.7577298880 -0.0945469737 -0.6456828117 -0.1692523956 0.9840632081 0.0545273870 0.6302372813 0.1506003886 -0.7616564035
-393.5 110.5 2617.5 -0.7595632076 -0.0817739144 -0.6452726126 -0.1487515122 0.9876127243 0.0499404743 0.6331956387 0.1339182258 -0.7623183131
-302.9 327.7 2555.0 -0.8856475949 -0.4064311683 0.2245931774 -0.4572618008 0.6790877581 -0.5742399096 0.0808705017 -0.6112720370 -0.7872778773
-97.9 433.6 2536.3 -0.3697192371 -0.4064311683 0.8355365992 -0.7340362668 0.6790877581 0.0055235028 -0.5696476102 -0.6112720370 -0.5494070649
-516.6 285.8 2733.2 -0.2399429977 0.8524465561 -0.4645020962 -0.9226409197 -0.0514300540 0.3822154105 0.3019288480 0.5202785730 0.7988423705
-581.4 36.8 2814.7 -0.0878953040 0.8553944826 -0.5104652047 -0.9908450842 -0.0223612897 0.1331391484 0.1024718359 0.5174942017 0.8495288491
-308.2 -68.5 2525.6 -0.4149950743 0.3235198855 -0.8503611088 0.1461321265 0.9462108016 0.2886701822 0.8980113864 -0.0044683758 -0.4399494827
-436.8 -444.6 2527.4 -0.4544132948 0.1562673151 -0.8769772649 -0.0465551503 0.9789811373 0.1985661834 0.8895735741 0.1310589314 -0.4375870228
-447.0 -99.5 2648.9 -0.8406962156 0.0687638447 -0.5371232629 0.1094115227 0.9930168390 -0.0441205874 0.5303385854 -0.0958594829 -0.8423490524
-474.3 -494.3 2687.0 -0.8406962156 0.0687638447 -0.5371232629 0.1094115227 0.9930168390 -0.0441205874 0.5303385854 -0.0958594829 -0.8423490524
-1.7 624.4 2684.4 0 0 0 0 0 0 0 0 0
-604.2 -220.7 2841.3 0 0 0 0 0 0 0 0 0
-495.6 -812.7 2478.1 0 0 0 0 0 0 0 0 0
-500.6 -873.9 2723.7 0 0 0 0 0 0 0 0 0
-427.8 504.3 2675.4 8 -0.7776778340 -0.0916355997 -0.6219485998 -0.1657142192 0.9842104912 0.0621973537 0.6064288616 0.1514352411 -0.7805840373
-409.5 307.9 2645.2 -0.7776778340 -0.0916355997 -0.6219485998 -0.1657142192 0.9842104912 0.0621973537 0.6064288616 0.1514352411 -0.7805840373
-393.1 111.5 2618.7 -0.7792780399 -0.0826932117 -0.6211984754 -0.1476145685 0.9875853658 0.0537126064 0.6090448499 0.1335550100 -0.7818103433
-299.9 328.6 2559.6 -0.8919348717 -0.4018325508 0.2073229402 -0.4401918948 0.6668531299 -0.6012803316 0.1033600569 -0.6275647283 -0.7716729641
-97.8 428.4 2536.1 -0.3628160655 -0.4018325508 0.8407705426 -0.7451837063 0.6668531299 -0.0028560967 -0.5595228076 -0.6275647283 -0.5413841009
-519.1 287.1 2730.9 -0.2520202994 0.8357806802 -0.4878078103 -0.9225496650 -0.0552883334 0.3818969727 0.2922120094 0.5462727547 0.7849829793
-587.2 38.1 2809.7 -0.0941117108 0.8389041424 -0.5360810161 -0.9907820225 -0.0262211878 0.1329036504 0.0974367410 0.5436472297 0.8336388469
-307.6 -72.2 2532.8 -0.4451164901 0.3250240684 -0.8344043493 0.1368749738 0.9455487132 0.2953014076 0.8849500418 0.0172344446 -0.4653669894
-436.8 -448.0 2525.9 -0.4808537960 0.1548600495 -0.8630167842 -0.0401003510 0.9793651104 0.1980806589 0.8758833408 0.1298551112 -0.4647215009
-448.1 -98.3 2647.9 -0.8563621044 0.0747971311 -0.5109298229 0.1109327301 0.9929997921 -0.0405634157 0.5043191910 -0.0914158151 -0.8586648107
-477.9 -493.1 2684.3 -0.8563621044 0.0747971311 -0.5109298229 0.1109327301 0.9929997921 -0.0405634157 0.5043191910 -0.0914158151 -0.8586648107
-3.5 622.1 2681.6 0 0 0 0 0 0 0 0 0
-611.6 -219.4 2835.0 0 0 0 0 0 0 0 0 0
-494.6 -813.1 2477.5 0 0 0 0 0 0 0 0 0
-506.5 -872.7 2719.2 0 0 0 0 0 0 0 0 0
-428.5 507.1 2676.6 9 -0.7809973955 -0.1028658524 -0.6160045862 -0.1786331534 0.9819281697 0.0625079051 0.5984423161 0.1588573605 -0.7852586508
-407.9 310.6 2644.8 -0.7809973955 -0.1028658524 -0.6160045862 -0.1786331534 0.9819281697 0.0625079051 0.5984423161 0.1588573605 -0.7852586508
-389.8 114.7 2616.3 -0.7828317285 -0.0911308974 -0.6155238748 -0.1600312442 0.9854280353 0.0576331653 0.6013023257 0.1436201334 -0.7860081196
-297.8 333.2 2560.2 -0.9013319016 -0.3793836236 0.2089708894 -0.4209270179 0.6535346508 -0.6290571690 0.1020842567 -0.6549507976 -0.7487444878
-96.6 427.1 2537.4 -0.3585073054 -0.3793836236 0.8529598713 -0.7564061880 0.6535346508 -0.0272425376 -0.5471034646 -0.6549507976 -0.5212650299
-518.0 288.1 2729.4 -0.2473544627 0.8319413066 -0.4966783822 -0.9274832010 -0.0549868867 0.3697991371 0.2803403735 0.5521323085 0.7852128148
-584.8 37.8 2805.1 -0.0874012038 0.8348678350 -0.5434673429 -0.9924505949 -0.0258551724 0.1198889464 0.0860399827 0.5498428941 0.8308248520
-305.2 -71.3 2536.3 -0.4476619065 0.3367622197 -0.8283658624 0.1391808391 0.9413244724 0.3074686527 0.8833048940 0.0223493446 -0.4682659507
-439.1 -445.4 2527.4 -0.4839620292 0.1466986090 -0.8627052307 -0.0462947674 0.9801759720 0.1926444471 0.8738635778 0.1331713349 -0.4675765634
-443.5 -95.8 2642.9 -0.8610402346 0.0680183545 -0.5039674640 0.0990911648 0.9944597483 -0.0350815654 0.4987891614 -0.0801453590 -0.8630098701
-470.5 -491.2 2674.7 -0.8610402346 0.0680183545 -0.5039674640 0.0990911648 0.9944597483 -0.0350815654 0.4987891614 -0.0801453590 -0.8630098701
-3.4 623.7 2679.7 0 0 0 0 0 0 0 0 0
-607.5 -220.2 2827.4 0 0 0 0 0 0 0 0 0
-494.2 -813.5 2477.4 0 0 0 0 0 0 0 0 0
-496.5 -871.3 2705.4 0 0 0 0 0 0 0 0 0
-430.4 505.2 2677.2 00 -0.7852475047 -0.1187704131 -0.6076840758 -0.1910123676 0.9800297618 0.0552811064 0.5889827013 0.1594845206 -0.7922525406
-406.7 309.2 2645.3 -0.7852475047 -0.1187704131 -0.6076840758 -0.1910123676 0.9800297618 0.0552811064 0.5889827013 0.1594845206 -0.7922525406
-386.2 113.7 2616.2 -0.7875431776 -0.1029128507 -0.6076056957 -0.1706755757 0.9838140607 0.0545868389 0.5921533704 0.1466929466 -0.7923607826
-295.9 333.3 2562.0 -0.9043338895 -0.3952051401 0.1612237096 -0.3957698643 0.6349666715 -0.6634632945 0.1598324329 -0.6637998223 -0.7306321859
-99.5 419.2 2527.3 -0.3350235224 -0.3952051401 0.8553199172 -0.7724848986 0.6349666715 -0.0091878250 -0.5394685268 -0.6637998223 -0.5180187821
-517.5 285.2 2728.6 -0.2407010496 0.8264962435 -0.5088879466 -0.9311452508 -0.0486662686 0.3613863289 0.2739187479 0.5608347058 0.7813020945
-582.4 33.9 2802.6 -0.0779971108 0.8291440010 -0.5535672307 -0.9936514497 -0.0194979291 0.1108001918 0.0810758993 0.5586949587 0.8254008889
-299.9 -66.5 2532.6 -0.4492050111 0.3498542309 -0.8220808506 0.1567912251 0.9367311597 0.3129715919 0.8795631528 0.0116933472 -0.4756383896
-438.9 -438.8 2527.9 -0.4889622331 0.1440741122 -0.8603246808 -0.0445763953 0.9808503985 0.1895927489 0.8711652160 0.1310538650 -0.4731765091
-438.0 -97.6 2641.3 -0.8673335910 0.0585306920 -0.4942738414 0.0880950093 0.9954354763 -0.0367088653 0.4898691177 -0.0753818899 -0.8685308695
-461.3 -493.3 2671.3 -0.8673335910 0.0585306920 -0.4942738414 0.0880950093 0.9954354763 -0.0367088653 0.4898691177 -0.0753818899 -0.8685308695
-14.3 615.4 2664.3 0 0 0 0 0 0 0 0 0
-602.7 -224.4 2823.6 0 0 0 0 0 0 0 0 0
-494.1 -814.5 2477.7 0 0 0 0 0 0 0 0 0
-483.6 -873.8 2700.1 0 0 0 0 0 0 0 0 0
-428.3 507.7 2676.0 01 -0.7761493921 -0.1062745750 -0.6215286851 -0.1852348894 0.9806314707 0.0636394620 0.6027272940 0.1645225286 -0.7808022499
-407.1 312.1 2643.2 -0.7761493921 -0.1062745750 -0.6215286851 -0.1852348894 0.9806314707 0.0636394620 0.6027272940 0.1645225286 -0.7808022499
-388.6 116.5 2613.3 -0.7780671716 -0.0933973044 -0.6211991310 -0.1663627028 0.9842132330 0.0603969060 0.6057515144 0.1503372192 -0.7813218236
-297.7 335.5 2557.9 -0.9071032405 -0.3752019405 0.1907542646 -0.4035454988 0.6464238167 -0.6475239396 0.1196441501 -0.6643491387 -0.7377842069
-97.9 424.4 2531.6 -0.3534278870 -0.3752019405 0.8569201827 -0.7623329759 0.6464238167 -0.0313801169 -0.5421597362 -0.6643491387 -0.5144929886
-516.6 288.7 2728.4 -0.2423270792 0.8359741569 -0.4923665226 -0.9299767613 -0.0555443130 0.3633978665 0.2764430642 0.5459505916 0.7908964753
-582.0 37.7 2803.0 -0.0835335255 0.8387882113 -0.5380115509 -0.9932372570 -0.0263949018 0.1130623892 0.0806346387 0.5438176394 0.8353205919
-293.5 -66.2 2532.7 -0.4340527356 0.3636355400 -0.8242374659 0.1538538188 0.9313973188 0.3298909664 0.8876526356 0.0163779911 -0.4602222741
-438.1 -436.5 2526.2 -0.4722212851 0.1433597654 -0.8697442412 -0.0431837812 0.9817390442 0.1852661669 0.8804216385 0.1250454783 -0.4574072659
-441.4 -94.5 2639.0 -0.8578462005 0.0641858578 -0.5098823905 0.0932113975 0.9951463342 -0.0315498672 0.5053825378 -0.0745917857 -0.8596653938
-466.9 -490.1 2668.7 -0.8578462005 0.0641858578 -0.5098823905 0.0932113975 0.9951463342 -0.0315498672 0.5053825378 -0.0745917857 -0.8596653938
-7.1 620.3 2670.9 0 0 0 0 0 0 0 0 0
-603.7 -220.5 2824.0 0 0 0 0 0 0 0 0 0
-493.4 -815.6 2477.9 0 0 0 0 0 0 0 0 0
-491.4 -870.6 2697.2 0 0 0 0 0 0 0 0 0
-432.9 513.3 2676.4 02 -0.7722704411 -0.1226156875 -0.6233488321 -0.2040330619 0.9770877957 0.0605798922 0.6016384959 0.1739678234 -0.7795937061
-408.4 318.1 2641.6 -0.7722704411 -0.1226156875 -0.6233488321 -0.2040330619 0.9770877957 0.0605798922 0.6016384959 0.1739678234 -0.7795937061
-386.6 123.2 2609.1 -0.7742454410 -0.1097220555 -0.6233017445 -0.1873929054 0.9804396629 0.0601831302 0.6045063138 0.1633988321 -0.7796620727
-299.4 344.5 2556.6 -0.9188243747 -0.3427983522 0.1955788434 -0.3834446669 0.6580449343 -0.6480332613 0.0934450477 -0.6704223752 -0.7360718846
-95.5 429.6 2535.8 -0.3527757525 -0.3427983522 0.8706541061 -0.7516056895 0.6580449343 -0.0454504006 -0.5573492050 -0.6704223752 -0.4897914827
-517.3 291.7 2726.7 -0.2262588888 0.8376035690 -0.4972194433 -0.9374727011 -0.0486492738 0.3446420431 0.2644840479 0.5441080332 0.7962378263
-578.4 38.7 2798.0 -0.0667040274 0.8399231434 -0.5385904312 -0.9954788685 -0.0194403343 0.0929724425 0.0676193312 0.5423570275 0.8374225497
-298.6 -63.9 2527.9 -0.4264563322 0.3577865362 -0.8307368755 0.1581426412 0.9337871671 0.3209867179 0.8905761838 0.0055119009 -0.4548007548
-440.9 -435.1 2525.7 -0.4643803537 0.1354810447 -0.8752118349 -0.0456206612 0.9832585454 0.1764124185 0.8844600916 0.1218502074 -0.4504252374
-435.8 -88.8 2632.1 -0.8585329056 0.0473325439 -0.5105691552 0.0720894337 0.9969824553 -0.0287942104 0.5076655746 -0.0615274161 -0.8593544364
-454.6 -485.2 2656.6 -0.8585329056 0.0473325439 -0.5105691552 0.0720894337 0.9969824553 -0.0287942104 0.5076655746 -0.0615274161 -0.8593544364
-4.3 623.8 2679.9 0 0 0 0 0 0 0 0 0
-595.7 -220.0 2815.6 0 0 0 0 0 0 0 0 0
-493.4 -816.1 2478.5 0 0 0 0 0 0 0 0 0
-472.7 -866.2 2680.1 0 0 0 0 0 0 0 0 0
-435.5 511.7 2675.6 03 -0.7693706155 -0.1305931509 -0.6253113151 -0.2129646093 0.9753167629 0.0583373792 0.6022581458 0.1780522466 -0.7781918049
-409.4 316.7 2640.0 -0.7693706155 -0.1305931509 -0.6253113151 -0.2129646093 0.9753167629 0.0583373792 0.6022581458 0.1780522466 -0.7781918049
-386.0 122.2 2606.6 -0.7714139819 -0.1179013774 -0.6253157258 -0.1968973279 0.9786849022 0.0583721958 0.6051049232 0.1681521237 -0.7781856656
-300.8 344.4 2554.8 -0.9236065149 -0.3209706247 0.2095922679 -0.3759971261 0.6519997716 -0.6584241986 0.0746807158 -0.6869309545 -0.7228752375
-94.8 428.3 2538.2 -0.3499279618 -0.3209706247 0.8800728917 -0.7556259036 0.6519997716 -0.0626560226 -0.5536965728 -0.6869309545 -0.4706866741
-517.9 289.0 2725.1 -0.2176250964 0.8390467167 -0.4986380935 -0.9406107068 -0.0439083427 0.3366356194 0.2605586350 0.5422847271 0.7987718582
-576.7 35.2 2795.5 -0.0579436049 0.8411099911 -0.5377513766 -0.9963229895 -0.0146689750 0.0844113678 0.0631109849 0.5406651497 0.8388671875
-293.7 -54.5 2521.2 -0.4128914475 0.3713267446 -0.8316472173 0.1844300628 0.9282856584 0.3229106069 0.8919115663 -0.0200537257 -0.4517650306
-441.3 -423.4 2529.2 -0.4581975341 0.1282943934 -0.8795428276 -0.0578290261 0.9831292629 0.1735300273 0.8869671822 0.1303741336 -0.4430482686
-433.3 -90.4 2628.7 -0.8581367135 0.0385708511 -0.5119703412 0.0622824505 0.9976302981 -0.0292349122 0.5096295476 -0.0569743216 -0.8585054874
-448.6 -487.0 2651.3 -0.8581367135 0.0385708511 -0.5119703412 0.0622824505 0.9976302981 -0.0292349122 0.5096295476 -0.0569743216 -0.8585054874
-4.1 624.2 2681.7 0 0 0 0 0 0 0 0 0
-591.7 -223.8 2811.9 0 0 0 0 0 0 0 0 0
-492.6 -816.2 2477.1 0 0 0 0 0 0 0 0 0
-463.4 -868.4 2673.1 0 0 0 0 0 0 0 0 0
-432.9 512.6 2676.2 04 -0.7502945662 -0.1194585785 -0.6502212882 -0.2108015567 0.9754289389 0.0640395880 0.6265946031 0.1851162165 -0.7570410967
-409.0 317.8 2639.2 -0.7502945662 -0.1194585785 -0.6502212882 -0.2108015567 0.9754289389 0.0640395880 0.6265946031 0.1851162165 -0.7570410967
-386.2 123.3 2605.0 -0.7516754270 -0.1152376831 -0.6493876576 -0.1993068904 0.9782720804 0.0571003780 0.6286977530 0.1723483950 -0.7583107352
-303.3 345.8 2550.8 -0.9245013595 -0.3113911748 0.2198470533 -0.3762187064 0.6526737809 -0.6576293707 0.0612915754 -0.6906898618 -0.7205489874
-93.5 431.2 2536.9 -0.3516924083 -0.3113911748 0.8828068972 -0.7543696761 0.6526737809 -0.0703089535 -0.5542913079 -0.6906898618 -0.4644444585
-514.8 289.7 2727.6 -0.2068152428 0.8556301594 -0.4744728506 -0.9413923025 -0.0419461057 0.3346954882 0.2664732635 0.5158852339 0.8141587377
-570.6 35.6 2799.6 -0.0532597452 0.8575623631 -0.5116153359 -0.9965153933 -0.0127094202 0.0824350491 0.0641908646 0.5142230392 0.8552509546
-291.8 -54.3 2517.6 -0.3860005438 0.3736995161 -0.8434169888 0.1813933402 0.9271723032 0.3277926743 0.9044888020 -0.0264620874 -0.4256756008
-440.3 -422.8 2528.1 -0.4305592775 0.1295984089 -0.8932093382 -0.0600321442 0.9833337665 0.1716124862 0.9005635977 0.1275106221 -0.4156034291
-432.2 -89.5 2628.4 -0.8420248032 0.0340927243 -0.5383604169 0.0596440323 0.9977657795 -0.0301010255 0.5361313820 -0.0574557967 -0.8421769142
-445.7 -486.1 2651.2 -0.8420248032 0.0340927243 -0.5383604169 0.0596440323 0.9977657795 -0.0301010255 0.5361313820 -0.0574557967 -0.8421769142
-2.2 627.0 2680.7 0 0 0 0 0 0 0 0 0
-584.4 -223.4 2816.2 0 0 0 0 0 0 0 0 0
-492.2 -816.3 2477.1 0 0 0 0 0 0 0 0 0
-458.8 -867.6 2673.2 0 0 0 0 0 0 0 0 0
-430.1 510.2 2674.0 05 -0.7610872388 -0.1053022668 -0.6400450468 -0.1873163581 0.9803759456 0.0614461154 0.6210143566 0.1666567624 -0.7658764124
-409.1 314.9 2640.8 -0.7610872388 -0.1053022668 -0.6400450468 -0.1873163581 0.9803759456 0.0614461154 0.6210143566 0.1666567624 -0.7658764124
-389.9 119.5 2610.2 -0.7626155615 -0.0967075899 -0.6395820379 -0.1724594533 0.9833692312 0.0569449961 0.6234382391 0.1537291110 -0.7666108012
-301.8 339.1 2553.1 -0.9107657671 -0.3520900905 0.2157273293 -0.4053852260 0.6630411148 -0.6293165684 0.0785400197 -0.6606126428 -0.7466072440
-95.0 431.2 2535.3 -0.3516916633 -0.3520900905 0.8673785329 -0.7478075027 0.6630411148 -0.0340652466 -0.5631136298 -0.6606126428 -0.4964816272
-516.3 290.6 2728.5 -0.2294809371 0.8487527370 -0.4764003456 -0.9319833517 -0.0504984297 0.3589664400 0.2806162834 0.5263731480 0.8026118875
-578.3 39.1 2804.2 -0.0748564005 0.8513139486 -0.5192890167 -0.9938941002 -0.0213623960 0.1082503721 0.0810617954 0.5242214799 0.8477150202
-294.3 -52.9 2513.0 -0.3987356424 0.3669052422 -0.8404703736 0.1894953102 0.9296625257 0.3159415424 0.8972744346 -0.0332880318 -0.4402164221
-440.2 -422.5 2526.3 -0.4448532462 0.1275621057 -0.8864725232 -0.0586660616 0.9835283756 0.1709683537 0.8936799765 0.1280616820 -0.4300422370
-440.6 -91.8 2636.8 -0.8465043306 0.0556407310 -0.5294662118 0.0866470262 0.9956622124 -0.0338977464 0.5252833962 -0.0745712593 -0.8476535082
-462.7 -487.5 2666.4 -0.8465043306 0.0556407310 -0.5294662118 0.0866470262 0.9956622124 -0.0338977464 0.5252833962 -0.0745712593 -0.8476535082
-3.6 625.5 2681.5 0 0 0 0 0 0 0 0 0
-597.7 -219.1 2825.2 0 0 0 0 0 0 0 0 0
-491.2 -816.1 2475.0 0 0 0 0 0 0 0 0 0
-484.0 -868.0 2694.9 0 0 0 0 0 0 0 0 0
-428.0 510.5 2675.4 06 -0.7327604294 -0.0924198851 -0.6741815209 -0.1694941372 0.9842978716 0.0492892340 0.6590401530 0.1503870189 -0.7369191647
-409.7 315.0 2645.5 -0.7327604294 -0.0924198851 -0.6741815209 -0.1694941372 0.9842978716 0.0492892340 0.6590401530 0.1503870189 -0.7369191647
-393.0 118.9 2618.4 -0.7341613173 -0.0836433619 -0.6738033295 -0.1538083851 0.9870729446 0.0450547747 0.6613245606 0.1367140710 -0.7375358343
