-231.9 422.2 2786.7 9 0.1687881500 0.0326594003 -0.9851111174 -0.2146370411 0.9766839743 -0.0043957196 0.9619987011 0.2121832818 0.1718625873
-238.5 225.3 2743.9 0.1687881500 0.0326594003 -0.9851111174 -0.2146370411 0.9766839743 -0.0043957196 0.9619987011 0.2121832818 0.1718625873
-244.0 29.7 2709.7 0.1700243056 0.0275250822 -0.9850553870 -0.1743513942 0.9846801162 -0.0025791186 0.9698934555 0.1721843034 0.1722185910
-263.3 250.7 2602.2 -0.2654728889 -0.1910640001 -0.9449966550 0.3997038901 0.8701533675 -0.2882184982 0.8773602247 -0.4542330205 -0.1546331048
-195.6 148.7 2378.3 -0.6927789450 -0.1910640001 0.6953789592 -0.4473736286 0.8701533675 -0.2066154480 -0.5656095743 -0.4542330205 -0.6883009076
-213.7 199.8 2885.6 -0.1050873771 0.9038475156 -0.4147485197 -0.9102241397 0.0805657580 0.4062033296 0.4005604088 0.4202009737 0.8142373562
-242.5 -49.7 2995.4 0.2337850034 0.9038475156 -0.3583354056 -0.9155314565 0.0805657580 -0.3940955102 -0.3273326755 0.4202009737 0.8463358879
-270.0 -145.3 2584.2 -0.1411534101 0.0460836329 -0.9889145494 -0.0834329054 0.9948084950 0.0582671426 0.9864657521 0.0907326266 -0.1365757287
-288.3 -540.6 2548.1 -0.1320560575 -0.1097585559 -0.9851468205 -0.1699779481 0.9816368818 -0.0865824595 0.9765596390 0.1560194939 -0.1482876241
-233.9 -182.0 2764.4 -0.2192956656 0.1068244055 0.9697927237 0.1618631333 0.9841970205 -0.0718095452 -0.9621381164 0.1412261575 -0.2331210673
-274.3 -554.3 2711.0 -0.2192956656 0.1068244055 0.9697927237 0.1618631333 0.9841970205 -0.0718095452 -0.9621381164 0.1412261575 -0.2331210673
-14.2 265.8 2526.3 0 0 0 0 0 0 0 0 0
-176.8 -307.2 2903.3 0 0 0 0 0 0 0 0 0
-250.5 -878.9 2494.3 0 0 0 0 0 0 0 0 0
-313.1 -912.2 2659.6 0 0 0 0 0 0 0 0 0
-232.8 421.4 2782.2 0 0.1611062735 0.0185585618 -0.9867625833 -0.2048233896 0.9786834717 -0.0150343906 0.9654492140 0.2045341879 0.1614732742
-236.6 223.6 2740.9 0.1611062735 0.0185585618 -0.9867625833 -0.2048233896 0.9786834717 -0.0150343906 0.9654492140 0.2045341879 0.1614732742
-239.6 27.6 2708.7 0.1618342549 0.0152571639 -0.9866999984 -0.1625141948 0.9866403341 -0.0113986321 0.9733441472 0.1621974409 0.1621517092
-260.2 247.4 2598.7 -0.2714718878 -0.1920017451 -0.9431003928 0.3890190125 0.8743956685 -0.2899937630 0.8803222179 -0.4456091523 -0.1626815200
-191.8 149.3 2376.9 -0.6775513291 -0.1920017451 0.7099714875 -0.4465840161 0.8743956685 -0.1897232383 -0.5843688250 -0.4456091523 -0.6781928539
-213.0 199.9 2883.1 -0.0995788276 0.8985551596 -0.4274138808 -0.9071087837 0.0945618600 0.4101361632 0.4089470208 0.4285517931 0.8056709766
-240.3 -48.8 2995.2 0.2468248904 0.8985551596 -0.3628719449 -0.9163198471 0.0945618600 -0.3891220689 -0.3153338134 0.4285517931 0.8467041850
-265.0 -150.0 2586.5 -0.1517643929 0.0578372106 -0.9867230654 -0.1030956060 0.9919151068 0.0739983097 0.9830253720 0.1129571274 -0.1445746273
-288.0 -544.0 2541.7 -0.1464909017 -0.1062600389 -0.9834883213 -0.1539588124 0.9845476747 -0.0834422857 0.9771576524 0.1391931623 -0.1605869383
-227.8 -183.3 2765.7 -0.2110521495 0.0949413553 0.9728530645 0.1495277882 0.9866935611 -0.0638532862 -0.9659702182 0.1319921911 -0.2224401683
-263.8 -556.6 2715.8 -0.2110521495 0.0949413553 0.9728530645 0.1495277882 0.9866935611 -0.0638532862 -0.9659702182 0.1319921911 -0.2224401683
-14.3 266.3 2530.0 0 0 0 0 0 0 0 0 0
-170.9 -306.5 2906.5 0 0 0 0 0 0 0 0 0
-251.9 -878.2 2494.4 0 0 0 0 0 0 0 0 0
-298.3 -915.4 2667.8 0 0 0 0 0 0 0 0 0
-232.0 422.7 2779.0 1 0.1677033156 0.0258123204 -0.9854995012 -0.1931534857 0.9811423421 -0.0071709007 0.9667302370 0.1915552467 0.1695265621
-237.3 223.5 2740.1 0.1677033156 0.0258123204 -0.9854995012 -0.1931534857 0.9811423421 -0.0071709007 0.9667302370 0.1915552467 0.1695265621
-240.9 27.1 2710.4 0.1686601490 0.0184312481 -0.9855019450 -0.1505553573 0.9885748029 -0.0072775334 0.9741082191 0.1496000290 0.1695080996
-261.9 245.5 2597.8 -0.2906832099 -0.1987072378 -0.9359586835 0.3791337311 0.8742076159 -0.3033458591 0.8784992099 -0.4430310726 -0.1787808686
-188.3 149.5 2375.5 -0.6655430794 -0.1987072378 0.7194218636 -0.4521933198 0.8742076159 -0.1768680513 -0.5937790871 -0.4430310726 -0.6716768742
-212.6 201.5 2882.4 -0.0983120799 0.9018771648 -0.4206569791 -0.9016824961 0.0981281549 0.4211170375 0.4210741520 0.4206999242 0.8035596609
-239.6 -45.7 2997.8 0.2426904291 0.9018771648 -0.3573778272 -0.9207430482 0.0981281549 -0.3776282668 -0.3055054843 0.4206999242 0.8542118669
-257.5 -153.5 2587.2 -0.1458448470 0.0773184076 -0.9862814546 -0.1062566563 0.9899500608 0.0933185443 0.9835846424 0.1184090003 -0.1361635178
-288.2 -546.8 2540.2 -0.1411485672 -0.1068530008 -0.9842050076 -0.1510324627 0.9848449230 -0.0852623358 0.9783998728 0.1366122514 -0.1551477164
-229.1 -183.1 2770.0 -0.2178479731 0.0978437290 0.9710658193 0.1377717704 0.9880819917 -0.0686506703 -0.9662097096 0.1188300475 -0.2287317663
-266.1 -556.9 2725.0 -0.2178479731 0.0978437290 0.9710658193 0.1377717704 0.9880819917 -0.0686506703 -0.9662097096 0.1188300475 -0.2287317663
-14.7 267.5 2530.4 0 0 0 0 0 0 0 0 0
-171.3 -304.6 2911.9 0 0 0 0 0 0 0 0 0
-252.2 -878.3 2494.2 0 0 0 0 0 0 0 0 0
-301.7 -916.3 2681.8 0 0 0 0 0 0 0 0 0
-232.1 422.6 2777.4 2 0.1935639083 0.0038733198 -0.9810799956 -0.1871999800 0.9817654490 -0.0330579206 0.9630624056 0.1900569797 0.1907594353
-232.9 223.8 2738.9 0.1935639083 0.0038733198 -0.9810799956 -0.1871999800 0.9817654490 -0.0330579206 0.9630624056 0.1900569797 0.1907594353
-233.5 27.3 2709.4 0.1937084794 0.0030032971 -0.9810545444 -0.1457662731 0.9889838099 -0.0257538687 0.9701696634 0.1479934007 0.1920123249
-261.2 245.1 2597.2 -0.2980980873 -0.2015087605 -0.9330229163 0.3759224415 0.8736848831 -0.3087994158 0.8773937821 -0.4427967668 -0.1846921295
-185.5 149.7 2374.7 -0.6570188999 -0.2015087605 0.7264436483 -0.4558485448 0.8736848831 -0.1699319333 -0.6004400253 -0.4427967668 -0.6658849716
-204.6 202.5 2880.6 -0.0714525580 0.9092788696 -0.4100079238 -0.9027941227 0.1158191636 0.4141843617 0.4240958393 0.3997472823 0.8126160502
-224.2 -44.9 2996.8 0.2530429065 0.9092788696 -0.3304258585 -0.9164220691 0.1158191636 -0.3830880821 -0.3100642264 0.3997472823 0.8625904322
-260.0 -155.5 2591.3 -0.1222992986 0.0721045285 -0.9898706079 -0.1225189641 0.9886322618 0.0871516392 0.9849020243 0.1319365054 -0.1120748520
-288.7 -548.3 2538.9 -0.1195202917 -0.1092963591 -0.9867974520 -0.1479658186 0.9847829342 -0.0911517069 0.9817438722 0.1351178139 -0.1338736713
-216.3 -182.5 2769.0 -0.2424337864 0.0816580579 0.9667252898 0.1322642863 0.9899297953 -0.0504490919 -0.9611097574 0.1156326681 -0.2507928908
-247.2 -557.0 2725.2 -0.2424337864 0.0816580579 0.9667252898 0.1322642863 0.9899297953 -0.0504490919 -0.9611097574 0.1156326681 -0.2507928908
-15.0 268.1 2530.6 0 0 0 0 0 0 0 0 0
-153.0 -302.6 2909.6 0 0 0 0 0 0 0 0 0
-252.2 -877.0 2493.8 0 0 0 0 0 0 0 0 0
-276.9 -917.1 2683.2 0 0 0 0 0 0 0 0 0
-231.0 422.2 2777.6 3 0.1894902289 0.0159743447 -0.9817526340 -0.2027259022 0.9789606929 -0.0231996570 0.9607266188 0.2034228146 0.1887418926
-234.3 224.5 2736.5 0.1894902289 0.0159743447 -0.9817526340 -0.2027259022 0.9789606929 -0.0231996570 0.9607266188 0.2034228146 0.1887418926
-236.1 28.4 2704.4 0.1900326014 0.0091177430 -0.9817354679 -0.1602345109 0.9868370891 -0.0218511540 0.9686136842 0.1614603251 0.1889921874
-262.0 247.8 2595.0 -0.3128554225 -0.1898940504 -0.9306243658 0.3811867535 0.8723363280 -0.3061469495 0.8699529767 -0.4505214393 -0.2005300522
-181.8 150.1 2372.0 -0.6443912983 -0.1898940504 0.7407429218 -0.4569421709 0.8723363280 -0.1738768816 -0.6131588221 -0.4505214393 -0.6488965154
-206.5 201.1 2878.0 -0.0786132142 0.9088658094 -0.4096131027 -0.9079518318 0.1043840870 0.4058662653 0.4116350710 0.4038154185 0.8170003891
-228.1 -47.8 2990.8 0.2479200214 0.9088658094 -0.3354080915 -0.9137775302 0.1043840870 -0.3925743401 -0.3217861354 0.4038154185 0.8563800454
-251.8 -155.8 2591.1 -0.1257946491 0.0884751305 -0.9881031513 -0.1343819350 0.9853153229 0.1053335667 0.9829126000 0.1460336149 -0.1120579317
-287.0 -547.3 2533.0 -0.1271914691 -0.1037555486 -0.9864365458 -0.1211904511 0.9886881709 -0.0883660391 0.9844466448 0.1083072871 -0.1383268833
-220.5 -182.3 2761.1 -0.2388777733 0.0878808051 0.9670647979 0.1468588561 0.9877105951 -0.0534808934 -0.9598801136 0.1292466372 -0.2488481998
-253.7 -556.0 2712.2 -0.2388777733 0.0878808051 0.9670647979 0.1468588561 0.9877105951 -0.0534808934 -0.9598801136 0.1292466372 -0.2488481998
-15.1 268.4 2530.7 0 0 0 0 0 0 0 0 0
-158.4 -304.8 2900.3 0 0 0 0 0 0 0 0 0
-252.3 -877.4 2496.9 0 0 0 0 0 0 0 0 0
-285.7 -915.3 2665.2 0 0 0 0 0 0 0 0 0
-231.2 423.6 2778.2 4 0.1508224458 0.0259009227 -0.9882215261 -0.2088190615 0.9779344201 -0.0062386803 0.9662542343 0.2073004246 0.1529030651
-236.5 225.8 2736.2 0.1508224458 0.0259009227 -0.9882215261 -0.2088190615 0.9779344201 -0.0062386803 0.9662542343 0.2073004246 0.1529030651
-239.2 29.8 2703.8 0.1517424732 0.0139182210 -0.9883220792 -0.1634304225 0.9864912629 -0.0111999260 0.9748152494 0.1632214040 0.1519672871
-258.6 249.6 2594.0 -0.3045951724 -0.1840376407 -0.9345330000 0.3810116947 0.8756929040 -0.2966345549 0.8729558587 -0.4464214444 -0.1966113299
-179.9 151.2 2368.4 -0.6347628832 -0.1840376407 0.7504706979 -0.4526562691 0.8756929040 -0.1681197584 -0.6262414455 -0.4464214444 -0.6391631365
-214.3 202.0 2878.5 -0.1039568856 0.8941846490 -0.4354616106 -0.9076377749 0.0937344655 0.4091545939 0.4066775143 0.4377758503 0.8018514514
-242.8 -46.8 2990.0 0.2495768517 0.8941846490 -0.3716789484 -0.9161655307 0.0937344655 -0.3896852136 -0.3136114180 0.4377758503 0.8426150680
-255.3 -153.0 2583.5 -0.1613690853 0.0738094449 -0.9841301441 -0.1019803211 0.9906138778 0.0910175592 0.9816109538 0.1150493324 -0.1523273289
-284.6 -546.4 2537.8 -0.1577990651 -0.0950986668 -0.9828813076 -0.1403861046 0.9874022007 -0.0729974583 0.9774411321 0.1264639497 -0.1691616774
-228.1 -181.2 2760.7 -0.2010208815 0.0937721357 0.9750884175 0.1506357640 0.9865273237 -0.0638176352 -0.9679356813 0.1340544969 -0.2124380320
-263.6 -554.4 2709.9 -0.2010208815 0.0937721357 0.9750884175 0.1506357640 0.9865273237 -0.0638176352 -0.9679356813 0.1340544969 -0.2124380320
-15.2 268.6 2530.8 0 0 0 0 0 0 0 0 0
-172.6 -304.5 2901.8 0 0 0 0 0 0 0 0 0
-252.7 -877.3 2495.4 0 0 0 0 0 0 0 0 0
-297.7 -913.3 2661.2 0 0 0 0 0 0 0 0 0
-231.8 422.0 2777.5 5 0.1753950119 0.0202496853 -0.9842898846 -0.2106949538 0.9773963094 -0.0174368098 0.9616882205 0.2104432434 0.1756969392
-235.8 224.9 2735.0 0.1753950119 0.0202496853 -0.9842898846 -0.2106949538 0.9773963094 -0.0174368098 0.9616882205 0.2104432434 0.1756969392
-237.8 29.1 2701.0 0.1760164201 0.0099149477 -0.9843372703 -0.1702646613 0.9851846099 -0.0205227640 0.9695504904 0.1712101996 0.1750968397
-261.5 249.7 2593.5 -0.3085612655 -0.1895835251 -0.9321202040 0.3762139380 0.8757092953 -0.3026488423 0.8736435175 -0.4440623224 -0.1988860071
-180.5 150.9 2364.1 -0.6382855177 -0.1895835251 0.7460896373 -0.4535810351 0.8757092953 -0.1655218750 -0.6219773889 -0.4440623224 -0.6449440122
-210.2 200.0 2876.5 -0.0871774331 0.9035157561 -0.4195943475 -0.9117716551 0.0973221734 0.3989997506 0.4013383985 0.4173580110 0.8153157830
-234.0 -49.9 2986.6 0.2493061870 0.9035157561 -0.3485767245 -0.9114882946 0.0973221734 -0.3996467292 -0.3271628618 0.4173580110 0.8478070498
-255.9 -151.3 2582.0 -0.1370957047 0.0702391043 -0.9880644083 -0.1081359163 0.9904600978 0.0854134634 0.9846376777 0.1185550690 -0.1281924546
-283.8 -544.7 2534.9 -0.1351123154 -0.0919182003 -0.9865574837 -0.1298515499 0.9887428284 -0.0743382126 0.9822847247 0.1180620119 -0.1455270648
-223.7 -182.2 2755.8 -0.2250147909 0.0891861767 0.9702649713 0.1570163965 0.9861060381 -0.0542285033 -0.9616206288 0.1401453018 -0.2358921319
-257.4 -555.3 2702.8 -0.2250147909 0.0891861767 0.9702649713 0.1570163965 0.9861060381 -0.0542285033 -0.9616206288 0.1401453018 -0.2358921319
-14.5 268.9 2525.9 0 0 0 0 0 0 0 0 0
-163.9 -306.3 2894.6 0 0 0 0 0 0 0 0 0
-252.7 -878.7 2495.0 0 0 0 0 0 0 0 0 0
-289.9 -914.1 2651.8 0 0 0 0 0 0 0 0 0
-232.7 422.2 2777.1 6 0.1566808820 0.0237417333 -0.9873638749 -0.2286022753 0.9734348655 -0.0128691923 0.9608288407 0.2277299911 0.1579460502
-237.5 225.3 2731.0 0.1566808820 0.0237417333 -0.9873638749 -0.2286022753 0.9734348655 -0.0128691923 0.9608288407 0.2277299911 0.1579460502
-240.4 30.1 2694.1 0.1575177461 0.0145160398 -0.9874094725 -0.1858184785 0.9824665189 -0.0151995542 0.9698761106 0.1858731210 0.1574532539
-260.5 252.4 2589.5 -0.2901163399 -0.1849990636 -0.9389397502 0.3898804188 0.8731738329 -0.2925076187 0.8739712834 -0.4509354532 -0.1811944991
-185.1 151.1 2362.4 -0.6638316512 -0.1849990636 0.7246398330 -0.4493785501 0.8731738329 -0.1887494326 -0.5978180766 -0.4509354532 -0.6627750397
-214.5 198.2 2872.6 -0.1012218148 0.8966682553 -0.4309758842 -0.9167829752 0.0841586292 0.3904181719 0.3863459229 0.4346301556 0.8135314584
-242.3 -53.1 2978.6 0.2482001632 0.8966682553 -0.3665825129 -0.9085217118 0.0841586292 -0.4092744887 -0.3361323476 0.4346301556 0.8355307579
-255.9 -151.1 2578.1 -0.1539862305 0.0656885207 -0.9858870506 -0.1027312949 0.9913155437 0.0820958689 0.9827179313 0.1139230877 -0.1459006816
-282.1 -545.0 2532.8 -0.1519597024 -0.0833386183 -0.9848669767 -0.1273977309 0.9897783995 -0.0640974343 0.9801418781 0.1157295853 -0.1610235721
-228.8 -182.1 2746.0 -0.2067552060 0.0941825137 0.9738490582 0.1727924645 0.9832251668 -0.0584041998 -0.9630135298 0.1561983973 -0.2195609361
-264.4 -554.1 2687.0 -0.2067552060 0.0941825137 0.9738490582 0.1727924645 0.9832251668 -0.0584041998 -0.9630135298 0.1561983973 -0.2195609361
-14.1 266.9 2516.4 0 0 0 0 0 0 0 0 0
-172.5 -308.6 2884.0 0 0 0 0 0 0 0 0 0
-253.9 -878.7 2493.8 0 0 0 0 0 0 0 0 0
-298.7 -911.7 2630.1 0 0 0 0 0 0 0 0 0
-232.7 422.7 2776.4 7 0.1922811866 0.0189174302 -0.9811575413 -0.2123673707 0.9769243002 -0.0227826349 0.9580855966 0.2127465159 0.1918615997
-236.6 225.3 2733.4 0.1922811866 0.0189174302 -0.9811575413 -0.2123673707 0.9769243002 -0.0227826349 0.9580855966 0.2127465159 0.1918615997
-239.0 29.8 2698.2 0.1928566545 0.0122933844 -0.9811499119 -0.1762097031 0.9840998650 -0.0223057587 0.9652753472 0.1771899462 0.1919564158
-264.7 251.0 2592.6 -0.2934681773 -0.1944653690 -0.9359805584 0.3782725632 0.8755571842 -0.3005153239 0.8779443502 -0.4422474504 -0.1833872646
-187.4 151.4 2361.3 -0.6772462726 -0.1944653690 0.7095919251 -0.4459929466 0.8755571842 -0.1857145131 -0.5851732492 -0.4422474504 -0.6796980500
-208.4 199.6 2874.3 -0.0794624910 0.9104974866 -0.4058078527 -0.9143711329 0.0955550373 0.3934394717 0.3970026374 0.4023226798 0.8249396086
-230.2 -51.0 2983.1 0.2443572283 0.9104974866 -0.3335923553 -0.9092202783 0.0955550373 -0.4052008986 -0.3370579779 0.4023226798 0.8511923552
-257.7 -148.1 2568.3 -0.1179071814 0.0607468113 -0.9911648035 -0.0821835920 0.9941060543 0.0707034841 0.9896180034 0.0897939354 -0.1122198552
-281.8 -543.0 2532.6 -0.1145439297 -0.0844058618 -0.9898259044 -0.1228609309 0.9899380803 -0.0701978058 0.9857915044 0.1135701984 -0.1237615868
-223.7 -181.9 2751.4 -0.2417111248 0.0907274410 0.9660974145 0.1627870500 0.9853004217 -0.0518025830 -0.9565961361 0.1447468847 -0.2529273033
-258.0 -554.7 2696.7 -0.2417111248 0.0907274410 0.9660974145 0.1627870500 0.9853004217 -0.0518025830 -0.9565961361 0.1447468847 -0.2529273033
-13.9 265.6 2511.3 0 0 0 0 0 0 0 0 0
-161.5 -306.8 2888.3 0 0 0 0 0 0 0 0 0
-253.2 -878.3 2494.1 0 0 0 0 0 0 0 0 0
-291.0 -913.1 2644.0 0 0 0 0 0 0 0 0 0
-233.7 420.0 2774.6 8 0.1777782142 0.0097586997 -0.9840222001 -0.2129891515 0.9766301513 -0.0287942588 0.9607447982 0.2147050500 0.1757020652
-235.6 222.6 2731.2 0.1777782142 0.0097586997 -0.9840222001 -0.2129891515 0.9766301513 -0.0287942588 0.9607447982 0.2147050500 0.1757020652
-236.4 27.0 2696.2 0.1780542135 0.0041155503 -0.9840120673 -0.1739783436 0.9843692183 -0.0273638479 0.9685185552 0.1760690361 0.1759871095
-261.6 248.0 2589.8 -0.3257200718 -0.1911374629 -0.9259443283 0.3559683263 0.8824959993 -0.3073878884 0.8758955598 -0.4297292531 -0.2194077969
-177.4 155.9 2363.3 -0.6718918681 -0.1911374629 0.7155611515 -0.4367884099 0.8824959993 -0.1744037122 -0.5981447697 -0.4297292531 -0.6764285564
-209.6 197.2 2872.6 -0.0811026841 0.9032973647 -0.4212792516 -0.9142094851 0.1009553298 0.3924653828 0.3970433474 0.4169674516 0.8176152706
-231.9 -53.5 2981.5 0.2546795905 0.9032973647 -0.3452421725 -0.9083193541 0.1009553298 -0.4059113264 -0.3318046033 0.4169674516 0.8461937308
-259.0 -149.6 2574.6 -0.1345437169 0.0590936653 -0.9891440272 -0.0987922400 0.9924467802 0.0727287382 0.9859706163 0.1075049490 -0.1276894957
-282.5 -543.9 2531.8 -0.1328122914 -0.0871852413 -0.9872991443 -0.1187907159 0.9903434515 -0.0714742467 0.9839968085 0.1077893153 -0.1418865770
-220.9 -184.6 2750.0 -0.2269773781 0.0831945017 0.9703401327 0.1602237970 0.9859585166 -0.0470547862 -0.9606298208 0.1447912008 -0.2371200174
-252.4 -557.6 2695.2 -0.2269773781 0.0831945017 0.9703401327 0.1602237970 0.9859585166 -0.0470547862 -0.9606298208 0.1447912008 -0.2371200174
-3.5 269.0 2518.1 0 0 0 0 0 0 0 0 0
-160.3 -308.9 2888.1 0 0 0 0 0 0 0 0 0
-253.0 -879.3 2495.3 0 0 0 0 0 0 0 0 0
-282.7 -916.3 2642.6 0 0 0 0 0 0 0 0 0
-233.2 420.6 2775.7 9 0.1719517261 0.0146104991 -0.9849970341 -0.2271081954 0.9735432863 -0.0252058562 0.9585689902 0.2280350924 0.1707206070
-236.1 223.3 2729.5 0.1719517261 0.0146104991 -0.9849970341 -0.2271081954 0.9735432863 -0.0252058562 0.9585689902 0.2280350924 0.1707206070
-237.1 28.1 2692.5 0.1723837107 0.0051130364 -0.9850165844 -0.1842670441 0.9825012088 -0.0271478370 0.9676412344 0.1861859411 0.1703093648
-261.3 250.3 2588.2 -0.3691133857 -0.1777780503 -0.9122226834 0.3516236842 0.8818603754 -0.3141386807 0.8603000045 -0.4367118776 -0.2629954815
-164.7 158.2 2362.9 -0.6463853717 -0.1777780503 0.7420114279 -0.4392655492 0.8818603754 -0.1713712066 -0.6238843799 -0.4367118776 -0.6481134295
-211.0 196.4 2870.8 -0.0851380900 0.9011825323 -0.4249959886 -0.9180207849 0.0948467702 0.3850219250 0.3872845471 0.4229352176 0.8192291856
-234.3 -55.3 2977.0 0.2547376752 0.9011825323 -0.3506833613 -0.9053587914 0.0948467702 -0.4139196873 -0.3397559822 0.4229352176 0.8400545716
-253.5 -152.7 2572.5 -0.1385059208 0.0778588355 -0.9872963428 -0.0849834755 0.9922934175 0.0901750773 0.9867086411 0.0963936597 -0.1308218092
-284.5 -546.9 2534.2 -0.1331196576 -0.0966730639 -0.9863739014 -0.1424926370 0.9867586493 -0.0774801672 0.9808032513 0.1302368790 -0.1451321691
-222.3 -184.0 2744.2 -0.2213756889 0.0844068900 0.9715288281 0.1705458462 0.9842448235 -0.0466505364 -0.9601598382 0.1553629041 -0.2322831303
-254.3 -556.4 2685.4 -0.2213756889 0.0844068900 0.9715288281 0.1705458462 0.9842448235 -0.0466505364 -0.9601598382 0.1553629041 -0.2322831303
4.5 273.1 2526.1 0 0 0 0 0 0 0 0 0
-162.7 -309.9 2881.4 0 0 0 0 0 0 0 0 0
-252.2 -876.7 2490.6 0 0 0 0 0 0 0 0 0
-285.0 -914.4 2628.9 0 0 0 0 0 0 0 0 0
-231.4 422.0 2777.2 0 0.1705304682 0.0227062367 -0.9850907326 -0.2356954515 0.9716526866 -0.0184050873 0.9567481279 0.2353200465 0.1710481346
-236.0 224.3 2729.3 0.1705304682 0.0227062367 -0.9850907326 -0.2356954515 0.9716526866 -0.0184050873 0.9567481279 0.2353200465 0.1710481346
-237.2 29.4 2690.9 0.1711818874 0.0063647889 -0.9852188826 -0.1919402033 0.9810348153 -0.0270118732 0.9663621187 0.1937270612 0.1691570431
-261.0 252.3 2588.2 -0.3904712796 -0.1687808633 -0.9050111771 0.3468699455 0.8836295605 -0.3144519329 0.8527680635 -0.4367056191 -0.2864869535
-157.6 160.5 2362.4 -0.6284744143 -0.1687808633 0.7592976689 -0.4377914369 0.8836295605 -0.1659440696 -0.6429296732 -0.4367056191 -0.6292293668
-211.0 196.3 2870.5 -0.0868826881 0.9009129405 -0.4252144098 -0.9208142161 0.0902726576 0.3794100583 0.3802006543 0.4245076478 0.8217303157
-234.8 -56.2 2974.7 0.2537496388 0.9009129405 -0.3520895243 -0.9030860662 0.0902726576 -0.4198647141 -0.3464775085 0.4245076478 0.8365085721
-253.9 -150.2 2566.8 -0.1381451488 0.0816960782 -0.9870368242 -0.0746435449 0.9928989410 0.0926283523 0.9875952005 0.0864720792 -0.1310660839
-286.4 -544.7 2532.4 -0.1313453019 -0.1075320616 -0.9854873419 -0.1399253309 0.9861580729 -0.0889560655 0.9814118743 0.1262106746 -0.1445736885
-222.8 -183.2 2741.0 -0.2202002108 0.0857352614 0.9716796279 0.1782427281 0.9828951359 -0.0463318191 -0.9590314627 0.1629925519 -0.2317154109
-255.2 -555.0 2679.3 -0.2202002108 0.0857352614 0.9716796279 0.1782427281 0.9828951359 -0.0463318191 -0.9590314627 0.1629925519 -0.2317154109
8.1 276.0 2532.0 0 0 0 0 0 0 0 0 0
-163.4 -310.2 2877.3 0 0 0 0 0 0 0 0 0
-250.2 -876.7 2489.9 0 0 0 0 0 0 0 0 0
-286.4 -912.6 2620.0 0 0 0 0 0 0 0 0 0
-229.6 423.5 2777.0 1 0.1610274762 0.0411565602 -0.9860914350 -0.2500996590 0.9682199955 -0.0004302970 0.9547357559 0.2466904223 0.1662032753
-238.1 225.7 2726.6 0.1610274762 0.0411565602 -0.9860914350 -0.2500996590 0.9682199955 -0.0004302970 0.9547357559 0.2466904223 0.1662032753
-241.6 31.1 2686.8 0.1625348628 0.0179820377 -0.9865389466 -0.2004519552 0.9795860648 -0.0151696773 0.9661270380 0.2002192587 0.1628214270
-261.8 255.0 2585.5 -0.3942969739 -0.1559389532 -0.9056560993 0.3528808355 0.8842552900 -0.3058883846 0.8485310674 -0.4401995540 -0.2936313152
-157.3 161.5 2360.7 -0.6281014085 -0.1559389532 0.7623461485 -0.4327155650 0.8842552900 -0.1756412238 -0.6467192769 -0.4401995540 -0.6228792071
-214.3 196.4 2867.7 -0.1013509780 0.8993207216 -0.4253824651 -0.9220343232 0.0756615475 0.3796420395 0.3736050427 0.4306943119 0.8215361834
-242.1 -56.4 2970.2 0.2441041470 0.8993207216 -0.3628159761 -0.9040400982 0.0756615475 -0.4206979871 -0.3508912027 0.4306943119 0.8314912915
-254.2 -148.0 2563.7 -0.1445180327 0.0775706396 -0.9864569306 -0.0695323870 0.9936619997 0.0883238539 0.9870561361 0.0813550949 -0.1382084042
-285.0 -542.8 2531.4 -0.1379849315 -0.1015726775 -0.9852122068 -0.1363892704 0.9871994257 -0.0826754123 0.9809985161 0.1229644194 -0.1500720680
-230.3 -181.9 2735.6 -0.2117694914 0.0975593626 0.9724380970 0.1873948723 0.9805962443 -0.0575685315 -0.9591855407 0.1700386554 -0.2259424925
-267.2 -552.9 2671.3 -0.2117694914 0.0975593626 0.9724380970 0.1873948723 0.9805962443 -0.0575685315 -0.9591855407 0.1700386554 -0.2259424925
10.2 276.9 2533.2 0 0 0 0 0 0 0 0 0
-173.5 -310.6 2871.5 0 0 0 0 0 0 0 0 0
-250.7 -876.1 2489.9 0 0 0 0 0 0 0 0 0
-302.7 -909.6 2609.4 0 0 0 0 0 0 0 0 0
-230.2 424.2 2777.4 2 0.1406614184 0.0286695510 -0.9896425605 -0.2579923272 0.9661079645 -0.0086816065 0.9558526874 0.2565413415 0.1432906538
-236.1 226.5 2724.9 0.1406614184 0.0286695510 -0.9896425605 -0.2579923272 0.9661079645 -0.0086816065 0.9558526874 0.2565413415 0.1432906538
-240.0 32.1 2684.2 0.1419738382 0.0198678635 -0.9896709919 -0.2054082304 0.9786270857 -0.0098208040 0.9683237672 0.2046808749 0.1430204660
-256.8 256.5 2583.5 -0.3836423755 -0.1505991220 -0.9111193419 0.3561143279 0.8861799240 -0.2964248955 0.8520569801 -0.4381838143 -0.2863456607
-156.0 163.0 2359.7 -0.6262077689 -0.1505991220 0.7649729848 -0.4284893572 0.8861799240 -0.1763009429 -0.6513529420 -0.4381838143 -0.6194629073
-215.3 196.5 2866.3 -0.1143095419 0.8909710646 -0.4394358695 -0.9229625463 0.0683961511 0.3787638545 0.3675233424 0.4488791823 0.8145146370
-246.7 -56.5 2967.1 0.2456012815 0.8909710646 -0.3819038868 -0.9040834904 0.0683961511 -0.4218471646 -0.3497328758 0.4488791823 0.8223103881
-260.1 -145.2 2558.4 -0.1640501469 0.0555902235 -0.9848843813 -0.0641316846 0.9956976771 0.0668828413 0.9843651056 0.0741344392 -0.1597792506
-282.2 -540.8 2529.0 -0.1593679041 -0.0866890624 -0.9834057689 -0.1207798123 0.9903661013 -0.0677293986 0.9798030853 0.1079816744 -0.1683028638
-230.9 -181.2 2732.3 -0.1914155483 0.1000019014 0.9764013886 0.1926188171 0.9792789817 -0.0625352710 -0.9624230266 0.1761030555 -0.2067114711
-268.8 -551.7 2665.7 -0.1914155483 0.1000019014 0.9764013886 0.1926188171 0.9792789817 -0.0625352710 -0.9624230266 0.1761030555 -0.2067114711
12.6 278.4 2535.1 0 0 0 0 0 0 0 0 0
-177.6 -310.8 2868.7 0 0 0 0 0 0 0 0 0
-252.6 -878.6 2492.1 0 0 0 0 0 0 0 0 0
-305.1 -908.0 2601.6 0 0 0 0 0 0 0 0 0
-231.1 423.9 2777.1 3 0.1723596752 0.0111025590 -0.9849715233 -0.2691756487 0.9624084830 -0.0362546854 0.9475424290 0.2713792026 0.1688689440
-233.4 228.5 2722.0 0.1723596752 0.0111025590 -0.9849715233 -0.2691756487 0.9624084830 -0.0362546854 0.9475424290 0.2713792026 0.1688689440
-234.8 35.0 2677.0 0.1727820039 0.0069066556 -0.9849358797 -0.2237621695 0.9741043448 -0.0324226953 0.9592064023 0.2259934545 0.1698531508
-258.6 261.1 2581.9 -0.3891288340 -0.1364412606 -0.9110227823 0.3748587072 0.8799293637 -0.2918993831 0.8414628506 -0.4550912976 -0.2912597060
-154.6 160.9 2357.0 -0.6219201684 -0.1364412606 0.7711025476 -0.4336621165 0.8799293637 -0.1940656751 -0.6520372033 -0.4550912976 -0.6064152122
-208.1 195.8 2862.0 -0.0866510272 0.9017456174 -0.4234930873 -0.9329333305 0.0756680965 0.3520081043 0.3494667113 0.4255926907 0.8347118497
-231.9 -59.8 2957.8 0.2525680363 0.9017456174 -0.3508050442 -0.8912461996 0.0756680965 -0.4471627474 -0.3766822815 0.4255926907 0.8227887154
-256.9 -143.6 2554.7 -0.1337596327 0.0643593967 -0.9889217615 -0.0588975810 0.9956088066 0.0727609694 0.9892620444 0.0679775774 -0.1293816566
-282.5 -539.2 2527.7 -0.1282800585 -0.0934267864 -0.9873275161 -0.1197205037 0.9897310138 -0.0780993477 0.9844852686 0.1081847623 -0.1381478608
-220.4 -179.0 2720.0 -0.2217639834 0.0865456238 0.9712520838 0.2101411670 0.9768902063 -0.0390669182 -0.9521877170 0.1954364181 -0.2348258644
-253.1 -548.5 2646.1 -0.2217639834 0.0865456238 0.9712520838 0.2101411670 0.9768902063 -0.0390669182 -0.9521877170 0.1954364181 -0.2348258644
14.9 279.0 2534.7 0 0 0 0 0 0 0 0 0
-160.9 -310.4 2851.9 0 0 0 0 0 0 0 0 0
-250.6 -877.4 2490.8 0 0 0 0 0 0 0 0 0
-284.6 -903.8 2575.0 0 0 0 0 0 0 0 0 0
-232.3 423.4 2777.4 4 0.1676761061 -0.0044276961 -0.9858322144 -0.2678114474 0.9621797204 -0.0498723984 0.9487685561 0.2723795474 0.1601487547
-231.4 228.4 2722.2 0.1676761061 -0.0044276961 -0.9858322144 -0.2678114474 0.9621797204 -0.0498723984 0.9487685561 0.2723795474 0.1601487547
-230.7 35.3 2675.2 0.1675318331 -0.0034784609 -0.9858605266 -0.2325256169 0.9716417789 -0.0429424457 0.9580526948 0.2364320457 0.1619721055
-255.9 262.3 2582.3 -0.3559316993 -0.1458621770 -0.9230584502 0.3871536553 0.8759769201 -0.2877089381 0.8505437374 -0.4597701728 -0.2553168833
-159.7 157.7 2352.4 -0.6409735680 -0.1458621770 0.7535762191 -0.4376823306 0.8759769201 -0.2027278692 -0.6305450201 -0.4597701728 -0.6253193617
-206.9 194.4 2862.1 -0.0808227211 0.8977633119 -0.4329996109 -0.9373072386 0.0792952850 0.3393631577 0.3390026391 0.4332819581 0.8350712061
-229.0 -62.5 2955.0 0.2635516524 0.8977633119 -0.3529327214 -0.8848589063 0.0792952850 -0.4590609670 -0.3841421902 0.4332819581 0.8152922988
-252.1 -138.1 2544.2 -0.1383012980 0.0705098137 -0.9878770709 -0.0328711197 0.9965861440 0.0757333338 0.9898445606 0.0429466441 -0.1355114132
-280.1 -534.0 2527.1 -0.1327623725 -0.0701177046 -0.9886645675 -0.1185868904 0.9914528728 -0.0543910675 0.9840281010 0.1100215688 -0.1399426609
-214.7 -179.0 2716.1 -0.2164557278 0.0761977583 0.9733143449 0.2182228118 0.9755018353 -0.0278383642 -0.9515911341 0.2063736171 -0.2277810425
-243.5 -548.0 2638.0 -0.2164557278 0.0761977583 0.9733143449 0.2182228118 0.9755018353 -0.0278383642 -0.9515911341 0.2063736171 -0.2277810425
16.7 278.1 2525.9 0 0 0 0 0 0 0 0 0
-154.9 -311.3 2847.0 0 0 0 0 0 0 0 0 0
-256.8 -863.2 2490.6 0 0 0 0 0 0 0 0 0
-271.2 -902.8 2562.9 0 0 0 0 0 0 0 0 0
-231.4 422.9 2776.6 5 0.1691985130 0.0078851422 -0.9855504632 -0.2612433732 0.9645584822 -0.0371328630 0.9503282309 0.2637513578 0.1652617902
-233.0 227.9 2723.3 0.1691985130 0.0078851422 -0.9855504632 -0.2612433732 0.9645584822 -0.0371328630 0.9503282309 0.2637513578 0.1652617902
-232.8 34.3 2678.7 0.1693420708 -0.0009717784 -0.9855568409 -0.2209789753 0.9745012522 -0.0389303118 0.9604642391 0.2243798822 0.1648093164
-257.8 260.2 2583.0 -0.3557325006 -0.1476956755 -0.9228436351 0.3788199425 0.8798943758 -0.2868472636 0.8543710113 -0.4516324699 -0.2570569515
-160.7 156.8 2349.8 -0.6322814226 -0.1476956755 0.7605302334 -0.4351414442 0.8798943758 -0.1908868998 -0.6409930587 -0.4516324699 -0.6206093431
-208.3 195.7 2863.6 -0.0818625167 0.8989148736 -0.4304074943 -0.9328435659 0.0829220936 0.3506092131 0.3508581221 0.4302046001 0.8317587376
-230.7 -60.1 2959.7 0.2609706223 0.8989148736 -0.3519181907 -0.8900635839 0.0829220936 -0.4482307136 -0.3737394810 0.4302046001 0.8217315674
-245.4 -136.4 2540.4 -0.1367520690 0.0771832392 -0.9875938296 -0.0301402211 0.9961742163 0.0820273384 0.9901466966 0.0409837030 -0.1339025646
-276.1 -532.2 2524.1 -0.1347909719 -0.0354589596 -0.9902393818 -0.0928475112 0.9954144955 -0.0230059084 0.9865144491 0.0888402760 -0.1374651641
-217.1 -179.5 2722.2 -0.2182841003 0.0785806477 0.9727163911 0.2067929953 0.9778417945 -0.0325889662 -0.9537236094 0.1940372735 -0.2296972573
-246.9 -549.5 2648.8 -0.2182841003 0.0785806477 0.9727163911 0.2067929953 0.9778417945 -0.0325889662 -0.9537236094 0.1940372735 -0.2296972573
15.7 278.2 2528.6 0 0 0 0 0 0 0 0 0
-157.3 -310.4 2854.7 0 0 0 0 0 0 0 0 0
-263.4 -887.4 2492.4 0 0 0 0 0 0 0 0 0
-275.4 -905.1 2578.2 0 0 0 0 0 0 0 0 0
-230.1 423.4 2776.2 6 0.1532950103 0.0233468842 -0.9879046082 -0.2632208765 0.9645667672 -0.0180491284 0.9524785876 0.2628039420 0.1540086567
-234.8 227.9 2722.9 0.1532950103 0.0233468842 -0.9879046082 -0.2632208765 0.9645667672 -0.0180491284 0.9524785876 0.2628039420 0.1540086567
-235.7 34.2 2678.8 0.1539155245 0.0043856055 -0.9880743027 -0.2198211551 0.9750814438 -0.0299143158 0.9633216858 0.2218039036 0.1510442197
-257.3 260.0 2582.2 -0.3328566849 -0.1544965506 -0.9302350283 0.3839263022 0.8788188696 -0.2833336592 0.8612822294 -0.4514511824 -0.2332054526
-166.3 155.0 2346.7 -0.6451183558 -0.1544965506 0.7483001947 -0.4358141422 0.8788188696 -0.1942766011 -0.6276052594 -0.4514511824 -0.6342739463
-212.4 195.8 2863.6 -0.0949232504 0.8934873343 -0.4389418066 -0.9311462641 0.0762540847 0.3565836847 0.3520741165 0.4425671101 0.8247291446
-238.4 -59.5 2960.1 0.2583872974 0.8934873343 -0.3673096001 -0.8933126926 0.0762540847 -0.4429195225 -0.3677341342 0.4425671101 0.8178666830
-248.2 -139.0 2546.1 -0.1518105268 0.0774301365 -0.9853720665 -0.0375430621 0.9957557321 0.0840301216 0.9876963496 0.0497505441 -0.1482592374
-279.0 -534.7 2526.3 -0.1482336819 -0.0555701815 -0.9873898625 -0.1084631756 0.9933106303 -0.0396201722 0.9829865098 0.1012223959 -0.1532694101
-222.5 -179.7 2723.1 -0.2030677646 0.0843697190 0.9755230546 0.2060969621 0.9776447415 -0.0416514575 -0.9572290778 0.1925942749 -0.2159164697
-254.4 -549.6 2650.2 -0.2030677646 0.0843697190 0.9755230546 0.2060969621 0.9776447415 -0.0416514575 -0.9572290778 0.1925942749 -0.2159164697
15.0 277.5 2523.1 0 0 0 0 0 0 0 0 0
-165.7 -310.7 2856.7 0 0 0 0 0 0 0 0 0
-259.6 -881.7 2490.9 0 0 0 0 0 0 0 0 0
-285.1 -905.2 2580.2 0 0 0 0 0 0 0 0 0
-230.2 424.0 2776.5 7 0.1449027210 0.0243301522 -0.9891467094 -0.2519796789 0.9676436782 -0.0131119303 0.9568225741 0.2511448264 0.1463449001
-235.1 228.5 2725.7 0.1449027210 0.0243301522 -0.9891467094 -0.2519796789 0.9676436782 -0.0131119303 0.9568225741 0.2511448264 0.1463449001
-236.3 34.5 2682.6 0.1454648376 0.0058058328 -0.9893463850 -0.2157230228 0.9761086702 -0.0259898789 0.9655586481 0.2172054052 0.1432419419
-256.4 260.0 2584.7 -0.3301707506 -0.1548712999 -0.9311295152 0.3851639926 0.8784842491 -0.2826909423 0.8617632985 -0.4519738257 -0.2303989381
-165.1 153.6 2346.6 -0.6371504664 -0.1548712999 0.7550193071 -0.4384508431 0.8784842491 -0.1898059994 -0.6338770390 -0.4519738257 -0.6276301146
-213.9 197.0 2866.8 -0.1008053944 0.8901482224 -0.4443809390 -0.9291318059 0.0754793063 0.3619625866 0.3557419181 0.4493762553 0.8194563389
-241.5 -57.8 2964.3 0.2584100664 0.8901482224 -0.3753136992 -0.8958896399 0.0754793063 -0.4378180802 -0.3613945544 0.4493762553 0.8169791698
-250.7 -139.4 2546.4 -0.1607326865 0.0798774138 -0.9837604165 -0.0433468111 0.9951868653 0.0878874511 0.9860456586 0.0567692630 -0.1564966291
-282.5 -534.9 2523.9 -0.1560740769 -0.0765498728 -0.9847745895 -0.1082705855 0.9923105836 -0.0599761829 0.9817934632 0.0972613990 -0.1631620526
-224.1 -179.2 2727.9 -0.1947114319 0.0860302746 0.9770804644 0.2021610439 0.9782784581 -0.0458493419 -0.9598011971 0.1886002123 -0.2078739703
-256.7 -549.3 2656.6 -0.1947114319 0.0860302746 0.9770804644 0.2021610439 0.9782784581 -0.0458493419 -0.9598011971 0.1886002123 -0.2078739703
15.0 277.5 2525.8 0 0 0 0 0 0 0 0 0
-168.8 -309.7 2862.7 0 0 0 0 0 0 0 0 0
-256.2 -875.1 2490.5 0 0 0 0 0 0 0 0 0
-287.9 -905.2 2588.0 0 0 0 0 0 0 0 0 0
-230.4 423.3 2776.1 8 0.1436685175 0.0204725806 -0.9894140959 -0.2469646633 0.9688954353 -0.0158126466 0.9583150744 0.2466221005 0.1442557722
-234.6 226.9 2726.1 0.1436685175 0.0204725806 -0.9894140959 -0.2469646633 0.9688954353 -0.0158126466 0.9583150744 0.2466221005 0.1442557722
-235.4 32.8 2683.4 0.1440939456 0.0039998051 -0.9895559549 -0.2131431550 0.9766453505 -0.0270891674 0.9663368464 0.2148204595 0.1415812075
-255.6 258.0 2585.0 -0.3209322691 -0.1632219255 -0.9329314232 0.3806308806 0.8797591925 -0.2848576903 0.8672500253 -0.4465225339 -0.2202157974
-167.3 153.3 2346.3 -0.6549521685 -0.1632219255 0.7378321290 -0.4350987971 0.8797591925 -0.1916058362 -0.6178402901 -0.4465225339 -0.6472178698
-213.5 195.8 2867.3 -0.1000601426 0.8892441988 -0.4463549256 -0.9283917546 0.0779144093 0.3633430004 0.3578781486 0.4507483840 0.8177708387
-241.0 -58.8 2965.4 0.2603803873 0.8892441988 -0.3760941625 -0.8963869214 0.0779144093 -0.4363711476 -0.3587373495 0.4507483840 0.8173942566
-250.8 -139.6 2550.9 -0.1634050012 0.0771417171 -0.9835385084 -0.0541530661 0.9947338700 0.0870167911 0.9850717187 0.0674806014 -0.1583670378
-281.4 -534.9 2524.0 -0.1587705463 -0.0830905661 -0.9838129282 -0.1129623652 0.9914376736 -0.0655043498 0.9808319807 0.1007336751 -0.1667972058
-223.0 -180.8 2729.4 -0.1933327466 0.0842549354 0.9775088429 0.1994985044 0.9788681865 -0.0449150763 -0.9606366754 0.1863279939 -0.2060560137
-254.8 -551.2 2658.9 -0.1933327466 0.0842549354 0.9775088429 0.1994985044 0.9788681865 -0.0449150763 -0.9606366754 0.1863279939 -0.2060560137
18.7 276.8 2521.8 0 0 0 0 0 0 0 0 0
-167.7 -310.9 2864.5 0 0 0 0 0 0 0 0 0
-252.8 -876.4 2489.3 0 0 0 0 0 0 0 0 0
-285.5 -907.3 2591.1 0 0 0 0 0 0 0 0 0
-230.3 423.4 2775.9 9 0.1544355303 0.0202877484 -0.9877945781 -0.2486774623 0.9684001803 -0.0189897548 0.9561951756 0.2485749424 0.1546005011
-234.4 226.3 2725.4 0.1544355303 0.0202877484 -0.9877945781 -0.2486774623 0.9684001803 -0.0189897548 0.9561951756 0.2485749424 0.1546005011
-234.1 32.4 2682.2 0.1547629088 -0.0016816190 -0.9879502058 -0.2144635916 0.9760954380 -0.0352572724 0.9643929601 0.2173358649 0.1507027149
-257.0 257.7 2584.5 -0.3388877213 -0.1548846662 -0.9279901981 0.3775407672 0.8810678720 -0.2849252224 0.8617529273 -0.4469118118 -0.2401078045
-163.9 153.9 2347.6 -0.6476647854 -0.1548846662 0.7460168004 -0.4321536124 0.8810678720 -0.1922567785 -0.6275137663 -0.4469118118 -0.6375706196
-211.8 195.0 2866.2 -0.0894144326 0.8927730322 -0.4415442646 -0.9300676584 0.0837658644 0.3577113152 0.3563413620 0.4426506162 0.8228494525
-236.3 -60.0 2964.0 0.2640576661 0.8927730322 -0.3650066257 -0.8933829069 0.0837658644 -0.4414184988 -0.3635114431 0.4426506162 0.8197071552
-249.4 -141.7 2552.1 -0.1536829621 0.0816660598 -0.9847396612 -0.0565578379 0.9942179918 0.0912787840 0.9865002632 0.0697227418 -0.1481755078
-281.8 -536.8 2524.4 -0.1488253772 -0.0917648301 -0.9845964909 -0.1116522402 0.9908771515 -0.0754735395 0.9825399518 0.0987000167 -0.1577134132
-219.6 -181.3 2727.4 -0.2038358748 0.0782838687 0.9758701324 0.2004380971 0.9790198803 -0.0366698280 -0.9582669139 0.1881269366 -0.2152504325
-249.2 -551.7 2656.2 -0.2038358748 0.0782838687 0.9758701324 0.2004380971 0.9790198803 -0.0366698280 -0.9582669139 0.1881269366 -0.2152504325
21.2 277.4 2526.9 0 0 0 0 0 0 0 0 0
-162.1 -311.3 2861.7 0 0 0 0 0 0 0 0 0
-250.5 -875.0 2490.7 0 0 0 0 0 0 0 0 0
-277.7 -907.9 2587.8 0 0 0 0 0 0 0 0 0
-230.5 423.4 2775.9 0 0.1863420159 0.0218063071 -0.9822428823 -0.2492915541 0.9680846930 -0.0258012954 0.9503316879 0.2496727258 0.1858309954
-234.9 227.8 2725.4 0.1863420159 0.0218063071 -0.9822428823 -0.2492915541 0.9680846930 -0.0258012954 0.9503316879 0.2496727258 0.1858309954
-233.7 34.0 2681.3 0.1866045296 -0.0061950083 -0.9824155569 -0.2166166306 0.9751105309 -0.0472940989 0.9582567215 0.2216328382 0.1806180924
-262.1 259.4 2585.5 -0.3659267128 -0.1436478496 -0.9194905758 0.3721770346 0.8829807043 -0.2860581875 0.8529841304 -0.4468896091 -0.2696438134
-160.6 156.1 2348.9 -0.6427904367 -0.1436478496 0.7524531484 -0.4265966117 0.8829807043 -0.1958579719 -0.6362670660 -0.4468896091 -0.6288512945
-207.6 196.1 2865.3 -0.0678701177 0.9048969746 -0.4201845527 -0.9325785637 0.0921172425 0.3490152955 0.3545291424 0.4155428112 0.8376355171
-226.2 -59.5 2962.5 0.2628552020 0.9048969746 -0.3347664177 -0.8888233900 0.0921172425 -0.4488957822 -0.3753666878 0.4155428112 0.8285071254
-248.0 -141.9 2550.5 -0.1224155575 0.0806648955 -0.9891954064 -0.0573010631 0.9944546223 0.0881849229 0.9908233881 0.0674771592 -0.1171145365
-280.0 -537.1 2523.7 -0.1182733402 -0.0824869648 -0.9895490408 -0.1091796905 0.9915819168 -0.0696069971 0.9869605899 0.0998060107 -0.1262836009
-215.3 -179.6 2725.1 -0.2352986634 0.0728219673 0.9691911340 0.2020693719 0.9790645838 -0.0245057493 -0.9506852627 0.1900776774 -0.2450876832
-242.9 -550.1 2653.2 -0.2352986634 0.0728219673 0.9691911340 0.2020693719 0.9790645838 -0.0245057493 -0.9506852627 0.1900776774 -0.2450876832
23.6 278.4 2531.3 0 0 0 0 0 0 0 0 0
-152.3 -309.5 2856.9 0 0 0 0 0 0 0 0 0
-251.9 -875.0 2489.7 0 0 0 0 0 0 0 0 0
-269.4 -906.3 2584.0 0 0 0 0 0 0 0 0 0
-228.5 426.0 2775.8 1 0.1782947034 0.0513741001 -0.9826350808 -0.2799108624 0.9600257874 -0.0005965214 0.9433243871 0.2751565874 0.1855476797
-238.9 230.8 2719.9 0.1782947034 0.0513741001 -0.9826350808 -0.2799108624 0.9600257874 -0.0005965214 0.9433243871 0.2751565874 0.1855476797
-236.9 37.6 2673.4 0.1793971807 -0.0102102896 -0.9837237597 -0.2281592488 0.9722502232 -0.0516995601 0.9569535255 0.2337204367 0.1720893830
-265.1 264.1 2580.1 -0.3718189895 -0.1295247227 -0.9192246795 0.3915609419 0.8759361506 -0.2818083465 0.8416832089 -0.4647141695 -0.2749728858
-162.4 155.9 2347.5 -0.6533897519 -0.1295247227 0.7458587289 -0.4279207587 0.8759361506 -0.2227548659 -0.6244723201 -0.4647141695 -0.6277539730
-212.7 197.4 2859.6 -0.0685131624 0.9012813568 -0.4277824461 -0.9370359778 0.0890488923 0.3376889527 0.3424462974 0.4239836931 0.8384320736
-231.5 -59.5 2953.5 0.2680503130 0.9012813568 -0.3403540850 -0.8834574819 0.0890488923 -0.4599708021 -0.3842549622 0.4239836931 0.8201133609
-249.6 -139.9 2549.4 -0.1290855259 0.0802671239 -0.9883795381 -0.0554362312 0.9945757985 0.0880104750 0.9900826812 0.0661529154 -0.1239356324
-281.5 -535.2 2523.1 -0.1252985150 -0.0864324048 -0.9883469939 -0.1004882976 0.9921804070 -0.0740281492 0.9870169163 0.0900416821 -0.1330041736
-218.4 -176.5 2714.7 -0.2281226069 0.0689864159 0.9711853266 0.2133339196 0.9767891765 -0.0192742813 -0.9499729872 0.2027898729 -0.2375448346
-244.5 -546.1 2638.0 -0.2281226069 0.0689864159 0.9711853266 0.2133339196 0.9767891765 -0.0192742813 -0.9499729872 0.2027898729 -0.2375448346
24.4 278.2 2526.0 0 0 0 0 0 0 0 0 0
-156.1 -307.9 2845.4 0 0 0 0 0 0 0 0 0
-251.9 -874.5 2492.3 0 0 0 0 0 0 0 0 0
-269.6 -901.4 2564.2 0 0 0 0 0 0 0 0 0
-229.9 424.5 2767.3 2 0.1427388340 0.0491068661 -0.9885414243 -0.2837897837 0.9588634372 0.0066552144 0.9482030272 0.2795879841 0.1508030742
-239.7 231.8 2711.1 0.1427388340 0.0491068661 -0.9885414243 -0.2837897837 0.9588634372 0.0066552144 0.9482030272 0.2795879841 0.1508030742
-238.3 39.0 2663.1 0.1437323242 -0.0073170257 -0.9895895720 -0.2379246950 0.9703866243 -0.0417322665 0.9605898261 0.2414460778 0.1377350241
-260.7 266.6 2570.9 -0.3563768566 -0.1153494641 -0.9271947145 0.4154383540 0.8692990541 -0.2678248584 0.8369029164 -0.4806388319 -0.2618774474
