30.8 333.1 2822.5 4 -0.4036296010 -0.0094955722 -0.9148731828 -0.1934321970 0.9782285094 0.0751865059 0.8942410946 0.2073134333 -0.3966787159
32.6 142.6 2782.2 -0.4036296010 -0.0094955722 -0.9148731828 -0.1934321970 0.9782285094 0.0751865059 0.8942410946 0.2073134333 -0.3966787159
33.4 -48.3 2747.3 -0.4038167894 -0.0037457775 -0.9148322344 -0.1656946689 0.9837524295 0.0691114366 0.8997095227 0.1794911772 -0.3978764117
87.7 165.2 2659.3 -0.7071970105 -0.6650070548 -0.2400791496 -0.0491472818 0.3849839866 -0.9216137528 0.7053062916 -0.6399632692 -0.3049428165
266.5 177.7 2481.1 -0.6053552032 -0.6650070548 0.4373908043 -0.7797097564 0.3849839866 -0.4938015938 0.1599930972 -0.6399632692 -0.7515645623
-22.5 120.0 2905.0 -0.0064960369 0.3307341933 -0.9437015653 -0.9914641976 0.1207611188 0.0491473377 0.1302171648 0.9359655976 0.3271266520
-24.2 -135.4 2938.6 0.1226746440 0.3328866065 -0.9349531531 -0.9902435541 0.1037969962 -0.0929727256 0.0660959557 0.9372367263 0.3423720598
71.0 -223.7 2630.1 -0.7561551332 0.3883726001 0.5266841054 0.1815502793 0.8977532387 -0.4013460279 -0.6287041306 -0.2078602314 -0.7493498921
-79.7 -572.1 2710.7 -0.7596057057 0.1028645411 0.6421978474 0.1517953128 0.9881832004 0.0212638024 -0.6324217916 0.1136347204 -0.7662439346
-4.6 -254.9 2789.3 -0.6101814508 0.0762897059 0.7885800600 -0.0627898350 0.9875653982 -0.1441252083 -0.7897696495 -0.1374573410 -0.5978038311
-34.2 -638.0 2842.6 -0.6062920690 0.0803250670 0.7911749482 0.0006835369 0.9949379563 -0.1004885659 -0.7952417731 -0.0603846274 -0.6032779217
426.5 383.8 2438.8 0 0 0 0 0 0 0 0 0
7.8 -393.7 2955.8 0 0 0 0 0 0 0 0 0
-119.9 -958.4 2666.3 0 0 0 0 0 0 0 0 0
-64.2 -1008.8 2865.1 0 0 0 0 0 0 0 0 0
33.2 332.5 2820.3 5 -0.3980056345 -0.0054244562 -0.9173669219 -0.1779225171 0.9814515114 0.0713894516 0.8999639153 0.1916336417 -0.3915883899
34.2 141.1 2782.9 -0.3980056345 -0.0054244562 -0.9173669219 -0.1779225171 0.9814515114 0.0713894516 0.8999639153 0.1916336417 -0.3915883899
34.2 -50.3 2751.1 -0.3980797231 0.0001728914 -0.9173508286 -0.1501593888 0.9864998460 0.0653468221 0.9049777389 0.1637620777 -0.3926796317
88.6 161.6 2659.3 -0.7064349055 -0.6688205004 -0.2315789908 -0.0678764731 0.3897022009 -0.9184361696 0.7045158148 -0.6330965757 -0.3206964135
266.5 178.7 2481.9 -0.6069084406 -0.6688205004 0.4293497801 -0.7780373693 0.3897022009 -0.4927372634 0.1622342467 -0.6330965757 -0.7568809390
-20.1 120.6 2906.5 -0.0083609391 0.3374828100 -0.9412945509 -0.9892234206 0.1348117292 0.0571207777 0.1461748183 0.9316282272 0.3327187598
-22.3 -134.2 2944.1 0.1204075515 0.3395970166 -0.9328321815 -0.9894020557 0.1178667173 -0.0848001316 0.0811519921 0.9331566691 0.3501900136
70.3 -224.4 2632.0 -0.7584038377 0.3939468563 0.5192586184 0.1771707684 0.8912755847 -0.4174186587 -0.6272432804 -0.2245744616 -0.7457426786
-82.6 -570.3 2719.1 -0.7601051927 0.0934961215 0.6430385113 0.1604133397 0.9859653115 0.0462601855 -0.6296885610 0.1383145601 -0.7644353509
-2.0 -254.1 2793.1 -0.6128849387 0.0895656422 0.7850795984 -0.0398058593 0.9887940288 -0.1438814402 -0.7891688943 -0.1194335371 -0.6024517417
-36.8 -637.7 2839.4 -0.6115337610 0.0650028661 0.7885436416 -0.0165668186 0.9953491092 -0.0948986337 -0.7910448909 -0.0710973740 -0.6076126695
426.6 383.9 2439.1 0 0 0 0 0 0 0 0 0
9.1 -392.3 2965.3 0 0 0 0 0 0 0 0 0
-119.5 -959.2 2664.6 0 0 0 0 0 0 0 0 0
-61.0 -1008.9 2865.9 0 0 0 0 0 0 0 0 0
27.2 335.9 2819.6 6 -0.4457465112 -0.0108589269 -0.8950933814 -0.1772513241 0.9811983705 0.0763656646 0.8774349093 0.1926962137 -0.4392904937
29.3 144.5 2782.0 -0.4457465112 -0.0108589269 -0.8950933814 -0.1772513241 0.9811983705 0.0763656646 0.8774349093 0.1926962137 -0.4392904937
30.5 -46.9 2749.7 -0.4459602237 -0.0055571888 -0.8950355053 -0.1516395211 0.9859941006 0.0694339424 0.8821138740 0.1666875333 -0.4405568540
90.2 165.1 2661.7 -0.6995763779 -0.6728870869 -0.2404492050 -0.0571298003 0.3880937397 -0.9198474884 0.7122703195 -0.6297668219 -0.3099431396
266.7 179.6 2482.0 -0.6072114706 -0.6728870869 0.4225129485 -0.7760160565 0.3880937397 -0.4971743226 0.1705675423 -0.6297668219 -0.7578261495
-31.5 123.8 2902.3 -0.0190445855 0.2879996598 -0.9574410915 -0.9896663427 0.1306900829 0.0589973442 0.1421192735 0.9486708045 0.2825346291
-36.4 -131.2 2939.0 0.1128191873 0.2899747789 -0.9503612518 -0.9900513291 0.1137474999 -0.0828241780 0.0840842947 0.9502505660 0.2999227941
69.9 -228.3 2638.3 -0.7264699936 0.3990912139 0.5594350100 0.1749798059 0.8946753144 -0.4110209048 -0.6645475030 -0.2007045299 -0.7197876573
-85.0 -575.5 2716.2 -0.7285764813 0.0835262984 0.6798527241 0.1523819268 0.9874293804 0.0419878624 -0.6677994728 0.1341886222 -0.7321456671
-1.4 -255.2 2800.4 -0.5686792731 0.0862316415 0.8180269003 -0.0182448775 0.9929227829 -0.1173517033 -0.8223569989 -0.0816602781 -0.5630813241
-34.9 -640.3 2832.0 -0.5704150200 0.0750619993 0.8179195523 -0.0394723788 0.9921596050 -0.1185802743 -0.8204076290 -0.0999251977 -0.5629798770
426.3 383.5 2437.2 0 0 0 0 0 0 0 0 0
-7.0 -389.5 2960.9 0 0 0 0 0 0 0 0 0
-117.8 -962.9 2663.5 0 0 0 0 0 0 0 0 0
-62.9 -1010.3 2869.3 0 0 0 0 0 0 0 0 0
30.6 332.1 2819.8 7 -0.4102848172 -0.0088843703 -0.9119141698 -0.1773327440 0.9816425443 0.0702211484 0.8945498466 0.1905229092 -0.4043284953
32.4 140.7 2782.6 -0.4102848172 -0.0088843703 -0.9119141698 -0.1773327440 0.9816425443 0.0702211484 0.8945498466 0.1905229092 -0.4043284953
33.3 -50.7 2750.7 -0.4104602337 -0.0048001511 -0.9118658900 -0.1521030813 0.9863371849 0.0632743314 0.8991034627 0.1646692008 -0.4055823088
88.3 161.5 2660.0 -0.7097966671 -0.6688874364 -0.2208580226 -0.0735047236 0.3821583688 -0.9211688638 0.7005609870 -0.6376084685 -0.3204211295
267.7 180.0 2483.0 -0.6060401201 -0.6688874364 0.4304705858 -0.7770472765 0.3821583688 -0.5001524687 0.1700377613 -0.6376084685 -0.7513604760
-23.6 120.0 2905.3 -0.0077957800 0.3238796592 -0.9460661411 -0.9894278646 0.1345158368 0.0542037189 0.1448163688 0.9364867806 0.3194068968
-25.6 -135.0 2942.6 0.1217105463 0.3260135949 -0.9374975562 -0.9891980886 0.1175788119 -0.0875346810 0.0816923603 0.9380246997 0.3368026018
71.5 -224.7 2638.5 -0.7388547659 0.4059841931 0.5378386974 0.2006755620 0.8944894075 -0.3995221853 -0.6432906985 -0.1872577965 -0.7423688769
-86.1 -571.9 2711.2 -0.7457022071 0.0827357993 0.6611225009 0.1374185681 0.9900246263 0.0311029367 -0.6519542336 0.1140440404 -0.7496330142
-8.3 -251.9 2796.3 -0.6000684500 0.0739511400 0.7965231538 -0.0231842138 0.9936918020 -0.1097228080 -0.7996126413 -0.0843079537 -0.5945685506
-37.0 -637.4 2829.0 -0.6025474668 0.0626191571 0.7956226468 -0.0569302067 0.9910050035 -0.1211114973 -0.7960499525 -0.1182703823 -0.5935626030
426.5 383.7 2438.4 0 0 0 0 0 0 0 0 0
6.1 -393.0 2963.9 0 0 0 0 0 0 0 0 0
-118.6 -960.8 2666.4 0 0 0 0 0 0 0 0 0
-60.4 -1007.1 2873.1 0 0 0 0 0 0 0 0 0
30.8 330.9 2820.4 8 -0.4091392159 -0.0116772801 -0.9123972654 -0.1741471142 0.9825377464 0.0655164644 0.8956996799 0.1856967062 -0.4040282667
33.1 139.0 2784.1 -0.4091392159 -0.0116772801 -0.9123972654 -0.1741471142 0.9825377464 0.0655164644 0.8956996799 0.1856967062 -0.4040282667
34.5 -52.7 2753.5 -0.4093945920 -0.0067736264 -0.9123322964 -0.1468825638 0.9874177575 0.0585801080 0.9004563093 0.1579880863 -0.4052384198
89.0 159.0 2661.2 -0.7045662999 -0.6752876043 -0.2181122750 -0.0858086050 0.3861731589 -0.9184264541 0.7044311166 -0.6283764243 -0.3300300837
267.8 180.8 2482.4 -0.6065253615 -0.6752876043 0.4196589589 -0.7755194306 0.3861731589 -0.4994395673 0.1752043366 -0.6283764243 -0.7579224706
-22.8 118.9 2907.0 -0.0056308708 0.3243621588 -0.9459162354 -0.9884099960 0.1416979730 0.0544731840 0.1517034471 0.9352598190 0.3198049068
-24.2 -135.7 2946.1 0.1239207312 0.3265351057 -0.9370263815 -0.9883440733 0.1247686446 -0.0872280374 0.0884284973 0.9369139075 0.3381904662
71.0 -228.6 2638.3 -0.7362732291 0.4111653268 0.5374428034 0.2024869025 0.8917070031 -0.4047934115 -0.6456785202 -0.1892134398 -0.7397956252
-88.6 -574.7 2711.8 -0.7431035042 0.0757880509 0.6648709774 0.1358204931 0.9899672866 0.0389564298 -0.6552480459 0.1192517653 -0.7459416986
-2.4 -255.8 2799.2 -0.5990854502 0.0997314751 0.7944496870 -0.0114903310 0.9910393357 -0.1330751479 -0.8006026745 -0.0888518766 -0.5925713181
-41.1 -640.3 2833.7 -0.6009199023 0.0405551568 0.7982797623 -0.0471058562 0.9951793551 -0.0860180929 -0.7979199886 -0.0892936364 -0.5961126685
426.2 383.4 2436.7 0 0 0 0 0 0 0 0 0
8.1 -393.6 2969.2 0 0 0 0 0 0 0 0 0
-118.3 -963.0 2665.0 0 0 0 0 0 0 0 0 0
-56.3 -1011.5 2867.0 0 0 0 0 0 0 0 0 0
31.5 332.4 2818.2 9 -0.4141172469 -0.0026674706 -0.9102196693 -0.1638627499 0.9838763475 0.0716683418 0.8953524232 0.1788301915 -0.4078772366
32.0 140.0 2783.2 -0.4141172469 -0.0026674706 -0.9102196693 -0.1638627499 0.9838763475 0.0716683418 0.8953524232 0.1788301915 -0.4078772366
31.7 -51.8 2753.6 -0.4141303897 0.0016551146 -0.9102160931 -0.1382541060 0.9882811904 0.0646999553 0.8996565342 0.1526353210 -0.4090484381
88.6 158.9 2660.3 -0.7062418461 -0.6752735376 -0.2126689702 -0.0884927660 0.3822361529 -0.9198176861 0.7024183273 -0.6307940483 -0.3297079802
268.0 181.4 2481.9 -0.6063942909 -0.6752735376 0.4198708832 -0.7745708227 0.3822361529 -0.5039201379 0.1797941178 -0.6307940483 -0.7548330426
-24.6 121.1 2906.1 -0.0152860163 0.3220977187 -0.9465830326 -0.9874665737 0.1438670456 0.0649004653 0.1570863873 0.9357111454 0.3158615828
-28.5 -133.3 2946.5 0.1145455167 0.3241099417 -0.9390591383 -0.9889330268 0.1269247681 -0.0768218562 0.0942911357 0.9374662042 0.3350616693
72.4 -231.2 2642.2 -0.7257090211 0.4179057479 0.5465356112 0.2189235240 0.8933581710 -0.3924075961 -0.6522414088 -0.1651242226 -0.7398074865
-89.8 -577.9 2706.3 -0.7363257408 0.0746997222 0.6724911332 0.1239678487 0.9919572473 0.0255494546 -0.6651739478 0.1021800041 -0.7396640182
-0.9 -257.5 2803.4 -0.5959872603 0.1046183035 0.7961496115 -0.0090780640 0.9905353189 -0.1369573474 -0.8029425740 -0.0888523310 -0.5893967152
-41.5 -641.9 2837.9 -0.5971965194 0.0346812196 0.8013448715 -0.0370811932 0.9968028665 -0.0707748905 -0.8012374043 -0.0719813406 -0.5940011144
426.0 383.2 2435.1 0 0 0 0 0 0 0 0 0
1.4 -391.3 2971.1 0 0 0 0 0 0 0 0 0
-118.7 -962.8 2666.6 0 0 0 0 0 0 0 0 0
-54.4 -1013.8 2864.7 0 0 0 0 0 0 0 0 0
29.4 334.8 2817.1 0 -0.4203495383 -0.0029412545 -0.9073574543 -0.1572497338 0.9850993156 0.0696554929 0.8936323524 0.1719613820 -0.4145485759
30.0 141.9 2783.4 -0.4203495383 -0.0029412545 -0.9073574543 -0.1572497338 0.9850993156 0.0696554929 0.8936323524 0.1719613820 -0.4145485759
29.5 -50.2 2755.0 -0.4203540683 0.0025947934 -0.9073564410 -0.1315826625 0.9892507792 0.0637877285 0.8977686167 0.1462058127 -0.4154941440
87.4 159.8 2660.8 -0.7113809586 -0.6719345450 -0.2060123980 -0.0869761035 0.3750448227 -0.9229174256 0.6974039674 -0.6386277080 -0.3252419829
268.7 182.0 2483.0 -0.6057616472 -0.6719345450 0.4260947704 -0.7744178176 0.3750448227 -0.5095276237 0.1825645715 -0.6386277080 -0.7475458980
-27.5 123.9 2906.0 -0.0183117539 0.3161750436 -0.9485241175 -0.9863819480 0.1493738443 0.0688339472 0.1634482741 0.9368675351 0.3091340661
-32.2 -130.3 2948.1 0.1119529456 0.3181419373 -0.9414097071 -0.9885141850 0.1324393004 -0.0727978274 0.1015195996 0.9387468100 0.3293147981
68.4 -231.3 2643.4 -0.7228410840 0.4088237882 0.5571031570 0.2119590640 0.8985237479 -0.3843545914 -0.6577036977 -0.1597442031 -0.7361437678
-90.2 -580.0 2705.4 -0.7325110435 0.0740889162 0.6767114997 0.1229638606 0.9921091199 0.0244832449 -0.6695576906 0.1011453047 -0.7358410954
-5.7 -256.0 2804.5 -0.5901054144 0.0923973545 0.8020214438 -0.0075450353 0.9927545786 -0.1199223101 -0.8072909713 -0.0768180862 -0.5851327181
-41.6 -641.4 2834.3 -0.5922335386 0.0387842171 0.8048324585 -0.0490223020 0.9952563643 -0.0840335041 -0.8042737246 -0.0892222002 -0.5875228643
426.1 383.2 2435.6 0 0 0 0 0 0 0 0 0
-3.0 -388.1 2974.6 0 0 0 0 0 0 0 0 0
-119.0 -964.6 2666.2 0 0 0 0 0 0 0 0 0
-56.1 -1012.7 2867.6 0 0 0 0 0 0 0 0 0
33.3 333.9 2818.5 1 -0.4067397118 0.0069450499 -0.9135177135 -0.1599518359 0.9839826822 0.0786986127 0.8994321823 0.1781286895 -0.3991139531
32.0 141.4 2783.7 -0.4067397118 0.0069450499 -0.9135177135 -0.1599518359 0.9839826822 0.0786986127 0.8994321823 0.1781286895 -0.3991139531
30.1 -50.4 2754.1 -0.4065323472 0.0096757477 -0.9135851264 -0.1353474110 0.9882729053 0.0706944317 0.9035555124 0.1523909718 -0.4004553258
87.5 159.9 2660.3 -0.7110596299 -0.6722412705 -0.2061209977 -0.0886728987 0.3765397668 -0.9221469164 0.6975179315 -0.6374241114 -0.3273518085
268.8 182.5 2482.4 -0.6064074039 -0.6722412705 0.4246902168 -0.7739672065 0.3765397668 -0.5091096163 0.1823317260 -0.6374241114 -0.7486291528
-23.5 122.9 2907.1 -0.0204589367 0.3318665326 -0.9431044459 -0.9873014688 0.1419277787 0.0713602975 0.1575348079 0.9325883985 0.3247486353
-28.8 -131.4 2947.7 0.1087827310 0.3337813914 -0.9363526702 -0.9896575212 0.1249721572 -0.0704267398 0.0935108811 0.9343296885 0.3439240754
66.6 -230.4 2646.2 -0.7350819707 0.3993404508 0.5478883982 0.2132895887 0.9033015370 -0.3722282052 -0.6435542703 -0.1567593366 -0.7491758466
-88.4 -581.0 2707.1 -0.7438872457 0.0786533654 0.6636605859 0.1335670650 0.9905124903 0.0323232971 -0.6548218131 0.1126880869 -0.7473351359
-8.7 -254.0 2807.0 -0.6037373543 0.0851416513 0.7926235795 -0.0076933014 0.9936116338 -0.1125912368 -0.7971462011 -0.0740734264 -0.5992254019
-41.7 -639.7 2835.8 -0.6050633192 0.0409388505 0.7951241136 -0.0346095487 0.9963807464 -0.0776377544 -0.7954247594 -0.0744946450 -0.6014565825
426.0 383.2 2435.1 0 0 0 0 0 0 0 0 0
-0.4 -389.6 2972.1 0 0 0 0 0 0 0 0 0
-118.7 -961.9 2663.7 0 0 0 0 0 0 0 0 0
-57.0 -1011.5 2863.6 0 0 0 0 0 0 0 0 0
31.8 331.8 2819.2 2 -0.4307867587 0.0085344557 -0.9024133682 -0.1602700204 0.9833363891 0.0858081728 0.8881082535 0.1815948337 -0.4222404957
30.1 139.4 2783.7 -0.4307867587 0.0085344557 -0.9024133682 -0.1602700204 0.9833363891 0.0858081728 0.8881082535 0.1815948337 -0.4222404957
27.5 -52.4 2754.0 -0.4304806590 0.0132936686 -0.9025018811 -0.1326246560 0.9881070852 0.0778147057 0.8928029537 0.1531917304 -0.4235979319
88.9 157.5 2661.8 -0.7036924958 -0.6802558303 -0.2051068991 -0.0987935886 0.3795542121 -0.9198795557 0.7036026120 -0.6270491481 -0.3342943788
269.0 182.8 2481.7 -0.6053640246 -0.6802558303 0.4132630825 -0.7732639313 0.3795542121 -0.5079385042 0.1886723787 -0.6270491481 -0.7557857633
-28.7 121.2 2905.6 -0.0319354385 0.3090190291 -0.9505195022 -0.9872043133 0.1388986856 0.0783246830 0.1562297344 0.9408583045 0.3006291389
-36.9 -133.1 2945.9 0.0988500789 0.3107602596 -0.9453341961 -0.9905061722 0.1219272092 -0.0634923428 0.0955310613 0.9426355958 0.3198624551
64.6 -230.1 2643.6 -0.7253950834 0.3947422504 0.5638976693 0.1998105794 0.9047039747 -0.3762797415 -0.6586939692 -0.1602787524 -0.7351414561
-88.6 -581.3 2705.8 -0.7326696515 0.0787442774 0.6760137081 0.1310227513 0.9910233617 0.0265659988 -0.6678534746 0.1080372781 -0.7364100218
-8.2 -254.4 2805.5 -0.5884523988 0.0867146328 0.8038683534 -0.0597596802 0.9868481159 -0.1501985937 -0.8063203692 -0.1364236325 -0.5755310655
-41.8 -636.7 2858.3 -0.5872999430 0.0409245566 0.8083340526 0.0401266180 0.9989649653 -0.0214216355 -0.8083740473 0.0198547840 -0.5883342624
425.6 382.8 2432.9 0 0 0 0 0 0 0 0 0
-11.1 -391.5 2970.8 0 0 0 0 0 0 0 0 0
-118.8 -961.7 2664.4 0 0 0 0 0 0 0 0 0
-57.0 -1007.9 2850.9 0 0 0 0 0 0 0 0 0
30.6 327.7 2816.1 3 -0.4479743540 0.0149406716 -0.8939215541 -0.1483817846 0.9847512245 0.0908178985 0.8816472292 0.1733257622 -0.4389263690
27.7 135.4 2782.3 -0.4479743540 0.0149406716 -0.8939215541 -0.1483817846 0.9847512245 0.0908178985 0.8816472292 0.1733257622 -0.4389263690
24.1 -56.5 2753.7 -0.4475530982 0.0185813047 -0.8940643072 -0.1235798821 0.9889063835 0.0824143589 0.8856772780 0.1473731697 -0.4402918518
88.8 152.3 2661.3 -0.7045033574 -0.6825521588 -0.1944160610 -0.1211258993 0.3855609596 -0.9146973491 0.6992878914 -0.6208585501 -0.3543037176
269.5 183.4 2482.0 -0.6060127020 -0.6825521588 0.4084986448 -0.7734207511 0.3855609596 -0.5031530857 0.1859271079 -0.6208585501 -0.7615548372
-33.4 118.6 2903.2 -0.0428264961 0.2931472659 -0.9551076293 -0.9859215021 0.1422585249 0.0878710002 0.1616313457 0.9454243183 0.2829277515
-44.4 -135.5 2944.9 0.0890082344 0.2947171628 -0.9514301419 -0.9906570315 0.1252867728 -0.0538688749 0.1033255383 0.9473357797 0.3031151891
63.5 -232.4 2644.3 -0.7169081569 0.3948735893 0.5745585561 0.1899107695 0.9035770893 -0.3840342462 -0.6708029509 -0.1662024260 -0.7227725387
-89.8 -583.2 2708.8 -0.7221653461 0.0758463144 0.6875497103 0.1357195973 0.9901868105 0.0333211794 -0.6782753468 0.1173773631 -0.7253724337
-13.6 -256.1 2804.2 -0.5766955614 0.0779317841 0.8132336140 -0.0869451314 0.9839316010 -0.1559458673 -0.8123193979 -0.1606399864 -0.5606532097
-43.8 -637.6 2866.5 -0.5791263580 0.0281153657 0.8147528768 0.0650677010 0.9978109002 0.0118178204 -0.8126369715 0.0598581061 -0.5796879530
425.9 383.0 2434.0 0 0 0 0 0 0 0 0 0
-21.2 -393.9 2971.8 0 0 0 0 0 0 0 0 0
-118.9 -963.3 2663.7 0 0 0 0 0 0 0 0 0
-54.3 -1008.9 2844.2 0 0 0 0 0 0 0 0 0
28.8 330.3 2817.5 4 -0.4679891467 0.0192772839 -0.8835239410 -0.1447348148 0.9845908284 0.0981462523 0.8718015552 0.1738080531 -0.4579877257
25.0 137.3 2783.5 -0.4679891467 0.0192772839 -0.8835239410 -0.1447348148 0.9845908284 0.0981462523 0.8718015552 0.1738080531 -0.4579877257
20.3 -54.7 2755.1 -0.4673964679 0.0243023951 -0.8837137222 -0.1178945228 0.9889799953 0.0895516947 0.8761515021 0.1460411549 -0.4593806267
88.8 153.4 2663.8 -0.6994550228 -0.6850460172 -0.2036532313 -0.1170207784 0.3908927143 -0.9129671454 0.7050310373 -0.6147478223 -0.3535764813
269.7 183.6 2481.5 -0.6061543226 -0.6850460172 0.4040902257 -0.7739212513 0.3908927143 -0.4982457459 0.1833653301 -0.6147478223 -0.7671129704
-38.8 121.2 2903.1 -0.0550778545 0.2742152214 -0.9600898027 -0.9851975441 0.1414042860 0.0969052836 0.1623337269 0.9512154460 0.2623679340
-53.0 -132.6 2944.9 0.0779157504 0.2755922079 -0.9581117034 -0.9912167788 0.1244209185 -0.0448193662 0.1068572700 0.9531885386 0.2828659713
60.6 -237.4 2645.7 -0.7096567750 0.3904417455 0.5864660740 0.1748272777 0.9039540291 -0.3902596235 -0.6825120449 -0.1744201183 -0.7097569704
-91.0 -588.4 2713.4 -0.7124063969 0.0734523013 0.6979125142 0.1429068148 0.9888529778 0.0418020971 -0.6870623827 0.1295165420 -0.7149620652
-19.6 -259.6 2804.4 -0.5608930588 0.0575935207 0.8258824944 -0.0948792472 0.9865327477 -0.1332332492 -0.8224335313 -0.1530887187 -0.5478749275
-41.9 -642.2 2863.7 -0.5627958179 0.0292724334 0.8260774612 0.0541798472 0.9985300303 0.0015286565 -0.8248183727 0.0456170700 -0.5635545254
425.9 383.1 2434.2 0 0 0 0 0 0 0 0 0
-32.7 -391.2 2972.8 0 0 0 0 0 0 0 0 0
-118.8 -961.7 2664.5 0 0 0 0 0 0 0 0 0
-52.9 -1014.4 2846.7 0 0 0 0 0 0 0 0 0
29.6 337.3 2829.3 5 -0.4593386352 0.0199651793 -0.8880368471 -0.1726912111 0.9786643386 0.1113275364 0.8713126779 0.2044931948 -0.4460905492
25.7 145.2 2789.1 -0.4593386352 0.0199651793 -0.8880368471 -0.1726912111 0.9786643386 0.1113275364 0.8713126779 0.2044931948 -0.4460905492
20.6 -45.8 2755.7 -0.4586049616 0.0260360204 -0.8882587552 -0.1413778216 0.9847018123 0.1018557772 0.8773219585 0.1722916514 -0.4479082525
88.3 164.5 2669.3 -0.6913954616 -0.6820646524 -0.2382438481 -0.0731381848 0.3941426873 -0.9161344767 0.7187650204 -0.6159864664 -0.3223934472
270.0 183.8 2480.4 -0.6064808965 -0.6820646524 0.4086180329 -0.7755299211 0.3941426873 -0.4931580722 0.1753118783 -0.6159864664 -0.7680015564
-37.0 125.9 2908.9 -0.0538420714 0.2837962210 -0.9573717713 -0.9891816974 0.1158613637 0.0899761319 0.1364572793 0.9518591762 0.2744878232
-50.8 -128.9 2944.1 0.0786507055 0.2851860821 -0.9552397132 -0.9937270284 0.0988445580 -0.0523096323 0.0795022696 0.9533617496 0.2911713421
57.4 -236.1 2648.3 -0.7220873237 0.3822203577 0.5766260028 0.1797594428 0.9085476995 -0.3771307766 -0.6680392623 -0.1686673760 -0.7247585058
-91.0 -588.8 2713.7 -0.7253636718 0.0725729465 0.6845295429 0.1423420757 0.9887477160 0.0460074246 -0.6734881401 0.1308094710 -0.7275318503
-26.3 -257.2 2805.2 -0.5686426759 0.0435815603 0.8214293122 -0.0626709536 0.9933977127 -0.0960900709 -0.8201937675 -0.1061206684 -0.5621570349
-43.2 -642.3 2846.3 -0.5678386688 0.0304207485 0.8225775361 -0.0152655737 0.9987558126 -0.0474742875 -0.8229982853 -0.0395148546 -0.5666677952
426.1 383.3 2435.3 0 0 0 0 0 0 0 0 0
-30.3 -388.0 2964.8 0 0 0 0 0 0 0 0 0
-118.5 -964.0 2664.1 0 0 0 0 0 0 0 0 0
-54.5 -1013.4 2861.0 0 0 0 0 0 0 0 0 0
26.4 337.5 2834.6 6 -0.4353877008 0.0067772623 -0.9002175331 -0.2017588913 0.9738002419 0.1049113497 0.8773431182 0.2273040116 -0.4226132929
25.1 146.8 2790.1 -0.4353877008 0.0067772623 -0.9002175331 -0.2017588913 0.9738002419 0.1049113497 0.8773431182 0.2273040116 -0.4226132929
23.0 -43.4 2752.1 -0.4351273775 0.0102853812 -0.9003101587 -0.1719413102 0.9805830717 0.0943031013 0.8837988377 0.1958343685 -0.4249100387
84.5 170.3 2669.5 -0.6998990178 -0.6713874936 -0.2436804175 -0.0445020869 0.3815026283 -0.9232959151 0.7128540277 -0.6353695989 -0.2968914807
270.2 182.1 2480.4 -0.6036868095 -0.6713874936 0.4298849106 -0.7788265944 0.3815026283 -0.4978803694 0.1702684313 -0.6353695989 -0.7532025576
-34.3 123.4 2910.7 -0.0309631433 0.3034919500 -0.9523307681 -0.9931046963 0.0984403118 0.0636601150 0.1130680740 0.9477352500 0.2983512580
-42.3 -132.3 2939.8 0.1002213582 0.3052524030 -0.9469829202 -0.9935503006 0.0814433768 -0.0788970739 0.0530419685 0.9487823248 0.3114459813
56.6 -224.3 2643.7 -0.7409522533 0.3846700191 0.5504714251 0.1807912886 0.9036898017 -0.3881485164 -0.6467645168 -0.1880790740 -0.7391359806
-92.7 -575.0 2716.7 -0.7443680763 0.0660613701 0.6644938588 0.1395539194 0.9885111451 0.0580548458 -0.6530243754 0.1359468997 -0.7450352907
-25.6 -249.6 2800.8 -0.5857945681 0.0484039523 0.8090128303 -0.0425971337 0.9949963689 -0.0903754830 -0.8093393445 -0.0874030963 -0.5808016062
-44.4 -635.5 2834.7 -0.5857902169 0.0269046724 0.8100160360 -0.0424352139 0.9970597029 -0.0638057664 -0.8093510270 -0.0717500001 -0.5829260945
425.8 382.8 2436.5 0 0 0 0 0 0 0 0 0
-16.2 -391.3 2953.7 0 0 0 0 0 0 0 0 0
-118.7 -962.9 2663.3 0 0 0 0 0 0 0 0 0
-54.4 -1006.7 2861.4 0 0 0 0 0 0 0 0 0
27.2 338.6 2837.8 7 -0.4164639711 0.0133893024 -0.9090536237 -0.2093466371 0.9716099501 0.1102184802 0.8847212791 0.2362093478 -0.4018375278
24.5 148.6 2791.6 -0.4164639711 0.0133893024 -0.9090536237 -0.2093466371 0.9716099501 0.1102184802 0.8847212791 0.2362093478 -0.4018375278
21.5 -41.4 2751.9 -0.4160233140 0.0156020317 -0.9092200994 -0.1797036976 0.9787244797 0.0990200490 0.8914209008 0.2045848668 -0.4043684602
81.3 173.1 2669.9 -0.6981890798 -0.6627160907 -0.2708124518 -0.0131274788 0.3900629878 -0.9206945896 0.7157930732 -0.6392638087 -0.2810375094
265.9 176.6 2480.7 -0.6043683290 -0.6627160907 0.4422061741 -0.7826505899 0.3900629878 -0.4850864708 0.1489863545 -0.6392638087 -0.7544168830
-32.3 124.0 2913.3 -0.0295031834 0.3241081834 -0.9455598593 -0.9940669537 0.0895650238 0.0617167652 0.1046919972 0.9417706728 0.3195427954
-39.9 -132.0 2940.3 0.1003188118 0.3258747756 -0.9400753975 -0.9940759540 0.0725441724 -0.0809341520 0.0418225899 0.9426255822 0.3312218487
59.9 -218.2 2634.9 -0.7605556846 0.3768206537 0.5287354589 0.1732664406 0.9026124477 -0.3940424919 -0.6257265806 -0.2080791444 -0.7517774105
-86.4 -568.6 2715.7 -0.7630991936 0.0813461691 0.6411415339 0.1459773928 0.9881043434 0.0483773425 -0.6295794249 0.1305088848 -0.7658963203
-18.0 -249.0 2793.1 -0.6041766405 0.0652995259 0.7941703200 -0.0504925400 0.9914966226 -0.1199373305 -0.7952490449 -0.1125630140 -0.5957419872
-43.3 -633.6 2836.8 -0.6040078998 0.0310848206 0.7963719368 -0.0447637513 0.9963384867 -0.0728411674 -0.7957202196 -0.0796452388 -0.6004047990
421.5 378.1 2442.3 0 0 0 0 0 0 0 0 0
-13.7 -391.3 2951.2 0 0 0 0 0 0 0 0 0
-118.8 -962.5 2663.6 0 0 0 0 0 0 0 0 0
-54.9 -1005.0 2866.5 0 0 0 0 0 0 0 0 0
27.6 341.8 2838.9 8 -0.4001919031 0.0200475156 -0.9162120819 -0.2085813582 0.9715287685 0.1123640537 0.8923789859 0.2360719442 -0.3846164048
23.7 151.9 2792.7 -0.4001919031 0.0200475156 -0.9162120819 -0.2085813582 0.9715287685 0.1123640537 0.8923789859 0.2360719442 -0.3846164048
19.3 -38.0 2752.6 -0.3995804489 0.0226174053 -0.9164190888 -0.1806399077 0.9781512618 0.1029042527 0.8987239003 0.2066603899 -0.3867645264
78.3 176.6 2670.0 -0.7002865076 -0.6549934149 -0.2838704288 0.0215401966 0.3780854344 -0.9255200624 0.7135368586 -0.6542438269 -0.2506594360
264.7 170.8 2480.0 -0.5878927708 -0.6549934149 0.4747269452 -0.7989283800 0.3780854344 -0.4677230716 0.1268682033 -0.6542438269 -0.7455665469
-30.9 127.2 2915.5 -0.0305733178 0.3422355056 -0.9391166568 -0.9942241311 0.0862911046 0.0638138056 0.1028767675 0.9356434941 0.3376205862
-38.8 -128.9 2942.0 0.0980165303 0.3439662755 -0.9338521957 -0.9944763780 0.0692537948 -0.0788713098 0.0375437438 0.9364246726 0.3488543332
55.6 -215.2 2632.4 -0.7730847597 0.3620441556 0.5208300948 0.1739640832 0.9106409550 -0.3747926056 -0.6099807024 -0.1991407275 -0.7669853568
-84.9 -568.6 2709.7 -0.7772629857 0.0836859047 0.6235855818 0.1326649189 0.9906307459 0.0324152783 -0.6150303483 0.1079231277 -0.7810827494
-18.9 -247.4 2792.0 -0.6211912632 0.0639016628 0.7810492516 -0.0747343302 0.9872967005 -0.1402142197 -0.7800872922 -0.1454710364 -0.6085244417
-43.7 -630.3 2848.4 -0.6207239628 0.0316217393 0.7833912373 0.0090114493 0.9994080663 -0.0332010351 -0.7839773893 -0.0135491854 -0.6206414700
416.7 377.3 2447.2 0 0 0 0 0 0 0 0 0
-13.2 -388.3 2951.7 0 0 0 0 0 0 0 0 0
-118.2 -962.5 2666.7 0 0 0 0 0 0 0 0 0
-55.4 -1002.3 2853.4 0 0 0 0 0 0 0 0 0
24.2 339.7 2828.9 9 -0.4358165264 0.0268556047 -0.8996347785 -0.1706053317 0.9789681435 0.1118713990 0.8837181330 0.2022378892 -0.4220687747
19.0 149.1 2789.5 -0.4358165264 0.0268556047 -0.8996347785 -0.1706053317 0.9789681435 0.1118713990 0.8837181330 0.2022378892 -0.4220687747
13.2 -41.8 2755.6 -0.4350864887 0.0293489788 -0.8999102116 -0.1451076865 0.9841180444 0.1022515967 0.8886188865 0.1750721633 -0.4239177108
78.4 168.9 2668.3 -0.7061252594 -0.6475229859 -0.2865329087 0.0015952239 0.4032020271 -0.9151095748 0.7080851793 -0.6466390491 -0.2836781740
265.0 168.5 2481.1 -0.5814453363 -0.6475229859 0.4925802350 -0.8099114299 0.4032020271 -0.4259948432 0.0772321150 -0.6466390491 -0.7588762045
-40.4 129.3 2910.8 -0.0494617447 0.3086828589 -0.9498780966 -0.9897447228 0.1124578044 0.0880831927 0.1340109706 0.9444935918 0.2999548614
-53.1 -125.5 2945.3 0.0814290419 0.3101203442 -0.9472036362 -0.9939554930 0.0954783633 -0.0541879870 0.0736326575 0.9458907247 0.3160205483
50.6 -211.6 2632.0 -0.7508680820 0.3487574756 0.5608612299 0.1552750319 0.9186241031 -0.3633447289 -0.6419398785 -0.1857362092 -0.7439188361
-84.7 -568.1 2704.1 -0.7536637783 0.0871220753 0.6514604092 0.1270007491 0.9917997122 0.0142882215 -0.6448734403 0.0935044736 -0.7585480809
-20.9 -244.0 2793.0 -0.5917699933 0.0556023456 0.8041869402 -0.0748410821 0.9895197153 -0.1234891117 -0.8026251197 -0.1332633793 -0.5814067721
-42.5 -627.9 2844.7 -0.5911028981 0.0295263939 0.8060555458 -0.0096979905 0.9989973903 -0.0437057950 -0.8065378666 -0.0336517394 -0.5902238488
416.0 378.9 2461.1 0 0 0 0 0 0 0 0 0
-31.9 -384.6 2964.5 0 0 0 0 0 0 0 0 0
-119.4 -962.5 2666.9 0 0 0 0 0 0 0 0 0
-53.5 -1000.3 2857.2 0 0 0 0 0 0 0 0 0
21.0 341.1 2833.9 0 -0.4521386623 0.0206631087 -0.8917083144 -0.1816794425 0.9766395092 0.1147513315 0.8732486367 0.2138885856 -0.4378224015
16.9 150.2 2792.1 -0.4521386623 0.0206631087 -0.8917083144 -0.1816794425 0.9766395092 0.1147513315 0.8732486367 0.2138885856 -0.4378224015
11.5 -40.6 2756.8 -0.4513544142 0.0278229117 -0.8919109106 -0.1499844939 0.9829288721 0.1065623388 0.8796498179 0.1818701923 -0.4394762814
78.6 170.7 2672.1 -0.6917992830 -0.6540439725 -0.3060069084 0.0109312413 0.4142451882 -0.9100996852 0.7220070958 -0.6329513192 -0.2794250250
261.0 167.8 2481.7 -0.5738773346 -0.6540439725 0.4928400218 -0.8168565631 0.4142451882 -0.4014303088 0.0583964549 -0.6329513192 -0.7719860673
-44.7 129.7 2912.2 -0.0531607531 0.2917258441 -0.9550235271 -0.9904873371 0.1061511785 0.0875602439 0.1269204617 0.9505934715 0.2833076715
-58.4 -125.4 2944.9 0.0787980333 0.2931180596 -0.9528235197 -0.9945094585 0.0891355649 -0.0548245758 0.0688603893 0.9519121051 0.2985323966
46.3 -219.7 2642.1 -0.7418725491 0.3376938105 0.5792995691 0.1526511908 0.9262992740 -0.3444812000 -0.6529338956 -0.1671303809 -0.7387453914
-84.8 -579.2 2706.9 -0.7431040406 0.0901649520 0.6630736589 0.1398282200 0.9899292588 0.0220940709 -0.6544038653 0.1091346070 -0.7482280135
-31.6 -245.7 2801.1 -0.5773079991 0.0321206041 0.8158944249 -0.0697333366 0.9936358333 -0.0884597227 -0.8135433197 -0.1079635471 -0.5713940263
-44.1 -631.1 2842.9 -0.5766853094 0.0269950200 0.8165202737 -0.0285804123 0.9981755018 -0.0531862751 -0.8164663315 -0.0540082268 -0.5748615861
410.1 380.0 2466.5 0 0 0 0 0 0 0 0 0
-37.8 -384.8 2962.9 0 0 0 0 0 0 0 0 0
-119.7 -962.5 2664.7 0 0 0 0 0 0 0 0 0
-54.1 -1003.4 2863.1 0 0 0 0 0 0 0 0 0
21.5 340.2 2837.0 1 -0.4352573752 0.0271157920 -0.8998976350 -0.1867497265 0.9750869870 0.1197074577 0.8807244301 0.2201591879 -0.4193499684
16.2 149.9 2794.0 -0.4352573752 0.0271157920 -0.8998976350 -0.1867497265 0.9750869870 0.1197074577 0.8807244301 0.2201591879 -0.4193499684
9.6 -40.5 2757.1 -0.4343326688 0.0338188596 -0.9001174569 -0.1570629478 0.9811427593 0.1126505211 0.8869534135 0.1903029084 -0.4208306670
75.5 171.3 2672.9 -0.6812987328 -0.6462165117 -0.3438550830 0.0463363938 0.4307294786 -0.9012907743 0.7305374742 -0.6299812794 -0.2635121047
253.6 159.2 2481.9 -0.5808937550 -0.6462165117 0.4949411154 -0.8129957914 0.4307294786 -0.3918035030 0.0400041677 -0.6299812794 -0.7755793333
-43.1 128.4 2915.1 -0.0530430935 0.3106349707 -0.9490481019 -0.9914822578 0.0968258753 0.0871070623 0.1189509183 0.9455848336 0.3028531373
-56.8 -127.0 2945.7 0.0777361244 0.3120128512 -0.9468923211 -0.9952705503 0.0797827989 -0.0554183535 0.0582544841 0.9467220902 0.3167392313
46.4 -217.9 2642.8 -0.7517464161 0.3587320447 0.5533431768 0.1668479592 0.9152595401 -0.3666902781 -0.6379961967 -0.1833339185 -0.7478967905
-92.8 -573.0 2713.9 -0.7542673945 0.0654944330 0.6532925367 0.1348340660 0.9892561436 0.0564986877 -0.6425732970 0.1307011992 -0.7549945116
-34.4 -244.7 2800.3 -0.5937540531 0.0188622996 0.8044254780 -0.0758243650 0.9939649701 -0.0792733356 -0.8010660410 -0.1080639139 -0.5887405276
-41.7 -630.4 2842.2 -0.5925883055 0.0371993035 0.8046460748 -0.0117665306 0.9984267354 -0.0548234656 -0.8054195642 -0.0419556387 -0.5912182927
404.7 370.7 2471.5 0 0 0 0 0 0 0 0 0
-36.5 -386.6 2960.9 0 0 0 0 0 0 0 0 0
-118.5 -961.9 2662.6 0 0 0 0 0 0 0 0 0
-55.6 -1002.9 2857.9 0 0 0 0 0 0 0 0 0
21.5 335.1 2838.5 2 -0.4215853512 0.0295669883 -0.9063065648 -0.1842154115 0.9758341312 0.1175264493 0.8878797889 0.2165030539 -0.4059506655
15.7 143.8 2796.0 -0.4215853512 0.0295669883 -0.9063065648 -0.1842154115 0.9758341312 0.1175264493 0.8878797889 0.2165030539 -0.4059506655
9.3 -46.7 2759.2 -0.4207684994 0.0326721892 -0.9065794945 -0.1585288197 0.9813255668 0.1089435443 0.8932090998 0.1895589828 -0.4077314138
73.2 165.4 2674.0 -0.6876435876 -0.6361584663 -0.3499267101 0.0258884784 0.4601706266 -0.8874529600 0.7255867124 -0.6193104386 -0.2999642193
253.7 158.6 2483.6 -0.5987324715 -0.6361584663 0.4866434038 -0.8006975055 0.4601706266 -0.3835707009 0.0200727526 -0.6193104386 -0.7848895788
-41.8 122.1 2918.0 -0.0472434163 0.3239577115 -0.9448912740 -0.9916540384 0.0983913541 0.0833151564 0.1199597120 0.9409413338 0.3166056275
-53.9 -133.4 2948.9 0.0826596990 0.3254227936 -0.9419487119 -0.9949259758 0.0813446492 -0.0592058524 0.0573555529 0.9420632124 0.3304955065
41.9 -216.9 2640.7 -0.7664108276 0.3382473886 0.5460797548 0.1508575380 0.9211304784 -0.3588323891 -0.6243848205 -0.1926327944 -0.7569915652
-89.4 -574.3 2715.5 -0.7669372559 0.0733275265 0.6375188828 0.1440181583 0.9877762198 0.0596401170 -0.6253527403 0.1375545263 -0.7681228518
-35.9 -245.0 2799.5 -0.6052016020 0.0180184878 0.7958682775 -0.0895668268 0.9918547273 -0.0905648693 -0.7910175323 -0.1260934025 -0.5986582041
-42.9 -630.0 2848.5 -0.6047196388 0.0346014947 0.7956864238 0.0083268220 0.9992758632 -0.0371264964 -0.7963948846 -0.0158255808 -0.6045699120
410.2 368.0 2478.4 0 0 0 0 0 0 0 0 0
-32.4 -392.9 2963.9 0 0 0 0 0 0 0 0 0
-118.5 -966.9 2660.8 0 0 0 0 0 0 0 0 0
-55.8 -1002.7 2854.4 0 0 0 0 0 0 0 0 0
20.0 335.0 2838.2 3 -0.4236047864 0.0319994427 -0.9052817225 -0.1704358459 0.9787116647 0.1143463627 0.8896688223 0.2027301341 -0.4091331065
13.7 143.0 2798.4 -0.4236047864 0.0319994427 -0.9052817225 -0.1704358459 0.9787116647 0.1143463627 0.8896688223 0.2027301341 -0.4091331065
6.8 -48.0 2764.4 -0.4227063954 0.0354934931 -0.9055714011 -0.1443118155 0.9838466644 0.1059239283 0.8947029710 0.1754593700 -0.4107561111
71.4 162.7 2676.2 -0.6914374232 -0.6375575662 -0.3397566974 0.0054088626 0.4657111764 -0.8849202394 0.7224161029 -0.6137046814 -0.3185616732
257.2 161.2 2482.2 -0.5909110308 -0.6375575662 0.4943121374 -0.8067349792 0.4657111764 -0.3637193441 0.0016853277 -0.6137046814 -0.7895338535
-44.0 123.3 2920.6 -0.0505592115 0.3227596581 -0.9451296329 -0.9896639585 0.1109682247 0.0908369496 0.1341978610 0.9399533272 0.3138131201
-57.1 -131.7 2955.2 0.0794612765 0.3241695762 -0.9426558018 -0.9942449331 0.0939367414 -0.0515061207 0.0718533024 0.9413235188 0.3297683001
40.7 -223.0 2642.4 -0.7626255155 0.3336870670 0.5541257262 0.1505331993 0.9247009158 -0.3496684432 -0.6290803552 -0.1832517534 -0.7554314733
-88.8 -581.9 2713.6 -0.7632168531 0.0776690990 0.6414573789 0.1432739794 0.9883787036 0.0507946983 -0.6300576329 0.1306715161 -0.7654752731
-34.7 -251.4 2802.4 -0.6036359668 0.0265791398 0.7968168855 -0.0752312094 0.9930855632 -0.0901181027 -0.7937026620 -0.1143440232 -0.5974625945
-45.0 -636.8 2846.8 -0.6032398939 0.0238185860 0.7972040772 -0.0202389639 0.9987749457 -0.0451557599 -0.7973029613 -0.0433743410 -0.6020187736
413.1 374.1 2481.7 0 0 0 0 0 0 0 0 0
-36.3 -391.1 2973.9 0 0 0 0 0 0 0 0 0
-118.9 -964.3 2663.0 0 0 0 0 0 0 0 0 0
-53.9 -1009.4 2863.0 0 0 0 0 0 0 0 0 0
23.6 335.8 2827.6 4 -0.4144423902 0.0409199819 -0.9091551304 -0.1424175352 0.9837645292 0.1091997251 0.8988630176 0.1747366339 -0.4018860161
15.6 143.1 2793.4 -0.4144423902 0.0409199819 -0.9091551304 -0.1424175352 0.9837645292 0.1091997251 0.8988630176 0.1747366339 -0.4018860161
6.8 -48.6 2764.8 -0.4132759869 0.0451698266 -0.9094848037 -0.1157013699 0.9880692363 0.1016482189 0.9032254219 0.1472374052 -0.4031190574
72.0 158.9 2670.0 -0.7005990148 -0.6310526729 -0.3330669403 -0.0005726800 0.4672682285 -0.8841153979 0.7135549784 -0.6192196608 -0.3277290165
255.3 159.0 2483.4 -0.6019729972 -0.6310526729 0.4892862439 -0.7984411120 0.4672682285 -0.3796737790 0.0109662404 -0.6192196608 -0.7851412296
-40.8 127.3 2916.7 -0.0564503931 0.3346315622 -0.9406567216 -0.9850635529 0.1348430067 0.1070847064 0.1626749039 0.9326516390 0.3220213950
-55.4 -126.4 2958.6 0.0728257820 0.3359277546 -0.9390681386 -0.9924194217 0.1178674847 -0.0347991325 0.0989956036 0.9344837070 0.3419650197
37.7 -226.0 2650.2 -0.7607362270 0.3319680095 0.5577433705 0.1610617787 0.9289808869 -0.3332471550 -0.6287603378 -0.1636820287 -0.7601767182
-91.1 -586.6 2713.7 -0.7624912262 0.0711858794 0.6430705190 0.1392953694 0.9886820316 0.0557190701 -0.6318258643 0.1320620477 -0.7637772560
-38.0 -251.9 2810.5 -0.6130332351 0.0087317666 0.7900088429 -0.0713875294 0.9952363968 -0.0663955882 -0.7868252993 -0.0970994830 -0.6094896793
-41.4 -638.1 2848.1 -0.6111193299 0.0486001410 0.7900450826 0.0006648442 0.9981444478 -0.0608872324 -0.7915382385 -0.0366841070 -0.6100176573
415.3 371.3 2480.5 0 0 0 0 0 0 0 0 0
-36.4 -385.2 2984.4 0 0 0 0 0 0 0 0 0
-118.2 -963.3 2663.4 0 0 0 0 0 0 0 0 0
-59.5 -1010.4 2861.8 0 0 0 0 0 0 0 0 0
25.4 337.1 2823.8 5 -0.4070620835 0.0487947464 -0.9120962620 -0.1284556985 0.9855896235 0.1100553200 0.9043227434 0.1619633138 -0.3949282169
15.9 144.0 2792.0 -0.4070620835 0.0487947464 -0.9120962620 -0.1284556985 0.9855896235 0.1100553200 0.9043227434 0.1619633138 -0.3949282169
6.0 -48.1 2766.0 -0.4057356417 0.0510763861 -0.9125621915 -0.1022216156 0.9896374345 0.1008392125 0.9082562327 0.1341976523 -0.3963100612
71.3 157.9 2668.0 -0.7007656097 -0.6274186373 -0.3395193517 0.0027585616 0.4735360742 -0.8807700872 0.7133862376 -0.6181499958 -0.3301070333
251.7 157.2 2484.3 -0.6125019193 -0.6274186373 0.4808193147 -0.7903016210 0.4735360742 -0.3888276815 0.0162724424 -0.6181499958 -0.7858917117
-39.5 130.0 2916.1 -0.0595841892 0.3435623944 -0.9372377396 -0.9826297164 0.1451209337 0.1156667992 0.1757515818 0.9278495312 0.3289476931
-54.9 -123.1 2961.3 0.0690698102 0.3447963595 -0.9361329079 -0.9914147854 0.1281540692 -0.0259469319 0.1110228300 0.9298881888 0.3506878018
35.1 -230.0 2655.4 -0.7607462406 0.3249707520 0.5618354678 0.1702329963 0.9352256656 -0.3104411662 -0.6263272762 -0.1405240148 -0.7667901516
-91.0 -592.9 2709.9 -0.7637127638 0.0740888342 0.6412906051 0.1366124600 0.9894424677 0.0483806320 -0.6309356689 0.1245571971 -0.7657713294
-38.9 -250.7 2817.1 -0.6203389764 -0.0007071160 0.7843335271 -0.0760442019 0.9953426719 -0.0592469387 -0.7806387544 -0.0963972062 -0.6175036430
-38.6 -637.0 2854.5 -0.6172401309 0.0623691268 0.7842988372 0.0124322278 0.9975017309 -0.0695393607 -0.7866765857 -0.0331719033 -0.6164734960
415.9 369.0 2479.9 0 0 0 0 0 0 0 0 0
-36.9 -381.7 2990.3 0 0 0 0 0 0 0 0 0
-118.8 -964.1 2663.2 0 0 0 0 0 0 0 0 0
-61.9 -1009.2 2866.9 0 0 0 0 0 0 0 0 0
27.8 335.0 2831.4 6 -0.4009378850 0.0569576360 -0.9143328667 -0.1375700086 0.9830043316 0.1215603575 0.9057170153 0.1745229363 -0.3862880170
16.7 142.5 2797.2 -0.4009378850 0.0569576360 -0.9143328667 -0.1375700086 0.9830043316 0.1215603575 0.9057170153 0.1745229363 -0.3862880170
5.4 -49.2 2768.9 -0.3993648589 0.0581863001 -0.9149437547 -0.1106482819 0.9876297116 0.1111057997 0.9100904465 0.1456087083 -0.3879863918
71.2 157.6 2672.9 -0.6887831092 -0.6329668164 -0.3534556329 0.0069469539 0.4817618728 -0.8762746453 0.7249342203 -0.6060186028 -0.3274322450
248.2 155.8 2486.6 -0.6208186150 -0.6329668164 0.4625335336 -0.7835380435 0.4817618728 -0.3923947513 0.0255418345 -0.6060186028 -0.7950403094
-37.9 127.3 2921.5 -0.0643840209 0.3515653610 -0.9339467287 -0.9842789769 0.1318714023 0.1174941212 0.1644677222 0.9268288612 0.3375479579
-54.5 -126.2 2963.9 0.0637091994 0.3527094126 -0.9335615635 -0.9930822849 0.1148628592 -0.0243746825 0.0986343697 0.9286563396 0.3575873077
32.4 -231.0 2658.6 -0.7656967640 0.3280973732 0.5532274842 0.1788633615 0.9348037243 -0.3068386316 -0.6178320050 -0.1359932125 -0.7744607329
-94.9 -593.8 2711.4 -0.7698580027 0.0665718615 0.6347336769 0.1307562739 0.9899005294 0.0547698140 -0.6246771216 0.1251603961 -0.7707875371
-40.2 -249.3 2821.3 -0.6268406510 0.0035655268 0.7791393399 -0.0788260847 0.9945685863 -0.0679692999 -0.7751498222 -0.1040224209 -0.6231549382
-41.6 -635.3 2861.7 -0.6255831718 0.0463588685 0.7787789106 0.0332064889 0.9989105463 -0.0327884369 -0.7794504762 0.0053486191 -0.6264410019
416.1 367.6 2479.7 0 0 0 0 0 0 0 0 0
-37.9 -385.2 2989.6 0 0 0 0 0 0 0 0 0
-119.5 -959.7 2665.2 0 0 0 0 0 0 0 0 0
-58.9 -1007.8 2859.7 0 0 0 0 0 0 0 0 0
27.6 335.1 2835.7 7 -0.3958200514 0.0568212830 -0.9165685177 -0.1452456117 0.9816474319 0.1235800534 0.9067690969 0.1820430160 -0.3803026974
16.5 142.9 2800.0 -0.3958200514 0.0568212830 -0.9165685177 -0.1452456117 0.9816474319 0.1235800534 0.9067690969 0.1820430160 -0.3803026974
5.3 -48.5 2769.9 -0.3943769038 0.0576019958 -0.9171416759 -0.1204268336 0.9861868620 0.1137227714 0.9110237360 0.1552980989 -0.3819924891
70.3 159.3 2675.6 -0.6782887578 -0.6381974220 -0.3641818762 0.0138367061 0.4844420552 -0.8747138977 0.7346652150 -0.5983476639 -0.3197610378
243.9 155.8 2487.6 -0.6313790083 -0.6381974220 0.4405276477 -0.7740657926 0.4844420552 -0.4076003432 0.0467193648 -0.5983476639 -0.7998733521
-37.4 126.4 2924.5 -0.0621894002 0.3562957942 -0.9323013425 -0.9859862328 0.1229500771 0.1127580553 0.1548017412 0.9262486696 0.3436565697
