20.4 340.6 2833.3 4 -0.3818905056 0.0423584431 -0.9232363701 -0.1521548778 0.9824368954 0.1080124229 0.9115967155 0.1817238331 -0.3687382638
12.1 148.1 2797.7 -0.3818905056 0.0423584431 -0.9232363701 -0.1521548778 0.9824368954 0.1080124229 0.9115967155 0.1817238331 -0.3687382638
3.5 -43.4 2767.1 -0.3808711171 0.0444449857 -0.9235593081 -0.1290322989 0.9865154624 0.1006869227 0.9155806303 0.1575177312 -0.3700004220
64.1 165.7 2672.7 -0.6920903921 -0.6007322669 -0.4001645148 0.0588097125 0.5056170821 -0.8607512712 0.7194110751 -0.6192512512 -0.3146038353
240.5 150.7 2489.3 -0.6653347611 -0.6007322669 0.4432272315 -0.7456464767 0.5056170821 -0.4340077341 0.0366192050 -0.6192512512 -0.7843385339
-39.9 130.5 2922.7 -0.0448600166 0.3661169112 -0.9294869304 -0.9872735143 0.1258531362 0.0972214490 0.1525732726 0.9220191836 0.3558117449
-51.5 -123.8 2962.0 0.0821390897 0.3675784469 -0.9263580441 -0.9930452704 0.1088519171 -0.0448597781 0.0843463615 0.9236001968 0.3739630282
30.1 -228.1 2655.7 -0.7820895910 0.3202446103 0.5345832705 0.1656430215 0.9338226318 -0.3170768619 -0.6007481217 -0.1594325155 -0.7833791971
-94.2 -590.5 2717.6 -0.7843906879 0.0646185651 0.6168919206 0.1359493136 0.9882861972 0.0693407282 -0.6051850915 0.1382562518 -0.7839874029
-38.8 -249.3 2819.6 -0.6396762133 0.0179479457 0.7684348822 -0.0882195756 0.9914066195 -0.0965933204 -0.7635650635 -0.1295794547 -0.6325958967
-45.7 -633.9 2869.9 -0.6428781152 0.0253375899 0.7655493021 0.0583189130 0.9981707931 0.0159371980 -0.7637451291 0.0548916794 -0.6431798339
427.8 360.6 2479.0 0 0 0 0 0 0 0 0 0
-30.0 -382.8 2984.0 0 0 0 0 0 0 0 0 0
-118.5 -962.2 2665.6 0 0 0 0 0 0 0 0 0
-55.2 -1006.2 2849.4 0 0 0 0 0 0 0 0 0
18.7 335.2 2825.6 5 -0.4128927290 0.0360295624 -0.9100667238 -0.1333482116 0.9860580564 0.0995374694 0.9009649754 0.1624540687 -0.4023317397
11.6 141.6 2793.8 -0.4128927290 0.0360295624 -0.9100667238 -0.1333482116 0.9860580564 0.0995374694 0.9009649754 0.1624540687 -0.4023317397
4.6 -50.2 2765.2 -0.4123901129 0.0358310267 -0.9103024602 -0.1195381433 0.9884585142 0.0930611938 0.9031306505 0.1471933872 -0.4033473432
67.9 158.0 2670.5 -0.6897913218 -0.6092092991 -0.3912185133 0.0258387756 0.5192924142 -0.8542059064 0.7235469818 -0.5993324518 -0.3424622118
241.2 151.5 2488.7 -0.6686573029 -0.6092092991 0.4263348579 -0.7426903844 0.5192924142 -0.4227840304 0.0361715071 -0.5993324518 -0.7996826172
-44.7 125.3 2917.0 -0.0474216193 0.3331122696 -0.9416939020 -0.9855443239 0.1379039437 0.0984116048 0.1626454145 0.9327479601 0.3217572868
-56.9 -128.6 2958.9 0.0818388760 0.3345634341 -0.9388129115 -0.9917136431 0.1209316850 -0.0433541201 0.0990275219 0.9345816374 0.3416880369
29.1 -223.2 2654.6 -0.7608417869 0.3246639669 0.5618835092 0.1562890112 0.9320405722 -0.3269161284 -0.6298360825 -0.1609152555 -0.7598768473
-97.0 -585.0 2717.0 -0.7627506852 0.0562741756 0.6442395449 0.1281980872 0.9895938039 0.0653399751 -0.6338585615 0.1324283928 -0.7620276213
-39.2 -246.3 2818.5 -0.6114515066 0.0206124652 0.7910134196 -0.0629154816 0.9952293038 -0.0745675042 -0.7887766957 -0.0953614041 -0.6072375774
-47.2 -632.4 2855.5 -0.6115835309 0.0199030004 0.7909294963 0.0081634838 0.9997890592 -0.0188463703 -0.7911377549 -0.0050693904 -0.6116170287
429.8 361.0 2478.5 0 0 0 0 0 0 0 0 0
-35.6 -387.3 2984.8 0 0 0 0 0 0 0 0 0
-118.4 -962.8 2666.5 0 0 0 0 0 0 0 0 0
-54.6 -1004.8 2857.4 0 0 0 0 0 0 0 0 0
17.6 339.9 2821.8 6 -0.4276971817 0.0340926573 -0.9032789469 -0.1172064021 0.9887608290 0.0928155482 0.8962911367 0.1455670148 -0.4188943505
10.9 145.8 2793.2 -0.4276971817 0.0340926573 -0.9032789469 -0.1172064021 0.9887608290 0.0928155482 0.8962911367 0.1455670148 -0.4188943505
3.9 -46.6 2768.6 -0.4270789325 0.0355716161 -0.9035143852 -0.0996339470 0.9912900329 0.0861229748 0.8987083435 0.1268020123 -0.4198149443
69.2 159.4 2670.5 -0.6810383797 -0.6131163239 -0.4003437459 0.0341527276 0.5195412040 -0.8537625670 0.7314508557 -0.5951179266 -0.3328878880
240.9 150.8 2486.1 -0.6673012972 -0.6131163239 0.4228443801 -0.7438111305 0.5195412040 -0.4205020368 0.0381316058 -0.5951179266 -0.8027332425
-47.5 132.2 2915.9 -0.0522552468 0.3183968663 -0.9465161562 -0.9817844033 0.1569952369 0.1070136800 0.1826713532 0.9348667860 0.3043932319
-60.9 -120.7 2963.0 0.0780398697 0.3197804391 -0.9442723393 -0.9895461202 0.1400668621 -0.0343475118 0.1212776005 0.9370815158 0.3273682892
34.6 -231.3 2655.8 -0.7460190654 0.3331149518 0.5766194463 0.1562877595 0.9292910695 -0.3346524537 -0.6473249793 -0.1595385522 -0.7453306317
-94.7 -592.1 2717.8 -0.7474123836 0.0651817024 0.6611551046 0.1372773647 0.9888507128 0.0576987453 -0.6500228643 0.1338863820 -0.7480272651
-39.2 -252.8 2817.5 -0.5984618664 0.0187774226 0.8009312153 -0.0604980737 0.9958115816 -0.0685509145 -0.7988638282 -0.0894799009 -0.5948193073
-46.5 -639.2 2852.2 -0.5982995629 0.0221417900 0.8009665012 0.0051803659 0.9997041225 -0.0237660725 -0.8012557626 -0.0100699319 -0.5982372761
428.8 360.3 2475.4 0 0 0 0 0 0 0 0 0
-40.6 -378.8 2994.6 0 0 0 0 0 0 0 0 0
-119.2 -963.5 2667.5 0 0 0 0 0 0 0 0 0
-54.8 -1012.0 2856.0 0 0 0 0 0 0 0 0 0
18.4 333.9 2819.9 7 -0.4113938212 0.0359743498 -0.9107474685 -0.1134568602 0.9894279838 0.0903318152 0.9043686390 0.1404924989 -0.4029630125
11.3 139.5 2792.3 -0.4113938212 0.0359743498 -0.9107474685 -0.1134568602 0.9894279838 0.0903318152 0.9043686390 0.1404924989 -0.4029630125
4.1 -53.1 2769.2 -0.4106551409 0.0369449556 -0.9110419154 -0.0933830589 0.9922204614 0.0823296607 0.9069961309 0.1188849807 -0.4040104151
67.4 152.3 2668.4 -0.6893736720 -0.6185504198 -0.3770401776 0.0049725762 0.5164290667 -0.8563155532 0.7243888378 -0.5921962261 -0.3529368043
240.6 151.0 2486.5 -0.6689183116 -0.6185504198 0.4122422338 -0.7415116429 0.5164290667 -0.4283241034 0.0520461947 -0.5921962261 -0.8041111827
-44.8 126.7 2916.1 -0.0478590317 0.3351182044 -0.9409597516 -0.9804697037 0.1641464382 0.1083285287 0.1907580644 0.9277670979 0.3207173645
-57.1 -125.9 2965.3 0.0813032687 0.3365612030 -0.9381451607 -0.9885573387 0.1472239196 -0.0328553505 0.1270595640 0.9300815463 0.3446798325
35.2 -230.0 2663.6 -0.7484044433 0.3380713761 0.5706124306 0.1769970208 0.9309402704 -0.3194092512 -0.6391891837 -0.1380506158 -0.7565574646
-96.0 -591.3 2717.2 -0.7515673637 0.0605635382 0.6568702459 0.1360654235 0.9885958433 0.0645324811 -0.6454709172 0.1378778368 -0.7512369752
-41.3 -247.9 2824.5 -0.6125801802 0.0208046623 0.7901345491 -0.0570073649 0.9958871603 -0.0704192445 -0.7883499265 -0.0881809220 -0.6088747382
-49.3 -634.4 2858.7 -0.6137168407 0.0096686836 0.7894669771 0.0215867739 0.9997566938 0.0045370311 -0.7892310619 0.0198264979 -0.6137762666
429.1 360.0 2471.8 0 0 0 0 0 0 0 0 0
-35.9 -383.7 2998.4 0 0 0 0 0 0 0 0 0
-118.9 -965.9 2664.9 0 0 0 0 0 0 0 0 0
-52.9 -1007.2 2851.3 0 0 0 0 0 0 0 0 0
18.0 333.6 2818.9 8 -0.4194418192 0.0393755399 -0.9069278836 -0.1072022617 0.9899194837 0.0925583318 0.9014301300 0.1360475570 -0.4109924734
10.2 138.9 2792.2 -0.4194418192 0.0393755399 -0.9069278836 -0.1072022617 0.9899194837 0.0925583318 0.9014301300 0.1360475570 -0.4109924734
2.2 -53.8 2770.1 -0.4185914397 0.0410635583 -0.9072458148 -0.0862434730 0.9926652908 0.0847214162 0.9040703773 0.1137076914 -0.4119797349
67.4 150.7 2668.7 -0.6888371706 -0.6223592758 -0.3717153072 -0.0023780931 0.5147073865 -0.8573626280 0.7249121666 -0.5896992683 -0.3560296297
240.4 151.3 2486.6 -0.6698315144 -0.6223592758 0.4049625099 -0.7400003076 0.5147073865 -0.4329848289 0.0610349216 -0.5896992683 -0.8053132892
-47.0 127.1 2915.7 -0.0544726215 0.3282997608 -0.9430015683 -0.9791346192 0.1676038355 0.1149100214 0.1957756132 0.9295849800 0.3123198450
-61.0 -125.2 2966.1 0.0751780197 0.3296372294 -0.9411097765 -0.9882360697 0.1506815255 -0.0261642057 0.1331831664 0.9320055842 0.3370873332
33.7 -237.3 2664.9 -0.7404518127 0.3396259248 0.5799874067 0.1819826663 0.9320106506 -0.3134302497 -0.6470034122 -0.1265323311 -0.7519149780
-98.1 -599.1 2714.1 -0.7445611358 0.0582858138 0.6650048494 0.1299714446 0.9897745252 0.0587693118 -0.6547794342 0.1301889867 -0.7445231676
-39.8 -254.0 2827.4 -0.6060165763 0.0331789479 0.7947597504 -0.0472876541 0.9958600402 -0.0776318759 -0.7940452099 -0.0846285298 -0.6019387245
-52.7 -640.6 2860.2 -0.6070848107 -0.0027776861 0.7946321964 0.0076253242 0.9999274611 0.0093209203 -0.7946004272 0.0117179174 -0.6070196033
429.4 360.0 2469.4 0 0 0 0 0 0 0 0 0
-41.4 -382.9 3000.8 0 0 0 0 0 0 0 0 0
-119.6 -963.9 2666.1 0 0 0 0 0 0 0 0 0
-51.7 -1013.6 2855.9 0 0 0 0 0 0 0 0 0
17.8 335.3 2818.9 9 -0.4149621427 0.0434335656 -0.9088013768 -0.1056060418 0.9898092151 0.0955252200 0.9036889672 0.1356142610 -0.4061464965
9.3 140.9 2792.3 -0.4149621427 0.0434335656 -0.9088013768 -0.1056060418 0.9898092151 0.0955252200 0.9036889672 0.1356142610 -0.4061464965
0.8 -51.8 2770.7 -0.4139917195 0.0433174185 -0.9092493653 -0.0834275633 0.9928575754 0.0852861181 0.9064494967 0.1111642122 -0.4074209332
65.8 152.3 2668.5 -0.6946834922 -0.6144233942 -0.3740303516 -0.0068365959 0.5255971551 -0.8507061005 0.7192830443 -0.5884144306 -0.3693242371
241.3 154.0 2486.8 -0.6747036576 -0.6144233942 0.4089729786 -0.7366195917 0.5255971551 -0.4256045222 0.0465463325 -0.5884144306 -0.8072186112
-47.3 129.5 2916.1 -0.0550565757 0.3334481120 -0.9411594272 -0.9785770178 0.1692579538 0.1172127053 0.1983830780 0.9274502993 0.3169859052
-61.5 -122.6 2967.3 0.0742549673 0.3347708583 -0.9393693209 -0.9880419970 0.1523350775 -0.0238135103 0.1351268291 0.9299045801 0.3420793116
31.8 -238.7 2667.1 -0.7422139645 0.3463938534 0.5736982822 0.1852724850 0.9287530780 -0.3210791051 -0.6440438628 -0.1320188791 -0.7535107732
-102.7 -599.3 2718.3 -0.7458250523 0.0429979041 0.6647527218 0.1297594607 0.9881765842 0.0816669613 -0.6533815861 0.1471672207 -0.7425862551
-43.2 -254.2 2829.0 -0.6099486947 0.0192941781 0.7922059894 -0.0370321572 0.9979173541 -0.0528167039 -0.7915751338 -0.0615525767 -0.6079638600
-50.7 -641.4 2852.9 -0.6100096703 0.0058438578 0.7923724055 -0.0103852591 0.9998279810 -0.0153689859 -0.7923259139 -0.0176042225 -0.6098440289
430.7 360.8 2473.7 0 0 0 0 0 0 0 0 0
-42.1 -380.4 3002.5 0 0 0 0 0 0 0 0 0
-118.7 -965.9 2663.7 0 0 0 0 0 0 0 0 0
-52.9 -1014.4 2859.5 0 0 0 0 0 0 0 0 0
15.8 336.0 2819.0 0 -0.4303350449 0.0348302275 -0.9019970298 -0.1052758694 0.9904995561 0.0884739310 0.8965091705 0.1330319494 -0.4225798845
8.9 141.2 2792.8 -0.4303350449 0.0348302275 -0.9019970298 -0.1052758694 0.9904995561 0.0884739310 0.8965091705 0.1330319494 -0.4225798845
1.8 -51.6 2771.7 -0.4295152426 0.0366056412 -0.9023174047 -0.0825081393 0.9934083223 0.0795760453 0.8992825150 0.1086276546 -0.4236637354
67.6 152.5 2670.0 -0.6851503849 -0.6205178499 -0.3814793229 0.0014041231 0.5225950480 -0.8525798917 0.7284002900 -0.5846810937 -0.3571849167
239.7 152.1 2487.1 -0.6728011966 -0.6205178499 0.4028598964 -0.7378073931 0.5225950480 -0.4272407293 0.0545779169 -0.5846810937 -0.8094252944
-49.7 129.9 2915.6 -0.0538878031 0.3162230253 -0.9471531510 -0.9781818986 0.1738727689 0.1137035191 0.2006398141 0.9326152802 0.2999540269
-63.6 -122.1 2967.3 0.0765478835 0.3175825477 -0.9451358318 -0.9872291684 0.1569648832 -0.0272140745 0.1397104263 0.9351488352 0.3255420625
29.5 -237.1 2668.0 -0.7325656414 0.3409200609 0.5891698599 0.1770188957 0.9311736822 -0.3187159598 -0.6572761536 -0.1291861534 -0.7424951196
-102.8 -598.6 2718.1 -0.7353178859 0.0399060622 0.6765464544 0.1298827678 0.9880589843 0.0828850418 -0.6651601791 0.1488185823 -0.7317205667
-44.7 -252.0 2830.4 -0.5959305167 -0.0018198281 0.8030339479 -0.0751052126 0.9957405329 -0.0534789525 -0.7995160818 -0.0921817794 -0.5935288668
-43.9 -638.3 2866.1 -0.5962184072 0.0379945263 0.8019226789 0.0592419282 0.9982383847 -0.0032502660 -0.8006334901 0.0455695800 -0.5974189639
429.0 359.7 2471.7 0 0 0 0 0 0 0 0 0
-43.6 -379.7 3003.8 0 0 0 0 0 0 0 0 0
-117.6 -965.1 2662.9 0 0 0 0 0 0 0 0 0
-58.1 -1009.8 2849.2 0 0 0 0 0 0 0 0 0
13.2 335.1 2819.5 1 -0.4268420935 0.0282023754 -0.9038863182 -0.1118210033 0.9901970625 0.0837005973 0.8973861337 0.1368004084 -0.4195041656
7.7 140.6 2792.6 -0.4268420935 0.0282023754 -0.9038863182 -0.1118210033 0.9901970625 0.0837005973 0.8973861337 0.1368004084 -0.4195041656
1.7 -52.2 2770.6 -0.4261853099 0.0306836292 -0.9041153789 -0.0897011310 0.9930658937 0.0759860650 0.9001776576 0.1134843156 -0.4204777479
65.9 152.8 2669.6 -0.6876825094 -0.6191455722 -0.3791458011 0.0083048102 0.5154884458 -0.8568562865 0.7259640694 -0.5923938155 -0.3493504822
239.0 150.7 2486.9 -0.6704553366 -0.6191455722 0.4088378549 -0.7397562265 0.5154884458 -0.4324724376 0.0570122227 -0.5923938155 -0.8036287427
-50.5 128.3 2915.6 -0.0470901914 0.3180227876 -0.9469128847 -0.9794921875 0.1712130457 0.1062126458 0.1959018707 0.9324953556 0.3034383655
-62.6 -124.1 2966.0 0.0832224935 0.3194971979 -0.9439256191 -0.9874099493 0.1542998701 -0.0348293781 0.1345197111 0.9349401593 0.3283159435
33.2 -237.0 2670.1 -0.7343323827 0.3447611630 0.5847184658 0.1794378757 0.9293645620 -0.3226198256 -0.6546434164 -0.1319895387 -0.7443256974
-100.6 -597.8 2721.3 -0.7369706631 0.0477957986 0.6742327809 0.1383465677 0.9870455265 0.0812489912 -0.6616150737 0.1531559080 -0.7340359688
-43.7 -251.8 2831.2 -0.5979570150 0.0069697713 0.8014978766 -0.0387447812 0.9985418916 -0.0375887752 -0.8005911708 -0.0535303317 -0.5968151093
-46.4 -639.0 2852.0 -0.5975117683 0.0231385920 0.8015262485 -0.0029972440 0.9995121360 -0.0310884304 -0.8018545508 -0.0209780727 -0.5971509218
427.8 359.0 2470.8 0 0 0 0 0 0 0 0 0
-40.9 -381.6 3001.1 0 0 0 0 0 0 0 0 0
-118.6 -968.1 2663.9 0 0 0 0 0 0 0 0 0
-55.1 -1010.8 2859.8 0 0 0 0 0 0 0 0 0
13.4 334.9 2808.2 2 -0.4270706177 0.0347396694 -0.9035506845 -0.0775847435 0.9941686988 0.0748948082 0.9008836150 0.1020871177 -0.4218849540
6.6 139.2 2788.1 -0.4270706177 0.0347396694 -0.9035506845 -0.0775847435 0.9941686988 0.0748948082 0.9008836150 0.1020871177 -0.4218849540
1.0 -54.0 2771.1 -0.4267241061 0.0290969945 -0.9039136767 -0.0667835474 0.9957396984 0.0635803863 0.9019126892 0.0874978453 -0.4229629338
64.9 148.3 2664.9 -0.6986894011 -0.6180068851 -0.3604172468 -0.0140939215 0.5155727267 -0.8567298651 0.7152862549 -0.5935084224 -0.3689353466
238.2 151.8 2487.5 -0.6733109951 -0.6180068851 0.4058568776 -0.7368367910 0.5155727267 -0.4373285770 0.0610233396 -0.5935084224 -0.8025109768
-51.7 130.1 2911.3 -0.0457762592 0.3170641661 -0.9472987056 -0.9741030931 0.1960253567 0.1126818955 0.2214219570 0.9279247522 0.2998798788
-63.5 -120.8 2968.3 0.0846458599 0.3185619116 -0.9441151023 -0.9834234715 0.1791945249 -0.0277065504 0.1603540033 0.9308102131 0.3284493387
34.0 -236.9 2667.9 -0.7274262905 0.3466271460 0.5921998620 0.1791058481 0.9290267825 -0.3237751722 -0.6623987556 -0.1294561028 -0.7378814220
-100.6 -597.6 2718.2 -0.7304405570 0.0488951281 0.6812238097 0.1338809282 0.9883334041 0.0726154447 -0.6697257161 0.1442441493 -0.7284649014
-43.6 -252.6 2835.9 -0.5971460938 0.0154433977 0.8019838333 -0.0461898409 0.9974936247 -0.0536005497 -0.8008015156 -0.0690508634 -0.5949360728
-49.6 -638.4 2862.7 -0.5973469019 0.0175576918 0.8017907143 -0.0559601746 0.9964109659 -0.0635107309 -0.8000282049 -0.0828062892 -0.5942205191
427.1 358.5 2470.4 0 0 0 0 0 0 0 0 0
-41.4 -377.3 3010.2 0 0 0 0 0 0 0 0 0
-118.8 -965.9 2664.4 0 0 0 0 0 0 0 0 0
-56.1 -1009.0 2893.5 0 0 0 0 0 0 0 0 0
13.7 329.9 2813.6 3 -0.4504646957 0.0302141644 -0.8922828436 -0.0788590610 0.9941743016 0.0734759942 0.8893046975 0.1034629345 -0.4454577565
7.7 133.8 2793.2 -0.4504646957 0.0302141644 -0.8922828436 -0.0788590610 0.9941743016 0.0734759942 0.8893046975 0.1034629345 -0.4454577565
2.5 -59.5 2776.4 -0.4500743747 0.0269986521 -0.8925828338 -0.0652824938 0.9958735108 0.0630408898 0.8906016350 0.0866431221 -0.4464546144
69.2 142.7 2671.6 -0.6734392047 -0.6367474794 -0.3755426705 -0.0301924478 0.5312775373 -0.8466596603 0.7386258245 -0.5588352680 -0.3770080507
238.8 150.3 2485.5 -0.6693940759 -0.6367474794 0.3827064633 -0.7405886650 0.5312775373 -0.4114275873 0.0586521402 -0.5588352680 -0.8272019625
-53.8 124.9 2914.8 -0.0516967699 0.2928311527 -0.9547656178 -0.9737591743 0.1973924339 0.1132663935 0.2216314375 0.9355672598 0.2749424577
-67.1 -126.0 2971.9 0.0802072138 0.2942494154 -0.9523571134 -0.9831922054 0.1805636585 -0.0270154532 0.1640118062 0.9385169148 0.3037862480
33.5 -241.2 2673.4 -0.7076256871 0.3465797901 0.6157501936 0.1842307150 0.9317975044 -0.3127498627 -0.6821473241 -0.1078697369 -0.7232145071
-101.0 -602.9 2715.3 -0.7112266421 0.0512487590 0.7010921836 0.1332707852 0.9890818596 0.0628968850 -0.6902141571 0.1381690353 -0.7102913260
-43.5 -253.0 2838.3 -0.5760655999 0.0119157080 0.8173165917 -0.0448479950 0.9979268312 -0.0461588465 -0.8161722422 -0.0632455349 -0.5743369460
-48.2 -639.7 2862.8 -0.5756779909 0.0213016439 0.8173989654 -0.0125991842 0.9993108511 -0.0349156745 -0.8175794482 -0.0303987470 -0.5750128627
426.7 358.2 2469.1 0 0 0 0 0 0 0 0 0
-46.2 -382.4 3014.7 0 0 0 0 0 0 0 0 0
-119.9 -967.6 2664.3 0 0 0 0 0 0 0 0 0
-56.1 -1011.6 2874.1 0 0 0 0 0 0 0 0 0
15.4 330.3 2815.3 4 -0.4408018589 0.0367101096 -0.8968534470 -0.0836188719 0.9931389093 0.0817498043 0.8937010765 0.1110293344 -0.4347078204
8.2 134.5 2793.4 -0.4408018589 0.0367101096 -0.8968534470 -0.0836188719 0.9931389093 0.0817498043 0.8937010765 0.1110293344 -0.4347078204
1.3 -58.7 2775.7 -0.4401780069 0.0352877527 -0.8972168565 -0.0663893968 0.9952133894 0.0717128664 0.8954528570 0.0911321118 -0.4357283115
68.3 143.6 2671.1 -0.6735273004 -0.6391211152 -0.3713289201 -0.0286849663 0.5245863199 -0.8508738875 0.7386054993 -0.5624352694 -0.3716563582
237.8 150.8 2485.2 -0.6712591052 -0.6391211152 0.3754136860 -0.7374199033 0.5245863199 -0.4254657030 0.0749872252 -0.5624352694 -0.8234339952
-52.0 125.4 2915.7 -0.0562603325 0.3051045835 -0.9506555200 -0.9744201303 0.1907192767 0.1188764125 0.2175780833 0.9330258965 0.2865701020
-66.5 -125.6 2971.8 0.0748965964 0.3064340949 -0.9489408135 -0.9845342040 0.1738603413 -0.0215624869 0.1583756953 0.9358796477 0.3147163987
37.5 -246.9 2679.8 -0.7114920616 0.3562880754 0.6056714058 0.1996208429 0.9288980961 -0.3119292855 -0.6737437248 -0.1010305658 -0.7320261002
-100.8 -607.5 2719.0 -0.7159711719 0.0516045317 0.6962199807 0.1396527886 0.9876943827 0.0704057068 -0.6840193272 0.1476375163 -0.7143673897
-43.4 -258.5 2841.0 -0.5859096050 0.0106970416 0.8103057742 -0.0436178409 0.9980471730 -0.0447143093 -0.8092017174 -0.0615423322 -0.5842988491
-47.5 -645.7 2864.9 -0.5857139826 0.0204868205 0.8102588654 0.0148777002 0.9997838140 -0.0145241413 -0.8103812337 0.0035477956 -0.5858921409
425.6 357.1 2464.2 0 0 0 0 0 0 0 0 0
-46.9 -382.5 3013.1 0 0 0 0 0 0 0 0 0
-119.4 -964.7 2665.6 0 0 0 0 0 0 0 0 0
-55.2 -1018.1 2863.6 0 0 0 0 0 0 0 0 0
15.0 332.4 2818.1 5 -0.4297911525 0.0353630558 -0.9022355676 -0.0916813612 0.9923592806 0.0825690106 0.8982617259 0.1182056144 -0.4232650995
8.0 136.9 2794.8 -0.4297911525 0.0353630558 -0.9022355676 -0.0916813612 0.9923592806 0.0825690106 0.8982617259 0.1182056144 -0.4232650995
1.1 -56.2 2775.9 -0.4291162193 0.0358511917 -0.9025375247 -0.0728502423 0.9945830703 0.0741445199 0.9003067017 0.0975666866 -0.4241799712
66.7 146.8 2671.9 -0.6745139360 -0.6364137530 -0.3741770387 -0.0169534888 0.5200539827 -0.8539651036 0.7380674481 -0.5696677566 -0.3615731001
237.4 151.1 2485.0 -0.6722818613 -0.6364137530 0.3781727552 -0.7360574603 0.5200539827 -0.4333166182 0.0790984035 -0.5696677566 -0.8180599213
-50.6 126.9 2917.8 -0.0530624799 0.3164274096 -0.9471315145 -0.9759369493 0.1844493598 0.1162990257 0.2114980072 0.9305117726 0.2990258932
-64.2 -124.6 2972.3 0.0773665980 0.3178009987 -0.9449957013 -0.9855595827 0.1675715446 -0.0243334286 0.1506212056 0.9332321882 0.3261762559
33.9 -245.9 2677.8 -0.7236493230 0.3558499515 0.5913564563 0.1937993020 0.9271266460 -0.3207460344 -0.6623998284 -0.1175031736 -0.7398780584
-104.3 -605.8 2723.4 -0.7271988392 0.0416919887 0.6851595640 0.1378910989 0.9866794348 0.0863121822 -0.6724342704 0.1572435200 -0.7232610583
-45.1 -257.7 2839.1 -0.5959238410 0.0227797236 0.8027178049 -0.0476923510 0.9968292117 -0.0636942461 -0.8016235232 -0.0762404203 -0.5929478407
-54.0 -644.5 2868.7 -0.5983646512 -0.0106381513 0.8011533022 0.0265508760 0.9990994334 0.0330968834 -0.8007838726 0.0410753265 -0.5975432992
425.1 356.6 2462.9 0 0 0 0 0 0 0 0 0
-44.1 -381.7 3011.6 0 0 0 0 0 0 0 0 0
-119.5 -966.2 2666.0 0 0 0 0 0 0 0 0 0
-50.0 -1016.6 2853.4 0 0 0 0 0 0 0 0 0
17.5 333.9 2816.5 6 -0.4121344090 0.0388056487 -0.9102963209 -0.0917643756 0.9922445416 0.0838451758 0.9064902067 0.1180882528 -0.4053771496
9.9 138.6 2793.3 -0.4121344090 0.0388056487 -0.9102963209 -0.0917643756 0.9922445416 0.0838451758 0.9064902067 0.1180882528 -0.4053771496
2.1 -54.4 2774.1 -0.4114187062 0.0400778763 -0.9105648994 -0.0737410635 0.9942940474 0.0770814344 0.9084585309 0.0988587663 -0.4061158001
66.1 148.7 2669.2 -0.6797288060 -0.6311544776 -0.3736479282 -0.0117779942 0.5187563896 -0.8548409939 0.7333689928 -0.5766592026 -0.3600473702
236.9 151.7 2485.0 -0.6744002104 -0.6311544776 0.3831818700 -0.7342786789 0.5187563896 -0.4378660023 0.0775830522 -0.5766592026 -0.8132926822
-46.3 128.5 2917.4 -0.0511191450 0.3351707757 -0.9407695532 -0.9762531519 0.1817944199 0.1178156734 0.2105150223 0.9244518876 0.3179183602
-59.5 -123.0 2971.6 0.0780423731 0.3365586698 -0.9384229779 -0.9860439897 0.1649082750 -0.0228595231 0.1470601410 0.9271103144 0.3447314799
32.5 -242.7 2676.3 -0.7373778820 0.3489753008 0.5783511996 0.1935604364 0.9294648767 -0.3140532672 -0.6471539140 -0.1196300313 -0.7529146671
-102.9 -603.5 2722.8 -0.7407255173 0.0403159410 0.6705970168 0.1394500285 0.9856832623 0.0947744250 -0.6571753025 0.1637165993 -0.7357428074
-44.4 -255.8 2838.0 -0.6115491390 0.0218979660 0.7909033895 -0.0358970836 0.9978196621 -0.0553835668 -0.7903916836 -0.0622608960 -0.6094296575
-52.9 -643.0 2862.2 -0.6123363972 -0.0040170462 0.7905871272 0.0086682560 0.9998928905 0.0117944051 -0.7905498147 0.0140751544 -0.6122359633
425.2 356.7 2463.3 0 0 0 0 0 0 0 0 0
-39.1 -380.2 3010.0 0 0 0 0 0 0 0 0 0
-118.0 -971.5 2661.7 0 0 0 0 0 0 0 0 0
-51.4 -1015.7 2856.9 0 0 0 0 0 0 0 0 0
19.9 338.1 2816.8 7 -0.4012098908 0.0429849811 -0.9149770141 -0.0946519151 0.9916054606 0.0880890116 0.9110826850 0.1219465062 -0.3937732875
11.5 143.2 2792.8 -0.4012098908 0.0429849811 -0.9149770141 -0.0946519151 0.9916054606 0.0880890116 0.9110826850 0.1219465062 -0.3937732875
2.8 -49.8 2773.4 -0.4002857804 0.0449264720 -0.9152884483 -0.0737800896 0.9939751029 0.0810552314 0.9134154320 0.0999753177 -0.3945594430
66.2 153.3 2668.0 -0.6868805289 -0.6252928972 -0.3704104424 0.0044708122 0.5060213804 -0.8625093699 0.7267565727 -0.5940968990 -0.3447806537
237.4 152.2 2486.9 -0.6742870808 -0.6252928972 0.3928685486 -0.7335759997 0.5060213804 -0.4536613226 0.0848713443 -0.5940968990 -0.7999035716
-43.2 133.1 2917.6 -0.0520169437 0.3473708034 -0.9362840056 -0.9764107466 0.1790513247 0.1206760928 0.2095622420 0.9204749465 0.3298628628
-56.6 -118.5 2971.6 0.0763100460 0.3487309217 -0.9341110587 -0.9865615368 0.1621541828 -0.0200579762 0.1444751769 0.9230887294 0.3564185202
31.2 -240.8 2673.6 -0.7451705337 0.3427243829 0.5720672011 0.1960723549 0.9325156212 -0.3032659292 -0.6373982430 -0.1138182655 -0.7620819211
-101.9 -602.8 2717.8 -0.7500734925 0.0468734726 0.6596913338 0.1293521225 0.9886178374 0.0768293217 -0.6485813856 0.1429601014 -0.7475992441
-42.6 -254.0 2836.5 -0.6215463877 0.0054399492 0.7833584547 -0.0343222208 0.9988265634 -0.0341687985 -0.7826251388 -0.0481240936 -0.6206303239
-44.7 -641.6 2855.2 -0.6203874350 0.0385223217 0.7833489180 0.0169064272 0.9992178082 -0.0357486382 -0.7841132879 -0.0089343730 -0.6205534339
425.4 356.8 2463.2 0 0 0 0 0 0 0 0 0
-36.7 -375.9 3009.3 0 0 0 0 0 0 0 0 0
-119.1 -965.1 2665.4 0 0 0 0 0 0 0 0 0
-59.0 -1013.9 2858.5 0 0 0 0 0 0 0 0 0
17.9 341.3 2818.4 8 -0.4221317470 0.0416669287 -0.9055764079 -0.0973430648 0.9910839796 0.0909774452 0.9012930393 0.1265560538 -0.4143120348
9.7 146.6 2793.5 -0.4221317470 0.0416669287 -0.9055764079 -0.0973430648 0.9910839796 0.0909774452 0.9012930393 0.1265560538 -0.4143120348
1.5 -46.3 2773.4 -0.4212304652 0.0424332246 -0.9059604406 -0.0760719627 0.9937319160 0.0819142535 0.9037576914 0.1034229696 -0.4153621793
67.3 157.0 2670.1 -0.6825824976 -0.6266346574 -0.3760454059 0.0194419846 0.4988081455 -0.8664943576 0.7305498719 -0.5987649560 -0.3282946944
237.9 152.2 2487.4 -0.6723635197 -0.6266346574 0.3940258026 -0.7345109582 0.4988081455 -0.4600913823 0.0917659253 -0.5987649560 -0.7956504226
-47.8 136.3 2916.9 -0.0566086508 0.3260183036 -0.9436670542 -0.9769414663 0.1768058240 0.1196876243 0.2058661878 0.9286828041 0.3084920347
-62.4 -115.5 2970.0 0.0731679201 0.3273212314 -0.9420760274 -0.9869071841 0.1599041671 -0.0210916288 0.1437381357 0.9312848449 0.3347355425
29.9 -236.1 2672.2 -0.7359726429 0.3357191384 0.5879089236 0.1820108294 0.9345344901 -0.3058060706 -0.6520861387 -0.1180591136 -0.7488963604
-100.4 -598.9 2718.0 -0.7394689918 0.0518801212 0.6711885333 0.1329953521 0.9886339903 0.0701077059 -0.6599225998 0.1411074251 -0.7379639745
-41.8 -249.3 2835.9 -0.6032124162 0.0294513423 0.7970366478 -0.0260873120 0.9980548024 -0.0566225424 -0.7971538305 -0.0549479648 -0.6012707353
-53.3 -636.6 2857.2 -0.6033364534 -0.0008413079 0.7974863052 -0.0071545946 0.9999648929 -0.0043578800 -0.7974546552 -0.0083349589 -0.6033213139
425.2 356.7 2461.9 0 0 0 0 0 0 0 0 0
-43.3 -372.9 3007.5 0 0 0 0 0 0 0 0 0
-119.6 -964.1 2665.9 0 0 0 0 0 0 0 0 0
-52.9 -1009.3 2860.4 0 0 0 0 0 0 0 0 0
19.0 342.2 2818.7 9 -0.4161781371 0.0464428850 -0.9080962539 -0.0964522064 0.9908054471 0.0948766842 0.9041530490 0.1270734966 -0.4078720510
9.9 147.8 2793.7 -0.4161781371 0.0464428850 -0.9080962539 -0.0964522064 0.9908054471 0.0948766842 0.9041530490 0.1270734966 -0.4078720510
1.2 -45.1 2773.6 -0.4152408838 0.0448980518 -0.9086028934 -0.0760900080 0.9935673475 0.0838704333 0.9065237641 0.1039620265 -0.4091534913
66.6 158.2 2669.9 -0.6852246523 -0.6272751689 -0.3701257706 0.0193609167 0.4923156500 -0.8702014089 0.7280744314 -0.6034494042 -0.3252021968
238.6 153.3 2487.2 -0.6739160419 -0.6272751689 0.3903371394 -0.7314867973 0.4923156500 -0.4717545211 0.1037508026 -0.6034494042 -0.7906229496
-46.8 137.4 2917.6 -0.0569662675 0.3326089680 -0.9413427114 -0.9770064354 0.1754646450 0.1211222261 0.2054587156 0.9265977740 0.3149655461
-61.5 -114.4 2970.5 0.0723890513 0.3338997364 -0.9398248792 -0.9871533513 0.1585560143 -0.0197029077 0.1424360871 0.9291775823 0.3410879672
31.0 -232.3 2672.4 -0.7427108884 0.3349020481 0.5798457861 0.1764467508 0.9332207441 -0.3129946291 -0.6459466219 -0.1301526129 -0.7522055507
-99.0 -594.6 2723.0 -0.7448662519 0.0529157296 0.6651121378 0.1439394802 0.9861210585 0.0827444494 -0.6515026689 0.1573694348 -0.7421450019
-44.5 -246.0 2834.4 -0.6089416742 0.0345108546 0.7924638987 -0.0336363427 0.9970309734 -0.0692662001 -0.7925015092 -0.0688346624 -0.6059728861
-57.9 -632.9 2861.1 -0.6098222136 -0.0218774602 0.7922362089 -0.0049086181 0.9997040033 0.0238282457 -0.7925230265 0.0106422091 -0.6097491384
426.2 357.0 2458.4 0 0 0 0 0 0 0 0 0
-42.6 -371.9 3007.7 0 0 0 0 0 0 0 0 0
-118.9 -965.6 2663.8 0 0 0 0 0 0 0 0 0
-49.7 -1005.6 2857.1 0 0 0 0 0 0 0 0 0
16.1 341.1 2818.3 0 -0.4272225797 0.0365214534 -0.9034085870 -0.0999814197 0.9911476970 0.0873497054 0.8986014724 0.1276418418 -0.4197891951
9.0 146.7 2793.3 -0.4272225797 0.0365214534 -0.9034085870 -0.0999814197 0.9911476970 0.0873497054 0.8986014724 0.1276418418 -0.4197891951
1.7 -46.2 2773.0 -0.4264304638 0.0375645459 -0.9037399888 -0.0787584931 0.9938005209 0.0784702301 0.9010850191 0.1046392992 -0.4208282828
67.2 157.4 2670.2 -0.6808806062 -0.6324359775 -0.3693593144 0.0136155086 0.4933000505 -0.8697526455 0.7322678566 -0.5972267389 -0.3272674978
238.6 154.0 2485.9 -0.6748282313 -0.6324359775 0.3803045750 -0.7294057012 0.4933000505 -0.4739434421 0.1121346280 -0.5972267389 -0.7941952348
-49.3 135.9 2916.4 -0.0537221543 0.3195704222 -0.9460384250 -0.9773625731 0.1773268133 0.1154016852 0.2046369463 0.9308221936 0.3028098047
-63.1 -115.9 2969.1 0.0764950067 0.3209297061 -0.9440088272 -0.9867205620 0.1604260206 -0.0254168380 0.1432865560 0.9334172010 0.3289397359
29.7 -231.2 2672.2 -0.7365732789 0.3247450292 0.5932962894 0.1686487049 0.9376695752 -0.3038640320 -0.6549941897 -0.1237594783 -0.7454302311
-96.4 -595.2 2720.2 -0.7382047176 0.0626649261 0.6716597676 0.1460519284 0.9869063497 0.0684450790 -0.6585761905 0.1486236900 -0.7376912832
-44.7 -244.8 2834.6 -0.5984457135 0.0032678857 0.8011566997 -0.0364446752 0.9988454580 -0.0312975906 -0.8003339767 -0.0479278043 -0.5976356864
-46.0 -632.2 2853.2 -0.5981313586 0.0194433313 0.8011621833 -0.0062567787 0.9995618463 -0.0289294589 -0.8013736606 -0.0223163106 -0.5977476239
426.4 357.0 2454.7 0 0 0 0 0 0 0 0 0
-43.2 -373.4 3006.5 0 0 0 0 0 0 0 0 0
-119.8 -963.6 2664.7 0 0 0 0 0 0 0 0 0
-53.2 -1004.6 2861.5 0 0 0 0 0 0 0 0 0
21.4 340.1 2829.1 1 -0.4105320275 0.0469691865 -0.9106357098 -0.1283389628 0.9857550859 0.1087014005 0.9027693868 0.1614954472 -0.3986560404
12.1 146.9 2797.5 -0.4105320275 0.0469691865 -0.9106357098 -0.1283389628 0.9857550859 0.1087014005 0.9027693868 0.1614954472 -0.3986560404
2.5 -45.1 2771.3 -0.4093263149 0.0492779426 -0.9110563397 -0.1035935506 0.9895730019 0.1000681072 0.9064879417 0.1353400648 -0.3999533951
68.1 161.1 2673.7 -0.6726115346 -0.6343619823 -0.3810230494 0.0341115706 0.4877722263 -0.8723042011 0.7392091155 -0.5997191668 -0.3064421415
238.8 152.4 2486.1 -0.6716293693 -0.6343619823 0.3827516139 -0.7318824530 0.4877722263 -0.4758427441 0.1151609421 -0.5997191668 -0.7918806076
-43.8 132.7 2921.3 -0.0595316961 0.3395659029 -0.9386964440 -0.9828343987 0.1445605308 0.1146245226 0.1746210456 0.9294069409 0.3251311183
-59.1 -120.4 2966.2 0.0694103092 0.3408057094 -0.9375679493 -0.9914594293 0.1275851429 -0.0270228498 0.1104101986 0.9314362407 0.3467507660
32.6 -232.1 2672.0 -0.7505853772 0.3374374509 0.5681176186 0.1879935712 0.9332972169 -0.3059651852 -0.6334666610 -0.1228505373 -0.7639552951
-98.4 -594.4 2719.6 -0.7542919517 0.0538759306 0.6543248892 0.1380587965 0.9873594046 0.0778538883 -0.6418593526 0.1490598768 -0.7521952391
-43.8 -246.2 2833.4 -0.6151587367 0.0186169911 0.7881834507 -0.0525617562 0.9965285063 -0.0645613521 -0.7866492271 -0.0811437890 -0.6120446920
-51.0 -632.7 2864.9 -0.6171337366 0.0021939832 0.7868552208 0.0310482383 0.9992852211 0.0215649568 -0.7862455249 0.0377389304 -0.6167607307
426.8 357.2 2453.9 0 0 0 0 0 0 0 0 0
-41.0 -378.9 2995.0 0 0 0 0 0 0 0 0 0
-118.6 -964.9 2663.7 0 0 0 0 0 0 0 0 0
-51.9 -1004.6 2850.8 0 0 0 0 0 0 0 0 0
18.8 339.9 2834.1 2 -0.4181903303 0.0366304703 -0.9076205492 -0.1449600309 0.9836900830 0.1064915434 0.8967181444 0.1761024296 -0.4060597122
11.6 146.7 2799.5 -0.4181903303 0.0366304703 -0.9076205492 -0.1449600309 0.9836900830 0.1064915434 0.8967181444 0.1761024296 -0.4060597122
3.9 -44.9 2770.3 -0.4172416925 0.0396195203 -0.9079315066 -0.1204323173 0.9878276587 0.0984508619 0.9007804394 0.1504221112 -0.4073914289
68.6 163.2 2676.5 -0.6666262150 -0.6378027201 -0.3857682943 0.0472736545 0.4803196788 -0.8758186102 0.7438915372 -0.6020803452 -0.2900424302
238.6 151.1 2486.7 -0.6692333221 -0.6378027201 0.3812275827 -0.7325405478 0.4803196788 -0.4823663831 0.1245434731 -0.6020803452 -0.7886622548
-45.4 130.3 2922.5 -0.0526924692 0.3292790651 -0.9427612424 -0.9857923985 0.1336272955 0.1017696783 0.1594892740 0.9347293973 0.3175596297
-59.0 -123.6 2963.6 0.0769238174 0.3306459188 -0.9406147003 -0.9923624396 0.1166374087 -0.0401552543 0.0964336917 0.9365196228 0.3370928168
29.6 -227.8 2663.9 -0.7531319261 0.3325324655 0.5676394105 0.1708911508 0.9321135283 -0.3193126321 -0.6352862120 -0.1434799731 -0.7588313222
-99.5 -589.6 2719.6 -0.7555159926 0.0490739606 0.6532896161 0.1337876767 0.9877329469 0.0805259421 -0.6413239241 0.1482407302 -0.7528135777
-43.8 -246.4 2826.2 -0.6070706248 0.0144794723 0.7945159674 -0.0507736653 0.9970842004 -0.0569660701 -0.7930241823 -0.0749229193 -0.6045653224
-49.4 -633.3 2855.3 -0.6072524786 0.0106494734 0.7944375873 -0.0031586885 0.9998698831 -0.0158177428 -0.7945026755 -0.0121147446 -0.6071398258
426.7 357.0 2451.7 0 0 0 0 0 0 0 0 0
-38.9 -382.4 2988.7 0 0 0 0 0 0 0 0 0
-118.0 -963.3 2663.5 0 0 0 0 0 0 0 0 0
-53.4 -1005.5 2859.8 0 0 0 0 0 0 0 0 0
18.5 341.4 2827.0 3 -0.3908548653 0.0375361256 -0.9196866155 -0.1256195605 0.9876440167 0.0936964229 0.9118400216 0.1521523446 -0.3813101947
11.1 147.9 2797.2 -0.3908548653 0.0375361256 -0.9196866155 -0.1256195605 0.9876440167 0.0936964229 0.9118400216 0.1521523446 -0.3813101947
3.1 -44.4 2772.4 -0.3898971677 0.0415690951 -0.9199196696 -0.1016656682 0.9909305573 0.0878677145 0.9152290821 0.1277836263 -0.3821348548
64.4 161.8 2672.3 -0.6873537302 -0.6309704185 -0.3597515523 0.0445758924 0.4577253759 -0.8879755139 0.7249536514 -0.6263895035 -0.2864931822
238.7 150.5 2488.4 -0.6669264436 -0.6309704185 0.3963401318 -0.7325077653 0.4577253759 -0.5039046407 0.1365339756 -0.6263895035 -0.7674598694
-42.1 134.0 2922.1 -0.0450374521 0.3566542566 -0.9331502318 -0.9822422266 0.1544916034 0.1064542159 0.1821312159 0.9213740230 0.3433629870
-53.7 -118.9 2969.0 0.0826240331 0.3581227958 -0.9300114512 -0.9898773432 0.1375483274 -0.0349764153 0.1153956726 0.9234871864 0.3658624291
33.5 -225.8 2660.5 -0.7668114901 0.3351494670 0.5474258065 0.1707008928 0.9286248088 -0.3294194341 -0.6187579036 -0.1591565311 -0.7692904472
-96.6 -586.3 2722.2 -0.7690750957 0.0592348650 0.6364076138 0.1394823343 0.9872519970 0.0766688734 -0.6237532496 0.1477317512 -0.7675331831
-41.2 -247.4 2821.8 -0.6294603944 0.0360855423 0.7761942148 -0.0322133787 0.9968504310 -0.0724676028 -0.7763645649 -0.0706193224 -0.6263154149
-55.2 -634.2 2849.2 -0.6294149756 -0.0136462003 0.7769495249 -0.0358413495 0.9992914796 -0.0114840781 -0.7762423754 -0.0350751691 -0.6294581294
426.5 356.7 2450.0 0 0 0 0 0 0 0 0 0
-32.2 -377.1 2999.1 0 0 0 0 0 0 0 0 0
-119.4 -966.1 2665.4 0 0 0 0 0 0 0 0 0
-50.1 -1006.6 2862.3 0 0 0 0 0 0 0 0 0
20.9 332.2 2832.0 4 -0.3951883912 0.0446183719 -0.9175158739 -0.1342609823 0.9852880239 0.1057424098 0.9087354541 0.1649747491 -0.3833838999
12.1 139.1 2799.7 -0.3951883912 0.0446183719 -0.9175158739 -0.1342609823 0.9852880239 0.1057424098 0.9087354541 0.1649747491 -0.3833838999
3.0 -52.8 2772.6 -0.3940572739 0.0470149703 -0.9178825617 -0.1098891124 0.9891166091 0.0978402868 0.9124928713 0.1394199729 -0.3846021593
66.0 154.1 2675.1 -0.6771166921 -0.6420662999 -0.3595328927 0.0150780575 0.4763703346 -0.8791154623 0.7357211709 -0.6006847620 -0.3128771782
238.2 150.3 2487.9 -0.6681753397 -0.6420662999 0.3758891225 -0.7318744659 0.4763703346 -0.4872690439 0.1337965876 -0.6006847620 -0.7882108092
-41.7 124.1 2924.3 -0.0517633967 0.3539865315 -0.9338169098 -0.9839829206 0.1416415721 0.1082369611 0.1705817282 0.9244626760 0.3409848809
-55.0 -129.3 2968.2 0.0761261508 0.3553441763 -0.9316304922 -0.9916349053 0.1246557385 -0.0334828719 0.1042351425 0.9263862371 0.3618612587
30.0 -227.5 2665.7 -0.7671097517 0.3242062032 0.5535638928 0.1719814539 0.9352443814 -0.3094193339 -0.6180331707 -0.1421558857 -0.7731925249
-95.8 -590.5 2720.9 -0.7694337368 0.0617554076 0.6357342005 0.1409908831 0.9871851206 0.0747468472 -0.6229712963 0.1471454650 -0.7682805061
-39.8 -245.7 2829.6 -0.6271764040 0.0106574232 0.7788043022 -0.0404709950 0.9981097579 -0.0462500416 -0.7778250575 -0.0605259202 -0.6255595684
-43.9 -633.0 2853.1 -0.6262003183 0.0355699621 0.7788503766 0.0059087751 0.9991465807 -0.0408801623 -0.7796397805 -0.0209971201 -0.6258761287
426.8 356.9 2450.2 0 0 0 0 0 0 0 0 0
-35.2 -388.0 2995.4 0 0 0 0 0 0 0 0 0
-119.2 -964.0 2665.2 0 0 0 0 0 0 0 0 0
-57.2 -1005.2 2860.9 0 0 0 0 0 0 0 0 0
22.2 334.0 2825.5 5 -0.3818299174 0.0465101264 -0.9230616093 -0.1193269268 0.9878931642 0.0991370752 0.9164971113 0.1479995996 -0.3716572523
13.1 140.1 2796.4 -0.3818299174 0.0465101264 -0.9230616093 -0.1193269268 0.9878931642 0.0991370752 0.9164971113 0.1479995996 -0.3716572523
3.9 -52.3 2772.3 -0.3807761371 0.0477674901 -0.9234325886 -0.0972074196 0.9910630584 0.0913492292 0.9195435047 0.1245481074 -0.3727298379
65.1 153.4 2670.9 -0.6890538335 -0.6354470253 -0.3484421074 0.0123725794 0.4704170525 -0.8823574781 0.7246045470 -0.6123028994 -0.3162805438
238.4 150.2 2488.6 -0.6681527495 -0.6354470253 0.3870128691 -0.7324581742 0.4704170525 -0.4921511710 0.1306785494 -0.6123028994 -0.7797488570
-38.9 126.8 2922.0 -0.0480450578 0.3670459092 -0.9289612174 -0.9814904928 0.1552668214 0.1121099740 0.1853863597 0.9171529412 0.3527922630
-51.3 -126.0 2969.8 0.0788872987 0.3684528470 -0.9262933135 -0.9899554849 0.1383116096 -0.0292926710 0.1173241585 0.9192999601 0.3756629229
29.2 -234.9 2663.8 -0.7720583081 0.3186679184 0.5498879552 0.1741804183 0.9381791353 -0.2991339564 -0.6112177968 -0.1351691484 -0.7798346877
-94.5 -599.1 2716.3 -0.7749725580 0.0683818534 0.6282845140 0.1392059773 0.9881831408 0.0641540736 -0.6164731979 0.1371785998 -0.7753340006
-38.7 -248.9 2831.6 -0.6381555796 -0.0138347466 0.7697831392 -0.0797550827 0.9956473112 -0.0482234806 -0.7657653689 -0.0921682045 -0.6364812851
-33.5 -625.8 2866.5 -0.6357417107 0.0554566644 0.7699071169 0.0080376230 0.9978373647 -0.0652375817 -0.7718600035 -0.0352860317 -0.6348125935
427.1 357.0 2451.7 0 0 0 0 0 0 0 0 0
-30.7 -384.2 3000.4 0 0 0 0 0 0 0 0 0
-119.8 -965.4 2665.5 0 0 0 0 0 0 0 0 0
-54.1 -997.8 2879.7 0 0 0 0 0 0 0 0 0
24.3 332.0 2821.7 6 -0.3783285320 0.0488659665 -0.9243806601 -0.1134008691 0.9886371493 0.0986752510 0.9186989665 0.1421572417 -0.3684881926
14.7 138.1 2793.9 -0.3783285320 0.0488659665 -0.9243806601 -0.1134008691 0.9886371493 0.0986752510 0.9186989665 0.1421572417 -0.3684881926
5.1 -54.3 2770.7 -0.3772676885 0.0498609282 -0.9247610569 -0.0921230987 0.9915764928 0.0910462141 0.9215109348 0.1195406467 -0.3694964349
66.3 150.7 2668.0 -0.6916437745 -0.6352756023 -0.3435895741 0.0028835239 0.4732958078 -0.8808988333 0.7222330570 -0.6102589369 -0.3255202770
239.1 150.0 2487.5 -0.6665807962 -0.6352756023 0.3899935186 -0.7350800633 0.4732958078 -0.4854362309 0.1238034964 -0.6102589369 -0.7824683785
-36.8 125.6 2919.7 -0.0489656590 0.3709447682 -0.9273630977 -0.9804911613 0.1591113210 0.1154153198 0.1903666705 0.9149227142 0.3559170961
-49.4 -127.1 2968.8 0.0776795596 0.3723317981 -0.9248431921 -0.9895051718 0.1421614885 -0.0258779880 0.1218418777 0.9171472788 0.3794672787
28.7 -235.9 2665.8 -0.7713427544 0.3254685402 0.5469008684 0.1807799935 0.9359928966 -0.3020527661 -0.6102039814 -0.1341174841 -0.7808095813
-97.6 -599.2 2717.8 -0.7750859857 0.0597170033 0.6290274858 0.1336546540 0.9884924293 0.0708459541 -0.6175581813 0.1389841586 -0.7741481066
-38.0 -252.8 2830.6 -0.6410607100 -0.0239825379 0.7671153545 -0.0969411507 0.9940366745 -0.0499346554 -0.7613432407 -0.1063761935 -0.6395627856
-29.0 -624.7 2870.4 -0.6374801993 0.0677108169 0.7674856782 0.0124860788 0.9969078898 -0.0775803626 -0.7703655958 -0.0398730598 -0.6363545060
427.1 357.3 2452.6 0 0 0 0 0 0 0 0 0
-29.2 -385.2 3000.6 0 0 0 0 0 0 0 0 0
-119.9 -967.8 2666.0 0 0 0 0 0 0 0 0 0
-54.3 -996.6 2885.2 0 0 0 0 0 0 0 0 0
22.8 329.3 2830.8 7 -0.3915765584 0.0459160730 -0.9189991951 -0.1371117979 0.9846919179 0.1076202840 0.9098725915 0.1681472063 -0.3792866468
13.8 136.2 2797.9 -0.3915765584 0.0459160730 -0.9189991951 -0.1371117979 0.9846919179 0.1076202840 0.9098725915 0.1681472063 -0.3792866468
4.2 -55.6 2770.3 -0.3903374374 0.0500389822 -0.9193110466 -0.1116301194 0.9885827303 0.1012074128 0.9138793349 0.1421278417 -0.3802949786
67.2 151.4 2673.1 -0.6758676171 -0.6439198256 -0.3585668504 0.0071823639 0.4807294905 -0.8768395185 0.7369880080 -0.5952028036 -0.3202846348
239.2 149.6 2485.4 -0.6651086211 -0.6439198256 0.3781504929 -0.7362240553 0.4807294905 -0.4763121903 0.1249187589 -0.5952028036 -0.7938066125
-39.5 121.0 2922.7 -0.0533822328 0.3583647609 -0.9320542216 -0.9843555093 0.1380658448 0.1094625518 0.1679123789 0.9233160615 0.3453880548
