-243.3 486.0 2338.7 69 0.4448638558 0.1127837002 -0.8884683251 -0.0925091207 0.9925192595 0.0796719715 0.8908076286 0.0467482433 0.4519694746
-265.6 289.7 2329.5 0.4448638558 0.1127837002 -0.8884683251 -0.0925091207 0.9925192595 0.0796719715 0.8908076286 0.0467482433 0.4519694746
-286.5 95.2 2321.1 0.4455499947 0.1066409796 -0.8888829350 -0.0862995088 0.9933723807 0.0759193972 0.8910878897 0.0428842753 0.4518001080
-329.1 302.0 2202.5 0.1286065429 0.0928787142 -0.9873367548 0.9630604386 0.2258257866 0.1466878206 0.2365902811 -0.9697300196 -0.0604051352
-366.0 25.3 2134.6 -0.3425845206 0.0752745494 -0.9364665151 0.9102734327 0.2732338011 -0.3110394478 0.2324609607 -0.9589979053 -0.1621260941
-202.2 277.4 2456.4 -0.2650224268 -0.3723451495 -0.8894504905 0.2053859383 0.8794678450 -0.4293633699 0.9421144724 -0.2964715660 -0.1566042453
-227.7 297.2 2547.1 0.8249269128 -0.3723451495 -0.4252701402 0.4599889517 0.8794678450 0.1222556680 0.3284901083 -0.2964715660 0.8967713714
-348.0 -92.8 2233.7 0.2873815298 -0.0017774287 -0.9578145146 0.0192985199 0.9998060465 0.0039349524 0.9576217532 -0.0196152367 0.2873601019
-347.3 -484.4 2241.4 0.2734432817 0.1582729220 -0.9487773776 -0.0758418292 0.9868465066 0.1427654773 0.9588935375 0.0329187512 0.2818502486
-262.4 -108.1 2392.2 -0.9510265589 0.0832185596 0.2976963222 0.0049535916 0.9670579433 -0.2545082569 -0.3090693951 -0.2405694574 -0.9201100469
-295.0 -486.9 2486.4 -0.9510265589 -0.0839965418 0.2974777520 0.0049535916 0.9581063986 0.2863697410 -0.3090693951 0.2738188207 -0.9107685685
-278.3 -207.8 2075.0 0 0 0 0 0 0 0 0 0
-16.6 414.9 2631.2 0 0 0 0 0 0 0 0 0
-406.9 -856.0 2229.0 0 0 0 0 0 0 0 0 0
-268.8 -785.8 2401.0 0 0 0 0 0 0 0 0 0
-243.5 487.0 2338.5 70 0.4575758576 0.1038723066 -0.8830826283 -0.0848088786 0.9937237501 0.0729420781 0.8851168156 0.0415167138 0.4635132849
-264.1 290.6 2330.3 0.4575758576 0.1038723066 -0.8830826283 -0.0848088786 0.9937237501 0.0729420781 0.8851168156 0.0415167138 0.4635132849
-283.2 95.8 2322.6 0.4580973685 0.0976307094 -0.8835242391 -0.0796633065 0.9944596291 0.0685847029 0.8853251338 0.0389659889 0.4633368850
-329.3 301.9 2204.2 0.1261710376 0.0798727795 -0.9887877703 0.9604456425 0.2395956814 0.1419087052 0.2482439131 -0.9675816298 -0.0464834310
-365.6 25.5 2132.7 -0.3401992321 0.0709716380 -0.9376713037 0.9130102992 0.2636404634 -0.3112971485 0.2251148373 -0.9620066285 -0.1544881165
-198.8 279.3 2456.4 -0.3035255671 -0.3676166534 -0.8790507317 0.1973419338 0.8783165812 -0.4354493916 0.9321632981 -0.3056436181 -0.1940453500
-227.5 297.9 2544.4 0.8154254556 -0.3676166534 -0.4471457899 0.4624515474 0.8783165812 0.1212377623 0.3481665254 -0.3056436181 0.8862065673
-347.6 -91.6 2232.1 0.2997951508 -0.0005675792 -0.9540034533 0.0274715107 0.9995902777 0.0080382088 0.9536079764 -0.0286177304 0.2996879220
-347.4 -483.1 2243.3 0.2825133204 0.1617669016 -0.9455251098 -0.0907836705 0.9857630134 0.1415258348 0.9549579024 0.0458553061 0.2931769788
-267.1 -107.2 2393.1 -0.9639605284 0.0668642372 0.2575058043 0.0026198111 0.9702410698 -0.2421267331 -0.2660323381 -0.2327260077 -0.9354493022
-293.3 -487.2 2484.3 -0.9639605284 -0.0728139803 0.2558870614 0.0026198111 0.9591733217 0.2828068733 -0.2660323381 0.2732850611 -0.9244144559
-278.8 -207.7 2075.2 0 0 0 0 0 0 0 0 0
-18.7 416.3 2633.5 0 0 0 0 0 0 0 0 0
-408.3 -854.4 2226.1 0 0 0 0 0 0 0 0 0
-270.8 -784.1 2399.7 0 0 0 0 0 0 0 0 0
-241.0 490.9 2337.9 71 0.4652426541 0.1087179855 -0.8784814477 -0.0851305202 0.9933241606 0.0778455287 0.8810800314 0.0385685191 0.4713920057
-262.5 294.3 2330.3 0.4652426541 0.1087179855 -0.8784814477 -0.0851305202 0.9933241606 0.0778455287 0.8810800314 0.0385685191 0.4713920057
-282.9 99.6 2323.9 0.4660586417 0.1041294560 -0.8786048293 -0.0775117502 0.9940372109 0.0766937956 0.8813519478 0.0323583931 0.4713508785
-328.9 305.3 2204.7 0.1259647757 0.0735703781 -0.9893029332 0.9593977928 0.2446577549 0.1403512508 0.2523663342 -0.9668143392 -0.0397650003
-365.6 25.7 2131.1 -0.3402537704 0.0686571971 -0.9378238320 0.9141410589 0.2579039633 -0.3127804697 0.2203938663 -0.9637280107 -0.1505151689
-196.1 283.2 2455.8 -0.3054434955 -0.3949260116 -0.8664512038 0.1326728463 0.8834104538 -0.4494261444 0.9429221749 -0.2522288263 -0.2174360156
-225.0 295.8 2545.0 0.8200089931 -0.3949260116 -0.4142688215 0.4627503157 0.8834104538 0.0738111362 0.3368194699 -0.2522288263 0.9071567059
-343.7 -91.7 2235.0 0.3090563715 0.0086677140 -0.9510042071 0.0273990333 0.9994622469 0.0180134829 0.9506489635 -0.0316237770 0.3086526990
-347.1 -483.2 2247.4 0.2894957960 0.1581597775 -0.9440220594 -0.1139209643 0.9849372506 0.1300793886 0.9503757954 0.0698864684 0.3031528890
-260.9 -106.1 2395.0 -0.9595936537 0.0844733343 0.2684106231 0.0129596926 0.9661312103 -0.2577255964 -0.2810908258 -0.2438333184 -0.9281881452
-294.0 -484.5 2490.5 -0.9595936537 -0.0714696720 0.2721619010 0.0129596926 0.9549558163 0.2964648008 -0.2810908258 0.2880128920 -0.9154433608
-278.9 -207.4 2074.9 0 0 0 0 0 0 0 0 0
-15.0 414.2 2631.3 0 0 0 0 0 0 0 0 0
-406.6 -854.1 2221.1 0 0 0 0 0 0 0 0 0
-271.6 -783.7 2400.2 0 0 0 0 0 0 0 0 0
-242.6 488.6 2338.1 72 0.4337354898 0.1009973958 -0.8953619599 -0.0790641382 0.9941312075 0.0738380030 0.8975647092 0.0387648568 0.4391752481
-262.6 291.7 2330.4 0.4337354898 0.1009973958 -0.8953619599 -0.0790641382 0.9941312075 0.0738380030 0.8975647092 0.0387648568 0.4391752481
-281.8 96.9 2324.0 0.4344048500 0.0981450081 -0.8953546882 -0.0723793805 0.9946348071 0.0739109218 0.8978049159 0.0326979533 0.4391778708
-324.5 302.1 2202.5 0.1415786296 0.1053092778 -0.9843096137 0.9600099921 0.2279961109 0.1624763161 0.2415290326 -0.9679502845 -0.0688185841
-365.5 23.9 2132.6 -0.3471375108 0.0874669030 -0.9337264299 0.9092128277 0.2754039764 -0.3122254312 0.2298426032 -0.9573411942 -0.1751290858
-200.7 281.4 2458.3 -0.2698960006 -0.3591155410 -0.8934160471 0.1983037144 0.8872284889 -0.4165348411 0.9422482848 -0.2895888090 -0.1682454795
-225.3 299.5 2544.1 0.8297419548 -0.3591155410 -0.4272754490 0.4455665350 0.8872284889 0.1195662767 0.3361528516 -0.2895888090 0.8961805701
-345.4 -88.1 2237.9 0.2744703889 0.0035749956 -0.9615889192 0.0225759838 0.9996935129 0.0101606194 0.9613304734 -0.0244976040 0.2743055522
-346.8 -479.7 2247.5 0.2551474869 0.1570261866 -0.9540663362 -0.1151844934 0.9846345186 0.1312533170 0.9600168467 0.0764046907 0.2693140209
-261.1 -102.1 2397.2 -0.9628230929 0.0833847448 0.2569410801 0.0132094771 0.9645611644 -0.2635284960 -0.2698096335 -0.2503372729 -0.9298031926
-293.8 -479.9 2495.3 -0.9628230929 -0.0710583925 0.2606193423 0.0132094771 0.9512431622 0.3081590235 -0.2698096335 0.3001452684 -0.9149401784
-277.1 -207.7 2074.0 0 0 0 0 0 0 0 0 0
-12.9 413.6 2630.1 0 0 0 0 0 0 0 0 0
-405.9 -850.5 2218.7 0 0 0 0 0 0 0 0 0
-271.3 -781.2 2400.2 0 0 0 0 0 0 0 0 0
-243.0 486.3 2338.7 73 0.4321156442 0.1004126444 -0.8962105513 -0.0850959644 0.9938877225 0.0703267753 0.8977943659 0.0458745994 0.4380191565
-262.9 289.1 2329.6 0.4321156442 0.1004126444 -0.8962105513 -0.0850959644 0.9938877225 0.0703267753 0.8977943659 0.0458745994 0.4380191565
-281.3 94.3 2321.9 0.4329788685 0.0940419286 -0.8964850307 -0.0762679428 0.9947986007 0.0675196648 0.8981717825 0.0391384847 0.4378991425
-324.6 300.0 2201.6 0.1393540055 0.1055389345 -0.9846024513 0.9599390030 0.2296994478 0.1604846418 0.2431000173 -0.9675224423 -0.0693013966
-364.9 22.6 2131.4 -0.3512035608 0.0852605253 -0.9324091077 0.9058467150 0.2828535736 -0.3153340518 0.2368496954 -0.9553661346 -0.1765721440
-201.2 278.3 2457.5 -0.2683563530 -0.3379724026 -0.9020861983 0.2364078760 0.8846927881 -0.4017834663 0.9338608980 -0.3210814297 -0.1575136036
-227.3 301.2 2548.3 0.8416879177 -0.3379724026 -0.4211128950 0.4367676377 0.8846927881 0.1629498750 0.3174829781 -0.3210814297 0.8922506571
-340.3 -91.3 2236.5 0.2725940645 0.0179665424 -0.9619613886 0.0239243172 0.9993898869 0.0254451055 0.9618316293 -0.0299504548 0.2719979286
-347.3 -482.7 2248.3 0.2523131967 0.1601154655 -0.9543066025 -0.1178106368 0.9839614034 0.1339425445 0.9604471326 0.0786319897 0.2671297491
-261.8 -104.4 2398.7 -0.9609133005 0.0849482641 0.2634947300 0.0126305968 0.9642220140 -0.2647949457 -0.2765612900 -0.2511169016 -0.9276067019
-295.1 -482.1 2497.1 -0.9609133005 -0.0770272240 0.2659181952 0.0126305968 0.9473176599 0.3200463951 -0.2765612900 0.3108955324 -0.9093172550
-275.4 -208.1 2071.1 0 0 0 0 0 0 0 0 0
-11.8 413.1 2629.6 0 0 0 0 0 0 0 0 0
-407.6 -853.3 2218.7 0 0 0 0 0 0 0 0 0
-270.7 -781.3 2398.9 0 0 0 0 0 0 0 0 0
-243.4 485.4 2338.0 74 0.4489002526 0.1074437797 -0.8870988488 -0.0942308530 0.9929015636 0.0725745931 0.8885995150 0.0510133281 0.4558382928
-264.7 288.5 2327.9 0.4489002526 0.1074437797 -0.8870988488 -0.0942308530 0.9929015636 0.0725745931 0.8885995150 0.0510133281 0.4558382928
-284.5 93.9 2319.0 0.4497226775 0.1011731848 -0.8874195814 -0.0863985792 0.9938320518 0.0695203915 0.8889796138 0.0454068892 0.4556900561
-328.8 300.9 2201.2 0.1224498451 0.0880844295 -0.9885581136 0.9617798924 0.2352709323 0.1400964707 0.2449193150 -0.9679301381 -0.0559089482
-364.2 22.3 2130.3 -0.3522649407 0.0695707425 -0.9333109260 0.9040026069 0.2834270000 -0.3200757504 0.2422576100 -0.9564669728 -0.1627335250
-200.6 276.2 2454.5 -0.2600600123 -0.3618910313 -0.8952115178 0.2132398486 0.8826966882 -0.4187783301 0.9417523742 -0.2998022735 -0.1523845196
-226.4 297.4 2547.8 0.8343627453 -0.3618910313 -0.4157808125 0.4501325488 0.8826966882 0.1350081563 0.3181501031 -0.2998022735 0.8993881941
-338.9 -93.6 2233.1 0.2914056480 0.0217847396 -0.9563514590 0.0213956982 0.9993421435 0.0292834137 0.9563602805 -0.0289951600 0.2907478511
-347.4 -485.1 2244.5 0.2743588984 0.1601039469 -0.9482056499 -0.0961426944 0.9856690764 0.1386111826 0.9568091631 0.0531338304 0.2858199179
-260.6 -107.4 2395.4 -0.9608358145 0.0893795490 0.2623087466 0.0126765566 0.9597437978 -0.2805906236 -0.2768282592 -0.2662763596 -0.9232892394
-295.6 -483.3 2499.7 -0.9608358145 -0.0798578188 0.2653626204 0.0126765566 0.9439102411 0.3299587071 -0.2768282592 0.3204000294 -0.9059303999
-274.4 -208.2 2068.5 0 0 0 0 0 0 0 0 0
-12.8 412.6 2629.3 0 0 0 0 0 0 0 0 0
-407.7 -856.2 2224.5 0 0 0 0 0 0 0 0 0
-270.5 -779.9 2399.0 0 0 0 0 0 0 0 0 0
-244.3 486.3 2337.6 75 0.4333946109 0.0968433917 -0.8959857225 -0.0840760767 0.9942182302 0.0667927414 0.8972738385 0.0463833511 0.4390310645
-263.5 289.0 2328.4 0.4333946109 0.0968433917 -0.8959857225 -0.0840760767 0.9942182302 0.0667927414 0.8972738385 0.0463833511 0.4390310645
-281.2 94.1 2321.0 0.4343658388 0.0902567506 -0.8962031007 -0.0737492070 0.9951900244 0.0644814596 0.8977122903 0.0380857214 0.4389329255
-325.4 299.6 2200.5 0.1335347146 0.1039545909 -0.9855769277 0.9600873590 0.2330491096 0.1546622217 0.2457656860 -0.9668927193 -0.0686853454
-364.1 21.5 2129.4 -0.3542041183 0.0798595920 -0.9317520857 0.9011269212 0.2955222428 -0.3172330856 0.2500193715 -0.9519921541 -0.1766388267
-201.6 278.5 2456.3 -0.2403016984 -0.3896273077 -0.8890700936 0.1733943969 0.8839473724 -0.4342481196 0.9550861120 -0.2585103214 -0.1448548585
-225.4 295.7 2550.8 0.8351988792 -0.3896273077 -0.3881151974 0.4574239254 0.8839473724 0.0969555303 0.3052968979 -0.2585103214 0.9164966941
-345.0 -92.9 2229.8 0.2737979591 0.0003913447 -0.9617871642 0.0378079601 0.9992225766 0.0111696050 0.9610438347 -0.0394214243 0.2735702991
-345.1 -484.2 2245.2 0.2533782721 0.1671309918 -0.9528203607 -0.0973026752 0.9843702912 0.1467898935 0.9624612331 0.0555186085 0.2656803429
-263.7 -108.5 2390.4 -0.9650725126 0.0824358985 0.2486752123 0.0058409045 0.9557384253 -0.2941598296 -0.2619177699 -0.2824330628 -0.9228383899
-296.0 -482.8 2501.1 -0.9650725126 -0.0822272226 0.2487442940 0.0058409045 0.9424784780 0.3342158496 -0.2619177699 0.3239954412 -0.9090797901
-273.7 -208.5 2065.5 0 0 0 0 0 0 0 0 0
-11.6 412.8 2629.0 0 0 0 0 0 0 0 0 0
-408.1 -854.9 2224.3 0 0 0 0 0 0 0 0 0
-270.2 -778.0 2399.6 0 0 0 0 0 0 0 0 0
-244.2 485.9 2338.5 76 0.4361778200 0.0978653207 -0.8945229650 -0.0875945017 0.9939652085 0.0660329014 0.8955870271 0.0495532043 0.4421180189
-263.6 289.1 2328.6 0.4361778200 0.0978653207 -0.8945229650 -0.0875945017 0.9939652085 0.0660329014 0.8955870271 0.0495532043 0.4421180189
-281.7 94.2 2319.9 0.4368192554 0.0920281783 -0.8948294520 -0.0808766559 0.9947422743 0.0628229678 0.8959062099 0.0449285284 0.4419655204
-325.9 300.6 2201.0 0.1297505349 0.1005548313 -0.9864347577 0.9609507322 0.2324752212 0.1500964761 0.2444145679 -0.9673902988 -0.0664644614
-363.7 20.2 2129.7 -0.3567080796 0.0742458031 -0.9312609434 0.8985445499 0.3000949919 -0.3202510476 0.2556894422 -0.9510155320 -0.1737594604
-201.4 277.5 2456.3 -0.2334011346 -0.3742932677 -0.8974566460 0.2190612853 0.8789821267 -0.4235594273 0.9473838210 -0.2954572737 -0.1231622696
-222.9 297.8 2543.8 0.8180438876 -0.3742932677 -0.4367021322 0.4630291462 0.8789821267 0.1139932126 0.3411864638 -0.2954572737 0.8923546076
-338.1 -94.1 2232.4 0.2765466571 0.0214407481 -0.9607613087 0.0241743438 0.9992794991 0.0292587075 0.9606963992 -0.0313171707 0.2758291066
-346.5 -485.4 2244.7 0.2588160932 0.1614300162 -0.9523416162 -0.0965211391 0.9853233099 0.1407893300 0.9610920548 0.0554825589 0.2705989182
-259.6 -107.4 2394.7 -0.9564744830 0.0918019563 0.2769998610 0.0126925288 0.9614172578 -0.2748012245 -0.2915397584 -0.2593245506 -0.9207363129
-295.6 -483.9 2496.2 -0.9564744830 -0.0827580988 0.2798349857 0.0126925288 0.9462379217 0.3232223690 -0.2915397584 0.3127057850 -0.9040020108
-272.7 -209.1 2064.4 0 0 0 0 0 0 0 0 0
-13.6 416.2 2631.1 0 0 0 0 0 0 0 0 0
-407.3 -856.5 2223.8 0 0 0 0 0 0 0 0 0
-269.9 -777.8 2399.1 0 0 0 0 0 0 0 0 0
-240.7 491.2 2337.9 77 0.4629564881 0.1099425852 -0.8795362115 -0.0985997170 0.9925071001 0.0721646473 0.8808798790 0.0533129312 0.4703278840
-262.4 294.7 2327.3 0.4629564881 0.1099425852 -0.8795362115 -0.0985997170 0.9925071001 0.0721646473 0.8808798790 0.0533129312 0.4703278840
-281.0 99.9 2318.2 0.4642791450 0.0949972346 -0.8805795908 -0.0857764482 0.9943803549 0.0620490983 0.8815255165 0.0467248857 0.4698185921
-328.6 306.9 2201.7 0.1175493151 0.0705437288 -0.9905583262 0.9632439613 0.2345158458 0.1310092360 0.2415435016 -0.9695492983 -0.0403836407
-363.6 19.8 2129.8 -0.3582650423 0.0472198427 -0.9324250221 0.8971555233 0.2938044965 -0.3298346400 0.2583759129 -0.9546985030 -0.1476234198
-196.3 282.4 2452.9 -0.2947977781 -0.3845725954 -0.8747560978 0.1670812517 0.8805908561 -0.4434451163 0.9408390522 -0.2768819928 -0.1953413635
-224.4 298.3 2542.4 0.8127732277 -0.3845725954 -0.4376112223 0.4652169943 0.8805908561 0.0901823416 0.3506748080 -0.2768819928 0.8946303725
-339.2 -93.3 2230.1 0.3065687716 0.0232186373 -0.9515652657 0.0325768143 0.9988608360 0.0348680466 0.9512909055 -0.0416884199 0.3054631650
-348.3 -484.4 2246.4 0.2872788310 0.1506588459 -0.9459242821 -0.1160502806 0.9857522249 0.1217576340 0.9507908225 0.0747963935 0.3006697297
-260.2 -107.9 2392.0 -0.9546061754 0.0934504345 0.2828322053 0.0092520518 0.9583569765 -0.2854229808 -0.2977271378 -0.2698497474 -0.9157181382
-296.8 -483.2 2497.7 -0.9546061754 -0.0875993073 0.2846987844 0.0092520518 0.9465983510 0.3222824335 -0.2977271378 0.3102868497 -0.9028181434
-272.0 -209.5 2063.7 0 0 0 0 0 0 0 0 0
-16.3 417.4 2632.2 0 0 0 0 0 0 0 0 0
-405.0 -855.6 2218.3 0 0 0 0 0 0 0 0 0
-269.3 -780.2 2400.4 0 0 0 0 0 0 0 0 0
-239.0 491.3 2339.1 78 0.4442033768 0.1122412980 -0.8888673782 -0.0938162208 0.9924944639 0.0784429461 0.8910005093 0.0485455617 0.4513994157
-261.2 294.5 2329.4 0.4442033768 0.1122412980 -0.8888673782 -0.0938162208 0.9924944639 0.0784429461 0.8910005093 0.0485455617 0.4513994157
-281.0 99.8 2321.0 0.4452895820 0.1010102853 -0.8896707892 -0.0836980492 0.9939614534 0.0709593520 0.8914660811 0.0428662524 0.4510550499
-324.7 306.4 2202.5 0.1281681955 0.0934910029 -0.9873359799 0.9601452947 0.2376358658 0.1471402794 0.2483827323 -0.9668446779 -0.0593075864
-362.8 20.7 2128.5 -0.3552014828 0.0676272735 -0.9323403239 0.8973109722 0.3042518497 -0.3197871447 0.2620399296 -0.9501880407 -0.1687534004
-197.8 282.6 2456.4 -0.2950374484 -0.3832545877 -0.8752535582 0.1743812263 0.8790470362 -0.4436974823 0.9394381642 -0.2835351527 -0.1925193965
-224.5 298.4 2541.5 0.8097099066 -0.3832545877 -0.4443937242 0.4674529433 0.8790470362 0.0936162397 0.3547641635 -0.2835351527 0.8909265995
-341.6 -87.1 2229.4 0.2870564461 0.0136491861 -0.9578164220 0.0384795628 0.9989271164 0.0257673059 0.9571405053 -0.0442530289 0.2862232625
-347.0 -478.3 2246.7 0.2675281763 0.1511465758 -0.9516214728 -0.1095993742 0.9859838486 0.1257928312 0.9572965503 0.0706439912 0.2803440094
-257.7 -102.6 2388.7 -0.9573736191 0.0987816006 0.2714368105 0.0116368644 0.9521344304 -0.3054579794 -0.2886179686 -0.2892787457 -0.9126979113
-296.4 -475.4 2502.0 -0.9573736191 -0.0836577266 0.2764726579 0.0116368644 0.9451938868 0.3263020813 -0.2886179686 0.3156102896 -0.9039301872
-271.6 -209.6 2061.3 0 0 0 0 0 0 0 0 0
-17.2 418.1 2632.4 0 0 0 0 0 0 0 0 0
-403.9 -849.7 2220.1 0 0 0 0 0 0 0 0 0
-269.5 -779.7 2400.4 0 0 0 0 0 0 0 0 0
-240.7 488.9 2338.2 79 0.4369071126 0.1067637652 -0.8931481838 -0.0864902213 0.9933167100 0.0764285773 0.8953388333 0.0438563935 0.4432211518
-261.8 291.9 2329.5 0.4369071126 0.1067637652 -0.8931481838 -0.0864902213 0.9933167100 0.0764285773 0.8953388333 0.0438563935 0.4432211518
-281.0 97.1 2322.0 0.4378412664 0.0978654921 -0.8937098980 -0.0774157345 0.9944695830 0.0709720850 0.8957130313 0.0381127000 0.4429961443
-324.2 302.9 2201.9 0.1341418028 0.1023014262 -0.9856674671 0.9579666257 0.2411445975 0.1554000825 0.2535860538 -0.9650822282 -0.0656537861
-363.6 21.6 2127.4 -0.3577817678 0.0772621706 -0.9306034446 0.8970813751 0.3051687181 -0.3195575476 0.2593013644 -0.9491589069 -0.1784942597
-199.4 280.8 2457.1 -0.2852241993 -0.3660489917 -0.8858076930 0.2098909616 0.8779111505 -0.4303693473 0.9351967573 -0.3086747825 -0.1735711396
-224.2 299.0 2538.2 0.8043934703 -0.3660489917 -0.4679308236 0.4652809799 0.8779111505 0.1130733415 0.3694113195 -0.3086747825 0.8765016794
-341.0 -87.3 2232.1 0.2785814404 0.0142108966 -0.9603074789 0.0346484296 0.9990909100 0.0248361994 0.9597874284 -0.0401920527 0.2778358161
-346.6 -478.6 2247.8 0.2583362460 0.1538995355 -0.9537176490 -0.1151457727 0.9850966930 0.1277732402 0.9591683149 0.0768080950 0.2722070515
-260.6 -102.4 2393.2 -0.9614264369 0.0876093581 0.2607371509 0.0106889009 0.9591041207 -0.2828515470 -0.2748545110 -0.2691539526 -0.9230445027
-294.9 -477.9 2498.6 -0.9614264369 -0.0779508054 0.2637857795 0.0106889009 0.9476915598 0.3190085292 -0.2748545110 0.3095228076 -0.9103024602
-271.4 -209.8 2060.5 0 0 0 0 0 0 0 0 0
-18.2 418.2 2632.8 0 0 0 0 0 0 0 0 0
-404.6 -849.6 2218.9 0 0 0 0 0 0 0 0 0
-270.0 -779.9 2399.9 0 0 0 0 0 0 0 0 0
-242.8 486.0 2337.7 80 0.4302543104 0.0993744358 -0.8972212076 -0.0799404457 0.9942116737 0.0717821866 0.8991611600 0.0408396646 0.4357078969
-262.5 289.0 2329.6 0.4302543104 0.0993744358 -0.8972212076 -0.0799404457 0.9942116737 0.0717821866 0.8991611600 0.0408396646 0.4357078969
-280.1 94.1 2322.7 0.4311134517 0.0897727460 -0.8978207111 -0.0709037930 0.9953318238 0.0654764250 0.8995075822 0.0354311317 0.4354661703
-323.9 299.2 2201.5 0.1368679255 0.1089067087 -0.9845844507 0.9567017555 0.2432188392 0.1598948091 0.2568830848 -0.9638381004 -0.0709023774
-363.6 21.8 2127.0 -0.3571851850 0.0865364298 -0.9300162196 0.8993763924 0.3005798161 -0.3174490929 0.2520731986 -0.9498227239 -0.1851914674
-201.0 278.9 2457.8 -0.2717935443 -0.3503770828 -0.8963058591 0.2435919642 0.8759887815 -0.4163011014 0.9310162067 -0.3314808607 -0.1527390480
-223.8 299.3 2535.6 0.8000193834 -0.3503770828 -0.4870368838 0.4639464319 0.8759887815 0.1318991035 0.3804244101 -0.3314808607 0.8633641601
-339.8 -90.7 2233.6 0.2702877820 0.0178083498 -0.9626148343 0.0256923791 0.9993394613 0.0257017873 0.9624367356 -0.0316787437 0.2696517110
-346.7 -482.1 2246.0 0.2513675094 0.1565624028 -0.9551452994 -0.1089976430 0.9851322770 0.1327925920 0.9617348313 0.0707288533 0.2646951973
-260.6 -104.7 2395.5 -0.9567959309 0.0883943141 0.2769981325 0.0108071407 0.9628217220 -0.2699214518 -0.2905593514 -0.2552661896 -0.9221791625
-295.2 -481.7 2495.5 -0.9567959309 -0.0810893625 0.2792240083 0.0108071407 0.9497422576 0.3128463924 -0.2905593514 0.3023477793 -0.9078331590
-271.5 -210.0 2062.0 0 0 0 0 0 0 0 0 0
-18.9 418.1 2633.0 0 0 0 0 0 0 0 0 0
-405.7 -853.2 2219.4 0 0 0 0 0 0 0 0 0
-269.7 -780.3 2400.4 0 0 0 0 0 0 0 0 0
-242.3 484.2 2330.5 81 0.4723464251 0.1007315442 -0.8756380677 -0.0692156702 0.9946193099 0.0770818070 0.8786910772 0.0241985563 0.4767770767
-262.1 287.9 2325.7 0.4723464251 0.1007315442 -0.8756380677 -0.0692156702 0.9946193099 0.0770818070 0.8786910772 0.0241985563 0.4767770767
-278.8 92.8 2321.3 0.4731653631 0.0853527635 -0.8768292069 -0.0604544915 0.9960952401 0.0643392205 0.8788968921 0.0225651711 0.4764777422
-329.5 296.5 2200.6 0.1192478314 0.0641778708 -0.9907881618 0.9593521953 0.2496315092 0.1316340715 0.2557799518 -0.9662118554 -0.0318011679
-363.7 21.1 2127.2 -0.3584974408 0.0484571978 -0.9322721958 0.8983650208 0.2894238234 -0.3304151595 0.2538107932 -0.9559737444 -0.1472899467
-194.8 279.3 2450.8 -0.3212023377 -0.3542358875 -0.8782630563 0.2130649686 0.8765969872 -0.4314869642 0.9227309227 -0.3257217109 -0.2060897499
-224.5 299.0 2536.1 0.7991312742 -0.3542358875 -0.4857016504 0.4646582603 0.8765969872 0.1251814514 0.3814208508 -0.3257217109 0.8651147485
-336.6 -94.4 2234.5 0.3146203160 0.0272133015 -0.9488274455 0.0217294544 0.9991205335 0.0358609967 0.9489688277 -0.0319001004 0.3137522936
-347.3 -485.8 2247.0 0.2946410477 0.1644732952 -0.9413475394 -0.1159845516 0.9839494228 0.1356136650 0.9485431910 0.0692244172 0.3089882731
-258.7 -107.2 2397.1 -0.9557093382 0.0933698267 0.2791088521 0.0153162470 0.9628363252 -0.2696509659 -0.2939134240 -0.2534330487 -0.9216217399
-295.3 -484.3 2496.3 -0.9557093382 -0.0801699013 0.2831827402 0.0153162470 0.9473330975 0.3198834658 -0.2939134240 0.3100529313 -0.9041471481
-271.5 -210.0 2061.9 0 0 0 0 0 0 0 0 0
-19.8 418.0 2633.7 0 0 0 0 0 0 0 0 0
-409.2 -856.4 2220.9 0 0 0 0 0 0 0 0 0
-270.2 -780.0 2399.6 0 0 0 0 0 0 0 0 0
-241.8 486.2 2333.9 82 0.4393230379 0.0973533168 -0.8930383921 -0.0787437707 0.9944572449 0.0696719810 0.8948712945 0.0397127047 0.4445539713
-261.1 289.3 2326.0 0.4393230379 0.0973533168 -0.8930383921 -0.0787437707 0.9944572449 0.0696719810 0.8948712945 0.0397127047 0.4445539713
-277.9 94.3 2318.9 0.4400715530 0.0863319784 -0.8938030005 -0.0706342235 0.9956114888 0.0613882430 0.8951803446 0.0361178592 0.4442383051
-323.7 299.4 2198.6 0.1383564472 0.0974995121 -0.9855715632 0.9587062001 0.2364843041 0.1579796821 0.2484751493 -0.9667310715 -0.0607542582
-363.9 21.2 2126.5 -0.3577001393 0.0749676228 -0.9308224916 0.8998494744 0.2941382825 -0.3221080601 0.2496428341 -0.9528182149 -0.1726728678
-198.5 279.2 2453.4 -0.3052917421 -0.3528103530 -0.8844895959 0.2204233259 0.8774249554 -0.4260739982 0.9263965487 -0.3250389993 -0.1901029497
-225.6 298.8 2535.6 0.8029119968 -0.3528103530 -0.4804759622 0.4622673690 0.8774249554 0.1281966716 0.3763524592 -0.3250389993 0.8675877452
-338.2 -96.8 2237.5 0.2791472375 0.0256935004 -0.9599044919 0.0097298371 0.9995149374 0.0295832492 0.9601989985 -0.0175977964 0.2787618339
-348.2 -488.3 2244.4 0.2632309496 0.1603506655 -0.9513133764 -0.0983149335 0.9854148626 0.1388947070 0.9597101808 0.0569669232 0.2751565576
-252.7 -107.7 2396.2 -0.9514294267 0.1063432992 0.2889171541 0.0234522372 0.9607563615 -0.2764005065 -0.3069723248 -0.2561998367 -0.9165858626
-294.4 -484.0 2496.5 -0.9514294267 -0.0777729526 0.2978815138 0.0234522372 0.9464455247 0.3220106363 -0.3069723248 0.3133563995 -0.8986521959
-272.2 -209.5 2062.5 0 0 0 0 0 0 0 0 0
-19.9 417.2 2632.0 0 0 0 0 0 0 0 0 0
-408.6 -859.4 2222.9 0 0 0 0 0 0 0 0 0
-270.2 -779.0 2398.9 0 0 0 0 0 0 0 0 0
-242.7 487.6 2335.6 83 0.4365554750 0.1010421589 -0.8939853311 -0.0849803910 0.9938616753 0.0708325654 0.8956548572 0.0450488776 0.4424623549
-262.8 290.7 2326.7 0.4365554750 0.1010421589 -0.8939853311 -0.0849803910 0.9938616753 0.0708325654 0.8956548572 0.0450488776 0.4424623549
-281.3 96.0 2318.5 0.4371027946 0.0950049981 -0.8943797946 -0.0794289038 0.9945976734 0.0668319613 0.8958974481 0.0418271683 0.4422875643
-325.0 302.1 2199.1 0.1309100688 0.1013358608 -0.9862015843 0.9599257708 0.2356859148 0.1516397595 0.2478003651 -0.9665315151 -0.0664212480
-363.3 21.0 2126.5 -0.3575293422 0.0759986043 -0.9308044910 0.8982881904 0.3006003797 -0.3204960823 0.2554429173 -0.9507174492 -0.1757421046
-200.5 279.4 2454.3 -0.2778681815 -0.3550599217 -0.8925927281 0.2280128002 0.8782522678 -0.4203369319 0.9331663251 -0.3203208148 -0.1630801409
-224.2 298.9 2534.0 0.7970587611 -0.3550599217 -0.4884974360 0.4634505510 0.8782522678 0.1178412512 0.3871832788 -0.3203208148 0.8645713925
-334.5 -94.3 2231.0 0.2776034474 0.0353154652 -0.9600464106 0.0271431040 0.9986368418 0.0445836186 0.9603122473 -0.0384352058 0.2762664557
-348.3 -485.3 2246.1 0.2590852678 0.1570162028 -0.9530061483 -0.1043348536 0.9854735136 0.1340008974 0.9602026343 0.0647140965 0.2717039287
-255.0 -107.0 2392.7 -0.9557910562 0.1011576504 0.2760989368 0.0178167783 0.9571606517 -0.2890087366 -0.2935065031 -0.2713127732 -0.9166478515
-294.7 -481.9 2498.9 -0.9557910562 -0.0793060288 0.2831502259 0.0178167783 0.9455541372 0.3249768019 -0.2935065031 0.3156547546 -0.9023392200
-271.7 -209.3 2061.0 0 0 0 0 0 0 0 0 0
-20.1 417.6 2633.1 0 0 0 0 0 0 0 0 0
-407.5 -856.5 2221.7 0 0 0 0 0 0 0 0 0
-269.8 -778.6 2399.9 0 0 0 0 0 0 0 0 0
-241.0 489.4 2337.9 84 0.4443873465 0.1087332368 -0.8892114162 -0.0921547785 0.9928891659 0.0753562525 0.8910821676 0.0484577157 0.4512476921
-262.5 292.6 2328.3 0.4443873465 0.1087332368 -0.8892114162 -0.0921547785 0.9928891659 0.0753562525 0.8910821676 0.0484577157 0.4512476921
-282.4 98.0 2319.6 0.4450792670 0.1015961394 -0.8897092938 -0.0856192335 0.9938196540 0.0706532896 0.8913887143 0.0447299182 0.4510270953
-326.0 304.8 2201.3 0.1240480393 0.0943924412 -0.9877763391 0.9589627981 0.2443709821 0.1437817663 0.2549557984 -0.9650766253 -0.0602051020
-362.7 20.8 2125.8 -0.3567644060 0.0704454631 -0.9315345287 0.8966526985 0.3056600392 -0.3202902377 0.2621698976 -0.9495311379 -0.1722137481
-199.1 280.4 2455.3 -0.2826516628 -0.3291861713 -0.9009686708 0.2447527647 0.8834289312 -0.3995614946 0.9274718761 -0.3334513009 -0.1691334397
-223.1 301.1 2533.9 0.8111508489 -0.3291861713 -0.4833950400 0.4453402162 0.8834289312 0.1456893384 0.3790862560 -0.3334513009 0.8631939888
-339.4 -91.6 2229.3 0.2872696221 0.0201067701 -0.9576386809 0.0348532349 0.9988981485 0.0314282328 0.9572154284 -0.0424051844 0.2862522900
-347.3 -482.8 2245.9 0.2674975097 0.1577150673 -0.9505635500 -0.1068718731 0.9852830172 0.1334008873 0.9576134086 0.0659041032 0.2804160416
-260.4 -106.0 2391.2 -0.9569738507 0.0912875459 0.2754409015 0.0085820071 0.9577144980 -0.2875922024 -0.2900473177 -0.2728543878 -0.9172911644
-296.2 -481.1 2498.1 -0.9569738507 -0.0861582160 0.2770881951 0.0085820071 0.9460813403 0.3238154650 -0.2900473177 0.3122608960 -0.9046356678
-271.1 -209.3 2058.6 0 0 0 0 0 0 0 0 0
-15.4 415.1 2630.9 0 0 0 0 0 0 0 0 0
-406.7 -853.9 2221.1 0 0 0 0 0 0 0 0 0
-269.0 -778.9 2399.8 0 0 0 0 0 0 0 0 0
-241.9 487.9 2337.6 85 0.4742587209 0.1017056257 -0.8744910955 -0.0869735777 0.9938582778 0.0684203655 0.8760789037 0.0436086580 0.4801916480
-262.0 291.6 2329.0 0.4742587209 0.1017056257 -0.8744910955 -0.0869735777 0.9938582778 0.0684203655 0.8760789037 0.0436086580 0.4801916480
-280.1 96.7 2321.1 0.4750088751 0.0923896432 -0.8751175404 -0.0792874023 0.9949218035 0.0620010979 0.8764017820 0.0399347283 0.4799219966
-329.7 302.9 2204.2 0.1133112684 0.0614933930 -0.9916547537 0.9586158395 0.2556051016 0.1253863871 0.2611824274 -0.9648236036 -0.0299856029
-363.0 20.9 2127.4 -0.3556302488 0.0438171104 -0.9335990548 0.8958718777 0.3006447852 -0.3271487355 0.2663469613 -0.9527291059 -0.1461728960
-194.4 280.3 2453.8 -0.3229749799 -0.3478220999 -0.8801743984 0.2148482800 0.8787884116 -0.4261117280 0.9216980934 -0.3267273605 -0.2090976685
-223.0 299.4 2535.5 0.8048890233 -0.3478220999 -0.4808049798 0.4585973322 0.8787884116 0.1319827586 0.3766193092 -0.3267273605 0.8668374419
-342.5 -88.9 2230.3 0.3181085289 0.0027704078 -0.9480502605 0.0284477640 0.9995175600 0.0124661615 0.9476274252 -0.0309355017 0.3178762197
-343.6 -480.3 2242.4 0.2980979979 0.1723432988 -0.9388478994 -0.1013112962 0.9837223291 0.1484130323 0.9491436481 0.0508742705 0.3107059598
-262.1 -104.4 2391.4 -0.9597204328 0.0842846185 0.2680164576 0.0068011205 0.9606317878 -0.2777415514 -0.2808744609 -0.2647314370 -0.9225111604
-295.1 -480.7 2495.0 -0.9597204328 -0.0818974227 0.2687555254 0.0068011205 0.9495201111 0.3136323690 -0.2808744609 0.3028272092 -0.9107168913
-271.7 -209.1 2059.0 0 0 0 0 0 0 0 0 0
-16.9 416.8 2632.0 0 0 0 0 0 0 0 0 0
-408.5 -850.8 2223.2 0 0 0 0 0 0 0 0 0
-269.3 -780.2 2399.5 0 0 0 0 0 0 0 0 0
-242.4 486.7 2337.9 86 0.4980355799 0.0933810845 -0.8621140122 -0.0826694742 0.9947696328 0.0599924475 0.8632069826 0.0413921401 0.5031504631
-260.7 291.3 2329.8 0.4980355799 0.0933810845 -0.8621140122 -0.0826694742 0.9947696328 0.0599924475 0.8632069826 0.0413921401 0.5031504631
-277.1 96.3 2321.8 0.4985240996 0.0837770253 -0.8628181219 -0.0771809295 0.9956558943 0.0520811155 0.8634331822 0.0406294167 0.5028244257
-331.7 302.3 2206.8 0.1076728627 0.0354257561 -0.9935550094 0.9551365972 0.2736508250 0.1132665798 0.2758997083 -0.9611765146 -0.0043716691
-363.3 22.6 2126.0 -0.3530046642 0.0355596393 -0.9349455833 0.9033071995 0.2733082473 -0.3306640685 0.2437700480 -0.9612690210 -0.1286003739
-189.7 280.4 2452.8 -0.2723175585 -0.3382900953 -0.9007790685 0.2600211501 0.8754564524 -0.4073879719 0.9264082313 -0.3451605141 -0.1504395902
-214.2 303.7 2536.0 0.8056756854 -0.3382900953 -0.4862576723 0.4589689374 0.8754564524 0.1514050215 0.3744786084 -0.3451605141 0.8605986238
-341.1 -91.0 2234.1 0.3424979150 0.0098626222 -0.9394668341 0.0206435788 0.9996244907 0.0180201158 0.9392917752 -0.0255658086 0.3421657085
-344.9 -482.4 2244.1 0.3233081698 0.1675752699 -0.9313379526 -0.1094196811 0.9842140079 0.1391048729 0.9399463534 0.0569329560 0.3365404606
-255.3 -105.3 2392.5 -0.9479675293 0.1039117053 0.3009316921 0.0148904985 0.9586722851 -0.2841228247 -0.3180185556 -0.2648581862 -0.9103375077
-296.0 -480.7 2496.2 -0.9479675293 -0.0869615227 0.3062600493 0.0148904985 0.9488082528 0.3155015409 -0.3180185556 0.3036455810 -0.8981444836
-272.7 -209.1 2063.5 0 0 0 0 0 0 0 0 0
-7.9 421.3 2631.9 0 0 0 0 0 0 0 0 0
-408.1 -853.1 2222.7 0 0 0 0 0 0 0 0 0
-268.4 -781.7 2399.9 0 0 0 0 0 0 0 0 0
-242.2 485.5 2338.1 87 0.4888987839 0.0929625332 -0.8673729897 -0.0874290913 0.9945208430 0.0573100634 0.8679482341 0.0478148125 0.4943476617
-260.5 289.4 2328.7 0.4888987839 0.0929625332 -0.8673729897 -0.0874290913 0.9945208430 0.0573100634 0.8679482341 0.0478148125 0.4943476617
-277.0 94.4 2320.0 0.4895662665 0.0840769634 -0.8679031730 -0.0799262151 0.9954771996 0.0513508022 0.8682952523 0.0442285948 0.4940720201
-330.3 300.8 2205.0 0.1170442849 0.0437606424 -0.9921621084 0.9572014213 0.2613021731 0.1244450957 0.2646999061 -0.9642645717 -0.0113038244
-364.1 23.8 2128.4 -0.3465919793 0.0425914824 -0.9370485544 0.9083786607 0.2643685341 -0.3239713907 0.2339277267 -0.9634807706 -0.1303172112
-190.8 278.0 2452.4 -0.1511023492 -0.3124710917 -0.9378325343 0.3403727710 0.8742649555 -0.3461317718 0.9280703068 -0.3715139925 -0.0257468317
-204.5 308.9 2536.5 0.8094363809 -0.3124710917 -0.4971665442 0.4497399926 0.8742649555 0.1827423722 0.3775535524 -0.3715139925 0.8481925726
-338.5 -91.7 2235.8 0.3328105807 0.0196796525 -0.9427883029 0.0159092024 0.9995227456 0.0264799744 0.9428594708 -0.0238118246 0.3323386610
-346.3 -483.2 2245.2 0.3139525652 0.1648047715 -0.9350257516 -0.1137987003 0.9842517972 0.1352711320 0.9425941110 0.0639359951 0.3277629316
-248.5 -105.6 2391.8 -0.9450124502 0.1201444790 0.3041657507 0.0249441303 0.9538435340 -0.2992661893 -0.3260817230 -0.2752231061 -0.9043909311
-295.5 -479.1 2499.6 -0.9450124502 -0.0836929679 0.3161439300 0.0249441303 0.9454370141 0.3248486817 -0.3260817230 0.3148719668 -0.8913620710
-275.5 -208.7 2068.5 0 0 0 0 0 0 0 0 0
2.8 424.0 2633.2 0 0 0 0 0 0 0 0 0
-408.3 -853.9 2221.1 0 0 0 0 0 0 0 0 0
-268.9 -780.0 2399.4 0 0 0 0 0 0 0 0 0
-243.1 485.4 2338.2 88 0.4597322047 0.0989945754 -0.8825227022 -0.0934668928 0.9936417341 0.0627693757 0.8831252456 0.0536295511 0.4660618305
-262.6 289.1 2327.6 0.4597322047 0.0989945754 -0.8825227022 -0.0934668928 0.9936417341 0.0627693757 0.8831252456 0.0536295511 0.4660618305
-280.2 94.3 2318.1 0.4605753422 0.0900240690 -0.8830435872 -0.0845974386 0.9947668910 0.0572898872 0.8835800290 0.0483169183 0.4657809138
-328.2 301.2 2201.8 0.1325046867 0.0749918148 -0.9883413911 0.9577209949 0.2472148836 0.1471572518 0.2553682923 -0.9660543799 -0.0390641093
-366.5 24.4 2128.0 -0.3560061455 0.0646449998 -0.9322449565 0.9047006965 0.2736947536 -0.3265086114 0.2340433896 -0.9596416950 -0.1559213847
-197.0 277.1 2453.4 -0.0828463584 -0.3344821334 -0.9387535453 0.3464259803 0.8735785484 -0.3418325782 0.9344118834 -0.3535282016 0.0435004942
-204.7 309.0 2539.6 0.8154494762 -0.3344821334 -0.4724022150 0.4563326240 0.8735785484 0.1691774279 0.3560936153 -0.3535282016 0.8649942875
-337.7 -93.3 2232.9 0.3025059700 0.0182380658 -0.9529730082 0.0253190603 0.9993103743 0.0271620024 0.9528111219 -0.0323450491 0.3018355668
-344.8 -484.7 2245.5 0.2814095318 0.1683381200 -0.9447067976 -0.1158209592 0.9832534194 0.1407060027 0.9525724053 0.0698208362 0.2961939573
-249.2 -107.8 2389.8 -0.9464200139 0.1204955578 0.2996163070 0.0234099608 0.9509397745 -0.3084890842 -0.3220886290 -0.2849462628 -0.9028092623
-296.4 -480.2 2501.4 -0.9464200139 -0.0855754986 0.3113935590 0.0234099608 0.9435341954 0.3304469883 -0.3220886290 0.3200313747 -0.8909763098
-275.0 -208.1 2067.8 0 0 0 0 0 0 0 0 0
4.1 425.9 2630.8 0 0 0 0 0 0 0 0 0
-408.2 -855.1 2219.2 0 0 0 0 0 0 0 0 0
-269.3 -779.5 2399.8 0 0 0 0 0 0 0 0 0
-242.5 484.0 2338.7 89 0.4504181147 0.1004584506 -0.8871480227 -0.0874019116 0.9938382506 0.0681645498 0.8885293603 0.0468358882 0.4564230144
-262.4 287.8 2329.5 0.4504181147 0.1004584506 -0.8871480227 -0.0874019116 0.9938382506 0.0681645498 0.8885293603 0.0468358882 0.4564230144
-280.3 92.9 2321.0 0.4510945380 0.0917159319 -0.8877510428 -0.0804021135 0.9948371053 0.0619244091 0.8888471127 0.0434432998 0.4561397433
-326.6 299.2 2202.9 0.1356554329 0.0866298825 -0.9869614244 0.9564902186 0.2482702136 0.1532589942 0.2583099306 -0.9648094177 -0.0491814353
-365.6 24.1 2128.6 -0.3550803959 0.0718087181 -0.9320737123 0.9024859071 0.2863523662 -0.3217475712 0.2437972277 -0.9554296732 -0.1664844602
-198.1 276.3 2456.1 -0.0669399872 -0.3360500038 -0.9394623041 0.3533754647 0.8725574613 -0.3372970819 0.9330834746 -0.3545615971 0.0603428409
-204.4 309.4 2543.4 0.8287425041 -0.3360500038 -0.4474999607 0.4528080523 0.8725574613 0.1833259314 0.3288627565 -0.3545615971 0.8752915859
-339.4 -92.9 2228.8 0.2924891710 0.0159977339 -0.9561350346 0.0268647876 0.9993279576 0.0249385722 0.9558913708 -0.0329806283 0.2918628454
-345.7 -484.3 2241.7 0.2738232911 0.1657941788 -0.9473822117 -0.0976710394 0.9847311378 0.1441003233 0.9568077922 0.0530737825 0.2858356237
-256.2 -108.1 2388.4 -0.9613654017 0.0934163556 0.2589401007 0.0136835948 0.9557123780 -0.2939839661 -0.2749351561 -0.2790827751 -0.9200670719
-292.8 -482.3 2497.7 -0.9613654017 -0.0756741539 0.2646696270 0.0136835948 0.9471461177 0.3205105662 -0.2749351561 0.3117493987 -0.9095180035
-274.4 -207.8 2065.9 0 0 0 0 0 0 0 0 0
7.8 425.3 2627.6 0 0 0 0 0 0 0 0 0
-408.1 -855.2 2221.7 0 0 0 0 0 0 0 0 0
-269.1 -778.8 2400.1 0 0 0 0 0 0 0 0 0
-242.4 484.9 2338.5 90 0.4396885633 0.0980626717 -0.8927809000 -0.0856415778 0.9940699935 0.0670103207 0.8940578699 0.0469954908 0.4454794228
-261.9 287.8 2329.2 0.4396885633 0.0980626717 -0.8927809000 -0.0856415778 0.9940699935 0.0670103207 0.8940578699 0.0469954908 0.4454794228
-279.4 92.9 2320.7 0.4403721988 0.0895221159 -0.8933410048 -0.0783923790 0.9950502515 0.0610709488 0.8943863511 0.0431371741 0.4452103078
-324.6 299.0 2201.8 0.1489920020 0.0975013524 -0.9840197563 0.9549905062 0.2439477146 0.1687681377 0.2565044761 -0.9648746252 -0.0567666031
-367.4 24.9 2128.1 -0.3594490588 0.0835510269 -0.9294167757 0.9037188888 0.2793934345 -0.3243940771 0.2325695008 -0.9565346241 -0.1759343445
-199.1 276.6 2456.6 -0.0401938669 -0.3454992771 -0.9375578165 0.3479335010 0.8747518063 -0.3372708261 0.9366571903 -0.3397639990 0.0850511193
-203.0 310.0 2546.3 0.8321142793 -0.3454992771 -0.4338387847 0.4529590607 0.8747518063 0.1721551865 0.3200217485 -0.3397639990 0.8843904734
-339.0 -94.7 2232.1 0.2806661129 0.0200783517 -0.9595954418 0.0219480395 0.9993854761 0.0273303557 0.9595544934 -0.0287319440 0.2800529599
-346.9 -486.1 2243.4 0.2631011307 0.1609220058 -0.9512528181 -0.0982048064 0.9853366613 0.1395260543 0.9597570300 0.0567081310 0.2750464976
-257.5 -109.2 2392.8 -0.9526441693 0.0946554169 0.2889799476 0.0117133427 0.9610363841 -0.2761736512 -0.3038615882 -0.2597103119 -0.9166344404
-294.6 -485.5 2494.4 -0.9526441693 -0.0844274238 0.2921319306 0.0117133427 0.9497833848 0.3126888871 -0.3038615882 0.3013030887 -0.9038167000
-274.7 -208.0 2068.2 0 0 0 0 0 0 0 0 0
10.1 425.9 2628.3 0 0 0 0 0 0 0 0 0
-407.5 -857.2 2222.0 0 0 0 0 0 0 0 0 0
-268.1 -783.0 2400.1 0 0 0 0 0 0 0 0 0
-242.2 485.0 2337.9 91 0.4371891320 0.1025365889 -0.8935053945 -0.0867418200 0.9936554432 0.0715871006 0.8951768279 0.0462071821 0.4433095753
-262.5 288.0 2328.7 0.4371891320 0.1025365889 -0.8935053945 -0.0867418200 0.9936554432 0.0715871006 0.8951768279 0.0462071821 0.4433095753
-281.2 93.2 2320.4 0.4378524423 0.0952496454 -0.8939870000 -0.0800739154 0.9945517182 0.0667460933 0.8954738379 0.0423601009 0.4430939257
-324.9 299.4 2201.1 0.1512601525 0.1009640396 -0.9833242893 0.9551419616 0.2412941158 0.1717001796 0.2546059191 -0.9651857018 -0.0599368066
-368.2 25.8 2128.2 -0.3617730439 0.0845889449 -0.9284206629 0.9022001624 0.2826421261 -0.3258041441 0.2348513752 -0.9554884434 -0.1785684675
-200.1 276.6 2456.3 -0.0174496546 -0.4081341922 -0.9127551913 0.2795455158 0.8744965196 -0.3963712156 0.9599738717 -0.2620731592 0.0988324210
-201.9 305.0 2554.0 0.8365352154 -0.4081341922 -0.3655616939 0.4731950462 0.8744965196 0.1065002084 0.2762160599 -0.2620731592 0.9246742129
-336.7 -94.9 2231.5 0.2785586119 0.0301140267 -0.9599469900 0.0202282909 0.9991026521 0.0372122303 0.9602061510 -0.0297838748 0.2776995003
-348.5 -486.2 2243.1 0.2619999647 0.1579660922 -0.9520518780 -0.0948081240 0.9859538674 0.1375004500 0.9603996277 0.0542371310 0.2732963562
-257.1 -109.0 2393.1 -0.9504615664 0.0935753584 0.2964227796 0.0099333385 0.9622685313 -0.2719202936 -0.3106833398 -0.2555053234 -0.9155287743
-293.8 -485.9 2493.2 -0.9504615664 -0.0856706500 0.2988032103 0.0099333385 0.9524080157 0.3046643138 -0.3106833398 0.2925398350 -0.9043762088
-274.6 -207.8 2067.4 0 0 0 0 0 0 0 0 0
12.1 426.1 2624.6 0 0 0 0 0 0 0 0 0
-408.0 -857.6 2222.7 0 0 0 0 0 0 0 0 0
-266.9 -784.4 2401.5 0 0 0 0 0 0 0 0 0
-243.3 482.4 2337.6 92 0.4331195951 0.1054183766 -0.8951504827 -0.0912731960 0.9931614399 0.0727981031 0.8967031837 0.0501729622 0.4397795498
-264.1 285.8 2327.7 0.4331195951 0.1054183766 -0.8951504827 -0.0912731960 0.9931614399 0.0727981031 0.8967031837 0.0501729622 0.4397795498
-283.7 91.1 2318.5 0.4336861372 0.0998423398 -0.8955153823 -0.0857888013 0.9939026833 0.0692653134 0.8969708085 0.0467857867 0.4396071732
-325.9 298.0 2199.8 0.1512129307 0.1058195904 -0.9828208685 0.9546313882 0.2424015552 0.1729750037 0.2565414608 -0.9643877149 -0.0643644482
-368.7 28.2 2127.3 -0.3598950207 0.0966153815 -0.9279768467 0.9078110456 0.2657863498 -0.3244020641 0.2153013498 -0.9591783285 -0.1833636910
-202.3 273.6 2455.5 -0.0058545922 -0.4389315248 -0.8985014558 0.2535445094 0.8685040474 -0.4259294569 0.9673060179 -0.2303037494 0.1062039435
