7.8 339.3 2862.3 4 -0.3356052041 0.0024157204 -0.9419996142 -0.2284777611 0.9699283242 0.0838868693 0.9138747454 0.2433788478 -0.3249610364
7.3 148.0 2814.3 -0.3356052041 0.0024157204 -0.9419996142 -0.2284777611 0.9699283242 0.0838868693 0.9138747454 0.2433788478 -0.3249610364
3.5 -41.7 2773.1 -0.3352004588 0.0199447311 -0.9419357181 -0.1932355613 0.9770659804 0.0894540548 0.9221174717 0.2120005190 -0.3236589432
53.1 174.3 2688.5 -0.6360437870 -0.6156857014 -0.4651659727 0.1118145883 0.5229192972 -0.8450164795 0.7635088563 -0.5894798636 -0.2637569606
231.9 142.9 2473.8 -0.6376752257 -0.6156857014 0.4629270434 -0.7701147795 0.5229192972 -0.3653472960 -0.0171343721 -0.5894798636 -0.8076013327
-38.4 121.7 2940.2 -0.0065240441 0.4028089345 -0.9152608514 -0.9952868819 0.0859439671 0.0449186638 0.0967547894 0.9112401605 0.4003497362
-40.1 -134.7 2965.1 0.1172918603 0.4048824012 -0.9068146944 -0.9928322434 0.0689082965 -0.0976510346 0.0229498707 0.9117685556 0.4100627005
30.6 -215.8 2647.2 -0.8109738231 0.3177390099 0.4912874401 0.1727246791 0.9322814941 -0.3178322613 -0.5590059161 -0.1728961766 -0.8109372854
-92.7 -577.6 2714.3 -0.8154414296 0.0696763173 0.5746307373 0.1236631721 0.9907793403 0.0553507023 -0.5654756427 0.1161959171 -0.8165389299
-37.4 -250.1 2809.4 -0.6656154990 0.0136287576 0.7461704016 -0.0747074634 0.9935941696 -0.0847901553 -0.7425461411 -0.1121821329 -0.6603335738
-42.7 -635.8 2852.9 -0.6646032333 0.0369822346 0.7462807298 -0.0124034965 0.9980907440 -0.0605067611 -0.7470934987 -0.0494694784 -0.6628755927
406.1 353.2 2478.5 0 0 0 0 0 0 0 0 0
-9.5 -393.6 2971.1 0 0 0 0 0 0 0 0 0
-119.5 -958.7 2669.6 0 0 0 0 0 0 0 0 0
-56.5 -1008.3 2871.4 0 0 0 0 0 0 0 0 0
7.6 336.6 2862.1 5 -0.2858965397 0.0123161301 -0.9581813216 -0.2304152399 0.9696974158 0.0812141076 0.9301462173 0.2439984232 -0.2743953168
5.1 145.6 2814.1 -0.2858965397 0.0123161301 -0.9581813216 -0.2304152399 0.9696974158 0.0812141076 0.9301462173 0.2439984232 -0.2743953168
0.7 -44.1 2773.1 -0.2852748036 0.0229979716 -0.9581698179 -0.1961383820 0.9771541953 0.0818496868 0.9381620288 0.2112835199 -0.2742466927
44.0 172.3 2686.2 -0.6541914344 -0.6070632339 -0.4511184096 0.1046943218 0.5180315375 -0.8489301801 0.7490478754 -0.6025923491 -0.2753356993
230.1 142.5 2473.1 -0.6403794289 -0.6070632339 0.4705193341 -0.7679117918 0.5180315375 -0.3767688572 -0.0150213372 -0.6025923491 -0.7979077697
-33.8 118.8 2942.0 0.0065308288 0.4488837123 -0.8935663104 -0.9953312278 0.0889693201 0.0374192037 0.0962968618 0.8891500831 0.4473690391
-32.1 -137.6 2966.8 0.1262163669 0.4511145949 -0.8834959269 -0.9918698072 0.0719699711 -0.1049506739 0.0162403975 0.8895593882 0.4565307200
29.7 -214.0 2649.4 -0.8340411186 0.3149207830 0.4529904127 0.1851859689 0.9332444072 -0.3078328967 -0.5196937323 -0.1728578210 -0.8366830945
-92.6 -576.3 2716.5 -0.8396793008 0.0702724978 0.5385168791 0.1267823875 0.9895587564 0.0685545504 -0.5280765891 0.1258382946 -0.8398213387
-30.3 -248.6 2814.4 -0.7019558549 0.0326399393 0.7114721537 -0.0369346440 0.9959369302 -0.0821308494 -0.7112621069 -0.0839302018 -0.6978982091
-43.0 -635.0 2847.0 -0.7014546990 0.0369978324 0.7117531300 -0.0210216437 0.9971432090 -0.0725502521 -0.7124039531 -0.0658529326 -0.6986730099
405.9 353.2 2477.2 0 0 0 0 0 0 0 0 0
0.9 -396.3 2971.1 0 0 0 0 0 0 0 0 0
-119.9 -960.7 2667.6 0 0 0 0 0 0 0 0 0
-56.8 -1007.1 2871.6 0 0 0 0 0 0 0 0 0
9.1 335.7 2861.6 6 -0.2399271578 0.0205191467 -0.9705740213 -0.2260418385 0.9711163044 0.0764084458 0.9441080689 0.2377227992 -0.2283589840
5.1 145.0 2814.9 -0.2399271578 0.0205191467 -0.9705740213 -0.2260418385 0.9711163044 0.0764084458 0.9441080689 0.2377227992 -0.2283589840
-0.1 -44.9 2775.1 -0.2391161472 0.0269461442 -0.9706169963 -0.1927319765 0.9784083366 0.0746428892 0.9516710639 0.2049172521 -0.2287598401
37.7 171.3 2685.1 -0.6670711637 -0.5997366905 -0.4419637620 0.1026797667 0.5135692954 -0.8518822789 0.7378841043 -0.6136468053 -0.2810064554
228.4 141.9 2474.2 -0.6441380978 -0.5997366905 0.4747651517 -0.7648362517 0.5135692954 -0.3889371157 -0.0105649540 -0.6136468053 -0.7895099521
-27.5 118.7 2944.6 0.0173960458 0.4900935590 -0.8714962006 -0.9947290421 0.0965766385 0.0344548076 0.1010522544 0.8663032055 0.4891903400
-23.0 -137.5 2970.7 0.1330861896 0.4924476743 -0.8601065874 -0.9909849167 0.0795981959 -0.1077639237 0.0153948395 0.8666945100 0.4986016154
21.8 -216.3 2648.1 -0.8590097427 0.2936141193 0.4193959534 0.1771766245 0.9390716553 -0.2945384681 -0.4803235233 -0.1787042767 -0.8586932421
-92.2 -580.7 2717.5 -0.8639178872 0.0697273687 0.4987824559 0.1249446720 0.9890817404 0.0781420246 -0.4878879488 0.1298284978 -0.8631975055
-29.2 -251.3 2815.9 -0.7343924046 0.0270536505 0.6781857610 -0.0309600867 0.9968299270 -0.0732907504 -0.6780186296 -0.0748208538 -0.7312267423
-39.7 -638.2 2845.0 -0.7330923676 0.0589617938 0.6775684953 -0.0046999101 0.9957721829 -0.0917368233 -0.6801128387 -0.0704360753 -0.7297158837
405.7 352.5 2477.1 0 0 0 0 0 0 0 0 0
11.7 -396.0 2974.7 0 0 0 0 0 0 0 0 0
-119.0 -961.6 2667.5 0 0 0 0 0 0 0 0 0
-61.7 -1009.8 2871.2 0 0 0 0 0 0 0 0 0
5.8 343.8 2861.8 7 -0.2372188270 0.0186261646 -0.9712776542 -0.2240120023 0.9718223810 0.0733479112 0.9452755451 0.2349773645 -0.2263620794
2.2 152.8 2815.6 -0.2372188270 0.0186261646 -0.9712776542 -0.2240120023 0.9718223810 0.0733479112 0.9452755451 0.2349773645 -0.2263620794
-3.0 -37.3 2776.6 -0.2363982052 0.0269657690 -0.9712820053 -0.1888937354 0.9792683721 0.0731619224 0.9531185627 0.2007644325 -0.2264036089
34.4 178.6 2685.5 -0.6714049578 -0.5886380672 -0.4502450228 0.1299268901 0.5046387911 -0.8534979224 0.7296124697 -0.6315416694 -0.2623370886
227.1 141.3 2476.2 -0.6462208629 -0.5886380672 0.4856992960 -0.7631140351 0.5046387911 -0.4037284255 -0.0074527874 -0.6315416694 -0.7753061056
-30.1 127.0 2945.7 0.0181650035 0.4924102724 -0.8701736331 -0.9942612052 0.1006654054 0.0362087749 0.1054259539 0.8645221591 0.4914130270
-25.4 -129.1 2972.8 0.1337372512 0.4947766364 -0.8586677909 -0.9908276796 0.0836849064 -0.1061006784 0.0193613973 0.8649814725 0.5014301538
16.1 -217.6 2650.3 -0.8643254042 0.2810607851 0.4170688391 0.1619207710 0.9406296611 -0.2983245254 -0.4761546552 -0.1903173625 -0.8585196733
-93.0 -582.7 2724.1 -0.8664106727 0.0708179250 0.4942847192 0.1368556321 0.9856647849 0.0986687168 -0.4802115262 0.1531332731 -0.8636822701
-26.7 -252.1 2820.4 -0.7361119390 0.0396702327 0.6756962538 -0.0305601358 0.9953150749 -0.0917276964 -0.6761695743 -0.0881712213 -0.7314510345
-42.1 -638.4 2854.7 -0.7347249985 0.0456081294 0.6768301725 0.0227777194 0.9988333583 -0.0425801985 -0.6779825687 -0.0158680864 -0.7349066734
405.6 352.1 2478.2 0 0 0 0 0 0 0 0 0
9.5 -387.6 2977.9 0 0 0 0 0 0 0 0 0
-120.2 -961.4 2665.3 0 0 0 0 0 0 0 0 0
-59.1 -1010.6 2860.6 0 0 0 0 0 0 0 0 0
5.0 345.8 2861.9 8 -0.2269062400 0.0198259167 -0.9737147689 -0.2177968621 0.9734392166 0.0705738366 0.9492513537 0.2280856669 -0.2165614069
1.2 155.0 2817.2 -0.2269062400 0.0198259167 -0.9737147689 -0.2177968621 0.9734392166 0.0705738366 0.9492513537 0.2280856669 -0.2165614069
-4.0 -35.3 2779.1 -0.2261306047 0.0265827104 -0.9737342000 -0.1851447225 0.9802323580 0.0697563291 0.9563400745 0.1960557848 -0.2167388946
32.0 180.3 2686.6 -0.6724555492 -0.5780521631 -0.4622327983 0.1370263547 0.5164945126 -0.8452556729 0.7273426056 -0.6317349672 -0.2681112289
225.6 140.8 2477.2 -0.6529304385 -0.5780521631 0.4894256890 -0.7571111321 0.5164945126 -0.4000201523 -0.0215531718 -0.6317349672 -0.7748847604
-29.7 129.7 2947.8 0.0217142124 0.5010034442 -0.8651728630 -0.9937118292 0.1058926433 0.0363799073 0.1098418981 0.8589425683 0.5001524091
-24.1 -126.3 2976.1 0.1364415586 0.5034179091 -0.8532022834 -0.9903915524 0.0889175832 -0.1059161127 0.0225446187 0.8594557047 0.5107128620
12.9 -210.5 2652.3 -0.8705282211 0.2678766549 0.4128228426 0.1543196887 0.9451505542 -0.2878816426 -0.4672965109 -0.1869024038 -0.8641188741
-91.1 -577.3 2724.9 -0.8717696071 0.0738448873 0.4843188226 0.1391558051 0.9851812720 0.1002670079 -0.4697376192 0.1548054963 -0.8691270351
-29.4 -244.3 2823.0 -0.7430229187 0.0315595195 0.6685214639 -0.0380025245 0.9952864051 -0.0892230272 -0.6681861281 -0.0917002559 -0.7383213043
-41.7 -630.6 2858.6 -0.7418729067 0.0436311848 0.6691195369 0.0395462997 0.9989907742 -0.0212948900 -0.6693733335 0.0106630977 -0.7428496480
406.6 350.7 2483.2 0 0 0 0 0 0 0 0 0
11.5 -384.7 2981.9 0 0 0 0 0 0 0 0 0
-120.0 -962.8 2664.3 0 0 0 0 0 0 0 0 0
-57.9 -1003.1 2854.6 0 0 0 0 0 0 0 0 0
5.5 344.9 2862.4 9 -0.2031810433 0.0234286003 -0.9788608551 -0.2159746885 0.9740182757 0.0681423172 0.9550248384 0.2252544016 -0.1928420663
0.9 153.7 2818.2 -0.2031810433 0.0234286003 -0.9788608551 -0.2159746885 0.9740182757 0.0681423172 0.9550248384 0.2252544016 -0.1928420663
-4.7 -36.6 2780.4 -0.2023576051 0.0288153794 -0.9788876772 -0.1851698756 0.9804103971 0.0671388879 0.9616462588 0.1948465705 -0.1930577457
28.5 179.0 2686.9 -0.6684697866 -0.5802153349 -0.4652937949 0.1594861746 0.4992322326 -0.8516638279 0.7264381051 -0.6435194612 -0.2411853224
218.4 133.7 2480.5 -0.6643163562 -0.5802153349 0.4712047279 -0.7472023368 0.4992322326 -0.4386979043 0.0192986690 -0.6435194612 -0.7651864290
-26.7 128.4 2949.5 0.0269058142 0.5214450359 -0.8528605700 -0.9935880899 0.1076727584 0.0344864465 0.1098126322 0.8464642167 0.5209985971
-19.8 -127.6 2977.8 0.1394685060 0.5239141583 -0.8402752280 -0.9900293946 0.0907059163 -0.1077692285 0.0197561122 0.8469276428 0.5313410163
11.1 -209.0 2655.4 -0.8802769780 0.2598606050 0.3969697058 0.1581512094 0.9495337605 -0.2708759308 -0.4473261237 -0.1756646186 -0.8769499660
-89.7 -577.6 2723.6 -0.8821426034 0.0779128671 0.4644932747 0.1371202171 0.9859859347 0.0950252488 -0.4505801499 0.1475172341 -0.8804636002
-29.4 -242.1 2826.7 -0.7586794496 0.0261802450 0.6509378552 -0.0307288840 0.9966418743 -0.0758992583 -0.6507389545 -0.0775858015 -0.7553272247
-39.5 -629.0 2856.8 -0.7563837767 0.0589983389 0.6514620185 0.0448535308 0.9982580543 -0.0383277647 -0.6525884867 0.0002298736 -0.7577124834
402.1 340.2 2475.2 0 0 0 0 0 0 0 0 0
16.6 -385.9 2983.0 0 0 0 0 0 0 0 0 0
-120.2 -962.7 2666.0 0 0 0 0 0 0 0 0 0
-61.5 -1001.4 2856.7 0 0 0 0 0 0 0 0 0
5.2 346.1 2862.7 0 -0.1886277944 0.0248823296 -0.9817333817 -0.2134911716 0.9747316837 0.0657245293 0.9585619569 0.2219888866 -0.1785493344
0.3 154.5 2819.1 -0.1886277944 0.0248823296 -0.9817333817 -0.2134911716 0.9747316837 0.0657245293 0.9585619569 0.2219888866 -0.1785493344
-5.4 -35.9 2781.5 -0.1878218353 0.0296155382 -0.9817565084 -0.1845728904 0.9806740880 0.0648939013 0.9647050500 0.1933941245 -0.1787257791
26.0 179.7 2687.3 -0.6536378860 -0.5733768344 -0.4939600527 0.1771675050 0.5186242461 -0.8364452124 0.7357779741 -0.6342459321 -0.2374087125
211.0 129.6 2479.0 -0.6853834391 -0.5733768344 0.4488747418 -0.7277697921 0.5186242461 -0.4487538636 0.0245077517 -0.6342459321 -0.7727428079
-25.3 129.3 2950.8 0.0305944569 0.5335934162 -0.8451876044 -0.9934083223 0.1096889749 0.0332902744 0.1104712337 0.8385978937 0.5334320068
-17.5 -126.7 2979.3 0.1418345273 0.5361050963 -0.8321503997 -0.9897127151 0.0927264690 -0.1089518219 0.0187527388 0.8390429616 0.5437418818
7.8 -210.4 2656.5 -0.8860229254 0.2521392107 0.3890876472 0.1598177254 0.9538578987 -0.2541916370 -0.4352260232 -0.1630365103 -0.8854362965
-90.0 -580.6 2719.7 -0.8883911371 0.0783795863 0.4523470700 0.1339182705 0.9867089391 0.0920398384 -0.4391208589 0.1423449069 -0.8870799541
-28.4 -243.5 2828.7 -0.7678877711 0.0318051428 0.6397943497 -0.0256556775 0.9964383841 -0.0803266615 -0.6400704384 -0.0780962184 -0.7643368244
-40.7 -630.4 2859.0 -0.7662923932 0.0494743772 0.6405843496 0.0383286662 0.9987752438 -0.0312883370 -0.6413477659 0.0005767309 -0.7672501206
399.8 330.1 2472.2 0 0 0 0 0 0 0 0 0
19.5 -384.9 2984.2 0 0 0 0 0 0 0 0 0
-120.3 -961.7 2664.8 0 0 0 0 0 0 0 0 0
-59.2 -1003.0 2858.8 0 0 0 0 0 0 0 0 0
5.5 345.6 2862.8 1 -0.1690664738 0.0229088906 -0.9853383899 -0.2106841952 0.9757819772 0.0588363521 0.9628232718 0.2175424695 -0.1601454765
1.0 154.0 2820.1 -0.1690664738 0.0229088906 -0.9853383899 -0.2106841952 0.9757819772 0.0588363521 0.9628232718 0.2175424695 -0.1601454765
-4.4 -36.5 2783.1 -0.1683658510 0.0275811832 -0.9853386283 -0.1835279316 0.9812527299 0.0588264242 0.9684887528 0.1907415241 -0.1601475477
24.0 179.1 2687.8 -0.6503106952 -0.5783395767 -0.4925640225 0.1678042263 0.5230171084 -0.8356403708 0.7409033179 -0.6260802150 -0.2430757880
211.8 130.6 2473.8 -0.6832110882 -0.5783395767 0.4458093345 -0.7299084663 0.5230171084 -0.4400985539 0.0213605035 -0.6260802150 -0.7794660330
-22.0 128.9 2952.4 0.0384752266 0.5487971306 -0.8350696564 -0.9929714203 0.1146022752 0.0295647159 0.1119259149 0.8280628324 0.5493491888
-12.1 -126.9 2981.2 0.1479297578 0.5514158607 -0.8210099339 -0.9888322949 0.0976542160 -0.1125804037 0.0180964675 0.8284951448 0.5597037673
5.6 -209.7 2657.6 -0.8909735084 0.2549611032 0.3757140934 0.1693675220 0.9543597698 -0.2459919453 -0.4212847948 -0.1555385441 -0.8934913874
-93.3 -580.2 2718.0 -0.8954279423 0.0701678321 0.4396421611 0.1215891615 0.9885030985 0.0898758546 -0.4282812476 0.1339330822 -0.8936649561
-28.0 -242.8 2830.4 -0.7789273858 0.0369841270 0.6260225773 -0.0045603341 0.9978989959 -0.0646280125 -0.6270974874 -0.0531954020 -0.7771221995
-42.3 -630.0 2851.0 -0.7782650590 0.0409217626 0.6266011000 0.0154028824 0.9988180995 -0.0460993014 -0.6277469993 -0.0262260120 -0.7779755592
400.1 331.8 2467.9 0 0 0 0 0 0 0 0 0
26.5 -384.9 2985.9 0 0 0 0 0 0 0 0 0
-120.4 -961.3 2666.3 0 0 0 0 0 0 0 0 0
-57.6 -1002.7 2860.8 0 0 0 0 0 0 0 0 0
5.5 345.0 2862.4 2 -0.1630002260 0.0246662609 -0.9863176346 -0.2100804746 0.9758947492 0.0591237918 0.9640005827 0.2168432772 -0.1538891643
0.6 153.4 2819.8 -0.1630002260 0.0246662609 -0.9863176346 -0.2100804746 0.9758947492 0.0591237918 0.9640005827 0.2168432772 -0.1538891643
-5.0 -37.0 2782.6 -0.1623103768 0.0288343281 -0.9863183498 -0.1848479956 0.9809886217 0.0590974428 0.9692711234 0.1919111013 -0.1538946629
22.8 178.6 2687.4 -0.6542072296 -0.5710459948 -0.4959025681 0.1747782528 0.5237863660 -0.8337268233 0.7358433604 -0.6321031451 -0.2428584099
209.0 128.9 2478.0 -0.6938222647 -0.5710459948 0.4387677312 -0.7194958329 0.5237863660 -0.4560412169 0.0305999573 -0.6321031451 -0.7742798328
-21.5 128.2 2952.2 0.0390994400 0.5539759398 -0.8316140771 -0.9931201935 0.1134771928 0.0288994499 0.1103788316 0.8247627616 0.5546015501
-11.5 -127.7 2980.7 0.1479836106 0.5565963984 -0.8174969554 -0.9888626337 0.0965280235 -0.1132827625 0.0158585906 0.8251562119 0.5646819472
5.4 -210.5 2659.3 -0.8943417668 0.2504028678 0.3707441092 0.1671194732 0.9556899071 -0.2423384637 -0.4149986506 -0.1547748446 -0.8965605497
-91.9 -581.5 2719.4 -0.8986136317 0.0759107918 0.4321238697 0.1232021376 0.9889485240 0.0824746266 -0.4210875630 0.1273514181 -0.8980349898
-24.8 -243.4 2832.8 -0.7831252813 0.0389059186 0.6206457019 -0.0112278825 0.9969936609 -0.0766649842 -0.6217625737 -0.0670068264 -0.7803341746
-39.9 -630.4 2858.8 -0.7819264531 0.0438757576 0.6218246818 0.0358774215 0.9990339279 -0.0253767110 -0.6223374009 0.0024667431 -0.7827452421
399.5 326.4 2469.6 0 0 0 0 0 0 0 0 0
27.2 -385.7 2984.8 0 0 0 0 0 0 0 0 0
-120.8 -958.7 2670.8 0 0 0 0 0 0 0 0 0
-56.3 -1003.0 2857.9 0 0 0 0 0 0 0 0 0
6.2 335.9 2857.7 3 -0.1539862007 0.0286458563 -0.9876576662 -0.2134191394 0.9750196934 0.0615535937 0.9647489190 0.2202634513 -0.1440260112
0.6 145.9 2814.8 -0.1539862007 0.0286458563 -0.9876576662 -0.2134191394 0.9750196934 0.0615535937 0.9647489190 0.2202634513 -0.1440260112
-5.3 -44.3 2776.6 -0.1532756239 0.0304740537 -0.9877134562 -0.1899213195 0.9799820781 0.0597079359 0.9697610140 0.1967396140 -0.1444196850
21.5 171.9 2682.3 -0.6644303799 -0.5710002184 -0.4821732342 0.1595103443 0.5219611526 -0.8379217982 0.7301292419 -0.6336523294 -0.2557264268
206.4 127.5 2479.1 -0.7013136744 -0.5710002184 0.4267527461 -0.7113674879 0.5219611526 -0.4706514478 0.0459937155 -0.6336523294 -0.7722495198
-20.3 120.0 2947.3 0.0402381085 0.5615946054 -0.8264335394 -0.9936720729 0.1092956513 0.0258900002 0.1048652753 0.8201621771 0.5624387264
-10.0 -136.1 2974.3 0.1482483298 0.5642206073 -0.8122053742 -0.9889059067 0.0923461542 -0.1163499430 0.0093570147 0.8204433918 0.5716512203
4.0 -210.9 2658.5 -0.8969797492 0.2524705231 0.3628856838 0.1736891270 0.9561327696 -0.2358861417 -0.4065211713 -0.1485557854 -0.9014830589
-94.0 -582.1 2716.2 -0.9026110172 0.0696527734 0.4247843921 0.1159031615 0.9897025824 0.0839954242 -0.4145597219 0.1250490546 -0.9013894796
-25.1 -244.0 2832.1 -0.7887510061 0.0409356728 0.6133483052 -0.0052943472 0.9972907901 -0.0733689070 -0.6146900058 -0.0611170754 -0.7863973975
-41.0 -631.2 2855.9 -0.7873017192 0.0502652787 0.6145156026 0.0386938863 0.9987347722 -0.0321194753 -0.6153525710 -0.0015097205 -0.7882505655
397.8 321.6 2466.6 0 0 0 0 0 0 0 0 0
28.7 -394.1 2976.7 0 0 0 0 0 0 0 0 0
-120.4 -956.5 2668.9 0 0 0 0 0 0 0 0 0
-59.7 -1003.8 2856.4 0 0 0 0 0 0 0 0 0
14.9 321.4 2860.3 4 -0.1183308363 0.0505626462 -0.9916860461 -0.2228315026 0.9718788862 0.0761416405 0.9676486850 0.2299887985 -0.1037362888
5.1 132.3 2815.6 -0.1183308363 0.0505626462 -0.9916860461 -0.2228315026 0.9718788862 0.0761416405 0.9676486850 0.2299887985 -0.1037362888
-4.6 -57.3 2775.4 -0.1171876788 0.0497222319 -0.9918642640 -0.2006163597 0.9769703150 0.0726782009 0.9726356864 0.2075011879 -0.1045137867
21.1 159.8 2682.8 -0.6726215482 -0.5738508105 -0.4671995938 0.1283332258 0.5313341022 -0.8373855948 0.7287735343 -0.6232008338 -0.2837426364
206.4 124.4 2482.1 -0.7090543509 -0.5738508105 0.4098013937 -0.7031269073 0.5313341022 -0.4725427032 0.0534275807 -0.6232008338 -0.7802346945
-10.9 104.9 2948.4 0.0323817655 0.5947065353 -0.8032904863 -0.9953193069 0.0924076959 0.0282902252 0.0910546035 0.7986143827 0.5949152112
-2.6 -151.6 2971.8 0.1365491599 0.5971348286 -0.7904330492 -0.9905965924 0.0754392743 -0.1141370833 -0.0085255299 0.7985855937 0.6018208861
2.5 -217.5 2651.5 -0.9144580364 0.2436070442 0.3231441081 0.1727005541 0.9570721388 -0.2327819020 -0.3659795523 -0.1570621133 -0.9172734022
-92.1 -589.1 2712.5 -0.9205923676 0.0788870305 0.3824742436 0.1153716072 0.9906086326 0.0733750015 -0.3730939627 0.1116751358 -0.9210480452
-25.0 -251.6 2825.3 -0.8131068349 0.0558992550 0.5794243813 -0.0026321257 0.9950153828 -0.0996865556 -0.5821085572 -0.0825809389 -0.8089066744
-46.7 -637.7 2857.3 -0.8127800822 0.0231895205 0.5821089149 0.0227459986 0.9997087121 -0.0080659688 -0.5821264386 0.0066847913 -0.8130707741
399.5 315.9 2467.5 0 0 0 0 0 0 0 0 0
33.0 -409.9 2969.6 0 0 0 0 0 0 0 0 0
-121.5 -958.4 2670.9 0 0 0 0 0 0 0 0 0
-55.3 -1010.7 2854.8 0 0 0 0 0 0 0 0 0
12.6 321.0 2861.1 5 -0.1280095726 0.0466663316 -0.9906744361 -0.2271701843 0.9709557295 0.0750911683 0.9654052258 0.2346640825 -0.1136904284
3.5 132.1 2815.5 -0.1280095726 0.0466663316 -0.9906744361 -0.2271701843 0.9709557295 0.0750911683 0.9654052258 0.2346640825 -0.1136904284
-5.6 -57.5 2774.9 -0.1268003136 0.0466888174 -0.9908288717 -0.2019408643 0.9767572880 0.0718689263 0.9711547494 0.2092018425 -0.1144247502
20.8 159.7 2682.9 -0.6745615602 -0.5734475255 -0.4648920596 0.1273229718 0.5299354196 -0.8384255171 0.7271558046 -0.6247610450 -0.2844610214
205.3 124.9 2484.0 -0.7173248529 -0.5734475255 0.3957309127 -0.6931680441 0.5299354196 -0.4885554910 0.0704491287 -0.6247610450 -0.7776314020
-13.9 104.5 2948.1 0.0325674303 0.5865303278 -0.8092722297 -0.9954020977 0.0920088589 0.0266267601 0.0900776163 0.8046841025 0.5868300200
-5.5 -152.0 2971.3 0.1377544105 0.5889789462 -0.7963212729 -0.9904301763 0.0750375018 -0.1158334389 -0.0084694996 0.8046571612 0.5936793089
-3.8 -228.9 2648.1 -0.9138294458 0.2331617922 0.3324925005 0.1604686677 0.9594420791 -0.2317773700 -0.3730489314 -0.1584503651 -0.9141815901
-94.3 -601.4 2709.6 -0.9186640978 0.0727537200 0.3882823586 0.1106635258 0.9909361601 0.0761515945 -0.3792227209 0.1129264310 -0.9183886647
-24.8 -264.9 2822.2 -0.8076273203 0.0556414723 0.5870622993 -0.0104716299 0.9940282702 -0.1086194217 -0.5896002650 -0.0938715115 -0.8022217155
-46.4 -650.7 2858.7 -0.8074721694 0.0195323005 0.5895821452 0.0278814360 0.9995983839 0.0050697424 -0.5892463923 0.0205320735 -0.8076924682
399.6 312.7 2464.9 0 0 0 0 0 0 0 0 0
30.5 -410.4 2969.1 0 0 0 0 0 0 0 0 0
-120.3 -956.1 2669.2 0 0 0 0 0 0 0 0 0
-53.7 -1023.7 2851.0 0 0 0 0 0 0 0 0 0
9.7 331.4 2861.1 6 -0.1381622106 0.0360322334 -0.9897539616 -0.2330113351 0.9701046348 0.0678435266 0.9626094103 0.2399973124 -0.1256358773
2.6 142.5 2814.3 -0.1381622106 0.0360322334 -0.9897539616 -0.2330113351 0.9701046348 0.0678435266 0.9626094103 0.2399973124 -0.1256358773
-4.9 -47.0 2773.3 -0.1370745748 0.0386426002 -0.9898067117 -0.2046580613 0.9765741229 0.0664683133 0.9691881537 0.2116830349 -0.1259549707
21.4 170.5 2682.0 -0.6766560078 -0.5668801069 -0.4698760808 0.1720986515 0.4987158477 -0.8495084047 0.7159040570 -0.6556900740 -0.2398997694
206.2 123.5 2486.4 -0.7161400914 -0.5668801069 0.4071735144 -0.6917309761 0.4987158477 -0.5222937465 0.0930140764 -0.6556900740 -0.7492789626
-16.1 114.5 2946.7 0.0372689143 0.5764753819 -0.8162641525 -0.9953815937 0.0937283859 0.0207473468 0.0884674564 0.8117210865 0.5773061514
-6.5 -141.9 2969.5 0.1435894370 0.5790230632 -0.8025673628 -0.9895979166 0.0767681673 -0.1216661334 -0.0088358708 0.8116889596 0.5840231180
-3.3 -229.0 2647.4 -0.9079505801 0.2516316772 0.3351226449 0.1652633846 0.9498519301 -0.2654605508 -0.3851151764 -0.1856415570 -0.9040041566
-101.0 -597.5 2719.4 -0.9128125310 0.0488854386 0.4054423571 0.1035069525 0.9880856872 0.1138989106 -0.3950437903 0.1459344625 -0.9069969654
-26.0 -265.2 2821.3 -0.8007459641 0.0454060659 0.5972806811 -0.0178105775 0.9948771596 -0.0995096788 -0.5987392664 -0.0903198868 -0.7958351970
-43.7 -651.4 2856.4 -0.8000365496 0.0341214724 0.5989801288 0.0314960703 0.9993933439 -0.0148632061 -0.5991239548 0.0069744126 -0.8006259203
400.2 310.8 2461.2 0 0 0 0 0 0 0 0 0
31.0 -400.1 2967.2 0 0 0 0 0 0 0 0 0
-118.7 -956.6 2666.4 0 0 0 0 0 0 0 0 0
-56.4 -1024.3 2853.8 0 0 0 0 0 0 0 0 0
7.5 334.2 2860.0 7 -0.1548039317 0.0336371586 -0.9873723984 -0.2290433198 0.9709684253 0.0689885840 0.9610280395 0.2368307561 -0.1426053792
0.9 145.0 2813.9 -0.1548039317 0.0336371586 -0.9873723984 -0.2290433198 0.9709684253 0.0689885840 0.9610280395 0.2368307561 -0.1426053792
-5.9 -44.7 2773.1 -0.1538729966 0.0352426730 -0.9874619246 -0.2027160078 0.9769798517 0.0664571449 0.9670725465 0.2104002982 -0.1431865692
21.9 172.7 2681.8 -0.6899941564 -0.5560679436 -0.4633535147 0.1651027948 0.5023657084 -0.8487460017 0.7047333717 -0.6621307731 -0.2548210621
214.8 126.5 2484.8 -0.7192116976 -0.5560679436 0.4165608585 -0.6901232600 0.5023657084 -0.5209208727 0.0804015025 -0.6621307731 -0.7450627089
-20.1 117.3 2946.0 0.0354699939 0.5623764992 -0.8261201978 -0.9952182174 0.0951559022 0.0220465008 0.0910086408 0.8213878870 0.5630624890
-11.0 -139.2 2969.4 0.1434572190 0.5649198294 -0.8125796318 -0.9896464944 0.0781953484 -0.1203547716 -0.0044508507 0.8214323521 0.5702885985
-0.1 -218.3 2645.4 -0.9032623768 0.2497922331 0.3488852382 0.1566236615 0.9489187598 -0.2739017308 -0.3994822800 -0.1927614510 -0.8962460160
-97.0 -586.6 2720.2 -0.9068840146 0.0598731153 0.4171049595 0.1121727824 0.9884393215 0.1020049453 -0.4061755836 0.1392944753 -0.9031159878
-24.7 -255.0 2819.0 -0.7905409336 0.0459724665 0.6106812358 -0.0244659632 0.9940114617 -0.1065015644 -0.6119202971 -0.0991347581 -0.7846820354
-42.5 -640.8 2857.5 -0.7896506786 0.0384835228 0.6123486757 0.0351056494 0.9992299080 -0.0175270829 -0.6125515699 0.0076566255 -0.7903935313
410.8 314.6 2462.9 0 0 0 0 0 0 0 0 0
26.5 -397.3 2968.3 0 0 0 0 0 0 0 0 0
-119.7 -961.1 2667.4 0 0 0 0 0 0 0 0 0
-56.9 -1013.8 2854.6 0 0 0 0 0 0 0 0 0
9.5 339.3 2861.0 8 -0.1604032815 0.0426348262 -0.9861303568 -0.2329336703 0.9692136645 0.0797922686 0.9591729045 0.2425018996 -0.1455339640
1.2 150.8 2813.8 -0.1604032815 0.0426348262 -0.9861303568 -0.2329336703 0.9692136645 0.0797922686 0.9591729045 0.2425018996 -0.1455339640
-7.7 -38.7 2772.4 -0.1590705216 0.0460329764 -0.9861934781 -0.2036969662 0.9758892059 0.0784078091 0.9660248756 0.2133569866 -0.1458584368
23.0 178.6 2681.8 -0.6959375143 -0.5488162637 -0.4631109238 0.1765746325 0.4943256080 -0.8511542678 0.6960548759 -0.6741238236 -0.2471127063
220.9 128.4 2483.9 -0.7181778550 -0.5488162637 0.4278098643 -0.6915192008 0.4943256080 -0.5267289281 0.0776000246 -0.6741238236 -0.7345306873
-20.5 122.9 2945.8 0.0236048028 0.5610340834 -0.8274560571 -0.9958246946 0.0862024873 0.0300394073 0.0881818980 0.8232920766 0.5607264042
-14.4 -133.7 2968.5 0.1319447607 0.5633809566 -0.8155933022 -0.9912325740 0.0692048445 -0.1125551909 -0.0069684437 0.8232937455 0.5675727725
1.0 -216.1 2645.6 -0.9034242034 0.2430294603 0.3532158136 0.1561560780 0.9537578821 -0.2568290532 -0.3992994130 -0.1768687963 -0.8995984793
-93.3 -586.3 2714.3 -0.9069493413 0.0744505897 0.4146082401 0.1182638109 0.9896741509 0.0809860080 -0.4042975903 0.1224833578 -0.9063891172
-26.6 -252.5 2818.8 -0.7891289592 0.0391003527 0.6129817367 -0.0166831873 0.9962391853 -0.0850245431 -0.6140009165 -0.0773218200 -0.7855088711
-41.7 -639.1 2848.9 -0.7882492542 0.0423876680 0.6138944626 0.0113724675 0.9984578490 -0.0543382689 -0.6152510047 -0.0358506031 -0.7875156999
418.1 318.2 2462.6 0 0 0 0 0 0 0 0 0
20.0 -392.2 2966.7 0 0 0 0 0 0 0 0 0
-121.5 -961.0 2667.9 0 0 0 0 0 0 0 0 0
-57.5 -1011.5 2862.2 0 0 0 0 0 0 0 0 0
7.1 341.4 2861.5 9 -0.1630391628 0.0299796835 -0.9861640334 -0.2370385677 0.9690717459 0.0686488599 0.9577217698 0.2449513525 -0.1508903056
1.3 152.4 2813.7 -0.1630391628 0.0299796835 -0.9861640334 -0.2370385677 0.9690717459 0.0686488599 0.9577217698 0.2449513525 -0.1508903056
-5.3 -37.1 2772.1 -0.1620331705 0.0339879543 -0.9861997962 -0.2064472288 0.9761224985 0.0675600469 0.9649480581 0.2145451754 -0.1511475146
23.4 180.6 2681.9 -0.6976057291 -0.5471606255 -0.4625597596 0.1809411347 0.4901322424 -0.8526609540 0.6932579279 -0.6785172224 -0.2429151833
223.1 128.8 2483.5 -0.7176167369 -0.5471606255 0.4308613539 -0.6919604540 0.4901322424 -0.5300576091 0.0788476095 -0.6785172224 -0.7303406596
-20.8 124.2 2945.5 0.0342437997 0.5555570722 -0.8307729363 -0.9955859184 0.0916447416 0.0202476978 0.0873847231 0.8264124990 0.5562430620
-12.0 -132.3 2968.0 0.1430453807 0.5580940247 -0.8173549175 -0.9896901250 0.0746719837 -0.1222193688 -0.0071763825 0.8264110088 0.5630216002
-2.4 -209.8 2644.4 -0.9036954641 0.2322597653 0.3597081304 0.1433316022 0.9557214379 -0.2570070326 -0.4034731686 -0.1806985438 -0.8969712853
-92.5 -580.8 2714.6 -0.9057319164 0.0748700052 0.4171860218 0.1198394001 0.9893491268 0.0826245323 -0.4065565169 0.1248309985 -0.9050574899
-30.9 -246.3 2817.5 -0.7858727574 0.0288306121 0.6177158356 -0.0361623056 0.9950605631 -0.0924489424 -0.6173300147 -0.0949911326 -0.7809483409
-42.1 -632.5 2854.4 -0.7850412130 0.0365325809 0.6183652878 0.0170780923 0.9991563559 -0.0373480767 -0.6192080379 -0.0187592786 -0.7850028276
421.7 320.4 2461.7 0 0 0 0 0 0 0 0 0
25.3 -390.5 2966.2 0 0 0 0 0 0 0 0 0
-121.0 -957.4 2667.1 0 0 0 0 0 0 0 0 0
-55.7 -1005.3 2861.4 0 0 0 0 0 0 0 0 0
9.5 346.9 2862.2 00 -0.1487241089 0.0383126177 -0.9881362915 -0.2362305224 0.9689417481 0.0731233880 0.9602480531 0.2443031669 -0.1350543946
2.0 157.2 2814.4 -0.1487241089 0.0383126177 -0.9881362915 -0.2362305224 0.9689417481 0.0731233880 0.9602480531 0.2443031669 -0.1350543946
-5.8 -32.1 2772.3 -0.1476275623 0.0402541496 -0.9882234931 -0.2090949118 0.9753170609 0.0709644482 0.9666878581 0.2171088159 -0.1355667412
22.2 185.8 2682.3 -0.6970772743 -0.5413714051 -0.4701066613 0.1982440203 0.4845744371 -0.8519899845 0.6890446544 -0.6870986819 -0.2304621935
223.4 128.5 2483.4 -0.7183637023 -0.5413714051 0.4368874133 -0.6912218928 0.4845744371 -0.5360968709 0.0785230547 -0.6870986819 -0.7223084569
-18.2 128.6 2946.4 0.0325804614 0.5686149001 -0.8219584227 -0.9959619641 0.0873051286 0.0209184494 0.0836557224 0.8179577589 0.5691632628
-9.8 -128.0 2968.0 0.1399091631 0.5710992217 -0.8088702559 -0.9900847077 0.0703295171 -0.1215977222 -0.0125569105 0.8178626895 0.5752763748
2.6 -208.0 2644.0 -0.9087082744 0.2370064557 0.3436236084 0.1502279639 0.9537083507 -0.2605223954 -0.3894622028 -0.1851169914 -0.9022476673
-89.4 -578.3 2715.8 -0.9107810259 0.0834259763 0.4043735862 0.1283606440 0.9880553484 0.0852651075 -0.3924301863 0.1295634955 -0.9106106758
-26.4 -245.0 2816.9 -0.7955676913 0.0331351310 0.6049579382 -0.0344952233 0.9944063425 -0.0998301953 -0.6048819423 -0.1002898365 -0.7899745703
-39.3 -631.0 2855.8 -0.7943948507 0.0439801738 0.6058073640 0.0312455185 0.9990135431 -0.0315537788 -0.6065975428 -0.0061373943 -0.7949854136
423.8 321.3 2461.5 0 0 0 0 0 0 0 0 0
26.7 -386.3 2964.7 0 0 0 0 0 0 0 0 0
-121.3 -955.6 2666.4 0 0 0 0 0 0 0 0 0
-55.7 -1003.8 2858.1 0 0 0 0 0 0 0 0 0
11.0 340.0 2862.1 01 -0.1305173337 0.0384161845 -0.9907014966 -0.2436009496 0.9673746824 0.0696042106 0.9610534906 0.2504203618 -0.1169009507
3.5 150.6 2813.1 -0.1305173337 0.0384161845 -0.9907014966 -0.2436009496 0.9673746824 0.0696042106 0.9610534906 0.2504203618 -0.1169009507
-4.4 -38.4 2769.5 -0.1294591874 0.0407780781 -0.9907459021 -0.2176664919 0.9736154079 0.0685151368 0.9673994184 0.2245221138 -0.1171674356
21.2 180.4 2680.9 -0.6995568871 -0.5442411900 -0.4630568326 0.1831256896 0.4898329675 -0.8523665071 0.6907134652 -0.6810764670 -0.2430015057
222.6 127.6 2482.1 -0.7182897329 -0.5442411900 0.4334297478 -0.6915099025 0.4898329675 -0.5309215188 0.0766411945 -0.6810764670 -0.7281901836
-14.2 120.9 2945.2 0.0374735072 0.5829582810 -0.8116374612 -0.9965060353 0.0824675560 0.0132233491 0.0746424198 0.8083060980 0.5840117335
-4.5 -135.9 2964.4 0.1430256367 0.5854974389 -0.7979576588 -0.9894418120 0.0655069277 -0.1292817891 -0.0234224107 0.8080232143 0.5886848569
-0.4 -202.7 2643.5 -0.9180340171 0.2188927531 0.3306047618 0.1419007778 0.9599569440 -0.2415509224 -0.3702400923 -0.1748389006 -0.9123342037
-85.4 -575.3 2711.4 -0.9193905592 0.0945153832 0.3818218112 0.1285828203 0.9895889163 0.0646543577 -0.3717358112 0.1085383222 -0.9219717383
-26.9 -240.2 2816.7 -0.8054937124 0.0322023742 0.5917286873 -0.0084602954 0.9977958202 -0.0658175051 -0.5925439000 -0.0580217913 -0.8034458160
-39.4 -627.2 2839.2 -0.8054791093 0.0432329997 0.5910450816 -0.0081224917 0.9964364171 -0.0839554071 -0.5925684571 -0.0724250898 -0.8022575974
424.5 322.0 2460.5 0 0 0 0 0 0 0 0 0
32.8 -394.0 2958.3 0 0 0 0 0 0 0 0 0
-121.7 -955.2 2669.7 0 0 0 0 0 0 0 0 0
-55.5 -998.3 2866.2 0 0 0 0 0 0 0 0 0
13.3 335.2 2861.0 02 -0.1221934557 0.0502762012 -0.9912320971 -0.2413490564 0.9672328830 0.0788110793 0.9627146125 0.2488631308 -0.1060554087
3.5 146.7 2812.5 -0.1221934557 0.0502762012 -0.9912320971 -0.2413490564 0.9672328830 0.0788110793 0.9627146125 0.2488631308 -0.1060554087
-6.2 -42.1 2768.4 -0.1211003140 0.0502704307 -0.9913665056 -0.2202607691 0.9724587798 0.0762175918 0.9678945541 0.2275891304 -0.1066924557
20.1 176.8 2680.3 -0.7027928233 -0.5451861024 -0.4570058584 0.1725824028 0.4925563335 -0.8529968262 0.6901431680 -0.6783512235 -0.2520755529
223.1 126.9 2481.0 -0.7170853019 -0.5451861024 0.4342358708 -0.6931504607 0.4925563335 -0.5262420177 0.0730141997 -0.6783512235 -0.7311009169
-13.0 116.6 2944.8 0.0309107490 0.5918361545 -0.8054654002 -0.9970174432 0.0752706751 0.0170452427 0.0707159117 0.8025361300 0.5923976898
-5.0 -140.3 2963.0 0.1355043054 0.5942481160 -0.7927848101 -0.9903692007 0.0582900643 -0.1255832911 -0.0284161586 0.8021667004 0.5964235663
-0.7 -207.8 2639.3 -0.9228636026 0.2185885757 0.3170833588 0.1407295167 0.9577859640 -0.2506814599 -0.3584941030 -0.1867218018 -0.9146676660
-85.6 -579.6 2711.8 -0.9240333438 0.0952541530 0.3702552915 0.1292376667 0.9892775416 0.0680263489 -0.3598054647 0.1107095480 -0.9264358878
-23.9 -246.9 2812.6 -0.8116838932 0.0493033640 0.5820124149 -0.0025115565 0.9961273074 -0.0878864676 -0.5840916038 -0.0727977827 -0.8084166646
-43.1 -633.3 2840.8 -0.8119333982 0.0336829685 0.5827775002 -0.0093377037 0.9974567890 -0.0706597194 -0.5836754441 -0.0628127903 -0.8095539212
425.0 322.1 2460.4 0 0 0 0 0 0 0 0 0
30.3 -398.7 2955.6 0 0 0 0 0 0 0 0 0
-121.6 -953.7 2669.9 0 0 0 0 0 0 0 0 0
-55.6 -1005.2 2864.2 0 0 0 0 0 0 0 0 0
13.8 337.2 2851.0 03 -0.1308056414 0.0531847477 -0.9899804592 -0.2169839591 0.9728144407 0.0809325203 0.9673716426 0.2253963053 -0.1157093719
3.4 147.9 2807.1 -0.1308056414 0.0531847477 -0.9899804592 -0.2169839591 0.9728144407 0.0809325203 0.9673716426 0.2253963053 -0.1157093719
-7.1 -41.8 2767.5 -0.1296434402 0.0540158711 -0.9900882840 -0.1958403885 0.9774509072 0.0789700076 0.9720283747 0.2041372210 -0.1161416024
21.1 174.7 2674.4 -0.7082031369 -0.5436314940 -0.4504587650 0.1693730354 0.4885794222 -0.8559222817 0.6853911877 -0.6824623942 -0.2539369762
223.1 126.4 2479.0 -0.7160295844 -0.5436314940 0.4379114211 -0.6942017078 0.4885794222 -0.5285584927 0.0733865425 -0.6824623942 -0.7272272706
-14.3 121.2 2939.9 0.0247255601 0.5861729383 -0.8098086119 -0.9951448441 0.0916256011 0.0359380357 0.0952650979 0.8049882650 0.5855924487
-7.9 -135.2 2964.4 0.1301309913 0.5884891152 -0.7979639769 -0.9914916754 0.0746472701 -0.1066397652 -0.0031905116 0.8050517440 0.5931959748
-5.1 -211.1 2637.5 -0.9200019836 0.2165084332 0.3266809285 0.1339965016 0.9570899010 -0.2569510043 -0.3682951033 -0.1926213205 -0.9095360041
-89.2 -582.7 2712.3 -0.9210521579 0.0860251412 0.3798191845 0.1226228029 0.9897509813 0.0731888413 -0.3696303368 0.1139852256 -0.9221609235
-26.8 -250.6 2810.9 -0.8082979321 0.0297976118 0.5880191326 -0.0368237756 0.9942047596 -0.1009992808 -0.5876209736 -0.1032905951 -0.8025164008
-38.4 -636.2 2851.0 -0.8053230643 0.0695134550 0.5887466669 0.0421372578 0.9973017573 -0.0601137802 -0.5913367867 -0.0236028470 -0.8060792089
424.9 322.0 2458.3 0 0 0 0 0 0 0 0 0
26.0 -393.7 2963.6 0 0 0 0 0 0 0 0 0
-121.5 -954.0 2669.5 0 0 0 0 0 0 0 0 0
-64.3 -1007.7 2859.8 0 0 0 0 0 0 0 0 0
12.2 334.5 2856.5 04 -0.1656538993 0.0412876792 -0.9853193164 -0.2289666981 0.9702111483 0.0791489556 0.9592356682 0.2387166321 -0.1512657553
4.1 145.6 2810.0 -0.1656538993 0.0412876792 -0.9853193164 -0.2289666981 0.9702111483 0.0791489556 0.9592356682 0.2387166321 -0.1512657553
-4.8 -44.0 2769.3 -0.1643345207 0.0462059192 -0.9853218794 -0.1996081322 0.9766786098 0.0790917575 0.9659972787 0.2096757591 -0.1512789279
26.6 172.8 2678.1 -0.6957668662 -0.5530801415 -0.4582693279 0.1609492600 0.5017442703 -0.8499106169 0.7000027299 -0.6650977731 -0.2600792050
224.3 127.1 2479.2 -0.7156426311 -0.5530801415 0.4265653193 -0.6948570609 0.5017442703 -0.5151954293 0.0709176734 -0.6650977731 -0.7433812618
-18.3 118.3 2941.9 0.0218646005 0.5568788648 -0.8303058743 -0.9954963326 0.0887543708 0.0333121829 0.0922441259 0.8258381486 0.5563114285
-12.7 -138.2 2965.6 0.1306533068 0.5591994524 -0.8186731339 -0.9914254546 0.0717783794 -0.1091944724 -0.0022984643 0.8259199858 0.5637826920
-6.0 -213.9 2640.9 -0.9073888063 0.2156427801 0.3607544303 0.1301769912 0.9603307843 -0.2466144711 -0.3996241987 -0.1768132895 -0.8994651437
-89.7 -586.7 2709.5 -0.9083159566 0.0811394006 0.4103395641 0.1195103899 0.9904535413 0.0686952844 -0.4008483887 0.1114368588 -0.9093417525
-29.2 -249.0 2815.0 -0.7867292762 0.0346559994 0.6163246036 -0.0361778475 0.9941181540 -0.1020798534 -0.6162371635 -0.1026065052 -0.7808480263
-42.6 -634.8 2854.8 -0.7854465842 0.0462102406 0.6172019839 0.0363988504 0.9989317060 -0.0284696482 -0.6178582311 0.0001040530 -0.7862895131
425.2 322.1 2459.3 0 0 0 0 0 0 0 0 0
21.4 -396.8 2965.0 0 0 0 0 0 0 0 0 0
-120.1 -958.1 2667.7 0 0 0 0 0 0 0 0 0
-59.9 -1007.1 2854.7 0 0 0 0 0 0 0 0 0
9.9 333.6 2847.7 05 -0.1708865017 0.0372182168 -0.9845875502 -0.2160786837 0.9735445380 0.0743037313 0.9613052607 0.2254458815 -0.1583235562
2.7 144.2 2803.9 -0.1708865017 0.0372182168 -0.9845875502 -0.2160786837 0.9735445380 0.0743037313 0.9613052607 0.2254458815 -0.1583235562
-5.2 -45.9 2765.5 -0.1697693169 0.0408997536 -0.9846347570 -0.1881488562 0.9794146419 0.0731232762 0.9673563838 0.1976719797 -0.1585793048
25.9 169.9 2671.8 -0.7100232244 -0.5496610999 -0.4401587844 0.1517339349 0.4909616113 -0.8578656912 0.6876364350 -0.6758915782 -0.2651919127
224.6 127.5 2479.3 -0.7152795792 -0.5496610999 0.4315644205 -0.6945648789 0.4909616113 -0.5258672237 0.0771671683 -0.6758915782 -0.7329500914
-20.5 118.5 2936.0 0.0252525024 0.5511631966 -0.8340152502 -0.9941587448 0.1014163569 0.0369201489 0.1049318165 0.8282112479 0.5505047441
-14.0 -137.6 2963.0 0.1346739680 0.5535528660 -0.8218528628 -0.9908288121 0.0844457000 -0.1054856554 0.0110100545 0.8285216689 0.5598487258
0.9 -215.7 2642.2 -0.8987365365 0.2368672639 0.3690074682 0.1493824124 0.9565968513 -0.2502145767 -0.4122590125 -0.1697537601 -0.8951123953
-91.0 -586.9 2708.1 -0.9018307924 0.0790628195 0.4247943461 0.1167932153 0.9911253452 0.0634814277 -0.4160054326 0.1068626046 -0.9030613899
-28.5 -251.4 2815.1 -0.7818769217 0.0382846668 0.6222562194 -0.0272010714 0.9950672388 -0.0954007432 -0.6228391528 -0.0915176719 -0.7769786716
-43.3 -637.6 2850.6 -0.7808467746 0.0401975662 0.6234279871 0.0210390538 0.9990537167 -0.0380657502 -0.6243681908 -0.0166071821 -0.7809535861
425.0 322.1 2457.7 0 0 0 0 0 0 0 0 0
21.1 -396.1 2965.9 0 0 0 0 0 0 0 0 0
-120.5 -956.4 2668.2 0 0 0 0 0 0 0 0 0
-58.3 -1010.2 2856.8 0 0 0 0 0 0 0 0 0
12.7 327.5 2854.3 06 -0.1745281965 0.0555754565 -0.9830825329 -0.2334014177 0.9676163793 0.0961372480 0.9565896392 0.2462315261 -0.1559049487
1.9 138.8 2806.3 -0.1745281965 0.0555754565 -0.9830825329 -0.2334014177 0.9676163793 0.0961372480 0.9565896392 0.2462315261 -0.1559049487
-7.8 -50.3 2764.0 -0.1730803102 0.0497981831 -0.9836480021 -0.2067139149 0.9746395946 0.0857150033 0.9629706740 0.2181693017 -0.1583969444
25.5 167.1 2674.8 -0.7022486329 -0.5563654900 -0.4441894889 0.1391145140 0.5046564341 -0.8520382047 0.6982077360 -0.6601358056 -0.2769957483
224.6 127.6 2476.9 -0.7156402469 -0.5563654900 0.4222752750 -0.6947449446 0.5046564341 -0.5124952197 0.0720307305 -0.6601358056 -0.7476845980
-21.8 110.6 2937.8 0.0157592520 0.5507666469 -0.8345104456 -0.9963281155 0.0788946748 0.0332544334 0.0841538683 0.8309221864 0.5499876738
-17.7 -146.0 2959.5 0.1253995150 0.5529975295 -0.8236921430 -0.9920603037 0.0618979037 -0.1094759703 -0.0095551256 0.8308805227 0.5563688278
2.0 -219.1 2640.5 -0.8993743658 0.2428645790 0.3635141850 0.1557113379 0.9549225569 -0.2527386844 -0.4085091949 -0.1707034111 -0.8966496587
-92.3 -589.8 2706.8 -0.9033448100 0.0797692761 0.4214321375 0.1156637669 0.9914587140 0.0602619573 -0.4130254984 0.1031817570 -0.9048554897
-28.4 -252.8 2813.8 -0.7820295095 0.0348174460 0.6222681403 -0.0291928928 0.9952960610 -0.0923771709 -0.6225573421 -0.0904074758 -0.7773344517
-41.9 -639.2 2848.9 -0.7808958888 0.0442572720 0.6230913997 0.0098639727 0.9982362390 -0.0585411377 -0.6245833039 -0.0395683795 -0.7799551487
424.9 322.1 2456.7 0 0 0 0 0 0 0 0 0
15.0 -404.8 2957.0 0 0 0 0 0 0 0 0 0
-121.7 -955.8 2668.7 0 0 0 0 0 0 0 0 0
-58.4 -1011.6 2863.7 0 0 0 0 0 0 0 0 0
13.3 325.9 2857.2 07 -0.1624775976 0.0533172898 -0.9852706790 -0.2368004769 0.9672502279 0.0913920775 0.9578760862 0.2481617332 -0.1445309371
2.9 137.3 2808.8 -0.1624775976 0.0533172898 -0.9852706790 -0.2368004769 0.9672502279 0.0913920775 0.9578760862 0.2481617332 -0.1445309371
-6.9 -51.9 2766.3 -0.1609619260 0.0504271872 -0.9856715202 -0.2084330916 0.9744322300 0.0838896781 0.9647004008 0.2189496160 -0.1463357955
24.9 165.7 2677.0 -0.7043812275 -0.5602227449 -0.4358870983 0.1340686828 0.4980247319 -0.8567362428 0.6970456839 -0.6619077325 -0.2756909430
224.5 127.7 2479.5 -0.7146468759 -0.5602227449 0.4188439846 -0.6946377158 0.4980247319 -0.5190855861 0.0822088867 -0.6619077325 -0.7450636625
-19.1 108.8 2940.5 0.0188331064 0.5606392026 -0.8278459907 -0.9964119196 0.0788574517 0.0307364482 0.0825138837 0.8242967725 0.5601127148
-14.2 -147.9 2961.8 0.1273009777 0.5629048944 -0.8166593909 -0.9917852879 0.0618595853 -0.1119612157 -0.0125053022 0.8242035508 0.5661555529
