-305.7 419.8 2775.7 1 -0.0717356056 0.0309611987 -0.9969430566 -0.1689312309 0.9847008586 0.0427365489 0.9830138683 0.1714805365 -0.0654078051
-312.0 221.4 2741.1 -0.0717356056 0.0309611987 -0.9969430566 -0.1689312309 0.9847008586 0.0427365489 0.9830138683 0.1714805365 -0.0654078051
-316.6 24.8 2713.3 -0.0708834976 0.0233531035 -0.9972112179 -0.1379528940 0.9898893237 0.0329875685 0.9878990650 0.1399064511 -0.0669451877
-301.6 241.6 2596.8 -0.4017093182 0.3995166719 -0.8240243196 0.8960478902 0.3572038412 -0.2636353076 0.1890179664 -0.8442699909 -0.5014781952
-190.4 -6.4 2544.5 -0.6960508823 0.3995166719 0.5965731740 -0.4811312854 0.3572038412 -0.8005735874 -0.5329407454 -0.8442699909 -0.0564121008
-322.3 201.3 2885.4 -0.2313079983 0.7813086510 -0.5797011256 -0.8890972733 0.0721453130 0.4519968331 0.3949717581 0.6199611425 0.6779716015
-385.7 -42.4 2993.7 0.2694506943 0.7813086510 -0.5629858971 -0.9349541068 0.0721453130 -0.3473555446 -0.2307750881 0.6199611425 0.7499273419
-311.5 -155.9 2587.0 -0.3066120744 0.0335282981 -0.9512438774 -0.1372541487 0.9873771071 0.0790426657 0.9418866038 0.1547975987 -0.2981398404
-324.8 -548.1 2525.5 -0.2927763462 -0.1620061547 -0.9423566461 -0.2286245227 0.9688166976 -0.0955247805 0.9284464717 0.1874784380 -0.3206852078
-322.2 -183.9 2767.9 0.0178323295 0.2227858007 0.9747043252 0.1324507147 0.9657412767 -0.2231603563 -0.9910291433 0.1330797523 -0.0122867217
-410.7 -567.5 2715.0 0.0137109766 0.1415767819 0.9898323417 0.1037987694 0.9843755960 -0.1422341019 -0.9945037961 0.1046935469 -0.0011987460
-10.1 118.2 2682.6 0 0 0 0 0 0 0 0 0
-310.0 -305.3 2928.8 0 0 0 0 0 0 0 0 0
-269.5 -878.8 2461.5 0 0 0 0 0 0 0 0 0
-450.8 -846.2 2685.4 0 0 0 0 0 0 0 0 0
-307.1 420.3 2776.2 2 -0.0759602785 0.0198906101 -0.9969124198 -0.1647379845 0.9858109355 0.0322214104 0.9834080935 0.1666768938 -0.0716057345
-311.1 221.2 2742.6 -0.0759602785 0.0198906101 -0.9969124198 -0.1647379845 0.9858109355 0.0322214104 0.9834080935 0.1666768938 -0.0716057345
-314.2 24.4 2715.5 -0.0754259154 0.0153234079 -0.9970336556 -0.1347470284 0.9905539751 0.0254174769 0.9880051613 0.1362644583 -0.0726486519
-300.1 240.9 2598.2 -0.3885445595 0.3893360794 -0.8351350427 0.9003458023 0.3531949520 -0.2542258501 0.1959861815 -0.8506883979 -0.4877690673
-197.0 2.1 2546.3 -0.6756300330 0.3893360794 0.6260523200 -0.5182219148 0.3531949520 -0.7789090872 -0.5243759155 -0.8506883979 -0.0368666165
-322.1 201.5 2886.9 -0.2269909233 0.7772615552 -0.5868045688 -0.8892540932 0.0802742168 0.4503146112 0.3971175253 0.6240356565 0.6729614735
-384.4 -42.3 2995.8 0.2776250839 0.7772615552 -0.5646138191 -0.9338077903 0.0802742168 -0.3486531675 -0.2256707698 0.6240356565 0.7480990291
-314.8 -159.2 2594.9 -0.3117064834 0.0242704786 -0.9498684406 -0.1682893485 0.9824591875 0.0803286359 0.9351565242 0.1848917007 -0.3021544218
-324.4 -549.4 2521.5 -0.3044382036 -0.1590729505 -0.9391555786 -0.2150811702 0.9719733000 -0.0949105173 0.9279318452 0.1731002927 -0.3301194012
-327.8 -184.5 2776.1 0.0270312317 0.2047157735 0.9784481525 0.1500334442 0.9668876529 -0.2064419538 -0.9883113503 0.1523803174 -0.0045780507
-409.1 -568.5 2715.5 0.0182181858 0.1520646811 0.9882026315 0.0929727480 0.9838266373 -0.1531053185 -0.9955019951 0.0946652144 0.0037856649
-26.3 133.1 2678.8 0 0 0 0 0 0 0 0 0
-306.3 -304.9 2932.3 0 0 0 0 0 0 0 0 0
-270.5 -879.3 2462.7 0 0 0 0 0 0 0 0 0
-452.3 -847.9 2688.7 0 0 0 0 0 0 0 0 0
-307.1 421.2 2776.5 3 -0.0873042792 0.0250199176 -0.9958674312 -0.1650380343 0.9855067730 0.0392279364 0.9824156165 0.1677807719 -0.0819097161
-312.1 222.4 2742.6 -0.0873042792 0.0250199176 -0.9958674312 -0.1650380343 0.9855067730 0.0392279364 0.9824156165 0.1677807719 -0.0819097161
-315.7 25.6 2715.2 -0.0866673365 0.0181865003 -0.9960712790 -0.1359113604 0.9902695417 0.0299061053 0.9869229198 0.1379693002 -0.0833522677
-299.5 242.2 2598.5 -0.3838669360 0.3686088920 -0.8466248512 0.9043621421 0.3352433741 -0.2640851438 0.1864812374 -0.8670290709 -0.4620447755
-199.2 6.1 2549.8 -0.6446542144 0.3686088920 0.6697375774 -0.5797982812 0.3352433741 -0.7425940037 -0.4982518256 -0.8670290709 -0.0023972495
-324.8 202.5 2886.8 -0.2351189256 0.7708305120 -0.5920636654 -0.8888632655 0.0759283453 0.4518373013 0.3932444155 0.6324991584 0.6673107147
-389.2 -41.2 2994.6 0.2759737670 0.7708305120 -0.5741592050 -0.9346683025 0.0759283453 -0.3473183811 -0.2241286486 0.6324991584 0.7414250970
-310.3 -160.1 2597.8 -0.3223089278 0.0370458551 -0.9459093809 -0.1621698737 0.9823012948 0.0937288404 0.9326402545 0.1836076379 -0.3105967641
-325.0 -550.3 2524.9 -0.3114997447 -0.1661416292 -0.9356093407 -0.2301414609 0.9684742689 -0.0953548476 0.9219560027 0.1856195033 -0.3399155438
-324.1 -184.8 2779.0 0.0385219008 0.2096950263 0.9770076871 0.1522246003 0.9650903344 -0.2131391913 -0.9875949025 0.1569351256 0.0052563730
-407.4 -568.2 2716.7 0.0285073314 0.1539454162 0.9876680374 0.0880208984 0.9838448167 -0.1558900774 -0.9957106113 0.0913794339 0.0144963758
-38.9 150.2 2673.7 0 0 0 0 0 0 0 0 0
-311.6 -304.1 2931.6 0 0 0 0 0 0 0 0 0
-268.8 -878.1 2462.0 0 0 0 0 0 0 0 0 0
-451.2 -848.0 2690.7 0 0 0 0 0 0 0 0 0
-307.7 420.8 2776.1 4 -0.1091959029 0.0206446908 -0.9938058257 -0.1618735492 0.9860691428 0.0382700749 0.9807513356 0.1650498211 -0.1043328866
-311.8 222.1 2742.9 -0.1091959029 0.0206446908 -0.9938058257 -0.1618735492 0.9860691428 0.0382700749 0.9807513356 0.1650498211 -0.1043328866
-314.5 25.4 2715.2 -0.1087605655 0.0136289410 -0.9939745665 -0.1367712319 0.9901914001 0.0285425596 0.9846140146 0.1390514374 -0.1058297232
-296.0 242.1 2599.1 -0.4174943864 0.3585764468 -0.8349379301 0.8937409520 0.3279662728 -0.3060477376 0.1640899777 -0.8739914298 -0.4573985338
-186.7 8.3 2556.1 -0.5759864450 0.3585764468 0.7346172929 -0.6590515971 0.3279662728 -0.6768228412 -0.4836224318 -0.8739914298 0.0474162512
-327.7 202.1 2886.7 -0.2426013201 0.7562194467 -0.6076814532 -0.8895283937 0.0765770823 0.4504166842 0.3871483207 0.6498215795 0.6541009545
-394.2 -41.8 2992.8 0.2822876275 0.7562194467 -0.5902929902 -0.9341325164 0.0765770823 -0.3486149609 -0.2184264958 0.6498215795 0.7280259728
-311.4 -158.7 2597.3 -0.3426845968 0.0346460529 -0.9388114214 -0.1516706347 0.9841698408 0.0916827247 0.9271263480 0.1738083959 -0.3320050538
-325.2 -549.7 2528.2 -0.3286630511 -0.1661929339 -0.9297099113 -0.2425090224 0.9662409425 -0.0869934335 0.9127814770 0.1968715191 -0.3578709662
-327.3 -183.6 2778.3 0.0599237569 0.1999178976 0.9779785275 0.1496957690 0.9668597579 -0.2068173140 -0.9869145751 0.1587925106 0.0280110054
-406.7 -567.8 2715.2 0.0505560935 0.1573112905 0.9862541556 0.0907698050 0.9827061892 -0.1613982916 -0.9945878386 0.0976817608 0.0354026705
-41.1 174.9 2678.4 0 0 0 0 0 0 0 0 0
-314.9 -304.5 2931.4 0 0 0 0 0 0 0 0 0
-269.1 -875.9 2461.8 0 0 0 0 0 0 0 0 0
-451.4 -847.1 2687.4 0 0 0 0 0 0 0 0 0
-307.8 418.6 2774.9 5 -0.2386146188 0.0464010127 -0.9700051546 -0.1440206617 0.9861213565 0.0826000422 0.9603754878 0.1594103724 -0.2286202610
-317.1 219.9 2742.8 -0.2386146188 0.0464010127 -0.9700051546 -0.1440206617 0.9861213565 0.0826000422 0.9603754878 0.1594103724 -0.2286202610
-324.7 23.1 2716.6 -0.2375096381 0.0378090478 -0.9706490636 -0.1180812046 0.9907082319 0.0674838722 0.9641815424 0.1306434870 -0.2308382094
-282.8 236.8 2603.2 -0.4232831597 0.3806872368 -0.8221365809 0.8892112970 0.3484317064 -0.2964770794 0.1735934168 -0.8565468788 -0.4859966338
-175.8 12.0 2559.3 -0.5185216665 0.3806872368 0.7656451464 -0.6865256429 0.3484317064 -0.6381832957 -0.5097232461 -0.8565468788 0.0806821510
-351.5 203.0 2882.5 -0.3257479668 0.6713729501 -0.6656925678 -0.8752028942 0.0522151664 0.4809298217 0.3576425314 0.7392779589 0.5705785751
-440.5 -36.0 2980.2 0.2651023269 0.6713729501 -0.6920831203 -0.9484338760 0.0522151664 -0.3126447797 -0.1737640202 0.7392779589 0.6505952477
-307.3 -158.9 2597.3 -0.4635089636 0.0414646119 -0.8851215243 -0.1397861391 0.9829747081 0.1192500517 0.8749967217 0.1790011823 -0.4498214126
-323.8 -549.5 2526.2 -0.4488586187 -0.1646404117 -0.8783048987 -0.2415130138 0.9686536789 -0.0581510402 0.8603472710 0.1860204637 -0.4745513499
-329.0 -183.9 2777.9 0.1911544353 0.1842266172 0.9641164541 0.1387532800 0.9672938585 -0.2123442441 -0.9717034101 0.1743648648 0.1593404710
-402.1 -568.0 2708.7 0.1759229153 0.1698139608 0.9696465135 0.0462978296 0.9824914932 -0.1804633141 -0.9833146334 0.0766401589 0.1649807543
-43.1 187.6 2689.7 0 0 0 0 0 0 0 0 0
-366.0 -302.4 2931.3 0 0 0 0 0 0 0 0 0
-268.2 -876.2 2463.5 0 0 0 0 0 0 0 0 0
-450.0 -845.3 2687.1 0 0 0 0 0 0 0 0 0
-307.5 420.3 2776.4 6 -0.3290367723 0.0677537322 -0.9418833256 -0.1480322033 0.9813902974 0.1223090887 0.9326421022 0.1796732545 -0.3128837943
-321.1 223.0 2740.2 -0.3290367723 0.0677537322 -0.9418833256 -0.1480322033 0.9813902974 0.1223090887 0.9326421022 0.1796732545 -0.3128837943
-333.0 27.1 2709.8 -0.3274589777 0.0605086796 -0.9429259300 -0.1238231733 0.9865928888 0.1063121036 0.9367168546 0.1515689343 -0.3155763149
-273.7 240.6 2604.6 -0.4245586991 0.3983261585 -0.8130720854 0.8901546001 0.3477424681 -0.2944486141 0.1654531062 -0.8487705588 -0.5022089481
-166.8 16.5 2562.9 -0.4842193425 0.3983261585 0.7790172696 -0.7061805725 0.3477424681 -0.6167529821 -0.5165662169 -0.8487705588 0.1129065603
-368.6 205.3 2875.9 -0.3867757022 0.6031885147 -0.6975443363 -0.8681142330 0.0170214437 0.4960725605 0.3110984862 0.7974169850 0.5170530677
-474.1 -31.5 2960.8 0.2472940981 0.6031885147 -0.7582936287 -0.9544954300 0.0170214437 -0.2977394760 -0.1666857749 0.7974169850 0.5799499750
-310.8 -163.0 2602.6 -0.5456355214 0.0371958502 -0.8371967077 -0.1464162469 0.9794171453 0.1389400512 0.8251328468 0.1983898282 -0.5289586782
-325.5 -552.2 2523.8 -0.5306798220 -0.1749851406 -0.8293124437 -0.2454316318 0.9682616591 -0.0472509302 0.8112596869 0.1784643829 -0.5567837954
-354.8 -184.2 2778.0 0.2819201350 0.1182233840 0.9521262050 0.1414313018 0.9764170051 -0.1631166786 -0.9489563704 0.1806463152 0.2585511208
-401.6 -571.2 2706.4 0.2629388571 0.1746969968 0.9488646388 0.0243360531 0.9819567204 -0.1875333786 -0.9645055532 0.0724014342 0.2539431453
-42.0 198.4 2696.0 0 0 0 0 0 0 0 0 0
-404.6 -299.8 2913.9 0 0 0 0 0 0 0 0 0
-266.5 -878.9 2463.6 0 0 0 0 0 0 0 0 0
-450.2 -844.0 2686.3 0 0 0 0 0 0 0 0 0
-308.8 416.7 2777.1 7 -0.3715939522 0.0593867935 -0.9264940023 -0.1573127657 0.9794934392 0.1258782446 0.9149702787 0.1925249398 -0.3546315134
-320.7 220.1 2738.4 -0.3715939522 0.0593867935 -0.9264940023 -0.1573127657 0.9794934392 0.1258782446 0.9149702787 0.1925249398 -0.3546315134
-330.2 24.6 2704.8 -0.3706008196 0.0484585688 -0.9275272489 -0.1392273307 0.9844558835 0.1070621759 0.9182977676 0.1688144654 -0.3580934107
-266.8 240.2 2605.0 -0.4390978515 0.4144268632 -0.7971470952 0.8813545704 0.3708992302 -0.2926565111 0.1743765175 -0.8310740590 -0.5281180739
-156.9 19.6 2561.4 -0.4440944791 0.4144268632 0.7943742275 -0.7146652937 0.3708992302 -0.5930322409 -0.5404012799 -0.8310740590 0.1314622015
-374.6 200.0 2871.8 -0.3972003162 0.5645822287 -0.7235183716 -0.8735689521 0.0090230871 0.4866167307 0.2812635303 0.8253275156 0.4896175265
-483.2 -38.8 2948.7 0.2604301870 0.5645822287 -0.7832132578 -0.9508067369 0.0090230871 -0.3096531928 -0.1677576900 0.8253275156 0.5391584635
-315.0 -157.7 2594.2 -0.5817799568 0.0351331085 -0.8125870824 -0.1142713726 0.9856265187 0.1244284138 0.8052788973 0.1652453989 -0.5694030523
-329.0 -549.2 2528.5 -0.5575341582 -0.1951562166 -0.8068888783 -0.2735008001 0.9608911276 -0.0434233695 0.7838066816 0.1964747459 -0.5891050100
-375.1 -179.9 2764.5 0.3223093748 0.0749367997 0.9436636567 0.1209143996 0.9854373932 -0.1195525229 -0.9388803840 0.1526354253 0.3085547984
-404.8 -570.4 2704.0 0.3053417206 0.1637211740 0.9380627871 0.0064423298 0.9847310781 -0.1739632338 -0.9522210360 0.0591615438 0.2996247411
-42.1 204.3 2701.1 0 0 0 0 0 0 0 0 0
-410.0 -306.1 2901.6 0 0 0 0 0 0 0 0 0
-261.7 -880.3 2460.8 0 0 0 0 0 0 0 0 0
-450.2 -843.4 2687.6 0 0 0 0 0 0 0 0 0
-309.1 414.2 2776.4 8 -0.3868026435 0.0571906753 -0.9203873873 -0.1641868800 0.9778569341 0.1297629923 0.9074284434 0.2013082057 -0.3688476980
-320.6 218.2 2736.1 -0.3868026435 0.0571906753 -0.9203873873 -0.1641868800 0.9778569341 0.1297629923 0.9074284434 0.2013082057 -0.3688476980
-329.2 23.0 2700.2 -0.3860536814 0.0435741618 -0.9214466214 -0.1496143192 0.9827008843 0.1091539413 0.9102626443 0.1800008863 -0.3728559613
-264.3 239.9 2603.5 -0.4359075427 0.4213450253 -0.7952691317 0.8825149536 0.3734066784 -0.2858929932 0.1764992326 -0.8264598250 -0.5346140862
-154.9 18.3 2559.2 -0.4303084910 0.4213450253 0.7983126044 -0.7198714614 0.3734066784 -0.5851089954 -0.5446280241 -0.8264598250 0.1426341981
-376.9 196.5 2868.6 -0.4008514285 0.5503032207 -0.7324510217 -0.8766347766 0.0018544594 0.4811527729 0.2661382258 0.8349628448 0.4816716015
-486.6 -43.5 2941.5 0.2656396925 0.5503032207 -0.7915818691 -0.9484286308 0.0018544594 -0.3169852495 -0.1729700565 0.8349628448 0.5224159956
-305.8 -158.3 2587.4 -0.5942667723 0.0515979007 -0.8026111126 -0.0988070741 0.9856965542 0.1365264356 0.7981755137 0.1604367793 -0.5806685090
-326.3 -549.8 2523.6 -0.5717717409 -0.1864767522 -0.7989389896 -0.2568722367 0.9655525684 -0.0415311158 0.7791621685 0.1814789325 -0.5999764204
-373.7 -183.5 2754.9 0.3350665867 0.0743610039 0.9392554760 0.0892308205 0.9898956418 -0.1102020741 -0.9379596114 0.1207355708 0.3250456452
-403.2 -576.2 2707.0 0.3222828507 0.1727280170 0.9307517409 0.0106765842 0.9824868441 -0.1860258430 -0.9465832114 0.0698901936 0.3147945404
-43.3 204.8 2700.3 0 0 0 0 0 0 0 0 0
-411.9 -310.2 2892.9 0 0 0 0 0 0 0 0 0
-263.1 -877.1 2462.1 0 0 0 0 0 0 0 0 0
-450.6 -846.0 2687.8 0 0 0 0 0 0 0 0 0
-307.2 413.2 2777.6 9 -0.3967327476 0.0689278618 -0.9153425694 -0.1634147763 0.9759443998 0.1443194747 0.9032711387 0.2068367600 -0.3759253025
-321.0 217.3 2736.1 -0.3967327476 0.0689278618 -0.9153425694 -0.1634147763 0.9759443998 0.1443194747 0.9032711387 0.2068367600 -0.3759253025
-332.0 22.3 2699.7 -0.3956565857 0.0556396283 -0.9167115688 -0.1465032548 0.9815575480 0.1228068620 0.9066380858 0.1828905791 -0.3802083135
-263.3 238.7 2603.8 -0.4376656115 0.4186856747 -0.7957079411 0.8802837133 0.3798049092 -0.2843392789 0.1831649989 -0.8248942494 -0.5347897410
-153.5 17.9 2557.9 -0.4225879014 0.4186856747 0.8038169742 -0.7225208282 0.3798049092 -0.5776780248 -0.5471591949 -0.8248942494 0.1420081556
-378.7 196.0 2868.3 -0.4155142605 0.5434032083 -0.7294250131 -0.8713228703 -0.0076447879 0.4906506538 0.2610448301 0.8394370079 0.4766561389
-492.6 -42.7 2939.8 0.2541232407 0.5434032083 -0.8000839949 -0.9515426159 -0.0076447879 -0.3074218631 -0.1731704921 0.8394370079 0.5151285529
-302.4 -158.6 2581.2 -0.6016414165 0.0580122694 -0.7966569066 -0.0833991170 0.9873456955 0.1348818094 0.7944005132 0.1475909650 -0.5891898870
-325.5 -550.8 2522.6 -0.5771999359 -0.1888568401 -0.7944641709 -0.2597949207 0.9648098350 -0.0406026132 0.7741749287 0.1829619259 -0.6059522033
-373.2 -185.9 2747.7 0.3426977396 0.0819135830 0.9358677268 0.0707828477 0.9911082983 -0.1126680076 -0.9367753267 0.1048544571 0.3338524997
-405.7 -579.3 2706.0 0.3337519765 0.1651594490 0.9280797243 0.0142445499 0.9835358262 -0.1801508963 -0.9425532818 0.0733457953 0.3259044290
-43.8 205.4 2699.9 0 0 0 0 0 0 0 0 0
-421.1 -310.3 2891.2 0 0 0 0 0 0 0 0 0
-261.5 -877.7 2460.6 0 0 0 0 0 0 0 0 0
-450.1 -843.8 2686.3 0 0 0 0 0 0 0 0 0
-306.0 411.4 2776.7 0 -0.4265547693 0.0705682412 -0.9017046094 -0.1458954960 0.9785274863 0.1455968916 0.8926172256 0.1936596930 -0.4070999622
-320.2 214.1 2737.6 -0.4265547693 0.0705682412 -0.9017046094 -0.1458954960 0.9785274863 0.1455968916 0.8926172256 0.1936596930 -0.4070999622
-331.3 18.9 2702.7 -0.4259155095 0.0557316989 -0.9030448198 -0.1359685957 0.9828232527 0.1247840002 0.8944878578 0.1759331822 -0.4110219181
-258.1 234.0 2607.1 -0.4369434118 0.4148958623 -0.7980863452 0.8758433461 0.3983485997 -0.2724276483 0.2048874795 -0.8180341125 -0.5374395847
-151.1 19.5 2557.0 -0.4116354287 0.4148958623 0.8114294410 -0.7196187973 0.3983485997 -0.5687417388 -0.5592003465 -0.8180341125 0.1345924735
-382.4 194.3 2868.1 -0.4293476343 0.5156653523 -0.7414512038 -0.8663732409 -0.0033061879 0.4993860722 0.2550647259 0.8567836881 0.4481781423
-500.0 -43.1 2938.0 0.2535695136 0.5156653523 -0.8184080720 -0.9546065331 -0.0033061879 -0.2978514135 -0.1562974602 0.8567836881 0.4914191365
-306.8 -159.3 2580.3 -0.6282616854 0.0461567827 -0.7766317129 -0.0825380087 0.9886507988 0.1255272031 0.7736114860 0.1429655552 -0.6173217297
-325.1 -552.1 2523.5 -0.6057577729 -0.1823790222 -0.7744646072 -0.2547500432 0.9665907621 -0.0283667557 0.7537638545 0.1801115125 -0.6319809556
-379.3 -186.1 2746.4 0.3713029921 0.0798637494 0.9250707626 0.0337728932 0.9944731593 -0.0994111300 -0.9278973341 0.0681539625 0.3665536046
-411.0 -580.8 2719.3 0.3761889935 0.1500218660 0.9143168330 0.0645201877 0.9801675677 -0.1873730719 -0.9242937565 0.1294795871 0.3590488136
-44.2 206.3 2702.2 0 0 0 0 0 0 0 0 0
-428.7 -311.6 2894.1 0 0 0 0 0 0 0 0 0
-263.3 -879.8 2462.4 0 0 0 0 0 0 0 0 0
-451.1 -843.1 2684.7 0 0 0 0 0 0 0 0 0
-302.9 416.0 2787.7 1 -0.2713833153 0.0735501796 -0.9596569538 -0.1954100728 0.9720988274 0.1297641546 0.9424256086 0.2227424681 -0.2494389713
-317.7 220.8 2743.0 -0.2713833153 0.0735501796 -0.9596569538 -0.1954100728 0.9720988274 0.1297641546 0.9424256086 0.2227424681 -0.2494389713
-329.6 26.4 2704.0 -0.2699574530 0.0581073090 -0.9611173272 -0.1742823869 0.9787413478 0.1081250533 0.9469681382 0.1966949850 -0.2540914416
-278.9 246.0 2606.8 -0.4875610471 0.4051920772 -0.7733715773 0.8522172570 0.4133861661 -0.3206830621 0.1897628754 -0.8154332042 -0.5468626618
-149.7 20.3 2556.5 -0.4053544998 0.4051920772 0.8194553852 -0.7182340026 0.4133861661 -0.5596889853 -0.5655330420 -0.8154332042 0.1234547868
-356.6 195.6 2879.3 -0.3573446572 0.6489545107 -0.6716865301 -0.8884782195 -0.0144799445 0.4586903155 0.2879431546 0.7606893778 0.5817562938
-454.2 -47.1 2957.9 0.2442722023 0.6489545107 -0.7205477953 -0.9429215193 -0.0144799445 -0.3327001035 -0.2263407260 0.7606893778 0.6083761454
-303.3 -164.0 2585.8 -0.4895429313 0.0567255914 -0.8701321483 -0.1010388657 0.9874699116 0.1212202981 0.8661055565 0.1472596973 -0.4776774049
-325.9 -556.3 2527.2 -0.4666688144 -0.1811456531 -0.8656826615 -0.2577036619 0.9641787410 -0.0628342628 0.8460549712 0.1937668025 -0.4966340661
-381.4 -188.8 2749.6 0.2126190215 0.0663910732 0.9748771191 0.0610512495 0.9948372245 -0.0810655728 -0.9752260447 0.0767535493 0.2074680626
-407.8 -583.9 2719.1 0.2198787332 0.1571792513 0.9627814293 0.1049282476 0.9773981571 -0.1835289001 -0.9698677063 0.1413770616 0.1984165311
-44.4 206.9 2703.4 0 0 0 0 0 0 0 0 0
-385.7 -311.6 2894.4 0 0 0 0 0 0 0 0 0
-265.3 -878.9 2462.4 0 0 0 0 0 0 0 0 0
-449.3 -842.5 2681.7 0 0 0 0 0 0 0 0 0
-301.5 416.3 2791.7 2 -0.2109683752 0.0737997964 -0.9747030139 -0.2195015997 0.9681032896 0.1208098531 0.9525289536 0.2394359261 -0.1880400181
-316.3 223.2 2744.0 -0.2109683752 0.0737997964 -0.9747030139 -0.2195015997 0.9681032896 0.1208098531 0.9525289536 0.2394359261 -0.1880400181
-328.2 29.3 2702.2 -0.2092380077 0.0585315861 -0.9761114120 -0.1940822750 0.9758627415 0.1001199037 0.9584109187 0.2103948146 -0.1928276420
-286.1 251.4 2605.3 -0.5118331909 0.4242703319 -0.7470083237 0.8396718502 0.4308717251 -0.3306065500 0.1815982163 -0.7964572906 -0.5767823458
-146.7 22.8 2555.9 -0.3881780207 0.4242703319 0.8181152344 -0.7080930471 0.4308717251 -0.5594227314 -0.5898491740 -0.7964572906 0.1331679374
-346.5 195.0 2882.6 -0.3289943337 0.6948552132 -0.6394833326 -0.8969734907 -0.0181803815 0.4417104125 0.2952987254 0.7189198136 0.6292479634
-436.5 -50.4 2963.4 0.2428058684 0.6948552132 -0.6769205928 -0.9350475073 -0.0181803815 -0.3540559411 -0.2583242953 0.7189198136 0.6453083754
-317.1 -152.2 2579.4 -0.4338789880 0.0225428045 -0.9006890655 -0.1134380177 0.9903647304 0.0794324800 0.8938013315 0.1366364658 -0.4271412492
-326.1 -545.5 2525.2 -0.4145160913 -0.1738970876 -0.8932727575 -0.2435096204 0.9669752121 -0.0752463564 0.8768577576 0.1863296926 -0.4431723952
-365.9 -183.9 2750.5 0.1479573101 0.1114148051 0.9826980233 0.0380927697 0.9922548532 -0.1182336658 -0.9882598519 0.0549272224 0.1425672621
-410.1 -577.6 2728.7 0.1657703072 0.1464049965 0.9752362967 0.1503168494 0.9736117721 -0.1717119217 -0.9746409655 0.1750591844 0.1393887848
-45.9 206.7 2709.0 0 0 0 0 0 0 0 0 0
-368.3 -312.9 2890.9 0 0 0 0 0 0 0 0 0
-266.2 -878.2 2461.1 0 0 0 0 0 0 0 0 0
-449.9 -842.2 2681.2 0 0 0 0 0 0 0 0 0
-298.3 416.6 2795.8 3 -0.2430689335 0.0832304135 -0.9664316773 -0.2232085019 0.9647765160 0.1392274201 0.9439785480 0.2495576292 -0.2159294635
-314.9 223.9 2745.9 -0.2430689335 0.0832304135 -0.9664316773 -0.2232085019 0.9647765160 0.1392274201 0.9439785480 0.2495576292 -0.2159294635
-327.7 30.3 2703.1 -0.2408759892 0.0640310422 -0.9684414268 -0.1943306774 0.9744333029 0.1127621904 0.9509018660 0.2153595835 -0.2222743928
-279.9 252.2 2607.7 -0.4756471515 0.4236819446 -0.7708783150 0.8544415832 0.4307779968 -0.2904477119 0.2090199888 -0.7968211174 -0.5669097900
-149.9 18.8 2550.6 -0.4030716121 0.4236819446 0.8111885786 -0.6981241703 0.4307779968 -0.5718854070 -0.5917397141 -0.7968211174 0.1221482232
-349.9 195.7 2884.1 -0.3493605554 0.6719957590 -0.6529692411 -0.8930267096 -0.0278467685 0.4491412342 0.2836379111 0.7400312424 0.6098387837
-445.6 -48.9 2961.8 0.2408577651 0.6719957590 -0.7002922297 -0.9367444515 -0.0278467685 -0.3489044905 -0.2539632022 0.7400312424 0.6227812171
-321.1 -146.9 2573.4 -0.4621070027 0.0136121577 -0.8867197037 -0.0964411870 0.9931807518 0.0655060261 0.8815646172 0.1157870889 -0.4576430321
-326.5 -541.3 2527.4 -0.4405607581 -0.1729911715 -0.8808974028 -0.2497632354 0.9661351442 -0.0648168176 0.8622786999 0.1914600432 -0.4688480794
-359.0 -182.2 2747.5 0.1803286970 0.1198833957 0.9762732983 0.0531298332 0.9899084568 -0.1313714385 -0.9821704626 0.0755592734 0.1721395105
-406.6 -575.2 2717.5 0.1863411814 0.1555545479 0.9700926542 0.0902533680 0.9805014729 -0.1745600104 -0.9783308506 0.1200818494 0.1686684787
-45.2 200.1 2704.3 0 0 0 0 0 0 0 0 0
-377.9 -312.1 2890.4 0 0 0 0 0 0 0 0 0
-266.5 -876.4 2461.0 0 0 0 0 0 0 0 0 0
-449.1 -843.0 2684.7 0 0 0 0 0 0 0 0 0
-298.6 413.8 2796.8 4 -0.2603656054 0.0700221285 -0.9629676342 -0.2378785461 0.9619699717 0.1342667937 0.9357475638 0.2640278041 -0.2338071316
-312.5 221.9 2744.1 -0.2603656054 0.0700221285 -0.9629676342 -0.2378785461 0.9619699717 0.1342667937 0.9357475638 0.2640278041 -0.2338071316
-322.7 28.9 2698.1 -0.2586881518 0.0510183983 -0.9646126628 -0.2110833228 0.9714844227 0.1079898104 0.9426156282 0.2315493375 -0.2405423671
-274.8 252.7 2606.8 -0.4500203431 0.4317165315 -0.7817304730 0.8650290370 0.4281808734 -0.2615068853 0.2218251824 -0.7939029932 -0.5661374331
-152.2 17.0 2546.4 -0.4181486964 0.4317165315 0.7992324233 -0.6848608851 0.4281808734 -0.5895987749 -0.5967555642 -0.7939029932 0.1166225001
-350.2 191.2 2881.4 -0.3474487066 0.6567251086 -0.6693217158 -0.8998701572 -0.0328244418 0.4349209964 0.2636534274 0.7534153461 0.6023721099
-445.4 -55.4 2953.6 0.2553146482 0.6567251086 -0.7095960975 -0.9303772449 -0.0328244418 -0.3651310802 -0.2630828321 0.7534153461 0.6026214957
-318.6 -145.5 2573.6 -0.4792390764 0.0074653989 -0.8776526451 -0.1026478559 0.9926247597 0.0644938573 0.8716612458 0.1209971383 -0.4749382734
-321.5 -539.9 2525.5 -0.4621394873 -0.1558651179 -0.8730024099 -0.2389124036 0.9699177146 -0.0466957353 0.8540186882 0.1869911551 -0.4854753911
-362.5 -181.0 2747.1 0.1999694556 0.1252523810 0.9717633724 0.0692778230 0.9875057936 -0.1415374428 -0.9773498774 0.0956248119 0.1887937784
-412.3 -573.2 2709.1 0.1984667182 0.1337803453 0.9709345102 0.0580974631 0.9872929454 -0.1479098797 -0.9783841968 0.0857640207 0.1881724894
-43.6 194.9 2701.4 0 0 0 0 0 0 0 0 0
-373.6 -316.9 2879.7 0 0 0 0 0 0 0 0 0
-267.6 -875.4 2460.8 0 0 0 0 0 0 0 0 0
-448.8 -843.1 2685.7 0 0 0 0 0 0 0 0 0
-294.3 416.6 2797.3 5 -0.1917823553 0.0780164450 -0.9783317447 -0.2491396517 0.9603123069 0.1254183352 0.9492886662 0.2677942514 -0.1647339612
-309.9 225.3 2743.9 -0.1917823553 0.0780164450 -0.9783317447 -0.2491396517 0.9603123069 0.1254183352 0.9492886662 0.2677942514 -0.1647339612
-319.9 32.5 2697.0 -0.1900346577 0.0500724539 -0.9804996848 -0.2227956802 0.9704439044 0.0927398652 0.9561636448 0.2360748649 -0.1732620597
-282.2 257.7 2604.8 -0.4229688048 0.4302576780 -0.7974808812 0.8754326105 0.4212130308 -0.2370596826 0.2339125872 -0.7984096408 -0.5548216105
-167.6 20.4 2541.4 -0.4888129532 0.4302576780 0.7589072585 -0.6348569989 0.4212130308 -0.6477161050 -0.5983464718 -0.7984096408 0.0672576949
-337.5 192.8 2883.0 -0.3130074441 0.7072435617 -0.6339029074 -0.9080549479 -0.0272608213 0.4179629385 0.2783209085 0.7064441442 0.6507489085
-423.2 -55.9 2959.3 0.2522141635 0.7072435617 -0.6604502797 -0.9237745404 -0.0272608213 -0.3819652796 -0.2881469131 0.7064441442 0.6464580297
-309.2 -144.7 2566.0 -0.4160611331 0.0354194306 -0.9086465836 -0.0781091526 0.9941559434 0.0745180994 0.9059757590 0.1019776985 -0.4108630717
-323.3 -539.6 2525.5 -0.3943605721 -0.1656144112 -0.9039090872 -0.2389287502 0.9682766199 -0.0731671974 0.8873515725 0.1871155947 -0.4214201570
-356.5 -183.4 2738.3 0.1273424625 0.1346880794 0.9826713800 0.0471169017 0.9887972474 -0.1416334957 -0.9907390475 0.0643363893 0.1195697933
-410.0 -576.0 2712.8 0.1331925094 0.1390652657 0.9812851548 0.0878062472 0.9845576882 -0.1514472216 -0.9871928692 0.1063346043 0.1189249083
-42.4 183.0 2694.6 0 0 0 0 0 0 0 0 0
-352.3 -315.6 2878.3 0 0 0 0 0 0 0 0 0
-266.0 -874.6 2460.7 0 0 0 0 0 0 0 0 0
-448.1 -845.8 2683.7 0 0 0 0 0 0 0 0 0
-296.4 417.6 2808.5 6 -0.1674984694 0.0433528461 -0.9849186540 -0.2831231058 0.9548346996 0.0901774839 0.9443439841 0.2939578295 -0.1476591527
-305.0 227.0 2749.8 -0.1674984694 0.0433528461 -0.9849186540 -0.2831231058 0.9548346996 0.0901774839 0.9443439841 0.2939578295 -0.1476591527
-311.9 35.6 2697.4 -0.1663546562 0.0340204425 -0.9854789376 -0.2547572255 0.9639915228 0.0762831792 0.9525884986 0.2637479603 -0.1516975313
-280.8 264.2 2611.1 -0.3745467365 0.4139705598 -0.8296644688 0.8879447579 0.4177735746 -0.1924041063 0.2669622302 -0.8087605238 -0.5240586996
-179.6 24.1 2538.9 -0.5403533578 0.4139705598 0.7325617075 -0.6022181511 0.4177735746 -0.6802929640 -0.5876661539 -0.8087605238 0.0235552490
-329.2 189.9 2888.6 -0.2885221541 0.7213653326 -0.6295927167 -0.9221470356 -0.0323879644 0.3854813874 0.2576816678 0.6917969584 0.6745495200
-408.2 -62.6 2959.2 0.2664504349 0.7213653326 -0.6392465830 -0.9090377688 -0.0323879644 -0.4154532254 -0.3203974664 0.6917969584 0.6471185088
-312.5 -140.0 2562.8 -0.3950595260 0.0322769694 -0.9180883169 -0.0603804104 0.9963092208 0.0610090494 0.9166690707 0.0795367584 -0.3916525543
-325.3 -535.7 2531.2 -0.3694580793 -0.1691517830 -0.9137222767 -0.2503096163 0.9650633931 -0.0774450675 0.8948999047 0.2001007646 -0.3988907933
-347.2 -180.7 2737.4 0.1009353250 0.1599584073 0.9819498062 0.0370297618 0.9857024550 -0.1643760353 -0.9942036271 0.0529527143 0.0935689732
-410.7 -572.2 2716.4 0.1106036454 0.1314538121 0.9851328731 0.1075499803 0.9838104844 -0.1433522999 -0.9880282283 0.1218063086 0.0946751758
-42.6 176.7 2687.8 0 0 0 0 0 0 0 0 0
-333.4 -318.1 2869.2 0 0 0 0 0 0 0 0 0
-265.7 -876.0 2460.6 0 0 0 0 0 0 0 0 0
-447.2 -844.9 2682.6 0 0 0 0 0 0 0 0 0
-297.0 418.2 2823.6 7 -0.1031948999 0.0439651608 -0.9936890006 -0.3200824559 0.9444143176 0.0750256926 0.9417526126 0.3258047104 -0.0833862647
-305.8 229.1 2758.4 -0.1031948999 0.0439651608 -0.9936890006 -0.3200824559 0.9444143176 0.0750256926 0.9417526126 0.3258047104 -0.0833862647
-313.5 39.1 2701.2 -0.1015975699 0.0378503501 -0.9941052794 -0.2829619050 0.9569020867 0.0653525591 0.9537349939 0.2879335880 -0.0865087137
-291.0 270.3 2619.6 -0.3664579690 0.3929190338 -0.8433997631 0.8795753121 0.4418830872 -0.1763139069 0.3034070134 -0.8064452410 -0.5075334907
-190.7 29.6 2536.6 -0.5895925760 0.3929190338 0.7056877613 -0.5519428849 0.4418830872 -0.7071763873 -0.5896945596 -0.8064452410 -0.0436621383
-320.5 187.9 2897.2 -0.2592981458 0.7644982338 -0.5901752710 -0.9331001043 -0.0406466052 0.3573122621 0.2491759658 0.6433430314 0.7238929868
-391.5 -67.7 2965.4 0.2568950951 0.7644982338 -0.5912252665 -0.8961247206 -0.0406466052 -0.4419369698 -0.3618913591 0.6433430314 0.6746438742
-303.5 -132.5 2557.9 -0.3332720101 0.0481344908 -0.9416012168 -0.0509268679 0.9963189363 0.0689567924 0.9414542913 0.0709341690 -0.3295938671
-322.7 -528.3 2529.7 -0.3096854687 -0.1547850072 -0.9381558895 -0.2372425348 0.9680340290 -0.0814007446 0.9207664728 0.1973618567 -0.3365076482
-333.9 -179.1 2732.1 0.0316487812 0.1931473762 0.9806591868 0.0371545777 0.9802452326 -0.1942649186 -0.9988082647 0.0425842255 0.0238472577
-410.6 -568.3 2715.2 0.0415781513 0.1320531815 0.9903702140 0.1106317341 0.9845236540 -0.1359182149 -0.9929913878 0.1152176037 0.0263254009
-41.5 169.2 2685.7 0 0 0 0 0 0 0 0 0
-319.4 -319.4 2863.8 0 0 0 0 0 0 0 0 0
-267.5 -873.1 2459.4 0 0 0 0 0 0 0 0 0
-447.7 -845.1 2682.8 0 0 0 0 0 0 0 0 0
-296.9 420.4 2821.2 8 -0.0553467013 0.0557738692 -0.9969082475 -0.3255689442 0.9428619742 0.0708252043 0.9438970089 0.3284823000 -0.0340260603
-308.1 231.6 2755.4 -0.0553467013 0.0557738692 -0.9969082475 -0.3255689442 0.9428619742 0.0708252043 0.9438970089 0.3284823000 -0.0340260603
-315.7 41.8 2697.4 -0.0536091998 0.0374713168 -0.9978587031 -0.2901939452 0.9555824995 0.0514742211 0.9554650784 0.2923320234 -0.0403540656
-300.3 273.9 2616.3 -0.3673662543 0.3937859237 -0.8425999880 0.8821579814 0.4345660508 -0.1815203875 0.2946851552 -0.8099907637 -0.5070262551
-200.0 33.1 2535.9 -0.6148071289 0.3937859237 0.6833336353 -0.5305564404 0.4345660508 -0.7277789712 -0.5835427046 -0.8099907637 -0.0582486466
-315.9 189.3 2894.6 -0.2340095341 0.7938507199 -0.5612847805 -0.9382653236 -0.0331268385 0.3443265855 0.2547503114 0.6072097421 0.7525945902
-380.0 -67.8 2964.4 0.2530614734 0.7938507199 -0.5529565811 -0.8899532557 -0.0331268385 -0.4548470378 -0.3793983459 0.6072097421 0.6981068850
-311.9 -125.1 2556.9 -0.2887831032 0.0230485871 -0.9571170807 -0.0585333370 0.9974150062 0.0416797958 0.9556035399 0.0680596754 -0.2866874933
-321.1 -521.3 2529.9 -0.2679318786 -0.1447928399 -0.9524954557 -0.2281639278 0.9700543880 -0.0832807645 0.9360308647 0.1950115263 -0.2929449975
-330.5 -176.8 2731.2 -0.0139079085 0.2013086826 0.9794291258 0.0484798700 0.9785076380 -0.2004308701 -0.9987273216 0.0446950197 -0.0233684126
-410.4 -565.5 2713.4 -0.0069314851 0.1325466335 0.9911525249 0.1006008834 0.9862401485 -0.1311861724 -0.9949027300 0.0988015011 -0.0201704167
-45.6 166.4 2682.4 0 0 0 0 0 0 0 0 0
-308.9 -317.8 2857.8 0 0 0 0 0 0 0 0 0
-268.9 -871.3 2459.5 0 0 0 0 0 0 0 0 0
-448.6 -849.7 2685.0 0 0 0 0 0 0 0 0 0
-295.3 420.2 2820.0 9 0.0104986299 0.0522470996 -0.9985790253 -0.3207086623 0.9460540414 0.0461271256 0.9471197128 0.3197686672 0.0266883690
-305.8 230.9 2756.0 0.0104986299 0.0522470996 -0.9985790253 -0.3207086623 0.9460540414 0.0461271256 0.9471197128 0.3197686672 0.0266883690
-310.6 40.5 2699.4 0.0119421268 0.0245568156 -0.9996271133 -0.2849163711 0.9583408237 0.0201388001 0.9584779739 0.2845696211 0.0184412654
-307.5 272.3 2616.5 -0.3824247420 0.3757304549 -0.8441433311 0.8754839897 0.4394519031 -0.2010218799 0.2954303622 -0.8159096837 -0.4970032573
-205.1 37.9 2537.4 -0.6385297775 0.3757304549 0.6716445088 -0.5153195262 0.4394519031 -0.7357498407 -0.5715990663 -0.8159096837 -0.0869818851
-304.0 189.5 2895.5 -0.1885015815 0.8290059566 -0.5265133381 -0.9434539676 -0.0039977664 0.3314795196 0.2726936042 0.5592254996 0.7828825116
-355.6 -68.8 2970.2 0.2583583891 0.8290059566 -0.4959839582 -0.8841291666 -0.0039977664 -0.4672255218 -0.3893155456 0.5592254996 0.7319154739
-318.3 -121.5 2551.9 -0.2299461067 0.0076113176 -0.9731736183 -0.0366595946 0.9991919398 0.0164769143 0.9725126624 0.0394649543 -0.2294812649
-321.4 -518.3 2536.3 -0.2051797807 -0.1444237679 -0.9680098295 -0.2351496071 0.9673559070 -0.0944837928 0.9500557184 0.2082409710 -0.2324430645
-328.1 -174.6 2726.6 -0.0753509775 0.2129976451 0.9741428494 0.0353441276 0.9768767357 -0.2108615190 -0.9965304732 0.0185416080 -0.0811368376
-412.7 -562.6 2719.3 -0.0636205077 0.1246802881 0.9901551604 0.1309362501 0.9846313596 -0.1155716702 -0.9893473387 0.1222944707 -0.0789679214
-44.7 167.3 2680.9 0 0 0 0 0 0 0 0 0
-283.0 -317.3 2860.7 0 0 0 0 0 0 0 0 0
-268.7 -871.4 2460.3 0 0 0 0 0 0 0 0 0
-449.1 -849.7 2683.6 0 0 0 0 0 0 0 0 0
-295.2 416.9 2815.9 0 -0.0559984483 0.0625440106 -0.9964699745 -0.3136079907 0.9464232326 0.0770265684 0.9478998780 0.3168143034 -0.0333839320
-307.7 227.6 2752.5 -0.0559984483 0.0625440106 -0.9964699745 -0.3136079907 0.9464232326 0.0770265684 0.9478998780 0.3168143034 -0.0333839320
-315.1 36.9 2697.3 -0.0539879687 0.0366408080 -0.9978691339 -0.2749617398 0.9601472616 0.0501320250 0.9599381685 0.2770823538 -0.0417615809
-299.9 267.5 2612.8 -0.3557962775 0.3869188428 -0.8507072330 0.8870676160 0.4263145924 -0.1771069914 0.2941429019 -0.8176488876 -0.4949043393
-208.8 40.3 2537.5 -0.6410578489 0.3869188428 0.6628262401 -0.5130193233 0.4263145924 -0.7450281978 -0.5708379745 -0.8176488876 -0.0747954920
-315.6 187.7 2892.2 -0.2332755923 0.7935813665 -0.5619707108 -0.9345000386 -0.0231596716 0.3552088439 0.2688720524 0.6080232263 0.7470044494
-379.4 -68.1 2965.8 0.2538288832 0.7935813665 -0.5529913902 -0.8955723047 -0.0231596716 -0.4443128407 -0.3654054999 0.6080232263 0.7048308849
-316.6 -123.8 2555.2 -0.2892923951 0.0099107474 -0.9571895003 -0.0488166921 0.9984925389 0.0250923205 0.9559952021 0.0539858416 -0.2883724868
-320.6 -520.5 2533.7 -0.2670300901 -0.1430591941 -0.9530104995 -0.2365144342 0.9684029222 -0.0790993050 0.9342140555 0.2042788416 -0.2924282849
-314.4 -175.8 2730.4 -0.0070482586 0.2351307273 0.9719381928 0.0577460155 0.9704360366 -0.2343485802 -0.9983064532 0.0544738062 -0.0204177462
-407.8 -561.0 2708.7 -0.0040019811 0.1429051161 0.9897283316 0.0788035542 0.9867033362 -0.1421497017 -0.9968821406 0.0774252266 -0.0152101992
-48.0 169.0 2680.6 0 0 0 0 0 0 0 0 0
-308.1 -319.9 2863.1 0 0 0 0 0 0 0 0 0
-268.5 -872.7 2459.4 0 0 0 0 0 0 0 0 0
-449.8 -851.5 2686.0 0 0 0 0 0 0 0 0 0
-295.2 419.0 2807.8 1 -0.0890422761 0.0650268868 -0.9939029217 -0.2992579341 0.9500156641 0.0889656022 0.9500085115 0.3053550422 -0.0651317462
-308.2 228.5 2746.6 -0.0890422761 0.0650268868 -0.9939029217 -0.2992579341 0.9500156641 0.0889656022 0.9500085115 0.3053550422 -0.0651317462
-315.5 37.2 2693.4 -0.0871628299 0.0359722860 -0.9955443740 -0.2636618614 0.9628773332 0.0578762852 0.9606691003 0.2675317526 -0.0744425952
-295.5 266.9 2606.6 -0.3657573760 0.4269879162 -0.8269842267 0.8889314532 0.4235005677 -0.1744938046 0.2757215500 -0.7989546657 -0.5344614387
-202.0 39.5 2536.1 -0.6037921906 0.4269879162 0.6731390953 -0.5241945982 0.4235005677 -0.7388283014 -0.6005455852 -0.7989546657 -0.0318815932
-321.0 190.2 2886.6 -0.2500320077 0.7732896805 -0.5826723576 -0.9291945100 -0.0224705916 0.3689073324 0.2721792459 0.6336545944 0.7241548896
-389.4 -64.4 2961.2 0.2580909431 0.7732896805 -0.5791477561 -0.9016770720 -0.0224705916 -0.4318258166 -0.3469402492 0.6336545944 0.6914581060
-317.5 -128.8 2554.5 -0.3205683827 0.0168936178 -0.9470747113 -0.0535698198 0.9979173541 0.0359329917 0.9457093477 0.0622536018 -0.3189957738
-324.2 -525.3 2529.7 -0.2966736257 -0.1567172557 -0.9420320988 -0.2369127423 0.9676837921 -0.0863738954 0.9251254797 0.1975545436 -0.3242145777
-327.3 -178.9 2729.9 0.0263418145 0.1909022033 0.9812555313 0.0502149276 0.9801042676 -0.1920262426 -0.9983909726 0.0543319993 0.0162315834
-403.1 -567.8 2708.3 0.0311420225 0.1617170721 0.9863456488 0.0793540701 0.9833092690 -0.1637246907 -0.9963599443 0.0833692625 0.0177893341
-50.2 171.2 2687.0 0 0 0 0 0 0 0 0 0
-316.9 -317.9 2863.6 0 0 0 0 0 0 0 0 0
-268.0 -872.1 2458.9 0 0 0 0 0 0 0 0 0
-449.4 -849.1 2684.5 0 0 0 0 0 0 0 0 0
-294.5 417.7 2811.8 2 -0.0988686904 0.0611630604 -0.9932190180 -0.3004540503 0.9496917129 0.0883909240 0.9486581683 0.3071557879 -0.0755180866
-306.8 226.3 2749.9 -0.0988686904 0.0611630604 -0.9932190180 -0.3004540503 0.9496917129 0.0883909240 0.9486581683 0.3071557879 -0.0755180866
-313.9 34.7 2697.6 -0.0967686251 0.0352075435 -0.9946839809 -0.2587490678 0.9641227126 0.0592984110 0.9610852003 0.2631117702 -0.0841869116
-292.7 264.0 2609.7 -0.3663921654 0.4043388069 -0.8380136490 0.8857786059 0.4273175895 -0.1810964048 0.2848736942 -0.8086469173 -0.5147204995
-198.9 37.2 2536.7 -0.6139658689 0.4043388069 0.6779056191 -0.5285107493 0.4273175895 -0.7335366607 -0.5862783790 -0.8086469173 -0.0486609861
-321.0 188.6 2890.1 -0.2543538511 0.7671706676 -0.5888575912 -0.9272041917 -0.0203385111 0.3740035892 0.2749480903 0.6411204934 0.7164970636
-390.7 -65.6 2965.5 0.2601348460 0.7671706676 -0.5863267183 -0.9037500024 -0.0203385111 -0.4275772572 -0.3399497569 0.6411204934 0.6880397201
-314.7 -130.0 2552.3 -0.3297865391 0.0254273117 -0.9437130094 -0.0553310439 0.9973981977 0.0462095886 0.9424326420 0.0674559325 -0.3275215924
-324.8 -526.3 2525.5 -0.3068599105 -0.1580920517 -0.9385328293 -0.2284802943 0.9695079327 -0.0886064395 0.9239230156 0.1872465014 -0.3336240351
-330.6 -178.1 2728.1 0.0340318307 0.1911675334 0.9809672832 0.0355981737 0.9806811213 -0.1923467517 -0.9987865686 0.0414665565 0.0265691597
-406.6 -567.6 2711.6 0.0420626625 0.1544845551 0.9870994091 0.0864938200 0.9837016463 -0.1576384902 -0.9953640103 0.0920086876 0.0280151535
-46.6 168.3 2682.2 0 0 0 0 0 0 0 0 0
-317.5 -319.7 2869.9 0 0 0 0 0 0 0 0 0
-268.3 -872.9 2458.5 0 0 0 0 0 0 0 0 0
-450.1 -844.7 2685.7 0 0 0 0 0 0 0 0 0
-294.2 421.5 2815.3 3 -0.0881076381 0.0595989078 -0.9943264127 -0.3086844087 0.9474356174 0.0841409639 0.9470749497 0.3143465221 -0.0650790557
-306.3 230.2 2751.8 -0.0881076381 0.0595989078 -0.9943264127 -0.3086844087 0.9474356174 0.0841409639 0.9470749497 0.3143465221 -0.0650790557
-314.5 39.5 2696.7 -0.0862272158 0.0411106870 -0.9954269528 -0.2730709612 0.9599091411 0.0632981360 0.9581216574 0.2772802114 -0.0715441555
-293.7 270.1 2612.0 -0.3716408014 0.4240821302 -0.8258556128 0.8826577067 0.4371243119 -0.1727360040 0.2877473235 -0.7931435108 -0.5367726088
-195.2 36.3 2535.7 -0.5826039910 0.4240821302 0.6933447123 -0.5388262868 0.4371243119 -0.7201309204 -0.6084725261 -0.7931435108 -0.0261637848
-318.9 190.4 2891.7 -0.2538876235 0.7745525837 -0.5793179870 -0.9304729104 -0.0320300236 0.3649578094 0.2641234398 0.6316979527 0.7288322449
-388.5 -64.7 2964.1 0.2536759675 0.7745525837 -0.5794107318 -0.8991444111 -0.0320300236 -0.4364784062 -0.3566340208 0.6316979527 0.6883094311
-312.0 -133.1 2557.2 -0.3187552094 0.0263648834 -0.9474703074 -0.0652339906 0.9966325760 0.0496794172 0.9455896020 0.0776428431 -0.3159619272
-322.5 -529.2 2526.4 -0.2975995839 -0.1541572511 -0.9421623945 -0.2264676541 0.9701079130 -0.0871956721 0.9274410605 0.1874199212 -0.3236153424
-329.8 -180.5 2733.3 0.0257654693 0.1886558980 0.9817051888 0.0678944439 0.9794334173 -0.1900012493 -0.9973597527 0.0715477988 0.0124268755
-404.7 -569.4 2704.9 0.0254063196 0.1696461290 0.9851775169 0.0658130497 0.9830738306 -0.1709811091 -0.9975084662 0.0691815317 0.0138113592
-49.5 171.0 2687.9 0 0 0 0 0 0 0 0 0
-317.2 -317.5 2863.8 0 0 0 0 0 0 0 0 0
-267.6 -875.0 2459.6 0 0 0 0 0 0 0 0 0
-452.2 -845.0 2685.5 0 0 0 0 0 0 0 0 0
-294.9 421.7 2815.0 4 -0.0936516151 0.0531384498 -0.9941859245 -0.3082848489 0.9479489326 0.0797073320 0.9466730356 0.3139571846 -0.0723951757
-305.6 230.0 2751.5 -0.0936516151 0.0531384498 -0.9941859245 -0.3082848489 0.9479489326 0.0797073320 0.9466730356 0.3139571846 -0.0723951757
-313.2 39.3 2696.3 -0.0920137465 0.0376932286 -0.9950440526 -0.2738847435 0.9597823620 0.0616841614 0.9573508501 0.2782031894 -0.0779895708
-292.2 270.0 2611.7 -0.3656061888 0.4170967340 -0.8320831656 0.8853248358 0.4317629933 -0.1725708246 0.2872839868 -0.7997568846 -0.5271213055
