26.5 344.1 2909.4 9 -0.5135244727 -0.0362928882 -0.8573070765 -0.2471650243 0.9630159736 0.1072832122 0.8217068315 0.2669888735 -0.5035026073
33.6 155.4 2857.1 -0.5135244727 -0.0362928882 -0.8573070765 -0.2471650243 0.9630159736 0.1072832122 0.8217068315 0.2669888735 -0.5035026073
37.8 -33.0 2810.8 -0.5144781470 -0.0217726883 -0.8572270274 -0.2154018730 0.9709054232 0.1046167761 0.8300086260 0.2384713590 -0.5041995049
103.9 184.9 2743.7 -0.7314233780 -0.6581879258 0.1783493012 -0.5361611843 0.3934560418 -0.7468088865 0.4213679731 -0.6418574452 -0.6406777501
288.3 320.1 2637.4 -0.4766465724 -0.6581879258 0.5827493072 -0.8777137399 0.3934560418 -0.2735159397 -0.0492613278 -0.6418574452 -0.7652400136
-36.7 126.0 2970.5 -0.0276046488 0.2109948844 -0.9770973325 -0.9974027872 0.0592375472 0.0409701020 0.0665253326 0.9756905437 0.2088116556
-43.8 -131.0 2987.6 0.1086349040 0.2128891945 -0.9710183740 -0.9938948750 0.0421991795 -0.1019423828 0.0192737449 0.9761646390 0.2161737829
89.2 -201.4 2691.5 -0.6958338618 0.4093211591 0.5901452899 0.2360850722 0.9063943624 -0.3503042459 -0.6782913208 -0.1044290662 -0.7273344994
-69.7 -553.3 2732.0 -0.7025361657 0.1177301258 0.7018422484 0.1876218468 0.9819699526 0.0230873562 -0.6864699721 0.1479006410 -0.7119581699
-3.3 -240.2 2840.0 -0.4767098129 0.2280003726 0.8489779830 -0.0088946493 0.9644780159 -0.2640133500 -0.8790157437 -0.1334091276 -0.4577481449
-91.7 -614.3 2891.8 -0.4767098129 -0.2465702742 0.8437718153 -0.0088946493 0.9611599445 0.2758486271 -0.8790157437 0.1239947006 -0.4603875279
413.0 549.6 2650.3 0 0 0 0 0 0 0 0 0
-15.5 -390.3 2992.6 0 0 0 0 0 0 0 0 0
-118.5 -959.5 2670.8 0 0 0 0 0 0 0 0 0
-0.5 -970.1 2845.9 0 0 0 0 0 0 0 0 0
21.4 338.8 2908.2 0 -0.5541030169 -0.0469269976 -0.8311243653 -0.2520828843 0.9609908462 0.1138018221 0.7933624983 0.2725701630 -0.5443173647
30.5 150.9 2854.9 -0.5541030169 -0.0469269976 -0.8311243653 -0.2520828843 0.9609908462 0.1138018221 0.7933624983 0.2725701630 -0.5443173647
36.6 -37.3 2807.8 -0.5554524660 -0.0310190320 -0.8309695125 -0.2186589539 0.9695852399 0.1099667922 0.8022847176 0.2427802533 -0.5453411341
106.3 180.8 2745.4 -0.7164911032 -0.6643975973 0.2126414180 -0.5534704924 0.3558629155 -0.7530152798 0.4246303439 -0.6572194695 -0.6226970553
291.3 323.6 2635.8 -0.4473200738 -0.6643975973 0.5987325311 -0.8938097358 0.3558629155 -0.2728841007 -0.0317631550 -0.6572194695 -0.7530296445
-45.3 121.1 2964.4 -0.0332642086 0.1626357585 -0.9861252904 -0.9976966977 0.0529579148 0.0423885696 0.0591170341 0.9852639437 0.1604995430
-53.8 -136.0 2979.6 0.1050024629 0.1644588560 -0.9807791710 -0.9942957163 0.0359282866 -0.1004250273 0.0187219288 0.9857293963 0.1672932953
88.1 -202.2 2690.2 -0.6758385897 0.4097363651 0.6126649380 0.2090732455 0.9036701918 -0.3737226427 -0.7067747712 -0.1244843304 -0.6964000463
-70.9 -553.0 2738.5 -0.6768103242 0.1133128926 0.7273843288 0.2008889914 0.9790094495 0.0344100818 -0.7082170248 0.1694125980 -0.6853670478
-4.1 -240.7 2838.9 -0.4987074137 0.2476199120 0.8306475282 -0.0089097545 0.9568096399 -0.2905786932 -0.8667246103 -0.1523146182 -0.4749618173
-100.2 -611.9 2898.0 -0.4987074137 -0.2611238360 0.8265018463 -0.0089097545 0.9550358057 0.2963565886 -0.8667246103 0.1404312998 -0.4786099792
408.1 557.0 2644.1 0 0 0 0 0 0 0 0 0
-26.4 -395.4 2984.5 0 0 0 0 0 0 0 0 0
-118.3 -962.2 2667.7 0 0 0 0 0 0 0 0 0
-3.1 -966.9 2845.8 0 0 0 0 0 0 0 0 0
16.7 342.7 2907.6 1 -0.5737353563 -0.0582584403 -0.8169661760 -0.2550131977 0.9605926871 0.1105889678 0.7783290148 0.2717859447 -0.5659826398
28.1 154.4 2854.3 -0.5737353563 -0.0582584403 -0.8169661760 -0.2550131977 0.9605926871 0.1105889678 0.7783290148 0.2717859447 -0.5659826398
36.5 -33.6 2806.9 -0.5753502846 -0.0431461483 -0.8167682886 -0.2242881954 0.9686502814 0.1068243682 0.7865537405 0.2446529120 -0.5669904351
106.7 185.1 2747.0 -0.7150861025 -0.6691308618 0.2022763342 -0.5488109589 0.3581691086 -0.7553286552 0.4329645932 -0.6511365175 -0.6233481169
292.1 327.4 2634.7 -0.4370557666 -0.6691308618 0.6010375619 -0.8983081579 0.3581691086 -0.2544745505 -0.0449963249 -0.6511365175 -0.7576255798
-50.4 123.8 2961.7 -0.0290372241 0.1360094398 -0.9902819395 -0.9980380535 0.0510316566 0.0362735502 0.0554692708 0.9893923402 0.1342607737
-57.9 -133.4 2976.0 0.1102774143 0.1379191875 -0.9842851162 -0.9937234521 0.0340100825 -0.1065693349 0.0187776629 0.9898594022 0.1408040673
92.3 -205.9 2689.0 -0.6564875245 0.4253054857 0.6230083108 0.2105250806 0.8963856697 -0.3900921643 -0.7243641019 -0.1249317452 -0.6780034900
-72.8 -553.9 2737.5 -0.6578511596 0.1083796620 0.7453091741 0.1986533701 0.9795172811 0.0329052657 -0.7264769077 0.1697049439 -0.6659065485
-7.1 -245.1 2832.5 -0.5455710292 0.2540258765 0.7986382842 -0.0158106592 0.9496661425 -0.3128645420 -0.8379154801 -0.1833168268 -0.5140939951
-105.7 -613.4 2903.6 -0.5455710292 -0.2789815366 0.7902668118 -0.0158106592 0.9462248683 0.3231230676 -0.8379154801 0.1637919247 -0.5206437111
406.4 562.3 2646.4 0 0 0 0 0 0 0 0 0
-29.1 -392.6 2980.9 0 0 0 0 0 0 0 0 0
-118.0 -962.9 2666.6 0 0 0 0 0 0 0 0 0
-1.8 -965.8 2842.6 0 0 0 0 0 0 0 0 0
16.6 346.4 2908.8 2 -0.5708572865 -0.0597999804 -0.8188686967 -0.2572386563 0.9601569176 0.1092106774 0.7797116041 0.2729884088 -0.5634954572
28.3 157.6 2855.1 -0.5708572865 -0.0597999804 -0.8188686967 -0.2572386563 0.9601569176 0.1092106774 0.7797116041 0.2729884088 -0.5634954572
37.3 -30.3 2806.9 -0.5723962784 -0.0460548773 -0.8186827302 -0.2292116433 0.9676069021 0.1058247238 0.7872893810 0.2482253015 -0.5644109249
106.5 188.9 2747.6 -0.7331980467 -0.6526708603 0.1908962131 -0.5190026760 0.3557054996 -0.7772450447 0.4393823147 -0.6689502001 -0.5995404720
290.6 319.2 2637.2 -0.4650346935 -0.6526708603 0.5981333852 -0.8851304054 0.3557054996 -0.3000296354 -0.0169387441 -0.6689502001 -0.7431141734
-49.8 126.3 2962.6 -0.0252836477 0.1384885907 -0.9900412560 -0.9983276725 0.0480043292 0.0322101898 0.0519870073 0.9891999364 0.1370432675
-56.4 -131.0 2976.0 0.1139859259 0.1404634118 -0.9835025072 -0.9933703542 0.0309785716 -0.1107052341 0.0149174687 0.9896011353 0.1430633068
96.4 -201.5 2689.1 -0.6577519178 0.4327583611 0.6165084243 0.2137325555 0.8920698762 -0.3981578946 -0.7222747207 -0.1301212162 -0.6792552471
-71.6 -547.8 2739.6 -0.6588435173 0.1090792045 0.7443298697 0.2042320669 0.9782069325 0.0374228507 -0.7240265608 0.1766718328 -0.6667627692
-6.6 -241.7 2829.9 -0.5296321511 0.2682842612 0.8046821356 -0.0170492604 0.9451044798 -0.3263232410 -0.8480560780 -0.1865505129 -0.4959836602
-110.7 -608.4 2902.2 -0.5296321511 -0.2915036380 0.7965647578 -0.0170492604 0.9425621033 0.3335955441 -0.8480560780 0.1631020755 -0.5041810870
412.2 550.7 2641.7 0 0 0 0 0 0 0 0 0
-26.6 -390.1 2979.9 0 0 0 0 0 0 0 0 0
-118.5 -968.2 2663.6 0 0 0 0 0 0 0 0 0
-0.1 -966.2 2840.3 0 0 0 0 0 0 0 0 0
13.2 349.3 2907.9 3 -0.5690613389 -0.0679177046 -0.8194854259 -0.2605397701 0.9601289034 0.1013481915 0.7799283266 0.2711818814 -0.5640675426
26.5 160.5 2854.5 -0.5690613389 -0.0679177046 -0.8194854259 -0.2605397701 0.9601289034 0.1013481915 0.7799283266 0.2711818814 -0.5640675426
36.8 -27.3 2806.6 -0.5708348155 -0.0532472357 -0.8193365335 -0.2323241532 0.9675890803 0.0989792049 0.7875106931 0.2468524426 -0.5647041202
104.5 192.3 2747.0 -0.7514169216 -0.6254989505 0.2100564539 -0.4985624850 0.3296956420 -0.8017083406 0.4322129786 -0.7071434259 -0.5595892072
290.4 315.6 2640.0 -0.4779150486 -0.6254989505 0.6167238355 -0.8783062696 0.3296956420 -0.3462352157 0.0132385790 -0.7071434259 -0.7069461346
-51.5 128.8 2962.1 -0.0179513246 0.1379453242 -0.9902771711 -0.9984118342 0.0504241884 0.0251228604 0.0533995032 0.9891554713 0.1368210614
-56.1 -128.5 2975.9 0.1213204786 0.1400467008 -0.9826841950 -0.9924789667 0.0334069431 -0.1177687496 0.0163353495 0.9895811677 0.1430463493
97.5 -197.5 2688.3 -0.6543439031 0.4240943491 0.6260815263 0.2180470228 0.8985840082 -0.3807916939 -0.7240784168 -0.1126535162 -0.6804554462
-67.1 -546.3 2732.0 -0.6569887996 0.1208272949 0.7441548705 0.1977789849 0.9801245332 0.0154709350 -0.7274951339 0.1573424190 -0.6678279638
-5.0 -238.6 2829.3 -0.4715172052 0.2729204595 0.8385618329 -0.0192101076 0.9475002289 -0.3191775084 -0.8816475868 -0.1666065454 -0.4415198267
-111.0 -606.3 2893.9 -0.4715172052 -0.2891897857 0.8330911398 -0.0192101076 0.9478452206 0.3181515634 -0.8816475868 0.1340101659 -0.4524806738
415.5 545.5 2636.6 0 0 0 0 0 0 0 0 0
-24.4 -387.4 2980.1 0 0 0 0 0 0 0 0 0
-119.0 -967.1 2664.4 0 0 0 0 0 0 0 0 0
-2.9 -960.3 2843.9 0 0 0 0 0 0 0 0 0
11.3 350.0 2907.4 4 -0.5709230304 -0.0696574003 -0.8180432320 -0.2573475242 0.9613626599 0.0977449715 0.7796275616 0.2663262784 -0.5667902231
25.0 161.1 2855.1 -0.5709230304 -0.0696574003 -0.8180432320 -0.2573475242 0.9613626599 0.0977449715 0.7796275616 0.2663262784 -0.5667902231
35.8 -26.9 2808.0 -0.5726909041 -0.0559951775 -0.8178567290 -0.2301948667 0.9685081244 0.0948805809 0.7867880464 0.2426036745 -0.5675455928
103.2 192.5 2747.6 -0.7535793185 -0.6222738028 0.2118811011 -0.4980184734 0.3300637603 -0.8018949628 0.4290639460 -0.7098121643 -0.5586330295
288.1 314.7 2642.3 -0.4943473041 -0.6222738028 0.6069564223 -0.8687670231 0.3300637603 -0.3691906333 0.0294033457 -0.7098121643 -0.7037770748
-53.3 129.6 2962.6 -0.0160548594 0.1348960996 -0.9907296896 -0.9982124567 0.0548872426 0.0236494746 0.0575686432 0.9893383980 0.1337737590
-57.4 -127.6 2977.4 0.1233325377 0.1370318383 -0.9828587770 -0.9921455383 0.0378741175 -0.1192174032 0.0208883286 0.9898422956 0.1406266391
98.3 -194.3 2688.2 -0.6492570043 0.4202708304 0.6339067221 0.2208453566 0.9017272592 -0.3716386855 -0.7277998328 -0.1012936756 -0.6782675982
-64.8 -544.3 2727.5 -0.6534718871 0.1271055490 0.7462028861 0.1907680929 0.9816350937 -0.0001469893 -0.7325176001 0.1422556490 -0.6657186151
-4.0 -235.9 2829.3 -0.4524375796 0.2831305563 0.8456579447 -0.0210339818 0.9446120262 -0.3275143504 -0.8915479779 -0.1659673452 -0.4214226305
-113.8 -602.5 2893.7 -0.4524375796 -0.2943505049 0.8418182731 -0.0210339818 0.9472178817 0.3198997974 -0.8915479779 0.1270278990 -0.4347483218
417.5 542.2 2634.6 0 0 0 0 0 0 0 0 0
-25.2 -386.4 2982.8 0 0 0 0 0 0 0 0 0
-118.9 -962.1 2667.0 0 0 0 0 0 0 0 0 0
-2.5 -960.8 2845.6 0 0 0 0 0 0 0 0 0
15.4 348.1 2918.7 5 -0.5514610410 -0.0594155677 -0.8320820332 -0.2727846503 0.9554676414 0.1125615686 0.7883395553 0.2890525460 -0.5431108475
27.1 160.0 2861.8 -0.5514610410 -0.0594155677 -0.8320820332 -0.2727846503 0.9554676414 0.1125615686 0.7883395553 0.2890525460 -0.5431108475
36.3 -27.1 2811.0 -0.5530863404 -0.0473394468 -0.8317778707 -0.2435622066 0.9639546275 0.1070933267 0.7967264056 0.2618215084 -0.5446802378
102.7 193.3 2753.0 -0.7437579632 -0.6419875026 0.1862152815 -0.4879809618 0.3310766816 -0.8076278567 0.4568354487 -0.6915491819 -0.5595185757
285.9 313.5 2640.5 -0.5017836690 -0.6419875026 0.5797113180 -0.8634001613 0.3310766816 -0.3806946576 0.0524722897 -0.6915491819 -0.7204209566
-48.4 126.7 2970.6 -0.0173692368 0.1601459682 -0.9869405031 -0.9990684390 0.0362199992 0.0234599188 0.0395039953 0.9864286184 0.1593676656
-52.9 -130.7 2980.8 0.1210519448 0.1622456163 -0.9792971015 -0.9926459789 0.0192010030 -0.1195208803 -0.0005882509 0.9865635633 0.1633767784
98.0 -194.3 2690.4 -0.6700316072 0.4172633886 0.6139616966 0.2290916592 0.9029302001 -0.3636400700 -0.7060981989 -0.1029968262 -0.7005832791
-64.0 -544.8 2730.4 -0.6748090982 0.1305334568 0.7263564467 0.1961886734 0.9805474877 0.0060516368 -0.7114370465 0.1465865970 -0.6872915626
-4.6 -235.5 2831.4 -0.4932469726 0.2893792689 0.8203456998 -0.0184367783 0.9393565655 -0.3424460888 -0.8696939349 -0.1840350330 -0.4579995573
-116.9 -600.1 2902.8 -0.4932469726 -0.2992718816 0.8167886734 -0.0184367783 0.9423426986 0.3341412246 -0.8696939349 0.1497551948 -0.4703252912
417.2 539.5 2626.7 0 0 0 0 0 0 0 0 0
-21.3 -389.6 2980.6 0 0 0 0 0 0 0 0 0
-119.6 -962.7 2667.9 0 0 0 0 0 0 0 0 0
-1.8 -962.7 2845.2 0 0 0 0 0 0 0 0 0
16.8 350.7 2912.8 6 -0.5455974340 -0.0581394322 -0.8360282183 -0.2604185939 0.9599653482 0.1031925455 0.7965585589 0.2740188837 -0.5388952494
28.3 161.1 2858.7 -0.5455974340 -0.0581394322 -0.8360282183 -0.2604185939 0.9599653482 0.1031925455 0.7965585589 0.2740188837 -0.5388952494
37.4 -26.6 2810.3 -0.5470392704 -0.0470643118 -0.8357828259 -0.2340064645 0.9672123790 0.0986973420 0.8037344217 0.2495699078 -0.5401165485
103.0 193.1 2748.9 -0.7469883561 -0.6338011026 0.2007600963 -0.4887281060 0.3187648654 -0.8121168613 0.4507252872 -0.7047589421 -0.5478700399
282.0 310.2 2641.0 -0.5119464993 -0.6338011026 0.5798335671 -0.8558858037 0.3187648654 -0.4072448909 0.0732816979 -0.7047589421 -0.7056519389
-46.4 129.2 2968.5 -0.0152953397 0.1670579910 -0.9858283997 -0.9984973073 0.0493378937 0.0238526743 0.0526234768 0.9847118258 0.1660523117
-50.4 -128.1 2982.0 0.1228450611 0.1691897511 -0.9778977036 -0.9923596382 0.0323230922 -0.1190694571 0.0114633460 0.9850533009 0.1718678176
95.0 -192.4 2688.9 -0.6737847924 0.4082528353 0.6159088612 0.2223395258 0.9069013596 -0.3579037189 -0.7046837807 -0.1042091995 -0.7018270493
-63.5 -544.4 2729.3 -0.6775196195 0.1344400644 0.7231134772 0.1968485564 0.9804315567 0.0021566176 -0.7086732984 0.1438049972 -0.6907259226
-4.1 -236.0 2831.6 -0.4743739665 0.2788153887 0.8350037932 -0.0195589475 0.9449470639 -0.3266381025 -0.8801060915 -0.1712803990 -0.4428049624
-112.3 -602.8 2898.0 -0.4743739665 -0.2925171256 0.8303030133 -0.0195589475 0.9464488029 0.3222609460 -0.8801060915 0.1366323531 -0.4546920061
416.0 534.3 2621.8 0 0 0 0 0 0 0 0 0
-18.3 -386.9 2985.0 0 0 0 0 0 0 0 0 0
-120.2 -957.6 2668.7 0 0 0 0 0 0 0 0 0
-1.1 -962.7 2846.1 0 0 0 0 0 0 0 0 0
22.0 349.3 2921.4 7 -0.5299884081 -0.0448339507 -0.8468188643 -0.2728118002 0.9545283914 0.1202049404 0.8029234409 0.2947294116 -0.5181202292
30.9 161.1 2863.3 -0.5299884081 -0.0448339507 -0.8468188643 -0.2728118002 0.9545283914 0.1202049404 0.8029234409 0.2947294116 -0.5181202292
37.4 -26.0 2812.0 -0.5312824249 -0.0339369476 -0.8465147614 -0.2412960529 0.9638738036 0.1127982959 0.8121054173 0.2641884387 -0.5202780962
103.5 194.1 2752.4 -0.7399861813 -0.6485990882 0.1781562418 -0.4831327200 0.3282532692 -0.8116850257 0.4679777920 -0.6867088079 -0.5562623143
283.0 311.3 2638.8 -0.5122486353 -0.6485990882 0.5629569292 -0.8555692434 0.3282532692 -0.4003137350 0.0748506635 -0.6867088079 -0.7230687141
-41.7 128.1 2974.2 -0.0222055707 0.1888112724 -0.9817622900 -0.9989964962 0.0340149626 0.0291370898 0.0388960205 0.9814240932 0.1878664792
-47.4 -129.3 2984.2 0.1150418967 0.1908128262 -0.9748619795 -0.9933471084 0.0169771276 -0.1139003113 -0.0051832851 0.9814796448 0.1914964616
95.6 -193.3 2689.9 -0.6896221042 0.4103909731 0.5966578722 0.2321142405 0.9057155252 -0.3546862900 -0.6859623194 -0.1061067060 -0.7198590040
-63.8 -545.0 2731.1 -0.6951171160 0.1326662600 0.7065492868 0.1952842474 0.9807142019 0.0079792440 -0.6918643713 0.1435244530 -0.7076188326
-2.4 -235.3 2833.8 -0.4203399420 0.2835983932 0.8619084954 -0.0152776651 0.9475542307 -0.3192295730 -0.9072380662 -0.1473528892 -0.3939621747
-112.5 -603.0 2891.0 -0.4203399420 -0.2931755185 0.8586981297 -0.0152776651 0.9485154152 0.3163622618 -0.9072380662 0.1198607907 -0.4031779468
417.2 535.4 2619.2 0 0 0 0 0 0 0 0 0
-17.4 -388.3 2982.9 0 0 0 0 0 0 0 0 0
-119.9 -960.0 2670.3 0 0 0 0 0 0 0 0 0
-0.7 -964.7 2845.3 0 0 0 0 0 0 0 0 0
20.0 347.8 2925.7 8 -0.5511832833 -0.0475190505 -0.8330299854 -0.2820713818 0.9502091408 0.1324322075 0.7852596641 0.3079683185 -0.5371431708
29.4 160.7 2865.0 -0.5511832833 -0.0475190505 -0.8330299854 -0.2820713818 0.9502091408 0.1324322075 0.7852596641 0.3079683185 -0.5371431708
36.3 -25.7 2811.7 -0.5526495576 -0.0358759724 -0.8326411843 -0.2484724224 0.9607306123 0.1235238388 0.7955123186 0.2751537859 -0.5398615599
104.8 194.7 2756.4 -0.7329871655 -0.6642336249 0.1467087716 -0.4695749283 0.3380348980 -0.8156174421 0.4921678603 -0.6667279005 -0.5596827269
281.3 307.7 2638.0 -0.5127994418 -0.6642336249 0.5439029336 -0.8550137281 0.3380348980 -0.3932988346 0.0773841441 -0.6667279005 -0.7412729859
-46.1 126.8 2973.7 -0.0277654454 0.1642961502 -0.9860202074 -0.9992796779 0.0209647734 0.0316320844 0.0258687194 0.9861882329 0.1635957062
-53.3 -130.6 2980.3 0.1105411127 0.1662165821 -0.9798738360 -0.9937630892 0.0039204825 -0.1114429533 -0.0146820880 0.9860814810 0.1656132787
91.6 -191.4 2688.1 -0.6851363182 0.4004921615 0.6084359288 0.2128403187 0.9089037776 -0.3585985303 -0.6966256499 -0.1161891669 -0.7079638839
-63.9 -544.2 2733.2 -0.6868075728 0.1323070824 0.7146958709 0.2008628547 0.9795496464 0.0116871698 -0.6985337734 0.1515826881 -0.6993377209
-3.6 -234.7 2833.5 -0.4583609700 0.2752465606 0.8450707197 -0.0136021934 0.9485520124 -0.3163290322 -0.8886620402 -0.1564877033 -0.4310352802
-110.4 -602.8 2894.3 -0.4583609700 -0.2849031389 0.8418642282 -0.0136021934 0.9493659139 0.3138779104 -0.8886620402 0.1324181855 -0.4390275776
415.6 531.7 2617.7 0 0 0 0 0 0 0 0 0
-24.4 -389.9 2976.5 0 0 0 0 0 0 0 0 0
-120.2 -961.1 2668.7 0 0 0 0 0 0 0 0 0
-0.8 -968.1 2843.3 0 0 0 0 0 0 0 0 0
19.0 340.2 2916.3 9 -0.5563685298 -0.0493935794 -0.8294662833 -0.2657586336 0.9563768506 0.1213079691 0.7872905135 0.2879297733 -0.5452247858
28.7 152.6 2859.9 -0.5563685298 -0.0493935794 -0.8294662833 -0.2657586336 0.9563768506 0.1213079691 0.7872905135 0.2879297733 -0.5452247858
35.9 -34.9 2810.1 -0.5578523874 -0.0369900577 -0.8291154504 -0.2327392399 0.9658933282 0.1135013103 0.7966386676 0.2562846839 -0.5474349260
104.9 184.4 2751.1 -0.7218267322 -0.6730536819 0.1611363441 -0.5039936304 0.3516489565 -0.7888811231 0.4742959142 -0.6506471634 -0.5930444002
279.2 306.1 2636.6 -0.5169461370 -0.6730536819 0.5289285779 -0.8528282642 0.3516489565 -0.3860400915 0.0738285184 -0.6506471634 -0.7557827830
-47.5 120.8 2968.6 -0.0286848545 0.1580454111 -0.9870151281 -0.9985737205 0.0399516746 0.0354180187 0.0450305603 0.9866232872 0.1566739827
-54.9 -136.4 2980.2 0.1099256426 0.1599539369 -0.9809847474 -0.9939259291 0.0229111426 -0.1076400131 0.0052580382 0.9868585467 0.1615008861
92.8 -189.9 2687.0 -0.6769008636 0.3996588588 0.6181245446 0.2079774439 0.9093860984 -0.3602252901 -0.7060811520 -0.1152808517 -0.6986843348
-62.3 -543.0 2731.8 -0.6783651710 0.1323643923 0.7227034569 0.1974353045 0.9802988768 0.0057791020 -0.7077004910 0.1466075182 -0.6911340356
-6.2 -234.5 2829.5 -0.5413470864 0.3001334071 0.7854064107 -0.0185129326 0.9296376109 -0.3680097759 -0.8405953646 -0.2137611955 -0.4977002740
-122.4 -594.6 2912.3 -0.5413470864 -0.3056322634 0.7832829952 -0.0185129326 0.9357002974 0.3523097932 -0.8405953646 0.1762210131 -0.5121967793
414.6 529.5 2617.2 0 0 0 0 0 0 0 0 0
-26.2 -395.7 2981.6 0 0 0 0 0 0 0 0 0
-118.9 -962.0 2669.1 0 0 0 0 0 0 0 0 0
-2.4 -962.1 2843.1 0 0 0 0 0 0 0 0 0
18.8 333.6 2898.6 0 -0.5604401827 -0.0451432616 -0.8269636631 -0.2209392637 0.9704763293 0.0967548862 0.7981808186 0.2369340658 -0.5538678765
27.7 143.6 2852.3 -0.5604401827 -0.0451432616 -0.8269636631 -0.2209392637 0.9704763293 0.0967548862 0.7981808186 0.2369340658 -0.5538678765
34.3 -45.8 2811.1 -0.5615194440 -0.0343237370 -0.8267513514 -0.1944954991 0.9766215086 0.0915531665 0.8042806983 0.2122083008 -0.5550677776
104.4 170.1 2742.5 -0.7132567763 -0.6603517532 0.2349476218 -0.5571523309 0.3307892084 -0.7616822124 0.4252600372 -0.6741765738 -0.6038541198
278.5 306.1 2638.7 -0.5192210674 -0.6589621902 0.5442226529 -0.8501526117 0.3330694735 -0.4078054726 0.0874644443 -0.6744135022 -0.7331551313
-49.0 117.0 2962.0 -0.0326262340 0.1547058374 -0.9874216914 -0.9954038262 0.0839697868 0.0460460745 0.0900371894 0.9843856692 0.1512551755
-57.4 -139.2 2985.2 0.1062771901 0.1565480679 -0.9819357991 -0.9930474162 0.0669803768 -0.0968012810 0.0506163761 0.9853965640 0.1625781357
93.0 -201.5 2689.1 -0.6617029905 0.4038327634 0.6317184567 0.2049544156 0.9078882933 -0.3656946421 -0.7212092876 -0.1125077382 -0.6835197210
-63.8 -553.9 2732.7 -0.6612907648 0.1304464787 0.7387003303 0.2080712616 0.9780196548 0.0135594793 -0.7206947207 0.1626690775 -0.6738975644
-6.9 -243.2 2831.7 -0.4903531075 0.2768401802 0.8263857365 -0.0151614845 0.9453545809 -0.3256912529 -0.8713919520 -0.1722329557 -0.4593602419
-114.1 -609.3 2898.4 -0.4903531075 -0.2994792163 0.8184534311 -0.0151614845 0.9418953657 0.3355641365 -0.8713919520 0.1521359384 -0.4664018452
414.5 528.9 2615.8 0 0 0 0 0 0 0 0 0
-29.7 -397.9 2998.4 0 0 0 0 0 0 0 0 0
-118.4 -963.8 2664.6 0 0 0 0 0 0 0 0 0
-3.4 -957.6 2842.2 0 0 0 0 0 0 0 0 0
18.0 347.7 2903.3 1 -0.5385657549 -0.0405995585 -0.8416047692 -0.2101823539 0.9737362266 0.0875277445 0.8159474730 0.2240299135 -0.5329543352
26.0 155.1 2859.0 -0.5385657549 -0.0405995585 -0.8416047692 -0.2101823539 0.9737362266 0.0875277445 0.8159474730 0.2240299135 -0.5329543352
31.9 -35.1 2821.1 -0.5396395326 -0.0304772072 -0.8413443565 -0.1806629300 0.9802560210 0.0803682804 0.8222834468 0.1953696311 -0.5344910026
99.7 179.7 2746.8 -0.7316463590 -0.6456526518 0.2186922282 -0.5175431371 0.3173161447 -0.7946442962 0.4436696470 -0.6945812702 -0.5663162470
276.6 304.9 2639.5 -0.5224540234 -0.6456526518 0.5569331050 -0.8469317555 0.3173161447 -0.4266345501 0.0987338722 -0.6945812702 -0.7126068473
-47.7 130.5 2971.2 -0.0280942153 0.1805973798 -0.9831557870 -0.9936673045 0.1019998714 0.0471310988 0.1087935120 0.9782538414 0.1765881032
-54.9 -125.4 2999.2 0.1096093357 0.1825019419 -0.9770766497 -0.9918033481 0.0850212425 -0.0953808129 0.0656650886 0.9795225263 0.1903251559
91.2 -217.8 2698.0 -0.6627689004 0.4124404490 0.6250041723 0.2316226810 0.9066294432 -0.3526669741 -0.7121013403 -0.0889715627 -0.6964163780
-68.8 -569.6 2732.5 -0.6664530635 0.1247751042 0.7350316048 0.2047827989 0.9786121249 0.0195524823 -0.7168712020 0.1635526419 -0.6777508855
-9.4 -252.6 2841.9 -0.4680863321 0.2497928888 0.8476430178 -0.0072398293 0.9581002593 -0.2863416374 -0.8836531043 -0.1401693970 -0.4466651678
-106.1 -623.7 2896.2 -0.4680863321 -0.2894147933 0.8349456787 -0.0072398293 0.9460720420 0.3238754272 -0.8836531043 0.1455567926 -0.4449386895
413.5 526.8 2613.7 0 0 0 0 0 0 0 0 0
-26.4 -384.0 3016.4 0 0 0 0 0 0 0 0 0
-118.6 -960.2 2667.3 0 0 0 0 0 0 0 0 0
-3.4 -959.6 2844.6 0 0 0 0 0 0 0 0 0
11.1 340.6 2894.1 2 -0.5661101937 -0.0504466183 -0.8227845430 -0.1953398883 0.9779061079 0.0744445771 0.8008505106 0.2028664649 -0.5634568334
21.0 147.4 2854.1 -0.5661101937 -0.0504466183 -0.8227845430 -0.1953398883 0.9779061079 0.0744445771 0.8008505106 0.2028664649 -0.5634568334
28.6 -43.4 2819.8 -0.5673790574 -0.0393301509 -0.8225169182 -0.1676183343 0.9834624529 0.0685984790 0.8062165380 0.1767902523 -0.5645884871
98.5 170.3 2744.0 -0.7224463820 -0.6386662722 0.2649086714 -0.5455594063 0.2911593914 -0.7858697176 0.4247778356 -0.7122721076 -0.5587774515
275.9 304.3 2639.7 -0.5239097476 -0.6254169941 0.5782492161 -0.8472816348 0.3130234778 -0.4291038215 0.0873632282 -0.7147516608 -0.6939004064
-56.4 124.5 2964.1 -0.0300877653 0.1464172900 -0.9887652397 -0.9916564822 0.1196797863 0.0478980392 0.1253483146 0.9819566011 0.1415947527
-64.2 -130.9 2996.3 0.1089495942 0.1483051926 -0.9829219580 -0.9902327657 0.1027336642 -0.0942592919 0.0870000347 0.9835910797 0.1580494642
86.2 -209.0 2709.7 -0.6335124969 0.4131300449 0.6542059779 0.2275389731 0.9076070189 -0.3528108001 -0.7395187020 -0.0746527091 -0.6689836383
-74.1 -561.3 2738.6 -0.6363886595 0.1066631079 0.7639583945 0.2030519992 0.9786280990 0.0325102508 -0.7441635132 0.1758124381 -0.6444460154
-10.4 -241.4 2856.8 -0.3651779890 0.2392077893 0.8996803164 0.0115466379 0.9675132632 -0.2525565326 -0.9308661222 -0.0818397924 -0.3560765684
-103.0 -615.9 2888.5 -0.3651779890 -0.2743712068 0.8895872235 0.0115466379 0.9541735053 0.2990311682 -0.9308661222 0.1194713414 -0.3452750742
413.2 526.3 2616.9 0 0 0 0 0 0 0 0 0
-35.8 -389.1 3019.0 0 0 0 0 0 0 0 0 0
-117.9 -963.2 2666.4 0 0 0 0 0 0 0 0 0
-3.4 -962.4 2845.1 0 0 0 0 0 0 0 0 0
8.8 340.6 2899.1 3 -0.5598392487 -0.0487176664 -0.8271678090 -0.1981690675 0.9771723747 0.0765712336 0.8045551777 0.2067866474 -0.5567137599
18.4 147.7 2858.2 -0.5598392487 -0.0487176664 -0.8271678090 -0.1981690675 0.9771723747 0.0765712336 0.8045551777 0.2067866474 -0.5567137599
25.1 -43.2 2824.1 -0.5612571239 -0.0344944820 -0.8269223571 -0.1647557765 0.9837910533 0.0707865581 0.8110770583 0.1759696901 -0.5578428507
95.1 170.2 2747.5 -0.7220708728 -0.6454559565 0.2489985526 -0.5339646935 0.2911167145 -0.7938090563 0.4398811460 -0.7061427832 -0.5548576117
273.4 302.1 2638.9 -0.5279380679 -0.6267206669 0.5731514692 -0.8452426195 0.3219844401 -0.4264866710 0.0827421397 -0.7096106410 -0.6997188926
-58.2 125.2 2969.0 -0.0323406570 0.1549516916 -0.9873925447 -0.9914038181 0.1203369796 0.0513565429 0.1267776191 0.9805656672 0.1497279257
-66.5 -130.2 3001.6 0.1063895002 0.1567984074 -0.9818836451 -0.9904881120 0.1033736989 -0.0908139199 0.0872614682 0.9822057486 0.1663048267
87.0 -219.2 2713.4 -0.6304789186 0.4171646833 0.6545761824 0.2470608950 0.9072955251 -0.3402582705 -0.7358377576 -0.0528054908 -0.6750957966
-74.9 -571.3 2733.9 -0.6369137764 0.1072620526 0.7634367347 0.1963880807 0.9801781178 0.0261270702 -0.7455015182 0.1665705740 -0.6453539133
-14.6 -249.2 2857.7 -0.3725639880 0.1655825824 0.9131147265 0.0130197080 0.9847887158 -0.1732675880 -0.9279151559 -0.0526647754 -0.3690526485
-78.6 -629.8 2878.0 -0.3718658686 -0.2135988325 0.9033777118 0.0098331356 0.9722059965 0.2339206040 -0.9282343984 0.0958701223 -0.3594298661
411.7 523.5 2617.2 0 0 0 0 0 0 0 0 0
-38.8 -388.6 3024.4 0 0 0 0 0 0 0 0 0
-118.3 -967.9 2666.5 0 0 0 0 0 0 0 0 0
-5.3 -963.4 2845.1 0 0 0 0 0 0 0 0 0
9.4 339.4 2891.5 4 -0.5767217875 -0.0424475670 -0.8158370852 -0.1771248579 0.9813911319 0.0741497204 0.7975078225 0.1872687936 -0.5735082030
17.8 145.5 2854.5 -0.5767217875 -0.0424475670 -0.8158370852 -0.1771248579 0.9813911319 0.0741497204 0.7975078225 0.1872687936 -0.5735082030
23.9 -45.9 2823.0 -0.5777164102 -0.0313229486 -0.8156363368 -0.1505960822 0.9861988425 0.0687943548 0.8022247553 0.1625752598 -0.5744603872
96.7 166.0 2745.0 -0.7169786692 -0.6406883001 0.2747000158 -0.5501444340 0.2780395746 -0.7874230742 0.4281152785 -0.7156902552 -0.5518195033
271.2 299.9 2640.8 -0.5303735733 -0.6153400540 0.5831470490 -0.8441587687 0.3199580312 -0.4301427901 0.0781015232 -0.7204050422 -0.6891419888
-61.1 124.9 2964.0 -0.0413946398 0.1369980425 -0.9897060394 -0.9894499779 0.1320211440 0.0596586876 0.1388352364 0.9817341566 0.1300877482
-71.7 -130.0 2999.8 0.0980675817 0.1386990696 -0.9854670763 -0.9899405241 0.1150726229 -0.0823169127 0.1019829959 0.9836263657 0.1485887319
82.1 -219.4 2717.3 -0.6130387783 0.4097875059 0.6754684448 0.2450225651 0.9114245772 -0.3305588365 -0.7510974407 -0.0371403694 -0.6591458321
-77.0 -573.1 2731.8 -0.6202892065 0.1056471318 0.7772258520 0.1878406256 0.9820622206 0.0164218117 -0.7615492344 0.1561808586 -0.6290073991
-18.5 -248.9 2862.6 -0.3502180576 0.1795131564 0.9193053246 0.0282494556 0.9830409884 -0.1811969429 -0.9362421036 -0.0374885686 -0.3493498862
-88.0 -629.6 2877.1 -0.3444135189 -0.2362369746 0.9086096287 0.0040380452 0.9674412012 0.2530637383 -0.9388093352 0.0908275768 -0.3322458863
410.2 521.1 2620.3 0 0 0 0 0 0 0 0 0
-46.2 -388.2 3026.4 0 0 0 0 0 0 0 0 0
-118.9 -962.3 2669.9 0 0 0 0 0 0 0 0 0
-5.2 -968.8 2845.3 0 0 0 0 0 0 0 0 0
12.3 334.0 2884.7 5 -0.5692083836 -0.0380553044 -0.8213121295 -0.1734875292 0.9819963574 0.0747345462 0.8036814332 0.1850269437 -0.5655626655
19.9 140.1 2848.2 -0.5692083836 -0.0380553044 -0.8213121295 -0.1734875292 0.9819963574 0.0747345462 0.8036814332 0.1850269437 -0.5655626655
25.7 -51.2 2816.3 -0.5699523091 -0.0303092040 -0.8211185932 -0.1520733833 0.9859462976 0.0691633672 0.8074825406 0.1642901003 -0.5665515661
97.7 160.9 2737.9 -0.7117586732 -0.6390060186 0.2916690409 -0.5715709925 0.2855157852 -0.7692771554 0.4082966149 -0.7142492533 -0.5684556961
270.6 299.8 2638.7 -0.5324335694 -0.6164540648 0.5800852776 -0.8428144455 0.3224404752 -0.4309245050 0.0786021948 -0.7183429003 -0.6912345290
-58.0 119.4 2958.5 -0.0394498892 0.1462898403 -0.9884548187 -0.9896698594 0.1307312846 0.0588464178 0.1378306150 0.9805654287 0.1396213174
-68.2 -135.6 2994.0 0.0996595323 0.1480203718 -0.9839501977 -0.9900203347 0.1137731746 -0.0831589028 0.0996379182 0.9824182391 0.1578817517
81.6 -223.8 2719.6 -0.6190255880 0.4124898612 0.6683258414 0.2486126423 0.9101259112 -0.3314552605 -0.7449826002 -0.0390250273 -0.6659414172
-78.5 -577.1 2734.7 -0.6257787347 0.1019642204 0.7733073831 0.1935644597 0.9807069302 0.0273261499 -0.7556015849 0.1667849422 -0.6334422231
-21.8 -250.8 2863.2 -0.3634350598 0.1893650144 0.9121709466 0.0065523623 0.9796192646 -0.2007565051 -0.9315965176 -0.0669850782 -0.3572687805
-95.2 -630.5 2889.2 -0.3678191900 -0.2606945038 0.8926070929 0.0224650335 0.9571272135 0.2887954712 -0.9296259284 0.1262769699 -0.3461932540
410.1 520.6 2618.1 0 0 0 0 0 0 0 0 0
-42.2 -393.9 3020.0 0 0 0 0 0 0 0 0 0
-118.9 -965.8 2668.6 0 0 0 0 0 0 0 0 0
-4.6 -963.1 2845.3 0 0 0 0 0 0 0 0 0
8.8 338.0 2884.4 6 -0.5726764202 -0.0482951589 -0.8183576465 -0.1785032302 0.9816567898 0.0669821054 0.8001114130 0.1844385564 -0.5707925558
18.3 144.1 2847.9 -0.5726764202 -0.0482951589 -0.8183576465 -0.1785032302 0.9816567898 0.0669821054 0.8001114130 0.1844385564 -0.5707925558
26.0 -47.2 2816.2 -0.5736656189 -0.0396100394 -0.8181312680 -0.1563641280 0.9857569337 0.0619153082 0.8040261269 0.1634450704 -0.5716884732
96.7 165.5 2738.1 -0.7190794945 -0.6349865794 0.2823414505 -0.5555759668 0.2812391520 -0.7824575901 0.4174445868 -0.7195113897 -0.5550165772
271.1 300.2 2636.8 -0.5376485586 -0.6029955745 0.5893474221 -0.8410249949 0.3337092102 -0.4258111119 0.0600915700 -0.7245926261 -0.6865526438
-60.1 122.7 2957.8 -0.0319512896 0.1390877366 -0.9897644520 -0.9898757339 0.1326144338 0.0505906716 0.1382935941 0.9813603163 0.1334423721
-68.3 -132.3 2993.4 0.1073963344 0.1409504414 -0.9841742516 -0.9890769720 0.1156676263 -0.0913657695 0.1009590551 0.9832364917 0.1518331170
82.6 -229.0 2712.1 -0.6189463735 0.4187997282 0.6644638181 0.2374266535 0.9061691761 -0.3499799967 -0.7486881614 -0.0588574111 -0.6603043079
-79.9 -580.7 2735.0 -0.6232413650 0.0985542163 0.7757946253 0.1995686442 0.9792249799 0.0359279141 -0.7561365962 0.1772160381 -0.6299618483
-19.5 -256.2 2856.8 -0.4660820961 0.1991929561 0.8620264530 0.0038289176 0.9747708440 -0.2231751531 -0.8847332001 -0.1007173136 -0.4550859332
-96.7 -634.1 2895.8 -0.4660820961 -0.2694278061 0.8427194953 0.0038289176 0.9518804550 0.3064455986 -0.8847332001 0.1460555047 -0.4426228404
411.9 520.6 2621.1 0 0 0 0 0 0 0 0 0
-40.3 -390.3 3019.7 0 0 0 0 0 0 0 0 0
-118.7 -965.8 2665.3 0 0 0 0 0 0 0 0 0
-4.9 -958.4 2846.0 0 0 0 0 0 0 0 0 0
7.3 340.2 2884.2 7 -0.5660589337 -0.0556318164 -0.8224855065 -0.1835598350 0.9811778069 0.0599657744 0.8036684990 0.1849194616 -0.5656162500
18.3 146.2 2847.6 -0.5660589337 -0.0556318164 -0.8224855065 -0.1835598350 0.9811778069 0.0599657744 0.8036684990 0.1849194616 -0.5656162500
26.7 -45.1 2815.9 -0.5673034787 -0.0434317142 -0.8223627210 -0.1588510424 0.9856250882 0.0575285852 0.8080427647 0.1632693410 -0.5660477281
95.8 168.0 2737.2 -0.7250096202 -0.6310068369 0.2760279477 -0.5479520559 0.2856553793 -0.7862248421 0.4172644019 -0.7212706804 -0.5528644323
271.1 300.4 2636.3 -0.5566725731 -0.5997714996 0.5747954249 -0.8269482851 0.3341126740 -0.4522446990 0.0791970640 -0.7270783186 -0.6819713712
-59.2 124.5 2958.0 -0.0259971898 0.1451969892 -0.9890611768 -0.9899594784 0.1337740570 0.0456592143 0.1389403045 0.9803174734 0.1402613819
-65.9 -130.5 2993.8 0.1130864248 0.1471585035 -0.9826270342 -0.9884751439 0.1168351918 -0.0962621942 0.1006396189 0.9821883440 0.1586750001
85.0 -224.6 2712.5 -0.6227932572 0.4225579500 0.6584628224 0.2393615842 0.9041606784 -0.3538354635 -0.7448721528 -0.0627556369 -0.6642493010
-79.0 -575.6 2736.8 -0.6266486645 0.1003914326 0.7728085518 0.2055991143 0.9778311253 0.0396897048 -0.7516917586 0.1837602556 -0.6333969235
-17.7 -252.6 2856.5 -0.4549892843 0.2552065551 0.8531438112 0.0063191834 0.9589548111 -0.2834884226 -0.8904744983 -0.1235930249 -0.4379268587
-116.5 -623.9 2904.4 -0.4549892843 -0.3154053986 0.8327689767 0.0063191834 0.9340062141 0.3572008312 -0.8904744983 0.1677849740 -0.4229697287
416.9 517.0 2615.6 0 0 0 0 0 0 0 0 0
-36.4 -388.4 3020.1 0 0 0 0 0 0 0 0 0
-119.5 -969.7 2662.8 0 0 0 0 0 0 0 0 0
-3.2 -959.6 2844.1 0 0 0 0 0 0 0 0 0
8.5 336.0 2884.1 8 -0.5696475506 -0.0440911800 -0.8207055926 -0.1768268943 0.9817501903 0.0699915811 0.8026418686 0.1849933416 -0.5670480728
17.2 142.9 2847.7 -0.5696475506 -0.0440911800 -0.8207055926 -0.1768268943 0.9817501903 0.0699915811 0.8026418686 0.1849933416 -0.5670480728
23.9 -48.4 2815.8 -0.5705429912 -0.0344549045 -0.8205446601 -0.1543966979 0.9858046174 0.0659612492 0.8066240549 0.1643231213 -0.5677636266
95.1 164.0 2737.5 -0.7191336751 -0.6360958815 0.2796940804 -0.5560104847 0.2853319943 -0.7806650996 0.4167721868 -0.7169154286 -0.5588678122
272.0 300.8 2635.0 -0.5646845102 -0.5967235565 0.5701336265 -0.8220989704 0.3458491564 -0.4522627592 0.0726956278 -0.7240920663 -0.6858615279
-60.7 121.8 2957.9 -0.0356608741 0.1443186104 -0.9888885021 -0.9898269176 0.1312773079 0.0548533574 0.1377349794 0.9807845950 0.1381689906
-69.9 -133.2 2993.4 0.1035182104 0.1461161673 -0.9838364124 -0.9896146655 0.1143154502 -0.0871484280 0.0997339115 0.9826403260 0.1564324200
86.0 -222.2 2711.8 -0.6201040149 0.4183770120 0.6636502743 0.2434831411 0.9067938328 -0.3441523910 -0.7457794547 -0.0518226102 -0.6641742587
-76.4 -574.2 2732.0 -0.6262198687 0.1055669636 0.7724663615 0.1943086833 0.9806588292 0.0235023741 -0.7550448775 0.1648145765 -0.6346206665
-15.7 -250.6 2856.6 -0.4524839818 0.1950315088 0.8701844215 0.0136739584 0.9771946073 -0.2119050622 -0.8916676641 -0.0839847773 -0.4448317587
-91.1 -628.5 2889.1 -0.4489972889 -0.2584914565 0.8553265929 0.0006084336 0.9571524262 0.2895840108 -0.8935329318 0.1305428445 -0.4296015501
419.9 516.1 2615.9 0 0 0 0 0 0 0 0 0
-42.9 -391.3 3019.4 0 0 0 0 0 0 0 0 0
-118.7 -966.7 2666.0 0 0 0 0 0 0 0 0 0
-1.9 -958.8 2844.0 0 0 0 0 0 0 0 0 0
9.2 336.6 2884.5 9 -0.5700856447 -0.0360118262 -0.8207956553 -0.1722059697 0.9820845723 0.0765178204 0.8033351898 0.1849676222 -0.5660737753
16.3 143.3 2848.1 -0.5700856447 -0.0360118262 -0.8207956553 -0.1722059697 0.9820845723 0.0765178204 0.8033351898 0.1849676222 -0.5660737753
21.9 -48.1 2816.1 -0.5707688928 -0.0285437442 -0.8206145167 -0.1513782740 0.9859230518 0.0709956586 0.8070362806 0.1647453159 -0.5670550466
94.3 164.0 2737.9 -0.7184469104 -0.6410564780 0.2699640989 -0.5492645502 0.2847182751 -0.7856487632 0.4267814755 -0.7127286196 -0.5566645861
269.4 297.8 2633.9 -0.5722053647 -0.5919745564 0.5675800443 -0.8177828789 0.3597553968 -0.4492295384 0.0617424585 -0.7212088108 -0.6899606586
-61.6 122.6 2958.4 -0.0413396508 0.1458983719 -0.9884355068 -0.9896553159 0.1300448775 0.0605859905 0.1373803765 0.9807150364 0.1390130818
-72.3 -132.4 2993.8 0.0978086963 0.1475981623 -0.9841992855 -0.9902424812 0.1130722463 -0.0814520717 0.0992634445 0.9825627208 0.1572174281
81.7 -225.9 2711.6 -0.6208313704 0.4189392626 0.6626147628 0.2440889925 0.9065178633 -0.3444502056 -0.7449758053 -0.0521085337 -0.6650531888
-81.0 -577.9 2731.8 -0.6265296936 0.0928295925 0.7738496065 0.1931879073 0.9803941250 0.0388038866 -0.7550754547 0.1738101840 -0.6321796179
-20.5 -253.6 2856.1 -0.4536077678 0.1952355653 0.8695533872 0.0013397542 0.9758574367 -0.2184044719 -0.8912004232 -0.0979049802 -0.4429180622
-96.2 -631.7 2894.1 -0.4536077678 -0.2698712051 0.8493583202 0.0013397542 0.9528410435 0.3034668565 -0.8912004232 0.1387928575 -0.4318545461
419.3 512.0 2617.7 0 0 0 0 0 0 0 0 0
-46.8 -390.7 3019.7 0 0 0 0 0 0 0 0 0
-117.8 -966.6 2662.9 0 0 0 0 0 0 0 0 0
-1.7 -965.1 2845.5 0 0 0 0 0 0 0 0 0
0.9 336.6 2884.7 0 -0.6177707314 -0.0601531491 -0.7840541601 -0.1852438152 0.9801416993 0.0707598925 0.7642277479 0.1889545768 -0.6166458726
12.8 142.5 2847.3 -0.6177707314 -0.0601531491 -0.7840541601 -0.1852438152 0.9801416993 0.0707598925 0.7642277479 0.1889545768 -0.6166458726
22.5 -48.3 2813.7 -0.6187813878 -0.0499329343 -0.7839747071 -0.1672166288 0.9834786654 0.0693422407 0.7675598860 0.1740012914 -0.6169078946
97.1 165.4 2742.7 -0.7070483565 -0.6473057866 0.2847418189 -0.5490839481 0.2487832904 -0.7978807688 0.4456337988 -0.7204874158 -0.5313270092
272.1 301.3 2632.4 -0.5587311983 -0.5918263793 0.5809999704 -0.8263316751 0.3375601768 -0.4508094192 0.0706784576 -0.7319799662 -0.6776502728
-71.6 119.7 2952.0 -0.0383546576 0.0823125914 -0.9958682656 -0.9916478992 0.1196761951 0.0480838418 0.1231396273 0.9893949032 0.0770349652
-81.4 -135.8 2983.7 0.1026333272 0.0840815306 -0.9911592603 -0.9902730584 0.1027421877 -0.0938257873 0.0939448550 0.9911479950 0.0938084498
78.5 -225.9 2711.8 -0.5904000998 0.4149368703 0.6922824979 0.2134944201 0.9074655771 -0.3618375361 -0.7783622742 -0.0658304691 -0.6243544817
-82.5 -578.2 2737.4 -0.5914248824 0.0864480436 0.8017127514 0.2023462206 0.9783350825 0.0437780656 -0.7805591822 0.1881149858 -0.5961040854
-23.7 -253.0 2856.5 -0.3990660608 0.1913553923 0.8967326283 -0.0056405207 0.9774503708 -0.2110900432 -0.9169048071 -0.0892969146 -0.3889879286
-97.9 -632.1 2891.1 -0.4031099677 -0.2766740918 0.8723266721 0.0081309378 0.9520841837 0.3057280183 -0.9151154160 0.1303348392 -0.3815449774
418.8 518.2 2613.8 0 0 0 0 0 0 0 0 0
-54.7 -394.1 3008.2 0 0 0 0 0 0 0 0 0
-116.7 -965.4 2662.9 0 0 0 0 0 0 0 0 0
-2.6 -960.1 2846.2 0 0 0 0 0 0 0 0 0
-3.7 337.4 2884.9 1 -0.6319255233 -0.0701350048 -0.7718492150 -0.1948418617 0.9782885313 0.0706268400 0.7501378655 0.1950194538 -0.6318707466
10.2 144.1 2846.3 -0.6319255233 -0.0701350048 -0.7718492150 -0.1948418617 0.9782885313 0.0706268400 0.7501378655 0.1950194538 -0.6318707466
21.5 -46.6 2812.3 -0.6333915591 -0.0579946488 -0.7716552019 -0.1724040210 0.9827000499 0.0676570386 0.7543818355 0.1758898497 -0.6324324608
96.6 167.7 2743.4 -0.7082492113 -0.7020766139 0.0739690289 -0.5269756913 0.4560509622 -0.7171570063 0.4697655439 -0.5469057560 -0.6929750443
265.8 293.6 2631.2 -0.5610846877 -0.7020766139 0.4384887218 -0.8271963000 0.4560509622 -0.3282740414 0.0305003300 -0.5469057560 -0.8366383910
-76.2 120.6 2949.3 -0.0364293754 0.0617364347 -0.9974274635 -0.9921844602 0.1169603020 0.0434772186 0.1193435416 0.9912158847 0.0569931380
-85.6 -135.1 2980.0 0.1052266583 0.0635480657 -0.9924157262 -0.9900906682 0.1000168100 -0.0985756740 0.0929939598 0.9929543138 0.0734427795
87.6 -224.2 2711.4 -0.5755223036 0.4358854890 0.6919378042 0.2131958455 0.8968238831 -0.3876266778 -0.7895072103 -0.0755695477 -0.6090711355
-81.6 -572.3 2740.7 -0.5758469105 0.0895773470 0.8126353621 0.2096976489 0.9769100547 0.0409097672 -0.7902070880 0.1939654797 -0.5813347697
-23.0 -254.2 2848.7 -0.4334556162 0.2012788504 0.8784093857 -0.0098779779 0.9736182094 -0.2279693484 -0.9011207819 -0.1074915007 -0.4200320244
-101.1 -631.9 2890.4 -0.4334556162 -0.2875968814 0.8540517092 -0.0098779779 0.9491684437 0.3146135211 -0.9011207819 0.1279346943 -0.4142632484
413.2 510.8 2623.2 0 0 0 0 0 0 0 0 0
-58.2 -393.4 3004.3 0 0 0 0 0 0 0 0 0
-117.3 -962.0 2663.4 0 0 0 0 0 0 0 0 0
-1.8 -959.6 2846.2 0 0 0 0 0 0 0 0 0
-3.0 337.4 2884.4 2 -0.6284275055 -0.0703748539 -0.7746781707 -0.1954949647 0.9782231450 0.0697219819 0.7529014349 0.1952608824 -0.6285002828
10.9 144.0 2845.8 -0.6284275055 -0.0703748539 -0.7746781707 -0.1954949647 0.9782231450 0.0697219819 0.7529014349 0.1952608824 -0.6285002828
22.5 -46.7 2811.3 -0.6297658086 -0.0597411953 -0.7744843960 -0.1753312349 0.9822404981 0.0668023676 0.7567390800 0.1778611541 -0.6290559769
96.9 168.0 2742.5 -0.7095149159 -0.7027579546 0.0521518402 -0.5187541246 0.4707838297 -0.7136222720 0.4769514799 -0.5333796144 -0.6985867620
263.0 289.4 2630.8 -0.5710100532 -0.7027579546 0.4243568480 -0.8204597831 0.4707838297 -0.3243584037 0.0281651113 -0.5333796144 -0.8454069495
-75.1 120.1 2949.1 -0.0335488580 0.0656180829 -0.9972806573 -0.9924810529 0.1153355688 0.0409761332 0.1177107096 0.9911568761 0.0612553284
