-239.7 488.0 2366.2 9 0.4615353048 0.1122828200 -0.8799873590 -0.1072097793 0.9917469621 0.0703135654 0.8806197643 0.0618910529 0.4697640836
-261.8 292.1 2354.0 0.4615353048 0.1122828200 -0.8799873590 -0.1072097793 0.9917469621 0.0703135654 0.8806197643 0.0618910529 0.4697640836
-283.5 97.7 2343.1 0.4622699320 0.1103384793 -0.8798476458 -0.1006625891 0.9923439026 0.0715583339 0.8810071349 0.0554884784 0.4698377252
-327.7 306.4 2228.4 0.1464733183 0.1703123301 -0.9744430780 0.9556654692 0.2300050408 0.1838508546 0.2554388940 -0.9581708312 -0.1290720254
-367.2 49.1 2159.7 -0.3131758571 0.1485880762 -0.9379991889 0.9192285538 0.2955929935 -0.2600840032 0.2386205941 -0.9436876178 -0.2291589826
-196.0 277.7 2479.6 0.4338278770 -0.7514907122 -0.4970463514 0.6547978520 0.6419071555 -0.3989924490 0.6188967228 -0.1523708254 0.7705517411
-97.7 426.0 2619.8 0.6641024351 -0.7118044496 -0.2286970168 0.7247579098 0.6880189180 -0.0368233882 0.1835589111 -0.1412954628 0.9728009701
-347.6 -87.1 2251.0 0.2923063040 0.0062911953 -0.9563040733 -0.0302218460 0.9995396733 -0.0026620575 0.9558470845 0.0296794102 0.2923618555
-350.1 -478.6 2239.4 0.2869039476 0.1591378152 -0.9446487427 -0.0648640692 0.9870693088 0.1465838850 0.9557608366 0.0192182679 0.2935163975
-264.0 -106.1 2410.2 -0.9984835982 0.0031125557 -0.0549624115 0.0153586874 0.9745073915 -0.2238291353 0.0528645962 -0.2243338674 -0.9730774164
-265.2 -487.8 2498.0 -0.9984835982 0.0314236246 -0.0452007800 0.0153586874 0.9474881887 0.3194218278 0.0528645962 0.3182432055 -0.9465339780
-282.9 -198.1 2095.5 0 0 0 0 0 0 0 0 0
68.5 607.4 2665.7 0 0 0 0 0 0 0 0 0
-410.0 -850.3 2232.1 0 0 0 0 0 0 0 0 0
-274.9 -777.9 2400.6 0 0 0 0 0 0 0 0 0
-239.8 486.2 2358.8 0 0.4580357671 0.1120509282 -0.8818434477 -0.0923585817 0.9926535487 0.0781592429 0.8841227889 0.0456460789 0.4650196731
-261.8 290.8 2349.8 0.4580357671 0.1120509282 -0.8818434477 -0.0923585817 0.9926535487 0.0781592429 0.8841227889 0.0456460789 0.4650196731
-283.6 96.4 2341.9 0.4586268365 0.1110221222 -0.8816663027 -0.0870972201 0.9930036664 0.0797356665 0.8843502998 0.0402217731 0.4650878608
-327.2 303.3 2223.7 0.1515993625 0.1738952547 -0.9730252028 0.9592604637 0.2115475982 0.1872617453 0.2384050786 -0.9617733955 -0.1347403675
-367.2 49.9 2160.8 -0.3130786121 0.1451805085 -0.9385650754 0.9181576371 0.2989510894 -0.2600284517 0.2428340018 -0.9431600571 -0.2268937975
-196.4 278.4 2475.8 0.4367578626 -0.7412060499 -0.5097608566 0.6422474384 0.6537054181 -0.4002343118 0.6298895478 -0.1525871158 0.7615486383
-93.6 429.7 2624.1 0.6712517738 -0.7063004971 -0.2248568386 0.7201836109 0.6932341456 -0.0276046209 0.1753755957 -0.1434085518 0.9740006924
-346.9 -87.6 2252.6 0.2882721722 0.0060759028 -0.9575292468 -0.0389692336 0.9992258549 -0.0053915288 0.9567552209 0.0388684087 0.2882857919
-349.2 -479.0 2237.4 0.2848732471 0.1596928388 -0.9451695085 -0.0604069717 0.9870561957 0.1485632658 0.9566599131 0.0147731304 0.2908324599
-263.3 -105.8 2411.9 -0.9989705086 0.0065270783 -0.0448925197 0.0163467843 0.9749069810 -0.2220115960 0.0423169434 -0.2225168794 -0.9740099907
-265.8 -487.6 2499.1 -0.9989705086 0.0289641563 -0.0349144489 0.0163467843 0.9477706552 0.3185334802 0.0423169434 0.3176348209 -0.9472683668
-283.0 -197.0 2095.5 0 0 0 0 0 0 0 0 0
76.4 612.0 2668.5 0 0 0 0 0 0 0 0 0
-409.4 -850.7 2231.8 0 0 0 0 0 0 0 0 0
-274.8 -780.5 2400.9 0 0 0 0 0 0 0 0 0
-239.8 484.7 2355.0 1 0.4570817053 0.1125728637 -0.8822718859 -0.0835353136 0.9930066466 0.0834245607 0.8854931593 0.0355690233 0.4632889628
-261.9 289.7 2348.0 0.4570817053 0.1125728637 -0.8822718859 -0.0835353136 0.9930066466 0.0834245607 0.8854931593 0.0355690233 0.4632889628
-283.6 95.1 2341.9 0.4576166570 0.1108533964 -0.8822122812 -0.0787791759 0.9933506250 0.0839544311 0.8856527805 0.0310810097 0.4633067548
-327.2 300.9 2221.8 0.1476321071 0.1765144765 -0.9731636047 0.9596673846 0.2124571800 0.1841206253 0.2392555475 -0.9610955119 -0.1380296946
-366.3 46.6 2158.4 -0.3087023497 0.1511937976 -0.9390650988 0.9218690395 0.2906786203 -0.2562488317 0.2342229038 -0.9447996616 -0.2291140556
-196.7 278.4 2474.2 0.4393286705 -0.7369256020 -0.5137421489 0.6390429139 0.6583072543 -0.3978136480 0.6313592196 -0.1535323262 0.7601403594
-92.1 430.6 2624.5 0.6582829952 -0.7180212736 -0.2260728031 0.7327700257 0.6799806952 -0.0259674508 0.1723703295 -0.1485654563 0.9737642407
-346.8 -90.2 2254.1 0.2871080041 0.0068154563 -0.9578739405 -0.0401531346 0.9991813898 -0.0049259183 0.9570562840 0.0398759097 0.2871466577
-349.4 -481.6 2238.5 0.2843634784 0.1602209359 -0.9452336431 -0.0573342219 0.9870138764 0.1500544548 0.9570006132 0.0115242293 0.2898568511
-263.9 -106.0 2413.9 -0.9994259477 0.0080494685 -0.0329082794 0.0154485544 0.9727766514 -0.2312290817 0.0301511344 -0.2316047251 -0.9723426104
-267.0 -487.0 2504.7 -0.9994259477 0.0246785302 -0.0232103188 0.0154485544 0.9417097569 0.3360714912 0.0301511344 0.3355200291 -0.9415504336
-283.2 -201.3 2095.4 0 0 0 0 0 0 0 0 0
75.5 617.1 2668.4 0 0 0 0 0 0 0 0 0
-409.8 -853.4 2234.1 0 0 0 0 0 0 0 0 0
-274.7 -780.0 2400.3 0 0 0 0 0 0 0 0 0
-239.9 482.9 2353.6 2 0.4582420886 0.1032840610 -0.8828060627 -0.0694298893 0.9943501353 0.0802948996 0.8861115575 0.0244986285 0.4628241062
-260.3 287.0 2348.8 0.4582420886 0.1032840610 -0.8828060627 -0.0694298893 0.9943501353 0.0802948996 0.8861115575 0.0244986285 0.4628241062
-280.0 92.2 2344.9 0.4587625563 0.1004891098 -0.8828583360 -0.0643495321 0.9947329164 0.0797847882 0.8862257600 0.0202092491 0.4628126323
-325.7 296.1 2222.5 0.1451125294 0.1753197461 -0.9737583399 0.9599601626 0.2134055793 0.1814787686 0.2396222800 -0.9611040950 -0.1373321414
-364.1 41.7 2159.0 -0.3057266772 0.1467834711 -0.9407368302 0.9193183780 0.3026169538 -0.2515485585 0.2477597594 -0.9417417645 -0.2274588346
-194.9 277.8 2475.1 0.4375286698 -0.7405551672 -0.5100457668 0.6448347569 0.6537266374 -0.3960172236 0.6267030835 -0.1556263566 0.7635598779
-91.1 430.8 2623.8 0.6455084682 -0.7241210938 -0.2428321540 0.7382873893 0.6730237603 -0.0443925299 0.1955773830 -0.1506241709 0.9690520167
-346.7 -92.3 2255.8 0.2878145874 0.0105830561 -0.9576276541 -0.0477583073 0.9988534451 -0.0033150821 0.9564945698 0.0466888063 0.2879900038
-350.9 -483.6 2237.5 0.2872104347 0.1583210677 -0.9446928501 -0.0515395030 0.9873714447 0.1498042643 0.9564799070 0.0056636524 0.2917431891
-264.0 -106.5 2415.9 -0.9994026423 0.0071219946 -0.0338185243 0.0146415224 0.9736345410 -0.2276431471 0.0313056111 -0.2280023247 -0.9731571674
-266.8 -487.9 2505.2 -0.9994026423 0.0244395547 -0.0244361125 0.0146415224 0.9398790002 0.3411937058 0.0313056111 0.3406321108 -0.9396753311
-282.1 -204.9 2092.6 0 0 0 0 0 0 0 0 0
73.7 619.3 2673.8 0 0 0 0 0 0 0 0 0
-410.5 -855.4 2235.4 0 0 0 0 0 0 0 0 0
-274.3 -777.3 2400.3 0 0 0 0 0 0 0 0 0
-240.0 486.1 2360.0 3 0.4441748559 0.1025904715 -0.8900471330 -0.0836458504 0.9938319921 0.0728099793 0.8920269608 0.0421083868 0.4500164688
-260.2 289.9 2351.6 0.4441748559 0.1025904715 -0.8900471330 -0.0836458504 0.9938319921 0.0728099793 0.8920269608 0.0421083868 0.4500164688
-279.7 95.1 2344.6 0.4448820055 0.0994600952 -0.8900492787 -0.0766872391 0.9943947196 0.0727890208 0.8922998905 0.0358728953 0.4500156343
-323.6 300.8 2224.5 0.1470587552 0.1878929734 -0.9711179137 0.9593980312 0.2118043005 0.1862641126 0.2406846583 -0.9590803981 -0.1491164714
-364.0 37.5 2158.5 -0.3099690974 0.1559486538 -0.9378694892 0.9167077541 0.3106158376 -0.2513259649 0.2521231771 -0.9376555085 -0.2392406464
-196.8 278.9 2478.8 0.4513432980 -0.7368169427 -0.5033786297 0.6499734521 0.6579579711 -0.3802970052 0.6114112735 -0.1555382609 0.7758763433
-91.1 431.2 2622.0 0.6290304661 -0.7337746620 -0.2567010820 0.7475062013 0.6615912914 -0.0594260097 0.2134364843 -0.1545048803 0.9646621943
-341.1 -96.8 2260.8 0.2728292644 0.0261336099 -0.9617074728 -0.0619887076 0.9980313182 0.0095349457 0.9600633383 0.0570135899 0.2739121318
-351.4 -487.7 2238.5 0.2737837136 0.1580997556 -0.9487080574 -0.0560599677 0.9873431921 0.1483601034 0.9601561427 0.0125659648 0.2791815400
-258.2 -108.5 2421.0 -0.9995344281 0.0272449460 0.0137332380 0.0236290358 0.9760000706 -0.2164845169 -0.0193017498 -0.2160592377 -0.9761894345
-268.9 -490.7 2505.6 -0.9995344281 0.0156438444 0.0261946376 0.0236290358 0.9400469065 0.3402256668 -0.0193017498 0.3406862319 -0.9399788976
-281.2 -207.3 2091.1 0 0 0 0 0 0 0 0 0
69.7 622.3 2676.6 0 0 0 0 0 0 0 0 0
-410.9 -859.6 2233.7 0 0 0 0 0 0 0 0 0
-273.6 -777.3 2401.7 0 0 0 0 0 0 0 0 0
-239.6 488.9 2363.1 4 0.4397711456 0.1074334458 -0.8916610479 -0.0956263393 0.9927769899 0.0724532530 0.8930044770 0.0534034334 0.4468681216
-260.8 292.9 2352.6 0.4397711456 0.1074334458 -0.8916610479 -0.0956263393 0.9927769899 0.0724532530 0.8930044770 0.0534034334 0.4468681216
-281.3 98.3 2343.2 0.4404257834 0.1047546268 -0.8916566372 -0.0894987136 0.9933451414 0.0724942237 0.8933169246 0.0478737950 0.4468702078
-323.6 305.6 2225.3 0.1509892195 0.1921093762 -0.9696887136 0.9579074383 0.2138519883 0.1915219277 0.2441630214 -0.9577898383 -0.1517336518
-364.5 46.0 2159.1 -0.3066343665 0.1585854143 -0.9385233521 0.9154902101 0.3189828098 -0.2452094108 0.2604861856 -0.9343985319 -0.2429944873
-198.1 280.1 2479.9 0.4605110288 -0.7342640758 -0.4987843931 0.6513594985 0.6612733006 -0.3720866442 0.6030426621 -0.1535379440 0.7827935219
-89.6 433.6 2622.0 0.6244961023 -0.7378126979 -0.2561973333 0.7514361143 0.6570281386 -0.0604799092 0.2129517049 -0.1547464579 0.9647305608
-339.3 -92.7 2257.0 0.2687387466 0.0305632316 -0.9627280831 -0.0557399541 0.9983149767 0.0161335748 0.9615989327 0.0493267030 0.2699894905
-351.3 -483.7 2237.6 0.2692776620 0.1549095660 -0.9505222440 -0.0523137972 0.9878742695 0.1461767405 0.9616406560 0.0103632975 0.2741163969
-258.9 -106.5 2418.2 -0.9994527698 0.0274537969 0.0184514746 0.0225687120 0.9737730026 -0.2263995260 -0.0241830740 -0.2258592099 -0.9738597274
-269.7 -487.9 2506.7 -0.9994527698 0.0129756276 0.0304269772 0.0225687120 0.9399845004 0.3404700160 -0.0241830740 0.3409703970 -0.9397629499
-282.9 -197.9 2089.7 0 0 0 0 0 0 0 0 0
70.2 625.9 2676.4 0 0 0 0 0 0 0 0 0
-409.7 -855.8 2233.7 0 0 0 0 0 0 0 0 0
-273.7 -777.2 2401.8 0 0 0 0 0 0 0 0 0
-240.1 486.6 2364.7 5 0.4454139471 0.1065638661 -0.8889603615 -0.0982499495 0.9927127957 0.0697729811 0.8899176121 0.0562624522 0.4526380301
-261.1 290.7 2353.6 0.4454139471 0.1065638661 -0.8889603615 -0.0982499495 0.9927127957 0.0697729811 0.8899176121 0.0562624522 0.4526380301
-281.4 96.2 2343.7 0.4461010993 0.1035127491 -0.8889763355 -0.0917536467 0.9933448434 0.0696221590 0.8902668357 0.0505083017 0.4526299238
-324.7 303.8 2226.7 0.1536138803 0.1887222826 -0.9699415565 0.9518048167 0.2354459465 0.1965523660 0.2654626369 -0.9533882141 -0.1434590071
-367.1 41.1 2153.4 -0.3262473643 0.1628502160 -0.9311511517 0.9127851725 0.3103447855 -0.2655358911 0.2457353324 -0.9365713596 -0.2498964369
-197.5 277.7 2480.5 0.4578475058 -0.7402560115 -0.4923380017 0.6566593647 0.6549058557 -0.3740278482 0.5993114114 -0.1520506442 0.7859430313
-88.2 434.4 2623.6 0.6133671999 -0.7513412833 -0.2434479892 0.7656225562 0.6413212419 -0.0502914749 0.1939144284 -0.1555421352 0.9686092138
-341.7 -88.1 2253.1 0.2753250599 0.0214425195 -0.9611120224 -0.0374075882 0.9992330074 0.0115770334 0.9606231451 0.0327654369 0.2759160101
-350.0 -479.4 2240.3 0.2714561522 0.1582408398 -0.9493531585 -0.0620926172 0.9872158170 0.1467972547 0.9604457617 0.0190988071 0.2778113782
-262.0 -104.3 2414.6 -0.9998130798 0.0158339478 -0.0110938400 0.0179290827 0.9740604758 -0.2255764008 0.0072343061 -0.2257331312 -0.9741623402
-268.2 -485.8 2503.0 -0.9998130798 0.0193110146 -0.0009337695 0.0179290827 0.9441715479 0.3289660215 0.0072343061 0.3288878202 -0.9443413019
-280.2 -202.0 2088.0 0 0 0 0 0 0 0 0 0
68.8 630.4 2673.2 0 0 0 0 0 0 0 0 0
-409.6 -851.3 2233.1 0 0 0 0 0 0 0 0 0
-274.2 -777.7 2401.3 0 0 0 0 0 0 0 0 0
-239.7 489.6 2365.5 6 0.4524317682 0.1036258116 -0.8857579827 -0.1008001864 0.9928031564 0.0646619424 0.8860839605 0.0600294471 0.4596212208
-260.2 292.9 2353.6 0.4524317682 0.1036258116 -0.8857579827 -0.1008001864 0.9928031564 0.0646619424 0.8860839605 0.0600294471 0.4596212208
-280.2 98.3 2343.6 0.4533087015 0.1021454185 -0.8854815364 -0.0923354104 0.9934489131 0.0673303902 0.8865581751 0.0512398481 0.4597707093
-324.8 306.0 2227.2 0.1502099186 0.1807162464 -0.9719972014 0.9524624348 0.2371246815 0.1912779063 0.2650515437 -0.9545226693 -0.1365069449
-365.8 46.2 2154.9 -0.3155788779 0.1577248573 -0.9356991053 0.9165349007 0.3060067296 -0.2575338483 0.2457107306 -0.9388731122 -0.2411295921
-195.6 279.7 2479.9 0.4538447857 -0.7434291244 -0.4912617207 0.6528800130 0.6526302099 -0.3844755292 0.6064425707 -0.1462427378 0.7815628648
-87.9 434.6 2623.8 0.6083352566 -0.7576801777 -0.2363239229 0.7707756162 0.6349992156 -0.0517776459 0.1892963946 -0.1506545544 0.9702938199
-342.0 -90.1 2253.3 0.2829734683 0.0198152978 -0.9589230418 -0.0397213139 0.9991709590 0.0089254221 0.9583048820 0.0355640240 0.2835259438
-349.7 -481.4 2239.4 0.2787329257 0.1584123224 -0.9472135305 -0.0668239221 0.9871106148 0.1454207152 0.9580409527 0.0227629822 0.2857259810
-261.3 -106.7 2414.3 -0.9996067882 0.0143525135 -0.0240876805 0.0195278767 0.9728217125 -0.2307304293 0.0201214571 -0.2311100811 -0.9727194905
-266.9 -487.7 2504.8 -0.9996067882 0.0251352470 -0.0124270022 0.0195278767 0.9421063662 0.3347450495 0.0201214571 0.3343707621 -0.9422267675
-281.7 -197.8 2089.5 0 0 0 0 0 0 0 0 0
67.8 631.9 2672.2 0 0 0 0 0 0 0 0 0
-409.4 -853.2 2230.8 0 0 0 0 0 0 0 0 0
-274.7 -778.5 2401.6 0 0 0 0 0 0 0 0 0
-238.3 488.6 2368.4 7 0.4572171569 0.1061188653 -0.8830012679 -0.1078697219 0.9921426177 0.0633806214 0.8827891350 0.0662703961 0.4650716484
-259.2 293.0 2355.3 0.4572171569 0.1061188653 -0.8830012679 -0.1078697219 0.9921426177 0.0633806214 0.8827891350 0.0662703961 0.4650716484
-279.8 98.6 2343.8 0.4579503834 0.1052106768 -0.8827299476 -0.1009829938 0.9927012324 0.0659290776 0.8832235932 0.0589484610 0.4652324021
-324.5 307.4 2229.4 0.1540097296 0.1765221655 -0.9721732736 0.9490802884 0.2472378761 0.1952435523 0.2748228610 -0.9527398944 -0.1294566691
-367.9 39.8 2152.0 -0.3343493938 0.1579738855 -0.9291149974 0.9129437208 0.2990393937 -0.2776854932 0.2339749336 -0.9410737157 -0.2442049086
-194.0 278.6 2481.2 0.4566512108 -0.7508185506 -0.4772223830 0.6674868464 0.6437879205 -0.3741635680 0.5881589651 -0.1476774216 0.7951480746
-86.3 436.0 2619.8 0.5958291292 -0.7597485781 -0.2603261769 0.7701696754 0.6324228644 -0.0829453468 0.2276538461 -0.1510740668 0.9619513154
-341.2 -87.9 2253.4 0.2883055210 0.0197324064 -0.9573351145 -0.0418125689 0.9990934134 0.0080010891 0.9566251040 0.0377218835 0.2888692319
-348.9 -479.3 2238.6 0.2837688029 0.1591658592 -0.9455905557 -0.0707269013 0.9869157076 0.1448969543 0.9562808275 0.0257614590 0.2913131714
-259.2 -104.6 2413.7 -0.9994551539 0.0170784406 -0.0282438397 0.0230737571 0.9734104276 -0.2279029489 0.0236006211 -0.2284304649 -0.9732741117
-265.9 -485.9 2503.1 -0.9994551539 0.0295433961 -0.0147165004 0.0230737571 0.9442225099 0.3284988105 0.0236006211 0.3279802799 -0.9443897009
-278.9 -203.2 2089.7 0 0 0 0 0 0 0 0 0
66.1 633.0 2678.1 0 0 0 0 0 0 0 0 0
-408.8 -851.0 2228.9 0 0 0 0 0 0 0 0 0
-275.0 -776.8 2402.1 0 0 0 0 0 0 0 0 0
-238.0 489.3 2367.3 8 0.4597895741 0.1119215563 -0.8809466958 -0.1087672189 0.9916544557 0.0692181215 0.8813416958 0.0639923513 0.4681257904
-260.1 294.1 2354.7 0.4597895741 0.1119215563 -0.8809466958 -0.1087672189 0.9916544557 0.0692181215 0.8813416958 0.0639923513 0.4681257904
-281.8 99.8 2343.3 0.4604018629 0.1110613495 -0.8807357550 -0.1033201516 0.9921040535 0.0710946843 0.8816774487 0.0582656264 0.4682414234
-325.7 308.8 2229.1 0.1491952837 0.1746767759 -0.9732567668 0.9504643083 0.2461029142 0.1898710132 0.2726873755 -0.9533736706 -0.1293066442
-368.7 35.0 2150.5 -0.3440733850 0.1567078233 -0.9257732630 0.9109507799 0.2946686149 -0.2886851728 0.2275571078 -0.9426627755 -0.2441407442
-194.4 279.4 2480.4 0.4592495859 -0.7474473715 -0.4800127447 0.6620161533 0.6482918859 -0.3761013448 0.5923043489 -0.1450518072 0.7925500274
-85.7 436.1 2620.6 0.5928896070 -0.7631406188 -0.2570958436 0.7736962438 0.6283633113 -0.0809547380 0.2233294547 -0.1509168744 0.9629891515
-341.8 -86.7 2252.4 0.2914076149 0.0183683392 -0.9564226270 -0.0405357331 0.9991546869 0.0068383892 0.9557397366 0.0367765315 0.2919058800
-349.0 -478.1 2238.0 0.2878206074 0.1591916680 -0.9443607926 -0.0632669479 0.9870942831 0.1471129060 0.9555922747 0.0174046978 0.2941776514
-259.0 -105.0 2412.1 -0.9991960526 0.0150648337 -0.0371520258 0.0230113696 0.9743659496 -0.2237888426 0.0328283310 -0.2244638503 -0.9739292860
-264.9 -486.6 2500.0 -0.9991960526 0.0323399492 -0.0236928258 0.0230113696 0.9465922117 0.3216110170 0.0328283310 0.3208072782 -0.9465754032
-277.1 -207.3 2090.0 0 0 0 0 0 0 0 0 0
66.0 634.1 2677.8 0 0 0 0 0 0 0 0 0
-409.0 -849.9 2231.4 0 0 0 0 0 0 0 0 0
-274.9 -776.9 2401.6 0 0 0 0 0 0 0 0 0
-238.4 485.6 2366.8 9 0.4603902400 0.1129205823 -0.8805053830 -0.1108806431 0.9914237857 0.0691691190 0.8807646036 0.0657862201 0.4689625502
-260.5 291.2 2353.9 0.4603902400 0.1129205823 -0.8805053830 -0.1108806431 0.9914237857 0.0691691190 0.8807646036 0.0657862201 0.4689625502
-282.3 96.9 2342.3 0.4611536860 0.1112547442 -0.8803179264 -0.1041259319 0.9920389056 0.0708277971 0.8811895847 0.0590014234 0.4690668881
-326.3 306.0 2228.3 0.1502122581 0.1730598509 -0.9733892083 0.9516153932 0.2416563779 0.1898164749 0.2680753171 -0.9548049569 -0.1283866763
-369.3 33.3 2151.5 -0.3465512991 0.1545517594 -0.9252113104 0.9108126760 0.2913196087 -0.2924946547 0.2243266255 -0.9440585971 -0.2417248935
-194.8 276.3 2479.5 0.4534705877 -0.7506982088 -0.4804337919 0.6651337147 0.6438459754 -0.3782320321 0.5932634473 -0.1480356157 0.7912799120
-86.3 435.5 2621.5 0.5973451138 -0.7628681064 -0.2474086732 0.7750815153 0.6283824444 -0.0662133545 0.2059793174 -0.1522096694 0.9666461349
-345.2 -85.2 2252.2 0.2922570407 0.0107752979 -0.9562790990 -0.0397391208 0.9992097020 -0.0008859920 0.9555137753 0.0382606275 0.2924542725
-349.4 -476.6 2237.2 0.2889948487 0.1605223119 -0.9437767863 -0.0601899661 0.9869382381 0.1494325995 0.9554366469 0.0136206402 0.2948818803
-262.0 -103.9 2411.6 -0.9983313084 0.0065387860 -0.0573748201 0.0196793489 0.9726171494 -0.2315784991 0.0542894900 -0.2323211730 -0.9711228013
-264.5 -484.8 2502.6 -0.9983313084 0.0363544375 -0.0448662527 0.0196793489 0.9446349144 0.3275326192 0.0542894900 0.3261031210 -0.9437740445
-277.0 -209.3 2091.7 0 0 0 0 0 0 0 0 0
66.6 633.9 2674.2 0 0 0 0 0 0 0 0 0
-409.9 -848.3 2232.1 0 0 0 0 0 0 0 0 0
-275.9 -779.9 2400.7 0 0 0 0 0 0 0 0 0
-238.3 484.6 2360.0 0 0.4675634801 0.1105419546 -0.8770204186 -0.0969886556 0.9925752878 0.0733994991 0.8786225319 0.0507421084 0.4748132825
-260.0 290.0 2350.1 0.4675634801 0.1105419546 -0.8770204186 -0.0969886556 0.9925752878 0.0733994991 0.8786225319 0.0507421084 0.4748132825
-281.5 95.6 2341.1 0.4680498242 0.1101248860 -0.8768134713 -0.0926129445 0.9928537011 0.0752616525 0.8788357377 0.0459780768 0.4749040008
-326.7 303.2 2224.9 0.1494453400 0.1656987369 -0.9747871757 0.9547165632 0.2323202789 0.1858591586 0.2572594583 -0.9584212303 -0.1234761477
-369.3 31.1 2151.5 -0.3504858017 0.1412775517 -0.9258511662 0.9071115851 0.2971841097 -0.2980438769 0.2330413461 -0.9443104863 -0.2323133200
-193.3 276.8 2475.3 0.4440459013 -0.7539103031 -0.4841925800 0.6658451557 0.6392546892 -0.3847124577 0.5995610952 -0.1515672952 0.7858459353
-88.0 434.6 2617.4 0.5954808593 -0.7562909722 -0.2709732354 0.7659668922 0.6362052560 -0.0923990831 0.2422752082 -0.1525346488 0.9581419230
-345.8 -88.0 2251.1 0.2995718122 0.0119995540 -0.9539982677 -0.0325029381 0.9994688630 0.0023650115 0.9535199404 0.0302992556 0.2998027205
-350.5 -479.5 2239.3 0.2935612798 0.1620905399 -0.9420979023 -0.0704549327 0.9865079522 0.1477773935 0.9533403516 0.0229937211 0.3010206223
-262.4 -106.8 2410.4 -0.9972036481 0.0024543637 -0.0746920258 0.0202421360 0.9709697366 -0.2383442968 0.0719387159 -0.2391897291 -0.9683042169
-263.4 -487.2 2504.1 -0.9972036481 0.0429262444 -0.0611740164 0.0202421360 0.9431230426 0.3318271041 0.0719387159 0.3296609223 -0.9413546324
-276.0 -210.3 2089.5 0 0 0 0 0 0 0 0 0
64.4 630.7 2679.4 0 0 0 0 0 0 0 0 0
-411.6 -851.1 2230.6 0 0 0 0 0 0 0 0 0
-276.7 -778.9 2402.2 0 0 0 0 0 0 0 0 0
-237.1 488.1 2363.7 1 0.4735060334 0.1150282398 -0.8732471466 -0.1129051894 0.9911831617 0.0693420768 0.8735241890 0.0657602400 0.4823184907
-259.8 292.8 2350.7 0.4735060334 0.1150282398 -0.8732471466 -0.1129051894 0.9911831617 0.0693420768 0.8735241890 0.0657602400 0.4823184907
-282.3 98.6 2339.1 0.4741758406 0.1147020608 -0.8729265332 -0.1071239114 0.9916273355 0.0721093118 0.8738888502 0.0593188070 0.4824930429
-327.4 308.0 2226.2 0.1443652958 0.1579596698 -0.9768354297 0.9552863836 0.2351835072 0.1792110652 0.2580437064 -0.9590294361 -0.1169443876
-369.5 29.5 2150.9 -0.3538251519 0.1349423975 -0.9255259633 0.9059327245 0.2955094874 -0.3032492101 0.2325805277 -0.9457614422 -0.2268074155
-192.2 277.5 2475.2 0.4389846921 -0.7599099874 -0.4794050753 0.6667932868 0.6331611276 -0.3930568397 0.6022284627 -0.1471181512 0.7846509218
-89.2 434.0 2616.6 0.6039648652 -0.7552564144 -0.2545864284 0.7647755742 0.6391016245 -0.0816541240 0.2243763953 -0.1453852654 0.9635965824
-345.4 -90.5 2252.7 0.3067164421 0.0147198420 -0.9516870975 -0.0345777869 0.9993926883 0.0043137358 0.9511726499 0.0315841399 0.3070391417
-351.2 -482.0 2240.3 0.3000172973 0.1581397355 -0.9407345057 -0.0782936960 0.9869182706 0.1409340501 0.9507153630 0.0313709304 0.3084738851
-260.8 -107.2 2411.5 -0.9974324703 0.0075366092 -0.0712158978 0.0234753210 0.9739086032 -0.2257231772 0.0676565841 -0.2268154472 -0.9715849757
-263.7 -488.7 2500.4 -0.9974324703 0.0439883731 -0.0565113015 0.0234753210 0.9463483691 0.3222944438 0.0676565841 0.3201403320 -0.9449511766
-275.5 -211.2 2089.1 0 0 0 0 0 0 0 0 0
65.4 629.8 2674.1 0 0 0 0 0 0 0 0 0
-410.7 -853.7 2228.5 0 0 0 0 0 0 0 0 0
-277.2 -778.8 2402.2 0 0 0 0 0 0 0 0 0
-236.1 489.5 2365.5 2 0.4735859632 0.1172840744 -0.8729036450 -0.1186068207 0.9905588031 0.0687432736 0.8727248907 0.0709764734 0.4830254614
-259.2 294.4 2351.5 0.4735859632 0.1172840744 -0.8729036450 -0.1186068207 0.9905588031 0.0687432736 0.8727248907 0.0709764734 0.4830254614
-281.9 100.3 2338.8 0.4742499888 0.1163324416 -0.8726704717 -0.1129743904 0.9910778403 0.0707213134 0.8731115460 0.0650498345 0.4831612408
-326.7 310.5 2227.1 0.1454996020 0.1567772925 -0.9768576026 0.9559765458 0.2320387959 0.1796296835 0.2548307180 -0.9599890113 -0.1161138639
-369.6 29.2 2152.1 -0.3539223373 0.1319744736 -0.9259166718 0.9052714109 0.2970826924 -0.3036865294 0.2349949628 -0.9456873536 -0.2246169150
-191.6 278.3 2475.9 0.4309880137 -0.7680131793 -0.4737141430 0.6811752319 0.6212164164 -0.3874151409 0.5918189287 -0.1557110548 0.7908883691
-91.5 436.4 2613.3 0.6221481562 -0.7373670936 -0.2630996108 0.7465277910 0.6599828005 -0.0843738243 0.2358556986 -0.1439181417 0.9610721469
-347.6 -86.0 2248.5 0.3071566820 0.0077779647 -0.9516271949 -0.0219036192 0.9997594953 0.0011015354 0.9514068365 0.0205057357 0.3072531521
-350.7 -477.6 2240.5 0.2987778485 0.1558839679 -0.9415051937 -0.0781554505 0.9872518182 0.1386562884 0.9511169791 0.0321563296 0.3071521521
-261.9 -105.3 2406.5 -0.9982476830 0.0059162644 -0.0588773824 0.0201866217 0.9693499804 -0.2448532283 0.0556241721 -0.2456127107 -0.9677708149
-264.2 -484.9 2502.6 -0.9982476830 0.0371173508 -0.0460852534 0.0201866217 0.9457002282 0.3244126737 0.0556241721 0.3229138851 -0.9447923303
-275.4 -211.8 2089.5 0 0 0 0 0 0 0 0 0
67.7 627.5 2673.7 0 0 0 0 0 0 0 0 0
-409.4 -849.4 2228.3 0 0 0 0 0 0 0 0 0
-275.7 -777.5 2402.8 0 0 0 0 0 0 0 0 0
-237.0 487.4 2365.9 3 0.4729829133 0.1089687720 -0.8743071556 -0.1143824756 0.9915189743 0.0616987459 0.8736153841 0.0708229616 0.4814356863
-258.5 292.4 2351.9 0.4729829133 0.1089687720 -0.8743071556 -0.1143824756 0.9915189743 0.0616987459 0.8736153841 0.0708229616 0.4814356863
-279.5 98.0 2339.6 0.4738211036 0.1075703353 -0.8740264177 -0.1067038700 0.9922114611 0.0642703399 0.8741326332 0.0628093556 0.4816088974
-326.0 307.6 2227.4 0.1501480937 0.1567851603 -0.9761526585 0.9544717669 0.2344269305 0.1844658107 0.2577579618 -0.9594073296 -0.1144482493
-369.7 29.5 2152.3 -0.3550109863 0.1299361140 -0.9257882237 0.9028506279 0.3045794070 -0.3034668267 0.2425447255 -0.9435825348 -0.2254419327
-190.9 277.2 2476.5 0.4437471926 -0.7644890547 -0.4675948620 0.6774939299 0.6277272105 -0.3833543658 0.5865921974 -0.1466802508 0.7964888215
-86.7 436.2 2614.3 0.6047697663 -0.7585488558 -0.2426048815 0.7690958977 0.6353595257 -0.0693528056 0.2067488134 -0.1446439326 0.9676430225
-347.6 -83.5 2247.1 0.3058082759 0.0039122566 -0.9520850778 -0.0207915083 0.9997805357 -0.0025699567 0.9518660903 0.0205811989 0.3058224916
-349.1 -475.2 2239.0 0.2988427579 0.1582535803 -0.9410891533 -0.0662885904 0.9872144461 0.1449600756 0.9519972801 0.0190632045 0.3055123091
-261.9 -104.0 2404.9 -0.9986653924 0.0068260576 -0.0511944108 0.0191025436 0.9697538614 -0.2433362007 0.0479849502 -0.2439893782 -0.9685900211
-264.5 -483.8 2500.5 -0.9986653924 0.0331651308 -0.0395921320 0.0191025436 0.9494113326 0.3134537339 0.0479849502 0.3122790754 -0.9487777352
-274.8 -211.8 2087.4 0 0 0 0 0 0 0 0 0
68.0 633.0 2667.2 0 0 0 0 0 0 0 0 0
-408.7 -847.0 2231.9 0 0 0 0 0 0 0 0 0
-274.8 -776.8 2404.1 0 0 0 0 0 0 0 0 0
-237.8 487.6 2366.6 4 0.4723224342 0.1057875156 -0.8750545979 -0.1098502576 0.9920963645 0.0606438443 0.8745538592 0.0674815252 0.4802101552
-258.6 292.2 2353.3 0.4723224342 0.1057875156 -0.8750545979 -0.1098502576 0.9920963645 0.0606438443 0.8745538592 0.0674815252 0.4802101552
-278.9 97.8 2341.4 0.4730661213 0.1036269441 -0.8749113679 -0.1028013378 0.9927676916 0.0620013103 0.8750087619 0.0606113411 0.4802977741
-326.0 306.8 2228.6 0.1488021463 0.1585193723 -0.9760786295 0.9526728392 0.2416265309 0.1844751537 0.2650893629 -0.9573339224 -0.1150625497
-369.3 29.7 2151.5 -0.3539324105 0.1338222176 -0.9256476164 0.9030952454 0.3062659204 -0.3010319173 0.2432095408 -0.9424928427 -0.2292516381
-191.2 277.5 2478.0 0.4413827360 -0.7685855031 -0.4630956948 0.6867257953 0.6215196848 -0.3769892752 0.5775715709 -0.1516232044 0.8021355867
-89.1 436.3 2611.6 0.6085014343 -0.7493016720 -0.2612910271 0.7578648925 0.6463629007 -0.0886326879 0.2353014499 -0.1440901756 0.9611822367
-343.4 -86.6 2248.3 0.3046032786 0.0137760788 -0.9523797035 -0.0193453860 0.9997786283 0.0082743904 0.9522828460 0.0159037467 0.3048023283
-348.8 -478.2 2242.1 0.2942064404 0.1626242250 -0.9418045878 -0.0867216811 0.9858946800 0.1431467682 0.9517993331 0.0395601802 0.3041596115
-257.8 -105.9 2406.4 -0.9990639687 0.0168109257 -0.0398564078 0.0259638391 0.9700065255 -0.2416883409 0.0345979705 -0.2424969375 -0.9695350528
-264.4 -485.9 2501.3 -0.9990639687 0.0356810801 -0.0244540591 0.0259638391 0.9468083978 0.3207487762 0.0345979705 0.3198136091 -0.9468485713
-274.6 -211.9 2086.4 0 0 0 0 0 0 0 0 0
66.6 630.3 2671.8 0 0 0 0 0 0 0 0 0
-410.1 -849.5 2227.2 0 0 0 0 0 0 0 0 0
-275.4 -778.4 2402.5 0 0 0 0 0 0 0 0 0
-236.4 488.6 2367.4 5 0.4710990191 0.1051664129 -0.8757886291 -0.1106114089 0.9920732379 0.0596306659 0.8751176000 0.0687802657 0.4789973199
-257.2 293.1 2353.9 0.4710990191 0.1051664129 -0.8757886291 -0.1106114089 0.9920732379 0.0596306659 0.8751176000 0.0687802657 0.4789973199
-277.3 98.6 2341.6 0.4717913568 0.1025304794 -0.8757284880 -0.1039950922 0.9927539229 0.0602053553 0.8755558133 0.0626671016 0.4790353775
-324.4 307.9 2229.1 0.1556548923 0.1597427726 -0.9748096466 0.9508028030 0.2433611304 0.1917013228 0.2678536773 -0.9566909671 -0.1140035167
-369.9 29.9 2150.8 -0.3555606902 0.1377557218 -0.9244457483 0.9043398499 0.3005599678 -0.3030397892 0.2361059189 -0.9437621832 -0.2314452976
-189.9 278.3 2478.7 0.4389580488 -0.7726493478 -0.4586161673 0.6958127022 0.6152521372 -0.3705529869 0.5684721470 -0.1564537287 0.8076890707
-88.0 439.9 2610.7 0.6436821222 -0.7225883603 -0.2520702183 0.7323535085 0.6771981120 -0.0711413920 0.2221074104 -0.1388120651 0.9650903940
-341.9 -87.4 2250.4 0.3030771315 0.0164842270 -0.9528234601 -0.0239920933 0.9996654391 0.0096631302 0.9526639581 0.0199315548 0.3033712506
-348.4 -479.0 2242.6 0.2934623659 0.1666225046 -0.9413377643 -0.0842385739 0.9853699803 0.1481550634 0.9522519112 0.0358190164 0.3032050431
-256.4 -106.0 2408.6 -0.9995262027 0.0231938995 -0.0202340372 0.0275423452 0.9674444199 -0.2515803874 0.0137401773 -0.2520184815 -0.9676249027
-265.5 -484.9 2507.4 -0.9995262027 0.0305709746 -0.0035761506 0.0275423452 0.9402147532 0.3394667208 0.0137401773 0.3392073810 -0.9406112432
-274.8 -212.1 2087.6 0 0 0 0 0 0 0 0 0
76.6 627.2 2667.5 0 0 0 0 0 0 0 0 0
-411.2 -850.1 2229.1 0 0 0 0 0 0 0 0 0
-275.0 -778.2 2401.5 0 0 0 0 0 0 0 0 0
-234.1 489.5 2359.9 6 0.4826722443 0.1117028967 -0.8686483502 -0.0966716558 0.9925674796 0.0739216730 0.8704493642 0.0482937358 0.4898832738
-256.0 294.6 2350.4 0.4826722443 0.1117028967 -0.8686483502 -0.0966716558 0.9925674796 0.0739216730 0.8704493642 0.0482937358 0.4898832738
-277.4 100.2 2341.5 0.4830804765 0.1094231680 -0.8687115908 -0.0930061564 0.9929597378 0.0733538494 0.8706222773 0.0453597121 0.4898564816
-324.9 307.9 2226.3 0.1490315497 0.1491575837 -0.9775180817 0.9553447962 0.2333689034 0.1812603325 0.2551586926 -0.9608802795 -0.1077175885
-368.0 31.6 2152.5 -0.3469348252 0.1225968152 -0.9298420548 0.9048635960 0.3045274913 -0.2974640727 0.2466943115 -0.9445808530 -0.2165845782
-187.2 281.3 2474.4 0.3886721432 -0.7841506004 -0.4837786853 0.6900486946 0.5956653953 -0.4111149907 0.6105462909 -0.1740419120 0.7726206183
-107.1 423.6 2600.3 0.6554744244 -0.7160356641 -0.2400963604 0.7317519784 0.6807911396 -0.0325954072 0.1867949516 -0.1543255299 0.9702016711
-340.0 -86.4 2250.2 0.3155489862 0.0215285420 -0.9486650229 -0.0277594924 0.9995241761 0.0134492330 0.9485031366 0.0220905691 0.3159964681
-348.4 -477.9 2241.5 0.3067633510 0.1626560688 -0.9377841949 -0.0841905922 0.9860641956 0.1434900761 0.9480549693 0.0349351056 0.3161824644
-254.7 -105.2 2408.5 -0.9994044900 0.0228160173 -0.0258868206 0.0284418166 0.9694628716 -0.2435833663 0.0195387080 -0.2441745698 -0.9695344567
-263.6 -484.9 2504.1 -0.9994044900 0.0332745723 -0.0091378829 0.0284418166 0.9442932010 0.3278740346 0.0195387080 0.3274188638 -0.9446772337
-274.6 -212.1 2086.1 0 0 0 0 0 0 0 0 0
52.8 602.0 2645.8 0 0 0 0 0 0 0 0 0
-409.7 -849.3 2228.4 0 0 0 0 0 0 0 0 0
-273.9 -776.3 2403.1 0 0 0 0 0 0 0 0 0
-234.0 489.2 2363.1 7 0.4934356213 0.1126990542 -0.8624501228 -0.1086263508 0.9917916059 0.0674518570 0.8629725575 0.0604016557 0.5016273856
-256.0 294.9 2351.2 0.4934356213 0.1126990542 -0.8624501228 -0.1086263508 0.9917916059 0.0674518570 0.8629725575 0.0604016557 0.5016273856
-277.9 100.6 2340.4 0.4939765036 0.1115115061 -0.8622948527 -0.1038401499 0.9922097921 0.0688258931 0.8632522225 0.0555424541 0.5017076731
-326.4 309.7 2228.2 0.1326141059 0.1357640773 -0.9818256497 0.9585967064 0.2342851460 0.1618728787 0.2520036995 -0.9626414776 -0.0990734845
-364.5 34.3 2155.8 -0.3301208317 0.1090838686 -0.9376145005 0.9075858593 0.3096852303 -0.2835188210 0.2594380379 -0.9445611238 -0.2012365162
-185.6 280.1 2474.2 0.4028884768 -0.7872495651 -0.4668179154 0.6930695176 0.5955439806 -0.4061798453 0.5977755189 -0.1598920822 0.7855564952
-98.2 430.5 2604.0 0.6654801965 -0.7088053226 -0.2339468151 0.7201308608 0.6921376586 -0.0485497229 0.1963356882 -0.1361634284 0.9710364938
-342.5 -85.9 2253.9 0.3275803030 0.0178854223 -0.9446540475 -0.0377920642 0.9992687106 0.0058141998 0.9440672398 0.0337958075 0.3280166686
-349.5 -477.3 2240.7 0.3222445846 0.1554511338 -0.9338058233 -0.0730363950 0.9875676632 0.1391969472 0.9438347816 0.0233463459 0.3295919299
-255.2 -102.7 2411.3 -0.9994882941 0.0212096684 -0.0239443295 0.0262908079 0.9710927010 -0.2372503579 0.0182201620 -0.2377584726 -0.9711533785
-263.5 -483.1 2504.4 -0.9994882941 0.0307693742 -0.0087422291 0.0262908079 0.9458958507 0.3234035075 0.0182201620 0.3230081797 -0.9462207556
-275.1 -211.6 2085.5 0 0 0 0 0 0 0 0 0
68.1 610.5 2653.0 0 0 0 0 0 0 0 0 0
-408.1 -849.2 2231.9 0 0 0 0 0 0 0 0 0
-273.1 -778.1 2403.7 0 0 0 0 0 0 0 0 0
-234.5 488.5 2364.7 8 0.5007659793 0.1129949465 -0.8581757545 -0.1135244519 0.9914523959 0.0642991066 0.8581058383 0.0652251244 0.5093132854
-256.6 294.7 2351.9 0.5007659793 0.1129949465 -0.8581757545 -0.1135244519 0.9914523959 0.0642991066 0.8581058383 0.0652251244 0.5093132854
-278.8 100.5 2340.0 0.5011612177 0.1134208888 -0.8578887582 -0.1100624725 0.9916765094 0.0668126121 0.8583260775 0.0609374717 0.5094732046
-328.0 310.4 2229.6 0.1238969341 0.1276629865 -0.9840486050 0.9592120647 0.2385264933 0.1517144889 0.2540899813 -0.9627082944 -0.0929031819
-363.4 36.6 2157.1 -0.3240825236 0.1046214029 -0.9402259588 0.9103658199 0.3048025668 -0.2798739970 0.2573024929 -0.9466518760 -0.1940249354
-185.2 279.1 2474.2 0.4193746150 -0.7846419811 -0.4565762579 0.6882537007 0.6027687192 -0.4037037194 0.5919727683 -0.1449372321 0.7928186655
-91.2 433.3 2606.9 0.6467675567 -0.7330634594 -0.2104986310 0.7436885834 0.6673797369 -0.0391358398 0.1691715717 -0.1312336326 0.9768104553
-344.4 -84.3 2251.5 0.3358150125 0.0115366327 -0.9418572783 -0.0276584867 0.9996145964 0.0023825807 0.9415217638 0.0252502412 0.3360046744
-348.9 -475.9 2241.6 0.3280016184 0.1570970863 -0.9315232038 -0.0797231123 0.9871612191 0.1384086162 0.9413071871 0.0288656764 0.3363147378
-255.1 -103.1 2407.5 -0.9996058345 0.0239731241 -0.0146121681 0.0268115848 0.9695218801 -0.2435331643 0.0083285663 -0.2438289523 -0.9697824717
-264.5 -482.9 2503.0 -0.9996058345 0.0280673038 0.0006727024 0.0268115848 0.9472277164 0.3194381893 0.0083285663 0.3193303049 -0.9476068616
-274.9 -211.8 2086.9 0 0 0 0 0 0 0 0 0
72.3 621.3 2649.7 0 0 0 0 0 0 0 0 0
-408.1 -847.7 2230.7 0 0 0 0 0 0 0 0 0
-273.3 -782.0 2402.2 0 0 0 0 0 0 0 0 0
-235.6 487.5 2365.5 9 0.5033100247 0.1088461876 -0.8572231531 -0.1134200469 0.9917736650 0.0593373328 0.8566299677 0.0673612133 0.5115149617
-256.9 293.5 2352.3 0.5033100247 0.1088461876 -0.8572231531 -0.1134200469 0.9917736650 0.0593373328 0.8566299677 0.0673612133 0.5115149617
-278.4 99.2 2340.2 0.5037900805 0.1095198542 -0.8568552732 -0.1090588644 0.9920572042 0.0626794174 0.8569141030 0.0618703999 0.5117326379
-328.7 309.0 2230.2 0.1240694523 0.1250312924 -0.9843647480 0.9571697116 0.2464521974 0.1519454718 0.2615967989 -0.9610559344 -0.0890989900
-364.0 37.0 2155.8 -0.3263086975 0.1067853048 -0.9392122030 0.9115931988 0.2983762324 -0.2827886939 0.2500409186 -0.9484558702 -0.1947075129
-185.1 277.9 2474.4 0.4182033241 -0.7891142964 -0.4498939514 0.6945059896 0.5970027447 -0.4015584588 0.5854634643 -0.1445209533 0.7977131605
-90.2 435.6 2607.3 0.6488139629 -0.7297213674 -0.2157479525 0.7391681075 0.6717291474 -0.0490968190 0.1807511747 -0.1276192963 0.9752140045
-346.4 -83.7 2250.5 0.3384036124 0.0073154448 -0.9409726262 -0.0162380021 0.9998663068 0.0019336038 0.9408609271 0.0146251768 0.3384771347
-349.2 -475.4 2244.8 0.3271391988 0.1592774391 -0.9314562082 -0.0922493562 0.9863676429 0.1362680495 0.9404626489 0.0413476154 0.3373727500
-255.8 -103.6 2405.6 -0.9996283054 0.0227798615 -0.0149791623 0.0257798303 0.9685564041 -0.2474548221 0.0088711772 -0.2477490008 -0.9687836170
-264.7 -483.0 2502.7 -0.9996283054 0.0272631440 -0.0001357532 0.0257798303 0.9468380213 0.3206761777 0.0088711772 0.3205534816 -0.9471888542
-274.8 -212.0 2087.5 0 0 0 0 0 0 0 0 0
74.9 623.7 2653.3 0 0 0 0 0 0 0 0 0
-409.2 -846.9 2229.2 0 0 0 0 0 0 0 0 0
-273.3 -781.3 2401.7 0 0 0 0 0 0 0 0 0
-234.4 486.2 2358.4 0 0.4982498884 0.1171831563 -0.8590781093 -0.1057383940 0.9916412830 0.0739391595 0.8605617285 0.0539973564 0.5064759254
-257.3 292.2 2347.8 0.4982498884 0.1171831563 -0.8590781093 -0.1057383940 0.9916412830 0.0739391595 0.8605617285 0.0539973564 0.5064759254
-280.2 98.0 2338.1 0.4987412393 0.1168200001 -0.8588423729 -0.1015734151 0.9919255972 0.0759369805 0.8607787490 0.0493626483 0.5065799952
-328.4 306.7 2225.1 0.1345697641 0.1325361133 -0.9820005894 0.9570483565 0.2394506633 0.1634679735 0.2568061054 -0.9618199468 -0.0946206525
-366.2 38.0 2153.0 -0.3335837424 0.1118640453 -0.9360600114 0.9101312160 0.2970334291 -0.2888464630 0.2457295805 -0.9482919574 -0.2008964717
-186.2 277.8 2470.5 0.4218013585 -0.7802470326 -0.4618421197 0.6892430782 0.6068763137 -0.3957841396 0.5890904665 -0.1513791978 0.7937611341
-89.7 435.5 2605.3 0.6477926373 -0.7309858203 -0.2145330757 0.7432928681 0.6681848764 -0.0323215537 0.1669743508 -0.1385232359 0.9761818051
-345.4 -85.2 2250.6 0.3334806859 0.0101642394 -0.9427021146 -0.0209188815 0.9997754693 0.0033795557 0.9425247908 0.0185932573 0.3336184323
-349.4 -476.9 2243.3 0.3244039118 0.1602242589 -0.9322501421 -0.0805997401 0.9866478443 0.1415264457 0.9424785376 0.0292273853 0.3329864442
-254.3 -105.0 2405.5 -0.9995868206 0.0286931302 -0.0017177514 0.0282564405 0.9698928595 -0.2418870777 -0.0052744630 -0.2418356687 -0.9703028798
-265.5 -484.9 2500.3 -0.9995868206 0.0251293071 0.0139557989 0.0282564405 0.9481199980 0.3166545331 -0.0052744630 0.3169180155 -0.9484382868
-274.6 -212.0 2085.6 0 0 0 0 0 0 0 0 0
75.6 625.2 2647.9 0 0 0 0 0 0 0 0 0
-409.7 -848.4 2232.3 0 0 0 0 0 0 0 0 0
-273.4 -782.5 2400.8 0 0 0 0 0 0 0 0 0
-235.0 487.4 2362.8 1 0.4867432714 0.1176187098 -0.8655904531 -0.1185254678 0.9906226993 0.0679585710 0.8654667735 0.0695161372 0.4961197376
-258.0 293.1 2349.2 0.4867432714 0.1176187098 -0.8655904531 -0.1185254678 0.9906226993 0.0679585710 0.8654667735 0.0695161372 0.4961197376
-281.1 99.0 2336.6 0.4872692525 0.1178924143 -0.8652572036 -0.1141000241 0.9909459352 0.0707622916 0.8657655120 0.0642455816 0.4963090122
-327.5 309.4 2225.8 0.1450499892 0.1431830674 -0.9790092707 0.9556350708 0.2361021042 0.1761175096 0.2563631833 -0.9611214399 -0.1025841534
-368.7 38.0 2153.0 -0.3417221606 0.1200764105 -0.9320985079 0.9077623487 0.2989323437 -0.2942905426 0.2432970405 -0.9466895461 -0.2111526579
-188.6 276.8 2472.6 0.4250653386 -0.7788355350 -0.4612316489 0.6938654184 0.6075854897 -0.3865108788 0.5812660456 -0.1557403058 0.7986705899
-91.7 434.9 2605.0 0.6580071449 -0.7165155411 -0.2315858901 0.7279518843 0.6839598417 -0.0478021950 0.1926464587 -0.1371291876 0.9716392756
-348.2 -87.1 2250.7 0.3212208152 0.0057557579 -0.9469868541 -0.0197965559 0.9998038411 -0.0006382735 0.9467973709 0.0189521033 0.3212717474
-350.4 -478.7 2243.2 0.3114180267 0.1519300789 -0.9380490780 -0.0886150002 0.9874779582 0.1305169463 0.9461322427 0.0424798876 0.3209817410
-258.0 -105.4 2406.3 -0.9997506738 0.0204668026 -0.0089305555 0.0219619069 0.9735486507 -0.2274219394 0.0040397304 -0.2275613546 -0.9737553596
-266.0 -486.7 2495.4 -0.9997506738 0.0221483130 0.0028455206 0.0219619069 0.9521864057 0.3047273159 0.0040397304 0.3047138453 -0.9524353743
-274.5 -212.0 2086.0 0 0 0 0 0 0 0 0 0
76.4 621.0 2654.2 0 0 0 0 0 0 0 0 0
-407.6 -850.6 2227.2 0 0 0 0 0 0 0 0 0
-272.9 -781.0 2401.2 0 0 0 0 0 0 0 0 0
-235.1 487.3 2364.6 2 0.4747130871 0.1187269762 -0.8720959425 -0.1212133169 0.9902372360 0.0688299537 0.8717538714 0.0730351657 0.4844698608
-258.4 293.3 2350.2 0.4747130871 0.1187269762 -0.8720959425 -0.1212133169 0.9902372360 0.0688299537 0.8717538714 0.0730351657 0.4844698608
-281.7 99.2 2337.1 0.4753356874 0.1189049333 -0.8717325330 -0.1160234213 0.9906436205 0.0718595907 0.8721207380 0.0669839606 0.4846840203
-326.1 309.8 2226.0 0.1538749486 0.1553477198 -0.9758020043 0.9552699327 0.2290273309 0.1870983988 0.2525506318 -0.9609441161 -0.1131574363
-369.9 37.9 2154.1 -0.3457125723 0.1266009063 -0.9297607541 0.9050534368 0.3065643311 -0.2947823107 0.2477117628 -0.9433931112 -0.2205637246
-190.6 276.7 2474.5 0.4389129877 -0.7704914808 -0.4622750878 0.6943986416 0.6173681021 -0.3696852922 0.5702332258 -0.1587435007 0.8059991002
-90.3 435.4 2604.9 0.6556351781 -0.7147641778 -0.2434228361 0.7264566422 0.6850237250 -0.0548014157 0.2059205174 -0.1409064084 0.9683708549
