-4.1 324.6 2897.4 1 -0.5092161894 -0.0186368152 -0.8604368567 -0.1760309786 0.9808850288 0.0829314142 0.8424440622 0.1936935633 -0.5027631521
-0.4 132.2 2859.4 -0.5092161894 -0.0186368152 -0.8604368567 -0.1760309786 0.9808850288 0.0829314142 0.8424440622 0.1936935633 -0.5027631521
1.8 -59.0 2826.6 -0.5095945001 -0.0116786901 -0.8603354096 -0.1514911652 0.9855052233 0.0763535351 0.8469733596 0.1692425460 -0.5039772391
69.2 152.9 2743.8 -0.7467064261 -0.6599436402 0.0830897093 -0.5048716664 0.4810045362 -0.7167560458 0.4330520630 -0.5771560073 -0.6923560500
253.7 277.7 2636.8 -0.5049566627 -0.6599436402 0.5563211441 -0.8527852297 0.4810045362 -0.2034502625 -0.1333272755 -0.5771560073 -0.8056765795
-70.0 111.5 2975.0 -0.0358308107 0.2193090320 -0.9749972820 -0.9898939133 0.1261612177 0.0647560731 0.1372084320 0.9674641490 0.2125722170
-79.2 -143.5 3010.4 0.1000774503 0.2210565656 -0.9701126218 -0.9910063148 0.1091939211 -0.0773511752 0.0888314173 0.9691288471 0.2299962938
55.2 -230.2 2723.0 -0.6677879095 0.3770762980 0.6417731047 0.2593145370 0.9260310531 -0.2742671371 -0.6977214813 -0.0167311821 -0.7161737084
-91.2 -589.7 2729.4 -0.6768628359 0.0720255971 0.7325769663 0.1726718992 0.9829692245 0.0628961176 -0.7155705094 0.1690675020 -0.6777721047
-43.4 -263.0 2869.8 -0.5404109955 0.2057378143 0.8158602715 0.0327234603 0.9740502834 -0.2239536196 -0.8407646418 -0.0943292230 -0.5331199169
-123.0 -639.8 2906.3 -0.5404109955 -0.3219258785 0.7773800492 0.0327234603 0.9151707888 0.4017356932 -0.8407646418 0.2425409406 -0.4840338230
385.4 500.1 2671.6 0 0 0 0 0 0 0 0 0
-53.1 -401.9 3033.5 0 0 0 0 0 0 0 0 0
-118.4 -961.6 2665.5 0 0 0 0 0 0 0 0 0
-8.4 -965.6 2819.9 0 0 0 0 0 0 0 0 0
-5.3 325.4 2890.2 2 -0.5097123384 -0.0231869947 -0.8600323796 -0.1492420435 0.9868648052 0.0618442781 0.8473017216 0.1598757803 -0.5064775944
-0.7 130.8 2858.7 -0.5097123384 -0.0231869947 -0.8600323796 -0.1492420435 0.9868648052 0.0618442781 0.8473017216 0.1598757803 -0.5064775944
2.5 -61.1 2830.3 -0.5100157261 -0.0167955440 -0.8600010872 -0.1342486739 0.9891114235 0.0602979101 0.8496242166 0.1462068856 -0.5067171454
69.0 149.1 2742.7 -0.7387601137 -0.6708117723 0.0651540235 -0.5075419545 0.4901234210 -0.7086467743 0.4434350729 -0.5565883517 -0.7025487423
246.6 271.2 2636.1 -0.5158143640 -0.6708117723 0.5328668356 -0.8475771546 0.4901234210 -0.2034502774 -0.1246936843 -0.5565883517 -0.8213774562
-70.4 112.4 2974.7 -0.0309644137 0.2173372358 -0.9756053090 -0.9865931869 0.1498296410 0.0646909550 0.1602343470 0.9645286798 0.2097840458
-78.4 -141.7 3015.9 0.1050563976 0.2191706151 -0.9700140953 -0.9881337285 0.1329078525 -0.0769888535 0.1120487973 0.9665918350 0.2305326909
49.6 -236.7 2718.0 -0.6683135629 0.3641728759 0.6486409903 0.2390946895 0.9308623672 -0.2762770355 -0.7044081092 -0.0295530688 -0.7091796994
-91.7 -598.0 2729.4 -0.6748188138 0.0698195249 0.7346732616 0.1709996909 0.9832143784 0.0636286214 -0.7178987861 0.1685666889 -0.6754306555
-43.4 -268.7 2868.0 -0.5533170104 0.1823089421 0.8127753139 0.0136719346 0.9776111841 -0.2099748105 -0.8328585625 -0.1050704271 -0.5434214473
-114.1 -647.5 2908.7 -0.5533170104 -0.3166495860 0.7704371214 0.0136719346 0.9213499427 0.3884937465 -0.8328585625 0.2254935652 -0.5054693818
381.1 492.3 2668.6 0 0 0 0 0 0 0 0 0
-51.0 -399.3 3045.1 0 0 0 0 0 0 0 0 0
-117.6 -962.5 2666.9 0 0 0 0 0 0 0 0 0
-6.4 -960.9 2832.0 0 0 0 0 0 0 0 0 0
-4.4 334.0 2898.6 3 -0.4951133728 -0.0139845852 -0.8687158227 -0.1560427397 0.9850433469 0.0730773211 0.8547007442 0.1717383564 -0.4898903370
-1.7 139.6 2864.7 -0.4951133728 -0.0139845852 -0.8687158227 -0.1560427397 0.9850433469 0.0730773211 0.8547007442 0.1717383564 -0.4898903370
-0.3 -52.2 2834.9 -0.4953164458 -0.0070607788 -0.8686839342 -0.1370048523 0.9880877137 0.0700877309 0.8578410745 0.1537295133 -0.4903834760
66.0 158.3 2747.5 -0.7523785233 -0.6556279659 0.0638633743 -0.4683944881 0.4642945826 -0.7516894937 0.4631772339 -0.5954682827 -0.6564177871
245.5 270.1 2637.0 -0.5245702267 -0.6556279659 0.5431188345 -0.8473032117 0.4642945826 -0.2578911185 -0.0830865130 -0.5954682827 -0.7990707755
-69.4 120.8 2981.8 -0.0350180082 0.2360278070 -0.9711151123 -0.9875146747 0.1411601454 0.0699180886 0.1535853595 0.9614388347 0.2281377763
-78.4 -133.5 3021.4 0.1000454575 0.2377784550 -0.9661533833 -0.9896472096 0.1242069602 -0.0719098747 0.1029043496 0.9633452296 0.2477431148
51.4 -241.0 2725.9 -0.6770160198 0.3799875081 0.6302846670 0.2548420131 0.9244591594 -0.2836032808 -0.6904381514 -0.0313809663 -0.7227104902
-96.1 -599.8 2738.1 -0.6832627058 0.0551425368 0.7280874252 0.1802414060 0.9790242910 0.0949973091 -0.7075769305 0.1961396188 -0.6788697839
-40.9 -267.5 2877.2 -0.4247094691 0.1655123681 0.8900716305 0.0248954073 0.9849097729 -0.1712687165 -0.9049873352 -0.0505807549 -0.4224210083
-104.9 -648.9 2896.8 -0.4247094691 -0.3061494231 0.8519943357 0.0248954073 0.9367821217 0.3490265012 -0.9049873352 0.1694456190 -0.3902385235
382.3 491.0 2658.7 0 0 0 0 0 0 0 0 0
-52.3 -391.6 3048.2 0 0 0 0 0 0 0 0 0
-116.6 -964.8 2664.9 0 0 0 0 0 0 0 0 0
-4.1 -957.4 2841.0 0 0 0 0 0 0 0 0 0
-3.4 335.3 2891.8 4 -0.5026234984 -0.0080622062 -0.8644678593 -0.1428415775 0.9869868159 0.0738468692 0.8526229858 0.1605991274 -0.4972343743
-1.8 140.1 2860.0 -0.5026234984 -0.0080622062 -0.8644678593 -0.1428415775 0.9869868159 0.0738468692 0.8526229858 0.1605991274 -0.4972343743
-1.7 -52.1 2832.6 -0.5027150512 -0.0007912838 -0.8644518256 -0.1223986745 0.9899899960 0.0702737719 0.8557430506 0.1411354393 -0.4977796972
66.9 156.8 2743.1 -0.7517222762 -0.6555588245 0.0718073770 -0.4775981009 0.4660782218 -0.7447624803 0.4547677636 -0.5941495895 -0.6634550095
244.0 269.3 2636.0 -0.5260574818 -0.6555588245 0.5417621136 -0.8463418484 0.4660782218 -0.2578304708 -0.0834804624 -0.5941495895 -0.8000108004
-70.5 123.3 2976.9 -0.0435280986 0.2299018502 -0.9722399116 -0.9852019548 0.1516043842 0.0799577311 0.1657782644 0.9613330364 0.2199006975
-81.7 -130.5 3019.6 0.0918955952 0.2315113842 -0.9684821367 -0.9889711142 0.1346688271 -0.0616477281 0.1161522046 0.9634660482 0.2413335443
45.4 -231.6 2728.2 -0.6726193428 0.3641146719 0.6442078352 0.2443760186 0.9310212135 -0.2710716128 -0.6984723210 -0.0248990599 -0.7152037621
-96.0 -593.0 2737.9 -0.6778573394 0.0544771813 0.7331723571 0.1785175502 0.9796016216 0.0922613889 -0.7131906748 0.1934241802 -0.6737552881
-43.8 -257.4 2881.5 -0.4177980423 0.1572961062 0.8948199153 0.0162269641 0.9860336781 -0.1657536477 -0.9083949924 -0.0547313429 -0.4145154059
-104.8 -639.7 2902.7 -0.4238185287 -0.3011920452 0.8542020917 0.0347069651 0.9369981289 0.3476060629 -0.9050819278 0.1769686490 -0.3866637051
381.2 490.1 2657.7 0 0 0 0 0 0 0 0 0
-57.7 -388.4 3049.9 0 0 0 0 0 0 0 0 0
-116.6 -963.4 2664.8 0 0 0 0 0 0 0 0 0
-2.7 -957.2 2842.7 0 0 0 0 0 0 0 0 0
-7.5 338.6 2889.9 5 -0.5180563331 -0.0308265910 -0.8547908664 -0.1518939734 0.9867823124 0.0564705357 0.8417516947 0.1590924859 -0.5158911943
-1.3 141.2 2858.0 -0.5180563331 -0.0308265910 -0.8547908664 -0.1518939734 0.9867823124 0.0564705357 0.8417516947 0.1590924859 -0.5158911943
2.4 -50.9 2830.7 -0.5185978413 -0.0193828922 -0.8547985554 -0.1305751204 0.9898114800 0.0567742810 0.8449890018 0.1410584450 -0.5158450603
69.5 159.0 2742.6 -0.7507121563 -0.6565928459 0.0729184002 -0.4764247239 0.4616165757 -0.7482844591 0.4576578736 -0.5964863896 -0.6593582630
245.8 270.9 2635.2 -0.5231316090 -0.6565928459 0.5433407426 -0.8484188318 0.4616165757 -0.2590281963 -0.0807390437 -0.5964863896 -0.7985519767
-72.1 123.3 2973.4 -0.0313717499 0.2072267532 -0.9777898192 -0.9857940674 0.1550818831 0.0644956604 0.1650027037 0.9659227133 0.1994177103
-80.2 -130.7 3016.0 0.1050697714 0.2090591788 -0.9722420573 -0.9874108434 0.1381705105 -0.0769985393 0.1182379201 0.9680925608 0.2209448367
43.5 -233.2 2728.6 -0.6607596874 0.3528761864 0.6624764204 0.2360789031 0.9355104566 -0.2628439665 -0.7125049829 -0.0172799993 -0.7014542222
-93.5 -596.3 2735.3 -0.6649934053 0.0642212331 0.7440829277 0.1854605526 0.9792888761 0.0812260434 -0.7234557271 0.1920128167 -0.6631311774
-46.8 -255.8 2881.7 -0.4456077218 0.1616882831 0.8805059195 0.0210601911 0.9851756692 -0.1702507436 -0.8949805498 -0.0573214255 -0.4424070716
-109.5 -638.0 2903.9 -0.4456077218 -0.3134783506 0.8385493755 0.0210601911 0.9327577353 0.3598880768 -0.8949805498 0.1780289263 -0.4090421498
382.3 492.2 2656.2 0 0 0 0 0 0 0 0 0
-52.8 -388.2 3046.8 0 0 0 0 0 0 0 0 0
-117.4 -961.5 2663.7 0 0 0 0 0 0 0 0 0
-1.5 -959.3 2842.6 0 0 0 0 0 0 0 0 0
-7.9 340.4 2887.4 6 -0.5314901471 -0.0339450426 -0.8463840485 -0.1524256468 0.9867190123 0.0561429597 0.8332374692 0.1588500589 -0.5296055079
-1.1 143.1 2855.7 -0.5314901471 -0.0339450426 -0.8463840485 -0.1524256468 0.9867190123 0.0561429597 0.8332374692 0.1588500589 -0.5296055079
3.3 -48.9 2827.6 -0.5319987535 -0.0230646618 -0.8464309573 -0.1347969174 0.9891878963 0.0577678718 0.8359467983 0.1448287219 -0.5293557644
71.5 161.5 2741.5 -0.7500604987 -0.6558765173 0.0850603133 -0.4841108918 0.4568450153 -0.7462769151 0.4506061077 -0.6009314656 -0.6601783633
248.5 275.7 2635.2 -0.5233597159 -0.6558765173 0.5439859033 -0.8488811255 0.4568450153 -0.2658824027 -0.0741312280 -0.6009314656 -0.7958554626
-73.8 124.7 2969.8 -0.0325684249 0.1913686097 -0.9809777737 -0.9865292907 0.1512722224 0.0622628406 0.1603098363 0.9697911143 0.1838640422
-82.2 -129.5 3011.1 0.1046120301 0.1931909621 -0.9755683541 -0.9877543449 0.1343534142 -0.0793128610 0.1157484129 0.9719189405 0.2048801929
52.6 -231.3 2727.7 -0.6459706426 0.3862085044 0.6584564447 0.2470237911 0.9219201803 -0.2983998358 -0.7222888470 -0.0301031284 -0.6909360290
-97.2 -588.9 2739.4 -0.6504346132 0.0520962253 0.7577735782 0.1869324446 0.9779397249 0.0932209343 -0.7362004519 0.2022865862 -0.6458243132
-40.4 -255.0 2878.9 -0.4325062931 0.2086677253 0.8771522641 0.0202935729 0.9748571515 -0.2219046056 -0.9014025331 -0.0781745836 -0.4258664846
-121.2 -632.9 2909.2 -0.4325062931 -0.3330727220 0.8378549218 0.0202935729 0.9254344702 0.3783639073 -0.9014025331 0.1806478351 -0.3934969902
385.0 497.2 2654.5 0 0 0 0 0 0 0 0 0
-54.9 -387.2 3041.3 0 0 0 0 0 0 0 0 0
-117.1 -962.6 2662.1 0 0 0 0 0 0 0 0 0
-5.6 -954.1 2846.5 0 0 0 0 0 0 0 0 0
-7.1 337.4 2881.7 7 -0.5808304548 -0.0324981473 -0.8133755922 -0.1472759247 0.9869084954 0.0657379404 0.8005909324 0.1579732448 -0.5780126452
-0.6 140.9 2850.2 -0.5808304548 -0.0324981473 -0.8133755922 -0.1472759247 0.9869084954 0.0657379404 0.8005909324 0.1579732448 -0.5780126452
3.3 -51.3 2822.8 -0.5813818574 -0.0203041453 -0.8133774400 -0.1266334206 0.9897643328 0.0658071563 0.8037158251 0.1412598640 -0.5780022144
78.7 158.1 2740.6 -0.7346541882 -0.6672073603 0.1229535192 -0.5202949047 0.4377669990 -0.7332484126 0.4354037642 -0.6026561260 -0.6687519550
251.7 280.7 2638.1 -0.5218669176 -0.6672073603 0.5314971805 -0.8520338535 0.4377669990 -0.2870511711 -0.0411492735 -0.6026561260 -0.7969393730
-79.9 123.6 2959.8 -0.0529994480 0.1360920966 -0.9892775416 -0.9857727289 0.1511132121 0.0735998973 0.1595092714 0.9791035652 0.1261469573
-93.5 -130.4 3000.9 0.0863236338 0.1375911683 -0.9867202640 -0.9886341691 0.1341959387 -0.0677783936 0.1230881438 0.9813562632 0.1476116031
55.5 -228.8 2724.6 -0.6058285832 0.3919952214 0.6923232079 0.2384412140 0.9196547866 -0.3120591342 -0.7590240240 -0.0239759497 -0.6506209970
-96.7 -585.7 2733.9 -0.6104003787 0.0523917750 0.7903584838 0.1763168126 0.9817628860 0.0710912198 -0.7722200155 0.1827475876 -0.6085059643
-39.9 -253.1 2874.3 -0.4606348872 0.2018914670 0.8643236160 0.0107974131 0.9749898911 -0.2219868302 -0.8875240088 -0.0929224193 -0.4512942731
-118.2 -631.3 2910.3 -0.4606348872 -0.3277350366 0.8248668313 0.0107974131 0.9271956086 0.3744218349 -0.8875240088 0.1813781857 -0.4235599637
387.8 502.9 2648.8 0 0 0 0 0 0 0 0 0
-71.0 -388.2 3033.0 0 0 0 0 0 0 0 0 0
-116.6 -959.5 2664.3 0 0 0 0 0 0 0 0 0
-5.0 -951.5 2847.7 0 0 0 0 0 0 0 0 0
-4.3 340.1 2883.8 8 -0.5831555128 -0.0258327201 -0.8119496703 -0.1465332955 0.9864445925 0.0738582164 0.7990354300 0.1620484889 -0.5790359974
0.9 143.7 2851.6 -0.5831555128 -0.0258327201 -0.8119496703 -0.1465332955 0.9864445925 0.0738582164 0.7990354300 0.1620484889 -0.5790359974
3.0 -48.4 2824.3 -0.5836417079 -0.0111407125 -0.8119348884 -0.1205435395 0.9900154471 0.0730659142 0.8030140400 0.1405178159 -0.5791572928
80.5 160.2 2742.0 -0.7341487408 -0.6671134830 0.1264326870 -0.5228132606 0.4365881681 -0.7321591973 0.4332342446 -0.6036143899 -0.6692964435
255.0 284.5 2639.0 -0.5272527337 -0.6671134830 0.5262738466 -0.8491264582 0.4365881681 -0.2972794473 -0.0314457975 -0.6036143899 -0.7966560125
-78.8 127.3 2961.2 -0.0625417158 0.1362034231 -0.9887048006 -0.9850659966 0.1508035064 0.0830861479 0.1604167670 0.9791358113 0.1247378513
-94.9 -126.5 3002.5 0.0769154280 0.1375423223 -0.9875050187 -0.9892771244 0.1338624656 -0.0584087409 0.1241561845 0.9814086556 0.1463635713
59.2 -232.1 2723.5 -0.6094117761 0.3940811157 0.6879806519 0.2276910543 0.9181628823 -0.3242432177 -0.7594564557 -0.0409505963 -0.6492680311
-93.7 -588.4 2739.4 -0.6120517254 0.0569505058 0.7887644172 0.1902284622 0.9787198901 0.0769444779 -0.7675974369 0.1971394420 -0.6098608375
-44.8 -254.8 2867.2 -0.4835280478 0.1780651510 0.8570259213 -0.0049195960 0.9785219431 -0.2060840875 -0.8753150702 -0.1038636565 -0.4722667933
-113.8 -634.4 2907.5 -0.4835280478 -0.3212799728 0.8142357469 -0.0049195960 0.9311882854 0.3645054400 -0.8753150702 0.1722428948 -0.4518361986
392.6 505.9 2647.2 0 0 0 0 0 0 0 0 0
-74.8 -384.5 3034.9 0 0 0 0 0 0 0 0 0
-115.6 -965.1 2663.5 0 0 0 0 0 0 0 0 0
-3.8 -953.3 2848.5 0 0 0 0 0 0 0 0 0
-1.6 341.4 2895.4 9 -0.5649885535 -0.0187145807 -0.8248864412 -0.1610679775 0.9830106497 0.0880180895 0.8092249632 0.1825920045 -0.5584040880
2.1 145.9 2859.1 -0.5649885535 -0.0187145807 -0.8248864412 -0.1610679775 0.9830106497 0.0880180895 0.8092249632 0.1825920045 -0.5584040880
3.0 -45.8 2828.5 -0.5653294921 -0.0048011164 -0.8248512149 -0.1324999332 0.9875261784 0.0850636885 0.8141537309 0.1573817432 -0.5589138269
79.3 164.0 2747.9 -0.7305986285 -0.6759845018 0.0962835923 -0.5044107437 0.4392812252 -0.7433719039 0.4602123201 -0.5916729569 -0.6619121432
256.4 286.3 2636.4 -0.5303544998 -0.6759845018 0.5116336942 -0.8474569321 0.4392812252 -0.2980751395 -0.0232568942 -0.5916729569 -0.8058425188
-75.1 127.8 2970.2 -0.0620863587 0.1592387408 -0.9852858782 -0.9874314666 0.1339579076 0.0838714018 0.1453424096 0.9781095386 0.1489203721
-91.1 -126.6 3007.7 0.0765242726 0.1605742872 -0.9840528369 -0.9914388657 0.1169776395 -0.0580106452 0.1057971567 0.9800674319 0.1681512147
57.4 -229.8 2725.1 -0.6302157640 0.3851475716 0.6741583347 0.2323716879 0.9220547080 -0.3095457256 -0.7408316135 -0.0384252742 -0.6705907583
-92.1 -587.7 2740.1 -0.6334714293 0.0647013634 0.7710562348 0.1916616708 0.9785645008 0.0753482580 -0.7496531010 0.1955128908 -0.6322934031
-47.1 -251.4 2868.9 -0.4736016095 0.1667060554 0.8648182750 -0.0021735937 0.9816989899 -0.1904268116 -0.8807365298 -0.0920662060 -0.4645718634
-111.8 -632.3 2904.6 -0.4736016095 -0.3185183406 0.8211258054 -0.0021735937 0.9327342510 0.3605580628 -0.8807365298 0.1689760834 -0.4424367547
394.7 507.3 2642.4 0 0 0 0 0 0 0 0 0
-71.1 -385.2 3035.3 0 0 0 0 0 0 0 0 0
-117.1 -965.7 2664.5 0 0 0 0 0 0 0 0 0
-1.6 -955.0 2846.1 0 0 0 0 0 0 0 0 0
2.0 339.2 2901.2 0 -0.5454499125 -0.0149028460 -0.8380109072 -0.1737536192 0.9801316857 0.0956635922 0.8199354410 0.1977871209 -0.5372021198
4.9 144.8 2862.0 -0.5454499125 -0.0149028460 -0.8380109072 -0.1737536192 0.9801316857 0.0956635922 0.8199354410 0.1977871209 -0.5372021198
5.0 -46.5 2829.5 -0.5457092524 -0.0003861527 -0.8379744887 -0.1404008567 0.9859059453 0.0909781083 0.8261289597 0.1672999263 -0.5380722284
79.4 164.0 2749.2 -0.7196028233 -0.6894130111 0.0829547346 -0.5110169649 0.4448970854 -0.7354782820 0.4701419473 -0.5716435313 -0.6724509001
251.6 286.3 2636.7 -0.5589172244 -0.6894130111 0.4607833028 -0.8287128210 0.4448970854 -0.3395609856 0.0290966239 -0.5716435313 -0.8199860454
-69.6 125.6 2974.8 -0.0592253804 0.1827588975 -0.9813722968 -0.9888044596 0.1241417304 0.0827925578 0.1369603276 0.9752886891 0.1733604670
-84.9 -129.1 3010.0 0.0783988163 0.1841300428 -0.9797702432 -0.9924749136 0.1071422026 -0.0592799820 0.0940595195 0.9770448804 0.1911442727
54.5 -225.6 2725.1 -0.6514255404 0.3721680045 0.6611624360 0.2308332473 0.9273343682 -0.2945622802 -0.7227452993 -0.0392671190 -0.6899980307
-90.0 -585.5 2740.4 -0.6547049284 0.0711481795 0.7525286674 0.1927583367 0.9783603549 0.0752014890 -0.7308937311 0.1942909509 -0.6542517543
-46.7 -249.4 2870.9 -0.4827747941 0.1744813025 0.8581869006 0.0010496795 0.9800657630 -0.1986704618 -0.8757439256 -0.0950122699 -0.4733342230
-114.5 -629.7 2907.8 -0.4827747941 -0.3207505643 0.8148911595 0.0010496795 0.9302997589 0.3667986095 -0.8757439256 0.1779364944 -0.4487886131
397.2 502.1 2629.1 0 0 0 0 0 0 0 0 0
-64.4 -388.0 3034.6 0 0 0 0 0 0 0 0 0
-117.4 -962.9 2665.4 0 0 0 0 0 0 0 0 0
-1.1 -958.7 2844.8 0 0 0 0 0 0 0 0 0
0.0 335.9 2893.6 1 -0.5596660972 -0.0217245109 -0.8284333944 -0.1664836407 0.9822239280 0.0867141634 0.8118233085 0.1864515990 -0.5533341765
4.3 142.0 2856.8 -0.5596660972 -0.0217245109 -0.8284333944 -0.1664836407 0.9822239280 0.0867141634 0.8118233085 0.1864515990 -0.5533341765
5.9 -49.6 2825.7 -0.5601071715 -0.0081713758 -0.8283798695 -0.1374300867 0.9870120883 0.0831868649 0.8169412017 0.1604378670 -0.5539555550
80.8 160.8 2745.2 -0.7115054727 -0.6929399371 0.1165939718 -0.5367168188 0.4288282692 -0.7266646028 0.4535361230 -0.5796037912 -0.6770261526
249.9 288.3 2637.5 -0.5754588842 -0.6875597835 0.4428415298 -0.8149294853 0.4365096688 -0.3812468946 0.0688254163 -0.5802765489 -0.8115061522
-72.2 123.2 2968.3 -0.0569617376 0.1642313302 -0.9847758412 -0.9881155491 0.1317794025 0.0791318044 0.1427690983 0.9775797725 0.1547731459
-86.8 -131.4 3005.1 0.0814584941 0.1656523943 -0.9828142524 -0.9914005399 0.1147973984 -0.0628211647 0.1024180353 0.9794799089 0.1735790968
53.8 -225.3 2723.1 -0.6330494285 0.3767265677 0.6762584448 0.2378589362 0.9259938598 -0.2931867540 -0.7366623878 -0.0247476120 -0.6758077145
-92.4 -584.8 2732.7 -0.6383590102 0.0639964566 0.7670738101 0.1762393564 0.9822173715 0.0647206828 -0.7492913604 0.1765036285 -0.6382859349
-43.9 -250.5 2871.0 -0.5133875608 0.1846081316 0.8380650878 0.0034310790 0.9770210385 -0.2131153792 -0.8581500053 -0.1065353081 -0.5022237897
-115.5 -629.7 2912.4 -0.5133875608 -0.3230029643 0.7950486541 0.0034310790 0.9256806970 0.3782901764 -0.8581500053 0.1969373375 -0.4741246998
399.7 500.5 2619.5 0 0 0 0 0 0 0 0 0
-65.6 -390.0 3031.8 0 0 0 0 0 0 0 0 0
-117.1 -963.9 2664.6 0 0 0 0 0 0 0 0 0
0.8 -963.3 2841.4 0 0 0 0 0 0 0 0 0
0.5 337.7 2889.8 2 -0.5497577190 -0.0261338837 -0.8349152207 -0.1639142334 0.9834532738 0.0771475434 0.8190839887 0.1792669445 -0.5449447632
5.7 142.9 2854.3 -0.5497577190 -0.0261338837 -0.8349152207 -0.1639142334 0.9834532738 0.0771475434 0.8190839887 0.1792669445 -0.5449447632
8.0 -48.8 2824.1 -0.5502948165 -0.0121767633 -0.8348816633 -0.1362801343 0.9877953529 0.0754191875 0.8237738609 0.1552805603 -0.5452380776
80.8 161.5 2741.8 -0.7103005648 -0.6920578480 0.1285652369 -0.5480743051 0.4291469157 -0.7179467082 0.4416872859 -0.5804212689 -0.6841224432
248.2 290.7 2637.7 -0.5840090513 -0.6981000304 0.4142339826 -0.8027503490 0.4209146500 -0.4224012196 0.1205211282 -0.5792126060 -0.8062179685
-69.5 124.3 2966.8 -0.0495117456 0.1741776764 -0.9834687114 -0.9876562357 0.1379703730 0.0741578713 0.1486061960 0.9750006795 0.1651965082
-82.2 -130.2 3005.1 0.0884967744 0.1757215708 -0.9804540873 -0.9903409481 0.1210003719 -0.0677029192 0.1067384481 0.9769753814 0.1847324073
57.6 -228.8 2721.4 -0.6414805055 0.3833262920 0.6645026207 0.2326759994 0.9226247668 -0.3076123893 -0.7310025096 -0.0427135378 -0.6810366511
-91.2 -586.9 2738.0 -0.6453871727 0.0671015084 0.7609025836 0.1864343733 0.9798460007 0.0717216730 -0.7407547832 0.1881466508 -0.6448900700
-42.7 -253.5 2867.7 -0.5228337049 0.1396702081 0.8409144878 -0.0044385153 0.9860261083 -0.1665318757 -0.8524231315 -0.0908008888 -0.5149077177
-96.9 -635.8 2902.9 -0.5231445432 -0.2792132199 0.8052079082 -0.0033870707 0.9454828501 0.3256542385 -0.8522372842 0.1676369458 -0.4955698848
400.2 499.6 2606.3 0 0 0 0 0 0 0 0 0
-59.2 -388.5 3032.9 0 0 0 0 0 0 0 0 0
-117.2 -966.3 2665.1 0 0 0 0 0 0 0 0 0
-1.5 -958.8 2845.6 0 0 0 0 0 0 0 0 0
-2.7 341.1 2898.4 3 -0.5507308245 -0.0421858132 -0.8336161971 -0.1925561130 0.9782041311 0.0777099207 0.8121685386 0.2033151388 -0.5468502641
5.7 147.0 2858.0 -0.5507308245 -0.0421858132 -0.8336161971 -0.1925561130 0.9782041311 0.0777099207 0.8121685386 0.2033151388 -0.5468502641
11.0 -44.1 2824.4 -0.5518977046 -0.0272495765 -0.8334664702 -0.1595734954 0.9844475985 0.0734792203 0.8185018301 0.1735521853 -0.5476626754
81.0 168.7 2746.2 -0.7135338187 -0.6927512288 0.1047151238 -0.5268989205 0.4320716858 -0.7319095135 0.4617867768 -0.5774164796 -0.6733076572
249.0 292.7 2637.6 -0.5803642869 -0.7124616504 0.3944308758 -0.7993115783 0.4056937099 -0.4432986081 0.1558151394 -0.5725478530 -0.8049289584
-69.7 125.2 2969.8 -0.0357024558 0.1678291708 -0.9851693511 -0.9908636808 0.1223458648 0.0567511246 0.1300558895 0.9781947136 0.1619277894
-78.9 -130.1 3003.3 0.1025455594 0.1696113646 -0.9801614285 -0.9907563329 0.1053831428 -0.0854180604 0.0888046101 0.9798603654 0.1788501143
59.7 -228.4 2720.2 -0.6426016092 0.3913560808 0.6587135792 0.2344162613 0.9189092517 -0.3172614872 -0.7294602394 -0.0494595505 -0.6822327971
-92.2 -585.0 2739.4 -0.6464725137 0.0634109303 0.7602975368 0.1867816895 0.9793684483 0.0771363452 -0.7397201061 0.1918761879 -0.6449788213
-38.9 -252.8 2867.8 -0.5186558962 0.1240295991 0.8459389806 0.0060642147 0.9899306297 -0.1414232850 -0.8549615741 -0.0682200640 -0.5141854882
-87.0 -636.7 2894.2 -0.5144337416 -0.2499892712 0.8202824593 -0.0104141999 0.9583147168 0.2855248153 -0.8574668765 0.1383410096 -0.4955928624
400.1 500.9 2597.0 0 0 0 0 0 0 0 0 0
-52.1 -388.5 3026.5 0 0 0 0 0 0 0 0 0
-116.8 -964.4 2665.1 0 0 0 0 0 0 0 0 0
-1.8 -963.5 2847.1 0 0 0 0 0 0 0 0 0
-1.0 350.1 2903.7 4 -0.5337647200 -0.0383464694 -0.8447631598 -0.1986755729 0.9766958952 0.0811981037 0.8219630718 0.2111744881 -0.5289443135
6.6 157.0 2861.9 -0.5337647200 -0.0383464694 -0.8447631598 -0.1986755729 0.9766958952 0.0811981037 0.8219630718 0.2111744881 -0.5289443135
11.5 -33.8 2826.5 -0.5347790122 -0.0253244787 -0.8446124196 -0.1674589068 0.9829019904 0.0765582174 0.8282324076 0.1823795885 -0.5298761725
79.6 179.9 2748.8 -0.7290118933 -0.6812326908 0.0668109506 -0.4912450612 0.4527201653 -0.7441254854 0.4766759276 -0.5752968788 -0.6646905541
249.9 294.7 2637.4 -0.5779545903 -0.7182629704 0.3873845339 -0.7997738719 0.4041415453 -0.4438821375 0.1622659117 -0.5663637519 -0.8080234528
-66.4 134.1 2975.0 -0.0314890929 0.1875932515 -0.9817419052 -0.9919890165 0.1143563017 0.0536692031 0.1223363578 0.9755672216 0.1824894696
-74.6 -121.4 3006.5 0.1058646441 0.1894356757 -0.9761694670 -0.9912950993 0.0973791555 -0.0886075869 0.0782731250 0.9770523906 0.1980956644
65.7 -220.8 2717.4 -0.6557422280 0.4020511508 0.6390281916 0.2440736294 0.9138525128 -0.3245021999 -0.7144439816 -0.0568198673 -0.6973817348
-90.4 -575.6 2739.4 -0.6609547734 0.0668488741 0.7474423051 0.1855299920 0.9796605706 0.0764443129 -0.7271295786 0.1891991943 -0.6599137783
-33.2 -249.4 2864.0 -0.5199296474 0.1777454317 0.8355116248 -0.0029684021 0.9777295589 -0.2098478526 -0.8542039394 -0.1115862504 -0.5078229904
-102.0 -627.9 2907.2 -0.5199296474 -0.2814061344 0.8065257072 -0.0029684021 0.9447678924 0.3277268112 -0.8542039394 0.1680007875 -0.4920481741
400.6 503.1 2595.1 0 0 0 0 0 0 0 0 0
-46.9 -380.0 3027.0 0 0 0 0 0 0 0 0 0
-117.0 -965.6 2664.1 0 0 0 0 0 0 0 0 0
-0.4 -969.0 2846.5 0 0 0 0 0 0 0 0 0
-1.1 349.1 2904.3 5 -0.5531329513 -0.0448418111 -0.8318853378 -0.2026104480 0.9758101702 0.0821187943 0.8080797791 0.2139712721 -0.5488381386
7.8 155.3 2861.8 -0.5531329513 -0.0448418111 -0.8318853378 -0.2026104480 0.9758101702 0.0821187943 0.8080797791 0.2139712721 -0.5488381386
13.7 -35.4 2826.0 -0.5543739796 -0.0303125270 -0.8317154646 -0.1702750474 0.9823288918 0.0776938573 0.8146630526 0.1846918464 -0.5497390628
83.5 178.6 2750.6 -0.7186975479 -0.6910421252 0.0770363882 -0.5011927485 0.4380578697 -0.7462648153 0.4819540083 -0.5749487877 -0.6611763835
252.5 296.4 2637.3 -0.5758041739 -0.7206522822 0.3861474097 -0.7998471260 0.3986679316 -0.4486741126 0.1693934500 -0.5672073364 -0.8059663177
-67.9 132.1 2973.1 -0.0337078646 0.1640800238 -0.9858709574 -0.9923770428 0.1115023643 0.0524878278 0.1185391471 0.9801249504 0.1590707600
-76.6 -123.6 3003.6 0.1046344712 0.1658981293 -0.9805760980 -0.9914640784 0.0945198908 -0.0898050144 0.0777854621 0.9816026688 0.1743720770
64.3 -209.5 2717.0 -0.6489450336 0.3907742202 0.6528137922 0.2219452858 0.9179332256 -0.3288446963 -0.7277435064 -0.0685131848 -0.6824187040
-87.4 -565.8 2743.6 -0.6512387991 0.0740023553 0.7552559972 0.1949887574 0.9781375527 0.0722930506 -0.7333944440 0.1943464726 -0.6514307857
-31.5 -239.5 2865.3 -0.4531256557 0.2016978860 0.8683289289 0.0039296323 0.9745096564 -0.2243112177 -0.8914380074 -0.0982289538 -0.4423679113
-109.7 -617.2 2903.4 -0.4531256557 -0.2929737568 0.8419284821 0.0039296323 0.9437862039 0.3305330873 -0.8914380074 0.1530814916 -0.4265024662
402.6 505.0 2593.1 0 0 0 0 0 0 0 0 0
-49.3 -382.3 3023.9 0 0 0 0 0 0 0 0 0
-117.4 -962.8 2664.7 0 0 0 0 0 0 0 0 0
-2.8 -961.6 2847.5 0 0 0 0 0 0 0 0 0
-1.5 347.7 2905.6 6 -0.5632488132 -0.0488187857 -0.8248439431 -0.2085894197 0.9743225574 0.0847705752 0.7995256186 0.2198006362 -0.5589690804
8.1 154.7 2862.1 -0.5632488132 -0.0488187857 -0.8248439431 -0.2085894197 0.9743225574 0.0847705752 0.7995256186 0.2198006362 -0.5589690804
14.5 -35.8 2825.3 -0.5646633506 -0.0329530425 -0.8246632218 -0.1747591645 0.9813191891 0.0804481655 0.8066067696 0.1895435750 -0.5598738194
85.3 178.5 2751.9 -0.7117648125 -0.6978241801 0.0802017525 -0.5067737699 0.4310958683 -0.7465499043 0.4863858819 -0.5720120668 -0.6604778171
253.5 298.3 2637.0 -0.5686683059 -0.7236441970 0.3910952210 -0.8061791062 0.3958789706 -0.4397215545 0.1633755714 -0.5653485060 -0.8085106611
-69.0 130.8 2972.3 -0.0348958187 0.1515409648 -0.9878348112 -0.9930043221 0.1063096821 0.0513871051 0.1128036529 0.9827174544 0.1467710733
-78.0 -125.1 3001.3 0.1039701179 0.1533462852 -0.9826877117 -0.9918375015 0.0893157199 -0.0910006538 0.0738148466 0.9841278195 0.1613807529
69.2 -210.8 2717.2 -0.6338256598 0.3967996538 0.6639390588 0.2393261492 0.9168689847 -0.3194905519 -0.7355188727 -0.0436033420 -0.6760996580
-84.8 -566.6 2734.1 -0.6394399405 0.0783061460 0.7648429275 0.1827241778 0.9817748666 0.0522487983 -0.7468122244 0.1731652617 -0.6420944929
-30.1 -241.3 2863.1 -0.4528524280 0.2096756995 0.8665799499 0.0017133047 0.9721567035 -0.2343254834 -0.8915838599 -0.1046301574 -0.4406027794
-111.4 -618.3 2903.7 -0.4528524280 -0.3000937104 0.8395644426 0.0017133047 0.9413586855 0.3374031484 -0.8915838599 0.1542322785 -0.4257824123
401.8 508.6 2594.4 0 0 0 0 0 0 0 0 0
-50.9 -383.8 3020.6 0 0 0 0 0 0 0 0 0
-116.6 -965.8 2663.7 0 0 0 0 0 0 0 0 0
-2.6 -959.6 2847.8 0 0 0 0 0 0 0 0 0
-1.5 343.2 2894.8 7 -0.5736364126 -0.0483427159 -0.8176822662 -0.1928501725 0.9781659245 0.0774612427 0.7960842252 0.2021247447 -0.5704345107
8.1 149.8 2854.8 -0.5736364126 -0.0483427159 -0.8176822662 -0.1928501725 0.9781659245 0.0774612427 0.7960842252 0.2021247447 -0.5704345107
14.6 -41.0 2820.0 -0.5747544765 -0.0335144438 -0.8176392913 -0.1660602391 0.9831490517 0.0764324442 0.8012997508 0.1797072738 -0.5706347823
86.6 172.5 2745.4 -0.7055254579 -0.6984490156 0.1200115904 -0.5403380394 0.4205867946 -0.7287945747 0.4585506022 -0.5790299773 -0.6741332412
253.6 300.4 2636.8 -0.5711404085 -0.7187246084 0.3965269029 -0.8041313291 0.3928879797 -0.4461074769 0.1648377627 -0.5736497045 -0.8023431301
-70.4 127.1 2964.3 -0.0381100997 0.1397498697 -0.9894531965 -0.9918125272 0.1154834628 0.0545118004 0.1218834966 0.9834294915 0.1342045814
-80.3 -128.4 2995.7 0.1012371778 0.1415066123 -0.9847471118 -0.9912604094 0.0985005870 -0.0877523944 0.0845806301 0.9850246310 0.1502418220
71.5 -210.7 2716.3 -0.6263000369 0.3945883811 0.6723453403 0.2288958430 0.9175071120 -0.3252497613 -0.7452213764 -0.0498068854 -0.6649544239
-81.7 -566.8 2735.6 -0.6305577159 0.0890008584 0.7710226178 0.1881577373 0.9812990427 0.0406056158 -0.7529898286 0.1706780493 -0.6355118752
-29.6 -242.0 2860.8 -0.4808589816 0.2187642455 0.8490682244 -0.0011088046 0.9682213664 -0.2500922680 -0.8767972589 -0.1212005541 -0.4653353691
-114.5 -617.6 2907.8 -0.4808589816 -0.3072782457 0.8211910129 -0.0011088046 0.9367918968 0.3498852253 -0.8767972589 0.1673349142 -0.4508055151
402.6 510.2 2593.8 0 0 0 0 0 0 0 0 0
-53.8 -387.0 3017.8 0 0 0 0 0 0 0 0 0
-117.6 -963.7 2666.6 0 0 0 0 0 0 0 0 0
-2.1 -960.3 2846.6 0 0 0 0 0 0 0 0 0
-1.7 336.9 2900.4 8 -0.5675097108 -0.0481843837 -0.8219555616 -0.2026128471 0.9757613540 0.0826909617 0.7980480790 0.2134666890 -0.5635167956
7.8 144.3 2858.3 -0.5675097108 -0.0481843837 -0.8219555616 -0.2026128471 0.9757613540 0.0826909617 0.7980480790 0.2134666890 -0.5635167956
14.4 -46.3 2822.1 -0.5687885284 -0.0340388156 -0.8217791319 -0.1721648276 0.9819361567 0.0784899965 0.8042629361 0.1861256808 -0.5643743277
85.5 167.8 2748.4 -0.6989530921 -0.7049815655 0.1202729568 -0.5493599176 0.4215817451 -0.7214378119 0.4578954577 -0.5703243017 -0.6819545031
255.4 301.4 2637.1 -0.5700197220 -0.7249848247 0.3866193593 -0.8036969304 0.3942137361 -0.4457204640 0.1707298905 -0.5647942424 -0.8073776960
-69.9 120.8 2968.1 -0.0354457647 0.1464677751 -0.9885801673 -0.9926272035 0.1095691994 0.0518246144 0.1159085706 0.9831285477 0.1415041238
-79.1 -135.0 2998.0 0.1036436334 0.1482670307 -0.9835013151 -0.9915806651 0.0925775617 -0.0905385837 0.0776262656 0.9846046567 0.1566137820
72.6 -217.0 2713.3 -0.6346213222 0.3999403119 0.6612893343 0.2262342572 0.9143357873 -0.3358691335 -0.7389681339 -0.0635434091 -0.6707371473
-82.7 -571.9 2738.0 -0.6379510760 0.0872492343 0.7651183009 0.1930772811 0.9799472690 0.0492397100 -0.7454794645 0.1791394800 -0.6420042515
-30.4 -246.8 2856.9 -0.4967379570 0.2036459446 0.8436703682 -0.0048197163 0.9714195728 -0.2373199314 -0.8678871989 -0.1219520718 -0.4815594852
-109.4 -623.7 2904.2 -0.4967379570 -0.3021551371 0.8136053681 -0.0048197163 0.9383866787 0.3455535471 -0.8678871989 0.1677282155 -0.4675885737
404.1 511.1 2592.6 0 0 0 0 0 0 0 0 0
-52.0 -393.6 3018.2 0 0 0 0 0 0 0 0 0
-117.8 -966.1 2665.9 0 0 0 0 0 0 0 0 0
-0.8 -961.0 2843.9 0 0 0 0 0 0 0 0 0
-1.4 337.2 2903.7 9 -0.5629217625 -0.0472973809 -0.8251557350 -0.2075076103 0.9744716883 0.0857057422 0.8000372648 0.2194717228 -0.5583659410
8.0 143.9 2860.1 -0.5629217625 -0.0472973809 -0.8251557350 -0.2075076103 0.9744716883 0.0857057422 0.8000372648 0.2194717228 -0.5583659410
14.4 -46.5 2823.1 -0.5642184019 -0.0329830088 -0.8249664903 -0.1759239137 0.9810577035 0.0810957402 0.8066650033 0.1908870488 -0.5593333244
85.1 167.9 2749.9 -0.6887756586 -0.7173071504 0.1051598191 -0.5453000069 0.4170067906 -0.7271541953 0.4777405560 -0.5581897497 -0.6783717275
250.2 298.6 2635.4 -0.5829043984 -0.7178632021 0.3806505203 -0.7976432443 0.4162465036 -0.4364678264 0.1548797488 -0.5580423474 -0.8152306676
-69.1 119.9 2970.3 -0.0347812027 0.1520410925 -0.9877619743 -0.9931561947 0.1050050259 0.0511340238 0.1114944443 0.9827804565 0.1473483592
-78.0 -136.0 2999.1 0.1040935963 0.1538491249 -0.9825960398 -0.9919269085 0.0880046412 -0.0913028345 0.0724261478 0.9841674566 0.1617677957
71.9 -221.5 2714.0 -0.6382745504 0.3971016407 0.6594815254 0.2308681011 0.9159920812 -0.3281133771 -0.7343742251 -0.0571731776 -0.6763325334
-82.2 -577.0 2736.2 -0.6425310969 0.0906571075 0.7608778477 0.1908286065 0.9806228876 0.0443078689 -0.7421174049 0.1736664325 -0.6473806500
-30.0 -252.3 2858.1 -0.4947389960 0.1938537508 0.8471446633 -0.0029220309 0.9744267464 -0.2246864438 -0.8690366745 -0.1136365309 -0.4815204740
-105.2 -630.5 2902.2 -0.4947389960 -0.2975203395 0.8165261745 -0.0029220309 0.9401350021 0.3407896459 -0.8690366745 0.1662160158 -0.4659908414
402.2 506.7 2595.0 0 0 0 0 0 0 0 0 0
-50.9 -394.8 3018.0 0 0 0 0 0 0 0 0 0
-118.1 -965.3 2667.4 0 0 0 0 0 0 0 0 0
0.7 -965.1 2843.0 0 0 0 0 0 0 0 0 0
-1.2 333.9 2894.3 0 -0.5635282397 -0.0505431443 -0.8245491385 -0.1908724308 0.9790846705 0.0704336241 0.8037435412 0.1970750391 -0.5613891482
8.8 140.1 2855.3 -0.5635282397 -0.0505431443 -0.8245491385 -0.1908724308 0.9790846705 0.0704336241 0.8037435412 0.1970750391 -0.5613891482
15.7 -51.0 2822.2 -0.5648472905 -0.0356058367 -0.8244269490 -0.1608050019 0.9846652150 0.0676475242 0.8093758821 0.1707824916 -0.5619110465
86.0 162.1 2744.8 -0.6843246818 -0.7169305682 0.1330800056 -0.5636392832 0.4042966366 -0.7203158736 0.4626126885 -0.5679390430 -0.6807603836
247.9 295.4 2635.3 -0.5857225060 -0.7089858055 0.3927699625 -0.7968800068 0.4152345955 -0.4388194382 0.1480250806 -0.5700169206 -0.8081888556
-68.4 118.1 2965.9 -0.0325318202 0.1504996270 -0.9880746603 -0.9907546043 0.1254192144 0.0517234169 0.1317079067 0.9806221724 0.1450280845
-76.7 -137.1 2999.8 0.1064233258 0.1523474306 -0.9825804234 -0.9899816513 0.1084548756 -0.0904092044 0.0927920341 0.9823582768 0.1623632908
71.3 -221.2 2713.8 -0.6310452223 0.3980073333 0.6658619046 0.2300315201 0.9157512784 -0.3293707669 -0.7408558726 -0.0546786226 -0.6694346666
-83.2 -576.7 2735.0 -0.6351596713 0.0884894505 0.7672951221 0.1903885156 0.9806996584 0.0445011705 -0.7485482097 0.1743495315 -0.6397482753
-29.8 -252.7 2858.3 -0.5030932426 0.2032563239 0.8399904966 -0.0035254895 0.9714593291 -0.2371799499 -0.8642249703 -0.1222850010 -0.4880180359
-108.7 -629.8 2905.8 -0.5030932426 -0.3036897480 0.8091166615 -0.0035254895 0.9369394183 0.3494740129 -0.8642249703 0.1729654670 -0.4724385142
400.7 503.3 2596.7 0 0 0 0 0 0 0 0 0
-49.0 -395.3 3024.0 0 0 0 0 0 0 0 0 0
-118.3 -966.4 2665.7 0 0 0 0 0 0 0 0 0
-2.0 -958.8 2845.0 0 0 0 0 0 0 0 0 0
-2.9 336.5 2889.6 1 -0.5663794279 -0.0539948791 -0.8223739266 -0.1786774099 0.9821628332 0.0585712232 0.8045425415 0.1801131815 -0.5659244657
7.8 141.8 2853.9 -0.5663794279 -0.0539948791 -0.8223739266 -0.1786774099 0.9821628332 0.0585712232 0.8045425415 0.1801131815 -0.5659244657
15.4 -49.8 2823.5 -0.5676888824 -0.0394119173 -0.8222992420 -0.1510738432 0.9868779778 0.0569965094 0.8092626333 0.1565841883 -0.5661937594
85.3 162.4 2743.4 -0.6916311979 -0.7076495886 0.1444933861 -0.5611421466 0.4005356133 -0.7243553996 0.4547150433 -0.5820680857 -0.6741149426
247.9 294.3 2636.5 -0.5838829875 -0.7053812742 0.4018929601 -0.7969494462 0.4036419988 -0.4493825734 0.1547651738 -0.5826752186 -0.7978329062
-69.8 121.1 2964.5 -0.0299749058 0.1460379660 -0.9888247848 -0.9888759851 0.1398594379 0.0506320782 0.1456906796 0.9793427587 0.1402211636
-77.5 -133.6 3002.0 0.1091379598 0.1479318887 -0.9829573035 -0.9882144928 0.1229257584 -0.0912217349 0.1073361635 0.9813283682 0.1596042961
73.2 -227.7 2716.5 -0.6168211699 0.4040635228 0.6754733920 0.2446070164 0.9140885472 -0.3234339654 -0.7481303811 -0.0342753902 -0.6626659632
-83.6 -582.5 2729.8 -0.6235069036 0.0871336237 0.7769471407 0.1834086627 0.9823395014 0.0370189585 -0.7600002885 0.1655804217 -0.6284765005
-28.0 -256.5 2861.5 -0.4418361187 0.1997798383 0.8745678067 0.0024811595 0.9751563072 -0.2215040475 -0.8970923424 -0.0956985429 -0.4313549697
-105.5 -634.9 2898.7 -0.4418361187 -0.3025639057 0.8445329666 0.0024811595 0.9409920573 0.3384195864 -0.8970923424 0.1516214162 -0.4150135517
400.3 502.3 2596.1 0 0 0 0 0 0 0 0 0
-49.0 -391.4 3030.0 0 0 0 0 0 0 0 0 0
-117.4 -963.9 2665.6 0 0 0 0 0 0 0 0 0
-2.5 -955.3 2847.0 0 0 0 0 0 0 0 0 0
-6.2 348.3 2887.3 2 -0.5675364137 -0.0598541535 -0.8211698532 -0.1740873009 0.9835287929 0.0486289263 0.8047335148 0.1705539227 -0.5686082244
5.7 152.2 2853.3 -0.5675364137 -0.0598541535 -0.8211698532 -0.1740873009 0.9835287929 0.0486289263 0.8047335148 0.1705539227 -0.5686082244
14.5 -39.5 2824.1 -0.5688551068 -0.0451752916 -0.8211961389 -0.1493400335 0.9875649214 0.0491226129 0.8087654114 0.1505811065 -0.5685278177
83.4 172.6 2742.8 -0.7104138732 -0.6928521395 0.1235639080 -0.5253594518 0.4052444696 -0.7481806874 0.4683050215 -0.5964334011 -0.6518877149
248.6 294.8 2633.9 -0.5832388997 -0.6947373152 0.4209186137 -0.8002881408 0.4026648700 -0.4442970455 0.1391806006 -0.5959874988 -0.7908398509
-72.0 131.8 2963.8 -0.0249286108 0.1428537965 -0.9894298315 -0.9881372452 0.1465071589 0.0460487343 0.1515367925 0.9788403511 0.1375069320
-78.4 -122.8 3002.8 0.1142617315 0.1448354423 -0.9828361869 -0.9869438410 0.1295937449 -0.0956417173 0.1135171130 0.9809322953 0.1577520519
73.9 -227.8 2720.7 -0.6108648181 0.4148219228 0.6743640900 0.2489389032 0.9091896415 -0.3337718844 -0.7515807152 -0.0360140502 -0.6586572528
-87.1 -580.7 2734.6 -0.6162958145 0.0779601857 0.7836464047 0.1935449392 0.9795618653 0.0547620691 -0.7633609176 0.1854204237 -0.6187886596
-27.8 -254.8 2865.6 -0.4856059551 0.2459151447 0.8388757706 0.0053491229 0.9604347944 -0.2784534991 -0.8741614223 -0.1307314336 -0.4677082896
-123.1 -627.0 2916.3 -0.4856059551 -0.3387835920 0.8058613539 0.0053491229 0.9206817746 0.3902773559 -0.8741614223 0.1938316673 -0.4452763796
400.8 503.5 2597.6 0 0 0 0 0 0 0 0 0
-48.6 -380.2 3032.4 0 0 0 0 0 0 0 0 0
-117.6 -963.9 2662.1 0 0 0 0 0 0 0 0 0
-1.9 -956.4 2846.9 0 0 0 0 0 0 0 0 0
-2.6 343.8 2897.1 3 -0.5632341504 -0.0506070517 -0.8247461915 -0.1939148903 0.9783434272 0.0723961070 0.8032212257 0.2007065266 -0.5608498454
7.5 149.1 2857.2 -0.5632341504 -0.0506070517 -0.8247461915 -0.1939148903 0.9783434272 0.0723961070 0.8032212257 0.2007065266 -0.5608498454
14.4 -41.9 2823.5 -0.5645862818 -0.0356358103 -0.8246043921 -0.1631455719 0.9841743112 0.0691700280 0.8090895414 0.1735830158 -0.5614651442
84.6 171.4 2746.7 -0.7022768259 -0.7039204836 0.1063166782 -0.5296596289 0.4168514311 -0.7387120724 0.4756762981 -0.5750920177 -0.6655833721
252.3 297.9 2633.1 -0.5780069828 -0.7081407905 0.4055176377 -0.8044438362 0.4110147357 -0.4288787246 0.1370328069 -0.5741111040 -0.8072288632
-69.7 126.8 2967.7 -0.0324878730 0.1507900208 -0.9880318642 -0.9911186099 0.1226820052 0.0513126776 0.1289511621 0.9809237719 0.1454651207
-78.1 -128.5 3000.9 0.1064746752 0.1526398957 -0.9825295210 -0.9902354479 0.1057025492 -0.0908884406 0.0899826735 0.9826128483 0.1624040753
74.2 -217.8 2722.4 -0.6221390963 0.4157455862 0.6633992791 0.2533433139 0.9086699486 -0.3318676353 -0.7407834530 -0.0384000503 -0.6706454158
-87.2 -570.5 2737.3 -0.6283087730 0.0749507844 0.7743451595 0.1903087348 0.9799153209 0.0595693290 -0.7543279529 0.1847925782 -0.6299532056
-29.4 -252.7 2861.5 -0.5099881887 0.2722956836 0.8159455061 0.0348680839 0.9543381929 -0.2966863215 -0.8594744205 -0.1228560656 -0.4961956441
-137.4 -631.3 2910.2 -0.5099881887 -0.3429254591 0.7888689041 0.0348680839 0.9081007242 0.4172976613 -0.8594744205 0.2403232306 -0.4511635005
403.1 507.7 2597.3 0 0 0 0 0 0 0 0 0
-50.3 -386.8 3024.4 0 0 0 0 0 0 0 0 0
-117.2 -963.4 2663.2 0 0 0 0 0 0 0 0 0
-11.7 -964.2 2822.1 0 0 0 0 0 0 0 0 0
-0.3 340.9 2890.6 4 -0.5554607511 -0.0499934889 -0.8300385475 -0.1858625412 0.9804015756 0.0653290823 0.8105050921 0.1905608177 -0.5538665056
9.6 145.7 2852.6 -0.5554607511 -0.0499934889 -0.8300385475 -0.1858625412 0.9804015756 0.0653290823 0.8105050921 0.1905608177 -0.5538665056
16.8 -45.5 2820.1 -0.5566315055 -0.0368019193 -0.8299439549 -0.1593493670 0.9851980209 0.0631870329 0.8153337836 0.1674229354 -0.5542566180
85.7 167.5 2741.2 -0.6988742352 -0.7046577930 0.1226057634 -0.5465011597 0.4155028164 -0.7271134257 0.4614230990 -0.5751650333 -0.6754804850
250.6 296.5 2632.3 -0.5810887814 -0.7025845051 0.4107442498 -0.8042268157 0.4183811545 -0.4221095741 0.1247199774 -0.5756146908 -0.8081538677
-66.4 123.9 2964.0 -0.0284173787 0.1594926864 -0.9867900014 -0.9903379083 0.1295555681 0.0494593307 0.1357325464 0.9786610603 0.1542700231
