22.6 342.9 2862.2 24 -0.1061637178 0.0649997965 -0.9922218919 -0.2108855993 0.9736893773 0.0863496438 0.9717286229 0.2184125036 -0.0896629617
9.8 151.4 2819.3 -0.1061637178 0.0649997965 -0.9922218919 -0.2108855993 0.9736893773 0.0863496438 0.9717286229 0.2184125036 -0.0896629617
-3.1 -38.8 2782.9 -0.1040844917 0.0665991604 -0.9923360944 -0.1800176948 0.9800139666 0.0846539363 0.9781411290 0.1874492168 -0.0900152326
24.0 176.0 2685.7 -0.6672607064 -0.4960430264 -0.5556118488 0.3281116784 0.4739204347 -0.8171549439 0.6686598063 -0.7275580764 -0.1534709632
216.8 81.2 2492.5 -0.7664852142 -0.4960430264 0.4079727232 -0.6326924562 0.4739204347 -0.6124538779 0.1104568541 -0.7275580764 -0.6770956516
-4.4 126.8 2952.9 0.0203978904 0.6088622808 -0.7930136919 -0.9937403798 0.0994848758 0.0508217923 0.1098363325 0.7870130539 0.6070802808
0.9 -129.2 2981.2 0.1230280846 0.6110628247 -0.7819631100 -0.9923670888 0.0824719816 -0.0916839391 0.0084653981 0.7872741222 0.6165450215
-6.7 -208.4 2658.0 -0.9196113348 0.2305486202 0.3180603087 0.1699342281 0.9634608626 -0.2070397735 -0.3541714251 -0.1363467872 -0.9251876473
-96.2 -582.5 2710.9 -0.9266420007 0.0680169463 0.3697409034 0.1007359400 0.9924551249 0.0698932260 -0.3621973097 0.1020121947 -0.9265023470
-28.5 -241.0 2832.8 -0.8240520954 0.0436989516 0.5648260713 0.0082122451 0.9978371859 -0.0652185231 -0.5664544702 -0.0491049737 -0.8226287365
-45.4 -628.1 2851.9 -0.8238797188 0.0214034431 0.5663604140 0.0181777962 0.9997704625 -0.0113394456 -0.5664731264 0.0009528446 -0.8240796924
426.0 254.0 2462.4 0 0 0 0 0 0 0 0 0
33.0 -388.1 2983.4 0 0 0 0 0 0 0 0 0
-121.8 -956.3 2672.5 0 0 0 0 0 0 0 0 0
-53.4 -1000.8 2851.5 0 0 0 0 0 0 0 0 0
23.4 336.3 2861.6 25 -0.0824097320 0.0641754791 -0.9945301414 -0.2103280425 0.9743274450 0.0803002417 0.9741513133 0.2157950997 -0.0667961612
10.8 144.8 2819.2 -0.0824097320 0.0641754791 -0.9945301414 -0.2103280425 0.9743274450 0.0803002417 0.9741513133 0.2157950997 -0.0667961612
-2.1 -45.4 2782.7 -0.0805414319 0.0663898215 -0.9945378304 -0.1823635697 0.9799560905 0.0801849142 0.9799268246 0.1878256649 -0.0668199807
21.8 169.7 2685.4 -0.6718440652 -0.5001897812 -0.5462927818 0.3068449795 0.4833269715 -0.8199031949 0.6741452217 -0.7184742689 -0.1712396294
214.2 81.9 2492.3 -0.7707124352 -0.5001897812 0.3947310150 -0.6267290115 0.4833269715 -0.6112329960 0.1149483547 -0.7184742689 -0.6859894991
-0.2 119.9 2953.0 0.0275057945 0.6264817119 -0.7789506316 -0.9938467741 0.1007787436 0.0459586121 0.1072938964 0.7728934884 0.6253988147
6.9 -136.1 2980.7 0.1277311742 0.6287652254 -0.7670326233 -0.9918023348 0.0837784931 -0.0964849144 0.0035944835 0.7730688453 0.6343119144
-6.7 -212.9 2658.9 -0.9269059300 0.2275103033 0.2984701395 0.1725070477 0.9645863175 -0.1995359063 -0.3332966864 -0.1334628165 -0.9333279133
-95.0 -587.4 2710.7 -0.9342890978 0.0742480084 0.3486992419 0.1040519774 0.9922780991 0.0675078779 -0.3409943283 0.0993547142 -0.9348002672
-25.4 -245.2 2834.1 -0.8362367749 0.0593836904 0.5451437235 0.0209691655 0.9968549609 -0.0764234066 -0.5479674935 -0.0524768494 -0.8348519802
-48.4 -632.0 2854.5 -0.8363695145 0.0131431175 0.5480085015 0.0129272062 0.9999073744 -0.0042517213 -0.5480136275 0.0035282089 -0.8364619613
425.6 253.8 2460.8 0 0 0 0 0 0 0 0 0
40.2 -394.9 2981.6 0 0 0 0 0 0 0 0 0
-122.4 -953.5 2674.0 0 0 0 0 0 0 0 0 0
-53.3 -1005.0 2853.2 0 0 0 0 0 0 0 0 0
22.9 338.8 2861.8 26 -0.1012708321 0.0697651282 -0.9924097061 -0.2087528557 0.9738403559 0.0897619873 0.9727109075 0.2162586302 -0.0840579495
9.2 147.3 2819.3 -0.1012708321 0.0697651282 -0.9924097061 -0.2087528557 0.9738403559 0.0897619873 0.9727109075 0.2162586302 -0.0840579495
-4.6 -42.8 2782.5 -0.0993374959 0.0712025091 -0.9925030470 -0.1819657832 0.9793169498 0.0884690955 0.9782742262 0.1893898845 -0.0843264684
22.8 172.1 2685.6 -0.6643667221 -0.5022828579 -0.5534697771 0.3202327192 0.4778086245 -0.8180158734 0.6753279567 -0.7207016349 -0.1565927267
212.0 80.9 2493.3 -0.7668375373 -0.5022828579 0.3995898664 -0.6312890053 0.4778086245 -0.6108789444 0.1159065515 -0.7207016349 -0.6834872365
-4.4 122.5 2952.9 0.0173600055 0.6135576963 -0.7894590497 -0.9940740466 0.0953335613 0.0522326156 0.1073096618 0.7838739753 0.6115767956
0.1 -133.7 2980.5 0.1194153726 0.6156969666 -0.7788820267 -0.9928297400 0.0783127993 -0.0903117284 0.0053917761 0.7840818763 0.6206339598
-7.8 -219.3 2658.5 -0.9224692583 0.2278875411 0.3116371632 0.1676627994 0.9635801911 -0.2083324641 -0.3477637768 -0.1399303377 -0.9270813465
-96.2 -593.4 2712.8 -0.9286766648 0.0686999559 0.3644721806 0.1051633209 0.9911396503 0.0811350495 -0.3556688428 0.1136773378 -0.9276729822
-22.2 -252.0 2834.0 -0.8260577321 0.0658692494 0.5597230792 0.0306503531 0.9969273806 -0.0720854774 -0.5627514720 -0.0423910506 -0.8255384564
-47.8 -638.9 2850.5 -0.8270280361 0.0181791615 0.5618666410 -0.0005450252 0.9994505644 -0.0331394039 -0.5621603727 -0.0277134497 -0.8265637755
423.2 254.7 2461.4 0 0 0 0 0 0 0 0 0
31.3 -392.7 2981.9 0 0 0 0 0 0 0 0 0
-121.2 -953.4 2671.5 0 0 0 0 0 0 0 0 0
-54.5 -1011.7 2860.8 0 0 0 0 0 0 0 0 0
24.4 343.9 2862.9 27 -0.1145024747 0.0725015923 -0.9907737970 -0.2096486837 0.9731079340 0.0954376981 0.9710492492 0.2186422646 -0.0962234065
10.1 152.7 2819.9 -0.1145024747 0.0725015923 -0.9907737970 -0.2096486837 0.9731079340 0.0954376981 0.9710492492 0.2186422646 -0.0962234065
-4.2 -37.4 2782.9 -0.1124101654 0.0735476092 -0.9909362793 -0.1816837341 0.9789241552 0.0932659656 0.9769109488 0.1905210465 -0.0966786221
25.5 177.5 2686.5 -0.6502653956 -0.4950524569 -0.5762621164 0.3396614790 0.4890459180 -0.8034078479 0.6795476675 -0.7181623578 -0.1498593986
210.9 80.6 2492.7 -0.7716516852 -0.4950524569 0.3993454278 -0.6273676753 0.4890459180 -0.6060065031 0.1047067642 -0.7181623578 -0.6879529953
-5.2 127.9 2953.4 0.0112381037 0.6041813493 -0.7967675924 -0.9941640496 0.0922484249 0.0559288040 0.1072916985 0.7914891839 0.6016920805
-2.3 -128.3 2981.0 0.1145706475 0.6062360406 -0.7869888544 -0.9933928251 0.0752176642 -0.0866772160 0.0066486141 0.7917197347 0.6108482480
-9.5 -216.6 2658.1 -0.9189742804 0.2291112840 0.3209271729 0.1649724096 0.9626195431 -0.2148200721 -0.3581484854 -0.1444700062 -0.9224196672
-98.5 -590.3 2714.2 -0.9248617887 0.0598783009 0.3755598664 0.1004511639 0.9909188151 0.0893836468 -0.3667972088 0.1203929484 -0.9224778414
-27.3 -249.2 2833.3 -0.8194908500 0.0573954955 0.5702108741 0.0242623445 0.9975548387 -0.0655413419 -0.5725784302 -0.0398758762 -0.8188796639
-49.6 -636.4 2848.8 -0.8204156756 0.0112494994 0.5716568828 -0.0114245070 0.9992843270 -0.0360606015 -0.5716534257 -0.0361155830 -0.8196999431
424.6 254.4 2463.7 0 0 0 0 0 0 0 0 0
27.5 -387.5 2982.7 0 0 0 0 0 0 0 0 0
-120.5 -954.3 2670.0 0 0 0 0 0 0 0 0 0
-53.8 -1009.3 2862.3 0 0 0 0 0 0 0 0 0
21.8 349.2 2861.9 28 -0.1301023811 0.0682139546 -0.9891512394 -0.2151496708 0.9719176888 0.0953239724 0.9678760171 0.2252174467 -0.1117725968
8.4 158.1 2817.7 -0.1301023811 0.0682139546 -0.9891512394 -0.2151496708 0.9719176888 0.0953239724 0.9678760171 0.2252174467 -0.1117725968
-5.5 -31.7 2779.5 -0.1280395538 0.0715865269 -0.9891821146 -0.1863792688 0.9778844118 0.0948938206 0.9740988612 0.1965131909 -0.1118656397
25.9 183.6 2684.6 -0.6440776587 -0.4905174673 -0.5869894028 0.3611420095 0.4814667106 -0.7986027002 0.6743444204 -0.7263486981 -0.1329554915
209.3 80.8 2492.6 -0.7747486830 -0.4905174673 0.3989450037 -0.6225289702 0.4814667106 -0.6169663668 0.1105540469 -0.7263486981 -0.6783770323
-9.1 132.7 2950.7 0.0085015250 0.5916901827 -0.8061206341 -0.9946909547 0.0876821131 0.0538681857 0.1025556400 0.8013828993 0.5892942548
-6.9 -123.6 2977.1 0.1134132147 0.5937228203 -0.7966371179 -0.9935414791 0.0706508756 -0.0887903646 0.0035662386 0.8015620112 0.5979009867
-8.4 -211.1 2658.4 -0.9158501029 0.2268412858 0.3313028812 0.1559375376 0.9613000751 -0.2271248698 -0.3700027764 -0.1563497782 -0.9157798290
-96.4 -584.3 2719.1 -0.9198699594 0.0615794584 0.3873592615 0.1085562930 0.9889901280 0.1005686596 -0.3769015074 0.1345603764 -0.9164271951
-28.5 -243.7 2833.4 -0.8118026257 0.0737008005 0.5792621970 0.0056432146 0.9929468036 -0.1184261665 -0.5839046240 -0.0928697735 -0.8064927459
-57.1 -628.5 2869.4 -0.8121196032 -0.0188597124 0.5831861496 0.0187280998 0.9981200099 0.0583582297 -0.5831903815 0.0583158284 -0.8102396131
425.0 254.0 2461.8 0 0 0 0 0 0 0 0 0
22.7 -382.8 2978.1 0 0 0 0 0 0 0 0 0
-119.5 -954.5 2668.8 0 0 0 0 0 0 0 0 0
-50.1 -999.2 2847.8 0 0 0 0 0 0 0 0 0
20.0 350.6 2850.9 29 -0.1463744044 0.0587271824 -0.9874845147 -0.1892522722 0.9781354666 0.0862239674 0.9709573388 0.1995046735 -0.1320597529
8.5 158.7 2811.8 -0.1463744044 0.0587271824 -0.9874845147 -0.1892522722 0.9781354666 0.0862239674 0.9709573388 0.1995046735 -0.1320597529
-3.9 -32.0 2778.0 -0.1447835416 0.0639807358 -0.9873926044 -0.1638321877 0.9825828671 0.0876921415 0.9758056998 0.1744630635 -0.1317797154
28.3 181.1 2678.6 -0.6488319039 -0.4905552864 -0.5816981196 0.3658703566 0.4691690803 -0.8037531972 0.6672001481 -0.7343268394 -0.1249322295
207.8 79.9 2494.0 -0.7704672217 -0.4905552864 0.4071065485 -0.6272093654 0.4691690803 -0.6216822267 0.1139676794 -0.7343268394 -0.6691603065
-11.3 136.3 2945.1 0.0105429934 0.5767974854 -0.8168191314 -0.9919281006 0.1092597470 0.0643506646 0.1263627559 0.8095473647 0.5732935667
-8.6 -119.2 2977.6 0.1172502190 0.5788915753 -0.8069305420 -0.9926710129 0.0922638625 -0.0780489892 0.0292686280 0.8101678491 0.5854668617
-7.9 -204.8 2654.1 -0.9092846513 0.2267958820 0.3489485085 0.1446062922 0.9583991170 -0.2460898310 -0.3902440965 -0.1733055562 -0.9042537212
-95.9 -576.8 2721.4 -0.9116733670 0.0599487238 0.4065192044 0.1130189076 0.9877274632 0.1078013703 -0.3950676322 0.1442239881 -0.9072601795
-30.8 -238.2 2828.6 -0.8023020625 0.0579638332 0.5940973163 -0.0291980263 0.9902719259 -0.1360477358 -0.5962037444 -0.1264978498 -0.7928047776
-53.3 -622.1 2877.7 -0.8054449558 -0.0048988196 0.5926503539 0.0530032925 0.9953635931 0.0802620649 -0.5902957916 0.0960590914 -0.8014509082
422.9 255.0 2462.2 0 0 0 0 0 0 0 0 0
22.0 -378.1 2985.2 0 0 0 0 0 0 0 0 0
-118.9 -955.3 2666.1 0 0 0 0 0 0 0 0 0
-51.5 -992.4 2841.9 0 0 0 0 0 0 0 0 0
20.2 351.2 2856.5 30 -0.1856310368 0.0635509267 -0.9805622697 -0.2034161538 0.9738043547 0.1016218141 0.9613339901 0.2183263749 -0.1678410321
7.7 159.9 2813.6 -0.1856310368 0.0635509267 -0.9805622697 -0.2034161538 0.9738043547 0.1016218141 0.9613339901 0.2183263749 -0.1678410321
-5.5 -30.3 2777.3 -0.1835112423 0.0681819767 -0.9806501865 -0.1719764918 0.9799798131 0.1003177017 0.9678573012 0.1870582104 -0.1681116074
32.7 183.4 2681.5 -0.6318958402 -0.4961772561 -0.5954122543 0.3765756190 0.4748995602 -0.7954000235 0.6774204373 -0.7268277407 -0.1132388040
207.8 79.1 2493.9 -0.7716194987 -0.4961772561 0.3980094194 -0.6249658465 0.4748995602 -0.6195870638 0.1184104979 -0.7268277407 -0.6765356064
-17.4 136.4 2945.7 -0.0049489620 0.5468359590 -0.8372251391 -0.9932379127 0.0944249034 0.0675450712 0.1159909740 0.8318980336 0.5426709056
-18.6 -119.4 2975.5 0.1052767783 0.5487211347 -0.8293502927 -0.9941760898 0.0773949623 -0.0749929249 0.0230373312 0.8324152231 0.5536733270
-3.4 -208.0 2656.7 -0.8954272866 0.2297330648 0.3813564181 0.1457214206 0.9606321454 -0.2365399748 -0.4206843078 -0.1562325358 -0.8936532140
-92.6 -580.9 2717.4 -0.8974321485 0.0697786659 0.4355989397 0.1212639436 0.9883940220 0.0915000960 -0.4241586328 0.1349375695 -0.8954782486
-29.4 -237.3 2831.5 -0.7795135379 0.0569934770 0.6237871647 -0.0161169358 0.9936973453 -0.1109314933 -0.6261780262 -0.0965261385 -0.7736819983
-51.5 -622.7 2868.9 -0.7805064321 -0.0024694137 0.6251428723 0.0312152691 0.9985908270 0.0429176316 -0.6243679523 0.0530114919 -0.7793294787
423.9 254.1 2460.7 0 0 0 0 0 0 0 0 0
8.8 -378.7 2981.6 0 0 0 0 0 0 0 0 0
-119.1 -956.4 2666.1 0 0 0 0 0 0 0 0 0
-50.5 -994.5 2849.2 0 0 0 0 0 0 0 0 0
20.9 356.0 2860.7 31 -0.2123829424 0.0672452971 -0.9748700261 -0.2060391456 0.9721196890 0.1119427979 0.9552179575 0.2246361226 -0.1926064789
7.6 164.6 2816.5 -0.2123829424 0.0672452971 -0.9748700261 -0.2060391456 0.9721196890 0.1119427979 0.9552179575 0.2246361226 -0.1926064789
-5.9 -25.4 2779.0 -0.2101643831 0.0700255930 -0.9751550555 -0.1745097935 0.9787265062 0.1078922227 0.9619653225 0.1928492039 -0.1934733093
36.3 188.4 2685.2 -0.6144542098 -0.5037389994 -0.6072009802 0.3923699856 0.4725862443 -0.7891185284 0.6844645739 -0.7231246233 -0.0927305445
208.1 78.7 2493.8 -0.7707166672 -0.5037389994 0.3901830614 -0.6239594817 0.4725862443 -0.6223638654 0.1291138083 -0.7231246233 -0.6785428524
-21.1 140.7 2947.8 -0.0148979835 0.5253466368 -0.8507578373 -0.9936279058 0.0872905403 0.0713021308 0.1117214486 0.8463990092 0.5206986070
-24.9 -115.2 2976.6 0.0977291763 0.5270996690 -0.8441652656 -0.9949764609 0.0702422783 -0.0713291019 0.0216985401 0.8468954563 0.5313164592
-2.3 -205.1 2654.3 -0.8851632476 0.2375356108 0.4000785351 0.1449631155 0.9578590393 -0.2479753494 -0.4421218038 -0.1615020484 -0.8822955489
-94.5 -576.9 2717.0 -0.8875495791 0.0626066849 0.4564384818 0.1141292900 0.9897215962 0.0861719921 -0.4463520944 0.1285749227 -0.8855723143
-35.1 -235.9 2827.6 -0.7635935545 0.0501060039 0.6437501311 -0.0213455707 0.9944807887 -0.1027243212 -0.6453442574 -0.0921808481 -0.7583096027
-54.6 -621.7 2863.3 -0.7643693089 -0.0167943593 0.6445599794 0.0067923269 0.9993955493 0.0340946615 -0.6447429061 0.0304389745 -0.7637931705
424.0 253.4 2457.6 0 0 0 0 0 0 0 0 0
0.6 -374.8 2982.2 0 0 0 0 0 0 0 0 0
-118.5 -956.3 2667.7 0 0 0 0 0 0 0 0 0
-48.3 -994.2 2852.0 0 0 0 0 0 0 0 0 0
20.7 352.1 2861.3 32 -0.2015750706 0.0686404556 -0.9770649672 -0.2120811939 0.9708179832 0.1119553670 0.9562368989 0.2297845185 -0.1811353564
7.3 162.1 2816.4 -0.2015750706 0.0686404556 -0.9770649672 -0.2120811939 0.9708179832 0.1119553670 0.9562368989 0.2297845185 -0.1811353564
-6.5 -27.6 2777.7 -0.1994250715 0.0708962828 -0.9773450494 -0.1820637733 0.9773325920 0.1080450863 0.9628511667 0.1994860321 -0.1819969714
34.5 187.0 2684.9 -0.6217295527 -0.5065221786 -0.5974007845 0.3874197006 0.4640085995 -0.7966191173 0.6807042956 -0.7267264724 -0.0922511816
209.0 78.3 2493.8 -0.7685381174 -0.5065221786 0.3908765912 -0.6250582337 0.4640085995 -0.6276928186 0.1365702152 -0.7267264724 -0.6732141376
-20.0 137.3 2947.9 -0.0125128459 0.5344505906 -0.8451070786 -0.9944497347 0.0816474259 0.0663583428 0.1044660732 0.8412468433 0.5304625630
-23.2 -118.9 2974.8 0.0991561934 0.5362297297 -0.8382277489 -0.9949844480 0.0645951256 -0.0763766766 0.0131899789 0.8415967822 0.5399452448
-0.7 -199.8 2655.5 -0.8895424604 0.2418767661 0.3875691891 0.1494431198 0.9557324648 -0.2534605265 -0.4317186475 -0.1675443500 -0.8863114119
-94.6 -570.8 2720.5 -0.8921073079 0.0600638576 0.4478134811 0.1158293709 0.9884052277 0.0981765762 -0.4367243350 0.1394539922 -0.8887206912
-38.3 -231.0 2827.7 -0.7711170912 0.0192428231 0.6364024878 -0.0337531455 0.9969021082 -0.0710412711 -0.6357980371 -0.0762617216 -0.7680788040
-45.8 -617.7 2857.3 -0.7708775997 0.0267838221 0.6364199519 0.0251537710 0.9996162653 -0.0116009340 -0.6364864707 0.0070654624 -0.7712554932
424.0 253.1 2455.6 0 0 0 0 0 0 0 0 0
2.7 -378.5 2978.2 0 0 0 0 0 0 0 0 0
-118.0 -956.2 2666.1 0 0 0 0 0 0 0 0 0
-55.7 -990.1 2854.6 0 0 0 0 0 0 0 0 0
20.8 350.3 2861.7 33 -0.1822115481 0.0680574179 -0.9809011817 -0.2146138847 0.9707956314 0.1072228029 0.9595518708 0.2300522327 -0.1622841060
7.5 160.9 2816.8 -0.1822115481 0.0680574179 -0.9809011817 -0.2146138847 0.9707956314 0.1072228029 0.9595518708 0.2300522327 -0.1622841060
-6.0 -28.8 2777.8 -0.1801390499 0.0699757859 -0.9811489582 -0.1853660941 0.9771797657 0.1037259400 0.9660172462 0.2005568445 -0.1630571038
32.1 186.2 2684.8 -0.6276087761 -0.5073764920 -0.5904882550 0.3810534477 0.4612092376 -0.8013015985 0.6789002419 -0.7279114723 -0.0961214080
208.8 78.9 2493.7 -0.7696649432 -0.5073764920 0.3875371218 -0.6224329472 0.4612092376 -0.6323474050 0.1421024799 -0.7279114723 -0.6707844138
-17.1 135.6 2948.7 -0.0057454952 0.5500028729 -0.8351429701 -0.9947477579 0.0822070315 0.0609828755 0.1021953821 0.8311070204 0.5466418266
-18.5 -120.7 2975.0 0.1041617021 0.5518704653 -0.8273991346 -0.9945213795 0.0651600882 -0.0817394033 0.0088038379 0.8313802481 0.5556342006
-2.4 -201.0 2652.7 -0.8986780047 0.2277670205 0.3748333752 0.1446993798 0.9607098699 -0.2368515730 -0.4140531123 -0.1586151421 -0.8963265419
-90.8 -573.9 2714.3 -0.9012035728 0.0735813677 0.4271041453 0.1158981174 0.9905078411 0.0739043951 -0.4176120162 0.1161034703 -0.9011771083
-38.1 -233.6 2825.1 -0.7828474641 0.0395789109 0.6209535599 -0.0326526314 0.9939864874 -0.1045214012 -0.6213562489 -0.1021000817 -0.7768474221
-53.4 -619.1 2864.7 -0.7839992642 -0.0065797227 0.6207268834 0.0137880025 0.9995125532 0.0280095804 -0.6206086278 0.0305180736 -0.7835263610
424.0 252.9 2454.0 0 0 0 0 0 0 0 0 0
8.6 -380.2 2977.3 0 0 0 0 0 0 0 0 0
-119.1 -955.6 2669.5 0 0 0 0 0 0 0 0 0
-51.0 -991.5 2853.4 0 0 0 0 0 0 0 0 0
19.6 353.6 2852.3 34 -0.1537773311 0.0582542084 -0.9863868356 -0.1820632815 0.9794984460 0.0862309858 0.9711876512 0.1928451955 -0.1400187016
8.2 161.8 2814.5 -0.1537773311 0.0582542084 -0.9863868356 -0.1820632815 0.9794984460 0.0862309858 0.9711876512 0.1928451955 -0.1400187016
-3.8 -29.2 2782.3 -0.1521107107 0.0623987801 -0.9863917828 -0.1549386084 0.9841606021 0.0861505941 0.9761435986 0.1659345925 -0.1400333792
29.0 182.9 2681.3 -0.6455882788 -0.5064371824 -0.5716092587 0.3711264133 0.4461079538 -0.8144034147 0.6674435735 -0.7379086018 -0.1000498682
210.5 78.6 2493.7 -0.7674099803 -0.5064371824 0.3931962550 -0.6234124303 0.4461079538 -0.6421406269 0.1497959346 -0.7379086018 -0.6580669284
-12.6 140.6 2947.8 0.0104589369 0.5706321001 -0.8211392164 -0.9907535315 0.1170016006 0.0686882734 0.1352703422 0.8128281832 0.5665794611
-9.9 -114.5 2982.6 0.1178992689 0.5727359653 -0.8112171888 -0.9922600389 0.1000171751 -0.0735971928 0.0389838926 0.8136154413 0.5800949931
-3.5 -201.9 2652.4 -0.9041094184 0.2324247211 0.3585594594 0.1499788612 0.9583498240 -0.2430472523 -0.4001155794 -0.1659649760 -0.9013118744
-93.7 -573.9 2716.8 -0.9074155688 0.0687507838 0.4145724177 0.1120603085 0.9903917313 0.0810354650 -0.4050178230 0.1199899539 -0.9064010978
-35.8 -235.1 2825.4 -0.7969072461 0.0483620204 0.6021627188 -0.0196553115 0.9941868782 -0.1058590040 -0.6037818193 -0.0961955041 -0.7913241386
-54.5 -620.9 2862.7 -0.7972364426 -0.0129220802 0.6035288572 -0.0028721322 0.9998407364 0.0176134966 -0.6036603451 0.0123087075 -0.7971466184
425.3 253.1 2451.8 0 0 0 0 0 0 0 0 0
20.9 -373.2 2992.8 0 0 0 0 0 0 0 0 0
-120.1 -954.1 2670.7 0 0 0 0 0 0 0 0 0
-49.7 -993.7 2858.1 0 0 0 0 0 0 0 0 0
20.1 348.0 2857.1 35 -0.1519063413 0.0617212914 -0.9864658713 -0.1951072663 0.9765376449 0.0911447629 0.9689466357 0.2063121349 -0.1362999976
8.0 155.8 2816.6 -0.1519063413 0.0617212914 -0.9864658713 -0.1951072663 0.9765376449 0.0911447629 0.9689466357 0.2063121349 -0.1362999976
-4.6 -34.6 2781.8 -0.1501252949 0.0651759356 -0.9865163565 -0.1676227450 0.9817008376 0.0903661549 0.9743536115 0.1789288223 -0.1364531666
28.5 178.7 2683.5 -0.6459255815 -0.5102868080 -0.5677918196 0.3554693758 0.4571691453 -0.8152532578 0.6755898595 -0.7284255624 -0.1139059216
210.4 78.6 2493.2 -0.7673638463 -0.5102868080 0.3882784545 -0.6244505644 0.4571691453 -0.6332913041 0.1456512660 -0.7284255624 -0.6694639325
-12.6 133.0 2949.6 0.0081715668 0.5728754997 -0.8196016550 -0.9924823642 0.1047386080 0.0633137375 0.1221148297 0.8129228354 0.5694246888
-10.5 -122.6 2981.0 0.1153793484 0.5749373436 -0.8100214005 -0.9929928780 0.0877333060 -0.0791704059 0.0255478304 0.8134801388 0.5810313225
-2.2 -206.2 2662.8 -0.9033474922 0.2307164520 0.3615704775 0.1631053835 0.9644531012 -0.2079106718 -0.3966861963 -0.1288415045 -0.9088674188
-91.7 -580.4 2712.7 -0.9080129862 0.0789369196 0.4114381671 0.1170575097 0.9907771945 0.0682504475 -0.4022560716 0.1101342216 -0.9088786840
-29.4 -233.9 2837.5 -0.7977986932 0.0588777065 0.6000422239 0.0014280190 0.9954022169 -0.0957728028 -0.6029222608 -0.0755505413 -0.7942146063
-52.3 -620.2 2866.8 -0.7978942394 -0.0027544792 0.6027911901 0.0138303163 0.9996426702 0.0228746291 -0.6026387811 0.0265883263 -0.7975710034
424.9 253.2 2452.5 0 0 0 0 0 0 0 0 0
19.6 -381.6 2987.7 0 0 0 0 0 0 0 0 0
-121.6 -955.4 2671.1 0 0 0 0 0 0 0 0 0
-51.3 -993.1 2856.9 0 0 0 0 0 0 0 0 0
20.4 346.2 2859.6 36 -0.1519516259 0.0643182769 -0.9862930179 -0.2072233856 0.9736292362 0.0954179764 0.9664208293 0.2188818902 -0.1346162856
7.8 155.0 2816.6 -0.1519516259 0.0643182769 -0.9862930179 -0.2072233856 0.9736292362 0.0954179764 0.9664208293 0.2188818902 -0.1346162856
-5.5 -35.1 2779.7 -0.1499687433 0.0682275742 -0.9863337874 -0.1780054867 0.9794508219 0.0948165953 0.9725345373 0.1897923499 -0.1347421259
28.3 179.3 2683.7 -0.6489927769 -0.5067598820 -0.5674528480 0.3584674597 0.4542017579 -0.8155990839 0.6710510254 -0.7327312827 -0.1131167263
211.0 78.3 2494.8 -0.7662954926 -0.5067598820 0.3949501514 -0.6267156005 0.4542017579 -0.6331890225 0.1414877474 -0.7327312827 -0.6656470895
-12.7 130.6 2949.4 0.0051913559 0.5737332106 -0.8190258145 -0.9937925339 0.0939792618 0.0595340133 0.1111280844 0.8136326671 0.5706596375
-11.4 -125.4 2978.0 0.1123314276 0.5757435560 -0.8098771572 -0.9935652614 0.0769571960 -0.0831002519 0.0144814402 0.8140005469 0.5806835294
-3.8 -210.1 2659.9 -0.9042912126 0.2337241620 0.3572539985 0.1653790474 0.9632670879 -0.2115804851 -0.3935824633 -0.1322480440 -0.9097270370
-94.5 -584.0 2711.2 -0.9100992680 0.0746194571 0.4076165557 0.1084123105 0.9922689199 0.0604082234 -0.3999575973 0.0991681293 -0.9111528993
-30.7 -240.1 2834.3 -0.7991982102 0.0527663715 0.5987469554 -0.0068928543 0.9952691197 -0.0969115570 -0.6010280252 -0.0815786198 -0.7950536013
-51.2 -626.4 2866.0 -0.7993345261 0.0023903311 0.6008815765 0.0148021141 0.9997669458 0.0157136898 -0.6007039547 0.0214548111 -0.7991836071
425.0 253.4 2455.3 0 0 0 0 0 0 0 0 0
17.9 -384.5 2981.8 0 0 0 0 0 0 0 0 0
-122.3 -954.1 2674.2 0 0 0 0 0 0 0 0 0
-52.1 -999.5 2858.0 0 0 0 0 0 0 0 0 0
21.2 348.6 2861.3 37 -0.1492194086 0.0660250634 -0.9865972996 -0.2131886333 0.9721537232 0.0973025113 0.9655486345 0.2248507589 -0.1309884042
8.3 157.9 2817.2 -0.1492194086 0.0660250634 -0.9865972996 -0.2131886333 0.9721537232 0.0973025113 0.9655486345 0.2248507589 -0.1309884042
-5.2 -32.0 2779.6 -0.1470518112 0.0693439245 -0.9866951108 -0.1819517314 0.9786204696 0.0958935693 0.9722496271 0.1936322004 -0.1312906593
28.4 182.8 2684.3 -0.6417474747 -0.5078810453 -0.5746451020 0.3675914407 0.4539112747 -0.8116902709 0.6730800271 -0.7321348190 -0.1046036929
209.8 78.9 2494.1 -0.7680970430 -0.5078810453 0.3899791241 -0.6233875155 0.4539112747 -0.6366730332 0.1463382393 -0.7321348190 -0.6652546525
-11.8 133.1 2950.0 0.0049492163 0.5763012171 -0.8172223568 -0.9942432642 0.0903069377 0.0576627292 0.1070319489 0.8122324347 0.5734305382
-10.6 -123.1 2977.5 0.1117816120 0.5783032179 -0.8081276417 -0.9936819077 0.0732771158 -0.0850100517 0.0100556733 0.8125243783 0.5828405023
-5.2 -209.3 2655.8 -0.9083251953 0.2287399471 0.3501761854 0.1553762406 0.9618319273 -0.2252501100 -0.3883343339 -0.1501912922 -0.9091969132
-94.0 -582.6 2714.1 -0.9122645855 0.0762707517 0.4024377465 0.1144567877 0.9908395410 0.0716702119 -0.3932848871 0.1114439294 -0.9126375318
-32.1 -241.1 2830.0 -0.7995880246 0.0901817828 0.5937392116 0.0164335556 0.9915762544 -0.1284773499 -0.6003240347 -0.0929716974 -0.7943344712
-67.1 -625.8 2866.0 -0.7978521585 -0.0600727499 0.5998526812 -0.0224767141 0.9972952008 0.0699791387 -0.6024340391 0.0423502885 -0.7970443368
424.4 253.1 2453.2 0 0 0 0 0 0 0 0 0
18.6 -382.3 2980.2 0 0 0 0 0 0 0 0 0
-122.6 -954.2 2672.3 0 0 0 0 0 0 0 0 0
-44.7 -997.2 2850.3 0 0 0 0 0 0 0 0 0
21.8 349.1 2861.6 38 -0.1464276463 0.0666246414 -0.9869752526 -0.2133068889 0.9721311331 0.0972688124 0.9659498334 0.2247714549 -0.1281353682
8.8 159.1 2817.7 -0.1464276463 0.0666246414 -0.9869752526 -0.2133068889 0.9721311331 0.0972688124 0.9659498334 0.2247714549 -0.1281353682
-4.9 -30.8 2779.8 -0.1443524361 0.0702633858 -0.9870285988 -0.1837397367 0.9782258272 0.0965085924 0.9723178744 0.1952876151 -0.1282991022
28.5 184.2 2684.8 -0.6389055252 -0.5089542866 -0.5768581629 0.3703605235 0.4537405968 -0.8105260730 0.6742646694 -0.7314950824 -0.1014007926
209.6 79.2 2493.7 -0.7698377371 -0.5089542866 0.3851174414 -0.6201267838 0.4537405968 -0.6399704814 0.1509722918 -0.7314950824 -0.6649227738
-11.0 134.0 2950.5 0.0048582251 0.5786446929 -0.8155652881 -0.9944443703 0.0885553509 0.0569063574 0.1051512286 0.8107578158 0.5758602023
-9.7 -122.2 2977.6 0.1114096344 0.5806410313 -0.8065010309 -0.9937433600 0.0715212002 -0.0857834592 0.0078725275 0.8110121489 0.5849763155
-5.5 -205.7 2654.9 -0.9110168219 0.2303760499 0.3420164287 0.1495556831 0.9575093389 -0.2465948015 -0.3842934370 -0.1735015064 -0.9067611694
-94.9 -577.2 2722.2 -0.9135487676 0.0668421313 0.4011991620 0.1187936962 0.9872426987 0.1060182452 -0.3889944553 0.1445127726 -0.9098348022
-31.8 -238.3 2829.1 -0.8042004108 0.0466353074 0.5925258398 -0.0243683755 0.9934917092 -0.1112674624 -0.5938584805 -0.1039202288 -0.7978299856
-49.9 -623.4 2869.4 -0.8049009442 0.0196465366 0.5930838585 0.0483103953 0.9983036518 0.0324943438 -0.5914394259 0.0548068434 -0.8044847250
425.5 253.2 2451.4 0 0 0 0 0 0 0 0 0
19.4 -381.5 2979.7 0 0 0 0 0 0 0 0 0
-120.4 -954.5 2667.0 0 0 0 0 0 0 0 0 0
-57.2 -994.4 2849.0 0 0 0 0 0 0 0 0 0
24.2 347.5 2861.8 39 -0.1304724962 0.0740738213 -0.9886809587 -0.2136816233 0.9716684222 0.1009979770 0.9681513906 0.2244404107 -0.1109477952
9.8 157.8 2818.0 -0.1304724962 0.0740738213 -0.9886809587 -0.2136816233 0.9716684222 0.1009979770 0.9681513906 0.2244404107 -0.1109477952
-4.9 -32.0 2779.9 -0.1283094138 0.0754512176 -0.9888598323 -0.1854816377 0.9776818156 0.0986654758 0.9742347002 0.1960750520 -0.1114509702
27.3 183.1 2684.9 -0.6443172693 -0.5192547441 -0.5614533424 0.3672314882 0.4339023530 -0.8227209449 0.6708176732 -0.7362766266 -0.0888840780
210.2 78.9 2494.5 -0.7644621134 -0.5192547441 0.3820631206 -0.6209716797 0.4339023530 -0.6527808905 0.1731814891 -0.7362766266 -0.6541444063
-7.8 132.5 2951.1 0.0046637389 0.5923930407 -0.8056355715 -0.9946671128 0.0857561603 0.0572994612 0.1030320153 0.8010720015 0.5896338224
-6.6 -123.8 2977.6 0.1095461845 0.5943593383 -0.7967035770 -0.9939737320 0.0687183887 -0.0854051784 0.0039868201 0.8012582660 0.5983054042
-5.6 -204.2 2654.8 -0.9170684218 0.2280133069 0.3271015882 0.1520978063 0.9583739638 -0.2416311204 -0.3685807586 -0.1718408316 -0.9135748148
-94.1 -576.2 2721.5 -0.9200583696 0.0667338446 0.3860558867 0.1167164668 0.9873312116 0.1074910611 -0.3739917278 0.1439571381 -0.9161913395
-31.4 -237.1 2829.0 -0.8146347404 0.0333872661 0.5790125132 -0.0339295007 0.9938883185 -0.1050467119 -0.5789810419 -0.1052203029 -0.8085231185
-44.4 -622.7 2869.8 -0.8151853085 0.0298562683 0.5784302354 0.0544881783 0.9981946349 0.0252676886 -0.5766315460 0.0521154590 -0.8153403997
424.0 252.6 2446.1 0 0 0 0 0 0 0 0 0
22.0 -383.1 2978.6 0 0 0 0 0 0 0 0 0
-119.7 -955.7 2666.1 0 0 0 0 0 0 0 0 0
-55.5 -994.5 2850.4 0 0 0 0 0 0 0 0 0
21.4 344.2 2850.9 40 -0.1161018983 0.0663071796 -0.9910215735 -0.1869392097 0.9784786701 0.0873685926 0.9754865766 0.1954044402 -0.1012078226
8.5 152.9 2812.7 -0.1161018983 0.0663071796 -0.9910215735 -0.1869392097 0.9784786701 0.0873685926 0.9754865766 0.1954044402 -0.1012078226
-4.5 -37.8 2779.5 -0.1144381911 0.0672216862 -0.9911534190 -0.1625000238 0.9830031991 0.0854311138 0.9800497890 0.1708390415 -0.1015695781
24.1 175.1 2678.8 -0.6635282040 -0.5108404160 -0.5466007590 0.3442310989 0.4402173162 -0.8292850256 0.6642554402 -0.7384109497 -0.1162494346
209.0 79.2 2493.8 -0.7680608034 -0.5108404160 0.3861665428 -0.6195476651 0.4402173162 -0.6498995423 0.1619977653 -0.7384109497 -0.6546036601
-7.2 130.7 2946.5 0.0168468282 0.6011215448 -0.7989800572 -0.9916936159 0.1119563133 0.0633213073 0.1275146604 0.7912766337 0.5980144739
-2.8 -124.7 2979.4 0.1205426529 0.6032764912 -0.7883697748 -0.9923363924 0.0949597433 -0.0790642649 0.0271657798 0.7918586135 0.6100999117
-8.0 -205.2 2654.6 -0.9187182188 0.2233867049 0.3256612718 0.1522369087 0.9612370133 -0.2298853397 -0.3643909991 -0.1616221815 -0.9171136618
-94.8 -578.3 2717.3 -0.9225047231 0.0647583306 0.3805147111 0.1083907783 0.9896200895 0.0943586677 -0.3704544902 0.1282905936 -0.9199483395
-31.0 -238.4 2829.1 -0.8201351166 0.0284099896 0.5714641213 -0.0144782374 0.9974162579 -0.0703643486 -0.5719866753 -0.0659820661 -0.8176048398
-42.0 -625.2 2854.7 -0.8192232251 0.0388582014 0.5721567869 0.0281789340 0.9992241263 -0.0275155585 -0.5727820396 -0.0064186170 -0.8196825981
424.0 252.7 2448.4 0 0 0 0 0 0 0 0 0
28.6 -383.5 2986.4 0 0 0 0 0 0 0 0 0
-119.3 -953.5 2668.7 0 0 0 0 0 0 0 0 0
-56.5 -997.1 2857.1 0 0 0 0 0 0 0 0 0
21.5 347.6 2855.9 41 -0.1422514319 0.0650694817 -0.9876894951 -0.1962686032 0.9761700630 0.0925780460 0.9701768756 0.2070217878 -0.1260904819
8.7 155.6 2815.2 -0.1422514319 0.0650694817 -0.9876894951 -0.1962686032 0.9761700630 0.0925780460 0.9701768756 0.2070217878 -0.1260904819
-4.3 -35.0 2781.2 -0.1401069909 0.0670654401 -0.9878624678 -0.1644848436 0.9822638035 0.0900139809 0.9763783813 0.1750999838 -0.1265907735
27.8 178.1 2681.9 -0.6471335292 -0.5130805969 -0.5638851523 0.3562808335 0.4503724575 -0.8186749220 0.6740045547 -0.7306935191 -0.1086503416
208.6 78.6 2493.6 -0.7680774927 -0.5130805969 0.3831517398 -0.6209064722 0.4503724575 -0.6415916085 0.1566272080 -0.7306935191 -0.6644960046
-10.4 133.2 2948.5 0.0092834774 0.5812106729 -0.8137001991 -0.9920859933 0.1072508544 0.0652885884 0.1252164692 0.8066544533 0.5776066184
-8.1 -122.4 2980.8 0.1154554263 0.5832758546 -0.8040269017 -0.9929298162 0.0902403519 -0.0771169662 0.0275752079 0.8072459102 0.5895707607
-7.3 -214.0 2658.6 -0.9085039496 0.2264880687 0.3511747122 0.1569751501 0.9638044834 -0.2154986709 -0.3872716427 -0.1406556964 -0.9111732244
-95.2 -588.1 2713.2 -0.9126565456 0.0684132129 0.4029611051 0.1111890674 0.9902678132 0.0837054104 -0.3933128715 0.1211991608 -0.9113812447
-27.8 -243.1 2834.1 -0.8045561314 0.0493206717 0.5918250680 0.0089268349 0.9974372387 -0.0709874183 -0.5938095450 -0.0518302396 -0.8029345274
-46.9 -630.0 2854.2 -0.8046835065 0.0207904577 0.5933398604 0.0033945325 0.9995314479 -0.0304196514 -0.5936942697 -0.0224640798 -0.8043770790
423.9 252.7 2449.7 0 0 0 0 0 0 0 0 0
22.1 -381.4 2988.0 0 0 0 0 0 0 0 0 0
-120.6 -956.5 2668.1 0 0 0 0 0 0 0 0 0
-54.7 -1002.5 2862.6 0 0 0 0 0 0 0 0 0
22.1 339.6 2859.9 42 -0.1473420262 0.0681383684 -0.9867357612 -0.2073051035 0.9733383656 0.0981685743 0.9671168327 0.2190197259 -0.1292882115
8.7 148.4 2816.9 -0.1473420262 0.0681383684 -0.9867357612 -0.2073051035 0.9733383656 0.0981685743 0.9671168327 0.2190197259 -0.1292882115
-4.7 -41.7 2780.2 -0.1452414691 0.0693869665 -0.9869601727 -0.1774769723 0.9795306325 0.0949822292 0.9733482599 0.1889580637 -0.1299538761
28.6 172.6 2684.0 -0.6465567350 -0.5210937858 -0.5571585298 0.3369652927 0.4601593614 -0.8214059472 0.6844112873 -0.7188286185 -0.1219286025
208.5 78.8 2493.5 -0.7681448460 -0.5210937858 0.3720412552 -0.6199704409 0.4601593614 -0.6355233788 0.1599690467 -0.7188286185 -0.6765318513
-11.1 124.1 2949.9 0.0054933070 0.5777367353 -0.8162046671 -0.9937378168 0.0942466781 0.0600227602 0.1116019338 0.8107637167 0.5746365786
-9.7 -131.9 2978.6 0.1121418849 0.5797446370 -0.8070442080 -0.9935872555 0.0772229135 -0.0825892538 0.0144416327 0.8111305833 0.5846868157
-4.7 -210.9 2659.8 -0.9049289227 0.2388717979 0.3521986902 0.1703188717 0.9617241621 -0.2146581262 -0.3899937570 -0.1342642605 -0.9109764099
-97.4 -584.2 2711.9 -0.9113097787 0.0635662302 0.4067846835 0.1035269722 0.9916440248 0.0769696385 -0.3984929323 0.1122563779 -0.9102756977
-29.8 -240.4 2834.7 -0.8025168777 0.0436968207 0.5950270891 0.0030780497 0.9976043701 -0.0691093728 -0.5966214538 -0.0536299162 -0.8007287979
-46.8 -627.5 2855.5 -0.8024994731 0.0157103799 0.5964459777 0.0042183162 0.9997776747 -0.0206585210 -0.5966379046 -0.0140624549 -0.8023873568
423.6 252.4 2448.7 0 0 0 0 0 0 0 0 0
19.5 -391.0 2982.4 0 0 0 0 0 0 0 0 0
-121.4 -957.4 2669.7 0 0 0 0 0 0 0 0 0
-52.7 -1000.4 2860.7 0 0 0 0 0 0 0 0 0
23.2 339.1 2861.0 43 -0.1389427930 0.0726214871 -0.9876340628 -0.2084900886 0.9728096724 0.1008623391 0.9681047201 0.2199259996 -0.1200240329
9.0 148.3 2817.8 -0.1389427930 0.0726214871 -0.9876340628 -0.2084900886 0.9728096724 0.1008623391 0.9681047201 0.2199259996 -0.1200240329
-5.3 -41.7 2780.4 -0.1369120032 0.0733419433 -0.9878643751 -0.1813408583 0.9785468578 0.0977829173 0.9738432169 0.1925278306 -0.1206749231
27.7 173.0 2684.8 -0.6454609632 -0.5298501849 -0.5501262546 0.3369589746 0.4488389492 -0.8276486397 0.6854478717 -0.7195848823 -0.1111702621
208.0 78.9 2493.2 -0.7659974098 -0.5298501849 0.3640147746 -0.6174509525 0.4488389492 -0.6459860206 0.1788917780 -0.7195848823 -0.6709659696
-9.7 123.5 2950.8 0.0041411598 0.5852040648 -0.8108755350 -0.9942151308 0.0894397348 0.0594706461 0.1073269546 0.8059384227 0.5821890831
-8.7 -132.7 2978.5 0.1099109799 0.5871752501 -0.8019630909 -0.9938987494 0.0724057555 -0.0832027271 0.0092121577 0.8062149882 0.5915509462
-5.2 -215.9 2656.4 -0.9103139043 0.2356003225 0.3403249979 0.1646819860 0.9604763389 -0.2244214863 -0.3797478974 -0.1482486129 -0.9131340981
-96.6 -588.8 2713.9 -0.9156143069 0.0656143948 0.3966676295 0.1077990308 0.9905340075 0.0849805847 -0.3873368204 0.1205698252 -0.9140202999
-31.2 -247.7 2830.7 -0.8087821007 0.0400801413 0.5867410898 -0.0147404931 0.9959800839 -0.0883539096 -0.5879236460 -0.0801079124 -0.8049400449
-46.7 -634.2 2861.8 -0.8083540201 0.0273649581 0.5880603790 0.0283922777 0.9995688200 -0.0074858801 -0.5880116820 0.0106451316 -0.8087823987
422.5 251.8 2443.2 0 0 0 0 0 0 0 0 0
20.0 -391.9 2980.9 0 0 0 0 0 0 0 0 0
-121.0 -956.2 2669.2 0 0 0 0 0 0 0 0 0
-57.0 -1007.0 2857.9 0 0 0 0 0 0 0 0 0
21.8 342.5 2861.5 44 -0.1277587116 0.0564550124 -0.9901972413 -0.2170030624 0.9725974202 0.0834500715 0.9677744508 0.2255373001 -0.1120068803
10.7 151.3 2817.1 -0.1277587116 0.0564550124 -0.9901972413 -0.2170030624 0.9725974202 0.0834500715 0.9677744508 0.2255373001 -0.1120068803
-2.0 -38.7 2779.7 -0.1256637424 0.0653466955 -0.9899184108 -0.1834345311 0.9790925384 0.0879178867 0.9749668837 0.1926333010 -0.1110495999
27.8 176.4 2683.9 -0.6453593969 -0.5320190191 -0.5481486917 0.3482614160 0.4337489605 -0.8310089111 0.6798714995 -0.7271984220 -0.0946422666
208.3 79.0 2493.8 -0.7639119625 -0.5320190191 0.3652317822 -0.6163258553 0.4337489605 -0.6572703123 0.1912613958 -0.7271984220 -0.6592431068
-6.5 126.3 2950.3 0.0151716592 0.5920348763 -0.8057695031 -0.9942060113 0.0946980789 0.0508592203 0.1064152569 0.8003293276 0.5900413394
-2.6 -129.9 2977.7 0.1199757233 0.5941806436 -0.7953333855 -0.9927501678 0.0776775777 -0.0917243138 0.0072787548 0.8005719781 0.5991923809
-7.2 -215.4 2655.8 -0.9144909978 0.2314266562 0.3318854272 0.1602634192 0.9603635073 -0.2280735075 -0.3715129495 -0.1553820670 -0.9153330326
-97.1 -588.2 2716.2 -0.9192785621 0.0628940091 0.3885502517 0.1065188944 0.9900681376 0.0917543694 -0.3789204061 0.1257357597 -0.9168477654
-31.8 -247.8 2830.3 -0.8121998906 0.0879907086 0.5767052174 0.0120534096 0.9908798933 -0.1342079788 -0.5832546949 -0.1020524502 -0.8058531284
-65.9 -631.9 2869.9 -0.8110989332 -0.0528914109 0.5825126767 -0.0138811525 0.9973632693 0.0712310076 -0.5847442150 0.0496894456 -0.8096944690
422.1 251.5 2440.3 0 0 0 0 0 0 0 0 0
28.7 -388.9 2979.6 0 0 0 0 0 0 0 0 0
-120.5 -956.7 2669.4 0 0 0 0 0 0 0 0 0
-46.2 -1002.6 2851.4 0 0 0 0 0 0 0 0 0
21.1 338.4 2851.2 45 -0.1404557079 0.0590404123 -0.9883250594 -0.1957109869 0.9768685102 0.0861694664 0.9705510736 0.2055290639 -0.1256518960
9.5 147.2 2811.0 -0.1404557079 0.0590404123 -0.9883250594 -0.1957109869 0.9768685102 0.0861694664 0.9705510736 0.2055290639 -0.1256518960
-2.9 -43.4 2776.5 -0.1387057453 0.0637128055 -0.9882820249 -0.1677856296 0.9819898605 0.0868559331 0.9760167599 0.1778669506 -0.1255175322
28.5 170.1 2677.7 -0.6560745239 -0.5314844251 -0.5358082652 0.3337051570 0.4324925542 -0.8376103044 0.6769099236 -0.7283368111 -0.1063882560
207.7 78.9 2492.8 -0.7643901110 -0.5314844251 0.3650096357 -0.6153868437 0.4324925542 -0.6589758992 0.1923714876 -0.7283368111 -0.6576615572
-9.4 124.3 2944.3 0.0127262408 0.5814983249 -0.8134480715 -0.9923943281 0.1069597304 0.0609349981 0.1224397868 0.8064857721 0.5784368515
-6.1 -131.4 2975.8 0.1188419610 0.5836217999 -0.8032821417 -0.9926060438 0.0899534449 -0.0814962238 0.0246950164 0.8070278764 0.5899967551
-3.4 -212.4 2655.0 -0.9090163708 0.2369114310 0.3428734541 0.1563517302 0.9564802051 -0.2463731915 -0.3863202929 -0.1703484058 -0.9064976573
-95.4 -583.6 2721.1 -0.9123684764 0.0653533489 0.4041197300 0.1168634295 0.9876756668 0.1041141748 -0.3923349977 0.1422173083 -0.9087615013
-26.0 -245.2 2829.7 -0.8011354804 0.1067994609 0.5888767242 0.0362620465 0.9908033013 -0.1303607970 -0.5973834395 -0.0830827877 -0.7976404428
-67.4 -629.4 2861.9 -0.7986602783 -0.0630260706 0.5984725952 -0.0379404388 0.9977955222 0.0544479601 -0.6005849242 0.0207791105 -0.7992909551
421.9 251.3 2438.9 0 0 0 0 0 0 0 0 0
24.9 -390.3 2982.3 0 0 0 0 0 0 0 0 0
-120.0 -955.9 2667.5 0 0 0 0 0 0 0 0 0
-43.9 -1000.9 2854.1 0 0 0 0 0 0 0 0 0
19.2 337.8 2855.6 46 -0.1923964173 0.0566824153 -0.9796788692 -0.1955792308 0.9760869741 0.0948838592 0.9616300464 0.2098601609 -0.1767097265
8.1 146.5 2814.5 -0.1923964173 0.0566824153 -0.9796788692 -0.1955792308 0.9760869741 0.0948838592 0.9616300464 0.2098601609 -0.1767097265
-3.3 -44.0 2778.8 -0.1908471137 0.0592279918 -0.9798313379 -0.1694172174 0.9812118411 0.0923097581 0.9668894410 0.1836173534 -0.1772271991
34.2 169.6 2682.6 -0.6360756755 -0.5284102559 -0.5623080134 0.3303999305 0.4720355272 -0.8173238635 0.6973116994 -0.7056663632 -0.1256636083
207.8 79.4 2492.2 -0.7696717978 -0.5284102559 0.3583125472 -0.6171447039 0.4720355272 -0.6295354366 0.1635167450 -0.7056663632 -0.6894180179
-17.9 123.4 2946.4 0.0013206577 0.5386831164 -0.8425074220 -0.9927721620 0.1018131152 0.0635411590 0.1200068593 0.8363339901 0.5349240899
-17.6 -132.4 2977.3 0.1122890115 0.5406861901 -0.8336963654 -0.9932779074 0.0848089382 -0.0787806883 0.0281092711 0.8369383812 0.5465747714
-2.8 -219.0 2654.5 -0.8883821964 0.2460688204 0.3875915110 0.1550338566 0.9554320574 -0.2512251437 -0.4321360290 -0.1630941331 -0.8869378567
-98.3 -589.9 2717.8 -0.8915842772 0.0567476265 0.4492851794 0.1132828593 0.9885228872 0.0999474153 -0.4384568930 0.1400078535 -0.8877800107
-27.7 -249.0 2829.4 -0.7707182169 0.0962222219 0.6298688054 0.0194342677 0.9916217327 -0.1277054846 -0.6368796825 -0.0861839131 -0.7661309242
-65.0 -633.8 2862.8 -0.7688887715 -0.0556489937 0.6369562149 -0.0310285836 0.9982790351 0.0497611836 -0.6386291981 0.0184969679 -0.7692922950
423.3 252.2 2446.4 0 0 0 0 0 0 0 0 0
11.7 -391.5 2984.6 0 0 0 0 0 0 0 0 0
-119.4 -956.5 2665.9 0 0 0 0 0 0 0 0 0
-44.3 -1006.0 2855.9 0 0 0 0 0 0 0 0 0
21.2 339.1 2858.8 47 -0.1971582770 0.0637872592 -0.9782943130 -0.1978587806 0.9747583270 0.1034317166 0.9601981640 0.2139565498 -0.1795607954
8.7 147.6 2816.8 -0.1971582770 0.0637872592 -0.9782943130 -0.1978587806 0.9747583270 0.1034317166 0.9601981640 0.2139565498 -0.1795607954
-4.2 -42.6 2780.6 -0.1953351200 0.0663218200 -0.9784914851 -0.1704645306 0.9802284241 0.1004691869 0.9658085108 0.1864232570 -0.1801675260
35.4 170.9 2684.9 -0.6245508194 -0.5306971669 -0.5729718804 0.3346962929 0.4809885323 -0.8103261590 0.7056306601 -0.6978614330 -0.1227794215
206.9 79.0 2491.1 -0.7668479681 -0.5306971669 0.3609774411 -0.6231651902 0.4809885323 -0.6166970134 0.1536533386 -0.6978614330 -0.6995570660
-18.0 124.4 2948.6 -0.0068650842 0.5367247462 -0.8437294364 -0.9930475354 0.0954952314 0.0688277632 0.1175137088 0.8383359313 0.5323376060
-19.8 -131.5 2978.9 0.1044724882 0.5385951996 -0.8360626101 -0.9941902161 0.0784604177 -0.0736872107 0.0259102453 0.8389035463 0.5436630249
