-427.7 506.8 2676.7 13 -0.7298496366 -0.0951690823 -0.6769507527 -0.1762990803 0.9829682708 0.0518850684 0.6604832411 0.1572141051 -0.7341972589
-408.8 311.3 2645.4 -0.7298496366 -0.0951690823 -0.6769507527 -0.1762990803 0.9829682708 0.0518850684 0.6604832411 0.1572141051 -0.7341972589
-391.6 115.3 2617.7 -0.7315290570 -0.0865684897 -0.6762921810 -0.1581003219 0.9864085913 0.0447485298 0.6632266045 0.1396568567 -0.7352730632
-306.0 333.5 2552.2 -0.9340679646 -0.3352647126 0.1229413748 -0.3151007891 0.6118492484 -0.7255011797 0.1680133641 -0.7164063454 -0.6771509647
-99.0 403.4 2515.0 -0.3368261158 -0.3352647126 0.8798555136 -0.7880009413 0.6118492484 -0.0685201585 -0.5153665543 -0.7164063454 -0.4702757001
-511.6 289.1 2738.7 -0.2173499465 0.8735193014 -0.4355720878 -0.9258510470 -0.0431744792 0.3754141629 0.3091259003 0.4848711193 0.8181327581
-570.3 39.3 2822.1 -0.0728664845 0.8760372996 -0.4767065942 -0.9919548631 -0.0140470760 0.1258101016 0.1035180092 0.4820387661 0.8700129986
-305.8 -75.2 2526.0 -0.3832510710 0.3366285861 -0.8601161838 0.1338419169 0.9416318536 0.3088944852 0.9138954878 0.0032645483 -0.4059364498
-439.5 -449.2 2524.7 -0.4197720289 0.1428385973 -0.8963194489 -0.0612618290 0.9808278084 0.1849966347 0.9055597186 0.1325665861 -0.4029735327
-441.4 -95.3 2650.8 -0.8194969296 0.0540060513 -0.5705331564 0.0991210267 0.9939028025 -0.0482927412 0.5644464493 -0.0961275846 -0.8198534846
-462.8 -490.4 2689.0 -0.8194969296 0.0540060513 -0.5705331564 0.0991210267 0.9939028025 -0.0482927412 0.5644464493 -0.0961275846 -0.8198534846
-12.1 606.7 2647.9 0 0 0 0 0 0 0 0 0
-589.2 -218.5 2849.0 0 0 0 0 0 0 0 0 0
-492.5 -812.8 2475.6 0 0 0 0 0 0 0 0 0
-483.5 -870.2 2725.7 0 0 0 0 0 0 0 0 0
-425.9 501.4 2675.2 14 -0.7028317451 -0.0888725072 -0.7057827115 -0.1636301130 0.9857577085 0.0388188474 0.6922808290 0.1427704245 -0.7073640227
-408.2 305.1 2646.8 -0.7028317451 -0.0888725072 -0.7057827115 -0.1636301130 0.9857577085 0.0388188474 0.6922808290 0.1427704245 -0.7073640227
-392.2 108.7 2621.5 -0.7042844892 -0.0800122544 -0.7053945065 -0.1466465443 0.9885947704 0.0342803746 0.6946064830 0.1275867969 -0.7079854608
-309.2 325.7 2549.2 -0.9260398746 -0.3397351205 0.1644085497 -0.3491485417 0.6056802869 -0.7150151730 0.1433367580 -0.7195355892 -0.6795021296
-99.0 405.0 2516.7 -0.3412690461 -0.3397351205 0.8764219880 -0.7922855616 0.6056802869 -0.0737221017 -0.5057855248 -0.7195355892 -0.4758671820
-507.2 284.6 2744.4 -0.2052791119 0.8923805356 -0.4018923938 -0.9206662774 -0.0367692150 0.3886150122 0.3320152164 0.4497833252 0.8291326165
-562.5 36.2 2834.0 -0.0692821220 0.8948030472 -0.4410527349 -0.9901272058 -0.0076750577 0.1399616003 0.1218529642 0.4463951588 0.8865005374
-307.3 -66.3 2529.2 -0.3545238078 0.3326089382 -0.8738902807 0.1244462505 0.9430646300 0.3084512651 0.9267286658 0.0006009564 -0.3757308125
-439.4 -441.1 2528.9 -0.3908330500 0.1435884535 -0.9091929793 -0.0716451034 0.9800154567 0.1855713576 0.9176690578 0.1376666427 -0.3727350235
-440.8 -101.3 2659.8 -0.7959576845 0.0507414863 -0.6032218933 0.1089650244 0.9922138453 -0.0603180118 0.5954645276 -0.1137406752 -0.7952893376
-460.9 -495.7 2705.0 -0.7959576845 0.0507414863 -0.6032218933 0.1089650244 0.9922138453 -0.0603180118 0.5954645276 -0.1137406752 -0.7952893376
-10.6 610.2 2647.6 0 0 0 0 0 0 0 0 0
-580.5 -221.2 2865.7 0 0 0 0 0 0 0 0 0
-493.5 -809.8 2477.1 0 0 0 0 0 0 0 0 0
-480.3 -874.9 2748.5 0 0 0 0 0 0 0 0 0
-425.7 501.3 2674.5 15 -0.6740490198 -0.0794643909 -0.7343999743 -0.1492616683 0.9883409142 0.0300541501 0.7234492898 0.1298757344 -0.6780511737
-409.8 304.4 2648.6 -0.6740490198 -0.0794643909 -0.7343999743 -0.1492616683 0.9883409142 0.0300541501 0.7234492898 0.1298757344 -0.6780511737
-395.8 107.5 2625.7 -0.6753125787 -0.0700198859 -0.7342003584 -0.1325323880 0.9907996058 0.0274109356 0.7255260944 0.1158162802 -0.6783792973
-315.0 323.0 2546.7 -0.9278863072 -0.3326200843 0.1684957892 -0.3470631838 0.6052898765 -0.7163597345 0.1362868398 -0.7231791019 -0.6770803928
-99.8 403.5 2515.1 -0.3413302600 -0.3326200843 0.8791231513 -0.7921212912 0.6052898765 -0.0785366520 -0.5060014725 -0.7231791019 -0.4700792134
-504.7 285.8 2750.6 -0.1953623593 0.9102422595 -0.3650925159 -0.9145337343 -0.0346328802 0.4030243158 0.3542055786 0.4126251936 0.8392132521
-557.4 39.1 2846.1 -0.0686165839 0.9126532078 -0.4029341340 -0.9878158569 -0.0056031640 0.1555261910 0.1396837682 0.4086964130 0.9019177556
-311.7 -74.4 2532.5 -0.3287947774 0.3270894289 -0.8859494925 0.1006774977 0.9449008703 0.3114905059 0.9390197396 0.0132212695 -0.3436090052
-441.7 -450.0 2527.3 -0.3604083955 0.1436175406 -0.9216722846 -0.0764186159 0.9802089334 0.1826214194 0.9296590686 0.1362512112 -0.3423004746
-443.7 -101.6 2669.2 -0.7698637843 0.0504449755 -0.6362115145 0.1220043525 0.9901192784 -0.0691282451 0.6264381409 -0.1308398992 -0.7684114575
-463.8 -495.2 2721.2 -0.7698637843 0.0504449755 -0.6362115145 0.1220043525 0.9901192784 -0.0691282451 0.6264381409 -0.1308398992 -0.7684114575
-11.2 609.1 2646.4 0 0 0 0 0 0 0 0 0
-575.3 -217.6 2882.4 0 0 0 0 0 0 0 0 0
-494.1 -807.8 2477.5 0 0 0 0 0 0 0 0 0
-483.0 -873.6 2771.2 0 0 0 0 0 0 0 0 0
-424.7 501.5 2666.1 16 -0.6722573042 -0.0825110227 -0.7357051373 -0.1362436861 0.9905847311 0.0133975577 0.7276728749 0.1092417911 -0.6771694422
-408.3 303.8 2644.3 -0.6722573042 -0.0825110227 -0.7357051373 -0.1362436861 0.9905847311 0.0133975577 0.7276728749 0.1092417911 -0.6771694422
-393.9 106.5 2625.0 -0.6734963059 -0.0719574392 -0.7356798649 -0.1203358993 0.9926471710 0.0130728558 0.7293298244 0.0973332152 -0.6772032380
-313.6 320.7 2541.8 -0.9323058128 -0.3214648366 0.1657293886 -0.3366554379 0.6038897038 -0.7224820852 0.1321703196 -0.7293679118 -0.6712327600
-102.4 397.0 2511.9 -0.3440540433 -0.3214648366 0.8822058439 -0.7920988202 0.6038897038 -0.0888630673 -0.5041886568 -0.7293679118 -0.4624026120
-503.0 286.9 2746.9 -0.1929835677 0.9111235142 -0.3641583025 -0.9080001712 -0.0251704138 0.4182130694 0.3718777299 0.4113640487 0.8321577907
-555.0 41.9 2847.2 -0.0664584115 0.9134724736 -0.4014366269 -0.9851369262 0.0037961134 0.1717289388 0.1583935469 0.4068828821 0.8996431828
-320.0 -77.3 2536.3 -0.3341446221 0.3169710934 -0.8876242042 0.0966499746 0.9483132362 0.3022594750 0.9375532866 0.0152095221 -0.3475090265
-446.0 -454.3 2530.2 -0.3654109538 0.1333076656 -0.9212512970 -0.0876928717 0.9803605676 0.1766439974 0.9267064333 0.1453348249 -0.3465443552
-441.3 -101.8 2672.6 -0.7688032389 0.0482865609 -0.6376597881 0.1323324740 0.9875743389 -0.0847647414 0.6256434321 -0.1495505124 -0.7656401992
-460.5 -494.4 2732.0 -0.7688032389 0.0482865609 -0.6376597881 0.1323324740 0.9875743389 -0.0847647414 0.6256434321 -0.1495505124 -0.7656401992
-13.1 602.7 2642.8 0 0 0 0 0 0 0 0 0
-572.3 -214.1 2888.4 0 0 0 0 0 0 0 0 0
-494.1 -808.0 2477.8 0 0 0 0 0 0 0 0 0
-479.0 -871.8 2789.2 0 0 0 0 0 0 0 0 0
-425.5 504.5 2661.5 17 -0.6947384477 -0.0827165246 -0.7144903541 -0.1248194575 0.9921581149 0.0065067406 0.7083491683 0.0937027782 -0.6996150613
-409.0 306.5 2642.8 -0.6947384477 -0.0827165246 -0.7144903541 -0.1248194575 0.9921581149 0.0065067406 0.7083491683 0.0937027782 -0.6996150613
-394.6 108.9 2626.8 -0.6960427761 -0.0724336654 -0.7143373489 -0.1081213802 0.9941272736 0.0045480174 0.7098128200 0.0804007500 -0.6997867227
-311.1 321.7 2543.0 -0.9332490563 -0.3245686293 0.1539527029 -0.3299556673 0.6050325036 -0.7246136665 0.1420404762 -0.7270425558 -0.6717392206
-100.9 396.0 2511.0 -0.3352285028 -0.3245686293 0.8844642639 -0.7923427224 0.6050325036 -0.0782861412 -0.5097203851 -0.7270425558 -0.4599937201
-506.9 291.3 2742.6 -0.2069878280 0.8978218436 -0.3886798024 -0.9019821286 -0.0212527532 0.4312499464 0.3789251149 0.4398457408 0.8142183423
-562.7 47.9 2844.8 -0.0741655752 0.9003874660 -0.4287211895 -0.9825341105 0.0075975796 0.1859273165 0.1706638634 0.4350226223 0.8840979338
-317.8 -79.8 2538.9 -0.3679796457 0.3173805177 -0.8739911914 0.0956464112 0.9478774071 0.3039411306 0.9249014854 0.0282500293 -0.3791559041
-444.0 -456.6 2527.6 -0.3976228237 0.1400805116 -0.9067929983 -0.0722763240 0.9804249406 0.1831478029 0.9146978855 0.1383634061 -0.3797148168
-444.1 -98.6 2675.9 -0.7874466181 0.0557392500 -0.6138574481 0.1433929652 0.9851447344 -0.0944894850 0.5994716287 -0.1624282598 -0.7837415338
-466.2 -490.2 2740.5 -0.7874466181 0.0557392500 -0.6138574481 0.1433929652 0.9851447344 -0.0944894850 0.5994716287 -0.1624282598 -0.7837415338
-13.8 601.9 2643.4 0 0 0 0 0 0 0 0 0
-582.0 -207.5 2889.2 0 0 0 0 0 0 0 0 0
-494.1 -807.5 2478.1 0 0 0 0 0 0 0 0 0
-487.5 -866.7 2802.5 0 0 0 0 0 0 0 0 0
-426.6 510.7 2660.1 18 -0.7119090557 -0.0790355802 -0.6978100538 -0.1226183921 0.9923726916 0.0126974322 0.6914840341 0.0946037620 -0.7161703110
-410.9 312.6 2641.2 -0.7119090557 -0.0790355802 -0.6978100538 -0.1226183921 0.9923726916 0.0126974322 0.6914840341 0.0946037620 -0.7161703110
-397.1 114.9 2625.6 -0.7132529616 -0.0692251548 -0.6974798441 -0.1046089530 0.9944790006 0.0082721794 0.6930564046 0.0788627937 -0.7165566683
-310.5 327.3 2543.8 -0.9423410892 -0.3047716320 0.1382301003 -0.3023546934 0.5983233452 -0.7420180440 0.1434397548 -0.7410286069 -0.6559737921
-99.7 394.9 2511.7 -0.3287586272 -0.3047716320 0.8938859105 -0.7963107228 0.5983233452 -0.0888726637 -0.5077469349 -0.7410286069 -0.4393968880
-511.2 297.8 2738.7 -0.2205342501 0.8870039582 -0.4056952000 -0.9009404182 -0.0258769896 0.4331705570 0.3737258315 0.4610361457 0.8048444986
-570.7 54.7 2839.5 -0.0831988752 0.8898298144 -0.4486432970 -0.9821642041 0.0029565387 0.1880018562 0.1686161011 0.4562829435 0.8737130761
-316.4 -78.7 2545.8 -0.3898490965 0.3192759752 -0.8637595177 0.0959841758 0.9469523430 0.3067054749 0.9158628583 0.0366616063 -0.3998139501
-443.4 -455.2 2531.2 -0.4206610024 0.1401138008 -0.8963328004 -0.0756116360 0.9791494012 0.1885451674 0.9040614963 0.1470867991 -0.4012957513
-448.8 -92.4 2673.4 -0.8007225990 0.0645944402 -0.5955425501 0.1473282874 0.9848680496 -0.0912648216 0.5806356072 -0.1608180702 -0.7981227040
-474.4 -483.9 2737.4 -0.8007225990 0.0645944402 -0.5955425501 0.1473282874 0.9848680496 -0.0912648216 0.5806356072 -0.1608180702 -0.7981227040
-14.3 601.9 2643.6 0 0 0 0 0 0 0 0 0
-592.3 -200.6 2883.4 0 0 0 0 0 0 0 0 0
-493.8 -807.7 2478.3 0 0 0 0 0 0 0 0 0
-499.1 -860.4 2798.8 0 0 0 0 0 0 0 0 0
-426.1 511.9 2659.0 19 -0.7147442102 -0.0743181556 -0.6954261661 -0.1131631136 0.9935247898 0.0101315528 0.6901701689 0.0859380588 -0.7185261250
-411.3 313.8 2641.8 -0.7147442102 -0.0743181556 -0.6954261661 -0.1131631136 0.9935247898 0.0101315528 0.6901701689 0.0859380588 -0.7185261250
-398.5 116.0 2627.7 -0.7159512639 -0.0645654127 -0.6951583028 -0.0958769321 0.9953733087 0.0062957262 0.6915355325 0.0711570755 -0.7188290954
-310.6 327.3 2544.5 -0.9432473183 -0.3067645431 0.1272007525 -0.2944971025 0.5956542492 -0.7473068237 0.1534795463 -0.7423554063 -0.6521905661
-98.8 393.4 2510.1 -0.3214864135 -0.3067645431 0.8958470821 -0.7989670634 0.5956542492 -0.0827501342 -0.5082303286 -0.7423554063 -0.4365895092
-512.1 300.3 2739.1 -0.2261995673 0.8854056597 -0.4060671926 -0.8969427943 -0.0267396774 0.4413373172 0.3799044490 0.4640493393 0.8002067208
-573.1 58.3 2841.6 -0.0885919705 0.8883897066 -0.4504610598 -0.9804300666 0.0020466829 0.1968571544 0.1758078337 0.4590855241 0.8708226681
-318.0 -73.2 2546.3 -0.3986178041 0.3095694184 -0.8632905483 0.0857991353 0.9497684240 0.3009626269 0.9130949378 0.0458994806 -0.4051553905
-441.0 -450.8 2528.1 -0.4254655242 0.1439031661 -0.8934600949 -0.0640522391 0.9800119400 0.1883451194 0.9027050734 0.1373624653 -0.4077439904
-451.3 -90.7 2676.9 -0.8018164635 0.0699711591 -0.5934596658 0.1556818634 0.9832855463 -0.0944068506 0.5769345760 -0.1680878699 -0.7993078232
-479.2 -481.6 2743.8 -0.8018164635 0.0699711591 -0.5934596658 0.1556818634 0.9832855463 -0.0944068506 0.5769345760 -0.1680878699 -0.7993078232
-15.3 601.1 2642.2 0 0 0 0 0 0 0 0 0
-596.1 -196.6 2887.3 0 0 0 0 0 0 0 0 0
-493.5 -808.2 2478.0 0 0 0 0 0 0 0 0 0
-505.9 -857.5 2808.0 0 0 0 0 0 0 0 0 0
-428.5 511.1 2657.9 20 -0.7200722098 -0.0855319127 -0.6886075139 -0.1273310483 0.9918103218 0.0099564940 0.6821164489 0.0948505104 -0.7250658870
-411.4 313.5 2639.0 -0.7200722098 -0.0855319127 -0.6886075139 -0.1273310483 0.9918103218 0.0099564940 0.6821164489 0.0948505104 -0.7250658870
-396.6 115.9 2623.0 -0.7215018272 -0.0746949315 -0.6883718371 -0.1096131206 0.9939494133 0.0070355595 0.6836812496 0.0805307552 -0.7253238559
-309.9 328.9 2542.8 -0.9474400878 -0.2968647778 0.1192835122 -0.2808691859 0.5932523012 -0.7544296980 0.1531983912 -0.7482800484 -0.6454511881
-100.2 391.1 2508.9 -0.3235154450 -0.2968647778 0.8984481096 -0.7997476459 0.5932523012 -0.0919530168 -0.5057088137 -0.7482800484 -0.4293431938
-513.0 298.1 2735.2 -0.2211867571 0.8812204599 -0.4177641273 -0.9028087854 -0.0230258703 0.4294252694 0.3687989712 0.4721443355 0.8006666303
-572.7 54.4 2834.7 -0.0808622912 0.8839763403 -0.4604856968 -0.9829422832 0.0058420533 0.1838215590 0.1651840955 0.4674950838 0.8684253097
-320.0 -73.1 2550.1 -0.4060407877 0.3011229336 -0.8628185391 0.0790411830 0.9521865845 0.2951156497 0.9104303122 0.0516307950 -0.4104276896
-439.7 -451.7 2529.6 -0.4320366383 0.1477461308 -0.8896715045 -0.0636233985 0.9790384173 0.1934835017 0.8996090293 0.1401958913 -0.4135803580
-447.9 -91.7 2669.7 -0.8086696267 0.0621408485 -0.5849717855 0.1422736496 0.9855437875 -0.0919870809 0.5707991719 -0.1576132178 -0.8058203459
-472.6 -483.5 2732.3 -0.8086696267 0.0621408485 -0.5849717855 0.1422736496 0.9855437875 -0.0919870809 0.5707991719 -0.1576132178 -0.8058203459
-16.1 599.0 2640.3 0 0 0 0 0 0 0 0 0
-593.7 -201.1 2877.6 0 0 0 0 0 0 0 0 0
-493.6 -808.8 2478.4 0 0 0 0 0 0 0 0 0
-496.4 -860.3 2792.6 0 0 0 0 0 0 0 0 0
-425.9 511.8 2659.3 21 -0.7127639651 -0.0865657479 -0.6960415840 -0.1290180087 0.9916032553 0.0087933214 0.6894358993 0.0960694700 -0.7179476023
-408.7 314.4 2640.2 -0.7127639651 -0.0865657479 -0.6960415840 -0.1290180087 0.9916032553 0.0087933214 0.6894358993 0.0960694700 -0.7179476023
-393.0 116.9 2623.8 -0.7139961720 -0.0791428909 -0.6956622005 -0.1142576039 0.9934420586 0.0042486228 0.6907638311 0.0825181976 -0.7183564901
-308.2 330.5 2543.0 -0.9503793716 -0.2873806059 0.1191277504 -0.2738139033 0.5909668803 -0.7588043809 0.1476651132 -0.7537708879 -0.6403315067
-98.4 390.9 2510.4 -0.3223160803 -0.2873806059 0.9019560814 -0.8007390499 0.5909668803 -0.0978525057 -0.5049052238 -0.7537708879 -0.4205950201
-509.2 298.3 2737.4 -0.2127140909 0.8860287070 -0.4119536579 -0.9044060111 -0.0189426895 0.4262521863 0.3698681593 0.4632432163 0.8053590655
-566.6 54.2 2837.2 -0.0740176216 0.8885850906 -0.4527006745 -0.9835567474 0.0099404203 0.1803254336 0.1647345275 0.4586040676 0.8732381463
-315.6 -71.6 2544.3 -0.3927209675 0.3173187375 -0.8631796241 0.0898936689 0.9473384619 0.3073579669 0.9152536988 0.0431115367 -0.4005646408
-441.7 -448.2 2527.1 -0.4189972878 0.1416312754 -0.8968733549 -0.0593867004 0.9813700318 0.1827187240 0.9060432911 0.1298210025 -0.4027803540
-442.7 -91.1 2670.8 -0.8036274910 0.0553593226 -0.5925522447 0.1373023093 0.9860503674 -0.0940893218 0.5790776014 -0.1569715589 -0.8000181317
-464.8 -483.1 2733.2 -0.8036274910 0.0553593226 -0.5925522447 0.1373023093 0.9860503674 -0.0940893218 0.5790776014 -0.1569715589 -0.8000181317
-14.6 599.1 2641.7 0 0 0 0 0 0 0 0 0
-585.8 -201.5 2880.1 0 0 0 0 0 0 0 0 0
-493.7 -808.3 2479.5 0 0 0 0 0 0 0 0 0
-485.9 -860.1 2793.2 0 0 0 0 0 0 0 0 0
-426.0 505.4 2666.6 22 -0.7189658880 -0.0829866678 -0.6900733709 -0.1365515143 0.9903619885 0.0231700633 0.6814996004 0.1108890548 -0.7233684063
-409.5 308.0 2644.4 -0.7189658880 -0.0829866678 -0.6900733709 -0.1365515143 0.9903619885 0.0231700633 0.6814996004 0.1108890548 -0.7233684063
-394.6 110.6 2626.0 -0.7204284072 -0.0747793540 -0.6894859672 -0.1181664169 0.9928683043 0.0157862436 0.6833882928 0.0928469449 -0.7241269946
-308.1 324.6 2548.3 -0.9415773749 -0.3170718551 0.1135672480 -0.2914178073 0.5979538560 -0.7466772199 0.1688423455 -0.7361498475 -0.6554201841
-96.4 390.1 2510.3 -0.3163496256 -0.3170718551 0.8940852284 -0.7984284759 0.5979538560 -0.0704498887 -0.5122840405 -0.7361498475 -0.4423216581
-510.9 291.4 2740.6 -0.2204628736 0.8819432855 -0.4166199565 -0.9073115587 -0.0286457278 0.4194820523 0.3580249846 0.4704843163 0.8065125942
-570.4 46.5 2837.2 -0.0804032907 0.8846870661 -0.4591994584 -0.9849202633 0.0002879161 0.1730087996 0.1531908512 0.4661853015 0.8713230491
-311.8 -70.1 2544.0 -0.3939400315 0.3217295706 -0.8609885573 0.0997574702 0.9461691976 0.3079159856 0.9137066007 0.0354103893 -0.4048288465
-439.7 -446.3 2529.9 -0.4241015017 0.1443840712 -0.8940308690 -0.0652101263 0.9797775149 0.1891656965 0.9032638073 0.1385253221 -0.4061098099
-445.8 -97.6 2670.2 -0.8078235388 0.0616902597 -0.5861872435 0.1350460649 0.9874246120 -0.0821902975 0.5737453699 -0.1455575377 -0.8059958220
-470.4 -490.1 2728.1 -0.8078235388 0.0616902597 -0.5861872435 0.1350460649 0.9874246120 -0.0821902975 0.5737453699 -0.1455575377 -0.8059958220
-14.2 597.7 2643.5 0 0 0 0 0 0 0 0 0
-591.3 -209.5 2877.1 0 0 0 0 0 0 0 0 0
-493.2 -809.7 2478.6 0 0 0 0 0 0 0 0 0
-493.9 -867.6 2783.7 0 0 0 0 0 0 0 0 0
-426.9 510.3 2670.7 23 -0.7195051312 -0.0785033256 -0.6900359392 -0.1361698061 0.9902513027 0.0293272473 0.6810066700 0.1150631607 -0.7231807113
-411.2 312.8 2647.7 -0.7195051312 -0.0785033256 -0.6900359392 -0.1361698061 0.9902513027 0.0293272473 0.6810066700 0.1150631607 -0.7231807113
-397.2 115.5 2627.9 -0.7207412720 -0.0704021156 -0.6896198988 -0.1197103038 0.9925238490 0.0237875637 0.6827895045 0.0996992886 -0.7237807512
-309.8 329.6 2551.6 -0.9466972947 -0.3142831624 0.0706418678 -0.2569558024 0.6045367122 -0.7539954185 0.1942624599 -0.7319572568 -0.6530702114
-98.2 387.0 2508.2 -0.3197320998 -0.3142831624 0.8938665986 -0.7933856845 0.6045367122 -0.0712356344 -0.5179870129 -0.7319572568 -0.4426375628
-512.6 295.9 2743.8 -0.2243615687 0.8819419742 -0.4145361781 -0.9087632298 -0.0357583910 0.4157772660 0.3518682718 0.4699996710 0.8094992638
-573.2 50.6 2838.8 -0.0847034305 0.8848119974 -0.4581845701 -0.9855836630 -0.0068097841 0.1690518260 0.1464589387 0.4658984840 0.8726330400
-313.6 -75.9 2544.8 -0.3923358321 0.3196014464 -0.8625123501 0.0978254005 0.9468747377 0.3063633144 0.9146052599 0.0358216912 -0.4027580023
-440.7 -452.4 2530.6 -0.4228383601 0.1442794055 -0.8946458101 -0.0688330010 0.9792786837 0.1904608160 0.9035871625 0.1421152949 -0.4041454196
-449.3 -92.8 2670.7 -0.8070554733 0.0660033152 -0.5867750645 0.1346678436 0.9881181717 -0.0740749687 0.5749139190 -0.1388023496 -0.8063547015
-475.6 -485.7 2725.9 -0.8070554733 0.0660033152 -0.5867750645 0.1346678436 0.9881181717 -0.0740749687 0.5749139190 -0.1388023496 -0.8063547015
-15.1 593.3 2642.9 0 0 0 0 0 0 0 0 0
-595.2 -205.6 2876.9 0 0 0 0 0 0 0 0 0
-493.4 -810.3 2478.6 0 0 0 0 0 0 0 0 0
-500.8 -863.4 2779.0 0 0 0 0 0 0 0 0 0
-430.1 510.9 2673.7 24 -0.7218936086 -0.0875703990 -0.6864408851 -0.1430621594 0.9894170761 0.0242293477 0.6770545244 0.1156947315 -0.7267818451
-412.6 313.4 2650.6 -0.7218936086 -0.0875703990 -0.6864408851 -0.1430621594 0.9894170761 0.0242293477 0.6770545244 0.1156947315 -0.7267818451
-397.3 116.3 2630.2 -0.7232484818 -0.0770839825 -0.6862722635 -0.1267599314 0.9916849732 0.0222009681 0.6788545847 0.1030486450 -0.7270058393
-310.9 331.3 2555.1 -0.9487365484 -0.3140878081 0.0353237949 -0.2274758220 0.6009405255 -0.7662410140 0.2194394618 -0.7349961400 -0.6415815949
-100.9 381.6 2506.5 -0.3239137530 -0.3140878081 0.8924285769 -0.7955517769 0.6009405255 -0.0772521943 -0.5120325089 -0.7349961400 -0.4445260167
-514.4 295.6 2746.2 -0.2203520387 0.8798855543 -0.4210064113 -0.9114522934 -0.0320050828 0.4101589620 0.3474186063 0.4741066396 0.8090260625
-573.9 49.6 2840.0 -0.0792404860 0.8825935721 -0.4634107649 -0.9866315126 -0.0030291404 0.1629389375 0.1424051225 0.4701270163 0.8710346222
-317.1 -70.9 2545.4 -0.3958548009 0.3112759888 -0.8639480472 0.0964195654 0.9496873617 0.2979886532 0.9132372141 0.0346587449 -0.4059513807
-440.8 -448.4 2531.6 -0.4258999228 0.1444684565 -0.8931618929 -0.0677914917 0.9792994857 0.1907272041 0.9022269845 0.1417794824 -0.4072898328
-448.3 -92.5 2672.0 -0.8106317520 0.0604888350 -0.5824235678 0.1274903715 0.9890207648 -0.0747274533 0.5715088248 -0.1348298341 -0.8094434142
-472.4 -485.7 2725.6 -0.8106317520 0.0604888350 -0.5824235678 0.1274903715 0.9890207648 -0.0747274533 0.5715088248 -0.1348298341 -0.8094434142
-16.7 588.4 2639.7 0 0 0 0 0 0 0 0 0
-594.5 -206.9 2877.0 0 0 0 0 0 0 0 0 0
-494.0 -809.1 2479.4 0 0 0 0 0 0 0 0 0
-495.5 -863.8 2777.1 0 0 0 0 0 0 0 0 0
-431.6 512.5 2666.3 25 -0.7125843167 -0.0981069505 -0.6946932077 -0.1285713017 0.9916666746 -0.0081640296 0.6897050142 0.0835000500 -0.7192598581
-412.0 314.1 2649.5 -0.7125843167 -0.0981069505 -0.6946932077 -0.1285713017 0.9916666746 -0.0081640296 0.6897050142 0.0835000500 -0.7192598581
-395.9 116.7 2633.9 -0.7140272856 -0.0806578770 -0.6954562068 -0.1125459149 0.9936465025 0.0003097823 0.6910126209 0.0784919485 -0.7185684443
-311.5 330.0 2552.3 -0.9528176188 -0.3003724813 0.0437608585 -0.2260697186 0.6060099602 -0.7626561522 0.2025613934 -0.7365651727 -0.6453220844
-104.2 379.2 2508.3 -0.3340848088 -0.3003724813 0.8934000731 -0.7901507020 0.6060099602 -0.0917266682 -0.5138571858 -0.7365651727 -0.4397982359
-512.5 298.3 2746.8 -0.2114372700 0.8859288692 -0.4128248096 -0.9032171965 -0.0157063715 0.4288963079 0.3734876513 0.4635551274 0.8035070896
-569.5 54.6 2847.5 -0.0724737644 0.8884462118 -0.4532227516 -0.9830025434 0.0132253151 0.1831149757 0.1686818302 0.4587901533 0.8723863959
-315.6 -69.2 2547.4 -0.3949268758 0.3109750450 -0.8644809127 0.0869929865 0.9494000673 0.3017809391 0.9145845771 0.0439776182 -0.4019962251
-439.3 -446.7 2529.9 -0.4222093523 0.1472888440 -0.8944525123 -0.0625841022 0.9796211123 0.1908551455 0.9043353796 0.1365593374 -0.4043872654
-445.4 -91.1 2681.7 -0.8072328568 0.0463004895 -0.5884143114 0.0745436326 0.9969332218 -0.0238192249 0.5855069160 -0.0630901977 -0.8082087040
-463.7 -486.4 2706.7 -0.8072328568 0.0463004895 -0.5884143114 0.0745436326 0.9969332218 -0.0238192249 0.5855069160 -0.0630901977 -0.8082087040
-17.3 584.6 2641.8 0 0 0 0 0 0 0 0 0
-588.4 -200.8 2891.4 0 0 0 0 0 0 0 0 0
-493.8 -809.1 2479.4 0 0 0 0 0 0 0 0 0
-481.4 -866.5 2730.8 0 0 0 0 0 0 0 0 0
-432.8 513.9 2671.5 26 -0.7024697065 -0.0990001336 -0.7047945261 -0.1428178996 0.9897434115 0.0033208553 0.6972369552 0.1029900759 -0.7094037533
-412.9 315.5 2650.9 -0.7024697065 -0.0990001336 -0.7047945261 -0.1428178996 0.9897434115 0.0033208553 0.6972369552 0.1029900759 -0.7094037533
-395.5 118.4 2632.7 -0.7039886117 -0.0878911763 -0.7047518492 -0.1267119497 0.9919354320 0.0028682477 0.6988161802 0.0913196951 -0.7094480991
-313.9 333.3 2552.6 -0.9583027363 -0.2819440663 0.0465126373 -0.2168553621 0.6115433574 -0.7609129548 0.1860904098 -0.7392714620 -0.6471847296
-103.7 380.9 2511.7 -0.3354590833 -0.2819440663 0.8988741636 -0.7847325206 0.6115433574 -0.1010426655 -0.5212121010 -0.7392714620 -0.4263984561
-512.0 297.7 2749.2 -0.1991069019 0.8919816017 -0.4058636427 -0.9093147516 -0.0137440935 0.4158819616 0.3653807938 0.4518627822 0.8138285279
-565.7 52.3 2847.8 -0.0622204281 0.8941959143 -0.4433308840 -0.9854968190 0.0152195944 0.1690099537 0.1578753293 0.4474170506 0.8802802563
-314.3 -70.5 2555.0 -0.3871802688 0.3058075309 -0.8698121309 0.0619265214 0.9498879910 0.3063950837 0.9199220538 0.0647656918 -0.3867154717
-435.9 -448.1 2529.2 -0.4101273417 0.1562189013 -0.8985494971 -0.0617945381 0.9781972766 0.1982712448 0.9099324346 0.1368419081 -0.3915319741
-442.6 -90.4 2678.6 -0.8012644053 0.0335849226 -0.5973671079 0.0284032952 0.9994328022 0.0180915985 0.5976358652 -0.0024710398 -0.8017638326
-455.9 -486.5 2679.6 -0.8012644053 0.0335849226 -0.5973671079 0.0284032952 0.9994328022 0.0180915985 0.5976358652 -0.0024710398 -0.8017638326
-16.5 584.9 2647.2 0 0 0 0 0 0 0 0 0
-581.9 -203.8 2888.8 0 0 0 0 0 0 0 0 0
-493.6 -809.0 2478.7 0 0 0 0 0 0 0 0 0
-468.7 -867.3 2680.6 0 0 0 0 0 0 0 0 0
-430.0 515.5 2673.6 27 -0.6989525557 -0.0888974294 -0.7096214294 -0.1430302709 0.9895738363 0.0169115700 0.7007193565 0.1133177355 -0.7043802142
-412.2 317.1 2650.9 -0.6989525557 -0.0888974294 -0.7096214294 -0.1430302709 0.9895738363 0.0169115700 0.7007193565 0.1133177355 -0.7043802142
-396.0 119.9 2631.5 -0.7003580332 -0.0812130496 -0.7091565728 -0.1266593039 0.9918796420 0.0114971604 0.7024642229 0.0978733972 -0.7049573064
-313.6 334.9 2552.1 -0.9596202374 -0.2790566385 0.0354448855 -0.2070034742 0.6152232885 -0.7606903911 0.1904691756 -0.7373111248 -0.6481464505
-104.6 380.0 2510.6 -0.3385569155 -0.2790566385 0.8986136913 -0.7815428376 0.6152232885 -0.1033976898 -0.5239942670 -0.7373111248 -0.4263828099
-510.7 299.3 2749.8 -0.2024117410 0.8946992159 -0.3981744051 -0.9102666378 -0.0219370425 0.4134409428 0.3611705005 0.4461301565 0.8188551664
-565.4 53.6 2847.3 -0.0673137009 0.8970636725 -0.4367443025 -0.9860307574 0.0070311739 0.1664149612 0.1523556411 0.4418453276 0.8840590715
-313.4 -67.2 2550.5 -0.3770560026 0.3083679378 -0.8733487129 0.0707955658 0.9497842789 0.3047913611 0.9234808087 0.0530942008 -0.3799529672
-436.0 -444.7 2529.3 -0.4026860893 0.1508705020 -0.9028189182 -0.0694434941 0.9784448147 0.1944823861 0.9127001166 0.1410102546 -0.3835291266
-444.1 -88.8 2676.5 -0.7979498506 0.0375061482 -0.6015557647 0.0131161008 0.9989061952 0.0448821783 0.6025811434 0.0279236622 -0.7975689769
-459.0 -485.2 2665.4 -0.7979498506 0.0375061482 -0.6015557647 0.0131161008 0.9989061952 0.0448821783 0.6025811434 0.0279236622 -0.7975689769
-16.6 583.2 2646.8 0 0 0 0 0 0 0 0 0
-582.9 -202.7 2886.9 0 0 0 0 0 0 0 0 0
-492.3 -809.9 2476.7 0 0 0 0 0 0 0 0 0
-473.3 -866.3 2654.7 0 0 0 0 0 0 0 0 0
-427.5 513.0 2674.2 28 -0.6894021630 -0.0814574808 -0.7197842598 -0.1391119361 0.9900497794 0.0211967751 0.7108955979 0.1147436798 -0.6938741803
-411.2 315.2 2651.3 -0.6894021630 -0.0814574808 -0.7197842598 -0.1391119361 0.9900497794 0.0211967751 0.7108955979 0.1147436798 -0.6938741803
-396.4 117.9 2631.4 -0.6906399727 -0.0741288066 -0.7193895578 -0.1233410239 0.9922326207 0.0161681920 0.7126032710 0.0998966470 -0.6944186687
-314.0 332.5 2551.0 -0.9592375755 -0.2791772485 0.0438556187 -0.2143389285 0.6175816655 -0.7567375302 0.1841794848 -0.7352910638 -0.6522461176
-104.8 379.3 2510.8 -0.3378461301 -0.2791772485 0.8988437057 -0.7799507380 0.6175816655 -0.1013397202 -0.5268176794 -0.7352910638 -0.4263920784
-508.4 297.8 2751.6 -0.2022012025 0.9010432959 -0.3837129474 -0.9094420671 -0.0273872726 0.4149277806 0.3633590341 0.4328635931 0.8249844313
-562.9 52.3 2849.6 -0.0706480220 0.9035077691 -0.4227085710 -0.9857696891 0.0015630921 0.1680943966 0.1525353342 0.4285688400 0.8905401230
-315.6 -65.6 2547.6 -0.3613743186 0.3086982667 -0.8798374534 0.0770277977 0.9502637982 0.3017704189 0.9292337298 0.0412801467 -0.3671793044
-438.4 -443.4 2531.2 -0.3889875710 0.1424905211 -0.9101566672 -0.0796985254 0.9790567756 0.1873392314 0.9177891016 0.1454107761 -0.3694846332
-445.1 -90.7 2677.0 -0.7892529368 0.0426543355 -0.6125850081 0.0088496348 0.9982711077 0.0581078343 0.6140044928 0.0404406264 -0.7882658839
-462.0 -487.1 2660.9 -0.7892529368 0.0426543355 -0.6125850081 0.0088496348 0.9982711077 0.0581078343 0.6140044928 0.0404406264 -0.7882658839
-17.0 582.0 2647.8 0 0 0 0 0 0 0 0 0
-581.3 -203.9 2889.3 0 0 0 0 0 0 0 0 0
-491.9 -811.2 2476.5 0 0 0 0 0 0 0 0 0
-478.3 -868.4 2645.5 0 0 0 0 0 0 0 0 0
-421.2 510.9 2666.0 29 -0.7159475088 -0.0591158420 -0.6956468225 -0.1055863872 0.9941158891 0.0241880119 0.6901236773 0.0907681808 -0.7179766297
-409.4 312.3 2647.9 -0.7159475088 -0.0591158420 -0.6956468225 -0.1055863872 0.9941158891 0.0241880119 0.6901236773 0.0907681808 -0.7179766297
-398.2 114.6 2631.4 -0.7163974643 -0.0563829094 -0.6954104304 -0.0978371575 0.9949991107 0.0201166794 0.6907985210 0.0824485198 -0.7183311582
-308.6 326.1 2550.7 -0.9514150023 -0.3020699620 0.0596927665 -0.2442932725 0.6225129962 -0.7435041070 0.1874307245 -0.7219635248 -0.6660618782
-105.1 378.3 2510.6 -0.3352056742 -0.3020699620 0.8924073577 -0.7783389688 0.6225129962 -0.0816456378 -0.5308724642 -0.7219635248 -0.4437826872
-510.1 298.6 2745.0 -0.2334995419 0.8853114843 -0.4021213353 -0.8993778825 -0.0394497849 0.4353884459 0.3695907891 0.4633220434 0.8054410815
-573.1 55.9 2844.7 -0.0967214555 0.8885256648 -0.4485165477 -0.9816318154 -0.0107023083 0.1904847920 0.1644504666 0.4587020874 0.8732401729
-318.4 -68.0 2546.2 -0.3931005299 0.3053187728 -0.8673248887 0.0908048451 0.9515411854 0.2938091457 0.9150007963 0.0367392302 -0.4017757773
-439.7 -446.3 2531.6 -0.4221534729 0.1399049610 -0.8956634402 -0.0726863891 0.9796140790 0.1872775853 0.9036056399 0.1441624314 -0.4033783078
-452.8 -92.1 2678.3 -0.8091331720 0.0615809634 -0.5843896270 0.0303722154 0.9975471497 0.0630653650 0.5868398547 0.0332790688 -0.8090188503
-477.2 -488.5 2665.1 -0.8091331720 0.0615809634 -0.5843896270 0.0303722154 0.9975471497 0.0630653650 0.5868398547 0.0332790688 -0.8090188503
-18.0 580.7 2648.7 0 0 0 0 0 0 0 0 0
-598.2 -199.2 2887.4 0 0 0 0 0 0 0 0 0
-491.9 -811.6 2477.8 0 0 0 0 0 0 0 0 0
-500.7 -869.5 2652.4 0 0 0 0 0 0 0 0 0
-424.4 509.0 2669.9 30 -0.7047739625 -0.0747914612 -0.7054784894 -0.1221315637 0.9923716784 0.0168030914 0.6988401413 0.0980035737 -0.7085320950
-409.4 311.2 2650.3 -0.7047739625 -0.0747914612 -0.7054784894 -0.1221315637 0.9923716784 0.0168030914 0.6988401413 0.0980035737 -0.7085320950
-396.3 113.7 2632.0 -0.7054880261 -0.0663253367 -0.7056115270 -0.1120825633 0.9935234189 0.0186747722 0.6998029351 0.0922615752 -0.7083528042
-310.2 326.9 2551.9 -0.9517441392 -0.2938992083 0.0883532986 -0.2598077059 0.6183718443 -0.7416982055 0.1633493155 -0.7288618088 -0.6648890972
-102.0 383.8 2516.2 -0.3342894614 -0.2938992083 0.8954740763 -0.7808801532 0.6183718443 -0.0885575712 -0.5277089477 -0.7288618088 -0.4362152517
-508.7 295.4 2748.8 -0.2181957364 0.8921344280 -0.3955841362 -0.9051806927 -0.0335106961 0.4237038493 0.3647444844 0.4505254924 0.8148547411
-567.5 51.2 2847.2 -0.0833804384 0.8949626088 -0.4382802844 -0.9840777516 -0.0046710400 0.1776772290 0.1569672525 0.4461166859 0.8811022639
-321.4 -74.2 2551.7 -0.3833867610 0.2981910706 -0.8741262555 0.0711601153 0.9531698227 0.2939448059 0.9208424687 0.0504916236 -0.3866519928
-440.0 -453.1 2531.6 -0.4098339677 0.1380618662 -0.9016512632 -0.0820234120 0.9788966179 0.1871724427 0.9084647894 0.1506661475 -0.3898608088
-447.9 -94.0 2677.8 -0.8012034297 0.0505968854 -0.5962491632 0.0139677506 0.9977286458 0.0658968687 0.5982290506 0.0444685407 -0.8000903726
-468.0 -490.6 2660.1 -0.8012034297 0.0505968854 -0.5962491632 0.0139677506 0.9977286458 0.0658968687 0.5982290506 0.0444685407 -0.8000903726
-15.1 586.8 2653.4 0 0 0 0 0 0 0 0 0
-589.2 -204.6 2888.0 0 0 0 0 0 0 0 0 0
-490.8 -813.6 2476.1 0 0 0 0 0 0 0 0 0
-487.3 -871.8 2643.1 0 0 0 0 0 0 0 0 0
-419.1 506.7 2664.3 31 -0.7147127986 -0.0630446821 -0.6965708733 -0.1049754992 0.9943169951 0.0177166965 0.6914952993 0.0857852250 -0.7172692418
-406.6 308.7 2647.2 -0.7147127986 -0.0630446821 -0.6965708733 -0.1049754992 0.9943169951 0.0177166965 0.6914952993 0.0857852250 -0.7172692418
-395.5 110.9 2631.1 -0.7152231336 -0.0559270531 -0.6966549158 -0.0964418128 0.9951549172 0.0191218499 0.6922101378 0.0808630511 -0.7171515226
-306.0 322.2 2549.9 -0.9427495003 -0.2992787659 0.1471583545 -0.3075658381 0.6096103787 -0.7306014299 0.1289442331 -0.7340350747 -0.6667577624
-99.2 389.7 2521.6 -0.3274222016 -0.2992787659 0.8962292671 -0.7881967425 0.6096103787 -0.0843865499 -0.5210955739 -0.7340350747 -0.4354905188
-507.2 295.1 2744.6 -0.2331042886 0.8861320615 -0.4005401134 -0.8986064792 -0.0388427861 0.4370328188 0.3717106879 0.4618021548 0.8053383827
-570.1 52.6 2844.9 -0.0966743678 0.8893489838 -0.4468920231 -0.9812980890 -0.0100748762 0.1922305226 0.1664576381 0.4571180642 0.8736904263
-318.5 -73.5 2549.4 -0.3952303529 0.3059157431 -0.8661457896 0.0808595046 0.9508422017 0.2989328802 0.9150162339 0.0481112264 -0.4005378783
-440.1 -451.5 2530.3 -0.4226107001 0.1372209191 -0.8958630562 -0.0767556354 0.9795014858 0.1862403452 0.9030552506 0.1474696994 -0.4034153223
-450.0 -95.8 2678.5 -0.8082892299 0.0613899902 -0.5855764151 0.0285550635 0.9974664450 0.0651558116 0.5880927444 0.0359435678 -0.8079944253
-474.4 -492.3 2664.2 -0.8082892299 0.0613899902 -0.5855764151 0.0285550635 0.9974664450 0.0651558116 0.5880927444 0.0359435678 -0.8079944253
-14.1 594.6 2657.1 0 0 0 0 0 0 0 0 0
-595.2 -202.4 2888.2 0 0 0 0 0 0 0 0 0
-490.7 -812.9 2475.9 0 0 0 0 0 0 0 0 0
-497.9 -873.5 2650.5 0 0 0 0 0 0 0 0 0
-421.7 505.5 2669.6 32 -0.7270114422 -0.0806366727 -0.6818739772 -0.1391420066 0.9897775054 0.0313041098 0.6723792553 0.1176357567 -0.7307994962
-405.6 308.0 2646.1 -0.7270114422 -0.0806366727 -0.6818739772 -0.1391420066 0.9897775054 0.0313041098 0.6723792553 0.1176357567 -0.7307994962
-391.2 111.0 2625.3 -0.7281618118 -0.0721349716 -0.6815987825 -0.1242200211 0.9918670058 0.0277347527 0.6740547419 0.1048636064 -0.7312002778
-303.2 325.5 2551.3 -0.9383757710 -0.2989728153 0.1733959466 -0.3285656273 0.6160497665 -0.7159101367 0.1072171330 -0.7287646532 -0.6763183475
-95.4 398.2 2527.6 -0.3218259513 -0.2989728153 0.8983559012 -0.7840464115 0.6160497665 -0.0758545250 -0.5307534933 -0.7287646532 -0.4326693714
-508.0 290.6 2740.9 -0.2274282426 0.8767623901 -0.4237500131 -0.9110520482 -0.0379011333 0.4105455577 0.3438902795 0.4794279933 0.8073959947
-569.3 44.8 2833.6 -0.0854829475 0.8796538711 -0.4678693414 -0.9865075350 -0.0089191003 0.1634726822 0.1396264136 0.4755307436 0.8685476184
-318.8 -78.1 2551.6 -0.4073381424 0.3070050776 -0.8601299524 0.0779405236 0.9500556588 0.3021912575 0.9099455476 0.0560550541 -0.4109220505
-440.9 -455.8 2529.3 -0.4331569076 0.1361226141 -0.8909801841 -0.0723382384 0.9800905585 0.1849045604 0.8984109759 0.1445446312 -0.4146861136
-443.6 -97.5 2666.2 -0.8208585382 0.0456142537 -0.5693071485 0.0014326799 0.9969668984 0.0778136551 0.5711297989 0.0630583689 -0.8184341192
-461.7 -493.6 2641.2 -0.8208585382 0.0456142537 -0.5693071485 0.0014326799 0.9969668984 0.0778136551 0.5711297989 0.0630583689 -0.8184341192
-11.8 602.1 2665.5 0 0 0 0 0 0 0 0 0
-591.5 -211.5 2869.9 0 0 0 0 0 0 0 0 0
-490.5 -812.8 2476.6 0 0 0 0 0 0 0 0 0
-479.2 -874.6 2617.1 0 0 0 0 0 0 0 0 0
-417.9 503.1 2672.7 33 -0.7299464941 -0.0694115683 -0.6799706817 -0.1382276565 0.9892654419 0.0474025235 0.6693812013 0.1285920590 -0.7317054868
-404.1 306.5 2647.1 -0.7299464941 -0.0694115683 -0.6799706817 -0.1382276565 0.9892654419 0.0474025235 0.6693812013 0.1285920590 -0.7317054868
-391.5 109.5 2624.0 -0.7308179140 -0.0630592704 -0.6796534061 -0.1252001971 0.9912139773 0.0426589660 0.6709918976 0.1162686720 -0.7322919369
-301.2 324.1 2552.7 -0.9302240014 -0.3188166320 0.1817671806 -0.3516706526 0.6327564120 -0.6898891926 0.1049337909 -0.7056736350 -0.7007236481
-93.0 402.8 2529.2 -0.3131765723 -0.3188166320 0.8945816755 -0.7730352879 0.6327564120 -0.0451197103 -0.5516673923 -0.7056736350 -0.4446209967
-506.9 288.9 2741.5 -0.2368858904 0.8752557635 -0.4216781557 -0.9127654433 -0.0518301912 0.4051824510 0.3327826262 0.4808752537 0.8111810684
-570.8 42.6 2831.3 -0.0951679721 0.8784315586 -0.4682958722 -0.9872078300 -0.0228310339 0.1577956825 0.1279210299 0.4773224294 0.8693673015
-310.1 -74.7 2542.7 -0.4025183916 0.3130032420 -0.8602371216 0.0896375403 0.9486876726 0.3032437861 0.9110126495 0.0449516512 -0.4099210799
-434.5 -451.9 2524.8 -0.4281837046 0.1768578440 -0.8862167001 -0.0335831083 0.9768711329 0.2111752927 0.9030674696 0.1201837286 -0.4123408496
-446.0 -98.9 2662.4 -0.8221097589 0.0548614487 -0.5666795969 0.0022995307 0.9956582189 0.0930557325 0.5693243742 0.0751989335 -0.8186665177
-467.8 -494.7 2632.6 -0.8221097589 0.0548614487 -0.5666795969 0.0022995307 0.9956582189 0.0930557325 0.5693243742 0.0751989335 -0.8186665177
-11.6 603.7 2672.6 0 0 0 0 0 0 0 0 0
-595.5 -213.9 2864.5 0 0 0 0 0 0 0 0 0
-498.1 -803.3 2481.6 0 0 0 0 0 0 0 0 0
-488.8 -875.2 2603.8 0 0 0 0 0 0 0 0 0
-417.2 499.3 2674.2 34 -0.7047554851 -0.0650934130 -0.7064577341 -0.1352475584 0.9898469448 0.0437166169 0.6964393854 0.1263562143 -0.7064037919
-404.3 302.7 2649.1 -0.7047554851 -0.0650934130 -0.7064577341 -0.1352475584 0.9898469448 0.0437166169 0.6964393854 0.1263562143 -0.7064037919
-392.9 105.5 2626.6 -0.7056717873 -0.0572121181 -0.7062252164 -0.1203997135 0.9919213653 0.0399486758 0.6982343197 0.1132199690 -0.7068592906
-305.0 319.6 2550.9 -0.9255381227 -0.3085035980 0.2195556313 -0.3702927828 0.6162387729 -0.6950777173 0.0791352913 -0.7246208191 -0.6845891476
-91.1 405.2 2532.6 -0.3085020781 -0.3085035980 0.8998066187 -0.7854205370 0.6162387729 -0.0580035560 -0.5366014242 -0.7246208191 -0.4324159920
-503.5 285.8 2747.3 -0.2256202549 0.8923937678 -0.3908053339 -0.9106863737 -0.0507051535 0.4099747539 0.3460430801 0.4483997226 0.8241310120
-564.4 40.0 2840.7 -0.0917586386 0.8954750896 -0.4355510473 -0.9863706231 -0.0217444543 0.1630954891 0.1365771294 0.4445801973 0.8852655888
-311.9 -76.0 2539.4 -0.3682805598 0.3145810068 -0.8748760819 0.0954683870 0.9488372803 0.3009878099 0.9248000979 0.0273249429 -0.3794708550
-437.0 -453.2 2528.5 -0.3991145194 0.1609168947 -0.9026701450 -0.0614954606 0.9775647521 0.2014583200 0.9148365259 0.1359150559 -0.3802646399
-446.2 -102.7 2668.2 -0.8004792929 0.0590218529 -0.5964472294 0.0065732202 0.9959442019 0.0897325724 0.5993243456 0.0679084882 -0.7976207137
-469.6 -498.6 2641.2 -0.8004792929 0.0590218529 -0.5964472294 0.0065732202 0.9959442019 0.0897325724 0.5993243456 0.0679084882 -0.7976207137
-11.0 609.3 2672.1 0 0 0 0 0 0 0 0 0
-588.2 -216.4 2876.2 0 0 0 0 0 0 0 0 0
-495.2 -807.2 2479.3 0 0 0 0 0 0 0 0 0
-492.2 -879.3 2615.2 0 0 0 0 0 0 0 0 0
-418.0 499.0 2675.0 35 -0.7002995610 -0.0645968094 -0.7109203935 -0.1360566169 0.9897192717 0.0440945067 0.7007632256 0.1276047826 -0.7018887997
-405.2 302.1 2649.6 -0.7002995610 -0.0645968094 -0.7109203935 -0.1360566169 0.9897192717 0.0440945067 0.7007632256 0.1276047826 -0.7018887997
-393.7 105.0 2626.9 -0.7011607289 -0.0579081438 -0.7106477618 -0.1221278831 0.9917206168 0.0396857262 0.7024659514 0.1146159843 -0.7024277449
-306.6 319.3 2550.8 -0.9247839451 -0.3098600507 0.2208199054 -0.3720168471 0.6145228148 -0.6956760883 0.0798633546 -0.7254987955 -0.6835739613
-92.0 405.6 2532.3 -0.3135383427 -0.3098600507 0.8975970745 -0.7864145041 0.6145228148 -0.0625615269 -0.5322085619 -0.7254987955 -0.4363549054
-503.8 284.9 2748.4 -0.2223150134 0.8952072263 -0.3862383068 -0.9113062620 -0.0499859340 0.4086836576 0.3465500772 0.4428378940 0.8269205689
-563.8 39.0 2842.0 -0.0896257907 0.8982266784 -0.4302976429 -0.9866287112 -0.0210208241 0.1616227925 0.1361286938 0.4390295744 0.8881002069
-316.8 -80.6 2540.1 -0.3638545275 0.3095385730 -0.8785190582 0.0903894827 0.9504500628 0.2974463999 0.9270596504 0.0288183317 -0.3738045990
-439.9 -458.5 2528.7 -0.3944233060 0.1480628550 -0.9069221020 -0.0754575506 0.9783824086 0.1925460994 0.9158255458 0.1443787962 -0.3747243583
-446.5 -103.4 2668.5 -0.7967591882 0.0581226610 -0.6014952660 0.0047987620 0.9959409237 0.0898814723 0.6042778492 0.0687274560 -0.7938039899
-469.6 -499.3 2641.2 -0.7967591882 0.0581226610 -0.6014952660 0.0047987620 0.9959409237 0.0898814723 0.6042778492 0.0687274560 -0.7938039899
-10.5 610.0 2670.6 0 0 0 0 0 0 0 0 0
-587.1 -217.5 2877.4 0 0 0 0 0 0 0 0 0
-493.0 -809.5 2476.9 0 0 0 0 0 0 0 0 0
-491.8 -880.0 2614.9 0 0 0 0 0 0 0 0 0
-420.1 501.1 2665.9 36 -0.6999623775 -0.0694822744 -0.7107917666 -0.1119663566 0.9936252236 0.0131302727 0.7053483129 0.0887754560 -0.7032799721
-406.3 303.0 2648.2 -0.6999623775 -0.0694822744 -0.7107917666 -0.1119663566 0.9936252236 0.0131302727 0.7053483129 0.0887754560 -0.7032799721
-394.2 105.3 2632.0 -0.7007015347 -0.0608536415 -0.7108545303 -0.1006891206 0.9948182106 0.0140882721 0.7063137293 0.0814469904 -0.7031979561
