-239.5 409.9 2748.1 9 -0.4921523333 0.0348344110 -0.8698118329 -0.2524018884 0.9505657554 0.1808811724 0.8331142664 0.3085632324 -0.4590308964
-246.4 219.4 2686.2 -0.4921523333 0.0348344110 -0.8698118329 -0.2524018884 0.9505657554 0.1808811724 0.8331142664 0.3085632324 -0.4590308964
-250.9 28.0 2632.8 -0.4912792444 0.0224693343 -0.8707122803 -0.2232457846 0.9630248547 0.1508127898 0.8419061899 0.2684740424 -0.4680979252
-174.7 251.9 2563.3 -0.7336713076 0.4224551022 -0.5322199464 0.6441252828 0.6818208694 -0.3467317522 0.2164000571 -0.5972034931 -0.7723464370
-3.7 101.8 2512.9 0.0538372882 0.4224551022 0.9047835469 -0.6765984893 0.6818208694 -0.2780913711 -0.7343813777 -0.5972034931 0.3225398660
-318.1 186.8 2809.1 -0.4308610857 0.4475798905 -0.7836012840 -0.8913936615 -0.0757709593 0.4468513429 0.1406274587 0.8910280466 0.4316166341
-436.3 -57.6 2847.6 0.2839108407 0.4475798905 -0.8479781151 -0.9328119755 -0.0757709593 -0.3523074389 -0.2219378501 0.8910280466 0.3959957063
-211.3 -148.6 2502.5 -0.6762781143 0.1659768969 -0.7177044153 0.0298762973 0.9796644449 0.1984061748 0.7360402942 0.1127353981 -0.6674844027
-277.3 -537.9 2457.7 -0.6755994558 -0.0370179117 -0.7363389730 -0.0562839806 0.9984137416 0.0014480187 0.7351173162 0.0424223691 -0.6766113043
-297.1 -189.1 2659.3 0.4166152477 0.1170804426 0.9015120268 -0.0049808091 0.9919510484 -0.1265240908 -0.9090692401 0.0482216068 0.4138450623
-343.6 -583.2 2640.2 0.3599717021 0.3093023896 0.8802002072 -0.2071348429 0.9463954568 -0.2478523552 -0.9096788168 -0.0931002870 0.4047428966
-19.5 300.1 2728.2 0 0 0 0 0 0 0 0 0
-356.4 -319.9 2785.2 0 0 0 0 0 0 0 0 0
-264.6 -878.6 2443.2 0 0 0 0 0 0 0 0 0
-431.2 -851.4 2666.5 0 0 0 0 0 0 0 0 0
-238.8 409.0 2741.4 0 -0.5366479754 0.0223397166 -0.8435104489 -0.2377017885 0.9551633000 0.1765245050 0.8096337318 0.2952354550 -0.5072762966
-243.2 217.8 2682.3 -0.5366479754 0.0223397166 -0.8435104489 -0.2377017885 0.9551633000 0.1765245050 0.8096337318 0.2952354550 -0.5072762966
-246.6 25.9 2631.1 -0.5360723734 0.0166427270 -0.8440079689 -0.2093358040 0.9659566879 0.1520072073 0.8178049326 0.2581679523 -0.5143387914
-165.1 248.4 2563.0 -0.7384446263 0.4585326612 -0.4944161773 0.6523717046 0.6713230610 -0.3517619967 0.1706186384 -0.5822998881 -0.7948686481
7.1 96.3 2523.3 0.0860923156 0.4585326612 0.8844975233 -0.6857177019 0.6713230610 -0.2812766731 -0.7227581739 -0.5822998881 0.3722197115
-321.4 187.3 2801.6 -0.4448328912 0.4001727402 -0.8012399673 -0.8864024282 -0.0687356442 0.4577839971 0.1281189173 0.9138584137 0.3852899373
-443.4 -55.7 2836.7 0.2866515517 0.4001727402 -0.8704554439 -0.9377594590 -0.0687356442 -0.3404152989 -0.1960562319 0.9138584137 0.3555625975
-210.3 -142.8 2502.3 -0.7127387524 0.1732421666 -0.6796989441 0.0466150269 0.9785760641 0.2005392164 0.6998789310 0.1112478897 -0.7055447698
-279.2 -531.7 2458.1 -0.7116689086 -0.0501217023 -0.7007247210 -0.0677081570 0.9977017641 -0.0025983383 0.6992445588 0.0455956236 -0.7134270072
-300.4 -183.7 2656.6 0.4620263875 0.1349704713 0.8765355349 -0.0270934701 0.9900383353 -0.1381667256 -0.8864522576 0.0400882848 0.4610806704
-354.0 -577.1 2640.7 0.4204200804 0.2700079978 0.8662232161 -0.2022774071 0.9585601091 -0.2006150633 -0.8844946623 -0.0908747762 0.4576144218
-18.2 297.3 2735.2 0 0 0 0 0 0 0 0 0
-362.8 -319.3 2781.6 0 0 0 0 0 0 0 0 0
-261.7 -878.9 2442.3 0 0 0 0 0 0 0 0 0
-431.3 -851.3 2666.7 0 0 0 0 0 0 0 0 0
-239.2 410.3 2748.1 1 -0.5143690705 0.0233516116 -0.8572509289 -0.2655732930 0.9461502433 0.1851229519 0.8154110909 0.3228844702 -0.4804688692
-243.8 220.0 2683.2 -0.5143690705 0.0233516116 -0.8572509289 -0.2655732930 0.9461502433 0.1851229519 0.8154110909 0.3228844702 -0.4804688692
-246.8 29.6 2626.6 -0.5138091445 0.0144475205 -0.8577829003 -0.2373594195 0.9584337473 0.1583202779 0.8244153857 0.2849492431 -0.4890227318
-168.9 254.7 2562.9 -0.7397608757 0.4380190074 -0.5107770562 0.6402221322 0.6917816401 -0.3339966238 0.2070493400 -0.5740883946 -0.7921824455
3.5 105.4 2514.6 0.0742778704 0.4380190074 0.8958918452 -0.6642768979 0.6917816401 -0.2831507325 -0.7437869310 -0.5740883946 0.3423499763
-318.8 185.4 2803.4 -0.4340054989 0.4231178164 -0.7953681946 -0.8936880231 -0.0906352848 0.4394393861 0.1138462126 0.9015301466 0.4174715281
-437.7 -59.6 2834.6 0.2900875807 0.4231178164 -0.8583824635 -0.9290616512 -0.0906352848 -0.3586497605 -0.2295508385 0.9015301466 0.3668103814
-200.9 -146.8 2504.9 -0.6894286871 0.1911474019 -0.6986778975 0.0537255108 0.9753907323 0.2138374448 0.7223584056 0.1098888442 -0.6827318668
-276.8 -534.4 2461.3 -0.6895061731 -0.0415130705 -0.7230891585 -0.0682986379 0.9976340532 0.0078517031 0.7210524082 0.0547998026 -0.6907100677
-299.1 -185.2 2654.7 0.4360340834 0.1176329702 0.8922089338 -0.0314046256 0.9928053021 -0.1155482084 -0.8993819952 0.0223634709 0.4365911782
-345.8 -579.6 2645.8 0.3955450356 0.2919802368 0.8707994223 -0.1815640777 0.9542695284 -0.2374956310 -0.9003213644 -0.0641656741 0.4304696918
-18.2 300.2 2732.7 0 0 0 0 0 0 0 0 0
-356.2 -320.7 2770.1 0 0 0 0 0 0 0 0 0
-262.6 -877.8 2442.4 0 0 0 0 0 0 0 0 0
-430.3 -855.9 2664.4 0 0 0 0 0 0 0 0 0
-239.3 406.8 2739.4 2 -0.5217229128 0.0269091688 -0.8526905179 -0.2395517528 0.9546688795 0.1766983271 0.8187918663 0.2964510620 -0.4916265011
-244.7 215.2 2679.9 -0.5217229128 0.0269091688 -0.8526905179 -0.2395517528 0.9546688795 0.1766983271 0.8187918663 0.2964510620 -0.4916265011
-249.0 23.5 2628.4 -0.5209810734 0.0218473766 -0.8532885909 -0.2103337795 0.9655604959 0.1531426460 0.8272475004 0.2592598200 -0.4984434545
-168.7 246.0 2559.2 -0.7348707914 0.4480130672 -0.5091652274 0.6524320245 0.6719999909 -0.3503547609 0.1851955205 -0.5896611810 -0.7861312628
2.6 93.9 2516.1 0.0724225864 0.4480130672 0.8910887837 -0.6846680045 0.6719999909 -0.2822158337 -0.7252480388 -0.5896611810 0.3554081917
-320.7 184.5 2800.6 -0.4432825148 0.4167337716 -0.7936205268 -0.8861310482 -0.0702149197 0.4580847323 0.1351753771 0.9063127637 0.4004057944
-442.2 -58.4 2837.7 0.2829189599 0.4167337716 -0.8638806939 -0.9374763370 -0.0702149197 -0.3408928812 -0.2027188987 0.9063127637 0.3708129227
-202.7 -139.0 2494.5 -0.6949246526 0.1893149316 -0.6937143207 0.0709214285 0.9780622125 0.1958684176 0.7155765891 0.0869145766 -0.6931060553
-277.9 -527.5 2460.0 -0.6957420707 -0.0398693569 -0.7171843648 -0.0612167530 0.9981168509 0.0038996798 0.7156783342 0.0466168709 -0.6968725324
-296.8 -182.5 2645.5 0.4414266050 0.1042539626 0.8912203312 -0.0568524376 0.9944813251 -0.0881739780 -0.8954944611 -0.0117457071 0.4449176192
-338.2 -577.4 2650.2 0.4017462134 0.3146879077 0.8599834442 -0.1897652298 0.9473256469 -0.2579985261 -0.8958733678 -0.0595450178 0.4403013289
-18.6 294.6 2728.7 0 0 0 0 0 0 0 0 0
-362.7 -321.9 2780.7 0 0 0 0 0 0 0 0 0
-264.0 -875.2 2443.8 0 0 0 0 0 0 0 0 0
-430.1 -853.9 2667.5 0 0 0 0 0 0 0 0 0
-238.8 408.6 2736.6 3 -0.5214611888 0.0285222270 -0.8527981639 -0.2274617106 0.9586290121 0.1711479872 0.8223985434 0.2832259536 -0.4934000969
-244.6 215.9 2679.7 -0.5214611888 0.0285222270 -0.8527981639 -0.2274617106 0.9586290121 0.1711479872 0.8223985434 0.2832259536 -0.4934000969
-249.4 23.4 2630.8 -0.5206423998 0.0241782330 -0.8534324169 -0.1975120753 0.9690719247 0.1479479969 0.8306145072 0.2455912232 -0.4997644424
-168.6 244.7 2558.4 -0.7332841754 0.4488977790 -0.5106712580 0.6565731168 0.6626411080 -0.3603032827 0.1766524315 -0.5994977355 -0.7806384563
2.4 91.7 2517.2 0.0702519119 0.4488977790 0.8908172846 -0.6949860454 0.6626411080 -0.2791077793 -0.7155830264 -0.5994977355 0.3585295081
-320.6 187.0 2800.9 -0.4449946284 0.4175509214 -0.7922316790 -0.8831798434 -0.0581890978 0.4654110372 0.1482335478 0.9067884088 0.3946663737
-442.6 -55.1 2841.5 0.2808855772 0.4175509214 -0.8641495705 -0.9408042431 -0.0581890978 -0.3339181840 -0.1897119433 0.9067884088 0.3764891922
-205.7 -149.0 2501.2 -0.6996666193 0.1787929982 -0.6917366982 0.0530171134 0.9785054922 0.1992891580 0.7124996781 0.1027620882 -0.6941067576
-276.8 -537.8 2460.4 -0.7002138495 -0.0360755399 -0.7130210996 -0.0632796511 0.9979277849 0.0116525376 0.7111232281 0.0532789975 -0.7010457516
-301.2 -187.6 2652.7 0.4438314140 0.0960331634 0.8909496665 -0.0371712334 0.9953582883 -0.0887700543 -0.8953390121 0.0062812390 0.4453409612
-339.3 -582.9 2650.2 0.3980486691 0.3206476867 0.8595011830 -0.1893902868 0.9454640746 -0.2650075555 -0.8976015449 -0.0572952628 0.4370682836
-18.2 295.4 2727.0 0 0 0 0 0 0 0 0 0
-363.6 -319.6 2788.2 0 0 0 0 0 0 0 0 0
-264.5 -877.1 2442.2 0 0 0 0 0 0 0 0 0
-430.2 -850.8 2666.5 0 0 0 0 0 0 0 0 0
-238.2 407.9 2734.2 4 -0.5113166571 0.0348595381 -0.8586850762 -0.2137741596 0.9626112580 0.1663735360 0.8323796391 0.2686342299 -0.4847471118
-245.2 214.2 2680.1 -0.5113166571 0.0348595381 -0.8586850762 -0.2137741596 0.9626112580 0.1663735360 0.8323796391 0.2686342299 -0.4847471118
-250.8 21.1 2633.9 -0.5103970766 0.0284786914 -0.8594671488 -0.1856833547 0.9722242951 0.1424835324 0.8396525979 0.2323119193 -0.4909324348
-170.7 241.3 2557.6 -0.7301814556 0.4421480000 -0.5209032297 0.6599093080 0.6539532542 -0.3699524999 0.1770725846 -0.6138813496 -0.7692821026
-0.4 87.5 2516.3 0.0603733473 0.4421480000 0.8949079514 -0.7045621872 0.6539532542 -0.2755672634 -0.7070694566 -0.6138813496 0.3510020971
-319.7 187.1 2802.7 -0.4440890849 0.4289130569 -0.7866501808 -0.8805322051 -0.0465781502 0.4716922045 0.1656742394 0.9021441340 0.3983565867
-441.4 -54.3 2848.1 0.2774320543 0.4289130569 -0.8596889377 -0.9436141253 -0.0465781502 -0.3277543187 -0.1806208193 0.9021441340 0.3918061256
-206.5 -151.0 2505.9 -0.6949424744 0.1837075204 -0.6952025294 0.0401383266 0.9752172232 0.2175782025 0.7179442048 0.1233000681 -0.6850935817
-279.5 -538.4 2457.0 -0.6941055059 -0.0442418195 -0.7185124755 -0.0640062615 0.9979494214 0.0003841293 0.7170221210 0.0462559238 -0.6955139637
-301.9 -187.2 2658.2 0.4380543530 0.1265432388 0.8899973035 -0.0003418969 0.9900659919 -0.1406031102 -0.8989484310 0.0612875186 0.4337459803
-352.1 -579.8 2633.9 0.3863603771 0.2724054158 0.8812042475 -0.2225587517 0.9546957612 -0.1975437999 -0.8950939775 -0.1197966263 0.4294828176
-18.1 294.0 2723.6 0 0 0 0 0 0 0 0 0
-363.4 -319.6 2797.3 0 0 0 0 0 0 0 0 0
-264.5 -875.2 2441.3 0 0 0 0 0 0 0 0 0
-429.5 -851.0 2667.9 0 0 0 0 0 0 0 0 0
-238.1 402.9 2730.5 5 -0.5087767243 0.0356846601 -0.8601586223 -0.2093055844 0.9640341401 0.1637965739 0.8350673318 0.2633718848 -0.4830091596
-245.3 209.6 2677.6 -0.5087767243 0.0356846601 -0.8601586223 -0.2093055844 0.9640341401 0.1637965739 0.8350673318 0.2633718848 -0.4830091596
-251.1 16.5 2631.1 -0.5080355406 0.0293320958 -0.8608365059 -0.1872376353 0.9717599750 0.1436127871 0.8407389522 0.2341413945 -0.4881965220
-171.1 236.9 2554.9 -0.7295438051 0.4405227602 -0.5231686831 0.6596987247 0.6550754309 -0.3683391511 0.1804531813 -0.6138532758 -0.7685185671
-1.0 83.1 2512.8 0.0582173914 0.4405227602 0.8958517909 -0.7031812668 0.6550754309 -0.2764277160 -0.7086232305 -0.6138532758 0.3479041457
-319.5 182.2 2800.4 -0.4437755346 0.4315416515 -0.7853884697 -0.8807703853 -0.0484279320 0.4710607529 0.1652476043 0.9007921815 0.4015802443
-441.1 -59.3 2845.7 0.2767253518 0.4315416515 -0.8586005569 -0.9433079958 -0.0484279320 -0.3283668160 -0.1832842082 0.9007921815 0.3936754465
-209.7 -155.0 2510.8 -0.6971686482 0.1713231951 -0.6961352229 0.0153645407 0.9743732214 0.2244119495 0.7167425156 0.1457571685 -0.6819347739
-277.7 -542.1 2452.9 -0.6959257722 -0.0418366082 -0.7168940306 -0.0508836024 0.9986650944 -0.0088849254 0.7163087130 0.0302949008 -0.6971255541
-303.3 -189.1 2664.8 0.4356943667 0.1096882820 0.8933861852 0.0030768027 0.9923596382 -0.1233405769 -0.9000894427 0.0564875677 0.4320279956
-346.8 -583.0 2642.3 0.3797396421 0.2975496650 0.8759348989 -0.2100872248 0.9498592019 -0.2315832525 -0.9009224176 -0.0960813910 0.4232105911
-18.1 289.2 2720.6 0 0 0 0 0 0 0 0 0
-363.3 -324.5 2794.1 0 0 0 0 0 0 0 0 0
-263.7 -876.2 2442.8 0 0 0 0 0 0 0 0 0
-432.7 -857.3 2670.1 0 0 0 0 0 0 0 0 0
-236.6 406.4 2733.1 6 -0.5056439638 0.0426614098 -0.8616868258 -0.2137333900 0.9614477754 0.1730207652 0.8358482122 0.2716581523 -0.4770321250
-245.2 212.9 2678.5 -0.5056439638 0.0426614098 -0.8616868258 -0.2137333900 0.9614477754 0.1730207652 0.8358482122 0.2716581523 -0.4770321250
-252.0 20.2 2630.6 -0.5047321320 0.0345189720 -0.8625856042 -0.1909137517 0.9699964523 0.1505283415 0.8419010639 0.2406559438 -0.4829982221
-171.5 240.8 2555.5 -0.7259030938 0.4402713478 -0.5284182429 0.6614543796 0.6574549079 -0.3608755767 0.1885279715 -0.6114852428 -0.7684679627
-2.2 86.6 2511.6 0.0518496968 0.4402713478 0.8963664174 -0.6985243559 0.6574549079 -0.2825186849 -0.7137053609 -0.6114852428 0.3416290879
-318.8 185.1 2801.4 -0.4466459155 0.4357325137 -0.7814375162 -0.8800336719 -0.0564028323 0.4715500176 0.1613943875 0.8983072639 0.4086513817
-441.3 -56.2 2845.6 0.2718900442 0.4357325137 -0.8580285311 -0.9431626797 -0.0564028323 -0.3275102079 -0.1911020726 0.8983072639 0.3956312537
-210.3 -159.4 2507.5 -0.6932696700 0.1639061868 -0.7017919421 0.0153100258 0.9769234657 0.2130401134 0.7205156088 0.1369498074 -0.6797808409
-275.4 -547.5 2453.1 -0.6925747395 -0.0329950638 -0.7205910683 -0.0484410077 0.9988257289 0.0008225198 0.7197177410 0.0354758166 -0.6933597922
-303.5 -193.7 2661.6 0.4287500978 0.1256275773 0.8946458101 -0.0139255812 0.9910857081 -0.1324961334 -0.9033157825 0.0443492644 0.4266775250
-353.4 -587.3 2644.0 0.3834354877 0.2786033452 0.8805438280 -0.1961023659 0.9562352896 -0.2171586901 -0.9025081992 -0.0894103721 0.4212893248
-17.4 291.4 2720.8 0 0 0 0 0 0 0 0 0
-364.9 -321.5 2791.9 0 0 0 0 0 0 0 0 0
-264.5 -877.5 2441.3 0 0 0 0 0 0 0 0 0
-431.6 -855.6 2669.1 0 0 0 0 0 0 0 0 0
-235.7 404.5 2722.4 7 -0.5398290157 0.0210826267 -0.8415106535 -0.1994129568 0.9680274129 0.1521756798 0.8178136349 0.2499569803 -0.5183650851
-239.9 210.0 2672.2 -0.5398290157 0.0210826267 -0.8415106535 -0.1994129568 0.9680274129 0.1521756798 0.8178136349 0.2499569803 -0.5183650851
-245.6 16.7 2627.1 -0.5392427444 0.0282446314 -0.8416765928 -0.1763390452 0.9734948277 0.1456444860 0.8234815001 0.2269581854 -0.5199694037
-161.3 235.8 2552.1 -0.7305498719 0.4671690464 -0.4980461597 0.6664832234 0.6465818882 -0.3711225986 0.1486506462 -0.6030629873 -0.7837206125
9.0 80.4 2517.4 0.0782787278 0.4671690464 0.8806960583 -0.7096362114 0.6465818882 -0.2799077034 -0.7002063394 -0.6030629873 0.3821336627
-318.6 184.3 2792.4 -0.4559587538 0.3986013830 -0.7957503200 -0.8761603832 -0.0439648926 0.4800105095 0.1563477814 0.9160698652 0.3692849278
-443.6 -56.0 2835.3 0.2755604088 0.3986013830 -0.8747476339 -0.9469562173 -0.0439648926 -0.3183410764 -0.1653493792 0.9160698652 0.3653430641
-212.5 -155.0 2505.6 -0.7222062349 0.1624603570 -0.6723278761 0.0269114021 0.9778885841 0.2073877305 0.6911540627 0.1316834241 -0.7106092572
-277.1 -543.6 2453.2 -0.7215381265 -0.0362400264 -0.6914256215 -0.0491016842 0.9987931848 -0.0011101010 0.6906314492 0.0331491828 -0.7224467993
-305.1 -190.0 2660.0 0.4680361450 0.1144647747 0.8762648106 -0.0048993463 0.9918966889 -0.1269526631 -0.8836957216 0.0551253110 0.4648042917
-350.6 -584.0 2638.1 0.4171576798 0.2811667919 0.8642480373 -0.2161101699 0.9543537498 -0.2061682940 -0.8827660084 -0.1007681042 0.4588789940
-13.9 288.4 2722.7 0 0 0 0 0 0 0 0 0
-366.2 -322.2 2788.8 0 0 0 0 0 0 0 0 0
-265.0 -877.2 2442.2 0 0 0 0 0 0 0 0 0
-430.5 -855.3 2666.7 0 0 0 0 0 0 0 0 0
-234.0 406.1 2719.1 8 -0.5431500077 0.0191397518 -0.8394175172 -0.2101558149 0.9648193121 0.1579816192 0.8129099607 0.2622161806 -0.5200192928
-237.8 212.0 2666.4 -0.5431500077 0.0191397518 -0.8394175172 -0.2101558149 0.9648193121 0.1579816192 0.8129099607 0.2622161806 -0.5200192928
-242.5 18.8 2620.6 -0.5425083637 0.0233938824 -0.8397246003 -0.1809252650 0.9728989601 0.1439916790 0.8203357458 0.2300440818 -0.5235733390
-158.7 238.4 2546.6 -0.7338242531 0.4675607979 -0.4928375781 0.6632106900 0.6502123475 -0.3706419766 0.1471513957 -0.5988412499 -0.7872328758
12.4 83.8 2512.3 0.0843824148 0.4675607979 0.8799241185 -0.7071890831 0.6502123475 -0.2776824236 -0.7019709349 -0.5988412499 0.3855203986
-317.0 185.6 2786.1 -0.4533456862 0.3943884373 -0.7993343472 -0.8783473969 -0.0451389961 0.4758868515 0.1516031176 0.9178345203 0.3668736517
-441.3 -55.2 2827.7 0.2802317441 0.3943884373 -0.8751730919 -0.9453111291 -0.0451389961 -0.3230314851 -0.1669043303 0.9178345203 0.3601704240
-201.8 -160.6 2506.6 -0.7220389247 0.1854332387 -0.6665390730 0.0423552245 0.9734526277 0.2249355763 0.6905547380 0.1341808140 -0.7107247114
-275.5 -547.3 2453.3 -0.7218474150 -0.0356019810 -0.6911358833 -0.0504625998 0.9987251759 0.0012583708 0.6902099848 0.0357848667 -0.7227237225
-300.7 -193.0 2657.5 0.4693942964 0.1117144823 0.8758931756 -0.0263105519 0.9932933450 -0.1125881895 -0.8825966120 0.0298030209 0.4691855013
-345.0 -587.5 2645.7 0.4223875105 0.2995667160 0.8554815054 -0.2007490396 0.9512861967 -0.2339966297 -0.8839053512 -0.0728998408 0.4619491100
-12.3 291.1 2718.1 0 0 0 0 0 0 0 0 0
-362.5 -321.0 2780.7 0 0 0 0 0 0 0 0 0
-263.7 -877.5 2441.5 0 0 0 0 0 0 0 0 0
-430.2 -857.9 2666.4 0 0 0 0 0 0 0 0 0
-234.4 409.9 2716.4 9 -0.5729512572 0.0045322990 -0.8195769191 -0.2024588436 0.9682117105 0.1468895376 0.7941896915 0.2500911355 -0.5538204908
-235.3 215.2 2666.1 -0.5729512572 0.0045322990 -0.8195769191 -0.2024588436 0.9682117105 0.1468895376 0.7941896915 0.2500911355 -0.5538204908
-239.7 22.1 2619.6 -0.5726360679 0.0222329926 -0.8195081353 -0.1796136647 0.9719429016 0.1518745869 0.7998917699 0.2341637313 -0.5525762439
-151.8 241.4 2549.4 -0.7337778211 0.4932541549 -0.4671942592 0.6681039333 0.6487120986 -0.3644307256 0.1233175993 -0.5795454979 -0.8055555820
19.3 85.6 2520.6 0.1041788831 0.4932541549 0.8636243939 -0.7054903507 0.6487120986 -0.2854050100 -0.7010207772 -0.5795454979 0.4155681431
-318.9 189.0 2782.9 -0.4645781219 0.3611773252 -0.8085283637 -0.8756111860 -0.0510729626 0.4803089201 0.1321827471 0.9310974479 0.3399782777
-446.3 -51.1 2819.1 0.2791371047 0.3611773252 -0.8897378445 -0.9467916489 -0.0510729626 -0.3177689612 -0.1602124870 0.9310974479 0.3277033269
-197.4 -158.0 2499.7 -0.7421747446 0.1948309094 -0.6412624717 0.0639288500 0.9730305076 0.2216409892 0.6671504378 0.1235011742 -0.7346140146
-274.8 -544.6 2450.7 -0.7429188490 -0.0310275871 -0.6686620116 -0.0389504023 0.9992363453 -0.0030911062 0.6682472825 0.0237482116 -0.7435600758
-296.9 -191.2 2650.1 0.4972290397 0.0913955867 0.8627920747 -0.0559283644 0.9957443476 -0.0732475743 -0.8658148050 -0.0118337255 0.5002246499
-333.2 -586.4 2654.8 0.4534620643 0.3344126940 0.8261599541 -0.1947876960 0.9417175651 -0.2742731273 -0.8697298169 -0.0365533493 0.4921726882
-11.2 292.4 2726.2 0 0 0 0 0 0 0 0 0
-367.8 -317.3 2774.1 0 0 0 0 0 0 0 0 0
-264.6 -875.2 2442.8 0 0 0 0 0 0 0 0 0
-428.7 -855.5 2665.3 0 0 0 0 0 0 0 0 0
-234.2 410.0 2716.1 0 -0.5100206137 0.0042022211 -0.8601518869 -0.2165277749 0.9671589732 0.1331135184 0.8324630260 0.2541374266 -0.4923611283
-235.0 215.7 2665.1 -0.5100206137 0.0042022211 -0.8601518869 -0.2165277749 0.9671589732 0.1331135184 0.8324630260 0.2541374266 -0.4923611283
-238.6 22.8 2617.8 -0.5097955465 0.0173975993 -0.8601196408 -0.1963315159 0.9710590839 0.1360078603 0.8375932574 0.2382047921 -0.4916259050
-160.7 244.3 2542.9 -0.7376905084 0.4360151887 -0.5154643655 0.6507813931 0.6624543071 -0.3709958196 0.1797117442 -0.6091346741 -0.7724367976
11.3 92.6 2501.0 0.0693408400 0.4360151887 0.8972639441 -0.6995795369 0.6624543071 -0.2678483725 -0.7111822963 -0.6091346741 0.3509624600
-309.3 187.1 2787.2 -0.4338555932 0.4279977977 -0.7928348780 -0.8869240284 -0.0480380692 0.4594106078 0.1585404873 0.9025021791 0.4004431367
-428.2 -55.8 2830.6 0.2870758176 0.4279977977 -0.8569745421 -0.9396452904 -0.0480380692 -0.3387610912 -0.1861564070 0.9025021791 0.3883755505
-191.7 -154.6 2499.8 -0.6921910644 0.2097346187 -0.6905671358 0.0517317355 0.9688001275 0.2423843741 0.7198578715 0.1320520490 -0.6814447045
-275.0 -539.5 2447.3 -0.6916106343 -0.0373379998 -0.7213047743 -0.0372645669 0.9991774559 -0.0159914643 0.7213085890 0.0158192441 -0.6924331188
-296.6 -187.5 2646.4 0.4328187108 0.0918957591 0.8967849016 -0.0689281821 0.9952520132 -0.0687188655 -0.8988419771 -0.0320709422 0.4370979369
-333.1 -582.7 2659.1 0.4017250836 0.3325450420 0.8532471657 -0.1635459512 0.9428101778 -0.2904508114 -0.9010381103 -0.0228637513 0.4331368804
-9.1 297.7 2709.5 0 0 0 0 0 0 0 0 0
-347.5 -320.0 2778.3 0 0 0 0 0 0 0 0 0
-262.5 -875.3 2442.0 0 0 0 0 0 0 0 0 0
-427.8 -851.2 2665.6 0 0 0 0 0 0 0 0 0
-233.4 407.6 2715.4 1 -0.4890343249 0.0185850449 -0.8720665574 -0.2154802233 0.9662124515 0.1414276510 0.8452299833 0.2570760548 -0.4685063362
-237.2 213.9 2663.9 -0.4890343249 0.0185850449 -0.8720665574 -0.2154802233 0.9662124515 0.1414276510 0.8452299833 0.2570760548 -0.4685063362
-241.7 20.9 2616.9 -0.4886159003 0.0226932224 -0.8722038269 -0.1958402991 0.9713012576 0.1349829435 0.8502358794 0.2367674708 -0.4701490104
-165.9 242.4 2539.9 -0.7334075570 0.4202494025 -0.5343255401 0.6504871249 0.6621381640 -0.3720746636 0.1974331886 -0.6204542518 -0.7589839697
5.1 90.8 2493.8 0.0520420671 0.4202494025 0.9059150219 -0.7002270222 0.6621381640 -0.2669366300 -0.7120208740 -0.6204542518 0.3287290335
-308.4 185.4 2787.9 -0.4294455051 0.4504200220 -0.7827504873 -0.8868143559 -0.0465013832 0.4597803354 0.1706952900 0.8916049600 0.4194087386
-426.1 -57.7 2834.7 0.2834046185 0.4504200220 -0.8466425538 -0.9395487309 -0.0465013832 -0.3392430544 -0.1921719164 0.8916049600 0.4100128412
-195.5 -152.2 2493.9 -0.6770532131 0.1925045550 -0.7103103995 0.0376082025 0.9729714990 0.2278421968 0.7349724770 0.1275478005 -0.6659932733
-271.9 -538.8 2443.2 -0.6768112183 -0.0246458687 -0.7357439399 -0.0234749597 0.9996536970 -0.0118916603 0.7357822061 0.0092231501 -0.6771554351
-288.7 -188.1 2647.0 0.4085032642 0.1558074951 0.8993604183 -0.0840799287 0.9875571132 -0.1328965276 -0.9088760614 -0.0213294905 0.4165205956
-350.4 -579.6 2655.5 0.3932176828 0.2600214183 0.8819119334 -0.1438445300 0.9647645354 -0.2203136533 -0.9081236720 -0.0402269810 0.4167651534
-10.2 296.1 2702.6 0 0 0 0 0 0 0 0 0
-346.4 -321.9 2780.7 0 0 0 0 0 0 0 0 0
-263.6 -876.5 2440.1 0 0 0 0 0 0 0 0 0
-424.0 -852.8 2666.9 0 0 0 0 0 0 0 0 0
-232.5 405.7 2715.6 2 -0.4738694727 0.0229847822 -0.8802950978 -0.2260181308 0.9629964828 0.1468114108 0.8510954976 0.2685320973 -0.4511396587
-237.2 212.2 2661.7 -0.4738694727 0.0229847822 -0.8802950978 -0.2260181308 0.9629964828 0.1468114108 0.8510954976 0.2685320973 -0.4511396587
-241.8 19.5 2613.5 -0.4733139277 0.0234013610 -0.8805829287 -0.2028688490 0.9698807597 0.1348165870 0.8572153449 0.2424534112 -0.4543106556
-168.1 241.8 2536.6 -0.7321538925 0.4072870612 -0.5459560156 0.6466380954 0.6674797535 -0.3692288697 0.2140324265 -0.6233682632 -0.7520652413
2.6 91.1 2486.7 0.0422549583 0.4072870612 0.9123221636 -0.6955856085 0.6674797535 -0.2657656968 -0.7171995044 -0.6233682632 0.3115073740
-306.2 182.7 2786.8 -0.4236439168 0.4657482803 -0.7769197822 -0.8892173767 -0.0503267720 0.4547083378 0.1726797521 0.8834850192 0.4354721010
-422.4 -61.1 2834.1 0.2835144401 0.4657482803 -0.8382709026 -0.9372677803 -0.0503267720 -0.3449583650 -0.2028512359 0.8834850192 0.4222624898
-201.5 -154.2 2492.0 -0.6674888730 0.1700541377 -0.7249414921 0.0144944191 0.9763556123 0.2156842053 0.7444787025 0.1334592104 -0.6541713476
-269.1 -542.0 2439.0 -0.6674020290 -0.0119142532 -0.7446023226 -0.0109949848 0.9999206662 -0.0061445329 0.7446164489 0.0040860171 -0.6674800515
-291.0 -190.0 2647.7 0.3907356262 0.1283388138 0.9115123749 -0.0941636786 0.9906110168 -0.0991108268 -0.9156740308 -0.0471052304 0.3991518617
-341.9 -583.0 2666.4 0.3819099665 0.2764567435 0.8818823099 -0.1256143600 0.9608845115 -0.2468238771 -0.9156231880 -0.0165125914 0.4016982913
-9.8 295.0 2696.9 0 0 0 0 0 0 0 0 0
-342.6 -324.7 2777.0 0 0 0 0 0 0 0 0 0
-265.1 -874.0 2437.6 0 0 0 0 0 0 0 0 0
-422.7 -863.9 2671.2 0 0 0 0 0 0 0 0 0
-230.4 407.6 2705.2 3 -0.4605088532 0.0286321510 -0.8871932030 -0.2150822580 0.9660963416 0.1428197473 0.8612033725 0.2565892637 -0.4387376606
-236.1 213.9 2653.8 -0.4605088532 0.0286321510 -0.8871932030 -0.2150822580 0.9660963416 0.1428197473 0.8612033725 0.2565892637 -0.4387376606
-241.3 20.6 2608.1 -0.4598646760 0.0260380097 -0.8876071572 -0.1922340095 0.9729475975 0.1281369179 0.8669316769 0.2295539230 -0.4424188435
-169.0 242.0 2527.2 -0.7295027375 0.3969178796 -0.5570296049 0.6486701965 0.6597607136 -0.3793979287 0.2169164270 -0.6381003261 -0.7387660146
1.0 90.8 2476.6 0.0320120156 0.3969178796 0.9172956944 -0.7047365904 0.6597607136 -0.2608872652 -0.7087464929 -0.6381003261 0.3008428216
-303.3 185.9 2780.3 -0.4200113416 0.4792799652 -0.7706368566 -0.8872390985 -0.0383457765 0.4597133994 0.1907807589 0.8768239617 0.4413415790
-418.4 -57.3 2832.6 0.2816677988 0.4792799652 -0.8312364221 -0.9394783378 -0.0383457765 -0.3404556811 -0.1950479895 0.8768239617 0.4394723773
-203.1 -154.6 2486.8 -0.6564533114 0.1676369011 -0.7355045080 0.0208083112 0.9786489606 0.2044827640 0.7540795803 0.1189287901 -0.6459256411
-269.7 -543.4 2439.5 -0.6564101577 -0.0125207696 -0.7543002963 -0.0134992180 0.9998971224 -0.0048501333 0.7542834282 0.0069987876 -0.6565116644
-289.8 -191.8 2643.8 0.3783387244 0.0757954717 0.9225588441 -0.0898217857 0.9949449301 -0.0449069031 -0.9212990403 -0.0658758655 0.3832342625
-319.9 -586.2 2669.9 0.3626396358 0.3418056071 0.8669841290 -0.1342411041 0.9397676587 -0.3143502772 -0.9222102761 -0.0023890340 0.3866813481
-8.3 297.4 2684.4 0 0 0 0 0 0 0 0 0
-339.2 -321.5 2777.7 0 0 0 0 0 0 0 0 0
-265.6 -873.0 2437.2 0 0 0 0 0 0 0 0 0
-421.2 -864.6 2670.7 0 0 0 0 0 0 0 0 0
-229.3 409.3 2700.0 4 -0.4840057492 0.0333137289 -0.8744304776 -0.1991991401 0.9688451290 0.1471693665 0.8520904779 0.2454166114 -0.4622905552
-235.9 215.0 2650.8 -0.4840057492 0.0333137289 -0.8744304776 -0.1991991401 0.9688451290 0.1471693665 0.8520904779 0.2454166114 -0.4622905552
-241.8 21.2 2607.5 -0.4832773805 0.0294227358 -0.8749727011 -0.1766243428 0.9756072164 0.1303624511 0.8574653268 0.2175427079 -0.4662921429
-165.4 240.8 2525.6 -0.7285813093 0.4190080166 -0.5418500900 0.6580687165 0.6476741433 -0.3840100765 0.1900390089 -0.6363571882 -0.7476193905
4.4 87.4 2481.3 0.0431635492 0.4190080166 0.9069560170 -0.7142633200 0.6476741433 -0.2652284503 -0.6985448003 -0.6363571882 0.3272379637
-306.5 189.3 2775.9 -0.4331307113 0.4566782713 -0.7770732045 -0.8807583451 -0.0312966257 0.4725307524 0.1914747506 0.8890812397 0.4157786965
-425.2 -52.2 2828.4 0.2774691880 0.4566782713 -0.8452548981 -0.9445186853 -0.0312966257 -0.3269632757 -0.1757706553 0.8890812397 0.4226573110
-204.3 -155.1 2483.1 -0.6780487299 0.1606366038 -0.7172487974 0.0185885075 0.9792616963 0.2017450035 0.7347818613 0.1234603599 -0.6669731140
-268.1 -544.2 2434.0 -0.6779773235 -0.0103031546 -0.7350105643 -0.0011167558 0.9999150634 -0.0129864039 0.7350819707 -0.0079836603 -0.6779312491
-292.6 -189.6 2643.8 0.4009914696 0.0633052811 0.9138918519 -0.0987409204 0.9947842360 -0.0255838037 -0.9107447863 -0.0799796358 0.4051508009
-317.8 -586.7 2675.7 0.3821517825 0.3814401031 0.8417026997 -0.1457709074 0.9243144989 -0.3526946306 -0.9125299454 0.0120871235 0.4088313282
-8.2 296.8 2686.1 0 0 0 0 0 0 0 0 0
-347.2 -317.8 2779.0 0 0 0 0 0 0 0 0 0
-264.8 -873.1 2436.6 0 0 0 0 0 0 0 0 0
-431.8 -862.7 2672.1 0 0 0 0 0 0 0 0 0
-229.3 410.0 2697.4 5 -0.5051792860 0.0362889022 -0.8622511625 -0.1998813152 0.9670288563 0.1578058898 0.8395482898 0.2520681620 -0.4812694490
-236.5 216.1 2646.8 -0.5051792860 0.0362889022 -0.8622511625 -0.1998813152 0.9670288563 0.1578058898 0.8395482898 0.2520681620 -0.4812694490
-242.3 22.3 2603.2 -0.5043500066 0.0289625581 -0.8630135059 -0.1751972586 0.9752179384 0.1351144016 0.8455395103 0.2193425447 -0.4867769778
-162.9 241.6 2523.4 -0.7297001481 0.4371252656 -0.5257938504 0.6613960862 0.6463154554 -0.3805674613 0.1734730303 -0.6254581213 -0.7607294321
7.2 87.4 2483.0 0.0562869236 0.4371252656 0.8976376057 -0.7137119770 0.6463154554 -0.2699843943 -0.6981740594 -0.6254581213 0.3483606279
-310.1 190.5 2770.3 -0.4417545199 0.4353058934 -0.7844499350 -0.8788639903 -0.0344062224 0.4758301377 0.1801417023 0.8996249437 0.3977737725
-431.3 -50.4 2819.6 0.2770648599 0.4353058934 -0.8565884829 -0.9456512928 -0.0344062224 -0.3233571053 -0.1702312231 0.8996249437 0.4021148384
-203.4 -156.4 2485.7 -0.6962667108 0.1630925685 -0.6990089417 0.0147298602 0.9768856168 0.2132546008 0.7176319957 0.1381857693 -0.6825752258
-268.2 -544.6 2430.8 -0.6962051988 -0.0097453305 -0.7177766562 0.0051233298 0.9998149276 -0.0185439512 0.7178245187 -0.0165878013 -0.6960263848
-293.9 -188.4 2643.8 0.4186487794 0.1282518655 0.8990465403 -0.1334478557 0.9879190326 -0.0787886754 -0.8982899785 -0.0869910493 0.4307060540
-344.9 -581.1 2678.4 0.4305876791 0.2158128768 0.8763669729 -0.0822430477 0.9763336182 -0.2000218481 -0.8987938166 0.0140518537 0.4381463230
-9.3 296.7 2687.7 0 0 0 0 0 0 0 0 0
-353.3 -316.4 2771.8 0 0 0 0 0 0 0 0 0
-265.0 -873.5 2436.3 0 0 0 0 0 0 0 0 0
-417.5 -909.5 2673.6 0 0 0 0 0 0 0 0 0
-229.9 410.0 2696.1 6 -0.5195701718 0.0351132192 -0.8537060022 -0.2005525827 0.9662296772 0.1617987603 0.8305573463 0.2552787364 -0.4949820936
-237.0 216.1 2644.8 -0.5195701718 0.0351132192 -0.8537060022 -0.2005525827 0.9662296772 0.1617987603 0.8305573463 0.2552787364 -0.4949820936
-242.7 22.6 2600.2 -0.5188173652 0.0286444556 -0.8544051051 -0.1776424944 0.9740104079 0.1405235082 0.8362246752 0.2246846855 -0.5002450347
-161.3 242.0 2522.8 -0.7302172780 0.4495683014 -0.5144618750 0.6630545259 0.6478924751 -0.3749586940 0.1647464484 -0.6149176359 -0.7711905837
9.0 87.4 2484.4 0.0653761029 0.4495683014 0.8908503056 -0.7104274631 0.6478924751 -0.2748238742 -0.7007273436 -0.6149176359 0.3617423475
-312.7 190.2 2766.9 -0.4476496875 0.4203031659 -0.7892749906 -0.8781900406 -0.0403170921 0.4766096771 0.1684992760 0.9064875841 0.3871539831
-435.5 -50.6 2813.1 0.2767284513 0.4203031659 -0.8641566038 -0.9457247257 -0.0403170921 -0.3224581480 -0.1703704596 0.9064875841 0.3863342106
-201.8 -155.4 2482.1 -0.7061808705 0.1686342359 -0.6876562238 0.0239838120 0.9763626456 0.2148039341 0.7076251507 0.1351978034 -0.6935331225
-268.8 -543.4 2428.4 -0.7059732676 -0.0175389685 -0.7080212831 0.0045460607 0.9995605350 -0.0292938352 0.7082238793 -0.0238993708 -0.7055832744
-295.7 -187.7 2635.5 0.4284356534 0.1600923240 0.8892768621 -0.1607954353 0.9819784760 -0.0993129686 -0.8891500235 -0.1004424468 0.4464567304
-359.5 -578.9 2675.5 0.4480238259 0.1458072513 0.8820515275 -0.0481240451 0.9891137481 -0.1390613019 -0.8927254677 0.0198548883 0.4501633644
-10.2 295.7 2689.8 0 0 0 0 0 0 0 0 0
-357.6 -316.6 2765.2 0 0 0 0 0 0 0 0 0
-263.0 -873.8 2436.3 0 0 0 0 0 0 0 0 0
-411.8 -933.4 2668.4 0 0 0 0 0 0 0 0 0
-229.8 412.5 2695.9 7 -0.5011929870 0.0324723087 -0.8647260666 -0.2026319355 0.9671078324 0.1537619084 0.8412763476 0.2522855103 -0.4781277478
-236.4 218.3 2645.2 -0.5011929870 0.0324723087 -0.8647260666 -0.2026319355 0.9671078324 0.1537619084 0.8412763476 0.2522855103 -0.4781277478
-241.3 24.4 2602.0 -0.5004153252 0.0248054583 -0.8654300570 -0.1762538105 0.9757383466 0.1298819482 0.8476550579 0.2175302655 -0.4839023352
-163.3 244.0 2521.5 -0.7324163318 0.4315937459 -0.5265863538 0.6579983234 0.6474138498 -0.3845692575 0.1749416292 -0.6281577349 -0.7581644058
7.4 90.6 2480.7 0.0573968738 0.4315937459 0.9002401829 -0.7146509290 0.6474138498 -0.2648193836 -0.6971223950 -0.6281577349 0.3455984294
-309.4 192.6 2769.0 -0.4366282225 0.4387472272 -0.7854022384 -0.8807606101 -0.0305486359 0.4725754559 0.1833482087 0.8980911374 0.3997696638
-429.1 -48.9 2819.3 0.2813960314 0.4387472272 -0.8534150124 -0.9444854856 -0.0305486359 -0.3271299601 -0.1695980281 0.8980911374 0.4057941139
-200.8 -154.7 2478.9 -0.6922853589 0.1731438190 -0.7005442381 0.0214550272 0.9752979875 0.2198488265 0.7213048339 0.1371679157 -0.6788992882
-269.6 -542.3 2424.3 -0.6921434402 -0.0187711529 -0.7215158343 0.0123813367 0.9992058277 -0.0378729142 0.7216538191 -0.0351468176 -0.6913613677
-292.0 -185.9 2638.1 0.4094481766 0.1622952670 0.8977819681 -0.1786501706 0.9792622924 -0.0955484211 -0.8946710825 -0.1212667674 0.4299512208
-356.7 -576.5 2686.5 0.4289830327 0.1036807150 0.8973426819 -0.0350030102 0.9945529699 -0.0981790721 -0.9026341438 0.0107074603 0.4302754700
-9.4 300.1 2685.1 0 0 0 0 0 0 0 0 0
-350.0 -314.5 2771.6 0 0 0 0 0 0 0 0 0
-263.3 -874.7 2436.0 0 0 0 0 0 0 0 0 0
-395.1 -944.5 2682.5 0 0 0 0 0 0 0 0 0
-228.1 413.6 2696.3 8 -0.5024075508 0.0337924063 -0.8639703393 -0.2072768658 0.9653909206 0.1582928747 0.8394182324 0.2586086094 -0.4780153036
-234.9 219.9 2644.5 -0.5024075508 0.0337924063 -0.8639703393 -0.2072768658 0.9653909206 0.1582928747 0.8394182324 0.2586086094 -0.4780153036
-240.3 26.3 2600.1 -0.5015392303 0.0273080673 -0.8647037745 -0.1797102243 0.9744113088 0.1350069493 0.8462639451 0.2231073976 -0.4837979674
-161.6 246.1 2520.9 -0.7307471037 0.4338394701 -0.5270597339 0.6589940786 0.6497985125 -0.3787990510 0.1781446785 -0.6241355538 -0.7607360482
8.7 92.5 2479.4 0.0559721962 0.4338394701 0.8992499113 -0.7108212709 0.6497985125 -0.2692488730 -0.7011420727 -0.6241355538 0.3447529972
-308.1 193.7 2768.0 -0.4392525554 0.4379732311 -0.7843702435 -0.8805380464 -0.0368296206 0.4725424051 0.1780728698 0.8982332945 0.4018296003
-428.5 -47.7 2816.8 0.2789691687 0.4379732311 -0.8546084762 -0.9442678690 -0.0368296206 -0.3271112144 -0.1747408658 0.8982332945 0.4032897353
-200.3 -153.3 2481.0 -0.6918888092 0.1766208112 -0.7000678778 0.0241246801 0.9747315049 0.2220731527 0.7216009498 0.1367610097 -0.6786667109
-270.5 -540.7 2426.7 -0.6916026473 -0.0216450337 -0.7219538093 0.0051682624 0.9993769526 -0.0349134989 0.7222597003 -0.0278775133 -0.6910598874
-291.6 -183.9 2634.2 0.4083247781 0.1716561913 0.8965517282 -0.1823012680 0.9777092338 -0.1041676849 -0.8944479227 -0.1209082678 0.4305160642
-360.2 -574.3 2682.4 0.4281894267 0.0905226618 0.8991437554 -0.0241308156 0.9957608581 -0.0887581855 -0.9033667445 0.0163082443 0.4285586476
-7.7 300.9 2684.9 0 0 0 0 0 0 0 0 0
-350.1 -313.3 2767.7 0 0 0 0 0 0 0 0 0
-263.2 -876.6 2436.1 0 0 0 0 0 0 0 0 0
-394.2 -948.7 2676.3 0 0 0 0 0 0 0 0 0
-228.7 412.8 2685.6 9 -0.5481403470 0.0162478331 -0.8362285495 -0.1825091243 0.9733937383 0.1385460347 0.8162307143 0.2285620123 -0.5305910110
-232.0 218.0 2639.8 -0.5481403470 0.0162478331 -0.8362285495 -0.1825091243 0.9733937383 0.1385460347 0.8162307143 0.2285620123 -0.5305910110
-236.7 23.7 2599.0 -0.5476747751 0.0232466646 -0.8363683224 -0.1595007032 0.9783816934 0.1316389143 0.8213475943 0.2054966390 -0.5321270823
-152.1 241.3 2520.0 -0.7338520885 0.4719913602 -0.4885542691 0.6675447226 0.6343259811 -0.3898904920 0.1258777380 -0.6122537255 -0.7805768251
18.9 85.7 2490.7 0.0877116770 0.4719913602 0.8772290349 -0.7248196602 0.6343259811 -0.2688251734 -0.6833323836 -0.6122537255 0.3977464139
-311.9 194.7 2759.6 -0.4552354515 0.3887273073 -0.8010317087 -0.8738690019 -0.0226603262 0.4856330454 0.1706271917 0.9210741520 0.3500125408
-436.7 -44.8 2806.4 0.2794763446 0.3887273073 -0.8779430985 -0.9496964812 -0.0226603262 -0.3123509884 -0.1413138360 0.9210741520 0.3628399074
-199.7 -150.8 2478.1 -0.7290222049 0.1757594198 -0.6615400910 0.0452431701 0.9767310023 0.2096417099 0.6829932332 0.1229032874 -0.7200104594
-269.5 -539.0 2429.3 -0.7291062474 -0.0148451896 -0.6842395067 -0.0004865996 0.9997757077 -0.0211725235 0.6844003797 -0.0151040684 -0.7289499640
-291.5 -185.4 2633.8 0.4535624087 0.1896783262 0.8708060980 -0.2061719447 0.9729160666 -0.1045344621 -0.8670491576 -0.1321228892 0.4803845286
-367.3 -574.0 2686.6 0.4750332832 0.0903618038 0.8753160238 -0.0421326384 0.9959083796 -0.0799456090 -0.8789585829 0.0010974529 0.4768968225
-6.8 298.2 2691.0 0 0 0 0 0 0 0 0 0
-358.1 -311.8 2766.7 0 0 0 0 0 0 0 0 0
-264.5 -875.3 2434.4 0 0 0 0 0 0 0 0 0
-401.5 -951.5 2686.2 0 0 0 0 0 0 0 0 0
-227.0 414.4 2680.2 0 -0.5769318938 0.0214489345 -0.8165105581 -0.1626898497 0.9766070247 0.1406082809 0.8004258871 0.2139593810 -0.5599462390
-231.3 218.8 2637.3 -0.5769318938 0.0214489345 -0.8165105581 -0.1626898497 0.9766070247 0.1406082809 0.8004258871 0.2139593810 -0.5599462390
-235.9 23.7 2600.1 -0.5764261484 0.0229299031 -0.8168274760 -0.1403701305 0.9819688201 0.1266233921 0.8050025702 0.1876472235 -0.5628138185
-147.2 239.3 2519.9 -0.7331267595 0.4969147146 -0.4643284678 0.6743657589 0.6195663214 -0.4017068744 0.0880682245 -0.6076292396 -0.7893229127
23.7 82.1 2499.4 0.1059816480 0.4969147146 0.8613034487 -0.7382815480 0.6195663214 -0.2666044533 -0.6661143303 -0.6076292396 0.4325256348
-315.3 198.3 2754.7 -0.4668962359 0.3568785787 -0.8091017008 -0.8675352931 -0.0074727563 0.4973195195 0.1714364588 0.9341208935 0.3130937517
-443.4 -39.6 2801.7 0.2776254117 0.3568785787 -0.8919427395 -0.9539376497 -0.0074727563 -0.2999118865 -0.1136973947 0.9341208935 0.3383652866
-191.2 -156.1 2483.0 -0.7517641187 0.1943311989 -0.6301476955 0.0616748445 0.9721229076 0.2262150198 0.6565416455 0.1311960667 -0.7427924871
-268.5 -542.3 2430.9 -0.7523769736 -0.0146818142 -0.6585691571 -0.0026178232 0.9998103380 -0.0192985665 0.6587275863 -0.0127957799 -0.7522727251
-293.4 -184.3 2636.7 0.4810155332 0.2025546283 0.8529921770 -0.2274809033 0.9684579968 -0.1016935557 -0.8466855884 -0.1451232582 0.5119206309
-374.3 -571.1 2694.7 0.5040165186 0.0933295563 0.8586366773 -0.0602213815 0.9955224991 -0.0728586391 -0.8615919948 -0.0149863251 0.5073802471
-7.4 298.5 2694.6 0 0 0 0 0 0 0 0 0
-365.3 -307.7 2769.8 0 0 0 0 0 0 0 0 0
-263.6 -875.8 2435.2 0 0 0 0 0 0 0 0 0
-409.8 -950.0 2700.4 0 0 0 0 0 0 0 0 0
-229.2 416.0 2687.5 1 -0.5810964108 0.0101419855 -0.8137714863 -0.1706146300 0.9761839509 0.1339983046 0.7957497239 0.2167072594 -0.5655266643
-231.2 220.1 2644.0 -0.5810964108 0.0101419855 -0.8137714863 -0.1706146300 0.9761839509 0.1339983046 0.7957497239 0.2167072594 -0.5655266643
-235.5 25.3 2605.1 -0.5807154775 0.0215317346 -0.8138217926 -0.1470798403 0.9804260135 0.1308908314 0.8007103801 0.1957071126 -0.5661816597
-146.5 241.5 2527.1 -0.7338553667 0.4999509752 -0.4598970711 0.6733768582 0.6246355176 -0.3954669237 0.0895539746 -0.5998995900 -0.7950475216
24.6 84.5 2506.2 0.1098698229 0.4999509752 0.8590562344 -0.7328299880 0.6246355176 -0.2697975039 -0.6714825630 -0.5998995900 0.4350076616
-315.9 198.6 2760.8 -0.4675043225 0.3518979847 -0.8109300137 -0.8689960837 -0.0147000886 0.4946005940 0.1621282101 0.9359229207 0.3126703203
-444.1 -39.7 2805.3 0.2790106535 0.3518979847 -0.8934880495 -0.9527770877 -0.0147000886 -0.3033145070 -0.1198701188 0.9359229207 0.3311788738
-187.8 -158.5 2489.1 -0.7526350021 0.2081008106 -0.6246876121 0.0691085905 0.9684681892 0.2393604070 0.6548011303 0.1369797438 -0.7432846427
-270.5 -543.3 2434.7 -0.7533881664 -0.0211532395 -0.6572357416 -0.0116844345 0.9997553229 -0.0187834408 0.6574722528 -0.0064717936 -0.7534509301
-293.0 -183.0 2639.7 0.4854531586 0.2035931200 0.8502264619 -0.2215137929 0.9694164991 -0.1056564972 -0.8457345366 -0.1370456219 0.5157049894
-374.4 -570.3 2694.4 0.5084701777 0.0908144191 0.8562772870 -0.0519981757 0.9958464503 -0.0747394562 -0.8595081568 -0.0065220743 0.5110803843
-7.6 299.4 2703.1 0 0 0 0 0 0 0 0 0
-365.7 -307.6 2771.6 0 0 0 0 0 0 0 0 0
-263.4 -876.5 2436.8 0 0 0 0 0 0 0 0 0
-409.0 -950.1 2696.9 0 0 0 0 0 0 0 0 0
-227.1 417.6 2681.1 2 -0.6372311115 0.0009262483 -0.7706722617 -0.1592535675 0.9782575965 0.1328547001 0.7540390491 0.2073914558 -0.6232286692
-227.3 220.8 2639.4 -0.6372311115 0.0009262483 -0.7706722617 -0.1592535675 0.9782575965 0.1328547001 0.7540390491 0.2073914558 -0.6232286692
-230.4 25.5 2603.3 -0.6369992495 0.0152086541 -0.7707143426 -0.1310738921 0.9831092954 0.1277331114 0.7596390843 0.1823864281 -0.6242464185
-134.5 239.9 2528.7 -0.7331296206 0.5459271669 -0.4055669308 0.6795325279 0.6121408343 -0.4043749571 0.0275048167 -0.5720551610 -0.8197538257
36.5 81.5 2522.2 0.1514144391 0.5459271669 0.8240371346 -0.7436212897 0.6121408343 -0.2689069510 -0.6512303948 -0.5720551610 0.4986500144
