-394.0 508.8 2657.1 8 -0.6830314994 -0.0436091982 -0.7290859222 -0.1083794013 0.9932166338 0.0421255752 0.7223032117 0.1077909917 -0.6831246018
-385.3 310.8 2635.6 -0.6830314994 -0.0436091982 -0.7290859222 -0.1083794013 0.9932166338 0.0421255752 0.7223032117 0.1077909917 -0.6831246018
-378.5 112.8 2618.8 -0.6839381456 -0.0346755870 -0.7287154198 -0.0853424221 0.9958145022 0.0327130295 0.7245310545 0.0845640302 -0.6840348244
-289.1 322.8 2533.7 -0.8306515813 -0.4955914021 0.2537856996 -0.5304470658 0.5658183694 -0.6312491298 0.1692450345 -0.6589679718 -0.7328829169
-88.1 451.1 2492.7 -0.3964948952 -0.4955914021 0.7727748752 -0.8224095702 0.5658183694 -0.0590941571 -0.4079636335 -0.6589679718 -0.6319231987
-481.6 298.8 2737.6 -0.2312340885 0.9058093429 -0.3550214171 -0.8950979710 -0.0550851487 0.4424536526 0.3812222481 0.4200893342 0.8235256672
-544.0 57.2 2840.5 -0.1058985367 0.9093115330 -0.4024152458 -0.9797766209 -0.0263228361 0.1983554363 0.1697741747 0.4152825773 0.8937097192
-309.4 -73.0 2535.6 -0.3520241976 0.2908546925 -0.8896530271 0.0768430382 0.9562653303 0.2822265029 0.9328312278 0.0309869200 -0.3589786887
-425.0 -453.2 2523.2 -0.3792097270 0.1743063629 -0.9087448716 -0.0562186763 0.9759426117 0.2106550187 0.9236013293 0.1309708655 -0.3602876663
-434.3 -93.0 2668.5 -0.7724355459 0.1172627732 -0.6241736412 0.1590679288 0.9872019887 -0.0113873510 0.6148501039 -0.1080820039 -0.7812026739
-480.4 -480.6 2710.9 -0.7669001222 -0.1598118991 -0.6215499640 -0.2113874108 0.9773559570 0.0095244637 0.6059533954 0.1386921555 -0.7833166122
18.6 672.5 2602.5 0 0 0 0 0 0 0 0 0
-571.5 -197.5 2884.6 0 0 0 0 0 0 0 0 0
-488.4 -808.4 2475.6 0 0 0 0 0 0 0 0 0
-428.4 -798.2 2665.9 0 0 0 0 0 0 0 0 0
-394.8 506.3 2657.4 9 -0.6914665103 -0.0411912240 -0.7212331891 -0.1064385697 0.9932860732 0.0453168824 0.7145242095 0.1081021354 -0.6912084222
-386.6 308.6 2635.9 -0.6914665103 -0.0411912240 -0.7212331891 -0.1064385697 0.9932860732 0.0453168824 0.7145242095 0.1081021354 -0.6912084222
-380.4 110.6 2619.3 -0.6923546791 -0.0315103568 -0.7208689451 -0.0821365416 0.9959939122 0.0353510827 0.7168672085 0.0836851746 -0.6921692491
-289.2 320.1 2535.1 -0.8309695125 -0.4944083095 0.2550491989 -0.5315298438 0.5702630281 -0.6263195276 0.1642124504 -0.6560186744 -0.7366639376
-86.4 449.8 2495.0 -0.3672069311 -0.4944083095 0.7878575325 -0.8210867047 0.5702630281 -0.0248343740 -0.4370076954 -0.6560186744 -0.6153566241
-484.1 297.0 2736.8 -0.2391702980 0.9008140564 -0.3623970151 -0.8939439654 -0.0585915782 0.4443323910 0.3790274560 0.4302337170 0.8192906380
-548.6 55.7 2839.1 -0.1118278652 0.9044877887 -0.4115778804 -0.9792454839 -0.0298499651 0.2004675418 0.1690348536 0.4254536331 0.8890536427
-308.8 -77.3 2535.5 -0.3624784648 0.2963324785 -0.8836268783 0.0776563361 0.9544116855 0.2882149220 0.9287512302 0.0358524807 -0.3689657748
-426.6 -456.8 2521.3 -0.3880062103 0.1684411764 -0.9061339498 -0.0513913967 0.9776741266 0.2037455589 0.9202228785 0.1256220341 -0.3706871867
-437.6 -95.0 2668.4 -0.7786113024 0.1225300655 -0.6154273748 0.1625591367 0.9866557121 -0.0092218742 0.6060849428 -0.1072236001 -0.7881396413
-485.8 -482.4 2710.5 -0.7745058537 -0.1573138088 -0.6126932502 -0.2079054713 0.9780791402 0.0116839102 0.5974244475 0.1364315301 -0.7902344465
12.4 670.9 2612.6 0 0 0 0 0 0 0 0 0
-577.7 -198.9 2883.1 0 0 0 0 0 0 0 0 0
-487.4 -809.6 2475.9 0 0 0 0 0 0 0 0 0
-434.6 -800.2 2666.2 0 0 0 0 0 0 0 0 0
-393.4 504.3 2657.6 0 -0.6905050874 -0.0366371013 -0.7223991156 -0.1041496024 0.9933453202 0.0491730049 0.7157902122 0.1091917902 -0.6897256970
-386.1 306.5 2635.9 -0.6905050874 -0.0366371013 -0.7223991156 -0.1041496024 0.9933453202 0.0491730049 0.7157902122 0.1091917902 -0.6897256970
-380.6 108.5 2618.8 -0.6912470460 -0.0280125514 -0.7220753431 -0.0813180804 0.9959166050 0.0392102040 0.7180284262 0.0858217180 -0.6907023787
-288.9 317.9 2534.8 -0.8302908540 -0.5049803257 0.2358219177 -0.5309866667 0.5881914496 -0.6099868417 0.1693229079 -0.6316847801 -0.7565078139
-87.1 447.0 2493.7 -0.3686999381 -0.5049803257 0.7804198861 -0.8087203503 0.5881914496 -0.0014736286 -0.4582921565 -0.6316847801 -0.6252540350
-483.4 295.0 2736.9 -0.2414381653 0.9014397264 -0.3593243957 -0.8939170837 -0.0624980144 0.4438538253 0.3776504099 0.4283694923 0.8209018111
-548.6 53.7 2838.9 -0.1147843599 0.9052007794 -0.4091896415 -0.9792128205 -0.0337578878 0.2000066638 0.1672327965 0.4236413538 0.8902590275
-310.6 -79.9 2536.9 -0.3611026108 0.2938268185 -0.8850257993 0.0747661069 0.9551298022 0.2865956128 0.9295240641 0.0373204909 -0.3668681681
-427.4 -459.7 2522.0 -0.3865150213 0.1681470126 -0.9068256021 -0.0539862104 0.9774292111 0.2042490542 0.9207016826 0.1279014051 -0.3687134385
-438.4 -97.0 2667.6 -0.7768942118 0.1256303787 -0.6169703007 0.1639111489 0.9864596128 -0.0055307662 0.6079214811 -0.1054251343 -0.7869669795
-487.8 -484.3 2709.0 -0.7740454674 -0.1537826210 -0.6141697764 -0.2065627873 0.9783125520 0.0153728230 0.5984859467 0.1387638897 -0.7890241742
12.2 664.8 2617.1 0 0 0 0 0 0 0 0 0
-578.4 -200.8 2882.3 0 0 0 0 0 0 0 0 0
-487.8 -810.5 2476.1 0 0 0 0 0 0 0 0 0
-437.8 -802.2 2663.9 0 0 0 0 0 0 0 0 0
-397.4 502.8 2656.7 1 -0.7001883984 -0.0592739694 -0.7114933729 -0.1217544377 0.9918633103 0.0371885002 0.7034998536 0.1126664355 -0.7017080784
-385.5 304.9 2634.2 -0.7001883984 -0.0592739694 -0.7114933729 -0.1217544377 0.9918633103 0.0371885002 0.7034998536 0.1126664355 -0.7017080784
-376.7 107.2 2616.2 -0.7015440464 -0.0441835821 -0.7112550139 -0.0957209542 0.9948738217 0.0326118991 0.7061681151 0.0909606963 -0.7021771669
-286.8 318.4 2534.9 -0.8408270478 -0.4882017672 0.2338137478 -0.5157841444 0.5915265083 -0.6197282672 0.1642454118 -0.6416817307 -0.7491782308
-85.6 441.9 2495.5 -0.3451074064 -0.4882017672 0.8015983701 -0.8061777949 0.5915265083 0.0131815979 -0.4806019366 -0.6416817307 -0.5977175832
-484.2 291.5 2733.6 -0.2341540158 0.8952144384 -0.3791609108 -0.8995743990 -0.0516005419 0.4337087572 0.3686974347 0.4426380992 0.8173944950
-547.4 48.7 2833.1 -0.1028711274 0.8986219764 -0.4264927208 -0.9817532897 -0.0227871332 0.1887888014 0.1599312276 0.4381315410 0.8845692277
-311.6 -82.0 2535.9 -0.3739240766 0.2908755839 -0.8806657791 0.0750952512 0.9559242129 0.2838478684 0.9244141579 0.0400037318 -0.3792864382
-427.2 -462.1 2520.0 -0.3979859948 0.1724635214 -0.9010346532 -0.0446915366 0.9773592949 0.2068127245 0.9163022637 0.1225771904 -0.3812676370
-432.3 -99.4 2662.9 -0.7890185714 0.1126051322 -0.6039617658 0.1488796920 0.9888033271 -0.0101405513 0.5960574746 -0.0979187191 -0.7969487906
-476.5 -487.6 2701.3 -0.7805014849 -0.1705522388 -0.6014394164 -0.2214164436 0.9751193523 0.0108191855 0.5846299529 0.1416129768 -0.7988451719
7.4 659.0 2625.0 0 0 0 0 0 0 0 0 0
-574.2 -206.6 2874.7 0 0 0 0 0 0 0 0 0
-488.6 -809.8 2476.4 0 0 0 0 0 0 0 0 0
-421.1 -804.4 2655.3 0 0 0 0 0 0 0 0 0
-395.9 502.6 2656.7 2 -0.6917681098 -0.0553377457 -0.7199962735 -0.1162566245 0.9925878048 0.0354099795 0.7127000093 0.1081998274 -0.6930739880
-384.8 305.0 2635.2 -0.6917681098 -0.0553377457 -0.7199962735 -0.1162566245 0.9925878048 0.0354099795 0.7127000093 0.1081998274 -0.6930739880
-376.2 107.2 2617.2 -0.6928010583 -0.0436221249 -0.7198082209 -0.0955112875 0.9949256182 0.0316328071 0.7147757411 0.0906650499 -0.6934518814
-287.4 318.4 2534.6 -0.8573532701 -0.4679763317 0.2143444270 -0.4851710498 0.5956398249 -0.6401736140 0.1719139963 -0.6528486013 -0.7377223372
-83.7 433.7 2493.8 -0.3192803860 -0.4679763317 0.8240498900 -0.8027902842 0.5956398249 0.0272193961 -0.5035749674 -0.6528486013 -0.5658630133
-482.3 291.5 2735.8 -0.2291561961 0.9005784392 -0.3693858087 -0.8994070292 -0.0507841483 0.4341519773 0.3722289801 0.4317168295 0.8216241002
-544.2 48.8 2836.3 -0.1003822386 0.9039154649 -0.4157645702 -0.9816827774 -0.0219703428 0.1892517656 0.1619331092 0.4271464348 0.8895636797
-303.6 -81.8 2533.3 -0.3602669239 0.3118706942 -0.8791725636 0.0831434429 0.9494436383 0.3027276099 0.9291366339 0.0359653160 -0.3679831326
-427.6 -459.2 2519.0 -0.3860611022 0.1681131124 -0.9070252180 -0.0474207588 0.9783369899 0.2015143186 0.9212535620 0.1208086684 -0.3697258234
-431.0 -99.3 2664.8 -0.7817544937 0.1108680889 -0.6136515141 0.1489270031 0.9887861013 -0.0110804373 0.6055416465 -0.1000514627 -0.7894992232
-474.6 -487.6 2704.0 -0.7731783390 -0.1693325788 -0.6111642718 -0.2213702500 0.9751397967 0.0098758098 0.5942983031 0.1429293454 -0.7914421558
2.3 649.9 2629.4 0 0 0 0 0 0 0 0 0
-570.3 -206.4 2878.4 0 0 0 0 0 0 0 0 0
-487.8 -809.8 2475.7 0 0 0 0 0 0 0 0 0
-419.6 -804.5 2657.6 0 0 0 0 0 0 0 0 0
-400.3 507.0 2666.8 3 -0.6904749274 -0.0714378655 -0.7198201418 -0.1543114632 0.9867516756 0.0500913486 0.7067052722 0.1456633210 -0.6923509240
-386.1 310.4 2637.7 -0.6904749274 -0.0714378655 -0.7198201418 -0.1543114632 0.9867516756 0.0500913486 0.7067052722 0.1456633210 -0.6923509240
-374.1 113.7 2612.8 -0.6919665337 -0.0599835515 -0.7194333076 -0.1318723559 0.9902775884 0.0442721955 0.7097830772 0.1255082339 -0.6931490898
-288.7 329.0 2537.9 -0.8829717636 -0.4289872646 0.1906063259 -0.4365389645 0.6010733843 -0.6694359779 0.1726111174 -0.6743001342 -0.7180005312
-83.1 430.6 2497.8 -0.3055072129 -0.4289872646 0.8500795364 -0.7990303040 0.6010733843 0.0161671154 -0.5178956985 -0.6743001342 -0.5264061093
-483.4 291.9 2737.5 -0.2148947120 0.9007828832 -0.3773730993 -0.9155524373 -0.0512975939 0.3989139199 0.3399765193 0.4312293231 0.8357375264
-541.4 44.9 2829.3 -0.0845205113 0.9036569595 -0.4198337495 -0.9882775545 -0.0222648792 0.1510357559 0.1271369606 0.4276778996 0.8949456811
-303.9 -81.8 2533.6 -0.3499356508 0.3156400919 -0.8819956779 0.0840019882 0.9483047724 0.3060419858 0.9329998493 0.0330056064 -0.3583600223
-429.4 -458.8 2520.5 -0.3773707151 0.1611155570 -0.9119392037 -0.0589027368 0.9785793424 0.1972637326 0.9241871238 0.1281572729 -0.3597970307
-425.7 -95.1 2653.0 -0.7847773433 0.0948417857 -0.6124782562 0.1147864014 0.9933673143 0.0067446716 0.6090555191 -0.0650111064 -0.7904586792
-462.9 -484.9 2678.5 -0.7701116204 -0.1854996085 -0.6103425026 -0.2547723949 0.9666045904 0.0276867580 0.5848239660 0.1768203080 -0.7916536331
-0.8 645.9 2637.3 0 0 0 0 0 0 0 0 0
-563.3 -211.8 2862.3 0 0 0 0 0 0 0 0 0
-487.5 -811.3 2474.3 0 0 0 0 0 0 0 0 0
-402.7 -798.7 2621.1 0 0 0 0 0 0 0 0 0
-398.3 510.5 2663.8 4 -0.7075526118 -0.0589097962 -0.7042009234 -0.1356203854 0.9893150926 0.0535049178 0.6935246587 0.1333615482 -0.7079818249
-386.6 313.8 2637.3 -0.7075526118 -0.0589097962 -0.7042009234 -0.1356203854 0.9893150926 0.0535049178 0.6935246587 0.1333615482 -0.7079818249
-376.7 116.6 2614.8 -0.7086837888 -0.0500921905 -0.7037457228 -0.1150552779 0.9923288822 0.0452292413 0.6960815787 0.1130228862 -0.7090107799
-287.0 330.0 2539.4 -0.8916859031 -0.4147709310 0.1812767833 -0.4098110497 0.5696567297 -0.7124226689 0.1922266781 -0.7095465064 -0.6779326200
-84.6 423.0 2495.8 -0.2886743248 -0.4147709310 0.8629207611 -0.8218819499 0.5696567297 -0.0011346970 -0.4910979867 -0.7095465064 -0.5053380132
-486.3 297.6 2735.1 -0.2338413745 0.8905463219 -0.3901864886 -0.9088668823 -0.0576635674 0.4130809307 0.3453681469 0.4512230158 0.8228721619
-549.4 52.4 2828.3 -0.0998910293 0.8938629031 -0.4370708466 -0.9856281877 -0.0287499987 0.1664646864 0.1362308115 0.4474176764 0.8838883638
-298.7 -70.9 2522.8 -0.3600465357 0.3222441971 -0.8755142093 0.1246604621 0.9466541409 0.2971627712 0.9245681763 -0.0021495812 -0.3810106516
-426.8 -447.0 2523.7 -0.3973252177 0.1616180688 -0.9033339620 -0.0594280511 0.9777715206 0.2010749280 0.9157515764 0.1335755140 -0.3788886368
-431.8 -91.1 2656.1 -0.7961698771 0.1089272052 -0.5951877236 0.1315547824 0.9912939668 0.0054418663 0.5905987620 -0.0739671364 -0.8035682440
-474.5 -480.2 2685.2 -0.7857462764 -0.1767686903 -0.5927525759 -0.2383162081 0.9708289504 0.0263919719 0.5707960725 0.1619999260 -0.8049520850
-7.2 643.5 2627.5 0 0 0 0 0 0 0 0 0
-575.4 -203.7 2863.7 0 0 0 0 0 0 0 0 0
-487.1 -811.9 2473.8 0 0 0 0 0 0 0 0 0
-417.1 -795.5 2632.5 0 0 0 0 0 0 0 0 0
-398.0 508.0 2659.8 5 -0.7106078267 -0.0577118136 -0.7012174129 -0.1328929365 0.9897006154 0.0532179251 0.6909240484 0.1310039163 -0.7109584808
-386.5 311.2 2633.7 -0.7106078267 -0.0577118136 -0.7012174129 -0.1328929365 0.9897006154 0.0532179251 0.6909240484 0.1310039163 -0.7109584808
-376.5 113.9 2612.0 -0.7117190957 -0.0503783822 -0.7006554008 -0.1125118360 0.9927234650 0.0429098494 0.6933953166 0.1093717813 -0.7122083902
-286.3 327.1 2536.2 -0.8978072405 -0.3826624751 0.2179715633 -0.4138920605 0.5640934706 -0.7144871354 0.1504510790 -0.7316884398 -0.6648281813
-83.9 420.4 2502.3 -0.2814010084 -0.3826624751 0.8799902797 -0.8254995942 0.5640934706 -0.0186808798 -0.4892483354 -0.7316884398 -0.4746241868
-486.6 295.4 2731.3 -0.2354990542 0.8885828257 -0.3936506212 -0.9075976610 -0.0562201031 0.4160597622 0.3475724757 0.4552580714 0.8197154999
-550.2 50.5 2825.1 -0.1006473750 0.8919219375 -0.4408461750 -0.9851254821 -0.0273114853 0.1696523279 0.1392764598 0.4513638616 0.8814038634
-301.8 -70.0 2528.5 -0.3694621623 0.3097656965 -0.8760952950 0.1116141528 0.9507700801 0.2890995443 0.9225183129 0.0090267081 -0.3858478069
-424.9 -447.8 2524.9 -0.4042264521 0.1679472774 -0.8991076946 -0.0565835387 0.9765233397 0.2078471780 0.9129070640 0.1348920316 -0.3852335215
-431.8 -93.7 2653.8 -0.7986953855 0.1094080135 -0.5917056203 0.1337570548 0.9910104871 0.0026927912 0.5866811275 -0.0769940838 -0.8061496019
-474.7 -482.8 2684.1 -0.7882461548 -0.1773219258 -0.5892579556 -0.2362160385 0.9714124203 0.0236630961 0.5682165027 0.1578445286 -0.8075983524
-8.5 641.5 2633.3 0 0 0 0 0 0 0 0 0
-576.3 -205.6 2861.3 0 0 0 0 0 0 0 0 0
-487.6 -812.2 2474.6 0 0 0 0 0 0 0 0 0
-417.1 -798.4 2632.8 0 0 0 0 0 0 0 0 0
-401.3 508.1 2667.3 6 -0.6967804432 -0.0714593977 -0.7137160301 -0.1588369608 0.9856938720 0.0563773103 0.6994768381 0.1526470929 -0.6981626153
-387.1 311.7 2636.9 -0.6967804432 -0.0714593977 -0.7137160301 -0.1588369608 0.9856938720 0.0563773103 0.6994768381 0.1526470929 -0.6981626153
-374.7 115.0 2611.4 -0.6983886957 -0.0627325699 -0.7129641175 -0.1351607591 0.9897872210 0.0453078263 0.7028405070 0.1280072480 -0.6997352242
-288.9 330.8 2538.0 -0.9100196958 -0.3430753350 0.2327305377 -0.3962367177 0.5547192097 -0.7316303849 0.1219042316 -0.7580144405 -0.6407444477
-80.8 421.3 2510.1 -0.2857074738 -0.3430753350 0.8948019743 -0.8303825259 0.5547192097 -0.0524540916 -0.4783681631 -0.7580144405 -0.4433712065
-485.3 292.7 2735.7 -0.2167630494 0.8967312574 -0.3858586252 -0.9169726372 -0.0514217652 0.3956223130 0.3349253535 0.4395780861 0.8334243298
-543.8 45.3 2826.1 -0.0843273103 0.8995917439 -0.4285131991 -0.9888071418 -0.0224279966 0.1475039870 0.1230826750 0.4361555278 0.8914140463
-301.2 -73.1 2526.6 -0.3500006199 0.3090967834 -0.8842843175 0.1074669361 0.9510088563 0.2898844481 0.9305645823 0.0064284084 -0.3660713732
-424.1 -451.1 2524.1 -0.3837806582 0.1724496931 -0.9071788788 -0.0546682738 0.9764412642 0.2087434232 0.9218046069 0.1297055930 -0.3653117716
-426.3 -94.1 2650.4 -0.7906391025 0.0940434188 -0.6050170660 0.1116922498 0.9937064648 0.0085010799 0.6020088196 -0.0608544275 -0.7961671352
-463.2 -484.2 2674.3 -0.7752569914 -0.1884112656 -0.6028912067 -0.2576784194 0.9657793641 0.0295298304 0.5766961575 0.1782452613 -0.7972767353
-4.4 643.6 2638.2 0 0 0 0 0 0 0 0 0
-565.7 -211.7 2858.1 0 0 0 0 0 0 0 0 0
-487.6 -810.8 2476.3 0 0 0 0 0 0 0 0 0
-402.0 -797.8 2616.4 0 0 0 0 0 0 0 0 0
-400.5 509.4 2664.0 7 -0.6781814098 -0.0610210299 -0.7323567867 -0.1367468536 0.9896205664 0.0441745147 0.7220597863 0.1301058233 -0.6794866920
-388.4 312.4 2638.1 -0.6781814098 -0.0610210299 -0.7323567867 -0.1367468536 0.9896205664 0.0441745147 0.7220597863 0.1301058233 -0.6794866920
-377.9 115.1 2617.1 -0.6795359254 -0.0524827950 -0.7317625880 -0.1130863577 0.9930102229 0.0337955132 0.7248740792 0.1057176292 -0.6807212234
-292.8 328.3 2536.2 -0.9146097302 -0.3178072870 0.2499750555 -0.3939919174 0.5615270734 -0.7276384234 0.0908810273 -0.7639933825 -0.6387916803
-79.3 420.3 2515.0 -0.2782770991 -0.3178072870 0.9063996673 -0.8255229592 0.5615270734 -0.0565608591 -0.4909925163 -0.7639933825 -0.4186173379
-483.9 296.5 2740.0 -0.2131864130 0.9082865715 -0.3599541783 -0.9071040154 -0.0471535213 0.4182569683 0.3629240692 0.4156825840 0.8339629173
-541.4 51.8 2837.9 -0.0871243700 0.9112414122 -0.4025523961 -0.9849371910 -0.0182088856 0.1719511300 0.1493589580 0.4114699364 0.8991019726
-298.2 -69.3 2521.5 -0.3303017318 0.3152223527 -0.8896828890 0.1114055291 0.9490162730 0.2948845327 0.9372777343 -0.0017147177 -0.3485792577
-423.5 -446.5 2522.2 -0.3637869358 0.1746397465 -0.9149644971 -0.0491960794 0.9772941470 0.2060968429 0.9301821589 0.1199880093 -0.3469352722
-429.7 -92.6 2662.6 -0.7729023695 0.0985933095 -0.6268184185 0.1317140311 0.9912664890 -0.0064928536 0.6207039356 -0.0875791237 -0.7791383266
-468.4 -481.7 2697.0 -0.7605637908 -0.1772561669 -0.6245982647 -0.2381747365 0.9711151719 0.0144267492 0.6039996147 0.1597359926 -0.7808129787
-4.8 641.2 2646.4 0 0 0 0 0 0 0 0 0
-564.1 -204.1 2876.8 0 0 0 0 0 0 0 0 0
-488.5 -810.4 2477.5 0 0 0 0 0 0 0 0 0
-410.9 -797.1 2645.1 0 0 0 0 0 0 0 0 0
-401.4 506.0 2661.4 8 -0.6438408494 -0.0639404282 -0.7624831796 -0.1214612499 0.9924077392 0.0193404127 0.7554575801 0.1050643101 -0.6467189193
-388.6 307.6 2640.4 -0.6438408494 -0.0639404282 -0.7624831796 -0.1214612499 0.9924077392 0.0193404127 0.7554575801 0.1050643101 -0.6467189193
-378.3 109.9 2622.4 -0.6449471116 -0.0513417572 -0.7625006437 -0.1023942083 0.9945499897 0.0196418278 0.7573365569 0.0907435939 -0.6466892362
-298.0 321.9 2534.0 -0.9177167416 -0.3044976890 0.2551022768 -0.3902590275 0.5712856650 -0.7220322490 0.0741208717 -0.7621770501 -0.6431114078
-80.4 414.5 2516.4 -0.2759205997 -0.3044976890 0.9116737247 -0.8187699914 0.5712856650 -0.0569944419 -0.5034714937 -0.7621770501 -0.4069430530
-479.3 293.2 2746.8 -0.1924251020 0.9267056584 -0.3227835000 -0.9014171958 -0.0369208381 0.4313744307 0.3878397048 0.3739698827 0.8424528837
-531.2 50.1 2851.4 -0.0760595724 0.9293448925 -0.3612935841 -0.9824818969 -0.0080267619 0.1861852109 0.1701302528 0.3691255748 0.9136750102
-305.1 -71.9 2529.7 -0.3027035296 0.2974701524 -0.9054734111 0.0781716034 0.9545930624 0.2874740362 0.9498735666 0.0162370969 -0.3122123778
-423.4 -451.3 2523.2 -0.3305790126 0.1786881238 -0.9267081618 -0.0573407449 0.9762963057 0.2087045312 0.9420347810 0.1221314818 -0.3124969602
-427.1 -97.1 2673.7 -0.7439848185 0.0903207734 -0.6620640159 0.1398995519 0.9899176359 -0.0221625324 0.6533871293 -0.1091110483 -0.7491195202
-462.6 -485.6 2716.6 -0.7309396863 -0.1735277623 -0.6600115299 -0.2298918515 0.9732153416 -0.0012769515 0.6425549388 0.1507979035 -0.7512543797
-6.6 633.5 2651.1 0 0 0 0 0 0 0 0 0
-550.9 -205.2 2895.6 0 0 0 0 0 0 0 0 0
-488.9 -809.4 2478.4 0 0 0 0 0 0 0 0 0
-406.2 -801.8 2667.6 0 0 0 0 0 0 0 0 0
-403.2 501.8 2660.6 9 -0.6427726150 -0.0734753236 -0.7625252008 -0.1199096367 0.9927700162 0.0054169083 0.7566142082 0.0949159637 -0.6469358206
-388.5 303.1 2641.6 -0.6427726150 -0.0734753236 -0.7625252008 -0.1199096367 0.9927700162 0.0054169083 0.7566142082 0.0949159637 -0.6469358206
-378.1 105.3 2624.6 -0.6441044211 -0.0518195182 -0.7631803155 -0.0987813547 0.9949835539 0.0158100799 0.7585326433 0.0855713338 -0.6459921002
-297.9 317.0 2534.9 -0.9158418179 -0.3207642436 0.2415450662 -0.3926588595 0.5896164775 -0.7058126330 0.0839804858 -0.7412575483 -0.6659463644
-83.6 408.8 2515.3 -0.2781728506 -0.3207642436 0.9053894877 -0.8067425489 0.5896164775 -0.0389732830 -0.5213313103 -0.7412575483 -0.4227894247
-479.1 289.2 2748.3 -0.1918031424 0.9270725250 -0.3220994771 -0.8993321657 -0.0346182734 0.4358935356 0.3929544091 0.3732801974 0.8403860927
-530.8 46.6 2854.3 -0.0756113753 0.9296965003 -0.3604820967 -0.9815727472 -0.0057710549 0.1910018027 0.1754933447 0.3682813048 0.9130010605
-309.0 -78.4 2535.0 -0.3076007664 0.2923177481 -0.9055010080 0.0640680045 0.9558440447 0.2868056595 0.9493561387 0.0302079935 -0.3127465546
-425.1 -458.3 2523.0 -0.3326402605 0.1821465641 -0.9252961874 -0.0568338968 0.9755147696 0.2124637514 0.9413396716 0.1232621893 -0.3141433895
-426.8 -101.5 2677.1 -0.7433630228 0.0899374261 -0.6628142595 0.1431915462 0.9893441796 -0.0263485853 0.6533817053 -0.1144959554 -0.7483201623
-462.1 -489.9 2722.1 -0.7301988006 -0.1737800539 -0.6607648730 -0.2268689722 0.9739101529 -0.0054281233 0.6444689035 0.1459434330 -0.7505733371
-9.2 624.6 2654.7 0 0 0 0 0 0 0 0 0
-550.5 -208.5 2899.9 0 0 0 0 0 0 0 0 0
-490.2 -806.7 2478.9 0 0 0 0 0 0 0 0 0
-405.7 -806.3 2674.7 0 0 0 0 0 0 0 0 0
-400.3 500.0 2659.7 0 -0.6050752401 -0.0547341146 -0.7942846417 -0.0989799723 0.9950659871 0.0068316511 0.7899916768 0.0827519298 -0.6075074077
-389.4 300.7 2643.1 -0.6050752401 -0.0547341146 -0.7942846417 -0.0989799723 0.9950659871 0.0068316511 0.7899916768 0.0827519298 -0.6075074077
-380.6 102.6 2628.9 -0.6058371663 -0.0437920578 -0.7943825126 -0.0835790932 0.9964622259 0.0088096038 0.7911863327 0.0717309564 -0.6073539853
-304.3 312.4 2532.0 -0.9233751297 -0.2957815528 0.2447278053 -0.3773173392 0.5816976428 -0.7205966115 0.0707815811 -0.7577210069 -0.6487286687
-83.9 402.4 2515.1 -0.2795515060 -0.2957815528 0.9134353995 -0.8111964464 0.5816976428 -0.0599010736 -0.5136256218 -0.7577210069 -0.4025513828
-474.5 289.0 2754.3 -0.1749228388 0.9444528222 -0.2782280147 -0.8921450377 -0.0324981101 0.4505786896 0.4165084362 0.3270362616 0.8482735753
-521.7 48.3 2866.6 -0.0700732544 0.9469223619 -0.3137320876 -0.9782868028 -0.0037379572 0.2072219849 0.1950504035 0.3214406967 0.9266235828
-308.7 -83.4 2538.0 -0.2715847194 0.2945789099 -0.9162232280 0.0422335751 0.9547355771 0.2944423854 0.9614874125 0.0412706695 -0.2717326880
-425.8 -462.9 2521.6 -0.2922021449 0.1844403297 -0.9384027123 -0.0588983744 0.9758936167 0.2101489753 0.9545412064 0.1166763753 -0.2742949724
-427.3 -103.1 2687.1 -0.7093388438 0.0874380320 -0.6994233727 0.1568596810 0.9869755507 -0.0356972031 0.6871924400 -0.1350327283 -0.7138155699
-461.6 -490.6 2740.2 -0.6979272962 -0.1627866030 -0.6974223852 -0.2130128890 0.9769363403 -0.0148613630 0.6837565303 0.1381878108 -0.7165061831
-9.2 619.4 2652.4 0 0 0 0 0 0 0 0 0
-539.9 -206.0 2917.3 0 0 0 0 0 0 0 0 0
-490.6 -805.9 2480.6 0 0 0 0 0 0 0 0 0
-408.7 -807.9 2695.3 0 0 0 0 0 0 0 0 0
-401.2 500.3 2658.7 1 -0.6371168494 -0.0603216700 -0.7684031725 -0.1045594811 0.9944812059 0.0086254710 0.7636422515 0.0858392715 -0.6399079561
-389.1 301.1 2641.5 -0.6371168494 -0.0603216700 -0.7684031725 -0.1045594811 0.9944812059 0.0086254710 0.7636422515 0.0858392715 -0.6399079561
-379.9 103.1 2627.1 -0.6381338239 -0.0462582968 -0.7685345411 -0.0855633318 0.9962711334 0.0110795964 0.7651562691 0.0728286430 -0.6397123337
-299.5 313.2 2534.0 -0.9309821725 -0.3006273508 0.2071119398 -0.3493091166 0.5686969161 -0.7446925640 0.1060910374 -0.7656415701 -0.6344585419
-87.4 392.7 2509.9 -0.2819058597 -0.3006273508 0.9111269116 -0.8198921680 0.5686969161 -0.0660353154 -0.4983030260 -0.7656415701 -0.4068010151
-478.8 289.1 2749.0 -0.1926231533 0.9300386906 -0.3129287362 -0.8932839036 -0.0342092030 0.4481891990 0.4061282575 0.3658658266 0.8373780847
-530.8 48.1 2858.6 -0.0787510872 0.9327548742 -0.3518048525 -0.9788213372 -0.0054554469 0.2046437114 0.1889631599 0.3604699969 0.9134299755
-316.3 -87.8 2542.2 -0.3141532242 0.2804125547 -0.9070152044 0.0295807011 0.9578114152 0.2858711481 0.9489113688 0.0629771948 -0.3091943264
-427.7 -468.5 2517.2 -0.3286222219 0.1858198047 -0.9260013103 -0.0419518352 0.9766147137 0.2108643502 0.9435292482 0.1081421673 -0.3131417930
-429.1 -102.8 2682.7 -0.7371179461 0.0936114639 -0.6692488194 0.1553225219 0.9873133898 -0.0329730362 0.6576716900 -0.1282544285 -0.7423064113
-465.9 -490.4 2733.1 -0.7258247137 -0.1677049696 -0.6671233773 -0.2145168483 0.9766450524 -0.0121215982 0.6535755992 0.1343110502 -0.7448486686
-12.1 611.8 2643.0 0 0 0 0 0 0 0 0 0
-551.2 -206.3 2907.7 0 0 0 0 0 0 0 0 0
-491.4 -803.3 2480.1 0 0 0 0 0 0 0 0 0
-411.4 -807.7 2689.5 0 0 0 0 0 0 0 0 0
-399.2 500.7 2659.8 2 -0.6305937767 -0.0477855615 -0.7746405602 -0.1022314876 0.9945201278 0.0218718722 0.7693505287 0.0929849297 -0.6320233941
-389.7 301.9 2641.2 -0.6305937767 -0.0477855615 -0.7746405602 -0.1022314876 0.9945201278 0.0218718722 0.7693505287 0.0929849297 -0.6320233941
-380.2 103.9 2625.8 -0.6311886907 -0.0473955534 -0.7741798759 -0.0897903815 0.9958854914 0.0122376392 0.7704144716 0.0772381648 -0.6328473687
-300.9 314.5 2532.8 -0.9362863302 -0.2804186940 0.2115023881 -0.3391540647 0.5652011037 -0.7520121336 0.0913368911 -0.7758305669 -0.6242951751
-88.1 391.6 2512.1 -0.2783858776 -0.2804186940 0.9186221361 -0.8214085102 0.5652011037 -0.0763922110 -0.4977844357 -0.7758305669 -0.3876823187
-478.4 289.3 2749.5 -0.1876843274 0.9332657456 -0.3062509894 -0.8950988054 -0.0341264941 0.4445599616 0.4044412971 0.3575618267 0.8417700529
-529.1 47.7 2858.6 -0.0755544826 0.9358882308 -0.3440998495 -0.9796720147 -0.0053583039 0.2005343437 0.1858339459 0.3522562683 0.9172683954
-312.2 -87.1 2542.6 -0.3039570153 0.2940469980 -0.9061713219 0.0313624702 0.9537484050 0.2989655435 0.9521693587 0.0624529086 -0.2991205752
-429.1 -466.2 2517.7 -0.3196168244 0.1781938523 -0.9306406379 -0.0488411076 0.9777541161 0.2039887458 0.9462872744 0.1106517538 -0.3038034737
-428.6 -102.3 2681.1 -0.7315293550 0.0909490064 -0.6757167578 0.1515718549 0.9879563451 -0.0311160143 0.6647486687 -0.1251819134 -0.7365043759
-464.4 -490.2 2730.3 -0.7196627855 -0.1682031900 -0.6736417413 -0.2185067236 0.9757820368 -0.0102109201 0.6590449810 0.1398468167 -0.7389875054
-14.4 608.8 2643.7 0 0 0 0 0 0 0 0 0
-548.7 -206.9 2907.0 0 0 0 0 0 0 0 0 0
-490.6 -803.8 2479.5 0 0 0 0 0 0 0 0 0
-409.7 -807.3 2684.8 0 0 0 0 0 0 0 0 0
-401.7 505.7 2667.3 3 -0.5012149811 -0.0513974726 -0.8637950420 -0.1068533510 0.9942707419 0.0028403685 0.8587001562 0.0937230289 -0.5038353801
-391.4 307.2 2648.6 -0.5012149811 -0.0513974726 -0.8637950420 -0.1068533510 0.9942707419 0.0028403685 0.8587001562 0.0937230289 -0.5038353801
-381.3 109.3 2633.0 -0.5019211769 -0.0508905426 -0.8634148836 -0.0931149423 0.9956449270 -0.0045546466 0.8598864675 0.0781107545 -0.5044739246
-321.7 320.1 2529.1 -0.9525091052 -0.2149123847 0.2157291621 -0.3006445467 0.5511895418 -0.7783334255 0.0483658500 -0.8062275052 -0.5896252990
-88.9 393.6 2517.3 -0.2828559875 -0.2149123847 0.9347754717 -0.8252648711 0.5511895418 -0.1229960099 -0.4888050854 -0.8062275052 -0.3332669139
-461.2 294.3 2768.0 -0.1065418348 0.9780439138 -0.1791059077 -0.8969705105 -0.0168102290 0.4417706728 0.4290603101 0.2077197731 0.8790675402
-489.8 53.1 2883.4 -0.0290445909 0.9793031216 -0.2003043890 -0.9798750877 0.0116963806 0.1992685944 0.1974871904 0.2020609528 0.9592550397
-312.9 -85.8 2539.9 -0.1622532904 0.2890111804 -0.9434757233 0.0014514171 0.9562143087 0.2926637232 0.9867480993 0.0461162776 -0.1555684060
-427.8 -465.9 2521.5 -0.1795706749 0.1823356450 -0.9666996002 -0.0876101628 0.9758040309 0.2003270537 0.9798361063 0.1206655726 -0.1592513323
-416.7 -97.1 2695.3 -0.6215440035 0.0532782413 -0.7815653682 0.1430222988 0.9886337519 -0.0463454388 0.7702127099 -0.1405870169 -0.6220993996
-437.6 -485.0 2750.5 -0.6049702764 -0.1586904377 -0.7802745104 -0.2226481885 0.9745632410 -0.0255785957 0.7644859552 0.1582524180 -0.6249139309
-15.5 607.7 2644.1 0 0 0 0 0 0 0 0 0
-497.4 -201.4 2934.7 0 0 0 0 0 0 0 0 0
-491.1 -804.5 2479.7 0 0 0 0 0 0 0 0 0
-386.0 -801.6 2699.1 0 0 0 0 0 0 0 0 0
-401.4 506.3 2660.5 4 -0.5269781351 -0.0466700830 -0.8485964537 -0.0846024901 0.9964122176 -0.0022613546 0.8456574082 0.0706016943 -0.5290358663
-392.1 307.9 2646.5 -0.5269781351 -0.0466700830 -0.8485964537 -0.0846024901 0.9964122176 -0.0022613546 0.8456574082 0.0706016943 -0.5290358663
-382.9 109.7 2635.2 -0.5275398493 -0.0466200598 -0.8482500911 -0.0725974366 0.9973145127 -0.0096632130 0.8464226723 0.0564830527 -0.5295076370
-318.3 318.0 2528.2 -0.9556355476 -0.2080646604 0.2084940672 -0.2919090688 0.5743802786 -0.7647721171 0.0393671840 -0.7917047739 -0.6096341610
-96.0 385.9 2519.0 -0.2989780009 -0.2080646604 0.9313008189 -0.8080257773 0.5743802786 -0.1310787052 -0.5076479912 -0.7917047739 -0.3398486674
-465.9 297.7 2764.7 -0.1261392832 0.9713167548 -0.2015753835 -0.8861208558 -0.0189763438 0.4630655050 0.4459581375 0.2370309085 0.8630977273
-499.8 59.1 2884.9 -0.0421158001 0.9729632139 -0.2270877957 -0.9750803113 0.0095246676 0.2216474861 0.2178177834 0.2307637036 0.9483161569
-325.7 -80.2 2539.5 -0.1959577948 0.2532773614 -0.9473389983 0.0055344384 0.9663390517 0.2572123408 0.9805967212 0.0451597758 -0.1907634288
-426.4 -464.2 2521.6 -0.2132018954 0.1882313043 -0.9587042928 -0.0798434988 0.9746263623 0.2091134638 0.9737402201 0.1211296916 -0.1927631497
-421.8 -95.2 2701.1 -0.6428220272 0.0648606941 -0.7632646561 0.1639679223 0.9849649072 -0.0543935634 0.7482608557 -0.1601163000 -0.6437922120
-447.2 -481.7 2763.9 -0.6285138130 -0.1572649479 -0.7617335916 -0.2039807886 0.9783950448 -0.0336895920 0.7505745888 0.1342046559 -0.6470138431
-18.4 595.7 2650.8 0 0 0 0 0 0 0 0 0
-510.8 -194.2 2941.4 0 0 0 0 0 0 0 0 0
-491.5 -801.3 2479.7 0 0 0 0 0 0 0 0 0
-396.2 -799.5 2720.3 0 0 0 0 0 0 0 0 0
-401.0 505.3 2659.2 5 -0.5079990029 -0.0470384881 -0.8600723147 -0.0744877607 0.9971662164 -0.0105403736 0.8581308722 0.0587103665 -0.5100632310
-391.7 307.0 2647.5 -0.5079990029 -0.0470384881 -0.8600723147 -0.0744877607 0.9971662164 -0.0105403736 0.8581308722 0.0587103665 -0.5100632310
-382.2 108.6 2638.3 -0.5084897876 -0.0476826094 -0.8597467542 -0.0641511828 0.9977885485 -0.0173969120 0.8586750031 0.0463076234 -0.5104241371
-320.4 315.9 2527.1 -0.9530494809 -0.1977043152 0.2293679267 -0.3024162054 0.5825795531 -0.7544173002 0.0155264977 -0.7883616090 -0.6150161624
-94.0 387.8 2523.4 -0.2942500114 -0.1977043152 0.9350560904 -0.8024177551 0.5825795531 -0.1293322593 -0.5191750526 -0.7883616090 -0.3300654888
-463.0 298.0 2767.9 -0.1142353639 0.9763926864 -0.1833238602 -0.8806313872 -0.0141117061 0.4735918343 0.4598245621 0.2155416906 0.8614540696
-493.8 60.6 2891.8 -0.0349386297 0.9778358340 -0.2064372599 -0.9724412560 0.0143817887 0.2327040881 0.2305153459 0.2088784724 0.9503854513
-325.6 -82.0 2546.8 -0.1829110235 0.2555260360 -0.9493418932 -0.0169844553 0.9646672010 0.2629234195 0.9829827547 0.0642156452 -0.1721082926
-427.2 -465.3 2521.3 -0.1962635219 0.1874575317 -0.9624657631 -0.0841969475 0.9747087955 0.2070113122 0.9769296050 0.1216654480 -0.1755164266
-419.2 -95.5 2707.5 -0.6264340878 0.0590125620 -0.7772372961 0.1716406196 0.9830983877 -0.0636953190 0.7603419423 -0.1733064204 -0.6259752512
-442.4 -481.4 2775.5 -0.6110779047 -0.1571290195 -0.7758184075 -0.1973342299 0.9793959260 -0.0429287702 0.7665787339 0.1268627048 -0.6294941306
-17.5 596.2 2658.3 0 0 0 0 0 0 0 0 0
-502.9 -192.1 2951.7 0 0 0 0 0 0 0 0 0
-491.9 -801.8 2479.3 0 0 0 0 0 0 0 0 0
-391.4 -799.6 2734.3 0 0 0 0 0 0 0 0 0
-402.3 502.2 2659.5 6 -0.5126245022 -0.0491156876 -0.8572069407 -0.0795965567 0.9967817664 -0.0095128426 0.8549154997 0.0633542091 -0.5148841739
-392.5 304.0 2646.9 -0.5126245022 -0.0491156876 -0.8572069407 -0.0795965567 0.9967817664 -0.0095128426 0.8549154997 0.0633542091 -0.5148841739
-382.7 105.7 2636.5 -0.5130798221 -0.0496909469 -0.8569013476 -0.0704064891 0.9973950982 -0.0156813376 0.8554484248 0.0522856340 -0.5152418613
-320.5 313.8 2526.7 -0.9407077432 -0.2133908123 0.2636916637 -0.3392057121 0.5983983874 -0.7258504629 -0.0029028594 -0.7722588778 -0.6353013515
-88.6 397.5 2527.4 -0.2706188858 -0.2133908123 0.9387384057 -0.7957395911 0.5983983874 -0.0933694169 -0.5418153405 -0.7722588778 -0.3317414224
-464.6 294.1 2767.0 -0.1153890342 0.9752152562 -0.1887869686 -0.8833107352 -0.0138038024 0.4685847163 0.4543650150 0.2208270878 0.8630109429
-495.8 55.8 2889.6 -0.0345933922 0.9766504169 -0.2120314091 -0.9738045335 0.0147689795 0.2269066274 0.2247399390 0.2143266201 0.9505556822
-326.3 -83.8 2550.5 -0.1894934624 0.2520790100 -0.9489722848 -0.0281215478 0.9646932483 0.2618704140 0.9814791679 0.0763093010 -0.1757142097
-426.5 -467.3 2520.2 -0.2008404583 0.1926805526 -0.9604880810 -0.0839267150 0.9734769464 0.2128355056 0.9760222435 0.1233565882 -0.1793425083
-419.8 -99.0 2704.4 -0.6308726072 0.0583743900 -0.7736873627 0.1662113518 0.9841845632 -0.0612741336 0.7578743100 -0.1672518104 -0.6305975914
-442.7 -485.4 2770.1 -0.6148616076 -0.1597755998 -0.7722803354 -0.2033964247 0.9782603979 -0.0404535569 0.7619547844 0.1322057247 -0.6339925528
-17.8 605.7 2669.2 0 0 0 0 0 0 0 0 0
-504.7 -197.3 2948.0 0 0 0 0 0 0 0 0 0
-492.3 -800.2 2478.0 0 0 0 0 0 0 0 0 0
-390.8 -803.3 2727.1 0 0 0 0 0 0 0 0 0
-399.5 498.2 2660.6 7 -0.4559846222 -0.0427958518 -0.8889580965 -0.0708178878 0.9974207282 -0.0116918944 0.8871656060 0.0576228090 -0.4578392208
-391.0 299.4 2649.1 -0.4559846222 -0.0427958518 -0.8889580965 -0.0708178878 0.9974207282 -0.0116918944 0.8871656060 0.0576228090 -0.4578392208
-382.2 101.1 2639.5 -0.4562959969 -0.0441504940 -0.8887320757 -0.0636723563 0.9978281260 -0.0168792848 0.8875470757 0.0488857143 -0.4581161439
-327.0 308.4 2524.6 -0.9413756132 -0.2054374814 0.2675955296 -0.3370048404 0.6090511084 -0.7179724574 -0.0154808927 -0.7660627961 -0.6425793171
-92.3 392.4 2528.5 -0.2808822393 -0.2054374814 0.9374969602 -0.7865208387 0.6090511084 -0.1021846756 -0.5499910116 -0.7660627961 -0.3326525092
-455.0 290.5 2773.7 -0.0869906694 0.9875387549 -0.1311480254 -0.8803148866 -0.0145748770 0.4741659164 0.4663457572 0.1566995680 0.8706129193
-478.5 53.0 2899.5 -0.0216041300 0.9885966182 -0.1490303129 -0.9722972512 0.0139267938 0.2333325148 0.2327472419 0.1499427110 0.9609088898
-325.8 -86.1 2547.7 -0.1298258156 0.2616506517 -0.9563912153 -0.0389238931 0.9624660611 0.2685963511 0.9907725453 0.0720972121 -0.1147684753
-429.8 -468.7 2519.1 -0.1401189268 0.1847507656 -0.9727455378 -0.0923191011 0.9757201076 0.1986138076 0.9858214259 0.1176325455 -0.1196608245
-415.1 -103.1 2711.0 -0.5797362328 0.0490753986 -0.8133249879 0.1723998040 0.9829733372 -0.0635743439 0.7963568568 -0.1770734191 -0.5783258677
-434.4 -489.1 2780.5 -0.5642150640 -0.1488113701 -0.8121062517 -0.1967610121 0.9795174003 -0.0427872688 0.8018394709 0.1356496215 -0.5819387436
-18.5 599.0 2672.9 0 0 0 0 0 0 0 0 0
-484.1 -199.7 2959.9 0 0 0 0 0 0 0 0 0
-492.5 -799.6 2479.2 0 0 0 0 0 0 0 0 0
-386.0 -807.3 2736.4 0 0 0 0 0 0 0 0 0
-400.5 497.1 2660.2 8 -0.4023832679 -0.0529590175 -0.9139382243 -0.0683792010 0.9972752929 -0.0276824739 0.9129140377 0.0513553992 -0.4049081802
-389.9 298.2 2650.0 -0.4023832679 -0.0529590175 -0.9139382243 -0.0683792010 0.9972752929 -0.0276824739 0.9129140377 0.0513553992 -0.4049081802
-380.1 99.8 2641.1 -0.4027913511 -0.0490868650 -0.9139746428 -0.0604007952 0.9978097677 -0.0269705914 0.9132966995 0.0443412736 -0.4048740268
-333.4 306.6 2521.8 -0.9439601302 -0.2023888677 0.2607259452 -0.3295354545 0.6224034429 -0.7099438906 -0.0185919814 -0.7560771704 -0.6542183161
-101.0 387.7 2526.4 -0.3087933660 -0.2023888677 0.9293467402 -0.7732282281 0.6224034429 -0.1213758215 -0.5538635254 -0.7560771704 -0.3486868441
-446.4 289.7 2778.1 -0.0523680151 0.9951329231 -0.0834749937 -0.8775018454 -0.0059527163 0.4795362949 0.4767054319 0.0983618274 0.8735427260
-460.5 53.1 2906.6 -0.0001068044 0.9955635667 -0.0940911397 -0.9707107544 0.0225022994 0.2391951829 0.2402512878 0.0913608223 0.9664018154
-331.6 -91.5 2548.6 -0.0780086443 0.2485322505 -0.9654772878 -0.0590752251 0.9655743241 0.2533304095 0.9952008724 0.0767977461 -0.0606410429
-430.4 -475.3 2518.0 -0.0856951550 0.1885747612 -0.9783127904 -0.0985565484 0.9755044580 0.1966664940 0.9914348125 0.1132724956 -0.0650107265
-407.2 -104.1 2715.8 -0.5332511663 0.0307162814 -0.8453991413 0.1738037765 0.9819997549 -0.0739504918 0.8279103041 -0.1863677502 -0.5289911032
-419.2 -489.6 2789.0 -0.5145024657 -0.1483442187 -0.8445597887 -0.1951186955 0.9793383479 -0.0531521104 0.8349945545 0.1374425143 -0.5328167081
-19.7 591.2 2672.1 0 0 0 0 0 0 0 0 0
-460.6 -199.2 2969.1 0 0 0 0 0 0 0 0 0
-493.3 -800.4 2480.3 0 0 0 0 0 0 0 0 0
-371.0 -807.8 2744.3 0 0 0 0 0 0 0 0 0
-401.3 492.6 2656.5 9 -0.4356765449 -0.0489344522 -0.8987721205 -0.0654167086 0.9976019859 -0.0226048194 0.8977230191 0.0489463247 -0.4378329217
-391.6 294.3 2646.8 -0.4356765449 -0.0489344522 -0.8987721205 -0.0654167086 0.9976019859 -0.0226048194 0.8977230191 0.0489463247 -0.4378329217
-381.9 95.9 2638.1 -0.4359141886 -0.0488660969 -0.8986606002 -0.0605679154 0.9978539348 -0.0248801559 0.8979478478 0.0435843877 -0.4379384220
-330.4 302.8 2520.7 -0.9418793321 -0.1984130293 0.2711007893 -0.3347586989 0.6222379804 -0.7076414824 -0.0282839183 -0.7572662234 -0.6524935961
-105.1 382.8 2527.4 -0.3204070330 -0.1984130293 0.9262675643 -0.7713551521 0.6222379804 -0.1335332096 -0.5498641729 -0.7572662234 -0.3524163365
-452.8 285.8 2772.8 -0.0715309530 0.9908614159 -0.1143545583 -0.8776687980 -0.0080554057 0.4791999161 0.4738995135 0.1346430629 0.8702244163
-472.1 49.0 2900.7 -0.0108091589 0.9916051626 -0.1288500279 -0.9708810449 0.0204322170 0.2386891097 0.2393180430 0.1276780814 0.9625098109
-333.5 -93.1 2548.8 -0.1122970060 0.2473470569 -0.9623974562 -0.0519879796 0.9657347202 0.2542709708 0.9923138022 0.0785869658 -0.0955900401
-431.8 -477.0 2517.5 -0.1198898777 0.1884448826 -0.9747384191 -0.0908781737 0.9756148458 0.1997920573 0.9886190295 0.1125354916 -0.0998408198
-412.1 -108.0 2711.6 -0.5627401471 0.0394755863 -0.8256907463 0.1742597371 0.9820776582 -0.0718124360 0.8080576062 -0.1842963994 -0.5595335364
-427.5 -493.6 2784.0 -0.5449486971 -0.1514851153 -0.8246715665 -0.1950444281 0.9794658422 -0.0510327928 0.8154683113 0.1330373436 -0.5633049607
-20.7 586.0 2672.3 0 0 0 0 0 0 0 0 0
-474.9 -203.3 2962.9 0 0 0 0 0 0 0 0 0
-494.0 -798.8 2480.4 0 0 0 0 0 0 0 0 0
-378.3 -811.9 2740.8 0 0 0 0 0 0 0 0 0
-402.5 494.8 2656.6 0 -0.5693298578 -0.0476413220 -0.8207275867 -0.0756586418 0.9971191883 -0.0053968583 0.8186203241 0.0590225421 -0.5712941885
-393.0 296.3 2644.9 -0.5693298578 -0.0476413220 -0.8207275867 -0.0756586418 0.9971191883 -0.0053968583 0.8186203241 0.0590225421 -0.5712941885
-385.3 97.9 2635.1 -0.5699332952 -0.0383765996 -0.8207942843 -0.0616612583 0.9980897307 -0.0038505187 0.8193740845 0.0484166704 -0.5712109208
-313.8 304.7 2531.1 -0.9372614622 -0.2393402308 0.2534901202 -0.3485531509 0.6283205748 -0.6955026388 0.0071887071 -0.7402226329 -0.6723234653
-103.8 382.8 2529.5 -0.3161831796 -0.2393402308 0.9180111289 -0.7712617517 0.6283205748 -0.1018262208 -0.5524341464 -0.7402226329 -0.3832583725
-472.2 287.9 2758.7 -0.1565388441 0.9581126571 -0.2398242950 -0.8834567070 -0.0272671543 0.4677186310 0.4415878057 0.2850905359 0.8507194519
-514.3 50.4 2877.3 -0.0623716488 0.9603432417 -0.2717547119 -0.9737523198 0.0011650213 0.2276073098 0.2188977450 0.2788180113 0.9350637794
-332.2 -96.9 2547.2 -0.2520262301 0.2502698898 -0.9347982407 -0.0114210006 0.9651431441 0.2614731491 0.9676530361 0.0765744224 -0.2403830588
-431.7 -480.7 2516.8 -0.2612440884 0.1899109185 -0.9464065433 -0.0573569313 0.9756685495 0.2116154730 0.9635671973 0.1095662639 -0.2439949065
-429.2 -106.0 2699.5 -0.6777451634 0.0821646079 -0.7306917906 0.1731989384 0.9836146235 -0.0500435680 0.7146073580 -0.1604718268 -0.6808708906
-461.4 -491.8 2762.4 -0.6674036980 -0.1529805660 -0.7288135886 -0.1926500201 0.9808251858 -0.0294613857 0.7193457484 0.1207433119 -0.6840780377
-20.5 586.1 2675.1 0 0 0 0 0 0 0 0 0
-530.4 -202.3 2934.2 0 0 0 0 0 0 0 0 0
-493.8 -799.5 2481.0 0 0 0 0 0 0 0 0 0
-411.7 -810.5 2723.2 0 0 0 0 0 0 0 0 0
-399.6 496.9 2658.7 1 -0.6149725914 -0.0365970470 -0.7876987457 -0.0802803338 0.9966378808 0.0163719989 0.7844512463 0.0733050480 -0.6158429980
-392.3 297.9 2644.1 -0.6149725914 -0.0365970470 -0.7876987457 -0.0802803338 0.9966378808 0.0163719989 0.7844512463 0.0733050480 -0.6158429980
-385.5 99.6 2632.2 -0.6154298782 -0.0338979028 -0.7874623537 -0.0673435479 0.9976828694 0.0096841166 0.7853094339 0.0589904077 -0.6162866354
