-415.9 510.0 2676.3 6 -0.6182062626 -0.0413916633 -0.7849253416 -0.1114743948 0.9931356907 0.0354258269 0.7780709863 0.1093995422 -0.6185767651
-407.7 312.2 2654.5 -0.6182062626 -0.0413916633 -0.7849253416 -0.1114743948 0.9931356907 0.0354258269 0.7780709863 0.1093995422 -0.6185767651
-396.7 114.6 2635.9 -0.6183696389 -0.0556904674 -0.7839117050 -0.1081296206 0.9940284491 0.0146778896 0.7784131169 0.0938404351 -0.6206988096
-320.8 327.5 2545.1 -0.7667014599 -0.5233619213 0.3718349338 -0.6402878165 0.5810266733 -0.5024335980 0.0469085835 -0.6232979298 -0.7805762291
-135.7 482.0 2533.8 -0.4506129920 -0.5233619213 0.7232152224 -0.8095447421 0.5810266733 -0.0839364603 -0.3762781918 -0.6232979298 -0.6855030060
-494.6 297.0 2764.0 -0.1730292141 0.9389128089 -0.2974956334 -0.9031889439 -0.0307899062 0.4281374812 0.3928239048 0.3427750468 0.8533431888
-541.3 53.3 2870.0 -0.0635579228 0.9411804080 -0.3318732679 -0.9831665158 -0.0019703202 0.1827010661 0.1713007689 0.3378987908 0.9254623055
-324.1 -77.0 2551.3 -0.2961227298 0.2817008495 -0.9126642346 0.0186963417 0.9570457935 0.2893333733 0.9549669027 0.0686147064 -0.2886697948
-436.0 -457.5 2524.1 -0.3122545183 0.1568064541 -0.9369679093 -0.0737346485 0.9793079495 0.1884651333 0.9471327066 0.1279360950 -0.2942312658
-442.3 -92.9 2688.6 -0.7226102948 0.0798015669 -0.6866338849 0.1340501904 0.9906349778 -0.0259407926 0.6781334281 -0.1107884869 -0.7265404463
-473.6 -481.9 2732.1 -0.7074109912 -0.1750233173 -0.6847894192 -0.2356507778 0.9718251824 -0.0049506072 0.6663620472 0.1578690410 -0.7287241817
-8.2 711.1 2640.3 0 0 0 0 0 0 0 0 0
-557.8 -202.3 2914.5 0 0 0 0 0 0 0 0 0
-491.9 -806.4 2478.5 0 0 0 0 0 0 0 0 0
-416.8 -797.6 2680.9 0 0 0 0 0 0 0 0 0
-417.2 512.4 2676.6 7 -0.6868009567 -0.0540690720 -0.7248317003 -0.1192530319 0.9920980334 0.0389901251 0.7169959545 0.1132168323 -0.6878217459
-406.4 314.8 2654.0 -0.6868009567 -0.0540690720 -0.7248317003 -0.1192530319 0.9920980334 0.0389901251 0.7169959545 0.1132168323 -0.6878217459
-394.5 117.3 2634.4 -0.6871775389 -0.0595389232 -0.7240456939 -0.1126717776 0.9933112860 0.0252536982 0.7176991701 0.0989332870 -0.6892895699
-310.2 330.6 2553.5 -0.7534124255 -0.5714706779 0.3252552748 -0.6509408951 0.5782587528 -0.4918259382 0.0929824114 -0.5822697282 -0.8076609969
-135.8 481.3 2532.0 -0.4575044215 -0.5714706779 0.6812568903 -0.8135491014 0.5782587528 -0.0612755083 -0.3589256108 -0.5822697282 -0.7294754386
-502.7 299.0 2754.5 -0.2111701071 0.9037292600 -0.3723984361 -0.9068783522 -0.0390089527 0.4195830524 0.3646626174 0.4263234735 0.8278100491
-559.6 54.5 2852.8 -0.0825391561 0.9065373540 -0.4139773846 -0.9846787453 -0.0101578245 0.1740822196 0.1536069214 0.4220033288 0.8934864998
-329.0 -73.0 2546.0 -0.3684611619 0.2682528198 -0.8900993466 0.0573014021 0.9621962905 0.2662607729 0.9278754592 0.0471028164 -0.3699032366
-435.6 -455.5 2527.2 -0.3910553753 0.1562334597 -0.9070098400 -0.0654852912 0.9782661200 0.1967412680 0.9180344939 0.1363325268 -0.3723252118
-445.4 -90.4 2680.3 -0.7808553576 0.0931862220 -0.6177226305 0.1300905645 0.9913902879 -0.0148901772 0.6110166311 -0.0919869542 -0.7862550616
-482.0 -479.6 2716.4 -0.7662159801 -0.1841768622 -0.6156231761 -0.2382587045 0.9711832404 0.0059909397 0.5967795253 0.1512679458 -0.7880178690
-8.6 707.4 2631.7 0 0 0 0 0 0 0 0 0
-581.1 -201.4 2892.8 0 0 0 0 0 0 0 0 0
-491.5 -805.5 2478.5 0 0 0 0 0 0 0 0 0
-422.2 -795.2 2667.3 0 0 0 0 0 0 0 0 0
-419.0 513.8 2668.7 8 -0.7303410172 -0.0664746985 -0.6798405051 -0.1179213226 0.9925808907 0.0296264626 0.6728272438 0.1018051133 -0.7327613235
-405.7 315.4 2648.3 -0.7303410172 -0.0664746985 -0.6798405051 -0.1179213226 0.9925808907 0.0296264626 0.6728272438 0.1018051133 -0.7327613235
-392.4 117.8 2630.3 -0.7308158875 -0.0667967200 -0.6792984009 -0.1108441651 0.9936041832 0.0215474926 0.6735144258 0.0910435170 -0.7335457802
-303.3 330.9 2554.0 -0.7413591743 -0.5925439000 0.3150846064 -0.6637426615 0.5780169368 -0.4747020900 0.0991575792 -0.5610598326 -0.8218148351
-132.8 483.5 2531.2 -0.4523367286 -0.5925439000 0.6665457487 -0.8150782585 0.5780169368 -0.0392912813 -0.3619929254 -0.5610598326 -0.7444279194
-508.1 299.8 2742.7 -0.2330121696 0.8751102686 -0.4241312742 -0.9056081176 -0.0363365039 0.4225560725 0.3543717265 0.4825574160 0.8009737730
-570.9 55.5 2838.2 -0.0912786424 0.8781628609 -0.4695723653 -0.9841310978 -0.0074954415 0.1772845685 0.1521650702 0.4783030450 0.8649115562
-319.9 -69.8 2549.2 -0.4211485982 0.2919904888 -0.8587056398 0.0776368380 0.9548931718 0.2866210043 0.9036627412 0.0540428460 -0.4248211384
-436.0 -449.3 2527.8 -0.4452700019 0.1478741169 -0.8831012845 -0.0555348098 0.9798088670 0.1920689791 0.8936724663 0.1345654130 -0.4280673265
-446.0 -89.9 2673.8 -0.8178440332 0.0980197266 -0.5670302510 0.1317548752 0.9911057949 -0.0187062696 0.5601533651 -0.0900078118 -0.8234845400
-484.5 -479.0 2709.1 -0.8020133972 -0.1942314208 -0.5648438931 -0.2367965430 0.9715569019 0.0021371068 0.5483629107 0.1354670674 -0.8251950145
-9.6 705.5 2629.7 0 0 0 0 0 0 0 0 0
-594.7 -200.3 2877.8 0 0 0 0 0 0 0 0 0
-490.1 -807.8 2478.5 0 0 0 0 0 0 0 0 0
-421.4 -794.6 2665.1 0 0 0 0 0 0 0 0 0
-413.7 511.3 2662.7 9 -0.7527046204 -0.0603015237 -0.6555909514 -0.1097135097 0.9933609962 0.0345957838 0.6491523385 0.0979675949 -0.7543233037
-401.7 313.8 2643.2 -0.7527046204 -0.0603015237 -0.6555909514 -0.1097135097 0.9933609962 0.0345957838 0.6491523385 0.0979675949 -0.7543233037
-390.1 116.1 2625.7 -0.7531572580 -0.0587828904 -0.6552088857 -0.1021577269 0.9943678975 0.0282185003 0.6498599648 0.0881876200 -0.7549205422
-296.0 328.2 2552.0 -0.7203853726 -0.5977797508 0.3517161608 -0.6887146235 0.5566146970 -0.4645989835 0.0819574818 -0.5769224167 -0.8126767874
-128.4 488.4 2533.0 -0.4735202789 -0.5888642073 0.6549942493 -0.8165482283 0.5722770691 -0.0758153796 -0.3301932514 -0.5707345009 -0.7518208027
-507.5 299.4 2734.4 -0.2545262277 0.8587377071 -0.4447312951 -0.9023852944 -0.0455385894 0.4285172224 0.3477314711 0.5103878379 0.7865030766
-576.1 56.0 2828.2 -0.1070864573 0.8622490764 -0.4950343370 -0.9828788042 -0.0167211145 0.1834928244 0.1499390006 0.5062083602 0.8492769599
-312.4 -69.5 2550.7 -0.4436670542 0.3088991046 -0.8412733674 0.0996896699 0.9499052763 0.2962127030 0.8906298280 0.0475535430 -0.4522356987
-435.2 -447.1 2531.8 -0.4741992056 0.1432231814 -0.8686899543 -0.0644056499 0.9783927202 0.1964678168 0.8780586720 0.1491134167 -0.4547286630
-447.3 -90.9 2667.7 -0.8338301778 0.1119220331 -0.5405558944 0.1414453387 0.9898575544 -0.0132354964 0.5335919857 -0.0874952674 -0.8412039876
-491.3 -479.6 2702.0 -0.8216505647 -0.1880568564 -0.5380752683 -0.2278547436 0.9736651182 0.0076431148 0.5224677920 0.1288829744 -0.8428621292
-1.9 706.5 2621.2 0 0 0 0 0 0 0 0 0
-604.0 -199.4 2867.2 0 0 0 0 0 0 0 0 0
-488.4 -810.9 2476.4 0 0 0 0 0 0 0 0 0
-430.2 -795.9 2660.1 0 0 0 0 0 0 0 0 0
-417.2 512.8 2669.3 0 -0.7665202618 -0.0702740699 -0.6383637786 -0.1299686581 0.9904019833 0.0470327884 0.6289315224 0.1190188602 -0.7682965994
-403.2 315.3 2645.5 -0.7665202618 -0.0702740699 -0.6383637786 -0.1299686581 0.9904019833 0.0470327884 0.6289315224 0.1190188602 -0.7682965994
-389.8 118.1 2624.6 -0.7672810555 -0.0673564151 -0.6377640367 -0.1190095320 0.9921505451 0.0383935906 0.6301718354 0.1053586677 -0.7692743540
-295.4 332.1 2557.0 -0.7258203626 -0.6001473665 0.3361664712 -0.6799749136 0.5520687103 -0.4825497568 0.1040139794 -0.5788292289 -0.8087878823
-123.5 493.1 2532.4 -0.4855322242 -0.5819835663 0.6523447037 -0.8081122041 0.5834384561 -0.0809586123 -0.3334863782 -0.5664756894 -0.7535861731
-511.0 298.6 2734.0 -0.2565830648 0.8470469713 -0.4654853046 -0.9101505876 -0.0496792942 0.4112880528 0.3252553344 0.5291912556 0.7836871743
-580.2 53.1 2821.8 -0.1039542556 0.8504690528 -0.5156509876 -0.9861352444 -0.0207097139 0.1646462232 0.1293475330 0.5256172419 0.8408303857
-309.5 -72.2 2548.7 -0.4537715018 0.3222910464 -0.8307947516 0.1136179343 0.9456218481 0.3047791123 0.8838452101 0.0439068936 -0.4657143056
-437.6 -448.1 2531.3 -0.4873387218 0.1314497739 -0.8632623553 -0.0724742711 0.9791048169 0.1900032163 0.8702002168 0.1551602483 -0.4676289856
-446.6 -90.0 2661.4 -0.8468418121 0.1073135138 -0.5209056735 0.1263118684 0.9919900894 -0.0009833523 0.5166277289 -0.0666293129 -0.8536136746
-488.8 -479.4 2687.6 -0.8318665624 -0.1978045702 -0.5185281038 -0.2430265397 0.9698149562 0.0199252758 0.4989349842 0.1425912529 -0.8548284173
5.1 707.1 2620.7 0 0 0 0 0 0 0 0 0
-607.2 -203.2 2855.4 0 0 0 0 0 0 0 0 0
-486.8 -814.6 2473.2 0 0 0 0 0 0 0 0 0
-424.5 -794.5 2641.2 0 0 0 0 0 0 0 0 0
-414.6 507.6 2663.5 1 -0.7840436697 -0.0589534789 -0.6178997159 -0.1141756773 0.9921908975 0.0502114035 0.6101143360 0.1099170521 -0.7846519947
-402.9 310.8 2641.7 -0.7840436697 -0.0589534789 -0.6178997159 -0.1141756773 0.9921908975 0.0502114035 0.6101143360 0.1099170521 -0.7846519947
-392.0 113.2 2622.4 -0.7846956849 -0.0546328314 -0.6174689531 -0.1027751192 0.9937885404 0.0426802188 0.6113018394 0.0969514325 -0.7854365110
-292.6 325.2 2555.8 -0.7060726285 -0.6063050032 0.3658629358 -0.7016191483 0.5290192962 -0.4773564339 0.0958750546 -0.5937447548 -0.7989212275
-120.3 496.4 2532.4 -0.4929435849 -0.5730938315 0.6546525955 -0.8043805361 0.5869730115 -0.0918404907 -0.3316302001 -0.5718619823 -0.7503300905
-513.2 296.3 2727.6 -0.2790234983 0.8324865103 -0.4786565602 -0.9037032127 -0.0590672977 0.4240654707 0.3247558177 0.5508877039 0.7688019276
-588.5 52.5 2815.2 -0.1226695254 0.8364462256 -0.5341441035 -0.9834696054 -0.0302221589 0.1785333455 0.1331905574 0.5472151041 0.8263267279
-306.1 -68.2 2546.0 -0.4729362130 0.3321465552 -0.8160943389 0.1301854998 0.9424015284 0.3081089556 0.8714258671 0.0394722223 -0.4889364541
-438.1 -442.8 2530.3 -0.5083212852 0.1226236299 -0.8523924351 -0.0699460134 0.9806610346 0.1827881783 0.8583222032 0.1525365859 -0.4899138510
-453.1 -93.7 2659.1 -0.8575413823 0.1245377064 -0.4991123676 0.1430590451 0.9897134900 0.0011572577 0.4941223860 -0.0704101399 -0.8665364981
-502.0 -482.3 2686.8 -0.8479095697 -0.1861930043 -0.4963683188 -0.2267410308 0.9737048149 0.0220781155 0.4792054296 0.1312673092 -0.8678312302
9.6 708.4 2619.8 0 0 0 0 0 0 0 0 0
-620.3 -203.1 2849.9 0 0 0 0 0 0 0 0 0
-484.9 -817.3 2472.0 0 0 0 0 0 0 0 0 0
-441.5 -798.6 2644.1 0 0 0 0 0 0 0 0 0
-415.2 505.9 2668.6 2 -0.8062636256 -0.0727493390 -0.5870660543 -0.1311775148 0.9896891713 0.0575138442 0.5768287778 0.1233811826 -0.8074933887
-400.8 309.3 2644.1 -0.8062636256 -0.0727493390 -0.5870660543 -0.1311775148 0.9896891713 0.0575138442 0.5768287778 0.1233811826 -0.8074933887
-387.4 112.2 2622.1 -0.8070942163 -0.0672197714 -0.5865837336 -0.1194205359 0.9915490746 0.0506865755 0.5782194138 0.1109589860 -0.8083009124
-287.4 326.1 2562.9 -0.6916556954 -0.6233003736 0.3648411334 -0.7106272578 0.4971533120 -0.4978428185 0.1289236397 -0.6036018729 -0.7867931724
-120.6 497.4 2531.8 -0.5037121177 -0.5689142346 0.6500851512 -0.7987207770 0.5934064388 -0.0995684341 -0.3291188180 -0.5693903565 -0.7533096075
-514.2 292.5 2725.4 -0.2831692696 0.8108648062 -0.5121654272 -0.9113016725 -0.0610522814 0.4071877599 0.2989053428 0.5820402503 0.7562305927
-590.6 46.7 2806.0 -0.1187261716 0.8147064447 -0.5675892234 -0.9865424633 -0.0320694037 0.1603294313 0.1124191806 0.5789861679 0.8075499535
-309.3 -74.9 2547.1 -0.5013878345 0.3258740008 -0.8015087843 0.1305574328 0.9442493916 0.3022380173 0.8553157449 0.0468955301 -0.5159804225
-438.8 -450.3 2528.5 -0.5356254578 0.1205250770 -0.8358104229 -0.0639685094 0.9811275601 0.1824739575 0.8420293331 0.1512032300 -0.5178070664
-447.9 -95.8 2653.1 -0.8774946928 0.1180833057 -0.4648218751 0.1275699139 0.9917672276 0.0111208931 0.4623082876 -0.0495387614 -0.8853343725
-494.3 -485.1 2672.5 -0.8638901114 -0.2000977099 -0.4622280300 -0.2417707294 0.9698044658 0.0320354775 0.4418605566 0.1394283324 -0.8861822486
11.9 707.5 2618.4 0 0 0 0 0 0 0 0 0
-621.5 -209.7 2835.2 0 0 0 0 0 0 0 0 0
-484.1 -819.2 2471.6 0 0 0 0 0 0 0 0 0
-429.3 -800.2 2627.2 0 0 0 0 0 0 0 0 0
-415.0 507.3 2672.2 3 -0.7975491881 -0.0764482766 -0.5983903408 -0.1413106024 0.9880145788 0.0621168874 0.5864696503 0.1341001689 -0.7987931371
-399.8 311.3 2645.6 -0.7975491881 -0.0764482766 -0.5983903408 -0.1413106024 0.9880145788 0.0621168874 0.5864696503 0.1341001689 -0.7987931371
-386.0 114.4 2622.3 -0.7987044454 -0.0695590153 -0.5976895094 -0.1256538779 0.9906777143 0.0526188761 0.5884575248 0.1171289384 -0.7999990582
-287.5 329.0 2562.9 -0.6990467310 -0.6241499782 0.3489561975 -0.7022637725 0.5072630644 -0.4995095134 0.1347562820 -0.5942397714 -0.7929185629
-118.6 498.6 2530.3 -0.5053022504 -0.5749182105 0.6435360312 -0.7991274595 0.5931984186 -0.0975241810 -0.3256761432 -0.5635464787 -0.7591774464
-512.1 293.7 2728.3 -0.2758219540 0.8188681006 -0.5033659339 -0.9138632417 -0.0610734858 0.4014026225 0.2979534864 0.5707232952 0.7651788592
-586.5 47.1 2808.8 -0.1136106402 0.8225595951 -0.5572148561 -0.9875513911 -0.0320837796 0.1539900154 0.1087884083 0.5677731633 0.8159648776
-300.0 -73.9 2547.1 -0.4818448126 0.3559721410 -0.8006930947 0.1473079771 0.9336678982 0.3264423907 0.8637858033 0.0393460914 -0.5023205876
-441.5 -444.9 2531.5 -0.5206525326 0.1099174991 -0.8466635346 -0.0786397308 0.9812880754 0.1757542342 0.8501392603 0.1580882818 -0.5022662282
-445.3 -94.0 2653.0 -0.8716051579 0.1138015836 -0.4768161476 0.1218802333 0.9924450517 0.0140732983 0.4748153985 -0.0458481051 -0.8788903952
-490.0 -483.7 2671.0 -0.8569068909 -0.2018581778 -0.4743035436 -0.2474902272 0.9682561159 0.0350527950 0.4521715939 0.1474224776 -0.8796632886
14.1 708.6 2615.9 0 0 0 0 0 0 0 0 0
-616.1 -209.6 2837.0 0 0 0 0 0 0 0 0 0
-483.5 -819.8 2471.1 0 0 0 0 0 0 0 0 0
-424.4 -798.3 2623.1 0 0 0 0 0 0 0 0 0
-412.3 505.2 2664.5 4 -0.7872002125 -0.0592766106 -0.6138421297 -0.1153843328 0.9919493794 0.0521814562 0.6058071852 0.1119050160 -0.7877023220
-400.6 309.2 2642.4 -0.7872002125 -0.0592766106 -0.6138421297 -0.1153843328 0.9919493794 0.0521814562 0.6058071852 0.1119050160 -0.7877023220
-389.6 111.7 2622.6 -0.7878316641 -0.0550180972 -0.6134282947 -0.1044144183 0.9935156107 0.0449924543 0.6069751978 0.0994972363 -0.7884677649
-289.8 323.9 2557.0 -0.6946170926 -0.6207916141 0.3634898663 -0.7105309367 0.5130414963 -0.4815954566 0.1124850214 -0.5927951932 -0.7974590659
-116.7 501.0 2529.0 -0.5027990937 -0.5732110739 0.6470102072 -0.7976334691 0.5961281061 -0.0917174667 -0.3331274986 -0.5621924400 -0.7569450140
-511.4 294.5 2727.7 -0.2806575894 0.8297377229 -0.4824589491 -0.9044784904 -0.0604372025 0.4222156405 0.3211697936 0.5548717380 0.7674420476
-587.1 50.5 2814.4 -0.1232785508 0.8337215185 -0.5382479429 -0.9837986827 -0.0315338895 0.1764814705 0.1301633567 0.5512840152 0.8241015673
-298.9 -71.0 2545.1 -0.4716287255 0.3592058122 -0.8053182960 0.1451278627 0.9324350357 0.3309121728 0.8697724938 0.0391935706 -0.4918939173
-441.7 -441.6 2529.6 -0.5088248253 0.1036106497 -0.8546122909 -0.0817866549 0.9824224710 0.1678006649 0.8569762111 0.1552770287 -0.4914069474
-450.9 -95.3 2658.6 -0.8600426912 0.1248398647 -0.4947136045 0.1418031305 0.9898894429 0.0032764559 0.4901207983 -0.0673340484 -0.8690499067
-499.9 -483.9 2685.0 -0.8502739072 -0.1870901138 -0.4919670224 -0.2281556129 0.9733244181 0.0241792537 0.4743198156 0.1328040212 -0.8702780008
15.3 710.4 2616.5 0 0 0 0 0 0 0 0 0
-619.1 -205.2 2848.2 0 0 0 0 0 0 0 0 0
-482.0 -823.6 2469.2 0 0 0 0 0 0 0 0 0
-439.1 -800.0 2641.8 0 0 0 0 0 0 0 0 0
-414.7 505.8 2670.6 5 -0.7472559214 -0.0628687590 -0.6615558267 -0.1226732954 0.9914559126 0.0443450809 0.6531155109 0.1142923608 -0.7485835552
-402.3 309.1 2648.0 -0.7472559214 -0.0628687590 -0.6615558267 -0.1226732954 0.9914559126 0.0443450809 0.6531155109 0.1142923608 -0.7485835552
-390.9 111.6 2628.4 -0.7481576800 -0.0570387952 -0.6610648036 -0.1077451482 0.9935187101 0.0362161882 0.6547145247 0.0983219445 -0.7494542599
-297.2 324.2 2556.0 -0.7122657895 -0.6182541251 0.3323240578 -0.6936664581 0.5476594567 -0.4678631723 0.1072579175 -0.5637649894 -0.8189412355
-119.6 497.2 2529.3 -0.5044197440 -0.5882389545 0.6320883036 -0.7974861860 0.5980272293 -0.0798698664 -0.3310234845 -0.5443696380 -0.7707691789
-507.3 294.0 2739.9 -0.2525832355 0.8627234697 -0.4380752146 -0.9054349661 -0.0511104576 0.4213968217 0.3411586881 0.5030863881 0.7940496206
-575.5 49.8 2831.9 -0.1067176908 0.8662267923 -0.4881213307 -0.9841939807 -0.0222488847 0.1756905913 0.1413277537 0.4991553724 0.8549095392
-306.4 -76.1 2547.3 -0.4292786121 0.3412581384 -0.8362193108 0.1164738089 0.9390555024 0.3234326243 0.8956303596 0.0414450653 -0.4428640902
-442.0 -449.4 2530.8 -0.4619423449 0.1036738604 -0.8808297515 -0.0947065651 0.9817000031 0.1652142256 0.8818389773 0.1597398072 -0.4436702132
-448.0 -95.7 2668.8 -0.8294941783 0.1120667830 -0.5471567512 0.1369325668 0.9905691743 -0.0047058882 0.5414692163 -0.0788270831 -0.8370169401
-492.0 -484.6 2699.8 -0.8176901937 -0.1863372624 -0.5446661711 -0.2324216664 0.9724797010 0.0162295774 0.5266525745 0.1398629695 -0.8384959102
12.8 706.5 2616.2 0 0 0 0 0 0 0 0 0
-603.2 -206.0 2868.6 0 0 0 0 0 0 0 0 0
-481.7 -824.6 2469.7 0 0 0 0 0 0 0 0 0
-431.5 -800.5 2654.3 0 0 0 0 0 0 0 0 0
-411.5 505.1 2674.2 6 -0.7084471583 -0.0561177060 -0.7035292387 -0.1232243627 0.9913576245 0.0450091213 0.6949232817 0.1185785234 -0.7092395425
-400.3 308.5 2650.7 -0.7084471583 -0.0561177060 -0.7035292387 -0.1232243627 0.9913576245 0.0450091213 0.6949232817 0.1185785234 -0.7092395425
-390.1 110.9 2630.8 -0.7093359232 -0.0513088666 -0.7030007243 -0.1068024561 0.9936555028 0.0352424644 0.6967322230 0.1000809446 -0.7103154063
-300.8 323.5 2552.9 -0.7229661345 -0.6180020571 0.3088583648 -0.6840207577 0.5774221420 -0.4457569718 0.0971370563 -0.5335327387 -0.8401828408
-118.0 496.4 2528.4 -0.5019187331 -0.6119324565 0.6112416387 -0.8059996367 0.5872854590 -0.0738943219 -0.3137549758 -0.5297494531 -0.7879868746
-499.9 293.5 2748.5 -0.2324952483 0.8901895881 -0.3918015063 -0.9050104618 -0.0504602715 0.4223858714 0.3562331200 0.4527871609 0.8173626661
-562.6 49.4 2844.6 -0.0984361619 0.8934575915 -0.4382281303 -0.9839887023 -0.0216373224 0.1769125164 0.1485817432 0.4486261308 0.8812820315
-311.1 -76.0 2549.0 -0.3850720823 0.3299636841 -0.8618836999 0.0955775157 0.9431365132 0.3183684349 0.9179239869 0.0402180962 -0.3947126567
-442.2 -450.9 2533.0 -0.4156596065 0.1086362377 -0.9030089974 -0.1050252095 0.9804664850 0.1662983745 0.9034361243 0.1639622301 -0.3961307704
-444.8 -96.4 2674.7 -0.7970366478 0.1073614359 -0.5943114161 0.1377734393 0.9904465079 -0.0058466448 0.5880059600 -0.0865403190 -0.8042137623
-487.0 -485.2 2708.7 -0.7861446142 -0.1778249592 -0.5919078588 -0.2314033210 0.9727407098 0.0151018370 0.5730873942 0.1488416791 -0.8058641553
13.4 707.4 2610.5 0 0 0 0 0 0 0 0 0
-588.2 -206.4 2883.2 0 0 0 0 0 0 0 0 0
-483.3 -821.7 2471.0 0 0 0 0 0 0 0 0 0
-429.2 -801.3 2660.4 0 0 0 0 0 0 0 0 0
-410.4 503.6 2666.0 7 -0.7577413917 -0.0587589182 -0.6499041319 -0.1109496728 0.9930377007 0.0395771191 0.6430538297 0.1020958722 -0.7589849830
-398.7 305.9 2645.7 -0.7577413917 -0.0587589182 -0.6499041319 -0.1109496728 0.9930377007 0.0395771191 0.6430538297 0.1020958722 -0.7589849830
-388.1 108.2 2628.0 -0.7584426403 -0.0537227206 -0.6495218277 -0.0985571817 0.9945899844 0.0328209028 0.6442446709 0.0889078155 -0.7596342564
-292.4 319.7 2555.4 -0.7024532557 -0.6198673844 0.3497483134 -0.7039487362 0.5326344371 -0.4698475599 0.1049551740 -0.5762508512 -0.8105056286
-113.8 498.7 2528.7 -0.4978281558 -0.5872550011 0.6381995678 -0.8037350774 0.5888715386 -0.0850896910 -0.3258482218 -0.5553034544 -0.7651542425
-505.0 292.0 2736.0 -0.2620484829 0.8547117114 -0.4481054246 -0.9014952183 -0.0510764383 0.4297645092 0.3444371521 0.5165840387 0.7839030623
-575.7 48.9 2828.9 -0.1138219163 0.8584099412 -0.5001769066 -0.9824411273 -0.0223379750 0.1852308363 0.1478310525 0.5124776959 0.8458797932
-315.0 -76.8 2547.2 -0.4488568604 0.3164080381 -0.8357113600 0.1077595949 0.9475555420 0.3008760810 0.8870825171 0.0449943654 -0.4594127834
-440.8 -453.5 2529.3 -0.4796807170 0.1208184659 -0.8690853119 -0.0759502947 0.9810402393 0.1783020198 0.8741498590 0.1515353322 -0.4614098966
-446.8 -98.6 2669.3 -0.8368743062 0.1182434335 -0.5344716311 0.1455911100 0.9893029928 -0.0090984674 0.5276785493 -0.0854285881 -0.8451374769
-493.2 -487.1 2702.8 -0.8268219233 -0.1830046177 -0.5318597555 -0.2232965380 0.9746795893 0.0117617771 0.5162404180 0.1284873486 -0.8467507362
16.3 708.7 2613.8 0 0 0 0 0 0 0 0 0
-605.3 -206.5 2867.3 0 0 0 0 0 0 0 0 0
-485.8 -818.6 2472.9 0 0 0 0 0 0 0 0 0
-433.8 -803.7 2661.1 0 0 0 0 0 0 0 0 0
-413.2 504.3 2671.4 8 -0.7326573730 -0.0676703602 -0.6772251129 -0.1349592656 0.9897306561 0.0471091010 0.6670825481 0.1259126365 -0.7342662215
-399.8 307.6 2646.4 -0.7326573730 -0.0676703602 -0.6772251129 -0.1349592656 0.9897306561 0.0471091010 0.6670825481 0.1259126365 -0.7342662215
-387.7 110.4 2624.7 -0.7337063551 -0.0612425208 -0.6767010689 -0.1188327745 0.9921460152 0.0390524566 0.6689946055 0.1090672985 -0.7352214456
-296.8 324.4 2552.5 -0.7206225395 -0.6152350903 0.3196700513 -0.6860636473 0.5661896467 -0.4568872452 0.1000991985 -0.5485572219 -0.8300994635
-111.8 500.5 2526.8 -0.4998769462 -0.5966262817 0.6278217435 -0.7992222905 0.5970678926 -0.0689469501 -0.3337166607 -0.5362341404 -0.7752974629
-502.7 290.9 2740.2 -0.2401906848 0.8731552958 -0.4241558909 -0.9102685452 -0.0508004092 0.4108899236 0.3372234106 0.4847877026 0.8070076108
-567.5 45.3 2831.2 -0.0981682539 0.8764008284 -0.4714706838 -0.9861346483 -0.0219726190 0.1644859314 0.1337961555 0.4810808897 0.8664062619
-308.2 -80.5 2551.5 -0.4156840146 0.3372365236 -0.8446764946 0.0929508433 0.9396061897 0.3293939531 0.9047468901 0.0584104098 -0.4219256639
-442.2 -454.0 2528.3 -0.4436782002 0.1125798821 -0.8890868425 -0.0876974538 0.9818628430 0.1680909544 0.8918849826 0.1525489390 -0.4257581532
-442.8 -97.7 2664.2 -0.8188737035 0.1047769189 -0.5643293858 0.1267877817 0.9919298291 0.0001916831 0.5597952604 -0.0713931099 -0.8255496621
-483.9 -487.1 2692.2 -0.8053069115 -0.1888121516 -0.5619881749 -0.2421935052 0.9699971676 0.0211621299 0.5411312580 0.1531518996 -0.8268744946
18.7 709.1 2613.9 0 0 0 0 0 0 0 0 0
-593.0 -210.9 2866.0 0 0 0 0 0 0 0 0 0
-484.3 -821.1 2471.3 0 0 0 0 0 0 0 0 0
-422.6 -802.2 2642.5 0 0 0 0 0 0 0 0 0
-412.5 509.5 2673.6 9 -0.7071012855 -0.0657966137 -0.7040444613 -0.1388354301 0.9891998768 0.0469923578 0.6933487654 0.1309746802 -0.7085993886
-399.4 312.4 2647.5 -0.7071012855 -0.0657966137 -0.7040444613 -0.1388354301 0.9891998768 0.0469923578 0.6933487654 0.1309746802 -0.7085993886
-387.0 115.3 2624.8 -0.7080209255 -0.0626107454 -0.7034104466 -0.1246496215 0.9915027618 0.0372127146 0.6951034665 0.1140272319 -0.7098090649
-300.0 329.9 2549.9 -0.7398732305 -0.6021086574 0.3000878990 -0.6668983102 0.5977438092 -0.4449146092 0.0885112509 -0.5293084979 -0.8437998891
-112.5 498.9 2527.4 -0.5132739544 -0.6063518524 0.6073608994 -0.8017987609 0.5911674500 -0.0874059126 -0.3060532808 -0.5318443775 -0.7896030545
-498.9 294.9 2745.1 -0.2226658612 0.8906408548 -0.3964578211 -0.9123749733 -0.0470896326 0.4066379964 0.3434993625 0.4522626102 0.8230836987
-558.9 48.7 2837.8 -0.0877148062 0.8935905695 -0.4402295053 -0.9869993925 -0.0182127357 0.1596888304 0.1346786469 0.4485133290 0.8835708499
-308.5 -75.9 2541.8 -0.3764133453 0.3361454308 -0.8633187413 0.1060162634 0.9413622022 0.3203088939 0.9203659892 0.0290427115 -0.3899781704
-442.1 -449.9 2530.2 -0.4082256854 0.1137601063 -0.9057651162 -0.0962986201 0.9813025594 0.1666487902 0.9077876210 0.1552542448 -0.3896379769
-439.5 -93.2 2665.8 -0.7984748483 0.0965803415 -0.5942307115 0.1207647994 0.9926807284 -0.0009326634 0.5897912979 -0.0725068673 -0.8042941093
-477.4 -483.0 2694.2 -0.7835210562 -0.1885978580 -0.5920520425 -0.2482985556 0.9684751630 0.0200907923 0.5695986152 0.1627472192 -0.8056492805
20.7 707.1 2606.9 0 0 0 0 0 0 0 0 0
-581.7 -207.9 2872.8 0 0 0 0 0 0 0 0 0
-484.9 -819.6 2471.8 0 0 0 0 0 0 0 0 0
-416.2 -797.6 2641.4 0 0 0 0 0 0 0 0 0
-410.2 512.1 2675.7 0 -0.6852734089 -0.0606850274 -0.7257531881 -0.1379489303 0.9892981052 0.0475328937 0.7151017189 0.1326898932 -0.6863111258
-398.1 315.3 2649.3 -0.6852734089 -0.0606850274 -0.7257531881 -0.1379489303 0.9892981052 0.0475328937 0.7151017189 0.1326898932 -0.6863111258
-386.7 118.1 2626.5 -0.6861829758 -0.0576945581 -0.7251374125 -0.1227276251 0.9917418957 0.0372281075 0.7170013189 0.1145396829 -0.6875970960
-301.7 332.5 2548.5 -0.7482419014 -0.5975043178 0.2883099318 -0.6584461927 0.6156876087 -0.4328710735 0.0811334848 -0.5137288570 -0.8541077375
-110.2 501.0 2527.8 -0.5047690868 -0.6104481816 0.6103779078 -0.8004990816 0.5956591964 -0.0662673190 -0.3231244683 -0.5220566392 -0.7893335223
-494.5 298.0 2750.0 -0.2130265683 0.9042715430 -0.3700170815 -0.9115072489 -0.0475680493 0.4085239470 0.3518155813 0.4242996871 0.8343833685
-552.0 52.0 2845.0 -0.0846938044 0.9071424007 -0.4122131169 -0.9866730571 -0.0186680052 0.1616410315 0.1389362365 0.4204095602 0.8966339827
-309.8 -70.4 2538.5 -0.3541461825 0.3229169250 -0.8776702881 0.0885482952 0.9458562136 0.3122743368 0.9309885502 0.0328745618 -0.3635651171
-438.2 -446.3 2525.4 -0.3816941082 0.1297492981 -0.9151364565 -0.0791889355 0.9818669558 0.1722393334 0.9208901525 0.1382114291 -0.3644981384
-438.1 -90.3 2669.4 -0.7795414925 0.0955042690 -0.6190266013 0.1227041334 0.9924423099 -0.0014062248 0.6142138839 -0.0770533383 -0.7853687406
-475.6 -480.0 2699.7 -0.7656517029 -0.1823616922 -0.6168643832 -0.2465832680 0.9689229727 0.0196193159 0.5941162705 0.1671300083 -0.7868248820
20.3 707.9 2611.3 0 0 0 0 0 0 0 0 0
-574.0 -204.5 2881.1 0 0 0 0 0 0 0 0 0
-487.1 -816.6 2473.3 0 0 0 0 0 0 0 0 0
-416.3 -794.8 2645.4 0 0 0 0 0 0 0 0 0
-408.8 504.2 2663.7 1 -0.7348041534 -0.0592896715 -0.6756830812 -0.1189278737 0.9920019507 0.0422879085 0.6677716970 0.1114308834 -0.7359783649
-397.0 307.5 2641.6 -0.7348041534 -0.0592896715 -0.6756830812 -0.1189278737 0.9920019507 0.0422879085 0.6677716970 0.1114308834 -0.7359783649
-385.9 110.0 2622.1 -0.7354556918 -0.0564379394 -0.6752182245 -0.1077489778 0.9935858250 0.0343128480 0.6689507365 0.0979896560 -0.7368195057
-293.8 322.7 2547.8 -0.7287002206 -0.6267878413 0.2759220898 -0.6789551377 0.6085394621 -0.4107306302 0.0895314813 -0.4866382182 -0.8690036535
-111.0 493.1 2525.3 -0.4922752082 -0.6267878413 0.6039885283 -0.7933794260 0.6085394621 -0.0151259527 -0.3580701053 -0.4866382182 -0.7968494296
-500.2 292.3 2735.5 -0.2453434169 0.8720250726 -0.4235314727 -0.9053472877 -0.0498890355 0.4217313528 0.3466307521 0.4869121015 0.8017255068
-566.4 48.1 2829.0 -0.1034018099 0.8754215837 -0.4721706808 -0.9841040969 -0.0211326014 0.1763307452 0.1443855464 0.4828980267 0.8636910915
-312.4 -67.8 2538.1 -0.4162009358 0.3088071346 -0.8552280068 0.1064273790 0.9506422877 0.2914660573 0.9030227065 0.0302887764 -0.4285237491
-435.1 -445.7 2526.0 -0.4467751980 0.1457417607 -0.8826954365 -0.0578502715 0.9798707366 0.1910672039 0.8927739263 0.1364282668 -0.4293507338
-442.1 -97.4 2663.8 -0.8191990852 0.1099196970 -0.5628769398 0.1370457560 0.9905464649 -0.0060176607 0.5568943024 -0.0820695609 -0.8265187740
-485.3 -486.3 2696.1 -0.8075005412 -0.1840168685 -0.5604289770 -0.2319902480 0.9726037979 0.0149113201 0.5423314571 0.1420549601 -0.8280681968
16.6 698.6 2618.1 0 0 0 0 0 0 0 0 0
-593.3 -207.7 2866.5 0 0 0 0 0 0 0 0 0
-489.7 -812.5 2474.9 0 0 0 0 0 0 0 0 0
-425.5 -802.2 2649.9 0 0 0 0 0 0 0 0 0
-409.6 504.7 2668.3 2 -0.7534657121 -0.0602832697 -0.6547177434 -0.1309384853 0.9895991683 0.0595697574 0.6443170905 0.1306115240 -0.7535224557
-397.7 308.3 2642.3 -0.7534657121 -0.0602832697 -0.6547177434 -0.1309384853 0.9895991683 0.0595697574 0.6443170905 0.1306115240 -0.7535224557
-386.6 111.1 2620.1 -0.7543735504 -0.0560196638 -0.6540507674 -0.1154697835 0.9921406507 0.0482041463 0.6462099552 0.1118870303 -0.7549132109
-291.7 324.5 2551.6 -0.7298026085 -0.6273450255 0.2717100382 -0.6773656011 0.6097270250 -0.4115930200 0.0925418884 -0.4844287038 -0.8699223399
-99.8 502.7 2527.3 -0.4534652531 -0.6273450255 0.6330935955 -0.7917432189 0.6097270250 0.0370895937 -0.4092822373 -0.4844287038 -0.7731862068
-503.6 292.1 2733.1 -0.2578113079 0.8578621745 -0.4445287883 -0.9095786214 -0.0603125803 0.4111314714 0.3258834481 0.5103282332 0.7958423495
-573.2 46.7 2821.0 -0.1102606133 0.8614675999 -0.4956976473 -0.9858422875 -0.0314048938 0.1647078097 0.1263231188 0.5068405271 0.8527339101
-307.6 -77.6 2541.5 -0.4354740977 0.3256343007 -0.8392404914 0.1108297780 0.9445824623 0.3089995682 0.8933526874 0.0415484793 -0.4474311769
-437.0 -453.0 2525.0 -0.4663109779 0.1362090707 -0.8740715981 -0.0608621277 0.9807936549 0.1853093803 0.8825247288 0.1396096498 -0.4490648806
-444.5 -96.7 2657.0 -0.8341576457 0.1150399372 -0.5393948555 0.1312165558 0.9913172722 0.0085017234 0.5356894732 -0.0636857599 -0.8420100212
-489.7 -485.9 2682.0 -0.8230307102 -0.1855174303 -0.5368461013 -0.2380234301 0.9708135128 0.0294269808 0.5157182813 0.1520012617 -0.8431668282
18.6 709.3 2634.1 0 0 0 0 0 0 0 0 0
-601.9 -209.5 2853.8 0 0 0 0 0 0 0 0 0
-487.2 -814.2 2473.6 0 0 0 0 0 0 0 0 0
-429.4 -801.3 2632.6 0 0 0 0 0 0 0 0 0
-408.0 505.7 2672.0 3 -0.7533906102 -0.0504066981 -0.6556383967 -0.1345369667 0.9877821207 0.0786531940 0.6436632276 0.1474641860 -0.7509673238
-398.0 309.4 2642.7 -0.7533906102 -0.0504066981 -0.6556383967 -0.1345369667 0.9877821207 0.0786531940 0.6436632276 0.1474641860 -0.7509673238
-387.2 112.4 2618.4 -0.7541127205 -0.0543280952 -0.6544940472 -0.1208937541 0.9910257459 0.0570318066 0.6455219984 0.1221326515 -0.7539131045
-291.9 326.4 2552.0 -0.7351291180 -0.6227445602 0.2679075003 -0.6728678942 0.6220608354 -0.4003611803 0.0826679915 -0.4745835066 -0.8763198853
-87.8 513.2 2529.0 -0.4243241549 -0.6227445602 0.6573722363 -0.7781170011 0.6220608354 0.0870300978 -0.4631230235 -0.4745835066 -0.7485235929
-504.0 292.4 2733.4 -0.2592321038 0.8581238985 -0.4431953728 -0.9122924805 -0.0669244081 0.4040341377 0.3170507550 0.5090624094 0.8002089262
-574.0 46.2 2819.0 -0.1118603498 0.8617791533 -0.4947969019 -0.9868724942 -0.0379695483 0.1569745839 0.1164902151 0.5058606863 0.8547133803
-306.4 -75.5 2538.7 -0.4252118468 0.3305977881 -0.8425556421 0.1294800788 0.9435480833 0.3048801124 0.8957844377 0.0205444694 -0.4440136552
-437.8 -450.6 2530.5 -0.4628933072 0.1319936514 -0.8765314817 -0.0763156787 0.9792451262 0.1877629757 0.8831226826 0.1538073123 -0.4432128072
-445.5 -95.7 2653.3 -0.8335509300 0.1167000681 -0.5399758220 0.1272246987 0.9917117357 0.0179351736 0.5375934243 -0.0537483841 -0.8414894342
-491.4 -485.1 2674.4 -0.8230142593 -0.1840163916 -0.5373876095 -0.2421588302 0.9694564939 0.0388998576 0.5138157010 0.1621482968 -0.8424377441
25.0 720.1 2652.1 0 0 0 0 0 0 0 0 0
-603.0 -210.3 2849.3 0 0 0 0 0 0 0 0 0
-487.0 -815.7 2473.2 0 0 0 0 0 0 0 0 0
-431.6 -800.1 2621.7 0 0 0 0 0 0 0 0 0
-408.2 507.6 2673.4 4 -0.7408609986 -0.0535774790 -0.6695180535 -0.1388745606 0.9874924421 0.0746498033 0.6571444273 0.1482841522 -0.7390351892
-397.5 311.0 2643.9 -0.7408609986 -0.0535774790 -0.6695180535 -0.1388745606 0.9874924421 0.0746498033 0.6571444273 0.1482841522 -0.7390351892
-386.3 114.0 2619.0 -0.7415921092 -0.0566599779 -0.6684539914 -0.1257561296 0.9905042648 0.0555577539 0.6589586735 0.1252633780 -0.7416754961
-293.2 328.6 2551.2 -0.7567925453 -0.5987887383 0.2621394098 -0.6467220783 0.6276609898 -0.4333499968 0.0949504301 -0.4974873960 -0.8622590899
-90.3 502.0 2525.7 -0.4289558530 -0.5987887383 0.6763496995 -0.7758844495 0.6276609898 0.0636004731 -0.4626015723 -0.4974873960 -0.7338297367
-501.8 293.3 2736.5 -0.2492058575 0.8676100969 -0.4302896261 -0.9141008854 -0.0639780536 0.4004077017 0.3198686838 0.4931120872 0.8090268970
-569.1 46.6 2822.9 -0.1051750630 0.8710721731 -0.4797618389 -0.9876139760 -0.0350069478 0.1529483348 0.1164340526 0.4899058342 0.8639649153
-307.3 -73.5 2535.0 -0.4108046293 0.3268460333 -0.8511235118 0.1213341355 0.9448279142 0.3042667806 0.9036136270 0.0217238739 -0.4277972579
-437.2 -449.1 2526.3 -0.4439893067 0.1314207762 -0.8863419890 -0.0669616684 0.9815529585 0.1790806800 0.8935264945 0.1388608366 -0.4269988537
-443.0 -94.4 2654.5 -0.8241343498 0.1111451536 -0.5553821921 0.1222665533 0.9923489094 0.0171606354 0.5530402064 -0.0537619963 -0.8314181566
-486.7 -484.1 2675.6 -0.8123276830 -0.1855265945 -0.5529046655 -0.2471111715 0.9682352543 0.0381654762 0.5282610655 0.1676317900 -0.8323699832
25.0 710.6 2650.1 0 0 0 0 0 0 0 0 0
-596.4 -210.2 2853.1 0 0 0 0 0 0 0 0 0
-486.4 -816.6 2474.4 0 0 0 0 0 0 0 0 0
-426.4 -798.6 2621.1 0 0 0 0 0 0 0 0 0
-409.4 511.7 2675.6 5 -0.7175263762 -0.0586009286 -0.6940618157 -0.1486786008 0.9863747954 0.0704236105 0.6804781556 0.1537229270 -0.7164626122
-397.8 315.2 2645.0 -0.7175263762 -0.0586009286 -0.6940618157 -0.1486786008 0.9863747954 0.0704236105 0.6804781556 0.1537229270 -0.7164626122
-387.0 118.3 2619.8 -0.7187681794 -0.0543725826 -0.6931204200 -0.1269500256 0.9904407859 0.0539513864 0.6835612655 0.1267701983 -0.7187998891
-296.7 333.1 2548.9 -0.7880802751 -0.5597802401 0.2560772598 -0.6050195098 0.6276687384 -0.4898809493 0.1134939790 -0.5409972668 -0.8333313465
-93.9 488.8 2519.6 -0.4482344091 -0.5597802401 0.6969447732 -0.7784727812 0.6276687384 0.0034698197 -0.4393927753 -0.5409972668 -0.7171164155
-498.8 297.4 2741.1 -0.2364242673 0.8838357329 -0.4036557078 -0.9144979715 -0.0620308891 0.3998070359 0.3283246458 0.4636664093 0.8229315877
-562.6 50.6 2829.7 -0.0991990566 0.8871283531 -0.4507359266 -0.9877780676 -0.0330624916 0.1523197591 0.1202247143 0.4603370428 0.8795657158
-307.0 -71.3 2533.6 -0.3829286993 0.3202434480 -0.8664928079 0.1135649085 0.9471927881 0.2998813391 0.9167707562 0.0164299980 -0.3990757167
-434.3 -447.9 2527.1 -0.4169802666 0.1402319670 -0.8980325460 -0.0730539635 0.9796590209 0.1868992150 0.9059749246 0.1435381323 -0.3982539773
-442.1 -90.2 2657.2 -0.8053185344 0.1072621197 -0.5830582380 0.1208306551 0.9925489426 0.0157029592 0.5803982019 -0.0578054301 -0.8122785687
-484.2 -480.0 2679.9 -0.7936205268 -0.1816716790 -0.5806564093 -0.2484413981 0.9679508805 0.0367152095 0.5553767681 0.1733970344 -0.8133203983
25.5 696.1 2636.7 0 0 0 0 0 0 0 0 0
-588.4 -206.2 2861.0 0 0 0 0 0 0 0 0 0
-487.1 -816.3 2473.1 0 0 0 0 0 0 0 0 0
-425.1 -794.5 2623.6 0 0 0 0 0 0 0 0 0
-409.5 505.7 2675.2 6 -0.7109457254 -0.0597287081 -0.7007058263 -0.1570270211 0.9847130179 0.0753840655 0.6854915619 0.1636237353 -0.7094565630
-397.6 309.5 2642.6 -0.7109457254 -0.0597287081 -0.7007058263 -0.1570270211 0.9847130179 0.0753840655 0.6854915619 0.1636237353 -0.7094565630
-385.9 113.0 2614.8 -0.7119784355 -0.0592708290 -0.6996954083 -0.1399037838 0.9884277582 0.0586305708 0.6881232858 0.1396337301 -0.7120314240
-297.5 329.2 2545.8 -0.7918303609 -0.5517237782 0.2619265914 -0.6011173129 0.6282082796 -0.4939760864 0.1079939231 -0.5485938787 -0.8290850520
-94.4 483.4 2518.1 -0.4401953220 -0.5517237782 0.7083988190 -0.7780235410 0.6282082796 0.0058090324 -0.4482269883 -0.5485938787 -0.7057884336
-497.8 289.8 2739.4 -0.2281107306 0.8882039189 -0.3988224268 -0.9198954105 -0.0624036603 0.3871668875 0.3189951479 0.4551918507 0.8312896490
-559.3 41.5 2825.5 -0.0922368094 0.8912946582 -0.4439438879 -0.9897796512 -0.0333708599 0.1386455595 0.1087592617 0.4521948695 0.8852633834
-310.3 -66.9 2531.9 -0.3737947047 0.3075135350 -0.8750502467 0.1051996127 0.9514070749 0.2894091010 0.9215261936 0.0161246359 -0.3879812360
-432.5 -445.1 2525.5 -0.4056349397 0.1466170847 -0.9021993876 -0.0669190288 0.9796384573 0.1892890185 0.9115822315 0.1371565461 -0.3875640929
-439.4 -96.3 2650.2 -0.8009196520 0.1008232683 -0.5902222991 0.1087042466 0.9938248992 0.0222582370 0.5888217688 -0.0463326089 -0.8069338202
-479.0 -486.6 2668.4 -0.7872068882 -0.1860480607 -0.5879552960 -0.2602992058 0.9645568132 0.0432947725 0.5590614080 0.1871262491 -0.8077339530
23.0 690.8 2637.6 0 0 0 0 0 0 0 0 0
-583.3 -215.8 2853.7 0 0 0 0 0 0 0 0 0
-487.9 -815.2 2473.7 0 0 0 0 0 0 0 0 0
-418.5 -799.9 2607.6 0 0 0 0 0 0 0 0 0
-408.8 509.1 2674.0 7 -0.7050626278 -0.0497190468 -0.7073999643 -0.1382978261 0.9880260229 0.0683982521 0.6955288649 0.1460569203 -0.7034962773
-398.9 313.0 2645.0 -0.7050626278 -0.0497190468 -0.7073999643 -0.1382978261 0.9880260229 0.0683982521 0.6955288649 0.1460569203 -0.7034962773
-389.5 116.0 2620.4 -0.7059252262 -0.0470719337 -0.7067204714 -0.1206594855 0.9911965728 0.0545039177 0.6979333162 0.1237482205 -0.7053903341
-299.6 330.0 2546.8 -0.8166676760 -0.5343196988 0.2180742472 -0.5563647747 0.6285391450 -0.5435041785 0.1533368081 -0.5651911497 -0.8105842471
-104.0 463.2 2510.1 -0.4679424167 -0.5343196988 0.7039405704 -0.7767854929 0.6285391450 -0.0392789319 -0.4214667082 -0.5651911497 -0.7091719508
-498.2 296.0 2743.2 -0.2344739586 0.8924037218 -0.3855354190 -0.9118939638 -0.0644853786 0.4053282738 0.3368550539 0.4466063380 0.8288977146
-561.5 49.9 2834.1 -0.1016327664 0.8957743645 -0.4327344298 -0.9867653847 -0.0355251990 0.1582151204 0.1263520718 0.4430871904 0.8875296712
-308.8 -70.6 2524.0 -0.3649985492 0.3086166680 -0.8783688545 0.1172698289 0.9511857629 0.2854705751 0.9235929251 0.0011901878 -0.3833728433
-431.5 -448.8 2523.5 -0.3995362222 0.1524883956 -0.9039458632 -0.0624859780 0.9792447090 0.1928089708 0.9145852923 0.1335181147 -0.3817153573
-444.9 -92.1 2659.8 -0.7932522893 0.1109484360 -0.5986996293 0.1272173077 0.9917579293 0.0152306287 0.5954549313 -0.0640832260 -0.8008288145
-488.5 -481.5 2685.0 -0.7838007808 -0.1737235487 -0.5962184668 -0.2424241006 0.9694944620 0.0362085253 0.5717402101 0.1729179919 -0.8020052910
19.1 667.5 2621.0 0 0 0 0 0 0 0 0 0
-587.9 -206.5 2866.9 0 0 0 0 0 0 0 0 0
-488.3 -813.7 2473.7 0 0 0 0 0 0 0 0 0
-432.0 -796.4 2628.8 0 0 0 0 0 0 0 0 0
-407.3 503.2 2674.9 8 -0.6600173116 -0.0447547361 -0.7499160767 -0.1269894540 0.9905055761 0.0526531190 0.7404395938 0.1299833953 -0.6594342589
-398.4 306.7 2649.1 -0.6600173116 -0.0447547361 -0.7499160767 -0.1269894540 0.9905055761 0.0526531190 0.7404395938 0.1299833953 -0.6594342589
-390.1 109.3 2626.8 -0.6606976390 -0.0411716178 -0.7495222092 -0.1112871245 0.9928330779 0.0435618833 0.7423569560 0.1121934056 -0.6605443358
-305.6 322.3 2544.9 -0.8181324601 -0.5350605249 0.2106405646 -0.5568715334 0.6458988786 -0.5222152472 0.1433642507 -0.5445410013 -0.8263908625
-104.4 459.3 2509.6 -0.4889144599 -0.5350605249 0.6889650822 -0.7624047995 0.6458988786 -0.0394152701 -0.4239121974 -0.5445410013 -0.7237220407
-491.2 291.1 2753.3 -0.2105585486 0.9187759161 -0.3339399397 -0.9075247049 -0.0567252785 0.4161504507 0.3634061813 0.3906827867 0.8457558155
-548.0 46.3 2851.4 -0.0910631046 0.9218490720 -0.3766985834 -0.9850357771 -0.0277990382 0.1700932831 0.1463284642 0.3865508139 0.9105857611
-315.4 -70.0 2531.8 -0.3223580420 0.2968898416 -0.8988558054 0.0810617954 0.9547142982 0.2862684429 0.9431406260 0.0194180645 -0.3318262398
-433.4 -449.5 2524.1 -0.3500493467 0.1484643519 -0.9248912334 -0.0739006102 0.9799059033 0.1852649897 0.9338116050 0.1332019120 -0.3320438266
-442.4 -98.2 2672.5 -0.7547992468 0.1042127758 -0.6476247311 0.1344176680 0.9909208417 0.0027921342 0.6420357823 -0.0849447027 -0.7619543672
-483.3 -487.2 2705.9 -0.7460076809 -0.1645723581 -0.6452817321 -0.2348687351 0.9717381597 0.0236991607 0.6231446266 0.1692362577 -0.7635769844
23.4 658.6 2620.4 0 0 0 0 0 0 0 0 0
-571.6 -209.7 2889.4 0 0 0 0 0 0 0 0 0
-488.5 -812.7 2474.7 0 0 0 0 0 0 0 0 0
-429.8 -802.9 2650.9 0 0 0 0 0 0 0 0 0
-407.9 509.3 2676.3 9 -0.6343001723 -0.0461710095 -0.7717068791 -0.1306124181 0.9902656078 0.0481088310 0.7619735599 0.1313099414 -0.6341561675
-398.7 312.5 2650.2 -0.6343001723 -0.0461710095 -0.7717068791 -0.1306124181 0.9902656078 0.0481088310 0.7619735599 0.1313099414 -0.6341561675
-390.6 115.2 2627.7 -0.6350582838 -0.0406094678 -0.7713960409 -0.1132894754 0.9927154779 0.0410058834 0.7641115785 0.1134321839 -0.6350327730
