19.7 345.6 2858.3 3 -0.4217573404 -0.0027971556 -0.9067044258 -0.2345337570 0.9662990570 0.1061133519 0.8758507967 0.2574068904 -0.4081997573
20.3 156.5 2808.0 -0.4217573404 -0.0027971556 -0.9067044258 -0.2345337570 0.9662990570 0.1061133519 0.8758507967 0.2574068904 -0.4081997573
20.1 -32.4 2763.7 -0.4217851162 0.0008867473 -0.9066953659 -0.2063254416 0.9736703038 0.0969326645 0.8829083443 0.2279590815 -0.4104967117
77.9 184.7 2687.4 -0.6616449952 -0.6885570884 -0.2968417108 -0.1424310207 0.5040915608 -0.8518245816 0.7361652851 -0.5213260055 -0.4316015542
256.1 223.1 2489.0 -0.6351206303 -0.6885570884 0.3500155509 -0.7661690116 0.5040915608 -0.3985934556 0.0980144441 -0.5213260055 -0.8477100730
-37.3 128.3 2928.5 -0.0171864908 0.3142608106 -0.9491810799 -0.9965834618 0.0713169947 0.0416568667 0.0807838663 0.9466541409 0.3119614422
-41.8 -128.4 2949.3 0.1132021919 0.3162483275 -0.9418982267 -0.9933875203 0.0542916693 -0.1011616662 0.0191450194 0.9471216202 0.3203030825
59.4 -214.8 2637.6 -0.7607187033 0.3685551584 0.5342978239 0.1748914868 0.9091006517 -0.3780859709 -0.6250760555 -0.1941729337 -0.7560269833
-83.6 -567.7 2712.9 -0.7635395527 0.0910704061 0.6393070817 0.1475228071 0.9884253740 0.0353870615 -0.6286846399 0.1213317961 -0.7681368589
-17.7 -252.3 2794.7 -0.6007232666 0.0612091944 0.7971103787 -0.1304090023 0.9762073755 -0.1732414812 -0.7887490392 -0.2080205679 -0.5784482360
-41.4 -630.6 2875.3 -0.6047802567 0.0466573834 0.7950245142 0.0851501003 0.9963482022 0.0063018166 -0.7918272018 0.0715076327 -0.6065445542
428.7 431.2 2462.4 0 0 0 0 0 0 0 0 0
-12.2 -387.5 2954.3 0 0 0 0 0 0 0 0 0
-120.2 -964.8 2664.2 0 0 0 0 0 0 0 0 0
-58.8 -1001.8 2848.7 0 0 0 0 0 0 0 0 0
21.0 351.7 2860.1 4 -0.4149127901 0.0018834112 -0.9098592401 -0.2351448834 0.9658031464 0.1092296690 0.8789506555 0.2592695355 -0.4002812207
20.6 162.8 2809.4 -0.4149127901 0.0018834112 -0.9098592401 -0.2351448834 0.9658031464 0.1092296690 0.8789506555 0.2592695355 -0.4002812207
19.4 -26.1 2764.8 -0.4147923589 0.0062524886 -0.9098945856 -0.2064426541 0.9732528329 0.1007985920 0.8861877322 0.2296515405 -0.4024070799
77.2 191.0 2688.4 -0.6678888202 -0.6812184453 -0.2997765541 -0.1143845022 0.4919510484 -0.8630760908 0.7354187369 -0.5421490669 -0.4064894319
255.9 221.6 2491.6 -0.6335684061 -0.6812184453 0.3667867482 -0.7672077417 0.4919510484 -0.4115537703 0.0999168903 -0.5421490669 -0.8343206644
-36.1 134.6 2930.5 -0.0199363902 0.3227415979 -0.9462771416 -0.9966556430 0.0686037019 0.0443960652 0.0792465657 0.9439975619 0.3202945292
-41.2 -122.2 2950.9 0.1099228039 0.3246746361 -0.9394165277 -0.9938036203 0.0515665524 -0.0984646603 0.0164734926 0.9444190264 0.3283311427
57.7 -202.9 2640.4 -0.7680634856 0.3622024059 0.5280984044 0.1723225713 0.9111550450 -0.3743011951 -0.6167523265 -0.1964837909 -0.7622405291
-82.9 -556.6 2716.7 -0.7706392407 0.0906924978 0.6307852268 0.1470538676 0.9884155989 0.0375462286 -0.6200727820 0.1216940060 -0.7750485539
-17.9 -239.9 2798.5 -0.6051508188 0.0829467922 0.7917779684 -0.0883795097 0.9814103842 -0.1703606099 -0.7911899686 -0.1730708033 -0.5865705013
-50.0 -620.3 2865.6 -0.6085502505 0.0080445437 0.7934745550 0.0312761180 0.9994147420 0.0138545763 -0.7928987145 0.0332480073 -0.6084457040
427.8 429.7 2464.5 0 0 0 0 0 0 0 0 0
-12.5 -381.5 2955.2 0 0 0 0 0 0 0 0 0
-120.4 -965.8 2666.3 0 0 0 0 0 0 0 0 0
-53.0 -992.4 2853.2 0 0 0 0 0 0 0 0 0
20.8 347.2 2861.6 5 -0.4431166947 0.0075587444 -0.8964321017 -0.2346896827 0.9641110897 0.1241392270 0.8651984334 0.2653915286 -0.4254397452
19.4 158.2 2809.5 -0.4431166947 0.0075587444 -0.8964321017 -0.2346896827 0.9641110897 0.1241392270 0.8651984334 0.2653915286 -0.4254397452
17.5 -30.4 2763.6 -0.4428806305 0.0095272036 -0.8965299726 -0.2079466879 0.9715853333 0.1130492687 0.8721324205 0.2364977747 -0.4283151627
79.8 186.6 2690.5 -0.6597272754 -0.6918984652 -0.2933198214 -0.1291744709 0.4889052212 -0.8627198935 0.7403201461 -0.5312703848 -0.4119197130
255.9 221.1 2492.9 -0.6332088709 -0.6918984652 0.3468762040 -0.7644355893 0.4889052212 -0.4202497900 0.1211805791 -0.5312703848 -0.8384909034
-41.1 129.8 2928.6 -0.0324466601 0.2954244316 -0.9548149705 -0.9969100952 0.0588102713 0.0520733297 0.0715366602 0.9535542727 0.2926034033
-49.5 -127.0 2947.1 0.0991848335 0.2971695065 -0.9496592283 -0.9949886203 0.0417489260 -0.0908549875 0.0126479222 0.9539116025 0.2998211682
55.3 -196.6 2640.9 -0.7586242557 0.3557976484 0.5457996130 0.1573575288 0.9129795432 -0.3764398694 -0.6322402954 -0.1996907294 -0.7485958934
-82.8 -551.0 2718.4 -0.7591488361 0.0880384520 0.6449358463 0.1516202241 0.9874734879 0.0436736010 -0.6330121160 0.1309400797 -0.7629877925
-19.0 -233.5 2799.6 -0.5805494785 0.0850655288 0.8097692132 -0.0566970147 0.9878901243 -0.1444248706 -0.8122485876 -0.1297572851 -0.5686961412
-52.0 -616.4 2849.9 -0.5811239481 -0.0067085386 0.8137874007 -0.0223281160 0.9997209907 -0.0077031604 -0.8135086894 -0.0226468295 -0.5811116099
427.4 428.2 2460.1 0 0 0 0 0 0 0 0 0
-23.6 -386.5 2950.3 0 0 0 0 0 0 0 0 0
-119.6 -963.7 2663.7 0 0 0 0 0 0 0 0 0
-49.5 -988.5 2858.4 0 0 0 0 0 0 0 0 0
18.2 342.1 2862.8 6 -0.4594178200 0.0001740313 -0.8882202506 -0.2384456843 0.9632685184 0.1235209778 0.8556160927 0.2685400248 -0.4425012171
18.1 152.7 2810.0 -0.4594178200 0.0001740313 -0.8882202506 -0.2384456843 0.9632685184 0.1235209778 0.8556160927 0.2685400248 -0.4425012171
17.3 -35.8 2763.7 -0.4593528807 0.0042481674 -0.8882437348 -0.2100398242 0.9711096883 0.1132660210 0.8630632758 0.2385956347 -0.4451897442
80.9 181.4 2692.1 -0.6521623731 -0.6953493953 -0.3019494116 -0.1497973353 0.5086592436 -0.8478363752 0.7431318760 -0.5076957941 -0.4358898997
255.9 221.6 2492.7 -0.6367913485 -0.6953493953 0.3331456482 -0.7635534406 0.5086592436 -0.3978089690 0.1071586013 -0.5076957941 -0.8548461795
-44.6 124.0 2927.8 -0.0330750868 0.2770541310 -0.9602848887 -0.9970694184 0.0571691170 0.0508360565 0.0689829737 0.9591520429 0.2743513286
-53.1 -132.9 2945.6 0.0996643156 0.2788044214 -0.9551623464 -0.9949409366 0.0401114449 -0.0921067074 0.0126331858 0.9595098495 0.2813916206
55.4 -200.3 2639.6 -0.7473030090 0.3490546942 0.5654193759 0.1559822261 0.9192894697 -0.3613535762 -0.6459162235 -0.1818452477 -0.7414340973
-80.1 -557.2 2710.2 -0.7488436103 0.0938030854 0.6560748816 0.1406873167 0.9898707271 0.0190524999 -0.6476421356 0.1065687612 -0.7544552684
-24.0 -237.6 2795.8 -0.5683102012 0.0592509285 0.8206782937 -0.1024365649 0.9845494628 -0.1420181543 -0.8164130449 -0.1647778302 -0.5534600616
-46.9 -619.1 2859.7 -0.5702051520 0.0148732867 0.8213676810 0.0090631172 0.9998891354 -0.0118142003 -0.8214523196 0.0007076332 -0.5702767372
428.6 428.7 2463.6 0 0 0 0 0 0 0 0 0
-27.1 -392.5 2948.9 0 0 0 0 0 0 0 0 0
-118.7 -964.5 2666.3 0 0 0 0 0 0 0 0 0
-52.5 -991.6 2859.4 0 0 0 0 0 0 0 0 0
23.2 339.4 2862.4 7 -0.4660564959 0.0180723239 -0.8845703602 -0.2320390046 0.9622982144 0.1419155151 0.8537852168 0.2713954747 -0.4442918599
19.6 150.7 2809.1 -0.4660564959 0.0180723239 -0.8845703602 -0.2320390046 0.9622982144 0.1419155151 0.8537852168 0.2713954747 -0.4442918599
16.2 -37.6 2762.2 -0.4655730128 0.0178384930 -0.8848297000 -0.2060211897 0.9701449275 0.1279611588 0.8606956601 0.2418689281 -0.4479981959
83.2 178.8 2691.6 -0.6421024799 -0.7014377117 -0.3093372583 -0.1587896198 0.5164483786 -0.8414671421 0.7499935031 -0.4911886156 -0.4429938197
254.9 221.2 2491.0 -0.6388387680 -0.7014377117 0.3160224557 -0.7611443400 0.5164483786 -0.3923524022 0.1120015010 -0.4911886156 -0.8638225794
-44.0 122.5 2926.7 -0.0482040495 0.2743772268 -0.9604132175 -0.9966843724 0.0498874597 0.0642767176 0.0655486435 0.9603272080 0.2710627317
-56.4 -134.3 2943.6 0.0847850144 0.2758728862 -0.9574474692 -0.9963523746 0.0327935219 -0.0787812471 0.0096644657 0.9606345296 0.2776470184
57.7 -205.5 2640.1 -0.7441610694 0.3638928533 0.5601841807 0.1651560962 0.9127902985 -0.3735470176 -0.6472617388 -0.1854612976 -0.7393621206
-83.6 -559.8 2712.0 -0.7464274168 0.0846845955 0.6600565314 0.1412687153 0.9894273877 0.0328117013 -0.6502993703 0.1177368909 -0.7504990101
-28.7 -241.6 2792.9 -0.5682420731 0.0650796667 0.8202838302 -0.1116720662 0.9815456867 -0.1552333832 -0.8152486086 -0.1798129380 -0.5504879951
-53.7 -618.8 2862.0 -0.5683715940 0.0410413295 0.8217477798 0.0352957472 0.9990519285 -0.0254838802 -0.8220145702 0.0145198880 -0.5692812800
428.4 428.0 2460.6 0 0 0 0 0 0 0 0 0
-34.3 -394.2 2946.1 0 0 0 0 0 0 0 0 0
-118.3 -965.1 2663.8 0 0 0 0 0 0 0 0 0
-69.0 -991.2 2856.6 0 0 0 0 0 0 0 0 0
22.9 339.0 2850.7 8 -0.4869604707 0.0167899858 -0.8732625842 -0.2052242011 0.9696246982 0.1330825984 0.8489714265 0.2440205812 -0.4687232077
19.6 148.9 2802.8 -0.4869604707 0.0167899858 -0.8732625842 -0.2052242011 0.9696246982 0.1330825984 0.8489714265 0.2440205812 -0.4687232077
16.7 -40.5 2760.4 -0.4866086543 0.0150852129 -0.8734897971 -0.1837529093 0.9757162333 0.1192167848 0.8540766239 0.2185182124 -0.4720200300
86.1 174.0 2686.2 -0.6419287920 -0.7032506466 -0.3055585027 -0.1793881655 0.5251865387 -0.8318647742 0.7454846501 -0.4791843593 -0.4632872045
255.0 221.2 2490.1 -0.6396660209 -0.7032506466 0.3102675080 -0.7615725994 0.5251865387 -0.3797186315 0.1040890440 -0.4791843593 -0.8715204000
-46.8 123.8 2919.4 -0.0531660020 0.2515425682 -0.9663848877 -0.9946460724 0.0725388229 0.0736021027 0.0886144862 0.9651240706 0.2463392317
-60.5 -132.5 2942.2 0.0811336040 0.2529702485 -0.9640660882 -0.9960543513 0.0554758012 -0.0692688525 0.0359593779 0.9658822417 0.2564730942
54.4 -207.5 2638.1 -0.7276422381 0.3610347211 0.5832587481 0.1520496607 0.9140234590 -0.3760877252 -0.6688929200 -0.1849730313 -0.7199772596
-85.7 -562.3 2709.9 -0.7292662263 0.0804395154 0.6794853210 0.1336286068 0.9906867146 0.0261381082 -0.6710545421 0.1098603159 -0.7332233787
-31.0 -243.6 2791.4 -0.5497863889 0.0481565520 0.8339160085 -0.1431840211 0.9781271219 -0.1508831382 -0.8229418397 -0.2023569494 -0.5308657289
-49.6 -621.3 2869.6 -0.5551305413 0.0322702900 0.8311370015 0.0647885278 0.9978887439 0.0045286533 -0.8292361498 0.0563621372 -0.5560492277
428.9 428.2 2461.8 0 0 0 0 0 0 0 0 0
-39.4 -392.2 2951.6 0 0 0 0 0 0 0 0 0
-118.3 -962.8 2665.5 0 0 0 0 0 0 0 0 0
-61.6 -993.2 2848.6 0 0 0 0 0 0 0 0 0
22.2 343.3 2856.8 9 -0.4817587435 0.0081822965 -0.8762657046 -0.2208968699 0.9665307999 0.1304711998 0.8480053544 0.2564199865 -0.4638272226
20.6 153.6 2806.5 -0.4817587435 0.0081822965 -0.8762657046 -0.2208968699 0.9665307999 0.1304711998 0.8480053544 0.2564199865 -0.4638272226
18.5 -35.5 2763.1 -0.4814709127 0.0106219426 -0.8763977289 -0.1911854446 0.9745745063 0.1168443412 0.8553559780 0.2238116413 -0.4671985507
86.4 179.7 2689.7 -0.6378345490 -0.7045760751 -0.3110299706 -0.1537830830 0.5122228265 -0.8449724913 0.7546640635 -0.4911215305 -0.4350652993
255.1 220.4 2490.0 -0.6364269257 -0.7045760751 0.3139002025 -0.7622527480 0.5122228265 -0.3957252502 0.1180316880 -0.4911215305 -0.8630574346
-45.2 127.5 2923.3 -0.0470022969 0.2557474971 -0.9656003118 -0.9954052567 0.0687385499 0.0666590929 0.0834218636 0.9642967582 0.2513415217
-57.3 -129.0 2944.8 0.0870545059 0.2572779357 -0.9624082446 -0.9957483411 0.0516733080 -0.0762565956 0.0301116779 0.9649549127 0.2606824636
57.3 -213.4 2641.5 -0.7255916595 0.3675962687 0.5817127824 0.1670154184 0.9141584039 -0.3693510592 -0.6675497293 -0.1708430499 -0.7246999741
-85.4 -568.2 2707.9 -0.7289603353 0.0820418894 0.6796218753 0.1319472343 0.9910148978 0.0218938850 -0.6717192531 0.1056340039 -0.7332357764
-30.9 -245.9 2794.0 -0.5523023009 0.0465057455 0.8323457241 -0.1284725219 0.9817668796 -0.1401022077 -0.8236849904 -0.1843123287 -0.5362573862
-48.9 -626.0 2865.4 -0.5565174818 0.0242804699 0.8304809928 0.0453689545 0.9989695549 0.0011958918 -0.8295962214 0.0383435898 -0.5570456386
428.0 427.5 2457.9 0 0 0 0 0 0 0 0 0
-34.6 -388.7 2952.7 0 0 0 0 0 0 0 0 0
-118.3 -964.8 2665.6 0 0 0 0 0 0 0 0 0
-58.0 -998.5 2851.1 0 0 0 0 0 0 0 0 0
21.1 339.5 2855.9 0 -0.4755279720 0.0081161959 -0.8796631694 -0.2215732783 0.9666139483 0.1286964566 0.8513391614 0.2561086118 -0.4578536451
19.5 150.1 2805.7 -0.4755279720 0.0081161959 -0.8796631694 -0.2215732783 0.9666139483 0.1286964566 0.8513391614 0.2561086118 -0.4578536451
17.3 -38.8 2761.1 -0.4752859473 0.0110136131 -0.8797624707 -0.1970292777 0.9731942415 0.1186270565 0.8574863076 0.2297207266 -0.4603755474
84.4 177.0 2688.6 -0.6433556676 -0.7030931115 -0.3029085696 -0.1644842029 0.5133718848 -0.8422554135 0.7476887107 -0.4920461178 -0.4459284246
255.4 220.7 2489.9 -0.6366091371 -0.7030931115 0.3168420792 -0.7627334595 0.5133718848 -0.3933026791 0.1138705686 -0.4920461178 -0.8630898595
-45.4 123.2 2922.8 -0.0451809317 0.2623625994 -0.9639110565 -0.9959565997 0.0631683022 0.0638764799 0.0776474178 0.9628996253 0.2584477663
-57.1 -133.4 2942.8 0.0885040984 0.2639191747 -0.9604757428 -0.9958008528 0.0460978337 -0.0790924281 0.0234018452 0.9634426236 0.2668907940
59.5 -207.6 2643.0 -0.7301432490 0.3713829815 0.5735551715 0.1708818376 0.9119697809 -0.3729751706 -0.6615816355 -0.1743151397 -0.7293311954
-84.6 -561.6 2710.7 -0.7335530519 0.0850139409 0.6742941141 0.1364369839 0.9903684855 0.0235633645 -0.6657963991 0.1092836261 -0.7380868793
-27.2 -241.6 2796.0 -0.5561758876 0.0701495633 0.8280986547 -0.0950847194 0.9845165610 -0.1472617090 -0.8256072402 -0.1606429517 -0.5408942103
-54.4 -623.1 2858.2 -0.5595056415 -0.0054328772 0.8288087249 0.0046398938 0.9999423027 0.0096869282 -0.8288135529 0.0092654750 -0.5594481826
428.2 427.8 2459.0 0 0 0 0 0 0 0 0 0
-34.0 -393.2 2949.0 0 0 0 0 0 0 0 0 0
-119.1 -962.8 2666.4 0 0 0 0 0 0 0 0 0
-52.4 -995.9 2854.8 0 0 0 0 0 0 0 0 0
24.4 340.1 2858.4 1 -0.4466678798 0.0098958611 -0.8946450949 -0.2283607274 0.9655583501 0.1246935055 0.8650659919 0.2599984109 -0.4290240705
22.4 150.7 2807.4 -0.4466678798 0.0098958611 -0.8946450949 -0.2283607274 0.9655583501 0.1246935055 0.8650659919 0.2599984109 -0.4290240705
20.4 -38.1 2762.2 -0.4464102983 0.0105193462 -0.8947665691 -0.2039073110 0.9724277258 0.1131642982 0.8712862134 0.2329671532 -0.4319567680
83.4 178.5 2688.5 -0.6539071202 -0.7028756738 -0.2799487710 -0.1550978571 0.4866991937 -0.8596909642 0.7405066490 -0.5187385678 -0.4272705615
257.8 219.9 2490.9 -0.6277489066 -0.7028756738 0.3345102966 -0.7673826218 0.4866991937 -0.4174299538 0.1305954605 -0.5187385678 -0.8448994756
-38.5 122.8 2926.4 -0.0347811393 0.2921004891 -0.9557549953 -0.9965698123 0.0617197566 0.0551294051 0.0750922859 0.9543940425 0.2889518440
-47.5 -133.9 2945.7 0.0970584303 0.2938078344 -0.9509240985 -0.9951388240 0.0446638018 -0.0877715051 0.0166839305 0.9548204541 0.2967145741
57.8 -210.1 2639.7 -0.7487257719 0.3699132204 0.5500671864 0.1755277216 0.9108303189 -0.3736016452 -0.6392180920 -0.1831731498 -0.7468921542
-85.8 -563.7 2710.8 -0.7529628873 0.0821961984 0.6529093981 0.1329971403 0.9907020330 0.0286563057 -0.6444832683 0.1084122285 -0.7568936944
-27.6 -245.3 2793.2 -0.5828139782 0.0606440753 0.8103395104 -0.1239154339 0.9789161682 -0.1623826921 -0.8031020164 -0.1950524747 -0.5630112886
-51.2 -624.7 2868.8 -0.5914921761 -0.0009766851 0.8063101768 0.0455137528 0.9983644485 0.0345972553 -0.8050251603 0.0571622066 -0.5904802680
427.4 427.1 2455.6 0 0 0 0 0 0 0 0 0
-22.2 -393.5 2950.1 0 0 0 0 0 0 0 0 0
-118.9 -962.2 2667.2 0 0 0 0 0 0 0 0 0
-50.8 -996.7 2847.5 0 0 0 0 0 0 0 0 0
26.0 341.1 2859.2 2 -0.4292099476 0.0123986565 -0.9031196237 -0.2309469134 0.9651592970 0.1230085045 0.8731794357 0.2613691688 -0.4113925397
23.5 152.0 2808.0 -0.4292099476 0.0123986565 -0.9031196237 -0.2309469134 0.9651592970 0.1230085045 0.8731794357 0.2613691688 -0.4113925397
21.0 -36.7 2762.7 -0.4288741350 0.0129733970 -0.9032710791 -0.2053011209 0.9723333120 0.1114425138 0.8797263503 0.2332373857 -0.4143451452
82.1 180.1 2687.9 -0.6608579755 -0.7031713724 -0.2623293996 -0.1462790817 0.4635116160 -0.8739333153 0.7361176014 -0.5391725302 -0.4091746211
259.8 219.4 2489.9 -0.6212384701 -0.7031713724 0.3458507955 -0.7693646550 0.4635116160 -0.4395850003 0.1487977207 -0.5391725302 -0.8289464712
-35.0 124.0 2928.1 -0.0311163738 0.3105472624 -0.9500485063 -0.9966770411 0.0619459078 0.0528921485 0.0752771273 0.9485373497 0.3075877726
-43.1 -132.8 2947.5 0.0995613486 0.3123005033 -0.9447517991 -0.9949286580 0.0448908545 -0.0900098830 0.0143005811 0.9489220977 0.3151861429
58.3 -208.6 2639.0 -0.7621199489 0.3619029522 0.5368421674 0.1725137532 0.9127174020 -0.3703862429 -0.6240290403 -0.1896660775 -0.7580333352
-82.2 -562.9 2712.6 -0.7656244040 0.1032265648 0.6349515915 0.1423932910 0.9897513390 0.0107900361 -0.6273303628 0.0986739546 -0.7724765539
-21.8 -245.0 2794.9 -0.5962772965 0.0598968193 0.8005409241 -0.0932832286 0.9852876067 -0.1432010084 -0.7973403335 -0.1600645483 -0.5819172859
-45.0 -627.0 2857.0 -0.5961685777 0.0332604684 0.8021700382 0.0146249235 0.9994256496 -0.0305701345 -0.8027260900 -0.0064932774 -0.5963125825
426.3 425.6 2450.0 0 0 0 0 0 0 0 0 0
-17.1 -392.3 2951.3 0 0 0 0 0 0 0 0 0
-122.9 -952.5 2673.8 0 0 0 0 0 0 0 0 0
-57.4 -998.8 2859.4 0 0 0 0 0 0 0 0 0
24.8 344.3 2860.6 3 -0.4340341985 0.0085065374 -0.9008562565 -0.2368632406 0.9636972547 0.1232210770 0.8692008257 0.2668618858 -0.4162626565
23.2 156.0 2808.4 -0.4340341985 0.0085065374 -0.9008562565 -0.2368632406 0.9636972547 0.1232210770 0.8692008257 0.2668618858 -0.4162626565
21.6 -32.5 2762.1 -0.4338157177 0.0082099149 -0.9009642005 -0.2115768939 0.9710692763 0.1107233539 0.8758077025 0.2386567444 -0.4195280969
82.4 184.9 2688.8 -0.6613836884 -0.7039557695 -0.2588780820 -0.1283535808 0.4462830722 -0.8856391907 0.7389837503 -0.5525194407 -0.3855195940
262.5 219.8 2487.6 -0.6153368354 -0.7039557695 0.3546925783 -0.7717193365 0.4462830722 -0.4530791640 0.1606544107 -0.5525194407 -0.8178706765
-36.1 127.1 2928.0 -0.0282107554 0.3042491972 -0.9521746635 -0.9971712828 0.0578232519 0.0480202176 0.0696679428 0.9508358836 0.3017573357
-43.4 -129.9 2946.0 0.1028755754 0.3060585260 -0.9464379549 -0.9946485758 0.0407710187 -0.0949314460 0.0095326584 0.9511392713 0.3086150289
56.9 -207.1 2638.7 -0.7597229481 0.3587401211 0.5423343778 0.1707570255 0.9148390889 -0.3659392297 -0.6274257898 -0.1854050159 -0.7562816143
-82.4 -562.2 2710.7 -0.7628877163 0.0983013883 0.6390142441 0.1421716809 0.9896875620 0.0174853075 -0.6307055950 0.1041890457 -0.7689961791
-20.0 -243.8 2796.2 -0.5912486315 0.0636660457 0.8039724231 -0.0976009369 0.9839037657 -0.1496913135 -0.8005617261 -0.1669732481 -0.5755178928
-44.7 -625.5 2861.0 -0.5928605795 0.0247605871 0.8049243689 0.0287056137 0.9995417595 -0.0096043991 -0.8047933578 0.0174117777 -0.5932996869
425.4 424.2 2445.0 0 0 0 0 0 0 0 0 0
-16.5 -389.4 2948.5 0 0 0 0 0 0 0 0 0
-121.3 -953.9 2669.4 0 0 0 0 0 0 0 0 0
-53.9 -997.9 2854.5 0 0 0 0 0 0 0 0 0
21.0 343.1 2862.3 4 -0.4358435273 -0.0138513334 -0.8999158740 -0.2386524677 0.9658680558 0.1007167175 0.8678049445 0.2586638629 -0.4242729843
23.7 153.4 2811.5 -0.4358435273 -0.0138513334 -0.8999158740 -0.2386524677 0.9658680558 0.1007167175 0.8678049445 0.2586638629 -0.4242729843
25.1 -35.5 2766.8 -0.4361502230 -0.0070640906 -0.8998461366 -0.2102188766 0.9731004238 0.0942527130 0.8749748468 0.2302729934 -0.4259029627
83.3 182.1 2691.9 -0.6571282148 -0.7128501534 -0.2450044453 -0.1404532790 0.4351381958 -0.8893411160 0.7405777574 -0.5499994755 -0.3860637248
264.8 220.9 2487.4 -0.6101255417 -0.7128501534 0.3458199799 -0.7714928389 0.4351381958 -0.4641697109 0.1804039478 -0.5499994755 -0.8154477477
-35.9 124.7 2931.0 -0.0144922417 0.2975356281 -0.9546006918 -0.9968309999 0.0703823715 0.0370705537 0.0782168731 0.9521128535 0.2955727279
-39.6 -132.1 2951.1 0.1169346496 0.2995866239 -0.9468759894 -0.9929609895 0.0533485897 -0.1057467088 0.0188341998 0.9525763988 0.3037161231
58.8 -202.1 2637.3 -0.7530100346 0.3605605960 0.5504288673 0.1679383069 0.9141124487 -0.3690462708 -0.6362174153 -0.1854574680 -0.7488877773
-81.2 -557.0 2709.3 -0.7559691072 0.0963363573 0.6474797130 0.1405671984 0.9899280667 0.0168320313 -0.6393367648 0.1037389040 -0.7618967891
-18.9 -240.0 2794.2 -0.5832504034 0.0697586238 0.8092914820 -0.0865947828 0.9852883220 -0.1473372877 -0.8076634407 -0.1560149491 -0.5686290860
-46.0 -622.3 2854.8 -0.5838691592 0.0221688449 0.8115450740 0.0108865816 0.9997510314 -0.0194776449 -0.8117747903 -0.0025374445 -0.5839651227
424.4 422.8 2440.2 0 0 0 0 0 0 0 0 0
-9.1 -391.1 2956.1 0 0 0 0 0 0 0 0 0
-120.2 -957.6 2667.3 0 0 0 0 0 0 0 0 0
-54.3 -995.1 2855.7 0 0 0 0 0 0 0 0 0
22.6 341.7 2850.6 5 -0.4389074743 -0.0109142596 -0.8984659910 -0.2204909623 0.9706611633 0.0959202498 0.8710591197 0.2402037382 -0.4284369051
24.8 151.0 2803.4 -0.4389074743 -0.0109142596 -0.8984659910 -0.2204909623 0.9706611633 0.0959202498 0.8710591197 0.2402037382 -0.4284369051
26.2 -38.6 2762.0 -0.4391450584 -0.0073645809 -0.8983860016 -0.1951760352 0.9768664241 0.0873971581 0.8769595027 0.2137234509 -0.4304234684
84.8 177.6 2683.6 -0.6673181057 -0.7104268074 -0.2235626727 -0.1637440771 0.4327800870 -0.8865039349 0.7265496254 -0.5549731255 -0.4051301777
267.0 222.4 2485.3 -0.6077602506 -0.7104268074 0.3548537791 -0.7748844624 0.4327800870 -0.4607119560 0.1737284660 -0.5549731255 -0.8135251999
-35.2 124.3 2923.2 -0.0152381184 0.2944142222 -0.9555563927 -0.9953569174 0.0863699540 0.0424840525 0.0950392708 0.9517670274 0.2917311192
-39.1 -132.1 2947.7 0.1164092496 0.2964545488 -0.9479259253 -0.9925472736 0.0693554580 -0.1001986936 0.0360394828 0.9525253177 0.3023187816
65.5 -205.5 2643.7 -0.7391547561 0.3776253760 0.5577179790 0.1861804575 0.9103352427 -0.3696303964 -0.6472921371 -0.1693778634 -0.7431850433
-81.0 -558.8 2709.5 -0.7441995740 0.0978451744 0.6607521176 0.1426306069 0.9896757007 0.0140909813 -0.6525515318 0.1047299802 -0.7504718900
-12.6 -243.2 2800.5 -0.5764999390 0.0880183503 0.8123426437 -0.0489512868 0.9886751175 -0.1418637335 -0.8156296015 -0.1215496510 -0.5656625032
-46.8 -626.6 2847.6 -0.5762950182 0.0211509764 0.8169679642 -0.0374950096 0.9979280233 -0.0522852093 -0.8163811564 -0.0607639290 -0.5743079185
424.5 423.2 2440.2 0 0 0 0 0 0 0 0 0
-8.8 -391.0 2957.1 0 0 0 0 0 0 0 0 0
-120.5 -958.3 2667.2 0 0 0 0 0 0 0 0 0
-54.6 -998.3 2870.2 0 0 0 0 0 0 0 0 0
23.7 336.5 2845.8 6 -0.4390520751 -0.0073669152 -0.8984314203 -0.2162598372 0.9714334011 0.0977179334 0.8720464110 0.2371979058 -0.4281029999
25.2 146.2 2799.3 -0.4390520751 -0.0073669152 -0.8984314203 -0.2162598372 0.9714334011 0.0977179334 0.8720464110 0.2371979058 -0.4281029999
26.0 -43.6 2758.6 -0.4392075241 -0.0043726023 -0.8983749747 -0.1904504895 0.9777130485 0.0883507878 0.8779665828 0.2099002898 -0.4302516580
85.2 172.2 2679.4 -0.6746144891 -0.7069638371 -0.2123615891 -0.1901905090 0.4444407821 -0.8753855824 0.7132480741 -0.5501586795 -0.4342840016
269.3 224.1 2484.7 -0.6079712510 -0.7069638371 0.3613490760 -0.7793369889 0.4444407821 -0.4417083561 0.1516735554 -0.5501586795 -0.8211702704
-34.8 120.2 2919.3 -0.0180810951 0.2952185273 -0.9552586675 -0.9949290156 0.0892325342 0.0464088991 0.0989409164 0.9512537122 0.2921080589
-39.5 -136.2 2944.7 0.1135331020 0.2972097099 -0.9480382800 -0.9927344322 0.0722145811 -0.0962464809 0.0398567989 0.9520774484 0.3032490611
67.0 -210.7 2641.9 -0.7347511053 0.3861795962 0.5576792955 0.1958398223 0.9078840613 -0.3706660271 -0.6494517922 -0.1631314456 -0.7426981330
-82.9 -563.1 2705.2 -0.7432147264 0.0951490849 0.6622526050 0.1268491596 0.9919220209 -0.0001575012 -0.6569179296 0.0838891268 -0.7492806315
-11.7 -245.7 2799.0 -0.5784251094 0.0829580203 0.8115062118 -0.0653458908 0.9869061112 -0.1474658847 -0.8131139278 -0.1383265704 -0.5654303432
-43.9 -628.6 2852.7 -0.5775018930 0.0328535326 0.8157280087 -0.0146716889 0.9986109138 -0.0506061129 -0.8162574768 -0.0411932357 -0.5762177110
425.3 424.1 2445.8 0 0 0 0 0 0 0 0 0
-9.9 -395.1 2955.1 0 0 0 0 0 0 0 0 0
-120.9 -958.8 2671.8 0 0 0 0 0 0 0 0 0
-56.2 -1000.9 2868.1 0 0 0 0 0 0 0 0 0
21.8 330.0 2851.4 7 -0.4527181089 -0.0135890972 -0.8915501237 -0.2339974344 0.9666494131 0.1040872261 0.8604019284 0.2557426095 -0.4407995045
24.5 141.0 2801.4 -0.4527181089 -0.0135890972 -0.8915501237 -0.2339974344 0.9666494131 0.1040872261 0.8604019284 0.2557426095 -0.4407995045
26.4 -48.3 2758.2 -0.4530929625 -0.0095828595 -0.8914117813 -0.2025891244 0.9748860002 0.0924931839 0.8681384921 0.2224983424 -0.4436553419
86.4 168.6 2682.8 -0.6686742306 -0.7118549943 -0.2147957534 -0.2057156712 0.4547121823 -0.8665552139 0.7145318985 -0.5352562666 -0.4504940510
271.5 225.6 2485.0 -0.6061789393 -0.7118549943 0.3546964228 -0.7826807499 0.4547121823 -0.4250266850 0.1412725896 -0.5352562666 -0.8327921629
-37.4 113.3 2919.9 -0.0177459400 0.2795288563 -0.9599732757 -0.9961642623 0.0773375556 0.0409344211 0.0856843442 0.9570175409 0.2770842314
-42.0 -143.4 2942.0 0.1147945970 0.2815387249 -0.9526584744 -0.9929718375 0.0603189878 -0.1018262804 0.0287953522 0.9576520920 0.2864843309
66.2 -216.3 2639.2 -0.7319574356 0.3864986002 0.5611213446 0.1854445487 0.9054604769 -0.3817743063 -0.6556284428 -0.1753856242 -0.7344325781
-83.8 -567.8 2707.3 -0.7375562191 0.0904261470 0.6692039371 0.1348825395 0.9907512665 0.0147841778 -0.6616778374 0.1011680886 -0.7429316640
-12.0 -253.3 2794.0 -0.5661170483 0.0772126839 0.8207007647 -0.0695543736 0.9875788093 -0.1408912092 -0.8213852048 -0.1368442327 -0.5537146926
-41.7 -633.4 2846.7 -0.5650528669 0.0355738439 0.8242874146 0.0070888698 0.9992424846 -0.0382649414 -0.8250242472 -0.0157784484 -0.5648770332
425.7 424.7 2449.1 0 0 0 0 0 0 0 0 0
-12.0 -402.4 2949.5 0 0 0 0 0 0 0 0 0
-119.8 -962.2 2667.0 0 0 0 0 0 0 0 0 0
-54.9 -1006.0 2852.6 0 0 0 0 0 0 0 0 0
20.5 339.7 2856.7 8 -0.4032202065 -0.0225703847 -0.9148246050 -0.2477441281 0.9650554061 0.0853866041 0.8809292316 0.2610720396 -0.3947215080
25.0 150.3 2805.4 -0.4032202065 -0.0225703847 -0.9148246050 -0.2477441281 0.9650554061 0.0853866041 0.8809292316 0.2610720396 -0.3947215080
28.6 -38.8 2761.7 -0.4039527178 -0.0185646769 -0.9145914912 -0.2132110894 0.9741694927 0.0743961185 0.8895859718 0.2250535488 -0.3974766135
80.1 179.4 2684.1 -0.6835666299 -0.6995829344 -0.2081354856 -0.1661608964 0.4268276691 -0.8889368176 0.7107230425 -0.5730635524 -0.4080084562
272.3 226.1 2484.2 -0.6041005254 -0.6995829344 0.3816363215 -0.7816291451 0.4268276691 -0.4548341036 0.1553012431 -0.5730635524 -0.8046612144
-30.1 121.2 2926.8 0.0073201363 0.3262526989 -0.9452542663 -0.9964845181 0.0812721476 0.0203340594 0.0834568813 0.9417823553 0.3257006705
-28.2 -135.4 2948.3 0.1365357935 0.3286421597 -0.9345331788 -0.9904339314 0.0642988831 -0.1220912859 0.0199650954 0.9422632456 0.3342774510
68.8 -219.3 2637.3 -0.7554811239 0.3941565454 0.5233439207 0.2014143318 0.8998325467 -0.3869542778 -0.6234424710 -0.1869277060 -0.7591953278
-84.2 -568.6 2709.8 -0.7628802061 0.0904591978 0.6401803493 0.1380076557 0.9901268482 0.0245512500 -0.6316388845 0.1070794463 -0.7678322196
-3.8 -245.7 2798.2 -0.6059606671 0.0458320789 0.7941731811 -0.0866458118 0.9885965586 -0.1231638044 -0.7907617688 -0.1434442103 -0.5950794816
-21.3 -624.5 2853.2 -0.6069061160 0.0167146008 0.7945977449 0.0030027574 0.9998199344 -0.0187380332 -0.7947678566 -0.0089862421 -0.6068469882
425.1 423.8 2445.0 0 0 0 0 0 0 0 0 0
7.4 -393.7 2953.5 0 0 0 0 0 0 0 0 0
-119.9 -959.4 2667.6 0 0 0 0 0 0 0 0 0
-27.6 -997.5 2856.5 0 0 0 0 0 0 0 0 0
24.0 337.1 2859.3 9 -0.3818401694 -0.0040165600 -0.9242196679 -0.2383546531 0.9665915370 0.0942752212 0.8929642439 0.2562901080 -0.3700408638
24.8 147.3 2809.0 -0.3818401694 -0.0040165600 -0.9242196679 -0.2383546531 0.9665915370 0.0942752212 0.8929642439 0.2562901080 -0.3700408638
25.1 -41.8 2765.1 -0.3819264472 -0.0018756510 -0.9241908193 -0.2099449337 0.9740301967 0.0847839862 0.9000307322 0.2264104337 -0.3724016547
76.9 176.0 2686.2 -0.6800671220 -0.7028610706 -0.2085547149 -0.1758482307 0.4325375557 -0.8843012452 0.7117486596 -0.5647101998 -0.4177514315
271.7 226.3 2482.2 -0.6059239507 -0.7028610706 0.3726157248 -0.7799205780 0.4325375557 -0.4523662329 0.1567803174 -0.5647101998 -0.8102606535
-27.3 118.6 2931.8 -0.0012223920 0.3525793850 -0.9357811213 -0.9965742230 0.0769541711 0.0302962493 0.0826940909 0.9326123595 0.3512774408
-27.7 -138.1 2953.1 0.1263128221 0.3547978997 -0.9263711572 -0.9918662310 0.0599519797 -0.1122817621 0.0157004520 0.9330188632 0.3594847322
68.3 -208.8 2638.4 -0.7718586326 0.3871544600 0.5043269396 0.2058957368 0.9026857615 -0.3778430521 -0.6015323400 -0.1878026575 -0.7764592767
-82.0 -559.2 2711.3 -0.7801032066 0.0922849104 0.6188073158 0.1377876550 0.9901193380 0.0260428637 -0.6102897525 0.1055801287 -0.7851110101
0.3 -242.0 2800.3 -0.6257222295 0.0863591507 0.7752507925 -0.0449584424 0.9882079959 -0.1463685036 -0.7787492871 -0.1264400929 -0.6144611239
-33.0 -622.7 2849.0 -0.6253442764 0.0223655980 0.7800284028 -0.0176134966 0.9989299774 -0.0427627563 -0.7801501751 -0.0404804721 -0.6242812276
424.8 423.3 2442.6 0 0 0 0 0 0 0 0 0
5.3 -396.8 2957.2 0 0 0 0 0 0 0 0 0
-119.2 -958.7 2668.7 0 0 0 0 0 0 0 0 0
-41.3 -995.3 2864.1 0 0 0 0 0 0 0 0 0
23.7 338.1 2850.6 0 -0.3818362951 0.0066774902 -0.9242058396 -0.2170181721 0.9713681936 0.0966794565 0.8983897567 0.2374851853 -0.3694545031
22.4 147.9 2804.1 -0.3818362951 0.0066774902 -0.9242058396 -0.2170181721 0.9713681936 0.0966794565 0.8983897567 0.2374851853 -0.3694545031
20.5 -41.8 2763.1 -0.3816177845 0.0100695975 -0.9242653847 -0.1915901303 0.9773625731 0.0897532851 0.9042461514 0.2113315761 -0.3710497022
74.5 174.0 2680.7 -0.6889151335 -0.6963209510 -0.2013283223 -0.1829720438 0.4358199835 -0.8812389970 0.7013680339 -0.5702614188 -0.4276502430
271.2 226.3 2480.4 -0.6081831455 -0.6963209510 0.3811173439 -0.7801848650 0.4358199835 -0.4487455189 0.1463723481 -0.5702614188 -0.8083174229
-29.7 121.7 2927.6 -0.0124588851 0.3562528789 -0.9343065023 -0.9950878620 0.0873536319 0.0465775058 0.0982084423 0.9302973747 0.3534145951
-32.9 -134.6 2952.9 0.1149918810 0.3582768738 -0.9265066385 -0.9928898215 0.0703425854 -0.0960296914 0.0307676513 0.9309616685 0.3638182878
59.7 -212.0 2640.6 -0.7779482007 0.3644992411 0.5117977262 0.1895979792 0.9127487540 -0.3618594408 -0.5990402102 -0.1844720989 -0.7791795731
-81.8 -566.3 2712.2 -0.7825554609 0.0956983119 0.6151819229 0.1490111500 0.9881861806 0.0358296186 -0.6044854522 0.1197076291 -0.7875705957
-6.5 -247.1 2803.1 -0.6295796037 0.0734696016 0.7734544277 -0.0616818294 0.9876499772 -0.1440238357 -0.7744836211 -0.1383825541 -0.6172725558
-34.9 -629.1 2856.6 -0.6278360486 0.0469747670 0.7769267559 0.0068447418 0.9984717965 -0.0548386350 -0.7783154845 -0.0291118100 -0.6271981597
424.9 423.4 2443.4 0 0 0 0 0 0 0 0 0
-2.9 -393.6 2960.9 0 0 0 0 0 0 0 0 0
-120.1 -962.2 2664.2 0 0 0 0 0 0 0 0 0
-52.5 -1001.5 2867.4 0 0 0 0 0 0 0 0 0
23.6 336.7 2854.8 1 -0.4050602913 0.0088238064 -0.9142473936 -0.2200574577 0.9696167707 0.1068553701 0.8874124885 0.2444698215 -0.3908115029
21.9 146.5 2806.8 -0.4050602913 0.0088238064 -0.9142473936 -0.2200574577 0.9696167707 0.1068553701 0.8874124885 0.2444698215 -0.3908115029
19.3 -43.0 2765.0 -0.4047425985 0.0131332930 -0.9143363237 -0.1919002831 0.9764112234 0.0989720151 0.8940680623 0.2155195922 -0.3926749229
77.1 172.7 2684.8 -0.6759055853 -0.7045628428 -0.2162010372 -0.1868473291 0.4475946724 -0.8744981885 0.7129093409 -0.5506815910 -0.4341773987
271.8 226.5 2479.4 -0.6067350507 -0.7045628428 0.3680540621 -0.7824197412 0.4475946724 -0.4329877496 0.1403280497 -0.5506815910 -0.8228352070
-33.4 120.3 2928.9 -0.0230425186 0.3345851898 -0.9420837760 -0.9953325987 0.0806541443 0.0529896133 0.0937125012 0.9389076829 0.3311650753
-39.3 -136.1 2953.0 0.1059955806 0.3364523053 -0.9357162118 -0.9939334989 0.0636191294 -0.0897149816 0.0293446351 0.9395490885 0.3411545753
52.7 -214.3 2641.2 -0.7695899010 0.3573706746 0.5291669369 0.1790200770 0.9162354469 -0.3584192693 -0.6129300594 -0.1811043471 -0.7691020370
-86.1 -570.0 2711.5 -0.7735249996 0.0867232531 0.6278042197 0.1408422142 0.9893453717 0.0368677527 -0.6179178953 0.1169394702 -0.7774977088
-14.6 -247.4 2803.8 -0.6114877462 0.0575647280 0.7891571522 -0.0553641319 0.9917929769 -0.1152454540 -0.7893146276 -0.1141621843 -0.6032822132
-36.9 -631.6 2848.0 -0.6103798747 0.0491052493 0.7905852795 -0.0283417143 0.9960836172 -0.0837507993 -0.7916016579 -0.0735263452 -0.6065976620
425.0 424.1 2444.0 0 0 0 0 0 0 0 0 0
-11.7 -395.4 2960.7 0 0 0 0 0 0 0 0 0
-120.4 -961.5 2665.2 0 0 0 0 0 0 0 0 0
-55.2 -1002.9 2875.4 0 0 0 0 0 0 0 0 0
27.5 332.1 2855.4 2 -0.3897708952 0.0202943049 -0.9206882119 -0.2134258747 0.9705473185 0.1117465943 0.8958392739 0.2400542647 -0.3739597499
23.6 141.7 2808.3 -0.3897708952 0.0202943049 -0.9206882119 -0.2134258747 0.9705473185 0.1117465943 0.8958392739 0.2400542647 -0.3739597499
19.3 -48.0 2767.6 -0.3891578615 0.0218145698 -0.9209127426 -0.1850653887 0.9774850607 0.1013592929 0.9023895860 0.2098738402 -0.3763588667
76.7 167.0 2685.1 -0.6716417074 -0.7108228207 -0.2088738382 -0.2040759623 0.4485222697 -0.8701613545 0.7122151256 -0.5418105125 -0.4463081360
271.5 226.2 2478.5 -0.6054477096 -0.7108228207 0.3579999506 -0.7822371721 0.4485222697 -0.4323571920 0.1467584074 -0.5418105125 -0.8275888562
-29.6 116.5 2931.5 -0.0260996241 0.3521814346 -0.9355677366 -0.9946756363 0.0841862336 0.0594392978 0.0996953472 0.9321377873 0.3481090963
-36.3 -139.8 2957.2 0.1017471626 0.3539782763 -0.9297025800 -0.9942641854 0.0671461597 -0.0832473561 0.0329581983 0.9328401685 0.3587798774
53.0 -215.4 2643.1 -0.7734479904 0.3630350232 0.5195995569 0.1957525313 0.9164735675 -0.3489371836 -0.6028757095 -0.1681718379 -0.7799096704
-87.9 -571.1 2708.4 -0.7802694440 0.0817665830 0.6200757027 0.1327176988 0.9904854894 0.0363938585 -0.6112001538 0.1106920317 -0.7836974263
-18.9 -249.1 2803.6 -0.6254407167 0.0484960265 0.7787631750 -0.0435135104 0.9943456054 -0.0968676209 -0.7790574431 -0.0944716707 -0.6197940111
-37.7 -634.6 2840.2 -0.6255556345 0.0603037700 0.7778455019 -0.0453865342 0.9925069213 -0.1134463176 -0.7788583040 -0.1062706932 -0.6181313396
424.5 423.9 2441.4 0 0 0 0 0 0 0 0 0
-9.8 -399.2 2965.8 0 0 0 0 0 0 0 0 0
-120.0 -960.2 2664.9 0 0 0 0 0 0 0 0 0
-60.2 -1004.7 2879.8 0 0 0 0 0 0 0 0 0
24.4 331.6 2858.7 3 -0.3958601952 0.0118988976 -0.9182336926 -0.2214461118 0.9691706896 0.1080267057 0.8912106156 0.2461027503 -0.3810211420
22.1 141.3 2810.4 -0.3958601952 0.0118988976 -0.9182336926 -0.2214461118 0.9691706896 0.1080267057 0.8912106156 0.2461027503 -0.3810211420
19.2 -48.1 2768.2 -0.3954850435 0.0146021554 -0.9183563590 -0.1939105690 0.9760085344 0.0990253463 0.8977696300 0.2172420323 -0.3831652701
76.1 167.8 2687.7 -0.6650570631 -0.7133571506 -0.2209539264 -0.2096136063 0.4622905552 -0.8615971208 0.7167713642 -0.5266963243 -0.4569789767
268.2 228.4 2480.7 -0.6167689562 -0.7133571506 0.3327426016 -0.7709929943 0.4622905552 -0.4380151033 0.1586374491 -0.5266963243 -0.8351198435
-32.0 114.9 2933.0 -0.0213346183 0.3440618217 -0.9387046099 -0.9955128431 0.0792680234 0.0516797192 0.0921902806 0.9355950356 0.3408268094
-37.5 -141.6 2956.7 0.1070735753 0.3459488451 -0.9321237206 -0.9938977957 0.0622334443 -0.0910722464 0.0265029334 0.9361871481 0.3505013287
50.0 -221.2 2646.0 -0.7681009769 0.3592915535 0.5300287604 0.1996899992 0.9208698273 -0.3348472416 -0.6083952785 -0.1513550431 -0.7790679336
-89.5 -578.6 2704.8 -0.7768949866 0.0782834291 0.6247446537 0.1203951985 0.9924019575 0.0253636427 -0.6180122495 0.0949211419 -0.7804170847
-19.5 -254.0 2807.8 -0.6185520291 0.0476819314 0.7842957377 -0.0360629223 0.9953824282 -0.0889569446 -0.7849158049 -0.0833084956 -0.6139762402
-38.0 -640.1 2840.2 -0.6198167801 0.0573747791 0.7826463580 -0.0558096245 0.9915755987 -0.1168895438 -0.7827594876 -0.1161293015 -0.6113930941
424.6 424.0 2440.5 0 0 0 0 0 0 0 0 0
-9.5 -400.9 2963.7 0 0 0 0 0 0 0 0 0
-119.7 -961.8 2668.1 0 0 0 0 0 0 0 0 0
-59.4 -1010.1 2883.5 0 0 0 0 0 0 0 0 0
26.7 339.6 2860.3 4 -0.3553322554 0.0100557841 -0.9346860051 -0.2289217710 0.9685549736 0.0974475592 0.9062746763 0.2485962361 -0.3418568373
24.7 149.7 2811.6 -0.3553322554 0.0100557841 -0.9346860051 -0.2289217710 0.9685549736 0.0974475592 0.9062746763 0.2485962361 -0.3418568373
22.3 -39.7 2769.1 -0.3550025523 0.0122599900 -0.9347849488 -0.2001962215 0.9757210612 0.0888252407 0.9131783247 0.2186736017 -0.3439290524
73.2 177.0 2687.0 -0.6726435423 -0.7052342296 -0.2240432352 -0.1801289320 0.4497218728 -0.8748164177 0.7177076340 -0.5480829477 -0.4295355976
265.8 228.6 2481.4 -0.6214927435 -0.7052342296 0.3411618471 -0.7641524673 0.4497218728 -0.4624080360 0.1726780385 -0.5480829477 -0.8184053898
-23.7 122.4 2936.2 -0.0057936511 0.3822149038 -0.9240552783 -0.9958877563 0.0813414156 0.0398890935 0.0904101729 0.9204864502 0.3801718950
-25.2 -134.2 2959.5 0.1196115240 0.3843221068 -0.9154177308 -0.9926307201 0.0643325299 -0.1026915461 0.0194245037 0.9209548831 0.3891848624
51.8 -220.2 2645.6 -0.7888998985 0.3687676191 0.4915764630 0.2083478421 0.9130599499 -0.3505890965 -0.5781247020 -0.1741608232 -0.7971448302
-91.3 -574.5 2713.2 -0.7976025343 0.0732747838 0.5987161398 0.1274871677 0.9906490445 0.0485948026 -0.5895568132 0.1150879636 -0.7994858027
-18.9 -254.8 2806.5 -0.6491680145 0.0622380860 0.7580945492 -0.0117555503 0.9957069755 -0.0918120593 -0.7605542541 -0.0685132667 -0.6456494331
-43.0 -641.1 2833.1 -0.6535837054 0.0326443501 0.7561499476 -0.0877139643 0.9890703559 -0.1185161471 -0.7517543435 -0.1437851340 -0.6435768604
424.2 423.3 2437.4 0 0 0 0 0 0 0 0 0
6.0 -393.1 2964.6 0 0 0 0 0 0 0 0 0
-120.1 -963.8 2668.0 0 0 0 0 0 0 0 0 0
-55.2 -1010.0 2886.7 0 0 0 0 0 0 0 0 0
26.5 338.6 2860.6 5 -0.2971335948 0.0025986026 -0.9548323750 -0.2414572686 0.9672900438 0.0777714178 0.9238019586 0.2536597252 -0.2867869139
26.0 148.6 2810.8 -0.2971335948 0.0025986026 -0.9548323750 -0.2414572686 0.9672900438 0.0777714178 0.9238019586 0.2536597252 -0.2867869139
24.8 -40.7 2767.9 -0.2969897985 0.0060036238 -0.9548617601 -0.2089873105 0.9753277898 0.0711334422 0.9317303300 0.2206799090 -0.2884077430
66.5 177.1 2683.8 -0.6896343231 -0.6936218143 -0.2080704123 -0.1800044328 0.4425037503 -0.8785151243 0.7014291883 -0.5684006214 -0.4300207794
264.7 228.8 2482.2 -0.6251941323 -0.6936218143 0.3578003645 -0.7617526650 0.4425037503 -0.4732053578 0.1698975563 -0.5684006214 -0.8050190210
-14.5 120.1 2937.8 0.0188448429 0.4337710738 -0.9008260369 -0.9960390329 0.0864516869 0.0207920745 0.0868969262 0.8968660831 0.4336821139
-9.6 -136.4 2960.2 0.1396495402 0.4362292886 -0.8889330626 -0.9901620150 0.0694869086 -0.1214528233 0.0087879328 0.8971486092 0.4416414797
51.7 -211.2 2645.0 -0.8148908615 0.3667117059 0.4488601685 0.2209410965 0.9124692082 -0.3443617225 -0.5358525515 -0.1814455390 -0.8245844841
-90.6 -565.3 2715.4 -0.8256092668 0.0728354454 0.5595215559 0.1270305216 0.9901694655 0.0585467033 -0.5497568846 0.1194130182 -0.8267453909
-11.7 -246.9 2808.5 -0.6926666498 0.0747441947 0.7173745632 -0.0310564712 0.9906026125 -0.1331990063 -0.7205889225 -0.1145416275 -0.6838361025
-40.7 -631.0 2852.9 -0.6920911074 0.0416192822 0.7206093073 -0.0151600270 0.9972779751 -0.0721585378 -0.7216509581 -0.0608647354 -0.6895762086
424.5 423.5 2438.8 0 0 0 0 0 0 0 0 0
26.8 -394.7 2962.5 0 0 0 0 0 0 0 0 0
-119.7 -961.5 2667.6 0 0 0 0 0 0 0 0 0
-56.2 -1001.8 2875.5 0 0 0 0 0 0 0 0 0
27.2 338.4 2850.3 6 -0.2831982374 0.0099342661 -0.9590099454 -0.2264526188 0.9709793925 0.0769303292 0.9319431186 0.2389568537 -0.2727300227
25.3 148.4 2803.6 -0.2831982374 0.0099342661 -0.9590099454 -0.2264526188 0.9709793925 0.0769303292 0.9319431186 0.2389568537 -0.2727300227
22.7 -41.3 2762.6 -0.2828710377 0.0131680723 -0.9590675235 -0.1988577247 0.9773747325 0.0720712915 0.9383174181 0.2111048847 -0.2738524377
63.9 175.6 2675.5 -0.7025557160 -0.6841595173 -0.1958091259 -0.1864919960 0.4425471127 -0.8771389723 0.6867577434 -0.5797221661 -0.4385042787
263.1 228.5 2480.7 -0.6291291118 -0.6841595173 0.3689475656 -0.7602006197 0.4425471127 -0.4756543338 0.1621467620 -0.5797221661 -0.7985177636
-13.3 121.3 2931.6 0.0166460220 0.4483323693 -0.8937119246 -0.9951773882 0.0938470215 0.0285426565 0.0966687948 0.8889268041 0.4477324188
