16.3 339.8 2860.5 14 -0.1716150194 0.0462327451 -0.9840786457 -0.2246400714 0.9707465768 0.0847817287 0.9592106938 0.2356133163 -0.1562089622
7.2 149.3 2814.3 -0.1716150194 0.0462327451 -0.9840786457 -0.2246400714 0.9707465768 0.0847817287 0.9592106938 0.2356133163 -0.1562089622
-2.3 -40.2 2773.5 -0.1703743935 0.0492736548 -0.9841466546 -0.1993470490 0.9763739109 0.0833952352 0.9650043249 0.2103951424 -0.1565265656
30.5 176.5 2682.5 -0.6925817728 -0.5818358660 -0.4263772070 0.1538599133 0.4583318532 -0.8753622174 0.7047393918 -0.6718622446 -0.2279110700
230.1 132.2 2479.4 -0.6790851355 -0.5818358660 0.4475604594 -0.7283708453 0.4583318532 -0.5093209147 0.0912099630 -0.6718622446 -0.7350386381
-16.1 122.0 2946.1 0.0170435067 0.5528126359 -0.8331312537 -0.9956199527 0.0859920010 0.0366912261 0.0919259936 0.8288567662 0.5518569350
-11.7 -134.5 2969.8 0.1263996810 0.5550622344 -0.8221490383 -0.9919772148 0.0689882115 -0.1059331596 -0.0020809087 0.8289430141 0.5593292117
2.5 -211.8 2646.3 -0.9005346298 0.2335976511 0.3667008281 0.1518395692 0.9592739344 -0.2381978631 -0.4074090123 -0.1588257253 -0.8993287683
-88.2 -584.3 2707.9 -0.9034479260 0.0917638987 0.4187615216 0.1242287308 0.9909489751 0.0508663058 -0.4103036225 0.0979772732 -0.9066705108
-26.1 -247.8 2819.4 -0.7830450535 0.0510779060 0.6198640466 -0.0174064171 0.9944320917 -0.1039316952 -0.6217213273 -0.0921728089 -0.7777960896
-46.0 -633.7 2855.2 -0.7829164267 0.0169476718 0.6218960285 0.0160621405 0.9998462796 -0.0070265024 -0.6219195127 0.0044878172 -0.7830682993
420.2 336.1 2453.9 0 0 0 0 0 0 0 0 0
21.3 -393.3 2969.3 0 0 0 0 0 0 0 0 0
-122.4 -953.3 2671.4 0 0 0 0 0 0 0 0 0
-52.3 -1006.6 2853.5 0 0 0 0 0 0 0 0 0
14.8 343.4 2860.3 15 -0.1800684780 0.0413585790 -0.9827842116 -0.2235276103 0.9712566137 0.0818288177 0.9579200149 0.2344141901 -0.1656479090
6.7 152.7 2814.2 -0.1800684780 0.0413585790 -0.9827842116 -0.2235276103 0.9712566137 0.0818288177 0.9579200149 0.2344141901 -0.1656479090
-2.3 -37.0 2773.9 -0.1788538396 0.0463421792 -0.9827836752 -0.1965438277 0.9770734310 0.0818413422 0.9640445113 0.2077977061 -0.1656450778
31.2 179.5 2682.5 -0.6906402111 -0.5767299533 -0.4363469481 0.1638398319 0.4628943205 -0.8711402416 0.7043952346 -0.6731354594 -0.2252020836
230.5 132.2 2479.2 -0.6807861328 -0.5767299533 0.4515669942 -0.7277863026 0.4628943205 -0.5060197115 0.0828089491 -0.6731354594 -0.7348682284
-17.7 125.8 2945.9 0.0172794275 0.5452283621 -0.8381094337 -0.9953108430 0.0891683921 0.0374876261 0.0951721892 0.8335316777 0.5442125201
-13.3 -130.7 2970.4 0.1274794936 0.5474954844 -0.8270415068 -0.9918388724 0.0721666142 -0.1051074490 0.0021389327 0.8336910009 0.5522270799
3.3 -211.9 2646.2 -0.8973565102 0.2356497198 0.3731225729 0.1480889767 0.9572656751 -0.2484190911 -0.4157173336 -0.1676651537 -0.8939057589
-88.1 -583.6 2711.3 -0.8993931413 0.0902238116 0.4277285039 0.1278395206 0.9899790883 0.0599873364 -0.4180299938 0.1086328030 -0.9019145370
-27.2 -247.6 2819.1 -0.7780138850 0.0489536226 0.6263369322 -0.0325807407 0.9924740791 -0.1180410534 -0.6274017096 -0.1122440994 -0.7705636621
-46.2 -632.8 2862.6 -0.7786300182 0.0145457145 0.6273146868 0.0300323404 0.9994494319 0.0141019747 -0.6267641783 0.0298199486 -0.7786381841
421.1 336.1 2456.0 0 0 0 0 0 0 0 0 0
20.0 -389.4 2971.0 0 0 0 0 0 0 0 0 0
-121.9 -953.9 2670.6 0 0 0 0 0 0 0 0 0
-51.6 -1005.6 2851.5 0 0 0 0 0 0 0 0 0
17.8 341.6 2861.1 16 -0.1712636054 0.0467978492 -0.9841131568 -0.2304155827 0.9692676663 0.0861907452 0.9579026103 0.2415163517 -0.1552173197
8.7 151.7 2813.8 -0.1712636054 0.0467978492 -0.9841131568 -0.2304155827 0.9692676663 0.0861907452 0.9579026103 0.2415163517 -0.1552173197
-1.1 -37.6 2772.1 -0.1699313819 0.0503316596 -0.9841697216 -0.2037437111 0.9753223062 0.0850585401 0.9641637802 0.2149725109 -0.1554831117
31.9 179.6 2682.1 -0.6946662664 -0.5763559341 -0.4304098189 0.1653776169 0.4543555379 -0.8753349781 0.7000635862 -0.6792458296 -0.2203090936
230.7 132.2 2481.7 -0.6803697348 -0.5763559341 0.4526708126 -0.7272139192 0.4543555379 -0.5145103931 0.0908676237 -0.6792458296 -0.7282637954
-14.5 123.9 2945.5 0.0161584523 0.5534350872 -0.8327355385 -0.9960578084 0.0815617442 0.0348782763 0.0872222260 0.8288891912 0.5525712967
-10.4 -132.8 2968.0 0.1254673302 0.5556688309 -0.8218820691 -0.9920741320 0.0645555556 -0.1078030467 -0.0068457336 0.8288937211 0.5593642592
4.7 -209.1 2647.2 -0.8999484777 0.2402191013 0.3638509214 0.1574390978 0.9572682381 -0.2425912172 -0.4065779746 -0.1610352248 -0.8993119597
-88.5 -580.7 2709.7 -0.9038476944 0.0851890668 0.4192876816 0.1197850555 0.9911716580 0.0568355918 -0.4107442796 0.1015951186 -0.9060726166
-27.3 -244.3 2819.9 -0.7838552594 0.0435125530 0.6194171309 -0.0208669174 0.9951324463 -0.0963121578 -0.6205928326 -0.0884201154 -0.7791318297
-44.2 -630.4 2854.2 -0.7834193110 0.0261883065 0.6209415197 0.0104943998 0.9995267987 -0.0289147981 -0.6214049459 -0.0161360018 -0.7833234072
421.3 335.9 2456.2 0 0 0 0 0 0 0 0 0
22.4 -391.6 2966.2 0 0 0 0 0 0 0 0 0
-120.8 -955.8 2671.3 0 0 0 0 0 0 0 0 0
-54.0 -1003.0 2860.2 0 0 0 0 0 0 0 0 0
19.2 343.4 2861.0 17 -0.1877503395 0.0477579236 -0.9810550213 -0.2310649008 0.9686381221 0.0913737267 0.9546511769 0.2438428253 -0.1708269715
9.9 153.7 2813.3 -0.1877503395 0.0477579236 -0.9810550213 -0.2310649008 0.9686381221 0.0913737267 0.9546511769 0.2438428253 -0.1708269715
-0.1 -35.5 2771.4 -0.1863237768 0.0516294576 -0.9811308980 -0.2031664997 0.9750093222 0.0898900926 0.9612527490 0.2160815895 -0.1711780429
35.3 181.5 2682.0 -0.6873736382 -0.5749460459 -0.4437956512 0.1719107181 0.4648790061 -0.8685241342 0.7056657672 -0.6732938290 -0.2207061797
231.1 132.5 2481.0 -0.6801622510 -0.5749460459 0.4547707140 -0.7289532423 0.4648790061 -0.5025084019 0.0775018558 -0.6732938290 -0.7353019118
-15.6 126.0 2944.6 0.0099464934 0.5404937863 -0.8412892222 -0.9961515069 0.0786239877 0.0387352668 0.0870816857 0.8376662731 0.5391957164
-13.0 -130.7 2967.0 0.1207531318 0.5426448584 -0.8312371969 -0.9926688671 0.0616061129 -0.1039867252 -0.0052185659 0.8377000093 0.5461057425
4.3 -208.7 2644.0 -0.8948714137 0.2412217855 0.3755225241 0.1528495699 0.9561218023 -0.2499362379 -0.4193353355 -0.1662623435 -0.8924767375
-89.3 -579.9 2708.5 -0.8982718587 0.0847963318 0.4311812818 0.1192272305 0.9914294481 0.0534088202 -0.4229569435 0.0993841887 -0.9006831646
-26.1 -245.2 2816.7 -0.7743961215 0.0381945297 0.6315471530 -0.0276908204 0.9951738119 -0.0941400155 -0.6320948005 -0.0903897211 -0.7696011066
-40.9 -631.5 2851.8 -0.7729278803 0.0485407114 0.6326344013 0.0230995677 0.9985611439 -0.0483953580 -0.6340732574 -0.0227925424 -0.7729369998
421.6 336.7 2459.3 0 0 0 0 0 0 0 0 0
18.5 -389.7 2965.7 0 0 0 0 0 0 0 0 0
-121.5 -956.2 2670.8 0 0 0 0 0 0 0 0 0
-59.0 -1003.8 2860.3 0 0 0 0 0 0 0 0 0
20.3 337.4 2862.5 18 -0.1865373552 0.0496574119 -0.9811921120 -0.2351804525 0.9674273729 0.0936716497 0.9538836479 0.2482304722 -0.1687828898
10.6 148.0 2813.9 -0.1865373552 0.0496574119 -0.9811921120 -0.2351804525 0.9674273729 0.0936716497 0.9538836479 0.2482304722 -0.1687828898
0.2 -41.0 2771.2 -0.1850233823 0.0538017005 -0.9812602997 -0.2067703456 0.9740172625 0.0923925489 0.9607353210 0.2199903131 -0.1690913737
35.9 176.3 2682.7 -0.6919787526 -0.5749225616 -0.4366112947 0.1521968693 0.4750201404 -0.8667132854 0.7056922317 -0.6661980748 -0.2412024438
232.5 133.0 2482.2 -0.6791817546 -0.5749225616 0.4562632740 -0.7311014533 0.4750201404 -0.4897412956 0.0648290664 -0.6661980748 -0.7429517508
-14.7 119.8 2945.2 0.0082735857 0.5420954823 -0.8402761817 -0.9965152144 0.0742174685 0.0380686708 0.0830000266 0.8370330334 0.5408204198
-12.5 -137.0 2966.6 0.1189350933 0.5442157388 -0.8304719925 -0.9928566813 0.0571946502 -0.1047106683 -0.0094866389 0.8369934559 0.5471307039
6.5 -206.6 2643.3 -0.8953441381 0.2449459881 0.3719681203 0.1561068743 0.9547922015 -0.2529870868 -0.4171204567 -0.1684437245 -0.8931053877
-88.6 -577.3 2708.7 -0.8994112015 0.0850946754 0.4287404716 0.1169846132 0.9919471741 0.0485324934 -0.4211580455 0.0938067064 -0.9021231532
-26.8 -243.0 2815.5 -0.7754904032 0.0283446759 0.6307227612 -0.0220651012 0.9971647263 -0.0719421953 -0.6309736967 -0.0697074458 -0.7726662159
-37.8 -630.0 2842.6 -0.7735050917 0.0623021424 0.6307204366 0.0215883330 0.9971692562 -0.0720241368 -0.6334222555 -0.0420948304 -0.7726604939
422.5 337.6 2464.0 0 0 0 0 0 0 0 0 0
18.5 -396.0 2964.1 0 0 0 0 0 0 0 0 0
-121.2 -957.8 2672.7 0 0 0 0 0 0 0 0 0
-61.1 -1001.9 2858.3 0 0 0 0 0 0 0 0 0
19.7 336.7 2861.7 19 -0.2046605200 0.0486834794 -0.9776216149 -0.2320937514 0.9678662419 0.0967854261 0.9509187937 0.2467080206 -0.1867848784
10.2 147.1 2813.4 -0.2046605200 0.0486834794 -0.9776216149 -0.2320937514 0.9678662419 0.0967854261 0.9509187937 0.2467080206 -0.1867848784
0.0 -42.1 2770.9 -0.2032257318 0.0522199981 -0.9777383804 -0.2044775039 0.9742954373 0.0945373476 0.9575428367 0.2191379219 -0.1873240918
37.9 175.0 2682.6 -0.6849156618 -0.5818064809 -0.4386248291 0.1496442258 0.4768354595 -0.8661608100 0.7130898237 -0.6588847637 -0.2395281196
231.9 132.6 2480.6 -0.6787162423 -0.5818064809 0.4481578469 -0.7310310006 0.4768354595 -0.4880795181 0.0702702552 -0.6588847637 -0.7489545345
-17.6 119.1 2944.2 0.0041936394 0.5267634392 -0.8500015736 -0.9963755012 0.0744191259 0.0412032567 0.0849607512 0.8467479348 0.5251662135
-16.5 -137.6 2966.1 0.1165353134 0.5288400054 -0.8406829238 -0.9931715131 0.0573927537 -0.1015697718 -0.0054650521 0.8467787504 0.5319171548
6.3 -211.6 2642.4 -0.8907099962 0.2394912541 0.3863672912 0.1435144097 0.9546418190 -0.2608881593 -0.4313227832 -0.1769264191 -0.8846794367
-86.7 -582.2 2711.1 -0.8919491172 0.0941050947 0.4422341585 0.1312158406 0.9898814559 0.0540097505 -0.4326768219 0.1062020734 -0.8952719569
-26.9 -248.6 2814.6 -0.7641636729 0.0345624201 0.6440957785 -0.0326846279 0.9952057600 -0.0921805799 -0.6441937685 -0.0914930776 -0.7593703866
-40.3 -634.8 2850.1 -0.7624732256 0.0509280600 0.6450123191 0.0292191859 0.9985906482 -0.0443052538 -0.6463596821 -0.0149348350 -0.7628867030
421.8 337.1 2460.9 0 0 0 0 0 0 0 0 0
13.9 -396.7 2964.7 0 0 0 0 0 0 0 0 0
-122.3 -956.9 2670.9 0 0 0 0 0 0 0 0 0
-59.3 -1007.3 2855.7 0 0 0 0 0 0 0 0 0
17.2 333.5 2861.4 20 -0.2234718204 0.0440874025 -0.9737128019 -0.2349050790 0.9670958519 0.0976996571 0.9459809661 0.2505632043 -0.2057623118
8.6 144.4 2812.4 -0.2234718204 0.0440874025 -0.9737128019 -0.2349050790 0.9670958519 0.0976996571 0.9459809661 0.2505632043 -0.2057623118
-0.1 -44.4 2768.4 -0.2223969847 0.0450426452 -0.9739151597 -0.2115100175 0.9729129076 0.0932953507 0.9517368674 0.2267414182 -0.2068459243
39.0 173.3 2682.4 -0.6878935695 -0.5831755996 -0.4320979714 0.1442413926 0.4736157656 -0.8688397408 0.7113345861 -0.6599956751 -0.2416791767
232.5 132.7 2482.2 -0.6772790551 -0.5831755996 0.4485524297 -0.7320857644 0.4736157656 -0.4896309972 0.0730993524 -0.6599956751 -0.7477046251
-21.8 115.5 2942.4 0.0052220379 0.5089648366 -0.8607714772 -0.9969132543 0.0700817630 0.0353906192 0.0783369690 0.8579297066 0.5077597499
-20.4 -141.3 2962.5 0.1193846017 0.5110871792 -0.8511974812 -0.9928005934 0.0530650541 -0.1073831096 -0.0097132903 0.8578892350 0.5137428045
8.1 -212.9 2642.6 -0.8783587217 0.2555782795 0.4039376974 0.1581722051 0.9528536797 -0.2589428127 -0.4510737062 -0.1635529697 -0.8773727417
-91.1 -582.7 2706.0 -0.8825185299 0.0823165625 0.4630172551 0.1172437072 0.9919851422 0.0471104160 -0.4554282725 0.0958616808 -0.8850963712
-28.3 -249.5 2814.1 -0.7509155273 0.0376467779 0.6593243480 -0.0388067923 0.9941331744 -0.1009617373 -0.6592570543 -0.1014000028 -0.7450491190
-42.9 -635.4 2853.5 -0.7502940297 0.0336290412 0.6602483988 0.0246878937 0.9994340539 -0.0228502303 -0.6606431603 -0.0008442485 -0.7506995797
421.8 337.3 2461.8 0 0 0 0 0 0 0 0 0
10.7 -400.3 2960.0 0 0 0 0 0 0 0 0 0
-122.0 -955.1 2670.1 0 0 0 0 0 0 0 0 0
-55.5 -1008.2 2853.8 0 0 0 0 0 0 0 0 0
20.4 330.3 2861.7 21 -0.2258937061 0.0496285632 -0.9728869796 -0.2377462983 0.9656935334 0.1044637039 0.9446950555 0.2548979521 -0.2063450962
10.7 142.1 2812.0 -0.2258937061 0.0496285632 -0.9728869796 -0.2377462983 0.9656935334 0.1044637039 0.9446950555 0.2548979521 -0.2063450962
0.9 -46.6 2767.9 -0.2244952619 0.0503784977 -0.9731720686 -0.2106430978 0.9725434780 0.0989379585 0.9514364600 0.2272030860 -0.2077195197
41.4 170.9 2682.0 -0.6824796796 -0.5891517401 -0.4325757027 0.1365460604 0.4786446095 -0.8673260808 0.7180366516 -0.6509989500 -0.2462188601
232.3 132.7 2481.1 -0.6773875356 -0.5891517401 0.4405069351 -0.7317947149 0.4786446095 -0.4851554632 0.0749839097 -0.6509989500 -0.7553660274
-20.0 113.4 2942.0 -0.0005666333 0.5085489154 -0.8610329032 -0.9969596863 0.0668020323 0.0401111357 0.0779172182 0.8584378362 0.5069649220
-20.1 -143.5 2962.0 0.1137180924 0.5105746388 -0.8522803187 -0.9934623241 0.0497685634 -0.1027409285 -0.0100401435 0.8583918810 0.5128962398
11.0 -214.3 2639.1 -0.8766818047 0.2633215487 0.4026050270 0.1645895839 0.9505659938 -0.2633146644 -0.4520390630 -0.1645785719 -0.8766838312
-91.2 -583.3 2703.0 -0.8821398020 0.0813781470 0.4639040232 0.1128625646 0.9927865267 0.0404597446 -0.4572651088 0.0880485550 -0.8849610686
-28.8 -252.2 2809.6 -0.7509543896 0.0289333370 0.6597198844 -0.0466170534 0.9942244291 -0.0966675580 -0.6587065458 -0.1033471301 -0.7452684641
-40.0 -638.2 2849.7 -0.7489171028 0.0554434434 0.6603402495 0.0214482844 0.9979997277 -0.0594686717 -0.6623165011 -0.0303739384 -0.7486082315
421.6 337.1 2460.2 0 0 0 0 0 0 0 0 0
9.6 -402.7 2959.4 0 0 0 0 0 0 0 0 0
-121.8 -956.9 2669.9 0 0 0 0 0 0 0 0 0
-60.7 -1010.4 2861.1 0 0 0 0 0 0 0 0 0
21.4 332.6 2861.8 22 -0.2224238515 0.0492422841 -0.9737057090 -0.2380644679 0.9657487869 0.1032210216 0.9454379678 0.2547635436 -0.2030827403
11.8 143.7 2812.0 -0.2224238515 0.0492422841 -0.9737057090 -0.2380644679 0.9657487869 0.1032210216 0.9454379678 0.2547635436 -0.2030827403
1.7 -45.2 2768.3 -0.2208727896 0.0521694236 -0.9739063382 -0.2084121704 0.9729783535 0.0993856341 0.9527746439 0.2249255180 -0.2040317059
42.0 172.2 2681.8 -0.6760352850 -0.5827644467 -0.4509567022 0.1487506330 0.4914613068 -0.8581020236 0.7216990590 -0.6471872926 -0.2455586046
230.0 130.8 2481.1 -0.6939273477 -0.5827644467 0.4229071140 -0.7154080868 0.4914613068 -0.4966458380 0.0815850422 -0.6471872926 -0.7579528093
-18.4 115.2 2942.1 -0.0011674544 0.5120440125 -0.8589584231 -0.9967901707 0.0681635588 0.0419885851 0.0800496638 0.8562503457 0.5103209019
-18.7 -141.6 2962.8 0.1127749979 0.5140541792 -0.8503117561 -0.9935852289 0.0511272401 -0.1008681804 -0.0083776182 0.8562326431 0.5165225267
11.3 -216.6 2638.6 -0.8778689504 0.2654381990 0.3986083865 0.1661063135 0.9494363070 -0.2664195895 -0.4491711855 -0.1676701158 -0.8775716424
-91.8 -585.1 2703.7 -0.8837208748 0.0801072270 0.4611076415 0.1108289361 0.9930387735 0.0398871303 -0.4547024965 0.0863531604 -0.8864472508
-29.0 -254.3 2809.0 -0.7537400723 0.0280984119 0.6565716863 -0.0511674508 0.9935433865 -0.1012592390 -0.6551776528 -0.1099182442 -0.7474357486
-39.9 -640.0 2851.7 -0.7513410449 0.0609727912 0.6570913196 0.0434036739 0.9981322885 -0.0429893844 -0.6584852338 -0.0037795138 -0.7525841594
423.4 330.2 2458.4 0 0 0 0 0 0 0 0 0
10.8 -400.8 2960.6 0 0 0 0 0 0 0 0 0
-121.8 -956.8 2671.3 0 0 0 0 0 0 0 0 0
-62.6 -1012.3 2853.1 0 0 0 0 0 0 0 0 0
21.5 340.6 2861.9 23 -0.2285083830 0.0501886122 -0.9722474217 -0.2330945283 0.9668022394 0.1046919897 0.9452252984 0.2505485415 -0.2092237175
11.6 151.4 2812.9 -0.2285083830 0.0501886122 -0.9722474217 -0.2330945283 0.9668022394 0.1046919897 0.9452252984 0.2505485415 -0.2092237175
1.2 -37.7 2770.3 -0.2268399000 0.0535575226 -0.9724583626 -0.2018782645 0.9742153287 0.1007452980 0.9527795315 0.2191712558 -0.2101788074
42.6 179.0 2682.7 -0.6644564271 -0.5740755796 -0.4784713984 0.1773389727 0.5008357167 -0.8471803069 0.7259810567 -0.6477660537 -0.2309775352
228.0 129.5 2480.1 -0.7036881447 -0.5740755796 0.4186409414 -0.7062615752 0.5008357167 -0.5003580451 0.0775730014 -0.6477660537 -0.7578796744
-19.3 123.8 2943.0 -0.0043766163 0.5073667765 -0.8617191315 -0.9962661862 0.0720896944 0.0475052632 0.0862236619 0.8587095141 0.5051568747
-20.5 -132.9 2965.2 0.1100785658 0.5093299150 -0.8535020351 -0.9939216375 0.0550489686 -0.0953382403 -0.0015742049 0.8588088751 0.5122936964
11.3 -215.4 2639.3 -0.8773191571 0.2595731318 0.4036495090 0.1568160504 0.9499852061 -0.2700682580 -0.4535635114 -0.1736373156 -0.8741454482
-89.4 -584.2 2706.7 -0.8810690641 0.0853941888 0.4652151763 0.1203149259 0.9916771650 0.0458331667 -0.4574293792 0.0963545144 -0.8840102553
-28.2 -252.7 2810.0 -0.7498107553 0.0229294989 0.6612548828 -0.0407511704 0.9959016442 -0.0807422251 -0.6603962183 -0.0874883011 -0.7458033562
-37.1 -639.2 2844.0 -0.7465730309 0.0717453137 0.6614237428 0.0316565074 0.9968731403 -0.0724000111 -0.6645499468 -0.0331135280 -0.7465097904
424.0 326.2 2458.5 0 0 0 0 0 0 0 0 0
8.2 -392.2 2964.8 0 0 0 0 0 0 0 0 0
-121.5 -956.9 2670.5 0 0 0 0 0 0 0 0 0
-63.9 -1011.0 2856.3 0 0 0 0 0 0 0 0 0
17.5 335.4 2861.9 24 -0.2357726693 0.0411280021 -0.9709375501 -0.2394687980 0.9658371210 0.0990621373 0.9418417811 0.2558653951 -0.2178691328
9.5 146.8 2812.0 -0.2357726693 0.0411280021 -0.9709375501 -0.2394687980 0.9658371210 0.0990621373 0.9418417811 0.2558653951 -0.2178691328
1.1 -42.1 2768.2 -0.2344882935 0.0431422479 -0.9711611271 -0.2099156976 0.9731982946 0.0939171985 0.9491841793 0.2258844525 -0.2191473842
41.5 175.5 2682.3 -0.6765866280 -0.5785549283 -0.4555268586 0.1586614847 0.4895471036 -0.8574206233 0.7190667987 -0.6523939371 -0.2394266427
230.7 131.2 2481.2 -0.6911412477 -0.5785549283 0.4331258535 -0.7189825177 0.4895471036 -0.4933637083 0.0734025016 -0.6523939371 -0.7543170452
-22.5 118.2 2941.7 0.0032528862 0.4982610941 -0.8670209050 -0.9967991114 0.0708746538 0.0369905792 0.0798807740 0.8641253710 0.4968967736
-21.7 -138.7 2962.2 0.1185386926 0.5003679991 -0.8576598763 -0.9929264188 0.0538510904 -0.1058168113 -0.0067614289 0.8641365170 0.5032120347
11.2 -208.7 2642.4 -0.8744333386 0.2591311932 0.4101431370 0.1511512101 0.9488407373 -0.2772265673 -0.4609985650 -0.1804225147 -0.8688659668
-89.4 -577.1 2712.5 -0.8765807152 0.0813795701 0.4743244052 0.1280016601 0.9895229340 0.0667830631 -0.4639200866 0.1192550510 -0.8778133988
-29.5 -244.9 2813.1 -0.7425981164 0.0225783121 0.6693565845 -0.0268065203 0.9976286888 -0.0633910894 -0.6692005992 -0.0650172234 -0.7402319312
-38.2 -632.1 2838.4 -0.7410804629 0.0608992204 0.6686486602 0.0037110578 0.9962343574 -0.0866220295 -0.6714059711 -0.0617124997 -0.7385157943
423.0 331.1 2460.8 0 0 0 0 0 0 0 0 0
9.2 -397.7 2960.5 0 0 0 0 0 0 0 0 0
-120.8 -958.4 2666.5 0 0 0 0 0 0 0 0 0
-60.9 -1003.6 2861.4 0 0 0 0 0 0 0 0 0
23.5 341.8 2862.4 25 -0.2392024696 0.0589017868 -0.9691814780 -0.2362461537 0.9646317959 0.1169328988 0.9417908192 0.2569360435 -0.2168269753
12.0 153.2 2812.2 -0.2392024696 0.0589017868 -0.9691814780 -0.2362461537 0.9646317959 0.1169328988 0.9417908192 0.2569360435 -0.2168269753
0.9 -35.8 2769.2 -0.2371580303 0.0571849197 -0.9697865248 -0.2021128982 0.9735181332 0.1068309918 0.9502139091 0.2213422060 -0.2193198353
44.4 180.8 2682.4 -0.6732004285 -0.5751240849 -0.4647939801 0.1700260937 0.4913268685 -0.8542183638 0.7196473479 -0.6540873051 -0.2329753637
233.3 133.1 2480.5 -0.6834001541 -0.5751240849 0.4496626854 -0.7280427814 0.4913268685 -0.4780707657 0.0540186614 -0.6540873051 -0.7544877529
-20.4 125.6 2942.0 -0.0110424440 0.4995180070 -0.8662331104 -0.9963614345 0.0677179247 0.0517511815 0.0845101550 0.8636527061 0.4969527125
-23.3 -131.1 2963.8 0.1042606086 0.5013808608 -0.8589219451 -0.9945476055 0.0506597571 -0.0911518261 -0.0021890025 0.8637423515 0.5039289594
13.8 -212.2 2639.3 -0.8728873134 0.2698230445 0.4065258205 0.1595991254 0.9452394843 -0.2846936584 -0.4610811770 -0.1836243123 -0.8681510687
-91.0 -579.1 2710.6 -0.8766372800 0.0748278722 0.4752977192 0.1195715517 0.9907240272 0.0645639673 -0.4660576880 0.1134312674 -0.8774529099
-28.2 -249.8 2809.3 -0.7439567447 0.0300797503 0.6675504446 -0.0437918417 0.9946441650 -0.0936227143 -0.6667913198 -0.0988845155 -0.7386549711
-39.9 -635.6 2847.7 -0.7421245575 0.0521844216 0.6682274938 0.0272014588 0.9984880686 -0.0477661490 -0.6697098017 -0.0172716696 -0.7424219847
423.3 335.5 2465.4 0 0 0 0 0 0 0 0 0
3.9 -390.5 2963.2 0 0 0 0 0 0 0 0 0
-119.7 -959.2 2667.1 0 0 0 0 0 0 0 0 0
-59.4 -1007.8 2854.1 0 0 0 0 0 0 0 0 0
21.1 336.3 2862.7 26 -0.2534089983 0.0531911738 -0.9658957124 -0.2397515178 0.9638816118 0.1159806177 0.9371782541 0.2609654963 -0.2315035909
10.7 147.8 2811.7 -0.2534089983 0.0531911738 -0.9658957124 -0.2397515178 0.9638816118 0.1159806177 0.9371782541 0.2609654963 -0.2315035909
0.3 -40.8 2767.3 -0.2516861558 0.0536690429 -0.9663196802 -0.2085405290 0.9719988704 0.1083006114 0.9450740218 0.2287745774 -0.2334464788
45.1 176.3 2682.6 -0.6767290235 -0.5805142522 -0.4528145194 0.1506706029 0.4928247333 -0.8569843173 0.7206498384 -0.6481720209 -0.2460423857
234.6 134.1 2480.8 -0.6784520745 -0.5805142522 0.4502288103 -0.7329154611 0.4928247333 -0.4689975977 0.0503758974 -0.6481720209 -0.7598258257
-23.6 119.3 2940.8 -0.0121778278 0.4862000048 -0.8737626672 -0.9969128966 0.0618799478 0.0483269244 0.0775649399 0.8716538548 0.4839455187
-26.8 -137.5 2960.8 0.1044326276 0.4880632460 -0.8665379882 -0.9945049286 0.0448270142 -0.0946067572 -0.0073297690 0.8716563582 0.4900627136
11.0 -206.6 2641.2 -0.8682947159 0.2636884153 0.4201579094 0.1536361128 0.9483164549 -0.2776542604 -0.4716568589 -0.1765342951 -0.8639302254
-91.4 -574.7 2709.7 -0.8715431094 0.0725958571 0.4849148989 0.1173699126 0.9911150336 0.0625720024 -0.4760639966 0.1114486158 -0.8723200560
-31.5 -242.8 2811.4 -0.7335714102 0.0280483272 0.6790333390 -0.0372203067 0.9959903359 -0.0813503712 -0.6785923839 -0.0849501342 -0.7295860648
-42.3 -629.3 2844.4 -0.7327153683 0.0355357081 0.6796067953 0.0074283755 0.9989938736 -0.0442271456 -0.6804946661 -0.0273575354 -0.7322421670
423.3 338.0 2466.8 0 0 0 0 0 0 0 0 0
0.5 -397.0 2958.9 0 0 0 0 0 0 0 0 0
-119.7 -961.5 2666.2 0 0 0 0 0 0 0 0 0
-55.6 -1001.9 2854.6 0 0 0 0 0 0 0 0 0
21.9 337.3 2862.3 27 -0.2509258986 0.0514826067 -0.9666363001 -0.2397251725 0.9641738534 0.1135809198 0.9378528595 0.2602274418 -0.2295945138
11.9 148.6 2811.4 -0.2509258986 0.0514826067 -0.9666363001 -0.2397251725 0.9641738534 0.1135809198 0.9378528595 0.2602274418 -0.2295945138
1.3 -40.1 2767.3 -0.2491364479 0.0545768589 -0.9669293761 -0.2070523947 0.9723248482 0.1082299724 0.9460762739 0.2271690816 -0.2309412807
45.9 176.9 2682.2 -0.6780993342 -0.5810947418 -0.4500113428 0.1711107641 0.4706421793 -0.8655732274 0.7147743702 -0.6639463902 -0.2197105736
235.0 129.2 2482.8 -0.6822289824 -0.5810947418 0.4437257349 -0.7265141606 0.4706421793 -0.5006726384 0.0821022093 -0.6639463902 -0.7432593107
-22.2 120.4 2940.7 -0.0122762807 0.4886210263 -0.8724097610 -0.9967918992 0.0630288422 0.0493278690 0.0790896043 0.8702165484 0.4862797260
-25.3 -136.5 2961.0 0.1041072905 0.4904791117 -0.8652120829 -0.9945471287 0.0459746830 -0.0936070904 -0.0061344747 0.8702393770 0.4925909042
12.5 -210.8 2638.2 -0.8692628145 0.2672502995 0.4158838987 0.1542025954 0.9458842278 -0.2855249941 -0.4696846604 -0.1840658933 -0.8634327054
-91.3 -578.0 2709.7 -0.8727557659 0.0757543817 0.4822432995 0.1167514622 0.9916077852 0.0555256680 -0.4739899039 0.1047629640 -0.8742758632
-32.6 -248.2 2807.5 -0.7359067202 0.0240958966 0.6766539812 -0.0553654097 0.9938783646 -0.0956059769 -0.6748154759 -0.1078203097 -0.7300677299
-42.0 -633.9 2849.4 -0.7350979447 0.0394327156 0.6768131256 0.0241183005 0.9991961718 -0.0320202187 -0.6775317788 -0.0072144144 -0.7354581356
424.2 330.6 2460.0 0 0 0 0 0 0 0 0 0
1.8 -395.9 2959.4 0 0 0 0 0 0 0 0 0
-120.6 -961.5 2669.2 0 0 0 0 0 0 0 0 0
-56.7 -1006.6 2852.1 0 0 0 0 0 0 0 0 0
21.2 341.9 2863.2 28 -0.2553234100 0.0441966243 -0.9658450484 -0.2365557998 0.9657385349 0.1067258418 0.9374706745 0.2557258606 -0.2361207008
12.5 151.9 2812.8 -0.2553234100 0.0441966243 -0.9658450484 -0.2365557998 0.9657385349 0.1067258418 0.9374706745 0.2557258606 -0.2361207008
2.8 -37.0 2769.1 -0.2538171709 0.0504384562 -0.9659362435 -0.2056982815 0.9729815722 0.1048572809 0.9451270103 0.2253060043 -0.2365843207
47.2 180.0 2683.7 -0.6682857275 -0.5803685188 -0.4653671980 0.1874878556 0.4739766717 -0.8603455424 0.7198906541 -0.6622073054 -0.2079397887
234.8 127.3 2481.6 -0.6867300868 -0.5803685188 0.4376918972 -0.7219076753 0.4739766717 -0.5041779280 0.0851532519 -0.6622073054 -0.7444665432
-22.1 123.8 2942.0 -0.0098037003 0.4835541546 -0.8752595186 -0.9966460466 0.0663911253 0.0478424095 0.0812438652 0.8727929592 0.4812814593
-24.7 -133.0 2962.9 0.1070509031 0.4854620397 -0.8676789403 -0.9942479730 0.0493421927 -0.0950597897 -0.0033347409 0.8728642464 0.4879517555
13.0 -210.3 2638.5 -0.8662793636 0.2671591043 0.4221209586 0.1534032077 0.9464214444 -0.2841722965 -0.4754235446 -0.1814178675 -0.8608484268
-90.7 -577.7 2708.9 -0.8695785999 0.0777420923 0.4876363873 0.1183569580 0.9915567040 0.0529800095 -0.4794003665 0.1037854403 -0.8714377880
-31.6 -247.4 2808.0 -0.7318621278 0.0268189553 0.6809247732 -0.0553843789 0.9935787320 -0.0986606404 -0.6791983247 -0.1099185869 -0.7256773114
-42.0 -633.0 2850.6 -0.7310176492 0.0401660800 0.6811753511 0.0259934254 0.9991806746 -0.0310221370 -0.6818632483 -0.0049716500 -0.7314627767
424.3 326.5 2458.1 0 0 0 0 0 0 0 0 0
3.3 -392.4 2962.0 0 0 0 0 0 0 0 0 0
-120.6 -958.6 2669.0 0 0 0 0 0 0 0 0 0
-57.0 -1005.9 2852.5 0 0 0 0 0 0 0 0 0
23.6 347.0 2861.6 29 -0.2423605323 0.0490189530 -0.9689471126 -0.2327454835 0.9666206241 0.1071173549 0.9418550134 0.2514790893 -0.2228617519
13.9 157.5 2812.2 -0.2423605323 0.0490189530 -0.9689471126 -0.2327454835 0.9666206241 0.1071173549 0.9418550134 0.2514790893 -0.2228617519
3.3 -31.7 2770.1 -0.2405128628 0.0549005903 -0.9690920711 -0.1982313246 0.9745783806 0.1044091806 0.9501883388 0.2172161639 -0.2235156298
46.8 184.5 2682.4 -0.6686186790 -0.5706867576 -0.4767239094 0.2053172886 0.4744931459 -0.8559795618 0.7146984339 -0.6702036262 -0.2000831217
235.7 126.5 2480.5 -0.6881755590 -0.5706867576 0.4480301440 -0.7216497064 0.4744931459 -0.5040614605 0.0750739649 -0.6702036262 -0.7383705378
-18.9 130.4 2942.0 -0.0098588234 0.4960927665 -0.8682135344 -0.9959929585 0.0723083466 0.0526264124 0.0888866708 0.8652534485 0.4933920205
-21.5 -126.3 2964.9 0.1057673097 0.4979800880 -0.8607143164 -0.9943873882 0.0552612022 -0.0902212337 0.0026357321 0.8654259443 0.5010299683
15.7 -207.4 2640.7 -0.8719365001 0.2658248842 0.4111737311 0.1541095376 0.9461022615 -0.2848522663 -0.4647331834 -0.1850073040 -0.8659072518
-87.5 -574.8 2712.5 -0.8743721843 0.0853052661 0.4776989818 0.1291306913 0.9898349643 0.0595985129 -0.4677591026 0.1137968823 -0.8764996529
-29.8 -244.3 2810.0 -0.7414872646 0.0201744530 0.6706635952 -0.0552209467 0.9943220615 -0.0909629464 -0.6686907411 -0.1044825390 -0.7361630797
-37.6 -630.3 2850.6 -0.7389337420 0.0619167499 0.6709271669 0.0380768850 0.9980148077 -0.0501657091 -0.6727012992 -0.0115223210 -0.7398244143
424.8 324.7 2459.8 0 0 0 0 0 0 0 0 0
6.1 -385.7 2965.6 0 0 0 0 0 0 0 0 0
-120.6 -958.4 2668.4 0 0 0 0 0 0 0 0 0
-60.7 -1002.7 2854.9 0 0 0 0 0 0 0 0 0
23.9 342.3 2861.3 30 -0.2272899151 0.0505958050 -0.9725118876 -0.2349565327 0.9662978053 0.1051852107 0.9450580478 0.2524055541 -0.2077419311
14.0 153.0 2811.8 -0.2272899151 0.0505958050 -0.9725118876 -0.2349565327 0.9662978053 0.1051852107 0.9450580478 0.2524055541 -0.2077419311
3.2 -36.0 2768.9 -0.2255703509 0.0556550659 -0.9726358652 -0.2035607249 0.9736376405 0.1029214859 0.9527229667 0.2212065011 -0.2082946002
44.8 180.8 2681.7 -0.6730570197 -0.5745939612 -0.4656565189 0.1937723011 0.4706198275 -0.8607957363 0.7137552500 -0.6695959568 -0.2054135799
235.8 125.8 2479.1 -0.6875815988 -0.5745939612 0.4439294040 -0.7213433981 0.4706198275 -0.5081148148 0.0830377564 -0.6695959568 -0.7380691171
-16.8 125.2 2942.0 -0.0059905346 0.5089582205 -0.8607704043 -0.9964445233 0.0693021044 0.0479118600 0.0840383321 0.8579969406 0.5067334175
-18.4 -131.5 2963.6 0.1083057076 0.5108909011 -0.8527956009 -0.9941098094 0.0522596724 -0.0949451104 -0.0039397730 0.8580555916 0.5135416985
14.2 -203.1 2642.8 -0.8784314990 0.2625437677 0.3992855251 0.1571326703 0.9477860928 -0.2775083184 -0.4512953162 -0.1810312420 -0.8738193512
-87.7 -571.1 2713.1 -0.8814477324 0.0816837624 0.4651640952 0.1259605438 0.9899130464 0.0648541451 -0.4551744759 0.1157578602 -0.8828455806
-28.9 -238.7 2813.0 -0.7511563897 0.0193520654 0.6598405242 -0.0407647938 0.9963026047 -0.0756262243 -0.6588643789 -0.0837053880 -0.7475902438
-36.4 -625.4 2845.5 -0.7489418983 0.0597352125 0.6599376798 0.0177782457 0.9973812699 -0.0701034591 -0.6623971462 -0.0407708846 -0.7480426431
424.0 323.3 2456.4 0 0 0 0 0 0 0 0 0
9.9 -390.9 2962.6 0 0 0 0 0 0 0 0 0
-119.7 -958.8 2667.7 0 0 0 0 0 0 0 0 0
-58.7 -997.5 2860.7 0 0 0 0 0 0 0 0 0
25.0 339.7 2862.1 31 -0.2262365818 0.0533119254 -0.9726123810 -0.2359379977 0.9657683969 0.1078176498 0.9450662732 0.2538685203 -0.2059138268
14.5 150.5 2812.4 -0.2262365818 0.0533119254 -0.9726123810 -0.2359379977 0.9657683969 0.1078176498 0.9450662732 0.2538685203 -0.2059138268
3.2 -38.4 2769.3 -0.2243917137 0.0586244576 -0.9727340341 -0.2039804757 0.9732509255 0.1057101265 0.9529114962 0.2221392244 -0.2064311951
45.2 178.4 2682.2 -0.6743730903 -0.5808197856 -0.4559268355 0.1855660528 0.4643319845 -0.8660029173 0.7146930099 -0.6686136127 -0.2053525746
236.7 125.7 2479.3 -0.6855241656 -0.5808197856 0.4389818013 -0.7219370604 0.4643319845 -0.5130328536 0.0941463485 -0.6686136127 -0.7376261353
-16.1 122.6 2942.6 -0.0084688878 0.5106832981 -0.8597272038 -0.9965130091 0.0670583248 0.0496493839 0.0830069780 0.8571497798 0.5083346367
-18.3 -134.2 2964.0 0.1056833565 0.5125715733 -0.8521158099 -0.9943863153 0.0500084683 -0.0932469070 -0.0051827040 0.8571869731 0.5149792433
12.6 -206.7 2640.6 -0.8823969364 0.2490414828 0.3991916478 0.1467261612 0.9517725110 -0.2694448233 -0.4470425844 -0.1791854352 -0.8763820529
-84.1 -576.2 2710.2 -0.8835389614 0.0952898040 0.4585616291 0.1354738176 0.9892273545 0.0554628186 -0.4483366609 0.1111266613 -0.8869301677
-27.8 -243.2 2811.3 -0.7522587776 0.0122502279 0.6587538719 -0.0271013230 0.9984056354 -0.0495145507 -0.6583101749 -0.0551008582 -0.7507274151
-32.6 -630.6 2832.7 -0.7500494719 0.0865429565 0.6556951404 0.0018888161 0.9916781783 -0.1287275851 -0.6613790393 -0.0953135639 -0.7439711690
423.5 322.4 2453.6 0 0 0 0 0 0 0 0 0
9.3 -393.6 2962.6 0 0 0 0 0 0 0 0 0
-121.0 -959.1 2667.2 0 0 0 0 0 0 0 0 0
-64.8 -1000.0 2868.2 0 0 0 0 0 0 0 0 0
19.0 337.1 2861.5 32 -0.2459536791 0.0429384895 -0.9683300257 -0.2325825095 0.9672169089 0.1019645780 0.9409634471 0.2502951920 -0.2279038280
10.6 147.0 2812.4 -0.2459536791 0.0429384895 -0.9683300257 -0.2325825095 0.9672169089 0.1019645780 0.9409634471 0.2502951920 -0.2279038280
1.1 -42.1 2769.6 -0.2445328385 0.0487273484 -0.9684159160 -0.2024906874 0.9741500020 0.1001463979 0.9482622147 0.2205842733 -0.2283448279
44.0 174.6 2682.8 -0.6808934212 -0.5850176811 -0.4406114817 0.1774402112 0.4519175887 -0.8742341995 0.7105625272 -0.6734425426 -0.2039020509
238.2 124.0 2480.2 -0.6794409156 -0.5850176811 0.4428480566 -0.7265070081 0.4519175887 -0.5176466703 0.1027015969 -0.6734425426 -0.7320707440
-22.8 119.3 2941.9 -0.0052952045 0.4911107123 -0.8710810542 -0.9963060617 0.0720716491 0.0466900319 0.0857102200 0.8681105375 0.4889149368
-24.2 -137.4 2964.0 0.1107595488 0.4930828214 -0.8629030585 -0.9938472509 0.0550346822 -0.0961190388 0.0000949470 0.8682398796 0.4961446226
11.9 -209.1 2640.8 -0.8716316819 0.2546954751 0.4187939763 0.1459437460 0.9505021572 -0.2743100822 -0.4679301083 -0.1779770106 -0.8656590581
-87.0 -578.1 2709.9 -0.8730307817 0.0897324011 0.4793384075 0.1315453351 0.9898223281 0.0542914905 -0.4695881605 0.1104528755 -0.8759492636
-28.3 -245.6 2811.5 -0.7371877432 0.0278093312 0.6751154661 -0.0290171523 0.9969279766 -0.0727505013 -0.6750646234 -0.0732207075 -0.7341161370
-39.1 -632.5 2839.9 -0.7361131907 0.0554882847 0.6745802164 -0.0062889862 0.9960303307 -0.0887921378 -0.6768292785 -0.0696034878 -0.7328420877
423.2 321.9 2452.2 0 0 0 0 0 0 0 0 0
4.7 -396.7 2964.0 0 0 0 0 0 0 0 0 0
-121.4 -957.6 2667.5 0 0 0 0 0 0 0 0 0
-59.8 -1003.6 2865.9 0 0 0 0 0 0 0 0 0
18.9 341.7 2862.8 33 -0.2488172054 0.0437946469 -0.9675598145 -0.2319375277 0.9672168493 0.1034240648 0.9403696060 0.2501471341 -0.2305025756
10.3 152.1 2813.7 -0.2488172054 0.0437946469 -0.9675598145 -0.2319375277 0.9672168493 0.1034240648 0.9403696060 0.2501471341 -0.2305025756
0.9 -37.1 2771.4 -0.2472990751 0.0485519506 -0.9677219987 -0.2000138760 0.9746751785 0.1000138745 0.9480704665 0.2182911783 -0.2313252091
44.1 179.5 2684.2 -0.6725895405 -0.5893863440 -0.4474896789 0.1967463791 0.4405180216 -0.8759193420 0.7133821845 -0.6771761775 -0.1803281754
237.2 123.0 2479.4 -0.6779639721 -0.5893863440 0.4393046498 -0.7255483270 0.4405180216 -0.5286998153 0.1180868670 -0.6771761775 -0.7262836099
-23.5 124.8 2943.3 -0.0059810039 0.4886934161 -0.8724350929 -0.9960880876 0.0740076080 0.0482839793 0.0881628990 0.8693109751 0.4863390625
-25.0 -131.9 2966.0 0.1103313416 0.4906580746 -0.8643388152 -0.9938907623 0.0569681562 -0.0945293829 0.0028581852 0.8694879413 0.4939458966
13.6 -213.1 2641.8 -0.8677146435 0.2648190856 0.4206448793 0.1543842852 0.9479920268 -0.2783461511 -0.4724793732 -0.1765840650 -0.8634704947
-89.2 -581.1 2710.4 -0.8703321815 0.0797007605 0.4859729409 0.1262932420 0.9899374247 0.0638272315 -0.4759957194 0.1169259921 -0.8716400266
-30.2 -249.4 2811.7 -0.7353007197 0.0124361087 0.6776268482 -0.0306883249 0.9981951714 -0.0516195782 -0.6770458221 -0.0587511472 -0.7335920334
-35.1 -636.7 2834.5 -0.7336661816 0.0723775178 0.6756444573 -0.0048383772 0.9937295318 -0.1117058396 -0.6794928312 -0.0852238238 -0.7287155986
422.2 320.9 2447.1 0 0 0 0 0 0 0 0 0
3.8 -391.2 2966.7 0 0 0 0 0 0 0 0 0
-119.7 -959.2 2665.7 0 0 0 0 0 0 0 0 0
-62.1 -1007.2 2866.3 0 0 0 0 0 0 0 0 0
22.8 343.8 2862.4 34 -0.2384047508 0.0519312657 -0.9697764516 -0.2340162247 0.9660735726 0.1092623025 0.9425495267 0.2529920638 -0.2181637734
12.7 155.0 2812.9 -0.2384047508 0.0519312657 -0.9697764516 -0.2340162247 0.9660735726 0.1092623025 0.9425495267 0.2529920638 -0.2181637734
1.7 -34.1 2770.4 -0.2365057617 0.0564670265 -0.9699878693 -0.2000269592 0.9740963578 0.1054774523 0.9508176446 0.2189697474 -0.2190844715
45.0 182.3 2683.0 -0.6686890721 -0.5783993006 -0.4672356844 0.2071568072 0.4585865438 -0.8641669154 0.7141014934 -0.6746500134 -0.1868324727
236.4 123.0 2478.6 -0.6824426651 -0.5783993006 0.4469074607 -0.7251007557 0.4585865438 -0.5137385130 0.0922002643 -0.6746500134 -0.7323567867
-19.6 127.6 2942.8 -0.0101864180 0.4998961389 -0.8660254478 -0.9961632490 0.0702091381 0.0522439741 0.0869194567 0.8632349372 0.4972629845
-22.2 -129.1 2965.2 0.1050611883 0.5017721653 -0.8585958481 -0.9944657683 0.0531582870 -0.0906205252 0.0001706335 0.8633648753 0.5045800805
13.6 -208.3 2644.1 -0.8721148968 0.2657960653 0.4108138680 0.1617717147 0.9490074515 -0.2705821991 -0.4617851079 -0.1695207208 -0.8706418276
-89.6 -576.8 2709.9 -0.8757682443 0.0773274004 0.4764981568 0.1235049516 0.9901258349 0.0663126484 -0.4666653574 0.1169243902 -0.8766710758
-30.7 -244.2 2813.9 -0.7441366911 0.0129258623 0.6679022908 -0.0449759774 0.9965748191 -0.0693961754 -0.6665115952 -0.0816797987 -0.7410065532
-35.7 -630.9 2845.6 -0.7408184409 0.0736316442 0.6676573753 0.0239683520 0.9962384105 -0.0832739547 -0.6712775230 -0.0456882380 -0.7397966385
423.5 321.8 2453.3 0 0 0 0 0 0 0 0 0
5.2 -388.5 2965.2 0 0 0 0 0 0 0 0 0
-119.6 -961.2 2664.5 0 0 0 0 0 0 0 0 0
-63.2 -1002.3 2862.7 0 0 0 0 0 0 0 0 0
21.2 343.7 2859.7 35 -0.2265981138 0.0448950231 -0.9729530811 -0.2290072590 0.9684766531 0.0980236307 0.9466831684 0.2450252920 -0.2091736943
12.5 154.4 2811.8 -0.2265981138 0.0448950231 -0.9729530811 -0.2290072590 0.9684766531 0.0980236307 0.9466831684 0.2450252920 -0.2091736943
2.7 -35.0 2770.2 -0.2250683159 0.0503997393 -0.9730386138 -0.1977999508 0.9755026698 0.0962794125 0.9540542364 0.2141364366 -0.2095856667
43.2 181.4 2681.4 -0.6743468046 -0.5635169148 -0.4771845341 0.2030336708 0.4798197150 -0.8535516262 0.7099533081 -0.6724743247 -0.2091519833
236.5 123.2 2477.9 -0.6857382059 -0.5635169148 0.4606645107 -0.7256215215 0.4798197150 -0.4932002723 0.0568907745 -0.6724743247 -0.7379307151
-18.3 127.3 2942.1 -0.0007811991 0.5080714226 -0.8613145947 -0.9958236814 0.0782377645 0.0470540151 0.0912941247 0.8577541709 0.5058884621
-18.5 -129.2 2965.6 0.1135598198 0.5100949407 -0.8525885940 -0.9935255051 0.0612003915 -0.0957162306 0.0033543957 0.8579380512 0.5137422085
12.0 -205.3 2642.7 -0.8771710992 0.2528141141 0.4082350433 0.1559235752 0.9540697336 -0.2558100820 -0.4541570842 -0.1607357413 -0.8763021231
-86.2 -575.6 2705.1 -0.8804567456 0.0864448249 0.4661793709 0.1236843169 0.9910701513 0.0498216152 -0.4577096105 0.1015248522 -0.8832862377
-30.4 -241.1 2813.1 -0.7504077554 0.0121906120 0.6608627439 -0.0431111529 0.9967982769 -0.0673400387 -0.6595677733 -0.0790230483 -0.7474796176
-35.2 -628.0 2843.8 -0.7476317883 0.0679878518 0.6606242061 0.0186651722 0.9965041876 -0.0814313143 -0.6638511419 -0.0485499725 -0.7462871671
425.4 323.1 2462.2 0 0 0 0 0 0 0 0 0
11.1 -388.4 2966.5 0 0 0 0 0 0 0 0 0
-119.4 -956.4 2666.1 0 0 0 0 0 0 0 0 0
-60.5 -999.8 2861.9 0 0 0 0 0 0 0 0 0
19.9 339.6 2857.8 36 -0.2427525818 0.0441701300 -0.9690821171 -0.2242062092 0.9693617821 0.1003459543 0.9438234568 0.2416334599 -0.2254118472
11.2 149.9 2810.5 -0.2427525818 0.0441701300 -0.9690821171 -0.2242062092 0.9693617821 0.1003459543 0.9438234568 0.2416334599 -0.2254118472
1.6 -39.4 2768.7 -0.2414696515 0.0494728722 -0.9691464305 -0.1975641996 0.9752770662 0.0990103334 0.9500846267 0.2153766453 -0.2257257402
44.2 176.9 2680.7 -0.6764196754 -0.5529326797 -0.4865406752 0.1835674047 0.5131837130 -0.8384184241 0.7132737041 -0.6564357281 -0.2456271648
237.3 124.5 2477.1 -0.6889610291 -0.5529326797 0.4686129987 -0.7246668935 0.5131837130 -0.4598916173 0.0138045466 -0.6564357281 -0.7542556524
-21.8 122.9 2940.3 -0.0050080470 0.4939194620 -0.8694932461 -0.9958558083 0.0764956251 0.0491895378 0.0908081010 0.8661362529 0.4914894700
-23.1 -133.7 2963.7 0.1107783094 0.4958927929 -0.8612888455 -0.9938335419 0.0594555773 -0.0935941562 0.0047957604 0.8663460016 0.4994212687
13.1 -206.6 2643.2 -0.8684566617 0.2610422373 0.4214735925 0.1606895179 0.9524679184 -0.2588121295 -0.4690009654 -0.1570407450 -0.8691238761
-88.3 -576.4 2704.1 -0.8728256822 0.0852109045 0.4805356264 0.1189652979 0.9920858145 0.0401623435 -0.4733102918 0.0922217891 -0.8760550618
-27.3 -242.1 2814.1 -0.7393921614 0.0287204012 0.6726621985 -0.0392104872 0.9955571294 -0.0856072009 -0.6721322536 -0.0896726996 -0.7349809408
-38.4 -628.5 2848.9 -0.7374630570 0.0543550588 0.6731966734 0.0203560330 0.9980922341 -0.0582883768 -0.6750805974 -0.0292819124 -0.7371626496
428.2 325.2 2473.3 0 0 0 0 0 0 0 0 0
5.8 -393.0 2965.0 0 0 0 0 0 0 0 0 0
-120.8 -954.8 2669.0 0 0 0 0 0 0 0 0 0
-58.7 -1000.8 2859.8 0 0 0 0 0 0 0 0 0
22.7 339.8 2859.9 37 -0.2301347405 0.0497094281 -0.9718883634 -0.2289277613 0.9679026604 0.1037136763 0.9458488822 0.2463603467 -0.2113681585
12.9 149.8 2811.5 -0.2301347405 0.0497094281 -0.9718883634 -0.2289277613 0.9679026604 0.1037136763 0.9458488822 0.2463603467 -0.2113681585
2.2 -39.4 2769.8 -0.2284362614 0.0555205308 -0.9719744325 -0.1975687146 0.9749550223 0.1021239609 0.9533013701 0.2153605521 -0.2117459625
44.1 176.8 2681.3 -0.6820644140 -0.5392953753 -0.4939115644 0.1788299978 0.5318886638 -0.8277162910 0.7090895772 -0.6528820395 -0.2663401067
239.8 125.5 2477.9 -0.6868585348 -0.5392953753 0.4872225821 -0.7263812423 0.5318886638 -0.4352754951 -0.0244060811 -0.6528820395 -0.7570663095
-18.3 122.8 2941.8 -0.0067464528 0.5065057278 -0.8622102141 -0.9959028959 0.0743519440 0.0514706261 0.0901771709 0.8590248823 0.5039288998
