12.0 320.5 2942.1 94 0.0221387632 0.0395332947 -0.9989729524 -0.2490655631 0.9679315686 0.0327851921 0.9682335854 0.2480839342 0.0312751904
4.3 131.8 2893.7 0.0221387632 0.0395332947 -0.9989729524 -0.2490655631 0.9679315686 0.0327851921 0.9682335854 0.2480839342 0.0312751904
-3.5 -56.6 2847.7 0.0225798376 0.0391947143 -0.9989764094 -0.2382045537 0.9706643820 0.0326997638 0.9709525108 0.2372223884 0.0312538035
1.3 164.2 2761.6 -0.5984510779 0.1317708343 -0.7902485728 0.6376120448 0.6755695343 -0.3702116609 0.4850847721 -0.7254255414 -0.4883139729
153.6 1.9 2638.1 -0.5327509046 0.1317708343 0.8359503150 -0.5688716769 0.6755695343 -0.4690317810 -0.6265472770 -0.7254255414 -0.2849496007
7.4 99.3 3025.8 0.0819278210 0.6927953959 -0.7164651752 -0.9955847859 0.0899350196 -0.0268813148 0.0458120592 0.7155041695 0.6971047521
28.5 -157.0 3037.6 0.1712958515 0.6958235502 -0.6974864006 -0.9829943180 0.0731512159 -0.1684369892 -0.0661804453 0.7144777775 0.6965211034
-20.5 -225.1 2712.3 -0.9588409066 0.1937230974 0.2075945735 0.1720522195 0.9779983759 -0.1179711372 -0.2258808911 -0.0773984492 -0.9710753560
-95.7 -604.8 2742.4 -0.9644504189 0.0717872456 0.2543264627 0.1168217361 0.9790709019 0.1666518301 -0.2370401770 0.1904382855 -0.9526516795
-2.8 -272.1 2884.1 -0.8894704580 0.0579804406 0.4532997012 0.0730019659 0.9972082973 0.0156949442 -0.4511242211 0.0470519550 -0.8912199736
-25.3 -659.0 2865.8 -0.8896497488 0.1001082659 0.4455351830 0.0712352172 0.9941542149 -0.0811353549 -0.4510530233 -0.0404442511 -0.8915802836
304.2 162.7 2815.3 0 0 0 0 0 0 0 0 0
73.1 -413.2 3020.4 0 0 0 0 0 0 0 0 0
-121.1 -951.5 2674.9 0 0 0 0 0 0 0 0 0
-62.7 -1029.9 2880.9 0 0 0 0 0 0 0 0 0
14.2 326.9 2948.0 95 -0.0608582832 0.0548310168 -0.9966392517 -0.2657313645 0.9615654945 0.0691278875 0.9621242881 0.2690453231 -0.0439489037
3.5 139.0 2895.4 -0.0608582832 0.0548310168 -0.9966392517 -0.2657313645 0.9615654945 0.0691278875 0.9621242881 0.2690453231 -0.0439489037
-6.2 -48.9 2847.5 -0.0596450120 0.0500457808 -0.9969643354 -0.2434106767 0.9678655267 0.0631475151 0.9680876732 0.2464381903 -0.0455466732
11.6 172.0 2763.9 -0.6054322720 0.1375878900 -0.7839141488 0.6379380226 0.6728373766 -0.3745996952 0.4759063423 -0.7268834114 -0.4951299727
164.9 10.5 2643.4 -0.5216805339 0.1375878900 0.8419733047 -0.5745996237 0.6728373766 -0.4659669101 -0.6306225061 -0.7268834114 -0.2719481885
-4.6 105.9 3027.0 0.0487161689 0.6378980279 -0.7685784698 -0.9978377223 0.0650730655 -0.0092389444 0.0441202484 0.7673666477 0.6396888494
7.9 -150.9 3038.4 0.1466468722 0.6404979229 -0.7538282871 -0.9873400927 0.0482054390 -0.1511151195 -0.0604503006 0.7664454579 0.6394584775
-13.3 -223.7 2715.1 -0.9377500415 0.2113204151 0.2756238580 0.1810092777 0.9746603370 -0.1314261109 -0.2964126766 -0.0733543709 -0.9522387385
-95.3 -602.0 2743.5 -0.9429216385 0.0707072914 0.3254216313 0.1285227537 0.9787575006 0.1597361118 -0.3072143793 0.1924427152 -0.9319791198
-9.3 -266.2 2888.4 -0.8521561623 0.0457610153 0.5212828517 0.0598096251 0.9981582165 0.0101488214 -0.5198583603 0.0398261137 -0.8533236384
-27.0 -653.6 2872.9 -0.8509805202 0.0918297991 0.5171067715 0.0734260604 0.9957276583 -0.0559909940 -0.5200391412 -0.0096781338 -0.8540875912
312.8 173.4 2822.1 0 0 0 0 0 0 0 0 0
46.1 -408.3 3022.6 0 0 0 0 0 0 0 0 0
-120.5 -950.8 2675.0 0 0 0 0 0 0 0 0 0
-61.3 -1025.0 2876.5 0 0 0 0 0 0 0 0 0
20.8 322.5 2951.0 96 -0.0478994697 0.0787463710 -0.9957432747 -0.2896367013 0.9529621601 0.0892958641 0.9559373260 0.2926810086 -0.0228385422
5.4 137.2 2894.1 -0.0478994697 0.0787463710 -0.9957432747 -0.2896367013 0.9529621601 0.0892958641 0.9559373260 0.2926810086 -0.0228385422
-7.0 -49.6 2842.9 -0.0457592346 0.0636539161 -0.9969223738 -0.2608465850 0.9625832438 0.0734343305 0.9642951488 0.2634041011 -0.0274431631
11.7 172.7 2762.7 -0.6356597543 0.1395979524 -0.7592424750 0.6237059236 0.6724199653 -0.3985502720 0.4548929930 -0.7268863916 -0.5144983530
171.6 15.8 2648.3 -0.5117785335 0.1395979524 0.8476999402 -0.5794334412 0.6724199653 -0.4605521560 -0.6343024969 -0.7268863916 -0.2632423937
-0.8 101.6 3025.4 0.0398359336 0.6512706280 -0.7577992082 -0.9988746643 0.0454926565 -0.0134112993 0.0257399157 0.7574806809 0.6523499489
9.4 -155.6 3032.1 0.1363209635 0.6536999941 -0.7443742156 -0.9873882532 0.0285945553 -0.1557139605 -0.0805051625 0.7562133670 0.6493536830
-10.6 -215.0 2713.4 -0.9433404803 0.2171257287 0.2509286702 0.1839736551 0.9715641141 -0.1490533501 -0.2761566043 -0.0944437981 -0.9564611316
-94.9 -592.1 2750.0 -0.9488857985 0.0669619739 0.3084344566 0.1270968169 0.9755666256 0.1792098731 -0.2888981104 0.2092507482 -0.9342119694
-21.3 -258.3 2885.9 -0.8615640998 0.0082088755 0.5075823665 0.0334493257 0.9986143708 0.0406263843 -0.5065455437 0.0519805253 -0.8606448770
-24.5 -645.6 2865.8 -0.8588743806 0.0989059508 0.5025459528 0.0648074970 0.9942775369 -0.0849245116 -0.5080696940 -0.0403707437 -0.8603693247
316.5 180.0 2828.0 0 0 0 0 0 0 0 0 0
45.0 -413.0 3011.1 0 0 0 0 0 0 0 0 0
-119.6 -951.7 2672.9 0 0 0 0 0 0 0 0 0
-61.4 -1016.5 2880.8 0 0 0 0 0 0 0 0 0
20.7 312.9 2952.5 97 0.0202971920 0.0684324503 -0.9974492788 -0.3086288571 0.9493600726 0.0588528551 0.9509659410 0.3066470623 0.0403895713
7.4 128.5 2892.9 0.0202971920 0.0684324503 -0.9974492788 -0.3086288571 0.9493600726 0.0588528551 0.9509659410 0.3066470623 0.0403895713
-5.8 -57.4 2839.0 0.0223379452 0.0677445903 -0.9974526167 -0.2800423205 0.9581848383 0.0588060729 0.9597277045 0.2780153155 0.0403752327
4.4 166.6 2762.3 -0.6782525182 0.1349879652 -0.7223238349 0.5842769146 0.6952000260 -0.4187092185 0.4456388652 -0.7060277462 -0.5503915548
175.5 19.3 2649.9 -0.4967157543 0.1349879652 0.8573515415 -0.5690698028 0.6952000260 -0.4391542375 -0.6553114057 -0.7060277462 -0.2684992254
10.5 90.4 3023.5 0.0548281185 0.6997158527 -0.7123142481 -0.9984921813 0.0403409638 -0.0372282863 0.0026862225 0.7132813931 0.7008726001
24.6 -166.7 3024.2 0.1437459439 0.7022778392 -0.6972395182 -0.9835523367 0.0235178899 -0.1790856123 -0.1093702465 0.7115144134 0.6941075921
-15.2 -213.1 2705.7 -0.9627540708 0.1971551776 0.1850254834 0.1718348265 0.9745042920 -0.1442713737 -0.2087519765 -0.1071040332 -0.9720860720
-91.7 -591.3 2747.2 -0.9684048295 0.0755713806 0.2376575023 0.1179858595 0.9784168005 0.1696465313 -0.2197076529 0.1923267543 -0.9564198852
-23.4 -259.7 2878.0 -0.8938485384 0.0085944803 0.4482866824 0.0270895157 0.9990249276 0.0348612256 -0.4475499690 0.0433045216 -0.8932098150
-26.8 -647.4 2861.2 -0.8918080926 0.0903164968 0.4433071613 0.0528568700 0.9939604998 -0.0961699933 -0.4493155479 -0.0623333491 -0.8911958933
316.7 181.1 2836.3 0 0 0 0 0 0 0 0 0
62.1 -423.1 2995.7 0 0 0 0 0 0 0 0 0
-119.8 -954.1 2675.9 0 0 0 0 0 0 0 0 0
-60.5 -1018.1 2884.4 0 0 0 0 0 0 0 0 0
18.1 304.8 2953.7 98 0.0247599240 0.0469389297 -0.9985908270 -0.3206654489 0.9464874864 0.0365389474 0.9468688369 0.3193088770 0.0384866521
9.0 121.3 2891.8 0.0247599240 0.0469389297 -0.9985908270 -0.3206654489 0.9464874864 0.0365389474 0.9468688369 0.3193088770 0.0384866521
-2.0 -63.9 2834.9 0.0261468124 0.0562655628 -0.9980733991 -0.2951215506 0.9543484449 0.0460692197 0.9551019073 0.2933484018 0.0415583476
5.4 161.5 2761.6 -0.7003795505 0.1442928910 -0.6990336180 0.5650452375 0.7104644775 -0.4194807708 0.4361104667 -0.6887813807 -0.5791268349
177.9 22.3 2654.2 -0.4830910563 0.1442928910 0.8635986447 -0.5569015145 0.7104644775 -0.4302335680 -0.6756358147 -0.6887813807 -0.2628621161
12.6 81.0 3022.0 0.0674126521 0.6994446516 -0.7115002871 -0.9976415038 0.0380204655 -0.0571474805 -0.0129199270 0.7136747241 0.7003580928
29.9 -175.9 3018.7 0.1562295109 0.7022240162 -0.6946033239 -0.9797893763 0.0212391019 -0.1989011765 -0.1249204352 0.7116391659 0.6913498044
-21.1 -218.4 2699.4 -0.9668317437 0.1779342592 0.1832368672 0.1528467089 0.9778400660 -0.1430618465 -0.2046319544 -0.1103095859 -0.9726034999
-90.1 -597.8 2742.2 -0.9701074362 0.0823799744 0.2282654494 0.1203224584 0.9801402092 0.1576313376 -0.2107464820 0.1803847849 -0.9607535005
-17.1 -268.4 2870.7 -0.8941797018 0.0243748240 0.4470441937 0.0356436074 0.9992231131 0.0168124344 -0.4462871253 0.0309676062 -0.8943538666
-26.5 -656.1 2858.7 -0.8928628564 0.0941786766 0.4403706789 0.0505967736 0.9926750660 -0.1097094938 -0.4474772811 -0.0756741911 -0.8910878301
315.5 180.9 2846.6 0 0 0 0 0 0 0 0 0
70.7 -431.4 2986.1 0 0 0 0 0 0 0 0 0
-119.9 -952.1 2677.0 0 0 0 0 0 0 0 0 0
-61.7 -1026.5 2886.9 0 0 0 0 0 0 0 0 0
17.1 311.8 2953.8 99 0.0982380509 0.0440977551 -0.9941854477 -0.3018291593 0.9532806277 0.0124588683 0.9482871294 0.2988502383 0.1069584191
8.5 126.3 2895.7 0.0982380509 0.0440977551 -0.9941854477 -0.3018291593 0.9532806277 0.0124588683 0.9482871294 0.2988502383 0.1069584191
-0.6 -59.9 2841.9 0.0992537066 0.0472650155 -0.9939389825 -0.2805634439 0.9596737623 0.0176188238 0.9546899199 0.2771142125 0.1085120142
-5.0 164.5 2765.8 -0.7085684538 0.1326338947 -0.6930649281 0.5550590754 0.7112182975 -0.4313675165 0.4357064962 -0.6903454065 -0.5775665045
177.8 21.3 2653.3 -0.4798420072 0.1326338947 0.8672715425 -0.5633631349 0.7112182975 -0.4204645753 -0.6725872755 -0.6903454065 -0.2665513754
22.0 88.2 3025.6 0.0967707261 0.7444872856 -0.6605862379 -0.9952885509 0.0683733150 -0.0687445998 -0.0060130125 0.6641263366 0.7475961447
46.9 -168.1 3024.1 0.1771089733 0.7476323247 -0.6400611997 -0.9763706923 0.0516480096 -0.2098397762 -0.1238251179 0.6621015072 0.7391136289
-15.3 -222.7 2692.6 -0.9717195630 0.2040903270 0.1187778935 0.1830614656 0.9688076973 -0.1670333445 -0.1491628289 -0.1405659169 -0.9787704945
-94.5 -598.5 2747.1 -0.9806184769 0.0709066093 0.1826461107 0.1046448424 0.9776608944 0.1822872013 -0.1656405926 0.1978671700 -0.9661324024
-10.6 -275.5 2863.3 -0.9222028852 0.0411613211 0.3845095038 0.0389716513 0.9991492629 -0.0134887034 -0.3847376108 0.0025456490 -0.9230225086
-26.6 -663.1 2862.4 -0.9202604890 0.0965477154 0.3792085350 0.0613628626 0.9927003384 -0.1038297415 -0.3864649832 -0.0722810924 -0.9194673896
313.4 180.5 2843.5 0 0 0 0 0 0 0 0 0
93.1 -422.7 2991.8 0 0 0 0 0 0 0 0 0
-120.0 -950.9 2675.8 0 0 0 0 0 0 0 0 0
-62.6 -1033.6 2889.3 0 0 0 0 0 0 0 0 0
19.3 317.7 2954.9 00 0.1051078290 0.0525379069 -0.9930720329 -0.3028656244 0.9528564811 0.0183546990 0.9472194910 0.2988381684 0.1160646006
9.1 131.8 2896.6 0.1051078290 0.0525379069 -0.9930720329 -0.3028656244 0.9528564811 0.0183546990 0.9472194910 0.2988381684 0.1160646006
0.0 -54.9 2844.1 0.1066156030 0.0469993018 -0.9931889176 -0.2738652527 0.9616332054 0.0161074921 0.9558404684 0.2702825963 0.1153965741
-5.5 169.1 2766.2 -0.6878244281 0.1184953377 -0.7161399126 0.5756909251 0.6899765134 -0.4387623966 0.4421284199 -0.7140667439 -0.5427993536
172.6 20.0 2651.8 -0.5204152465 0.1184953377 0.8456517458 -0.5692967176 0.6899765134 -0.4470276237 -0.6364504695 -0.7140667439 -0.2916152477
23.6 94.4 3026.9 0.0990577117 0.7489397526 -0.6551921964 -0.9950814843 0.0749760792 -0.0647412017 0.0006364762 0.6583827138 0.7526830435
49.1 -161.9 3027.1 0.1786565036 0.7521138191 -0.6343553066 -0.9768056273 0.0582351014 -0.2060568631 -0.1180364713 0.6564552188 0.7450730801
-18.5 -221.1 2702.8 -0.9727103114 0.1989737004 0.1193487719 0.1820580512 0.9734091759 -0.1390302479 -0.1438385546 -0.1135077551 -0.9830698967
-95.7 -598.7 2746.8 -0.9820200205 0.0693545714 0.1755751520 0.1000105888 0.9799581766 0.1722784787 -0.1601080000 0.1867402792 -0.9692746997
-0.8 -271.1 2873.2 -0.9231923223 0.0604245961 0.3795586526 0.0701186359 0.9974694252 0.0117539167 -0.3778879046 0.0374652632 -0.9250929952
-24.2 -657.9 2858.7 -0.9230366349 0.1110323444 0.3683411777 0.0715159699 0.9902798533 -0.1192949116 -0.3780064583 -0.0837712958 -0.9220051765
319.6 180.8 2831.5 0 0 0 0 0 0 0 0 0
95.7 -416.6 2996.3 0 0 0 0 0 0 0 0 0
-120.8 -952.9 2679.3 0 0 0 0 0 0 0 0 0
-65.7 -1027.5 2890.0 0 0 0 0 0 0 0 0 0
16.6 320.3 2955.9 01 0.1181144863 0.0440535545 -0.9920222759 -0.3030197024 0.9529638290 0.0062402086 0.9456363320 0.2998652458 0.1259079278
8.0 134.4 2897.5 0.1181144863 0.0440535545 -0.9920222759 -0.3030197024 0.9529638290 0.0062402086 0.9456363320 0.2998652458 0.1259079278
-0.7 -52.1 2844.7 0.1194004565 0.0448084436 -0.9918345213 -0.2753174901 0.9612983465 0.0102852313 0.9539097548 0.2718413472 0.1271160096
-8.3 172.0 2767.3 -0.6862341166 0.1011993662 -0.7203064561 0.5741603374 0.6833315492 -0.4509965181 0.4465675652 -0.7230606079 -0.5270301104
172.6 20.6 2649.5 -0.5391455889 0.1011993662 0.8361104727 -0.5731449723 0.6833315492 -0.4522862732 -0.6171117425 -0.7230606079 -0.3104132712
24.3 96.9 3027.7 0.1045936197 0.7561988831 -0.6459283829 -0.9945120215 0.0779240280 -0.0698120072 -0.0024584185 0.6496854424 0.7601991892
51.2 -159.3 3027.0 0.1827467531 0.7594452500 -0.6243769526 -0.9755485654 0.0611995421 -0.2110914588 -0.1221008152 0.6476863027 0.7520596981
-18.6 -217.0 2706.1 -0.9757156372 0.1886642873 0.1112867668 0.1749783754 0.9769696593 -0.1221182048 -0.1317631453 -0.0996798649 -0.9862567782
-91.8 -596.1 2744.8 -0.9832971692 0.0813829824 0.1627989709 0.1102290750 0.9780450463 0.1768544316 -0.1448317766 0.1918456405 -0.9706796408
0.5 -266.0 2877.1 -0.9265494347 0.0701021552 0.3695832789 0.0881516412 0.9955879450 0.0321551338 -0.3656984866 0.0623726919 -0.9286410809
-26.7 -652.1 2852.9 -0.9304922819 0.0939271003 0.3540647626 0.0528387725 0.9908744693 -0.1239996105 -0.3624806404 -0.0966723263 -0.9269639850
325.5 183.1 2824.5 0 0 0 0 0 0 0 0 0
98.9 -413.8 2995.2 0 0 0 0 0 0 0 0 0
-121.5 -953.4 2674.7 0 0 0 0 0 0 0 0 0
-61.8 -1021.9 2889.0 0 0 0 0 0 0 0 0 0
9.4 311.3 2954.5 02 0.0848982185 0.0280819051 -0.9959938526 -0.3193885982 0.9476236701 -0.0005064728 0.9438131452 0.3181520700 0.0894206017
3.9 127.5 2892.8 0.0848982185 0.0280819051 -0.9959938526 -0.3193885982 0.9476236701 -0.0005064728 0.9438131452 0.3181520700 0.0894206017
-3.6 -58.5 2837.8 0.0860917419 0.0391595624 -0.9955173135 -0.2855592668 0.9582728744 0.0129995234 0.9544863105 0.2831600606 0.0936817601
-7.8 166.5 2762.5 -0.6968969703 0.1050069183 -0.7094421387 0.5643066764 0.6907812953 -0.4520831406 0.4425974786 -0.7153983116 -0.5406594872
172.0 20.9 2648.3 -0.5336201787 0.1050069183 0.8391799927 -0.5679028034 0.6907812953 -0.4475573897 -0.6266864538 -0.7153983116 -0.3089811206
15.7 88.5 3023.0 0.1010441482 0.7340904474 -0.6714918017 -0.9948399663 0.0683526769 -0.0749759078 -0.0091408333 0.6756027341 0.7372091413
41.7 -167.8 3020.7 0.1832552850 0.7373396754 -0.6501904726 -0.9749768376 0.0516495816 -0.2162233591 -0.1258479953 0.6735447049 0.7283541560
-20.1 -214.1 2706.5 -0.9727838039 0.1848894954 0.1396693736 0.1662482619 0.9767816067 -0.1351265311 -0.1614099592 -0.1082291007 -0.9809349179
-91.8 -593.2 2748.5 -0.9781864882 0.0786144510 0.1922782809 0.1157774776 0.9748506546 0.1904251128 -0.1724724472 0.2085327655 -0.9626875520
1.3 -263.4 2877.3 -0.9138876796 0.0685324371 0.4001407325 0.0878099278 0.9956848621 0.0300186910 -0.3963568211 0.0625700429 -0.9159619212
-25.3 -649.7 2853.0 -0.9178497791 0.0982712507 0.3845706284 0.0534719452 0.9906484485 -0.1255245507 -0.3933097422 -0.0946489349 -0.9145212173
323.6 182.3 2826.4 0 0 0 0 0 0 0 0 0
89.5 -422.1 2987.8 0 0 0 0 0 0 0 0 0
-120.9 -954.3 2671.3 0 0 0 0 0 0 0 0 0
-61.9 -1019.5 2888.3 0 0 0 0 0 0 0 0 0
15.4 309.3 2953.2 03 0.0832517296 0.0548429936 -0.9950183034 -0.3219582736 0.9464176893 0.0252264682 0.9430864453 0.3182542324 0.0964480639
4.8 126.0 2891.6 0.0832517296 0.0548429936 -0.9950183034 -0.3219582736 0.9464176893 0.0252264682 0.9430864453 0.3182542324 0.0964480639
-4.9 -59.5 2835.3 0.0848186910 0.0499092638 -0.9951456189 -0.2935052514 0.9556828141 0.0229139272 0.9521871805 0.2901369333 0.0957083926
-6.8 166.1 2761.6 -0.7062504292 0.1378193945 -0.6944178343 0.5644523501 0.7016631365 -0.4348130822 0.4273217022 -0.6990526915 -0.5733423829
174.6 21.2 2651.8 -0.5091673732 0.1378193945 0.8495613337 -0.5551957488 0.7016631365 -0.4465720356 -0.6576521397 -0.6990526915 -0.2807472050
16.4 86.0 3021.6 0.0903454423 0.7360324264 -0.6708904505 -0.9957730174 0.0555694923 -0.0731305778 -0.0165454391 0.6746616364 0.7379416823
39.6 -170.6 3017.3 0.1725971997 0.7391009331 -0.6511067152 -0.9759265780 0.0388391614 -0.2146132588 -0.1333324164 0.6724740267 0.7280117869
-18.9 -218.9 2697.4 -0.9732402563 0.1868576109 0.1337445527 0.1676456481 0.9754392505 -0.1428749412 -0.1571569592 -0.1166299507 -0.9806625843
-91.4 -597.6 2742.7 -0.9791304469 0.0779271722 0.1876990497 0.1132359728 0.9761089683 0.1854424775 -0.1687637120 0.2028266639 -0.9645621777
-3.5 -270.1 2868.3 -0.9162847400 0.0574394315 0.3963874280 0.0618618578 0.9980834126 -0.0016303887 -0.3957213461 0.0230273623 -0.9180818796
-25.7 -657.1 2859.3 -0.9165273309 0.0983236358 0.3876984715 0.0594420545 0.9920337796 -0.1110659614 -0.3955304027 -0.0787493885 -0.9150705934
319.6 179.3 2839.2 0 0 0 0 0 0 0 0 0
84.7 -425.2 2982.6 0 0 0 0 0 0 0 0 0
-120.1 -956.7 2668.1 0 0 0 0 0 0 0 0 0
-62.4 -1027.4 2888.7 0 0 0 0 0 0 0 0 0
14.0 310.1 2952.1 04 -0.0279062577 0.0482616760 -0.9984447956 -0.3160925210 0.9471549392 0.0546171851 0.9483178854 0.3171251118 -0.0111763952
4.7 127.3 2890.9 -0.0279062577 0.0482616760 -0.9984447956 -0.3160925210 0.9471549392 0.0546171851 0.9483178854 0.3171251118 -0.0111763952
-5.1 -58.0 2833.9 -0.0266669728 0.0506431684 -0.9983607531 -0.2922623456 0.9546834230 0.0562341288 0.9559662938 0.2932828367 -0.0106574269
8.3 167.0 2761.1 -0.6856669784 0.1574254632 -0.7106884122 0.5868819356 0.6971319318 -0.4117968976 0.4306162596 -0.6994457245 -0.5703905225
178.2 21.5 2654.4 -0.4995006323 0.1574254632 0.8518898487 -0.5547813773 0.6971319318 -0.4541197121 -0.6653696299 -0.6994457245 -0.2608811259
1.0 87.6 3020.6 0.0578398928 0.6617170572 -0.7475193143 -0.9982938766 0.0323417224 -0.0486143194 -0.0079928646 0.7490558028 0.6624587178
15.9 -169.4 3018.6 0.1521107107 0.6644133329 -0.7317221165 -0.9816734791 0.0155691467 -0.1899337173 -0.1148022041 0.7472031116 0.6546051502
-22.1 -218.7 2693.7 -0.9556477070 0.1870673001 0.2274715751 0.1491568685 0.9734066129 -0.1738728732 -0.2539482713 -0.1322322637 -0.9581361413
-94.7 -596.5 2745.0 -0.9579383135 0.0692187622 0.2785012424 0.1220950931 0.9765638113 0.1772452742 -0.2597055435 0.2037936747 -0.9439391494
-7.0 -271.2 2864.2 -0.8693109751 0.0448574126 0.4922257960 0.0479730815 0.9988287687 -0.0063006645 -0.4919319153 0.0181363523 -0.8704447746
-24.4 -658.8 2857.2 -0.8683484197 0.1168063581 0.4820034504 0.0563901253 0.9888204932 -0.1380368769 -0.4927384555 -0.0926838666 -0.8652274013
320.7 179.7 2844.2 0 0 0 0 0 0 0 0 0
55.6 -425.4 2988.6 0 0 0 0 0 0 0 0 0
-120.3 -957.4 2669.7 0 0 0 0 0 0 0 0 0
-67.9 -1027.8 2891.8 0 0 0 0 0 0 0 0 0
15.1 316.3 2953.0 05 0.0639140978 0.0504129827 -0.9966812730 -0.3029158711 0.9525833130 0.0287574083 0.9508717060 0.3000725806 0.0761543959
5.3 131.8 2894.9 0.0639140978 0.0504129827 -0.9966812730 -0.3029158711 0.9525833130 0.0287574083 0.9508717060 0.3000725806 0.0761543959
-3.5 -54.5 2841.1 0.0650986359 0.0464161970 -0.9967987537 -0.2795214057 0.9597753882 0.0264372956 0.9579300284 0.2769055665 0.0754543915
-3.5 169.7 2765.0 -0.7107742429 0.1274844557 -0.6917713881 0.5672701001 0.6854002476 -0.4565425813 0.4159382284 -0.7169199586 -0.5594829917
183.4 20.5 2655.6 -0.5056723952 0.1274844557 0.8532544374 -0.5769065619 0.6854002476 -0.4443031549 -0.6414625645 -0.7169199586 -0.2730413973
14.2 93.9 3024.8 0.0882149264 0.7226893306 -0.6855204701 -0.9960992336 0.0625429079 -0.0622471981 -0.0021109411 0.6883375049 0.7253874540
36.9 -162.6 3024.3 0.1722184569 0.7257452607 -0.6660590172 -0.9781069756 0.0457979068 -0.2030007243 -0.1168227121 0.6864374280 0.7177437544
-12.5 -217.3 2691.9 -0.9668504596 0.2053586841 0.1517498344 0.1800282598 0.9696856737 -0.1652256697 -0.1810801625 -0.1324292570 -0.9745113850
-92.2 -593.7 2743.3 -0.9741736054 0.0758047700 0.2126956880 0.1143923551 0.9778224230 0.1754356474 -0.1946797520 0.1952355355 -0.9612402916
-17.3 -269.3 2862.1 -0.9094751477 0.0197648294 0.4152881801 0.0254456829 0.9996429682 0.0081496276 -0.4149788618 0.0179791749 -0.9096534252
-24.9 -657.2 2855.1 -0.9063664675 0.1071192622 0.4086872935 0.0590169840 0.9899409413 -0.1285842061 -0.4183501303 -0.0924249217 -0.9035711288
327.7 185.1 2838.6 0 0 0 0 0 0 0 0 0
81.8 -417.6 2993.8 0 0 0 0 0 0 0 0 0
-120.6 -959.2 2670.3 0 0 0 0 0 0 0 0 0
-64.9 -1026.7 2889.6 0 0 0 0 0 0 0 0 0
17.7 320.5 2953.5 06 0.1204523072 0.0563694201 -0.9911174178 -0.2971367538 0.9546617866 0.0181844477 0.9472069144 0.2923070490 0.1317406446
6.7 134.8 2896.7 0.1204523072 0.0563694201 -0.9911174178 -0.2971367538 0.9546617866 0.0181844477 0.9472069144 0.2923070490 0.1317406446
-1.9 -51.8 2844.0 0.1216336340 0.0449330099 -0.9915574789 -0.2747921944 0.9614530802 0.0098602502 0.9537790418 0.2712729275 0.1292922646
-9.8 172.2 2767.0 -0.7070671320 0.1000638828 -0.7000309229 0.5683794618 0.6693794131 -0.4784098864 0.4207147062 -0.7361510992 -0.5301704407
179.5 19.9 2654.4 -0.5381154418 0.1000638828 0.8369103670 -0.5859158039 0.6693794131 -0.4567646086 -0.6059162021 -0.7361510992 -0.3015743792
23.3 97.5 3026.3 0.1050336361 0.7576740384 -0.6441257000 -0.9944627285 0.0777894333 -0.0706585720 -0.0034299938 0.6479805708 0.7616491318
50.4 -158.6 3025.4 0.1825371236 0.7609175444 -0.6226432920 -0.9754993916 0.0610633120 -0.2113581002 -0.1228054240 0.6459688544 0.7534208894
-18.2 -215.9 2702.1 -0.9758125544 0.1896940172 0.1086558029 0.1753625572 0.9760091305 -0.1290507615 -0.1305292100 -0.1068751961 -0.9856671691
-91.8 -594.6 2743.6 -0.9838507175 0.0759075582 0.1620980948 0.1050859615 0.9780735373 0.1798029989 -0.1448954493 0.1939335316 -0.9702551961
-6.5 -265.6 2872.5 -0.9287233353 0.0599237680 0.3658991158 0.0772213191 0.9964740276 0.0328089446 -0.3626429141 0.0587256439 -0.9300760031
-29.8 -651.7 2849.8 -0.9330621958 0.0816615522 0.3503232598 0.0349785127 0.9898728728 -0.1375798583 -0.3580104709 -0.1161167771 -0.9264693260
332.1 186.1 2826.2 0 0 0 0 0 0 0 0 0
98.0 -413.0 2993.4 0 0 0 0 0 0 0 0 0
-119.9 -956.5 2671.9 0 0 0 0 0 0 0 0 0
-60.2 -1021.0 2893.1 0 0 0 0 0 0 0 0 0
12.6 318.2 2952.2 07 0.0604365729 0.0397235230 -0.9973813295 -0.3004761636 0.9535843730 0.0197717585 0.9518726468 0.2984943688 0.0695673451
4.9 133.1 2894.3 0.0604365729 0.0397235230 -0.9973813295 -0.3004761636 0.9535843730 0.0197717585 0.9518726468 0.2984943688 0.0695673451
-3.5 -53.3 2840.5 0.0613603629 0.0438757986 -0.9971508384 -0.2793321013 0.9598678350 0.0250464100 0.9582319260 0.2769993842 0.0711537600
-3.4 171.0 2763.9 -0.6892380714 0.0881905109 -0.7191476226 0.5778239965 0.6657260656 -0.4721527696 0.4371159375 -0.7409664392 -0.5098023415
176.0 20.6 2650.1 -0.5546458960 0.0881905109 0.8273997903 -0.5850621462 0.6657260656 -0.4631534219 -0.5916673541 -0.7409664392 -0.3176452816
13.2 95.1 3024.6 0.0895084292 0.7195734382 -0.6886234879 -0.9959858656 0.0642192438 -0.0623543523 -0.0006456563 0.6914405227 0.7224331498
36.3 -161.5 3024.4 0.1742524058 0.7226611972 -0.6688773632 -0.9779316783 0.0474911630 -0.2034557164 -0.1152637824 0.6895689964 0.7149887085
-21.3 -213.9 2706.3 -0.9682606459 0.1865487844 0.1663455963 0.1684616804 0.9787363410 -0.1170290262 -0.1846401095 -0.0852917433 -0.9790982604
-93.7 -593.7 2739.4 -0.9745157957 0.0731444582 0.2120587379 0.1090033501 0.9806398153 0.1626771837 -0.1960542947 0.1816466004 -0.9636219144
0.4 -262.9 2876.3 -0.9050828815 0.0657016709 0.4201288521 0.0859628394 0.9958629012 0.0294520035 -0.4164557159 0.0627719760 -0.9069864154
-25.1 -649.1 2851.9 -0.9103311300 0.0969138741 0.4023741186 0.0417628773 0.9887455106 -0.1436600983 -0.4117682576 -0.1139739528 -0.9041332006
333.9 187.1 2818.5 0 0 0 0 0 0 0 0 0
81.8 -416.6 2994.4 0 0 0 0 0 0 0 0 0
-120.7 -955.0 2672.5 0 0 0 0 0 0 0 0 0
-61.3 -1018.1 2894.5 0 0 0 0 0 0 0 0 0
10.9 327.6 2952.6 08 0.0372801349 0.0350412168 -0.9986903071 -0.2901476324 0.9567117691 0.0227373820 0.9562554955 0.2889199555 0.0458334684
4.1 140.6 2896.1 0.0372801349 0.0350412168 -0.9986903071 -0.2901476324 0.9567117691 0.0227373820 0.9562554955 0.2889199555 0.0458334684
-3.7 -46.3 2844.3 0.0381317772 0.0401558541 -0.9984655380 -0.2684073150 0.9628846049 0.0284742974 0.9625505209 0.2669096887 0.0474946238
-1.1 177.2 2765.0 -0.6471109986 0.0809516981 -0.7580858469 0.6076049805 0.6553672552 -0.4486758113 0.4605035484 -0.7509598136 -0.4732820094
166.2 20.1 2645.9 -0.5627433658 0.0809516981 0.8226583004 -0.5918062329 0.6553672552 -0.4693177342 -0.5771353841 -0.7509598136 -0.3208958507
9.2 104.0 3027.3 0.0864909589 0.7033634782 -0.7055488229 -0.9961614609 0.0706394613 -0.0516955592 0.0134788174 0.7073116899 0.7067732811
31.5 -152.6 3030.8 0.1741329581 0.7064480186 -0.6860094070 -0.9796800017 0.0538762510 -0.1931953132 -0.0995228216 0.7057114244 0.7014746070
-17.4 -214.7 2701.3 -0.9640459418 0.1915449649 0.1841899604 0.1644794494 0.9745133519 -0.1525456756 -0.2087149322 -0.1167655736 -0.9709808826
-91.7 -592.7 2746.6 -0.9684884548 0.0765277818 0.2370097041 0.1205025092 0.9768046737 0.1770079434 -0.2179661542 0.1999904215 -0.9552458525
-6.5 -264.5 2872.2 -0.8968852162 0.0426507406 0.4402020574 0.0464374721 0.9989188313 -0.0021706985 -0.4398187101 0.0184950028 -0.8978961110
-23.0 -651.6 2865.0 -0.8947470784 0.1058116779 0.4338565469 0.0686003938 0.9925594926 -0.1005963460 -0.4412727058 -0.0602455549 -0.8953484893
326.5 188.6 2810.2 0 0 0 0 0 0 0 0 0
76.9 -408.1 3004.8 0 0 0 0 0 0 0 0 0
-120.2 -955.5 2672.3 0 0 0 0 0 0 0 0 0
-62.4 -1021.5 2887.5 0 0 0 0 0 0 0 0 0
14.4 332.3 2954.8 09 0.0800914243 0.0438196026 -0.9958238602 -0.2934617102 0.9557926655 0.0184557606 0.9526098967 0.2907580435 0.0894101709
5.8 145.2 2897.9 0.0800914243 0.0438196026 -0.9958238602 -0.2934617102 0.9557926655 0.0184557606 0.9526098967 0.2907580435 0.0894101709
-1.6 -41.6 2845.7 0.0810450464 0.0383774750 -0.9959713221 -0.2712073326 0.9624038339 0.0150151076 0.9591028690 0.2688978314 0.0884063169
-5.2 182.2 2767.1 -0.6362263560 0.0728748590 -0.7680528760 0.6146151423 0.6496181488 -0.4474868178 0.4663305581 -0.7567598820 -0.4580942094
163.1 19.6 2643.8 -0.5825278759 0.0728748590 0.8095372319 -0.5881716013 0.6496181488 -0.4817161262 -0.5609951019 -0.7567598820 -0.3355577588
16.9 108.2 3028.6 0.1000404954 0.7307466865 -0.6752786040 -0.9949653745 0.0775539875 -0.0634767711 0.0059851077 0.6782290936 0.7348261476
42.6 -148.1 3030.2 0.1827732176 0.7339866757 -0.6541082263 -0.9769274592 0.0608212762 -0.2047278583 -0.1104838178 0.6764350533 0.7281682491
-14.9 -209.2 2706.5 -0.9683386683 0.2008029819 0.1483183801 0.1811439097 0.9740047455 -0.1360209137 -0.1717762053 -0.1048473418 -0.9795407057
-92.8 -587.2 2747.2 -0.9761038423 0.0703427866 0.2056044042 0.1100203171 0.9759031534 0.1884371340 -0.1873947978 0.2065548748 -0.9603219628
-8.1 -257.2 2878.5 -0.9140762687 0.0449769609 0.4030405283 0.0519728884 0.9986277819 0.0064309663 -0.4021982253 0.0268255752 -0.9151595235
-25.5 -644.5 2868.1 -0.9124999642 0.0939683989 0.3981378078 0.0703116357 0.9948028922 -0.0736445114 -0.4029888809 -0.0392068960 -0.9143646955
328.5 186.6 2803.1 0 0 0 0 0 0 0 0 0
90.3 -402.9 3001.3 0 0 0 0 0 0 0 0 0
-119.6 -959.3 2668.4 0 0 0 0 0 0 0 0 0
-60.6 -1015.5 2882.7 0 0 0 0 0 0 0 0 0
14.3 330.8 2943.4 10 0.0907101780 0.0478692651 -0.9947261810 -0.2605749369 0.9651870728 0.0226856377 0.9611827731 0.2571428716 0.1000258252
5.0 142.3 2893.2 0.0907101780 0.0478692651 -0.9947261810 -0.2605749369 0.9651870728 0.0226856377 0.9611827731 0.2571428716 0.1000258252
-3.3 -45.9 2846.6 0.0915295929 0.0427959077 -0.9948823452 -0.2430868596 0.9698114395 0.0193533655 0.9656764865 0.2400714010 0.0991695672
-7.5 175.4 2761.4 -0.6492026448 0.0673952103 -0.7576237917 0.6015487909 0.6550692916 -0.4571906328 0.4654836357 -0.7525570393 -0.4658142030
161.9 18.4 2639.9 -0.5865855217 0.0673952103 0.8070782423 -0.5841287374 0.6550692916 -0.4792472124 -0.5609911084 -0.7525570393 -0.3448866904
17.5 109.1 3024.9 0.0990158021 0.7384557724 -0.6669924855 -0.9944919348 0.0965914056 -0.0406930111 0.0343757533 0.6673478484 0.7439523935
43.0 -147.0 3033.7 0.1805478781 0.7416560054 -0.6460254192 -0.9800069928 0.0798224807 -0.1822488010 -0.0835985765 0.6660140753 0.7412398458
-16.3 -204.2 2707.7 -0.9708420038 0.1904237270 0.1456180066 0.1733643264 0.9772565961 -0.1221241578 -0.1655614972 -0.0933182985 -0.9817744493
-90.2 -583.4 2743.9 -0.9777106047 0.0723760948 0.1970878690 0.1094171777 0.9768008590 0.1840869784 -0.1791920960 0.2015485913 -0.9629477262
-1.8 -252.7 2879.2 -0.9162090421 0.0725224018 0.3940830827 0.0801600739 0.9967777133 0.0029300197 -0.3926007450 0.0342742391 -0.9190701246
-30.0 -639.3 2865.9 -0.9186532497 0.0740415752 0.3880644441 0.0521727018 0.9964143634 -0.0666061193 -0.3916046321 -0.0409415588 -0.9192222953
329.1 184.8 2799.7 0 0 0 0 0 0 0 0 0
90.0 -402.6 3011.9 0 0 0 0 0 0 0 0 0
-118.2 -961.1 2666.0 0 0 0 0 0 0 0 0 0
-57.6 -1011.0 2881.2 0 0 0 0 0 0 0 0 0
11.9 335.1 2937.7 11 0.0653988868 0.0301098879 -0.9974048138 -0.2479019761 0.9686980247 0.0129885850 0.9665752053 0.2464091927 0.0708160698
6.0 146.0 2889.6 0.0653988868 0.0301098879 -0.9974048138 -0.2479019761 0.9686980247 0.0129885850 0.9665752053 0.2464091927 0.0708160698
-0.8 -43.0 2846.0 0.0661217272 0.0351863094 -0.9971909523 -0.2263976336 0.9738427401 0.0193504840 0.9717880487 0.2244821936 0.0723582581
-3.0 176.9 2757.0 -0.6323344707 0.0806291327 -0.7704882026 0.6219736338 0.6457653642 -0.4428723156 0.4618461728 -0.7592667937 -0.4584889114
158.4 18.2 2639.1 -0.5970267057 0.0806291327 0.7981591821 -0.5786921382 0.6457653642 -0.4980988503 -0.5555848479 -0.7592667937 -0.3388797045
15.1 115.1 3022.2 0.0990212038 0.7203382850 -0.6865184307 -0.9936099648 0.1091293991 -0.0288096778 0.0541666336 0.6849843264 0.7265414000
40.6 -140.8 3036.1 0.1836819649 0.7235890031 -0.6653419137 -0.9810373187 0.0923471376 -0.1704048514 -0.0618606694 0.6840255260 0.7268303633
-19.8 -212.3 2713.6 -0.9667809606 0.1810471416 0.1804342568 0.1663927734 0.9816248417 -0.0934135467 -0.1940310150 -0.0602874830 -0.9791411757
-90.0 -593.2 2737.0 -0.9717231989 0.0821332484 0.2213779092 0.1204602495 0.9788075089 0.1656053960 -0.2030846626 0.1875898391 -0.9610237479
-3.4 -255.8 2886.4 -0.9046909213 0.0663261786 0.4208742678 0.0843318254 0.9961415529 0.0242922325 -0.4176391363 0.0574700572 -0.9067936540
-29.1 -642.3 2864.1 -0.9079548717 0.0793001726 0.4114965498 0.0501308292 0.9954347014 -0.0812196657 -0.4160586894 -0.0531151257 -0.9077851772
329.2 183.7 2798.1 0 0 0 0 0 0 0 0 0
88.5 -396.6 3020.0 0 0 0 0 0 0 0 0 0
-120.7 -958.9 2666.9 0 0 0 0 0 0 0 0 0
-58.7 -1013.7 2883.9 0 0 0 0 0 0 0 0 0
16.0 341.3 2945.3 12 0.0619863085 0.0496188104 -0.9968428612 -0.2775795162 0.9602172971 0.0305351149 0.9587008357 0.2748103738 0.0732934922
6.2 153.5 2891.6 0.0619863085 0.0496188104 -0.9968428612 -0.2775795162 0.9602172971 0.0305351149 0.9587008357 0.2748103738 0.0732934922
-2.8 -34.8 2845.6 0.0638685971 0.0464411080 -0.9968771338 -0.2397496104 0.9703758955 0.0298460666 0.9687315822 0.2370946705 0.0731107891
-2.5 186.2 2759.3 -0.6088866591 0.0892468393 -0.7882208228 0.6442697048 0.6353369951 -0.4257504940 0.4627889693 -0.7670605779 -0.4443472624
155.8 18.8 2639.0 -0.6051061153 0.0892468393 0.7911267877 -0.5771283507 0.6353369951 -0.5130981803 -0.5484244823 -0.7670605779 -0.3329394162
15.0 120.7 3023.8 0.0877327248 0.7217791677 -0.6865404844 -0.9952887893 0.0920673311 -0.0303945914 0.0412697643 0.6859726310 0.7264560461
37.6 -135.6 3034.5 0.1725232601 0.7248419523 -0.6669631600 -0.9821697474 0.0752479807 -0.1722797304 -0.0746879429 0.6847933531 0.7248998880
-13.6 -211.7 2715.5 -0.9624084830 0.2082595527 0.1743499190 0.1920349896 0.9757069349 -0.1054442152 -0.1920741946 -0.0679991171 -0.9790217876
-94.4 -590.2 2741.9 -0.9714589119 0.0702180937 0.2265767306 0.1121071279 0.9776832461 0.1776723415 -0.2090444565 0.1980022490 -0.9576510191
-1.7 -252.2 2889.4 -0.9041749835 0.0689100474 0.4215673804 0.0952242985 0.9945837259 0.0416602716 -0.4164132178 0.0778116286 -0.9058396220
-28.5 -638.1 2859.2 -0.9095195532 0.0804658458 0.4077982903 0.0441295728 0.9942314625 -0.0977565721 -0.4133119881 -0.0709155500 -0.9078238606
329.7 184.6 2796.6 0 0 0 0 0 0 0 0 0
82.5 -391.8 3015.0 0 0 0 0 0 0 0 0 0
-120.6 -956.0 2667.8 0 0 0 0 0 0 0 0 0
-58.5 -1009.1 2885.7 0 0 0 0 0 0 0 0 0
20.1 349.2 2940.1 13 0.0290974379 0.0679054558 -0.9972673655 -0.2553474605 0.9650921822 0.0582642816 0.9664114118 0.2529543638 0.0454211980
6.8 160.1 2890.6 0.0290974379 0.0679054558 -0.9972673655 -0.2553474605 0.9650921822 0.0582642816 0.9664114118 0.2529543638 0.0454211980
-4.0 -28.3 2845.1 0.0303310789 0.0553902872 -0.9980039597 -0.2359794676 0.9706352949 0.0466994680 0.9712845683 0.2340919971 0.0425113849
2.6 192.3 2758.0 -0.6044803858 0.1186697334 -0.7877315283 0.6564888358 0.6343418360 -0.4082068801 0.4512492716 -0.7638900280 -0.4613525271
161.3 20.0 2639.6 -0.5918012261 0.1186697334 0.7973009348 -0.5725642443 0.6343418360 -0.5194041133 -0.5673989058 -0.7638900280 -0.3074582219
10.9 127.9 3023.2 0.0697586760 0.7020067573 -0.7087455392 -0.9964024425 0.0833075568 -0.0155560011 0.0481234454 0.7072809935 0.7052927017
28.9 -128.7 3035.6 0.1582050025 0.7048234940 -0.6915164590 -0.9852497578 0.0664210990 -0.1577059925 -0.0652236044 0.7062662840 0.7049353123
-17.5 -201.7 2712.8 -0.9604895115 0.1939904243 0.1995686591 0.1712217778 0.9771687984 -0.1257946640 -0.2194152325 -0.0866539553 -0.9717757106
-92.8 -580.8 2746.5 -0.9659286737 0.0708835572 0.2489122450 0.1170263439 0.9774486423 0.1757811010 -0.2308389395 0.1989212930 -0.9524409175
-6.1 -244.6 2886.3 -0.8912169933 0.0584619753 0.4497937560 0.0820214599 0.9960823655 0.0330506414 -0.4460994303 0.0663480312 -0.8925207257
-28.8 -631.2 2860.5 -0.8948494792 0.0726375505 0.4404182434 0.0421162024 0.9960084558 -0.0786978230 -0.4443767071 -0.0518739633 -0.8943368793
331.6 184.8 2802.9 0 0 0 0 0 0 0 0 0
70.1 -385.7 3018.6 0 0 0 0 0 0 0 0 0
-120.1 -957.0 2669.9 0 0 0 0 0 0 0 0 0
-55.9 -1002.8 2879.9 0 0 0 0 0 0 0 0 0
18.1 368.6 2948.6 14 -0.0101933042 0.0514774956 -0.9986221194 -0.2591014206 0.9644298553 0.0523596779 0.9657963514 0.2592781484 0.0035071657
7.8 174.5 2896.4 -0.0101933042 0.0514774956 -0.9986221194 -0.2591014206 0.9644298553 0.0523596779 0.9657963514 0.2592781484 0.0035071657
-1.1 -13.8 2850.0 -0.0091795968 0.0460577346 -0.9988965988 -0.2389976084 0.9698860645 0.0469164252 0.9709767699 0.2391645759 0.0021045255
9.0 207.1 2763.9 -0.5611969829 0.1257464141 -0.8180744648 0.6919739842 0.6135831475 -0.3803783953 0.4541254640 -0.7795534730 -0.4313542545
161.2 19.4 2640.7 -0.5945178866 0.1257464141 0.7941890955 -0.5824521184 0.6135831475 -0.5331653357 -0.5543446541 -0.7795534730 -0.2915448844
6.5 141.8 3028.9 0.0675962269 0.6727231145 -0.7368001342 -0.9965609312 0.0810001940 -0.0174715687 0.0479274280 0.7354472280 0.6758848429
23.9 -114.9 3041.2 0.1605241895 0.6755729914 -0.7196062207 -0.9851055145 0.0641289055 -0.1595449150 -0.0616366789 0.7344988585 0.6758049726
-17.5 -195.5 2712.7 -0.9541088939 0.1835894585 0.2365821749 0.1550052911 0.9787310362 -0.1343836486 -0.2562217414 -0.0915451422 -0.9622732997
-88.7 -575.4 2748.3 -0.9563770294 0.0790278763 0.2812429368 0.1306888014 0.9767482877 0.1699506491 -0.2612727284 0.1992921978 -0.9444676638
-12.0 -237.8 2886.6 -0.8730913997 0.0269065332 0.4868135452 0.0659586340 0.9958152771 0.0632562190 -0.4830743670 0.0873380154 -0.8712124825
-22.5 -624.0 2852.7 -0.8758475184 0.1018687114 0.4717137814 0.0417421423 0.9897951484 -0.1362466216 -0.4807792604 -0.0996409133 -0.8711618781
331.4 186.1 2799.4 0 0 0 0 0 0 0 0 0
65.8 -371.9 3025.1 0 0 0 0 0 0 0 0 0
-119.6 -957.0 2670.4 0 0 0 0 0 0 0 0 0
-60.4 -992.9 2889.9 0 0 0 0 0 0 0 0 0
17.0 379.1 2951.8 15 -0.0058964132 0.0481263250 -0.9988238811 -0.2541528642 0.9659700394 0.0480436832 0.9671460986 0.2541372180 0.0065356842
7.2 181.8 2899.9 -0.0058964132 0.0481263250 -0.9988238811 -0.2541528642 0.9659700394 0.0480436832 0.9671460986 0.2541372180 0.0065356842
-1.5 -6.8 2854.8 -0.0048419121 0.0450085737 -0.9989748597 -0.2322147936 0.9716275334 0.0449019633 0.9726524949 0.2321941555 0.0057471213
7.9 213.5 2767.1 -0.5495302081 0.1251350045 -0.8260495067 0.6971692443 0.6135348082 -0.3708505034 0.4604037404 -0.7796898484 -0.4243961573
160.7 19.7 2639.1 -0.5955107212 0.1251350045 0.7935415506 -0.5821112990 0.6135348082 -0.5335929990 -0.5536365509 -0.7796898484 -0.2925240397
6.6 150.1 3032.7 0.0698868781 0.6754553914 -0.7340816259 -0.9960532188 0.0876132324 -0.0142112542 0.0547161959 0.7321775556 0.6789125204
24.6 -106.5 3046.8 0.1624065042 0.6783394814 -0.7165749669 -0.9851700664 0.0707332268 -0.1563226432 -0.0553541593 0.7313359976 0.6797673106
-9.2 -180.6 2716.7 -0.9510584474 0.1988306344 0.2365463376 0.1737818867 0.9771206379 -0.1226177514 -0.2555144727 -0.0755091831 -0.9638520479
-86.4 -559.8 2746.0 -0.9555720091 0.0836026520 0.2826529443 0.1315304488 0.9791083932 0.1550692022 -0.2637836933 0.1853572577 -0.9466049075
-10.9 -223.4 2890.5 -0.8751394153 0.0086466512 0.4837935865 0.0603534952 0.9939827919 0.0914090350 -0.4800921082 0.1091942787 -0.8703954220
-14.2 -609.0 2848.1 -0.8758997321 0.1233039647 0.4664716721 0.0544036403 0.9858680964 -0.1584433168 -0.4794162512 -0.1134026945 -0.8702297807
331.0 186.2 2797.4 0 0 0 0 0 0 0 0 0
66.9 -363.5 3032.3 0 0 0 0 0 0 0 0 0
-120.4 -958.3 2670.6 0 0 0 0 0 0 0 0 0
-60.2 -976.6 2890.4 0 0 0 0 0 0 0 0 0
11.2 352.2 2952.9 16 -0.0579956025 0.0362344980 -0.9976590276 -0.2691559494 0.9617676735 0.0505774282 0.9613488317 0.2714591324 -0.0460255630
3.9 160.0 2898.6 -0.0579956025 0.0362344980 -0.9976590276 -0.2691559494 0.9617676735 0.0505774282 0.9613488317 0.2714591324 -0.0460255630
-4.6 -27.8 2850.4 -0.0570200756 0.0440395027 -0.9974012375 -0.2457084805 0.9676797390 0.0567739941 0.9676652551 0.2483071983 -0.0443562940
11.7 193.5 2766.6 -0.5708569288 0.0826183781 -0.8168821931 0.6682739258 0.6247733235 -0.4038171470 0.4770034850 -0.7764229178 -0.4118678868
160.1 19.7 2642.6 -0.6010167003 0.0826183781 0.7949547768 -0.5902267098 0.6247733235 -0.5111660361 -0.5388982296 -0.7764229178 -0.3267356455
-3.9 126.5 3030.6 0.0560975373 0.6382054090 -0.7678196430 -0.9974824190 0.0692381933 -0.0153266732 0.0433808751 0.7667463422 0.6404827237
10.6 -130.5 3041.8 0.1541209221 0.6409391165 -0.7519599795 -0.9861316085 0.0523557141 -0.1574906707 -0.0615725406 0.7658041120 0.6401194334
-9.8 -174.6 2722.7 -0.9398588538 0.1911391616 0.2830744684 0.1641865820 0.9795507789 -0.1162885353 -0.2995131016 -0.0628177822 -0.9520219564
-84.0 -554.8 2747.0 -0.9420952201 0.0875925645 0.3237037659 0.1419596076 0.9786968827 0.1483235955 -0.3038158119 0.1856878102 -0.9344602823
-11.6 -219.2 2895.5 -0.8488844037 0.0024110554 0.5285730362 0.0673510358 0.9923320413 0.1036388054 -0.5242700577 0.1235773116 -0.8425375819
-12.5 -601.1 2847.9 -0.8503863215 0.1295524389 0.5099601150 0.0563282967 0.9860589504 -0.1565721035 -0.5231350660 -0.1044215858 -0.8458285332
331.4 187.9 2796.1 0 0 0 0 0 0 0 0 0
50.8 -387.7 3025.7 0 0 0 0 0 0 0 0 0
-120.0 -957.3 2670.7 0 0 0 0 0 0 0 0 0
-60.9 -969.0 2886.9 0 0 0 0 0 0 0 0 0
8.1 339.9 2953.4 17 0.0090521658 0.0319480971 -0.9994485378 -0.2717674375 0.9619471431 0.0282878969 0.9623203874 0.2713615000 0.0173901580
1.7 149.5 2899.7 0.0090521658 0.0319480971 -0.9994485378 -0.2717674375 0.9619471431 0.0282878969 0.9623203874 0.2713615000 0.0173901580
-5.7 -38.3 2851.1 0.0098082386 0.0384801812 -0.9992112517 -0.2510557771 0.9673472643 0.0347887240 0.9679229259 0.2505165339 0.0191486441
0.4 183.6 2767.9 -0.6079478860 0.0640246198 -0.7913913131 0.6273127794 0.6497283578 -0.4293386638 0.4867011309 -0.7574654222 -0.4351644516
160.5 18.5 2639.7 -0.6050545573 0.0640246198 0.7936056256 -0.5783300400 0.6497283578 -0.4933430851 -0.5472141504 -0.7574654222 -0.3560937345
3.1 115.3 3031.5 0.0801474378 0.6838939190 -0.7251658440 -0.9962183237 0.0794425979 -0.0351837277 0.0335471183 0.7252433896 0.6876748204
23.7 -141.3 3040.2 0.1709266454 0.6869238615 -0.7063424587 -0.9822535515 0.0626195222 -0.1767958999 -0.0772144869 0.7240265012 0.6854367256
-7.9 -193.6 2715.7 -0.9549050331 0.1959359944 0.2230817527 0.1739535183 0.9780802727 -0.1144514978 -0.2406170219 -0.0704844519 -0.9680575132
