0.9 326.5 2886.4 84 0.1098314598 0.0279786643 -0.9935563803 -0.1981023103 0.9801647663 0.0057025803 0.9740085006 0.1961994916 0.1131955609
-4.6 134.6 2848.0 0.1098314598 0.0279786643 -0.9935563803 -0.1981023103 0.9801647663 0.0057025803 0.9740085006 0.1961994916 0.1131955609
-11.3 -56.7 2815.6 0.1107207984 0.0343337394 -0.9932582974 -0.1700502336 0.9853196740 0.0151034342 0.9791954756 0.1672315449 0.1149338409
-19.7 157.8 2714.4 -0.6352192760 0.0882347375 -0.7672750950 0.6362592578 0.6229306459 -0.4551171064 0.4378020465 -0.7772850394 -0.4518377483
129.4 8.4 2611.6 -0.5747393370 0.0882347375 0.8135658503 -0.6054965258 0.6229306459 -0.4953093529 -0.5504986048 -0.7772850394 -0.3045969307
10.5 111.4 2981.6 0.1121462435 0.7481922507 -0.6539354324 -0.9880542159 0.1539607644 0.0067065954 0.1056982130 0.6453714967 0.7565206289
39.4 -143.2 3008.9 0.1914903224 0.7515850067 -0.6312301159 -0.9813883305 0.1371590793 -0.1344036907 -0.0144368522 0.6452188492 0.7638613582
-28.6 -231.1 2697.7 -0.9690315723 0.1944462061 0.1522118002 0.1756003201 0.9759904146 -0.1288689524 -0.1736153364 -0.0981496423 -0.9799103737
-104.1 -609.9 2735.8 -0.9781712890 0.0449685454 0.2028763294 0.0794784203 0.9830335975 0.1653121263 -0.1920004040 0.1778278649 -0.9651492834
-0.3 -260.9 2872.1 -0.9146853685 0.0624437593 0.3993137181 0.0887245387 0.9949156046 0.0476536676 -0.3943077624 0.0790170357 -0.9155750871
-24.5 -646.5 2841.4 -0.9191891551 0.1154207066 0.3765227795 0.0549681373 0.9843301773 -0.1675488800 -0.3899613321 -0.1333123595 -0.9111300707
290.9 178.5 2766.3 0 0 0 0 0 0 0 0 0
89.3 -399.1 3005.1 0 0 0 0 0 0 0 0 0
-119.6 -949.7 2674.3 0 0 0 0 0 0 0 0 0
-67.5 -1013.1 2891.1 0 0 0 0 0 0 0 0 0
2.7 317.4 2885.7 85 0.1251723915 0.0315645076 -0.9916327596 -0.2012517601 0.9795225263 0.0057753036 0.9715089202 0.1988449395 0.1289615929
-3.4 126.3 2846.9 0.1251723915 0.0315645076 -0.9916327596 -0.2012517601 0.9795225263 0.0057753036 0.9715089202 0.1988449395 0.1289615929
-8.3 -65.0 2814.5 0.1261054873 0.0252944753 -0.9916943312 -0.1690027267 0.9856088161 0.0036485919 0.9775149822 0.1671389341 0.1285655051
-20.6 149.4 2713.5 -0.6692020893 0.0896350369 -0.7376544476 0.6066844463 0.6391128302 -0.4727248251 0.4290717542 -0.7638719082 -0.4820758402
134.3 8.9 2614.1 -0.5581921935 0.0896350369 0.8248557448 -0.6029514670 0.6391128302 -0.4774770439 -0.5699746013 -0.7638719082 -0.3027022183
13.8 103.3 2980.4 0.1249964610 0.7551517487 -0.6435229182 -0.9867077470 0.1625019461 -0.0009655272 0.1038446054 0.6350896955 0.7654262781
46.0 -150.9 3007.1 0.2026334107 0.7587394714 -0.6190751791 -0.9790995717 0.1457273364 -0.1418716311 -0.0174274351 0.6348841786 0.7724107504
-27.8 -232.7 2695.5 -0.9704780579 0.1960414797 0.1404993087 0.1789700538 0.9758316875 -0.1253883690 -0.1616850048 -0.0965414867 -0.9821088314
-103.9 -611.5 2733.0 -0.9804946184 0.0481317081 0.1905615330 0.0790317133 0.9842653275 0.1580371410 -0.1799565107 0.1700149626 -0.9688707590
-8.0 -263.1 2870.7 -0.9213325381 0.0494853854 0.3856132925 0.0712565482 0.9965580106 0.0423634835 -0.3821896315 0.0665083304 -0.9216874242
-27.2 -649.7 2844.9 -0.9237607121 0.1017464325 0.3692070544 0.0498109758 0.9877936244 -0.1475894153 -0.3797170520 -0.1179467440 -0.9175530076
291.6 178.9 2774.8 0 0 0 0 0 0 0 0 0
98.8 -406.3 3002.6 0 0 0 0 0 0 0 0 0
-120.7 -955.2 2673.6 0 0 0 0 0 0 0 0 0
-65.1 -1017.9 2888.9 0 0 0 0 0 0 0 0 0
7.6 323.5 2897.3 86 0.1661801934 0.0515886657 -0.9847450256 -0.2318471670 0.9726802707 0.0118313581 0.9584524035 0.2263442129 0.1736008823
-2.5 133.0 2853.0 0.1661801934 0.0515886657 -0.9847450256 -0.2318471670 0.9726802707 0.0118313581 0.9584524035 0.2263442129 0.1736008823
-7.9 -57.3 2815.5 0.1676650643 0.0272615943 -0.9854670167 -0.1950605065 0.9807724953 -0.0060554128 0.9663538933 0.1932409704 0.1697589457
-25.4 159.6 2721.2 -0.6784620881 0.1096557751 -0.7264053822 0.6031609178 0.6476303339 -0.4655876458 0.4193878174 -0.7540228963 -0.5055327415
142.1 10.7 2617.7 -0.5389418006 0.1096557751 0.8351750374 -0.5986659527 0.6476303339 -0.4713533521 -0.5925713181 -0.7540228963 -0.2833878994
20.4 106.4 2984.8 0.1336569488 0.7802416086 -0.6110309958 -0.9884748459 0.1491841227 -0.0257218983 0.0710868239 0.6074266434 0.7911886573
54.8 -148.2 3003.1 0.2061341852 0.7838864326 -0.5856882930 -0.9770874381 0.1324716508 -0.1665875912 -0.0529986694 0.6066080332 0.7932325006
-24.5 -241.2 2694.5 -0.9735162258 0.2097021192 0.0910562277 0.1958031058 0.9703940153 -0.1414091885 -0.1180142313 -0.1198350489 -0.9857546091
-105.9 -617.8 2741.0 -0.9868408442 0.0427169241 0.1559501588 0.0726014525 0.9788433313 0.1912976950 -0.1444791257 0.2001025826 -0.9690638781
-1.9 -271.4 2869.5 -0.9359335303 0.0780273676 0.3434241116 0.0903702378 0.9957062602 0.0200574063 -0.3403845131 0.0498077199 -0.9389662147
-32.2 -657.6 2850.2 -0.9411403537 0.0795091316 0.3285317421 0.0404259674 0.9914415479 -0.1241345853 -0.3355898559 -0.1035468578 -0.9362999201
294.4 179.9 2785.1 0 0 0 0 0 0 0 0 0
108.5 -402.9 2989.3 0 0 0 0 0 0 0 0 0
-120.6 -953.5 2672.4 0 0 0 0 0 0 0 0 0
-61.9 -1027.3 2888.8 0 0 0 0 0 0 0 0 0
10.9 330.7 2904.2 87 0.1669251770 0.0775823370 -0.9829124808 -0.2488628030 0.9679369926 0.0341366529 0.9540457726 0.2389120907 0.1808804125
-4.2 141.6 2857.5 0.1669251770 0.0775823370 -0.9829124808 -0.2488628030 0.9679369926 0.0341366529 0.9540457726 0.2389120907 0.1808804125
-12.5 -47.5 2814.7 0.1684199572 0.0420776531 -0.9848168492 -0.2245987654 0.9744459987 0.0032244413 0.9597864747 0.2206455767 0.1735667437
-27.2 172.2 2726.5 -0.6700899005 0.1423563957 -0.7285013199 0.6176689863 0.6512325406 -0.4408868253 0.4116607010 -0.7454065084 -0.5243135095
145.4 13.2 2620.5 -0.5318467021 0.1423563957 0.8347896338 -0.5848028660 0.6512325406 -0.4836339653 -0.6124905348 -0.7454065084 -0.2631054819
18.7 110.9 2988.5 0.1199924946 0.7845109701 -0.6083948612 -0.9918501377 0.1211750284 -0.0393682420 0.0428374484 0.6081604362 0.7926574349
49.6 -144.4 2999.5 0.1922386587 0.7879161835 -0.5850062966 -0.9779779315 0.1044539362 -0.1806890368 -0.0812616050 0.6068586707 0.7906447649
-28.3 -230.2 2691.6 -0.9758827686 0.2033505887 0.0793813914 0.1908360273 0.9712861180 -0.1420737058 -0.1059928164 -0.1234984398 -0.9866679311
-107.2 -607.2 2739.5 -0.9891041517 0.0388202295 0.1420067698 0.0652114674 0.9803425074 0.1862151325 -0.1319863647 0.1934466362 -0.9721923470
1.7 -265.1 2864.4 -0.9378401041 0.0828055590 0.3370447755 0.0900381282 0.9959211349 0.0058554830 -0.3351851106 0.0358383842 -0.9414704442
-30.4 -651.5 2850.5 -0.9426237345 0.0810135379 0.3238785565 0.0439924486 0.9917931557 -0.1200460568 -0.3309458792 -0.0989100486 -0.9384517074
296.6 179.4 2794.7 0 0 0 0 0 0 0 0 0
99.7 -399.4 2978.3 0 0 0 0 0 0 0 0 0
-121.1 -956.9 2670.5 0 0 0 0 0 0 0 0 0
-60.7 -1021.6 2887.4 0 0 0 0 0 0 0 0 0
11.7 332.9 2906.1 88 0.0909634680 0.0796296522 -0.9926654696 -0.2663858533 0.9624195695 0.0527929626 0.9595646262 0.2596298158 0.1087572426
-3.8 145.3 2855.4 0.0909634680 0.0796296522 -0.9926654696 -0.2663858533 0.9624195695 0.0527929626 0.9595646262 0.2596298158 0.1087572426
-12.5 -42.9 2809.0 0.0924930274 0.0453642495 -0.9946793914 -0.2427406013 0.9698494077 0.0216599219 0.9656717777 0.2394456863 0.1007160544
-16.3 178.3 2724.0 -0.6455550790 0.1768028289 -0.7429665923 0.6453669071 0.6464704871 -0.4069120884 0.4083627760 -0.7421702743 -0.5314350128
145.8 16.2 2621.4 -0.5329386592 0.1768028289 0.8274763823 -0.5710657239 0.6464704871 -0.5059247613 -0.6243879795 -0.7421702743 -0.2435631007
8.8 112.3 2986.9 0.0968946218 0.7397546172 -0.6658637524 -0.9947090745 0.0949200913 -0.0392939001 0.0341360010 0.6661480665 0.7450379133
33.7 -143.9 2995.7 0.1781257838 0.7429081798 -0.6452585459 -0.9804357886 0.0781712532 -0.1806513518 -0.0837666988 0.6648132801 0.7422981262
-35.7 -216.4 2686.0 -0.9745228291 0.1740600467 0.1414510459 0.1500585377 0.9747114778 -0.1655898243 -0.1666965187 -0.1401451230 -0.9759977460
-103.3 -594.6 2740.4 -0.9803722501 0.0479317270 0.1912403107 0.0807334557 0.9825419784 0.1676106006 -0.1798677742 0.1797602624 -0.9671266079
-5.6 -256.6 2857.8 -0.9131533504 0.0554711521 0.4038241506 0.0557026938 0.9983847737 -0.0111842062 -0.4037922919 0.0122811990 -0.9147682786
-27.1 -643.8 2853.0 -0.9122954607 0.1017645150 0.3966875374 0.0644124150 0.9922339320 -0.1064088270 -0.4044354856 -0.0715246871 -0.9117653966
297.9 179.2 2799.6 0 0 0 0 0 0 0 0 0
80.2 -399.5 2973.8 0 0 0 0 0 0 0 0 0
-120.9 -956.2 2674.2 0 0 0 0 0 0 0 0 0
-65.1 -1013.9 2879.7 0 0 0 0 0 0 0 0 0
4.3 324.0 2906.5 89 0.0694582909 0.0464182012 -0.9965043664 -0.2723432183 0.9618536234 0.0258212853 0.9596899152 0.2695977092 0.0794503912
-4.7 137.9 2854.4 0.0694582909 0.0464182012 -0.9965043664 -0.2723432183 0.9618536234 0.0258212853 0.9596899152 0.2695977092 0.0794503912
-10.8 -49.8 2805.7 0.0702658445 0.0319251046 -0.9970173240 -0.2524554431 0.9675186276 0.0131884739 0.9650538564 0.2507757545 0.0760431811
-14.3 172.3 2722.8 -0.6558845639 0.1740295291 -0.7345264554 0.6377305388 0.6483672857 -0.4158360362 0.4038752019 -0.7411704063 -0.5362380743
146.4 16.1 2623.8 -0.5332000852 0.1740295291 0.8278957605 -0.5707336068 0.6483672857 -0.5038680434 -0.6244684458 -0.7411704063 -0.2463849932
4.9 103.5 2985.9 0.1036691144 0.7221341133 -0.6839408278 -0.9942573309 0.0935997292 -0.0518790781 0.0265530255 0.6853914261 0.7276905179
31.6 -152.6 2992.8 0.1877900809 0.7254541516 -0.6621564627 -0.9781461358 0.0768710971 -0.1931864917 -0.0892472565 0.6839642525 0.7240357995
-29.4 -209.4 2676.3 -0.9712944031 0.1753241420 0.1607751250 0.1440314353 0.9713379145 -0.1890968084 -0.1893202066 -0.1605120003 -0.9687072635
-97.4 -586.3 2738.6 -0.9752387404 0.0635641739 0.2118229717 0.0990772769 0.9818852544 0.1615087986 -0.1977196783 0.1784964800 -0.9638702869
-12.9 -252.7 2848.7 -0.9042980075 0.0432948880 0.4247006476 0.0293260347 0.9987940192 -0.0393764414 -0.4258932471 -0.0231532548 -0.9044771194
-29.7 -640.0 2857.7 -0.9023118019 0.0846132785 0.4226984978 0.0567293912 0.9953269362 -0.0781414583 -0.4273349941 -0.0465285294 -0.9028952718
298.7 179.1 2802.2 0 0 0 0 0 0 0 0 0
80.6 -407.7 2969.5 0 0 0 0 0 0 0 0 0
-121.6 -959.9 2670.7 0 0 0 0 0 0 0 0 0
-61.3 -1011.3 2875.0 0 0 0 0 0 0 0 0 0
0.2 322.1 2907.7 90 0.0829404071 0.0320481099 -0.9960390329 -0.2506043613 0.9680350423 0.0102791796 0.9645301104 0.2487591654 0.0883206204
-6.1 134.2 2859.4 0.0829404071 0.0320481099 -0.9960390329 -0.2506043613 0.9680350423 0.0102791796 0.9645301104 0.2487591654 0.0883206204
-10.1 -54.8 2816.0 0.0836373270 0.0212333873 -0.9962700009 -0.2251987159 0.9743110538 0.0018598429 0.9707164168 0.2242031693 0.0862705037
-17.4 164.9 2727.0 -0.6746822596 0.1474899799 -0.7232223749 0.6099553108 0.6631700993 -0.4337740541 0.4156421125 -0.7337929606 -0.5373913646
147.8 15.6 2625.2 -0.5303268433 0.1474899799 0.8348653316 -0.5732159019 0.6631700993 -0.4812784493 -0.6246414781 -0.7337929606 -0.2671532929
5.3 103.5 2991.9 0.1176402420 0.7277746201 -0.6756514907 -0.9916730523 0.1219923645 -0.0412604995 0.0523959771 0.6748792529 0.7360656857
35.6 -151.9 3005.4 0.2004359961 0.7313126922 -0.6519257426 -0.9775612354 0.1052745879 -0.1824591458 -0.0648034737 0.6738687158 0.7360036969
-23.2 -215.0 2670.8 -0.9688265324 0.1933787018 0.1548543721 0.1599453390 0.9655798078 -0.2051172256 -0.1891895533 -0.1739547700 -0.9664093852
-98.2 -589.7 2738.3 -0.9748008251 0.0579964221 0.2154061496 0.0952119380 0.9814108610 0.1666357070 -0.2017376423 0.1829458624 -0.9622020125
-10.6 -260.2 2843.3 -0.9077910185 0.0509827323 0.4163126647 0.0342980176 0.9982839227 -0.0474638715 -0.4180181026 -0.0288085770 -0.9079818130
-30.4 -647.5 2854.5 -0.9066842198 0.0881053284 0.4125059247 0.0477088988 0.9930872321 -0.1072454304 -0.4191032648 -0.0775575340 -0.9046199322
299.0 179.1 2803.4 0 0 0 0 0 0 0 0 0
87.9 -406.8 2988.5 0 0 0 0 0 0 0 0 0
-120.3 -962.4 2668.8 0 0 0 0 0 0 0 0 0
-63.3 -1017.9 2883.5 0 0 0 0 0 0 0 0 0
5.9 325.0 2908.4 91 0.0754728466 0.0590728708 -0.9953965545 -0.2524911761 0.9668434858 0.0382340029 0.9646512866 0.2484432161 0.0878858119
-5.6 137.0 2860.1 0.0754728466 0.0590728708 -0.9953965545 -0.2524911761 0.9668434858 0.0382340029 0.9646512866 0.2484432161 0.0878858119
-12.7 -52.0 2816.6 0.0767689645 0.0366043672 -0.9963767529 -0.2262002230 0.9739079475 0.0183506142 0.9710509777 0.2239718884 0.0830458254
-16.1 167.9 2727.5 -0.6968066692 0.1376899779 -0.7039189935 0.5913922787 0.6656039357 -0.4552215040 0.4058518112 -0.7334936261 -0.5452260375
156.2 21.6 2627.1 -0.5085065961 0.1376899779 0.8499779701 -0.5879978538 0.6656039357 -0.4595975578 -0.6290306449 -0.7334936261 -0.2575025558
4.9 106.1 2992.6 0.1009335890 0.7275089622 -0.6786332726 -0.9934697151 0.1101765558 -0.0296478849 0.0532003790 0.6771941185 0.7338786125
30.9 -149.8 3006.3 0.1843472272 0.7307773232 -0.6572522521 -0.9807886481 0.0933728516 -0.1712750345 -0.0637943968 0.6761996746 0.7339511514
-21.6 -223.7 2685.6 -0.9654420614 0.2025611997 0.1639835238 0.1758304983 0.9706879258 -0.1638552248 -0.1923675388 -0.1293594092 -0.9727594256
-100.2 -600.0 2735.8 -0.9736895561 0.0541144460 0.2213600427 0.0917949751 0.9822376966 0.1636544764 -0.2085721046 0.1796683967 -0.9613620043
-6.7 -264.0 2859.3 -0.9048240185 0.0572261699 0.4219225347 0.0638721362 0.9979567528 0.0016206746 -0.4209676981 0.0284155179 -0.9066304564
-28.8 -650.7 2848.3 -0.9077310562 0.0958453193 0.4084580243 0.0373022854 0.9881379008 -0.1489698887 -0.4178909361 -0.1199881807 -0.9005387425
302.0 190.2 2807.4 0 0 0 0 0 0 0 0 0
78.9 -405.5 2989.7 0 0 0 0 0 0 0 0 0
-120.1 -962.0 2669.6 0 0 0 0 0 0 0 0 0
-64.6 -1019.0 2893.0 0 0 0 0 0 0 0 0 0
7.5 323.5 2907.7 92 0.0564453118 0.0644533560 -0.9963231087 -0.2453900874 0.9681987762 0.0487317257 0.9677797556 0.2417371273 0.0704664961
-5.0 135.2 2860.7 0.0564453118 0.0644533560 -0.9963231087 -0.2453900874 0.9681987762 0.0487317257 0.9677797556 0.2417371273 0.0704664961
-13.8 -53.7 2817.2 0.0575433485 0.0455394648 -0.9973038435 -0.2260053009 0.9736192822 0.0314177051 0.9724249840 0.2235880643 0.0663174763
-12.9 166.1 2727.9 -0.7266252637 0.1344919354 -0.6737415195 0.5647763610 0.6753286719 -0.4742983282 0.3912076652 -0.7251504064 -0.5666686893
164.1 28.5 2632.6 -0.4867779613 0.1344919354 0.8631101251 -0.5923876166 0.6753286719 -0.4393268824 -0.6419689059 -0.7251504064 -0.2490637451
2.8 104.4 2993.4 0.0869844407 0.7174491286 -0.6911587715 -0.9946436286 0.1014323980 -0.0198882464 0.0558370873 0.6891866326 0.7224292159
25.3 -151.8 3007.8 0.1724994928 0.7205144763 -0.6716418266 -0.9831950068 0.0845774040 -0.1617847234 -0.0597625151 0.6882627010 0.7229958177
-26.6 -220.7 2686.2 -0.9643155336 0.1950837225 0.1789913923 0.1664891243 0.9724846482 -0.1629569381 -0.2058566362 -0.1273417771 -0.9702613354
-102.3 -598.0 2735.6 -0.9712075591 0.0513127223 0.2326433212 0.0906492099 0.9826695919 0.1616884768 -0.2203148454 0.1781219989 -0.9590275884
-12.9 -261.2 2860.0 -0.8985736966 0.0326873921 0.4376035333 0.0393721089 0.9992053509 0.0062095555 -0.4370528162 0.0228091162 -0.8991466165
-25.5 -648.6 2851.2 -0.8952051997 0.1273895204 0.4270591438 0.0684965551 0.9862188697 -0.1506008655 -0.4403587580 -0.1055665985 -0.8915939927
304.4 199.3 2817.6 0 0 0 0 0 0 0 0 0
70.2 -408.3 2992.2 0 0 0 0 0 0 0 0 0
-121.2 -960.1 2669.9 0 0 0 0 0 0 0 0 0
-73.0 -1016.3 2890.6 0 0 0 0 0 0 0 0 0
6.1 324.7 2908.3 93 0.0409001745 0.0537149720 -0.9977183342 -0.2436474264 0.9689463377 0.0421779379 0.9690011144 0.2413664162 0.0527175851
-4.4 136.8 2861.5 0.0409001745 0.0537149720 -0.9977183342 -0.2436474264 0.9689463377 0.0421779379 0.9690011144 0.2413664162 0.0527175851
-11.9 -52.4 2818.8 0.0419433117 0.0389615931 -0.9983600378 -0.2217706591 0.9746758342 0.0287202243 0.9741963744 0.2202023417 0.0495216660
-10.1 167.1 2728.4 -0.7195042372 0.1310505420 -0.6820113063 0.5731440783 0.6666331291 -0.4765565693 0.3921983242 -0.7337751985 -0.5547561646
165.8 27.0 2632.6 -0.4786982238 0.1310505420 0.8681438565 -0.6056028605 0.6666331291 -0.4345635176 -0.6356832385 -0.7337751985 -0.2397515029
1.4 106.5 2994.5 0.0888664648 0.7055311799 -0.7030850053 -0.9941372871 0.1064768806 -0.0188066959 0.0615935847 0.7006343007 0.7108570933
24.3 -149.6 3010.4 0.1762727648 0.7086588740 -0.6831767559 -0.9829345942 0.0896307379 -0.1606421471 -0.0526068434 0.6998349428 0.7123647928
-27.8 -222.4 2686.7 -0.9621934295 0.1898749173 0.1952722818 0.1578307301 0.9730002880 -0.1684041172 -0.2219756991 -0.1312173754 -0.9661825895
-101.5 -600.1 2737.7 -0.9675813913 0.0523914732 0.2470655739 0.0947338119 0.9821099043 0.1627442092 -0.2341191322 0.1808737218 -0.9552344680
-17.5 -262.9 2860.9 -0.8914213777 0.0211182833 0.4526830614 0.0283080842 0.9995576739 0.0091134142 -0.4522903860 0.0209384821 -0.8916249275
-25.7 -650.7 2852.8 -0.8874707222 0.1244023815 0.4437564611 0.0643876493 0.9869043231 -0.1478989273 -0.4563441277 -0.1026835293 -0.8838586807
304.9 203.0 2817.4 0 0 0 0 0 0 0 0 0
70.2 -406.0 2996.7 0 0 0 0 0 0 0 0 0
-120.8 -961.6 2671.1 0 0 0 0 0 0 0 0 0
-72.1 -1018.9 2891.1 0 0 0 0 0 0 0 0 0
-0.9 330.1 2907.6 94 0.0289888587 0.0285378005 -0.9991722703 -0.2393655181 0.9707071185 0.0207801145 0.9704966545 0.2385649979 0.0349706560
-6.4 141.9 2861.4 0.0289888587 0.0285378005 -0.9991722703 -0.2393655181 0.9707071185 0.0207801145 0.9704966545 0.2385649979 0.0349706560
-11.0 -47.6 2819.3 0.0295660850 0.0235330705 -0.9992857575 -0.2177870870 0.9758561850 0.0165375937 0.9755483866 0.2171425819 0.0339774452
-10.5 171.6 2728.1 -0.7167148590 0.1338963360 -0.6843914390 0.5802674890 0.6588339806 -0.4787769914 0.3867938519 -0.7402766943 -0.5498917699
166.8 28.1 2632.5 -0.4748451412 0.1338963360 0.8698240519 -0.6130119562 0.6588339806 -0.4360665977 -0.6314573884 -0.7402766943 -0.2307640612
-2.4 112.1 2994.6 0.1001133770 0.6932132244 -0.7137455344 -0.9927314520 0.1177502871 -0.0248823110 0.0667949915 0.7110487223 0.6999629736
23.4 -143.7 3011.8 0.1891424358 0.6965606213 -0.6921188235 -0.9808672667 0.1009378508 -0.1664660573 -0.0460927039 0.7103624940 0.7023251057
-23.2 -221.7 2688.8 -0.9552381039 0.2060300559 0.2123012692 0.1716906875 0.9704925418 -0.1693119854 -0.2409201562 -0.1252831072 -0.9624248743
-103.2 -598.4 2737.4 -0.9622026086 0.0462900065 0.2683717906 0.0919702277 0.9827859998 0.1602285355 -0.2563350499 0.1788545251 -0.9498965144
-15.7 -261.5 2863.3 -0.8838110566 0.0398485363 0.4661438167 0.0476558171 0.9988514781 0.0049683647 -0.4654104412 0.0266055595 -0.8846949935
-31.2 -649.0 2852.9 -0.8850082755 0.0894160792 0.4569082558 0.0351643004 0.9914186001 -0.1259072572 -0.4642454684 -0.0953621045 -0.8805578947
304.5 205.9 2815.6 0 0 0 0 0 0 0 0 0
72.7 -399.5 2999.8 0 0 0 0 0 0 0 0 0
-120.3 -962.0 2671.2 0 0 0 0 0 0 0 0 0
-64.5 -1018.8 2888.5 0 0 0 0 0 0 0 0 0
-3.1 325.1 2908.3 95 -0.0351701714 0.0310633667 -0.9988984466 -0.2478558421 0.9680184722 0.0388298184 0.9681583047 0.2489484698 -0.0263461396
-9.2 136.8 2859.9 -0.0351701714 0.0310633667 -0.9988984466 -0.2478558421 0.9680184722 0.0388298184 0.9681583047 0.2489484698 -0.0263461396
-12.7 -52.5 2817.3 -0.0344371162 0.0179734118 -0.9992452264 -0.2188028097 0.9754465818 0.0250859763 0.9751611948 0.2195015550 -0.0296589360
-4.5 166.7 2726.9 -0.7156007290 0.1301659495 -0.6862742901 0.5790860653 0.6599595547 -0.4786572456 0.3906083703 -0.7399393320 -0.5476447940
166.9 28.0 2633.4 -0.4758066833 0.1301659495 0.8698648214 -0.6131623387 0.6599595547 -0.4341490269 -0.6305869818 -0.7399393320 -0.2342002839
-13.9 107.0 2992.8 0.0870935768 0.6475661397 -0.7570157647 -0.9936470985 0.1108375117 -0.0195050985 0.0712748989 0.7539052963 0.6531054378
8.6 -149.0 3011.2 0.1830391884 0.6507962942 -0.7368587852 -0.9824645519 0.0940255746 -0.1610050946 -0.0354979523 0.7534078360 0.6565946341
-18.2 -217.4 2689.7 -0.9393985868 0.2118700892 0.2695205808 0.1669930965 0.9693895578 -0.1799921244 -0.2994053960 -0.1240762770 -0.9460240602
-100.4 -593.7 2737.9 -0.9444000721 0.0518391877 0.3246862590 0.1065456718 0.9824586511 0.1530458480 -0.3110570312 0.1791304201 -0.9333572984
-12.9 -256.5 2864.5 -0.8519160748 0.0537633561 0.5209112763 0.0564972349 0.9983460307 -0.0106419893 -0.5206218362 0.0203639641 -0.8535444736
-33.8 -643.9 2856.6 -0.8550649285 0.0714722723 0.5135715008 0.0205045734 0.9943407178 -0.1042407006 -0.5181153417 -0.0786020011 -0.8516913652
304.7 205.7 2816.1 0 0 0 0 0 0 0 0 0
56.3 -405.3 3001.9 0 0 0 0 0 0 0 0 0
-119.9 -963.0 2670.6 0 0 0 0 0 0 0 0 0
-60.4 -1014.8 2885.9 0 0 0 0 0 0 0 0 0
1.0 325.4 2908.1 96 -0.0771558136 0.0525540449 -0.9956330061 -0.2540464699 0.9646115899 0.0706037283 0.9641096592 0.2583845258 -0.0610742234
-9.2 138.3 2858.0 -0.0771558136 0.0525540449 -0.9956330061 -0.2540464699 0.9646115899 0.0706037283 0.9641096592 0.2583845258 -0.0610742234
-14.7 -50.7 2814.0 -0.0758925676 0.0288613867 -0.9966982007 -0.2239740044 0.9735442996 0.0452451929 0.9716356993 0.2266682684 -0.0674205795
1.2 168.8 2725.5 -0.6993518472 0.1392813772 -0.7010760903 0.6001009941 0.6472601891 -0.4700351954 0.3883115053 -0.7494364381 -0.5362454653
166.9 26.6 2633.5 -0.4732657075 0.1392813772 0.8698391914 -0.6212760210 0.6472601891 -0.4416677356 -0.6245284081 -0.7494364381 -0.2197938859
-19.5 107.7 2990.5 0.0648090914 0.6204317212 -0.7815780640 -0.9956092834 0.0932138562 -0.0085617797 0.0675419122 0.7787013054 0.6237486601
-2.8 -148.7 3007.9 0.1649883091 0.6233514547 -0.7643374801 -0.9856571555 0.0763292313 -0.1505119950 -0.0354805812 0.7782074213 0.6270042658
-13.0 -222.3 2687.6 -0.9287850261 0.2215796858 0.2970873117 0.1665943712 0.9656533599 -0.1993987113 -0.3310660720 -0.1357054710 -0.9337983131
-99.1 -597.1 2740.3 -0.9324951768 0.0567507558 0.3566961586 0.1205552444 0.9798470736 0.1592675298 -0.3404691219 0.1915177852 -0.9205442667
-19.2 -261.4 2861.9 -0.8321884871 0.0315191410 0.5535963178 0.0380593427 0.9992754459 0.0003183611 -0.5531851649 0.0213344507 -0.8327850699
-31.4 -649.2 2853.7 -0.8340713382 0.0763265267 0.5463508368 0.0161908157 0.9933424592 -0.1140550673 -0.5514189601 -0.0862841979 -0.8297542930
304.4 207.0 2814.9 0 0 0 0 0 0 0 0 0
40.2 -405.8 2998.7 0 0 0 0 0 0 0 0 0
-120.3 -964.6 2668.4 0 0 0 0 0 0 0 0 0
-59.9 -1019.9 2885.8 0 0 0 0 0 0 0 0 0
6.0 325.4 2909.1 97 0.0076717199 0.0500443317 -0.9987175465 -0.2576626539 0.9651210904 0.0463816077 0.9662044644 0.2569763958 0.0202986952
-3.7 137.9 2859.1 0.0076717199 0.0500443317 -0.9987175465 -0.2576626539 0.9651210904 0.0463816077 0.9662044644 0.2569763958 0.0202986952
-9.6 -50.9 2814.4 0.0087840669 0.0304916743 -0.9994964004 -0.2308994681 0.9725849032 0.0276414249 0.9729379416 0.2305403799 0.0155837620
-4.9 169.3 2726.8 -0.7073282003 0.1252407879 -0.6957021952 0.5880853534 0.6503471136 -0.4808370471 0.3922275007 -0.7492418885 -0.5336611271
165.9 27.2 2632.1 -0.4787569046 0.1252407879 0.8689686656 -0.6218265295 0.6503471136 -0.4363260865 -0.6197770834 -0.7492418885 -0.2334801257
-2.5 106.4 2991.4 0.0871077850 0.6811427474 -0.7269503474 -0.9947264791 0.0991317406 -0.0263093039 0.0541434623 0.7254084945 0.6861858368
19.9 -149.7 3005.4 0.1779860109 0.6842898130 -0.7071551681 -0.9824113846 0.0823266432 -0.1676013917 -0.0564702079 0.7245479822 0.6869070530
-13.5 -219.6 2683.1 -0.9504278302 0.2215154618 0.2182151526 0.1767322719 0.9622371793 -0.2070394605 -0.2558371723 -0.1582103968 -0.9536858797
-99.5 -593.1 2744.5 -0.9568164349 0.0551477745 0.2854137719 0.1069811434 0.9797346592 0.1693370789 -0.2702911794 0.1925583929 -0.9433259964
-27.1 -259.7 2856.9 -0.8758330941 0.0169738512 0.4823155701 0.0173937511 0.9998422265 -0.0036016915 -0.4823006094 0.0052347961 -0.8759901524
-33.7 -647.7 2854.8 -0.8755930662 0.0673260987 0.4783345759 0.0210260246 0.9946128726 -0.1015046015 -0.4825916290 -0.0788192526 -0.8722917438
305.2 208.2 2812.4 0 0 0 0 0 0 0 0 0
66.3 -405.9 2990.7 0 0 0 0 0 0 0 0 0
-120.1 -959.7 2672.4 0 0 0 0 0 0 0 0 0
-58.8 -1018.9 2884.3 0 0 0 0 0 0 0 0 0
9.3 331.2 2919.5 98 -0.0166288093 0.0487080105 -0.9986746311 -0.2627842426 0.9634863138 0.0513673723 0.9647113085 0.2632901371 -0.0032219316
-0.2 143.7 2868.3 -0.0166288093 0.0487080105 -0.9986746311 -0.2627842426 0.9634863138 0.0513673723 0.9647113085 0.2632901371 -0.0032219316
-7.6 -44.8 2822.6 -0.0153802326 0.0383598804 -0.9991456270 -0.2350414097 0.9711243510 0.0409021527 0.9718636870 0.2354696840 -0.0059199585
1.9 175.7 2735.8 -0.6709234118 0.1180399954 -0.7320712805 0.6096278429 0.6498509645 -0.4539246261 0.4221559763 -0.7508397102 -0.5079606771
165.8 26.8 2632.7 -0.4805096686 0.1180399954 0.8690091968 -0.6243265271 0.6498509645 -0.4334860146 -0.6158951521 -0.7508397102 -0.2385641783
-2.3 111.7 3000.7 0.0730093494 0.6664620042 -0.7419555187 -0.9959719777 0.0875489339 -0.0193640050 0.0520520434 0.7403807044 0.6701694131
16.5 -144.9 3014.1 0.1666046232 0.6694146991 -0.7239660621 -0.9843916893 0.0706936792 -0.1611689031 -0.0567090064 0.7395176291 0.6707441807
-16.4 -219.1 2682.9 -0.9491576552 0.2086873651 0.2356889695 0.1605817974 0.9649242163 -0.2076891214 -0.2707640827 -0.1592823714 -0.9493765831
-97.4 -593.7 2744.7 -0.9530099034 0.0597778521 0.2969827652 0.1148185655 0.9784705639 0.1714993715 -0.2803370357 0.1975397319 -0.9393557310
-14.8 -260.3 2856.4 -0.8646045327 0.0426793844 0.5006370544 0.0380477607 0.9990863800 -0.0194634497 -0.5010103583 0.0022199345 -0.8654384613
-31.4 -648.0 2855.5 -0.8656683564 0.0745200366 0.4950404465 0.0248738490 0.9940400720 -0.1061396003 -0.4999995828 -0.0795681328 -0.8623626232
305.1 207.7 2811.2 0 0 0 0 0 0 0 0 0
60.0 -401.6 2999.3 0 0 0 0 0 0 0 0 0
-119.8 -960.5 2670.6 0 0 0 0 0 0 0 0 0
-59.2 -1019.0 2885.2 0 0 0 0 0 0 0 0 0
14.2 338.0 2924.7 99 0.0731795207 0.0585471652 -0.9955987930 -0.2714667320 0.9617515206 0.0366031192 0.9596617222 0.2675933540 0.0862741247
2.8 151.1 2872.7 0.0731795207 0.0585471652 -0.9955987930 -0.2714667320 0.9617515206 0.0366031192 0.9596617222 0.2675933540 0.0862741247
-6.7 -37.2 2826.4 0.0748029798 0.0486901402 -0.9960089326 -0.2422253639 0.9697800279 0.0292161498 0.9673321247 0.2390731722 0.0843364224
-7.4 184.0 2741.3 -0.6582444310 0.1069622561 -0.7451666594 0.6210845709 0.6365208626 -0.4572691917 0.4254035950 -0.7638064623 -0.4854189157
161.9 24.4 2631.9 -0.4975508451 0.1069622561 0.8608148694 -0.6308382154 0.6365208626 -0.4437165260 -0.5953875184 -0.7638064623 -0.2492256016
13.0 118.1 3004.2 0.0878907219 0.7294757366 -0.6783365011 -0.9954521656 0.0894386098 -0.0327974632 0.0367445201 0.6781341434 0.7340190411
35.6 -138.3 3013.6 0.1709448993 0.7325055599 -0.6589487195 -0.9820618033 0.0726581365 -0.1739983112 -0.0795767531 0.6768724918 0.7317863107
-13.7 -212.3 2690.0 -0.9645019770 0.2126598805 0.1565622538 0.1851471961 0.9673087001 -0.1733043343 -0.1882989109 -0.1381653100 -0.9723445177
-96.2 -587.7 2743.6 -0.9733800888 0.0610981621 0.2209031880 0.1011802554 0.9793625474 0.1749616861 -0.2056544572 0.1926552504 -0.9594739079
-16.4 -254.3 2863.7 -0.9065368772 0.0297061894 0.4210800529 0.0328904018 0.9994589090 0.0002998172 -0.4208433330 0.0141212884 -0.9070234299
-27.9 -642.2 2858.2 -0.9046220183 0.0942052305 0.4156733751 0.0555745363 0.9930125475 -0.1041034311 -0.4225759506 -0.0710734054 -0.9035364389
305.3 206.3 2803.6 0 0 0 0 0 0 0 0 0
80.2 -394.4 2992.9 0 0 0 0 0 0 0 0 0
-119.4 -960.4 2670.3 0 0 0 0 0 0 0 0 0
-63.1 -1012.7 2884.7 0 0 0 0 0 0 0 0 0
16.6 341.3 2927.4 00 0.1045981199 0.0615878254 -0.9926057458 -0.2704224288 0.9622358680 0.0312070884 0.9570428133 0.2651586533 0.1173027903
4.6 153.7 2875.7 0.1045981199 0.0615878254 -0.9926057458 -0.2704224288 0.9622358680 0.0312070884 0.9570428133 0.2651586533 0.1173027903
-6.2 -34.5 2829.3 0.1062090099 0.0555671901 -0.9927899837 -0.2438623607 0.9694006443 0.0281695947 0.9639765620 0.2391122431 0.1165098250
-9.9 186.9 2744.4 -0.6551043987 0.1035609916 -0.7484072447 0.6207479835 0.6384632587 -0.4550127685 0.4307089448 -0.7626531124 -0.4825453460
161.1 24.9 2632.0 -0.4835685194 0.1035609916 0.8691585660 -0.6377326250 0.6384632587 -0.4308848977 -0.5995486379 -0.7626531124 -0.2426965088
19.1 120.4 3006.9 0.0902374685 0.7508680820 -0.6542586088 -0.9953877926 0.0894772932 -0.0345973819 0.0325632207 0.6543629766 0.7554790974
42.3 -136.0 3015.3 0.1696378291 0.7538846135 -0.6347290874 -0.9816944003 0.0726714581 -0.1760540158 -0.0865977257 0.6529753804 0.7524120808
-22.8 -203.8 2693.9 -0.9747561216 0.1826642007 0.1283911169 0.1620957404 0.9744177461 -0.1556761116 -0.1535430253 -0.1309345961 -0.9794287682
-93.7 -581.9 2744.7 -0.9810317159 0.0680522099 0.1815094054 0.1002925336 0.9794760346 0.1748375148 -0.1658860296 0.1897251755 -0.9677221775
-9.5 -247.1 2866.3 -0.9193441272 0.0458755754 0.3907708228 0.0418192185 0.9989466667 -0.0188883115 -0.3912257254 -0.0010231276 -0.9202941656
-27.3 -634.7 2866.7 -0.9172147512 0.0897774920 0.3881457150 0.0693323314 0.9953818321 -0.0663932189 -0.3923138082 -0.0339857936 -0.9192034006
300.1 208.3 2804.3 0 0 0 0 0 0 0 0 0
86.6 -392.1 2992.7 0 0 0 0 0 0 0 0 0
-119.6 -955.3 2672.4 0 0 0 0 0 0 0 0 0
-60.8 -1006.0 2879.4 0 0 0 0 0 0 0 0 0
19.3 343.8 2929.2 01 0.0894115567 0.0715878084 -0.9934186935 -0.2737432122 0.9607683420 0.0445969924 0.9576378465 0.2679541409 0.1055004671
5.3 156.0 2876.8 0.0894115567 0.0715878084 -0.9934186935 -0.2737432122 0.9607683420 0.0445969924 0.9576378465 0.2679541409 0.1055004671
-6.0 -32.0 2829.7 0.0911868885 0.0584539846 -0.9941167235 -0.2474075109 0.9683062434 0.0342424959 0.9646110535 0.2428294867 0.1027587876
-7.1 189.8 2745.2 -0.6411245465 0.1025258526 -0.7605575323 0.6356781721 0.6261888742 -0.4514429271 0.4299681187 -0.7729009986 -0.4666385055
159.8 24.3 2633.3 -0.4959344268 0.1025258526 0.8622862101 -0.6413643360 0.6261888742 -0.4433275163 -0.5854065418 -0.7729009986 -0.2447921932
17.8 122.2 3008.4 0.0836234018 0.7422007918 -0.6649399400 -0.9960150719 0.0830132589 -0.0326009318 0.0310023930 0.6650164127 0.7461850047
39.3 -134.4 3016.3 0.1648875773 0.7451362610 -0.6462074518 -0.9824537635 0.0661846101 -0.1743679643 -0.0871589035 0.6636200547 0.7429749370
-26.5 -200.9 2696.9 -0.9748972654 0.1705109179 0.1431827992 0.1502701193 0.9783966541 -0.1419820487 -0.1642990708 -0.1169018149 -0.9794589281
-92.7 -580.5 2742.2 -0.9793685079 0.0721384212 0.1887680888 0.1043147072 0.9805077910 0.1665019840 -0.1730773896 0.1827580780 -0.9678035378
-7.5 -244.5 2869.0 -0.9136085510 0.0512432083 0.4033529460 0.0470505320 0.9986861348 -0.0203050729 -0.4038634896 0.0004270834 -0.9148191810
-27.4 -632.1 2868.9 -0.9117577672 0.0857637078 0.4016743898 0.0718446895 0.9961807728 -0.0496202856 -0.4043959379 -0.0163835101 -0.9144372940
301.3 207.2 2800.3 0 0 0 0 0 0 0 0 0
82.3 -390.7 2993.6 0 0 0 0 0 0 0 0 0
-120.1 -954.0 2672.6 0 0 0 0 0 0 0 0 0
-59.4 -1003.8 2875.0 0 0 0 0 0 0 0 0 0
16.9 336.7 2929.6 02 0.0094849048 0.0572850145 -0.9983128309 -0.2675295174 0.9621092677 0.0526658110 0.9635030031 0.2665786147 0.0244509466
5.7 149.0 2877.5 0.0094849048 0.0572850145 -0.9983128309 -0.2675295174 0.9621092677 0.0526658110 0.9635030031 0.2665786147 0.0244509466
-6.5 -38.9 2830.3 0.0109218620 0.0626681894 -0.9979746342 -0.2444089651 0.9679296613 0.0581066869 0.9696107507 0.2432793230 0.0258882623
4.2 182.2 2745.6 -0.6297840476 0.0919379666 -0.7713102698 0.6303550601 0.6407247186 -0.4383198917 0.4538993239 -0.7622461915 -0.4614717662
161.0 25.3 2632.6 -0.4831015468 0.0919379666 0.8707240224 -0.6406632662 0.6407247186 -0.4231103659 -0.5967943072 -0.7622461915 -0.2506338358
7.2 115.7 3009.5 0.0570195951 0.6907463670 -0.7208455205 -0.9975742698 0.0682950094 -0.0134657910 0.0399287008 0.7198647261 0.6929649711
21.9 -141.2 3019.8 0.1472233534 0.6933676004 -0.7053840756 -0.9865192175 0.0514185540 -0.1553574950 -0.0714500323 0.7187471986 0.6915904880
-25.5 -197.8 2696.3 -0.9631624222 0.1636985838 0.2133562565 0.1316100508 0.9788115621 -0.1568653882 -0.2345142066 -0.1230070293 -0.9642989039
-89.1 -577.7 2744.0 -0.9637252092 0.0803362429 0.2545188069 0.1250250787 0.9784083366 0.1645779163 -0.2358017415 0.1904291213 -0.9529607892
-9.2 -242.1 2868.8 -0.8801512122 0.0323109366 0.4735925198 0.0358627178 0.9993555546 -0.0015319058 -0.4733367860 0.0156360064 -0.8807427287
-21.7 -629.9 2862.8 -0.8758045435 0.1147398874 0.4688295424 0.0815489292 0.9925453067 -0.0905736685 -0.4757269919 -0.0410922840 -0.8786326051
299.6 209.0 2803.8 0 0 0 0 0 0 0 0 0
60.3 -398.5 3001.1 0 0 0 0 0 0 0 0 0
-119.9 -953.6 2670.9 0 0 0 0 0 0 0 0 0
-64.5 -1000.1 2878.1 0 0 0 0 0 0 0 0 0
15.0 337.6 2930.8 03 -0.0465822965 0.0492074937 -0.9977017045 -0.2662887871 0.9620314837 0.0598811246 0.9627670646 0.2684662044 -0.0317102298
5.4 149.6 2878.3 -0.0465822965 0.0492074937 -0.9977017045 -0.2662887871 0.9620314837 0.0598811246 0.9627670646 0.2684662044 -0.0317102298
-6.6 -38.1 2830.6 -0.0452676006 0.0617673583 -0.9970635176 -0.2434322387 0.9673174620 0.0709766597 0.9688609838 0.2459303439 -0.0287519749
11.5 182.8 2746.4 -0.6208620667 0.0989262760 -0.7776528001 0.6341419816 0.6465746760 -0.4240343273 0.4608624876 -0.7564091086 -0.4641669989
164.2 26.8 2633.1 -0.4820756912 0.0989262760 0.8705266118 -0.6338422298 0.6465746760 -0.4244823158 -0.6048529148 -0.7564091086 -0.2489942908
-0.8 116.5 3010.2 0.0419356152 0.6511687636 -0.7577735186 -0.9981682301 0.0604080521 -0.0033294403 0.0436075926 0.7565250397 0.6525092125
10.0 -140.6 3021.4 0.1382780075 0.6536292434 -0.7440752387 -0.9884064794 0.0435101315 -0.1454629451 -0.0627040267 0.7555631399 0.6520678997
-19.6 -205.0 2696.5 -0.9479469657 0.1807444841 0.2621601820 0.1392845362 0.9757144451 -0.1690594405 -0.2863500416 -0.1237445250 -0.9501004815
-89.7 -583.7 2744.6 -0.9485708475 0.0772197694 0.3070024550 0.1317438930 0.9781159759 0.1610362232 -0.2878488302 0.1931999624 -0.9379855394
-17.7 -248.6 2869.6 -0.8530631065 0.0071818945 0.5217583179 0.0215792637 0.9995354414 0.0215232167 -0.5213613510 0.0296198223 -0.8528218269
-20.4 -636.4 2858.1 -0.8482766747 0.1209145784 0.5155641437 0.0687117726 0.9904845953 -0.1192430407 -0.5250765681 -0.0657257661 -0.8485132456
302.5 208.6 2806.6 0 0 0 0 0 0 0 0 0
46.0 -398.4 3005.1 0 0 0 0 0 0 0 0 0
-119.0 -954.6 2671.3 0 0 0 0 0 0 0 0 0
-65.5 -1005.9 2882.6 0 0 0 0 0 0 0 0 0
20.7 329.3 2942.4 04 0.0878141150 0.0590335093 -0.9943860769 -0.3115674257 0.9497853518 0.0288712252 0.9461576939 0.3072830141 0.1017974764
9.2 145.2 2882.8 0.0878141150 0.0590335093 -0.9943860769 -0.3115674257 0.9497853518 0.0288712252 0.9461576939 0.3072830141 0.1017974764
-3.6 -40.7 2828.7 0.0895938054 0.0639531761 -0.9939230084 -0.2839583755 0.9581584930 0.0360554792 0.9546415806 0.2790024281 0.1040050983
-2.9 183.6 2753.9 -0.6443563104 0.0736721903 -0.7611684203 0.6062470675 0.6559047699 -0.4497259557 0.4661216736 -0.7512398958 -0.4672999382
164.2 26.3 2633.0 -0.4734394550 0.0736721903 0.8777399659 -0.6399893761 0.6559047699 -0.4002531171 -0.6052013636 -0.7512398958 -0.2633817792
21.3 106.8 3011.7 0.0746313855 0.7428458333 -0.6652895808 -0.9971734881 0.0497915931 -0.0562656708 -0.0086708898 0.6676083207 0.7444621921
40.5 -149.6 3009.4 0.1553807706 0.7455965877 -0.6480296850 -0.9798773527 0.0331293978 -0.1968319267 -0.1252883822 0.6655735373 0.7357409000
-14.5 -204.2 2696.3 -0.9700993896 0.2025693655 0.1336893886 0.1806363910 0.9704903960 -0.1597462147 -0.1621039659 -0.1308205277 -0.9780635238
-93.2 -580.8 2747.1 -0.9785392880 0.0647960082 0.1956077218 0.1019834355 0.9771487713 0.1864929199 -0.1790538579 0.2024393976 -0.9627866149
-22.6 -247.7 2869.3 -0.9143550992 0.0033851010 0.4048991799 0.0171568841 0.9993909001 0.0303889103 -0.4045496881 0.0347330607 -0.9138562083
-24.0 -635.5 2855.8 -0.9107665420 0.1024034843 0.4000222385 0.0602759495 0.9913545847 -0.1165456250 -0.4084985554 -0.0820341334 -0.9090650678
300.4 210.5 2807.1 0 0 0 0 0 0 0 0 0
81.0 -404.6 2976.8 0 0 0 0 0 0 0 0 0
-118.1 -956.9 2669.2 0 0 0 0 0 0 0 0 0
-62.2 -1005.4 2886.4 0 0 0 0 0 0 0 0 0
21.6 327.9 2948.2 05 0.1478252113 0.0495505445 -0.9877714515 -0.3271039724 0.9449871182 -0.0015485260 0.9333545566 0.3233328760 0.1559011042
12.0 145.5 2885.8 0.1478252113 0.0495505445 -0.9877714515 -0.3271039724 0.9449871182 -0.0015485260 0.9333545566 0.3233328760 0.1559011042
0.3 -39.2 2827.4 0.1490228623 0.0586978756 -0.9870900512 -0.3061167002 0.9519372582 0.0103924768 0.9402577877 0.3006160259 0.1598288119
-8.2 186.9 2758.3 -0.6503558755 0.0780392140 -0.7556104064 0.5971022844 0.6674180031 -0.4449967742 0.4695807993 -0.7405829430 -0.4806565940
163.8 29.1 2634.2 -0.4808802903 0.0780392140 0.8733063936 -0.6255187392 0.6674180031 -0.4040786028 -0.6143943667 -0.7405829430 -0.2721331716
32.3 104.0 3013.2 0.0966786370 0.7776877284 -0.6211723089 -0.9945513010 0.0510281175 -0.0909054130 -0.0389987715 0.6265763640 0.7783836722
57.2 -151.9 3003.2 0.1705822051 0.7807198167 -0.6011474729 -0.9722929597 0.0344019011 -0.2312205136 -0.1598378271 0.6239336133 0.7649567127
-24.4 -201.4 2690.1 -0.9809936881 0.1772369295 0.0789835602 0.1641539186 0.9750818014 -0.1492277980 -0.1034641117 -0.1334260702 -0.9856432676
-93.2 -579.8 2741.9 -0.9889318943 0.0685598776 0.1315800548 0.0907526612 0.9811042547 0.1708755344 -0.1173785403 0.1809255034 -0.9764672518
-8.5 -251.7 2859.2 -0.9353656173 0.0407242738 0.3513298333 0.0356754176 0.9991462231 -0.0208349694 -0.3518783450 -0.0069544772 -0.9360198975
-24.3 -639.0 2861.9 -0.9320099354 0.1028721407 0.3475267589 0.0752509683 0.9929022193 -0.0921003148 -0.3545346558 -0.0596866794 -0.9331359267
301.7 208.5 2810.4 0 0 0 0 0 0 0 0 0
101.6 -405.0 2961.5 0 0 0 0 0 0 0 0 0
-119.6 -957.0 2672.4 0 0 0 0 0 0 0 0 0
-62.7 -1009.4 2884.1 0 0 0 0 0 0 0 0 0
25.3 330.6 2952.1 06 0.1048280373 0.0752140731 -0.9916420579 -0.3357506394 0.9412665367 0.0359004624 0.9360996485 0.3291810751 0.1239242926
10.8 149.0 2888.5 0.1048280373 0.0752140731 -0.9916420579 -0.3357506394 0.9412665367 0.0359004624 0.9360996485 0.3291810751 0.1239242926
-4.3 -34.9 2828.3 0.1063417420 0.0769766346 -0.9913455844 -0.3169637024 0.9476114511 0.0395800136 0.9424571395 0.3100115657 0.1251694411
-3.6 192.0 2760.4 -0.6342354417 0.0865975618 -0.7682748437 0.6165901423 0.6561585665 -0.4350546896 0.4664354622 -0.7496377826 -0.4695542157
164.2 28.9 2637.0 -0.4681331217 0.0865975618 0.8794044852 -0.6374147534 0.6561585665 -0.4039286673 -0.6120080352 -0.7496377826 -0.2519709766
25.3 105.9 3016.7 0.0689825639 0.7561777234 -0.6507200599 -0.9966925383 0.0241514053 -0.0775934979 -0.0429586731 0.6539204121 0.7553427219
43.0 -150.6 3005.6 0.1479580551 0.7588226795 -0.6342685223 -0.9757606387 0.0074434136 -0.2187140137 -0.1612440348 0.6512547731 0.7415305972
-24.7 -196.7 2685.6 -0.9789566398 0.1742227674 0.1062561646 0.1561620235 0.9747644663 -0.1595232040 -0.1313673109 -0.1395731121 -0.9814590812
-92.4 -575.0 2739.7 -0.9852186441 0.0692568049 0.1566772163 0.0949117616 0.9820996523 0.1627023667 -0.1426043957 0.1751679033 -0.9741561413
1.8 -251.1 2852.7 -0.9216930866 0.0623360276 0.3828787506 0.0539729968 0.9980114698 -0.0325573981 -0.3841468692 -0.0093428167 -0.9232247472
-22.3 -638.1 2856.3 -0.9208131433 0.1048590615 0.3756431043 0.0626177192 0.9904317260 -0.1229798198 -0.3849443793 -0.0897195190 -0.9185685515
298.6 211.9 2812.7 0 0 0 0 0 0 0 0 0
81.6 -404.8 2963.6 0 0 0 0 0 0 0 0 0
-119.1 -954.9 2672.0 0 0 0 0 0 0 0 0 0
-61.4 -1007.6 2889.8 0 0 0 0 0 0 0 0 0
20.1 326.7 2953.0 07 0.0912866816 0.0571132563 -0.9941855073 -0.3438439667 0.9387605786 0.0223572962 0.9345790744 0.3398037553 0.1053343862
9.0 145.3 2887.4 0.0912866816 0.0571132563 -0.9941855073 -0.3438439667 0.9387605786 0.0223572962 0.9345790744 0.3398037553 0.1053343862
-4.6 -38.0 2825.1 0.0924564376 0.0699252561 -0.9932584167 -0.3265030086 0.9445064664 0.0361009277 0.9406633973 0.3209640980 0.1101565138
-3.6 189.8 2759.2 -0.6424281597 0.0845113173 -0.7616717815 0.6127986908 0.6534720063 -0.4443558753 0.4601780772 -0.7522181869 -0.4715972245
164.4 29.6 2638.9 -0.4618139565 0.0845113173 0.8829414845 -0.6432548165 0.6534720063 -0.3989956677 -0.6106972098 -0.7522181869 -0.2474201769
21.6 100.8 3015.6 0.0726567656 0.7458109260 -0.6621835828 -0.9960305095 0.0200277567 -0.0867303833 -0.0514224172 0.6658565402 0.7443055511
40.4 -155.7 3002.3 0.1535551995 0.7485511899 -0.6450518966 -0.9736790657 0.0033489817 -0.2278988659 -0.1684336960 0.6630685329 0.7293628454
-28.8 -190.5 2684.1 -0.9799093604 0.1616246551 0.1168548688 0.1394296587 0.9740893841 -0.1780707240 -0.1426077038 -0.1582001448 -0.9770546556
