-396.3 505.3 2661.2 2 -0.7713916898 -0.0861690342 -0.6304996014 -0.1194508225 0.9927849770 0.0104616238 0.6250490546 0.0833837092 -0.7761190534
-379.1 307.4 2644.6 -0.7713916898 -0.0861690342 -0.6304996014 -0.1194508225 0.9927849770 0.0104616238 0.6250490546 0.0833837092 -0.7761190534
-363.7 109.7 2630.2 -0.7724882960 -0.0777493268 -0.6302514076 -0.1061571762 0.9943214059 0.0074531515 0.6260930300 0.0726631805 -0.7763553262
-270.7 322.3 2556.7 -0.7963535190 -0.5493845344 0.2529777288 -0.5806723237 0.5774237514 -0.5739350319 0.1692356765 -0.6039523482 -0.7788458467
-83.1 459.0 2516.8 -0.4088948667 -0.5493845344 0.7286848426 -0.8161311746 0.5774237514 -0.0226218197 -0.4083318710 -0.6039523482 -0.6844754219
-487.6 292.4 2732.5 -0.2512372732 0.8420456648 -0.4773247540 -0.9017801285 -0.0244570337 0.4315025210 0.3516708910 0.5388514996 0.7654845715
-555.4 49.1 2827.4 -0.0960774943 0.8452250957 -0.5257030129 -0.9824392796 0.0043422934 0.1865321696 0.1599444300 0.5343927741 0.8299651146
-286.6 -78.4 2556.2 -0.4734469652 0.3268436193 -0.8179371357 0.0894200951 0.9416436553 0.3245170414 0.8762716651 0.0805015936 -0.4750447273
-416.5 -452.8 2524.2 -0.4987868667 0.1863411963 -0.8464565277 -0.0250523984 0.9731075168 0.2289849818 0.8663625121 0.1354204714 -0.4807049632
-419.0 -97.7 2673.1 -0.8531891704 0.0987451971 -0.5121695399 0.1346671879 0.9903278351 -0.0333999991 0.5039176345 -0.0974689499 -0.8582347035
-457.8 -486.6 2711.4 -0.8346697092 -0.2079859078 -0.5099689364 -0.2345915139 0.9720140696 -0.0124689825 0.4982903600 0.1092269048 -0.8601024151
28.7 682.2 2628.5 0 0 0 0 0 0 0 0 0
-580.4 -206.3 2869.0 0 0 0 0 0 0 0 0 0
-485.3 -811.8 2474.2 0 0 0 0 0 0 0 0 0
-390.2 -802.4 2675.9 0 0 0 0 0 0 0 0 0
-395.1 503.5 2659.0 3 -0.7769502997 -0.0795108229 -0.6245208383 -0.1130486727 0.9934886098 0.0141550116 0.6193288565 0.0815989897 -0.7808798552
-379.3 306.0 2642.8 -0.7769502997 -0.0795108229 -0.6245208383 -0.1130486727 0.9934886098 0.0141550116 0.6193288565 0.0815989897 -0.7808798552
-365.4 108.2 2629.1 -0.7781277895 -0.0697178394 -0.6242247820 -0.0973570570 0.9951971769 0.0102098398 0.6205149293 0.0687172487 -0.7811780572
-269.9 319.7 2555.6 -0.7888792157 -0.5510010719 0.2721531689 -0.5937569737 0.5691592097 -0.5687798262 0.1584998369 -0.6102914214 -0.7761586308
-80.2 462.4 2517.5 -0.4084891975 -0.5510010719 0.7276911139 -0.8216695189 0.5691592097 -0.0302818008 -0.3974867761 -0.6102914214 -0.6852362156
-488.6 292.3 2730.0 -0.2619584799 0.8376505375 -0.4792904556 -0.8981751800 -0.0299155824 0.4386187494 0.3530709743 0.5453866720 0.7601935267
-559.3 49.9 2825.3 -0.1059138626 0.8411192298 -0.5303779244 -0.9809834957 -0.0011410981 0.1940879226 0.1626458764 0.5408485532 0.8252449036
-277.6 -78.3 2558.5 -0.4764266908 0.3483524621 -0.8072596788 0.1044540927 0.9340837002 0.3414337039 0.8729873896 0.0783465505 -0.4814092517
-416.0 -449.5 2527.4 -0.5080083609 0.1819220036 -0.8419215679 -0.0362451971 0.9720611572 0.2319125533 0.8605892062 0.1483291239 -0.4872213900
-422.9 -98.6 2672.4 -0.8557958007 0.1081772894 -0.5058766603 0.1438922435 0.9890785217 -0.0319179632 0.4968989193 -0.1001069844 -0.8620151281
-465.4 -487.0 2711.7 -0.8403978944 -0.2006118298 -0.5034741759 -0.2259443402 0.9740782976 -0.0109806778 0.4926261604 0.1045290008 -0.8639404774
31.5 687.1 2626.2 0 0 0 0 0 0 0 0 0
-586.9 -205.1 2867.6 0 0 0 0 0 0 0 0 0
-484.0 -812.8 2471.9 0 0 0 0 0 0 0 0 0
-400.2 -803.5 2677.7 0 0 0 0 0 0 0 0 0
-394.0 501.5 2656.9 4 -0.7718331218 -0.0750101134 -0.6313850880 -0.1091798842 0.9939028621 0.0153882010 0.6263812184 0.0808116719 -0.7753167748
-379.1 304.0 2640.8 -0.7718331218 -0.0750101134 -0.6313850880 -0.1091798842 0.9939028621 0.0153882010 0.6263812184 0.0808116719 -0.7753167748
-366.2 106.1 2627.1 -0.7729171515 -0.0647884980 -0.6311905980 -0.0937534645 0.9955154657 0.0126201296 0.6275423169 0.0689306185 -0.7755250931
-270.4 317.2 2552.6 -0.7857847810 -0.5447453260 0.2929075658 -0.6025250554 0.5672677755 -0.5614007711 0.1396634430 -0.6176243424 -0.7739730477
-80.4 462.8 2518.8 -0.4102779329 -0.5447453260 0.7313853502 -0.8226121068 0.5672677755 -0.0389440842 -0.3936767280 -0.6176243424 -0.6808515191
-487.8 290.8 2729.1 -0.2627595663 0.8423955441 -0.4704541862 -0.8967952728 -0.0333367959 0.4411880672 0.3559714258 0.5378274918 0.7642158866
-558.7 48.7 2825.2 -0.1087409481 0.8459510207 -0.5220558047 -0.9804295897 -0.0045668799 0.1968170553 0.1641134173 0.5332410336 0.8298920393
-280.3 -80.7 2558.6 -0.4708360732 0.3421372473 -0.8131761551 0.0994403064 0.9364453554 0.3364249468 0.8765985370 0.0775385052 -0.4749344885
-416.3 -453.0 2527.8 -0.5021539330 0.1844462007 -0.8448792696 -0.0390051045 0.9711644650 0.2351982892 0.8638981581 0.1510603577 -0.4804797173
-424.2 -100.4 2671.0 -0.8506413698 0.1116059795 -0.5137639046 0.1478741020 0.9885482788 -0.0300914943 0.5045220852 -0.1015694514 -0.8574036956
-468.0 -488.6 2710.9 -0.8368669748 -0.1955538541 -0.5112850666 -0.2222310901 0.9749510884 -0.0091486834 0.5002669692 0.1059672013 -0.8593624830
31.8 687.8 2626.5 0 0 0 0 0 0 0 0 0
-587.0 -206.1 2867.8 0 0 0 0 0 0 0 0 0
-484.6 -812.5 2471.9 0 0 0 0 0 0 0 0 0
-404.5 -805.4 2676.4 0 0 0 0 0 0 0 0 0
-393.3 498.0 2655.3 5 -0.7620401978 -0.0856548175 -0.6418395042 -0.1147546172 0.9933870435 0.0036757542 0.6372802258 0.0764551163 -0.7668302059
-376.2 299.8 2640.1 -0.7620401978 -0.0856548175 -0.6418395042 -0.1147546172 0.9933870435 0.0036757542 0.6372802258 0.0764551163 -0.7668302059
-361.4 102.0 2626.1 -0.7630398870 -0.0747290850 -0.6420168877 -0.1023627967 0.9947297573 0.0058746864 0.6381943226 0.0702012628 -0.7666679621
-268.9 314.2 2550.3 -0.7830914855 -0.5408675075 0.3069690466 -0.6087721586 0.5657587051 -0.5561596155 0.1271382719 -0.6223981380 -0.7723059058
-81.1 460.2 2519.8 -0.4085260928 -0.5408675075 0.7352337837 -0.8235312700 0.5657587051 -0.0413929559 -0.3935768008 -0.6223981380 -0.6765484810
-483.6 285.4 2729.9 -0.2479992956 0.8501001596 -0.4645708501 -0.8996754289 -0.0242552217 0.4358851016 0.3592777252 0.5260621905 0.7708294988
-550.5 42.6 2826.8 -0.0957249105 0.8532763124 -0.5125976205 -0.9816026092 0.0045488440 0.1908811927 0.1652061194 0.5214391947 0.8371428251
-282.5 -83.2 2555.9 -0.4611177444 0.3349855244 -0.8216782212 0.0899712518 0.9388810396 0.3322763145 0.8827658892 0.0792910829 -0.4630737901
-415.7 -456.5 2524.4 -0.4888458252 0.1914829314 -0.8510957956 -0.0315038487 0.9711017609 0.2365773022 0.8718011379 0.1424626261 -0.4686866105
-416.5 -105.1 2670.7 -0.8451113105 0.0993708670 -0.5252735615 0.1384226233 0.9897378683 -0.0354699232 0.5163584948 -0.1026857793 -0.8501938581
-455.5 -493.7 2711.0 -0.8273388743 -0.2047689408 -0.5230488777 -0.2315934598 0.9727048874 -0.0144795058 0.5117371082 0.1091552302 -0.8521797061
30.6 685.4 2627.4 0 0 0 0 0 0 0 0 0
-575.4 -212.6 2869.8 0 0 0 0 0 0 0 0 0
-485.5 -811.0 2472.4 0 0 0 0 0 0 0 0 0
-389.0 -809.8 2675.5 0 0 0 0 0 0 0 0 0
-396.3 503.3 2664.6 6 -0.7441709638 -0.0981390327 -0.6607407331 -0.1429482251 0.9896309972 0.0140092671 0.6525146365 0.1048770025 -0.7504834533
-376.7 305.1 2643.5 -0.7441709638 -0.0981390327 -0.6607407331 -0.1429482251 0.9896309972 0.0140092671 0.6525146365 0.1048770025 -0.7504834533
-359.4 107.9 2625.1 -0.7456988096 -0.0873651281 -0.6605305672 -0.1266282499 0.9918804765 0.0117644351 0.6541395783 0.0924145505 -0.7507069707
-271.8 322.9 2551.6 -0.8061263561 -0.5153056979 0.2908956707 -0.5755798221 0.5687080622 -0.5876044631 0.1373611987 -0.6411171556 -0.7550501227
-81.4 458.8 2519.1 -0.4033941329 -0.5153056979 0.7561303973 -0.8209925890 0.5687080622 -0.0504213348 -0.4040350616 -0.6411171556 -0.6524756551
-481.5 287.2 2735.5 -0.2263415754 0.8628731966 -0.4519062936 -0.9103687406 -0.0224026497 0.4131910801 0.3464076221 0.5049237013 0.7906034589
-542.6 41.6 2829.0 -0.0777049810 0.8655229807 -0.4948049188 -0.9860651493 0.0065052127 0.1662323475 0.1470967233 0.5008269548 0.8529565334
-276.6 -86.3 2553.6 -0.4280259013 0.3514524102 -0.8326314092 0.1005069613 0.9340862632 0.3426093459 0.8981604576 0.0629604235 -0.4351365566
-416.3 -457.6 2528.6 -0.4621940851 0.1949489266 -0.8650847077 -0.0442627408 0.9692484140 0.2420709878 0.8856734633 0.1501747966 -0.4393518865
-410.4 -100.8 2666.7 -0.8341770768 0.0827656910 -0.5452507734 0.1154347956 0.9929779768 -0.0258753430 0.5392804742 -0.0845255330 -0.8378735185
-442.9 -490.6 2699.9 -0.8112605214 -0.2158664614 -0.5433765054 -0.2541030645 0.9671649933 -0.0048487494 0.5265814066 0.1341400295 -0.8394750953
28.9 683.4 2629.6 0 0 0 0 0 0 0 0 0
-562.8 -214.6 2867.2 0 0 0 0 0 0 0 0 0
-487.0 -809.3 2474.1 0 0 0 0 0 0 0 0 0
-372.8 -804.7 2656.3 0 0 0 0 0 0 0 0 0
-395.8 505.2 2660.2 7 -0.7592956424 -0.1017356440 -0.6427441239 -0.1323928237 0.9911972284 -0.0004897677 0.6371359825 0.0847228318 -0.7660807967
-375.4 306.8 2643.2 -0.7592956424 -0.1017356440 -0.6427441239 -0.1323928237 0.9911972284 -0.0004897677 0.6371359825 0.0847228318 -0.7660807967
-358.4 109.3 2628.2 -0.7609937787 -0.0859181434 -0.6430447698 -0.1144333407 0.9934272766 0.0026897555 0.6385871172 0.0756326467 -0.7658238411
-268.4 322.9 2553.4 -0.8013256788 -0.5250382423 0.2867264450 -0.5816537738 0.5717618465 -0.5785907507 0.1398430318 -0.6304151416 -0.7635579109
-79.6 459.9 2520.5 -0.3762260675 -0.5250382423 0.7634060383 -0.8203451633 0.5717618465 -0.0110536534 -0.4306828678 -0.6304151416 -0.6458242536
-482.4 290.7 2733.0 -0.2375603169 0.8509388566 -0.4684742689 -0.9043325186 -0.0176827088 0.4264622629 0.3546094298 0.5249670148 0.7737323642
-546.5 46.6 2828.7 -0.0846556425 0.8537886739 -0.5136908293 -0.9834872484 0.0111639434 0.1806327701 0.1599570215 0.5204999447 0.8387452364
-273.7 -77.6 2546.8 -0.4403514564 0.3572929204 -0.8236700296 0.1359322369 0.9333615303 0.3322027922 0.8874756694 0.0343226753 -0.4595747292
-415.7 -448.5 2533.1 -0.4869342446 0.1897425801 -0.8525800705 -0.0546007454 0.9675973654 0.2465239316 0.8717303276 0.1665924639 -0.4607962370
-411.2 -98.6 2671.7 -0.8459329605 0.0882976800 -0.5259286761 0.1262572706 0.9913203716 -0.0366473496 0.5181279182 -0.0974035189 -0.8497387767
-445.8 -487.8 2709.9 -0.8240684271 -0.2153950483 -0.5239429474 -0.2435174882 0.9697699547 -0.0156669263 0.5114787221 0.1146786511 -0.8516092896
23.2 684.1 2638.2 0 0 0 0 0 0 0 0 0
-568.5 -209.0 2870.3 0 0 0 0 0 0 0 0 0
-486.1 -807.6 2471.3 0 0 0 0 0 0 0 0 0
-375.9 -802.8 2672.6 0 0 0 0 0 0 0 0 0
-393.8 507.1 2659.5 8 -0.7540854812 -0.0859911814 -0.6511225700 -0.1215523183 0.9925376773 0.0096930219 0.6454301476 0.0864548236 -0.7589107156
-376.7 309.0 2642.2 -0.7540854812 -0.0859911814 -0.6511225700 -0.1215523183 0.9925376773 0.0096930219 0.6454301476 0.0864548236 -0.7589107156
-362.2 111.3 2627.1 -0.7554215193 -0.0728779137 -0.6511737108 -0.1048428863 0.9944351315 0.0103324438 0.6467970014 0.0760762766 -0.7588583827
-270.4 323.7 2551.2 -0.8071327806 -0.5140783787 0.2902758121 -0.5764412284 0.5800738931 -0.5755257010 0.1274839044 -0.6318526268 -0.7645326257
-78.0 461.2 2520.8 -0.3550330997 -0.5140783787 0.7808167934 -0.8144816756 0.5800738931 0.0115718255 -0.4588802457 -0.6318526268 -0.6246528625
-482.9 294.2 2733.2 -0.2447116673 0.8563103080 -0.4548063874 -0.9011734128 -0.0277858507 0.4325672388 0.3577745855 0.5157136917 0.7784836292
-549.0 51.0 2829.8 -0.0948774889 0.8594637513 -0.5023149252 -0.9823011756 0.0010333111 0.1873055249 0.1615013629 0.5111956000 0.8441542387
-271.6 -77.6 2554.6 -0.4398431778 0.3565472066 -0.8242645860 0.1139930785 0.9325544238 0.3425606489 0.8908106089 0.0567125008 -0.4508216083
-413.3 -448.2 2532.0 -0.4797303379 0.1926146746 -0.8560130596 -0.0518335402 0.9676816463 0.2467903942 0.8758836389 0.1627630293 -0.4542423487
-417.1 -96.0 2671.3 -0.8386904001 0.0992876515 -0.5354814529 0.1368022561 0.9901232123 -0.0306784343 0.5271465778 -0.0989847779 -0.8439896107
-456.0 -484.7 2710.2 -0.8213908672 -0.2023687363 -0.5332577825 -0.2332699299 0.9723637104 -0.0096955216 0.5204825997 0.1164292023 -0.8458971977
19.0 683.7 2646.2 0 0 0 0 0 0 0 0 0
-573.7 -204.3 2871.7 0 0 0 0 0 0 0 0 0
-485.1 -809.2 2471.3 0 0 0 0 0 0 0 0 0
-390.3 -800.6 2672.3 0 0 0 0 0 0 0 0 0
-394.9 510.0 2667.6 9 -0.7154620886 -0.0836219490 -0.6936290860 -0.1286347508 0.9916049838 0.0131386500 0.6867073774 0.0986250117 -0.7202125192
-378.2 311.5 2647.9 -0.7154620886 -0.0836219490 -0.6936290860 -0.1286347508 0.9916049838 0.0131386500 0.6867073774 0.0986250117 -0.7202125192
-363.8 113.9 2631.4 -0.7169410586 -0.0723471120 -0.6933696270 -0.1098075286 0.9939042330 0.0098351957 0.6884314418 0.0831884593 -0.7205150127
-277.4 327.0 2551.2 -0.8262136579 -0.4880389869 0.2814053595 -0.5494537950 0.5877999067 -0.5937944055 0.1243847758 -0.6452202797 -0.7538031936
-77.0 460.3 2521.0 -0.3393707573 -0.4880389869 0.8041426539 -0.8088601828 0.5877999067 0.0153776053 -0.4801798761 -0.6452202797 -0.5942373872
-478.9 296.1 2744.6 -0.2201394737 0.8843882680 -0.4115774930 -0.9034724832 -0.0257668737 0.4278709292 0.3677989542 0.4660402238 0.8046927452
-538.3 52.3 2843.8 -0.0815476775 0.8871576190 -0.4542040229 -0.9832099676 0.0030347216 0.1824527234 0.1632427126 0.4614565074 0.8720147610
-278.5 -76.7 2552.7 -0.3950775266 0.3402954340 -0.8532952070 0.0928438306 0.9388949275 0.3314458430 0.9139440656 0.0517236069 -0.4025306106
-413.7 -449.9 2532.1 -0.4317256212 0.1866272092 -0.8824869990 -0.0677140877 0.9688951373 0.2380274236 0.8994597197 0.1625193357 -0.4056595564
-415.2 -93.7 2677.9 -0.8078637719 0.0894649923 -0.5825394392 0.1315841228 0.9908415675 -0.0303093866 0.5744926333 -0.1011387929 -0.8122371435
-450.3 -482.8 2717.6 -0.7895722389 -0.1989416480 -0.5805152059 -0.2378594875 0.9712547660 -0.0093292678 0.5656841397 0.1307149082 -0.8141959906
15.7 681.3 2652.2 0 0 0 0 0 0 0 0 0
-559.5 -203.3 2886.3 0 0 0 0 0 0 0 0 0
-483.3 -811.2 2471.5 0 0 0 0 0 0 0 0 0
-385.7 -798.3 2675.1 0 0 0 0 0 0 0 0 0
-391.3 508.3 2662.2 0 -0.7194314599 -0.0668914020 -0.6913349032 -0.1034625247 0.9945676327 0.0114360955 0.6868143082 0.0797547400 -0.7224439383
-378.0 309.6 2646.3 -0.7194314599 -0.0668914020 -0.6913349032 -0.1034625247 0.9945676327 0.0114360955 0.6868143082 0.0797547400 -0.7224439383
-366.8 111.6 2633.2 -0.7205125690 -0.0562110320 -0.6911598444 -0.0859783962 0.9962598085 0.0086054215 0.6880910993 0.0656251311 -0.7226506472
-276.7 321.7 2549.6 -0.8192687631 -0.5013213158 0.2783444524 -0.5595980287 0.5931192636 -0.5788432956 0.1250950545 -0.6299892664 -0.7664625049
-78.6 457.0 2519.3 -0.3337181807 -0.5013213158 0.7983164191 -0.8042984009 0.5931192636 0.0362442136 -0.4916668534 -0.6299892664 -0.6011466384
-479.2 297.5 2743.0 -0.2360633314 0.8825922012 -0.4065772593 -0.8930137157 -0.0320659131 0.4488855898 0.3831456602 0.4690444767 0.7957365513
-542.9 56.6 2846.4 -0.0981621593 0.8858506083 -0.4534676373 -0.9787009358 -0.0033765438 0.2052633315 0.1803015023 0.4639583230 0.8673142791
-283.8 -73.5 2551.8 -0.4067554772 0.3215054274 -0.8550931215 0.0853445828 0.9453044534 0.3148266971 0.9095417857 0.0550799184 -0.4119465053
-411.6 -449.3 2529.9 -0.4390792549 0.1963803470 -0.8767235279 -0.0526747517 0.9685143828 0.2433213741 0.8969028592 0.1530185640 -0.4149102867
-421.7 -94.3 2683.2 -0.8071328998 0.1060520709 -0.5807662606 0.1549342126 0.9873033762 -0.0350346230 0.5696769953 -0.1182581633 -0.8133161068
-463.3 -481.8 2729.7 -0.7948494554 -0.1835141480 -0.5783916116 -0.2151652277 0.9764754176 -0.0141307143 0.5673784018 0.1132179722 -0.8156368732
12.6 676.9 2653.7 0 0 0 0 0 0 0 0 0
-568.4 -197.8 2893.2 0 0 0 0 0 0 0 0 0
-484.8 -809.9 2472.9 0 0 0 0 0 0 0 0 0
-403.7 -799.0 2692.9 0 0 0 0 0 0 0 0 0
-391.8 509.9 2669.0 1 -0.6961940527 -0.0637552068 -0.7150168419 -0.1018033549 0.9947499037 0.0104254978 0.7105982304 0.0800492838 -0.6990295053
-379.0 310.9 2653.0 -0.6961940527 -0.0637552068 -0.7150168419 -0.1018033549 0.9947499037 0.0104254978 0.7105982304 0.0800492838 -0.6990295053
-367.5 112.9 2640.5 -0.6972053647 -0.0577839985 -0.7145388126 -0.0852359161 0.9963574409 0.0025938761 0.7117861509 0.0627128333 -0.6995910406
-281.0 322.9 2552.9 -0.8317672610 -0.4874897897 0.2655502856 -0.5376189947 0.5882111192 -0.6041303873 0.1383077502 -0.6452607512 -0.7513384819
-77.6 454.4 2519.1 -0.3265538216 -0.4874897897 0.8097631335 -0.8082162142 0.5882111192 0.0281820893 -0.4900501370 -0.6452607512 -0.5860797167
-477.0 298.9 2753.0 -0.2198710293 0.8976495266 -0.3819450736 -0.8920310736 -0.0265134424 0.4511957765 0.3948889971 0.4399117529 0.8065608144
-536.4 58.3 2859.6 -0.0883610770 0.9006286263 -0.4255118668 -0.9781822562 0.0021777656 0.2077370882 0.1880206466 0.4345840216 0.8807865381
-289.6 -78.5 2557.1 -0.3864460588 0.3096762896 -0.8687692881 0.0598336868 0.9483805895 0.3114388585 0.9203691483 0.0683726445 -0.3850270212
-412.7 -455.4 2530.0 -0.4140918851 0.2001323700 -0.8879610896 -0.0591787323 0.9675461650 0.2456670105 0.9083092809 0.1542771310 -0.3888094425
-420.0 -93.0 2693.3 -0.7885882258 0.0982437655 -0.6070229411 0.1546467841 0.9871127605 -0.0411433354 0.5951579809 -0.1263192892 -0.7936185598
-458.5 -480.5 2742.9 -0.7749469876 -0.1834838539 -0.6048064232 -0.2153738588 0.9763220549 -0.0202312786 0.5941979885 0.1145813167 -0.7961155176
11.7 675.3 2653.1 0 0 0 0 0 0 0 0 0
-559.3 -196.0 2908.5 0 0 0 0 0 0 0 0 0
-485.8 -808.8 2473.6 0 0 0 0 0 0 0 0 0
-398.9 -797.7 2705.6 0 0 0 0 0 0 0 0 0
-391.7 507.7 2662.9 2 -0.7066576481 -0.0717214793 -0.7039112449 -0.0926654488 0.9956616759 -0.0084209284 0.7014614344 0.0592775382 -0.7102380395
-377.3 308.5 2651.0 -0.7066576481 -0.0717214793 -0.7039112449 -0.0926654488 0.9956616759 -0.0084209284 0.7014614344 0.0592775382 -0.7102380395
-365.3 110.3 2641.5 -0.7077098489 -0.0608476102 -0.7038781047 -0.0768497288 0.9970027804 -0.0089190528 0.7023111582 0.0477807410 -0.7102648020
-277.8 319.3 2552.3 -0.8250638247 -0.5015839338 0.2601599097 -0.5457417965 0.5880905390 -0.5969216228 0.1464087069 -0.6344785690 -0.7589475513
-78.5 451.1 2516.9 -0.3232471347 -0.5015839338 0.8024492860 -0.8076915145 0.5880905390 0.0422366634 -0.4930980504 -0.6344785690 -0.5952236652
-476.9 297.7 2749.8 -0.2241090089 0.8909211159 -0.3950122595 -0.8867964745 -0.0183222294 0.4617968500 0.4041870832 0.4537882805 0.7941718698
-537.4 58.3 2858.9 -0.0892737061 0.8939261436 -0.4392337203 -0.9756070971 0.0103138173 0.2192815542 0.2005516887 0.4480956197 0.8711999655
-292.2 -77.4 2562.8 -0.4051054418 0.3091505766 -0.8604158759 0.0575204417 0.9478498101 0.3134838343 0.9124587774 0.0775025040 -0.4017615914
-415.1 -454.2 2532.0 -0.4319279492 0.1927674264 -0.8810669780 -0.0613871776 0.9683432579 0.2419565022 0.8998165727 0.1585939825 -0.4064210653
-418.1 -94.9 2696.4 -0.7978096008 0.0982041359 -0.5948578119 0.1613444984 0.9854356647 -0.0537075140 0.5809198022 -0.1388254017 -0.8020347357
-456.7 -481.8 2750.9 -0.7833945751 -0.1872528046 -0.5926460028 -0.2087851465 0.9774100184 -0.0328385271 0.5854072571 0.0980101675 -0.8047933578
9.9 672.0 2651.7 0 0 0 0 0 0 0 0 0
-560.6 -195.2 2911.0 0 0 0 0 0 0 0 0 0
-485.6 -808.6 2473.9 0 0 0 0 0 0 0 0 0
-395.8 -799.4 2719.1 0 0 0 0 0 0 0 0 0
-390.1 505.6 2659.8 3 -0.7240712643 -0.0622683354 -0.6869086027 -0.0878509134 0.9961309433 0.0023043894 0.6841074228 0.0620140880 -0.7267401814
-377.7 307.0 2647.5 -0.7240712643 -0.0622683354 -0.6869086027 -0.0878509134 0.9961309433 0.0023043894 0.6841074228 0.0620140880 -0.7267401814
-367.2 108.8 2637.3 -0.7249022722 -0.0526109189 -0.6868396997 -0.0734311044 0.9972996712 0.0011087303 0.6849266887 0.0512391180 -0.7268080711
-275.7 317.3 2551.1 -0.8203076720 -0.5065897107 0.2654471397 -0.5538479090 0.5878767371 -0.5896214247 0.1426459700 -0.6306883097 -0.7628134489
-77.3 451.3 2516.6 -0.3184424043 -0.5065897107 0.8012248278 -0.8073527217 0.5878767371 0.0508184098 -0.4967655540 -0.6306883097 -0.5962014794
-479.6 296.7 2743.8 -0.2419052571 0.8796764016 -0.4094524682 -0.8865492344 -0.0288783424 0.4617320299 0.3943504691 0.4746951759 0.7868622541
-544.9 57.5 2850.2 -0.1030731648 0.8830823302 -0.4577570856 -0.9756733775 -0.0002401057 0.2192291766 0.1934874952 0.4692180455 0.8616246581
-288.3 -80.8 2567.6 -0.4274543524 0.3178213537 -0.8463287950 0.0531371087 0.9433804154 0.3274291754 0.9024739265 0.0949895605 -0.4201401472
-414.6 -455.8 2529.9 -0.4515844882 0.1954895556 -0.8705488443 -0.0532198250 0.9680627584 0.2449941784 0.8906397223 0.1569660306 -0.4267581999
-423.2 -96.2 2689.9 -0.8098653555 0.1106203049 -0.5760913491 0.1660491526 0.9851233363 -0.0442686975 0.5626239777 -0.1315111667 -0.8161856532
-466.7 -483.0 2741.5 -0.7990006208 -0.1804427207 -0.5736187100 -0.2042207271 0.9786453843 -0.0233900044 0.5655898452 0.0984561965 -0.8187884688
9.8 672.1 2652.5 0 0 0 0 0 0 0 0 0
-571.7 -196.1 2900.5 0 0 0 0 0 0 0 0 0
-485.8 -808.0 2472.8 0 0 0 0 0 0 0 0 0
-408.0 -800.9 2709.5 0 0 0 0 0 0 0 0 0
-390.1 501.0 2666.3 4 -0.7177655101 -0.0754963532 -0.6921798587 -0.1192062423 0.9927511215 0.0153327715 0.6860047579 0.0935174972 -0.7215621471
-375.1 303.1 2647.7 -0.7177655101 -0.0754963532 -0.6921798587 -0.1192062423 0.9927511215 0.0153327715 0.6860047579 0.0935174972 -0.7215621471
-362.0 105.4 2632.6 -0.7191189528 -0.0660758838 -0.6917383075 -0.1002038345 0.9949250221 0.0091334013 0.6876242757 0.0758828372 -0.7220904827
-273.9 317.2 2551.0 -0.8197048306 -0.5050178170 0.2702610195 -0.5544025898 0.5809468627 -0.5959349871 0.1439505070 -0.6383242011 -0.7561880946
-77.5 450.1 2516.5 -0.3381965458 -0.5050178170 0.7940907478 -0.8136178255 0.5809468627 0.0229517203 -0.4729155302 -0.6383242011 -0.6073657274
-476.3 289.1 2744.4 -0.2269995958 0.8832002282 -0.4104004800 -0.8991186023 -0.0281207766 0.4368008673 0.3742418289 0.4681523144 0.8004851341
-537.5 46.5 2845.3 -0.0883128643 0.8861743808 -0.4548579454 -0.9814168215 0.0006878610 0.1918869168 0.1703581512 0.4633513093 0.8696457148
-290.3 -82.7 2564.3 -0.4109256566 0.3169275522 -0.8548082113 0.0587584078 0.9448876381 0.3220787942 0.9097733498 0.0821232796 -0.4069007337
-416.3 -458.4 2531.6 -0.4391894042 0.1910928786 -0.8778361082 -0.0663856044 0.9675422311 0.2438340038 0.8959383965 0.1653649807 -0.4122484624
-414.8 -101.5 2680.5 -0.8082154393 0.0961679369 -0.5809814930 0.1410733908 0.9894666076 -0.0324670114 0.5717394948 -0.1082013696 -0.8132689595
-452.6 -489.9 2723.0 -0.7922122478 -0.1933102608 -0.5788185000 -0.2290756106 0.9733402133 -0.0115409885 0.5656183362 0.1234502941 -0.8153747320
15.0 672.5 2645.7 0 0 0 0 0 0 0 0 0
-560.4 -208.5 2889.6 0 0 0 0 0 0 0 0 0
-485.3 -807.9 2471.9 0 0 0 0 0 0 0 0 0
-389.8 -806.0 2682.9 0 0 0 0 0 0 0 0 0
-387.1 499.3 2652.0 5 -0.7378972769 -0.0708736330 -0.6711814404 -0.0869286209 0.9961680770 -0.0096213333 0.6692914367 0.0512453206 -0.7412306666
-373.0 300.2 2641.8 -0.7378972769 -0.0708736330 -0.6711814404 -0.0869286209 0.9961680770 -0.0096213333 0.6692914367 0.0512453206 -0.7412306666
-361.0 102.1 2633.3 -0.7387725115 -0.0607286356 -0.6712132096 -0.0736713484 0.9972406626 -0.0091397204 0.6699162126 0.0426970087 -0.7412079573
-269.1 310.6 2547.7 -0.8018500805 -0.5199927092 0.2943536341 -0.5837118626 0.5763616562 -0.5719158649 0.1277379543 -0.6304084659 -0.7656815052
-77.0 450.5 2517.1 -0.3487621546 -0.5199927092 0.7797259092 -0.8169750571 0.5763616562 0.0189475287 -0.4592566788 -0.6304084659 -0.6258342266
-476.9 289.8 2736.0 -0.2444336712 0.8694476485 -0.4293168783 -0.8853074908 -0.0194828603 0.4645977020 0.3955790401 0.4936407804 0.7744907737
-542.8 51.0 2842.7 -0.1007709354 0.8727804422 -0.4775976837 -0.9749163389 0.0091283824 0.2223844528 0.1984525025 0.4880276620 0.8499680161
-282.9 -83.1 2554.4 -0.4335502982 0.3356468379 -0.8362866640 0.0964336395 0.9399948120 0.3272770643 0.8959546089 0.0612449124 -0.4399026930
-416.3 -456.6 2530.1 -0.4681364000 0.1933740079 -0.8622382283 -0.0504311509 0.9683251381 0.2445467561 0.8822159767 0.1579649001 -0.4435561597
-416.8 -102.8 2686.2 -0.8227601647 0.1069505811 -0.5582358837 0.1646900177 0.9848637581 -0.0540428050 0.5440064073 -0.1364001483 -0.8279203176
-458.7 -489.3 2739.7 -0.8094964027 -0.1890450269 -0.5558574796 -0.2055680901 0.9780771136 -0.0332710929 0.5499612093 0.0873337314 -0.8306115270
18.4 673.8 2642.6 0 0 0 0 0 0 0 0 0
-569.0 -202.2 2894.2 0 0 0 0 0 0 0 0 0
-486.2 -806.7 2473.0 0 0 0 0 0 0 0 0 0
-397.4 -806.8 2711.4 0 0 0 0 0 0 0 0 0
-385.6 498.3 2654.4 6 -0.7127358317 -0.0608684681 -0.6987865567 -0.0831292421 0.9965367317 -0.0020156025 0.6964891553 0.0566530079 -0.7153273821
-373.5 298.9 2643.1 -0.7127358317 -0.0608684681 -0.6987865567 -0.0831292421 0.9965367317 -0.0020156025 0.6964891553 0.0566530079 -0.7153273821
-362.6 100.7 2634.1 -0.7134439945 -0.0550902970 -0.6985432506 -0.0709514320 0.9974604845 -0.0061993604 0.6971108317 0.0451397486 -0.7155409455
-273.2 308.9 2545.1 -0.8134346604 -0.5017403960 0.2942457795 -0.5693860054 0.5835122466 -0.5790622234 0.1188428923 -0.6385686994 -0.7603330612
-74.0 448.4 2516.0 -0.3161031604 -0.5017403960 0.8051927090 -0.8108407855 0.5835122466 0.0452839844 -0.4925606251 -0.6385686994 -0.5912816525
-473.8 288.9 2741.1 -0.2326414883 0.8873180151 -0.3981766403 -0.8845545053 -0.0228587445 0.4658763707 0.4042786956 0.4605911076 0.7901990414
-536.5 50.3 2850.1 -0.0968748033 0.8905427456 -0.4444646835 -0.9745945930 0.0057306159 0.2239030898 0.2019423246 0.4548634589 0.8673629761
-281.3 -89.2 2563.4 -0.4116856456 0.3384163380 -0.8461615443 0.0636544228 0.9369054437 0.3437387347 0.9091001153 0.0876503736 -0.4072521925
-415.8 -461.5 2528.6 -0.4385682046 0.1972138435 -0.8767922521 -0.0531033389 0.9682335854 0.2443435192 0.8971276283 0.1537218988 -0.4141637385
-417.1 -104.1 2689.0 -0.8011559248 0.1054036170 -0.5891004205 0.1675861627 0.9844976068 -0.0517620221 0.5745120645 -0.1401945204 -0.8064002395
-458.5 -490.5 2744.1 -0.7890992165 -0.1818133444 -0.5867421031 -0.2025054544 0.9787918925 -0.0309514571 0.5799258351 0.0943947062 -0.8091821074
12.4 669.8 2650.5 0 0 0 0 0 0 0 0 0
-561.7 -203.0 2902.6 0 0 0 0 0 0 0 0 0
-486.3 -808.1 2473.6 0 0 0 0 0 0 0 0 0
-399.4 -808.4 2713.4 0 0 0 0 0 0 0 0 0
-386.1 499.2 2655.6 7 -0.6986315250 -0.0573755763 -0.7131773829 -0.0832007751 0.9965319037 0.0013322021 0.7106276155 0.0602676310 -0.7009823322
-374.7 300.6 2643.6 -0.6986315250 -0.0573755763 -0.7131773829 -0.0832007751 0.9965319037 0.0013322021 0.7106276155 0.0602676310 -0.7009823322
-364.6 102.3 2633.9 -0.6993315816 -0.0507058613 -0.7129966617 -0.0702851713 0.9975249171 -0.0020024183 0.7113334537 0.0487127416 -0.7011646032
-276.3 310.5 2543.6 -0.8268880248 -0.4830341935 0.2879828811 -0.5498089194 0.5867663622 -0.5944874883 0.1181791276 -0.6499101520 -0.7507665753
-75.5 444.0 2514.9 -0.3018096685 -0.4830341935 0.8219421506 -0.8083314896 0.5867663622 0.0480155125 -0.5054811239 -0.6499101520 -0.5675435066
-473.0 290.7 2743.6 -0.2273603231 0.8964590430 -0.3803530335 -0.8847333193 -0.0269598681 0.4653172493 0.4068835974 0.4423056841 0.7992568016
-534.4 51.9 2853.4 -0.0960343853 0.8996638060 -0.4258901775 -0.9747574925 0.0016384661 0.2232601643 0.2015568912 0.4365803003 0.8767967224
-286.3 -91.0 2561.3 -0.3941752613 0.3294113576 -0.8579708934 0.0590621047 0.9407058954 0.3340420723 0.9171354771 0.0809975564 -0.3902587295
-417.2 -464.9 2529.1 -0.4219027758 0.1967109740 -0.8850439787 -0.0617165416 0.9676834941 0.2444989681 0.9045380950 0.1577766389 -0.3961280286
-418.7 -102.4 2689.5 -0.7886994481 0.1058527455 -0.6055975556 0.1688407212 0.9844830632 -0.0478111915 0.5911396146 -0.1399581879 -0.7943334579
-460.3 -489.0 2744.4 -0.7777813077 -0.1765766293 -0.6032221317 -0.2013747990 0.9791429043 -0.0269688442 0.5954027772 0.1004978716 -0.7971171141
7.0 664.9 2653.0 0 0 0 0 0 0 0 0 0
-559.3 -201.5 2905.8 0 0 0 0 0 0 0 0 0
-486.8 -807.1 2473.3 0 0 0 0 0 0 0 0 0
-402.9 -807.1 2711.8 0 0 0 0 0 0 0 0 0
-385.2 501.7 2665.7 8 -0.6499600410 -0.0550072119 -0.7579750419 -0.0950865895 0.9954255819 0.0092970002 0.7539963722 0.0781159401 -0.6522172689
-374.2 303.0 2650.1 -0.6499600410 -0.0550072119 -0.7579750419 -0.0950865895 0.9954255819 0.0092970002 0.7539963722 0.0781159401 -0.6522172689
-364.6 104.8 2638.0 -0.6508381963 -0.0489039682 -0.7576397657 -0.0782483369 0.9969297647 0.0028683625 0.7551733851 0.0611508936 -0.6526666284
-282.8 314.0 2544.1 -0.8435205221 -0.4618958831 0.2740900517 -0.5235953331 0.5934761763 -0.6112560630 0.1196707487 -0.6591193080 -0.7424558401
-75.7 442.6 2514.7 -0.2972117960 -0.4618958831 0.8356538415 -0.8037459254 0.5934761763 0.0421722569 -0.5154198408 -0.6591193080 -0.5476350784
-465.6 291.9 2756.1 -0.1986121684 0.9236614108 -0.3277237117 -0.8892211318 -0.0292206928 0.4565434456 0.4121152461 0.3820939362 0.8271428347
-519.1 52.0 2867.3 -0.0811398849 0.9264318943 -0.3676143289 -0.9768357277 -0.0006418632 0.2139897197 0.1980109364 0.3764619231 0.9050238132
-290.5 -89.5 2559.0 -0.3353899121 0.3213889599 -0.8855634928 0.0429299623 0.9442468882 0.3264274299 0.9411007762 0.0714632645 -0.3304880857
-418.2 -464.9 2530.6 -0.3633913100 0.1942439377 -0.9111618996 -0.0821932629 0.9675247669 0.2390399873 0.9280037880 0.1617564261 -0.3356245458
-414.5 -100.6 2694.9 -0.7483117580 0.0949539244 -0.6565160155 0.1615934074 0.9859809875 -0.0415823571 0.6433638930 -0.1372052282 -0.7531650662
-451.8 -487.7 2748.8 -0.7367009521 -0.1705386639 -0.6543609500 -0.2079728544 0.9779151082 -0.0207202546 0.6434431076 0.1208246946 -0.7558984160
5.5 662.3 2655.6 0 0 0 0 0 0 0 0 0
-540.2 -201.9 2918.8 0 0 0 0 0 0 0 0 0
-486.9 -806.7 2473.5 0 0 0 0 0 0 0 0 0
-396.4 -805.4 2709.6 0 0 0 0 0 0 0 0 0
-385.8 500.9 2661.2 9 -0.6612631679 -0.0601323210 -0.7477400303 -0.0837235898 0.9964703918 -0.0060940343 0.7454672456 0.0585737154 -0.6639636755
-373.8 302.3 2649.6 -0.6612631679 -0.0601323210 -0.7477400303 -0.0837235898 0.9964703918 -0.0060940343 0.7454672456 0.0585737154 -0.6639636755
-364.2 104.0 2640.3 -0.6621659994 -0.0488633700 -0.7477623224 -0.0672050118 0.9977229834 -0.0056852759 0.7463374734 0.0464887768 -0.6639421582
-280.7 311.8 2544.7 -0.8442755342 -0.4645327926 0.2672228813 -0.5209677815 0.5945012569 -0.6125037670 0.1256637275 -0.6563364863 -0.7439295053
-76.9 437.6 2514.3 -0.2922380865 -0.4645327926 0.8359462619 -0.8025511503 0.5945012569 0.0497990437 -0.5201044083 -0.6563364863 -0.5465472341
-466.9 292.8 2754.4 -0.2057618648 0.9178020954 -0.3395605385 -0.8830099702 -0.0245519485 0.4687115848 0.4218476117 0.3962783217 0.8154802918
-522.4 54.6 2868.3 -0.0850568935 0.9206905961 -0.3809122741 -0.9738604426 0.0039928788 0.2271119952 0.2106208205 0.3902728558 0.8962845206
-295.4 -86.2 2556.7 -0.3515473306 0.3095979691 -0.8834950924 0.0499566942 0.9485927820 0.3125317097 0.9348362684 0.0657332018 -0.3489417434
-418.5 -463.3 2530.6 -0.3791547418 0.1928808689 -0.9050075412 -0.0738224462 0.9686115384 0.2373646200 0.9223838449 0.1568077952 -0.3530147076
-415.2 -100.5 2699.5 -0.7577086687 0.0979796574 -0.6451957226 0.1712621599 0.9838671684 -0.0517174304 0.6297196150 -0.1496843696 -0.7622649074
-453.7 -486.8 2758.2 -0.7463947535 -0.1716747582 -0.6429795027 -0.1986886561 0.9795753956 -0.0309002120 0.6351516843 0.1046889722 -0.7652598023
3.0 657.0 2656.5 0 0 0 0 0 0 0 0 0
-544.5 -198.6 2923.0 0 0 0 0 0 0 0 0 0
-487.0 -807.5 2474.9 0 0 0 0 0 0 0 0 0
-397.9 -805.0 2724.2 0 0 0 0 0 0 0 0 0
-384.2 499.9 2659.0 0 -0.6805216670 -0.0580648258 -0.7304236293 -0.0887587070 0.9960469604 0.0035142999 0.7273321748 0.0672230124 -0.6829853058
-372.6 301.6 2645.6 -0.6805216670 -0.0580648258 -0.7304236293 -0.0887587070 0.9960469604 0.0035142999 0.7273321748 0.0672230124 -0.6829853058
-363.3 103.4 2634.6 -0.6813614964 -0.0472540855 -0.7304201126 -0.0728629827 0.9973360300 0.0034471068 0.7283113599 0.0555693172 -0.6829894781
-276.8 311.9 2543.2 -0.8430311084 -0.4685960710 0.2640383840 -0.5215418339 0.5921529531 -0.6142874360 0.1315015554 -0.6555704474 -0.7435957789
-76.3 435.9 2512.0 -0.2843594253 -0.4685960710 0.8363955021 -0.8036983013 0.5921529531 0.0585145913 -0.5226937532 -0.6555704474 -0.5449941158
-468.4 291.4 2748.0 -0.2188809067 0.9072579145 -0.3591298759 -0.8866456747 -0.0312706418 0.4613909423 0.4073703587 0.4194106162 0.8112608194
-527.5 52.1 2857.9 -0.0929475799 0.9103786349 -0.4032015204 -0.9757236242 -0.0026298524 0.2189897150 0.1983031929 0.4137678146 0.8885223866
-293.8 -88.1 2562.7 -0.3762326241 0.3146921992 -0.8714458346 0.0388063416 0.9450795650 0.3245284557 0.9257122278 0.0882805660 -0.3677818179
-418.9 -463.8 2527.6 -0.3979225159 0.1930792481 -0.8968712687 -0.0601162203 0.9700138569 0.2354977131 0.9154472947 0.1476263553 -0.3743831515
-416.3 -101.6 2690.3 -0.7732169032 0.1043238640 -0.6255015135 0.1669283807 0.9850717187 -0.0420548357 0.6117765307 -0.1369314641 -0.7790887356
-457.3 -488.3 2744.1 -0.7629746199 -0.1718916148 -0.6231557131 -0.2032108754 0.9789051414 -0.0212159511 0.6136571765 0.1104447767 -0.7818099856
1.5 655.7 2654.9 0 0 0 0 0 0 0 0 0
-551.7 -201.5 2909.5 0 0 0 0 0 0 0 0 0
-487.3 -807.2 2475.4 0 0 0 0 0 0 0 0 0
-401.4 -806.4 2708.2 0 0 0 0 0 0 0 0 0
-388.4 504.3 2666.9 1 -0.6910225749 -0.0743156895 -0.7190027833 -0.1220859215 0.9924097657 0.0147600407 0.7124484777 0.0979796350 -0.6948504448
-373.6 305.8 2647.3 -0.6910225749 -0.0743156895 -0.7190027833 -0.1220859215 0.9924097657 0.0147600407 0.7124484777 0.0979796350 -0.6948504448
-361.8 108.2 2631.0 -0.6924853325 -0.0591154024 -0.7190058231 -0.1002998129 0.9948471189 0.0148056746 0.7144256234 0.0823688656 -0.6948463321
-276.2 319.9 2546.9 -0.8560561538 -0.4454582930 0.2621731162 -0.5004706383 0.5875368714 -0.6358691454 0.1292168349 -0.6755496860 -0.7259033322
-73.1 438.7 2516.2 -0.2840445042 -0.4454582930 0.8490498066 -0.8083122373 0.5875368714 0.0378381945 -0.5157033801 -0.6755496860 -0.5269560218
-471.0 291.7 2747.7 -0.2157104760 0.9005243182 -0.3775247335 -0.8998532891 -0.0332166962 0.4349260628 0.3791213632 0.4335350096 0.8175050020
-529.1 49.0 2850.0 -0.0852991864 0.9034232497 -0.4201790690 -0.9817824960 -0.0043486748 0.1899584383 0.1697856486 0.4287277460 0.8873360753
-291.4 -88.2 2556.8 -0.3770317733 0.3222824037 -0.8683208227 0.0539927669 0.9435622096 0.3267645836 0.9246252179 0.0763175935 -0.3731538653
-419.5 -463.3 2526.4 -0.4011787474 0.1906852573 -0.8959323168 -0.0562280901 0.9711213708 0.2318657637 0.9142723680 0.1433961838 -0.3788713813
-413.5 -98.7 2680.1 -0.7850307226 0.0955713317 -0.6120399237 0.1416198015 0.9895493388 -0.0271278899 0.6030510664 -0.1079731956 -0.7903614640
-451.0 -487.1 2722.5 -0.7706491351 -0.1847568601 -0.6098892093 -0.2284422219 0.9735373259 -0.0062616379 0.5949068069 0.1344989091 -0.7924619317
4.6 659.7 2657.2 0 0 0 0 0 0 0 0 0
-551.3 -206.1 2894.1 0 0 0 0 0 0 0 0 0
-487.1 -807.2 2475.7 0 0 0 0 0 0 0 0 0
-391.0 -803.3 2678.8 0 0 0 0 0 0 0 0 0
-386.4 504.6 2662.3 2 -0.7227064371 -0.0634885579 -0.6882329583 -0.1102717221 0.9936083555 0.0241361801 0.6823016405 0.0933360010 -0.7250881791
-373.7 305.7 2643.6 -0.7227064371 -0.0634885579 -0.6882329583 -0.1102717221 0.9936083555 0.0241361801 0.6823016405 0.0933360010 -0.7250881791
-362.5 107.9 2627.4 -0.7235053778 -0.0562169291 -0.6880258918 -0.0969986990 0.9950693250 0.0206959359 0.6834699512 0.0817112401 -0.7253909707
-272.0 319.3 2547.6 -0.8487429619 -0.4473173022 0.2820330560 -0.5147528648 0.5767362118 -0.6343539357 0.1210988089 -0.6835806966 -0.7197586298
-71.2 441.0 2519.0 -0.2762578428 -0.4473173022 0.8506402373 -0.8160338998 0.5767362118 0.0382633209 -0.5077108741 -0.6835806966 -0.5243539810
-475.4 292.0 2739.7 -0.2377359420 0.8805814981 -0.4099485874 -0.8992079496 -0.0399295911 0.4356955886 0.3672963977 0.4722095430 0.8013185859
-539.5 49.4 2838.8 -0.0989424512 0.8838682175 -0.4571513236 -0.9815359116 -0.0111105656 0.1909549087 0.1636997759 0.4676040113 0.8686477542
-286.5 -80.3 2549.1 -0.4059759080 0.3246865273 -0.8542612195 0.0854034722 0.9441475272 0.3182635903 0.9098845124 0.0562504828 -0.4110305011
-415.6 -455.6 2526.8 -0.4360725284 0.1967571378 -0.8781386018 -0.0441977866 0.9699452519 0.2392755449 0.8988255262 0.1431532800 -0.4142702520
-417.6 -98.8 2673.8 -0.8095753789 0.1065542251 -0.5772641897 0.1455787122 0.9891110659 -0.0215897243 0.5686779022 -0.1015158817 -0.8162720203
-459.4 -487.1 2713.6 -0.7972929478 -0.1839315444 -0.5748853087 -0.2243130952 0.9745168686 -0.0006977937 0.5603637695 0.1283979565 -0.8182336688
4.3 664.2 2657.8 0 0 0 0 0 0 0 0 0
-565.2 -205.6 2881.3 0 0 0 0 0 0 0 0 0
-487.2 -808.7 2474.7 0 0 0 0 0 0 0 0 0
-399.7 -803.7 2671.9 0 0 0 0 0 0 0 0 0
-387.4 503.4 2659.6 3 -0.7238427401 -0.0613891147 -0.6872285604 -0.0995897278 0.9948995709 0.0160227586 0.6827397943 0.0800388604 -0.7262645364
-375.2 304.9 2643.6 -0.7238427401 -0.0613891147 -0.6872285604 -0.0995897278 0.9948995709 0.0160227586 0.6827397943 0.0800388604 -0.7262645364
-364.6 106.9 2630.0 -0.7246396542 -0.0531299002 -0.6870768666 -0.0857340172 0.9962281585 0.0133853480 0.6837741733 0.0686054081 -0.7264614105
-273.3 316.9 2547.4 -0.8447480202 -0.4383951426 0.3069371879 -0.5232133865 0.5560165048 -0.6458276510 0.1124655679 -0.7061553001 -0.6990680695
-69.9 442.9 2520.4 -0.2998778224 -0.4383951426 0.8472797275 -0.8311460018 0.5560165048 -0.0064763832 -0.4682623446 -0.7061553001 -0.5311074257
-477.1 292.8 2739.7 -0.2412351370 0.8798621297 -0.4094486535 -0.8934202790 -0.0365995578 0.4477283955 0.3789536357 0.4738175571 0.7949157953
-542.2 51.8 2842.0 -0.1024211422 0.8832514882 -0.4575770199 -0.9789459109 -0.0078497883 0.2039687783 0.1765638441 0.4688338637 0.8654594421
-285.0 -81.0 2548.6 -0.4051638842 0.3300597966 -0.8525859118 0.1033060402 0.9431138635 0.3160128295 0.9083887339 0.0399597101 -0.4162128568
-416.2 -455.9 2532.7 -0.4439379275 0.1909344345 -0.8754788041 -0.0616499446 0.9682106376 0.2424199283 0.8939342499 0.1615926176 -0.4180543423
-420.5 -99.0 2679.0 -0.8097726703 0.1099880338 -0.5763426423 0.1557787806 0.9873223901 -0.0304536708 0.5656864643 -0.1144425049 -0.8166404963
-463.7 -486.6 2723.9 -0.7986810803 -0.1809974462 -0.5738888979 -0.2144561708 0.9766866565 -0.0095762396 0.5622428656 0.1154256538 -0.8188772202
12.0 669.9 2648.3 0 0 0 0 0 0 0 0 0
-568.8 -202.7 2887.9 0 0 0 0 0 0 0 0 0
-486.0 -810.0 2473.6 0 0 0 0 0 0 0 0 0
-404.9 -803.9 2686.4 0 0 0 0 0 0 0 0 0
-384.9 500.5 2660.2 4 -0.7140379548 -0.0534563959 -0.6980631948 -0.0932892561 0.9954540133 0.0191940814 0.6938637495 0.0788270980 -0.7157788277
-374.2 302.6 2644.5 -0.7140379548 -0.0534563959 -0.6980631948 -0.0932892561 0.9954540133 0.0191940814 0.6938637495 0.0788270980 -0.7157788277
-365.3 104.4 2631.0 -0.7147119641 -0.0450794920 -0.6979646683 -0.0796625987 0.9966734648 0.0172018446 0.6948673725 0.0678960457 -0.7159255743
-273.7 313.8 2546.8 -0.8395884037 -0.4478731155 0.3074101508 -0.5309169292 0.5567656755 -0.6388577223 0.1149717942 -0.6995868087 -0.7052373886
-70.6 442.2 2518.9 -0.2958900332 -0.4478731155 0.8437172174 -0.8306587934 0.5567656755 0.0042392155 -0.4716514051 -0.6995868087 -0.5367711186
-474.8 291.3 2742.2 -0.2417179942 0.8867151141 -0.3940922022 -0.8911056519 -0.0420993268 0.4518388510 0.3840613365 0.4603953958 0.8003330231
-540.0 50.8 2845.9 -0.1066175252 0.8902297616 -0.4428585172 -0.9779264927 -0.0133890631 0.2085197866 0.1797010601 0.4553149343 0.8720067739
-287.6 -83.3 2553.6 -0.3973406851 0.3301139474 -0.8562389612 0.0882133991 0.9424754381 0.3224258125 0.9134214520 0.0525811389 -0.4036043286
-418.8 -458.0 2532.7 -0.4325973094 0.1849181205 -0.8824198842 -0.0681136325 0.9692401290 0.2365040034 0.8990105987 0.1624158174 -0.4066952169
-421.8 -101.0 2681.2 -0.7999277115 0.1151912063 -0.5889368653 0.1623627245 0.9863448143 -0.0276093986 0.5777145028 -0.1177069247 -0.8077073097
-467.1 -488.3 2727.5 -0.7914972305 -0.1723544598 -0.5863668323 -0.2080065310 0.9781042933 -0.0067262356 0.5746871829 0.1166443378 -0.8100177050
10.3 669.2 2647.9 0 0 0 0 0 0 0 0 0
-567.7 -203.4 2892.6 0 0 0 0 0 0 0 0 0
-486.1 -810.4 2473.7 0 0 0 0 0 0 0 0 0
-411.1 -806.1 2689.6 0 0 0 0 0 0 0 0 0
-385.7 500.8 2658.5 5 -0.6961700916 -0.0605702475 -0.7153170109 -0.0875191391 0.9961624742 0.0008253666 0.7125219703 0.0631785244 -0.6987996101
-373.6 302.6 2645.9 -0.6961700916 -0.0605702475 -0.7153170109 -0.0875191391 0.9961624742 0.0008253666 0.7125219703 0.0631785244 -0.6987996101
-363.6 104.4 2634.7 -0.6968341470 -0.0505311713 -0.7154500484 -0.0756051019 0.9971326590 0.0032118731 0.7132362723 0.0563298129 -0.6986564994
