-234.6 483.3 2363.0 9 0.5537869930 0.0889297277 -0.8278958201 -0.0733127519 0.9956264496 0.0579072125 0.8294246197 0.0286270585 0.5578846335
-251.9 289.4 2357.4 0.5537869930 0.0889297277 -0.8278958201 -0.0733127519 0.9956264496 0.0579072125 0.8294246197 0.0286270585 0.5578846335
-269.6 94.4 2353.4 0.5543125272 0.0903767571 -0.8273872733 -0.0674766004 0.9956945777 0.0635549128 0.8295688629 0.0205999967 0.5580242872
-330.9 299.0 2239.2 0.1649508625 0.0415159389 -0.9854276180 0.9528779387 0.2511867285 0.1700848341 0.2545875609 -0.9670479298 0.0018738451
-373.9 50.8 2172.9 -0.2601144314 0.0479046404 -0.9643887281 0.9428231120 0.2281505913 -0.2429647148 0.2083867192 -0.9724466205 -0.1045108661
-172.9 279.8 2475.6 0.3634066582 -0.5676804781 -0.7386978269 0.8240271211 0.5657862425 -0.0294150785 0.4346434176 -0.5980173945 0.6733946204
-103.3 437.6 2558.9 0.6490868330 -0.5691606998 -0.5047200918 0.7548586726 0.5640680194 0.3346874714 0.0942054987 -0.5982335806 0.7957649827
-338.4 -93.3 2275.8 0.3913891017 0.0388926975 -0.9194030166 -0.0895937607 0.9959703684 0.0039916681 0.9158534408 0.0808104798 0.3932965100
-353.6 -483.4 2244.2 0.3894491196 0.1528145820 -0.9082825184 -0.1023446023 0.9872131944 0.1222115010 0.9153441787 0.0453626476 0.4001090825
-240.0 -104.6 2427.0 -0.9966335297 0.0516775325 -0.0636479855 0.0614837706 0.9846637845 -0.1632697582 0.0542344898 -0.1666334271 -0.9845262170
-260.2 -490.3 2492.3 -0.9981198311 0.0513387397 -0.0334827229 0.0390314758 0.9535826445 0.2985911071 0.0472578332 0.2967228293 -0.9537936449
-300.6 -214.8 2114.2 0 0 0 0 0 0 0 0 0
56.3 623.1 2582.0 0 0 0 0 0 0 0 0 0
-411.2 -855.1 2227.1 0 0 0 0 0 0 0 0 0
-275.7 -778.3 2402.7 0 0 0 0 0 0 0 0 0
-233.5 485.5 2365.6 0 0.5409069061 0.0955533758 -0.8356370330 -0.0793916136 0.9948902130 0.0623735450 0.8373271227 0.0326042883 0.5457291007
-252.1 291.0 2359.3 0.5409069061 0.0955533758 -0.8356370330 -0.0793916136 0.9948902130 0.0623735450 0.8373271227 0.0326042883 0.5457291007
-270.7 96.1 2355.0 0.5418114066 0.0947225913 -0.8351455331 -0.0699311197 0.9952644706 0.0675146431 0.8375858068 0.0218224525 0.5458697081
-329.3 300.9 2239.9 0.1750581264 0.0559463277 -0.9829672575 0.9517475367 0.2459776700 0.1834981591 0.2520540357 -0.9676595330 -0.0101863900
-375.7 48.7 2173.1 -0.2609452307 0.0498832911 -0.9640639424 0.9334172606 0.2677865326 -0.2387940288 0.2462514937 -0.9621860981 -0.1164395437
-174.9 281.0 2478.6 0.3059647083 -0.4393120706 -0.8446244597 0.8516381979 0.5228538513 0.0365549661 0.4255561233 -0.7304989696 0.5341097713
-121.7 429.1 2552.6 0.6875633001 -0.4393120706 -0.5781536102 0.7190429568 0.5228538513 0.4578221440 0.1011630520 -0.7304989696 0.6753793955
-337.4 -94.5 2274.3 0.3779330552 0.0424914621 -0.9248573184 -0.0821163207 0.9965476990 0.0122292349 0.9221841097 0.0713240504 0.3801175654
-354.1 -484.8 2246.4 0.3737139702 0.1516446173 -0.9150637984 -0.1106290594 0.9867900014 0.1183499545 0.9209229350 0.0570036173 0.3855535090
-237.2 -106.7 2424.3 -0.9967780709 0.0627320409 -0.0499818139 0.0700902864 0.9842137694 -0.1625134945 0.0389979854 -0.1654931307 -0.9854395986
-261.8 -492.2 2489.1 -0.9987677336 0.0466166213 -0.0170251559 0.0396790802 0.9561306834 0.2902407348 0.0298083164 0.2892075479 -0.9568021894
-302.5 -213.4 2104.0 0 0 0 0 0 0 0 0 0
43.1 601.5 2576.9 0 0 0 0 0 0 0 0 0
-411.2 -856.5 2224.9 0 0 0 0 0 0 0 0 0
-275.8 -779.5 2402.2 0 0 0 0 0 0 0 0 0
-233.4 484.0 2358.5 1 0.5371392965 0.1004753858 -0.8374879360 -0.0661985800 0.9948391318 0.0768954158 0.8408918381 0.0141369626 0.5410184860
-253.0 289.6 2355.7 0.5371392965 0.1004753858 -0.8374879360 -0.0661985800 0.9948391318 0.0768954158 0.8408918381 0.0141369626 0.5410184860
-272.3 94.7 2353.9 0.5376970768 0.0982940122 -0.8373888731 -0.0606143139 0.9951178432 0.0778873339 0.8409564495 0.0088779610 0.5410299897
-329.6 298.3 2235.9 0.1787478775 0.0610429421 -0.9819994569 0.9545059800 0.2313596457 0.1881251335 0.2386787683 -0.9709513187 -0.0169108063
-376.6 47.8 2173.2 -0.2609535456 0.0451150350 -0.9642965794 0.9274650216 0.2888160646 -0.2374739647 0.2677907050 -0.9563210011 -0.1172101945
-176.4 281.0 2475.5 0.2791786790 -0.3748708367 -0.8840425014 0.8546823859 0.5166576505 0.0508224480 0.4376954436 -0.7697640657 0.4646352828
-130.6 421.2 2547.3 0.6981897950 -0.3748708367 -0.6099203825 0.7035950422 0.5166576505 0.4878718555 0.1322310865 -0.7697640657 0.6244823337
-338.2 -92.5 2275.0 0.3729118407 0.0411574617 -0.9269534945 -0.0819787234 0.9965703487 0.0112685999 0.9242382050 0.0717882738 0.3750069439
-354.3 -482.9 2246.9 0.3691572249 0.1438389271 -0.9181684256 -0.1087313518 0.9878501296 0.1110388115 0.9229845405 0.0588429198 0.3803118169
-240.3 -105.2 2426.4 -0.9973442554 0.0572415143 -0.0450312123 0.0637387484 0.9851552844 -0.1593938172 0.0352387950 -0.1618407518 -0.9861875176
-262.7 -491.0 2489.8 -0.9990676641 0.0404112302 -0.0151897697 0.0342448130 0.9560604692 0.2911626697 0.0262885801 0.2903710306 -0.9565529823
-303.3 -212.8 2098.0 0 0 0 0 0 0 0 0 0
34.5 587.5 2578.6 0 0 0 0 0 0 0 0 0
-408.5 -854.9 2224.7 0 0 0 0 0 0 0 0 0
-274.9 -780.2 2402.0 0 0 0 0 0 0 0 0 0
-234.0 482.7 2362.4 2 0.5281637907 0.1078220233 -0.8422692418 -0.0813195407 0.9937691689 0.0762228668 0.8452396989 0.0282347873 0.5336409211
-255.1 288.0 2356.8 0.5281637907 0.1078220233 -0.8422692418 -0.0813195407 0.9937691689 0.0762228668 0.8452396989 0.0282347873 0.5336409211
-275.5 93.3 2352.8 0.5290499926 0.1043786332 -0.8421468139 -0.0730168223 0.9943251014 0.0773698241 0.8454434872 0.0205583815 0.5336690545
-330.5 298.4 2236.4 0.1786991209 0.0688966289 -0.9814885855 0.9556788802 0.2250651866 0.1897986382 0.2339754105 -0.9719048142 -0.0256241001
-377.4 47.6 2175.0 -0.2612887621 0.0484552644 -0.9640437365 0.9247483015 0.2988738716 -0.2356162071 0.2767106295 -0.9530616403 -0.1229013056
-179.7 277.6 2477.3 0.2655643523 -0.3117347062 -0.9123031497 0.8665063977 0.4920292497 0.0841065049 0.4226609170 -0.8128522038 0.4007855356
-136.9 417.2 2545.4 0.7068771720 -0.3117347062 -0.6349378824 0.6917572618 0.4920292497 0.5285632610 0.1476365179 -0.8128522038 0.5634489655
-340.1 -94.7 2276.2 0.3638001680 0.0360960178 -0.9307773709 -0.0828551576 0.9965419173 0.0062619406 0.9277846813 0.0748416111 0.3655328751
-354.3 -485.0 2246.9 0.3602515757 0.1461947858 -0.9213283062 -0.1076235026 0.9875620604 0.1146224290 0.9266261458 0.0578636676 0.3715047836
-242.9 -105.6 2428.2 -0.9979742765 0.0520157777 -0.0366289765 0.0570388287 0.9865711927 -0.1530487090 0.0281761419 -0.1548279524 -0.9875395894
-263.3 -492.0 2488.9 -0.9991257787 0.0404167287 -0.0106872991 0.0356697515 0.9574797750 0.2862869203 0.0218036529 0.2856554389 -0.9580843449
-303.8 -212.9 2097.0 0 0 0 0 0 0 0 0 0
29.4 580.0 2580.1 0 0 0 0 0 0 0 0 0
-409.3 -857.0 2225.1 0 0 0 0 0 0 0 0 0
-275.5 -780.1 2402.9 0 0 0 0 0 0 0 0 0
-235.5 481.7 2364.3 3 0.5239273906 0.1041668206 -0.8453693390 -0.0859242305 0.9938944578 0.0692156255 0.8474178910 0.0363737494 0.5296790004
-255.9 286.8 2357.2 0.5239273906 0.1041668206 -0.8453693390 -0.0859242305 0.9938944578 0.0692156255 0.8474178910 0.0363737494 0.5296790004
-275.5 92.1 2351.5 0.5248003602 0.1000288203 -0.8453276157 -0.0774231702 0.9945644140 0.0696219951 0.8476970196 0.0289102942 0.5296923518
-330.7 297.9 2236.4 0.1708496064 0.0717661455 -0.9826800227 0.9570006728 0.2252152264 0.1828326732 0.2344357073 -0.9716623425 -0.0302023180
-374.5 52.6 2176.3 -0.2494157553 0.0573863685 -0.9666946530 0.9334844947 0.2798680961 -0.2242332846 0.2576790750 -0.9583218098 -0.1233728006
-181.1 275.8 2478.0 0.2400262654 -0.3298988044 -0.9129918814 0.8605846167 0.5075001121 0.0428692102 0.4492009878 -0.7959964871 0.4057191908
-145.1 404.8 2545.3 0.7003207207 -0.3298988044 -0.6330226064 0.6969897151 0.5075001121 0.5066053867 0.1541305482 -0.7959964871 0.5853489041
-343.8 -94.8 2272.4 0.3595825136 0.0244309977 -0.9327934384 -0.0732977018 0.9973078370 -0.0021348202 0.9302300215 0.0691392571 0.3604051769
-353.3 -485.4 2245.3 0.3556815982 0.1500236094 -0.9224876761 -0.0998546258 0.9874828458 0.1220929995 0.9292575717 0.0486884266 0.3662100434
-248.1 -108.0 2425.2 -0.9987512231 0.0385563709 -0.0317707546 0.0434257835 0.9844021201 -0.1704894751 0.0247017425 -0.1716562361 -0.9848471880
-263.2 -493.5 2492.4 -0.9991610646 0.0396210849 -0.0103600007 0.0346083082 0.9521504045 0.3036640882 0.0218957793 0.3030507863 -0.9527228475
-304.2 -210.3 2103.7 0 0 0 0 0 0 0 0 0
27.0 576.1 2583.2 0 0 0 0 0 0 0 0 0
-409.8 -857.4 2226.9 0 0 0 0 0 0 0 0 0
-275.2 -780.5 2401.1 0 0 0 0 0 0 0 0 0
-236.8 483.7 2373.3 4 0.4780956209 0.1052580774 -0.8719778061 -0.1038424522 0.9926038384 0.0628834292 0.8721475005 0.0604840219 0.4854898155
-257.5 288.9 2361.4 0.4780956209 0.1052580774 -0.8719778061 -0.1038424522 0.9926038384 0.0628834292 0.8721475005 0.0604840219 0.4854898155
-277.8 94.4 2351.7 0.4791475534 0.1044704914 -0.8714950085 -0.0938818455 0.9932955503 0.0674551427 0.8726991415 0.0494965948 0.4857430160
-325.7 302.3 2237.2 0.1907809526 0.1194503307 -0.9743378758 0.9531043768 0.2150121927 0.2129830569 0.2349354029 -0.9692788124 -0.0728284046
-376.0 50.7 2175.2 -0.2547405958 0.0954814106 -0.9622840285 0.9276065230 0.3052963912 -0.2152679414 0.2732277513 -0.9474583864 -0.1663405597
-189.3 275.5 2485.6 0.4203017652 -0.2922680080 -0.8590260744 0.8321386576 0.5016202331 0.2364791930 0.3617895842 -0.8142214417 0.4540393651
-104.7 443.1 2558.5 0.6970038414 -0.2825184464 -0.6590667367 0.6907250285 0.5113598704 0.5112826824 0.1925734878 -0.8115999103 0.5515623689
-342.5 -95.7 2269.2 0.3106397688 0.0321670920 -0.9499832988 -0.0634645447 0.9978989363 0.0130369607 0.9484066367 0.0562404580 0.3120285571
-355.1 -486.6 2247.2 0.3045737147 0.1425303817 -0.9417642951 -0.1077110171 0.9875521660 0.1146255583 0.9463790059 0.0665264577 0.3161345124
-247.6 -109.7 2422.5 -0.9990147948 0.0405113287 0.0181173310 0.0368242599 0.9845777750 -0.1710280031 -0.0247664936 -0.1701923460 -0.9850995541
-263.5 -495.3 2489.1 -0.9987543225 0.0361791700 0.0343645327 0.0445799381 0.9563516974 0.2887976170 -0.0224161204 0.2899698317 -0.9567732215
-304.3 -210.6 2098.3 0 0 0 0 0 0 0 0 0
70.1 616.3 2606.7 0 0 0 0 0 0 0 0 0
-408.8 -858.4 2222.2 0 0 0 0 0 0 0 0 0
-274.2 -779.4 2403.0 0 0 0 0 0 0 0 0 0
-235.2 483.4 2370.3 5 0.5100067258 0.1065764129 -0.8535423875 -0.0997945368 0.9929249287 0.0643512234 0.8543618917 0.0523593165 0.5170341134
-256.0 289.4 2360.1 0.5100067258 0.1065764129 -0.8535423875 -0.0997945368 0.9929249287 0.0643512234 0.8543618917 0.0523593165 0.5170341134
-276.5 94.9 2351.5 0.5108923316 0.1051094308 -0.8531945944 -0.0914837867 0.9935083985 0.0676149800 0.8547629714 0.0435094908 0.5171916485
-328.8 302.5 2238.4 0.1801773608 0.0858172625 -0.9798834324 0.9548317194 0.2240450978 0.1951926053 0.2362889647 -0.9707930684 -0.0415731892
-376.8 48.1 2175.5 -0.2693088949 0.0679679513 -0.9606524110 0.9275422096 0.2866856456 -0.2397432476 0.2591103911 -0.9556106329 -0.1402501315
-183.3 276.4 2481.7 0.3368852139 -0.3258329928 -0.8833692670 0.8582433462 0.4921011031 0.1457903832 0.3872036636 -0.8072603941 0.4454255998
-124.1 427.2 2549.7 0.7037070990 -0.2888364196 -0.6491300464 0.6824020147 0.5291215777 0.5043389797 0.1977972239 -0.7978746295 0.5694491863
-341.4 -91.6 2263.2 0.3453356326 0.0337965712 -0.9378705025 -0.0581217334 0.9982031584 0.0145695349 0.9366776943 0.0494792797 0.3466794491
-354.7 -482.6 2243.9 0.3403261900 0.1449805051 -0.9290633798 -0.0938435197 0.9883460999 0.1198556721 0.9356129169 0.0463965535 0.3499655426
-254.9 -108.6 2420.8 -0.9995790124 0.0226126760 -0.0181776341 0.0256168973 0.9820167422 -0.1870478243 0.0136210900 -0.1874347478 -0.9821826220
-263.8 -493.1 2494.2 -0.9993025064 0.0369914770 -0.0051064827 0.0336420871 0.9511747956 0.3068138659 0.0162066557 0.3064280748 -0.9517558217
-300.6 -214.1 2102.2 0 0 0 0 0 0 0 0 0
45.5 591.7 2597.4 0 0 0 0 0 0 0 0 0
-409.3 -854.8 2226.4 0 0 0 0 0 0 0 0 0
-275.0 -780.9 2401.5 0 0 0 0 0 0 0 0 0
-235.4 484.0 2368.3 6 0.5114417672 0.1122780815 -0.8519512415 -0.1034726724 0.9922601581 0.0686527714 0.8530654907 0.0530417785 0.5191010237
-257.4 289.5 2357.9 0.5114417672 0.1122780815 -0.8519512415 -0.1034726724 0.9922601581 0.0686527714 0.8530654907 0.0530417785 0.5191010237
-278.6 94.9 2349.5 0.5126322508 0.1084734127 -0.8517286181 -0.0927654952 0.9931779504 0.0706549138 0.8535822630 0.0427910425 0.5191976428
-330.4 302.7 2236.3 0.1681499332 0.0833627805 -0.9822302461 0.9585676193 0.2186009288 0.1826519519 0.2299428135 -0.9722470045 -0.0431511290
-375.7 44.6 2174.4 -0.2756309211 0.0643274486 -0.9591087699 0.9264681339 0.2837972045 -0.2472162992 0.2562896013 -0.9567241669 -0.1378206164
-184.4 276.2 2479.5 0.2829849720 -0.3199068904 -0.9042007923 0.8557610512 0.5099338293 0.0874099880 0.4331195056 -0.7985155582 0.4180674851
-140.2 410.0 2547.1 0.7021723986 -0.3055751920 -0.6431000829 0.6879101396 0.5241475105 0.5020447969 0.1836668402 -0.7949171066 0.5782502294
-343.2 -91.4 2265.8 0.3472931087 0.0271740258 -0.9373628497 -0.0615897514 0.9980828166 0.0061152745 0.9357318878 0.0556081496 0.3483009338
-353.8 -482.4 2244.1 0.3416505158 0.1469721049 -0.9282640219 -0.1014551297 0.9876923561 0.1190405190 0.9343349338 0.0535068959 0.3523566723
-250.9 -108.0 2420.2 -0.9992632270 0.0320741720 -0.0210778136 0.0354299992 0.9820435643 -0.1852973402 0.0147560723 -0.1859076023 -0.9824564457
-263.5 -492.6 2493.0 -0.9993835688 0.0349449068 -0.0033643176 0.0322961137 0.9527188540 0.3021320105 0.0137632238 0.3018371165 -0.9532601833
-298.1 -216.3 2102.2 0 0 0 0 0 0 0 0 0
34.4 581.0 2592.8 0 0 0 0 0 0 0 0 0
-409.2 -854.3 2223.9 0 0 0 0 0 0 0 0 0
-273.9 -777.4 2402.7 0 0 0 0 0 0 0 0 0
-234.6 482.2 2359.8 7 0.5380339026 0.1162911877 -0.8348627687 -0.0959230661 0.9924505949 0.0764238089 0.8374474645 0.0389639959 0.5451270938
-257.4 287.9 2352.2 0.5380339026 0.1162911877 -0.8348627687 -0.0959230661 0.9924505949 0.0764238089 0.8374474645 0.0389639959 0.5451270938
-279.3 93.4 2345.4 0.5387449265 0.1121467501 -0.8349712491 -0.0897429958 0.9931005836 0.0754809454 0.8376753926 0.0342678428 0.5450922847
-334.1 300.7 2232.9 0.1510552019 0.0545047857 -0.9870215654 0.9626304507 0.2189302593 0.1594119966 0.2247776091 -0.9742169976 -0.0193974096
-374.8 41.7 2172.4 -0.2785270810 0.0386575572 -0.9596500993 0.9269521832 0.2723253965 -0.2580668330 0.2513608336 -0.9614283442 -0.1116837040
-180.7 275.1 2471.4 0.2240702063 -0.3437891603 -0.9119219184 0.8441899419 0.5360174775 0.0053522312 0.4869660437 -0.7710345387 0.4103288949
-147.2 401.2 2544.2 0.6988013387 -0.3437891603 -0.6272844076 0.6945165396 0.5360174775 0.4799291492 0.1712409854 -0.7710345387 0.6133369803
-346.1 -91.2 2264.0 0.3764112890 0.0178671759 -0.9262803793 -0.0459054075 0.9989455938 0.0006143099 0.9253146648 0.0422900431 0.3768346012
-353.1 -482.4 2247.4 0.3656647801 0.1529472023 -0.9180939198 -0.1226109043 0.9857251644 0.1153797209 0.9226352572 0.0703780204 0.3791979849
-253.5 -108.0 2418.2 -0.9983255267 0.0248486958 -0.0522367992 0.0345872156 0.9802495241 -0.1947167218 0.0463666432 -0.1961973906 -0.9794675708
-263.2 -491.9 2495.1 -0.9986550212 0.0396286584 -0.0334321484 0.0273737479 0.9506242871 0.3091345727 0.0440320000 0.3078036308 -0.9504305124
-296.9 -217.5 2102.1 0 0 0 0 0 0 0 0 0
29.1 576.4 2587.4 0 0 0 0 0 0 0 0 0
-410.7 -853.6 2220.9 0 0 0 0 0 0 0 0 0
-275.1 -777.6 2402.5 0 0 0 0 0 0 0 0 0
-234.4 482.1 2363.5 8 0.5264652371 0.1135041192 -0.8425859809 -0.1053099409 0.9921221733 0.0678481832 0.8436493278 0.0530129708 0.5342709422
-256.6 287.8 2353.1 0.5264652371 0.1135041192 -0.8425859809 -0.1053099409 0.9921221733 0.0678481832 0.8436493278 0.0530129708 0.5342709422
-279.3 93.5 2344.2 0.5270065069 0.1161382347 -0.8418884277 -0.1006330177 0.9921770692 0.0738761127 0.8438822031 0.0457885824 0.5345711112
-331.7 302.2 2232.9 0.1633250266 0.0665897503 -0.9843224883 0.9607160687 0.2161874473 0.1740332544 0.2243869901 -0.9740784168 -0.0286650229
-376.3 40.0 2171.7 -0.2863541543 0.0503078625 -0.9568021894 0.9263529181 0.2695656717 -0.2630676627 0.2446866482 -0.9616670012 -0.1237940788
-181.6 273.5 2473.3 0.2140867114 -0.3765674233 -0.9013122916 0.8379182220 0.5450413227 -0.0286888946 0.5020557642 -0.7490840554 0.4322187901
-150.2 396.2 2546.9 0.6952746511 -0.3765674233 -0.6122010350 0.7006451488 0.5450413227 0.4604631364 0.1602794528 -0.7490840554 0.6427935362
-349.9 -93.0 2263.1 0.3639140427 0.0074207368 -0.9314029813 -0.0427004062 0.9990498424 -0.0087240329 0.9304532409 0.0429460816 0.3638851345
-352.8 -484.3 2246.3 0.3540354967 0.1529376507 -0.9226423502 -0.1123416498 0.9863496423 0.1203901544 0.9284601212 0.0610287786 0.3663840294
-252.6 -109.2 2414.4 -0.9988777637 0.0250176825 -0.0402156450 0.0324006900 0.9802778363 -0.1949502230 0.0345453024 -0.1960344464 -0.9799883366
-262.4 -493.2 2491.2 -0.9988039732 0.0430571996 -0.0231659990 0.0340672247 0.9527167678 0.3019440472 0.0350714996 0.3007937372 -0.9530441165
-296.5 -218.2 2103.5 0 0 0 0 0 0 0 0 0
26.5 574.3 2587.6 0 0 0 0 0 0 0 0 0
-410.4 -855.8 2223.3 0 0 0 0 0 0 0 0 0
-275.2 -777.5 2401.4 0 0 0 0 0 0 0 0 0
-235.4 480.9 2364.9 9 0.5174417496 0.1110956296 -0.8484761715 -0.1033473164 0.9923920631 0.0669131353 0.8494547606 0.0530640818 0.5249865055
-257.3 286.0 2354.5 0.5174417496 0.1110956296 -0.8484761715 -0.1033473164 0.9923920631 0.0669131353 0.8494547606 0.0530640818 0.5249865055
-278.8 91.6 2345.6 0.5182213187 0.1102663279 -0.8481084704 -0.0963559151 0.9928675890 0.0702105612 0.8498013020 0.0453356616 0.5251499414
-331.1 299.7 2233.4 0.1660841256 0.0776350424 -0.9830507636 0.9579516053 0.2238326520 0.1795205474 0.2339759618 -0.9715306163 -0.0371955633
-376.2 39.4 2169.8 -0.2877459824 0.0647402033 -0.9555160403 0.9278819561 0.2658958137 -0.2614086568 0.2371440828 -0.9618254304 -0.1365817189
-183.4 272.3 2475.6 0.2240606397 -0.3967969716 -0.8901398778 0.8351343870 0.5489632487 -0.0344959311 0.5023419261 -0.7356572151 0.4543798268
-150.8 394.0 2548.8 0.6901369095 -0.3967969716 -0.6051968336 0.7068379521 0.5489632487 0.4461160004 0.1552133560 -0.7356572151 0.6593309641
-349.7 -91.7 2259.0 0.3538999557 0.0069622407 -0.9352573752 -0.0333665572 0.9994297028 -0.0051859017 0.9346879125 0.0330416076 0.3539304435
-352.4 -483.2 2246.0 0.3436222374 0.1528694183 -0.9265822768 -0.1059493646 0.9866734147 0.1234921515 0.9331122637 0.0557361506 0.3552393615
-254.4 -109.9 2411.4 -0.9992761016 0.0248466507 -0.0288087316 0.0304678772 0.9761559963 -0.2149214596 0.0227817371 -0.2156436145 -0.9762063622
-264.2 -492.2 2495.9 -0.9992761016 0.0360727608 -0.0120853139 0.0304678772 0.9490708113 0.3135861158 0.0227817371 0.3129909039 -0.9494828582
-296.2 -218.7 2103.9 0 0 0 0 0 0 0 0 0
25.3 574.4 2588.4 0 0 0 0 0 0 0 0 0
-410.0 -854.8 2225.0 0 0 0 0 0 0 0 0 0
-275.1 -778.8 2401.4 0 0 0 0 0 0 0 0 0
-235.0 481.2 2366.1 0 0.5160187483 0.1087307632 -0.8496482968 -0.1022737846 0.9926359653 0.0649149418 0.8504497409 0.0533994250 0.5233390927
-256.4 286.1 2355.6 0.5160187483 0.1087307632 -0.8496482968 -0.1022737846 0.9926359653 0.0649149418 0.8504497409 0.0533994250 0.5233390927
-277.9 91.6 2346.9 0.5167730451 0.1098546013 -0.8490450978 -0.0954219550 0.9929447770 0.0703944415 0.8507879972 0.0446395949 0.5236096382
-330.0 299.7 2234.4 0.1615114063 0.0806593150 -0.9835690856 0.9568300247 0.2312377393 0.1760836542 0.2416410744 -0.9695479274 -0.0398297198
-374.3 37.6 2168.2 -0.2839917243 0.0707416236 -0.9562135339 0.9297593236 0.2640121877 -0.2566030622 0.2342994958 -0.9619216323 -0.1407499611
-182.8 272.5 2476.8 0.3764707446 -0.3819747269 -0.8440172076 0.8050299883 0.5857405066 0.0939935446 0.4584719241 -0.7148450017 0.5280152559
-108.2 431.9 2567.6 0.6872723699 -0.3858735859 -0.6154333949 0.6990075111 0.5817906857 0.4158221781 0.1975986511 -0.7159756422 0.6695771813
-347.2 -94.2 2259.9 0.3522023261 0.0153755099 -0.9357975721 -0.0397631042 0.9992080927 0.0014518913 0.9350787997 0.0366988555 0.3525348008
-353.3 -485.6 2245.6 0.3433331251 0.1511285901 -0.9269748926 -0.1023855731 0.9871096611 0.1230110228 0.9336163998 0.0526751019 0.3543808460
-253.6 -111.6 2413.5 -0.9992291927 0.0259696171 -0.0294371024 0.0315517895 0.9774758816 -0.2086753398 0.0233548395 -0.2094432861 -0.9775418639
-263.8 -494.5 2495.6 -0.9992291927 0.0372691900 -0.0123276757 0.0315517895 0.9493499994 0.3126325309 0.0233548395 0.3120025992 -0.9497941732
-295.9 -218.9 2103.5 0 0 0 0 0 0 0 0 0
67.3 610.4 2618.1 0 0 0 0 0 0 0 0 0
-410.2 -857.4 2225.7 0 0 0 0 0 0 0 0 0
-274.8 -776.6 2402.8 0 0 0 0 0 0 0 0 0
-235.0 482.7 2366.7 1 0.5132004619 0.1058757827 -0.8517133594 -0.0992370918 0.9930261970 0.0636468977 0.8525123596 0.0518579371 0.5201283097
-255.7 288.5 2356.5 0.5132004619 0.1058757827 -0.8517133594 -0.0992370918 0.9930261970 0.0636468977 0.8525123596 0.0518579371 0.5201283097
-276.9 94.0 2348.0 0.5138154030 0.1080387980 -0.8510707021 -0.0935274363 0.9931800365 0.0696136504 0.8527874351 0.0438299030 0.5204157829
-328.9 301.8 2235.0 0.1657689065 0.0845760703 -0.9825311899 0.9550203085 0.2346428633 0.1813253909 0.2458797246 -0.9683954120 -0.0418753736
-375.1 35.8 2166.5 -0.2888219953 0.0757168904 -0.9543839693 0.9289326072 0.2633769214 -0.2602244914 0.2316593230 -0.9617170095 -0.1464049369
-182.5 275.2 2478.1 0.4212179780 -0.3604907990 -0.8322390318 0.7723239064 0.6236454248 0.1207565144 0.4754904509 -0.6936229467 0.5411063433
-91.7 441.7 2580.6 0.6649341583 -0.4393265247 -0.6040320992 0.7320991755 0.5435714722 0.4105615914 0.1479640305 -0.7152078748 0.6830698252
-346.1 -94.2 2261.2 0.3487670422 0.0174413063 -0.9370471239 -0.0430664048 0.9990689158 0.0025664924 0.9362194538 0.0394601449 0.3491934538
-353.0 -485.6 2245.8 0.3403276801 0.1515751034 -0.9280097485 -0.1021549851 0.9870406985 0.1237536892 0.9347413778 0.0526840165 0.3514014184
-252.7 -111.5 2415.0 -0.9992564917 0.0259593651 -0.0285053514 0.0314027369 0.9769537449 -0.2111283690 0.0223676525 -0.2118665427 -0.9770426154
-262.9 -494.1 2498.0 -0.9992564917 0.0369360670 -0.0110530779 0.0314027369 0.9460584521 0.3224705458 0.0223676525 0.3218836784 -0.9465149641
-295.9 -219.0 2103.0 0 0 0 0 0 0 0 0 0
78.1 628.5 2618.4 0 0 0 0 0 0 0 0 0
-410.0 -857.3 2225.9 0 0 0 0 0 0 0 0 0
-273.9 -776.8 2401.8 0 0 0 0 0 0 0 0 0
-234.4 484.4 2367.0 2 0.5105655789 0.1087015122 -0.8529400826 -0.1001272649 0.9927443266 0.0665829554 0.8539890647 0.0514075868 0.5177450776
-255.7 290.3 2356.9 0.5105655789 0.1087015122 -0.8529400826 -0.1001272649 0.9927443266 0.0665829554 0.8539890647 0.0514075868 0.5177450776
-277.2 95.8 2348.4 0.5112356544 0.1098375842 -0.8523929715 -0.0940388814 0.9929938316 0.0715538636 0.8542802930 0.0435772017 0.5179828405
-328.5 303.7 2235.2 0.1669541746 0.0880153999 -0.9820283055 0.9544327259 0.2354474813 0.1833648980 0.2473550290 -0.9678934813 -0.0446958318
-375.5 35.1 2165.6 -0.2916503549 0.0786645040 -0.9532848597 0.9278494716 0.2654636502 -0.2619626820 0.2324552983 -0.9609063268 -0.1504113823
-182.8 276.9 2478.7 0.3900679350 -0.3588755131 -0.8479713202 0.7780209780 0.6210029721 0.0950719342 0.4924737215 -0.6968239546 0.5214460492
-105.1 431.8 2576.7 0.6575714350 -0.4837345779 -0.5775817633 0.7497583628 0.4953804910 0.4387032688 0.0739068016 -0.7215254903 0.6884320974
-344.5 -92.1 2262.3 0.3460717499 0.0231551342 -0.9379222989 -0.0422620252 0.9990653992 0.0090709021 0.9372557402 0.0364993140 0.3467268646
-353.5 -483.5 2248.0 0.3357191682 0.1516931951 -0.9296675920 -0.1159258932 0.9860989451 0.1190382019 0.9348015189 0.0678091422 0.3486374915
-251.6 -109.0 2416.5 -0.9992114902 0.0301329847 -0.0258529317 0.0347246304 0.9789614677 -0.2010688037 0.0192502216 -0.2018079907 -0.9792358875
-263.4 -492.5 2495.5 -0.9994196892 0.0331761986 -0.0077241603 0.0292311721 0.9517208338 0.3055699468 0.0174888931 0.3051668406 -0.9521383047
-295.7 -218.9 2101.9 0 0 0 0 0 0 0 0 0
56.9 616.5 2594.9 0 0 0 0 0 0 0 0 0
-410.7 -854.8 2222.5 0 0 0 0 0 0 0 0 0
-273.4 -779.6 2403.4 0 0 0 0 0 0 0 0 0
-232.6 485.6 2367.1 3 0.4866630435 0.1161853075 -0.8658291101 -0.1030243784 0.9918331504 0.0751860663 0.8674935699 0.0526112281 0.4946584702
-255.3 291.6 2356.8 0.4866630435 0.1161853075 -0.8658291101 -0.1030243784 0.9918331504 0.0751860663 0.8674935699 0.0526112281 0.4946584702
-278.0 97.3 2348.0 0.4874323606 0.1158886850 -0.8654360175 -0.0964471847 0.9922339916 0.0785467923 0.8678177595 0.0451826192 0.4948241115
-324.8 305.4 2233.2 0.1736057997 0.1119217053 -0.9784347415 0.9577097297 0.2123042047 0.1942136735 0.2294625342 -0.9707731009 -0.0703312680
-374.0 33.7 2168.1 -0.2876164019 0.0924174637 -0.9532763362 0.9271271229 0.2765278518 -0.2529182136 0.2402334064 -0.9565517902 -0.1652166843
-185.9 277.9 2480.5 0.4445874393 -0.3234279454 -0.8353061676 0.7496238351 0.6448007822 0.1493185908 0.4903122783 -0.6925505400 0.5291196108
-89.4 440.7 2587.0 0.6522135139 -0.4619060457 -0.6010493636 0.7503399253 0.5060834289 0.4252876341 0.1077381745 -0.7283696532 0.6766610146
-344.9 -90.2 2262.6 0.3203872442 0.0192261897 -0.9470915198 -0.0473540127 0.9988691211 0.0042581153 0.9461023211 0.0434843376 0.3209353387
-352.4 -481.5 2245.6 0.3129638731 0.1529833972 -0.9373631477 -0.0980184972 0.9868747592 0.1283378899 0.9446936250 0.0517138056 0.3238513470
-252.5 -107.2 2417.1 -0.9994991422 0.0312050153 -0.0052686329 0.0316088758 0.9762399197 -0.2143746614 -0.0015461147 -0.2144338191 -0.9767373204
-264.7 -489.6 2501.1 -0.9994991422 0.0294636395 0.0115501257 0.0316088758 0.9472720623 0.3188675046 -0.0015461147 0.3190728724 -0.9477289319
-295.7 -219.0 2102.6 0 0 0 0 0 0 0 0 0
74.4 629.1 2614.0 0 0 0 0 0 0 0 0 0
-410.0 -853.1 2226.1 0 0 0 0 0 0 0 0 0
-273.7 -780.4 2403.1 0 0 0 0 0 0 0 0 0
-232.8 484.3 2366.7 4 0.4763287902 0.1214008108 -0.8708459735 -0.1047523990 0.9912037849 0.0808826834 0.8730050325 0.0526964553 0.4848559201
-256.5 291.1 2356.4 0.4763287902 0.1214008108 -0.8708459735 -0.1047523990 0.9912037849 0.0808826834 0.8730050325 0.0526964553 0.4848559201
-280.1 96.9 2347.2 0.4769654572 0.1206990257 -0.8705950379 -0.0995381549 0.9915711880 0.0829380080 0.8732674718 0.0470988601 0.4849593639
-324.4 305.3 2232.0 0.1745424569 0.1260489672 -0.9765483141 0.9543136954 0.2226279080 0.1993042976 0.2425290048 -0.9667204618 -0.0814322233
-374.1 33.4 2162.9 -0.2909474075 0.1091340631 -0.9504942894 0.9270801544 0.2776073217 -0.2519059181 0.2363726497 -0.9544757605 -0.1819451600
-188.5 276.9 2480.9 0.4537248015 -0.3091744483 -0.8357900381 0.7411780357 0.6516398787 0.1613090038 0.4947614670 -0.6926591396 0.5248184800
-85.2 445.6 2593.5 0.6599510908 -0.4475446641 -0.6034635901 0.7417269945 0.5159804225 0.4284918308 0.1196061894 -0.7303888798 0.6724778414
-344.8 -88.3 2260.7 0.3093279302 0.0240799580 -0.9506505132 -0.0485848561 0.9987739921 0.0094901146 0.9497135282 0.0432516634 0.3101185858
-354.2 -479.6 2243.8 0.3057009876 0.1442368031 -0.9411390424 -0.0741810501 0.9890624285 0.1274859309 0.9492334127 0.0308421105 0.3130570054
-256.7 -105.7 2417.5 -0.9993860126 0.0184494462 -0.0297860187 0.0243140366 0.9773026109 -0.2104482949 0.0252272990 -0.2110432982 -0.9771510959
-263.9 -488.5 2500.2 -0.9993860126 0.0310442429 -0.0162432734 0.0243140366 0.9482989311 0.3164457679 0.0252272990 0.3158565462 -0.9484715462
-295.1 -218.6 2098.7 0 0 0 0 0 0 0 0 0
82.1 633.7 2623.8 0 0 0 0 0 0 0 0 0
-408.5 -852.0 2232.1 0 0 0 0 0 0 0 0 0
-273.4 -777.4 2404.0 0 0 0 0 0 0 0 0 0
-233.5 484.7 2366.5 5 0.4749168158 0.1172874048 -0.8721798658 -0.1042036265 0.9916012883 0.0766060874 0.8738396168 0.0545027889 0.4831498861
-256.4 290.8 2355.8 0.4749168158 0.1172874048 -0.8721798658 -0.1042036265 0.9916012883 0.0766060874 0.8738396168 0.0545027889 0.4831498861
-279.2 96.5 2346.1 0.4754680693 0.1161924601 -0.8720260262 -0.0995201468 0.9919804931 0.0779128149 0.8740857244 0.0497391075 0.4832185507
-324.2 305.0 2231.3 0.1703257263 0.1255571544 -0.9773558974 0.9567582607 0.2162762880 0.1945203245 0.2358023226 -0.9682251811 -0.0832904354
-372.9 31.4 2163.9 -0.2899513245 0.1033471227 -0.9514449835 0.9240714312 0.2889274657 -0.2502256036 0.2490385026 -0.9517564178 -0.1792750359
-188.7 276.6 2480.4 0.4638459682 -0.3014917374 -0.8330364227 0.7273236513 0.6664664149 0.1637768000 0.5058134198 -0.6818543077 0.5284197927
-80.7 445.9 2598.1 0.6479434967 -0.4658389390 -0.6026303172 0.7540313601 0.5041916966 0.4209838808 0.1077304929 -0.7271759510 0.6779448986
-346.8 -88.3 2259.0 0.3076429069 0.0172859542 -0.9513448477 -0.0383378305 0.9992482662 0.0057587917 0.9507291913 0.0347008444 0.3080743551
-353.6 -479.7 2245.4 0.3004746735 0.1486579925 -0.9421336055 -0.0886678398 0.9878551960 0.1275935024 0.9496594071 0.0451983362 0.3100066781
-260.6 -106.3 2416.9 -0.9996262193 0.0063285483 -0.0265968908 0.0115154339 0.9797967672 -0.1996638775 0.0247959644 -0.1998955160 -0.9795033932
-263.1 -490.0 2495.2 -0.9990684986 0.0381973982 -0.0200767834 0.0302176904 0.9514150023 0.3064252436 0.0308059994 0.3055331409 -0.9516829848
-294.5 -218.4 2096.5 0 0 0 0 0 0 0 0 0
84.4 638.0 2625.6 0 0 0 0 0 0 0 0 0
-409.6 -851.7 2228.4 0 0 0 0 0 0 0 0 0
-274.7 -778.6 2402.5 0 0 0 0 0 0 0 0 0
-233.5 485.3 2366.4 6 0.4687308371 0.1099191383 -0.8764754534 -0.1024917215 0.9922937155 0.0696323439 0.8773750067 0.0571926534 0.4763844609
-255.1 290.3 2355.1 0.4687308371 0.1099191383 -0.8764754534 -0.1024917215 0.9922937155 0.0696323439 0.8773750067 0.0571926534 0.4763844609
-276.3 95.8 2345.3 0.4694926739 0.1081554443 -0.8762870431 -0.0955564901 0.9928638339 0.0713471174 0.8777502775 0.0502379648 0.4764772356
-322.0 303.9 2230.1 0.1816534102 0.1324363351 -0.9744037390 0.9523653388 0.2231352329 0.2078723758 0.2449536622 -0.9657490849 -0.0855944976
-373.6 33.2 2160.4 -0.3002150953 0.1175236404 -0.9466039538 0.9269671440 0.2699776292 -0.2604687810 0.2249506563 -0.9556674361 -0.1899919212
-188.2 276.7 2480.2 0.4696814120 -0.2881432176 -0.8344895840 0.7104139328 0.6845330000 0.1634827554 0.5241292119 -0.6696178317 0.5262134075
-77.7 443.8 2603.5 0.6277629733 -0.4875361025 -0.6068131328 0.7727440596 0.4841682315 0.4104238749 0.0937031880 -0.7265601754 0.6806834936
-344.9 -88.8 2257.3 0.3006238639 0.0215203743 -0.9534999728 -0.0351981483 0.9993146658 0.0114569729 0.9530930519 0.0301171932 0.3011753261
-353.4 -480.2 2245.5 0.2921565473 0.1481097341 -0.9448322654 -0.0954369307 0.9875191450 0.1252906770 0.9515967369 0.0535674021 0.3026453257
-259.0 -106.8 2415.3 -0.9997506142 0.0138106598 -0.0175497159 0.0170835536 0.9790909886 -0.2027041912 0.0143832909 -0.2029534429 -0.9790827632
-264.4 -490.3 2494.8 -0.9993669987 0.0345541388 -0.0084604258 0.0303040091 0.9514464736 0.3063188195 0.0186342262 0.3058685362 -0.9518913627
-292.6 -216.9 2099.7 0 0 0 0 0 0 0 0 0
82.6 641.1 2627.5 0 0 0 0 0 0 0 0 0
-409.1 -852.1 2225.4 0 0 0 0 0 0 0 0 0
-274.9 -778.9 2402.1 0 0 0 0 0 0 0 0 0
-234.4 483.6 2366.3 7 0.4604578316 0.1052483320 -0.8814200759 -0.0989235267 0.9928452969 0.0668752640 0.8821523190 0.0563999414 0.4675749242
-255.1 288.4 2355.2 0.4604578316 0.1052483320 -0.8814200759 -0.0989235267 0.9928452969 0.0668752640 0.8821523190 0.0563999414 0.4675749242
-275.4 93.8 2345.8 0.4612708390 0.1037944332 -0.8811673522 -0.0911984071 0.9934201241 0.0692766458 0.8825599551 0.0484057628 0.4677016437
-320.8 301.4 2229.5 0.1840827316 0.1419795156 -0.9726023674 0.9505407214 0.2261373401 0.2129184604 0.2501717806 -0.9636927247 -0.0933293328
-372.6 34.0 2159.1 -0.3023775220 0.1327006817 -0.9439058900 0.9306836128 0.2550133169 -0.2622902989 0.2059024572 -0.9577884674 -0.2006126344
-189.3 275.4 2481.0 0.4418366849 -0.7756441236 -0.4507288635 0.7023294568 0.6116713881 -0.3641311228 0.5581341386 -0.1556736678 0.8150165677
-92.2 429.8 2603.7 0.6157853603 -0.7756441236 -0.1385082453 0.7874840498 0.6116713881 0.0756767318 0.0260233171 -0.1556736678 0.9874656796
-339.9 -90.0 2256.1 0.2912798226 0.0355334952 -0.9559777379 -0.0373799913 0.9989694953 0.0257420670 0.9559073448 0.0282362960 0.2923078835
-353.8 -481.3 2245.1 0.2842057049 0.1461159587 -0.9475638270 -0.0878289714 0.9881309867 0.1260286719 0.9547320008 0.0474054925 0.2936656773
-255.0 -107.3 2414.8 -0.9994899631 0.0219888352 -0.0231588203 0.0265673306 0.9749305248 -0.2209177166 0.0177205168 -0.2214203030 -0.9750174284
-263.6 -489.1 2501.5 -0.9994899631 0.0308599565 -0.0082160160 0.0265673306 0.9462667704 0.3222938478 0.0177205168 0.3219111860 -0.9466040134
-291.4 -215.7 2103.8 0 0 0 0 0 0 0 0 0
59.2 623.4 2610.1 0 0 0 0 0 0 0 0 0
-408.8 -853.4 2227.2 0 0 0 0 0 0 0 0 0
-273.1 -779.3 2402.8 0 0 0 0 0 0 0 0 0
-233.1 486.3 2366.3 8 0.4474563599 0.1120397002 -0.8872597814 -0.1026203334 0.9920004606 0.0735132098 0.8883984685 0.0581569374 0.4553744495
-255.3 290.2 2354.8 0.4474563599 0.1120397002 -0.8872597814 -0.1026203334 0.9920004606 0.0735132098 0.8883984685 0.0581569374 0.4553744495
-276.8 95.8 2345.2 0.4484870136 0.1099536866 -0.8870003223 -0.0934057608 0.9927359819 0.0758327991 0.8888952732 0.0488409139 0.4554995000
-319.2 303.5 2228.1 0.1837439686 0.1562741995 -0.9704723358 0.9509328008 0.2217588127 0.2157540619 0.2489275783 -0.9624974728 -0.1078594103
-371.3 34.0 2157.6 -0.3019267917 0.1467247903 -0.9419724345 0.9323496222 0.2516054511 -0.2596515119 0.1989080906 -0.9566433430 -0.2127652168
-191.3 276.9 2481.5 0.4694275260 -0.7560271621 -0.4561367333 0.6880943179 0.6369555593 -0.3475827873 0.5533208847 -0.1507001519 0.8192225099
-83.5 435.0 2608.6 0.6124858260 -0.7737954855 -0.1615600586 0.7876204848 0.6147602797 0.0415176973 0.0671944991 -0.1526770145 0.9859891534
-337.4 -92.5 2256.5 0.2778548002 0.0419743359 -0.9597055912 -0.0389529429 0.9987155199 0.0324028097 0.9598329663 0.0283800811 0.2791329324
-353.8 -483.7 2245.4 0.2703503370 0.1473177373 -0.9514243007 -0.0920002162 0.9876545072 0.1267854273 0.9583562016 0.0532547608 0.2805659771
-254.0 -109.0 2416.1 -0.9993704557 0.0250427444 -0.0251314454 0.0299807135 0.9748618007 -0.2207841277 0.0189706460 -0.2213985920 -0.9749988317
-263.8 -490.8 2502.8 -0.9993704557 0.0345582776 -0.0080283284 0.0299807135 0.9435966611 0.3297369778 0.0189706460 0.3292886913 -0.9440386891
-290.7 -214.8 2104.5 0 0 0 0 0 0 0 0 0
70.1 632.5 2625.5 0 0 0 0 0 0 0 0 0
-409.3 -855.7 2225.3 0 0 0 0 0 0 0 0 0
-274.3 -778.1 2402.6 0 0 0 0 0 0 0 0 0
-233.0 486.6 2366.3 9 0.4463835359 0.1139453501 -0.8875574470 -0.1048836857 0.9916852713 0.0745637119 0.8886738420 0.0598062798 0.4546229839
-255.5 291.0 2354.5 0.4463835359 0.1139453501 -0.8875574470 -0.1048836857 0.9916852713 0.0745637119 0.8886738420 0.0598062798 0.4546229839
-277.4 96.6 2344.1 0.4471862316 0.1119993255 -0.8874010444 -0.0978351682 0.9923012853 0.0759369582 0.8890740871 0.0528610684 0.4547009468
-319.2 304.9 2227.8 0.1796610653 0.1583417505 -0.9709015489 0.9502657652 0.2272963822 0.2129116654 0.2543952167 -0.9608663917 -0.1096304357
-370.7 32.6 2154.9 -0.3054130375 0.1487061679 -0.9405367374 0.9303643703 0.2570077479 -0.2614749372 0.2028422952 -0.9548997283 -0.2168444395
-191.7 277.0 2481.2 0.4782587588 -0.7517143488 -0.4540860057 0.6839594245 0.6431477070 -0.3443262875 0.5508793592 -0.1458993256 0.8217331171
-78.9 438.3 2611.1 0.6066842079 -0.7769225240 -0.1683023870 0.7906919122 0.6116264462 0.0268205348 0.0821007192 -0.1493469328 0.9853704572
-338.9 -90.2 2255.3 0.2767707109 0.0396169201 -0.9601190090 -0.0387981720 0.9987957478 0.0300285835 0.9601524472 0.0289398301 0.2779744565
-354.4 -481.4 2244.0 0.2713631690 0.1467742026 -0.9512199163 -0.0766046792 0.9884623885 0.1306670308 0.9594236612 0.0374096781 0.2794758976
-257.8 -107.1 2416.0 -0.9990129471 0.0153364614 -0.0416888408 0.0239074137 0.9766226411 -0.2136274278 0.0374379754 -0.2144132406 -0.9760252833
-263.8 -489.6 2500.0 -0.9990129471 0.0347802639 -0.0276314989 0.0239074137 0.9452586770 0.3254449964 0.0374379754 0.3244631588 -0.9451571703
-289.7 -214.0 2101.1 0 0 0 0 0 0 0 0 0
74.8 638.7 2631.9 0 0 0 0 0 0 0 0 0
-409.7 -853.7 2229.9 0 0 0 0 0 0 0 0 0
-274.3 -775.7 2401.8 0 0 0 0 0 0 0 0 0
-233.4 488.4 2374.3 0 0.4459118843 0.1135603786 -0.8878437877 -0.1285533011 0.9897606373 0.0620313510 0.8857972026 0.0864747390 0.4559445977
-255.8 293.5 2357.3 0.4459118843 0.1135603786 -0.8878437877 -0.1285533011 0.9897606373 0.0620313510 0.8857972026 0.0864747390 0.4559445977
-278.0 99.6 2341.9 0.4467311502 0.1133746728 -0.8874556422 -0.1214045212 0.9904450178 0.0654187128 0.8863928318 0.0785165504 0.4562268257
-319.5 310.8 2231.0 0.1711882055 0.1569660306 -0.9726542234 0.9484849572 0.2408735454 0.2058063298 0.2665912807 -0.9577795267 -0.1076452062
-369.8 31.7 2152.5 -0.3064101636 0.1518421620 -0.9397109747 0.9303721189 0.2565326393 -0.2619135380 0.2012970150 -0.9545338750 -0.2198739350
-192.1 276.3 2483.6 0.4863653183 -0.7542908192 -0.4410149157 0.6837320924 0.6428146958 -0.3453979194 0.5440213084 -0.1335464716 0.8283755779
-77.9 436.8 2611.3 0.5968697071 -0.7824957371 -0.1773329228 0.7946954966 0.6069974303 -0.0036271811 0.1104788855 -0.1387607306 0.9841442108
-339.8 -88.9 2253.4 0.2777560949 0.0338603072 -0.9600546956 -0.0271031763 0.9992570281 0.0274016447 0.9602692127 0.0184095576 0.2784674466
-353.0 -480.3 2246.2 0.2669557035 0.1524677575 -0.9515714645 -0.1022454053 0.9863135219 0.1293502599 0.9582695365 0.0627630204 0.2788911462
-258.9 -106.6 2414.1 -0.9984942675 0.0100398147 -0.0539295450 0.0213933568 0.9765343070 -0.2142966390 0.0505125523 -0.2151277065 -0.9752786756
-262.8 -489.1 2498.4 -0.9984942675 0.0364456959 -0.0409988426 0.0213933568 0.9469240308 0.3207446933 0.0505125523 0.3193846345 -0.9462779164
-289.0 -213.7 2099.4 0 0 0 0 0 0 0 0 0
74.1 639.2 2639.4 0 0 0 0 0 0 0 0 0
-410.4 -851.7 2222.6 0 0 0 0 0 0 0 0 0
-273.9 -775.2 2401.9 0 0 0 0 0 0 0 0 0
-234.9 490.6 2378.3 1 0.4420382380 0.1148938686 -0.8896075487 -0.1409752667 0.9883363247 0.0575954244 0.8858488202 0.0999532863 0.4530796707
-257.5 296.3 2358.6 0.4420382380 0.1148938686 -0.8896075487 -0.1409752667 0.9883363247 0.0575954244 0.8858488202 0.0999532863 0.4530796707
-280.1 102.6 2340.7 0.4428979456 0.1153119951 -0.8891257048 -0.1335906833 0.9891119599 0.0617341623 0.8865635395 0.0914369822 0.4534802437
-320.6 315.3 2232.3 0.1645745784 0.1606881022 -0.9731878042 0.9473996758 0.2488230467 0.2012980431 0.2744977772 -0.9551264048 -0.1112859100
-369.8 32.2 2150.3 -0.3088627756 0.1572047174 -0.9380247593 0.9294077158 0.2593518198 -0.2625603676 0.2020027041 -0.9529025555 -0.2262114137
-194.4 277.2 2484.9 0.4951274693 -0.7498221993 -0.4388797879 0.6768998504 0.6495934129 -0.3461719453 0.5446608067 -0.1256784052 0.8291860819
-77.3 437.3 2613.7 0.5893562436 -0.7830156684 -0.1988609731 0.7934114933 0.6073636413 -0.0400945693 0.1521756053 -0.1341485977 0.9792072177
-340.6 -83.3 2246.4 0.2748055160 0.0293398071 -0.9610520601 -0.0104263974 0.9995664954 0.0275342595 0.9614433050 0.0024537444 0.2749923170
-352.1 -474.8 2245.5 0.2639181018 0.1478210688 -0.9531506300 -0.0890029892 0.9877029061 0.1285356134 0.9604299664 0.0509103835 0.2738291919
-259.8 -105.3 2406.6 -0.9986050725 0.0088221245 -0.0520583130 0.0205547903 0.9731199145 -0.2293799371 0.0486353636 -0.2301300168 -0.9719437957
-263.3 -486.4 2496.7 -0.9986050725 0.0347418264 -0.0397605747 0.0205547903 0.9494195580 0.3133368194 0.0486353636 0.3120824695 -0.9488093257
-288.2 -213.2 2096.9 0 0 0 0 0 0 0 0 0
73.1 639.7 2652.5 0 0 0 0 0 0 0 0 0
-407.7 -846.7 2226.3 0 0 0 0 0 0 0 0 0
-273.9 -775.8 2401.6 0 0 0 0 0 0 0 0 0
-235.2 490.7 2381.3 2 0.4392339289 0.1157342866 -0.8908867240 -0.1512598693 0.9870370626 0.0536494218 0.8855472803 0.1111907586 0.4510461390
-257.9 296.8 2359.4 0.4392339289 0.1157342866 -0.8908867240 -0.1512598693 0.9870370626 0.0536494218 0.8855472803 0.1111907586 0.4510461390
-280.7 103.4 2339.5 0.4401738644 0.1162581891 -0.8903543949 -0.1432580650 0.9879737496 0.0581808574 0.8864107728 0.1019407585 0.4515351355
-320.7 317.3 2233.1 0.1634074450 0.1624683291 -0.9730889201 0.9468880892 0.2510617077 0.2009252608 0.2769493759 -0.9542390108 -0.1128139645
-369.6 33.4 2150.1 -0.3204092383 0.1538656354 -0.9346995950 0.9222286940 0.2760852873 -0.2706865072 0.2164074481 -0.9487372041 -0.2303595692
-195.2 276.4 2485.8 0.4905247390 -0.7524097562 -0.4396191537 0.6770690084 0.6466612220 -0.3512930274 0.5486009717 -0.1253345907 0.8266366720
-79.5 436.1 2615.1 0.5818427801 -0.7768287063 -0.2408238649 0.7828783393 0.6151914001 -0.0929568633 0.2203643322 -0.1344495118 0.9661070704
