20.8 347.5 2842.2 64 -0.2139948159 0.0566681549 -0.9751896858 -0.1793875247 0.9790580273 0.0962575898 0.9602220058 0.1955354810 -0.1993477792
9.7 155.6 2803.9 -0.2139948159 0.0566681549 -0.9751896858 -0.1793875247 0.9790580273 0.0962575898 0.9602220058 0.1955354810 -0.1993477792
-2.0 -35.4 2771.6 -0.2122562528 0.0605350472 -0.9753372669 -0.1502652168 0.9841873050 0.0937855616 0.9655918479 0.1664658487 -0.1998035908
38.7 176.1 2672.0 -0.6999952793 -0.5417464972 -0.4653142989 0.2737198472 0.3982800543 -0.8754715323 0.6596090198 -0.7401916981 -0.1305073798
241.7 96.7 2480.7 -0.7213959098 -0.5417464972 0.4313916266 -0.6722697020 0.3982800543 -0.6240403652 0.1662570089 -0.7401916981 -0.6515173316
-19.3 135.1 2935.7 -0.0064513558 0.5213195086 -0.8533371687 -0.9903059602 0.1150773913 0.0777897760 0.1387531459 0.8455667496 0.5155234337
-20.9 -120.0 2971.5 0.1065688431 0.5232236385 -0.8455058336 -0.9930886030 0.0980643854 -0.0644853041 0.0491737761 0.8465343118 0.5300580859
4.3 -211.7 2653.8 -0.8770260215 0.2498733252 0.4103518724 0.1554818451 0.9557632804 -0.2496835887 -0.4545885324 -0.1551767439 -0.8770800829
-92.7 -582.7 2714.1 -0.8800879121 0.0720483139 0.4693126082 0.1209021509 0.9898449183 0.0747643784 -0.4591600597 0.1225401312 -0.8798613548
-30.8 -239.1 2827.3 -0.7628025413 0.0073638246 0.6465895772 -0.0078986771 0.9997544289 -0.0207042433 -0.6465832591 -0.0209004525 -0.7625570893
-33.6 -626.9 2835.4 -0.7628084421 0.0856566653 0.6409260631 -0.0079666693 0.9898672104 -0.1417726278 -0.6465754509 -0.1132514030 -0.7543966770
431.6 273.7 2437.0 0 0 0 0 0 0 0 0 0
6.9 -379.1 2984.3 0 0 0 0 0 0 0 0 0
-119.9 -956.3 2667.8 0 0 0 0 0 0 0 0 0
-65.5 -995.7 2877.6 0 0 0 0 0 0 0 0 0
20.9 348.0 2841.1 65 -0.2185424864 0.0564867370 -0.9741911888 -0.1761720479 0.9796352386 0.0963234752 0.9597929716 0.1926760226 -0.2041405439
9.8 156.2 2803.4 -0.2185424864 0.0564867370 -0.9741911888 -0.1761720479 0.9796352386 0.0963234752 0.9597929716 0.1926760226 -0.2041405439
-1.7 -34.9 2771.7 -0.2167982161 0.0593795143 -0.9744088650 -0.1465982944 0.9848492742 0.0926326960 0.9651463628 0.1629292816 -0.2048086375
39.4 176.3 2671.5 -0.6863329411 -0.5453318357 -0.4812071323 0.2900528908 0.4015112519 -0.8687105775 0.6669456363 -0.7358001471 -0.1173953116
235.4 93.4 2481.1 -0.7342786193 -0.5453318357 0.4042871296 -0.6522079706 0.4015112519 -0.6429724097 0.1883074939 -0.7358001471 -0.6504908800
-19.8 136.2 2935.2 -0.0068003079 0.5172435045 -0.8558112979 -0.9897543192 0.1185787842 0.0795324147 0.1426186860 0.8475837708 0.5111376047
-21.5 -118.8 2971.9 0.1066589430 0.5191490054 -0.8480024338 -0.9928510189 0.1015664339 -0.0626983196 0.0535788126 0.8486274481 0.5262706280
5.3 -213.0 2652.8 -0.8734415770 0.2547764480 0.4149564207 0.1589223593 0.9546827078 -0.2516439259 -0.4602646232 -0.1538504064 -0.8743491769
-93.6 -583.6 2712.5 -0.8773200512 0.0692653582 0.4748808146 0.1156070754 0.9908921719 0.0690487027 -0.4657730162 0.1154773906 -0.8773371577
-32.7 -239.9 2825.7 -0.7597995400 0.0115158018 0.6500554085 -0.0202195588 0.9989409447 -0.0413294248 -0.6498429179 -0.0445459113 -0.7587620020
-37.2 -627.4 2843.0 -0.7585515976 0.0645756572 0.6484053135 0.0019033939 0.9952927232 -0.0968959630 -0.6516101956 -0.0722664148 -0.7551037669
427.5 264.0 2431.8 0 0 0 0 0 0 0 0 0
6.3 -377.8 2985.9 0 0 0 0 0 0 0 0 0
-119.8 -957.4 2669.0 0 0 0 0 0 0 0 0 0
-61.3 -998.2 2869.9 0 0 0 0 0 0 0 0 0
20.4 335.0 2837.0 66 -0.2219098955 0.0589009933 -0.9732865095 -0.1711654812 0.9803209305 0.0983525291 0.9599262476 0.1884184480 -0.2074611038
8.9 143.8 2800.3 -0.2219098955 0.0589009933 -0.9732865095 -0.1711654812 0.9803209305 0.0983525291 0.9599262476 0.1884184480 -0.2074611038
-2.8 -47.5 2769.1 -0.2202551514 0.0598726161 -0.9736030698 -0.1437817216 0.9852190614 0.0931142345 0.9647873044 0.1604952067 -0.2083909810
38.9 163.4 2668.5 -0.6937834620 -0.5528188348 -0.4615797102 0.2569660842 0.4087145329 -0.8757401705 0.6727799773 -0.7261843681 -0.1415036917
232.7 91.6 2480.5 -0.7408555150 -0.5528188348 0.3814766705 -0.6400066614 0.4087145329 -0.6506488323 0.2037758827 -0.7261843681 -0.6566061378
-21.2 124.1 2932.1 -0.0083654532 0.5144670606 -0.8574693203 -0.9893569946 0.1203131601 0.0818380043 0.1452677995 0.8490278721 0.5079851151
-23.4 -130.8 2969.5 0.1054005399 0.5163509250 -0.8498661518 -0.9928166866 0.1032992899 -0.0603680164 0.0566194914 0.8501241207 0.5235295892
6.2 -213.0 2653.7 -0.8722859025 0.2527558804 0.4186069369 0.1563837379 0.9552881718 -0.2509355545 -0.4633156657 -0.1534242332 -0.8728113174
-91.9 -583.8 2713.2 -0.8754187822 0.0751187652 0.4774925113 0.1221067980 0.9901784658 0.0680923834 -0.4676877856 0.1179144308 -0.8759933114
-32.6 -239.2 2826.6 -0.7575134039 0.0148943737 0.6526496410 -0.0154011101 0.9990537167 -0.0406754613 -0.6526378989 -0.0408637375 -0.7565671802
-38.4 -626.9 2842.4 -0.7569880486 0.0567749776 0.6509575248 -0.0055360808 0.9956250787 -0.0932738855 -0.6534053087 -0.0742109716 -0.7533620000
425.1 257.8 2427.6 0 0 0 0 0 0 0 0 0
4.1 -389.8 2984.3 0 0 0 0 0 0 0 0 0
-120.5 -959.9 2668.4 0 0 0 0 0 0 0 0 0
-59.6 -998.2 2870.1 0 0 0 0 0 0 0 0 0
19.9 335.8 2838.5 67 -0.2262191772 0.0547657721 -0.9725356698 -0.1741897166 0.9800500870 0.0957067758 0.9583750963 0.1910564154 -0.2121664882
9.1 143.5 2801.0 -0.2262191772 0.0547657721 -0.9725356698 -0.1741897166 0.9800500870 0.0957067758 0.9583750963 0.1910564154 -0.2121664882
-2.5 -47.7 2769.9 -0.2244032323 0.0600386709 -0.9726451039 -0.1431031674 0.9852496982 0.0938326716 0.9639318585 0.1602449566 -0.2125014812
39.8 163.1 2669.3 -0.7044722438 -0.5617656708 -0.4337489903 0.2432349473 0.3830357492 -0.8911343217 0.6667500138 -0.7332823277 -0.1331970245
238.9 94.3 2480.8 -0.7185735106 -0.5617656708 0.4099651873 -0.6651481390 0.3830357492 -0.6409848928 0.2030519545 -0.7332823277 -0.6488966942
-21.5 124.0 2932.7 -0.0098192347 0.5110199451 -0.8595127463 -0.9892735481 0.1203167513 0.0828355029 0.1457443833 0.8511066437 0.5043570995
-24.1 -130.9 2970.3 0.1043152958 0.5128847957 -0.8520959616 -0.9928765893 0.1033004597 -0.0593723953 0.0575707033 0.8522195816 0.5200071335
5.4 -225.9 2651.5 -0.8693968654 0.2581299841 0.4213288128 0.1599189192 0.9537954330 -0.2543623149 -0.4675200582 -0.1537633538 -0.8705066442
-94.9 -596.1 2711.2 -0.8730815649 0.0644267872 0.4832988977 0.1164256334 0.9901053309 0.0783361346 -0.4734698534 0.1246622130 -0.8719435930
-34.1 -251.6 2824.4 -0.7551094294 0.0201637577 0.6552886367 -0.0324969664 0.9971470237 -0.0681302771 -0.6547928452 -0.0727407038 -0.7522998452
-41.9 -638.5 2852.6 -0.7541955709 0.0378509350 0.6555580497 0.0079190116 0.9987889528 -0.0485580377 -0.6566021442 -0.0314308852 -0.7535819411
424.7 266.2 2428.3 0 0 0 0 0 0 0 0 0
3.1 -389.9 2985.3 0 0 0 0 0 0 0 0 0
-118.5 -959.6 2665.5 0 0 0 0 0 0 0 0 0
-56.0 -1010.7 2864.3 0 0 0 0 0 0 0 0 0
21.6 337.4 2839.7 68 -0.2156706303 0.0605451427 -0.9745873213 -0.1775211543 0.9790124297 0.1001044735 0.9601939321 0.1945994645 -0.2003961951
9.7 145.4 2801.6 -0.2156706303 0.0605451427 -0.9745873213 -0.1775211543 0.9790124297 0.1001044735 0.9601939321 0.1945994645 -0.2003961951
-2.9 -45.7 2769.6 -0.2137374133 0.0651606992 -0.9747155309 -0.1473289430 0.9842104316 0.0981020033 0.9657176137 0.1645718813 -0.2007625401
38.9 165.5 2669.6 -0.7109969258 -0.5581896901 -0.4276770949 0.2407913804 0.3781645894 -0.8938741684 0.6606836915 -0.7385227084 -0.1344665885
242.7 96.5 2480.3 -0.7157161236 -0.5581896901 0.4197317064 -0.6697326303 0.3781645894 -0.6391007304 0.1980117708 -0.7385227084 -0.6444963217
-19.5 125.2 2933.5 -0.0114587871 0.5212066174 -0.8533536196 -0.9899702668 0.1142636016 0.0830825642 0.1408104300 0.8457466960 0.5146697164
-22.4 -129.8 2969.8 0.1016349047 0.5230268836 -0.8462347388 -0.9934977293 0.0972363651 -0.0592232943 0.0513094142 0.8467513919 0.5295086503
5.9 -226.1 2652.4 -0.8744041324 0.2621757984 0.4082662165 0.1644108146 0.9517635703 -0.2590660155 -0.4564937651 -0.1594049931 -0.8753305078
-95.9 -595.6 2714.3 -0.8783820271 0.0647694841 0.4735503495 0.1183836684 0.9893859625 0.0842657313 -0.4630662203 0.1300781220 -0.8767265081
-34.3 -251.8 2825.2 -0.7627030611 0.0259232000 0.6462290883 -0.0259397179 0.9971662760 -0.0706158876 -0.6462284327 -0.0706219524 -0.7598692775
-44.4 -638.8 2852.6 -0.7620926499 0.0310156047 0.6467246413 0.0073731304 0.9992029667 -0.0392313376 -0.6474259496 -0.0251295306 -0.7617139220
427.4 269.4 2429.2 0 0 0 0 0 0 0 0 0
4.1 -389.0 2983.2 0 0 0 0 0 0 0 0 0
-119.8 -960.5 2666.4 0 0 0 0 0 0 0 0 0
-55.9 -1011.5 2861.9 0 0 0 0 0 0 0 0 0
22.2 339.4 2839.9 69 -0.2240280956 0.0631177351 -0.9725366831 -0.1762987375 0.9788127542 0.1041362435 0.9585041404 0.1947864294 -0.2081539780
9.9 147.5 2801.7 -0.2240280956 0.0631177351 -0.9725366831 -0.1762987375 0.9788127542 0.1041362435 0.9585041404 0.1947864294 -0.2081539780
-3.1 -43.5 2769.6 -0.2220830470 0.0667665750 -0.9727391005 -0.1469055712 0.9839726686 0.1010771766 0.9638972282 0.1653483212 -0.2087152600
40.2 167.5 2670.0 -0.7104853392 -0.5526657701 -0.4356272221 0.2425829619 0.3887501061 -0.8888345361 0.6605785489 -0.7371796966 -0.1421339512
244.5 97.8 2480.0 -0.7166617513 -0.5526657701 0.4253897667 -0.6731777191 0.3887501061 -0.6290509701 0.1822846383 -0.7371796966 -0.6506446004
-20.5 127.4 2933.3 -0.0155707309 0.5146015286 -0.8572880626 -0.9899658561 0.1124979109 0.0855092853 0.1404463202 0.8500173688 0.5076862574
-24.5 -127.7 2969.5 0.0982412994 0.5163627863 -0.8507162333 -0.9938098192 0.0954638720 -0.0568217374 0.0518720374 0.8510323763 0.5225448608
3.6 -223.5 2651.2 -0.8723359704 0.2587106228 0.4148478210 0.1591708511 0.9525763988 -0.2593508959 -0.4622710645 -0.1602094322 -0.8721458316
-96.9 -593.4 2713.4 -0.8762522936 0.0615086630 0.4779106677 0.1121908501 0.9906041622 0.0782086477 -0.4686098099 0.1221477091 -0.8749198914
-34.7 -249.9 2824.2 -0.7575503588 0.0199089162 0.6524730325 -0.0272296723 0.9977010489 -0.0620577298 -0.6522085071 -0.0647784844 -0.7552666664
-42.5 -637.2 2849.3 -0.7562608719 0.0484434590 0.6524742842 0.0104430849 0.9980218410 -0.0619946755 -0.6541868448 -0.0400703065 -0.7552707791
429.6 271.6 2432.9 0 0 0 0 0 0 0 0 0
1.1 -387.0 2983.1 0 0 0 0 0 0 0 0 0
-119.7 -961.3 2668.0 0 0 0 0 0 0 0 0 0
-60.5 -1009.5 2864.3 0 0 0 0 0 0 0 0 0
22.4 342.4 2838.9 70 -0.2210813165 0.0612955354 -0.9733272195 -0.1745219380 0.9794265032 0.1013205126 0.9595129490 0.1922670305 -0.2058354914
10.4 150.4 2801.2 -0.2210813165 0.0612955354 -0.9733272195 -0.1745219380 0.9794265032 0.1013205126 0.9595129490 0.1922670305 -0.2058354914
-2.1 -40.6 2769.0 -0.2193941623 0.0643277317 -0.9735133052 -0.1481518000 0.9840559363 0.0984123498 0.9643221498 0.1658188552 -0.2063658535
40.4 170.7 2669.5 -0.7050108314 -0.5492425561 -0.4486561120 0.2431513071 0.4070825577 -0.8804324269 0.6662110090 -0.7298057079 -0.1534485817
242.5 100.9 2478.5 -0.7267384529 -0.5492425561 0.4125334918 -0.6638077497 0.4070825577 -0.6274097562 0.1766649634 -0.7298057079 -0.6604340076
-19.6 130.2 2933.0 -0.0123907141 0.5162724853 -0.8563347459 -0.9900944233 0.1134468690 0.0827217177 0.1398554444 0.8488771915 0.5097528100
-22.8 -124.9 2969.0 0.1012266502 0.5180853009 -0.8493178487 -0.9935548902 0.0964165181 -0.0596034229 0.0510086119 0.8498772979 0.5245060921
3.8 -221.4 2651.1 -0.8747412562 0.2565222979 0.4111253321 0.1537274271 0.9514713287 -0.2665899694 -0.4595602453 -0.1699959934 -0.8717257380
-95.7 -590.8 2717.1 -0.8775842786 0.0657409132 0.4748936594 0.1191268936 0.9893888235 0.0831776932 -0.4643862844 0.1295680404 -0.8761035800
-36.0 -247.7 2823.8 -0.7590912580 0.0155026345 0.6507995725 -0.0346345641 0.9973387122 -0.0641551912 -0.6500622034 -0.0712398067 -0.7565342188
-42.0 -634.9 2851.5 -0.7577326298 0.0454505235 0.6509804130 0.0222902223 0.9987921119 -0.0437887125 -0.6521843672 -0.0186696351 -0.7578304410
430.3 272.5 2432.8 0 0 0 0 0 0 0 0 0
3.6 -384.2 2982.3 0 0 0 0 0 0 0 0 0
-120.3 -960.3 2668.7 0 0 0 0 0 0 0 0 0
-58.9 -1007.5 2858.4 0 0 0 0 0 0 0 0 0
25.4 341.8 2839.9 71 -0.2109921277 0.0679250360 -0.9751248956 -0.1682400554 0.9801721573 0.1046794727 0.9629006386 0.1861416101 -0.1953808963
12.1 149.8 2803.5 -0.2109921277 0.0679250360 -0.9751248956 -0.1682400554 0.9801721573 0.1046794727 0.9629006386 0.1861416101 -0.1953808963
-1.3 -41.3 2772.3 -0.2092539817 0.0689989701 -0.9754239917 -0.1432992667 0.9845748544 0.1003877223 0.9673045278 0.1607840657 -0.1961387098
40.6 169.4 2671.3 -0.7052118182 -0.5530773401 -0.4436008632 0.2417944074 0.4005515873 -0.8837951422 0.6664921045 -0.7305230498 -0.1487427205
244.0 99.7 2479.1 -0.7213326097 -0.5530773401 0.4168750048 -0.6689731479 0.4005515873 -0.6261256337 0.1793159693 -0.7305230498 -0.6589248180
-16.5 130.3 2935.6 -0.0137077328 0.5258623958 -0.8504592180 -0.9894331694 0.1156450436 0.0874542370 0.1443402767 0.8426713347 0.5187204480
-20.1 -124.7 2972.8 0.0989147946 0.5276367068 -0.8436914682 -0.9936145544 0.0986156315 -0.0548185594 0.0542768873 0.8437265158 0.5340220928
5.1 -218.4 2650.4 -0.8807803392 0.2524156272 0.4006398916 0.1486734450 0.9507068396 -0.2721261978 -0.4495799839 -0.1801188886 -0.8748914003
-92.9 -587.4 2720.4 -0.8824950457 0.0729315877 0.4646326303 0.1280810237 0.9878328443 0.0882130191 -0.4525458515 0.1373581737 -0.8810987473
-34.2 -244.9 2823.2 -0.7663669586 0.0201280378 0.6420876384 -0.0408911034 0.9959536195 -0.0800267458 -0.6411002874 -0.0875855237 -0.7624429464
-42.0 -631.5 2857.2 -0.7656658292 0.0355379321 0.6422561407 0.0233776383 0.9993504286 -0.0274273567 -0.6428136230 -0.0059857578 -0.7659992576
430.7 272.8 2432.7 0 0 0 0 0 0 0 0 0
5.7 -383.9 2987.0 0 0 0 0 0 0 0 0 0
-120.3 -958.5 2668.8 0 0 0 0 0 0 0 0 0
-55.3 -1004.4 2859.5 0 0 0 0 0 0 0 0 0
22.7 338.0 2840.5 72 -0.2130248100 0.0625032857 -0.9750455022 -0.1743202806 0.9795084596 0.1008743048 0.9613702893 0.1914589405 -0.1977640092
10.4 145.8 2802.9 -0.2130248100 0.0625032857 -0.9750455022 -0.1743202806 0.9795084596 0.1008743048 0.9613702893 0.1914589405 -0.1977640092
-2.1 -45.2 2770.8 -0.2113418579 0.0646232888 -0.9752735496 -0.1483248472 0.9841352701 0.0973524898 0.9660922885 0.1652319431 -0.1984037310
39.3 166.1 2670.9 -0.7116212845 -0.5578013062 -0.4271449745 0.2334844917 0.3856591880 -0.8926096559 0.6626312137 -0.7349317670 -0.1442053467
244.7 98.7 2479.6 -0.7080166936 -0.5578013062 0.4330936074 -0.6831652522 0.3856591880 -0.6201227903 0.1788787544 -0.7349317670 -0.6541236043
-18.5 125.6 2934.9 -0.0101570487 0.5230747461 -0.8522262573 -0.9900958538 0.1140845865 0.0818224177 0.1400251240 0.8446167707 0.5167353749
-21.1 -129.5 2971.0 0.1027328074 0.5249142647 -0.8449325562 -0.9934387207 0.0970576108 -0.0604921952 0.0502539165 0.8456032276 0.5314411521
4.0 -219.6 2654.4 -0.8784543276 0.2505530417 0.4068675637 0.1534937471 0.9543359280 -0.2562861741 -0.4525016248 -0.1626840681 -0.8767988086
-93.2 -590.0 2717.6 -0.8807600737 0.0761939585 0.4673930109 0.1275639683 0.9886621833 0.0792120621 -0.4560582936 0.1293893307 -0.8804937601
-33.5 -245.3 2827.7 -0.7639722824 0.0286462232 0.6446128488 -0.0209026430 0.9973909855 -0.0690965503 -0.6449103951 -0.0662619621 -0.7613802552
-44.6 -632.3 2853.4 -0.7634749413 0.0298299268 0.6451481581 0.0031927719 0.9990949035 -0.0424171165 -0.6458295584 -0.0303245950 -0.7628791332
428.0 275.6 2433.3 0 0 0 0 0 0 0 0 0
5.7 -388.7 2984.1 0 0 0 0 0 0 0 0 0
-121.6 -958.2 2669.4 0 0 0 0 0 0 0 0 0
-55.7 -1005.1 2864.8 0 0 0 0 0 0 0 0 0
21.6 338.5 2840.7 73 -0.2159241885 0.0599956810 -0.9745651484 -0.1756043583 0.9794497490 0.0992031991 0.9604893923 0.1925582588 -0.2009513974
9.9 146.7 2803.0 -0.2159241885 0.0599956810 -0.9745651484 -0.1756043583 0.9794497490 0.0992031991 0.9604893923 0.1925582588 -0.2009513974
-2.0 -44.4 2770.9 -0.2142729759 0.0611017793 -0.9748608470 -0.1488273293 0.9843462110 0.0944083259 0.9653691053 0.1653150916 -0.2018251866
39.2 167.0 2671.1 -0.7132099867 -0.5574688315 -0.4249235690 0.2375634015 0.3780933321 -0.8947675824 0.6594657898 -0.7391034961 -0.1372257471
245.4 98.3 2480.4 -0.7009004951 -0.5574688315 0.4449348450 -0.6914765835 0.3780933321 -0.6155530810 0.1749247313 -0.7391034961 -0.6504824162
-19.4 126.3 2934.9 -0.0076945117 0.5197756290 -0.8542681336 -0.9901028275 0.1157578826 0.0793503672 0.1401326656 0.8464238644 0.5137406588
-21.4 -128.8 2971.0 0.1055195779 0.5216625929 -0.8466013074 -0.9931210876 0.0987357423 -0.0629422367 0.0507551990 0.8474192619 0.5284926295
4.2 -222.9 2652.2 -0.8760192990 0.2559179366 0.4087740779 0.1557346284 0.9522953629 -0.2624504566 -0.4564394355 -0.1662513912 -0.8740844131
-95.1 -592.6 2716.7 -0.8786912560 0.0701751038 0.4722045362 0.1243992969 0.9886220694 0.0845648870 -0.4608974755 0.1330483407 -0.8774232864
-33.6 -249.5 2825.3 -0.7618512511 0.0244589634 0.6472900510 -0.0313473083 0.9967238307 -0.0745582581 -0.6469930410 -0.0770931095 -0.7585886121
-43.1 -636.4 2855.2 -0.7610101104 0.0366179943 0.6477057934 0.0268645920 0.9993280768 -0.0249328725 -0.6481835842 -0.0015738161 -0.7614824772
426.9 277.3 2435.1 0 0 0 0 0 0 0 0 0
6.1 -387.9 2984.2 0 0 0 0 0 0 0 0 0
-121.0 -957.1 2667.7 0 0 0 0 0 0 0 0 0
-56.8 -1009.2 2855.8 0 0 0 0 0 0 0 0 0
24.1 340.9 2838.8 74 -0.2244313806 0.0621552467 -0.9725056887 -0.1718227714 0.9798045158 0.1022743806 0.9592223167 0.1900521964 -0.2092192024
12.0 149.3 2801.7 -0.2244313806 0.0621552467 -0.9725056887 -0.1718227714 0.9798045158 0.1022743806 0.9592223167 0.1900521964 -0.2092192024
-0.5 -41.9 2770.1 -0.2226836681 0.0641544461 -0.9727775455 -0.1446416825 0.9846145511 0.0980457887 0.9641010165 0.1625373811 -0.2099781781
42.4 169.0 2670.0 -0.7102562189 -0.5580836535 -0.4290440083 0.2475707978 0.3725167811 -0.8943936229 0.6589725614 -0.7414674163 -0.1264171302
245.6 98.2 2481.5 -0.6975092292 -0.5580836535 0.4494702816 -0.6946216226 0.3725167811 -0.6154121161 0.1760162413 -0.7414674163 -0.6474908590
-18.5 129.5 2933.4 -0.0132457484 0.5134676099 -0.8580067158 -0.9895872474 0.1162624657 0.0848534554 0.1433234811 0.8501964808 0.5065810084
-21.9 -125.5 2970.3 0.1006666571 0.5152703524 -0.8510949612 -0.9934059381 0.0992352888 -0.0574199669 0.0548718460 0.8512630463 0.5218623281
5.4 -222.2 2652.3 -0.8717003465 0.2588535547 0.4160930216 0.1577910334 0.9521448612 -0.2617673576 -0.4639402330 -0.1625269502 -0.8708297610
-95.1 -591.8 2715.4 -0.8748174906 0.0674638003 0.4797322750 0.1210539863 0.9892840385 0.0816273689 -0.4690845907 0.1294825524 -0.8736097217
-33.0 -248.8 2825.3 -0.7565844655 0.0275559518 0.6533151269 -0.0240110364 0.9972671270 -0.0698698387 -0.6534550190 -0.0685492083 -0.7538551688
-43.7 -635.9 2851.9 -0.7559987903 0.0342753865 0.6536750197 -0.0012016458 0.9985537529 -0.0537488125 -0.6545719504 -0.0414195210 -0.7548642159
426.3 278.2 2435.9 0 0 0 0 0 0 0 0 0
4.4 -384.6 2984.6 0 0 0 0 0 0 0 0 0
-120.2 -959.5 2667.3 0 0 0 0 0 0 0 0 0
-56.5 -1008.3 2867.4 0 0 0 0 0 0 0 0 0
22.3 336.4 2839.4 75 -0.2319514006 0.0582563207 -0.9709813595 -0.1783351302 0.9787390828 0.1013230830 0.9562401175 0.1966621131 -0.2166307569
10.9 144.7 2800.9 -0.2319514006 0.0582563207 -0.9709813595 -0.1783351302 0.9787390828 0.1013230830 0.9562401175 0.1966621131 -0.2166307569
-1.8 -46.3 2768.5 -0.2300321758 0.0655375868 -0.9709737301 -0.1479093581 0.9837845564 0.1014432982 0.9618773460 0.1669513285 -0.2166084796
42.4 164.9 2669.5 -0.7131510973 -0.5586331487 -0.4234909117 0.2344441712 0.3792653382 -0.8950942755 0.6606447697 -0.7376224399 -0.1395051926
245.8 98.0 2481.0 -0.6962011456 -0.5586331487 0.4508136809 -0.6977966428 0.3792653382 -0.6076493263 0.1684750468 -0.7376224399 -0.6538572907
-20.5 124.5 2932.3 -0.0168398824 0.5076007247 -0.8614278436 -0.9901150465 0.1115161404 0.0850670114 0.1392431855 0.8543451428 0.5007051826
-24.8 -130.6 2968.2 0.0977002233 0.5093517303 -0.8549944162 -0.9938772321 0.0944800749 -0.0572850965 0.0516016781 0.8553562760 0.5154638290
7.0 -220.0 2652.2 -0.8691150546 0.2596402168 0.4209821820 0.1575271189 0.9521227479 -0.2620067000 -0.4688541889 -0.1613978446 -0.8684045672
-93.8 -589.7 2714.9 -0.8723312616 0.0710934550 0.4837188125 0.1210915893 0.9899624586 0.0728773028 -0.4736823738 0.1221474335 -0.8721840382
-32.9 -246.0 2824.9 -0.7519366145 0.0249130670 0.6587645411 -0.0209220555 0.9978804588 -0.0616188645 -0.6589033604 -0.0601161867 -0.7498216033
-42.6 -633.3 2848.3 -0.7512460351 0.0383757688 0.6589056849 0.0023603910 0.9984580874 -0.0554606840 -0.6600180864 -0.0401093401 -0.7501782179
426.2 278.7 2437.3 0 0 0 0 0 0 0 0 0
0.7 -389.9 2981.6 0 0 0 0 0 0 0 0 0
-120.5 -961.3 2669.0 0 0 0 0 0 0 0 0 0
-56.9 -1005.9 2863.2 0 0 0 0 0 0 0 0 0
19.4 334.4 2839.2 76 -0.2366067320 0.0546331927 -0.9700682759 -0.1808931828 0.9784842134 0.0992283374 0.9546176791 0.1989568174 -0.2216331959
8.7 142.6 2800.2 -0.2366067320 0.0546331927 -0.9700682759 -0.1808931828 0.9784842134 0.0992283374 0.9546176791 0.1989568174 -0.2216331959
-2.8 -48.4 2767.7 -0.2347838730 0.0589773953 -0.9702567458 -0.1494037509 0.9841076136 0.0959722251 0.9604973197 0.1674927324 -0.2222411633
40.8 163.0 2669.0 -0.7189619541 -0.5578179955 -0.4146477282 0.2273170650 0.3750535250 -0.8987000585 0.6568261981 -0.7403876781 -0.1428476721
246.5 98.0 2481.0 -0.6941657662 -0.5578179955 0.4549428225 -0.6998174787 0.3750535250 -0.6079394817 0.1684916764 -0.7403876781 -0.6507201195
-23.4 122.2 2931.4 -0.0120319771 0.5019777417 -0.8647968173 -0.9902186394 0.1142466366 0.0800922811 0.1390046775 0.8573015928 0.4956930876
-26.5 -132.9 2967.2 0.1030356884 0.5038195252 -0.8576418161 -0.9933158755 0.0972199515 -0.0622237325 0.0520303659 0.8583205342 0.5104690790
6.1 -224.0 2649.9 -0.8695641160 0.2535308599 0.4237692058 0.1440247297 0.9510424733 -0.2734504342 -0.4723506272 -0.1767494231 -0.8635070920
-92.3 -593.2 2718.5 -0.8705059886 0.0795770437 0.4856818616 0.1330100298 0.9881584644 0.0764930695 -0.4738435447 0.1311882287 -0.8707823753
-35.1 -250.5 2822.2 -0.7482779622 0.0186322331 0.6631236076 -0.0417835563 0.9962970018 -0.0751427785 -0.6620681286 -0.0839353427 -0.7447285652
-42.3 -637.2 2854.8 -0.7473116517 0.0396256633 0.6632911563 0.0260848515 0.9992002845 -0.0303041339 -0.6639615297 -0.0053447806 -0.7477476597
426.0 279.0 2437.5 0 0 0 0 0 0 0 0 0
0.4 -392.1 2980.8 0 0 0 0 0 0 0 0 0
-121.9 -960.4 2669.8 0 0 0 0 0 0 0 0 0
-57.1 -1009.9 2856.8 0 0 0 0 0 0 0 0 0
20.9 340.2 2840.6 77 -0.2409322262 0.0548469126 -0.9689909816 -0.1825552881 0.9780200720 0.1007489637 0.9532183409 0.2011680901 -0.2256239504
10.2 148.3 2801.1 -0.2409322262 0.0548469126 -0.9689909816 -0.1825552881 0.9780200720 0.1007489637 0.9532183409 0.2011680901 -0.2256239504
-1.3 -42.7 2768.1 -0.2391207516 0.0590054244 -0.9691953659 -0.1513432562 0.9836879969 0.0972272977 0.9591227770 0.1699302495 -0.2262901515
42.8 168.9 2670.1 -0.7114904523 -0.5543796420 -0.4317922890 0.2473107576 0.3776120842 -0.8923264742 0.6577376127 -0.7416686416 -0.1315633208
246.6 98.1 2481.7 -0.6945873499 -0.5543796420 0.4584883749 -0.7008481026 0.3776120842 -0.6051620245 0.1623587757 -0.7416686416 -0.6508204937
-22.5 127.6 2932.1 -0.0134110022 0.4982921481 -0.8669054508 -0.9905147552 0.1119507030 0.0796718374 0.1367505193 0.8597511053 0.4920643568
-26.0 -127.6 2967.4 0.1020368412 0.5001162291 -0.8599257469 -0.9935093522 0.0949207023 -0.0626835153 0.0502757132 0.8607403040 0.5065555573
6.8 -226.1 2649.1 -0.8688085675 0.2587258816 0.4221760333 0.1404281259 0.9463672042 -0.2909794450 -0.4748174846 -0.1935200393 -0.8585443497
-93.6 -593.4 2724.2 -0.8690582514 0.0722518489 0.4894051850 0.1370903701 0.9857072234 0.0979154855 -0.4753356576 0.1521870047 -0.8665420413
-35.2 -252.8 2821.2 -0.7455455065 0.0180705935 0.6662096977 -0.0478087217 0.9956067801 -0.0805073604 -0.6647377014 -0.0918725356 -0.7414062619
-42.3 -639.3 2856.9 -0.7447452545 0.0401684456 0.6661388278 0.0335415564 0.9991783500 -0.0227513015 -0.6665053964 0.0053994092 -0.7454806566
426.3 279.4 2439.7 0 0 0 0 0 0 0 0 0
0.7 -386.8 2980.5 0 0 0 0 0 0 0 0 0
-120.4 -958.8 2667.8 0 0 0 0 0 0 0 0 0
-57.3 -1012.1 2854.9 0 0 0 0 0 0 0 0 0
23.5 340.6 2850.8 78 -0.2622050643 0.0658789873 -0.9627608657 -0.1949203312 0.9734876752 0.1196989715 0.9451214671 0.2190473378 -0.2424122542
10.5 148.9 2807.6 -0.2622050643 0.0658789873 -0.9627608657 -0.1949203312 0.9734876752 0.1196989715 0.9451214671 0.2190473378 -0.2424122542
-3.1 -41.2 2771.2 -0.2600111961 0.0702208653 -0.9630489349 -0.1634347886 0.9797621369 0.1155648753 0.9516739249 0.1874438524 -0.2432726026
46.0 171.2 2677.7 -0.6897628307 -0.5679935813 -0.4490106106 0.2519831359 0.3930619359 -0.8843114972 0.6787722111 -0.7231083512 -0.1279947162
246.1 98.1 2480.7 -0.6947357655 -0.5679935813 0.4412771463 -0.7000402212 0.3930619359 -0.5961929560 0.1651845127 -0.7231083512 -0.6706925035
-25.0 126.6 2937.6 -0.0305871982 0.4830131233 -0.8750787377 -0.9923318624 0.0902210772 0.0844845325 0.1197576821 0.8709526062 0.4765496850
-32.9 -129.0 2968.5 0.0864763036 0.4845687151 -0.8704682589 -0.9956222773 0.0731435716 -0.0581924096 0.0354709364 0.8716898561 0.4887726009
8.7 -220.1 2649.2 -0.8610759974 0.2614386976 0.4361169040 0.1476689577 0.9493036270 -0.2775184810 -0.4865614176 -0.1745635867 -0.8560289145
-92.8 -588.5 2716.9 -0.8628033400 0.0719259828 0.5003968477 0.1266360283 0.9890187979 0.0761912167 -0.4894217849 0.1291063130 -0.8624371886
-34.2 -247.2 2821.1 -0.7339200974 0.0201334413 0.6789373159 -0.0571903549 0.9941795468 -0.0913035795 -0.6768238544 -0.1058382019 -0.7284969091
-42.0 -633.1 2862.1 -0.7337453365 0.0401228070 0.6782388687 0.0474680513 0.9988427758 -0.0077360934 -0.6777644157 0.0265183542 -0.7348007560
426.0 279.3 2438.0 0 0 0 0 0 0 0 0 0
-10.4 -388.7 2977.7 0 0 0 0 0 0 0 0 0
-119.8 -960.4 2668.4 0 0 0 0 0 0 0 0 0
-57.0 -1005.8 2852.2 0 0 0 0 0 0 0 0 0
22.4 336.2 2843.9 79 -0.2754527926 0.0656581596 -0.9590697289 -0.1850569546 0.9753829837 0.1199248657 0.9433343410 0.2105161697 -0.2565214634
9.5 144.7 2802.5 -0.2754527926 0.0656581596 -0.9590697289 -0.1850569546 0.9753829837 0.1199248657 0.9433343410 0.2105161697 -0.2565214634
-3.3 -45.8 2767.7 -0.2734298408 0.0659162551 -0.9596307278 -0.1549683958 0.9815979600 0.1115806699 0.9493265748 0.1792219281 -0.2581832409
46.9 165.8 2672.9 -0.6983764172 -0.5689181685 -0.4342839122 0.2377695143 0.3878947794 -0.8905073404 0.6750822663 -0.7251687646 -0.1356251687
245.6 98.2 2480.7 -0.6948234439 -0.5689181685 0.4399459958 -0.6984276175 0.3878947794 -0.6014453173 0.1715204269 -0.7251687646 -0.6668665409
-27.8 123.5 2932.2 -0.0308350101 0.4702659845 -0.8819859028 -0.9912050366 0.0992260948 0.0875597671 0.1286923885 0.8769287467 0.4630703926
-35.8 -131.9 2965.4 0.0874284804 0.4718353152 -0.8773412704 -0.9951012135 0.0821667537 -0.0549740605 0.0461495817 0.8778496981 0.4767076075
6.6 -216.8 2649.6 -0.8545808792 0.2564505041 0.4515801966 0.1402456164 0.9512209892 -0.2747904062 -0.5000227094 -0.1714984775 -0.8488613367
-93.0 -586.0 2716.2 -0.8555063605 0.0713368356 0.5128546953 0.1282947212 0.9887831807 0.0764744580 -0.5016466379 0.1312209368 -0.8550624251
-40.0 -246.0 2820.1 -0.7240827084 0.0174684878 0.6894918680 -0.0693281069 0.9927727580 -0.0979584083 -0.6862199306 -0.1187311634 -0.7176385522
-46.8 -631.4 2866.2 -0.7266033292 0.0218852051 0.6867085695 0.0492641181 0.9985794425 0.0203017090 -0.6852887273 0.0485813804 -0.7266492844
425.6 279.1 2436.3 0 0 0 0 0 0 0 0 0
-13.0 -391.4 2977.4 0 0 0 0 0 0 0 0 0
-120.0 -961.0 2666.4 0 0 0 0 0 0 0 0 0
-54.9 -1003.9 2848.0 0 0 0 0 0 0 0 0 0
16.8 332.3 2840.4 80 -0.3022975326 0.0507193357 -0.9518632889 -0.1776258051 0.9780954123 0.1085283905 0.9365176558 0.2018833458 -0.2866667807
6.9 140.0 2800.7 -0.3022975326 0.0507193357 -0.9518632889 -0.1776258051 0.9780954123 0.1085283905 0.9365176558 0.2018833458 -0.2866667807
-3.2 -50.8 2767.0 -0.3008801341 0.0519826561 -0.9522441626 -0.1505552083 0.9834026098 0.1012544408 0.9417028427 0.1738307625 -0.2880600691
48.0 160.6 2672.1 -0.6989801526 -0.5753794909 -0.4246941805 0.2217025012 0.3902589381 -0.8936139941 0.6799078584 -0.7187741995 -0.1452201903
246.1 97.8 2479.4 -0.6924927831 -0.5753794909 0.4351921082 -0.7000674605 0.3902589381 -0.5979995728 0.1742390692 -0.7187741995 -0.6730560064
-34.2 119.4 2929.3 -0.0263247304 0.4424639642 -0.8963998556 -0.9904716611 0.1097121239 0.0832413808 0.1351772398 0.8900499344 0.4353598654
-41.0 -135.7 2964.1 0.0943794474 0.4441476762 -0.8909687996 -0.9939411283 0.0926817581 -0.0590853840 0.0563339144 0.8911469579 0.4502038956
8.4 -222.5 2647.9 -0.8376639485 0.2603361905 0.4801501334 0.1382324398 0.9515255094 -0.2747561634 -0.5284040570 -0.1637810022 -0.8330455422
-92.6 -591.9 2711.5 -0.8386273384 0.0741223544 0.5396388173 0.1262005717 0.9901815653 0.0601155087 -0.5298845172 0.1185172275 -0.8397476077
-40.6 -250.2 2818.0 -0.7019506693 0.0223252587 0.7118755579 -0.0653582439 0.9932721257 -0.0955972075 -0.7092204094 -0.1136314571 -0.6957688928
-49.2 -635.8 2862.1 -0.7042949796 0.0106415525 0.7098276615 0.0326812044 0.9993135929 0.0174450241 -0.7091547847 0.0354844667 -0.7041593194
425.3 278.9 2434.3 0 0 0 0 0 0 0 0 0
-16.4 -395.0 2978.8 0 0 0 0 0 0 0 0 0
-120.2 -960.2 2667.4 0 0 0 0 0 0 0 0 0
-53.2 -1008.7 2848.9 0 0 0 0 0 0 0 0 0
21.0 332.4 2839.7 81 -0.2637824416 0.0622224994 -0.9625732303 -0.1783514619 0.9775642157 0.1120667756 0.9479501843 0.2012375891 -0.2467668056
8.8 140.2 2800.1 -0.2637824416 0.0622224994 -0.9625732303 -0.1783514619 0.9775642157 0.1120667756 0.9479501843 0.2012375891 -0.2467668056
-3.4 -50.6 2766.7 -0.2620143592 0.0624743663 -0.9630396962 -0.1505519301 0.9830387831 0.1047324389 0.9532484412 0.1724288762 -0.2481646389
44.5 160.8 2670.0 -0.7083201408 -0.5690054297 -0.4177504182 0.2211996615 0.3830801845 -0.8968390226 0.6703382134 -0.7276554108 -0.1454795897
246.8 97.7 2478.6 -0.6912887692 -0.5690054297 0.4453680217 -0.7020627856 0.3830801845 -0.6002977490 0.1709610224 -0.7276554108 -0.6642965674
-27.0 119.6 2930.2 -0.0239808653 0.4794157147 -0.8772602081 -0.9905319810 0.1072541326 0.0856908038 0.1351713091 0.8710092306 0.4723045826
-33.2 -135.6 2965.1 0.0932557806 0.4810847044 -0.8716999888 -0.9943129420 0.0902259573 -0.0565780662 0.0514311269 0.8720188141 0.4867628217
13.6 -228.2 2649.0 -0.8510433435 0.2781562209 0.4453698695 0.1677654982 0.9477495551 -0.2713401318 -0.4975740612 -0.1562045217 -0.8532410264
-94.4 -596.1 2709.6 -0.8557972908 0.0705416799 0.5124791265 0.1169898883 0.9913848639 0.0589012839 -0.5039090514 0.1103624329 -0.8566771746
-40.3 -255.2 2817.6 -0.7307887673 0.0119343679 0.6824993491 -0.0483989082 0.9964247942 -0.0692470670 -0.6808856726 -0.0836372003 -0.7275984287
-44.9 -641.9 2850.1 -0.7303043008 0.0299774371 0.6824639440 0.0114737777 0.9994340539 -0.0316223614 -0.6830256581 -0.0152635081 -0.7302349210
425.3 278.9 2434.5 0 0 0 0 0 0 0 0 0
-8.9 -395.0 2978.5 0 0 0 0 0 0 0 0 0
-120.4 -961.9 2668.9 0 0 0 0 0 0 0 0 0
-56.1 -1014.3 2855.8 0 0 0 0 0 0 0 0 0
20.4 339.6 2839.8 82 -0.2754215002 0.0596256107 -0.9594726562 -0.1793980598 0.9773535132 0.1122339219 0.9444360137 0.2030391693 -0.2584874332
8.7 147.7 2800.0 -0.2754215002 0.0596256107 -0.9594726562 -0.1793980598 0.9773535132 0.1122339219 0.9444360137 0.2030391693 -0.2584874332
-3.0 -43.1 2766.3 -0.2736883759 0.0605385974 -0.9599113464 -0.1511252820 0.9829139113 0.1050779000 0.9498714805 0.1738254726 -0.2598631978
46.1 168.3 2670.3 -0.6979071498 -0.5689080358 -0.4350508153 0.2572228909 0.3678116202 -0.8936167955 0.6684025526 -0.7355666161 -0.1103621870
243.8 95.5 2480.9 -0.6947777867 -0.5689080358 0.4400311708 -0.6935160756 0.3678116202 -0.6194756031 0.1905760914 -0.7355666161 -0.6500942707
-28.6 127.0 2929.7 -0.0257841535 0.4687401056 -0.8829597235 -0.9906157255 0.1066112146 0.0855250135 0.1342224181 0.8768789768 0.4615924358
-35.3 -128.3 2964.2 0.0925236791 0.4703955650 -0.8775917888 -0.9943578243 0.0895761326 -0.0568207540 0.0518830530 0.8778975606 0.4760294259
8.0 -227.9 2648.0 -0.8481558561 0.2681309283 0.4568779767 0.1568391621 0.9508792162 -0.2668897808 -0.5059971809 -0.1547077745 -0.8485472202
-96.1 -597.0 2708.1 -0.8521481752 0.0667885989 0.5190210342 0.1111440882 0.9922928214 0.0547904372 -0.5113614202 0.1043756902 -0.8530036211
-38.9 -254.9 2818.6 -0.7222415805 0.0157987848 0.6914603710 -0.0362151787 0.9975038171 -0.0606187396 -0.6906920671 -0.0688227341 -0.7198665738
-45.1 -642.0 2845.3 -0.7217093110 0.0286734235 0.6916021109 -0.0066860653 0.9988062978 -0.0483870581 -0.6921639442 -0.0395454913 -0.7206560969
422.6 273.9 2431.9 0 0 0 0 0 0 0 0 0
-11.1 -387.7 2977.8 0 0 0 0 0 0 0 0 0
-120.6 -961.0 2669.8 0 0 0 0 0 0 0 0 0
-55.8 -1014.4 2860.1 0 0 0 0 0 0 0 0 0
19.8 337.8 2839.9 83 -0.2795463204 0.0611580610 -0.9581823945 -0.1863426566 0.9755376577 0.1166306064 0.9418759346 0.2111539096 -0.2613115907
7.9 147.1 2798.6 -0.2795463204 0.0611580610 -0.9581823945 -0.1863426566 0.9755376577 0.1166306064 0.9418759346 0.2111539096 -0.2613115907
-3.8 -43.3 2763.1 -0.2778806984 0.0603855737 -0.9587157369 -0.1595269889 0.9812632799 0.1080441400 0.9472768903 0.1829644144 -0.2630409896
45.9 168.9 2669.3 -0.6913371682 -0.5669539571 -0.4479018748 0.2752842903 0.3664665520 -0.8887749314 0.6680355072 -0.7377434969 -0.0972784236
240.4 91.5 2481.2 -0.6933772564 -0.5669539571 0.4447371960 -0.6958301663 0.3664665520 -0.6176751852 0.1872121245 -0.7377434969 -0.6486032605
-30.1 125.3 2928.0 -0.0269395057 0.4650135040 -0.8848935962 -0.9917708635 0.0983996466 0.0819024816 0.1251589805 0.8798181415 0.4585359991
-37.0 -130.2 2960.3 0.0917606428 0.4666556120 -0.8796661496 -0.9948403239 0.0813522339 -0.0606181175 0.0432750210 0.8806896806 0.4717127681
9.7 -220.4 2647.5 -0.8456852436 0.2830274701 0.4524509609 0.1625781655 0.9441215396 -0.2867103815 -0.5083156228 -0.1689080894 -0.8444437981
-100.1 -586.8 2713.1 -0.8499436378 0.0522201434 0.5242793560 0.1072253659 0.9913955927 0.0750834495 -0.5158473849 0.1200327501 -0.8482297063
-39.3 -247.5 2817.6 -0.7195044160 -0.0038092430 0.6944773793 -0.0652396232 0.9959337115 -0.0621279329 -0.6914167404 -0.0900087655 -0.7168272138
-37.8 -633.9 2852.5 -0.7173352838 0.0579741262 0.6943119764 0.0369618870 0.9982953668 -0.0451687947 -0.6957470179 -0.0067380900 -0.7182552814
418.7 270.3 2433.1 0 0 0 0 0 0 0 0 0
-13.1 -389.7 2971.6 0 0 0 0 0 0 0 0 0
-119.8 -960.2 2667.8 0 0 0 0 0 0 0 0 0
-59.4 -1006.0 2855.0 0 0 0 0 0 0 0 0 0
20.2 341.2 2850.4 84 -0.2918995619 0.0616357140 -0.9544609189 -0.2095468193 0.9695557952 0.1266954839 0.9332121015 0.2369866073 -0.2700973153
8.1 150.8 2803.9 -0.2918995619 0.0616357140 -0.9544609189 -0.2095468193 0.9695557952 0.1266954839 0.9332121015 0.2369866073 -0.2700973153
-4.8 -38.8 2764.8 -0.2895832956 0.0668679699 -0.9548141956 -0.1744575053 0.9771593213 0.1213436499 0.9411196113 0.2017136067 -0.2713033855
47.7 174.6 2675.4 -0.6748600602 -0.5684794188 -0.4705263376 0.2967233658 0.3747597337 -0.8783566356 0.6756620407 -0.7323839664 -0.0842292383
239.3 90.4 2483.5 -0.6941742897 -0.5684794188 0.4415350556 -0.6962775588 0.3747597337 -0.6121705174 0.1825367957 -0.7323839664 -0.6559680104
-31.4 127.0 2932.4 -0.0368013158 0.4562068284 -0.8891124725 -0.9936348796 0.0780852139 0.0811934173 0.1064675301 0.8864412308 0.4504294097
-40.9 -129.0 2959.9 0.0827913582 0.4576940536 -0.8852466941 -0.9962328672 0.0610084124 -0.0616283417 0.0258005708 0.8870141506 0.4610208273
9.4 -219.5 2642.8 -0.8494567275 0.2683546841 0.4543226361 0.1429630667 0.9458610415 -0.2913905084 -0.5079221129 -0.1825722456 -0.8418328166
-94.8 -586.6 2713.7 -0.8513647914 0.0661694929 0.5203841329 0.1183721423 0.9906592369 0.0676931739 -0.5110440850 0.1192305610 -0.8512449861
-40.4 -248.1 2812.5 -0.7124500275 -0.0055085174 0.7017012239 -0.0847839937 0.9933192730 -0.0782849416 -0.6965821385 -0.1152671427 -0.7081573606
-38.3 -633.5 2857.2 -0.7103905082 0.0654450357 0.7007583976 0.0584414452 0.9977139235 -0.0339334905 -0.7013771534 0.0168473050 -0.7125911713
416.8 268.5 2436.9 0 0 0 0 0 0 0 0 0
-19.3 -388.8 2966.6 0 0 0 0 0 0 0 0 0
-119.9 -962.9 2668.4 0 0 0 0 0 0 0 0 0
-62.7 -1005.6 2850.9 0 0 0 0 0 0 0 0 0
17.3 338.0 2843.2 85 -0.2578540444 0.0528934151 -0.9647349715 -0.1916924715 0.9758503437 0.1047383323 0.9469769001 0.2119396329 -0.2414876968
6.9 147.6 2801.8 -0.2578540444 0.0528934151 -0.9647349715 -0.1916924715 0.9758503437 0.1047383323 0.9469769001 0.2119396329 -0.2414876968
-4.2 -42.9 2766.4 -0.2561786175 0.0576095991 -0.9649112225 -0.1620149463 0.9815422893 0.1016166285 0.9529552460 0.1823620498 -0.2421165407
41.9 169.7 2671.8 -0.6869168878 -0.5418083668 -0.4843437374 0.2870778441 0.4099614322 -0.8657470345 0.6676312089 -0.7337406278 -0.1260682642
236.8 88.3 2482.4 -0.7196118832 -0.5418083668 0.4342837930 -0.6773253679 0.4099614322 -0.6108698249 0.1529347748 -0.7337406278 -0.6619936824
-28.0 125.5 2931.9 -0.0171085056 0.4832908511 -0.8752926588 -0.9920526743 0.1009362489 0.0751224235 0.1246547401 0.8696216345 0.4777230918
-32.5 -130.0 2964.0 0.0998070166 0.4850749671 -0.8687582016 -0.9941946268 0.0838882327 -0.0673783720 0.0401950330 0.8704395890 0.4906315506
8.2 -212.8 2641.3 -0.8628501296 0.2611148655 0.4327917695 0.1383619308 0.9455441833 -0.2946221232 -0.4861539304 -0.1943328232 -0.8519912362
-93.2 -579.8 2716.8 -0.8638892174 0.0683956593 0.4990164638 0.1245664433 0.9889729619 0.0800978616 -0.4880354404 0.1313563883 -0.8628829122
-43.7 -244.1 2809.9 -0.7335132360 -0.0079030879 0.6796292067 -0.0851843804 0.9931168556 -0.0803896934 -0.6743159294 -0.1168606952 -0.7291375995
-40.7 -629.5 2855.3 -0.7334275842 0.0457107686 0.6782289743 0.0372442044 0.9989399910 -0.0270504393 -0.6787465215 0.0054205600 -0.7343525887
420.6 261.3 2443.3 0 0 0 0 0 0 0 0 0
-6.4 -389.3 2974.5 0 0 0 0 0 0 0 0 0
-119.4 -958.9 2666.4 0 0 0 0 0 0 0 0 0
-57.7 -1002.2 2853.2 0 0 0 0 0 0 0 0 0
20.0 337.6 2841.1 86 -0.2746564746 0.0574662499 -0.9598236680 -0.1971623600 0.9736365676 0.1147118658 0.9411115050 0.2207474560 -0.2560854256
8.8 147.7 2798.0 -0.2746564746 0.0574662499 -0.9598236680 -0.1971623600 0.9736365676 0.1147118658 0.9411115050 0.2207474560 -0.2560854256
-3.1 -42.5 2761.3 -0.2727499306 0.0615957044 -0.9601111412 -0.1658788323 0.9799925685 0.1099943221 0.9476770163 0.1892630607 -0.2570754886
46.0 170.3 2668.6 -0.6864306331 -0.5221748352 -0.5061090589 0.3014608920 0.4290195704 -0.8515065908 0.6617660522 -0.7370723486 -0.1370768994
236.8 86.5 2484.7 -0.7306669950 -0.5221748352 0.4398399591 -0.6707793474 0.4290195704 -0.6049770713 0.1272038370 -0.7370723486 -0.6637345552
-28.5 125.1 2927.4 -0.0262758210 0.4698194265 -0.8823714256 -0.9926202297 0.0922682956 0.0786872134 0.1183836833 0.8779272437 0.4639278054
-35.3 -130.6 2957.9 0.0919817016 0.4714670479 -0.8770736456 -0.9951163530 0.0752050504 -0.0639350936 0.0358170792 0.8786711693 0.4760820568
7.7 -218.8 2645.7 -0.8579834700 0.2531182766 0.4469848573 0.1325082779 0.9497762322 -0.2834901810 -0.4962921441 -0.1840007007 -0.8484326005
-90.6 -587.5 2717.1 -0.8576962948 0.0773357973 0.5083071589 0.1362548023 0.9874647856 0.0796739981 -0.4957737923 0.1375953853 -0.8574822545
-38.2 -247.8 2816.3 -0.7226032615 0.0212943908 0.6909348965 -0.0351678766 0.9970986247 -0.0675100237 -0.6903678179 -0.0730816796 -0.7197578549
-46.5 -634.3 2844.6 -0.7223159671 0.0206181910 0.6912557483 -0.0022787971 0.9994790554 -0.0321928039 -0.6915594339 -0.0248286091 -0.7218927145
423.3 257.7 2452.3 0 0 0 0 0 0 0 0 0
-11.3 -390.2 2967.3 0 0 0 0 0 0 0 0 0
-119.7 -959.1 2665.4 0 0 0 0 0 0 0 0 0
-54.2 -1007.0 2853.9 0 0 0 0 0 0 0 0 0
22.6 336.8 2840.5 87 -0.2542618811 0.0630689785 -0.9650768042 -0.1883217394 0.9755421281 0.1133686900 0.9486231208 0.2105702758 -0.2361659259
10.2 145.9 2799.3 -0.2542618811 0.0630689785 -0.9650768042 -0.1883217394 0.9755421281 0.1133686900 0.9486231208 0.2105702758 -0.2361659259
-2.4 -44.6 2764.6 -0.2522101104 0.0654295087 -0.9654579163 -0.1570697278 0.9817124605 0.1075629815 0.9548398852 0.1787726879 -0.2373208255
44.7 167.4 2668.9 -0.6911222339 -0.5098892450 -0.5122138262 0.2853773832 0.4585995674 -0.8415736556 0.6640104055 -0.7278044820 -0.1714374870
236.9 88.0 2484.3 -0.7412129641 -0.5098892450 0.4365962744 -0.6636076570 0.4585995674 -0.5910256505 0.1011347696 -0.7278044820 -0.6782863736
-24.2 124.5 2929.7 -0.0234746374 0.4886227846 -0.8721792698 -0.9914661050 0.1005260572 0.0830031484 0.1282339841 0.8666846752 0.4820930958
