4.2 347.0 2899.4 3 -0.5820173025 -0.0462554619 -0.8118597865 -0.2142265141 0.9718344808 0.0982077047 0.7844506502 0.2310804725 -0.5755336285
13.3 155.2 2853.7 -0.5820173025 -0.0462554619 -0.8118597865 -0.2142265141 0.9718344808 0.0982077047 0.7844506502 0.2310804725 -0.5755336285
19.6 -34.8 2814.9 -0.5833489895 -0.0326107033 -0.8115667105 -0.1812833697 0.9792155027 0.0909580886 0.7917324901 0.2001838535 -0.5771360993
93.0 180.0 2745.6 -0.7467551827 -0.6644925475 0.0283949189 -0.4808588028 0.5099083185 -0.7132799625 0.4594904184 -0.5462994576 -0.7003037930
268.1 292.7 2637.9 -0.5206813216 -0.6644925475 0.5360416174 -0.8402939439 0.5099083185 -0.1841183007 -0.1509868354 -0.5462994576 -0.8238688111
-66.4 130.4 2961.9 -0.0421392657 0.1300460845 -0.9906120896 -0.9940435290 0.0942837596 0.0546626672 0.1005072966 0.9870150089 0.1252984107
-77.2 -125.7 2987.8 0.0976229012 0.1317401677 -0.9864655733 -0.9931231141 0.0772583485 -0.0879640728 0.0646243021 0.9882690310 0.1383763850
84.3 -215.8 2703.4 -0.6271969080 0.4276012182 0.6509848237 0.2273925543 0.8999326825 -0.3720400333 -0.7449272871 -0.0853132680 -0.6616683602
-81.7 -565.1 2736.5 -0.6302300692 0.0880725905 0.7713969946 0.1971341819 0.9791377783 0.0492673479 -0.7509648204 0.1831184775 -0.6344441772
-21.4 -247.9 2844.4 -0.5066447854 0.2419309318 0.8275146484 -0.0165739264 0.9569109082 -0.2899083793 -0.8619955778 -0.1605957448 -0.4808041751
-115.2 -619.2 2906.7 -0.5066447854 -0.3107052743 0.8042221665 -0.0165739264 0.9361423254 0.3512304127 -0.8619955778 0.1646199375 -0.4794412553
403.9 511.9 2677.2 0 0 0 0 0 0 0 0 0
-51.8 -384.7 3004.6 0 0 0 0 0 0 0 0 0
-118.3 -971.9 2660.4 0 0 0 0 0 0 0 0 0
-1.2 -962.7 2846.3 0 0 0 0 0 0 0 0 0
-0.4 358.3 2905.2 4 -0.5822752118 -0.0559131540 -0.8110667467 -0.2255595922 0.9695774913 0.0950915962 0.7810751796 0.2383133620 -0.5771726966
10.7 166.8 2858.1 -0.5822752118 -0.0559131540 -0.8110667467 -0.2255595922 0.9695774913 0.0950915962 0.7810751796 0.2383133620 -0.5771726966
19.4 -22.8 2817.7 -0.5838683844 -0.0451618023 -0.8105912209 -0.1948762685 0.9770561457 0.0859329328 0.7881122828 0.2081385255 -0.5792731643
90.4 193.4 2750.4 -0.7639054656 -0.6453247070 0.0021121199 -0.4239791036 0.4994140267 -0.7555311918 0.4865081012 -0.5780498981 -0.6551092863
266.7 291.3 2638.2 -0.5205188394 -0.6453247070 0.5591208935 -0.8413155675 0.4994140267 -0.2068182230 -0.1457679123 -0.5780498981 -0.8028761148
-69.1 140.2 2965.7 -0.0303976107 0.1254527867 -0.9916337729 -0.9952814579 0.0876602083 0.0415994264 0.0921455920 0.9882192612 0.1221961752
-76.9 -116.2 2989.5 0.1094584763 0.1273487210 -0.9857997298 -0.9923684001 0.0706516504 -0.1010608226 0.0567784123 0.9893385172 0.1341102570
78.2 -208.6 2705.2 -0.6298456788 0.4078929424 0.6609975100 0.2203742415 0.9098847508 -0.3514896631 -0.7448017001 -0.0757174119 -0.6629760861
-80.1 -561.8 2734.5 -0.6327248812 0.0928922221 0.7687848806 0.1927322298 0.9804293513 0.0401571691 -0.7500090003 0.1735780686 -0.6382454038
-26.3 -241.1 2847.0 -0.4824068844 0.2258314043 0.8463355303 -0.0186082553 0.9633344412 -0.2676573396 -0.8757495880 -0.1448685676 -0.4605168402
-113.9 -614.9 2903.2 -0.4824068844 -0.3004169762 0.8228203058 -0.0186082553 0.9426518679 0.3332585096 -0.8757495880 0.1454549432 -0.4603319764
402.5 510.7 2676.2 0 0 0 0 0 0 0 0 0
-48.4 -375.1 3004.3 0 0 0 0 0 0 0 0 0
-118.8 -970.3 2662.2 0 0 0 0 0 0 0 0 0
-3.0 -962.9 2849.5 0 0 0 0 0 0 0 0 0
3.2 353.4 2904.6 5 -0.5562329888 -0.0551192202 -0.8291963935 -0.2392897904 0.9661613703 0.0962942168 0.7958298922 0.2519802749 -0.5506003499
14.0 163.6 2855.1 -0.5562329888 -0.0551192202 -0.8291963935 -0.2392897904 0.9661613703 0.0962942168 0.7958298922 0.2519802749 -0.5506003499
22.6 -25.4 2811.8 -0.5577736497 -0.0441919863 -0.8288157582 -0.2091938406 0.9738285542 0.0888585821 0.8031976223 0.2229461372 -0.5524206161
90.2 192.2 2745.4 -0.7728061676 -0.6340069771 0.0283863470 -0.4338375032 0.4951115251 -0.7527613044 0.4632014930 -0.5940536857 -0.6576812267
267.8 291.9 2638.9 -0.5094911456 -0.6340069771 0.5817679763 -0.8453227878 0.4951115251 -0.2007334828 -0.1607736051 -0.5940536857 -0.7881954908
-62.1 135.0 2964.7 -0.0220156573 0.1558404863 -0.9875368476 -0.9966225624 0.0747433454 0.0340132527 0.0791124478 0.9849503636 0.1536686271
-67.8 -121.8 2985.1 0.1165910363 0.1578617990 -0.9805540442 -0.9923957586 0.0577442497 -0.1087026671 0.0394613594 0.9857714176 0.1633938402
80.5 -195.0 2706.7 -0.6479777098 0.4100007415 0.6418911815 0.2404616773 0.9097730517 -0.3383654952 -0.7227054238 -0.0649030432 -0.6881020665
-78.7 -548.1 2731.9 -0.6557778716 0.0960923582 0.7488134503 0.1756999344 0.9840570688 0.0275900103 -0.7342240214 0.1496593952 -0.6622062922
-24.1 -229.9 2847.9 -0.5343518853 0.2487256825 0.8078388572 -0.0124052931 0.9533152580 -0.3017220199 -0.8451710939 -0.1712471992 -0.5063202381
-120.6 -599.7 2914.3 -0.5343518853 -0.3065886796 0.7877001166 -0.0124052931 0.9346445203 0.3553670347 -0.8451710939 0.1801193804 -0.5032323599
400.7 512.4 2680.9 0 0 0 0 0 0 0 0 0
-37.4 -380.6 2995.4 0 0 0 0 0 0 0 0 0
-119.6 -967.1 2668.2 0 0 0 0 0 0 0 0 0
-0.7 -965.0 2843.9 0 0 0 0 0 0 0 0 0
2.2 358.9 2906.8 6 -0.5398274064 -0.0617521219 -0.8395075798 -0.2472279072 0.9649534822 0.0879950076 0.8046519160 0.2550518215 -0.5361751914
14.3 169.1 2856.6 -0.5398274064 -0.0617521219 -0.8395075798 -0.2472279072 0.9649534822 0.0879950076 0.8046519160 0.2550518215 -0.5361751914
24.0 -19.8 2813.1 -0.5416854620 -0.0497502014 -0.8391077518 -0.2149303257 0.9732609391 0.0810440779 0.8126388192 0.2242500931 -0.5378941298
88.3 198.5 2745.6 -0.7876949906 -0.6149979830 0.0362496562 -0.4128504992 0.4832783639 -0.7720081210 0.4572647512 -0.6230726242 -0.6345781684
270.4 293.9 2639.9 -0.5079587698 -0.6149979830 0.6031212807 -0.8471865058 0.4832783639 -0.2207194269 -0.1557334661 -0.6230726242 -0.7665035129
-59.6 139.8 2967.6 -0.0108726230 0.1721918583 -0.9850034118 -0.9968266487 0.0758169442 0.0242569521 0.0788568035 0.9821414351 0.1708211005
-62.4 -117.0 2987.9 0.1269782186 0.1743948013 -0.9764543176 -0.9912227392 0.0588290393 -0.1183918417 0.0367969461 0.9829168916 0.1803340912
81.0 -195.7 2696.6 -0.6650575399 0.4078231454 0.6256027222 0.2292197198 0.9087591171 -0.3487336636 -0.7107438445 -0.0885274783 -0.6978582144
-77.2 -548.4 2731.0 -0.6714434624 0.0994080678 0.7343580127 0.1760672629 0.9839859605 0.0277835354 -0.7198361158 0.1479514837 -0.6781934500
-18.9 -233.2 2840.5 -0.5160683990 0.2664463520 0.8140514493 -0.0158307068 0.9472576380 -0.3200818300 -0.8564010859 -0.1780711263 -0.4846316874
-122.2 -600.7 2909.5 -0.5160683990 -0.3100485504 0.7984631062 -0.0158307068 0.9354811907 0.3530217707 -0.8564010859 0.1695431322 -0.4876805544
402.9 515.0 2680.5 0 0 0 0 0 0 0 0 0
-29.3 -375.6 2997.5 0 0 0 0 0 0 0 0 0
-119.7 -968.9 2667.8 0 0 0 0 0 0 0 0 0
-3.0 -960.4 2844.4 0 0 0 0 0 0 0 0 0
3.5 351.4 2906.9 7 -0.5384421349 -0.0604764633 -0.8404895663 -0.2493920624 0.9641747475 0.0903917402 0.8049122095 0.2582821548 -0.5342346430
15.4 162.1 2856.2 -0.5384421349 -0.0604764633 -0.8404895663 -0.2493920624 0.9641747475 0.0903917402 0.8049122095 0.2582821548 -0.5342346430
24.6 -26.5 2811.5 -0.5401397943 -0.0478543788 -0.8402136564 -0.2190500498 0.9719637632 0.0854603201 0.8125675917 0.2302093655 -0.5354788303
89.2 192.0 2745.2 -0.7758473158 -0.6299588084 0.0348260142 -0.4365221858 0.4961216748 -0.7505409122 0.4555319250 -0.5975074768 -0.6599056721
271.0 294.3 2638.4 -0.5071011782 -0.6299588084 0.5882178545 -0.8454786539 0.4961216748 -0.1975578219 -0.1673743427 -0.5975074768 -0.7842006087
-58.4 132.2 2967.2 -0.0120662274 0.1745354980 -0.9845769405 -0.9972618222 0.0697452053 0.0245853849 0.0729605407 0.9821776748 0.1732160300
-61.5 -124.8 2986.0 0.1257188618 0.1767177284 -0.9761995673 -0.9915935397 0.0527459159 -0.1181529537 0.0306108184 0.9828472733 0.1818633229
82.1 -189.4 2696.8 -0.6664430499 0.4081950188 0.6238833666 0.2342127413 0.9090651274 -0.3445939124 -0.7078121305 -0.0835307837 -0.7014446259
-76.3 -542.3 2729.2 -0.6740402579 0.0988756195 0.7320473790 0.1723185331 0.9847069383 0.0256624389 -0.7183147669 0.1434428543 -0.6807702184
-14.9 -227.9 2842.3 -0.4726625085 0.2551862001 0.8434869051 -0.0143403243 0.9548012614 -0.2968987823 -0.8811268210 -0.1524287909 -0.4476392865
-113.9 -598.3 2901.4 -0.4726625085 -0.2912940085 0.8317078352 -0.0143403243 0.9462063909 0.3232458532 -0.8811268210 0.1408592314 -0.4514135122
403.3 514.9 2682.1 0 0 0 0 0 0 0 0 0
-28.7 -383.4 2993.9 0 0 0 0 0 0 0 0 0
-119.5 -971.7 2666.6 0 0 0 0 0 0 0 0 0
-2.6 -960.0 2847.6 0 0 0 0 0 0 0 0 0
4.5 352.0 2896.9 8 -0.5453490019 -0.0615182482 -0.8359485865 -0.2201379985 0.9728062749 0.0720220059 0.8087853789 0.2233011723 -0.5440614223
16.6 160.2 2852.9 -0.5453490019 -0.0615182482 -0.8359485865 -0.2201379985 0.9728062749 0.0720220059 0.8087853789 0.2233011723 -0.5440614223
25.8 -29.8 2815.0 -0.5470805764 -0.0476475619 -0.8357228041 -0.1891689897 0.9795883298 0.0679838881 0.8154249787 0.1952854842 -0.5449271798
91.3 186.1 2741.6 -0.7736783624 -0.6292355657 0.0740566552 -0.4673864245 0.4879106581 -0.7372198701 0.4277518988 -0.6049841642 -0.6715821028
271.1 294.7 2642.2 -0.5017440915 -0.6292355657 0.5935617089 -0.8494752645 0.4879106581 -0.2008357644 -0.1632321030 -0.6049841642 -0.7793263197
-58.2 134.4 2964.2 -0.0148656880 0.1668220013 -0.9858749509 -0.9940264821 0.1041528881 0.0326125324 0.1081222147 0.9804705977 0.1642771810
-62.0 -121.6 2992.1 0.1233587787 0.1689601988 -0.9778727293 -0.9901170135 0.0872028098 -0.1098361984 0.0667153001 0.9817576408 0.1780475974
82.3 -195.6 2694.0 -0.6528719068 0.4107094109 0.6364558935 0.2265426666 0.9076543450 -0.3533298373 -0.7227978110 -0.0864947066 -0.6856252551
-77.1 -547.9 2727.6 -0.6596300602 0.1009054035 0.7447860837 0.1711357981 0.9850810170 0.0181076359 -0.7318475246 0.1394038945 -0.6670575738
-14.5 -234.8 2839.6 -0.4858149588 0.2826729715 0.8270911574 -0.0171137601 0.9430041909 -0.3323405087 -0.8738940954 -0.1756106317 -0.4532879591
-124.1 -600.5 2907.7 -0.4858149588 -0.3150197268 0.8153197765 -0.0171137601 0.9360437989 0.3514671624 -0.8738940954 0.1567948163 -0.4601352513
402.0 516.3 2684.8 0 0 0 0 0 0 0 0 0
-29.8 -379.7 3009.5 0 0 0 0 0 0 0 0 0
-120.1 -967.6 2668.2 0 0 0 0 0 0 0 0 0
-1.9 -963.6 2846.9 0 0 0 0 0 0 0 0 0
3.2 348.6 2901.9 9 -0.5374267697 -0.0614435710 -0.8410690427 -0.2305590808 0.9700499773 0.0764565989 0.8111812472 0.2350059301 -0.5354971886
15.4 157.2 2855.6 -0.5374267697 -0.0614435710 -0.8410690427 -0.2305590808 0.9700499773 0.0764565989 0.8111812472 0.2350059301 -0.5354971886
24.7 -32.6 2816.3 -0.5393623114 -0.0481972545 -0.8406933546 -0.1961675286 0.9780843258 0.0697809681 0.8189057112 0.2025539726 -0.5369965434
89.0 184.0 2743.7 -0.7695049644 -0.6357874274 0.0603030473 -0.4698376060 0.4996270239 -0.7277536988 0.4325676560 -0.5883427262 -0.6831822991
271.9 295.6 2640.9 -0.5040965080 -0.6357874274 0.5845177770 -0.8460021615 0.4996270239 -0.1861537248 -0.1736866683 -0.5883427262 -0.7897378206
-58.3 130.4 2967.4 -0.0115209064 0.1752929837 -0.9844489098 -0.9947899580 0.0977216586 0.0290424451 0.1012929156 0.9796544313 0.1732538640
-61.3 -125.9 2993.5 0.1262810677 0.1774837226 -0.9759880304 -0.9902570844 0.0807590112 -0.1134412512 0.0586858541 0.9808045030 0.1859528422
84.0 -202.9 2704.1 -0.6532239914 0.4150409698 0.6332767606 0.2445382923 0.9072010517 -0.3423263431 -0.7165887952 -0.0687553585 -0.6940988898
-77.1 -555.0 2730.8 -0.6610888839 0.1042736918 0.7430265546 0.1831040233 0.9827758074 0.0249928832 -0.7276224494 0.1525736749 -0.6687951088
-14.0 -236.8 2850.1 -0.4777218401 0.2497463524 0.8422639370 -0.0030647840 0.9582605958 -0.2858797312 -0.8785058260 -0.1391523629 -0.4570166171
-110.8 -608.1 2904.1 -0.4777218401 -0.2893132865 0.8295056820 -0.0030647840 0.9447606802 0.3277466297 -0.8785058260 0.1540294737 -0.4522195160
403.4 516.3 2686.3 0 0 0 0 0 0 0 0 0
-28.4 -384.1 3008.8 0 0 0 0 0 0 0 0 0
-121.0 -968.7 2666.6 0 0 0 0 0 0 0 0 0
-3.3 -959.1 2846.8 0 0 0 0 0 0 0 0 0
3.9 338.3 2892.0 0 -0.5558313727 -0.0542148761 -0.8295252919 -0.2111486048 0.9743526578 0.0778018534 0.8040322065 0.2183978260 -0.5530231595
14.6 146.7 2849.0 -0.5558313727 -0.0542148761 -0.8295252919 -0.2111486048 0.9743526578 0.0778018534 0.8040322065 0.2183978260 -0.5530231595
22.2 -43.6 2812.2 -0.5573654175 -0.0393051766 -0.8293364048 -0.1790729910 0.9810599685 0.0738522410 0.8107259870 0.1896744370 -0.5538473725
90.7 171.2 2738.3 -0.7532787919 -0.6526033878 0.0817300975 -0.5137975812 0.5063248873 -0.6925656199 0.4105887115 -0.5636877418 -0.7167098522
269.1 292.9 2641.1 -0.5101811290 -0.6526033878 0.5601999760 -0.8436670899 0.5063248873 -0.1784964055 -0.1671558321 -0.5636877418 -0.8088974357
-61.5 122.3 2959.7 -0.0264505055 0.1578627676 -0.9871067405 -0.9932381511 0.1075116619 0.0438085757 0.1130412295 0.9815908670 0.1539515853
-68.3 -133.6 2988.8 0.1121547893 0.1598082185 -0.9807561636 -0.9910022616 0.0905422121 -0.0985731781 0.0730470344 0.9829869866 0.1685250401
82.3 -204.8 2703.6 -0.6393879652 0.4177626669 0.6454900503 0.2371923774 0.9057402015 -0.3512470722 -0.7313841581 -0.0714778230 -0.6782094836
-79.8 -556.5 2731.4 -0.6456463933 0.0972574353 0.7574177980 0.1839338094 0.9824610949 0.0306364093 -0.7411538959 0.1590950340 -0.6522113681
-14.3 -240.0 2850.3 -0.4529831111 0.2726558149 0.8488021493 -0.0026697612 0.9516660571 -0.3071230054 -0.8915150762 -0.1413876265 -0.4303607345
-120.0 -609.0 2905.1 -0.4529831111 -0.3118081391 0.8352137208 -0.0026697612 0.9373135567 0.3484768569 -0.8915150762 0.1556243002 -0.4254196584
402.2 513.0 2684.7 0 0 0 0 0 0 0 0 0
-39.1 -392.0 3007.9 0 0 0 0 0 0 0 0 0
-120.3 -965.6 2665.1 0 0 0 0 0 0 0 0 0
-2.9 -961.3 2846.6 0 0 0 0 0 0 0 0 0
4.6 343.7 2902.0 1 -0.5577971339 -0.0445258655 -0.8287820816 -0.2176350057 0.9714656472 0.0942839384 0.8009352684 0.2329633087 -0.5515711904
13.4 151.8 2856.0 -0.5577971339 -0.0445258655 -0.8287820816 -0.2176350057 0.9714656472 0.0942839384 0.8009352684 0.2329633087 -0.5515711904
19.0 -38.1 2816.7 -0.5590796471 -0.0290500205 -0.8286048770 -0.1836384088 0.9789031148 0.0895859376 0.8085214496 0.2022493631 -0.5526195168
89.8 176.9 2745.5 -0.7523621917 -0.6571993232 0.0451686904 -0.4850874543 0.5063267946 -0.7129679918 0.4456919432 -0.5583208799 -0.6997402906
266.8 291.0 2640.7 -0.5243285298 -0.6571993232 0.5414505005 -0.8392653465 0.5063267946 -0.1981587261 -0.1439211220 -0.5583208799 -0.8170461655
-62.9 126.8 2966.4 -0.0367128402 0.1591254920 -0.9865755439 -0.9942710400 0.0933554471 0.0520565771 0.1003857329 0.9828345776 0.1547865272
-72.4 -129.4 2992.2 0.1019129157 0.1608974934 -0.9816953540 -0.9929602742 0.0763324127 -0.0905716717 0.0603624210 0.9840149283 0.1675440669
79.7 -218.0 2702.8 -0.6458197236 0.4173105359 0.6393502951 0.2343047857 0.9053260684 -0.3542400002 -0.7266485691 -0.0789723471 -0.6824553013
-82.3 -569.5 2733.4 -0.6508332491 0.0898741931 0.7538824081 0.1878324747 0.9811610579 0.0451881588 -0.7356188297 0.1710135639 -0.6554535031
-20.1 -250.1 2848.0 -0.4974136651 0.2744620740 0.8229521513 -0.0077459863 0.9471902847 -0.3205785155 -0.8674789071 -0.1658347100 -0.4690194130
-126.6 -617.5 2912.3 -0.4974136651 -0.3367798924 0.7994741797 -0.0077459863 0.9232571721 0.3841043413 -0.8674789071 0.1848660260 -0.4618494511
403.5 509.9 2678.2 0 0 0 0 0 0 0 0 0
-45.8 -388.3 3008.0 0 0 0 0 0 0 0 0 0
-118.9 -969.1 2663.8 0 0 0 0 0 0 0 0 0
-2.1 -958.9 2843.9 0 0 0 0 0 0 0 0 0
4.6 349.0 2905.0 2 -0.5600333810 -0.0408043377 -0.8274645805 -0.2199134529 0.9702776074 0.1009920463 0.7987494469 0.2385295033 -0.5523613095
12.7 156.5 2857.7 -0.5600333810 -0.0408043377 -0.8274645805 -0.2199134529 0.9702776074 0.1009920463 0.7987494469 0.2385295033 -0.5523613095
18.0 -33.2 2817.2 -0.5611590743 -0.0275190808 -0.8272504210 -0.1878208220 0.9776093364 0.0948859528 0.8061165214 0.2086209506 -0.5537629724
89.3 182.2 2747.5 -0.7589920759 -0.6504333615 0.0294526406 -0.4629111886 0.5072562099 -0.7269142866 0.4578692615 -0.5653561354 -0.6860963106
265.6 289.7 2641.2 -0.5297870040 -0.6504333615 0.5442997217 -0.8363472223 0.5072562099 -0.2078808993 -0.1408867389 -0.5653561354 -0.8127259016
-64.0 130.9 2967.8 -0.0388626941 0.1572294980 -0.9867971539 -0.9948323369 0.0866127461 0.0529794246 0.0937991366 0.9837566614 0.1530509889
-74.0 -125.4 2991.9 0.0998444408 0.1589657813 -0.9822224379 -0.9935324788 0.0695783868 -0.0897333473 0.0540769212 0.9848293066 0.1648846865
74.8 -211.6 2705.0 -0.6474289298 0.4156124294 0.6388286948 0.2325212955 0.9059729576 -0.3537609279 -0.7257890105 -0.0804937780 -0.6831918359
-86.6 -563.4 2736.3 -0.6522432566 0.0785424709 0.7539295554 0.1830517948 0.9815006256 0.0561124310 -0.7355750799 0.1746071130 -0.6545545459
-25.4 -244.5 2849.8 -0.5377534032 0.2146447450 0.8153213263 -0.0076951012 0.9657594562 -0.2593250573 -0.8430670500 -0.1457269192 -0.5176886916
-108.5 -618.5 2906.3 -0.5377534032 -0.3002065718 0.7878434658 -0.0076951012 0.9361665845 0.3514724672 -0.8430670500 0.1829429865 -0.5057368875
403.8 507.9 2678.0 0 0 0 0 0 0 0 0 0
-48.0 -384.6 3006.0 0 0 0 0 0 0 0 0 0
-119.1 -969.6 2664.0 0 0 0 0 0 0 0 0 0
0.8 -959.5 2839.6 0 0 0 0 0 0 0 0 0
1.8 337.8 2905.5 3 -0.5726156831 -0.0502146222 -0.8182846308 -0.2344066799 0.9664815068 0.1047232673 0.7855983377 0.2517775893 -0.5651931167
11.7 147.5 2855.9 -0.5726156831 -0.0502146222 -0.8182846308 -0.2344066799 0.9664815068 0.1047232673 0.7855983377 0.2517775893 -0.5651931167
18.8 -41.5 2812.7 -0.5740356445 -0.0366112217 -0.8180114031 -0.2026678026 0.9742692709 0.0986164138 0.7933529019 0.2223939151 -0.5666851997
90.1 175.2 2747.5 -0.7445505857 -0.6668450236 0.0310182907 -0.4874573648 0.5113381743 -0.7077560425 0.4561027288 -0.5420802832 -0.7057756782
265.2 289.9 2640.3 -0.5337529182 -0.6668450236 0.5200245976 -0.8353701830 0.5113381743 -0.2017173767 -0.1313941926 -0.5420802832 -0.8299906850
-66.7 119.9 2964.3 -0.0347697884 0.1396108717 -0.9895958304 -0.9963005781 0.0730235204 0.0453074239 0.0785891786 0.9875102043 0.1365553737
-75.7 -136.8 2984.5 0.1045812070 0.1414248049 -0.9844093919 -0.9936571717 0.0559945405 -0.0975192338 0.0413299091 0.9883641005 0.1463837475
73.6 -206.1 2704.5 -0.6457775831 0.4075787067 0.6456398964 0.2180305570 0.9088323116 -0.3556494117 -0.7317335606 -0.0889011994 -0.6757681370
-84.6 -559.0 2739.0 -0.6485722065 0.0819161236 0.7567323446 0.1882642061 0.9805654287 0.0552094951 -0.7375029922 0.1782729477 -0.6513893604
-26.9 -239.8 2848.9 -0.5076082945 0.1891713142 0.8405641317 -0.0154204518 0.9734477401 -0.2283894122 -0.8614499569 -0.1288942397 -0.4912130535
-100.3 -617.1 2898.8 -0.5076082945 -0.2717759609 0.8176011443 -0.0154204518 0.9516605735 0.3067643940 -0.8614499569 0.1431083679 -0.4872617126
404.5 507.8 2674.5 0 0 0 0 0 0 0 0 0
-48.4 -396.0 2995.3 0 0 0 0 0 0 0 0 0
-119.1 -971.7 2663.9 0 0 0 0 0 0 0 0 0
-2.1 -960.9 2847.1 0 0 0 0 0 0 0 0 0
3.7 329.9 2906.2 4 -0.5860848427 -0.0431674980 -0.8090989590 -0.2322677523 0.9656221271 0.1167287603 0.7762449980 0.2563405633 -0.5759629011
12.1 141.1 2856.1 -0.5860848427 -0.0431674980 -0.8090989590 -0.2322677523 0.9656221271 0.1167287603 0.7762449980 0.2563405633 -0.5759629011
18.5 -47.8 2811.9 -0.5872244239 -0.0328430198 -0.8087576032 -0.2032011151 0.9731601477 0.1080214158 0.7835028768 0.2277732641 -0.5781370997
92.3 168.8 2749.1 -0.7285590768 -0.6846370101 0.0217668470 -0.5093602538 0.5202437043 -0.6854915023 0.4579887986 -0.5105082393 -0.7277551889
264.1 289.0 2641.1 -0.5274323821 -0.6846370101 0.5030778050 -0.8370195627 0.5202437043 -0.1695426553 -0.1456478536 -0.5105082393 -0.8474479318
-68.1 113.3 2963.1 -0.0431730524 0.1254350692 -0.9911620021 -0.9964762926 0.0660012662 0.0517572239 0.0719101205 0.9899039865 0.1221435964
-79.2 -143.4 2981.6 0.0967230648 0.1271128505 -0.9871610403 -0.9946332574 0.0489476882 -0.0911523998 0.0367326103 0.9906798005 0.1311650425
77.4 -212.5 2698.5 -0.6392688751 0.4149101675 0.6474448442 0.2139766961 0.9046749473 -0.3684795499 -0.7386130691 -0.0970194042 -0.6671116948
-83.7 -563.7 2736.2 -0.6415746808 0.0853907615 0.7622928023 0.1898061335 0.9805523157 0.0499082692 -0.7432062626 0.1767077446 -0.6453052163
-25.5 -248.8 2840.6 -0.5110134482 0.2266085148 0.8291645646 -0.0245378222 0.9603852034 -0.2775934041 -0.8592224121 -0.1621998549 -0.4852092564
-113.2 -620.8 2903.5 -0.5110134482 -0.3059006333 0.8032994866 -0.0245378222 0.9393439889 0.3420975208 -0.8592224121 0.1551052034 -0.4875235558
401.7 507.3 2679.1 0 0 0 0 0 0 0 0 0
-54.0 -402.8 2991.2 0 0 0 0 0 0 0 0 0
-119.1 -970.4 2662.9 0 0 0 0 0 0 0 0 0
-0.8 -966.2 2846.4 0 0 0 0 0 0 0 0 0
4.7 329.8 2894.1 5 -0.6066307425 -0.0428545438 -0.7938278317 -0.2003758252 0.9745494127 0.1005133241 0.7693169713 0.2200383842 -0.5997787118
13.1 138.8 2851.0 -0.6066307425 -0.0428545438 -0.7938278317 -0.2003758252 0.9745494127 0.1005133241 0.7693169713 0.2200383842 -0.5997787118
19.4 -51.4 2813.3 -0.6076542139 -0.0326784402 -0.7935291529 -0.1738876998 0.9803848267 0.0927831680 0.7749319077 0.1943650395 -0.6014173031
96.1 162.6 2745.2 -0.7133911252 -0.7005459070 0.0175635777 -0.5344881415 0.5277373195 -0.6601634026 0.4532058537 -0.4803422689 -0.7509166002
262.1 286.9 2639.8 -0.5350082517 -0.7005459070 0.4722304046 -0.8338521719 0.5277373195 -0.1618141383 -0.1358553916 -0.4803422689 -0.8664956093
-69.9 115.0 2956.7 -0.0513425916 0.1012577266 -0.9935345054 -0.9932661653 0.0982806534 0.0613451600 0.1038568914 0.9899938107 0.0955298916
-83.1 -140.7 2983.5 0.0894360691 0.1028044745 -0.9906727076 -0.9933744073 0.0812802017 -0.0812453330 0.0721696988 0.9913752079 0.1093927175
77.5 -218.5 2697.5 -0.6188509464 0.4183975458 0.6648060083 0.1938109547 0.9015027881 -0.3869496584 -0.7612232566 -0.1106174812 -0.6389858723
-84.9 -568.4 2740.4 -0.6179874539 0.0798794031 0.7821193933 0.2048661113 0.9768174291 0.0621095635 -0.7590265870 0.1986126900 -0.6200255156
-27.7 -254.9 2837.9 -0.5624554753 0.2483882904 0.7886362076 -0.0272515211 0.9477225542 -0.3179297745 -0.8263783455 -0.2003128976 -0.5262827873
-123.9 -622.0 2915.5 -0.5624554753 -0.3279833496 0.7589932680 -0.0272515211 0.9248132110 0.3794441819 -0.8263783455 0.1927367449 -0.5291042924
401.6 504.5 2675.2 0 0 0 0 0 0 0 0 0
-59.8 -399.7 3002.3 0 0 0 0 0 0 0 0 0
-118.1 -974.2 2657.9 0 0 0 0 0 0 0 0 0
-3.7 -961.0 2844.8 0 0 0 0 0 0 0 0 0
1.7 335.3 2900.5 6 -0.5755540729 -0.0536853448 -0.8159996271 -0.2172532976 0.9720231295 0.0892863497 0.7883771062 0.2286677361 -0.5711151958
12.3 144.3 2855.6 -0.5755540729 -0.0536853448 -0.8159996271 -0.2172532976 0.9720231295 0.0892863497 0.7883771062 0.2286677361 -0.5711151958
19.6 -45.9 2818.0 -0.5773089528 -0.0380801186 -0.8156373501 -0.1799181700 0.9802929759 0.0815787837 0.7964570522 0.1938441396 -0.5727832317
91.1 168.8 2746.9 -0.7333447337 -0.6794064641 0.0247466080 -0.5079442263 0.5233497024 -0.6841766834 0.4518829286 -0.5143072605 -0.7288963795
264.3 288.8 2640.2 -0.5251659155 -0.6794064641 0.5124525428 -0.8363374472 0.5233497024 -0.1632321924 -0.1572908908 -0.5143072605 -0.8430585265
-66.5 119.7 2964.3 -0.0348099917 0.1353415102 -0.9901873469 -0.9936506748 0.1013805941 0.0487887226 0.1069889143 0.9855986238 0.1309531331
-75.5 -136.2 2991.8 0.1046359316 0.1371550411 -0.9850075245 -0.9920240045 0.0843903795 -0.0936305374 0.0702832565 0.9869481921 0.1448913664
80.1 -226.0 2706.2 -0.6278187633 0.4270011187 0.6507792473 0.2285735309 0.9003686905 -0.3702571392 -0.7440415025 -0.0837034658 -0.6628695130
-85.6 -575.4 2738.7 -0.6299915314 0.0772862807 0.7727466822 0.2037657499 0.9766241312 0.0684455186 -0.7493932247 0.2005794048 -0.6310132742
-28.8 -257.2 2844.9 -0.5553368926 0.2081706524 0.8051496148 -0.0202469546 0.9644923806 -0.2633335292 -0.8313789368 -0.1625406593 -0.5314033628
-109.4 -630.6 2907.8 -0.5553368926 -0.3031374216 0.7744085789 -0.0202469546 0.9358510375 0.3518137336 -0.8313789368 0.1796957403 -0.5258502364
401.2 506.9 2681.2 0 0 0 0 0 0 0 0 0
-48.2 -394.9 3010.2 0 0 0 0 0 0 0 0 0
-117.0 -971.2 2657.4 0 0 0 0 0 0 0 0 0
-3.4 -957.7 2845.0 0 0 0 0 0 0 0 0 0
4.7 333.0 2904.8 7 -0.5319473743 -0.0423666388 -0.8457168937 -0.2214118093 0.9709603190 0.0906250253 0.8173180223 0.2354594469 -0.5258802772
13.0 141.9 2858.4 -0.5319473743 -0.0423666388 -0.8457168937 -0.2214118093 0.9709603190 0.0906250253 0.8173180223 0.2354594469 -0.5258802772
18.4 -48.3 2820.0 -0.5333665013 -0.0277702231 -0.8454282880 -0.1819413155 0.9798340797 0.0825985894 0.8260856867 0.1978736520 -0.5276632309
85.7 166.7 2745.8 -0.7424847484 -0.6680477262 0.0492814183 -0.5058649778 0.5109615326 -0.6949956417 0.4391093254 -0.5409533978 -0.7173230648
263.4 287.8 2640.7 -0.5322704911 -0.6680477262 0.5200003982 -0.8361467719 0.5109615326 -0.1994413435 -0.1324638575 -0.5409533978 -0.8305556774
-59.7 117.0 2971.0 -0.0286848620 0.1884027123 -0.9816728830 -0.9939064384 0.0991889164 0.0480786748 0.1064292192 0.9770700932 0.1844094396
-67.1 -139.0 2998.5 0.1084077358 0.1902873069 -0.9757245779 -0.9921532273 0.0822084025 -0.0942006260 0.0622875765 0.9782803655 0.1977061927
78.7 -220.1 2709.0 -0.6582077742 0.4258166850 0.6208402514 0.2491223216 0.9014041424 -0.3541308343 -0.7104228139 -0.0784265101 -0.6993916631
-86.6 -569.9 2739.5 -0.6631143093 0.0748264119 0.7447687387 0.1975313574 0.9772128463 0.0776946470 -0.7219839096 0.1986356080 -0.6627843380
-24.7 -252.3 2851.6 -0.5056647062 0.2268639952 0.8323676586 -0.0092037441 0.9633331299 -0.2681502700 -0.8626810312 -0.1432550251 -0.4850355387
-112.6 -625.6 2907.1 -0.5056647062 -0.3064219654 0.8064792752 -0.0092037441 0.9366618395 0.3501140773 -0.8626810312 0.1696176976 -0.4764570594
402.2 505.8 2675.2 0 0 0 0 0 0 0 0 0
-38.8 -397.8 3014.7 0 0 0 0 0 0 0 0 0
-117.1 -968.5 2658.5 0 0 0 0 0 0 0 0 0
-3.1 -960.3 2846.5 0 0 0 0 0 0 0 0 0
5.1 339.4 2906.4 8 -0.5144327879 -0.0357292481 -0.8567860723 -0.2180855274 0.9717318416 0.0904205814 0.8293356299 0.2333679497 -0.5076827407
12.2 147.6 2860.3 -0.5144327879 -0.0357292481 -0.8567860723 -0.2180855274 0.9717318416 0.0904205814 0.8293356299 0.2333679497 -0.5076827407
16.7 -42.7 2822.3 -0.5155928731 -0.0233940389 -0.8565142751 -0.1797836721 0.9803285599 0.0814479440 0.8377600312 0.1959812641 -0.5096562505
82.5 172.2 2746.0 -0.7546674013 -0.6555225253 0.0277007129 -0.4773252606 0.5195722580 -0.7086644173 0.4501529932 -0.5480281711 -0.7050017118
260.2 284.5 2640.0 -0.5347093344 -0.6555225253 0.5332692862 -0.8317939639 0.5195722580 -0.1953547895 -0.1490124315 -0.5480281711 -0.8230798244
-58.2 123.1 2974.6 -0.0264579616 0.2092849314 -0.9774966836 -0.9936196208 0.1017381549 0.0486768000 0.1096360311 0.9725477695 0.2052578181
-65.0 -132.9 3002.9 0.1097410992 0.2111969590 -0.9712634683 -0.9919912219 0.0847474709 -0.0936551169 0.0625324473 0.9737626314 0.2188058048
71.4 -222.2 2707.8 -0.6742793322 0.4060967267 0.6167923808 0.2451779991 0.9109525084 -0.3317427039 -0.6965882182 -0.0724633411 -0.7138024569
-86.2 -575.7 2735.9 -0.6806503534 0.0794554949 0.7282869816 0.1836435348 0.9808666110 0.0646198541 -0.7092179656 0.1777287275 -0.6822187304
-24.0 -254.8 2855.5 -0.4713607132 0.1959494501 0.8598970175 -0.0018195511 0.9747875333 -0.2231275886 -0.8819386363 -0.1067382023 -0.4591200054
-99.9 -632.5 2896.9 -0.4713607132 -0.2809460461 0.8359954357 -0.0018195511 0.9482123256 0.3176319301 -0.8819386363 0.1481980830 -0.4474612474
399.7 501.5 2678.9 0 0 0 0 0 0 0 0 0
-36.4 -391.7 3019.2 0 0 0 0 0 0 0 0 0
-117.8 -965.1 2665.4 0 0 0 0 0 0 0 0 0
-1.6 -964.3 2845.0 0 0 0 0 0 0 0 0 0
3.3 338.8 2906.7 9 -0.5217575431 -0.0403139666 -0.8521407843 -0.2190591544 0.9717208743 0.0881566107 0.8244890571 0.2326656133 -0.5158338547
11.3 146.5 2860.6 -0.5217575431 -0.0403139666 -0.8521407843 -0.2190591544 0.9717208743 0.0881566107 0.8244890571 0.2326656133 -0.5158338547
16.5 -43.7 2822.4 -0.5230415463 -0.0269690901 -0.8518803716 -0.1818124503 0.9800240993 0.0806041658 0.8326894641 0.1970417947 -0.5174966455
82.7 171.3 2746.9 -0.7493312955 -0.6619818211 0.0168137308 -0.4748114944 0.5194184184 -0.7104636431 0.4615806341 -0.5403559804 -0.7035330534
259.2 283.2 2638.2 -0.5473052263 -0.6619818211 0.5120908618 -0.8275477290 0.5194184184 -0.2130005509 -0.1249869466 -0.5403559804 -0.8321019411
-60.1 121.7 2974.3 -0.0256901961 0.2000489682 -0.9794490337 -0.9937994480 0.1009147018 0.0466780625 0.1081787050 0.9745751023 0.1962160468
-66.7 -134.4 3002.2 0.1110054329 0.2019819766 -0.9730781317 -0.9918635488 0.0839204863 -0.0957290158 0.0623256601 0.9757871628 0.2096541822
67.4 -216.8 2709.3 -0.6681225300 0.4017545879 0.6262631416 0.2450980097 0.9135528803 -0.3245737255 -0.7025234699 -0.0633591861 -0.7088345289
-88.6 -571.4 2733.9 -0.6762968302 0.0738263652 0.7329203486 0.1660998166 0.9846245050 0.0540870950 -0.7176583409 0.1583168805 -0.6781609654
-24.9 -249.1 2859.2 -0.5154559612 0.2168491185 0.8290244937 0.0016598016 0.9677020311 -0.2520911992 -0.8569144607 -0.1285659075 -0.4991677403
-109.0 -624.2 2909.1 -0.5154559612 -0.2971200943 0.8037566543 0.0016598016 0.9376163483 0.3476676941 -0.8569144607 0.1805414557 -0.4828067720
402.0 499.0 2670.8 0 0 0 0 0 0 0 0 0
-37.8 -393.2 3018.4 0 0 0 0 0 0 0 0 0
-118.0 -963.6 2670.8 0 0 0 0 0 0 0 0 0
0.3 -969.1 2842.7 0 0 0 0 0 0 0 0 0
7.1 342.5 2906.3 0 -0.5404136181 -0.0300755370 -0.8408617973 -0.2092496753 0.9727675319 0.0996892378 0.8149648309 0.2298234850 -0.5319901109
13.1 148.0 2860.4 -0.5404136181 -0.0300755370 -0.8408617973 -0.2092496753 0.9727675319 0.0996892378 0.8149648309 0.2298234850 -0.5319901109
17.1 -42.1 2821.5 -0.5411877632 -0.0202464815 -0.8406580091 -0.1792154461 0.9795191884 0.0917821378 0.8215823770 0.2003302574 -0.5337322950
87.0 172.5 2748.2 -0.7402703166 -0.6722937226 -0.0045840177 -0.4763262570 0.5292757154 -0.7021257281 0.4744609296 -0.5175793171 -0.7120382786
258.7 282.9 2638.2 -0.5426622629 -0.6722937226 0.5035263300 -0.8279054165 0.5292757154 -0.1855797619 -0.1417401582 -0.5175793171 -0.8438135982
-60.8 123.6 2972.5 -0.0384910740 0.1819906235 -0.9825466275 -0.9938660860 0.0950446874 0.0565390140 0.1036754027 0.9786960483 0.1772159487
-70.7 -132.5 2999.3 0.0991069451 0.1837176830 -0.9779701829 -0.9932358861 0.0780187547 -0.0859976634 0.0605007187 0.9798780084 0.1902071834
68.6 -217.7 2709.6 -0.6566606164 0.3966904581 0.6414307952 0.2434192300 0.9164553285 -0.3175794780 -0.7138234377 -0.0524053350 -0.6983622313
-85.4 -573.4 2730.0 -0.6651408672 0.0805635825 0.7423591614 0.1658319086 0.9852738380 0.0416569188 -0.7280710340 0.1508145481 -0.6687058806
-25.1 -250.3 2858.7 -0.5156445503 0.2214242220 0.8276968002 -0.0011975353 0.9658425450 -0.2591268122 -0.8568017483 -0.1346085370 -0.4977662861
-111.0 -625.0 2910.9 -0.5156445503 -0.3028933406 0.8014776111 -0.0011975353 0.9356824160 0.3528413773 -0.8568017483 0.1809809357 -0.4828422666
400.2 498.9 2675.1 0 0 0 0 0 0 0 0 0
-44.8 -391.6 3015.0 0 0 0 0 0 0 0 0 0
-117.1 -961.8 2670.5 0 0 0 0 0 0 0 0 0
-1.2 -964.0 2845.4 0 0 0 0 0 0 0 0 0
8.0 337.1 2896.6 1 -0.5619487762 -0.0305220652 -0.8266087174 -0.1907186210 0.9771746993 0.0935735479 0.8048850894 0.2102332115 -0.5549432635
14.0 143.9 2855.1 -0.5619487762 -0.0305220652 -0.8266087174 -0.1907186210 0.9771746993 0.0935735479 0.8048850894 0.2102332115 -0.5549432635
17.8 -47.0 2819.8 -0.5627086759 -0.0199131481 -0.8264154196 -0.1611831784 0.9831651449 0.0860599354 0.8107891083 0.1816309392 -0.5564451814
90.9 165.9 2744.4 -0.7372244000 -0.6746425629 0.0368448161 -0.5059828758 0.5151363611 -0.6918206811 0.4477515817 -0.5286699533 -0.7211287022
264.7 285.2 2638.8 -0.5399153233 -0.6746425629 0.5033376813 -0.8327644467 0.5151363611 -0.2028248012 -0.1224533096 -0.5286699533 -0.8399483562
-62.8 121.8 2965.8 -0.0467946455 0.1577700377 -0.9863665104 -0.9915515184 0.1122547835 0.0649958625 0.1209787577 0.9810746312 0.1511842012
-74.9 -133.6 2996.9 0.0918640047 0.1593677700 -0.9829358459 -0.9924459457 0.0952607021 -0.0773077607 0.0813147947 0.9826124907 0.1669149250
69.5 -216.2 2709.0 -0.6451097727 0.3917883933 0.6559994221 0.2149609774 0.9169201851 -0.3362278044 -0.7332292199 -0.0758895800 -0.6757333875
-82.6 -572.1 2738.5 -0.6472395062 0.0885735378 0.7571233511 0.1932192892 0.9798527360 0.0505467579 -0.7373922467 0.1790066808 -0.6513134837
-27.5 -248.3 2856.1 -0.5316405296 0.2199272513 0.8179183006 -0.0069636567 0.9645314813 -0.2638759017 -0.8469414711 -0.1459828317 -0.5112525821
-112.8 -622.6 2912.8 -0.5316405296 -0.3046629727 0.7902776599 -0.0069636567 0.9346052408 0.3556185961 -0.8469414711 0.1835580468 -0.4989956021
405.5 502.4 2670.7 0 0 0 0 0 0 0 0 0
-50.9 -392.4 3018.1 0 0 0 0 0 0 0 0 0
-118.2 -965.5 2666.6 0 0 0 0 0 0 0 0 0
-2.5 -960.9 2846.3 0 0 0 0 0 0 0 0 0
5.4 331.4 2901.3 2 -0.5610861182 -0.0320468619 -0.8271368742 -0.2012982666 0.9745352864 0.0987924263 0.8029080629 0.2219322771 -0.5532491803
11.7 139.7 2857.6 -0.5610861182 -0.0320468619 -0.8271368742 -0.2012982666 0.9745352864 0.0987924263 0.8029080629 0.2219322771 -0.5532491803
15.8 -50.8 2820.6 -0.5619518161 -0.0213865545 -0.8268934488 -0.1696090847 0.9814040661 0.0898825377 0.8095942736 0.1907583028 -0.5551291108
88.4 162.8 2747.1 -0.7396353483 -0.6712737679 0.0482812300 -0.5063186884 0.5077486634 -0.6970170140 0.4433744848 -0.5399841070 -0.7154273391
268.8 286.3 2639.0 -0.5288146138 -0.6712737679 0.5193713903 -0.8385505676 0.5077486634 -0.1975454539 -0.1311030537 -0.5399841070 -0.8314019442
-65.1 116.5 2968.2 -0.0450265184 0.1581940502 -0.9863808751 -0.9926999211 0.1035057381 0.0619150400 0.1118906662 0.9819680452 0.1523787081
-76.7 -139.3 2997.0 0.0936387777 0.1598229259 -0.9826944470 -0.9929904342 0.0864941031 -0.0805526823 0.0721231103 0.9833490849 0.1668018401
72.0 -223.3 2712.0 -0.6355923414 0.4019787610 0.6591171622 0.2445672750 0.9146180153 -0.3219639063 -0.7322630882 -0.0434393100 -0.6796350479
-83.9 -578.2 2728.8 -0.6428437829 0.0878461674 0.7609434724 0.1796963513 0.9829751253 0.0383288451 -0.7446214557 0.1613782197 -0.6476851106
-28.7 -252.2 2857.1 -0.5558222532 0.2144166231 0.8031731844 -0.0077001182 0.9647945166 -0.2628920972 -0.8312655091 -0.1523057967 -0.5346032381
-112.0 -626.7 2916.3 -0.5558222532 -0.3045304120 0.7735133171 -0.0077001182 0.9323311448 0.3615235686 -0.8312655091 0.1949867010 -0.5205553174
406.7 505.0 2673.2 0 0 0 0 0 0 0 0 0
-52.3 -398.3 3015.8 0 0 0 0 0 0 0 0 0
-118.4 -963.9 2665.5 0 0 0 0 0 0 0 0 0
-2.3 -962.5 2846.0 0 0 0 0 0 0 0 0 0
3.9 338.0 2904.6 3 -0.5544308424 -0.0369691290 -0.8314082623 -0.2090450078 0.9731696248 0.0961305872 0.8055474162 0.2270995080 -0.5472834110
11.2 144.9 2859.6 -0.5544308424 -0.0369691290 -0.8314082623 -0.2090450078 0.9731696248 0.0961305872 0.8055474162 0.2270995080 -0.5472834110
16.1 -45.4 2821.4 -0.5554391742 -0.0254776534 -0.8311668038 -0.1775042564 0.9801257849 0.0885761008 0.8123912811 0.1967342794 -0.5489226580
87.1 169.1 2748.6 -0.7482804060 -0.6629037261 0.0252010580 -0.4762833118 0.5104056597 -0.7159889936 0.4617689848 -0.5477634072 -0.6976565719
265.6 282.7 2638.4 -0.5401790142 -0.6629037261 0.5184258223 -0.8326410055 0.5104056597 -0.2149302363 -0.1221294180 -0.5477634072 -0.8276712298
-64.7 120.6 2970.5 -0.0387588218 0.1643601209 -0.9856386185 -0.9935768247 0.0986065641 0.0555141158 0.1063147485 0.9814593792 0.1594825238
-74.7 -135.4 2997.9 0.0996381491 0.1660931110 -0.9810633659 -0.9928593040 0.0815932155 -0.0870225057 0.0655942783 0.9827286601 0.1730368882
70.3 -226.1 2711.1 -0.6441938281 0.4003218412 0.6517336369 0.2401833385 0.9148675203 -0.3245449066 -0.7261723280 -0.0525342673 -0.6855026484
-85.1 -581.2 2731.5 -0.6497400403 0.0866908580 0.7551970482 0.1881526262 0.9809027314 0.0492785163 -0.7365028858 0.1741105318 -0.6536428928
-27.9 -249.4 2856.5 -0.5791817307 0.2045400292 0.7891209722 -0.0127665186 0.9656163454 -0.2596576810 -0.8150984645 -0.1604633182 -0.5566560626
-106.8 -622.1 2918.4 -0.5791817307 -0.3074876368 0.7549833655 -0.0127665186 0.9294421077 0.3687469661 -0.8150984645 0.2039330006 -0.5422414541
406.5 499.9 2670.3 0 0 0 0 0 0 0 0 0
-48.7 -394.4 3015.0 0 0 0 0 0 0 0 0 0
-119.2 -966.5 2663.1 0 0 0 0 0 0 0 0 0
3.7 -956.0 2845.2 0 0 0 0 0 0 0 0 0
3.1 348.0 2906.8 4 -0.5428345203 -0.0398704596 -0.8388927579 -0.2145821005 0.9723024368 0.0926416665 0.8119637966 0.2303004563 -0.5363548398
11.0 154.9 2861.1 -0.5428345203 -0.0398704596 -0.8388927579 -0.2145821005 0.9723024368 0.0926416665 0.8119637966 0.2303004563 -0.5363548398
16.6 -35.2 2821.9 -0.5438852310 -0.0287045576 -0.8386685252 -0.1846846491 0.9790048003 0.0862621441 0.8185844421 0.2018059194 -0.5377675295
85.3 180.1 2749.2 -0.7769491076 -0.6283760071 0.0386486799 -0.4324349463 0.4880485833 -0.7581613064 0.4575479329 -0.6057658195 -0.6509206295
269.0 282.3 2641.1 -0.5243570805 -0.6283760071 0.5746244788 -0.8409518600 0.4880485833 -0.2336848080 -0.1336027533 -0.6057658195 -0.7843456268
-63.3 129.6 2972.9 -0.0315377861 0.1763945073 -0.9838141799 -0.9942882061 0.0948752165 0.0488843471 0.1019625142 0.9797365069 0.1723948270
-71.4 -126.5 2999.1 0.1063130125 0.1782439053 -0.9782263041 -0.9925526381 0.0778651759 -0.0936820731 0.0594714992 0.9809006453 0.1851945370
70.8 -219.7 2710.4 -0.6552190185 0.4051246941 0.6376221776 0.2390627116 0.9118602276 -0.3337064385 -0.7166150212 -0.0662191212 -0.6943183541
-86.4 -573.6 2736.1 -0.6604256630 0.0800209567 0.7466154099 0.1870450377 0.9804949164 0.0603646822 -0.7272222042 0.1795171052 -0.6625115275
-26.2 -240.7 2856.3 -0.5981670618 0.1949110329 0.7773067951 -0.0157981291 0.9669140577 -0.2546126544 -0.8012156487 -0.1645809114 -0.5752969384
-101.2 -612.8 2919.6 -0.5981670618 -0.3098514676 0.7390454412 -0.0157981291 0.9266061187 0.3757013083 -0.8012156487 0.2130566239 -0.5591603518
405.7 501.7 2675.9 0 0 0 0 0 0 0 0 0
-43.7 -385.5 3014.7 0 0 0 0 0 0 0 0 0
-118.4 -965.5 2664.4 0 0 0 0 0 0 0 0 0
10.0 -945.2 2843.2 0 0 0 0 0 0 0 0 0
3.4 352.2 2895.4 5 -0.5521278381 -0.0406769253 -0.8327666521 -0.1941217780 0.9776316881 0.0809506327 0.8108462095 0.2063532323 -0.5476739407
11.5 157.9 2854.4 -0.5521278381 -0.0406769253 -0.8327666521 -0.1941217780 0.9776316881 0.0809506327 0.8108462095 0.2063532323 -0.5476739407
17.1 -32.9 2819.3 -0.5531224012 -0.0287740771 -0.8326029181 -0.1660415083 0.9831602573 0.0763290077 0.8163858056 0.1804659367 -0.5485856533
87.1 180.6 2742.9 -0.7872619033 -0.6125821471 0.0704399571 -0.4382254779 0.4754720032 -0.7628137469 0.4337938726 -0.6314027905 -0.6427701116
271.7 283.4 2641.1 -0.5257257223 -0.6125821471 0.5902165771 -0.8416103125 0.4754720032 -0.2561610639 -0.1237117425 -0.6314027905 -0.7655233145
-64.0 135.2 2965.9 -0.0348784439 0.1659712642 -0.9855135679 -0.9918049574 0.1155267134 0.0545570627 0.1229080558 0.9793401361 0.1605817378
-73.0 -120.3 2997.5 0.1034603938 0.1677694172 -0.9803822637 -0.9912563562 0.0985492021 -0.0877435580 0.0818952024 0.9808881283 0.1764984429
70.9 -208.6 2709.4 -0.6451678872 0.4077570736 0.6461366415 0.2287612557 0.9099790454 -0.3458416462 -0.7289901376 -0.0753148943 -0.6803683043
-87.4 -561.9 2738.6 -0.6487659216 0.0714285299 0.7576283813 0.1875200570 0.9798908234 0.0681923553 -0.7375222445 0.1863113940 -0.6491140127
-25.3 -236.3 2856.2 -0.5424119234 0.2298554778 0.8080567718 -0.0087143136 0.9602522254 -0.2789976895 -0.8400675058 -0.1583733261 -0.5188491940
-114.1 -607.2 2917.4 -0.5424119234 -0.3181045651 0.7775595188 -0.0087143136 0.9276224971 0.3734173477 -0.8400675058 0.1957701147 -0.5059255362
408.9 502.9 2673.4 0 0 0 0 0 0 0 0 0
-46.0 -378.8 3018.9 0 0 0 0 0 0 0 0 0
-117.0 -967.3 2661.5 0 0 0 0 0 0 0 0 0
2.9 -948.4 2845.4 0 0 0 0 0 0 0 0 0
1.9 356.1 2910.7 6 -0.5396206379 -0.0355410427 -0.8411577344 -0.2168003619 0.9712801576 0.0980430245 0.8135153055 0.2352693528 -0.5318281651
8.9 164.1 2864.2 -0.5396206379 -0.0355410427 -0.8411577344 -0.2168003619 0.9712801576 0.0980430245 0.8135153055 0.2352693528 -0.5318281651
13.5 -25.6 2823.4 -0.5404595733 -0.0242218897 -0.8410212398 -0.1894456893 0.9774205089 0.0935918838 0.8197644353 0.2099104822 -0.5328450203
82.7 189.9 2752.2 -0.7968051434 -0.6029197574 0.0398673341 -0.3983220160 0.4745080173 -0.7849724293 0.4543579817 -0.6413500905 -0.6182466149
276.5 286.8 2641.8 -0.5030113459 -0.6029197574 0.6192474365 -0.8500729203 0.4745080173 -0.2285129577 -0.1560629159 -0.6413500905 -0.7512086630
-65.0 138.2 2976.1 -0.0348205753 0.1816014498 -0.9827555418 -0.9949569106 0.0862563699 0.0511920303 0.0940654725 0.9795819521 0.1776821166
