17.6 365.2 2906.9 8 -0.7731683254 -0.0654208511 -0.6308175921 -0.1973737180 0.9700906873 0.1413070112 0.6027058959 0.2337609231 -0.7629557252
30.3 177.5 2861.6 -0.7731683254 -0.0654208511 -0.6308175921 -0.1973737180 0.9700906873 0.1413070112 0.6027058959 0.2337609231 -0.7629557252
36.1 -8.9 2808.4 -0.7733660340 -0.0268792119 -0.6333897114 -0.1932361871 0.9615519047 0.1951350719 0.6037920117 0.2733046412 -0.7488256097
129.3 201.8 2784.3 -0.6392045021 -0.7631369233 -0.0950768664 -0.4527119696 0.4733360708 -0.7556486130 0.6216666698 -0.4399715662 -0.6480397582
279.8 308.4 2638.0 -0.5164937973 -0.7631369233 0.3884020448 -0.8559268117 0.4733360708 -0.2081880420 -0.0249687210 -0.4399715662 -0.8976644874
-68.7 153.2 2938.9 -0.1103470251 -0.1200789735 -0.9866126776 -0.9936863184 -0.0069210650 0.1119805202 -0.0202749167 0.9927402139 -0.1185571104
-96.9 -100.8 2933.7 0.0257124491 -0.1196680441 -0.9924809337 -0.9994570017 -0.0235401504 -0.0230548345 -0.0206042249 0.9925348163 -0.1202083454
89.1 -175.2 2700.7 -0.5136828423 0.3901536167 0.7641401291 0.1348917931 0.9162755609 -0.3771515489 -0.8473099470 -0.0906600505 -0.5233035684
-61.6 -529.1 2735.7 -0.5065593123 0.1283512115 0.8525981903 0.1974645108 0.9798451662 -0.0301863551 -0.8392886519 0.1530666947 -0.5216944814
-12.0 -216.9 2830.6 -0.4765775800 0.2612929642 0.8394044638 -0.0238367058 0.9506183863 -0.3094455302 -0.8788092136 -0.1674834341 -0.4468150139
-113.0 -584.4 2895.4 -0.4765775800 -0.2758696079 0.8347273469 -0.0238367058 0.9531956911 0.3014129996 -0.8788092136 0.1237495244 -0.4608474970
414.6 531.8 2644.5 0 0 0 0 0 0 0 0 0
-90.2 -360.0 2928.4 0 0 0 0 0 0 0 0 0
-118.1 -960.3 2668.4 0 0 0 0 0 0 0 0 0
-5.4 -956.1 2847.1 0 0 0 0 0 0 0 0 0
20.7 353.6 2918.4 9 -0.7600537539 -0.0541031249 -0.6476041675 -0.2259629965 0.9563491940 0.1853023022 0.6093102694 0.2871742845 -0.7391020656
31.3 166.3 2862.2 -0.7600537539 -0.0541031249 -0.6476041675 -0.2259629965 0.9563491940 0.1853023022 0.6093102694 0.2871742845 -0.7391020656
37.7 -18.9 2804.5 -0.7605264783 -0.0316041335 -0.6485372782 -0.2154231220 0.9545222521 0.2061070949 0.6125294566 0.2964598238 -0.7327477336
131.8 194.6 2781.1 -0.6211578846 -0.7753901482 -0.1137232408 -0.4871429801 0.4956997633 -0.7190086842 0.6138848066 -0.3912184536 -0.6856336594
277.0 308.5 2637.6 -0.5292765498 -0.7753901482 0.3444364667 -0.8480650187 0.4956997633 -0.1872630119 -0.0255351737 -0.3912184536 -0.9199435115
-69.3 137.9 2943.2 -0.1064271405 -0.1013519242 -0.9891415834 -0.9937673211 -0.0223370194 0.1092135981 -0.0331634842 0.9945998192 -0.0983429626
-96.6 -117.1 2934.7 0.0336825922 -0.1007952467 -0.9943368435 -0.9987822771 -0.0392795317 -0.0298514403 -0.0360482037 0.9941315055 -0.1019955352
109.1 -181.3 2704.9 -0.5160290599 0.4275135994 0.7422574759 0.1810399741 0.9014036059 -0.3933142126 -0.8372207284 -0.0685832873 -0.5425474644
-56.3 -530.0 2731.5 -0.5134003162 0.1358002722 0.8473360538 0.2007810026 0.9790017605 -0.0352489278 -0.8343303204 0.1520321667 -0.5298859477
-26.2 -212.5 2797.0 -0.6114955544 0.2405537963 0.7537950873 -0.0723263994 0.9316846132 -0.3559953272 -0.7879353166 -0.2722088397 -0.5523226261
-118.9 -571.3 2901.8 -0.6114955544 -0.2839968801 0.7385248542 -0.0723263994 0.9495219588 0.3052490056 -0.7879353166 0.1332435757 -0.6011689305
415.3 530.1 2644.3 0 0 0 0 0 0 0 0 0
-87.8 -376.9 2925.3 0 0 0 0 0 0 0 0 0
-116.8 -966.2 2663.7 0 0 0 0 0 0 0 0 0
-4.1 -955.1 2848.0 0 0 0 0 0 0 0 0 0
21.9 351.2 2912.7 0 -0.7375011444 -0.0472832359 -0.6736885905 -0.2307908088 0.9551349282 0.1856148541 0.6346870661 0.2923723161 -0.7153256536
31.2 163.1 2855.1 -0.7375011444 -0.0472832359 -0.6736885905 -0.2307908088 0.9551349282 0.1856148541 0.6346870661 0.2923723161 -0.7153256536
38.0 -22.6 2799.6 -0.7380825281 -0.0341950767 -0.6738433838 -0.2171429694 0.9576189518 0.1892480999 0.6388138533 0.2860010564 -0.7142270207
130.3 192.2 2769.2 -0.6458150148 -0.7615621686 -0.0542772412 -0.5116691589 0.4844735861 -0.7095632553 0.5666724443 -0.4304746091 -0.7025482059
279.6 310.5 2638.2 -0.5270154476 -0.7615621686 0.3771972656 -0.8495242000 0.4844735861 -0.2087915838 -0.0237343460 -0.4304746091 -0.9022905827
-67.9 134.0 2941.0 -0.0972440094 -0.0692224205 -0.9928503633 -0.9951677322 -0.0068639033 0.0979495421 -0.0135951331 0.9975776672 -0.0682204440
-92.9 -121.8 2937.6 0.0447277278 -0.0684658960 -0.9966503382 -0.9987795353 -0.0239853580 -0.0431755856 -0.0209489595 0.9973651171 -0.0694551468
111.1 -186.3 2694.0 -0.5404697657 0.4380400181 0.7183407545 0.1727977842 0.8933718204 -0.4147622585 -0.8234277964 -0.1000387669 -0.5585327744
-58.5 -532.3 2732.7 -0.5371462107 0.1346992254 0.8326644301 0.1983598620 0.9796540737 -0.0305169728 -0.8198336959 0.1487751305 -0.5529363751
-23.5 -223.2 2795.6 -0.6037825942 0.2385272384 0.7606256008 -0.0706240311 0.9344239235 -0.3490904272 -0.7940143943 -0.2644931674 -0.5473431349
-115.7 -584.5 2897.9 -0.6037825942 -0.2863630652 0.7439373136 -0.0706240311 0.9487940073 0.3078995943 -0.7940143943 0.1333645731 -0.5930894017
417.4 532.6 2644.4 0 0 0 0 0 0 0 0 0
-81.2 -381.9 2932.1 0 0 0 0 0 0 0 0 0
-117.8 -963.0 2667.3 0 0 0 0 0 0 0 0 0
-3.1 -957.5 2845.5 0 0 0 0 0 0 0 0 0
22.2 339.9 2906.8 1 -0.7336824536 -0.0473716483 -0.6778391600 -0.2290994525 0.9564014673 0.1811343282 0.6397057772 0.2881876826 -0.7125478387
31.6 151.8 2850.1 -0.7336824536 -0.0473716483 -0.6778391600 -0.2290994525 0.9564014673 0.1811343282 0.6397057772 0.2881876826 -0.7125478387
38.2 -34.9 2797.8 -0.7346247435 -0.0335802585 -0.6776421070 -0.2067648768 0.9623456001 0.1764630377 0.6462002397 0.2697466910 -0.7139061689
131.1 179.8 2762.6 -0.6416531205 -0.7669816017 -0.0045292811 -0.5664657354 0.4778673053 -0.6713861823 0.5171052217 -0.4282313585 -0.7410938144
285.6 316.2 2638.0 -0.5181362033 -0.7669816017 0.3785156608 -0.8549031615 0.4778673053 -0.2019490600 -0.0259890538 -0.4282313585 -0.9032953382
-67.9 123.8 2937.7 -0.0979085639 -0.0638971776 -0.9931420088 -0.9951758981 0.0125375381 0.0973024294 0.0062342053 0.9978777170 -0.0648164600
-93.1 -132.2 2939.3 0.0450879633 -0.0631328523 -0.9969860911 -0.9989814758 -0.0046036891 -0.0448866785 -0.0017559901 0.9979945421 -0.0632761195
110.4 -189.8 2687.8 -0.5455169678 0.4407030940 0.7128759027 0.1568221897 0.8892374635 -0.4297249317 -0.8232970834 -0.1226274893 -0.5542061329
-60.5 -534.6 2735.3 -0.5397496819 0.1314863563 0.8314936161 0.2047621906 0.9785683751 -0.0218258686 -0.8165431619 0.1584779471 -0.5551053882
-21.0 -227.8 2798.1 -0.6573335528 0.1908773035 0.7290257215 -0.0642253608 0.9496820569 -0.3065601587 -0.7508580089 -0.2483341992 -0.6119986773
-94.8 -595.3 2894.2 -0.6573335528 -0.2450039238 0.7126610279 -0.0642253608 0.9604482055 0.2709508240 -0.7508580089 0.1323341578 -0.6470702887
421.1 539.8 2644.8 0 0 0 0 0 0 0 0 0
-81.4 -392.6 2938.9 0 0 0 0 0 0 0 0 0
-118.5 -966.1 2665.4 0 0 0 0 0 0 0 0 0
-1.3 -962.1 2843.7 0 0 0 0 0 0 0 0 0
24.2 338.8 2918.4 2 -0.6722971201 -0.0381769799 -0.7392963171 -0.2510935962 0.9512272477 0.1792170703 0.6963968277 0.3061197102 -0.6490933299
31.7 151.6 2858.2 -0.6722971201 -0.0381769799 -0.7392963171 -0.2510935962 0.9512272477 0.1792170703 0.6963968277 0.3061197102 -0.6490933299
36.8 -34.6 2803.7 -0.6731873155 -0.0265460052 -0.7389953732 -0.2248158008 0.9593980908 0.1703325361 0.7044690847 0.2808035314 -0.6518225670
122.9 182.1 2762.6 -0.6643528342 -0.7470460534 0.0236106198 -0.5474809408 0.4648871720 -0.6958049536 0.5088220835 -0.4751863778 -0.7178425789
284.8 315.6 2638.6 -0.5204274058 -0.7470460534 0.4136151671 -0.8537354469 0.4648871720 -0.2345542014 -0.0170615967 -0.4751863778 -0.8797197342
-59.5 121.1 2953.7 -0.0809682682 0.0213909298 -0.9964871407 -0.9967012405 0.0038224061 0.0810677260 0.0055430923 0.9997639060 0.0210108720
-80.4 -135.6 2955.1 0.0608509295 0.0224375036 -0.9978946447 -0.9980395436 -0.0132907247 -0.0611586049 -0.0146349892 0.9996598959 0.0215847641
110.3 -203.6 2688.0 -0.5985184908 0.4453010857 0.6659448743 0.1910080761 0.8866276145 -0.4211975634 -0.7780048251 -0.1248936877 -0.6157191396
-62.5 -547.5 2736.5 -0.5952590108 0.1301598847 0.7929219007 0.2171178609 0.9761415124 0.0027580247 -0.7736449838 0.1737992465 -0.6093170643
-20.9 -240.1 2801.7 -0.5974293947 0.2043711990 0.7754421830 -0.0620639846 0.9522960186 -0.2987982035 -0.7995162010 -0.2266378552 -0.5562455058
-100.1 -609.1 2889.5 -0.5974293947 -0.2638769150 0.7572628856 -0.0620639846 0.9566928148 0.2844062448 -0.7995162010 0.1229138896 -0.5879336596
420.9 538.8 2643.1 0 0 0 0 0 0 0 0 0
-64.5 -395.8 2951.3 0 0 0 0 0 0 0 0 0
-118.1 -964.9 2662.1 0 0 0 0 0 0 0 0 0
-2.5 -962.7 2844.1 0 0 0 0 0 0 0 0 0
24.1 340.0 2923.7 3 -0.6298857927 -0.0370742120 -0.7758023739 -0.2642545700 0.9494990706 0.1691774428 0.7303515673 0.3115718067 -0.6078730226
31.4 153.1 2862.4 -0.6298857927 -0.0370742120 -0.7758023739 -0.2642545700 0.9494990706 0.1691774428 0.7303515673 0.3115718067 -0.6078730226
36.4 -33.0 2807.6 -0.6308565140 -0.0263036974 -0.7754535079 -0.2350239903 0.9589509964 0.1586716175 0.7394482493 0.2823491991 -0.6111425161
117.0 185.1 2761.9 -0.6861988306 -0.7255571485 0.0519424118 -0.5287142992 0.4484414756 -0.7206673622 0.4995922148 -0.5219837427 -0.6913324594
282.9 312.9 2641.1 -0.5217792392 -0.7255571485 0.4486794472 -0.8530467749 0.4484414756 -0.2668546140 -0.0075881933 -0.5219837427 -0.8529216647
-54.3 121.2 2962.9 -0.0652571097 0.0749737322 -0.9950479865 -0.9978195429 0.0049744369 0.0658136830 0.0098841004 0.9971731305 0.0744856372
-71.1 -135.8 2965.4 0.0755841434 0.0762822032 -0.9942173362 -0.9969784021 -0.0121382847 -0.0767253712 -0.0179208722 0.9970123768 0.0751342475
101.8 -200.9 2686.7 -0.6310988665 0.4353905618 0.6419885159 0.2047206908 0.8917655349 -0.4035388827 -0.7482002378 -0.1232446134 -0.6519256830
-67.1 -547.0 2734.5 -0.6309778690 0.1193550304 0.7665646076 0.2057155520 0.9784644842 0.0169813577 -0.7480294108 0.1684091240 -0.6419426203
-18.1 -240.9 2811.3 -0.5908411145 0.2397379428 0.7703456879 -0.0483372919 0.9425962567 -0.3304175735 -0.8053386211 -0.2324606925 -0.5453363061
-111.0 -606.3 2901.4 -0.5908411145 -0.2900739014 0.7528372407 -0.0483372919 0.9441802502 0.3258637488 -0.8053386211 0.1561435759 -0.5718818903
419.3 536.0 2643.1 0 0 0 0 0 0 0 0 0
-51.4 -395.8 2960.8 0 0 0 0 0 0 0 0 0
-118.2 -965.9 2662.4 0 0 0 0 0 0 0 0 0
-0.9 -964.7 2842.2 0 0 0 0 0 0 0 0 0
33.1 324.7 2937.3 4 -0.5545809865 -0.0160320532 -0.8319752812 -0.3012517393 0.9358634949 0.1827754676 0.7756850719 0.3519977927 -0.5238417983
36.3 141.2 2868.3 -0.5545809865 -0.0160320532 -0.8319752812 -0.3012517393 0.9358634949 0.1827754676 0.7756850719 0.3519977927 -0.5238417983
38.7 -42.9 2807.2 -0.5550782084 -0.0140395919 -0.8316796422 -0.2700920701 0.9487215281 0.1642490029 0.7867264152 0.3158011138 -0.5304066539
111.5 178.0 2761.7 -0.6866337061 -0.7243407369 0.0621662401 -0.5367685556 0.4474339485 -0.7153197527 0.4903199673 -0.5245315433 -0.6960265636
282.3 311.5 2639.7 -0.5211992264 -0.7243407369 0.4513112605 -0.8533954620 0.4474339485 -0.2674304843 -0.0082211811 -0.5245315433 -0.8513513207
-39.0 104.4 2975.0 -0.0505387969 0.1681414545 -0.9844664931 -0.9985638261 -0.0260549858 0.0468124524 -0.0177791473 0.9854184985 0.1692167670
-52.0 -152.7 2970.4 0.0868631527 0.1696508825 -0.9816686511 -0.9945034385 -0.0430591591 -0.0954402760 -0.0584613569 0.9845631123 0.1649781317
97.8 -198.2 2686.9 -0.6947455406 0.4263858497 0.5792441368 0.2319080085 0.8951222897 -0.3807555437 -0.6808431149 -0.1301968545 -0.7207645178
-67.7 -545.7 2737.5 -0.6986721754 0.1166650951 0.7058657408 0.2018472999 0.9786782265 0.0380348600 -0.6863780618 0.1690509915 -0.7073237300
-14.8 -240.2 2818.4 -0.5448020101 0.2545062006 0.7990102768 -0.0384951420 0.9442357421 -0.3270121813 -0.8376806974 -0.2089148909 -0.5046242476
-113.5 -606.3 2899.5 -0.5448020101 -0.2939762175 0.7853462696 -0.0384951420 0.9443166256 0.3267786503 -0.8376806974 0.1477976441 -0.5257822275
418.6 534.8 2641.9 0 0 0 0 0 0 0 0 0
-29.4 -411.9 2955.1 0 0 0 0 0 0 0 0 0
-118.0 -967.0 2664.7 0 0 0 0 0 0 0 0 0
-5.1 -954.2 2845.0 0 0 0 0 0 0 0 0 0
31.5 329.0 2933.1 5 -0.4999405742 -0.0212665964 -0.8657985330 -0.2946318090 0.9442466497 0.1469365954 0.8144025207 0.3285513818 -0.4783330262
35.7 143.2 2868.5 -0.4999405742 -0.0212665964 -0.8657985330 -0.2946318090 0.9442466497 0.1469365954 0.8144025207 0.3285513818 -0.4783330262
38.4 -42.1 2811.2 -0.5005303025 -0.0142164351 -0.8656022549 -0.2630656362 0.9550828338 0.1364303827 0.8247823119 0.2959977686 -0.4817877710
103.6 179.0 2756.5 -0.7077819705 -0.7014904618 0.0834016278 -0.5208398700 0.4384266734 -0.7324669957 0.4772531092 -0.5618658066 -0.6756746769
276.1 305.9 2640.2 -0.5322472453 -0.7014904618 0.4739451706 -0.8465799093 0.4384266734 -0.3018021584 0.0039211167 -0.5618658066 -0.8272190690
-32.3 107.4 2980.5 -0.0297116823 0.2283022702 -0.9731368423 -0.9995377660 -0.0005156883 0.0303967688 0.0064378162 0.9735901356 0.2282120734
-39.9 -149.9 2982.2 0.1050479859 0.2301376313 -0.9674717784 -0.9935468435 -0.0175569896 -0.1120555848 -0.0427740961 0.9729996920 0.2268081903
90.4 -202.8 2676.1 -0.7332993150 0.4007448256 0.5492501259 0.2172854245 0.9035968781 -0.3691879213 -0.6442508698 -0.1513811946 -0.7496829629
-65.0 -553.4 2734.9 -0.7351747155 0.1272521913 0.6658265591 0.2034537196 0.9783599973 0.0376608223 -0.6466256380 0.1631521732 -0.7451554537
-8.4 -251.1 2815.8 -0.5136764646 0.2951525152 0.8056187034 -0.0374419838 0.9303610921 -0.3647277653 -0.8571665883 -0.2175160348 -0.4668535292
-122.8 -611.8 2900.2 -0.5136764646 -0.3255966604 0.7938030362 -0.0374419838 0.9328211546 0.3583891392 -0.8571665883 0.1543745250 -0.4913592935
415.3 527.3 2639.2 0 0 0 0 0 0 0 0 0
-12.6 -408.9 2971.1 0 0 0 0 0 0 0 0 0
-118.4 -964.0 2666.4 0 0 0 0 0 0 0 0 0
-4.4 -950.9 2844.0 0 0 0 0 0 0 0 0 0
30.4 336.1 2932.1 6 -0.4571774900 -0.0246857274 -0.8890328407 -0.2909434736 0.9487656355 0.1232708469 0.8404407501 0.3150149584 -0.4409364164
35.3 149.7 2870.2 -0.4571774900 -0.0246857274 -0.8890328407 -0.2909434736 0.9487656355 0.1232708469 0.8404407501 0.3150149584 -0.4409364164
38.5 -36.3 2815.1 -0.4578521550 -0.0165934935 -0.8888734579 -0.2597675622 0.9586898685 0.1159075201 0.8502306938 0.2839689851 -0.4432486892
97.5 185.1 2754.5 -0.7323945165 -0.6730433106 0.1030094251 -0.4896124601 0.4154601395 -0.7665980458 0.4731573761 -0.6118869185 -0.6338111162
276.7 304.9 2638.8 -0.5308169127 -0.6730433106 0.5150204897 -0.8474441767 0.4154601395 -0.3305015266 0.0084713576 -0.6118869185 -0.7908998728
-27.0 114.4 2985.9 -0.0124128461 0.2725460231 -0.9620626569 -0.9997026920 0.0168106426 0.0176608339 0.0209862813 0.9619958997 0.2722563446
-30.2 -143.0 2991.3 0.1200297922 0.2746474147 -0.9540238976 -0.9921700954 -0.0002248104 -0.1248938441 -0.0345162451 0.9615449905 0.2724699676
85.7 -204.0 2680.3 -0.7512990832 0.3956624269 0.5282053947 0.2299517691 0.9071434140 -0.3524386883 -0.6186047792 -0.1433250904 -0.7725192904
-67.9 -556.0 2736.0 -0.7552722096 0.1224271059 0.6438753605 0.2009577304 0.9783381820 0.0497032255 -0.6238428354 0.1669311970 -0.7635142803
-3.5 -250.9 2827.2 -0.5016056299 0.2994754314 0.8116071820 -0.0213640891 0.9335952997 -0.3576917350 -0.8648325801 -0.1967594475 -0.4618986547
-119.6 -613.0 2903.5 -0.5016056299 -0.3222339749 0.8028430939 -0.0213640891 0.9323699474 0.3608736694 -0.8648325801 0.1638642699 -0.4745662808
415.5 526.5 2636.5 0 0 0 0 0 0 0 0 0
1.1 -401.7 2982.3 0 0 0 0 0 0 0 0 0
-118.8 -962.9 2666.5 0 0 0 0 0 0 0 0 0
-3.4 -949.4 2844.4 0 0 0 0 0 0 0 0 0
23.5 343.8 2908.5 7 -0.4994824231 -0.0359049030 -0.8655796647 -0.2261618823 0.9698975682 0.0902745351 0.8362823129 0.2408516705 -0.4925671220
30.5 152.3 2861.0 -0.4994824231 -0.0359049030 -0.8655796647 -0.2261618823 0.9698975682 0.0902745351 0.8362823129 0.2408516705 -0.4925671220
35.0 -36.7 2819.3 -0.5003369451 -0.0243819654 -0.8654873967 -0.1985771209 0.9761897326 0.0872965306 0.8427515030 0.2155436724 -0.4932655096
98.7 179.4 2746.5 -0.7327767015 -0.6637401581 0.1499577761 -0.5146113038 0.3963607848 -0.7603113055 0.4452117682 -0.6343083978 -0.6320121288
275.2 303.3 2639.2 -0.5313458443 -0.6637401581 0.5264224410 -0.8467276692 0.3963607848 -0.3548949063 0.0269047786 -0.6343083978 -0.7726117969
-37.6 125.2 2975.4 -0.0216599703 0.2254710943 -0.9740090370 -0.9957035780 0.0828654394 0.0413247421 0.0900292173 0.9707193971 0.2227075100
-43.2 -130.7 2998.6 0.1138254702 0.2274426222 -0.9671161175 -0.9926644564 0.0659692138 -0.1013180166 0.0407558568 0.9715543985 0.2332831770
82.6 -199.2 2684.2 -0.7101510763 0.3916310370 0.5850731134 0.2080215663 0.9106259346 -0.3570538759 -0.6726161242 -0.1318543702 -0.7281497121
-69.4 -552.6 2735.3 -0.7111705542 0.1209134981 0.6925434470 0.1999677420 0.9791989326 0.0343845524 -0.6739802361 0.1629396230 -0.7205562592
0.9 -245.5 2835.9 -0.3932302594 0.2986103892 0.8695986271 -0.0131566189 0.9438672662 -0.3300628066 -0.9193459153 -0.1412316561 -0.3672284782
-114.8 -611.2 2890.6 -0.3932302594 -0.3092311025 0.8658788204 -0.0131566189 0.9435418844 0.3309919238 -0.9193459153 0.1187640131 -0.3750976622
414.2 524.8 2632.2 0 0 0 0 0 0 0 0 0
-13.6 -388.8 3009.2 0 0 0 0 0 0 0 0 0
-120.1 -963.5 2666.9 0 0 0 0 0 0 0 0 0
-3.3 -951.3 2847.8 0 0 0 0 0 0 0 0 0
18.3 345.9 2895.2 8 -0.5550752878 -0.0523786992 -0.8301492929 -0.1903645098 0.9795271158 0.0654825345 0.8097238541 0.1943787038 -0.5536823869
28.7 152.6 2856.9 -0.5550752878 -0.0523786992 -0.8301492929 -0.1903645098 0.9795271158 0.0654825345 0.8097238541 0.1943787038 -0.5536823869
35.5 -38.0 2823.2 -0.5562035441 -0.0376356728 -0.8301934600 -0.1657549739 0.9839259386 0.0664457008 0.8143481612 0.1745660305 -0.5535013676
104.4 175.4 2746.3 -0.7148906589 -0.6840807796 0.1447922289 -0.5376383066 0.4053640962 -0.7393409014 0.4470753670 -0.6063937545 -0.6575790644
277.2 305.3 2638.3 -0.5254390240 -0.6840807796 0.5059123039 -0.8504865170 0.4053640962 -0.3351905048 0.0242187101 -0.6063937545 -0.7947955728
-47.1 129.9 2967.5 -0.0294966046 0.1596894413 -0.9867265224 -0.9913401604 0.1217015013 0.0493303984 0.1279636472 0.9796366692 0.1547167748
-54.7 -125.0 3000.4 0.1088599786 0.1615638733 -0.9808397293 -0.9901626110 0.1048798338 -0.0926188901 0.0879064426 0.9812733531 0.1713917255
84.1 -208.0 2702.5 -0.6442258954 0.4015874267 0.6509228349 0.2226912230 0.9126778841 -0.3426773250 -0.7316977978 -0.0758067816 -0.6774007082
-71.6 -561.7 2731.9 -0.6475719213 0.1164417714 0.7530550361 0.1965408921 0.9803407788 0.0174246877 -0.7362216115 0.1592898518 -0.6577267647
-5.3 -243.5 2852.6 -0.3447740972 0.2704699934 0.8988752961 0.0070770816 0.9583109617 -0.2856395841 -0.9386590123 -0.0921197161 -0.3323149681
-110.0 -614.5 2888.3 -0.3447740972 -0.2951221764 0.8910856843 0.0070770816 0.9484465718 0.3168579936 -0.9386590123 0.1155507192 -0.3249112368
414.6 527.7 2631.9 0 0 0 0 0 0 0 0 0
-26.4 -382.6 3023.3 0 0 0 0 0 0 0 0 0
-119.6 -966.1 2666.2 0 0 0 0 0 0 0 0 0
-4.5 -953.6 2847.0 0 0 0 0 0 0 0 0 0
19.3 350.1 2900.1 9 -0.5492086411 -0.0433542579 -0.8345599174 -0.1947408170 0.9777992964 0.0773600340 0.8126782179 0.2050096840 -0.5454586744
27.9 156.5 2859.5 -0.5492086411 -0.0433542579 -0.8345599174 -0.1947408170 0.9777992964 0.0773600340 0.8126782179 0.2050096840 -0.5454586744
33.1 -34.1 2824.4 -0.5502389669 -0.0276894923 -0.8345479965 -0.1663030237 0.9830613136 0.0770308450 0.8182789087 0.1811732352 -0.5455235243
103.0 179.2 2748.0 -0.7215049863 -0.6770023704 0.1452527642 -0.5258123279 0.3992276788 -0.7510916591 0.4505018890 -0.6182920337 -0.6440209746
278.6 307.3 2638.4 -0.5249075890 -0.6770023704 0.5158874393 -0.8507799506 0.3992276788 -0.3417465985 0.0254067238 -0.6182920337 -0.7855376601
-47.1 133.7 2971.0 -0.0357829034 0.1695502251 -0.9848717451 -0.9918590188 0.1144901365 0.0557467751 0.1222099811 0.9788486958 0.1640731245
-56.4 -121.6 3002.4 0.1022952273 0.1713230759 -0.9798898101 -0.9914677739 0.0975639671 -0.0864459053 0.0807917640 0.9803721905 0.1798416376
92.1 -213.7 2717.0 -0.6352835298 0.4237537980 0.6456373334 0.2624616027 0.9047220349 -0.3355472982 -0.7263117433 -0.0437126495 -0.6859740615
-72.2 -564.3 2733.9 -0.6444785595 0.1152651161 0.7558844686 0.1970832348 0.9802110195 0.0185634028 -0.7387865782 0.1609358788 -0.6544417739
-7.3 -243.4 2862.0 -0.3251793683 0.2650754452 0.9077408314 0.0176204424 0.9614413977 -0.2744447589 -0.9454881549 -0.0732489750 -0.3173116744
-110.0 -616.1 2890.4 -0.3251793683 -0.2974163294 0.8976646662 0.0176204424 0.9471839666 0.3202061951 -0.9454881549 0.1199417040 -0.3027640879
415.9 529.8 2631.7 0 0 0 0 0 0 0 0 0
-29.7 -379.9 3023.5 0 0 0 0 0 0 0 0 0
-119.2 -964.4 2668.2 0 0 0 0 0 0 0 0 0
-2.8 -957.5 2847.2 0 0 0 0 0 0 0 0 0
25.8 339.0 2915.0 0 -0.4980289340 -0.0334583297 -0.8665146828 -0.2326029390 0.9677904844 0.0963195935 0.8353819847 0.2495238185 -0.4897701740
32.4 148.0 2865.8 -0.4980289340 -0.0334583297 -0.8665146828 -0.2326029390 0.9677904844 0.0963195935 0.8353819847 0.2495238185 -0.4897701740
36.4 -41.0 2823.0 -0.4988917708 -0.0226583816 -0.8663680553 -0.2027316391 0.9749741554 0.0912427530 0.8426190615 0.2211604714 -0.4910001755
100.4 175.8 2751.2 -0.7183482051 -0.6802620292 0.1456690431 -0.5292611122 0.3984925747 -0.7490569353 0.4515069425 -0.6151806712 -0.6462926269
278.9 307.3 2638.9 -0.5244506598 -0.6802620292 0.5120499134 -0.8509565592 0.3984925747 -0.3421645761 0.0287134517 -0.6151806712 -0.7878630757
-35.6 120.3 2980.4 -0.0229454096 0.2275478393 -0.9734965563 -0.9961525798 0.0771762878 0.0415188186 0.0845783651 0.9707037807 0.2249015272
-41.5 -136.1 3002.2 0.1123081669 0.2294971794 -0.9668081403 -0.9930549860 0.0602439046 -0.1010566428 0.0350520797 0.9714431167 0.2346691936
87.4 -209.8 2716.3 -0.6812579632 0.4099595249 0.6064823270 0.2813531160 0.9114773273 -0.3000825346 -0.6758165956 -0.0337979123 -0.7362945676
-71.6 -563.4 2729.4 -0.6953577399 0.1161120087 0.7092218399 0.1893586367 0.9815908670 0.0249534138 -0.6932682991 0.1516488194 -0.7045436502
-11.0 -239.7 2862.5 -0.3869122863 0.2029927224 0.8994958997 0.0295743402 0.9776986837 -0.2079198360 -0.9216421247 -0.0538447425 -0.3842870295
-89.6 -618.1 2883.3 -0.3781171739 -0.2469484806 0.8922128677 -0.0057676057 0.9643746614 0.2644772530 -0.9257397652 0.0948574692 -0.3660709262
416.1 529.9 2631.4 0 0 0 0 0 0 0 0 0
-12.3 -394.7 3011.3 0 0 0 0 0 0 0 0 0
-119.1 -964.8 2667.4 0 0 0 0 0 0 0 0 0
-1.7 -961.4 2849.5 0 0 0 0 0 0 0 0 0
23.2 332.5 2922.0 1 -0.4877419770 -0.0325690694 -0.8723800778 -0.2570180595 0.9603705406 0.1078430340 0.8342958093 0.2768170238 -0.4767838717
29.6 143.1 2867.4 -0.4877419770 -0.0325690694 -0.8723800778 -0.2570180595 0.9603705406 0.1078430340 0.8342958093 0.2768170238 -0.4767838717
33.9 -44.8 2819.5 -0.4886161089 -0.0230194479 -0.8721951842 -0.2266834974 0.9686730504 0.1014255658 0.8425371647 0.2472704053 -0.4785273671
96.3 174.1 2752.6 -0.7209430337 -0.6802750230 0.1321629286 -0.5233649611 0.4094728827 -0.7472757697 0.4542359114 -0.6079126596 -0.6512387395
274.7 303.6 2640.2 -0.5326431990 -0.6802750230 0.5035048127 -0.8459327221 0.4094728827 -0.3416574299 0.0262494683 -0.6079126596 -0.7935698628
-37.1 112.1 2982.2 -0.0183313880 0.2384143472 -0.9709904790 -0.9981191158 0.0524580479 0.0317239575 0.0584997125 0.9697456956 0.2370042801
-41.8 -144.8 2997.3 0.1164546758 0.2404402941 -0.9636528492 -0.9931679368 0.0354848839 -0.1111676916 0.0074659158 0.9700151086 0.2429299653
85.1 -211.8 2705.0 -0.7039989233 0.4035794735 0.5843878388 0.2649375498 0.9126883149 -0.3111401498 -0.6589336991 -0.0642160401 -0.7494549155
-71.5 -565.8 2729.9 -0.7153553963 0.1212109923 0.6881675124 0.1904894710 0.9813667536 0.0251613613 -0.6722948551 0.1490879804 -0.7251154184
-4.1 -248.2 2855.4 -0.3571687639 0.2398956418 0.9027073383 0.0085583832 0.9672548175 -0.2536629736 -0.9340006709 -0.0828747749 -0.3475263119
-97.0 -622.7 2887.4 -0.3571687639 -0.2662558556 0.8952867389 0.0085583832 0.9575370550 0.2881832421 -0.9340006709 0.1105922610 -0.3397235870
414.0 524.9 2633.3 0 0 0 0 0 0 0 0 0
-11.4 -403.6 2999.2 0 0 0 0 0 0 0 0 0
-120.1 -959.6 2670.1 0 0 0 0 0 0 0 0 0
-1.3 -966.9 2847.7 0 0 0 0 0 0 0 0 0
26.9 338.1 2926.0 2 -0.4535451233 -0.0233680736 -0.8909268975 -0.2578572929 0.9603420496 0.1060789302 0.8531157374 0.2778435946 -0.4415840805
31.5 148.5 2871.1 -0.4535451233 -0.0233680736 -0.8909268975 -0.2578572929 0.9603420496 0.1060789302 0.8531157374 0.2778435946 -0.4415840805
34.6 -39.3 2822.3 -0.4540828168 -0.0164064225 -0.8908084035 -0.2317941934 0.9675765038 0.1003350317 0.8602791429 0.2520446479 -0.4431627989
93.5 180.1 2753.8 -0.7317938805 -0.6725248694 0.1103992984 -0.4945900142 0.4126076996 -0.7649415731 0.4688906074 -0.6143819690 -0.6345679164
271.2 300.3 2639.9 -0.5369623303 -0.6725248694 0.5092953444 -0.8433344364 0.4126076996 -0.3442990780 0.0214105099 -0.6143819690 -0.7887182236
-30.4 116.8 2988.4 -0.0122593185 0.2764920592 -0.9609379768 -0.9984111190 0.0494738929 0.0269725826 0.0549990498 0.9597418904 0.2754462361
-33.6 -140.3 3002.6 0.1202959791 0.2785919309 -0.9528459311 -0.9927371740 0.0324863717 -0.1158338860 -0.0013158792 0.9598599672 0.2804765403
81.9 -212.3 2696.3 -0.7380925417 0.3945238888 0.5473301411 0.2475031614 0.9129903913 -0.3243312538 -0.6276636124 -0.1039205194 -0.7715172768
-71.1 -566.3 2736.6 -0.7446889877 0.1188382581 0.6567463875 0.2005601376 0.9783852696 0.0503776222 -0.6365641952 0.1692328006 -0.7524269223
-5.6 -252.9 2846.8 -0.3992590606 0.2480527014 0.8826448917 -0.0026982683 0.9623832107 -0.2716823518 -0.9168341756 -0.1108532622 -0.3835709095
-101.7 -625.9 2889.8 -0.3992590606 -0.2818937004 0.8724265695 -0.0026982683 0.9519172311 0.3063434362 -0.9168341756 0.1199563593 -0.3808222115
411.7 520.9 2634.3 0 0 0 0 0 0 0 0 0
-2.2 -399.2 3002.2 0 0 0 0 0 0 0 0 0
-119.1 -961.3 2668.2 0 0 0 0 0 0 0 0 0
-2.4 -961.3 2847.5 0 0 0 0 0 0 0 0 0
26.8 339.7 2928.0 3 -0.4415798485 -0.0240504649 -0.8968995810 -0.2626061440 0.9593288898 0.1035670862 0.8579307795 0.2812644541 -0.4299361110
31.6 151.3 2872.7 -0.4415798485 -0.0240504649 -0.8968995810 -0.2626061440 0.9593288898 0.1035670862 0.8579307795 0.2812644541 -0.4299361110
34.8 -36.4 2823.5 -0.4421699941 -0.0170896295 -0.8967684507 -0.2349719405 0.9671070576 0.0974276513 0.8656060696 0.2537949979 -0.4316413105
91.9 183.4 2754.6 -0.7387814522 -0.6645947695 0.1118741184 -0.4812750816 0.4040524364 -0.7778919935 0.4717799127 -0.6285343766 -0.6183593273
271.3 300.2 2640.0 -0.5372139812 -0.6645947695 0.5193409324 -0.8430424929 0.4040524364 -0.3549943268 0.0260864180 -0.6285343766 -0.7773442268
-28.8 119.2 2990.9 -0.0072686472 0.2884752750 -0.9574597478 -0.9985342622 0.0492603369 0.0224222280 0.0536330491 0.9562193751 0.2876943648
-30.7 -138.1 3004.7 0.1245838106 0.2906528413 -0.9486832023 -0.9921993613 0.0322625525 -0.1204140410 -0.0043917401 0.9562845230 0.2924049497
78.3 -206.2 2696.5 -0.7471805215 0.3833526671 0.5429198742 0.2450817376 0.9182407856 -0.3110767901 -0.6177833080 -0.0993707776 -0.7800443769
-70.4 -562.5 2735.0 -0.7545275688 0.1196920425 0.6452611685 0.1937598437 0.9800264239 0.0447815247 -0.6270129681 0.1588145941 -0.7626484632
-3.0 -247.8 2850.3 -0.4174718261 0.2852804661 0.8627469540 0.0036976985 0.9499659538 -0.3123314977 -0.9086823463 -0.1271994263 -0.3976389170
-113.5 -615.9 2899.6 -0.4174718261 -0.3072415590 0.8551724553 0.0036976985 0.9405226707 0.3397108018 -0.9086823463 0.1449818611 -0.3915056288
411.8 520.7 2633.2 0 0 0 0 0 0 0 0 0
1.8 -396.8 3003.5 0 0 0 0 0 0 0 0 0
-119.2 -961.7 2670.3 0 0 0 0 0 0 0 0 0
-1.6 -958.5 2846.8 0 0 0 0 0 0 0 0 0
20.6 338.0 2906.0 4 -0.5066162348 -0.0350403339 -0.8614593148 -0.2165912837 0.9723038673 0.0878263339 0.8345227242 0.2310788184 -0.5001743436
27.5 146.7 2860.5 -0.5066162348 -0.0350403339 -0.8614593148 -0.2165912837 0.9723038673 0.0878263339 0.8345227242 0.2310788184 -0.5001743436
32.5 -42.9 2820.0 -0.5073412061 -0.0276326668 -0.8613021374 -0.1940376312 0.9774819613 0.0829358846 0.8396155834 0.2092018127 -0.5012786984
96.6 173.2 2746.3 -0.7275491357 -0.6684582233 0.1543885469 -0.5276407003 0.4013705850 -0.7486634254 0.4384832084 -0.6261511445 -0.6447225809
271.4 299.9 2641.0 -0.5349540710 -0.6684582233 0.5167085528 -0.8443533778 0.4013705850 -0.3549211621 0.0298583712 -0.6261511445 -0.7791298032
-41.6 120.1 2974.7 -0.0212579798 0.2169326246 -0.9759550691 -0.9951341152 0.0893467441 0.0415354818 0.0962088108 0.9720891714 0.2139777392
-47.1 -136.0 2999.5 0.1144347191 0.2189144939 -0.9690104127 -0.9922640324 0.0724481344 -0.1008136868 0.0481334180 0.9730507135 0.2255115509
77.7 -203.1 2696.8 -0.6982368827 0.3802693784 0.6065149903 0.2185384333 0.9200298190 -0.3252476454 -0.6816936135 -0.0945530608 -0.7255022526
-69.9 -560.1 2733.5 -0.7009575963 0.1206672415 0.7029209733 0.1977746189 0.9798178077 0.0290213320 -0.6852325797 0.1593626440 -0.7106756568
-1.5 -245.2 2851.7 -0.3803424537 0.3231575489 0.8665499687 0.0050101695 0.9376732111 -0.3474821150 -0.9248321652 -0.1278206259 -0.3582560122
-126.8 -608.6 2901.3 -0.3803424537 -0.3342587948 0.8623286486 0.0050101695 0.9316443205 0.3633369803 -0.9248321652 0.1425128877 -0.3526691794
411.3 520.8 2633.2 0 0 0 0 0 0 0 0 0
-17.3 -394.5 3012.0 0 0 0 0 0 0 0 0 0
-119.6 -963.5 2667.9 0 0 0 0 0 0 0 0 0
-1.2 -958.5 2847.7 0 0 0 0 0 0 0 0 0
19.9 338.5 2906.0 5 -0.5224795341 -0.0367046595 -0.8518614769 -0.2139578909 0.9727511406 0.0893151313 0.8253709078 0.2289278060 -0.5160958171
27.1 146.5 2860.8 -0.5224795341 -0.0367046595 -0.8518614769 -0.2139578909 0.9727511406 0.0893151313 0.8253709078 0.2289278060 -0.5160958171
32.0 -43.4 2821.4 -0.5233653784 -0.0258750152 -0.8517154455 -0.1863314360 0.9788238406 0.0847611129 0.8314861655 0.2030624002 -0.5171038508
98.5 172.0 2747.5 -0.7183358073 -0.6813662052 0.1404767036 -0.5333142281 0.4096646011 -0.7401019335 0.4467321336 -0.6065599918 -0.6576590538
273.3 301.8 2638.8 -0.5310599208 -0.6813662052 0.5037017465 -0.8469796181 0.4096646011 -0.3388221264 0.0245131869 -0.6065599918 -0.7946597338
-44.2 121.0 2974.1 -0.0277636684 0.2000161558 -0.9793991446 -0.9944184422 0.0942431390 0.0474360771 0.1017896309 0.9752495885 0.1962832212
-51.4 -135.0 3000.3 0.1088835970 0.2019063532 -0.9733335376 -0.9924728274 0.0772939846 -0.0949909389 0.0560535528 0.9763500690 0.2088026255
82.8 -215.0 2704.6 -0.6748608351 0.3961107433 0.6226227880 0.2414096445 0.9158058167 -0.3209689856 -0.6973408461 -0.0663022399 -0.7136664391
-70.8 -570.3 2730.4 -0.6812039614 0.1206628159 0.7220814228 0.1960636824 0.9803632498 0.0211416185 -0.7053511143 0.1559756994 -0.6914849281
-7.8 -249.8 2854.4 -0.3044630587 0.2762708366 0.9115791917 0.0024339166 0.9572368264 -0.2892953157 -0.9525210261 -0.0858610198 -0.2921156585
-114.8 -620.4 2887.6 -0.3044630587 -0.3178228140 0.8979369998 0.0024339166 0.9424294829 0.3343960941 -0.9525210261 0.1039967611 -0.2861613929
412.2 523.3 2632.4 0 0 0 0 0 0 0 0 0
-23.0 -393.7 3014.9 0 0 0 0 0 0 0 0 0
-119.0 -961.8 2668.1 0 0 0 0 0 0 0 0 0
-0.4 -959.4 2850.2 0 0 0 0 0 0 0 0 0
22.2 339.5 2918.0 6 -0.5213067532 -0.0240226518 -0.8530311584 -0.2295249254 0.9667158127 0.1130437255 0.8219230771 0.2547223866 -0.5094692707
26.9 148.9 2867.8 -0.5213067532 -0.0240226518 -0.8530311584 -0.2295249254 0.9667158127 0.1130437255 0.8219230771 0.2547223866 -0.5094692707
29.6 -40.0 2823.8 -0.5218740702 -0.0141592072 -0.8529050350 -0.2006938905 0.9738332629 0.1066334769 0.8290774822 0.2268220782 -0.5110599995
98.2 176.4 2754.6 -0.7193322182 -0.6831331253 0.1260567307 -0.5161867738 0.4042034447 -0.7550965548 0.4648788869 -0.6082341075 -0.6433808208
274.3 302.7 2640.8 -0.5308951735 -0.6831331253 0.5014773011 -0.8467733264 0.4042034447 -0.3458243906 0.0335452370 -0.6082341075 -0.7930485606
-44.3 121.5 2980.9 -0.0379737727 0.2051870525 -0.9779857993 -0.9962297082 0.0686220154 0.0530794524 0.0780025721 0.9763141274 0.2018076032
-54.1 -135.0 3000.9 0.0986035615 0.2069069445 -0.9733790755 -0.9946237803 0.0515872911 -0.0897899717 0.0316358209 0.9769996405 0.2108812630
83.6 -216.6 2707.7 -0.6811127663 0.4095350802 0.6069319844 0.2521977723 0.9094383121 -0.3306330740 -0.6873730421 -0.0721315220 -0.7227138877
-75.3 -569.5 2735.7 -0.6885734797 0.1085516587 0.7169958949 0.1956581026 0.9798743129 0.0395511389 -0.6982724667 0.1675199121 -0.6959545016
-10.0 -250.0 2856.4 -0.3391903937 0.2924180031 0.8941149712 0.0046929074 0.9509745836 -0.3092334867 -0.9407060146 -0.1006930247 -0.3239337206
-123.3 -618.6 2895.4 -0.3391903937 -0.3340516984 0.8794085383 0.0046929074 0.9342146516 0.3566804230 -0.9407060146 0.1251095533 -0.3153089583
413.1 524.2 2632.1 0 0 0 0 0 0 0 0 0
-28.4 -394.3 3009.2 0 0 0 0 0 0 0 0 0
-119.0 -963.7 2668.3 0 0 0 0 0 0 0 0 0
-0.5 -962.1 2849.4 0 0 0 0 0 0 0 0 0
23.2 336.4 2913.5 7 -0.5353842378 -0.0234855749 -0.8442820311 -0.2251307070 0.9674164653 0.1158512235 0.8140515089 0.2520987093 -0.5232269168
27.8 145.3 2863.7 -0.5353842378 -0.0234855749 -0.8442820311 -0.2251307070 0.9674164653 0.1158512235 0.8140515089 0.2520987093 -0.5232269168
30.0 -43.9 2820.5 -0.5359504819 -0.0116657466 -0.8441687822 -0.1938427091 0.9748916626 0.1095956862 0.8216946125 0.2223738283 -0.5247550011
101.0 171.7 2751.5 -0.7111778855 -0.6886906028 0.1411782801 -0.5379449725 0.4038214386 -0.7399618030 0.4525939226 -0.6021906137 -0.6576665044
273.0 301.9 2642.0 -0.5335331559 -0.6886906028 0.4909660220 -0.8446462154 0.4038214386 -0.3514270782 0.0437619276 -0.6021906137 -0.7971520424
-45.4 118.8 2975.8 -0.0451095067 0.1903852075 -0.9806725383 -0.9956334829 0.0717416629 0.0597254261 0.0817259178 0.9790845513 0.1863176525
-57.0 -137.7 2996.9 0.0921788290 0.1919934452 -0.9770576358 -0.9950369000 0.0546938293 -0.0831276253 0.0374790654 0.9798709750 0.1960821748
79.0 -210.9 2705.6 -0.6768630147 0.3950253129 0.6211372018 0.2351164818 0.9156291485 -0.3261035085 -0.6975504756 -0.0746878162 -0.7126324773
-74.4 -566.3 2734.6 -0.6819012165 0.1088978052 0.7232924700 0.1950959861 0.9801096916 0.0363675840 -0.7049455643 0.1659105569 -0.6895834804
-14.5 -246.9 2854.0 -0.3486714065 0.2655024230 0.8988530040 -0.0016516302 0.9588618279 -0.2838684618 -0.9372435808 -0.1004613861 -0.3338891864
-117.4 -618.7 2892.9 -0.3486714065 -0.3225905299 0.8799793124 -0.0016516302 0.9391099811 0.3436127305 -0.9372435808 0.1183545440 -0.3279736042
412.6 522.8 2630.6 0 0 0 0 0 0 0 0 0
-33.0 -397.2 3006.7 0 0 0 0 0 0 0 0 0
-118.8 -966.0 2666.9 0 0 0 0 0 0 0 0 0
0.7 -962.7 2849.6 0 0 0 0 0 0 0 0 0
19.8 337.2 2911.2 8 -0.5441509485 -0.0322850533 -0.8383659124 -0.2294235826 0.9668989182 0.1116751879 0.8070096374 0.2531090677 -0.5335458517
26.2 146.6 2861.3 -0.5441509485 -0.0322850533 -0.8383659124 -0.2294235826 0.9668989182 0.1116751879 0.8070096374 0.2531090677 -0.5335458517
29.9 -42.6 2818.1 -0.5450102687 -0.0195242204 -0.8382019997 -0.1972189695 0.9746629000 0.1055316404 0.8149039745 0.2228251547 -0.5350518227
100.6 173.5 2750.0 -0.7168101668 -0.6789689660 0.1586957574 -0.5372835398 0.3927817047 -0.7463570833 0.4444205165 -0.6202609539 -0.6463487744
273.3 302.9 2643.0 -0.5346549749 -0.6789689660 0.5031353831 -0.8435242772 0.3927817047 -0.3663186133 0.0510965958 -0.6202609539 -0.7827295065
-48.3 119.6 2972.6 -0.0407289714 0.1779311746 -0.9831997156 -0.9959111810 0.0721833333 0.0543186739 0.0806356147 0.9813919067 0.1742636859
-58.8 -137.0 2993.4 0.0970925167 0.1796223372 -0.9789324999 -0.9945467710 0.0551388189 -0.0885238573 0.0380763225 0.9821891785 0.1839963794
80.2 -215.7 2703.8 -0.6709598899 0.3958837092 0.6269680262 0.2285106927 0.9147906899 -0.3330779076 -0.7054046392 -0.0802130252 -0.7042515278
-73.5 -570.8 2734.9 -0.6745921373 0.1111451015 0.7297754288 0.1992632747 0.9793191552 0.0350449085 -0.7107880116 0.1690584719 -0.6827881336
-15.8 -250.5 2850.9 -0.3548847139 0.2404298335 0.9034657478 -0.0045436332 0.9659115076 -0.2588326335 -0.9348990321 -0.0959607586 -0.3416948020
-109.0 -625.1 2888.1 -0.3548847139 -0.3028183281 0.8845099807 -0.0045436332 0.9466384649 0.3222654462 -0.9348990321 0.1103481874 -0.3373234272
413.1 523.6 2629.6 0 0 0 0 0 0 0 0 0
-33.5 -396.4 3003.3 0 0 0 0 0 0 0 0 0
-118.0 -963.5 2667.2 0 0 0 0 0 0 0 0 0
-2.5 -958.2 2849.3 0 0 0 0 0 0 0 0 0
19.4 340.0 2909.1 9 -0.5449354649 -0.0349286720 -0.8377501369 -0.2299647778 0.9670454860 0.1092668846 0.8063259125 0.2521964312 -0.5350097418
26.3 149.2 2859.3 -0.5449354649 -0.0349286720 -0.8377501369 -0.2299647778 0.9670454860 0.1092668846 0.8063259125 0.2521964312 -0.5350097418
30.6 -40.1 2816.3 -0.5458920598 -0.0218801033 -0.8375697732 -0.1972644776 0.9749138355 0.1031005383 0.8143025041 0.2215045244 -0.5365139246
100.9 176.1 2748.1 -0.7242377400 -0.6696040034 0.1646515280 -0.5323207378 0.3911463022 -0.7507590652 0.4383084774 -0.6313754916 -0.6397270560
274.9 304.0 2642.8 -0.5316436291 -0.6696040034 0.5186381340 -0.8460371494 0.3911463022 -0.3622508645 0.0397012345 -0.6313754916 -0.7744603157
-48.2 122.2 2970.6 -0.0387398526 0.1762311310 -0.9835861921 -0.9958864450 0.0738780424 0.0524611957 0.0819107220 0.9815725088 0.1726441830
-58.2 -134.4 2991.7 0.0991579220 0.1779579371 -0.9790294766 -0.9942850471 0.0568336993 -0.0903723910 0.0395593829 0.9823954701 0.1825764328
82.5 -214.1 2701.9 -0.6699424982 0.4017571509 0.6243142486 0.2270457745 0.9115085006 -0.3429321945 -0.7068431973 -0.0879969224 -0.7018755078
-73.5 -567.9 2736.0 -0.6728634238 0.1096545234 0.7315946221 0.2028857917 0.9783869982 0.0399536453 -0.7114015222 0.1753134876 -0.6805681586
-15.1 -249.4 2847.8 -0.4450818002 0.2256644219 0.8665897250 -0.0033272847 0.9673035145 -0.2535997033 -0.8954837322 -0.1157560125 -0.4297783673
-102.7 -624.7 2892.7 -0.4450818002 -0.2764682770 0.8517438173 -0.0033272847 0.9516524076 0.3071590066 -0.8954837322 0.1338768899 -0.4244830608
413.9 525.2 2632.4 0 0 0 0 0 0 0 0 0
-32.3 -393.8 3002.0 0 0 0 0 0 0 0 0 0
-117.9 -964.6 2665.0 0 0 0 0 0 0 0 0 0
-6.0 -957.4 2845.9 0 0 0 0 0 0 0 0 0
26.5 337.2 2919.5 0 -0.4965436161 -0.0226074681 -0.8677173257 -0.2469140738 0.9620416760 0.1162294298 0.8321525455 0.2719646096 -0.4832777381
31.0 147.8 2866.0 -0.4965436161 -0.0226074681 -0.8677173257 -0.2469140738 0.9620416760 0.1162294298 0.8321525455 0.2719646096 -0.4832777381
33.5 -40.5 2819.1 -0.4971176982 -0.0134664252 -0.8675786257 -0.2161638141 0.9702761173 0.1088001728 0.8403256536 0.2416255921 -0.4852523804
98.8 177.4 2751.4 -0.7257198095 -0.6703578830 0.1547614634 -0.5230044127 0.3913988173 -0.7571482062 0.4469867945 -0.6304183602 -0.6346459985
276.9 305.7 2641.7 -0.5282270312 -0.6703578830 0.5211492181 -0.8483827710 0.3913988173 -0.3564457893 0.0349690467 -0.6304183602 -0.7754675150
-36.8 118.3 2980.6 -0.0299370978 0.2322100252 -0.9722048640 -0.9974973798 0.0553877987 0.0439452454 0.0640528128 0.9710873961 0.2299707532
-44.5 -138.7 2997.1 0.1051001027 0.2340431064 -0.9665287137 -0.9943636656 0.0383747667 -0.0988344923 0.0139587820 0.9714685678 0.2367571592
83.7 -211.6 2700.4 -0.7059047818 0.4046730697 0.5813244581 0.2477790415 0.9099508524 -0.3325582147 -0.6635540724 -0.0907144099 -0.7426081896
-73.4 -564.9 2735.6 -0.7127813101 0.1101247594 0.6926870346 0.1958883852 0.9795542359 0.0458394811 -0.6734764576 0.1683628708 -0.7197801471
-14.1 -247.0 2846.3 -0.5731400847 0.2319529355 0.7859441638 -0.0051335632 0.9580680132 -0.2864948213 -0.8194413185 -0.1682363749 -0.5479164720
-104.0 -618.3 2911.5 -0.5731400847 -0.2738650143 0.7723395228 -0.0051335632 0.9436826110 0.3308122754 -0.8194413185 0.1856369376 -0.5422682762
415.0 527.6 2632.6 0 0 0 0 0 0 0 0 0
-17.1 -398.0 3000.7 0 0 0 0 0 0 0 0 0
-118.1 -962.8 2667.2 0 0 0 0 0 0 0 0 0
-4.7 -960.5 2844.2 0 0 0 0 0 0 0 0 0
27.0 335.6 2913.3 1 -0.5122519135 -0.0208377913 -0.8585823774 -0.2264830470 0.9675957561 0.1116419584 0.8284342885 0.2516431808 -0.5003721714
31.1 145.1 2863.7 -0.5122519135 -0.0208377913 -0.8585823774 -0.2264830470 0.9675957561 0.1116419584 0.8284342885 0.2516431808 -0.5003721714
33.0 -44.2 2820.8 -0.5127544999 -0.0098967217 -0.8584782481 -0.1947154701 0.9752172828 0.1050577313 0.8361631036 0.2210278213 -0.5019741058
101.1 171.7 2749.6 -0.7119309902 -0.6870284081 0.1454176009 -0.5413964987 0.4050785005 -0.7367504835 0.4472629428 -0.6032440662 -0.6603426933
274.5 303.5 2640.7 -0.5323543549 -0.6870284081 0.4945612550 -0.8456484079 0.4050785005 -0.3475488424 0.0384398028 -0.6032440662 -0.7966297865
