27.7 339.0 2859.1 4 -0.3663311601 -0.0061343620 -0.9304643273 -0.2547044456 0.9624458551 0.0939339474 0.8949453235 0.2714043260 -0.3541363776
28.9 150.0 2805.8 -0.3663311601 -0.0061343620 -0.9304643273 -0.2547044456 0.9624458551 0.0939339474 0.8949453235 0.2714043260 -0.3541363776
29.1 -38.7 2760.0 -0.3664600551 -0.0009190212 -0.9304333329 -0.2193589807 0.9718961716 0.0854366496 0.9042060971 0.2354080230 -0.3563627303
78.9 179.9 2682.4 -0.6607067585 -0.7097631097 -0.2443417013 -0.1690386087 0.4578309953 -0.8728211522 0.7313634753 -0.5353756547 -0.4224694073
261.2 226.5 2480.6 -0.6271564960 -0.7097631097 0.3207974732 -0.7567818761 0.4578309953 -0.4665533006 0.1842713058 -0.5353756547 -0.8242675662
-21.1 120.1 2929.1 0.0030898582 0.3676640987 -0.9299535155 -0.9973162413 0.0691589192 0.0240288191 0.0731491148 0.9273834825 0.3668910861
-20.3 -136.8 2948.0 0.1294848472 0.3699391484 -0.9199883938 -0.9915728569 0.0521612614 -0.1185853779 0.0041183825 0.9275905490 0.3735757172
60.7 -210.4 2633.2 -0.7895370126 0.3697611094 0.4898040295 0.1906163245 0.9063917994 -0.3769870996 -0.5833495259 -0.2042806298 -0.7861124277
-82.9 -562.2 2712.5 -0.7952290177 0.0892298296 0.5997073054 0.1395308077 0.9894961715 0.0377957188 -0.5900356174 0.1137338951 -0.7993263602
-7.4 -248.0 2794.1 -0.6387048364 0.0678660423 0.7664530873 -0.0334751084 0.9927088022 -0.1157956421 -0.7687233090 -0.0996163338 -0.6317760944
-33.7 -632.9 2832.7 -0.6397074461 0.0975954607 0.7623972297 -0.0432842560 0.9857575893 -0.1625067890 -0.7673987746 -0.1369566023 -0.6263720989
423.5 422.4 2432.9 0 0 0 0 0 0 0 0 0
13.5 -395.4 2949.0 0 0 0 0 0 0 0 0 0
-118.8 -961.2 2666.6 0 0 0 0 0 0 0 0 0
-70.1 -1000.2 2883.8 0 0 0 0 0 0 0 0 0
25.6 336.1 2859.0 5 -0.3728419840 -0.0059447191 -0.9278758168 -0.2474336624 0.9644075036 0.0932457969 0.8942960501 0.2643536627 -0.3610425293
26.8 147.1 2807.2 -0.3728419840 -0.0059447191 -0.9278758168 -0.2474336624 0.9644075036 0.0932457969 0.8942960501 0.2643536627 -0.3610425293
27.2 -41.7 2762.0 -0.3729688823 -0.0020359163 -0.9278416038 -0.2166321725 0.9725505710 0.0849466398 0.9021999240 0.2326827943 -0.3631721437
77.7 176.6 2684.0 -0.6547467709 -0.7127649188 -0.2515408397 -0.1768082976 0.4679882228 -0.8658670783 0.7348778844 -0.5224491954 -0.4324365556
260.2 225.9 2479.2 -0.6295273304 -0.7127649188 0.3092919588 -0.7552917600 0.4679882228 -0.4588260651 0.1822901219 -0.5224491954 -0.8329568505
-24.1 117.5 2930.4 0.0019496707 0.3611350954 -0.9325114489 -0.9970900416 0.0717674121 0.0257087834 0.0762082785 0.9297477603 0.3602241278
-23.6 -139.4 2950.0 0.1288982779 0.3633993268 -0.9226733446 -0.9916253090 0.0547677800 -0.1169603691 0.0080294516 0.9300222397 0.3674154580
62.1 -207.7 2633.4 -0.7848010063 0.3711534739 0.4963189363 0.1905941218 0.9065703154 -0.3765688837 -0.5897128582 -0.2009361833 -0.7822169662
-82.0 -559.6 2711.4 -0.7907993793 0.0918845534 0.6051393151 0.1381964833 0.9899417758 0.0302828476 -0.5962701440 0.1075757816 -0.7955434322
-3.5 -246.9 2795.2 -0.6338233948 0.0893039182 0.7683051229 -0.0421755053 0.9878443480 -0.1496152878 -0.7723271251 -0.1272333264 -0.6223524213
-38.1 -630.0 2844.5 -0.6325683594 0.0751268342 0.7708522677 -0.0242266338 0.9928780198 -0.1166459396 -0.7741255164 -0.0924616903 -0.6262431741
423.3 421.5 2432.0 0 0 0 0 0 0 0 0 0
10.0 -398.0 2952.1 0 0 0 0 0 0 0 0 0
-119.4 -963.0 2667.6 0 0 0 0 0 0 0 0 0
-66.1 -999.8 2879.0 0 0 0 0 0 0 0 0 0
28.8 331.9 2859.5 6 -0.3478943706 0.0070489128 -0.9375072122 -0.2417589426 0.9654786587 0.0969722122 0.9058267474 0.2603868544 -0.3341804445
27.4 142.7 2808.5 -0.3478943706 0.0070489128 -0.9375072122 -0.2417589426 0.9654786587 0.0969722122 0.9058267474 0.2603868544 -0.3341804445
25.5 -46.2 2763.9 -0.3476340771 0.0099011157 -0.9375780225 -0.2119897157 0.9732218981 0.0888788328 0.9133514762 0.2296542078 -0.3362261951
74.8 171.6 2683.8 -0.6650113463 -0.7109071016 -0.2288470864 -0.1859942675 0.4544186294 -0.8711543083 0.7233021259 -0.5367633104 -0.4344182014
263.4 224.4 2478.7 -0.6208429337 -0.7109071016 0.3304015100 -0.7640554905 0.4544186294 -0.4579550922 0.1754229367 -0.5367633104 -0.8252950907
-20.1 113.7 2933.1 -0.0010729682 0.3884777725 -0.9214574695 -0.9968454838 0.0727107823 0.0318149328 0.0793592930 0.9185848832 0.3871743083
-20.4 -143.1 2953.6 0.1238392591 0.3906586766 -0.9121675491 -0.9922739267 0.0557043999 -0.1108579934 0.0075041098 0.9188486338 0.3945388198
61.0 -211.1 2636.1 -0.7960636020 0.3686667085 0.4799662530 0.2043575495 0.9102157950 -0.3602016568 -0.5696672201 -0.1886586994 -0.7999294400
-82.1 -564.4 2709.3 -0.8043646812 0.0927263349 0.5868554115 0.1364539117 0.9901744723 0.0305756070 -0.5782540441 0.1046726555 -0.8091142774
-5.8 -249.9 2797.6 -0.6583183408 0.0930870101 0.7469617128 -0.0626600906 0.9821032286 -0.1776146442 -0.7501271367 -0.1637316644 -0.6407037377
-41.9 -630.7 2861.1 -0.6557235122 0.0584372468 0.7527361512 0.0295457337 0.9982225299 -0.0517572388 -0.7544227839 -0.0116982954 -0.6562845707
423.5 421.4 2433.4 0 0 0 0 0 0 0 0 0
11.9 -402.0 2955.6 0 0 0 0 0 0 0 0 0
-119.4 -962.3 2667.2 0 0 0 0 0 0 0 0 0
-63.6 -1001.6 2865.4 0 0 0 0 0 0 0 0 0
27.6 333.2 2859.7 7 -0.3387982249 0.0092980843 -0.9408131242 -0.2398476154 0.9660603404 0.0959196389 0.9097740650 0.2581491768 -0.3250693977
25.8 143.9 2809.1 -0.3387982249 0.0092980843 -0.9408131242 -0.2398476154 0.9660603404 0.0959196389 0.9097740650 0.2581491768 -0.3250693977
23.8 -45.1 2764.7 -0.3385246992 0.0099587590 -0.9409047961 -0.2123014927 0.9733517766 0.0866853669 0.9166946411 0.2291006446 -0.3273893595
72.0 172.9 2683.9 -0.6706343293 -0.7064805031 -0.2261302769 -0.1858961433 0.4551821053 -0.8707765937 0.7181171179 -0.5419359207 -0.4365927577
262.3 225.6 2480.2 -0.6255596280 -0.7064805031 0.3309991360 -0.7597469687 0.4551821053 -0.4643207490 0.1773686856 -0.5419359207 -0.8214899898
-20.5 114.9 2934.3 0.0018126700 0.3969839811 -0.9178237319 -0.9968046546 0.0740124956 0.0300437827 0.0798573270 0.9148365259 0.3958496451
-20.0 -142.0 2954.9 0.1260683388 0.3992049396 -0.9081531763 -0.9919982553 0.0570068434 -0.1126485765 0.0068010786 0.9150877595 0.4031973481
54.7 -216.1 2637.6 -0.8034653068 0.3525108397 0.4797703326 0.1982496381 0.9182868600 -0.3427043557 -0.5613738298 -0.1802367717 -0.8076968193
-82.1 -572.6 2707.5 -0.8106234670 0.0945063680 0.5778911710 0.1389278620 0.9897519350 0.0330171362 -0.5688485503 0.1070496440 -0.8154457211
-7.6 -254.1 2801.1 -0.6659878492 0.0836764425 0.7412546277 -0.0729168579 0.9816277623 -0.1763238311 -0.7423902750 -0.1714794934 -0.6476507187
-40.0 -635.0 2867.6 -0.6631438732 0.0654859319 0.7456217408 0.0591799058 0.9976340532 -0.0349858403 -0.7461487055 0.0209251791 -0.6654503942
423.6 421.5 2434.4 0 0 0 0 0 0 0 0 0
12.9 -400.8 2956.7 0 0 0 0 0 0 0 0 0
-119.3 -961.6 2665.5 0 0 0 0 0 0 0 0 0
-64.4 -1006.3 2859.9 0 0 0 0 0 0 0 0 0
31.4 332.4 2860.8 8 -0.2919187546 0.0081916880 -0.9564080238 -0.2500185370 0.9645403624 0.0845730156 0.9231869578 0.2638081908 -0.2795193493
29.8 143.2 2809.1 -0.2919187546 0.0081916880 -0.9564080238 -0.2500185370 0.9645403624 0.0845730156 0.9231869578 0.2638081908 -0.2795193493
28.2 -45.8 2764.8 -0.2916376591 0.0078377565 -0.9564967752 -0.2160332203 0.9735894203 0.0738467500 0.9318138957 0.2281715572 -0.2822421193
69.5 172.7 2682.0 -0.6786528230 -0.7031292319 -0.2122253180 -0.1881381720 0.4457406998 -0.8751681447 0.7099537849 -0.5540076494 -0.4347886443
261.2 225.8 2481.5 -0.6274496913 -0.7031292319 0.3345386982 -0.7555006146 0.4457406998 -0.4801396132 0.1884826869 -0.5540076494 -0.8108944297
-10.0 113.8 2936.3 0.0189172141 0.4390613735 -0.8982579112 -0.9966542125 0.0797309503 0.0179824289 0.0795143470 0.8949123621 0.4391006529
-5.2 -143.0 2956.7 0.1393677592 0.4415158331 -0.8863635659 -0.9902404547 0.0627618060 -0.1244379431 0.0006884593 0.8950557113 0.4459538162
52.2 -215.0 2638.1 -0.8254534006 0.3444678485 0.4471784532 0.2045054436 0.9208892584 -0.3318742812 -0.5261218548 -0.1824963242 -0.8305966854
-81.5 -572.5 2709.0 -0.8334411383 0.0981665030 0.5438191295 0.1415101588 0.9891951680 0.0383115485 -0.5341823697 0.1088863462 -0.8383274674
-8.4 -253.0 2802.3 -0.6974768043 0.0750761032 0.7126638293 -0.0529029407 0.9863887429 -0.1556874216 -0.7146519423 -0.1462903768 -0.6840114594
-37.5 -635.7 2859.1 -0.6937624216 0.0732234791 0.7164719701 0.0320359431 0.9969710112 -0.0708699822 -0.7194910645 -0.0262140725 -0.6940067410
423.2 420.9 2432.8 0 0 0 0 0 0 0 0 0
31.2 -401.3 2956.9 0 0 0 0 0 0 0 0 0
-119.9 -959.8 2666.3 0 0 0 0 0 0 0 0 0
-64.8 -1007.0 2868.8 0 0 0 0 0 0 0 0 0
28.8 331.1 2859.9 9 -0.2673514187 -0.0025564414 -0.9635956883 -0.2580116689 0.9636726379 0.0690291747 0.9284143448 0.2670739889 -0.2582988441
29.3 142.3 2807.6 -0.2673514187 -0.0025564414 -0.9635956883 -0.2580116689 0.9636726379 0.0690291747 0.9284143448 0.2670739889 -0.2582988441
28.2 -46.4 2762.0 -0.2673062682 0.0052002189 -0.9635975957 -0.2249476463 0.9720197916 0.0676471516 0.9369876981 0.2348415256 -0.2586571872
65.7 173.0 2679.7 -0.6852781177 -0.6948403120 -0.2181533873 -0.1865105331 0.4569949508 -0.8696950078 0.7039941549 -0.5552950501 -0.4427636564
260.8 226.1 2479.4 -0.6309373379 -0.6948403120 0.3451305032 -0.7579243183 0.4569949508 -0.4655173421 0.1657373011 -0.5552950501 -0.8149715066
-7.2 111.6 2935.5 0.0290632732 0.4597965479 -0.8875485659 -0.9969785213 0.0773235336 0.0074110152 0.0720359534 0.8846514821 0.4606545568
0.3 -145.2 2954.0 0.1475713402 0.4623950422 -0.8743074536 -0.9890044332 0.0603732355 -0.1350010484 -0.0096390471 0.8846162558 0.4662201107
52.8 -215.4 2637.2 -0.8369692564 0.3446774185 0.4250646830 0.2081543803 0.9188572764 -0.3352208436 -0.5061168075 -0.1920904517 -0.8408014178
-81.0 -572.1 2711.7 -0.8446298242 0.0992538407 0.5260695219 0.1479671597 0.9876647592 0.0512250662 -0.5144960284 0.1211072281 -0.8488974571
0.6 -254.1 2803.9 -0.7088745236 0.1131910086 0.6961929798 0.0036290223 0.9876115918 -0.1568763703 -0.7053252459 -0.1086791679 -0.7005034685
-43.2 -636.8 2846.0 -0.7103905678 0.0433595926 0.7024707794 -0.0246364195 0.9959568381 -0.0863890201 -0.7033763528 -0.0786763132 -0.7064501047
424.0 422.2 2436.5 0 0 0 0 0 0 0 0 0
38.8 -403.2 2951.5 0 0 0 0 0 0 0 0 0
-119.9 -959.0 2664.3 0 0 0 0 0 0 0 0 0
-59.4 -1007.5 2875.3 0 0 0 0 0 0 0 0 0
24.6 331.9 2860.9 0 -0.2919748425 -0.0128585557 -0.9563395381 -0.2587873042 0.9636733532 0.0660517886 0.9207496047 0.2667739987 -0.2846960127
27.2 143.0 2808.6 -0.2919748425 -0.0128585557 -0.9563395381 -0.2587873042 0.9636733532 0.0660517886 0.9207496047 0.2667739987 -0.2846960127
28.5 -45.6 2762.7 -0.2922852635 -0.0071111978 -0.9563047290 -0.2287082523 0.9714751244 0.0626784489 0.9285805821 0.2370347828 -0.2855742574
67.0 174.3 2681.9 -0.6769856811 -0.7003297210 -0.2263375670 -0.1804998666 0.4561159909 -0.8714229465 0.7135195732 -0.5490869880 -0.4351934195
259.7 225.6 2478.9 -0.6315521598 -0.7003297210 0.3326862454 -0.7544308305 0.4561159909 -0.4720088542 0.1788183004 -0.5490869880 -0.8164113760
-12.7 111.8 2935.4 0.0329099074 0.4342142344 -0.9002082944 -0.9969437718 0.0781129748 0.0012313125 0.0708526000 0.8974164724 0.4354578555
-4.3 -145.1 2953.7 0.1536331773 0.4369121492 -0.8862869740 -0.9880999923 0.0611831248 -0.1411205381 -0.0074314671 0.8974209428 0.4411126673
51.1 -214.9 2632.5 -0.8282263875 0.3453855813 0.4413046837 0.1921301484 0.9147710800 -0.3553587794 -0.5264285803 -0.2095295787 -0.8239965439
-82.9 -570.0 2713.9 -0.8334417939 0.0951742530 0.5443496704 0.1471811384 0.9877070189 0.0526548363 -0.5326466560 0.1240027547 -0.8372042179
3.3 -255.2 2800.3 -0.6876329780 0.1269047260 0.7148818374 0.0102728037 0.9862084389 -0.1651889682 -0.7259857655 -0.1062455401 -0.6794531345
-45.9 -637.7 2841.5 -0.6911712885 0.0221980587 0.7223500013 -0.0634512007 0.9938042760 -0.0912524015 -0.7199001312 -0.1089050099 -0.6854804754
423.3 421.1 2432.5 0 0 0 0 0 0 0 0 0
35.8 -402.9 2951.7 0 0 0 0 0 0 0 0 0
-120.8 -962.5 2664.6 0 0 0 0 0 0 0 0 0
-54.2 -1007.9 2882.0 0 0 0 0 0 0 0 0 0
26.5 335.1 2861.5 1 -0.3047795594 0.0003479662 -0.9524228573 -0.2508064210 0.9646750093 0.0806116164 0.9188066125 0.2634425461 -0.2939259708
26.5 146.0 2809.8 -0.3047795594 0.0003479662 -0.9524228573 -0.2508064210 0.9646750093 0.0806116164 0.9188066125 0.2634425461 -0.2939259708
25.8 -42.5 2763.8 -0.3047268987 0.0035539463 -0.9524331093 -0.2246780097 0.9715029597 0.0755098686 0.9255599976 0.2370006740 -0.2952446043
68.1 176.7 2683.4 -0.6725516319 -0.7022191882 -0.2335862219 -0.1714212000 0.4548737407 -0.8739019632 0.7199229598 -0.5477025509 -0.4263013303
259.4 225.5 2478.6 -0.6307826042 -0.7022191882 0.3301537335 -0.7542319894 0.4548737407 -0.4735229313 0.1823386252 -0.5477025509 -0.8165626526
-15.1 115.4 2936.2 0.0187881179 0.4261118770 -0.9044753909 -0.9972906709 0.0723379403 0.0133633716 0.0711221769 0.9017737508 0.4263164699
-10.3 -141.6 2954.5 0.1404519230 0.4285842776 -0.8925182223 -0.9900695086 0.0553620905 -0.1292184740 -0.0059693316 0.9018040299 0.4321039617
56.1 -213.6 2633.6 -0.8201102614 0.3590285778 0.4455531836 0.2034138143 0.9107240438 -0.3594502509 -0.5348289013 -0.2041571736 -0.8199255466
-83.3 -567.2 2712.8 -0.8270079494 0.0942882299 0.5542269945 0.1461024135 0.9880088568 0.0499258451 -0.5428737998 0.1222629771 -0.8308669329
3.8 -254.6 2799.8 -0.6841946840 0.1334368140 0.7169882655 -0.0102568483 0.9812614918 -0.1924077272 -0.7292272449 -0.1389983892 -0.6700052619
-48.0 -635.2 2853.7 -0.6846268177 0.0104427030 0.7288189530 -0.0336409435 0.9983791709 -0.0459061489 -0.7281169891 -0.0559467375 -0.6831658483
423.2 421.3 2431.3 0 0 0 0 0 0 0 0 0
26.3 -399.8 2953.0 0 0 0 0 0 0 0 0 0
-121.4 -966.1 2663.4 0 0 0 0 0 0 0 0 0
-51.9 -1006.9 2874.5 0 0 0 0 0 0 0 0 0
28.5 334.7 2849.2 2 -0.3656456769 0.0059561045 -0.9307350516 -0.2300469577 0.9683760405 0.0965725109 0.9018767476 0.2494240850 -0.3527123332
27.3 145.1 2800.4 -0.3656456769 0.0059561045 -0.9307350516 -0.2300469577 0.9683760405 0.0965725109 0.9018767476 0.2494240850 -0.3527123332
25.8 -44.1 2756.8 -0.3654801250 0.0074542579 -0.9307892919 -0.2060597539 0.9745096564 0.0887150168 0.9077244401 0.2242217809 -0.3546278775
77.1 173.2 2676.7 -0.6631990671 -0.7082684040 -0.2419149876 -0.1890656054 0.4712806344 -0.8614805937 0.7241693139 -0.5255953074 -0.4464620650
258.8 225.0 2478.3 -0.6322730184 -0.7082684040 0.3139851689 -0.7546365857 0.4712806344 -0.4565284252 0.1753695458 -0.5255953074 -0.8324632645
-22.5 117.0 2924.1 -0.0050602034 0.3709621131 -0.9286342263 -0.9964236617 0.0764585659 0.0359725468 0.0843464881 0.9254950881 0.3692485094
-23.8 -139.6 2945.8 0.1210554168 0.3730894625 -0.9198639989 -0.9925327897 0.0594734736 -0.1064967662 0.0149746863 0.9258872271 0.3775031269
52.4 -211.0 2634.9 -0.7944333553 0.3482978344 0.4975582957 0.1789334714 0.9170873165 -0.3562774658 -0.5803951025 -0.1940088719 -0.7908869386
-82.8 -566.9 2710.2 -0.7985639572 0.0956163183 0.5942668915 0.1420637816 0.9893491864 0.0317182168 -0.5849046707 0.1097528264 -0.8036422133
-2.2 -251.2 2800.7 -0.6442419887 0.1014234796 0.7580670118 -0.0549279936 0.9824731350 -0.1781277508 -0.7628467679 -0.1563964635 -0.6273794174
-41.5 -632.2 2861.4 -0.6425638199 0.0468317308 0.7647996545 0.0086778421 0.9985111952 -0.0538519360 -0.7661830187 -0.0279664956 -0.6420136094
423.3 421.3 2432.7 0 0 0 0 0 0 0 0 0
7.8 -398.5 2949.7 0 0 0 0 0 0 0 0 0
-121.6 -967.7 2665.8 0 0 0 0 0 0 0 0 0
-59.0 -1004.1 2871.8 0 0 0 0 0 0 0 0 0
28.8 334.0 2855.6 3 -0.3948177993 -0.0002934160 -0.9187594056 -0.2521949112 0.9616230726 0.1080684289 0.8834685087 0.2743737698 -0.3797399104
28.9 145.9 2801.9 -0.3948177993 -0.0002934160 -0.9187594056 -0.2521949112 0.9616230726 0.1080684289 0.8834685087 0.2743737698 -0.3797399104
27.8 -42.4 2754.8 -0.3947358727 0.0053690351 -0.9187789559 -0.2210156322 0.9700654149 0.1006238908 0.8918159604 0.2427843660 -0.3817330003
82.7 176.0 2680.3 -0.6459078789 -0.7134599090 -0.2716210485 -0.1786133200 0.4871536493 -0.8548558950 0.7422266006 -0.5036430359 -0.4420898259
258.7 224.7 2478.1 -0.6336787939 -0.7134599090 0.2990421057 -0.7553435564 0.4871536493 -0.4383348525 0.1670549065 -0.5036430359 -0.8476062417
-25.0 115.8 2923.5 -0.0122686978 0.3422159553 -0.9395412207 -0.9977758527 0.0573782623 0.0339284390 0.0655200928 0.9378677607 0.3407508731
-28.1 -141.2 2940.4 0.1160565391 0.3442538083 -0.9316760302 -0.9932426214 0.0403758921 -0.1088068560 0.0001600771 0.9380080700 0.3466134071
56.9 -214.8 2632.2 -0.7840780616 0.3578489423 0.5071151257 0.1710643917 0.9100057483 -0.3776592910 -0.5966226459 -0.2093650103 -0.7747307420
-82.0 -568.0 2713.4 -0.7863323689 0.0958219618 0.6103273630 0.1497484744 0.9880006909 0.0378156267 -0.5993803144 0.1211312488 -0.7912461758
-8.4 -251.6 2794.4 -0.6217364073 0.0951271355 0.7774282098 -0.0503440127 0.9856904149 -0.1608722210 -0.7816068530 -0.1391589791 -0.6080505848
-45.3 -634.0 2848.4 -0.6214102507 0.0311695710 0.7828651071 -0.0385162905 0.9967848659 -0.0702595785 -0.7825380564 -0.0738130808 -0.6182118058
423.6 421.3 2434.6 0 0 0 0 0 0 0 0 0
2.1 -400.3 2940.5 0 0 0 0 0 0 0 0 0
-120.6 -966.0 2664.6 0 0 0 0 0 0 0 0 0
-56.9 -1005.3 2875.9 0 0 0 0 0 0 0 0 0
31.0 332.0 2857.8 4 -0.3881445825 -0.0013813025 -0.9215974808 -0.2603167593 0.9594416618 0.1081982777 0.8840695620 0.2819038332 -0.3727616668
31.3 144.5 2802.7 -0.3881445825 -0.0013813025 -0.9215974808 -0.2603167593 0.9594416618 0.1081982777 0.8840695620 0.2819038332 -0.3727616668
30.8 -43.3 2753.7 -0.3881289959 0.0024244084 -0.9216018915 -0.2314966470 0.9676783681 0.1000395194 0.8920567036 0.2521759868 -0.3750227690
84.2 176.1 2680.9 -0.6480152011 -0.7138490081 -0.2655105889 -0.1732701808 0.4776436090 -0.8612978458 0.7416560650 -0.5121290684 -0.4332090914
262.4 223.7 2477.0 -0.6235724092 -0.7138490081 0.3187115788 -0.7663602233 0.4776436090 -0.4295911491 0.1544326544 -0.5121290684 -0.8449108601
-21.7 112.9 2924.4 -0.0073383939 0.3478093147 -0.9375365973 -0.9983972311 0.0500662886 0.0263884682 0.0561171323 0.9362275600 0.3468844593
-23.6 -144.3 2938.9 0.1206400543 0.3499280214 -0.9289759994 -0.9926455617 0.0330608524 -0.1164550036 -0.0100381309 0.9361929893 0.3513429761
62.1 -210.9 2627.9 -0.7869223356 0.3697633445 0.4939922690 0.1773407459 0.9023181200 -0.3929024339 -0.5910190940 -0.2215787321 -0.7756283283
-81.4 -561.1 2713.9 -0.7904999852 0.0951184556 0.6050308347 0.1447191685 0.9889016151 0.0336143188 -0.5951185822 0.1141316742 -0.7954921722
-8.5 -250.4 2787.4 -0.6286640167 0.0946592465 0.7718945146 -0.0701017305 0.9816257358 -0.1774729490 -0.7745109797 -0.1656820029 -0.6104770303
-45.2 -631.2 2851.7 -0.6280124784 0.0288934950 0.7776666880 -0.0306314044 0.9976182580 -0.0618022867 -0.7776001692 -0.0626336336 -0.6256316900
424.1 422.4 2436.9 0 0 0 0 0 0 0 0 0
7.9 -403.2 2936.3 0 0 0 0 0 0 0 0 0
-120.5 -967.7 2667.0 0 0 0 0 0 0 0 0 0
-56.0 -1003.2 2875.1 0 0 0 0 0 0 0 0 0
31.7 330.7 2844.9 5 -0.4012370408 -0.0037481349 -0.9159665704 -0.2406140119 0.9653044939 0.1014503837 0.8838064075 0.2611000538 -0.3882177770
32.4 143.0 2794.1 -0.4012370408 -0.0037481349 -0.9159665704 -0.2406140119 0.9653044939 0.1014503837 0.8838064075 0.2611000538 -0.3882177770
32.8 -45.7 2748.6 -0.4013156295 -0.0023601286 -0.9159367681 -0.2156929076 0.9721175432 0.0920004696 0.8901810646 0.2344823033 -0.3906350136
87.2 172.5 2672.6 -0.6596378684 -0.7095554471 -0.2478082478 -0.1873231977 0.4745230973 -0.8600801229 0.7278652787 -0.5209212303 -0.4459296167
264.4 222.8 2477.0 -0.6245935559 -0.7095554471 0.3262115717 -0.7657757401 0.4745230973 -0.4340683818 0.1532006562 -0.5209212303 -0.8397443891
-22.4 113.5 2915.6 -0.0073267850 0.3335877955 -0.9426905513 -0.9972054362 0.0676533282 0.0316908173 0.0743478239 0.9402883649 0.3321598768
-24.3 -143.3 2934.8 0.1216840595 0.3357223272 -0.9340682626 -0.9925183654 0.0506523848 -0.1110930890 0.0100163547 0.9405981302 0.3393741548
65.1 -210.4 2624.9 -0.7740241289 0.3805743754 0.5060136914 0.1752225012 0.8967334032 -0.4064066112 -0.6084272861 -0.2259035259 -0.7607784271
-82.7 -558.5 2712.6 -0.7777205706 0.0929266363 0.6217036247 0.1409388930 0.9896111488 0.0283894688 -0.6126067042 0.1097012982 -0.7827379107
-4.4 -251.9 2784.6 -0.6162999272 0.0957995206 0.7816628814 -0.0796055198 0.9799105525 -0.1828612387 -0.7834777236 -0.1749220490 -0.5962926745
-41.6 -632.1 2852.5 -0.6144030690 0.0510411263 0.7873396277 -0.0236914586 0.9962618351 -0.0830727071 -0.7886365056 -0.0696933493 -0.6108971238
425.0 419.7 2437.7 0 0 0 0 0 0 0 0 0
7.4 -402.2 2937.4 0 0 0 0 0 0 0 0 0
-121.0 -967.1 2667.3 0 0 0 0 0 0 0 0 0
-60.6 -1003.7 2878.5 0 0 0 0 0 0 0 0 0
27.7 328.7 2850.9 6 -0.4545992017 -0.0135606593 -0.8905928731 -0.2677249312 0.9557266235 0.1221065819 0.8495074511 0.2939434648 -0.4381030798
30.4 143.1 2793.8 -0.4545992017 -0.0135606593 -0.8905928731 -0.2677249312 0.9557266235 0.1221065819 0.8495074511 0.2939434648 -0.4381030798
32.2 -44.0 2742.7 -0.4549373388 -0.0087293368 -0.8904806376 -0.2385942340 0.9645880461 0.1124395132 0.8579655290 0.2636165023 -0.4409098923
92.4 175.6 2676.9 -0.6477899551 -0.7147414684 -0.2636528313 -0.1679791063 0.4715746045 -0.8656791449 0.7430688143 -0.5164901018 -0.4255429208
267.0 220.9 2476.6 -0.6192855835 -0.7147414684 0.3250076771 -0.7699070573 0.4715746045 -0.4299541116 0.1540406793 -0.5164901018 -0.8423238397
-31.7 110.6 2910.8 -0.0184367560 0.2778784633 -0.9604393244 -0.9989076257 0.0361339822 0.0296296403 0.0429379381 0.9599363804 0.2769086957
-36.4 -146.6 2921.8 0.1140147895 0.2798708081 -0.9532433748 -0.9933881164 0.0191348828 -0.1131984144 -0.0134407319 0.9598469734 0.2802020013
69.2 -215.0 2623.4 -0.7497323751 0.3918876946 0.5332216620 0.1681692600 0.8921652436 -0.4192377329 -0.6400159597 -0.2246446311 -0.7347886562
-82.9 -561.3 2710.6 -0.7526497841 0.0924108922 0.6519037485 0.1402054429 0.9898878932 0.0215509981 -0.6433200836 0.1076208130 -0.7579954267
-2.7 -253.6 2782.8 -0.5724998713 0.1019580811 0.8135406971 -0.0778336525 0.9809986949 -0.1777175963 -0.8162021041 -0.1650641412 -0.5536858439
-42.2 -634.4 2846.9 -0.5713195801 0.0454639904 0.8194674850 -0.0453480557 0.9951905608 -0.0868290290 -0.8194739223 -0.0867683813 -0.5665101409
425.7 418.2 2437.2 0 0 0 0 0 0 0 0 0
-6.7 -405.6 2918.3 0 0 0 0 0 0 0 0 0
-120.7 -966.2 2666.6 0 0 0 0 0 0 0 0 0
-59.2 -1005.7 2879.2 0 0 0 0 0 0 0 0 0
25.2 333.9 2857.4 7 -0.4514966011 -0.0225831680 -0.8919870257 -0.2819646597 0.9520639181 0.1186177209 0.8465499282 0.3050643206 -0.4362212718
29.6 148.3 2798.0 -0.4514966011 -0.0225831680 -0.8919870257 -0.2819646597 0.9520639181 0.1186177209 0.8465499282 0.3050643206 -0.4362212718
32.9 -38.6 2746.0 -0.4522271454 -0.0167589020 -0.8917453289 -0.2463978678 0.9632604718 0.1068518236 0.8571923375 0.2680454552 -0.4397419095
91.3 181.9 2681.0 -0.6523200274 -0.7142919302 -0.2535066605 -0.1374394298 0.4403956532 -0.8872215152 0.7453784347 -0.5439105630 -0.3854507804
269.2 219.4 2477.8 -0.6102682948 -0.7142919302 0.3425779343 -0.7723857164 0.4403956532 -0.4576810896 0.1760480702 -0.5439105630 -0.8204684258
-32.1 114.7 2914.9 -0.0103010144 0.2782959938 -0.9604400992 -0.9992030859 0.0341758244 0.0206195060 0.0385621600 0.9598871469 0.2777221799
-34.8 -142.6 2924.9 0.1221564338 0.2804302573 -0.9520696998 -0.9923487902 0.0171749666 -0.1222656444 -0.0179352220 0.9597207308 0.2803826630
74.7 -209.8 2615.0 -0.7526258230 0.3977857232 0.5247102380 0.1624253839 0.8844230175 -0.4375087321 -0.6381005645 -0.2440541089 -0.7302501202
-79.7 -553.1 2709.7 -0.7545521259 0.0953846350 0.6492710114 0.1438536197 0.9893581271 0.0218329392 -0.6402790546 0.1098740771 -0.7602436543
-6.6 -252.5 2768.3 -0.5745013952 0.1203156412 0.8096124530 -0.0978264436 0.9719539285 -0.2138587385 -0.8126365542 -0.2020636499 -0.5466188192
-53.3 -629.4 2846.7 -0.5748094320 -0.0063153361 0.8182629347 -0.0743886903 0.9962329268 -0.0445673056 -0.8148990273 -0.0864872187 -0.5731138587
425.3 417.0 2432.8 0 0 0 0 0 0 0 0 0
-2.9 -401.5 2920.2 0 0 0 0 0 0 0 0 0
-119.8 -969.9 2663.4 0 0 0 0 0 0 0 0 0
-50.9 -1000.7 2878.9 0 0 0 0 0 0 0 0 0
28.5 336.7 2857.2 8 -0.4281208813 -0.0161197018 -0.9035776854 -0.2762330174 0.9543228745 0.1138559803 0.8604695201 0.2983421087 -0.4130183458
31.6 150.1 2798.9 -0.4281208813 -0.0161197018 -0.9035776854 -0.2762330174 0.9543228745 0.1138559803 0.8604695201 0.2983421087 -0.4130183458
34.4 -37.1 2747.5 -0.4286089540 -0.0138325281 -0.9033842087 -0.2449698150 0.9642071128 0.1014616340 0.8696460128 0.2647892237 -0.4166563749
90.2 183.5 2680.2 -0.6684625149 -0.6974439621 -0.2583211362 -0.1203277856 0.4441640079 -0.8878285885 0.7339475751 -0.5623968840 -0.3808288872
275.1 216.8 2477.1 -0.5980825424 -0.6974439621 0.3948027194 -0.7930914760 0.4441640079 -0.4168023467 0.1153391227 -0.5623968840 -0.8187836409
-26.9 116.6 2917.6 -0.0052040075 0.3031522334 -0.9529279470 -0.9990787506 0.0390168577 0.0178683605 0.0425970852 0.9521430731 0.3026699126
-28.2 -140.8 2928.5 0.1257052869 0.3053520024 -0.9439058900 -0.9919153452 0.0220161024 -0.1249768063 -0.0173807908 0.9519850016 0.3056508899
76.7 -203.5 2617.3 -0.7591736317 0.4048962295 0.5096218586 0.1804183275 0.8831878901 -0.4329300225 -0.6253835559 -0.2367239296 -0.7435436249
-80.4 -546.3 2709.2 -0.7644663453 0.0922982842 0.6380221248 0.1331486702 0.9909639955 0.0161803216 -0.6307635307 0.0973211005 -0.7698480487
-4.2 -247.6 2770.7 -0.5945233703 0.1066133454 0.7969790101 -0.0978766233 0.9742049575 -0.2033343315 -0.7980990410 -0.1988926381 -0.5687527061
-45.6 -625.6 2847.9 -0.5937319398 0.0309062134 0.8040691018 -0.0396745130 0.9969223142 -0.0676149875 -0.8036841750 -0.0720462278 -0.5906784534
428.1 419.7 2447.6 0 0 0 0 0 0 0 0 0
4.6 -399.5 2924.0 0 0 0 0 0 0 0 0 0
-119.6 -967.0 2667.9 0 0 0 0 0 0 0 0 0
-57.1 -997.1 2874.7 0 0 0 0 0 0 0 0 0
26.9 339.5 2859.6 9 -0.4414182603 -0.0093506714 -0.8972527385 -0.2836279869 0.9501317143 0.1296337098 0.8512961268 0.3117086887 -0.4220575988
28.7 153.9 2798.7 -0.4414182603 -0.0093506714 -0.8972527385 -0.2836279869 0.9501317143 0.1296337098 0.8512961268 0.3117086887 -0.4220575988
30.6 -32.5 2744.9 -0.4417211711 -0.0093814144 -0.8971033096 -0.2527250051 0.9607521892 0.1143912524 0.8608208299 0.2772494853 -0.4267554879
89.0 188.4 2681.2 -0.6705332994 -0.6872688532 -0.2793682814 -0.1105365306 0.4649170935 -0.8784268498 0.7335984707 -0.5581340790 -0.3877107203
276.3 219.3 2476.3 -0.5958611369 -0.6872688532 0.4154648781 -0.8002790213 0.4649170935 -0.3786893487 0.0671046674 -0.5581340790 -0.8270328641
-31.6 119.4 2916.2 -0.0139376931 0.2912081778 -0.9565581679 -0.9994702339 0.0240811165 0.0218940433 0.0294107124 0.9563565850 0.2907182574
-35.2 -138.0 2923.8 0.1178344637 0.2932722867 -0.9487394094 -0.9926149845 0.0070578596 -0.1211021468 -0.0288198330 0.9560028911 0.2919380963
75.5 -202.3 2618.3 -0.7582536340 0.3979852498 0.5163905025 0.1759906411 0.8876033425 -0.4256613851 -0.6277568936 -0.2318793982 -0.7430701852
-79.0 -546.9 2708.3 -0.7631339431 0.0974140316 0.6388561130 0.1336100549 0.9909976125 0.0084922006 -0.6322776079 0.0918382853 -0.7692793608
-1.2 -246.2 2774.0 -0.5859371424 0.1102560312 0.8028208017 -0.0905327871 0.9755922556 -0.2000589073 -0.8052834868 -0.1899035573 -0.5616539717
-44.0 -624.8 2847.7 -0.5846107602 0.0411190577 0.8102712631 -0.0406472422 0.9959762096 -0.0798700675 -0.8102950454 -0.0796281919 -0.5805870295
429.7 425.3 2459.0 0 0 0 0 0 0 0 0 0
-4.5 -397.0 2916.3 0 0 0 0 0 0 0 0 0
-120.1 -965.3 2669.5 0 0 0 0 0 0 0 0 0
-59.4 -996.3 2877.4 0 0 0 0 0 0 0 0 0
28.9 336.9 2861.8 0 -0.4000787139 -0.0057236366 -0.9164628983 -0.2949742675 0.9475745559 0.1228520572 0.8677137494 0.3194834888 -0.3807927370
30.0 152.2 2799.5 -0.4000787139 -0.0057236366 -0.9164628983 -0.2949742675 0.9475745559 0.1228520572 0.8677137494 0.3194834888 -0.3807927370
31.1 -33.8 2744.2 -0.4002687037 -0.0058279806 -0.9163792729 -0.2636222541 0.9584418535 0.1090530604 0.8776606917 0.2852284908 -0.3851706684
84.6 188.2 2679.8 -0.6907494664 -0.6670296788 -0.2791711986 -0.1124444231 0.4804684222 -0.8697737455 0.7142978311 -0.5694044828 -0.4068870842
282.4 220.4 2475.3 -0.5787884593 -0.6670296788 0.4691218734 -0.8154160380 0.4804684222 -0.3228727281 -0.0100325495 -0.5694044828 -0.8219962716
-24.6 116.2 2919.3 -0.0036139197 0.3336131573 -0.9427031279 -0.9997583032 0.0192393959 0.0106412731 0.0216871072 0.9425137043 0.3334629834
-25.6 -141.3 2924.9 0.1252432019 0.3358086348 -0.9335666299 -0.9912248254 0.0022540477 -0.1321675777 -0.0422787070 0.9419275522 0.3331441581
72.0 -196.4 2614.0 -0.7879076600 0.3824824095 0.4826062322 0.1720483899 0.8892355561 -0.4238625467 -0.5912705660 -0.2509329319 -0.7664409876
-76.5 -541.5 2711.4 -0.7911340594 0.1016730070 0.6031330824 0.1438516527 0.9893566966 0.0219107028 -0.5944859982 0.1040959880 -0.7973396182
-7.1 -241.6 2768.2 -0.6217480898 0.0833120793 0.7787736654 -0.1023032740 0.9771689773 -0.1862117946 -0.7765071392 -0.1954479218 -0.5990298390
-39.5 -620.8 2844.0 -0.6191163063 0.0581993796 0.7831397653 -0.0268248040 0.9951006770 -0.0951578766 -0.7848410606 -0.0799213648 -0.6145218611
432.2 431.5 2477.9 0 0 0 0 0 0 0 0 0
7.1 -399.9 2913.8 0 0 0 0 0 0 0 0 0
-120.0 -965.3 2666.8 0 0 0 0 0 0 0 0 0
-61.2 -992.1 2873.8 0 0 0 0 0 0 0 0 0
28.3 337.5 2861.9 1 -0.4198655188 -0.0007146333 -0.9075860381 -0.2777068913 0.9521375299 0.1277224571 0.8640554547 0.3056691289 -0.3999681771
28.4 151.2 2802.0 -0.4198655188 -0.0007146333 -0.9075860381 -0.2777068913 0.9521375299 0.1277224571 0.8640554547 0.3056691289 -0.3999681771
28.6 -35.7 2749.7 -0.4198944867 -0.0009857785 -0.9075723886 -0.2450929582 0.9629679918 0.1123479605 0.8738524318 0.2696138918 -0.4045865536
85.7 184.6 2682.8 -0.6913601756 -0.6518177390 -0.3116965294 -0.1450989395 0.5478770137 -0.8238793015 0.7077904940 -0.5243704915 -0.4733583927
290.6 227.6 2473.1 -0.5666709542 -0.6518177390 0.5040016174 -0.8113781214 0.5478770137 -0.2037065923 -0.1433513165 -0.5243704915 -0.8393366337
-28.9 117.7 2921.3 -0.0149288764 0.3156094253 -0.9487717152 -0.9991763830 0.0310973264 0.0260665342 0.0377311073 0.9483795166 0.3148852289
-32.8 -139.7 2931.0 0.1152860820 0.3176309168 -0.9411799312 -0.9930455685 0.0140880784 -0.1168846861 -0.0238667727 0.9481097460 0.3170461357
68.0 -196.2 2610.3 -0.7832196951 0.3761884868 0.4950243533 0.1506582499 0.8872877359 -0.4359157681 -0.6032155156 -0.2668383420 -0.7516171336
-78.0 -540.6 2713.9 -0.7837953568 0.0960426480 0.6135476232 0.1448714435 0.9889877439 0.0302577410 -0.6038849950 0.1126013994 -0.7890778184
-3.6 -243.4 2767.4 -0.6080946922 0.0770431235 0.7901172042 -0.1121326983 0.9769653082 -0.1815626323 -0.7859053016 -0.1990052462 -0.5854483843
-33.5 -622.6 2844.6 -0.6013624668 0.0974178687 0.7930151224 -0.0129471710 0.9912204146 -0.1315845400 -0.7988714576 -0.0893972963 -0.5948214531
439.2 440.5 2510.7 0 0 0 0 0 0 0 0 0
-2.7 -398.7 2924.8 0 0 0 0 0 0 0 0 0
-119.3 -966.6 2665.4 0 0 0 0 0 0 0 0 0
-69.8 -992.3 2877.9 0 0 0 0 0 0 0 0 0
27.7 337.0 2849.4 2 -0.4392824769 0.0040231659 -0.8983399868 -0.2474902719 0.9607509971 0.1253238171 0.8635852337 0.2773829699 -0.4210453928
26.9 149.2 2795.2 -0.4392824769 0.0040231659 -0.8983399868 -0.2474902719 0.9607509971 0.1253238171 0.8635852337 0.2773829699 -0.4210453928
26.4 -39.0 2747.9 -0.4391867220 0.0022722478 -0.8983929157 -0.2181222439 0.9698058963 0.1090837121 0.8715146184 0.2438676059 -0.4254302382
86.9 179.0 2676.3 -0.6875891089 -0.6503834724 -0.3228352070 -0.1119308472 0.5342421532 -0.8378883004 0.7174208760 -0.5399876237 -0.4401370585
278.2 210.1 2476.6 -0.5745726824 -0.6503834724 0.4968576729 -0.8109848499 0.5342421532 -0.2385139316 -0.1103167906 -0.5399876237 -0.8344120979
-33.0 119.4 2914.1 -0.0247315094 0.2971346080 -0.9545152783 -0.9976440072 0.0537818260 0.0425909199 0.0639908090 0.9533197284 0.2951044440
-39.4 -137.5 2930.6 0.1067833081 0.2990059555 -0.9482577443 -0.9942704439 0.0367708318 -0.1003701687 0.0048569483 0.9535425305 0.3012192845
66.3 -200.7 2619.2 -0.7623406649 0.3778132498 0.5254462957 0.1583060920 0.8961045742 -0.4146513641 -0.6275156140 -0.2329242527 -0.7429471016
-80.3 -548.3 2709.5 -0.7645248175 0.0909568891 0.6381447315 0.1365690082 0.9903760552 0.0224539451 -0.6299608946 0.1043173894 -0.7695889473
-8.9 -244.6 2775.6 -0.5904927254 0.0745219514 0.8035949469 -0.0925470740 0.9829062223 -0.1591553986 -0.8017190099 -0.1683504581 -0.5735021830
-37.8 -625.9 2840.9 -0.5873670578 0.0688686296 0.8063852191 -0.0314310715 0.9936801195 -0.1077586263 -0.8087100983 -0.0886394158 -0.5814903378
431.2 425.9 2506.0 0 0 0 0 0 0 0 0 0
-11.6 -396.8 2931.9 0 0 0 0 0 0 0 0 0
-118.9 -968.3 2665.3 0 0 0 0 0 0 0 0 0
-63.5 -996.5 2874.0 0 0 0 0 0 0 0 0 0
22.7 336.4 2845.2 3 -0.4489670992 -0.0082297055 -0.8935104012 -0.2416051775 0.9638285041 0.1125233099 0.8602647781 0.2663960159 -0.4347156286
24.3 148.2 2793.2 -0.4489670992 -0.0082297055 -0.8935104012 -0.2416051775 0.9638285041 0.1125233099 0.8602647781 0.2663960159 -0.4347156286
25.4 -40.6 2748.3 -0.4492006898 -0.0057130950 -0.8934125900 -0.2091561109 0.9728640318 0.0989408568 0.8686037660 0.2313070148 -0.4382061362
85.7 176.8 2674.6 -0.6786527634 -0.6584482193 -0.3253864348 -0.0557115301 0.4879029393 -0.8711181879 0.7323432565 -0.5730590224 -0.3677998483
266.5 191.6 2479.5 -0.5610136986 -0.6584482193 0.5017066002 -0.8257418871 0.4879029393 -0.2830213606 -0.0584292114 -0.5730590224 -0.8174285293
-37.0 119.6 2911.8 -0.0204519555 0.2846438885 -0.9584151506 -0.9968427420 0.0677569136 0.0413953960 0.0767221972 0.9562357664 0.2823594511
-42.3 -137.1 2931.5 0.1118049249 0.2866015434 -0.9515036345 -0.9935446382 0.0507418513 -0.1014609709 0.0192021858 0.9567052126 0.2904246151
65.2 -207.6 2622.6 -0.7519508600 0.3811925650 0.5378309488 0.1535480469 0.8946990967 -0.4194478691 -0.6410872340 -0.2328213155 -0.7313011289
-82.7 -554.9 2712.9 -0.7527558208 0.0860278457 0.6526545286 0.1446526796 0.9888089895 0.0365017615 -0.6422104836 0.1218851432 -0.7567758560
-13.4 -246.7 2778.5 -0.5807832479 0.0695479214 0.8110819459 -0.1207191199 0.9779697061 -0.1703001857 -0.8050575852 -0.1968205869 -0.5595926642
-40.4 -626.1 2854.9 -0.5779731274 0.0593691915 0.8138933182 0.0092641003 0.9977631569 -0.0662027672 -0.8160032034 -0.0307234339 -0.5772303343
416.3 412.2 2495.1 0 0 0 0 0 0 0 0 0
-13.2 -396.2 2936.5 0 0 0 0 0 0 0 0 0
-118.6 -967.5 2662.0 0 0 0 0 0 0 0 0 0
-62.5 -997.8 2866.3 0 0 0 0 0 0 0 0 0
20.3 336.7 2853.6 4 -0.4248903394 -0.0152623206 -0.9051161408 -0.2644390166 0.9583387375 0.1079763174 0.8657599092 0.2852261364 -0.4112248123
23.3 148.6 2797.6 -0.4248903394 -0.0152623206 -0.9051161408 -0.2644390166 0.9583387375 0.1079763174 0.8657599092 0.2852261364 -0.4112248123
25.2 -39.4 2749.4 -0.4253601432 -0.0102254497 -0.9049664140 -0.2289186269 0.9686353207 0.0966534540 0.8755940795 0.2482761890 -0.4143596590
81.4 179.9 2678.1 -0.6648319364 -0.6621292830 -0.3458081484 -0.0008041954 0.4635677636 -0.8860611320 0.7469925284 -0.5888036489 -0.3087271452
257.5 180.1 2480.3 -0.5610733032 -0.6621292830 0.4967711270 -0.8275108337 0.4635677636 -0.3167503476 -0.0205573887 -0.5888036489 -0.8080146313
-34.7 117.3 2917.1 -0.0081325639 0.3074722886 -0.9515222907 -0.9981818795 0.0543351360 0.0260890648 0.0597227588 0.9500044584 0.3064713776
-36.8 -139.8 2932.5 0.1226031929 0.3096176982 -0.9429238439 -0.9924553037 0.0373414606 -0.1167820916 -0.0009476526 0.9501276016 0.3118599355
66.7 -210.6 2625.6 -0.7610040903 0.3826439381 0.5238857865 0.1758743376 0.8989779353 -0.4011320174 -0.6244525313 -0.2131250501 -0.7514231801
-81.8 -559.5 2708.4 -0.7649610639 0.0899830982 0.6377598643 0.1384773254 0.9900133014 0.0264132265 -0.6290140152 0.1085203663 -0.7697822452
-13.8 -248.1 2781.2 -0.5958657265 0.0865578279 0.7984057665 -0.0665580332 0.9854316115 -0.1565074623 -0.8003212214 -0.1463977545 -0.5814237595
-47.4 -630.0 2837.9 -0.5959571004 0.0214395300 0.8027300239 -0.0705730021 0.9943771958 -0.0789524019 -0.7999091148 -0.1037033126 -0.5910930634
407.8 401.8 2485.8 0 0 0 0 0 0 0 0 0
-4.9 -398.6 2932.3 0 0 0 0 0 0 0 0 0
-118.7 -965.3 2663.9 0 0 0 0 0 0 0 0 0
-55.3 -999.6 2876.5 0 0 0 0 0 0 0 0 0
25.3 327.1 2857.8 5 -0.4038311541 -0.0086399140 -0.9147927165 -0.2789660990 0.9534932375 0.1141429096 0.8712624907 0.3012906313 -0.3874605000
27.0 141.1 2799.0 -0.4038311541 -0.0086399140 -0.9147927165 -0.2789660990 0.9534932375 0.1141429096 0.8712624907 0.3012906313 -0.3874605000
28.1 -46.0 2747.6 -0.4040950835 -0.0061106840 -0.9146965742 -0.2446503937 0.9642693996 0.1016399041 0.8813928366 0.2648530602 -0.3911515176
82.2 174.5 2678.7 -0.6554479599 -0.6685369611 -0.3513492346 -0.0000140753 0.4652259648 -0.8851919770 0.7552403212 -0.5801923275 -0.3049408197
252.8 174.5 2482.0 -0.5633192658 -0.6685369611 0.4855200350 -0.8261316419 0.4652259648 -0.3179171085 -0.0133371809 -0.5801923275 -0.8143703341
-28.2 107.7 2919.3 -0.0049240151 0.3297761679 -0.9440463185 -0.9990631342 0.0389687121 0.0188236050 0.0429958440 0.9432545304 0.3292753398
-29.5 -149.6 2930.4 0.1243258566 0.3319547176 -0.9350664020 -0.9920266867 0.0219775494 -0.1240970865 -0.0206441469 0.9430392385 0.3320403099
65.2 -206.8 2622.8 -0.7808175683 0.3751078844 0.4996178448 0.1729108691 0.8982076645 -0.4041347206 -0.6003546715 -0.2291661352 -0.7661965489
-80.3 -555.4 2711.8 -0.7843468785 0.0958432928 0.6128735542 0.1408192068 0.9897083044 0.0254444070 -0.6041274071 0.1062616110 -0.7897711992
-10.9 -247.9 2779.6 -0.6145240664 0.0781463683 0.7850180268 -0.0543489195 0.9885237813 -0.1409499645 -0.7870237231 -0.1292820275 -0.6032244563
-41.2 -631.2 2829.7 -0.6164409518 0.0537170693 0.7855666876 -0.0843919367 0.9874162674 -0.1337426305 -0.7828655839 -0.1487399340 -0.6041505933
404.4 396.8 2485.6 0 0 0 0 0 0 0 0 0
3.0 -408.4 2925.0 0 0 0 0 0 0 0 0 0
-120.0 -965.0 2667.8 0 0 0 0 0 0 0 0 0
-61.2 -998.4 2885.0 0 0 0 0 0 0 0 0 0
22.9 329.6 2859.9 6 -0.4217572510 -0.0161908790 -0.9065642357 -0.2903062105 0.9496183991 0.1180981919 0.8589779735 0.3129900098 -0.4052087665
26.1 144.3 2798.8 -0.4217572510 -0.0161908790 -0.9065642357 -0.2903062105 0.9496183991 0.1180981919 0.8589779735 0.3129900098 -0.4052087665
28.9 -42.2 2745.2 -0.4223068058 -0.0144780958 -0.9063373208 -0.2560700476 0.9610513449 0.1039634198 0.8695315719 0.2759903073 -0.4095659256
83.7 179.3 2680.1 -0.6434168816 -0.6686959267 -0.3726398945 0.0303480532 0.4641185403 -0.8852530718 0.7649142146 -0.5808956623 -0.2783280909
249.7 171.4 2482.7 -0.5652670860 -0.6686959267 0.4830309749 -0.8248658180 0.4641185403 -0.3227853179 -0.0083383964 -0.5808956623 -0.8139353395
-31.6 109.3 2917.5 -0.0027800682 0.3092758954 -0.9509682655 -0.9995089173 0.0288228393 0.0122957965 0.0312124006 0.9505354762 0.3090438843
-32.3 -148.2 2925.5 0.1277755499 0.3115109205 -0.9416126609 -0.9913631082 0.0118386550 -0.1306100637 -0.0295390375 0.9501688480 0.3103331327
65.4 -211.2 2617.3 -0.7761248946 0.3770676553 0.5054206848 0.1591467559 0.8927015662 -0.4216114283 -0.6101658940 -0.2467870861 -0.7528570294
-80.9 -557.7 2713.1 -0.7775743008 0.0948342904 0.6215984225 0.1448909938 0.9889816046 0.0303638875 -0.6118698716 0.1136741936 -0.7827473283
-7.0 -255.1 2775.1 -0.6000721455 0.0943907276 0.7943574786 -0.0784944445 0.9812740088 -0.1758974940 -0.7960854769 -0.1679038405 -0.5814260840
-43.6 -635.5 2840.2 -0.5996131301 0.0362050310 0.7994706035 -0.0642007962 0.9935803413 -0.0931469500 -0.7977106571 -0.1071787849 -0.5934394598
402.4 394.2 2485.0 0 0 0 0 0 0 0 0 0
1.0 -406.7 2917.8 0 0 0 0 0 0 0 0 0
-120.3 -968.2 2665.9 0 0 0 0 0 0 0 0 0
-57.0 -1005.3 2880.1 0 0 0 0 0 0 0 0 0
27.4 331.7 2858.4 7 -0.4073062837 -0.0095728785 -0.9132414460 -0.2941369414 0.9480413795 0.1212476119 0.8646299839 0.3180029690 -0.3889589608
29.3 147.4 2796.6 -0.4073062837 -0.0095728785 -0.9132414460 -0.2941369414 0.9480413795 0.1212476119 0.8646299839 0.3180029690 -0.3889589608
31.4 -38.5 2741.0 -0.4076109529 -0.0109945536 -0.9130895138 -0.2659020126 0.9580249190 0.1071653068 0.8735842705 0.2864740789 -0.3934249282
85.0 183.7 2677.3 -0.6429337859 -0.6615636349 -0.3859659731 0.0547991320 0.4628998339 -0.8847150803 0.7639589310 -0.5899637938 -0.2613608241
248.2 169.8 2483.3 -0.5655836463 -0.6615636349 0.4923907816 -0.8245920539 0.4628998339 -0.3252255917 -0.0127701964 -0.5899637938 -0.8073287010
-26.4 111.1 2915.9 -0.0012077561 0.3248903155 -0.9457509518 -0.9997881055 0.0190437045 0.0078187762 0.0205508471 0.9455599785 0.3247984648
