-383.3 503.2 2658.9 3 -0.7157903314 -0.0470141470 -0.6967308521 -0.0843268037 0.9962491393 0.0194085110 0.6932050586 0.0726455078 -0.7170700431
-373.9 304.7 2644.4 -0.7157903314 -0.0470141470 -0.6967308521 -0.0843268037 0.9962491393 0.0194085110 0.6932050586 0.0726455078 -0.7170700431
-366.1 106.4 2632.8 -0.7164519429 -0.0391679183 -0.6965360641 -0.0690212399 0.9975038767 0.0149026755 0.6942137480 0.0587528385 -0.7173669934
-273.1 314.4 2546.8 -0.7889581323 -0.5086002946 0.3447764516 -0.5984205008 0.5086969137 -0.6189671755 0.1394201666 -0.6946604848 -0.7056974173
-81.1 460.1 2512.9 -0.4071674943 -0.5086002946 0.7586438060 -0.8529902101 0.5086969137 -0.1167695671 -0.3265307248 -0.6946604848 -0.6409559250
-474.7 294.9 2742.1 -0.2479867041 0.8855541348 -0.3928058743 -0.8860774636 -0.0434260331 0.4614985287 0.3916239440 0.4625019133 0.7954386473
-541.6 55.8 2847.8 -0.1130718589 0.8892542720 -0.4432173073 -0.9755744338 -0.0148106609 0.2191691846 0.1883327961 0.4571733475 0.8692084551
-290.9 -82.5 2555.3 -0.4074625969 0.3158290088 -0.8568700552 0.0732372999 0.9465722442 0.3140657246 0.9102804661 0.0652151927 -0.4088232517
-416.5 -458.8 2529.4 -0.4363948107 0.2041102052 -0.8762982488 -0.0480302684 0.9672563076 0.2492154390 0.8984724283 0.1508451700 -0.4123021662
-424.1 -98.2 2684.8 -0.7999686003 0.1215830296 -0.5875949264 0.1725793332 0.9844999313 -0.0312452894 0.5746882558 -0.1264019907 -0.8085517883
-471.8 -484.8 2734.4 -0.7938528657 -0.1664416790 -0.5848886967 -0.1978506744 0.9801771045 -0.0103917113 0.5750240684 0.1074711308 -0.8110470176
29.1 690.8 2601.2 0 0 0 0 0 0 0 0 0
-571.0 -197.8 2896.7 0 0 0 0 0 0 0 0 0
-488.9 -802.2 2475.8 0 0 0 0 0 0 0 0 0
-417.8 -803.2 2699.5 0 0 0 0 0 0 0 0 0
-382.6 504.8 2657.9 4 -0.7192101479 -0.0433751456 -0.6934373379 -0.0809163302 0.9964869618 0.0215925481 0.6900647283 0.0716399848 -0.7201933265
-373.9 306.2 2643.6 -0.7192101479 -0.0433751456 -0.6934373379 -0.0809163302 0.9964869618 0.0215925481 0.6900647283 0.0716399848 -0.7201933265
-366.8 107.9 2632.1 -0.7198032141 -0.0358903594 -0.6932497621 -0.0659960061 0.9976772070 0.0168729164 0.6910338998 0.0578968935 -0.7204998732
-272.7 315.5 2546.3 -0.7900599241 -0.4942081869 0.3627169132 -0.5968614221 0.4851347208 -0.6390624046 0.1398632973 -0.7213893533 -0.6782593131
-81.1 460.2 2512.4 -0.4053699374 -0.4942081869 0.7690471411 -0.8626738787 0.4851347208 -0.1429619640 -0.3024384975 -0.7213893533 -0.6229994893
-475.2 296.9 2740.8 -0.2528552115 0.8833237886 -0.3947193027 -0.8848952651 -0.0461894609 0.4634942710 0.3911836445 0.4664821923 0.7933282852
-543.5 58.0 2846.4 -0.1173171327 0.8871492147 -0.4463215470 -0.9750362635 -0.0175796542 0.2213486582 0.1885231137 0.4611476958 0.8670650721
-292.7 -85.5 2557.4 -0.4130435884 0.3167411387 -0.8538559675 0.0700819939 0.9458449483 0.3169634044 0.9080107212 0.0710797757 -0.4128730595
-418.6 -461.6 2529.2 -0.4409970343 0.1993448585 -0.8750904202 -0.0496993512 0.9681018591 0.2455784976 0.8961314559 0.1517908275 -0.4170227349
-425.7 -96.5 2683.9 -0.8019286394 0.1255820990 -0.5840715766 0.1757803261 0.9839789271 -0.0297791269 0.5709743500 -0.1265490204 -0.8111557364
-475.1 -482.9 2733.6 -0.7970980406 -0.1635486633 -0.5812801123 -0.1947335005 0.9808155894 -0.0089275064 0.5715886354 0.1060786098 -0.8136545420
27.5 691.2 2593.4 0 0 0 0 0 0 0 0 0
-574.0 -195.4 2895.4 0 0 0 0 0 0 0 0 0
-488.8 -802.6 2475.7 0 0 0 0 0 0 0 0 0
-421.9 -801.6 2699.2 0 0 0 0 0 0 0 0 0
-382.8 506.2 2657.3 5 -0.7356696129 -0.0426624902 -0.6759956479 -0.0787383243 0.9966347814 0.0227907822 0.6727484465 0.0699932501 -0.7365530729
-374.2 306.8 2643.3 -0.7356696129 -0.0426624902 -0.6759956479 -0.0787383243 0.9966347814 0.0227907822 0.6727484465 0.0699932501 -0.7365530729
-366.9 108.4 2632.0 -0.7361894846 -0.0370623581 -0.6757599115 -0.0657339320 0.9976941943 0.0168931782 0.6735755801 0.0568569377 -0.7369282246
-270.7 316.0 2548.5 -0.7866749763 -0.5045408607 0.3557822108 -0.5996419787 0.4873467684 -0.6347618699 0.1468739808 -0.7126932144 -0.6859273911
-80.7 460.8 2513.1 -0.4071446955 -0.5045408607 0.7613617182 -0.8622155786 0.4873467684 -0.1381211281 -0.3013594151 -0.7126932144 -0.6334436536
-477.8 297.5 2738.1 -0.2622802258 0.8718787432 -0.4135655761 -0.8848188519 -0.0462536253 0.4636336863 0.3851034641 0.4875325859 0.7835862041
-548.6 58.7 2842.0 -0.1219468266 0.8758354187 -0.4669489563 -0.9749934673 -0.0176440496 0.2215318829 0.1857865900 0.4822873175 0.8560854197
-293.7 -84.4 2557.2 -0.4329645634 0.3168364763 -0.8438935280 0.0754995346 0.9456486106 0.3163045347 0.8982435465 0.0732350871 -0.4333533347
-419.7 -460.4 2528.1 -0.4588833451 0.1939661801 -0.8670658469 -0.0386136360 0.9706041217 0.2375638932 0.8876570463 0.1424946785 -0.4379043281
-427.1 -96.0 2682.5 -0.8153686523 0.1287218630 -0.5644506812 0.1759772450 0.9839425087 -0.0298191160 0.5515486598 -0.1236440539 -0.8249279857
-477.6 -482.3 2731.0 -0.8106176257 -0.1658527702 -0.5615976453 -0.1944703311 0.9808673859 -0.0089717153 0.5523408055 0.1019414514 -0.8273618221
27.8 690.5 2593.4 0 0 0 0 0 0 0 0 0
-580.3 -194.8 2890.3 0 0 0 0 0 0 0 0 0
-488.4 -804.2 2477.6 0 0 0 0 0 0 0 0 0
-423.7 -801.0 2697.9 0 0 0 0 0 0 0 0 0
-381.2 507.5 2658.5 6 -0.7387318611 -0.0352100581 -0.6730790734 -0.0761680752 0.9965984225 0.0314636044 0.6696817279 0.0745103061 -0.7389009595
-374.1 308.0 2643.6 -0.7387318611 -0.0352100581 -0.6730790734 -0.0761680752 0.9965984225 0.0314636044 0.6696817279 0.0745103061 -0.7389009595
-367.9 109.7 2631.4 -0.7391165495 -0.0313784890 -0.6728463173 -0.0646488518 0.9976074696 0.0244923998 0.6704679728 0.0616014823 -0.7393767238
-270.1 317.1 2549.3 -0.7861431241 -0.4959021509 0.3688631058 -0.6002262235 0.4703193307 -0.6469375491 0.1473342776 -0.7299868464 -0.6673918366
-81.5 461.1 2513.9 -0.4077883065 -0.4959021509 0.7666744590 -0.8683041334 0.4703193307 -0.1576313078 -0.2824121118 -0.7299868464 -0.6223846078
-478.1 298.9 2738.0 -0.2689878643 0.8697367311 -0.4137674868 -0.8850792050 -0.0537883714 0.4623220265 0.3798425794 0.4905759990 0.7842543125
-550.7 60.0 2840.5 -0.1284084469 0.8738834262 -0.4688699245 -0.9751415849 -0.0251696948 0.2201485634 0.1805828661 0.4854834974 0.8553920984
-292.0 -83.9 2558.9 -0.4358075559 0.3171635568 -0.8423057795 0.0740097091 0.9453127980 0.3176575303 0.8969918489 0.0760987476 -0.4354476333
-418.1 -459.8 2528.7 -0.4623071253 0.1982932091 -0.8642638326 -0.0401165783 0.9689999223 0.2437823713 0.8858119249 0.1473736316 -0.4400207102
-429.5 -94.6 2680.6 -0.8164004087 0.1350007653 -0.5614847541 0.1781275868 0.9837508202 -0.0224695560 0.5493276715 -0.1183600798 -0.8271819353
-482.5 -480.9 2727.1 -0.8138304353 -0.1604989916 -0.5584980845 -0.1924174428 0.9813118577 -0.0016193406 0.5483207107 0.1061469093 -0.8295041919
25.7 689.4 2588.2 0 0 0 0 0 0 0 0 0
-584.1 -193.5 2887.4 0 0 0 0 0 0 0 0 0
-488.9 -805.4 2476.1 0 0 0 0 0 0 0 0 0
-430.3 -799.7 2692.6 0 0 0 0 0 0 0 0 0
-381.1 507.5 2658.2 7 -0.7355458140 -0.0340397283 -0.6766192913 -0.0718414858 0.9970246553 0.0279392768 0.6736550927 0.0691599473 -0.7358027697
-374.3 308.5 2644.4 -0.7355458140 -0.0340397283 -0.6766192913 -0.0718414858 0.9970246553 0.0279392768 0.6736550927 0.0691599473 -0.7358027697
-368.6 110.1 2633.3 -0.7359532118 -0.0286509916 -0.6764258742 -0.0588756874 0.9980276227 0.0217840187 0.6744675636 0.0558570586 -0.7361884713
-270.7 316.8 2549.5 -0.7870592475 -0.5021788478 0.3582654893 -0.5995317698 0.4859471023 -0.6359379888 0.1452565491 -0.7153123617 -0.6835412979
-80.4 461.8 2514.3 -0.4042824507 -0.5021788478 0.7644423246 -0.8631438017 0.4859471023 -0.1372523755 -0.3025532961 -0.7153123617 -0.6299124360
-477.9 300.2 2739.3 -0.2692552507 0.8720194101 -0.4087587595 -0.8821448088 -0.0530138612 0.4679850936 0.3864222169 0.4865918458 0.7835217118
-550.5 62.1 2843.6 -0.1298712194 0.8762108684 -0.4640991390 -0.9737372994 -0.0244313143 0.2263599485 0.1870004982 0.4813082814 0.8563721180
-293.9 -82.7 2557.6 -0.4327593744 0.3106011450 -0.8463132977 0.0756708384 0.9479758739 0.3092177808 0.8983280063 0.0697756559 -0.4337489009
-417.4 -459.6 2529.9 -0.4607639611 0.2005598098 -0.8645648360 -0.0430954657 0.9679276943 0.2475051284 0.8864758015 0.1513002664 -0.4373429716
-430.4 -93.7 2684.0 -0.8132436872 0.1367932409 -0.5656167865 0.1833750010 0.9826993346 -0.0259927381 0.5522755980 -0.1248584092 -0.8242584467
-484.1 -479.6 2733.1 -0.8115696311 -0.1576241404 -0.5625916719 -0.1872032881 0.9823076129 -0.0051669525 0.5534524918 0.1011256650 -0.8267187476
25.2 687.4 2593.4 0 0 0 0 0 0 0 0 0
-584.3 -191.0 2892.2 0 0 0 0 0 0 0 0 0
-488.9 -805.0 2475.9 0 0 0 0 0 0 0 0 0
-432.9 -798.8 2700.2 0 0 0 0 0 0 0 0 0
-380.9 508.5 2658.0 8 -0.7371330857 -0.0345310532 -0.6748647690 -0.0725146458 0.9969688058 0.0281931497 0.6718455553 0.0697196871 -0.7374026775
-374.0 308.9 2644.0 -0.7371330857 -0.0345310532 -0.6748647690 -0.0725146458 0.9969688058 0.0281931497 0.6718455553 0.0697196871 -0.7374026775
-368.2 110.5 2632.7 -0.7375328541 -0.0293417927 -0.6746734977 -0.0600280054 0.9979493618 0.0222196393 0.6726380587 0.0568870194 -0.7377817631
-270.2 317.4 2549.4 -0.7871476412 -0.5130674243 0.3422869742 -0.5971292257 0.4950385094 -0.6311683655 0.1543867290 -0.7012122869 -0.6960359812
-80.0 461.7 2512.0 -0.3935599625 -0.5130674243 0.7628055811 -0.8616736531 0.4950385094 -0.1116039380 -0.3203577697 -0.7012122869 -0.6369240284
-477.8 300.5 2738.7 -0.2696966231 0.8708810806 -0.4108891189 -0.8827102184 -0.0530669503 0.4669117630 0.3848199844 0.4886205494 0.7830476165
-550.6 62.2 2842.6 -0.1297817379 0.8750693798 -0.4662727416 -0.9740120769 -0.0244763158 0.2251697332 0.1856264919 0.4833782017 0.8555046916
-295.4 -82.9 2560.3 -0.4399408400 0.3049860597 -0.8446511626 0.0590505637 0.9483525157 0.3116737008 0.8960831761 0.0872408599 -0.4352285862
-416.6 -459.9 2525.6 -0.4608126581 0.1999819130 -0.8646727204 -0.0323904715 0.9698432088 0.2415677458 0.8869061470 0.1393246353 -0.4404385090
-430.0 -93.4 2683.1 -0.8146643639 0.1365503669 -0.5636274815 0.1823242009 0.9829103351 -0.0254002269 0.5505268574 -0.1234555915 -0.8256384730
-483.6 -479.4 2731.6 -0.8127869368 -0.1584186852 -0.5606076121 -0.1882699728 0.9821066856 -0.0045676795 0.5513001084 0.1018330306 -0.8280689716
22.6 686.3 2595.5 0 0 0 0 0 0 0 0 0
-584.4 -191.0 2890.8 0 0 0 0 0 0 0 0 0
-487.7 -804.6 2476.1 0 0 0 0 0 0 0 0 0
-432.2 -798.5 2698.5 0 0 0 0 0 0 0 0 0
-383.5 505.8 2666.9 9 -0.7401683331 -0.0458050370 -0.6708597541 -0.0956046507 0.9947103262 0.0375649221 0.6655904055 0.0919416770 -0.7406322360
-374.3 306.8 2648.5 -0.7401683331 -0.0458050370 -0.6708597541 -0.0956046507 0.9947103262 0.0375649221 0.6655904055 0.0919416770 -0.7406322360
-366.8 108.8 2633.1 -0.7408224344 -0.0380777791 -0.6706207395 -0.0800787807 0.9962781668 0.0318929814 0.6669104099 0.0773295313 -0.7411144376
-270.1 318.1 2554.7 -0.7860184312 -0.5264938474 0.3240050673 -0.5942500234 0.4989985526 -0.6307672858 0.1704170257 -0.6883347034 -0.7050910592
-79.6 462.1 2513.4 -0.3918263018 -0.5264938474 0.7545040250 -0.8609409928 0.4989985526 -0.0988989770 -0.3244267106 -0.6883347034 -0.6488009095
-478.6 295.6 2742.3 -0.2644112706 0.8685059547 -0.4192661345 -0.8927042484 -0.0559140556 0.4471607804 0.3649189472 0.4925149977 0.7901032567
-549.9 54.6 2840.8 -0.1225786731 0.8724846244 -0.4730169475 -0.9786956310 -0.0271671936 0.2035112083 0.1647098660 0.4878857434 0.8572270274
-294.7 -82.3 2559.7 -0.4326259196 0.3143526018 -0.8449954391 0.0768370107 0.9466909170 0.3128455579 0.8982933164 0.0704181790 -0.4337169528
-419.6 -458.7 2531.7 -0.4621294737 0.1824950874 -0.8678317070 -0.0572229251 0.9704207778 0.2345401943 0.8849643469 0.1580478102 -0.4380171299
-427.1 -96.6 2678.9 -0.8192996979 0.1289243251 -0.5586828589 0.1640823483 0.9863609076 -0.0130068650 0.5493860245 -0.1023265198 -0.8292793632
-477.8 -483.8 2719.1 -0.8142756224 -0.1673505455 -0.5558317900 -0.2064475268 0.9784261584 0.0078531699 0.5425261259 0.1211447418 -0.8312577009
22.4 686.2 2597.8 0 0 0 0 0 0 0 0 0
-581.8 -199.7 2883.6 0 0 0 0 0 0 0 0 0
-485.5 -809.0 2474.6 0 0 0 0 0 0 0 0 0
-423.4 -801.7 2679.8 0 0 0 0 0 0 0 0 0
-383.4 506.1 2670.8 0 -0.7246780396 -0.0455976725 -0.6875773668 -0.1015975624 0.9939736128 0.0411628373 0.6815568209 0.0996859893 -0.7249434590
-374.3 308.0 2651.0 -0.7246780396 -0.0455976725 -0.6875773668 -0.1015975624 0.9939736128 0.0411628373 0.6815568209 0.0996859893 -0.7249434590
-366.8 110.1 2634.4 -0.7253822088 -0.0378153473 -0.6873068213 -0.0848000199 0.9957932234 0.0347096138 0.6831029654 0.0834613666 -0.7255374193
-272.3 320.0 2554.9 -0.7926466465 -0.5204215050 0.3176047504 -0.5854209065 0.5041866899 -0.6348843575 0.1702754050 -0.6891714334 -0.7043074965
-79.4 462.4 2513.4 -0.3870427907 -0.5204215050 0.7611565590 -0.8586896062 0.5041866899 -0.0919127911 -0.3359315991 -0.6891714334 -0.6420223713
-476.4 296.1 2747.1 -0.2547355592 0.8795230985 -0.4019314647 -0.8950808048 -0.0571493022 0.4422265589 0.3659783900 0.4724119604 0.8018022180
-545.1 54.5 2845.8 -0.1173915640 0.8833507299 -0.4537738562 -0.9797527194 -0.0283945818 0.1981875598 0.1621844172 0.4678517282 0.8687986135
-291.2 -81.9 2556.6 -0.4122140706 0.3167400360 -0.8542571664 0.0715119615 0.9459796548 0.3162412941 0.9082762003 0.0692695007 -0.4125968218
-417.1 -458.0 2529.0 -0.4402824044 0.1880955398 -0.8779359460 -0.0546232760 0.9703874588 0.2352964729 0.8961962461 0.1515526325 -0.4169701338
-425.8 -95.6 2680.4 -0.8068714142 0.1251340806 -0.5773214102 0.1598624885 0.9870938063 -0.0094737252 0.5686849356 -0.0999361128 -0.8164620399
-475.0 -483.2 2719.7 -0.8014842868 -0.1658990532 -0.5745436549 -0.2105233967 0.9775221348 0.0114198392 0.5597345829 0.1301077008 -0.8183942437
21.3 685.8 2600.8 0 0 0 0 0 0 0 0 0
-575.6 -200.2 2888.0 0 0 0 0 0 0 0 0 0
-485.4 -810.0 2474.1 0 0 0 0 0 0 0 0 0
-421.1 -800.8 2677.4 0 0 0 0 0 0 0 0 0
-383.8 506.1 2663.8 1 -0.7357887626 -0.0430563726 -0.6758409739 -0.0876122862 0.9956420660 0.0319533758 0.6715198755 0.0827229097 -0.7363545299
-375.2 307.3 2647.3 -0.7357887626 -0.0430563726 -0.6758409739 -0.0876122862 0.9956420660 0.0319533758 0.6715198755 0.0827229097 -0.7363545299
-368.2 109.1 2633.7 -0.7363929152 -0.0354992002 -0.6756221652 -0.0722880438 0.9970342517 0.0264030490 0.6726811528 0.0682824254 -0.7367751002
-271.6 317.5 2552.7 -0.7890425324 -0.5199482441 0.3272089660 -0.5942209959 0.5107551217 -0.6213136315 0.1559272707 -0.6846773028 -0.7119717002
-80.3 461.5 2514.9 -0.3953327537 -0.5199482441 0.7572092414 -0.8544202447 0.5107551217 -0.0953687206 -0.3371617198 -0.6846773028 -0.6461725831
-478.8 297.1 2741.9 -0.2638476193 0.8717052937 -0.4129337668 -0.8887227178 -0.0533021502 0.4553359747 0.3749085069 0.4871229231 0.7887679338
-550.0 57.3 2843.1 -0.1236163676 0.8757115006 -0.4667423069 -0.9768517017 -0.0246369559 0.2124941200 0.1745844334 0.4822057784 0.8584858179
-292.8 -80.1 2555.1 -0.4305619895 0.3111604750 -0.8472281694 0.0733022615 0.9476480484 0.3107893169 0.8995794058 0.0717103258 -0.4308299720
-416.5 -456.8 2526.6 -0.4569013715 0.1894060075 -0.8691182137 -0.0447651632 0.9709330797 0.2351277471 0.8883902431 0.1463364065 -0.4351418614
-428.7 -95.7 2681.8 -0.8151614070 0.1304011196 -0.5643645525 0.1710174829 0.9850769043 -0.0194054116 0.5534120202 -0.1123347506 -0.8252975345
-479.9 -482.5 2725.9 -0.8110190630 -0.1642847657 -0.5614789128 -0.1994930059 0.9798982143 0.0014431325 0.5499551296 0.1131815240 -0.8274897933
22.5 683.7 2602.5 0 0 0 0 0 0 0 0 0
-582.2 -196.6 2888.5 0 0 0 0 0 0 0 0 0
-485.3 -809.8 2473.4 0 0 0 0 0 0 0 0 0
-426.5 -800.8 2689.2 0 0 0 0 0 0 0 0 0
-383.8 507.6 2660.8 2 -0.7316306829 -0.0443499237 -0.6802570224 -0.0836171880 0.9961847067 0.0249849483 0.6765535474 0.0751609281 -0.7325477004
-374.9 308.3 2645.7 -0.7316306829 -0.0443499237 -0.6802570224 -0.0836171880 0.9961847067 0.0249849483 0.6765535474 0.0751609281 -0.7325477004
-367.8 110.0 2633.2 -0.7322221398 -0.0356225744 -0.6801336408 -0.0688744634 0.9973847270 0.0219103917 0.6775743961 0.0628871173 -0.7327606082
-271.9 317.9 2550.4 -0.7882553339 -0.5143623948 0.3377645016 -0.5975245833 0.5086552501 -0.6198662519 0.1470302045 -0.6904354692 -0.7082943916
-80.7 462.9 2514.7 -0.3985028267 -0.5143623948 0.7593594790 -0.8546689153 0.5086552501 -0.1039755717 -0.3327710629 -0.6904354692 -0.6423100829
-477.9 298.6 2741.1 -0.2610132098 0.8747187853 -0.4083370268 -0.8867210150 -0.0500494689 0.4595877528 0.3815729916 0.4820394814 0.7886950970
-548.4 59.2 2844.1 -0.1219441295 0.8786783218 -0.4615778029 -0.9759182334 -0.0214029066 0.2170841545 0.1808680296 0.4769343138 0.8601281047
-293.6 -82.4 2558.4 -0.4300348163 0.3101180494 -0.8478778601 0.0630509183 0.9471751451 0.3144580424 0.9006079435 0.0817684308 -0.4268715084
-416.9 -459.0 2525.9 -0.4547464252 0.1893265545 -0.8702650070 -0.0485549979 0.9704205990 0.2364872843 0.8892964125 0.1497974545 -0.4321025610
-427.9 -94.6 2682.9 -0.8118569851 0.1291042268 -0.5694034696 0.1736737043 0.9845008850 -0.0244027209 0.5574277043 -0.1187019348 -0.8216959238
-478.6 -481.2 2729.5 -0.8075056672 -0.1642084122 -0.5665423274 -0.1968788356 0.9804213643 -0.0035525265 0.5560335517 0.1086715087 -0.8240249753
22.9 685.1 2601.3 0 0 0 0 0 0 0 0 0
-580.1 -194.5 2891.1 0 0 0 0 0 0 0 0 0
-485.2 -809.0 2471.9 0 0 0 0 0 0 0 0 0
-425.3 -799.7 2694.2 0 0 0 0 0 0 0 0 0
-381.9 504.8 2657.3 3 -0.7354983687 -0.0419987217 -0.6762235165 -0.0815502107 0.9963083267 0.0268200878 0.6726006866 0.0748723075 -0.7362081409
-373.5 306.2 2642.4 -0.7354983687 -0.0419987217 -0.6762235165 -0.0815502107 0.9963083267 0.0268200878 0.6726006866 0.0748723075 -0.7362081409
-366.9 107.9 2629.6 -0.7360096574 -0.0332326740 -0.6761548519 -0.0680004507 0.9973720312 0.0249996763 0.6735470891 0.0643788427 -0.7363352776
-269.9 315.7 2547.6 -0.7837462425 -0.5159362555 0.3457623422 -0.6048669815 0.5076901913 -0.6135035157 0.1409885734 -0.6899713278 -0.7099730968
-80.4 462.0 2513.5 -0.3964940906 -0.5159362555 0.7593432665 -0.8555092812 0.5076901913 -0.1017571390 -0.3330109417 -0.6899713278 -0.6426844597
-477.1 296.6 2737.1 -0.2654488087 0.8720035553 -0.4112745523 -0.8866325617 -0.0532286279 0.4594011307 0.3787078559 0.4865969121 0.7872762084
-548.7 57.3 2839.4 -0.1255490184 0.8760678768 -0.4655561745 -0.9758819342 -0.0245838705 0.2169101983 0.1785828769 0.4815607369 0.8580253124
-293.6 -82.0 2558.6 -0.4348684847 0.3051265478 -0.8472232223 0.0620725304 0.9487620592 0.3098346293 0.8983520269 0.0821480304 -0.4315267205
-414.9 -459.2 2525.9 -0.4578315616 0.1980855614 -0.8666904569 -0.0384902507 0.9695317149 0.2419229150 0.8882053494 0.1441190839 -0.4362578690
-427.8 -96.6 2678.6 -0.8143419027 0.1324001849 -0.5650818348 0.1749514341 0.9843425155 -0.0214891750 0.5533888936 -0.1163614169 -0.8247549534
-479.8 -483.2 2724.2 -0.8109862208 -0.1621364951 -0.5621504188 -0.1956235021 0.9806788564 -0.0006330453 0.5513916612 0.1094564497 -0.8270347714
22.7 684.4 2600.1 0 0 0 0 0 0 0 0 0
-581.4 -196.4 2885.8 0 0 0 0 0 0 0 0 0
-486.3 -808.6 2474.0 0 0 0 0 0 0 0 0 0
-427.1 -801.8 2688.7 0 0 0 0 0 0 0 0 0
-382.0 507.3 2657.0 4 -0.7401319742 -0.0416400656 -0.6711711884 -0.0781968012 0.9966393113 0.0243988801 0.6678996682 0.0705418363 -0.7409007549
-373.7 308.0 2642.9 -0.7401319742 -0.0416400656 -0.6711711884 -0.0781968012 0.9966393113 0.0243988801 0.6678996682 0.0705418363 -0.7409007549
-366.9 109.7 2630.9 -0.7406047583 -0.0340531208 -0.6710774899 -0.0657402501 0.9975957870 0.0219293535 0.6687172651 0.0603577867 -0.7410628200
-269.5 317.3 2548.8 -0.7832662463 -0.5223664045 0.3370865285 -0.6046345830 0.5139601231 -0.6084915996 0.1446065158 -0.6804251075 -0.7184084058
-79.5 463.9 2513.7 -0.3966711164 -0.5223664045 0.7548412681 -0.8528138995 0.5139601231 -0.0924845114 -0.3396475315 -0.6804251075 -0.6493544579
-477.9 298.8 2737.0 -0.2677171826 0.8686528802 -0.4168569446 -0.8852896690 -0.0510244295 0.4622322917 0.3802495003 0.4927866757 0.7826695442
-550.2 59.8 2839.7 -0.1264099777 0.8727409244 -0.4715334773 -0.9752448797 -0.0223982073 0.2199904174 0.1814331263 0.4876695871 0.8539674282
-292.8 -84.1 2555.0 -0.4389680624 0.3051536977 -0.8450965881 0.0718510896 0.9494707584 0.3055203259 0.8956251740 0.0733925551 -0.4387129545
-414.1 -461.6 2525.8 -0.4653551877 0.2018488199 -0.8618013859 -0.0400487110 0.9678515792 0.2483130991 0.8842175603 0.1500678211 -0.4423109591
-428.1 -94.6 2680.3 -0.8181984425 0.1328291446 -0.5593815446 0.1767311245 0.9839452505 -0.0248569660 0.5470991135 -0.1191980615 -0.8285375237
-480.3 -481.0 2727.1 -0.8146899939 -0.1632562876 -0.5564419031 -0.1938520670 0.9810225964 -0.0040053823 0.5465359688 0.1046042591 -0.8308768868
23.6 685.7 2602.1 0 0 0 0 0 0 0 0 0
-583.1 -193.7 2886.8 0 0 0 0 0 0 0 0 0
-486.1 -807.0 2472.2 0 0 0 0 0 0 0 0 0
-427.2 -799.8 2693.1 0 0 0 0 0 0 0 0 0
-381.3 500.4 2657.4 5 -0.7375250459 -0.0410612226 -0.6740702987 -0.0748893693 0.9969663024 0.0212086681 0.6711544991 0.0661226213 -0.7383626699
-373.1 302.0 2644.2 -0.7375250459 -0.0410612226 -0.6740702987 -0.0748893693 0.9969663024 0.0212086681 0.6711544991 0.0661226213 -0.7383626699
-366.5 103.6 2633.5 -0.7380414605 -0.0330846123 -0.6739437580 -0.0609954298 0.9979792237 0.0178047512 0.6719928384 0.0542481355 -0.7385680676
-269.3 310.6 2549.7 -0.7680591345 -0.5406117439 0.3432552516 -0.6248115897 0.5151671171 -0.5866969824 0.1403414160 -0.6650878191 -0.7334592938
-78.1 466.1 2514.8 -0.3933151066 -0.5406117439 0.7436680794 -0.8536267877 0.5151671171 -0.0769683421 -0.3415033519 -0.6650878191 -0.6641036868
-477.0 293.5 2738.8 -0.2668711543 0.8705335855 -0.4134623110 -0.8826888800 -0.0485857464 0.4674395919 0.3868334889 0.4897047281 0.7813764215
-549.0 55.2 2843.2 -0.1263994426 0.8746227026 -0.4680366218 -0.9739958048 -0.0199913681 0.2256823778 0.1880302429 0.4843918383 0.8544057608
-292.2 -82.6 2557.6 -0.4378377497 0.3083503246 -0.8445224762 0.0703211650 0.9482133389 0.3097521365 0.8962996602 0.0762333721 -0.4368471503
-414.8 -459.6 2527.3 -0.4645287991 0.1956323981 -0.8636787534 -0.0457046404 0.9686970115 0.2440023571 0.8843777776 0.1528202444 -0.4410463572
-427.7 -100.4 2684.3 -0.8159317970 0.1330676973 -0.5626262426 0.1807583421 0.9830811620 -0.0296291299 0.5491645932 -0.1258747429 -0.8261802793
-479.9 -486.4 2733.8 -0.8126890659 -0.1621532887 -0.5596809387 -0.1898332089 0.9817769527 -0.0087960456 0.5509081483 0.0990975872 -0.8286615014
24.1 688.0 2603.5 0 0 0 0 0 0 0 0 0
-581.9 -198.0 2892.1 0 0 0 0 0 0 0 0 0
-485.2 -808.2 2472.3 0 0 0 0 0 0 0 0 0
-427.3 -805.4 2701.6 0 0 0 0 0 0 0 0 0
-383.2 503.0 2657.6 6 -0.7153164148 -0.0467920862 -0.6972323656 -0.0741400570 0.9972059727 0.0091393534 0.6948565841 0.0582303740 -0.7167869210
-373.9 304.6 2646.0 -0.7153164148 -0.0467920862 -0.6972323656 -0.0741400570 0.9972059727 0.0091393534 0.6948565841 0.0582303740 -0.7167869210
-366.0 106.2 2636.8 -0.7159088850 -0.0393450074 -0.6970842481 -0.0604151301 0.9981570244 0.0057083974 0.6955749393 0.0462011285 -0.7169665098
-273.2 313.1 2548.2 -0.7829178572 -0.5102397799 0.3559424281 -0.6067797542 0.4999859333 -0.6179258227 0.1373241246 -0.6997638345 -0.7010511160
-81.0 462.0 2514.5 -0.3994121552 -0.5102397799 0.7616595626 -0.8583415747 0.4999859333 -0.1151687130 -0.3220554292 -0.6997638345 -0.6376604438
-474.6 296.1 2743.9 -0.2472597659 0.8859625459 -0.3923428953 -0.8812033534 -0.0372331217 0.4712688327 0.4029183984 0.4622597098 0.7899194360
-541.3 58.3 2852.6 -0.1124101207 0.8896480799 -0.4425948560 -0.9732034802 -0.0086519541 0.2297828794 0.2005966008 0.4565647840 0.8667811751
-292.3 -89.2 2561.0 -0.4190486372 0.3056648374 -0.8549662232 0.0465220995 0.9476217031 0.3159886599 0.9067711830 0.0926397890 -0.4113197625
-413.8 -465.9 2524.2 -0.4394903183 0.1989273876 -0.8759430051 -0.0439564213 0.9692378044 0.2421691418 0.8971711397 0.1449343115 -0.4172264934
-423.9 -97.8 2691.4 -0.7996089458 0.1209585667 -0.5882130265 0.1793262064 0.9829075933 -0.0416511446 0.5731210113 -0.1387866437 -0.8076326847
-471.4 -483.7 2745.9 -0.7933008075 -0.1668580174 -0.5855187178 -0.1910462081 0.9813601971 -0.0208203569 0.5780788064 0.0953443274 -0.8103914857
22.8 685.1 2598.2 0 0 0 0 0 0 0 0 0
-570.5 -194.6 2904.7 0 0 0 0 0 0 0 0 0
-484.4 -810.1 2472.7 0 0 0 0 0 0 0 0 0
-417.1 -802.6 2714.9 0 0 0 0 0 0 0 0 0
-381.6 506.4 2660.2 7 -0.6974592209 -0.0425826274 -0.7153581977 -0.0749902651 0.9970893264 0.0137608927 0.7126900554 0.0632425696 -0.6986224055
-373.1 307.2 2647.6 -0.6974592209 -0.0425826274 -0.7153581977 -0.0749902651 0.9970893264 0.0137608927 0.7126900554 0.0632425696 -0.6986224055
-365.9 108.8 2637.3 -0.6979715824 -0.0358747356 -0.7152262926 -0.0619605742 0.9980243444 0.0104063014 0.7134399414 0.0515791364 -0.6988154650
-274.9 315.9 2547.2 -0.7897973061 -0.5017135739 0.3528507650 -0.5975399613 0.4995134175 -0.6272419095 0.1384420991 -0.7062363625 -0.6943082809
-81.0 462.6 2513.2 -0.3964142203 -0.5017135739 0.7688558102 -0.8584184647 0.4995134175 -0.1166364625 -0.3255356848 -0.7062363625 -0.6286944151
-471.2 298.5 2747.9 -0.2389099598 0.8974265456 -0.3708740771 -0.8824309111 -0.0412499271 0.4686300755 0.4052625597 0.4392311573 0.8017719388
-535.7 60.3 2857.3 -0.1095471978 0.9010306001 -0.4196942747 -0.9738162756 -0.0126692168 0.2269830704 0.1992014945 0.4335704744 0.8788261414
-292.5 -86.7 2563.8 -0.4013760388 0.3014701605 -0.8648774624 0.0253503378 0.9475734830 0.3185308278 0.9155624509 0.1059257016 -0.3879756629
-412.4 -463.4 2521.7 -0.4155156612 0.2076509148 -0.8855664134 -0.0367311314 0.9689680338 0.2444418073 0.9088440537 0.1340972632 -0.3949941397
-422.8 -95.3 2692.5 -0.7842227221 0.1197017059 -0.6088236570 0.1786318868 0.9832282662 -0.0367809087 0.5942098498 -0.1375997365 -0.7924525142
-469.8 -481.4 2746.5 -0.7786773443 -0.1619939059 -0.6061514020 -0.1917381883 0.9813165665 -0.0159450602 0.5974094272 0.1038063169 -0.7951894403
22.0 685.7 2597.8 0 0 0 0 0 0 0 0 0
-564.2 -192.8 2909.1 0 0 0 0 0 0 0 0 0
-486.2 -807.8 2474.0 0 0 0 0 0 0 0 0 0
-417.2 -800.3 2712.8 0 0 0 0 0 0 0 0 0
-380.3 508.1 2659.0 8 -0.7020936012 -0.0391459949 -0.7110078335 -0.0730246231 0.9971817136 0.0172072016 0.7083303928 0.0640021488 -0.7029735446
-372.5 308.6 2646.2 -0.7020936012 -0.0391459949 -0.7110078335 -0.0730246231 0.9971817136 0.0172072016 0.7083303928 0.0640021488 -0.7029735446
-366.1 110.2 2635.6 -0.7025367022 -0.0323686898 -0.7109109759 -0.0606623776 0.9980529547 0.0145051666 0.7090572715 0.0533159636 -0.7031323910
-273.6 317.2 2546.4 -0.7923007607 -0.4996979237 0.3500878513 -0.5926377177 0.4938781559 -0.6362899542 0.1450520307 -0.7116082907 -0.6874398589
-80.9 461.3 2511.1 -0.3960098326 -0.4996979237 0.7703753710 -0.8609023094 0.4938781559 -0.1221948192 -0.3194110692 -0.7116082907 -0.6257717013
-471.3 300.1 2745.9 -0.2447976768 0.8945681453 -0.3739276528 -0.8822373152 -0.0455511138 0.4685961902 0.4021584094 0.4446041882 0.8003722429
-537.4 62.0 2854.5 -0.1145131290 0.8983175159 -0.4241608381 -0.9737579823 -0.0169691853 0.2269524783 0.1966777146 0.4390190542 0.8766870499
-294.8 -83.9 2561.6 -0.4052724540 0.2931843400 -0.8659083247 0.0301129147 0.9509474039 0.3078835905 0.9136998653 0.0987017080 -0.3942213953
-411.3 -462.0 2522.4 -0.4204807878 0.2144150287 -0.8816019893 -0.0343588665 0.9672148824 0.2516244948 0.9066506028 0.1360941082 -0.3993282020
-424.1 -93.8 2690.0 -0.7871323228 0.1243313253 -0.6041228771 0.1805395335 0.9830166101 -0.0329216756 0.5897696018 -0.1349817812 -0.7962108254
-472.9 -479.8 2743.0 -0.7830222845 -0.1589051783 -0.6013528705 -0.1899467558 0.9817200303 -0.0120858382 0.5922806263 0.1047615483 -0.7988921404
22.1 685.1 2594.2 0 0 0 0 0 0 0 0 0
-567.2 -191.2 2905.6 0 0 0 0 0 0 0 0 0
-487.4 -804.9 2474.1 0 0 0 0 0 0 0 0 0
-421.3 -798.8 2709.0 0 0 0 0 0 0 0 0 0
-381.2 506.5 2656.9 9 -0.7159295678 -0.0455087163 -0.6966877580 -0.0755494833 0.9970636368 0.0125063518 0.6940729022 0.0615880713 -0.7172654867
-372.1 307.4 2644.6 -0.7159295678 -0.0455087163 -0.6966877580 -0.0755494833 0.9970636368 0.0125063518 0.6940729022 0.0615880713 -0.7172654867
-364.7 109.0 2634.4 -0.7164739370 -0.0371645838 -0.6966231465 -0.0624116249 0.9979904294 0.0109476745 0.6948164105 0.0513211079 -0.7173537016
-271.3 316.1 2546.8 -0.7878841758 -0.4960013032 0.3649948537 -0.5976936817 0.4731460512 -0.6472210288 0.1483265907 -0.7280903459 -0.6692411304
-80.3 461.0 2510.9 -0.4012701809 -0.4960013032 0.7700421810 -0.8684957623 0.4731460512 -0.1478105932 -0.2910281718 -0.7280903459 -0.6206344366
-472.9 298.6 2742.3 -0.2495642304 0.8855781555 -0.3917512298 -0.8826413155 -0.0416195802 0.4682009518 0.3983240128 0.4626220167 0.7920346260
-540.2 60.3 2849.9 -0.1148336157 0.8893327117 -0.4426065981 -0.9739249945 -0.0130332438 0.2264955938 0.1956613362 0.4570749104 0.8676400185
-295.2 -82.6 2559.9 -0.4215200543 0.2929313779 -0.8582028151 0.0370225534 0.9511582255 0.3064757586 0.9060630202 0.0974128172 -0.4117773175
-411.6 -460.8 2521.2 -0.4372538328 0.2096406519 -0.8745626807 -0.0307853464 0.9683924913 0.2475242168 0.8988110423 0.1351546347 -0.4169794619
-423.0 -95.2 2687.9 -0.7995404601 0.1233700588 -0.5878051519 0.1783535182 0.9832995534 -0.0362214074 0.5735199451 -0.1337976009 -0.8081912398
-471.5 -481.3 2740.5 -0.7941055298 -0.1646253616 -0.5850597024 -0.1920902729 0.9812567234 -0.0153826885 0.5766261816 0.1001688093 -0.8108443022
24.0 686.7 2586.5 0 0 0 0 0 0 0 0 0
-570.1 -192.9 2900.7 0 0 0 0 0 0 0 0 0
-486.1 -804.7 2473.2 0 0 0 0 0 0 0 0 0
-418.0 -800.2 2707.9 0 0 0 0 0 0 0 0 0
-379.8 501.7 2653.8 0 -0.7189968228 -0.0425375663 -0.6937103868 -0.0707612708 0.9974189401 0.0121799493 0.6914017200 0.0578451715 -0.7201510668
-371.4 303.9 2642.4 -0.7189968228 -0.0425375663 -0.6937103868 -0.0707612708 0.9974189401 0.0121799493 0.6914017200 0.0578451715 -0.7201510668
-364.1 105.4 2632.7 -0.7194309831 -0.0363094062 -0.6936141849 -0.0597728677 0.9981644154 0.0097456118 0.6919871569 0.0484706052 -0.7202807665
-270.1 312.3 2545.0 -0.7765147090 -0.5049425960 0.3769056499 -0.6148490310 0.4764091969 -0.6284862161 0.1377881616 -0.7197688818 -0.6804022193
-79.2 463.5 2511.1 -0.4000555277 -0.5049425960 0.7648454309 -0.8680810928 0.4764091969 -0.1395332068 -0.2939231396 -0.7197688818 -0.6289212704
-472.6 295.5 2739.7 -0.2522031367 0.8835932612 -0.3945332468 -0.8812670708 -0.0413182043 0.4708090723 0.3997023106 0.4664286971 0.7891022563
-540.7 57.6 2847.6 -0.1167115793 0.8874025345 -0.4459766746 -0.9732640386 -0.0127485236 0.2293351144 0.1978270113 0.4608191252 0.8651648760
-291.6 -83.7 2560.5 -0.4237468243 0.3012551963 -0.8542153835 0.0447343513 0.9488804936 0.3124494553 0.9046753645 0.0941866934 -0.4155615568
-411.4 -461.0 2523.0 -0.4425847232 0.2057148367 -0.8728116155 -0.0367120951 0.9683579803 0.2468502969 0.8959748745 0.1412949115 -0.4210282266
-422.9 -98.5 2686.6 -0.8017303348 0.1250020266 -0.5844681263 0.1807735413 0.9827989340 -0.0377775319 0.5696923733 -0.1359437704 -0.8105368018
-472.0 -484.4 2740.0 -0.7967044115 -0.1640140861 -0.5816884637 -0.1897238791 0.9816912413 -0.0169460755 0.5738178492 0.0968591794 -0.8132351041
24.8 689.1 2587.5 0 0 0 0 0 0 0 0 0
-571.0 -195.4 2899.1 0 0 0 0 0 0 0 0 0
-484.8 -806.5 2472.6 0 0 0 0 0 0 0 0 0
-418.7 -803.4 2708.5 0 0 0 0 0 0 0 0 0
-380.6 499.0 2653.8 1 -0.7264590859 -0.0475988761 -0.6855593324 -0.0757903680 0.9970621467 0.0110851992 0.6830176115 0.0600117370 -0.7279323936
-371.2 301.2 2641.9 -0.7264590859 -0.0475988761 -0.6855593324 -0.0757903680 0.9970621467 0.0110851992 0.6830176115 0.0600117370 -0.7279323936
-363.0 102.8 2631.6 -0.7269259691 -0.0409897231 -0.6854913831 -0.0652756095 0.9978215098 0.0095553529 0.6836063862 0.0516919047 -0.7280180454
-268.9 310.4 2545.7 -0.7713894844 -0.5127546787 0.3768830895 -0.6205759645 0.4750318229 -0.6238831878 0.1408675462 -0.7151415348 -0.6846377850
-80.3 462.1 2511.3 -0.4008203149 -0.5127546787 0.7592270374 -0.8690810204 0.4750318229 -0.1379963011 -0.2898987830 -0.7151415348 -0.6360277534
-473.4 292.0 2738.1 -0.2530154884 0.8784542680 -0.4053409100 -0.8837567568 -0.0393865891 0.4662860632 0.3936460018 0.4762003720 0.7863053083
-541.7 53.5 2844.4 -0.1148751751 0.8822078109 -0.4566323161 -0.9744555950 -0.0107778972 0.2243214250 0.1929765791 0.4707368910 0.8609104753
-290.9 -87.5 2559.6 -0.4286488295 0.3093163967 -0.8488719463 0.0567076579 0.9469258785 0.3164105415 0.9016897678 0.0874914676 -0.4234392643
-413.9 -464.0 2524.8 -0.4514944553 0.1955190003 -0.8705888987 -0.0446194634 0.9695289135 0.2408792078 0.8911575675 0.1476008445 -0.4290129840
-421.5 -101.5 2684.1 -0.8088394403 0.1224294081 -0.5751432776 0.1753753573 0.9837979674 -0.0372162871 0.5612684488 -0.1309679598 -0.8172056675
-469.6 -487.9 2735.5 -0.8023150563 -0.1691901237 -0.5724204779 -0.1951191425 0.9806429744 -0.0163657237 0.5641090870 0.0985597298 -0.8197969198
23.9 688.0 2586.6 0 0 0 0 0 0 0 0 0
-571.6 -199.9 2894.5 0 0 0 0 0 0 0 0 0
-483.4 -808.5 2472.4 0 0 0 0 0 0 0 0 0
-414.6 -806.5 2703.5 0 0 0 0 0 0 0 0 0
-379.9 503.9 2655.3 2 -0.7170691490 -0.0428324305 -0.6956846714 -0.0750239640 0.9970542789 0.0159427319 0.6929525137 0.0636250675 -0.7181703448
-371.3 305.3 2642.6 -0.7170691490 -0.0428324305 -0.6956846714 -0.0750239640 0.9970542789 0.0159427319 0.6929525137 0.0636250675 -0.7181703448
-364.2 106.9 2631.8 -0.7175185680 -0.0360859372 -0.6956040263 -0.0636645928 0.9978744984 0.0139034474 0.6936237812 0.0542613305 -0.7182908654
-270.4 314.3 2545.0 -0.7819780707 -0.5065222383 0.3632430732 -0.6056715250 0.4798457623 -0.6347519755 0.1472153515 -0.7163680792 -0.6820149422
-80.7 461.1 2509.3 -0.3992803395 -0.5065222383 0.7642057538 -0.8669198155 0.4798457623 -0.1349001825 -0.2983709276 -0.7163680792 -0.6307071447
-472.3 296.3 2740.2 -0.2511666715 0.8848818541 -0.3923001289 -0.8835034370 -0.0440250263 0.4663512707 0.3953947723 0.4637303948 0.7928537726
-540.1 57.8 2847.0 -0.1162468717 0.8886780739 -0.4435515702 -0.9743613005 -0.0154239917 0.2244597822 0.1926311404 0.4582722187 0.8676864505
-288.2 -89.5 2558.6 -0.4179679751 0.3191193342 -0.8505678177 0.0498689003 0.9429204464 0.3292630315 0.9070919752 0.0952045247 -0.4100246727
-415.0 -464.4 2520.8 -0.4382828474 0.1917728335 -0.8781408072 -0.0430827588 0.9713693857 0.2336352766 0.8978040218 0.1402310729 -0.4174724221
-422.8 -97.3 2684.7 -0.8001322150 0.1247101650 -0.5867161155 0.1775993109 0.9835446477 -0.0331419371 0.5729283690 -0.1307183057 -0.8091142178
-471.8 -483.6 2736.0 -0.7951265574 -0.1636622548 -0.5839421153 -0.1929194480 0.9811375737 -0.0122954212 0.5749398470 0.1028773710 -0.8117021918
23.1 686.5 2586.9 0 0 0 0 0 0 0 0 0
-570.3 -195.5 2897.0 0 0 0 0 0 0 0 0 0
-483.1 -809.2 2471.0 0 0 0 0 0 0 0 0 0
-418.6 -802.4 2702.6 0 0 0 0 0 0 0 0 0
-380.8 506.5 2656.0 3 -0.7128915191 -0.0472661220 -0.6996796727 -0.0805750489 0.9966391325 0.0147696156 0.6966300011 0.0669058561 -0.7143040299
-371.3 307.7 2642.7 -0.7128915191 -0.0472661220 -0.6996796727 -0.0805750489 0.9966391325 0.0147696156 0.6966300011 0.0669058561 -0.7143040299
-363.7 109.3 2631.4 -0.7134701610 -0.0382192060 -0.6996424794 -0.0670755282 0.9976510406 0.0139027564 0.6974676847 0.0568480939 -0.7143577933
-270.9 317.1 2544.5 -0.7858021259 -0.5113167167 0.3479514718 -0.5989136100 0.4887148440 -0.6343975663 0.1543290317 -0.7069038153 -0.6902677417
-79.3 463.2 2506.9 -0.3938839138 -0.5113167167 0.7638132572 -0.8643488884 0.4887148440 -0.1185696349 -0.3126602471 -0.7069038153 -0.6344529390
-471.7 298.2 2740.8 -0.2468130589 0.8875623345 -0.3889940679 -0.8850481510 -0.0429693758 0.4635120630 0.3946810067 0.4586792886 0.7961407900
-538.4 59.3 2847.4 -0.1127992496 0.8912584186 -0.4392434061 -0.9751003385 -0.0143462056 0.2212996483 0.1909337044 0.4532688260 0.8706846237
-291.2 -85.6 2557.4 -0.4129670560 0.3085048497 -0.8569031358 0.0468107387 0.9468268752 0.3183200061 0.9095421433 0.0913434103 -0.4054496586
-413.8 -462.0 2521.1 -0.4325317740 0.1924767494 -0.8808342218 -0.0428393371 0.9714570045 0.2333154678 0.9006003737 0.1386507154 -0.4119404256
-421.6 -95.2 2684.1 -0.7973467708 0.1215869412 -0.5911470056 0.1742701679 0.9841568470 -0.0326367728 0.5778131485 -0.1290421039 -0.8059032559
-469.3 -481.7 2734.8 -0.7914259434 -0.1654869020 -0.5884377956 -0.1962632984 0.9804805517 -0.0117749199 0.5789003968 0.1061697677 -0.8084567785
23.1 687.8 2588.2 0 0 0 0 0 0 0 0 0
-567.7 -194.2 2897.0 0 0 0 0 0 0 0 0 0
-482.8 -810.0 2471.4 0 0 0 0 0 0 0 0 0
-415.6 -800.2 2700.3 0 0 0 0 0 0 0 0 0
-381.1 508.2 2656.4 4 -0.7123481035 -0.0500146635 -0.7000418901 -0.0821447745 0.9965434074 0.0123905381 0.6970024109 0.0663311630 -0.7139942646
-371.1 309.3 2643.2 -0.7123481035 -0.0500146635 -0.7000418901 -0.0821447745 0.9965434074 0.0123905381 0.6970024109 0.0663311630 -0.7139942646
-363.1 111.0 2631.8 -0.7129538655 -0.0403219871 -0.7000506520 -0.0687737092 0.9975529313 0.0125836143 0.6978302002 0.0571166165 -0.7139822841
-270.8 319.0 2545.0 -0.7881346941 -0.5123419762 0.3411003947 -0.5941313505 0.4884948432 -0.6390467286 0.1607846767 -0.7063133121 -0.6893981099
-78.6 463.9 2505.8 -0.4003459513 -0.5123419762 0.7597557902 -0.8634818196 0.4884948432 -0.1255864650 -0.3067935705 -0.7063133121 -0.6379649043
-471.5 299.6 2741.4 -0.2447175831 0.8878957033 -0.3895567954 -0.8856644630 -0.0411865599 0.4624955952 0.3946033418 0.4581973851 0.7964567542
-537.5 60.6 2847.9 -0.1106137410 0.8915279508 -0.4392522275 -0.9753859639 -0.0125527494 0.2201467752 0.1907531768 0.4527917206 0.8709723949
-290.7 -82.8 2556.1 -0.4095718861 0.3080814481 -0.8586831093 0.0549854599 0.9478771091 0.3138560057 0.9106192589 0.0813314989 -0.4051637948
-413.2 -459.7 2523.8 -0.4319448173 0.1916009039 -0.8813130856 -0.0466926172 0.9711126685 0.2340084463 0.9006905556 0.1422295570 -0.4105207622
-420.5 -93.6 2684.5 -0.7974098921 0.1194153056 -0.5915043950 0.1724223793 0.9844464660 -0.0336993784 0.5782802105 -0.1288608164 -0.8055972457
-467.4 -480.2 2735.1 -0.7906941175 -0.1675384045 -0.5888409615 -0.1981155425 0.9800947309 -0.0128297955 0.5792694092 0.1065141037 -0.8081470728
25.5 688.3 2585.5 0 0 0 0 0 0 0 0 0
-566.3 -193.0 2897.5 0 0 0 0 0 0 0 0 0
-482.6 -811.7 2472.2 0 0 0 0 0 0 0 0 0
-413.0 -798.7 2700.5 0 0 0 0 0 0 0 0 0
-380.0 506.7 2655.1 5 -0.7092617154 -0.0517998934 -0.7030395865 -0.0834730119 0.9964515567 0.0107933115 0.6999858022 0.0663401112 -0.7110688090
-369.7 308.7 2641.9 -0.7092617154 -0.0517998934 -0.7030395865 -0.0834730119 0.9964515567 0.0107933115 0.6999858022 0.0663401112 -0.7110688090
-361.4 110.3 2630.6 -0.7099111676 -0.0419360213 -0.7030416131 -0.0696578100 0.9975121021 0.0108374329 0.7008380294 0.0566659532 -0.7110661268
-269.8 318.5 2543.3 -0.7856293917 -0.5095813870 0.3508749604 -0.5999280810 0.4888133109 -0.6333622932 0.1512373090 -0.7080878019 -0.6897383332
-77.8 465.1 2506.3 -0.4006401896 -0.5095813870 0.7614553571 -0.8630955815 0.4888133109 -0.1269944310 -0.3074955046 -0.7080878019 -0.6356557012
-469.7 298.9 2740.5 -0.2414281517 0.8898718357 -0.3870925009 -0.8858678341 -0.0392535441 0.4622740746 0.3961699009 0.4545187652 0.7977857590
-534.8 59.7 2847.5 -0.1080052778 0.8934283853 -0.4360282123 -0.9754703641 -0.0106156981 0.2198747098 0.1918135583 0.4490802288 0.8726594448
-289.7 -81.0 2556.4 -0.4051185846 0.3114574254 -0.8595773578 0.0571183674 0.9469704032 0.3162033856 0.9124781489 0.0790022090 -0.4014252424
-413.5 -457.5 2525.0 -0.4290128052 0.1876238137 -0.8835979104 -0.0527505279 0.9713172913 0.2318621427 0.9017568231 0.1460820884 -0.4068103135
-418.2 -94.4 2683.7 -0.7953127623 0.1170478091 -0.5947919488 0.1713024229 0.9845859408 -0.0352986902 0.5814921260 -0.1299628019 -0.8031043410
-464.2 -481.0 2734.7 -0.7879034877 -0.1689186990 -0.5921778679 -0.1992277354 0.9798470140 -0.0144251669 0.5826804042 0.1066126078 -0.8056781888
26.3 689.4 2586.3 0 0 0 0 0 0 0 0 0
-562.9 -193.9 2897.4 0 0 0 0 0 0 0 0 0
-482.0 -812.2 2471.7 0 0 0 0 0 0 0 0 0
-409.3 -799.4 2700.1 0 0 0 0 0 0 0 0 0
-378.3 508.2 2656.9 6 -0.6972013116 -0.0473067462 -0.7153127789 -0.0773940384 0.9969553351 0.0095014581 0.7126854062 0.0619853772 -0.6987398267
-368.9 310.7 2644.7 -0.6972013116 -0.0473067462 -0.7153127789 -0.0773940384 0.9969553351 0.0095014581 0.7126854062 0.0619853772 -0.6987398267
-361.5 112.2 2635.1 -0.6979181170 -0.0370919853 -0.7152163982 -0.0604493096 0.9981451631 0.0072222697 0.7136218548 0.0482748896 -0.6988657713
