-412.2 504.2 2677.9 03 -0.6975313425 -0.0705630332 -0.7130714059 -0.1423750222 0.9889461994 0.0414095894 0.7022672892 0.1304080486 -0.6998674273
-398.0 305.3 2651.7 -0.6975313425 -0.0705630332 -0.7130714059 -0.1423750222 0.9889461994 0.0414095894 0.7022672892 0.1304080486 -0.6998674273
-385.0 108.4 2628.0 -0.6983530521 -0.0650209710 -0.7127940059 -0.1303770840 0.9907603860 0.0373586640 0.7037789226 0.1190215349 -0.7003778219
-299.9 323.5 2552.8 -0.9740306139 -0.2041787207 -0.0978540704 -0.0516540445 0.6211771965 -0.7819659114 0.2204455286 -0.7566041946 -0.6155923009
-95.2 334.4 2506.5 -0.2264975458 -0.2041787207 0.9523707032 -0.7818908095 0.6211771965 -0.0527790077 -0.5808146000 -0.7566041946 -0.3003405929
-496.1 287.0 2750.5 -0.2140784413 0.8967959285 -0.3872046769 -0.9146679640 -0.0449031740 0.4017041326 0.3428599238 0.4401598871 0.8298833370
-553.9 40.3 2843.0 -0.0813742727 0.8995785117 -0.4291115701 -0.9879264235 -0.0158531684 0.1541105509 0.1318317652 0.4364712834 0.8900074363
-305.6 -77.2 2537.2 -0.3652483523 0.3354218006 -0.8683811426 0.1225343123 0.9420368075 0.3123331368 0.9228103757 0.0076726810 -0.3851780891
-438.9 -451.6 2534.1 -0.4021356106 0.1351231784 -0.9055543542 -0.0829762891 0.9796012640 0.1830199957 0.9118124247 0.1487383991 -0.3827205300
-435.9 -100.5 2668.8 -0.8000250459 -0.0474338904 -0.5980885625 0.0321037993 0.9920571446 -0.1216224059 0.5991070867 -0.1165018827 -0.7921477556
-417.1 -494.8 2715.1 -0.8000250459 -0.0474338904 -0.5980885625 0.0321037993 0.9920571446 -0.1216224059 0.5991070867 -0.1165018827 -0.7921477556
-36.9 535.6 2655.9 0 0 0 0 0 0 0 0 0
-575.0 -216.4 2877.3 0 0 0 0 0 0 0 0 0
-489.7 -819.4 2478.3 0 0 0 0 0 0 0 0 0
-399.0 -873.9 2759.6 0 0 0 0 0 0 0 0 0
-415.1 503.4 2686.8 04 -0.6392045021 -0.0654844716 -0.7662436962 -0.1456103474 0.9886507392 0.0369771644 0.7551259995 0.1352089792 -0.6414852142
-401.9 304.6 2659.6 -0.6392045021 -0.0654844716 -0.7662436962 -0.1456103474 0.9886507392 0.0369771644 0.7551259995 0.1352089792 -0.6414852142
-390.1 107.6 2635.9 -0.6402103901 -0.0592138059 -0.7659140825 -0.1296408623 0.9910527468 0.0317443162 0.7571815252 0.1196167991 -0.6421588063
-312.2 322.8 2553.5 -0.9724377990 -0.2064407915 -0.1083831862 -0.0439412780 0.6187710762 -0.7843414545 0.2289844602 -0.7579607964 -0.6107876301
-98.6 332.4 2503.2 -0.2389665991 -0.2064407915 0.9488293529 -0.7830738425 0.6187710762 -0.0625917614 -0.5741866827 -0.7579607964 -0.3095239997
-491.7 286.4 2765.8 -0.1825586259 0.9288733006 -0.3222835660 -0.9142190814 -0.0397610292 0.4032648206 0.3617675900 0.3682572544 0.8564524651
-540.9 39.9 2863.3 -0.0668687373 0.9312338829 -0.3582346141 -0.9876579046 -0.0108117918 0.1562527120 0.1416346580 0.3642616868 0.9204635024
-308.0 -76.7 2539.9 -0.3055373132 0.3292863071 -0.8934301734 0.0862928852 0.9440141916 0.3184191287 0.9482617974 0.0201922636 -0.3168466389
-438.9 -451.9 2531.9 -0.3355610371 0.1328774095 -0.9325997829 -0.0948925763 0.9801979661 0.1738027483 0.9372268915 0.1468182355 -0.3163071573
-436.8 -101.3 2681.4 -0.7504325509 -0.0600319915 -0.6582151651 0.0319852270 0.9914014339 -0.1268864125 0.6601727009 -0.1162728518 -0.7420597672
-412.9 -495.4 2727.6 -0.7504325509 -0.0600319915 -0.6582151651 0.0319852270 0.9914014339 -0.1268864125 0.6601727009 -0.1162728518 -0.7420597672
-36.8 535.0 2651.7 0 0 0 0 0 0 0 0 0
-558.3 -216.8 2900.2 0 0 0 0 0 0 0 0 0
-488.4 -817.3 2477.1 0 0 0 0 0 0 0 0 0
-390.0 -874.3 2772.1 0 0 0 0 0 0 0 0 0
-413.5 502.8 2683.8 05 -0.6511993408 -0.0535002761 -0.7570185661 -0.1326118261 0.9901866913 0.0440959744 0.7472305894 0.1291048825 -0.6519036889
-402.7 304.2 2657.9 -0.6511993408 -0.0535002761 -0.7570185661 -0.1326118261 0.9901866913 0.0440959744 0.7472305894 0.1291048825 -0.6519036889
-393.5 106.9 2635.1 -0.6519727707 -0.0464304164 -0.7568194866 -0.1172681823 0.9922885299 0.0401460268 0.7491192818 0.1149249598 -0.6523898840
-311.2 320.6 2552.7 -0.9748419523 -0.2065461129 -0.0837965012 -0.0672587752 0.6309970617 -0.7728641033 0.2125074267 -0.7477843165 -0.6290144324
-100.5 335.2 2506.8 -0.2442839295 -0.2065461129 0.9474513531 -0.7733175159 0.6309970617 -0.0618280396 -0.5850687027 -0.7477843165 -0.3138681650
-494.3 287.7 2763.1 -0.2010369003 0.9231985211 -0.3275494874 -0.9096661806 -0.0518822037 0.4120870233 0.3634441495 0.3808053732 0.8502326608
-548.5 42.3 2861.2 -0.0833986104 0.9260429740 -0.3680884540 -0.9859282374 -0.0229751766 0.1655826122 0.1448797137 0.3767181635 0.9149280190
-319.8 -77.6 2543.0 -0.3255114257 0.2975030541 -0.8975155950 0.0687214956 0.9541448355 0.2913502157 0.9430374503 0.0331592076 -0.3310298920
-438.0 -456.6 2529.8 -0.3514712155 0.1418700516 -0.9253868461 -0.0827575251 0.9798737168 0.1816555113 0.9325337410 0.1404294074 -0.3326565921
-443.9 -101.1 2680.8 -0.7585627437 -0.0439779088 -0.6501142383 0.0458000824 0.9916535616 -0.1205220222 0.6499884129 -0.1211988032 -0.7502172589
-426.4 -495.3 2729.0 -0.7585627437 -0.0439779088 -0.6501142383 0.0458000824 0.9916535616 -0.1205220222 0.6499884129 -0.1211988032 -0.7502172589
-36.9 536.5 2659.1 0 0 0 0 0 0 0 0 0
-570.2 -213.9 2898.8 0 0 0 0 0 0 0 0 0
-489.8 -814.5 2478.5 0 0 0 0 0 0 0 0 0
-409.6 -874.3 2775.3 0 0 0 0 0 0 0 0 0
-414.9 506.8 2690.3 06 -0.6391000152 -0.0546944179 -0.7671764493 -0.1486468315 0.9874457121 0.0534328520 0.7546226382 0.1481872797 -0.6392067075
-404.0 308.6 2660.5 -0.6391000152 -0.0546944179 -0.7671764493 -0.1486468315 0.9874457121 0.0534328520 0.7546226382 0.1481872797 -0.6392067075
-394.4 111.8 2634.5 -0.6400145888 -0.0479713604 -0.7668637633 -0.1310286373 0.9902443290 0.0474098288 0.7571081519 0.1308241040 -0.6400564313
-314.0 327.0 2554.1 -0.9768024683 -0.1838088036 -0.1098690405 -0.0256291423 0.6097245812 -0.7921988964 0.2126029879 -0.7710059881 -0.6002913713
-100.4 332.6 2507.6 -0.2457667291 -0.1838088036 0.9517421126 -0.7879645228 0.6097245812 -0.0857193619 -0.5645445585 -0.7710059881 -0.2946848273
-493.9 290.2 2767.0 -0.1927094012 0.9290602803 -0.3157690763 -0.9156563282 -0.0545752831 0.3982399404 0.3527557254 0.3658805192 0.8612170815
-545.9 43.1 2862.1 -0.0781412348 0.9317536354 -0.3545829356 -0.9882731438 -0.0255940929 0.1505360007 0.1311872452 0.3621878624 0.9228271246
-324.5 -79.6 2543.6 -0.3093008399 0.2919992208 -0.9050245285 0.0594533645 0.9557673335 0.2880522311 0.9491039515 0.0352880470 -0.3129799962
-440.6 -459.5 2529.6 -0.3337672949 0.1394430548 -0.9322848320 -0.0873761252 0.9801642895 0.1778859794 0.9385972619 0.1408319473 -0.3149627745
-443.6 -97.1 2677.9 -0.7486664653 -0.0489892252 -0.6611343026 0.0333806053 0.9932153225 -0.1113961041 0.6621059179 -0.1054675877 -0.7419517040
-424.1 -491.9 2719.8 -0.7486664653 -0.0489892252 -0.6611343026 0.0333806053 0.9932153225 -0.1113961041 0.6621059179 -0.1054675877 -0.7419517040
-36.9 536.2 2653.5 0 0 0 0 0 0 0 0 0
-566.2 -213.8 2896.2 0 0 0 0 0 0 0 0 0
-491.0 -813.5 2478.7 0 0 0 0 0 0 0 0 0
-405.4 -871.5 2760.2 0 0 0 0 0 0 0 0 0
-415.9 505.0 2681.5 07 -0.6674302816 -0.0525098927 -0.7428186536 -0.1285126954 0.9906662703 0.0454397351 0.7334993482 0.1257894784 -0.6679488420
-405.3 306.5 2656.3 -0.6674302816 -0.0525098927 -0.7428186536 -0.1285126954 0.9906662703 0.0454397351 0.7334993482 0.1257894784 -0.6679488420
-396.3 109.2 2634.5 -0.6682444215 -0.0459886752 -0.7425189614 -0.1121172234 0.9929133654 0.0394049734 0.7354448438 0.1095813215 -0.6686649323
-311.4 322.3 2553.0 -0.9778718352 -0.1880472600 -0.0916781798 -0.0431930088 0.6102562547 -0.7910256982 0.2046974003 -0.7695618868 -0.6048747897
-101.4 331.6 2509.0 -0.2497082949 -0.1880472600 0.9498863220 -0.7874994278 0.6102562547 -0.0862083510 -0.5634628534 -0.7695618868 -0.3004731834
-499.3 290.7 2759.7 -0.2120599002 0.9145451784 -0.3444383144 -0.9072888494 -0.0532809943 0.4171188176 0.3631219864 0.4009591937 0.8410553932
-556.5 45.9 2857.7 -0.0899757966 0.9175764322 -0.3872438669 -0.9849705696 -0.0244229827 0.1709867269 0.1474357396 0.3968084753 0.9059832692
-326.3 -73.1 2539.2 -0.3456706405 0.2804974020 -0.8954513073 0.0729418844 0.9594215155 0.2723781765 0.9355165958 0.0288372263 -0.3521038592
-437.8 -454.4 2527.7 -0.3704500198 0.1465648413 -0.9172161818 -0.0680404902 0.9805377126 0.1841637343 0.9263569713 0.1306312978 -0.3532678783
-448.5 -98.5 2680.1 -0.7722222805 -0.0379725918 -0.6342167258 0.0512615032 0.9912344217 -0.1217643991 0.6332811117 -0.1265400797 -0.7635067701
-433.4 -492.4 2730.4 -0.7722222805 -0.0379725918 -0.6342167258 0.0512615032 0.9912344217 -0.1217643991 0.6332811117 -0.1265400797 -0.7635067701
-36.9 534.9 2654.5 0 0 0 0 0 0 0 0 0
-579.9 -210.1 2896.0 0 0 0 0 0 0 0 0 0
-491.5 -814.2 2479.8 0 0 0 0 0 0 0 0 0
-418.9 -871.2 2778.8 0 0 0 0 0 0 0 0 0
-415.4 502.5 2677.7 08 -0.6755290031 -0.0487664901 -0.7357189655 -0.1179735512 0.9921042323 0.0425612517 0.7278342843 0.1155467406 -0.6759483814
-405.6 303.9 2654.5 -0.6755290031 -0.0487664901 -0.7357189655 -0.1179735512 0.9921042323 0.0425612517 0.7278342843 0.1155467406 -0.6759483814
-397.2 106.3 2634.6 -0.6762410402 -0.0425189398 -0.7354523540 -0.1024816856 0.9940553904 0.0367612466 0.7295173407 0.1002298668 -0.6765784621
-310.5 318.3 2551.9 -0.9761771560 -0.2014756799 -0.0805336162 -0.0629072040 0.6180277467 -0.7836353779 0.2076554745 -0.7599008083 -0.6159788370
-99.8 331.9 2507.1 -0.2431380600 -0.2014756799 0.9488368630 -0.7830841541 0.6180277467 -0.0694323853 -0.5724185705 -0.7599008083 -0.3080385029
-500.7 289.4 2757.1 -0.2199132740 0.9101690650 -0.3510418832 -0.9029353857 -0.0537048765 0.4264076948 0.3692504168 0.4107408524 0.8336342573
-560.1 45.8 2856.7 -0.0959335715 0.9133762121 -0.3956521451 -0.9831749797 -0.0248753224 0.1809644252 0.1554466337 0.4063558877 0.9003950357
-326.0 -77.9 2545.4 -0.3617191017 0.2802059650 -0.8891816139 0.0596854091 0.9587672353 0.2778543234 0.9303746223 0.0474340506 -0.3635286391
-437.4 -459.0 2526.5 -0.3833722770 0.1449200809 -0.9121534228 -0.0661418736 0.9807694554 0.1836205870 0.9212225080 0.1307265759 -0.3664145470
-450.8 -100.7 2681.5 -0.7784116864 -0.0322509930 -0.6269251704 0.0604076535 0.9901965857 -0.1259430200 0.6248409152 -0.1359065920 -0.7688323855
-438.0 -494.3 2735.6 -0.7784116864 -0.0322509930 -0.6269251704 0.0604076535 0.9901965857 -0.1259430200 0.6248409152 -0.1359065920 -0.7688323855
-36.9 534.4 2655.1 0 0 0 0 0 0 0 0 0
-585.0 -209.8 2897.2 0 0 0 0 0 0 0 0 0
-490.0 -814.9 2479.1 0 0 0 0 0 0 0 0 0
-425.7 -872.8 2787.5 0 0 0 0 0 0 0 0 0
-413.7 498.6 2677.2 09 -0.6666915417 -0.0475931987 -0.7438126802 -0.1164360791 0.9923570752 0.0408671387 0.7361827493 0.1138524041 -0.6671376228
-404.1 299.9 2654.4 -0.6666915417 -0.0475931987 -0.7438126802 -0.1164360791 0.9923570752 0.0408671387 0.7361827493 0.1138524041 -0.6671376228
-396.3 102.2 2634.8 -0.6674146652 -0.0395739041 -0.7436340451 -0.0999550745 0.9943113327 0.0367959216 0.7379475832 0.0988881364 -0.6675735712
-310.2 314.0 2550.6 -0.9769673944 -0.2050008923 -0.0592398085 -0.0790875182 0.6057006717 -0.7917523980 0.1981915385 -0.7688311338 -0.6079628468
-99.5 331.0 2507.9 -0.2443485260 -0.2050008923 0.9477702379 -0.7923130393 0.6057006717 -0.0732575729 -0.5590472221 -0.7688311338 -0.3104269505
-498.0 285.8 2758.2 -0.2168356478 0.9150749445 -0.3400296271 -0.9018300176 -0.0544162542 0.4286507368 0.3737444282 0.3995956779 0.8370414376
-556.6 42.4 2859.1 -0.0956001431 0.9182763100 -0.3842255175 -0.9827122092 -0.0255855657 0.1833631694 0.1585474312 0.3951126635 0.9048473239
-326.8 -81.9 2547.8 -0.3536774814 0.2802566290 -0.8923947811 0.0500958227 0.9583641887 0.2811201513 0.9340249896 0.0547206067 -0.3529914916
-438.2 -462.9 2526.0 -0.3736464679 0.1445172131 -0.9162440300 -0.0677205622 0.9809020758 0.1823321879 0.9250957966 0.1301763356 -0.3567238152
-449.7 -104.6 2682.8 -0.7705797553 -0.0323446803 -0.6365223527 0.0628726333 0.9899823666 -0.1264198273 0.6342349052 -0.1374363899 -0.7608267665
-436.8 -498.2 2737.4 -0.7705797553 -0.0323446803 -0.6365223527 0.0628726333 0.9899823666 -0.1264198273 0.6342349052 -0.1374363899 -0.7608267665
-36.8 534.3 2651.3 0 0 0 0 0 0 0 0 0
-581.4 -213.0 2900.3 0 0 0 0 0 0 0 0 0
-490.2 -815.8 2479.2 0 0 0 0 0 0 0 0 0
-424.4 -876.6 2790.0 0 0 0 0 0 0 0 0 0
-413.3 499.1 2677.5 10 -0.6651324630 -0.0485136434 -0.7451477647 -0.1196464226 0.9919185042 0.0422186591 0.7370777130 0.1172352657 -0.6655616760
-403.5 300.5 2654.0 -0.6651324630 -0.0485136434 -0.7451477647 -0.1196464226 0.9919185042 0.0422186591 0.7370777130 0.1172352657 -0.6655616760
-395.5 102.9 2633.8 -0.6658909321 -0.0404858924 -0.7449497581 -0.1027225703 0.9939915538 0.0378003903 0.7389433980 0.1016940922 -0.6660487652
-309.8 314.9 2550.0 -0.9759414196 -0.2075973451 -0.0666457862 -0.0777954683 0.6171042919 -0.7830262780 0.2036815733 -0.7590030432 -0.6184077859
-98.9 331.7 2506.0 -0.2405527979 -0.2075973451 0.9481759667 -0.7842855453 0.6171042919 -0.0638624802 -0.5718657970 -0.7590030432 -0.3112617731
-497.2 286.0 2758.0 -0.2151073217 0.9159066677 -0.3388861418 -0.9030628204 -0.0544548407 0.4260424376 0.3717611134 0.3976803124 0.8388349414
-555.3 42.2 2858.3 -0.0941741467 0.9190675616 -0.3826826513 -0.9832446575 -0.0255998801 0.1804842800 0.1560806185 0.3932676315 0.9060791135
-327.2 -86.2 2547.4 -0.3476426303 0.2900847495 -0.8916251659 0.0616070069 0.9559499025 0.2869919538 0.9356009960 0.0448402874 -0.3502002060
-442.6 -466.3 2529.6 -0.3718892038 0.1317295730 -0.9188829064 -0.0879268348 0.9804305434 0.1761385947 0.9241034985 0.1462984979 -0.3530289531
-448.6 -104.2 2681.4 -0.7694339752 -0.0337586179 -0.6378335953 0.0602603815 0.9903114438 -0.1251077652 0.6358773708 -0.1346982569 -0.7599449754
-435.1 -497.9 2734.9 -0.7694339752 -0.0337586179 -0.6378335953 0.0602603815 0.9903114438 -0.1251077652 0.6358773708 -0.1346982569 -0.7599449754
-36.9 533.9 2653.4 0 0 0 0 0 0 0 0 0
-579.8 -213.4 2898.9 0 0 0 0 0 0 0 0 0
-489.4 -815.2 2477.5 0 0 0 0 0 0 0 0 0
-422.2 -876.5 2786.4 0 0 0 0 0 0 0 0 0
-413.6 492.8 2675.6 11 -0.6973324418 -0.0489940755 -0.7150713801 -0.1197014377 0.9916103482 0.0487904623 0.7066817284 0.1196182445 -0.6973466873
-403.8 293.9 2651.6 -0.6973324418 -0.0489940755 -0.7150713801 -0.1197014377 0.9916103482 0.0487904623 0.7066817284 0.1196182445 -0.6973466873
-395.8 96.3 2630.9 -0.6981137991 -0.0397919230 -0.7148802280 -0.1022287533 0.9937643409 0.0445158631 0.7086511254 0.1041584536 -0.6978284717
-305.6 308.3 2552.0 -0.9704390168 -0.2357182503 -0.0518170409 -0.1094720513 0.6212581992 -0.7759214640 0.2150906175 -0.7473119497 -0.6286977530
-99.5 331.5 2506.3 -0.2426455170 -0.2357182503 0.9410420060 -0.7822496295 0.6212581992 -0.0460845046 -0.5737671256 -0.7473119497 -0.3351360261
-501.9 279.5 2751.3 -0.2355670780 0.8973547220 -0.3731791079 -0.9036126137 -0.0608819872 0.4240018725 0.3577601910 0.4370902479 0.8252028823
-565.5 35.7 2847.8 -0.1057662517 0.9008472562 -0.4210554361 -0.9834187627 -0.0320308171 0.1784982085 0.1473128647 0.4329529107 0.8892979026
-326.4 -85.3 2545.8 -0.3797291815 0.3046374917 -0.8734996915 0.0857807100 0.9517512918 0.2946373820 0.9211120605 0.0369529910 -0.3875397444
-447.5 -463.7 2531.1 -0.4072378576 0.1151494160 -0.9060341716 -0.0931162834 0.9816164970 0.1666085571 0.9085629582 0.1522158533 -0.3890291154
-451.9 -110.6 2675.2 -0.7962034941 -0.0228406787 -0.6045976281 0.0615257807 0.9910503626 -0.1184644103 0.6018925309 -0.1315201223 -0.7876724601
-442.8 -504.6 2727.5 -0.7962034941 -0.0228406787 -0.6045976281 0.0615257807 0.9910503626 -0.1184644103 0.6018925309 -0.1315201223 -0.7876724601
-36.9 533.5 2654.5 0 0 0 0 0 0 0 0 0
-593.0 -220.0 2886.1 0 0 0 0 0 0 0 0 0
-488.8 -815.9 2476.5 0 0 0 0 0 0 0 0 0
-434.1 -883.5 2777.7 0 0 0 0 0 0 0 0 0
-415.0 497.7 2685.7 12 -0.6730715036 -0.0526449680 -0.7377012968 -0.1403332502 0.9884332418 0.0575006045 0.7261413932 0.1422260404 -0.6726741195
-404.5 299.5 2657.2 -0.6730715036 -0.0526449680 -0.7377012968 -0.1403332502 0.9884332418 0.0575006045 0.7261413932 0.1422260404 -0.6726741195
-395.5 102.4 2632.9 -0.6740540862 -0.0454354957 -0.7372833490 -0.1204987764 0.9915003181 0.0490630642 0.7287874818 0.1219129041 -0.6737997532
-309.7 316.5 2554.8 -0.9717288613 -0.2185306102 -0.0893723667 -0.0682916716 0.6225119829 -0.7796249986 0.2260072827 -0.7514806986 -0.6198366284
-99.4 331.3 2505.8 -0.2414745688 -0.2185306102 0.9454810619 -0.7806404233 0.6225119829 -0.0554922670 -0.5764465332 -0.7514806986 -0.3209146261
-499.2 282.6 2759.6 -0.2160099149 0.9113789201 -0.3503257632 -0.9115384221 -0.0596524402 0.4068652093 0.3499105871 0.4072223008 0.8436424732
-557.5 36.6 2854.1 -0.0923521146 0.9144788980 -0.3939535618 -0.9866499901 -0.0307449307 0.1599265337 0.1341373771 0.4034638405 0.9051100016
-323.9 -91.9 2545.3 -0.3463547230 0.3140422702 -0.8839772940 0.0806855187 0.9487830400 0.3054514527 0.9346273541 0.0344703868 -0.3539541364
-448.8 -469.1 2531.6 -0.3736007512 0.1109000146 -0.9209362864 -0.1042425483 0.9815183878 0.1604839563 0.9217135906 0.1559576690 -0.3551355004
-448.3 -105.7 2675.5 -0.7770063877 -0.0357567072 -0.6284763813 0.0442039929 0.9928215742 -0.1111367419 0.6279387474 -0.1141351238 -0.7698481083
-434.1 -500.3 2720.8 -0.7770063877 -0.0357567072 -0.6284763813 0.0442039929 0.9928215742 -0.1111367419 0.6279387474 -0.1141351238 -0.7698481083
-36.9 533.4 2655.1 0 0 0 0 0 0 0 0 0
-581.5 -219.8 2888.9 0 0 0 0 0 0 0 0 0
-488.3 -818.4 2476.1 0 0 0 0 0 0 0 0 0
-420.4 -879.8 2764.5 0 0 0 0 0 0 0 0 0
-416.1 502.5 2672.2 13 -0.7059083581 -0.0543993600 -0.7062110305 -0.1085654423 0.9935746193 0.0319839716 0.6999334693 0.0992478728 -0.7072785497
-405.2 303.0 2652.3 -0.7059083581 -0.0543993600 -0.7062110305 -0.1085654423 0.9935746193 0.0319839716 0.6999334693 0.0992478728 -0.7072785497
-396.2 105.4 2634.0 -0.7064704895 -0.0459767729 -0.7062475085 -0.0974310264 0.9947047234 0.0327064283 0.7010040283 0.0919165462 -0.7072091103
-305.9 316.8 2553.9 -0.9712131619 -0.2201636434 -0.0909558162 -0.0686733276 0.6243903637 -0.7780877948 0.2280985862 -0.7494428754 -0.6215355396
-100.3 331.3 2505.6 -0.2442409545 -0.2201636434 0.9443910122 -0.7791073322 0.6243903637 -0.0559321977 -0.5773543715 -0.7494428754 -0.3240328133
-504.5 289.3 2750.8 -0.2362643480 0.8918960690 -0.3856171668 -0.9004954696 -0.0518675521 0.4317611456 0.3650850356 0.4492562711 0.8154028058
-568.2 46.3 2849.3 -0.1035585254 0.8953129053 -0.4332324862 -0.9820907116 -0.0231156517 0.1869853437 0.1573959440 0.4448375106 0.8816723228
-324.8 -83.6 2541.9 -0.3876096308 0.3132344186 -0.8669734597 0.1073513106 0.9494372010 0.2950332761 0.9155514240 0.0212870110 -0.4016371667
-449.3 -461.0 2533.4 -0.4192647636 0.1089019999 -0.9013087153 -0.0981103182 0.9815303683 0.1642331928 0.9025471807 0.1572848707 -0.4008366764
-452.0 -101.3 2680.0 -0.8040251732 -0.0252522137 -0.5940588117 0.0651172921 0.9893487096 -0.1301877648 0.5910188556 -0.1433577389 -0.7938169241
-441.9 -494.4 2736.9 -0.8040251732 -0.0252522137 -0.5940588117 0.0651172921 0.9893487096 -0.1301877648 0.5910188556 -0.1433577389 -0.7938169241
-36.9 533.5 2655.4 0 0 0 0 0 0 0 0 0
-595.1 -208.9 2890.2 0 0 0 0 0 0 0 0 0
-489.0 -818.9 2476.1 0 0 0 0 0 0 0 0 0
-432.3 -872.4 2791.7 0 0 0 0 0 0 0 0 0
-420.3 503.5 2675.0 14 -0.7406124473 -0.0689049810 -0.6683900952 -0.1330225915 0.9900759459 0.0453283601 0.6586335897 0.1224817336 -0.7424284816
-406.4 304.0 2650.3 -0.7406124473 -0.0689049810 -0.6683900952 -0.1330225915 0.9900759459 0.0453283601 0.6586335897 0.1224817336 -0.7424284816
-394.5 106.9 2628.5 -0.7415797710 -0.0598222427 -0.6681920886 -0.1181269065 0.9920980334 0.0422797576 0.6603828073 0.1102852821 -0.7427864671
-302.3 320.6 2557.7 -0.9710564613 -0.2137432843 -0.1065981612 -0.0455630943 0.6038693786 -0.7957800031 0.2344639897 -0.7678903341 -0.5961300731
-100.5 330.1 2508.9 -0.2479029894 -0.2137432843 0.9449115992 -0.7938542366 0.6038693786 -0.0716742426 -0.5552833080 -0.7678903341 -0.3193820417
-510.5 287.4 2743.0 -0.2460851818 0.8675913811 -0.4321195185 -0.9101700783 -0.0535783246 0.4107550979 0.3332153261 0.4943830073 0.8028405905
-576.9 42.0 2832.9 -0.1018171385 0.8709598780 -0.4806892574 -0.9861060977 -0.0246084612 0.1642839313 0.1312556863 0.4907375276 0.8613644242
-322.5 -83.3 2551.6 -0.4325290322 0.3092256486 -0.8469345570 0.0964539796 0.9498264790 0.2975336909 0.8964459300 0.0470017456 -0.4406535625
-445.4 -460.8 2532.9 -0.4613220394 0.1163623184 -0.8795691133 -0.0830940381 0.9813385010 0.1734075546 0.8833330870 0.1530836821 -0.4430440366
-450.5 -101.1 2667.1 -0.8346517086 -0.0275473893 -0.5500888228 0.0453810468 0.9919129014 -0.1185299158 0.5489053726 -0.1238947958 -0.8266516924
-439.5 -495.3 2716.3 -0.8346517086 -0.0275473893 -0.5500888228 0.0453810468 0.9919129014 -0.1185299158 0.5489053726 -0.1238947958 -0.8266516924
-36.8 533.9 2651.5 0 0 0 0 0 0 0 0 0
-603.3 -214.3 2867.0 0 0 0 0 0 0 0 0 0
-488.2 -821.4 2476.7 0 0 0 0 0 0 0 0 0
-429.0 -874.3 2763.7 0 0 0 0 0 0 0 0 0
-420.7 506.3 2675.4 15 -0.7650552392 -0.0644876361 -0.6407275796 -0.1338102669 0.9891757965 0.0602169074 0.6299089789 0.1318051815 -0.7654032111
-407.8 307.5 2648.9 -0.7650552392 -0.0644876361 -0.6407275796 -0.1338102669 0.9891757965 0.0602169074 0.6299089789 0.1318051815 -0.7654032111
-396.0 110.4 2626.3 -0.7660311460 -0.0592377298 -0.6400681138 -0.1181856617 0.9917490482 0.0496586785 0.6318452954 0.1136869714 -0.7667117119
-300.2 324.1 2560.2 -0.9651494026 -0.2208994329 -0.1403215230 -0.0222159233 0.6034163237 -0.7971168160 0.2607549429 -0.7662193775 -0.5872943997
-100.0 328.7 2506.1 -0.2449185103 -0.2208994329 0.9440436363 -0.7947729826 0.6034163237 -0.0649972931 -0.5552935004 -0.7662193775 -0.3233527243
-515.4 290.9 2737.6 -0.2625567317 0.8484432697 -0.4595736861 -0.9107710123 -0.0606061779 0.4084397852 0.3186849654 0.5258049965 0.7886500955
-586.2 45.2 2823.6 -0.1112194881 0.8520792723 -0.5114598274 -0.9863208532 -0.0316379927 0.1617722660 0.1216612309 0.5224557519 0.8439422846
-314.7 -79.4 2546.2 -0.4549779296 0.3254861534 -0.8288871050 0.1231192648 0.9448608756 0.3034461439 0.8819505572 0.0360093266 -0.4699644446
-444.1 -455.0 2531.9 -0.4885317981 0.1173256114 -0.8646221161 -0.0757087320 0.9814816117 0.1759601682 0.8692553639 0.1514215767 -0.4706024230
-454.4 -97.5 2661.6 -0.8541542292 -0.0183298364 -0.5196965933 0.0463375449 0.9927203059 -0.1111721992 0.5179510713 -0.1190396696 -0.8470869064
-447.1 -492.1 2708.9 -0.8541542292 -0.0183298364 -0.5196965933 0.0463375449 0.9927203059 -0.1111721992 0.5179510713 -0.1190396696 -0.8470869064
-36.8 533.9 2649.4 0 0 0 0 0 0 0 0 0
-615.1 -211.1 2855.2 0 0 0 0 0 0 0 0 0
-487.9 -821.8 2475.3 0 0 0 0 0 0 0 0 0
-440.1 -871.6 2754.4 0 0 0 0 0 0 0 0 0
-419.9 511.1 2675.6 16 -0.7768527269 -0.0762999803 -0.6250424981 -0.1523354948 0.9859185219 0.0689819977 0.6109776497 0.1488050073 -0.7775366902
-404.6 313.4 2645.8 -0.7768527269 -0.0762999803 -0.6250424981 -0.1523354948 0.9859185219 0.0689819977 0.6109776497 0.1488050073 -0.7775366902
-390.8 116.9 2619.3 -0.7779679894 -0.0692687780 -0.6244738698 -0.1372075677 0.9886456132 0.0612688847 0.6131393909 0.1333477795 -0.7786388993
-295.3 332.6 2559.6 -0.9689392447 -0.1879936904 -0.1606706381 0.0159408301 0.6008718014 -0.7991864681 0.2467844635 -0.7769243717 -0.5792114735
-99.3 329.4 2509.7 -0.2431908995 -0.1879936904 0.9515863657 -0.7948735952 0.6008718014 -0.0844336674 -0.5559083819 -0.7769243717 -0.2955577672
-514.0 294.1 2731.9 -0.2620469630 0.8378795385 -0.4788416326 -0.9191482067 -0.0654780641 0.3884316981 0.2941053510 0.5419138074 0.7872937918
-584.7 46.1 2811.2 -0.1060068682 0.8413622975 -0.5299736261 -0.9894612432 -0.0363849327 0.1401518434 0.0986354202 0.5392454267 0.8363524675
-314.0 -75.9 2545.9 -0.4628976285 0.3314570487 -0.8221082687 0.1333970875 0.9429427385 0.3050642312 0.8763167262 0.0315466560 -0.4807013571
-445.8 -450.7 2533.4 -0.4980769753 0.1014048234 -0.8611831069 -0.0879386291 0.9821115136 0.1665047109 0.8626622558 0.1586634219 -0.4802497327
-448.3 -92.2 2649.0 -0.8649954796 -0.0237125121 -0.5012190342 0.0290195588 0.9948468208 -0.0971473604 0.5009397864 -0.0985771865 -0.8598499298
-438.9 -487.6 2688.2 -0.8649954796 -0.0237125121 -0.5012190342 0.0290195588 0.9948468208 -0.0971473604 0.5009397864 -0.0985771865 -0.8598499298
-36.9 533.6 2652.5 0 0 0 0 0 0 0 0 0
-612.2 -211.0 2836.9 0 0 0 0 0 0 0 0 0
-484.5 -825.3 2472.9 0 0 0 0 0 0 0 0 0
-429.8 -867.8 2725.8 0 0 0 0 0 0 0 0 0
-422.3 512.0 2685.2 17 -0.7730209827 -0.0732419044 -0.6301382184 -0.1608500928 0.9834817648 0.0830110237 0.6136495471 0.1655270457 -0.7720330358
-407.7 315.5 2652.1 -0.7730209827 -0.0732419044 -0.6301382184 -0.1608500928 0.9834817648 0.0830110237 0.6136495471 0.1655270457 -0.7720330358
-392.9 119.4 2623.1 -0.7739031911 -0.0739481226 -0.6289718151 -0.1490427703 0.9865310788 0.0673997626 0.6155161262 0.1459045857 -0.7745009661
-298.8 336.5 2565.6 -0.9580395222 -0.2050414681 -0.2002954632 0.0332599692 0.6145377159 -0.7881860137 0.2846999168 -0.7617751360 -0.5819317698
-98.0 329.5 2505.9 -0.2355332822 -0.2050414681 0.9499905705 -0.7864204645 0.6145377159 -0.0623400696 -0.5710227489 -0.7617751360 -0.3059928715
-516.5 294.5 2738.7 -0.2556917071 0.8410801291 -0.4766612351 -0.9240357280 -0.0676690266 0.3762697279 0.2842178047 0.5366610289 0.7944905162
-585.5 45.2 2815.3 -0.1003051922 0.8443933129 -0.5262498260 -0.9911459684 -0.0385527499 0.1270564049 0.0869971961 0.5343347788 0.8407840729
-305.7 -67.0 2536.7 -0.4455208480 0.3472959399 -0.8251646757 0.1574264318 0.9377209544 0.3096714020 0.8813217878 0.0080623319 -0.4724477828
-443.7 -439.7 2533.5 -0.4854772091 0.1021032184 -0.8682665229 -0.0866119713 0.9826536775 0.1639821827 0.8699483871 0.1548118889 -0.4682126045
-449.2 -90.3 2650.6 -0.8624431491 -0.0294905007 -0.5052940845 0.0182352606 0.9958428144 -0.0892446116 0.5058253407 -0.0861825719 -0.8583199978
-437.5 -486.2 2684.8 -0.8624431491 -0.0294905007 -0.5052940845 0.0182352606 0.9958428144 -0.0892446116 0.5058253407 -0.0861825719 -0.8583199978
-36.9 533.5 2654.0 0 0 0 0 0 0 0 0 0
-611.6 -212.4 2838.0 0 0 0 0 0 0 0 0 0
-484.0 -827.6 2472.3 0 0 0 0 0 0 0 0 0
-426.2 -866.8 2717.8 0 0 0 0 0 0 0 0 0
-421.1 511.3 2681.5 18 -0.7504211664 -0.0646916702 -0.6577864885 -0.1457848400 0.9868891835 0.0692573115 0.6446819305 0.1478674412 -0.7500135899
-408.2 314.2 2651.9 -0.7504211664 -0.0646916702 -0.6577864885 -0.1457848400 0.9868891835 0.0692573115 0.6446819305 0.1478674412 -0.7500135899
-395.8 117.5 2625.7 -0.7511963844 -0.0620803498 -0.6571529508 -0.1337005198 0.9892411232 0.0593817942 0.6463962793 0.1324690878 -0.7514145374
-302.6 332.9 2561.1 -0.9672741294 -0.2041765153 -0.1506410390 -0.0129361497 0.6326083541 -0.7743638158 0.2534036934 -0.7470733523 -0.6145469546
-102.7 335.6 2508.7 -0.2533372045 -0.2041765153 0.9455856681 -0.7712976933 0.6326083541 -0.0700461641 -0.5838836432 -0.7470733523 -0.3177441359
-513.8 295.4 2742.8 -0.2504668236 0.8602499366 -0.4441130757 -0.9176087379 -0.0646980107 0.3921841085 0.3086431324 0.5057511330 0.8055775762
-581.4 47.8 2826.1 -0.1030554548 0.8636537790 -0.4934387207 -0.9889117479 -0.0356343538 0.1441658437 0.1069260016 0.5028244257 0.8577496409
-307.3 -63.0 2537.7 -0.4276129007 0.3330565691 -0.8403692842 0.1295214742 0.9426330328 0.3076802790 0.8946347833 0.0227221902 -0.4462200403
-439.6 -437.6 2528.7 -0.4601315558 0.1173811182 -0.8800571561 -0.0673878416 0.9837455153 0.1664442122 0.8852896690 0.1358913779 -0.4447422624
-452.3 -91.3 2658.6 -0.8427107930 -0.0265347119 -0.5377121568 0.0322686620 0.9944993854 -0.0996479318 0.5373985767 -0.1013256386 -0.8372191787
-441.7 -486.6 2698.9 -0.8427107930 -0.0265347119 -0.5377121568 0.0322686620 0.9944993854 -0.0996479318 0.5373985767 -0.1013256386 -0.8372191787
-37.0 535.8 2660.3 0 0 0 0 0 0 0 0 0
-608.2 -209.2 2853.9 0 0 0 0 0 0 0 0 0
-486.2 -827.7 2474.8 0 0 0 0 0 0 0 0 0
-431.6 -866.8 2737.6 0 0 0 0 0 0 0 0 0
-419.8 507.3 2678.6 19 -0.7333908677 -0.0649911761 -0.6766933799 -0.1397841722 0.9885657430 0.0565520264 0.6652805209 0.1360657662 -0.7340898514
-406.9 309.9 2651.5 -0.7333908677 -0.0649911761 -0.6766933799 -0.1397841722 0.9885657430 0.0565520264 0.6652805209 0.1360657662 -0.7340898514
-395.0 113.0 2627.3 -0.7342470884 -0.0594051927 -0.6762782335 -0.1261608899 0.9907516241 0.0499461144 0.6670567393 0.1219926551 -0.7349511385
-303.6 327.7 2557.7 -0.9695910215 -0.2140675485 -0.1186098233 -0.0457287915 0.6345899105 -0.7714949846 0.2404206395 -0.7426107526 -0.6250817776
-104.8 337.0 2508.4 -0.2633604407 -0.2140675485 0.9406467676 -0.7695763707 0.6345899105 -0.0710477903 -0.5817159414 -0.7426107526 -0.3318672180
-510.1 292.2 2745.3 -0.2418292612 0.8729894757 -0.4235658050 -0.9138798714 -0.0582121089 0.4017896354 0.3261014521 0.4842527509 0.8118849397
-575.4 45.6 2833.2 -0.0995737240 0.8762958050 -0.4713711739 -0.9875840545 -0.0291894618 0.1543556899 0.1215021685 0.4808884263 0.8683222532
-314.6 -66.8 2540.2 -0.4144233465 0.3143541217 -0.8540695310 0.1114704162 0.9489182234 0.2951754928 0.9032317996 0.0271241236 -0.4282950461
-439.5 -444.0 2529.4 -0.4439733922 0.1244827211 -0.8873509169 -0.0660350248 0.9830644131 0.1709496379 0.8936033845 0.1344933361 -0.4282342196
-450.5 -95.5 2664.2 -0.8286557794 -0.0298485383 -0.5589621067 0.0384265147 0.9931881428 -0.1100030988 0.5584380031 -0.1126336753 -0.8218641281
-438.6 -490.3 2709.0 -0.8286557794 -0.0298485383 -0.5589621067 0.0384265147 0.9931881428 -0.1100030988 0.5584380031 -0.1126336753 -0.8218641281
-36.9 535.3 2658.3 0 0 0 0 0 0 0 0 0
-601.2 -211.0 2864.8 0 0 0 0 0 0 0 0 0
-487.6 -823.8 2477.4 0 0 0 0 0 0 0 0 0
-427.2 -869.9 2752.0 0 0 0 0 0 0 0 0 0
-422.0 504.2 2677.7 20 -0.7286078930 -0.0756952018 -0.6807354689 -0.1433122158 0.9887233377 0.0434483066 0.6697701812 0.1292144954 -0.7312396765
-406.9 306.8 2651.9 -0.7286078930 -0.0756952018 -0.6807354689 -0.1433122158 0.9887233377 0.0434483066 0.6697701812 0.1292144954 -0.7312396765
-393.9 109.9 2628.5 -0.7296848893 -0.0655520931 -0.6806341410 -0.1282180697 0.9908550382 0.0420287028 0.6716547012 0.1179373115 -0.7314169407
-304.3 324.9 2557.4 -0.9680949450 -0.2239964306 -0.1123290211 -0.0544617921 0.6256350875 -0.7782124281 0.2445937842 -0.7472658753 -0.6178734303
-107.4 335.9 2507.7 -0.2756031156 -0.2239964306 0.9348093271 -0.7761152983 0.6256350875 -0.0789035410 -0.5671754479 -0.7472658753 -0.3462740481
-509.6 288.8 2746.4 -0.2339418530 0.8759812117 -0.4218152165 -0.9139795303 -0.0502035134 0.4026425183 0.3315306902 0.4797254205 0.8123736382
-572.7 42.1 2835.9 -0.0922919437 0.8790727258 -0.4676679671 -0.9876745343 -0.0211908594 0.1550803185 0.1264165938 0.4762164354 0.8701935410
-315.8 -72.4 2541.9 -0.4103956819 0.3121588528 -0.8568151593 0.1120874211 0.9497284889 0.2923220396 0.9049926996 0.0239294972 -0.4247535765
-439.9 -449.9 2532.4 -0.4427123368 0.1317140460 -0.8869369626 -0.0720118657 0.9807344675 0.1815879196 0.8937673569 0.1442611963 -0.4246982634
-447.7 -98.9 2666.7 -0.8258242607 -0.0371512212 -0.5627024770 0.0353545845 0.9924538732 -0.1174111515 0.5628182292 -0.1168550923 -0.8182790279
-432.9 -493.4 2713.1 -0.8258242607 -0.0371512212 -0.5627024770 0.0353545845 0.9924538732 -0.1174111515 0.5628182292 -0.1168550923 -0.8182790279
-36.9 534.6 2652.8 0 0 0 0 0 0 0 0 0
-596.7 -214.6 2868.7 0 0 0 0 0 0 0 0 0
-489.7 -820.6 2477.9 0 0 0 0 0 0 0 0 0
-418.7 -872.8 2757.8 0 0 0 0 0 0 0 0 0
-420.9 508.8 2686.2 21 -0.7163286805 -0.0714983717 -0.6940901875 -0.1623412222 0.9845163822 0.0661273599 0.6786151528 0.1600483805 -0.7168444395
-406.6 312.4 2654.3 -0.7163286805 -0.0714983717 -0.6940901875 -0.1623412222 0.9845163822 0.0661273599 0.6786151528 0.1600483805 -0.7168444395
-393.7 116.1 2626.1 -0.7175164223 -0.0650527030 -0.6934971809 -0.1451859623 0.9877285361 0.0575617440 0.6812424064 0.1419875473 -0.7181562185
-305.7 332.9 2558.5 -0.9707040787 -0.1977863163 -0.1364339292 -0.0176404566 0.6249469519 -0.7804678679 0.2396298498 -0.7551965714 -0.6101275682
-107.8 336.5 2509.7 -0.2789383233 -0.1977863163 0.9397201538 -0.7744478583 0.6249469519 -0.0983454660 -0.5678238869 -0.7551965714 -0.3274968565
-507.6 292.0 2750.1 -0.2268873006 0.8843210340 -0.4080422223 -0.9218152165 -0.0597878173 0.3829910755 0.3142911196 0.4630353451 0.8287456632
-568.8 43.2 2834.9 -0.0887722746 0.8873119950 -0.4525448978 -0.9904922247 -0.0307021253 0.1340991408 0.1050936803 0.4601464868 0.8816010952
-313.9 -75.4 2543.5 -0.3908231854 0.3187537789 -0.8635121584 0.1015182436 0.9473288655 0.3037467003 0.9148504138 0.0310490206 -0.4025974274
-440.6 -452.0 2531.1 -0.4208171964 0.1322768629 -0.8974495530 -0.0729975700 0.9811655879 0.1788447499 0.9042036533 0.1407725811 -0.4032354355
-446.6 -93.5 2660.4 -0.8158323765 -0.0405190960 -0.5768671632 0.0208882187 0.9948265553 -0.0994176120 0.5779110789 -0.0931578353 -0.8107653260
-430.5 -488.9 2697.4 -0.8158323765 -0.0405190960 -0.5768671632 0.0208882187 0.9948265553 -0.0994176120 0.5779110789 -0.0931578353 -0.8107653260
-36.9 533.4 2654.0 0 0 0 0 0 0 0 0 0
-591.9 -214.2 2862.3 0 0 0 0 0 0 0 0 0
-490.0 -818.1 2478.6 0 0 0 0 0 0 0 0 0
-415.1 -869.1 2733.0 0 0 0 0 0 0 0 0 0
-419.2 507.4 2680.5 22 -0.7270112038 -0.0607338436 -0.6839342713 -0.1373301893 0.9888156652 0.0581722744 0.6727519035 0.1362167299 -0.7272206545
-407.1 310.2 2653.3 -0.7270112038 -0.0607338436 -0.6839342713 -0.1373301893 0.9888156652 0.0581722744 0.6727519035 0.1362167299 -0.7272206545
-395.5 113.4 2627.9 -0.7274439931 -0.0584805161 -0.6836704612 -0.1301463544 0.9900344610 0.0537926555 0.6737114787 0.1281083524 -0.7278056741
-304.8 328.5 2558.6 -0.9714108109 -0.2056148797 -0.1186741516 -0.0366435423 0.6237506866 -0.7807639241 0.2345597744 -0.7540938854 -0.6134526134
-110.6 335.8 2511.7 -0.2894029319 -0.2056148797 0.9348627925 -0.7748496532 0.6237506866 -0.1026795954 -0.5620088577 -0.7540938854 -0.3398359120
-509.5 291.8 2748.1 -0.2387699336 0.8777338266 -0.4154181480 -0.9156360626 -0.0610207058 0.3973500431 0.3234184682 0.4752470851 0.8182546496
-573.9 44.7 2835.4 -0.0985634699 0.8810077310 -0.4627209008 -0.9882368445 -0.0320177488 0.1495419145 0.1169323027 0.4720171988 0.8738000989
-315.0 -66.9 2535.4 -0.4025371671 0.3093045950 -0.8615651131 0.1144232079 0.9508056641 0.2878818512 0.9082241654 0.0173001010 -0.4181262553
-438.0 -444.8 2528.6 -0.4334791601 0.1383100301 -0.8904864788 -0.0585086979 0.9817474484 0.1809660494 0.8992622495 0.1305462122 -0.4174747169
-450.6 -95.3 2664.2 -0.8230053186 -0.0308327228 -0.5671961904 0.0353587195 0.9938086271 -0.1053290516 0.5669320822 -0.1067417040 -0.8168196082
-438.4 -490.4 2706.6 -0.8230053186 -0.0308327228 -0.5671961904 0.0353587195 0.9938086271 -0.1053290516 0.5669320822 -0.1067417040 -0.8168196082
-36.9 533.1 2654.7 0 0 0 0 0 0 0 0 0
-599.5 -212.1 2865.8 0 0 0 0 0 0 0 0 0
-490.4 -817.2 2479.0 0 0 0 0 0 0 0 0 0
-426.6 -870.2 2747.4 0 0 0 0 0 0 0 0 0
-420.3 507.6 2689.6 23 -0.7057669163 -0.0636596829 -0.7055781484 -0.1560035795 0.9854725003 0.0671325997 0.6910542250 0.1574526727 -0.7054450512
-407.6 311.2 2658.3 -0.7057669163 -0.0636596829 -0.7055781484 -0.1560035795 0.9854725003 0.0671325997 0.6910542250 0.1574526727 -0.7054450512
-395.9 114.8 2629.6 -0.7065468431 -0.0590340309 -0.7051996589 -0.1434604377 0.9877715111 0.0610456690 0.6929723620 0.1442998797 -0.7063758969
-308.2 331.4 2560.8 -0.9705128074 -0.2024750262 -0.1308002174 -0.0252592675 0.6250649691 -0.7801639438 0.2397223413 -0.7538551688 -0.6117479205
-109.2 336.6 2511.7 -0.2850508392 -0.2024750262 0.9368830919 -0.7740846872 0.6250649691 -0.1004324257 -0.5652777553 -0.7538551688 -0.3349080980
-507.0 291.0 2755.7 -0.2250699997 0.8916875124 -0.3927300572 -0.9214237332 -0.0637605488 0.3832921684 0.3167361617 0.4481383860 0.8359726071
-567.7 42.3 2841.2 -0.0907853916 0.8947358727 -0.4372708201 -0.9902979732 -0.0347242206 0.1345518231 0.1052044556 0.4452437460 0.8892075419
-317.2 -71.4 2540.6 -0.3745920062 0.3086774349 -0.8742991686 0.1033307537 0.9509801269 0.2914782763 0.9214138985 0.0188434441 -0.3881254196
-439.9 -449.5 2533.1 -0.4063994884 0.1336017698 -0.9038749933 -0.0797597095 0.9802882075 0.1807578951 0.9102075696 0.1455527246 -0.3877325952
-449.0 -94.7 2664.4 -0.8059696555 -0.0382315554 -0.5907210112 0.0231937896 0.9951063991 -0.0960486531 0.5915023088 -0.0911133587 -0.8011388183
-433.8 -490.2 2700.6 -0.8059696555 -0.0382315554 -0.5907210112 0.0231937896 0.9951063991 -0.0960486531 0.5915023088 -0.0911133587 -0.8011388183
-36.9 533.0 2655.1 0 0 0 0 0 0 0 0 0
-591.3 -215.1 2868.5 0 0 0 0 0 0 0 0 0
-490.2 -818.1 2478.4 0 0 0 0 0 0 0 0 0
-419.2 -870.5 2735.5 0 0 0 0 0 0 0 0 0
-424.1 501.7 2701.2 24 -0.6904768944 -0.0744036287 -0.7195177674 -0.1914909780 0.9780101180 0.0826283991 0.6975477338 0.1948341578 -0.6895409822
-409.2 306.9 2662.4 -0.6904768944 -0.0744036287 -0.7195177674 -0.1914909780 0.9780101180 0.0826283991 0.6975477338 0.1948341578 -0.6895409822
-395.9 111.7 2627.7 -0.6918794513 -0.0674717352 -0.7188535333 -0.1721111238 0.9823353887 0.0734506771 0.7011994123 0.1745416969 -0.6912702918
-311.9 331.1 2563.8 -0.9679012895 -0.2151157111 -0.1299704760 -0.0362160727 0.6311074495 -0.7748494744 0.2487076372 -0.7452707887 -0.6186403632
-109.4 338.7 2511.8 -0.2834098041 -0.2151157111 0.9345608950 -0.7706381083 0.6311074495 -0.0884321928 -0.5707852244 -0.7452707887 -0.3446384370
-506.6 282.6 2761.0 -0.2089032829 0.9004923105 -0.3814092278 -0.9329104424 -0.0665227175 0.3539108336 0.2933216095 0.4297537804 0.8539754748
-562.9 31.0 2840.1 -0.0777945891 0.9031633735 -0.4221894443 -0.9939591289 -0.0373785868 0.1031898633 0.0774164572 0.4276666641 0.9006152749
-319.5 -68.3 2537.4 -0.3489754498 0.3060247004 -0.8857567310 0.1019178033 0.9519657493 0.2887454331 0.9315733314 0.0104906894 -0.3634020686
-441.1 -446.8 2533.2 -0.3802029192 0.1298758686 -0.9157390594 -0.0841888636 0.9811220169 0.1741030216 0.9210634828 0.1432895064 -0.3620913625
-446.0 -99.3 2657.3 -0.7950464487 -0.0510377064 -0.6043974757 -0.0036795116 0.9968410730 -0.0793370306 0.6065373421 -0.0608527400 -0.7927227616
-425.8 -495.4 2681.5 -0.7950464487 -0.0510377064 -0.6043974757 -0.0036795116 0.9968410730 -0.0793370306 0.6065373421 -0.0608527400 -0.7927227616
-36.9 535.8 2657.8 0 0 0 0 0 0 0 0 0
-583.1 -227.3 2860.2 0 0 0 0 0 0 0 0 0
-490.2 -817.6 2479.0 0 0 0 0 0 0 0 0 0
-406.3 -876.2 2704.7 0 0 0 0 0 0 0 0 0
-422.3 509.2 2688.0 25 -0.7285242677 -0.0704087690 -0.6813919544 -0.1547771990 0.9858995080 0.0636094585 0.6673053503 0.1518049687 -0.7291494012
-408.3 312.2 2657.7 -0.7285242677 -0.0704087690 -0.6813919544 -0.1547771990 0.9858995080 0.0636094585 0.6673053503 0.1518049687 -0.7291494012
-395.7 116.0 2629.5 -0.7292873263 -0.0644984320 -0.6811606884 -0.1436134726 0.9877995253 0.0602265559 0.6689656973 0.1417463124 -0.7296525240
-305.8 332.5 2563.8 -0.9700989127 -0.2086824477 -0.1239343956 -0.0375735126 0.6335963011 -0.7727508545 0.2397839278 -0.7449881434 -0.6224920154
-109.2 340.1 2515.2 -0.2819366157 -0.2086824477 0.9364632368 -0.7683941126 0.6335963011 -0.0901455581 -0.5745278597 -0.7449881434 -0.3389843702
-510.7 291.9 2751.6 -0.2354187816 0.8760427833 -0.4208646119 -0.9214994311 -0.0635667816 0.3831423223 0.3088960648 0.4780254066 0.8222377300
-574.2 43.4 2834.9 -0.0942248404 0.8791773915 -0.4670854807 -0.9902889729 -0.0345964618 0.1346507221 0.1022223681 0.4752370417 0.8738995194
-319.2 -67.7 2528.8 -0.3946926296 0.3006383777 -0.8682363033 0.1359760016 0.9536611438 0.2684043646 0.9086958766 -0.0121220769 -0.4172826409
-438.7 -446.7 2533.6 -0.4337225258 0.1400979310 -0.8900883794 -0.0710271373 0.9794487357 0.1887731701 0.8982427120 0.1450956017 -0.4148582220
-449.9 -93.4 2662.5 -0.8253774047 -0.0351216644 -0.5634878278 0.0233163536 0.9950911999 -0.0961760730 0.5640996695 -0.0925200433 -0.8205069304
-435.9 -488.7 2699.3 -0.8253774047 -0.0351216644 -0.5634878278 0.0233163536 0.9950911999 -0.0961760730 0.5640996695 -0.0925200433 -0.8205069304
-37.0 536.9 2662.3 0 0 0 0 0 0 0 0 0
-598.7 -213.9 2861.4 0 0 0 0 0 0 0 0 0
-491.4 -815.8 2478.9 0 0 0 0 0 0 0 0 0
-422.5 -868.8 2734.6 0 0 0 0 0 0 0 0 0
-422.9 506.4 2681.9 26 -0.7570869923 -0.0772882923 -0.6487262845 -0.1511551738 0.9867571592 0.0588427633 0.6355873942 0.1426074207 -0.7587435246
-407.5 309.1 2653.4 -0.7570869923 -0.0772882923 -0.6487262845 -0.1511551738 0.9867571592 0.0588427633 0.6355873942 0.1426074207 -0.7587435246
