-229.1 486.4 2339.1 9 0.4453783929 0.1197056323 -0.8873041272 -0.0657255799 0.9927194715 0.1009364873 0.8929267526 0.0133636491 0.4500035346
-252.8 290.0 2336.5 0.4453783929 0.1197056323 -0.8873041272 -0.0657255799 0.9927194715 0.1009364873 0.8929267526 0.0133636491 0.4500035346
-275.3 95.5 2335.3 0.4464087784 0.1148294657 -0.8874307871 -0.0570000783 0.9933670759 0.0998640954 0.8930118680 0.0060034133 0.4499930739
-316.4 298.2 2209.2 0.1783609390 0.0363188162 -0.9832946062 0.9620925188 0.2030958384 0.1820165813 0.2063136697 -0.9784850478 0.0012823015
-367.6 21.6 2149.9 -0.3168601096 0.0265970156 -0.9480993152 0.9245805144 0.2316094786 -0.3025026917 0.2115431130 -0.9724451900 -0.0979788899
-189.2 281.9 2463.7 0.2368923724 -0.4408820868 -0.8657395840 0.8025875092 0.5909630060 -0.0813387260 0.5474808812 -0.6755632162 0.4938410819
-158.3 386.6 2535.1 0.7377173305 -0.4408820868 -0.5112691522 0.6673136353 0.5909630060 0.4532716870 0.1023017988 -0.6755632162 0.7301703095
-335.6 -93.6 2254.9 0.2768413126 0.0312564671 -0.9604071379 -0.0472187698 0.9987059236 0.0188918952 0.9597548246 0.0401191860 0.2779589593
-347.8 -484.7 2239.2 0.2747347355 0.1647714227 -0.9472967982 -0.0599698387 0.9862257838 0.1541502476 0.9596480727 0.0144588053 0.2808318138
-253.8 -102.9 2415.7 -0.9994207025 0.0254671127 -0.0225759689 0.0294458251 0.9796774983 -0.1984061152 0.0170643367 -0.1989559531 -0.9798598289
-263.8 -486.6 2493.7 -0.9995231628 0.0300651044 -0.0070376270 0.0263742805 0.9497962594 0.3117554486 0.0160572715 0.3114211857 -0.9501363039
-287.4 -212.7 2096.3 0 0 0 0 0 0 0 0 0
18.3 546.3 2559.6 0 0 0 0 0 0 0 0 0
-409.9 -856.1 2233.7 0 0 0 0 0 0 0 0 0
-273.0 -776.3 2398.7 0 0 0 0 0 0 0 0 0
-231.0 483.7 2338.7 0 0.4502837956 0.1112960726 -0.8859219551 -0.0602309033 0.9937271476 0.0942260623 0.8908516765 0.0109314099 0.4541627169
-253.0 287.6 2336.5 0.4502837956 0.1112960726 -0.8859219551 -0.0602309033 0.9937271476 0.0942260623 0.8908516765 0.0109314099 0.4541627169
-274.2 92.9 2335.2 0.4508667290 0.1080559939 -0.8860265613 -0.0549481884 0.9941226840 0.0932777971 0.8908983469 0.0066296980 0.4541543424
-317.3 295.4 2209.6 0.1780843139 0.0302972905 -0.9835487008 0.9622748494 0.2035817802 0.1805035621 0.2057013661 -0.9785890579 0.0071004019
-366.2 30.7 2153.0 -0.3005490005 0.0209586211 -0.9535360932 0.9290423989 0.2325929254 -0.2877163589 0.2157556117 -0.9723483324 -0.0893770158
-188.8 279.7 2463.5 0.2255664915 -0.3625929356 -0.9042378664 0.8276867270 0.5608873367 -0.0184413660 0.5138622522 -0.7442659140 0.4266307354
-157.4 394.7 2534.9 0.7455547452 -0.3625929356 -0.5591729879 0.6537506580 0.5608873367 0.5079522133 0.1294531524 -0.7442659140 0.6552175879
-338.1 -93.9 2253.4 0.2816953361 0.0217524320 -0.9592573047 -0.0398481674 0.9991456866 0.0109551484 0.9586760998 0.0351386294 0.2823214829
-346.6 -485.2 2239.7 0.2762563825 0.1684781909 -0.9462016225 -0.0725883394 0.9853606224 0.1542575806 0.9583388567 0.0260685608 0.2844417095
-257.4 -104.2 2414.8 -0.9995039701 0.0185296889 -0.0254658554 0.0229261778 0.9824818969 -0.1849426031 0.0215928108 -0.1854346991 -0.9824193120
-264.7 -489.0 2487.4 -0.9995986819 0.0246132351 -0.0140227219 0.0194930937 0.9568454027 0.2899430096 0.0205540117 0.2895533144 -0.9569411874
-289.7 -205.9 2098.0 0 0 0 0 0 0 0 0 0
17.8 548.4 2565.3 0 0 0 0 0 0 0 0 0
-410.1 -856.3 2229.8 0 0 0 0 0 0 0 0 0
-272.1 -777.2 2400.2 0 0 0 0 0 0 0 0 0
-231.7 482.7 2338.0 1 0.4540957212 0.0970766619 -0.8856484890 -0.0563300960 0.9951857328 0.0802011788 0.8891704082 0.0134696504 0.4573779404
-250.8 286.6 2335.3 0.4540957212 0.0970766619 -0.8856484890 -0.0563300960 0.9951857328 0.0802011788 0.8891704082 0.0134696504 0.4573779404
-270.0 91.8 2333.9 0.4545923471 0.0983561352 -0.8852524161 -0.0512722060 0.9951259494 0.0842344984 0.8892226815 0.0070964857 0.4574196041
-315.6 293.9 2208.6 0.1822128594 0.0243720822 -0.9829570055 0.9619742036 0.2024619430 0.1833432168 0.2034798414 -0.9789867997 0.0134458551
-365.0 32.8 2153.4 -0.2937736213 0.0157034546 -0.9557459950 0.9312785268 0.2300640196 -0.2824727893 0.2154469788 -0.9730488062 -0.0822110325
-186.0 279.3 2462.1 0.1902934015 -0.4465754330 -0.8742761612 0.7959307432 0.5915063024 -0.1288972795 0.5747022033 -0.6713349819 0.4680028856
-161.4 382.4 2536.5 0.7303071618 -0.4465754330 -0.5169350505 0.6744551659 0.5915063024 0.4418489933 0.1084514335 -0.6713349819 0.7331764102
-336.1 -96.9 2253.4 0.2853373885 0.0276718810 -0.9580276012 -0.0474052653 0.9987671375 0.0147295045 0.9572540522 0.0412126742 0.2862973809
-346.9 -488.1 2237.3 0.2834298611 0.1708985865 -0.9436424971 -0.0585097037 0.9852416515 0.1608586013 0.9572064281 0.0096201142 0.2892461419
-254.6 -106.8 2414.5 -0.9993134141 0.0250047185 -0.0273406021 0.0298136342 0.9808056951 -0.1926948428 0.0219975375 -0.1933776587 -0.9808777571
-264.4 -490.9 2490.2 -0.9996128678 0.0250376314 -0.0121360580 0.0202945657 0.9544844031 0.2975695729 0.0190341156 0.2972080708 -0.9546229839
-290.0 -205.0 2098.3 0 0 0 0 0 0 0 0 0
17.9 548.0 2563.1 0 0 0 0 0 0 0 0 0
-411.3 -859.1 2233.6 0 0 0 0 0 0 0 0 0
-272.0 -779.1 2400.5 0 0 0 0 0 0 0 0 0
-231.9 483.2 2337.6 2 0.4697228372 0.1025966853 -0.8768320084 -0.0575183518 0.9946703315 0.0855719224 0.8809381723 0.0102388496 0.4731205702
-252.1 287.4 2335.6 0.4697228372 0.1025966853 -0.8768320084 -0.0575183518 0.9946703315 0.0855719224 0.8809381723 0.0102388496 0.4731205702
-272.3 92.6 2334.6 0.4701457024 0.1033011749 -0.8765226007 -0.0534327440 0.9946365356 0.0885612592 0.8809698820 0.0051983120 0.4731437564
-319.1 295.1 2210.1 0.1682070494 0.0107223177 -0.9856933951 0.9617370963 0.2175873071 0.1664858460 0.2162594795 -0.9759819508 0.0262876656
-365.8 27.8 2150.0 -0.3011765182 0.0092474893 -0.9535235763 0.9303546548 0.2221461535 -0.2917040586 0.2091240585 -0.9749695063 -0.0755086541
-185.1 279.8 2461.2 0.1967235208 -0.4938633144 -0.8469940424 0.7717282176 0.6108453274 -0.1769280732 0.6047606468 -0.6188432574 0.5012958646
-160.8 375.1 2535.8 0.7122443914 -0.4938633144 -0.4988054931 0.6924332380 0.6108453274 0.3839324713 0.1150828674 -0.6188432574 0.7770385742
-330.4 -98.5 2252.2 0.3020057678 0.0414343253 -0.9524052143 -0.0526877344 0.9982534647 0.0267217737 0.9518489838 0.0421099439 0.3036613762
-346.6 -489.5 2235.7 0.3001581728 0.1711680442 -0.9384064078 -0.0634280965 0.9851726890 0.1594102681 0.9517782927 0.0116730351 0.3065645099
-248.2 -107.8 2412.9 -0.9992043376 0.0392033495 0.0073369206 0.0367346667 0.9762455225 -0.2135304362 -0.0155337434 -0.2130910009 -0.9769088626
-263.6 -490.1 2496.4 -0.9992043376 0.0298521109 0.0264496580 0.0367346667 0.9471086860 0.3188034892 -0.0155337434 0.3195214272 -0.9474517107
-289.4 -208.2 2096.9 0 0 0 0 0 0 0 0 0
17.8 548.7 2564.7 0 0 0 0 0 0 0 0 0
-411.1 -860.5 2231.3 0 0 0 0 0 0 0 0 0
-272.7 -778.7 2399.0 0 0 0 0 0 0 0 0 0
-232.8 483.9 2337.5 3 0.4603894651 0.0967993066 -0.8824236393 -0.0506200977 0.9952822924 0.0827694014 0.8862726092 0.0065622116 0.4631174505
-251.9 287.7 2336.2 0.4603894651 0.0967993066 -0.8824236393 -0.0506200977 0.9952822924 0.0827694014 0.8862726092 0.0065622116 0.4631174505
-270.3 92.7 2335.4 0.4607459605 0.0940687358 -0.8825328350 -0.0469014496 0.9955585003 0.0816301331 0.8862919211 0.0037813131 0.4631115496
-317.5 294.4 2209.9 0.1737849712 0.0182819013 -0.9846138954 0.9626871943 0.2074569464 0.1737668663 0.2074417919 -0.9780732989 0.0184531473
-364.6 33.8 2153.7 -0.2897232473 0.0099129239 -0.9570591450 0.9310974479 0.2344639748 -0.2794355452 0.2216258645 -0.9720742702 -0.0771595612
-186.2 281.0 2462.5 0.2044690996 -0.4217168093 -0.8833726645 0.8121933937 0.5768086314 -0.0873713195 0.5463829041 -0.6996046901 0.4604551494
-159.4 387.4 2534.1 0.7393234372 -0.4217168093 -0.5249340534 0.6654301882 0.5768086314 0.4738084972 0.1029734761 -0.6996046901 0.7070712447
-335.1 -97.3 2254.0 0.2917695940 0.0374267921 -0.9557561278 -0.0491308570 0.9985014796 0.0241021924 0.9552259445 0.0399248265 0.2931711972
-349.7 -488.5 2238.3 0.2893451452 0.1590887904 -0.9439121485 -0.0643960387 0.9870935678 0.1466268301 0.9550563097 0.0183584429 0.2958554029
-250.1 -107.0 2413.2 -0.9994454980 0.0320405401 -0.0090636052 0.0332247764 0.9776182771 -0.2077465653 0.0022044340 -0.2079325020 -0.9781407118
-262.6 -489.9 2494.6 -0.9994454980 0.0322215073 0.0083976015 0.0332247764 0.9483212829 0.3155674636 0.0022044340 0.3156714737 -0.9488660097
-290.7 -203.6 2097.2 0 0 0 0 0 0 0 0 0
18.3 547.4 2558.8 0 0 0 0 0 0 0 0 0
-409.6 -860.2 2231.4 0 0 0 0 0 0 0 0 0
-272.3 -775.8 2399.5 0 0 0 0 0 0 0 0 0
-233.9 481.7 2338.4 4 0.4563573599 0.0925761834 -0.8849675655 -0.0482324846 0.9956843853 0.0792858601 0.8884883523 0.0065014991 0.4588530660
-252.1 285.7 2337.1 0.4563573599 0.0925761834 -0.8849675655 -0.0482324846 0.9956843853 0.0792858601 0.8884883523 0.0065014991 0.4588530660
-270.0 90.6 2336.8 0.4568179846 0.0910750777 -0.8848856688 -0.0432374179 0.9958426952 0.0801739991 0.8885087967 0.0016352474 0.4588567019
-317.2 291.8 2210.5 0.1772717237 0.0243068784 -0.9838617444 0.9597573280 0.2169766426 0.1782891303 0.2178086638 -0.9758741260 0.0151351187
-365.8 28.6 2150.7 -0.3112162352 0.0158397425 -0.9502071142 0.9232183099 0.2422014773 -0.2983393073 0.2254159451 -0.9700966477 -0.0900005773
-187.0 279.5 2463.7 0.1902740151 -0.4686912596 -0.8626264334 0.7915056944 0.5930605531 -0.1476413459 0.5807878971 -0.6546813846 0.4838157892
-163.2 378.7 2536.5 0.7310324311 -0.4686912596 -0.4959033430 0.6764562726 0.5930605531 0.4366762042 0.0894343853 -0.6546813846 0.7505956292
-330.4 -98.0 2254.6 0.2873128355 0.0465291068 -0.9567059875 -0.0512861013 0.9981339574 0.0331419744 0.9564628005 0.0395436063 0.2891629934
-348.6 -489.0 2239.1 0.2827025354 0.1632280350 -0.9452173710 -0.0798855573 0.9859979153 0.1463776082 0.9558752775 0.0341278985 0.2917836607
-247.1 -106.5 2414.8 -0.9992601871 0.0384311527 -0.0014723642 0.0379214808 0.9781826138 -0.2042564750 -0.0064095706 -0.2041611969 -0.9789162874
-262.2 -489.6 2494.8 -0.9992601871 0.0339779295 0.0180172585 0.0379214808 0.9485517144 0.3143432140 -0.0064095706 0.3147938848 -0.9491384029
-287.1 -205.0 2093.7 0 0 0 0 0 0 0 0 0
18.3 546.6 2558.7 0 0 0 0 0 0 0 0 0
-410.1 -860.3 2226.3 0 0 0 0 0 0 0 0 0
-272.4 -776.5 2399.6 0 0 0 0 0 0 0 0 0
-234.8 482.6 2338.3 5 0.4575437009 0.0914744958 -0.8844694495 -0.0472341329 0.9957903028 0.0785530061 0.8879317045 0.0058357124 0.4599383175
-252.8 285.9 2337.2 0.4575437009 0.0914744958 -0.8844694495 -0.0472341329 0.9957903028 0.0785530061 0.8879317045 0.0058357124 0.4599383175
-270.6 90.9 2337.0 0.4579686522 0.0905173123 -0.8843479753 -0.0425836481 0.9958943129 0.0798822418 0.8879477978 0.0010751968 0.4599429369
-318.1 292.0 2210.6 0.1733362228 0.0227593165 -0.9845997095 0.9608466029 0.2155233324 0.1741364300 0.2161674351 -0.9762334228 0.0154897878
-366.2 25.1 2150.6 -0.3230372369 0.0115079815 -0.9463163018 0.9178130031 0.2476609349 -0.3102955222 0.2307946980 -0.9687784314 -0.0905658752
-187.6 279.9 2463.7 0.1941314489 -0.5323745012 -0.8239480853 0.7601289749 0.6125712395 -0.2167034149 0.6200942397 -0.5842378736 0.5235925913
-164.0 371.9 2538.8 0.7216311097 -0.5323745012 -0.4425223172 0.6892132759 0.6125712395 0.3869645000 0.0650664344 -0.5842378736 0.8089700341
-329.1 -100.5 2256.1 0.2881312668 0.0545492209 -0.9560359716 -0.0590931214 0.9974862337 0.0391047262 0.9557658434 0.0452278554 0.2906304598
-350.5 -491.2 2238.4 0.2855565846 0.1575700641 -0.9453195930 -0.0754775107 0.9870248437 0.1417218894 0.9553850293 0.0308807474 0.2937444448
-246.5 -108.3 2416.8 -0.9991052151 0.0422491245 -0.0019363109 0.0418568589 0.9811926484 -0.1884383559 -0.0060614618 -0.1883507967 -0.9820830822
-263.1 -492.6 2490.5 -0.9993302226 0.0315758847 0.0184962563 0.0357032493 0.9521488547 0.3035422266 -0.0080265738 0.3039993048 -0.9526384473
-284.6 -206.9 2092.2 0 0 0 0 0 0 0 0 0
17.9 545.7 2555.2 0 0 0 0 0 0 0 0 0
-409.8 -862.9 2226.8 0 0 0 0 0 0 0 0 0
-272.5 -775.7 2400.1 0 0 0 0 0 0 0 0 0
-235.0 481.5 2339.8 6 0.4561303854 0.0928404704 -0.8850569129 -0.0524962433 0.9956184030 0.0773832127 0.8883632421 0.0111653274 0.4590055943
-253.3 284.9 2337.6 0.4561303854 0.0928404704 -0.8850569129 -0.0524962433 0.9956184030 0.0773832127 0.8883632421 0.0111653274 0.4590055943
-271.0 89.9 2336.8 0.4568315446 0.0903231204 -0.8849557638 -0.0448725559 0.9959050417 0.0784830749 0.8884207010 0.0038566804 0.4590138793
-318.4 291.3 2211.0 0.1709210724 0.0235369299 -0.9850035310 0.9612053037 0.2156830728 0.1719453335 0.2164956480 -0.9761797190 0.0142409615
-364.5 31.9 2152.5 -0.3097474873 0.0143092982 -0.9507111907 0.9233065844 0.2433162332 -0.2971567214 0.2270713598 -0.9698414803 -0.0885784626
-188.2 278.5 2464.2 0.1897487789 -0.5340737700 -0.8238692880 0.7581541538 0.6128742099 -0.2226824462 0.6238570809 -0.5823661685 0.5212023854
-165.5 369.1 2538.7 0.7310305834 -0.5340737700 -0.4246875346 0.6807894707 0.6128742099 0.4011369646 0.0460432954 -0.5823661685 0.8116216063
-329.7 -100.3 2256.5 0.2870901823 0.0508679189 -0.9565519691 -0.0581784472 0.9976714849 0.0355934761 0.9561352134 0.0454321690 0.2893811166
-349.6 -491.1 2238.7 0.2842828929 0.1627634168 -0.9448234439 -0.0754645169 0.9862253070 0.1471895427 0.9557658434 0.0294571761 0.2926498353
-246.9 -108.0 2417.0 -0.9979509711 0.0492453203 0.0408501849 0.0396354422 0.9770025611 -0.2095113397 -0.0502281897 -0.2074629366 -0.9769525528
-266.2 -490.6 2498.3 -0.9979509711 0.0213198587 0.0603266358 0.0396354422 0.9461505413 0.3212914467 -0.0502281897 0.3230241835 -0.9450568557
-285.7 -203.1 2094.8 0 0 0 0 0 0 0 0 0
20.2 542.0 2550.4 0 0 0 0 0 0 0 0 0
-410.9 -862.6 2227.6 0 0 0 0 0 0 0 0 0
-272.7 -778.5 2400.0 0 0 0 0 0 0 0 0 0
-234.8 484.1 2339.5 7 0.4585724175 0.0913218558 -0.8839523196 -0.0549708903 0.9957159162 0.0743507221 0.8869552016 0.0144964550 0.4616279006
-252.9 287.6 2336.7 0.4585724175 0.0913218558 -0.8839523196 -0.0549708903 0.9957159162 0.0743507221 0.8869552016 0.0144964550 0.4616279006
-270.1 92.5 2335.6 0.4594187140 0.0879277885 -0.8838569522 -0.0455668047 0.9961109161 0.0754099265 0.8870502114 0.0056298058 0.4616385996
-318.3 294.1 2210.3 0.1721260399 0.0185185485 -0.9849008322 0.9629099965 0.2077385783 0.1721888036 0.2077905834 -0.9780090451 0.0179255214
-366.1 26.8 2152.6 -0.3302686214 0.0031818014 -0.9438816309 0.9140635729 0.2504649460 -0.3189908266 0.2353942841 -0.9681204557 -0.0856290758
-187.4 281.1 2463.1 0.1994634569 -0.5657982826 -0.8000541329 0.7204006910 0.6381315589 -0.2716817856 0.6642568707 -0.5221689343 0.5348854065
-163.9 366.1 2541.4 0.7250332236 -0.5657982826 -0.3926819563 0.6866323352 0.6381315589 0.3483162224 0.0535060205 -0.5221689343 0.8511619568
-330.0 -101.2 2255.8 0.2901200354 0.0515109077 -0.9556029439 -0.0550303124 0.9977959991 0.0370781422 0.9554067254 0.0418300144 0.2923152745
-350.1 -492.0 2239.4 0.2868410051 0.1605582088 -0.9444274902 -0.0755770206 0.9865748882 0.1447693110 0.9549923539 0.0298512429 0.2951246202
-247.4 -109.3 2416.4 -0.9979854226 0.0472008623 0.0423929021 0.0374611206 0.9776893854 -0.2066885382 -0.0512029678 -0.2046840638 -0.9774879217
-265.9 -492.2 2496.6 -0.9979854226 0.0192040447 0.0604672171 0.0374611206 0.9475730062 0.3173359334 -0.0512029678 0.3189617991 -0.9463834167
-282.4 -204.9 2092.9 0 0 0 0 0 0 0 0 0
21.1 541.2 2555.1 0 0 0 0 0 0 0 0 0
-410.6 -863.6 2228.1 0 0 0 0 0 0 0 0 0
-271.6 -775.7 2401.1 0 0 0 0 0 0 0 0 0
-235.1 485.4 2345.4 8 0.4552888870 0.0910774171 -0.8856731653 -0.0698168799 0.9953431487 0.0664651915 0.8876022100 0.0315740742 0.4595274031
-253.0 289.0 2339.2 0.4552888870 0.0910774171 -0.8856731653 -0.0698168799 0.9953431487 0.0664651915 0.8876022100 0.0315740742 0.4595274031
-270.1 94.0 2334.9 0.4562084973 0.0873139873 -0.8855789304 -0.0595519245 0.9959393144 0.0675166696 0.8878780007 0.0219362546 0.4595556557
-318.1 297.5 2212.6 0.1685206443 0.0203858018 -0.9854872823 0.9620021582 0.2145006061 0.1689417809 0.2148316354 -0.9765110612 0.0165365934
-366.0 23.7 2151.5 -0.3394865096 0.0042354087 -0.9406014085 0.9091219306 0.2580554783 -0.3269627988 0.2413425148 -0.9661208391 -0.0914568529
-188.0 280.5 2465.7 0.2366933823 -0.5998258591 -0.7643200755 0.6999828219 0.6508377194 -0.2939972281 0.6737954617 -0.4654237032 0.5739167333
-160.2 362.8 2544.9 0.7107321024 -0.5998258591 -0.3675170839 0.7005733848 0.6508377194 0.2925870717 0.0636926815 -0.4654237032 0.8827933073
-328.8 -98.4 2254.3 0.2874973118 0.0534025133 -0.9562914968 -0.0543093197 0.9977469444 0.0393900909 0.9562404752 0.0406109951 0.2897498012
-349.8 -489.3 2238.4 0.2853120863 0.1602127701 -0.9449491501 -0.0679430962 0.9868301153 0.1467992216 0.9560233951 0.0223191734 0.2924399376
-245.8 -106.7 2414.7 -0.9976831675 0.0512779541 0.0447084717 0.0396926180 0.9724719524 -0.2296145111 -0.0552518964 -0.2273079306 -0.9722542763
-265.9 -487.5 2503.7 -0.9976831675 0.0190603212 0.0653068125 0.0396926180 0.9427109957 0.3312408328 -0.0552518964 0.3330655992 -0.9412834644
-280.0 -206.8 2090.3 0 0 0 0 0 0 0 0 0
21.4 541.8 2561.2 0 0 0 0 0 0 0 0 0
-410.1 -861.0 2230.0 0 0 0 0 0 0 0 0 0
-271.7 -774.4 2402.3 0 0 0 0 0 0 0 0 0
-234.6 484.3 2341.8 9 0.4536574483 0.0932125375 -0.8862879872 -0.0618001148 0.9954112768 0.0730560794 0.8890307546 0.0216302630 0.4573362768
-253.0 288.1 2337.6 0.4536574483 0.0932125375 -0.8862879872 -0.0618001148 0.9954112768 0.0730560794 0.8890307546 0.0216302630 0.4573362768
-270.6 93.1 2334.6 0.4543127418 0.0903098807 -0.8862528205 -0.0546902046 0.9957991242 0.0734373331 0.8891619444 0.0151058352 0.4573433101
-317.7 295.9 2210.9 0.1700940728 0.0233733151 -0.9851505756 0.9625749588 0.2101105154 0.1711812019 0.2109915763 -0.9773982167 0.0132399844
-366.0 22.5 2150.9 -0.3433992565 0.0078379577 -0.9391568303 0.9096624851 0.2515426874 -0.3305154443 0.2336474508 -0.9678144455 -0.0935094655
-188.2 280.3 2464.3 0.2749932706 -0.5773928165 -0.7687627673 0.7258615494 0.6490201950 -0.2278109193 0.6304789186 -0.4953688979 0.5975834131
-151.9 376.1 2547.5 0.7224265337 -0.5773928165 -0.3804173768 0.6888039708 0.6490201950 0.3229890764 0.0604069717 -0.4953688979 0.8665798903
-328.5 -95.7 2250.3 0.2857028246 0.0583770052 -0.9565385580 -0.0446991511 0.9978682995 0.0475484133 0.9572752714 0.0291717481 0.2877031863
-351.3 -486.5 2238.9 0.2829430997 0.1538188457 -0.9467222095 -0.0627365336 0.9879108667 0.1417611688 0.9570826888 0.0192837268 0.2891726196
-246.0 -106.5 2410.8 -0.9982389212 0.0478752106 0.0350294970 0.0390439965 0.9748013020 -0.2196315527 -0.0446617082 -0.2178770751 -0.9749537706
-264.7 -488.2 2496.2 -0.9982389212 0.0231533963 0.0546170473 0.0390439965 0.9495888352 0.3110572398 -0.0446617082 0.3126418889 -0.9488205314
-278.8 -208.6 2091.6 0 0 0 0 0 0 0 0 0
22.0 541.9 2562.0 0 0 0 0 0 0 0 0 0
-409.3 -858.6 2231.6 0 0 0 0 0 0 0 0 0
-271.7 -774.5 2401.9 0 0 0 0 0 0 0 0 0
-233.9 487.3 2339.6 0 0.4451963603 0.1014537439 -0.8896669745 -0.0589103028 0.9947266579 0.0839551091 0.8934929967 0.0150340451 0.4488253593
-253.9 290.9 2336.6 0.4451963603 0.1014537439 -0.8896669745 -0.0589103028 0.9947266579 0.0839551091 0.8934929967 0.0150340451 0.4488253593
-273.7 96.0 2335.1 0.4458743632 0.1010689065 -0.8893712163 -0.0522496291 0.9948493242 0.0868608803 0.8935692906 0.0077402755 0.4488586187
-317.5 298.3 2209.2 0.1690115035 0.0358887687 -0.9849604368 0.9621269107 0.2108557224 0.1727763563 0.2138852775 -0.9768581390 0.0011074954
-366.0 22.2 2147.9 -0.3447274268 0.0261040498 -0.9383398294 0.9140493870 0.2369236350 -0.3292125463 0.2137210965 -0.9711775184 -0.1055344641
-190.4 283.4 2463.9 0.3347797692 -0.6423900723 -0.6893892288 0.6757899523 0.6735316515 -0.2994379103 0.6566814184 -0.3656365275 0.6596055031
-143.2 378.7 2556.5 0.7096131444 -0.6423900723 -0.2894549370 0.7029440999 0.6735316515 0.2285271734 0.0481534787 -0.3656365275 0.9295112491
-329.4 -97.0 2251.3 0.2766626179 0.0551755726 -0.9593818188 -0.0419596359 0.9980917573 0.0453016907 0.9600506425 0.0277220272 0.2784498334
-351.0 -488.0 2240.4 0.2718911171 0.1555319279 -0.9496762753 -0.0731453076 0.9873382449 0.1407585442 0.9595441818 0.0311933625 0.2798249424
-247.3 -106.9 2412.0 -0.9981733561 0.0432977788 0.0421340466 0.0335232615 0.9771380424 -0.2099461704 -0.0502609834 -0.2081501931 -0.9768046737
-264.2 -489.6 2493.6 -0.9979287386 0.0276319180 0.0580924563 0.0440533906 0.9516137242 0.3041226864 -0.0468780845 0.3060519397 -0.9508599639
-278.6 -209.5 2093.7 0 0 0 0 0 0 0 0 0
22.4 542.7 2567.7 0 0 0 0 0 0 0 0 0
-409.6 -859.8 2228.7 0 0 0 0 0 0 0 0 0
-272.6 -777.1 2401.1 0 0 0 0 0 0 0 0 0
-234.7 486.2 2338.9 1 0.4475581646 0.1002423614 -0.8886186481 -0.0602475330 0.9948196411 0.0818785354 0.8922230005 0.0168916732 0.4512790143
-254.5 289.6 2335.6 0.4475581646 0.1002423614 -0.8886186481 -0.0602475330 0.9948196411 0.0818785354 0.8922230005 0.0168916732 0.4512790143
-274.2 94.8 2333.0 0.4478656650 0.1005564854 -0.8884282708 -0.0572008342 0.9948424101 0.0837654173 0.8922692537 0.0133031830 0.4513076544
-318.4 297.8 2208.4 0.1654314250 0.0328364894 -0.9856745005 0.9626135826 0.2119935751 0.1686232835 0.2144936621 -0.9767192602 0.0034615474
-365.8 22.0 2147.0 -0.3458540142 0.0236250218 -0.9379908442 0.9135693312 0.2364317775 -0.3308944106 0.2139534503 -0.9713608623 -0.1033539772
-190.7 281.5 2462.7 0.3780595660 -0.7086069584 -0.5957744122 0.6256944537 0.6698826551 -0.3997045457 0.6823323369 -0.2216605842 0.6966269612
-135.0 373.7 2563.3 0.6767950058 -0.7086069584 -0.1995612979 0.7341148853 0.6698826551 0.1110523492 0.0549901836 -0.2216605842 0.9735721350
-333.8 -94.1 2252.8 0.2790975273 0.0454440005 -0.9591868520 -0.0413598828 0.9985215068 0.0352729708 0.9593716264 0.0298272576 0.2805644274
-351.6 -485.2 2241.1 0.2739714682 0.1517403573 -0.9496917725 -0.0758612603 0.9878075719 0.1359456331 0.9587411880 0.0347995907 0.2821423113
-253.2 -103.5 2414.3 -0.9991262555 0.0234474707 -0.0345976464 0.0303472653 0.9761859179 -0.2148024291 0.0287371594 -0.2156646848 -0.9760445356
-262.4 -485.8 2498.8 -0.9991262555 0.0379352160 -0.0175413862 0.0303472653 0.9470642805 0.3196064532 0.0287371594 0.3187948465 -0.9473879933
-278.0 -209.9 2092.7 0 0 0 0 0 0 0 0 0
22.4 544.5 2576.0 0 0 0 0 0 0 0 0 0
-408.8 -857.2 2228.0 0 0 0 0 0 0 0 0 0
-274.1 -777.4 2400.6 0 0 0 0 0 0 0 0 0
-234.6 485.6 2338.6 2 0.4504876435 0.1023545712 -0.8868959546 -0.0642871857 0.9945464730 0.0821243972 0.8904650807 0.0200200193 0.4546110034
-254.8 289.5 2334.7 0.4504876435 0.1023545712 -0.8868959546 -0.0642871857 0.9945464730 0.0821243972 0.8904650807 0.0200200193 0.4546110034
-275.2 94.8 2331.0 0.4505132139 0.1042328253 -0.8866641521 -0.0640410185 0.9943755865 0.0843557790 0.8904698491 0.0187794864 0.4546545148
-319.0 298.6 2207.7 0.1723330766 -0.0041695959 -0.9850299358 0.9602242112 0.2237521410 0.1670461446 0.2197060436 -0.9746371508 0.0425636433
-368.6 22.3 2144.5 -0.3565867245 -0.0041695959 -0.9342529178 0.9102407694 0.2237521410 -0.3484203517 0.2104938626 -0.9746371508 -0.0759917125
-190.6 280.4 2461.6 0.4556154609 -0.7932043672 -0.4040314257 0.5821724534 0.6088685989 -0.5388453007 0.6734164953 0.0102902772 0.7391917109
-99.2 397.2 2596.6 0.6028592587 -0.7932043672 0.0859508812 0.7875365615 0.6088685989 0.0952115878 -0.1278550327 0.0102902772 0.9917395115
-334.4 -94.9 2249.7 0.2828923166 0.0438313149 -0.9581496716 -0.0292547103 0.9988848567 0.0370573662 0.9587054253 0.0175471455 0.2838591039
-351.6 -486.1 2242.8 0.2734527886 0.1519434750 -0.9498087764 -0.0946521834 0.9869030118 0.1306268871 0.9572170973 0.0541811883 0.2842531800
-253.5 -105.2 2411.0 -0.9987949133 0.0221191812 -0.0438111350 0.0311604198 0.9754750133 -0.2178934813 0.0379170403 -0.2189960778 -0.9749886990
-262.1 -487.3 2496.8 -0.9987949133 0.0416446961 -0.0259690806 0.0311604198 0.9468999505 0.3200148046 0.0379170403 0.3188199699 -0.9470565319
-277.6 -209.9 2090.8 0 0 0 0 0 0 0 0 0
45.3 586.0 2566.0 0 0 0 0 0 0 0 0 0
-408.8 -857.8 2222.4 0 0 0 0 0 0 0 0 0
-274.8 -774.8 2400.0 0 0 0 0 0 0 0 0 0
-233.4 487.9 2337.9 3 0.4502248466 0.1075273454 -0.8864172101 -0.0711143687 0.9938873053 0.0844439939 0.8900788426 0.0250182189 0.4551194906
-254.6 291.8 2333.0 0.4502248466 0.1075273454 -0.8864172101 -0.0711143687 0.9938873053 0.0844439939 0.8900788426 0.0250182189 0.4551194906
-275.3 97.0 2328.8 0.4506685436 0.1056605950 -0.8864161968 -0.0669766515 0.9941739440 0.0844532549 0.8901752234 0.0213087611 0.4551197290
-318.8 301.3 2206.1 0.1779811531 0.0131443432 -0.9839460850 0.9600753784 0.2169819176 0.1765619069 0.2158192992 -0.9760871530 0.0259991307
-370.3 23.7 2143.7 -0.3547629714 0.0131443432 -0.9348638654 0.9136782885 0.2169819176 -0.3436726332 0.1983311921 -0.9760871530 -0.0889868513
-190.4 282.2 2459.9 0.4610769749 -0.8121361732 -0.3575512171 0.5395133495 0.5764773488 -0.6136767864 0.7045093179 0.0900486037 0.7039587498
-86.5 403.8 2618.6 0.5605515242 -0.8121361732 0.1619161218 0.8137188554 0.5764773488 0.0744010210 -0.1537647396 0.0900486037 0.9839957356
-336.4 -94.2 2246.8 0.2832005024 0.0409832560 -0.9581846595 -0.0301825721 0.9989725351 0.0338070802 0.9585856795 0.0193462968 0.2841464877
-352.4 -485.5 2239.2 0.2768007219 0.1497813463 -0.9491822124 -0.0742919743 0.9881564975 0.1342664659 0.9580512047 0.0333515704 0.2846499681
-254.9 -105.8 2407.8 -0.9980838895 0.0148420325 -0.0600687973 0.0287461001 0.9709029794 -0.2377414852 0.0547924116 -0.2390126884 -0.9694693089
-260.7 -486.0 2501.4 -0.9980838895 0.0454747826 -0.0419593938 0.0287461001 0.9412904382 0.3363718092 0.0547924116 0.3345211148 -0.9407940507
-279.5 -210.2 2093.0 0 0 0 0 0 0 0 0 0
52.3 605.3 2580.6 0 0 0 0 0 0 0 0 0
-408.8 -857.6 2226.7 0 0 0 0 0 0 0 0 0
-274.6 -772.0 2399.7 0 0 0 0 0 0 0 0 0
-233.2 490.4 2344.6 4 0.4353927672 0.1074636504 -0.8938034773 -0.0870127752 0.9932245016 0.0770312473 0.8960255980 0.0442334749 0.4417935014
-254.5 293.9 2335.9 0.4353927672 0.1074636504 -0.8938034773 -0.0870127752 0.9932245016 0.0770312473 0.8960255980 0.0442334749 0.4417935014
-275.4 99.4 2328.2 0.4359323680 0.1069941074 -0.8935967684 -0.0820139199 0.9934994578 0.0789461955 0.8962347507 0.0388721712 0.4418736100
-316.6 305.6 2208.2 0.1776280403 0.0333147198 -0.9835336208 0.9585515857 0.2203843445 0.1805811971 0.2227714211 -0.9748440385 0.0072125625
-368.6 25.0 2142.9 -0.3441574574 0.0333147198 -0.9383206964 0.9182623029 0.2203843445 -0.3289757967 0.1958314627 -0.9748440385 -0.1064385697
-192.3 282.2 2463.6 0.4530053139 -0.8316941857 -0.3210466206 0.5031461716 0.5357947350 -0.6780619025 0.7359552383 0.1456322670 0.6611816287
-88.1 398.0 2632.9 0.5362541676 -0.8316941857 0.1439314038 0.8431335688 0.5357947350 -0.0452749282 -0.0394627899 0.1456322670 0.9885514379
-336.7 -91.6 2244.2 0.2686244845 0.0388844609 -0.9624598026 -0.0166328289 0.9992231727 0.0357274823 0.9631013870 0.0064111520 0.2690625787
-352.0 -483.0 2241.7 0.2591999769 0.1562642157 -0.9530985355 -0.0796394423 0.9869220853 0.1401513666 0.9625346661 0.0395770110 0.2682549655
-255.3 -103.7 2405.1 -0.9981195331 0.0161417145 -0.0591342151 0.0298487768 0.9705916643 -0.2388741076 0.0535393395 -0.2401899993 -0.9692482948
-261.6 -483.9 2499.2 -0.9981195331 0.0457667820 -0.0407775939 0.0298487768 0.9439264536 0.3288038075 0.0535393395 0.3269683421 -0.9435175061
-280.5 -210.0 2092.8 0 0 0 0 0 0 0 0 0
46.0 608.9 2623.1 0 0 0 0 0 0 0 0 0
-410.8 -854.7 2226.8 0 0 0 0 0 0 0 0 0
-275.7 -774.7 2398.5 0 0 0 0 0 0 0 0 0
-232.0 491.5 2340.9 5 0.4072501659 0.1189999655 -0.9055309296 -0.0832134858 0.9921861291 0.0929635838 0.9095178843 0.0374929495 0.4139703512
-255.5 295.2 2333.5 0.4072501659 0.1189999655 -0.9055309296 -0.0832134858 0.9921861291 0.0929635838 0.9095178843 0.0374929495 0.4139703512
-278.1 100.8 2327.5 0.4081637263 0.1151387393 -0.9056187868 -0.0754681155 0.9928747416 0.0922187120 0.9097840190 0.0307050105 0.4139447808
-313.7 306.0 2203.9 0.1823145747 0.0636409968 -0.9811784625 0.9600207210 0.2040643245 0.1916191876 0.2124183625 -0.9768866897 -0.0238927770
-367.0 25.3 2141.8 -0.3332184255 0.0542201623 -0.9412893653 0.9214405417 0.2302682102 -0.3129279912 0.1997819990 -0.9716155529 -0.1266902685
-197.4 284.5 2463.1 0.4556379318 -0.8402599096 -0.2938662767 0.4523398280 0.5028794408 -0.7365466356 0.7666699290 0.2026711702 0.6092139482
-85.9 395.2 2650.7 0.5062019229 -0.8402599096 0.1942238510 0.8615323305 0.5028794408 -0.0698160827 -0.0390075184 0.2026711702 0.9784696102
-335.7 -87.8 2239.6 0.2398702353 0.0399884135 -0.9699810147 -0.0006585430 0.9991577864 0.0410283990 0.9708047509 -0.0092027169 0.2396945357
-351.4 -479.1 2243.2 0.2274962515 0.1535026878 -0.9616040587 -0.0859583095 0.9868080020 0.1371900290 0.9699776173 0.0514476411 0.2376899570
-256.9 -102.6 2401.6 -0.9984166622 0.0140036708 -0.0544802956 0.0274301451 0.9667646885 -0.2541920841 0.0491100028 -0.2552840114 -0.9656180739
-262.4 -481.2 2501.6 -0.9984166622 0.0420872644 -0.0373211391 0.0274301451 0.9435143471 0.3301942647 0.0491100028 0.3286477327 -0.9431748986
-281.6 -210.8 2090.7 0 0 0 0 0 0 0 0 0
42.1 613.1 2640.8 0 0 0 0 0 0 0 0 0
-409.2 -850.7 2223.9 0 0 0 0 0 0 0 0 0
-275.5 -774.4 2399.5 0 0 0 0 0 0 0 0 0
-232.6 491.4 2346.6 6 0.4060809016 0.1101833060 -0.9071702957 -0.1021981239 0.9919528365 0.0747334212 0.9081045389 0.0623632893 0.4140736461
-254.4 295.4 2334.3 0.4060809016 0.1101833060 -0.9071702957 -0.1021981239 0.9919528365 0.0747334212 0.9081045389 0.0623632893 0.4140736461
-276.1 101.1 2323.7 0.4069164395 0.1108104587 -0.9067193866 -0.0946957991 0.9923840165 0.0787820891 0.9085437059 0.0538047925 0.4143106639
-312.4 308.9 2204.9 0.1844775230 0.0541512519 -0.9813438058 0.9570944905 0.2171277702 0.1919002831 0.2234686315 -0.9746400118 -0.0117726717
-366.8 26.6 2139.0 -0.3319118023 0.0541512519 -0.9417548180 0.9244854450 0.2171277702 -0.3133404553 0.1875133514 -0.9746400118 -0.1221293136
-196.4 282.0 2463.7 0.4319010675 -0.8511528969 -0.2983290851 0.4313858747 0.4854311943 -0.7604359388 0.7920654416 0.1997381449 0.5768335462
-89.2 389.0 2660.3 0.4966308773 -0.8511528969 0.1699897945 0.8679341078 0.4854311943 -0.1051046327 0.0069417595 0.1997381449 0.9798247218
-337.5 -86.8 2239.3 0.2389376760 0.0332381651 -0.9704658985 -0.0005750126 0.9994186759 0.0340882167 0.9710347652 -0.0075869290 0.2388178855
-350.6 -478.3 2242.2 0.2274830043 0.1547821462 -0.9614020586 -0.0783413574 0.9869954586 0.1403657794 0.9706256390 0.0433867164 0.2366505414
-263.8 -100.4 2403.6 -0.9970402122 -0.0026479710 -0.0768365785 0.0162236057 0.9696556330 -0.2439359874 0.0751509517 -0.2444605529 -0.9667426348
-262.7 -480.2 2499.4 -0.9970402122 0.0396545045 -0.0658664703 0.0162236057 0.9459456205 0.3239192665 0.0751509517 0.3218919337 -0.9437891245
-281.7 -210.3 2090.9 0 0 0 0 0 0 0 0 0
37.1 609.7 2662.1 0 0 0 0 0 0 0 0 0
-408.8 -850.0 2225.9 0 0 0 0 0 0 0 0 0
-275.1 -774.1 2399.3 0 0 0 0 0 0 0 0 0
-232.8 488.6 2342.9 7 0.3987713754 0.1069690585 -0.9107903242 -0.0864266306 0.9931369424 0.0788001940 0.9129686952 0.0472932756 0.4052795768
-253.8 293.0 2333.6 0.3987713754 0.1069690585 -0.9107903242 -0.0864266306 0.9931369424 0.0788001940 0.9129686952 0.0472932756 0.4052795768
-275.2 98.5 2325.1 0.3990483880 0.1091368794 -0.9104117155 -0.0838807598 0.9930730462 0.0822797045 0.9130851030 0.0435324460 0.4054386914
-310.7 304.9 2203.5 0.1901451349 0.0665278807 -0.9794992805 0.9548550248 0.2194222659 0.2002642900 0.2282471210 -0.9733591080 -0.0218024012
-366.0 27.1 2137.1 -0.3262545466 0.0665278807 -0.9429379702 0.9266812801 0.2194222659 -0.3051486611 0.1866007000 -0.9733591080 -0.1332376450
-197.0 281.0 2463.7 0.4113188982 -0.8554846644 -0.3145835102 0.4259696901 0.4855350554 -0.7634170055 0.8058328629 0.1800047904 0.5641202927
-93.9 387.7 2665.6 0.5019529462 -0.8554846644 0.1272370815 0.8629565239 0.4855350554 -0.1398631483 0.0578727089 0.1800047904 0.9819618464
-334.6 -84.6 2231.1 0.2308115661 0.0391529389 -0.9722104073 0.0218510348 0.9987294674 0.0454085506 0.9727531075 -0.0317246206 0.2296627909
-349.9 -475.7 2243.5 0.2152175754 0.1541613191 -0.9643213749 -0.0867576972 0.9865751863 0.1383563280 0.9727047086 0.0538855828 0.2257030010
-261.0 -101.7 2395.3 -0.9987685084 0.0071276515 -0.0490987636 0.0196602326 0.9654697776 -0.2597720921 0.0455518104 -0.2604174614 -0.9644209743
-263.8 -479.8 2497.3 -0.9987685084 0.0330689102 -0.0369856656 0.0196602326 0.9482483268 0.3169205487 0.0455518104 0.3158031106 -0.9477306604
-282.2 -210.9 2089.2 0 0 0 0 0 0 0 0 0
34.0 607.6 2680.3 0 0 0 0 0 0 0 0 0
-408.0 -847.3 2223.2 0 0 0 0 0 0 0 0 0
-274.1 -775.2 2398.9 0 0 0 0 0 0 0 0 0
-232.6 487.1 2340.1 8 0.4066932797 0.1025968120 -0.9077854753 -0.0724162757 0.9941675663 0.0799166933 0.9106901288 0.0332368650 0.4117509425
-252.8 291.4 2333.6 0.4066932797 0.1025968120 -0.9077854753 -0.0724162757 0.9941675663 0.0799166933 0.9106901288 0.0332368650 0.4117509425
-273.5 96.8 2327.8 0.4069202244 0.1060116142 -0.9072912931 -0.0702534318 0.9939330220 0.0846265182 0.9107581377 0.0293040853 0.4118991196
-310.8 301.4 2203.8 0.1822462082 0.0598517507 -0.9814296365 0.9571028948 0.2178694904 0.1910154819 0.2252561748 -0.9741410017 -0.0175783951
-363.0 27.4 2139.3 -0.3231490552 0.0572368354 -0.9446156025 0.9259250164 0.2253748178 -0.3030990362 0.1955441386 -0.9725893736 -0.1258266866
-194.8 281.4 2463.3 0.3918459713 -0.8634523749 -0.3176582158 0.3981880248 0.4704180658 -0.7874979973 0.8293991685 0.1820902228 0.5281478167
-96.5 381.3 2671.4 0.4904865921 -0.8634523749 0.1177833229 0.8672618866 0.4704180658 -0.1629835218 0.0853211060 0.1820902228 0.9795730710
-332.7 -88.4 2234.1 0.2379668057 0.0432668366 -0.9703091383 0.0141445538 0.9987469912 0.0480038337 0.9711703062 -0.0251479093 0.2370566428
-349.6 -479.5 2243.9 0.2231834531 0.1567794830 -0.9620859027 -0.0865785927 0.9862685800 0.1406358331 0.9709239602 0.0519084558 0.2336925864
-260.5 -103.5 2399.1 -0.9991241693 0.0098822340 -0.0406599678 0.0199039783 0.9669800401 -0.2540735602 0.0368065648 -0.2546603382 -0.9663298726
-264.4 -482.3 2498.8 -0.9991241693 0.0306148846 -0.0285240337 0.0199039783 0.9473436475 0.3195995688 0.0368065648 0.3187519312 -0.9471232891
-279.9 -210.6 2089.1 0 0 0 0 0 0 0 0 0
28.8 602.8 2693.2 0 0 0 0 0 0 0 0 0
-408.7 -851.0 2224.4 0 0 0 0 0 0 0 0 0
-273.9 -777.4 2399.5 0 0 0 0 0 0 0 0 0
-232.8 489.2 2346.2 9 0.3474504948 0.1057895124 -0.9317117333 -0.0845649615 0.9931018949 0.0812242925 0.9338773489 0.0505687483 0.3539998233
-253.6 294.8 2336.3 0.3474504948 0.1057895124 -0.9317117333 -0.0845649615 0.9931018949 0.0812242925 0.9338773489 0.0505687483 0.3539998233
-274.8 100.3 2327.5 0.3479133546 0.1089289412 -0.9311770797 -0.0802836493 0.9930404425 0.0861695260 0.9340828657 0.0447787680 0.3542372286
-303.0 306.2 2203.5 0.2019739449 0.1193462685 -0.9720920920 0.9520713091 0.2088705003 0.2234577537 0.2297102064 -0.9706336260 -0.0714397579
-359.8 38.8 2138.9 -0.3034575582 0.1104166061 -0.9464257360 0.9329032898 0.2365746349 -0.2715213299 0.1939198673 -0.9653189182 -0.1747983843
-204.1 283.3 2469.1 0.4133106768 -0.8594824076 -0.3007727861 0.3861544728 0.4645697176 -0.7969063520 0.8246569037 0.2132251263 0.5239045620
-101.8 378.9 2673.2 0.4962095022 -0.8594824076 0.1227441356 0.8584461212 0.4645697176 -0.2173596025 0.1297935545 0.2132251263 0.9683432579
-331.1 -91.5 2239.8 0.1757412404 0.0460210517 -0.9833601117 0.0014111949 0.9988938570 0.0470002331 0.9844353795 -0.0096475920 0.1754819006
-349.1 -482.7 2243.6 0.1628371328 0.1614222676 -0.9733585715 -0.0811108053 0.9853766561 0.1498460025 0.9833133221 0.0545494072 0.1735489964
-257.5 -104.2 2404.4 -0.9996768832 0.0246346444 -0.0062633748 0.0254168399 0.9660528302 -0.2570913732 -0.0002826038 -0.2571674883 -0.9663668275
-267.2 -482.5 2505.1 -0.9996768832 0.0238625836 0.0087562930 0.0254168399 0.9422600269 0.3339161277 -0.0002826038 0.3340307772 -0.9425621033
-281.8 -201.0 2089.1 0 0 0 0 0 0 0 0 0
25.0 598.2 2706.4 0 0 0 0 0 0 0 0 0
-409.9 -853.8 2223.0 0 0 0 0 0 0 0 0 0
-274.7 -779.1 2400.0 0 0 0 0 0 0 0 0 0
-230.7 492.4 2350.2 0 0.3319741488 0.1194680184 -0.9356925488 -0.0947722569 0.9911524653 0.0929248407 0.9385155439 0.0578290448 0.3403592408
-254.2 297.7 2338.9 0.3319741488 0.1194680184 -0.9356925488 -0.0947722569 0.9911524653 0.0929248407 0.9385155439 0.0578290448 0.3403592408
-277.4 103.5 2329.2 0.3329456151 0.1188294515 -0.9354286790 -0.0866888762 0.9916839600 0.0951206461 0.9389527440 0.0494212583 0.3404780030
-301.6 310.0 2205.2 0.1987100989 0.1357179731 -0.9706157446 0.9520545006 0.2083233148 0.2240392864 0.2326080352 -0.9685979486 -0.0878149644
-358.6 37.0 2138.5 -0.3052854836 0.1238800734 -0.9441686869 0.9314668179 0.2449183166 -0.2690438926 0.1979150325 -0.9615969658 -0.1901601851
-206.8 285.3 2472.5 0.4133474231 -0.8576505780 -0.3059074879 0.3804926872 0.4678976238 -0.7976823449 0.8272660971 0.2133243829 0.5197340846
-104.6 379.4 2677.1 0.5009424090 -0.8576505780 0.1161559448 0.8539073467 0.4678976238 -0.2278464884 0.1410635859 0.2133243829 0.9667438865
-327.4 -86.9 2234.5 0.1618669182 0.0522577763 -0.9854279160 0.0140953315 0.9983725548 0.0552595407 0.9867119193 -0.0228346251 0.1608668864
-347.9 -477.9 2243.4 0.1487604380 0.1621395648 -0.9754901528 -0.0690355971 0.9857622981 0.1533191353 0.9864605665 0.0445357226 0.1578358412
-264.6 -101.4 2403.0 -0.9995892048 0.0053715948 -0.0281520505 0.0124878790 0.9657614231 -0.2591310441 0.0257962178 -0.2593761384 -0.9654318094
-266.7 -479.6 2504.5 -0.9995892048 0.0203117654 -0.0202194005 0.0124878790 0.9436794519 0.3306253850 0.0257962178 0.3302370608 -0.9435454607
-279.7 -203.7 2087.4 0 0 0 0 0 0 0 0 0
23.6 597.9 2713.2 0 0 0 0 0 0 0 0 0
-408.9 -849.2 2226.6 0 0 0 0 0 0 0 0 0
-273.1 -776.5 2400.6 0 0 0 0 0 0 0 0 0
-229.9 491.5 2351.8 1 0.3079553843 0.1185961291 -0.9439800978 -0.0909421071 0.9913263917 0.0948763266 0.9470443726 0.0566298626 0.3160696626
-253.3 296.4 2340.6 0.3079553843 0.1185961291 -0.9439800978 -0.0909421071 0.9913263917 0.0948763266 0.9470443726 0.0566298626 0.3160696626
-275.9 102.1 2331.1 0.3089626133 0.1158168167 -0.9439960718 -0.0824196115 0.9920842052 0.0947413445 0.9474962354 0.0485322550 0.3160625100
-297.2 308.2 2205.7 0.1956418008 0.1590405554 -0.9676933289 0.9535590410 0.1995890439 0.2255867124 0.2290184200 -0.9668869376 -0.1126066074
-353.1 35.8 2140.3 -0.2918479741 0.1406222582 -0.9460709095 0.9329301715 0.2599245310 -0.2491595596 0.2108696550 -0.9553348422 -0.2070492059
-209.3 284.7 2475.5 0.4230429828 -0.8593499064 -0.2873193622 0.3906616867 0.4590855539 -0.7978871465 0.8175684214 0.2252959013 0.5299279690
-103.1 382.7 2680.7 0.4967198968 -0.8593499064 0.1216022968 0.8540911078 0.4590855539 -0.2444767505 0.1542652100 0.2252959013 0.9620000124
-330.7 -82.9 2234.7 0.1363506764 0.0374189913 -0.9899536967 0.0138624702 0.9991164804 0.0396746732 0.9905636311 -0.0191328712 0.1357114762
-345.3 -474.2 2242.2 0.1243259013 0.1674645543 -0.9780074954 -0.0590338372 0.9851571321 0.1611843109 0.9904837608 0.0376961529 0.1323666275
-270.6 -98.6 2404.2 -0.9988173842 -0.0093520982 -0.0477107503 0.0021283997 0.9719735384 -0.2350806594 0.0485720821 -0.2349041998 -0.9708042145
-266.9 -479.1 2496.2 -0.9988173842 0.0166818425 -0.0456672050 0.0021283997 0.9533955455 0.3017156720 0.0485720821 0.3012616634 -0.9523035884
-277.1 -207.2 2085.4 0 0 0 0 0 0 0 0 0
24.0 601.3 2720.2 0 0 0 0 0 0 0 0 0
-408.4 -845.2 2228.0 0 0 0 0 0 0 0 0 0
-272.2 -780.7 2400.9 0 0 0 0 0 0 0 0 0
-229.8 491.6 2351.5 2 0.3303849101 0.1226259097 -0.9358465075 -0.0940646008 0.9908657670 0.0966272727 0.9391472936 0.0561058335 0.3389018774
-253.9 296.3 2340.5 0.3303849101 0.1226259097 -0.9358465075 -0.0940646008 0.9908657670 0.0966272727 0.9391472936 0.0561058335 0.3389018774
-277.1 102.0 2331.3 0.3316066563 0.1180593297 -0.9360015988 -0.0839999467 0.9918933511 0.0953495428 0.9396706820 0.0470055416 0.3388354182
-301.2 308.2 2206.6 0.1721896827 0.1391071826 -0.9751922488 0.9555530548 0.2169160098 0.1996641755 0.2393095344 -0.9662280679 -0.0955735967
-350.1 36.5 2138.6 -0.2834629714 0.1272642910 -0.9505012035 0.9350823164 0.2565850914 -0.2445100397 0.2127670348 -0.9581063986 -0.1917349547
-206.7 284.3 2474.3 0.4095543325 -0.8634918332 -0.2943587601 0.3893914223 0.4572528005 -0.7995587587 0.8250088096 0.2128419578 0.5235061646
-103.5 382.4 2682.2 0.4939145744 -0.8634918332 0.1021284983 0.8520715833 0.4572528005 -0.2547427714 0.1732697636 0.2128419578 0.9616007209
