28.6 339.7 2822.2 4 -0.3885549903 0.0557210445 -0.9197391868 -0.1160670966 0.9872593880 0.1088456064 0.9140861034 0.1490439624 -0.3771371841
17.7 145.5 2792.9 -0.3885549903 0.0557210445 -0.9197391868 -0.1160670966 0.9872593880 0.1088456064 0.9140861034 0.1490439624 -0.3771371841
6.7 -46.8 2768.9 -0.3871977627 0.0566752926 -0.9202530980 -0.0921818465 0.9907281399 0.0998012498 0.9173769355 0.1234734505 -0.3783832788
70.6 158.1 2667.6 -0.6773732901 -0.6287524104 -0.3818845153 0.0315812528 0.4937859476 -0.8690098524 0.7349612713 -0.6007044315 -0.3146206141
240.2 150.2 2483.5 -0.6667503715 -0.6287524104 0.4001429081 -0.7398626208 0.4937859476 -0.4569231272 0.0897065774 -0.6007044315 -0.7944223881
-35.2 132.9 2918.2 -0.0588691831 0.3630493283 -0.9299083948 -0.9806907177 0.1529930234 0.1218146607 0.1864942163 0.9191236496 0.3470325172
-50.4 -119.8 2966.3 0.0683768615 0.3642757237 -0.9287775755 -0.9905122519 0.1360234171 -0.0195720587 0.1192058772 0.9213038683 0.3701204360
28.0 -234.8 2664.0 -0.7698221207 0.3231785893 0.5503903627 0.1735238284 0.9358245134 -0.3067930937 -0.6142176986 -0.1406702697 -0.7764975429
-97.5 -598.0 2718.6 -0.7729796767 0.0602698848 0.6315615177 0.1327039301 0.9888164997 0.0680560470 -0.6203967333 0.1364166290 -0.7723330855
-40.6 -250.6 2828.8 -0.6342577338 0.0079849251 0.7730804086 -0.0455761142 0.9978214502 -0.0476981848 -0.7717770934 -0.0654869452 -0.6325120926
-43.7 -637.9 2854.2 -0.6334052682 0.0329815447 0.7731170654 0.0106023438 0.9993674159 -0.0339471214 -0.7737476230 -0.0133054322 -0.6333542466
427.9 358.5 2458.2 0 0 0 0 0 0 0 0 0
-32.6 -378.2 2997.4 0 0 0 0 0 0 0 0 0
-119.8 -964.6 2668.0 0 0 0 0 0 0 0 0 0
-56.0 -1010.8 2859.2 0 0 0 0 0 0 0 0 0
26.1 344.6 2821.6 5 -0.3966622949 0.0491406359 -0.9166483879 -0.1185287610 0.9874651432 0.1042281389 0.9102801681 0.1499925703 -0.3858655989
16.5 150.9 2792.2 -0.3966622949 0.0491406359 -0.9166483879 -0.1185287610 0.9874651432 0.1042281389 0.9102801681 0.1499925703 -0.3858655989
6.4 -41.5 2767.8 -0.3954691589 0.0518025272 -0.9170172215 -0.0951471478 0.9907261133 0.0969991311 0.9135377407 0.1256117374 -0.3868727684
70.5 163.9 2667.4 -0.6759839058 -0.6227746010 -0.3939512670 0.0539434142 0.4913414419 -0.8692949414 0.7349393964 -0.6088804603 -0.2985443175
240.0 150.3 2483.1 -0.6677961349 -0.6227746010 0.4076765180 -0.7393076420 0.4913414419 -0.4604430497 0.0864438415 -0.6088804603 -0.7885379195
-37.6 137.9 2917.0 -0.0569498129 0.3538056612 -0.9335835576 -0.9812111259 0.1528222859 0.1177711189 0.1843404621 0.9227496386 0.3384548724
-52.2 -115.0 2964.5 0.0709535703 0.3550749719 -0.9321413040 -0.9904468060 0.1358533651 -0.0236419160 0.1182398796 0.9249138236 0.3613221645
30.4 -230.9 2662.8 -0.7616791129 0.3303434253 0.5574209690 0.1802091300 0.9343373775 -0.3074707985 -0.6223902106 -0.1337417364 -0.7711961865
-97.9 -593.6 2714.7 -0.7664692402 0.0577012412 0.6396839023 0.1214695424 0.9910055399 0.0561533868 -0.6306901574 0.1207419559 -0.7665842175
-39.0 -247.4 2827.2 -0.6268666387 0.0087756040 0.7790771127 -0.0580000468 0.9966364503 -0.0578946322 -0.7769647241 -0.0814787224 -0.6242491603
-42.4 -634.2 2858.8 -0.6259850860 0.0383652970 0.7788907290 0.0337180793 0.9991866350 -0.0221174508 -0.7791057229 0.0124175046 -0.6267695427
428.1 358.6 2458.8 0 0 0 0 0 0 0 0 0
-33.7 -373.4 2995.3 0 0 0 0 0 0 0 0 0
-119.4 -962.5 2669.7 0 0 0 0 0 0 0 0 0
-56.7 -1007.0 2854.1 0 0 0 0 0 0 0 0 0
29.9 343.0 2830.8 6 -0.3974586129 0.0579069629 -0.9157911539 -0.1365732849 0.9831581712 0.1214402765 0.9073997736 0.1733400971 -0.3828561306
18.5 150.1 2796.8 -0.3974586129 0.0579069629 -0.9157911539 -0.1365732849 0.9831581712 0.1214402765 0.9073997736 0.1733400971 -0.3828561306
6.8 -41.5 2768.0 -0.3960189819 0.0601887889 -0.9162675738 -0.1125549078 0.9871428609 0.1134917513 0.9113179445 0.1480752975 -0.3841527700
72.6 165.5 2672.3 -0.6608093977 -0.6324695945 -0.4041202664 0.0599639267 0.4922204316 -0.8684027791 0.7481545806 -0.5980813503 -0.2873385251
239.7 150.3 2483.1 -0.6674616337 -0.6324695945 0.3930358589 -0.7381182909 0.4922204316 -0.4614113569 0.0983683690 -0.5980813503 -0.7953756452
-35.6 134.7 2921.2 -0.0652207956 0.3553220928 -0.9324657917 -0.9846297503 0.1288077980 0.1179524139 0.1620199680 0.9258265495 0.3414597511
-52.4 -118.9 2963.0 0.0626249164 0.3564487696 -0.9322137237 -0.9934428334 0.1117832214 -0.0239958707 0.0956525579 0.9276037812 0.3611118793
31.8 -225.3 2661.6 -0.7656235695 0.3384504020 0.5470574498 0.1860354394 0.9305610657 -0.3153519928 -0.6158013940 -0.1396688521 -0.7754232883
-99.6 -586.5 2715.8 -0.7709067464 0.0540571176 0.6346499920 0.1205855459 0.9907595515 0.0620855689 -0.6254293919 0.1243918017 -0.7703017592
-39.1 -242.3 2825.3 -0.6280832887 0.0125080664 0.7780455947 -0.0717750713 0.9946770668 -0.0739316642 -0.7748288512 -0.1022795141 -0.6238422394
-43.9 -628.3 2864.9 -0.6292527318 0.0272662118 0.7767223120 0.0462242402 0.9989282489 0.0023814687 -0.7758249044 0.0374019444 -0.6298387051
427.8 358.3 2455.4 0 0 0 0 0 0 0 0 0
-36.1 -378.0 2987.9 0 0 0 0 0 0 0 0 0
-120.2 -964.4 2668.3 0 0 0 0 0 0 0 0 0
-54.1 -1001.0 2851.0 0 0 0 0 0 0 0 0 0
24.9 343.4 2825.9 7 -0.4156031609 0.0463660136 -0.9083634615 -0.1274704039 0.9858741164 0.1086439043 0.9005694389 0.1609422117 -0.4038220942
15.8 150.0 2794.3 -0.4156031609 0.0463660136 -0.9083634615 -0.1274704039 0.9858741164 0.1086439043 0.9005694389 0.1609422117 -0.4038220942
5.9 -42.0 2767.8 -0.4144260883 0.0507697575 -0.9086657763 -0.1035352796 0.9893304706 0.1024973020 0.9041744471 0.1365565211 -0.4047478735
72.4 164.2 2670.8 -0.6677409410 -0.6343727708 -0.3894781768 0.0575525872 0.4776532650 -0.8766613007 0.7421655655 -0.6077980995 -0.2824388444
241.3 149.7 2483.1 -0.6621946692 -0.6343727708 0.3988351226 -0.7414396405 0.4776532650 -0.4712903500 0.1084688753 -0.6077980995 -0.7866485715
-40.8 135.9 2917.8 -0.0624715574 0.3348897398 -0.9401841164 -0.9828808308 0.1429550052 0.1162285805 0.1733277887 0.9313499331 0.3202261031
-56.9 -117.3 2962.5 0.0667625740 0.3360841274 -0.9394627213 -0.9917089939 0.1259661317 -0.0254122131 0.1097998470 0.9333702326 0.3417074680
30.6 -223.0 2657.7 -0.7549136281 0.3268672526 0.5685624480 0.1694720238 0.9347257614 -0.3123570979 -0.6335492730 -0.1394471973 -0.7610320449
-96.2 -585.8 2711.8 -0.7588838339 0.0630325004 0.6481683850 0.1213262156 0.9915636182 0.0456235893 -0.6398244500 0.1132628173 -0.7601290941
-40.3 -243.1 2820.9 -0.6110325456 0.0116852093 0.7915192246 -0.0758320913 0.9944285750 -0.0732211992 -0.7879648805 -0.1047630906 -0.6067421436
-44.9 -629.1 2861.6 -0.6118158102 0.0252151322 0.7905982733 0.0305167455 0.9995000958 -0.0082619712 -0.7904113531 0.0190716814 -0.6122794747
427.2 357.9 2452.7 0 0 0 0 0 0 0 0 0
-39.5 -376.0 2991.1 0 0 0 0 0 0 0 0 0
-120.1 -961.5 2668.9 0 0 0 0 0 0 0 0 0
-54.3 -1002.1 2854.5 0 0 0 0 0 0 0 0 0
25.0 342.3 2822.9 8 -0.4124924242 0.0463182479 -0.9097827077 -0.1238626018 0.9865798950 0.1063869819 0.9025009871 0.1565718800 -0.4012196362
15.9 148.7 2792.2 -0.4124924242 0.0463182479 -0.9097827077 -0.1238626018 0.9865798950 0.1063869819 0.9025009871 0.1565718800 -0.4012196362
6.4 -43.5 2766.5 -0.4113861918 0.0485405363 -0.9101676941 -0.1008116901 0.9900309443 0.0983655751 0.9058688879 0.1322217882 -0.4023916125
72.1 162.5 2668.4 -0.6715115309 -0.6308140159 -0.3887749314 0.0561711304 0.4798220992 -0.8755658269 0.7388620377 -0.6097905040 -0.2867725194
240.2 148.4 2483.5 -0.6696810722 -0.6308140159 0.3919195235 -0.7336093187 0.4798220992 -0.4812360108 0.1155187935 -0.6097905040 -0.7840988636
-40.3 134.9 2915.9 -0.0592374913 0.3373473883 -0.9395145774 -0.9823104739 0.1477867365 0.1150009558 0.1776430756 0.9297074080 0.3226253390
-55.6 -118.2 2961.7 0.0698263496 0.3385949135 -0.9383377433 -0.9910523891 0.1308065057 -0.0265481714 0.1137516126 0.9317956567 0.3446990550
33.2 -224.7 2660.4 -0.7567721605 0.3249012530 0.5672169328 0.1662852019 0.9348695278 -0.3136370778 -0.6321749091 -0.1430320293 -0.7615094781
-93.0 -587.6 2715.9 -0.7588013411 0.0716828480 0.6473655105 0.1416222453 0.9883033037 0.0565658174 -0.6357386708 0.1346035749 -0.7600777745
-41.1 -243.2 2822.3 -0.6130312085 0.0082777888 0.7900152802 -0.0575297140 0.9968228936 -0.0550862737 -0.7879613042 -0.0792189613 -0.6106073260
-44.3 -630.1 2853.1 -0.6124162674 0.0296790432 0.7899781466 0.0092304451 0.9994953275 -0.0303947534 -0.7904815674 -0.0113223922 -0.6123811603
427.7 353.9 2451.1 0 0 0 0 0 0 0 0 0
-37.4 -376.7 2991.4 0 0 0 0 0 0 0 0 0
-120.3 -963.8 2664.7 0 0 0 0 0 0 0 0 0
-55.4 -1002.9 2857.3 0 0 0 0 0 0 0 0 0
25.1 340.4 2830.9 9 -0.4218739271 0.0462196581 -0.9054756165 -0.1463801116 0.9821253419 0.1183327809 0.8947598934 0.1824651510 -0.4075674415
16.0 147.5 2795.1 -0.4218739271 0.0462196581 -0.9054756165 -0.1463801116 0.9821253419 0.1183327809 0.8947598934 0.1824651510 -0.4075674415
6.4 -44.0 2765.1 -0.4205861092 0.0495067425 -0.9059008956 -0.1198930591 0.9867200255 0.1095866561 0.8992958069 0.1547018588 -0.4090652168
73.5 163.9 2672.3 -0.6580326557 -0.6381500959 -0.3996967971 0.0617862940 0.4832634628 -0.8732919693 0.7504501939 -0.5993503928 -0.2785741985
240.3 148.2 2482.1 -0.6664267182 -0.6381500959 0.3855384886 -0.7365404963 0.4832634628 -0.4732488692 0.1156871393 -0.5993503928 -0.7920830250
-41.5 131.1 2917.9 -0.0631366670 0.3284458220 -0.9424102902 -0.9858770967 0.1262393892 0.1100452691 0.1551132053 0.9360485673 0.3158368766
-57.7 -122.8 2957.9 0.0665623620 0.3296356201 -0.9417588711 -0.9935027361 0.1092198119 -0.0319903009 0.0923135877 0.9377693534 0.3347638249
33.9 -226.6 2659.7 -0.7508885860 0.3366788924 0.5681669712 0.1799306571 0.9320463538 -0.3145069182 -0.6354457736 -0.1339290142 -0.7604417801
-96.8 -588.4 2711.7 -0.7554099560 0.0606231354 0.6524420381 0.1252108812 0.9907179475 0.0529167689 -0.6431780457 0.1216666996 -0.7559888959
-39.9 -244.7 2822.0 -0.6057743430 0.0127228703 0.7955347896 -0.0766208097 0.9942921400 -0.0742458701 -0.7919385433 -0.1059307605 -0.6013418436
-44.8 -630.5 2863.1 -0.6069658995 0.0219101682 0.7944257855 0.0316834152 0.9994922876 -0.0033587695 -0.7940960526 0.0231314655 -0.6073518991
426.6 354.1 2449.7 0 0 0 0 0 0 0 0 0
-40.4 -381.9 2982.0 0 0 0 0 0 0 0 0 0
-119.9 -965.7 2665.4 0 0 0 0 0 0 0 0 0
-53.0 -1003.2 2854.5 0 0 0 0 0 0 0 0 0
28.0 342.1 2825.5 0 -0.3895115852 0.0467825308 -0.9198326468 -0.1415168494 0.9838094711 0.1099629924 0.9100844264 0.1730036885 -0.3765846789
18.8 149.8 2791.6 -0.3895115852 0.0467825308 -0.9198326468 -0.1415168494 0.9838094711 0.1099629924 0.9100844264 0.1730036885 -0.3765846789
9.7 -42.0 2763.0 -0.3883824348 0.0472926646 -0.9202839136 -0.1178506687 0.9879321456 0.1005049348 0.9139312506 0.1474904269 -0.3781220317
71.8 165.9 2666.9 -0.6774123311 -0.6282971501 -0.3825640380 0.0725246742 0.4604896009 -0.8846974373 0.7320196033 -0.6270502806 -0.2663742900
241.8 147.7 2483.2 -0.6607134938 -0.6282971501 0.4107315540 -0.7413716316 0.4604896009 -0.4881776273 0.1175829917 -0.6270502806 -0.7700533867
-34.2 133.7 2916.4 -0.0501399562 0.3595658839 -0.9317716360 -0.9854503274 0.1338896602 0.1046958193 0.1623996347 0.9234641194 0.3476210833
-47.1 -120.1 2958.2 0.0772875249 0.3609444499 -0.9293792248 -0.9924507141 0.1168861315 -0.0371373259 0.0952270254 0.9252333641 0.3672534227
34.5 -224.7 2654.5 -0.7726644278 0.3334119618 0.5402093530 0.1736724824 0.9295285940 -0.3252913058 -0.6105960608 -0.1575215161 -0.7761181593
-94.9 -585.5 2715.7 -0.7761242390 0.0639947802 0.6273243427 0.1313479841 0.9894224405 0.0615702011 -0.6167486310 0.1301839203 -0.7763203382
-40.9 -246.2 2815.6 -0.6320770383 0.0037723284 0.7748963237 -0.0635909215 0.9963628650 -0.0567210987 -0.7722918987 -0.0851284787 -0.6295382380
-42.3 -632.8 2848.6 -0.6311708689 0.0339570269 0.7749001980 -0.0053945379 0.9988248944 -0.0481636189 -0.7756250501 -0.0345797017 -0.6302459836
426.3 354.7 2450.4 0 0 0 0 0 0 0 0 0
-27.0 -379.0 2983.1 0 0 0 0 0 0 0 0 0
-119.3 -962.6 2666.0 0 0 0 0 0 0 0 0 0
-55.0 -1004.9 2861.5 0 0 0 0 0 0 0 0 0
31.4 341.9 2822.2 1 -0.3981479108 0.0542926304 -0.9157131314 -0.1274241656 0.9852957726 0.1138216257 0.9084279537 0.1620018184 -0.3853752613
20.8 149.1 2790.5 -0.3981479108 0.0542926304 -0.9157131314 -0.1274241656 0.9852957726 0.1138216257 0.9084279537 0.1620018184 -0.3853752613
10.2 -42.9 2763.9 -0.3968666196 0.0547318831 -0.9162430167 -0.1042206809 0.9890779257 0.1042254046 0.9119402170 0.1368550509 -0.3868278265
75.0 163.3 2666.0 -0.6742850542 -0.6265443563 -0.3908732533 0.0631529316 0.4784376025 -0.8758476973 0.7357658744 -0.6152557731 -0.2830351889
242.2 147.7 2483.6 -0.6668969989 -0.6265443563 0.4033492804 -0.7376398444 0.4784376025 -0.4764293432 0.1055266336 -0.6152557731 -0.7812326550
-33.4 134.9 2915.0 -0.0602098741 0.3531555831 -0.9336251616 -0.9830756783 0.1411468834 0.1167895645 0.1730231643 0.9248560667 0.3386802077
-48.9 -118.4 2959.6 0.0677253082 0.3543690145 -0.9326499104 -0.9919513464 0.1241555959 -0.0248574726 0.1069849953 0.9268268347 0.3599252999
35.3 -223.2 2652.6 -0.7716211081 0.3258318305 0.5462915897 0.1581567675 0.9301447868 -0.3313865662 -0.6161065698 -0.1693051606 -0.7692518830
-91.2 -584.2 2718.3 -0.7726714611 0.0737588704 0.6305064559 0.1450239420 0.9874707460 0.0622057579 -0.6180185080 0.1395031512 -0.7736873031
-34.3 -244.2 2816.2 -0.6260932684 0.0081139002 0.7797060013 -0.0504814014 0.9974263310 -0.0509154536 -0.7781123519 -0.0712384731 -0.6240722537
-37.4 -631.3 2843.8 -0.6241654754 0.0589829497 0.7790625691 -0.0085951919 0.9965675473 -0.0823365375 -0.7812448740 -0.0580878183 -0.6215161085
428.1 353.3 2454.1 0 0 0 0 0 0 0 0 0
-31.2 -377.1 2987.5 0 0 0 0 0 0 0 0 0
-119.4 -962.4 2664.8 0 0 0 0 0 0 0 0 0
-59.4 -1002.7 2865.5 0 0 0 0 0 0 0 0 0
31.2 340.7 2822.6 2 -0.4093068838 0.0523369201 -0.9108944535 -0.1279280931 0.9851993918 0.1140902266 0.9033837914 0.1632269025 -0.3965535462
21.0 147.6 2790.6 -0.4093068838 0.0523369201 -0.9108944535 -0.1279280931 0.9851993918 0.1140902266 0.9033837914 0.1632269025 -0.3965535462
10.4 -44.4 2764.0 -0.4079549611 0.0545393303 -0.9113715887 -0.1029540673 0.9890993237 0.1052758694 0.9071787000 0.1367772222 -0.3978929222
76.7 161.7 2666.7 -0.6674484015 -0.6349120736 -0.3891006410 0.0530486926 0.4806553721 -0.8753035069 0.7427641153 -0.6048611999 -0.2871313989
241.7 148.5 2483.1 -0.6646056175 -0.6349120736 0.3939365447 -0.7389966249 0.4806553721 -0.4720745683 0.1103781387 -0.6048611999 -0.7886441350
-34.8 133.5 2914.5 -0.0637526885 0.3422209322 -0.9374542236 -0.9828462005 0.1413648278 0.1184453517 0.1730575413 0.9289245605 0.3273381591
-51.2 -119.7 2959.1 0.0649578050 0.3433854878 -0.9369454980 -0.9919647574 0.1243706420 -0.0231910814 0.1085650325 0.9309234023 0.3487051427
35.1 -225.5 2655.7 -0.7601908445 0.3296404183 0.5598634481 0.1693744212 0.9324793220 -0.3190527558 -0.6272338033 -0.1477144212 -0.7646948695
-92.8 -587.4 2713.0 -0.7632768750 0.0701694489 0.6422496438 0.1331711709 0.9898248315 0.0501222797 -0.6321976185 0.1237863153 -0.7648549676
-36.0 -244.2 2819.0 -0.6168943644 0.0019657572 0.7870435119 -0.0706593394 0.9958204031 -0.0578708611 -0.7838677168 -0.0913121775 -0.6141770482
-36.7 -630.6 2854.5 -0.6144461632 0.0558764860 0.7869775891 0.0366797261 0.9984334707 -0.0422518216 -0.7881056666 0.0029046568 -0.6155331135
427.1 354.7 2452.3 0 0 0 0 0 0 0 0 0
-34.2 -378.4 2987.4 0 0 0 0 0 0 0 0 0
-119.3 -961.1 2666.3 0 0 0 0 0 0 0 0 0
-57.5 -1002.3 2853.4 0 0 0 0 0 0 0 0 0
31.3 339.4 2820.3 3 -0.4166632593 0.0561093017 -0.9073276520 -0.1167577133 0.9865236282 0.1146243066 0.9015316963 0.1536972374 -0.4044969678
20.3 146.3 2790.2 -0.4166632593 0.0561093017 -0.9073276520 -0.1167577133 0.9865236282 0.1146243066 0.9015316963 0.1536972374 -0.4044969678
9.1 -45.9 2765.4 -0.4152715504 0.0576957278 -0.9078660607 -0.0925853997 0.9901239872 0.1052732468 0.9049737453 0.1277721226 -0.4058285356
77.0 158.9 2666.6 -0.6654752493 -0.6416732669 -0.3813109696 0.0402513891 0.4792594910 -0.8767497540 0.7453337908 -0.5988035798 -0.2931070924
240.9 149.0 2483.0 -0.6636195183 -0.6416732669 0.3845316172 -0.7383536100 0.4792594910 -0.4744937122 0.1201794967 -0.5988035798 -0.7918277383
-36.4 133.7 2913.8 -0.0692796111 0.3357483149 -0.9394005537 -0.9808670282 0.1488082558 0.1255228221 0.1819346249 0.9301232100 0.3190150559
-54.3 -119.1 2960.7 0.0598892160 0.3368248940 -0.9396607280 -0.9911444783 0.1318305135 -0.0159153957 0.1185152531 0.9322926998 0.3417373598
36.3 -227.2 2656.2 -0.7535844445 0.3455780447 0.5591835976 0.1695218533 0.9240551591 -0.3426140547 -0.6351163983 -0.1633947790 -0.7549366355
-97.8 -585.7 2719.6 -0.7562679648 0.0567616299 0.6517950892 0.1322642714 0.9889241457 0.0673436895 -0.6407533884 0.1371390671 -0.7553992271
-36.7 -245.6 2818.7 -0.6112614274 0.0020055915 0.7914261818 -0.0863910541 0.9938520789 -0.0692430660 -0.7866994739 -0.1106977612 -0.6073302031
-37.5 -631.3 2861.7 -0.6099186540 0.0530308522 0.7906876802 0.0561204329 0.9981437325 -0.0236547478 -0.7904744148 0.0299462620 -0.6117625833
426.5 355.6 2449.4 0 0 0 0 0 0 0 0 0
-38.7 -377.6 2991.6 0 0 0 0 0 0 0 0 0
-119.4 -962.9 2667.3 0 0 0 0 0 0 0 0 0
-57.3 -1003.3 2850.5 0 0 0 0 0 0 0 0 0
34.7 348.0 2820.1 4 -0.4034286141 0.0642314628 -0.9127538800 -0.1176903769 0.9856048226 0.1213760972 0.9074108005 0.1563889384 -0.3900617361
22.1 154.8 2789.5 -0.4034286141 0.0642314628 -0.9127538800 -0.1176903769 0.9856048226 0.1213760972 0.9074108005 0.1563889384 -0.3900617361
9.2 -37.2 2764.3 -0.4017516375 0.0663391948 -0.9133425951 -0.0923253447 0.9893564582 0.1124714538 0.9110826850 0.1295102537 -0.3913508058
76.9 167.4 2665.0 -0.6728806496 -0.6340423226 -0.3810800016 0.0757884383 0.4533491135 -0.8881050944 0.7358585000 -0.6264702082 -0.2569967806
243.1 148.7 2483.3 -0.6567604542 -0.6340423226 0.4082353115 -0.7433700562 0.4533491135 -0.4918084145 0.1267542094 -0.6264702082 -0.7690698504
-32.8 142.2 2913.9 -0.0730385184 0.3511805534 -0.9334546328 -0.9808730483 0.1440285891 0.1309346408 0.1804258674 0.9251637459 0.3339439034
-51.6 -110.5 2960.4 0.0550435930 0.3521763980 -0.9343136549 -0.9918419719 0.1270363331 -0.0105482191 0.1149769500 0.9272720814 0.3562958837
35.1 -229.8 2659.5 -0.7610759735 0.3399080932 0.5524724722 0.1793951243 0.9287866354 -0.3243035376 -0.6233624220 -0.1477087736 -0.7678550482
-96.8 -590.2 2716.8 -0.7647377253 0.0555011258 0.6419469118 0.1308478266 0.9889012575 0.0703782961 -0.6309160590 0.1378182918 -0.7635123134
-39.3 -246.4 2821.6 -0.6238847971 0.0038384055 0.7815068960 -0.0593235306 0.9968701601 -0.0522547401 -0.7792614698 -0.0789626837 -0.6217044592
-40.8 -633.1 2852.3 -0.6224561334 0.0429928824 0.7814729810 0.0227407217 0.9990620017 -0.0368502252 -0.7823242545 -0.0051663886 -0.6228499413
426.3 356.0 2447.9 0 0 0 0 0 0 0 0 0
-37.3 -369.3 2990.4 0 0 0 0 0 0 0 0 0
-117.9 -965.9 2664.5 0 0 0 0 0 0 0 0 0
-56.8 -1005.5 2854.2 0 0 0 0 0 0 0 0 0
30.9 343.3 2819.5 5 -0.4158654213 0.0485328026 -0.9081302285 -0.1248165444 0.9860792756 0.1098565757 0.9008200765 0.1590352356 -0.4040185809
21.4 150.4 2788.4 -0.4158654213 0.0485328026 -0.9081302285 -0.1248165444 0.9860792756 0.1098565757 0.9008200765 0.1590352356 -0.4040185809
11.3 -41.7 2762.7 -0.4145941734 0.0517369807 -0.9085345268 -0.0997658223 0.9897803664 0.1018899977 0.9045211077 0.1328836977 -0.4051955938
78.0 164.1 2664.9 -0.6762326956 -0.6337696910 -0.3755599856 0.0604311191 0.4603547454 -0.8856757879 0.7342053056 -0.6216184497 -0.2730075121
245.3 149.1 2483.2 -0.6535430551 -0.6337696910 0.4137843251 -0.7485643029 0.4603547454 -0.4772053957 0.1119507402 -0.6216184497 -0.7752789855
-35.2 136.8 2912.0 -0.0632945597 0.3349686265 -0.9401009679 -0.9821707606 0.1461740881 0.1182104945 0.1770152003 0.9308217764 0.3197443485
-51.5 -116.3 2957.6 0.0659055635 0.3361484110 -0.9395002127 -0.9913455844 0.1291903555 -0.0233188421 0.1135357693 0.9329062700 0.3417536020
32.3 -221.0 2657.6 -0.7530845404 0.3385539353 0.5641320348 0.1726615727 0.9290882349 -0.3270825148 -0.6348634958 -0.1489168704 -0.7581372857
-99.1 -581.6 2715.4 -0.7567397952 0.0520064905 0.6516442299 0.1221064255 0.9905315638 0.0627470016 -0.6422109604 0.1270531118 -0.7559249997
-39.7 -237.5 2820.8 -0.6109447479 0.0024330115 0.7916694880 -0.0661622286 0.9963400960 -0.0541205294 -0.7889037132 -0.0854432732 -0.6085477471
-40.6 -624.2 2854.0 -0.6094475389 0.0435036346 0.7916319370 0.0182134230 0.9989981651 -0.0408774838 -0.7926172018 -0.0104943551 -0.6096292734
427.0 357.2 2452.1 0 0 0 0 0 0 0 0 0
-34.4 -374.9 2987.2 0 0 0 0 0 0 0 0 0
-119.3 -966.3 2666.1 0 0 0 0 0 0 0 0 0
-56.9 -996.9 2857.9 0 0 0 0 0 0 0 0 0
29.0 339.4 2817.3 6 -0.4134933352 0.0394479185 -0.9096521735 -0.1260456443 0.9869616628 0.1000960767 0.9017403722 0.1560467482 -0.4031298161
21.3 146.3 2786.7 -0.4134933352 0.0394479185 -0.9096521735 -0.1260456443 0.9869616628 0.1000960767 0.9017403722 0.1560467482 -0.4031298161
12.9 -46.0 2761.5 -0.4124459624 0.0430006683 -0.9099666476 -0.1009242311 0.9905796051 0.0925543606 0.9053742886 0.1300113499 -0.4042207599
77.6 160.1 2663.0 -0.6805764437 -0.6380210519 -0.3602011502 0.0421233624 0.4567372203 -0.8886038065 0.7314652205 -0.6199356914 -0.2839689851
245.8 149.6 2482.3 -0.6523109674 -0.6380210519 0.4091692865 -0.7483984828 0.4567372203 -0.4809270799 0.1199587584 -0.6199356914 -0.7754286528
-35.1 132.5 2910.4 -0.0542135239 0.3349041045 -0.9406912923 -0.9822005630 0.1517881304 0.1106452420 0.1798413098 0.9299460053 0.3207140267
-49.0 -120.6 2956.7 0.0749936253 0.3362402320 -0.9387856126 -0.9903908968 0.1348159909 -0.0308296643 0.1161971390 0.9320768118 0.3431196213
38.4 -224.8 2655.9 -0.7515814900 0.3446283340 0.5624558926 0.1747888476 0.9262381196 -0.3339637220 -0.6360614300 -0.1526899189 -0.7563806176
-95.3 -584.4 2715.1 -0.7552110553 0.0618641898 0.6525557637 0.1295452118 0.9899869561 0.0560706817 -0.6425529122 0.1268806756 -0.7556633353
-35.8 -242.7 2817.9 -0.6112902761 0.0154890874 0.7912548780 -0.0495157763 0.9971010685 -0.0577724054 -0.7898559570 -0.0744953081 -0.6087511778
-41.8 -629.7 2846.8 -0.6097134352 0.0477182157 0.7911842465 -0.0021929557 0.9980807900 -0.0618866049 -0.7926189303 -0.0394681282 -0.6084386110
426.6 357.0 2449.0 0 0 0 0 0 0 0 0 0
-29.5 -379.0 2987.1 0 0 0 0 0 0 0 0 0
-119.1 -965.0 2666.4 0 0 0 0 0 0 0 0 0
-59.6 -1002.0 2861.6 0 0 0 0 0 0 0 0 0
32.6 339.4 2817.6 7 -0.3874506354 0.0428738780 -0.9208929539 -0.1242714673 0.9873716235 0.0982541069 0.9134761095 0.1525093317 -0.3772297800
24.2 146.4 2787.8 -0.3874506354 0.0428738780 -0.9208929539 -0.1242714673 0.9873716235 0.0982541069 0.9134761095 0.1525093317 -0.3772297800
15.2 -46.0 2763.8 -0.3861817718 0.0465483926 -0.9212474823 -0.0961955264 0.9912479520 0.0904099718 0.9173930883 0.1235345677 -0.3783241212
76.9 159.5 2662.5 -0.6823034286 -0.6379091144 -0.3571190238 0.0395762809 0.4555428624 -0.8893337250 0.7299970984 -0.6209288836 -0.2855723798
245.8 149.7 2481.8 -0.6530687809 -0.6379091144 0.4081337154 -0.7472963333 0.4555428624 -0.4837653637 0.1226759404 -0.6209288836 -0.7742079496
-28.5 133.2 2913.1 -0.0487474613 0.3615173995 -0.9310901165 -0.9812697172 0.1566054225 0.1121803299 0.1863689125 0.9191190600 0.3471119702
-41.1 -119.6 2961.1 0.0785316750 0.3629176915 -0.9285060763 -0.9897723198 0.1396504641 -0.0291294362 0.1190947071 0.9212971926 0.3701728582
41.5 -229.2 2655.2 -0.7595149279 0.3619063497 0.5405191183 0.1980071217 0.9201365113 -0.3378490806 -0.6196210980 -0.1495747715 -0.7705174088
-98.9 -586.4 2713.2 -0.7665785551 0.0526682660 0.6399869919 0.1157027259 0.9916481972 0.0569805987 -0.6316408515 0.1177283451 -0.7662701011
-32.3 -247.3 2817.4 -0.6339744925 0.0199670903 0.7730961442 -0.0656206310 0.9946725368 -0.0795017853 -0.7705649137 -0.1011331677 -0.6292867661
-40.1 -633.3 2856.6 -0.6311861277 0.0595465824 0.7733423114 0.0215389673 0.9980098009 -0.0592660941 -0.7753322721 -0.0207509398 -0.6312125325
426.2 356.2 2447.9 0 0 0 0 0 0 0 0 0
-20.6 -377.8 2992.2 0 0 0 0 0 0 0 0 0
-119.0 -964.3 2668.4 0 0 0 0 0 0 0 0 0
-62.3 -1005.6 2864.4 0 0 0 0 0 0 0 0 0
33.5 342.8 2816.8 8 -0.3679776490 0.0416292921 -0.9289022684 -0.1202166304 0.9884827733 0.0919223428 0.9220305681 0.1454948634 -0.3587350547
25.3 148.9 2788.2 -0.3679776490 0.0416292921 -0.9289022684 -0.1202166304 0.9884827733 0.0919223428 0.9220305681 0.1454948634 -0.3587350547
16.9 -43.7 2765.8 -0.3667593300 0.0433418751 -0.9293056726 -0.0918152332 0.9923511147 0.0825180039 0.9257740378 0.1155886650 -0.3599745929
75.4 161.4 2661.8 -0.6857125163 -0.6264051199 -0.3706952631 0.0557898432 0.4625561833 -0.8848329186 0.7257312536 -0.6274220347 -0.2822335064
247.5 147.4 2479.7 -0.6547889113 -0.6264051199 0.4229279757 -0.7489555478 0.4625561833 -0.4744548202 0.1015729755 -0.6274220347 -0.7720262408
-24.8 136.4 2914.7 -0.0392282605 0.3793442249 -0.9244236350 -0.9801855683 0.1651523858 0.1093660668 0.1941581517 0.9103969932 0.3653490841
-34.9 -116.2 2964.7 0.0867023319 0.3808876872 -0.9205472469 -0.9884443879 0.1482171863 -0.0317705907 0.1243398935 0.9126643538 0.3893370628
40.7 -229.8 2657.7 -0.7688083649 0.3516513407 0.5341114402 0.2007237971 0.9257184267 -0.3205547929 -0.6071602702 -0.1392363310 -0.7822848558
-95.7 -589.1 2711.8 -0.7762954235 0.0635639355 0.6271563172 0.1224980801 0.9911485910 0.0511728823 -0.6183523536 0.1165507212 -0.7772105932
-28.4 -247.1 2822.0 -0.6488335133 0.0320154279 0.7602565885 -0.0570200533 0.9942597747 -0.0905328169 -0.7587910295 -0.1020905972 -0.6432835460
-40.8 -632.9 2861.6 -0.6469589472 0.0508020967 0.7608306408 0.0402408801 0.9986624718 -0.0324644521 -0.7614622712 0.0096133249 -0.6481379271
427.6 353.5 2451.7 0 0 0 0 0 0 0 0 0
-12.3 -374.0 2997.1 0 0 0 0 0 0 0 0 0
-119.9 -965.7 2667.5 0 0 0 0 0 0 0 0 0
-59.8 -1005.5 2858.1 0 0 0 0 0 0 0 0 0
36.5 343.4 2817.4 9 -0.3599891961 0.0558658689 -0.9312823415 -0.1155951247 0.9878429770 0.1039423794 0.9257675409 0.1450698227 -0.3491549790
25.5 149.7 2788.9 -0.3599891961 0.0558658689 -0.9312823415 -0.1155951247 0.9878429770 0.1039423794 0.9257675409 0.1450698227 -0.3491549790
14.1 -42.8 2766.9 -0.3582331240 0.0587913133 -0.9317792654 -0.0852754787 0.9917833209 0.0953624398 0.9297295809 0.1136199087 -0.3502761424
74.5 161.3 2661.9 -0.6920185089 -0.6293118596 -0.3536622226 0.0556512922 0.4419522882 -0.8953106403 0.7197313905 -0.6392533183 -0.2708171606
250.1 147.2 2479.2 -0.6439049840 -0.6293118596 0.4351470470 -0.7570878267 0.4419522882 -0.4811404943 0.1104731709 -0.6392533183 -0.7610196471
-23.4 138.0 2915.9 -0.0512763225 0.3912810981 -0.9188416004 -0.9792257547 0.1610376388 0.1232226342 0.1961827725 0.9060717225 0.3748950958
-36.6 -114.3 2966.5 0.0737909526 0.3926049769 -0.9167422056 -0.9894031286 0.1440827698 -0.0179345757 0.1250455379 0.9083509445 0.3990766108
41.4 -228.1 2660.5 -0.7739847898 0.3553396761 0.5241004229 0.2063965350 0.9240676165 -0.3217133880 -0.5986217260 -0.1408287585 -0.7885552049
-96.6 -586.9 2715.1 -0.7817819715 0.0616872609 0.6204930544 0.1247778237 0.9904440641 0.0587456562 -0.6109398007 0.1233500689 -0.7820085287
-24.3 -244.6 2826.3 -0.6572348475 0.0473145396 0.7521992326 -0.0415638685 0.9942334294 -0.0988553539 -0.7525389194 -0.0962354913 -0.6514782906
-42.7 -630.5 2863.6 -0.6562104225 0.0400568880 0.7535139918 0.0438504145 0.9989267588 -0.0149151841 -0.7533027530 0.0232544038 -0.6572626233
426.4 354.4 2449.0 0 0 0 0 0 0 0 0 0
-17.4 -372.4 2999.1 0 0 0 0 0 0 0 0 0
-120.0 -963.6 2668.2 0 0 0 0 0 0 0 0 0
-57.6 -1003.2 2855.0 0 0 0 0 0 0 0 0 0
31.8 340.4 2819.2 0 -0.4023020864 0.0478810407 -0.9142540097 -0.1200358942 0.9872518182 0.1045238301 0.9076036811 0.1517934501 -0.3914260268
22.4 146.9 2789.4 -0.4023020864 0.0478810407 -0.9142540097 -0.1200358942 0.9872518182 0.1045238301 0.9076036811 0.1517934501 -0.3914260268
12.5 -45.5 2765.7 -0.4008846283 0.0511999242 -0.9146966934 -0.0917320773 0.9911759496 0.0956842974 0.9115244150 0.1222653911 -0.3926505148
77.1 159.4 2665.0 -0.6838148236 -0.6408261657 -0.3489113152 0.0461159274 0.4392731488 -0.8971691132 0.7281967998 -0.6295879483 -0.2708292007
252.5 147.6 2478.3 -0.6367467046 -0.6408261657 0.4288304150 -0.7622556686 0.4392731488 -0.4754002392 0.1162752286 -0.6295879483 -0.7681790590
-32.3 134.3 2913.8 -0.0579632036 0.3483539224 -0.9355692267 -0.9805604219 0.1561078429 0.1188765019 0.1874607950 0.9242726564 0.3325335383
-47.2 -118.3 2962.1 0.0701832548 0.3496081531 -0.9342635870 -0.9900188446 0.1391602457 -0.0222969037 0.1222171783 0.9265034199 0.3558853567
34.8 -227.7 2661.6 -0.7528246045 0.3442374170 0.5610309243 0.1899797618 0.9297058582 -0.3155228794 -0.6302084923 -0.1309488863 -0.7653036118
-98.8 -588.6 2712.4 -0.7588438392 0.0568911321 0.6487830281 0.1193132028 0.9914616346 0.0526134558 -0.6402502060 0.1173337772 -0.7591524720
-29.3 -243.0 2828.1 -0.6210423708 0.0343329385 0.7830246687 -0.0288831964 0.9973590374 -0.0666389689 -0.7832446098 -0.0640018806 -0.6184105873
-42.7 -629.9 2853.0 -0.6202167869 0.0327804945 0.7837452292 0.0125311455 0.9994130135 -0.0318843722 -0.7843303680 -0.0099539971 -0.6202635169
425.7 355.0 2446.7 0 0 0 0 0 0 0 0 0
-28.9 -376.6 2994.0 0 0 0 0 0 0 0 0 0
-120.3 -963.3 2668.1 0 0 0 0 0 0 0 0 0
-54.9 -1002.7 2856.7 0 0 0 0 0 0 0 0 0
34.6 338.9 2829.1 1 -0.3954597116 0.0559754744 -0.9167760611 -0.1496312022 0.9808805585 0.1244342774 0.9062130451 0.1863870472 -0.3795230687
23.6 146.6 2792.5 -0.3954597116 0.0559754744 -0.9167760611 -0.1496312022 0.9808805585 0.1244342774 0.9062130451 0.1863870472 -0.3795230687
11.9 -44.7 2762.7 -0.3936018646 0.0603553578 -0.9172975421 -0.1182154417 0.9862342477 0.1156160682 0.9116483331 0.1539454311 -0.3810487092
77.4 162.8 2668.1 -0.6770432591 -0.6367411017 -0.3690164983 0.0579243787 0.4537588358 -0.8892399669 0.7336601019 -0.6234290004 -0.2703315318
253.3 147.7 2477.4 -0.6424530745 -0.6367411017 0.4263975024 -0.7593008876 0.4537588358 -0.4664386809 0.1035190597 -0.6234290004 -0.7749968767
-30.2 130.5 2917.0 -0.0646226183 0.3577161133 -0.9315916896 -0.9856222868 0.1231679246 0.1156651005 0.1561174840 0.9256721139 0.3446135521
-46.8 -123.4 2957.2 0.0630076602 0.3588484526 -0.9312667847 -0.9940008521 0.1061510965 -0.0263485294 0.0893998668 0.9273401499 0.3633840084
38.5 -229.7 2660.5 -0.7638715506 0.3524613976 0.5406211615 0.1975333989 0.9251799583 -0.3240718544 -0.6143946648 -0.1407585442 -0.7763415575
-98.3 -588.8 2715.1 -0.7696199417 0.0578903779 0.6358725429 0.1303021014 0.9891633391 0.0676551461 -0.6250652075 0.1349242628 -0.7688230872
-33.2 -246.1 2823.6 -0.6293551326 0.0114669856 0.7770332098 -0.0450597666 0.9976704121 -0.0512190051 -0.7758103609 -0.0672478825 -0.6273722649
-37.7 -633.2 2849.7 -0.6267620325 0.0614827722 0.7767813206 0.0162570514 0.9976969957 -0.0658510625 -0.7790411115 -0.0286447685 -0.6263180971
427.0 352.9 2449.5 0 0 0 0 0 0 0 0 0
-30.4 -382.5 2980.5 0 0 0 0 0 0 0 0 0
-120.2 -962.2 2664.2 0 0 0 0 0 0 0 0 0
-60.6 -1005.3 2860.4 0 0 0 0 0 0 0 0 0
29.9 334.5 2823.5 2 -0.3891636729 0.0390081182 -0.9203423262 -0.1485473961 0.9833692312 0.1044922471 0.9091123939 0.1773790419 -0.3768970370
22.2 141.9 2788.8 -0.3891636729 0.0390081182 -0.9203423262 -0.1485473961 0.9833692312 0.1044922471 0.9091123939 0.1773790419 -0.3768970370
14.4 -49.8 2760.2 -0.3880311847 0.0400584638 -0.9207752943 -0.1203068569 0.9883052707 0.0936958268 0.9137603641 0.1471324861 -0.3786739707
75.2 158.4 2664.0 -0.6941128969 -0.6365246773 -0.3362196386 0.0370585620 0.4348433316 -0.8997432590 0.7189116478 -0.6369832158 -0.2782416642
255.6 148.7 2477.2 -0.6346138716 -0.6365246773 0.4382939339 -0.7646468282 0.4348433316 -0.4756327569 0.1121627912 -0.6369832158 -0.7626742125
-30.8 125.5 2913.6 -0.0432788432 0.3580754995 -0.9326890707 -0.9856837392 0.1369680315 0.0983223170 0.1629553884 0.9235917330 0.3470213711
-41.9 -128.3 2955.5 0.0842912868 0.3595753610 -0.9293010831 -0.9918231368 0.1199608445 -0.0435457192 0.0958217829 0.9253728986 0.3667468131
35.4 -225.5 2651.3 -0.7719690800 0.3453897238 0.5336381197 0.1715230048 0.9215456247 -0.3483295739 -0.6120813489 -0.1773684621 -0.7706470490
-98.6 -583.0 2720.1 -0.7747334242 0.0549760237 0.6298934817 0.1327307373 0.9881561399 0.0770067349 -0.6181995869 0.1432659179 -0.7728545666
-35.1 -246.7 2814.5 -0.6308231950 -0.0037580919 0.7759174705 -0.0610220432 0.9971313477 -0.0447815768 -0.7735233307 -0.0755973309 -0.6292429566
-33.6 -633.6 2843.8 -0.6263160706 0.0930581838 0.7739950418 -0.0005173610 0.9927998185 -0.1197839454 -0.7795690298 -0.0754230469 -0.6217583418
425.9 353.9 2447.1 0 0 0 0 0 0 0 0 0
-20.0 -387.0 2980.5 0 0 0 0 0 0 0 0 0
-119.9 -966.0 2664.5 0 0 0 0 0 0 0 0 0
-68.3 -1003.4 2871.9 0 0 0 0 0 0 0 0 0
30.4 333.3 2819.7 3 -0.3885371983 0.0444651246 -0.9203595519 -0.1352074146 0.9852720499 0.1046801284 0.9114591479 0.1651115566 -0.3768028319
21.7 140.5 2787.4 -0.3885371983 0.0444651246 -0.9203595519 -0.1352074146 0.9852720499 0.1046801284 0.9114591479 0.1651115566 -0.3768028319
12.6 -51.6 2761.2 -0.3872257471 0.0465617888 -0.9208084345 -0.1067525446 0.9897425175 0.0949399620 0.9157838821 0.1350618452 -0.3782832026
74.6 155.0 2662.3 -0.7010389566 -0.6376123428 -0.3193663955 0.0164011754 0.4333074987 -0.9010968804 0.7129343152 -0.6369420290 -0.2933078408
256.2 150.8 2477.7 -0.6344978213 -0.6376123428 0.4368787110 -0.7642875910 0.4333074987 -0.4776076674 0.1152257174 -0.6369420290 -0.7622518539
-31.2 125.9 2912.5 -0.0492089503 0.3605107069 -0.9314561486 -0.9833395481 0.1459049582 0.1084209979 0.1749909967 0.9212729335 0.3473246098
-43.9 -127.4 2957.6 0.0782091990 0.3619056046 -0.9289282560 -0.9910982847 0.1289221495 -0.0332160816 0.1077383459 0.9232569337 0.3687669039
41.4 -230.8 2649.9 -0.7700803876 0.3490149081 0.5340082645 0.1737906933 0.9201858044 -0.3507918417 -0.6138184071 -0.1773322523 -0.7692725658
-94.0 -587.9 2718.7 -0.7726138830 0.0656220689 0.6314756870 0.1418566406 0.9873406291 0.0709592998 -0.6188250780 0.1444031596 -0.7721419930
-28.1 -252.3 2813.5 -0.6322778463 0.0248918664 0.7743417621 -0.0490963720 0.9961873889 -0.0721122324 -0.7731844783 -0.0836123377 -0.6286451221
-37.7 -638.8 2846.0 -0.6297181249 0.0690748170 0.7737465501 -0.0020618301 0.9958866835 -0.0905840024 -0.7768209577 -0.0586377233 -0.6269854903
425.6 354.8 2446.9 0 0 0 0 0 0 0 0 0
-23.5 -385.9 2985.7 0 0 0 0 0 0 0 0 0
-119.0 -964.0 2663.7 0 0 0 0 0 0 0 0 0
-63.5 -1010.1 2867.8 0 0 0 0 0 0 0 0 0
32.8 335.9 2819.9 4 -0.3846224546 0.0510889590 -0.9216591120 -0.1284163594 0.9857963920 0.1082343012 0.9140977859 0.1599854529 -0.3725987673
22.8 142.9 2788.5 -0.3846224546 0.0510889590 -0.9216591120 -0.1284163594 0.9857963920 0.1082343012 0.9140977859 0.1599854529 -0.3725987673
12.2 -49.3 2763.7 -0.3829748631 0.0545459799 -0.9221469760 -0.0975952595 0.9902791381 0.0991081521 0.9185888171 0.1279530972 -0.3739285767
75.1 156.2 2663.1 -0.6995724440 -0.6313591003 -0.3346401751 0.0180599615 0.4525433481 -0.8915594816 0.7143334150 -0.6297540665 -0.3051845431
256.0 151.5 2478.3 -0.6437732577 -0.6313591003 0.4323675036 -0.7586186528 0.4525433481 -0.4687240422 0.1002681628 -0.6297540665 -0.7702960968
-29.5 129.5 2914.0 -0.0554237999 0.3666116595 -0.9287217259 -0.9817211628 0.1496102065 0.1176450998 0.1820763201 0.9182661176 0.3516184688
-43.8 -123.4 2960.9 0.0715582818 0.3678931892 -0.9271105528 -0.9908781648 0.1326336265 -0.0238488615 0.1141921952 0.9203602076 0.3740283847
38.3 -234.1 2653.0 -0.7705186009 0.3527118266 0.5309382677 0.1794265211 0.9192878008 -0.3503085077 -0.6116430163 -0.1746548116 -0.7716141939
-98.6 -590.9 2720.8 -0.7733682394 0.0519342460 0.6318262219 0.1382798702 0.9864603877 0.0881732777 -0.6186923385 0.1555592716 -0.7700786591
-31.1 -253.2 2817.0 -0.6367172003 0.0066834004 0.7710684538 -0.0430744626 0.9980927706 -0.0442203358 -0.7698933482 -0.0613692068 -0.6352149248
-33.7 -640.4 2840.8 -0.6337414980 0.0956299528 0.7676109672 -0.0081496593 0.9914484620 -0.1302442849 -0.7735019922 -0.0887969807 -0.6275426745
427.2 353.2 2451.7 0 0 0 0 0 0 0 0 0
-25.1 -381.8 2990.7 0 0 0 0 0 0 0 0 0
-118.2 -962.8 2662.1 0 0 0 0 0 0 0 0 0
-69.3 -1010.0 2873.9 0 0 0 0 0 0 0 0 0
33.7 335.9 2818.4 5 -0.3682391644 0.0554250702 -0.9280775785 -0.1176959872 0.9874117970 0.1056675017 0.9222513437 0.1481419206 -0.3570803702
22.8 142.7 2789.4 -0.3682391644 0.0554250702 -0.9280775785 -0.1176959872 0.9874117970 0.1056675017 0.9222513437 0.1481419206 -0.3570803702
11.6 -49.7 2766.5 -0.3665858209 0.0580012538 -0.9285745621 -0.0888537690 0.9913104773 0.0969979018 0.9261316657 0.1180654094 -0.3582467437
72.9 154.8 2662.9 -0.7043931484 -0.6315652132 -0.3239686787 0.0087155541 0.4486860037 -0.8936469555 0.7097565532 -0.6323023438 -0.3105469048
256.5 152.6 2477.9 -0.6405034065 -0.6315652132 0.4368990660 -0.7614960074 0.4486860037 -0.4677656293 0.0993939936 -0.6323023438 -0.7683193088
-27.2 130.6 2915.9 -0.0532434992 0.3831673861 -0.9221431017 -0.9799861908 0.1573321670 0.1219576970 0.1918129772 0.9101809263 0.3671218157
-40.9 -121.9 2965.3 0.0724755526 0.3844668865 -0.9202893376 -0.9899098873 0.1403758377 -0.0193139371 0.1217608154 0.9124033451 0.3907613754
35.9 -232.8 2656.6 -0.7774310708 0.3531919420 0.5204386115 0.1846338212 0.9191462994 -0.3479661047 -0.6012580395 -0.1744290888 -0.7797840834
-101.2 -589.6 2724.3 -0.7808485031 0.0452757590 0.6230776310 0.1334436238 0.9864391685 0.0955538675 -0.6103019118 0.1577588320 -0.7763013244
-32.7 -250.3 2821.2 -0.6503849030 0.0059672822 0.7595813870 -0.0393488891 0.9983618855 -0.0415352844 -0.7585849762 -0.0569026060 -0.6490846872
-35.0 -637.7 2843.2 -0.6483451724 0.0872227252 0.7563337684 -0.0136884460 0.9919198751 -0.1261252612 -0.7612234950 -0.0921257362 -0.6419125199
426.4 354.6 2451.6 0 0 0 0 0 0 0 0 0
-22.0 -380.1 2997.1 0 0 0 0 0 0 0 0 0
-118.4 -964.9 2664.3 0 0 0 0 0 0 0 0 0
-67.5 -1007.7 2877.6 0 0 0 0 0 0 0 0 0
34.1 336.6 2818.7 6 -0.3605036139 0.0588732995 -0.9308980107 -0.1153389961 0.9875332117 0.1071217954 0.9255992770 0.1459866315 -0.3492189050
22.6 142.9 2790.1 -0.3605036139 0.0588732995 -0.9308980107 -0.1153389961 0.9875332117 0.1071217954 0.9255992770 0.1459866315 -0.3492189050
10.5 -49.6 2767.5 -0.3587368727 0.0619181097 -0.9313828349 -0.0863956288 0.9913119078 0.0991788283 0.9294319153 0.1160465106 -0.3502706885
71.6 154.7 2663.1 -0.7077875733 -0.6292487383 -0.3210651278 0.0088030025 0.4466009736 -0.8946899176 0.7063704729 -0.6360767484 -0.3105593324
256.4 152.4 2478.7 -0.6457028389 -0.6292487383 0.4325666130 -0.7559075356 0.4466009736 -0.4786975682 0.1080351695 -0.6360767484 -0.7640253901
-26.4 131.0 2917.0 -0.0544586889 0.3915619552 -0.9185388088 -0.9795343280 0.1575648189 0.1252429932 0.1937697828 0.9065608382 0.3749676049
-40.5 -121.3 2966.9 0.0706156120 0.3928309381 -0.9168954492 -0.9899362922 0.1406061202 -0.0160002187 0.1226357371 0.9087979794 0.3988066018
33.2 -234.2 2660.7 -0.7806874514 0.3449907005 0.5210648179 0.1897681504 0.9253092408 -0.3283151388 -0.5954117775 -0.1574300081 -0.7878455520
-100.7 -593.3 2721.8 -0.7848036885 0.0456838310 0.6180583239 0.1311975867 0.9869234562 0.0936447307 -0.6056982279 0.1545804888 -0.7805348039
-32.5 -250.1 2826.6 -0.6571534276 0.0149461832 0.7536086440 -0.0431370772 0.9974189997 -0.0573975481 -0.7525214553 -0.0702274665 -0.6548126340
-38.3 -637.2 2853.8 -0.6544675231 0.0652921945 0.7532656789 0.0147499079 0.9971773624 -0.0736188665 -0.7559462190 -0.0370705612 -0.6535832882
427.2 352.3 2450.1 0 0 0 0 0 0 0 0 0
-22.1 -379.6 2998.9 0 0 0 0 0 0 0 0 0
-117.8 -963.3 2663.8 0 0 0 0 0 0 0 0 0
-62.6 -1008.6 2867.6 0 0 0 0 0 0 0 0 0
36.6 336.8 2818.3 7 -0.3406173289 0.0636101514 -0.9380477667 -0.1156406850 0.9872989058 0.1089405715 0.9330632687 0.1455835402 -0.3289352059
24.1 143.2 2789.8 -0.3406173289 0.0636101514 -0.9380477667 -0.1156406850 0.9872989058 0.1089405715 0.9330632687 0.1455835402 -0.3289352059
11.0 -49.1 2767.2 -0.3387218416 0.0674459636 -0.9384660721 -0.0870294422 0.9909055233 0.1026263535 0.9368529320 0.1164359674 -0.3297715485
70.4 155.1 2661.8 -0.7180382609 -0.6305870414 -0.2945861816 0.0116437059 0.4123112559 -0.9109686613 0.6959062219 -0.6575403810 -0.2887128890
259.6 152.0 2478.4 -0.6316261888 -0.6305870414 0.4510080516 -0.7649540305 0.4123112559 -0.4948179126 0.1260700673 -0.6575403810 -0.7427967191
-22.2 131.3 2917.7 -0.0532569960 0.4116417170 -0.9097883105 -0.9797224402 0.1546878517 0.1273406595 0.1931519210 0.8981217742 0.3950564265
