32.5 333.5 2836.0 4 -0.4038291574 0.0448242873 -0.9137356281 -0.1565293074 0.9806845784 0.1172873005 0.9013437629 0.1903904378 -0.3890127242
23.7 140.4 2798.5 -0.4038291574 0.0448242873 -0.9137356281 -0.1565293074 0.9806845784 0.1172873005 0.9013437629 0.1903904378 -0.3890127242
13.8 -51.1 2768.8 -0.4020402133 0.0512343235 -0.9141874313 -0.1198864430 0.9868922234 0.1080324650 0.9077394605 0.1530320793 -0.3906280696
78.6 156.8 2674.5 -0.6583893299 -0.6775853634 -0.3277217746 0.0064866100 0.4302837849 -0.9026703835 0.7526496053 -0.5964343548 -0.2788990140
248.0 155.1 2480.9 -0.6482167840 -0.6775853634 0.3474090099 -0.7325068116 0.4302837849 -0.5275316238 0.2079632431 -0.5964343548 -0.7752531171
-31.2 124.1 2922.5 -0.0586951524 0.3472293615 -0.9359415770 -0.9858542085 0.1272810400 0.1090458930 0.1569915563 0.9291024208 0.3348467648
-46.3 -130.0 2962.9 0.0696816295 0.3484757543 -0.9347240925 -0.9933565855 0.1102600247 -0.0329463594 0.0915816948 0.9308100343 0.3538437784
42.6 -235.6 2659.3 -0.7565100193 0.3630390465 0.5439625382 0.1963035315 0.9194704890 -0.3406449556 -0.6238248944 -0.1509195715 -0.7668544650
-98.3 -592.5 2717.9 -0.7615646124 0.0541461371 0.6458231211 0.1330569237 0.9883390069 0.0740399510 -0.6342831850 0.1423174441 -0.7598885298
-31.7 -255.6 2821.1 -0.6196440458 0.0058650007 0.7848610282 -0.0235514082 0.9993828535 -0.0260617752 -0.7845295072 -0.0346336067 -0.6191235185
-34.0 -643.5 2834.6 -0.6250579953 0.0935585201 0.7749511600 -0.0723583102 0.9815715551 -0.1768660098 -0.7772173285 -0.1666256636 -0.6067693830
421.9 351.6 2425.1 0 0 0 0 0 0 0 0 0
-28.2 -389.1 2986.8 0 0 0 0 0 0 0 0 0
-118.7 -964.5 2664.3 0 0 0 0 0 0 0 0 0
-68.9 -1009.6 2896.7 0 0 0 0 0 0 0 0 0
33.0 333.6 2837.5 5 -0.3843392432 0.0459398255 -0.9220482111 -0.1598018259 0.9803740382 0.1154563501 0.9092561603 0.1917193830 -0.3694549501
24.0 140.7 2799.7 -0.3843392432 0.0459398255 -0.9220482111 -0.1598018259 0.9803740382 0.1154563501 0.9092561603 0.1917193830 -0.3694549501
14.3 -50.9 2769.6 -0.3826370537 0.0495731905 -0.9225678444 -0.1247465238 0.9866431355 0.1047551110 0.9154382348 0.1551703215 -0.3713421226
76.2 157.7 2674.7 -0.6571611166 -0.6701426506 -0.3450335562 0.0172446407 0.4442689121 -0.8957275152 0.7535528541 -0.5945872664 -0.2803998888
244.6 153.3 2481.7 -0.6594159603 -0.6701426506 0.3407043815 -0.7240800261 0.4442689121 -0.5275729299 0.2021847665 -0.5945872664 -0.7781949043
-28.3 123.6 2924.8 -0.0506245829 0.3656977713 -0.9293558598 -0.9866371155 0.1259852499 0.1033195332 0.1548688561 0.9221674800 0.3544330299
-41.3 -130.6 2964.7 0.0763852447 0.3670618534 -0.9270549417 -0.9932919741 0.1089651436 -0.0386987850 0.0868118256 0.9237923026 0.3729229271
39.8 -231.9 2657.8 -0.7709687352 0.3554639518 0.5284435153 0.1924643964 0.9209914207 -0.3387215436 -0.6070952415 -0.1594371498 -0.7784697413
-98.2 -589.5 2719.7 -0.7758323550 0.0535122789 0.6286657453 0.1309255064 0.9883627295 0.0774445087 -0.6172055006 0.1423923373 -0.7738099098
-32.2 -253.4 2820.4 -0.6356177926 0.0141986301 0.7718733549 -0.0297714286 0.9986363053 -0.0428859442 -0.7714296579 -0.0502388403 -0.6343282461
-37.7 -641.0 2839.9 -0.6369440556 0.0688662007 0.7678279281 -0.0474062823 0.9906180501 -0.1281735897 -0.7694510221 -0.1180392727 -0.6277036071
423.1 349.3 2426.9 0 0 0 0 0 0 0 0 0
-21.4 -389.7 2987.3 0 0 0 0 0 0 0 0 0
-118.6 -966.2 2665.4 0 0 0 0 0 0 0 0 0
-63.4 -1010.1 2883.9 0 0 0 0 0 0 0 0 0
29.8 333.9 2838.7 6 -0.3971674144 0.0433452986 -0.9167219996 -0.1623720229 0.9798071980 0.1166754141 0.9032681584 0.1951896846 -0.3821094334
21.3 141.1 2800.3 -0.3971674144 0.0433452986 -0.9167219996 -0.1623720229 0.9798071980 0.1166754141 0.9032681584 0.1951896846 -0.3821094334
12.0 -50.3 2769.4 -0.3955586851 0.0477279462 -0.9171997309 -0.1276459843 0.9861001372 0.1063628867 0.9095272422 0.1591496319 -0.3839682043
75.3 158.6 2676.1 -0.6530135274 -0.6728305817 -0.3476670682 0.0253934674 0.4393496215 -0.8979572058 0.7569204569 -0.5952066183 -0.2698157132
242.6 152.1 2482.2 -0.6572220922 -0.6728305817 0.3396441340 -0.7243543863 0.4393496215 -0.5313027501 0.2082542181 -0.5952066183 -0.7761180401
-32.8 123.7 2924.6 -0.0530973710 0.3526977003 -0.9342296124 -0.9871268272 0.1228058264 0.1024664193 0.1508685052 0.9276438355 0.3416366875
-46.5 -130.7 2963.4 0.0748587102 0.3540337086 -0.9322319031 -0.9936001897 0.1057796106 -0.0396146961 0.0845861882 0.9292312860 0.3596864939
39.0 -231.2 2657.5 -0.7647381425 0.3485462666 0.5419327617 0.1883168519 0.9252435565 -0.3293344378 -0.6162080765 -0.1497995257 -0.7732061148
-96.3 -590.4 2715.6 -0.7699726224 0.0609782152 0.6351565123 0.1274258494 0.9900665283 0.0594214611 -0.6252238154 0.1266882569 -0.7700943351
-29.6 -253.6 2821.5 -0.6245818138 0.0236547478 0.7806010842 -0.0218439139 0.9986209273 -0.0477394126 -0.7806538343 -0.0468685515 -0.6232037544
-38.7 -641.2 2839.7 -0.6261131167 0.0678200200 0.7767772079 -0.0422999561 0.9917888641 -0.1206880063 -0.7785840631 -0.1084219813 -0.6181032062
422.1 350.0 2425.3 0 0 0 0 0 0 0 0 0
-26.9 -389.9 2985.5 0 0 0 0 0 0 0 0 0
-119.2 -962.4 2668.0 0 0 0 0 0 0 0 0 0
-64.0 -1011.1 2880.1 0 0 0 0 0 0 0 0 0
30.3 335.0 2840.8 7 -0.3848272562 0.0450253114 -0.9218897223 -0.1662126034 0.9791001081 0.1172021180 0.9078994393 0.1983322650 -0.3693006337
21.5 142.5 2801.8 -0.3848272562 0.0450253114 -0.9218897223 -0.1662126034 0.9791001081 0.1172021180 0.9078994393 0.1983322650 -0.3693006337
11.6 -48.8 2769.9 -0.3832165301 0.0507126600 -0.9222652912 -0.1331674010 0.9850263000 0.1094969660 0.9140084982 0.1647767276 -0.3707250953
73.8 160.6 2677.0 -0.6466680765 -0.6739360690 -0.3572542071 0.0365342721 0.4404597282 -0.8970286846 0.7618960738 -0.5931318402 -0.2602095008
239.8 151.3 2481.4 -0.6587113738 -0.6739360690 0.3345286846 -0.7217759490 0.4404597282 -0.5338864326 0.2124589086 -0.5931318402 -0.7765666842
-30.9 124.3 2926.7 -0.0518897735 0.3654250801 -0.9293933511 -0.9880269170 0.1166143343 0.1010145992 0.1452938616 0.9235072136 0.3549987078
-44.2 -130.3 2964.1 0.0751473233 0.3667678833 -0.9272724390 -0.9941771626 0.0995776951 -0.0411829911 0.0772310570 0.9249678850 0.3721152544
38.2 -230.3 2657.1 -0.7717142701 0.3510993719 0.5302700996 0.1960140318 0.9245176315 -0.3268725276 -0.6050087810 -0.1483118087 -0.7822838426
-98.1 -589.2 2714.6 -0.7776948810 0.0527693480 0.6264232397 0.1236068159 0.9898542166 0.0700715184 -0.6163700819 0.1319244504 -0.7763271928
-32.7 -253.1 2820.0 -0.6353287101 0.0216661245 0.7719378471 -0.0222991928 0.9986748099 -0.0463829190 -0.7719197869 -0.0466819890 -0.6340036392
-41.1 -640.8 2838.1 -0.6379894614 0.0526192784 0.7682451606 -0.0625578314 0.9908232689 -0.1198154539 -0.7674998045 -0.1245007515 -0.6288430691
421.5 350.4 2422.8 0 0 0 0 0 0 0 0 0
-24.6 -389.7 2984.3 0 0 0 0 0 0 0 0 0
-118.2 -964.9 2664.6 0 0 0 0 0 0 0 0 0
-60.7 -1010.4 2884.6 0 0 0 0 0 0 0 0 0
30.3 336.5 2840.4 8 -0.3740391433 0.0462332740 -0.9262598157 -0.1643639356 0.9796413779 0.1152706593 0.9127317071 0.1953594387 -0.3588251472
21.2 143.7 2801.9 -0.3740391433 0.0462332740 -0.9262598157 -0.1643639356 0.9796413779 0.1152706593 0.9127317071 0.1953594387 -0.3588251472
11.4 -47.5 2769.9 -0.3725777864 0.0504282936 -0.9266297817 -0.1346616149 0.9850158095 0.1077502444 0.9181786776 0.1649268121 -0.3602042496
72.1 162.1 2676.5 -0.6493211389 -0.6676861048 -0.3641116917 0.0468900502 0.4427116513 -0.8954371810 0.7590674758 -0.5984994769 -0.2561542094
238.0 150.1 2482.6 -0.6610447168 -0.6676861048 0.3423669934 -0.7223199606 0.4427116513 -0.5312817693 0.2031595856 -0.5984994769 -0.7749351859
-29.7 125.3 2927.4 -0.0480769947 0.3755786419 -0.9255427122 -0.9882433414 0.1167525500 0.0987113118 0.1451333314 0.9194071889 0.3655499816
-42.1 -129.4 2964.8 0.0781990886 0.3769754469 -0.9229162335 -0.9940646887 0.0997162238 -0.0434973277 0.0756322965 0.9208399653 0.3825356960
36.1 -228.0 2656.0 -0.7801504135 0.3394503295 0.5254891515 0.1914504021 0.9292330742 -0.3160262406 -0.5955771208 -0.1459428966 -0.7899294496
-95.7 -588.8 2712.7 -0.7857645750 0.0601566508 0.6155934334 0.1270134598 0.9897422791 0.0654053316 -0.6053442359 0.1295818388 -0.7853450775
-32.6 -251.9 2819.7 -0.6442340612 0.0171947069 0.7646350861 -0.0384237990 0.9977571964 -0.0548105389 -0.7638626099 -0.0646909997 -0.6421284676
-39.2 -639.2 2844.9 -0.6437186599 0.0635692477 0.7626173496 -0.0300077237 0.9936805964 -0.1081591696 -0.7646736503 -0.0925084874 -0.6377431750
422.1 351.3 2426.0 0 0 0 0 0 0 0 0 0
-21.7 -388.7 2984.5 0 0 0 0 0 0 0 0 0
-118.4 -963.5 2663.6 0 0 0 0 0 0 0 0 0
-62.9 -1009.8 2879.4 0 0 0 0 0 0 0 0 0
31.9 335.0 2839.7 9 -0.3504856825 0.0417653956 -0.9356364012 -0.1643144935 0.9807680845 0.1053315699 0.9220414758 0.1906558275 -0.3368825316
23.7 142.0 2802.2 -0.3504856825 0.0417653956 -0.9356364012 -0.1643144935 0.9807680845 0.1053315699 0.9220414758 0.1906558275 -0.3368825316
15.0 -49.4 2770.9 -0.3492117524 0.0447887257 -0.9359728098 -0.1353668422 0.9859681129 0.0976865366 0.9272146225 0.1608129740 -0.3382487297
71.4 160.5 2675.5 -0.6525330544 -0.6685889959 -0.3566361666 0.0425315425 0.4375877976 -0.8981692195 0.7565656900 -0.6012534499 -0.2571043968
236.7 149.7 2483.9 -0.6612980962 -0.6685889959 0.3401081562 -0.7196615934 0.4375877976 -0.5390770435 0.2115938067 -0.6012534499 -0.7705338597
-24.0 123.5 2928.8 -0.0349461474 0.3962811828 -0.9174638987 -0.9882215261 0.1231548041 0.0908356830 0.1489865631 0.9098319411 0.3873097897
-33.0 -131.1 2967.2 0.0896619707 0.3978780806 -0.9130464196 -0.9930294752 0.1061328128 -0.0512668975 0.0765062124 0.9112786651 0.4046207368
35.0 -226.7 2655.7 -0.7920271754 0.3352938890 0.5101675391 0.1931677163 0.9303795099 -0.3115769923 -0.5791192651 -0.1482295543 -0.8016538024
-95.2 -587.9 2713.2 -0.7984346747 0.0618140288 0.5988999009 0.1231253818 0.9904575348 0.0619192086 -0.5893574357 0.1231782213 -0.7984265089
-31.8 -250.8 2820.2 -0.6615492702 0.0225938652 0.7495613098 -0.0228453744 0.9984748363 -0.0502597280 -0.7495536804 -0.0503732935 -0.6600241065
-40.5 -638.4 2839.7 -0.6636658907 0.0524361134 0.7461889982 -0.0559183806 0.9912711382 -0.1193927154 -0.7459360957 -0.1209625527 -0.6549407244
421.8 351.2 2424.6 0 0 0 0 0 0 0 0 0
-9.6 -390.1 2987.1 0 0 0 0 0 0 0 0 0
-118.5 -962.0 2666.7 0 0 0 0 0 0 0 0 0
-60.1 -1008.1 2884.8 0 0 0 0 0 0 0 0 0
30.9 333.7 2841.3 0 -0.3627038300 0.0494684242 -0.9305905700 -0.1640135944 0.9796140194 0.1159998029 0.9173578620 0.1947030723 -0.3471962512
21.2 140.9 2803.0 -0.3627038300 0.0494684242 -0.9305905700 -0.1640135944 0.9796140194 0.1159998029 0.9173578620 0.1947030723 -0.3471962512
10.9 -50.3 2771.1 -0.3611751795 0.0528311655 -0.9310001731 -0.1346568316 0.9849745035 0.1081332266 0.9227242470 0.1644205749 -0.3486342430
70.5 159.3 2677.0 -0.6505401134 -0.6659516692 -0.3651108444 0.0396208763 0.4503294826 -0.8919829130 0.7584376931 -0.5947366953 -0.2665718198
236.0 149.2 2484.0 -0.6638375521 -0.6659516692 0.3403352797 -0.7214504480 0.4503294826 -0.5260348320 0.1970507503 -0.5947366953 -0.7793967128
-28.2 122.5 2929.1 -0.0465699509 0.3870259523 -0.9208920598 -0.9882633686 0.1164188758 0.0989046469 0.1454878747 0.9146898985 0.3770619333
-40.2 -132.1 2966.5 0.0788227618 0.3884358108 -0.9180983305 -0.9941074252 0.0993737876 -0.0433046781 0.0744138211 0.9161017537 0.3939798474
37.6 -228.7 2656.7 -0.7852295041 0.3386619687 0.5183846951 0.1977861971 0.9305009842 -0.3082994819 -0.5867667794 -0.1395565122 -0.7976394892
-93.9 -589.9 2710.8 -0.7926320434 0.0656273589 0.6061580181 0.1218580902 0.9911827445 0.0520325080 -0.5973985791 0.1151078865 -0.7936404347
-25.0 -252.9 2822.7 -0.6538673639 0.0425068699 0.7554142475 -0.0342349559 0.9957358241 -0.0856625810 -0.7558342814 -0.0818735436 -0.6496239305
-41.5 -639.2 2854.5 -0.6529127359 0.0461172387 0.7560278773 -0.0091041857 0.9975947738 -0.0687151328 -0.7573784590 -0.0517480001 -0.6509224772
422.5 351.9 2428.6 0 0 0 0 0 0 0 0 0
-19.6 -391.4 2986.0 0 0 0 0 0 0 0 0 0
-118.5 -961.3 2667.7 0 0 0 0 0 0 0 0 0
-58.6 -1010.5 2873.8 0 0 0 0 0 0 0 0 0
29.8 334.4 2839.6 1 -0.3642427325 0.0451895781 -0.9302070141 -0.1613799930 0.9806491733 0.1108319014 0.9172152281 0.1904865205 -0.3499016464
20.9 141.7 2802.2 -0.3642427325 0.0451895781 -0.9302070141 -0.1613799930 0.9806491733 0.1108319014 0.9172152281 0.1904865205 -0.3499016464
11.8 -49.7 2770.7 -0.3629746735 0.0470525548 -0.9306102395 -0.1343492568 0.9856459498 0.1022367179 0.9220626950 0.1621361375 -0.3514430523
70.5 160.0 2676.2 -0.6583534479 -0.6640501022 -0.3544124365 0.0435170978 0.4364828765 -0.8986595273 0.7514499426 -0.6070585847 -0.2584624588
236.4 149.1 2486.9 -0.6614633799 -0.6640501022 0.3485736847 -0.7214677930 0.4364828765 -0.5375564694 0.2048179954 -0.6070585847 -0.7678081989
-28.7 123.3 2928.2 -0.0416453518 0.3838797808 -0.9224435091 -0.9881291389 0.1208169684 0.0948894769 0.1478729844 0.9154450297 0.3742913306
-39.4 -131.3 2966.3 0.0839845836 0.3853776157 -0.9189291000 -0.9934756756 0.1037850529 -0.0472726375 0.0771532878 0.9169039130 0.3915796578
33.0 -229.4 2656.5 -0.7845316529 0.3384000659 0.5196108818 0.1924851537 0.9294692874 -0.3147003949 -0.5894569755 -0.1468750387 -0.7943350673
-98.4 -590.3 2713.5 -0.7904465795 0.0528056547 0.6102505326 0.1209631264 0.9901142120 0.0710056946 -0.6004682183 0.1299440265 -0.7890199423
-31.7 -253.5 2821.8 -0.6517677903 0.0255388878 0.7579884529 -0.0451224856 0.9963566661 -0.0723694712 -0.7570750713 -0.0813704133 -0.6482408047
-41.6 -640.2 2853.4 -0.6506572366 0.0447210185 0.7580535412 -0.0126763238 0.9974855781 -0.0697266236 -0.7592657208 -0.0549774654 -0.6484543681
422.6 352.2 2429.3 0 0 0 0 0 0 0 0 0
-17.5 -390.4 2986.4 0 0 0 0 0 0 0 0 0
-118.2 -963.2 2664.6 0 0 0 0 0 0 0 0 0
-58.3 -1012.0 2873.9 0 0 0 0 0 0 0 0 0
31.2 336.5 2839.3 2 -0.3525742888 0.0424925387 -0.9348185658 -0.1590111554 0.9817203879 0.1045968086 0.9221750498 0.1855247170 -0.3393725753
22.9 143.7 2802.9 -0.3525742888 0.0424925387 -0.9348185658 -0.1590111554 0.9817203879 0.1045968086 0.9221750498 0.1855247170 -0.3393725753
14.2 -47.8 2772.2 -0.3513947427 0.0444728471 -0.9351705313 -0.1323160231 0.9864860773 0.0966315791 0.9268301725 0.1576938778 -0.3407615721
70.9 161.8 2676.3 -0.6539660692 -0.6644174457 -0.3617704213 0.0518684275 0.4376976192 -0.8976249099 0.7547436953 -0.6057806611 -0.2517771125
236.2 148.6 2485.5 -0.6612091064 -0.6644174457 0.3483560979 -0.7220779061 0.4376976192 -0.5357464552 0.2034846693 -0.6057806611 -0.7691708207
-25.1 125.6 2929.5 -0.0353590809 0.3941562772 -0.9183629751 -0.9877119660 0.1261970699 0.0921922550 0.1522328705 0.9103379250 0.3848506510
-34.2 -128.9 2968.7 0.0894458070 0.3957492709 -0.9139923453 -0.9927697182 0.1091789901 -0.0498818010 0.0800480768 0.9118456244 0.4026534855
35.2 -229.0 2656.6 -0.7906148434 0.3385446668 0.5102114081 0.1913666725 0.9281273484 -0.3193092644 -0.5816416144 -0.1548131853 -0.7985774279
-96.3 -589.3 2716.7 -0.7963187099 0.0585657880 0.6020353436 0.1254236102 0.9896571040 0.0696256831 -0.5917308331 0.1309536695 -0.7954280376
-29.9 -253.0 2821.8 -0.6602642536 0.0134191765 0.7509134412 -0.0376506485 0.9979917407 -0.0509400964 -0.7500889897 -0.0619063042 -0.6584330201
-35.1 -640.3 2845.9 -0.6582189798 0.0822700635 0.7483177185 -0.0098536871 0.9929841757 -0.1178359836 -0.7527620196 -0.0849355683 -0.6527903676
422.4 352.0 2428.2 0 0 0 0 0 0 0 0 0
-10.9 -387.9 2989.6 0 0 0 0 0 0 0 0 0
-118.5 -964.6 2667.1 0 0 0 0 0 0 0 0 0
-65.7 -1010.3 2877.5 0 0 0 0 0 0 0 0 0
30.0 336.1 2840.6 3 -0.3663275242 0.0446452685 -0.9294142723 -0.1615550667 0.9806259871 0.1107820049 0.9163537025 0.1907340884 -0.3520176113
21.2 143.5 2803.2 -0.3663275242 0.0446452685 -0.9294142723 -0.1615550667 0.9806259871 0.1107820049 0.9163537025 0.1907340884 -0.3520176113
12.0 -47.7 2771.3 -0.3651302457 0.0476518385 -0.9297360778 -0.1360539794 0.9852351546 0.1039280817 0.9209610224 0.1644415855 -0.3532559276
71.1 162.1 2677.4 -0.6486457586 -0.6659576297 -0.3684550524 0.0531763658 0.4432763457 -0.8948063254 0.7592305541 -0.6000053883 -0.2521161139
235.6 148.6 2484.8 -0.6623598337 -0.6659576297 0.3431906700 -0.7213778496 0.4432763457 -0.5320903063 0.2022213042 -0.6000053883 -0.7740155458
-28.7 124.9 2929.0 -0.0428827815 0.3819839656 -0.9231734872 -0.9884207249 0.1183972284 0.0949031487 0.1455526650 0.9165534973 0.3724836707
-39.7 -129.7 2966.5 0.0828951225 0.3834627271 -0.9198286533 -0.9937246442 0.1013619229 -0.0472983792 0.0750984326 0.9179771543 0.3894587457
37.1 -227.5 2658.6 -0.7841243744 0.3417156041 0.5180535316 0.1916802227 0.9272953272 -0.3215307593 -0.5902606845 -0.1528194994 -0.7926149964
-95.6 -587.5 2717.9 -0.7895426750 0.0620942898 0.6105461717 0.1301652491 0.9891766310 0.0677242875 -0.5997327566 0.1329431087 -0.7890797257
-25.9 -251.1 2824.7 -0.6499806046 0.0225344244 0.7596166134 -0.0363205411 0.9974969029 -0.0606696345 -0.7590823770 -0.0670237690 -0.6475351453
-34.6 -638.3 2850.7 -0.6471749544 0.0823101625 0.7578849792 0.0040146997 0.9945083261 -0.1045804173 -0.7623309493 -0.0646391511 -0.6439513564
422.3 352.0 2427.8 0 0 0 0 0 0 0 0 0
-18.1 -389.0 2986.1 0 0 0 0 0 0 0 0 0
-119.1 -961.5 2667.7 0 0 0 0 0 0 0 0 0
-65.3 -1009.1 2874.8 0 0 0 0 0 0 0 0 0
27.6 336.2 2838.8 4 -0.3858532310 0.0435140468 -0.9215334058 -0.1549364626 0.9816433191 0.1112254933 0.9094569683 0.1856958419 -0.3720283210
19.0 143.3 2802.3 -0.3858532310 0.0435140468 -0.9215334058 -0.1549364626 0.9816433191 0.1112254933 0.9094569683 0.1856958419 -0.3720283210
9.8 -48.2 2771.9 -0.3845481873 0.0474932119 -0.9218823314 -0.1267134547 0.9865061641 0.1036789268 0.9143666625 0.1566844434 -0.3733411431
71.5 160.6 2677.4 -0.6431879997 -0.6696097255 -0.3713920116 0.0474662371 0.4492306113 -0.8921540380 0.7642356753 -0.5914513469 -0.2571558952
235.2 148.6 2483.0 -0.6628166437 -0.6696097255 0.3351073563 -0.7207479477 0.4492306113 -0.5279339552 0.2029692233 -0.5914513469 -0.7803773284
-33.5 126.0 2927.2 -0.0492585115 0.3633303046 -0.9303572774 -0.9869462252 0.1252943873 0.1011855826 0.1533323377 0.9231968522 0.3524156511
-46.2 -128.3 2966.7 0.0779170915 0.3647202551 -0.9278513193 -0.9932813048 0.1082749069 -0.0408508740 0.0855638757 0.9248003364 0.3707062900
35.5 -226.8 2656.8 -0.7761564255 0.3362222314 0.5334189534 0.1752002239 0.9276552796 -0.3297886848 -0.6057112217 -0.1625124812 -0.7789118290
-95.1 -586.9 2719.9 -0.7792225480 0.0606976077 0.6238012314 0.1356309354 0.9880453944 0.0732840747 -0.6118957400 0.1417113543 -0.7781397700
-30.0 -251.2 2821.8 -0.6344550848 0.0108224824 0.7728839517 -0.0514136627 0.9970967174 -0.0561671890 -0.7712479234 -0.0753723532 -0.6320566535
-34.2 -638.2 2851.1 -0.6302651763 0.0931069106 0.7707768083 0.0036060677 0.9931234121 -0.1170168445 -0.7763715386 -0.0709721670 -0.6262668371
421.9 351.7 2425.8 0 0 0 0 0 0 0 0 0
-25.9 -387.4 2989.0 0 0 0 0 0 0 0 0 0
-118.1 -961.2 2666.2 0 0 0 0 0 0 0 0 0
-68.9 -1008.7 2877.6 0 0 0 0 0 0 0 0 0
25.7 337.1 2839.9 5 -0.3981264830 0.0433744192 -0.9163045287 -0.1525162011 0.9818490744 0.1127440408 0.9045629501 0.1846376806 -0.3842848241
17.2 143.8 2803.5 -0.3981264830 0.0433744192 -0.9163045287 -0.1525162011 0.9818490744 0.1127440408 0.9045629501 0.1846376806 -0.3842848241
7.9 -47.8 2773.3 -0.3968179524 0.0476817973 -0.9166580439 -0.1242274344 0.9866718054 0.1051013097 0.9094520807 0.1555801630 -0.3856056929
71.4 160.7 2679.3 -0.6376427412 -0.6662366986 -0.3867045343 0.0464665890 0.4678177834 -0.8826026320 0.7689294815 -0.5807540417 -0.2673428655
234.9 148.8 2482.2 -0.6668797135 -0.6662366986 0.3337666094 -0.7222925425 0.4678177834 -0.5093525648 0.1832074076 -0.5807540417 -0.7931959629
-37.0 126.8 2927.8 -0.0535042062 0.3514547944 -0.9346747398 -0.9865566492 0.1261351556 0.1039032415 0.1544126272 0.9276688099 0.3399813175
-50.8 -127.4 2967.5 0.0745403171 0.3527851999 -0.9327306151 -0.9932983518 0.1091145277 -0.0381104536 0.0883296579 0.9293205142 0.3585543633
35.0 -228.3 2659.6 -0.7662256956 0.3363854885 0.5474879146 0.1800051779 0.9302786589 -0.3196557164 -0.6168438196 -0.1463777572 -0.7733545303
-95.6 -589.4 2716.4 -0.7705220580 0.0609343611 0.6344940662 0.1278725415 0.9899610281 0.0602148660 -0.6244552732 0.1275312603 -0.7705786228
-33.9 -251.0 2823.4 -0.6246595979 0.0153452018 0.7807463408 -0.0701417625 0.9946629405 -0.0756686628 -0.7777406573 -0.1020300835 -0.6202494502
-39.8 -637.0 2863.0 -0.6221964359 0.0554550886 0.7808945775 0.0217649583 0.9983277321 -0.0535543114 -0.7825585604 -0.0163251627 -0.6223629117
422.8 352.3 2430.5 0 0 0 0 0 0 0 0 0
-31.4 -386.5 2990.6 0 0 0 0 0 0 0 0 0
-118.7 -965.0 2668.0 0 0 0 0 0 0 0 0 0
-60.5 -1008.7 2869.0 0 0 0 0 0 0 0 0 0
25.1 343.3 2850.9 6 -0.4155972898 0.0393863805 -0.9086955786 -0.1831756532 0.9749675989 0.1260353327 0.8909127712 0.2188308388 -0.3979792595
17.3 151.6 2807.9 -0.4155972898 0.0393863805 -0.9086955786 -0.1831756532 0.9749675989 0.1260353327 0.8909127712 0.2188308388 -0.3979792595
8.5 -38.8 2771.6 -0.4142425358 0.0456638932 -0.9090203047 -0.1520155817 0.9812407494 0.1185656562 0.8973819613 0.1873001903 -0.3995300233
73.9 172.4 2685.4 -0.6295441985 -0.6580464840 -0.4130967259 0.0985091329 0.4597879350 -0.8825480342 0.7706945539 -0.5962967873 -0.2246332467
236.5 146.9 2486.3 -0.6679361463 -0.6580464840 0.3476149142 -0.7220314741 0.4597879350 -0.5169773698 0.1803660244 -0.5962967873 -0.7822392583
-39.2 130.9 2930.4 -0.0571189411 0.3337956965 -0.9409133196 -0.9908373952 0.0965796411 0.0944119394 0.1223873645 0.9376848340 0.3252207339
-54.0 -124.3 2961.9 0.0722123981 0.3350820839 -0.9394175410 -0.9956678152 0.0795325935 -0.0481677316 0.0585741699 0.9388261437 0.3393737078
34.2 -228.2 2661.7 -0.7642283440 0.3304457664 0.5538597703 0.1723146737 0.9321673512 -0.3183892667 -0.6215003729 -0.1478839219 -0.7693293095
-94.1 -590.0 2719.1 -0.7668386102 0.0644485727 0.6385960579 0.1390676647 0.9879944324 0.0672845170 -0.6265929341 0.1404044330 -0.7665950060
-36.9 -250.4 2824.6 -0.6100346446 0.0091388691 0.7923220396 -0.0651638806 0.9959677458 -0.0616595820 -0.7896906734 -0.0892452598 -0.6069793105
-40.4 -637.0 2859.2 -0.6080085039 0.0508410484 0.7923009992 0.0003593189 0.9979650378 -0.0637625381 -0.7939304113 -0.0384834781 -0.6067895293
424.6 350.3 2435.5 0 0 0 0 0 0 0 0 0
-35.1 -383.9 2977.2 0 0 0 0 0 0 0 0 0
-118.5 -963.9 2666.0 0 0 0 0 0 0 0 0 0
-59.4 -1009.0 2873.6 0 0 0 0 0 0 0 0 0
32.1 340.9 2845.9 7 -0.3642706871 0.0567198507 -0.9295642376 -0.1778698713 0.9755319953 0.1292270124 0.9141494036 0.2124150842 -0.3452689648
21.0 150.1 2804.4 -0.3642706871 0.0567198507 -0.9295642376 -0.1778698713 0.9755319953 0.1292270124 0.9141494036 0.2124150842 -0.3452689648
9.1 -40.2 2768.6 -0.3626434505 0.0614409707 -0.9299004078 -0.1509286910 0.9807794094 0.1236620024 0.9196250439 0.1851938665 -0.3464000225
70.5 170.8 2679.0 -0.6524432898 -0.6566316485 -0.3783551455 0.0920030177 0.4269334078 -0.8995906115 0.7522321343 -0.6217417121 -0.2181377560
235.9 147.4 2488.2 -0.6630069017 -0.6566316485 0.3595229685 -0.7197104692 0.4269334078 -0.5474894047 0.2060065269 -0.6217417121 -0.7556444407
-28.5 129.5 2929.8 -0.0551481955 0.3877456486 -0.9201151729 -0.9906706214 0.0937668458 0.0988912955 0.1246209741 0.9169847965 0.3789571524
-42.7 -125.7 2961.9 0.0700410828 0.3890015781 -0.9185706377 -0.9961044788 0.0767275095 -0.0434600338 0.0535736158 0.9180363417 0.3928602636
36.8 -215.6 2654.9 -0.7983277440 0.3349112570 0.5005070567 0.1756109297 0.9244419932 -0.3384786844 -0.5760500431 -0.1823224127 -0.7968217134
-93.1 -574.2 2725.6 -0.8010538816 0.0641255006 0.5951475501 0.1412691474 0.9864128232 0.0838615298 -0.5816835165 0.1512535959 -0.7992287874
-37.4 -242.8 2815.6 -0.6550532579 0.0098632267 0.7555183172 -0.0837685764 0.9928026795 -0.0855903924 -0.7509248257 -0.1193549633 -0.6495123506
-41.2 -628.0 2861.9 -0.6539684534 0.0425131693 0.7553263307 0.0109830378 0.9988480806 -0.0467104577 -0.7564420700 -0.0222513881 -0.6536820531
423.0 350.5 2430.1 0 0 0 0 0 0 0 0 0
-24.4 -385.5 2975.9 0 0 0 0 0 0 0 0 0
-118.5 -964.6 2665.8 0 0 0 0 0 0 0 0 0
-57.1 -1000.5 2870.2 0 0 0 0 0 0 0 0 0
28.8 341.7 2843.5 8 -0.3622705042 0.0461526066 -0.9309296608 -0.1806724966 0.9763527513 0.1187130958 0.9143946171 0.2111996412 -0.3453652859
19.7 150.9 2802.2 -0.3622705042 0.0461526066 -0.9309296608 -0.1806724966 0.9763527513 0.1187130958 0.9143946171 0.2111996412 -0.3453652859
10.0 -39.6 2766.2 -0.3610115349 0.0505365133 -0.9311910272 -0.1551811546 0.9813534021 0.1134207323 0.9195594192 0.1854494959 -0.3464375734
69.0 172.1 2676.7 -0.6534894705 -0.6522697806 -0.3840515912 0.0970872939 0.4309571385 -0.8971343040 0.7506833673 -0.6235543489 -0.2182988673
234.3 147.5 2486.8 -0.6703309417 -0.6522697806 0.3538368642 -0.7119849324 0.4309571385 -0.5543946028 0.2091263235 -0.6235543489 -0.7532901764
-29.5 129.7 2927.7 -0.0442513749 0.3866158724 -0.9211785793 -0.9912426472 0.0978441834 0.0886820033 0.1244178340 0.9170358181 0.3789004087
-40.9 -125.7 2959.8 0.0810929686 0.3880628049 -0.9180583954 -0.9952796698 0.0807969794 -0.0537611544 0.0533136427 0.9180845022 0.3927830756
29.7 -217.0 2650.5 -0.8046529889 0.3082902431 0.5074353814 0.1537479460 0.9336721897 -0.3234466910 -0.5734937787 -0.1822452098 -0.7986811399
-89.9 -579.2 2721.2 -0.8054981232 0.0736284479 0.5880064368 0.1430604607 0.9870638847 0.0723783746 -0.5750707984 0.1424211264 -0.8056114316
-35.2 -244.1 2814.9 -0.6540848017 0.0117300246 0.7563302517 -0.1012582183 0.9895226359 -0.1029161289 -0.7496131063 -0.1439005286 -0.6460439563
-39.7 -628.0 2870.8 -0.6532223821 0.0554788485 0.7551308274 0.0506261736 0.9982804656 -0.0295489151 -0.7554717064 0.0189273730 -0.6549078226
423.3 348.3 2427.8 0 0 0 0 0 0 0 0 0
-19.8 -385.3 2973.7 0 0 0 0 0 0 0 0 0
-118.8 -965.5 2665.4 0 0 0 0 0 0 0 0 0
-60.4 -1000.2 2863.7 0 0 0 0 0 0 0 0 0
24.0 339.6 2845.2 9 -0.3877528012 0.0348825380 -0.9211031199 -0.1939723641 0.9738194346 0.1185346320 0.9011229277 0.2246306837 -0.3708349764
17.2 149.4 2801.3 -0.3877528012 0.0348825380 -0.9211031199 -0.1939723641 0.9738194346 0.1185346320 0.9011229277 0.2246306837 -0.3708349764
9.4 -40.7 2763.1 -0.3867126107 0.0399722382 -0.9213336110 -0.1668279618 0.9795445800 0.1125206649 0.9069849849 0.1972173601 -0.3721337318
69.9 172.2 2677.5 -0.6465549469 -0.6553627849 -0.3904693425 0.0993352160 0.4351608455 -0.8948561549 0.7563723922 -0.6173610687 -0.2162548155
233.8 147.0 2485.8 -0.6723505855 -0.6553627849 0.3441574872 -0.7085295916 0.4351608455 -0.5555365086 0.2143140882 -0.6173610687 -0.7569245696
-35.6 126.6 2925.1 -0.0425042510 0.3593354225 -0.9322400093 -0.9927284122 0.0899910927 0.0799495429 0.1126220003 0.9288593531 0.3528974652
-46.6 -129.2 2954.1 0.0848698467 0.3608425260 -0.9287571311 -0.9953683019 0.0729474649 -0.0626150817 0.0451562926 0.9297695160 0.3653622270
32.5 -216.1 2648.0 -0.7882316113 0.3177749217 0.5269820094 0.1566389948 0.9317542911 -0.3275640309 -0.5951094031 -0.1756503880 -0.7842140794
-90.8 -577.7 2716.1 -0.7903115153 0.0725994036 0.6083889008 0.1317424029 0.9898653030 0.0530152731 -0.5983741879 0.1220491976 -0.7918663621
-32.1 -243.9 2812.6 -0.6313194633 0.0182194654 0.7753088474 -0.0824697316 0.9924780726 -0.0904764161 -0.7711254358 -0.1210590377 -0.6250681877
-39.2 -629.0 2859.6 -0.6292936206 0.0517202020 0.7754447460 0.0167336985 0.9984535575 -0.0530144908 -0.7769874930 -0.0203856230 -0.6291859150
423.2 346.6 2425.4 0 0 0 0 0 0 0 0 0
-24.4 -388.8 2965.9 0 0 0 0 0 0 0 0 0
-119.2 -964.5 2668.5 0 0 0 0 0 0 0 0 0
-58.5 -1001.2 2867.2 0 0 0 0 0 0 0 0 0
26.6 339.1 2852.6 0 -0.3964793682 0.0470521301 -0.9168370962 -0.1999499947 0.9702848196 0.1362619549 0.8960045576 0.2373466194 -0.3752898276
17.4 148.9 2806.1 -0.3964793682 0.0470521301 -0.9168370962 -0.1999499947 0.9702848196 0.1362619549 0.8960045576 0.2373466194 -0.3752898276
7.6 -40.6 2765.4 -0.3951244950 0.0507314801 -0.9172256589 -0.1729758382 0.9765043259 0.1285250783 0.9021950960 0.2094412893 -0.3770654500
71.3 172.5 2682.9 -0.6321796775 -0.6615593433 -0.4033460915 0.0981351957 0.4480095506 -0.8886263967 0.7685820460 -0.6013540030 -0.2183002830
234.8 147.2 2484.1 -0.6727924943 -0.6615593433 0.3311940134 -0.7087721825 0.4480095506 -0.5449123383 0.2121137679 -0.6013540030 -0.7703123093
-36.6 125.3 2929.3 -0.0556876138 0.3538759649 -0.9336330295 -0.9934126139 0.0741580129 0.0873614252 0.1001514792 0.9323477745 0.3474151492
-50.9 -130.6 2955.1 0.0721776038 0.3551662862 -0.9320124984 -0.9968292713 0.0570676662 -0.0554501489 0.0334937535 0.9330595732 0.3581591547
36.3 -215.9 2643.7 -0.7872786522 0.3323418498 0.5193662047 0.1589822471 0.9232404232 -0.3497881293 -0.5957491398 -0.1928106993 -0.7796839476
-92.6 -574.1 2718.5 -0.7894064784 0.0666493848 0.6102420092 0.1318664849 0.9892930984 0.0625333413 -0.5995404124 0.1298346967 -0.7897431850
-32.9 -245.8 2806.1 -0.6275737882 0.0215567723 0.7782586217 -0.0922526419 0.9905154109 -0.1018268913 -0.7730721831 -0.1357003003 -0.6196328402
-41.3 -630.2 2858.7 -0.6269620657 0.0370944031 0.7781661749 0.0059114425 0.9990635514 -0.0428615622 -0.7790273428 -0.0222724881 -0.6265942454
423.8 346.2 2424.5 0 0 0 0 0 0 0 0 0
-32.1 -390.6 2963.8 0 0 0 0 0 0 0 0 0
-119.0 -965.3 2667.2 0 0 0 0 0 0 0 0 0
-55.1 -1002.8 2867.0 0 0 0 0 0 0 0 0 0
24.8 341.4 2845.3 1 -0.4019377232 0.0447799340 -0.9145714045 -0.1824315935 0.9748632908 0.1279074103 0.8973097205 0.2182575315 -0.3836650550
16.1 151.0 2802.7 -0.4019377232 0.0447799340 -0.9145714045 -0.1824315935 0.9748632908 0.1279074103 0.8973097205 0.2182575315 -0.3836650550
6.8 -39.3 2765.6 -0.4007119238 0.0476386137 -0.9149647355 -0.1564979851 0.9804120660 0.1195850223 0.9027393460 0.1911092848 -0.3854074776
70.8 172.4 2679.4 -0.6413962841 -0.6600624919 -0.3910605311 0.0979210585 0.4351188838 -0.8950324059 0.7609351277 -0.6123635173 -0.2144496292
236.2 147.1 2483.1 -0.6697355509 -0.6600624919 0.3402525783 -0.7100791335 0.4351188838 -0.5535875559 0.2173520327 -0.6123635173 -0.7601112127
-38.7 129.6 2925.9 -0.0547323935 0.3476367295 -0.9360305071 -0.9914168715 0.0925490782 0.0923432335 0.1187306568 0.9330505729 0.3395874798
-52.8 -125.8 2956.5 0.0736122131 0.3489502668 -0.9342456460 -0.9958788753 0.0754837319 -0.0502745435 0.0529770367 0.9340962768 0.3530687392
33.1 -214.6 2644.0 -0.7815703154 0.3170655668 0.5372310877 0.1520318687 0.9320461750 -0.3289015889 -0.6050075293 -0.1753834635 -0.7766637206
-89.9 -576.3 2712.1 -0.7834090590 0.0730125606 0.6172028780 0.1298065931 0.9903960228 0.0476023629 -0.6077997088 0.1174091250 -0.7853627205
-37.6 -245.6 2805.6 -0.6222661734 0.0100973127 0.7827405930 -0.1034196988 0.9900916219 -0.0949891359 -0.7759440541 -0.1400593221 -0.6150562763
-41.6 -629.9 2859.9 -0.6221030951 0.0385271758 0.7819868326 0.0156277753 0.9992005825 -0.0367963836 -0.7827793360 -0.0106704310 -0.6222078800
423.7 345.9 2422.3 0 0 0 0 0 0 0 0 0
-33.6 -385.5 2970.3 0 0 0 0 0 0 0 0 0
-118.4 -963.1 2666.2 0 0 0 0 0 0 0 0 0
-55.9 -1002.7 2863.9 0 0 0 0 0 0 0 0 0
23.2 344.7 2854.1 2 -0.4185219109 0.0369216278 -0.9074559212 -0.2064563334 0.9691466093 0.1346500367 0.8844292760 0.2437040061 -0.3979863822
15.9 154.3 2806.2 -0.4185219109 0.0369216278 -0.9074559212 -0.2064563334 0.9691466093 0.1346500367 0.8844292760 0.2437040061 -0.3979863822
7.3 -35.2 2765.7 -0.4170620441 0.0448641703 -0.9077700377 -0.1717197597 0.9769026637 0.1271750778 0.8925085664 0.2089219540 -0.3997249603
72.9 177.8 2684.4 -0.6331277490 -0.6608799100 -0.4029726982 0.1256012321 0.4259904623 -0.8959667683 0.7637889385 -0.6178753376 -0.1866990477
240.2 144.6 2482.6 -0.6594888568 -0.6608799100 0.3582069576 -0.7225938439 0.4259904623 -0.5444173217 0.2072017342 -0.6178753376 -0.7584837079
-41.0 130.9 2928.1 -0.0574065410 0.3307927549 -0.9419557452 -0.9932813048 0.0760383904 0.0872374251 0.1004823074 0.9406350851 0.3242051601
-55.8 -125.0 2954.0 0.0720994920 0.3320775628 -0.9404925108 -0.9967112541 0.0589602664 -0.0555910803 0.0369911380 0.9414075613 0.3352364600
33.5 -215.5 2647.7 -0.7727093697 0.3214477003 0.5473496318 0.1566005796 0.9321786761 -0.3263726830 -0.6151394248 -0.1664759368 -0.7706421018
-91.3 -577.3 2712.3 -0.7748215199 0.0705622509 0.6282297373 0.1307313591 0.9901550412 0.0500229299 -0.6185151339 0.1208881661 -0.7764180899
-38.3 -243.6 2809.3 -0.6084489822 0.0015698657 0.7935914397 -0.1196637899 0.9883828163 -0.0937017947 -0.7845191956 -0.1519769132 -0.6011926532
-38.9 -627.2 2868.3 -0.6078843474 0.0566610545 0.7920013666 0.0552658960 0.9980509281 -0.0289839730 -0.7920999527 0.0261517633 -0.6098309159
424.4 346.4 2424.7 0 0 0 0 0 0 0 0 0
-37.0 -384.9 2963.7 0 0 0 0 0 0 0 0 0
-118.8 -963.1 2665.2 0 0 0 0 0 0 0 0 0
-60.1 -999.4 2858.6 0 0 0 0 0 0 0 0 0
23.7 343.8 2858.0 3 -0.4049857855 0.0390051156 -0.9134905934 -0.2171226293 0.9664083123 0.1375235170 0.8881690502 0.2540345490 -0.3829127252
16.1 154.5 2808.3 -0.4049857855 0.0390051156 -0.9134905934 -0.2171226293 0.9664083123 0.1375235170 0.8881690502 0.2540345490 -0.3829127252
6.9 -34.7 2766.1 -0.4033513963 0.0475264341 -0.9138100743 -0.1804556251 0.9749066830 0.1303562671 0.8970749378 0.2174815536 -0.3846535683
71.2 179.2 2685.8 -0.6409360170 -0.6615471840 -0.3893023431 0.1303477585 0.4060032070 -0.9045279622 0.7564459443 -0.6304892898 -0.1739908904
243.9 144.0 2482.0 -0.6447571516 -0.6615471840 0.3829406500 -0.7372838259 0.4060032070 -0.5399758816 0.2017443925 -0.6304892898 -0.7495214939
-39.0 129.9 2930.8 -0.0554965921 0.3450167179 -0.9369544387 -0.9942198396 0.0672840998 0.0836646408 0.0919078365 0.9361817837 0.3392884135
-53.3 -126.3 2954.5 0.0730210021 0.3463195860 -0.9352703691 -0.9969801903 0.0501979217 -0.0592512824 0.0264287479 0.9367725849 0.3489392698
35.9 -209.4 2645.3 -0.7820364833 0.3270290792 0.5305383205 0.1619708389 0.9286651015 -0.3336863518 -0.6018175483 -0.1750231683 -0.7792191505
-91.0 -569.9 2713.2 -0.7846829891 0.0679587945 0.6161608696 0.1296191514 0.9899879694 0.0558807813 -0.6061942577 0.1237149462 -0.7856354713
-38.8 -240.2 2805.1 -0.6200867295 0.0180749055 0.7843250632 -0.0937863737 0.9908575416 -0.0969819054 -0.7789072990 -0.1336961836 -0.6127223969
-45.8 -624.7 2857.0 -0.6198920608 0.0280849040 0.7841843367 -0.0110173160 0.9989492893 -0.0444856361 -0.7846097350 -0.0362159014 -0.6189312935
423.2 349.1 2425.9 0 0 0 0 0 0 0 0 0
-34.3 -386.3 2961.4 0 0 0 0 0 0 0 0 0
-118.1 -964.7 2663.9 0 0 0 0 0 0 0 0 0
-56.2 -996.6 2870.5 0 0 0 0 0 0 0 0 0
23.4 335.0 2860.0 4 -0.4124073684 0.0415147133 -0.9100531340 -0.2188942134 0.9651796818 0.1432254165 0.8843107224 0.2582725883 -0.3889598846
15.3 146.3 2809.5 -0.4124073684 0.0415147133 -0.9100531340 -0.2188942134 0.9651796818 0.1432254165 0.8843107224 0.2582725883 -0.3889598846
6.5 -42.6 2765.9 -0.4109581411 0.0457033925 -0.9105078578 -0.1866831034 0.9733597040 0.1331177652 0.8923355937 0.2246822566 -0.3914780319
71.5 171.8 2687.6 -0.6429722905 -0.6722331047 -0.3670003712 0.1013856679 0.4002587199 -0.9107765555 0.7591492534 -0.6228126884 -0.1892004609
246.7 144.2 2480.7 -0.6343035698 -0.6722331047 0.3817874789 -0.7452113628 0.4002587199 -0.5333413482 0.2057159543 -0.6228126884 -0.7548412681
-40.8 120.8 2931.4 -0.0562758707 0.3370584846 -0.9398003221 -0.9948332310 0.0607332289 0.0813531950 0.0844978914 0.9395228028 0.3318991661
-55.3 -135.5 2953.2 0.0727960169 0.3383565843 -0.9381980300 -0.9971445203 0.0436400510 -0.0616311766 0.0200896971 0.9400055408 0.3405672312
33.8 -207.8 2643.5 -0.7829085588 0.3173096180 0.5351343751 0.1489113271 0.9307289720 -0.3340194523 -0.6040526628 -0.1818191111 -0.7759266496
-89.4 -569.0 2714.1 -0.7842761874 0.0765477642 0.6156713963 0.1326164007 0.9901072383 0.0458318964 -0.6060723662 0.1175929904 -0.7866690159
-38.5 -240.1 2804.2 -0.6135420799 0.0145042688 0.7895287871 -0.0934990346 0.9914636612 -0.0908719823 -0.7841071486 -0.1295739710 -0.6069485545
-44.1 -624.9 2854.5 -0.6122611761 0.0402787291 0.7896289825 -0.0163202025 0.9978449345 -0.0635540932 -0.7904871106 -0.0517986044 -0.6102843285
422.1 350.3 2423.8 0 0 0 0 0 0 0 0 0
-36.3 -395.6 2958.4 0 0 0 0 0 0 0 0 0
-119.6 -959.7 2667.7 0 0 0 0 0 0 0 0 0
-59.1 -996.8 2873.8 0 0 0 0 0 0 0 0 0
25.0 327.0 2860.5 5 -0.3768119812 0.0464561619 -0.9251240492 -0.2219729125 0.9651121497 0.1388759315 0.8993001580 0.2576825917 -0.3533538282
15.9 138.8 2810.2 -0.3768119812 0.0464561619 -0.9251240492 -0.2219729125 0.9651121497 0.1388759315 0.8993001580 0.2576825917 -0.3533538282
6.6 -50.1 2766.5 -0.3753291965 0.0480544046 -0.9256450534 -0.1915640831 0.9730725288 0.1281916946 0.9068799019 0.2254344374 -0.3560170233
67.2 164.9 2686.4 -0.6561391354 -0.6694614291 -0.3482855558 0.0764096677 0.4002162516 -0.9132297039 0.7507616282 -0.6258181334 -0.2114442140
248.3 143.8 2479.2 -0.6281301975 -0.6694614291 0.3965776265 -0.7547369599 0.4002162516 -0.5198067427 0.1892737597 -0.6258181334 -0.7566552162
-35.3 112.6 2934.0 -0.0466888472 0.3723437190 -0.9269198179 -0.9953970909 0.0604054444 0.0744029135 0.0836944580 0.9261270761 0.3678095937
-47.4 -143.8 2955.6 0.0797492862 0.3737657666 -0.9240882993 -0.9967104197 0.0433254689 -0.0684927627 0.0144363102 0.9265106916 0.3759914041
34.4 -214.8 2642.4 -0.8011966944 0.3186189532 0.5065233111 0.1608260721 0.9299697280 -0.3305922449 -0.5763843060 -0.1834072620 -0.7963309288
-89.3 -575.8 2713.6 -0.8039763570 0.0772137716 0.5896270871 0.1301917732 0.9903343320 0.0478330515 -0.5802345276 0.1152212322 -0.8062579632
-39.2 -248.3 2802.2 -0.6425564289 0.0231724866 0.7658878565 -0.1016940624 0.9881213903 -0.1152145192 -0.7594600320 -0.1519180834 -0.6325672865
-48.2 -631.7 2861.2 -0.6437311172 0.0219199695 0.7649377584 0.0014687636 0.9996232390 -0.0274090562 -0.7652503252 -0.0165205505 -0.6435207725
420.8 351.1 2427.2 0 0 0 0 0 0 0 0 0
-26.6 -403.9 2959.4 0 0 0 0 0 0 0 0 0
-119.4 -961.6 2668.7 0 0 0 0 0 0 0 0 0
-56.4 -1004.3 2867.3 0 0 0 0 0 0 0 0 0
24.3 321.4 2860.2 6 -0.3619778752 0.0456333309 -0.9310690761 -0.2196754217 0.9664955735 0.1327743232 0.9059330821 0.2525943518 -0.3398255110
15.4 132.6 2810.9 -0.3619778752 0.0456333309 -0.9310690761 -0.2196754217 0.9664955735 0.1327743232 0.9059330821 0.2525943518 -0.3398255110
6.3 -56.5 2768.1 -0.3605316579 0.0470466278 -0.9315597415 -0.1893910468 0.9742304087 0.1224996224 0.9133170247 0.2205940634 -0.3423306644
64.7 158.5 2686.2 -0.6638782620 -0.6696599722 -0.3328981996 0.0517216176 0.4029653072 -0.9137526155 0.7460500002 -0.6238384843 -0.2328840047
249.8 144.1 2478.2 -0.6243158579 -0.6696599722 0.4022253752 -0.7603861094 0.4029653072 -0.5093446374 0.1790048182 -0.6238384843 -0.7607777715
-33.8 106.8 2935.6 -0.0408124737 0.3861905932 -0.9215157032 -0.9952289462 0.0660895705 0.0717740655 0.0886210427 0.9200483561 0.3816507757
-44.3 -149.6 2958.4 0.0845892355 0.3876982927 -0.9178968668 -0.9962636828 0.0490111411 -0.0711099952 0.0174179524 0.9204824567 0.3903955221
30.9 -221.8 2641.6 -0.8089178801 0.3154550791 0.4961249530 0.1598897278 0.9300950170 -0.3306939602 -0.5657624602 -0.1881789863 -0.8028085232
-91.6 -582.9 2714.6 -0.8115043640 0.0705912262 0.5800668597 0.1291846633 0.9897869825 0.0602751970 -0.5698876977 0.1238493249 -0.8123357296
-36.3 -256.1 2803.9 -0.6536024809 0.0099675078 0.7567723989 -0.1059226543 0.9888674021 -0.1045067906 -0.7493892312 -0.1484652311 -0.6452704072
-40.2 -640.0 2861.5 -0.6500687003 0.0720449165 0.7564523816 0.0409234762 0.9973698258 -0.0598218180 -0.7587726712 -0.0079316311 -0.6513072848
420.0 351.4 2429.3 0 0 0 0 0 0 0 0 0
-22.3 -409.5 2963.0 0 0 0 0 0 0 0 0 0
-118.7 -962.8 2667.1 0 0 0 0 0 0 0 0 0
-67.0 -1011.5 2864.5 0 0 0 0 0 0 0 0 0
21.0 326.5 2861.1 7 -0.3709654808 0.0414810367 -0.9277197719 -0.2237103730 0.9655895829 0.1326289326 0.9012981057 0.2567412853 -0.3489206433
12.9 137.4 2810.8 -0.3709654808 0.0414810367 -0.9277197719 -0.2237103730 0.9655895829 0.1326289326 0.9012981057 0.2567412853 -0.3489206433
4.4 -51.7 2767.5 -0.3695695698 0.0436249189 -0.9281784296 -0.1919009238 0.9737796783 0.1221767217 0.9091712832 0.2232710868 -0.3515076637
63.4 163.6 2686.6 -0.6690801382 -0.6558859348 -0.3494931459 0.0646898821 0.4170781970 -0.9065654874 0.7403694987 -0.6291736364 -0.2366295606
252.4 145.3 2477.4 -0.6243745685 -0.6558859348 0.4242287874 -0.7681717873 0.4170781970 -0.4857549071 0.1416632086 -0.6291736364 -0.7642461061
-37.6 111.1 2935.0 -0.0405155420 0.3767391145 -0.9254329205 -0.9954698682 0.0645105019 0.0698436648 0.0860129818 0.9240703583 0.3724187613
