-296.2 417.9 2733.7 4 -0.0495830253 0.0351117663 -0.9981526136 -0.0977520421 0.9944131970 0.0398360379 0.9939748645 0.0995466560 -0.0458737686
-303.3 219.2 2713.8 -0.0495830253 0.0351117663 -0.9981526136 -0.0977520421 0.9944131970 0.0398360379 0.9939748645 0.0995466560 -0.0458737686
-311.8 21.2 2699.3 -0.0485493205 0.0426109023 -0.9979114532 -0.0712743998 0.9963948727 0.0460137054 0.9962745309 0.0733594745 -0.0453372262
-296.2 229.6 2568.7 -0.2530574501 0.3597862422 -0.8980622292 0.9672933817 0.1108645201 -0.2281504124 0.0174778644 -0.9264248013 -0.3760739267
-234.6 -5.8 2564.4 -0.7829661965 0.3597862422 0.5074620843 -0.5041559339 0.1108645201 -0.8564670682 -0.3644046187 -0.9264248013 0.0945851952
-310.3 208.8 2859.0 -0.2355396152 0.7976027727 -0.5552935004 -0.8574193716 0.0984565914 0.5051121712 0.4575511515 0.5950933099 0.6606897116
-374.9 -26.1 2984.4 0.2478403151 0.7976027727 -0.5499135852 -0.9529528618 0.0984565914 -0.2866829932 -0.1745165586 0.5950933099 0.7844793797
-310.2 -173.5 2595.2 -0.2892698944 0.0546932593 -0.9556838274 -0.1545651704 0.9825970531 0.1030178443 0.9446864724 0.1775154024 -0.2757820785
-331.9 -564.0 2524.6 -0.2713856399 -0.1982798725 -0.9418253303 -0.2484432608 0.9598182440 -0.1304793060 0.9298525453 0.1985799372 -0.3097422123
-324.7 -185.2 2777.0 0.0509722866 0.1587639749 0.9859999418 0.2015191019 0.9653404355 -0.1658551544 -0.9781574011 0.2071518302 0.0172116365
-387.8 -568.5 2694.7 0.0080588674 0.2166531086 0.9762153625 0.0075842864 0.9762057662 -0.2167135775 -0.9999387860 0.0091503635 0.0062239538
-40.0 119.5 2655.0 0 0 0 0 0 0 0 0 0
-305.2 -294.0 2935.4 0 0 0 0 0 0 0 0 0
-266.9 -878.8 2459.5 0 0 0 0 0 0 0 0 0
-449.8 -848.1 2692.1 0 0 0 0 0 0 0 0 0
-296.3 417.5 2734.3 5 -0.0704710633 0.0417599194 -0.9966393113 -0.0881451145 0.9949542284 0.0479219370 0.9936117530 0.0912259966 -0.0664345548
-304.6 218.4 2716.0 -0.0704710633 0.0417599194 -0.9966393113 -0.0881451145 0.9949542284 0.0479219370 0.9936117530 0.0912259966 -0.0664345548
-313.3 20.3 2702.9 -0.0693903789 0.0434255898 -0.9966439605 -0.0628762767 0.9968753457 0.0478133708 0.9956061244 0.0659830496 -0.0664431229
-294.5 227.6 2570.8 -0.2460626811 0.3610361516 -0.8995032310 0.9687513709 0.1214886233 -0.2162435651 0.0312076639 -0.9246044755 -0.3796480894
-235.3 -5.5 2563.3 -0.7829694748 0.3610361516 0.5065684915 -0.4990876913 0.1214886233 -0.8579930067 -0.3713088036 -0.9246044755 0.0850668177
-314.8 209.2 2861.2 -0.2470624894 0.7852362990 -0.5677711964 -0.8528448343 0.1019537747 0.5121143460 0.4600171745 0.6107449532 0.6444957256
-382.5 -24.6 2987.3 0.2495273501 0.7852362990 -0.5666922331 -0.9548180103 0.1019537747 -0.2791557908 -0.1614268422 0.6107449532 0.7751979828
-315.9 -170.2 2593.5 -0.3090580404 0.0430600345 -0.9500678778 -0.1435021162 0.9854255319 0.0913439393 0.9401543736 0.1645673364 -0.2983744442
-333.0 -561.8 2528.1 -0.2867198586 -0.1995837986 -0.9369941354 -0.2629935443 0.9568806887 -0.1233437881 0.9212090373 0.2110583037 -0.3268459439
-324.8 -183.3 2775.8 0.0680381581 0.1641484350 0.9840864539 0.1708974242 0.9698759317 -0.1735936701 -0.9829368591 0.1799888313 0.0379360281
-390.0 -568.4 2704.3 0.0411255248 0.2082963288 0.9772007465 0.0434143394 0.9767319560 -0.2100234926 -0.9982103705 0.0510618538 0.0311255679
-39.4 119.4 2656.2 0 0 0 0 0 0 0 0 0
-312.3 -293.0 2941.9 0 0 0 0 0 0 0 0 0
-266.9 -878.7 2458.2 0 0 0 0 0 0 0 0 0
-449.7 -848.4 2689.7 0 0 0 0 0 0 0 0 0
-296.3 416.9 2734.5 6 -0.0744406134 0.0457185470 -0.9961768985 -0.0868818387 0.9948527217 0.0521501340 0.9934335351 0.0904317722 -0.0700853392
-305.4 217.8 2716.4 -0.0744406134 0.0457185470 -0.9961768985 -0.0868818387 0.9948527217 0.0521501340 0.9934335351 0.0904317722 -0.0700853392
-314.9 19.7 2702.8 -0.0734157413 0.0473675542 -0.9961758852 -0.0649569258 0.9965233207 0.0521712415 0.9951837659 0.0685387105 -0.0700836480
-294.7 227.2 2571.1 -0.2544328868 0.4177923799 -0.8721888661 0.9666562080 0.1368914694 -0.2164174765 0.0289776456 -0.8981705308 -0.4386912882
-233.4 -5.7 2564.1 -0.7526597977 0.4177923799 0.5088739991 -0.5015562177 0.1368914694 -0.8542259932 -0.4265496433 -0.8981705308 0.1065136641
-316.1 208.3 2861.7 -0.2523629963 0.7833283544 -0.5680752993 -0.8527404070 0.0974279121 0.5131682158 0.4573256075 0.6139254570 0.6433885694
-385.3 -25.5 2987.1 0.2464176416 0.7833283544 -0.5706794262 -0.9553931952 0.0974279121 -0.2788039744 -0.1627949625 0.6139254570 0.7723945379
-315.7 -172.0 2598.6 -0.3121483028 0.0500858352 -0.9487122297 -0.1227895990 0.9881063700 0.0925662145 0.9420648217 0.1453863829 -0.3022857010
-335.6 -564.6 2540.8 -0.2767953575 -0.2136568427 -0.9368751645 -0.3064233363 0.9436945915 -0.1246806979 0.9107629061 0.2525693774 -0.3266797364
-328.4 -183.5 2780.9 0.0759404972 0.1440438777 0.9866531491 0.1945284754 0.9683567882 -0.1563451737 -0.9779528379 0.2038050592 0.0455168635
-385.6 -568.1 2700.0 0.0416050814 0.2184804827 0.9749540091 0.0394795015 0.9746773243 -0.2201032341 -0.9983538389 0.0476481095 0.0319260284
-43.0 121.2 2672.1 0 0 0 0 0 0 0 0 0
-316.0 -294.2 2941.3 0 0 0 0 0 0 0 0 0
-264.7 -877.6 2457.0 0 0 0 0 0 0 0 0 0
-446.9 -841.7 2686.6 0 0 0 0 0 0 0 0 0
-298.3 415.9 2736.1 7 -0.1680077761 0.0352592804 -0.9851549268 -0.0898897797 0.9946486950 0.0509288236 0.9816787839 0.0971117914 -0.1639392674
-305.3 217.6 2716.8 -0.1680077761 0.0352592804 -0.9851549268 -0.0898897797 0.9946486950 0.0509288236 0.9816787839 0.0971117914 -0.1639392674
-313.9 19.6 2701.6 -0.1671493351 0.0433879159 -0.9849764705 -0.0681602210 0.9961324930 0.0554460436 0.9835727215 0.0764039829 -0.1635455489
-281.0 227.5 2573.8 -0.2048477381 0.4361834824 -0.8762313128 0.9775812030 0.1357222497 -0.1609797329 0.0487073883 -0.8895636201 -0.4542071819
-232.0 -6.5 2562.1 -0.7286065817 0.4361834824 0.5280875564 -0.5268753171 0.1357222497 -0.8390362859 -0.4376470149 -0.8895636201 0.1309261769
-329.6 207.6 2859.8 -0.2956579924 0.7221856713 -0.6253272891 -0.8545398116 0.0926678628 0.5110522509 0.4270223677 0.6854637265 0.5897383690
-410.6 -26.4 2976.7 0.2573176622 0.7221856713 -0.6420556903 -0.9558542967 0.0926678628 -0.2788462341 -0.1418808252 0.6854637265 0.7141493559
-317.6 -172.3 2597.9 -0.4003099501 0.0351703279 -0.9157046676 -0.1343741864 0.9862088561 0.0966213495 0.9064742327 0.1617255509 -0.3900632262
-331.6 -564.1 2533.7 -0.3710237145 -0.2030429989 -0.9061539173 -0.3013677895 0.9493152499 -0.0893195122 0.8783614635 0.2399459332 -0.4134090841
-331.0 -184.2 2780.4 0.1662061960 0.1362708658 0.9766297936 0.1816028804 0.9692348838 -0.1661448330 -0.9692243934 0.2049730867 0.1363456696
-385.2 -569.3 2698.9 0.1312955916 0.2266664207 0.9650822878 0.0247459877 0.9724569917 -0.2317650914 -0.9910343885 0.0543116517 0.1220702380
-47.7 126.7 2672.8 0 0 0 0 0 0 0 0 0
-338.2 -295.1 2936.8 0 0 0 0 0 0 0 0 0
-265.2 -874.2 2455.3 0 0 0 0 0 0 0 0 0
-448.5 -841.1 2683.8 0 0 0 0 0 0 0 0 0
-300.2 415.3 2736.5 8 -0.2087079734 0.0167280994 -0.9778349400 -0.1040094122 0.9938034415 0.0392009281 0.9724314809 0.1098855808 -0.2056748271
-303.5 218.1 2714.7 -0.2087079734 0.0167280994 -0.9778349400 -0.1040094122 0.9938034415 0.0392009281 0.9724314809 0.1098855808 -0.2056748271
-310.8 20.4 2696.8 -0.2080734521 0.0367710404 -0.9774217606 -0.0804181024 0.9952667952 0.0545617752 0.9748017192 0.0899552628 -0.2041315287
-273.2 229.9 2572.7 -0.1951849610 0.4338388443 -0.8795946240 0.9796628952 0.1287754774 -0.1538750380 0.0465132445 -0.8917402625 -0.4501508474
-226.3 -5.6 2561.5 -0.7021982074 0.4338388443 0.5645365715 -0.5718144178 0.1287754774 -0.8102130294 -0.4242003560 -0.8917402625 0.1576493829
-333.8 206.4 2856.6 -0.3106541634 0.6923363209 -0.6512790918 -0.8601002693 0.0869247541 0.5026645064 0.4046251774 0.7163200974 0.5684751272
-418.9 -29.2 2967.4 0.2668445706 0.6923363209 -0.6704210639 -0.9531847239 0.0869247541 -0.2896254659 -0.1422420442 0.7163200974 0.6831198335
-307.2 -172.1 2596.7 -0.4371574521 0.0541571155 -0.8977529407 -0.1362378299 0.9826793075 0.1256208122 0.8890065551 0.1772239804 -0.4222073257
-328.7 -562.5 2526.3 -0.4136239886 -0.1936305612 -0.8896192312 -0.2767336667 0.9576302171 -0.0797676072 0.8673717380 0.2131938040 -0.4496829212
-337.7 -184.6 2776.3 0.2040594667 0.1135135666 0.9723550677 0.1766650975 0.9726772904 -0.1506263167 -0.9628858566 0.2025179267 0.1784301251
-382.8 -571.0 2695.8 0.1628759205 0.2379052788 0.9575346112 -0.0028643238 0.9706039429 -0.2406652123 -0.9866424203 0.0364558771 0.1587694436
-46.6 140.7 2670.1 0 0 0 0 0 0 0 0 0
-343.9 -297.2 2927.4 0 0 0 0 0 0 0 0 0
-266.3 -870.8 2457.7 0 0 0 0 0 0 0 0 0
-448.6 -839.5 2685.7 0 0 0 0 0 0 0 0 0
-301.2 415.3 2735.1 9 -0.2608923614 0.0243846364 -0.9650598764 -0.1068805009 0.9928054810 0.0539795607 0.9594330192 0.1172289327 -0.2564091384
-306.1 218.4 2711.9 -0.2608923614 0.0243846364 -0.9650598764 -0.1068805009 0.9928054810 0.0539795607 0.9594330192 0.1172289327 -0.2564091384
-312.9 20.6 2694.3 -0.2599920928 0.0345178917 -0.9649935961 -0.0764912590 0.9954841733 0.0562170967 0.9625763297 0.0884295776 -0.2561776936
-268.2 229.5 2571.7 -0.1939664185 0.3959986269 -0.8975311518 0.9792666435 0.1326499283 -0.1531040519 0.0584284514 -0.9086193442 -0.4135178626
-222.0 -3.6 2557.8 -0.6909910440 0.3959986269 0.6047449708 -0.6086276174 0.1326499283 -0.7822892070 -0.3900048137 -0.9086193442 0.1493557841
-343.9 207.2 2852.0 -0.3342775106 0.6533498764 -0.6792587638 -0.8578420877 0.0875749364 0.5063967109 0.3903402388 0.7519738078 0.5311966538
-435.5 -27.8 2959.0 0.2714149356 0.6533498764 -0.7067304254 -0.9543533921 0.0875749364 -0.2855525613 -0.1246738657 0.7519738078 0.6472957730
-299.0 -170.0 2589.9 -0.4815243781 0.0857103094 -0.8722316027 -0.0906901285 0.9849914908 0.1468571275 0.8717279434 0.1498180777 -0.4665243626
-333.0 -561.0 2530.4 -0.4497224689 -0.2041170746 -0.8695319891 -0.2880284190 0.9546698332 -0.0751341730 0.8454521298 0.2166603953 -0.4881280065
-337.0 -184.7 2768.1 0.2522670031 0.1242199615 0.9596513510 0.1444668472 0.9757766724 -0.1642837822 -0.9568127990 0.1800811887 0.2282106131
-386.3 -572.3 2696.6 0.2183728963 0.2242204696 0.9497570395 -0.0158821978 0.9739336371 -0.2262764126 -0.9757361412 0.0343284048 0.2162418216
-46.4 151.0 2656.9 0 0 0 0 0 0 0 0 0
-359.2 -296.2 2923.9 0 0 0 0 0 0 0 0 0
-266.5 -872.0 2459.8 0 0 0 0 0 0 0 0 0
-448.6 -842.7 2687.0 0 0 0 0 0 0 0 0 0
-300.9 415.4 2735.4 0 -0.2175472379 0.0375153907 -0.9753285646 -0.0921090469 0.9940125346 0.0587790012 0.9716939330 0.1026237905 -0.2127891779
-308.4 218.2 2715.1 -0.2175472379 0.0375153907 -0.9753285646 -0.0921090469 0.9940125346 0.0587790012 0.9716939330 0.1026237905 -0.2127891779
-315.2 20.2 2700.3 -0.2165752649 0.0346040875 -0.9756524563 -0.0652808920 0.9966215491 0.0498388596 0.9740808606 0.0744853318 -0.2135845870
-276.8 227.7 2573.1 -0.2368366718 0.3429037929 -0.9090244174 0.9677115083 0.1663434207 -0.1893786192 0.0862715915 -0.9245252013 -0.3712281585
-220.2 -3.6 2552.5 -0.6741229296 0.3429037929 0.6541981697 -0.6418403983 0.1663434207 -0.7485791445 -0.3655121922 -0.9245252013 0.1079535857
-339.9 208.7 2857.0 -0.3132040799 0.6859369278 -0.6568057537 -0.8538843393 0.0993121341 0.5108997822 0.4156738222 0.7208520174 0.5546058416
-425.7 -25.2 2970.9 0.2695793808 0.6859369278 -0.6758827567 -0.9548342228 0.0993121341 -0.2800511718 -0.1249740720 0.7208520174 0.6817285419
-295.9 -170.2 2588.8 -0.4450982809 0.0746203139 -0.8923672438 -0.1202306077 0.9825193286 0.1421279609 0.8873737454 0.1705507636 -0.4283460081
-325.6 -560.4 2521.0 -0.4254891276 -0.1802213490 -0.8868366480 -0.2462358475 0.9660516977 -0.0781795159 0.8708196878 0.1851064414 -0.4554214478
-343.5 -184.3 2764.8 0.2106153071 0.1134442091 0.9709642529 0.1475490183 0.9781758189 -0.1462921649 -0.9663697481 0.1740761995 0.1892802119
-388.6 -572.9 2695.6 0.1793947518 0.2184632123 0.9592139125 -0.0011807411 0.9750788212 -0.2218556553 -0.9837764502 0.0386671573 0.1751819700
-49.4 159.1 2645.2 0 0 0 0 0 0 0 0 0
-349.9 -293.7 2935.7 0 0 0 0 0 0 0 0 0
-267.0 -874.1 2460.9 0 0 0 0 0 0 0 0 0
-449.0 -842.5 2684.9 0 0 0 0 0 0 0 0 0
-299.0 418.2 2734.1 1 -0.1742539108 0.0577665344 -0.9830048680 -0.0866334364 0.9935073853 0.0737409294 0.9808823466 0.0980107337 -0.1681180298
-310.5 219.9 2714.5 -0.1742539108 0.0577665344 -0.9830048680 -0.0866334364 0.9935073853 0.0737409294 0.9808823466 0.0980107337 -0.1681180298
-317.5 21.7 2701.2 -0.1730111837 0.0354766883 -0.9842807055 -0.0601027384 0.9971083403 0.0465035513 0.9830843210 0.0672036037 -0.1703786403
-285.3 228.6 2571.2 -0.3084277809 0.3341467679 -0.8906279802 0.9452054501 0.2130153626 -0.2474088371 0.1070465818 -0.9181342125 -0.3815371990
-211.3 1.6 2545.5 -0.6370888352 0.3341467679 0.6945961118 -0.6668410301 0.2130153626 -0.7141060829 -0.3865758777 -0.9181342125 0.0871130601
-335.8 211.1 2857.8 -0.2924505472 0.7170357108 -0.6327183247 -0.8520658016 0.1049752161 0.5128002167 0.4341158271 0.6890863180 0.5802615285
-415.9 -22.4 2976.8 0.2660977542 0.7170357108 -0.6442450881 -0.9549461603 0.1049752161 -0.2775931954 -0.1314144731 0.6890863180 0.7126641870
-302.1 -171.9 2596.4 -0.4072396755 0.0603929944 -0.9113224149 -0.1471333653 0.9804404378 0.1307224184 0.9013920426 0.1873212904 -0.3903883994
-326.1 -561.3 2522.0 -0.3910212815 -0.1774021685 -0.9031228423 -0.2480592877 0.9652507305 -0.0822048858 0.8863232732 0.1918841451 -0.4214398265
-341.8 -183.8 2774.6 0.1727584153 0.1162561700 0.9780792594 0.1885262430 0.9707475901 -0.1486841589 -0.9667535424 0.2100800574 0.1457874626
-387.9 -569.3 2691.2 0.1323857307 0.2118653357 0.9682908058 -0.0106951650 0.9771375656 -0.2123387903 -0.9911405444 0.0177545976 0.1316250116
-47.2 173.3 2645.1 0 0 0 0 0 0 0 0 0
-341.1 -290.9 2939.8 0 0 0 0 0 0 0 0 0
-269.3 -870.7 2460.5 0 0 0 0 0 0 0 0 0
-447.1 -842.4 2686.2 0 0 0 0 0 0 0 0 0
-297.2 420.5 2734.9 2 -0.1253522635 0.0558015332 -0.9905417562 -0.0884952471 0.9938082695 0.0671845526 0.9881575704 0.0960799754 -0.1196379438
-308.4 221.2 2715.7 -0.1253522635 0.0558015332 -0.9905417562 -0.0884952471 0.9938082695 0.0671845526 0.9881575704 0.0960799754 -0.1196379438
-314.7 23.1 2702.1 -0.1242661551 0.0319015868 -0.9917359352 -0.0638392940 0.9971552491 0.0400750786 0.9901931286 0.0682917014 -0.1218760759
-290.3 230.5 2571.3 -0.3680259883 0.3153019845 -0.8747236729 0.9215823412 0.2486071587 -0.2981283069 0.1234621182 -0.9158488512 -0.3820706308
-200.4 5.5 2541.2 -0.5826203227 0.3153019845 0.7490915656 -0.7110772133 0.2486071587 -0.6576957703 -0.3936023116 -0.9158488512 0.0793604702
-326.5 211.9 2860.0 -0.2651457191 0.7492222786 -0.6069297194 -0.8552174568 0.1079707667 0.5068978071 0.4453098178 0.6534587145 0.6121200323
-399.1 -22.4 2982.0 0.2656590641 0.7492222786 -0.6067051888 -0.9527683854 0.1079707667 -0.2838568687 -0.1471654773 0.6534587145 0.7425187230
-308.7 -170.9 2597.9 -0.3622835279 0.0374102816 -0.9313168526 -0.1654381752 0.9807475805 0.1037515551 0.9172681570 0.1916628480 -0.3491196036
-323.5 -560.5 2521.8 -0.3498887420 -0.1710281819 -0.9210467935 -0.2423714250 0.9662434459 -0.0873482525 0.9048944712 0.1926732510 -0.3795300424
-340.3 -181.9 2777.8 0.1222072765 0.1377416402 0.9829000831 0.1791889518 0.9709872007 -0.1583513469 -0.9761950374 0.1954765320 0.0939799175
-395.0 -567.5 2700.2 0.0946833715 0.1845170408 0.9782578945 0.0269374289 0.9818379283 -0.1877995133 -0.9951429367 0.0441332422 0.0879933164
-49.6 189.5 2643.1 0 0 0 0 0 0 0 0 0
-324.4 -290.3 2940.6 0 0 0 0 0 0 0 0 0
-267.5 -876.9 2458.7 0 0 0 0 0 0 0 0 0
-447.6 -847.0 2687.6 0 0 0 0 0 0 0 0 0
-299.0 419.0 2745.3 3 -0.1503877193 0.0553532243 -0.9870762825 -0.1085239127 0.9914732575 0.0721341446 0.9826526046 0.1179694682 -0.1430982500
-310.1 219.6 2721.6 -0.1503877193 0.0553532243 -0.9870762825 -0.1085239127 0.9914732575 0.0721341446 0.9826526046 0.1179694682 -0.1430982500
-318.7 21.9 2704.0 -0.1490079761 0.0438354276 -0.9878638983 -0.0808899403 0.9951283932 0.0563591048 0.9855219126 0.0883062109 -0.1447362304
-288.4 231.4 2577.9 -0.3868336082 0.2764745653 -0.8797281384 0.9054747224 0.2944821417 -0.3056071997 0.1745716035 -0.9147907495 -0.3642563224
-193.7 9.8 2535.2 -0.5533486009 0.2764745653 0.7857271433 -0.7294844985 0.2944821417 -0.6173593998 -0.4020667970 -0.9147907495 0.0387326516
-331.9 207.8 2865.4 -0.2876281440 0.7345316410 -0.6146001816 -0.8594942689 0.0851502642 0.5040029883 0.4225395024 0.6732107401 0.6068341136
-410.7 -27.7 2981.1 0.2565515935 0.7345316410 -0.6282074451 -0.9533054233 0.0851502642 -0.2897553444 -0.1593424231 0.6732107401 0.7220784426
-309.6 -169.3 2597.9 -0.3856651187 0.0361167230 -0.9219316840 -0.1564728916 0.9821985364 0.1039338708 0.9092736840 0.1843409836 -0.3731484115
-324.0 -559.5 2524.7 -0.3711565435 -0.1714635938 -0.9126023650 -0.2485596389 0.9652846456 -0.0802722499 0.8946848512 0.1970425397 -0.4008906484
-332.3 -180.9 2779.1 0.1500752419 0.1355914026 0.9793326259 0.2089123875 0.9638353586 -0.1654599905 -0.9663503766 0.2294261605 0.1163211018
-386.2 -563.6 2688.0 0.1027733684 0.2095250040 0.9723871946 -0.0266415253 0.9777927399 -0.2078739554 -0.9943479300 -0.0045419722 0.1060731187
-51.2 197.6 2638.7 0 0 0 0 0 0 0 0 0
-338.5 -295.7 2936.3 0 0 0 0 0 0 0 0 0
-267.0 -880.0 2459.2 0 0 0 0 0 0 0 0 0
-447.2 -848.4 2689.3 0 0 0 0 0 0 0 0 0
-299.8 417.6 2749.6 4 -0.1976815760 0.0548801832 -0.9787288308 -0.1302088946 0.9881142974 0.0817057639 0.9715799689 0.1435909271 -0.1881861091
-310.9 218.3 2720.6 -0.1976815760 0.0548801832 -0.9787288308 -0.1302088946 0.9881142974 0.0817057639 0.9715799689 0.1435909271 -0.1881861091
-319.8 21.2 2698.1 -0.1962601840 0.0455041453 -0.9794954658 -0.1021638289 0.9925369620 0.0665804371 0.9752150774 0.1131360978 -0.1901466101
-282.3 233.2 2578.4 -0.4108874202 0.2762795985 -0.8688158989 0.8877990246 0.3379706144 -0.3123919070 0.2073267400 -0.8996918797 -0.3841486275
-183.7 20.3 2528.7 -0.5184264779 0.2762795985 0.8092611432 -0.7358452678 0.3379706144 -0.5867773294 -0.4356210828 -0.8996918797 0.0280861128
-339.5 203.4 2862.8 -0.3122259974 0.7020272613 -0.6400567293 -0.8669530749 0.0649440661 0.4941402376 0.3884678185 0.7091826200 0.5883474946
-425.0 -34.0 2969.1 0.2584511638 0.7020272613 -0.6635968089 -0.9511730671 0.0649440661 -0.3017484248 -0.1687389463 0.7091826200 0.6845343113
-313.7 -168.4 2596.2 -0.4290495217 0.0218447894 -0.9030168056 -0.1596058309 0.9821442366 0.0995923281 0.8890683055 0.1868567765 -0.4179019630
-322.4 -558.7 2522.0 -0.4158257842 -0.1719622761 -0.8930385709 -0.2435063869 0.9671594501 -0.0728509501 0.8762382865 0.1871673018 -0.4440437257
-341.0 -183.2 2776.7 0.1902204901 0.1222602725 0.9740988612 0.1765720397 0.9717746377 -0.1564492732 -0.9657320976 0.2017584741 0.1632637084
-389.6 -569.0 2696.6 0.1557226628 0.2023566961 0.9668517113 -0.0031620052 0.9788892865 -0.2043668181 -0.9877957702 0.0287673548 0.1530750990
-49.7 210.6 2641.4 0 0 0 0 0 0 0 0 0
-352.3 -301.5 2921.7 0 0 0 0 0 0 0 0 0
-264.8 -882.4 2459.3 0 0 0 0 0 0 0 0 0
-447.5 -849.2 2688.4 0 0 0 0 0 0 0 0 0
-297.9 420.6 2750.7 5 -0.2669984698 0.0637106523 -0.9615886807 -0.1438171268 0.9840043783 0.1051286459 0.9529052377 0.1663621068 -0.2535649836
-310.7 222.8 2717.2 -0.2669984698 0.0637106523 -0.9615886807 -0.1438171268 0.9840043783 0.1051286459 0.9529052377 0.1663621068 -0.2535649836
-320.4 26.2 2690.4 -0.2654466033 0.0498211011 -0.9628374577 -0.1168393567 0.9896411896 0.0834197178 0.9570196867 0.1346407831 -0.2568758428
-272.1 239.7 2577.9 -0.4113127291 0.2744691074 -0.8691884279 0.8845766783 0.3502275944 -0.3080011010 0.2198770046 -0.8955486417 -0.3868420422
-171.9 24.2 2524.4 -0.4814476669 0.2744691074 0.8323910236 -0.7561283112 0.3502275944 -0.5528205633 -0.4432584941 -0.8955486417 0.0389175899
-349.4 205.8 2856.5 -0.3489890695 0.6513070464 -0.6737994552 -0.8697924614 0.0425006300 0.4915839434 0.3488090038 0.7576231360 0.5516697168
-444.9 -32.2 2952.0 0.2576538324 0.6513070464 -0.7137321830 -0.9514986873 0.0425006300 -0.3047029972 -0.1681211442 0.7576231360 0.6306682825
-310.7 -166.7 2586.4 -0.4918872118 0.0194633398 -0.8704413772 -0.1486579329 0.9831920862 0.1059912145 0.8578739762 0.1815337390 -0.4807262123
-318.4 -557.4 2514.2 -0.4813212156 -0.1561715156 -0.8625197411 -0.2240111232 0.9732401371 -0.0512116738 0.8474366665 0.1685647666 -0.5034253001
-346.6 -185.3 2764.9 0.2526535392 0.1253401339 0.9594039917 0.1354263872 0.9772318006 -0.1633329839 -0.9580323100 0.1711952686 0.2299267054
-396.4 -573.3 2696.9 0.2294757217 0.1824311763 0.9560647011 -0.0014439236 0.9823401570 -0.1870983243 -0.9733133316 0.0415540412 0.2256866246
-48.4 218.1 2638.0 0 0 0 0 0 0 0 0 0
-372.4 -299.8 2904.7 0 0 0 0 0 0 0 0 0
-266.5 -880.9 2458.2 0 0 0 0 0 0 0 0 0
-447.2 -846.9 2685.3 0 0 0 0 0 0 0 0 0
-296.9 423.4 2752.7 6 -0.2246441096 0.0524108000 -0.9730303884 -0.1734915823 0.9804472923 0.0928644091 0.9588720798 0.1896740347 -0.2111588866
-307.4 227.5 2714.8 -0.2246441096 0.0524108000 -0.9730303884 -0.1734915823 0.9804472923 0.0928644091 0.9588720798 0.1896740347 -0.2111588866
-315.3 31.7 2682.5 -0.2235291153 0.0401635319 -0.9738693833 -0.1498085260 0.9858630300 0.0750432312 0.9631158710 0.1626682878 -0.2143522501
-274.8 249.3 2574.6 -0.4412178099 0.2928709090 -0.8482649922 0.8754936457 0.3480588198 -0.3352102339 0.1970727891 -0.8905513287 -0.4099763632
-162.4 26.2 2524.4 -0.4589571953 0.2928709090 0.8387997150 -0.7659039497 0.3480588198 -0.5405979753 -0.4502770603 -0.8905513287 0.0645668730
-339.9 205.7 2855.1 -0.3216255009 0.6815336943 -0.6573194265 -0.8852072358 0.0299934614 0.4642290175 0.3361029923 0.7311717868 0.5936518908
-428.0 -36.7 2947.1 0.2643144727 0.6815336943 -0.6823852658 -0.9417978525 0.0299934614 -0.3348390460 -0.2077369988 0.7311717868 0.6497946978
-305.8 -159.7 2576.2 -0.4522435665 0.0323756263 -0.8913066387 -0.1317073554 0.9859604239 0.1026413143 0.8821161389 0.1638105214 -0.4416301548
-318.7 -551.5 2511.1 -0.4408502877 -0.1559137404 -0.8839355111 -0.2131326050 0.9748153687 -0.0656468049 0.8719091415 0.1594550610 -0.4629779160
-354.4 -181.0 2751.1 0.2042604834 0.0949214920 0.9743036032 0.1113086715 0.9865806103 -0.1194531843 -0.9725677371 0.1328480095 0.1909538507
-392.0 -572.4 2698.4 0.1842041016 0.1944668442 0.9634580612 0.0047537345 0.9800440669 -0.1987234652 -0.9828765392 0.0411857031 0.1796036959
-45.2 221.9 2639.4 0 0 0 0 0 0 0 0 0
-353.7 -301.3 2888.7 0 0 0 0 0 0 0 0 0
-266.2 -879.7 2457.4 0 0 0 0 0 0 0 0 0
-446.9 -849.0 2686.8 0 0 0 0 0 0 0 0 0
-297.1 423.4 2753.2 7 -0.1731477827 0.0421181619 -0.9839948416 -0.1748603284 0.9818983674 0.0727975667 0.9692490697 0.1846663952 -0.1626487225
-305.6 226.4 2716.2 -0.1731477827 0.0421181619 -0.9839948416 -0.1748603284 0.9818983674 0.0727975667 0.9692490697 0.1846663952 -0.1626487225
-312.3 30.4 2684.9 -0.1721619070 0.0338131748 -0.9844881892 -0.1492969543 0.9869699478 0.0600066483 0.9736891985 0.1573119462 -0.1648704261
-280.5 248.1 2574.4 -0.5229830146 0.2958437502 -0.7993530035 0.8264359832 0.4054718316 -0.3906355202 0.2085480541 -0.8649098873 -0.4565508068
-149.6 41.3 2522.2 -0.4023914039 0.2958437502 0.8663473129 -0.7682860494 0.4054718316 -0.4953071475 -0.4978129566 -0.8649098873 0.0641342476
-330.6 204.7 2858.0 -0.2908546627 0.7173840404 -0.6330589652 -0.8885305524 0.0428704433 0.4568102658 0.3548479080 0.6953576207 0.6249485612
-410.3 -38.6 2955.2 0.2673613429 0.7173840404 -0.6433335543 -0.9386215806 0.0428704433 -0.3422743082 -0.2179621309 0.6953576207 0.6848140359
-302.9 -150.4 2562.0 -0.4033680558 0.0427695550 -0.9140377045 -0.0898937657 0.9922228456 0.0860984176 0.9106115103 0.1168956459 -0.3963862956
-319.9 -544.2 2515.6 -0.3867485821 -0.1534706950 -0.9093251824 -0.2177941203 0.9733613729 -0.0716475025 0.8960977793 0.1703361124 -0.4098711610
-343.8 -177.7 2738.1 0.1508585513 0.1086901799 0.9825620055 0.0887596756 0.9884334803 -0.1229674667 -0.9845625758 0.1057625860 0.1394663453
-386.9 -570.1 2696.2 0.1345327199 0.2080065608 0.9688313603 0.0100240214 0.9773839712 -0.2112347335 -0.9908584356 0.0381295681 0.1294050515
-46.0 239.2 2650.4 0 0 0 0 0 0 0 0 0
-335.1 -302.5 2893.9 0 0 0 0 0 0 0 0 0
-267.0 -879.3 2457.0 0 0 0 0 0 0 0 0 0
-445.7 -846.3 2685.4 0 0 0 0 0 0 0 0 0
-295.7 424.7 2754.5 8 -0.1588238478 0.0425046869 -0.9863915443 -0.1805211157 0.9809806347 0.0713381320 0.9706632495 0.1893946975 -0.1481301337
-304.2 227.1 2716.4 -0.1588238478 0.0425046869 -0.9863915443 -0.1805211157 0.9809806347 0.0713381320 0.9706632495 0.1893946975 -0.1481301337
-310.9 31.2 2683.9 -0.1578743458 0.0333302952 -0.9868965149 -0.1558925360 0.9860555530 0.0582401045 0.9750760198 0.1630444229 -0.1504769325
-281.2 249.9 2574.1 -0.5686376691 0.2986955047 -0.7664412856 0.7948703766 0.4393575191 -0.4185045063 0.2117363214 -0.8471989036 -0.4872594476
-141.4 54.5 2522.1 -0.3653752804 0.2986955047 0.8816359043 -0.7674416304 0.4393575191 -0.4669028521 -0.5268151760 -0.8471989036 0.0687009841
-327.3 204.4 2858.6 -0.2835521102 0.7270697355 -0.6252741814 -0.8912854195 0.0407817066 0.4516051114 0.3538481295 0.6853513718 0.6364628673
-405.0 -39.8 2955.5 0.2670516670 0.7270697355 -0.6324974895 -0.9364230633 0.0407817066 -0.3484949768 -0.2275858223 0.6853513718 0.6917356253
-303.2 -152.1 2564.5 -0.3907399774 0.0210295971 -0.9202608466 -0.1164205372 0.9905818701 0.0720683634 0.9131092429 0.1352972537 -0.3846116364
-311.6 -545.3 2510.8 -0.3808819652 -0.1329063326 -0.9150217772 -0.1996805668 0.9780862927 -0.0589484684 0.9028048515 0.1602596492 -0.3990742564
-334.7 -179.3 2742.6 0.1389704943 0.1224808097 0.9826930761 0.1158161461 0.9835022688 -0.1389601529 -0.9835007787 0.1331230849 0.1224925444
-383.3 -569.8 2689.8 0.1130876839 0.2224803716 0.9683561921 -0.0011596739 0.9746371508 -0.2237880081 -0.9935843349 0.0241846889 0.1104774624
-46.6 253.6 2658.8 0 0 0 0 0 0 0 0 0
-329.9 -303.1 2891.5 0 0 0 0 0 0 0 0 0
-266.4 -877.5 2456.4 0 0 0 0 0 0 0 0 0
-445.9 -844.0 2683.0 0 0 0 0 0 0 0 0 0
-294.9 424.7 2754.6 9 -0.1615664363 0.0481711701 -0.9856854677 -0.1899896264 0.9786052108 0.0789668784 0.9684008360 0.2000284195 -0.1489577293
-304.5 228.1 2714.4 -0.1615664363 0.0481711701 -0.9856854677 -0.1899896264 0.9786052108 0.0789668784 0.9684008360 0.2000284195 -0.1489577293
-312.2 32.6 2679.9 -0.1604936570 0.0384301245 -0.9862884283 -0.1656778157 0.9840155244 0.0653014630 0.9730327129 0.1738865823 -0.1515612453
-281.1 252.3 2572.4 -0.6004200578 0.3190529943 -0.7332809567 0.7750412822 0.4580539465 -0.4353131652 0.1969942749 -0.8296937943 -0.5223039985
-134.0 62.4 2524.1 -0.3298263848 0.3190529943 0.8884929419 -0.7670575976 0.4580539465 -0.4492318332 -0.5503064990 -0.8296937943 0.0936537310
-328.0 203.9 2856.5 -0.2891944647 0.7260021567 -0.6239290237 -0.8933695555 0.0294556152 0.4483561218 0.3438857198 0.6870613098 0.6400698423
-407.2 -41.0 2950.7 0.2625380754 0.7260021567 -0.6356056929 -0.9352821112 0.0294556152 -0.3526751399 -0.2373207510 0.6870613098 0.6867500544
-303.0 -150.4 2562.2 -0.3932316601 0.0114983786 -0.9193675518 -0.1349846423 0.9883651137 0.0700969175 0.9094767570 0.1516648233 -0.3871043324
-307.6 -542.9 2502.0 -0.3885931373 -0.1203233674 -0.9135193825 -0.1757358611 0.9829159975 -0.0547093078 0.9044955969 0.1392784566 -0.4030995071
-331.9 -178.9 2740.8 0.1388105750 0.1276350021 0.9820595384 0.1059699282 0.9840517640 -0.1428723782 -0.9846329093 0.1239009723 0.1230713129
-382.6 -569.8 2691.6 0.1158429012 0.2295586169 0.9663763642 0.0060809916 0.9727444053 -0.2318002582 -0.9932489395 0.0327289402 0.1112895906
-48.0 262.4 2667.6 0 0 0 0 0 0 0 0 0
-333.4 -304.0 2884.0 0 0 0 0 0 0 0 0 0
-266.8 -876.6 2454.7 0 0 0 0 0 0 0 0 0
-447.3 -844.0 2682.3 0 0 0 0 0 0 0 0 0
-294.1 423.1 2744.7 0 -0.2313609421 0.0501581393 -0.9715741277 -0.1838015914 0.9784314632 0.0942808241 0.9553475976 0.2003897727 -0.2171516716
-304.1 228.1 2704.8 -0.2313609421 0.0501581393 -0.9715741277 -0.1838015914 0.9784314632 0.0942808241 0.9553475976 0.2003897727 -0.2171516716
-312.1 32.9 2668.9 -0.2305674702 0.0402579978 -0.9722231627 -0.1665906608 0.9827589393 0.0802020580 0.9586898088 0.1804552972 -0.2198856473
-270.5 252.4 2565.1 -0.6215311885 0.3799799979 -0.6850650907 0.7649176717 0.4831441939 -0.4259960651 0.1691152453 -0.7887882590 -0.5909426212
-124.8 73.0 2525.5 -0.2765683532 0.3799799979 0.8826806545 -0.7543978691 0.4831441939 -0.4443596900 -0.5953098536 -0.7887882590 0.1530337185
-337.7 203.9 2844.4 -0.3247691989 0.6765034795 -0.6609599590 -0.8906865120 0.0162949823 0.4543258250 0.3181233406 0.7362591624 0.5972604156
-426.7 -40.1 2931.5 0.2646372318 0.6765034795 -0.6872482896 -0.9383545518 0.0162949823 -0.3452899754 -0.2223911583 0.7362591624 0.6391123533
-305.1 -147.7 2556.1 -0.4576388001 0.0104477918 -0.8890768290 -0.1180475056 0.9903650284 0.0724012181 0.8812670112 0.1380869001 -0.4519961178
-309.2 -541.2 2501.3 -0.4503395557 -0.1260683537 -0.8839123845 -0.1828535795 0.9820208549 -0.0469000712 0.8739329576 0.1405055821 -0.4652948678
-334.5 -178.1 2734.5 0.2090262920 0.1052396372 0.9722307324 0.1083191261 0.9855830669 -0.1299732029 -0.9718924761 0.1324789971 0.1946133077
-376.3 -569.6 2681.9 0.1730207205 0.2461022437 0.9536758065 -0.0422041528 0.9692423940 -0.2424624115 -0.9840135574 0.0017019424 0.1780855507
-52.1 271.4 2682.0 0 0 0 0 0 0 0 0 0
-352.2 -303.9 2869.0 0 0 0 0 0 0 0 0 0
-266.2 -876.8 2453.3 0 0 0 0 0 0 0 0 0
-445.7 -843.0 2681.4 0 0 0 0 0 0 0 0 0
-295.0 425.7 2749.7 1 -0.2733089626 0.0447941944 -0.9608827829 -0.2020543814 0.9739562273 0.1028750464 0.9404659867 0.2222672403 -0.2571401000
-303.9 231.4 2705.4 -0.2733089626 0.0447941944 -0.9608827829 -0.2020543814 0.9739562273 0.1028750464 0.9404659867 0.2222672403 -0.2571401000
-311.1 36.8 2665.8 -0.2724717259 0.0367369987 -0.9614621997 -0.1819971502 0.9792635441 0.0889939070 0.9447942376 0.1992316991 -0.2601355910
-264.2 257.9 2567.7 -0.6355026364 0.4311545491 -0.6405014992 0.7560482621 0.5157671571 -0.4029581547 0.1566123962 -0.7403309941 -0.6537449956
-113.6 78.7 2530.6 -0.2158223838 0.4311545491 0.8760858774 -0.7377419472 0.5157671571 -0.4355698228 -0.6396542192 -0.7403309941 0.2067666948
-343.6 204.8 2843.1 -0.3420457542 0.6440402865 -0.6842637062 -0.8943178058 0.0004098172 0.4474321008 0.2884446979 0.7649914622 0.5758365393
-437.3 -40.1 2922.1 0.2702861130 0.6440402865 -0.7156518102 -0.9356246591 0.0004098172 -0.3529962599 -0.2270505130 0.7649914622 0.6026907563
-298.9 -147.2 2545.4 -0.4954508841 0.0118917339 -0.8685545325 -0.1000934765 0.9924640656 0.0706847012 0.8628497720 0.1219574437 -0.4905269146
-303.6 -541.5 2496.9 -0.4895612597 -0.1074305326 -0.8653256297 -0.1637687683 0.9860495925 -0.0297656674 0.8564517498 0.1271411926 -0.5003254414
-341.1 -177.6 2720.7 0.2470308840 0.1021512002 0.9636082649 0.0835362896 0.9884808660 -0.1262033135 -0.9654001594 0.1116723791 0.2356519699
-381.7 -570.3 2676.3 0.2155383080 0.2242587209 0.9503953457 -0.0648627356 0.9744101763 -0.2152152658 -0.9743387699 -0.0152581055 0.2245687693
-55.9 275.8 2701.5 0 0 0 0 0 0 0 0 0
-361.3 -303.2 2858.2 0 0 0 0 0 0 0 0 0
-267.4 -874.0 2454.0 0 0 0 0 0 0 0 0 0
-444.5 -843.4 2680.6 0 0 0 0 0 0 0 0 0
-294.8 423.7 2751.7 2 -0.2557047904 0.0275173374 -0.9663631916 -0.2266932130 0.9700182676 0.0876056328 0.9398006201 0.2414691597 -0.2418003231
-300.3 230.4 2703.6 -0.2557047904 0.0275173374 -0.9663631916 -0.2266932130 0.9700182676 0.0876056328 0.9398006201 0.2414691597 -0.2418003231
-303.6 36.6 2660.0 -0.2552811503 0.0165633783 -0.9667249918 -0.2079955935 0.9755027890 0.0716387555 0.9442294836 0.2193625569 -0.2455823570
-263.1 260.7 2565.9 -0.6694102287 0.4279661775 -0.6072354317 0.7317541838 0.5208676457 -0.4395824373 0.1281628758 -0.7386080623 -0.6618401408
-105.1 88.0 2535.7 -0.1709459871 0.4279661775 0.8874809742 -0.7558280826 0.5208676457 -0.3967628777 -0.6320611835 -0.7386080623 0.2344286293
-337.5 200.0 2841.3 -0.3175855875 0.6542413831 -0.6863728166 -0.9077234268 -0.0004574756 0.4195687473 0.2741852403 0.7562856674 0.5940154791
-424.5 -48.6 2916.4 0.2888892293 0.6542413831 -0.6989358068 -0.9240175486 -0.0004574756 -0.3823498487 -0.2504688203 0.7562856674 0.6043983102
-293.3 -141.1 2539.8 -0.4808768332 0.0245350208 -0.8764448166 -0.0859933794 0.9934692979 0.0749927536 0.8725609779 0.1114307269 -0.4756264985
-303.1 -535.8 2495.5 -0.4738831818 -0.1098862141 -0.8737046123 -0.1615848690 0.9861875772 -0.0363922343 0.8656356335 0.1239317805 -0.4850936532
-343.2 -174.4 2712.7 0.2287996560 0.0841340944 0.9698309898 0.0725079551 0.9920179844 -0.1031647027 -0.9707694650 0.0939245149 0.2208729684
-376.6 -568.4 2675.4 0.1984217614 0.2330723852 0.9520010948 -0.0628128722 0.9723411798 -0.2249602973 -0.9781019092 -0.0151609015 0.2075735927
-58.5 294.2 2708.1 0 0 0 0 0 0 0 0 0
-343.3 -308.4 2846.0 0 0 0 0 0 0 0 0 0
-265.4 -874.2 2453.0 0 0 0 0 0 0 0 0 0
-443.2 -846.3 2679.7 0 0 0 0 0 0 0 0 0
-292.1 422.9 2755.3 3 -0.3531794250 0.0211472679 -0.9353165627 -0.2364180833 0.9652791619 0.1110971645 0.9051910043 0.2603629827 -0.3359171450
-296.3 231.7 2703.7 -0.3531794250 0.0211472679 -0.9353165627 -0.2364180833 0.9652791619 0.1110971645 0.9051910043 0.2603629827 -0.3359171450
-298.6 38.8 2656.2 -0.3528898358 0.0123507818 -0.9355833530 -0.2196803093 0.9708688855 0.0956771374 0.9095104933 0.2392927259 -0.3398965597
-245.1 263.5 2571.6 -0.6358810067 0.4300997555 -0.6408350468 0.7566108704 0.5112462640 -0.4076361954 0.1523003131 -0.7440708280 -0.6505099535
-99.6 90.4 2536.8 -0.1434691846 0.4300997555 0.8913084865 -0.7750167847 0.5112462640 -0.3714515567 -0.6154393554 -0.7440708280 0.2599864304
-347.5 199.8 2835.7 -0.3585602939 0.5745747089 -0.7357298732 -0.9068402052 -0.0273582842 0.4205857813 0.2215296477 0.8179947734 0.5308570266
-445.6 -48.2 2896.3 0.2950909436 0.5745747089 -0.7634037137 -0.9252948165 -0.0273582842 -0.3782605231 -0.2382243425 0.8179947734 0.5235778093
-283.5 -138.1 2530.0 -0.5656801462 0.0466912538 -0.8233018517 -0.0371667445 0.9959375262 0.0820185989 0.8237867355 0.0769957379 -0.5616467595
-302.0 -533.5 2499.4 -0.5561526418 -0.1081955284 -0.8240072727 -0.1721019894 0.9849910140 -0.0131754242 0.8130652905 0.1344857514 -0.5664260387
-330.2 -176.2 2702.9 0.3225951493 0.0927803963 0.9419788718 0.0411007069 0.9928726554 -0.1118687615 -0.9456442595 0.0748043209 0.3164825439
-367.1 -570.6 2673.1 0.2885052860 0.2688711584 0.9189521074 -0.0916018337 0.9631112814 -0.2530330420 -0.9530864358 -0.0111763226 0.3024918139
-60.0 304.6 2706.9 0 0 0 0 0 0 0 0 0
-362.6 -308.4 2829.3 0 0 0 0 0 0 0 0 0
-264.7 -872.9 2453.0 0 0 0 0 0 0 0 0 0
-444.0 -846.3 2676.3 0 0 0 0 0 0 0 0 0
-289.7 422.3 2755.0 4 -0.4190257788 0.0270817839 -0.9075703621 -0.2164103240 0.9677698612 0.1287948936 0.8818072081 0.2503759861 -0.3996597230
-295.1 230.1 2705.3 -0.4190257788 0.0270817839 -0.9075703621 -0.2164103240 0.9677698612 0.1287948936 0.8818072081 0.2503759861 -0.3996597230
-298.5 36.5 2661.2 -0.4185348153 0.0169871021 -0.9080418944 -0.1947677583 0.9748842716 0.1080099419 0.8870705366 0.2220631987 -0.4047144651
-234.3 258.4 2576.5 -0.6293447018 0.4128404558 -0.6583980322 0.7582789063 0.5116809607 -0.4039748311 0.1701125801 -0.7534887791 -0.6350719333
-95.0 90.6 2538.8 -0.1243093088 0.4128404558 0.9022803903 -0.7878834009 0.5116809607 -0.3426693678 -0.6031475067 -0.7534887791 0.2616634667
-355.9 201.9 2834.1 -0.3932205737 0.5167319775 -0.7605035901 -0.8945705891 -0.0239225198 0.4462859333 0.2124170363 0.8558129668 0.4716600478
-463.5 -43.0 2892.3 0.2898015976 0.5167319775 -0.8056073189 -0.9357134104 -0.0239225198 -0.3519490957 -0.2011355013 0.8558129668 0.4765802324
-268.6 -134.0 2525.8 -0.6206381321 0.0818033889 -0.7798182368 -0.0043708109 0.9941665530 0.1077672765 0.7840849161 0.0702929199 -0.6166601181
-301.1 -528.7 2497.9 -0.6121382117 -0.1024373174 -0.7840876579 -0.1632362455 0.9865859151 -0.0014540213 0.7737187743 0.1271014512 -0.6206484437
-333.0 -174.0 2691.6 0.3874734342 0.0629224852 0.9197310209 0.0225428995 0.9967229366 -0.0776869133 -0.9216052294 0.0508350171 0.3847851753
-357.9 -569.8 2671.4 0.3485626280 0.2966040373 0.8891175985 -0.1155159324 0.9549714923 -0.2732865214 -0.9301398396 -0.0074497876 0.3671298623
-60.6 309.0 2706.1 0 0 0 0 0 0 0 0 0
-382.1 -305.9 2835.7 0 0 0 0 0 0 0 0 0
-265.4 -873.0 2453.5 0 0 0 0 0 0 0 0 0
-441.1 -837.5 2673.5 0 0 0 0 0 0 0 0 0
-289.4 420.6 2753.9 5 -0.4358617961 0.0267121457 -0.8996171355 -0.2177713066 0.9667275548 0.1342143863 0.8732697964 0.2544097304 -0.4155424535
-294.7 229.0 2703.5 -0.4358617961 0.0267121457 -0.8996171355 -0.2177713066 0.9667275548 0.1342143863 0.8732697964 0.2544097304 -0.4155424535
-298.2 35.5 2658.5 -0.4353657663 0.0176430754 -0.9000807405 -0.1960690767 0.9739492536 0.1139289141 0.8786430359 0.2260787487 -0.4205648899
-231.3 257.6 2575.5 -0.6536260247 0.4137113392 -0.6337317824 0.7374469042 0.5363962054 -0.4104280472 0.1701325774 -0.7356100082 -0.6556926370
-85.8 93.4 2537.6 -0.0853834525 0.4137113392 0.9063953757 -0.7815784812 0.5363962054 -0.3184559941 -0.6179358959 -0.7356100082 0.2775485218
-358.2 200.5 2831.4 -0.4018121660 0.5012237430 -0.7663691640 -0.8929837942 -0.0291303154 0.4491451085 0.2027976215 0.8648272157 0.4592896402
-468.2 -44.2 2887.0 0.2896451354 0.5012237430 -0.8154020309 -0.9361330867 -0.0291303154 -0.3504372239 -0.1994003803 0.8648272157 0.4607746899
-263.7 -139.4 2536.2 -0.6364695430 0.0907232389 -0.7659476995 -0.0245917421 0.9901664853 0.1377156824 0.7709097266 0.1064878255 -0.6279797554
-299.7 -532.4 2493.9 -0.6291719675 -0.0970660895 -0.7711814642 -0.1556188762 0.9878136516 0.0026295022 0.7615283132 0.1216647923 -0.6366099715
-340.1 -174.9 2697.9 0.4056355655 0.0342669711 0.9133923650 0.0542443953 0.9966332316 -0.0614796691 -0.9124239087 0.0744847581 0.4024110734
-353.7 -570.5 2668.3 0.3514675498 0.3106438816 0.8831596375 -0.1350361854 0.9503017068 -0.2805207074 -0.9264101386 -0.0206645764 0.3759483695
-61.8 313.3 2711.5 0 0 0 0 0 0 0 0 0
-386.8 -307.3 2830.9 0 0 0 0 0 0 0 0 0
-266.1 -874.5 2451.8 0 0 0 0 0 0 0 0 0
-441.1 -837.9 2674.2 0 0 0 0 0 0 0 0 0
-288.5 417.1 2754.3 6 -0.4451888204 0.0267508905 -0.8950370550 -0.2258615941 0.9638790488 0.1411513388 0.8664833903 0.2649934888 -0.4230661690
-293.8 224.6 2701.4 -0.4451888204 0.0267508905 -0.8950370550 -0.2258615941 0.9638790488 0.1411513388 0.8664833903 0.2649934888 -0.4230661690
-296.3 31.3 2655.5 -0.4446968734 0.0124254292 -0.8955949545 -0.2015406042 0.9728736877 0.1135701463 0.8727118969 0.2310030311 -0.4301296473
-228.9 254.0 2574.1 -0.6491360068 0.4259602427 -0.6302224398 0.7361124754 0.5605950952 -0.3793040216 0.1917311698 -0.7101345062 -0.6774570942
-84.7 90.4 2531.5 -0.1222161949 0.4259602427 0.8964491487 -0.7420554161 0.5605950952 -0.3675416410 -0.6591030955 -0.7101345062 0.2475723177
-358.7 195.2 2828.7 -0.4019177258 0.4916010797 -0.7725221515 -0.8947951198 -0.0317168608 0.4453490078 0.1944320798 0.8702427149 0.4526298046
-468.8 -50.1 2882.0 0.2948345840 0.4916010797 -0.8193905950 -0.9342544079 -0.0317168608 -0.3551939130 -0.2006022185 0.8702427149 0.4499292672
-261.9 -140.1 2533.3 -0.6438907981 0.0918650553 -0.7595824599 -0.0172991715 0.9907640815 0.1344888657 0.7649218440 0.0997362807 -0.6363546848
-298.4 -533.6 2493.7 -0.6370036602 -0.0942789689 -0.7650737166 -0.1509565562 0.9885328412 0.0038715629 0.7559354901 0.1179590970 -0.6439310908
-341.6 -175.9 2693.9 0.4157628119 0.0279487949 0.9090435505 0.0606485456 0.9964507818 -0.0583745502 -0.9074486494 0.0794021338 0.4125921130
-352.7 -571.7 2662.4 0.3545685410 0.3176508844 0.8794197440 -0.1515309215 0.9476137161 -0.2811879516 -0.9226697683 -0.0335588865 0.3841279447
-50.1 300.4 2718.0 0 0 0 0 0 0 0 0 0
-385.9 -312.8 2825.6 0 0 0 0 0 0 0 0 0
-265.8 -875.9 2452.8 0 0 0 0 0 0 0 0 0
-440.8 -834.5 2671.7 0 0 0 0 0 0 0 0 0
-289.3 413.5 2754.0 7 -0.5004053712 0.0100909602 -0.8657324314 -0.2356237471 0.9606026411 0.1473905593 0.8331121802 0.2777421474 -0.4783130288
-291.3 220.6 2698.3 -0.5004053712 0.0100909602 -0.8657324314 -0.2356237471 0.9606026411 0.1473905593 0.8331121802 0.2777421474 -0.4783130288
-291.9 27.7 2650.3 -0.5002160668 0.0029667227 -0.8658955693 -0.2076285928 0.9704097509 0.1232690066 0.8406392336 0.2414458096 -0.4847985506
-218.5 250.8 2575.8 -0.6561467052 0.4256606996 -0.6231247783 0.7275684476 0.5759934783 -0.3726602793 0.2002889514 -0.6978857517 -0.6876335144
