-242.1 427.2 2818.4 9 0.0072295759 0.0192614552 -0.9997883439 -0.2250955105 0.9741859436 0.0171405207 0.9743098617 0.2249239534 0.0113786180
-246.0 229.2 2772.6 0.0072295759 0.0192614552 -0.9997883439 -0.2250955105 0.9741859436 0.0171405207 0.9743098617 0.2249239534 0.0113786180
-254.8 34.0 2736.7 0.0086461669 0.0441522487 -0.9989873767 -0.1813848764 0.9825211167 0.0418546163 0.9833741784 0.1808393300 0.0165035911
-247.2 255.6 2629.1 -0.6013462543 0.0003476874 -0.7989884615 0.6045739055 0.6539902091 -0.4547385573 0.5223725438 -0.7565029263 -0.3934847713
-107.0 114.7 2507.3 -0.2363375872 0.0003476874 0.9716709256 -0.7350182533 0.6539902091 -0.1790110469 -0.6355255246 -0.7565029263 -0.1543069184
-244.7 202.7 2916.2 -0.2066243142 0.8299028873 -0.5182350874 -0.9044911861 0.0399579182 0.4246163070 0.3730978966 0.5564751625 0.7423835993
-301.4 -45.2 3018.5 0.2409101576 0.8299028873 -0.5032131672 -0.9253144264 0.0399579182 -0.3770895898 -0.2928403914 0.5564751625 0.7775473595
-267.6 -145.9 2615.9 -0.2945797145 0.0830154270 -0.9520143270 -0.0815494433 0.9904019237 0.1115964800 0.9521409869 0.1105102971 -0.2849824429
-300.5 -539.3 2572.0 -0.2724364102 -0.1531592757 -0.9499055743 -0.2498579174 0.9646429420 -0.0838752985 0.9291659594 0.2144907415 -0.3010719121
-262.7 -177.8 2790.9 -0.0590254925 0.1271228194 0.9901291728 0.1711640358 0.9784584641 -0.1154206470 -0.9834728837 0.1626617461 -0.0795128495
-310.8 -548.0 2729.3 -0.0590254925 0.1271228194 0.9901291728 0.1711640358 0.9784584641 -0.1154206470 -0.9834728837 0.1626617461 -0.0795128495
-37.8 330.2 2693.6 0 0 0 0 0 0 0 0 0
-233.6 -305.5 2936.1 0 0 0 0 0 0 0 0 0
-246.2 -881.6 2495.9 0 0 0 0 0 0 0 0 0
-357.0 -903.9 2670.2 0 0 0 0 0 0 0 0 0
-239.8 428.0 2819.1 0 0.0528550521 0.0403209031 -0.9977878332 -0.2052789330 0.9782838225 0.0286586545 0.9772752523 0.2033100724 0.0599842742
-248.0 229.8 2777.9 0.0528550521 0.0403209031 -0.9977878332 -0.2052789330 0.9782838225 0.0286586545 0.9772752523 0.2033100724 0.0599842742
-257.4 34.0 2745.6 0.0546618104 0.0475772060 -0.9973707795 -0.1649114490 0.9855769873 0.0379764885 0.9847925305 0.1624020040 0.0617194474
-255.9 253.9 2634.2 -0.5797008276 -0.0375871994 -0.8139619827 0.6107054353 0.6412703395 -0.4645548761 0.5394309759 -0.7663938999 -0.3487902582
-120.8 111.5 2508.4 -0.2616424561 -0.0375871994 0.9644327164 -0.7464964986 0.6412703395 -0.1775257140 -0.6117894053 -0.7663938999 -0.1958422512
-240.1 205.8 2921.5 -0.1844500303 0.8543460369 -0.4858714342 -0.8991788626 0.0529004373 0.4343717992 0.3968066573 0.5170052648 0.7584524155
-290.6 -40.6 3030.3 0.2318753153 0.8543460369 -0.4651093483 -0.9291012883 0.0529004373 -0.3660222590 -0.2881051898 0.5170052648 0.8060402870
-264.3 -144.6 2610.6 -0.2501537204 0.0883765817 -0.9641642570 -0.0667410269 0.9918826222 0.1082333326 0.9659031034 0.0914242789 -0.2422247827
-299.4 -538.6 2574.3 -0.2269780040 -0.1477276385 -0.9626305103 -0.2472288311 0.9647902250 -0.0897651464 0.9419972897 0.2176153064 -0.2555086911
-261.7 -176.9 2803.6 -0.1049571857 0.1292265356 0.9860448837 0.1543642282 0.9816207290 -0.1122158021 -0.9824233651 0.1404321939 -0.1229761094
-310.6 -548.2 2750.4 -0.1049571857 0.1292265356 0.9860448837 0.1543642282 0.9816207290 -0.1122158021 -0.9824233651 0.1404321939 -0.1229761094
-44.1 330.4 2687.8 0 0 0 0 0 0 0 0 0
-225.4 -301.9 2949.3 0 0 0 0 0 0 0 0 0
-246.8 -881.9 2496.8 0 0 0 0 0 0 0 0 0
-357.6 -905.2 2699.4 0 0 0 0 0 0 0 0 0
-240.3 427.2 2820.9 1 0.0951454565 0.0301205050 -0.9950075746 -0.1966847330 0.9804065228 0.0108709531 0.9758393764 0.1946684718 0.0992054716
-246.4 228.5 2781.5 0.0951454565 0.0301205050 -0.9950075746 -0.1966847330 0.9804065228 0.0108709531 0.9758393764 0.1946684718 0.0992054716
-253.5 32.4 2750.3 0.0963812023 0.0358429551 -0.9946989417 -0.1598288715 0.9869405627 0.0200767964 0.9824283123 0.1570465863 0.1008512601
-260.4 251.8 2638.1 -0.5691334009 -0.0794680789 -0.8183959723 0.6022748351 0.6373157501 -0.4807220399 0.5597786903 -0.7664942741 -0.3148560822
-127.7 111.4 2507.6 -0.2717727721 -0.0794680789 0.9590747356 -0.7536489964 0.6373157501 -0.1607539058 -0.5984586477 -0.7664942741 -0.2330961078
-232.3 205.2 2924.8 -0.1522760838 0.8729977608 -0.4633431435 -0.9008021951 0.0703007951 0.4285011292 0.4066539407 0.4826309681 0.7756931782
-274.1 -41.6 3036.2 0.2371461987 0.8729977608 -0.4261883795 -0.9258900285 0.0703007951 -0.3711946607 -0.2940907478 0.4826309681 0.8249714971
-271.8 -146.7 2623.2 -0.2143184394 0.0633886680 -0.9747048020 -0.1197558790 0.9886582494 0.0906280801 0.9693947434 0.1361498982 -0.2042965144
-296.9 -539.0 2569.2 -0.1995921582 -0.1411810070 -0.9696550369 -0.2310992181 0.9684333801 -0.0934340656 0.9522374272 0.2054378092 -0.2259185314
-251.7 -178.3 2809.0 -0.1463119239 0.1167248264 0.9823279381 0.1486358941 0.9843351245 -0.0948248953 -0.9780082703 0.1321351677 -0.1613694727
-295.8 -550.6 2759.0 -0.1463119239 0.1167248264 0.9823279381 0.1486358941 0.9843351245 -0.0948248953 -0.9780082703 0.1321351677 -0.1613694727
-48.0 332.3 2683.1 0 0 0 0 0 0 0 0 0
-207.4 -302.0 2953.5 0 0 0 0 0 0 0 0 0
-247.0 -881.7 2496.5 0 0 0 0 0 0 0 0 0
-338.3 -908.7 2710.9 0 0 0 0 0 0 0 0 0
-236.4 429.5 2830.3 2 0.1062017903 0.0505686253 -0.9930579066 -0.2188312560 0.9754090905 0.0262671765 0.9699659944 0.2145224810 0.1146561876
-246.6 232.0 2786.9 0.1062017903 0.0505686253 -0.9930579066 -0.2188312560 0.9754090905 0.0262671765 0.9699659944 0.2145224810 0.1146561876
-255.7 36.8 2751.2 0.1079345718 0.0454539396 -0.9931183457 -0.1834960431 0.9827015996 0.0250343718 0.9770769477 0.1795312017 0.1144080982
-262.4 258.8 2644.3 -0.5571607947 -0.0845494717 -0.8260891438 0.5931762457 0.6556579471 -0.4671772718 0.5811315179 -0.7503092885 -0.3151541352
-132.5 120.5 2508.8 -0.2853141129 -0.0845494717 0.9546974301 -0.7374063730 0.6556579471 -0.1623099595 -0.6122317314 -0.7503092885 -0.2494157851
-230.9 205.2 2929.5 -0.1542333961 0.8796375394 -0.4499443173 -0.9087372422 0.0524598844 0.4140586257 0.3878255188 0.4727428257 0.7912683487
-273.2 -43.8 3035.8 0.2261657864 0.8796375394 -0.4184338152 -0.9204834104 0.0524598844 -0.3872444630 -0.3186837435 0.4727428257 0.8215563893
-269.3 -149.1 2629.1 -0.2015006095 0.0675952360 -0.9771531820 -0.1255042553 0.9876108766 0.0941991210 0.9714145064 0.1416180730 -0.1905207038
-296.2 -541.3 2572.8 -0.1874731183 -0.1363400817 -0.9727616310 -0.2348341644 0.9678236246 -0.0903901383 0.9537854791 0.2114919573 -0.2134582102
-254.8 -175.2 2805.1 -0.1579046994 0.1263642460 0.9793356061 0.1724401861 0.9800671339 -0.0986549780 -0.9722810984 0.1532987356 -0.1765474826
-302.6 -545.9 2747.1 -0.1579046994 0.1263642460 0.9793356061 0.1724401861 0.9800671339 -0.0986549780 -0.9722810984 0.1532987356 -0.1765474826
-48.8 336.7 2688.3 0 0 0 0 0 0 0 0 0
-209.6 -302.6 2946.2 0 0 0 0 0 0 0 0 0
-248.2 -881.6 2498.4 0 0 0 0 0 0 0 0 0
-348.5 -902.3 2691.3 0 0 0 0 0 0 0 0 0
-236.7 429.9 2836.1 3 0.1235314161 0.0506184511 -0.9910488129 -0.2256744802 0.9739629030 0.0216160975 0.9663389921 0.2209841460 0.1317383051
-247.0 232.3 2791.2 0.1235314161 0.0506184511 -0.9910488129 -0.2256744802 0.9739629030 0.0216160975 0.9663389921 0.2209841460 0.1317383051
-256.2 37.5 2753.7 0.1251372397 0.0463992916 -0.9910538793 -0.1933179051 0.9809002876 0.0215142760 0.9731232524 0.1888962239 0.1317169666
-265.3 260.5 2649.2 -0.5483638644 -0.0988794193 -0.8303733468 0.5858325958 0.6631675363 -0.4658423066 0.5967388749 -0.7419108748 -0.3057303131
-137.4 124.0 2510.1 -0.2942057252 -0.0988794193 0.9506133795 -0.7317166328 0.6631675363 -0.1574789435 -0.6148445010 -0.7419108748 -0.2674593925
-228.7 204.1 2933.2 -0.1456094980 0.8875539899 -0.4370878041 -0.9130078554 0.0496194549 0.4049130380 0.3810702562 0.4580237865 0.8031187057
-268.6 -46.2 3037.7 0.2225943804 0.8875539899 -0.4033603966 -0.9166249633 0.0496194549 -0.3966567516 -0.3320397437 0.4580237865 0.8245992064
-274.6 -141.6 2626.0 -0.1845974922 0.0536663719 -0.9813479185 -0.1379879266 0.9872023463 0.0799428970 0.9730792046 0.1501714140 -0.1748297662
-295.9 -533.8 2566.4 -0.1755775809 -0.1306242198 -0.9757611752 -0.2092131972 0.9734689593 -0.0926717371 0.9619783759 0.1878710240 -0.1982476413
-254.0 -175.1 2805.3 -0.1749950349 0.1269584596 0.9763494730 0.1820816547 0.9787191749 -0.0946313813 -0.9675861597 0.1612153053 -0.1943877935
-302.0 -545.4 2744.3 -0.1749950349 0.1269584596 0.9763494730 0.1820816547 0.9787191749 -0.0946313813 -0.9675861597 0.1612153053 -0.1943877935
-51.2 338.5 2690.3 0 0 0 0 0 0 0 0 0
-206.1 -303.9 2944.3 0 0 0 0 0 0 0 0 0
-249.0 -883.2 2498.9 0 0 0 0 0 0 0 0 0
-348.2 -901.4 2685.7 0 0 0 0 0 0 0 0 0
-235.3 431.1 2837.9 4 0.1224742979 0.0583627932 -0.9907541871 -0.2253469825 0.9738315940 0.0295091514 0.9665499330 0.2196493447 0.1324212253
-247.2 233.2 2793.3 0.1224742979 0.0583627932 -0.9907541871 -0.2253469825 0.9738315940 0.0295091514 0.9665499330 0.2196493447 0.1324212253
-256.8 38.3 2755.8 0.1242477670 0.0484246649 -0.9910688996 -0.1928833127 0.9809342623 0.0237481892 0.9733234644 0.1882099956 0.1312192082
-265.4 261.3 2651.2 -0.5473875403 -0.0970880613 -0.8312284946 0.5874462128 0.6628423333 -0.4642704129 0.5960485339 -0.7424378395 -0.3057976067
-137.7 124.4 2512.2 -0.2954860926 -0.0970880613 0.9504008889 -0.7315247655 0.6628423333 -0.1597234607 -0.6144586802 -0.7424378395 -0.2668830156
-229.1 205.1 2935.4 -0.1477317512 0.8874493837 -0.4365877807 -0.9123723507 0.0481121913 0.4065242112 0.3817748725 0.4583871365 0.8025766015
-269.6 -45.1 3040.0 0.2208456099 0.8874493837 -0.4045500755 -0.9173222780 0.0481121913 -0.3952278495 -0.3312809467 0.4583871365 0.8247025013
-276.9 -139.7 2626.9 -0.1849660128 0.0455325879 -0.9816895127 -0.1290632635 0.9891487360 0.0701961368 0.9742331505 0.1396839619 -0.1770823151
-295.0 -532.7 2571.5 -0.1726799160 -0.1298585832 -0.9763802290 -0.2286222875 0.9694834948 -0.0885078087 0.9580780268 0.2079387605 -0.1970988959
-255.1 -174.3 2807.7 -0.1741343439 0.1289727688 0.9762393236 0.1817438006 0.9785637259 -0.0968617424 -0.9678049684 0.1605584919 -0.1938415468
-303.9 -544.5 2746.9 -0.1741343439 0.1289727688 0.9762393236 0.1817438006 0.9785637259 -0.0968617424 -0.9678049684 0.1605584919 -0.1938415468
-51.1 338.9 2692.4 0 0 0 0 0 0 0 0 0
-207.5 -303.1 2946.9 0 0 0 0 0 0 0 0 0
-248.4 -880.8 2496.8 0 0 0 0 0 0 0 0 0
-350.8 -900.5 2688.5 0 0 0 0 0 0 0 0 0
-234.4 430.1 2839.3 5 0.1153323352 0.0677430928 -0.9910143018 -0.2254749835 0.9734150767 0.0402997136 0.9673982859 0.2188010663 0.1275406033
-248.2 232.7 2795.0 0.1153323352 0.0677430928 -0.9910143018 -0.2254749835 0.9734150767 0.0402997136 0.9673982859 0.2188010663 0.1275406033
-258.0 37.9 2757.3 0.1172261238 0.0496385805 -0.9918639064 -0.1939486563 0.9806629419 0.0261556730 0.9739825130 0.1893045455 0.1245866492
-265.3 261.0 2652.8 -0.5498890281 -0.0904291645 -0.8303280473 0.5883696675 0.6636590362 -0.4619284272 0.5928264856 -0.7425491810 -0.3117330074
-137.1 123.8 2514.6 -0.2932033837 -0.0904291645 0.9517638087 -0.7302997708 0.6636590362 -0.1619227827 -0.6170040965 -0.7425491810 -0.2606274784
-231.0 204.4 2937.2 -0.1525751799 0.8844782710 -0.4409297109 -0.9122738838 0.0455475524 0.4070402980 0.3801015615 0.4643529058 0.7999370098
-272.9 -45.7 3041.4 0.2207780331 0.8844782710 -0.4110416770 -0.9176126122 0.0455475524 -0.3948575258 -0.3305209577 0.4643529058 0.8216643333
-277.9 -138.9 2629.2 -0.1918555796 0.0405776538 -0.9805839658 -0.1300458908 0.9892833233 0.0663817003 0.9727689624 0.1402566135 -0.1845225692
-294.0 -532.0 2573.5 -0.1797793508 -0.1272328049 -0.9754440784 -0.2304618359 0.9694510698 -0.0839758068 0.9563298225 0.2097055167 -0.2036096007
-257.1 -174.8 2809.0 -0.1671772003 0.1303482652 0.9772722721 0.1829265803 0.9781122804 -0.0991679505 -0.9688083529 0.1621904522 -0.1873622239
-306.5 -544.9 2747.6 -0.1671772003 0.1303482652 0.9772722721 0.1829265803 0.9781122804 -0.0991679505 -0.9688083529 0.1621904522 -0.1873622239
-51.1 337.9 2695.5 0 0 0 0 0 0 0 0 0
-210.8 -303.8 2948.4 0 0 0 0 0 0 0 0 0
-248.2 -880.6 2498.1 0 0 0 0 0 0 0 0 0
-353.9 -900.7 2688.6 0 0 0 0 0 0 0 0 0
-232.3 430.8 2839.6 6 0.1865152121 0.0668385476 -0.9801758528 -0.2257621139 0.9739001393 0.0234508961 0.9561608434 0.2169126272 0.1967368126
-245.8 234.0 2795.7 0.1865152121 0.0668385476 -0.9801758528 -0.2257621139 0.9739001393 0.0234508961 0.9561608434 0.2169126272 0.1967368126
-253.8 39.1 2758.0 0.1882262081 0.0403730050 -0.9812955260 -0.1945654452 0.9808848500 0.0030357328 0.9626604915 0.1903547943 0.1924834400
-273.2 262.3 2655.3 -0.5209978819 -0.1562026143 -0.8391435742 0.5735971928 0.6639670730 -0.4797228277 0.6320976615 -0.7312649488 -0.2563280761
-151.8 128.6 2507.9 -0.3183427453 -0.1562026143 0.9350180030 -0.7346881628 0.6639670730 -0.1392157674 -0.5990753174 -0.7312649488 -0.3261293173
-218.3 205.6 2936.1 -0.1054014638 0.9131476283 -0.3937664032 -0.9173216224 0.0636005402 0.3930343390 0.3839421272 0.4026368260 0.8309464455
-247.2 -45.6 3041.3 0.2175497711 0.9131476283 -0.3447224200 -0.9113577008 0.0636005402 -0.4066720605 -0.3494270742 0.4026368260 0.8460403681
-278.6 -139.2 2630.4 -0.1215151995 0.0344725549 -0.9919908047 -0.1359307319 0.9894030690 0.0510336421 0.9832379818 0.1410433948 -0.1155416295
-292.3 -532.4 2574.3 -0.1106654555 -0.1196248904 -0.9866321683 -0.2289031595 0.9691085815 -0.0918253437 0.9671382904 0.2156813145 -0.1346293539
-244.6 -173.6 2808.1 -0.2373995483 0.1189091653 0.9641068578 0.1827360392 0.9802278280 -0.0759009421 -0.9540696740 0.1581582129 -0.2544346452
-289.6 -544.5 2748.3 -0.2373995483 0.1189091653 0.9641068578 0.1827360392 0.9802278280 -0.0759009421 -0.9540696740 0.1581582129 -0.2544346452
-58.4 344.0 2683.6 0 0 0 0 0 0 0 0 0
-186.0 -301.9 2943.0 0 0 0 0 0 0 0 0 0
-249.3 -880.8 2496.8 0 0 0 0 0 0 0 0 0
-332.8 -901.1 2690.8 0 0 0 0 0 0 0 0 0
-231.8 428.7 2840.2 7 0.2183369398 0.0740847066 -0.9730572701 -0.2210435420 0.9749528766 0.0246307440 0.9505097270 0.2097102255 0.2292441726
-246.8 231.0 2797.6 0.2183369398 0.0740847066 -0.9730572701 -0.2210435420 0.9749528766 0.0246307440 0.9505097270 0.2097102255 0.2292441726
-251.8 35.8 2760.7 0.2200641334 0.0251361262 -0.9751614928 -0.1869740784 0.9822198749 -0.0168762654 0.9573988318 0.1860437840 0.2208511680
-278.9 258.3 2657.9 -0.5144926310 -0.1912814379 -0.8358879685 0.5648711324 0.6578048468 -0.4982101619 0.6451495290 -0.7284944654 -0.2303864062
-159.0 126.6 2507.5 -0.3199515641 -0.1912814379 0.9279236794 -0.7434471250 0.6578048468 -0.1207439899 -0.5872966647 -0.7284944654 -0.3526733518
-214.8 203.8 2937.3 -0.0747845769 0.9228622913 -0.3777995408 -0.9177466631 0.0844987184 0.3880734742 0.3900619447 0.3757461905 0.8406345844
-235.2 -47.6 3044.2 0.2268181592 0.9228622913 -0.3112535179 -0.9077333212 0.0844987184 -0.4109503031 -0.3529500067 0.3757461905 0.8568786979
-279.0 -138.1 2632.0 -0.0906107500 0.0329970717 -0.9953395724 -0.1538886279 0.9869825840 0.0467292778 0.9839248061 0.1574056149 -0.0843533650
-292.2 -530.3 2569.5 -0.0830299109 -0.1169297770 -0.9896633029 -0.2188448161 0.9709897637 -0.0963630304 0.9722206593 0.2085816711 -0.1062106714
-236.7 -176.4 2811.3 -0.2687044144 0.1026617959 0.9577361345 0.1741753817 0.9830916524 -0.0565127023 -0.9473441243 0.1516288519 -0.2820422351
-275.5 -548.3 2753.9 -0.2687044144 0.1026617959 0.9577361345 0.1741753817 0.9830916524 -0.0565127023 -0.9473441243 0.1516288519 -0.2820422351
-65.2 344.5 2679.7 0 0 0 0 0 0 0 0 0
-171.5 -302.9 2944.9 0 0 0 0 0 0 0 0 0
-250.4 -876.7 2495.0 0 0 0 0 0 0 0 0 0
-312.8 -905.9 2698.8 0 0 0 0 0 0 0 0 0
-230.6 427.8 2840.0 8 0.2401037365 0.0913372040 -0.9664407372 -0.2196581066 0.9748535752 0.0375601612 0.9455688596 0.2032682002 0.2541289628
-249.1 229.5 2798.6 0.2401037365 0.0913372040 -0.9664407372 -0.2196581066 0.9748535752 0.0375601612 0.9455688596 0.2032682002 0.2541289628
-253.9 34.3 2761.7 0.2421019375 0.0238607749 -0.9699573517 -0.1857089400 0.9823542833 -0.0221873242 0.9523123503 0.1855013520 0.2422610223
-284.5 256.6 2659.6 -0.5032446980 -0.2108594328 -0.8380233049 0.5620939136 0.6567043662 -0.5027820468 0.6563499570 -0.7240701914 -0.2119601816
-167.1 125.5 2506.6 -0.3287363350 -0.2108594328 0.9205817580 -0.7452204227 0.6567043662 -0.1156971902 -0.5801542401 -0.7240701914 -0.3730193377
-213.8 202.4 2937.6 -0.0611736700 0.9303949475 -0.3614181280 -0.9179785848 0.0897223726 0.3863485157 0.3918839693 0.3554084897 0.8485940099
-230.6 -49.1 3045.0 0.2241073251 0.9303949475 -0.2900710106 -0.9064956903 0.0897223726 -0.4125716984 -0.3578287661 0.3554084897 0.8635064363
-277.0 -142.2 2636.0 -0.0680313930 0.0408498310 -0.9968465567 -0.1527137160 0.9869605303 0.0508669019 0.9859260917 0.1556926817 -0.0609059706
-293.2 -534.4 2574.1 -0.0580611750 -0.1228289902 -0.9907279611 -0.2335394323 0.9665365815 -0.1061432958 0.9706122875 0.2252112478 -0.0848036557
-236.4 -177.9 2812.1 -0.2904574573 0.1006583050 0.9515788555 0.1724601537 0.9836738706 -0.0514120273 -0.9412183166 0.1491764337 -0.3030749559
-274.5 -550.0 2755.6 -0.2904574573 0.1006583050 0.9515788555 0.1724601537 0.9836738706 -0.0514120273 -0.9412183166 0.1491764337 -0.3030749559
-70.8 344.0 2676.7 0 0 0 0 0 0 0 0 0
-167.5 -304.1 2944.4 0 0 0 0 0 0 0 0 0
-249.8 -876.2 2494.5 0 0 0 0 0 0 0 0 0
-311.1 -907.9 2701.4 0 0 0 0 0 0 0 0 0
-231.5 425.3 2839.4 9 0.2488503158 0.0812542886 -0.9651275873 -0.2186875939 0.9754554629 0.0257369708 0.9435302019 0.2046567798 0.2605116963
-247.9 227.8 2797.9 0.2488503158 0.0812542886 -0.9651275873 -0.2186875939 0.9754554629 0.0257369708 0.9435302019 0.2046567798 0.2605116963
-252.8 32.7 2760.5 0.2505032122 0.0246558320 -0.9678017497 -0.1881404668 0.9818565249 -0.0236838851 0.9496585131 0.1880155653 0.2505969703
-284.5 255.2 2659.3 -0.4979996383 -0.2176724821 -0.8394135237 0.5598448515 0.6585282087 -0.5029059052 0.6622462273 -0.7203882933 -0.2060839832
-168.4 124.7 2504.9 -0.3331377208 -0.2176724821 0.9174082875 -0.7438898087 0.6585282087 -0.1138798073 -0.5793507099 -0.7203882933 -0.3813048899
-211.4 200.4 2936.6 -0.0570464022 0.9333367944 -0.3544405699 -0.9190010428 0.0896302909 0.3839316368 0.3901061416 0.3476331830 0.8526244164
-227.0 -51.6 3043.5 0.2218619585 0.9333367944 -0.2822404802 -0.9052908421 0.0896302909 -0.4152287245 -0.3622509539 0.3476331830 0.8648267984
-280.8 -143.9 2637.6 -0.0596206114 0.0365810245 -0.9975506067 -0.1622424275 0.9856854677 0.0458426625 0.9849480987 0.1645781994 -0.0528321788
-295.3 -535.6 2572.2 -0.0517724715 -0.1233790591 -0.9910081625 -0.2251458913 0.9682334065 -0.1087815091 0.9729485512 0.2174895257 -0.0779061243
-234.8 -179.6 2810.2 -0.2987604737 0.1011984646 0.9489473104 0.1747157574 0.9833555818 -0.0498614758 -0.9381985664 0.1508994102 -0.3114687502
-273.1 -551.7 2753.1 -0.2987604737 0.1011984646 0.9489473104 0.1747157574 0.9833555818 -0.0498614758 -0.9381985664 0.1508994102 -0.3114687502
-70.7 342.8 2674.8 0 0 0 0 0 0 0 0 0
-164.6 -306.2 2941.6 0 0 0 0 0 0 0 0 0
-251.9 -876.6 2495.6 0 0 0 0 0 0 0 0 0
-309.9 -909.4 2698.2 0 0 0 0 0 0 0 0 0
-230.6 424.1 2840.1 0 0.1890683770 0.0966971815 -0.9771912694 -0.2298995405 0.9718409181 0.0516864471 0.9546723962 0.2148835510 0.2059750110
-250.1 227.8 2796.7 0.1890683770 0.0966971815 -0.9771912694 -0.2298995405 0.9718409181 0.0516864471 0.9546723962 0.2148835510 0.2059750110
-256.5 32.6 2759.8 0.1918134540 0.0321528614 -0.9809045792 -0.1882716715 0.9821060896 -0.0046238145 0.9632037282 0.1855634600 0.1944346428
-278.1 255.2 2656.1 -0.5247601867 -0.1634485871 -0.8354108334 0.5720544457 0.6590447426 -0.4882763028 0.6303811669 -0.7341284752 -0.2523389459
-155.8 121.8 2509.2 -0.3130706549 -0.1634485871 0.9355593324 -0.7403227687 0.6590447426 -0.1325981170 -0.5949024558 -0.7341284752 -0.3273322880
-222.1 200.4 2937.2 -0.0966377482 0.9133260250 -0.3955967128 -0.9162412286 0.0736253709 0.3938037157 0.3887971342 0.4005182981 0.8297119141
-248.6 -50.7 3043.7 0.2249566466 0.9133260250 -0.3394556046 -0.9110538363 0.0736253709 -0.4056602418 -0.3455075026 0.4005182981 0.8486516476
-280.7 -145.1 2636.1 -0.1187211052 0.0336785018 -0.9923563004 -0.1423130780 0.9885288477 0.0505743101 0.9826760888 0.1472295225 -0.1125663444
-294.1 -537.9 2577.6 -0.1076143160 -0.1191609651 -0.9870257378 -0.2377473265 0.9670708179 -0.0908305347 0.9653472900 0.2248880714 -0.1324008703
-245.4 -179.7 2811.1 -0.2408704460 0.1106794849 0.9642258286 0.1759994328 0.9819864035 -0.0687522367 -0.9544661641 0.1531428248 -0.2560110390
-287.2 -551.2 2753.1 -0.2408704460 0.1106794849 0.9642258286 0.1759994328 0.9819864035 -0.0687522367 -0.9544661641 0.1531428248 -0.2560110390
-64.0 338.9 2683.6 0 0 0 0 0 0 0 0 0
-185.4 -306.9 2946.5 0 0 0 0 0 0 0 0 0
-252.1 -879.1 2498.3 0 0 0 0 0 0 0 0 0
-327.5 -908.5 2697.4 0 0 0 0 0 0 0 0 0
-230.5 424.7 2840.9 1 0.1755927801 0.1079760119 -0.9785235524 -0.2235707790 0.9723699093 0.0671779588 0.9587404728 0.2069733143 0.1948814094
-252.3 228.3 2799.1 0.1755927801 0.1079760119 -0.9785235524 -0.2235707790 0.9723699093 0.0671779588 0.9587404728 0.2069733143 0.1948814094
-258.6 32.9 2763.7 0.1786249429 0.0320950672 -0.9833936095 -0.1812327057 0.9834399223 -0.0008227747 0.9670821428 0.1783700585 0.1814835668
-278.3 254.8 2658.0 -0.5316380858 -0.1521383077 -0.8331955671 0.5781570673 0.6537031531 -0.4882690310 0.6189469695 -0.7413002849 -0.2595736682
-154.4 120.0 2513.7 -0.3069957495 -0.1521383077 0.9394719601 -0.7441875935 0.6537031531 -0.1373209059 -0.5932440162 -0.7413002849 -0.3139035106
-226.2 201.9 2940.3 -0.1040538624 0.9080896378 -0.4056427777 -0.9127638936 0.0747965425 0.4015813470 0.3950125277 0.4120421410 0.8210885525
-254.7 -48.2 3048.5 0.2275070250 0.9080896378 -0.3515875638 -0.9141736627 0.0747965425 -0.3983615935 -0.3354505002 0.4120421410 0.8471683860
-280.5 -145.3 2634.7 -0.1324687898 0.0371647812 -0.9904901981 -0.1466593444 0.9875624776 0.0566692427 0.9802770019 0.1527715474 -0.1253706366
-295.2 -537.7 2574.0 -0.1220435426 -0.1260037273 -0.9844939709 -0.2311363965 0.9682455063 -0.0952711180 0.9652364254 0.2159251720 -0.1472921669
-248.7 -179.1 2816.8 -0.2278386354 0.1111401841 0.9673352242 0.1690028310 0.9828993082 -0.0731227845 -0.9589200020 0.1468221843 -0.2427254468
-290.7 -550.9 2761.2 -0.2278386354 0.1111401841 0.9673352242 0.1690028310 0.9828993082 -0.0731227845 -0.9589200020 0.1468221843 -0.2427254468
-64.4 338.1 2687.6 0 0 0 0 0 0 0 0 0
-190.7 -305.3 2954.2 0 0 0 0 0 0 0 0 0
-250.8 -878.8 2498.0 0 0 0 0 0 0 0 0 0
-331.1 -908.5 2707.8 0 0 0 0 0 0 0 0 0
-230.6 426.2 2841.3 2 0.1718377173 0.0953147262 -0.9805033803 -0.2219671160 0.9734602571 0.0557293072 0.9597929120 0.2080631107 0.1884339154
-249.9 229.7 2799.3 0.1718377173 0.0953147262 -0.9805033803 -0.2219671160 0.9734602571 0.0557293072 0.9597929120 0.2080631107 0.1884339154
-256.2 34.4 2763.5 0.1743534058 0.0316237062 -0.9841752052 -0.1831920594 0.9830767512 -0.0008653202 0.9674924016 0.1804439425 0.1771959960
-275.3 256.4 2658.1 -0.0646340400 -0.2865188122 -0.9558919668 0.4429278672 0.8501309156 -0.2847672403 0.8942244649 -0.4417968094 0.0719597712
-262.1 165.8 2475.0 -0.7625730634 -0.2865188122 0.5799908042 -0.4815133810 0.8501309156 -0.2131251544 -0.4320037067 -0.4417968094 -0.7862495780
-224.4 203.0 2940.6 -0.1060376242 0.9062865973 -0.4091461897 -0.9133956432 0.0738551170 0.4003171027 0.3930195570 0.4161610305 0.8199668527
-253.5 -47.4 3048.4 0.2288564891 0.9062865973 -0.3553439081 -0.9135376215 0.0738551170 -0.3999930620 -0.3362644017 0.4161610305 0.8448291421
-281.4 -145.9 2639.6 -0.1369860321 0.0329358317 -0.9900252819 -0.1542606652 0.9865444303 0.0541644916 0.9784878492 0.1601417363 -0.1300621033
-294.5 -537.9 2576.0 -0.1267536730 -0.1255206317 -0.9839603901 -0.2374987900 0.9669491649 -0.0927559882 0.9630824924 0.2219322324 -0.1523753554
-246.5 -177.8 2816.3 -0.2236156315 0.1108038202 0.9683586955 0.1708763093 0.9825865030 -0.0729726702 -0.9595818520 0.1491517276 -0.2386554629
-288.4 -549.6 2759.9 -0.2236156315 0.1108038202 0.9683586955 0.1708763093 0.9825865030 -0.0729726702 -0.9595818520 0.1491517276 -0.2386554629
-87.7 275.9 2573.8 0 0 0 0 0 0 0 0 0
-189.1 -304.4 2953.8 0 0 0 0 0 0 0 0 0
-250.0 -880.2 2497.4 0 0 0 0 0 0 0 0 0
-328.7 -907.0 2705.6 0 0 0 0 0 0 0 0 0
-230.6 426.4 2840.6 3 0.1698750407 0.1004647836 -0.9803312421 -0.2195000648 0.9736566544 0.0617450699 0.9607092142 0.2046938241 0.1874519885
-250.9 229.6 2799.2 0.1698750407 0.1004647836 -0.9803312421 -0.2195000648 0.9736566544 0.0617450699 0.9607092142 0.2046938241 0.1874519885
-256.7 34.3 2763.2 0.1722545028 0.0290452130 -0.9846241474 -0.1835506558 0.9830053449 -0.0031137054 0.9678003788 0.1812647581 0.1746583730
-276.1 256.4 2657.8 -0.0031998702 -0.2487271726 -0.9685683250 0.3753086030 0.8974710107 -0.2317093909 0.9268943667 -0.3642534316 0.0904776528
-275.3 169.3 2442.7 -0.8413765430 -0.2487271726 0.4798127413 -0.3865010738 0.8974710107 -0.2125152051 -0.3777597249 -0.3642534316 -0.8512443900
-225.8 202.8 2940.5 -0.1050771400 0.9050411582 -0.4121398926 -0.9138616920 0.0755654126 0.3989319503 0.3921933472 0.4185574949 0.8191422224
-254.6 -47.7 3048.1 0.2317707092 0.9050411582 -0.3566270471 -0.9127651453 0.0755654126 -0.4014345407 -0.3363661170 0.4185574949 0.8436038494
-278.4 -144.2 2638.9 -0.1392102987 0.0374749117 -0.9895535111 -0.1563600898 0.9859163165 0.0593338944 0.9778404832 0.1629865617 -0.1313901246
-293.3 -536.0 2574.2 -0.1304997504 -0.1212523133 -0.9840059280 -0.2295579314 0.9692185521 -0.0889859870 0.9645065665 0.2142737210 -0.1543172151
-246.7 -177.9 2815.9 -0.2215152085 0.1083094850 0.9691233635 0.1710792035 0.9827156067 -0.0707245171 -0.9600327611 0.1501303017 -0.2362159491
-287.7 -549.7 2759.1 -0.2215152085 0.1083094850 0.9691233635 0.1710792035 0.9827156067 -0.0707245171 -0.9600327611 0.1501303017 -0.2362159491
-94.9 252.2 2523.7 0 0 0 0 0 0 0 0 0
-189.4 -304.5 2953.5 0 0 0 0 0 0 0 0 0
-250.2 -880.5 2498.0 0 0 0 0 0 0 0 0 0
-327.1 -907.2 2704.5 0 0 0 0 0 0 0 0 0
-231.1 425.6 2840.2 4 0.1857914627 0.0872111991 -0.9787112474 -0.2141553164 0.9757022262 0.0462893732 0.9589676857 0.2009960413 0.1999538839
-248.7 228.9 2799.6 0.1857914627 0.0872111991 -0.9787112474 -0.2141553164 0.9757022262 0.0462893732 0.9589676857 0.2009960413 0.1999538839
-257.7 33.6 2764.0 0.1877672225 0.0457070470 -0.9811494946 -0.1850448996 0.9826753736 0.0103652105 0.9646252394 0.1796104759 0.1929720938
-276.1 255.9 2658.7 -0.0227742512 -0.2380715162 -0.9709805846 0.3273221552 0.9159258008 -0.2322501242 0.9446383119 -0.3231127560 0.0570665523
-270.3 173.1 2419.9 -0.8254846931 -0.2380715162 0.5117586851 -0.3661077917 0.9159258008 -0.1644535810 -0.4295812547 -0.3231127560 -0.8432425857
-221.2 201.8 2940.5 -0.1100507826 0.9136310220 -0.3913657665 -0.9119758010 0.0637473837 0.4052608907 0.3952074647 0.4015153944 0.8261939287
-251.4 -48.3 3048.9 0.2131290734 0.9136310220 -0.3461998701 -0.9161366820 0.0637473837 -0.3957649171 -0.3395137787 0.4015153944 0.8505973220
-278.3 -144.2 2638.4 -0.1233027130 0.0395625941 -0.9915801883 -0.1587492377 0.9855507612 0.0590624511 0.9795892835 0.1646951437 -0.1152405515
-294.0 -535.9 2573.0 -0.1147674620 -0.1259887516 -0.9853706360 -0.2271147072 0.9689810276 -0.0974408314 0.9670818448 0.2126091123 -0.1398213804
-249.6 -178.6 2816.7 -0.2370576262 0.1243438348 0.9635052085 0.1730986983 0.9813113213 -0.0840531439 -0.9559500813 0.1468560547 -0.2541510761
-296.6 -549.9 2761.2 -0.2370576262 0.1243438348 0.9635052085 0.1730986983 0.9813113213 -0.0840531439 -0.9559500813 0.1468560547 -0.2541510761
-81.9 256.7 2517.9 0 0 0 0 0 0 0 0 0
-191.5 -305.9 2953.4 0 0 0 0 0 0 0 0 0
-249.3 -879.7 2497.5 0 0 0 0 0 0 0 0 0
-341.9 -906.9 2707.8 0 0 0 0 0 0 0 0 0
-232.0 428.8 2851.5 5 0.1542030722 0.0728800073 -0.9853476286 -0.2333078831 0.9717596769 0.0353632197 0.9600983262 0.2244362384 0.1668518037
-246.8 232.4 2806.1 0.1542030722 0.0728800073 -0.9853476286 -0.2333078831 0.9717596769 0.0353632197 0.9600983262 0.2244362384 0.1668518037
-257.1 38.1 2766.4 0.1559699327 0.0525978468 -0.9863604307 -0.2058476806 0.9783872962 0.0196226612 0.9660745859 0.1999794543 0.1634261459
-269.5 262.5 2665.1 -0.0796825066 -0.2457636297 -0.9660491347 0.3074926138 0.9158089161 -0.2583453357 0.9482083321 -0.3176385760 0.0025965518
-247.9 178.9 2407.4 -0.7790721059 -0.2457636297 0.5767554641 -0.3815958202 0.9158089161 -0.1252144873 -0.4974246323 -0.3176385760 -0.8072635531
-224.0 202.4 2947.1 -0.1333074272 0.9016547203 -0.4113974571 -0.9179223180 0.0441905856 0.3942914903 0.3736946881 0.4301929176 0.8217580914
-260.5 -49.2 3049.6 0.2120447159 0.9016547203 -0.3769028783 -0.9121534228 0.0441905856 -0.4074595273 -0.3507322669 0.4301929176 0.8318178654
-284.0 -144.7 2639.8 -0.1545670331 0.0282864831 -0.9875773191 -0.1629782021 0.9851658344 0.0537253469 0.9744470716 0.1692577451 -0.1476640701
-295.3 -536.2 2572.6 -0.1470567137 -0.1288332194 -0.9807019830 -0.2219787091 0.9704899192 -0.0942058712 0.9638982415 0.2038413435 -0.1713152975
-253.2 -175.2 2815.2 -0.2056356221 0.1318439394 0.9697067142 0.1944822073 0.9766250849 -0.0915427580 -0.9591093063 0.1697662622 -0.2264702171
-303.1 -544.6 2751.0 -0.2056356221 0.1318439394 0.9697067142 0.1944822073 0.9766250849 -0.0915427580 -0.9591093063 0.1697662622 -0.2264702171
-57.7 272.0 2528.8 0 0 0 0 0 0 0 0 0
-200.9 -305.7 2950.9 0 0 0 0 0 0 0 0 0
-249.5 -880.7 2500.2 0 0 0 0 0 0 0 0 0
-351.1 -899.7 2689.2 0 0 0 0 0 0 0 0 0
-230.8 429.9 2846.6 6 0.2951254249 0.0624777637 -0.9534136057 -0.2295561731 0.9732682109 -0.0072793653 0.9274723530 0.2210103124 0.3015783429
-243.4 233.9 2802.1 0.2951254249 0.0624777637 -0.9534136057 -0.2295561731 0.9732682109 -0.0072793653 0.9274723530 0.2210103124 0.3015783429
-252.5 39.7 2761.1 0.2962107062 0.0455907360 -0.9540339112 -0.2099653631 0.9775342345 -0.0184767917 0.9317584038 0.2057871073 0.2991285622
-286.2 264.1 2667.4 -0.1841408610 -0.2219020724 -0.9575237036 0.2903448641 0.9184290767 -0.2686781287 0.9390377998 -0.3274867237 -0.1046921909
-233.9 181.6 2400.4 -0.7616015077 -0.2219020724 0.6088699698 -0.3729778230 0.9184290767 -0.1318165809 -0.5299534798 -0.3274867237 -0.7822414637
-200.6 203.6 2936.8 -0.0481302068 0.9510421157 -0.3052906096 -0.9278304577 0.0706152767 0.3662568331 0.3698838651 0.3008859456 0.8790071607
-213.8 -49.8 3037.8 0.1901693791 0.9510421157 -0.2436277568 -0.9011369348 0.0706152767 -0.4277449548 -0.3895996213 0.3008859456 0.8704480529
-281.8 -137.4 2638.1 -0.0112200025 0.0362170823 -0.9992809296 -0.1705324054 0.9846343994 0.0376009978 0.9852882028 0.1708316654 -0.0048714140
-296.2 -528.7 2570.2 -0.0082538547 -0.1255390942 -0.9920543432 -0.1936059892 0.9735165238 -0.1215824336 0.9810446501 0.1910641342 -0.0323403850
-234.8 -173.5 2804.7 -0.3439060152 0.1197105795 0.9313420653 0.1974007040 0.9788929224 -0.0529306605 -0.9180204868 0.1656444073 -0.3602780998
-280.1 -543.8 2742.0 -0.3439060152 0.1197105795 0.9313420653 0.1974007040 0.9788929224 -0.0529306605 -0.9180204868 0.1656444073 -0.3602780998
-40.5 276.2 2534.9 0 0 0 0 0 0 0 0 0
-160.3 -303.0 2928.3 0 0 0 0 0 0 0 0 0
-250.7 -881.6 2501.0 0 0 0 0 0 0 0 0 0
-323.6 -899.9 2681.8 0 0 0 0 0 0 0 0 0
-228.1 428.4 2844.2 7 0.3982334435 0.0548511744 -0.9156426787 -0.2196832746 0.9748637676 -0.0371463746 0.8905893564 0.2159443051 0.4002732635
-239.2 231.5 2800.6 0.3982334435 0.0548511744 -0.9156426787 -0.2196832746 0.9748637676 -0.0371463746 0.8905893564 0.2159443051 0.4002732635
-247.3 37.3 2759.4 0.3989288509 0.0408678986 -0.9160707593 -0.2054987550 0.9775814414 -0.0458782092 0.8936588168 0.2065535486 0.3983837366
-296.9 261.1 2671.5 -0.2351297289 -0.2358371764 -0.9429182410 0.2665203214 0.9172881842 -0.2958872914 0.9347090125 -0.3208787739 -0.1528263241
-227.7 182.7 2396.5 -0.7457870841 -0.2358371764 0.6230428815 -0.3825340867 0.9172881842 -0.1106798798 -0.5454074740 -0.3208787739 -0.7743174434
-181.5 201.9 2929.6 0.0167593751 0.9754543900 -0.2195628285 -0.9304086566 0.0956280231 0.3538290560 0.3661404550 0.1983532012 0.9091739058
-176.9 -52.2 3029.6 0.1717874706 0.9754543900 -0.1377598643 -0.8940138221 0.0956280231 -0.4377152324 -0.4137975276 0.1983532012 0.8884974122
-288.5 -135.5 2635.6 0.0980668291 0.0194716956 -0.9949893355 -0.1704375446 0.9853653312 0.0024849169 0.9804763794 0.1693398356 0.0999503583
-296.3 -527.1 2568.3 0.0993747264 -0.1271876991 -0.9868879914 -0.1804132760 0.9730561376 -0.1435718089 0.9785580039 0.1923151016 0.0737508312
-219.3 -175.5 2799.3 -0.4445497096 0.1100302637 0.8889706731 0.1915080249 0.9811552167 -0.0256723110 -0.8750429749 0.1588324010 -0.4572439492
-260.9 -546.7 2739.2 -0.4445497096 0.1100302637 0.8889706731 0.1915080249 0.9811552167 -0.0256723110 -0.8750429749 0.1588324010 -0.4572439492
-33.7 282.2 2538.3 0 0 0 0 0 0 0 0 0
-128.6 -303.4 2913.4 0 0 0 0 0 0 0 0 0
-250.1 -880.2 2498.5 0 0 0 0 0 0 0 0 0
-300.9 -903.6 2681.4 0 0 0 0 0 0 0 0 0
-228.8 428.0 2844.5 8 0.4773881733 0.0424605049 -0.8776659966 -0.2128643394 0.9746685028 -0.0686297566 0.8525193930 0.2195868343 0.4743335545
-237.4 230.6 2800.0 0.4773881733 0.0424605049 -0.8776659966 -0.2128643394 0.9746685028 -0.0686297566 0.8525193930 0.2195868343 0.4743335545
-243.7 36.4 2758.2 0.4779093862 0.0314996690 -0.8778441548 -0.1991089135 0.9772298336 -0.0733314678 0.8555455804 0.2098323852 0.4732991755
-306.6 259.3 2676.2 -0.2658108175 -0.2386845350 -0.9340097904 0.2519379854 0.9179940224 -0.3062910140 0.9305223823 -0.3167280257 -0.1838790327
-226.4 183.3 2395.5 -0.7489802241 -0.2386845350 0.6181086302 -0.3816233277 0.9179940224 -0.1079378948 -0.5416569114 -0.3167280257 -0.7786470056
-168.1 201.9 2923.8 0.0729143769 0.9856778383 -0.1520612985 -0.9312217832 0.1218736917 0.3434716165 0.3570846319 0.1165587828 0.9267710447
-148.2 -52.6 3021.3 0.1609255970 0.9856778383 -0.0504192449 -0.8864017129 0.1218736917 -0.4465857744 -0.4340449274 0.1165587828 0.8933191299
-291.7 -138.4 2637.3 0.1846399158 0.0111638978 -0.9827428460 -0.1629052162 0.9864509702 -0.0194009747 0.9692110419 0.1636761278 0.1839568764
-296.1 -530.4 2572.2 0.1867870390 -0.1239808276 -0.9745457172 -0.1795333624 0.9709907770 -0.1579389572 0.9658563137 0.2044644207 0.1591097862
-206.5 -175.7 2794.0 -0.5214003325 0.0964187980 0.8478473425 0.1838758737 0.9829486012 0.0012952968 -0.8332654834 0.1565740407 -0.5302388072
-243.0 -547.6 2734.8 -0.5214003325 0.0964187980 0.8478473425 0.1838758737 0.9829486012 0.0012952968 -0.8332654834 0.1565740407 -0.5302388072
-29.6 283.5 2537.8 0 0 0 0 0 0 0 0 0
-102.9 -301.7 2899.3 0 0 0 0 0 0 0 0 0
-251.5 -880.0 2498.6 0 0 0 0 0 0 0 0 0
-278.0 -905.1 2677.9 0 0 0 0 0 0 0 0 0
-229.3 426.8 2842.6 9 0.3417227566 0.0601674020 -0.9378728271 -0.2104557455 0.9775035381 -0.0139716938 0.9159333706 0.2021551728 0.3466978073
-241.4 229.8 2801.9 0.3417227566 0.0601674020 -0.9378728271 -0.2104557455 0.9775035381 -0.0139716938 0.9159333706 0.2021551728 0.3466978073
-251.0 35.0 2764.1 0.3426780403 0.0465322062 -0.9382997751 -0.1929214597 0.9809718132 -0.0218087714 0.9194308519 0.1884915531 0.3451345861
-290.7 257.2 2669.6 -0.2166860402 -0.2488178164 -0.9440004230 0.2516118586 0.9200717211 -0.3002657592 0.9432595968 -0.3025850952 -0.1367611885
-227.7 184.1 2395.6 -0.7561223507 -0.2488178164 0.6052839756 -0.3797602654 0.9200717211 -0.0961779431 -0.5329738855 -0.3025850952 -0.7901778817
-192.2 202.3 2934.1 -0.0231086630 0.9640269876 -0.2647980154 -0.9233272076 0.0809758231 0.3753794432 0.3833181560 0.2531697452 0.8882411122
-198.5 -49.2 3038.5 0.1771173030 0.9640269876 -0.1981955171 -0.9058964252 0.0809758231 -0.4156857133 -0.3846831918 0.2531697452 0.8876507878
-293.5 -139.7 2638.6 0.0376888700 0.0028855808 -0.9992853403 -0.1732426584 0.9848722816 -0.0036900283 0.9841578007 0.1732579172 0.0376186259
-294.6 -531.1 2569.8 0.0389281325 -0.1143726110 -0.9926749468 -0.1838055253 0.9756570458 -0.1196198761 0.9821915030 0.1871157140 0.0169581845
-229.7 -177.0 2809.4 -0.3893466890 0.1195894852 0.9132948518 0.1817611456 0.9820140004 -0.0511011817 -0.9029795527 0.1461054534 -0.4040806293
-274.9 -548.5 2754.1 -0.3893466890 0.1195894852 0.9132948518 0.1817611456 0.9820140004 -0.0511011817 -0.9029795527 0.1461054534 -0.4040806293
-27.5 284.6 2536.7 0 0 0 0 0 0 0 0 0
-148.8 -303.5 2930.5 0 0 0 0 0 0 0 0 0
-253.7 -879.8 2502.9 0 0 0 0 0 0 0 0 0
-318.4 -905.6 2701.0 0 0 0 0 0 0 0 0 0
-231.2 425.5 2842.7 0 0.2814036906 0.0586638562 -0.9577946067 -0.2064295709 0.9784612060 -0.0007201331 0.9371225834 0.1979197711 0.2874525487
-243.0 228.5 2802.8 0.2814036906 0.0586638562 -0.9577946067 -0.2064295709 0.9784612060 -0.0007201331 0.9371225834 0.1979197711 0.2874525487
-253.1 33.4 2766.7 0.2824299932 0.0494739190 -0.9580112696 -0.1878218204 0.9821920991 -0.0046488224 0.9407211542 0.1812483966 0.2866927981
-283.8 255.5 2666.7 -0.1970623285 -0.2356510311 -0.9516485929 0.2499241084 0.9265378714 -0.2811859548 0.9480001926 -0.2932510674 -0.1236908361
-227.3 183.8 2394.9 -0.7630988955 -0.2356510311 0.6017878652 -0.3632621169 0.9265378714 -0.0978173986 -0.5345284939 -0.2932510674 -0.7926431298
-202.2 201.5 2939.0 -0.0602900982 0.9473411441 -0.3144994080 -0.9175091386 0.0714915842 0.3912364244 0.3931184411 0.3121437728 0.8648838997
-218.7 -49.1 3046.3 0.1888010651 0.9473411441 -0.2586483061 -0.9120149016 0.0714915842 -0.4038784206 -0.3641194701 0.3121437728 0.8774868846
-291.5 -142.6 2643.4 -0.0257099941 0.0089416411 -0.9996294379 -0.1716581732 0.9850677848 0.0132263536 0.9848210216 0.1719346195 -0.0237911809
-295.1 -534.1 2575.0 -0.0219888389 -0.1169323698 -0.9928964376 -0.2028189003 0.9730071425 -0.1100983694 0.9789693356 0.1989572197 -0.0451113917
-237.5 -178.6 2815.9 -0.3303038776 0.1249744073 0.9355643988 0.1765788496 0.9818776846 -0.0688193217 -0.9272104502 0.1424695998 -0.3463858664
-284.8 -550.1 2762.0 -0.3303038776 0.1249744073 0.9355643988 0.1765788496 0.9818776846 -0.0688193217 -0.9272104502 0.1424695998 -0.3463858664
-25.0 280.1 2536.6 0 0 0 0 0 0 0 0 0
-165.7 -305.3 2944.0 0 0 0 0 0 0 0 0 0
-253.3 -881.5 2504.0 0 0 0 0 0 0 0 0 0
-330.2 -907.2 2710.2 0 0 0 0 0 0 0 0 0
-230.2 424.5 2841.7 1 0.2784134150 0.0621270686 -0.9584499002 -0.2064044029 0.9784606099 0.0034672001 0.9380208850 0.1968629509 0.2852398753
-242.8 227.2 2802.0 0.2784134150 0.0621270686 -0.9584499002 -0.2064044029 0.9784606099 0.0034672001 0.9380208850 0.1968629509 0.2852398753
-252.9 32.0 2766.1 0.2795027792 0.0505648591 -0.9588124752 -0.1874504238 0.9822699428 -0.0028416130 0.9416689873 0.1805240512 0.2840255797
-283.4 254.3 2665.1 -0.2042158246 -0.2464866340 -0.9473860264 0.2466111183 0.9236145020 -0.2934606671 0.9473536015 -0.2935652435 -0.1278303564
-225.0 183.9 2394.6 -0.7540703416 -0.2464866340 0.6087875366 -0.3730546534 0.9236145020 -0.0881273150 -0.5405628085 -0.2935652435 -0.7884232998
-202.2 200.0 2938.9 -0.0622756034 0.9464814663 -0.3166932166 -0.9161374569 0.0716881007 0.3944020867 0.3959974051 0.3146961331 0.8626427054
-219.2 -50.7 3047.3 0.1898572594 0.9464814663 -0.2610116303 -0.9121517539 0.0716881007 -0.4035344422 -0.3632264435 0.3146961331 0.8769451976
-288.7 -144.7 2645.0 -0.0287933573 0.0165377557 -0.9994485974 -0.1752770990 0.9842879176 0.0213364959 0.9840980172 0.1757947952 -0.0254422631
-295.3 -535.9 2575.2 -0.0237735324 -0.1229277551 -0.9921308160 -0.2152169049 0.9697714448 -0.1150003150 0.9762768745 0.2107893676 -0.0495110229
-237.6 -180.2 2816.1 -0.3275180459 0.1260066926 0.9364049435 0.1756296903 0.9819141626 -0.0707021728 -0.9283782244 0.1413042843 -0.3437251151
-285.3 -551.7 2762.6 -0.3275180459 0.1260066926 0.9364049435 0.1756296903 0.9819141626 -0.0707021728 -0.9283782244 0.1413042843 -0.3437251151
-25.0 282.8 2537.9 0 0 0 0 0 0 0 0 0
-165.8 -307.1 2945.2 0 0 0 0 0 0 0 0 0
-251.7 -879.5 2500.5 0 0 0 0 0 0 0 0 0
-331.1 -908.9 2711.2 0 0 0 0 0 0 0 0 0
-229.0 425.0 2840.7 2 0.2218130678 0.0701113865 -0.9725653529 -0.2121188343 0.9769950509 0.0220527500 0.9517376423 0.2014078349 0.2315822095
-243.1 228.1 2800.2 0.2218130678 0.0701113865 -0.9725653529 -0.2121188343 0.9769950509 0.0220527500 0.9517376423 0.2014078349 0.2315822095
-254.5 32.9 2764.5 0.2234073281 0.0568476021 -0.9730660319 -0.1875173748 0.9821568131 0.0143263722 0.9565178752 0.1792661697 0.2300809324
-275.6 255.3 2661.0 -0.1859220415 -0.2536735237 -0.9492537975 0.2538444400 0.9208999276 -0.2958146930 0.9492080808 -0.2959612608 -0.1068219766
