-238.0 489.1 2366.8 19 0.3438392580 0.1179707721 -0.9315887094 -0.1273168176 0.9887729287 0.0782209858 0.9303574562 0.0917114541 0.3549986184
-261.3 293.4 2348.7 0.3438392580 0.1179707721 -0.9315887094 -0.1273168176 0.9887729287 0.0782209858 0.9303574562 0.0917114541 0.3549986184
-283.0 99.5 2332.2 0.3449268341 0.1109048799 -0.9320545197 -0.1179127917 0.9902484417 0.0741931945 0.9311938882 0.0843099207 0.3546403646
-310.5 310.2 2216.0 0.1485431045 0.2149560302 -0.9652610421 0.9460411668 0.2533736229 0.2020096928 0.2879948914 -0.9431838393 -0.1657203436
-350.5 55.1 2138.3 -0.3423115909 0.2215051055 -0.9131036401 0.9273811579 0.2357821763 -0.2904668748 0.1509536654 -0.9462252855 -0.2861306369
-212.2 276.6 2481.4 0.0223167874 -0.7716506124 -0.6356549859 -0.2068725526 0.6184881926 -0.7580739856 0.9781133533 0.1484173536 -0.1458306611
-208.7 244.6 2632.8 0.6301568151 -0.7716506124 -0.0863581300 0.7117186189 0.6184881926 -0.3330600262 0.3104174435 0.1484173536 0.9389426708
-334.3 -83.3 2232.3 0.1833390445 0.0021005855 -0.9830474854 0.0524931140 0.9985501170 0.0119237136 0.9816471934 -0.0537893064 0.1829629540
-335.2 -474.4 2253.4 0.1532068253 0.1916606873 -0.9694296718 -0.1140800267 0.9778827429 0.1753029078 0.9815871716 0.0837349594 0.1716829687
-272.6 -104.3 2400.9 -0.9647843242 0.0557732545 0.2570613921 -0.0054643620 0.9728023410 -0.2315722555 -0.2629854679 -0.2248219550 -0.9382396936
-294.4 -485.2 2488.9 -0.9647843242 -0.0807308629 0.2503472269 -0.0054643620 0.9576836228 0.2877710760 -0.2629854679 0.2762690485 -0.9243993163
-252.9 -209.3 2095.3 0 0 0 0 0 0 0 0 0
-47.4 426.7 2712.2 0 0 0 0 0 0 0 0 0
-407.4 -842.7 2221.9 0 0 0 0 0 0 0 0 0
-268.9 -787.3 2401.7 0 0 0 0 0 0 0 0 0
-237.7 490.9 2367.6 20 0.3349026144 0.1201192811 -0.9345649481 -0.1263631880 0.9886070490 0.0817828774 0.9337411523 0.0907052979 0.3462657630
-261.5 294.7 2349.6 0.3349026144 0.1201192811 -0.9345649481 -0.1263631880 0.9886070490 0.0817828774 0.9337411523 0.0907052979 0.3462657630
-283.8 100.8 2333.2 0.3359757066 0.1137532666 -0.9349762201 -0.1172847897 0.9900065064 0.0783032104 0.9345397949 0.0833505094 0.3459596634
-309.4 311.4 2216.4 0.1497521549 0.2232912034 -0.9631798267 0.9483435750 0.2431194633 0.2038071603 0.2796761096 -0.9439459443 -0.1753491163
-350.1 54.0 2140.5 -0.3471682370 0.2224708349 -0.9110329151 0.9243206978 0.2453059852 -0.2923290133 0.1584471464 -0.9435738921 -0.2907968462
-213.7 278.0 2482.7 0.0304464903 -0.7662521005 -0.6418182850 -0.2093220651 0.6229897141 -0.7537029386 0.9773726463 0.1572943330 -0.1414256245
-209.1 246.5 2629.5 0.6340932846 -0.7662521005 -0.1038430035 0.6936080456 0.6229897141 -0.3616513312 0.3418092132 0.1572943330 0.9265122414
-335.9 -83.8 2231.5 0.1745501608 -0.0003266480 -0.9846482277 0.0509666651 0.9986624122 0.0087036444 0.9833283424 -0.0517034605 0.1743333340
-335.8 -475.0 2251.8 0.1471515596 0.1924143583 -0.9702180624 -0.0981550887 0.9788951278 0.1792481691 0.9842316508 0.0688551962 0.1629323959
-273.6 -105.1 2399.8 -0.9698596001 0.0497597866 0.2385295182 -0.0070925783 0.9727463126 -0.2317635715 -0.2435612082 -0.2264699191 -0.9430744052
-293.1 -486.0 2488.5 -0.9698596001 -0.0769526213 0.2311939895 -0.0070925783 0.9573347569 0.2888942659 -0.2435612082 0.2785471082 -0.9290260673
-251.1 -209.6 2095.3 0 0 0 0 0 0 0 0 0
-46.8 424.0 2716.9 0 0 0 0 0 0 0 0 0
-408.3 -843.7 2225.8 0 0 0 0 0 0 0 0 0
-268.7 -788.8 2400.4 0 0 0 0 0 0 0 0 0
-236.8 491.1 2367.9 21 0.3472901881 0.1168574765 -0.9304481745 -0.1278260052 0.9888433814 0.0764803812 0.9290048480 0.0923745856 0.3583530486
-260.0 294.5 2349.5 0.3472901881 0.1168574765 -0.9304481745 -0.1278260052 0.9888433814 0.0764803812 0.9290048480 0.0923745856 0.3583530486
-281.5 100.5 2333.0 0.3484130502 0.1096718609 -0.9309030175 -0.1180155724 0.9903610945 0.0725065693 0.9298820496 0.0845988169 0.3579977155
-309.7 311.3 2217.0 0.1465658695 0.2111489624 -0.9664028883 0.9465084076 0.2539779246 0.1990401894 0.2874721289 -0.9438809752 -0.1626297683
-349.5 54.2 2139.0 -0.3480742574 0.2185053080 -0.9116467237 0.9255601764 0.2345965654 -0.2971579731 0.1489385962 -0.9472169280 -0.2838968337
-210.4 277.7 2482.1 0.0024229279 -0.7581155300 -0.6521157622 -0.2096889615 0.6372346282 -0.7415946126 0.9777651429 0.1385383010 -0.1574244797
-210.0 246.6 2627.1 0.6400499344 -0.7581155300 -0.1248873994 0.6864136457 0.6372346282 -0.3503831327 0.3452134728 0.1385383010 0.9282428622
-336.5 -82.5 2232.4 0.1867077500 -0.0018084466 -0.9824138284 0.0599294901 0.9981569052 0.0095521724 0.9805858731 -0.0606590249 0.1864719987
-335.8 -473.5 2256.2 0.1542146057 0.1917029619 -0.9692614675 -0.1210520789 0.9772721529 0.1740273088 0.9805938005 0.0904935598 0.1739156842
-275.7 -103.7 2401.4 -0.9780629277 0.0437141322 0.2036713064 -0.0076865163 0.9694938660 -0.2449951321 -0.2081678361 -0.2411861718 -0.9478899837
-292.8 -483.4 2495.8 -0.9780629277 -0.0715509951 0.1956358403 -0.0076865163 0.9509153366 0.3093556166 -0.2081678361 0.3010654747 -0.9306050539
-250.2 -209.9 2096.5 0 0 0 0 0 0 0 0 0
-46.2 422.3 2715.4 0 0 0 0 0 0 0 0 0
-407.9 -841.5 2222.1 0 0 0 0 0 0 0 0 0
-269.9 -788.8 2399.1 0 0 0 0 0 0 0 0 0
-237.1 491.4 2367.1 22 0.3409830630 0.1219569743 -0.9321250319 -0.1318969280 0.9879475832 0.0810111016 0.9307705164 0.0953210145 0.3529591262
-261.4 295.0 2348.1 0.3409830630 0.1219569743 -0.9321250319 -0.1318969280 0.9879475832 0.0810111016 0.9307705164 0.0953210145 0.3529591262
-283.9 101.1 2331.3 0.3423002958 0.1148325503 -0.9325470328 -0.1208956838 0.9896363616 0.0774865299 0.9317803979 0.0862172544 0.3526355922
-310.2 312.2 2215.4 0.1420783699 0.2180538177 -0.9655393958 0.9471846223 0.2533604205 0.1965954602 0.2874978483 -0.9424760342 -0.1705401838
-348.9 54.0 2137.0 -0.3483053446 0.2270287871 -0.9094731212 0.9266538024 0.2297551185 -0.2975320816 0.1414077580 -0.9463987350 -0.2904020250
-212.6 277.7 2480.9 -0.0140172653 -0.7338721156 -0.6791430116 -0.1728743911 0.6707601547 -0.7212456465 0.9848441482 0.1072965488 -0.1362699270
-214.6 253.2 2621.0 0.6549099684 -0.7338721156 -0.1803459078 0.6567176580 0.6707601547 -0.3446777165 0.3739182055 0.1072965488 0.9212343097
-334.5 -82.8 2232.3 0.1813145578 -0.0000252689 -0.9834251404 0.0548148081 0.9984456301 0.0100805769 0.9818963408 -0.0557340160 0.1810341179
-334.5 -473.9 2254.2 0.1495223641 0.1972454041 -0.9688845873 -0.1154443175 0.9766808748 0.1810167283 0.9819957614 0.0847861692 0.1688064933
-271.5 -104.1 2400.4 -0.9741042256 0.0517676584 0.2200932503 -0.0024899633 0.9709206820 -0.2393884063 -0.2260856628 -0.2337372899 -0.9456490874
-291.8 -484.4 2492.0 -0.9741042256 -0.0700578168 0.2149716914 -0.0024899633 0.9540504217 0.2996357381 -0.2260856628 0.2913411558 -0.9295189977
-249.6 -210.2 2096.7 0 0 0 0 0 0 0 0 0
-47.1 421.1 2716.7 0 0 0 0 0 0 0 0 0
-408.8 -841.7 2222.2 0 0 0 0 0 0 0 0 0
-269.6 -787.1 2399.5 0 0 0 0 0 0 0 0 0
-239.3 490.5 2366.2 23 0.3329486549 0.1173308939 -0.9356167316 -0.1287775040 0.9885895848 0.0781471729 0.9341100454 0.0944673941 0.3442591727
-262.6 294.0 2347.4 0.3329486549 0.1173308939 -0.9356167316 -0.1287775040 0.9885895848 0.0781471729 0.9341100454 0.0944673941 0.3442591727
-284.4 100.1 2330.4 0.3340000808 0.1113451123 -0.9359734058 -0.1196803674 0.9899709225 0.0750610754 0.9349441528 0.0869472399 0.3439761996
-310.2 311.0 2214.2 0.1487594992 0.2499448508 -0.9567644596 0.9483847022 0.2379606813 0.2096213847 0.2800661027 -0.9385639429 -0.2016449720
-350.8 52.1 2137.7 -0.3565093875 0.2499448508 -0.9002380967 0.9238502979 0.2379606813 -0.2997920811 0.1392897815 -0.9385639429 -0.3157468438
-215.0 276.9 2480.6 0.0194664299 -0.7525323033 -0.6582676172 -0.1888982803 0.6437662840 -0.7415405512 0.9818037152 0.1387807578 -0.1296202242
-212.2 249.7 2622.2 0.6405127048 -0.7525323033 -0.1530967951 0.6664880514 0.6437662840 -0.3759768307 0.3814932704 0.1387807578 0.9138942957
-337.3 -81.8 2230.1 0.1720850468 -0.0048259711 -0.9850702882 0.0546901003 0.9984924793 0.0046622590 0.9835627675 -0.0546758957 0.1720895618
-335.4 -472.9 2251.6 0.1434412748 0.1927694380 -0.9707031250 -0.1011231840 0.9785673022 0.1793881506 0.9844788909 0.0724289268 0.1598604023
-275.4 -103.6 2398.6 -0.9789378047 0.0396894738 0.2002635747 -0.0084592421 0.9721934795 -0.2340261936 -0.2039833218 -0.2307911664 -0.9513812065
-291.0 -484.4 2489.0 -0.9789378047 -0.0669749454 0.1928603351 -0.0084592421 0.9571543932 0.2894544899 -0.2039833218 0.2817265093 -0.9375612140
-249.5 -210.4 2098.1 0 0 0 0 0 0 0 0 0
-48.3 420.2 2719.8 0 0 0 0 0 0 0 0 0
-408.0 -841.4 2224.3 0 0 0 0 0 0 0 0 0
-269.7 -788.3 2399.5 0 0 0 0 0 0 0 0 0
-237.9 492.4 2367.2 24 0.3120950162 0.1221640930 -0.9421638250 -0.1198974401 0.9888339043 0.0884990543 0.9424549341 0.0853429139 0.3232572973
-262.1 296.4 2350.3 0.3120950162 0.1221640930 -0.9421638250 -0.1198974401 0.9888339043 0.0884990543 0.9424549341 0.0853429139 0.3232572973
-284.4 102.4 2334.8 0.3131418526 0.1135368794 -0.9428952932 -0.1111069620 0.9903901219 0.0823565125 0.9431847334 0.0789729655 0.3227473497
-306.7 312.2 2215.9 0.1571885347 0.2460471094 -0.9564269781 0.9453839660 0.2425405681 0.2177687734 0.2855537236 -0.9384214878 -0.1944843829
-349.9 52.6 2137.5 -0.3543966413 0.2460471094 -0.9021440148 0.9236579537 0.2425405681 -0.2966986001 0.1458046883 -0.9384214878 -0.3132189214
-217.5 280.6 2484.7 0.0445338488 -0.7634494305 -0.6443303823 -0.2318502963 0.6194619536 -0.7500082254 0.9717315435 0.1827889532 -0.1494189501
-211.2 247.7 2622.4 0.6362988949 -0.7634494305 -0.1107638106 0.6728527546 0.6194619536 -0.4043959081 0.3773497939 0.1827889532 0.9078520536
-336.4 -83.0 2228.8 0.1509144902 -0.0035150633 -0.9885405898 0.0777981132 0.9969342947 0.0083320560 0.9854807258 -0.0781640261 0.1507252902
-335.0 -473.4 2259.4 0.1142443046 0.1980426908 -0.9735128880 -0.1161229536 0.9758734703 0.1848955750 0.9866426587 0.0919239298 0.1344852895
-276.0 -104.6 2397.9 -0.9776727557 0.0408047885 0.2061333209 -0.0098663839 0.9709689617 -0.2390020043 -0.2099014819 -0.2356995344 -0.9488872886
-292.0 -485.0 2490.2 -0.9776727557 -0.0700984821 0.1980963945 -0.0098663839 0.9569916725 0.2899475992 -0.2099014819 0.2815193534 -0.9363163114
-249.1 -210.2 2096.0 0 0 0 0 0 0 0 0 0
-48.3 420.0 2719.0 0 0 0 0 0 0 0 0 0
-409.6 -840.9 2224.8 0 0 0 0 0 0 0 0 0
-269.6 -790.7 2400.2 0 0 0 0 0 0 0 0 0
-237.5 489.9 2367.3 25 0.3156178892 0.1193344072 -0.9413525462 -0.1178459972 0.9893094301 0.0859022960 0.9415400624 0.0838223323 0.3263068199
-261.1 293.9 2350.6 0.3156178892 0.1193344072 -0.9413525462 -0.1178459972 0.9893094301 0.0859022960 0.9415400624 0.0838223323 0.3263068199
-282.9 99.8 2335.6 0.3166708648 0.1111395359 -0.9420018792 -0.1087992638 0.9908131957 0.0803235769 0.9422750473 0.0770529807 0.3258535862
-306.2 309.4 2216.4 0.1686948389 0.2164638191 -0.9616056681 0.9438548088 0.2456618994 0.2208809108 0.2840425968 -0.9448775649 -0.1628685147
-352.4 51.3 2138.7 -0.3637088835 0.2164638191 -0.9060128331 0.9184474349 0.2456618994 -0.3100072742 0.1554674804 -0.9448775649 -0.2881600559
-216.0 278.4 2484.9 0.0321903601 -0.7584986687 -0.6508790851 -0.2215937674 0.6295936108 -0.7446530461 0.9746075869 0.1682013869 -0.1478117257
-211.4 247.0 2623.3 0.6413683891 -0.7584986687 -0.1154399142 0.6754870415 0.6295936108 -0.3838348687 0.3638184667 0.1682013869 0.9161574244
-334.9 -81.5 2234.1 0.1541490257 0.0000022086 -0.9880475998 0.0588396005 0.9982252121 0.0091820192 0.9862940907 -0.0595517270 0.1538753211
-334.9 -472.4 2257.5 0.1216803342 0.1953857392 -0.9731486440 -0.1147247478 0.9766313434 0.1817400455 0.9859169126 0.0895300433 0.1412523985
-278.3 -101.6 2404.6 -0.9784393311 0.0367227644 0.2032436281 -0.0111413561 0.9732482433 -0.2294857055 -0.2062338591 -0.2268022448 -0.9518551826
-292.7 -482.8 2493.4 -0.9784393311 -0.0718924776 0.1936181933 -0.0111413561 0.9544689655 0.2981021404 -0.2062338591 0.2895176709 -0.9346908927
-248.9 -210.0 2094.5 0 0 0 0 0 0 0 0 0
-47.2 419.9 2716.4 0 0 0 0 0 0 0 0 0
-408.5 -840.2 2223.7 0 0 0 0 0 0 0 0 0
-269.6 -789.9 2400.3 0 0 0 0 0 0 0 0 0
-237.6 491.0 2367.3 26 0.2998537421 0.1194766313 -0.9464740157 -0.1150680408 0.9894126058 0.0884420499 0.9470201135 0.0823892355 0.3104270101
-261.3 294.6 2350.9 0.2998537421 0.1194766313 -0.9464740157 -0.1150680408 0.9894126058 0.0884420499 0.9470201135 0.0823892355 0.3104270101
-283.2 100.5 2336.3 0.3009753227 0.1119427606 -0.9470388889 -0.1054703817 0.9909014106 0.0836082473 0.9477815628 0.0747205317 0.3100435138
-304.2 309.6 2215.9 0.1820332557 0.2046817243 -0.9617532492 0.9435540438 0.2388889343 0.2294293493 0.2767122090 -0.9492299557 -0.1496425420
-354.2 50.1 2139.7 -0.3702234626 0.2046817243 -0.9061125517 0.9166128039 0.2388889343 -0.3205510974 0.1508493125 -0.9492299557 -0.2760562003
-218.4 279.6 2486.0 0.0553900823 -0.7638379931 -0.6430267692 -0.2326497436 0.6164154410 -0.7522673011 0.9709820151 0.1912681609 -0.1435634047
-210.6 246.8 2622.8 0.6380410194 -0.7638379931 -0.0972378626 0.6765494347 0.6164154410 -0.4028806686 0.3676744998 0.1912681609 0.9100725055
-333.3 -84.4 2235.3 0.1379828304 0.0120351696 -0.9903615117 0.0462791957 0.9987556338 0.0185850598 0.9893528223 -0.0483975559 0.1372541487
-338.0 -475.5 2254.2 0.1111305058 0.1867779195 -0.9760963321 -0.1022894233 0.9791134000 0.1757093966 0.9885276556 0.0803176537 0.1279147714
-276.0 -104.0 2405.6 -0.9749332070 0.0382359624 0.2191875875 -0.0095318379 0.9770414233 -0.2128360718 -0.2222933471 -0.2095902115 -0.9521856904
-291.0 -486.7 2487.7 -0.9752978683 -0.0675413832 0.2103144974 -0.0045467378 0.9580437541 0.2865859568 -0.2208469063 0.2785504162 -0.9346851110
-249.1 -210.2 2096.9 0 0 0 0 0 0 0 0 0
-47.2 420.1 2716.9 0 0 0 0 0 0 0 0 0
-408.3 -844.2 2224.0 0 0 0 0 0 0 0 0 0
-269.8 -787.0 2400.4 0 0 0 0 0 0 0 0 0
-239.9 492.1 2374.8 27 0.2523234785 0.1096572876 -0.9614094496 -0.1280982196 0.9885989428 0.0791389048 0.9591265321 0.1031862348 0.2634936273
-261.6 297.0 2354.4 0.2523234785 0.1096572876 -0.9614094496 -0.1280982196 0.9885989428 0.0791389048 0.9591265321 0.1031862348 0.2634936273
-282.0 103.2 2335.5 0.2531531155 0.1050585508 -0.9617048502 -0.1204540282 0.9897733331 0.0764172524 0.9598980546 0.0964959562 0.2632189393
-297.6 314.2 2217.8 0.1926737428 0.2399318367 -0.9514775872 0.9383742809 0.2384839356 0.2501582503 0.2869330347 -0.9410409927 -0.1791962534
-351.6 51.1 2137.3 -0.3616313338 0.2399318367 -0.9009192586 0.9215453267 0.2384839356 -0.3063979149 0.1413401514 -0.9410409927 -0.3073513210
-225.5 279.9 2491.0 0.1055374965 -0.7668350935 -0.6331080794 -0.2415490299 0.5978267789 -0.7643671632 0.9646325111 0.2335960418 -0.1221351251
-210.9 246.4 2624.6 0.6392484307 -0.7668350935 -0.0576666445 0.6786584854 0.5978267789 -0.4266447723 0.3616408408 0.2335960418 0.9025789499
-332.3 -84.0 2236.0 0.0883141458 0.0164683145 -0.9959565401 0.0657183975 0.9975885153 0.0223227255 0.9939224124 -0.0674240738 0.0870189071
-338.8 -474.7 2262.4 0.0545380600 0.1819704026 -0.9817903638 -0.1232890934 0.9769570827 0.1742259115 0.9908710122 0.1115421057 0.0757163092
-277.9 -103.1 2407.3 -0.9631080627 0.0359948725 0.2666968405 -0.0234480444 0.9760218263 -0.2164059579 -0.2680914402 -0.2146758437 -0.9391705394
-292.0 -485.4 2491.4 -0.9657021761 -0.0709140599 0.2497808337 0.0055445414 0.9561310410 0.2928867936 -0.2595930099 0.2842263579 -0.9229446650
-249.1 -210.3 2097.2 0 0 0 0 0 0 0 0 0
-47.2 420.2 2717.2 0 0 0 0 0 0 0 0 0
-407.3 -842.4 2220.4 0 0 0 0 0 0 0 0 0
-269.7 -786.9 2401.7 0 0 0 0 0 0 0 0 0
-240.4 491.0 2371.0 28 0.2598356605 0.1070325077 -0.9597027898 -0.1216831431 0.9895453453 0.0774155259 0.9579554200 0.0966643393 0.2701432407
-261.5 296.1 2352.0 0.2598356605 0.1070325077 -0.9597027898 -0.1216831431 0.9895453453 0.0774155259 0.9579554200 0.0966643393 0.2701432407
-281.4 102.1 2333.7 0.2602975070 0.1019247472 -0.9601336122 -0.1173071489 0.9903843999 0.0733334646 0.9583758116 0.0935420245 0.2697510719
-298.6 312.8 2215.5 0.1879619211 0.2347183079 -0.9537177682 0.9410914779 0.2348686457 0.2432767153 0.2810999155 -0.9432624578 -0.1767450422
-350.6 52.2 2137.7 -0.3568076491 0.2347183079 -0.9042099118 0.9234528542 0.2348686457 -0.3034329414 0.1411492974 -0.9432624578 -0.3005542159
-224.4 279.4 2488.5 0.1048167869 -0.7684708834 -0.6312415600 -0.2326776832 0.5981705785 -0.7668461800 0.9668890834 0.2272541821 -0.1161077172
-209.8 247.1 2622.8 0.6363879442 -0.7684708834 -0.0668044984 0.6773706675 0.5981705785 -0.4282067120 0.3690248728 0.2272541821 0.9012081623
-325.4 -79.7 2230.0 0.0951496214 0.0300857127 -0.9950082302 0.0760528669 0.9964020848 0.0374005623 0.9925535321 -0.0792318732 0.0925191715
-337.2 -469.9 2261.1 0.0597890131 0.1841638088 -0.9810754061 -0.1202396378 0.9770061374 0.1760722548 0.9909428358 0.1074369699 0.0805580243
-279.7 -101.5 2403.3 -0.9813551903 0.0314982571 0.1896044314 -0.0129308300 0.9734254479 -0.2286388725 -0.1917674989 -0.2268276960 -0.9548687935
-292.0 -482.8 2492.2 -0.9813551903 -0.0686192214 0.1795365661 -0.0129308300 0.9555535316 0.2945338786 -0.1917674989 0.2867208123 -0.9386247396
-249.1 -210.4 2097.5 0 0 0 0 0 0 0 0 0
-46.9 420.5 2717.3 0 0 0 0 0 0 0 0 0
-406.5 -837.8 2220.6 0 0 0 0 0 0 0 0 0
-270.2 -786.5 2401.0 0 0 0 0 0 0 0 0 0
-239.7 489.9 2368.2 29 0.3042628765 0.1233471259 -0.9445684552 -0.1325942576 0.9874122739 0.0862308666 0.9433148503 0.0990075022 0.3167880177
-264.0 294.9 2348.6 0.3042628765 0.1233471259 -0.9445684552 -0.1325942576 0.9874122739 0.0862308666 0.9433148503 0.0990075022 0.3167880177
-286.5 101.3 2330.0 0.3049994707 0.1146429479 -0.9454270601 -0.1264777184 0.9888105989 0.0791013166 0.9439166784 0.0954495966 0.3160864711
-307.4 313.0 2214.3 0.1626980603 0.2306540608 -0.9593372941 0.9462057948 0.2391345650 0.2179662883 0.2796855271 -0.9431931973 -0.1793394685
-352.5 51.3 2136.9 -0.3641485274 0.2306540608 -0.9023272991 0.9201052189 0.2391345650 -0.3101952076 0.1442298591 -0.9431931973 -0.2993065119
-220.6 276.9 2482.9 0.0696183816 -0.7612456083 -0.6447157860 -0.2093036175 0.6207521558 -0.7555519342 0.9753692746 0.1875416487 -0.1161156967
-210.6 246.7 2623.5 0.6413287520 -0.7612456083 -0.0959298760 0.6779127121 0.6207521558 -0.3938287795 0.3593491018 0.1875416487 0.9141643047
-324.8 -81.2 2228.8 0.1434278488 0.0308550615 -0.9891796708 0.0712840781 0.9965955615 0.0414223447 0.9870901704 -0.0764538795 0.1407400817
-336.9 -471.5 2258.7 0.1087962538 0.1873102784 -0.9762572646 -0.1227842271 0.9770985842 0.1737883538 0.9864519238 0.1009614691 0.1293034106
-277.8 -102.4 2401.9 -0.9770569801 0.0381685384 0.2095300257 -0.0113675222 0.9730619788 -0.2302632630 -0.2126745135 -0.2273621708 -0.9503030777
-292.7 -483.6 2491.0 -0.9770569801 -0.0724398717 0.2002801448 -0.0113675222 0.9567761421 0.2906030715 -0.2126745135 0.2816590667 -0.9356482625
-249.0 -210.3 2095.9 0 0 0 0 0 0 0 0 0
-46.4 420.3 2715.6 0 0 0 0 0 0 0 0 0
-407.4 -839.5 2220.7 0 0 0 0 0 0 0 0 0
-269.7 -787.8 2401.4 0 0 0 0 0 0 0 0 0
-237.1 490.0 2361.2 30 0.3933216333 0.1188897192 -0.9116815925 -0.1336858124 0.9884608388 0.0712269619 0.9096297026 0.0938637853 0.4046768844
-260.5 295.3 2342.7 0.3933216333 0.1188897192 -0.9116815925 -0.1336858124 0.9884608388 0.0712269619 0.9096297026 0.0938637853 0.4046768844
-280.8 101.4 2323.8 0.3937749863 0.1036976874 -0.9133389592 -0.1296560913 0.9899482131 0.0564960204 0.9100167751 0.0961732343 0.4032618999
-316.3 313.6 2213.7 0.1274431944 0.1374637485 -0.9822738767 0.9539532065 0.2541378140 0.1593339443 0.2715355754 -0.9573493004 -0.0987458378
-351.2 52.2 2139.3 -0.3586337864 0.1534989774 -0.9207713604 0.9218391180 0.2135172784 -0.3234548569 0.1469506025 -0.9648048878 -0.2180758715
-204.6 277.0 2471.7 -0.0356956162 -0.7514394522 -0.6588357687 -0.1960453391 0.6517117023 -0.7326923609 0.9799449444 0.1030077711 -0.1705794483
-210.1 246.7 2622.9 0.6379861236 -0.7514394522 -0.1682630032 0.6778706908 0.6517117023 -0.3402399123 0.3653286695 0.1030077711 0.9251617789
-336.4 -80.9 2226.2 0.2330952287 -0.0005652638 -0.9724537730 0.0701822191 0.9974019527 0.0162427742 0.9699180722 -0.0720350817 0.2325293124
-336.2 -471.4 2254.4 0.1999321133 0.1893547475 -0.9613386393 -0.1234524548 0.9781974554 0.1670006961 0.9720013738 0.0852908120 0.2189493924
-281.4 -103.8 2396.5 -0.9629738927 0.0586444065 0.2631390691 -0.0184960440 0.9593829513 -0.2815000117 -0.2689595222 -0.2759441733 -0.9227760434
-304.3 -479.1 2504.5 -0.9629738927 -0.1058538184 0.2479441613 -0.0184960440 0.9434654713 0.3309544325 -0.2689595222 0.3141144812 -0.9104904532
-249.1 -210.4 2097.4 0 0 0 0 0 0 0 0 0
-46.7 420.3 2716.5 0 0 0 0 0 0 0 0 0
-407.5 -839.8 2222.2 0 0 0 0 0 0 0 0 0
-269.4 -790.0 2401.0 0 0 0 0 0 0 0 0 0
-237.4 490.4 2363.7 31 0.3961092532 0.1084872410 -0.9117718935 -0.1307988018 0.9895356894 0.0609158725 0.9088394642 0.0951293334 0.4061542451
-258.7 295.5 2345.0 0.3961092532 0.1084872410 -0.9117718935 -0.1307988018 0.9895356894 0.0609158725 0.9088394642 0.0951293334 0.4061542451
-277.9 101.5 2326.9 0.3968117535 0.0981006771 -0.9126427174 -0.1240643635 0.9908807278 0.0525680780 0.9094770551 0.0923668072 0.4053639174
-315.1 313.1 2215.7 0.1402769387 0.1337109208 -0.9810422063 0.9524188638 0.2525693178 0.1706080288 0.2705933154 -0.9582954049 -0.0919191465
-353.6 51.8 2141.5 -0.3600012958 0.1466752142 -0.9213498235 0.9199965000 0.2198187411 -0.3244782686 0.1549370289 -0.9644511938 -0.2140757143
-202.3 277.9 2474.3 -0.0575150102 -0.7453032136 -0.6642402411 -0.2028453201 0.6601873636 -0.7231918573 0.9775202274 0.0931436419 -0.1891519576
-211.2 246.6 2625.0 0.6449210644 -0.7453032136 -0.1691150516 0.6784232855 0.6601873636 -0.3223266304 0.3518787026 0.0931436419 0.9313998222
-336.5 -80.8 2223.1 0.2350986451 -0.0039781965 -0.9719633460 0.0766684562 0.9969516993 0.0144641045 0.9689429998 -0.0779194236 0.2346870005
-335.0 -471.2 2253.6 0.2003187984 0.1973971426 -0.9596388936 -0.1169959456 0.9773031473 0.1766084731 0.9727200866 0.0768958628 0.2188668400
-265.7 -104.0 2386.8 -0.9660450220 0.0768719912 0.2466733307 -0.0035817043 0.9506387711 -0.3102791011 -0.2583490014 -0.3006270826 -0.9180845022
-295.8 -476.0 2504.4 -0.9660450220 -0.0866394043 0.2434145659 -0.0035817043 0.9465023279 0.3226771057 -0.2583490014 0.3108487725 -0.9146741629
-251.1 -210.1 2097.4 0 0 0 0 0 0 0 0 0
-46.0 420.4 2715.1 0 0 0 0 0 0 0 0 0
-409.3 -839.2 2224.6 0 0 0 0 0 0 0 0 0
-267.3 -786.8 2402.3 0 0 0 0 0 0 0 0 0
-238.3 490.8 2365.5 32 0.3910495043 0.1037188321 -0.9145067930 -0.1214103028 0.9907599092 0.0604511872 0.9123265743 0.0873911381 0.4000287056
-258.7 295.3 2348.3 0.3910495043 0.1037188321 -0.9145067930 -0.1214103028 0.9907599092 0.0604511872 0.9123265743 0.0873911381 0.4000287056
-277.6 101.1 2331.5 0.3915247023 0.0961266607 -0.9151328206 -0.1166962832 0.9916853905 0.0542412251 0.9127378464 0.0855558217 0.3994869590
-314.5 311.9 2218.4 0.1472525150 0.2136087865 -0.9657577276 0.9487514496 0.2455267310 0.1989657432 0.2796201706 -0.9455622435 -0.1665072143
-354.9 51.1 2141.5 -0.3618124723 0.2136087865 -0.9074486494 0.9189557433 0.2455267310 -0.3086047769 0.1568821967 -0.9455622435 -0.2851316631
-203.0 278.8 2478.2 -0.0551526919 -0.7465404272 -0.6630501747 -0.2147606760 0.6573878527 -0.7223012447 0.9751082063 0.1025602445 -0.1965842396
-211.3 246.5 2624.7 0.6456199288 -0.7465404272 -0.1607864350 0.6785041094 0.6573878527 -0.3278314173 0.3504384756 0.1025602445 0.9309534431
-332.9 -81.4 2226.8 0.2291141599 0.0103507871 -0.9733445048 0.0634347945 0.9976590872 0.0255411789 0.9713304043 -0.0675957501 0.2279212326
-337.0 -472.1 2253.2 0.1990066916 0.1895877421 -0.9614846706 -0.1096309274 0.9792571664 0.1704009026 0.9738466740 0.0714975372 0.2156634033
-261.4 -103.8 2390.8 -0.9585683346 0.0825090781 0.2726517618 0.0037679281 0.9607228041 -0.2774841189 -0.2848377526 -0.2649601698 -0.9212293625
-293.7 -479.6 2494.4 -0.9585683346 -0.0804055706 0.2732794881 0.0037679281 0.9556749463 0.2943997383 -0.2848377526 0.2832319438 -0.9157767892
-252.2 -209.8 2097.0 0 0 0 0 0 0 0 0 0
-45.9 420.3 2714.4 0 0 0 0 0 0 0 0 0
-408.4 -840.9 2226.3 0 0 0 0 0 0 0 0 0
-267.9 -785.2 2403.9 0 0 0 0 0 0 0 0 0
-236.6 490.1 2358.9 33 0.3549863994 0.1151350141 -0.9277545810 -0.0968727842 0.9915753007 0.0859888121 0.9298388958 0.0593493134 0.3631491959
-259.4 294.0 2347.2 0.3549863994 0.1151350141 -0.9277545810 -0.0968727842 0.9915753007 0.0859888121 0.9298388958 0.0593493134 0.3631491959
-280.3 99.6 2336.1 0.3556774557 0.1061664000 -0.9285592437 -0.0906763375 0.9927600026 0.0787738934 0.9301996231 0.0561802536 0.3627291322
-310.0 306.8 2214.8 0.1609250903 0.1829299331 -0.9698658586 0.9502440095 0.2368426174 0.2023410946 0.2667197883 -0.9541709423 -0.1357141584
-353.1 52.6 2143.5 -0.3525105715 0.1829299331 -0.9177542925 0.9218142033 0.2368426174 -0.3068616986 0.1612291336 -0.9541709423 -0.2521169484
-208.8 281.1 2479.5 -0.0115794530 -0.7567101717 -0.6536479592 -0.2330449671 0.6377328634 -0.7341572642 0.9723970294 0.1438282281 -0.1837320924
-210.5 246.6 2623.5 0.6401617527 -0.7567101717 -0.1325997859 0.6782028675 0.6377328634 -0.3651542664 0.3608791828 0.1438282281 0.9214552045
-331.7 -82.6 2232.3 0.1927435994 0.0109384367 -0.9811881781 0.0458211638 0.9987466931 0.0201352444 0.9801787138 -0.0488401242 0.1920008212
-336.0 -473.7 2251.5 0.1655631810 0.1919272244 -0.9673431516 -0.1037551612 0.9788264036 0.1764476299 0.9807261229 0.0711536109 0.1819710582
-261.1 -103.6 2397.1 -0.9290626645 0.1096568778 0.3532958329 0.0062017739 0.9595368505 -0.2815147340 -0.3698703945 -0.2593537569 -0.8921499252
-304.0 -479.1 2498.6 -0.9290626645 -0.1113988161 0.3527504504 0.0062017739 0.9487550855 0.3159514666 -0.3698703945 0.2957263887 -0.8807620406
-252.8 -209.7 2097.6 0 0 0 0 0 0 0 0 0
-46.5 420.3 2715.9 0 0 0 0 0 0 0 0 0
-408.3 -842.3 2224.7 0 0 0 0 0 0 0 0 0
-267.9 -786.2 2402.9 0 0 0 0 0 0 0 0 0
-237.2 489.4 2362.6 34 0.3609130681 0.1119163781 -0.9258598685 -0.1149729490 0.9905396104 0.0749167055 0.9254852533 0.0794104189 0.3703660369
-259.3 293.9 2346.9 0.3609130681 0.1119163781 -0.9258598685 -0.1149729490 0.9905396104 0.0749167055 0.9254852533 0.0794104189 0.3703660369
-280.2 99.8 2331.6 0.3612657487 0.1060914546 -0.9264079332 -0.1117669195 0.9912705421 0.0699343905 0.9257403612 0.0782768652 0.3699696064
-310.8 309.8 2215.1 0.1618174165 0.1834687442 -0.9696155787 0.9511125684 0.2329281867 0.2028037012 0.2630589306 -0.9550307393 -0.1368075907
-354.6 52.4 2143.9 -0.3554197252 0.1834687442 -0.9165238738 0.9215162992 0.2329281867 -0.3107284307 0.1564752907 -0.9550307393 -0.2518567145
-207.9 278.0 2478.7 -0.0223195124 -0.7552695870 -0.6550341249 -0.2201713771 0.6428247690 -0.7336899042 0.9752058387 0.1278441548 -0.1806362867
-211.2 244.9 2625.3 0.6416991949 -0.7552695870 -0.1333791614 0.6855658889 0.6428247690 -0.3417245746 0.3438335955 0.1278441548 0.9302872419
-333.3 -86.6 2241.1 0.1985768080 0.0143289482 -0.9799805880 0.0234280359 0.9995380044 0.0193622131 0.9798052907 -0.0268039070 0.1981493682
-338.9 -477.9 2251.6 0.1768773943 0.1849390864 -0.9667015672 -0.0997294486 0.9805003405 0.1693314165 0.9791672230 0.0664577112 0.1918722242
-269.1 -102.8 2409.0 -0.9335064888 0.0702383593 0.3516136408 -0.0103492439 0.9749392867 -0.2222303450 -0.3584110439 -0.2110924125 -0.9093852639
-296.5 -483.8 2491.5 -0.9357391596 -0.0935047418 0.3400722444 0.0102699092 0.9565837383 0.2912765443 -0.3525433540 0.2760513723 -0.8941525817
-253.5 -209.8 2099.4 0 0 0 0 0 0 0 0 0
-46.9 420.5 2713.3 0 0 0 0 0 0 0 0 0
-408.6 -847.2 2226.6 0 0 0 0 0 0 0 0 0
-267.4 -782.1 2405.4 0 0 0 0 0 0 0 0 0
-240.1 486.9 2364.9 35 0.3941382468 0.0983200446 -0.9137768745 -0.1295839548 0.9902735949 0.0506576076 0.9098697901 0.0984447151 0.4030454159
-259.5 291.3 2345.5 0.3941382468 0.0983200446 -0.9137768745 -0.1295839548 0.9902735949 0.0506576076 0.9098697901 0.0984447151 0.4030454159
-278.7 97.4 2326.8 0.3944731355 0.0977756605 -0.9136908054 -0.1262010187 0.9906655550 0.0515273474 0.9102001190 0.0949825570 0.4031303227
-315.7 309.2 2215.9 0.1459271610 0.1460541934 -0.9784545898 0.9528789520 0.2451265305 0.1787028909 0.2659454942 -0.9584264159 -0.1034013480
-355.1 51.8 2144.1 -0.3461748362 0.1604078710 -0.9243550897 0.9274240136 0.2072096020 -0.3113660812 0.1415896714 -0.9650562406 -0.2204968631
-203.3 273.4 2475.0 -0.0562848635 -0.7442850471 -0.6654861569 -0.1834718734 0.6629023552 -0.7258777618 0.9814122915 0.0812420547 -0.1738667339
-212.0 245.1 2626.6 0.6460241675 -0.7442850471 -0.1693886667 0.6837490797 0.6629023552 -0.3050372005 0.3393227756 0.0812420547 0.9371551275
-333.7 -84.1 2232.6 0.2325780243 0.0111806346 -0.9725134969 0.0503486209 0.9984547496 0.0235198177 0.9712736607 -0.0544349067 0.2316556871
-338.0 -475.0 2253.9 0.2039419562 0.1844680160 -0.9614464045 -0.1195383519 0.9794304967 0.1625620723 0.9716574550 0.0817764997 0.2217979729
-268.4 -104.3 2399.8 -0.9372885227 0.0966274217 0.3348931074 -0.0021510345 0.9591836929 -0.2827755511 -0.3485478759 -0.2657626569 -0.8988239765
-306.1 -478.8 2503.6 -0.9372885227 -0.1170955375 0.3282969594 -0.0021510345 0.9438064694 0.3304916024 -0.3485478759 0.3090598285 -0.8848708272
-256.7 -211.7 2103.9 0 0 0 0 0 0 0 0 0
-46.5 420.2 2713.5 0 0 0 0 0 0 0 0 0
-407.5 -843.9 2223.1 0 0 0 0 0 0 0 0 0
-268.1 -785.1 2403.3 0 0 0 0 0 0 0 0 0
-239.2 489.0 2365.6 36 0.3646903336 0.1090589240 -0.9247200489 -0.1263141036 0.9897311330 0.0669105053 0.9225214124 0.0924035609 0.3747210503
-260.8 293.1 2347.3 0.3646903336 0.1090589240 -0.9247200489 -0.1263141036 0.9897311330 0.0669105053 0.9225214124 0.0924035609 0.3747210503
-281.5 99.1 2330.4 0.3654430211 0.1054723933 -0.9248389006 -0.1193657592 0.9906666875 0.0658131912 0.9231485128 0.0863431245 0.3746220171
-312.8 310.0 2215.9 0.1518036872 0.1772593558 -0.9723861217 0.9541926980 0.2303339988 0.1909517497 0.2578215599 -0.9568309188 -0.1341740340
-353.7 52.8 2146.4 -0.3342311382 0.1836481988 -0.9244257212 0.9316589236 0.2126563191 -0.2945996225 0.1424822807 -0.9597138166 -0.2421738505
-208.7 276.1 2478.7 -0.0112853032 -0.7524548769 -0.6585471034 -0.1959733218 0.6474812031 -0.7364526987 0.9805442691 0.1207465678 -0.1547681093
-210.4 247.3 2623.1 0.6394400597 -0.7524548769 -0.1578862667 0.6741894484 0.6474812031 -0.3552980721 0.3695741594 0.1207465678 0.9213225245
-333.6 -85.2 2226.0 0.2037987113 0.0080676544 -0.9789795876 0.0671340153 0.9974970222 0.0221958533 0.9767082930 -0.0702463165 0.2027469873
-336.8 -475.8 2253.5 0.1718051732 0.1884998828 -0.9669285417 -0.1164590493 0.9785264730 0.1700682640 0.9782230258 0.0833889693 0.1900684386
-262.3 -107.9 2390.4 -0.9400233030 0.0949443728 0.3276305497 -0.0000739723 0.9604260921 -0.2785350382 -0.3411102295 -0.2618536651 -0.9028158784
-299.5 -483.5 2492.8 -0.9400233030 -0.1031864956 0.3251288235 -0.0000739723 0.9532104135 0.3023075759 -0.3411102295 0.2841521204 -0.8960476518
-258.4 -212.9 2105.8 0 0 0 0 0 0 0 0 0
-46.7 419.9 2717.7 0 0 0 0 0 0 0 0 0
-407.8 -844.3 2222.1 0 0 0 0 0 0 0 0 0
-267.1 -782.9 2403.5 0 0 0 0 0 0 0 0 0
-240.2 488.8 2366.9 37 0.3391307294 0.1138788834 -0.9338211417 -0.1280910522 0.9889912009 0.0740887076 0.9319780469 0.0944883674 0.3499841690
-262.8 292.8 2348.2 0.3391307294 0.1138788834 -0.9338211417 -0.1280910522 0.9889912009 0.0740887076 0.9319780469 0.0944883674 0.3499841690
-284.4 99.0 2330.9 0.3399298489 0.1099300310 -0.9340037704 -0.1210250929 0.9900002480 0.0724737123 0.9326310158 0.0884019211 0.3498349190
-311.2 310.0 2215.4 0.1647434831 0.2020266652 -0.9654246569 0.9542478323 0.2149879336 0.2078250349 0.2495408505 -0.9554922581 -0.1573656499
-355.7 52.3 2148.0 -0.3374493420 0.1984096318 -0.9201964736 0.9294707179 0.2249952853 -0.2923376262 0.1490372568 -0.9539448023 -0.2603404522
-214.4 275.6 2481.0 0.0256221127 -0.7560964227 -0.6539584994 -0.1924813986 0.6382011771 -0.7454194427 0.9809660912 0.1449740678 -0.1291824430
-210.7 247.7 2623.5 0.6383346319 -0.7560964227 -0.1443854123 0.6702747345 0.6382011771 -0.3787229359 0.3784979880 0.1449740678 0.9141781926
-335.2 -84.1 2230.1 0.1781418473 0.0099419998 -0.9839546084 0.0622168444 0.9978343248 0.0213464033 0.9820359349 -0.0650212392 0.1771374941
-339.1 -474.9 2255.5 0.1484169215 0.1800291091 -0.9724000692 -0.1143428236 0.9798193574 0.1639506072 0.9822922945 0.0868539289 0.1660068184
-269.2 -105.6 2396.8 -0.9333691001 0.0911461115 0.3471519351 -0.0038449324 0.9646235108 -0.2636033893 -0.3588973284 -0.2473740280 -0.8999993205
-304.9 -483.1 2493.6 -0.9333691001 -0.1156275496 0.3397827744 -0.0038449324 0.9498534799 0.3126717806 -0.3588973284 0.2905317247 -0.8870084882
-259.3 -213.3 2105.4 0 0 0 0 0 0 0 0 0
-47.2 419.3 2720.4 0 0 0 0 0 0 0 0 0
-406.9 -843.9 2222.8 0 0 0 0 0 0 0 0 0
-268.1 -785.3 2401.2 0 0 0 0 0 0 0 0 0
-241.0 488.7 2366.6 38 0.3367116153 0.1160304621 -0.9344314933 -0.1279543787 0.9888116121 0.0766760856 0.9328734875 0.0937468633 0.3477909565
-264.0 292.8 2348.0 0.3367116153 0.1160304621 -0.9344314933 -0.1279543787 0.9888116121 0.0766760856 0.9328734875 0.0937468633 0.3477909565
-285.7 98.9 2330.8 0.3375142217 0.1110357717 -0.9347487092 -0.1209600791 0.9899019003 0.0739115998 0.9335163832 0.0881210640 0.3475368619
-312.1 310.0 2215.1 0.1694792062 0.2039865553 -0.9641920328 0.9542509317 0.2105747312 0.2122814655 0.2463370413 -0.9560584426 -0.1589663327
-357.5 53.9 2148.9 -0.3329454362 0.1974032521 -0.9220516682 0.9301792383 0.2291215509 -0.2868273258 0.1546412557 -0.9531711936 -0.2599053681
-215.9 275.6 2481.0 0.0270399768 -0.7527192235 -0.6577861309 -0.1954126805 0.6413511038 -0.7419452071 0.9803482890 0.1486019343 -0.1297487617
-211.9 246.7 2626.0 0.6457777619 -0.7527192235 -0.1280034035 0.6754108667 0.6413511038 -0.3639902771 0.3560776114 0.1486019343 0.9225650430
-336.6 -84.0 2229.3 0.1758407801 0.0062936023 -0.9843984842 0.0612869412 0.9979697466 0.0173279084 0.9825090170 -0.0633777231 0.1750980616
-339.1 -474.9 2254.1 0.1476201862 0.1785489768 -0.9727941751 -0.1070907936 0.9806729555 0.1637441814 0.9832292795 0.0800053552 0.1638880670
-275.2 -105.8 2397.7 -0.9385653734 0.0870410055 0.3339444995 -0.0115339179 0.9592179656 -0.2824320495 -0.3449087441 -0.2689326406 -0.8992848396
-309.3 -481.3 2503.0 -0.9385653734 -0.1267971247 0.3209635019 -0.0115339179 0.9410610795 0.3380400240 -0.3449087441 0.3135706782 -0.8847097754
-262.7 -210.9 2104.9 0 0 0 0 0 0 0 0 0
-46.6 419.6 2717.1 0 0 0 0 0 0 0 0 0
-406.3 -844.2 2224.0 0 0 0 0 0 0 0 0 0
-268.7 -782.8 2402.6 0 0 0 0 0 0 0 0 0
-240.0 488.8 2368.4 39 0.3521219492 0.1171790734 -0.9285898805 -0.1353012621 0.9880834222 0.0733802468 0.9261229634 0.0998005942 0.3637803495
-263.2 293.0 2348.7 0.3521219492 0.1171790734 -0.9285898805 -0.1353012621 0.9880834222 0.0733802468 0.9261229634 0.0998005942 0.3637803495
-285.0 99.3 2330.3 0.3530360460 0.1111866385 -0.9289795756 -0.1273859441 0.9893795848 0.0700058043 0.9268971682 0.0936243683 0.3634502888
-313.5 311.2 2216.6 0.1607187539 0.1896259189 -0.9686132073 0.9523921013 0.2278000414 0.2026237845 0.2590728402 -0.9550650120 -0.1439864784
-356.8 54.7 2146.9 -0.3329053223 0.1931722611 -0.9229618311 0.9317420721 0.2179172337 -0.2904630899 0.1450198740 -0.9566590786 -0.2525325418
-212.9 274.9 2480.7 0.0016687500 -0.7514705062 -0.6597645879 -0.1950866580 0.6468441486 -0.7372475266 0.9807845950 0.1299415529 -0.1455224454
-212.6 245.3 2629.5 0.6460336447 -0.7514705062 -0.1339128911 0.6814410686 0.6468441486 -0.3423897326 0.3439165354 0.1299415529 0.9299659133
-338.0 -84.0 2229.1 0.1919855922 0.0013782001 -0.9813967943 0.0652410537 0.9977689981 0.0141639626 0.9792268276 -0.0667466298 0.1914673597
-338.5 -474.8 2255.3 0.1608883291 0.1822958291 -0.9699913263 -0.1189535037 0.9792119861 0.1642984003 0.9797780514 0.0889501721 0.1792285144
-277.0 -105.9 2397.8 -0.9612831473 0.0577811822 0.2694364190 -0.0131859705 0.9670038819 -0.2544202209 -0.2752467692 -0.2481226623 -0.9288026690
-299.6 -484.3 2494.9 -0.9612831473 -0.0986585170 0.2572958469 -0.0131859705 0.9491106868 0.3146665692 -0.2752467692 0.2990909815 -0.9136650562
-261.6 -211.6 2105.4 0 0 0 0 0 0 0 0 0
-47.2 419.8 2717.5 0 0 0 0 0 0 0 0 0
-407.2 -843.6 2221.8 0 0 0 0 0 0 0 0 0
-268.9 -779.5 2401.9 0 0 0 0 0 0 0 0 0
-239.4 487.0 2359.9 40 0.4026921690 0.1155146137 -0.9080172777 -0.1310295165 0.9890631437 0.0677153245 0.9059085250 0.0917086303 0.4134238064
-262.4 290.5 2341.6 0.4026921690 0.1155146137 -0.9080172777 -0.1310295165 0.9890631437 0.0677153245 0.9059085250 0.0917086303 0.4134238064
-282.2 96.4 2324.3 0.4036807418 0.1013717949 -0.9092665315 -0.1220046803 0.9909308553 0.0563107692 0.9067285657 0.0882031992 0.4123875201
-319.8 307.8 2212.6 0.1286509931 0.1368585378 -0.9822009206 0.9572525620 0.2416016161 0.1590476334 0.2590683699 -0.9606760144 -0.0999258980
-353.7 55.3 2144.3 -0.3243267834 0.1548354179 -0.9331870675 0.9366337061 0.1906409711 -0.2938933074 0.1323985904 -0.9693719745 -0.2068540454
-204.9 273.2 2470.7 -0.0441236310 -0.7421495914 -0.6687802672 -0.1659152210 0.6655794382 -0.7276511192 0.9851524234 0.0788542181 -0.1525017023
-211.9 246.8 2626.9 0.6430729628 -0.7421495914 -0.1888680309 0.6739749908 0.6655794382 -0.3205648065 0.3636137247 0.0788542181 0.9282063842
-338.7 -83.0 2228.2 0.2428342551 0.0033863513 -0.9700618982 0.0649125874 0.9976958632 0.0197322946 0.9678935409 -0.0677608997 0.2420549095
-340.0 -473.8 2254.8 0.2129759938 0.1776284873 -0.9607753754 -0.1235168427 0.9803412557 0.1538657248 0.9692186713 0.0859022439 0.2307292521
-274.9 -106.0 2395.7 -0.9480499029 0.0725043416 0.3097490668 -0.0094070341 0.9668660760 -0.2551107705 -0.3179824948 -0.2447715700 -0.9159552455
-303.3 -484.5 2491.6 -0.9480499029 -0.1067386940 0.2996801734 -0.0094070341 0.9510245919 0.3089720011 -0.3179824948 0.2901017666 -0.9026228786
-260.9 -212.7 2106.4 0 0 0 0 0 0 0 0 0
-47.3 419.4 2720.0 0 0 0 0 0 0 0 0 0
-406.9 -843.1 2222.4 0 0 0 0 0 0 0 0 0
-269.9 -781.7 2400.9 0 0 0 0 0 0 0 0 0
-239.0 485.9 2355.6 41 0.4585969746 0.1124035791 -0.8815068007 -0.1212400422 0.9906066060 0.0632410422 0.8803349733 0.0778717771 0.4679169953
-261.2 290.6 2340.2 0.4585969746 0.1124035791 -0.8815068007 -0.1212400422 0.9906066060 0.0632410422 0.8803349733 0.0778717771 0.4679169953
-281.3 96.4 2324.8 0.4589986801 0.1028461680 -0.8824641109 -0.1175406650 0.9915755391 0.0544257089 0.8806272745 0.0787440836 0.4672204852
-326.4 307.4 2215.1 0.0964863598 0.0800546110 -0.9921097159 0.9572776556 0.2655252814 0.1145243943 0.2725984156 -0.9607744813 -0.0510149226
-351.8 55.9 2143.4 -0.3296068013 0.1080636531 -0.9379134178 0.9331960082 0.1879632473 -0.3062923849 0.1431941837 -0.9762130976 -0.1627985388
-195.9 273.9 2465.4 -0.0914869905 -0.7328507900 -0.6742105484 -0.1578606963 0.6791618466 -0.7168118358 0.9832141995 0.0408523828 -0.1778228134
-210.7 248.4 2624.4 0.6405040026 -0.7328507900 -0.2295307517 0.6683898568 0.6791618466 -0.3033055365 0.3781662285 0.0408523828 0.9248358607
-338.5 -86.7 2225.2 0.3014987111 0.0019570864 -0.9534645677 0.0714441091 0.9971402287 0.0246383511 0.9507861137 -0.0755478516 0.3004966676
-339.2 -477.2 2254.7 0.2699084878 0.1810966879 -0.9457026124 -0.1338345855 0.9796766639 0.1494054347 0.9535395503 0.0862419158 0.2886600494
-265.6 -108.6 2388.8 -0.9311909080 0.1101405397 0.3474946618 -0.0021269687 0.9516049623 -0.3073166609 -0.3645256460 -0.2869095802 -0.8858916163
-308.7 -480.6 2501.0 -0.9311909080 -0.1232401580 0.3430675566 -0.0021269687 0.9429389834 0.3329587579 -0.3645256460 0.3093184531 -0.8783183694
-257.4 -211.3 2102.4 0 0 0 0 0 0 0 0 0
-46.7 419.5 2721.2 0 0 0 0 0 0 0 0 0
-407.4 -846.2 2222.3 0 0 0 0 0 0 0 0 0
-269.4 -781.0 2402.4 0 0 0 0 0 0 0 0 0
-238.3 486.5 2353.4 42 0.4749564826 0.1087070182 -0.8732692003 -0.1168721393 0.9913425446 0.0598403215 0.8722140193 0.0736392960 0.4835493863
-259.7 291.2 2338.9 0.4749564826 0.1087070182 -0.8732692003 -0.1168721393 0.9913425446 0.0598403215 0.8722140193 0.0736392960 0.4835493863
-279.3 96.8 2324.5 0.4754027128 0.1000417173 -0.8740617037 -0.1126316860 0.9922589660 0.0523096658 0.8725287318 0.0735788867 0.4829904735
-327.4 307.2 2214.7 0.0996322036 0.0616154633 -0.9931147695 0.9579446912 0.2639880180 0.1124823540 0.2691010535 -0.9625558853 -0.0327224992
-353.7 54.4 2143.7 -0.3445364535 0.0846810862 -0.9349458814 0.9245955944 0.2030390054 -0.3223323822 0.1625350267 -0.9755020738 -0.1482501030
