-10.2 334.1 2884.2 0 -0.6050821543 -0.0826516971 -0.7918612957 -0.2142040879 0.9748237133 0.0619303435 0.7668064833 0.2070928663 -0.6075527668
6.1 142.2 2843.4 -0.6050821543 -0.0826516971 -0.7918612957 -0.2142040879 0.9748237133 0.0619303435 0.7668064833 0.2070928663 -0.6075527668
19.6 -48.0 2806.6 -0.6068133116 -0.0693149790 -0.7918162942 -0.1919412911 0.9794868231 0.0613518842 0.7713210583 0.1892113835 -0.6076700687
89.0 168.4 2738.0 -0.6699423194 -0.7411284447 0.0436566100 -0.5706360936 0.4764255285 -0.6688745618 0.4749228060 -0.4730194211 -0.7420922518
250.0 305.5 2623.9 -0.5933144093 -0.7221316695 0.3556738198 -0.8033258915 0.5029367208 -0.3189391196 0.0514345951 -0.4749531746 -0.8785066605
-76.8 115.9 2948.7 -0.0160670578 0.0902381539 -0.9957906008 -0.9939643145 0.1066506654 0.0257022325 0.1085210517 0.9901932478 0.0879799426
-80.9 -140.2 2976.7 0.1248037964 0.0923924521 -0.9878702760 -0.9891233444 0.0896978602 -0.1165729463 0.0778393894 0.9916743040 0.1025821716
86.2 -218.9 2700.5 -0.6058868170 0.4373573661 0.6645447612 0.2070616782 0.8932312727 -0.3990781903 -0.7681319118 -0.1041944623 -0.6317569613
-83.6 -565.7 2741.0 -0.6065227389 0.0804287866 0.7909876108 0.1995491385 0.9784248471 0.0535249487 -0.7696169615 0.1903049946 -0.6094864607
-20.2 -253.9 2840.4 -0.4963495135 0.2040664405 0.8437973857 -0.0175122693 0.9694278836 -0.2447505891 -0.8679461479 -0.1362586468 -0.4776014090
-99.4 -630.1 2893.2 -0.4963495135 -0.2754711509 0.8232574463 -0.0175122693 0.9513033628 0.3077584505 -0.8679461479 0.1383386403 -0.4770030677
404.8 515.2 2610.5 0 0 0 0 0 0 0 0 0
-48.4 -398.2 2997.0 0 0 0 0 0 0 0 0 0
-116.6 -968.2 2662.7 0 0 0 0 0 0 0 0 0
-2.1 -966.2 2844.4 0 0 0 0 0 0 0 0 0
-11.9 338.4 2896.1 1 -0.5797564387 -0.0810722858 -0.8107464314 -0.2263679355 0.9718915224 0.0646870583 0.7827132344 0.2210297287 -0.5818125606
4.1 146.8 2852.5 -0.5797564387 -0.0810722858 -0.8107464314 -0.2263679355 0.9718915224 0.0646870583 0.7827132344 0.2210297287 -0.5818125606
17.1 -43.1 2814.3 -0.5818636417 -0.0668673515 -0.8105328083 -0.1985922158 0.9781273007 0.0618714169 0.7886670828 0.1969662309 -0.5824160576
83.6 173.9 2744.8 -0.6804931760 -0.7327229977 -0.0067916168 -0.5432587266 0.5107108355 -0.6663665771 0.4917306304 -0.4497682750 -0.7455933690
248.4 305.5 2625.7 -0.5925243497 -0.7327229977 0.3347117007 -0.8038377762 0.5107108355 -0.3049906194 0.0525327474 -0.4497682750 -0.8915989995
-75.4 119.7 2960.2 -0.0092464332 0.1205916703 -0.9926591516 -0.9946269393 0.1012531817 0.0215653498 0.1031104997 0.9875249267 0.1190074980
-77.7 -136.6 2986.7 0.1305360347 0.1228477284 -0.9838032126 -0.9891010523 0.0843077525 -0.1207114533 0.0681131110 0.9888380170 0.1325140148
87.4 -220.9 2700.8 -0.6190305352 0.4401436150 0.6504420042 0.2321257442 0.8937379122 -0.3838622272 -0.7502791882 -0.0866381079 -0.6554197073
-83.5 -567.8 2734.4 -0.6233270764 0.0815844536 0.7776936293 0.1882285923 0.9809535742 0.0479590073 -0.7589685917 0.1762783229 -0.6268114448
-21.4 -255.3 2839.0 -0.4776701629 0.1926632822 0.8571534753 -0.0209314916 0.9728848338 -0.2303409427 -0.8782898784 -0.1279684901 -0.4606853127
-96.1 -632.9 2888.7 -0.4776701629 -0.2715016901 0.8355345726 -0.0209314916 0.9542968869 0.2981263399 -0.8782898784 0.1249170676 -0.4615220726
403.0 515.3 2612.0 0 0 0 0 0 0 0 0 0
-43.7 -394.6 3004.5 0 0 0 0 0 0 0 0 0
-116.7 -967.5 2662.6 0 0 0 0 0 0 0 0 0
-1.4 -965.8 2845.1 0 0 0 0 0 0 0 0 0
-15.0 344.4 2903.0 2 -0.5793302059 -0.0912970006 -0.8099638224 -0.2268899083 0.9724953175 0.0526668914 0.7828776836 0.2142841369 -0.5841103196
3.2 150.8 2860.4 -0.5793302059 -0.0912970006 -0.8099638224 -0.2268899083 0.9724953175 0.0526668914 0.7828776836 0.2142841369 -0.5841103196
17.7 -39.1 2823.2 -0.5817351341 -0.0747506395 -0.8099361658 -0.1986302435 0.9786758423 0.0523418449 0.7887523174 0.1913269013 -0.5841778517
82.7 178.0 2752.6 -0.6726042628 -0.7382256985 -0.0512477532 -0.5234580040 0.5235912204 -0.6721934080 0.5230633020 -0.4252941012 -0.7385998368
243.3 303.0 2627.7 -0.5981378555 -0.7382256985 0.3118555844 -0.7995811701 0.5235912204 -0.2941466570 0.0538617857 -0.4252941012 -0.9034510851
-76.2 123.7 2968.1 -0.0017375210 0.1180319861 -0.9930082560 -0.9940642715 0.1078166068 0.0145547790 0.1087807119 0.9871393442 0.1171440482
-76.7 -132.4 2996.1 0.1380993724 0.1204185560 -0.9830706716 -0.9876512885 0.0908885598 -0.1276097000 0.0739833042 0.9885538220 0.1314831972
82.1 -215.1 2705.4 -0.6207458377 0.4249051809 0.6588855982 0.2204034030 0.9010862708 -0.3734513521 -0.7523941398 -0.0865977332 -0.6529960632
-82.8 -564.9 2739.0 -0.6234154105 0.0851928815 0.7772357464 0.1926577240 0.9801351428 0.0470967293 -0.7577837706 0.1791012883 -0.6274444461
-22.1 -250.7 2846.7 -0.5096049905 0.1973559409 0.8374684453 -0.0135885496 0.9713707566 -0.2371797711 -0.8603011966 -0.1322479695 -0.4923335910
-98.7 -627.8 2898.0 -0.5096049905 -0.2736097872 0.8157453537 -0.0135885496 0.9505318403 0.3103297353 -0.8603011966 0.1470607817 -0.4881137311
399.4 511.6 2613.7 0 0 0 0 0 0 0 0 0
-40.7 -390.1 3015.4 0 0 0 0 0 0 0 0 0
-117.6 -964.9 2665.9 0 0 0 0 0 0 0 0 0
-0.8 -968.0 2845.4 0 0 0 0 0 0 0 0 0
-9.3 333.4 2894.0 3 -0.5810126662 -0.0725900456 -0.8106509447 -0.2068854719 0.9764716029 0.0608411804 0.7871611714 0.2030614018 -0.5823601484
5.1 140.7 2853.9 -0.5810126662 -0.0725900456 -0.8106509447 -0.2068854719 0.9764716029 0.0608411804 0.7871611714 0.2030614018 -0.5823601484
16.0 -49.8 2818.4 -0.5827134848 -0.0562185198 -0.8107308149 -0.1810317487 0.9815174937 0.0620553344 0.7922578454 0.1829285026 -0.5821208358
84.6 165.4 2745.7 -0.6570805907 -0.7534244061 -0.0244283359 -0.5658953190 0.5144221187 -0.6443076134 0.4980036020 -0.4095381498 -0.7643761635
240.0 299.2 2628.0 -0.5991684198 -0.7427569628 0.2988466024 -0.7987291217 0.5288887620 -0.2868945301 0.0550362766 -0.4105956256 -0.9101550579
-74.5 115.9 2962.1 -0.0195183661 0.1231817603 -0.9921921492 -0.9928679466 0.1143488362 0.0337281935 0.1176107228 0.9857740998 0.1200713217
-79.5 -139.8 2992.4 0.1203154027 0.1252633631 -0.9848011732 -0.9893159270 0.0973982662 -0.1084782556 0.0823295712 0.9873310924 0.1356435567
84.3 -211.3 2715.4 -0.6099014878 0.4301376641 0.6655837893 0.2439655662 0.9009994864 -0.3587209582 -0.7539900541 -0.0564049184 -0.6544597149
-82.6 -560.9 2737.3 -0.6160840392 0.0827879980 0.7833176851 0.1845291704 0.9819567204 0.0413513444 -0.7657607198 0.1700208634 -0.6202446818
-19.9 -246.9 2856.7 -0.5080685019 0.1859857738 0.8409968615 0.0099735856 0.9776133299 -0.2101730853 -0.8612589240 -0.0983945653 -0.4985494614
-92.0 -626.2 2894.9 -0.5046601892 -0.2539236844 0.8251308203 -0.0030384192 0.9562833309 0.2924259007 -0.8633127213 0.1450686157 -0.4833696485
396.3 507.6 2613.6 0 0 0 0 0 0 0 0 0
-48.2 -397.9 3013.9 0 0 0 0 0 0 0 0 0
-116.8 -966.9 2667.0 0 0 0 0 0 0 0 0 0
-2.8 -962.1 2844.0 0 0 0 0 0 0 0 0 0
-7.4 332.9 2901.0 4 -0.5647019148 -0.0583807193 -0.8232274652 -0.2062672228 0.9758217931 0.0722890273 0.7991030216 0.2106266022 -0.5630904436
4.1 140.3 2859.4 -0.5647019148 -0.0583807193 -0.8232274652 -0.2062672228 0.9758217931 0.0722890273 0.7991030216 0.2106266022 -0.5630904436
12.9 -50.2 2823.1 -0.5661205053 -0.0453796014 -0.8230724335 -0.1795094609 0.9813076854 0.0693652630 0.8045395613 0.1870183945 -0.5636844635
81.5 164.8 2749.5 -0.6576982737 -0.7519503832 -0.0447620824 -0.5585601330 0.5266928673 -0.6407848597 0.5054142475 -0.3964407742 -0.7664144635
240.1 299.5 2627.6 -0.5970739126 -0.7511834502 0.2814714611 -0.7993610501 0.5277208686 -0.2872847617 0.0672651902 -0.3965275586 -0.9155551791
-73.2 115.7 2969.3 -0.0237363391 0.1459300071 -0.9890100956 -0.9930654168 0.1104989722 0.0401379652 0.1151419356 0.9831044674 0.1422951967
-79.3 -140.1 2998.9 0.1152704135 0.1479285061 -0.9822575450 -0.9903638363 0.0935291052 -0.1021361724 0.0767608210 0.9845656157 0.1572841853
79.1 -224.1 2712.0 -0.6312373281 0.4180006683 0.6533107162 0.2369944453 0.9060065746 -0.3506931961 -0.7384938002 -0.0665396079 -0.6709690094
-83.2 -575.7 2737.8 -0.6361912489 0.0867540464 0.7666383982 0.1896703988 0.9807501435 0.0464138053 -0.7478541732 0.1749366671 -0.6403993368
-25.3 -256.5 2853.9 -0.5277416110 0.1675719172 0.8327115178 0.0124622742 0.9817689061 -0.1896695793 -0.8493135571 -0.0897190571 -0.5202086568
-90.3 -637.5 2888.7 -0.5174519420 -0.2589752376 0.8155828118 -0.0272534192 0.9576081038 0.2867819965 -0.8552781343 0.1261684895 -0.5025741458
395.9 508.1 2610.1 0 0 0 0 0 0 0 0 0
-49.2 -398.5 3019.0 0 0 0 0 0 0 0 0 0
-117.6 -965.1 2668.3 0 0 0 0 0 0 0 0 0
-1.8 -964.8 2845.6 0 0 0 0 0 0 0 0 0
-7.8 334.5 2893.0 5 -0.5591618419 -0.0565328188 -0.8271288276 -0.1841064095 0.9812291265 0.0573956929 0.8083581328 0.1843731999 -0.5590739250
3.4 140.0 2856.4 -0.5591618419 -0.0565328188 -0.8271288276 -0.1841064095 0.9812291265 0.0573956929 0.8083581328 0.1843731999 -0.5590739250
12.2 -51.2 2825.1 -0.5604642034 -0.0453231223 -0.8269374967 -0.1589546502 0.9858242869 0.0537014678 0.8127812147 0.1615433097 -0.5597235560
80.0 161.7 2745.4 -0.6600924730 -0.7508130670 -0.0236155372 -0.5675704479 0.5190918446 -0.6390676498 0.4920789599 -0.4084402621 -0.7687879205
237.5 297.2 2628.0 -0.5983387232 -0.7487030625 0.2853673100 -0.7974636555 0.5219135284 -0.3027507365 0.0777333379 -0.4087175429 -0.9093445539
-73.1 118.3 2967.4 -0.0216467176 0.1524165422 -0.9880792499 -0.9897372723 0.1363644004 0.0427179858 0.1412497610 0.9788635969 0.1479005069
-78.7 -136.6 3003.8 0.1171578243 0.1544482261 -0.9810299873 -0.9878758192 0.1194422469 -0.0991710126 0.1018596366 0.9807544351 0.1665692627
72.4 -224.6 2714.8 -0.6293091178 0.4053027928 0.6630985737 0.2327708155 0.9123678803 -0.3367530406 -0.7414767742 -0.0575717725 -0.6685040593
-84.9 -578.7 2737.1 -0.6336867213 0.0857816860 0.7688189745 0.1898946315 0.9806741476 0.0470979810 -0.7499207854 0.1758399606 -0.6377297044
-29.0 -256.7 2858.9 -0.4822853506 0.1767841280 0.8579908013 0.0016145313 0.9796034098 -0.2009341866 -0.8760126829 -0.0955223590 -0.4727337956
-97.6 -636.9 2896.0 -0.4822853506 -0.2790294886 0.8303874731 0.0016145313 0.9476308823 0.3193636835 -0.8760126829 0.1553651094 -0.4565779865
393.6 505.2 2607.7 0 0 0 0 0 0 0 0 0
-48.2 -394.2 3030.4 0 0 0 0 0 0 0 0 0
-118.6 -964.8 2667.9 0 0 0 0 0 0 0 0 0
-0.1 -968.0 2841.7 0 0 0 0 0 0 0 0 0
-6.4 335.7 2900.5 6 -0.5318565369 -0.0497078151 -0.8453743458 -0.1957331449 0.9784599543 0.0656098127 0.8239036202 0.2003627867 -0.5301297903
3.4 142.3 2860.9 -0.5318565369 -0.0497078151 -0.8453743458 -0.1957331449 0.9784599543 0.0656098127 0.8239036202 0.2003627867 -0.5301297903
10.4 -48.8 2827.5 -0.5332220197 -0.0361170657 -0.8452039957 -0.1645035297 0.9844439626 0.0617148988 0.8298270106 0.1719467938 -0.5308685899
76.2 164.8 2747.6 -0.6690633297 -0.7410408258 -0.0566813126 -0.5480660200 0.5434654355 -0.6358214617 0.5019739866 -0.3943397105 -0.7697520852
237.1 296.5 2626.9 -0.5985739231 -0.7541254163 0.2701928318 -0.7969404459 0.5264006257 -0.2962909341 0.0812108517 -0.3926796019 -0.9160826802
-69.4 119.8 2974.1 -0.0207550507 0.1859779656 -0.9823346734 -0.9909166694 0.1267485470 0.0449327156 0.1328659952 0.9743443727 0.1816579998
-74.7 -135.5 3008.4 0.1165634841 0.1880036443 -0.9752269387 -0.9892019629 0.1098084524 -0.0970650315 0.0888395831 0.9760106206 0.1987732351
71.2 -228.3 2721.0 -0.6456825137 0.4051087797 0.6472873688 0.2586022913 0.9135892987 -0.3138143718 -0.7184837461 -0.0352344476 -0.6946507096
-86.0 -582.9 2734.7 -0.6536245346 0.0816977620 0.7523964643 0.1857391447 0.9810681939 0.0548282564 -0.7336729169 0.1755865663 -0.6564247608
-29.2 -256.8 2866.5 -0.5078800321 0.1799061149 0.8424319625 0.0320915543 0.9812210798 -0.1901981682 -0.8608298302 -0.0695628971 -0.5041160583
-99.0 -637.5 2893.5 -0.4943015277 -0.2842539847 0.8215020895 -0.0152552081 0.9477169514 0.3187473714 -0.8691566586 0.1450251341 -0.4727942646
393.3 504.5 2605.7 0 0 0 0 0 0 0 0 0
-44.3 -393.5 3031.5 0 0 0 0 0 0 0 0 0
-118.0 -967.1 2665.9 0 0 0 0 0 0 0 0 0
-2.0 -960.9 2844.1 0 0 0 0 0 0 0 0 0
-9.0 332.2 2903.7 7 -0.5240479708 -0.0605756417 -0.8495318294 -0.2152139693 0.9745151401 0.0632708073 0.8240489364 0.2159880549 -0.5237293839
3.0 139.6 2861.0 -0.5240479708 -0.0605756417 -0.8495318294 -0.2152139693 0.9745151401 0.0632708073 0.8240489364 0.2159880549 -0.5237293839
12.0 -50.8 2824.6 -0.5257618427 -0.0466392040 -0.8493522406 -0.1839522123 0.9811025262 0.0599953830 0.8305034637 0.1877835095 -0.5244056582
74.8 164.8 2747.6 -0.6733854413 -0.7364901900 -0.0642980039 -0.5432903171 0.5519665480 -0.6325887442 0.5013858080 -0.3910435736 -0.7718142271
237.4 296.0 2626.5 -0.5980171561 -0.7552345991 0.2683210075 -0.7975654602 0.5276931524 -0.2922828794 0.0791509748 -0.3887937367 -0.9179186225
-68.8 114.5 2974.4 -0.0081272256 0.1908743978 -0.9815807939 -0.9930734634 0.1135215089 0.0302973352 0.1172135249 0.9750280976 0.1886296868
-70.9 -141.3 3004.6 0.1289096028 0.1931117624 -0.9726716876 -0.9890143275 0.0965878293 -0.1118992120 0.0723391920 0.9764111042 0.2034413964
65.1 -225.1 2719.9 -0.6591923237 0.3884436190 0.6438765526 0.2486116439 0.9206769466 -0.3009089530 -0.7096884847 -0.0382816643 -0.7034748197
-85.6 -582.4 2734.8 -0.6659691930 0.0838286206 0.7412542105 0.1858542114 0.9809780121 0.0560390018 -0.7224563956 0.1750854701 -0.6688809991
-30.4 -254.6 2868.5 -0.4625528157 0.1837156266 0.8673485518 0.0139921708 0.9796861410 -0.2000482231 -0.8864812851 -0.0803967863 -0.4557271600
-101.7 -634.8 2899.7 -0.4625528157 -0.2901558280 0.8377675414 0.0139921708 0.9424237013 0.3341283202 -0.8864812851 0.1662741750 -0.4318608344
393.4 504.1 2605.9 0 0 0 0 0 0 0 0 0
-37.3 -399.2 3023.5 0 0 0 0 0 0 0 0 0
-118.4 -965.9 2666.3 0 0 0 0 0 0 0 0 0
-1.1 -961.5 2842.0 0 0 0 0 0 0 0 0 0
-10.3 333.3 2905.3 8 -0.5245015025 -0.0680315793 -0.8486871719 -0.2241160274 0.9726805091 0.0605360866 0.8213831186 0.2219556570 -0.5254193544
3.2 140.4 2861.3 -0.5245015025 -0.0680315793 -0.8486871719 -0.2241160274 0.9726805091 0.0605360866 0.8213831186 0.2219556570 -0.5254193544
13.9 -49.6 2823.6 -0.5263910890 -0.0554408170 -0.8484330773 -0.1942426115 0.9793239236 0.0565195568 0.8277573586 0.1945532560 -0.5262763500
75.1 167.0 2748.3 -0.6700919271 -0.7403352857 -0.0536696538 -0.5342083573 0.5311951637 -0.6576116681 0.5153622031 -0.4119895101 -0.7514429092
235.6 295.0 2624.8 -0.6007772088 -0.7403352857 0.3016130030 -0.7977907658 0.5311951637 -0.2852395773 0.0509575643 -0.4119895101 -0.9097625613
-68.7 113.9 2974.4 0.0000291616 0.1873149723 -0.9822999239 -0.9939056039 0.1082886085 0.0206200704 0.1102343425 0.9763128161 0.1861765534
-68.7 -142.1 3002.8 0.1371545643 0.1896940172 -0.9722164273 -0.9883649349 0.0913589820 -0.1216071844 0.0657525510 0.9775835872 0.2000172138
68.1 -224.7 2713.8 -0.6624926925 0.3956646919 0.6360447407 0.2406699061 0.9165256619 -0.3194662035 -0.7093528509 -0.0585671961 -0.7024161220
-85.4 -580.4 2736.5 -0.6674294472 0.0825124830 0.7400875688 0.1921447814 0.9792708158 0.0641018897 -0.7194569707 0.1849874556 -0.6694484949
-26.1 -257.6 2862.5 -0.4607488811 0.1766921282 0.8697645664 0.0138252154 0.9812926054 -0.1920252144 -0.8874228597 -0.0764507204 -0.4545722604
-94.6 -638.5 2892.2 -0.4572303891 -0.2714168429 0.8469198942 0.0013452760 0.9520805478 0.3058445156 -0.8893472552 0.1409807354 -0.4349550009
392.3 503.1 2611.5 0 0 0 0 0 0 0 0 0
-32.9 -399.9 3020.0 0 0 0 0 0 0 0 0 0
-117.9 -965.8 2663.7 0 0 0 0 0 0 0 0 0
-4.2 -955.8 2845.2 0 0 0 0 0 0 0 0 0
-3.9 334.6 2898.7 9 -0.5076617002 -0.0479491353 -0.8602212071 -0.2041956931 0.9766982794 0.0660649762 0.8370087743 0.2091921121 -0.5056233406
5.6 140.9 2857.2 -0.5076617002 -0.0479491353 -0.8602212071 -0.2041956931 0.9766982794 0.0660649762 0.8370087743 0.2091921121 -0.5056233406
13.3 -49.8 2822.1 -0.5089352131 -0.0396086648 -0.8598930836 -0.1756961942 0.9826914668 0.0587222837 0.8426836729 0.1809657812 -0.5070853829
75.1 164.9 2742.1 -0.6867246628 -0.7268740535 -0.0079569481 -0.5350107551 0.5128089190 -0.6714093089 0.4921104312 -0.4568163157 -0.7410439849
236.4 290.6 2626.6 -0.5874042511 -0.7268740535 0.3558234870 -0.8088542223 0.5128089190 -0.2877183259 0.0266655404 -0.4568163157 -0.8891612887
-63.9 116.9 2972.3 -0.0085669653 0.2114960849 -0.9773412943 -0.9920783043 0.1207002997 0.0348156169 0.1253287494 0.9698973298 0.2087866366
-66.1 -138.6 3004.5 0.1274946481 0.2137119174 -0.9685413241 -0.9888000488 0.1037736386 -0.1072634235 0.0775855854 0.9713692665 0.2245489508
71.8 -222.3 2711.7 -0.6772074699 0.3947511315 0.6209360957 0.2356635034 0.9158119559 -0.3251940608 -0.6970313787 -0.0738918707 -0.7132230997
-81.4 -577.7 2740.4 -0.6804828048 0.0935726315 0.7267649174 0.2050888389 0.9764950275 0.0663023442 -0.7034782767 0.1941689849 -0.6836788058
-22.5 -257.1 2860.0 -0.4834327996 0.1590017825 0.8608200550 -0.0057971911 0.9827625751 -0.1847814023 -0.8753622770 -0.0943197310 -0.4741778672
-84.2 -638.5 2896.6 -0.4885529280 -0.2436253428 0.8378321528 0.0139307510 0.9579280615 0.2866701484 -0.8724230528 0.1517251730 -0.4646046758
389.5 501.5 2619.6 0 0 0 0 0 0 0 0 0
-32.8 -396.5 3024.8 0 0 0 0 0 0 0 0 0
-118.4 -964.2 2663.5 0 0 0 0 0 0 0 0 0
-3.7 -954.9 2846.5 0 0 0 0 0 0 0 0 0
-4.4 335.1 2890.3 0 -0.5047397614 -0.0514570065 -0.8617365956 -0.1839933693 0.9816979170 0.0491490550 0.8434359431 0.1833613068 -0.5049697757
5.8 140.1 2853.9 -0.5047397614 -0.0514570065 -0.8617365956 -0.1839933693 0.9816979170 0.0491490550 0.8434359431 0.1833613068 -0.5049697757
13.2 -51.2 2822.4 -0.5058720112 -0.0382806100 -0.8617587090 -0.1591668278 0.9860032201 0.0496348217 0.8477967978 0.1622722745 -0.5048844218
74.9 161.8 2738.1 -0.6993159652 -0.7141926885 0.0297654979 -0.5396929383 0.5002303720 -0.6771270633 0.4687096179 -0.4895900190 -0.7352638245
241.5 290.5 2626.4 -0.5722562075 -0.7141926885 0.4030528963 -0.8200690150 0.5002303720 -0.2779503465 -0.0031091839 -0.4895900190 -0.8719472289
-63.3 118.4 2969.7 -0.0087968353 0.2152276486 -0.9765242934 -0.9894984365 0.1390261650 0.0395553187 0.1442758292 0.9666171670 0.2117444277
-65.6 -136.5 3006.8 0.1271272451 0.2174383998 -0.9677599072 -0.9872342348 0.1221240535 -0.1022463441 0.0959544778 0.9684039950 0.2301879227
66.6 -224.7 2711.6 -0.6761050820 0.3805383742 0.6309298277 0.2312258333 0.9226288795 -0.3086916208 -0.6995831132 -0.0628207177 -0.7117844224
-81.1 -582.8 2735.9 -0.6796715856 0.0979511440 0.7269471288 0.1993383765 0.9784117341 0.0545405336 -0.7059112787 0.1819781065 -0.6845240593
-24.5 -256.2 2862.5 -0.4800977409 0.1580830812 0.8628533483 0.0188949089 0.9852634668 -0.1699965447 -0.8770114779 -0.0653114244 -0.4760097265
-85.9 -638.5 2887.8 -0.4721764624 -0.2474499792 0.8460602164 -0.0128981099 0.9616283178 0.2740522623 -0.8814097047 0.1184884533 -0.4572498798
390.7 504.2 2627.2 0 0 0 0 0 0 0 0 0
-32.4 -394.0 3031.9 0 0 0 0 0 0 0 0 0
-119.4 -965.4 2664.8 0 0 0 0 0 0 0 0 0
-3.1 -960.1 2848.2 0 0 0 0 0 0 0 0 0
-2.5 335.9 2889.6 1 -0.4928749204 -0.0432612039 -0.8690240383 -0.1791088283 0.9824180007 0.0526771024 0.8514660001 0.1816131026 -0.4919576645
6.1 141.9 2853.8 -0.4928749204 -0.0432612039 -0.8690240383 -0.1791088283 0.9824180007 0.0526771024 0.8514660001 0.1816131026 -0.4919576645
12.1 -49.7 2823.3 -0.4939011931 -0.0309725031 -0.8689662218 -0.1518811733 0.9870746732 0.0511436649 0.8561505079 0.1572395414 -0.4922215044
73.5 162.6 2736.8 -0.7113636136 -0.7017773390 0.0383456014 -0.5253669024 0.4947170019 -0.6922750473 0.4668526947 -0.5126047730 -0.7206142545
241.5 286.7 2626.6 -0.5616754889 -0.7017773390 0.4382114112 -0.8268479109 0.4947170019 -0.2675398588 -0.0290372446 -0.5126047730 -0.8581335545
-61.4 121.1 2970.7 -0.0115423687 0.2303618044 -0.9730365872 -0.9886203408 0.1433349401 0.0456610955 0.1499887109 0.9624907970 0.2260859311
-64.4 -133.6 3009.4 0.1236352175 0.2325155586 -0.9647024870 -0.9873137474 0.1264271736 -0.0960611925 0.0996288881 0.9643405676 0.2451966554
66.0 -228.3 2715.0 -0.6777803898 0.3907571137 0.6228343248 0.2486847043 0.9189970493 -0.3059417307 -0.6919317842 -0.0524719469 -0.7200534940
-85.7 -585.0 2735.4 -0.6836041212 0.0838034078 0.7250257730 0.1937289685 0.9785867333 0.0695492923 -0.7036721110 0.1880026758 -0.6852011085
-24.6 -256.8 2866.9 -0.4898837805 0.1812500507 0.8527381420 0.0346922092 0.9814270139 -0.1886728704 -0.8710972071 -0.0628444105 -0.4870731235
-95.0 -637.7 2891.3 -0.4766687751 -0.2739681005 0.8353013396 -0.0133718643 0.9523460269 0.3047265112 -0.8789812922 0.1340840757 -0.4576170743
387.9 502.2 2634.2 0 0 0 0 0 0 0 0 0
-32.1 -391.1 3035.3 0 0 0 0 0 0 0 0 0
-118.5 -968.6 2661.7 0 0 0 0 0 0 0 0 0
-0.6 -965.8 2845.1 0 0 0 0 0 0 0 0 0
-7.0 334.7 2886.8 2 -0.5340097547 -0.0504884981 -0.8439695239 -0.1810122281 0.9818969965 0.0557932369 0.8258742094 0.1825629324 -0.5334815979
3.0 140.4 2850.7 -0.5340097547 -0.0504884981 -0.8439695239 -0.1810122281 0.9818969965 0.0557932369 0.8258742094 0.1825629324 -0.5334815979
10.2 -51.2 2820.7 -0.5353684425 -0.0370303541 -0.8438065052 -0.1504422426 0.9872436523 0.0521257445 0.8311123848 0.1548506171 -0.5341100097
76.0 161.0 2737.3 -0.7074462175 -0.7060872912 0.0309933014 -0.5269047022 0.4976764917 -0.6889771819 0.4710533917 -0.5037448406 -0.7241200805
242.6 285.0 2626.4 -0.5549594760 -0.7060872912 0.4398417175 -0.8307710290 0.4976764917 -0.2492741793 -0.0428895578 -0.5037448406 -0.8627871275
-70.1 119.9 2964.1 -0.0204853173 0.1833046377 -0.9828426838 -0.9885200262 0.1434746683 0.0473623276 0.1496947706 0.9725298882 0.1782611907
-75.3 -134.8 3002.7 0.1168422401 0.1853334159 -0.9757045507 -0.9874730110 0.1265772730 -0.0942083970 0.1060420647 0.9744894505 0.1978013217
62.4 -227.7 2716.1 -0.6513168812 0.3833236098 0.6548659205 0.2290039957 0.9220791459 -0.3119730949 -0.7234248519 -0.0532264300 -0.6883483529
-86.4 -585.6 2736.8 -0.6544995904 0.0841518790 0.7513645887 0.1963653564 0.9786034822 0.0614478178 -0.7301170826 0.1877595484 -0.6570200920
-26.1 -254.9 2869.5 -0.4461089373 0.1709482074 0.8785007000 0.0380400121 0.9843231440 -0.1722232997 -0.8941698670 -0.0434121713 -0.4456182122
-92.4 -636.8 2886.3 -0.4334516823 -0.2670289874 0.8607062101 -0.0091964751 0.9563523531 0.2920713127 -0.9011299014 0.1186833307 -0.4169882536
387.3 501.7 2637.6 0 0 0 0 0 0 0 0 0
-44.9 -392.4 3030.3 0 0 0 0 0 0 0 0 0
-119.2 -966.8 2663.6 0 0 0 0 0 0 0 0 0
-1.8 -961.5 2846.0 0 0 0 0 0 0 0 0 0
-6.1 334.0 2885.4 3 -0.5353769660 -0.0488771684 -0.8431977630 -0.1797010154 0.9820584655 0.0571722910 0.8252751231 0.1821322292 -0.5345547795
3.6 140.4 2849.5 -0.5353769660 -0.0488771684 -0.8431977630 -0.1797010154 0.9820584655 0.0571722910 0.8252751231 0.1821322292 -0.5345547795
10.3 -51.4 2819.9 -0.5367608666 -0.0345956385 -0.8430248499 -0.1470445544 0.9877039790 0.0530915707 0.8308222890 0.1524596959 -0.5352479815
76.9 160.5 2736.0 -0.7060465217 -0.7078524232 0.0210537594 -0.5315698981 0.5101017952 -0.6761875749 0.4679014385 -0.4886114001 -0.7364286184
242.2 284.9 2626.5 -0.5581740141 -0.7078524232 0.4328818619 -0.8278563023 0.5101017952 -0.2333455682 -0.0556395799 -0.4886114001 -0.8707256317
-69.7 120.3 2962.9 -0.0233179592 0.1825217903 -0.9829252362 -0.9880883694 0.1453871578 0.0504377410 0.1521106958 0.9723930955 0.1769575328
-75.7 -134.3 3002.1 0.1141470969 0.1845056713 -0.9761803746 -0.9875110388 0.1284777075 -0.0911887363 0.1085925698 0.9743978381 0.1968667358
65.3 -229.4 2716.3 -0.6463805437 0.3951626718 0.6527163982 0.2371494174 0.9171209931 -0.3203891218 -0.7252257466 -0.0523019955 -0.6865217686
-88.1 -585.4 2736.6 -0.6506285667 0.0773698166 0.7554444671 0.1923090219 0.9791563749 0.0653451011 -0.7346425653 0.1877941787 -0.6519460678
-30.5 -256.3 2865.0 -0.4482026100 0.1592114568 0.8796397448 0.0177624170 0.9854038358 -0.1693038791 -0.8937554955 -0.0602579117 -0.4444885552
-92.3 -638.7 2888.4 -0.4431095421 -0.2688402832 0.8552069068 -0.0006035161 0.9540635347 0.2996038496 -0.8964672685 0.1322411895 -0.4229168892
387.8 500.9 2641.0 0 0 0 0 0 0 0 0 0
-45.9 -391.9 3030.4 0 0 0 0 0 0 0 0 0
-118.3 -967.6 2663.3 0 0 0 0 0 0 0 0 0
-1.2 -962.2 2843.6 0 0 0 0 0 0 0 0 0
-8.1 327.4 2884.7 4 -0.5448517203 -0.0498556867 -0.8370490074 -0.1830811650 0.9812203646 0.0607284270 0.8183018565 0.1863358915 -0.5437471867
1.8 134.1 2848.0 -0.5448517203 -0.0498556867 -0.8370490074 -0.1830811650 0.9812203646 0.0607284270 0.8183018565 0.1863358915 -0.5437471867
9.9 -57.3 2816.7 -0.5460332632 -0.0417474918 -0.8367226720 -0.1577063203 0.9860237837 0.0537201613 0.8227857351 0.1612894535 -0.5449855924
76.3 155.6 2735.6 -0.7033285499 -0.7106062770 0.0191743728 -0.5446850061 0.5213821530 -0.6568705440 0.4567791820 -0.4724398255 -0.7537595034
243.1 284.7 2627.3 -0.5573843122 -0.7106062770 0.4293733239 -0.8269302845 0.5213821530 -0.2105872184 -0.0742229894 -0.4724398255 -0.8782320619
-72.8 112.5 2960.3 -0.0198184755 0.1698956341 -0.9852627516 -0.9895816445 0.1372226775 0.0435675979 0.1426023394 0.9758613706 0.1654060483
-77.9 -142.4 2997.1 0.1181947067 0.1719471663 -0.9779898524 -0.9878644943 0.1203049570 -0.0982364565 0.1007655486 0.9777325392 0.1840799153
65.1 -229.9 2715.9 -0.6432727575 0.3918427527 0.6577684879 0.2300257981 0.9183324575 -0.3221081197 -0.7302659154 -0.0558996573 -0.6808722019
-87.1 -586.4 2737.6 -0.6463770866 0.0791559145 0.7589011788 0.1964995563 0.9783256054 0.0653214827 -0.7372819185 0.1913460493 -0.6479213238
-31.1 -256.3 2864.7 -0.4398171902 0.1384967268 0.8873440623 0.0074565094 0.9885666966 -0.1505997032 -0.8980563879 -0.0596198440 -0.4358213246
-84.8 -639.9 2887.9 -0.4402855933 -0.2491020858 0.8626103997 0.0092576733 0.9594322443 0.2817872167 -0.8978100419 0.1320526153 -0.4201180935
388.5 500.4 2646.7 0 0 0 0 0 0 0 0 0
-47.1 -400.1 3023.4 0 0 0 0 0 0 0 0 0
-117.8 -966.9 2663.2 0 0 0 0 0 0 0 0 0
-0.2 -965.6 2843.0 0 0 0 0 0 0 0 0 0
-10.0 330.4 2884.3 5 -0.5485545993 -0.0473651141 -0.8347721100 -0.1799501479 0.9816849828 0.0625498369 0.8165205717 0.1845293641 -0.5470311642
-0.6 136.9 2848.0 -0.5485545993 -0.0473651141 -0.8347721100 -0.1799501479 0.9816849828 0.0625498369 0.8165205717 0.1845293641 -0.5470311642
7.2 -54.5 2816.7 -0.5496039391 -0.0405141972 -0.8344424367 -0.1564528048 0.9861435294 0.0551676862 0.8206449151 0.1608712226 -0.5483269095
74.4 158.3 2735.9 -0.7181612253 -0.6954871416 0.0232834425 -0.5222649574 0.5165762901 -0.6785191894 0.4598737061 -0.4994462729 -0.7342135906
244.6 282.1 2626.9 -0.5475879312 -0.6954871416 0.4652366340 -0.8310977221 0.5165762901 -0.2059745491 -0.0970775485 -0.4994462729 -0.8608887196
-75.7 115.5 2960.1 -0.0223059524 0.1662694067 -0.9858280420 -0.9895027876 0.1371567547 0.0455219075 0.1427818686 0.9764950275 0.1614646316
-81.5 -139.4 2996.8 0.1158993393 0.1682817340 -0.9789017439 -0.9880627990 0.1202300265 -0.0963153914 0.1014852598 0.9783792496 0.1802074909
66.9 -234.6 2711.7 -0.6406486630 0.4001274705 0.6553375721 0.2293788195 0.9142473340 -0.3339717686 -0.7327718735 -0.0636380166 -0.6774920821
-88.4 -589.5 2736.4 -0.6437950134 0.0760117695 0.7614132762 0.1943449229 0.9786681533 0.0666234717 -0.7401067615 0.1908686608 -0.6448342204
-30.9 -262.8 2859.1 -0.4379295111 0.1395929307 0.8881056309 -0.0039762976 0.9875609875 -0.1571861058 -0.8990005255 -0.0723678097 -0.4319270253
-85.1 -646.1 2887.2 -0.4400625229 -0.2520297170 0.8618735075 0.0040831110 0.9592337012 0.2825846374 -0.8979578614 0.1278740317 -0.4210937321
387.4 498.8 2652.2 0 0 0 0 0 0 0 0 0
-51.2 -397.2 3023.3 0 0 0 0 0 0 0 0 0
-117.5 -963.6 2663.5 0 0 0 0 0 0 0 0 0
-1.8 -963.2 2844.9 0 0 0 0 0 0 0 0 0
-7.2 334.2 2881.6 6 -0.5208507180 -0.0386172906 -0.8527738452 -0.1682391316 0.9840269089 0.0581948198 0.8369050622 0.1737807542 -0.5190280676
0.5 139.8 2847.3 -0.5208507180 -0.0386172906 -0.8527738452 -0.1682391316 0.9840269089 0.0581948198 0.8369050622 0.1737807542 -0.5190280676
7.2 -51.9 2817.6 -0.5215836763 -0.0347707458 -0.8524913192 -0.1485476345 0.9876096249 0.0506047383 0.8401690722 0.1530301869 -0.5202861428
71.7 160.1 2732.6 -0.7289385200 -0.6833464503 0.0410638824 -0.5208973289 0.5147299767 -0.6809691191 0.4442010224 -0.5177747011 -0.7311598659
243.9 283.2 2627.7 -0.5448282957 -0.6833464503 0.4860038757 -0.8316069841 0.5147299767 -0.2085253149 -0.1076657325 -0.5177747011 -0.8487151861
-70.7 119.6 2962.0 -0.0176003911 0.1992331445 -0.9797940254 -0.9881430268 0.1460223794 0.0474428274 0.1525240391 0.9690116644 0.1943008006
-75.3 -135.0 3001.3 0.1190668717 0.2013040781 -0.9722652435 -0.9871491194 0.1291171759 -0.0941563472 0.1065820828 0.9709816575 0.2140907198
64.3 -231.9 2712.0 -0.6613294482 0.3926585317 0.6391108036 0.2314805388 0.9172875285 -0.3240375221 -0.7134844661 -0.0663538575 -0.6975221038
-88.1 -588.0 2737.8 -0.6647170782 0.0764994919 0.7431682348 0.1944452524 0.9781761765 0.0732285082 -0.7213475108 0.1931817830 -0.6650853753
-34.1 -259.9 2859.0 -0.4669441581 0.1226227954 0.8757435679 -0.0033699053 0.9900848866 -0.1404298544 -0.8842803836 -0.0685240701 -0.4619011283
-81.7 -644.2 2885.6 -0.4654458761 -0.2363738716 0.8529288173 -0.0095253196 0.9649602175 0.2622233629 -0.8850250840 0.1139263585 -0.4513882697
386.0 500.1 2655.7 0 0 0 0 0 0 0 0 0
-44.2 -392.6 3029.1 0 0 0 0 0 0 0 0 0
-117.7 -966.0 2663.1 0 0 0 0 0 0 0 0 0
-3.7 -962.9 2848.0 0 0 0 0 0 0 0 0 0
-7.1 332.2 2882.8 7 -0.5172741413 -0.0330164395 -0.8551826477 -0.1616144478 0.9850450158 0.0597255975 0.8404214382 0.1691043675 -0.5148742199
-0.5 138.1 2849.5 -0.5172741413 -0.0330164395 -0.8551826477 -0.1616144478 0.9850450158 0.0597255975 0.8404214382 0.1691043675 -0.5148742199
5.0 -53.8 2820.4 -0.5178606510 -0.0286491029 -0.8549851179 -0.1428447366 0.9883033037 0.0534040555 0.8434545994 0.1497859806 -0.5158957839
70.2 157.6 2734.3 -0.7341517210 -0.6775562763 0.0440311171 -0.5165969133 0.5153107643 -0.6837999821 0.4406232834 -0.5247592926 -0.7283397913
246.1 281.4 2628.7 -0.5295181274 -0.6775562763 0.5104194880 -0.8369662762 0.5153107643 -0.1842343509 -0.1381954998 -0.5247592926 -0.8399581313
-71.3 118.6 2964.7 -0.0221649129 0.2052080035 -0.9784673452 -0.9874923229 0.1483212262 0.0534758605 0.1561011523 0.9674143195 0.1993537992
-77.0 -135.9 3004.9 0.1142989993 0.2071985900 -0.9715989232 -0.9874027967 0.1314075291 -0.0881348252 0.1094140038 0.9694332480 0.2196082175
60.7 -230.3 2712.7 -0.6645785570 0.3856823742 0.6399878263 0.2309770435 0.9205815196 -0.3149273396 -0.7106229067 -0.0614714511 -0.7008825541
-89.0 -587.6 2736.6 -0.6679581404 0.0758726746 0.7403210402 0.1938115656 0.9781970978 0.0746157169 -0.7185186148 0.1933229566 -0.6680997014
-32.7 -256.9 2863.2 -0.4722625017 0.1321318150 0.8714982867 -0.0082529578 0.9879947901 -0.1542666256 -0.8814193010 -0.0800467804 -0.4655024111
-84.0 -640.4 2894.2 -0.4767803550 -0.2367471904 0.8465407491 0.0097586242 0.9615629911 0.2744109631 -0.8789682984 0.1390948296 -0.4561440349
384.2 499.6 2664.7 0 0 0 0 0 0 0 0 0
-47.2 -393.5 3033.4 0 0 0 0 0 0 0 0 0
-118.2 -963.9 2662.2 0 0 0 0 0 0 0 0 0
-4.2 -964.3 2847.4 0 0 0 0 0 0 0 0 0
-7.2 343.1 2893.9 8 -0.5073472261 -0.0246876739 -0.8613880277 -0.1656636000 0.9837388396 0.0693795756 0.8456680179 0.1779001802 -0.5031870008
-2.3 149.1 2858.8 -0.5073472261 -0.0246876739 -0.8613880277 -0.1656636000 0.9837388396 0.0693795756 0.8456680179 0.1779001802 -0.5031870008
1.4 -42.6 2828.9 -0.5078653097 -0.0193150081 -0.8612199426 -0.1424493343 0.9878679514 0.0618476160 0.8495769501 0.1540904641 -0.5044552684
67.0 168.6 2742.8 -0.7437606454 -0.6684278846 -0.0049287463 -0.4662339091 0.5240346789 -0.7127507329 0.4790053070 -0.5278179646 -0.7014001012
245.0 280.1 2628.1 -0.5211777091 -0.6684278846 0.5306392312 -0.8362892866 0.5240346789 -0.1612695456 -0.1702762842 -0.5278179646 -0.8321142793
-71.7 129.6 2974.8 -0.0275732819 0.2189131081 -0.9753546715 -0.9879204631 0.1428762376 0.0599963181 0.1524889916 0.9652271271 0.2123291641
-78.8 -124.9 3014.1 0.1082792357 0.2208028585 -0.9692893028 -0.9886637330 0.1259366572 -0.0817553475 0.1040172428 0.9671536088 0.2319360971
57.0 -232.8 2715.8 -0.6753081679 0.3788180351 0.6328157783 0.2310119718 0.9234814048 -0.3062931895 -0.7004230022 -0.0606542788 -0.7111460567
-90.1 -591.3 2739.4 -0.6783830523 0.0737457573 0.7309979796 0.1961614490 0.9770118594 0.0834778249 -0.7080375552 0.2000235617 -0.6772543192
-35.8 -258.4 2866.9 -0.4836321771 0.1407144815 0.8638861775 -0.0001810878 0.9869763255 -0.1608654559 -0.8752713203 -0.0779561475 -0.4773080349
-90.4 -641.5 2897.2 -0.4860984683 -0.2583957613 0.8348292708 0.0088424720 0.9537839293 0.3003632426 -0.8738592863 0.1533880681 -0.4613480270
380.9 498.1 2672.5 0 0 0 0 0 0 0 0 0
-50.6 -382.8 3041.3 0 0 0 0 0 0 0 0 0
-118.3 -965.5 2662.8 0 0 0 0 0 0 0 0 0
-2.0 -967.6 2844.7 0 0 0 0 0 0 0 0 0
-5.3 350.5 2900.4 9 -0.4889378250 -0.0199322831 -0.8720908761 -0.1695508361 0.9828440547 0.0725950673 0.8556823730 0.1833582073 -0.4839291871
-1.3 155.5 2864.1 -0.4889378250 -0.0199322831 -0.8720908761 -0.1695508361 0.9828440547 0.0725950673 0.8556823730 0.1833582073 -0.4839291871
1.6 -36.1 2833.6 -0.4893859625 -0.0150326509 -0.8719376922 -0.1442977339 0.9874647856 0.0639645159 0.8600462675 0.1571219712 -0.4854205847
65.5 175.3 2746.6 -0.7518433928 -0.6586957574 -0.0291792080 -0.4323274195 0.5259110332 -0.7324688435 0.4978197515 -0.5380868912 -0.6801750064
242.0 276.7 2629.8 -0.5200791359 -0.6586957574 0.5437256694 -0.8350440264 0.5259110332 -0.1616138518 -0.1794969738 -0.5380868912 -0.8235552907
-68.1 135.8 2981.5 -0.0252076890 0.2400029004 -0.9704448581 -0.9883087277 0.1400334537 0.0603036992 0.1503678113 0.9606192112 0.2336670309
-74.6 -118.8 3020.3 0.1095429882 0.2419171482 -0.9640935659 -0.9890440702 0.1230893359 -0.0814914852 0.0989554450 0.9624578357 0.2527503073
50.7 -221.6 2722.9 -0.6870003939 0.3619027138 0.6301245093 0.2414558083 0.9315746427 -0.2717862129 -0.6853681803 -0.0345700309 -0.7273756862
-89.8 -583.1 2736.3 -0.6923792958 0.0738492161 0.7177445292 0.1855512708 0.9795171618 0.0782106817 -0.6972672939 0.1873298734 -0.6919001937
-40.3 -247.2 2875.1 -0.5012230277 0.1370948255 0.8543889523 0.0122038517 0.9883915186 -0.1514374763 -0.8652320504 -0.0654771179 -0.4970777035
-93.5 -630.8 2900.5 -0.5014187694 -0.2588080764 0.8255892396 0.0129232230 0.9518657923 0.3062424958 -0.8651081920 0.1642250270 -0.4739387631
377.6 494.5 2676.6 0 0 0 0 0 0 0 0 0
-46.1 -376.9 3046.1 0 0 0 0 0 0 0 0 0
-118.4 -962.5 2663.8 0 0 0 0 0 0 0 0 0
-3.9 -960.7 2843.6 0 0 0 0 0 0 0 0 0
-7.2 351.2 2904.7 0 -0.4868081212 -0.0183217581 -0.8733167648 -0.1787916273 0.9807031155 0.0790881515 0.8550154567 0.1946424842 -0.4806900024
-3.6 157.4 2866.2 -0.4868081212 -0.0183217581 -0.8733167648 -0.1787916273 0.9807031155 0.0790881515 0.8550154567 0.1946424842 -0.4806900024
-1.4 -33.8 2832.9 -0.4871621132 -0.0117351105 -0.8732327223 -0.1556397080 0.9850688577 0.0735907778 0.8593307734 0.1717603207 -0.4817146659
62.9 178.7 2748.9 -0.7601168156 -0.6484416723 -0.0417835154 -0.4078745544 0.5261991620 -0.7461587191 0.5058268309 -0.5501253605 -0.6644556522
243.1 275.4 2628.9 -0.5108154416 -0.6484416723 0.5644387007 -0.8365616202 0.5261991620 -0.1525748670 -0.1980712563 -0.5501253605 -0.8112520576
-70.2 136.1 2983.6 -0.0275894124 0.2433392704 -0.9695487618 -0.9903495908 0.1251286268 0.0595863499 0.1358180046 0.9618361592 0.2375387251
-77.3 -119.0 3018.6 0.1070396304 0.2452112138 -0.9635424018 -0.9907023907 0.1081526503 -0.0825331360 0.0839716122 0.9634181261 0.2545079589
48.4 -214.9 2726.1 -0.6930935383 0.3496271670 0.6303825974 0.2412341237 0.9365781546 -0.2542192340 -0.6792845130 -0.0241279043 -0.7334782481
-87.3 -578.4 2735.4 -0.6988623738 0.0792819634 0.7108486295 0.1847465485 0.9801219106 0.0723169819 -0.6909849048 0.1818664521 -0.6996173859
-39.3 -240.8 2880.1 -0.5026369691 0.1545877010 0.8505637646 0.0344326124 0.9866813421 -0.1589789093 -0.8638116121 -0.0506215505 -0.5012654066
-99.3 -623.7 2899.8 -0.4942915142 -0.2755625844 0.8244641423 0.0049138949 0.9475263357 0.3196399510 -0.8692823052 0.1620466560 -0.4670001566
376.3 493.5 2680.6 0 0 0 0 0 0 0 0 0
-49.4 -377.5 3040.5 0 0 0 0 0 0 0 0 0
-118.6 -964.5 2663.8 0 0 0 0 0 0 0 0 0
-1.0 -961.9 2841.9 0 0 0 0 0 0 0 0 0
-7.5 338.4 2895.3 1 -0.4928100705 -0.0233673826 -0.8698230982 -0.1739134490 0.9821143746 0.0721489862 0.8525798321 0.1868296713 -0.4880597293
-2.9 145.3 2858.6 -0.4928100705 -0.0233673826 -0.8698230982 -0.1739134490 0.9821143746 0.0721489862 0.8525798321 0.1868296713 -0.4880597293
0.4 -46.2 2826.6 -0.4932647645 -0.0171502959 -0.8697101474 -0.1518249661 0.9861568213 0.0666624680 0.8565273285 0.1649259627 -0.4890402555
64.5 166.0 2741.6 -0.7507346272 -0.6605841517 -0.0051119025 -0.4610681236 0.5295007825 -0.7120710015 0.4730895758 -0.5322194099 -0.7020888329
241.9 275.0 2629.8 -0.5122335553 -0.6605841517 0.5488582253 -0.8361569643 0.5295007825 -0.1430748701 -0.1961078793 -0.5322194099 -0.8235800862
-70.3 124.5 2975.6 -0.0245831069 0.2352429777 -0.9716256261 -0.9895070195 0.1326960921 0.0571629405 0.1423781067 0.9628356695 0.2295124978
-76.6 -130.4 3012.3 0.1104542315 0.2371725291 -0.9651678801 -0.9896520376 0.1157373190 -0.0848158598 0.0915899500 0.9645486474 0.2475019544
44.6 -211.0 2722.6 -0.6926459670 0.3324860632 0.6400738955 0.2228120565 0.9426455498 -0.2485441566 -0.6860002875 -0.0295369197 -0.7270014882
-84.5 -576.9 2734.1 -0.6968320608 0.0861878991 0.7120370269 0.1821617335 0.9814684391 0.0594708472 -0.6937161684 0.1711470932 -0.6996188760
-42.7 -238.9 2876.5 -0.4963129461 0.1066663265 0.8615658879 0.0237407014 0.9937195778 -0.1093515903 -0.8678190112 -0.0338184312 -0.4957282245
-84.1 -624.2 2889.7 -0.4906494021 -0.2357510626 0.8388590813 0.0000041616 0.9627035260 0.2705584466 -0.8713570833 0.1327528358 -0.4723489285
375.5 493.1 2680.9 0 0 0 0 0 0 0 0 0
-47.8 -388.6 3036.2 0 0 0 0 0 0 0 0 0
-118.3 -961.7 2667.0 0 0 0 0 0 0 0 0 0
-2.6 -957.0 2843.8 0 0 0 0 0 0 0 0 0
-4.6 337.9 2891.2 2 -0.4801064134 -0.0201749951 -0.8769782186 -0.1616990566 0.9846392274 0.0658712611 0.8621782064 0.1734317690 -0.4759938717
-0.6 143.9 2857.0 -0.4801064134 -0.0201749951 -0.8769782186 -0.1616990566 0.9846392274 0.0658712611 0.8621782064 0.1734317690 -0.4759938717
1.6 -47.9 2827.9 -0.4805041254 -0.0110483877 -0.8769228458 -0.1365637779 0.9886657596 0.0623729825 0.8662945032 0.1497263759 -0.4765667617
65.0 162.6 2738.7 -0.7548566461 -0.6557364464 0.0141813112 -0.4693599343 0.5249524713 -0.7100183964 0.4581404626 -0.5426182747 -0.7040402889
242.6 273.0 2630.9 -0.5075470209 -0.6557364464 0.5589326620 -0.8385826349 0.5249524713 -0.1456161737 -0.1979272366 -0.5426182747 -0.8163272738
-66.2 125.3 2975.3 -0.0257941745 0.2505807877 -0.9677519798 -0.9870696068 0.1468191296 0.0643250570 0.1582031250 0.9568977952 0.2435535938
-72.9 -129.0 3016.1 0.1084378064 0.2524771988 -0.9615074396 -0.9885048270 0.1298890561 -0.0773756653 0.1053536907 0.9588451982 0.2636598349
47.9 -224.0 2717.9 -0.6940234900 0.3471645117 0.6307203770 0.2377062738 0.9374256134 -0.2544188797 -0.6795786023 -0.0266464930 -0.7331185937
-86.8 -587.8 2728.2 -0.7008653879 0.0834407434 0.7083963156 0.1746639162 0.9829754829 0.0570241362 -0.6915780902 0.1636975259 -0.7035075426
-40.5 -251.2 2871.3 -0.5088975430 0.1260792166 0.8515440822 0.0178981014 0.9905520082 -0.1359644532 -0.8606410027 -0.0539509542 -0.5063460469
-89.3 -635.3 2892.2 -0.5020477176 -0.2551645041 0.8263408542 -0.0085095875 0.9568953514 0.2903082073 -0.8647980690 0.1387167424 -0.4825784862
375.1 491.8 2682.5 0 0 0 0 0 0 0 0 0
-44.6 -386.9 3043.6 0 0 0 0 0 0 0 0 0
-118.7 -963.0 2665.7 0 0 0 0 0 0 0 0 0
-3.1 -958.8 2845.3 0 0 0 0 0 0 0 0 0
-7.8 347.5 2899.1 3 -0.4974071681 -0.0243764166 -0.8671746850 -0.1723140180 0.9824639559 0.0712212697 0.8502317071 0.1848523319 -0.4928850234
-3.0 152.8 2862.4 -0.4974071681 -0.0243764166 -0.8671746850 -0.1723140180 0.9824639559 0.0712212697 0.8502317071 0.1848523319 -0.4928850234
-0.3 -38.9 2832.0 -0.4979761243 -0.0136572542 -0.8670831919 -0.1428448707 0.9875096679 0.0664834306 0.8553450108 0.1569655538 -0.4937070906
65.0 172.3 2745.6 -0.7641207576 -0.6450718641 -0.0013245320 -0.4303751886 0.5113288760 -0.7438548207 0.4805171192 -0.5678248405 -0.6683399081
244.2 273.2 2632.9 -0.5038169026 -0.6450718641 0.5745005012 -0.8433148265 0.5113288760 -0.1654173881 -0.1870525628 -0.5678248405 -0.8016148210
-71.0 133.3 2979.2 -0.0293723214 0.2312457412 -0.9724518657 -0.9882321358 0.1393873990 0.0629948005 0.1501148194 0.9628585577 0.2244303524
