13.9 335.6 2939.3 04 0.1842050254 0.0577837676 -0.9811878204 -0.2522703707 0.9676089287 0.0096236607 0.9499621987 0.2457519025 0.1928155571
2.6 146.4 2891.2 0.1842050254 0.0577837676 -0.9811878204 -0.2522703707 0.9676089287 0.0096236607 0.9499621987 0.2457519025 0.1928155571
-5.8 -42.1 2846.3 0.1850711107 0.0428663976 -0.9817897677 -0.2355813831 0.9718526006 -0.0019754600 0.9540702701 0.2316569984 0.1899603754
-22.6 178.5 2761.2 -0.6109954119 0.0728432462 -0.7882756591 0.6076719165 0.6813462377 -0.4080467224 0.5073651671 -0.7283276320 -0.4605642259
140.6 16.2 2625.7 -0.6632046103 0.0728432462 0.7448849082 -0.5123229027 0.6813462377 -0.5227738619 -0.5456050634 -0.7283276320 -0.4145527184
27.9 114.4 3021.3 0.1232188046 0.7942636609 -0.5949473977 -0.9919745326 0.1157049611 -0.0509787574 0.0283477902 0.5964542031 0.8021463752
59.6 -141.0 3028.6 0.1931881160 0.7976908684 -0.5712859631 -0.9763972759 0.0989896879 -0.1919619739 -0.0965749025 0.5948868394 0.7979868054
-27.1 -202.9 2716.2 -0.9829034805 0.1717500836 0.0663525984 0.1663085371 0.9827963114 -0.0803299621 -0.0790077671 -0.0679215938 -0.9945573807
-93.5 -582.9 2742.5 -0.9912111163 0.0753399804 0.1087400764 0.0939847901 0.9795221686 0.1780538261 -0.0930987448 0.1867088526 -0.9779940844
10.8 -246.2 2884.7 -0.9487763047 0.0741876811 0.3071151674 0.0996029750 0.9927075505 0.0679037347 -0.2998379171 0.0950150341 -0.9492467046
-18.0 -631.1 2847.9 -0.9487429261 0.1423551738 0.2821733952 0.0998334289 0.9820894003 -0.1597927213 -0.2998668253 -0.1234318763 -0.9459621906
327.5 160.6 2779.5 0 0 0 0 0 0 0 0 0
109.9 -395.5 3003.4 0 0 0 0 0 0 0 0 0
-121.7 -950.1 2672.5 0 0 0 0 0 0 0 0 0
-71.1 -997.5 2893.9 0 0 0 0 0 0 0 0 0
15.9 329.4 2946.6 05 0.2204581350 0.0583020560 -0.9736524224 -0.2803557515 0.9598773718 -0.0060020196 0.9342370629 0.2742922604 0.2279580981
4.6 142.1 2893.1 0.2204581350 0.0583020560 -0.9736524224 -0.2803557515 0.9598773718 -0.0060020196 0.9342370629 0.2742922604 0.2279580981
-4.9 -45.3 2843.9 0.2216996998 0.0481969491 -0.9739231467 -0.2579024136 0.9661095142 -0.0108975330 0.9403911829 0.2535931170 0.2266163081
-25.7 177.3 2764.9 -0.6055772901 0.0587030612 -0.7936183810 0.6042894125 0.6828185916 -0.4106008708 0.5177938342 -0.7282257080 -0.4489730597
138.1 13.8 2624.9 -0.6830847263 0.0587030612 0.7279761434 -0.5044890046 0.6828185916 -0.5284407735 -0.5280967355 -0.7282257080 -0.4368079007
34.8 107.0 3021.3 0.1275431067 0.8157595992 -0.5641533732 -0.9918329716 0.1046923846 -0.0728483424 -0.0003641752 0.5688371658 0.8224500418
67.6 -148.4 3021.2 0.1927469671 0.8191801310 -0.5401782393 -0.9729361534 0.0880457610 -0.2136427313 -0.1274514645 0.5667379498 0.8139804602
-30.5 -210.3 2716.0 -0.9846711159 0.1727092564 0.0243780967 0.1701572388 0.9818858504 -0.0833471492 -0.0383313298 -0.0779214203 -0.9962223172
-97.5 -590.7 2746.2 -0.9954319000 0.0627762079 0.0719339177 0.0758174658 0.9776760936 0.1959621459 -0.0580263101 0.2005208135 -0.9779695272
2.3 -251.8 2886.6 -0.9602826238 0.0785753801 0.2677372396 0.0956434533 0.9940931201 0.0512946732 -0.2621252537 0.0748646930 -0.9621255994
-28.1 -637.4 2857.5 -0.9624632597 0.0982809514 0.2529926300 0.0756222010 0.9923285246 -0.0978028476 -0.2606639564 -0.0749997869 -0.9625120163
329.8 155.4 2773.1 0 0 0 0 0 0 0 0 0
117.9 -402.0 2988.0 0 0 0 0 0 0 0 0 0
-120.7 -953.2 2671.9 0 0 0 0 0 0 0 0 0
-64.7 -1006.9 2885.4 0 0 0 0 0 0 0 0 0
7.2 327.3 2950.3 06 0.2188293636 0.0116917649 -0.9756931067 -0.2792735696 0.9588484764 -0.0511458218 0.9349438548 0.2836774886 0.2130894065
4.9 140.1 2894.9 0.2188293636 0.0116917649 -0.9756931067 -0.2792735696 0.9588484764 -0.0511458218 0.9349438548 0.2836774886 0.2130894065
-1.0 -46.5 2842.2 0.2189922482 0.0305393375 -0.9752485752 -0.2718653083 0.9618381858 -0.0309280120 0.9370867610 0.2719092667 0.2189376950
-25.0 177.2 2767.0 -0.5857934356 0.0597192310 -0.8082571626 0.6106461287 0.6882336140 -0.3917215466 0.5328764319 -0.7230270505 -0.4396300614
133.9 11.6 2622.5 -0.6903703809 0.0597192310 0.7209870219 -0.4946826100 0.6882336140 -0.5306822062 -0.5278994441 -0.7230270505 -0.4455940425
34.8 103.0 3022.8 0.1442599297 0.8096654415 -0.5688857436 -0.9893835783 0.1078019738 -0.0974622294 -0.0175847970 0.5769060850 0.8166211843
72.0 -151.7 3018.3 0.2101007402 0.8133877516 -0.5424556136 -0.9670333266 0.0912332013 -0.2377456576 -0.1438894421 0.5745232105 0.8057412505
-34.1 -210.0 2710.7 -0.9868177176 0.1594629288 0.0276116021 0.1560851038 0.9828749299 -0.0979507565 -0.0427582674 -0.0923497826 -0.9948081374
-96.0 -591.1 2746.5 -0.9950550795 0.0670218393 0.0733038634 0.0802387297 0.9774062037 0.1955476105 -0.0585416891 0.2004624605 -0.9779507518
5.4 -255.8 2878.8 -0.9593512416 0.0828181133 0.2697895169 0.0907576457 0.9957267642 0.0170660820 -0.2672232687 0.0408578292 -0.9627680779
-26.7 -642.0 2862.9 -0.9594935179 0.1050209180 0.2614246309 0.0894201919 0.9934667945 -0.0709064975 -0.2671633363 -0.0446576811 -0.9626159072
327.9 150.6 2770.9 0 0 0 0 0 0 0 0 0
126.8 -403.8 2980.7 0 0 0 0 0 0 0 0 0
-120.9 -955.1 2671.8 0 0 0 0 0 0 0 0 0
-65.9 -1012.3 2879.6 0 0 0 0 0 0 0 0 0
8.3 322.1 2940.1 07 0.1481983364 0.0343585797 -0.9883606434 -0.2542792857 0.9671203494 -0.0045073489 0.9557088017 0.2519876361 0.1520622969
1.6 133.3 2890.9 0.1481983364 0.0343585797 -0.9883606434 -0.2542792857 0.9671203494 -0.0045073489 0.9557088017 0.2519876361 0.1520622969
-5.4 -55.0 2845.0 0.1487354338 0.0348803997 -0.9882616401 -0.2392450720 0.9709576368 -0.0017372214 0.9594996572 0.2366951257 0.1527607739
-18.7 165.8 2760.3 -0.5907103419 0.0512645766 -0.8052535057 0.5996021628 0.6957079768 -0.3955599368 0.5399430990 -0.7164930701 -0.4417002499
133.3 11.5 2621.4 -0.6959619522 0.0512645766 0.7162463665 -0.4896508157 0.6957079768 -0.5255782008 -0.5252419114 -0.7164930701 -0.4590845406
21.9 100.8 3021.5 0.1203648299 0.7713708878 -0.6248993874 -0.9923002720 0.1119989604 -0.0528810136 0.0291972086 0.6264528632 0.7789123058
52.8 -154.5 3029.0 0.1950176209 0.7748184800 -0.6013521552 -0.9763938189 0.0953189135 -0.1938284189 -0.0928616077 0.6249564886 0.7751168013
-26.6 -208.9 2705.6 -0.9792211056 0.1783733964 0.0964829326 0.1669491380 0.9791416526 -0.1157998517 -0.1151260659 -0.0972859189 -0.9885754585
-95.8 -588.7 2743.3 -0.9872691035 0.0659338310 0.1447497457 0.0915027261 0.9798044562 0.1777934134 -0.1301038414 0.1887749434 -0.9733637571
12.6 -257.4 2873.3 -0.9360263348 0.0984398201 0.3378821611 0.1070080027 0.9942350388 0.0067774728 -0.3352670968 0.0424999855 -0.9411640167
-25.6 -643.2 2856.8 -0.9394550920 0.1012324840 0.3273776174 0.0774794817 0.9933779240 -0.0848366544 -0.3337979019 -0.0543351807 -0.9410774112
329.1 149.2 2769.2 0 0 0 0 0 0 0 0 0
103.6 -408.8 3004.9 0 0 0 0 0 0 0 0 0
-120.4 -954.8 2672.8 0 0 0 0 0 0 0 0 0
-63.4 -1013.7 2877.0 0 0 0 0 0 0 0 0 0
12.1 325.3 2936.1 08 0.1456285119 0.0550426356 -0.9878069758 -0.2467228174 0.9689259529 0.0176171679 0.9580814838 0.2411489636 0.1546835154
1.4 136.6 2889.1 0.1456285119 0.0550426356 -0.9878069758 -0.2467228174 0.9689259529 0.0176171679 0.9580814838 0.2411489636 0.1546835154
-7.7 -52.2 2845.5 0.1465522945 0.0461162925 -0.9881273508 -0.2289859205 0.9733622074 0.0114655700 0.9623345733 0.2245869488 0.1532084495
-18.6 167.8 2757.9 -0.5751913190 0.0467113815 -0.8166841269 0.6226391196 0.6725121140 -0.4000599980 0.5305426121 -0.7386105061 -0.4159074724
128.9 8.1 2621.8 -0.7091604471 0.0467113815 0.7034980655 -0.4984210730 0.6725121140 -0.5470867157 -0.4986661673 -0.7386105061 -0.4536370337
21.4 105.4 3020.3 0.1098470241 0.7728680968 -0.6249868274 -0.9930648208 0.1118469387 -0.0362284146 0.0419030748 0.6246320009 0.7797942162
49.7 -150.2 3031.1 0.1846639514 0.7761454582 -0.6029075384 -0.9794973731 0.0950813740 -0.1776074767 -0.0805239603 0.6233440042 0.7777905464
-25.8 -222.1 2713.4 -0.9781309366 0.1821731627 0.1003635302 0.1724054962 0.9800676703 -0.0987099707 -0.1163453609 -0.0792480484 -0.9900421500
-96.5 -602.4 2744.2 -0.9866233468 0.0689982846 0.1476941258 0.0956680030 0.9786556959 0.1818807423 -0.1319922507 0.1935773939 -0.9721655250
0.8 -264.6 2884.7 -0.9368871450 0.0656521022 0.3434127271 0.0914541483 0.9940320849 0.0594675876 -0.3374590874 0.0871209353 -0.9373000264
-24.6 -649.9 2850.9 -0.9399973154 0.1149286255 0.3212419748 0.0672422349 0.9854950309 -0.1558142155 -0.3344898820 -0.1248639151 -0.9340907335
327.8 147.8 2761.6 0 0 0 0 0 0 0 0 0
97.8 -405.5 3010.1 0 0 0 0 0 0 0 0 0
-121.3 -954.7 2674.5 0 0 0 0 0 0 0 0 0
-67.4 -1016.6 2897.4 0 0 0 0 0 0 0 0 0
9.4 326.8 2935.0 09 -0.0024385422 0.0433808044 -0.9990556240 -0.2376085669 0.9704212546 0.0427174121 0.9713579416 0.2374883443 0.0079412377
1.0 137.8 2888.8 -0.0024385422 0.0433808044 -0.9990556240 -0.2376085669 0.9704212546 0.0427174121 0.9713579416 0.2374883443 0.0079412377
-7.2 -51.4 2846.5 -0.0015775615 0.0414443947 -0.9991395473 -0.2178611457 0.9751269221 0.0407923348 0.9759784937 0.2177380323 0.0074908007
1.2 167.2 2757.0 -0.5089253783 0.0433691107 -0.8597174287 0.6543423533 0.6684169173 -0.3536310494 0.5593130589 -0.7425213456 -0.3685525954
125.5 7.4 2620.4 -0.7169429064 0.0433691107 0.6957815886 -0.4967838228 0.6684169173 -0.5535563231 -0.4890794158 -0.7425213456 -0.4576717019
0.8 108.4 3020.5 0.0721076131 0.6770521998 -0.7323939204 -0.9951820970 0.0977471471 -0.0076192394 0.0664307922 0.7294147015 0.6808385253
19.3 -147.7 3037.6 0.1633963138 0.6799263358 -0.7148439288 -0.9856283665 0.0810136199 -0.1482347995 -0.0428766459 0.7287914753 0.6833919883
-29.9 -220.6 2715.9 -0.9542445540 0.1782173663 0.2401163131 0.1537245214 0.9811278582 -0.1172899380 -0.2564879060 -0.0750115216 -0.9636322856
-99.1 -601.4 2745.0 -0.9575021863 0.0613772683 0.2818197608 0.1143510118 0.9778048992 0.1755602658 -0.2647893429 0.2003257126 -0.9432688951
-3.7 -261.5 2888.0 -0.8758332729 0.0675664619 0.4778607190 0.0984118208 0.9943504930 0.0397764333 -0.4724734724 0.0818646625 -0.8775346279
-29.9 -647.2 2856.2 -0.8825696707 0.0842077136 0.4625794888 0.0381990112 0.9934210181 -0.1079607382 -0.4686273336 -0.0776127949 -0.8799799085
326.8 146.9 2757.8 0 0 0 0 0 0 0 0 0
61.9 -404.4 3026.4 0 0 0 0 0 0 0 0 0
-121.3 -955.6 2672.4 0 0 0 0 0 0 0 0 0
-61.2 -1016.9 2885.1 0 0 0 0 0 0 0 0 0
6.6 321.8 2942.5 10 0.0715044066 0.0302925874 -0.9969801903 -0.2509676814 0.9679282308 0.0114102112 0.9653508663 0.2493939251 0.0768135935
0.7 133.1 2893.9 0.0715044066 0.0302925874 -0.9969801903 -0.2509676814 0.9679282308 0.0114102112 0.9653508663 0.2493939251 0.0768135935
-6.0 -55.5 2848.7 0.0720458478 0.0334320478 -0.9968408346 -0.2344848663 0.9719937444 0.0156515259 0.9694463611 0.2326164693 0.0778674260
-9.1 164.8 2762.6 -0.5139076710 0.0163704380 -0.8576893210 0.6375644803 0.6762185097 -0.3691071868 0.5739428997 -0.7365192175 -0.3579510748
121.1 3.3 2617.1 -0.7285838127 0.0163704380 0.6847609878 -0.4964072406 0.6762185097 -0.5443421602 -0.4719591439 -0.7365192175 -0.4845554531
10.5 101.4 3025.1 0.1006658003 0.7239648104 -0.6824524403 -0.9939956069 0.1027494594 -0.0376207419 0.0428855270 0.6821418405 0.7299611568
36.4 -154.4 3036.2 0.1840101331 0.7272199988 -0.6612800956 -0.9802300930 0.0859886333 -0.1781992614 -0.0727274939 0.6809970737 0.7286657095
-15.3 -221.4 2718.0 -0.9613310099 0.2147369981 0.1724258363 0.1984655559 0.9742682576 -0.1068305969 -0.1909295022 -0.0684789792 -0.9792122245
-98.6 -599.3 2744.5 -0.9716777205 0.0586537160 0.2289151400 0.1037907079 0.9761977196 0.1904351562 -0.2122967094 0.2088008672 -0.9546372890
-15.6 -260.0 2890.7 -0.9098505974 0.0308961980 0.4137841761 0.0610153489 0.9963456988 0.0597692169 -0.4104254544 0.0796282440 -0.9084108472
-27.6 -646.4 2859.8 -0.9099544287 0.0971819088 0.4031607211 0.0599596761 0.9927708507 -0.1039753929 -0.4103507400 -0.0704394877 -0.9092032313
324.1 141.6 2748.7 0 0 0 0 0 0 0 0 0
84.4 -409.8 3017.2 0 0 0 0 0 0 0 0 0
-120.4 -961.7 2667.0 0 0 0 0 0 0 0 0 0
-63.8 -1016.4 2886.1 0 0 0 0 0 0 0 0 0
7.5 316.1 2947.7 11 0.0406674445 0.0393017828 -0.9983994961 -0.2702117860 0.9624256492 0.0268792398 0.9619416595 0.2686862051 0.0497591980
-0.2 128.1 2895.2 0.0406674445 0.0393017828 -0.9983994961 -0.2702117860 0.9624256492 0.0268792398 0.9619416595 0.2686862051 0.0497591980
-8.0 -59.8 2847.5 0.0415999256 0.0397948474 -0.9983415604 -0.2474480718 0.9684879780 0.0282939319 0.9680076838 0.2458606511 0.0501361825
-5.9 161.8 2763.6 -0.4975186288 0.0066563580 -0.8674277663 0.6353116035 0.6836645007 -0.3591407239 0.5906389952 -0.7297661304 -0.3443646729
117.0 4.8 2617.8 -0.7403610349 0.0066563580 0.6721764803 -0.4871840477 0.6836645007 -0.5433733463 -0.4631600976 -0.7297661304 -0.5029156804
5.5 94.5 3026.8 0.0871947482 0.7056511641 -0.7031738758 -0.9956104755 0.0858284160 -0.0373265855 0.0340127535 0.7033419609 0.7100374699
27.9 -161.8 3035.6 0.1742725223 0.7087367177 -0.6836090684 -0.9814910293 0.0690452531 -0.1786284298 -0.0794005692 0.7020862103 0.7076514363
-19.1 -223.3 2717.4 -0.9591733813 0.2014724463 0.1984823942 0.1853170395 0.9778742790 -0.0970542058 -0.2136445791 -0.0563096404 -0.9752872586
-97.3 -602.8 2739.3 -0.9670684934 0.0667431876 0.2456091493 0.1110610738 0.9789441228 0.1712713540 -0.2290064394 0.1929087490 -0.9541186094
-6.2 -264.9 2889.6 -0.8966561556 0.0575534701 0.4389707148 0.0862657204 0.9952222705 0.0457255952 -0.4342417717 0.0788682625 -0.8973370790
-28.5 -651.0 2859.0 -0.9004769921 0.0899167508 0.4255069792 0.0505354851 0.9933992028 -0.1029764414 -0.4319576025 -0.0712247118 -0.8990771174
322.1 139.8 2746.1 0 0 0 0 0 0 0 0 0
73.3 -417.7 3014.9 0 0 0 0 0 0 0 0 0
-121.7 -961.7 2668.6 0 0 0 0 0 0 0 0 0
-62.1 -1021.5 2885.6 0 0 0 0 0 0 0 0 0
5.3 317.3 2950.8 12 0.0472396500 0.0331007279 -0.9983350039 -0.2766641080 0.9607834816 0.0187643599 0.9598048925 0.2753170431 0.0545448586
-1.2 129.5 2897.0 0.0472396500 0.0331007279 -0.9983350039 -0.2766641080 0.9607834816 0.0187643599 0.9598048925 0.2753170431 0.0545448586
-7.9 -58.2 2847.8 0.0480042808 0.0345153399 -0.9982506037 -0.2548668683 0.9667443633 0.0211698450 0.9657838345 0.2534047663 0.0552046858
-7.7 164.2 2765.4 -0.4952354729 0.0100359619 -0.8687008023 0.6355568171 0.6859074235 -0.3543988168 0.5922915936 -0.7276195884 -0.3460640907
117.3 3.7 2615.9 -0.7472769618 0.0100359619 0.6644369364 -0.4783614278 0.6859074235 -0.5483624339 -0.4612455368 -0.7276195884 -0.5077620149
5.4 94.7 3028.6 0.0944197774 0.7084309459 -0.6994358897 -0.9951848388 0.0857311934 -0.0475104377 0.0263056085 0.7005538940 0.7131144404
29.7 -161.6 3035.4 0.1810276210 0.7116371393 -0.6788236499 -0.9795648456 0.0689573213 -0.1889381707 -0.0876455605 0.6991547942 0.7095779181
-19.5 -225.7 2713.5 -0.9604935050 0.2043067664 0.1889735460 0.1851369143 0.9760485888 -0.1142515838 -0.2077897340 -0.0747519284 -0.9753130674
-98.8 -604.5 2742.5 -0.9684423208 0.0669061318 0.2400896996 0.1106513143 0.9785749316 0.1736298949 -0.2233288586 0.1947167814 -0.9550966620
-12.1 -269.8 2886.0 -0.8999392986 0.0442157686 0.4337674975 0.0710442290 0.9964199066 0.0458264425 -0.4301882982 0.0720576942 -0.8998587132
-29.2 -656.4 2858.1 -0.9028729796 0.0848190039 0.4214571416 0.0414278060 0.9929472804 -0.1110830605 -0.4279066622 -0.0828338489 -0.9000191092
325.6 137.0 2744.4 0 0 0 0 0 0 0 0 0
76.9 -417.0 3012.6 0 0 0 0 0 0 0 0 0
-123.1 -960.2 2671.7 0 0 0 0 0 0 0 0 0
-60.9 -1026.9 2889.0 0 0 0 0 0 0 0 0 0
7.3 325.5 2952.4 13 0.1416548342 0.0366662703 -0.9892368317 -0.2855553031 0.9583472013 -0.0053690607 0.9478354454 0.2832423747 0.1462247670
0.1 137.6 2896.9 0.1416548342 0.0366662703 -0.9892368317 -0.2855553031 0.9583472013 -0.0053690607 0.9478354454 0.2832423747 0.1462247670
-5.1 -49.7 2846.3 0.1424479932 0.0264816750 -0.9894479513 -0.2613954544 0.9651596546 -0.0118007381 0.9546627402 0.2603182197 0.1444072425
-19.3 173.1 2767.2 -0.5108567476 0.0221214909 -0.8593811989 0.6397671700 0.6775137186 -0.3628678322 0.5742153525 -0.7351773977 -0.3602650762
115.6 4.2 2615.6 -0.7593222260 0.0221214909 0.6503387094 -0.4669623673 0.6775137186 -0.5682616234 -0.4531841874 -0.7351773977 -0.5041213036
19.5 102.2 3026.6 0.1271991432 0.7654761672 -0.6307666898 -0.9918630719 0.1015584916 -0.0767693147 0.0052946387 0.6353992224 0.7721656561
52.2 -153.1 3027.9 0.2024508715 0.7690582275 -0.6062697768 -0.9724655151 0.0849068612 -0.2170290649 -0.1154315323 0.6335141659 0.7650721073
-18.9 -223.0 2712.3 -0.9727791548 0.2085549235 0.1010228097 0.1965852678 0.9735090733 -0.1167663112 -0.1226988062 -0.0937282294 -0.9880080819
-99.9 -600.8 2748.7 -0.9850068092 0.0579423606 0.1624940783 0.0905602500 0.9753628373 0.2011619955 -0.1468348801 0.2128614336 -0.9659863114
-10.3 -268.6 2884.9 -0.9361288548 0.0415245593 0.3491969705 0.0636248663 0.9966154099 0.0520538837 -0.3458535671 0.0709467530 -0.9356024265
-26.5 -655.4 2857.4 -0.9354674816 0.0997670442 0.3390385509 0.0704257265 0.9927108884 -0.0978026018 -0.3463247120 -0.0676141158 -0.9356749058
327.0 134.2 2741.8 0 0 0 0 0 0 0 0 0
105.0 -406.6 2997.9 0 0 0 0 0 0 0 0 0
-121.3 -961.5 2670.0 0 0 0 0 0 0 0 0 0
-63.7 -1025.8 2882.6 0 0 0 0 0 0 0 0 0
11.7 326.6 2953.2 14 -0.0300550386 0.0677771643 -0.9972476959 -0.2873719335 0.9549897313 0.0735659450 0.9573473930 0.2887920141 -0.0092250006
-1.6 139.7 2896.7 -0.0300550386 0.0677771643 -0.9972476959 -0.2873719335 0.9549897313 0.0735659450 0.9573473930 0.2887920141 -0.0092250006
-10.4 -47.0 2844.3 -0.0288341194 0.0459374599 -0.9985280633 -0.2667859793 0.9623531699 0.0519771054 0.9633243680 0.2678920031 -0.0154931359
2.3 175.3 2767.3 -0.4406237006 0.0277346764 -0.8972633481 0.6705355644 0.6747255325 -0.3084273636 0.5968523622 -0.7375474572 -0.3158971667
114.2 5.0 2615.8 -0.7671719790 0.0277346764 0.6408416033 -0.4586475790 0.6747255325 -0.5782627463 -0.4484301507 -0.7375474572 -0.5049100518
-5.5 104.1 3026.0 0.0609094426 0.6592364907 -0.7494646907 -0.9980400205 0.0510265417 -0.0362278596 0.0143598653 0.7502023578 0.6610523462
10.1 -152.3 3029.7 0.1545502692 0.6619634628 -0.7334293127 -0.9837301373 0.0342844203 -0.1763506383 -0.0915924832 0.7487515807 0.6564921141
-23.1 -213.7 2710.6 -0.9488671422 0.1980255693 0.2458394766 0.1666264683 0.9756320715 -0.1427505463 -0.2681171298 -0.0944879428 -0.9587414861
-99.9 -592.4 2747.3 -0.9534742236 0.0546644665 0.2964772284 0.1116138622 0.9775504470 0.1787107289 -0.2800523341 0.2034870386 -0.9381704330
-3.2 -260.4 2880.4 -0.8668206930 0.0533916317 0.4957531393 0.0685978457 0.9975659847 0.0125069451 -0.4938786924 0.0448488742 -0.8683734536
-23.9 -646.9 2863.0 -0.8656173944 0.1089321971 0.4887128770 0.0801085308 0.9936043024 -0.0795807987 -0.4942561388 -0.0297364499 -0.8688075542
327.6 132.6 2740.5 0 0 0 0 0 0 0 0 0
50.4 -408.5 3005.9 0 0 0 0 0 0 0 0 0
-120.5 -959.9 2670.8 0 0 0 0 0 0 0 0 0
-64.5 -1017.4 2874.1 0 0 0 0 0 0 0 0 0
16.0 330.1 2942.6 15 -0.0599116348 0.0830451399 -0.9947432280 -0.2669957578 0.9588909149 0.0961327255 0.9618335962 0.2713516951 -0.0352760218
-0.2 142.6 2889.5 -0.0599116348 0.0830451399 -0.9947432280 -0.2669957578 0.9588909149 0.0961327255 0.9618335962 0.2713516951 -0.0352760218
-11.4 -44.7 2840.1 -0.0587007552 0.0578225255 -0.9965996146 -0.2504536211 0.9655383229 0.0707723349 0.9663473368 0.2537563741 -0.0421959683
7.8 176.4 2758.7 -0.4329926074 0.0523981377 -0.8998732567 0.6898921132 0.6617799401 -0.2934215069 0.5801432729 -0.7478648424 -0.3226948678
115.0 5.5 2615.0 -0.7659007311 0.0523981377 0.6408202052 -0.4539347589 0.6617799401 -0.5966494679 -0.4553452432 -0.7478648424 -0.4830724001
-8.2 108.9 3020.4 0.0412731133 0.6405730247 -0.7667872906 -0.9985474348 0.0530473106 -0.0094321910 0.0346339941 0.7660627961 0.6418319941
2.4 -147.9 3029.3 0.1386350393 0.6430321336 -0.7531865835 -0.9878813624 0.0361967385 -0.1509311497 -0.0697906762 0.7649832964 0.6402575970
-16.6 -210.3 2707.2 -0.9390700459 0.2103942335 0.2718118429 0.1766413450 0.9737635851 -0.1434655488 -0.2948648036 -0.0867109969 -0.9515965581
-98.3 -588.3 2740.8 -0.9448609352 0.0572035760 0.3224369586 0.1124778762 0.9814131260 0.1554896533 -0.3075492978 0.1831831187 -0.9337330461
-24.5 -257.1 2876.7 -0.8547867537 0.0032817405 0.5189689994 0.0130008431 0.9998015761 0.0150911892 -0.5188165307 0.0196467843 -0.8546598554
-25.8 -644.2 2869.1 -0.8502630591 0.0973936766 0.5172689557 0.0776431933 0.9951890111 -0.0597522408 -0.5205999017 -0.0106427092 -0.8537344337
327.6 131.4 2741.3 0 0 0 0 0 0 0 0 0
38.5 -405.3 3011.1 0 0 0 0 0 0 0 0 0
-120.0 -959.8 2671.5 0 0 0 0 0 0 0 0 0
-62.1 -1015.5 2873.0 0 0 0 0 0 0 0 0 0
10.6 332.5 2936.3 16 -0.0948018804 0.0713053942 -0.9929391742 -0.2347874790 0.9676918983 0.0919089019 0.9674127698 0.2418428063 -0.0749973953
-3.4 143.7 2889.1 -0.0948018804 0.0713053942 -0.9929391742 -0.2347874790 0.9676918983 0.0919089019 0.9674127698 0.2418428063 -0.0749973953
-14.9 -45.0 2845.6 -0.0936335847 0.0591394491 -0.9938487411 -0.2174067944 0.9729292393 0.0783771947 0.9715796709 0.2234082073 -0.0782415345
9.4 173.1 2757.1 -0.4762117863 0.0899056643 -0.8747224212 0.6774581075 0.6717014313 -0.2997794151 0.5606004596 -0.7353463173 -0.3807794452
126.0 7.3 2619.9 -0.7418975830 0.0899056643 0.6644583941 -0.4474204779 0.6717014313 -0.5904507637 -0.4994024932 -0.7353463173 -0.4581080377
-16.1 114.2 3021.1 0.0296453293 0.6149963140 -0.7879725099 -0.9970610142 0.0739084333 0.0201722942 0.0706437007 0.7850586772 0.6153798699
-8.5 -142.3 3039.2 0.1309834123 0.6173194051 -0.7757319808 -0.9908984900 0.0570212491 -0.1219376475 -0.0310412701 0.7846434116 0.6191697121
-17.4 -209.9 2704.8 -0.9287734628 0.2095361054 0.3057358861 0.1663380414 0.9727728963 -0.1613833308 -0.3312272131 -0.0990330502 -0.9383394718
-98.7 -587.5 2743.3 -0.9325176477 0.0554953627 0.3568347991 0.1193850189 0.9799381495 0.1595881730 -0.3408196270 0.1914195269 -0.9204349518
-29.3 -254.2 2876.4 -0.8367269635 -0.0108580710 0.5475126505 0.0041900044 0.9996472001 0.0262279417 -0.5476042628 0.0242397077 -0.8363862634
-25.0 -641.7 2867.0 -0.8314102888 0.1049607471 0.5456557870 0.0741557777 0.9941722751 -0.0782456547 -0.5506885648 -0.0245907102 -0.8343484998
331.8 131.4 2758.4 0 0 0 0 0 0 0 0 0
25.6 -400.4 3031.1 0 0 0 0 0 0 0 0 0
-119.7 -957.5 2671.0 0 0 0 0 0 0 0 0 0
-64.2 -1012.7 2876.1 0 0 0 0 0 0 0 0 0
9.7 330.2 2934.1 17 -0.0170047935 0.0657159165 -0.9976934791 -0.2376192212 0.9689840674 0.0678748935 0.9712095261 0.2382253408 -0.0008620102
-3.2 141.0 2887.6 -0.0170047935 0.0657159165 -0.9976934791 -0.2376192212 0.9689840674 0.0678748935 0.9712095261 0.2382253408 -0.0008620102
-14.2 -48.1 2845.6 -0.0156077826 0.0565972887 -0.9982751012 -0.2154185623 0.9747600555 0.0586321168 0.9763970971 0.2159620970 -0.0030217359
-1.1 170.2 2755.0 -0.5008146167 0.0495661981 -0.8641341925 0.6686850190 0.6560670733 -0.3499091566 0.5495862961 -0.7530732155 -0.3617121279
122.7 4.9 2619.2 -0.7429195046 0.0495661981 0.6675431132 -0.4797286093 0.6560670733 -0.5826117992 -0.4668308794 -0.7530732155 -0.4636266828
-5.3 111.8 3020.2 0.0552280247 0.6709752679 -0.7394200563 -0.9959821701 0.0893047974 0.0066473493 0.0704939663 0.7360820770 0.6732115149
8.9 -144.5 3038.4 0.1483193338 0.6736115217 -0.7240503430 -0.9881877899 0.0724083632 -0.1350627691 -0.0385525338 0.7355301380 0.6763942242
-18.1 -214.5 2715.6 -0.9467290640 0.2105604857 0.2436562032 0.1842837781 0.9747254848 -0.1262921244 -0.2640900612 -0.0746625438 -0.9616038203
-99.9 -592.7 2744.6 -0.9536859393 0.0487745330 0.2968234420 0.1064263955 0.9776529670 0.1812956333 -0.2813476920 0.2044889480 -0.9375647902
-35.6 -253.1 2888.7 -0.8760962486 -0.0295643974 0.4812289774 0.0012070289 0.9979805350 0.0635085776 -0.4821347594 0.0562204793 -0.8742913008
-24.1 -640.0 2866.9 -0.8707153797 0.1030784324 0.4808633327 0.0788246468 0.9943974614 -0.0704297796 -0.4854290783 -0.0234204140 -0.8739622831
327.9 137.4 2748.1 0 0 0 0 0 0 0 0 0
47.6 -402.1 3028.3 0 0 0 0 0 0 0 0 0
-118.2 -959.8 2667.8 0 0 0 0 0 0 0 0 0
-62.6 -1011.1 2875.6 0 0 0 0 0 0 0 0 0
11.0 326.1 2933.0 18 0.0499057993 0.0591494329 -0.9970008731 -0.2398163974 0.9697501063 0.0455284826 0.9695346951 0.2368250191 0.0625811592
-0.6 136.6 2886.8 0.0499057993 0.0591494329 -0.9970008731 -0.2398163974 0.9697501063 0.0455284826 0.9695346951 0.2368250191 0.0625811592
-9.7 -52.7 2845.1 0.0511735901 0.0469177105 -0.9975870848 -0.2165635228 0.9756489396 0.0347767919 0.9749264121 0.2142613232 0.0600881241
-7.6 166.0 2754.3 -0.5287048817 0.0361928456 -0.8480337262 0.6484196186 0.6619457603 -0.3760049939 0.5477436781 -0.7486773729 -0.3734421134
122.9 6.0 2619.1 -0.7373234034 0.0361928456 0.6745696664 -0.4880097806 0.6619457603 -0.5689237714 -0.4671195447 -0.7486773729 -0.4704056680
6.4 107.3 3019.3 0.0834120587 0.7137675285 -0.6953979731 -0.9944223166 0.1048221812 -0.0116884792 0.0645502731 0.6924942136 0.7185297608
27.9 -148.7 3035.9 0.1692383885 0.7167764902 -0.6764538884 -0.9842948318 0.0879485905 -0.1530643851 -0.0502197780 0.6917344332 0.7204036713
-23.7 -218.1 2716.7 -0.9636659622 0.1893558949 0.1883938313 0.1721670479 0.9795718789 -0.1039109752 -0.2042214423 -0.0677002594 -0.9765809178
-97.2 -598.3 2743.0 -0.9704022408 0.0589829385 0.2341803759 0.1021680757 0.9789290428 0.1768039763 -0.2188175619 0.1954967380 -0.9559811354
-26.9 -256.4 2890.6 -0.9057085514 -0.0012783110 0.4238989949 0.0257009603 0.9979901910 0.0579225756 -0.4231210947 0.0633555800 -0.9038553834
-26.4 -643.4 2866.0 -0.9023789167 0.0933121517 0.4207198024 0.0714099780 0.9951568246 -0.0675541386 -0.4249857962 -0.0309158396 -0.9046719074
326.9 141.0 2748.3 0 0 0 0 0 0 0 0 0
72.0 -405.3 3022.8 0 0 0 0 0 0 0 0 0
-119.0 -959.9 2670.7 0 0 0 0 0 0 0 0 0
-61.2 -1014.9 2877.6 0 0 0 0 0 0 0 0 0
17.4 328.5 2934.0 19 0.1128588021 0.0682335719 -0.9912654161 -0.2533686161 0.9666352272 0.0376913138 0.9607638717 0.2469017506 0.1263815463
4.1 139.5 2885.7 0.1128588021 0.0682335719 -0.9912654161 -0.2533686161 0.9666352272 0.0376913138 0.9607638717 0.2469017506 0.1263815463
-5.3 -49.6 2843.2 0.1146607175 0.0484448634 -0.9922227859 -0.2233910412 0.9744858742 0.0217639208 0.9679614305 0.2191582024 0.1225574017
-11.5 169.9 2754.1 -0.5361054540 0.0338839889 -0.8434706926 0.6502149105 0.6537925601 -0.3870089054 0.5383414626 -0.7559148073 -0.3725336492
123.9 5.6 2618.1 -0.7325052619 0.0338839889 0.6799175739 -0.4983045757 0.6537925601 -0.5694276094 -0.4638195038 -0.7559148073 -0.4620219767
19.7 109.2 3017.4 0.0991929546 0.7543467879 -0.6489388943 -0.9937510490 0.1086413711 -0.0256107878 0.0511821955 0.6474241018 0.7604093552
45.3 -146.7 3030.6 0.1775770336 0.7575042844 -0.6282146573 -0.9817086458 0.0918153077 -0.1667875946 -0.0686625987 0.6463414431 0.7599527836
-23.4 -222.8 2716.5 -0.9722020626 0.1975954622 0.1256152689 0.1846448332 0.9768957496 -0.1076149344 -0.1439772397 -0.0814292505 -0.9862250686
-100.1 -601.9 2748.1 -0.9821478128 0.0544320717 0.1800633967 0.0901430249 0.9763436317 0.1965383887 -0.1651057601 0.2092612088 -0.9638204575
-14.4 -261.3 2890.3 -0.9303255677 0.0288888160 0.3655950725 0.0500385463 0.9975687265 0.0485060140 -0.3633049130 0.0634202287 -0.9295092225
-25.6 -648.2 2865.7 -0.9280034304 0.0967730060 0.3597841859 0.0775888413 0.9947030544 -0.0674229041 -0.3644031286 -0.0346534476 -0.9305962920
327.3 143.9 2746.8 0 0 0 0 0 0 0 0 0
91.6 -402.7 3012.7 0 0 0 0 0 0 0 0 0
-119.9 -957.1 2672.0 0 0 0 0 0 0 0 0 0
-61.7 -1019.5 2878.6 0 0 0 0 0 0 0 0 0
15.4 330.4 2931.5 20 -0.0324147642 0.0600439347 -0.9976692796 -0.2394427657 0.9686593413 0.0660776049 0.9703692198 0.2410265803 -0.0170217790
3.7 141.4 2884.5 -0.0324147642 0.0600439347 -0.9976692796 -0.2394427657 0.9686593413 0.0660776049 0.9703692198 0.2410265803 -0.0170217790
-7.5 -47.5 2841.4 -0.0312006436 0.0577876046 -0.9978412390 -0.2194302082 0.9735761881 0.0632435307 0.9751291871 0.2209297568 -0.0176958591
7.9 170.9 2753.0 -0.4762683213 0.0421199240 -0.8782905936 0.6775121093 0.6542710662 -0.3360159993 0.5604871511 -0.7550863028 -0.3401453495
123.7 6.2 2616.7 -0.7295376062 0.0421199240 0.6826425195 -0.4962298572 0.6542710662 -0.5706884265 -0.4706705809 -0.7550863028 -0.4564141929
-0.5 111.9 3016.0 0.0489110164 0.6603894830 -0.7493286729 -0.9967005849 0.0809244141 0.0062615951 0.0647740737 0.7465500236 0.6621686816
12.1 -144.4 3032.7 0.1430068910 0.6629223228 -0.7349033952 -0.9888242483 0.0640857518 -0.1346092671 -0.0421386510 0.7459403276 0.6646783948
-25.0 -218.9 2714.3 -0.9480969310 0.1938139647 0.2520880401 0.1607387066 0.9761449099 -0.1459595114 -0.2743634582 -0.0978634506 -0.9566333890
-100.2 -597.7 2752.2 -0.9515951276 0.0532898568 0.3026992977 0.1156368405 0.9745671153 0.1919558942 -0.2847715020 0.2176674902 -0.9335556030
-4.6 -258.7 2886.9 -0.8677353859 0.0523291156 0.4942640364 0.0804838464 0.9961114526 0.0358372293 -0.4904667437 0.0708775073 -0.8685728312
-24.9 -645.1 2859.4 -0.8710117340 0.1010274366 0.4807619154 0.0518912040 0.9920715094 -0.1144612134 -0.4885139465 -0.0747497454 -0.8693483472
327.0 144.5 2747.8 0 0 0 0 0 0 0 0 0
49.3 -402.1 3021.7 0 0 0 0 0 0 0 0 0
-119.9 -958.1 2671.8 0 0 0 0 0 0 0 0 0
-62.6 -1015.1 2887.3 0 0 0 0 0 0 0 0 0
9.9 329.1 2942.2 21 0.0820640624 0.0256315153 -0.9962974191 -0.2673053145 0.9636079073 0.0027728393 0.9601111412 0.2660880387 0.0859290138
4.9 140.6 2890.2 0.0820640624 0.0256315153 -0.9962974191 -0.2673053145 0.9636079073 0.0027728393 0.9601111412 0.2660880387 0.0859290138
-3.6 -47.1 2841.9 0.0826562196 0.0419318341 -0.9956955910 -0.2503761351 0.9679424763 0.0199784525 0.9646137953 0.2476470768 0.0905051976
-6.4 174.2 2760.1 -0.5054148436 0.0365122370 -0.8621036410 0.6619408131 0.6573200822 -0.3602286875 0.5535252690 -0.7527264953 -0.3563882411
124.8 2.4 2616.4 -0.7165688276 0.0365122370 0.6965601444 -0.5077984333 0.6573200822 -0.5568403006 -0.4781944454 -0.7527264953 -0.4524742067
16.1 107.0 3020.2 0.0945693552 0.7331129909 -0.6734998226 -0.9952355623 0.0857449844 -0.0464113355 0.0237244777 0.6746800542 0.7377289534
40.4 -148.8 3026.3 0.1761965156 0.7362428904 -0.6533767581 -0.9800157547 0.0689485148 -0.1865883768 -0.0923250094 0.6731957197 0.7336781621
-15.9 -217.1 2712.2 -0.9657354355 0.2135551125 0.1474764347 0.1936487556 0.9712651372 -0.1383623630 -0.1727867126 -0.1050628051 -0.9793398380
-98.8 -594.1 2752.9 -0.9758716822 0.0542153977 0.2115067989 0.0978032127 0.9746069908 0.2014341056 -0.1952151805 0.2172598839 -0.9563938379
-20.7 -255.9 2884.5 -0.9181243181 0.0241962597 0.3955532014 0.0498748869 0.9972530007 0.0547626801 -0.3931415379 0.0700071156 -0.9168089628
-30.1 -642.6 2857.4 -0.9188205004 0.0761782452 0.3872541189 0.0412412584 0.9943559170 -0.0977522805 -0.3925150037 -0.0738459527 -0.9167762995
326.3 145.1 2750.9 0 0 0 0 0 0 0 0 0
86.3 -403.8 3002.3 0 0 0 0 0 0 0 0 0
-119.1 -959.8 2671.4 0 0 0 0 0 0 0 0 0
-58.5 -1013.6 2884.9 0 0 0 0 0 0 0 0 0
16.2 332.3 2948.1 22 -0.0410390347 0.0674763843 -0.9968764782 -0.2734385133 0.9588696361 0.0761605948 0.9610136151 0.2757099569 -0.0209004413
3.0 145.4 2894.4 -0.0410390347 0.0674763843 -0.9968764782 -0.2734385133 0.9588696361 0.0761605948 0.9610136151 0.2757099569 -0.0209004413
-9.2 -41.9 2845.2 -0.0394073278 0.0624988824 -0.9972667694 -0.2492753714 0.9658717513 0.0703815520 0.9676305056 0.2513675988 -0.0224829931
8.4 178.7 2764.0 -0.4465487301 0.0356672555 -0.8940481544 0.6865485907 0.6544372439 -0.3168010712 0.5737989545 -0.7552746534 -0.3167254031
123.4 1.8 2616.1 -0.7194760442 0.0356672555 0.6936007738 -0.5077109933 0.6544372439 -0.5603048205 -0.4739027023 -0.7552746534 -0.4527432621
-2.3 112.0 3024.7 0.0413844734 0.6557265520 -0.7538633943 -0.9985938668 0.0521635003 -0.0094463937 0.0331299007 0.7531942725 0.6569632888
8.3 -144.5 3033.3 0.1362522244 0.6581444740 -0.7404601574 -0.9879938960 0.0353291780 -0.1503992677 -0.0728245899 0.7520623207 0.6550563574
-19.4 -212.8 2708.4 -0.9472873807 0.2007331103 0.2497054487 0.1666416228 0.9743709564 -0.1511020362 -0.2736369073 -0.1015257314 -0.9564598203
-97.3 -591.0 2747.8 -0.9514830709 0.0625442564 0.3012775779 0.1189812273 0.9777468443 0.1727847755 -0.2837665081 0.2002481669 -0.9377511740
-9.0 -255.9 2879.8 -0.8654597998 0.0529049449 0.4981770813 0.0733414590 0.9970745444 0.0215262976 -0.4955808222 0.0551671758 -0.8668080568
-29.5 -643.2 2858.3 -0.8685727119 0.0781602636 0.4893591702 0.0399558358 0.9953141212 -0.0880528390 -0.4939483404 -0.0569275394 -0.8676256537
326.5 145.1 2749.9 0 0 0 0 0 0 0 0 0
43.8 -401.7 3014.3 0 0 0 0 0 0 0 0 0
-120.8 -959.0 2672.4 0 0 0 0 0 0 0 0 0
-58.7 -1014.6 2879.6 0 0 0 0 0 0 0 0 0
13.8 335.2 2939.5 23 0.0003720730 0.0609410070 -0.9981412888 -0.2403542697 0.9688865542 0.0590652786 0.9706851840 0.2398855388 0.0150079280
1.9 146.3 2892.8 0.0003720730 0.0609410070 -0.9981412888 -0.2403542697 0.9688865542 0.0590652786 0.9706851840 0.2398855388 0.0150079280
-9.7 -42.1 2848.0 0.0010117248 0.0598792583 -0.9982051253 -0.2300817072 0.9714390039 0.0580404438 0.9731708169 0.2296100259 0.0147599513
1.8 177.3 2760.8 -0.4812379479 0.0489569083 -0.8752218485 0.6763773561 0.6558526754 -0.3352177739 0.5576053858 -0.7532997131 -0.3487345576
125.5 3.4 2617.4 -0.7148233652 0.0489569083 0.6975892782 -0.5037492514 0.6558526754 -0.5622223020 -0.4850404859 -0.7532997131 -0.4441568255
2.1 115.3 3024.7 0.0567731112 0.6833542585 -0.7278761864 -0.9969511628 0.0778906271 -0.0046342001 0.0535279363 0.7259200811 0.6856929064
16.7 -141.2 3038.4 0.1478213370 0.6859866381 -0.7124403119 -0.9873815775 0.0609886795 -0.1461436898 -0.0568018220 0.7250536084 0.6863459945
-17.9 -207.4 2710.6 -0.9546003938 0.2008446604 0.2199988961 0.1728057563 0.9749240875 -0.1402182728 -0.2426443249 -0.0958353430 -0.9653700590
-95.9 -585.8 2747.8 -0.9600061178 0.0645570904 0.2724347115 0.1159491539 0.9773600698 0.1769832373 -0.2548412979 0.2014935613 -0.9457569718
-27.1 -250.6 2882.0 -0.8850905895 0.0056735571 0.4653841853 0.0386454985 0.9973685741 0.0613388680 -0.4638115764 0.0722754598 -0.8829808235
-29.3 -637.5 2854.0 -0.8856369853 0.0789983347 0.4576094449 0.0320229121 0.9934676290 -0.1095292345 -0.4632728100 -0.0823491514 -0.8823813796
329.1 146.8 2755.5 0 0 0 0 0 0 0 0 0
55.2 -398.4 3023.6 0 0 0 0 0 0 0 0 0
-120.5 -959.1 2670.9 0 0 0 0 0 0 0 0 0
-58.8 -1008.1 2884.7 0 0 0 0 0 0 0 0 0
11.6 330.9 2924.3 24 0.0288544931 0.0638026670 -0.9975453019 -0.2027717382 0.9775853753 0.0566607602 0.9788008332 0.2006390691 0.0411451086
-0.8 140.2 2885.1 0.0288544931 0.0638026670 -0.9975453019 -0.2027717382 0.9775853753 0.0566607602 0.9788008332 0.2006390691 0.0411451086
-11.6 -49.8 2847.9 0.0294391923 0.0561776832 -0.9979866743 -0.1932322979 0.9799056053 0.0494598001 0.9807112813 0.1913872063 0.0397029705
-4.8 166.4 2751.8 -0.5172860622 0.0456853919 -0.8545922637 0.6617103219 0.6546146870 -0.3655394316 0.5427288413 -0.7545809746 -0.3688535392
123.0 2.8 2617.6 -0.7175954580 0.0456853919 0.6949601769 -0.5039950013 0.6546146870 -0.5634435415 -0.4806722701 -0.7545809746 -0.4467233121
3.2 114.1 3018.4 0.0691528171 0.7016477585 -0.7091602683 -0.9934924841 0.1129254475 0.0148500809 0.0905017704 0.7035185099 0.7048909068
21.0 -141.5 3041.7 0.1574339420 0.7044456005 -0.6920772791 -0.9872645736 0.0960415080 -0.1268253326 -0.0228733998 0.7032300234 0.7105944157
-21.3 -210.2 2716.8 -0.9605070949 0.1857931167 0.2071402222 0.1650531590 0.9797411561 -0.1134228259 -0.2240169793 -0.0747542754 -0.9717140198
-93.4 -590.5 2745.8 -0.9650290012 0.0726841986 0.2518652081 0.1189131290 0.9776300788 0.1734910458 -0.2336209565 0.1973739713 -0.9520844221
-22.2 -250.7 2890.0 -0.8970850706 0.0215872191 0.4413302541 0.0623228177 0.9950024486 0.0780130848 -0.4374405742 0.0974893197 -0.8939471841
-30.6 -636.6 2852.2 -0.9003487825 0.0713070408 0.4292870164 0.0254993308 0.9934332967 -0.1115349308 -0.4344212413 -0.0894738063 -0.8962547779
327.7 146.6 2754.8 0 0 0 0 0 0 0 0 0
62.0 -398.8 3035.8 0 0 0 0 0 0 0 0 0
-120.7 -956.6 2671.9 0 0 0 0 0 0 0 0 0
-57.2 -1007.4 2885.6 0 0 0 0 0 0 0 0 0
14.0 331.0 2928.1 25 0.0470000803 0.0736063644 -0.9961792231 -0.2181684226 0.9739605784 0.0616713911 0.9747787118 0.2144362926 0.0618348084
-0.3 140.9 2886.2 0.0470000803 0.0736063644 -0.9961792231 -0.2181684226 0.9739605784 0.0616713911 0.9747787118 0.2144362926 0.0618348084
-11.0 -49.2 2848.8 0.0484885834 0.0553207062 -0.9972905517 -0.1956132799 0.9796558619 0.0448317081 0.9794816375 0.1929094642 0.0583235882
-7.0 167.5 2752.8 -0.5151034594 0.0338427797 -0.8564596176 0.6648902297 0.6463635564 -0.3743463159 0.5409153700 -0.7622787356 -0.3554458022
122.2 0.7 2617.1 -0.7210656404 0.0338427797 0.6920397282 -0.5123408437 0.6463635564 -0.5654388070 -0.4664452672 -0.7622787356 -0.4487315118
6.3 114.3 3019.7 0.0751512721 0.7140286565 -0.6960713863 -0.9933429360 0.1147213355 0.0104347607 0.0873049572 0.6906533837 0.7178967595
25.6 -141.5 3042.2 0.1614128202 0.7169006467 -0.6782325506 -0.9864944816 0.0978270695 -0.1313716918 -0.0278309472 0.6902777553 0.7230090499
-25.0 -222.6 2723.2 -0.9642967582 0.1787804812 0.1953697950 0.1663634628 0.9829465747 -0.0783534870 -0.2060461491 -0.0430536158 -0.9775946736
-94.3 -604.0 2739.9 -0.9697239399 0.0729078129 0.2330663204 0.1130238101 0.9800155759 0.1636920273 -0.2164742053 0.1850781292 -0.9585849047
-20.3 -256.8 2898.2 -0.9051111937 0.0251997598 0.4244274497 0.0685123056 0.9938410521 0.0870978162 -0.4196185768 0.1079117134 -0.9012631774
-30.0 -642.5 2856.3 -0.9082443714 0.0794513375 0.4108279645 0.0356152020 0.9929236770 -0.1132878214 -0.4169216752 -0.0882613063 -0.9046470523
327.9 146.8 2750.1 0 0 0 0 0 0 0 0 0
67.7 -398.7 3034.9 0 0 0 0 0 0 0 0 0
-120.5 -955.8 2673.5 0 0 0 0 0 0 0 0 0
-59.7 -1013.1 2889.3 0 0 0 0 0 0 0 0 0
12.9 328.5 2930.5 26 0.0581596084 0.0642398521 -0.9962382913 -0.2378402650 0.9700841904 0.0486684442 0.9695614576 0.2341150492 0.0716985390
0.4 139.1 2884.8 0.0581596084 0.0642398521 -0.9962382913 -0.2378402650 0.9700841904 0.0486684442 0.9695614576 0.2341150492 0.0716985390
-10.0 -50.3 2844.1 0.0596553832 0.0533790328 -0.9967908263 -0.2130887359 0.9762330651 0.0395253301 0.9752099514 0.2100469917 0.0696120262
-7.8 168.2 2751.8 -0.5233519673 0.0535175540 -0.8504343629 0.6668552756 0.6470354199 -0.3696608245 0.5304778218 -0.7605794072 -0.3743157387
122.7 1.9 2619.5 -0.7158311009 0.0535175540 0.6962195635 -0.5061924458 0.6470354199 -0.5701879859 -0.4809938073 -0.7605794072 -0.4360779226
8.5 110.1 3017.9 0.0799899325 0.7208170891 -0.6884942651 -0.9944129586 0.1054340526 -0.0051479815 0.0688799843 0.6850593686 0.7252235413
29.1 -146.0 3035.6 0.1650878191 0.7237529159 -0.6700206995 -0.9851534367 0.0885622799 -0.1470695138 -0.0471034274 0.6843525767 0.7276281714
-26.0 -221.8 2723.8 -0.9671796560 0.1784821153 0.1808524579 0.1654764563 0.9825665355 -0.0847381279 -0.1928238124 -0.0520301722 -0.9798529744
-95.3 -603.1 2743.9 -0.9725569487 0.0729325339 0.2209383845 0.1126485914 0.9784812331 0.1728720069 -0.2035760731 0.1930162758 -0.9598445296
-17.6 -256.6 2898.9 -0.9096867442 0.0264120195 0.4144543707 0.0758772790 0.9917474985 0.1033419073 -0.4083046019 0.1254564375 -0.9041836262
-27.9 -641.5 2850.2 -0.9133010507 0.0908329189 0.3970271945 0.0422357358 0.9906803370 -0.1294935197 -0.4050893188 -0.1014978290 -0.9086257815
326.5 146.0 2756.5 0 0 0 0 0 0 0 0 0
72.2 -402.9 3023.3 0 0 0 0 0 0 0 0 0
-121.5 -954.2 2674.7 0 0 0 0 0 0 0 0 0
-61.8 -1011.3 2888.0 0 0 0 0 0 0 0 0 0
7.9 316.1 2942.3 27 0.0426721349 0.0398560129 -0.9982938170 -0.2798621356 0.9596784711 0.0263516009 0.9590913653 0.2782601714 0.0521057174
0.1 129.9 2888.2 0.0426721349 0.0398560129 -0.9982938170 -0.2798621356 0.9596784711 0.0263516009 0.9590913653 0.2782601714 0.0521057174
-8.3 -57.7 2839.9 0.0439042337 0.0436120220 -0.9980833530 -0.2514162958 0.9673756957 0.0312107895 0.9668827653 0.2495641559 0.0534366593
-5.9 164.2 2756.4 -0.5127221346 0.0223119948 -0.8582646251 0.6580442190 0.6522927284 -0.3761542439 0.5514470339 -0.7576386929 -0.3491271734
121.7 0.4 2619.2 -0.7224309444 0.0223119948 0.6910830140 -0.5133325458 0.6522927284 -0.5576772690 -0.4632312953 -0.7576386929 -0.4597829580
6.2 95.6 3020.1 0.0853768587 0.7080045938 -0.7010280490 -0.9958659410 0.0825397372 -0.0379234403 0.0310127009 0.7013677359 0.7121246457
28.1 -160.8 3028.1 0.1724936217 0.7110577226 -0.6816471815 -0.9815078974 0.0657681525 -0.1797688007 -0.0829953030 0.7000510693 0.7092533112
-25.7 -220.7 2716.0 -0.9657298326 0.1803289056 0.1866744906 0.1617747247 0.9806345105 -0.1103850007 -0.2029650658 -0.0764028728 -0.9762006998
