-403.5 503.0 2674.2 8 -0.6293708086 -0.0387457833 -0.7761386037 -0.1052761823 0.9937999845 0.0357567519 0.7699411511 0.1042131633 -0.6295476556
-395.8 305.2 2653.5 -0.6293708086 -0.0387457833 -0.7761386037 -0.1052761823 0.9937999845 0.0357567519 0.7699411511 0.1042131633 -0.6295476556
-388.6 107.4 2635.2 -0.6298018098 -0.0357882529 -0.7759309411 -0.0937742293 0.9951348901 0.0302153751 0.7710745931 0.0917920321 -0.6300937533
-307.2 318.4 2545.0 -0.8508948088 -0.4633395374 0.2475771755 -0.5203555226 0.6786227226 -0.5183640718 0.0721670836 -0.5699014664 -0.8185378313
-106.2 441.3 2528.0 -0.3204927742 -0.4633395374 0.8261966109 -0.7278901339 0.6786227226 0.0982202142 -0.6061850786 -0.5699014664 -0.5547538996
-484.4 292.0 2762.0 -0.1968210340 0.9338834882 -0.2985349298 -0.8985795379 -0.0500200577 0.4359504879 0.3921942413 0.3540616035 0.8490135670
-537.5 49.5 2867.8 -0.0863146186 0.9368211627 -0.3389923871 -0.9813178778 -0.0212208442 0.1912194639 0.1719447374 0.3491643369 0.9211510420
-324.5 -84.3 2545.5 -0.3079248071 0.2787494659 -0.9096598625 0.0289460402 0.9584190845 0.2838925123 0.9509702325 0.0610864982 -0.3031897247
-435.3 -465.3 2521.2 -0.3256652653 0.1609042734 -0.9316930771 -0.0693604499 0.9786918163 0.1932653338 0.9429375529 0.1275624633 -0.3075655401
-439.3 -99.0 2687.7 -0.7276942134 0.1019964442 -0.6782756448 0.1503604501 0.9885501862 -0.0126612615 0.6692181230 -0.1111993566 -0.7346984744
-479.3 -487.2 2731.4 -0.7201089263 -0.1565832645 -0.6759621501 -0.2198942900 0.9754884839 0.0082884394 0.6580954194 0.1546088010 -0.7368897796
-18.6 640.3 2693.7 0 0 0 0 0 0 0 0 0
-559.9 -205.6 2912.5 0 0 0 0 0 0 0 0 0
-491.2 -804.9 2477.0 0 0 0 0 0 0 0 0 0
-428.5 -804.2 2681.1 0 0 0 0 0 0 0 0 0
-400.6 502.2 2673.0 9 -0.6439831853 -0.0396889113 -0.7640094161 -0.1113279611 0.9928848147 0.0422597155 0.7568961382 0.1122701615 -0.6438196301
-392.7 304.7 2650.7 -0.6439831853 -0.0396889113 -0.7640094161 -0.1113279611 0.9928848147 0.0422597155 0.7568961382 0.1122701615 -0.6438196301
-385.4 107.0 2631.0 -0.6444547772 -0.0364282392 -0.7637741566 -0.0990153551 0.9944302440 0.0361174531 0.7582044601 0.0989014432 -0.6444723010
-302.0 318.6 2544.0 -0.8469951153 -0.4633177221 0.2606453598 -0.5283845663 0.6798833609 -0.5084961653 0.0583868437 -0.5684147477 -0.8206678033
-104.9 441.6 2530.4 -0.3104537427 -0.4633177221 0.8300332427 -0.7252897620 0.6798833609 0.1082282886 -0.6144698858 -0.5684147477 -0.5471119285
-483.4 290.8 2757.3 -0.2051900625 0.9269348383 -0.3141477108 -0.9013814330 -0.0539186075 0.4296560585 0.3813247681 0.3713280559 0.8465854526
-538.7 47.5 2860.3 -0.0905943215 0.9299967289 -0.3562285602 -0.9825288653 -0.0250734072 0.1844134778 0.1625720710 0.3667116463 0.9160201550
-323.8 -81.8 2546.3 -0.3219886720 0.2793837786 -0.9045816660 0.0353947766 0.9583508372 0.2833917439 0.9460816383 0.0592314675 -0.3184668422
-434.8 -462.9 2522.7 -0.3420047760 0.1573469192 -0.9264311194 -0.0758379474 0.9780440331 0.1941095740 0.9366329908 0.1366450340 -0.3225628734
-437.3 -99.8 2680.9 -0.7401270270 0.1051256806 -0.6641992331 0.1459911764 0.9892670512 -0.0061045485 0.6564286351 -0.1014853641 -0.7475306988
-478.6 -488.2 2720.7 -0.7327160835 -0.1584806442 -0.6618239880 -0.2241730094 0.9744362831 0.0148466630 0.6425523758 0.1592414677 -0.7495121956
-20.0 639.9 2698.4 0 0 0 0 0 0 0 0 0
-562.3 -207.9 2902.5 0 0 0 0 0 0 0 0 0
-490.0 -806.0 2474.8 0 0 0 0 0 0 0 0 0
-427.1 -804.8 2669.0 0 0 0 0 0 0 0 0 0
-400.2 501.3 2674.9 0 -0.6641970873 -0.0429634601 -0.7463219166 -0.1235622540 0.9909246564 0.0529210456 0.7372751236 0.1273672283 -0.6634779572
-391.7 303.8 2649.5 -0.6641970873 -0.0429634601 -0.7463219166 -0.1235622540 0.9909246564 0.0529210456 0.7372751236 0.1273672283 -0.6634779572
-384.2 106.4 2628.0 -0.6649221778 -0.0372193046 -0.7459847331 -0.1056181863 0.9934070706 0.0445772558 0.7394074202 0.1084299609 -0.6644694209
-298.1 318.7 2545.5 -0.8424279094 -0.4750017226 0.2543394268 -0.5354058743 0.6850044131 -0.4940743446 0.0604625344 -0.5523968935 -0.8313855529
-102.9 442.8 2531.5 -0.2950466871 -0.4750017226 0.8290481567 -0.7153724432 0.6850044131 0.1378810257 -0.6333953738 -0.5523968935 -0.5419114232
-485.2 289.0 2753.5 -0.2170286328 0.9164598584 -0.3361545205 -0.9049565792 -0.0597789437 0.4212838709 0.3659948111 0.3956359029 0.8423300982
-543.8 44.8 2852.3 -0.0967012271 0.9196982980 -0.3805311620 -0.9840083718 -0.0308797788 0.1754251570 0.1495874971 0.3914096653 0.9079769254
-319.1 -81.6 2541.8 -0.3374566734 0.2926885784 -0.8946822882 0.0593517460 0.9551581740 0.2900865078 0.9394681454 0.0447906815 -0.3396961093
-435.4 -461.3 2524.0 -0.3614136875 0.1564617306 -0.9191843271 -0.0710926056 0.9783264995 0.1944816560 0.9296913147 0.1356355399 -0.3424573243
-437.8 -100.8 2674.2 -0.7573552132 0.1095837280 -0.6437425613 0.1405531019 0.9900680184 0.0031794198 0.6376973987 -0.0880720615 -0.7652354836
-480.8 -489.6 2708.8 -0.7502329946 -0.1609682441 -0.6412796974 -0.2293960303 0.9730340838 0.0241281409 0.6201031208 0.1652087569 -0.7669277191
-22.2 638.4 2704.6 0 0 0 0 0 0 0 0 0
-568.9 -211.0 2891.2 0 0 0 0 0 0 0 0 0
-490.6 -806.0 2476.2 0 0 0 0 0 0 0 0 0
-428.5 -805.7 2655.1 0 0 0 0 0 0 0 0 0
-401.5 501.8 2675.3 1 -0.6884725690 -0.0469581261 -0.7237406373 -0.1231874228 0.9909731150 0.0528876148 0.7147240043 0.1255674213 -0.6880424619
-392.2 304.5 2650.3 -0.6884725690 -0.0469581261 -0.7237406373 -0.1231874228 0.9909731150 0.0528876148 0.7147240043 0.1255674213 -0.6880424619
-384.1 107.0 2628.8 -0.6892117262 -0.0405393541 -0.7234250307 -0.1064244732 0.9932686090 0.0457304157 0.7167015076 0.1085080653 -0.6888867617
-295.3 319.4 2549.6 -0.8453801274 -0.4627907276 0.2667531073 -0.5314464569 0.6783733964 -0.5073205829 0.0538250506 -0.5706437230 -0.8194319010
-101.7 441.1 2537.2 -0.2910288870 -0.4627907276 0.8373332024 -0.7243167162 0.6783733964 0.1231861264 -0.6250339746 -0.5706437230 -0.5326333046
-489.1 289.5 2751.1 -0.2293416858 0.9027491212 -0.3639319241 -0.9054268003 -0.0606444627 0.4201482832 0.3572180271 0.4258712232 0.8312815428
-551.0 45.2 2847.5 -0.1019353867 0.9061332941 -0.4105260074 -0.9841836095 -0.0317568518 0.1742817611 0.1448854953 0.4217984676 0.8950386643
-315.8 -81.4 2538.6 -0.3607800901 0.3053971827 -0.8812322617 0.0829832256 0.9516320825 0.2958211005 0.9289518595 0.0335988589 -0.3686727583
-437.2 -459.7 2525.2 -0.3885080218 0.1437853575 -0.9101578593 -0.0733695030 0.9797868729 0.1861035973 0.9185196757 0.1390805691 -0.3701056242
-439.2 -100.2 2672.9 -0.7781363726 0.1127596647 -0.6178907752 0.1399328560 0.9901509285 0.0044704322 0.6123092175 -0.0829846114 -0.7862512469
-483.5 -489.0 2705.5 -0.7705630064 -0.1660017669 -0.6153666377 -0.2298876792 0.9728851318 0.0254194494 0.5944613814 0.1610524952 -0.7878310680
-22.1 639.1 2708.1 0 0 0 0 0 0 0 0 0
-577.5 -210.7 2885.2 0 0 0 0 0 0 0 0 0
-488.6 -810.0 2475.5 0 0 0 0 0 0 0 0 0
-429.6 -805.1 2653.2 0 0 0 0 0 0 0 0 0
-398.5 502.6 2676.1 2 -0.6776959896 -0.0349596068 -0.7345107198 -0.1124099120 0.9920544624 0.0564973466 0.7266995311 0.1208543107 -0.6762410998
-391.5 305.6 2652.1 -0.6776959896 -0.0349596068 -0.7345107198 -0.1124099120 0.9920544624 0.0564973466 0.7266995311 0.1208543107 -0.6762410998
-385.8 108.0 2631.3 -0.6782125831 -0.0288940873 -0.7342975140 -0.0963415354 0.9940984249 0.0498659872 0.7285231948 0.1045630872 -0.6769937277
-296.1 319.1 2549.6 -0.8523260355 -0.4417680800 0.2799665332 -0.5214629173 0.6766446233 -0.5198351145 0.0402086936 -0.5890611410 -0.8070874810
-98.7 439.9 2540.3 -0.2780839503 -0.4417680800 0.8529421687 -0.7275473475 0.6766446233 0.1132559180 -0.6271715760 -0.5890611410 -0.5095711946
-486.9 292.0 2754.5 -0.2323532104 0.9090713859 -0.3458341360 -0.9014161229 -0.0677169338 0.4276252389 0.3653230369 0.4111005664 0.8351858258
-549.6 48.7 2853.1 -0.1092831045 0.9126734734 -0.3938075006 -0.9824359417 -0.0388886407 0.1825029254 0.1512509435 0.4068351090 0.9008930922
-312.8 -80.7 2541.5 -0.3471889794 0.3149687350 -0.8833201528 0.0824415982 0.9485158324 0.3058121204 0.9341644645 0.0333522782 -0.3552807868
-438.1 -457.8 2528.3 -0.3762799203 0.1387707591 -0.9160546660 -0.0853964463 0.9793162346 0.1834316552 0.9225621223 0.1472494602 -0.3566465080
-442.2 -98.5 2677.3 -0.7664052844 0.1212012842 -0.6308194399 0.1505301148 0.9885802269 0.0070545101 0.6244706511 -0.0895507112 -0.7758975625
-489.8 -486.7 2712.5 -0.7627958655 -0.1536833644 -0.6281113625 -0.2195243537 0.9752054811 0.0279877521 0.6082363725 0.1592346877 -0.7776199579
-22.7 638.9 2711.7 0 0 0 0 0 0 0 0 0
-578.1 -206.7 2892.5 0 0 0 0 0 0 0 0 0
-488.3 -812.2 2475.0 0 0 0 0 0 0 0 0 0
-439.9 -803.5 2660.8 0 0 0 0 0 0 0 0 0
-396.7 507.6 2678.4 3 -0.6814098358 -0.0284341592 -0.7313495278 -0.1123389974 0.9914675951 0.0661207065 0.7232292891 0.1272143722 -0.6787900329
-391.1 310.8 2653.2 -0.6814098358 -0.0284341592 -0.7313495278 -0.1123389974 0.9914675951 0.0661207065 0.7232292891 0.1272143722 -0.6787900329
-386.5 113.3 2631.5 -0.6818497181 -0.0228767768 -0.7311344743 -0.0953190252 0.9937673211 0.0577993020 0.7252553105 0.1091014668 -0.6797806025
-295.1 324.2 2551.1 -0.8647862077 -0.4178127050 0.2785270512 -0.5012033582 0.6843487620 -0.5295865536 0.0306583401 -0.5975778699 -0.8012245297
-96.0 439.6 2544.1 -0.2646505535 -0.4178127050 0.8691332936 -0.7208901644 0.6843487620 0.1094718575 -0.6405290365 -0.5975778699 -0.4823103547
-487.0 297.4 2755.2 -0.2398118675 0.9068768024 -0.3465036154 -0.9015347362 -0.0756124333 0.4260491431 0.3601740897 0.4145566821 0.8357136846
-551.7 54.1 2852.4 -0.1163532957 0.9106861949 -0.3963742852 -0.9823909402 -0.0467850231 0.1808844507 0.1461845934 0.4104410410 0.9000934362
-317.8 -80.8 2543.7 -0.3531845510 0.3025638461 -0.8852772117 0.0722674802 0.9522560835 0.2966240346 0.9327583313 0.0407862701 -0.3581876755
-438.1 -459.4 2527.5 -0.3801627755 0.1378220171 -0.9145935178 -0.0856749043 0.9793370962 0.1831902564 0.9209430218 0.1479998231 -0.3604996204
-444.5 -93.0 2676.3 -0.7679995298 0.1280554533 -0.6275177598 0.1526430994 0.9881699681 0.0148374010 0.6219942570 -0.0843911469 -0.7784608603
-494.8 -481.1 2709.5 -0.7667367458 -0.1480197310 -0.6246638298 -0.2174479216 0.9754162431 0.0357703976 0.6040124893 0.1632583290 -0.7800741196
-23.6 636.7 2719.2 0 0 0 0 0 0 0 0 0
-582.0 -201.3 2890.4 0 0 0 0 0 0 0 0 0
-487.9 -813.0 2474.1 0 0 0 0 0 0 0 0 0
-446.7 -798.0 2656.4 0 0 0 0 0 0 0 0 0
-396.8 502.7 2677.6 4 -0.6701338887 -0.0303186271 -0.7416207194 -0.1151183844 0.9913203716 0.0634950697 0.7332586646 0.1279243827 -0.6678076386
-390.8 305.5 2652.1 -0.6701338887 -0.0303186271 -0.7416207194 -0.1151183844 0.9913203716 0.0634950697 0.7332586646 0.1279243827 -0.6678076386
-385.9 108.0 2629.7 -0.6705495119 -0.0243491959 -0.7414650917 -0.1000298113 0.9933016300 0.0578433797 0.7350900173 0.1129554585 -0.6684936285
-296.4 319.6 2548.7 -0.8580155373 -0.4095383584 0.3099801242 -0.5136040449 0.6788299680 -0.5247864127 0.0044963704 -0.6094819307 -0.7927871943
-92.2 441.8 2547.6 -0.2551572621 -0.4095383584 0.8758841753 -0.7266452312 0.6788299680 0.1057195663 -0.6378726363 -0.6094819307 -0.4707974792
-485.1 291.4 2755.6 -0.2315809280 0.9132358432 -0.3352171779 -0.9035480022 -0.0742189810 0.4220101237 0.3605152965 0.4006143212 0.8423401117
-547.6 47.5 2852.9 -0.1111096591 0.9168929458 -0.3833562136 -0.9832610488 -0.0453725755 0.1764625311 0.1444033980 0.3965459168 0.9065864682
-319.4 -75.6 2543.3 -0.3398982882 0.2919938862 -0.8939847350 0.0660284162 0.9556436539 0.2870285809 0.9381414652 0.0385321192 -0.3441015482
-435.5 -455.5 2528.0 -0.3663429022 0.1444118470 -0.9192051291 -0.0848725885 0.9785785675 0.1875651032 0.9266010523 0.1467284560 -0.3462387025
-442.6 -98.6 2674.7 -0.7590193748 0.1237233207 -0.6392042637 0.1480362266 0.9888586402 0.0156170819 0.6340148449 -0.0827717260 -0.7688784003
-491.2 -487.0 2707.2 -0.7568863034 -0.1485540122 -0.6364391446 -0.2219861448 0.9743639231 0.0365668945 0.6146911979 0.1689576507 -0.7704596519
-22.4 640.5 2722.1 0 0 0 0 0 0 0 0 0
-576.5 -208.1 2890.4 0 0 0 0 0 0 0 0 0
-488.2 -812.9 2474.4 0 0 0 0 0 0 0 0 0
-442.9 -803.6 2652.3 0 0 0 0 0 0 0 0 0
-395.5 502.0 2677.2 5 -0.6968778968 -0.0228792764 -0.7168247700 -0.1100032032 0.9910740256 0.0753095374 0.7087033987 0.1313345730 -0.6931743622
-390.9 305.1 2651.1 -0.6968778968 -0.0228792764 -0.7168247700 -0.1100032032 0.9910740256 0.0753095374 0.7087033987 0.1313345730 -0.6931743622
-387.5 107.6 2628.5 -0.6972118616 -0.0170889907 -0.7166614532 -0.0934222862 0.9933561683 0.0672000349 0.7107516527 0.1138048097 -0.6941761374
-292.9 318.2 2551.1 -0.8540754914 -0.4294296801 0.2935049534 -0.5197020173 0.6811213493 -0.5157358646 0.0215598065 -0.5930125117 -0.8049045205
-93.7 439.4 2546.1 -0.2565872371 -0.4294296801 0.8658828735 -0.7215996385 0.6811213493 0.1239665225 -0.6430062056 -0.5930125117 -0.4846433401
-489.0 292.0 2751.1 -0.2542991638 0.8975967765 -0.3600722253 -0.9014815688 -0.0851691067 0.4243550897 0.3502327204 0.4325116277 0.8308253288
-557.6 48.7 2845.6 -0.1271829605 0.9017171860 -0.4131956398 -0.9821785688 -0.0563719757 0.1792971343 0.1383826435 0.4286354482 0.8928168416
-319.6 -80.3 2539.8 -0.3713423312 0.2906599045 -0.8818286061 0.0709927753 0.9558466673 0.2851616144 0.9257780313 0.0432891175 -0.3755810857
-435.1 -460.3 2522.6 -0.3952883184 0.1510695517 -0.9060491920 -0.0615219809 0.9798139930 0.1902092993 0.9164945483 0.1309294552 -0.3780149221
-448.1 -98.4 2671.0 -0.7792689204 0.1376625299 -0.6113828421 0.1555681080 0.9875318408 0.0240712408 0.6070737243 -0.0763537064 -0.7909687757
-502.1 -486.2 2701.0 -0.7806321979 -0.1433535963 -0.6083281636 -0.2142460197 0.9757428765 0.0449939556 0.5871217847 0.1654556096 -0.7924092412
-23.6 636.7 2721.9 0 0 0 0 0 0 0 0 0
-590.7 -206.6 2881.5 0 0 0 0 0 0 0 0 0
-489.1 -810.5 2475.8 0 0 0 0 0 0 0 0 0
-455.5 -803.2 2647.2 0 0 0 0 0 0 0 0 0
-396.0 502.1 2676.5 6 -0.7093195319 -0.0254617855 -0.7044270635 -0.1112635732 0.9908636212 0.0762211829 0.6960504651 0.1324422508 -0.7056719065
-390.9 305.4 2650.2 -0.7093195319 -0.0254617855 -0.7044270635 -0.1112635732 0.9908636212 0.0762211829 0.6960504651 0.1324422508 -0.7056719065
-387.8 108.0 2627.4 -0.7097200155 -0.0159178860 -0.7043039799 -0.0920590088 0.9932675958 0.0703182220 0.6984429955 0.1147437766 -0.7064073086
-291.1 318.4 2551.9 -0.8520092368 -0.4280554950 0.3014112115 -0.5232301950 0.6768651605 -0.5177680850 0.0176187307 -0.5988506079 -0.8006669283
-93.1 440.0 2547.8 -0.2843312025 -0.4280554950 0.8578602672 -0.7298409939 0.6768651605 0.0958422795 -0.6216815114 -0.5988506079 -0.5048663020
-490.8 292.5 2748.4 -0.2632228732 0.8896916509 -0.3730448186 -0.9010376334 -0.0885432884 0.4246071577 0.3447388411 0.4478937387 0.8249523044
-561.8 49.3 2841.5 -0.1326992363 0.8939720392 -0.4280244112 -0.9819173813 -0.0597465485 0.1796345115 0.1350152493 0.4441219866 0.8857350349
-320.2 -81.3 2540.6 -0.3872541189 0.2864236534 -0.8763536811 0.0705785230 0.9569402933 0.2815741003 0.9192675948 0.0471889824 -0.3907943964
-434.1 -461.8 2521.9 -0.4103273749 0.1534194946 -0.8989404440 -0.0555694923 0.9797087312 0.1925690472 0.9102436304 0.1289700121 -0.3934758604
-449.7 -97.9 2668.6 -0.7891682386 0.1421220899 -0.5975071192 0.1573957652 0.9871685505 0.0269230381 0.5936666131 -0.0727982894 -0.8014115095
-505.5 -485.6 2697.2 -0.7913558483 -0.1431432217 -0.5943618417 -0.2124671340 0.9759967923 0.0478324369 0.5732483268 0.1641348302 -0.8027740121
-15.4 639.5 2717.8 0 0 0 0 0 0 0 0 0
-596.3 -205.9 2876.6 0 0 0 0 0 0 0 0 0
-488.7 -810.3 2476.0 0 0 0 0 0 0 0 0 0
-459.0 -802.7 2643.8 0 0 0 0 0 0 0 0 0
-394.5 506.3 2676.1 7 -0.7076994181 -0.0235331468 -0.7061216235 -0.1055129692 0.9917571545 0.0726961121 0.6985903978 0.1259519905 -0.7043489814
-389.9 309.0 2651.1 -0.7076994181 -0.0235331468 -0.7061216235 -0.1055129692 0.9917571545 0.0726961121 0.6985903978 0.1259519905 -0.7043489814
-386.6 111.5 2629.2 -0.7080227733 -0.0165432114 -0.7059958577 -0.0894930065 0.9937673807 0.0664635375 0.7004960775 0.1102393791 -0.7050904036
-290.2 321.6 2552.5 -0.8566089272 -0.4159391522 0.3053125441 -0.5158253908 0.6765308380 -0.5255761147 0.0120543251 -0.6077011228 -0.7940742970
-91.9 441.0 2549.7 -0.2892284691 -0.4159391522 0.8621725440 -0.7319647074 0.6765308380 0.0808314011 -0.6169072390 -0.6077011228 -0.5001247525
-489.5 296.4 2749.6 -0.2616684139 0.8908024430 -0.3714843094 -0.8996270299 -0.0857061297 0.4281654656 0.3495723903 0.4462347031 0.8238165379
-560.1 53.6 2844.0 -0.1315436959 0.8950505257 -0.4261230528 -0.9813887477 -0.0569167249 0.1834028214 0.1399012506 0.4423178434 0.8858795166
-319.5 -81.1 2540.5 -0.3841605783 0.2899300456 -0.8765621781 0.0778728575 0.9562062025 0.2821445167 0.9199763536 0.0401283987 -0.3899144232
-434.8 -461.2 2524.5 -0.4102405906 0.1534313858 -0.8989779949 -0.0623677820 0.9787181616 0.1955018789 0.9098422527 0.1362700611 -0.3919407427
-448.2 -94.3 2671.5 -0.7879246473 0.1411095858 -0.5993854403 0.1594908386 0.9869386554 0.0226894692 0.5947583318 -0.0777188912 -0.8001389503
-503.6 -481.9 2702.0 -0.7898298502 -0.1436718255 -0.5962610245 -0.2105587721 0.9766086340 0.0435957909 0.5760501623 0.1599812359 -0.8016059995
-12.9 641.1 2718.4 0 0 0 0 0 0 0 0 0
-594.3 -201.5 2880.4 0 0 0 0 0 0 0 0 0
-489.5 -809.9 2476.0 0 0 0 0 0 0 0 0 0
-457.0 -799.2 2650.0 0 0 0 0 0 0 0 0 0
-393.8 509.6 2676.5 8 -0.7156403661 -0.0212962441 -0.6981441975 -0.1021407247 0.9919807315 0.0744410157 0.6909602880 0.1245819554 -0.7120766640
-389.5 312.1 2651.7 -0.7156403661 -0.0212962441 -0.6981441975 -0.1021407247 0.9919807315 0.0744410157 0.6909602880 0.1245819554 -0.7120766640
-387.1 114.5 2630.2 -0.7159451246 -0.0123179154 -0.6980478764 -0.0841353387 0.9940797687 0.0687507167 0.6930684447 0.1079522371 -0.7127429247
-288.8 324.0 2554.1 -0.8579739928 -0.4072940648 0.3130370677 -0.5136637092 0.6737019420 -0.5312958360 0.0054999548 -0.6166337729 -0.7872309089
-90.5 442.6 2552.9 -0.2909027040 -0.4072940648 0.8657292724 -0.7357050776 0.6737019420 0.0697402954 -0.6116483212 -0.6166337729 -0.4956300259
-490.3 300.3 2749.2 -0.2703039944 0.8854987025 -0.3779256344 -0.8974188566 -0.0895714015 0.4319911897 0.3486763239 0.4559265375 0.8188747168
-563.2 58.1 2843.3 -0.1383917183 0.8899451494 -0.4345634282 -0.9803501368 -0.0608168803 0.1876564920 0.1405752003 0.4519944191 0.8808743954
-318.3 -77.9 2543.0 -0.3977467716 0.2872717083 -0.8713624477 0.0681444183 0.9563452005 0.2841833830 0.9149610996 0.0536545292 -0.3999591768
-432.5 -458.1 2521.6 -0.4207311273 0.1555490047 -0.8937504292 -0.0557914749 0.9788890481 0.1966303289 0.9054681659 0.1325921565 -0.4031707942
-450.3 -90.8 2672.3 -0.7933534980 0.1473238170 -0.5906656981 0.1650745273 0.9859840870 0.0242040157 0.5859527588 -0.0783015192 -0.8065533042
-508.2 -478.0 2703.0 -0.7970783114 -0.1400519162 -0.5874109864 -0.2050232589 0.9777177572 0.0450933762 0.5680067539 0.1563758701 -0.8080314994
-11.0 643.8 2720.1 0 0 0 0 0 0 0 0 0
-599.2 -196.8 2879.8 0 0 0 0 0 0 0 0 0
-488.6 -810.7 2473.9 0 0 0 0 0 0 0 0 0
-462.6 -795.7 2652.2 0 0 0 0 0 0 0 0 0
-392.9 508.7 2674.6 9 -0.7134488821 -0.0155129991 -0.7005355358 -0.0909905806 0.9933410287 0.0706708357 0.6947743297 0.1141621619 -0.7101095915
-389.8 311.4 2651.9 -0.7134488821 -0.0155129991 -0.7005355358 -0.0909905806 0.9933410287 0.0706708357 0.6947743297 0.1141621619 -0.7101095915
-388.4 113.6 2632.3 -0.7136384845 -0.0072540720 -0.7004765868 -0.0744316205 0.9950710535 0.0655253232 0.6965486407 0.0988990068 -0.7106609344
-289.4 321.8 2553.9 -0.8533492088 -0.4120776057 0.3193543851 -0.5213383436 0.6759508848 -0.5208615661 -0.0012324902 -0.6109684706 -0.7916539907
-89.5 444.0 2554.2 -0.2894811928 -0.4120776057 0.8639402390 -0.7329310775 0.6759508848 0.0768275931 -0.6156401038 -0.6109684706 -0.4976995289
-490.2 300.9 2750.0 -0.2731408775 0.8868368864 -0.3727122247 -0.8928949237 -0.0895537734 0.4412694871 0.3579562604 0.4533215761 0.8163129687
-564.0 59.9 2846.6 -0.1424189210 0.8914032578 -0.4302523434 -0.9783568382 -0.0608515739 0.1977751702 0.1501158923 0.4491072595 0.8807768822
-318.9 -75.4 2545.1 -0.3990598619 0.2876484096 -0.8706374764 0.0612688959 0.9557618499 0.2876896858 0.9148755670 0.0614624135 -0.3990300894
-433.3 -455.4 2520.7 -0.4197185338 0.1525329947 -0.8947457671 -0.0534050167 0.9799201488 0.1921050996 0.9060817957 0.1284139901 -0.4031446278
-452.4 -91.1 2676.5 -0.7902925611 0.1516217291 -0.5936737657 0.1741745919 0.9845200777 0.0195827149 0.5874528885 -0.0879268050 -0.8044675589
-511.9 -477.7 2711.0 -0.7958089113 -0.1349082589 -0.5903286338 -0.1960848570 0.9797529578 0.0404339470 0.5729213357 0.1479322016 -0.8061496019
-10.3 644.4 2722.6 0 0 0 0 0 0 0 0 0
-601.0 -194.4 2885.6 0 0 0 0 0 0 0 0 0
-488.6 -810.9 2474.1 0 0 0 0 0 0 0 0 0
-468.1 -796.0 2663.0 0 0 0 0 0 0 0 0 0
-393.5 509.2 2675.2 0 -0.7397789359 -0.0223718658 -0.6724780202 -0.1022833064 0.9915708303 0.0795323253 0.6650303006 0.1276196092 -0.7358314395
-389.1 312.7 2649.9 -0.7397789359 -0.0223718658 -0.6724780202 -0.1022833064 0.9915708303 0.0795323253 0.6650303006 0.1276196092 -0.7358314395
-385.7 115.2 2627.6 -0.7400615811 -0.0168591477 -0.6723277569 -0.0879788324 0.9935219884 0.0719289333 0.6667597294 0.1123824492 -0.7367507219
-285.0 325.1 2556.2 -0.8554217815 -0.4123584330 0.3133913279 -0.5178632736 0.6711068153 -0.5305028558 0.0084382836 -0.6160975695 -0.7876246572
-89.8 443.2 2554.2 -0.2922965586 -0.4123584330 0.8628575802 -0.7379791737 0.6711068153 0.0707275048 -0.6082347035 -0.6160975695 -0.5004741549
-493.1 300.3 2743.7 -0.2815071046 0.8688923717 -0.4071606398 -0.8994200230 -0.0910763368 0.4274912179 0.3343611360 0.4865502715 0.8071378469
-569.1 57.6 2833.9 -0.1422438473 0.8734505773 -0.4656724334 -0.9811552763 -0.0622651353 0.1829135418 0.1307707727 0.4829152822 0.8658474684
-321.5 -77.4 2548.7 -0.4311424196 0.2794305384 -0.8579246998 0.0598208420 0.9575971365 0.2818319499 0.9002986550 0.0701879263 -0.4295765162
-432.6 -458.1 2520.8 -0.4502705038 0.1573918611 -0.8789108396 -0.0437858403 0.9792650938 0.1977946162 0.8918179870 0.1275449246 -0.4340426326
-450.1 -90.3 2666.4 -0.8138278127 0.1489539891 -0.5616912246 0.1614917815 0.9864874482 0.0276214741 0.5582156181 -0.0682293922 -0.8268857598
-508.6 -477.7 2693.2 -0.8165361881 -0.1464161724 -0.5584182739 -0.2083063871 0.9768623114 0.0484605655 0.5384023786 0.1558918953 -0.8281428814
-9.9 645.0 2720.6 0 0 0 0 0 0 0 0 0
-606.1 -197.4 2867.9 0 0 0 0 0 0 0 0 0
-489.2 -810.4 2474.9 0 0 0 0 0 0 0 0 0
-461.0 -795.0 2642.6 0 0 0 0 0 0 0 0 0
-393.5 507.6 2666.0 1 -0.7310947776 -0.0259740055 -0.6817813516 -0.0834203362 0.9951807261 0.0515404940 0.6771569252 0.0945554152 -0.7297381759
-388.4 309.9 2647.2 -0.7310947776 -0.0259740055 -0.6817813516 -0.0834203362 0.9951807261 0.0515404940 0.6771569252 0.0945554152 -0.7297381759
-384.7 111.9 2630.2 -0.7313600779 -0.0179712903 -0.6817546487 -0.0713971853 0.9961772561 0.0503325649 0.6782439351 0.0854865909 -0.7298473716
-285.5 319.9 2551.8 -0.8438882232 -0.4166603088 0.3380041420 -0.5363541245 0.6707785130 -0.5122308731 -0.0132996328 -0.6135555506 -0.7895395756
-86.7 446.2 2555.0 -0.2826833427 -0.4166603088 0.8639932275 -0.7370744944 0.6707785130 0.0823248178 -0.6138495803 -0.6135555506 -0.4967276156
-491.2 299.9 2742.6 -0.2751297653 0.8751618266 -0.3979892433 -0.8905142546 -0.0759648904 0.4485684633 0.3623367846 0.4778296351 0.8002442718
-565.5 59.6 2840.3 -0.1381506324 0.8796102405 -0.4551925659 -0.9775270820 -0.0472070090 0.2054563910 0.1592332572 0.4733469784 0.8663644791
-314.4 -74.2 2544.2 -0.4224916697 0.2882960141 -0.8592939973 0.0746107325 0.9559090734 0.2840266228 0.9032906890 0.0558863170 -0.4253735840
-429.0 -454.2 2522.0 -0.4447190166 0.1639934480 -0.8805289268 -0.0400803760 0.9784665108 0.2024767101 0.8947728872 0.1253371686 -0.4285697341
-448.2 -92.6 2675.4 -0.8071196675 0.1456367522 -0.5721431375 0.1749010235 0.9845783710 0.0038884243 0.5638860464 -0.0969299898 -0.8201445937
-505.3 -479.0 2713.5 -0.8091231585 -0.1470474005 -0.5689435601 -0.1955113709 0.9803913832 0.0246575866 0.5541615486 0.1311859637 -0.8220068216
-9.4 647.8 2722.8 0 0 0 0 0 0 0 0 0
-601.4 -194.4 2881.7 0 0 0 0 0 0 0 0 0
-488.7 -810.1 2476.4 0 0 0 0 0 0 0 0 0
-457.6 -797.5 2670.9 0 0 0 0 0 0 0 0 0
-390.3 509.7 2670.4 2 -0.7154570222 -0.0152000738 -0.6984913349 -0.0818617865 0.9947006106 0.0622041598 0.6938442588 0.1016841531 -0.7129098773
-387.2 311.5 2650.1 -0.7154570222 -0.0152000738 -0.6984913349 -0.0818617865 0.9947006106 0.0622041598 0.6938442588 0.1016841531 -0.7129098773
-384.3 113.5 2632.9 -0.7156182528 -0.0145301931 -0.6983404160 -0.0710653514 0.9961102009 0.0520977825 0.6948670149 0.0869099349 -0.7138672471
-286.6 321.5 2552.4 -0.8500022888 -0.4115590751 0.3288087845 -0.5267293453 0.6725875139 -0.5197905302 -0.0072281924 -0.6150163412 -0.7884812355
-88.4 444.3 2554.1 -0.2856964767 -0.4115590751 0.8654459119 -0.7360135317 0.6725875139 0.0768771693 -0.6137276292 -0.6150163412 -0.4950689375
-487.9 301.5 2747.9 -0.2680709064 0.8858224154 -0.3787567317 -0.8904957771 -0.0778072700 0.4482892752 0.3676346540 0.4574545622 0.8096789718
-560.2 61.2 2847.1 -0.1360027641 0.8902047276 -0.4347859323 -0.9774801135 -0.0490964726 0.2052368224 0.1613563448 0.4529073834 0.8768346906
-314.0 -79.5 2551.1 -0.4047977030 0.2929432392 -0.8662118912 0.0632245317 0.9539939165 0.2930840850 0.9122179151 0.0638739169 -0.4046957195
-430.5 -458.8 2525.7 -0.4278310835 0.1616082191 -0.8892937303 -0.0569654033 0.9771087170 0.2049720585 0.9020618200 0.1383523941 -0.4088313878
-447.0 -91.0 2679.3 -0.7936201692 0.1449341774 -0.5908985138 0.1755623966 0.9844519496 0.0056708120 0.5825331211 -0.0992390960 -0.8067259789
-503.9 -477.5 2718.3 -0.7964568734 -0.1423451751 -0.5877025723 -0.1947763264 0.9804901481 0.0264809169 0.5724671483 0.1355614513 -0.8086435795
-10.2 645.6 2721.9 0 0 0 0 0 0 0 0 0
-595.6 -192.9 2889.0 0 0 0 0 0 0 0 0 0
-488.5 -809.4 2476.0 0 0 0 0 0 0 0 0 0
-457.7 -796.0 2674.2 0 0 0 0 0 0 0 0 0
-390.6 511.7 2664.6 3 -0.7157204747 -0.0100403242 -0.6983146667 -0.0622266233 0.9968364835 0.0494451970 0.6956090927 0.0788427070 -0.7140811086
-388.6 313.3 2648.9 -0.7157204747 -0.0100403242 -0.6983146667 -0.0622266233 0.9968364835 0.0494451970 0.6956090927 0.0788427070 -0.7140811086
-387.0 115.0 2635.8 -0.7158138752 -0.0081185149 -0.6982439160 -0.0519659072 0.9977790117 0.0416723080 0.6963548064 0.0661144927 -0.7146459818
-287.9 320.6 2550.9 -0.8493656516 -0.4053716362 0.3380116224 -0.5275102258 0.6733727455 -0.5179788470 -0.0176338740 -0.6182580590 -0.7857773304
-88.7 444.3 2555.1 -0.2880050540 -0.4053716362 0.8675983548 -0.7359513640 0.6733727455 0.0703188032 -0.6127223372 -0.6182580590 -0.4922685623
-489.3 306.0 2746.8 -0.2737578750 0.8854421973 -0.3755646050 -0.8808429241 -0.0740060657 0.4675883055 0.3862283230 0.4588194191 0.8001952171
-563.2 68.3 2851.1 -0.1423093379 0.8900097013 -0.4331636429 -0.9729917049 -0.0454259217 0.2263262570 0.1817557067 0.4536729753 0.8724366426
-315.8 -78.0 2551.9 -0.4125118256 0.2912448347 -0.8631398678 0.0575363785 0.9539520144 0.2943893075 0.9091334343 0.0717771277 -0.4102736712
-431.6 -457.3 2523.4 -0.4327596724 0.1630778760 -0.8866367340 -0.0488408394 0.9778169990 0.2036873251 0.9001853466 0.1314517409 -0.4151948988
-451.0 -88.1 2686.5 -0.7922602892 0.1513145268 -0.5911239982 0.1928490251 0.9812012911 -0.0073023872 0.5789066553 -0.1197830811 -0.8065476418
-510.4 -473.3 2733.5 -0.7974982858 -0.1359888911 -0.5877954364 -0.1776871383 0.9839954376 0.0134277139 0.5765619874 0.1151522696 -0.8088981509
-10.0 645.5 2722.6 0 0 0 0 0 0 0 0 0
-600.2 -184.6 2898.3 0 0 0 0 0 0 0 0 0
-489.9 -807.2 2476.3 0 0 0 0 0 0 0 0 0
-466.3 -792.9 2696.1 0 0 0 0 0 0 0 0 0
-389.9 512.9 2670.7 4 -0.7013155818 -0.0053524077 -0.7128308415 -0.0699120313 0.9956675172 0.0613065138 0.7094144225 0.0928306654 -0.6986513138
-388.9 314.6 2652.2 -0.7013155818 -0.0053524077 -0.7128308415 -0.0699120313 0.9956675172 0.0613065138 0.7094144225 0.0928306654 -0.6986513138
-388.3 116.3 2638.2 -0.7013863921 -0.0025968393 -0.7127765417 -0.0521592125 0.9974993467 0.0476915427 0.7108703256 0.0706280619 -0.6997678876
-290.2 321.9 2552.2 -0.8549267650 -0.3966071606 0.3343695104 -0.5185209513 0.6724420786 -0.5281644464 -0.0153703075 -0.6249195337 -0.7805378437
-89.5 443.6 2555.8 -0.2905744314 -0.3966071606 0.8707865477 -0.7377054095 0.6724420786 0.0601031557 -0.6093908548 -0.6249195337 -0.4879737198
-487.5 307.2 2752.2 -0.2693348825 0.8944733739 -0.3568979502 -0.8814378977 -0.0796602964 0.4655335248 0.3879767358 0.4399677813 0.8098779917
-560.2 69.3 2856.9 -0.1425888836 0.8990490437 -0.4139796793 -0.9731959701 -0.0510993525 0.2242286354 0.1804384589 0.4348558486 0.8822371364
-319.7 -78.6 2558.8 -0.3996660411 0.2834565341 -0.8717336059 0.0341384932 0.9549310803 0.2948578298 0.9160249233 0.0880849883 -0.3913303018
-432.4 -458.2 2523.8 -0.4160866737 0.1589311361 -0.8953282833 -0.0562675372 0.9782208204 0.1997947842 0.9075824022 0.1335098594 -0.3980819881
-452.2 -86.8 2689.3 -0.7792335153 0.1529109925 -0.6077938080 0.1935341060 0.9810926914 -0.0012971829 0.5961037278 -0.1186396405 -0.7940938473
-512.2 -472.0 2735.9 -0.7860893607 -0.1293702126 -0.6044227481 -0.1769092679 0.9840347767 0.0194594003 0.5922555327 0.1222248152 -0.7964260578
-10.0 645.4 2722.5 0 0 0 0 0 0 0 0 0
-597.3 -183.6 2903.8 0 0 0 0 0 0 0 0 0
-489.1 -807.5 2476.1 0 0 0 0 0 0 0 0 0
-470.2 -791.7 2696.2 0 0 0 0 0 0 0 0 0
-390.1 512.2 2672.7 5 -0.7016339302 -0.0107910223 -0.7124558687 -0.0829064101 0.9943302870 0.0665867403 0.7076979280 0.1057866812 -0.6985505223
-388.0 314.7 2651.7 -0.7016339302 -0.0107910223 -0.7124558687 -0.0829064101 0.9943302870 0.0665867403 0.7076979280 0.1057866812 -0.6985505223
-386.1 116.7 2633.9 -0.7017597556 -0.0093399566 -0.7123524547 -0.0704672560 0.9959205389 0.0563614704 0.7089200020 0.0897497386 -0.6995551586
-289.3 324.6 2552.0 -0.8598740697 -0.3910800815 0.3281356394 -0.5104491115 0.6682581902 -0.5411771536 -0.0076357219 -0.6328407526 -0.7742443681
-90.3 442.7 2553.8 -0.2992089093 -0.3910800815 0.8703622222 -0.7425676584 0.6682581902 0.0449922979 -0.5992222428 -0.6328407526 -0.4903522134
-486.7 304.8 2751.4 -0.2638735473 0.8945229650 -0.3608315885 -0.8904754519 -0.0821453556 0.4475550950 0.3707076609 0.4394096434 0.8182267547
-558.0 64.5 2851.5 -0.1362801641 0.8989145756 -0.4163895547 -0.9774065614 -0.0534541160 0.2044970691 0.1615676582 0.4348507822 0.8858897686
-323.5 -77.2 2558.9 -0.3961640000 0.2713443935 -0.8771694899 0.0301927347 0.9586684108 0.2829191387 0.9176832438 0.0855982304 -0.3879825473
-431.4 -458.3 2524.9 -0.4127350152 0.1618056297 -0.8963641524 -0.0596389212 0.9771827459 0.2038554698 0.9088965654 0.1375964880 -0.3936676383
-448.7 -87.7 2681.1 -0.7811275125 0.1464906931 -0.6069433689 0.1768678725 0.9841846824 0.0099145025 0.5987967253 -0.0996042863 -0.7946832180
-506.2 -474.0 2720.2 -0.7854968905 -0.1361168027 -0.6037108898 -0.1935369968 0.9806119800 0.0307182726 0.5878248215 0.1409694999 -0.7966113091
-8.5 645.8 2717.6 0 0 0 0 0 0 0 0 0
-593.4 -189.6 2893.5 0 0 0 0 0 0 0 0 0
-489.3 -808.4 2475.6 0 0 0 0 0 0 0 0 0
-462.0 -792.6 2674.4 0 0 0 0 0 0 0 0 0
-391.0 511.3 2674.3 6 -0.7050901651 -0.0156408753 -0.7089451551 -0.0929614529 0.9931674600 0.0705445260 0.7029978633 0.1156448275 -0.7017266154
-387.9 314.3 2651.3 -0.7050901651 -0.0156408753 -0.7089451551 -0.0929614529 0.9931674600 0.0705445260 0.7029978633 0.1156448275 -0.7017266154
-385.4 116.6 2631.4 -0.7052754760 -0.0124041438 -0.7088248730 -0.0798265859 0.9948776960 0.0620169081 0.7044247389 0.1003220677 -0.7026529908
-288.7 325.6 2552.2 -0.8611678481 -0.3878341317 0.3285950124 -0.5082758665 0.6655800343 -0.5464969277 -0.0067561124 -0.6376425028 -0.7703028321
-87.8 444.1 2553.8 -0.2892483175 -0.3878341317 0.8751686215 -0.7447282076 0.6655800343 0.0488171615 -0.6014276743 -0.6376425028 -0.4813489318
-487.2 303.1 2750.4 -0.2634774745 0.8924267292 -0.3662706614 -0.8950501084 -0.0845368803 0.4378799200 0.3598123491 0.4432020783 0.8210401535
-558.3 61.6 2847.5 -0.1345576495 0.8967669010 -0.4215487540 -0.9794231653 -0.0557868853 0.1939539313 0.1504145861 0.4389725924 0.8858208060
-319.9 -74.7 2551.0 -0.3938279152 0.2754510045 -0.8769414425 0.0447983816 0.9586613178 0.2810009420 0.9180918932 0.0713804662 -0.3898873627
-429.4 -455.8 2522.7 -0.4120377898 0.1662798077 -0.8958659768 -0.0509113073 0.9774700999 0.2048419416 0.9097433090 0.1300123334 -0.3942891061
-447.7 -88.5 2676.1 -0.7847120166 0.1444242895 -0.6028006673 0.1684520543 0.9855659008 0.0168435518 0.5965324044 -0.0883256719 -0.7977139950
-504.4 -475.4 2710.7 -0.7880516052 -0.1394331455 -0.5996107459 -0.2018399388 0.9786931276 0.0376878381 0.5815799832 0.1507253647 -0.7994039059
-8.7 647.8 2718.3 0 0 0 0 0 0 0 0 0
-593.2 -193.0 2886.6 0 0 0 0 0 0 0 0 0
-489.4 -808.4 2475.8 0 0 0 0 0 0 0 0 0
-459.1 -793.4 2661.8 0 0 0 0 0 0 0 0 0
-389.2 508.6 2676.0 7 -0.7057015896 -0.0184261054 -0.7082695365 -0.1012061909 0.9920321107 0.0750308707 0.7012435794 0.1246306673 -0.7019434571
-385.6 311.8 2651.3 -0.7057015896 -0.0184261054 -0.7082695365 -0.1012061909 0.9920321107 0.0750308707 0.7012435794 0.1246306673 -0.7019434571
-382.6 114.2 2629.9 -0.7059464455 -0.0148668652 -0.7081091404 -0.0865981355 0.9940902591 0.0654625669 0.7029511929 0.1075339988 -0.7030619383
-286.2 324.0 2552.4 -0.8561714888 -0.3995855451 0.3275695443 -0.5166873932 0.6647458673 -0.5395805240 -0.0021419206 -0.6312244534 -0.7755972147
-86.9 444.3 2552.9 -0.2854726017 -0.3995855451 0.8711123466 -0.7445818782 0.6647458673 0.0609164946 -0.6034097075 -0.6312244534 -0.4872908890
-484.9 299.6 2750.2 -0.2618207037 0.8920792937 -0.3682993352 -0.8982505798 -0.0856696293 0.4310528934 0.3529813290 0.4436836541 0.8237408400
-555.6 57.2 2845.5 -0.1324483007 0.8963565230 -0.4230867326 -0.9808018804 -0.0568847023 0.1865257472 0.1431264132 0.4396692812 0.8866824508
-318.3 -73.8 2546.8 -0.3889113069 0.2779191434 -0.8783558011 0.0585789569 0.9589436650 0.2774806917 0.9194109440 0.0564622134 -0.3892242312
-428.7 -455.0 2524.4 -0.4108201563 0.1688348055 -0.8959473372 -0.0530255772 0.9766158462 0.2083501071 0.9101731181 0.1331025511 -0.3922609091
-444.4 -91.4 2673.0 -0.7858338952 0.1422232389 -0.6018618345 0.1622780263 0.9865164757 0.0212374292 0.5967670679 -0.0809798613 -0.7983177900
-500.3 -478.7 2704.8 -0.7882898450 -0.1419075727 -0.5987164378 -0.2079092711 0.9772410393 0.0421148576 0.5791138411 0.1576774120 -0.7998530865
-8.9 647.9 2717.9 0 0 0 0 0 0 0 0 0
-590.0 -197.8 2882.7 0 0 0 0 0 0 0 0 0
-489.8 -808.5 2476.2 0 0 0 0 0 0 0 0 0
-454.2 -796.2 2653.6 0 0 0 0 0 0 0 0 0
-386.9 509.3 2676.4 8 -0.6988637447 -0.0081513766 -0.7152083516 -0.0901954919 0.9929571152 0.0768173262 0.7095450759 0.1181934178 -0.6946769953
-385.3 312.3 2652.9 -0.6988637447 -0.0081513766 -0.7152083516 -0.0901954919 0.9929571152 0.0768173262 0.7095450759 0.1181934178 -0.6946769953
-384.1 114.5 2632.6 -0.6989541650 -0.0060090809 -0.7151412368 -0.0775082335 0.9947111607 0.0673956424 0.7109540105 0.1025357917 -0.6957232356
-287.0 323.2 2552.9 -0.8563422561 -0.4057033360 0.3195039034 -0.5163568854 0.6639337540 -0.5408951044 0.0073135057 -0.6281693578 -0.7780422568
-86.4 444.1 2551.2 -0.2842457592 -0.4057033360 0.8686824441 -0.7448415160 0.6639337540 0.0663557947 -0.6036683917 -0.6281693578 -0.4909050465
-483.7 301.4 2753.0 -0.2648936212 0.8961469531 -0.3560223877 -0.8943721652 -0.0903156176 0.4381112754 0.3604577184 0.4344694316 0.8254129887
-555.2 60.0 2850.3 -0.1384516805 0.9006015062 -0.4120049477 -0.9789960384 -0.0615910254 0.1943536699 0.1496593952 0.4302597940 0.8902126551
-314.9 -75.5 2544.1 -0.3806546330 0.2826576531 -0.8804582357 0.0589822568 0.9576205015 0.2819292247 0.9228342772 0.0553862490 -0.3811944723
-427.3 -456.2 2522.0 -0.4014125764 0.1752306223 -0.8989784122 -0.0444412604 0.9766449332 0.2102134824 0.9148185253 0.1243340671 -0.3842500746
-447.0 -90.3 2677.4 -0.7780564427 0.1489418745 -0.6102823019 0.1714380383 0.9849534035 0.0218134057 0.6043485403 -0.0876535475 -0.7918836474
-505.5 -477.1 2711.8 -0.7835625410 -0.1326326132 -0.6069911718 -0.1987859756 0.9791136980 0.0426675826 0.5886542797 0.1540940553 -0.7935623527
-8.7 647.8 2716.3 0 0 0 0 0 0 0 0 0
-591.2 -194.5 2889.2 0 0 0 0 0 0 0 0 0
-490.3 -807.4 2477.3 0 0 0 0 0 0 0 0 0
-462.4 -795.2 2661.8 0 0 0 0 0 0 0 0 0
-388.7 508.5 2676.6 9 -0.7020490766 -0.0233052261 -0.7117471695 -0.1079190224 0.9914028049 0.0739863664 0.7039038539 0.1287531108 -0.6985284686
-384.1 311.6 2651.0 -0.7020490766 -0.0233052261 -0.7117471695 -0.1079190224 0.9914028049 0.0739863664 0.7039038539 0.1287531108 -0.6985284686
-380.1 114.2 2628.3 -0.7023214698 -0.0202678479 -0.7115713358 -0.0955116600 0.9932392836 0.0659794211 0.7054233551 0.1143021286 -0.6995090842
-285.3 325.1 2551.8 -0.8592599630 -0.3992896676 0.3197500706 -0.5114676952 0.6601647139 -0.5500757098 0.0085518332 -0.6361998916 -0.7714768648
-86.4 443.4 2549.8 -0.2836704254 -0.3992896676 0.8718364835 -0.7488235235 0.6601647139 0.0587012358 -0.5989944935 -0.6361998916 -0.4862667322
-482.9 298.2 2750.3 -0.2548844218 0.8945361972 -0.3672041297 -0.9021375179 -0.0832721740 0.4233362973 0.3481117487 0.4391704500 0.8282194734
-551.7 54.7 2844.2 -0.1259688884 0.8986221552 -0.4202499986 -0.9825090170 -0.0544486009 0.1780769825 0.1371418983 0.4353315532 0.8897631764
-318.8 -76.1 2547.0 -0.3844906986 0.2732571065 -0.8817581534 0.0525891185 0.9601168036 0.2746089995 0.9216296673 0.0592137240 -0.3835263550
-427.4 -457.8 2523.4 -0.4045171440 0.1739672720 -0.8978314400 -0.0480311997 0.9763440490 0.2108206004 0.9132682681 0.1284044683 -0.3865920603
-440.5 -92.0 2670.3 -0.7841452360 0.1359879673 -0.6054944396 0.1535909027 0.9878677726 0.0229573622 0.6012703776 -0.0749965385 -0.7955183387
-493.9 -479.9 2699.8 -0.7844797373 -0.1470080167 -0.6024783850 -0.2164639384 0.9753041863 0.0438755006 0.5811496377 0.1648342758 -0.7969283462
-8.8 648.2 2713.6 0 0 0 0 0 0 0 0 0
-584.5 -200.7 2879.9 0 0 0 0 0 0 0 0 0
-489.6 -806.7 2477.5 0 0 0 0 0 0 0 0 0
-446.1 -796.7 2646.2 0 0 0 0 0 0 0 0 0
-389.4 507.2 2675.2 0 -0.7027118206 -0.0249598287 -0.7110366225 -0.1082273722 0.9915041327 0.0721550435 0.7031947970 0.1276578307 -0.6994430423
-384.4 310.6 2649.9 -0.7027118206 -0.0249598287 -0.7110366225 -0.1082273722 0.9915041327 0.0721550435 0.7031947970 0.1276578307 -0.6994430423
-380.2 113.1 2627.2 -0.7029961348 -0.0213984791 -0.7108716369 -0.0960537419 0.9932456017 0.0650911704 0.7046772838 0.1140407249 -0.7003032565
-285.5 324.1 2550.7 -0.8563349247 -0.4070616961 0.3177912533 -0.5162687302 0.6598592997 -0.5459417105 0.0125344535 -0.6315746307 -0.7752137780
-85.9 444.4 2547.8 -0.2985144258 -0.4070616961 0.8632438183 -0.7495916486 0.6598592997 0.0519430377 -0.5907634497 -0.6315746307 -0.5021075606
-483.3 297.0 2749.0 -0.2543903589 0.8941273093 -0.3685401678 -0.9023101330 -0.0823017135 0.4231581986 0.3480258286 0.4401848912 0.8277168870
-552.0 53.5 2843.0 -0.1251567900 0.8981894851 -0.4214159548 -0.9826030731 -0.0534732938 0.1778534800 0.1372116208 0.4363441765 0.8892562985
-311.6 -74.5 2540.9 -0.3786977828 0.2924956977 -0.8780855536 0.0756743774 0.9553568959 0.2855986655 0.9224214554 0.0417070091 -0.3839259744
-427.9 -454.2 2524.3 -0.4037373960 0.1714540869 -0.8986654878 -0.0487621762 0.9768533111 0.2082784027 0.9135745168 0.1279106587 -0.3860317469
-440.4 -93.1 2669.2 -0.7849571705 0.1350986660 -0.6046409011 0.1529472619 0.9879851341 0.0221923795 0.6003744006 -0.0750581026 -0.7961889505
-493.4 -481.1 2698.7 -0.7849056721 -0.1481515318 -0.6016429663 -0.2171197236 0.9751921892 0.0431190506 0.5803293586 0.1644729376 -0.7976004481
-4.3 649.4 2709.3 0 0 0 0 0 0 0 0 0
-584.5 -201.9 2878.6 0 0 0 0 0 0 0 0 0
-489.7 -806.6 2478.2 0 0 0 0 0 0 0 0 0
-445.3 -797.9 2645.2 0 0 0 0 0 0 0 0 0
-386.8 508.3 2674.5 1 -0.7050015926 -0.0093778381 -0.7091437578 -0.0958427861 0.9919995666 0.0821645856 0.7026997805 0.1258924752 -0.7002600431
-384.9 311.6 2649.5 -0.7050015926 -0.0093778381 -0.7091437578 -0.0958427861 0.9919995666 0.0821645856 0.7026997805 0.1258924752 -0.7002600431
-381.2 114.1 2626.7 -0.7050214410 -0.0185527112 -0.7089433074 -0.0944307148 0.9932120442 0.0679164380 0.7028709650 0.1148285642 -0.7019877434
