30.5 335.9 2863.0 4 -0.4341017604 0.0239523277 -0.9005453587 -0.2595293522 0.9539398551 0.1504768580 0.8626703620 0.2990402281 -0.4078906178
25.8 149.6 2804.7 -0.4341017604 0.0239523277 -0.9005453587 -0.2595293522 0.9539398551 0.1504768580 0.8626703620 0.2990402281 -0.4078906178
21.3 -37.4 2753.1 -0.4333620667 0.0233998075 -0.9009160399 -0.2295723557 0.9638185501 0.1354633719 0.8714894652 0.2655301094 -0.4123104513
85.0 181.0 2685.6 -0.6266089082 -0.6592769027 -0.4155902565 0.0551472604 0.4944171607 -0.8674736023 0.7773802876 -0.5664853454 -0.2734488547
245.9 166.8 2486.0 -0.5944229960 -0.6592769027 0.4604511857 -0.8040903211 0.4944171607 -0.3301369846 -0.0100032790 -0.5664853454 -0.8240110874
-33.4 118.3 2923.7 -0.0425079241 0.3088680208 -0.9501545429 -0.9982109070 0.0268945824 0.0534005277 0.0420477241 0.9507246017 0.3071722090
-44.3 -138.9 2934.6 0.0883747935 0.3104298711 -0.9464793801 -0.9959139228 0.0098102111 -0.0897730142 -0.0185830630 0.9505456686 0.3100284040
57.8 -206.2 2623.6 -0.7859401107 0.3594228625 0.5031037331 0.1566411108 0.9028846025 -0.4003286064 -0.5981318951 -0.2358275801 -0.7659136057
-81.7 -556.6 2715.1 -0.7872924209 0.0912177339 0.6097950339 0.1428260207 0.9890765548 0.0364459045 -0.5998094082 0.1157881841 -0.7917207479
-20.0 -247.6 2779.6 -0.6105807424 0.0468863659 0.7905648947 -0.1113637835 0.9832440019 -0.1443237811 -0.7840849757 -0.1761616170 -0.5951284170
-38.2 -629.3 2847.9 -0.6076897383 0.0594041646 0.7919497490 -0.0188041218 0.9958427548 -0.0891272202 -0.7939519286 -0.0690536126 -0.6040463448
407.9 386.0 2488.8 0 0 0 0 0 0 0 0 0
-21.3 -398.7 2929.7 0 0 0 0 0 0 0 0 0
-119.1 -961.8 2667.7 0 0 0 0 0 0 0 0 0
-60.3 -1000.9 2873.7 0 0 0 0 0 0 0 0 0
27.8 338.7 2862.5 5 -0.4474433959 0.0113422470 -0.8942403197 -0.2609010339 0.9547671080 0.1426547766 0.8554092646 0.2971381545 -0.4242450595
25.6 152.0 2804.4 -0.4474433959 0.0113422470 -0.8942403197 -0.2609010339 0.9547671080 0.1426547766 0.8554092646 0.2971381545 -0.4242450595
23.4 -35.2 2753.1 -0.4470968843 0.0114611583 -0.8944121003 -0.2317391932 0.9642936587 0.1281979531 0.8639451861 0.2645872533 -0.4284766912
86.7 183.7 2686.4 -0.6219307184 -0.6636492014 -0.4156584442 0.0682159588 0.4828709066 -0.8730304837 0.7800953984 -0.5713190436 -0.2550407648
245.8 166.2 2486.8 -0.5910389423 -0.6636492014 0.4585222900 -0.8066287041 0.4828709066 -0.3408603966 0.0048046461 -0.5713190436 -0.8207139969
-35.5 120.4 2922.4 -0.0358147696 0.2916685641 -0.9558486938 -0.9984445572 0.0304512344 0.0467027165 0.0427284874 0.9560346007 0.2901242971
-44.7 -136.9 2933.4 0.0960941836 0.2933601439 -0.9511601925 -0.9952506423 0.0133804074 -0.0964217335 -0.0155593846 0.9559083581 0.2932526469
55.6 -204.0 2623.5 -0.7788146138 0.3538312614 0.5179297328 0.1436151415 0.9043629169 -0.4018736482 -0.6105918884 -0.2386025041 -0.7551465631
-81.8 -555.0 2716.1 -0.7785031199 0.0897271410 0.6211939454 0.1471001655 0.9882461429 0.0416060723 -0.6101593375 0.1237681955 -0.7825515866
-22.1 -245.1 2779.7 -0.5952506065 0.0541802905 0.8017113805 -0.1085721552 0.9831516147 -0.1470542699 -0.7961713076 -0.1745776832 -0.5793391466
-43.1 -626.7 2847.4 -0.5940886140 0.0381374732 0.8034950495 -0.0305690989 0.9970835447 -0.0699282512 -0.8038185239 -0.0661056936 -0.5911901593
406.6 385.7 2485.5 0 0 0 0 0 0 0 0 0
-19.6 -396.5 2929.4 0 0 0 0 0 0 0 0 0
-118.9 -964.2 2664.9 0 0 0 0 0 0 0 0 0
-57.3 -998.8 2872.1 0 0 0 0 0 0 0 0 0
26.7 342.9 2862.7 6 -0.4307524860 0.0038194626 -0.9024620056 -0.2654832900 0.9552069902 0.1307600290 0.8625375032 0.2959137857 -0.4104437828
26.0 155.5 2804.7 -0.4307524860 0.0038194626 -0.9024620056 -0.2654832900 0.9552069902 0.1307600290 0.8625375032 0.2959137857 -0.4104437828
24.9 -31.7 2753.3 -0.4306129813 0.0054400391 -0.9025202990 -0.2365634888 0.9643402696 0.1186824962 0.8709822893 0.2646095753 -0.4139705300
84.8 187.8 2685.7 -0.6277803779 -0.6573432684 -0.4168832600 0.0834555924 0.4756428897 -0.8756706119 0.7739037275 -0.5845200419 -0.2437403053
245.6 166.4 2487.4 -0.5913158059 -0.6573432684 0.4671674967 -0.8063920736 0.4756428897 -0.3514194787 0.0087983152 -0.5845200419 -0.8113315701
-32.9 123.2 2923.6 -0.0244751032 0.3067001402 -0.9514914751 -0.9987777472 0.0333809294 0.0364513248 0.0429412946 0.9512206316 0.3055082858
-39.2 -134.2 2934.7 0.1064320132 0.3085715771 -0.9452279210 -0.9941666126 0.0163267571 -0.1066125706 -0.0174651016 0.9510610104 0.3085092306
61.2 -201.6 2624.3 -0.7781999111 0.3714704216 0.5063740015 0.1654219031 0.8990781307 -0.4053320885 -0.6058386564 -0.2316640466 -0.7611119151
-83.0 -550.5 2714.3 -0.7805123925 0.0847732648 0.6193657517 0.1412207335 0.9890615940 0.0425896160 -0.6089804173 0.1207090020 -0.7839465737
-18.9 -243.1 2779.1 -0.6076559424 0.0480191782 0.7927473783 -0.1333564371 0.9778291583 -0.1614504158 -0.7829241753 -0.2038242668 -0.5877800584
-37.5 -622.5 2858.2 -0.6050121188 0.0623309799 0.7937727571 0.0114088934 0.9975073934 -0.0696333945 -0.7961345315 -0.0330729783 -0.6042151451
406.1 385.3 2485.1 0 0 0 0 0 0 0 0 0
-11.4 -393.5 2930.2 0 0 0 0 0 0 0 0 0
-118.3 -962.9 2663.9 0 0 0 0 0 0 0 0 0
-60.8 -994.5 2870.5 0 0 0 0 0 0 0 0 0
28.1 345.2 2863.4 7 -0.4145697951 0.0063415747 -0.9099954367 -0.2684060037 0.9546386600 0.1289313585 0.8695344329 0.2976993024 -0.3940622211
26.9 158.9 2805.3 -0.4145697951 0.0063415747 -0.9099954367 -0.2684060037 0.9546386600 0.1289313585 0.8695344329 0.2976993024 -0.3940622211
25.4 -28.3 2753.7 -0.4143488705 0.0077925054 -0.9100847840 -0.2384128124 0.9641145468 0.1168011501 0.8783361316 0.2653723061 -0.3976219296
83.5 191.4 2685.3 -0.6313089132 -0.6594313979 -0.4081657231 0.0946982428 0.4568188787 -0.8845047951 0.7697280645 -0.5970483422 -0.2259468436
245.6 167.1 2487.6 -0.5803177953 -0.6594313979 0.4778927863 -0.8141913414 0.4568188787 -0.3583419323 0.0179914832 -0.5970483422 -0.8020034432
-29.7 126.3 2925.2 -0.0212354921 0.3236129284 -0.9459512234 -0.9988731742 0.0332999378 0.0338155441 0.0424432643 0.9456033707 0.3225411475
-35.2 -131.1 2936.2 0.1085510030 0.3255228996 -0.9392824769 -0.9938837886 0.0162533578 -0.1092283204 -0.0202898271 0.9453944564 0.3252962530
62.4 -197.7 2623.9 -0.7892992496 0.3661535680 0.4928877056 0.1641186327 0.8993400931 -0.4052806795 -0.5916686654 -0.2389956862 -0.7699410915
-79.7 -546.8 2716.7 -0.7906942368 0.0914612487 0.6053407788 0.1499515325 0.9875921607 0.0466504060 -0.5935631394 0.1276579797 -0.7945981622
-14.7 -240.1 2780.0 -0.6193976998 0.0526797585 0.7833079696 -0.0956100523 0.9852578640 -0.1418647617 -0.7792337537 -0.1627628207 -0.6052297354
-35.1 -622.2 2843.1 -0.6162981391 0.0705309659 0.7843481302 -0.0367840528 0.9923160076 -0.1181349754 -0.7866533995 -0.1016578674 -0.6089680791
403.1 388.0 2482.7 0 0 0 0 0 0 0 0 0
-6.9 -390.4 2930.9 0 0 0 0 0 0 0 0 0
-118.5 -965.4 2662.6 0 0 0 0 0 0 0 0 0
-61.4 -991.5 2880.9 0 0 0 0 0 0 0 0 0
30.4 344.4 2862.7 8 -0.4234218895 0.0144722387 -0.9058170319 -0.2640233636 0.9544962645 0.1386670470 0.8666057587 0.2978715301 -0.4003336132
27.6 158.4 2804.6 -0.4234218895 0.0144722387 -0.9058170319 -0.2640233636 0.9544962645 0.1386670470 0.8666057587 0.2978715301 -0.4003336132
24.8 -28.8 2753.2 -0.4229749143 0.0142201344 -0.9060298204 -0.2341316193 0.9642084837 0.1244362667 0.8753711581 0.2647636533 -0.4045065939
85.4 190.4 2685.0 -0.6231582165 -0.6617032886 -0.4169203341 0.0915645435 0.4676887691 -0.8791377544 0.7767173052 -0.5860170126 -0.2308555543
244.9 166.9 2486.2 -0.5865321159 -0.6617032886 0.4670425951 -0.8097673655 0.4676887691 -0.3543218672 0.0160253588 -0.5860170126 -0.8101402521
-30.2 126.4 2924.2 -0.0302712526 0.3168059886 -0.9480071664 -0.9986178279 0.0311834961 0.0423082560 0.0429656878 0.9479776025 0.3154241443
-38.0 -130.9 2935.2 0.1000339761 0.3185690641 -0.9426064491 -0.9948062897 0.0141185885 -0.1008020714 -0.0188041497 0.9477944970 0.3183268607
61.0 -194.1 2623.6 -0.7901933193 0.3609746695 0.4952694476 0.1539699882 0.8991420865 -0.4096789062 -0.5932012796 -0.2474688888 -0.7660753131
-79.2 -543.1 2719.6 -0.7904585600 0.0922312811 0.6055316925 0.1511651427 0.9873936176 0.0469359383 -0.5935691595 0.1286361963 -0.7944358587
-13.3 -236.8 2780.9 -0.6148458719 0.0681035742 0.7857012749 -0.0981046632 0.9819212556 -0.1618829072 -0.7825216055 -0.1766139865 -0.5970489979
-39.7 -617.7 2849.4 -0.6127418280 0.0508236848 0.7886472344 -0.0163699370 0.9968995452 -0.0769629925 -0.7901136279 -0.0600685515 -0.6100100279
404.2 386.9 2481.9 0 0 0 0 0 0 0 0 0
-11.9 -390.4 2930.3 0 0 0 0 0 0 0 0 0
-118.6 -965.6 2664.6 0 0 0 0 0 0 0 0 0
-58.6 -988.9 2871.8 0 0 0 0 0 0 0 0 0
30.1 348.1 2862.8 9 -0.4394533932 0.0170182455 -0.8981041908 -0.2572188675 0.9555688500 0.1439674944 0.8606504202 0.2942763567 -0.4155505598
26.7 161.5 2805.4 -0.4394533932 0.0170182455 -0.8981041908 -0.2572188675 0.9555688500 0.1439674944 0.8606504202 0.2942763567 -0.4155505598
23.4 -25.9 2755.1 -0.4388855696 0.0173237752 -0.8983759284 -0.2254518569 0.9657078385 0.1287626624 0.8697993755 0.2590526044 -0.4199295640
86.7 192.3 2686.6 -0.6216062307 -0.6579021811 -0.4251710474 0.0953964964 0.4751540422 -0.8747160435 0.7774993181 -0.5842887759 -0.2325971425
245.6 167.9 2487.7 -0.5947009325 -0.6579021811 0.4620557427 -0.8037883639 0.4751540422 -0.3579845428 0.0159711652 -0.5842887759 -0.8113886714
-33.2 130.8 2924.2 -0.0386669412 0.3016332686 -0.9526396394 -0.9980722666 0.0346566737 0.0514843240 0.0485447049 0.9527939558 0.2997117341
-43.2 -126.4 2936.7 0.0926432759 0.3032669127 -0.9483914971 -0.9956372976 0.0175818540 -0.0916363224 -0.0111157838 0.9527434111 0.3035726845
59.9 -195.0 2623.4 -0.7794456482 0.3663577735 0.5081795454 0.1558232307 0.8990625739 -0.4091522694 -0.6067813039 -0.2397257835 -0.7578575015
-82.3 -544.0 2716.4 -0.7807770967 0.0869368091 0.6187318563 0.1416085511 0.9891257286 0.0397155657 -0.6085508466 0.1186267287 -0.7845976949
-15.8 -236.9 2780.2 -0.6029536724 0.0583872646 0.7956367135 -0.1002349481 0.9838705063 -0.1481612623 -0.7914542556 -0.1690849811 -0.5873758793
-38.5 -618.7 2845.8 -0.6000220776 0.0612738505 0.7976334095 -0.0240084659 0.9952340126 -0.0945138857 -0.7996231318 -0.0758603737 -0.5956912637
407.5 386.7 2483.4 0 0 0 0 0 0 0 0 0
-19.0 -386.1 2933.8 0 0 0 0 0 0 0 0 0
-118.9 -960.8 2666.5 0 0 0 0 0 0 0 0 0
-61.3 -989.7 2874.1 0 0 0 0 0 0 0 0 0
30.3 352.4 2862.9 0 -0.3928796351 0.0144051025 -0.9194770455 -0.2588049769 0.9577304721 0.1255881339 0.8824203014 0.2873062491 -0.3725446761
27.5 165.1 2806.7 -0.3928796351 0.0144051025 -0.9194770455 -0.2588049769 0.9577304721 0.1255881339 0.8824203014 0.2873062491 -0.3725446761
24.0 -22.7 2757.8 -0.3923138082 0.0179878902 -0.9196555614 -0.2251757681 0.9675098062 0.1149811223 0.8918440342 0.2521928251 -0.3755170107
81.0 195.9 2685.0 -0.6353591084 -0.6455897093 -0.4237130582 0.1064361930 0.4702472687 -0.8760929108 0.7648465037 -0.6017320156 -0.2300617844
246.1 168.2 2486.3 -0.5978817344 -0.6455897093 0.4751330316 -0.8014413118 0.4702472687 -0.3695392907 0.0151407374 -0.6017320156 -0.7985545397
-26.0 134.4 2928.4 -0.0234262962 0.3480696082 -0.9371759295 -0.9981588721 0.0443176143 0.0414103456 0.0559470840 0.9364205599 0.3463905752
-32.1 -122.7 2942.8 0.1045779809 0.3499139845 -0.9309262037 -0.9944652319 0.0272719562 -0.1014648899 -0.0101158060 0.9363847971 0.3508293331
59.3 -193.2 2626.9 -0.7969697714 0.3692308962 0.4780247808 0.1765023619 0.8992246389 -0.4003023803 -0.5776556730 -0.2346563935 -0.7818250060
-84.0 -542.3 2718.0 -0.8005729318 0.0792031139 0.5939779878 0.1388935447 0.9887588620 0.0553583428 -0.5829164386 0.1268181056 -0.8025743365
-19.3 -233.6 2782.7 -0.6387637258 0.0598592237 0.7670708895 -0.0843607858 0.9855093360 -0.1471551508 -0.7647641301 -0.1587080806 -0.6244578362
-42.6 -616.1 2844.3 -0.6374920011 0.0418924354 0.7693172097 -0.0369858444 0.9957054853 -0.0848683789 -0.7695687413 -0.0825567618 -0.6332048178
409.2 386.7 2482.1 0 0 0 0 0 0 0 0 0
-4.8 -382.1 2940.2 0 0 0 0 0 0 0 0 0
-117.7 -963.0 2664.0 0 0 0 0 0 0 0 0 0
-58.2 -987.4 2875.1 0 0 0 0 0 0 0 0 0
32.6 350.1 2862.4 1 -0.3570651114 0.0162257906 -0.9339385629 -0.2610878348 0.9582632184 0.1164679751 0.8968487382 0.2854266465 -0.3379260004
29.4 163.4 2806.8 -0.3570651114 0.0162257906 -0.9339385629 -0.2610878348 0.9582632184 0.1164679751 0.8968487382 0.2854266465 -0.3379260004
25.8 -24.5 2758.0 -0.3564740121 0.0187454224 -0.9341171980 -0.2285336107 0.9676787853 0.1066309884 0.9059242010 0.2514883280 -0.3406683505
78.0 194.5 2683.2 -0.6471546888 -0.6388617754 -0.4159884751 0.1043616757 0.4662829340 -0.8784582615 0.7551817298 -0.6119116545 -0.2350845039
246.1 167.4 2487.0 -0.5943094492 -0.6388617754 0.4885201454 -0.8041998148 0.4662829340 -0.3685686588 0.0076758256 -0.6119116545 -0.7908889055
-19.2 132.2 2930.4 -0.0123751247 0.3826060891 -0.9238286614 -0.9983177781 0.0476090349 0.0330903493 0.0566431582 0.9226841331 0.3813732862
-22.4 -125.0 2945.0 0.1130100936 0.3846002817 -0.9161393642 -0.9934926033 0.0305791721 -0.1097146794 -0.0141815143 0.9225765467 0.3855533004
55.7 -190.3 2629.0 -0.8134209514 0.3583621383 0.4581734836 0.1851375103 0.9062197208 -0.3801182508 -0.5514258742 -0.2243710458 -0.8034843802
-83.4 -542.1 2716.1 -0.8182856441 0.0802861303 0.5691772103 0.1372759193 0.9888406992 0.0578742884 -0.5581790805 0.1254920214 -0.8201755285
-14.5 -230.6 2788.6 -0.6651097536 0.0612587593 0.7442287207 -0.0686758757 0.9873879552 -0.1426485628 -0.7435809374 -0.1459875107 -0.6525143981
-38.3 -613.9 2845.3 -0.6630977392 0.0586563684 0.7462310791 -0.0223728716 0.9949265122 -0.0980851352 -0.7481983900 -0.0817353651 -0.6584212184
408.1 386.6 2484.9 0 0 0 0 0 0 0 0 0
7.1 -384.2 2941.3 0 0 0 0 0 0 0 0 0
-117.4 -960.8 2663.0 0 0 0 0 0 0 0 0 0
-60.2 -985.1 2875.7 0 0 0 0 0 0 0 0 0
32.6 349.3 2861.7 2 -0.3115293384 0.0127514666 -0.9501509666 -0.2658672631 0.9588049650 0.1000384390 0.9122850895 0.2837789357 -0.2953056693
30.1 162.1 2806.3 -0.3115293384 0.0127514666 -0.9501509666 -0.2658672631 0.9588049650 0.1000384390 0.9122850895 0.2837789357 -0.2953056693
27.0 -25.7 2757.3 -0.3110706806 0.0161018185 -0.9502503872 -0.2352468073 0.9674372673 0.0934026241 0.9208115935 0.2525981665 -0.2971534729
72.6 194.2 2680.7 -0.6588672996 -0.6324955821 -0.4072385132 0.1048970893 0.4588176310 -0.8823168278 0.7449097037 -0.6240478754 -0.2359530032
244.7 166.8 2486.1 -0.5951290727 -0.6324955821 0.4957526624 -0.8035343885 0.4588176310 -0.3792345822 0.0124041252 -0.6240478754 -0.7812876701
-12.3 130.1 2931.9 0.0047995448 0.4238733351 -0.9057087302 -0.9984930754 0.0515452661 0.0188320484 0.0546674021 0.9042535424 0.4234820008
-11.0 -127.2 2946.0 0.1266666651 0.4261078238 -0.8957609534 -0.9917055964 0.0345465131 -0.1238003299 -0.0218068715 0.9040125608 0.4269494116
54.0 -191.9 2628.1 -0.8296230435 0.3560896218 0.4300299883 0.2028065175 0.9098045826 -0.3621120155 -0.5201875567 -0.2132035792 -0.8270121813
-84.2 -545.1 2710.9 -0.8381992579 0.0791373104 0.5395917892 0.1269513518 0.9905486107 0.0519303158 -0.5303822756 0.1120298505 -0.8403237462
-9.7 -232.8 2790.2 -0.6952168345 0.0848035216 0.7137800455 -0.0410287566 0.9867153764 -0.1571924239 -0.7176281810 -0.1385683268 -0.6825017333
-42.6 -615.7 2844.0 -0.6950390339 0.0399798416 0.7178595662 -0.0364185125 0.9952132702 -0.0906873196 -0.7180490494 -0.0891746059 -0.6902560592
406.9 385.8 2482.7 0 0 0 0 0 0 0 0 0
22.0 -385.9 2940.3 0 0 0 0 0 0 0 0 0
-117.3 -959.8 2664.0 0 0 0 0 0 0 0 0 0
-57.6 -987.0 2877.3 0 0 0 0 0 0 0 0 0
29.8 352.5 2862.3 3 -0.2990995646 -0.0006546547 -0.9542216659 -0.2602414191 0.9621474147 0.0809122473 0.9180489182 0.2725288272 -0.2879482508
30.0 163.8 2808.9 -0.2990995646 -0.0006546547 -0.9542216659 -0.2602414191 0.9621474147 0.0809122473 0.9180489182 0.2725288272 -0.2879482508
28.5 -24.5 2761.8 -0.2989850938 0.0077762529 -0.9542260766 -0.2291816920 0.9701141119 0.0797146112 0.9263280630 0.2425246239 -0.2882674634
70.8 195.1 2682.5 -0.6626501679 -0.6324590445 -0.4011113048 0.1100807860 0.4475107491 -0.8874775171 0.7407947779 -0.6322417855 -0.2269214988
244.7 166.2 2488.1 -0.5926112533 -0.6324590445 0.4988060594 -0.8051627874 0.4475107491 -0.3891618848 0.0229078699 -0.6322417855 -0.7744324207
-10.8 132.5 2935.3 0.0166669544 0.4324690998 -0.9014946818 -0.9977427125 0.0658533648 0.0131450724 0.0650513023 0.8992406726 0.4325904548
-6.5 -124.5 2952.1 0.1377711892 0.4348969758 -0.8898785114 -0.9903812408 0.0488676801 -0.1294486821 -0.0128105441 0.8991532326 0.4374463558
51.7 -192.4 2625.9 -0.8366824389 0.3449123800 0.4254385531 0.1893125772 0.9110389352 -0.3662905395 -0.5139292479 -0.2259279937 -0.8275465369
-82.2 -546.1 2713.6 -0.8422636390 0.0850203484 0.5323190093 0.1379350126 0.9886007905 0.0603518859 -0.5211198926 0.1242576316 -0.8443897963
-3.9 -234.5 2790.6 -0.7005282640 0.1050709188 0.7058472037 -0.0398770496 0.9817924500 -0.1857240945 -0.7125096321 -0.1582520902 -0.6835834384
-44.7 -615.4 2852.0 -0.7000529170 0.0260138102 0.7136169672 -0.0075104060 0.9990127683 -0.0437851250 -0.7140514851 -0.0360114574 -0.6991664171
406.1 385.5 2481.8 0 0 0 0 0 0 0 0 0
29.4 -382.8 2948.8 0 0 0 0 0 0 0 0 0
-118.1 -963.5 2661.1 0 0 0 0 0 0 0 0 0
-54.4 -987.7 2865.4 0 0 0 0 0 0 0 0 0
33.9 344.1 2862.2 4 -0.2391482294 0.0031760216 -0.9709779024 -0.2560796440 0.9643844366 0.0662259161 0.9366062880 0.2644854784 -0.2298175097
33.3 155.9 2810.6 -0.2391482294 0.0031760216 -0.9709779024 -0.2560796440 0.9643844366 0.0662259161 0.9366062880 0.2644854784 -0.2298175097
31.3 -32.8 2765.5 -0.2389168441 0.0103719328 -0.9709846377 -0.2229988277 0.9726318121 0.0652597845 0.9450874329 0.2321200967 -0.2300652117
65.8 186.3 2681.7 -0.6740193963 -0.6341379881 -0.3789021969 0.0763084814 0.4504085779 -0.8895555735 0.7347617745 -0.6284911633 -0.2551940084
244.9 166.1 2486.6 -0.5920467377 -0.6341379881 0.4973426461 -0.8056555986 0.4504085779 -0.3847741783 0.0199925322 -0.6284911633 -0.7775597572
0.7 125.6 2939.4 0.0334102847 0.4857501090 -0.8734589815 -0.9967493415 0.0802998841 0.0065303571 0.0733107775 0.8704015017 0.4868539572
9.3 -131.2 2958.2 0.1492581964 0.4883802533 -0.8597713113 -0.9887281656 0.0633617863 -0.1356536597 -0.0117739243 0.8703275323 0.4923325777
53.7 -192.3 2631.8 -0.8545206785 0.3447069228 0.3885505795 0.2133060098 0.9149484634 -0.3425928652 -0.4735978842 -0.2098725140 -0.8553704023
-80.1 -547.4 2713.3 -0.8638011813 0.0925129950 0.4952664673 0.1401413679 0.9883234501 0.0598092526 -0.4839503169 0.1210706234 -0.8666798472
0.2 -233.3 2797.6 -0.7368787527 0.1027046070 0.6681776643 0.0007380165 0.9885137677 -0.1511290967 -0.6760244966 -0.1108706966 -0.7284905910
-39.6 -616.5 2840.6 -0.7381619215 0.0533778295 0.6725085378 -0.0201467667 0.9946761131 -0.1010622457 -0.6743226647 -0.0881491750 -0.7331566215
405.8 385.1 2481.1 0 0 0 0 0 0 0 0 0
48.3 -389.1 2955.2 0 0 0 0 0 0 0 0 0
-118.8 -961.4 2662.6 0 0 0 0 0 0 0 0 0
-59.5 -986.9 2873.4 0 0 0 0 0 0 0 0 0
33.4 347.6 2861.6 5 -0.2213932872 0.0131907472 -0.9750953913 -0.2488175631 0.9660491347 0.0695618615 0.9429076314 0.2580213845 -0.2105946988
30.8 158.7 2811.1 -0.2213932872 0.0131907472 -0.9750953913 -0.2488175631 0.9660491347 0.0695618615 0.9429076314 0.2580213845 -0.2105946988
26.9 -30.4 2767.6 -0.2207972854 0.0201957505 -0.9751105905 -0.2141782492 0.9743772745 0.0686775967 0.9515126348 0.2240113020 -0.2108143717
60.9 187.9 2681.3 -0.6867414713 -0.6333196163 -0.3567806482 0.0802039430 0.4218092263 -0.9031302929 0.7224634886 -0.6488322616 -0.2388791591
246.1 166.3 2486.5 -0.5767927170 -0.6333196163 0.5159617066 -0.8162495494 0.4218092263 -0.3947323263 0.0323543288 -0.6488322616 -0.7602433562
0.7 129.5 2940.9 0.0296221990 0.5037710071 -0.8633291721 -0.9962707758 0.0849033967 0.0153593058 0.0810371488 0.8596546650 0.5044073462
8.3 -127.2 2961.8 0.1438628286 0.5063121319 -0.8502655625 -0.9895761609 0.0679460540 -0.1269736588 -0.0065161102 0.8596693277 0.5108093023
50.7 -201.7 2636.0 -0.8624882102 0.3372194171 0.3773554862 0.2151278406 0.9192276001 -0.3297584951 -0.4580765367 -0.2032331377 -0.8653682470
-80.2 -558.5 2714.9 -0.8716773391 0.0962107480 0.4805435836 0.1444099844 0.9874294996 0.0642555133 -0.4683208466 0.1254053712 -0.8746137023
8.0 -241.6 2804.9 -0.7472382188 0.1293501258 0.6518462896 0.0264984928 0.9858937860 -0.1652610600 -0.6640277505 -0.1062164381 -0.7401251197
-42.1 -623.9 2846.1 -0.7492939234 0.0412522741 0.6609514952 -0.0106394207 0.9971792698 -0.0742988959 -0.6621521115 -0.0627038479 -0.7467414141
402.5 387.6 2477.7 0 0 0 0 0 0 0 0 0
45.8 -385.3 2960.1 0 0 0 0 0 0 0 0 0
-119.2 -959.2 2664.0 0 0 0 0 0 0 0 0 0
-57.5 -995.5 2869.5 0 0 0 0 0 0 0 0 0
30.6 349.7 2862.3 6 -0.2103364319 0.0046570073 -0.9776179790 -0.2488180846 0.9668036699 0.0581391938 0.9454354048 0.2554778159 -0.2021953017
29.6 160.4 2812.2 -0.2103364319 0.0046570073 -0.9776179790 -0.2488180846 0.9668036699 0.0581391938 0.9454354048 0.2554778159 -0.2021953017
27.8 -28.8 2769.0 -0.2100985497 0.0094718533 -0.9776343107 -0.2161280066 0.9747639894 0.0558910444 0.9534921646 0.2230367959 -0.2027493715
58.3 189.9 2682.1 -0.7021138668 -0.6250152588 -0.3411627114 0.0622726157 0.4233859181 -0.9038066864 0.7093364596 -0.6558203101 -0.2583437860
253.1 172.7 2485.3 -0.5888246894 -0.6250152588 0.5124855042 -0.8072700500 0.4233859181 -0.4111684263 0.0400074087 -0.6558203101 -0.7538561821
1.0 130.9 2942.4 0.0430569202 0.5097571015 -0.8592402339 -0.9957258105 0.0922324881 0.0048220200 0.0817079246 0.8553600907 0.5115495324
12.1 -125.6 2963.5 0.1565455496 0.5125185251 -0.8442856073 -0.9876469374 0.0752974153 -0.1374184340 -0.0068569672 0.8553683758 0.5179748535
42.8 -200.4 2639.1 -0.8697441816 0.3145913184 0.3802332878 0.2013089508 0.9296241999 -0.3086642027 -0.4505771399 -0.1919145137 -0.8718652725
-79.3 -561.1 2713.5 -0.8771255612 0.1028632671 0.4691161215 0.1446378827 0.9880214334 0.0537915193 -0.4579636157 0.1150338724 -0.8814967871
3.3 -238.7 2809.3 -0.7513468266 0.1189434677 0.6490997076 0.0302446689 0.9887952805 -0.1461817175 -0.6592141390 -0.0902013630 -0.7465255857
-42.8 -622.3 2844.3 -0.7547555566 0.0308944359 0.6552782655 -0.0320944712 0.9959552288 -0.0839230642 -0.6552205682 -0.0843722075 -0.7507112026
412.7 391.5 2474.5 0 0 0 0 0 0 0 0 0
52.9 -383.2 2961.7 0 0 0 0 0 0 0 0 0
-120.8 -959.9 2667.1 0 0 0 0 0 0 0 0 0
-54.4 -993.7 2875.8 0 0 0 0 0 0 0 0 0
30.5 351.5 2862.6 7 -0.1972543746 0.0057076556 -0.9803357124 -0.2495767027 0.9667433500 0.0558461100 0.9480518103 0.2556848526 -0.1892698556
29.4 162.9 2812.7 -0.1972543746 0.0057076556 -0.9803357124 -0.2495767027 0.9667433500 0.0558461100 0.9480518103 0.2556848526 -0.1892698556
27.5 -26.2 2769.1 -0.1970031857 0.0099898940 -0.9803519249 -0.2185154408 0.9743471146 0.0538397059 0.9557409286 0.2248286307 -0.1897665411
56.3 192.8 2682.2 -0.7091777325 -0.6190070510 -0.3374865651 0.0619292296 0.4221409261 -0.9044123888 0.7023045421 -0.6622894406 -0.2610383034
257.5 175.2 2483.0 -0.5882610679 -0.6190070510 0.5203644633 -0.8079197407 0.4221409261 -0.4111724198 0.0348515101 -0.6622894406 -0.7484371066
2.5 133.1 2943.3 0.0465260223 0.5207319260 -0.8524515629 -0.9957695603 0.0918684378 0.0017709272 0.0792355686 0.8487629294 0.5228032470
14.5 -123.5 2963.7 0.1588523984 0.5235342383 -0.8370649815 -0.9872431159 0.0749422163 -0.1404802650 -0.0108147226 0.8487022519 0.5287603140
44.8 -198.6 2640.3 -0.8708873987 0.3218709528 0.3714219332 0.2153359503 0.9292082787 -0.3003371358 -0.4417981207 -0.1815793216 -0.8785461783
-80.1 -559.3 2710.8 -0.8809915185 0.1021521911 0.4619728625 0.1418196410 0.9885327816 0.0518669188 -0.4513769746 0.1112111434 -0.8853761554
7.2 -237.3 2811.0 -0.7622495294 0.1151325330 0.6369616985 0.0105812587 0.9861388206 -0.1655846834 -0.6471968293 -0.1194769964 -0.7529020905
-37.4 -619.9 2857.4 -0.7607656717 0.0675146207 0.6455055475 0.0362272970 0.9974414706 -0.0616282858 -0.6480148435 -0.0234997626 -0.7612650990
417.0 394.2 2473.5 0 0 0 0 0 0 0 0 0
55.9 -381.0 2960.9 0 0 0 0 0 0 0 0 0
-121.4 -959.3 2665.8 0 0 0 0 0 0 0 0 0
-62.6 -991.1 2866.1 0 0 0 0 0 0 0 0 0
31.6 349.7 2861.8 8 -0.1822715998 0.0074504549 -0.9832199812 -0.2469408512 0.9675740004 0.0531103648 0.9517338276 0.2524777055 -0.1745214462
30.1 161.6 2812.7 -0.1822715998 0.0074504549 -0.9832199812 -0.2469408512 0.9675740004 0.0531103648 0.9517338276 0.2524777055 -0.1745214462
27.9 -27.7 2769.9 -0.1819642931 0.0111942776 -0.9832414389 -0.2149178684 0.9753059745 0.0508778654 0.9595307708 0.2205741107 -0.1750650108
55.0 191.0 2681.7 -0.7208027840 -0.6086972952 -0.3315584362 0.0480090007 0.4333509505 -0.8999456167 0.6914756298 -0.6646010876 -0.2831376195
260.9 177.3 2484.1 -0.5971102118 -0.6086972952 0.5224432945 -0.8017978668 0.4333509505 -0.4114937484 0.0240738057 -0.6646010876 -0.7468104959
5.3 132.3 2943.8 0.0499917865 0.5333550572 -0.8444129229 -0.9953182936 0.0966284871 0.0021074458 0.0827183574 0.8403542638 0.5356886983
18.1 -124.2 2965.1 0.1609297693 0.5361946225 -0.8286114335 -0.9869241714 0.0797099620 -0.1400963366 -0.0090703145 0.8403223157 0.5420112014
43.2 -195.8 2639.9 -0.8761858940 0.3178299069 0.3623290956 0.2168239504 0.9313226938 -0.2926182747 -0.4304481447 -0.1778263748 -0.8849249482
-80.2 -557.3 2708.9 -0.8877065778 0.1011570767 0.4491595328 0.1347812414 0.9899230003 0.0434333086 -0.4402397871 0.0990943164 -0.8923952579
7.9 -234.9 2811.0 -0.7716169357 0.1111928299 0.6262934208 0.0097140539 0.9865477085 -0.1631846875 -0.6360133290 -0.1198322251 -0.7623170614
-35.2 -617.8 2857.6 -0.7699155211 0.0739269629 0.6338493228 0.0363784134 0.9967364073 -0.0720634833 -0.6371080875 -0.0324243605 -0.7700921297
422.8 394.6 2477.6 0 0 0 0 0 0 0 0 0
60.1 -381.6 2962.7 0 0 0 0 0 0 0 0 0
-121.3 -959.5 2668.6 0 0 0 0 0 0 0 0 0
-62.8 -989.3 2869.6 0 0 0 0 0 0 0 0 0
32.8 352.5 2862.9 9 -0.1734012067 0.0118491016 -0.9847800136 -0.2483625710 0.9670834541 0.0553681441 0.9530205131 0.2541833818 -0.1647505611
30.5 163.5 2813.2 -0.1734012067 0.0118491016 -0.9847800136 -0.2483625710 0.9670834541 0.0553681441 0.9530205131 0.2541833818 -0.1647505611
27.5 -25.6 2769.4 -0.1729885787 0.0158853177 -0.9847956896 -0.2194820195 0.9741061330 0.0542669594 0.9601575732 0.2255325168 -0.1650227010
54.2 193.5 2682.1 -0.7208960652 -0.6036130190 -0.3405292928 0.0542188287 0.4407274127 -0.8960020542 0.6909191012 -0.6643874645 -0.2849914730
261.9 177.9 2483.0 -0.6022144556 -0.6036130190 0.5224835873 -0.7981386781 0.4407274127 -0.4107724428 0.0176747572 -0.6643874645 -0.7471793294
6.9 133.5 2944.4 0.0482046157 0.5419099927 -0.8390529752 -0.9958587885 0.0909012184 0.0014960798 0.0770816728 0.8355061412 0.5440477133
19.3 -123.1 2964.2 0.1582653075 0.5447050333 -0.8235584497 -0.9872707129 0.0739766285 -0.1407978386 -0.0157692172 0.8353585601 0.5494792461
42.1 -197.8 2641.2 -0.8809249997 0.3152428865 0.3529774845 0.2181257904 0.9323610663 -0.2883122563 -0.4199908674 -0.1769879758 -0.8901027441
-80.3 -559.7 2709.9 -0.8924962878 0.0995396599 0.4399343729 0.1351705790 0.9895433784 0.0503266454 -0.4303246439 0.1043825224 -0.8966186643
9.5 -236.2 2813.0 -0.7761548162 0.1230470166 0.6184198856 0.0292742644 0.9867488146 -0.1595924348 -0.6298624873 -0.1057646498 -0.7694719434
-38.3 -619.2 2854.1 -0.7772458196 0.0583826378 0.6264825463 0.0125201372 0.9969237447 -0.0773713663 -0.6290724874 -0.0522929244 -0.7755857706
425.2 394.3 2478.2 0 0 0 0 0 0 0 0 0
60.6 -380.6 2960.1 0 0 0 0 0 0 0 0 0
-120.5 -959.6 2667.7 0 0 0 0 0 0 0 0 0
-60.0 -991.0 2873.6 0 0 0 0 0 0 0 0 0
33.2 351.3 2862.4 0 -0.1559586525 0.0143008577 -0.9876600504 -0.2540112138 0.9656874537 0.0540929101 0.9545444846 0.2593129873 -0.1469747424
30.4 163.7 2812.0 -0.1559586525 0.0143008577 -0.9876600504 -0.2540112138 0.9656874537 0.0540929101 0.9545444846 0.2593129873 -0.1469747424
26.7 -25.2 2767.5 -0.1554419547 0.0189860463 -0.9876625538 -0.2239160836 0.9731142521 0.0539471172 0.9621327519 0.2295391709 -0.1470115036
51.6 194.2 2680.6 -0.7324044108 -0.5915346146 -0.3371506631 0.0515682437 0.4455609024 -0.8937651515 0.6789142489 -0.6719837785 -0.2958263755
263.6 179.3 2484.2 -0.6050263643 -0.5915346146 0.5329445004 -0.7961916924 0.4455609024 -0.4093339145 0.0046759476 -0.6719837785 -0.7405510545
9.2 133.1 2943.4 0.0505242646 0.5567892194 -0.8291158080 -0.9961408377 0.0877513960 -0.0017732760 0.0717687309 0.8260056973 0.5590740442
22.2 -123.6 2961.9 0.1588814259 0.5595965981 -0.8133931160 -0.9870296121 0.0708328113 -0.1440667212 -0.0230043270 0.8257326484 0.5635924339
39.9 -195.0 2639.7 -0.8909652829 0.3041917086 0.3371175826 0.2117540091 0.9351084232 -0.2841345370 -0.4016728699 -0.1817680150 -0.8975629807
-78.2 -558.0 2710.2 -0.9010996819 0.1063858122 0.4203586280 0.1401452720 0.9888597131 0.0501577184 -0.4103396237 0.1041083783 -0.9059706330
8.9 -234.3 2811.7 -0.7895826101 0.1299111396 0.5997352600 0.0141136236 0.9809198380 -0.1938997805 -0.6134819388 -0.1446354538 -0.7763507366
-41.5 -614.8 2867.8 -0.7888071537 0.0424183160 0.6131752729 0.0374519266 0.9990791082 -0.0209351294 -0.6134986281 0.0064508151 -0.7896694541
427.8 395.4 2482.9 0 0 0 0 0 0 0 0 0
63.6 -381.1 2955.9 0 0 0 0 0 0 0 0 0
-121.5 -959.8 2667.9 0 0 0 0 0 0 0 0 0
-57.3 -986.9 2865.4 0 0 0 0 0 0 0 0 0
31.4 348.9 2862.7 1 -0.1504281610 0.0025909331 -0.9886175394 -0.2560185194 0.9657812119 0.0414868891 0.9548957348 0.2593451738 -0.1446173638
30.9 161.2 2812.3 -0.1504281610 0.0025909331 -0.9886175394 -0.2560185194 0.9657812119 0.0414868891 0.9548957348 0.2593451738 -0.1446173638
29.8 -27.9 2768.5 -0.1502859294 0.0055466574 -0.9886270165 -0.2221122235 0.9742315412 0.0392302386 0.9633692503 0.2254818976 -0.1451813132
51.4 191.5 2680.7 -0.7378128171 -0.5832240582 -0.3398263454 0.0334052481 0.4712768197 -0.8813525438 0.6741782427 -0.6616251469 -0.3282313347
265.8 181.8 2484.8 -0.6073020697 -0.5832240582 0.5394755602 -0.7938984632 0.4712768197 -0.3842179477 -0.0301571675 -0.6616251469 -0.7492280602
10.3 130.8 2943.9 0.0649209097 0.5571428537 -0.8278750777 -0.9950085878 0.0991469398 -0.0113034640 0.0757836327 0.8244765997 0.5607986450
27.1 -125.5 2963.4 0.1729607433 0.5601937175 -0.8101034164 -0.9847400784 0.0822589248 -0.1533636898 -0.0192751400 0.8242672086 0.5658727884
36.9 -194.1 2636.8 -0.8921017051 0.3001652360 0.3377209008 0.2056106776 0.9352579713 -0.2881263494 -0.4023416936 -0.1875989884 -0.8960623741
-79.6 -557.2 2709.6 -0.9014477134 0.1029009372 0.4204799831 0.1371062547 0.9891980290 0.0518567115 -0.4106018841 0.1043965444 -0.9058186412
9.1 -234.2 2809.1 -0.7901254296 0.1352270395 0.5978422761 0.0066522537 0.9771945477 -0.2122416198 -0.6129090786 -0.1637205034 -0.7730059028
-43.4 -613.3 2872.6 -0.7893946767 0.0344672389 0.6129176021 0.0429138206 0.9990783334 -0.0009128995 -0.6123842001 0.0255819988 -0.7901462913
430.9 397.7 2493.0 0 0 0 0 0 0 0 0 0
72.2 -382.4 2958.4 0 0 0 0 0 0 0 0 0
-121.2 -957.6 2667.3 0 0 0 0 0 0 0 0 0
-56.2 -985.8 2863.1 0 0 0 0 0 0 0 0 0
29.2 350.8 2862.3 2 -0.1637677550 -0.0056769154 -0.9864825606 -0.2369077504 0.9709460139 0.0337419771 0.9576297998 0.2392312139 -0.1603545696
30.3 161.1 2815.6 -0.1637677550 -0.0056769154 -0.9864825606 -0.2369077504 0.9709460139 0.0337419771 0.9576297998 0.2392312139 -0.1603545696
30.1 -28.7 2775.1 -0.1638479829 0.0006701008 -0.9864853621 -0.2056821436 0.9779989719 0.0348266289 0.9648050070 0.2086087018 -0.1601053327
52.7 189.2 2683.8 -0.7106044292 -0.5910974741 -0.3816347718 0.0703416318 0.4800078571 -0.8744395375 0.7000666857 -0.6482254267 -0.2995169461
250.6 169.6 2488.8 -0.6293966174 -0.5910974741 0.5044438839 -0.7770827413 0.4800078571 -0.4071054161 -0.0014980254 -0.6482254267 -0.7614470124
7.9 133.0 2947.4 0.0653519481 0.5449877381 -0.8358932137 -0.9934270978 0.1144254580 -0.0030649009 0.0939771309 0.8305993080 0.5488834977
24.7 -122.9 2971.6 0.1747579873 0.5480650067 -0.8179758191 -0.9846113324 0.0975561216 -0.1449940354 0.0003323915 0.8307271004 0.5566797256
42.2 -197.1 2638.5 -0.8792445660 0.3201674521 0.3527347744 0.2187144309 0.9291208982 -0.2981583178 -0.4231938422 -0.1850058883 -0.8869497180
-82.1 -557.8 2710.3 -0.8913529515 0.0976370350 0.4426702559 0.1317675859 0.9901691675 0.0469293855 -0.4337363839 0.1001602337 -0.8954555988
15.3 -236.9 2811.1 -0.7752429247 0.1529368162 0.6128693223 0.0346805863 0.9790888429 -0.2004552186 -0.6307104826 -0.1341468096 -0.7643356323
-44.1 -616.7 2863.1 -0.7761135101 0.0310203340 0.6298297644 0.0126900151 0.9993553758 -0.0335827991 -0.6304655075 -0.0180715136 -0.7760068774
421.9 381.1 2489.2 0 0 0 0 0 0 0 0 0
70.3 -379.8 2971.7 0 0 0 0 0 0 0 0 0
-121.6 -958.5 2669.7 0 0 0 0 0 0 0 0 0
-55.6 -989.1 2869.8 0 0 0 0 0 0 0 0 0
29.9 351.8 2862.7 3 -0.1652753204 -0.0005330810 -0.9862473011 -0.2489219010 0.9676472545 0.0411913022 0.9543175101 0.2523064613 -0.1600608975
30.0 162.1 2813.2 -0.1652753204 -0.0005330810 -0.9862473011 -0.2489219010 0.9676472545 0.0411913022 0.9543175101 0.2523064613 -0.1600608975
28.6 -27.1 2770.2 -0.1651753038 0.0067175585 -0.9862413406 -0.2175033987 0.9751088619 0.0430691168 0.9619820118 0.2216248065 -0.1596028209
52.5 191.9 2681.8 -0.6955437660 -0.5876023173 -0.4134517610 0.1124172285 0.4793594480 -0.8703889251 0.7096345425 -0.6518726945 -0.2673588395
237.9 161.9 2492.7 -0.6471847296 -0.5876023173 0.4856700301 -0.7619847655 0.4793594480 -0.4354236126 0.0230454169 -0.6518726945 -0.7579781413
7.4 132.4 2944.6 0.0592578799 0.5456356406 -0.8359248042 -0.9949730039 0.1000052541 -0.0052559287 0.0807290524 0.8320340514 0.5488188267
22.7 -123.9 2965.4 0.1687302887 0.5486099124 -0.8188756108 -0.9855791330 0.0831154659 -0.1473961174 -0.0128017468 0.8319368958 0.5547226071
44.6 -200.1 2648.2 -0.8762039542 0.3216712475 0.3588790894 0.2345124036 0.9351233244 -0.2656092048 -0.4210350811 -0.1485662460 -0.8947947025
-80.1 -562.9 2705.8 -0.8915497661 0.1038878635 0.4408472478 0.1337001920 0.9903303981 0.0370129794 -0.4327392280 0.0919402763 -0.8968186975
15.3 -237.0 2821.0 -0.7745940089 0.1427012086 0.6161497235 0.0503770076 0.9850388169 -0.1648049355 -0.6304492354 -0.0966171324 -0.7701940536
-40.0 -618.9 2858.5 -0.7764530778 0.0530032516 0.6279420853 0.0215015076 0.9981046319 -0.0576611757 -0.6298081279 -0.0312694944 -0.7761210799
414.2 369.4 2486.4 0 0 0 0 0 0 0 0 0
66.7 -381.0 2962.1 0 0 0 0 0 0 0 0 0
-121.6 -958.5 2669.1 0 0 0 0 0 0 0 0 0
-59.8 -991.1 2870.2 0 0 0 0 0 0 0 0 0
29.4 354.0 2861.8 4 -0.1706762016 0.0009218354 -0.9853267670 -0.2400480360 0.9698307514 0.0424879491 0.9556393623 0.2437774390 -0.1653057337
29.3 163.7 2814.0 -0.1706762016 0.0009218354 -0.9853267670 -0.2400480360 0.9698307514 0.0424879491 0.9556393623 0.2437774390 -0.1653057337
28.0 -26.0 2772.9 -0.1705494672 0.0066647795 -0.9853265882 -0.2075215727 0.9773054719 0.0425302833 0.9632484913 0.2117300332 -0.1652958393
52.6 192.0 2682.4 -0.6991569996 -0.5914484859 -0.4017065763 0.0990397856 0.4763180912 -0.8736774325 0.7080752850 -0.6506226063 -0.2744441926
244.0 164.9 2488.5 -0.6362389326 -0.5914484859 0.4953672588 -0.7713711858 0.4763180912 -0.4220278859 0.0136553794 -0.6506226063 -0.7592784166
6.0 135.3 2945.5 0.0576842055 0.5413101912 -0.8388419151 -0.9941642284 0.1078702286 0.0012441954 0.0911595672 0.8338748813 0.5443736315
20.8 -120.8 2969.0 0.1676602811 0.5442653894 -0.8219885826 -0.9858430624 0.0909777805 -0.1408421844 -0.0018728265 0.8339653611 0.5518136024
42.1 -196.9 2641.0 -0.8773002028 0.3142275810 0.3627745807 0.2205657959 0.9352910519 -0.2767333388 -0.4262570739 -0.1627625525 -0.8898388743
-79.8 -559.8 2704.2 -0.8903546929 0.1043648273 0.4431438446 0.1316716969 0.9908019900 0.0312080067 -0.4358107746 0.0861356929 -0.8959071636
12.5 -235.8 2813.3 -0.7708011866 0.1363673061 0.6223098040 0.0473703668 0.9863862991 -0.1574741602 -0.6353121996 -0.0919022188 -0.7667675018
-40.4 -618.5 2849.0 -0.7745642066 0.0481286012 0.6306615472 -0.0068206294 0.9964071512 -0.0844172239 -0.6324585676 -0.0696880668 -0.7714530230
417.1 374.7 2484.7 0 0 0 0 0 0 0 0 0
64.6 -378.0 2968.5 0 0 0 0 0 0 0 0 0
-121.8 -958.1 2669.5 0 0 0 0 0 0 0 0 0
-58.3 -990.0 2875.0 0 0 0 0 0 0 0 0 0
32.0 351.7 2861.9 5 -0.1503457576 0.0112019451 -0.9885700345 -0.2348053306 0.9709193707 0.0467120893 0.9603450298 0.2391444743 -0.1433433294
29.8 161.3 2815.0 -0.1503457576 0.0112019451 -0.9885700345 -0.2348053306 0.9709193707 0.0467120893 0.9603450298 0.2391444743 -0.1433433294
27.0 -28.5 2774.6 -0.1499358118 0.0147022577 -0.9885864258 -0.2039647102 0.9779213071 0.0454783402 0.9674283862 0.2084555775 -0.1436266899
50.3 189.2 2682.9 -0.7177330852 -0.5911248326 -0.3680090308 0.0617718995 0.4723704457 -0.8792328238 0.6935729980 -0.6537871361 -0.3025209904
253.0 171.8 2487.0 -0.6238104105 -0.5911248326 0.5113041997 -0.7815753818 0.4723704457 -0.4074384272 -0.0006780140 -0.6537871361 -0.7566782236
9.3 133.5 2947.1 0.0563146472 0.5599692464 -0.8265973330 -0.9940715432 0.1085719019 0.0058264644 0.0930078849 0.8213687539 0.5627636909
23.8 -122.7 2971.1 0.1642021537 0.5628677011 -0.8100726008 -0.9864237309 0.0916704088 -0.1362527162 -0.0024325689 0.8214477897 0.5702785254
41.9 -197.1 2645.5 -0.8842487335 0.3133388460 0.3462989926 0.2267826647 0.9363118410 -0.2681225836 -0.4082570672 -0.1585524380 -0.8989923596
-79.7 -560.5 2707.0 -0.8978608251 0.1054534018 0.4274640083 0.1357564777 0.9898958206 0.0409450866 -0.4188270271 0.0947939977 -0.9031046629
11.4 -234.3 2818.1 -0.7788200378 0.1593694538 0.6066635847 0.0856978074 0.9851498604 -0.1487803608 -0.6213656068 -0.0638833866 -0.7809121013
-50.4 -616.4 2842.8 -0.7874041200 0.0086667100 0.6163762212 -0.0509392954 0.9955665469 -0.0790719986 -0.6143288612 -0.0936593860 -0.7834717631
422.6 384.3 2487.2 0 0 0 0 0 0 0 0 0
66.7 -380.0 2970.5 0 0 0 0 0 0 0 0 0
-122.1 -958.8 2668.9 0 0 0 0 0 0 0 0 0
-53.7 -987.4 2877.7 0 0 0 0 0 0 0 0 0
29.3 348.7 2861.9 6 -0.1522930562 0.0070797233 -0.9883100390 -0.2367295474 0.9706043601 0.0434315875 0.9595655203 0.2405765057 -0.1461403221
27.9 159.0 2814.9 -0.1522930562 0.0070797233 -0.9883100390 -0.2367295474 0.9706043601 0.0434315875 0.9595655203 0.2405765057 -0.1461403221
25.6 -30.7 2773.9 -0.1520051509 0.0118447831 -0.9883087277 -0.2070957124 0.9773501754 0.0435654521 0.9664397836 0.2112966776 -0.1461092681
48.7 187.3 2682.9 -0.7251001000 -0.5967018604 -0.3437685072 0.0424787663 0.4594900310 -0.8871665597 0.6873320937 -0.6578873992 -0.3078290820
257.8 175.1 2484.6 -0.6153203249 -0.5967018604 0.5150997639 -0.7882409096 0.4594900310 -0.4093228579 0.0075605069 -0.6578873992 -0.7530783415
7.2 130.7 2946.9 0.0584227815 0.5575430989 -0.8280896544 -0.9941992760 0.1075299904 0.0022566577 0.0903026536 0.8231542706 0.5605911613
22.2 -125.5 2970.2 0.1665530205 0.5604821444 -0.8112458587 -0.9860206246 0.0906318352 -0.1398185045 -0.0048410706 0.8231923580 0.5677419305
37.5 -200.0 2647.5 -0.8842787147 0.3095294833 0.3496321738 0.2241311669 0.9381983280 -0.2637217343 -0.4096539617 -0.1548400521 -0.8990039825
-82.6 -564.2 2707.6 -0.8975573182 0.0971851051 0.4300533235 0.1307245344 0.9902039766 0.0490629673 -0.4210723341 0.1002553478 -0.9014693499
10.7 -236.6 2820.8 -0.7793484926 0.1534639597 0.6075069904 0.0731534436 0.9851979613 -0.1550275981 -0.6223057508 -0.0763793066 -0.7790389657
-48.9 -618.9 2850.4 -0.7841630578 0.0098349452 0.6204769015 -0.0256951321 0.9985023141 -0.0483005680 -0.6200226545 -0.0538187586 -0.7827358842
425.3 389.6 2482.6 0 0 0 0 0 0 0 0 0
65.7 -382.7 2968.9 0 0 0 0 0 0 0 0 0
-121.3 -958.7 2667.6 0 0 0 0 0 0 0 0 0
-52.5 -991.0 2870.5 0 0 0 0 0 0 0 0 0
30.5 351.2 2861.9 7 -0.1665866971 0.0109058805 -0.9859665036 -0.2395132631 0.9695425630 0.0511918403 0.9564948082 0.2446799427 -0.1589007974
28.3 162.5 2814.3 -0.1665866971 0.0109058805 -0.9859665036 -0.2395132631 0.9695425630 0.0511918403 0.9564948082 0.2446799427 -0.1589007974
25.3 -27.1 2772.8 -0.1661605984 0.0158526096 -0.9859712720 -0.2085217535 0.9766951799 0.0508445539 0.9637994170 0.2140448242 -0.1589826494
51.0 191.0 2682.7 -0.7277755737 -0.5918772221 -0.3464449048 0.0448763929 0.4629759192 -0.8852341175 0.6843455434 -0.6597989798 -0.3103812635
261.2 178.0 2485.0 -0.6122001410 -0.5918772221 0.5243017673 -0.7906827331 0.4629759192 -0.4005922079 -0.0056377035 -0.6597989798 -0.7514210343
5.6 134.0 2946.0 0.0503288284 0.5473855138 -0.8353658319 -0.9948171377 0.1014689803 0.0065536192 0.0883510783 0.8307064176 0.5496553183
18.6 -122.3 2968.7 0.1597535163 0.5502069592 -0.8196042776 -0.9871425033 0.0845476389 -0.1356517971 -0.0053409538 0.8307370543 0.5566394329
