-251.5 486.9 2350.8 29 0.4546567798 0.0888142511 -0.8862275481 -0.0939838067 0.9942447543 0.0514232852 0.8856942058 0.0599110909 0.4603872299
-269.0 291.0 2339.0 0.4546567798 0.0888142511 -0.8862275481 -0.0939838067 0.9942447543 0.0514232852 0.8856942058 0.0599110909 0.4603872299
-286.0 96.1 2328.7 0.4553195536 0.0867313743 -0.8860935569 -0.0864738375 0.9948464632 0.0529415533 0.8861187100 0.0525185838 0.4604730606
-333.9 303.3 2212.8 0.1354524940 0.2811378241 -0.9500600696 0.9562383294 0.2139055878 0.1996313930 0.2593470812 -0.9355244040 -0.2398607135
-371.7 36.2 2140.4 -0.3089336455 0.2527515292 -0.9168842435 0.9250739813 0.3037670553 -0.2279555798 0.2209030837 -0.9186088443 -0.3276577294
-204.2 278.7 2465.2 0.2478824854 -0.3376538754 -0.9080440998 0.6372441649 0.7628154159 -0.1096928269 0.7297082543 -0.5514549017 0.4042565525
-179.2 343.0 2538.9 0.7728927732 -0.3376538754 -0.5372398496 0.5590760112 0.7628154159 0.3248794973 0.3001179993 -0.5514549017 0.7783486843
-342.6 -90.4 2240.6 0.2945041955 0.0129550677 -0.9555623531 -0.0001481141 0.9999087453 0.0135106463 0.9556501508 -0.0038374094 0.2944792211
-347.7 -482.0 2242.1 0.2805505693 0.1599212438 -0.9464230537 -0.0944536403 0.9858364463 0.1385819763 0.9551805258 0.0505138524 0.2916821241
-257.9 -105.1 2399.3 -0.9947174191 0.0482293256 0.0906155631 0.0225157049 0.9637669325 -0.2657938898 -0.1001513377 -0.2623495460 -0.9597616792
-276.8 -482.6 2502.1 -0.9947174191 -0.0110689355 0.1020525694 0.0225157049 0.9464324117 0.3221159875 -0.1001513377 0.3227121830 -0.9411835670
-289.1 -211.3 2081.3 0 0 0 0 0 0 0 0 0
10.2 480.0 2612.4 0 0 0 0 0 0 0 0 0
-407.9 -853.3 2223.1 0 0 0 0 0 0 0 0 0
-273.3 -780.5 2400.5 0 0 0 0 0 0 0 0 0
-251.8 487.2 2351.1 30 0.4725583494 0.0824474394 -0.8774343729 -0.1006605551 0.9941481948 0.0392017774 0.8755318522 0.0697979033 0.4780922234
-268.0 291.9 2337.3 0.4725583494 0.0824474394 -0.8774343729 -0.1006605551 0.9941481948 0.0392017774 0.8755318522 0.0697979033 0.4780922234
-284.1 97.2 2324.5 0.4728938639 0.0820871815 -0.8772873282 -0.0966051444 0.9944788814 0.0409785770 0.8758075237 0.0653719530 0.4782130122
-335.4 305.7 2212.6 0.1240948439 0.2612900436 -0.9572502375 0.9563104510 0.2258626968 0.1856242567 0.2647088766 -0.9384633899 -0.2218459994
-369.7 41.2 2139.4 -0.2997770607 0.2404437512 -0.9232120514 0.9291316271 0.2931387424 -0.2253533751 0.2164444178 -0.9253412485 -0.3112801611
-200.6 278.2 2462.1 0.1122484058 -0.3762088418 -0.9197103977 0.5925078392 0.7683604956 -0.2419848293 0.7977059484 -0.5177732110 0.3091539145
-190.7 330.3 2532.3 0.7600360513 -0.3762088418 -0.5299170613 0.5755328536 0.7683604956 0.2799715996 0.3018395305 -0.5177732110 0.8005022407
-344.2 -90.9 2238.4 0.3131684065 0.0101318015 -0.9496435523 0.0107111624 0.9998418093 0.0141996406 0.9496371746 -0.0146186650 0.3130103648
-348.1 -482.5 2244.1 0.2973115146 0.1603011042 -0.9412276149 -0.0985321328 0.9856930971 0.1367500722 0.9496827126 0.0520837978 0.3088527024
-261.9 -106.5 2398.5 -0.9960803986 0.0363539532 0.0806366429 0.0157006215 0.9698268771 -0.2432884425 -0.0870480835 -0.2410687953 -0.9665963054
-276.2 -486.3 2492.9 -0.9960803986 -0.0110917324 0.0877544954 0.0157006215 0.9541810155 0.2988177538 -0.0870480835 0.2990243137 -0.9502668381
-289.4 -207.6 2081.5 0 0 0 0 0 0 0 0 0
-0.4 474.5 2607.9 0 0 0 0 0 0 0 0 0
-408.5 -853.8 2224.5 0 0 0 0 0 0 0 0 0
-272.8 -779.8 2400.9 0 0 0 0 0 0 0 0 0
-251.2 485.8 2344.7 31 0.4487199783 0.0874213576 -0.8893862367 -0.0844499841 0.9948983788 0.0551852137 0.8896732926 0.0503459424 0.4538135231
-268.3 290.9 2334.8 0.4487199783 0.0874213576 -0.8893862367 -0.0844499841 0.9948983788 0.0551852137 0.8896732926 0.0503459424 0.4538135231
-285.0 96.0 2325.3 0.4489574730 0.0849253684 -0.8895082474 -0.0817077383 0.9952044487 0.0537766851 0.8898095489 0.0485362597 0.4537435472
-332.3 302.5 2208.1 0.1406803131 0.2863928080 -0.9477279186 0.9584304690 0.2006134689 0.2028921545 0.2482338399 -0.9368742704 -0.2462652475
-370.9 39.1 2139.9 -0.3101890385 0.2514788806 -0.9168103337 0.9226901531 0.3119048178 -0.2266236395 0.2289665043 -0.9162279963 -0.3287865222
-204.4 279.3 2461.5 0.0944865718 -0.4899762571 -0.8665999770 0.4769853354 0.7863532901 -0.3925983608 0.8738176227 -0.3762602210 0.3080113232
-196.2 320.5 2537.0 0.7532878518 -0.4899762571 -0.4387261868 0.5991563201 0.7863532901 0.1505329460 0.2712362111 -0.3762602210 0.8859227896
-342.9 -88.9 2232.6 0.2877502441 0.0120536154 -0.9576296210 0.0223830491 0.9995630383 0.0193071272 0.9574438930 -0.0269903019 0.2873547077
-347.7 -480.4 2243.2 0.2715355754 0.1622117907 -0.9486599565 -0.0867264569 0.9858079553 0.1437399685 0.9585129023 0.0432434045 0.2817499936
-257.5 -106.3 2390.8 -0.9952833056 0.0460225008 0.0853995010 0.0224466063 0.9656689167 -0.2588043809 -0.0943784714 -0.2556667328 -0.9621471763
-275.5 -484.4 2490.9 -0.9952833056 -0.0062147183 0.0968117863 0.0224466063 0.9561117887 0.2921410501 -0.0943784714 0.2929362059 -0.9514626265
-287.7 -208.7 2078.4 0 0 0 0 0 0 0 0 0
-5.5 472.2 2605.6 0 0 0 0 0 0 0 0 0
-408.8 -851.7 2226.9 0 0 0 0 0 0 0 0 0
-273.6 -780.8 2400.1 0 0 0 0 0 0 0 0 0
-251.7 486.2 2348.0 32 0.4653462172 0.0818139389 -0.8813395500 -0.0931047574 0.9947195649 0.0431796983 0.8802183867 0.0619633943 0.4705062509
-267.8 290.8 2335.8 0.4653462172 0.0818139389 -0.8813395500 -0.0931047574 0.9947195649 0.0431796983 0.8802183867 0.0619633943 0.4705062509
-284.0 96.0 2324.9 0.4657703638 0.0823396817 -0.8810665011 -0.0879636481 0.9950382710 0.0464894250 0.8805227876 0.0558484271 0.4707022309
-334.2 303.4 2210.4 0.1353326142 0.2680013776 -0.9538660049 0.9583607912 0.2089218795 0.1946697086 0.2514552474 -0.9404929280 -0.2285680473
-371.9 36.2 2140.3 -0.3170676529 0.2299408615 -0.9201061130 0.9157205224 0.3267155290 -0.2339079231 0.2468279749 -0.9167246819 -0.3141524792
-201.5 278.3 2461.2 0.0307909455 -0.4633536041 -0.8856383562 0.4912526309 0.7786710262 -0.3903104365 0.8704727292 -0.4230541587 0.2515996993
-198.9 319.2 2533.6 0.7489078045 -0.4633536041 -0.4737515450 0.5992951393 0.7786710262 0.1857867837 0.2828116119 -0.4230541587 0.8608384132
-342.3 -91.5 2235.4 0.3055026829 0.0152704371 -0.9520687461 0.0159321446 0.9996494651 0.0211459491 0.9520578980 -0.0216286406 0.3051522970
-348.3 -483.0 2243.9 0.2894492745 0.1617719829 -0.9434240460 -0.0931749716 0.9856960773 0.1404337585 0.9526476264 0.0472550616 0.3003821373
-261.2 -106.2 2396.1 -0.9968091249 0.0396937430 0.0692529455 0.0230141133 0.9736654162 -0.2268170118 -0.0764324144 -0.2244994789 -0.9714721441
-276.7 -487.3 2484.0 -0.9967640638 -0.0095139053 0.0798178539 0.0130553478 0.9606262445 0.2775369883 -0.0793155879 0.2776809633 -0.9573935270
-286.5 -210.6 2073.8 0 0 0 0 0 0 0 0 0
-8.2 471.8 2605.6 0 0 0 0 0 0 0 0 0
-409.2 -854.3 2226.1 0 0 0 0 0 0 0 0 0
-273.8 -781.4 2399.0 0 0 0 0 0 0 0 0 0
-252.2 484.1 2342.6 33 0.4823064208 0.0857859105 -0.8717920184 -0.0822144374 0.9952335954 0.0524488315 0.8721360564 0.0463774800 0.4870603979
-268.9 289.9 2333.6 0.4823064208 0.0857859105 -0.8717920184 -0.0822144374 0.9952335954 0.0524488315 0.8721360564 0.0463774800 0.4870603979
-285.5 95.0 2324.5 0.4823614657 0.0846961662 -0.8718680739 -0.0815714896 0.9953328967 0.0515604839 0.8721659780 0.0462487899 0.4870190620
-337.6 301.5 2209.3 0.1226460114 0.2526714206 -0.9597474337 0.9591383934 0.2182706445 0.1800319999 0.2549736202 -0.9426108003 -0.2155768275
-371.6 35.7 2138.7 -0.3200924695 0.2175777406 -0.9220632911 0.9146198034 0.3247238696 -0.2408839315 0.2470049858 -0.9204424620 -0.3029425740
-200.2 278.3 2457.8 -0.0172688589 -0.4661171734 -0.8845544457 0.4642376006 0.7798061967 -0.4199830890 0.8855423331 -0.4178960621 0.2029227465
-201.7 318.1 2533.8 0.7515852451 -0.4661171734 -0.4667487442 0.5982096195 0.7798061967 0.1845199466 0.2779656351 -0.4178960621 0.8649265766
-342.2 -90.9 2234.4 0.3235711753 0.0154992249 -0.9460768700 0.0198157765 0.9995355606 0.0231522843 0.9459962845 -0.0262386613 0.3231137693
-348.3 -482.5 2244.6 0.3063705564 0.1610441208 -0.9381907582 -0.0998941958 0.9855825901 0.1365581900 0.9466563463 0.0518824011 0.3180408776
-258.1 -106.8 2393.5 -0.9943666458 0.0480874777 0.0944592804 0.0222622938 0.9660382271 -0.2574385107 -0.1036308408 -0.2538853884 -0.9616667032
-276.9 -484.9 2492.8 -0.9943666458 -0.0098911831 0.1055325791 0.0222622938 0.9539392591 0.2991727293 -0.1036308408 0.2998367846 -0.9483451843
-285.3 -210.9 2072.1 0 0 0 0 0 0 0 0 0
-9.7 470.9 2604.8 0 0 0 0 0 0 0 0 0
-409.0 -853.7 2225.1 0 0 0 0 0 0 0 0 0
-273.8 -783.0 2399.1 0 0 0 0 0 0 0 0 0
-250.7 485.5 2340.5 34 0.4972026348 0.0900234580 -0.8629515171 -0.0835336298 0.9949490428 0.0556643270 0.8636038899 0.0444090217 0.5022112727
-268.3 290.9 2331.8 0.4972026348 0.0900234580 -0.8629515171 -0.0835336298 0.9949490428 0.0556643270 0.8636038899 0.0444090217 0.5022112727
-284.8 95.9 2323.3 0.4975356162 0.0842671767 -0.8633407950 -0.0797307193 0.9954997301 0.0512185656 0.8637715578 0.0433517247 0.5020152330
-339.2 302.3 2208.7 0.1158931479 0.2367939651 -0.9646229148 0.9597198963 0.2235530317 0.1701814979 0.2559423149 -0.9454907179 -0.2013476193
-370.6 42.4 2139.4 -0.3077374995 0.2094542384 -0.9281306863 0.9212871194 0.3093473315 -0.2356569916 0.2377553880 -0.9275953770 -0.2881652713
-197.4 279.6 2454.8 -0.0444210917 -0.4659467936 -0.8836969733 0.4471848905 0.7817266583 -0.4346597195 0.8933377862 -0.4144839942 0.1736392230
-201.2 318.2 2532.0 0.7487044930 -0.4659467936 -0.4715242684 0.5979735851 0.7817266583 0.1770056784 0.2861278653 -0.4144839942 0.8639061451
-345.7 -92.6 2236.7 0.3398455083 0.0085068941 -0.9404428005 0.0142349340 0.9997979999 0.0141878426 0.9403735399 -0.0182088148 0.3396557570
-349.0 -484.2 2243.8 0.3237333894 0.1558853686 -0.9332183003 -0.1026901826 0.9862964153 0.1291283369 0.9405590892 0.0540292114 0.3353049755
-258.5 -107.3 2394.3 -0.9948239326 0.0468085967 0.0901903063 0.0211356208 0.9634878039 -0.2669166327 -0.0993912593 -0.2636288106 -0.9594900608
-276.8 -484.6 2497.5 -0.9948239326 -0.0110555459 0.1010104492 0.0211356208 0.9498091936 0.3121150136 -0.0993912593 0.3126344085 -0.9446592331
-287.6 -206.1 2075.3 0 0 0 0 0 0 0 0 0
-9.8 471.1 2605.2 0 0 0 0 0 0 0 0 0
-407.7 -855.7 2223.4 0 0 0 0 0 0 0 0 0
-273.4 -780.7 2400.0 0 0 0 0 0 0 0 0 0
-250.8 483.6 2339.4 35 0.4994685948 0.0900157541 -0.8616427779 -0.0822380856 0.9950224161 0.0562789477 0.8624198437 0.0427502878 0.5043851733
-268.4 288.2 2331.0 0.4994685948 0.0900157541 -0.8616427779 -0.0822380856 0.9950224161 0.0562789477 0.8624198437 0.0427502878 0.5043851733
-285.2 93.2 2323.4 0.4999825060 0.0857633278 -0.8617784977 -0.0764184371 0.9955719709 0.0547422394 0.8626573682 0.0384856053 0.5043224692
-339.7 299.1 2208.0 0.1171613783 0.2345221788 -0.9650246501 0.9603800178 0.2206670046 0.1702244133 0.2528705001 -0.9467340708 -0.1993767619
-371.3 40.2 2139.9 -0.3143434823 0.2029124647 -0.9273697734 0.9169428349 0.3178118765 -0.2412705421 0.2457723320 -0.9261868596 -0.2859612107
-197.2 277.3 2453.9 -0.0674249530 -0.4625038207 -0.8840498328 0.4492926896 0.7770657539 -0.4408003092 0.8908366561 -0.4269180596 0.1554059684
-203.2 317.1 2532.8 0.7517230511 -0.4625038207 -0.4701092243 0.5989952087 0.7770657539 0.1933223605 0.2758934498 -0.4269180596 0.8611758351
-346.2 -91.8 2236.7 0.3426293135 0.0062101507 -0.9394501448 0.0156242605 0.9998021722 0.0123074669 0.9393407702 -0.0188951120 0.3424645066
-348.7 -483.5 2244.1 0.3257820308 0.1583546549 -0.9320889711 -0.1051077470 0.9858283401 0.1307474673 0.9395841956 0.0553746000 0.3378094435
-256.3 -106.2 2392.8 -0.9939482808 0.0516238809 0.0969630852 0.0237635113 0.9628391266 -0.2690280974 -0.1072481275 -0.2650958002 -0.9582390189
-276.5 -483.3 2496.6 -0.9939482808 -0.0101798298 0.1093765795 0.0237635113 0.9521933794 0.3045703769 -0.1072481275 0.3053263724 -0.9461889863
-286.4 -207.5 2073.5 0 0 0 0 0 0 0 0 0
-10.8 470.4 2603.4 0 0 0 0 0 0 0 0 0
-408.3 -854.8 2223.3 0 0 0 0 0 0 0 0 0
-273.4 -781.0 2401.2 0 0 0 0 0 0 0 0 0
-251.3 484.7 2345.3 36 0.4513243139 0.0848447978 -0.8883173466 -0.0891035497 0.9947794676 0.0497426577 0.8879002929 0.0567021593 0.4565281570
-268.0 289.3 2334.2 0.4513243139 0.0848447978 -0.8883173466 -0.0891035497 0.9947794676 0.0497426577 0.8879002929 0.0567021593 0.4565281570
-284.7 94.4 2324.5 0.4518356025 0.0857331008 -0.8879720569 -0.0831391737 0.9950862527 0.0537703745 0.8882187009 0.0495298952 0.4567431808
-332.3 301.1 2207.8 0.1436062455 0.2831298411 -0.9482693076 0.9581044316 0.2001691908 0.2048612684 0.2478166372 -0.9379604459 -0.2425224334
-371.7 38.1 2139.8 -0.3156919479 0.2409305125 -0.9177641869 0.9151469469 0.3328510523 -0.2274119705 0.2506882846 -0.9116812348 -0.3255652189
-203.7 277.4 2460.6 0.0262134243 -0.4549685419 -0.8901215792 0.4969963431 0.7785151601 -0.3832868636 0.8673565984 -0.4323399067 0.2465252429
-201.5 317.9 2531.2 0.7455726862 -0.4549685419 -0.4869548380 0.5984988809 0.7785151601 0.1889795512 0.2931219637 -0.4323399067 0.8527377844
-347.2 -94.9 2237.9 0.2907419205 0.0042856336 -0.9567919374 0.0113436524 0.9999042749 0.0079257553 0.9567342401 -0.0131578641 0.2906654775
-348.9 -486.6 2243.1 0.2757321298 0.1586792767 -0.9480467439 -0.0917286649 0.9861230254 0.1383737028 0.9568477869 0.0488089882 0.2864612341
-256.8 -108.7 2393.9 -0.9927787185 0.0525257923 0.1078494117 0.0215614978 0.9625337720 -0.2703032792 -0.1180065945 -0.2660259604 -0.9567155242
-277.4 -485.7 2498.1 -0.9927787185 -0.0163494870 0.1188408509 0.0215614978 0.9502153397 0.3108470440 -0.1180065945 0.3111647069 -0.9430010319
-286.1 -210.1 2071.8 0 0 0 0 0 0 0 0 0
-10.7 471.1 2606.2 0 0 0 0 0 0 0 0 0
-408.7 -858.0 2224.7 0 0 0 0 0 0 0 0 0
-272.3 -781.9 2401.1 0 0 0 0 0 0 0 0 0
-251.6 486.8 2348.3 37 0.4344409406 0.0928588733 -0.8959008455 -0.0965623707 0.9937404394 0.0561747104 0.8955092430 0.0621057153 0.4406882226
-269.9 291.1 2336.1 0.4344409406 0.0928588733 -0.8959008455 -0.0965623707 0.9937404394 0.0561747104 0.8955092430 0.0621057153 0.4406882226
-287.8 96.4 2325.2 0.4350544512 0.0916386619 -0.8957287669 -0.0899517685 0.9942541718 0.0580289550 0.8958997130 0.0553266332 0.4407977462
-331.8 303.9 2208.5 0.1444677860 0.3004081249 -0.9428064823 0.9582743049 0.1950314492 0.2089811713 0.2466565520 -0.9336582422 -0.2596976459
-372.0 37.4 2139.9 -0.3161387444 0.2566883266 -0.9133276343 0.9159424305 0.3334220052 -0.2233364731 0.2471956760 -0.9071608782 -0.3405193388
-207.9 278.3 2463.6 0.0888778195 -0.4659332931 -0.8803447485 0.5069685578 0.7819523215 -0.3626753688 0.8573701978 -0.4140733182 0.3057117462
-201.0 318.1 2531.0 0.7453440428 -0.4659332931 -0.4768316448 0.5990502238 0.7819523215 0.1723059267 0.2925765514 -0.4140733182 0.8619409800
-342.2 -93.0 2234.6 0.2735918760 0.0194262527 -0.9616496563 0.0181518327 0.9995136857 0.0253553875 0.9616745710 -0.0243927334 0.2731062174
-349.8 -484.4 2244.2 0.2578892410 0.1509799957 -0.9543050528 -0.0963901281 0.9868078232 0.1300739795 0.9613543153 0.0584409088 0.2690401077
-260.7 -108.0 2394.9 -0.9950138927 0.0416389145 0.0906287581 0.0164642967 0.9647898674 -0.2625060678 -0.0983681679 -0.2597050369 -0.9606648684
-277.0 -485.9 2496.7 -0.9950138927 -0.0146962022 0.0986478180 0.0164642967 0.9513116479 0.3077906072 -0.0983681679 0.3078801036 -0.9463263154
-286.0 -211.8 2072.6 0 0 0 0 0 0 0 0 0
-10.1 471.5 2605.9 0 0 0 0 0 0 0 0 0
-406.7 -856.1 2222.2 0 0 0 0 0 0 0 0 0
-272.4 -780.6 2401.3 0 0 0 0 0 0 0 0 0
-251.2 486.3 2342.8 38 0.4944088459 0.0964070559 -0.8638666272 -0.0992190987 0.9935938716 0.0540993921 0.8635481596 0.0589648522 0.5008070469
-270.1 291.0 2331.2 0.4944088459 0.0964070559 -0.8638666272 -0.0992190987 0.9935938716 0.0540993921 0.8635481596 0.0589648522 0.5008070469
-289.1 96.3 2320.8 0.4948594570 0.0970285833 -0.8635389805 -0.0945892110 0.9938563704 0.0574659780 0.8638095856 0.0532438867 0.5009971261
-340.5 304.4 2208.4 0.1131475866 0.2392320782 -0.9643472433 0.9616881013 0.2175580859 0.1668066680 0.2497070581 -0.9462750554 -0.2054504752
-371.8 38.0 2139.3 -0.3174306750 0.2077545822 -0.9252436161 0.9176262021 0.3133779466 -0.2444512695 0.2391650975 -0.9266241193 -0.2901168168
-199.8 277.5 2454.0 -0.0298108812 -0.5069999695 -0.8614304066 0.4099098444 0.7798109055 -0.4731478095 0.9116387367 -0.3672137558 0.1845774353
-202.4 313.0 2533.0 0.7483609915 -0.5069999695 -0.4276760519 0.6096278429 0.7798109055 0.1422983110 0.2613612115 -0.3672137558 0.8926613927
-345.0 -90.2 2233.5 0.3385783136 0.0083657568 -0.9409010410 0.0227684360 0.9995948672 0.0170807187 0.9406626821 -0.0272060055 0.3382506669
-348.3 -481.7 2244.1 0.3207586110 0.1563936174 -0.9341600537 -0.1081587151 0.9858701825 0.1279127300 0.9409652352 0.0600084364 0.3331416845
-266.4 -106.5 2395.3 -0.9967921972 0.0281927958 0.0749035180 0.0095777418 0.9711960554 -0.2380891442 -0.0794584081 -0.2366079837 -0.9683506489
-277.5 -486.7 2487.9 -0.9967921972 -0.0133316284 0.0789153948 0.0095777418 0.9590722322 0.2829994559 -0.0794584081 0.2828474641 -0.9558680058
-285.4 -211.7 2074.2 0 0 0 0 0 0 0 0 0
-10.8 469.0 2599.9 0 0 0 0 0 0 0 0 0
-407.2 -853.0 2221.5 0 0 0 0 0 0 0 0 0
-273.4 -781.4 2401.0 0 0 0 0 0 0 0 0 0
-250.8 485.0 2340.0 39 0.4862652123 0.0985213220 -0.8682394028 -0.0947532356 0.9937096238 0.0596913472 0.8686587214 0.0532426648 0.4925416410
-270.2 289.8 2329.6 0.4862652123 0.0985213220 -0.8682394028 -0.0947532356 0.9937096238 0.0596913472 0.8686587214 0.0532426648 0.4925416410
-289.7 95.2 2319.9 0.4865527749 0.0997762904 -0.8679349422 -0.0918711647 0.9937922359 0.0627428740 0.8688072562 0.0492104739 0.4926989377
-339.4 302.9 2205.9 0.1195082739 0.2478440851 -0.9614005685 0.9633501768 0.2052827477 0.1726714522 0.2401545495 -0.9468010664 -0.2142276615
-372.2 38.4 2140.0 -0.3195547163 0.2118868381 -0.9235739112 0.9169763923 0.3148108125 -0.2450479269 0.2388286144 -0.9252016544 -0.2948945165
-200.9 276.7 2453.2 -0.0212050900 -0.4833801389 -0.8751537204 0.4409463108 0.7810919285 -0.4421105087 0.8972829580 -0.3952707946 0.1965815723
-202.7 314.9 2531.0 0.7495636344 -0.4833801389 -0.4522145689 0.6025439501 0.7810919285 0.1638175100 0.2740350366 -0.3952707946 0.8767358661
-352.7 -89.8 2232.5 0.3299533129 -0.0116601940 -0.9439252615 0.0321281962 0.9994831085 -0.0011159391 0.9434503913 -0.0299584065 0.3301573992
-348.1 -481.2 2244.3 0.3107672334 0.1584781557 -0.9371811152 -0.1074276939 0.9855402708 0.1310329437 0.9443956017 0.0599584542 0.3232985735
-263.4 -106.9 2388.3 -0.9963836074 0.0354751684 0.0772089511 0.0130240712 0.9616996646 -0.2737958133 -0.0839647725 -0.2718000710 -0.9586837888
-277.3 -483.3 2494.6 -0.9963836074 -0.0128555112 0.0839907452 0.0130240712 0.9537001848 0.3004768491 -0.0839647725 0.3004840910 -0.9500837922
-285.2 -211.4 2074.9 0 0 0 0 0 0 0 0 0
-10.8 469.2 2601.1 0 0 0 0 0 0 0 0 0
-407.8 -852.4 2221.7 0 0 0 0 0 0 0 0 0
-273.3 -782.9 2400.2 0 0 0 0 0 0 0 0 0
-251.0 485.1 2339.7 40 0.4725594819 0.0899262428 -0.8766987920 -0.0887220055 0.9945809841 0.0541947857 0.8768215179 0.0521722138 0.4779770970
-268.6 290.0 2329.4 0.4725594819 0.0899262428 -0.8766987920 -0.0887220055 0.9945809841 0.0541947857 0.8768215179 0.0521722138 0.4779770970
-287.0 95.2 2319.8 0.4726208150 0.0936627761 -0.8762744069 -0.0880573317 0.9943788648 0.0587927215 0.8768554330 0.0493757203 0.4782118499
-335.9 302.5 2204.6 0.1324259341 0.2619251609 -0.9559594989 0.9611006975 0.2019112557 0.1884601861 0.2423814386 -0.9437304139 -0.2249981761
-371.3 45.8 2139.8 -0.2971486747 0.2334750444 -0.9258466959 0.9287073612 0.2959347069 -0.2234396040 0.2218225747 -0.9262354374 -0.3047665954
-201.3 277.4 2454.3 -0.0213518236 -0.4613603354 -0.8869558573 0.4664680362 0.7800781131 -0.4169960022 0.8842803240 -0.4226402044 0.1985537708
-203.2 317.7 2530.7 0.7777631283 -0.4613603354 -0.4268854260 0.5848130584 0.7800781131 0.2224225104 0.2303870767 -0.4226402044 0.8765255809
-353.1 -91.2 2231.9 0.3141571581 -0.0122281006 -0.9492922425 0.0349017456 0.9993898869 -0.0013230977 0.9487292171 -0.0327162966 0.3143922687
-348.3 -482.6 2244.7 0.2936396897 0.1581913233 -0.9427360296 -0.1151142120 0.9848868251 0.1294089109 0.9489596486 0.0705227256 0.3074119389
-265.3 -107.8 2388.7 -0.9949455261 0.0343613736 0.0943540409 0.0087429406 0.9657053947 -0.2594929934 -0.1000347435 -0.2573564649 -0.9611247182
-278.7 -485.9 2489.5 -0.9949455261 -0.0203711912 0.0983280391 0.0087429406 0.9579136968 0.2869231701 -0.1000347435 0.2863326073 -0.9528938532
-290.4 -207.2 2079.4 0 0 0 0 0 0 0 0 0
-4.3 467.3 2589.6 0 0 0 0 0 0 0 0 0
-407.9 -853.6 2218.1 0 0 0 0 0 0 0 0 0
-272.5 -781.6 2401.1 0 0 0 0 0 0 0 0 0
-250.8 486.7 2338.5 41 0.4842846096 0.0860748813 -0.8706661463 -0.0799400061 0.9953393936 0.0539357178 0.8712508082 0.0434808172 0.4889083803
-267.7 291.2 2329.9 0.4842846096 0.0860748813 -0.8706661463 -0.0799400061 0.9953393936 0.0539357178 0.8712508082 0.0434808172 0.4889083803
-284.4 96.2 2322.0 0.4845243394 0.0853256285 -0.8706064820 -0.0771554783 0.9955213666 0.0546283312 0.8713685870 0.0407033078 0.4889376760
-336.7 302.2 2205.8 0.1287827194 0.2495543659 -0.9597591758 0.9607708454 0.2083237916 0.1830863506 0.2456306666 -0.9456869364 -0.2129360437
-371.4 43.7 2139.7 -0.3098394871 0.2208592743 -0.9247814417 0.9242106080 0.2983286977 -0.2384004146 0.2232358903 -0.9285586476 -0.2965545058
-198.7 280.2 2454.0 -0.0165372211 -0.4425684810 -0.8965821862 0.4792663157 0.7834697366 -0.3955741823 0.8775137067 -0.4362433553 0.1991517544
-200.1 321.1 2528.9 0.7881827354 -0.4425684810 -0.4276694357 0.5718725324 0.7834697366 0.2431808561 0.2274418920 -0.4362433553 0.8706101179
-348.0 -91.6 2230.9 0.3259886205 0.0037419572 -0.9453662634 0.0337115899 0.9993101358 0.0155801736 0.9447724223 -0.0369487591 0.3256375790
-349.5 -483.0 2245.4 0.3064750135 0.1526510119 -0.9395588040 -0.1162434891 0.9856715202 0.1222254932 0.9447541833 0.0717585310 0.3198283911
-262.6 -107.5 2389.3 -0.9934102297 0.0403613299 0.1072709486 0.0111333290 0.9654982686 -0.2601713836 -0.1140707731 -0.2572626472 -0.9595852494
-278.4 -485.6 2490.1 -0.9934102297 -0.0221936386 0.1124434769 0.0111333290 0.9577469826 0.2873964310 -0.1140707731 0.2867544293 -0.9511886239
-287.1 -207.8 2079.0 0 0 0 0 0 0 0 0 0
1.5 467.4 2587.1 0 0 0 0 0 0 0 0 0
-407.0 -854.2 2218.4 0 0 0 0 0 0 0 0 0
-271.5 -783.9 2400.7 0 0 0 0 0 0 0 0 0
-251.0 485.2 2338.9 42 0.4882915914 0.0862065926 -0.8684121966 -0.0845835805 0.9950988889 0.0512229465 0.8685717583 0.0484416820 0.4931900799
-267.9 289.7 2329.4 0.4882915914 0.0862065926 -0.8684121966 -0.0845835805 0.9950988889 0.0512229465 0.8685717583 0.0484416820 0.4931900799
-284.2 94.7 2321.5 0.4890447259 0.0831104666 -0.8682902455 -0.0757281035 0.9957371354 0.0526572242 0.8689652085 0.0400022306 0.4932537973
-337.6 300.5 2205.5 0.1231760457 0.2449316382 -0.9616840482 0.9607665539 0.2132335752 0.1773670614 0.2485061288 -0.9458011985 -0.2090568542
-370.0 47.6 2140.1 -0.2924240530 0.2251802981 -0.9293987155 0.9333758354 0.2786819041 -0.2261546850 0.2080810368 -0.9336113930 -0.2916711271
-198.2 278.9 2453.2 -0.0213885326 -0.4366039336 -0.8993995786 0.4871306717 0.7810444832 -0.3907341361 0.8730671406 -0.4464823604 0.1959777772
-200.1 322.6 2531.4 0.8009505868 -0.4366039336 -0.4097013175 0.5634632707 0.7810444832 0.2692184746 0.2024531066 -0.4464823604 0.8715883493
-344.9 -91.8 2235.3 0.3305011690 0.0103104496 -0.9437492490 0.0161190312 0.9997327924 0.0165669564 0.9436679482 -0.0206877235 0.3302466571
-348.9 -483.3 2243.4 0.3145356476 0.1527968645 -0.9368673563 -0.1021749154 0.9866754413 0.1266169250 0.9437307119 0.0558988079 0.3259566128
-257.4 -105.7 2392.7 -0.9902833104 0.0535906516 0.1283240318 0.0187306274 0.9657563567 -0.2587737441 -0.1377975941 -0.2538557053 -0.9573761821
-278.3 -483.9 2492.1 -0.9902833104 -0.0226955786 0.1372003108 0.0187306274 0.9558347464 0.2933072746 -0.1377975941 0.2930271327 -0.9461220503
-290.5 -206.1 2083.6 0 0 0 0 0 0 0 0 0
4.8 466.7 2583.2 0 0 0 0 0 0 0 0 0
-406.5 -854.9 2222.3 0 0 0 0 0 0 0 0 0
-271.2 -784.5 2400.0 0 0 0 0 0 0 0 0 0
-251.1 486.7 2345.1 43 0.4698942602 0.0889450908 -0.8782301545 -0.0940953866 0.9942889810 0.0503538176 0.8776932359 0.0589764342 0.4755800068
-268.6 291.0 2333.5 0.4698942602 0.0889450908 -0.8782301545 -0.0940953866 0.9942889810 0.0503538176 0.8776932359 0.0589764342 0.4755800068
-285.5 96.1 2323.6 0.4706817567 0.0860942602 -0.8780925274 -0.0851455331 0.9950149655 0.0519177988 0.8781850338 0.0503288917 0.4756659269
-335.7 303.1 2208.4 0.1260261834 0.2646611333 -0.9560710788 0.9585413933 0.2157987654 0.1860895753 0.2555696368 -0.9398858547 -0.2264923602
-369.2 48.1 2140.4 -0.2936576009 0.2433283031 -0.9244222641 0.9323010445 0.2865069509 -0.2207454741 0.2111397833 -0.9266633987 -0.3109901845
-201.6 278.9 2458.6 0.0446310379 -0.4159793854 -0.9082781672 0.5405255556 0.7746617198 -0.3282244503 0.8401429653 -0.4762985706 0.2594214678
-197.9 323.7 2528.2 0.7982469797 -0.4159793854 -0.4356178641 0.5619537830 0.7746617198 0.2900123298 0.2168173343 -0.4762985706 0.8521325588
-344.6 -93.5 2235.1 0.3111091554 0.0122417361 -0.9502953291 0.0161627810 0.9997042418 0.0181696191 0.9502367377 -0.0210121498 0.3108192980
-349.4 -485.1 2243.4 0.2952825725 0.1513568610 -0.9433447123 -0.1012362242 0.9867697954 0.1266356707 0.9500312805 0.0581073500 0.3066987395
-256.2 -107.2 2392.2 -0.9893532395 0.0571102016 0.1338602304 0.0195685737 0.9636372328 -0.2664965093 -0.1442123652 -0.2610397339 -0.9544951916
-278.6 -484.6 2494.5 -0.9893532395 -0.0251076724 0.1433518082 0.0195685737 0.9531106353 0.3019886911 -0.1442123652 0.3015786707 -0.9424718022
-289.4 -205.4 2083.0 0 0 0 0 0 0 0 0 0
6.5 467.5 2583.7 0 0 0 0 0 0 0 0 0
-406.4 -856.7 2221.5 0 0 0 0 0 0 0 0 0
-270.7 -784.9 2399.4 0 0 0 0 0 0 0 0 0
-251.2 485.6 2341.2 44 0.4570594728 0.0892519355 -0.8849467635 -0.0712084994 0.9954307079 0.0636169314 0.8865810633 0.0339390114 0.4613265097
-268.8 290.1 2334.5 0.4570594728 0.0892519355 -0.8849467635 -0.0712084994 0.9954307079 0.0636169314 0.8865810633 0.0339390114 0.4613265097
-285.8 95.1 2328.7 0.4574908614 0.0867676511 -0.8849709034 -0.0663283691 0.9957851768 0.0633436814 0.8867371082 0.0297195185 0.4613177776
-333.9 299.5 2208.2 0.1442155689 0.2810807526 -0.9487863183 0.9552766085 0.2105988264 0.2075926214 0.2581635714 -0.9362914562 -0.2381382436
-370.8 55.3 2142.2 -0.2927183807 0.2577878833 -0.9207938910 0.9328212142 0.2886194289 -0.2157391906 0.2101440579 -0.9220868945 -0.3249542117
-203.6 280.6 2460.8 0.0196473878 -0.4158238769 -0.9092329144 0.4995708168 0.7918284535 -0.3513356149 0.8660502434 -0.4473233819 0.2232908309
-201.9 322.5 2533.4 0.8204484582 -0.4158238769 -0.3923708498 0.5388267040 0.7918284535 0.2875299454 0.1911285669 -0.4473233819 0.8737114072
-344.8 -91.0 2234.4 0.2968567908 0.0092644766 -0.9548770785 0.0232502855 0.9995864034 0.0169264190 0.9546388984 -0.0272258855 0.2965186238
-348.5 -482.6 2245.0 0.2790805399 0.1577301025 -0.9472250342 -0.1027958617 0.9856566787 0.1338429600 0.9547497630 0.0600178428 0.2912916243
-259.8 -106.4 2393.1 -0.9920672178 0.0467395820 0.1166966110 0.0149558764 0.9656002522 -0.2596006393 -0.1248159036 -0.2557959855 -0.9586393237
-278.1 -484.6 2493.3 -0.9920672178 -0.0227621868 0.1236307845 0.0149558764 0.9551134706 0.2958624363 -0.1248159036 0.2953644097 -0.9471963048
-291.2 -198.3 2085.1 0 0 0 0 0 0 0 0 0
8.0 460.3 2582.3 0 0 0 0 0 0 0 0 0
-407.9 -853.8 2222.4 0 0 0 0 0 0 0 0 0
-270.9 -783.5 2400.8 0 0 0 0 0 0 0 0 0
-251.1 484.9 2339.2 45 0.4808300436 0.0873998180 -0.8724470139 -0.0755884945 0.9954471588 0.0580627620 0.8735495806 0.0380286351 0.4852473438
-268.3 289.0 2331.7 0.4808300436 0.0873998180 -0.8724470139 -0.0755884945 0.9954471588 0.0580627620 0.8735495806 0.0380286351 0.4852473438
-284.5 93.9 2325.4 0.4814668000 0.0827556923 -0.8725486994 -0.0681359693 0.9960536957 0.0568723716 0.8738119006 0.0320697911 0.4852054417
-336.9 298.6 2207.3 0.1258632988 0.2555952370 -0.9585559368 0.9574072957 0.2218089253 0.1848569661 0.2598648369 -0.9409951568 -0.2167911232
-369.4 51.6 2140.2 -0.2890582383 0.2357701510 -0.9278241992 0.9325433969 0.2883867025 -0.2172462791 0.2163519710 -0.9280331731 -0.3032264411
-199.7 279.3 2456.2 -0.0632473901 -0.3514325917 -0.9340743423 0.5144720078 0.7905207872 -0.3322581053 0.8551715016 -0.5015695691 0.1308038533
-205.1 322.9 2528.8 0.8246312737 -0.3514325917 -0.4432588816 0.5150284171 0.7905207872 0.3313949704 0.2339423746 -0.5015695691 0.8328859210
-344.1 -93.9 2242.7 0.3221258223 0.0134801297 -0.9466009140 0.0015698220 0.9998896122 0.0147731975 0.9466955662 -0.0062448233 0.3220691085
-349.4 -485.5 2245.2 0.3071391881 0.1538244188 -0.9391504526 -0.1069745198 0.9861762524 0.1265419424 0.9456331134 0.0615991764 0.3193486631
-261.4 -105.9 2403.0 -0.9948683381 0.0391322188 0.0933040529 0.0173005164 0.9743906260 -0.2241953313 -0.0996878594 -0.2214306295 -0.9700674415
-276.8 -487.3 2489.7 -0.9948325157 -0.0150054833 0.1004147604 0.0147977285 0.9570279121 0.2896180451 -0.1004455909 0.2896073461 -0.9518604279
-290.8 -201.9 2081.4 0 0 0 0 0 0 0 0 0
5.7 454.6 2588.6 0 0 0 0 0 0 0 0 0
-407.3 -856.9 2222.0 0 0 0 0 0 0 0 0 0
-272.1 -782.6 2400.3 0 0 0 0 0 0 0 0 0
-251.3 485.0 2345.8 46 0.4288967550 0.0852661505 -0.8993204236 -0.0832775384 0.9950281382 0.0546243079 0.8995067477 0.0514650047 0.4338651299
-268.1 288.7 2335.6 0.4288967550 0.0852661505 -0.8993204236 -0.0832775384 0.9950281382 0.0546243079 0.8995067477 0.0514650047 0.4338651299
-284.5 93.8 2326.7 0.4294080436 0.0839495137 -0.8992003202 -0.0772635192 0.9954346418 0.0560372099 0.8997994661 0.0454125553 0.4339338839
-329.2 299.7 2207.6 0.1537816972 0.3075973988 -0.9390074611 0.9527333379 0.2058320045 0.2234554589 0.2620120943 -0.9289870858 -0.2614051104
-370.1 46.5 2138.0 -0.2977956533 0.2821422815 -0.9119832516 0.9325554967 0.2902307212 -0.2147239149 0.2041028738 -0.9144188762 -0.3495427966
-207.0 277.7 2463.6 -0.0264981892 -0.2120343447 -0.9769029021 0.6406707168 0.7465592027 -0.1794168204 0.7673583627 -0.6306272745 0.1160617322
-209.2 330.0 2526.2 0.8435846567 -0.2120343447 -0.4933623374 0.4655965567 0.7465592027 0.4752569795 0.2675533891 -0.6306272745 0.7285083532
-344.3 -95.0 2240.2 0.2665218413 0.0098061040 -0.9637789726 0.0082706120 0.9998881817 0.0124606425 0.9637933969 -0.0112920748 0.2664109170
-348.1 -486.7 2244.6 0.2513417602 0.1640868038 -0.9538882971 -0.0909261256 0.9851697683 0.1455095261 0.9636180401 0.0501607470 0.2625340819
-257.3 -107.3 2398.1 -0.9953545928 0.0459072813 0.0846268609 0.0231479779 0.9673245549 -0.2524824142 -0.0934524238 -0.2493505776 -0.9638936520
-275.2 -485.9 2495.7 -0.9953545928 -0.0069836918 0.0960229784 0.0231479779 0.9507495165 0.3090946674 -0.0934524238 0.3098815382 -0.9461712837
-289.3 -206.4 2082.6 0 0 0 0 0 0 0 0 0
6.3 448.9 2594.5 0 0 0 0 0 0 0 0 0
-409.9 -857.7 2225.7 0 0 0 0 0 0 0 0 0
-273.0 -781.9 2399.2 0 0 0 0 0 0 0 0 0
-250.2 484.9 2341.5 47 0.4213517904 0.0917938501 -0.9022397399 -0.0789490193 0.9948000908 0.0643412396 0.9034543037 0.0441206507 0.4264078438
-268.2 289.6 2332.9 0.4213517904 0.0917938501 -0.9022397399 -0.0789490193 0.9948000908 0.0643412396 0.9034543037 0.0441206507 0.4264078438
-285.4 94.6 2324.8 0.4217328429 0.0880113989 -0.9024385810 -0.0747313350 0.9952656627 0.0621405914 0.9036352038 0.0412337109 0.4263134599
-328.2 300.2 2204.2 0.1575713903 0.3144043386 -0.9361202717 0.9557626247 0.1898714453 0.2246476859 0.2483727187 -0.9301068187 -0.2705776095
-370.5 43.5 2137.5 -0.3035806119 0.2848334610 -0.9092352390 0.9320745468 0.2867585123 -0.2213743329 0.1976761222 -0.9146800041 -0.3525403142
-208.1 278.9 2461.5 -0.0567561835 -0.2982219756 -0.9528076053 0.5536539555 0.7847593427 -0.2786037624 0.8308104873 -0.5433381796 0.1205718294
-213.1 327.2 2533.9 0.8520205617 -0.2982219756 -0.4302610755 0.4754637778 0.7847593427 0.3976014555 0.2190779150 -0.5433381796 0.8104248643
-339.6 -94.2 2236.6 0.2586400807 0.0269884802 -0.9655966759 0.0082299178 0.9995117784 0.0301408358 0.9659386873 -0.0157424100 0.2582916915
-350.2 -485.6 2242.8 0.2453864366 0.1550201327 -0.9569504857 -0.0831579641 0.9868592024 0.1385413408 0.9658520818 0.0455818921 0.2550530136
-262.1 -108.1 2399.0 -0.9968080521 0.0348211601 0.0718418285 0.0161808524 0.9693104029 -0.2453070581 -0.0781789050 -0.2433615774 -0.9667798281
-275.7 -487.7 2494.2 -0.9968080521 -0.0084135504 0.0793912709 0.0161808524 0.9525017142 0.3041030169 -0.0781789050 0.3044169545 -0.9493252039
-288.3 -209.1 2083.9 0 0 0 0 0 0 0 0 0
4.6 448.6 2589.9 0 0 0 0 0 0 0 0 0
-408.5 -857.3 2225.6 0 0 0 0 0 0 0 0 0
-273.1 -781.2 2400.4 0 0 0 0 0 0 0 0 0
-249.0 488.8 2345.9 48 0.4253624678 0.0931536406 -0.9002161622 -0.0981612876 0.9935692549 0.0564314052 0.8996838927 0.0643625781 0.4317711592
-267.3 294.2 2333.3 0.4253624678 0.0931536406 -0.9002161622 -0.0981612876 0.9935692549 0.0564314052 0.8996838927 0.0643625781 0.4317711592
-284.9 99.5 2321.2 0.4257196486 0.0901572630 -0.9003524184 -0.0942883715 0.9940270185 0.0549544208 0.8999291658 0.0614975840 0.4316776395
-327.9 307.6 2205.1 0.1550163329 0.3072991967 -0.9389020801 0.9570055008 0.1891517043 0.2199139297 0.2451743037 -0.9326246977 -0.2647654116
-370.9 42.0 2137.1 -0.3078773916 0.2763546407 -0.9104062915 0.9300949574 0.2889088094 -0.2268371135 0.2003368884 -0.9166023135 -0.3459845483
-206.6 280.8 2461.4 -0.0624836348 -0.3379176259 -0.9390993118 0.4912931919 0.8086263537 -0.3236578703 0.8687501550 -0.4815964103 0.1154907122
-212.3 325.1 2539.9 0.8566774726 -0.3379176259 -0.3897632062 0.4761677086 0.8086263537 0.3455253243 0.1984137148 -0.4815964103 0.8536374569
-340.7 -93.5 2235.1 0.2636274695 0.0198620912 -0.9644200802 0.0102208229 0.9996743798 0.0233820435 0.9645704031 -0.0160213150 0.2633385956
-348.5 -485.1 2241.4 0.2494791448 0.1604812145 -0.9549900293 -0.0840580687 0.9860391021 0.1437397450 0.9647250175 0.0444145501 0.2594859302
-264.5 -107.0 2398.3 -0.9970046878 0.0318018124 0.0705005750 0.0120968195 0.9644522667 -0.2639800310 -0.0763894841 -0.2623364925 -0.9619481564
-277.0 -484.7 2501.0 -0.9970046878 -0.0128711145 0.0762628391 0.0120968195 0.9479677677 0.3181364238 -0.0763894841 0.3181060255 -0.9449725747
-287.4 -210.3 2082.7 0 0 0 0 0 0 0 0 0
6.8 446.9 2590.6 0 0 0 0 0 0 0 0 0
-408.9 -856.5 2224.6 0 0 0 0 0 0 0 0 0
-272.9 -781.8 2401.3 0 0 0 0 0 0 0 0 0
-247.5 489.1 2342.1 49 0.4195052385 0.1015204713 -0.9020581841 -0.0953038931 0.9931603074 0.0674519911 0.9027361274 0.0576731935 0.4263112545
-267.4 294.4 2330.8 0.4195052385 0.1015204713 -0.9020581841 -0.0953038931 0.9931603074 0.0674519911 0.9027361274 0.0576731935 0.4263112545
-286.0 99.7 2319.6 0.4198377132 0.0952440128 -0.9025878906 -0.0919464007 0.9938254952 0.0621029399 0.9029297829 0.0569165535 0.4260027707
-327.2 307.4 2202.1 0.1578830332 0.3134638071 -0.9363831282 0.9582824707 0.1801672429 0.2218882889 0.2382595241 -0.9323519468 -0.2719415426
-371.1 41.0 2135.9 -0.3070964813 0.2796885967 -0.9096515775 0.9301937819 0.2901695967 -0.2248136550 0.2010754198 -0.9151917100 -0.3492746651
-207.6 281.3 2459.4 -0.0203296077 -0.4631324410 -0.8860558867 0.3453445435 0.8284379244 -0.4409396648 0.9382557273 -0.3149586916 0.1430984437
-209.5 313.3 2546.5 0.8232105374 -0.4631324410 -0.3283790350 0.5337592363 0.8284379244 0.1696812063 0.1934567541 -0.3149586916 0.9291800261
-341.0 -86.6 2227.9 0.2584826052 0.0183620825 -0.9658413529 0.0385291837 0.9988278151 0.0293005481 0.9652472138 -0.0447867624 0.2574721575
-348.2 -477.7 2245.4 0.2396370620 0.1542287767 -0.9585340619 -0.0972899422 0.9861465693 0.1343488097 0.9659755230 0.0610607676 0.2513221800
-264.1 -103.6 2390.5 -0.9969442487 0.0331925340 0.0707139522 0.0115161613 0.9577946067 -0.2872227728 -0.0772630945 -0.2855307162 -0.9552500248
-277.1 -478.6 2502.3 -0.9969442487 -0.0137742870 0.0768926293 0.0115161613 0.9476603866 0.3190724254 -0.0772630945 0.3189828992 -0.9446058869
-287.6 -211.9 2081.2 0 0 0 0 0 0 0 0 0
0.8 449.6 2595.9 0 0 0 0 0 0 0 0 0
-406.3 -849.0 2222.4 0 0 0 0 0 0 0 0 0
-272.7 -780.9 2400.5 0 0 0 0 0 0 0 0 0
-245.3 489.0 2339.7 50 0.4382825196 0.1053646281 -0.8926402926 -0.0961374491 0.9929038882 0.0699963719 0.8936811686 0.0551379733 0.4453019202
-266.1 293.4 2328.8 0.4382825196 0.1053646281 -0.8926402926 -0.0961374491 0.9929038882 0.0699963719 0.8936811686 0.0551379733 0.4453019202
-285.8 98.9 2318.7 0.4388273060 0.1008253545 -0.8928968906 -0.0908889249 0.9935691357 0.0675245002 0.8939629793 0.0515228398 0.4451691806
-328.6 306.4 2201.5 0.1522979140 0.2958838940 -0.9430047870 0.9589372873 0.1867411137 0.2134642750 0.2392584085 -0.9367926717 -0.2552938163
-370.8 40.2 2135.1 -0.3062747717 0.2645856440 -0.9144343734 0.9300349951 0.2880671322 -0.2281495929 0.2030533701 -0.9203324318 -0.3343016207
-203.5 280.5 2456.2 0.0508819893 -0.6060922146 -0.7937652469 0.1942157745 0.7856262922 -0.5874279141 0.9796383381 -0.1242722273 0.1576869041
-198.4 300.1 2554.9 0.7670397758 -0.6060922146 -0.2104809582 0.6186528206 0.7856262922 -0.0077471994 0.1700548828 -0.1242722273 0.9775672555
-342.6 -86.6 2226.9 0.2794469595 0.0123981014 -0.9600811005 0.0414185300 0.9988301992 0.0249540191 0.9592673779 -0.0467384718 0.2786065638
-347.5 -477.8 2245.2 0.2598906457 0.1577682644 -0.9526625872 -0.0977890790 0.9857910275 0.1365772784 0.9606738091 0.0576648414 0.2716258764
-266.8 -103.2 2390.1 -0.9986081123 0.0215633325 0.0481337197 0.0075765690 0.9617901444 -0.2736829221 -0.0521960519 -0.2729372978 -0.9606148005
-275.2 -479.8 2496.9 -0.9986081123 -0.0085658496 0.0520428531 0.0075765690 0.9531926513 0.3022687435 -0.0521960519 0.3022423387 -0.9518010020
-287.5 -213.0 2079.8 0 0 0 0 0 0 0 0 0
-3.3 457.4 2598.2 0 0 0 0 0 0 0 0 0
-406.9 -849.0 2223.5 0 0 0 0 0 0 0 0 0
-272.5 -780.8 2401.5 0 0 0 0 0 0 0 0 0
-244.5 487.4 2339.0 51 0.4247516394 0.1149648279 -0.8979805708 -0.1029407904 0.9916040897 0.0782592967 0.8994382620 0.0591980666 0.4330200255
-267.2 291.5 2327.3 0.4247516394 0.1149648279 -0.8979805708 -0.1029407904 0.9916040897 0.0782592967 0.8994382620 0.0591980666 0.4330200255
-289.0 97.2 2316.7 0.4254616499 0.1112494245 -0.8981124163 -0.0967139378 0.9923213124 0.0771029368 0.8997937441 0.0540556498 0.4329540133
-327.8 305.3 2199.1 0.1546908021 0.3100481033 -0.9380516410 0.9593327641 0.1797812730 0.2176221162 0.2361174524 -0.9335678220 -0.2696287930
-370.7 39.7 2133.7 -0.3061413467 0.2771099210 -0.9107620716 0.9309318662 0.2872343659 -0.2255267799 0.1991064698 -0.9169005156 -0.3459047675
-206.6 277.7 2455.5 0.1806206703 -0.6948630214 -0.6960901618 0.1352271587 0.7185535431 -0.6821982265 0.9742124081 0.0290888119 0.2237499803
-185.3 293.7 2570.6 0.7129571438 -0.6948630214 -0.0941141620 0.6830294728 0.7185535431 -0.1309637725 0.1586279571 0.0290888119 0.9869098067
-345.2 -87.5 2227.9 0.2667237520 0.0052289329 -0.9637588263 0.0393270589 0.9990933537 0.0163045488 0.9629703164 -0.0422506109 0.2662762702
-347.2 -478.8 2244.4 0.2479189783 0.1601501256 -0.9554517865 -0.0902858600 0.9857686758 0.1418045461 0.9645645022 0.0511077456 0.2588500679
-265.9 -104.0 2389.4 -0.9975888729 0.0272992458 0.0638056472 0.0083559947 0.9599438906 -0.2800676525 -0.0688954815 -0.2788591981 -0.9578574896
-276.6 -479.9 2498.6 -0.9975888729 -0.0134829395 0.0680780411 0.0083559947 0.9504751563 0.3106882274 -0.0688954815 0.3105079830 -0.9480707645
-287.4 -213.6 2079.6 0 0 0 0 0 0 0 0 0
-3.9 467.4 2610.9 0 0 0 0 0 0 0 0 0
-407.5 -850.1 2225.2 0 0 0 0 0 0 0 0 0
-272.3 -782.4 2399.8 0 0 0 0 0 0 0 0 0
-243.3 487.2 2338.1 52 0.4065986574 0.1172962785 -0.9060458541 -0.1026450247 0.9913099408 0.0822713748 0.9078224301 0.0595496744 0.4151051641
-266.5 291.1 2326.4 0.4065986574 0.1172962785 -0.9060458541 -0.1026450247 0.9913099408 0.0822713748 0.9078224301 0.0595496744 0.4151051641
-288.8 96.9 2315.3 0.4071221054 0.1136080176 -0.9062807560 -0.0981490090 0.9919304848 0.0802539662 0.9080849886 0.0562773906 0.4149873555
-324.5 305.1 2197.0 0.1641647965 0.3278147876 -0.9303694963 0.9583889842 0.1702906489 0.2291106135 0.2335390747 -0.9292677641 -0.2862183452
-369.0 45.3 2133.7 -0.3018115461 0.2929081023 -0.9072566628 0.9328199625 0.2872378826 -0.2175806761 0.1968673468 -0.9119754434 -0.3599222302
-208.5 277.2 2455.7 0.2464333028 -0.7387425900 -0.6273196936 0.0937103480 0.6624121070 -0.7432553768 0.9646185637 0.1243765280 0.2324682325
