-234.0 482.5 2354.2 9 0.5348510146 0.1044320166 -0.8384678960 -0.0540602766 0.9945289493 0.0893850252 0.8432152271 -0.0024798638 0.5375704169
-254.4 288.0 2354.7 0.5348510146 0.1044320166 -0.8384678960 -0.0540602766 0.9945289493 0.0893850252 0.8432152271 -0.0024798638 0.5375704169
-274.5 93.2 2355.7 0.5351961851 0.1023178622 -0.8385082483 -0.0507391468 0.9947387576 0.0889963135 0.8432025909 -0.0050852951 0.5375719070
-330.7 295.3 2234.5 0.1768338680 0.0666440725 -0.9819818735 0.9560940862 0.2252619416 0.1874598563 0.2336962223 -0.9720162749 -0.0238840654
-376.0 50.4 2174.7 -0.2682816982 0.0608884990 -0.9614143372 0.9376417994 0.2454836220 -0.2461009771 0.2210267484 -0.9674866199 -0.1229503602
-178.2 280.8 2474.9 0.3533550203 -0.7225152850 -0.5942321420 0.7889813185 0.5714699030 -0.2256782055 0.5026417375 -0.3890935183 0.7719828486
-114.7 422.4 2565.1 0.5971423984 -0.7105493546 -0.3722104132 0.7945262790 0.5877065659 0.1527382731 0.1102224216 -0.3869374394 0.9154946208
-343.9 -94.3 2279.8 0.3681140542 0.0252360869 -0.9294381142 -0.0861766860 0.9962546825 -0.0070809228 0.9257783890 0.0827024803 0.3689101338
-353.8 -484.5 2247.4 0.3630421162 0.1513341367 -0.9194011092 -0.1207456961 0.9860433936 0.1146248952 0.9239160419 0.0694000646 0.3762482405
-246.4 -104.3 2431.7 -0.9983847737 0.0448396169 -0.0348884203 0.0500486232 0.9847573042 -0.1665779948 0.0268873349 -0.1680550426 -0.9854108691
-263.9 -490.0 2497.5 -0.9993878007 0.0334922262 -0.0101160789 0.0287284702 0.9505986571 0.3090903759 0.0199684557 0.3086105287 -0.9509788752
-300.5 -213.7 2112.4 0 0 0 0 0 0 0 0 0
32.2 617.9 2592.2 0 0 0 0 0 0 0 0 0
-410.8 -855.9 2221.3 0 0 0 0 0 0 0 0 0
-274.2 -782.3 2402.6 0 0 0 0 0 0 0 0 0
-234.9 480.7 2360.3 0 0.5309501290 0.0986484960 -0.8416414857 -0.0694507435 0.9949253798 0.0728017911 0.8445522785 0.0197985061 0.5351069570
-254.1 287.1 2356.4 0.5309501290 0.0986484960 -0.8416414857 -0.0694507435 0.9949253798 0.0728017911 0.8445522785 0.0197985061 0.5351069570
-273.6 92.2 2353.5 0.5313336253 0.0995878950 -0.8412888050 -0.0656017289 0.9949212670 0.0763420463 0.8446188569 0.0146269035 0.5351682305
-329.8 296.4 2236.0 0.1782053560 0.0674173310 -0.9816811085 0.9554299712 0.2267760336 0.1890138835 0.2353645563 -0.9716107845 -0.0239998326
-375.1 53.8 2176.3 -0.2600361109 0.0616589151 -0.9636282325 0.9392502308 0.2476913780 -0.2376088351 0.2240317017 -0.9668749571 -0.1223218516
-178.4 277.7 2476.7 0.3558289409 -0.7598180175 -0.5441161394 0.7655758858 0.5709079504 -0.2965765297 0.5359843969 -0.3110316992 0.7848439217
-115.0 414.0 2572.2 0.5882363319 -0.7598180175 -0.2768657207 0.8074324131 0.5709079504 0.1487179995 0.0450662337 -0.3110316992 0.9493304491
-342.9 -97.0 2280.5 0.3644734025 0.0296471175 -0.9307417274 -0.0833497271 0.9965199828 -0.0008969338 0.9274761081 0.0779039785 0.3656761050
-354.5 -487.4 2250.0 0.3573235273 0.1472884417 -0.9222939014 -0.1345693171 0.9853024483 0.1052147001 0.9242353439 0.0865167752 0.3718922734
-246.1 -106.2 2432.9 -0.9985150099 0.0447705686 -0.0310384631 0.0495605506 0.9830766320 -0.1763634682 0.0226172954 -0.1776398569 -0.9838356376
-263.7 -491.3 2502.5 -0.9994871020 0.0315613337 -0.0054241037 0.0281243660 0.9460970163 0.3226599991 0.0153153082 0.3223419785 -0.9464994073
-301.9 -210.6 2113.2 0 0 0 0 0 0 0 0 0
32.4 616.3 2583.5 0 0 0 0 0 0 0 0 0
-410.0 -858.4 2217.4 0 0 0 0 0 0 0 0 0
-273.3 -780.6 2403.9 0 0 0 0 0 0 0 0 0
-234.7 482.1 2356.3 1 0.5281603932 0.1008901224 -0.8431297541 -0.0592038333 0.9948754907 0.0819612741 0.8470782042 0.0066278148 0.5314269066
-254.4 287.9 2355.0 0.5281603932 0.1008901224 -0.8431297541 -0.0592038333 0.9948754907 0.0819612741 0.8470782042 0.0066278148 0.5314269066
-273.9 93.0 2354.2 0.5284626484 0.0996870026 -0.8430834413 -0.0562053919 0.9950114489 0.0824203789 0.8470939398 0.0038297463 0.5314293504
-329.7 295.9 2234.3 0.1827770621 0.0720581114 -0.9805101752 0.9552543759 0.2228868902 0.1944491863 0.2325544953 -0.9721775055 -0.0280952137
-375.3 57.9 2176.3 -0.2544367313 0.0645520538 -0.9649326205 0.9400417805 0.2508333325 -0.2310931981 0.2271197140 -0.9658756256 -0.1245028451
-179.1 279.9 2475.7 0.3314890265 -0.6816287041 -0.6523016095 0.7990394831 0.5704553127 -0.1900437921 0.5016481876 -0.4582172930 0.7337478995
-119.1 424.4 2566.4 0.6196631789 -0.6816287041 -0.3891013861 0.7830703259 0.5704553127 0.2477532476 0.0530892126 -0.4582172930 0.8872532845
-341.1 -96.6 2274.3 0.3613300323 0.0440236032 -0.9313981533 -0.0727438778 0.9971713424 0.0189119186 0.9295961261 0.0609200671 0.3635104001
-358.4 -487.2 2250.5 0.3547472954 0.1291889846 -0.9259938002 -0.1273983568 0.9878494143 0.0890125111 0.9262418747 0.0863931403 0.3668953776
-245.1 -108.5 2427.0 -0.9985169768 0.0472449772 -0.0270512644 0.0512229577 0.9836125374 -0.1728658378 0.0184409209 -0.1739951074 -0.9845738411
-263.6 -493.8 2495.2 -0.9993764758 0.0352582894 -0.0018869063 0.0329904892 0.9514711499 0.3059644699 0.0125831217 0.3057114482 -0.9520410299
-303.7 -206.6 2112.4 0 0 0 0 0 0 0 0 0
32.3 615.7 2579.4 0 0 0 0 0 0 0 0 0
-407.0 -859.1 2218.0 0 0 0 0 0 0 0 0 0
-274.1 -777.4 2404.0 0 0 0 0 0 0 0 0 0
-234.9 482.4 2353.8 2 0.5326881409 0.1004096195 -0.8403340578 -0.0556357577 0.9949437380 0.0836160481 0.8444809318 0.0022113435 0.5355810523
-254.5 288.0 2353.3 0.5326881409 0.1004096195 -0.8403340578 -0.0556357577 0.9949437380 0.0836160481 0.8444809318 0.0022113435 0.5355810523
-273.9 93.1 2353.6 0.5330527425 0.0990955681 -0.8402588367 -0.0519988984 0.9950770736 0.0843663588 0.8444826007 -0.0012791847 0.5355814099
-330.5 295.4 2233.0 0.1795507520 0.0663678199 -0.9815074205 0.9575820565 0.2167948037 0.1898332834 0.2253845334 -0.9739586115 -0.0246269628
-374.8 58.8 2177.3 -0.2471874803 0.0559870079 -0.9673488736 0.9398667216 0.2566834092 -0.2253089547 0.2356880307 -0.9648725986 -0.1160692573
-178.5 280.5 2473.7 0.3253183961 -0.7293611169 -0.6018307805 0.7686636448 0.5746592283 -0.2809323072 0.5507487059 -0.3712129891 0.7475805879
-120.7 417.3 2571.6 0.6114581227 -0.7293611169 -0.3068408072 0.7909416556 0.5746592283 0.2101858109 0.0230275560 -0.3712129891 0.9282621741
-341.2 -96.7 2276.9 0.3654731512 0.0356452316 -0.9301391244 -0.0909560621 0.9958519340 0.0024247733 0.9263672829 0.0837156028 0.3671993017
-355.2 -486.7 2244.1 0.3642199337 0.1463381499 -0.9197439551 -0.0995133147 0.9880389571 0.1177969724 0.9259810448 0.0486227684 0.3744260669
-245.7 -106.9 2430.0 -0.9983067513 0.0484827422 -0.0321414359 0.0533834212 0.9830904603 -0.1751667261 0.0231053755 -0.1765859425 -0.9840139747
-264.7 -492.0 2499.2 -0.9993638992 0.0353374034 -0.0047965394 0.0319404565 0.9467737675 0.3203112185 0.0158602037 0.3199542761 -0.9473001957
-305.3 -205.6 2111.0 0 0 0 0 0 0 0 0 0
32.3 615.1 2577.4 0 0 0 0 0 0 0 0 0
-410.2 -858.4 2225.8 0 0 0 0 0 0 0 0 0
-275.4 -779.9 2401.9 0 0 0 0 0 0 0 0 0
-236.0 481.6 2360.0 3 0.5248126388 0.0923699290 -0.8461911678 -0.0649803951 0.9955415130 0.0683717430 0.8487339020 0.0191034805 0.5284749866
-254.0 287.5 2356.3 0.5248126388 0.0923699290 -0.8461911678 -0.0649803951 0.9955415130 0.0683717430 0.8487339020 0.0191034805 0.5284749866
-272.1 92.5 2353.8 0.5253126025 0.0925158188 -0.8458649516 -0.0595960245 0.9956308603 0.0718850717 0.8488197923 0.0126480572 0.5285310149
-328.9 296.0 2235.3 0.1833155602 0.0732825622 -0.9803188443 0.9545909166 0.2249575853 0.1953209639 0.2348437756 -0.9716088176 -0.0287166443
-374.4 59.1 2177.1 -0.2427270412 0.0641309470 -0.9679725170 0.9403423071 0.2607773244 -0.2185212970 0.2384113073 -0.9632665515 -0.1236027554
-179.1 279.0 2477.3 0.3162906170 -0.6411018968 -0.6992486119 0.8198238015 0.5555973649 -0.1385657787 0.4773354530 -0.5294336081 0.7013208270
-122.8 425.0 2562.3 0.6334921718 -0.6411018968 -0.4332159162 0.7725203633 0.5555973649 0.3074473441 0.0435885414 -0.5294336081 0.8472308517
-341.5 -97.1 2277.5 0.3578419685 0.0388563424 -0.9329733849 -0.0823036954 0.9965577722 0.0099369073 0.9301479459 0.0732313171 0.3598082066
-356.7 -487.4 2248.8 0.3527039886 0.1446844041 -0.9244816303 -0.1190970242 0.9868800044 0.1090126038 0.9281249046 0.0716538355 0.3653079867
-245.1 -106.5 2430.2 -0.9983928800 0.0520646572 -0.0223807395 0.0552311726 0.9823924303 -0.1784787178 0.0126942359 -0.1794279963 -0.9836891890
-265.5 -491.3 2500.5 -0.9994017482 0.0340988822 0.0057843826 0.0341439247 0.9460748434 0.3221437633 0.0055122832 0.3221485615 -0.9466730952
-306.1 -205.5 2110.0 0 0 0 0 0 0 0 0 0
32.1 613.8 2572.9 0 0 0 0 0 0 0 0 0
-411.2 -858.8 2221.9 0 0 0 0 0 0 0 0 0
-276.0 -780.6 2402.0 0 0 0 0 0 0 0 0 0
-235.9 482.1 2372.2 4 0.5070432425 0.1005632803 -0.8560339808 -0.0995427668 0.9933569431 0.0577345602 0.8561532497 0.0559380762 0.5136852264
-255.5 288.5 2361.2 0.5070432425 0.1005632803 -0.8560339808 -0.0995427668 0.9933569431 0.0577345602 0.8561532497 0.0559380762 0.5136852264
-274.9 93.9 2352.2 0.5079564452 0.0995006561 -0.8556166291 -0.0904711410 0.9939747453 0.0618802086 0.8566184640 0.0459761620 0.5138978362
-327.9 301.4 2239.3 0.1854938120 0.0896351337 -0.9785487056 0.9516271949 0.2318448573 0.2016275674 0.2449444085 -0.9686142206 -0.0422934406
-375.9 54.7 2175.8 -0.2499289662 0.0757573768 -0.9652959704 0.9332401156 0.2845552266 -0.2192970812 0.2580666244 -0.9556616545 -0.1418184191
-183.1 275.6 2483.2 0.3435100019 -0.6993004084 -0.6268810034 0.8016715646 0.5660420060 -0.1921436489 0.4892071187 -0.4365494251 0.7550503016
-122.5 417.0 2569.5 0.6171224713 -0.6993004084 -0.3607475460 0.7862590551 0.5660420060 0.2477764189 0.0309281070 -0.4365494251 0.8991485238
-337.7 -97.1 2274.6 0.3400407135 0.0453728400 -0.9393154979 -0.0858278126 0.9961640835 0.0170484185 0.9364859462 0.0748222396 0.3426306248
-355.5 -487.3 2245.3 0.3380335271 0.1504444331 -0.9290316701 -0.0992132872 0.9873365760 0.1237868220 0.9358899593 0.0503281876 0.3486789465
-242.7 -107.9 2428.1 -0.9986167550 0.0522747412 -0.0056514288 0.0524670556 0.9836906791 -0.1720460355 -0.0034344033 -0.1721045673 -0.9850726724
-263.2 -493.2 2495.5 -0.9989078641 0.0424277447 0.0195707995 0.0464087613 0.9495114684 0.3102808595 -0.0054181824 0.3108502328 -0.9504434466
-305.5 -208.3 2103.0 0 0 0 0 0 0 0 0 0
31.9 613.7 2577.3 0 0 0 0 0 0 0 0 0
-412.1 -858.9 2226.4 0 0 0 0 0 0 0 0 0
-276.0 -779.9 2401.6 0 0 0 0 0 0 0 0 0
-235.9 480.7 2361.7 5 0.5284953117 0.0951079130 -0.8435918093 -0.0689355955 0.9952309132 0.0690170154 0.8461326957 0.0216783397 0.5325312018
-254.5 286.0 2357.5 0.5284953117 0.0951079130 -0.8435918093 -0.0689355955 0.9952309132 0.0690170154 0.8461326957 0.0216783397 0.5325312018
-273.1 91.2 2354.4 0.5289778113 0.0952745527 -0.8432705998 -0.0638910905 0.9953289032 0.0723759979 0.8462271690 0.0155921830 0.5325940847
-329.9 295.1 2237.0 0.1820130199 0.0706954226 -0.9807514548 0.9526125789 0.2345432639 0.1936974227 0.2437221706 -0.9695316553 -0.0246554203
-376.6 50.4 2174.4 -0.2658408582 0.0613109879 -0.9620652795 0.9329235554 0.2677798271 -0.2407231033 0.2428627014 -0.9615274072 -0.1283852756
-179.2 276.9 2477.9 0.3001680076 -0.6234915257 -0.7219123840 0.8256114721 0.5488779545 -0.1307618916 0.4777707458 -0.5567685962 0.6795173883
-124.7 426.6 2564.5 0.6437503695 -0.6234915257 -0.4436708391 0.7645323277 0.5488779545 0.3379694223 0.0328000821 -0.5567685962 0.8300198317
-340.2 -92.5 2265.9 0.3624898791 0.0442848317 -0.9309349656 -0.0700133592 0.9973418713 0.0201818421 0.9293541908 0.0578621700 0.3646268547
-357.6 -483.1 2243.2 0.3600097299 0.1350703686 -0.9231191874 -0.0886743143 0.9899386168 0.1102650315 0.9287248850 0.0421604775 0.3683648109
-248.4 -108.8 2420.6 -0.9988104105 0.0399376936 -0.0279777665 0.0444730967 0.9813958406 -0.1867734492 0.0199979637 -0.1877955198 -0.9820045233
-264.1 -493.2 2494.2 -0.9993205667 0.0364390798 -0.0055334074 0.0330323763 0.9520707130 0.3040891290 0.0163489245 0.3036997318 -0.9526275396
-301.5 -213.3 2105.7 0 0 0 0 0 0 0 0 0
31.8 612.4 2572.5 0 0 0 0 0 0 0 0 0
-408.4 -855.8 2227.3 0 0 0 0 0 0 0 0 0
-275.2 -783.1 2401.7 0 0 0 0 0 0 0 0 0
-235.3 480.5 2364.0 6 0.5265879035 0.0949798375 -0.8447982073 -0.0739757046 0.9950891733 0.0657656491 0.8468959928 0.0278631486 0.5310280919
-253.8 285.8 2358.5 0.5265879035 0.0949798375 -0.8447982073 -0.0739757046 0.9950891733 0.0657656491 0.8468959928 0.0278631486 0.5310280919
-272.1 91.0 2354.5 0.5272372961 0.0934800282 -0.8445604444 -0.0671168342 0.9954062104 0.0682770610 0.8470632434 0.0206860099 0.5310893655
-329.0 295.4 2237.9 0.1857471615 0.0719677284 -0.9799584746 0.9511389732 0.2371678948 0.1977020353 0.2466428578 -0.9687992930 -0.0243980475
-377.1 49.0 2174.0 -0.2620927393 0.0605424158 -0.9631417394 0.9310995936 0.2782307267 -0.2358839512 0.2536946237 -0.9586043358 -0.1292932630
-178.7 276.3 2479.2 0.3106040061 -0.6630162001 -0.6811274886 0.8096691370 0.5599309802 -0.1758214682 0.4979569018 -0.4968770444 0.7107405663
-123.8 419.4 2567.2 0.6236154437 -0.6630162001 -0.4141416550 0.7803053260 0.5599309802 0.2785692811 0.0471948087 -0.4968770444 0.8665366769
-339.4 -97.8 2274.9 0.3600439429 0.0415019095 -0.9320117831 -0.0866521448 0.9961791635 0.0108847963 0.9289024472 0.0768418163 0.3622644842
-355.7 -487.9 2244.8 0.3568359315 0.1474803090 -0.9224519730 -0.1087522581 0.9873034358 0.1157795712 0.9278151989 0.0590044260 0.3683441579
-243.8 -109.4 2427.8 -0.9983419180 0.0518556274 -0.0249884520 0.0553743839 0.9837306142 -0.1709029377 0.0157196261 -0.1720032841 -0.9849709272
-264.1 -494.6 2495.1 -0.9992673397 0.0382029973 0.0022973926 0.0370205082 0.9496226311 0.3112014830 0.0097071743 0.3110585511 -0.9503411651
-303.1 -213.7 2102.4 0 0 0 0 0 0 0 0 0
31.8 614.1 2579.0 0 0 0 0 0 0 0 0 0
-411.2 -859.6 2222.6 0 0 0 0 0 0 0 0 0
-275.7 -781.9 2401.0 0 0 0 0 0 0 0 0 0
-233.9 484.5 2357.6 7 0.5243226290 0.0976655558 -0.8459002376 -0.0612105392 0.9951536655 0.0769572631 0.8493167758 0.0114275720 0.5277597904
-253.1 289.6 2355.4 0.5243226290 0.0976655558 -0.8459002376 -0.0612105392 0.9951536655 0.0769572631 0.8493167758 0.0114275720 0.5277597904
-271.6 94.7 2354.2 0.5249169469 0.0946200266 -0.8458777666 -0.0550577976 0.9954950809 0.0771896318 0.8493708372 0.0060540233 0.5277618170
-327.9 297.5 2234.4 0.1876623482 0.0747116581 -0.9793880582 0.9543403983 0.2220657766 0.1998029798 0.2324161828 -0.9721651077 -0.0296269692
-377.1 47.1 2173.4 -0.2712406218 0.0630665794 -0.9604431987 0.9329655170 0.2625670433 -0.2462393939 0.2366512418 -0.9628505111 -0.1300577968
-178.3 281.8 2476.4 0.3031542301 -0.6403403282 -0.7057349086 0.8084833026 0.5648512244 -0.1652204841 0.5044325590 -0.5204876065 0.6889415383
-123.6 427.7 2567.4 0.6359307170 -0.6403403282 -0.4307625592 0.7699124217 0.5648512244 0.2969476879 0.0531691685 -0.5204876065 0.8522122502
-338.0 -97.9 2273.9 0.3568097651 0.0432773568 -0.9331740737 -0.0888571516 0.9959694743 0.0122140432 0.9299414754 0.0785610974 0.3592171371
-354.9 -488.0 2243.1 0.3546424806 0.1510794461 -0.9227154255 -0.1032759547 0.9871503115 0.1219358444 0.9292808175 0.0520506874 0.3656882942
-242.7 -110.0 2427.0 -0.9983438253 0.0529043972 -0.0225997120 0.0561893061 0.9809934497 -0.1857272685 0.0123443799 -0.1866895407 -0.9823414087
-263.4 -494.2 2500.1 -0.9992514253 0.0380905680 0.0067597516 0.0382018536 0.9440219998 0.3276630640 0.0060995189 0.3276760280 -0.9447704554
-300.5 -216.3 2106.6 0 0 0 0 0 0 0 0 0
31.9 615.9 2580.4 0 0 0 0 0 0 0 0 0
-411.8 -859.7 2223.5 0 0 0 0 0 0 0 0 0
-274.9 -778.7 2401.3 0 0 0 0 0 0 0 0 0
-230.9 488.3 2355.0 8 0.5204070807 0.1086022928 -0.8469840884 -0.0584929362 0.9940834641 0.0915242732 0.8519125581 0.0019127030 0.5236805677
-252.1 293.6 2354.6 0.5204070807 0.1086022928 -0.8469840884 -0.0584929362 0.9940834641 0.0915242732 0.8519125581 0.0019127030 0.5236805677
-272.8 98.9 2354.6 0.5207805037 0.1054379642 -0.8471543193 -0.0550236180 0.9944258332 0.0899422988 0.8519155383 -0.0002267016 0.5236791968
-326.3 301.5 2233.2 0.1890756786 0.0817752108 -0.9785515666 0.9547086954 0.2178413123 0.2026732415 0.2297426015 -0.9725522995 -0.0368830152
-377.0 45.7 2171.6 -0.2772405446 0.0719712153 -0.9581011534 0.9346651435 0.2512054145 -0.2515887916 0.2225730419 -0.9652543664 -0.1369133145
-177.9 285.8 2476.0 0.3419212699 -0.7264273763 -0.5961485505 0.7664374709 0.5826405287 -0.2703768611 0.5437494516 -0.3644630015 0.7559783459
-118.0 420.0 2571.2 0.6019631028 -0.7264273763 -0.3315775692 0.7953073382 0.5826405287 0.1673805565 0.0716007128 -0.3644630015 0.9284611344
-337.5 -95.2 2276.3 0.3517806828 0.0453379340 -0.9349838495 -0.0905391574 0.9957913160 0.0142218415 0.9316936135 0.0796496868 0.3544050157
-355.3 -485.3 2245.1 0.3491201997 0.1441171765 -0.9259294271 -0.1092178002 0.9876266122 0.1125396863 0.9306914210 0.0618380979 0.3605405688
-242.6 -105.2 2429.8 -0.9982656240 0.0554046966 -0.0199020188 0.0580984838 0.9817458987 -0.1811065823 0.0095045697 -0.1819487512 -0.9832620621
-264.3 -489.7 2501.0 -0.9995003343 0.0300279446 0.0098694311 0.0316056423 0.9454184771 0.3243224025 0.0004079925 0.3244722784 -0.9458951354
-298.7 -218.1 2108.8 0 0 0 0 0 0 0 0 0
32.5 618.9 2589.1 0 0 0 0 0 0 0 0 0
-409.6 -857.2 2221.8 0 0 0 0 0 0 0 0 0
-273.5 -777.1 2402.4 0 0 0 0 0 0 0 0 0
-233.6 483.2 2361.1 9 0.5110423565 0.1022960097 -0.8534466624 -0.0683123395 0.9945859909 0.0783079714 0.8568367362 0.0182822533 0.5152636170
-253.6 289.0 2357.5 0.5110423565 0.1022960097 -0.8534466624 -0.0683123395 0.9945859909 0.0783079714 0.8568367362 0.0182822533 0.5152636170
-273.1 94.2 2354.6 0.5114652514 0.0998660773 -0.8534811139 -0.0641503409 0.9948897362 0.0779689923 0.8569060564 0.0148726739 0.5152579546
-326.5 298.2 2235.4 0.1897440702 0.0900037140 -0.9776995778 0.9526031613 0.2242949158 0.2055213898 0.2377907485 -0.9703561664 -0.0431791879
-377.0 44.6 2172.1 -0.2797664106 0.0831810012 -0.9564578533 0.9355633259 0.2472680807 -0.2521503270 0.2155273855 -0.9653701186 -0.1469983906
-180.7 279.9 2479.6 0.3712595105 -0.7346699238 -0.5678260922 0.8000842333 0.5634486675 -0.2058903128 0.4712022543 -0.3778699934 0.7969834805
-112.8 426.1 2565.8 0.5946972370 -0.7181049585 -0.3614699244 0.7968105674 0.5862653255 0.1462391019 0.1069022566 -0.3749910593 0.9208439589
-340.5 -90.9 2277.7 0.3423268497 0.0376288183 -0.9388271570 -0.0874743834 0.9961344004 0.0080297319 0.9355001450 0.0793745294 0.3442951143
-355.2 -481.1 2246.6 0.3392322659 0.1453118920 -0.9294115901 -0.1090790033 0.9874089360 0.1145661846 0.9343571067 0.0625147447 0.3508114219
-246.3 -100.8 2431.7 -0.9988157153 0.0479609929 -0.0081798565 0.0486525111 0.9834847450 -0.1743294001 -0.0003162476 -0.1745209247 -0.9846534133
-265.1 -486.0 2500.0 -0.9995334744 0.0263371896 0.0154672414 0.0298454780 0.9498233199 0.3113597929 -0.0064908047 0.3116761446 -0.9501662254
-298.1 -219.2 2111.4 0 0 0 0 0 0 0 0 0
33.0 621.4 2592.0 0 0 0 0 0 0 0 0 0
-409.9 -852.9 2223.0 0 0 0 0 0 0 0 0 0
-273.3 -781.0 2403.2 0 0 0 0 0 0 0 0 0
-235.5 483.4 2363.7 0 0.5176969171 0.0983274952 -0.8498950601 -0.0765837580 0.9947119951 0.0684324056 0.8521295786 0.0296609122 0.5224896073
-254.7 289.3 2357.9 0.5176969171 0.0983274952 -0.8498950601 -0.0765837580 0.9947119951 0.0684324056 0.8521295786 0.0296609122 0.5224896073
-273.9 94.5 2353.0 0.5180791616 0.0979741514 -0.8497029543 -0.0727099478 0.9948667884 0.0703795701 0.8522366285 0.0253196657 0.5225434303
-328.5 299.7 2236.5 0.1789033562 0.0805302411 -0.9805653691 0.9546641111 0.2268098444 0.1928047687 0.2379284948 -0.9706040025 -0.0363022909
-375.3 50.0 2174.2 -0.2638328671 0.0732850358 -0.9617803693 0.9378013611 0.2527581751 -0.2379955351 0.2256563604 -0.9647499919 -0.1354127228
-180.8 278.9 2479.4 0.3841690421 -0.7276536226 -0.5682731271 0.7746639252 0.5889124870 -0.2303863615 0.5023046136 -0.3517133892 0.7899289727
-112.3 417.2 2569.0 0.5791135430 -0.7443677187 -0.3324818611 0.8113324642 0.5661426783 0.1456780434 0.0797941238 -0.3541174531 0.9317905903
-338.9 -94.8 2274.3 0.3502220511 0.0407480039 -0.9357799292 -0.0808909386 0.9966365695 0.0131239798 0.9331672788 0.0710998103 0.3523402512
-354.8 -485.2 2246.4 0.3456950486 0.1463499069 -0.9268638492 -0.1126882732 0.9870887399 0.1138296202 0.9315558672 0.0650963560 0.3577235937
-246.4 -106.4 2429.2 -0.9987012744 0.0485723764 -0.0153778950 0.0504463501 0.9850127101 -0.1649398506 0.0071359011 -0.1655014008 -0.9861837626
-265.4 -492.2 2494.0 -0.9997249246 0.0220153220 0.0080899298 0.0234226175 0.9551171660 0.2953008413 -0.0012256879 0.2954090834 -0.9553700686
-301.0 -214.3 2110.7 0 0 0 0 0 0 0 0 0
32.8 620.4 2589.0 0 0 0 0 0 0 0 0 0
-410.0 -857.0 2221.9 0 0 0 0 0 0 0 0 0
-272.0 -778.4 2405.5 0 0 0 0 0 0 0 0 0
-234.1 483.0 2358.0 1 0.5231170654 0.1034957245 -0.8459534049 -0.0643411577 0.9945623279 0.0818898454 0.8498286605 0.0115916459 0.5269315839
-254.3 289.0 2355.7 0.5231170654 0.1034957245 -0.8459534049 -0.0643411577 0.9945623279 0.0818898454 0.8498286605 0.0115916459 0.5269315839
-274.1 94.2 2354.1 0.5235450268 0.1010902077 -0.8459795117 -0.0601797663 0.9948437214 0.0816357136 0.8498699665 0.0081708804 0.5269290805
-328.9 297.5 2234.6 0.1820923835 0.0776530504 -0.9802103639 0.9544099569 0.2258370370 0.1951904595 0.2365249395 -0.9710652232 -0.0329896361
-375.2 55.0 2174.5 -0.2534868121 0.0701084062 -0.9647949338 0.9398232102 0.2540390193 -0.2284656465 0.2290781885 -0.9646496773 -0.1302850544
-179.6 280.4 2476.8 0.3917781413 -0.7288602591 -0.5614914298 0.7838057280 0.5839971304 -0.2111774236 0.4818282127 -0.3573655188 0.8000821471
-99.6 440.5 2575.2 0.6289565563 -0.6943591237 -0.3496842086 0.7667247057 0.6284219623 0.1312214285 0.1286344230 -0.3506441116 0.9276323915
-339.9 -93.8 2271.0 0.3559329212 0.0370122939 -0.9337782860 -0.0732868239 0.9972435236 0.0115927728 0.9316334128 0.0643073916 0.3576643169
-354.4 -484.4 2245.8 0.3503343165 0.1496276408 -0.9245958328 -0.1120720878 0.9867616296 0.1172232404 0.9298955202 0.0625540540 0.3624655604
-246.2 -106.9 2425.0 -0.9984655380 0.0505286865 -0.0226584170 0.0538578890 0.9812389016 -0.1851203740 0.0128794322 -0.1860566437 -0.9824545979
-266.0 -491.2 2497.9 -0.9997227192 0.0231086966 0.0045195450 0.0233679749 0.9501034021 0.3110586703 0.0028941259 0.3110780418 -0.9503799677
-303.8 -209.8 2110.0 0 0 0 0 0 0 0 0 0
59.2 634.1 2607.7 0 0 0 0 0 0 0 0 0
-410.7 -856.1 2222.2 0 0 0 0 0 0 0 0 0
-273.0 -779.2 2403.6 0 0 0 0 0 0 0 0 0
-234.9 480.7 2355.1 2 0.5329944491 0.0955254957 -0.8407090902 -0.0510855243 0.9954269528 0.0807179958 0.8445751667 -0.0000741807 0.5354370475
-253.5 286.3 2355.1 0.5329944491 0.0955254957 -0.8407090902 -0.0510855243 0.9954269528 0.0807179958 0.8445751667 -0.0000741807 0.5354370475
-271.8 91.4 2355.8 0.5333696008 0.0935548693 -0.8406927586 -0.0471351519 0.9956079125 0.0808898434 0.8445680141 -0.0035180026 0.5354367495
-329.6 293.1 2234.8 0.1851219982 0.0678984374 -0.9803671241 0.9531562924 0.2304329723 0.1959431618 0.2392131388 -0.9707164764 -0.0220596120
-376.4 51.7 2174.2 -0.2564404905 0.0552519485 -0.9649795294 0.9324555993 0.2770052552 -0.2319368124 0.2544894516 -0.9592785239 -0.1225553453
-177.5 279.6 2475.5 0.3273073137 -0.7583345771 -0.5637362599 0.8163694143 0.5273674130 -0.2354243696 0.4758265615 -0.3831609190 0.7916923761
-117.2 430.2 2563.3 0.6790894270 -0.6404789686 -0.3586421907 0.7196548581 0.6771976352 0.1532980353 0.1446874589 -0.3622016609 0.9208015203
-341.2 -95.2 2275.7 0.3661255538 0.0316546187 -0.9300268888 -0.0817247778 0.9966533780 0.0017495762 0.9269698858 0.0753656775 0.3674872518
-353.6 -485.6 2246.2 0.3615840077 0.1561335623 -0.9191731811 -0.1114944294 0.9860445857 0.1236328930 0.9256489277 0.0577790104 0.3739459813
-246.5 -106.1 2429.3 -0.9983451366 0.0485627875 -0.0308008175 0.0530401431 0.9845506549 -0.1668736339 0.0222211145 -0.1682311594 -0.9854970574
-265.5 -491.7 2495.2 -0.9995447993 0.0297305062 -0.0051259464 0.0267837420 0.9526798129 0.3027933538 0.0138855847 0.3025182188 -0.9530424476
-304.3 -210.4 2102.7 0 0 0 0 0 0 0 0 0
47.6 604.8 2598.4 0 0 0 0 0 0 0 0 0
-412.4 -857.0 2224.4 0 0 0 0 0 0 0 0 0
-274.5 -779.8 2403.7 0 0 0 0 0 0 0 0 0
-235.6 479.4 2360.7 3 0.5199569464 0.0915872529 -0.8492681980 -0.0581473447 0.9957240224 0.0717812255 0.8522109985 0.0120595461 0.5230591893
-253.5 284.3 2358.3 0.5199569464 0.0915872529 -0.8492681980 -0.0581473447 0.9957240224 0.0717812255 0.8522109985 0.0120595461 0.5230591893
-271.0 89.3 2357.4 0.5206261873 0.0893561319 -0.8490958810 -0.0507808812 0.9959883690 0.0736781433 0.8522732258 0.0047590663 0.5230752230
-327.7 291.6 2236.9 0.1929836422 0.0813315734 -0.9778254032 0.9495730400 0.2355071306 0.2069962770 0.2471201867 -0.9684634805 -0.0317812487
-376.9 49.3 2173.8 -0.2576674819 0.0658748299 -0.9639854431 0.9287183285 0.2921870351 -0.2282739282 0.2666265666 -0.9540897608 -0.1364662647
-179.3 277.1 2479.8 0.3132534027 -0.7643203735 -0.5636370182 0.8382586837 0.5014668107 -0.2141340971 0.4463123083 -0.4053954184 0.7977843285
-125.7 420.5 2556.1 0.6760630012 -0.6338499188 -0.3757301569 0.7217735052 0.6722727418 0.1645977199 0.1482628733 -0.3824704885 0.9119947553
-338.4 -99.3 2280.2 0.3521043360 0.0431272835 -0.9349666238 -0.0920825452 0.9956878424 0.0112502901 0.9314200878 0.0821328312 0.3545572758
-355.3 -489.3 2248.0 0.3475534022 0.1502969563 -0.9255363345 -0.1231198311 0.9858388901 0.1138560101 0.9295418859 0.0743808299 0.3611361980
-241.9 -107.8 2432.8 -0.9980865717 0.0599515960 -0.0151347127 0.0616114922 0.9849424958 -0.1615312099 0.0052227676 -0.1621546000 -0.9867515564
-265.4 -493.6 2496.3 -0.9994269609 0.0306985546 0.0142610464 0.0336147770 0.9496300220 0.3115652800 -0.0039781132 0.3118661046 -0.9501177073
-304.6 -211.6 2099.0 0 0 0 0 0 0 0 0 0
35.7 592.9 2591.6 0 0 0 0 0 0 0 0 0
-411.9 -860.6 2220.0 0 0 0 0 0 0 0 0 0
-274.7 -781.1 2401.9 0 0 0 0 0 0 0 0 0
-235.7 479.4 2363.5 4 0.5343450308 0.1012414843 -0.8391814828 -0.0785862356 0.9944512844 0.0699342936 0.8416053653 0.0285790656 0.5393363237
-255.5 284.3 2357.9 0.5343450308 0.1012414843 -0.8391814828 -0.0785862356 0.9944512844 0.0699342936 0.8416053653 0.0285790656 0.5393363237
-274.7 89.5 2353.8 0.5351750851 0.0978086367 -0.8390596509 -0.0702903196 0.9949857593 0.0711517632 0.8418116570 0.0208991170 0.5393666029
-331.8 294.3 2238.0 0.1756406873 0.0637860745 -0.9823856950 0.9527135491 0.2403391898 0.1859407723 0.2479662299 -0.9685909152 -0.0185565110
-377.3 47.4 2173.7 -0.2641747892 0.0559147187 -0.9628526568 0.9328551292 0.2683426738 -0.2403612733 0.2449347228 -0.9616994262 -0.1230496988
-179.3 274.3 2477.8 0.2631036341 -0.3625013530 -0.8940744996 0.8581739068 0.5113646984 0.0452068523 0.4408105910 -0.7791655064 0.4456311464
-134.8 419.4 2552.3 0.6935590506 -0.3625013530 -0.6225501299 0.7064701915 0.5113646984 0.4892913401 0.1409813613 -0.7791655064 0.6107580066
-335.5 -101.2 2279.5 0.3683879077 0.0505977012 -0.9282942414 -0.0991573110 0.9949604869 0.0148814451 0.9243690968 0.0865650177 0.3715485334
-355.3 -490.9 2245.6 0.3666874468 0.1545638144 -0.9174150229 -0.1101612523 0.9863789678 0.1221516356 0.9237990975 0.0562721156 0.3787197471
-241.4 -110.4 2433.5 -0.9975846410 0.0597543754 -0.0354160443 0.0648538172 0.9838548899 -0.1668040007 0.0248769801 -0.1686979830 -0.9853538275
-264.8 -495.7 2499.6 -0.9995131493 0.0311016683 -0.0024902092 0.0286107603 0.9454461336 0.3245196342 0.0124474606 0.3242903948 -0.9458757043
-303.1 -214.7 2104.9 0 0 0 0 0 0 0 0 0
28.6 585.8 2585.5 0 0 0 0 0 0 0 0 0
-413.5 -862.3 2224.4 0 0 0 0 0 0 0 0 0
-274.1 -779.2 2402.3 0 0 0 0 0 0 0 0 0
-235.4 479.4 2364.9 5 0.5326662064 0.1107750237 -0.8390444517 -0.0903698206 0.9931735992 0.0737528130 0.8414868116 0.0365386680 0.5390406847
-257.1 284.6 2357.7 0.5326662064 0.1107750237 -0.8390444517 -0.0903698206 0.9931735992 0.0737528130 0.8414868116 0.0365386680 0.5390406847
-277.9 90.0 2352.2 0.5337234735 0.1060517430 -0.8389828801 -0.0806800947 0.9939656258 0.0743172839 0.8418016434 0.0280243400 0.5390590429
-333.2 296.1 2237.8 0.1677570492 0.0655790567 -0.9836447239 0.9541153908 0.2402427495 0.1787377894 0.2480349690 -0.9684951305 -0.0222675689
-376.1 52.0 2174.3 -0.2530511320 0.0617991686 -0.9654770494 0.9393867254 0.2543287575 -0.2299335599 0.2313388735 -0.9651412964 -0.1224115044
-181.1 273.1 2477.7 0.2457844168 -0.4331887364 -0.8671433330 0.8408949971 0.5402775407 -0.0315556340 0.4821676016 -0.7214205861 0.4970580339
-142.3 405.8 2553.7 0.6824459434 -0.4331887364 -0.5887402296 0.7194586396 0.5402775407 0.4364394844 0.1290224493 -0.7214205861 0.6803715825
-342.2 -99.0 2273.7 0.3677676022 0.0378829762 -0.9291457534 -0.0850916281 0.9963489175 0.0069426331 0.9260163903 0.0765092522 0.3696483672
-357.1 -489.2 2243.7 0.3674998581 0.1424663365 -0.9190468788 -0.0869551897 0.9891321063 0.1185597926 0.9259495735 0.0363451913 0.3758940995
-245.5 -111.7 2425.8 -0.9980235100 0.0508530810 -0.0369198918 0.0566400550 0.9824098349 -0.1779403538 0.0272216480 -0.1796797961 -0.9833484292
-265.4 -496.5 2496.2 -0.9995665550 0.0284124203 -0.0077075246 0.0244609248 0.9472437501 0.3195793033 0.0163809266 0.3192522526 -0.9475281835
-305.0 -212.0 2109.3 0 0 0 0 0 0 0 0 0
25.5 582.6 2585.4 0 0 0 0 0 0 0 0 0
-410.7 -861.6 2230.0 0 0 0 0 0 0 0 0 0
-273.8 -777.6 2401.4 0 0 0 0 0 0 0 0 0
-232.1 487.1 2359.1 6 0.5173413157 0.1245943829 -0.8466606140 -0.0853215680 0.9919248223 0.0938367620 0.8515152335 0.0236927811 0.5237942934
-256.5 292.4 2354.4 0.5173413157 0.1245943829 -0.8466606140 -0.0853215680 0.9919248223 0.0938367620 0.8515152335 0.0236927811 0.5237942934
-279.3 98.0 2350.8 0.5183902383 0.1163348481 -0.8471940756 -0.0766795576 0.9930359125 0.0894420221 0.8516993523 0.0185965952 0.5237006545
-330.4 303.4 2233.1 0.1721455008 0.0817095786 -0.9816768765 0.9594405293 0.2119430602 0.1858871728 0.2232483625 -0.9738602042 -0.0419104360
-374.9 55.4 2175.4 -0.2458463013 0.0685931221 -0.9668787718 0.9393793941 0.2628200352 -0.2202088982 0.2390102893 -0.9624035358 -0.1290483028
-182.6 281.5 2475.8 0.2453332543 -0.4793743491 -0.8426219821 0.8150043488 0.5726571679 -0.0884969607 0.5249567032 -0.6650293469 0.5311840177
-146.8 400.6 2552.5 0.6809824109 -0.4793743491 -0.5535911322 0.7207161188 0.5726571679 0.3906815350 0.1297352314 -0.6650293469 0.7354622483
-346.9 -97.4 2270.7 0.3516144753 0.0296056326 -0.9356766343 -0.0620414093 0.9980393648 0.0082645314 0.9340867996 0.0551447682 0.3527618647
-358.5 -488.2 2249.1 0.3459169269 0.1353908479 -0.9284453392 -0.1062761396 0.9888197184 0.1045989692 0.9322268367 0.0624890327 0.3564382792
-250.4 -112.0 2422.8 -0.9990678430 0.0370360240 -0.0221751370 0.0405911282 0.9808186889 -0.1906489283 0.0146889109 -0.1913713217 -0.9814077616
-264.9 -496.1 2497.8 -0.9996207952 0.0275193099 -0.0009997677 0.0257686004 0.9475958943 0.3184305131 0.0097103640 0.3182840049 -0.9479456544
-305.8 -208.7 2108.2 0 0 0 0 0 0 0 0 0
24.1 581.5 2585.0 0 0 0 0 0 0 0 0 0
-409.5 -860.4 2225.6 0 0 0 0 0 0 0 0 0
-273.1 -777.5 2403.3 0 0 0 0 0 0 0 0 0
-234.5 484.8 2362.7 7 0.5180916190 0.1168569401 -0.8473048806 -0.0954562575 0.9923342466 0.0784912929 0.8499819040 0.0402148739 0.5252747536
-257.4 290.4 2354.8 0.5180916190 0.1168569401 -0.8473048806 -0.0954562575 0.9923342466 0.0784912929 0.8499819040 0.0402148739 0.5252747536
-279.9 96.0 2348.4 0.5189853311 0.1148221046 -0.8470360637 -0.0877981707 0.9928563237 0.0807945430 0.8502621651 0.0324370340 0.5253590345
-331.4 302.9 2233.6 0.1746970266 0.0791717246 -0.9814340472 0.9580228925 0.2164522558 0.1879908890 0.2273171693 -0.9730777144 -0.0380347520
-375.3 62.2 2176.5 -0.2406925708 0.0673587918 -0.9682612419 0.9403639436 0.2632475495 -0.2154445201 0.2403803170 -0.9623739123 -0.1267035156
-183.4 277.9 2476.0 0.2339384705 -0.4694840014 -0.8513856530 0.8189717531 0.5670949817 -0.0876841396 0.5239828825 -0.6767481565 0.5171594620
-149.1 398.3 2553.0 0.6792946458 -0.4694840014 -0.5640421510 0.7216293812 0.5670949817 0.3970570564 0.1334535480 -0.6767481565 0.7240180373
-349.0 -89.6 2270.2 0.3525529206 0.0139936479 -0.9356872439 -0.0594359003 0.9982042313 -0.0074659381 0.9339024425 0.0582455546 0.3527515531
-354.4 -480.5 2247.3 0.3463723958 0.1489513516 -0.9261963367 -0.1027000919 0.9874004126 0.1203871593 0.9324585199 0.0534216613 0.3573055863
-255.3 -103.4 2424.1 -0.9993984699 0.0259630755 -0.0229915567 0.0299500450 0.9803917408 -0.1947691590 0.0174839273 -0.1953405887 -0.9805796146
-265.4 -487.4 2500.6 -0.9996728301 0.0245700758 -0.0071119391 0.0210581478 0.9483792186 0.3164386749 0.0145197371 0.3161853552 -0.9485862851
-307.6 -202.1 2109.0 0 0 0 0 0 0 0 0 0
23.2 581.3 2586.8 0 0 0 0 0 0 0 0 0
-410.5 -852.2 2227.2 0 0 0 0 0 0 0 0 0
-273.1 -781.3 2402.6 0 0 0 0 0 0 0 0 0
-235.4 480.9 2365.5 8 0.5224651694 0.1133746579 -0.8450895548 -0.1053182408 0.9921118021 0.0679871365 0.8461313248 0.0534824319 0.5302842855
-257.6 286.4 2355.0 0.5224651694 0.1133746579 -0.8450895548 -0.1053182408 0.9921118021 0.0679871365 0.8461313248 0.0534824319 0.5302842855
-279.5 91.9 2346.4 0.5234869123 0.1117897704 -0.8446682692 -0.0963114128 0.9927653670 0.0717006326 0.8465728164 0.0438168533 0.5304663181
-332.2 300.1 2234.4 0.1728049368 0.0728785768 -0.9822561741 0.9568286538 0.2242017686 0.1849662364 0.2337036580 -0.9718139172 -0.0309891384
-375.3 61.7 2176.1 -0.2377068400 0.0640609413 -0.9692221880 0.9417761564 0.2594934404 -0.2138242871 0.2378090024 -0.9636178613 -0.1220144331
-183.0 272.6 2475.6 0.2163429558 -0.4598079920 -0.8612620831 0.8270084262 0.5551565886 -0.0886466503 0.5188957453 -0.6930928826 0.5003693104
-150.5 397.0 2553.6 0.6808069348 -0.4598079920 -0.5701566339 0.7214999199 0.5551565886 0.4138103426 0.1262529045 -0.6930928826 0.7097058892
-349.3 -90.5 2265.2 0.3576476574 0.0123635428 -0.9337747693 -0.0468940400 0.9988886714 -0.0047353394 0.9326784611 0.0454820506 0.3578299582
-354.1 -481.7 2247.4 0.3491457701 0.1527200937 -0.9245398045 -0.1060455292 0.9867312908 0.1229458749 0.9310486317 0.0551172756 0.3607083559
-255.5 -106.4 2418.9 -0.9995672703 0.0238495786 -0.0172173586 0.0269421674 0.9772241116 -0.2104925811 0.0118050594 -0.2108653635 -0.9774438143
-264.8 -489.1 2501.5 -0.9995672703 0.0293088239 -0.0024965443 0.0269421674 0.9462964535 0.3221756220 0.0118050594 0.3219689727 -0.9466766119
-308.4 -203.1 2109.3 0 0 0 0 0 0 0 0 0
23.0 580.8 2585.8 0 0 0 0 0 0 0 0 0
-411.7 -853.3 2226.7 0 0 0 0 0 0 0 0 0
-273.8 -779.5 2402.7 0 0 0 0 0 0 0 0 0
-235.4 478.2 2358.4 9 0.5377798080 0.1131480262 -0.8354581594 -0.0894556269 0.9930173159 0.0769045278 0.8383260369 0.0333787315 0.5441464186
-257.6 283.3 2351.8 0.5377798080 0.1131480262 -0.8354581594 -0.0894556269 0.9930173159 0.0769045278 0.8383260369 0.0333787315 0.5441464186
-279.2 88.7 2347.2 0.5388450623 0.1104229391 -0.8351363540 -0.0799901858 0.9935991764 0.0797640085 0.8385985494 0.0238222759 0.5442287326
-334.4 294.7 2232.4 0.1702720970 0.0579320006 -0.9836927056 0.9581073523 0.2235747278 0.1790102571 0.2302992493 -0.9729636312 -0.0174365379
-376.1 60.1 2176.0 -0.2402829379 0.0484520607 -0.9694929123 0.9399516582 0.2610124648 -0.2199167758 0.2423943281 -0.9641187191 -0.1082594395
-180.8 271.9 2471.3 0.2010340691 -0.4621613920 -0.8637083769 0.8228145838 0.5581213832 -0.1071291864 0.5315650702 -0.6891352534 0.4924745560
-150.4 396.3 2551.7 0.6790241599 -0.4621613920 -0.5703797340 0.7225493193 0.5581213832 0.4079497755 0.1298024803 -0.6891352534 0.7129122615
-348.7 -93.8 2261.3 0.3744253814 0.0186325721 -0.9270698428 -0.0327608958 0.9994397163 0.0068556019 0.9266781211 0.0278047267 0.3748260140
-356.0 -485.2 2250.4 0.3630453348 0.1419890225 -0.9208893776 -0.1227693260 0.9869939685 0.1037817076 0.9236480594 0.0753794983 0.3757554293
-254.1 -111.2 2414.3 -0.9990424514 0.0278403815 -0.0337512977 0.0341152176 0.9786814451 -0.2025310397 0.0273932274 -0.2034885287 -0.9786940217
-265.0 -494.5 2494.0 -0.9995235801 0.0265500862 -0.0157404114 0.0205141362 0.9524747133 0.3039261699 0.0230616089 0.3034584522 -0.9525655508
-308.5 -204.2 2107.8 0 0 0 0 0 0 0 0 0
23.1 580.9 2584.9 0 0 0 0 0 0 0 0 0
-409.5 -856.8 2222.0 0 0 0 0 0 0 0 0 0
-272.9 -779.8 2403.1 0 0 0 0 0 0 0 0 0
-236.3 478.7 2362.3 0 0.5170572996 0.1132377088 -0.8484273553 -0.0909240842 0.9928684831 0.0771040618 0.8511078358 0.0372752622 0.5236659050
-258.6 283.9 2355.0 0.5170572996 0.1132377088 -0.8484273553 -0.0909240842 0.9928684831 0.0771040618 0.8511078358 0.0372752622 0.5236659050
-280.1 89.3 2349.5 0.5180897713 0.1102146506 -0.8481955528 -0.0817456543 0.9935042262 0.0791646764 0.8514109850 0.0283218902 0.5237339735
-332.4 295.5 2233.7 0.1687198281 0.0810490698 -0.9823261499 0.9580804110 0.2206372619 0.1827596873 0.2315502465 -0.9719826579 -0.0404256433
-375.1 52.6 2175.0 -0.2446206808 0.0677405074 -0.9672496915 0.9371711016 0.2724238932 -0.2179347277 0.2487389147 -0.9597898126 -0.1301249713
-184.8 272.2 2476.3 0.2309343815 -0.4417867362 -0.8668873906 0.8387302160 0.5419838428 -0.0527745932 0.4931540787 -0.7148972154 0.4957025945
-150.9 395.1 2548.6 0.6787810326 -0.4417867362 -0.5865840316 0.7229843140 0.5419838428 0.4284241199 0.1286469400 -0.7148972154 0.6872932315
-349.5 -98.6 2266.7 0.3510792851 0.0229394007 -0.9360647202 -0.0587983653 0.9982669950 0.0024109003 0.9344977736 0.0541926585 0.3518196344
-358.5 -489.5 2245.5 0.3463395834 0.1330024004 -0.9286330342 -0.0959452242 0.9897297621 0.1059695333 0.9331899285 0.0523964576 0.3555435240
-252.1 -113.1 2418.3 -0.9993151426 0.0357789919 -0.0094409660 0.0369207598 0.9811440706 -0.1897187829 0.0024750012 -0.1899374127 -0.9817931056
-266.1 -497.3 2492.6 -0.9997105002 0.0224364102 0.0086882040 0.0240081642 0.9539125562 0.2991227508 -0.0015765465 0.2992447317 -0.9541751146
-306.4 -210.8 2105.1 0 0 0 0 0 0 0 0 0
22.7 580.1 2581.5 0 0 0 0 0 0 0 0 0
-408.5 -862.1 2225.8 0 0 0 0 0 0 0 0 0
-272.7 -779.7 2404.1 0 0 0 0 0 0 0 0 0
-232.5 485.8 2356.8 1 0.5118058920 0.1241521910 -0.8500828743 -0.0837516636 0.9919999838 0.0944547579 0.8550089598 0.0228533540 0.5181094408
-256.9 291.1 2352.3 0.5118058920 0.1241521910 -0.8500828743 -0.0837516636 0.9919999838 0.0944547579 0.8550089598 0.0228533540 0.5181094408
-280.5 96.7 2349.0 0.5126421452 0.1204277053 -0.8501148224 -0.0769661516 0.9925740957 0.0941958949 0.8551457524 0.0171412770 0.5181041956
-329.9 302.0 2230.5 0.1777208745 0.0854568779 -0.9803634286 0.9626982808 0.1914471537 0.1912067086 0.2040277123 -0.9777755737 -0.0482450351
-376.6 49.0 2176.9 -0.2524720132 0.0585551225 -0.9658308029 0.9291086793 0.2934183776 -0.2250837237 0.2702127099 -0.9541891813 -0.1284840107
-183.8 280.1 2474.2 0.2473748624 -0.4868486822 -0.8377255201 0.8170620799 0.5695275068 -0.0897108912 0.5207833052 -0.6622815132 0.5386723876
-149.7 392.9 2546.0 0.6720384955 -0.4868486822 -0.5579808354 0.7285645604 0.5695275068 0.3805681169 0.1325063407 -0.6622815132 0.7374451160
-348.5 -97.9 2267.0 0.3451981246 0.0244315118 -0.9382117987 -0.0596235320 0.9982126951 0.0040565608 0.9366340041 0.0545391813 0.3460378647
-358.1 -488.8 2245.6 0.3403339386 0.1369073689 -0.9302844405 -0.0965432152 0.9892029166 0.1102590039 0.9353353381 0.0522877760 0.3498767912
-254.9 -112.7 2420.8 -0.9994786978 0.0306465384 0.0101539260 0.0279840045 0.9792104959 -0.2009071261 -0.0160999391 -0.2005182505 -0.9795576930
-266.9 -496.2 2499.4 -0.9994786978 0.0213271026 0.0242377222 0.0279840045 0.9466761947 0.3209688962 -0.0160999391 0.3214798272 -0.9467795491
-305.6 -212.5 2100.8 0 0 0 0 0 0 0 0 0
22.3 579.4 2580.0 0 0 0 0 0 0 0 0 0
-409.6 -861.3 2225.9 0 0 0 0 0 0 0 0 0
-273.4 -784.6 2401.4 0 0 0 0 0 0 0 0 0
-231.5 489.7 2354.0 2 0.5220573545 0.1249691546 -0.8437054157 -0.0797009841 0.9920270443 0.0976221040 0.8491783142 0.0162798148 0.5278552175
-256.1 294.6 2350.8 0.5220573545 0.1249691546 -0.8437054157 -0.0797009841 0.9920270443 0.0976221040 0.8491783142 0.0162798148 0.5278552175
-279.8 100.2 2348.7 0.5228849649 0.1209125221 -0.8437840343 -0.0730208904 0.9926033020 0.0969876722 0.8492698073 0.0109004611 0.5278465152
-330.6 305.0 2229.8 0.1735555381 0.0745828375 -0.9819958806 0.9639458060 0.1913652271 0.1848996580 0.2017102093 -0.9786811471 -0.0386813208
-375.9 53.3 2177.2 -0.2450037152 0.0524360165 -0.9681031108 0.9347353578 0.2778550088 -0.2215094864 0.2573772073 -0.9591908455 -0.1170893088
-181.6 284.2 2471.9 0.2294218689 -0.5427690744 -0.8079401851 0.7867948413 0.5920809507 -0.1743387580 0.5729916692 -0.5956860185 0.5628842711
-150.2 391.7 2550.2 0.6727126241 -0.5427690744 -0.5028513074 0.7311105132 0.5920809507 0.3389949203 0.1137327328 -0.5956860185 0.7951245308
