-164.9 440.7 2504.3 91 0.9833919406 0.0030438502 -0.1814692020 -0.0065544862 0.9998027086 -0.0187490731 0.1813763380 0.0196271241 0.9832178950
-165.5 241.4 2500.3 0.9833919406 0.0030438502 -0.1814692020 -0.0065544862 0.9998027086 -0.0187490731 0.1813763380 0.0196271241 0.9832178950
-165.0 47.3 2497.5 0.9833925366 -0.0028635799 -0.1814688593 0.0001326920 0.9998865724 -0.0150591489 0.1814914048 0.0147849750 0.9832813740
-299.9 241.4 2475.5 0.2590127587 -0.7717688680 -0.5807625651 0.8745597601 0.4425982535 -0.1981213093 0.4099483788 -0.4565956295 0.7895965576
-358.1 44.7 2383.4 -0.6172606349 -0.7717688680 -0.1528465897 -0.3488291204 0.4425982535 -0.8260902166 0.7052003741 -0.4565956295 -0.5424139500
-31.2 241.4 2525.1 0.2327198386 0.2986788452 0.9255443811 -0.9685931802 0.1568723023 0.1929204166 -0.0875710249 -0.9413723946 0.3258056045
31.3 -18.7 2501.6 -0.0739068985 0.3093057275 0.9480863810 -0.9496128559 0.2685334980 -0.1616328359 -0.3045869172 -0.9122607708 0.2738742232
-256.5 -149.3 2482.4 0.9959641099 -0.0462479889 0.0769194365 0.0407624580 0.9966132045 0.0714177266 -0.0799618587 -0.0679940730 0.9944761992
-238.6 -536.2 2508.8 0.9966589808 -0.0017124019 0.0816571191 0.0051391181 0.9991139174 -0.0417730138 -0.0815132335 0.0420530960 0.9957846999
-80.3 -150.5 2514.9 0.9238126278 0.0745305568 -0.3755202591 -0.0677178055 0.9972125292 0.0313278623 0.3768084049 -0.0035116675 0.9262845516
-109.3 -537.6 2516.3 0.9210345745 -0.0865155458 -0.3797504604 0.0782433301 0.9962401390 -0.0371966548 0.3815407455 0.0045464626 0.9243408442
-203.2 132.3 2206.3 0 0 0 0 0 0 0 0 0
11.0 -279.5 2418.0 0 0 0 0 0 0 0 0 0
-238.1 -848.7 2495.7 0 0 0 0 0 0 0 0 0
-83.4 -835.4 2514.9 0 0 0 0 0 0 0 0 0
-166.1 446.3 2499.1 92 0.9824899435 0.0345684625 -0.1830807030 -0.0381740034 0.9991397262 -0.0162051506 0.1823630035 0.0229103211 0.9829643369
-173.9 222.4 2494.0 0.9824899435 0.0345684625 -0.1830807030 -0.0381740034 0.9991397262 -0.0162051506 0.1823630035 0.0229103211 0.9829643369
-150.9 31.3 2500.3 0.9756301045 -0.1192131862 -0.1842122674 0.1232201234 0.9923247099 0.0104177259 0.1815564483 -0.0328625068 0.9828312993
-306.2 205.7 2469.6 0.2859196961 -0.7509125471 -0.5952984691 0.7734917998 0.5475633740 -0.3191939592 0.5656504035 -0.3691946268 0.7373838425
-359.3 61.9 2364.5 -0.6350814700 -0.7509125471 -0.1811127812 -0.4454218745 0.5475633740 -0.7083598375 0.6310870647 -0.3691946268 -0.6822202802
-41.6 239.1 2518.4 0.2649304867 0.2881674170 0.9202018380 -0.9627509117 0.1325506121 0.2356714457 -0.0540604852 -0.9483616948 0.3125501275
29.2 -18.1 2503.9 -0.0626932308 0.3002375662 0.9518019557 -0.9509451389 0.2715069652 -0.1482812762 -0.3029404581 -0.9144076705 0.2684877813
-236.2 -158.3 2484.9 0.9976817369 0.0095837377 0.0673742741 -0.0136848362 0.9980637431 0.0606749393 -0.0666623265 -0.0614562854 0.9958811402
-239.8 -533.6 2508.0 0.9977870584 -0.0060204579 0.0662173405 0.0080705397 0.9994949698 -0.0307361055 -0.0659988523 0.0312024988 0.9973317385
-66.1 -147.9 2515.1 0.9166498780 0.1215157360 -0.3807715476 -0.1058013290 0.9924512506 0.0620205887 0.3854337037 -0.0165650249 0.9225868583
-113.3 -532.8 2521.5 0.9137726426 -0.1037720144 -0.3927479684 0.0873694867 0.9943995476 -0.0594656132 0.3967192471 0.0200238619 0.9177215695
-201.5 172.7 2207.6 0 0 0 0 0 0 0 0 0
12.0 -279.3 2420.8 0 0 0 0 0 0 0 0 0
-237.9 -848.5 2498.2 0 0 0 0 0 0 0 0 0
-81.6 -836.2 2515.4 0 0 0 0 0 0 0 0 0
-163.8 446.6 2497.5 93 0.9799442887 0.0146171264 -0.1987347305 -0.0149160596 0.9998887777 -0.0000070817 0.1987125129 0.0029712787 0.9800533056
-166.9 235.4 2496.9 0.9799442887 0.0146171264 -0.1987347305 -0.0149160596 0.9998887777 -0.0000070817 0.1987125129 0.0029712787 0.9800533056
-154.2 42.8 2502.0 0.9777424335 -0.0662627891 -0.1990703046 0.0702389926 0.9974458814 0.0129707959 0.1977023631 -0.0266645961 0.9798993468
-299.8 225.9 2470.1 0.3042638302 -0.7442659140 -0.5945516825 0.7384495139 0.5785634518 -0.3463476002 0.6017606258 -0.3336653709 0.7256387472
-360.1 79.5 2350.9 -0.6489405632 -0.7442659140 -0.1579377353 -0.5083050728 0.5785634518 -0.6378795505 0.5661290288 -0.3336653709 -0.7537674308
-34.0 244.9 2523.7 0.2642684281 0.2998902202 0.9166395664 -0.9608152509 0.1642909497 0.2232544720 -0.0836437494 -0.9397203326 0.3315559924
37.9 -16.6 2500.9 -0.0881117210 0.3120513260 0.9459705353 -0.9448830485 0.2744426727 -0.1785420030 -0.3153289557 -0.9095631838 0.2706703842
-220.2 -165.4 2490.9 0.9973036647 0.0502160527 0.0535137281 -0.0519302823 0.9981651306 0.0311386734 -0.0518518761 -0.0338336974 0.9980815053
-239.8 -555.7 2504.1 0.9986806512 -0.0077280723 0.0507670045 0.0088543240 0.9997188449 -0.0219974089 -0.0505827330 0.0224178936 0.9984682202
-42.4 -148.1 2524.0 0.9002525806 0.1860562563 -0.3936094344 -0.1747971028 0.9824815989 0.0646206811 0.3987371325 0.0106268534 0.9170036912
-114.4 -527.9 2519.9 0.9030535221 -0.1124565974 -0.4145453572 0.0941974148 0.9934745431 -0.0643052980 0.4190718234 0.0190220233 0.9077538252
-198.1 206.4 2209.6 0 0 0 0 0 0 0 0 0
13.7 -276.0 2414.4 0 0 0 0 0 0 0 0 0
-237.5 -848.7 2497.6 0 0 0 0 0 0 0 0 0
-79.1 -839.2 2513.9 0 0 0 0 0 0 0 0 0
-163.6 444.0 2497.8 94 0.9729063511 0.0017302769 -0.2311929613 -0.0006584040 0.9999886751 0.0047133430 0.2311985046 -0.0044334228 0.9728965163
-163.9 239.5 2498.7 0.9729063511 0.0017302769 -0.2311929613 -0.0006584040 0.9999886751 0.0047133430 0.2311985046 -0.0044334228 0.9728965163
-156.2 46.2 2502.4 0.9720638990 -0.0398934782 -0.2313013971 0.0434719101 0.9990006089 0.0103927720 0.2306556255 -0.0201575514 0.9728266597
-296.2 233.6 2467.3 0.3023483157 -0.7548382282 -0.5820693374 0.7154332995 0.5832243562 -0.3847135901 0.6298735738 -0.3001143038 0.7163733244
-355.7 92.9 2343.4 -0.6413657665 -0.7548382282 -0.1373652071 -0.5604808331 0.5832243562 -0.5879716277 0.5239381790 -0.3001143038 -0.7971324921
-31.6 245.4 2530.0 0.2585299909 0.3292187154 0.9081724882 -0.9605975151 0.1869345158 0.2056888193 -0.1020521820 -0.9255649447 0.3645748794
36.7 -8.4 2503.1 -0.0791969076 0.3368627727 0.9382171035 -0.9479612708 0.2657023966 -0.1754187196 -0.3083785474 -0.9032860398 0.2982900441
-231.3 -153.3 2489.6 0.9991515875 0.0342392810 0.0228859540 -0.0355033912 0.9977241755 0.0573238581 -0.0208711401 -0.0580877550 0.9980933070
-244.6 -541.9 2512.2 0.9995645881 -0.0221995395 0.0194365140 0.0229686443 0.9989242554 -0.0402843058 -0.0185213108 0.0407131985 0.9989991784
-54.9 -143.2 2525.3 0.8917519450 0.1554317772 -0.4249933958 -0.1469930559 0.9877268672 0.0528074168 0.4279853702 0.0153799579 0.9036548138
-115.1 -525.7 2519.3 0.8902477026 -0.1152341738 -0.4406586885 0.0954387486 0.9931839705 -0.0669102967 0.4453655183 0.0175108239 0.8951776028
-193.2 234.9 2210.6 0 0 0 0 0 0 0 0 0
15.0 -268.6 2418.4 0 0 0 0 0 0 0 0 0
-237.8 -846.4 2499.8 0 0 0 0 0 0 0 0 0
-78.6 -839.7 2513.8 0 0 0 0 0 0 0 0 0
-164.7 445.0 2489.4 95 0.9613337517 -0.0040428657 -0.2753562331 0.0135703254 0.9993729591 0.0327041112 0.2750513554 -0.0351762399 0.9607858062
-163.8 243.4 2496.5 0.9613337517 -0.0040428657 -0.2753562331 0.0135703254 0.9993729591 0.0327041112 0.2750513554 -0.0351762399 0.9607858062
-158.4 49.8 2503.5 0.9609400034 -0.0285855588 -0.2752765417 0.0376850925 0.9989022613 0.0278226882 0.2741790414 -0.0371097550 0.9609624147
-294.8 238.2 2459.1 0.3150278926 -0.7608253360 -0.5673642755 0.7126026154 0.5844593644 -0.3880783319 0.6268611550 -0.2820497453 0.7262871265
-354.8 102.4 2339.7 -0.6392062902 -0.7608253360 -0.1120717227 -0.5998579264 0.5844593644 -0.5464227200 0.4812336266 -0.2820497453 -0.8299772143
-32.9 248.5 2533.8 0.2494522929 0.3658659160 0.8966134787 -0.9623909593 0.1965364665 0.1875553429 -0.1075971276 -0.9096788168 0.4011325538
34.0 -9.5 2505.0 -0.0649710745 0.3721815348 0.9258831739 -0.9460005164 0.2723232210 -0.1758497655 -0.3175875247 -0.8873111010 0.3343907893
-236.6 -149.7 2485.7 0.9996415973 0.0151484720 -0.0220735613 -0.0135378819 0.9973579645 0.0713712946 0.0230964068 -0.0710468888 0.9972055554
-242.5 -537.4 2513.3 0.9996422529 -0.0122534782 -0.0237755645 0.0109949475 0.9985677004 -0.0523610339 0.0243831165 0.0520808920 0.9983451366
-62.0 -143.1 2527.1 0.8716358542 0.1359113604 -0.4709342122 -0.1364965439 0.9900873303 0.0331019573 0.4707649350 0.0354280323 0.8815470934
-114.7 -526.9 2513.4 0.8695889711 -0.1116659045 -0.4809841216 0.0981394500 0.9937454462 -0.0532792993 0.4839252532 -0.0008724259 0.8751088977
-189.1 257.9 2214.9 0 0 0 0 0 0 0 0 0
16.1 -269.2 2417.8 0 0 0 0 0 0 0 0 0
-238.7 -847.6 2497.1 0 0 0 0 0 0 0 0 0
-79.8 -836.9 2513.7 0 0 0 0 0 0 0 0 0
-164.7 445.4 2492.7 96 0.9636851549 -0.0075660925 -0.2669337988 0.0142434537 0.9996320009 0.0230877344 0.2666608691 -0.0260513667 0.9634382725
-163.2 245.1 2497.9 0.9636851549 -0.0075660925 -0.2669337988 0.0142434537 0.9996320009 0.0230877344 0.2666608691 -0.0260513667 0.9634382725
-159.1 51.3 2503.6 0.9634824395 -0.0212057587 -0.2669304311 0.0283262469 0.9993374944 0.0228528958 0.2662689388 -0.0295795016 0.9634448290
-294.7 241.2 2461.6 0.3210813403 -0.7688280344 -0.5530011058 0.6972945333 0.5870416760 -0.4112936258 0.6408487558 -0.2535459101 0.7245876789
-356.3 107.3 2338.5 -0.6308867335 -0.7688280344 -0.1043328792 -0.6316589713 0.5870416760 -0.5063487291 0.4505428374 -0.2535459101 -0.8559939265
-31.8 249.0 2534.2 0.2386656553 0.3617578149 0.9012047648 -0.9650201201 0.1920501739 0.1784738749 -0.1085122079 -0.9122762680 0.3949393630
31.8 -8.0 2505.3 -0.0660434291 0.3679594696 0.9274934530 -0.9482766390 0.2661021352 -0.1730925888 -0.3104990423 -0.8909519911 0.3313530684
-239.5 -146.5 2486.2 0.9998993278 0.0056185336 -0.0130298864 -0.0047009718 0.9975770712 0.0694113299 0.0133883059 -0.0693430901 0.9975030422
-241.6 -534.1 2513.1 0.9998608828 -0.0096185850 -0.0136250248 0.0088615576 0.9984704852 -0.0545722768 0.0141290938 0.0544439480 0.9984168410
-67.2 -140.3 2535.3 0.8763743043 0.1194954216 -0.4665714204 -0.1325387061 0.9911656976 0.0049001016 0.4630351365 0.0575444475 0.8844699264
-113.6 -524.7 2513.0 0.8753637671 -0.1058596745 -0.4717330039 0.0974469334 0.9943409562 -0.0423101597 0.4735423923 -0.0089321565 0.8807257414
-188.4 275.5 2218.5 0 0 0 0 0 0 0 0 0
13.7 -268.4 2420.0 0 0 0 0 0 0 0 0 0
-238.6 -846.9 2496.0 0 0 0 0 0 0 0 0 0
-80.7 -833.1 2515.7 0 0 0 0 0 0 0 0 0
-164.9 445.6 2494.8 97 0.9660676122 -0.0115257492 -0.2580320239 0.0180262271 0.9995765686 0.0228409022 0.2576595247 -0.0267171990 0.9658663273
-162.6 247.0 2500.1 0.9660676122 -0.0115257492 -0.2580320239 0.0180262271 0.9995765686 0.0228409022 0.2576595247 -0.0267171990 0.9658663273
-159.0 53.1 2505.4 0.9659549594 -0.0189690534 -0.2580139637 0.0254111718 0.9994424582 0.0216560811 0.2574593127 -0.0274752360 0.9658984542
-294.5 243.5 2465.0 0.3196578324 -0.7729985118 -0.5479891896 0.6770127416 0.5909471512 -0.4386744201 0.6629273295 -0.2307699472 0.7122307420
-357.4 110.3 2334.5 -0.6298083067 -0.7729985118 -0.0762548074 -0.6711001992 0.5909471512 -0.4476672709 0.3911087215 -0.2307699472 -0.8909428716
-30.8 250.5 2535.3 0.2303152382 0.3551541269 0.9059914351 -0.9670315981 0.1874815077 0.1723385751 -0.1086498797 -0.9158145189 0.3866251111
30.4 -6.4 2506.4 -0.0769172236 0.3613955975 0.9292346239 -0.9506548047 0.2543742359 -0.1776208580 -0.3005647361 -0.8970434666 0.3239966929
-241.6 -144.7 2485.5 0.9999870062 0.0035540808 -0.0036581568 -0.0032727157 0.9972350597 0.0742398351 0.0039118966 -0.0742269009 0.9972336888
-243.0 -532.0 2514.3 0.9998906255 -0.0142217269 -0.0040652300 0.0140092112 0.9987376332 -0.0482372604 0.0047461158 0.0481750332 0.9988276362
-69.0 -139.9 2533.2 0.8816145062 0.1200206801 -0.4564546943 -0.1244933158 0.9920109510 0.0203891266 0.4552551806 0.0388502106 0.8895130157
-115.5 -524.7 2518.1 0.8789495230 -0.1080439612 -0.4645150304 0.0914914161 0.9941091537 -0.0581060871 0.4680566490 0.0085731801 0.8836568594
-185.9 293.0 2228.0 0 0 0 0 0 0 0 0 0
9.3 -267.4 2423.9 0 0 0 0 0 0 0 0 0
-238.5 -847.5 2499.1 0 0 0 0 0 0 0 0 0
-82.4 -829.2 2515.5 0 0 0 0 0 0 0 0 0
-166.8 446.6 2503.4 98 0.9736979604 -0.0144040221 -0.2273868024 0.0152114145 0.9998826981 0.0017986611 0.2273342162 -0.0052102278 0.9738028646
-163.9 247.8 2504.4 0.9736979604 -0.0144040221 -0.2273868024 0.0152114145 0.9998826981 0.0017986611 0.2273342162 -0.0052102278 0.9738028646
-160.1 53.8 2505.9 0.9735998511 -0.0197808426 -0.2274028659 0.0209522434 0.9997767210 0.0027381997 0.2272979319 -0.0074305111 0.9737969041
-296.8 244.9 2473.4 0.3301122189 -0.7617020607 -0.5575265288 0.6441240311 0.6135272384 -0.4568244517 0.6900218725 -0.2083128989 0.6931634545
-364.1 113.5 2332.7 -0.6433623433 -0.7617020607 -0.0767779276 -0.6780817509 0.6135272384 -0.4047091305 0.3553731441 -0.2083128989 -0.9112165570
-31.0 250.7 2535.4 0.2468224764 0.3315186203 0.9105899334 -0.9636290073 0.1833159924 0.1944592446 -0.1024588421 -0.9254677892 0.3647074401
33.8 -2.4 2508.5 -0.0923019201 0.3396550119 0.9360100627 -0.9481082559 0.2572535276 -0.1868459135 -0.3042550385 -0.9046850801 0.2982847393
-242.0 -143.0 2487.7 0.9995529056 -0.0110264178 0.0277922004 0.0093420791 0.9981533289 0.0600223280 -0.0284027085 -0.0597358532 0.9978100657
-237.7 -530.5 2510.9 0.9995830655 0.0031297859 0.0287042111 -0.0021557764 0.9994228482 -0.0339010246 -0.0287937485 0.0338250101 0.9990128875
-68.9 -138.6 2533.8 0.8967587948 0.1156255305 -0.4271467924 -0.1225791797 0.9923945069 0.0112892883 0.4252034724 0.0422355346 0.9041118026
-113.8 -523.7 2517.4 0.8947300911 -0.1057515293 -0.4339063168 0.0908955857 0.9943453670 -0.0549116880 0.4372597337 0.0096909702 0.8992830515
-183.9 303.5 2233.1 0 0 0 0 0 0 0 0 0
8.5 -262.8 2425.0 0 0 0 0 0 0 0 0 0
-238.7 -846.1 2500.2 0 0 0 0 0 0 0 0 0
-80.9 -832.4 2514.4 0 0 0 0 0 0 0 0 0
-167.5 444.9 2499.2 99 0.9776304364 -0.0124909310 -0.2099588215 0.0170223899 0.9996592402 0.0197892729 0.2096400857 -0.0229205955 0.9775099158
-165.0 246.7 2503.7 0.9776304364 -0.0124909310 -0.2099588215 0.0170223899 0.9996592402 0.0197892729 0.2096400857 -0.0229205955 0.9775099158
-161.8 52.7 2507.7 0.9775804877 -0.0165810548 -0.2099082470 0.0204580817 0.9996576309 0.0163121000 0.2095659226 -0.0202407110 0.9775850177
-298.5 243.9 2475.1 0.3399503827 -0.7567999959 -0.5582897663 0.6139185429 0.6282896996 -0.4778662026 0.7124168873 -0.1802936345 0.6782008410
-366.8 120.6 2332.1 -0.6482152939 -0.7567999959 -0.0840872154 -0.6859138608 0.6282896996 -0.3671160340 0.3306645453 -0.1802936345 -0.9263666272
-31.6 249.5 2532.3 0.2383165061 0.3161098361 0.9183026552 -0.9667499661 0.1675010771 0.1932301223 -0.0927347392 -0.9338189960 0.3455174267
30.6 -2.5 2508.2 -0.0697279125 0.3252629936 0.9430493116 -0.9492605925 0.2689771652 -0.1629588902 -0.3066632152 -0.9065623283 0.2900041342
-243.6 -142.0 2486.9 0.9988684654 -0.0119421585 0.0460344329 0.0093221152 0.9983468652 0.0567151420 -0.0466356352 -0.0562218279 0.9973285198
-239.0 -529.6 2508.8 0.9989000559 -0.0005010524 0.0468871258 0.0018568714 0.9995812178 -0.0288775712 -0.0468530245 0.0289328713 0.9984827042
-69.2 -138.3 2527.6 0.9049364924 0.1118784547 -0.4105766118 -0.1106170863 0.9934986830 0.0269125253 0.4109182358 0.0210626628 0.9114288688
-112.7 -523.8 2519.5 0.9020272493 -0.1045609862 -0.4188243747 0.0871453136 0.9943532944 -0.0605578832 0.4227913916 0.0181262773 0.9060457349
-183.7 314.4 2238.6 0 0 0 0 0 0 0 0 0
11.4 -263.1 2424.0 0 0 0 0 0 0 0 0 0
-238.8 -847.3 2499.6 0 0 0 0 0 0 0 0 0
-80.2 -832.9 2513.8 0 0 0 0 0 0 0 0 0
-168.8 442.4 2489.1 00 0.9740054011 -0.0112063363 -0.2262474597 0.0233482830 0.9984225035 0.0510622114 0.2253183424 -0.0550173558 0.9727305770
-166.6 243.9 2500.0 0.9740054011 -0.0112063363 -0.2262474597 0.0233482830 0.9984225035 0.0510622114 0.2253183424 -0.0550173558 0.9727305770
-163.5 50.0 2508.1 0.9739821553 -0.0160277877 -0.2260572314 0.0250524506 0.9989970922 0.0371097438 0.2252357304 -0.0418075174 0.9734069109
-299.6 240.4 2469.3 0.3443116844 -0.7600793839 -0.5511159301 0.5876485109 0.6322743297 -0.5048745871 0.7322012186 -0.1500282437 0.6643589735
-365.9 127.2 2328.2 -0.6452972293 -0.7600793839 -0.0766211450 -0.7071641088 0.6322743297 -0.3164618611 0.2889817357 -0.1500282437 -0.9455057383
-33.6 247.3 2530.8 0.2408132553 0.3277078569 0.9135735035 -0.9668701887 0.1631248891 0.1963474751 -0.0846819729 -0.9305900335 0.3561335802
29.1 -4.1 2508.7 -0.0603645183 0.3359414041 0.9399465322 -0.9516082406 0.2648988664 -0.1557895690 -0.3013269603 -0.9038650393 0.3036940992
-246.2 -143.1 2492.8 0.9993951321 -0.0174430162 0.0300842226 0.0162656363 0.9991089106 0.0389464982 -0.0307367593 -0.0384336002 0.9987882972
-239.4 -530.9 2507.7 0.9995124340 -0.0011800900 0.0312009770 0.0020885621 0.9995743036 -0.0291002505 -0.0311533529 0.0291512273 0.9990894198
-71.1 -139.5 2530.4 0.8962509036 0.1187921464 -0.4273437858 -0.1166721806 0.9926787019 0.0312509090 0.4279274344 0.0218504760 0.9035488963
-117.2 -524.8 2521.9 0.8908317685 -0.1214921772 -0.4377880991 0.0971256569 0.9922327399 -0.0777223036 0.4438303411 0.0267170370 0.8957124949
-182.7 328.1 2246.1 0 0 0 0 0 0 0 0 0
12.5 -265.4 2426.0 0 0 0 0 0 0 0 0 0
-239.1 -847.4 2498.5 0 0 0 0 0 0 0 0 0
-79.1 -835.7 2513.5 0 0 0 0 0 0 0 0 0
-169.5 448.4 2486.0 01 0.9752435088 -0.0125930710 -0.2207747698 0.0258146748 0.9980344176 0.0571047030 0.2196216881 -0.0613902211 0.9736516476
-167.0 250.0 2498.2 0.9752435088 -0.0125930710 -0.2207747698 0.0258146748 0.9980344176 0.0571047030 0.2196216881 -0.0613902211 0.9736516476
-163.8 56.2 2508.1 0.9752201438 -0.0165783167 -0.2206146568 0.0274144113 0.9985584021 0.0461468324 0.2195315957 -0.0510513410 0.9742687941
-300.2 246.3 2468.2 0.3351971507 -0.7647333145 -0.5502961278 0.5938407183 0.6249455214 -0.5067507029 0.7314342856 -0.1569268405 0.6636097431
-365.4 130.8 2326.0 -0.6423356533 -0.7647333145 -0.0508712344 -0.7201640606 0.6249455214 -0.3013416231 0.2622377276 -0.1569268405 -0.9521582723
-33.8 253.8 2528.2 0.2265206724 0.3222049475 0.9191693664 -0.9704276323 0.1554811895 0.1846505255 -0.0834182277 -0.9338145256 0.3478962779
26.8 -5.6 2505.9 -0.0539972857 0.3299143016 0.9424653053 -0.9547018409 0.2595370114 -0.1455504894 -0.2926238179 -0.9076327085 0.3009555042
-247.7 -146.1 2496.1 0.9992036223 -0.0177417044 0.0357400253 0.0161605589 0.9988984466 0.0440534279 -0.0364822373 -0.0434407629 0.9983896613
-240.8 -533.8 2512.9 0.9992898703 -0.0058883126 0.0372169688 0.0076648593 0.9988287687 -0.0477739014 -0.0368920714 0.0480252393 0.9981645942
-73.2 -141.6 2536.4 0.8993534446 0.1003406420 -0.4255527556 -0.1062274203 0.9942921400 0.0099445237 0.4241215885 0.0362617262 0.9048789740
-112.2 -527.4 2522.3 0.8953123093 -0.1056974679 -0.4327169061 0.0799365193 0.9937938452 -0.0773562118 0.4382077456 0.0346680880 0.8982049227
-181.5 337.0 2250.9 0 0 0 0 0 0 0 0 0
11.9 -267.7 2425.6 0 0 0 0 0 0 0 0 0
-238.9 -847.3 2497.9 0 0 0 0 0 0 0 0 0
-79.2 -836.9 2511.5 0 0 0 0 0 0 0 0 0
-169.2 446.3 2481.5 02 0.9714004993 -0.0107960021 -0.2372014821 0.0247319788 0.9981325269 0.0558546893 0.2361555099 -0.0601237342 0.9698534608
-166.8 227.7 2494.7 0.9714004993 -0.0107960021 -0.2372014821 0.0247319788 0.9981325269 0.0558546893 0.2361555099 -0.0601237342 0.9698534608
-150.5 35.9 2513.7 0.9675065875 -0.0849927887 -0.2381328195 0.1056147963 0.9915596247 0.0752000362 0.2297314256 -0.0979068801 0.9683169723
-298.6 213.3 2463.5 0.3712237477 -0.7644336224 -0.5270997286 0.4453901052 0.6446892023 -0.6212917566 0.8147518635 -0.0041267453 0.5797951221
-362.8 136.2 2322.6 -0.6300915480 -0.7644336224 -0.1364765316 -0.7457389832 0.6446892023 -0.1680749655 0.2164671123 -0.0041267453 -0.9762811661
-35.0 242.1 2525.8 0.2303365320 0.3209796548 0.9186496139 -0.9701810479 0.1489503682 0.1912133694 -0.0754575953 -0.9352998734 0.3457171023
22.2 1.0 2507.0 -0.0482779294 0.3289240897 0.9431214929 -0.9545455575 0.2628542483 -0.1405360550 -0.2941291928 -0.9070372581 0.3012829721
-237.0 -151.3 2503.5 0.9997428656 0.0110570071 0.0197963305 -0.0115983551 0.9995560646 0.0274431780 -0.0194841027 -0.0276657268 0.9994273186
-241.1 -527.9 2513.9 0.9997822642 -0.0091588618 0.0187481847 0.0102779837 0.9981156588 -0.0604934208 -0.0181588065 0.0606729425 0.9979925156
-67.1 -138.6 2541.3 0.8894679546 0.1241579428 -0.4398085177 -0.1328999847 0.9910683632 0.0110018970 0.4372462928 0.0486647114 0.8980242014
-114.9 -520.7 2522.5 0.8859207034 -0.1141891032 -0.4495613277 0.0860779211 0.9928617477 -0.0825599954 0.4557797015 0.0344443023 0.8894259334
-182.1 350.1 2260.5 0 0 0 0 0 0 0 0 0
9.0 -261.1 2426.3 0 0 0 0 0 0 0 0 0
-238.2 -849.7 2494.3 0 0 0 0 0 0 0 0 0
-78.4 -838.1 2511.5 0 0 0 0 0 0 0 0 0
-166.6 445.4 2481.2 03 0.9642270207 -0.0082530528 -0.2649493814 0.0204055179 0.9988602996 0.0431475043 0.2642913163 -0.0470104180 0.9632964730
-164.7 212.9 2492.2 0.9642270207 -0.0082530528 -0.2649493814 0.0204055179 0.9988602996 0.0431475043 0.2642913163 -0.0470104180 0.9632964730
-145.1 21.1 2511.2 0.9585655332 -0.1011885330 -0.2662948966 0.1232933328 0.9900651574 0.0675998628 0.2568089664 -0.0976312831 0.9615182281
-295.4 196.1 2457.2 0.4042944312 -0.7539567947 -0.5177790523 0.3323014975 0.6485073566 -0.6848459244 0.8521277905 0.1048206165 0.5127288699
-361.4 141.8 2318.1 -0.6255227923 -0.7539567947 -0.2006747723 -0.7574619651 0.6485073566 -0.0754295290 0.1870096773 0.1048206165 -0.9767497182
-34.0 229.7 2527.1 0.2360664159 0.3386151791 0.9108306170 -0.9665083289 0.1789218932 0.1839798540 -0.1006691754 -0.9237568378 0.3695118427
26.7 -19.0 2501.2 -0.0777840242 0.3458645344 0.9350547194 -0.9512292147 0.2550826967 -0.1734812856 -0.2985173166 -0.9029454589 0.3091550767
-215.0 -171.0 2514.9 0.9976427555 0.0679666102 -0.0094609559 -0.0680449679 0.9976483583 -0.0082223741 0.0088798599 0.0088467617 0.9999214411
-241.0 -551.7 2511.5 0.9998657703 -0.0106395520 -0.0124591636 0.0099734105 0.9985784888 -0.0523595586 0.0129985344 0.0522282720 0.9985505939
-44.6 -148.2 2555.0 0.8669376373 0.1797996312 -0.4648561776 -0.2038141042 0.9790085554 -0.0014385970 0.4548394978 0.0959914178 0.8853850365
-114.0 -526.0 2517.9 0.8729198575 -0.1097915918 -0.4753490686 0.0903208479 0.9938739538 -0.0636924356 0.4794299304 0.0126644634 0.8774887919
-182.4 358.7 2264.5 0 0 0 0 0 0 0 0 0
5.4 -280.1 2419.3 0 0 0 0 0 0 0 0 0
-237.8 -850.8 2495.9 0 0 0 0 0 0 0 0 0
-79.3 -839.8 2513.9 0 0 0 0 0 0 0 0 0
-161.9 443.2 2474.1 04 0.9657734632 -0.0286183245 -0.2578033209 0.0446891189 0.9973909259 0.0566940308 0.2555082142 -0.0662745982 0.9645326734
-155.0 202.5 2490.1 0.9657734632 -0.0286183245 -0.2578033209 0.0446891189 0.9973909259 0.0566940308 0.2555082142 -0.0662745982 0.9645326734
-148.0 10.3 2511.5 0.9651655555 -0.0362619236 -0.2591149509 0.0633424744 0.9932727814 0.0969376191 0.2538566887 -0.1099738330 0.9609695673
-286.5 193.9 2455.4 0.4425357580 -0.7449697256 -0.4991815388 0.2759284675 0.6427692175 -0.7146406174 0.8532441258 0.1785156131 0.4900067151
-359.6 148.3 2314.4 -0.6247668266 -0.7449697256 -0.2338514477 -0.7660592198 0.6427692175 -0.0010058710 0.1510618627 0.1785156131 -0.9722718000
-23.5 211.1 2524.8 0.2179691494 0.3401595354 0.9147573113 -0.9696751833 0.1816450208 0.1635089219 -0.1105419919 -0.9226573706 0.3694372475
30.4 -28.8 2497.4 -0.1108586341 0.3456040025 0.9318091273 -0.9540535212 0.2256114781 -0.1971834153 -0.2783742249 -0.9108552933 0.3047137558
-208.5 -184.6 2508.6 0.9955381155 0.0942418724 -0.0047291708 -0.0940514654 0.9950836897 0.0310277008 0.0076300297 -0.0304444730 0.9995073080
-244.8 -567.2 2520.3 0.9995642304 -0.0248595309 -0.0159187689 0.0233710837 0.9958729744 -0.0876975060 0.0180331897 0.0872872472 0.9960199594
-38.3 -160.6 2554.0 0.8625146747 0.1942400038 -0.4672678411 -0.2111406177 0.9773159623 0.0165258124 0.4598782957 0.0844054669 0.8839613795
-113.5 -538.8 2521.4 0.8677377701 -0.1129118204 -0.4840269685 0.0850894526 0.9932244420 -0.0791514888 0.4896845520 0.0274971426 0.8714659810
-179.9 368.6 2270.9 0 0 0 0 0 0 0 0 0
-0.0 -290.5 2421.0 0 0 0 0 0 0 0 0 0
-237.8 -847.6 2495.7 0 0 0 0 0 0 0 0 0
-79.6 -837.2 2513.1 0 0 0 0 0 0 0 0 0
-164.0 442.7 2452.5 05 0.9644609690 -0.0615210831 -0.2569634914 0.1012300476 0.9843454957 0.1442789733 0.2440646589 -0.1651638597 0.9555905461
-149.1 205.4 2492.4 0.9644609690 -0.0615210831 -0.2569634914 0.1012300476 0.9843454957 0.1442789733 0.2440646589 -0.1651638597 0.9555905461
-151.3 12.7 2510.6 0.9667077661 0.0107571790 -0.2556567490 0.0135997441 0.9955438972 0.0933134779 0.2555213273 -0.0936837345 0.9622536898
-280.9 203.6 2457.5 0.4510874152 -0.7470808625 -0.4882523417 0.2886859179 0.6398029923 -0.7122587562 0.8445001841 0.1803393811 0.5042787790
-358.1 154.1 2312.9 -0.6261031628 -0.7470808625 -0.2233047485 -0.7684118748 0.6398029923 0.0139743052 0.1324311197 0.1803393811 -0.9746484756
-17.4 207.2 2527.2 0.1548360884 0.3518314660 0.9231686592 -0.9807032943 0.1676335037 0.1005986407 -0.1193602383 -0.9209308624 0.3709979951
23.1 -49.5 2496.0 -0.1173508093 0.3614702225 0.9249692559 -0.9475181103 0.2381598055 -0.2132824361 -0.2973857224 -0.9014539123 0.3145513237
-225.8 -188.9 2510.8 0.9986470938 0.0517779663 -0.0047970861 -0.0517062359 0.9985637665 0.0140326004 0.0055167759 -0.0137655763 0.9998900294
-245.8 -574.4 2516.1 0.9995085597 -0.0298902486 -0.0094440673 0.0290874224 0.9966819286 -0.0760203302 0.0116849970 0.0757082626 0.9970615506
-54.0 -176.7 2556.1 0.8695957661 0.1399164498 -0.4735257030 -0.1631693840 0.9865644574 -0.0081406394 0.4660246372 0.0843439624 0.8807423711
-108.2 -558.5 2523.4 0.8695852757 -0.1038773507 -0.4827327728 0.0729008317 0.9939165711 -0.0825548545 0.4883717000 0.0365968645 0.8718679547
-178.1 375.1 2274.8 0 0 0 0 0 0 0 0 0
-9.1 -309.5 2414.3 0 0 0 0 0 0 0 0 0
-237.5 -852.3 2495.0 0 0 0 0 0 0 0 0 0
-78.8 -839.9 2513.1 0 0 0 0 0 0 0 0 0
-162.9 440.6 2434.3 06 0.9620523453 -0.0572403558 -0.2667935193 0.1198903248 0.9669882655 0.2248556316 0.2451153696 -0.2483088523 0.9371559024
-149.0 206.3 2494.4 0.9620523453 -0.0572403558 -0.2667935193 0.1198903248 0.9669882655 0.2248556316 0.2451153696 -0.2483088523 0.9371559024
-153.5 13.0 2504.2 0.9642720819 0.0234679151 -0.2638722658 -0.0092901522 0.9984514117 0.0548497885 0.2647508383 -0.0504387096 0.9629968405
-280.6 207.6 2458.3 0.4462842345 -0.7552095652 -0.4800925851 0.3190066218 0.6354945898 -0.7031226158 0.8361011744 0.1606398374 0.5245280862
-359.0 151.6 2311.4 -0.6230041981 -0.7552095652 -0.2037750483 -0.7720870972 0.6354945898 0.0053093657 0.1254882514 0.1606398374 -0.9790033698
-17.5 205.0 2530.5 0.1488238871 0.3674310148 0.9180663824 -0.9810329080 0.1714679301 0.0904057622 -0.1242010593 -0.9141078591 0.3859804273
22.4 -57.9 2497.2 -0.1610268205 0.3765051961 0.9123125672 -0.9405082464 0.2216822654 -0.2574902475 -0.2991899252 -0.8995003104 0.3184094727
-239.1 -181.9 2506.2 0.9996620417 0.0229916647 -0.0121341385 -0.0227219723 0.9995015860 0.0219143499 0.0126319388 -0.0216312315 0.9996862411
-248.0 -568.7 2514.6 0.9992002249 -0.0373861343 -0.0141842859 0.0363141000 0.9969201684 -0.0695089251 0.0167392716 0.0689382479 0.9974805117
-66.6 -179.0 2551.8 0.8730536103 0.1018029079 -0.4768789411 -0.1154519394 0.9933128357 0.0006844538 0.4737596512 0.0544590354 0.8789687157
-106.0 -563.6 2530.7 0.8694497347 -0.0939295366 -0.4850097001 0.0486634411 0.9932675958 -0.1051252261 0.4916188121 0.0677988529 0.8681671619
-179.6 373.8 2275.3 0 0 0 0 0 0 0 0 0
-21.8 -315.8 2415.1 0 0 0 0 0 0 0 0 0
-237.4 -850.4 2495.1 0 0 0 0 0 0 0 0 0
-80.0 -838.6 2512.0 0 0 0 0 0 0 0 0 0
-162.4 436.4 2417.1 07 0.9643782377 -0.0600803941 -0.2576138973 0.1371928453 0.9462497234 0.2928985357 0.2261696160 -0.3178077638 0.9207853079
-147.8 206.3 2494.4 0.9643782377 -0.0600803941 -0.2576138973 0.1371928453 0.9462497234 0.2928985357 0.2261696160 -0.3178077638 0.9207853079
-155.2 13.0 2506.2 0.9661586285 0.0382541269 -0.2550963163 -0.0213510282 0.9974085093 0.0687054619 0.2570635080 -0.0609338023 0.9644715786
-279.7 209.3 2459.3 0.4401725233 -0.7615494132 -0.4757001996 0.3325743079 0.6303790212 -0.7014389634 0.8340518475 0.1505485028 0.5307472944
-359.5 148.9 2308.0 -0.6203821898 -0.7615494132 -0.1875326335 -0.7762460709 0.6303790212 0.0080225328 0.1121070832 0.1505485028 -0.9822255969
-15.9 203.4 2529.5 0.1318378747 0.3619445860 0.9228298068 -0.9839761853 0.1605200619 0.0776155591 -0.1200401783 -0.9182752371 0.3773074746
19.2 -58.7 2497.5 -0.1654215604 0.3732119203 0.9128792882 -0.9398978949 0.2206986994 -0.2605457008 -0.2987100184 -0.9011131525 0.3142727613
-244.0 -179.9 2490.5 0.9999649525 0.0078666164 -0.0028605198 -0.0076664230 0.9979007840 0.0643059313 0.0033603851 -0.0642817467 0.9979261160
-247.0 -566.3 2515.4 0.9995583296 -0.0294628628 -0.0038873928 0.0291200187 0.9971361160 -0.0697968602 0.0059326752 0.0696528330 0.9975536466
-71.6 -181.4 2537.7 0.8789858818 0.0882999152 -0.4686010480 -0.0859388784 0.9959487319 0.0264684279 0.4690397978 0.0170056727 0.8830133080
-105.8 -567.2 2531.1 0.8744539618 -0.0927366838 -0.4761618674 0.0479190312 0.9932697415 -0.1054463908 0.4827359319 0.0693908036 0.8730125427
-180.9 372.4 2275.8 0 0 0 0 0 0 0 0 0
-26.2 -316.6 2415.5 0 0 0 0 0 0 0 0 0
-238.7 -850.2 2495.5 0 0 0 0 0 0 0 0 0
-80.4 -839.2 2512.1 0 0 0 0 0 0 0 0 0
-163.4 434.2 2403.5 08 0.9118015766 -0.0267050061 -0.4097617269 0.1459972709 0.9537641406 0.2627143264 0.3838002384 -0.2993674278 0.8735424876
-157.4 221.4 2470.3 0.9118015766 -0.0267050061 -0.4097617269 0.1459972709 0.9537641406 0.2627143264 0.3838002384 -0.2993674278 0.8735424876
-160.6 30.6 2500.1 0.9126386046 0.0090089850 -0.4086680412 0.0541381910 0.9882859588 0.1426880807 0.4051663578 -0.1523472071 0.9014602304
-280.3 213.3 2416.3 0.5275513530 -0.7719012499 -0.3547647893 0.4356057048 0.6043187380 -0.6671181321 0.7293403149 0.1974014938 0.6550537348
-359.8 147.6 2306.3 -0.6035189033 -0.7719012499 -0.1998333186 -0.7941577435 0.6043187380 0.0641277432 0.0712627321 0.1974014938 -0.9777291417
-34.5 229.4 2524.4 0.1861570477 0.4834751189 0.8553346395 -0.9784343243 0.1705311090 0.1165565923 -0.0895089582 -0.8585866094 0.5047942400
20.6 -60.2 2497.9 -0.1549852937 0.4879429340 0.8590059876 -0.9393261075 0.1965556145 -0.2811268568 -0.3060162961 -0.8504573107 0.4278742969
-248.9 -178.6 2495.1 0.9864764214 -0.0012920875 -0.1638982892 0.0093893865 0.9987722635 0.0486393571 0.1636342108 -0.0495204814 0.9852774143
-248.4 -565.8 2514.3 0.9861149192 -0.0336748511 -0.1626142114 0.0226965789 0.9973651171 -0.0689034984 0.1645060480 0.0642559826 0.9842809439
-77.6 -173.6 2548.2 0.7897427678 0.0730906352 -0.6090682149 -0.0869704559 0.9961878657 0.0067770998 0.6072416902 0.0476187728 0.7930888534
-106.6 -568.8 2529.3 0.7847324610 -0.0889897123 -0.6134132743 0.0321890973 0.9941555858 -0.1030460075 0.6189982891 0.0611183271 0.7830106616
-247.0 296.0 2293.0 0 0 0 0 0 0 0 0 0
-22.0 -318.0 2413.9 0 0 0 0 0 0 0 0 0
-238.8 -849.6 2496.0 0 0 0 0 0 0 0 0 0
-82.4 -838.6 2512.7 0 0 0 0 0 0 0 0 0
-161.1 436.9 2402.3 09 0.9054740071 -0.0119541101 -0.4242333472 0.1312344223 0.9584990740 0.2530950308 0.4036017358 -0.2848449945 0.8694647551
-158.5 232.3 2463.1 0.9054740071 -0.0119541101 -0.4242333472 0.1312344223 0.9584990740 0.2530950308 0.4036017358 -0.2848449945 0.8694647551
-159.8 42.7 2501.2 0.9057248235 0.0022619895 -0.4238601923 0.0810562074 0.9806068540 0.1784379333 0.4160438478 -0.1959721595 0.8879765868
-281.3 220.9 2406.9 0.6185967326 -0.7578145862 -0.2074972987 0.4883973300 0.5777394176 -0.6539764404 0.6154722571 0.3032065630 0.7275023460
-365.8 154.2 2322.9 -0.5931423306 -0.7578145862 -0.2718441784 -0.8036185503 0.5777394176 0.1428789347 0.0487793647 0.3032065630 -0.9516755342
-35.7 243.8 2519.2 0.1872735918 0.4935414493 0.8493205905 -0.9805861712 0.1450942159 0.1319029480 -0.0581319332 -0.8575339913 0.5111322403
16.6 -30.4 2502.9 -0.1379200667 0.5003674626 0.8547575474 -0.9461849928 0.1885334700 -0.2630382180 -0.2927661836 -0.8450369835 0.4474376142
-244.4 -165.5 2494.5 0.9837036729 0.0093353288 -0.1795547605 0.0017679544 0.9981006384 0.0615786538 0.1797885895 -0.0608925931 0.9818187952
-248.0 -552.7 2518.1 0.9833756089 -0.0295720585 -0.1791590154 0.0164033975 0.9970828891 -0.0745432302 0.1808407754 0.0703651756 0.9809920192
-84.0 -150.5 2568.9 0.7771956921 0.0645777956 -0.6259365082 -0.1118173152 0.9930624962 -0.0363841243 0.6192444563 0.0982681289 0.7790248394
-109.3 -539.7 2530.4 0.7722667456 -0.0903251469 -0.6288445592 0.0329779722 0.9942062497 -0.1023051515 0.6344419122 0.0582688488 0.7707711458
-284.6 264.2 2316.2 0 0 0 0 0 0 0 0 0
-21.2 -290.1 2422.6 0 0 0 0 0 0 0 0 0
-239.1 -852.8 2496.9 0 0 0 0 0 0 0 0 0
-82.4 -836.3 2513.0 0 0 0 0 0 0 0 0 0
-161.4 438.0 2408.6 10 0.9010540247 -0.0099803060 -0.4335920215 0.1186277717 0.9672828317 0.2242574841 0.4171679318 -0.2535041571 0.8727580309
-159.3 236.9 2461.3 0.9010540247 -0.0099803060 -0.4335920215 0.1186277717 0.9672828317 0.2242574841 0.4171679318 -0.2535041571 0.8727580309
-159.1 47.1 2500.4 0.9012476802 -0.0031338080 -0.4332928956 0.0898746625 0.9795790315 0.1798541397 0.4238810241 -0.2010351866 0.8831250072
-282.0 224.4 2403.8 0.6399834752 -0.7547034025 -0.1443741322 0.5820918679 0.5988358259 -0.5500588417 0.5015876889 0.2679895461 0.8225517869
-390.4 125.8 2318.8 -0.6172497869 -0.7547034025 -0.2223183811 -0.7865313888 0.5988358259 0.1508776098 0.0192643553 0.2679895461 -0.9632291794
-36.7 249.4 2518.9 0.1914304346 0.5014405847 0.8437486291 -0.9803923368 0.1386319697 0.1400431693 -0.0467471965 -0.8540132046 0.5181468725
15.5 -17.6 2506.1 -0.1359692216 0.5096980929 0.8495411873 -0.9449323416 0.1909371465 -0.2657929063 -0.2976831198 -0.8388985991 0.4556686580
-241.5 -154.4 2502.5 0.9819315672 0.0082681514 -0.1890557706 0.0024872923 0.9983948469 0.0565824062 0.1892201453 -0.0560302846 0.9803348184
-244.7 -541.9 2524.3 0.9819637537 -0.0165350307 -0.1883449852 0.0006484073 0.9964571595 -0.0840995982 0.1890682876 0.0824606270 0.9784954786
-80.9 -137.2 2577.9 0.7686796188 0.0833853111 -0.6341754794 -0.1538710594 0.9864569902 -0.0568005703 0.6208505034 0.1412426978 0.7710999846
-113.4 -521.6 2522.8 0.7646446824 -0.1009281725 -0.6364998221 0.0579734594 0.9944285750 -0.0880389288 0.6418392658 0.0304183979 0.7662356496
-290.9 252.6 2315.7 0 0 0 0 0 0 0 0 0
-21.9 -277.0 2424.4 0 0 0 0 0 0 0 0 0
-239.6 -849.9 2498.8 0 0 0 0 0 0 0 0 0
-81.4 -836.0 2513.2 0 0 0 0 0 0 0 0 0
-160.9 438.6 2411.8 11 0.9137747288 -0.0045000701 -0.4061963558 0.1029743478 0.9698438048 0.2209054679 0.3929529488 -0.2436856478 0.8866822124
-159.9 239.6 2461.8 0.9137747288 -0.0045000701 -0.4061963558 0.1029743478 0.9698438048 0.2209054679 0.3929529488 -0.2436856478 0.8866822124
-159.5 49.8 2501.7 0.9138418436 -0.0034157052 -0.4060559869 0.0864609256 0.9786715508 0.1863505691 0.3967589140 -0.2054029107 0.8946462870
-284.5 227.7 2407.8 0.6105918884 -0.7863818407 -0.0937077478 0.6669838428 0.5744290352 -0.4745143056 0.4269779027 0.2272330374 0.8752456903
-389.1 113.4 2334.7 -0.5579462647 -0.7863818407 -0.2651405632 -0.8183479905 0.5744290352 0.0183813311 0.1378496885 0.2272330374 -0.9640345573
-35.4 251.4 2515.8 0.1971936524 0.4785393775 0.8556370139 -0.9798943400 0.1232365072 0.1569069922 -0.0303595457 -0.8693749905 0.4932194948
18.1 -14.4 2507.6 -0.1426160783 0.4918307662 0.8589314222 -0.9413263798 0.2007902116 -0.2712708712 -0.3058843613 -0.8472223878 0.4343373775
-239.3 -150.9 2501.7 0.9870947599 0.0084227081 -0.1599156111 -0.0006471208 0.9988175035 0.0486130044 0.1601359695 -0.0478821583 0.9859329462
-242.6 -538.5 2520.3 0.9871187210 -0.0094271572 -0.1597116441 -0.0029102236 0.9970393181 -0.0768383741 0.1599631608 0.0763133913 0.9841687083
-78.7 -133.4 2578.1 0.7838270068 0.0992714986 -0.6129930019 -0.1750992686 0.9824160337 -0.0647994652 0.5957813859 0.1581261903 0.7874265909
-117.3 -515.4 2516.6 0.7824091315 -0.1064186916 -0.6136049628 0.0795772001 0.9942988157 -0.0709740892 0.6176596284 0.0067018080 0.7864169478
-298.9 245.7 2312.4 0 0 0 0 0 0 0 0 0
-21.0 -272.9 2423.6 0 0 0 0 0 0 0 0 0
-239.7 -847.0 2496.7 0 0 0 0 0 0 0 0 0
-82.8 -837.5 2514.4 0 0 0 0 0 0 0 0 0
-160.7 443.1 2423.9 12 0.9330469966 -0.0025993367 -0.3597450852 0.0808083490 0.9759351015 0.2025356591 0.3505613804 -0.2180456966 0.9108033776
-160.1 245.1 2468.1 0.9330469966 -0.0025993367 -0.3597450852 0.0808083490 0.9759351015 0.2025356591 0.3505613804 -0.2180456966 0.9108033776
-159.6 54.7 2505.2 0.9330754280 -0.0037426709 -0.3596613705 0.0720456317 0.9816254377 0.1766942888 0.3523914516 -0.1907811314 0.9162002206
-287.3 235.2 2420.2 0.5275847316 -0.8331910372 -0.1656713188 0.6946223974 0.5353813171 -0.4804857671 0.4890337586 0.1384179592 0.8612121940
-385.5 105.9 2329.1 -0.5252648592 -0.8331910372 -0.1728857160 -0.8444871306 0.5353813171 -0.0144342585 0.1045862734 0.1384179592 -0.9848361015
-33.0 255.0 2516.1 0.1795926094 0.4414944947 0.8791069984 -0.9833931327 0.1043364853 0.1484986097 -0.0261616148 -0.8911770582 0.4529007375
15.9 -12.5 2509.0 -0.1224337295 0.4594418108 0.8797290325 -0.9443022609 0.2188811749 -0.2457320392 -0.3054557145 -0.8608160615 0.4070535004
-240.7 -147.8 2506.2 0.9937763214 0.0102436226 -0.1109217405 -0.0081132203 0.9997741580 0.0196407232 0.1110978872 -0.0186185520 0.9936350584
-244.6 -535.8 2513.4 0.9936656952 -0.0149999270 -0.1113711149 0.0092160767 0.9985905886 -0.0522674695 0.1119981557 0.0509099886 0.9924034476
-77.4 -131.7 2577.4 0.8125482798 0.0975680351 -0.5746700764 -0.1716324687 0.9822318554 -0.0759135336 0.5570525527 0.1603154540 0.8148567080
-115.3 -513.3 2515.1 0.8129622340 -0.1020890325 -0.5732976794 0.0807599649 0.9947645664 -0.0626197457 0.5766890645 0.0046079867 0.8169507384
-289.5 260.3 2310.0 0 0 0 0 0 0 0 0 0
-17.7 -271.7 2425.1 0 0 0 0 0 0 0 0 0
-240.0 -847.5 2497.5 0 0 0 0 0 0 0 0 0
-82.2 -835.6 2513.7 0 0 0 0 0 0 0 0 0
-165.5 439.8 2419.9 13 0.9503773451 -0.0618673116 -0.3048857749 0.1421029717 0.9581434727 0.2485314161 0.2767483294 -0.2795238197 0.9193893671
-151.7 226.2 2482.2 0.9503773451 -0.0618673116 -0.3048857749 0.1421029717 0.9581434727 0.2485314161 0.2767483294 -0.2795238197 0.9193893671
-158.4 34.2 2504.3 0.9524964094 0.0319440402 -0.3028698862 0.0039215945 0.9931149483 0.1170780361 0.3045245409 -0.1127041429 0.9458131790
-281.3 225.4 2441.1 0.4949390590 -0.8360899091 -0.2366198897 0.5870461464 0.5225112438 -0.6183517575 0.6406341791 0.1671396345 0.7494345903
-378.3 110.3 2315.5 -0.5236315727 -0.8360899091 -0.1635958403 -0.8509628773 0.5225112438 0.0533307083 0.0408913940 0.1671396345 -0.9850848913
-22.1 227.0 2523.3 0.1760828346 0.4036138356 0.8978255391 -0.9825888872 0.1269912124 0.1356183589 -0.0592785105 -0.9060734510 0.4189474583
20.1 -8.6 2509.1 -0.1332236081 0.4199074507 0.8977355957 -0.9422752261 0.2270982713 -0.2460563779 -0.3071951270 -0.8786945343 0.3654135466
-242.4 -142.3 2510.8 0.9984044433 0.0028165248 -0.0563971810 -0.0028945752 0.9999949336 -0.0013023017 0.0563932285 0.0014634697 0.9984075427
-243.5 -530.3 2510.2 0.9982832074 -0.0155608412 -0.0564672612 0.0128255403 0.9987416267 -0.0484836437 0.0571506508 0.0476761833 0.9972265363
-77.3 -137.6 2568.4 0.8428398371 0.1030308977 -0.5282098651 -0.1642257422 0.9839269519 -0.0701257735 0.5124948025 0.1458504498 0.8462131619
-116.3 -510.4 2513.1 0.8432573676 -0.1068788618 -0.5267769098 0.0904798582 0.9942719936 -0.0568909831 0.5298399925 0.0003110429 0.8480975628
-264.2 295.8 2306.6 0 0 0 0 0 0 0 0 0
-16.5 -267.3 2424.8 0 0 0 0 0 0 0 0 0
-238.6 -847.2 2495.1 0 0 0 0 0 0 0 0 0
-81.6 -833.4 2513.0 0 0 0 0 0 0 0 0 0
-167.1 438.8 2418.9 14 0.9567660689 -0.0839409605 -0.2784827352 0.1594389826 0.9521418810 0.2607777715 0.2432651371 -0.2939043343 0.9243605137
-147.4 214.9 2488.0 0.9567660689 -0.0839409605 -0.2784827352 0.1594389826 0.9521418810 0.2607777715 0.2432651371 -0.2939043343 0.9243605137
-158.3 22.4 2505.4 0.9595880508 0.0545669012 -0.2760673761 -0.0275814645 0.9945337772 0.1007065102 0.2800535560 -0.0890224203 0.9558477998
-278.1 218.6 2450.1 0.4781494737 -0.8245334029 -0.3025189936 0.5040206909 0.5396874547 -0.6743149161 0.7192608714 0.1699474752 0.6736331582
-374.3 117.2 2305.4 -0.5456514359 -0.8245334029 -0.1496970505 -0.8379031420 0.5396874547 0.0815829486 0.0135217477 0.1699474752 -0.9853603244
-16.7 211.3 2526.0 0.1562043875 0.3836623132 0.9101666808 -0.9838641286 0.1418303549 0.1090667620 -0.0872444510 -0.9125170708 0.3996261060
