49.4 483.4 2706.7  0.9847857356 -0.1006056517 0.1416883767 0.0982982218 0.9948863387 0.0232094023 -0.1432988197 -0.0089285728 0.9896391630
69.4 285.4 2708.5 0.9847857356 -0.1006056517 0.1416883767 0.0982982218 0.9948863387 0.0232094023 -0.1432988197 -0.0089285728 0.9896391630
88.7 87.6 2709.8 0.9851287603 -0.0967694521 0.1419755220 0.0948394910 0.9952852726 0.0203140881 -0.1432719231 -0.0065471064 0.9896616936
-69.2 272.1 2728.6 0.8448562026 -0.4945006073 -0.2041743994 0.3167535365 0.7699112296 -0.5539891124 0.4311441183 0.4033681452 0.8070990443
-236.5 209.4 2643.2 -0.6417956948 -0.4945006073 -0.5861462951 -0.6363968849 0.7699112296 0.0472837240 0.4278987646 0.4033681452 -0.8088243008
208.0 298.7 2688.3 0.2704614401 0.8242772818 0.4974108636 -0.9584362507 0.2792794108 0.0583348088 -0.0908325613 -0.4925139248 0.8655515313
279.0 47.1 2664.5 -0.0291625895 0.8277159333 0.5603889823 -0.9479180574 0.1549928039 -0.2782598436 -0.3171764016 -0.5393176675 0.7800869346
18.1 -117.6 2731.9 0.9495307803 0.0390555933 0.3112330437 -0.0419433117 0.9991166592 0.0025876740 -0.3108570576 -0.0155112203 0.9503300786
2.6 -514.8 2738.1 0.9499900937 -0.0031123264 0.3122645319 -0.0692049041 0.9729883671 0.2202370763 -0.3045152128 -0.2308332771 0.9241138697
198.6 -100.9 2703.4 0.9277742505 0.0024114333 0.3731341958 0.0751061291 0.9783064127 -0.1930690259 -0.3655051291 0.2071491331 0.9074663520
197.6 -489.8 2621.1 0.9290616512 -0.1201902628 0.3498553038 0.0649724677 0.9840623140 0.1655292362 -0.3641744256 -0.1310558915 0.9220636487
-67.0 377.4 2530.2 0 0 0 0 0 0 0 0 0
270.9 -218.1 2575.8 0 0 0 0 0 0 0 0 0
3.4 -765.4 2797.5 0 0 0 0 0 0 0 0 0
230.2 -756.7 2656.6 0 0 0 0 0 0 0 0 0
48.2 485.3 2710.7  0.9860818386 -0.1051763073 0.1287655979 0.1041882411 0.9944532514 0.0144044375 -0.1295663714 -0.0007880942 0.9915704131
69.1 287.3 2710.9 0.9860818386 -0.1051763073 0.1287655979 0.1041882411 0.9944532514 0.0144044375 -0.1295663714 -0.0007880942 0.9915704131
89.2 89.6 2710.5 0.9864898324 -0.1008305103 0.1291164607 0.1002484187 0.9949014783 0.0110162226 -0.1295689195 0.0020763294 0.9915682673
-69.7 273.2 2729.1 0.8518728614 -0.5006313920 -0.1538857520 0.3491698503 0.7618504167 -0.5455862284 0.3903755248 0.4110378623 0.8238050938
-242.2 202.5 2650.1 -0.6411672235 -0.5006313920 -0.5816121697 -0.6453567743 0.7618504167 0.0556648672 0.4152339101 0.4110378623 -0.8115594387
207.9 301.4 2692.7 0.2660024762 0.8303680420 0.4896239638 -0.9580281973 0.2840412557 0.0387625955 -0.1068861932 -0.4793845117 0.8710716367
278.7 46.4 2664.2 -0.0286125056 0.8344163299 0.5503913760 -0.9462863803 0.1547941118 -0.2838677466 -0.3220612407 -0.5289500356 0.7851677537
17.6 -118.9 2724.2 0.9532996416 0.0322493352 0.3002994061 -0.0447105765 0.9983966351 0.0347151831 -0.2986983955 -0.0465205349 0.9532130361
4.8 -515.6 2742.7 0.9534510970 0.0011598808 0.3015454412 -0.0633908734 0.9784181714 0.1966710389 -0.2948094010 -0.2066314369 0.9329473972
198.3 -101.5 2698.0 0.9321008921 0.0024661776 0.3621903062 0.0696313456 0.9801038504 -0.1858706623 -0.3554424942 0.1984700114 0.9133839607
197.3 -491.1 2619.1 0.9323661923 -0.1215539351 0.3404671848 0.0675020814 0.9837508798 0.1663659215 -0.3551573157 -0.1321317255 0.9254212379
-71.0 374.8 2539.2 0 0 0 0 0 0 0 0 0
270.7 -218.4 2574.1 0 0 0 0 0 0 0 0 0
4.5 -762.9 2795.0 0 0 0 0 0 0 0 0 0
229.6 -752.3 2654.1 0 0 0 0 0 0 0 0 0
49.4 486.9 2713.3  0.9878052473 -0.1045104787 0.1154052168 0.1043784693 0.9945115447 0.0072031934 -0.1155246347 0.0049304678 0.9932923913
70.2 288.9 2712.3 0.9878052473 -0.1045104787 0.1154052168 0.1043784693 0.9945115447 0.0072031934 -0.1155246347 0.0049304678 0.9932923913
90.5 91.1 2711.1 0.9880695939 -0.1018035784 0.1155617535 0.1018296033 0.9947855473 0.0056939046 -0.1155388206 0.0061416333 0.9932839870
-68.8 274.6 2728.5 0.9019663930 -0.4300662279 -0.0387252532 0.3574178815 0.7938972712 -0.4919142127 0.2422995716 0.4298489690 0.8697820306
-251.0 202.4 2679.6 -0.6002910137 -0.4300662279 -0.6743098497 -0.6070941091 0.7938972712 0.0341159031 0.5206606388 0.4298489690 -0.7376600504
209.3 303.2 2696.0 0.2606760859 0.8363979459 0.4821685255 -0.9574638009 0.2879864872 0.0180779863 -0.1237376332 -0.4663714170 0.8758919239
278.4 49.1 2663.2 -0.0234310031 0.8422304988 0.5386081934 -0.9501601458 0.1487737447 -0.2739746273 -0.3108805418 -0.5181835294 0.7967678905
18.8 -117.3 2722.0 0.9573388696 0.0325091779 0.2871331275 -0.0419447012 0.9987612367 0.0267694220 -0.2859071791 -0.0376711227 0.9575165510
5.8 -514.3 2736.9 0.9574953318 0.0070257653 0.2883632183 -0.0681925863 0.9768782854 0.2026290447 -0.2802721560 -0.2136805952 0.9358355403
199.7 -99.0 2698.2 0.9367330670 0.0096624214 0.3499110937 0.0574695729 0.9818097353 -0.1809611320 -0.3452946246 0.1896215230 0.9191383719
195.9 -489.3 2622.8 0.9341644049 -0.1313086301 0.3318054676 0.0782727897 0.9825921059 0.1684817523 -0.3481525481 -0.1314183176 0.9281805158
-106.9 348.1 2554.6 0 0 0 0 0 0 0 0 0
271.9 -216.7 2576.2 0 0 0 0 0 0 0 0 0
4.0 -764.9 2791.8 0 0 0 0 0 0 0 0 0
230.7 -749.8 2657.7 0 0 0 0 0 0 0 0 0
47.2 494.2 2714.0  0.9889328480 -0.1077929214 0.1019438282 0.1080873609 0.9941378832 0.0026473710 -0.1016315892 0.0084007671 0.9947866201
68.6 296.2 2712.3 0.9889328480 -0.1077929214 0.1019438282 0.1080873609 0.9941378832 0.0026473710 -0.1016315892 0.0084007671 0.9947866201
89.4 98.5 2710.4 0.9892537594 -0.1046004891 0.1021556556 0.1050827503 0.9944632649 0.0006640580 -0.1016595066 0.0100778751 0.9947682023
-70.6 281.5 2726.6 0.9453033805 -0.2560645044 0.2020705342 0.3119060993 0.8908981681 -0.3301741779 -0.0954783857 0.3751417994 0.9220371246
-254.4 220.8 2745.2 -0.5046767592 -0.2560645044 -0.8244588375 -0.4542011023 0.8908981681 0.0013309611 0.7341680527 0.3751417994 -0.5659203529
207.8 311.0 2698.0 0.2553044260 0.8430764079 0.4733305573 -0.9576039314 0.2880677581 0.0034170561 -0.1334704310 -0.4541355968 0.8808782697
277.8 48.7 2661.5 -0.0224101171 0.8496570587 0.5268592834 -0.9511488080 0.1441913247 -0.2729923129 -0.3079183996 -0.5072393417 0.8049189448
20.1 -115.9 2720.4 0.9608052373 0.0419147313 0.2740373313 -0.0491789952 0.9985958934 0.0196891278 -0.2728272974 -0.0323942974 0.9615175128
3.4 -512.9 2733.3 0.9609345794 -0.0034336706 0.2767543793 -0.0620292574 0.9718162417 0.2274325490 -0.2697353363 -0.2357146591 0.9336388111
201.4 -97.3 2699.3 0.9410921335 0.0120452447 0.3379357159 0.0563136451 0.9798272252 -0.1917482615 -0.3334282637 0.1994831711 0.9214293361
196.6 -486.8 2619.9 0.9394644499 -0.1226118356 0.3199575841 0.0701082349 0.9828128815 0.1707735956 -0.3353973031 -0.1380040646 0.9319139123
-134.4 328.8 2570.7 0 0 0 0 0 0 0 0 0
271.5 -217.5 2575.3 0 0 0 0 0 0 0 0 0
4.3 -765.3 2794.5 0 0 0 0 0 0 0 0 0
229.4 -749.8 2656.9 0 0 0 0 0 0 0 0 0
47.5 489.4 2705.9  0.9891915321 -0.1082755998 0.0988760516 0.1065032631 0.9940452576 0.0230461787 -0.1007826030 -0.0122664627 0.9948328733
69.1 291.5 2708.3 0.9891915321 -0.1082755998 0.0988760516 0.1065032631 0.9940452576 0.0230461787 -0.1007826030 -0.0122664627 0.9948328733
89.9 93.9 2710.2 0.9895107746 -0.1049671918 0.0992486402 0.1035263911 0.9944341183 0.0195717923 -0.1007506326 -0.0090916464 0.9948701859
-70.2 277.0 2722.5 0.9367258549 -0.1056523249 0.3337397277 0.1939327717 0.9503201842 -0.2434780747 -0.2914355993 0.2927952707 0.9106789827
-250.3 239.7 2778.6 -0.4098227024 -0.1056523249 -0.9060258865 -0.3098868430 0.9503201842 0.0293536037 0.8579134345 0.2927952707 -0.4222030640
208.3 306.1 2694.2 0.2633412182 0.8417119980 0.4713515937 -0.9570690393 0.2892941535 0.0181040578 -0.1211208627 -0.4558835626 0.8817595243
277.3 55.5 2662.4 -0.0245341137 0.8488046527 0.5281370282 -0.9541794062 0.1377175301 -0.2656606436 -0.2982277274 -0.5104552507 0.8065331578
19.5 -108.8 2717.7 0.9618064165 0.0377838835 0.2711102962 -0.0491536707 0.9981683493 0.0352684371 -0.2692811489 -0.0472474769 0.9619019628
4.5 -505.6 2736.5 0.9618484974 -0.0052164462 0.2735328972 -0.0544158481 0.9761936665 0.2099640071 -0.2681163549 -0.2168380916 0.9386665225
201.0 -89.5 2699.0 0.9420907497 0.0132599836 0.3350957632 0.0541897751 0.9800674319 -0.1911315173 -0.3309508562 0.1982219964 0.9225939512
195.7 -479.2 2620.2 0.9398761392 -0.1238361746 0.3182725608 0.0731780604 0.9833222032 0.1665005237 -0.3335832655 -0.1331993043 0.9332631826
-151.4 314.5 2571.5 0 0 0 0 0 0 0 0 0
270.4 -211.5 2579.0 0 0 0 0 0 0 0 0 0
5.8 -760.5 2793.1 0 0 0 0 0 0 0 0 0
230.3 -753.7 2657.4 0 0 0 0 0 0 0 0 0
47.5 486.6 2710.8  0.9891175628 -0.1078869253 0.1000344679 0.1077378467 0.9941553473 0.0069073252 -0.1001950055 0.0039453413 0.9949600101
68.9 289.0 2710.1 0.9891175628 -0.1078869253 0.1000344679 0.1077378467 0.9941553473 0.0069073252 -0.1001950055 0.0039453413 0.9949600101
89.5 91.3 2709.1 0.9895686507 -0.1035259292 0.1001812294 0.1034943163 0.9946146607 0.0055267378 -0.1002138779 0.0048991013 0.9949538708
-70.3 274.4 2724.2 0.9624831676 -0.2453758717 0.1158310026 0.2711085975 0.8873113394 -0.3730666935 -0.0112365903 0.3904731870 0.9205456972
-258.2 221.5 2726.4 -0.4966582358 -0.2453758717 -0.8325390816 -0.4609739184 0.8873113394 0.0134788975 0.7354139090 0.3904731870 -0.5538023710
208.2 303.5 2696.0 0.2584258318 0.8412660360 0.4748552740 -0.9551517367 0.2960790992 -0.0047286469 -0.1445727795 -0.4523368478 0.8800511956
276.8 49.9 2657.6 -0.0222712420 0.8494628668 0.5271781683 -0.9545370936 0.1387187541 -0.2638484836 -0.2972590029 -0.5090873837 0.8077543974
20.0 -113.3 2721.2 0.9612640142 0.0366935097 0.2731758952 -0.0526830107 0.9972862601 0.0514260307 -0.2705475390 -0.0638257191 0.9605885148
5.4 -509.7 2746.6 0.9612635970 -0.0009248631 0.2756292522 -0.0517335236 0.9816171527 0.1837156862 -0.2707322836 -0.1908584684 0.9435449243
201.6 -94.3 2702.7 0.9418046474 0.0180270728 0.3356769383 0.0537099056 0.9776635766 -0.2031973153 -0.3318421543 0.2094013542 0.9197999239
194.4 -483.0 2619.5 0.9386098981 -0.1314200759 0.3189675212 0.0801577643 0.9823721051 0.1688778847 -0.3355387449 -0.1329427212 0.9325985312
-148.2 323.6 2563.5 0 0 0 0 0 0 0 0 0
270.6 -217.2 2574.4 0 0 0 0 0 0 0 0 0
5.7 -764.9 2796.2 0 0 0 0 0 0 0 0 0
230.6 -753.0 2656.0 0 0 0 0 0 0 0 0 0
48.2 488.6 2712.8  0.9892273545 -0.1068438590 0.1000678986 0.1073291376 0.9942234159 0.0005370834 -0.0995472297 0.0102089038 0.9949804544
69.5 290.5 2710.8 0.9892273545 -0.1068438590 0.1000678986 0.1073291376 0.9942234159 0.0005370834 -0.0995472297 0.0102089038 0.9949804544
90.1 92.8 2708.7 0.9895540476 -0.1037331372 0.1001108140 0.1042437106 0.9945517778 0.0001317602 -0.0995790511 0.0103055388 0.9949762821
-69.8 275.9 2724.8 0.9349790812 -0.3506072760 -0.0537457578 0.2794601023 0.8214517236 -0.4971107841 0.2184402049 0.4497683942 0.8660209179
-256.7 220.0 2681.1 -0.5980547667 -0.3506072760 -0.7206975818 -0.5659620762 0.8214517236 0.0700284839 0.5674657822 0.4497683942 -0.6897035241
208.8 305.2 2696.8 0.2597917914 0.8388975263 0.4782876968 -0.9513500929 0.3073070049 -0.0222588554 -0.1656540632 -0.4492363632 0.8779210448
277.8 52.4 2652.7 -0.0306465514 0.8495188951 0.5266672373 -0.9607432485 0.1203240454 -0.2499890029 -0.2757411003 -0.5136533380 0.8124820590
19.3 -115.9 2717.3 0.9613913894 0.0352868475 0.2729128599 -0.0482964814 0.9979872108 0.0410973616 -0.2709133625 -0.0526913814 0.9611605406
5.3 -512.7 2738.3 0.9614557624 0.0012028088 0.2749570012 -0.0608843938 0.9760981798 0.2086275071 -0.2681340873 -0.2173267156 0.9385484457
200.9 -96.9 2698.9 0.9417698383 0.0145124272 0.3359448314 0.0528830588 0.9802433252 -0.1905949414 -0.3320736587 0.1972623616 0.9223961234
195.1 -486.6 2620.5 0.9395093322 -0.1268193871 0.3181808591 0.0717239082 0.9811779857 0.1792914718 -0.3349297047 -0.1456248313 0.9309218526
-114.9 354.2 2546.6 0 0 0 0 0 0 0 0 0
269.2 -216.3 2575.6 0 0 0 0 0 0 0 0 0
5.0 -766.8 2794.8 0 0 0 0 0 0 0 0 0
229.7 -754.4 2660.2 0 0 0 0 0 0 0 0 0
47.6 492.6 2713.8  0.9843278527 -0.1307928711 0.1182875037 0.1340572834 0.9907709360 -0.0200404283 -0.1145746708 0.0355836526 0.9927771688
74.5 288.3 2706.5 0.9843278527 -0.1307928711 0.1182875037 0.1340572834 0.9907709360 -0.0200404283 -0.1145746708 0.0355836526 0.9927771688
96.6 90.8 2708.9 0.9874128699 -0.1108610332 0.1128079742 0.1087220460 0.9937587976 0.0249589924 -0.1148708984 -0.0123801157 0.9933032990
-64.4 273.0 2722.6 0.9018067122 -0.3789419532 -0.2077202499 0.1841529012 0.7718383074 -0.6085665822 0.3909378648 0.5105571151 0.7658322453
-243.0 236.6 2645.2 -0.6701148152 -0.3789419532 -0.6382390857 -0.6093556285 0.7718383074 0.1815249175 0.4238300025 0.5105571151 -0.7481306791
213.5 303.6 2690.3 0.2463853210 0.8358654380 0.4905336201 -0.9590268731 0.2833132148 -0.0010632901 -0.1398634166 -0.4701729417 0.8714216352
277.7 53.6 2653.8 -0.0294845235 0.8426960111 0.5375816822 -0.9603072405 0.1253641248 -0.2491863966 -0.2773818374 -0.5235907435 0.8055507541
19.9 -114.4 2715.8 0.9579492211 0.0403273962 0.2840897739 -0.0549230613 0.9975383878 0.0435967147 -0.2816323042 -0.0573665202 0.9578059912
3.9 -511.0 2738.6 0.9579780102 -0.0046480158 0.2868039608 -0.0591121912 0.9752077460 0.2132500410 -0.2806846499 -0.2212424725 0.9339528084
201.5 -95.3 2697.5 0.9370594621 0.0149442619 0.3488498926 0.0529770628 0.9814324379 -0.1843470335 -0.3451275229 0.1912251860 0.9188688397
195.6 -485.5 2621.5 0.9344950914 -0.1278482676 0.3322254419 0.0744143799 0.9828205109 0.1688974500 -0.3481112421 -0.1331114918 0.9279546738
-74.6 389.7 2538.7 0 0 0 0 0 0 0 0 0
269.5 -215.1 2576.2 0 0 0 0 0 0 0 0 0
5.1 -764.3 2796.1 0 0 0 0 0 0 0 0 0
230.1 -751.0 2657.5 0 0 0 0 0 0 0 0 0
48.9 491.7 2715.8  0.9847136140 -0.1285329163 0.1175516024 0.1313716322 0.9911925793 -0.0166954044 -0.1143703684 0.0318831392 0.9929264188
75.0 290.7 2709.3 0.9847136140 -0.1285329163 0.1175516024 0.1313716322 0.9911925793 -0.0166954044 -0.1143703684 0.0318831392 0.9929264188
98.4 93.3 2708.3 0.9864265323 -0.1177721098 0.1144219488 0.1175723150 0.9930278063 0.0085169105 -0.1146272272 0.0050515463 0.9933957458
-63.8 274.2 2725.4 0.8886907101 -0.4082484543 -0.2087151259 0.1989162564 0.7534208298 -0.6267291307 0.4131115079 0.5154515505 0.7507653236
-257.6 230.8 2635.4 -0.6979215145 -0.4082484543 -0.5884205699 -0.6215652823 0.7534208298 0.2145079523 0.3557557762 0.5154515505 -0.7795816660
213.8 307.2 2693.2 0.2349033654 0.8376619816 0.4930951893 -0.9601293206 0.2790589035 -0.0166690405 -0.1515656263 -0.4695195258 0.8698156476
277.1 48.6 2652.4 -0.0293419007 0.8440966010 0.5353877544 -0.9603235126 0.1248074621 -0.2494029254 -0.2773405313 -0.5214633942 0.8069437146
28.1 -116.6 2721.9 0.9566816688 0.0605190471 0.2847764492 -0.0671100840 0.9976551533 0.0134345638 -0.2832956314 -0.0319639705 0.9584997892
4.0 -513.1 2734.6 0.9566806555 -0.0016533225 0.2911346555 -0.0663331300 0.9724451303 0.2234958410 -0.2834819853 -0.2331260294 0.9302097559
209.3 -96.7 2700.8 0.9355046153 0.0362439752 0.3514504731 0.0418191291 0.9763731956 -0.2120060623 -0.3508307636 0.2130300105 0.9118859768
194.9 -484.7 2616.2 0.9320095181 -0.1320320368 0.3375290036 0.0708049014 0.9796695113 0.1877080798 -0.3554503620 -0.1510470062 0.9224098325
-75.4 393.0 2542.6 0 0 0 0 0 0 0 0 0
268.9 -220.1 2574.8 0 0 0 0 0 0 0 0 0
4.5 -766.7 2795.4 0 0 0 0 0 0 0 0 0
230.5 -748.9 2656.9 0 0 0 0 0 0 0 0 0
50.7 490.3 2705.8  0.9840325117 -0.1186688542 0.1326564699 0.1181183830 0.9929265380 0.0120395869 -0.1331468523 0.0038218221 0.9910889268
74.5 290.8 2705.0 0.9840325117 -0.1186688542 0.1326564699 0.1181183830 0.9929265380 0.0120395869 -0.1331468523 0.0038218221 0.9910889268
96.7 93.3 2706.9 0.9850381613 -0.1116708815 0.1312610209 0.1094448864 0.9937012792 0.0240749903 -0.1331227124 -0.0093489364 0.9910554886
-64.1 275.4 2723.7 0.8904267550 -0.4191257954 -0.1774083376 0.2381408215 0.7612358928 -0.6031656861 0.3878518939 0.4948267043 0.7776358128
-268.9 220.6 2634.5 -0.6656733155 -0.4191257954 -0.6174241304 -0.6282692552 0.7612358928 0.1606164724 0.4026869237 0.4948267043 -0.7700582743
213.1 306.2 2686.3 0.2377300560 0.8305752277 0.5036160946 -0.9631014466 0.2689080834 0.0111389682 -0.1261746883 -0.4876814485 0.8638557792
276.5 49.5 2652.7 -0.0274103619 0.8355990648 0.5486555099 -0.9608801603 0.1293011755 -0.2449296713 -0.2756048143 -0.5339058042 0.7993663549
31.3 -114.8 2717.8 0.9512745738 0.0664383322 0.3011023998 -0.0786093250 0.9964988232 0.0284731276 -0.2981564701 -0.0507552177 0.9531666040
4.9 -510.8 2738.0 0.9513648152 0.0036327008 0.3080452085 -0.0683755875 0.9774800539 0.1996435374 -0.3003827929 -0.2109965980 0.9301884770
212.3 -93.2 2696.8 0.9298405647 0.0414313190 0.3656226397 0.0339667201 0.9797336459 -0.1974037886 -0.3663915098 0.1959730536 0.9095888138
195.9 -482.6 2618.9 0.9257401228 -0.1323702037 0.3542362750 0.0686502457 0.9799970388 0.1867965758 -0.3718768060 -0.1486066878 0.9163098335
-108.1 372.4 2537.3 0 0 0 0 0 0 0 0 0
268.8 -219.3 2575.6 0 0 0 0 0 0 0 0 0
4.0 -766.2 2793.1 0 0 0 0 0 0 0 0 0
231.5 -746.5 2658.9 0 0 0 0 0 0 0 0 0
51.0 497.2 2701.8  0.9853379726 -0.1091364399 0.1311422735 0.1070125848 0.9939879775 0.0231560804 -0.1328810155 -0.0087826904 0.9910930991
72.9 298.0 2703.5 0.9853379726 -0.1091364399 0.1311422735 0.1070125848 0.9939879775 0.0231560804 -0.1328810155 -0.0087826904 0.9910930991
94.1 100.4 2706.0 0.9856649041 -0.1065728590 0.1307934672 0.1039993614 0.9942277074 0.0263711344 -0.1328489333 -0.0123906648 0.9910588264
-65.8 283.4 2722.2 0.9087064862 -0.3964665532 -0.1306397766 0.2594306469 0.7815589309 -0.5673282743 0.3270293772 0.4816429615 0.8130632639
-279.2 222.5 2645.4 -0.6523600817 -0.3964665532 -0.6459416151 -0.6089773774 0.7815589309 0.1353226900 0.4511905313 0.4816429615 -0.7512969971
211.6 312.6 2684.9 0.2341372520 0.8323576450 0.5023549795 -0.9647779465 0.2626688480 0.0144440224 -0.1199304163 -0.4880428910 0.8645408154
276.2 46.5 2651.8 -0.0273026843 0.8368162513 0.5468026400 -0.9607923627 0.1290191710 -0.2454222739 -0.2759213746 -0.5320644975 0.8004840612
28.6 -114.2 2721.0 0.9516554475 0.0643955991 0.3003416955 -0.0753002390 0.9968509078 0.0248619150 -0.2977949083 -0.0462757796 0.9535076022
3.0 -510.5 2739.3 0.9517295957 -0.0005040152 0.3069373965 -0.0625607893 0.9786880016 0.1955911219 -0.3004945219 -0.2053520977 0.9314147830
209.3 -94.2 2696.5 0.9304646850 0.0366938822 0.3645395339 0.0338872969 0.9820880294 -0.1853504181 -0.3648111224 0.1848152727 0.9125547409
194.7 -484.6 2623.1 0.9255744815 -0.1338422894 0.3541159630 0.0760942474 0.9821002483 0.1723041683 -0.3708389699 -0.1325341612 0.9191915989
-130.6 361.2 2542.7 0 0 0 0 0 0 0 0 0
268.6 -222.3 2574.6 0 0 0 0 0 0 0 0 0
3.1 -766.5 2793.1 0 0 0 0 0 0 0 0 0
230.9 -749.9 2658.9 0 0 0 0 0 0 0 0 0
51.8 490.2 2701.3  0.9838427305 -0.1034081131 0.1461513638 0.1016220152 0.9946289062 0.0196550414 -0.1473988593 -0.0044852737 0.9890669584
72.4 291.8 2702.2 0.9838427305 -0.1034081131 0.1461513638 0.1016220152 0.9946289062 0.0196550414 -0.1473988593 -0.0044852737 0.9890669584
92.1 94.0 2703.5 0.9842851162 -0.0993320122 0.1459999532 0.0972807482 0.9950324297 0.0211409573 -0.1473746598 -0.0066057439 0.9890586734
-66.1 278.1 2722.9 0.9171122909 -0.3803381324 -0.1193648949 0.2380279005 0.7626914382 -0.6013687849 0.3197620809 0.5231105685 0.7900047898
-274.9 224.0 2650.1 -0.6354140043 -0.3803381324 -0.6720059514 -0.6264793873 0.7626914382 0.1607026011 0.4514118731 0.5231105685 -0.7228987813
210.9 305.5 2681.4 0.2544546425 0.8216826916 0.5099905729 -0.9598075747 0.2791419923 0.0291404277 -0.1184156016 -0.4969077408 0.8596862555
277.2 55.5 2650.6 -0.0316687003 0.8274888396 0.5605883598 -0.9631022811 0.1247126609 -0.2384968102 -0.2672659159 -0.5474568009 0.7930068970
24.9 -106.8 2720.7 0.9471992254 0.0568154417 0.3155719340 -0.0692552328 0.9971964359 0.0283369534 -0.3130772412 -0.0486957505 0.9484784603
2.3 -503.2 2740.0 0.9472120404 -0.0025963469 0.3205973208 -0.0608072914 0.9803622961 0.1875959486 -0.3147885799 -0.1971877962 0.9284530878
205.7 -87.7 2696.3 0.9256998897 0.0259591937 0.3773669899 0.0460451506 0.9824898243 -0.1805368215 -0.3754458129 0.1844988316 0.9082954526
195.4 -478.3 2622.9 0.9225701094 -0.1294555515 0.3634634912 0.0723479092 0.9833653569 0.1666084528 -0.3789857924 -0.1274121553 0.9165892601
-120.7 375.9 2540.6 0 0 0 0 0 0 0 0 0
268.3 -214.0 2575.8 0 0 0 0 0 0 0 0 0
3.0 -769.1 2793.5 0 0 0 0 0 0 0 0 0
231.6 -753.4 2658.6 0 0 0 0 0 0 0 0 0
49.9 493.2 2708.0  0.9852166176 -0.1000520661 0.1390604824 0.1006722227 0.9949162602 0.0025851070 -0.1386121809 0.0114526376 0.9902805090
69.8 295.4 2705.8 0.9852166176 -0.1000520661 0.1390604824 0.1006722227 0.9949162602 0.0025851070 -0.1386121809 0.0114526376 0.9902805090
89.1 97.6 2704.1 0.9855518341 -0.0971039608 0.1387748271 0.0972886011 0.9952411652 0.0054685585 -0.1386454403 0.0081116622 0.9903088808
-68.9 281.8 2725.3 0.8819501400 -0.4091335535 -0.2340378165 0.1851474345 0.7573366761 -0.6262280345 0.4334563315 0.5089703798 0.7436832190
-258.5 241.9 2632.1 -0.6656378508 -0.4091335535 -0.6241282225 -0.6292406321 0.7573366761 0.1746348292 0.4012262225 0.5089703798 -0.7615554333
208.5 309.1 2686.2 0.2543201447 0.8245302439 0.5054415464 -0.9569416046 0.2901660502 0.0081489747 -0.1399428993 -0.4857504666 0.8628223538
277.3 50.3 2648.4 -0.0283681862 0.8321278095 0.5538578629 -0.9630040526 0.1257967353 -0.2383240312 -0.2679895759 -0.5401282310 0.7977738380
21.6 -112.7 2718.3 0.9491202235 0.0534307845 0.3103482127 -0.0701094866 0.9966194034 0.0428298786 -0.3070105910 -0.0624090545 0.9496576190
0.4 -508.9 2743.2 0.9490686059 -0.0131074749 0.3147968054 -0.0476808622 0.9816517234 0.1846250743 -0.3114407957 -0.1902316362 0.9310298562
202.2 -94.8 2691.3 0.9285140634 0.0169934649 0.3709082007 0.0489244610 0.9846425056 -0.1675873995 -0.3680598736 0.1737537384 0.9134230018
195.4 -486.3 2622.2 0.9253870845 -0.1310968399 0.3556295037 0.0747955963 0.9829903841 0.1677365154 -0.3715701103 -0.1286216825 0.9194520712
-92.3 399.1 2531.9 0 0 0 0 0 0 0 0 0
269.4 -219.1 2573.4 0 0 0 0 0 0 0 0 0
3.8 -770.6 2793.9 0 0 0 0 0 0 0 0 0
231.1 -754.0 2657.3 0 0 0 0 0 0 0 0 0
52.3 488.8 2701.4  0.9797673821 -0.1369607598 0.1459371895 0.1349177510 0.9905696511 0.0238538478 -0.1478279978 -0.0036817039 0.9890062213
79.1 295.1 2702.1 0.9797673821 -0.1369607598 0.1459371895 0.1349177510 0.9905696511 0.0238538478 -0.1478279978 -0.0036817039 0.9890062213
91.2 96.9 2705.5 0.9874517918 -0.0606996454 0.1457891911 0.0576074757 0.9980176091 0.0253428258 -0.1470384747 -0.0166262724 0.9889910221
-59.7 287.0 2722.7 0.8681218624 -0.4057699442 -0.2858586609 0.1306090951 0.7423717380 -0.6571342945 0.4788587093 0.5331369042 0.6974663734
-247.8 258.7 2619.0 -0.7012605071 -0.4057699442 -0.5861607790 -0.6269775033 0.7423717380 0.2361850739 0.3393124044 0.5331369042 -0.7750046253
218.0 303.2 2681.5 0.2374513298 0.8265868425 0.5102657080 -0.9636173844 0.2667918205 0.0162378773 -0.1227126867 -0.4955565929 0.8598635197
278.2 58.7 2650.4 -0.0346689858 0.8307421207 0.5555768013 -0.9612216353 0.1244652495 -0.2460921705 -0.2735891342 -0.5425642133 0.7942122221
18.0 -109.1 2715.3 0.9472250938 0.0382225737 0.3182823062 -0.0586124733 0.9967793822 0.0547304526 -0.3151653111 -0.0704973713 0.9464147687
2.8 -505.4 2743.3 0.9472161531 -0.0044903252 0.3205641806 -0.0558079630 0.9823262095 0.1786636561 -0.3157008588 -0.1871231347 0.9302246571
198.9 -91.3 2689.8 0.9287033081 0.0098930141 0.3706916571 0.0553459451 0.9847494364 -0.1649405956 -0.3666701615 0.1736971587 0.9139925241
194.9 -482.8 2620.8 0.9264048934 -0.1324856877 0.3524507284 0.0735708699 0.9817013144 0.1756414324 -0.3692713082 -0.1367849708 0.9191999435
-67.3 420.1 2531.7 0 0 0 0 0 0 0 0 0
268.5 -210.3 2573.8 0 0 0 0 0 0 0 0 0
4.0 -770.0 2793.7 0 0 0 0 0 0 0 0 0
231.3 -751.9 2658.3 0 0 0 0 0 0 0 0 0
54.5 493.0 2708.1  0.9753187895 -0.1539831012 0.1582482159 0.1597751379 0.9868499041 -0.0244772248 -0.1523981690 0.0491572283 0.9870959520
85.5 294.3 2698.2 0.9753187895 -0.1539831012 0.1582482159 0.1597751379 0.9868499041 -0.0244772248 -0.1523981690 0.0491572283 0.9870959520
92.8 95.9 2705.1 0.9876909256 -0.0365673713 0.1520839036 0.0308545027 0.9987329245 0.0397565141 -0.1533449888 -0.0345746763 0.9875676632
-53.4 290.0 2719.7 0.8596179485 -0.3977090716 -0.3207561076 0.0747584403 0.7189264297 -0.6910542250 0.5054385662 0.5700634122 0.6477341652
-237.2 274.0 2611.6 -0.7217456102 -0.3977090716 -0.5664898753 -0.6287502050 0.7189264297 0.2963409424 0.2894070446 0.5700634122 -0.7689416409
224.4 298.6 2676.7 0.2063152194 0.8318148255 0.5152845383 -0.9732601643 0.2288042009 0.0203298610 -0.1009885818 -0.5057002306 0.8567780256
277.5 48.3 2650.7 -0.0289138537 0.8328605890 0.5527270436 -0.9561874270 0.1381118447 -0.2581291795 -0.2913237810 -0.5359741449 0.7923775315
12.7 -106.6 2722.2 0.9457343817 0.0287309289 0.3236679733 -0.0423532426 0.9984852076 0.0351208970 -0.3221686482 -0.0469234288 0.9455186725
1.3 -503.4 2740.9 0.9459193349 -0.0034615409 0.3243834376 -0.0585106760 0.9817233086 0.1810963452 -0.3190816343 -0.1902824342 0.9284285307
193.8 -96.0 2695.4 0.9282582998 -0.0053361030 0.3718978763 0.0678337812 0.9855557680 -0.1551722884 -0.3656980693 0.1692672074 0.9152122736
195.9 -487.8 2628.1 0.9258512855 -0.1341743618 0.3532657027 0.0867817551 0.9853510261 0.1468068957 -0.3677884340 -0.1052643359 0.9239323735
-46.3 440.3 2535.1 0 0 0 0 0 0 0 0 0
269.4 -219.2 2569.2 0 0 0 0 0 0 0 0 0
2.3 -768.1 2792.2 0 0 0 0 0 0 0 0 0
231.7 -750.4 2656.1 0 0 0 0 0 0 0 0 0
50.0 486.5 2702.9  0.9660232067 -0.2040600330 0.1586149186 0.2074991763 0.9782210588 -0.0052529583 -0.1540885419 0.0379869454 0.9873265624
90.4 292.7 2695.4 0.9660232067 -0.2040600330 0.1586149186 0.2074991763 0.9782210588 -0.0052529583 -0.1540885419 0.0379869454 0.9873265624
94.5 94.2 2703.3 0.9879768491 -0.0205893144 0.1532248855 0.0142764617 0.9990077615 0.0421868265 -0.1539414525 -0.0394920968 0.9872904420
-48.6 290.7 2717.0 0.8582975864 -0.3942518532 -0.3284673095 0.0403370298 0.6899514794 -0.7227308750 0.5115644932 0.6070687175 0.6080865860
-231.2 282.1 2608.2 -0.7248396873 -0.3942518532 -0.5649539232 -0.6395393610 0.6899514794 0.3390522003 0.2561188042 0.6070687175 -0.7522437572
229.4 294.7 2673.8 0.1840933561 0.8360378146 0.5168659687 -0.9780405164 0.2080819458 0.0117755672 -0.0977056548 -0.5076836348 0.8559853435
277.1 41.1 2648.5 -0.0305246208 0.8362572789 0.5474870205 -0.9576749206 0.1323839426 -0.2556036711 -0.2862289250 -0.5321167707 0.7968216538
9.5 -105.3 2726.0 0.9457517266 0.0217828620 0.3241591454 -0.0294055641 0.9993938208 0.0186349973 -0.3235567212 -0.0271561630 0.9458190203
0.9 -502.5 2736.8 0.9463946223 -0.0079917973 0.3229137957 -0.0581849553 0.9791234732 0.1947606057 -0.3177289665 -0.2031091154 0.9261721969
190.6 -99.6 2698.0 0.9289295673 -0.0176035501 0.3698378205 0.0795420483 0.9850350618 -0.1529017240 -0.3616116345 0.1714525819 0.9164283872
197.6 -491.2 2629.8 0.9289333224 -0.1230048984 0.3492172658 0.0795117989 0.9874699712 0.1363119334 -0.3616085947 -0.0988578051 0.9270740747
-34.5 455.7 2538.6 0 0 0 0 0 0 0 0 0
268.6 -226.8 2568.4 0 0 0 0 0 0 0 0 0
3.0 -765.7 2791.4 0 0 0 0 0 0 0 0 0
230.3 -753.1 2656.0 0 0 0 0 0 0 0 0 0
48.2 486.1 2698.9  0.9629172683 -0.2220505327 0.1532445997 0.2227748632 0.9747878313 0.0126490332 -0.1521897018 0.0219590738 0.9881073236
92.4 292.2 2694.5 0.9629172683 -0.2220505327 0.1532445997 0.2227748632 0.9747878313 0.0126490332 -0.1521897018 0.0219590738 0.9881073236
94.7 93.7 2703.6 0.9887427688 -0.0112694511 0.1492002606 0.0043139085 0.9988921285 0.0468606465 -0.1495630592 -0.0456894897 0.9876959920
-46.7 291.6 2715.5 0.8661055565 -0.3845593333 -0.3193356097 0.0315525308 0.6796347499 -0.7328717709 0.4988642633 0.6246684790 0.6007692814
-229.5 284.9 2610.2 -0.7230656147 -0.3845593333 -0.5738381147 -0.6424479485 0.6796347499 0.3540582955 0.2538439035 0.6246684790 -0.7384799123
231.5 292.8 2673.5 0.1695939302 0.8402460814 0.5149994493 -0.9804332256 0.1968444437 0.0017043668 -0.0999426991 -0.5052116513 0.8571888208
276.4 33.7 2647.1 -0.0284842663 0.8403161168 0.5413478613 -0.9589129090 0.1299577951 -0.2521845400 -0.2822670937 -0.5262887478 0.8020882010
8.0 -105.6 2725.2 0.9472033381 0.0164287221 0.3202123642 -0.0262686741 0.9993053675 0.0264339112 -0.3195556700 -0.0334498435 0.9469769001
1.5 -502.8 2738.5 0.9478980303 -0.0094737103 0.3184330165 -0.0552587174 0.9795165062 0.1936334670 -0.3137448132 -0.2011409700 0.9279582500
189.2 -103.0 2697.0 0.9310224056 -0.0251540318 0.3640941978 0.0802496895 0.9873156548 -0.1369955689 -0.3560299277 0.1567643881 0.9212315679
199.2 -495.5 2634.7 0.9311230183 -0.1192982420 0.3446416557 0.0794185475 0.9886343479 0.1276511550 -0.3559531271 -0.0914879888 0.9300146699
-27.6 464.3 2539.3 0 0 0 0 0 0 0 0 0
268.4 -234.6 2568.1 0 0 0 0 0 0 0 0 0
4.0 -766.0 2792.6 0 0 0 0 0 0 0 0 0
230.7 -756.5 2658.9 0 0 0 0 0 0 0 0 0
46.9 485.3 2696.3  0.9594717026 -0.2407934964 0.1463986337 0.2408791631 0.9703989029 0.0174114108 -0.1462576389 0.0185586270 0.9890724421
94.9 292.0 2692.6 0.9594717026 -0.2407934964 0.1463986337 0.2408791631 0.9703989029 0.0174114108 -0.1462576389 0.0185586270 0.9890724421
96.1 93.5 2702.7 0.9898257256 -0.0060572298 0.1421559006 -0.0012496423 0.9986848235 0.0512549393 -0.1422794014 -0.0509111024 0.9885163903
-44.4 292.1 2712.6 0.8795933723 -0.3744334877 -0.2934536040 0.0382962115 0.6705831289 -0.7408452034 0.4741823077 0.6404044032 0.6041799188
-235.3 283.8 2609.7 -0.7307968140 -0.3744334877 -0.5707324743 -0.6385145187 0.6705831289 0.3776473105 0.2413197756 0.6404044032 -0.7291412354
234.2 291.8 2672.6 0.1571458131 0.8457602859 0.5098968148 -0.9827572703 0.1848622710 -0.0037516835 -0.0974337012 -0.5005152225 0.8602274060
276.0 30.3 2646.7 -0.0289722644 0.8454914689 0.5332024097 -0.9572494626 0.1301211566 -0.2583447099 -0.2878091335 -0.5178925395 0.8055763245
6.2 -105.3 2726.4 0.9496369362 0.0076386975 0.3132591844 -0.0155620789 0.9996188879 0.0228007324 -0.3129656315 -0.0265273824 0.9493939281
3.2 -502.6 2736.9 0.9507241845 -0.0052836277 0.3099928796 -0.0573266111 0.9796184301 0.1925132424 -0.3046919107 -0.2007978410 0.9310440421
187.6 -104.5 2699.0 0.9336578250 -0.0293866713 0.3569586873 0.0870669559 0.9853549004 -0.1466120481 -0.3474225402 0.1679647863 0.9225429296
199.3 -496.2 2632.2 0.9346930981 -0.1162808314 0.3358981907 0.0785573870 0.9891881347 0.1238368526 -0.3466663659 -0.0893621668 0.9337220192
-28.6 464.4 2541.5 0 0 0 0 0 0 0 0 0
267.9 -237.5 2566.2 0 0 0 0 0 0 0 0 0
4.6 -765.3 2790.7 0 0 0 0 0 0 0 0 0
230.3 -759.9 2656.0 0 0 0 0 0 0 0 0 0
46.2 487.0 2695.5  0.9639462233 -0.1773722619 0.1983600408 0.1735446304 0.9841434360 0.0366608314 -0.2017173469 -0.0009147492 0.9794433713
81.4 291.6 2695.7 0.9639462233 -0.1773722619 0.1983600408 0.1735446304 0.9841434360 0.0366608314 -0.2017173469 -0.0009147492 0.9794433713
92.6 93.6 2702.5 0.9787227511 -0.0565282851 0.1972469240 0.0483389460 0.9977669120 0.0460926108 -0.1994119883 -0.0355771780 0.9792696834
-55.9 284.8 2723.7 0.8473413587 -0.3903096020 -0.3600986302 0.0071832798 0.6864517927 -0.7271398306 0.5310000181 0.6135489345 0.5844627023
-238.1 283.3 2609.5 -0.7248253822 -0.3903096020 -0.5677028894 -0.6400161386 0.6864517927 0.3452003002 0.2549656630 0.6135489345 -0.7473621368
218.8 298.4 2667.8 0.2061254382 0.8090766668 0.5503700972 -0.9756544232 0.2129859477 0.0523015857 -0.0749051049 -0.5477516651 0.8332810402
276.3 25.9 2646.9 -0.0329648778 0.8085950017 0.5874414444 -0.9518078566 0.1539182067 -0.2652752995 -0.3049181998 -0.5678761601 0.7645531893
6.5 -104.9 2725.9 0.9302383661 0.0070501794 0.3668881357 -0.0187861230 0.9994193316 0.0284268856 -0.3664746881 -0.0333361849 0.9298306108
3.7 -502.3 2739.2 0.9315460920 -0.0066695707 0.3635621667 -0.0642765164 0.9810668826 0.1826918125 -0.3578972816 -0.1935543567 0.9134802818
188.1 -105.2 2699.8 0.9082765579 -0.0302951150 0.4172719419 0.1000072658 0.9841823578 -0.1462315917 -0.4062415659 0.1745489538 0.8969395161
200.2 -496.5 2630.4 0.9135592580 -0.1094576418 0.3916994929 0.0593422428 0.9886705279 0.1378732771 -0.4023530483 -0.1027110815 0.9097046256
-114.5 392.5 2566.0 0 0 0 0 0 0 0 0 0
267.1 -240.4 2561.5 0 0 0 0 0 0 0 0 0
5.5 -766.2 2791.2 0 0 0 0 0 0 0 0 0
229.5 -761.3 2657.9 0 0 0 0 0 0 0 0 0
46.6 491.5 2705.2  0.9763469100 -0.1379411519 0.1664899290 0.1392171681 0.9902536273 0.0040391376 -0.1654244214 0.0192346573 0.9860348701
73.9 295.1 2701.4 0.9763469100 -0.1379411519 0.1664899290 0.1392171681 0.9902536273 0.0040391376 -0.1654244214 0.0192346573 0.9860348701
89.3 97.2 2702.0 0.9832604527 -0.0769271702 0.1651700288 0.0752753317 0.9970304370 0.0162467510 -0.1659293622 -0.0035415594 0.9861313105
-64.2 284.6 2724.6 0.9910441041 -0.1267001629 -0.0421738885 0.0853036791 0.8436725736 -0.5300376415 0.1027368084 0.5216931105 0.8469247222
-266.6 267.2 2703.6 -0.5840184093 -0.1267001629 -0.8017914891 -0.4885596335 0.8436725736 0.2225446105 0.6482530236 0.5216931105 -0.5546208620
212.0 305.6 2678.1 0.2327120900 0.8197528720 0.5233071446 -0.9666030407 0.2543454468 0.0314152315 -0.1073480546 -0.5131409764 0.8515648842
276.6 37.2 2648.3 -0.0330776572 0.8215537667 0.5691707134 -0.9543097019 0.1432572752 -0.2622409761 -0.2969829142 -0.5518394709 0.7792780995
14.2 -109.0 2727.5 0.9410907626 0.0304322727 0.3367818594 -0.0400509462 0.9989631176 0.0216486137 -0.3357738256 -0.0338617414 0.9413337708
2.1 -506.0 2741.0 0.9413440824 -0.0103197228 0.3372903466 -0.0544850528 0.9817692041 0.1821005791 -0.3330205083 -0.1897965968 0.9236204028
193.2 -100.1 2691.1 0.9205532670 -0.0141928215 0.3903591633 0.0699728355 0.9891666770 -0.1290469468 -0.3842987418 0.1461091191 0.9115737081
198.9 -493.2 2633.0 0.9196003079 -0.1182616577 0.3746324778 0.0782169178 0.9896385670 0.1204059944 -0.3849901557 -0.0814227909 0.9193220139
-154.7 360.8 2579.3 0 0 0 0 0 0 0 0 0
267.3 -229.7 2565.2 0 0 0 0 0 0 0 0 0
4.8 -767.8 2791.6 0 0 0 0 0 0 0 0 0
230.1 -754.3 2654.5 0 0 0 0 0 0 0 0 0
46.6 487.5 2700.5  0.9809756279 -0.1166222319 0.1551969200 0.1169892475 0.9931099415 0.0067983945 -0.1549204439 0.0114873126 0.9878601432
69.7 290.6 2698.2 0.9809756279 -0.1166222319 0.1551969200 0.1169892475 0.9931099415 0.0067983945 -0.1549204439 0.0114873126 0.9878601432
86.9 92.7 2698.4 0.9842032790 -0.0866151601 0.1544075459 0.0853957981 0.9962412119 0.0145249777 -0.1550852507 -0.0011097748 0.9879004955
-68.6 278.6 2720.0 0.9729921818 0.0945404917 0.2105902880 -0.0089798979 0.9270974398 -0.3747128248 -0.2306632400 0.3627015650 0.9029075503
-268.3 280.5 2767.3 -0.4229389429 0.0945404917 -0.9012129307 -0.2924150527 0.9270974398 0.2344861627 0.8576806188 0.3627015650 -0.3644605577
208.0 302.6 2676.4 0.2716376781 0.8156398535 0.5108273625 -0.9558804035 0.2903311551 0.0447264574 -0.1118284166 -0.5004392862 0.8585190177
278.8 53.7 2647.3 -0.0371591486 0.8214718103 0.5690370798 -0.9608259797 0.1271322519 -0.2462739944 -0.2746501267 -0.5558969378 0.7845673561
14.6 -107.6 2717.8 0.9445239305 0.0324332491 0.3268373609 -0.0470741615 0.9982064962 0.0369835012 -0.3250516951 -0.0503173955 0.9443566799
1.7 -504.4 2737.8 0.9446257949 -0.0121586872 0.3279242218 -0.0536000095 0.9801753759 0.1907440573 -0.3237424493 -0.1977584958 0.9252471924
194.6 -93.9 2687.5 0.9240553379 -0.0133734234 0.3820246756 0.0722430199 0.9874876142 -0.1401753873 -0.3753699958 0.1571284384 0.9134593606
199.9 -486.4 2625.0 0.9256283045 -0.1110989302 0.3617585003 0.0590185337 0.9866186380 0.1519882679 -0.3738034368 -0.1193341836 0.9197990894
-177.6 343.1 2583.4 0 0 0 0 0 0 0 0 0
268.4 -215.0 2570.5 0 0 0 0 0 0 0 0 0
4.9 -766.4 2790.6 0 0 0 0 0 0 0 0 0
230.8 -760.3 2658.1 0 0 0 0 0 0 0 0 0
46.2 489.8 2688.6  0.9818062186 -0.1052766368 0.1580297649 0.1002527103 0.9941793680 0.0394554101 -0.1612636745 -0.0228946526 0.9866457582
67.1 292.1 2693.2 0.9818062186 -0.1052766368 0.1580297649 0.1002527103 0.9941793680 0.0394554101 -0.1612636745 -0.0228946526 0.9866457582
84.8 94.3 2698.7 0.9834778309 -0.0886681452 0.1578269452 0.0831021369 0.9956750274 0.0415362902 -0.1608272940 -0.0277342610 0.9865928292
-71.2 280.4 2715.8 0.9078488350 0.1797561944 0.3788115680 -0.0784239843 0.9602950215 -0.2677370012 -0.4118982553 0.2133568078 0.8858999610
-262.3 296.9 2802.5 -0.3023340702 0.1797561944 -0.9360992312 -0.1524609029 0.9602950215 0.2336430848 0.9409302473 0.2133568078 -0.2629241347
205.4 303.7 2670.6 0.2755034566 0.8124443889 0.5138403773 -0.9571875930 0.2812365592 0.0685415342 -0.0888245180 -0.5107250810 0.8551433086
278.1 51.2 2647.2 -0.0321816429 0.8169984221 0.5757412314 -0.9587250948 0.1375866234 -0.2488295138 -0.2825075984 -0.5599852800 0.7788491249
14.0 -113.0 2712.8 0.9437582493 0.0277554635 0.3294692338 -0.0443363898 0.9980943203 0.0429183096 -0.3276501596 -0.0551119857 0.9431903362
3.0 -509.8 2734.7 0.9441100359 -0.0106812213 0.3294574022 -0.0621403307 0.9757874012 0.2097081691 -0.3237203360 -0.2184601724 0.9205869436
194.4 -97.4 2684.4 0.9225699306 -0.0103600640 0.3856908083 0.0653007030 0.9894108772 -0.1296222359 -0.3802637756 0.1447714567 0.9134772420
198.5 -490.7 2626.8 0.9217038155 -0.1237724051 0.3676172495 0.0723916739 0.9859622717 0.1504587680 -0.3810793757 -0.1120659858 0.9177252650
-192.6 332.1 2585.5 0 0 0 0 0 0 0 0 0
269.1 -217.0 2568.1 0 0 0 0 0 0 0 0 0
5.8 -765.4 2791.9 0 0 0 0 0 0 0 0 0
231.8 -756.2 2657.0 0 0 0 0 0 0 0 0 0
47.6 489.1 2691.7  0.9855961204 -0.0950448662 0.1398810595 0.0921935737 0.9953820109 0.0267393272 -0.1417765170 -0.0134580443 0.9898071885
66.5 291.6 2694.4 0.9855961204 -0.0950448662 0.1398810595 0.0921935737 0.9953820109 0.0267393272 -0.1417765170 -0.0134580443 0.9898071885
83.7 93.6 2697.8 0.9863896966 -0.0868163779 0.1396364123 0.0835041180 0.9960731268 0.0294182207 -0.1416420639 -0.0173576139 0.9897657633
-72.3 279.8 2714.3 0.8544005752 0.2467843741 0.4572713971 -0.1593487561 0.9620589614 -0.2214734256 -0.4945782423 0.1163613945 0.8613085151
-255.5 314.0 2820.3 -0.2240383923 0.2467843741 -0.9428172112 -0.0601812676 0.9620589614 0.2661216259 0.9727204442 0.1163613945 -0.2006863505
205.2 303.3 2674.5 0.2776213586 0.8176318407 0.5043853521 -0.9527856112 0.3015494645 0.0356021188 -0.1229877099 -0.4904550016 0.8627443910
278.0 53.4 2642.2 -0.0353361890 0.8262838125 0.5621444583 -0.9650297165 0.1179864854 -0.2340871394 -0.2597478628 -0.5507578850 0.7932192683
12.2 -111.1 2718.9 0.9498103261 0.0248471387 0.3118381202 -0.0337737054 0.9991588593 0.0232568514 -0.3109979630 -0.0326215252 0.9498505592
2.3 -508.3 2731.9 0.9504606128 -0.0106116254 0.3106638789 -0.0605540909 0.9739495516 0.2185302824 -0.3048898876 -0.2265163958 0.9250580668
192.6 -95.9 2689.4 0.9293364286 -0.0187445953 0.3687580228 0.0803757161 0.9850311875 -0.1524904221 -0.3603797853 0.1713541001 0.9169319272
200.0 -487.4 2621.3 0.9321305156 -0.1101734713 0.3449557722 0.0576212481 0.9855831861 0.1590771973 -0.3575086892 -0.1284039319 0.9250405431
-201.5 328.5 2586.0 0 0 0 0 0 0 0 0 0
268.1 -216.5 2569.6 0 0 0 0 0 0 0 0 0
5.2 -766.1 2791.8 0 0 0 0 0 0 0 0 0
230.5 -760.3 2656.9 0 0 0 0 0 0 0 0 0
48.7 486.6 2693.7  0.9873175025 -0.0916647092 0.1296213269 0.0897514671 0.9957523942 0.0205379594 -0.1309533566 -0.0086437827 0.9913508296
66.8 289.4 2695.5 0.9873175025 -0.0916647092 0.1296213269 0.0897514671 0.9957523942 0.0205379594 -0.1309533566 -0.0086437827 0.9913508296
84.1 91.4 2697.9 0.9877995253 -0.0866973326 0.1293666363 0.0843688920 0.9961602092 0.0233822726 -0.1308970749 -0.0121824779 0.9913210869
-72.2 277.5 2713.9 0.8309257627 0.3350448012 0.4441929758 -0.2609148920 0.9397775531 -0.2207749635 -0.4914121032 0.0675510317 0.8683035374
-246.9 332.4 2817.2 -0.1796188056 0.3350448012 -0.9249227643 -0.0066723521 0.9397775531 0.3417215645 0.9837136865 0.0675510317 -0.1665661931
205.8 301.3 2677.0 0.2830033004 0.8183911443 0.5001450777 -0.9476656914 0.3189419806 0.0143423630 -0.1477795988 -0.4780292809 0.8658228517
278.7 57.3 2639.0 -0.0402127206 0.8303050399 0.5558565855 -0.9678100348 0.1059590280 -0.2282901704 -0.2484484911 -0.5471437573 0.7993166447
10.6 -112.0 2714.2 0.9528123736 0.0273835436 0.3023222387 -0.0384605788 0.9987869859 0.0307466183 -0.3011135757 -0.0409232453 0.9527097940
-0.3 -509.0 2730.5 0.9532305002 -0.0166953709 0.3017828465 -0.0548958294 0.9723025560 0.2271876335 -0.2972171903 -0.2331288010 0.9259119034
