-237.6 515.1 2327.7 2 0.9687887430 0.0613373145 -0.2401792258 -0.0119299795 0.9793172479 0.2019786090 0.2476004809 -0.1928092688 0.9494833350
-250.1 315.2 2367.1 0.9687887430 0.0613373145 -0.2401792258 -0.0119299795 0.9793172479 0.2019786090 0.2476004809 -0.1928092688 0.9494833350
-260.5 122.6 2400.8 0.9689553976 0.0531496964 -0.2414550930 -0.0090731559 0.9836058617 0.1801033467 0.2470690757 -0.1723213494 0.9535524249
-388.1 316.5 2331.9 0.5094271898 -0.6250141263 -0.5914738178 0.8189603686 0.1411298215 0.5562250018 -0.2641738951 -0.7677497864 0.5837571621
-518.4 106.9 2399.5 -0.3530833125 -0.6250141263 -0.6961964965 0.8260504007 0.1411298215 -0.5456401110 0.4392868578 -0.7677497864 0.4664625823
-112.2 313.9 2402.3 -0.0969032273 0.9929905534 -0.0676725134 -0.9952577353 -0.0960966647 0.0150815910 0.0084727732 0.0688130483 0.9975935817
-135.1 78.1 2404.3 0.0685971305 0.9929905534 -0.0962509140 -0.0055526514 -0.0960966647 -0.9953565001 -0.9976289868 0.0688130483 -0.0010782254
-353.4 -66.9 2416.0 0.9535266757 0.1578971595 -0.2566229999 -0.1762503088 0.9830739498 -0.0500141792 0.2443822771 0.0929197371 0.9652166963
-415.2 -452.0 2379.6 0.9572417140 0.0838134736 -0.2768820226 -0.1407522261 0.9711206555 -0.1926485002 0.2527393103 0.2233829349 0.9413941503
-177.0 -68.0 2455.1 -0.7164580822 -0.0366231129 0.6966682076 -0.0220681336 0.9993110895 0.0298377220 -0.6972810626 0.0060033100 -0.7167727351
-162.7 -459.5 2452.8 -0.7241693139 -0.0402102470 0.6884489655 0.0775718838 0.9872133136 0.1392569095 -0.6852455139 0.1542498618 -0.7117903829
-423.8 -114.4 2281.8 0 0 0 0 0 0 0 0 0
-117.8 76.7 2151.8 0 0 0 0 0 0 0 0 0
-441.7 -758.7 2309.0 0 0 0 0 0 0 0 0 0
-150.6 -755.6 2406.5 0 0 0 0 0 0 0 0 0
-237.1 510.7 2327.0 3 0.9631691575 0.0661792979 -0.2606251836 -0.0117979571 0.9787080288 0.2049179673 0.2686372995 -0.1942958087 0.9434421659
-250.6 310.5 2366.8 0.9631691575 0.0661792979 -0.2606251836 -0.0117979571 0.9787080288 0.2049179673 0.2686372995 -0.1942958087 0.9434421659
-262.0 118.0 2400.9 0.9633247852 0.0581536517 -0.2619608641 -0.0093423966 0.9829109311 0.1838446259 0.2681754231 -0.1746547371 0.9474057555
-387.8 311.8 2328.6 0.5192258954 -0.6085178852 -0.6000919938 0.8103871942 0.1275491267 0.5718424320 -0.2714351714 -0.7832223177 0.5593619347
-521.5 103.3 2398.4 -0.3823083937 -0.6085178852 -0.6953749061 0.8177783489 0.1275491267 -0.5612216592 0.4302079082 -0.7832223177 0.4488696754
-113.4 309.2 2405.0 -0.0966216847 0.9927636385 -0.0713062063 -0.9951635003 -0.0976333916 -0.0108336788 -0.0177171491 0.0699145645 0.9973956347
-135.9 78.0 2400.8 0.0707529187 0.9927636385 -0.0970275775 0.0051468490 -0.0976333916 -0.9952091575 -0.9974805713 0.0699145645 -0.0120174522
-358.4 -69.3 2412.2 0.9501730204 0.1471013576 -0.2748315632 -0.1607827693 0.9865980744 -0.0278043840 0.2670582533 0.0706071556 0.9610902667
-416.0 -455.6 2384.6 0.9514808059 0.0820331126 -0.2965717316 -0.1465741098 0.9682673216 -0.2024214417 0.2705554664 0.2360698730 0.9333117008
-183.4 -70.9 2456.8 -0.7007744312 -0.0517867208 0.7115007043 -0.0314133838 0.9986342788 0.0417459831 -0.7126909494 0.0069038728 -0.7014442086
-163.1 -462.0 2454.1 -0.7106130719 -0.0428860113 0.7022747397 0.0840356424 0.9858219028 0.1452348828 -0.6985464096 0.1622219235 -0.6969339848
-419.0 -115.8 2283.2 0 0 0 0 0 0 0 0 0
-118.0 79.3 2148.3 0 0 0 0 0 0 0 0 0
-441.8 -760.1 2310.3 0 0 0 0 0 0 0 0 0
-150.4 -755.6 2405.8 0 0 0 0 0 0 0 0 0
-238.3 506.0 2325.6 4 0.9611945152 0.0651444122 -0.2680695951 -0.0088743027 0.9785174727 0.2059727013 0.2757287621 -0.1956008971 0.9411237836
-251.5 306.8 2365.5 0.9611945152 0.0651444122 -0.2680695951 -0.0088743027 0.9785174727 0.2059727013 0.2757287621 -0.1956008971 0.9411237836
-262.6 114.3 2399.9 0.9613612890 0.0567343347 -0.2693802118 -0.0061907219 0.9827411771 0.1848823428 0.2752202153 -0.1760710776 0.9451205134
-388.5 307.7 2326.2 0.5266198516 -0.6209341288 -0.5806137323 0.7994226217 0.1294316202 0.5866608024 -0.2891279459 -0.7731029987 0.5645500422
-524.4 101.4 2400.8 -0.3858795762 -0.6209341288 -0.6823033094 0.8080162406 0.1294316202 -0.5747670531 0.4452041090 -0.7731029987 0.4517798424
-114.6 305.9 2404.7 -0.0969553292 0.9929188490 -0.0686430633 -0.9952266216 -0.0974890292 -0.0044603134 -0.0111206751 0.0678829476 0.9976313114
-136.9 76.8 2402.1 0.0696576014 0.9929188490 -0.0962290242 0.0149129741 -0.0974890292 -0.9951248765 -0.9974594712 0.0678829476 -0.0215982255
-360.4 -73.7 2410.9 0.9489507675 0.1428129822 -0.2812418044 -0.1554809809 0.9875679612 -0.0231341012 0.2744415402 0.0656808764 0.9593580365
-416.4 -460.4 2385.2 0.9493234754 0.0821304694 -0.3033801615 -0.1512097120 0.9655519724 -0.2117663026 0.2755368650 0.2469087392 0.9290401340
-186.4 -75.3 2459.3 -0.6956737638 -0.0587613136 0.7159504890 -0.0308804233 0.9981737733 0.0519188121 -0.7176938057 0.0140097020 -0.6962178946
-163.4 -466.3 2453.9 -0.7059072256 -0.0448034033 0.7068859339 0.0860862806 0.9851720929 0.1484086514 -0.7030534744 0.1656159163 -0.6915830970
-421.0 -115.1 2281.5 0 0 0 0 0 0 0 0 0
-119.3 80.6 2149.6 0 0 0 0 0 0 0 0 0
-441.9 -761.1 2308.3 0 0 0 0 0 0 0 0 0
-150.3 -754.5 2405.4 0 0 0 0 0 0 0 0 0
-239.7 505.6 2332.0 5 0.9675080776 0.0635644123 -0.2447195351 -0.0163967889 0.9816192389 0.1901443005 0.2523078024 -0.1799535304 0.9507668018
-252.6 306.2 2368.5 0.9675080776 0.0635644123 -0.2447195351 -0.0163967889 0.9816192389 0.1901443005 0.2523078024 -0.1799535304 0.9507668018
-263.3 113.3 2400.3 0.9677718282 0.0543896817 -0.2458849698 -0.0119988201 0.9852481484 0.1707107574 0.2515425980 -0.1622587293 0.9541479945
-390.5 307.9 2332.7 0.5468934774 -0.6016017199 -0.5822224021 0.7896127701 0.1395230889 0.5975323915 -0.2782430649 -0.7865167856 0.5513367057
-531.0 105.1 2404.2 -0.3973978162 -0.6016017199 -0.6929287910 0.8018545508 0.1395230889 -0.5810013413 0.4462109804 -0.7865167856 0.4269509017
-114.7 304.6 2404.3 -0.0481933020 0.9986545444 -0.0191454664 -0.9988301992 -0.0482600145 -0.0030376581 -0.0039575314 0.0189766753 0.9998120666
-125.8 74.8 2403.4 0.0203559641 0.9986545444 -0.0476946309 0.0282513034 -0.0482600145 -0.9984351993 -0.9993935823 0.0189766753 -0.0291956719
-360.6 -77.6 2409.5 0.9554745555 0.1494496465 -0.2544271946 -0.1583895236 0.9872642756 -0.0148995994 0.2489601523 0.0545347929 0.9669771194
-419.2 -464.3 2388.2 0.9570050240 0.0726562291 -0.2808245718 -0.1403541714 0.9632327557 -0.2290924191 0.2538544536 0.2586574852 0.9320161939
-186.9 -78.7 2459.3 -0.7117146850 -0.0595975854 0.6999359131 -0.0412487984 0.9982209206 0.0430527739 -0.7012565136 0.0017697760 -0.7129068375
-163.5 -469.7 2458.6 -0.7241594195 -0.0438147001 0.6882393360 0.0916017517 0.9830257297 0.1589639634 -0.6835219264 0.1781591773 -0.7078538537
-424.4 -109.9 2284.5 0 0 0 0 0 0 0 0 0
-120.7 81.9 2150.0 0 0 0 0 0 0 0 0 0
-441.6 -762.2 2308.2 0 0 0 0 0 0 0 0 0
-150.9 -754.4 2407.0 0 0 0 0 0 0 0 0 0
-241.2 506.9 2335.6 6 0.9663609266 0.0629839748 -0.2493582219 -0.0163703486 0.9826473594 0.1847597957 0.2566681206 -0.1744625717 0.9506230950
-253.9 308.5 2370.9 0.9663609266 0.0629839748 -0.2493582219 -0.0163703486 0.9826473594 0.1847597957 0.2566681206 -0.1744625717 0.9506230950
-264.5 115.3 2401.2 0.9665666819 0.0541830510 -0.2506253123 -0.0129128993 0.9864646196 0.1634650677 0.2560900450 -0.1547635794 0.9541834593
-391.6 310.3 2334.4 0.5314484835 -0.6038013697 -0.5941265821 0.8054518700 0.1430005431 0.5751505494 -0.2623162568 -0.7842032313 0.5623303652
-529.7 101.0 2402.5 -0.3938432038 -0.6038013697 -0.6930450201 0.8017989397 0.1430005431 -0.5802321434 0.4494507611 -0.7842032313 0.4278075099
-116.2 306.6 2407.3 -0.0188391246 0.9998123050 0.0045256177 -0.9995808601 -0.0187348686 -0.0220693815 -0.0219804533 -0.0049394891 0.9997462034
-120.6 73.9 2402.2 -0.0042302692 0.9998123050 -0.0189076345 0.0377081223 -0.0187348686 -0.9991131425 -0.9992798567 -0.0049394891 -0.0376217924
-361.4 -78.6 2409.3 0.9549277425 0.1463417113 -0.2582577467 -0.1559424251 0.9876202941 -0.0169741698 0.2525765598 0.0564824454 0.9659269452
-418.7 -465.4 2387.2 0.9562208056 0.0729281232 -0.2834135592 -0.1404959261 0.9639466405 -0.2259817868 0.2567151189 0.2559069395 0.9319919348
-186.5 -80.7 2454.8 -0.7073208690 -0.0548023060 0.7047651410 -0.0537956282 0.9982722402 0.0236346144 -0.7048426867 -0.0211960282 -0.7090469003
-165.1 -471.7 2463.1 -0.7234859467 -0.0494279265 0.6885673404 0.0978203267 0.9800289869 0.1731311083 -0.6833734512 0.1926138103 -0.7042021155
-424.1 -114.0 2282.0 0 0 0 0 0 0 0 0 0
-121.6 83.5 2147.6 0 0 0 0 0 0 0 0 0
-441.3 -763.3 2308.1 0 0 0 0 0 0 0 0 0
-150.7 -757.2 2406.9 0 0 0 0 0 0 0 0 0
-240.5 507.9 2336.4 7 0.9636554718 0.0625168681 -0.2597302794 -0.0146626029 0.9831446409 0.1822406948 0.2667455375 -0.1718089134 0.9483293295
-253.1 309.1 2371.2 0.9636554718 0.0625168681 -0.2597302794 -0.0146626029 0.9831446409 0.1822406948 0.2667455375 -0.1718089134 0.9483293295
-263.6 115.8 2401.2 0.9638772607 0.0534075387 -0.2609372437 -0.0108931726 0.9867748022 0.1617305875 0.2661239207 -0.1530460119 0.9517115951
-390.5 310.6 2333.3 0.5477138758 -0.6065992117 -0.5762351155 0.7860581279 0.1371849477 0.6027377844 -0.2865695059 -0.7830821872 0.5519603491
-532.2 107.2 2407.4 -0.3939973414 -0.6065992117 -0.6905095577 0.8036530018 0.1371849477 -0.5790700912 0.4459909797 -0.7830821872 0.4334447682
-115.8 307.5 2409.1 -0.0166121572 0.9997556210 0.0145844826 -0.9990160465 -0.0159964450 -0.0413641818 -0.0411207750 -0.0152572813 0.9990376830
-119.6 74.5 2399.5 -0.0145442775 0.9997556210 -0.0166473687 0.0437793396 -0.0159964450 -0.9989131689 -0.9989353418 -0.0152572813 -0.0435359851
-362.5 -76.8 2408.3 0.9533455968 0.1390878111 -0.2679304481 -0.1488759816 0.9887188077 -0.0164652243 0.2626177669 0.0555854589 0.9632975459
-417.0 -464.1 2386.5 0.9533641338 0.0820462108 -0.2904570103 -0.1486584991 0.9651649594 -0.2153074443 0.2626737654 0.2484452873 0.9323505163
-187.8 -79.1 2454.6 -0.6997925639 -0.0586202145 0.7119368315 -0.0550367087 0.9980893135 0.0280838571 -0.7122228146 -0.0195297860 -0.7016817331
-164.8 -470.0 2462.3 -0.7165470719 -0.0524169318 0.6955665350 0.0978282094 0.9797652960 0.1746127903 -0.6906446218 0.1931643039 -0.6969200969
-426.5 -108.3 2287.8 0 0 0 0 0 0 0 0 0
-123.3 85.7 2144.9 0 0 0 0 0 0 0 0 0
-442.3 -761.6 2310.0 0 0 0 0 0 0 0 0 0
-149.4 -758.9 2405.3 0 0 0 0 0 0 0 0 0
-241.1 506.1 2331.9 8 0.9548239112 0.0633882731 -0.2903330326 -0.0058024996 0.9807761908 0.1950495988 0.2971155941 -0.1845533550 0.9368363619
-254.0 306.5 2369.4 0.9548239112 0.0633882731 -0.2903330326 -0.0058024996 0.9807761908 0.1950495988 0.2971155941 -0.1845533550 0.9368363619
-264.4 113.5 2401.0 0.9550056458 0.0529310033 -0.2918262780 -0.0027304892 0.9854733944 0.1698080897 0.2965751290 -0.1613708586 0.9412771463
-390.0 306.9 2327.2 0.5423738956 -0.6201479435 -0.5667866468 0.7854804993 0.1349487901 0.6039943695 -0.2980786860 -0.7727906108 0.5603068471
-530.6 103.4 2404.4 -0.3909760416 -0.6201479435 -0.6801134348 0.8008643985 0.1349487901 -0.5834423900 0.4536010921 -0.7727906108 0.4438926578
-118.0 306.2 2411.7 -0.0103855925 0.9997447729 0.0200633407 -0.9981885552 -0.0091761649 -0.0594595224 -0.0592602417 -0.0206445176 0.9980290532
-120.3 77.6 2398.1 -0.0202107336 0.9997447729 -0.0100957612 0.0450872406 -0.0091761649 -0.9989408851 -0.9987785816 -0.0206445176 -0.0448902771
-361.2 -76.5 2407.1 0.9434489012 0.1441033036 -0.2985606194 -0.1542877853 0.9879680872 -0.0106952451 0.2934271395 0.0561546758 0.9543307424
-417.6 -463.5 2385.1 0.9436877370 0.0791633800 -0.3212266862 -0.1514223963 0.9666318893 -0.2066254467 0.2941507995 0.2436308116 0.9241857529
-186.9 -78.4 2455.2 -0.6778125167 -0.0574436113 0.7329873443 -0.0456212498 0.9983081222 0.0360494256 -0.7338179946 -0.0090050483 -0.6792864203
-164.4 -469.5 2458.7 -0.6927971244 -0.0524496287 0.7192226052 0.0980669186 0.9812338948 0.1660206914 -0.7144333124 0.1855506152 -0.6746524572
-425.7 -111.4 2282.8 0 0 0 0 0 0 0 0 0
-125.5 89.1 2143.9 0 0 0 0 0 0 0 0 0
-442.1 -762.0 2309.9 0 0 0 0 0 0 0 0 0
-149.0 -757.7 2404.2 0 0 0 0 0 0 0 0 0
-242.1 506.4 2334.6 9 0.9595723152 0.0601875484 -0.2749516070 -0.0084011899 0.9825583696 0.1857644469 0.2813367248 -0.1759445071 0.9433414936
-254.3 307.0 2370.3 0.9595723152 0.0601875484 -0.2749516070 -0.0084011899 0.9825583696 0.1857644469 0.2813367248 -0.1759445071 0.9433414936
-264.3 113.8 2400.6 0.9597391486 0.0509250984 -0.2762380540 -0.0054454622 0.9866167307 0.1629657149 0.2808401287 -0.1549003273 0.9471719861
-391.0 307.8 2330.3 0.5368029475 -0.6160135865 -0.5765152574 0.7956677675 0.1423348635 0.5887729526 -0.2806339264 -0.7747696638 0.5665479302
-530.4 101.1 2403.1 -0.3826521039 -0.6160135865 -0.6885525584 0.8056352735 0.1423348635 -0.5750588179 0.4522490799 -0.7747696638 0.4418175220
-117.6 306.2 2410.3 -0.0242458433 0.9995433688 0.0180323757 -0.9978124499 -0.0230863150 -0.0619459264 -0.0615013391 -0.0194948595 0.9979165792
-123.0 82.5 2396.5 -0.0179899875 0.9995433688 -0.0242773108 0.0636891201 -0.0230863150 -0.9977027178 -0.9978076220 -0.0194948595 -0.0632447228
-361.1 -79.2 2405.8 0.9491370320 0.1411586255 -0.2814483047 -0.1493598968 0.9887522459 -0.0077886549 0.2771832049 0.0494295917 0.9595447779
-416.4 -466.5 2386.5 0.9485930800 0.0859190971 -0.3046130240 -0.1556999534 0.9646139145 -0.2127852291 0.2755516171 0.2492748350 0.9284036756
-188.5 -79.7 2459.4 -0.6896178722 -0.0625625551 0.7214659452 -0.0426148549 0.9980406761 0.0458122939 -0.7229185104 0.0008478088 -0.6909328103
-164.0 -470.6 2459.1 -0.7035193443 -0.0494709946 0.7089521289 0.0960956365 0.9817904830 0.1638690233 -0.7041492462 0.1834122390 -0.6859546900
-427.8 -114.9 2281.9 0 0 0 0 0 0 0 0 0
-127.6 98.6 2143.2 0 0 0 0 0 0 0 0 0
-442.7 -762.0 2310.1 0 0 0 0 0 0 0 0 0
-149.6 -756.2 2405.7 0 0 0 0 0 0 0 0 0
-241.8 508.5 2336.4 0 0.9652171731 0.0604273789 -0.2543703914 -0.0141104609 0.9835461378 0.1801053137 0.2610682845 -0.1702514589 0.9501882792
-254.0 309.4 2370.9 0.9652171731 0.0604273789 -0.2543703914 -0.0141104609 0.9835461378 0.1801053137 0.2610682845 -0.1702514589 0.9501882792
-264.6 116.1 2400.7 0.9653168321 0.0537363365 -0.2554913461 -0.0123909013 0.9869161844 0.1607573628 0.2607870698 -0.1520160139 0.9533526301
-391.5 311.1 2333.8 0.5278790593 -0.6092481613 -0.5917434692 0.8090334535 0.1486707479 0.5686491728 -0.2584735453 -0.7789182663 0.5713823438
-529.0 100.4 2401.1 -0.3748097122 -0.6092481613 -0.6988092065 0.8116292357 0.1486707479 -0.5649380684 0.4480799735 -0.7789182663 0.4387603998
-116.5 307.6 2408.0 -0.0057531199 0.9981611967 0.0603414439 -0.9985098839 -0.0024595279 -0.0545154661 -0.0542668104 -0.0605651625 0.9966880083
-117.8 84.0 2395.9 -0.0601084121 0.9981611967 -0.0078209257 0.0887567922 -0.0024595279 -0.9960502982 -0.9942380190 -0.0605651625 -0.0884457454
-361.0 -79.0 2405.6 0.9546897411 0.1439177096 -0.2604901791 -0.1499312222 0.9886910915 -0.0032540807 0.2570759952 0.0421622507 0.9654710293
-417.4 -466.3 2389.1 0.9548086524 0.0800433904 -0.2862402201 -0.1485138535 0.9626947641 -0.2261910141 0.2574568689 0.2584797740 0.9310768843
-187.6 -80.0 2456.3 -0.7037408948 -0.0569333024 0.7081718445 -0.0530988872 0.9982109666 0.0274842717 -0.7084696889 -0.0182613302 -0.7055049539
-165.3 -470.9 2463.5 -0.7202528715 -0.0506890565 0.6918572187 0.0996162966 0.9794331193 0.1754631698 -0.6865219474 0.1952981055 -0.7003900409
-428.5 -117.2 2280.9 0 0 0 0 0 0 0 0 0
-133.1 106.6 2143.1 0 0 0 0 0 0 0 0 0
-442.0 -761.4 2309.8 0 0 0 0 0 0 0 0 0
-150.6 -754.5 2406.9 0 0 0 0 0 0 0 0 0
-242.1 507.5 2338.9 1 0.9672632813 0.0638310313 -0.2456163466 -0.0209353436 0.9846220613 0.1734389961 0.2529100776 -0.1626191139 0.9537250996
-255.0 307.9 2371.8 0.9672632813 0.0638310313 -0.2456163466 -0.0209353436 0.9846220613 0.1734389961 0.2529100776 -0.1626191139 0.9537250996
-266.0 114.4 2400.2 0.9674559832 0.0560017750 -0.2467646152 -0.0177635439 0.9878270626 0.1545384675 0.2524152100 -0.1451257467 0.9566739798
-392.9 310.4 2335.8 0.5302112103 -0.6216386557 -0.5765773654 0.8043719530 0.1537920535 0.5738760829 -0.2680705190 -0.7680581808 0.5815709829
-527.8 105.8 2404.1 -0.3574924767 -0.6216386557 -0.6969680786 0.8167583942 0.1537920535 -0.5561059117 0.4528850615 -0.7680581808 0.4527490735
-117.2 305.4 2407.8 0.0142020555 0.9962220788 0.0856728777 -0.9978304505 0.0196292475 -0.0628418922 -0.0642861798 -0.0845945179 0.9943395257
-114.1 85.5 2393.6 -0.0861529708 0.9962220788 0.0109181302 0.1009230316 0.0196292475 -0.9947005510 -0.9911569953 -0.0845945179 -0.1022328734
-362.3 -76.1 2406.9 0.9568089843 0.1444076300 -0.2523151934 -0.1517976969 0.9883613586 -0.0099656768 0.2479394674 0.0478361137 0.9675937891
-418.9 -463.3 2388.2 0.9576056004 0.0772030056 -0.2775449753 -0.1424207389 0.9643237591 -0.2231501490 0.2504153550 0.2532179952 0.9344371557
-187.9 -78.3 2454.0 -0.7092147470 -0.0541122332 0.7029127479 -0.0589146577 0.9981114864 0.0173946153 -0.7025265098 -0.0290753450 -0.7110633850
-166.7 -469.2 2465.4 -0.7270503640 -0.0520109944 0.6846112609 0.0997969881 0.9785314798 0.1803239733 -0.6792925000 0.1994267553 -0.7062511444
-431.9 -113.2 2282.6 0 0 0 0 0 0 0 0 0
-136.0 111.1 2141.3 0 0 0 0 0 0 0 0 0
-442.8 -761.4 2309.9 0 0 0 0 0 0 0 0 0
-151.5 -754.3 2407.3 0 0 0 0 0 0 0 0 0
-242.1 504.8 2340.1 2 0.9708789587 0.0631701946 -0.2310921550 -0.0245139208 0.9857420921 0.1664680839 0.2383130789 -0.1559553891 0.9585847855
-254.8 305.5 2371.6 0.9708789587 0.0631701946 -0.2310921550 -0.0245139208 0.9857420921 0.1664680839 0.2383130789 -0.1559553891 0.9585847855
-265.8 111.8 2399.0 0.9710739255 0.0558811240 -0.2321479768 -0.0212800838 0.9886144996 0.1489582509 0.2378288060 -0.1397093385 0.9612069130
-393.2 308.5 2337.7 0.5335844159 -0.6262164712 -0.5684545636 0.8023346663 0.1622284055 0.5744049549 -0.2674823701 -0.7625843287 0.5889977217
-526.7 107.7 2404.7 -0.3434242904 -0.6262164712 -0.6999376416 0.8207132816 0.1622284055 -0.5478245020 0.4566065073 -0.7625843287 0.4582310021
-116.5 302.4 2405.5 0.0222948622 0.9937142134 0.1097042710 -0.9963867068 0.0310808495 -0.0790413842 -0.0819542482 -0.1075456589 0.9908165336
-111.7 89.1 2387.9 -0.1109296456 0.9937142134 0.0150566418 0.1441770047 0.0310808495 -0.9890636802 -0.9833145738 -0.1075456589 -0.1467185318
-364.4 -77.5 2405.9 0.9608623981 0.1408684254 -0.2385363579 -0.1499162316 0.9884938002 -0.0201281365 0.2329562902 0.0551008396 0.9709249735
-419.6 -464.7 2384.3 0.9622418284 0.0731753036 -0.2621756792 -0.1335488260 0.9662061930 -0.2204774916 0.2371822596 0.2471659184 0.9394964576
-189.6 -80.6 2451.5 -0.7190789580 -0.0621889941 0.6921401024 -0.0644601807 0.9976627231 0.0226712450 -0.6919323206 -0.0283130631 -0.7214069963
-165.2 -471.4 2462.6 -0.7369399071 -0.0495871156 0.6741369963 0.0960332379 0.9795092344 0.1770289540 -0.6691017747 0.1951992661 -0.7170774341
-434.7 -112.3 2282.2 0 0 0 0 0 0 0 0 0
-140.1 125.9 2136.5 0 0 0 0 0 0 0 0 0
-442.2 -762.3 2308.1 0 0 0 0 0 0 0 0 0
-150.9 -754.3 2406.2 0 0 0 0 0 0 0 0 0
-242.2 504.9 2339.2 3 0.9704312682 0.0636392757 -0.2328373790 -0.0242549852 0.9854456186 0.1682515442 0.2401559800 -0.1576290876 0.9578508139
-255.1 305.6 2371.1 0.9704312682 0.0636392757 -0.2328373790 -0.0242549852 0.9854456186 0.1682515442 0.2401559800 -0.1576290876 0.9578508139
-266.2 112.0 2398.6 0.9705963135 0.0566555262 -0.2339506745 -0.0215461142 0.9884536862 0.1499836743 0.2397468090 -0.1405328810 0.9606102109
-393.4 308.7 2336.9 0.5208638310 -0.6297100186 -0.5763385892 0.8116029501 0.1560499370 0.5629822612 -0.2645779550 -0.7609952092 0.5923552513
-525.8 102.3 2404.2 -0.3503618836 -0.6297100186 -0.6933338642 0.8172715306 0.1560499370 -0.5547212362 0.4575082064 -0.7609952092 0.4599701166
-116.7 302.5 2405.2 0.0451368950 0.9903846979 0.1307700425 -0.9955987334 0.0553594679 -0.0756208077 -0.0821330547 -0.1267812103 0.9885244966
-107.2 90.9 2387.8 -0.1345253885 0.9903846979 0.0322655328 0.1716458499 0.0553594679 -0.9836020470 -0.9759306312 -0.1267812103 -0.1774426848
-364.5 -79.9 2404.8 0.9600917101 0.1480937004 -0.2372597605 -0.1518032253 0.9884071350 0.0026630883 0.2349036336 0.0334599912 0.9714425802
-422.5 -467.0 2391.7 0.9616947174 0.0615655780 -0.2671198249 -0.1305384189 0.9597249031 -0.2487725616 0.2410457432 0.2741126418 0.9309990406
-189.0 -83.7 2447.8 -0.7179623246 -0.0597495213 0.6935128570 -0.0613879524 0.9978621602 0.0224185456 -0.6933697462 -0.0264776647 -0.7200953364
-165.6 -474.6 2458.2 -0.7344077229 -0.0555274896 0.6764333248 0.0855961069 0.9811123013 0.1734703779 -0.6732894182 0.1852980405 -0.7157834768
-431.9 -116.8 2281.5 0 0 0 0 0 0 0 0 0
-141.9 135.2 2135.9 0 0 0 0 0 0 0 0 0
-441.4 -761.4 2307.6 0 0 0 0 0 0 0 0 0
-149.8 -754.6 2405.3 0 0 0 0 0 0 0 0 0
-241.8 505.2 2338.2 4 0.9722779393 0.0657348186 -0.2243981063 -0.0265456531 0.9844973087 0.1733793616 0.2323163897 -0.1626161337 0.9589499831
-255.1 306.1 2371.1 0.9722779393 0.0657348186 -0.2243981063 -0.0265456531 0.9844973087 0.1733793616 0.2323163897 -0.1626161337 0.9589499831
-266.5 112.5 2399.2 0.9724673033 0.0580633730 -0.2256900668 -0.0235289410 0.9879778624 0.1527944952 0.2318485528 -0.1432774067 0.9621422887
-393.7 309.4 2338.1 0.5103897452 -0.6072930098 -0.6088492870 0.8267403245 0.1516827196 0.5417497158 -0.2366489023 -0.7798637748 0.5794909596
-523.1 99.8 2398.1 -0.3474792242 -0.6072930098 -0.7144601941 0.8320299387 0.1516827196 -0.5335902572 0.4324168861 -0.7798637748 0.4525793791
-116.5 302.7 2404.2 0.0552589744 0.9885134697 0.1406682879 -0.9950066209 0.0662455559 -0.0746549219 -0.0831160471 -0.1358405352 0.9872381091
-104.7 90.5 2386.4 -0.1475021690 0.9885134697 0.0329276882 0.2270558327 0.0662455559 -0.9716260433 -0.9626467228 -0.1358405352 -0.2342191041
-365.0 -79.7 2404.4 0.9626289010 0.1441750526 -0.2292578369 -0.1467812359 0.9891523719 0.0057368916 0.2275980562 0.0281282514 0.9733487964
-421.5 -467.1 2393.4 0.9637579322 0.0644188672 -0.2588837743 -0.1317586750 0.9587315321 -0.2519395649 0.2319703698 0.2769189477 0.9324728847
-189.5 -83.5 2447.8 -0.7230272889 -0.0683963895 0.6874252558 -0.0728961080 0.9970849156 0.0225350056 -0.6869626641 -0.0338172019 -0.7259054184
-162.8 -474.1 2461.0 -0.7420851588 -0.0449606664 0.6687960029 0.0985713303 0.9795811772 0.1752267331 -0.6630182862 0.1959572732 -0.7225008607
-430.0 -123.3 2282.2 0 0 0 0 0 0 0 0 0
-143.2 149.7 2135.2 0 0 0 0 0 0 0 0 0
-441.4 -764.1 2307.6 0 0 0 0 0 0 0 0 0
-149.9 -753.9 2405.0 0 0 0 0 0 0 0 0 0
-241.5 504.8 2338.3 5 0.9774639606 0.0688120872 -0.1995722950 -0.0343618914 0.9846363664 0.1712030172 0.2082869709 -0.1604871005 0.9648110867
-255.5 305.2 2370.8 0.9774639606 0.0688120872 -0.1995722950 -0.0343618914 0.9846363664 0.1712030172 0.2082869709 -0.1604871005 0.9648110867
-267.7 111.7 2398.7 0.9776254892 0.0625201464 -0.2008471936 -0.0319355987 0.9878559709 0.1520550996 0.2079146057 -0.1422387809 0.9677497745
-394.8 309.8 2341.2 0.5006498098 -0.6041961312 -0.6199167371 0.8360841870 0.1519409269 0.5271406174 -0.2243055850 -0.7822154164 0.5812280178
-522.1 97.1 2398.2 -0.3501153886 -0.6041961312 -0.7157976031 0.8311978579 0.1519409269 -0.5348121524 0.4318903983 -0.7822154164 0.4490096867
-116.2 300.7 2400.4 0.0441536866 0.9890553355 0.1407837123 -0.9965931177 0.0534329079 -0.0628257245 -0.0696605965 -0.1375300884 0.9880449772
-107.0 93.7 2385.9 -0.1468154490 0.9890553355 0.0146568464 0.2638156116 0.0534329079 -0.9630920291 -0.9533344507 -0.1375300884 -0.2687730193
-365.8 -78.8 2406.3 0.9689303637 0.1355560571 -0.2068779767 -0.1397308707 0.9901735187 -0.0056336159 0.2040814161 0.0343658216 0.9783505201
-418.9 -466.7 2392.8 0.9694392085 0.0732969493 -0.2341263294 -0.1333600879 0.9584575295 -0.2521394491 0.2059190869 0.2756569684 0.9389411807
-190.0 -83.1 2448.2 -0.7400146127 -0.0626150072 0.6696698666 -0.0679342896 0.9975237846 0.0181994028 -0.6691511273 -0.0320257172 -0.7424359322
-165.4 -473.8 2460.8 -0.7578496337 -0.0531181023 0.6502633691 0.0874723047 0.9794094563 0.1819497049 -0.6465389132 0.1947705448 -0.7375987172
-428.2 -125.7 2282.4 0 0 0 0 0 0 0 0 0
-145.9 163.6 2133.4 0 0 0 0 0 0 0 0 0
-441.6 -763.5 2307.5 0 0 0 0 0 0 0 0 0
-150.2 -754.3 2405.0 0 0 0 0 0 0 0 0 0
-242.6 504.8 2338.8 6 0.9849256277 0.0669964701 -0.1594772190 -0.0402000546 0.9853605032 0.1656763852 0.1682422906 -0.1567679197 0.9732000828
-256.1 305.9 2370.4 0.9849256277 0.0669964701 -0.1594772190 -0.0402000546 0.9853605032 0.1656763852 0.1682422906 -0.1567679197 0.9732000828
-268.4 112.4 2398.2 0.9850314856 0.0628558099 -0.1605058014 -0.0385913141 0.9879255891 0.1500456631 0.1679990441 -0.1416055709 0.9755635262
-396.4 311.4 2346.5 0.5117117763 -0.5888859034 -0.6255912185 0.8317875862 0.1572414041 0.5323575735 -0.2151290476 -0.7927726507 0.5702902675
-525.5 101.6 2400.8 -0.3530334830 -0.5888859034 -0.7270355821 0.8323222399 0.1572414041 -0.5315212607 0.4273254871 -0.7927726507 0.4346313775
-115.9 300.4 2394.3 0.0575668253 0.9853527546 0.1605180353 -0.9970609546 0.0648864508 -0.0407331809 -0.0505519956 -0.1577013880 0.9861920476
-103.9 93.5 2383.8 -0.1702123582 0.9853527546 0.0103794821 0.3179453909 0.0648864508 -0.9458860755 -0.9327049255 -0.1577013880 -0.3243328333
-368.3 -78.9 2407.7 0.9767748117 0.1332535297 -0.1677929014 -0.1373033524 0.9904474020 -0.0127170729 0.1644954532 0.0354602449 0.9857402444
-420.5 -466.8 2393.8 0.9782605767 0.0686039627 -0.1957031786 -0.1190511659 0.9584845304 -0.2591027319 0.1698030084 0.2767686546 0.9458150268
-191.7 -84.6 2445.3 -0.7663592100 -0.0701316968 0.6385727525 -0.0702178180 0.9972120523 0.0252502188 -0.6385632753 -0.0254884493 -0.7691470981
-164.2 -475.2 2455.3 -0.7817242146 -0.0491455421 0.6216847897 0.0729281679 0.9828457832 0.1693980694 -0.6193454266 0.1777608991 -0.7647302151
-430.8 -121.6 2286.2 0 0 0 0 0 0 0 0 0
-149.8 179.2 2132.3 0 0 0 0 0 0 0 0 0
-441.7 -762.2 2308.6 0 0 0 0 0 0 0 0 0
-150.2 -754.4 2404.8 0 0 0 0 0 0 0 0 0
-244.1 504.2 2339.5 7 0.9856019020 0.0629377663 -0.1569322050 -0.0372022763 0.9861161113 0.1618361771 0.1649390012 -0.1536678076 0.9742593765
-256.8 305.0 2370.6 0.9856019020 0.0629377663 -0.1569322050 -0.0372022763 0.9861161113 0.1618361771 0.1649390012 -0.1536678076 0.9742593765
-268.6 111.4 2398.0 0.9856199622 0.0604707338 -0.1577864885 -0.0369133838 0.9882729650 0.1481687129 0.1648959965 -0.1402136087 0.9762937427
-397.2 310.2 2347.1 0.4987770915 -0.6016157866 -0.6239230037 0.8403558135 0.1594452262 0.5180534124 -0.2121875733 -0.7827104926 0.5850989223
-523.2 97.9 2400.7 -0.3535153568 -0.6016157866 -0.7162997723 0.8255426288 0.1594452262 -0.5413470268 0.4398934841 -0.7827104926 0.4402931333
-116.4 299.7 2394.0 0.1097661108 0.9728536010 0.2037332654 -0.9906637669 0.1237521842 -0.0571897030 -0.0808496475 -0.1955536902 0.9773546457
-93.6 94.1 2377.3 -0.2280228883 0.9728536010 0.0395146199 0.3683085442 0.1237521842 -0.9214305282 -0.9013070464 -0.1955536902 -0.3865286410
-369.7 -77.6 2410.7 0.9776589274 0.1292804778 -0.1657395959 -0.1347858757 0.9906223416 -0.0223632548 0.1612942070 0.0442029908 0.9859159589
-420.3 -465.6 2393.4 0.9791566730 0.0671720058 -0.1916772425 -0.1160789430 0.9594877958 -0.2567271292 0.1666671038 0.2736257911 0.9472861290
-191.8 -84.6 2441.1 -0.7669804692 -0.0681613609 0.6380400062 -0.0878689736 0.9961317182 0.0007897700 -0.6356257200 -0.0554581806 -0.7700028419
-165.1 -474.6 2462.8 -0.7882289886 -0.0527380966 0.6131180525 0.0838026702 0.9778403044 0.1918474436 -0.6096491814 0.2026006430 -0.7663425207
-428.4 -123.4 2282.7 0 0 0 0 0 0 0 0 0
-155.6 194.3 2132.1 0 0 0 0 0 0 0 0 0
-441.2 -763.6 2308.4 0 0 0 0 0 0 0 0 0
-150.0 -754.1 2404.9 0 0 0 0 0 0 0 0 0
-243.3 503.9 2338.9 8 0.9863205552 0.0654226467 -0.1512997597 -0.0405058526 0.9859167337 0.1622575074 0.1597842872 -0.1539093852 0.9750799537
-256.5 304.2 2370.1 0.9863205552 0.0654226467 -0.1512997597 -0.0405058526 0.9859167337 0.1622575074 0.1597842872 -0.1539093852 0.9750799537
-268.4 110.6 2397.5 0.9864897132 0.0605680794 -0.1522155553 -0.0378555991 0.9882764220 0.1479076743 0.1593895257 -0.1401471794 0.9772173762
-397.1 309.6 2347.4 0.4980390370 -0.5931423306 -0.6325656176 0.8421226740 0.1568231136 0.5159804821 -0.2068489641 -0.7896763086 0.5776026845
-523.8 95.3 2400.0 -0.3681284189 -0.5931423306 -0.7160053253 0.8194759488 0.1568231136 -0.5512400866 0.4392500222 -0.7896763086 0.4283348620
-116.0 298.8 2392.8 0.1492765844 0.9608198404 0.2335416377 -0.9812564850 0.1730575264 -0.0847750381 -0.1218696758 -0.2165093273 0.9686441422
-84.9 94.8 2367.4 -0.2713615894 0.9608198404 0.0564630739 0.4281986058 0.1730575264 -0.8869594336 -0.8619796038 -0.2165093273 -0.4583828747
-369.5 -78.8 2410.6 0.9784161448 0.1284577101 -0.1618654728 -0.1357615590 0.9901282787 -0.0348541290 0.1557902992 0.0560769513 0.9861971140
-419.8 -466.6 2388.6 0.9801341891 0.0711751804 -0.1851245910 -0.1154749244 0.9636618495 -0.2408762425 0.1612530947 0.2574682832 0.9527368546
-191.4 -85.5 2440.4 -0.7705710530 -0.0622225478 0.6343095303 -0.0871566609 0.9961611629 -0.0081611751 -0.6313667297 -0.0615730658 -0.7730360627
-167.0 -475.6 2464.5 -0.7927889824 -0.0611525774 0.6064206362 0.0812622905 0.9754658341 0.2046040297 -0.6040546894 0.2114869505 -0.7683691978
-425.1 -124.4 2282.2 0 0 0 0 0 0 0 0 0
-159.5 212.5 2130.4 0 0 0 0 0 0 0 0 0
-441.8 -764.1 2309.1 0 0 0 0 0 0 0 0 0
-149.5 -755.3 2403.9 0 0 0 0 0 0 0 0 0
-244.1 505.6 2346.1 9 0.9899516702 0.0614242293 -0.1273685098 -0.0432782769 0.9891154170 0.1406332552 0.1346204430 -0.1337078363 0.9818347692
-256.5 305.4 2373.2 0.9899516702 0.0614242293 -0.1273685098 -0.0432782769 0.9891154170 0.1406332552 0.1346204430 -0.1337078363 0.9818347692
-267.9 111.4 2397.3 0.9900950789 0.0576557107 -0.1280139983 -0.0408943892 0.9906831980 0.1299015135 0.1343108714 -0.1233797967 0.9832283854
-397.6 311.2 2354.0 0.4970630705 -0.5875104666 -0.6385607123 0.8482522368 0.1740135849 0.5001873970 -0.1827471107 -0.7902852297 0.5848527551
-524.2 95.2 2400.6 -0.3635296524 -0.5875104666 -0.7229644656 0.8157560825 0.1740135849 -0.5515987873 0.4498757124 -0.7902852297 0.4160061479
-115.5 299.6 2392.3 0.1892271787 0.9471446872 0.2590560019 -0.9724912643 0.2172663063 -0.0840005726 -0.1358448416 -0.2360344976 0.9622026086
-76.2 97.5 2364.1 -0.3128013313 0.9471446872 0.0712198839 0.4621078968 0.2172663063 -0.8597974181 -0.8298262358 -0.2360344976 -0.5056442618
-369.4 -79.6 2410.6 0.9826075435 0.1267813146 -0.1356794089 -0.1331165433 0.9903465509 -0.0386490114 0.1294696629 0.0560379848 0.9899986386
-419.1 -467.5 2388.6 0.9846557379 0.0711644590 -0.1593382359 -0.1094647646 0.9629752636 -0.2463658154 0.1359062791 0.2600274384 0.9559891224
-191.1 -86.4 2439.4 -0.7857705951 -0.0595469065 0.6156449914 -0.0781614482 0.9969351292 -0.0033340030 -0.6135596037 -0.0507394634 -0.7880166173
-167.8 -476.8 2459.3 -0.8039630055 -0.0668389574 0.5909112096 0.0643581524 0.9780482054 0.1981910169 -0.5911865234 0.1973682046 -0.7820129395
-426.7 -123.5 2279.9 0 0 0 0 0 0 0 0 0
-163.9 227.0 2131.4 0 0 0 0 0 0 0 0 0
-440.9 -763.2 2308.8 0 0 0 0 0 0 0 0 0
-148.7 -755.7 2403.0 0 0 0 0 0 0 0 0 0
-244.8 507.5 2348.7 00 0.9927231073 0.0625774190 -0.1028827056 -0.0484697968 0.9897521138 0.1343184412 0.1102336794 -0.1283543110 0.9855829477
-257.5 307.5 2374.6 0.9927231073 0.0625774190 -0.1028827056 -0.0484697968 0.9897521138 0.1343184412 0.1102336794 -0.1283543110 0.9855829477
-268.9 113.4 2397.9 0.9929323196 0.0581249297 -0.1034744382 -0.0450371280 0.9911835194 0.1246071160 0.1098049358 -0.1190662384 0.9867959023
-398.9 313.9 2359.0 0.4879553020 -0.5850067735 -0.6478168368 0.8571166396 0.1807717979 0.4823614955 -0.1650777310 -0.7906254530 0.5896276236
-523.9 94.3 2401.3 -0.3598003089 -0.5850067735 -0.7268499136 0.8158149123 0.1807717979 -0.5493337512 0.4527579248 -0.7906254530 0.4122155309
-116.0 301.1 2390.3 0.1959754825 0.9458976388 0.2585946918 -0.9696988463 0.2261627764 -0.0923825502 -0.1458689421 -0.2326542586 0.9615582228
-74.7 96.5 2359.5 -0.3185119331 0.9458976388 0.0618688017 0.5104999542 0.2261627764 -0.8296024203 -0.7987114191 -0.2326542586 -0.5549162626
-368.7 -79.0 2409.3 0.9849547148 0.1321203560 -0.1113929003 -0.1375622898 0.9895749688 -0.0426385403 0.1045982018 0.0573204942 0.9928613305
-420.4 -466.6 2386.9 0.9886205792 0.0645685494 -0.1358684599 -0.0963647738 0.9653775096 -0.2424048483 0.1155126244 0.2527393401 0.9606142044
-189.8 -86.3 2433.6 -0.7996731400 -0.0600128472 0.5974289179 -0.0912315696 0.9955843091 -0.0221073888 -0.5934640765 -0.0721830651 -0.8016170859
-166.3 -476.2 2461.9 -0.8206600547 -0.0641447976 0.5678049922 0.0665704682 0.9761804938 0.2064945251 -0.5675257444 0.2072608620 -0.7968422174
-427.5 -124.5 2279.9 0 0 0 0 0 0 0 0 0
-165.3 241.7 2132.3 0 0 0 0 0 0 0 0 0
-440.3 -763.8 2309.1 0 0 0 0 0 0 0 0 0
-147.9 -755.9 2402.5 0 0 0 0 0 0 0 0 0
-244.1 509.3 2350.0 01 0.9938320518 0.0684698299 -0.0872337446 -0.0566517115 0.9897087812 0.1314044595 0.0953332409 -0.1256520301 0.9874832630
-257.9 309.8 2375.3 0.9938320518 0.0684698299 -0.0872337446 -0.0566517115 0.9897087812 0.1314044595 0.0953332409 -0.1256520301 0.9874832630
-270.8 115.8 2398.6 0.9939742684 0.0657643750 -0.0876939297 -0.0545537844 0.9907042980 0.1246151477 0.0950739831 -0.1190802082 0.9883222580
-399.5 317.5 2361.8 0.4784540832 -0.5909110904 -0.6495427489 0.8641418219 0.1854216754 0.4678436816 -0.1560147256 -0.7851387858 0.5993467569
-523.1 94.3 2402.1 -0.3557104468 -0.5909110904 -0.7240815759 0.8136302233 0.1854216754 -0.5510214567 0.4598651230 -0.7851387858 0.4148267210
-116.3 302.0 2388.9 0.1904003620 0.9447933435 0.2666707039 -0.9670596719 0.2272552848 -0.1146761030 -0.1689475477 -0.2360521257 0.9569410086
-76.1 97.8 2353.2 -0.3244653344 0.9447933435 0.0456926264 0.5484055877 0.2272552848 -0.8047399521 -0.7706968188 -0.2360521257 -0.5918663740
-370.0 -76.7 2411.3 0.9871587157 0.1254599690 -0.0988807902 -0.1313653737 0.9897713065 -0.0556407236 0.0908886865 0.0679157376 0.9935424924
-419.2 -464.4 2384.7 0.9903119802 0.0690176710 -0.1204937175 -0.0963969976 0.9662739038 -0.2387935817 0.0999489576 0.2480953783 0.9635657072
-190.6 -84.8 2431.2 -0.8078706264 -0.0598854423 0.5863094926 -0.1065236554 0.9932765961 -0.0453250706 -0.5796531439 -0.0990726203 -0.8088181615
-167.1 -473.7 2470.0 -0.8345213532 -0.0667929351 0.5469120741 0.0737395063 0.9701553583 0.2310000360 -0.5460188985 0.2331034839 -0.8046901226
-427.7 -123.9 2278.8 0 0 0 0 0 0 0 0 0
-169.1 255.1 2132.1 0 0 0 0 0 0 0 0 0
-440.4 -762.0 2308.3 0 0 0 0 0 0 0 0 0
-147.6 -757.8 2401.7 0 0 0 0 0 0 0 0 0
-245.3 508.7 2351.6 02 0.9927358031 0.0728730410 -0.0957345963 -0.0599190518 0.9894591570 0.1318343580 0.1043326408 -0.1251403689 0.9866380095
-259.9 309.8 2376.8 0.9927358031 0.0728730410 -0.0957345963 -0.0599190518 0.9894591570 0.1318343580 0.1043326408 -0.1251403689 0.9866380095
-273.7 115.8 2399.6 0.9928724170 0.0701268390 -0.0963672027 -0.0580278821 0.9906994700 0.1230744421 0.1041017622 -0.1166052297 0.9877074957
-401.4 318.1 2361.9 0.4732446671 -0.6040278673 -0.6412408352 0.8655381203 0.1833387315 0.4660800695 -0.1639610678 -0.7755883336 0.6095732450
-521.3 98.8 2403.5 -0.3416294456 -0.6040278673 -0.7200275660 0.8196678758 0.1833387315 -0.5427075624 0.4598194361 -0.7755883336 0.4324682951
-118.4 301.6 2391.6 0.2020964772 0.9449794888 0.2572367191 -0.9560964108 0.2472826093 -0.1572609246 -0.2122185081 -0.2141612172 0.9534664750
-76.1 101.1 2347.1 -0.3217265904 0.9449794888 0.0592090748 0.5840355754 0.2472826093 -0.7731453776 -0.7452479005 -0.2141612172 -0.6314590573
-373.5 -73.4 2413.4 0.9873374701 0.1153036505 -0.1089486033 -0.1226464659 0.9904316664 -0.0632689297 0.1006110087 0.0758299455 0.9920318723
-418.6 -461.3 2383.7 0.9894728065 0.0695205107 -0.1269271970 -0.0975742266 0.9682049751 -0.2303441763 0.1068779007 0.2403041124 0.9647958279
-193.8 -83.2 2430.6 -0.8026306033 -0.0703993067 0.5923073888 -0.1062751710 0.9940001965 -0.0258696452 -0.5869324803 -0.0837113410 -0.8052966595
-166.3 -472.4 2463.3 -0.8270119429 -0.0663859323 0.5582509637 0.0653520823 0.9749187827 0.2127499133 -0.5583729148 0.2124295831 -0.8019310236
-429.7 -121.0 2280.2 0 0 0 0 0 0 0 0 0
-169.1 270.0 2131.7 0 0 0 0 0 0 0 0 0
-440.3 -762.4 2309.0 0 0 0 0 0 0 0 0 0
-146.6 -761.3 2400.4 0 0 0 0 0 0 0 0 0
-243.6 511.3 2345.5 03 0.9954227209 0.0757555515 -0.0582645386 -0.0661583319 0.9861733317 0.1519380957 0.0689690858 -0.1473879367 0.9866712093
-258.9 311.8 2375.3 0.9954227209 0.0757555515 -0.0582645386 -0.0661583319 0.9861733317 0.1519380957 0.0689690858 -0.1473879367 0.9866712093
-273.9 118.3 2401.5 0.9952814579 0.0767903328 -0.0593132637 -0.0679861754 0.9880449176 0.1383656859 0.0692293197 -0.1336803287 0.9886034727
-400.7 321.5 2365.4 0.4690637887 -0.5819169283 -0.6643431783 0.8721933365 0.1870276779 0.4519949257 -0.1387729347 -0.7914501429 0.5952720046
-520.3 99.0 2400.8 -0.3394261003 -0.5819169283 -0.7390281558 0.8285232186 0.1870276779 -0.5277972221 0.4453528523 -0.7914501429 0.4186496139
-117.2 302.1 2385.1 0.2057017684 0.9399650097 0.2723097503 -0.9539515376 0.2546754181 -0.1584829688 -0.2183190435 -0.2271700799 0.9490682483
-74.8 105.5 2340.2 -0.3387460709 0.9399650097 0.0414356254 0.6154434681 0.2546754181 -0.7459019423 -0.7116743922 -0.2271700799 -0.6647656560
-377.1 -73.0 2413.1 0.9916319251 0.1047609672 -0.0754408091 -0.1095079258 0.9920630455 -0.0617976971 0.0683680475 0.0695419386 0.9952334762
-418.2 -461.5 2385.8 0.9931238294 0.0711125210 -0.0929953083 -0.0915694535 0.9667905569 -0.2386022359 0.0729393810 0.2454770803 0.9666544795
-197.7 -83.5 2431.9 -0.8237828612 -0.0804468691 0.5611685514 -0.1140480861 0.9931594729 -0.0250446778 -0.5553151369 -0.0846315771 -0.8273225427
-166.2 -472.4 2465.0 -0.8490416408 -0.0671015084 0.5240473747 0.0591076501 0.9736103415 0.2204296440 -0.5250090957 0.2181291580 -0.8226695061
-429.3 -123.1 2281.4 0 0 0 0 0 0 0 0 0
-172.4 282.9 2135.0 0 0 0 0 0 0 0 0 0
-440.2 -761.3 2309.7 0 0 0 0 0 0 0 0 0
-146.4 -759.7 2400.6 0 0 0 0 0 0 0 0 0
-244.7 509.3 2348.4 04 0.9959733486 0.0742854401 -0.0501870923 -0.0664815903 0.9875696898 0.1424300969 0.0601437353 -0.1385200620 0.9885317087
-259.6 310.7 2376.2 0.9959733486 0.0742854401 -0.0501870923 -0.0664815903 0.9875696898 0.1424300969 0.0601437353 -0.1385200620 0.9885317087
-273.8 117.0 2401.2 0.9960407019 0.0727967173 -0.0510252900 -0.0655766502 0.9891893268 0.1311648935 0.0600220449 -0.1272995025 0.9900465608
-401.5 320.1 2367.7 0.4776943028 -0.5721117854 -0.6667055488 0.8671234846 0.1851729453 0.4623935521 -0.1410849690 -0.7989988327 0.5845476389
-522.2 101.0 2403.3 -0.3521829247 -0.5721117854 -0.7407127023 0.8243321776 0.1851729453 -0.5349649191 0.4432196915 -0.7989988327 0.4063953757
-117.7 301.4 2384.8 0.2209926695 0.9360110164 0.2739446461 -0.9426851273 0.2770146728 -0.1860313118 -0.2500140369 -0.2171319872 0.9435818195
-72.0 106.6 2333.1 -0.3491675258 0.9360110164 0.0443335436 0.6531058550 0.2770146728 -0.7047805190 -0.6719633937 -0.2171319872 -0.7080388069
-378.8 -69.0 2421.4 0.9925644398 0.1004047096 -0.0688095316 -0.1064929217 0.9901024103 -0.0914137736 0.0589501113 0.0980617851 0.9934328198
-418.1 -456.7 2383.0 0.9943116307 0.0679306909 -0.0820352212 -0.0850419030 0.9700629711 -0.2274767011 0.0641266853 0.2331591696 0.9703218937
-199.0 -81.4 2433.9 -0.8281982541 -0.0805535391 0.5546159148 -0.1137063652 0.9931859970 -0.0255433805 -0.5487791300 -0.0842183381 -0.8317143321
-167.4 -470.4 2466.9 -0.8531270027 -0.0705579817 0.5169099569 0.0548513010 0.9731895328 0.2233685255 -0.5188117623 0.2189149112 -0.8263840675
-427.8 -120.1 2284.5 0 0 0 0 0 0 0 0 0
-172.8 295.1 2139.2 0 0 0 0 0 0 0 0 0
-439.5 -763.1 2309.4 0 0 0 0 0 0 0 0 0
-146.5 -759.5 2401.9 0 0 0 0 0 0 0 0 0
-245.0 509.9 2350.3 05 0.9966178536 0.0708034486 -0.0417095907 -0.0645090640 0.9885170460 0.1366480142 0.0509057902 -0.1334952116 0.9897412062
-259.2 311.4 2377.1 0.9966178536 0.0708034486 -0.0417095907 -0.0645090640 0.9885170460 0.1366480142 0.0509057902 -0.1334952116 0.9897412062
-272.4 117.5 2401.3 0.9968094230 0.0676113889 -0.0424228162 -0.0617710873 0.9900474548 0.1264528483 0.0505502522 -0.1234288812 0.9910650849
-401.2 320.2 2369.9 0.4622301459 -0.5744466782 -0.6755400300 0.8779771924 0.1895151138 0.4395908117 -0.1244964302 -0.7963008285 0.5919506550
-518.9 96.6 2401.6 -0.3487242758 -0.5744466782 -0.7405419946 0.8234638572 0.1895151138 -0.5347815156 0.4475473464 -0.7963008285 0.4069475532
