61.1 489.5 2699.6  0.9679087996 -0.1963153332 0.1568847299 0.2016626000 0.9792752266 -0.0187670328 -0.1499490738 0.0498025566 0.9874386191
99.6 297.2 2689.9 0.9679087996 -0.1963153332 0.1568847299 0.2016626000 0.9792752266 -0.0187670328 -0.1499490738 0.0498025566 0.9874386191
91.2 98.8 2700.2 0.9874839187 0.0423847623 0.1519180238 -0.0497517772 0.9977462888 0.0450232141 -0.1496673524 -0.0520178899 0.9873670936
-39.3 304.2 2710.9 0.8953012228 -0.3280047178 -0.3014110625 -0.0025669511 0.6728168726 -0.7398046255 0.4454538524 0.6631217003 0.6015318036
-240.5 304.8 2610.8 -0.7524421811 -0.3280047178 -0.5711774230 -0.6104959249 0.6728168726 0.4178662598 0.2472357154 0.6631217003 -0.7065013051
238.6 290.2 2668.8 0.1381557286 0.8467696905 0.5137062669 -0.9863480926 0.1645645797 -0.0059930296 -0.0896125659 -0.5058652163 0.8579452038
275.7 25.1 2644.7 -0.0503551736 0.8454118371 0.5317360163 -0.9489392638 0.1255110502 -0.2894152701 -0.3114138544 -0.5191587806 0.7959243655
-7.8 -95.0 2722.6 0.9445207119 -0.0237949472 0.3275888860 0.0197011903 0.9996808767 0.0158099737 -0.3278605342 -0.0084789572 0.9446880817
1.6 -492.4 2726.0 0.9489017129 -0.0032310307 0.3155553043 -0.0706936568 0.9723575711 0.2225379944 -0.3075516224 -0.2334744483 0.9224433303
173.4 -104.2 2695.4 0.9337168336 -0.0595172644 0.3530304730 0.1181286052 0.9820774198 -0.1468658149 -0.3379622102 0.1788340956 0.9240129590
197.1 -494.7 2624.3 0.9403410554 -0.1166455969 0.3196130693 0.0712360591 0.9860721231 0.1502904147 -0.3326922655 -0.1185562760 0.9355534315
-26.1 478.7 2540.4 0 0 0 0 0 0 0 0 0
261.7 -240.3 2557.6 0 0 0 0 0 0 0 0 0
2.6 -770.0 2792.6 0 0 0 0 0 0 0 0 0
227.9 -755.6 2655.6 0 0 0 0 0 0 0 0 0
58.0 493.0 2698.7  0.9645631313 -0.2098672688 0.1599179059 0.2152089477 0.9764260650 -0.0166507084 -0.1526535749 0.0504764244 0.9869898558
100.2 296.7 2688.6 0.9645631313 -0.2098672688 0.1599179059 0.2152089477 0.9764260650 -0.0166507084 -0.1526535749 0.0504764244 0.9869898558
92.3 98.4 2699.6 0.9872161746 0.0399361663 0.1543025523 -0.0479525179 0.9976673722 0.0485830791 -0.1520023942 -0.0553612001 0.9868284464
-38.7 303.5 2710.0 0.9001213908 -0.3204911947 -0.2950710058 -0.0037326710 0.6716300845 -0.7408772111 0.4356232285 0.6679808497 0.6033523083
-239.9 304.3 2612.6 -0.7494249940 -0.3204911947 -0.5793510079 -0.6110767722 0.6716300845 0.4189250767 0.2548477650 0.6679808497 -0.6991810799
239.2 290.0 2667.2 0.1368798912 0.8460639715 0.5152083635 -0.9874253869 0.1580613256 0.0027730165 -0.0790883750 -0.5091094375 0.8570604920
275.8 25.7 2646.0 -0.0415070057 0.8452803493 0.5327084064 -0.9487041831 0.1339114755 -0.2864054739 -0.3134287000 -0.5172705650 0.7963627577
-7.8 -94.9 2724.3 0.9436457157 -0.0260757077 0.3299284577 0.0207002237 0.9995897412 0.0197962057 -0.3303093016 -0.0118510127 0.9437983632
2.5 -492.4 2729.0 0.9478421807 -0.0021325711 0.3187328577 -0.0690646097 0.9748467207 0.2119055986 -0.3111675978 -0.2228662223 0.9238535762
173.4 -104.1 2696.8 0.9324775934 -0.0613899343 0.3559730053 0.1209046245 0.9816566706 -0.1474185437 -0.3403932452 0.1805032641 0.9227952361
197.8 -494.4 2625.0 0.9397796988 -0.1156793758 0.3216090798 0.0696329921 0.9860482812 0.1511952877 -0.3346122801 -0.1196956635 0.9347232580
-25.9 478.8 2539.8 0 0 0 0 0 0 0 0 0
264.2 -239.7 2558.3 0 0 0 0 0 0 0 0 0
3.1 -767.2 2791.8 0 0 0 0 0 0 0 0 0
228.8 -759.0 2657.2 0 0 0 0 0 0 0 0 0
60.7 493.8 2699.2  0.9676272273 -0.1984542012 0.1559277177 0.2037735879 0.9788386226 -0.0187409576 -0.1489088535 0.0499082133 0.9875906706
100.8 295.9 2689.2 0.9676272273 -0.1984542012 0.1559277177 0.2037735879 0.9788386226 -0.0187409576 -0.1489088535 0.0499082133 0.9875906706
93.2 97.5 2700.4 0.9878920317 0.0382525250 0.1503532678 -0.0462464690 0.9976761937 0.0500347205 -0.1480899304 -0.0563822091 0.9873653650
-38.2 302.4 2710.0 0.8977892995 -0.3268951476 -0.2951506674 -0.0036965923 0.6645328403 -0.7472499013 0.4404096901 0.6719640493 0.5954020619
-239.9 303.2 2611.1 -0.7491154075 -0.3268951476 -0.5761646032 -0.6156867146 0.6645328403 0.4234690070 0.2444503307 0.6719640493 -0.6990767717
239.9 289.4 2668.3 0.1354162693 0.8480390310 0.5123399496 -0.9876048565 0.1569558233 0.0012356904 -0.0793668255 -0.5061567426 0.8587818742
276.0 25.9 2647.1 -0.0372567028 0.8474131823 0.5296252370 -0.9493144751 0.1355189979 -0.2836135924 -0.3121121824 -0.5133473873 0.7994125485
-6.2 -95.6 2724.5 0.9450352788 -0.0201008227 0.3263499439 0.0159776546 0.9997551441 0.0153101087 -0.3265777528 -0.0092542870 0.9451250434
1.8 -493.1 2728.2 0.9489001632 -0.0061337077 0.3155167699 -0.0660124868 0.9738342762 0.2174606323 -0.3085948825 -0.2271764725 0.9236666560
174.9 -104.4 2696.6 0.9333127737 -0.0642041564 0.3532776833 0.1261980236 0.9797675610 -0.1553369612 -0.3361567259 0.1895609051 0.9225320220
200.5 -493.9 2621.3 0.9432559609 -0.1067014709 0.3144565821 0.0564984195 0.9847302437 0.1646640450 -0.3272247910 -0.1375540495 0.9348811507
-25.9 479.1 2541.2 0 0 0 0 0 0 0 0 0
265.6 -239.7 2559.8 0 0 0 0 0 0 0 0 0
3.5 -768.8 2792.5 0 0 0 0 0 0 0 0 0
229.5 -761.5 2658.6 0 0 0 0 0 0 0 0 0
59.4 489.9 2698.0  0.9665758014 -0.2060986161 0.1524944603 0.2102647275 0.9775763750 -0.0115392143 -0.1466967613 0.0432177298 0.9882369637
100.4 295.4 2689.4 0.9665758014 -0.2060986161 0.1524944603 0.2102647275 0.9775763750 -0.0115392143 -0.1466967613 0.0432177298 0.9882369637
93.1 97.1 2700.9 0.9884341955 0.0369778834 0.1470730305 -0.0450268723 0.9976429343 0.0517795533 -0.1448116601 -0.0578029193 0.9877694249
-38.7 301.7 2709.8 0.8976954222 -0.3282949030 -0.2938798368 0.0001362933 0.6671810746 -0.7448955774 0.4406164885 0.6686493158 0.5989701152
-239.7 301.7 2611.1 -0.7481388450 -0.3282949030 -0.5766374469 -0.6158045530 0.6671810746 0.4191111624 0.2471295148 0.6686493158 -0.7013095617
239.6 289.1 2669.0 0.1346700937 0.8486543298 0.5115171671 -0.9865346551 0.1631818563 -0.0110030985 -0.0928081572 -0.5031476617 0.8592025638
275.6 25.0 2644.2 -0.0341437235 0.8480058312 0.5288859606 -0.9516687989 0.1340293884 -0.2763378620 -0.3052223623 -0.5127594471 0.8024443984
-5.0 -96.6 2725.2 0.9462656379 -0.0146467471 0.3230584562 0.0058481339 0.9995855093 0.0281892866 -0.3233374357 -0.0247852653 0.9459590912
0.8 -493.9 2735.0 0.9487038255 -0.0054952791 0.3161183596 -0.0590082407 0.9792030454 0.1941119134 -0.3106107414 -0.2028083056 0.9286494255
176.3 -105.0 2698.0 0.9341492057 -0.0584507622 0.3520636559 0.1280642301 0.9756959677 -0.1778113991 -0.3331138790 0.2111891359 0.9189310670
199.5 -492.9 2614.0 0.9454902411 -0.1077704430 0.3073006868 0.0513943173 0.9812080860 0.1859820187 -0.3215692937 -0.1600506753 0.9332614541
-26.1 477.5 2540.6 0 0 0 0 0 0 0 0 0
266.1 -241.3 2558.8 0 0 0 0 0 0 0 0 0
2.3 -767.1 2791.6 0 0 0 0 0 0 0 0 0
228.6 -758.1 2657.3 0 0 0 0 0 0 0 0 0
59.0 488.4 2696.4  0.9689639211 -0.2015681416 0.1431056112 0.2029662728 0.9791734219 0.0049135964 -0.1411156356 0.0242845155 0.9896952510
99.0 294.0 2691.6 0.9689639211 -0.2015681416 0.1431056112 0.2029662728 0.9791734219 0.0049135964 -0.1411156356 0.0242845155 0.9896952510
92.4 95.5 2701.3 0.9896225333 0.0332501195 0.1397914588 -0.0397338457 0.9982477427 0.0438485742 -0.1380885392 -0.0489479899 0.9892095923
-40.3 299.6 2711.0 0.8919116259 -0.3320436180 -0.3069865704 -0.0114307376 0.6620874405 -0.7493394017 0.4520653188 0.6718536019 0.5867279768
-239.8 302.1 2609.9 -0.7490217090 -0.3320436180 -0.5733354092 -0.6180001497 0.6620874405 0.4239292145 0.2388352156 0.6718536019 -0.7011209130
238.3 288.4 2672.1 0.1393692940 0.8512445092 0.5059238672 -0.9846985936 0.1731130481 -0.0200124737 -0.1046175361 -0.4953933954 0.8623459339
275.6 24.9 2644.1 -0.0333045498 0.8505930305 0.5247687697 -0.9505432844 0.1352717280 -0.2795871496 -0.3088012636 -0.5081269741 0.8040203452
-5.0 -97.2 2725.7 0.9485853314 -0.0170996543 0.3160592616 0.0088864677 0.9995847940 0.0274093580 -0.3163967133 -0.0231914651 0.9483434558
1.8 -494.6 2734.9 0.9511016011 -0.0038690770 0.3088540435 -0.0585912988 0.9795069695 0.1926996559 -0.3032702506 -0.2013731152 0.9313839078
176.4 -105.4 2699.1 0.9369967580 -0.0515852422 0.3455083370 0.1173728034 0.9780293107 -0.1722854674 -0.3290298879 0.2019841969 0.9224650264
196.9 -494.2 2618.8 0.9437323213 -0.1216451302 0.3075253069 0.0714009479 0.9829083085 0.1696856320 -0.3229106069 -0.1381802112 0.9362878799
-26.1 478.5 2541.7 0 0 0 0 0 0 0 0 0
266.3 -241.1 2557.7 0 0 0 0 0 0 0 0 0
2.9 -767.1 2790.9 0 0 0 0 0 0 0 0 0
228.4 -748.8 2654.6 0 0 0 0 0 0 0 0 0
60.8 489.4 2695.6  0.9721978903 -0.1870247573 0.1409005821 0.1882306784 0.9821129441 0.0048400196 -0.1392854899 0.0218163561 0.9900119305
98.3 292.3 2691.2 0.9721978903 -0.1870247573 0.1409005821 0.1882306784 0.9821129441 0.0048400196 -0.1392854899 0.0218163561 0.9900119305
92.3 93.9 2701.6 0.9900422096 0.0300631393 0.1375231594 -0.0369018801 0.9981916547 0.0474512391 -0.1358479410 -0.0520535931 0.9893612862
-41.0 297.5 2710.3 0.9026122689 -0.3091553152 -0.2995230258 -0.0248368811 0.6572662592 -0.7532490492 0.4297373295 0.6873310804 0.5855782032
-240.3 303.0 2615.5 -0.7481682897 -0.3091553152 -0.5870836377 -0.6142553687 0.6572662592 0.4366822541 0.2508676648 0.6873310804 -0.6816461086
237.6 287.1 2672.1 0.1434092373 0.8517110944 0.5040059090 -0.9845505357 0.1744815409 -0.0147105763 -0.1004688889 -0.4941096604 0.8635749221
275.8 25.2 2645.4 -0.0335668847 0.8510499001 0.5240108371 -0.9484502077 0.1381998807 -0.2852069139 -0.3151435256 -0.5065717101 0.8025395274
-5.0 -99.3 2723.7 0.9491903186 -0.0220166221 0.3139314950 0.0127751306 0.9994232059 0.0314651206 -0.3144431710 -0.0258558728 0.9489241242
3.8 -496.6 2734.0 0.9520798326 0.0029048363 0.3058358431 -0.0666072890 0.9779235721 0.1980629563 -0.2985087633 -0.2089426368 0.9312548041
176.6 -106.6 2698.4 0.9374957681 -0.0544611402 0.3437086344 0.1160793379 0.9800507426 -0.1613262147 -0.3280658722 0.1911401153 0.9251152277
198.3 -496.2 2622.4 0.9437303543 -0.1191258803 0.3085158467 0.0723430738 0.9846403599 0.1589020491 -0.3227064908 -0.1276417077 0.9378529191
-25.7 479.2 2543.5 0 0 0 0 0 0 0 0 0
266.4 -240.1 2557.2 0 0 0 0 0 0 0 0 0
3.0 -764.4 2791.2 0 0 0 0 0 0 0 0 0
229.1 -750.9 2655.4 0 0 0 0 0 0 0 0 0
59.6 487.4 2696.2  0.9701982737 -0.1966553926 0.1415697634 0.1981935948 0.9801573753 0.0032927422 -0.1394081712 0.0248636063 0.9899228215
99.0 291.0 2691.2 0.9701982737 -0.1966553926 0.1415697634 0.1981935948 0.9801573753 0.0032927422 -0.1394081712 0.0248636063 0.9899228215
93.1 92.5 2701.6 0.9900206327 0.0294826236 0.1378039867 -0.0363873616 0.9981911778 0.0478574038 -0.1361437738 -0.0523941405 0.9893026352
-40.4 296.1 2710.4 0.9047700763 -0.2999582291 -0.3023509979 -0.0304885898 0.6624725461 -0.7484654784 0.4248076081 0.6864074469 0.5902400613
-239.8 302.8 2616.7 -0.7440368533 -0.2999582291 -0.5970211029 -0.6127856970 0.6624725461 0.4308407903 0.2662758827 0.6864074469 -0.6767141223
238.3 285.9 2672.0 0.1407283545 0.8519966602 0.5042789578 -0.9851567149 0.1710762829 -0.0141130928 -0.0982944742 -0.4948076606 0.8634254932
275.8 23.7 2645.9 -0.0327013619 0.8513708711 0.5235438943 -0.9496757388 0.1368023306 -0.2817819417 -0.3115229607 -0.5064116120 0.8040527105
-4.5 -101.2 2724.4 0.9490762949 -0.0232904218 0.3141842186 0.0135915931 0.9993621111 0.0330255479 -0.3147529960 -0.0270735007 0.9487874508
4.8 -498.6 2735.1 0.9519206882 0.0047368100 0.3063079119 -0.0672511533 0.9787208438 0.1938629299 -0.2988716364 -0.2051416934 0.9319831729
177.2 -108.0 2699.4 0.9375822544 -0.0534880869 0.3436255157 0.1118988097 0.9819533825 -0.1524669379 -0.3292690814 0.1814015806 0.9266473651
198.5 -498.4 2627.3 0.9421542287 -0.1247739717 0.3110898137 0.0798096731 0.9849452972 0.1533400118 -0.3255392909 -0.1196419671 0.9379285574
-25.9 478.9 2540.2 0 0 0 0 0 0 0 0 0
266.6 -242.0 2558.7 0 0 0 0 0 0 0 0 0
3.5 -763.3 2790.6 0 0 0 0 0 0 0 0 0
230.4 -750.8 2658.0 0 0 0 0 0 0 0 0 0
58.8 488.3 2696.5  0.9670628905 -0.2072782815 0.1477330327 0.2084359825 0.9780051112 0.0077742729 -0.1460950971 0.0232746676 0.9889967442
100.8 289.9 2691.8 0.9670628905 -0.2072782815 0.1477330327 0.2084359825 0.9780051112 0.0077742729 -0.1460950971 0.0232746676 0.9889967442
94.7 91.5 2702.3 0.9890834689 0.0306865945 0.1441256106 -0.0379820503 0.9981180429 0.0481425524 -0.1423770487 -0.0530911908 0.9883876443
-38.4 295.3 2711.8 0.9041469693 -0.2988702357 -0.3052783310 -0.0357992575 0.6590519547 -0.7512449622 0.4257190228 0.6901645660 0.5851804614
-240.2 303.3 2616.8 -0.7456917167 -0.2988702357 -0.5955001712 -0.6125915051 0.6590519547 0.4363280535 0.2620600760 0.6901645660 -0.6745349169
240.1 284.6 2671.7 0.1343868077 0.8492617011 0.5105826855 -0.9854892492 0.1684570014 -0.0208141468 -0.1036878899 -0.5003766418 0.8595767021
275.7 23.0 2644.2 -0.0425025932 0.8482009768 0.5279664397 -0.9533665776 0.1236139089 -0.2753394544 -0.2988071740 -0.5150482059 0.8033925891
-3.6 -102.6 2724.5 0.9471641183 -0.0140198255 0.3204427063 0.0077558444 0.9997532368 0.0208159182 -0.3206554651 -0.0172307882 0.9470391870
2.0 -500.0 2731.4 0.9501234293 -0.0020474901 0.3118675053 -0.0672754720 0.9750900865 0.2113605440 -0.3045316637 -0.2217996418 0.9263181686
178.1 -109.2 2699.5 0.9353933334 -0.0481208116 0.3503193855 0.1154530793 0.9779654741 -0.1739371270 -0.3342302740 0.2031450868 0.9203380942
197.2 -498.0 2618.8 0.9423289895 -0.1245022565 0.3106689751 0.0691920370 0.9806514382 0.1831262708 -0.3274576068 -0.1510693729 0.9327108860
-26.0 479.3 2541.5 0 0 0 0 0 0 0 0 0
263.8 -243.7 2560.6 0 0 0 0 0 0 0 0 0
2.6 -769.1 2792.6 0 0 0 0 0 0 0 0 0
229.2 -749.4 2657.5 0 0 0 0 0 0 0 0 0
58.9 488.0 2696.1  0.9674181938 -0.2056784481 0.1476427168 0.2068644315 0.9783412814 0.0074456292 -0.1459763795 0.0233389903 0.9890127182
100.8 288.9 2691.4 0.9674181938 -0.2056784481 0.1476427168 0.2068644315 0.9783412814 0.0074456292 -0.1459763795 0.0233389903 0.9890127182
93.7 90.5 2702.6 0.9889459014 0.0357403569 0.1439048201 -0.0434670523 0.9977568388 0.0509112738 -0.1417624205 -0.0566036142 0.9882810712
-38.4 295.0 2711.3 0.9053820372 -0.2991908789 -0.3012776673 -0.0328586623 0.6580606699 -0.7522475719 0.4233246148 0.6909710169 0.5859652758
-239.4 302.3 2617.3 -0.7427049875 -0.2991908789 -0.5990610123 -0.6152346730 0.6580606699 0.4340995550 0.2643398643 0.6909710169 -0.6728175879
240.0 282.8 2671.4 0.1342572719 0.8495883346 0.5100732446 -0.9855803251 0.1679774374 -0.0203702804 -0.1029871479 -0.4999832809 0.8598897457
275.7 20.6 2644.0 -0.0376601294 0.8487660289 0.5274257064 -0.9513095617 0.1311319470 -0.2789526284 -0.3059278727 -0.5122505426 0.8025007844
-2.1 -103.4 2725.9 0.9471459985 -0.0166783091 0.3203689754 0.0170377102 0.9998534322 0.0016813885 -0.3203500807 0.0038658336 0.9472913146
4.5 -500.9 2724.4 0.9513492584 0.0111344811 0.3079133034 -0.0864078626 0.9688857794 0.2319354713 -0.2957503200 -0.2472577691 0.9227108359
179.4 -110.4 2699.8 0.9361049533 -0.0427881368 0.3491084874 0.1098814234 0.9784689546 -0.1747126877 -0.3341161907 0.2019099444 0.9206512570
196.4 -499.4 2619.5 0.9420202971 -0.1312007606 0.3088431954 0.0713327155 0.9776546359 0.1977449208 -0.3278862536 -0.1642491072 0.9303294420
-25.9 479.2 2541.4 0 0 0 0 0 0 0 0 0
265.1 -245.5 2558.4 0 0 0 0 0 0 0 0 0
1.5 -767.4 2792.4 0 0 0 0 0 0 0 0 0
230.3 -751.6 2661.9 0 0 0 0 0 0 0 0 0
59.0 492.4 2695.5 0 0.9690203071 -0.1949873418 0.1515903175 0.1958203614 0.9805931449 0.0095610088 -0.1505127102 0.0204196591 0.9883971810
99.6 288.3 2691.2 0.9690203071 -0.1949873418 0.1515903175 0.1958203614 0.9805931449 0.0095610088 -0.1505127102 0.0204196591 0.9883971810
92.3 89.9 2703.0 0.9882845283 0.0368939787 0.1480964422 -0.0452239104 0.9975551367 0.0532781966 -0.1457687169 -0.0593515150 0.9875367880
-39.5 294.6 2711.7 0.9023650289 -0.3008602858 -0.3085781336 -0.0374608077 0.6585389972 -0.7516136765 0.4293414354 0.6897894740 0.5829720497
-239.1 302.9 2616.8 -0.7438194156 -0.3008602858 -0.5968381166 -0.6147055030 0.6585389972 0.4341239035 0.2624305189 0.6897894740 -0.6747745872
238.7 281.9 2670.7 0.1384476721 0.8470250964 0.5132063031 -0.9852131009 0.1706037968 -0.0157933440 -0.1009323001 -0.5034310222 0.8581199646
275.6 19.2 2643.8 -0.0460133217 0.8458191156 0.5314816833 -0.9491204023 0.1289085895 -0.2873204052 -0.3115336597 -0.5176606774 0.7968527079
-4.2 -103.8 2726.9 0.9456847906 -0.0253911112 0.3240919709 0.0217417013 0.9996529222 0.0148769589 -0.3243572116 -0.0070226034 0.9459086061
5.9 -501.2 2729.7 0.9498823881 0.0119103165 0.3123804927 -0.0830479264 0.9729806781 0.2154336125 -0.3013742864 -0.2305791527 0.9252063632
177.3 -111.8 2700.9 0.9346887469 -0.0485697240 0.3521334231 0.1113611758 0.9807637334 -0.1603159904 -0.3375731707 0.1890595406 0.9221175909
196.6 -501.7 2625.7 0.9392732978 -0.1321164966 0.3167190254 0.0807276294 0.9820868373 0.1702599674 -0.3335397243 -0.1343526691 0.9331133962
-25.7 479.2 2541.5 0 0 0 0 0 0 0 0 0
262.7 -246.3 2556.6 0 0 0 0 0 0 0 0 0
2.7 -766.6 2792.6 0 0 0 0 0 0 0 0 0
230.3 -752.2 2660.0 0 0 0 0 0 0 0 0 0
61.2 491.8 2697.6 1 0.9716640711 -0.1847826242 0.1473919004 0.1875290722 0.9822471142 -0.0048378678 -0.1438813210 0.0323410481 0.9890663624
99.4 288.2 2690.9 0.9716640711 -0.1847826242 0.1473919004 0.1875290722 0.9822471142 -0.0048378678 -0.1438813210 0.0323410481 0.9890663624
93.0 89.8 2701.7 0.9891583323 0.0323691219 0.1432411671 -0.0397674516 0.9980022907 0.0490909629 -0.1413659900 -0.0542550720 0.9884695411
-39.8 293.8 2710.8 0.8993508220 -0.2970897555 -0.3207892776 -0.0504393056 0.6582938433 -0.7510693073 0.4343086183 0.6916551590 0.5770521164
-240.2 305.1 2614.0 -0.7503550649 -0.2970897555 -0.5905124545 -0.6089248061 0.6582938433 0.4425604939 0.2572505176 0.6916551590 -0.6748594642
238.7 282.6 2671.0 0.1384194195 0.8497869968 0.5086276531 -0.9856392145 0.1683598459 -0.0130516067 -0.0967235565 -0.4995167553 0.8608876467
275.7 18.7 2645.1 -0.0510816574 0.8484192491 0.5268542767 -0.9444268942 0.1304948479 -0.3017100692 -0.3247283995 -0.5129871964 0.7946040630
-5.8 -104.2 2728.2 0.9473119378 -0.0195728056 0.3197138309 0.0180871096 0.9998074174 0.0076158764 -0.3198013306 -0.0014319115 0.9474835396
2.0 -501.7 2728.7 0.9515175819 -0.0056586298 0.3075423539 -0.0678317919 0.9713564515 0.2277399898 -0.3000219464 -0.2375597507 0.9238789082
175.6 -112.5 2701.4 0.9356735945 -0.0571847819 0.3482022285 0.1180227771 0.9806660414 -0.1560921222 -0.3325439990 0.1871470809 0.9243324399
198.3 -502.4 2627.0 0.9420325756 -0.1220304817 0.3125431538 0.0743239447 0.9842689633 0.1602826416 -0.3271858990 -0.1277620345 0.9362832308
-25.7 479.1 2540.5 0 0 0 0 0 0 0 0 0
261.4 -245.6 2554.3 0 0 0 0 0 0 0 0 0
3.6 -765.8 2793.3 0 0 0 0 0 0 0 0 0
230.0 -757.4 2660.1 0 0 0 0 0 0 0 0 0
65.7 488.9 2697.2 2 0.9761170745 -0.1626186669 0.1440508366 0.1653370112 0.9862121344 -0.0070237084 -0.1409225017 0.0306728967 0.9895453453
98.8 288.1 2691.0 0.9761170745 -0.1626186669 0.1440508366 0.1653370112 0.9862121344 -0.0070237084 -0.1409225017 0.0306728967 0.9895453453
92.8 89.7 2702.8 0.9896982312 0.0302255675 0.1399424076 -0.0381848514 0.9977809787 0.0545437336 -0.1379832476 -0.0593255162 0.9886562228
-40.5 293.5 2710.4 0.9000629783 -0.2921651900 -0.3233050704 -0.0562956706 0.6577547193 -0.7511255145 0.4321081638 0.6942609549 0.5755730271
-240.0 306.0 2614.6 -0.7515257001 -0.2921651900 -0.5914800167 -0.6068668962 0.6577547193 0.4461740851 0.2586922348 0.6942609549 -0.6716249585
238.1 282.7 2671.5 0.1415188164 0.8507457376 0.5061661005 -0.9854821563 0.1695190072 -0.0093908114 -0.0937939659 -0.4974886775 0.8623849154
275.9 19.6 2646.5 -0.0532139950 0.8492122293 0.5253635049 -0.9450126290 0.1271768957 -0.3012924790 -0.3226753771 -0.5125081539 0.7957487106
-4.2 -104.9 2725.5 0.9485626221 -0.0041794092 0.3165619373 -0.0020737227 0.9998093843 0.0194137953 -0.3165827096 -0.0190716628 0.9483731389
-2.5 -502.3 2733.0 0.9506425261 -0.0205431189 0.3096073866 -0.0489208810 0.9754033089 0.2149305940 -0.3064074218 -0.2194684297 0.9262548685
177.3 -112.2 2699.5 0.9366756678 -0.0504358970 0.3465470970 0.1147166789 0.9791648984 -0.1675595194 -0.3308757246 0.1967036575 0.9229457974
197.4 -501.5 2621.3 0.9426389933 -0.1233296618 0.3101959229 0.0737765133 0.9832391739 0.1667266786 -0.3255591094 -0.1342778951 0.9359384179
-25.4 479.3 2540.7 0 0 0 0 0 0 0 0 0
261.0 -244.8 2556.2 0 0 0 0 0 0 0 0 0
3.1 -768.1 2792.8 0 0 0 0 0 0 0 0 0
229.5 -757.3 2656.3 0 0 0 0 0 0 0 0 0
64.5 487.6 2698.0 3 0.9749017954 -0.1687772125 0.1451921463 0.1723404974 0.9849615097 -0.0122320978 -0.1409441829 0.0369475819 0.9893278480
98.6 288.5 2690.5 0.9749017954 -0.1687772125 0.1451921463 0.1723404974 0.9849615097 -0.0122320978 -0.1409441829 0.0369475819 0.9893278480
93.8 90.1 2702.3 0.9898302555 0.0238232706 0.1402445138 -0.0318751633 0.9979525805 0.0554496236 -0.1386363804 -0.0593560338 0.9885630012
-40.7 293.0 2710.0 0.8984245062 -0.2963761687 -0.3240285814 -0.0568572767 0.6531690359 -0.7550744414 0.4354315400 0.6968008280 0.5699719191
-239.7 305.6 2613.6 -0.7519210577 -0.2963761687 -0.5888767838 -0.6094202995 0.6531690359 0.4494186640 0.2514390945 0.6968008280 -0.6717492342
237.9 284.0 2671.0 0.1388433427 0.8503960371 0.5074928999 -0.9858059883 0.1675265729 -0.0110175908 -0.0943878666 -0.4987598360 0.8615854979
275.4 17.7 2645.5 -0.0414955653 0.8494812846 0.5259844661 -0.9461213350 0.1357993335 -0.2939608097 -0.3211425543 -0.5098432302 0.7980772853
-4.0 -105.1 2727.2 0.9484080672 -0.0062458818 0.3169907033 -0.0032523887 0.9995616674 0.0294258948 -0.3170355558 -0.0289387330 0.9479720592
-1.5 -502.5 2738.7 0.9501241446 -0.0153581183 0.3114935160 -0.0484204181 0.9794111848 0.1959826350 -0.3080901504 -0.2012904882 0.9298185706
177.6 -112.1 2701.9 0.9361006618 -0.0476035923 0.3484960496 0.1132732630 0.9788145423 -0.1705617160 -0.3329936564 0.1991382092 0.9216611385
196.6 -501.3 2622.7 0.9413050413 -0.1262648255 0.3130526841 0.0776188448 0.9835187793 0.1632978022 -0.3285119534 -0.1294142604 0.9355916977
-25.0 479.6 2541.8 0 0 0 0 0 0 0 0 0
263.8 -247.0 2555.7 0 0 0 0 0 0 0 0 0
2.7 -771.1 2793.9 0 0 0 0 0 0 0 0 0
229.2 -755.5 2656.2 0 0 0 0 0 0 0 0 0
62.7 491.0 2697.9 4 0.9747853279 -0.1696219146 0.1449894905 0.1726305336 0.9849513769 -0.0083341720 -0.1413939446 0.0331536420 0.9893981218
97.6 288.6 2691.1 0.9747853279 -0.1696219146 0.1449894905 0.1726305336 0.9849513769 -0.0083341720 -0.1413939446 0.0331536420 0.9893981218
93.0 90.2 2702.9 0.9898572564 0.0227642115 0.1402296424 -0.0308745354 0.9979569316 0.0559345484 -0.1386698335 -0.0596967451 0.9885377884
-41.7 293.0 2710.6 0.9045516849 -0.2771101892 -0.3240311146 -0.0618997999 0.6665830612 -0.7428562641 0.4218466878 0.6920093298 0.5858057737
-239.7 306.5 2618.3 -0.7485039830 -0.2771101892 -0.6024547219 -0.6013428569 0.6665830612 0.4405153692 0.2795148194 0.6920093298 -0.6655783057
236.9 284.3 2671.6 0.1463782787 0.8493564725 0.5071163177 -0.9847125411 0.1740361005 -0.0072530741 -0.0944169834 -0.4983021021 0.8618471026
276.0 21.0 2646.3 -0.0389219224 0.8484809399 0.5277927518 -0.9473524690 0.1366633177 -0.2895624936 -0.3178181648 -0.5112761259 0.7984912992
-1.7 -105.4 2726.8 0.9484031796 -0.0050075022 0.3170273304 -0.0033756974 0.9996591210 0.0258883592 -0.3170489073 -0.0256227907 0.9480630159
0.3 -502.8 2737.0 0.9501066208 -0.0126183154 0.3116699159 -0.0505072959 0.9797725677 0.1936356276 -0.3078089952 -0.1997160912 0.9302511215
179.9 -111.2 2701.4 0.9361639619 -0.0429690033 0.3489278555 0.1099075153 0.9785258174 -0.1743775159 -0.3339421153 0.2015957534 0.9207832813
197.0 -500.3 2621.2 0.9413041472 -0.1252428889 0.3134657145 0.0744449347 0.9827811718 0.1691127121 -0.3292483687 -0.1358505487 0.9344196916
-24.9 479.1 2538.1 0 0 0 0 0 0 0 0 0
265.1 -244.1 2557.4 0 0 0 0 0 0 0 0 0
3.7 -770.9 2791.7 0 0 0 0 0 0 0 0 0
229.5 -755.0 2656.5 0 0 0 0 0 0 0 0 0
59.2 487.5 2696.3 5 0.9678729177 -0.1898352802 0.1648775339 0.1925053447 0.9812958837 -0.0002191140 -0.1617520452 0.0319518819 0.9863139987
97.6 288.8 2689.9 0.9678729177 -0.1898352802 0.1648775339 0.1925053447 0.9812958837 -0.0002191140 -0.1617520452 0.0319518819 0.9863139987
93.8 90.4 2701.7 0.9869236946 0.0191737264 0.1600438505 -0.0284451507 0.9980343580 0.0558419228 -0.1586585492 -0.0596641898 0.9855291247
-41.2 292.9 2712.2 0.9066265225 -0.2775674462 -0.3177808821 -0.0583520867 0.6634327769 -0.7459570765 0.4178796411 0.6948476434 0.5852891207
-239.1 305.6 2621.0 -0.7452590466 -0.2775674462 -0.6062551141 -0.6051124930 0.6634327769 0.4401088357 0.2800496221 0.6948476434 -0.6623888612
236.5 284.8 2667.5 0.1479607075 0.8392473459 0.5232318640 -0.9849905372 0.1726000011 0.0016929521 -0.0888890103 -0.5156289339 0.8521887064
275.9 22.3 2643.8 -0.0365974940 0.8384836316 0.5436964035 -0.9498510361 0.1398868263 -0.2796688974 -0.3105537593 -0.5266658068 0.7913150191
-2.3 -105.3 2727.5 0.9416974187 -0.0140995597 0.3361653686 0.0090657631 0.9998221397 0.0165390186 -0.3363387585 -0.0125271557 0.9416577220
3.3 -502.8 2732.5 0.9449270964 0.0020080043 0.3272747993 -0.0738747716 0.9754818678 0.2073105127 -0.3188343346 -0.2200706601 0.9219075441
179.3 -111.0 2702.1 0.9286719561 -0.0461185463 0.3680236936 0.1187345311 0.9769891500 -0.1771845520 -0.3513836265 0.2082434595 0.9127782583
197.7 -499.5 2619.3 0.9362156391 -0.1264377087 0.3278929293 0.0694746450 0.9812111855 0.1799942404 -0.3444902599 -0.1457331777 0.9274094701
-24.7 479.6 2540.5 0 0 0 0 0 0 0 0 0
265.7 -243.4 2557.0 0 0 0 0 0 0 0 0 0
2.7 -772.0 2793.2 0 0 0 0 0 0 0 0 0
230.5 -754.2 2657.1 0 0 0 0 0 0 0 0 0
58.6 483.5 2697.6 6 0.9650784135 -0.1961571872 0.1736260504 0.2007488608 0.9796003103 -0.0091158310 -0.1682959944 0.0436527245 0.9847694635
97.6 289.0 2688.9 0.9650784135 -0.1961571872 0.1736260504 0.2007488608 0.9796003103 -0.0091158310 -0.1682959944 0.0436527245 0.9847694635
93.7 90.6 2700.5 0.9856065512 0.0194256678 0.1679356694 -0.0289683491 0.9980900884 0.0545615330 -0.1665550470 -0.0586410239 0.9842868447
-41.1 293.1 2712.3 0.9051334858 -0.2811193764 -0.3189126253 -0.0571076684 0.6629580259 -0.7464752793 0.4212743342 0.6938721538 0.5840114355
-239.2 305.6 2620.1 -0.7457447648 -0.2811193764 -0.6040170789 -0.6059852242 0.6629580259 0.4396232665 0.2768513560 0.6938721538 -0.6647516489
236.3 284.9 2665.5 0.1490907669 0.8358363509 0.5283460021 -0.9856181741 0.1686028540 0.0113981571 -0.0795536488 -0.5224468112 0.8489526510
275.9 22.9 2644.3 -0.0350331441 0.8351998329 0.5488295555 -0.9495813847 0.1433832943 -0.2788124979 -0.3115571439 -0.5309259892 0.7880671024
-0.5 -105.4 2728.1 0.9389744401 -0.0123789012 0.3437641561 0.0102004958 0.9999148250 0.0081446609 -0.3438356817 -0.0041410639 0.9390206933
4.4 -502.9 2729.8 0.9427676797 0.0042346702 0.3334233761 -0.0817564130 0.9723340869 0.2188202590 -0.3232722878 -0.2335561663 0.9170313478
180.5 -110.6 2699.0 0.9261105061 -0.0421644337 0.3748885691 0.1143216714 0.9783746600 -0.1723762602 -0.3595133126 0.2024973631 0.9109033942
197.3 -499.6 2618.5 0.9336733818 -0.1242476404 0.3358817101 0.0643201619 0.9808151722 0.1840229928 -0.3523023129 -0.1502134055 0.9237526655
-24.9 479.7 2540.6 0 0 0 0 0 0 0 0 0
266.1 -242.8 2557.1 0 0 0 0 0 0 0 0 0
3.2 -769.8 2793.9 0 0 0 0 0 0 0 0 0
230.1 -758.1 2658.1 0 0 0 0 0 0 0 0 0
62.3 485.1 2707.2 7 0.9677374959 -0.1771871895 0.1791336387 0.1909785718 0.9795840383 -0.0627876148 -0.1643512994 0.0949726179 0.9818191528
97.7 289.1 2688.2 0.9677374959 -0.1771871895 0.1791336387 0.1909785718 0.9795840383 -0.0627876148 -0.1643512994 0.0949726179 0.9818191528
94.0 90.8 2702.0 0.9854659438 0.0186314173 0.1688481718 -0.0300726984 0.9974020123 0.0654588491 -0.1671899259 -0.0695851892 0.9834660292
-41.0 293.3 2711.7 0.9025335908 -0.2853431404 -0.3225095868 -0.0549976304 0.6664285660 -0.7435376644 0.4270929694 0.6888049841 0.5857809186
-237.8 305.3 2618.5 -0.7435527444 -0.2853431404 -0.6047384739 -0.6073960662 0.6664285660 0.4323690534 0.2796414495 0.6888049841 -0.6688410640
236.4 284.8 2664.6 0.1493410915 0.8350734115 0.5294805169 -0.9862198234 0.1643504351 0.0189590752 -0.0711881295 -0.5250155330 0.8481102586
276.0 23.1 2645.7 -0.0353252850 0.8346026540 0.5497186184 -0.9464545250 0.1486855894 -0.2865596116 -0.3208986223 -0.5304064751 0.7846610546
-0.6 -105.2 2727.5 0.9385501146 -0.0155897615 0.3447907567 0.0129138837 0.9998660684 0.0100563783 -0.3449013531 -0.0049858270 0.9386256933
5.6 -502.7 2729.5 0.9425593615 0.0063026245 0.3339792192 -0.0837890804 0.9723180532 0.2181214243 -0.3233593106 -0.2335761935 0.9169955850
180.3 -110.5 2696.9 0.9255136847 -0.0465161167 0.3758466840 0.1146495938 0.9802726507 -0.1609999239 -0.3609431386 0.1920983046 0.9125887752
198.8 -500.2 2620.5 0.9337128997 -0.1144983098 0.3392202556 0.0577961951 0.9832600951 0.1727979630 -0.3533268273 -0.1417380571 0.9247002006
-24.8 479.3 2538.4 0 0 0 0 0 0 0 0 0
266.2 -241.7 2556.0 0 0 0 0 0 0 0 0 0
3.9 -765.0 2792.5 0 0 0 0 0 0 0 0 0
228.9 -759.5 2657.9 0 0 0 0 0 0 0 0 0
62.1 487.8 2702.0 8 0.9687250257 -0.1731930226 0.1776964068 0.1827093363 0.9824113250 -0.0385394879 -0.1678961962 0.0698009580 0.9833304286
97.2 288.9 2687.8 0.9687250257 -0.1731930226 0.1776964068 0.1827093363 0.9824113250 -0.0385394879 -0.1678961962 0.0698009580 0.9833304286
93.7 90.7 2702.7 0.9854455590 0.0175055899 0.1690877080 -0.0298791602 0.9970348477 0.0709135085 -0.1673449576 -0.0749335960 0.9830465913
-41.5 293.1 2711.4 0.9041439295 -0.2810283303 -0.3217869103 -0.0617985465 0.6592463851 -0.7493831515 0.4227347672 0.6974362135 0.5786864758
-238.8 306.6 2619.1 -0.7471494079 -0.2810283303 -0.6023212075 -0.6063938141 0.6592463851 0.4446130395 0.2721292078 0.6974362135 -0.6629694104
235.9 284.7 2664.3 0.1508511901 0.8338435888 0.5309885144 -0.9856215715 0.1682237238 0.0158382282 -0.0761182606 -0.5257429481 0.8472309709
275.9 23.3 2644.1 -0.0352929719 0.8332960010 0.5516993403 -0.9467579722 0.1488887966 -0.2854495645 -0.3200058341 -0.5324001312 0.7836748958
-0.1 -104.7 2731.2 0.9385110736 -0.0030421109 0.3452356756 0.0034549693 0.9999938607 -0.0005805737 -0.3452317715 0.0017376535 0.9385158420
1.1 -502.3 2730.5 0.9418019652 -0.0040447079 0.3361438513 -0.0739825293 0.9729183316 0.2189897746 -0.3279262483 -0.2311137766 0.9159971476
180.7 -110.3 2700.5 0.9250648022 -0.0463635698 0.3769688308 0.1180527359 0.9784591794 -0.1693550348 -0.3609967232 0.2011665851 0.9106115103
199.2 -499.3 2620.5 0.9337180257 -0.1164003015 0.3385582268 0.0592610799 0.9828746915 0.1744863242 -0.3530705571 -0.1428576857 0.9246258140
-25.1 480.0 2541.3 0 0 0 0 0 0 0 0 0
266.0 -241.6 2554.6 0 0 0 0 0 0 0 0 0
2.2 -769.6 2794.0 0 0 0 0 0 0 0 0 0
229.9 -758.6 2658.2 0 0 0 0 0 0 0 0 0
61.8 487.5 2700.4 9 0.9697400331 -0.1678074151 0.1773271561 0.1754159927 0.9840954542 -0.0280239061 -0.1698042303 0.0582819209 0.9837529063
95.6 288.9 2688.6 0.9697400331 -0.1678074151 0.1773271561 0.1754159927 0.9840954542 -0.0280239061 -0.1698042303 0.0582819209 0.9837529063
92.9 90.6 2703.5 0.9854155183 0.0138863213 0.1695978045 -0.0263504405 0.9970950484 0.0714640766 -0.1681127697 -0.0748907849 0.9829188585
-43.0 292.6 2712.3 0.8989714384 -0.2777170837 -0.3387086391 -0.0734274462 0.6667982340 -0.7416121364 0.4318086803 0.6915586591 0.5790405273
-239.1 308.6 2618.1 -0.7514029145 -0.2777170837 -0.5985539556 -0.5993032455 0.6667982340 0.4429624677 0.2760964930 0.6915586591 -0.6674708724
234.3 285.2 2664.9 0.1548424512 0.8322776556 0.5322947502 -0.9845268130 0.1747373790 0.0131816613 -0.0820409879 -0.5260995626 0.8464564681
275.7 22.3 2643.0 -0.0442043692 0.8311984539 0.5542157292 -0.9487711787 0.1388009340 -0.2838442624 -0.3128565550 -0.5383710861 0.7824815512
-0.2 -104.8 2733.0 0.9382457733 -0.0051945290 0.3459304273 0.0031372153 0.9999738932 0.0065068412 -0.3459551930 -0.0050197584 0.9382376075
1.9 -502.4 2735.0 0.9410279393 -0.0074931020 0.3382459581 -0.0647510737 0.9772855639 0.2017924190 -0.3320749402 -0.2117940784 0.9191678166
180.7 -110.3 2702.3 0.9242907166 -0.0474316366 0.3787306249 0.1226944923 0.9765079618 -0.1771391332 -0.3614314795 0.2101962119 0.9083968401
199.5 -498.5 2618.7 0.9351174831 -0.1087415814 0.3372396231 0.0489579216 0.9822683334 0.1809751987 -0.3509393334 -0.1527225226 0.9238600731
-24.7 479.6 2539.3 0 0 0 0 0 0 0 0 0
263.3 -243.2 2555.5 0 0 0 0 0 0 0 0 0
3.9 -766.8 2792.3 0 0 0 0 0 0 0 0 0
228.1 -757.0 2658.9 0 0 0 0 0 0 0 0 0
60.3 489.1 2698.1 0 0.9700903893 -0.1675022691 0.1756918728 0.1728251278 0.9848331213 -0.0153348977 -0.1704585552 0.0452402085 0.9843257666
94.4 288.6 2688.9 0.9700903893 -0.1675022691 0.1756918728 0.1728251278 0.9848331213 -0.0153348977 -0.1704585552 0.0452402085 0.9843257666
92.2 90.4 2703.9 0.9855917096 0.0112375105 0.1687682718 -0.0237793326 0.9970865250 0.0724777356 -0.1674621105 -0.0754466504 0.9829874039
-44.3 292.0 2712.4 0.8938696980 -0.2839089632 -0.3469764292 -0.0733697340 0.6708659530 -0.7379401922 0.4422825277 0.6850799322 0.5788364410
-238.9 307.9 2616.2 -0.7506690621 -0.2839089632 -0.5965665579 -0.6000374556 0.6708659530 0.4357681572 0.2764977217 0.6850799322 -0.6739543676
233.1 285.3 2665.3 0.1595864445 0.8320752382 0.5312089324 -0.9840235114 0.1771051437 0.0182075240 -0.0789298117 -0.5256277323 0.8470451832
275.7 22.6 2644.2 -0.0490231328 0.8307229877 0.5545232296 -0.9483345747 0.1355269700 -0.2868693173 -0.3134617805 -0.5399367809 0.7811593413
-0.3 -105.2 2733.8 0.9384724498 -0.0084298579 0.3452512622 0.0036351213 0.9998877645 0.0145327514 -0.3453350365 -0.0123835560 0.9383977652
3.1 -502.7 2738.7 0.9409899712 -0.0040653264 0.3384099603 -0.0640382767 0.9797252417 0.1898356676 -0.3323205113 -0.2003046572 0.9216513038
180.5 -110.0 2703.0 0.9245296717 -0.0474703312 0.3781420588 0.1181691363 0.9790176749 -0.1660132259 -0.3623270690 0.1981688738 0.9107404947
199.4 -499.2 2624.2 0.9328942895 -0.1163304821 0.3408452868 0.0609451830 0.9837397337 0.1689432263 -0.3549562991 -0.1368332952 0.9248149395
-24.5 479.3 2537.2 0 0 0 0 0 0 0 0 0
262.0 -242.8 2556.5 0 0 0 0 0 0 0 0 0
4.2 -766.8 2792.7 0 0 0 0 0 0 0 0 0
230.0 -758.1 2660.2 0 0 0 0 0 0 0 0 0
58.6 491.0 2706.9 1 0.9676176310 -0.1750738323 0.1818384975 0.1887362301 0.9801542759 -0.0606314875 -0.1676147878 0.0929876044 0.9814573526
94.8 288.3 2687.7 0.9676176310 -0.1750738323 0.1818384975 0.1887362301 0.9801542759 -0.0606314875 -0.1676147878 0.0929876044 0.9814573526
92.5 90.1 2702.2 0.9851925969 0.0116035268 0.1710580736 -0.0238607898 0.9972773790 0.0697747767 -0.1697826982 -0.0728231743 0.9827871919
-43.9 291.7 2711.6 0.9137262702 -0.2756356001 -0.2985453308 -0.0466398485 0.6587334871 -0.7509293556 0.4036446810 0.7000679970 0.5890464783
-255.5 302.5 2618.1 -0.7575124502 -0.2756356001 -0.5917769074 -0.5971980095 0.6587334871 0.4576294720 0.2636842728 0.7000679970 -0.6636078358
233.4 285.0 2663.8 0.1583296806 0.8318891525 0.5318760872 -0.9847575426 0.1723210365 0.0236226935 -0.0720019788 -0.5275091529 0.8464926481
275.7 22.0 2644.6 -0.0527719073 0.8302805424 0.5548416972 -0.9530184865 0.1240867525 -0.2763300240 -0.2982799411 -0.5433568358 0.7847244143
-0.5 -105.7 2734.2 0.9376820922 -0.0051289112 0.3474563956 0.0038748293 0.9999832511 0.0043040430 -0.3474726379 -0.0026894899 0.9376862645
1.5 -503.2 2735.3 0.9405521154 -0.0020089524 0.3396435082 -0.0705435053 0.9770210981 0.2011303902 -0.3322429359 -0.2131332457 0.9187974930
180.4 -110.0 2703.5 0.9235351086 -0.0512840338 0.3800695837 0.1231637821 0.9781848788 -0.1672872901 -0.3631991446 0.2013064921 0.9097043872
200.7 -498.9 2623.5 0.9341835380 -0.1043393984 0.3411956429 0.0483879447 0.9844995141 0.1685803235 -0.3534964919 -0.1409752071 0.9247519970
-39.2 473.1 2542.8 0 0 0 0 0 0 0 0 0
260.9 -244.6 2561.1 0 0 0 0 0 0 0 0 0
2.1 -770.1 2793.5 0 0 0 0 0 0 0 0 0
228.6 -761.4 2661.0 0 0 0 0 0 0 0 0 0
61.1 493.8 2701.4 2 0.9705456495 -0.1581475437 0.1817429811 0.1673053056 0.9852434397 -0.0361147635 -0.1733496189 0.0654575899 0.9826826453
94.1 288.1 2687.7 0.9705456495 -0.1581475437 0.1817429811 0.1673053056 0.9852434397 -0.0361147635 -0.1733496189 0.0654575899 0.9826826453
91.4 89.8 2701.7 0.9846178889 0.0133266803 0.1742126793 -0.0253510233 0.9974322915 0.0669791102 -0.1728727371 -0.0703652948 0.9824274778
-44.5 291.7 2712.0 0.9067090750 -0.2841830254 -0.3116386235 -0.0474051982 0.6655538082 -0.7448428869 0.4190839827 0.6901291013 0.5899919271
-248.1 302.3 2617.9 -0.7481825352 -0.2841830254 -0.5995522141 -0.6040631533 0.6655538082 0.4383444786 0.2744641900 0.6901291013 -0.6696202159
232.7 284.6 2663.4 0.1619280130 0.8302351236 0.5333750248 -0.9843108654 0.1742786914 0.0275513679 -0.0700817853 -0.5294681787 0.8454300761
275.9 21.6 2644.6 -0.0469206236 0.8289468884 0.5573558807 -0.9531720877 0.1297315210 -0.2731898725 -0.2987664938 -0.5440742970 0.7840419412
-0.2 -106.0 2732.2 0.9366040230 -0.0053572292 0.3503486216 0.0056950520 0.9999837875 0.0000660308 -0.3503432870 0.0019334089 0.9366193414
1.9 -503.6 2731.5 0.9399527907 0.0024665878 0.3412956297 -0.0793487057 0.9741535187 0.2114917189 -0.3319526613 -0.2258735895 0.9158539772
180.6 -110.4 2701.1 0.9227543473 -0.0506177433 0.3820500970 0.1202915162 0.9796382785 -0.1607444733 -0.3661343753 0.1942850500 0.9100543857
200.7 -499.9 2623.8 0.9321500063 -0.1058450267 0.3462559283 0.0531344898 0.9859526753 0.1583478153 -0.3581523001 -0.1292057931 0.9246798158
-34.9 474.5 2539.7 0 0 0 0 0 0 0 0 0
262.8 -245.1 2561.0 0 0 0 0 0 0 0 0 0
1.2 -770.6 2793.4 0 0 0 0 0 0 0 0 0
228.5 -758.7 2657.8 0 0 0 0 0 0 0 0 0
64.8 497.6 2708.6 3 0.9736483693 -0.1346183419 0.1840834469 0.1495359689 0.9863001108 -0.0696498230 -0.1721853763 0.0953415409 0.9804397821
93.4 288.0 2688.3 0.9736483693 -0.1346183419 0.1840834469 0.1495359689 0.9863001108 -0.0696498230 -0.1721853763 0.0953415409 0.9804397821
90.9 89.7 2701.6 0.9843221307 0.0129442764 0.1759043634 -0.0245060325 0.9976671934 0.0637150258 -0.1746692657 -0.0670268238 0.9823431373
-45.1 291.5 2712.9 0.8939051032 -0.2966955006 -0.3360140324 -0.0630243868 0.6589689851 -0.7495250702 0.4438035488 0.6911813617 0.5703566670
-244.8 305.5 2613.7 -0.7551300526 -0.2966955006 -0.5845942497 -0.6049512625 0.6589689851 0.4469830990 0.2526115775 0.6911813617 -0.6770935655
232.0 284.6 2663.7 0.1636375636 0.8290700316 0.5346640348 -0.9837847352 0.1774739027 0.0258963332 -0.0734190345 -0.5302318931 0.8446678519
275.7 21.5 2644.1 -0.0391465984 0.8281607032 0.5591219664 -0.9523752332 0.1384178549 -0.2717018723 -0.3024052680 -0.5431300998 0.7833011746
-1.6 -106.1 2731.5 0.9359642863 -0.0123037016 0.3518799841 0.0101676295 0.9999169707 0.0079178754 -0.3519482017 -0.0038330632 0.9360116124
3.3 -503.7 2733.1 0.9394946694 0.0004463751 0.3425632715 -0.0751073435 0.9759361148 0.2047134638 -0.3342284858 -0.2180562168 0.9169203043
179.1 -110.8 2699.8 0.9222665429 -0.0488969088 0.3834495246 0.1181837171 0.9801358581 -0.1592680961 -0.3680449128 0.1922051162 0.9097253084
198.6 -500.5 2623.4 0.9302154183 -0.1170257926 0.3478566408 0.0635061488 0.9848285913 0.1614916921 -0.3614778519 -0.1281310171 0.9235346317
-30.5 477.3 2542.0 0 0 0 0 0 0 0 0 0
264.8 -245.0 2559.5 0 0 0 0 0 0 0 0 0
3.2 -768.4 2792.2 0 0 0 0 0 0 0 0 0
229.3 -758.9 2657.0 0 0 0 0 0 0 0 0 0
63.8 491.9 2710.7 4 0.9728983045 -0.1411094368 0.1831856668 0.1578323692 0.9842118025 -0.0801006258 -0.1689905375 0.1068423912 0.9798096418
93.0 288.0 2688.5 0.9728983045 -0.1411094368 0.1831856668 0.1578323692 0.9842118025 -0.0801006258 -0.1689905375 0.1068423912 0.9798096418
90.3 89.7 2702.2 0.9846899509 0.0133768283 0.1738008112 -0.0251129549 0.9975362420 0.0655037463 -0.1724963784 -0.0688655302 0.9825999141
-45.6 291.6 2712.8 0.8909782171 -0.3013677299 -0.3396104574 -0.0622309931 0.6598529220 -0.7488133311 0.4497611523 0.6883106828 0.5691601634
-241.7 305.3 2613.8 -0.7519168258 -0.3013677299 -0.5863434076 -0.6083645821 0.6598529220 0.4410063922 0.2539952993 0.6883106828 -0.6794959903
231.6 284.5 2664.3 0.1654411554 0.8299825788 0.5326895714 -0.9836370349 0.1779309809 0.0282612089 -0.0713256672 -0.5286487937 0.8458387256
275.8 21.7 2645.2 -0.0357798301 0.8292278051 0.5577642918 -0.9511050582 0.1430797130 -0.2737286389 -0.3067881763 -0.5402864218 0.7835634351
-2.0 -106.4 2731.0 0.9367724061 -0.0051359585 0.3499014974 0.0037178649 0.9999819398 0.0047243941 -0.3499194384 -0.0031247954 0.9367745519
0.0 -504.0 2732.2 0.9397866726 -0.0105063245 0.3416000903 -0.0644307062 0.9761575460 0.2072802186 -0.3356332779 -0.2168087214 0.9167029262
