75.1 497.5 2697.2 30 0.9321770072 -0.0708706900 0.3549977243 0.0754719749 0.9971475005 0.0008881573 -0.3540480435 0.0259644594 0.9348667264
89.3 298.5 2692.0 0.9321770072 -0.0708706900 0.3549977243 0.0754719749 0.9971475005 0.0008881573 -0.3540480435 0.0259644594 0.9348667264
99.3 100.0 2694.1 0.9341389537 -0.0501240939 0.3533722758 0.0431089364 0.9986863136 0.0277002677 -0.3542965055 -0.0106423963 0.9350726008
-42.2 292.5 2741.8 0.9197868109 -0.2887323201 -0.2657553256 0.0293766242 0.7259864211 -0.6870812774 0.3913173378 0.6241613030 0.6762347221
-227.1 286.6 2663.2 -0.6159980893 -0.2887323201 -0.7329256535 -0.6399358511 0.7259864211 0.2518447638 0.4593783915 0.6241613030 -0.6319764256
220.7 304.6 2642.2 0.1977937371 0.7056013346 0.6804443002 -0.9738141894 0.2208171487 0.0540903583 -0.1120875403 -0.6733250022 0.7308008075
273.5 44.7 2612.3 -0.0346892960 0.7047619820 0.7085952163 -0.9574156404 0.1799085438 -0.2258055955 -0.2866215408 -0.6862532496 0.6685092449
24.8 -106.3 2734.2 0.8708972335 0.0454848967 0.4893558621 -0.0409099869 0.9989617467 -0.0200452860 -0.4897595346 -0.0025621576 0.8718537688
6.7 -503.4 2735.2 0.8726631999 -0.0009462840 0.4883216321 -0.1022164896 0.9774910212 0.1845618784 -0.4775046706 -0.2109748870 0.8529237509
194.5 -99.5 2664.7 0.8652932644 0.0015202687 0.5012636781 0.0743747503 0.9885374308 -0.1313855797 -0.4957176149 0.1509684175 0.8552616835
193.9 -492.5 2604.7 0.8744219542 -0.1392873526 0.4647422135 0.0204433817 0.9676302671 0.2515427172 -0.4847353399 -0.2104535550 0.8489646316
-58.4 461.8 2537.4 0 0 0 0 0 0 0 0 0
263.9 -219.0 2533.3 0 0 0 0 0 0 0 0 0
7.0 -762.8 2791.2 0 0 0 0 0 0 0 0 0
231.4 -753.4 2661.4 0 0 0 0 0 0 0 0 0
72.7 501.7 2696.5 31 0.9344960451 -0.0726806521 0.3484747410 0.0725541636 0.9972740412 0.0134326592 -0.3485010862 0.0127305267 0.9372219443
87.2 302.4 2693.9 0.9344960451 -0.0726806521 0.3484747410 0.0725541636 0.9972740412 0.0134326592 -0.3485010862 0.0127305267 0.9372219443
100.2 104.0 2694.9 0.9354078174 -0.0650611669 0.3475331664 0.0593480207 0.9978702068 0.0270708054 -0.3485542536 -0.0046968367 0.9372768402
-44.4 294.0 2743.0 0.9108445644 -0.3390256166 -0.2354227155 0.0970622599 0.7303169966 -0.6761775017 0.4011746943 0.5930418968 0.6981118321
-226.6 274.6 2662.7 -0.5943215489 -0.3390256166 -0.7292760611 -0.6549181938 0.7303169966 0.1942142993 0.4667590857 0.5930418968 -0.6560772061
218.8 310.7 2644.9 0.2052609921 0.7067690492 0.6770121455 -0.9712448716 0.2323574573 0.0518980809 -0.1206288561 -0.6681972146 0.7341397405
273.8 50.7 2612.6 -0.0356220305 0.7058941126 0.7074210644 -0.9583500624 0.1765850633 -0.2244614214 -0.2833659947 -0.6859527230 0.6702033281
23.6 -102.4 2728.7 0.8735617399 0.0450228751 0.4846265018 -0.0420548469 0.9989706278 -0.0170007758 -0.4848930538 -0.0055296659 0.8745559454
5.7 -499.6 2730.9 0.8756222725 -0.0050291000 0.4829702973 -0.1037342995 0.9746530652 0.1982185841 -0.4717253447 -0.2236652076 0.8529062271
195.0 -94.5 2663.7 0.8670024872 0.0063876794 0.4982628226 0.0682058930 0.9889855385 -0.1313603967 -0.4936138093 0.1478742510 0.8570172787
192.4 -487.7 2604.9 0.8720016479 -0.1511768550 0.4655734599 0.0387506150 0.9694491029 0.2422123998 -0.4879666567 -0.1931683719 0.8512194157
-62.4 455.6 2533.8 0 0 0 0 0 0 0 0 0
264.0 -213.3 2534.6 0 0 0 0 0 0 0 0 0
7.1 -764.9 2791.8 0 0 0 0 0 0 0 0 0
233.1 -748.7 2657.0 0 0 0 0 0 0 0 0 0
75.5 503.0 2697.6 32 0.9365374446 -0.0676896945 0.3439705372 0.0685468167 0.9976009130 0.0096829068 -0.3438007534 0.0145096816 0.9389305115
89.0 303.7 2694.7 0.9365374446 -0.0676896945 0.3439705372 0.0685468167 0.9976009130 0.0096829068 -0.3438007534 0.0145096816 0.9389305115
101.6 105.3 2693.8 0.9370440841 -0.0631341115 0.3434567153 0.0608188137 0.9979950190 0.0175207518 -0.3438742757 0.0044709146 0.9390050769
-42.8 295.2 2743.1 0.9117609262 -0.3638502657 -0.1905388236 0.1568071097 0.7371436954 -0.6572904587 0.3796097934 0.5694139004 0.7291530967
-222.5 264.2 2668.3 -0.5617808700 -0.3638502657 -0.7429772615 -0.6612819433 0.7371436954 0.1390158087 0.4971000850 0.5694139004 -0.6547208428
220.9 312.3 2646.3 0.2026135325 0.7115531564 0.6727851629 -0.9718316793 0.2305632383 0.0488242730 -0.1203784645 -0.6637263894 0.7382251024
274.1 57.2 2614.7 -0.0363899358 0.7106319070 0.7026222348 -0.9573634863 0.1768379062 -0.2284372002 -0.2865850031 -0.6809777021 0.6738979220
27.3 -99.7 2727.8 0.8753772974 0.0478010289 0.4810713530 -0.0439682268 0.9988476038 -0.0192427896 -0.4814367890 -0.0043071536 0.8764702082
8.3 -496.9 2729.5 0.8773010373 0.0051245741 0.4799131751 -0.1146053001 0.9732525945 0.1991106868 -0.4660563767 -0.2296805978 0.8544228077
198.9 -88.9 2663.9 0.8691491485 0.0143144885 0.4943428040 0.0580614321 0.9897148013 -0.1307418793 -0.4911299050 0.1423364431 0.8593786955
193.2 -482.4 2607.3 0.8717246056 -0.1458984166 0.4677711725 0.0417083837 0.9732715487 0.2258381248 -0.4882178009 -0.1773586720 0.8545099497
-64.8 449.9 2528.7 0 0 0 0 0 0 0 0 0
264.1 -206.5 2535.8 0 0 0 0 0 0 0 0 0
6.9 -764.2 2792.6 0 0 0 0 0 0 0 0 0
233.3 -749.7 2656.0 0 0 0 0 0 0 0 0 0
80.0 501.9 2697.7 33 0.9345155954 -0.0561837256 0.3514598012 0.0574125275 0.9983264804 0.0069333618 -0.3512611687 0.0136988610 0.9361773133
91.2 302.7 2695.0 0.9345155954 -0.0561837256 0.3514598012 0.0574125275 0.9983264804 0.0069333618 -0.3512611687 0.0136988610 0.9361773133
102.0 104.2 2693.2 0.9347128272 -0.0540838279 0.3512647152 0.0538411252 0.9984946847 0.0104662478 -0.3513019979 0.0091295512 0.9362176657
-40.3 295.1 2744.4 0.8989037275 -0.4084104896 -0.1586600095 0.2253575027 0.7415124178 -0.6319599152 0.3757474124 0.5323158503 0.7585866451
-223.5 249.2 2667.8 -0.5478830338 -0.4084104896 -0.7300856113 -0.6655752659 0.7415124178 0.0846694261 0.5067877173 0.5323158503 -0.6780899763
222.8 310.3 2645.5 0.1957716942 0.7090180516 0.6774709225 -0.9737002850 0.2226394713 0.0483674742 -0.1165383533 -0.6691226363 0.7339575887
273.9 55.7 2615.1 -0.0322414413 0.7082966566 0.7051782012 -0.9556080699 0.1848960221 -0.2294050157 -0.2928714454 -0.6812703609 0.6708927155
28.2 -98.6 2724.5 0.8708553910 0.0474355780 0.4892450869 -0.0521985926 0.9986290932 -0.0039103515 -0.4887598753 -0.0221325550 0.8721375465
9.3 -495.6 2733.3 0.8719283342 0.0099451309 0.4895325005 -0.1132450700 0.9767813087 0.1818620116 -0.4763575792 -0.2140077800 0.8528095484
200.1 -87.5 2661.4 0.8655943871 0.0168982111 0.5004606247 0.0523138940 0.9909096956 -0.1239402443 -0.4980056882 0.1334630251 0.8568418622
193.4 -481.4 2608.4 0.8671282530 -0.1465138197 0.4760486782 0.0424168557 0.9740076661 0.2225081921 -0.4962755740 -0.1727506369 0.8508042097
-65.9 440.6 2522.1 0 0 0 0 0 0 0 0 0
265.1 -207.5 2534.4 0 0 0 0 0 0 0 0 0
6.6 -764.8 2792.3 0 0 0 0 0 0 0 0 0
233.1 -745.4 2655.2 0 0 0 0 0 0 0 0 0
76.4 501.2 2696.7 34 0.9275072217 -0.0652918816 0.3680588603 0.0636162683 0.9978347421 0.0166982897 -0.3683521748 0.0079267472 0.9296525121
89.4 302.5 2695.2 0.9275072217 -0.0652918816 0.3680588603 0.0636162683 0.9978347421 0.0166982897 -0.3683521748 0.0079267472 0.9296525121
102.2 104.2 2693.9 0.9276038408 -0.0643749237 0.3679769635 0.0621295907 0.9979065061 0.0179590248 -0.3683626950 0.0062033967 0.9296614528
-41.1 293.8 2747.0 0.8824747801 -0.4451071918 -0.1520457119 0.2793290317 0.7560120225 -0.5919638276 0.3784357309 0.4799223244 0.7914928794
-218.1 237.8 2671.1 -0.5236799717 -0.4451071918 -0.7263875604 -0.6545013189 0.7560120225 0.0085943807 0.5453323126 0.4799223244 -0.6872316003
219.9 311.3 2643.3 0.2092225999 0.6947486997 0.6881498098 -0.9718208313 0.2258692533 0.0674337298 -0.1085823849 -0.6828669906 0.7224282622
275.8 51.5 2614.3 -0.0379182175 0.6937767267 0.7191912532 -0.9549607038 0.1868043840 -0.2305519432 -0.2942996621 -0.6955415010 0.6554462314
27.0 -99.2 2723.6 0.8619933128 0.0438227579 0.5050219297 -0.0550116710 0.9984593391 0.0072560268 -0.5039258599 -0.0340367444 0.8630760312
9.6 -496.1 2737.1 0.8625799417 0.0125417421 0.5057653189 -0.1083032563 0.9810953140 0.1603818387 -0.4941925108 -0.1931181848 0.8476314545
198.5 -89.3 2659.1 0.8558706045 0.0092600789 0.5171071291 0.0595140308 0.9914345741 -0.1162565202 -0.5137544274 0.1302756667 0.8479886055
194.8 -483.5 2607.3 0.8611453176 -0.1370238662 0.4895438850 0.0257408824 0.9735066295 0.2272053659 -0.5077067614 -0.1830555499 0.8418577909
-67.5 425.9 2514.3 0 0 0 0 0 0 0 0 0
265.4 -211.5 2533.3 0 0 0 0 0 0 0 0 0
6.1 -764.5 2789.9 0 0 0 0 0 0 0 0 0
231.8 -746.2 2656.7 0 0 0 0 0 0 0 0 0
75.6 499.7 2696.8 35 0.9246675968 -0.0702834204 0.3742326498 0.0690807253 0.9974722266 0.0166448671 -0.3744565248 0.0104612922 0.9271854758
89.6 300.9 2694.7 0.9246675968 -0.0702834204 0.3742326498 0.0690807253 0.9974722266 0.0166448671 -0.3744565248 0.0104612922 0.9271854758
103.2 102.6 2692.6 0.9247709513 -0.0687318072 0.3742654026 0.0675971955 0.9975816011 0.0161747746 -0.3744719923 0.0103413314 0.9271805286
-40.6 291.4 2747.4 0.8596149683 -0.4880768359 -0.1511392742 0.3372928500 0.7642621994 -0.5496697426 0.3837911189 0.4215261638 0.8215960860
-212.8 223.8 2670.5 -0.5077455640 -0.4880768359 -0.7099123001 -0.6414510012 0.7642621994 -0.0666628629 0.5750957131 0.4215261638 -0.7011280656
219.7 310.4 2642.0 0.2116368711 0.6913640499 0.6908151507 -0.9722787738 0.2208320796 0.0768580213 -0.0994172767 -0.6879309416 0.7189348340
275.2 55.3 2615.9 -0.0374446847 0.6904108524 0.7224477530 -0.9575974941 0.1818775386 -0.2234447598 -0.2856656909 -0.7001810074 0.6543253660
29.9 -99.9 2726.5 0.8582401872 0.0555508956 0.5102331042 -0.0600599423 0.9981654882 -0.0076496899 -0.5097219944 -0.0240793005 0.8600021005
7.8 -496.7 2736.0 0.8589024544 0.0057874355 0.5121064782 -0.1058269739 0.9803608060 0.1664131880 -0.5010859966 -0.1971273720 0.8426467776
200.1 -88.5 2658.9 0.8518627286 0.0186680034 0.5234323740 0.0496897623 0.9919766784 -0.1162463129 -0.5214027762 0.1250351220 0.8441003561
192.7 -482.9 2609.2 0.8559645414 -0.1366443187 0.4986512661 0.0228039846 0.9734836221 0.2276171893 -0.5165314674 -0.1834610105 0.8363834620
-67.3 407.6 2505.8 0 0 0 0 0 0 0 0 0
264.9 -208.4 2537.2 0 0 0 0 0 0 0 0 0
6.3 -763.7 2789.7 0 0 0 0 0 0 0 0 0
230.5 -752.2 2659.9 0 0 0 0 0 0 0 0 0
77.0 497.8 2697.3 36 0.9254629612 -0.0678347647 0.3727153540 0.0673841238 0.9976252913 0.0142526003 -0.3727971017 0.0119248433 0.9278362393
90.5 298.9 2694.9 0.9254629612 -0.0678347647 0.3727153540 0.0673841238 0.9976252913 0.0142526003 -0.3727971017 0.0119248433 0.9278362393
104.0 100.6 2692.4 0.9254314303 -0.0681644976 0.3727334738 0.0678465813 0.9975976944 0.0139868911 -0.3727914691 0.0123447841 0.9278330207
-39.7 289.3 2747.4 0.8435389400 -0.5178713202 -0.1423073709 0.3813020289 0.7640817165 -0.5203728676 0.3782206476 0.3846926987 0.8419980407
-211.0 211.9 2670.6 -0.4833782017 -0.5178713202 -0.7058008313 -0.6323877573 0.7640817165 -0.1275339127 0.6053356528 0.3846926987 -0.6968358755
220.7 308.4 2642.4 0.2078372985 0.6936275959 0.6896988153 -0.9732421041 0.2172785401 0.0747654215 -0.0979973823 -0.6867829561 0.7202261686
275.3 52.9 2616.7 -0.0388995484 0.6926066875 0.7202658057 -0.9587147236 0.1773349494 -0.2223025709 -0.2816965282 -0.6991769075 0.6571139693
32.1 -101.9 2724.9 0.8584958315 0.0629217252 0.5089457035 -0.0687836260 0.9976048470 -0.0073103304 -0.5081866980 -0.0287312437 0.8607675433
7.1 -498.5 2736.3 0.8589397669 0.0034988199 0.5120646954 -0.1046011820 0.9800908566 0.1687617898 -0.5012794733 -0.1985187829 0.8422049880
201.7 -89.5 2656.2 0.8527004123 0.0222490318 0.5219262242 0.0475767218 0.9916331172 -0.1200008094 -0.5202292204 0.1271562874 0.8445074558
192.9 -483.8 2605.6 0.8571509719 -0.1359842122 0.4967902601 0.0185131449 0.9720296860 0.2341272235 -0.5147324800 -0.1914852262 0.8356936574
-73.0 392.5 2497.7 0 0 0 0 0 0 0 0 0
264.6 -211.2 2539.1 0 0 0 0 0 0 0 0 0
6.1 -764.0 2790.1 0 0 0 0 0 0 0 0 0
230.7 -754.1 2658.9 0 0 0 0 0 0 0 0 0
77.4 496.0 2696.0 37 0.9224776626 -0.0669052824 0.3802086711 0.0676070750 0.9976454377 0.0115245525 -0.3800845146 0.0150736524 0.9248289466
90.7 297.3 2693.0 0.9224776626 -0.0669052824 0.3802086711 0.0676070750 0.9976454377 0.0115245525 -0.3800845146 0.0150736524 0.9248289466
103.9 99.0 2689.8 0.9224801660 -0.0664269924 0.3802865148 0.0675699487 0.9976607561 0.0103597371 -0.3800850809 0.0161392875 0.9248107076
-39.1 287.8 2746.5 0.8211873174 -0.5587994456 -0.1157350987 0.4494807124 0.7583232522 -0.4721365869 0.3515942693 0.3356918693 0.8738949895
-208.3 195.2 2674.1 -0.4620334208 -0.5587994456 -0.6886714101 -0.6208252311 0.7583232522 -0.1988010705 0.6333254576 0.3356918693 -0.6972874999
220.5 306.8 2639.5 0.2107978463 0.6880720854 0.6943494081 -0.9724649787 0.2198218405 0.0773965716 -0.0993787423 -0.6915454865 0.7154639959
276.4 48.9 2613.2 -0.0456754789 0.6865672469 0.7256301641 -0.9633103013 0.1620403081 -0.2139536440 -0.2644748986 -0.7087795138 0.6539760232
32.7 -104.0 2724.2 0.8544397354 0.0667806193 0.5152408481 -0.0651997849 0.9976473451 -0.0211827718 -0.5154432654 -0.0154941892 0.8567836285
6.1 -500.6 2730.3 0.8555523753 -0.0052397940 0.5176897049 -0.1094371676 0.9755225182 0.1907335073 -0.5060173869 -0.2198370099 0.8340372443
202.5 -91.5 2655.8 0.8483077288 0.0267221071 0.5288288593 0.0397487171 0.9926940799 -0.1139234751 -0.5280095339 0.1176624298 0.8410478234
191.9 -486.2 2609.0 0.8492865562 -0.1442013383 0.5078566074 0.0332606733 0.9746772051 0.2211291641 -0.5268834233 -0.1709103733 0.8325764537
-75.4 373.9 2491.8 0 0 0 0 0 0 0 0 0
263.8 -216.4 2540.3 0 0 0 0 0 0 0 0 0
7.6 -765.3 2790.0 0 0 0 0 0 0 0 0 0
231.2 -751.7 2655.5 0 0 0 0 0 0 0 0 0
77.0 499.3 2695.4 38 0.9279490113 -0.0585633144 0.3680773675 0.0570812151 0.9982579947 0.0149230603 -0.3683101237 0.0071624652 0.9296754003
88.7 300.5 2694.0 0.9279490113 -0.0585633144 0.3680773675 0.0570812151 0.9982579947 0.0149230603 -0.3683101237 0.0071624652 0.9296754003
100.2 102.0 2692.2 0.9279380441 -0.0581166111 0.3681757748 0.0572685190 0.9982710481 0.0132395700 -0.3683086336 0.0087993797 0.9296619296
-41.9 292.4 2745.8 0.7883841395 -0.6085545421 -0.0900655612 0.5249862671 0.7418618798 -0.4171695113 0.3206866086 0.2816066444 0.9043549299
-206.8 182.6 2678.7 -0.4400112331 -0.6085545421 -0.6603419185 -0.6108134985 0.7418618798 -0.2766727805 0.6582530141 0.2816066444 -0.6981409192
219.3 308.5 2642.1 0.2198632509 0.6938037872 0.6857815981 -0.9695608616 0.2330636084 0.0750536025 -0.1077582613 -0.6814085841 0.7239271402
278.6 46.8 2613.1 -0.0524582900 0.6918178201 0.7201640606 -0.9610416889 0.1610032916 -0.2246703953 -0.2713797688 -0.7038934827 0.6564198136
32.5 -105.5 2721.5 0.8607950211 0.0665068403 0.5045877695 -0.0723919570 0.9973444939 -0.0079581784 -0.5037771463 -0.0296777356 0.8633237481
6.0 -502.0 2733.3 0.8614286184 -0.0054490198 0.5078493953 -0.1042350382 0.9767593145 0.1872866750 -0.4970671833 -0.2142698020 0.8408404589
201.7 -93.1 2651.7 0.8557150364 0.0199460462 0.5170628428 0.0377756692 0.9941823483 -0.1008682400 -0.5160666704 0.1058468595 0.8499833345
193.8 -488.4 2609.6 0.8569365144 -0.1353348941 0.4973371923 0.0292050932 0.9761118889 0.2152967602 -0.5145938993 -0.1699708700 0.8404183388
-79.6 359.1 2488.5 0 0 0 0 0 0 0 0 0
264.2 -217.9 2538.3 0 0 0 0 0 0 0 0 0
7.5 -760.9 2790.1 0 0 0 0 0 0 0 0 0
230.7 -754.3 2655.9 0 0 0 0 0 0 0 0 0
75.1 500.4 2696.6 39 0.9276474118 -0.0619246885 0.3682874739 0.0613061525 0.9980291724 0.0133921281 -0.3683909476 0.0101551153 0.9296154976
87.4 301.8 2694.6 0.9276474118 -0.0619246885 0.3682874739 0.0613061525 0.9980291724 0.0133921281 -0.3683909476 0.0101551153 0.9296154976
99.1 103.4 2692.3 0.9278069735 -0.0586729348 0.3684178293 0.0586645342 0.9982145429 0.0112340162 -0.3684191704 0.0111900633 0.9295924306
-43.2 293.6 2746.4 0.7686193585 -0.6343206167 -0.0828350633 0.5632010698 0.7324060798 -0.3826040328 0.3033625185 0.2474240810 0.9201915860
-207.0 173.5 2681.8 -0.4273319244 -0.6343206167 -0.6442242265 -0.5989025831 0.7324060798 -0.3238780797 0.6772762537 0.2474240810 -0.6928767562
218.0 310.1 2642.7 0.2205500752 0.6945600510 0.6847949028 -0.9699138403 0.2303684950 0.0787240490 -0.1030765846 -0.6815546155 0.7244712114
277.0 50.5 2615.1 -0.0423755012 0.6932699680 0.7194310427 -0.9609075189 0.1689157635 -0.2193721831 -0.2736074030 -0.7006027699 0.6590104699
26.6 -101.7 2724.2 0.8616390228 0.0519232042 0.5048585534 -0.0548113659 0.9984548688 -0.0091418959 -0.5045531988 -0.0197949745 0.8631536365
6.0 -498.6 2732.1 0.8629840016 -0.0035872909 0.5052185655 -0.1055539995 0.9766274691 0.1872355193 -0.4940819740 -0.2149090916 0.8424352407
196.9 -91.2 2656.7 0.8557662368 0.0054052398 0.5173344016 0.0563788079 0.9930161238 -0.1036362052 -0.5142815709 0.1178550646 0.8494849205
194.8 -485.9 2609.8 0.8595520258 -0.1314448863 0.4938548207 0.0304734763 0.9778199196 0.2072185725 -0.5101388693 -0.1630656719 0.8444926739
-83.6 346.5 2486.2 0 0 0 0 0 0 0 0 0
265.3 -214.1 2539.8 0 0 0 0 0 0 0 0 0
7.0 -762.3 2790.1 0 0 0 0 0 0 0 0 0
231.0 -755.6 2654.8 0 0 0 0 0 0 0 0 0
74.0 499.1 2696.7 40 0.9216030240 -0.0638201237 0.3828509450 0.0631716847 0.9979004860 0.0142794903 -0.3829584718 0.0110253189 0.9236997366
86.7 300.7 2694.5 0.9216030240 -0.0638201237 0.3828509450 0.0631716847 0.9979004860 0.0142794903 -0.3829584718 0.0110253189 0.9236997366
98.4 102.2 2691.8 0.9218230247 -0.0588453263 0.3831182420 0.0595922992 0.9981734157 0.0099298041 -0.3830027580 0.0136773754 0.9236459136
-43.1 292.3 2748.4 0.7304365039 -0.6761378050 -0.0964370444 0.6054142714 0.7063499689 -0.3668014705 0.3161266446 0.2095408291 0.9252873063
-202.5 160.2 2679.4 -0.4009167850 -0.6761378050 -0.6181451082 -0.5913379192 0.7063499689 -0.3890876770 0.6997036338 0.2095408291 -0.6830134988
216.4 309.1 2640.6 0.2283078730 0.6852462888 0.6916017532 -0.9695769548 0.2244521230 0.0976820290 -0.0882952362 -0.6928626895 0.7156432271
276.5 53.8 2617.4 -0.0354933441 0.6843276620 0.7283102870 -0.9609814882 0.1766757667 -0.2128386199 -0.2743261158 -0.7074470520 0.6513553858
25.6 -100.4 2723.9 0.8537627459 0.0484680869 0.5184013844 -0.0493120961 0.9987093806 -0.0121618146 -0.5183218122 -0.0151801566 0.8550509214
6.3 -497.5 2729.9 0.8557248712 -0.0023672339 0.5174257159 -0.1129046828 0.9750390649 0.1911839396 -0.5049629211 -0.2220206410 0.8340979218
195.8 -89.7 2656.3 0.8474594951 0.0025989478 0.5308536887 0.0537193492 0.9944350719 -0.0906265825 -0.5281350613 0.1053194776 0.8426038027
194.8 -485.0 2614.4 0.8500766158 -0.1362287849 0.5087351799 0.0359322652 0.9787181020 0.2020391077 -0.5254318714 -0.1534687132 0.8368803263
-86.7 330.9 2477.4 0 0 0 0 0 0 0 0 0
266.7 -210.8 2541.8 0 0 0 0 0 0 0 0 0
7.0 -761.2 2790.0 0 0 0 0 0 0 0 0 0
232.1 -752.9 2656.4 0 0 0 0 0 0 0 0 0
73.6 504.6 2695.7 41 0.9211552739 -0.0615215711 0.3843020797 0.0578752607 0.9981017113 0.0210581347 -0.3848680854 0.0028437709 0.9229671955
85.9 305.6 2695.2 0.9211552739 -0.0615215711 0.3843020797 0.0578752607 0.9981017113 0.0210581347 -0.3848680854 0.0028437709 0.9229671955
97.2 107.1 2694.1 0.9213625789 -0.0566889606 0.3845481873 0.0543733761 0.9983776212 0.0169013832 -0.3848824501 0.0053368821 0.9229501486
-43.8 298.0 2749.3 0.6537693143 -0.7528933287 -0.0757448748 0.7013126612 0.6404678226 -0.3129880726 0.2841587961 0.1515011638 0.9467318654
-188.3 142.9 2686.5 -0.3365775645 -0.7528933287 -0.5655679703 -0.5725091100 0.6404678226 -0.5118928552 0.7476288080 0.1515011638 -0.6466053724
215.6 313.3 2641.0 0.2264948189 0.6813855767 0.6959984303 -0.9688355923 0.2311806679 0.0889557600 -0.1002882197 -0.6944560409 0.7125117779
276.1 54.1 2614.2 -0.0262858737 0.6810103059 0.7318019271 -0.9644334316 0.1753321290 -0.1978048384 -0.2630155087 -0.7109737396 0.6521803737
25.5 -101.7 2724.2 0.8534168005 0.0481631756 0.5189990997 -0.0443217494 0.9988209009 -0.0198101681 -0.5193412304 -0.0060966169 0.8545451760
6.3 -498.8 2726.6 0.8560787439 -0.0005714261 0.5168451071 -0.1206505373 0.9721505046 0.2009148896 -0.5025660396 -0.2343565971 0.8321684599
194.6 -90.7 2653.9 0.8467880487 -0.0009219704 0.5319296718 0.0588792600 0.9940159917 -0.0920080319 -0.5286617279 0.1092309281 0.8417751193
195.0 -485.9 2610.5 0.8522425294 -0.1304675937 0.5066170692 0.0224960819 0.9766469598 0.2136695832 -0.5226629376 -0.1707013994 0.8352750540
-91.4 307.8 2471.2 0 0 0 0 0 0 0 0 0
268.9 -211.4 2541.7 0 0 0 0 0 0 0 0 0
6.5 -762.0 2790.1 0 0 0 0 0 0 0 0 0
231.2 -757.3 2657.9 0 0 0 0 0 0 0 0 0
71.2 500.5 2695.3 42 0.8962186575 -0.0623251945 0.4392126203 0.0569182821 0.9980535507 0.0254834611 -0.4399459660 0.0021604756 0.8980216384
83.6 302.1 2694.8 0.8962186575 -0.0623251945 0.4392126203 0.0569182821 0.9980535507 0.0254834611 -0.4399459660 0.0021604756 0.8980216384
94.6 103.6 2693.8 0.8965012431 -0.0554454513 0.4395580590 0.0521271601 0.9984475374 0.0196272396 -0.4399639070 0.0053170682 0.8979997039
-42.3 294.8 2756.6 0.6116064787 -0.7868239880 -0.0827375278 0.7307195663 0.6018738151 -0.3221751451 0.3032926917 0.1365864724 0.9430575967
-177.3 133.5 2689.7 -0.2859465778 -0.7868239880 -0.5469392538 -0.5516289473 0.6018738151 -0.5774542093 0.7835432887 0.1365864724 -0.6061386466
209.6 309.4 2633.0 0.2552267909 0.6414912939 0.7234281301 -0.9650020003 0.2156306356 0.1492466182 -0.0602528602 -0.7362012863 0.6740750670
276.0 58.1 2617.3 -0.0303147007 0.6408874393 0.7670360208 -0.9624970555 0.1882610023 -0.1953388304 -0.2695931792 -0.7441915274 0.6111451983
23.9 -96.3 2728.4 0.8211092949 0.0448243394 0.5690081120 -0.0335767455 0.9989784956 -0.0302427504 -0.5697824955 0.0057271635 0.8217756152
6.1 -493.5 2726.1 0.8252962828 -0.0024008197 0.5646948814 -0.1292700171 0.9726336598 0.1930621117 -0.5497047305 -0.2323315591 0.8024005890
193.0 -86.4 2657.7 0.8134501576 -0.0014348100 0.5816328526 0.0799681768 0.9907762408 -0.1093964130 -0.5761110783 0.1355006546 0.8060618043
193.5 -480.1 2603.9 0.8266005516 -0.1306041330 0.5474249721 0.0018478809 0.9733246565 0.2294246256 -0.5627860427 -0.1886309385 0.8047920465
-96.6 289.2 2468.5 0 0 0 0 0 0 0 0 0
267.7 -207.0 2543.1 0 0 0 0 0 0 0 0 0
6.7 -763.1 2790.5 0 0 0 0 0 0 0 0 0
230.8 -757.9 2657.7 0 0 0 0 0 0 0 0 0
68.8 507.5 2694.5 43 0.8929964304 -0.0662672743 0.4451584220 0.0569831990 0.9977883697 0.0342236012 -0.4464418292 -0.0051950030 0.8947975636
82.1 307.8 2695.6 0.8929964304 -0.0662672743 0.4451584220 0.0569831990 0.9977883697 0.0342236012 -0.4464418292 -0.0051950030 0.8947975636
94.1 109.3 2695.8 0.8932009339 -0.0606003255 0.4455554783 0.0537658185 0.9981615543 0.0279768445 -0.4464317858 -0.0010332881 0.8948170543
-43.5 300.2 2758.3 0.5453382730 -0.8359866142 -0.0610944852 0.7822546363 0.5337616205 -0.3212104738 0.3011375666 0.1273769289 0.9450351000
-170.8 117.7 2688.1 -0.2408562154 -0.8359866142 -0.4930665791 -0.5654755235 0.5337616205 -0.6287574768 0.7888128757 0.1273769289 -0.6012897491
207.7 315.3 2632.8 0.2536803782 0.6346978545 0.7299348116 -0.9651420712 0.2163255960 0.1473230273 -0.0643979833 -0.7418637276 0.6674512029
275.4 57.7 2615.6 -0.0338134654 0.6339512467 0.7726334333 -0.9629272223 0.1863543689 -0.1950465590 -0.2676336467 -0.7505850196 0.6041476727
23.6 -99.7 2733.0 0.8174548745 0.0467315689 0.5740937591 -0.0313192941 0.9988350868 -0.0367100611 -0.5751405358 0.0120286075 0.8179662228
5.0 -496.8 2728.2 0.8222896457 -0.0178841539 0.5687880516 -0.1181134880 0.9723763466 0.2013291717 -0.5566766858 -0.2327324450 0.7974626422
187.8 -90.1 2652.4 0.8091243505 -0.0183857661 0.5873497128 0.0766614899 0.9942711592 -0.0744841397 -0.5826154351 0.1052940413 0.8058984876
195.1 -485.1 2610.6 0.8205223083 -0.1306426376 0.5564850569 0.0071320673 0.9757961631 0.2185657173 -0.5715699792 -0.1753691584 0.8015942574
-103.4 275.8 2467.5 0 0 0 0 0 0 0 0 0
266.0 -207.5 2541.9 0 0 0 0 0 0 0 0 0
9.9 -762.3 2791.8 0 0 0 0 0 0 0 0 0
231.0 -753.6 2658.9 0 0 0 0 0 0 0 0 0
67.6 507.2 2685.6 44 0.8891438842 -0.0742013380 0.4515720308 0.0531568155 0.9968338609 0.0591319799 -0.4545299411 -0.0285727102 0.8902730346
82.5 307.8 2691.4 0.8891438842 -0.0742013380 0.4515720308 0.0531568155 0.9968338609 0.0591319799 -0.4545299411 -0.0285727102 0.8902730346
95.6 109.5 2696.0 0.8895019889 -0.0658112168 0.4521671236 0.0480560437 0.9975593686 0.0506552793 -0.4543972015 -0.0233286116 0.8904936314
-42.7 301.0 2755.3 0.5336611867 -0.8441230059 -0.0515955724 0.8025308847 0.5247206092 -0.2839232981 0.2667394578 0.1101117954 0.9574578404
-166.8 114.3 2693.2 -0.2231169790 -0.8441230059 -0.4875193834 -0.5305381417 0.5247206092 -0.6657308340 0.8177701831 0.1101117954 -0.5649135709
207.6 314.5 2627.5 0.2598931789 0.6279644966 0.7335639596 -0.9646965861 0.2023718953 0.1685411334 -0.0426148772 -0.7514693737 0.6583902836
275.0 64.4 2616.4 -0.0345691815 0.6274878383 0.7778586149 -0.9631429911 0.1868321449 -0.1935184002 -0.2667594254 -0.7558788061 0.5979018211
24.3 -94.0 2736.9 0.8141011596 0.0425909124 0.5791592002 -0.0196156353 0.9987546206 -0.0458747037 -0.5803917646 0.0259860735 0.8139227033
7.4 -491.1 2726.6 0.8201190829 -0.0061459937 0.5721598268 -0.1309207827 0.9714004993 0.1980929971 -0.5570138097 -0.2373674661 0.7958594561
188.0 -84.2 2655.0 0.8041219711 -0.0097644543 0.5943841338 0.0769684464 0.9931589961 -0.0878125057 -0.5894605517 0.1163607910 0.7993725538
191.9 -478.9 2608.8 0.8147673011 -0.1400875896 0.5626097322 0.0145503366 0.9750061631 0.2217009813 -0.5796054602 -0.1724485457 0.7964414358
-104.8 261.9 2465.7 0 0 0 0 0 0 0 0 0
265.5 -200.9 2542.9 0 0 0 0 0 0 0 0 0
9.1 -762.0 2792.8 0 0 0 0 0 0 0 0 0
231.5 -754.5 2657.5 0 0 0 0 0 0 0 0 0
68.2 506.4 2691.2 45 0.8858461380 -0.0689232647 0.4588313401 0.0544716679 0.9975153804 0.0446754657 -0.4607704878 -0.0145822829 0.8873994946
82.0 306.8 2694.1 0.8858461380 -0.0689232647 0.4588313401 0.0544716679 0.9975153804 0.0446754657 -0.4607704878 -0.0145822829 0.8873994946
94.6 108.5 2696.2 0.8860667348 -0.0630616322 0.4592482448 0.0511363409 0.9979542494 0.0383722968 -0.4607285559 -0.0105161415 0.8874788284
-42.6 299.6 2759.0 0.5156028867 -0.8547964692 -0.0589630567 0.8148821592 0.5104668736 -0.2745735943 0.2648032308 0.0935229957 0.9597565532
-164.0 107.8 2696.6 -0.2097280025 -0.8547964692 -0.4746969044 -0.5046316385 0.5104668736 -0.6962546110 0.8374730349 0.0935229957 -0.5384165645
206.7 314.0 2629.3 0.2616541386 0.6230552793 0.7371154428 -0.9638535380 0.2084302753 0.1659613401 -0.0502340943 -0.7538958192 0.6550707221
275.1 62.0 2616.2 -0.0331349038 0.6226401329 0.7818064094 -0.9611915350 0.1945080906 -0.1956463009 -0.2738849223 -0.7579484582 0.5920314193
27.1 -93.2 2742.3 0.8090601563 0.0545776598 0.5851862431 -0.0232489835 0.9978716373 -0.0609236360 -0.5872657895 0.0356859043 0.8086070418
5.4 -489.9 2728.1 0.8144695163 -0.0144462576 0.5800265074 -0.1200247705 0.9738709927 0.1927934438 -0.5676560998 -0.2266419381 0.7914543152
190.2 -84.4 2659.0 0.7997354865 -0.0031215802 0.6003444195 0.0787331462 0.9918951392 -0.0997251123 -0.5951673985 0.1270207167 0.7934995294
191.5 -478.6 2608.5 0.8108355999 -0.1404813826 0.5681642890 0.0140995458 0.9751731157 0.2209946215 -0.5851041675 -0.1711794436 0.7926857471
-106.5 246.3 2466.8 0 0 0 0 0 0 0 0 0
266.0 -202.8 2540.7 0 0 0 0 0 0 0 0 0
9.4 -760.7 2791.1 0 0 0 0 0 0 0 0 0
231.0 -753.3 2656.7 0 0 0 0 0 0 0 0 0
69.4 508.3 2683.0 46 0.8978486657 -0.0646960139 0.4355251491 0.0436438248 0.9973515868 0.0581806190 -0.4381357729 -0.0332294106 0.8982943892
82.4 308.0 2689.7 0.8978486657 -0.0646960139 0.4355251491 0.0436438248 0.9973515868 0.0581806190 -0.4381357729 -0.0332294106 0.8982943892
94.3 109.7 2694.8 0.8979256749 -0.0597705878 0.4360698462 0.0424092561 0.9978758693 0.0494491123 -0.4380991757 -0.0259082299 0.8985531926
-43.9 302.0 2751.3 0.4660587907 -0.8831984401 -0.0524381697 0.8556253910 0.4650054574 -0.2273215652 0.2251540720 0.0610777810 0.9724068642
-154.5 99.0 2697.9 -0.1896181852 -0.8831984401 -0.4289586246 -0.4731508493 0.4650054574 -0.7482634783 0.8603332043 0.0610777810 -0.5060595870
208.7 314.0 2628.1 0.2519347966 0.6389800310 0.7267966866 -0.9659351110 0.2119359672 0.1485006958 -0.0591453835 -0.7394509315 0.6706072688
274.3 62.5 2612.6 -0.0338291116 0.6383280158 0.7690207362 -0.9620625973 0.1876317263 -0.1980652809 -0.2707233131 -0.7465465069 0.6077641249
25.8 -94.6 2740.6 0.8245878816 0.0484503061 0.5636553764 -0.0227472205 0.9983597994 -0.0525387600 -0.5652763247 0.0305012353 0.8243374825
6.6 -491.5 2728.4 0.8292357326 -0.0074364007 0.5588495731 -0.1180608049 0.9750174284 0.1881559342 -0.5462872386 -0.2220038474 0.8076413274
188.4 -85.2 2656.1 0.8151731491 -0.0118422871 0.5790962577 0.0733672082 0.9938491583 -0.0829525813 -0.5745519996 0.1101073995 0.8110280037
193.1 -480.2 2612.3 0.8238819242 -0.1330009401 0.5509349108 0.0188064147 0.9779556394 0.2079642266 -0.5664493442 -0.1609768569 0.8082212806
-103.2 227.1 2464.9 0 0 0 0 0 0 0 0 0
265.0 -202.5 2538.1 0 0 0 0 0 0 0 0 0
8.6 -759.1 2789.4 0 0 0 0 0 0 0 0 0
230.4 -754.2 2657.4 0 0 0 0 0 0 0 0 0
71.9 505.6 2689.4 47 0.9067185521 -0.0584444925 0.4176669419 0.0489052050 0.9982409477 0.0335157625 -0.4188910723 -0.0099632768 0.9079818130
83.6 305.4 2691.4 0.9067185521 -0.0584444925 0.4176669419 0.0489052050 0.9982409477 0.0335157625 -0.4188910723 -0.0099632768 0.9079818130
94.7 107.0 2692.8 0.9067984819 -0.0555366315 0.4178901911 0.0475054309 0.9984321594 0.0296051614 -0.4188791811 -0.0069938614 0.9080150723
-43.9 298.8 2750.3 0.4207872748 -0.9060048461 -0.0457523614 0.8749336600 0.4186461866 -0.2433648556 0.2396437973 0.0623745583 0.9688551426
-143.0 92.9 2693.9 -0.1553088278 -0.9060048461 -0.3937440515 -0.4658951759 0.4186461866 -0.7795364261 0.8711032271 0.0623745583 -0.4871227443
211.2 312.1 2632.5 0.2444260269 0.6544215083 0.7155336738 -0.9663869143 0.2250555754 0.1242833138 -0.0797011703 -0.7218604088 0.6874338388
274.3 62.6 2611.9 -0.0348641872 0.6535210013 0.7561050057 -0.9620253444 0.1829993129 -0.2025302351 -0.2707244754 -0.7344532013 0.6223236322
23.7 -92.6 2740.1 0.8353890181 0.0439036936 0.5479029417 -0.0238166377 0.9987599850 -0.0437177718 -0.5491428971 0.0234721415 0.8353987932
6.3 -489.7 2730.8 0.8392532468 -0.0049336529 0.5437183976 -0.1123590842 0.9768030047 0.1822946072 -0.5320051312 -0.2140830308 0.8192307353
188.5 -84.8 2659.8 0.8270087242 -0.0086886613 0.5621219277 0.0757048428 0.9924945831 -0.0960380808 -0.5570685267 0.1219796836 0.8214594126
191.9 -479.3 2611.3 0.8350899220 -0.1383521408 0.5324317217 0.0262550600 0.9767786860 0.2126358747 -0.5494865775 -0.1635910571 0.8193305135
-102.1 215.4 2464.8 0 0 0 0 0 0 0 0 0
264.7 -202.3 2537.3 0 0 0 0 0 0 0 0 0
7.7 -761.6 2790.4 0 0 0 0 0 0 0 0 0
231.2 -757.0 2657.8 0 0 0 0 0 0 0 0 0
72.6 502.0 2692.1 48 0.9199643135 -0.0588829815 0.3875544667 0.0556936339 0.9982581139 0.0194663201 -0.3880256116 0.0036759956 0.9216412306
84.4 302.4 2691.3 0.9199643135 -0.0588829815 0.3875544667 0.0556936339 0.9982581139 0.0194663201 -0.3880256116 0.0036759956 0.9216412306
95.2 104.0 2690.1 0.9201684594 -0.0538656041 0.3877995312 0.0520778336 0.9985284805 0.0151262600 -0.3880436420 0.0062770508 0.9216195941
-45.0 295.2 2745.9 0.4037758410 -0.9134076238 -0.0514935143 0.8873749971 0.4047177434 -0.2208372951 0.2225548029 0.0434747040 0.9739503860
-137.9 91.0 2694.7 -0.1461921483 -0.9134076238 -0.3798873127 -0.4258564711 0.4047177434 -0.8092278838 0.8929020762 0.0434747040 -0.4481471181
213.8 309.7 2636.8 0.2329886705 0.6774281263 0.6977158189 -0.9669761062 0.2376013994 0.0922103301 -0.1033123881 -0.6961585283 0.7104152441
273.9 60.2 2610.1 -0.0355336182 0.6765373349 0.7355505228 -0.9617623687 0.1768565774 -0.2091290355 -0.2715705633 -0.7148559093 0.6443837881
22.6 -95.8 2732.5 0.8521079421 0.0443463810 0.5214838982 -0.0369018689 0.9990146756 -0.0246571600 -0.5220634937 0.0017668307 0.8529047966
4.9 -492.9 2731.8 0.8547266126 -0.0125727942 0.5189261436 -0.1005174294 0.9767746925 0.1892286986 -0.5092530251 -0.2138999254 0.8336115479
188.9 -87.1 2655.7 0.8451836109 -0.0057622204 0.5344449878 0.0626810566 0.9941102862 -0.0884070769 -0.5307878256 0.1082197875 0.8405669332
191.2 -482.3 2612.7 0.8487252593 -0.1443946809 0.5087392330 0.0402477458 0.9768484235 0.2101124376 -0.5273002386 -0.1578521281 0.8348875046
-99.9 201.8 2462.5 0 0 0 0 0 0 0 0 0
264.2 -204.7 2535.3 0 0 0 0 0 0 0 0 0
8.4 -761.1 2790.6 0 0 0 0 0 0 0 0 0
230.9 -751.0 2656.1 0 0 0 0 0 0 0 0 0
71.1 502.9 2695.4 49 0.9248311520 -0.0628889054 0.3751431108 0.0640847087 0.9979011416 0.0093014492 -0.3749406934 0.0154386666 0.9269202352
83.6 303.3 2692.3 0.9248311520 -0.0628889054 0.3751431108 0.0640847087 0.9979011416 0.0093014492 -0.3749406934 0.0154386666 0.9269202352
95.8 105.0 2688.9 0.9249003530 -0.0608494654 0.3753088415 0.0629686341 0.9979934692 0.0066283075 -0.3749591112 0.0175021607 0.9268761277
-46.5 294.5 2745.1 0.3784972131 -0.9242236614 -0.0505024083 0.9037029147 0.3807899952 -0.1957551241 0.2001523226 0.0284535941 0.9793515205
-131.2 92.2 2700.3 -0.1256678998 -0.9242236614 -0.3605803847 -0.3736816645 0.3807899952 -0.8457901478 0.9190046787 0.0284535941 -0.3932185173
213.8 312.2 2639.6 0.2269170880 0.6857292056 0.6915808320 -0.9662062526 0.2476694882 0.0714515224 -0.1222870797 -0.6844233274 0.7187563181
273.6 57.5 2607.4 -0.0351951718 0.6851120591 0.7275869250 -0.9631342888 0.1710421145 -0.2076462507 -0.2667089701 -0.7080720663 0.6538350582
21.6 -99.2 2724.4 0.8584017754 0.0399024859 0.5114237070 -0.0469666272 0.9988960624 0.0008951427 -0.5108234286 -0.0247882381 0.8593282104
5.7 -496.2 2734.3 0.8600719571 -0.0093321521 0.5100873113 -0.0983449370 0.9780474901 0.1837156266 -0.5006040931 -0.2081731707 0.8402734399
190.3 -89.7 2653.3 0.8519542217 -0.0017477733 0.5236133337 0.0506784953 0.9955749512 -0.0791341960 -0.5211580396 0.0939546525 0.8482728601
191.0 -485.5 2615.9 0.8512909412 -0.1524039805 0.5020724535 0.0549865179 0.9775303602 0.2034965008 -0.5218048096 -0.1456275135 0.8405429125
-99.0 187.9 2464.8 0 0 0 0 0 0 0 0 0
263.9 -207.8 2533.9 0 0 0 0 0 0 0 0 0
8.2 -759.8 2790.3 0 0 0 0 0 0 0 0 0
232.6 -752.2 2655.6 0 0 0 0 0 0 0 0 0
70.1 505.7 2695.6 50 0.9248908758 -0.0653688237 0.3745714724 0.0657920241 0.9977650642 0.0116727632 -0.3744973838 0.0138477832 0.9271245599
83.2 306.2 2692.8 0.9248908758 -0.0653688237 0.3745714724 0.0657920241 0.9977650642 0.0116727632 -0.3744973838 0.0138477832 0.9271245599
95.6 107.8 2689.3 0.9249951243 -0.0620986409 0.3748704195 0.0641602203 0.9979150891 0.0069925077 -0.3745230734 0.0175837334 0.9270508289
-47.0 297.1 2745.5 0.3645403981 -0.9290736318 -0.0627093017 0.9163499475 0.3698913455 -0.1532422453 0.1655689627 -0.0016006759 0.9861969352
-126.0 98.5 2709.6 -0.1177790239 -0.9290736318 -0.3506426513 -0.2917234898 0.3698913455 -0.8820871711 0.9492236376 -0.0016006759 -0.3145980537
213.3 315.2 2640.1 0.2281165868 0.6863662601 0.6905535460 -0.9663958549 0.2459373027 0.0747919679 -0.1184981987 -0.6844093800 0.7194039226
273.6 60.1 2608.9 -0.0350334086 0.6856974959 0.7270430923 -0.9624854326 0.1727106273 -0.2092673630 -0.2690621614 -0.7070997357 0.6539232135
23.1 -99.2 2719.8 0.8582436442 0.0417467058 0.5115418434 -0.0570848770 0.9982668161 0.0143065155 -0.5100580454 -0.0414797813 0.8591392636
6.5 -495.9 2736.3 0.8591830730 0.0009523337 0.5116674304 -0.1040894985 0.9794127941 0.1729623675 -0.5009688735 -0.2018655390 0.8415939808
192.7 -87.6 2651.0 0.8521317244 0.0017805065 0.5233243108 0.0524359420 0.9946713448 -0.0887658969 -0.5206937194 0.1030812413 0.8474977016
192.0 -483.1 2610.0 0.8543390632 -0.1445653588 0.4992049336 0.0381643660 0.9753918052 0.2171503901 -0.5183128119 -0.1664682329 0.8388326168
-95.4 174.2 2463.4 0 0 0 0 0 0 0 0 0
263.9 -205.0 2534.8 0 0 0 0 0 0 0 0 0
6.2 -764.6 2791.6 0 0 0 0 0 0 0 0 0
232.4 -755.3 2656.5 0 0 0 0 0 0 0 0 0
72.7 504.3 2697.2 51 0.9281265140 -0.0609738305 0.3672375381 0.0644983649 0.9979141951 0.0026794863 -0.3666349351 0.0211993195 0.9301233292
84.9 304.7 2693.0 0.9281265140 -0.0609738305 0.3672375381 0.0644983649 0.9979141951 0.0026794863 -0.3666349351 0.0211993195 0.9301233292
96.1 106.3 2687.9 0.9282983541 -0.0561580025 0.3675710559 0.0615700036 0.9980982542 -0.0030038536 -0.3667033315 0.0254198238 0.9299905896
-45.7 296.1 2744.6 0.3919443190 -0.9161835313 -0.0835907981 0.9062668681 0.4001357257 -0.1362784356 0.1583037227 -0.0223420113 0.9871376753
-129.5 102.2 2710.7 -0.1156543568 -0.9161835313 -0.3837080002 -0.2106113583 0.4001357257 -0.8919272423 0.9707043171 -0.0223420113 -0.2392361015
215.5 313.4 2641.4 0.2281634212 0.6907271147 0.6861760020 -0.9642009735 0.2581112087 0.0607875735 -0.1351221055 -0.6754810214 0.7248913050
274.2 65.6 2606.6 -0.0376071148 0.6904568672 0.7223953605 -0.9654242992 0.1615068167 -0.2046252191 -0.2579566538 -0.7051134109 0.6605100036
23.1 -96.5 2720.2 0.8616612554 0.0421162508 0.5057331920 -0.0630274862 0.9977159500 0.0242979620 -0.5035547614 -0.0528117046 0.8623476624
6.3 -493.1 2741.2 0.8620935082 0.0004343585 0.5067490339 -0.0946848616 0.9825266004 0.1602379680 -0.4978248179 -0.1861215830 0.8470709324
192.8 -84.7 2651.5 0.8565336466 0.0027610075 0.5160837770 0.0538955405 0.9940394163 -0.0947673544 -0.5132693052 0.1089860424 0.8512794375
191.7 -479.9 2608.2 0.8603416085 -0.1382497251 0.4906111658 0.0290445127 0.9742478728 0.2236013114 -0.5088896751 -0.1781239510 0.8422013521
-99.9 156.3 2461.5 0 0 0 0 0 0 0 0 0
263.8 -200.3 2535.6 0 0 0 0 0 0 0 0 0
6.2 -764.6 2792.6 0 0 0 0 0 0 0 0 0
231.0 -757.1 2658.8 0 0 0 0 0 0 0 0 0
73.1 500.5 2698.0 52 0.9281636477 -0.0585333966 0.3675405085 0.0628251955 0.9980245233 0.0002875824 -0.3668312728 0.0228238814 0.9300074577
84.8 300.9 2693.4 0.9281636477 -0.0585333966 0.3675405085 0.0628251955 0.9980245233 0.0002875824 -0.3668312728 0.0228238814 0.9300074577
95.7 102.5 2687.8 0.9282515645 -0.0546465628 0.3679168820 0.0612755939 0.9981006980 -0.0063503319 -0.3668710589 0.0284390319 0.9298369884
-45.8 292.3 2745.1 0.3708634079 -0.9233391285 -0.0995246619 0.9150330424 0.3816156983 -0.1307056248 0.1586657912 -0.0425944254 0.9864131212
-123.7 100.2 2711.7 -0.1083242595 -0.9233391285 -0.3683893085 -0.1524494439 0.3816156983 -0.9116625786 0.9823568463 -0.0425944254 -0.1821007729
215.5 309.5 2641.8 0.2276493013 0.6924607158 0.6845976710 -0.9654070139 0.2523013949 0.0658276230 -0.1271418929 -0.6759009957 0.7259426713
273.9 61.9 2609.2 -0.0374604501 0.6916462183 0.7212643027 -0.9589967132 0.1780280769 -0.2205251157 -0.2809306681 -0.6999510527 0.6566174626
22.1 -97.7 2716.5 0.8614773154 0.0419454575 0.5060606599 -0.0604327023 0.9979687333 0.0201579593 -0.5041871667 -0.0479482375 0.8622623086
5.4 -494.5 2735.5 0.8622426391 -0.0050092665 0.5064706206 -0.0964807943 0.9800173044 0.1739469618 -0.4972213209 -0.1988491714 0.8445294499
192.4 -86.5 2649.2 0.8564186692 0.0020249498 0.5162780285 0.0536917262 0.9942206144 -0.0929651111 -0.5134825110 0.1073369160 0.8513603806
191.6 -481.8 2606.5 0.8616365790 -0.1342988908 0.4894345999 0.0197285414 0.9724881649 0.2321152985 -0.5071421862 -0.1903432012 0.8405809402
-95.9 139.3 2459.9 0 0 0 0 0 0 0 0 0
263.6 -202.2 2531.8 0 0 0 0 0 0 0 0 0
6.8 -763.4 2790.1 0 0 0 0 0 0 0 0 0
229.6 -756.8 2660.4 0 0 0 0 0 0 0 0 0
74.8 501.3 2697.9 53 0.9292643070 -0.0571550503 0.3649674058 0.0626212656 0.9980323911 -0.0031485439 -0.3640693128 0.0257805511 0.9310149550
86.3 301.6 2692.7 0.9292643070 -0.0571550503 0.3649674058 0.0626212656 0.9980323911 -0.0031485439 -0.3640693128 0.0257805511 0.9310149550
96.6 103.2 2686.8 0.9294438362 -0.0520684533 0.3652712107 0.0593398474 0.9981999397 -0.0087012844 -0.3641606271 0.0297624934 0.9308604598
-44.5 293.3 2744.0 0.3533488214 -0.9298201203 -0.1028549895 0.9238994718 0.3641095459 -0.1176181436 0.1468141973 -0.0534674376 0.9877179861
-119.6 96.9 2712.8 -0.1037111878 -0.9298201203 -0.3530984521 -0.1198572814 0.3641095459 -0.9236116409 0.9873592257 -0.0534674376 -0.1492079496
217.1 310.0 2641.5 0.2230353653 0.6925308704 0.6860439181 -0.9637801647 0.2622286081 0.0486203060 -0.1462292820 -0.6720395684 0.7259337306
274.8 60.4 2603.6 -0.0386773907 0.6923504472 0.7205240726 -0.9653651118 0.1602984965 -0.2058509141 -0.2580198944 -0.7035305500 0.6621710658
21.4 -101.5 2715.8 0.8627465963 0.0420519374 0.5038849115 -0.0616939925 0.9978446960 0.0223562513 -0.5018587708 -0.0503744483 0.8634814620
4.7 -498.3 2735.8 0.8635989428 -0.0147774927 0.5039628148 -0.0915734023 0.9783473015 0.1856093705 -0.4957934916 -0.2064416409 0.8435465097
