87.8 498.3 2699.8 1 0.9598896503 -0.0471802652 0.2763800621 0.0344952792 0.9981239438 0.0505828597 -0.2782480717 -0.0390201546 0.9597163200
97.2 299.3 2707.6 0.9598896503 -0.0471802652 0.2763800621 0.0344952792 0.9981239438 0.0505828597 -0.2782480717 -0.0390201546 0.9597163200
106.2 100.9 2715.5 0.9599638581 -0.0456731804 0.2763753235 0.0328988172 0.9981727004 0.0506848656 -0.2781852186 -0.0395632200 0.9597123265
-37.9 294.7 2746.8 0.3103308082 -0.9409328699 -0.1354258657 0.9283117652 0.3306415379 -0.1700394005 0.2047730684 -0.0729489625 0.9760873318
-107.9 85.2 2700.6 -0.2304505855 -0.9409328699 -0.2480683476 -0.4675242603 0.3306415379 -0.8198153377 0.8534129262 -0.0729489625 -0.5161054730
232.2 304.0 2668.5 0.1907511652 0.7605018616 0.6206858754 -0.9768977165 0.2091327012 0.0439812951 -0.0963578597 -0.6147360802 0.7828248143
285.5 31.2 2641.6 -0.0020900837 0.7605782151 0.6492429376 -0.9541736245 0.1927675456 -0.2288959622 -0.2992462516 -0.6199689507 0.7253207564
27.9 -98.7 2750.5 0.8981204629 0.0170904193 0.4394173324 -0.0138213821 0.9998478889 -0.0106380722 -0.4395322800 0.0034809150 0.8982200623
21.1 -496.1 2749.1 0.8976775408 0.0502769873 0.4377753437 -0.1150498092 0.9857521057 0.1227044538 -0.4253687561 -0.1605149955 0.8906718493
202.8 -92.4 2695.4 0.8809118867 -0.0446733572 0.4711671770 0.1233220473 0.9828110337 -0.1373830587 -0.4569309652 0.1791276783 0.8712791800
220.6 -483.1 2624.2 0.8969764113 -0.0411951505 0.4401547909 -0.0239187088 0.9896680117 0.1413685381 -0.4414308369 -0.1373321861 0.8867235780
-51.1 200.4 2490.2 0 0 0 0 0 0 0 0 0
284.9 -235.4 2558.0 0 0 0 0 0 0 0 0 0
6.8 -776.3 2794.7 0 0 0 0 0 0 0 0 0
232.0 -756.4 2662.1 0 0 0 0 0 0 0 0 0
88.8 499.8 2697.8 2 0.9560145140 -0.0444331132 0.2899343669 0.0298241619 0.9980620146 0.0546146743 -0.2917991877 -0.0435653701 0.9554869533
97.7 300.7 2706.5 0.9560145140 -0.0444331132 0.2899343669 0.0298241619 0.9980620146 0.0546146743 -0.2917991877 -0.0435653701 0.9554869533
106.1 102.3 2715.3 0.9561071396 -0.0423857644 0.2899354696 0.0276945755 0.9981247783 0.0545890369 -0.2917055786 -0.0441633277 0.9554880857
-36.8 296.8 2747.5 0.3424414396 -0.9280761480 -0.1463166326 0.9198287129 0.3628988564 -0.1490623355 0.1914393306 -0.0835411102 0.9779426455
-115.3 86.0 2703.7 -0.2617357671 -0.9280761480 -0.2648944855 -0.4760957658 0.3628988564 -0.8010225892 0.8395398855 -0.0835411102 -0.5368367434
232.2 304.6 2665.5 0.1845683604 0.7538177371 0.6306293607 -0.9791051745 0.1967615038 0.0513606593 -0.0853670016 -0.6269320250 0.7743828297
284.0 29.7 2641.5 0.0047169123 0.7538195252 0.6570645571 -0.9558767080 0.1964028925 -0.2184618711 -0.2937301993 -0.6270422339 0.7214849591
27.2 -100.5 2748.9 0.8919115067 0.0131333051 0.4520191848 -0.0153593160 0.9998812675 0.0012552689 -0.4519490302 -0.0080622947 0.8920073509
22.0 -498.0 2752.1 0.8906857967 0.0586155020 0.4508248866 -0.1197937131 0.9868671894 0.1083632261 -0.4385525286 -0.1505235732 0.8860103488
203.3 -94.5 2697.8 0.8745577335 -0.0446048751 0.4828655720 0.1259872168 0.9824663401 -0.1374301910 -0.4682691097 0.1810255200 0.8648432493
221.0 -485.1 2625.9 0.8901357651 -0.0400942676 0.4539281726 -0.0200925376 0.9916998744 0.1269949079 -0.4552522898 -0.1221632734 0.8819419146
-49.3 206.1 2492.0 0 0 0 0 0 0 0 0 0
285.4 -237.4 2559.4 0 0 0 0 0 0 0 0 0
5.6 -773.0 2794.0 0 0 0 0 0 0 0 0 0
232.0 -757.2 2659.4 0 0 0 0 0 0 0 0 0
87.2 500.4 2696.8 3 0.9529611468 -0.0465910211 0.2994901538 0.0300359111 0.9977675080 0.0596478693 -0.3016005754 -0.0478466414 0.9522330761
96.5 301.2 2706.4 0.9529611468 -0.0465910211 0.2994901538 0.0300359111 0.9977675080 0.0596478693 -0.3016005754 -0.0478466414 0.9522330761
104.8 102.8 2715.5 0.9531494975 -0.0415540449 0.2996320128 0.0257714503 0.9980735779 0.0564357191 -0.3013999164 -0.0460697226 0.9523841739
-37.6 297.6 2748.8 0.3554937243 -0.9253506064 -0.1317213178 0.9138136506 0.3737000823 -0.1590371579 0.1963893920 -0.0638320297 0.9784460664
-119.3 87.6 2703.6 -0.2647332251 -0.9253506064 -0.2713717222 -0.5164225101 0.3737000823 -0.7704907656 0.8143857121 -0.0638320297 -0.5768026710
230.6 304.8 2663.9 0.1906650811 0.7472534776 0.6365996003 -0.9784924984 0.1966837198 0.0621925630 -0.0787351727 -0.6347659230 0.7686826587
284.3 29.5 2641.8 -0.0120941084 0.7471916676 0.6644985676 -0.9539280534 0.1906187385 -0.2317019850 -0.2997916639 -0.6366860271 0.7104616761
26.8 -98.7 2750.8 0.8874199390 0.0094675226 0.4608646631 -0.0062467316 0.9999442697 -0.0085133892 -0.4609195888 0.0046760538 0.8874295950
23.0 -496.2 2749.0 0.8863548636 0.0626265183 0.4587515295 -0.1264730245 0.9858776927 0.1097715944 -0.4453982711 -0.1553162783 0.8817580342
202.2 -93.6 2697.3 0.8697068095 -0.0448272936 0.4915288687 0.1292516887 0.9817990065 -0.1391569823 -0.4763445258 0.1845567077 0.8596712947
220.0 -483.9 2623.9 0.8863745928 -0.0397679843 0.4612576365 -0.0234978702 0.9911555052 0.1306085140 -0.4623720646 -0.1266066432 0.8776006103
-50.6 221.6 2492.3 0 0 0 0 0 0 0 0 0
280.9 -237.1 2558.0 0 0 0 0 0 0 0 0 0
5.7 -768.7 2791.9 0 0 0 0 0 0 0 0 0
231.1 -760.6 2659.3 0 0 0 0 0 0 0 0 0
86.6 498.8 2697.3 4 0.9548688531 -0.0469351150 0.2932960689 0.0311258398 0.9978113174 0.0583413802 -0.2953923941 -0.0465792827 0.9542398453
96.0 299.9 2706.6 0.9548688531 -0.0469351150 0.2932960689 0.0311258398 0.9978113174 0.0583413802 -0.2953923941 -0.0465792827 0.9542398453
104.3 101.5 2715.7 0.9550836086 -0.0416745469 0.2933914661 0.0262888148 0.9980738163 0.0561920181 -0.2951681316 -0.0459551588 0.9543395042
-38.4 296.2 2748.1 0.4234824777 -0.8908026814 -0.1647215039 0.8766748905 0.4488031864 -0.1732537299 0.2282624245 -0.0710372850 0.9710046053
-131.8 102.8 2697.7 -0.3158137500 -0.8908026814 -0.3266990483 -0.4991169572 0.4488031864 -0.7412543297 0.8069348931 -0.0710372850 -0.5863529444
230.4 303.6 2665.0 0.1965855062 0.7497783899 0.6318120956 -0.9768959880 0.2048760056 0.0608281866 -0.0838354751 -0.6291726232 0.7727311254
285.2 31.1 2641.7 -0.0092706457 0.7497305274 0.6616783142 -0.9510025978 0.1978946924 -0.2375536412 -0.3090438247 -0.6314600706 0.7111610770
25.6 -98.0 2752.3 0.8904089928 0.0109018357 0.4550307393 -0.0057130568 0.9999020696 -0.0127767418 -0.4551254511 0.0087769097 0.8903840780
21.2 -495.6 2748.8 0.8893277645 0.0615362339 0.4531107843 -0.1222556308 0.9868291020 0.1059334353 -0.4406241477 -0.1496048868 0.8851376772
200.5 -93.3 2697.0 0.8725820780 -0.0519606434 0.4856959879 0.1329477429 0.9820519090 -0.1337869316 -0.4700270295 0.1813122630 0.8638289571
221.1 -483.7 2624.9 0.8899668455 -0.0358501971 0.4546138346 -0.0269737095 0.9910212755 0.1309551299 -0.4552267492 -0.1288083494 0.8810091019
-50.8 230.9 2490.6 0 0 0 0 0 0 0 0 0
282.7 -234.7 2555.3 0 0 0 0 0 0 0 0 0
4.2 -768.2 2790.2 0 0 0 0 0 0 0 0 0
231.1 -759.5 2660.8 0 0 0 0 0 0 0 0 0
84.1 497.8 2697.5 5 0.9622052908 -0.0592653677 0.2657981217 0.0445290990 0.9971357584 0.0611346848 -0.2686599791 -0.0469883643 0.9620882869
95.9 298.8 2706.9 0.9622052908 -0.0592653677 0.2657981217 0.0445290990 0.9971357584 0.0611346848 -0.2686599791 -0.0469883643 0.9620882869
106.9 100.5 2715.9 0.9624129534 -0.0549411513 0.2659751773 0.0409021154 0.9974758625 0.0580420606 -0.2684927285 -0.0449814834 0.9622309208
-39.4 293.0 2744.7 0.4551246464 -0.8733955026 -0.1733257174 0.8567218781 0.4825701714 -0.1820813566 0.2426708639 -0.0656222180 0.9678866267
-135.9 111.4 2693.2 -0.3346320689 -0.8733955026 -0.3538384438 -0.4967498779 0.4825701714 -0.7213636637 0.8007876873 -0.0656222180 -0.5953425765
231.3 304.5 2669.1 0.1901196837 0.7654103041 0.6148183346 -0.9768831730 0.2098345160 0.0408498198 -0.0977432281 -0.6083720326 0.7876101136
285.0 28.8 2641.6 -0.0059470008 0.7653915882 0.6435374022 -0.9486234188 0.1992731094 -0.2457719296 -0.3163514435 -0.6119362116 0.7248833179
24.9 -99.3 2751.9 0.9026608467 0.0057416526 0.4303143024 -0.0024811043 0.9999638200 -0.0081378873 -0.4303454459 0.0062780976 0.9026424289
22.7 -496.9 2749.4 0.9009925127 0.0713073164 0.4279342890 -0.1307082474 0.9851833582 0.1110366061 -0.4136760235 -0.1559776962 0.8969632983
200.2 -94.5 2697.8 0.8842106462 -0.0538091511 0.4639785290 0.1316054314 0.9817980528 -0.1369399726 -0.4481646121 0.1821458787 0.8751978874
221.6 -484.9 2625.3 0.9012097120 -0.0314508751 0.4322405457 -0.0292680282 0.9906694889 0.1331065595 -0.4323938489 -0.1326077580 0.8918804526
-51.4 236.8 2491.1 0 0 0 0 0 0 0 0 0
283.3 -236.3 2553.1 0 0 0 0 0 0 0 0 0
2.8 -770.8 2792.8 0 0 0 0 0 0 0 0 0
230.3 -758.8 2662.0 0 0 0 0 0 0 0 0 0
83.6 494.8 2698.2 6 0.9599199295 -0.0664159656 0.2722914219 0.0521584190 0.9968779683 0.0592773184 -0.2753782868 -0.0426991880 0.9603872299
96.8 295.8 2706.7 0.9599199295 -0.0664159656 0.2722914219 0.0521584190 0.9968779683 0.0592773184 -0.2753782868 -0.0426991880 0.9603872299
108.8 97.6 2715.5 0.9603192210 -0.0603388250 0.2722980380 0.0458771251 0.9971929789 0.0591732785 -0.2751041353 -0.0443329848 0.9603917599
-38.3 289.4 2745.4 0.5138266087 -0.8378358483 -0.1844270229 0.8179035783 0.5432914495 -0.1893888265 0.2588743865 -0.0535305031 0.9644265175
-145.7 118.4 2691.3 -0.3651615977 -0.8378358483 -0.4058178365 -0.4848283231 0.5432914495 -0.6854019761 0.7947317362 -0.0535305031 -0.6045957208
232.0 302.3 2668.0 0.1867304742 0.7625749707 0.6193634868 -0.9783957601 0.2012962699 0.0471335575 -0.0887326971 -0.6147838831 0.7836882472
283.8 30.8 2643.3 0.0009043916 0.7625862360 0.6468859315 -0.9473943710 0.2077006400 -0.2435249090 -0.3200673759 -0.6126358509 0.7226577401
29.5 -101.5 2749.5 0.8994956017 0.0196275618 0.4364887774 -0.0155092254 0.9997952580 -0.0129970433 -0.4366545081 0.0049211797 0.8996158242
21.7 -499.0 2747.5 0.8979775906 0.0648825541 0.4352315664 -0.1292037070 0.9843508601 0.1198323816 -0.4206455350 -0.1638403237 0.8923080564
206.0 -94.0 2700.2 0.8809278607 -0.0353050195 0.4719318748 0.1254855990 0.9789441228 -0.1610022932 -0.4563107789 0.2010520548 0.8668094277
220.1 -483.1 2620.3 0.8984902501 -0.0362109654 0.4374974072 -0.0340611264 0.9878374934 0.1517132223 -0.4376700222 -0.1512145102 0.8863289952
-53.5 240.7 2490.6 0 0 0 0 0 0 0 0 0
284.0 -234.0 2553.9 0 0 0 0 0 0 0 0 0
3.7 -772.1 2793.0 0 0 0 0 0 0 0 0 0
230.1 -757.3 2662.3 0 0 0 0 0 0 0 0 0
81.9 495.8 2697.0 7 0.9590023160 -0.0749122649 0.2733179927 0.0585472807 0.9959959388 0.0675598904 -0.2772846818 -0.0487880632 0.9595482945
96.8 297.4 2706.7 0.9590023160 -0.0749122649 0.2733179927 0.0585472807 0.9959959388 0.0675598904 -0.2772846818 -0.0487880632 0.9595482945
110.2 99.2 2715.9 0.9594801068 -0.0672577471 0.2736317217 0.0518505014 0.9966554046 0.0631625280 -0.2769647241 -0.0464152507 0.9597584009
-38.2 290.1 2745.7 0.5044554472 -0.8492878675 -0.1556754410 0.8223501444 0.5275328159 -0.2131885886 0.2631823719 -0.0204755720 0.9645287991
-143.0 119.2 2691.0 -0.3459700346 -0.8492878675 -0.3987666965 -0.5268520713 0.5275328159 -0.6664353013 0.7763579488 -0.0204755720 -0.6299595833
231.8 304.7 2667.7 0.1928226352 0.7599497437 0.6207220554 -0.9772462249 0.2057024240 0.0517328233 -0.0883696824 -0.6165735722 0.7823221087
286.1 29.5 2642.8 -0.0073797577 0.7599549890 0.6499338150 -0.9454656839 0.2063520253 -0.2520188093 -0.3256381154 -0.6163499951 0.7169885039
32.7 -104.8 2749.6 0.8984715343 0.0322084725 0.4378486872 -0.0242510755 0.9994236231 -0.0237547960 -0.4383614361 0.0107247066 0.8987348080
19.9 -502.2 2745.3 0.8975253701 0.0555950999 0.4374441206 -0.1263304055 0.9828569889 0.1342862248 -0.4224793613 -0.1757877916 0.8891624212
208.9 -96.4 2699.1 0.8799704313 -0.0314078666 0.4739890099 0.1102171540 0.9840815067 -0.1394123882 -0.4620651603 0.1749204993 0.8694242835
221.4 -487.5 2629.6 0.8927865028 -0.0320208110 0.4493405521 -0.0260227434 0.9921389222 0.1224057004 -0.4497278035 -0.1209752336 0.8849349618
-53.4 255.8 2489.8 0 0 0 0 0 0 0 0 0
284.0 -234.8 2551.8 0 0 0 0 0 0 0 0 0
4.7 -770.7 2793.3 0 0 0 0 0 0 0 0 0
230.1 -756.1 2662.3 0 0 0 0 0 0 0 0 0
80.4 494.9 2696.9 8 0.9595569372 -0.0833381638 0.2688963711 0.0671611503 0.9953654408 0.0688257143 -0.2733859718 -0.0479828008 0.9607068896
97.0 295.9 2706.5 0.9595569372 -0.0833381638 0.2688963711 0.0671611503 0.9953654408 0.0688257143 -0.2733859718 -0.0479828008 0.9607068896
112.1 97.9 2715.6 0.9600822926 -0.0758986771 0.2692236006 0.0605906136 0.9960614443 0.0647334456 -0.2730764151 -0.0458370112 0.9608997107
-38.1 287.4 2744.9 0.5593518019 -0.8158875704 -0.1464685351 0.7892564535 0.5782105923 -0.2067529112 0.2533767819 0.0000463796 0.9673676491
-153.3 124.9 2692.7 -0.3757211864 -0.8158875704 -0.4395009279 -0.5302246213 0.5782105923 -0.6201083660 0.7600627542 0.0000463796 -0.6498496532
232.2 304.5 2668.0 0.1929122955 0.7611534595 0.6192174554 -0.9766108990 0.2100134343 0.0461030193 -0.0949525088 -0.6136283278 0.7838649750
286.2 31.1 2641.5 -0.0111625837 0.7610753775 0.6485673785 -0.9475623965 0.1991114169 -0.2499602139 -0.3193757534 -0.6173482537 0.7189438343
35.5 -103.6 2750.6 0.9000002742 0.0339209326 0.4345675111 -0.0297242571 0.9994227290 -0.0164520144 -0.4348747134 0.0018896213 0.9004889727
22.0 -501.0 2749.8 0.8980127573 0.0647864789 0.4351732731 -0.1284284890 0.9846212268 0.1184362471 -0.4208077788 -0.1622459143 0.8925228715
211.5 -94.1 2699.7 0.8811249733 -0.0191028379 0.4724974930 0.1077304035 0.9810183644 -0.1612362266 -0.4604486525 0.1929716021 0.8664577603
219.1 -484.0 2623.1 0.8948556781 -0.0374924093 0.4447781444 -0.0290621836 0.9894576669 0.1418765932 -0.4454084337 -0.1398853064 0.8843321800
-54.0 265.0 2491.9 0 0 0 0 0 0 0 0 0
283.0 -233.7 2552.2 0 0 0 0 0 0 0 0 0
4.4 -768.8 2793.9 0 0 0 0 0 0 0 0 0
229.6 -759.2 2662.0 0 0 0 0 0 0 0 0 0
78.2 496.3 2695.8 9 0.9617255926 -0.0911606774 0.2584059238 0.0740858316 0.9944213629 0.0750829726 -0.2638089955 -0.0530649945 0.9631142020
96.4 297.7 2706.4 0.9617255926 -0.0911606774 0.2584059238 0.0740858316 0.9944213629 0.0750829726 -0.2638089955 -0.0530649945 0.9631142020
113.0 99.8 2716.0 0.9622470140 -0.0836770535 0.2589958310 0.0681517795 0.9953295588 0.0683694407 -0.2635071874 -0.0481372587 0.9634556174
-39.0 288.1 2743.5 0.5656312108 -0.8147562146 -0.1274111420 0.7796653509 0.5786852837 -0.2392598689 0.2686694264 0.0359947942 0.9625596404
-154.0 129.6 2688.9 -0.3732393980 -0.8147562146 -0.4436942935 -0.5709821582 0.5786852837 -0.5823252797 0.7312124968 0.0359947942 -0.6811994314
231.8 307.3 2669.3 0.1908549815 0.7667740583 0.6128882170 -0.9769468904 0.2092130631 0.0424809009 -0.0956509635 -0.6068669558 0.7890268564
286.0 29.8 2642.2 -0.0118408455 0.7666858435 0.6419132948 -0.9470799565 0.1973423958 -0.2531710267 -0.3207793534 -0.6109409332 0.7237760425
39.1 -105.7 2749.8 0.9036307335 0.0514627509 0.4252094924 -0.0466169454 0.9986749291 -0.0218011420 -0.4257680178 -0.0001217866 0.9048323631
18.7 -502.7 2749.8 0.9022125602 0.0522422940 0.4281159639 -0.1179497838 0.9846822619 0.1284084618 -0.4148498476 -0.1663479060 0.8945546150
215.3 -94.5 2699.6 0.8850884438 -0.0108020511 0.4652975202 0.0997852385 0.9808876514 -0.1670397073 -0.4546002150 0.1942747384 0.8692502379
219.6 -484.4 2622.4 0.8975998163 -0.0372970998 0.4392305315 -0.0293457955 0.9891477823 0.1439634115 -0.4398333132 -0.1421111077 0.8867644072
-53.0 284.2 2490.9 0 0 0 0 0 0 0 0 0
282.7 -234.9 2552.5 0 0 0 0 0 0 0 0 0
4.5 -770.8 2795.1 0 0 0 0 0 0 0 0 0
229.8 -756.1 2661.4 0 0 0 0 0 0 0 0 0
80.3 498.8 2696.8 0 0.9720357656 -0.0840999782 0.2192569673 0.0715377852 0.9953417182 0.0646316111 -0.2236711234 -0.0471390821 0.9735240936
97.1 299.5 2706.2 0.9720357656 -0.0840999782 0.2192569673 0.0715377852 0.9953417182 0.0646316111 -0.2236711234 -0.0471390821 0.9735240936
112.7 101.5 2715.0 0.9724238515 -0.0785569251 0.2195920348 0.0667870492 0.9959295392 0.0605296865 -0.2234532237 -0.0441946052 0.9737122059
-39.6 290.1 2737.7 0.5544430614 -0.8268343806 -0.0945398062 0.7915225029 0.5590052605 -0.2469923943 0.2570700645 0.0621128343 0.9643946290
-151.5 130.4 2685.8 -0.3584272265 -0.8268343806 -0.4334452450 -0.6087953448 0.5590052605 -0.5629221201 0.7077415586 0.0621128343 -0.7037356496
233.9 308.9 2674.8 0.1893910617 0.7892630696 0.5841189027 -0.9747237563 0.2229210883 0.0148267625 -0.1185102016 -0.5721626282 0.8115326762
287.0 35.1 2641.5 -0.0107637169 0.7894465923 0.6137248874 -0.9486770630 0.1859361827 -0.2558116615 -0.3160633147 -0.5849801898 0.7469285131
41.4 -104.3 2749.8 0.9201167226 0.0560234822 0.3876165748 -0.0469689146 0.9983576536 -0.0328019671 -0.3888176382 0.0119757084 0.9212368727
19.1 -501.2 2745.0 0.9189318419 0.0485984795 0.3914109170 -0.1135536134 0.9829605818 0.1445479393 -0.3777166903 -0.1772758216 0.9087922573
217.9 -91.8 2701.4 0.9033051729 -0.0029379679 0.4289884865 0.0934592411 0.9773060679 -0.1901005059 -0.4186945558 0.2118117064 0.8830802441
219.1 -480.3 2617.2 0.9144196510 -0.0461769886 0.4021248519 -0.0185253099 0.9876556993 0.1555409282 -0.4043433070 -0.1496791691 0.9022763371
-52.0 299.3 2489.5 0 0 0 0 0 0 0 0 0
284.0 -230.0 2553.2 0 0 0 0 0 0 0 0 0
5.8 -769.7 2793.4 0 0 0 0 0 0 0 0 0
231.6 -748.6 2657.9 0 0 0 0 0 0 0 0 0
77.7 495.9 2696.3 1 0.9682370424 -0.0915752798 0.2326607555 0.0777316540 0.9946520329 0.0680083632 -0.2376443744 -0.0477631092 0.9701772332
96.0 296.9 2705.8 0.9682370424 -0.0915752798 0.2326607555 0.0777316540 0.9946520329 0.0680083632 -0.2376443744 -0.0477631092 0.9701772332
113.4 99.1 2714.9 0.9685497284 -0.0874961764 0.2329289168 0.0742572621 0.9951166511 0.0650286451 -0.2374812067 -0.0456868112 0.9703171849
-40.2 286.5 2739.3 0.5762466192 -0.8143283725 -0.0693481117 0.7785091996 0.5727566481 -0.2566578090 0.2487233132 0.0939100310 0.9640111923
-155.2 131.1 2689.6 -0.3592746258 -0.8143283725 -0.4558410347 -0.6245093942 0.5727566481 -0.5309781432 0.6934765577 0.0939100310 -0.7143326402
232.3 307.3 2672.4 0.1958916634 0.7797033787 0.5947176814 -0.9739945531 0.2251102030 0.0256898906 -0.1138465181 -0.5842841864 0.8035240769
286.4 38.3 2641.0 0.0056422488 0.7803508639 0.6253165007 -0.9534822702 0.1926722974 -0.2318381220 -0.3013962507 -0.5949200988 0.7451378107
39.2 -102.6 2744.3 0.9146113396 0.0519915856 0.4009775519 -0.0450407304 0.9986270070 -0.0267482288 -0.4018176794 0.0064039114 0.9156972766
18.6 -499.6 2741.7 0.9135478139 0.0481236763 0.4038743377 -0.1176560894 0.9817901254 0.1491481513 -0.3893423080 -0.1837722361 0.9025743008
217.5 -90.4 2703.3 0.8964369893 -0.0021402221 0.4431660771 0.0996349007 0.9753616452 -0.1968312263 -0.4318259358 0.2206016034 0.8745635152
218.4 -478.1 2615.6 0.9094189405 -0.0484376773 0.4130508006 -0.0225397572 0.9859938622 0.1652516574 -0.4152699709 -0.1595930606 0.8955897093
-53.1 308.5 2492.6 0 0 0 0 0 0 0 0 0
288.0 -228.1 2556.8 0 0 0 0 0 0 0 0 0
5.5 -766.6 2791.7 0 0 0 0 0 0 0 0 0
231.9 -752.6 2660.0 0 0 0 0 0 0 0 0 0
73.6 496.4 2697.5 2 0.9618697166 -0.0984971747 0.2551566660 0.0839544684 0.9941943288 0.0673000962 -0.2603041828 -0.0433123820 0.9645547271
93.3 297.7 2706.2 0.9618697166 -0.0984971747 0.2551566660 0.0839544684 0.9941943288 0.0673000962 -0.2603041828 -0.0433123820 0.9645547271
112.0 100.0 2714.2 0.9622000456 -0.0942327678 0.2555216551 0.0805460066 0.9947239757 0.0635336414 -0.2601604760 -0.0405508205 0.9647135139
-42.1 286.4 2742.8 0.5930507183 -0.8008822799 -0.0829363316 0.7516712546 0.5876232386 -0.2994816303 0.2885848582 0.1152669415 0.9504905343
-160.0 136.9 2685.4 -0.3803326488 -0.8008822799 -0.4625306726 -0.6478348970 0.5876232386 -0.4847771227 0.6600431800 0.1152669415 -0.7423318028
228.6 309.1 2669.6 0.2070635557 0.7650012970 0.6098341346 -0.9726486802 0.2280383408 0.0441931076 -0.1052577794 -0.6023051739 0.7912959456
286.6 36.5 2640.1 -0.0023111673 0.7657362819 0.6431505084 -0.9577364326 0.1833005399 -0.2216796428 -0.2876379788 -0.6164810061 0.7329499125
42.0 -105.5 2745.8 0.9043780565 0.0621193610 0.4221866429 -0.0510786064 0.9979931712 -0.0374249890 -0.4236641824 0.0122816330 0.9057360888
17.3 -502.3 2740.9 0.9034336209 0.0448752902 0.4263730347 -0.1190275326 0.9816645980 0.1488860250 -0.4118739963 -0.1852587610 0.8922101855
219.7 -91.9 2702.2 0.8853414655 0.0057764882 0.4649055302 0.1006500870 0.9738306999 -0.2037726045 -0.4539164007 0.2272011191 0.8615912795
217.4 -479.1 2611.9 0.8993708491 -0.0545794778 0.4337662160 -0.0235195886 0.9846993685 0.1726672202 -0.4365534186 -0.1654938757 0.8843262196
-51.7 321.4 2497.5 0 0 0 0 0 0 0 0 0
286.0 -231.2 2559.7 0 0 0 0 0 0 0 0 0
5.2 -767.8 2791.0 0 0 0 0 0 0 0 0 0
232.3 -747.8 2657.0 0 0 0 0 0 0 0 0 0
75.0 496.8 2696.2 3 0.9617508650 -0.0973435938 0.2560459375 0.0829511136 0.9943358302 0.0664486885 -0.2610639930 -0.0426677838 0.9643780589
94.4 298.2 2704.7 0.9617508650 -0.0973435938 0.2560459375 0.0829511136 0.9943358302 0.0664486885 -0.2610639930 -0.0426677838 0.9643780589
113.1 100.5 2712.9 0.9620552659 -0.0937825292 0.2562314272 0.0797832981 0.9947220683 0.0645182952 -0.2609297633 -0.0416271724 0.9644598961
-40.9 287.0 2741.4 0.6217994094 -0.7805175781 -0.0644812286 0.7257296443 0.6051847339 -0.3272123635 0.2944180369 0.1566645056 0.9427482486
-164.1 143.2 2683.1 -0.3915524185 -0.7805175781 -0.4873181880 -0.6686367393 0.6051847339 -0.4320605695 0.6321483850 0.1566645056 -0.7588442564
229.8 309.5 2668.0 0.2039438039 0.7655345798 0.6102161407 -0.9737548232 0.2229564637 0.0457385145 -0.1010372117 -0.6035289764 0.7909135818
286.6 38.5 2639.8 -0.0082729449 0.7662451267 0.6424950957 -0.9616026282 0.1701657325 -0.2153229415 -0.2743208110 -0.6196063757 0.7354155779
42.5 -105.2 2746.1 0.9043114781 0.0580576137 0.4229066670 -0.0477545299 0.9982482791 -0.0349271894 -0.4241936207 0.0113893505 0.9054998755
19.4 -502.1 2741.6 0.9029151797 0.0531392060 0.4265212715 -0.1246046871 0.9820756912 0.1414249241 -0.4113609791 -0.1808412522 0.8933524489
219.0 -90.4 2698.4 0.8850468397 0.0026253231 0.4654945731 0.0947082117 0.9780533910 -0.1855852157 -0.4557657838 0.2083377689 0.8653744459
217.9 -479.2 2615.6 0.8972322941 -0.0563883036 0.4379435480 -0.0173003860 0.9865617156 0.1624707282 -0.4412197769 -0.1533505768 0.8841995001
-51.8 335.1 2501.7 0 0 0 0 0 0 0 0 0
284.3 -230.2 2563.2 0 0 0 0 0 0 0 0 0
5.0 -768.9 2790.7 0 0 0 0 0 0 0 0 0
233.2 -746.5 2657.1 0 0 0 0 0 0 0 0 0
74.1 493.9 2695.5 4 0.9618741274 -0.0941230804 0.2567860186 0.0792004094 0.9945454001 0.0678730607 -0.2617737651 -0.0449477844 0.9640820622
92.9 295.2 2704.4 0.9618741274 -0.0941230804 0.2567860186 0.0792004094 0.9945454001 0.0678730607 -0.2617737651 -0.0449477844 0.9640820622
110.8 97.4 2713.0 0.9621726274 -0.0902473554 0.2570588589 0.0759790763 0.9949932098 0.0649287626 -0.2616314590 -0.0429415852 0.9642121196
-42.5 284.6 2741.3 0.6182173491 -0.7839155197 -0.0573038869 0.7193772793 0.5936810970 -0.3606093526 0.3167075217 0.1817118675 0.9309549928
-163.6 143.6 2679.2 -0.3873772025 -0.7839155197 -0.4851962030 -0.6964099407 0.5936810970 -0.4031822383 0.6041126251 0.1817118675 -0.7759051323
228.3 305.9 2667.6 0.2129132450 0.7632597089 0.6100021005 -0.9714796543 0.2320655584 0.0487122834 -0.1043803468 -0.6029760838 0.7909011245
287.6 35.5 2638.6 -0.0077460366 0.7642619014 0.6448594928 -0.9610272050 0.1725249738 -0.2160135955 -0.2763453126 -0.6214007139 0.7331401110
43.5 -104.6 2745.1 0.9035452008 0.0598974116 0.4242857397 -0.0569356866 0.9981840849 -0.0196675900 -0.4246933162 -0.0063864430 0.9053147435
19.7 -501.4 2747.7 0.9020251632 0.0524136387 0.4284896553 -0.1160997897 0.9854846001 0.1238585263 -0.4157780707 -0.1614710689 0.8950171471
220.0 -89.9 2697.3 0.8851092458 0.0041688643 0.4653646350 0.0931511074 0.9781368971 -0.1859329641 -0.4559654593 0.2079202086 0.8653696775
218.3 -478.8 2614.6 0.8974539042 -0.0550606921 0.4376583397 -0.0207192339 0.9858220220 0.1665102541 -0.4406214058 -0.1585032195 0.8835889697
-53.0 342.5 2506.7 0 0 0 0 0 0 0 0 0
285.4 -233.0 2561.3 0 0 0 0 0 0 0 0 0
5.6 -765.3 2790.9 0 0 0 0 0 0 0 0 0
233.4 -748.2 2657.9 0 0 0 0 0 0 0 0 0
72.2 492.7 2695.6 5 0.9618642330 -0.0956648663 0.2562527061 0.0809826106 0.9944426417 0.0672731996 -0.2612642944 -0.0439556688 0.9642660022
91.3 294.1 2704.4 0.9618642330 -0.0956648663 0.2562527061 0.0809826106 0.9944426417 0.0672731996 -0.2612642944 -0.0439556688 0.9642660022
109.3 96.3 2712.4 0.9622346163 -0.0905617326 0.2567160130 0.0770255998 0.9950793386 0.0623233877 -0.2610969245 -0.0401960164 0.9644753337
-44.1 283.2 2741.1 0.6184803843 -0.7831251621 -0.0647844225 0.7084497213 0.5913707018 -0.3852008581 0.3399721086 0.1923426688 0.9205559492
-164.9 144.9 2674.8 -0.4044164717 -0.7831251621 -0.4724005759 -0.7192766070 0.5913707018 -0.3645845652 0.5648791790 0.1923426688 -0.8024436235
226.7 304.9 2667.7 0.2174175829 0.7633712888 0.6082712412 -0.9707639217 0.2340552807 0.0532493852 -0.1017200425 -0.6020651460 0.7919410467
287.4 34.0 2639.3 -0.0030514633 0.7645615339 0.6445435286 -0.9606283307 0.1768275052 -0.2143017799 -0.2778199315 -0.6198207140 0.7339198589
40.5 -107.3 2745.5 0.9041994810 0.0498894975 0.4241866767 -0.0464398377 0.9987502694 -0.0184736382 -0.4245781898 -0.0029953066 0.9053863287
20.7 -504.4 2746.7 0.9024725556 0.0573072508 0.4269182682 -0.1230806932 0.9840964675 0.1280832440 -0.4127886593 -0.1681370139 0.8951734304
217.1 -93.4 2697.5 0.8852311969 -0.0035594818 0.4651376605 0.1025285050 0.9768697023 -0.1876525879 -0.4537109435 0.2138057947 0.8651204705
218.5 -481.8 2612.5 0.9002175331 -0.0485535711 0.4327250719 -0.0316753201 0.9838293195 0.1762853712 -0.4342868924 -0.1724018902 0.8841224313
-49.1 350.9 2513.0 0 0 0 0 0 0 0 0 0
286.5 -234.5 2561.6 0 0 0 0 0 0 0 0 0
5.3 -768.4 2791.8 0 0 0 0 0 0 0 0 0
231.9 -754.4 2660.3 0 0 0 0 0 0 0 0 0
71.3 493.8 2695.7 6 0.9617814422 -0.0938706547 0.2572251558 0.0789577663 0.9945746064 0.0677276552 -0.2621872425 -0.0448292792 0.9639751911
90.1 295.1 2704.7 0.9617814422 -0.0938706547 0.2572251558 0.0789577663 0.9945746064 0.0677276552 -0.2621872425 -0.0448292792 0.9639751911
107.8 97.2 2712.8 0.9621115923 -0.0890695900 0.2576972842 0.0753667206 0.9951894283 0.0625925064 -0.2620326877 -0.0407991782 0.9641962051
-45.3 284.5 2741.5 0.6494761705 -0.7569425702 -0.0722405910 0.6708478928 0.6151359677 -0.4142111242 0.3579718173 0.2205578089 0.9073094726
-172.9 152.7 2671.2 -0.4409276545 -0.7569425702 -0.4823077619 -0.7298709154 0.6151359677 -0.2981545925 0.5223707557 0.2205578089 -0.8237008452
225.5 305.7 2667.8 0.2196885943 0.7622148395 0.6089051366 -0.9700878859 0.2367543131 0.0536365882 -0.1032783166 -0.6024748683 0.7914276123
287.7 31.0 2638.5 -0.0059167068 0.7637515068 0.6454832554 -0.9635946751 0.1681904346 -0.2078396529 -0.2673019469 -0.6232138872 0.7349517345
39.0 -108.6 2744.3 0.9037855864 0.0463072844 0.4254729152 -0.0471218862 0.9988519549 -0.0086163851 -0.4253834784 -0.0122617213 0.9049301147
20.6 -505.8 2749.2 0.9017409682 0.0611527339 0.4279293716 -0.1217064336 0.9858131409 0.1155856699 -0.4147900343 -0.1563100964 0.8963907361
215.6 -94.5 2696.4 0.8849648833 -0.0065493323 0.4656116664 0.1021714434 0.9782665372 -0.1804317981 -0.4543105960 0.2072480172 0.8664006591
218.2 -483.4 2614.0 0.8990225196 -0.0505494513 0.4349749982 -0.0253364369 0.9856464267 0.1669105440 -0.4371688068 -0.1610770524 0.8848376274
-45.1 364.2 2519.9 0 0 0 0 0 0 0 0 0
286.0 -238.3 2563.8 0 0 0 0 0 0 0 0 0
4.3 -767.7 2790.7 0 0 0 0 0 0 0 0 0
232.1 -754.7 2658.4 0 0 0 0 0 0 0 0 0
70.4 501.3 2695.2 7 0.9643685222 -0.0943741128 0.2471576035 0.0801106766 0.9945204258 0.0671667531 -0.2521420717 -0.0449735373 0.9666445851
89.2 302.9 2704.2 0.9643685222 -0.0943741128 0.2471576035 0.0801106766 0.9945204258 0.0671667531 -0.2521420717 -0.0449735373 0.9666445851
106.9 105.0 2712.0 0.9647088647 -0.0890396759 0.2478077561 0.0764181316 0.9952620864 0.0601133965 -0.2519861460 -0.0390549228 0.9669424295
-46.6 292.1 2739.7 0.6493958831 -0.7571457624 -0.0708186552 0.6751880050 0.6169248819 -0.4043819904 0.3498659134 0.2147880942 0.9118442535
-176.8 156.6 2669.5 -0.4219235778 -0.7571457624 -0.4987090826 -0.7128582001 0.6169248819 -0.3335219026 0.5601907969 0.2147880942 -0.8000327349
225.0 313.6 2668.8 0.2158976048 0.7694554329 0.6011044383 -0.9711223841 0.2332311869 0.0502441712 -0.1015356556 -0.5945935845 0.7975894809
287.7 31.4 2639.2 0.0002409497 0.7711126804 0.6366986632 -0.9634410739 0.1707633883 -0.2064488083 -0.2679201066 -0.6133719087 0.7429627776
37.2 -107.5 2744.9 0.9082283378 0.0446357056 0.4160876870 -0.0428973548 0.9989878535 -0.0135306474 -0.4162704945 -0.0055601439 0.9092237949
19.5 -504.7 2747.1 0.9065254927 0.0576085187 0.4182018340 -0.1220378950 0.9841099381 0.1289744377 -0.4041265547 -0.1679550856 0.8991511464
213.8 -93.7 2696.8 0.8895328045 -0.0081089847 0.4567993581 0.1022770405 0.9780012965 -0.1818045080 -0.4452761114 0.2084411681 0.8707935810
217.0 -482.6 2614.0 0.9037877917 -0.0531615317 0.4246663153 -0.0240153056 0.9843925238 0.1743405461 -0.4273065329 -0.1677653491 0.8884052634
-98.0 289.8 2564.8 0 0 0 0 0 0 0 0 0
287.8 -237.9 2564.4 0 0 0 0 0 0 0 0 0
4.0 -769.1 2792.2 0 0 0 0 0 0 0 0 0
231.8 -756.7 2660.7 0 0 0 0 0 0 0 0 0
68.4 500.8 2694.5 8 0.9662554264 -0.0989703983 0.2378136963 0.0849369317 0.9940237403 0.0685753450 -0.2431793809 -0.0460621342 0.9688870311
88.1 302.4 2703.7 0.9662554264 -0.0989703983 0.2378136963 0.0849369317 0.9940237403 0.0685753450 -0.2431793809 -0.0460621342 0.9688870311
106.8 104.7 2711.8 0.9665933251 -0.0940502137 0.2384363860 0.0814552605 0.9947367907 0.0621595234 -0.2430275530 -0.0406610817 0.9691668153
-47.9 291.0 2737.9 0.7506184578 -0.6305574179 0.1974063665 0.6510529518 0.7567983270 -0.0581925958 -0.1127030402 0.1722024381 0.9785930514
-193.0 165.1 2759.7 -0.3220580220 -0.6305574179 -0.7061699629 -0.4569937289 0.7567983270 -0.4673468173 0.8291172385 0.1722024381 -0.5318937302
224.2 313.9 2669.5 0.2166343927 0.7743945122 0.5944600105 -0.9710164666 0.2339026779 0.0491582453 -0.1009779200 -0.5878798366 0.8026211858
284.8 42.1 2641.2 0.0115052583 0.7763639688 0.6301798224 -0.9629431963 0.1784323752 -0.2022431642 -0.2694588006 -0.6045004725 0.7496473193
36.1 -99.9 2742.9 0.9123926163 0.0411599129 0.4072414041 -0.0358741544 0.9991437793 -0.0206102710 -0.4077410102 0.0041952189 0.9130879641
19.7 -497.1 2741.2 0.9109618068 0.0574314520 0.4084730148 -0.1263173074 0.9815257192 0.1437054574 -0.3926735520 -0.1825073957 0.9013870358
213.1 -85.9 2696.6 0.8931650519 -0.0062524099 0.4496855736 0.0997223109 0.9777653217 -0.1844735444 -0.4385335445 0.2096090019 0.8739292622
215.6 -474.6 2613.3 0.9059683681 -0.0586673282 0.4192605913 -0.0139983809 0.9856582284 0.1681723148 -0.4231138527 -0.1582277715 0.8921539187
-125.3 261.2 2585.4 0 0 0 0 0 0 0 0 0
288.0 -227.0 2565.9 0 0 0 0 0 0 0 0 0
4.0 -766.8 2791.3 0 0 0 0 0 0 0 0 0
232.0 -750.4 2657.5 0 0 0 0 0 0 0 0 0
63.1 507.3 2695.6 9 0.9660956860 -0.1112161800 0.2330023646 0.0975560099 0.9928081036 0.0693893507 -0.2390438616 -0.0443059728 0.9699974060
85.3 308.9 2704.5 0.9660956860 -0.1112161800 0.2330023646 0.0975560099 0.9928081036 0.0693893507 -0.2390438616 -0.0443059728 0.9699974060
106.3 111.4 2712.3 0.9665409327 -0.1058248430 0.2336659133 0.0934810713 0.9936057329 0.0633164272 -0.2388722450 -0.0393545814 0.9702532291
-50.7 295.7 2738.1 0.7367485166 -0.6692709923 0.0963225886 0.6745504737 0.7176473141 -0.1731010079 0.0467258319 0.1925063580 0.9801826477
-199.3 159.7 2728.7 -0.3925797641 -0.6692709923 -0.6308387518 -0.5615105629 0.7176473141 -0.4119322598 0.7284140587 0.1925063580 -0.6575365663
221.3 322.0 2670.9 0.2189474404 0.7755408287 0.5921135545 -0.9702462554 0.2373309582 0.0479183272 -0.1033642516 -0.5849875212 0.8044286370
283.8 45.1 2641.4 0.0245152414 0.7780662179 0.6277036667 -0.9640434384 0.1845971942 -0.1911651790 -0.2646115124 -0.6004471779 0.7546151280
36.9 -100.6 2742.2 0.9138571024 0.0419720337 0.4038607776 -0.0404358804 0.9991059899 -0.0123356702 -0.4040174782 -0.0050574257 0.9147372842
20.2 -497.8 2744.2 0.9120665789 0.0595580973 0.4056937695 -0.1228448972 0.9836388230 0.1317719668 -0.3912080526 -0.1700222194 0.9044604301
214.2 -85.6 2697.6 0.8938856721 -0.0039011934 0.4482780099 0.0958519131 0.9785005450 -0.1826173216 -0.4379278719 0.2062073201 0.8750415444
215.8 -474.7 2615.6 0.9057189822 -0.0560376160 0.4201581776 -0.0138674285 0.9867749214 0.1615022868 -0.4236517251 -0.1521022022 0.8929636478
-108.0 290.3 2559.2 0 0 0 0 0 0 0 0 0
290.7 -224.3 2567.4 0 0 0 0 0 0 0 0 0
4.0 -765.0 2790.4 0 0 0 0 0 0 0 0 0
231.7 -755.4 2658.9 0 0 0 0 0 0 0 0 0
63.5 503.1 2695.7 0 0.9675664902 -0.1146473065 0.2251023948 0.1019088179 0.9925040603 0.0674553439 -0.2311486155 -0.0423276126 0.9719972610
86.4 304.9 2704.2 0.9675664902 -0.1146473065 0.2251023948 0.1019088179 0.9925040603 0.0674553439 -0.2311486155 -0.0423276126 0.9719972610
108.4 107.5 2711.8 0.9679007530 -0.1106818393 0.2256494761 0.0989633724 0.9931179285 0.0626342967 -0.2310290188 -0.0382927507 0.9721930027
-49.8 291.0 2736.7 0.7609490752 -0.6487986445 0.0041029123 0.6093583703 0.7124911547 -0.3479062617 0.2227978110 0.2672390938 0.9375203252
-196.0 174.0 2693.9 -0.4500836730 -0.6487986445 -0.6135837436 -0.6424731612 0.7124911547 -0.2821075320 0.6202039719 0.2672390938 -0.7375163436
222.6 318.9 2671.6 0.2157835364 0.7801803350 0.5871593356 -0.9706373215 0.2368529439 0.0419980511 -0.1063043624 -0.5789812803 0.8083811402
281.7 53.1 2642.5 0.0277272910 0.7825584412 0.6219593883 -0.9625427127 0.1887784600 -0.1946131438 -0.2697086930 -0.5932663679 0.7584801912
38.7 -94.7 2742.1 0.9169149995 0.0467297286 0.3963372707 -0.0422723591 0.9989063144 -0.0199791007 -0.3968374133 0.0015650259 0.9178875685
20.1 -491.9 2741.5 0.9154074192 0.0554765649 0.3986873329 -0.1210728809 0.9825394750 0.1412713528 -0.3838887811 -0.1775910705 0.9061406255
216.1 -77.6 2698.2 0.8968622088 0.0014828808 0.4423075020 0.0904417410 0.9782512784 -0.1866674423 -0.4329646826 0.2074180394 0.8772225380
215.5 -466.6 2615.8 0.9079993963 -0.0495230034 0.4160342813 -0.0194198377 0.9869476557 0.1598661989 -0.4185211062 -0.1532377303 0.8951861858
-84.2 333.6 2539.8 0 0 0 0 0 0 0 0 0
289.4 -215.9 2567.2 0 0 0 0 0 0 0 0 0
4.6 -766.8 2791.1 0 0 0 0 0 0 0 0 0
230.0 -757.1 2660.9 0 0 0 0 0 0 0 0 0
63.2 500.8 2695.2 1 0.9682425261 -0.1169187799 0.2209895551 0.1044532135 0.9922488928 0.0673175901 -0.2271473259 -0.0420966893 0.9729501605
86.5 302.6 2703.7 0.9682425261 -0.1169187799 0.2209895551 0.1044532135 0.9922488928 0.0673175901 -0.2271473259 -0.0420966893 0.9729501605
109.0 105.2 2711.1 0.9685737491 -0.1128936857 0.2216300219 0.1015919745 0.9929056764 0.0617852025 -0.2270328552 -0.0373276956 0.9731714725
-49.8 288.3 2735.6 0.7630332708 -0.6450046897 -0.0418234877 0.5659604073 0.6979755759 -0.4387697279 0.3122003078 0.3111254573 0.8976257443
-194.3 181.1 2676.5 -0.4319005013 -0.6450046897 -0.6304212213 -0.6688379645 0.6979755759 -0.2559020221 0.6050766110 0.3111254573 -0.7328596115
222.8 316.9 2671.7 0.2214275599 0.7807896733 0.5842407942 -0.9688113928 0.2444736212 0.0404611714 -0.1112397984 -0.5749784112 0.8105711341
283.7 50.6 2641.1 0.0291257966 0.7837554812 0.6203861833 -0.9624733925 0.1895171255 -0.1942375302 -0.2698085308 -0.5914478898 0.7598636150
41.6 -99.0 2740.6 0.9181631207 0.0497773960 0.3930632174 -0.0484748669 0.9987365603 -0.0132463928 -0.3932259679 -0.0068913377 0.9194160104
21.8 -496.1 2743.3 0.9164383411 0.0571658053 0.3960717320 -0.1208782792 0.9830556512 0.1378041357 -0.3814828694 -0.1741654724 0.9078200459
219.2 -80.8 2698.2 0.8983079195 0.0097550638 0.4392581284 0.0806477666 0.9791062474 -0.1866733134 -0.4319013655 0.2031153142 0.8787521720
215.3 -470.1 2617.4 0.9081035852 -0.0490946658 0.4158576429 -0.0204628576 0.9867141247 0.1611724496 -0.4182453156 -0.1548709124 0.8950340152
-121.7 293.6 2574.7 0 0 0 0 0 0 0 0 0
291.8 -218.4 2565.7 0 0 0 0 0 0 0 0 0
5.8 -770.6 2792.0 0 0 0 0 0 0 0 0 0
229.6 -757.8 2662.6 0 0 0 0 0 0 0 0 0
60.7 501.5 2695.0 2 0.9669098258 -0.1257113814 0.2219956070 0.1126781106 0.9911286235 0.0704814866 -0.2288865298 -0.0431351997 0.9724969268
85.8 303.6 2703.6 0.9669098258 -0.1257113814 0.2219956070 0.1126781106 0.9911286235 0.0704814866 -0.2288865298 -0.0431351997 0.9724969268
110.1 106.4 2710.9 0.9671471119 -0.1222327724 0.2229026705 0.1107802913 0.9918316603 0.0632271245 -0.2288103551 -0.0364567079 0.9727880955
-50.3 288.0 2735.8 0.8247016668 -0.5245528221 0.2114508748 0.5594573617 0.8114403486 -0.1690326780 -0.0829131976 0.2576992810 0.9626611471
-207.6 181.3 2751.6 -0.3392783403 -0.5245528221 -0.7808550000 -0.4768435359 0.8114403486 -0.3379124701 0.8108701706 0.2576992810 -0.5254337788
221.9 319.2 2671.4 0.2221782058 0.7781717777 0.5874397755 -0.9678866863 0.2487065196 0.0366112925 -0.1176102310 -0.5767093897 0.8084393144
284.5 46.9 2638.3 0.0236600060 0.7809657454 0.6241255403 -0.9600405693 0.1918897182 -0.2037165761 -0.2788589597 -0.5943659544 0.7542989254
42.5 -101.5 2739.3 0.9172686934 0.0507021211 0.3950284719 -0.0517878607 0.9986267090 -0.0079212338 -0.3948875964 -0.0131917791 0.9186347127
22.4 -498.5 2744.6 0.9152522087 0.0610170215 0.3982340395 -0.1231767610 0.9835127592 0.1324014962 -0.3835895061 -0.1702339500 0.9076780677
220.3 -82.9 2697.7 0.8965244293 0.0177307297 0.4426393211 0.0721453354 0.9800149798 -0.1853799224 -0.4370800555 0.1981319934 0.8773281574
213.2 -472.5 2618.9 0.9049227834 -0.0590064675 0.4214652777 -0.0125087481 0.9862256050 0.1649320722 -0.4253919125 -0.1545227915 0.8917199373
-137.7 279.5 2584.6 0 0 0 0 0 0 0 0 0
291.1 -221.4 2560.4 0 0 0 0 0 0 0 0 0
5.6 -769.3 2791.4 0 0 0 0 0 0 0 0 0
230.4 -759.2 2663.8 0 0 0 0 0 0 0 0 0
58.0 495.8 2694.9 3 0.9702471495 -0.1242974997 0.2077754289 0.1138161495 0.9915835261 0.0617087409 -0.2136969268 -0.0362245291 0.9762281775
82.8 298.2 2702.1 0.9702471495 -0.1242974997 0.2077754289 0.1138161495 0.9915835261 0.0617087409 -0.2136969268 -0.0362245291 0.9762281775
106.9 101.0 2708.4 0.9705066681 -0.1211454794 0.2084240019 0.1117184982 0.9921343327 0.0564667881 -0.2136252970 -0.0315165780 0.9764071703
-53.8 282.5 2732.2 0.8245644569 -0.3788216412 0.4202232957 0.4277834296 0.9035387635 -0.0248795636 -0.3702631295 0.2002793700 0.9070795774
-208.1 202.4 2801.5 -0.2681384683 -0.3788216412 -0.8857741952 -0.3142820597 0.9035387635 -0.2912807167 0.9106747508 0.2002793700 -0.3613303602
219.3 313.9 2672.1 0.2352561057 0.7833029628 0.5754050612 -0.9632467031 0.2668785751 0.0305226408 -0.1296548098 -0.5614376664 0.8172988296
283.2 52.3 2636.8 0.0292397775 0.7880312800 0.6149404049 -0.9607037902 0.1920433640 -0.2004184723 -0.2760312557 -0.5849153996 0.7626799345
45.7 -100.9 2739.1 0.9220775366 0.0715984628 0.3803244829 -0.0649787933 0.9974285364 -0.0302343573 -0.3815112114 0.0031653959 0.9243587852
17.2 -497.4 2737.9 0.9209963083 0.0448343717 0.3869828582 -0.1171719655 0.9792394042 0.1654113531 -0.3715327382 -0.1976867765 0.9071291685
223.2 -80.6 2697.1 0.9028624892 0.0197615754 0.4294750690 0.0683770925 0.9796280265 -0.1888214350 -0.4244572222 0.1998460442 0.8831181526
215.3 -470.1 2617.7 0.9101082683 -0.0565103367 0.4104991257 -0.0091921305 0.9876599908 0.1563434005 -0.4142685831 -0.1460627913 0.8983580470
-147.2 273.8 2594.6 0 0 0 0 0 0 0 0 0
291.4 -216.2 2559.7 0 0 0 0 0 0 0 0 0
4.8 -768.7 2792.6 0 0 0 0 0 0 0 0 0
231.8 -757.4 2660.2 0 0 0 0 0 0 0 0 0
61.1 498.8 2694.8 4 0.9698635340 -0.1220425665 0.2108798772 0.1122333854 0.9919924140 0.0579202957 -0.2162599713 -0.0325070173 0.9757944942
85.4 301.0 2701.3 0.9698635340 -0.1220425665 0.2108798772 0.1122333854 0.9919924140 0.0579202957 -0.2162599713 -0.0325070173 0.9757944942
109.1 103.7 2707.0 0.9701150656 -0.1190202013 0.2114497423 0.1101629660 0.9924871922 0.0532290488 -0.2161964923 -0.0283443704 0.9759383798
-51.1 285.5 2731.7 0.7929790020 -0.3225388229 0.5168684721 0.3442119956 0.9371764064 0.0567318052 -0.5026951432 0.1329252124 0.8541828990
-206.0 218.2 2830.0 -0.2176780403 -0.3225388229 -0.9211867452 -0.2101052552 0.9371764064 -0.2784891129 0.9531379938 0.1329252124 -0.2717698216
222.0 316.5 2670.9 0.2182714194 0.7871190906 0.5768892169 -0.9688262939 0.2457634509 0.0312399399 -0.1171887293 -0.5657241940 0.8162248135
282.5 47.7 2638.4 0.0176971033 0.7893225551 0.6137236953 -0.9561040998 0.1929253787 -0.2205554098 -0.2924922407 -0.5828805566 0.7580887675
41.9 -106.5 2734.2 0.9211845398 0.0592870489 0.3845830560 -0.0600707978 0.9981441498 -0.0099867499 -0.3844614029 -0.0139025711 0.9230363965
18.4 -503.2 2739.8 0.9196922183 0.0529622361 0.3890516460 -0.1246930435 0.9789637327 0.1614981294 -0.3723141551 -0.1970406175 0.9069494009
