74.6 500.4 2698.2 1 0.9200148582 -0.0226220917 0.3912300467 0.0168056656 0.9996915460 0.0182850286 -0.3915230036 -0.0102476170 0.9201112390
79.1 300.5 2700.3 0.9200148582 -0.0226220917 0.3912300467 0.0168056656 0.9996915460 0.0182850286 -0.3915230036 -0.0102476170 0.9201112390
82.9 101.7 2702.0 0.9200674295 -0.0191551875 0.3912914395 0.0142881619 0.9997801185 0.0153463716 -0.3914993703 -0.0085288612 0.9201388359
-50.4 298.4 2755.4 0.0859799534 -0.9949852228 -0.0511062928 0.9944792986 0.0888072029 -0.0558947511 0.0601530597 -0.0460183211 0.9971278310
-74.3 22.3 2738.7 -0.0454887562 -0.9949852228 -0.0890796185 0.0079788314 0.0888072029 -0.9960168600 0.9989329576 -0.0460183211 0.0038990902
208.6 302.5 2645.2 0.2439532876 0.6839572787 0.6875240207 -0.9662861228 0.2316152006 0.1124524772 -0.0823283270 -0.6917780638 0.7174016833
275.2 38.4 2622.7 -0.0314167365 0.6832522154 0.7295063138 -0.9606003165 0.1810135692 -0.2109054327 -0.2761521339 -0.7073899508 0.6506454349
1.7 -104.5 2738.2 0.8412616253 -0.0128217479 0.5404762030 0.0117136203 0.9999163151 0.0054885983 -0.5405013561 0.0017135856 0.8413414359
6.8 -501.9 2737.5 0.8476880193 0.0095174229 0.5304096937 -0.1208318099 0.9770218134 0.1755792648 -0.5165507793 -0.2129268050 0.8293596506
171.5 -102.2 2668.5 0.8329921961 -0.0743880793 0.5482612848 0.1392584741 0.9872080684 -0.0776358098 -0.5354727507 0.1410200447 0.8326957822
201.0 -494.8 2612.5 0.8545072079 -0.1181452125 0.5058251619 0.0167521797 0.9795518517 0.2004932016 -0.5191692710 -0.1628492177 0.8390133381
-62.6 20.3 2482.3 0 0 0 0 0 0 0 0 0
266.4 -230.1 2545.5 0 0 0 0 0 0 0 0 0
4.2 -769.6 2795.9 0 0 0 0 0 0 0 0 0
232.3 -753.8 2655.5 0 0 0 0 0 0 0 0 0
72.7 500.2 2697.5 2 0.9200233221 -0.0270394925 0.3909296393 0.0212110523 0.9995902777 0.0192202106 -0.3912891746 -0.0093910126 0.9202198386
78.1 300.6 2699.4 0.9200233221 -0.0270394925 0.3909296393 0.0212110523 0.9995902777 0.0192202106 -0.3912891746 -0.0093910126 0.9202198386
83.1 101.9 2701.1 0.9200503230 -0.0255772714 0.3909644485 0.0201843008 0.9996360540 0.0178977642 -0.3912799358 -0.0085754991 0.9202317595
-51.4 297.8 2754.4 0.0899817273 -0.9948099852 -0.0475011580 0.9949123859 0.0919559300 -0.0411514938 0.0453059301 -0.0435566083 0.9980231524
-76.1 24.9 2742.0 -0.0428515561 -0.9948099852 -0.0922865942 0.0096287727 0.0919559300 -0.9957165122 0.9990350604 -0.0435566083 0.0056383451
207.5 303.5 2644.3 0.2581026554 0.6796691418 0.6866096854 -0.9618939161 0.2471639663 0.1169189364 -0.0902389809 -0.6906228065 0.7175632715
276.0 48.2 2620.4 -0.0362956338 0.6791840196 0.7330700755 -0.9675074816 0.1597916484 -0.1959488392 -0.2502237856 -0.7163628340 0.6513158679
2.3 -98.4 2739.6 0.8414610028 -0.0118228458 0.5401885509 0.0066299313 0.9999112487 0.0115570156 -0.5402772427 -0.0061433651 0.8414646983
7.0 -495.9 2742.0 0.8459673524 0.0082648331 0.5331706405 -0.1053440869 0.9827640653 0.1519124806 -0.5227254629 -0.1846793741 0.8322569728
171.1 -95.8 2667.7 0.8332340717 -0.0655413568 0.5490221381 0.1307407916 0.9881464243 -0.0804579854 -0.5372409821 0.1388199180 0.8319261670
197.2 -488.6 2612.5 0.8504652381 -0.1350932419 0.5083883405 0.0354257263 0.9789752960 0.2008790970 -0.5248370171 -0.1528306603 0.8373702168
-65.1 22.4 2485.7 0 0 0 0 0 0 0 0 0
265.9 -222.2 2550.5 0 0 0 0 0 0 0 0 0
4.7 -765.7 2792.7 0 0 0 0 0 0 0 0 0
233.1 -748.8 2653.2 0 0 0 0 0 0 0 0 0
74.5 499.6 2698.1 3 0.9288702011 -0.0271685589 0.3694077134 0.0236535817 0.9996215701 0.0140418615 -0.3696494102 -0.0043052514 0.9291613102
79.9 300.2 2699.0 0.9288702011 -0.0271685589 0.3694077134 0.0236535817 0.9996215701 0.0140418615 -0.3696494102 -0.0043052514 0.9291613102
85.0 101.4 2700.0 0.9289242625 -0.0252415128 0.3694083989 0.0215903651 0.9996686578 0.0140152071 -0.3696397543 -0.0050434042 0.9291614294
-50.8 297.1 2751.0 0.0945629030 -0.9944322705 -0.0465009511 0.9950647950 0.0958272368 -0.0257516950 0.0300643742 -0.0438363068 0.9985862374
-76.5 26.0 2742.8 -0.0423510224 -0.9944322705 -0.0964928567 0.0174799152 0.0958272368 -0.9952445030 0.9989498854 -0.0438363068 0.0133242104
210.6 303.2 2647.0 0.2447798997 0.6983984113 0.6725492477 -0.9654867649 0.2392339557 0.1029681340 -0.0889838338 -0.6745418906 0.7328540683
275.6 46.9 2623.4 -0.0353801772 0.6978147626 0.7154039145 -0.9650731087 0.1620814949 -0.2058240324 -0.2595807910 -0.6976991892 0.6677078009
3.8 -98.7 2738.7 0.8538803458 -0.0071513071 0.5204201937 0.0030569891 0.9999572635 0.0087250629 -0.5204603672 -0.0058592409 0.8538657427
6.6 -496.3 2741.0 0.8577654958 0.0092878379 0.5139572620 -0.1021614745 0.9829720855 0.1527381986 -0.5037870407 -0.1835201830 0.8441084027
172.6 -95.0 2666.9 0.8461278081 -0.0664365888 0.5288231373 0.1242872924 0.9894411564 -0.0745576844 -0.5182860494 0.1288113296 0.8454508781
199.0 -488.4 2615.7 0.8620864749 -0.1283454597 0.4902390838 0.0320203155 0.9792594314 0.2000640482 -0.5057485700 -0.1567749083 0.8483159542
-65.7 21.6 2486.5 0 0 0 0 0 0 0 0 0
265.7 -222.8 2550.8 0 0 0 0 0 0 0 0 0
4.1 -766.3 2791.4 0 0 0 0 0 0 0 0 0
233.3 -750.0 2657.5 0 0 0 0 0 0 0 0 0
75.9 501.9 2697.0 4 0.9319889545 -0.0285461117 0.3613608479 0.0227832049 0.9995363355 0.0201991443 -0.3617699146 -0.0105924224 0.9322072268
81.6 302.3 2699.1 0.9319889545 -0.0285461117 0.3613608479 0.0227832049 0.9995363355 0.0201991443 -0.3617699146 -0.0105924224 0.9322072268
86.4 103.6 2700.8 0.9320704937 -0.0244174134 0.3614531159 0.0197055116 0.9996660948 0.0167167801 -0.3617405891 -0.0084585994 0.9322404265
-49.6 299.6 2750.0 0.0994860902 -0.9939851761 -0.0457814112 0.9948477149 0.1002636701 -0.0150080891 0.0195080303 -0.0440524369 0.9988387227
-76.8 27.5 2744.6 -0.0421478823 -0.9939851761 -0.1010790616 0.0210361686 0.1002636701 -0.9947385192 0.9988899231 -0.0440524369 0.0166837387
212.7 305.1 2648.2 0.2379766107 0.7011284828 0.6721502542 -0.9649720192 0.2493593842 0.0815409943 -0.1104362532 -0.6680110097 0.7359110713
276.0 48.6 2618.8 -0.0357534550 0.7011019588 0.7121641040 -0.9681624770 0.1523691267 -0.1986079514 -0.2477562577 -0.6965914369 0.6733328700
4.8 -99.3 2734.9 0.8583080769 0.0013300716 0.5131330490 -0.0001670838 0.9999973178 -0.0023125750 -0.5131347179 0.0018991655 0.8583059907
4.3 -496.9 2734.2 0.8634854555 -0.0032589347 0.5043632388 -0.1040098071 0.9773355722 0.1843830496 -0.4935330153 -0.2116708010 0.8435760736
175.2 -95.3 2667.1 0.8507670164 -0.0562213175 0.5225271583 0.1197745577 0.9888379574 -0.0886202082 -0.5117123723 0.1379806101 0.8480045795
197.5 -488.5 2612.2 0.8668181300 -0.1298647821 0.4814160764 0.0280659087 0.9766650200 0.2129267305 -0.4978339076 -0.1710573733 0.8502357006
-66.0 22.1 2488.3 0 0 0 0 0 0 0 0 0
266.0 -221.9 2549.6 0 0 0 0 0 0 0 0 0
5.2 -766.6 2792.6 0 0 0 0 0 0 0 0 0
232.6 -752.3 2658.4 0 0 0 0 0 0 0 0 0
74.9 504.6 2705.4 5 0.9340666533 -0.0298002101 0.3558530807 0.0306584034 0.9995247126 0.0032290118 -0.3557801545 0.0078937747 0.9345363379
80.9 305.3 2703.8 0.9340666533 -0.0298002101 0.3558530807 0.0306584034 0.9995247126 0.0032290118 -0.3557801545 0.0078937747 0.9345363379
85.9 106.5 2701.9 0.9341648817 -0.0254156701 0.3559353650 0.0271018278 0.9996326566 0.0002493686 -0.3558109701 0.0094135478 0.9345105290
-50.6 301.4 2753.9 0.0934398770 -0.9943113327 -0.0511273593 0.9951372147 0.0948780254 -0.0264593586 0.0311597027 -0.0484063774 0.9983415604
-76.2 28.9 2745.3 -0.0466043539 -0.9943113327 -0.0957760513 0.0211190823 0.0948780254 -0.9952648878 0.9986901283 -0.0484063774 0.0165772140
212.3 309.1 2653.7 0.2355614156 0.7067347169 0.6671108007 -0.9645323753 0.2541390359 0.0713490546 -0.1191140413 -0.6602570415 0.7415338755
275.9 48.7 2621.6 -0.0360722952 0.7069610357 0.7063320279 -0.9680533409 0.1507757157 -0.2003483623 -0.2481362075 -0.6909940839 0.6789371371
5.8 -96.9 2735.6 0.8613027334 0.0034565723 0.5080803633 0.0023468432 0.9999391437 -0.0107811764 -0.5080867410 0.0104782414 0.8612421751
4.4 -494.5 2731.5 0.8672754169 -0.0064246007 0.4977872372 -0.1055515483 0.9748100638 0.1964795738 -0.4865103066 -0.2229441106 0.8447506428
176.8 -93.3 2669.2 0.8539676070 -0.0536949039 0.5175482631 0.1240279675 0.9869964719 -0.1022497490 -0.5053280592 0.1515084356 0.8495226502
198.1 -485.7 2609.0 0.8712275624 -0.1297211349 0.4734289646 0.0269543156 0.9756377935 0.2177253962 -0.4901387691 -0.1769274026 0.8534990549
-64.2 23.5 2489.0 0 0 0 0 0 0 0 0 0
265.8 -221.8 2552.2 0 0 0 0 0 0 0 0 0
6.2 -762.4 2792.7 0 0 0 0 0 0 0 0 0
232.3 -742.5 2655.6 0 0 0 0 0 0 0 0 0
72.6 501.0 2700.6 6 0.9383341074 -0.0343319811 0.3440209031 0.0324914791 0.9994102120 0.0111152148 -0.3441995978 0.0007479630 0.9388961792
79.4 301.5 2700.4 0.9383341074 -0.0343319811 0.3440209031 0.0324914791 0.9994102120 0.0111152148 -0.3441995978 0.0007479630 0.9388961792
85.5 102.8 2699.9 0.9384243488 -0.0307087861 0.3441172242 0.0297178570 0.9995250702 0.0081548942 -0.3442042172 0.0025736748 0.9388912916
-52.6 297.3 2748.9 0.0902803838 -0.9948082566 -0.0469684042 0.9958772659 0.0905944109 -0.0045963824 0.0088275941 -0.0463598035 0.9988858104
-76.9 29.0 2746.5 -0.0441582054 -0.9948082566 -0.0916876867 0.0261578746 0.0905944109 -0.9955442548 0.9986820221 -0.0463598035 0.0220215824
211.5 305.7 2652.0 0.2520419061 0.7095702887 0.6580159068 -0.9598963857 0.2695827782 0.0769679919 -0.1227755621 -0.6510262489 0.7490600944
277.4 54.8 2619.9 -0.0353503712 0.7114921808 0.7018042803 -0.9726668000 0.1367699802 -0.1876519024 -0.2294986099 -0.6892552972 0.6872099638
5.3 -94.6 2732.7 0.8676367998 -0.0021022109 0.4971941411 -0.0062471298 0.9998660088 0.0151292384 -0.4971593320 -0.0162327196 0.8675073981
6.1 -492.0 2739.1 0.8712002039 -0.0038455399 0.4909127951 -0.0910444260 0.9813572764 0.1692597419 -0.4824117422 -0.1921540052 0.8546085358
176.7 -89.7 2667.4 0.8600196838 -0.0519031696 0.5076141953 0.1182043776 0.9880175591 -0.0992424041 -0.4963807166 0.1453526467 0.8558497429
197.3 -482.5 2609.6 0.8746666908 -0.1309219450 0.4667093456 0.0336220637 0.9769011736 0.2110300362 -0.4835573733 -0.1688892245 0.8588647842
-65.6 22.3 2490.1 0 0 0 0 0 0 0 0 0
267.5 -217.0 2555.8 0 0 0 0 0 0 0 0 0
7.2 -762.2 2792.0 0 0 0 0 0 0 0 0 0
231.8 -739.9 2654.1 0 0 0 0 0 0 0 0 0
70.7 504.9 2698.2 7 0.9385789633 -0.0372823887 0.3430445492 0.0331830904 0.9992905259 0.0178139731 -0.3434653282 -0.0053365421 0.9391502142
78.1 304.9 2699.2 0.9385789633 -0.0372823887 0.3430445492 0.0331830904 0.9992905259 0.0178139731 -0.3434653282 -0.0053365421 0.9391502142
84.9 106.3 2699.6 0.9386471510 -0.0339337848 0.3432054520 0.0312685557 0.9994225502 0.0132982954 -0.3434585333 -0.0017508685 0.9391661882
-54.0 300.5 2747.6 0.0846995190 -0.9953488708 -0.0458979309 0.9963817596 0.0849322528 -0.0031410763 0.0070246817 -0.0454658158 0.9989411831
-77.1 28.7 2745.7 -0.0429612584 -0.9953488708 -0.0862262100 0.0310883336 0.0849322528 -0.9959016442 0.9985929132 -0.0454658158 0.0272949412
210.2 309.3 2650.9 0.2421078235 0.7154915333 0.6553286314 -0.9653915763 0.2451470494 0.0890060440 -0.0969688222 -0.6541978121 0.7500815392
275.9 47.3 2624.6 -0.0296355281 0.7158461213 0.6976289153 -0.9671831727 0.1556622386 -0.2008133382 -0.2523459196 -0.6806861162 0.6877411604
5.6 -98.6 2731.0 0.8681324720 0.0018259399 0.4963292480 -0.0127971554 0.9997431040 0.0187056381 -0.4961676002 -0.0225905739 0.8679327965
4.8 -496.0 2740.0 0.8712041974 -0.0070703924 0.4908698499 -0.0878442675 0.9815131426 0.1700450182 -0.4829975069 -0.1912640482 0.8544772863
177.7 -93.2 2667.8 0.8603203893 -0.0524035916 0.5070529580 0.1148137897 0.9890629649 -0.0925863534 -0.4966554642 0.1378705949 0.8569276929
198.6 -486.4 2613.0 0.8731781840 -0.1262116581 0.4707764387 0.0367054529 0.9801762104 0.1946980655 -0.4860170484 -0.1527260393 0.8605011106
-66.0 20.7 2489.3 0 0 0 0 0 0 0 0 0
267.7 -222.9 2554.1 0 0 0 0 0 0 0 0 0
6.8 -765.9 2792.6 0 0 0 0 0 0 0 0 0
231.9 -745.3 2653.4 0 0 0 0 0 0 0 0 0
70.0 505.2 2697.5 8 0.9392147660 -0.0421106070 0.3407378197 0.0366072580 0.9990748763 0.0225674119 -0.3413729370 -0.0087221693 0.9398874640
78.4 305.3 2699.2 0.9392147660 -0.0421106070 0.3407378197 0.0366072580 0.9990748763 0.0225674119 -0.3413729370 -0.0087221693 0.9398874640
86.3 106.7 2700.4 0.9392614365 -0.0398821272 0.3408773541 0.0354705118 0.9991868734 0.0191670470 -0.3413646221 -0.0059117726 0.9399123788
-53.8 300.3 2747.3 0.0830884278 -0.9955025315 -0.0455082655 0.9965102673 0.0833646655 -0.0042029428 0.0079778219 -0.0450002365 0.9989551306
-76.3 29.7 2745.1 -0.0422506221 -0.9955025315 -0.0847913548 0.0344594866 0.0833646655 -0.9959231019 0.9985126257 -0.0450002365 0.0307822991
210.6 310.3 2651.2 0.2425675392 0.7168899775 0.6536281705 -0.9658666849 0.2415870130 0.0934730396 -0.0908981934 -0.6539912224 0.7510213256
275.8 50.6 2626.7 -0.0293405764 0.7170132399 0.6964418292 -0.9657328129 0.1594150960 -0.2048094869 -0.2578744590 -0.6785859466 0.6877658963
5.5 -95.3 2731.5 0.8693808913 -0.0005025691 0.4941422641 -0.0121469088 0.9996755719 0.0223876759 -0.4939931929 -0.0254657194 0.8690927625
5.7 -492.7 2741.6 0.8722718358 -0.0018951759 0.4890176654 -0.0902313665 0.9821987152 0.1647542119 -0.4806247652 -0.1878351867 0.8565732837
177.7 -89.5 2668.4 0.8606529236 -0.0552878007 0.5061815381 0.1205496490 0.9879510403 -0.0970595926 -0.4947163761 0.1445546299 0.8569478989
199.7 -482.4 2611.0 0.8763614893 -0.1191365942 0.4666872919 0.0256056432 0.9790800810 0.2018577754 -0.4809728861 -0.1649505496 0.8610786200
-65.5 20.9 2488.7 0 0 0 0 0 0 0 0 0
267.6 -219.2 2554.7 0 0 0 0 0 0 0 0 0
6.2 -766.1 2793.9 0 0 0 0 0 0 0 0 0
232.2 -749.6 2656.0 0 0 0 0 0 0 0 0 0
72.9 504.6 2698.6 9 0.9332130551 -0.0296455491 0.3580984473 0.0274789240 0.9995602965 0.0111389039 -0.3582712114 -0.0005548111 0.9336174130
78.9 304.5 2698.7 0.9332130551 -0.0296455491 0.3580984473 0.0274789240 0.9995602965 0.0111389039 -0.3582712114 -0.0005548111 0.9336174130
84.8 105.8 2698.8 0.9332073331 -0.0298091229 0.3580999076 0.0276728608 0.9995555282 0.0110900849 -0.3582713008 -0.0004396998 0.9336174130
-52.4 300.6 2749.2 0.0890808553 -0.9949751496 -0.0457067192 0.9959861040 0.0893858448 -0.0046689478 0.0087310206 -0.0451073423 0.9989439845
-76.7 29.8 2746.8 -0.0419627465 -0.9949751496 -0.0909045115 0.0367532447 0.0893858448 -0.9953187108 0.9984429479 -0.0451073423 0.0328176878
210.2 308.4 2648.3 0.2542052865 0.7020264864 0.6652356386 -0.9613700509 0.2585059702 0.0945639536 -0.1055809930 -0.6635762453 0.7406207919
276.7 56.7 2620.7 -0.0351416208 0.7036526203 0.7096745968 -0.9758345485 0.1290824115 -0.1763083935 -0.2156663835 -0.6987207532 0.6821123958
8.1 -95.2 2732.9 0.8600735664 0.0106953401 0.5100579262 -0.0191483237 0.9997525215 0.0113247391 -0.5098105669 -0.0195068624 0.8600655198
3.8 -492.7 2740.7 0.8626980782 -0.0044354582 0.5056998730 -0.0910805985 0.9822475910 0.1639940441 -0.4974498749 -0.1875367910 0.8469790816
180.5 -88.7 2670.3 0.8522512317 -0.0521423221 0.5205276608 0.1234811693 0.9869548082 -0.1033083498 -0.5083505511 0.1523200274 0.8475720286
201.2 -481.1 2609.7 0.8718711138 -0.1070757806 0.4778865874 0.0040741200 0.9773576260 0.2115548402 -0.4897184968 -0.1825015843 0.8525661230
-65.9 20.4 2490.4 0 0 0 0 0 0 0 0 0
266.9 -215.8 2560.5 0 0 0 0 0 0 0 0 0
5.1 -766.5 2792.9 0 0 0 0 0 0 0 0 0
231.1 -753.7 2660.6 0 0 0 0 0 0 0 0 0
71.4 502.9 2698.2 0 0.9303289652 -0.0360036753 0.3649545014 0.0325253531 0.9993479848 0.0156757124 -0.3652809262 -0.0027132947 0.9308933616
78.6 303.0 2698.7 0.9303289652 -0.0360036753 0.3649545014 0.0325253531 0.9993479848 0.0156757124 -0.3652809262 -0.0027132947 0.9308933616
85.7 104.3 2699.2 0.9303365946 -0.0356482565 0.3649699390 0.0323125720 0.9993615150 0.0152449049 -0.3652803898 -0.0023897754 0.9308944941
-52.3 298.4 2750.2 0.0897090659 -0.9948108196 -0.0479964949 0.9959248304 0.0900497586 -0.0049793441 0.0092755780 -0.0473542064 0.9988350868
-76.6 29.3 2747.6 -0.0439777374 -0.9948108196 -0.0917460546 0.0391181894 0.0900497586 -0.9951687455 0.9982663393 -0.0473542064 0.0349550173
209.5 307.5 2647.3 0.2500375509 0.6997978687 0.6691517830 -0.9639266133 0.2450442761 0.1039171889 -0.0912507921 -0.6709964275 0.7358240485
275.9 51.6 2623.1 -0.0309148468 0.7002412081 0.7132366896 -0.9710424542 0.1480850726 -0.1874762028 -0.2368982732 -0.6983789206 0.6753858924
5.1 -95.5 2731.8 0.8563774228 0.0011529609 0.5163490176 -0.0063525415 0.9999453425 0.0083030565 -0.5163112283 -0.0103906794 0.8563379645
4.6 -493.0 2736.0 0.8606111407 -0.0012071133 0.5092611909 -0.1024867594 0.9791275859 0.1755153686 -0.4988435507 -0.2032430172 0.8425244093
176.3 -90.4 2666.1 0.8478459716 -0.0591592565 0.5269320607 0.1249515340 0.9880615473 -0.0901191384 -0.5153099298 0.1422481239 0.8451160192
199.8 -483.2 2609.5 0.8672414422 -0.1145496890 0.4845314324 0.0105284275 0.9771754146 0.2121729255 -0.4977765381 -0.1789037883 0.8486530185
-65.3 19.3 2491.3 0 0 0 0 0 0 0 0 0
267.3 -219.6 2557.0 0 0 0 0 0 0 0 0 0
5.0 -767.1 2792.8 0 0 0 0 0 0 0 0 0
230.9 -748.3 2658.1 0 0 0 0 0 0 0 0 0
72.6 501.8 2697.5 1 0.9297890067 -0.0356194153 0.3663655221 0.0314404666 0.9993547201 0.0173690785 -0.3667477965 -0.0046308748 0.9303088784
79.7 302.2 2698.4 0.9297890067 -0.0356194153 0.3663655221 0.0314404666 0.9993547201 0.0173690785 -0.3667477965 -0.0046308748 0.9303088784
86.7 103.5 2699.4 0.9297977090 -0.0353933349 0.3663653135 0.0311952271 0.9993622899 0.0173747763 -0.3667466342 -0.0047261775 0.9303088784
-51.2 297.8 2750.0 0.0947020724 -0.9943223000 -0.0485251956 0.9954206347 0.0952185839 -0.0084402822 0.0130128618 -0.0475036688 0.9987862706
-76.6 30.5 2746.5 -0.0446697958 -0.9943223000 -0.0965804681 0.0316767320 0.0952185839 -0.9949522614 0.9984994531 -0.0475036688 0.0272434838
210.5 306.6 2646.8 0.2453602850 0.7014990449 0.6691019535 -0.9662368298 0.2329531312 0.1100874692 -0.0786431283 -0.6735219955 0.7349716425
275.8 49.6 2625.9 -0.0321091861 0.7013598680 0.7120838165 -0.9702169895 0.1492758691 -0.1907766759 -0.2401000410 -0.6970014572 0.6756781340
7.4 -97.3 2733.2 0.8555912971 0.0061428887 0.5176155567 -0.0108824689 0.9999220371 0.0061214068 -0.5175375938 -0.0108703570 0.8555914164
5.0 -494.9 2737.5 0.8594034910 -0.0005137910 0.5112977028 -0.1028966010 0.9793664813 0.1739356369 -0.5008372068 -0.2020916939 0.8416181207
178.1 -91.4 2666.2 0.8472882509 -0.0573930815 0.5280233622 0.1204065830 0.9890178442 -0.0857088938 -0.5173054338 0.1361976266 0.8448936343
200.9 -484.6 2612.0 0.8641780019 -0.1145949885 0.4899636209 0.0172319338 0.9798908830 0.1987884939 -0.5028910637 -0.1633456200 0.8487748504
-65.1 22.3 2490.1 0 0 0 0 0 0 0 0 0
266.8 -221.4 2558.8 0 0 0 0 0 0 0 0 0
5.1 -766.0 2793.5 0 0 0 0 0 0 0 0 0
230.9 -740.8 2654.8 0 0 0 0 0 0 0 0 0
73.0 498.7 2698.1 2 0.9346026778 -0.0407562442 0.3533508182 0.0381644741 0.9991691113 0.0143023953 -0.3536401391 0.0001183918 0.9353815317
81.2 298.7 2698.1 0.9346026778 -0.0407562442 0.3533508182 0.0381644741 0.9991691113 0.0143023953 -0.3536401391 0.0001183918 0.9353815317
88.6 100.0 2698.3 0.9347336292 -0.0374868289 0.3533663154 0.0348188840 0.9992969036 0.0139065003 -0.3536391854 -0.0006950524 0.9353816509
-50.4 293.8 2747.9 0.1000581756 -0.9939055443 -0.0462618917 0.9949705005 0.1001684070 -0.0000649009 0.0046984856 -0.0460227244 0.9989293218
-76.8 30.7 2746.6 -0.0432015546 -0.9939055443 -0.1014170945 0.0301546734 0.1001684070 -0.9945134521 0.9986112118 -0.0460227244 0.0256434660
212.7 303.5 2648.3 0.2406524867 0.7113334537 0.6603719592 -0.9671256542 0.2333427370 0.1010895520 -0.0821846202 -0.6629901528 0.7441033125
276.0 49.1 2626.7 -0.0315453336 0.7112193704 0.7022619843 -0.9685361385 0.1517855972 -0.1972278953 -0.2468655556 -0.6863877773 0.6840535402
8.5 -98.0 2734.0 0.8627168536 -0.0022516889 0.5056822896 -0.0107185133 0.9996840358 0.0227376372 -0.5055736899 -0.0250363052 0.8624200821
9.3 -495.4 2743.9 0.8653212786 0.0096003432 0.5011256337 -0.0989978537 0.9833937883 0.1521056145 -0.4913435876 -0.1812305897 0.8519019485
179.1 -92.3 2666.7 0.8548346758 -0.0520287491 0.5162854791 0.1122727692 0.9899373055 -0.0861334577 -0.5066088438 0.1315946728 0.8520741463
199.8 -485.9 2614.3 0.8703482747 -0.1128021553 0.4793428481 0.0150745399 0.9790570736 0.2030272335 -0.4922058880 -0.1694785208 0.8538210392
-65.7 22.9 2490.2 0 0 0 0 0 0 0 0 0
267.2 -221.5 2557.7 0 0 0 0 0 0 0 0 0
6.7 -763.3 2793.3 0 0 0 0 0 0 0 0 0
230.1 -748.8 2659.8 0 0 0 0 0 0 0 0 0
72.4 499.7 2697.0 3 0.9363374710 -0.0451759696 0.3481827676 0.0413479134 0.9989749789 0.0184215400 -0.3486580849 -0.0028521474 0.9372456670
81.4 300.2 2697.5 0.9363374710 -0.0451759696 0.3481827676 0.0413479134 0.9989749789 0.0184215400 -0.3486580849 -0.0028521474 0.9372456670
89.6 101.6 2698.1 0.9364895821 -0.0413499326 0.3482490480 0.0378350541 0.9991412163 0.0168910380 -0.3486484289 -0.0026422599 0.9372498393
-50.4 294.9 2746.6 0.0982297659 -0.9939829111 -0.0484649092 0.9951238036 0.0985455662 -0.0041645742 0.0089155184 -0.0478195027 0.9988161922
-76.5 30.5 2744.2 -0.0450437404 -0.9939829111 -0.0998448581 0.0302034840 0.0985455662 -0.9946740866 0.9985283017 -0.0478195027 0.0255828872
213.2 305.5 2648.5 0.2311976105 0.7157656550 0.6589591503 -0.9692948461 0.2277690470 0.0926755220 -0.0837565511 -0.6601520777 0.7464476228
275.5 44.5 2625.9 -0.0283159465 0.7157163620 0.6978167892 -0.9683881402 0.1534415931 -0.1966726482 -0.2478359491 -0.6813264489 0.6887463927
10.3 -101.9 2730.8 0.8654622436 0.0083870906 0.5009039640 -0.0162682496 0.9998030663 0.0113676786 -0.5007100105 -0.0179871265 0.8654282093
7.0 -499.3 2738.0 0.8684356213 0.0003072279 0.4958018661 -0.0980103984 0.9803726673 0.1710653603 -0.4860180318 -0.1971529871 0.8514207006
181.8 -95.5 2666.0 0.8576088548 -0.0397277325 0.5127657652 0.1046524644 0.9896329641 -0.0983587727 -0.5035423636 0.1380155534 0.8528755903
197.6 -488.9 2611.1 0.8710620403 -0.1239961386 0.4752640128 0.0228845384 0.9768048525 0.2129051834 -0.4906395972 -0.1745774299 0.8536952138
-64.9 22.8 2487.8 0 0 0 0 0 0 0 0 0
267.5 -226.2 2556.6 0 0 0 0 0 0 0 0 0
6.9 -763.8 2791.2 0 0 0 0 0 0 0 0 0
231.2 -753.3 2658.3 0 0 0 0 0 0 0 0 0
72.5 497.3 2697.9 4 0.9362968206 -0.0502101481 0.3476020694 0.0459782146 0.9987337589 0.0204179212 -0.3481870890 -0.0031351126 0.9374198318
82.5 298.0 2698.5 0.9362968206 -0.0502101481 0.3476020694 0.0459782146 0.9987337589 0.0204179212 -0.3481870890 -0.0031351126 0.9374198318
91.5 99.4 2699.4 0.9365383983 -0.0452656113 0.3476303518 0.0409238189 0.9989655614 0.0198258329 -0.3481681645 -0.0043412922 0.9374220371
-49.3 292.2 2747.5 0.1020533219 -0.9933868051 -0.0526099317 0.9944905639 0.1031542867 -0.0186474733 0.0239510946 -0.0504170433 0.9984410405
-76.2 30.0 2741.2 -0.0474590957 -0.9933868051 -0.1045481637 0.0309327058 0.1031542867 -0.9941842556 0.9983941317 -0.0504170433 0.0258325320
214.4 303.7 2649.5 0.2290045619 0.7156344056 0.6598669291 -0.9695807695 0.2278809249 0.0893498212 -0.0864292830 -0.6602557898 0.7460511327
275.3 45.6 2626.5 -0.0279177930 0.7154461741 0.6981098652 -0.9660315514 0.1601821929 -0.2027921677 -0.2569116354 -0.6800576448 0.6866716743
11.9 -100.5 2730.6 0.8657731414 0.0156612750 0.5001915693 -0.0176582169 0.9998438358 -0.0007413531 -0.5001250505 -0.0081906477 0.8659144640
5.7 -498.0 2733.8 0.8691996932 0.0011885472 0.4944598079 -0.1061097756 0.9771482944 0.1841791570 -0.4829416573 -0.2125554979 0.8494631052
183.8 -93.6 2666.6 0.8578829169 -0.0311985780 0.5128972530 0.0967092142 0.9901206493 -0.1015307084 -0.5046625137 0.1367033422 0.8524247408
196.2 -487.3 2612.2 0.8669422865 -0.1373312026 0.4791149795 0.0419634059 0.9779887199 0.2043945938 -0.4966388047 -0.1570930332 0.8536226749
-64.0 22.1 2484.8 0 0 0 0 0 0 0 0 0
267.5 -224.3 2554.7 0 0 0 0 0 0 0 0 0
5.4 -762.6 2791.4 0 0 0 0 0 0 0 0 0
232.7 -747.8 2654.1 0 0 0 0 0 0 0 0 0
73.3 493.0 2698.3 5 0.9340059757 -0.0502604432 0.3537042439 0.0457388535 0.9987297654 0.0211369749 -0.3543173373 -0.0035640330 0.9351184368
83.3 294.1 2699.0 0.9340059757 -0.0502604432 0.3537042439 0.0457388535 0.9987297654 0.0211369749 -0.3543173373 -0.0035640330 0.9351184368
92.5 95.5 2700.0 0.9342022538 -0.0464204028 0.3537108302 0.0416841544 0.9989100695 0.0210012831 -0.3543002009 -0.0048753093 0.9351190329
-48.2 288.2 2748.9 0.1104114354 -0.9923481941 -0.0552662760 0.9933718443 0.1119718999 -0.0259741973 0.0319637172 -0.0520321131 0.9981337190
-76.8 30.7 2740.6 -0.0491437763 -0.9923481941 -0.1132693067 0.0284043420 0.1119718999 -0.9933053255 0.9983877540 -0.0520321131 0.0226842761
214.8 299.9 2649.2 0.2297348082 0.7114343643 0.6641408205 -0.9695786238 0.2265415192 0.0927160829 -0.0844940618 -0.6652368307 0.7418360114
275.4 44.1 2626.9 -0.0278415214 0.7111908197 0.7024474740 -0.9661878943 0.1610530168 -0.2013525218 -0.2563313544 -0.6843022108 0.6826600432
14.6 -103.0 2732.2 0.8623713255 0.0234830920 0.5057314038 -0.0246269014 0.9996868968 -0.0044256831 -0.5056769848 -0.0086380150 0.8626796603
5.3 -500.4 2735.6 0.8652279377 -0.0027856010 0.5013709664 -0.1012963653 0.9783918262 0.1802454889 -0.4910393655 -0.2067404836 0.8462498188
186.5 -95.5 2668.3 0.8541026711 -0.0383684225 0.5186873078 0.1075360775 0.9887534976 -0.1039353237 -0.5088660717 0.1445490271 0.8486229777
201.7 -488.6 2610.8 0.8680946827 -0.1170975864 0.4823896289 0.0198383145 0.9791862369 0.2019919157 -0.4960020781 -0.1657783240 0.8523494005
-64.2 23.4 2484.0 0 0 0 0 0 0 0 0 0
267.6 -226.0 2555.2 0 0 0 0 0 0 0 0 0
6.0 -764.1 2791.3 0 0 0 0 0 0 0 0 0
233.2 -751.5 2655.3 0 0 0 0 0 0 0 0 0
75.0 494.9 2696.6 6 0.9371906519 -0.0432236753 0.3461291492 0.0378269516 0.9990346432 0.0223352537 -0.3467604220 -0.0078393798 0.9379209876
83.7 295.9 2698.1 0.9371906519 -0.0432236753 0.3461291492 0.0378269516 0.9990346432 0.0223352537 -0.3467604220 -0.0078393798 0.9379209876
91.9 97.3 2699.7 0.9372710586 -0.0412197188 0.3461558521 0.0359241292 0.9991188049 0.0217033774 -0.3467454314 -0.0079066008 0.9379259348
-48.2 290.8 2746.9 0.1107317358 -0.9926258922 -0.0493188202 0.9934920073 0.1118878871 -0.0213250089 0.0266859345 -0.0466364995 0.9985554218
-77.3 29.8 2739.9 -0.0442595929 -0.9926258922 -0.1128492430 0.0236356184 0.1118878871 -0.9934397340 0.9987404346 -0.0466364995 0.0185092147
215.6 301.0 2649.3 0.2254147232 0.7156500220 0.6610848904 -0.9695778489 0.2312481105 0.0802686810 -0.0954303443 -0.6590670347 0.7460051775
275.7 42.2 2623.9 -0.0326453112 0.7155130506 0.6978362203 -0.9692207575 0.1478038132 -0.1968887001 -0.2440192848 -0.6827848554 0.6886649728
16.1 -106.9 2733.5 0.8664261699 0.0256593022 0.4986454844 -0.0272188764 0.9996209145 -0.0041440856 -0.4985628128 -0.0099820262 0.8667961359
5.9 -504.4 2737.5 0.8689168692 0.0000518043 0.4949580431 -0.1016203985 0.9787154198 0.1782958806 -0.4844138324 -0.2052221298 0.8504276276
187.5 -99.3 2668.5 0.8586840630 -0.0352656581 0.5112905502 0.1044714376 0.9887272120 -0.1072576940 -0.5017443299 0.1455157250 0.8526885509
201.5 -492.4 2610.6 0.8733669519 -0.1178644970 0.4725866020 0.0140770813 0.9759816527 0.2173974663 -0.4868592918 -0.1832151264 0.8540493250
-66.0 23.7 2483.4 0 0 0 0 0 0 0 0 0
266.6 -228.6 2555.7 0 0 0 0 0 0 0 0 0
5.8 -763.4 2791.8 0 0 0 0 0 0 0 0 0
232.9 -752.3 2659.4 0 0 0 0 0 0 0 0 0
74.2 496.8 2696.7 7 0.9309270978 -0.0362845510 0.3633980751 0.0317129232 0.9993250370 0.0185406655 -0.3638255596 -0.0057355934 0.9314494729
81.4 297.6 2697.8 0.9309270978 -0.0362845510 0.3633980751 0.0317129232 0.9993250370 0.0185406655 -0.3638255596 -0.0057355934 0.9314494729
88.3 98.9 2698.8 0.9309752584 -0.0345138758 0.3634471297 0.0303526372 0.9993920326 0.0171561074 -0.3638182878 -0.0049403338 0.9314568639
-49.6 293.3 2749.0 0.1076299325 -0.9931114912 -0.0463178940 0.9937197566 0.1088963822 -0.0257407296 0.0306072645 -0.0432565361 0.9985950589
-78.2 29.5 2740.9 -0.0406152010 -0.9931114912 -0.1099088490 0.0263588000 0.1088963822 -0.9937035441 0.9988270998 -0.0432565361 0.0217543785
212.4 301.9 2646.6 0.2377020121 0.7024904490 0.6708241105 -0.9666827321 0.2386210114 0.0926524028 -0.0949852914 -0.6704977155 0.7358060479
276.5 41.4 2621.0 -0.0318200029 0.7025013566 0.7109706998 -0.9694975019 0.1512664855 -0.1928551197 -0.2430270165 -0.6954209208 0.6762599945
14.0 -104.7 2733.1 0.8571572304 0.0207407027 0.5146369934 -0.0232358091 0.9997287393 -0.0015901184 -0.5145304203 -0.0105950255 0.8574066758
5.8 -502.2 2737.3 0.8601163030 -0.0027853895 0.5100903511 -0.1015994251 0.9790136218 0.1766633242 -0.4998774529 -0.2037758976 0.8417825699
186.0 -98.1 2669.4 0.8494847417 -0.0373927653 0.5262864828 0.1167955473 0.9860658646 -0.1184607670 -0.5145235658 0.1620985270 0.8420152068
200.9 -490.1 2605.0 0.8691129088 -0.1210473105 0.4795730412 0.0053269207 0.9718255401 0.2356412262 -0.4945850372 -0.2022441775 0.8452709317
-67.7 22.7 2484.2 0 0 0 0 0 0 0 0 0
267.6 -229.6 2553.1 0 0 0 0 0 0 0 0 0
6.5 -763.3 2791.6 0 0 0 0 0 0 0 0 0
233.4 -750.8 2659.3 0 0 0 0 0 0 0 0 0
73.7 497.8 2695.7 8 0.9333224297 -0.0341591127 0.3574106097 0.0290784482 0.9993852973 0.0195812527 -0.3578598201 -0.0078826770 0.9337420464
80.5 298.7 2697.3 0.9333224297 -0.0341591127 0.3574106097 0.0290784482 0.9993852973 0.0195812527 -0.3578598201 -0.0078826770 0.9337420464
86.8 100.0 2698.7 0.9333850741 -0.0317312665 0.3574708998 0.0271789990 0.9994729161 0.0177526884 -0.3578458130 -0.0068543926 0.9337555170
-50.9 294.9 2747.7 0.1001613662 -0.9940065145 -0.0438040867 0.9947819710 0.1009038165 -0.0150745837 0.0194042344 -0.0420656241 0.9989264011
-77.6 29.2 2742.5 -0.0394092277 -0.9940065145 -0.1019706279 0.0281773619 0.1009038165 -0.9944970608 0.9988257885 -0.0420656241 0.0240319390
211.8 302.5 2646.9 0.2438577414 0.7042279243 0.6667806506 -0.9644076824 0.2485664785 0.0901808068 -0.1022314727 -0.6650396585 0.7397776246
276.6 46.2 2619.8 -0.0360545255 0.7047455907 0.7085434198 -0.9727099538 0.1378658712 -0.1866236478 -0.2292061448 -0.6959358454 0.6805423498
9.7 -102.5 2733.2 0.8606523871 0.0087573696 0.5091176033 -0.0105113918 0.9999445677 0.0005691609 -0.5090844035 -0.0058413842 0.8606967926
6.2 -500.1 2735.5 0.8646388650 0.0008381160 0.5023932457 -0.1057527214 0.9778966308 0.1803732961 -0.4911374748 -0.2090872079 0.8456160426
180.5 -97.0 2666.4 0.8529555798 -0.0444063060 0.5200911760 0.1173285320 0.9871886373 -0.1081322432 -0.5086264014 0.1532535404 0.8472381830
198.2 -489.4 2605.5 0.8701891899 -0.1305470914 0.4751086235 0.0209313091 0.9731853008 0.2290682495 -0.4922729135 -0.1893880814 0.8495878577
-67.5 22.0 2485.9 0 0 0 0 0 0 0 0 0
266.6 -225.6 2555.7 0 0 0 0 0 0 0 0 0
6.0 -761.0 2791.3 0 0 0 0 0 0 0 0 0
232.8 -747.4 2655.7 0 0 0 0 0 0 0 0 0
72.0 498.5 2695.8 9 0.9352458715 -0.0358530357 0.3521785736 0.0316216983 0.9993420839 0.0177619644 -0.3525837064 -0.0054753190 0.9357642531
79.2 299.1 2696.8 0.9352458715 -0.0358530357 0.3521785736 0.0316216983 0.9993420839 0.0177619644 -0.3525837064 -0.0054753190 0.9357642531
86.1 100.4 2697.8 0.9352696538 -0.0349577107 0.3522053659 0.0309496075 0.9993762374 0.0170062128 -0.3525801599 -0.0050047771 0.9357682467
-52.5 294.7 2746.5 0.0915399566 -0.9949048162 -0.0422470458 0.9957692027 0.0917957723 -0.0041514938 0.0080084410 -0.0416882783 0.9990985990
-76.7 31.0 2744.3 -0.0393817052 -0.9949048162 -0.0928087160 0.0267975982 0.0917957723 -0.9954172373 0.9988648295 -0.0416882783 0.0230459850
210.8 303.4 2647.2 0.2463752180 0.7073469758 0.6625401974 -0.9637131691 0.2512729764 0.0901045129 -0.1027432978 -0.6606982350 0.7435870171
276.9 45.0 2619.7 -0.0325422548 0.7082130313 0.7052483559 -0.9718838334 0.1422165334 -0.1876599789 -0.2332012206 -0.6915263534 0.6836727858
7.4 -101.2 2732.9 0.8635402918 0.0034527928 0.5042679906 0.0014444630 0.9999555349 -0.0093204230 -0.5042777658 0.0087769572 0.8634968996
6.1 -498.7 2729.4 0.8696386814 0.0000705257 0.4936886728 -0.1144407764 0.9727904797 0.2014498711 -0.4802414179 -0.2316867113 0.8459842801
178.7 -96.2 2667.2 0.8556131124 -0.0486233234 0.5153270960 0.1165474877 0.9881101251 -0.1002748683 -0.5043241978 0.1458565593 0.8511068821
198.0 -489.1 2609.2 0.8711497188 -0.1278826296 0.4740719497 0.0264794156 0.9763193727 0.2147074193 -0.4903029799 -0.1744891554 0.8539066315
-66.6 24.2 2487.7 0 0 0 0 0 0 0 0 0
267.8 -226.7 2554.5 0 0 0 0 0 0 0 0 0
6.1 -761.6 2792.0 0 0 0 0 0 0 0 0 0
232.2 -749.5 2655.7 0 0 0 0 0 0 0 0 0
69.5 498.8 2696.3 0 0.9339623451 -0.0443626754 0.3546072543 0.0404952355 0.9990116954 0.0183239523 -0.3550696969 -0.0027539772 0.9348357916
78.3 298.9 2696.8 0.9339623451 -0.0443626754 0.3546072543 0.0404952355 0.9990116954 0.0183239523 -0.3550696969 -0.0027539772 0.9348357916
86.6 100.3 2697.2 0.9340556860 -0.0416919254 0.3546855152 0.0383284613 0.9991288781 0.0165066998 -0.3550647199 -0.0018236261 0.9348399639
-53.1 293.5 2746.8 0.0861787051 -0.9952376485 -0.0455543511 0.9960625768 0.0870243683 -0.0169148967 0.0207986813 -0.0439172797 0.9988186359
-75.8 31.6 2741.3 -0.0413103029 -0.9952376485 -0.0882917121 0.0315355398 0.0870243683 -0.9957069159 0.9986485839 -0.0439172797 0.0277903546
209.8 304.3 2646.8 0.2469003499 0.7079658508 0.6616831422 -0.9649915099 0.2419857681 0.1011648476 -0.0884966478 -0.6634962559 0.7429273725
276.1 45.1 2623.1 -0.0300421417 0.7082940340 0.7052779794 -0.9694821835 0.1511111110 -0.1930535585 -0.2433140278 -0.6895542145 0.6821387410
7.2 -101.1 2731.2 0.8621038795 0.0033383637 0.5067206025 -0.0053257486 0.9999827743 0.0024728472 -0.5067036152 -0.0048305178 0.8621068001
5.9 -498.7 2733.1 0.8669481277 -0.0029982864 0.4983893335 -0.1056252643 0.9761620164 0.1896076649 -0.4870772064 -0.2170225233 0.8459651470
178.9 -95.4 2666.5 0.8538796306 -0.0472105555 0.5183249712 0.1146329194 0.9884815216 -0.0988105014 -0.5076897740 0.1437893808 0.8494561315
197.6 -488.4 2609.3 0.8694044352 -0.1292600036 0.4768939316 0.0252429489 0.9755339622 0.2183948755 -0.4934559464 -0.1778352559 0.8513964415
-65.2 23.5 2484.8 0 0 0 0 0 0 0 0 0
267.7 -225.9 2555.1 0 0 0 0 0 0 0 0 0
6.7 -758.9 2791.0 0 0 0 0 0 0 0 0 0
232.7 -753.4 2657.6 0 0 0 0 0 0 0 0 0
71.7 499.7 2696.5 1 0.9347014427 -0.0351085290 0.3536956608 0.0334961191 0.9993817806 0.0106813628 -0.3538519740 0.0018635463 0.9352995753
78.7 300.1 2696.2 0.9347014427 -0.0351085290 0.3536956608 0.0334961191 0.9993817806 0.0106813628 -0.3538519740 0.0018635463 0.9352995753
85.6 101.5 2695.7 0.9347165227 -0.0344094336 0.3537244201 0.0330616124 0.9994047284 0.0098543279 -0.3538529277 0.0024836953 0.9352977872
-52.8 295.5 2746.0 0.0862075239 -0.9952071905 -0.0461617373 0.9960904121 0.0869959742 -0.0153488414 0.0192911625 -0.0446580797 0.9988160729
-75.6 32.4 2740.9 -0.0419859029 -0.9952071905 -0.0883166343 0.0323083028 0.0869959742 -0.9956846237 0.9985957146 -0.0446580797 0.0285008494
210.3 304.8 2646.3 0.2491894066 0.7078887224 0.6609070897 -0.9635397792 0.2498864979 0.0956444144 -0.0974461585 -0.6606438756 0.7443479896
276.4 49.2 2620.5 -0.0346277617 0.7086877823 0.7046719790 -0.9729204774 0.1373287588 -0.1859209239 -0.2285316139 -0.6920278072 0.6847414374
9.2 -101.9 2730.1 0.8625743985 0.0032266059 0.5059199333 -0.0163507927 0.9996351004 0.0215021130 -0.5056659579 -0.0268193651 0.8623123765
7.9 -499.2 2740.8 0.8655722141 0.0041038613 0.5007672906 -0.1030069217 0.9800431132 0.1700150222 -0.4900758266 -0.1987427771 0.8487207890
180.6 -94.9 2665.0 0.8554559946 -0.0378384404 0.5164912939 0.1059883758 0.9890089035 -0.1030914485 -0.5069137216 0.1429322809 0.8500640392
195.6 -488.1 2608.1 0.8695864677 -0.1379786581 0.4741109908 0.0268970169 0.9719757438 0.2335373610 -0.4930475354 -0.1903287619 0.8489282131
-64.8 24.1 2484.3 0 0 0 0 0 0 0 0 0
266.7 -222.7 2556.6 0 0 0 0 0 0 0 0 0
6.8 -761.2 2793.9 0 0 0 0 0 0 0 0 0
232.1 -744.9 2658.4 0 0 0 0 0 0 0 0 0
70.6 500.2 2697.2 2 0.9326068759 -0.0433238707 0.3582840264 0.0417434834 0.9990544915 0.0121486057 -0.3584716022 0.0036261494 0.9335336089
79.3 300.8 2696.4 0.9326068759 -0.0433238707 0.3582840264 0.0417434834 0.9990544915 0.0121486057 -0.3584716022 0.0036261494 0.9335336089
87.4 102.2 2695.6 0.9327046871 -0.0407033116 0.3583367765 0.0394180864 0.9991633892 0.0108943013 -0.3584804237 0.0039637838 0.9335288405
-52.0 295.3 2746.9 0.0904923603 -0.9946978688 -0.0488593467 0.9954668283 0.0917864069 -0.0249205530 0.0292730462 -0.0463827401 0.9984947443
-75.8 32.7 2739.2 -0.0432246290 -0.9946978688 -0.0933152437 0.0361020528 0.0917864069 -0.9951240420 0.9984128475 -0.0463827401 0.0319432020
210.6 306.4 2646.0 0.2463368475 0.7042967081 0.6657960415 -0.9638298750 0.2501325607 0.0920090824 -0.1017355695 -0.6643792987 0.7404390574
276.2 49.6 2618.9 -0.0353848822 0.7053215504 0.7080038190 -0.9751107693 0.1307924986 -0.1790314466 -0.2188763171 -0.6967172027 0.6831386089
6.7 -100.3 2727.6 0.8601151109 -0.0006092765 0.5100995898 -0.0097458875 0.9997971058 0.0176274180 -0.5100068450 -0.0201329812 0.8599346876
6.9 -497.7 2735.6 0.8641991615 0.0004165385 0.5031496882 -0.1056736633 0.9778460860 0.1806932986 -0.4919277132 -0.2093246728 0.8450977802
178.2 -94.2 2662.7 0.8520110846 -0.0470798090 0.5214024782 0.1165937707 0.9879988432 -0.1013121232 -0.5103753209 0.1471113414 0.8472751975
196.9 -487.0 2604.2 0.8688424230 -0.1400537938 0.4748661220 0.0262414552 0.9708325863 0.2383179069 -0.4943928421 -0.1945995241 0.8471757770
-64.7 23.4 2482.5 0 0 0 0 0 0 0 0 0
266.3 -222.9 2557.7 0 0 0 0 0 0 0 0 0
6.8 -762.6 2792.3 0 0 0 0 0 0 0 0 0
233.6 -741.2 2655.2 0 0 0 0 0 0 0 0 0
71.4 498.2 2697.5 3 0.9372991920 -0.0507467166 0.3448116183 0.0496446826 0.9986944795 0.0120313354 -0.3449719846 0.0058411020 0.9385948181
81.5 298.9 2696.3 0.9372991920 -0.0507467166 0.3448116183 0.0496446826 0.9986944795 0.0120313354 -0.3449719846 0.0058411020 0.9385948181
90.9 100.3 2695.9 0.9375280142 -0.0471359789 0.3447019756 0.0449746549 0.9988862276 0.0142687922 -0.3449906111 0.0021254602 0.9386036992
-50.4 292.5 2744.9 0.0985154584 -0.9939817786 -0.0479048677 0.9949846864 0.0992244557 -0.0126486635 0.0173258763 -0.0464185178 0.9987717867
-76.2 32.0 2740.3 -0.0429836661 -0.9939817786 -0.1007599905 0.0364800207 0.0992244557 -0.9943961501 0.9984095693 -0.0464185178 0.0319954492
213.5 305.2 2647.7 0.2346390039 0.7150611877 0.6585074067 -0.9667202830 0.2427030206 0.0809144676 -0.1019629389 -0.6555781364 0.7482117414
275.7 48.8 2620.7 -0.0354070961 0.7152494192 0.6979717612 -0.9702524543 0.1427662522 -0.1955197901 -0.2394922227 -0.6841316223 0.6889175773
9.9 -100.0 2727.7 0.8673968315 0.0128593110 0.4974509180 -0.0240725409 0.9995799661 0.0161353312 -0.4970344901 -0.0259706415 0.8673420548
4.8 -497.4 2738.1 0.8699714541 -0.0058066030 0.4930678904 -0.0933961272 0.9798905849 0.1763282567 -0.4841764271 -0.1994511783 0.8519344926
181.1 -92.8 2662.0 0.8595963120 -0.0389094725 0.5094901919 0.0995657891 0.9907387495 -0.0923222229 -0.5011794567 0.1300876290 0.8555094004
196.5 -486.7 2610.2 0.8701390624 -0.1403133869 0.4724088311 0.0383450575 0.9749807119 0.2189571857 -0.4913121462 -0.1724086553 0.8537491560
-65.2 22.6 2483.8 0 0 0 0 0 0 0 0 0
265.8 -222.4 2553.8 0 0 0 0 0 0 0 0 0
6.4 -761.2 2791.7 0 0 0 0 0 0 0 0 0
233.6 -744.2 2655.8 0 0 0 0 0 0 0 0 0
73.3 499.2 2697.1 4 0.9376078844 -0.0407416634 0.3452993035 0.0397063158 0.9991605878 0.0100738993 -0.3454199135 0.0042651962 0.9384385347
81.5 300.0 2696.3 0.9376078844 -0.0407416634 0.3452993035 0.0397063158 0.9991605878 0.0100738993 -0.3454199135 0.0042651962 0.9384385347
89.2 101.4 2695.6 0.9376774430 -0.0391740873 0.3452917039 0.0379657708 0.9992263317 0.0102641704 -0.3454266489 0.0034847842 0.9384393096
-50.5 294.7 2744.9 0.0975989699 -0.9942225814 -0.0446756259 0.9949939847 0.0984467715 -0.0171820205 0.0214809235 -0.0427750312 0.9988538027
-76.2 32.6 2739.2 -0.0396741591 -0.9942225814 -0.0997368097 0.0332438163 0.0984467715 -0.9945868850 0.9986594915 -0.0427750312 0.0291459616
213.4 305.4 2647.7 0.2299633473 0.7158923149 0.6592534184 -0.9675584435 0.2410116047 0.0757897124 -0.1046304554 -0.6552950740 0.7480914593
275.0 46.2 2619.6 -0.0334100053 0.7161743641 0.6971212626 -0.9703283906 0.1438838542 -0.1943199933 -0.2394714952 -0.6829288006 0.6901171803
14.3 -102.4 2727.1 0.8669025302 0.0228467025 0.4979538620 -0.0310913343 0.9994823337 0.0082704062 -0.4975071549 -0.0226516873 0.8671640754
5.2 -499.8 2736.1 0.8692412376 -0.0067320429 0.4943423867 -0.0958762765 0.9786291718 0.1819139719 -0.4850025177 -0.2055228204 0.8500193357
186.3 -94.2 2663.8 0.8602457643 -0.0249437299 0.5092691183 0.0882949010 0.9910005927 -0.1006070450 -0.5021765232 0.1315126568 0.8547064662
