-244.3 524.8 2337.8 2 0.9704799652 0.1488187909 -0.1897935569 -0.1307746023 0.9859040976 0.1043603942 0.2026490420 -0.0764594972 0.9762619138
-286.5 245.3 2359.5 0.9704799652 0.1488187909 -0.1897935569 -0.1307746023 0.9859040976 0.1043603942 0.2026490420 -0.0764594972 0.9762619138
-275.4 55.6 2406.4 0.9812650084 -0.0568659231 -0.1840794235 0.0985332802 0.9691655636 0.2258522958 0.1655601561 -0.2397589087 0.9566114545
-426.3 231.3 2335.9 0.2468766868 -0.3869579732 -0.8884342313 0.9683704376 0.0642625615 0.2410996258 -0.0362023674 -0.9198553562 0.3905836046
-488.5 -12.3 2345.0 -0.4611694515 -0.3869579732 -0.7984899879 0.8503568769 0.0642625615 -0.5222676992 0.2534086704 -0.9198553562 0.2994164526
-146.7 259.4 2383.1 0.5152370930 0.7586893439 0.3986492157 -0.1723356396 0.5473558903 -0.8189639449 -0.8395422101 0.3532591462 0.4127672613
-47.0 226.0 2220.5 -0.5464994907 0.7586893439 0.3545825183 0.8299103379 0.5473558903 0.1079368517 -0.1121922806 0.3532591462 -0.9287738800
-349.8 -146.5 2436.9 0.9591274261 0.2135921717 -0.1856151521 -0.2304524928 0.9702401757 -0.0743343756 0.1642140448 0.1140716150 0.9798068404
-433.5 -526.5 2392.2 0.9716833830 0.0288582649 -0.2345178425 -0.1057961285 0.9406032562 -0.3226029873 0.2112784982 0.3382790387 0.9170216322
-172.6 -126.9 2466.5 -0.7625648379 -0.0132051054 0.6467769742 -0.0251020249 0.9996426702 -0.0091863731 -0.6464245915 -0.0232406184 -0.7626238465
-167.5 -518.3 2475.6 -0.7833483815 -0.0790153667 0.6165402532 0.1197094917 0.9541412592 0.2743795812 -0.6099466681 0.2887405157 -0.7379660606
-364.9 -240.2 2277.1 0 0 0 0 0 0 0 0 0
-202.0 461.5 2188.7 0 0 0 0 0 0 0 0 0
-440.9 -769.7 2304.7 0 0 0 0 0 0 0 0 0
-147.2 -762.6 2401.6 0 0 0 0 0 0 0 0 0
-244.9 522.1 2338.0 3 0.9697237611 0.1500193477 -0.1926913857 -0.1315058768 0.9856759906 0.1055890173 0.2057716697 -0.0770521313 0.9755618572
-286.6 248.1 2359.5 0.9697237611 0.1500193477 -0.1926913857 -0.1315058768 0.9856759906 0.1055890173 0.2057716697 -0.0770521313 0.9755618572
-274.8 58.6 2407.5 0.9804888368 -0.0606627129 -0.1869803071 0.1038037688 0.9675375819 0.2304252386 0.1669322550 -0.2453386337 0.9549568295
-426.4 233.3 2335.7 0.2851411998 -0.4003411829 -0.8708739281 0.9566184282 0.0621815100 0.2846307456 -0.0597971566 -0.9142540097 0.4007042646
-496.9 -3.3 2350.5 -0.4814732969 -0.4003411829 -0.7796860933 0.8346111178 0.0621815100 -0.5473186970 0.2675962746 -0.9142540097 0.3041904569
-146.9 262.9 2383.2 0.5090055466 0.7616563439 0.4009899795 -0.1826985031 0.5508375764 -0.8143704534 -0.8411507607 0.3412587941 0.4195328355
-47.9 227.3 2219.7 -0.5505214930 0.7616563439 0.3417684138 0.8278616071 0.5508375764 0.1059392467 -0.1075695753 0.3412587941 -0.9337940216
-352.9 -143.1 2438.4 0.9601834416 0.2057505250 -0.1889826953 -0.2235082984 0.9715918303 -0.0778031647 0.1676059961 0.1169445142 0.9788933396
-433.5 -523.6 2392.6 0.9713644981 0.0293715671 -0.2357716709 -0.1076369211 0.9390578866 -0.3264729977 0.2118142098 0.3425020278 0.9153289795
-175.6 -125.3 2468.3 -0.7611782551 -0.0178345386 0.6482974291 -0.0309010390 0.9994838238 -0.0087858858 -0.6478061080 -0.0267206896 -0.7613365054
-168.6 -516.7 2478.8 -0.7848557234 -0.0846917555 0.6138638258 0.1227119789 0.9497578144 0.2879268229 -0.6074069738 0.3013094664 -0.7350301743
-367.9 -226.9 2278.8 0 0 0 0 0 0 0 0 0
-204.4 462.6 2189.1 0 0 0 0 0 0 0 0 0
-441.2 -768.5 2303.3 0 0 0 0 0 0 0 0 0
-146.4 -765.2 2400.0 0 0 0 0 0 0 0 0 0
-246.5 527.4 2345.7 4 0.9700748920 0.1565535218 -0.1855954528 -0.1429695636 0.9861109257 0.0845276415 0.1962508112 -0.0554636456 0.9789838791
-290.3 251.4 2361.2 0.9700748920 0.1565535218 -0.1855954528 -0.1429695636 0.9861109257 0.0845276415 0.1962508112 -0.0554636456 0.9789838791
-276.6 62.0 2408.7 0.9813174009 -0.0698600709 -0.1792645454 0.1103854999 0.9675722718 0.2271979600 0.1575793475 -0.2427415103 0.9572070241
-430.2 235.7 2338.7 0.2907343209 -0.4159194529 -0.8616754413 0.9545591474 0.0644325092 0.2909730673 -0.0655014515 -0.9071159959 0.4157524407
-500.9 3.3 2354.7 -0.4861108959 -0.4159194529 -0.7685747743 0.8272675276 0.0644325092 -0.5581011772 0.2816463411 -0.9071159959 0.3127552867
-150.5 267.2 2383.6 0.5190405250 0.7646363378 0.3820054829 -0.2026739717 0.5442726612 -0.8140580654 -0.8303735256 0.3451065421 0.4374714494
-47.3 226.9 2218.6 -0.5393026471 0.7646363378 0.3528227508 0.8335596919 0.5442726612 0.0945808887 -0.1197117940 0.3451065421 -0.9308977127
-351.5 -140.2 2440.5 0.9619902968 0.2072086483 -0.1778741181 -0.2234237343 0.9717262387 -0.0763539448 0.1570237428 0.1131930575 0.9810865521
-432.7 -520.9 2396.1 0.9733620882 0.0320794322 -0.2270179540 -0.1089106053 0.9360100031 -0.3346994519 0.2017541230 0.3505084217 0.9145704508
-174.3 -121.5 2470.6 -0.7674370408 -0.0133460285 0.6409853697 -0.0242364258 0.9996725917 -0.0082034199 -0.6406660080 -0.0218308028 -0.7675092816
-169.0 -513.0 2479.2 -0.7891798019 -0.0847848654 0.6082818508 0.1200786904 0.9500098825 0.2882054448 -0.6023092270 0.3004875779 -0.7395477295
-370.7 -218.4 2279.2 0 0 0 0 0 0 0 0 0
-200.3 463.4 2184.6 0 0 0 0 0 0 0 0 0
-441.1 -767.7 2303.7 0 0 0 0 0 0 0 0 0
-146.5 -765.3 2399.4 0 0 0 0 0 0 0 0 0
-246.9 522.9 2335.0 5 0.9714660645 0.1534023732 -0.1808906198 -0.1311626136 0.9829129577 0.1291452348 0.1976109147 -0.1017341316 0.9749872088
-288.6 255.8 2362.6 0.9714660645 0.1534023732 -0.1808906198 -0.1311626136 0.9829129577 0.1291452348 0.1976109147 -0.1017341316 0.9749872088
-273.4 65.1 2403.6 0.9808684587 -0.0778476372 -0.1784287393 0.1124580726 0.9747459888 0.1929336190 0.1589032859 -0.2093082517 0.9648522139
-428.4 239.8 2340.0 0.2942689359 -0.4062840641 -0.8650659323 0.9540946484 0.0720737651 0.2907038629 -0.0557597913 -0.9108998775 0.4088425338
-501.4 3.0 2353.8 -0.4893916845 -0.4062840641 -0.7716404796 0.8246846795 0.0720737651 -0.5609817505 0.2835329771 -0.9108998775 0.2997839451
-148.8 271.9 2385.3 0.5125555992 0.7676365376 0.3847348690 -0.2098831236 0.5464808941 -0.8107451797 -0.8326078653 0.3348025978 0.4412157834
-45.5 229.5 2217.4 -0.5441158414 0.7676365376 0.3386326730 0.8317569494 0.5464808941 0.0976676345 -0.1100830361 0.3348025978 -0.9358359575
-351.7 -137.5 2442.0 0.9631369710 0.2110754997 -0.1667763591 -0.2256945223 0.9713845253 -0.0739869028 0.1463871598 0.1089000329 0.9832149148
-434.3 -518.0 2399.3 0.9754449129 0.0262973960 -0.2186678648 -0.1013965383 0.9349899292 -0.3398713470 0.1955145150 0.3536979258 0.9146977067
-174.3 -117.6 2470.5 -0.7687811255 -0.0121224504 0.6393970847 -0.0176520981 0.9998416305 -0.0022678685 -0.6392683387 -0.0130301947 -0.7688733339
-169.5 -509.2 2475.6 -0.7872739434 -0.0865288079 0.6105018854 0.1102151722 0.9544115663 0.2774006724 -0.6066732407 0.2856768668 -0.7418465614
-370.2 -218.1 2277.8 0 0 0 0 0 0 0 0 0
-198.7 463.9 2186.4 0 0 0 0 0 0 0 0 0
-441.4 -768.4 2304.6 0 0 0 0 0 0 0 0 0
-146.3 -765.0 2399.0 0 0 0 0 0 0 0 0 0
-245.5 513.7 2323.1 6 0.9699050784 0.1223469302 -0.2105121464 -0.0840018839 0.9796427488 0.1823288053 0.2285340577 -0.1591582149 0.9604378343
-277.0 261.5 2364.1 0.9699050784 0.1223469302 -0.2105121464 -0.0840018839 0.9796427488 0.1823288053 0.2285340577 -0.1591582149 0.9604378343
-271.4 69.9 2403.0 0.9772556424 -0.0282652676 -0.2101723999 0.0690630972 0.9794675112 0.1894035190 0.2005034983 -0.1996108294 0.9591422677
-416.0 251.7 2335.6 0.3158568442 -0.4018667340 -0.8594984412 0.9468511343 0.0753724873 0.3127169311 -0.0608879961 -0.9125908613 0.4043149054
-498.6 4.0 2351.5 -0.4726716280 -0.4018667340 -0.7842733264 0.8364949226 0.0753724873 -0.5427662730 0.2772323489 -0.9125908613 0.3005330563
-138.0 271.3 2392.6 0.4568779469 0.7923721671 0.4042386115 -0.2035568058 0.5355133414 -0.8196280003 -0.8659256101 0.2921844423 0.4059570134
-45.2 230.0 2216.9 -0.5288051367 0.7923721671 0.3041568995 0.8417539597 0.5355133414 0.0683789924 -0.1086984798 0.2921844423 -0.9501646757
-346.8 -135.9 2430.2 0.9538604021 0.2191282809 -0.2052634656 -0.2350566983 0.9703425765 -0.0564240031 0.1868117750 0.1020691767 0.9770789146
-432.6 -516.0 2390.2 0.9664310217 0.0348299183 -0.2545544207 -0.1139459163 0.9461060762 -0.3031495810 0.2302768081 0.3219785988 0.9183149338
-169.4 -115.6 2458.9 -0.7421683073 -0.0032021122 0.6702059507 -0.0198651757 0.9996543527 -0.0172220170 -0.6699191332 -0.0260953922 -0.7419753671
-168.2 -507.1 2469.1 -0.7599501014 -0.0821952596 0.6447633505 0.1095215678 0.9615954161 0.2516729832 -0.6406877637 0.2618744075 -0.7217624187
-371.9 -220.2 2277.2 0 0 0 0 0 0 0 0 0
-192.9 465.1 2186.5 0 0 0 0 0 0 0 0 0
-441.9 -767.6 2304.6 0 0 0 0 0 0 0 0 0
-146.0 -766.2 2398.6 0 0 0 0 0 0 0 0 0
-245.4 510.3 2317.7 7 0.9686727524 0.1071951762 -0.2240141630 -0.0605492070 0.9767659903 0.2055773288 0.2408463061 -0.1855732650 0.9526571631
-272.6 262.9 2364.7 0.9686727524 0.1071951762 -0.2240141630 -0.0605492070 0.9767659903 0.2055773288 0.2408463061 -0.1855732650 0.9526571631
-270.9 71.5 2405.5 0.9745075107 -0.0085279914 -0.2241926640 0.0550381504 0.9778292775 0.2020412832 0.2174991518 -0.2092299014 0.9533713460
-411.3 255.0 2333.7 0.3649685383 -0.4466240406 -0.8168995976 0.9249944091 0.0742843971 0.3726488352 -0.1057510227 -0.8916326761 0.4402362108
-503.3 21.7 2360.4 -0.4563620090 -0.4466240406 -0.7695847750 0.8382554054 0.0742843971 -0.5401940942 0.2984318137 -0.8916326761 0.3404844403
-133.8 270.7 2395.7 0.4450924397 0.8127555847 0.3759270012 -0.2445917279 0.5141803622 -0.8220665455 -0.8614334464 0.2739469707 0.4276510775
-42.0 220.2 2218.0 -0.5061696172 0.8127555847 0.2884800136 0.8560215235 0.5141803622 0.0533455089 -0.1049738973 0.2739469707 -0.9559987187
-354.1 -127.9 2423.8 0.9551385641 0.1977916211 -0.2204286158 -0.2091218531 0.9774574637 -0.0290680993 0.2097101659 0.0738605037 0.9749698639
-431.5 -510.5 2394.9 0.9627436399 0.0361479446 -0.2679887712 -0.1213957965 0.9433250427 -0.3088703156 0.2416354865 0.3298956454 0.9125684500
-177.7 -115.4 2459.9 -0.7301320434 -0.0234104525 0.6829049587 -0.0403299853 0.9991470575 -0.0088676019 -0.6821148992 -0.0340160653 -0.7304534316
-168.5 -506.7 2473.3 -0.7530608177 -0.0766334310 0.6534728408 0.1196413487 0.9606862664 0.2505351305 -0.6469817758 0.2668505609 -0.7142866254
-381.0 -203.0 2280.4 0 0 0 0 0 0 0 0 0
-182.7 458.3 2188.8 0 0 0 0 0 0 0 0 0
-441.3 -767.7 2304.9 0 0 0 0 0 0 0 0 0
-148.0 -764.1 2401.7 0 0 0 0 0 0 0 0 0
-246.1 509.7 2314.5 8 0.9821321964 0.0859868899 -0.1673996300 -0.0469137244 0.9732971787 0.2247037143 0.1822511554 -0.2128354013 0.9599404335
-265.7 287.7 2363.0 0.9821321964 0.0859868899 -0.1673996300 -0.0469137244 0.9732971787 0.2247037143 0.1822511554 -0.2128354013 0.9599404335
-270.0 96.6 2404.7 0.9855332971 0.0220792275 -0.1680374295 0.0144645283 0.9769028425 0.2131937891 0.1688634008 -0.2125401646 0.9624509215
-405.8 285.7 2339.0 0.3625276983 -0.4699937701 -0.8047853708 0.9265125990 0.0884123296 0.3657288849 -0.1007373482 -0.8782306910 0.4675070941
-506.3 29.0 2366.9 -0.4621458054 -0.4699937701 -0.7520153522 0.8230451345 0.0884123296 -0.5610525012 0.3301786184 -0.8782306910 0.3459667265
-125.7 289.8 2387.1 0.4276659191 0.8560398817 0.2903404534 -0.4127798378 0.4706952572 -0.7797812223 -0.8041856885 0.2136391848 0.5546563268
-37.2 204.3 2220.6 -0.4816306829 0.8560398817 0.1876902133 0.8763737679 0.4706952572 0.1020541415 -0.0009824772 0.2136391848 -0.9769121408
-357.7 -121.9 2427.1 0.9657691717 0.1853121668 -0.1815192997 -0.1984828264 0.9784372449 -0.0571413971 0.1670162529 0.0912138671 0.9817258120
-430.7 -507.7 2391.1 0.9743448496 0.0397862941 -0.2215155363 -0.1060568392 0.9492834210 -0.2959949076 0.1985044777 0.3118943572 0.9291490316
-181.2 -114.8 2466.0 -0.7638983727 -0.0317895375 0.6445531249 -0.0337670222 0.9993867278 0.0092707165 -0.6444525719 -0.0146827539 -0.7645033002
-168.8 -506.2 2471.8 -0.7829042673 -0.0774226785 0.6173059344 0.1042773947 0.9618597031 0.2528875172 -0.6133409739 0.2623577714 -0.7449706793
-382.5 -191.5 2278.4 0 0 0 0 0 0 0 0 0
-153.9 416.9 2220.4 0 0 0 0 0 0 0 0 0
-441.6 -767.1 2305.9 0 0 0 0 0 0 0 0 0
-148.1 -762.8 2401.8 0 0 0 0 0 0 0 0 0
-246.5 513.3 2319.4 9 0.9816077352 0.0692005754 -0.1779257506 -0.0331437998 0.9796117544 0.1981471628 0.1880100518 -0.1886056513 0.9638880491
-263.3 275.5 2365.2 0.9816077352 0.0692005754 -0.1779257506 -0.0331437998 0.9796117544 0.1981471628 0.1880100518 -0.1886056513 0.9638880491
-266.9 83.5 2403.1 0.9838312268 0.0186160207 -0.1781278253 0.0164975878 0.9809347391 0.1936359257 0.1783365011 -0.1934437603 0.9647670984
-403.3 273.2 2339.8 0.4548648298 -0.5042425394 -0.7340554595 0.8736086488 0.0925864950 0.4777401984 -0.1729333103 -0.8585844040 0.4826250076
-513.5 61.5 2381.7 -0.4467455447 -0.5042425394 -0.7390249372 0.8228859305 0.0925864950 -0.5606125593 0.3511084616 -0.8585844040 0.3735715151
-123.3 277.8 2390.6 0.4129389822 0.8671035171 0.2785908580 -0.3448384106 0.4319708943 -0.8333592415 -0.8429518938 0.2480576783 0.4773882031
-37.5 206.1 2215.4 -0.4593210816 0.8671035171 0.1927579343 0.8860625029 0.4319708943 0.1682093590 0.0625891164 0.2480576783 -0.9667212367
-362.2 -99.6 2429.8 0.9678642750 0.1697991192 -0.1854912192 -0.1818991601 0.9820368886 -0.0501624979 0.1736416668 0.0822911859 0.9813647270
-428.0 -480.5 2397.9 0.9739878774 0.0427168682 -0.2225374877 -0.1096664816 0.9482580423 -0.2979597151 0.1982950419 0.3146140277 0.9282764196
-185.4 -93.6 2461.6 -0.7565920353 -0.0355614386 0.6529195309 -0.0557306893 0.9983937144 -0.0102019906 -0.6515079737 -0.0441063978 -0.7573586106
-171.5 -484.1 2478.9 -0.7807826400 -0.0833755881 0.6192148328 0.1029115692 0.9603593946 0.2590734363 -0.6162691712 0.2660044134 -0.7412516475
-393.8 -159.0 2287.6 0 0 0 0 0 0 0 0 0
-151.7 426.6 2231.0 0 0 0 0 0 0 0 0 0
-440.8 -765.1 2303.4 0 0 0 0 0 0 0 0 0
-147.3 -763.1 2401.6 0 0 0 0 0 0 0 0 0
-244.6 509.6 2315.3 0 0.9761911035 0.0951806679 -0.1949143261 -0.0515891388 0.9746779203 0.2175809443 0.2106881887 -0.2023451179 0.9563822150
-267.9 271.3 2364.8 0.9761911035 0.0951806679 -0.1949143261 -0.0515891388 0.9746779203 0.2175809443 0.2106881887 -0.2023451179 0.9563822150
-268.3 79.2 2402.5 0.9805341363 0.0025527375 -0.1963322163 0.0353295766 0.9813020229 0.1892041117 0.1931441724 -0.1924574226 0.9621099234
-407.5 266.3 2337.3 0.4725823402 -0.5572482944 -0.6827446818 0.8554309607 0.1037728414 0.5074141622 -0.2119053006 -0.8238359094 0.5257286429
-514.7 72.3 2385.3 -0.4261531830 -0.5572482944 -0.7126484513 0.8157839179 0.1037728414 -0.5689707994 0.3910115361 -0.8238359094 0.4103710651
-128.2 276.3 2392.3 0.4217871428 0.8435361385 0.3324790895 -0.2514489293 0.4611343443 -0.8509574533 -0.8711308837 0.2753213942 0.4066067934
-41.0 224.3 2212.1 -0.4863441288 0.8435361385 0.2278511524 0.8733401299 0.4611343443 0.1569461673 0.0273197722 0.2753213942 -0.9609639645
-358.8 -111.9 2424.2 0.9639818072 0.1727679819 -0.2022134066 -0.1907381862 0.9789307117 -0.0728945881 0.1853590608 0.1088388786 0.9766248465
-426.1 -493.3 2381.8 0.9714763165 0.0551175587 -0.2306420803 -0.1144438386 0.9608231187 -0.2524312139 0.2076928616 0.2716265023 0.9397248030
-181.6 -107.2 2457.1 -0.7467126846 -0.0309264082 0.6644273400 -0.0409263074 0.9991620183 0.0005121682 -0.6638864279 -0.0268101171 -0.7473526597
-169.5 -498.2 2467.6 -0.7658144236 -0.0782052651 0.6382884979 0.0985555723 0.9665774107 0.2366746664 -0.6354644299 0.2441557646 -0.7325113416
-400.5 -146.2 2280.6 0 0 0 0 0 0 0 0 0
-163.4 444.1 2218.9 0 0 0 0 0 0 0 0 0
-441.7 -765.6 2304.8 0 0 0 0 0 0 0 0 0
-148.2 -762.5 2400.8 0 0 0 0 0 0 0 0 0
-244.2 505.3 2307.3 1 0.9751232862 0.0812361240 -0.2062406838 -0.0279979985 0.9681109786 0.2489522547 0.2198877931 -0.2369848192 0.9463020563
-262.3 288.5 2360.4 0.9751232862 0.0812361240 -0.2062406838 -0.0279979985 0.9681109786 0.2489522547 0.2198877931 -0.2369848192 0.9463020563
-268.0 97.5 2402.3 0.9776725769 0.0290097520 -0.2081220299 0.0169633199 0.9762966633 0.2157709897 0.2094482929 -0.2144838125 0.9540063143
-401.6 286.1 2330.5 0.4632761180 -0.5763495564 -0.6731986403 0.8571584821 0.0984945297 0.5055473447 -0.2250656188 -0.8112459183 0.5396531224
-519.5 67.8 2387.8 -0.4465451539 -0.5763495564 -0.6844111085 0.7934408784 0.0984945297 -0.6006250381 0.4135807455 -0.8112459183 0.4133170545
-123.1 291.0 2390.2 0.3917689025 0.8530036211 0.3448215723 -0.2804233730 0.4676512778 -0.8382511735 -0.8762875199 0.2317047268 0.4224133790
-42.7 233.4 2210.4 -0.4931985438 0.8530036211 0.1707043946 0.8675006032 0.4676512778 0.1695434302 0.0647910386 0.2317047268 -0.9706261158
-357.1 -117.0 2422.5 0.9578500986 0.1808699816 -0.2231799066 -0.1986977905 0.9782222509 -0.0600038394 0.2074666619 0.1018200368 0.9729287028
-427.8 -499.2 2382.7 0.9655744433 0.0539480858 -0.2544713020 -0.1200083345 0.9603160024 -0.2517760396 0.2307900190 0.2736471593 0.9337307811
-180.2 -109.8 2457.7 -0.7359788418 -0.0289522056 0.6763852239 -0.0447674878 0.9989796877 -0.0059511322 -0.6755228043 -0.0346599743 -0.7365240455
-168.9 -500.9 2471.3 -0.7581310868 -0.0748871937 0.6477879286 0.1128147617 0.9633432031 0.2433982491 -0.6422694921 0.2576078176 -0.7218919992
-400.0 -144.7 2277.0 0 0 0 0 0 0 0 0 0
-119.7 368.8 2220.5 0 0 0 0 0 0 0 0 0
-442.6 -762.8 2307.5 0 0 0 0 0 0 0 0 0
-148.7 -761.2 2401.7 0 0 0 0 0 0 0 0 0
-242.7 501.7 2301.3 2 0.9749818444 0.0738484263 -0.2096589357 -0.0148088140 0.9626842141 0.2702216804 0.2217907906 -0.2603564262 0.9396932125
-258.5 296.0 2356.9 0.9749818444 0.0738484263 -0.2096589357 -0.0148088140 0.9626842141 0.2702216804 0.2217907906 -0.2603564262 0.9396932125
-267.3 105.8 2402.2 0.9762893915 0.0448297150 -0.2117765099 0.0065052728 0.9718030095 0.2357045263 0.2163716108 -0.2314934880 0.9484693408
-397.6 295.0 2326.1 0.4950695932 -0.5878189206 -0.6398242116 0.8239548206 0.0839673355 0.5603998303 -0.2756893039 -0.8046231270 0.5259059072
-525.5 82.1 2397.3 -0.4508812726 -0.5878189206 -0.6716955900 0.7917983532 0.0839673355 -0.6049833298 0.4120211601 -0.8046231270 0.4275747836
-119.4 296.9 2387.8 0.3894107342 0.8718947768 0.2969154716 -0.3443360627 0.4367952347 -0.8310490847 -0.8542786241 0.2213807255 0.4703175724
-36.7 223.9 2206.5 -0.4733544588 0.8718947768 0.1254394203 0.8675661683 0.4367952347 0.2377789468 0.1525268704 0.2213807255 -0.9631854296
-361.9 -95.6 2425.2 0.9580831528 0.1655710638 -0.2338008583 -0.1829740256 0.9815968871 -0.0546631180 0.2204475701 0.0951512977 0.9707466960
-426.7 -479.6 2388.0 0.9635964632 0.0510735810 -0.2624373734 -0.1195089668 0.9603435397 -0.2519086003 0.2391641736 0.2741018534 0.9314873219
-185.4 -92.1 2463.2 -0.7314941883 -0.0420416333 0.6805503368 -0.0531808324 0.9985746145 0.0045261024 -0.6797705889 -0.0328814164 -0.7326873541
-169.0 -483.1 2476.1 -0.7555003762 -0.0698811114 0.6514106393 0.1178356782 0.9635859728 0.2400350273 -0.6444640756 0.2581059635 -0.7197551131
-404.7 -130.1 2286.9 0 0 0 0 0 0 0 0 0
-99.0 338.0 2226.5 0 0 0 0 0 0 0 0 0
-441.8 -763.7 2306.9 0 0 0 0 0 0 0 0 0
-148.7 -762.0 2401.4 0 0 0 0 0 0 0 0 0
-240.2 496.0 2297.8 3 0.9770566225 0.0730016828 -0.2000776231 -0.0126608033 0.9576687217 0.2875939310 0.2126029283 -0.2784624100 0.9366208911
-255.3 296.7 2355.7 0.9770566225 0.0730016828 -0.2000776231 -0.0126608033 0.9576687217 0.2875939310 0.2126029283 -0.2784624100 0.9366208911
-266.2 107.1 2403.2 0.9776750207 0.0554894172 -0.2026635557 -0.0033911362 0.9685417414 0.2488280833 0.2100954354 -0.2425857484 0.9471071959
-394.6 297.2 2325.8 0.5192447901 -0.6052404046 -0.6033812165 0.8001637459 0.0962889344 0.5920020342 -0.3002046347 -0.7901977301 0.5342890024
-526.4 94.2 2401.9 -0.4322445393 -0.6052404046 -0.6684674025 0.7938200831 0.0962889344 -0.6004815698 0.4278017282 -0.7901977301 0.4388316274
-116.1 296.2 2385.7 0.3791364431 0.8869912028 0.2636326551 -0.3573983312 0.4031616747 -0.8424530029 -0.8535349965 0.2251827568 0.4698624611
-33.8 218.7 2200.5 -0.4500195384 0.8869912028 0.1035810411 0.8640326262 0.4031616747 0.3015099168 0.2256767452 0.2251827568 -0.9478200078
-364.2 -85.3 2427.9 0.9597921968 0.1578022540 -0.2321581692 -0.1770053655 0.9821125865 -0.0642182380 0.2178716809 0.1027294025 0.9705558419
-426.0 -469.7 2387.7 0.9649785161 0.0547348335 -0.2565551698 -0.1179947853 0.9640365839 -0.2381400019 0.2342940271 0.2600721717 0.9367330074
-187.9 -83.8 2467.1 -0.7368164062 -0.0449324325 0.6745981574 -0.0427289121 0.9988892674 0.0198624358 -0.6747412682 -0.0141898748 -0.7379179001
-170.3 -475.0 2472.7 -0.7561108470 -0.0729270279 0.6503675580 0.1026250497 0.9682648778 0.2278843522 -0.6463469863 0.2390498370 -0.7246314287
-410.5 -118.5 2287.3 0 0 0 0 0 0 0 0 0
-96.8 339.6 2232.1 0 0 0 0 0 0 0 0 0
-442.6 -762.7 2308.6 0 0 0 0 0 0 0 0 0
-148.6 -762.7 2401.6 0 0 0 0 0 0 0 0 0
-238.5 493.1 2295.5 4 0.9777873158 0.0731766820 -0.1964105070 -0.0124046616 0.9556363821 0.2942876220 0.2092320174 -0.2853142917 0.9353169203
-253.6 296.3 2354.3 0.9777873158 0.0731766820 -0.1964105070 -0.0124046616 0.9556363821 0.2942876220 0.2092320174 -0.2853142917 0.9353169203
-265.4 107.1 2403.3 0.9781433940 0.0603532121 -0.1989798844 -0.0072799013 0.9663025737 0.2573058009 0.2078040093 -0.2502334416 0.9456218481
-392.9 297.4 2324.6 0.5313695669 -0.6055651903 -0.5923994780 0.7903929949 0.1027620509 0.6039196253 -0.3048365116 -0.7891328931 0.5332391262
-527.5 97.2 2401.8 -0.4257763028 -0.6055651903 -0.6723133922 0.7959202528 0.1027620509 -0.5966162682 0.4303783476 -0.7891328931 0.4382279515
-114.2 295.3 2383.9 0.3750564158 0.8929130435 0.2490762472 -0.3621760905 0.3884790838 -0.8472971320 -0.8533235788 0.2275747657 0.4690933526
-32.5 216.4 2198.0 -0.4370839596 0.8929130435 0.1079994589 0.8692024350 0.3884790838 0.3058940172 0.2311812192 0.2275747657 -0.9459201694
-365.4 -82.3 2431.7 0.9605202079 0.1474732012 -0.2359080166 -0.1730440408 0.9806519151 -0.0915289670 0.2178455740 0.1287378967 0.9674553275
-423.1 -466.2 2381.3 0.9654221535 0.0617147237 -0.2532812655 -0.1195895299 0.9681569934 -0.2199327201 0.2316429466 0.2426176965 0.9420605898
-188.7 -82.8 2469.7 -0.7386409044 -0.0476970822 0.6724095941 -0.0444085822 0.9987697601 0.0220645424 -0.6726347804 -0.0135629829 -0.7398503423
-170.0 -474.0 2475.0 -0.7588047981 -0.0712623373 0.6474078298 0.1064997837 0.9670428038 0.2312704176 -0.6425519586 0.2444379032 -0.7262073159
-413.4 -116.1 2286.5 0 0 0 0 0 0 0 0 0
-102.2 355.1 2234.9 0 0 0 0 0 0 0 0 0
-441.9 -760.9 2307.4 0 0 0 0 0 0 0 0 0
-148.9 -761.0 2402.5 0 0 0 0 0 0 0 0 0
-239.3 494.1 2294.4 5 0.9717314243 0.1350095570 -0.1936760843 -0.0738444254 0.9530017376 0.2938276231 0.2242431790 -0.2712196410 0.9360314608
-270.4 274.6 2356.9 0.9717314243 0.1350095570 -0.1936760843 -0.0738444254 0.9530017376 0.2938276231 0.2242431790 -0.2712196410 0.9360314608
-269.5 85.8 2407.4 0.9804998040 -0.0048055672 -0.1964613050 0.0553832017 0.9659375548 0.2527792454 0.1885545999 -0.2587306499 0.9473677278
-409.8 266.7 2330.0 0.5374506712 -0.6150454879 -0.5769452453 0.7749413848 0.0903874040 0.6255365610 -0.3325848579 -0.7832937837 0.5252029300
-527.3 97.3 2402.7 -0.4297715425 -0.6150454879 -0.6610714197 0.7944442630 0.0903874040 -0.6005733609 0.4291324914 -0.7832937837 0.4497734308
-131.0 282.5 2383.7 0.4520619512 0.8657166958 0.2148828208 -0.2634435296 0.3597391248 -0.8950895071 -0.8521956801 0.3480264246 0.3906918466
-34.4 226.2 2201.7 -0.4366197884 0.8657166958 0.2447402775 0.8827263713 0.3597391248 0.3022944331 0.1736586839 0.3480264246 -0.9212601781
-364.4 -85.2 2434.4 0.9661512375 0.1459733397 -0.2127053142 -0.1722251624 0.9788361788 -0.1105358973 0.1920683682 0.1434276104 0.9708440900
-421.0 -465.2 2378.7 0.9715076685 0.0673920438 -0.2272249758 -0.1176684648 0.9693676829 -0.2155931592 0.2057352811 0.2361876220 0.9496780634
-188.8 -82.7 2471.1 -0.7521291375 -0.0461843573 0.6573954821 -0.0333294645 0.9989305139 0.0320460163 -0.6581724286 0.0021921024 -0.7528640032
-170.7 -474.0 2470.2 -0.7680903673 -0.0759576857 0.6358203888 0.0911175087 0.9698710442 0.2259374559 -0.6338254809 0.2314747572 -0.7380275726
-412.1 -115.7 2287.7 0 0 0 0 0 0 0 0 0
-125.1 409.5 2237.8 0 0 0 0 0 0 0 0 0
-441.6 -761.3 2306.5 0 0 0 0 0 0 0 0 0
-148.2 -761.8 2401.5 0 0 0 0 0 0 0 0 0
-239.7 493.4 2296.3 6 0.9687738419 0.1835964173 -0.1666420102 -0.1323872209 0.9512863755 0.2784381807 0.2096445262 -0.2476823479 0.9458872080
-285.2 257.9 2357.7 0.9687738419 0.1835964173 -0.1666420102 -0.1323872209 0.9512863755 0.2784381807 0.2096445262 -0.2476823479 0.9458872080
-274.1 68.9 2405.7 0.9838817716 -0.0568105727 -0.1695559472 0.0962425396 0.9673787355 0.2343411595 0.1507117599 -0.2468824834 0.9572538733
-425.0 244.1 2336.2 0.5108724833 -0.6175894737 -0.5979903936 0.7993096709 0.0852241665 0.5948452950 -0.3164069653 -0.7818695903 0.5371839404
-526.4 85.6 2398.9 -0.4478893876 -0.6175894737 -0.6465124488 0.7790615559 0.0852241665 -0.6211279631 0.4387005866 -0.7818695903 0.4429692328
-145.4 271.6 2379.1 0.5272327065 0.8271235228 0.1946596503 -0.1886073053 0.3372863531 -0.9223151207 -0.8285245895 0.4495604634 0.3338299394
-33.8 231.7 2203.9 -0.4435543418 0.8271235228 0.3451467156 0.8829863667 0.3372863531 0.3264552355 0.1536055058 0.4495604634 -0.8799436092
-356.3 -109.8 2441.4 0.9698331356 0.1751066297 -0.1695918590 -0.1985380203 0.9710649252 -0.1327235997 0.1414439231 0.1623901725 0.9765362740
-424.6 -488.3 2378.1 0.9804913998 0.0585037246 -0.1876536906 -0.1031213179 0.9658513069 -0.2376913875 0.1673397422 0.2524054646 0.9530419111
-180.1 -97.9 2475.0 -0.7787501812 -0.0285480712 0.6266842484 -0.0035018523 0.9991462827 0.0411636829 -0.6273243427 0.0298616719 -0.7781853676
-168.9 -489.1 2463.3 -0.7881050110 -0.0762183890 0.6108037233 0.0795174912 0.9713830352 0.2238122821 -0.6103830338 0.2249571681 -0.7594911456
-406.3 -123.3 2281.3 0 0 0 0 0 0 0 0 0
-136.7 436.4 2239.5 0 0 0 0 0 0 0 0 0
-441.1 -760.3 2307.0 0 0 0 0 0 0 0 0 0
-147.7 -759.3 2400.7 0 0 0 0 0 0 0 0 0
-242.5 497.1 2297.8 7 0.9694274068 0.2031456977 -0.1376311183 -0.1621210128 0.9512970448 0.2622034550 0.1841935813 -0.2318743169 0.9551476240
-295.2 250.3 2358.0 0.9694274068 0.2031456977 -0.1376311183 -0.1621210128 0.9512970448 0.2622034550 0.1841935813 -0.2318743169 0.9551476240
-276.3 61.9 2406.5 0.9855517149 -0.0965409428 -0.1391677856 0.1275268793 0.9636907578 0.2345996946 0.1114662290 -0.2489577681 0.9620786309
-435.3 232.1 2342.1 0.4710757732 -0.5736033916 -0.6701244712 0.8484652042 0.0868882835 0.5220701694 -0.2412352413 -0.8145118952 0.5276134610
-523.4 73.5 2387.2 -0.4488845468 -0.5736033916 -0.6851874590 0.7984169722 0.0868882835 -0.5958026052 0.4012891650 -0.8145118952 0.4189718664
-155.1 268.5 2373.9 0.5819550157 0.7954443097 0.1691055745 -0.1556697786 0.3130648136 -0.9368870258 -0.7981824875 0.5189014673 0.3060162663
-33.1 235.8 2206.4 -0.4461797774 0.7954443097 0.4101121128 0.8819654584 0.3130648136 0.3523171246 0.1518569887 0.5189014673 -0.8412376046
-351.4 -129.8 2440.4 0.9725581408 0.1939958781 -0.1284378171 -0.2114576101 0.9672800899 -0.1401960254 0.0970378965 0.1635079384 0.9817579985
-427.2 -507.7 2376.5 0.9871494770 0.0535088927 -0.1505744159 -0.0909548327 0.9628882408 -0.2541131377 0.1313890070 0.2645431459 0.9553815126
-174.3 -111.4 2467.5 -0.8031176925 -0.0162789617 0.5955979824 -0.0074334596 0.9998226166 0.0173038375 -0.5957740545 0.0094696647 -0.8030962944
-168.0 -502.9 2463.8 -0.8129228354 -0.0716526955 0.5779466629 0.0804934204 0.9690528512 0.2333609462 -0.5767818093 0.2362253517 -0.7819976211
-403.1 -140.4 2279.7 0 0 0 0 0 0 0 0 0
-141.9 451.0 2243.5 0 0 0 0 0 0 0 0 0
-441.4 -762.3 2306.6 0 0 0 0 0 0 0 0 0
-149.0 -759.2 2401.3 0 0 0 0 0 0 0 0 0
-242.6 497.1 2298.5 8 0.9703227878 0.1745672524 -0.1673317999 -0.1308405697 0.9609603882 0.2437948436 0.2033578157 -0.2146659046 0.9552822113
-290.1 235.6 2357.0 0.9703227878 0.1745672524 -0.1673317999 -0.1308405697 0.9609603882 0.2437948436 0.2033578157 -0.2146659046 0.9552822113
-273.8 46.6 2404.8 0.9822613001 -0.0832505524 -0.1680240482 0.1210620627 0.9658243060 0.2291884571 0.1432016492 -0.2454642802 0.9587703347
-429.8 218.3 2336.6 0.3580038548 -0.5008250475 -0.7880403399 0.9259361625 0.0816733390 0.3687433898 -0.1203140318 -0.8616865873 0.4929713905
-502.9 29.3 2361.1 -0.4592910111 -0.5008250475 -0.7336389422 0.8187413216 0.0816733390 -0.5683239698 0.3445495963 -0.8616865873 0.3725343049
-150.3 252.8 2377.4 0.5631238818 0.7969400883 0.2185817212 -0.0696350485 0.3093288243 -0.9484021664 -0.8234333396 0.5188469887 0.2296854109
-32.1 238.2 2204.5 -0.4483527839 0.7969400883 0.4048040211 0.8785134554 0.3093288243 0.3640463650 0.1649055928 0.5188469887 -0.8388110399
-346.2 -138.5 2445.0 0.9642587304 0.2153870463 -0.1543164551 -0.2345367670 0.9648097157 -0.1188895330 0.1232787594 0.1508331597 0.9808423519
-430.4 -515.8 2386.0 0.9808636904 0.0388801061 -0.1907741129 -0.0944574401 0.9518454075 -0.2916644514 0.1702475101 0.3041031063 0.9373030663
-168.6 -115.0 2465.0 -0.7840019464 -0.0007997330 0.6207578182 -0.0020042527 0.9999971986 -0.0012430086 -0.6207550764 -0.0022186767 -0.7840014100
-168.3 -506.5 2465.9 -0.7946810126 -0.0780717507 0.6019857526 0.0880852863 0.9663672447 0.2416098416 -0.6006022096 0.2450288534 -0.7610767484
-380.0 -189.8 2269.0 0 0 0 0 0 0 0 0 0
-144.2 457.8 2245.7 0 0 0 0 0 0 0 0 0
-440.5 -763.8 2306.8 0 0 0 0 0 0 0 0 0
-147.6 -762.1 2401.1 0 0 0 0 0 0 0 0 0
-242.0 494.8 2300.4 9 0.9670364261 0.1742639393 -0.1856682152 -0.1296923310 0.9645537734 0.2298171520 0.2191358209 -0.1981618106 0.9553592801
-289.6 231.2 2354.6 0.9670364261 0.1742639393 -0.1856682152 -0.1296923310 0.9645537734 0.2298171520 0.2191358209 -0.1981618106 0.9553592801
-272.9 43.5 2407.6 0.9790943861 -0.0853473693 -0.1846347302 0.1311284006 0.9587568045 0.2521720231 0.1554975808 -0.2711110711 0.9499048591
-429.0 212.5 2332.4 0.2915809155 -0.4249338508 -0.8569782972 0.9541159272 0.0653797090 0.2922127247 -0.0681420863 -0.9028602839 0.4244996309
-493.1 2.7 2347.4 -0.4630921185 -0.4249338508 -0.7778026462 0.8412926197 0.0653797090 -0.5366117358 0.2788770199 -0.9028602839 0.3272168934
-150.2 249.9 2376.7 0.5651133657 0.7920072079 0.2310225517 -0.0528240837 0.3141838610 -0.9478914142 -0.8233203888 0.5234625340 0.2193865478
-32.8 238.9 2205.6 -0.4463676512 0.7920072079 0.4165098667 0.8829566240 0.3141838610 0.3488209844 0.1454080790 0.5234625340 -0.8395495415
-346.0 -153.6 2439.9 0.9606529474 0.2187180072 -0.1711968184 -0.2384628505 0.9655019641 -0.1046010777 0.1424127370 0.1413094103 0.9796684384
-431.6 -531.5 2384.6 0.9763165116 0.0402256437 -0.2125744969 -0.1046351269 0.9477970600 -0.3012179732 0.1893607974 0.3163268268 0.9295589328
-168.8 -131.5 2465.7 -0.7741694450 -0.0038012175 0.6329669952 0.0034550203 0.9999417067 0.0102308122 -0.6329690218 0.0101072965 -0.7741111517
-167.4 -523.1 2461.7 -0.7851577997 -0.0821898952 0.6138175726 0.0931656435 0.9641983509 0.2482774854 -0.6122478247 0.2521237135 -0.7493906021
-369.4 -222.1 2272.9 0 0 0 0 0 0 0 0 0
-145.7 462.3 2242.4 0 0 0 0 0 0 0 0 0
-441.6 -766.4 2306.2 0 0 0 0 0 0 0 0 0
-147.0 -762.4 2399.1 0 0 0 0 0 0 0 0 0
-242.0 494.8 2299.8 0 0.9695059061 0.1695588529 -0.1769410223 -0.1275485754 0.9656304121 0.2264714539 0.2092598677 -0.1969968230 0.9578113556
-289.7 222.9 2355.3 0.9695059061 0.1695588529 -0.1769410223 -0.1275485754 0.9656304121 0.2264714539 0.2092598677 -0.1969968230 0.9578113556
-273.6 35.1 2408.0 0.9809789062 -0.0823612511 -0.1757756025 0.1257457435 0.9594700336 0.2522009313 0.1478798240 -0.2695068121 0.9515764117
-429.5 205.0 2334.2 0.2526869476 -0.3716711104 -0.8933140039 0.9670925736 0.0686938837 0.2449756116 -0.0296851508 -0.9258195162 0.3767984211
-486.6 -13.7 2341.0 -0.4657899439 -0.3716711104 -0.8030568361 0.8488534689 0.0686938837 -0.5241459012 0.2499749810 -0.9258195162 0.2834973931
-150.0 240.9 2376.4 0.5735630989 0.7774286270 0.2581281662 -0.0108408164 0.3222889602 -0.9465792775 -0.8190896511 0.5401245952 0.1932810098
-30.2 238.6 2205.3 -0.4578535557 0.7774286270 0.4312480390 0.8787708879 0.3222889602 0.3519823551 0.1346546710 0.5401245952 -0.8307427764
-344.6 -156.1 2446.5 0.9605910778 0.2243471295 -0.1641131639 -0.2431649715 0.9642729163 -0.1051118970 0.1346683204 0.1408761293 0.9808253646
-432.5 -533.6 2391.4 0.9764835238 0.0367668904 -0.2124338895 -0.1070571691 0.9379733801 -0.3297646940 0.1871329099 0.3447523713 0.9198516607
-167.8 -132.2 2474.6 -0.7791150808 -0.0005860855 0.6268807054 0.0089696664 0.9998867512 0.0120827155 -0.6268167496 0.0150367366 -0.7790215611
-167.6 -523.9 2468.7 -0.7915711403 -0.0852707699 0.6050983667 0.1049224362 0.9565449953 0.2720531523 -0.6020019650 0.2788378000 -0.7482266426
-362.0 -240.9 2274.1 0 0 0 0 0 0 0 0 0
-144.2 457.5 2238.8 0 0 0 0 0 0 0 0 0
-441.6 -766.9 2305.6 0 0 0 0 0 0 0 0 0
-146.2 -763.8 2398.8 0 0 0 0 0 0 0 0 0
-241.6 491.8 2301.1 1 0.9663598537 0.1786720008 -0.1849998683 -0.1374543905 0.9667427540 0.2156728506 0.2173819840 -0.1829885393 0.9587805867
-291.2 223.3 2351.9 0.9663598537 0.1786720008 -0.1849998683 -0.1374543905 0.9667427540 0.2156728506 0.2173819840 -0.1829885393 0.9587805867
-273.7 36.9 2409.1 0.9791347384 -0.0897094086 -0.1823386252 0.1380788535 0.9520325661 0.2730717659 0.1490951926 -0.2925511599 0.9445551634
-430.7 203.6 2330.7 0.2014688402 -0.2920652330 -0.9349375367 0.9794662595 0.0673762560 0.1900166124 0.0074953423 -0.9540221691 0.2996422350
-478.4 -28.1 2328.9 -0.4495727718 -0.2920652330 -0.8441458344 0.8707651496 0.0673762560 -0.4870610535 0.1991289705 -0.9540221691 0.2240296900
-151.7 243.0 2373.1 0.5854568481 0.7685442567 0.2580311000 -0.0101223262 0.3251854181 -0.9455960989 -0.8106403947 0.5509938002 0.1981614828
-29.7 240.9 2204.1 -0.4737608731 0.7685442567 0.4299888015 0.8680398464 0.3251854181 0.3751816750 0.1485176384 0.5509938002 -0.8211871386
-346.1 -164.2 2447.4 0.9596856833 0.2201180011 -0.1747897267 -0.2419551760 0.9634259939 -0.1151870489 0.1430422217 0.1528346390 0.9778448343
-432.3 -541.5 2387.6 0.9748479128 0.0399985462 -0.2192525119 -0.1118321046 0.9387402534 -0.3259759843 0.1927825958 0.3422964513 0.9196020961
-168.9 -141.4 2474.1 -0.7764671445 -0.0046549095 0.6301405430 0.0088721160 0.9997928739 0.0183179025 -0.6300952435 0.0198139288 -0.7762650251
-167.1 -533.0 2466.4 -0.7891801000 -0.0870062113 0.6079676151 0.1053354889 0.9560710788 0.2735553384 -0.6050612926 0.2799250185 -0.7453474402
-358.2 -260.9 2275.6 0 0 0 0 0 0 0 0 0
-149.3 460.1 2241.6 0 0 0 0 0 0 0 0 0
-442.0 -768.7 2304.7 0 0 0 0 0 0 0 0 0
-146.1 -763.3 2398.9 0 0 0 0 0 0 0 0 0
-241.7 492.7 2300.2 2 0.9711135030 0.1625122279 -0.1747235209 -0.1163311228 0.9617571831 0.2479721755 0.2083401084 -0.2204833478 0.9528806210
-283.6 244.7 2357.0 0.9711135030 0.1625122279 -0.1747235209 -0.1163311228 0.9617571831 0.2479721755 0.2083401084 -0.2204833478 0.9528806210
-273.1 57.0 2411.1 0.9833031297 -0.0538072772 -0.1738382727 0.0991110504 0.9595219493 0.2636182606 0.1526170671 -0.2764459550 0.9488338232
-423.6 230.6 2335.3 0.1654195935 -0.1883738935 -0.9680659175 0.9849355221 0.0817008093 0.1524042189 0.0503827967 -0.9786931276 0.1990510523
-468.8 -38.7 2321.6 -0.4247920513 -0.1883738935 -0.8854755759 0.8917133808 0.0817008093 -0.4451653659 0.1562016010 -0.9786931276 0.1332696676
-143.5 258.8 2378.7 0.5318439007 0.8120371699 0.2402867079 -0.0954098850 0.3393954039 -0.9357925653 -0.8414505720 0.4747698307 0.2579817474
-32.5 238.9 2203.0 -0.4536213577 0.8120371699 0.3671828806 0.8788902164 0.3393954039 0.3352054954 0.1475791335 0.4747698307 -0.8676485419
-344.6 -161.9 2452.9 0.9584006667 0.2246562839 -0.1760616302 -0.2454193980 0.9635549188 -0.1064482257 0.1457307935 0.1452289969 0.9786067009
-432.6 -539.3 2396.1 0.9728043675 0.0353352055 -0.2289171666 -0.1174364015 0.9270959496 -0.3559519649 0.1996505409 0.3731548488 0.9060326219
-167.7 -136.9 2479.9 -0.7748600245 -0.0010343780 0.6321319938 0.0212875586 0.9993887544 0.0277293734 -0.6317743063 0.0349429287 -0.7743644118
-167.3 -528.4 2466.2 -0.7856745720 -0.0882725418 0.6123098731 0.1058174968 0.9560054541 0.2735986412 -0.6095228195 0.2797525823 -0.7417684197
-355.2 -277.2 2279.8 0 0 0 0 0 0 0 0 0
-147.8 462.4 2240.6 0 0 0 0 0 0 0 0 0
-441.3 -768.1 2304.0 0 0 0 0 0 0 0 0 0
-145.7 -762.1 2397.8 0 0 0 0 0 0 0 0 0
-242.8 492.6 2299.2 3 0.9720091820 0.1528746188 -0.1784026623 -0.1033418626 0.9601424336 0.2597055733 0.2109943628 -0.2339997441 0.9490655661
-282.3 244.3 2359.7 0.9720091820 0.1528746188 -0.1784026623 -0.1033418626 0.9601424336 0.2597055733 0.2109943628 -0.2339997441 0.9490655661
-271.1 56.3 2412.9 0.9822581410 -0.0575086214 -0.1784983128 0.1030900255 0.9606884718 0.2577791810 0.1566567421 -0.2716071010 0.9495726824
-422.2 229.6 2337.4 0.2314380407 -0.3064184487 -0.9233331680 0.9728431702 0.0694335625 0.2208056599 -0.0035486144 -0.9493612051 0.3141666651
-480.3 -14.5 2338.3 -0.4195846021 -0.3064184487 -0.8544334173 0.8853682280 0.0694335625 -0.4596760869 0.2001795918 -0.9493612051 0.2421599180
-142.4 259.0 2382.0 0.5207105875 0.8162291050 0.2502610385 -0.0972458273 0.3479361534 -0.9324610829 -0.8481767178 0.4612055123 0.2605489194
-33.1 238.6 2204.0 -0.4558034539 0.8162291050 0.3549835086 0.8783487082 0.3479361534 0.3277864456 0.1440372467 0.4612055123 -0.8755242825
-351.4 -139.7 2451.5 0.9626681209 0.2055222690 -0.1761553586 -0.2251178771 0.9692466855 -0.0994124040 0.1503065228 0.1353568733 0.9793295860
-431.8 -519.3 2398.5 0.9742992520 0.0353207998 -0.2224710137 -0.1118498594 0.9331330061 -0.3416905105 0.1955262572 0.3577921689 0.9131014347
-173.7 -121.8 2479.0 -0.7725454569 -0.0111535182 0.6348615289 0.0026242933 0.9997810721 0.0207580123 -0.6349540353 0.0177025702 -0.7723470330
-169.4 -513.3 2472.1 -0.7870706916 -0.0928395241 0.6098365188 0.1056729183 0.9537032843 0.2815728784 -0.6077441573 0.2860609591 -0.7408213019
-368.1 -251.4 2284.8 0 0 0 0 0 0 0 0 0
-149.4 462.8 2240.7 0 0 0 0 0 0 0 0 0
-441.3 -769.6 2302.5 0 0 0 0 0 0 0 0 0
-145.2 -761.9 2397.5 0 0 0 0 0 0 0 0 0
-243.3 491.6 2297.2 4 0.9689572453 0.1628921628 -0.1859786063 -0.1111938581 0.9590114951 0.2606394589 0.2208117396 -0.2318688035 0.9473537207
-285.3 244.7 2356.9 0.9689572453 0.1628921628 -0.1859786063 -0.1111938581 0.9590114951 0.2606394589 0.2208117396 -0.2318688035 0.9473537207
-270.2 57.6 2412.5 0.9795514941 -0.0773052350 -0.1857492030 0.1258273870 0.9557890892 0.2657718360 0.1569914967 -0.2837095559 0.9459717274
-424.8 226.8 2334.6 0.2569887936 -0.3794325888 -0.8888124824 0.9654447436 0.0596084744 0.2536992729 -0.0432810150 -0.9232972264 0.3816398978
-487.1 -7.3 2345.1 -0.4429927170 -0.3794325888 -0.8122735620 0.8643970490 0.0596084744 -0.4992640615 0.2378554493 -0.9232972264 0.3015742898
-145.7 262.7 2379.3 0.5377416611 0.8129338622 0.2235451043 -0.1095451638 0.3302640617 -0.9375102520 -0.8359627724 0.4796500504 0.2666497231
-32.1 239.5 2202.6 -0.4572409987 0.8129338622 0.3606510758 0.8720556498 0.3302640617 0.3611711562 0.1744981706 0.4796500504 -0.8599338531
-348.6 -141.1 2451.9 0.9604941010 0.2094376236 -0.1832675785 -0.2344106287 0.9637913108 -0.1271138489 0.1500092745 0.1650519669 0.9748102427
-430.6 -518.4 2387.3 0.9750097990 0.0426261052 -0.2180341482 -0.1082802713 0.9481380582 -0.2988472283 0.1939877719 0.3149877787 0.9290594459
-171.1 -122.5 2480.2 -0.7719119191 -0.0061899251 0.6356993318 0.0152821597 0.9994829893 0.0282888543 -0.6355457902 0.0315513611 -0.7714182138
-168.6 -513.9 2467.9 -0.7822515368 -0.0847750902 0.6171674728 0.0992605239 0.9610789418 0.2578266859 -0.6150039434 0.2629457116 -0.7433906794
-368.6 -238.5 2281.5 0 0 0 0 0 0 0 0 0
-148.9 462.3 2247.2 0 0 0 0 0 0 0 0 0
-441.8 -768.9 2304.1 0 0 0 0 0 0 0 0 0
-146.8 -761.9 2400.0 0 0 0 0 0 0 0 0 0
-242.2 492.8 2296.8 5 0.9754211903 0.1554988921 -0.1561202854 -0.1089932248 0.9562548995 0.2714718878 0.1915043592 -0.2477833927 0.9496996999
-281.6 250.5 2359.5 0.9754211903 0.1554988921 -0.1561202854 -0.1089932248 0.9562548995 0.2714718878 0.1915043592 -0.2477833927 0.9496996999
-272.3 61.9 2410.6 0.9863836169 -0.0479866378 -0.1573042274 0.0868307725 0.9642608166 0.2503226697 0.1396701634 -0.2605730295 0.9552978277
-422.0 238.2 2339.7 0.2400303930 -0.3421668708 -0.9084641933 0.9707638621 0.0829388723 0.2252525538 -0.0017269619 -0.9359716773 0.3520710766
-483.7 -11.4 2340.2 -0.4517616630 -0.3421668708 -0.8239133358 0.8588971496 0.0829388723 -0.5053877831 0.2412614077 -0.9359716773 0.2564175427
