-162.3 416.8 2384.1 1 0.9463763833 -0.0833488107 -0.3121292591 0.2024111897 0.9059838653 0.3717834651 0.2517963648 -0.4150255322 0.8742724657
-143.5 212.6 2477.7 0.9463763833 -0.0833488107 -0.3121292591 0.2024111897 0.9059838653 0.3717834651 0.2517963648 -0.4150255322 0.8742724657
-148.9 19.6 2498.2 0.9521003962 0.0281020179 -0.3044916391 0.0055577136 0.9940133691 0.1091172248 0.3057351708 -0.1055828258 0.9462442994
-273.6 211.8 2435.9 0.5607054234 -0.7703066468 -0.3037056327 0.3139573634 0.5371830463 -0.7828570008 0.7661854625 0.3436015546 0.5430449247
-390.5 146.3 2276.1 -0.5865455270 -0.7703066468 -0.2501839995 -0.8082913160 0.5371830463 0.2410384119 -0.0512788743 0.3436015546 -0.9377144575
-13.4 213.3 2519.5 0.1876027584 0.4504920542 0.8728471398 -0.9766280651 0.1804457456 0.1167773157 -0.1048942953 -0.8743547797 0.4738152921
36.6 -47.2 2491.5 -0.1839646846 0.4505822361 0.8735746145 -0.9394201040 0.1809059530 -0.2911407053 -0.2892176807 -0.8742131591 0.3900056779
-239.4 -173.4 2490.5 0.9949003458 0.0173873249 -0.0993526280 -0.0133628864 0.9990685582 0.0410295203 0.0999734774 -0.0394926444 0.9942060113
-246.1 -561.2 2505.8 0.9945971370 -0.0262675453 -0.1004319116 0.0223691184 0.9989593029 -0.0397477970 0.1013714746 0.0372864716 0.9941496849
-69.1 -172.2 2546.1 0.8415428400 0.0978876203 -0.5312472582 -0.1182517633 0.9929741025 -0.0043558902 0.5270884037 0.0664865971 0.8472056389
-107.1 -557.7 2520.3 0.8392264843 -0.0874322802 -0.5367071033 0.0574325062 0.9957205057 -0.0724030584 0.5407406688 0.0299381278 0.8406564593
-228.5 369.6 2290.3 0 0 0 0 0 0 0 0 0
-13.9 -305.2 2412.1 0 0 0 0 0 0 0 0 0
-238.5 -850.1 2495.0 0 0 0 0 0 0 0 0 0
-83.0 -831.6 2512.1 0 0 0 0 0 0 0 0 0
-163.8 415.1 2379.1 2 0.9446538091 -0.0883872658 -0.3159380853 0.2146030217 0.8948878050 0.3913072944 0.2481425554 -0.4374511838 0.8643273115
-143.7 211.6 2478.5 0.9446538091 -0.0883872658 -0.3159380853 0.2146030217 0.8948878050 0.3913072944 0.2481425554 -0.4374511838 0.8643273115
-149.5 18.5 2497.8 0.9512336254 0.0298570376 -0.3070230186 0.0021886427 0.9946265221 0.1035052985 0.3084636033 -0.0991296843 0.9460568428
-273.7 211.3 2436.4 0.5601962805 -0.7722970247 -0.2995620370 0.3179022372 0.5343795419 -0.7831836939 0.7649302483 0.3435051441 0.5448724031
-391.5 144.4 2275.5 -0.5818893909 -0.7722970247 -0.2548764646 -0.8120209575 0.5343795419 0.2346495837 -0.0450184159 0.3435051441 -0.9380711913
-13.8 211.9 2520.7 0.1821864098 0.4529910684 0.8727011085 -0.9765763879 0.1867032200 0.1069599465 -0.1144841984 -0.8717459440 0.4763951898
35.3 -51.4 2489.8 -0.1876590103 0.4521364272 0.8719843626 -0.9375005960 0.1824118942 -0.2963418961 -0.2930472791 -0.8730971217 0.3896469474
-239.7 -173.8 2491.3 0.9946485758 0.0169923156 -0.1019088775 -0.0122886542 0.9988377094 0.0466070473 0.1025823876 -0.0451053120 0.9937013388
-246.3 -561.6 2508.8 0.9943227172 -0.0264818221 -0.1030584052 0.0216246229 0.9986148477 -0.0479658954 0.1041858792 0.0454649813 0.9935181141
-69.1 -172.8 2546.1 0.8405770659 0.0950607434 -0.5332857370 -0.1155981719 0.9932826757 -0.0051510311 0.5292138457 0.0659766942 0.8459194899
-106.0 -558.4 2520.5 0.8385478854 -0.0833339393 -0.5384169817 0.0533794165 0.9960449338 -0.0710288733 0.5422066450 0.0308207311 0.8396797180
-232.6 366.2 2287.8 0 0 0 0 0 0 0 0 0
-16.2 -308.8 2409.4 0 0 0 0 0 0 0 0 0
-238.6 -852.9 2495.6 0 0 0 0 0 0 0 0 0
-82.7 -836.4 2511.9 0 0 0 0 0 0 0 0 0
-162.6 410.3 2371.0 3 0.9463229775 -0.0850623026 -0.3118287921 0.2190795690 0.8781314492 0.4253108203 0.2376487553 -0.4707967341 0.8496313691
-143.3 211.5 2477.6 0.9463229775 -0.0850623026 -0.3118287921 0.2190795690 0.8781314492 0.4253108203 0.2376487553 -0.4707967341 0.8496313691
-149.6 18.5 2497.4 0.9524834752 0.0323545299 -0.3028669059 0.0002331253 0.9942646027 0.1069480106 0.3045901060 -0.1019368172 0.9470130801
-273.4 211.5 2436.0 0.5615265965 -0.7727949619 -0.2957632542 0.3229251206 0.5337575674 -0.7815511823 0.7618446350 0.3433523476 0.5492739677
-390.6 144.1 2277.0 -0.5776652694 -0.7727949619 -0.2628512681 -0.8156374097 0.5337575674 0.2232452482 -0.0322239436 0.3433523476 -0.9386537075
-13.2 211.5 2519.2 0.1793465018 0.4489064217 0.8753958344 -0.9765583873 0.1888981760 0.1032044291 -0.1190315485 -0.8733845353 0.4722615778
35.0 -50.8 2487.3 -0.1887283921 0.4458042681 0.8750086427 -0.9408785105 0.1731446385 -0.2911503911 -0.2812991440 -0.8782252073 0.3867703378
-240.5 -174.7 2489.4 0.9951068163 0.0152024385 -0.0976286083 -0.0098349601 0.9984254241 0.0552262887 0.0983144566 -0.0539958812 0.9936894178
-246.4 -562.3 2510.4 0.9947295785 -0.0278057754 -0.0986908153 0.0228413027 0.9984332323 -0.0510816686 0.0999565572 0.0485582203 0.9938061833
-70.1 -174.4 2544.7 0.8426706195 0.0910480395 -0.5306754708 -0.1136175320 0.9934746027 -0.0099651134 0.5263053179 0.0686913431 0.8475165367
-105.4 -560.0 2518.0 0.8412607312 -0.0796586126 -0.5347288251 0.0548340268 0.9965568781 -0.0621897131 0.5378416181 0.0229964312 0.8427321911
-234.7 364.2 2285.7 0 0 0 0 0 0 0 0 0
-16.8 -309.1 2410.0 0 0 0 0 0 0 0 0 0
-238.4 -852.7 2496.2 0 0 0 0 0 0 0 0 0
-83.4 -836.3 2511.6 0 0 0 0 0 0 0 0 0
-159.1 411.1 2377.0 4 0.9506860971 -0.0804494247 -0.2995394468 0.2051830292 0.8873686790 0.4128883481 0.2325852811 -0.4539875984 0.8601158857
-141.1 212.3 2478.7 0.9506860971 -0.0804494247 -0.2995394468 0.2051830292 0.8873686790 0.4128883481 0.2325852811 -0.4539875984 0.8601158857
-151.3 19.4 2496.9 0.9540438652 0.0526893288 -0.2949985266 -0.0224079620 0.9942085743 0.1051056162 0.2988280058 -0.0936650559 0.9496992826
-271.4 215.4 2437.9 0.5493510962 -0.7860787511 -0.2833611369 0.3524315655 0.5254482031 -0.7744005322 0.7576314211 0.3255523741 0.5656945109
-385.8 142.0 2280.2 -0.5609983802 -0.7860787511 -0.2595399320 -0.8276029825 0.5254482031 0.1974272579 -0.0188185908 0.3255523741 -0.9453366995
-10.8 209.3 2519.5 0.1711677313 0.4476634562 0.8776668310 -0.9777308106 0.1869676411 0.0953179374 -0.1214249432 -0.8744372725 0.4696971774
35.2 -53.3 2486.9 -0.1973145306 0.4442171454 0.8739210963 -0.9390791655 0.1702568680 -0.2985681295 -0.2814201415 -0.8795929551 0.3835609257
-241.2 -174.5 2489.9 0.9958080649 0.0142280171 -0.0903542489 -0.0088656396 0.9981904626 0.0594747365 0.0910369605 -0.0584243722 0.9941322207
-246.7 -562.0 2512.6 0.9953729510 -0.0296168216 -0.0914086476 0.0241147894 0.9978634715 -0.0607200451 0.0930116847 0.0582347922 0.9939605594
-70.5 -174.5 2544.5 0.8457139730 0.0870828107 -0.5264831185 -0.1103973091 0.9938030839 -0.0129565056 0.5220922828 0.0690798163 0.8500868678
-104.3 -560.3 2517.7 0.8443273902 -0.0772008821 -0.5302370191 0.0511963814 0.9966621995 -0.0635879710 0.5333762765 0.0265428461 0.8454615474
-235.8 363.2 2285.2 0 0 0 0 0 0 0 0 0
-19.0 -311.2 2409.6 0 0 0 0 0 0 0 0 0
-238.2 -848.8 2495.8 0 0 0 0 0 0 0 0 0
-82.9 -836.5 2510.3 0 0 0 0 0 0 0 0 0
-154.7 413.0 2386.5 5 0.9524327517 -0.0654388666 -0.2976401150 0.1826620102 0.9043726325 0.3856743276 0.2439394891 -0.4216963947 0.8733073473
-140.2 214.0 2479.3 0.9524327517 -0.0654388666 -0.2976401150 0.1826620102 0.9043726325 0.3856743276 0.2439394891 -0.4216963947 0.8733073473
-150.8 20.8 2495.5 0.9536634684 0.0542858802 -0.2959375381 -0.0269385222 0.9950439334 0.0957179964 0.2996670008 -0.0833106339 0.9503993988
-270.5 217.6 2438.4 0.5589827299 -0.7793828249 -0.2830207348 0.3540370464 0.5329863429 -0.7684942484 0.7497973442 0.3293751776 0.5738605261
-387.1 143.8 2282.0 -0.5671219826 -0.7793828249 -0.2663363814 -0.8235818148 0.5329863429 0.1940065473 -0.0092517249 0.3293751776 -0.9441537857
-10.0 210.3 2520.2 0.1673683226 0.4505649209 0.8769145608 -0.9783148170 0.1859824359 0.0911625400 -0.1220160499 -0.8731562495 0.4719219208
35.6 -56.2 2487.0 -0.1994731873 0.4469564259 0.8720323443 -0.9385432601 0.1686741114 -0.3011404276 -0.2816859484 -0.8785095215 0.3858419955
-247.0 -171.6 2488.3 0.9957766533 -0.0080600036 -0.0914543122 0.0116433250 0.9991824031 0.0387159176 0.0910674930 -0.0396172404 0.9950563908
-243.9 -559.3 2503.7 0.9957301021 -0.0173753463 -0.0906623751 0.0145660173 0.9993957877 -0.0315569304 0.0911559165 0.0301015973 0.9953815937
-76.1 -175.6 2541.9 0.8468627334 0.0693704560 -0.5272677541 -0.0929037184 0.9955080152 -0.0182409268 0.5236338973 0.0644326955 0.8495033979
-103.0 -562.0 2516.8 0.8453382254 -0.0715171397 -0.5294228792 0.0505139455 0.9972592592 -0.0540584065 0.5318379402 0.0189544000 0.8466339707
-236.4 362.7 2284.4 0 0 0 0 0 0 0 0 0
-19.2 -313.9 2409.6 0 0 0 0 0 0 0 0 0
-238.8 -852.0 2494.9 0 0 0 0 0 0 0 0 0
-83.3 -837.4 2511.6 0 0 0 0 0 0 0 0 0
-153.8 417.5 2395.7 6 0.9870353341 -0.0164233036 -0.1596607566 0.0681598336 0.9434890747 0.3243186176 0.1453118026 -0.3309963644 0.9323764443
-150.3 220.7 2464.8 0.9870353341 -0.0164233036 -0.1596607566 0.0681598336 0.9434890747 0.3243186176 0.1453118026 -0.3309963644 0.9323764443
-159.6 29.0 2491.5 0.9853058457 0.0513466187 -0.1628983766 -0.0275410619 0.9890244603 0.1451622546 0.1685640663 -0.1385428160 0.9759057760
-283.7 224.9 2441.9 0.5268998742 -0.7865303755 -0.3220970333 0.4149512947 0.5687899590 -0.7101362348 0.7417492270 0.2405161113 0.6260671616
-397.5 135.4 2281.8 -0.5867855549 -0.7865303755 -0.1924907714 -0.8097326159 0.5687899590 0.1442606449 -0.0039785551 0.2405161113 -0.9706369638
-17.0 216.5 2487.6 0.2160958350 0.3391312361 0.9155831933 -0.9763425589 0.0823554918 0.1999318451 -0.0076001668 -0.9371272922 0.3489049375
42.9 -54.0 2485.5 -0.2241065800 0.3649864495 0.9036377072 -0.9345136285 0.1826009303 -0.3055179119 -0.2765149772 -0.9129303098 0.3001627326
-246.8 -169.9 2484.8 0.9989637136 -0.0035904406 0.0453724712 0.0011008449 0.9984980226 0.0547764674 -0.0455009937 -0.0546697564 0.9974672198
-245.4 -557.4 2506.0 0.9987728000 -0.0195335932 0.0455125384 0.0210456494 0.9992342591 -0.0329839848 -0.0448333919 0.0339013450 0.9984191060
-75.9 -174.7 2538.5 0.9088904858 0.0724416897 -0.4106949270 -0.0876885876 0.9959783554 -0.0183809567 0.4077117145 0.0527195372 0.9115875363
-104.0 -561.3 2518.0 0.9071000218 -0.0802866668 -0.4131870866 0.0622998029 0.9964372516 -0.0568470545 0.4162790775 0.0258244891 0.9088701010
-260.8 324.0 2282.7 0 0 0 0 0 0 0 0 0
-18.6 -310.5 2409.6 0 0 0 0 0 0 0 0 0
-239.6 -849.9 2496.1 0 0 0 0 0 0 0 0 0
-81.8 -837.6 2510.9 0 0 0 0 0 0 0 0 0
-156.0 422.8 2393.8 7 0.9953184128 0.0102950679 -0.0961004868 0.0186545849 0.9551512599 0.2955302298 0.0948330089 -0.2959393859 0.9504875541
-158.1 227.2 2454.4 0.9953184128 0.0102950679 -0.0961004868 0.0186545849 0.9551512599 0.2955302298 0.0948330089 -0.2959393859 0.9504875541
-166.4 36.8 2489.5 0.9939870834 0.0461062975 -0.0993168578 -0.0270780008 0.9823576808 0.1850410104 0.1060962304 -0.1812390685 0.9776993394
-293.0 231.3 2440.1 0.5073697567 -0.7883385420 -0.3479917347 0.4605450034 0.5893855095 -0.6637190580 0.7283366323 0.1764851213 0.6621017456
-403.4 131.1 2281.6 -0.6042387486 -0.7883385420 -0.1158352494 -0.7957097888 0.5893855095 0.1395373493 -0.0417310521 0.1764851213 -0.9834182858
-23.2 223.1 2468.8 0.2319918424 0.6175824404 0.7515129447 -0.9700537324 0.0897492692 0.2257006913 0.0719410554 -0.7813686728 0.6199092865
40.4 -43.0 2488.5 -0.2211570293 0.6175824404 0.7547724843 -0.9335675836 0.0897492692 -0.3469822109 -0.2820304036 -0.7813686728 0.5567063093
-256.3 -160.0 2503.3 0.9935640097 -0.0242719371 0.1106410772 0.0226106010 0.9996123314 0.0162457563 -0.1109924987 -0.0136395376 0.9937276244
-246.9 -547.6 2508.6 0.9932727814 -0.0299049877 0.1118697375 0.0348109156 0.9985042214 -0.0421604663 -0.1104416028 0.0457711332 0.9928281307
-81.3 -165.5 2533.3 0.9332530499 0.0617337190 -0.3538752794 -0.0716430172 0.9973182082 -0.0149569698 0.3520028889 0.0393113308 0.9351730347
-105.3 -552.6 2518.0 0.9302830100 -0.0874048397 -0.3562778831 0.0707835034 0.9957183599 -0.0594533384 0.3599489331 0.0300898347 0.9324866533
-277.5 296.9 2290.3 0 0 0 0 0 0 0 0 0
-20.3 -299.3 2411.1 0 0 0 0 0 0 0 0 0
-237.8 -849.3 2494.8 0 0 0 0 0 0 0 0 0
-80.2 -838.4 2509.4 0 0 0 0 0 0 0 0 0
-158.0 435.7 2406.4 8 0.9843968749 -0.0035165155 -0.1759274155 0.0513363667 0.9620442390 0.2680214047 0.1683074534 -0.2728708982 0.9472138286
-157.2 221.9 2467.0 0.9843968749 -0.0035165155 -0.1759274155 0.0513363667 0.9620442390 0.2680214047 0.1683074534 -0.2728708982 0.9472138286
-156.5 29.8 2487.4 0.9844383597 0.0011426937 -0.1757265776 0.0171382632 0.9945876598 0.1024777964 0.1748925894 -0.1038947180 0.9790906310
-290.7 220.2 2443.1 0.5001215935 -0.7890780568 -0.3566991091 0.4047587216 0.5771585703 -0.7092660666 0.7655382156 0.2103422135 0.6080356836
-396.2 134.8 2281.6 -0.5997688174 -0.7890780568 -0.1327902377 -0.7978675365 0.5771585703 0.1740557253 -0.0607025251 0.2103422135 -0.9757414460
-23.6 223.6 2491.0 0.2229583859 0.5857085586 0.7792528868 -0.9747862220 0.1265592277 0.1837785244 0.0090190107 -0.8005799651 0.5991580486
35.2 -33.4 2493.4 -0.1976683438 0.5857085586 0.7860488296 -0.9356063604 0.1265592277 -0.3295807838 -0.2925200164 -0.8005799651 0.5229758620
-254.2 -157.5 2503.9 0.9991252422 -0.0160556845 0.0386132635 0.0154492510 0.9997533560 0.0159527697 -0.0388598740 -0.0153422691 0.9991268516
-248.1 -538.4 2509.7 0.9986112118 -0.0349021405 0.0394652933 0.0365195312 0.9984901547 -0.0410327315 -0.0379735790 0.0424170010 0.9983780980
-86.3 -156.3 2534.0 0.9094830155 0.0527991876 -0.4123747051 -0.0657463670 0.9976870418 -0.0172613394 0.4105094969 0.0428110324 0.9108507633
-106.8 -543.6 2517.3 0.9061458111 -0.0852632299 -0.4142825007 0.0659715086 0.9959745407 -0.0606836975 0.4177888930 0.0276574362 0.9081230760
-257.6 319.2 2295.7 0 0 0 0 0 0 0 0 0
-19.1 -290.2 2413.1 0 0 0 0 0 0 0 0 0
-237.3 -848.4 2496.6 0 0 0 0 0 0 0 0 0
-81.7 -836.6 2509.2 0 0 0 0 0 0 0 0 0
-156.8 437.8 2411.7 9 0.9803618789 -0.0023109065 -0.1971933097 0.0496495701 0.9706144929 0.2354620993 0.1908545494 -0.2406286299 0.9516682029
-156.4 232.4 2462.6 0.9803618789 -0.0023109065 -0.1971933097 0.0496495701 0.9706144929 0.2354620993 0.1908545494 -0.2406286299 0.9516682029
-155.6 40.9 2490.2 0.9804039598 -0.0018303931 -0.1969891638 0.0297405031 0.9898710847 0.1388190687 0.1947397888 -0.1419573277 0.9705279469
-289.8 228.6 2436.0 0.5222547650 -0.7905291319 -0.3198650479 0.4558260739 0.5757747889 -0.6787532568 0.7207444906 0.2086792886 0.6610448956
-401.8 130.9 2281.4 -0.5992095470 -0.7905291319 -0.1265368760 -0.7975869775 0.5757747889 0.1798287928 -0.0693031549 0.2086792886 -0.9755254984
-22.9 236.2 2489.2 0.2260554731 0.5916320086 0.7738672495 -0.9740860462 0.1433566809 0.1749435365 -0.0074368399 -0.7933602333 0.6087070704
40.8 -38.2 2487.1 -0.2047731429 0.5855511427 0.7843455076 -0.9370491505 0.1142912731 -0.3299641609 -0.2828547359 -0.8025380969 0.5252864361
-239.7 -165.3 2488.2 0.9998376369 0.0047187461 0.0173897184 -0.0055217696 0.9989066124 0.0464232005 -0.0171516463 -0.0465116873 0.9987704754
-241.5 -550.5 2506.1 0.9997905493 -0.0114445928 0.0169679280 0.0119793499 0.9994238615 -0.0317564867 -0.0165947117 0.0319530964 0.9993516207
-68.3 -161.2 2523.5 0.8968716860 0.0985885561 -0.4311628938 -0.0997892842 0.9948096275 0.0198965669 0.4308865666 0.0251807682 0.9020547271
-106.5 -546.9 2513.7 0.8953725100 -0.0852477401 -0.4370822310 0.0700057968 0.9962472320 -0.0508978888 0.4397808909 0.0149742831 0.8979802728
-272.4 303.1 2296.4 0 0 0 0 0 0 0 0 0
-15.4 -295.5 2409.5 0 0 0 0 0 0 0 0 0
-238.1 -851.1 2496.5 0 0 0 0 0 0 0 0 0
-81.7 -836.5 2509.4 0 0 0 0 0 0 0 0 0
-156.0 436.1 2410.8 0 0.9800223112 0.0023167806 -0.1988739967 0.0441751927 0.9724195004 0.2290171683 0.1939195246 -0.2332272381 0.9528904557
-156.5 235.9 2458.9 0.9800223112 0.0023167806 -0.1988739967 0.0441751927 0.9724195004 0.2290171683 0.1939195246 -0.2332272381 0.9528904557
-156.8 44.9 2491.6 0.9799918532 0.0023266224 -0.1990239471 0.0313278511 0.9856649041 0.1657805890 0.1965566427 -0.1686986238 0.9658707380
-290.1 231.7 2432.0 0.5135011673 -0.8146395087 -0.2695904672 0.5354760289 0.5497122407 -0.6411566734 0.6705087423 0.1848755032 0.7184978127
-398.0 119.3 2291.2 -0.5646112561 -0.8146395087 -0.1325769275 -0.8245655298 0.5497122407 0.1338215321 -0.0361371562 0.1848755032 -0.9820973277
-22.9 240.0 2485.7 0.2246776074 0.5941498280 0.7723379731 -0.9742136002 0.1201396137 0.1909825206 0.0206838436 -0.7953316569 0.6058214903
39.4 -30.1 2491.4 -0.1748866141 0.5966316462 0.7832275033 -0.9408499002 0.1331956685 -0.3115452230 -0.2902002633 -0.7913845778 0.5380466580
-240.6 -154.1 2498.5 0.9998559952 0.0088610463 0.0144723710 -0.0091752736 0.9997203946 0.0217921138 -0.0142752239 -0.0219217632 0.9996577501
-244.0 -540.8 2507.0 0.9997496009 -0.0174725708 0.0139818070 0.0179031175 0.9993501306 -0.0312848464 -0.0134260943 0.0315273292 0.9994127154
-67.4 -148.1 2535.3 0.8918867111 0.1112875566 -0.4383527637 -0.1235809103 0.9923343658 0.0004888765 0.4350469410 0.0537360124 0.8988028765
-110.6 -533.0 2514.5 0.8911418915 -0.0929585919 -0.4441000223 0.0752303675 0.9955115914 -0.0574204475 0.4474444389 0.0177599564 0.8941353559
-283.4 286.6 2298.5 0 0 0 0 0 0 0 0 0
-8.5 -288.3 2411.8 0 0 0 0 0 0 0 0 0
-238.6 -851.1 2497.2 0 0 0 0 0 0 0 0 0
-82.4 -834.4 2509.1 0 0 0 0 0 0 0 0 0
-156.2 444.0 2414.4 1 0.9704908729 0.0059053134 -0.2410656214 0.0465788990 0.9762815833 0.2114347219 0.2365965098 -0.2164240330 0.9471973181
-157.4 245.5 2458.4 0.9704908729 0.0059053134 -0.2410656214 0.0465788990 0.9762815833 0.2114347219 0.2365965098 -0.2164240330 0.9471973181
-158.0 54.5 2492.0 0.9704540372 0.0032317473 -0.2412643731 0.0386794768 0.9848952293 0.1687758118 0.2381655723 -0.1731211543 0.9556705952
-289.8 240.2 2425.9 0.5203420520 -0.8194974065 -0.2401418686 0.5889356136 0.5480102301 -0.5940030813 0.6183841825 0.1676566750 0.7677839994
-397.8 118.0 2297.6 -0.5570445061 -0.8194974065 -0.1346305460 -0.8304402828 0.5480102301 0.1002685577 -0.0083909072 0.1676566750 -0.9858097434
-25.1 250.7 2490.9 0.2165463120 0.6254348755 0.7496258616 -0.9761555195 0.1268320829 0.1761647761 0.0151029862 -0.7698992491 0.6379867196
35.9 -24.1 2495.2 -0.1532289237 0.6284812093 0.7625826597 -0.9401999712 0.1448449194 -0.3082920313 -0.3042119443 -0.7642194033 0.5687035918
-243.8 -149.2 2505.8 0.9995836616 -0.0047009494 -0.0284685344 0.0044205515 0.9999411702 -0.0099043427 0.0285134204 0.0097743720 0.9995456338
-241.9 -536.5 2502.0 0.9995264411 -0.0116762118 -0.0284711812 0.0114144115 0.9998912215 -0.0093405303 0.0285771452 0.0090111252 0.9995509982
-69.4 -143.3 2542.0 0.8704910874 0.1108383313 -0.4795415998 -0.1410170496 0.9896321893 -0.0272445679 0.4715500772 0.0913396999 0.8770961165
-112.4 -527.0 2506.6 0.8708674908 -0.0994501784 -0.4813517034 0.0892996714 0.9950316548 -0.0440174975 0.4833377302 -0.0046511395 0.8754216433
-276.9 298.1 2299.4 0 0 0 0 0 0 0 0 0
-6.2 -282.2 2411.7 0 0 0 0 0 0 0 0 0
-238.3 -851.1 2499.2 0 0 0 0 0 0 0 0 0
-81.6 -835.2 2508.0 0 0 0 0 0 0 0 0 0
-159.5 442.8 2409.7 2 0.9571031332 0.0252969582 -0.2886409760 0.0675445199 0.9492563009 0.3071648777 0.2817645967 -0.3134846091 0.9068275094
-164.8 244.6 2475.1 0.9571031332 0.0252969582 -0.2886409760 0.0675445199 0.9492563009 0.3071648777 0.2817645967 -0.3134846091 0.9068275094
-141.9 54.9 2493.8 0.9536942840 -0.1176541671 -0.2768116891 0.1390674561 0.9885255098 0.0589703619 0.2666973174 -0.0947351977 0.9591130018
-294.1 226.0 2438.2 0.4833506942 -0.8081681728 -0.3365060687 0.5173017383 0.5737761259 -0.6349644661 0.7062371969 0.1328353435 0.6954018474
-392.1 121.1 2295.0 -0.5789698958 -0.8081681728 -0.1079728678 -0.8153487444 0.5737761259 0.0773784742 -0.0005825679 0.1328353435 -0.9911379218
-35.5 263.2 2512.1 0.2378214747 0.6392080784 0.7313371301 -0.9700986743 0.1938875169 0.1460008323 -0.0484722294 -0.7441912889 0.6662055254
32.1 -12.8 2498.3 -0.1314466000 0.6341943145 0.7619182467 -0.9442648888 0.1538924873 -0.2909999192 -0.3018039763 -0.7577035427 0.5786187649
-225.7 -145.4 2497.1 0.9980830550 0.0376655348 -0.0491068549 -0.0370263234 0.9992181659 0.0138624432 0.0495905988 -0.0120176235 0.9986973405
-240.2 -527.9 2501.7 0.9987432957 -0.0028208059 -0.0500392802 0.0022584798 0.9999337196 -0.0112906769 0.0500678122 0.0111634750 0.9986834526
-56.5 -131.0 2542.0 0.8656215072 0.1541965604 -0.4763641357 -0.1774010658 0.9841312766 -0.0038049046 0.4682181478 0.0878011137 0.8792398572
-116.9 -516.4 2507.6 0.8691157103 -0.1088396385 -0.4824850559 0.0991607904 0.9940254688 -0.0456121303 0.4845668375 -0.0082013803 0.8747158051
-255.9 312.9 2295.1 0 0 0 0 0 0 0 0 0
-3.9 -272.0 2415.4 0 0 0 0 0 0 0 0 0
-239.3 -848.2 2498.1 0 0 0 0 0 0 0 0 0
-82.1 -834.2 2510.2 0 0 0 0 0 0 0 0 0
-159.1 435.9 2404.8 3 0.9480742812 0.0566183254 -0.3129688203 0.0675111264 0.9257780313 0.3719909489 0.3108011782 -0.3738039136 0.8738840222
-170.8 244.3 2482.2 0.9480742812 0.0566183254 -0.3129688203 0.0675111264 0.9257780313 0.3719909489 0.3108011782 -0.3738039136 0.8738840222
-138.9 54.7 2496.4 0.9418525100 -0.1641584784 -0.2931992710 0.1779910028 0.9838092327 0.0209436156 0.2850140631 -0.0719126314 0.9558219314
-298.8 220.3 2442.9 0.4602223039 -0.8007314205 -0.3834378421 0.4927901328 0.5896527767 -0.6398964524 0.7384803891 0.1055402309 0.6659639478
-390.3 122.3 2296.1 -0.5912694931 -0.8007314205 -0.0960702822 -0.8062590957 0.5896527767 0.0474955738 0.0186169110 0.1055402309 -0.9942407608
-42.7 268.4 2521.4 0.3129336536 0.6327586174 0.7083001137 -0.9469152689 0.2656824291 0.1810091436 -0.0736478120 -0.7273440361 0.6823097467
42.9 9.3 2501.3 -0.1343394518 0.6209013462 0.7722917199 -0.9467994571 0.1495778263 -0.2849513888 -0.2924444079 -0.7694855332 0.5677748322
-193.9 -149.8 2484.7 0.9910455942 0.1191304028 -0.0603042170 -0.1157423705 0.9916497469 0.0568727888 0.0665759370 -0.0493837707 0.9965585470
-239.6 -530.6 2503.7 0.9975850582 0.0005672315 -0.0694533885 -0.0020307908 0.9997773170 -0.0210037474 0.0694260076 0.0210940689 0.9973640442
-26.5 -121.6 2534.3 0.8492518067 0.2401894331 -0.4701918662 -0.2443448007 0.9682241082 0.0532696173 0.4680459201 0.0696496218 0.8809551597
-119.8 -497.6 2507.2 0.8631334305 -0.1106386855 -0.4927066267 0.0999079570 0.9938310981 -0.0481468439 0.4949940741 -0.0076681618 0.8688625097
-245.7 319.5 2291.6 0 0 0 0 0 0 0 0 0
6.0 -250.7 2421.0 0 0 0 0 0 0 0 0 0
-239.8 -844.0 2497.1 0 0 0 0 0 0 0 0 0
-82.0 -837.4 2509.9 0 0 0 0 0 0 0 0 0
-157.6 436.7 2402.4 4 0.9588963389 -0.0012090226 -0.2837540805 0.0916186422 0.9477513433 0.3055706918 0.2685588598 -0.3190077841 0.9089060426
-157.3 243.5 2467.4 0.9588963389 -0.0012090226 -0.2837540805 0.0916186422 0.9477513433 0.3055706918 0.2685588598 -0.3190077841 0.9089060426
-135.0 54.6 2497.4 0.9553860426 -0.1137564927 -0.2725746036 0.1505260170 0.9815430641 0.1179624572 0.2541247308 -0.1537292600 0.9548758864
-287.4 223.3 2432.4 0.5344657302 -0.8012301922 -0.2690289617 0.5427783132 0.5693740845 -0.6174178720 0.6478719711 0.1839656383 0.7392013073
-398.0 110.9 2298.3 -0.5711487532 -0.8012301922 -0.1783797592 -0.8194102645 0.5693740845 0.0661814287 0.0485382602 0.1839656383 -0.9817335010
-27.3 263.7 2502.5 0.2761021256 0.6280900240 0.7275097966 -0.9611274600 0.1794136167 0.2098685354 0.0012911718 -0.7571747899 0.6532110572
43.9 16.1 2502.8 -0.0779477879 0.6291865110 0.7733359337 -0.9485004544 0.1920910776 -0.2518887520 -0.3070359528 -0.7531436682 0.5818105936
-186.4 -151.9 2483.7 0.9879331589 0.1463614255 -0.0506594144 -0.1431569755 0.9877571464 0.0619829856 0.0591111146 -0.0539828017 0.9967907071
-242.9 -533.2 2504.5 0.9979550838 -0.0117808655 -0.0628239214 0.0104448963 0.9997131824 -0.0215514805 0.0630597994 0.0208512191 0.9977918863
-19.2 -118.6 2535.1 0.8376360536 0.2607384324 -0.4799805284 -0.2726996541 0.9609923959 0.0461364239 0.4732871652 0.0922449827 0.8760651350
-120.4 -491.6 2499.3 0.8593856096 -0.1117292419 -0.4989718795 0.1120284274 0.9932681322 -0.0294635221 0.4989047945 -0.0305785090 0.8661171794
-265.6 300.9 2287.0 0 0 0 0 0 0 0 0 0
22.5 -243.9 2418.6 0 0 0 0 0 0 0 0 0
-239.2 -846.7 2498.0 0 0 0 0 0 0 0 0 0
-81.2 -839.8 2510.0 0 0 0 0 0 0 0 0 0
-152.9 424.5 2420.2 5 0.9572178721 0.0078824749 -0.2892608345 0.0630050451 0.9699687958 0.2349274606 0.2824257910 -0.2431016564 0.9279748201
-154.4 231.1 2468.7 0.9572178721 0.0078824749 -0.2892608345 0.0630050451 0.9699687958 0.2349274606 0.2824257910 -0.2431016564 0.9279748201
-145.9 40.6 2497.5 0.9568297863 -0.0436976925 -0.2873452604 0.0842204839 0.9879028201 0.1302112788 0.2781792581 -0.1487903744 0.9489350319
-284.6 219.7 2430.5 0.5739928484 -0.7892434001 -0.2182362974 0.5525064468 0.5699845552 -0.6081563830 0.6043747663 0.2285004854 0.7632291317
-404.3 104.5 2304.5 -0.5678661466 -0.7892434001 -0.2337155789 -0.8190575242 0.5699845552 0.0652864873 0.0816873461 0.2285004854 -0.9701106548
-24.3 242.4 2506.8 0.2798113227 0.6395295262 0.7160360217 -0.9595413804 0.2106868774 0.1867923439 -0.0314001702 -0.7393327951 0.6726076603
45.6 2.8 2499.0 -0.0390018858 0.6398901939 0.7674760222 -0.9480928183 0.2188814580 -0.2306749672 -0.3155929148 -0.7366352081 0.5981384516
-197.5 -149.1 2502.8 0.9892957211 0.1232094765 -0.0781884789 -0.1223325804 0.9923613667 0.0159259532 0.0795534551 -0.0061904793 0.9968113899
-244.9 -531.6 2505.2 0.9963288903 -0.0227691643 -0.0825243443 0.0212362837 0.9995861650 -0.0194053799 0.0829320326 0.0175816305 0.9964001179
-29.7 -124.7 2548.6 0.8227152824 0.2397383451 -0.5154271126 -0.2733585835 0.9618487358 0.0110505074 0.4984121323 0.1318050027 0.8568621874
-121.5 -493.0 2498.1 0.8427032828 -0.1158625633 -0.5257632732 0.1161734834 0.9926952720 -0.0325554088 0.5256946683 -0.0336451977 0.8500077128
-279.4 284.6 2286.6 0 0 0 0 0 0 0 0 0
34.9 -257.1 2412.4 0 0 0 0 0 0 0 0 0
-237.7 -847.7 2499.6 0 0 0 0 0 0 0 0 0
-81.3 -837.8 2509.8 0 0 0 0 0 0 0 0 0
-143.9 407.6 2442.7 6 0.9526365399 0.0295910444 -0.3026681244 0.0204520635 0.9867676497 0.1608457118 0.3034226894 -0.1594176888 0.9394257069
-149.7 213.3 2474.1 0.9526365399 0.0295910444 -0.3026681244 0.0204520635 0.9867676497 0.1608457118 0.3034226894 -0.1594176888 0.9394257069
-150.4 21.4 2495.6 0.9527968168 0.0042257453 -0.3035792410 0.0298388526 0.9937589765 0.1074834168 0.3021388054 -0.1114683151 0.9467243552
-279.4 209.4 2432.9 0.6293240786 -0.7595116496 -0.1646003127 0.5227770209 0.5704532862 -0.6334723234 0.5750263929 0.3126101196 0.7560552359
-409.3 101.5 2314.2 -0.5686052442 -0.7595116496 -0.3159590364 -0.8156345487 0.5704532862 0.0965573490 0.1069034487 0.3126101196 -0.9438467026
-20.0 217.3 2515.3 0.2675646842 0.6562145948 0.7055434585 -0.9599243402 0.2449145913 0.1362429410 -0.0833932757 -0.7137221098 0.6954468489
44.5 -14.4 2495.1 -0.0764362738 0.6526327729 0.7538089752 -0.9492175579 0.1837802976 -0.2553640306 -0.3051941693 -0.7350478172 0.6054430008
-222.3 -158.1 2500.4 0.9939108491 0.0516000837 -0.0973586366 -0.0504189879 0.9986221194 0.0145545062 0.0979754999 -0.0095571578 0.9951429367
-242.2 -543.4 2504.1 0.9949714541 -0.0125560863 -0.0993686840 0.0100276005 0.9996141195 -0.0259041842 0.0996555910 0.0247774944 0.9947134256
-53.1 -144.3 2550.4 0.8235620856 0.1724476665 -0.5403769612 -0.2189392745 0.9754819274 -0.0223742165 0.5232695937 0.1367362887 0.8411255479
-119.4 -519.6 2497.8 0.8328351378 -0.1173318848 -0.5409426093 0.1231422871 0.9920590520 -0.0255903956 0.5396495461 -0.0453003272 0.8406701088
-288.5 274.8 2291.5 0 0 0 0 0 0 0 0 0
23.6 -274.6 2411.5 0 0 0 0 0 0 0 0 0
-238.4 -848.1 2496.6 0 0 0 0 0 0 0 0 0
-81.7 -838.1 2512.3 0 0 0 0 0 0 0 0 0
-139.4 411.3 2451.5 7 0.9538875222 0.0351782776 -0.2980957627 0.0025193226 0.9921354651 0.1251435727 0.3001537025 -0.1201238856 0.9462969899
-146.3 216.7 2475.1 0.9538875222 0.0351782776 -0.2980957627 0.0025193226 0.9921354651 0.1251435727 0.3001537025 -0.1201238856 0.9462969899
-150.7 24.0 2493.6 0.9540279508 0.0224491134 -0.2988757491 0.0073617892 0.9951349497 0.0982456729 0.2996272445 -0.0959293768 0.9492213130
-276.4 215.7 2434.2 0.6133925319 -0.7604488730 -0.2132302225 0.5300992131 0.5965551138 -0.6025917530 0.5854437947 0.2565920949 0.7690358162
-404.0 105.5 2312.5 -0.5856258869 -0.7604488730 -0.2806418836 -0.8007242680 0.5965551138 0.0544295050 0.1260275096 0.2565920949 -0.9582679868
-16.3 217.6 2516.0 0.2268840522 0.6616899371 0.7146258354 -0.9683572054 0.2315914333 0.0930040255 -0.1039614007 -0.7131142020 0.6932966113
43.5 -37.4 2488.6 -0.1458307207 0.6500948668 0.7457278371 -0.9437409639 0.1347220838 -0.3019983172 -0.2967935801 -0.7478145361 0.5938745737
-236.0 -173.5 2489.6 0.9955902100 0.0119678471 -0.0930426270 -0.0091115180 0.9994758964 0.0310635678 0.0933656245 -0.0300788246 0.9951774478
-240.7 -560.0 2501.2 0.9955649972 -0.0103490325 -0.0935050249 0.0088617671 0.9998277426 -0.0163069889 0.0936576799 0.0154060470 0.9954852462
-66.7 -168.8 2543.6 0.8345910907 0.1196840852 -0.5377112627 -0.1554767042 0.9876056314 -0.0214962922 0.5284739137 0.1015421897 0.8428549767
-112.8 -549.7 2504.4 0.8356269598 -0.1054125503 -0.5390878916 0.1039988101 0.9940243363 -0.0331642181 0.5393624306 -0.0283515826 0.8415963054
-267.5 292.1 2283.1 0 0 0 0 0 0 0 0 0
3.6 -295.7 2407.3 0 0 0 0 0 0 0 0 0
-237.7 -846.7 2496.8 0 0 0 0 0 0 0 0 0
-82.9 -832.3 2512.5 0 0 0 0 0 0 0 0 0
-138.7 413.8 2460.4 8 0.9537394047 0.0366034806 -0.2983978987 -0.0074341134 0.9951282740 0.0983081684 0.3005426228 -0.0915420502 0.9493651390
-145.9 218.9 2478.4 0.9537394047 0.0366034806 -0.2983978987 -0.0074341134 0.9951282740 0.0983081684 0.3005426228 -0.0915420502 0.9493651390
-151.7 25.7 2493.8 0.9538209438 0.0302267894 -0.2988510728 -0.0050048591 0.9963850975 0.0848040581 0.3003340960 -0.0793921724 0.9505242109
-276.0 219.6 2437.4 0.5585743189 -0.7524576187 -0.3490018845 0.4371097088 0.6246290803 -0.6471272111 0.7049325109 0.2089165002 0.6778082848
-380.8 137.6 2305.2 -0.6140441895 -0.7524576187 -0.2382379770 -0.7800159454 0.6246290803 0.0375984125 0.1205191463 0.2089165002 -0.9704787731
-15.7 218.1 2519.4 0.2122134715 0.6657260656 0.7153840065 -0.9702890515 0.2305977792 0.0732382238 -0.1162093729 -0.7096713781 0.6948826313
42.1 -46.1 2487.7 -0.1982714385 0.6436942220 0.7391523719 -0.9377309680 0.0948697627 -0.3341562748 -0.2852176726 -0.7593796849 0.5848020315
-240.2 -169.4 2485.2 0.9956195354 0.0077810362 -0.0931727216 -0.0036066389 0.9989855289 0.0448876247 0.0934274718 -0.0443549566 0.9946376085
-243.2 -556.4 2502.4 0.9954884052 -0.0162391551 -0.0934835002 0.0142993433 0.9996690750 -0.0213829260 0.0937998071 0.0199497007 0.9953911901
-70.0 -168.4 2538.8 0.8386740088 0.0955920368 -0.5361791253 -0.1198670715 0.9927343726 -0.0105037605 0.5312793851 0.0730794594 0.8440388441
-106.9 -552.3 2510.5 0.8380390406 -0.0858497843 -0.5388138294 0.0760955587 0.9962823987 -0.0403842144 0.5402777195 -0.0071577914 0.8414563537
-229.2 330.2 2275.4 0 0 0 0 0 0 0 0 0
-12.2 -302.9 2409.6 0 0 0 0 0 0 0 0 0
-238.5 -846.4 2496.6 0 0 0 0 0 0 0 0 0
-82.5 -835.5 2512.5 0 0 0 0 0 0 0 0 0
-137.0 414.3 2465.7 9 0.9531422257 0.0397135764 -0.2999046147 -0.0148183908 0.9962849617 0.0848336592 0.3021594882 -0.0764144361 0.9501897097
-144.8 219.2 2480.7 0.9531422257 0.0397135764 -0.2999046147 -0.0148183908 0.9962849617 0.0848336592 0.3021594882 -0.0764144361 0.9501897097
-151.9 25.8 2494.3 0.9531882405 0.0365286469 -0.3001630902 -0.0136155477 0.9968544245 0.0780761018 0.3020709157 -0.0703343302 0.9506872296
-274.9 221.1 2439.4 0.5209824443 -0.7453160286 -0.4160303771 0.3950797617 0.6426075697 -0.6564811468 0.7566301823 0.1776499748 0.6292465329
-368.6 150.1 2303.5 -0.6283365488 -0.7453160286 -0.2229285985 -0.7661176920 0.6426075697 0.0109184105 0.1351179332 0.1776499748 -0.9747736454
-14.6 217.3 2521.9 0.2114517093 0.6686548591 0.7128736973 -0.9701496363 0.2321922183 0.0699750185 -0.1187345758 -0.7063904405 0.6977927089
42.6 -45.3 2489.8 -0.2234721631 0.6409781575 0.7343072891 -0.9309126735 0.0829367489 -0.3557008505 -0.2888975441 -0.7630652189 0.5781606436
-242.9 -167.0 2482.1 0.9955024719 -0.0037534204 -0.0946610346 0.0101838345 0.9976646304 0.0675396919 0.0941864625 -0.0681999475 0.9932157993
-241.4 -553.8 2508.6 0.9955831766 -0.0060627395 -0.0936876535 0.0021672545 0.9991309643 -0.0416254215 0.0938585997 0.0412385240 0.9947310686
-72.3 -168.1 2535.9 0.8385590315 0.0984175578 -0.5358476639 -0.1132499650 0.9935526252 0.0052556712 0.5329101086 0.0562775396 0.8442983031
-110.5 -553.0 2514.1 0.8356594443 -0.0953403413 -0.5409099460 0.0771774426 0.9954309464 -0.0562213175 0.5437986255 0.0052358271 0.8391994238
-206.2 348.0 2268.6 0 0 0 0 0 0 0 0 0
-18.6 -300.5 2410.6 0 0 0 0 0 0 0 0 0
-239.6 -846.8 2496.5 0 0 0 0 0 0 0 0 0
-83.5 -834.8 2512.6 0 0 0 0 0 0 0 0 0
-183.9 395.7 2442.3 0 0.9385374784 -0.1124995053 -0.3263300359 0.1559089869 0.9816282988 0.1099921241 0.3079607487 -0.1541095078 0.9388346076
-162.2 206.3 2472.1 0.9385374784 -0.1124995053 -0.3263300359 0.1559089869 0.9816282988 0.1099921241 0.3079607487 -0.1541095078 0.9388346076
-140.4 18.6 2500.9 0.9384346008 -0.1151930913 -0.3256855309 0.1567961723 0.9820939898 0.1044335961 0.3078237772 -0.1490703374 0.9396927953
-288.6 185.2 2430.9 0.4211685359 -0.8356893659 -0.3524774909 0.5021964908 0.5384860635 -0.6766324043 0.7552587390 0.1079633236 0.6464736462
-362.1 97.6 2299.2 -0.5105374455 -0.8356893659 -0.2024223804 -0.8341518641 0.5384860635 -0.1192619279 0.2086675465 0.1079633236 -0.9720091224
-35.8 227.4 2513.2 0.2732768059 0.3497525156 0.8960987329 -0.9574260712 0.1889902502 0.2182153761 -0.0930325538 -0.9175814986 0.3865088522
42.8 -48.1 2486.4 -0.2246029973 0.3497525156 0.9095200300 -0.9339610338 0.1889902502 -0.3033141196 -0.2779752910 -0.9175814986 0.2842074633
-221.7 -175.1 2492.6 0.9914374948 0.0568813048 -0.1175422147 -0.0520725586 0.9976916313 0.0435870104 0.1197501719 -0.0370930769 0.9921109080
-243.3 -553.4 2506.6 0.9924809933 -0.0127140814 -0.1217365041 0.0082872752 0.9992882609 -0.0368013605 0.1221177503 0.0355157889 0.9918799996
-55.7 -162.4 2545.3 0.8283591866 0.1306841224 -0.5447409749 -0.1506603211 0.9885528088 0.0080539053 0.5395577550 0.0753993243 0.8385656476
-107.6 -554.7 2515.4 0.8285809755 -0.0889812335 -0.5527530313 0.0647059083 0.9958932400 -0.0633225515 0.5561175346 0.0167014729 0.8309358358
-228.8 315.4 2244.8 0 0 0 0 0 0 0 0 0
-18.8 -304.3 2410.1 0 0 0 0 0 0 0 0 0
-239.5 -849.5 2496.1 0 0 0 0 0 0 0 0 0
-82.4 -836.8 2510.6 0 0 0 0 0 0 0 0 0
-201.1 393.7 2438.2 1 0.9301714897 -0.1616270542 -0.3296325803 0.2047639340 0.9736477733 0.1004080251 0.3047173917 -0.1608935446 0.9387547970
-169.7 204.7 2469.4 0.9301714897 -0.1616270542 -0.3296325803 0.2047639340 0.9736477733 0.1004080251 0.3047173917 -0.1608935446 0.9387547970
-138.5 17.3 2500.1 0.9301615357 -0.1626337469 -0.3291652203 0.2048237622 0.9739205837 0.0976009667 0.3047075868 -0.1582055241 0.9392147064
-295.8 176.9 2428.3 0.5152903199 -0.7448292375 -0.4239165485 0.4192730188 0.6504993439 -0.6332935691 0.7474529743 0.1485932767 0.6474828720
-376.2 111.4 2311.6 -0.5984647870 -0.7448292375 -0.2950750589 -0.7497459054 0.6504993439 -0.1213739589 0.2823490202 0.1485932767 -0.9477336407
-43.7 232.5 2510.6 0.3160992265 0.3632048070 0.8764494061 -0.9462287426 0.1876818985 0.2634894848 -0.0687930435 -0.9126104116 0.4030009210
45.1 -33.4 2491.2 -0.2221966535 0.3632048070 0.9048264623 -0.9337912202 0.1876818985 -0.3046465516 -0.2804686427 -0.9126104116 0.2974551618
-190.2 -187.4 2508.7 0.9822968841 0.1434419155 -0.1204873919 -0.1422746629 0.9896584153 0.0182801634 0.1218634993 -0.0008142440 0.9925465584
-245.0 -565.5 2509.0 0.9913610816 -0.0227766726 -0.1291683912 0.0173143111 0.9989140034 -0.0432551876 0.1300133169 0.0406450480 0.9906787872
-26.7 -152.1 2561.9 0.8159716725 0.2127808034 -0.5375077128 -0.2341336757 0.9717640877 0.0292578023 0.5285561681 0.1019751132 0.8427510858
-109.9 -532.0 2522.0 0.8251398206 -0.0892819762 -0.5578288436 0.0543359481 0.9953972697 -0.0789422840 0.5623094440 0.0348282643 0.8261931539
-216.3 311.8 2236.2 0 0 0 0 0 0 0 0 0
-15.9 -289.7 2414.2 0 0 0 0 0 0 0 0 0
-238.4 -850.9 2497.4 0 0 0 0 0 0 0 0 0
-82.6 -837.1 2511.4 0 0 0 0 0 0 0 0 0
-208.7 390.3 2434.4 2 0.9280990362 -0.1748262644 -0.3287369311 0.2184230685 0.9706711769 0.1004433408 0.3015353084 -0.1650251001 0.9390650392
-174.6 201.1 2466.6 0.9280990362 -0.1748262644 -0.3287369311 0.2184230685 0.9706711769 0.1004433408 0.3015353084 -0.1650251001 0.9390650392
-140.7 13.5 2498.3 0.9281041026 -0.1752705127 -0.3284859061 0.2183948755 0.9708205462 0.0990513265 0.3015401065 -0.1636695862 0.9393007159
-300.8 171.3 2425.7 0.5404638648 -0.7112737894 -0.4494312108 0.3482832909 0.6753848195 -0.6500415802 0.7658965588 0.1947946101 0.6127458811
-377.4 122.0 2317.2 -0.6203839779 -0.7112737894 -0.3304744065 -0.7334638238 0.6753848195 -0.0767208785 0.2777669430 0.1947946101 -0.9406915307
-48.3 230.8 2507.5 0.3446481824 0.3752835095 0.8604533076 -0.9372875094 0.1883990914 0.2932539880 -0.0520552285 -0.9075616002 0.4166799486
46.3 -26.6 2493.2 -0.2103064507 0.3752835095 0.9027366638 -0.9362838864 0.1883990914 -0.2964425981 -0.2813247740 -0.9075616002 0.3117503822
-184.2 -190.5 2506.7 0.9799616337 0.1601742804 -0.1184037700 -0.1583397537 0.9870731235 0.0248035882 0.1208460703 -0.0055585396 0.9926556945
-245.9 -570.6 2508.9 0.9911105037 -0.0282993149 -0.1299966574 0.0221206527 0.9985669851 -0.0487301052 0.1311894059 0.0454213098 0.9903162122
-20.1 -150.2 2560.3 0.8081824183 0.2453412712 -0.5353959203 -0.2716482282 0.9619057775 0.0307321493 0.5225403309 0.1206021681 0.8440418839
-115.6 -524.7 2513.4 0.8237869143 -0.1049810871 -0.5570942760 0.0828760415 0.9944477677 -0.0648472086 0.5608088970 0.0072505097 0.8279135227
-206.3 324.3 2240.6 0 0 0 0 0 0 0 0 0
-11.4 -283.6 2416.0 0 0 0 0 0 0 0 0 0
-237.9 -852.3 2496.0 0 0 0 0 0 0 0 0 0
-82.3 -840.1 2511.1 0 0 0 0 0 0 0 0 0
-213.9 391.2 2425.2 3 0.9140958190 -0.1938199103 -0.3561778367 0.2486485243 0.9617701769 0.1147695407 0.3203165829 -0.1934734434 0.9273431301
-176.1 203.4 2462.9 0.9140958190 -0.1938199103 -0.3561778367 0.2486485243 0.9617701769 0.1147695407 0.3203165829 -0.1934734434 0.9273431301
-138.5 17.3 2500.3 0.9140614867 -0.1943833232 -0.3559588492 0.2488186657 0.9618550539 0.1136844456 0.3202824593 -0.1924837828 0.9275608659
-300.6 169.5 2419.4 0.5806607008 -0.6810182333 -0.4461471736 0.3258502483 0.6965880990 -0.6392077804 0.7460929751 0.2257856727 0.6263912916
-377.3 126.5 2320.9 -0.6377174258 -0.6810182333 -0.3599036634 -0.7157351971 0.6965880990 -0.0498811007 0.2846745551 0.2257856727 -0.9316551089
-51.6 237.4 2506.5 0.3506893814 0.3835210502 0.8543585539 -0.9350748658 0.1935673058 0.2969288230 -0.0514974296 -0.9030190110 0.4265028834
47.1 -25.6 2492.0 -0.1943840235 0.3835210502 0.9028435349 -0.9389652610 0.1935673058 -0.2843870223 -0.2838293910 -0.9030190110 0.3224865496
-186.8 -194.7 2504.7 0.9769325256 0.1543678641 -0.1475583166 -0.1511267722 0.9879634976 0.0329981931 0.1508760899 -0.0099369930 0.9885027409
-246.5 -576.7 2508.5 0.9867865443 -0.0274985638 -0.1596749574 0.0200921278 0.9986540675 -0.0478153341 0.1607749015 0.0439753197 0.9860109687
-21.8 -153.8 2558.2 0.7917659283 0.2453816235 -0.5593698025 -0.2736547291 0.9612157345 0.0343139395 0.5460950732 0.1259055883 0.8282076716
-117.2 -527.5 2509.3 0.8040379882 -0.1176376119 -0.5828244090 0.0939151570 0.9930540323 -0.0708775222 0.5871140361 0.0022521701 0.8095011115
-197.1 328.7 2240.5 0 0 0 0 0 0 0 0 0
-6.3 -283.4 2414.1 0 0 0 0 0 0 0 0 0
-238.9 -851.6 2496.4 0 0 0 0 0 0 0 0 0
-80.2 -839.7 2508.6 0 0 0 0 0 0 0 0 0
-185.9 415.8 2451.1 4 0.9472684860 -0.0409584232 -0.3178125620 0.0546162277 0.9979222417 0.0341802426 0.3157522380 -0.0497355871 0.9475373030
-176.9 196.8 2462.0 0.9472684860 -0.0409584232 -0.3178125620 0.0546162277 0.9979222417 0.0341802426 0.3157522380 -0.0497355871 0.9475373030
-137.0 10.8 2499.0 0.9218963981 -0.2060079128 -0.3281276822 0.2557395399 0.9597673416 0.1159478351 0.2910400629 -0.1908071190 0.9374904633
-302.6 161.9 2422.3 0.5886718035 -0.6646804810 -0.4600711167 0.3090517521 0.7109496593 -0.6316942573 0.7469621897 0.2296747863 0.6239366531
-378.8 121.9 2325.6 -0.6419157386 -0.6646804810 -0.3822879493 -0.7007202506 0.7109496593 -0.0595126562 0.3113443851 0.2296747863 -0.9221248031
-51.2 231.7 2501.6 0.3594665825 0.4220863581 0.8322420716 -0.9326375723 0.1922836900 0.3053098619 -0.0311594550 -0.8859289289 0.4627731740
