-369.3 462.5 2623.3 1 0.9652528167 -0.0852751061 -0.2470125109 0.1435145438 0.9629355669 0.2283826619 0.2183817774 -0.2558968961 0.9417144656
-352.1 267.9 2675.0 0.9652528167 -0.0852751061 -0.2470125109 0.1435145438 0.9629355669 0.2283826619 0.2183817774 -0.2558968961 0.9417144656
-336.4 75.8 2723.1 0.9660385847 -0.0791012496 -0.2459927797 0.1342886388 0.9670228958 0.2164099514 0.2207623571 -0.2420943975 0.9448038340
-493.0 248.3 2642.8 0.5068785548 -0.7685222626 0.3904454708 0.7634884715 0.6105325818 0.2105593979 -0.4001992643 0.1913725883 0.8962237835
-591.4 100.2 2720.4 -0.5175808668 -0.6531383991 -0.5527388453 -0.4398472309 0.7572079301 -0.4828773439 0.7339239717 -0.0068074120 -0.6791974902
-211.1 287.5 2707.2 0.2686220706 0.9286289811 -0.2559109926 -0.9324625134 0.3173204660 0.1726888120 0.2415696383 0.1922393739 0.9511509538
-140.5 42.6 2770.6 0.1597264260 0.9726019502 -0.1689168066 -0.9844877124 0.1443592459 -0.0997213870 -0.0726045147 0.1822246611 0.9805726409
-406.8 -129.3 2750.6 0.9603863358 0.0397852063 -0.2758173943 -0.0547554381 0.9974030852 -0.0467863455 0.2732397020 0.0600354709 0.9600707293
-422.6 -525.4 2726.7 0.9609718323 -0.0126801226 -0.2763553858 -0.0043630060 0.9981301427 -0.0609690920 0.2766117454 0.0597953238 0.9591196179
-230.9 -102.9 2793.9 0.5022997856 0.2151889056 -0.8374894857 -0.1991972327 0.9712856412 0.1300949603 0.8414365053 0.1014789194 0.5307415724
-316.3 -488.6 2753.6 0.5048601627 -0.0256844889 -0.8628189564 -0.0371079519 0.9979873896 -0.0514211282 0.8624031544 0.0579779223 0.5028909445
-449.4 220.9 2519.1 0 0 0 0 0 0 0 0 0
-97.7 -221.6 2751.1 0 0 0 0 0 0 0 0 0
-419.7 -754.2 2713.0 0 0 0 0 0 0 0 0 0
-309.1 -767.9 2737.3 0 0 0 0 0 0 0 0 0
-367.4 465.4 2630.5 2 0.9725126028 -0.0820584595 -0.2179119140 0.1302280724 0.9674746990 0.2168718427 0.1930280924 -0.2392888516 0.9515676498
-350.8 269.7 2678.9 0.9725126028 -0.0820584595 -0.2179119140 0.1302280724 0.9674746990 0.2168718427 0.1930280924 -0.2392888516 0.9515676498
-336.0 76.8 2723.8 0.9732835293 -0.0751359090 -0.2169648707 0.1207202002 0.9712482095 0.2051915824 0.1953094751 -0.2259016335 0.9543703198
-492.9 252.1 2650.4 0.4978705049 -0.8505955935 -0.1691509336 0.7592505217 0.3332390189 0.5590084195 -0.4191223979 -0.4067417383 0.8117250800
-588.2 106.7 2730.7 -0.5111680031 -0.8505955935 -0.1232653037 -0.3427077830 0.3332390189 -0.8783525229 0.7881996036 -0.4067417383 -0.4618468881
-208.8 287.4 2707.4 0.2579754293 0.9384685159 -0.2296203226 -0.9387236238 0.2996975183 0.1702333987 0.2285753340 0.1716339737 0.9582771659
-139.3 34.5 2769.0 0.1477983743 0.9775859118 -0.1499380320 -0.9864060283 0.1346944720 -0.0941307768 -0.0718251020 0.1618121564 0.9842042327
-409.3 -128.6 2751.1 0.9680190682 0.0342207551 -0.2485317439 -0.0458065048 0.9981092811 -0.0409827493 0.2466593832 0.0510564521 0.9677563906
-422.9 -525.1 2730.8 0.9682944417 -0.0102881081 -0.2495996803 -0.0091969660 0.9970061183 -0.0767736509 0.2496422678 0.0766350627 0.9653009176
-232.3 -104.0 2791.5 0.5265529156 0.2155830413 -0.8223538995 -0.2034094930 0.9711649418 0.1243513450 0.8254493475 0.1017970368 0.5552213788
-317.9 -489.8 2751.1 0.5292805433 -0.0312708728 -0.8478704095 -0.0286748093 0.9980903864 -0.0547114015 0.8479621410 0.0532702059 0.5273731351
-449.4 199.7 2516.8 0 0 0 0 0 0 0 0 0
-99.8 -228.8 2749.8 0 0 0 0 0 0 0 0 0
-420.5 -754.4 2713.2 0 0 0 0 0 0 0 0 0
-309.2 -766.9 2736.3 0 0 0 0 0 0 0 0 0
-365.7 470.0 2625.1 3 0.9681918621 -0.0779462159 -0.2377581745 0.1343257874 0.9636156559 0.2310874760 0.2110950947 -0.2556740642 0.9434350133
-349.8 274.4 2677.0 0.9681918621 -0.0779462159 -0.2377581745 0.1343257874 0.9636156559 0.2310874760 0.2110950947 -0.2556740642 0.9434350133
-335.5 82.0 2724.3 0.9689289927 -0.0723358765 -0.2365250587 0.1248481125 0.9685491920 0.2152334601 0.2135170400 -0.2380756587 0.9474864006
-491.3 256.2 2645.9 0.5018854141 -0.8496212959 -0.1620330662 0.7441403866 0.3286614716 0.5815812349 -0.4408697784 -0.4124624729 0.7971879244
-587.8 113.0 2730.7 -0.5032130480 -0.8496212959 -0.1578616351 -0.2710976899 0.3286614716 -0.9047030807 0.8205380440 -0.4124624729 -0.3957171142
-208.4 292.7 2708.2 0.2519165277 0.9376567006 -0.2394535840 -0.9458251595 0.2909228206 0.1441479027 0.2048237622 0.1901679933 0.9601475596
-138.3 29.6 2765.1 0.1346928179 0.9751515985 -0.1758897156 -0.9895638824 0.1232053861 -0.0747241974 -0.0511968583 0.1841189265 0.9815697074
-410.3 -127.2 2750.9 0.9627810121 0.0323223509 -0.2683431208 -0.0459079556 0.9979537129 -0.0445068069 0.2663554251 0.0551693924 0.9622946978
-423.1 -523.8 2729.0 0.9629399180 -0.0173140243 -0.2691596150 -0.0025020875 0.9973210692 -0.0731053278 0.2697043121 0.0710695013 0.9603169560
-232.0 -105.1 2786.6 0.5101915002 0.2224330902 -0.8307996988 -0.1931991279 0.9709305763 0.1413078606 0.8380803466 0.0884156972 0.5383344293
-320.3 -490.8 2751.5 0.5110910535 -0.0389890932 -0.8586418033 -0.0220851358 0.9980451465 -0.0584648773 0.8592427969 0.0488440990 0.5092309117
-451.0 186.8 2507.5 0 0 0 0 0 0 0 0 0
-102.6 -232.4 2751.6 0 0 0 0 0 0 0 0 0
-419.1 -753.9 2712.6 0 0 0 0 0 0 0 0 0
-309.5 -766.8 2738.0 0 0 0 0 0 0 0 0 0
-363.1 467.4 2622.5 4 0.9810845256 -0.0679692104 -0.1812549382 0.1128448844 0.9615931511 0.2502091527 0.1572869867 -0.2659300268 0.9510741234
-349.3 272.3 2676.4 0.9810845256 -0.0679692104 -0.1812549382 0.1128448844 0.9615931511 0.2502091527 0.1572869867 -0.2659300268 0.9510741234
-335.8 80.0 2724.6 0.9813910127 -0.0678816289 -0.1796211600 0.1084919050 0.9678316116 0.2270055413 0.1584335417 -0.2422686368 0.9571858644
-492.3 256.5 2653.3 0.4955105782 -0.8542937636 -0.1570077091 0.7470744848 0.3269492686 0.5787779093 -0.4431127906 -0.4040870070 0.8002279401
-585.5 116.0 2736.7 -0.4879181683 -0.8542937636 -0.1792149544 -0.2363677323 0.3269492686 -0.9150051475 0.8402774334 -0.4040870070 -0.3614519835
-206.2 288.2 2699.5 0.2463036478 0.9498174191 -0.1928247064 -0.9394814372 0.2828643322 0.1932934225 0.2381366938 0.1335463524 0.9620063901
-137.5 26.1 2765.9 0.1164421737 0.9854256511 -0.1240062565 -0.9925094843 0.1108044684 -0.0514522381 -0.0369619057 0.1290685982 0.9909465909
-410.0 -121.9 2752.1 0.9760334492 0.0186810270 -0.2168172598 -0.0356922522 0.9965588450 -0.0748099461 0.2146736383 0.0807557106 0.9733415246
-417.4 -517.7 2720.0 0.9765004516 -0.0001095538 -0.2155152112 -0.0046655643 0.9997547865 -0.0216479041 0.2154647261 0.0221446883 0.9762604833
-232.4 -99.0 2791.2 0.5497891307 0.2250467986 -0.8044164181 -0.2066278458 0.9697347879 0.1300743818 0.8093434572 0.0947013497 0.5796506405
-321.8 -484.3 2753.6 0.5516749024 -0.0417988040 -0.8330112100 -0.0208836626 0.9977380633 -0.0638950020 0.8337977529 0.0526455902 0.5495541692
-451.6 180.9 2506.0 0 0 0 0 0 0 0 0 0
-106.8 -235.2 2756.2 0 0 0 0 0 0 0 0 0
-417.4 -754.7 2714.8 0 0 0 0 0 0 0 0 0
-309.8 -772.6 2738.4 0 0 0 0 0 0 0 0 0
-362.6 474.3 2629.6 5 0.9809965491 -0.0682339147 -0.1816313118 0.1098660156 0.9669362903 0.2301383764 0.1599226594 -0.2457200587 0.9560577273
-348.7 277.2 2679.7 0.9809965491 -0.0682339147 -0.1816313118 0.1098660156 0.9669362903 0.2301383764 0.1599226594 -0.2457200587 0.9560577273
-335.4 84.1 2724.8 0.9813303351 -0.0668079630 -0.1803536564 0.1050739586 0.9716488123 0.2117971033 0.1610906869 -0.2267933935 0.9605282545
-491.9 261.8 2656.2 0.4495729208 -0.8695816398 -0.2042351216 0.7674067616 0.2589944303 0.5865225792 -0.4571335018 -0.4204160869 0.7837597132
-579.4 112.5 2745.2 -0.4732381701 -0.8695816398 -0.1409731954 -0.1940459013 0.2589944303 -0.9461860657 0.8592972755 -0.4204160869 -0.2913047969
-205.5 292.5 2703.2 0.2412338853 0.9506782889 -0.1949794739 -0.9432160854 0.2769564390 0.1834079921 0.2283628285 0.1396635622 0.9635063410
-136.7 23.6 2768.3 0.1166040003 0.9856687784 -0.1219040975 -0.9909700751 0.1072843298 -0.0804260522 -0.0661950484 0.1301813126 0.9892780185
-412.1 -122.2 2758.2 0.9758085608 0.0161019284 -0.2180328965 -0.0391328409 0.9940422177 -0.1017285213 0.2150958776 0.1077998132 0.9706250429
-418.5 -517.0 2715.4 0.9765939713 0.0048863748 -0.2150356472 -0.0037280547 0.9999762774 0.0057918909 0.2150588334 -0.0048546609 0.9765890241
-232.5 -102.3 2787.2 0.5495710373 0.2211049795 -0.8056576848 -0.2168166190 0.9690487385 0.1180468798 0.8068223000 0.1098048165 0.5805003643
-320.3 -487.4 2743.6 0.5556498766 -0.0325869955 -0.8307775259 -0.0010051663 0.9992045164 -0.0398657806 0.8314157724 0.0229864847 0.5551751256
-446.2 167.1 2503.2 0 0 0 0 0 0 0 0 0
-106.3 -235.3 2751.0 0 0 0 0 0 0 0 0 0
-419.7 -753.4 2716.6 0 0 0 0 0 0 0 0 0
-311.0 -773.7 2737.0 0 0 0 0 0 0 0 0 0
-360.2 475.0 2624.2 6 0.9794846177 -0.0588874817 -0.1927229166 0.1060986742 0.9637644887 0.2447470427 0.1713269651 -0.2601736188 0.9502403736
-348.2 277.9 2677.4 0.9794846177 -0.0588874817 -0.1927229166 0.1060986742 0.9637644887 0.2447470427 0.1713269651 -0.2601736188 0.9502403736
-336.2 85.6 2725.6 0.9796012640 -0.0604246631 -0.1916512698 0.1042100042 0.9682107568 0.2273944765 0.1718185842 -0.2427278906 0.9547573328
-491.2 262.7 2652.3 0.4273545742 -0.8779624104 -0.2157545984 0.7527568340 0.2133698016 0.6227603555 -0.5007246733 -0.4285502434 0.7520767450
-577.4 110.9 2753.3 -0.4635137618 -0.8779624104 -0.1197371185 -0.1549727768 0.2133698016 -0.9646018744 0.8724324703 -0.4285502434 -0.2349601090
-205.2 293.2 2702.5 0.2228118032 0.9528663754 -0.2059139311 -0.9443499446 0.2634000182 0.1970371902 0.2419878393 0.1505525857 0.9585279226
-140.5 19.3 2772.7 0.1069449261 0.9873512387 -0.1170484051 -0.9862076044 0.0903837532 -0.1386553794 -0.1263222843 0.1302625239 0.9833993912
-412.1 -118.5 2755.1 0.9729936719 0.0072456086 -0.2307179570 -0.0300831236 0.9949631095 -0.0956214145 0.2288630158 0.0999797508 0.9683107734
-415.0 -513.8 2715.4 0.9731408358 0.0205220450 -0.2292939425 -0.0238396302 0.9996472597 -0.0117077315 0.2289727926 0.0168595556 0.9732868075
-232.3 -99.3 2784.6 0.5397255421 0.2195415944 -0.8127101660 -0.2010889053 0.9710715413 0.1287762672 0.8174715042 0.0939231589 0.5682594776
-319.5 -485.1 2747.3 0.5447586775 -0.0291513782 -0.8380860090 -0.0030369316 0.9993204474 -0.0367336571 0.8385873437 0.0225561876 0.5442999601
-444.8 155.2 2503.7 0 0 0 0 0 0 0 0 0
-113.0 -234.6 2740.1 0 0 0 0 0 0 0 0 0
-419.8 -750.6 2711.4 0 0 0 0 0 0 0 0 0
-311.0 -776.7 2740.7 0 0 0 0 0 0 0 0 0
-360.5 476.7 2631.0 7 0.9893633127 -0.0510867871 -0.1361996680 0.0817834288 0.9696596265 0.2303730100 0.1202983037 -0.2390614897 0.9635236859
-350.1 279.3 2679.6 0.9893633127 -0.0510867871 -0.1361996680 0.0817834288 0.9696596265 0.2303730100 0.1202983037 -0.2390614897 0.9635236859
-339.7 85.8 2723.5 0.9893852472 -0.0532829612 -0.1351950914 0.0813747421 0.9739486575 0.2116652578 0.1203949228 -0.2204199582 0.9679463506
-494.4 267.3 2662.1 0.3599108756 -0.9053092003 -0.2255647033 0.7769403458 0.1569675803 0.6096924543 -0.5165538192 -0.3946852386 0.7598655820
-565.4 114.0 2764.1 -0.4148825705 -0.9053092003 -0.0910369530 -0.1276255995 0.1569675803 -0.9793226719 0.9008796811 -0.3946852386 -0.1806637347
-205.9 291.2 2697.2 0.2189443707 0.9623087645 -0.1613232046 -0.9395014048 0.2525509000 0.2314199358 0.2634397447 0.1008952856 0.9593850374
-141.3 14.2 2774.8 0.0935530588 0.9936850667 -0.0619502440 -0.9840121269 0.0828121305 -0.1576776356 -0.1515516788 0.0757110193 0.9855455160
-414.0 -116.3 2758.1 0.9834916592 0.0199370030 -0.1798518896 -0.0381907336 0.9943931103 -0.0986091793 0.1768775135 0.1038499773 0.9787387252
-421.9 -511.4 2716.8 0.9840691686 -0.0007625345 -0.1777844429 -0.0031632388 0.9997574091 -0.0217971560 0.1777579337 0.0220122840 0.9838280082
-234.4 -97.2 2789.6 0.5831260681 0.2056405693 -0.7859236002 -0.2090789825 0.9728320241 0.0994171947 0.7850158811 0.1063473523 0.6102788448
-316.1 -483.7 2747.3 0.5906744003 -0.0171741396 -0.8067272305 -0.0190489963 0.9991980791 -0.0352189951 0.8066851497 0.0361703038 0.5898735523
-446.5 150.5 2506.0 0 0 0 0 0 0 0 0 0
-117.4 -237.8 2736.0 0 0 0 0 0 0 0 0 0
-421.7 -752.2 2711.5 0 0 0 0 0 0 0 0 0
-311.1 -775.1 2736.8 0 0 0 0 0 0 0 0 0
-360.9 479.6 2643.4 8 0.9988850951 -0.0441020913 -0.0168397389 0.0465677567 0.9790588021 0.1981798410 0.0077469489 -0.1987430751 0.9800209999
-352.0 280.4 2683.8 0.9988850951 -0.0441020913 -0.0168397389 0.0465677567 0.9790588021 0.1981798410 0.0077469489 -0.1987430751 0.9800209999
-343.4 85.6 2721.0 0.9988233447 -0.0456836298 -0.0162782650 0.0479165651 0.9813957810 0.1859201640 0.0074819122 -0.1864814013 0.9824299812
-496.7 273.2 2682.8 0.3464055359 -0.9037149549 -0.2515997589 0.8379808664 0.1775490046 0.5160081387 -0.4216530025 -0.3895838559 0.8187998533
-564.3 109.7 2765.1 -0.4140103757 -0.9037149549 -0.1090625226 -0.1306088269 0.1775490046 -0.9754064083 0.9008533359 -0.3895838559 -0.1915402859
-207.2 287.7 2684.8 0.2106984556 0.9754514098 -0.0640370473 -0.9277266264 0.2201767564 0.3014058769 0.3081062436 -0.0040968815 0.9513431191
-145.1 14.1 2775.6 0.0970029905 0.9942969084 0.0443182401 -0.9785728455 0.1034051850 -0.1780522466 -0.1816195250 -0.0260970257 0.9830225110
-419.8 -115.2 2756.3 0.9975419044 0.0078433119 -0.0696322024 -0.0162192304 0.9925745130 -0.1205518544 0.0681696236 0.1213849038 0.9902619123
-422.9 -509.5 2708.1 0.9976697564 -0.0079265796 -0.0677656904 0.0095910504 0.9996593595 0.0242721867 0.0675502121 -0.0248655714 0.9974059463
-238.7 -100.2 2778.3 0.6761200428 0.1959757805 -0.7102500796 -0.1884791553 0.9779070616 0.0904069766 0.7122761011 0.0727413669 0.6981199384
-316.5 -488.5 2749.4 0.6836799979 -0.0170956068 -0.7295816541 -0.0138111291 0.9992434382 -0.0363565423 0.7296512127 0.0349325873 0.6829266548
-446.5 146.9 2508.7 0 0 0 0 0 0 0 0 0
-120.1 -238.0 2728.8 0 0 0 0 0 0 0 0 0
-420.9 -762.7 2714.4 0 0 0 0 0 0 0 0 0
-311.6 -775.8 2739.4 0 0 0 0 0 0 0 0 0
-357.5 478.6 2641.6 9 0.9916981459 -0.0331408978 -0.1242435649 0.0567154214 0.9798878431 0.1913194805 0.1154042631 -0.1967777014 0.9736325741
-350.7 279.9 2681.5 0.9916981459 -0.0331408978 -0.1242435649 0.0567154214 0.9798878431 0.1913194805 0.1154042631 -0.1967777014 0.9736325741
-344.0 84.8 2718.5 0.9916707277 -0.0352294706 -0.1238872930 0.0575022995 0.9817826748 0.1810973734 0.1152504310 -0.1867127717 0.9756309390
-494.2 271.4 2664.8 0.3441641629 -0.8994728327 -0.2692575455 0.8154653907 0.1442194879 0.5605505109 -0.4653677940 -0.4124916196 0.7831242085
-565.5 102.3 2761.3 -0.4313383102 -0.8994728327 -0.0699703842 -0.1418793648 0.1442194879 -0.9793217182 0.8909643888 -0.4124916196 -0.1898240298
-207.3 288.4 2698.2 0.2099244148 0.9651629925 -0.1561796665 -0.9412394166 0.2427234203 0.2348483205 0.2645753920 0.0977020636 0.9594030380
-145.6 11.9 2775.9 0.0780778676 0.9956227541 -0.0513727404 -0.9794291258 0.0669863820 -0.1903454810 -0.1860710233 0.0651777312 0.9803720713
-425.6 -113.8 2757.5 0.9846125841 -0.0031220221 -0.1747234017 -0.0183559451 0.9924615026 -0.1211742759 0.1737845540 0.1225169301 0.9771327972
-424.4 -508.2 2708.8 0.9847289324 -0.0103247203 -0.1737881899 0.0107329171 0.9999414086 0.0014091762 0.1737634689 -0.0032529109 0.9847820401
-243.9 -104.7 2758.7 0.6071616411 0.1868777424 -0.7722897530 -0.1323232651 0.9821574688 0.1336308867 0.7834827900 0.0210563429 0.6210566163
-318.0 -494.4 2750.4 0.6078212857 -0.0250641387 -0.7936781645 -0.0294530652 0.9981023669 -0.0540757924 0.7935274243 0.0562446713 0.6059296727
-443.2 142.5 2508.6 0 0 0 0 0 0 0 0 0
-125.4 -241.8 2727.7 0 0 0 0 0 0 0 0 0
-421.9 -754.1 2709.6 0 0 0 0 0 0 0 0 0
-311.0 -775.3 2734.5 0 0 0 0 0 0 0 0 0
-355.7 479.1 2641.2 0 0.9820918441 -0.0317167640 -0.1857137978 0.0674701333 0.9795591831 0.1895035058 0.1759072244 -0.1986399889 0.9641570449
-349.3 279.8 2681.6 0.9820918441 -0.0317167640 -0.1857137978 0.0674701333 0.9795591831 0.1895035058 0.1759072244 -0.1986399889 0.9641570449
-342.6 84.7 2718.2 0.9820972681 -0.0342747569 -0.1852300912 0.0673093423 0.9822428823 0.1751237363 0.1759386212 -0.1844562590 0.9669650793
-491.8 270.0 2656.0 0.3090248108 -0.9084257483 -0.2815426886 0.8109988570 0.0970758200 0.5769377351 -0.4967741072 -0.4066188633 0.7667310834
-557.0 98.8 2760.8 -0.4172741771 -0.9084257483 -0.0253946669 -0.1514732540 0.0970758200 -0.9836829305 0.8960681558 -0.4066188633 -0.1781094372
-206.8 289.7 2707.1 0.2080892026 0.9555752277 -0.2087458670 -0.9497326016 0.2484314442 0.1904988140 0.2338949889 0.1586120129 0.9592368603
-145.6 10.3 2776.0 0.0648738369 0.9905480742 -0.1208547503 -0.9859991074 0.0449853204 -0.1605681330 -0.1536137760 0.1295793504 0.9795978665
-427.3 -115.5 2745.1 0.9722329378 -0.0157266036 -0.2334861904 -0.0059392988 0.9957596660 -0.0918011442 0.2339398414 0.0906388387 0.9680169225
-421.0 -511.0 2709.1 0.9722300768 0.0050836327 -0.2339717895 -0.0065306076 0.9999640584 -0.0054100701 0.2339358628 0.0067878109 0.9722283483
-247.2 -104.9 2766.0 0.5602058172 0.1724581867 -0.8102022409 -0.1258070916 0.9844548106 0.1225612983 0.8187441826 0.0332696363 0.5731937885
-315.6 -495.7 2752.8 0.5610105395 -0.0081071071 -0.8277689815 -0.0562624186 0.9972664118 -0.0478983335 0.8258945346 0.0734437555 0.5590208173
-439.8 141.4 2509.1 0 0 0 0 0 0 0 0 0
-128.8 -245.2 2736.1 0 0 0 0 0 0 0 0 0
-422.3 -758.3 2707.4 0 0 0 0 0 0 0 0 0
-313.4 -774.7 2732.3 0 0 0 0 0 0 0 0 0
-354.1 478.4 2640.0 1 0.9767494202 -0.0290998295 -0.2123999745 0.0710331425 0.9787093997 0.1925673634 0.2022741735 -0.2031774968 0.9580209255
-348.2 279.7 2681.2 0.9767494202 -0.0290998295 -0.2123999745 0.0710331425 0.9787093997 0.1925673634 0.2022741735 -0.2031774968 0.9580209255
-341.8 84.6 2718.2 0.9767611623 -0.0324306004 -0.2118628323 0.0706588477 0.9819491506 0.1754513383 0.2023485303 -0.1863440424 0.9614213109
-490.4 269.4 2651.7 0.2846001387 -0.9144967198 -0.2875734270 0.8081166744 0.0674889535 0.5851433277 -0.5157036185 -0.3989247382 0.7582274079
-547.9 106.1 2755.9 -0.4044108987 -0.9144967198 -0.0121464077 -0.1228749529 0.0674889535 -0.9901247621 0.9062855840 -0.3989247382 -0.1396620125
-206.1 290.1 2710.7 0.2059179544 0.9508458972 -0.2312787324 -0.9531715512 0.2483876050 0.1725330204 0.2214990854 0.1849206537 0.9574667215
-145.4 9.2 2776.0 0.0563134551 0.9869305491 -0.1509862244 -0.9881938100 0.0335144326 -0.1494983435 -0.1424842626 0.1576224267 0.9771659970
-425.3 -116.6 2738.7 0.9656116366 -0.0139264828 -0.2596155405 -0.0050372262 0.9973747730 -0.0722373053 0.2599399984 0.0710609257 0.9630064964
-419.8 -512.8 2710.5 0.9656094909 0.0041310405 -0.2599638999 -0.0055907569 0.9999724627 -0.0048759119 0.2599366307 0.0061616218 0.9656060338
-246.4 -104.3 2770.9 0.5372232199 0.1765709072 -0.8247508407 -0.1291804314 0.9835297465 0.1264187843 0.8334888220 0.0386265591 0.5511845350
-316.6 -495.0 2755.5 0.5371044278 -0.0169455949 -0.8433455229 -0.0745568424 0.9949313998 -0.0674747303 0.8402143121 0.0991181582 0.5331186056
-436.5 140.0 2506.3 0 0 0 0 0 0 0 0 0
-130.8 -247.1 2739.0 0 0 0 0 0 0 0 0 0
-420.8 -756.9 2709.0 0 0 0 0 0 0 0 0 0
-311.8 -773.6 2727.8 0 0 0 0 0 0 0 0 0
-353.3 480.2 2638.9 2 0.9732183814 -0.0290959161 -0.2280337811 0.0749758482 0.9778907895 0.1952133626 0.2173122168 -0.2070822567 0.9538827538
-347.4 281.1 2681.0 0.9732183814 -0.0290959161 -0.2280337811 0.0749758482 0.9778907895 0.1952133626 0.2173122168 -0.2070822567 0.9538827538
-341.1 86.0 2718.2 0.9732789993 -0.0317788981 -0.2274161726 0.0730249286 0.9817974567 0.1753313392 0.2177047879 -0.1872533560 0.9578834772
-489.3 270.4 2649.3 0.2599061430 -0.9224376678 -0.2855828106 0.7957808971 0.0370847136 0.6044481397 -0.5469749570 -0.3843611181 0.7436968088
-539.4 116.8 2754.8 -0.3861026764 -0.9224376678 -0.0057860175 -0.0736644194 0.0370847136 -0.9965933561 0.9195098281 -0.3843611181 -0.0822693408
-205.5 291.8 2712.8 0.2030825615 0.9482306838 -0.2441640496 -0.9559404850 0.2459874749 0.1602120399 0.2119792700 0.2008700371 0.9564078450
-145.3 8.7 2775.6 0.0525868647 0.9844147563 -0.1678160429 -0.9884753227 0.0274242610 -0.1488771439 -0.1419546306 0.1737110019 0.9745118618
-424.7 -117.0 2736.7 0.9612913132 -0.0194896534 -0.2748439014 0.0031469385 0.9982067347 -0.0597778559 0.2755160928 0.0565990135 0.9596288204
-417.0 -513.6 2714.2 0.9611626267 0.0166942142 -0.2754773498 -0.0200330596 0.9997559786 -0.0093107019 0.2752546668 0.0144677516 0.9612624645
-246.2 -104.0 2773.7 0.5220340490 0.1751237959 -0.8347527385 -0.1404009461 0.9829875827 0.1184188202 0.8412895203 0.0553814173 0.5377405286
-315.8 -494.5 2751.7 0.5227381587 -0.0107680373 -0.8524252772 -0.0644887537 0.9965556264 -0.0521355681 0.8500506282 0.0822250918 0.5202432275
-434.3 136.9 2504.4 0 0 0 0 0 0 0 0 0
-131.7 -247.8 2738.7 0 0 0 0 0 0 0 0 0
-421.0 -756.5 2710.7 0 0 0 0 0 0 0 0 0
-312.8 -775.1 2728.6 0 0 0 0 0 0 0 0 0
-351.6 480.3 2639.3 3 0.9647617340 -0.0294746067 -0.2614689469 0.0820889547 0.9778254032 0.1926625073 0.2499923259 -0.2073371261 0.9457880855
-345.6 281.9 2681.4 0.9647617340 -0.0294746067 -0.2614689469 0.0820889547 0.9778254032 0.1926625073 0.2499923259 -0.2073371261 0.9457880855
-339.2 86.8 2718.7 0.9648380280 -0.0323595814 -0.2608456314 0.0796719790 0.9817099571 0.1729100347 0.2504794598 -0.1876122653 0.9497692585
-486.3 270.3 2644.8 0.2672639191 -0.9192841649 -0.2889405787 0.8107384443 0.0524462909 0.5830544829 -0.5208388567 -0.3900846839 0.7593160272
-537.1 116.1 2743.9 -0.3929545879 -0.9192841649 -0.0224359576 -0.0658006221 0.0524462909 -0.9964535236 0.9172006249 -0.3900846839 -0.0810984746
-204.9 293.5 2717.9 0.2007713318 0.9408606291 -0.2728958130 -0.9600757360 0.2443653494 0.1361620426 0.1947957873 0.2346632332 0.9523590803
-145.2 8.3 2775.8 0.0509067774 0.9787859917 -0.1984604001 -0.9863219261 0.0180790629 -0.1638358831 -0.1567722857 0.2040861994 0.9663184285
-423.9 -115.8 2735.5 0.9517793059 -0.0070257541 -0.3067030609 -0.0117652286 0.9981663823 -0.0593759120 0.3065578341 0.0601211973 0.9499514699
-421.1 -512.4 2711.6 0.9516733885 -0.0165440887 -0.3066660762 0.0145331295 0.9998553395 -0.0088399174 0.3067679405 0.0039558969 0.9517761469
-245.7 -102.4 2775.4 0.4907640815 0.1740981191 -0.8537215590 -0.1579843313 0.9813724160 0.1093120500 0.8568497896 0.0812282041 0.5091270804
-314.9 -492.2 2743.1 0.4932516813 -0.0065664309 -0.8698618412 -0.0440351926 0.9985009432 -0.0325074829 0.8687713742 0.0543389022 0.4922231138
-431.3 133.8 2496.7 0 0 0 0 0 0 0 0 0
-132.0 -247.9 2735.1 0 0 0 0 0 0 0 0 0
-416.9 -763.3 2710.6 0 0 0 0 0 0 0 0 0
-313.0 -769.7 2728.0 0 0 0 0 0 0 0 0 0
-350.1 480.0 2638.5 4 0.9522168636 -0.0304705184 -0.3038989604 0.0913872570 0.9778499603 0.1883023530 0.2914299369 -0.2070771605 0.9339098930
-343.9 281.6 2680.6 0.9522168636 -0.0304705184 -0.3038989604 0.0913872570 0.9778499603 0.1883023530 0.2914299369 -0.2070771605 0.9339098930
-337.2 86.6 2718.2 0.9522833228 -0.0340854786 -0.3033061922 0.0893702805 0.9813290238 0.1703122407 0.2918379903 -0.1892920732 0.9375495315
-482.8 268.6 2638.0 0.2659834027 -0.9235000014 -0.2764064968 0.7826777697 0.0395054221 0.6211721897 -0.5627329350 -0.3815586865 0.7333106995
-533.1 120.7 2744.4 -0.3830820918 -0.9235000014 -0.0198953934 -0.0433905609 0.0395054221 -0.9982768297 0.9226946235 -0.3815586865 -0.0552050062
-205.1 294.7 2723.1 0.2010528147 0.9292134047 -0.3100647926 -0.9633284211 0.2449696809 0.1094907746 0.1776967794 0.2766807973 0.9443895221
-145.3 8.4 2775.9 0.0517963022 0.9697064161 -0.2387187779 -0.9847632647 0.0098593039 -0.1736204773 -0.1660072803 0.2440743893 0.9554419518
-421.1 -115.6 2733.0 0.9378726482 -0.0002142953 -0.3469796479 -0.0159957446 0.9989099503 -0.0438528098 0.3466108143 0.0466785505 0.9368468523
-421.0 -512.5 2714.4 0.9379077554 0.0064058057 -0.3468256593 -0.0118032033 0.9998398423 -0.0134521062 0.3466839492 0.0167104881 0.9378331304
-244.4 -101.0 2778.9 0.4500448406 0.1871615648 -0.8731724620 -0.1803570539 0.9766904712 0.1163918525 0.8746033311 0.1051012576 0.4733104110
-318.8 -488.9 2737.1 0.4527316391 -0.0172589179 -0.8914797902 -0.0278869290 0.9990494847 -0.0335036293 0.8912106156 0.0400287844 0.4518199861
-430.6 132.3 2497.6 0 0 0 0 0 0 0 0 0
-131.8 -247.7 2732.8 0 0 0 0 0 0 0 0 0
-422.6 -760.3 2710.3 0 0 0 0 0 0 0 0 0
-313.9 -768.6 2725.9 0 0 0 0 0 0 0 0 0
-347.8 479.6 2641.2 5 0.9618704319 -0.0211568084 -0.2726861238 0.0749503449 0.9792274237 0.1884041429 0.2630356848 -0.2016582936 0.9434756041
-343.5 280.9 2682.1 0.9618704319 -0.0211568084 -0.2726861238 0.0749503449 0.9792274237 0.1884041429 0.2630356848 -0.2016582936 0.9434756041
-338.5 85.5 2718.0 0.9619156718 -0.0251870826 -0.2721834481 0.0730328262 0.9832282066 0.1671180725 0.2634092271 -0.1806318313 0.9476221204
-483.8 270.2 2643.7 0.2617463171 -0.9225656986 -0.2834808528 0.8039043546 0.0458704755 0.5929871202 -0.5340661407 -0.3831036687 0.7536609769
-532.0 122.1 2742.0 -0.3848630190 -0.9225656986 -0.0274403542 -0.0387871154 0.0458704755 -0.9981940985 0.9221583605 -0.3831036687 -0.0534375124
-203.1 291.6 2720.5 0.2043635994 0.9369930625 -0.2833364010 -0.9609542489 0.2471919209 0.1243505701 0.1865540892 0.2468605936 0.9509245157
-142.7 7.5 2775.6 0.0291909128 0.9789503217 -0.2020003349 -0.9811084270 -0.0106037073 -0.1931677610 -0.1912436038 0.2038229853 0.9601469040
-417.6 -116.6 2729.1 0.9477087259 0.0156297702 -0.3187535703 -0.0259435307 0.9992673397 -0.0281364433 0.3180802763 0.0349347480 0.9474199414
-423.8 -513.6 2715.2 0.9477584958 -0.0060581597 -0.3189311624 -0.0074916119 0.9991211295 -0.0412411094 0.3189007044 0.0414759219 0.9468801618
-243.2 -100.2 2782.5 0.4699117243 0.1866748035 -0.8627488017 -0.2123983651 0.9725785255 0.0947522819 0.8567788005 0.1387212276 0.4966754615
-317.4 -486.4 2727.4 0.4792691171 -0.0118338130 -0.8775882125 0.0100938398 0.9999172688 -0.0079709012 0.8776099682 -0.0050380281 0.4793488979
-430.0 132.4 2497.5 0 0 0 0 0 0 0 0 0
-135.2 -245.9 2726.3 0 0 0 0 0 0 0 0 0
-422.3 -756.6 2705.1 0 0 0 0 0 0 0 0 0
-314.0 -772.0 2728.9 0 0 0 0 0 0 0 0 0
-348.4 481.4 2648.5 6 0.9904173613 -0.0190463252 -0.1367868930 0.0439308956 0.9824482203 0.1812885255 0.1309331656 -0.1855604798 0.9738705158
-344.5 282.1 2686.1 0.9904173613 -0.0190463252 -0.1367868930 0.0439308956 0.9824482203 0.1812885255 0.1309331656 -0.1855604798 0.9738705158
-340.0 86.0 2718.0 0.9903821945 -0.0241967123 -0.1362263858 0.0455331206 0.9867442250 0.1557644159 0.1306516081 -0.1604691148 0.9783556461
-487.7 275.3 2667.3 0.2556112707 -0.9156693816 -0.3101814091 0.8842680454 0.0917395651 0.4578797519 -0.3908105493 -0.3913227320 0.8331468105
-532.9 118.8 2736.4 -0.3962886930 -0.9156693816 -0.0671186000 -0.0434816740 0.0917395651 -0.9948332310 0.9170957804 -0.3913227320 -0.0761701912
-201.3 288.9 2704.9 0.1736520082 0.9704277515 -0.1676751524 -0.9544656277 0.2077821046 0.2140606493 0.2425702959 0.1228681132 0.9623216987
-150.6 10.3 2775.7 0.0515272096 0.9956247211 -0.0779507309 -0.9766822457 0.0339495800 -0.2119886279 -0.2084147334 0.0870562792 0.9741583467
-421.6 -116.5 2729.8 0.9822371006 -0.0095102191 -0.1874029189 0.0024108985 0.9992719889 -0.0380742289 0.1876285821 0.0369461104 0.9815449715
-417.8 -513.5 2715.1 0.9821942449 0.0115574459 -0.1875123531 -0.0165055357 0.9995549917 -0.0248481724 0.1871417314 0.0275007244 0.9819478989
-245.4 -103.1 2778.0 0.5833752155 0.1885934323 -0.7900037169 -0.2076091170 0.9749805927 0.0794438422 0.7852208614 0.1176664084 0.6079332232
-320.3 -490.4 2731.3 0.5916382074 -0.0244799256 -0.8058318496 0.0044565918 0.9996229410 -0.0270949882 0.8061912656 0.0124391653 0.5915241838
-429.0 130.2 2495.9 0 0 0 0 0 0 0 0 0
-137.2 -244.4 2721.4 0 0 0 0 0 0 0 0 0
-420.7 -762.9 2708.3 0 0 0 0 0 0 0 0 0
-313.4 -771.7 2727.8 0 0 0 0 0 0 0 0 0
-345.3 482.0 2656.1 7 0.9959290624 -0.0112084923 -0.0894406959 0.0261098277 0.9855729342 0.1672253311 0.0862759799 -0.1688798517 0.9818533659
-343.1 282.5 2690.3 0.9959290624 -0.0112084923 -0.0894406959 0.0261098277 0.9855729342 0.1672253311 0.0862759799 -0.1688798517 0.9818533659
-340.2 86.0 2719.4 0.9958993793 -0.0155022768 -0.0891297907 0.0283060651 0.9891377687 0.1442402750 0.0859255865 -0.1461717188 0.9855204821
-487.6 278.3 2677.9 0.2650930882 -0.9050148726 -0.3326765895 0.9244107604 0.1404237598 0.3546066284 -0.2742086053 -0.4015335739 0.8738309145
-535.7 110.8 2727.6 -0.4137310386 -0.9050148726 -0.0988669991 -0.0711852610 0.1404237598 -0.9875291586 0.9076118469 -0.4015335739 -0.1225213856
-198.5 286.7 2702.7 0.1635354161 0.9784173369 -0.1263158321 -0.9525986314 0.1899050623 0.2376803160 0.2565385699 0.0814591348 0.9630951881
-151.7 14.4 2776.0 0.0619224831 0.9974129200 -0.0365116075 -0.9720085263 0.0519577600 -0.2291283160 -0.2266384661 0.0496777892 0.9727112055
-425.4 -114.3 2738.1 0.9894924760 -0.0213776827 -0.1429953575 0.0091592651 0.9962905049 -0.0855647326 0.1442940831 0.0833559260 0.9860177636
-416.9 -509.7 2705.1 0.9893535376 0.0181746576 -0.1443925649 -0.0167325605 0.9997973442 0.0111955684 0.1445667744 -0.0086603183 0.9894571304
-245.6 -105.7 2761.8 0.6245296001 0.1763885617 -0.7608218193 -0.1793419868 0.9805198312 0.0801082477 0.7601310611 0.0864173323 0.6439974904
-315.6 -495.1 2727.5 0.6341920495 -0.0103538139 -0.7731062174 0.0115423072 0.9999256730 -0.0039231409 0.7730894089 -0.0064354050 0.6342644691
-428.6 129.2 2492.7 0 0 0 0 0 0 0 0 0
-135.5 -240.1 2716.7 0 0 0 0 0 0 0 0 0
-421.5 -765.3 2707.3 0 0 0 0 0 0 0 0 0
-312.8 -768.0 2729.2 0 0 0 0 0 0 0 0 0
-341.3 483.1 2646.9 8 0.9983814359 -0.0060806978 -0.0565465018 0.0165234990 0.9823924899 0.1860968024 0.0544192605 -0.1867299378 0.9809029102
-340.1 282.2 2685.1 0.9983814359 -0.0060806978 -0.0565465018 0.0165234990 0.9823924899 0.1860968024 0.0544192605 -0.1867299378 0.9809029102
-338.8 86.3 2717.6 0.9983853698 -0.0068143816 -0.0563934706 0.0159253292 0.9865419865 0.1627305597 0.0545256212 -0.1633659005 0.9850576520
-485.4 279.9 2677.2 0.2918893397 -0.8923726678 -0.3441970944 0.9279197454 0.1769660115 0.3280975521 -0.2318741083 -0.4151554704 0.8797047138
-540.4 105.0 2720.9 -0.4355927408 -0.8923726678 -0.1180253774 -0.0971653536 0.1769660115 -0.9794089794 0.8948842883 -0.4151554704 -0.1637928188
-194.7 284.6 2693.0 0.1554020643 0.9829367995 0.0984147042 -0.9427199960 0.1177958846 0.3120948076 0.2951766253 -0.1412776858 0.9449399114
-150.3 15.0 2777.4 0.0811790600 0.9829367995 0.1650612354 -0.9670050740 0.1177958846 -0.2258879393 -0.2414771020 -0.1412776858 0.9600673914
-428.1 -113.2 2740.7 0.9934059381 -0.0187275168 -0.1131101176 0.0095671536 0.9966688156 -0.0809924379 0.1142501086 0.0793762282 0.9902758598
-420.7 -509.0 2709.2 0.9934610724 -0.0012561799 -0.1141644567 0.0002223742 0.9999588728 -0.0090676928 0.1141711473 0.0089830123 0.9934204817
-246.6 -107.9 2756.3 0.6469457746 0.1747358739 -0.7422456145 -0.1668830663 0.9822384119 0.0857775286 0.7440505624 0.0683748126 0.6646154523
-316.0 -498.0 2729.1 0.6543998718 -0.0213135798 -0.7558482289 0.0193980727 0.9997468591 -0.0113965850 0.7558998466 -0.0072040758 0.6546476483
-428.5 130.0 2491.1 0 0 0 0 0 0 0 0 0
-129.1 -238.2 2714.2 0 0 0 0 0 0 0 0 0
-420.3 -762.5 2706.9 0 0 0 0 0 0 0 0 0
-310.6 -749.9 2730.9 0 0 0 0 0 0 0 0 0
-340.7 485.3 2651.9 9 0.9983255863 -0.0004206210 -0.0578429326 0.0102419080 0.9854595065 0.1696015894 0.0569305308 -0.1699100435 0.9838137627
-340.6 284.1 2686.5 0.9983255863 -0.0004206210 -0.0578429326 0.0102419080 0.9854595065 0.1696015894 0.0569305308 -0.1699100435 0.9838137627
-340.2 87.6 2716.0 0.9983249903 -0.0022039958 -0.0578135550 0.0107252318 0.9890038967 0.1475001127 0.0568527393 -0.1478731185 0.9873709083
-486.2 282.5 2678.3 0.2953430414 -0.8905751705 -0.3459023237 0.9253093004 0.1765006036 0.3356340528 -0.2378553897 -0.4191938043 0.8761857152
-542.5 105.9 2723.7 -0.4403123260 -0.8905751705 -0.1140218228 -0.1035120711 0.1765006036 -0.9788425565 0.8918578029 -0.4191938043 -0.1699006706
-195.0 285.7 2694.8 0.1555502862 0.9849738479 0.0750378743 -0.9453917742 0.1264123023 0.3004235923 0.2864236832 -0.1176711619 0.9508495927
-150.5 15.3 2776.7 0.0955973566 0.9849738479 0.1438322514 -0.9665208459 0.1264123023 -0.2232876569 -0.2381146699 -0.1176711619 0.9640824199
-428.7 -111.2 2745.2 0.9932075143 -0.0144494353 -0.1154556349 0.0022126064 0.9944253564 -0.1054197773 0.1163352653 0.1044482589 0.9877027273
-422.9 -506.1 2703.7 0.9931640029 -0.0094771646 -0.1163420826 0.0099226022 0.9999454618 0.0032501051 0.1163049340 -0.0043823035 0.9932038784
-246.2 -108.2 2755.1 0.6504670382 0.1699384302 -0.7402793765 -0.1483793706 0.9843009710 0.0955783278 0.7449001074 0.0476716310 0.6654707193
-313.7 -499.2 2736.2 0.6573462486 -0.0102231940 -0.7535192966 0.0122469068 0.9999208450 -0.0028823768 0.7534891367 -0.0073335613 0.6574194431
-430.5 132.3 2496.8 0 0 0 0 0 0 0 0 0
-125.5 -237.6 2714.5 0 0 0 0 0 0 0 0 0
-420.6 -757.7 2704.8 0 0 0 0 0 0 0 0 0
-311.0 -764.0 2738.1 0 0 0 0 0 0 0 0 0
-339.6 489.2 2655.8 0 0.9979699850 0.0108260885 -0.0627587810 -0.0005034189 0.9867556095 0.1622132659 0.0636837110 -0.1618523747 0.9847579598
-341.8 288.0 2688.8 0.9979699850 0.0108260885 -0.0627587810 -0.0005034189 0.9867556095 0.1622132659 0.0636837110 -0.1618523747 0.9847579598
-343.5 91.2 2716.5 0.9979770184 0.0086624585 -0.0629829615 0.0002069843 0.9902259707 0.1394719779 0.0635755360 -0.1392028630 0.9882209897
-487.4 287.9 2679.6 0.2797775567 -0.8915020823 -0.3562984169 0.9334986806 0.1659088135 0.3178906441 -0.2242871076 -0.4215427637 0.8786336184
-542.5 104.0 2723.7 -0.4419238567 -0.8915020823 -0.0996361300 -0.1138424352 0.1659088135 -0.9795479178 0.8897995353 -0.4215427637 -0.1748098284
-196.1 288.0 2698.1 0.1625428349 0.9840030074 0.0729243234 -0.9493474960 0.1358185112 0.2833596766 0.2689222991 -0.1152886078 0.9562370777
-149.0 12.7 2776.1 0.0792749748 0.9867550135 0.1415274292 -0.9733019471 0.1072963774 -0.2029059380 -0.2154038250 -0.1216635555 0.9689164758
-431.2 -109.8 2740.2 0.9921687841 -0.0195295699 -0.1233679652 0.0077651148 0.9954344630 -0.0951308832 0.1246625930 0.0934279263 0.9877907038
-423.4 -505.3 2703.1 0.9920449257 -0.0172106512 -0.1247022897 0.0179560613 0.9998269677 0.0048559289 0.1245971471 -0.0070564616 0.9921823144
-248.4 -107.9 2750.6 0.6488663554 0.1624123305 -0.7433671355 -0.1329316348 0.9861263633 0.0994182006 0.7492006421 0.0343078822 0.6614539623
-312.9 -499.6 2736.9 0.6547949910 0.0094083734 -0.7557479739 -0.0122653171 0.9999231100 0.0018212177 0.7557070255 0.0080769649 0.6548600197
-431.6 132.6 2500.4 0 0 0 0 0 0 0 0 0
-128.3 -241.9 2719.7 0 0 0 0 0 0 0 0 0
-419.1 -757.5 2704.8 0 0 0 0 0 0 0 0 0
-315.4 -761.8 2734.8 0 0 0 0 0 0 0 0 0
-339.4 493.9 2665.8 1 0.9919013381 0.0181849990 -0.1257020533 -0.0013285811 0.9911285043 0.1329003721 0.1270036846 -0.1316570640 0.9831258655
-343.1 291.5 2692.7 0.9919013381 0.0181849990 -0.1257020533 -0.0013285811 0.9911285043 0.1329003721 0.1270036846 -0.1316570640 0.9831258655
-346.0 94.1 2715.2 0.9919092655 0.0154238231 -0.1260083765 -0.0008613782 0.9933867455 0.1148131043 0.1269458979 -0.1137756407 0.9853627682
-487.7 291.7 2674.2 0.2671357691 -0.9010747075 -0.3416180611 0.9214919209 0.1351390183 0.3641291857 -0.2819416821 -0.4120702147 0.8664335012
-541.2 107.2 2730.6 -0.4268233776 -0.9010747075 -0.0767217353 -0.1082591265 0.1351390183 -0.9848946333 0.8978316784 -0.4120702147 -0.1552300453
-198.6 291.2 2711.2 0.1756362021 0.9843101501 0.0168938637 -0.9594944715 0.1673179716 0.2266606539 0.2202777416 -0.0560193844 0.9738272429
-147.2 10.6 2775.6 0.0666764602 0.9936045408 0.0911274552 -0.9739906192 0.0846373886 -0.2101874352 -0.2165559828 -0.0747427270 0.9734048843
-436.7 -105.5 2738.3 0.9812157154 -0.0488139167 -0.1866357327 0.0310938302 0.9948257208 -0.0967209488 0.1903913617 0.0891008973 0.9776564837
-417.3 -500.6 2702.9 0.9816472530 -0.0002321963 -0.1907055378 0.0016828560 0.9999708533 0.0074448884 0.1906982511 -0.0076291841 0.9816190600
-253.8 -105.5 2750.0 0.6053436399 0.1553870589 -0.7806497216 -0.1186320037 0.9874184728 0.1045525521 0.7870740294 0.0293198172 0.6161613464
-315.5 -497.8 2738.3 0.6071591973 -0.0130307758 -0.7944733500 -0.0172285158 0.9994145632 -0.0295586996 0.7943934202 0.0316344313 0.6065792441
-433.1 134.6 2503.3 0 0 0 0 0 0 0 0 0
-129.7 -244.5 2718.9 0 0 0 0 0 0 0 0 0
-417.2 -754.8 2704.9 0 0 0 0 0 0 0 0 0
-312.1 -758.8 2730.0 0 0 0 0 0 0 0 0 0
-338.3 492.8 2670.8 2 0.9941841364 0.0160618685 -0.1064890772 -0.0033864875 0.9929891229 0.1181573570 0.1076403186 -0.1171095446 0.9872683883
-341.6 290.8 2694.6 0.9941841364 0.0160618685 -0.1064890772 -0.0033864875 0.9929891229 0.1181573570 0.1076403186 -0.1171095446 0.9872683883
-344.1 93.2 2714.4 0.9941992760 0.0131438049 -0.1067475900 -0.0023561395 0.9949280620 0.1005612239 0.1075279340 -0.0997263789 0.9891877174
-486.6 291.2 2678.9 0.2421558052 -0.9163649678 -0.3188037574 0.9269547462 0.1214607880 0.3549678028 -0.2865579128 -0.3814741671 0.8788412809
-534.0 109.6 2735.1 -0.3922934234 -0.9163649678 -0.0798821077 -0.0822974220 0.1214607880 -0.9891786575 0.9161511660 -0.3814741671 -0.1230627373
-196.5 290.4 2710.3 0.1638499200 0.9859873652 0.0313391723 -0.9593012333 0.1518478990 0.2380826473 0.2299876958 -0.0690735281 0.9707391262
-148.4 9.0 2777.8 0.0670175776 0.9928197861 0.0990835279 -0.9760365486 0.0858407095 -0.1999601126 -0.2070297599 -0.0833083019 0.9747812152
-439.7 -103.0 2726.2 0.9838472605 -0.0565398037 -0.1698465198 0.0459146276 0.9967726469 -0.0658497512 0.1730214953 0.0569876544 0.9832680225
-417.2 -498.8 2703.6 0.9844363332 0.0221071709 -0.1743455082 -0.0177402981 0.9994896054 0.0265661813 0.1748438329 -0.0230597742 0.9843261242
-258.2 -103.3 2749.4 0.6238629222 0.1453296989 -0.7679025531 -0.1083856672 0.9891523719 0.0991472304 0.7739816904 0.0213753507 0.6328471303
-315.9 -496.4 2740.9 0.6255023479 0.0001193248 -0.7802222967 -0.0363949761 0.9989159107 -0.0290249940 0.7793729901 0.0465513729 0.6248285770
-434.6 130.4 2502.8 0 0 0 0 0 0 0 0 0
-130.9 -246.6 2723.6 0 0 0 0 0 0 0 0 0
-423.1 -763.6 2709.7 0 0 0 0 0 0 0 0 0
-316.0 -753.9 2728.9 0 0 0 0 0 0 0 0 0
-335.3 488.4 2663.8 3 0.9974324703 0.0280368533 -0.0658971369 -0.0188204106 0.9904565811 0.1365339756 0.0690962374 -0.1349432021 0.9884412289
-341.0 287.3 2691.2 0.9974324703 0.0280368533 -0.0658971369 -0.0188204106 0.9904565811 0.1365339756 0.0690962374 -0.1349432021 0.9884412289
-346.1 90.0 2714.0 0.9974469543 0.0261538401 -0.0664493293 -0.0182890240 0.9930430651 0.1163225994 0.0690293312 -0.1148103327 0.9909861684
-486.5 290.0 2681.1 0.2349736691 -0.9225476384 -0.3060935438 0.9253088236 0.1158746332 0.3610770106 -0.2976422608 -0.3680746555 0.8808689713
-531.5 112.8 2738.1 -0.3775632977 -0.9225476384 -0.0796983987 -0.0740501657 0.1158746332 -0.9904996753 0.9230181575 -0.3680746555 -0.1120648086
-195.5 284.5 2701.2 0.1672810614 0.9835252762 0.0685205907 -0.9499083161 0.1421734393 0.2783178985 0.2639908791 -0.1116455942 0.9580417871
-147.0 9.2 2777.8 0.0603455454 0.9885513186 0.1382922977 -0.9771521688 0.0867909193 -0.1940129399 -0.2037942559 -0.1234247908 0.9712024331
-437.7 -104.2 2724.3 0.9898748398 -0.0503112897 -0.1327272356 0.0446953103 0.9979884624 -0.0449592881 0.1347222030 0.0385717824 0.9901323915
-417.7 -500.6 2709.0 0.9906607270 0.0196757633 -0.1349230856 -0.0196538270 0.9998057485 0.0014946770 0.1349262744 0.0011710372 0.9908549190
-255.6 -104.7 2744.0 0.6525618434 0.1435992569 -0.7440042496 -0.1020733565 0.9895881414 0.1014711186 0.7508289218 0.0097268317 0.6604250669
-312.7 -497.9 2740.2 0.6548574567 0.0184607450 -0.7555269599 -0.0420663208 0.9990421534 -0.0120503698 0.7545807958 0.0396735109 0.6550067663
-436.0 131.6 2504.8 0 0 0 0 0 0 0 0 0
-131.2 -247.3 2724.3 0 0 0 0 0 0 0 0 0
-422.8 -758.9 2708.7 0 0 0 0 0 0 0 0 0
-317.4 -754.6 2730.0 0 0 0 0 0 0 0 0 0
-333.2 484.6 2660.3 4 0.9941447377 0.0341440924 -0.1025202274 -0.0189162772 0.9891057014 0.1459867805 0.1063879281 -0.1431926936 0.9839600921
-340.2 283.7 2689.3 0.9941447377 0.0341440924 -0.1025202274 -0.0189162772 0.9891057014 0.1459867805 0.1063879281 -0.1431926936 0.9839600921
-346.5 86.5 2712.7 0.9941237569 0.0321117342 -0.1033769324 -0.0195441153 0.9925374389 0.1203636974 0.1064705625 -0.1176359951 0.9873326421
-485.2 286.6 2673.8 0.2485276759 -0.9214500189 -0.2986032069 0.9079728723 0.1142475829 0.4031535685 -0.3373711705 -0.3713184297 0.8650452495
-532.4 114.2 2737.9 -0.3807351887 -0.9214500189 -0.0772695839 -0.0754634067 0.1142475829 -0.9905820489 0.9215996861 -0.3713184297 -0.1130338311
