-157.9 444.1 2486.1 1 0.9822449088 -0.0087789511 -0.1873977035 0.0076518538 0.9999480247 -0.0067370129 0.1874471158 0.0051834565 0.9822610021
-156.2 246.4 2485.1 0.9822449088 -0.0087789511 -0.1873977035 0.0076518538 0.9999480247 -0.0067370129 0.1874471158 0.0051834565 0.9822610021
-153.5 52.3 2485.3 0.9821714759 -0.0141550191 -0.1874535531 0.0140541885 0.9998995066 -0.0018669897 0.1874611378 -0.0008008035 0.9822716713
-290.4 244.4 2459.5 0.1980799288 -0.7078373432 -0.6780343652 0.9086138010 0.3920752406 -0.1438678652 0.3676755428 -0.5875740647 0.7208130360
-336.8 31.3 2373.3 -0.6873412132 -0.7078373432 -0.1628750414 -0.1905010045 0.3920752406 -0.8999924064 0.7009075284 -0.5875740647 -0.4043332040
-22.0 248.3 2510.7 0.2506399155 0.9480457306 0.1959310323 -0.9679935575 0.2427200824 0.0638391823 0.0129660601 -0.2056606263 0.9785374999
45.7 -13.0 2514.2 0.1175467148 0.9549310803 0.2725608051 -0.9376430511 0.1971337795 -0.2862932086 -0.3271212280 -0.2219119221 0.9185569286
-237.1 -145.6 2472.7 0.9965459704 0.0045336080 -0.0829190612 0.0030439356 0.9958434105 0.0910307616 0.0829870999 -0.0909687430 0.9923899770
-238.8 -532.2 2508.0 0.9965480566 -0.0053818226 -0.0828431621 0.0026683980 0.9994574189 -0.0328296907 0.0829748958 0.0324953049 0.9960216880
-61.4 -141.9 2508.0 0.8640258908 0.1346933246 -0.4850947857 -0.1118786409 0.9908233881 0.0758434087 0.4908588529 -0.0112589216 0.8711663485
-113.7 -526.6 2512.4 0.8610187173 -0.1030717343 -0.4980190694 0.0917994231 0.9946607351 -0.0471475609 0.5002195835 -0.0051229266 0.8658834100
-166.9 78.4 2200.0 0 0 0 0 0 0 0 0 0
78.2 -272.4 2423.7 0 0 0 0 0 0 0 0 0
-237.1 -843.0 2497.9 0 0 0 0 0 0 0 0 0
-81.9 -834.0 2513.9 0 0 0 0 0 0 0 0 0
-157.8 443.1 2481.6 2 0.9809991717 -0.0065106782 -0.1939025372 0.0074289171 0.9999643564 0.0040087947 0.1938695163 -0.0053731101 0.9810125828
-156.5 245.2 2482.6 0.9809991717 -0.0065106782 -0.1939025372 0.0074289171 0.9999643564 0.0040087947 0.1938695163 -0.0053731101 0.9810125828
-154.5 51.2 2484.5 0.9809560776 -0.0107561098 -0.1939316243 0.0124224797 0.9998956323 0.0073784785 0.1938320249 -0.0096470751 0.9809873104
-290.6 243.5 2456.1 0.1877039671 -0.7187030911 -0.6695021391 0.9174914956 0.3716480434 -0.1417288780 0.3506801426 -0.5876594186 0.7291637659
-335.1 25.7 2372.9 -0.6761869788 -0.7187030911 -0.1619785428 -0.1766917259 0.3716480434 -0.9114043117 0.7152280807 -0.5876594186 -0.3782924414
-22.5 247.0 2509.1 0.2350572646 0.9528852105 0.1917233616 -0.9718313813 0.2269364893 0.0635894760 0.0170844402 -0.2012699544 0.9793868065
40.2 -12.2 2513.7 0.1372923106 0.9549185038 0.2632137537 -0.9332059026 0.2137839049 -0.2888306677 -0.3320806324 -0.2059783936 0.9204865098
-238.7 -143.0 2468.6 0.9960160255 0.0027688318 -0.0891312659 0.0065037995 0.9946003556 0.1035749838 0.0889367759 -0.1037420407 0.9906198978
-239.8 -529.1 2508.9 0.9960399270 -0.0065878434 -0.0886624232 0.0035410356 0.9993991852 -0.0344776586 0.0888362899 0.0340271667 0.9954648614
-62.8 -140.5 2502.2 0.8625596166 0.1292995512 -0.4891549051 -0.0943441838 0.9909412861 0.0955745876 0.4970815480 -0.0362898633 0.8669446111
-112.9 -525.1 2516.3 0.8579248786 -0.1026811972 -0.5034098625 0.0828986615 0.9946521521 -0.0616023988 0.5070431232 0.0111182239 0.8618489504
-169.7 68.9 2197.9 0 0 0 0 0 0 0 0 0
78.4 -271.9 2421.2 0 0 0 0 0 0 0 0 0
-237.7 -845.3 2498.2 0 0 0 0 0 0 0 0 0
-81.2 -832.4 2512.9 0 0 0 0 0 0 0 0 0
-159.1 444.2 2487.8 3 0.9804034829 -0.0060972166 -0.1969056726 0.0034750418 0.9999006391 -0.0136596765 0.1969693899 0.0127077391 0.9803272486
-157.9 246.5 2485.2 0.9804034829 -0.0060972166 -0.1969056726 0.0034750418 0.9999006391 -0.0136596765 0.1969693899 0.0127077391 0.9803272486
-155.8 52.5 2484.0 0.9803484678 -0.0112650795 -0.1969517171 0.0098112160 0.9999169707 -0.0083560264 0.1970294863 0.0062594819 0.9803775549
-291.9 245.2 2458.3 0.1727180779 -0.7364350557 -0.6540885568 0.9291093349 0.3422713876 -0.1400218308 0.3269927800 -0.5835354924 0.7433451414
-333.3 22.5 2380.0 -0.6588047743 -0.7364350557 -0.1537520885 -0.1668015271 0.3422713876 -0.9246770144 0.7335894704 -0.5835354924 -0.3483285308
-24.0 247.9 2512.2 0.2314632684 0.9544879198 0.1880891323 -0.9728268981 0.2259578258 0.0505062267 0.0057073757 -0.1946685016 0.9808524847
37.9 -12.1 2513.7 0.1449662298 0.9550560117 0.2585591674 -0.9271512628 0.2223721743 -0.3015644550 -0.3455073237 -0.1960068047 0.9177178144
-240.3 -144.0 2469.0 0.9956582189 -0.0115765659 -0.0923614651 0.0223036706 0.9930021167 0.1159712970 0.0903725848 -0.1175277829 0.9889489412
-235.8 -529.4 2514.6 0.9959976077 0.0056729638 -0.0891997889 -0.0100701628 0.9987517595 -0.0489236079 0.0888109058 0.0496260524 0.9948114753
-64.5 -141.8 2503.7 0.8611932993 0.1272693574 -0.4920859635 -0.1009372622 0.9916846156 0.0798327401 0.4981543720 -0.0190816056 0.8668783903
-113.9 -526.7 2511.1 0.8569996357 -0.1055734977 -0.5043866038 0.0938524455 0.9943956137 -0.0486735925 0.5066984296 -0.0056246631 0.8621050119
-171.1 63.5 2199.3 0 0 0 0 0 0 0 0 0
78.4 -271.4 2417.1 0 0 0 0 0 0 0 0 0
-237.6 -845.9 2498.9 0 0 0 0 0 0 0 0 0
-81.3 -833.7 2512.9 0 0 0 0 0 0 0 0 0
-160.0 442.6 2482.9 4 0.9816898108 -0.0076442580 -0.1903331727 0.0079703964 0.9999678135 0.0009480494 0.1903197914 -0.0024477213 0.9817190766
-158.4 244.6 2483.4 0.9816898108 -0.0076442580 -0.1903331727 0.0079703964 0.9999678135 0.0009480494 0.1903197914 -0.0024477213 0.9817190766
-155.9 50.5 2484.5 0.9816271067 -0.0131543921 -0.1903554052 0.0139976228 0.9998972416 0.0030858342 0.1902952492 -0.0056936615 0.9817103744
-292.6 242.7 2457.4 0.1855420470 -0.7291889191 -0.6586787105 0.9315308332 0.3438844681 -0.1182953268 0.3127690256 -0.5916307569 0.7430670261
-336.4 22.6 2383.5 -0.6637710929 -0.7291889191 -0.1664073318 -0.1451970637 0.3438844681 -0.9277183414 0.7337068319 -0.5916307569 -0.3341366649
-24.3 246.5 2509.3 0.2279011756 0.9538558125 0.1954996437 -0.9735989571 0.2205828875 0.0587216839 0.0128881466 -0.2037209868 0.9789441824
36.3 -12.7 2512.8 0.1345167458 0.9554558396 0.2626963854 -0.9354304671 0.2099042386 -0.2844468653 -0.3269174993 -0.2074713409 0.9219981432
-241.4 -142.5 2465.2 0.9960612655 -0.0220867600 -0.0858726129 0.0326363221 0.9918127060 0.1234601587 0.0824427158 -0.1257764548 0.9886270761
-232.8 -527.5 2514.0 0.9965618253 0.0180834588 -0.0808546841 -0.0219594166 0.9986389279 -0.0473079532 0.0798891485 0.0489208251 0.9956025481
-65.7 -140.7 2500.5 0.8646688461 0.1258528978 -0.4863216877 -0.0936493576 0.9915212989 0.0900847167 0.4935357571 -0.0323497355 0.8691236973
-114.6 -525.6 2513.0 0.8595550656 -0.1082483307 -0.4994470477 0.0932729989 0.9941236973 -0.0549386553 0.5024591684 0.0006378751 0.8646007180
-172.4 58.5 2202.2 0 0 0 0 0 0 0 0 0
74.0 -274.7 2421.2 0 0 0 0 0 0 0 0 0
-238.6 -846.6 2498.4 0 0 0 0 0 0 0 0 0
-81.4 -829.9 2512.8 0 0 0 0 0 0 0 0 0
-160.2 442.5 2480.4 5 0.9827415347 -0.0101411371 -0.1847057045 0.0119215008 0.9998925328 0.0085309064 0.1845993400 -0.0105856452 0.9827568531
-158.1 244.6 2482.5 0.9827415347 -0.0101411371 -0.1847057045 0.0119215008 0.9998925328 0.0085309064 0.1845993400 -0.0105856452 0.9827568531
-155.1 50.5 2484.9 0.9826700687 -0.0154725425 -0.1847162992 0.0175015572 0.9998030066 0.0093590049 0.1845351160 -0.0124296369 0.9827473164
-292.4 242.2 2457.3 0.1882198751 -0.7345702648 -0.6519047618 0.9364249110 0.3343518972 -0.1063823774 0.2961109281 -0.5904365778 0.7508015633
-336.8 21.2 2387.4 -0.6574769020 -0.7345702648 -0.1677218676 -0.1356420070 0.3343518972 -0.9326360822 0.7411648631 -0.5904365778 -0.3194672167
-23.9 247.0 2507.7 0.2231022269 0.9536575675 0.2018975616 -0.9746689796 0.2149056345 0.0619346201 0.0156754982 -0.2106010467 0.9774464369
35.6 -13.0 2511.9 0.1437293589 0.9519647360 0.2703793347 -0.9251033068 0.2262801826 -0.3049281240 -0.3514623046 -0.2063016891 0.9131888151
-241.3 -144.8 2468.5 0.9967347383 -0.0107703693 -0.0800241381 0.0191953350 0.9942584038 0.1052698120 0.0784308836 -0.1064621657 0.9912186265
-237.1 -530.7 2509.8 0.9969456792 0.0073319585 -0.0777532533 -0.0099871047 0.9993782043 -0.0338146761 0.0774569809 0.0344879255 0.9963990450
-65.4 -142.3 2502.6 0.8668532968 0.1212079376 -0.4836051762 -0.0952278003 0.9923923016 0.0780332685 0.4893843234 -0.0215907414 0.8718008995
-112.4 -527.5 2511.0 0.8634788394 -0.0967094302 -0.4950268269 0.0841335207 0.9953125715 -0.0476915501 0.4973186553 -0.0004677061 0.8675678372
-173.3 54.9 2203.1 0 0 0 0 0 0 0 0 0
76.0 -272.7 2413.2 0 0 0 0 0 0 0 0 0
-239.4 -847.5 2498.9 0 0 0 0 0 0 0 0 0
-82.8 -832.7 2511.1 0 0 0 0 0 0 0 0 0
-160.7 443.4 2487.2 6 0.9805714488 -0.0122894412 -0.1957769096 0.0099058980 0.9998644590 -0.0131493313 0.1959119737 0.0109545132 0.9805603027
-158.2 244.8 2485.0 0.9805714488 -0.0122894412 -0.1957769096 0.0099058980 0.9998644590 -0.0131493313 0.1959119737 0.0109545132 0.9805603027
-154.8 50.8 2484.4 0.9804722667 -0.0175475627 -0.1958730966 0.0165550187 0.9998404980 -0.0067034592 0.1959594786 0.0033298726 0.9806063175
-292.2 242.6 2458.2 0.1800204515 -0.7417708039 -0.6460407972 0.9379228950 0.3273846507 -0.1145424098 0.2964680493 -0.5853164792 0.7546597719
-335.1 19.0 2387.6 -0.6501813531 -0.7417708039 -0.1644392014 -0.1370546669 0.3273846507 -0.9348985553 0.7473153472 -0.5853164792 -0.3145225346
-24.3 247.1 2511.8 0.2409148216 0.9514764547 0.1914485544 -0.9705378413 0.2370005846 0.0434396975 -0.0040415707 -0.1962733418 0.9805408716
39.6 -10.3 2510.7 0.1334142834 0.9546933174 0.2660098970 -0.9248285294 0.2164051235 -0.3128274381 -0.3562201858 -0.2042778879 0.9117991924
-240.2 -145.1 2470.8 0.9957887530 -0.0031201837 -0.0916244015 0.0129002230 0.9942457676 0.1063435823 0.0907653645 -0.1070777178 0.9900990129
-239.0 -531.0 2512.4 0.9959335327 0.0009113128 -0.0900866464 -0.0050704586 0.9989308715 -0.0459502190 0.0899484605 0.0462201424 0.9948733449
-64.1 -142.0 2503.9 0.8624612093 0.1202572584 -0.4916287661 -0.0929197818 0.9924737811 0.0797603205 0.4975204170 -0.0231081471 0.8671444058
-110.8 -527.3 2512.8 0.8594573736 -0.0924368575 -0.5027806759 0.0810546577 0.9957154393 -0.0445080325 0.5047406554 -0.0024999599 0.8632674217
-173.4 53.0 2201.7 0 0 0 0 0 0 0 0 0
77.3 -271.5 2410.1 0 0 0 0 0 0 0 0 0
-239.2 -847.2 2497.7 0 0 0 0 0 0 0 0 0
-82.2 -834.5 2513.6 0 0 0 0 0 0 0 0 0
-160.8 443.6 2483.1 7 0.9784488678 -0.0127644166 -0.2060943842 0.0119268866 0.9999148250 -0.0053057224 0.2061445564 0.0027333135 0.9785177112
-158.3 244.3 2482.5 0.9784488678 -0.0127644166 -0.2060943842 0.0119268866 0.9999148250 -0.0053057224 0.2061445564 0.0027333135 0.9785177112
-154.6 50.3 2483.1 0.9783388972 -0.0187071729 -0.2061626017 0.0189133026 0.9998206496 -0.0009710693 0.2061437964 -0.0029491810 0.9785172939
-291.9 241.7 2454.4 0.1812609136 -0.7344510555 -0.6540077329 0.9431672096 0.3181772530 -0.0959105864 0.2785319984 -0.5994538069 0.7503832579
-334.7 19.1 2388.6 -0.6583052874 -0.7344510555 -0.1649720520 -0.1192912310 0.3181772530 -0.9404960871 0.7432386875 -0.5994538069 -0.2970713377
-24.6 246.9 2510.7 0.2324077636 0.9548273683 0.1851790547 -0.9725529552 0.2303507328 0.0328529365 -0.0112872478 -0.1877317131 0.9821555018
37.0 -10.7 2507.7 0.1447280347 0.9556895494 0.2563420236 -0.9206901789 0.2249735743 -0.3189302683 -0.3624685109 -0.1898534149 0.9124539495
-239.2 -144.8 2466.2 0.9946553707 -0.0155848209 -0.1020676866 0.0262347013 0.9942473173 0.1038459837 0.0998621061 -0.1059686765 0.9893423319
-233.1 -530.7 2507.3 0.9949113727 0.0179107320 -0.0991489515 -0.0207034778 0.9994153380 -0.0272102263 0.0986036211 0.0291244909 0.9947004914
-63.5 -141.8 2501.3 0.8562400341 0.1302253008 -0.4998943806 -0.0971911773 0.9910326004 0.0916964486 0.5073528290 -0.0299288481 0.8612185121
-114.1 -526.5 2512.9 0.8523294926 -0.1002063006 -0.5133158565 0.0869385898 0.9949644208 -0.0498745143 0.5157287121 -0.0021174366 0.8567492962
-171.8 48.6 2204.7 0 0 0 0 0 0 0 0 0
77.7 -270.1 2405.6 0 0 0 0 0 0 0 0 0
-238.8 -848.7 2498.0 0 0 0 0 0 0 0 0 0
-83.4 -831.4 2513.5 0 0 0 0 0 0 0 0 0
-162.4 443.8 2489.0 8 0.9829586744 -0.0064307819 -0.1837142855 0.0035143062 0.9998626709 -0.0161962416 0.1837932169 0.0152746066 0.9828462601
-161.1 245.3 2486.0 0.9829586744 -0.0064307819 -0.1837142855 0.0035143062 0.9998626709 -0.0161962416 0.1837932169 0.0152746066 0.9828462601
-158.5 51.2 2484.0 0.9828812480 -0.0134019479 -0.1837521642 0.0113195684 0.9998593330 -0.0123768430 0.1838921905 0.0100849718 0.9828946590
-295.3 243.7 2460.9 0.1734802872 -0.7358146906 -0.6545848846 0.9451795220 0.3111114502 -0.0992237255 0.2766591311 -0.6014868617 0.7494486570
-336.8 17.9 2394.8 -0.6537495255 -0.7358146906 -0.1766022593 -0.0947118029 0.3111114502 -0.9456422925 0.7507604361 -0.6014868617 -0.2730793059
-26.8 246.8 2511.1 0.2374098301 0.9502440095 0.2016753107 -0.9713995457 0.2331781536 0.0448427014 -0.0044147680 -0.2065533996 0.9784253836
36.1 -10.8 2509.9 0.1485416293 0.9499166012 0.2749432921 -0.9190990329 0.2352188677 -0.3161155283 -0.3649552464 -0.2057438195 0.9080072641
-238.6 -145.5 2465.2 0.9968643188 -0.0044432417 -0.0790052265 0.0128962900 0.9941959977 0.1068080962 0.0780721083 -0.1074920520 0.9911358356
-236.9 -531.4 2506.9 0.9969631433 0.0045225010 -0.0777436048 -0.0064270534 0.9996848702 -0.0242651347 0.0776093677 0.0246911068 0.9966780543
-63.3 -142.1 2502.2 0.8689429164 0.1223061979 -0.4795616865 -0.0935853720 0.9921075702 0.0834523812 0.4859835207 -0.0276354011 0.8735309243
-110.8 -527.3 2512.9 0.8667604327 -0.0873946249 -0.4910076559 0.0778338909 0.9961671829 -0.0399104171 0.4926136434 -0.0036242676 0.8702405691
-173.2 41.6 2206.9 0 0 0 0 0 0 0 0 0
78.1 -270.4 2406.9 0 0 0 0 0 0 0 0 0
-238.3 -845.8 2499.2 0 0 0 0 0 0 0 0 0
-84.3 -829.9 2514.0 0 0 0 0 0 0 0 0 0
-160.8 439.7 2492.5 9 0.9875288606 0.0035423753 -0.1573981941 -0.0076329256 0.9996484518 -0.0253916793 0.1572529078 0.0262764245 0.9872087240
-161.5 242.2 2487.3 0.9875288606 0.0035423753 -0.1573981941 -0.0076329256 0.9996484518 -0.0253916793 0.1572529078 0.0262764245 0.9872087240
-161.1 48.1 2483.5 0.9875328541 -0.0023802868 -0.1573950052 -0.0007617364 0.9998016953 -0.0198993273 0.1574111581 0.0197711326 0.9873352051
-296.4 242.3 2465.8 0.1617833376 -0.7387083769 -0.6543210745 0.9418460131 0.3134878576 -0.1210431978 0.2945373356 -0.5966868997 0.7464666367
-335.1 16.7 2395.3 -0.6450397968 -0.7387083769 -0.1955340952 -0.0719842836 0.3134878576 -0.9468598962 0.7607508898 -0.5966868997 -0.2553875446
-26.7 242.1 2508.8 0.2373137772 0.9457383156 0.2219486684 -0.9714146256 0.2296260744 0.0602116361 0.0059792483 -0.2298932374 0.9731974602
35.5 -12.5 2510.4 0.1495704502 0.9434595108 0.2958257496 -0.9168123007 0.2443706393 -0.3158135414 -0.3702484071 -0.2239803076 0.9015259147
-244.0 -143.9 2465.6 0.9983558655 -0.0256293062 -0.0512713790 0.0309287813 0.9939494729 0.1053939983 0.0482599847 -0.1068064719 0.9931079149
-234.0 -529.7 2507.1 0.9987246990 0.0168186910 -0.0476033874 -0.0178643055 0.9996065497 -0.0216255877 0.0472209416 0.0224484093 0.9986321926
-67.9 -141.8 2498.6 0.8835585713 0.1091824248 -0.4554156661 -0.0833095759 0.9935774803 0.0765724778 0.4608511329 -0.0297157802 0.8869798183
-110.3 -527.5 2510.1 0.8808597326 -0.0915583596 -0.4644385874 0.0879757479 0.9956877232 -0.0294317529 0.4651305377 -0.0149340872 0.8851161003
-175.4 34.5 2206.9 0 0 0 0 0 0 0 0 0
77.8 -271.5 2405.7 0 0 0 0 0 0 0 0 0
-239.3 -842.7 2500.1 0 0 0 0 0 0 0 0 0
-82.5 -830.1 2514.6 0 0 0 0 0 0 0 0 0
-161.5 441.8 2493.2 0 0.9887361526 0.0022302940 -0.1496525258 -0.0059333378 0.9996870756 -0.0243023578 0.1495514959 0.0249165576 0.9884399176
-161.9 244.2 2488.3 0.9887361526 0.0022302940 -0.1496525258 -0.0059333378 0.9996870756 -0.0243023578 0.1495514959 0.0249165576 0.9884399176
-161.1 50.1 2484.6 0.9887280464 -0.0044072890 -0.1496577412 0.0015023532 0.9998083711 -0.0195180401 0.1497150809 0.0190731958 0.9885451794
-297.0 243.9 2467.9 0.1444017887 -0.7571308613 -0.6371035576 0.9484037757 0.2895655334 -0.1291591972 0.2822736502 -0.5855806470 0.7598795295
-332.1 13.3 2399.2 -0.6273006201 -0.7571308613 -0.1823369861 -0.0720692426 0.2895655334 -0.9544411302 0.7754353285 -0.5855806470 -0.2362104803
-26.9 244.4 2508.8 0.2336109281 0.9443753362 0.2314760387 -0.9723261595 0.2275750637 0.0528337508 -0.0027832843 -0.2374127507 0.9714048505
35.1 -13.4 2508.0 0.1353008598 0.9445360899 0.2992411852 -0.9282143116 0.2264770418 -0.2951717377 -0.3465715945 -0.2378229499 0.9073744416
-249.1 -145.8 2465.6 0.9983530641 -0.0374661796 -0.0434448496 0.0415137149 0.9944813848 0.0963503793 0.0395952165 -0.0979952589 0.9943988919
-234.6 -531.9 2503.7 0.9991595745 0.0116036050 -0.0393134765 -0.0119105149 0.9999003410 -0.0075815138 0.0392215848 0.0080433860 0.9991981387
-72.3 -146.0 2493.8 0.8877912164 0.1024872214 -0.4486905038 -0.0763849765 0.9941816926 0.0759477168 0.4538635612 -0.0331524983 0.8904542327
-112.1 -531.9 2506.7 0.8841932416 -0.0983607993 -0.4566480517 0.0987304375 0.9948456287 -0.0231185146 0.4565682709 -0.0246438254 0.8893470168
-176.4 31.2 2206.8 0 0 0 0 0 0 0 0 0
73.2 -275.3 2410.2 0 0 0 0 0 0 0 0 0
-238.2 -843.6 2501.1 0 0 0 0 0 0 0 0 0
-82.7 -828.4 2514.0 0 0 0 0 0 0 0 0 0
-162.1 440.8 2485.6 1 0.9914554954 -0.0024142596 -0.1304229647 0.0021296830 0.9999950528 -0.0023213823 0.1304279119 0.0020237877 0.9914557338
-161.7 243.0 2485.2 0.9914554954 -0.0024142596 -0.1304229647 0.0021296830 0.9999950528 -0.0023213823 0.1304279119 0.0020237877 0.9914557338
-160.4 49.0 2485.4 0.9914379120 -0.0061465856 -0.1304342151 0.0062401360 0.9999805093 0.0003085240 0.1304297745 -0.0011198097 0.9914569259
-297.1 242.2 2467.4 0.1466730833 -0.7622213364 -0.6304804683 0.9498721957 0.2864291966 -0.1253040582 0.2760974467 -0.5804971457 0.7660242915
-332.2 15.0 2401.3 -0.6186107397 -0.7622213364 -0.1906288415 -0.0582244061 0.2864291966 -0.9563305974 0.7835372686 -0.5804971457 -0.2215680629
-26.2 243.9 2503.0 0.2478456050 0.9358551502 0.2504949570 -0.9687706828 0.2374151200 0.0715359673 0.0074760080 -0.2604020536 0.9654713273
38.8 -10.5 2505.0 0.1303415298 0.9371111393 0.3237803876 -0.9300019741 0.2287537605 -0.2876944542 -0.3436676562 -0.2636178732 0.9013313055
-248.8 -144.1 2467.5 0.9995131493 -0.0199996233 -0.0239479560 0.0223597884 0.9944581985 0.1027273983 0.0217607319 -0.1032128558 0.9944212437
-241.0 -530.1 2507.6 0.9997252822 -0.0100678233 -0.0211648736 0.0095045371 0.9996023178 -0.0265483912 0.0214237422 0.0263399370 0.9994234443
-71.7 -143.8 2494.3 0.8962873220 0.1036007255 -0.4312028289 -0.0684632882 0.9929977655 0.0962714180 0.4381572306 -0.0567652918 0.8971042037
-111.9 -529.2 2516.4 0.8916413188 -0.0986000225 -0.4418753088 0.0832464248 0.9950616360 -0.0540585667 0.4450233579 0.0114163095 0.8954461813
-177.4 29.5 2205.3 0 0 0 0 0 0 0 0 0
75.7 -273.3 2407.9 0 0 0 0 0 0 0 0 0
-237.8 -846.6 2499.2 0 0 0 0 0 0 0 0 0
-82.3 -827.5 2513.0 0 0 0 0 0 0 0 0 0
-161.5 442.7 2490.8 2 0.9901048541 -0.0037640415 -0.1402792037 0.0010230192 0.9998072386 -0.0196067542 0.1403259635 0.0192692336 0.9899178147
-160.7 243.8 2487.0 0.9901048541 -0.0037640415 -0.1402792037 0.0010230192 0.9998072386 -0.0196067542 0.1403259635 0.0192692336 0.9899178147
-159.8 49.8 2484.2 0.9900972843 -0.0048117032 -0.1403004378 0.0027826435 0.9998887181 -0.0146548375 0.1403553486 0.0141193084 0.9900005460
-296.0 243.5 2467.8 0.1531567425 -0.7568194270 -0.6354268789 0.9466382861 0.2968866825 -0.1254362762 0.2835824192 -0.5823079944 0.7619044781
-332.7 16.5 2399.8 -0.6204264164 -0.7568194270 -0.2056583613 -0.0459872372 0.2968866825 -0.9538047314 0.7829151750 -0.5823079944 -0.2190003842
-25.5 244.2 2506.1 0.2356194705 0.9408346415 0.2435439080 -0.9717572927 0.2314542979 0.0460069776 -0.0130843250 -0.2475057095 0.9687981009
36.6 -11.7 2502.7 0.1423724890 0.9398941994 0.3103690445 -0.9253290892 0.2377113402 -0.2953970730 -0.3514202237 -0.2451370656 0.9035549760
-248.0 -145.6 2474.0 0.9992707968 -0.0176854748 -0.0338394418 0.0208201278 0.9952934384 0.0946442485 0.0320063420 -0.0952797756 0.9949358702
-241.1 -532.0 2511.0 0.9994463325 -0.0115136551 -0.0312173553 0.0103502609 0.9992551208 -0.0371764004 0.0316221379 0.0368327089 0.9988210201
-70.4 -144.6 2497.3 0.8913158774 0.1136404946 -0.4389098585 -0.0807568207 0.9923905134 0.0929482803 0.4461326599 -0.0474013165 0.8937106729
-114.5 -529.7 2515.7 0.8863377571 -0.1056331694 -0.4508292973 0.0912581384 0.9943848848 -0.0535779223 0.4539574683 0.0063462877 0.8910007477
-178.6 27.9 2205.4 0 0 0 0 0 0 0 0 0
76.7 -272.2 2403.8 0 0 0 0 0 0 0 0 0
-237.5 -847.7 2499.3 0 0 0 0 0 0 0 0 0
-82.4 -832.3 2513.8 0 0 0 0 0 0 0 0 0
-161.8 440.2 2492.4 3 0.9901562333 0.0004394726 -0.1399657577 -0.0041456944 0.9996483922 -0.0261890292 0.1399050355 0.0265114866 0.9898099303
-161.9 242.2 2487.1 0.9901562333 0.0004394726 -0.1399657577 -0.0041456944 0.9996483922 -0.0261890292 0.1399050355 0.0265114866 0.9898099303
-161.4 48.1 2483.1 0.9901522994 -0.0025460348 -0.1399711668 -0.0004051424 0.9997783303 -0.0210516416 0.1399937421 0.0209010411 0.9899317622
-297.2 242.2 2468.0 0.1541097462 -0.7571173310 -0.6348413825 0.9460714459 0.2983739674 -0.1261815280 0.2849543691 -0.5811594725 0.7622694373
-334.1 15.8 2399.8 -0.6189592481 -0.7571173310 -0.2089565247 -0.0430869348 0.2983739674 -0.9534760118 0.7842403650 -0.5811594725 -0.2173031867
-26.7 242.1 2506.2 0.2386255860 0.9402485490 0.2428795397 -0.9709762335 0.2351861596 0.0435043424 -0.0162170101 -0.2462114990 0.9690804482
35.9 -12.4 2502.0 0.1475524902 0.9390404224 0.3105338812 -0.9238511920 0.2429670393 -0.2957465947 -0.3531675041 -0.2432489395 0.9033840299
-247.5 -144.5 2468.9 0.9994086027 -0.0074527450 -0.0335695297 0.0112600848 0.9933366179 0.1146974936 0.0324910320 -0.1150076538 0.9928330779
-244.6 -530.0 2513.5 0.9992337823 -0.0226920992 -0.0318891183 0.0210788660 0.9985244870 -0.0500453636 0.0329777002 0.0493348315 0.9982377291
-70.1 -144.0 2494.0 0.8921051621 0.1107918695 -0.4380336702 -0.0786892846 0.9927520156 0.0908371583 0.4449228346 -0.0465677455 0.8943573833
-113.1 -529.4 2512.1 0.8878857493 -0.1022049636 -0.4485678077 0.0962271467 0.9947019815 -0.0361701660 0.4498880804 -0.0110494271 0.8930165768
-179.7 26.5 2204.2 0 0 0 0 0 0 0 0 0
77.3 -271.6 2402.9 0 0 0 0 0 0 0 0 0
-237.3 -849.2 2497.8 0 0 0 0 0 0 0 0 0
-81.9 -833.1 2515.5 0 0 0 0 0 0 0 0 0
-162.5 440.3 2493.7 4 0.9902127981 -0.0036272202 -0.1395187825 -0.0002014517 0.9996240139 -0.0274180751 0.1395657808 0.0271778349 0.9898397923
-161.8 242.5 2488.3 0.9902127981 -0.0036272202 -0.1395187825 -0.0002014517 0.9996240139 -0.0274180751 0.1395657808 0.0271778349 0.9898397923
-160.6 48.5 2484.3 0.9901962280 -0.0061009782 -0.1395499408 0.0031985473 0.9997740984 -0.0210133381 0.1396466196 0.0203609727 0.9899920225
-297.0 242.1 2469.2 0.1467163861 -0.7639429569 -0.6283831596 0.9475257993 0.2909395993 -0.1324728280 0.2840232253 -0.5759733319 0.7665413022
-332.7 11.6 2400.1 -0.6149426103 -0.7639429569 -0.1955420822 -0.0577603504 0.2909395993 -0.9549962878 0.7864536643 -0.5759733319 -0.2230367661
-26.5 243.0 2507.4 0.2370695770 0.9400367141 0.2452120781 -0.9712026715 0.2354917824 0.0361796655 -0.0237352140 -0.2467277199 0.9687941074
35.7 -11.8 2501.1 0.1503496319 0.9389438629 0.3094825745 -0.9274087548 0.2424002141 -0.2848774791 -0.3425025940 -0.2441856116 0.9072294831
-249.6 -145.9 2466.5 0.9992855191 -0.0173732638 -0.0335660614 0.0209879447 0.9936513901 0.1105276942 0.0314327367 -0.1111532077 0.9933060408
-242.9 -531.6 2509.6 0.9993560314 -0.0188141372 -0.0305538792 0.0175553281 0.9990066290 -0.0409579612 0.0312941186 0.0403952040 0.9986935854
-72.2 -146.0 2491.5 0.8932824731 0.1024434492 -0.4376662076 -0.0681880787 0.9932978749 0.0933260098 0.4442935586 -0.0535228737 0.8942810297
-112.0 -531.6 2512.3 0.8897418976 -0.0929489434 -0.4469003081 0.0896067843 0.9955646992 -0.0286636110 0.4475824237 -0.0145420860 0.8941244483
-180.0 26.0 2204.8 0 0 0 0 0 0 0 0 0
77.8 -271.7 2405.2 0 0 0 0 0 0 0 0 0
-236.9 -849.5 2496.8 0 0 0 0 0 0 0 0 0
-84.0 -831.0 2516.7 0 0 0 0 0 0 0 0 0
-162.4 442.9 2494.3 5 0.9896783233 -0.0027275598 -0.1432805955 -0.0009921722 0.9996644855 -0.0258833095 0.1433031261 0.0257583093 0.9893435836
-161.9 245.0 2489.2 0.9896783233 -0.0027275598 -0.1432805955 -0.0009921722 0.9996644855 -0.0258833095 0.1433031261 0.0257583093 0.9893435836
-160.6 50.9 2485.3 0.9896581173 -0.0063755903 -0.1433043331 0.0034476183 0.9997804165 -0.0206708815 0.1434046477 0.0199630465 0.9894627929
-297.1 244.5 2469.6 0.1449755579 -0.7634571791 -0.6293768287 0.9465189576 0.2923205495 -0.1365669817 0.2882428169 -0.5759182572 0.7650060654
-332.4 14.2 2399.5 -0.6132999063 -0.7634571791 -0.2024754584 -0.0485778265 0.2923205495 -0.9550858140 0.7883548737 -0.5759182572 -0.2163672596
-26.7 245.4 2508.8 0.2505623996 0.9373353124 0.2421176434 -0.9676837325 0.2498326302 0.0342321806 -0.0284018535 -0.2428705990 0.9696428180
39.1 -8.7 2501.4 0.1389615983 0.9400382042 0.3114769161 -0.9287565947 0.2328609079 -0.2884215415 -0.3436580598 -0.2492067218 0.9054253697
-248.1 -145.9 2467.9 0.9988971949 -0.0284710489 -0.0373337120 0.0324174017 0.9934296012 0.1097578704 0.0339634940 -0.1108470857 0.9932569861
-237.0 -531.5 2510.9 0.9994710684 0.0005078322 -0.0325156897 -0.0019452156 0.9990212917 -0.0441894867 0.0324614272 0.0442293659 0.9984938502
-70.7 -145.3 2492.9 0.8907085061 0.1119354814 -0.4405777454 -0.0761218220 0.9922508597 0.0982022285 0.4481559694 -0.0539319776 0.8923270702
-114.1 -530.5 2513.8 0.8860289454 -0.1036287770 -0.4519002438 0.0951663181 0.9945964217 -0.0414885953 0.4537577927 -0.0062455861 0.8911031485
-179.7 26.3 2203.3 0 0 0 0 0 0 0 0 0
78.3 -270.5 2404.5 0 0 0 0 0 0 0 0 0
-237.2 -849.4 2496.8 0 0 0 0 0 0 0 0 0
-82.8 -830.8 2515.7 0 0 0 0 0 0 0 0 0
-161.6 443.3 2494.1 6 0.9896467924 -0.0059214858 -0.1434021294 0.0025251755 0.9997122288 -0.0238542482 0.1435021311 0.0232451651 0.9893769622
-160.5 245.5 2489.5 0.9896467924 -0.0059214858 -0.1434021294 0.0025251755 0.9997122288 -0.0238542482 0.1435021311 0.0232451651 0.9893769622
-158.4 51.4 2485.8 0.9896015525 -0.0108176433 -0.1434283406 0.0079250829 0.9997538328 -0.0207232777 0.1436172128 0.0193711072 0.9894437194
-295.7 244.4 2469.9 0.1603632271 -0.7555686235 -0.6351374984 0.9439350963 0.3055077195 -0.1251061112 0.2885656655 -0.5794661641 0.7621999979
-334.5 15.8 2400.0 -0.6173310876 -0.7555686235 -0.2191308141 -0.0361695178 0.3055077195 -0.9515023828 0.7858715057 -0.5794661641 -0.2159279734
-25.2 246.6 2509.2 0.2351305485 0.9414050579 0.2418059558 -0.9716939926 0.2335364670 0.0356588736 -0.0229010638 -0.2433458716 0.9696691632
36.7 -9.5 2503.1 0.1480316520 0.9402331114 0.3066729903 -0.9254186749 0.2410650104 -0.2923832834 -0.3488365710 -0.2405189425 0.9057945013
-248.1 -143.5 2468.6 0.9990097284 -0.0235376563 -0.0377566814 0.0272220746 0.9945906997 0.1002414450 0.0351929963 -0.1011699885 0.9942464828
-238.9 -529.6 2507.9 0.9993994236 -0.0061716177 -0.0340990424 0.0048173089 0.9992017150 -0.0396572761 0.0343165733 0.0394691937 0.9986313581
-70.7 -142.9 2494.3 0.8895750046 0.1157174185 -0.4418889284 -0.0840329379 0.9923272729 0.0906923562 0.4489931166 -0.0435444228 0.8924735785
-115.7 -528.1 2511.2 0.8842749596 -0.1122041345 -0.4532857835 0.1051174626 0.9936187267 -0.0408911780 0.4549814165 -0.0114892079 0.8904268146
-180.2 24.9 2203.7 0 0 0 0 0 0 0 0 0
78.4 -270.1 2404.9 0 0 0 0 0 0 0 0 0
-237.0 -846.7 2495.4 0 0 0 0 0 0 0 0 0
-81.2 -833.0 2514.7 0 0 0 0 0 0 0 0 0
-162.9 443.4 2495.6 7 0.9868510365 -0.0156084895 -0.1608771235 0.0114558777 0.9995776415 -0.0267076697 0.1612260342 0.0245135017 0.9866130352
-159.8 245.8 2490.7 0.9868510365 -0.0156084895 -0.1608771235 0.0114558777 0.9995776415 -0.0267076697 0.1612260342 0.0245135017 0.9866130352
-156.0 51.7 2486.7 0.9867712259 -0.0196100622 -0.1609284878 0.0159847550 0.9995891452 -0.0237913672 0.1613289267 0.0209042337 0.9866792560
-294.6 243.6 2468.7 0.1642179638 -0.7557106018 -0.6339825988 0.9449091554 0.3050077260 -0.1188147888 0.2831591964 -0.5795444846 0.7641656399
-334.1 16.2 2400.5 -0.6170209050 -0.7557106018 -0.2195146233 -0.0349808373 0.3050077260 -0.9517072439 0.7861688733 -0.5795444846 -0.2146315426
-25.0 247.9 2512.7 0.2477034777 0.9417223930 0.2276002318 -0.9681692123 0.2493194193 0.0220965967 -0.0359362960 -0.2258289307 0.9735038877
40.4 -7.7 2503.3 0.1340330988 0.9453358054 0.2972799242 -0.9258157611 0.2264370024 -0.3026408553 -0.3534124196 -0.2346625477 0.9055567980
-244.9 -143.4 2469.2 0.9982690811 -0.0165660046 -0.0564310215 0.0221594758 0.9947422147 0.0999842584 0.0544779822 -0.1010616720 0.9933874607
-238.5 -529.5 2508.4 0.9985603094 -0.0038796638 -0.0535005815 0.0016026818 0.9990935922 -0.0425373465 0.0536171161 0.0423903577 0.9976614118
-67.6 -141.9 2494.9 0.8813817501 0.1144755781 -0.4583247304 -0.0835941732 0.9926785827 0.0871850699 0.4649497271 -0.0385300517 0.8844982982
-112.0 -527.3 2509.8 0.8780402541 -0.0966930091 -0.4687171578 0.0925062597 0.9951974154 -0.0320116468 0.4695613980 -0.0152517566 0.8827680945
-180.3 25.0 2204.6 0 0 0 0 0 0 0 0 0
78.3 -269.6 2403.3 0 0 0 0 0 0 0 0 0
-237.3 -844.0 2495.1 0 0 0 0 0 0 0 0 0
-82.6 -830.2 2514.5 0 0 0 0 0 0 0 0 0
-161.6 442.1 2495.3 8 0.9833137393 -0.0117865046 -0.1815355718 0.0074946992 0.9996764064 -0.0243095569 0.1817633510 0.0225433670 0.9830838442
-159.3 243.5 2490.8 0.9833137393 -0.0117865046 -0.1815355718 0.0074946992 0.9996764064 -0.0243095569 0.1817633510 0.0225433670 0.9830838442
-155.5 49.4 2487.0 0.9831865430 -0.0195170119 -0.1815579981 0.0156185152 0.9996162653 -0.0228775870 0.1819348335 0.0196572691 0.9831140637
-293.6 241.3 2465.9 0.1656805873 -0.7602772117 -0.6281149983 0.9488239884 0.2965284586 -0.1086458713 0.2688549459 -0.5779700875 0.7704982758
-332.9 16.3 2402.2 -0.6145389080 -0.7602772117 -0.2105242908 -0.0399718285 0.2965284586 -0.9541871548 0.7878732085 -0.5779700875 -0.2126179338
-25.0 245.6 2515.6 0.2688145041 0.9395967722 0.2118883282 -0.9617254734 0.2739648521 0.0052350187 -0.0531311482 -0.2051856369 0.9772798419
45.9 -7.9 2501.6 0.1152132377 0.9503172636 0.2891764343 -0.9261305332 0.2080281526 -0.3146530688 -0.3591770828 -0.2315629125 0.9040853977
-240.6 -143.7 2468.2 0.9970140457 -0.0025690310 -0.0771779343 0.0105494224 0.9946073890 0.1031738520 0.0764966905 -0.1036799625 0.9916646481
-239.6 -529.8 2508.4 0.9970904589 -0.0055428501 -0.0760256648 0.0025425288 0.9992161393 -0.0395047404 0.0761850402 0.0391964987 0.9963229895
-63.8 -140.9 2497.1 0.8697748184 0.1293859780 -0.4761837721 -0.0969016925 0.9910072684 0.0922748521 0.4838406444 -0.0341153294 0.8744909167
-114.0 -525.6 2510.3 0.8653793931 -0.1076068208 -0.4894274771 0.0984591171 0.9941462874 -0.0444854982 0.4913494587 -0.0096917646 0.8709086180
-179.3 26.2 2205.3 0 0 0 0 0 0 0 0 0
78.3 -269.1 2400.3 0 0 0 0 0 0 0 0 0
-237.8 -849.0 2495.9 0 0 0 0 0 0 0 0 0
-81.0 -830.1 2513.3 0 0 0 0 0 0 0 0 0
-161.7 441.9 2495.1 9 0.9832401276 -0.0150932297 -0.1816895008 0.0106069501 0.9996150136 -0.0256384648 0.1820065230 0.0232815947 0.9830216765
-158.7 243.8 2490.5 0.9832401276 -0.0150932297 -0.1816895008 0.0106069501 0.9996150136 -0.0256384648 0.1820065230 0.0232815947 0.9830216765
-154.7 49.8 2486.6 0.9831304550 -0.0207217485 -0.1817280948 0.0167275090 0.9995842576 -0.0234845877 0.1821391732 0.0200485568 0.9830683470
-293.0 241.5 2465.6 0.1695938408 -0.7586769462 -0.6290049553 0.9472134113 0.3016885817 -0.1084929407 0.2720746994 -0.5774021745 0.7697935104
-333.3 16.4 2401.0 -0.6182385683 -0.7586769462 -0.2054029256 -0.0539689437 0.3016885817 -0.9518778324 0.7841354609 -0.5774021745 -0.2274605036
-24.4 246.1 2515.4 0.2622888684 0.9412392974 0.2127747238 -0.9633649588 0.2681914270 0.0011635788 -0.0559691526 -0.2052848935 0.9771006107
44.7 -7.5 2500.7 0.1192759350 0.9502874017 0.2876232564 -0.9240705371 0.2122050971 -0.3179035187 -0.3631348312 -0.2278659344 0.9034435153
-239.8 -146.0 2466.9 0.9969730973 -0.0054616188 -0.0775552839 0.0143377688 0.9933360219 0.1143590361 0.0764138699 -0.1151248515 0.9904075861
-237.7 -531.6 2511.6 0.9971361756 0.0015376316 -0.0756110176 -0.0053324956 0.9987343550 -0.0500130653 0.0754384175 0.0502730347 0.9958823323
-63.7 -143.2 2499.5 0.8685421348 0.1339970529 -0.4771575630 -0.1055052504 0.9906790257 0.0861608759 0.4842552841 -0.0244917218 0.8745839000
-115.7 -527.8 2509.0 0.8645372391 -0.1110972464 -0.4901354313 0.1061684936 0.9936235547 -0.0379532315 0.4912266135 -0.0192249566 0.8708196282
-178.4 30.0 2204.5 0 0 0 0 0 0 0 0 0
78.4 -268.7 2398.0 0 0 0 0 0 0 0 0 0
-238.1 -848.6 2495.6 0 0 0 0 0 0 0 0 0
-81.5 -833.7 2514.9 0 0 0 0 0 0 0 0 0
-159.9 442.7 2496.0 0 0.9822710156 -0.0132013969 -0.1870008707 0.0082656555 0.9995971918 -0.0271494202 0.1872839630 0.0251224041 0.9819844961
-157.2 244.8 2491.1 0.9822710156 -0.0132013969 -0.1870008707 0.0082656555 0.9995971918 -0.0271494202 0.1872839630 0.0251224041 0.9819844961
-153.8 50.8 2487.1 0.9821859598 -0.0179160070 -0.1870555878 0.0137331681 0.9996263385 -0.0236335527 0.1874091178 0.0206436757 0.9820650220
-291.4 243.0 2465.5 0.1909560859 -0.7370373011 -0.6483145952 0.9390465021 0.3295189440 -0.0980250984 0.2858800888 -0.5900790691 0.7550359368
-337.2 17.8 2396.9 -0.6429296136 -0.7370373011 -0.2083687931 -0.0726675689 0.3295189440 -0.9413483143 0.7624703050 -0.5900790691 -0.2654162049
-23.1 246.7 2516.7 0.2564118505 0.9434660077 0.2100591362 -0.9644134641 0.2642267644 -0.0095303310 -0.0644947886 -0.2001401782 0.9776422381
44.5 -7.3 2499.7 0.1185072958 0.9522903562 0.2812456191 -0.9245376587 0.2091404647 -0.3185755908 -0.3621962965 -0.2222686261 0.9052129388
-238.7 -145.8 2466.4 0.9965180159 -0.0122631043 -0.0824710950 0.0210661665 0.9940643907 0.1067343429 0.0806726888 -0.1081000492 0.9908614159
-233.9 -531.7 2508.4 0.9967181683 0.0130491154 -0.0798909441 -0.0159382764 0.9992378354 -0.0356335677 0.0793650672 0.0367899463 0.9961664677
-62.6 -142.8 2499.0 0.8667310476 0.1330772787 -0.4806950688 -0.1002714261 0.9905633926 0.0934337005 0.4885928333 -0.0327819064 0.8718958497
-114.2 -527.3 2511.8 0.8625614047 -0.1061118841 -0.4946999848 0.0948829278 0.9943380356 -0.0478446260 0.4969758987 -0.0056696543 0.8677458167
-176.1 36.1 2205.8 0 0 0 0 0 0 0 0 0
78.1 -269.7 2396.9 0 0 0 0 0 0 0 0 0
-238.1 -848.4 2496.7 0 0 0 0 0 0 0 0 0
-81.9 -830.7 2513.5 0 0 0 0 0 0 0 0 0
-160.0 440.8 2486.5 1 0.9832535982 -0.0072442531 -0.1820986420 0.0067093037 0.9999711514 -0.0035535521 0.1821191460 0.0022722876 0.9832738638
-158.6 243.0 2486.1 0.9832535982 -0.0072442531 -0.1820986420 0.0067093037 0.9999711514 -0.0035535521 0.1821191460 0.0022722876 0.9832738638
-156.2 48.9 2486.3 0.9831992984 -0.0122470772 -0.1821238697 0.0122765433 0.9999241829 -0.0009656030 0.1821218878 -0.0012864714 0.9832751155
-292.9 241.3 2461.2 0.1842750907 -0.7435372472 -0.6428024769 0.9409012198 0.3225297034 -0.1033415347 0.2841611803 -0.5857703686 0.7590293288
-336.4 19.5 2394.2 -0.6416156292 -0.7435372472 -0.1883658618 -0.0973460898 0.3225297034 -0.9415404201 0.7608239651 -0.5857703686 -0.2793205380
-24.3 244.6 2510.9 0.2776610255 0.9361066818 0.2158903629 -0.9591678381 0.2827335596 0.0076648318 -0.0538643524 -0.2092033327 0.9763875008
48.5 -6.8 2496.8 0.1053342745 0.9493261576 0.2961158454 -0.9284827709 0.2005239874 -0.3125858009 -0.3561241925 -0.2420124412 0.9025549889
-238.3 -144.5 2466.3 0.9970518351 -0.0043112501 -0.0766094700 0.0120766098 0.9947937131 0.1011911705 0.0757743567 -0.1018180251 0.9919129610
-236.6 -530.7 2505.8 0.9971126914 0.0080879629 -0.0755040422 -0.0097338501 0.9997224212 -0.0214561801 0.0753095523 0.0221291743 0.9969146252
-62.3 -142.0 2499.8 0.8688278794 0.1195387021 -0.4804670215 -0.0931641310 0.9925532937 0.0784755871 0.4862700105 -0.0234194864 0.8734946847
-108.7 -527.3 2508.9 0.8674876094 -0.0851968825 -0.4901088774 0.0850995928 0.9961176515 -0.0225322917 0.4901257753 -0.0221615806 0.8713699579
-175.8 43.8 2203.8 0 0 0 0 0 0 0 0 0
78.2 -269.0 2396.2 0 0 0 0 0 0 0 0 0
-239.2 -847.3 2498.8 0 0 0 0 0 0 0 0 0
-82.7 -831.2 2515.7 0 0 0 0 0 0 0 0 0
-161.4 440.3 2490.7 2 0.9863474965 -0.0071962061 -0.1645199358 0.0048705302 0.9998825192 -0.0145351719 0.1646052152 0.0135354307 0.9862666726
-160.0 242.6 2488.1 0.9863474965 -0.0071962061 -0.1645199358 0.0048705302 0.9998825192 -0.0145351719 0.1646052152 0.0135354307 0.9862666726
-157.8 48.5 2486.2 0.9863058329 -0.0111689530 -0.1645478904 0.0094054835 0.9998897314 -0.0114923278 0.1646580994 0.0097872978 0.9863021374
-294.7 241.3 2465.6 0.1719446927 -0.7486006618 -0.6403374672 0.9349687099 0.3287451267 -0.1332670897 0.3102716506 -0.5757809281 0.7564442158
-335.1 21.8 2392.7 -0.6369336843 -0.7486006618 -0.1841535121 -0.1153705567 0.3287451267 -0.9373453259 0.7622368932 -0.5757809281 -0.2957553267
-25.2 243.8 2510.6 0.2867874503 0.9303438067 0.2285023779 -0.9564487338 0.2916037440 0.0131541146 -0.0543943048 -0.2223232538 0.9734544754
49.9 -6.8 2496.3 0.0998173356 0.9446073771 0.3126553893 -0.9276782870 0.2019720227 -0.3140386939 -0.3597909212 -0.2586970925 0.8964520693
-241.9 -146.2 2470.2 0.9982286692 -0.0091782548 -0.0587817691 0.0144658200 0.9958214164 0.0901690051 0.0577085502 -0.0908596143 0.9941902757
-238.4 -532.8 2505.5 0.9983588457 0.0004903926 -0.0572662912 -0.0021728077 0.9995676875 -0.0293202344 0.0572271571 0.0293965433 0.9979283214
-65.8 -144.1 2502.9 0.8788155317 0.1080225855 -0.4647735059 -0.0857336000 0.9939328432 0.0689006075 0.4693964422 -0.0207042228 0.8827447295
-107.7 -529.9 2510.9 0.8767986298 -0.0856550410 -0.4731674194 0.0813712701 0.9962453842 -0.0295608360 0.4739228785 -0.0125833349 0.8804764152
-176.7 50.5 2203.2 0 0 0 0 0 0 0 0 0
78.1 -268.4 2394.8 0 0 0 0 0 0 0 0 0
-238.5 -841.3 2496.4 0 0 0 0 0 0 0 0 0
-81.8 -830.6 2514.7 0 0 0 0 0 0 0 0 0
-160.8 438.3 2492.9 3 0.9865300059 -0.0021044782 -0.1635667831 -0.0009624763 0.9998252392 -0.0186689626 0.1635774821 0.0185749214 0.9863556027
-160.4 241.0 2489.2 0.9865300059 -0.0021044782 -0.1635667831 -0.0009624763 0.9998252392 -0.0186689626 0.1635774821 0.0185749214 0.9863556027
-159.3 46.9 2486.5 0.9865128398 -0.0057420749 -0.1635829806 0.0034089065 0.9998884797 -0.0145400492 0.1636482179 0.0137863066 0.9864224195
-295.2 240.5 2466.8 0.1910587698 -0.7331638932 -0.6526616812 0.9250981212 0.3567877710 -0.1299843192 0.3281615078 -0.5789414644 0.7464159727
-340.0 23.7 2389.9 -0.6533031464 -0.7331638932 -0.1888536960 -0.1331075728 0.3567877710 -0.9246538877 0.7453035116 -0.5789414644 -0.3306802511
-25.7 241.4 2511.5 0.2794785500 0.9324510098 0.2289692312 -0.9585305452 0.2848100066 0.0101208342 -0.0557755418 -0.2223025560 0.9733810425
46.9 -7.3 2497.1 0.1096555740 0.9437456131 0.3119614124 -0.9213684797 0.2142568976 -0.3243055046 -0.3729017675 -0.2518694997 0.8930318952
-244.0 -146.4 2469.5 0.9983089566 -0.0096090296 -0.0573312007 0.0151545824 0.9951599836 0.0970925689 0.0561207496 -0.0977972150 0.9936227202
-240.3 -532.8 2507.5 0.9984370470 -0.0065954700 -0.0554973744 0.0044427617 0.9992362261 -0.0388237201 0.0557110459 0.0385164768 0.9977037311
-67.3 -144.7 2499.0 0.8794455528 0.1100331396 -0.4631071687 -0.0868473127 0.9936761260 0.0711710379 0.4680097103 -0.0223714430 0.8834401369
-110.0 -530.5 2507.7 0.8768720031 -0.0933982730 -0.4715635777 0.0925541371 0.9953926802 -0.0250439551 0.4717299938 -0.0216848180 0.8814763427
-176.0 57.1 2202.9 0 0 0 0 0 0 0 0 0
77.8 -267.6 2391.7 0 0 0 0 0 0 0 0 0
-238.2 -841.7 2495.6 0 0 0 0 0 0 0 0 0
-81.8 -831.6 2514.3 0 0 0 0 0 0 0 0 0
-161.5 437.5 2493.9 4 0.9868056774 0.0026547248 -0.1618871987 -0.0061826860 0.9997541904 -0.0212928355 0.1617908776 0.0220127888 0.9865795374
-162.0 240.2 2489.6 0.9868056774 0.0026547248 -0.1618871987 -0.0061826860 0.9997541904 -0.0212928355 0.1617908776 0.0220127888 0.9865795374
-161.7 46.1 2486.4 0.9868082404 -0.0016696715 -0.1618848294 -0.0010121339 0.9998636246 -0.0164822489 0.1618902683 0.0164286681 0.9866719842
-296.8 240.3 2467.4 0.1849442720 -0.7344785333 -0.6529448032 0.9177277684 0.3667337000 -0.1525849253 0.3515272141 -0.5710058808 0.7418766022
-340.3 24.5 2384.8 -0.6581157446 -0.7344785333 -0.1656050235 -0.1795871705 0.3667337000 -0.9128279090 0.7311854362 -0.5710058808 -0.3732561469
-27.2 240.1 2511.7 0.2667610943 0.9355626106 0.2314327061 -0.9619343877 0.2732486725 0.0041715060 -0.0593359731 -0.2237358689 0.9728419781
