-247.8 516.0 2350.9 2 0.9836610556 0.0552634336 -0.1713384986 -0.0324816704 0.9905805588 0.1330228001 0.1770758927 -0.1252839863 0.9761905670
-258.9 317.9 2376.0 0.9836610556 0.0552634336 -0.1713384986 -0.0324816704 0.9905805588 0.1330228001 0.1770758927 -0.1252839863 0.9761905670
-268.6 123.6 2398.3 0.9838483334 0.0496517718 -0.1719800681 -0.0289421026 0.9922429919 0.1208976284 0.1766487956 -0.1139674708 0.9776536226
-399.1 322.0 2350.8 0.4966145456 -0.6197847128 -0.6076519489 0.8408799767 0.1700006574 0.5138293505 -0.2151623368 -0.7661375403 0.6055893898
-522.6 112.9 2404.3 -0.3259687126 -0.6197847128 -0.7138706446 0.8322865963 0.1700006574 -0.5276350975 0.4483786523 -0.7661375403 0.4604236186
-118.7 313.8 2401.1 0.3651893735 0.8535158634 0.3716818988 -0.6666035056 0.5184481740 -0.5355849862 -0.6498280764 -0.0521745086 0.7582883835
-42.9 175.4 2266.2 -0.4929675758 0.8535158634 0.1688007116 0.7709931731 0.5184481740 -0.3698391318 -0.4031779766 -0.0521745086 -0.9136330485
-367.7 -66.2 2403.4 0.9789859653 0.1346786469 -0.1531277299 -0.1423478276 0.9889990091 -0.0402244069 0.1460258067 0.0611765310 0.9873874187
-420.4 -453.6 2379.4 0.9827868938 0.0619307682 -0.1740533262 -0.0985083580 0.9726994634 -0.2101235390 0.1562884599 0.2236523628 0.9620569348
-189.7 -71.7 2434.6 -0.7625038028 -0.0429603346 0.6455558538 -0.0883004144 0.9953666329 -0.0380573161 -0.6409297585 -0.0860216990 -0.7627642751
-172.9 -461.5 2468.3 -0.7856484056 -0.0787030831 0.6136468053 0.0705028921 0.9740244150 0.2151876539 -0.6146429181 0.2123257220 -0.7596919537
-435.2 -110.2 2284.1 0 0 0 0 0 0 0 0 0
-179.8 389.6 2154.3 0 0 0 0 0 0 0 0 0
-440.0 -761.2 2308.7 0 0 0 0 0 0 0 0 0
-149.1 -755.5 2404.2 0 0 0 0 0 0 0 0 0
-247.9 514.8 2351.1 3 0.9825598598 0.0540747605 -0.1779102832 -0.0311722141 0.9911422133 0.1290943474 0.1833151430 -0.1212970614 0.9755421877
-258.7 316.6 2375.4 0.9825598598 0.0540747605 -0.1779102832 -0.0311722141 0.9911422133 0.1290943474 0.1833151430 -0.1212970614 0.9755421877
-268.4 122.2 2397.0 0.9827131629 0.0491199493 -0.1784996390 -0.0282254126 0.9926403165 0.1177647188 0.1829705387 -0.1106907129 0.9768671393
-398.8 320.6 2349.3 0.4914525151 -0.6306883097 -0.6005886197 0.8429356813 0.1711054295 0.5100807548 -0.2189379632 -0.7569380403 0.6157198548
-521.4 110.3 2403.9 -0.3195154071 -0.6306883097 -0.7072073221 0.8316257596 0.1711054295 -0.5283195376 0.4542119503 -0.7569380403 0.4698258042
-118.7 312.6 2401.4 0.3684512675 0.8517334461 0.3725503981 -0.7022275925 0.5175982118 -0.4888440967 -0.6091963053 -0.0814999342 0.7888203859
-41.6 165.6 2273.9 -0.4963369668 0.8517334461 0.1679278314 0.7471380830 0.5175982118 -0.4169853032 -0.4420794845 -0.0814999342 -0.8932656646
-367.3 -68.1 2404.6 0.9774961472 0.1375055164 -0.1599795818 -0.1466591209 0.9880777597 -0.0468346812 0.1516322345 0.0692431852 0.9860086441
-421.1 -455.1 2377.5 0.9818162918 0.0589406975 -0.1804515868 -0.0968336612 0.9731060863 -0.2090162486 0.1632789820 0.2226893455 0.9611188173
-189.4 -73.4 2436.6 -0.7583466172 -0.0383911394 0.6507200003 -0.0837668777 0.9957267642 -0.0388757698 -0.6464468241 -0.0839900896 -0.7583219409
-174.4 -463.4 2469.5 -0.7817016244 -0.0874325931 0.6174933910 0.0693579167 0.9717941284 0.2254010886 -0.6197838783 0.2190244496 -0.7535889149
-435.7 -112.6 2282.1 0 0 0 0 0 0 0 0 0
-181.3 375.9 2149.5 0 0 0 0 0 0 0 0 0
-439.7 -761.4 2307.4 0 0 0 0 0 0 0 0 0
-147.9 -757.4 2403.2 0 0 0 0 0 0 0 0 0
-248.2 515.4 2351.7 4 0.9831584096 0.0518375449 -0.1752495617 -0.0299903639 0.9916923046 0.1250879765 0.1802778989 -0.1177255064 0.9765452147
-258.5 317.0 2375.2 0.9831584096 0.0518375449 -0.1752495617 -0.0299903639 0.9916923046 0.1250879765 0.1802778989 -0.1177255064 0.9765452147
-268.3 122.6 2396.8 0.9831839800 0.0499311276 -0.1756590754 -0.0294914525 0.9926818013 0.1171029583 0.1802206486 -0.1099533141 0.9774613976
-398.6 321.2 2349.6 0.5097467899 -0.6321579814 -0.5835533142 0.8255432844 0.1684992611 0.5385966301 -0.2421498448 -0.7562963963 0.6077657342
-526.8 113.7 2410.4 -0.3294644952 -0.6321579814 -0.7013055086 0.8249841332 0.1684992611 -0.5394526720 0.4591887891 -0.7562963963 0.4660057724
-118.4 312.8 2400.9 0.3623798192 0.8587044477 0.3623638749 -0.7471135259 0.5000728369 -0.4378910661 -0.5572273135 -0.1120440662 0.8227659464
-42.4 156.2 2284.1 -0.4867059588 0.8587044477 0.1604493856 0.7273491621 0.5000728369 -0.4699897170 -0.4838186204 -0.1120440662 -0.8679664135
-366.8 -69.7 2402.2 0.9779894948 0.1375819594 -0.1568686813 -0.1461564302 0.9882624745 -0.0444472060 0.1489122957 0.0663962662 0.9866188169
-420.7 -456.8 2376.2 0.9822997451 0.0614227057 -0.1769589186 -0.0974691510 0.9743458033 -0.2028548121 0.1599592716 0.2165122777 0.9630864263
-189.2 -74.8 2435.3 -0.7602063417 -0.0401191302 0.6484417915 -0.0829255432 0.9959196448 -0.0356008746 -0.6443676353 -0.0808364004 -0.7604313493
-173.4 -464.9 2466.9 -0.7826707363 -0.0871869177 0.6162994504 0.0662730634 0.9728397727 0.2217897326 -0.6188977361 0.2144323736 -0.7556350231
-438.5 -107.5 2287.3 0 0 0 0 0 0 0 0 0
-180.5 362.6 2146.9 0 0 0 0 0 0 0 0 0
-440.0 -762.5 2308.2 0 0 0 0 0 0 0 0 0
-147.1 -758.5 2402.2 0 0 0 0 0 0 0 0 0
-248.4 516.9 2352.0 5 0.9846851826 0.0479595736 -0.1676155627 -0.0281604808 0.9925471544 0.1185625643 0.1720525771 -0.1120266616 0.9786970615
-258.0 318.0 2374.4 0.9846851826 0.0479595736 -0.1676155627 -0.0281604808 0.9925471544 0.1185625643 0.1720525771 -0.1120266616 0.9786970615
-267.3 123.5 2395.0 0.9846622348 0.0472833626 -0.1679420620 -0.0286385361 0.9933230281 0.1117550209 0.1721048653 -0.1052313372 0.9794418216
-398.4 322.1 2349.9 0.5017171502 -0.6341354251 -0.5883470178 0.8351210356 0.1777728200 0.5205474496 -0.2255054712 -0.7525085807 0.6187714934
-525.5 110.4 2407.1 -0.3231172860 -0.6341354251 -0.7024724483 0.8232374191 0.1777728200 -0.5391446948 0.4667712450 -0.7525085807 0.4646025002
-117.7 313.9 2399.0 0.3381920457 0.8700544834 0.3586520851 -0.8002965450 0.4664070606 -0.3768154085 -0.4951277971 -0.1595920473 0.8540368080
-46.8 146.1 2295.1 -0.4737067521 0.8700544834 0.1364077926 0.7014681697 0.4664070606 -0.5388941169 -0.5324887633 -0.1595920473 -0.8312557340
-367.0 -69.2 2402.0 0.9798564315 0.1344160289 -0.1476947069 -0.1419679075 0.9889886975 -0.0417904854 0.1404510885 0.0619165860 0.9881497025
-419.6 -456.6 2377.8 0.9834626317 0.0652798116 -0.1689374298 -0.1012838930 0.9715222716 -0.2142102569 0.1501428783 0.2277784199 0.9620676041
-189.2 -74.5 2434.6 -0.7647974491 -0.0440119952 0.6427657008 -0.0914744064 0.9949748516 -0.0407124534 -0.6377438903 -0.0899333954 -0.7649801970
-172.0 -464.2 2469.8 -0.7900228500 -0.0807486102 0.6077364087 0.0747139007 0.9712188840 0.2261675596 -0.6085078120 0.2240839005 -0.7612520456
-438.9 -110.3 2281.9 0 0 0 0 0 0 0 0 0
-181.9 346.1 2143.3 0 0 0 0 0 0 0 0 0
-439.9 -759.2 2306.8 0 0 0 0 0 0 0 0 0
-147.6 -757.5 2402.2 0 0 0 0 0 0 0 0 0
-248.0 518.6 2351.6 6 0.9864424467 0.0467499048 -0.1573078036 -0.0287576988 0.9929761291 0.1147668734 0.1615682244 -0.1086871028 0.9808582067
-257.4 319.2 2373.5 0.9864424467 0.0467499048 -0.1573078036 -0.0287576988 0.9929761291 0.1147668734 0.1615682244 -0.1086871028 0.9808582067
-266.2 124.6 2393.7 0.9864757657 0.0451524667 -0.1575651765 -0.0280371308 0.9936239719 0.1092032045 0.1614913344 -0.1033086404 0.9814519286
-397.9 323.2 2350.4 0.4922340810 -0.6254916191 -0.6053642035 0.8452665806 0.1773529798 0.5040538907 -0.2079183608 -0.7598066330 0.6160063744
-522.9 108.7 2403.2 -0.3266342878 -0.6254916191 -0.7085691690 0.8248586059 0.1773529798 -0.5367999673 0.4614307582 -0.7598066330 0.4580126107
-116.8 315.2 2396.5 0.3263064921 0.8741120696 0.3597945571 -0.8473699689 0.4391786456 -0.2984732687 -0.4189131558 -0.2074853331 0.8840031624
-48.3 137.4 2308.5 -0.4696142972 0.8741120696 0.1240582913 0.6550327539 0.4391786456 -0.6148611307 -0.5919412971 -0.2074853331 -0.7788166404
-365.6 -68.5 2400.1 0.9815300107 0.1347648352 -0.1357837915 -0.1406749636 0.9894415736 -0.0348699093 0.1296508908 0.0533272438 0.9901246428
-418.4 -456.1 2379.2 0.9851261973 0.0676893443 -0.1579385549 -0.1009860411 0.9717254043 -0.2134281844 0.1390260905 0.2262032777 0.9641078115
-187.6 -73.7 2431.2 -0.7713642120 -0.0386462212 0.6352194548 -0.0935531631 0.9941962957 -0.0531180725 -0.6294800043 -0.1004001647 -0.7705029249
-172.4 -463.1 2470.5 -0.7969560027 -0.0820458978 0.5984392762 0.0726861283 0.9705069661 0.2298541665 -0.5996480584 0.2266819030 -0.7674877644
-435.3 -112.5 2279.5 0 0 0 0 0 0 0 0 0
-181.7 323.5 2140.4 0 0 0 0 0 0 0 0 0
-439.5 -760.1 2308.4 0 0 0 0 0 0 0 0 0
-147.6 -757.1 2401.9 0 0 0 0 0 0 0 0 0
-247.3 525.0 2345.5 7 0.9963456392 0.0477423705 -0.0708235726 -0.0386385769 0.9914341569 0.1247612834 0.0761733055 -0.1215688437 0.9896557927
-257.0 323.7 2370.1 0.9963456392 0.0477423705 -0.0708235726 -0.0386385769 0.9914341569 0.1247612834 0.0761733055 -0.1215688437 0.9896557927
-265.4 129.3 2392.3 0.9965198636 0.0433337279 -0.0712066665 -0.0348442718 0.9925891757 0.1164158061 0.0757237002 -0.1135295108 0.9906447530
-398.5 328.7 2359.4 0.4782508612 -0.6149802804 -0.6269572377 0.8607963324 0.1867407709 0.4734528661 -0.1740857065 -0.7661116719 0.6186817288
-522.4 105.6 2404.5 -0.3371872604 -0.6149802804 -0.7128141522 0.8159739971 0.1867407709 -0.5470962524 0.4695648849 -0.7661116719 0.4388413429
-115.5 318.7 2380.9 0.3182750046 0.8870429397 0.3344485164 -0.9043054581 0.3899549544 -0.1736858636 -0.2844866812 -0.2471637577 0.9262707233
-49.2 130.4 2321.6 -0.4499210119 0.8870429397 0.1035658121 0.6100403070 0.3899549544 -0.6897723675 -0.6522437334 -0.2471637577 -0.7165809274
-364.2 -67.5 2399.3 0.9887231588 0.1404261142 -0.0520294905 -0.1427066326 0.9888281822 -0.0430534780 0.0454023927 0.0499929264 0.9977170825
-419.2 -454.8 2379.7 0.9948431849 0.0663617849 -0.0767014250 -0.0819380656 0.9715574384 -0.2221763432 0.0597758256 0.2273153961 0.9719848633
-185.9 -72.5 2428.5 -0.8238900304 -0.0357614532 0.5656202435 -0.0843601152 0.9946275949 -0.0599945486 -0.5604360104 -0.0971447006 -0.8224806190
-171.9 -462.1 2466.6 -0.8423234820 -0.0777680278 0.5333322883 0.0487779267 0.9744753242 0.2191313356 -0.5367605686 0.2105943114 -0.8170300722
-432.0 -113.2 2278.6 0 0 0 0 0 0 0 0 0
-176.5 303.0 2137.1 0 0 0 0 0 0 0 0 0
-440.0 -758.7 2308.6 0 0 0 0 0 0 0 0 0
-148.2 -758.8 2402.4 0 0 0 0 0 0 0 0 0
-245.9 525.5 2341.9 8 0.9967194796 0.0544656031 -0.0598645359 -0.0461972915 0.9902073741 0.1317391098 0.0664535537 -0.1285413653 0.9894751310
-256.9 324.6 2367.9 0.9967194796 0.0544656031 -0.0598645359 -0.0461972915 0.9902073741 0.1317391098 0.0664535537 -0.1285413653 0.9894751310
-266.9 130.5 2391.4 0.9968790412 0.0509092398 -0.0603362210 -0.0431970060 0.9914823771 0.1228685752 0.0660774410 -0.1198787615 0.9905871153
-398.7 330.8 2358.5 0.4705932736 -0.6179133058 -0.6298611760 0.8642647862 0.1790140420 0.4701068103 -0.1777312458 -0.7655959129 0.6182835102
-520.0 108.0 2404.4 -0.3374364376 -0.6179133058 -0.7101547718 0.8191197515 0.1790140420 -0.5449741483 0.4638744593 -0.7655959129 0.4457390904
-115.1 318.5 2377.3 0.3122087419 0.8944371343 0.3201684654 -0.9307044148 0.3555723131 -0.0857768282 -0.1905650347 -0.2712019384 0.9434694052
-49.2 121.8 2337.1 -0.4363350868 0.8944371343 0.0979482085 0.5610850453 0.3555723131 -0.7474970818 -0.7034168243 -0.2712019384 -0.6570039988
-363.5 -61.9 2407.7 0.9881930947 0.1457900405 -0.0471129119 -0.1487726420 0.9865564108 -0.0676247030 0.0366205387 0.0738353804 0.9965978265
-420.6 -448.2 2378.8 0.9960588813 0.0563575774 -0.0684871525 -0.0699051693 0.9740833044 -0.2151160985 0.0545887724 0.2190559059 0.9741840363
-184.0 -68.3 2421.4 -0.8297988176 -0.0325605422 0.5571119785 -0.0911194384 0.9928045273 -0.0776945278 -0.5505735278 -0.1152345538 -0.8267949224
-171.3 -457.1 2466.5 -0.8493453264 -0.0747278929 0.5225210190 0.0493711755 0.9743407965 0.2195961624 -0.5255235434 0.2123104483 -0.8238624334
-429.6 -111.6 2280.0 0 0 0 0 0 0 0 0 0
-174.1 282.4 2135.8 0 0 0 0 0 0 0 0 0
-438.6 -759.8 2308.8 0 0 0 0 0 0 0 0 0
-148.2 -758.0 2401.0 0 0 0 0 0 0 0 0 0
-244.5 522.5 2340.6 9 0.9934808016 0.0585827157 -0.0977955386 -0.0449126214 0.9896138906 0.1365547180 0.1047795713 -0.1312722266 0.9857935309
-256.4 321.7 2367.2 0.9934808016 0.0585827157 -0.0977955386 -0.0449126214 0.9896138906 0.1365547180 0.1047795713 -0.1312722266 0.9857935309
-267.3 127.6 2391.4 0.9935917258 0.0558931231 -0.0982415900 -0.0429933928 0.9907331467 0.1288384348 0.1045323834 -0.1237890646 0.9867873192
-397.7 327.8 2352.3 0.4857006073 -0.6388537884 -0.5966244340 0.8458195329 0.1711941957 0.5052542090 -0.2206449509 -0.7500389218 0.6235041618
-520.7 113.6 2408.2 -0.3319728673 -0.6388537884 -0.6940171719 0.8181459904 0.1711941957 -0.5489350557 0.4695009589 -0.7500389218 0.4658438563
-115.0 315.5 2382.1 0.2998460233 0.9014040232 0.3123509586 -0.9412831068 0.3328019679 -0.0568240620 -0.1551724523 -0.2769722044 0.9482657313
-51.7 116.9 2349.3 -0.4181687236 0.9014040232 0.1122750789 0.5032728910 0.3328019679 -0.7974705100 -0.7562085390 -0.2769722044 -0.5928195715
-366.7 -59.8 2408.9 0.9872003794 0.1324862987 -0.0887849554 -0.1401333809 0.9863669872 -0.0862716734 0.0761447325 0.0976091623 0.9923076034
-418.6 -446.0 2370.7 0.9926621914 0.0672574416 -0.1004896387 -0.0842518061 0.9808129668 -0.1758053303 0.0867373273 0.1829817444 0.9792825580
-186.8 -67.6 2420.9 -0.8077811599 -0.0366091542 0.5883445740 -0.1042542756 0.9912089109 -0.0814613029 -0.5801901817 -0.1271403432 -0.8044965267
-172.5 -455.9 2470.7 -0.8326227069 -0.0770451427 0.5484555364 0.0601559058 0.9718375206 0.2278444320 -0.5505639315 0.2227012962 -0.8045392632
-431.7 -105.8 2282.3 0 0 0 0 0 0 0 0 0
-171.0 260.5 2133.6 0 0 0 0 0 0 0 0 0
-440.2 -760.8 2312.0 0 0 0 0 0 0 0 0 0
-148.6 -757.6 2401.5 0 0 0 0 0 0 0 0 0
-245.8 520.5 2339.9 0 0.9905892611 0.0545546189 -0.1255256683 -0.0366140381 0.9893279672 0.1410304457 0.1318799108 -0.1351072341 0.9820151329
-256.9 319.8 2367.3 0.9905892611 0.0545546189 -0.1255256683 -0.0366140381 0.9893279672 0.1410304457 0.1318799108 -0.1351072341 0.9820151329
-267.0 125.8 2392.0 0.9906931520 0.0514008030 -0.1260356754 -0.0346723050 0.9907096624 0.1314997077 0.1316239536 -0.1259059161 0.9832714796
-397.9 324.8 2348.6 0.4867208302 -0.6453341842 -0.5887670517 0.8423446417 0.1681581885 0.5120335221 -0.2314267308 -0.7451621294 0.6254398823
-518.5 116.1 2405.9 -0.3144975603 -0.6453341842 -0.6961573362 0.8304799199 0.1681581885 -0.5310611725 0.4597764909 -0.7451621294 0.4830517471
-115.9 314.9 2386.1 0.3042016029 0.8991342187 0.3146730065 -0.9445794821 0.3275011182 -0.0226421412 -0.1234140843 -0.2903458774 0.9489300251
-51.4 114.7 2359.9 -0.4171031415 0.8991342187 0.1325996965 0.4401990473 0.3275011182 -0.8360429406 -0.7951413393 -0.2903458774 -0.5323997736
-367.9 -62.5 2406.2 0.9848614931 0.1305747628 -0.1140091121 -0.1396415383 0.9873189926 -0.0755082443 0.1027038842 0.0902855694 0.9906060696
-419.0 -449.2 2370.9 0.9898336530 0.0645781681 -0.1267242283 -0.0864779130 0.9806295633 -0.1757477224 0.1129200533 0.1849198639 0.9762446880
-188.6 -70.3 2425.1 -0.7915790081 -0.0415744446 0.6096509099 -0.0956406370 0.9938163161 -0.0564089343 -0.6035358906 -0.1029595286 -0.7906603217
-172.3 -459.5 2465.4 -0.8138730526 -0.0805598795 0.5754309297 0.0560027249 0.9748551250 0.2156876177 -0.5783375502 0.2077680528 -0.7888967991
-434.2 -106.6 2282.7 0 0 0 0 0 0 0 0 0
-168.9 238.6 2136.0 0 0 0 0 0 0 0 0 0
-439.5 -760.6 2312.1 0 0 0 0 0 0 0 0 0
-147.6 -758.1 2401.8 0 0 0 0 0 0 0 0 0
-247.4 518.7 2340.6 1 0.9889891744 0.0520469807 -0.1385335773 -0.0336167216 0.9906530380 0.1321984679 0.1441192329 -0.1260858029 0.9814947844
-258.0 316.8 2366.3 0.9889891744 0.0520469807 -0.1385335773 -0.0336167216 0.9906530380 0.1321984679 0.1441192329 -0.1260858029 0.9814947844
-267.8 122.6 2389.9 0.9890545607 0.0499586165 -0.1388353109 -0.0323462337 0.9914600849 0.1263352036 0.1439612061 -0.1204615980 0.9822241068
-398.9 321.4 2345.8 0.4768042266 -0.6629359126 -0.5772120357 0.8453388214 0.1658182740 0.5078449845 -0.2409563959 -0.7300823927 0.6394683123
-517.7 110.7 2405.8 -0.3089267612 -0.6629359126 -0.6819679141 0.8276898861 0.1658182740 -0.5361285210 0.4685015678 -0.7300823927 0.4974796474
-117.1 312.2 2386.8 0.2999958396 0.9059715271 0.2986939549 -0.9522946477 0.3028041124 0.0380071886 -0.0560123213 -0.2958466411 0.9535918236
-54.6 113.8 2375.1 -0.3939469755 0.9059715271 0.1549882293 0.3471767604 0.3028041124 -0.8875685930 -0.8510429263 -0.2958466411 -0.4338210225
-366.5 -65.1 2404.8 0.9830275774 0.1343283206 -0.1249508634 -0.1438648701 0.9870699644 -0.0706812814 0.1138407439 0.0874576867 0.9896420836
-419.1 -451.7 2370.5 0.9881592989 0.0660312548 -0.1384956241 -0.0900418237 0.9804437757 -0.1749927551 0.1242321804 0.1853911132 0.9747802019
-187.6 -71.4 2428.5 -0.7837485671 -0.0377832241 0.6199278831 -0.0915185288 0.9942775965 -0.0551039986 -0.6142984033 -0.0999225676 -0.7827215195
-172.8 -460.8 2467.7 -0.8067333698 -0.0842877626 0.5848733783 0.0607754104 0.9726908207 0.2240065783 -0.5877819657 0.2162594944 -0.7795795202
-434.9 -111.2 2280.2 0 0 0 0 0 0 0 0 0
-163.0 209.3 2141.0 0 0 0 0 0 0 0 0 0
-439.8 -759.2 2312.4 0 0 0 0 0 0 0 0 0
-147.0 -758.0 2401.6 0 0 0 0 0 0 0 0 0
-246.1 520.7 2339.4 2 0.9902029634 0.0530286431 -0.1291746199 -0.0351251513 0.9899302125 0.1371293068 0.1351456344 -0.1312485635 0.9820944071
-256.9 319.1 2366.2 0.9902029634 0.0530286431 -0.1291746199 -0.0351251513 0.9899302125 0.1371293068 0.1351456344 -0.1312485635 0.9820944071
-266.8 125.0 2390.5 0.9902979136 0.0502453223 -0.1295586973 -0.0333036631 0.9909856915 0.1297623813 0.1349107623 -0.1241886392 0.9830443859
-398.0 323.8 2347.0 0.4735994935 -0.6326819062 -0.6127129197 0.8565671444 0.1690036654 0.4875761569 -0.2049298882 -0.7557455897 0.6219745874
-518.8 105.4 2399.2 -0.3185836077 -0.6326819062 -0.7058456540 0.8326891065 0.1690036654 -0.5273202062 0.4529164433 -0.7557455897 0.4729855359
-115.8 314.3 2385.4 0.2467346340 0.9286805987 0.2769013345 -0.9690395594 0.2391447574 0.0614172705 -0.0091824727 -0.2834821343 0.9589335322
-63.8 110.0 2383.5 -0.3489210606 0.9286805987 0.1257236153 0.3042563498 0.2391447574 -0.9220834374 -0.8863871694 -0.2834821343 -0.3659996092
-366.9 -68.6 2400.5 0.9840241075 0.1359930784 -0.1149020046 -0.1435377151 0.9878168106 -0.0601235516 0.1053257436 0.0756557956 0.9915556908
-420.2 -455.5 2370.8 0.9894948006 0.0609137863 -0.1311087757 -0.0846655667 0.9792716503 -0.1840074956 0.1171825156 0.1931748688 0.9741415381
-188.2 -74.5 2426.5 -0.7891547680 -0.0413634256 0.6128000021 -0.1018768251 0.9927240610 -0.0641875193 -0.6056863070 -0.1130840033 -0.7876268625
-172.0 -463.3 2470.8 -0.8156001568 -0.0833273306 0.5725844502 0.0657310486 0.9698269963 0.2347659767 -0.5748702884 0.2291117311 -0.7855138183
-433.3 -117.8 2277.8 0 0 0 0 0 0 0 0 0
-157.9 192.1 2144.4 0 0 0 0 0 0 0 0 0
-439.0 -759.1 2311.0 0 0 0 0 0 0 0 0 0
-146.5 -760.3 2400.6 0 0 0 0 0 0 0 0 0
-245.7 522.2 2338.4 3 0.9830149412 0.0479009040 -0.1771641076 -0.0226146728 0.9895963669 0.1420829445 0.1821268648 -0.1356631517 0.9738712907
-255.5 320.7 2366.0 0.9830149412 0.0479009040 -0.1771641076 -0.0226146728 0.9895963669 0.1420829445 0.1821268648 -0.1356631517 0.9738712907
-264.1 126.6 2390.5 0.9831044674 0.0440209582 -0.1776733249 -0.0206861477 0.9911519289 0.1311103553 0.1818728596 -0.1252197921 0.9753164649
-395.4 323.6 2340.1 0.4816095829 -0.6393090487 -0.5994465351 0.8444910645 0.1556903571 0.5124405622 -0.2342798561 -0.7530235648 0.6148727536
-519.0 106.8 2400.2 -0.3238349855 -0.6393090487 -0.6974344850 0.8336974382 0.1556903571 -0.5298198462 0.4473024309 -0.7530235648 0.4825723171
-115.5 317.7 2391.9 0.1853924394 0.9479816556 0.2587671280 -0.9826644659 0.1787311435 0.0492516607 0.0004399247 -0.2634121478 0.9646832943
-76.3 109.9 2392.0 -0.3003363609 0.9479816556 0.1054934412 0.2279552668 0.1787311435 -0.9571267366 -0.9261935353 -0.2634121478 -0.2697768807
-366.1 -66.1 2402.6 0.9775173068 0.1398698092 -0.1577859670 -0.1468062699 0.9886099696 -0.0331396684 0.1513535380 0.0555585660 0.9869170785
-420.8 -453.3 2380.9 0.9816558361 0.0618050955 -0.1803660691 -0.0998829603 0.9725043178 -0.2103775591 0.1624043733 0.2245338559 0.9608378410
-187.1 -72.1 2427.0 -0.7586960196 -0.0414618999 0.6501240134 -0.1023649946 0.9931625724 -0.0561208427 -0.6433519721 -0.1091286018 -0.7577527165
-170.9 -461.1 2469.8 -0.7870004773 -0.0806977376 0.6116519570 0.0776285976 0.9705767632 0.2279353291 -0.6120491028 0.2268668860 -0.7575799227
-432.2 -116.7 2280.3 0 0 0 0 0 0 0 0 0
-155.4 169.9 2148.0 0 0 0 0 0 0 0 0 0
-440.2 -757.3 2310.7 0 0 0 0 0 0 0 0 0
-146.1 -759.3 2400.1 0 0 0 0 0 0 0 0 0
-242.2 520.2 2330.8 4 0.9746644497 0.0568034500 -0.2163389921 -0.0197020490 0.9852585793 0.1699333042 0.2228026539 -0.1613656431 0.9614157081
-253.7 320.6 2363.5 0.9746644497 0.0568034500 -0.2163389921 -0.0197020490 0.9852585793 0.1699333042 0.2228026539 -0.1613656431 0.9614157081
-263.7 127.2 2392.4 0.9748222828 0.0507294349 -0.2171359807 -0.0168063007 0.9877227545 0.1553103328 0.2223489583 -0.1477507204 0.9637067318
-392.4 322.9 2331.9 0.4962230027 -0.6438236237 -0.5824550390 0.8252646923 0.1414339542 0.5467491746 -0.2696311176 -0.7519890666 0.6015076637
-519.9 110.9 2401.1 -0.3280624747 -0.6438236237 -0.6912786365 0.8368377686 0.1414339542 -0.5288657546 0.4382665455 -0.7519890666 0.4923767447
-115.0 318.2 2395.2 0.1204346269 0.9659878612 0.2288295925 -0.9924594164 0.1224545240 0.0054053199 -0.0227997452 -0.2277550697 0.9734514952
-90.1 113.0 2390.4 -0.2469789386 0.9659878612 0.0766086578 0.1759752929 0.1224545240 -0.9767484665 -0.9529082179 -0.2277550697 -0.2002336830
-361.5 -65.7 2398.7 0.9681156278 0.1508312076 -0.2000052631 -0.1583841890 0.9871274829 -0.0222223066 0.1940788776 0.0531914346 0.9795427918
-420.5 -452.3 2377.8 0.9722760320 0.0654464513 -0.2244907469 -0.1127240583 0.9723010659 -0.2047533989 0.2048722059 0.2243823260 0.9527223706
-184.0 -69.4 2431.5 -0.7328789234 -0.0315930098 0.6796251535 -0.0904999599 0.9945713282 -0.0513577424 -0.6743131280 -0.0991450548 -0.7317595482
-171.6 -459.0 2470.3 -0.7602385879 -0.0810236707 0.6445715427 0.0872113854 0.9704821110 0.2248524427 -0.6437635422 0.2271554917 -0.7307317853
-431.9 -113.5 2283.6 0 0 0 0 0 0 0 0 0
-152.8 157.7 2148.3 0 0 0 0 0 0 0 0 0
-441.0 -756.9 2307.5 0 0 0 0 0 0 0 0 0
-146.6 -758.3 2400.3 0 0 0 0 0 0 0 0 0
-242.5 521.4 2327.0 5 0.9717410803 0.0516794175 -0.2303225845 -0.0089473119 0.9831023812 0.1828378439 0.2358796299 -0.1756102890 0.9557833672
-252.9 322.4 2362.6 0.9717410803 0.0516794175 -0.2303225845 -0.0089473119 0.9831023812 0.1828378439 0.2358796299 -0.1756102890 0.9557833672
-261.8 129.3 2393.6 0.9718440175 0.0453255773 -0.2312245071 -0.0068574124 0.9863488674 0.1645262241 0.2355252802 -0.1583082378 0.9588880539
-391.3 323.4 2329.1 0.5021078587 -0.6370403767 -0.5848651528 0.8227031231 0.1434149146 0.5500833988 -0.2665469646 -0.7573715448 0.5961048603
-521.7 109.8 2398.3 -0.3372971117 -0.6370403767 -0.6931163073 0.8316186070 0.1434149146 -0.5365097523 0.4411816001 -0.7573715448 0.4814012051
-114.5 321.5 2396.1 0.0493443832 0.9816441536 0.1842276901 -0.9987754822 0.0491553694 0.0055956570 -0.0035628360 -0.1842782050 0.9828676581
-104.2 112.1 2395.4 -0.1887466460 0.9816441536 0.0273754317 0.1116960645 0.0491553694 -0.9925259352 -0.9756529331 -0.1842782050 -0.1189237013
-361.7 -64.8 2401.3 0.9652022123 0.1494879425 -0.2145648450 -0.1580858380 0.9871484041 -0.0233869590 0.2083112746 0.0564928092 0.9764297009
-420.3 -451.4 2379.2 0.9686617255 0.0687189698 -0.2386883199 -0.1199254468 0.9709293842 -0.2071568519 0.2175139189 0.2292897254 0.9487433434
-185.8 -67.7 2441.4 -0.7244499326 -0.0396835096 0.6881842613 -0.0677404553 0.9976077676 -0.0137840779 -0.6859909296 -0.0566037856 -0.7254050374
-170.2 -458.1 2463.6 -0.7439050078 -0.0708506852 0.6645190120 0.0819678977 0.9771827459 0.1959468275 -0.6632394791 0.2002350539 -0.7211236358
-431.2 -113.2 2280.0 0 0 0 0 0 0 0 0 0
-151.1 139.9 2152.6 0 0 0 0 0 0 0 0 0
-441.9 -756.3 2307.2 0 0 0 0 0 0 0 0 0
-148.4 -758.6 2402.0 0 0 0 0 0 0 0 0 0
-241.5 518.1 2324.7 6 0.9673474431 0.0521143265 -0.2480383217 -0.0043071210 0.9818714261 0.1894992888 0.2534173727 -0.1822433174 0.9500352740
-252.1 317.8 2361.8 0.9673474431 0.0521143265 -0.2480383217 -0.0043071210 0.9818714261 0.1894992888 0.2534173727 -0.1822433174 0.9500352740
-261.0 124.8 2393.5 0.9674044251 0.0454917513 -0.2491167188 -0.0031581195 0.9858229160 0.1677592397 0.2532166243 -0.1615042984 0.9538331628
-389.9 318.3 2325.8 0.5256297588 -0.6209525466 -0.5814905167 0.8025735021 0.1352820843 0.5810116529 -0.2821153998 -0.7720859051 0.5694683790
-524.9 112.1 2398.2 -0.3550519049 -0.6209525466 -0.6988247633 0.8296096921 0.1352820843 -0.5417069793 0.4309128225 -0.7720859051 0.4671161175
-114.3 317.4 2397.9 0.0101040034 0.9878250360 0.1552405506 -0.9998366833 0.0076539791 0.0163717587 0.0149842249 -0.1553806216 0.9877410531
-112.1 105.2 2401.1 -0.1554595828 0.9878250360 -0.0058341268 0.0860231370 0.0076539791 -0.9962637424 -0.9840896130 -0.1553806216 -0.0861656889
-358.6 -63.3 2403.3 0.9603186250 0.1499363184 -0.2351750135 -0.1635719240 0.9857414365 -0.0394715294 0.2259035558 0.0763732791 0.9711512327
-417.3 -449.3 2373.4 0.9637721181 0.0809550583 -0.2541447282 -0.1292681992 0.9752152562 -0.1795688868 0.2333087921 0.2059163153 0.9503501654
-183.0 -64.4 2445.9 -0.7123195529 -0.0301256962 0.7012084126 -0.0534876250 0.9985030293 -0.0114369458 -0.6998142004 -0.0456527323 -0.7128645778
-171.2 -455.3 2463.7 -0.7295699716 -0.0729672462 0.6800025105 0.0833242014 0.9774013162 0.1942774057 -0.6788112521 0.1983996332 -0.7070027590
-429.7 -110.3 2282.7 0 0 0 0 0 0 0 0 0
-150.6 126.5 2157.3 0 0 0 0 0 0 0 0 0
-442.9 -757.4 2308.4 0 0 0 0 0 0 0 0 0
-148.8 -755.4 2402.8 0 0 0 0 0 0 0 0 0
-243.0 514.4 2331.0 7 0.9695333838 0.0501156785 -0.2397779226 -0.0086685279 0.9852544069 0.1708758920 0.2448058277 -0.1635913700 0.9556714892
-253.2 314.6 2364.1 0.9695333838 0.0501156785 -0.2397779226 -0.0086685279 0.9852544069 0.1708758920 0.2448058277 -0.1635913700 0.9556714892
-262.0 121.0 2392.6 0.9695745707 0.0446101986 -0.2406971157 -0.0078104269 0.9883919954 0.1517241746 0.2446715534 -0.1452279538 0.9586681724
-391.3 315.7 2329.3 0.5248572230 -0.5900108814 -0.6135242581 0.8159997463 0.1436605006 0.5599161386 -0.2422174215 -0.7945116758 0.5568500161
-527.3 104.3 2392.0 -0.3814010024 -0.5900108814 -0.7116321921 0.8177367449 0.1436605006 -0.5573762059 0.4310914874 -0.7945116758 0.4276813567
-115.1 313.5 2399.0 -0.0221531652 0.9920371771 0.1239819303 -0.9991461039 -0.0262948293 0.0318691470 0.0348754637 -0.1231700554 0.9917725921
-119.8 98.9 2406.5 -0.1205448583 0.9920371771 -0.0364858657 0.0850760117 -0.0262948293 -0.9960274100 -0.9890556335 -0.1231700554 -0.0812288597
-357.4 -68.0 2402.2 0.9625634551 0.1520175189 -0.2244154811 -0.1651463509 0.9854236841 -0.0408268161 0.2149379551 0.0763598010 0.9736379385
-416.9 -454.0 2372.3 0.9664888382 0.0805517808 -0.2437431663 -0.1268052757 0.9753725529 -0.1804681569 0.2232033759 0.2053283900 0.9529011250
-182.6 -68.6 2448.0 -0.7182427049 -0.0315282531 0.6950779557 -0.0473179519 0.9988734126 -0.0035867046 -0.6941817999 -0.0354657881 -0.7189254165
-170.2 -459.7 2461.8 -0.7338954210 -0.0694486275 0.6757028699 0.0829018354 0.9781654477 0.1905771345 -0.6741845608 0.1958806962 -0.7121137381
-425.1 -114.9 2276.5 0 0 0 0 0 0 0 0 0
-149.9 120.1 2159.4 0 0 0 0 0 0 0 0 0
-441.8 -755.9 2308.7 0 0 0 0 0 0 0 0 0
-149.3 -754.9 2402.7 0 0 0 0 0 0 0 0 0
-242.4 509.3 2328.6 8 0.9575373530 0.0530556180 -0.2833853960 -0.0027430896 0.9845539331 0.1750602126 0.2882961035 -0.1668493450 0.9428927302
-253.1 310.3 2362.3 0.9575373530 0.0530556180 -0.2833853960 -0.0027430896 0.9845539331 0.1750602126 0.2882961035 -0.1668493450 0.9428927302
-262.5 116.9 2391.7 0.9575511217 0.0477344953 -0.2842837572 -0.0024740235 0.9875186682 0.1574824452 0.2882528603 -0.1500941664 0.9457177520
-389.4 310.7 2321.3 0.5330464244 -0.6016099453 -0.5949175954 0.8005788326 0.1311429739 0.5847007632 -0.2737425268 -0.7879511714 0.5515415072
-525.1 107.0 2391.0 -0.3681974113 -0.6016099453 -0.7088696361 0.8298599720 0.1311429739 -0.5423411727 0.4192411304 -0.7879511714 0.4509654939
-116.8 310.0 2403.4 -0.0316697396 0.9931426644 0.1125375330 -0.9988682866 -0.0354458094 0.0317124836 0.0354840010 -0.1114058495 0.9931412935
-123.6 94.5 2411.0 -0.1078175902 0.9931426644 -0.0451999567 0.0907297581 -0.0354458094 -0.9952445626 -0.9900219440 -0.1114058495 -0.0862859115
-358.4 -71.8 2398.9 0.9511358142 0.1571748406 -0.2657757998 -0.1684860587 0.9854978919 -0.0201585218 0.2587530613 0.0639530122 0.9638240933
-419.9 -457.8 2373.9 0.9549091458 0.0713688806 -0.2881926596 -0.1282475889 0.9746015668 -0.1835875213 0.2677705884 0.2122694254 0.9398087859
-183.1 -73.2 2443.1 -0.6858603954 -0.0334760509 0.7269628048 -0.0583841428 0.9982525706 -0.0091143819 -0.7253873348 -0.0486942939 -0.6866163611
-170.0 -464.1 2462.2 -0.7047399282 -0.0721257329 0.7057899833 0.0897775516 0.9777556658 0.1895622909 -0.7037624717 0.1969562024 -0.6825881600
-426.4 -115.5 2278.6 0 0 0 0 0 0 0 0 0
-150.6 117.2 2163.3 0 0 0 0 0 0 0 0 0
-441.7 -755.6 2309.0 0 0 0 0 0 0 0 0 0
-148.4 -757.0 2403.2 0 0 0 0 0 0 0 0 0
-241.6 507.6 2326.0 9 0.9595352411 0.0575045869 -0.2756544054 -0.0058674389 0.9827965498 0.1845981628 0.2815274298 -0.1755110621 0.9433653355
-253.2 309.2 2361.4 0.9595352411 0.0575045869 -0.2756544054 -0.0058674389 0.9827965498 0.1845981628 0.2815274298 -0.1755110621 0.9433653355
-263.1 116.0 2391.9 0.9595924020 0.0507260151 -0.2767837346 -0.0048268810 0.9864402413 0.1640498936 0.2813522220 -0.1560850292 0.9468254447
-389.9 309.9 2321.3 0.5292680264 -0.5879502296 -0.6117106080 0.8088839054 0.1320479214 0.5729486942 -0.2560901940 -0.7980462909 0.5454722047
-524.4 104.3 2386.4 -0.3668136299 -0.5879502296 -0.7209454179 0.8357896209 0.1320479214 -0.5329344273 0.4085382521 -0.7980462909 0.4429657161
-116.5 308.5 2401.5 -0.0510802604 0.9927169681 0.1091045365 -0.9973084331 -0.0564579517 0.0467807539 0.0525998697 -0.1064212993 0.9929288626
-127.5 93.7 2412.8 -0.1011255905 0.9927169681 -0.0654721931 0.0895662159 -0.0564579517 -0.9943794012 -0.9908337593 -0.1064212993 -0.0832045600
-358.4 -76.2 2395.1 0.9539973140 0.1545734704 -0.2568973005 -0.1602565944 0.9870746732 -0.0012020294 0.2533910275 0.0423162170 0.9664379358
-418.9 -462.8 2378.5 0.9564130306 0.0735265613 -0.2826091349 -0.1332942247 0.9710002542 -0.1984721124 0.2598205805 0.2274914831 0.9384779930
-185.4 -76.7 2447.1 -0.6911610961 -0.0392315723 0.7216351032 -0.0643684417 0.9978987575 -0.0073996154 -0.7198284864 -0.0515648536 -0.6922340989
-170.1 -467.5 2467.3 -0.7132137418 -0.0723979697 0.6971977353 0.0994349495 0.9741427898 0.2028754801 -0.6938579679 0.2140194029 -0.6875731349
-426.0 -119.8 2276.9 0 0 0 0 0 0 0 0 0
-153.1 116.4 2162.0 0 0 0 0 0 0 0 0 0
-441.3 -759.2 2309.1 0 0 0 0 0 0 0 0 0
-148.6 -755.8 2404.0 0 0 0 0 0 0 0 0 0
-243.0 508.4 2332.1 0 0.9636986256 0.0524462834 -0.2617906928 -0.0088956896 0.9862799644 0.1648414284 0.2668442428 -0.1565286517 0.9509431720
-253.6 308.8 2363.8 0.9636986256 0.0524462834 -0.2617906928 -0.0088956896 0.9862799644 0.1648414284 0.2668442428 -0.1565286517 0.9509431720
-262.8 115.2 2391.8 0.9637945294 0.0466784202 -0.2625285387 -0.0069847810 0.9886399508 0.1501408517 0.2665545344 -0.1428712159 0.9531717896
-391.0 309.8 2325.8 0.5197517276 -0.5702410340 -0.6361472607 0.8238870502 0.1375997216 0.5497967601 -0.2259829640 -0.8098712564 0.5413318872
-523.0 100.6 2383.2 -0.3651958108 -0.5702410340 -0.7358377576 0.8406307101 0.1375997216 -0.5238380432 0.3999650180 -0.8098712564 0.4291112721
-116.3 307.9 2401.8 -0.0889825076 0.9912951589 0.0970362797 -0.9944327474 -0.0939375162 0.0477417521 0.0564415157 -0.0922478735 0.9941351414
-135.2 97.2 2413.7 -0.0860479027 0.9912951589 -0.0996478051 0.0680477247 -0.0939375162 -0.9932498336 -0.9939644337 -0.0922478735 -0.0593722500
-359.8 -76.8 2397.1 0.9586187005 0.1507787704 -0.2414869368 -0.1582100391 0.9873377085 -0.0115680471 0.2366849482 0.0492950045 0.9703351259
-418.8 -463.5 2377.8 0.9608871341 0.0762736574 -0.2662296593 -0.1334152669 0.9699102640 -0.2036528289 0.2426855266 0.2312064767 0.9421503544
-186.4 -77.6 2447.9 -0.7014486194 -0.0413662679 0.7115185261 -0.0685821921 0.9975991249 -0.0096131498 -0.7094126344 -0.0555406362 -0.7026015520
-170.2 -468.4 2469.7 -0.7259235978 -0.0727677792 0.6839150786 0.1055672765 0.9708151221 0.2153452188 -0.6796252728 0.2285232246 -0.6970556974
-425.0 -124.8 2276.0 0 0 0 0 0 0 0 0 0
-157.1 114.5 2160.7 0 0 0 0 0 0 0 0 0
-442.1 -759.2 2307.3 0 0 0 0 0 0 0 0 0
-148.6 -756.8 2401.8 0 0 0 0 0 0 0 0 0
-242.6 509.1 2335.2 1 0.9620615244 0.0571971945 -0.2667698562 -0.0139526436 0.9868131280 0.1612612605 0.2724756896 -0.1514210999 0.9501729608
-254.2 309.8 2365.8 0.9620615244 0.0571971945 -0.2667698562 -0.0139526436 0.9868131280 0.1612612605 0.2724756896 -0.1514210999 0.9501729608
-264.3 116.0 2392.5 0.9621295333 0.0517385155 -0.2676375508 -0.0127182603 0.9892733693 0.1455211490 0.2722957730 -0.1366063058 0.9524672031
-391.3 311.6 2327.0 0.5062566996 -0.5598151088 -0.6559810638 0.8373481631 0.1371460855 0.5291870832 -0.2062816918 -0.8171890974 0.5381913185
-520.3 98.2 2379.6 -0.3591043353 -0.5598151088 -0.7467604280 0.8486276269 0.1371460855 -0.5109032393 0.3884266317 -0.8171890974 0.4258248210
-117.1 308.0 2404.6 -0.0925341547 0.9907138348 0.0996169001 -0.9941256046 -0.0975641981 0.0468557514 0.0561396852 -0.0946959555 0.9939220548
-136.8 96.0 2416.5 -0.0886796862 0.9907138348 -0.1030631363 0.0642668754 -0.0975641981 -0.9931520224 -0.9939847589 -0.0946959555 -0.0550181232
-359.1 -77.8 2395.6 0.9573330283 0.1539208591 -0.2445850074 -0.1583573818 0.9873806238 0.0015443530 0.2417362034 0.0372533798 0.9696266055
-419.4 -464.5 2381.1 0.9591006041 0.0769238621 -0.2724129260 -0.1386794746 0.9666521549 -0.2152943164 0.2467672527 0.2442669868 0.9377843738
-184.9 -79.0 2443.8 -0.6970633864 -0.0335748903 0.7162230015 -0.0719378591 0.9971376061 -0.0232699271 -0.7133916020 -0.0677441657 -0.6974834204
-171.7 -469.6 2470.3 -0.7228288651 -0.0801958963 0.6863577962 0.1020970047 0.9699484110 0.2208535373 -0.6834431887 0.2297143936 -0.6929189563
-424.0 -129.3 2275.4 0 0 0 0 0 0 0 0 0
-159.5 112.5 2162.4 0 0 0 0 0 0 0 0 0
-442.8 -758.6 2306.7 0 0 0 0 0 0 0 0 0
-147.9 -758.3 2402.0 0 0 0 0 0 0 0 0 0
-243.0 508.6 2337.2 2 0.9705036283 0.0565050244 -0.2343713492 -0.0207281150 0.9881029129 0.1523909271 0.2401938736 -0.1430378705 0.9601286650
-254.4 309.3 2366.1 0.9705036283 0.0565050244 -0.2343713492 -0.0207281150 0.9881029129 0.1523909271 0.2401938736 -0.1430378705 0.9601286650
-264.5 115.3 2391.4 0.9705876112 0.0515506454 -0.2351642400 -0.0191900842 0.9902638197 0.1378742009 0.2399821430 -0.1293061674 0.9621270895
-392.6 312.0 2331.9 0.5043527484 -0.5429095030 -0.6714741588 0.8433784842 0.1428313106 0.5179883838 -0.1853132844 -0.8275557160 0.5299155712
-520.1 98.8 2378.8 -0.3617547750 -0.5429095030 -0.7578804493 0.8495382071 0.1428313106 -0.5078228116 0.3839508891 -0.8275557160 0.4095524848
-116.2 306.5 2400.3 -0.0900377855 0.9891198277 0.1163407415 -0.9926635027 -0.0985926539 0.0699902996 0.0806991309 -0.1091854349 0.9907402396
-135.4 94.6 2417.5 -0.1027685776 0.9891198277 -0.1052643806 0.0679859743 -0.0985926539 -0.9928027987 -0.9923792481 -0.1091854349 -0.0571140498
-361.4 -76.6 2394.7 0.9657264352 0.1513060182 -0.2109002024 -0.1543908566 0.9880080819 0.0018598209 0.2086525112 0.0307649840 0.9775058031
-420.7 -463.6 2382.6 0.9682113528 0.0714366660 -0.2397156060 -0.1263493150 0.9667750597 -0.2222202271 0.2158764005 0.2454440445 0.9450685978
-187.5 -78.9 2443.9 -0.7201681137 -0.0432418548 0.6924507618 -0.0771529078 0.9968569279 -0.0179899018 -0.6894964576 -0.0663803443 -0.7212408185
-170.6 -469.3 2469.9 -0.7456099987 -0.0743292570 0.6622241735 0.0986070111 0.9705133438 0.2199555933 -0.6590465307 0.2293010503 -0.7162951231
-423.1 -129.0 2275.8 0 0 0 0 0 0 0 0 0
-161.7 112.1 2163.1 0 0 0 0 0 0 0 0 0
-442.6 -760.2 2307.3 0 0 0 0 0 0 0 0 0
-148.5 -757.6 2401.8 0 0 0 0 0 0 0 0 0
-242.0 509.7 2337.8 3 0.9621599913 0.0581612885 -0.2662055194 -0.0164777022 0.9875857830 0.1562141627 0.2719863951 -0.1459165663 0.9511739016
-253.7 310.8 2367.2 0.9621599913 0.0581612885 -0.2662055194 -0.0164777022 0.9875857830 0.1562141627 0.2719863951 -0.1459165663 0.9511739016
-263.8 116.9 2393.0 0.9623127580 0.0513242893 -0.2670581043 -0.0137192179 0.9899408221 0.1408151835 0.2715989649 -0.1318444163 0.9533367753
-390.7 312.7 2328.5 0.5074692369 -0.5346319675 -0.6757541299 0.8411709666 0.1373306066 0.5230408907 -0.1868326366 -0.8338518739 0.5194079280
-519.9 98.6 2376.0 -0.3603100181 -0.5346319675 -0.7644248605 0.8554879427 0.1373306066 -0.4992801845 0.3719100654 -0.8338518739 0.4078895748
-116.7 308.9 2405.8 -0.0873880088 0.9881595969 0.1261106730 -0.9944190979 -0.0940440148 0.0478166789 0.0591104664 -0.1212282479 0.9908630848
-135.7 92.7 2418.7 -0.1146551818 0.9881595969 -0.1019546613 0.0724206120 -0.0940440148 -0.9929304719 -0.9907620549 -0.1212282479 -0.0607804880
-362.3 -76.9 2395.1 0.9590651393 0.1458969414 -0.2427098900 -0.1491731107 0.9887987971 0.0049276403 0.2407101691 0.0314798579 0.9700863957
-419.5 -464.2 2382.7 0.9602649808 0.0743158087 -0.2690137029 -0.1349280030 0.9673830271 -0.2143934518 0.2443064749 0.2421720028 0.9389712811
-187.0 -80.3 2438.4 -0.6968288422 -0.0427417643 0.7159628272 -0.0855433568 0.9960502982 -0.0237947162 -0.7121179104 -0.0778267086 -0.6977328062
-170.2 -470.5 2468.9 -0.7248194814 -0.0741266459 0.6849393845 0.1040765718 0.9710034132 0.2152218968 -0.6810321212 0.2272831649 -0.6960873604
-423.3 -130.8 2276.3 0 0 0 0 0 0 0 0 0
-165.3 111.4 2163.0 0 0 0 0 0 0 0 0 0
-442.3 -760.6 2308.5 0 0 0 0 0 0 0 0 0
-148.5 -755.7 2402.1 0 0 0 0 0 0 0 0 0
-242.7 509.0 2340.0 4 0.9476037621 0.0573204756 -0.3142633736 -0.0075960197 0.9875346422 0.1572182626 0.3193578124 -0.1465934664 0.9362269640
-254.3 310.2 2369.5 0.9476037621 0.0573204756 -0.3142633736 -0.0075960197 0.9875346422 0.1572182626 0.3193578124 -0.1465934664 0.9362269640
-264.1 116.3 2395.4 0.9477285743 0.0499687977 -0.3151406944 -0.0052953763 0.9899886250 0.1410479844 0.3190336823 -0.1320064217 0.9385051131
-389.1 311.0 2324.1 0.5075571537 -0.5610107780 -0.6539515257 0.8356731534 0.1356753409 0.5322054625 -0.2098479122 -0.8166143894 0.5376846194
-519.3 96.6 2377.9 -0.3576216400 -0.5610107780 -0.7465745807 0.8499507308 0.1356753409 -0.5090932846 0.3868985772 -0.8166143894 0.4283111095
-119.4 309.5 2414.9 -0.0650413632 0.9879415035 0.1405032426 -0.9973771572 -0.0688414946 0.0223524943 0.0317554101 -0.1386808902 0.9898278713
-133.6 92.9 2421.8 -0.1340026706 0.9879415035 -0.0775552988 0.0684867427 -0.0688414946 -0.9952740669 -0.9886115789 -0.1386808902 -0.0584359504
-360.8 -75.7 2394.3 0.9461736679 0.1495262086 -0.2870493233 -0.1471883506 0.9886583686 0.0298366770 0.2882550657 0.0140196364 0.9574510455
-419.3 -463.0 2388.8 0.9456650019 0.0749823824 -0.3163784742 -0.1540117562 0.9602615833 -0.2327618003 0.2863530517 0.2688406706 0.9196339846
-186.9 -78.2 2443.3 -0.6608923078 -0.0429583006 0.7492502332 -0.0716651231 0.9974105358 -0.0060271784 -0.7470511794 -0.0576784238 -0.6622595787
-170.1 -468.8 2465.9 -0.6857859492 -0.0748318955 0.7239459753 0.1064401269 0.9736927152 0.2014769316 -0.7199778557 0.2152269632 -0.6597797275
-423.4 -131.2 2274.2 0 0 0 0 0 0 0 0 0
-168.3 110.7 2165.7 0 0 0 0 0 0 0 0 0
-442.3 -757.7 2306.2 0 0 0 0 0 0 0 0 0
-148.1 -755.7 2402.5 0 0 0 0 0 0 0 0 0
-242.1 509.4 2338.6 5 0.9431238174 0.0575290956 -0.3274260759 -0.0041507487 0.9868739843 0.1614388824 0.3324157298 -0.1508977860 0.9309831858
-253.7 310.7 2369.0 0.9431238174 0.0575290956 -0.3274260759 -0.0041507487 0.9868739843 0.1614388824 0.3324157298 -0.1508977860 0.9309831858
-263.3 116.8 2395.4 0.9432601929 0.0490254015 -0.3284154534 -0.0016211784 0.9897089005 0.1430860907 0.3320505619 -0.1344349980 0.9336324930
-388.0 310.9 2321.8 0.5196025372 -0.5656824112 -0.6403253675 0.8250091672 0.1372774094 0.5481923223 -0.2222005427 -0.8131164312 0.5380228758
