-163.9 450.2 2397.0 01 0.9480790496 -0.0848773569 -0.3064994514 0.1909600049 0.9225923419 0.3351979852 0.2543233037 -0.3763233125 0.8908986449
-143.5 227.5 2487.8 0.9480790496 -0.0848773569 -0.3064994514 0.1909600049 0.9225923419 0.3351979852 0.2543233037 -0.3763233125 0.8908986449
-152.7 33.9 2498.1 0.9523668289 0.0474954806 -0.3012335598 -0.0292730518 0.9974737763 0.0647232458 0.3035466373 -0.0528222471 0.9513512850
-273.6 231.5 2446.4 0.4331264496 -0.8461762667 -0.3104628921 0.3836764693 0.4847722352 -0.7859950662 0.8155941367 0.2213179469 0.5346255898
-363.6 151.8 2276.9 -0.5189492106 -0.8461762667 -0.1211505383 -0.8440113068 0.4847722352 0.2294357866 -0.1354127079 0.2213179469 -0.9657545090
-13.4 223.5 2529.3 0.1850865036 0.3981066346 0.8984732032 -0.9722747803 0.2071427703 0.1085063368 -0.1429151297 -0.8936458826 0.4254083633
37.2 -41.8 2490.3 -0.1849497259 0.3955207467 0.8996426463 -0.9406529665 0.1938078105 -0.2785867453 -0.2845446169 -0.8977760673 0.3362030685
-248.8 -156.3 2480.5 0.9985740781 -0.0130223650 -0.0517708845 0.0168990027 0.9970280528 0.0751627386 0.0506382287 -0.0759304389 0.9958264828
-243.8 -543.4 2510.0 0.9986471534 -0.0145702660 -0.0499155112 0.0125398692 0.9990906119 -0.0407510996 0.0504638776 0.0400700383 0.9979217649
-78.3 -162.8 2535.3 0.8582035899 0.0761319101 -0.5076323152 -0.0769687817 0.9968451858 0.0193778891 0.5075061321 0.0224416684 0.8613558412
-107.9 -549.7 2526.6 0.8537797928 -0.0905122310 -0.5127061605 0.0570875816 0.9951095581 -0.0806102306 0.5174949765 0.0395542309 0.8547715545
-234.2 362.3 2310.7 0 0 0 0 0 0 0 0 0
-13.6 -300.1 2412.2 0 0 0 0 0 0 0 0 0
-239.3 -847.1 2497.8 0 0 0 0 0 0 0 0 0
-81.6 -838.6 2515.1 0 0 0 0 0 0 0 0 0
-166.7 451.5 2402.5 02 0.9459688067 -0.0943455175 -0.3102288544 0.1944562942 0.9306651354 0.3099179864 0.2594797909 -0.3534986973 0.8987262845
-144.1 227.9 2487.4 0.9459688067 -0.0943455175 -0.3102288544 0.1944562942 0.9306651354 0.3099179864 0.2594797909 -0.3534986973 0.8987262845
-154.0 34.3 2498.1 0.9510262012 0.0513015427 -0.3048233390 -0.0320545174 0.9971826673 0.0678173825 0.3074437082 -0.0547251478 0.9499913454
-274.0 232.2 2445.4 0.4307067990 -0.8471229672 -0.3112464249 0.3852644563 0.4844552577 -0.7854135036 0.8161267638 0.2183707654 0.5350245237
-363.8 151.9 2275.2 -0.5188953280 -0.8471229672 -0.1145876423 -0.8427346945 0.4844552577 0.2347366959 -0.1433382630 0.2183707654 -0.9652814865
-14.1 223.5 2529.4 0.1912580878 0.4033471942 0.8948359489 -0.9728260040 0.1991051733 0.1181806996 -0.1304986179 -0.8931227326 0.4304670990
37.6 -39.6 2494.2 -0.1885823011 0.4029628336 0.8955767155 -0.9376684427 0.1971903890 -0.2861709893 -0.2919153869 -0.8937208056 0.3406589329
-247.2 -157.1 2481.1 0.9984400868 -0.0060926126 -0.0554997101 0.0103460997 0.9970022440 0.0766781047 0.0548661649 -0.0771327019 0.9955100417
-244.9 -544.1 2511.1 0.9983690381 -0.0174119566 -0.0543704554 0.0150646465 0.9989490509 -0.0432878695 0.0550670400 0.0423981957 0.9975820780
-76.6 -162.3 2535.5 0.8556363583 0.0768352821 -0.5118424892 -0.0819809362 0.9965548515 0.0125521058 0.5110436082 0.0312212929 0.8589875698
-106.4 -549.2 2523.4 0.8522017598 -0.0846573710 -0.5163190365 0.0587274656 0.9960642457 -0.0663863346 0.5199069977 0.0262524392 0.8538193703
-234.2 362.3 2311.0 0 0 0 0 0 0 0 0 0
-14.2 -297.0 2414.0 0 0 0 0 0 0 0 0 0
-239.5 -849.7 2498.1 0 0 0 0 0 0 0 0 0
-81.8 -838.5 2515.8 0 0 0 0 0 0 0 0 0
-165.8 452.5 2413.7 03 0.9467585683 -0.0903996006 -0.3089922071 0.1769061834 0.9479637146 0.2647054195 0.2689841390 -0.3052747250 0.9134849906
-144.3 226.6 2486.5 0.9467585683 -0.0903996006 -0.3089922071 0.1769061834 0.9479637146 0.2647054195 0.2689841390 -0.3052747250 0.9134849906
-154.0 33.1 2498.4 0.9510111809 0.0502198786 -0.3050502539 -0.0289345048 0.9968455434 0.0739039630 0.3077994287 -0.0614570193 0.9494643211
-274.2 230.6 2444.4 0.4354922473 -0.8457965255 -0.3081797659 0.3823764324 0.4837352037 -0.7872664928 0.8149446249 0.2250077724 0.5340755582
-364.0 151.7 2276.4 -0.5193210244 -0.8457965255 -0.1222044006 -0.8431094289 0.4837352037 0.2348760962 -0.1395428032 0.2250077724 -0.9643128514
-14.3 222.7 2528.5 0.1872151643 0.4023643136 0.8961324692 -0.9734700918 0.1981656402 0.1143955663 -0.1315539777 -0.8937747478 0.4287892282
35.8 -37.9 2493.3 -0.1792513579 0.4018321335 0.8979977369 -0.9412947297 0.1953625232 -0.2753139436 -0.2860650718 -0.8946309090 0.3432234526
-249.2 -156.4 2481.1 0.9984085560 -0.0093278885 -0.0556174144 0.0131123392 0.9975941777 0.0680726543 0.0548486337 -0.0686935931 0.9961289167
-245.6 -543.7 2507.8 0.9982537627 -0.0231423974 -0.0543490127 0.0212121811 0.9991328120 -0.0358274728 0.0551310182 0.0346120484 0.9978790283
-78.8 -162.2 2536.2 0.8555426598 0.0669198185 -0.5133892298 -0.0789933354 0.9968736768 -0.0016976569 0.5116705894 0.0420067459 0.8581541777
-104.7 -549.1 2519.9 0.8531361222 -0.0761893317 -0.5160949230 0.0578312948 0.9969927669 -0.0515840203 0.5184730887 0.0141617535 0.8549766541
-234.3 362.2 2311.2 0 0 0 0 0 0 0 0 0
-13.4 -296.4 2414.8 0 0 0 0 0 0 0 0 0
-238.5 -846.8 2497.3 0 0 0 0 0 0 0 0 0
-82.9 -834.7 2515.9 0 0 0 0 0 0 0 0 0
-170.5 457.2 2415.8 04 0.9495337605 -0.1018073037 -0.2966831028 0.1783555746 0.9533107281 0.2436965257 0.2580210865 -0.2843131721 0.9233586192
-145.7 224.7 2485.2 0.9495337605 -0.1018073037 -0.2966831028 0.1783555746 0.9533107281 0.2436965257 0.2580210865 -0.2843131721 0.9233586192
-155.3 31.3 2498.1 0.9550678134 0.0494130589 -0.2922392488 -0.0275947843 0.9965464473 0.0783177391 0.2950999141 -0.0667344779 0.9531330466
-276.2 228.5 2444.8 0.4279997647 -0.8458728790 -0.3183006048 0.3722519577 0.4859184325 -0.7907665968 0.8235561252 0.2199598700 0.5228508115
-364.5 151.7 2274.9 -0.5207882524 -0.8458728790 -0.1152330786 -0.8414922357 0.4859184325 0.2361653447 -0.1437719762 0.2199598700 -0.9648560882
-15.2 221.0 2525.5 0.1818491071 0.3920084238 0.9018094540 -0.9758349657 0.1849323213 0.1163878813 -0.1211486906 -0.9011822343 0.4161652923
33.3 -39.6 2493.1 -0.1718092114 0.3968102336 0.9016780257 -0.9391269684 0.2104602009 -0.2715641558 -0.2975267768 -0.8934473395 0.3364961743
-249.0 -157.8 2482.8 0.9990393519 -0.0123965042 -0.0420320369 0.0148172453 0.9982194304 0.0577792749 0.0412409343 -0.0583465658 0.9974441528
-244.1 -545.3 2505.4 0.9989672303 -0.0200109277 -0.0407929868 0.0188205689 0.9993917346 -0.0293585956 0.0413556695 0.0285605267 0.9987362027
-78.6 -163.0 2537.9 0.8616720438 0.0730346441 -0.5021824241 -0.0863344297 0.9962609410 -0.0032466364 0.5000676513 0.0461531729 0.8647555709
-106.9 -549.7 2520.0 0.8585723639 -0.0871019214 -0.5052393079 0.0694281757 0.9961379170 -0.0537496060 0.5079697371 0.0110700838 0.8613038063
-234.2 362.2 2310.8 0 0 0 0 0 0 0 0 0
-13.8 -297.5 2411.4 0 0 0 0 0 0 0 0 0
-238.2 -842.8 2496.9 0 0 0 0 0 0 0 0 0
-81.9 -835.9 2516.8 0 0 0 0 0 0 0 0 0
-168.1 457.2 2414.4 05 0.9528519511 -0.0872850567 -0.2906106114 0.1639693528 0.9539734125 0.2510950863 0.2553179562 -0.2869076729 0.9233074784
-146.8 223.9 2484.6 0.9528519511 -0.0872850567 -0.2906106114 0.1639693528 0.9539734125 0.2510950863 0.2553179562 -0.2869076729 0.9233074784
-156.3 30.5 2498.3 0.9565854669 0.0490391701 -0.2872967720 -0.0264117327 0.9962728620 0.0821147934 0.2902528048 -0.0709618106 0.9543153048
-277.5 227.6 2444.9 0.4288080037 -0.8447447419 -0.3202031255 0.3725981116 0.4882689714 -0.7891539931 0.8229789734 0.2190884799 0.5241239071
-364.6 151.9 2277.7 -0.5218371153 -0.8447447419 -0.1187112406 -0.8423227668 0.4882689714 0.2282231152 -0.1348272562 0.2190884799 -0.9663445950
-16.1 220.3 2524.2 0.1864396483 0.3869993985 0.9030347466 -0.9753838181 0.1830781847 0.1229178384 -0.1177568287 -0.9037222266 0.4116059840
33.8 -40.9 2492.7 -0.1760348529 0.3910585642 0.9033741951 -0.9404518604 0.2042869478 -0.2716930211 -0.2907954454 -0.8974074125 0.3318101466
-250.4 -159.7 2484.6 0.9991843700 -0.0164017919 -0.0368987508 0.0187502615 0.9977591038 0.0642279610 0.0357626118 -0.0648674369 0.9972528815
-244.1 -547.0 2509.8 0.9991829395 -0.0201522037 -0.0350332260 0.0188223738 0.9991049170 -0.0378832072 0.0357652977 0.0371928439 0.9986678958
-79.3 -164.6 2537.5 0.8647385836 0.0665363669 -0.4977952242 -0.0774381384 0.9969963431 -0.0012600176 0.4962161779 0.0396379195 0.8672936559
-105.1 -551.7 2522.1 0.8614047766 -0.0833411291 -0.5010349751 0.0585007034 0.9961610436 -0.0651219934 0.5045388937 0.0267854966 0.8629733920
-234.4 362.0 2311.3 0 0 0 0 0 0 0 0 0
-14.5 -299.2 2412.8 0 0 0 0 0 0 0 0 0
-238.1 -842.8 2498.8 0 0 0 0 0 0 0 0 0
-81.6 -832.8 2514.6 0 0 0 0 0 0 0 0 0
-169.5 459.7 2415.2 06 0.9537231326 -0.0932357758 -0.2858657837 0.1675748378 0.9541925192 0.2478615046 0.2496614307 -0.2842951715 0.9256594777
-146.5 224.0 2485.4 0.9537231326 -0.0932357758 -0.2858657837 0.1675748378 0.9541925192 0.2478615046 0.2496614307 -0.2842951715 0.9256594777
-155.8 30.6 2499.0 0.9581978321 0.0482406542 -0.2820101976 -0.0264066551 0.9963870645 0.0807189345 0.2848852575 -0.0698977634 0.9560098052
-277.4 227.6 2446.5 0.4267109632 -0.8438293338 -0.3253764510 0.3725309670 0.4918342233 -0.7869687080 0.8240985274 0.2145953774 0.5242236257
-364.7 151.4 2277.9 -0.5232524872 -0.8438293338 -0.1189913005 -0.8428394794 0.4918342233 0.2184505612 -0.1258109957 0.2145953774 -0.9685661793
-15.6 220.4 2524.3 0.1811808497 0.3820554316 0.9062048197 -0.9759344459 0.1835468560 0.1177389175 -0.1213482544 -0.9057285190 0.4061162472
33.1 -41.9 2491.7 -0.1816006154 0.3858108222 0.9045282006 -0.9398208261 0.2026141137 -0.2751078010 -0.2894097567 -0.9000541568 0.3257981837
-251.5 -160.5 2486.1 0.9993689656 -0.0170289855 -0.0311717950 0.0186151434 0.9985086322 0.0513222851 0.0302513409 -0.0518701673 0.9981955290
-244.9 -548.1 2506.2 0.9993006587 -0.0225810185 -0.0298036318 0.0218728930 0.9994755983 -0.0238756742 0.0303271413 0.0232070852 0.9992705584
-80.1 -165.2 2538.1 0.8680469990 0.0624808408 -0.4925348163 -0.0695904568 0.9975680113 0.0039004290 0.4915806949 0.0308899693 0.8702840209
-104.4 -552.5 2526.1 0.8648934364 -0.0782232732 -0.4958230257 0.0496829599 0.9962729216 -0.0705115795 0.4994906783 0.0363510475 0.8655562997
-233.9 362.1 2309.3 0 0 0 0 0 0 0 0 0
-16.7 -300.0 2412.2 0 0 0 0 0 0 0 0 0
-238.1 -847.9 2499.3 0 0 0 0 0 0 0 0 0
-82.4 -832.8 2515.9 0 0 0 0 0 0 0 0 0
-165.6 450.8 2398.6 07 0.9550715685 -0.0792715847 -0.2855771184 0.1741973907 0.9297044277 0.3245072365 0.2397781163 -0.3596744239 0.9017431736
-146.2 224.1 2486.3 0.9550715685 -0.0792715847 -0.2855771184 0.1741973907 0.9297044277 0.3245072365 0.2397781163 -0.3596744239 0.9017431736
-155.6 30.7 2499.4 0.9583272934 0.0480977632 -0.2815943360 -0.0269770417 0.9965562820 0.0784081444 0.2843958735 -0.0675440878 0.9563246369
-277.2 227.8 2447.4 0.4295788407 -0.8425920010 -0.3248087764 0.3805125654 0.4950947762 -0.7810834646 0.8189458251 0.2119430751 0.5332990885
-365.2 149.9 2279.7 -0.5266165137 -0.8425920010 -0.1127554327 -0.8398278952 0.4950947762 0.2226438522 -0.1317733079 0.2119430751 -0.9683573246
-15.3 220.5 2525.1 0.1934476644 0.3804189563 0.9043558240 -0.9730843306 0.1920587271 0.1273592860 -0.1252395362 -0.9046518207 0.4073330164
37.0 -42.7 2491.2 -0.1970555335 0.3803065419 0.9036238194 -0.9390792251 0.1915227622 -0.2853932083 -0.2816014290 -0.9048126936 0.3193973303
-251.1 -160.5 2487.0 0.9994186163 -0.0150139434 -0.0306112040 0.0162734818 0.9990133643 0.0413211323 0.0299606081 -0.0417952575 0.9986768961
-245.2 -548.3 2503.2 0.9992700219 -0.0240345262 -0.0296935532 0.0235545002 0.9995878339 -0.0164114386 0.0300757568 0.0157000422 0.9994243383
-79.4 -165.2 2538.1 0.8676198125 0.0668549016 -0.4927131832 -0.0807456300 0.9967105389 -0.0069442480 0.4906281829 0.0458094031 0.8701640368
-105.3 -552.1 2520.3 0.8647238612 -0.0816000924 -0.4955744743 0.0596311130 0.9964146018 -0.0600173697 0.4986950755 0.0223467946 0.8664894104
-233.6 359.6 2312.6 0 0 0 0 0 0 0 0 0
-17.1 -300.6 2413.9 0 0 0 0 0 0 0 0 0
-238.0 -848.8 2498.5 0 0 0 0 0 0 0 0 0
-82.1 -834.9 2513.9 0 0 0 0 0 0 0 0 0
-164.7 448.5 2391.8 08 0.9560354948 -0.0844463482 -0.2808290422 0.1823016405 0.9212555289 0.3435904384 0.2297003418 -0.3796802461 0.8961476684
-143.8 220.7 2485.6 0.9560354948 -0.0844463482 -0.2808290422 0.1823016405 0.9212555289 0.3435904384 0.2297003418 -0.3796802461 0.8961476684
-154.8 27.4 2499.7 0.9591778517 0.0566157326 -0.2770785987 -0.0341487601 0.9957739711 0.0852528438 0.2807343304 -0.0723107457 0.9570576549
-274.8 225.4 2447.3 0.4419674873 -0.8378835320 -0.3203372359 0.3657932281 0.4944110513 -0.7885131836 0.8190604448 0.2313199788 0.5250057578
-365.0 150.8 2280.2 -0.5281063914 -0.8378835320 -0.1380393058 -0.8414263725 0.4944110513 0.2180812061 -0.1144784838 0.2313199788 -0.9661189318
-12.7 216.1 2524.0 0.1859662980 0.3775920868 0.9071056843 -0.9744403362 0.1892900616 0.1209766716 -0.1260262728 -0.9064179659 0.4031425118
36.1 -39.9 2490.9 -0.1872379631 0.3781678677 0.9066041112 -0.9421186447 0.1921791285 -0.2747355103 -0.2781265378 -0.9055695534 0.3202957809
-250.8 -160.3 2487.0 0.9995661974 -0.0133065479 -0.0262739658 0.0145315696 0.9987892509 0.0469981655 0.0256167725 -0.0473595820 0.9985494018
-245.6 -548.1 2505.4 0.9993093610 -0.0272690840 -0.0252438895 0.0266307145 0.9993254542 -0.0252880305 0.0259164423 0.0245983005 0.9993614554
-79.1 -165.2 2538.0 0.8693226576 0.0652570277 -0.4899180233 -0.0791029930 0.9968376160 -0.0075836377 0.4878738225 0.0453466102 0.8717355132
-104.4 -552.2 2520.3 0.8664502501 -0.0805151463 -0.4927284420 0.0576574132 0.9964442849 -0.0614366420 0.4959230125 0.0248223450 0.8680116534
-233.4 360.4 2308.8 0 0 0 0 0 0 0 0 0
-15.3 -298.6 2414.5 0 0 0 0 0 0 0 0 0
-237.5 -846.1 2498.0 0 0 0 0 0 0 0 0 0
-81.6 -834.5 2513.3 0 0 0 0 0 0 0 0 0
-162.9 438.6 2379.4 09 0.9562081695 -0.0906352773 -0.2783006132 0.1961657703 0.9041358232 0.3795489669 0.2172210217 -0.4175208807 0.8823215961
-140.2 211.6 2484.2 0.9562081695 -0.0906352773 -0.2783006132 0.1961657703 0.9041358232 0.3795489669 0.2172210217 -0.4175208807 0.8823215961
-154.0 18.6 2499.7 0.9586656094 0.0713923201 -0.2754331827 -0.0462678038 0.9942406416 0.0966687873 0.2807482779 -0.0799293518 0.9564474225
-271.1 217.9 2445.8 0.4627153277 -0.8328293562 -0.3037922978 0.3297064006 0.4797739089 -0.8130871058 0.8229144812 0.2760656178 0.4965879023
-364.8 151.2 2279.2 -0.5252525806 -0.8328293562 -0.1746567190 -0.8423492312 0.4797739089 0.2454888970 -0.1206546202 0.2760656178 -0.9535356760
-9.2 205.3 2522.6 0.1814957112 0.3785094619 0.9076287150 -0.9756104350 0.1851828247 0.1178627983 -0.1234650612 -0.9068835974 0.4028876722
37.3 -44.7 2490.9 -0.1849185973 0.3813910484 0.9057295322 -0.9401932359 0.1996290982 -0.2760161161 -0.2860800624 -0.9026013017 0.3216661513
-251.7 -162.8 2488.6 0.9995872378 -0.0137735708 -0.0252127592 0.0151545200 0.9983477592 0.0554263145 0.0244076829 -0.0557855219 0.9981443882
-246.3 -550.4 2510.2 0.9992619753 -0.0303066093 -0.0236023832 0.0290665720 0.9982643723 -0.0512189269 0.0251136906 0.0504950844 0.9984084964
-79.8 -168.9 2538.9 0.8692768216 0.0621124171 -0.4904078245 -0.0735797584 0.9972808361 -0.0041142362 0.4888187945 0.0396604985 0.8714833260
-103.9 -556.1 2523.5 0.8659283519 -0.0812368616 -0.4935267568 0.0518398434 0.9959846735 -0.0729870945 0.4974743426 0.0376172401 0.8666626811
-233.7 361.4 2309.3 0 0 0 0 0 0 0 0 0
-13.5 -302.8 2412.4 0 0 0 0 0 0 0 0 0
-237.3 -846.9 2495.2 0 0 0 0 0 0 0 0 0
-81.2 -835.3 2512.9 0 0 0 0 0 0 0 0 0
-163.8 440.5 2382.7 10 0.9517868757 -0.1021291465 -0.2892601192 0.2036158741 0.9156057835 0.3467082977 0.2294391990 -0.3888903558 0.8922566772
-137.6 205.5 2482.5 0.9517868757 -0.1021291465 -0.2892601192 0.2036158741 0.9156057835 0.3467082977 0.2294391990 -0.3888903558 0.8922566772
-153.4 12.7 2498.5 0.9545857906 0.0813752264 -0.2866078317 -0.0538168848 0.9932488203 0.1027641669 0.2930353582 -0.0826728716 0.9525206089
-268.0 212.8 2442.5 0.4875806570 -0.8236025572 -0.2897307575 0.3050784469 0.4716508985 -0.8273285627 0.8180416822 0.3149987757 0.4812312722
-365.0 152.1 2279.7 -0.5270063877 -0.8236025572 -0.2096260339 -0.8416752815 0.4716508985 0.2629223168 -0.1176731810 0.3149987757 -0.9417689443
-7.2 198.1 2522.5 0.1808608770 0.3897207677 0.9029989243 -0.9754146338 0.1886273026 0.1139562503 -0.1259191334 -0.9014086127 0.4142546356
39.5 -53.6 2490.0 -0.2034697682 0.3910409808 0.8976007104 -0.9349107146 0.1946601570 -0.2967312336 -0.2907611728 -0.8995523453 0.3259809315
-253.8 -170.2 2490.1 0.9991242290 -0.0190436561 -0.0372581966 0.0210551415 0.9982993007 0.0543620922 0.0361595787 -0.0550989583 0.9978259206
-246.4 -557.8 2511.5 0.9989649057 -0.0292728487 -0.0348174721 0.0271134339 0.9977722764 -0.0609540977 0.0365242064 0.0599469803 0.9975331426
-82.0 -178.5 2540.4 0.8628955483 0.0623917095 -0.5015162230 -0.0710987002 0.9974677563 0.0017605860 0.5003560781 0.0341379493 0.8651464581
-106.2 -565.7 2527.1 0.8583436608 -0.0900230110 -0.5051158667 0.0518344305 0.9946649671 -0.0891894028 0.5104501843 0.0503727607 0.8584306836
-233.7 361.8 2309.1 0 0 0 0 0 0 0 0 0
-16.4 -310.3 2410.2 0 0 0 0 0 0 0 0 0
-237.8 -849.0 2494.0 0 0 0 0 0 0 0 0 0
-81.8 -835.5 2513.5 0 0 0 0 0 0 0 0 0
-163.8 443.6 2383.3 11 0.9474729896 -0.0979260206 -0.3044756055 0.2043446749 0.9176827669 0.3407368064 0.2460450232 -0.3850568831 0.8894903064
-138.7 208.3 2482.1 0.9474729896 -0.0979260206 -0.3044756055 0.2043446749 0.9176827669 0.3407368064 0.2460450232 -0.3850568831 0.8894903064
-153.1 15.5 2499.7 0.9505643845 0.0740250722 -0.3015752137 -0.0428043902 0.9931353927 0.1088570654 0.3075631559 -0.0905669034 0.9472077489
-268.5 214.1 2440.1 0.4846624732 -0.8265939355 -0.2860852480 0.3115699589 0.4687563777 -0.8265540600 0.8173288703 0.3114641607 0.4847304523
-364.5 152.4 2278.2 -0.5246691108 -0.8265939355 -0.2036290616 -0.8420636058 0.4687563777 0.2668263316 -0.1251046062 0.3114641607 -0.9419866800
-8.9 202.4 2524.1 0.1717991382 0.3998368084 0.9003419280 -0.9761398435 0.1922944188 0.1008656695 -0.1328009218 -0.8961882591 0.4233326614
38.1 -64.2 2487.8 -0.2176403999 0.3968737721 0.8916971684 -0.9343432784 0.1794289947 -0.3079088926 -0.2821972966 -0.9001646638 0.3317653239
-254.7 -175.3 2488.3 0.9984273911 -0.0197411682 -0.0524695255 0.0229375493 0.9978722334 0.0610319003 0.0511530414 -0.0621394441 0.9967557788
-247.0 -562.7 2512.4 0.9981412292 -0.0356254540 -0.0494465791 0.0321369134 0.9970545769 -0.0696376264 0.0517818108 0.0679191202 0.9963461161
-83.7 -184.9 2540.8 0.8560886383 0.0529714562 -0.5141072869 -0.0566461161 0.9983577728 0.0085397949 0.5137153864 0.0218113586 0.8576833606
-104.2 -572.5 2532.4 0.8518888354 -0.0849196017 -0.5167920589 0.0349319465 0.9937825799 -0.1057165638 0.5225563049 0.0720062181 0.8495587111
-233.8 362.2 2309.4 0 0 0 0 0 0 0 0 0
-21.7 -320.7 2410.3 0 0 0 0 0 0 0 0 0
-236.8 -849.5 2492.9 0 0 0 0 0 0 0 0 0
-81.5 -838.6 2513.1 0 0 0 0 0 0 0 0 0
-160.3 442.6 2393.1 12 0.9435747862 -0.0829508677 -0.3206022680 0.1879879832 0.9311828613 0.3123442829 0.2726300955 -0.3549895585 0.8942344189
-139.8 211.8 2481.1 0.9435747862 -0.0829508677 -0.3206022680 0.1879879832 0.9311828613 0.3123442829 0.2726300955 -0.3549895585 0.8942344189
-152.7 19.2 2501.4 0.9454121590 0.0666900873 -0.3189800084 -0.0293563679 0.9922850132 0.1204517707 0.3245520294 -0.1045124754 0.9400761127
-268.9 215.8 2436.8 0.4912522137 -0.8276984692 -0.2712683082 0.3395886421 0.4687955678 -0.8154203296 0.8020915389 0.3084574044 0.5113738775
-365.1 149.3 2279.8 -0.5218428969 -0.8276984692 -0.2063861042 -0.8451401591 0.4687955678 0.2568439841 -0.1158364862 0.3084574044 -0.9441588521
-10.6 207.8 2525.4 0.1682123691 0.4107723236 0.8960863352 -0.9757940769 0.1982640326 0.0922893807 -0.1397517771 -0.8899199367 0.4341796637
35.7 -61.1 2486.9 -0.2303734720 0.4023852348 0.8860102892 -0.9342627525 0.1632098407 -0.3170421124 -0.2721786499 -0.9008044600 0.3383342922
-252.6 -173.4 2489.7 0.9974241257 -0.0153990509 -0.0700573400 0.0197488479 0.9978915453 0.0618264042 0.0689575598 -0.0630506948 0.9956251383
-246.6 -560.8 2514.2 0.9973135591 -0.0283943415 -0.0675234199 0.0239418335 0.9975416660 -0.0658589676 0.0692274421 0.0640654042 0.9955416322
-82.3 -181.1 2544.8 0.8464146256 0.0586833060 -0.5292811394 -0.0619257018 0.9980130792 0.0116230939 0.5289115906 0.0229381490 0.8483669162
-105.1 -568.5 2535.9 0.8420779705 -0.0859977156 -0.5324556828 0.0290956851 0.9930122495 -0.1143681034 0.5385704637 0.0808146968 0.8386959434
-233.8 361.9 2308.9 0 0 0 0 0 0 0 0 0
-27.5 -317.7 2412.2 0 0 0 0 0 0 0 0 0
-238.4 -850.0 2495.6 0 0 0 0 0 0 0 0 0
-81.5 -841.2 2513.7 0 0 0 0 0 0 0 0 0
-159.9 439.7 2396.1 13 0.9355463386 -0.0813593864 -0.3437057734 0.1933418810 0.9323335290 0.3055700958 0.2955874205 -0.3523277342 0.8879714012
-140.3 215.6 2480.7 0.9355463386 -0.0813593864 -0.3437057734 0.1933418810 0.9323335290 0.3055700958 0.2955874205 -0.3523277342 0.8879714012
-153.0 23.0 2500.8 0.9373981953 0.0650557727 -0.3421291113 -0.0252944268 0.9925211072 0.1194235757 0.3473395705 -0.1032934934 0.9320330620
-268.3 219.1 2433.3 0.4998602867 -0.8248946071 -0.2639859021 0.3563311100 0.4736714959 -0.8053964376 0.7894098163 0.3085193038 0.5307051539
-365.2 150.0 2280.3 -0.5248709321 -0.8248946071 -0.2099031359 -0.8444452882 0.4736714959 0.2500949800 -0.1068768725 0.3085193038 -0.9451947808
-12.3 212.2 2528.2 0.1679328084 0.4309307635 0.8866212368 -0.9755384326 0.2020691037 0.0865613371 -0.1418568194 -0.8794695735 0.4543235600
33.8 -55.7 2489.2 -0.2206619978 0.4221508801 0.8792592883 -0.9354983568 0.1634503752 -0.3132519126 -0.2759548426 -0.8916684389 0.3588541746
-250.4 -170.8 2492.7 0.9954971075 -0.0095089609 -0.0943140313 0.0149392197 0.9982602000 0.0570385084 0.0936075673 -0.0581906475 0.9939071536
-246.7 -558.3 2515.2 0.9953451157 -0.0279239640 -0.0922405273 0.0210270807 0.9969682693 -0.0749139562 0.0940527767 0.0726256892 0.9929146767
-81.0 -176.0 2550.8 0.8321158886 0.0688986033 -0.5503054857 -0.0826782659 0.9965762496 -0.0002456695 0.5484044552 0.0457027294 0.8349633813
-107.8 -562.8 2533.0 0.8269121051 -0.0933268219 -0.5545327067 0.0393946469 0.9933232665 -0.1084296703 0.5609496236 0.0678161830 0.8250675797
-233.9 361.3 2307.0 0 0 0 0 0 0 0 0 0
-26.8 -312.5 2413.4 0 0 0 0 0 0 0 0 0
-238.6 -849.5 2494.0 0 0 0 0 0 0 0 0 0
-81.6 -841.5 2514.0 0 0 0 0 0 0 0 0 0
-159.1 434.7 2392.0 14 0.9360806346 -0.0785019621 -0.3429146707 0.1979010850 0.9234203696 0.3288312554 0.2908404768 -0.3756757379 0.8799315691
-140.5 216.7 2480.7 0.9360806346 -0.0785019621 -0.3429146707 0.1979010850 0.9234203696 0.3288312554 0.2908404768 -0.3756757379 0.8799315691
-152.7 24.1 2501.5 0.9378928542 0.0627101809 -0.3412103057 -0.0219347011 0.9922783375 0.1220758930 0.3462310135 -0.1070097610 0.9320262671
-268.6 219.7 2433.4 0.5043786764 -0.8221422434 -0.2639777660 0.3603895605 0.4782456458 -0.8008748293 0.7846792340 0.3088093698 0.5375083685
-366.1 150.0 2281.7 -0.5316438675 -0.8221422434 -0.2035606354 -0.8389735818 0.4782456458 0.2596237659 -0.1160956770 0.3088093698 -0.9440119863
-12.4 213.7 2528.0 0.1689599454 0.4311475158 0.8863207102 -0.9773566127 0.1895097345 0.0941278785 -0.1273833960 -0.8821552396 0.4534044564
33.3 -50.7 2493.5 -0.2190346420 0.4265311360 0.8775506020 -0.9337040782 0.1694488078 -0.3154105544 -0.2832323313 -0.8884583712 0.3611386716
-249.6 -167.4 2489.8 0.9956221581 -0.0056177671 -0.0933001712 0.0126008196 0.9971469641 0.0744255409 0.0926158801 -0.0752753764 0.9928523898
-247.4 -554.5 2519.0 0.9953643680 -0.0302907806 -0.0912809819 0.0227951501 0.9963660240 -0.0820677504 0.0934351683 0.0796065480 0.9924377203
-81.7 -171.9 2552.0 0.8325170875 0.0649257228 -0.5501817465 -0.0860402063 0.9962115884 -0.0126325283 0.5472772717 0.0578545444 0.8349493742
-106.9 -558.6 2529.5 0.8285549283 -0.0845930576 -0.5534805655 0.0438782200 0.9952908754 -0.0864333510 0.5581858754 0.0473290384 0.8283649683
-233.5 359.3 2310.7 0 0 0 0 0 0 0 0 0
-26.8 -307.1 2415.8 0 0 0 0 0 0 0 0 0
-238.3 -851.8 2495.2 0 0 0 0 0 0 0 0 0
-82.7 -843.2 2516.0 0 0 0 0 0 0 0 0 0
-159.2 439.8 2392.0 15 0.9345180392 -0.0775008872 -0.3473753035 0.1957744956 0.9270192385 0.3198557794 0.2972344756 -0.3669182360 0.8814889193
-140.5 216.1 2480.6 0.9345180392 -0.0775008872 -0.3473753035 0.1957744956 0.9270192385 0.3198557794 0.2972344756 -0.3669182360 0.8814889193
-152.2 23.3 2500.1 0.9364864230 0.0600827858 -0.3455188572 -0.0212101899 0.9931150675 0.1152066439 0.3500619233 -0.1005609334 0.9313131571
-268.4 219.0 2432.7 0.5024476051 -0.8241682649 -0.2613293529 0.3539205790 0.4718222916 -0.8075419068 0.7888514400 0.3132576644 0.5287560821
-365.9 150.3 2279.7 -0.5277928114 -0.8241682649 -0.2053811103 -0.8404615521 0.4718222916 0.2664734125 -0.1227155402 0.3132576644 -0.9417061806
-12.6 213.2 2528.4 0.1748678386 0.4343129992 0.8836251497 -0.9757961035 0.1961384863 0.0967037529 -0.1313132048 -0.8791484237 0.4580992460
34.1 -47.3 2493.3 -0.2163919955 0.4295417368 0.8767373562 -0.9324653149 0.1751521081 -0.3159591258 -0.2892800272 -0.8858982325 0.3626312613
-248.9 -166.6 2491.3 0.9952047467 -0.0049952413 -0.0976861939 0.0111674685 0.9979674220 0.0627399758 0.0971742347 -0.0635300279 0.9932376742
-247.0 -554.0 2515.9 0.9949393272 -0.0289776698 -0.0962079540 0.0225220025 0.9974635839 -0.0675218776 0.0979205593 0.0650133789 0.9930683970
-80.9 -170.5 2553.3 0.8300778270 0.0695589781 -0.5532922745 -0.0927311406 0.9955933690 -0.0139557440 0.5498834252 0.0628917813 0.8328702450
-107.9 -557.0 2528.9 0.8259444833 -0.0878189877 -0.5568694472 0.0479853600 0.9951590300 -0.0857662708 0.5617055893 0.0441165976 0.8261601329
-233.9 360.5 2310.4 0 0 0 0 0 0 0 0 0
-25.3 -303.3 2413.9 0 0 0 0 0 0 0 0 0
-238.4 -850.2 2496.6 0 0 0 0 0 0 0 0 0
-82.8 -840.8 2516.3 0 0 0 0 0 0 0 0 0
-156.0 439.0 2392.0 16 0.9393230081 -0.0636090636 -0.3370847702 0.1802159250 0.9276309013 0.3271439075 0.2918809354 -0.3680418432 0.8828084469
-140.7 215.7 2480.6 0.9393230081 -0.0636090636 -0.3370847702 0.1802159250 0.9276309013 0.3271439075 0.2918809354 -0.3680418432 0.8828084469
-152.0 23.0 2500.7 0.9398658276 0.0583919547 -0.3365153074 -0.0196080562 0.9928770065 0.1175194159 0.3409805000 -0.1038540751 0.9343160987
-269.1 218.4 2434.0 0.5057433248 -0.8203105927 -0.2670472562 0.3525772989 0.4790642858 -0.8038573861 0.7873455286 0.3123906851 0.5315064192
-367.0 150.2 2281.6 -0.5346965790 -0.8203105927 -0.2029534727 -0.8362413645 0.4790642858 0.2668290734 -0.1216549575 0.3123906851 -0.9421316981
-12.3 213.1 2527.1 0.1634276956 0.4278057516 0.8889733553 -0.9790582061 0.1812066287 0.0927856788 -0.1213936135 -0.8855203986 0.4484609067
31.2 -47.4 2494.8 -0.1917332262 0.4313154221 0.8815925121 -0.9332243204 0.1979832649 -0.2998248637 -0.3038596511 -0.8802099824 0.3645541072
-247.7 -167.6 2488.2 0.9961154461 -0.0013386363 -0.0880467519 0.0069543617 0.9979572892 0.0635054186 0.0877818838 -0.0638710335 0.9940899611
-247.2 -555.0 2513.0 0.9957836270 -0.0285204127 -0.0871865824 0.0231570248 0.9978123903 -0.0619204789 0.0887618512 0.0596404187 0.9942657351
-79.9 -171.4 2551.0 0.8352263570 0.0700043291 -0.5454322696 -0.0939804018 0.9954430461 -0.0161515661 0.5418160558 0.0647501573 0.8379992843
-107.1 -557.8 2525.8 0.8310242891 -0.0898488536 -0.5489315391 0.0522033423 0.9951101542 -0.0838488117 0.5537810326 0.0410243422 0.8316510916
-233.6 358.8 2311.9 0 0 0 0 0 0 0 0 0
-21.5 -303.6 2411.4 0 0 0 0 0 0 0 0 0
-238.8 -848.7 2495.5 0 0 0 0 0 0 0 0 0
-81.7 -839.4 2514.2 0 0 0 0 0 0 0 0 0
-156.9 442.2 2396.0 17 0.9620768428 -0.0271759517 -0.2714215517 0.1125822738 0.9458834529 0.3043513298 0.2484621257 -0.3233666122 0.9130720496
-150.9 233.1 2467.5 0.9620768428 -0.0271759517 -0.2714215517 0.1125822738 0.9458834529 0.3043513298 0.2484621257 -0.3233666122 0.9130720496
-157.5 42.3 2500.1 0.9616048336 0.0362122282 -0.2720383406 0.0117272828 0.9849288464 0.1725620031 0.2741872668 -0.1691267192 0.9466876388
-281.9 231.8 2430.2 0.4615447521 -0.8397843242 -0.2858998179 0.4707592726 0.5050151944 -0.7234261036 0.7519056797 0.1993035525 0.6284233928
-372.8 139.1 2282.1 -0.5257543921 -0.8397843242 -0.1354422420 -0.8480345607 0.5050151944 0.1606146544 -0.0664812773 0.1993035525 -0.9776800871
-19.9 234.4 2504.7 0.1766324788 0.3670098484 0.9132933617 -0.9835501909 0.1014609784 0.1494478434 -0.0378148034 -0.9246671796 0.3788939118
31.2 -49.8 2493.8 -0.1835494190 0.3910312653 0.9018892050 -0.9356659055 0.2118045986 -0.2822554410 -0.3013949990 -0.8956748247 0.3269979954
-247.6 -167.7 2490.6 0.9998261333 -0.0002615002 -0.0186446868 0.0015691926 0.9975346923 0.0701574832 0.0185803752 -0.0701745450 0.9973616600
-247.5 -555.2 2517.9 0.9993613958 -0.0306256171 -0.0184092317 0.0291560907 0.9967275858 -0.0753928721 0.0206579417 0.0748079866 0.9969839454
-79.2 -171.5 2551.4 0.8700962067 0.0667384267 -0.4883427024 -0.0871581957 0.9960099459 -0.0191748179 0.4851144850 0.0592470057 0.8724412322
-105.1 -558.2 2528.4 0.8673315644 -0.0793936104 -0.4913579226 0.0480849370 0.9959441423 -0.0760464370 0.4954026639 0.0423305593 0.8676314354
-259.4 322.0 2296.5 0 0 0 0 0 0 0 0 0
-19.2 -306.7 2411.0 0 0 0 0 0 0 0 0 0
-238.6 -846.8 2496.0 0 0 0 0 0 0 0 0 0
-82.7 -838.8 2516.5 0 0 0 0 0 0 0 0 0
-156.7 439.0 2394.0 18 0.9558544159 0.0152503075 -0.2934446931 0.0966102630 0.9268215895 0.3628610969 0.2775046229 -0.3751921356 0.8844331503
-160.0 242.9 2473.4 0.9558544159 0.0152503075 -0.2934446931 0.0966102630 0.9268215895 0.3628610969 0.2775046229 -0.3751921356 0.8844331503
-156.5 51.5 2502.7 0.9558811188 -0.0166538805 -0.2932812870 0.0601374246 0.9883403778 0.1398811787 0.2875321805 -0.1513469517 0.9457374811
-290.2 234.8 2434.1 0.4074501097 -0.8444898129 -0.3475936055 0.4740868807 0.5209142566 -0.7098520994 0.7805293202 0.1244397461 0.6126081347
-369.5 142.6 2282.2 -0.5310047269 -0.8444898129 -0.0697915852 -0.8446522355 0.5209142566 0.1233324781 -0.0677975938 0.1244397461 -0.9899082184
-29.7 250.9 2512.6 0.2106436193 0.3748685420 0.9028304815 -0.9762656689 0.1282320321 0.1745333076 -0.0503447354 -0.9181666970 0.3929825425
30.8 -29.6 2498.1 -0.1789876372 0.3898899555 0.9032990932 -0.9405335188 0.2016257197 -0.2733930647 -0.2887215316 -0.8985170722 0.3306160569
-250.0 -149.2 2508.4 0.9994028211 -0.0073309639 -0.0337676778 0.0074650282 0.9999647141 0.0038458297 0.0337382928 -0.0040956098 0.9994223118
-247.2 -536.7 2510.0 0.9990334511 -0.0286078043 -0.0333728530 0.0271064155 0.9986369014 -0.0446049273 0.0346034132 0.0436571985 0.9984471202
-78.2 -147.6 2557.1 0.8646777868 0.0768554583 -0.4964126945 -0.1086235419 0.9934524894 -0.0353981964 0.4904418886 0.0845301375 0.8673646450
-108.0 -533.1 2524.3 0.8626220822 -0.0852623880 -0.4986114800 0.0596758164 0.9959622622 -0.0670671239 0.5023165345 0.0280985385 0.8642271757
-244.8 340.9 2298.1 0 0 0 0 0 0 0 0 0
-18.4 -287.8 2418.8 0 0 0 0 0 0 0 0 0
-238.2 -850.5 2496.3 0 0 0 0 0 0 0 0 0
-82.0 -836.5 2515.7 0 0 0 0 0 0 0 0 0
-157.1 434.1 2392.0 19 0.9776209593 0.0144855632 -0.2098746747 0.0570036247 0.9420650601 0.3305509984 0.2025038153 -0.3351172209 0.9201568365
-160.1 240.0 2461.0 0.9776209593 0.0144855632 -0.2098746747 0.0570036247 0.9420650601 0.3305509984 0.2025038153 -0.3351172209 0.9201568365
-159.7 50.5 2500.6 0.9775035977 0.0007490956 -0.2109174728 0.0421990678 0.9790803194 0.1990502030 0.2066542506 -0.2034728080 0.9570229053
-293.0 234.6 2432.9 0.3929183483 -0.8548263907 -0.3389498591 0.4933661222 0.5070175529 -0.7067694664 0.7760187387 0.1104763150 0.6209588647
-372.6 134.6 2275.6 -0.5153791904 -0.8548263907 -0.0604659431 -0.8543469906 0.5070175529 0.1141245589 -0.0668993890 0.1104763150 -0.9916246533
-27.3 245.3 2489.2 0.2082979679 0.3127828836 0.9267032146 -0.9766035080 0.0147288516 0.2145428956 0.0534560680 -0.9497104287 0.3085328341
27.5 -11.6 2503.3 -0.1566477716 0.3554726243 0.9214665890 -0.9423467517 0.2255472690 -0.2472063601 -0.2957093716 -0.9070653915 0.2996470034
-238.4 -145.0 2506.4 0.9988766313 0.0065372991 0.0469328202 -0.0060712821 0.9999309182 -0.0100651374 -0.0469953753 0.0097688884 0.9988473654
-240.9 -532.8 2502.6 0.9988641739 -0.0085431421 0.0468764417 0.0094162608 0.9997856617 -0.0184368677 -0.0467088856 0.0188573264 0.9987305403
-67.6 -134.5 2557.7 0.8928334713 0.1242975593 -0.4328954518 -0.1564942747 0.9868928194 -0.0393974185 0.4223244190 0.1029209942 0.9005827904
-115.8 -517.1 2517.8 0.8938801885 -0.1074597910 -0.4352363050 0.0909643993 0.9941267967 -0.0586288162 0.4389803112 0.0128161293 0.8984052539
-265.0 313.0 2289.6 0 0 0 0 0 0 0 0 0
-15.5 -270.3 2422.1 0 0 0 0 0 0 0 0 0
-238.3 -847.4 2496.6 0 0 0 0 0 0 0 0 0
-81.5 -834.3 2513.8 0 0 0 0 0 0 0 0 0
-160.5 444.7 2402.0 20 0.9525496960 -0.0396793187 -0.3017857075 0.1269790977 0.9528753757 0.2755082250 0.2766322196 -0.3007557690 0.9126996398
-151.5 228.6 2470.2 0.9525496960 -0.0396793187 -0.3017857075 0.1269790977 0.9528753757 0.2755082250 0.2766322196 -0.3007557690 0.9126996398
-154.5 37.7 2503.0 0.9535721540 0.0184300300 -0.3006002307 0.0337194093 0.9853163362 0.1673761159 0.2992710471 -0.1697412729 0.9389487505
-280.9 224.4 2429.5 0.4578679204 -0.8380010724 -0.2968351543 0.4344843030 0.5022276044 -0.7476568818 0.7756161094 0.2133578956 0.5940522552
-369.4 140.4 2279.6 -0.5257499218 -0.8380010724 -0.1460861266 -0.8478121161 0.5022276044 0.1702412069 -0.0692938343 0.2133578956 -0.9745135903
-22.2 232.8 2510.8 0.1953394711 0.3885968626 0.9004637599 -0.9802356362 0.1066760123 0.1666083187 -0.0313144140 -0.9152118564 0.4017545283
27.4 -15.7 2502.9 -0.1456996202 0.4102254212 0.9002703428 -0.9398074150 0.2269050181 -0.2554919124 -0.3090851307 -0.8833058476 0.3524729013
-246.0 -143.2 2520.7 0.9986420274 -0.0210260283 -0.0476654358 0.0197647754 0.9994459748 -0.0267792307 0.0482020900 0.0258007683 0.9985043406
-237.9 -530.0 2510.7 0.9988740683 0.0026464604 -0.0473667122 -0.0045797974 0.9991586804 -0.0407545082 0.0472190082 0.0409255512 0.9980458021
-72.2 -135.5 2558.6 0.8504239917 0.1116780192 -0.5141080618 -0.1614774615 0.9854497313 -0.0530457050 0.5007036328 0.1281282008 0.8560835719
-115.5 -517.7 2508.9 0.8510743976 -0.1102434397 -0.5133407712 0.1007616594 0.9938290715 -0.0463775098 0.5152857900 -0.0122543536 0.8569307923
-247.8 336.5 2295.6 0 0 0 0 0 0 0 0 0
-12.6 -273.7 2418.0 0 0 0 0 0 0 0 0 0
-238.7 -847.5 2497.7 0 0 0 0 0 0 0 0 0
-80.3 -834.3 2512.8 0 0 0 0 0 0 0 0 0
-157.0 448.7 2407.0 21 0.9465040565 -0.0413454734 -0.3200321198 0.1298080534 0.9567606449 0.2603055239 0.2954317033 -0.2879229784 0.9109448195
-147.2 222.1 2475.2 0.9465040565 -0.0413454734 -0.3200321198 0.1298080534 0.9567606449 0.2603055239 0.2954317033 -0.2879229784 0.9109448195
-151.1 30.3 2503.6 0.9475530386 0.0215743463 -0.3188695610 0.0265794117 0.9889431000 0.1458941549 0.3184913993 -0.1467178017 0.9365025759
-276.2 218.7 2431.8 0.4696130455 -0.8344024420 -0.2885067761 0.3901414871 0.4892735183 -0.7800006866 0.7919932008 0.2537400126 0.5553042293
-367.2 143.1 2278.4 -0.5253371000 -0.8344024420 -0.1667137891 -0.8452750444 0.4892735183 0.2147592604 -0.0976270139 0.2537400126 -0.9623330832
-18.3 225.4 2518.5 0.1842285693 0.4025966525 0.8966469765 -0.9798527360 0.1468130350 0.1354049444 -0.0771258846 -0.9035274386 0.4215326011
29.5 -28.8 2498.5 -0.1565206349 0.4148379564 0.8963318467 -0.9404904842 0.2145474404 -0.2635280490 -0.3016271293 -0.8842391372 0.3565700650
-242.1 -156.2 2508.7 0.9976717830 -0.0078647248 -0.0677434206 0.0074114492 0.9999484420 -0.0069397967 0.0677945092 0.0064215623 0.9976786375
-239.0 -543.8 2506.2 0.9977108836 -0.0037945618 -0.0675177053 0.0015841174 0.9994619489 -0.0327622034 0.0676056966 0.0325802490 0.9971800447
-72.6 -150.4 2562.4 0.8409139514 0.1084762812 -0.5301855206 -0.1696888804 0.9831498265 -0.0679862201 0.5138769150 0.1471371353 0.8451516032
-114.7 -531.8 2505.4 0.8421763182 -0.1139469147 -0.5270248055 0.1086599529 0.9932286739 -0.0411071852 0.5281401873 -0.0226469915 0.8488551378
-239.8 348.1 2302.1 0 0 0 0 0 0 0 0 0
-13.4 -287.0 2415.7 0 0 0 0 0 0 0 0 0
-237.9 -847.3 2496.3 0 0 0 0 0 0 0 0 0
-80.3 -831.4 2512.2 0 0 0 0 0 0 0 0 0
-156.1 449.5 2404.5 22 0.9534999728 -0.0235347226 -0.3004728556 0.1038546860 0.9615457654 0.2542516887 0.2829346657 -0.2736344934 0.9192780852
-150.9 238.6 2464.5 0.9534999728 -0.0235347226 -0.3004728556 0.1038546860 0.9615457654 0.2542516887 0.2829346657 -0.2736344934 0.9192780852
-152.1 48.2 2500.8 0.9539553523 0.0072659985 -0.2998605669 0.0494432636 0.9822217822 0.1810957938 0.2958454192 -0.1875833869 0.9366365075
-280.9 232.0 2424.2 0.4680346251 -0.8476121426 -0.2499945760 0.4929102957 0.4851921201 -0.7222382426 0.7334732413 0.2148075849 0.6448834538
-372.6 135.4 2280.5 -0.5117421150 -0.8476121426 -0.1402629465 -0.8544939160 0.4851921201 0.1855500042 -0.0892199576 0.2148075849 -0.9725726247
-20.9 245.1 2504.8 0.1899583489 0.3829214573 0.9040392637 -0.9812807441 0.1037665308 0.1622363478 -0.0316852406 -0.9179344773 0.3954647779
34.1 -38.5 2495.6 -0.1869305521 0.4039118290 0.8954955339 -0.9372918606 0.1996427178 -0.2857038975 -0.2941783369 -0.8927474618 0.3412639499
-239.4 -163.8 2503.3 0.9989576936 0.0014213467 -0.0456237979 -0.0005800080 0.9998296499 0.0184487291 0.0456422456 -0.0184030384 0.9987882972
-240.0 -551.5 2510.4 0.9989376068 -0.0065024393 -0.0456225723 0.0044625807 0.9989917278 -0.0446718261 0.0458670519 0.0444207713 0.9979594350
-70.3 -158.1 2560.6 0.8517390490 0.1073530167 -0.5128507614 -0.1595879942 0.9854330420 -0.0587658845 0.4990713596 0.1318980157 0.8564640284
-112.1 -541.6 2509.2 0.8531290889 -0.1014652997 -0.5117377639 0.0890538022 0.9948312640 -0.0487876125 0.5140429735 -0.0039500617 0.8577553630
-263.5 317.6 2299.5 0 0 0 0 0 0 0 0 0
-17.2 -295.8 2414.9 0 0 0 0 0 0 0 0 0
-238.0 -846.0 2497.3 0 0 0 0 0 0 0 0 0
-82.7 -829.2 2510.4 0 0 0 0 0 0 0 0 0
-156.6 444.8 2405.2 23 0.9306584597 -0.0199749842 -0.3653433919 0.1143948138 0.9643371105 0.2386792600 0.3475465775 -0.2639222741 0.8997535110
-152.4 242.6 2460.6 0.9306584597 -0.0199749842 -0.3653433919 0.1143948138 0.9643371105 0.2386792600 0.3475465775 -0.2639222741 0.8997535110
-151.2 52.9 2500.9 0.9311038256 -0.0062973248 -0.3646999300 0.0814687014 0.9781829119 0.1911047250 0.3555397987 -0.2076499760 0.9113028646
-279.1 231.5 2412.2 0.5472906232 -0.8102907538 -0.2095276713 0.5154460669 0.5235625505 -0.6783786416 0.6593847871 0.2632700801 0.7042020559
-384.6 132.2 2285.2 -0.5596340895 -0.8102907538 -0.1738923192 -0.8246209621 0.5235625505 0.2142021358 -0.0825225040 0.2632700801 -0.9611861706
-25.6 253.6 2508.9 0.2067321390 0.4335946739 0.8770732284 -0.9778841138 0.1206081510 0.1708694547 -0.0316941030 -0.8930001855 0.4489389062
32.8 -22.5 2500.0 -0.2035427541 0.4456751049 0.8717476726 -0.9357973337 0.1732129604 -0.3070515096 -0.2878431976 -0.8782773018 0.3818053305
-238.4 -146.6 2510.6 0.9937342405 0.0152168572 -0.1107281446 -0.0148216020 0.9998804927 0.0043918863 0.1107817441 -0.0027231993 0.9938410521
-244.3 -534.4 2511.6 0.9935153723 -0.0225297250 -0.1114435270 0.0163762197 0.9983061552 -0.0558268204 0.1125125289 0.0536397807 0.9922014475
-67.9 -137.4 2563.6 0.8180238605 0.1100448593 -0.5645592213 -0.1629377902 0.9856563210 -0.0439645499 0.5516232848 0.1279520839 0.8242208362
-110.7 -520.4 2513.9 0.8193264604 -0.0900445059 -0.5662121177 0.0684108287 0.9958883524 -0.0593831763 0.5692311525 0.0099191694 0.8221176863
-259.7 316.2 2303.6 0 0 0 0 0 0 0 0 0
-23.1 -279.3 2421.0 0 0 0 0 0 0 0 0 0
-237.3 -845.6 2494.9 0 0 0 0 0 0 0 0 0
-82.5 -831.7 2510.8 0 0 0 0 0 0 0 0 0
-153.8 442.2 2402.1 24 0.9414821267 -0.0220397841 -0.3363415897 0.1198984906 0.9544925690 0.2730720341 0.3150170743 -0.2974192798 0.9012802243
-148.8 223.1 2470.4 0.9414821267 -0.0220397841 -0.3363415897 0.1198984906 0.9544925690 0.2730720341 0.3150170743 -0.2974192798 0.9012802243
-153.1 31.9 2501.1 0.9415041804 0.0215458311 -0.3363117874 0.0331283845 0.9872032404 0.1559880674 0.3353689909 -0.1580048949 0.9287422299
-277.0 218.6 2424.8 0.5223934054 -0.8079559803 -0.2726028264 0.4175452590 0.5211188197 -0.7443729639 0.7434790730 0.2750315070 0.6095871925
-375.6 139.8 2284.6 -0.5613395572 -0.8079559803 -0.1791789234 -0.8226410151 0.5211188197 0.2273696512 -0.0903311521 0.2750315070 -0.9571822882
-20.5 227.7 2515.9 0.1985953003 0.4184045196 0.8862829804 -0.9782773256 0.1394714713 0.1533661187 -0.0594421178 -0.8974883556 0.4370140433
