-243.0 516.4 2308.7  0.9784273505 0.1042465195 -0.1783609688 -0.0636886507 0.9735065103 0.2196105719 0.1965291947 -0.2035134137 0.9591447115
-269.2 271.8 2359.9 0.9784273505 0.1042465195 -0.1783609688 -0.0636886507 0.9735065103 0.2196105719 0.1965291947 -0.2035134137 0.9591447115
-267.8 80.6 2401.4 0.9838284850 -0.0077876798 -0.1789436936 0.0455349945 0.9771052599 0.2078264952 0.1732283384 -0.2126138359 0.9616585970
-409.4 265.2 2335.2 0.4493080080 -0.5184187889 -0.7275742292 0.8741047978 0.0868568197 0.4779087007 -0.1845620871 -0.8507043123 0.4921778142
-515.5 58.7 2378.8 -0.4899809957 -0.5184187889 -0.7008284926 0.7851503491 0.0868568197 -0.6131842136 0.3787579536 -0.8507043123 0.3644784987
-129.1 278.3 2384.6 0.4349753857 0.8309895992 0.3467747271 -0.2362403274 0.4769433439 -0.8465905786 -0.8688998222 0.2863238752 0.4037718773
-42.7 231.4 2212.1 -0.4946957529 0.8309895992 0.2544256747 0.8689864874 0.4769433439 0.1318616718 -0.0117709525 0.2863238752 -0.9580605626
-363.3 -109.0 2440.4 0.9652948380 0.1644257009 -0.2029040456 -0.1907353252 0.9745654464 -0.1176527813 0.1783981323 0.1522705853 0.9721047878
-427.7 -490.6 2380.8 0.9734876156 0.0447087027 -0.2243278623 -0.1030866653 0.9612230659 -0.2557798922 0.2041935325 0.2721237838 0.9403476119
-186.2 -101.1 2475.4 -0.7917417884 -0.0411554500 0.6094679236 -0.0115634650 0.9985588193 0.0524077751 -0.6107464433 0.0344458632 -0.7910766602
-170.1 -492.1 2461.9 -0.8012302518 -0.0849552155 0.5922943950 0.0671295300 0.9708574414 0.2300639749 -0.5945785642 0.2240946740 -0.7721773386
-384.2 -151.8 2277.2 0 0 0 0 0 0 0 0 0
-168.6 452.5 2209.1 0 0 0 0 0 0 0 0 0
-440.5 -765.2 2303.0 0 0 0 0 0 0 0 0 0
-146.7 -759.1 2400.3 0 0 0 0 0 0 0 0 0
-243.5 518.2 2309.0  0.9791467190 0.1065138951 -0.1729926616 -0.0676652119 0.9739003778 0.2166551501 0.1915543973 -0.2004315853 0.9607986808
-270.4 271.9 2359.7 0.9791467190 0.1065138951 -0.1729926616 -0.0676652119 0.9739003778 0.2166551501 0.1915543973 -0.2004315853 0.9607986808
-267.9 81.2 2403.3 0.9848425984 -0.0130078364 -0.1729619503 0.0510370284 0.9747707844 0.2172950804 0.1657717228 -0.2228289247 0.9606596828
-410.7 264.6 2336.0 0.4348613322 -0.5194075704 -0.7356027365 0.8844977617 0.0930679217 0.4571675062 -0.1689952463 -0.8494434357 0.4998864532
-514.2 54.2 2376.2 -0.4820460677 -0.5194075704 -0.7055829763 0.7888773084 0.0930679217 -0.6074627638 0.3811878860 -0.8494434357 0.3648858070
-130.1 279.2 2383.3 0.4504749775 0.8048791885 0.3863182962 -0.2026600093 0.5136013031 -0.8337521553 -0.8694832921 0.2972931862 0.3944813609
-41.9 239.6 2213.2 -0.5215395689 0.8048791885 0.2831359804 0.8512152433 0.5136013031 0.1079180166 -0.0585580505 0.2972931862 -0.9529888034
-355.3 -114.7 2427.3 0.9637948275 0.1850178838 -0.1920100600 -0.2046570778 0.9748791456 -0.0878982469 0.1709238589 0.1240120977 0.9774487615
-427.7 -496.2 2378.7 0.9743384719 0.0422838069 -0.2210804522 -0.0995906889 0.9618099928 -0.2549571991 0.2018568367 0.2704321742 0.9413396120
-177.5 -106.4 2458.6 -0.7962694764 -0.0203673951 0.6045990586 -0.0117947618 0.9997657537 0.0181456022 -0.6048270464 0.0073176879 -0.7963232398
-169.5 -497.7 2455.7 -0.8039109111 -0.0865432620 0.5884195566 0.0538849756 0.9746891260 0.2169735879 -0.5923036933 0.2061344087 -0.7788997889
-384.9 -157.3 2274.0 0 0 0 0 0 0 0 0 0
-174.9 456.7 2198.3 0 0 0 0 0 0 0 0 0
-439.6 -767.7 2302.4 0 0 0 0 0 0 0 0 0
-146.2 -759.9 2400.3 0 0 0 0 0 0 0 0 0
-243.6 515.3 2309.1  0.9790102839 0.1143072397 -0.1687387079 -0.0759023130 0.9728473425 0.2186478227 0.1891500205 -0.2012508065 0.9611037374
-272.1 273.0 2359.3 0.9790102839 0.1143072397 -0.1687387079 -0.0759023130 0.9728473425 0.2186478227 0.1891500205 -0.2012508065 0.9611037374
-269.7 82.4 2403.8 0.9856179953 -0.0120982053 -0.1685551107 0.0499422625 0.9737339020 0.2221443057 0.1614402682 -0.2273674458 0.9603338242
-412.6 265.9 2336.3 0.4269607663 -0.5289016962 -0.7334626913 0.8866771460 0.0856498033 0.4543871582 -0.1775052100 -0.8443500996 0.5055341721
-514.8 53.5 2378.8 -0.4881274402 -0.5289016962 -0.6942583323 0.7831649780 0.0856498033 -0.6158869863 0.3852067292 -0.8443500996 0.3724092543
-131.6 280.2 2382.3 0.4671795964 0.7787278295 0.4187196791 -0.1729549468 0.5449180007 -0.8204577565 -0.8670812249 0.3108814955 0.3892594278
-39.9 246.2 2212.1 -0.5431047082 0.7787278295 0.3140386045 0.8336015940 0.5449180007 0.0904032141 -0.1007257923 0.3108814955 -0.9450963140
-354.4 -114.3 2431.9 0.9635388851 0.1860426962 -0.1923043877 -0.2086638659 0.9723545313 -0.1048145592 0.1674880534 0.1411198825 0.9757217765
-427.2 -494.9 2376.6 0.9751203060 0.0434880406 -0.2173689008 -0.0977233648 0.9644761682 -0.2454300374 0.1989738494 0.2605658174 0.9447300434
-176.4 -105.0 2461.8 -0.7988227010 -0.0154479928 0.6013681293 -0.0117336875 0.9998801351 0.0100986492 -0.6014521122 0.0010107642 -0.7989082336
-170.3 -496.5 2461.4 -0.8080956340 -0.0907460526 0.5820193887 0.0623653755 0.9693285823 0.2377239168 -0.5857405663 0.2284015119 -0.7776507735
-383.9 -156.4 2275.5 0 0 0 0 0 0 0 0 0
-179.3 460.1 2186.3 0 0 0 0 0 0 0 0 0
-439.6 -769.4 2302.5 0 0 0 0 0 0 0 0 0
-145.8 -757.9 2399.8 0 0 0 0 0 0 0 0 0
-241.3 511.4 2303.2  0.9805272222 0.1230691522 -0.1530369669 -0.0820222944 0.9646974206 0.2502624094 0.1784339547 -0.2328366786 0.9560064673
-271.9 271.3 2361.2 0.9805272222 0.1230691522 -0.1530369669 -0.0820222944 0.9646974206 0.2502624094 0.1784339547 -0.2328366786 0.9560064673
-270.9 79.8 2401.6 0.9877606034 -0.0056743328 -0.1558743268 0.0377022959 0.9783905149 0.2032992095 0.1513523757 -0.2066877633 0.9666295052
-412.7 265.9 2339.6 0.4114251435 -0.4897746146 -0.7686677575 0.9017136693 0.0958240852 0.4215806425 -0.1328226179 -0.8665671349 0.4810608923
-512.6 46.9 2371.9 -0.5004910827 -0.4897746146 -0.7138834000 0.7829528451 0.0958240852 -0.6146565080 0.3694503903 -0.8665671349 0.3355113268
-131.2 276.7 2382.7 0.4623539448 0.7502842546 0.4725488126 -0.1225899681 0.5819032192 -0.8039653897 -0.8781802654 0.3137868345 0.3610225916
-40.6 252.7 2210.6 -0.5648408532 0.7502842546 0.3435525298 0.8108652234 0.5819032192 0.0623397157 -0.1531418264 0.3137868345 -0.9370621443
-356.5 -112.8 2433.7 0.9682624936 0.1735337973 -0.1798716187 -0.1951260418 0.9745738506 -0.1101437360 0.1561845243 0.1417456865 0.9775042534
-424.4 -494.4 2378.2 0.9776722193 0.0520143062 -0.2035966367 -0.1039214432 0.9617851973 -0.2533171475 0.1826401055 0.2688191831 0.9457160234
-178.3 -103.7 2462.9 -0.8051825762 -0.0188322105 0.5927278996 -0.0173173156 0.9998160601 0.0082418034 -0.5927740932 -0.0036283003 -0.8053606153
-170.9 -495.3 2464.3 -0.8156863451 -0.0944447741 0.5707328320 0.0622224845 0.9665361047 0.2488700747 -0.5751383305 0.2385123372 -0.7825137377
-378.5 -163.0 2272.8 0 0 0 0 0 0 0 0 0
-186.8 462.6 2171.0 0 0 0 0 0 0 0 0 0
-439.2 -768.2 2301.7 0 0 0 0 0 0 0 0 0
-145.0 -761.0 2398.7 0 0 0 0 0 0 0 0 0
-240.9 512.2 2298.7  0.9794375300 0.1180796772 -0.1635826230 -0.0718207434 0.9617825150 0.2642275393 0.1885308176 -0.2470457405 0.9504864812
-270.5 270.7 2360.8 0.9794375300 0.1180796772 -0.1635826230 -0.0718207434 0.9617825150 0.2642275393 0.1885308176 -0.2470457405 0.9504864812
-269.2 79.6 2403.2 0.9860092402 -0.0071392488 -0.1665378660 0.0429771356 0.9761929512 0.2126037180 0.1610552520 -0.2167865485 0.9628420472
-411.1 264.6 2337.8 0.4060234427 -0.4955662191 -0.7678275108 0.9035807252 0.0920188874 0.4184188843 -0.1366996169 -0.8636820316 0.4851459265
-510.7 42.9 2371.4 -0.4996194839 -0.4955662191 -0.7104889154 0.7831947207 0.0920188874 -0.6149297357 0.3701168001 -0.8636820316 0.3421503901
-130.0 276.9 2383.7 0.4530774951 0.7381996512 0.4997820556 -0.1082047895 0.6020195484 -0.7911157608 -0.8848799467 0.3043579161 0.3526382446
-40.6 255.5 2209.0 -0.5763853192 0.7381996512 0.3504871726 0.7973108292 0.6020195484 0.0432188660 -0.1790959835 0.3043579161 -0.9355698228
-359.1 -115.2 2428.4 0.9679711461 0.1654249728 -0.1888556033 -0.1860295683 0.9777392149 -0.0970517918 0.1685967445 0.1290760636 0.9771972895
-423.9 -498.1 2377.9 0.9754808545 0.0555260330 -0.2129646987 -0.1099007279 0.9612646699 -0.2527688444 0.1906801909 0.2699761391 0.9437975883
-180.5 -108.4 2455.8 -0.7988432050 -0.0251090322 0.6010150313 -0.0323197506 0.9994768500 -0.0012021621 -0.6006704569 -0.0203849953 -0.7992368340
-170.7 -499.8 2463.8 -0.8121623397 -0.0961962566 0.5754464269 0.0625784844 0.9662606120 0.2498487085 -0.5800657272 0.2389282882 -0.7787407041
-376.7 -167.1 2272.1 0 0 0 0 0 0 0 0 0
-191.9 464.9 2162.0 0 0 0 0 0 0 0 0 0
-439.5 -768.2 2302.0 0 0 0 0 0 0 0 0 0
-144.6 -761.7 2399.0 0 0 0 0 0 0 0 0 0
-240.0 508.8 2297.0  0.9774261713 0.1333557665 -0.1638730317 -0.0822965205 0.9546790123 0.2860336006 0.1945903748 -0.2660905421 0.9441029429
-273.0 272.6 2362.8 0.9774261713 0.1333557665 -0.1638730317 -0.0822965205 0.9546790123 0.2860336006 0.1945903748 -0.2660905421 0.9441029429
-270.2 81.0 2402.7 0.9854627252 -0.0146137737 -0.1692619920 0.0485731475 0.9789414406 0.1982784122 0.1627999842 -0.2036175728 0.9654201269
-413.5 265.7 2339.6 0.3760089576 -0.4742604196 -0.7960491776 0.9205819368 0.0933137760 0.3792378902 -0.1055751666 -0.8754253983 0.4716823995
-505.9 39.3 2365.6 -0.4929905534 -0.4742604196 -0.7294089198 0.7956960797 0.0933137760 -0.5984649658 0.3518921435 -0.8754253983 0.3313643336
-132.6 279.6 2386.0 0.4627957046 0.7337497473 0.4974247515 -0.1234837621 0.6090231538 -0.7834810019 -0.8778222203 0.3011677861 0.3724595010
-38.5 254.5 2207.7 -0.5830351710 0.7337497473 0.3488283753 0.7920022607 0.6090231538 0.0426988155 -0.1811143309 0.3011677861 -0.9362134337
-356.9 -115.5 2431.1 0.9667574167 0.1728201807 -0.1884495616 -0.1952349544 0.9748385549 -0.1075782552 0.1651162058 0.1407940239 0.9761729836
-424.6 -497.2 2376.0 0.9759686589 0.0547006056 -0.2109336257 -0.1067481786 0.9638948441 -0.2439499348 0.1899736226 0.2606042922 0.9465703368
-178.7 -107.7 2460.2 -0.7980239391 -0.0216612462 0.6022363305 -0.0262511224 0.9996547103 0.0011702079 -0.6020537615 -0.0148755265 -0.7983169556
-170.2 -499.2 2466.0 -0.8111700416 -0.0892629847 0.5779578686 0.0715524703 0.9657085538 0.2495739907 -0.5804166198 0.2438012511 -0.7769668698
-373.8 -174.0 2271.3 0 0 0 0 0 0 0 0 0
-194.4 466.2 2159.3 0 0 0 0 0 0 0 0 0
-440.0 -769.3 2302.4 0 0 0 0 0 0 0 0 0
-146.0 -761.3 2399.9 0 0 0 0 0 0 0 0 0
-238.6 502.6 2296.1  0.9749622345 0.1518130451 -0.1624852568 -0.0983477831 0.9497271776 0.2972306311 0.1994401515 -0.2738085985 0.9408785701
-275.5 271.5 2362.8 0.9749622345 0.1518130451 -0.1624852568 -0.0983477831 0.9497271776 0.2972306311 0.1994401515 -0.2738085985 0.9408785701
-272.0 79.2 2399.0 0.9851704240 -0.0176696777 -0.1706665605 0.0486982837 0.9825736284 0.1793810576 0.1645228565 -0.1850320846 0.9688628912
-415.9 264.6 2339.3 0.3890535235 -0.4833920896 -0.7841998935 0.9130104184 0.0889699310 0.3981160223 -0.1226759404 -0.8708710670 0.4759560823
-510.7 42.0 2369.2 -0.4965822399 -0.4833920896 -0.7209286690 0.7914052606 0.0889699310 -0.6047826409 0.3564881384 -0.8708710670 0.3383781612
-135.1 278.5 2386.2 0.4823477268 0.7247938514 0.4919497073 -0.1271494627 0.6135814190 -0.7793272138 -0.8667027354 0.3133555651 0.3881167471
-36.1 252.4 2208.4 -0.5868354440 0.7247938514 0.3609681726 0.7880966067 0.6135814190 0.0492093042 -0.1858167648 0.3133555651 -0.9312789440
-356.4 -115.1 2427.9 0.9669325948 0.1758068502 -0.1847519875 -0.1970393956 0.9749138951 -0.1035294980 0.1619160920 0.1365094632 0.9773169160
-425.2 -497.0 2374.4 0.9765838981 0.0555242635 -0.2078484148 -0.1061302796 0.9647188187 -0.2409439534 0.1871370375 0.2573609948 0.9480216503
-178.2 -106.3 2457.3 -0.7972604036 -0.0208866987 0.6032740474 -0.0262657981 0.9996550083 -0.0001014284 -0.6030637622 -0.0159263387 -0.7975339890
-170.1 -497.9 2463.5 -0.8099688888 -0.0886712149 0.5797308087 0.0695280507 0.9670146108 0.2450480908 -0.5823368430 0.2387888879 -0.7770866156
-377.6 -170.2 2273.6 0 0 0 0 0 0 0 0 0
-195.9 467.0 2157.8 0 0 0 0 0 0 0 0 0
-440.8 -767.2 2302.3 0 0 0 0 0 0 0 0 0
-145.9 -761.4 2398.5 0 0 0 0 0 0 0 0 0
-238.5 496.9 2299.7  0.9707616568 0.1704867482 -0.1689855456 -0.1172227263 0.9510143995 0.2860601246 0.2094771415 -0.2578872442 0.9431932569
-279.4 268.6 2361.6 0.9707616568 0.1704867482 -0.1689855456 -0.1172227263 0.9510143995 0.2860601246 0.2094771415 -0.2578872442 0.9431932569
-275.2 77.1 2402.2 0.9842163920 -0.0218822509 -0.1756112427 0.0574403927 0.9781008363 0.2000482827 0.1673879921 -0.2069779783 0.9639198184
-419.7 260.4 2337.8 0.3767135441 -0.5021662116 -0.7784060836 0.9181912541 0.0912781581 0.3854778111 -0.1225224584 -0.8599403501 0.4954703450
-509.5 41.4 2367.0 -0.4885970652 -0.5021662116 -0.7135138512 0.7905330062 0.0912781581 -0.6055788994 0.3692294955 -0.8599403501 0.3523807526
-139.2 276.8 2385.5 0.5086097121 0.7149387002 0.4797695577 -0.1323251575 0.6155124307 -0.7769392133 -0.8507680297 0.3316732347 0.4076599777
-34.4 249.5 2210.3 -0.5852067471 0.7149387002 0.3826169372 0.7863684297 0.6155124307 0.0526230633 -0.1978832185 0.3316732347 -0.9224072099
-357.6 -117.6 2420.3 0.9661850333 0.1755983084 -0.1888167262 -0.1943300664 0.9771929383 -0.0856140777 0.1694766879 0.1194118038 0.9782732129
-426.4 -500.4 2373.6 0.9754118323 0.0506870300 -0.2144819945 -0.1031150818 0.9650627971 -0.2408757061 0.1947793216 0.2570693493 0.9465602636
-179.5 -108.8 2450.1 -0.7947010398 -0.0241652057 0.6065198183 -0.0396365970 0.9991405606 -0.0121262465 -0.6057054996 -0.0336771198 -0.7949759364
-170.1 -500.2 2463.3 -0.8098564744 -0.0905292928 0.5796006918 0.0686304718 0.9666144848 0.2468729913 -0.5825996399 0.2397099584 -0.7766059637
-378.6 -170.6 2268.0 0 0 0 0 0 0 0 0 0
-196.3 467.0 2155.6 0 0 0 0 0 0 0 0 0
-440.4 -766.6 2302.7 0 0 0 0 0 0 0 0 0
-145.7 -760.6 2398.7 0 0 0 0 0 0 0 0 0
-236.6 495.9 2292.5  0.9707728624 0.1631205976 -0.1760447323 -0.1026049703 0.9451851845 0.3099954128 0.2169615179 -0.2828720510 0.9342970848
-276.5 264.5 2361.7 0.9707728624 0.1631205976 -0.1760447323 -0.1026049703 0.9451851845 0.3099954128 0.2169615179 -0.2828720510 0.9342970848
-267.7 72.6 2399.3 0.9819041491 -0.0448213406 -0.1839980781 0.0785841420 0.9804241657 0.1805354059 0.1723043174 -0.1917278022 0.9662047625
-416.4 253.3 2337.1 0.3622335792 -0.4876046777 -0.7943730354 0.9261587858 0.0923200250 0.3656596243 -0.1049608067 -0.8681697249 0.4850407839
-503.1 31.7 2362.3 -0.4950155020 -0.4876046777 -0.7191671133 0.7898750305 0.0923200250 -0.6062791944 0.3620181084 -0.8681697249 0.3394469321
-136.6 275.7 2386.3 0.5352751017 0.7257491946 0.4321673810 -0.1726175696 0.5948249698 -0.7851028442 -0.8268517256 0.3456463218 0.4436720312
-25.6 239.9 2214.8 -0.5782025456 0.7257491946 0.3727866709 0.7996371984 0.5948249698 0.0822414756 -0.1620561182 0.3456463218 -0.9242653251
-359.9 -119.6 2427.6 0.9666407704 0.1727292836 -0.1891302317 -0.1936647594 0.9761269093 -0.0983372703 0.1676293761 0.1316846758 0.9770156145
-427.5 -501.9 2376.0 0.9757246971 0.0453344285 -0.2142570168 -0.1002138034 0.9623263478 -0.2527551651 0.1947266608 0.2680909932 0.9435087442
-181.9 -109.2 2457.8 -0.7917580009 -0.0302922111 0.6100832820 -0.0362656377 0.9993389249 0.0025546930 -0.6097573638 -0.0201023612 -0.7923331857
-170.1 -500.6 2465.7 -0.8075060248 -0.0891851932 0.5830780864 0.0758794025 0.9645844698 0.2526243627 -0.5849584341 0.2482392937 -0.7721404433
-370.4 -180.1 2265.2 0 0 0 0 0 0 0 0 0
-186.6 462.6 2169.7 0 0 0 0 0 0 0 0 0
-440.0 -766.6 2302.2 0 0 0 0 0 0 0 0 0
-146.1 -760.1 2398.9 0 0 0 0 0 0 0 0 0
-239.9 502.3 2294.4  0.9756698608 0.1366104186 -0.1714815348 -0.0814289600 0.9519904852 0.2950990498 0.2035623938 -0.2739556730 0.9399524927
-273.6 267.1 2362.1 0.9756698608 0.1366104186 -0.1714815348 -0.0814289600 0.9519904852 0.2950990498 0.2035623938 -0.2739556730 0.9399524927
-267.7 74.4 2395.9 0.9834470749 -0.0304403696 -0.1786204427 0.0604204424 0.9844593406 0.1648915410 0.1708251983 -0.1729544401 0.9700028300
-413.7 258.5 2337.7 0.3305054307 -0.4429346919 -0.8334116936 0.9414631128 0.0925679952 0.3241580129 -0.0664335862 -0.8917623162 0.4476009011
-496.4 23.0 2354.3 -0.4793310463 -0.4429346919 -0.7576612830 0.8161149621 0.0925679952 -0.5704275370 0.3227973282 -0.8917623162 0.3171149194
-133.5 275.7 2386.4 0.5147335529 0.7482355237 0.4185606539 -0.1615048051 0.5640855432 -0.8097676635 -0.8420009613 0.3492150307 0.4111973643
-27.0 242.3 2212.1 -0.5703377724 0.7482355237 0.3389077187 0.8158097863 0.5640855432 0.1275223345 -0.0957561955 0.3492150307 -0.9321371317
-347.7 -126.4 2421.2 0.9620581269 0.2037065923 -0.1815151721 -0.2212437242 0.9717597961 -0.0820617080 0.1596726477 0.1191072315 0.9799582362
-427.4 -506.8 2374.6 0.9752715230 0.0463209599 -0.2161015123 -0.1033373177 0.9598973989 -0.2606116533 0.1953634918 0.2764984667 0.9409472346
-170.2 -112.2 2452.4 -0.7938108444 -0.0019097448 0.6081617475 -0.0188727714 0.9995908141 -0.0214950182 -0.6078718305 -0.0285406765 -0.7935220599
-169.5 -503.5 2463.6 -0.8057316542 -0.0862830877 0.5859622359 0.0738014877 0.9669953585 0.2438715994 -0.5876647234 0.2397399545 -0.7727709413
-368.0 -195.6 2267.9 0 0 0 0 0 0 0 0 0
-186.1 469.9 2185.4 0 0 0 0 0 0 0 0 0
-440.0 -767.9 2299.4 0 0 0 0 0 0 0 0 0
-146.6 -760.0 2400.0 0 0 0 0 0 0 0 0 0
-241.9 504.8 2303.8  0.9778839350 0.1385521293 -0.1566727608 -0.0934672058 0.9596351981 0.2652625442 0.1871013790 -0.2447522134 0.9513618946
-275.9 269.5 2363.8 0.9778839350 0.1385521293 -0.1566727608 -0.0934672058 0.9596351981 0.2652625442 0.1871013790 -0.2447522134 0.9513618946
-268.9 77.4 2401.0 0.9862975478 -0.0354842618 -0.1611150056 0.0649684519 0.9812219143 0.1816112101 0.1516452283 -0.1895900816 0.9700821042
-416.4 260.3 2342.3 0.3259002268 -0.4199305773 -0.8470226526 0.9441463351 0.0983652249 0.3145027459 -0.0487517454 -0.9022098184 0.4285331666
-497.7 24.8 2354.4 -0.4661676586 -0.4199305773 -0.7786822319 0.8295660615 0.0983652249 -0.5496766567 0.3074212968 -0.9022098184 0.3025054634
-135.3 278.7 2385.4 0.5108220577 0.7695947886 0.3831249177 -0.1821425706 0.5324255824 -0.8266481161 -0.8401695490 0.3524867296 0.4121506810
-31.2 241.6 2214.1 -0.5393079519 0.7695947886 0.3418637514 0.8375396132 0.5324255824 0.1226799637 -0.0876031443 0.3524867296 -0.9317074418
-350.6 -123.8 2414.4 0.9671293497 0.1981496662 -0.1593660265 -0.2077382505 0.9771127701 -0.0457762890 0.1466480196 0.0773780122 0.9861577153
-428.1 -506.1 2384.1 0.9779116511 0.0429442003 -0.2045595348 -0.1030355841 0.9505389333 -0.2930176854 0.1818583906 0.3076223433 0.9339678884
-172.8 -112.8 2445.2 -0.8047583699 -0.0092020789 0.5935311913 -0.0351786427 0.9988617897 -0.0322117880 -0.5925592184 -0.0468023308 -0.8041660786
-169.2 -503.9 2463.6 -0.8182225227 -0.0838273093 0.5687572956 0.0676734149 0.9683904052 0.2400839031 -0.5709047318 0.2349318117 -0.7866860032
-372.8 -197.4 2272.0 0 0 0 0 0 0 0 0 0
-182.0 475.9 2189.6 0 0 0 0 0 0 0 0 0
-440.0 -769.7 2298.8 0 0 0 0 0 0 0 0 0
-147.0 -761.0 2401.2 0 0 0 0 0 0 0 0 0
-245.5 513.9 2315.1  0.9785954952 0.1157923043 -0.1701263189 -0.0789622664 0.9746819735 0.2091889977 0.1900415272 -0.1912778467 0.9629626274
-274.6 268.7 2363.2 0.9785954952 0.1157923043 -0.1701263189 -0.0789622664 0.9746819735 0.2091889977 0.1900415272 -0.1912778467 0.9629626274
-272.4 76.5 2400.4 0.9851371050 -0.0115193324 -0.1713830233 0.0437690653 0.9816479683 0.1856111586 0.1660996825 -0.1903537214 0.9675620794
-415.0 262.4 2339.5 0.3370597363 -0.4379217625 -0.8334358335 0.9389668107 0.0916803405 0.3315661252 -0.0687903389 -0.8943261504 0.4420957267
-500.1 25.3 2356.9 -0.4786028266 -0.4379217625 -0.7610281706 0.8183271289 0.0916803405 -0.5673935413 0.3182452917 -0.8943261504 0.3144847751
-134.3 274.9 2386.9 0.5118650198 0.7585322261 0.4032654464 -0.1678390056 0.5486786366 -0.8190127015 -0.8425107002 0.3515402973 0.4081607163
-29.4 240.5 2214.3 -0.5467088819 0.7585322261 0.3545958400 0.8294060826 0.5486786366 0.1050583869 -0.1148689911 0.3515402973 -0.9290987849
-351.1 -120.5 2424.4 0.9638952613 0.1966938525 -0.1794923544 -0.2109428793 0.9754073024 -0.0639036447 0.1625086963 0.0994590521 0.9816816449
-428.0 -502.3 2385.5 0.9745637774 0.0401738174 -0.2204801887 -0.1048279032 0.9512591362 -0.2900295258 0.1980821937 0.3057647645 0.9312740564
-172.8 -108.8 2451.8 -0.7965773940 -0.0068956735 0.6044972539 -0.0289101172 0.9992254376 -0.0266979095 -0.6038449407 -0.0387430377 -0.7961596847
-170.1 -500.2 2467.0 -0.8100550175 -0.0856261477 0.5800681114 0.0730627701 0.9668298960 0.2447484732 -0.5817840695 0.2406411171 -0.7769293189
-371.8 -194.0 2271.6 0 0 0 0 0 0 0 0 0
-182.6 472.9 2182.1 0 0 0 0 0 0 0 0 0
-439.4 -772.2 2298.7 0 0 0 0 0 0 0 0 0
-147.1 -759.7 2402.4 0 0 0 0 0 0 0 0 0
-245.8 516.8 2313.7  0.9764240980 0.1154722869 -0.1823791414 -0.0773857385 0.9759847522 0.2036301345 0.2015128881 -0.1847158223 0.9619109035
-275.2 267.6 2360.8 0.9764240980 0.1154722869 -0.1823791414 -0.0773857385 0.9759847522 0.2036301345 0.2015128881 -0.1847158223 0.9619109035
-271.3 75.6 2399.0 0.9828749299 -0.0203642976 -0.1831453294 0.0553244688 0.9806349874 0.1878677011 0.1757729203 -0.1947828680 0.9649681449
-415.3 259.7 2335.8 0.3416089714 -0.4634936750 -0.8176043630 0.9354538321 0.0837128535 0.3433923125 -0.0907161683 -0.8821370602 0.4621739984
-499.7 28.6 2358.2 -0.4709573388 -0.4634936750 -0.7505816221 0.8200002313 0.0837128535 -0.5662082434 0.3252672851 -0.8821370602 0.3406397402
-135.2 275.4 2385.9 0.5095671415 0.7499539256 0.4217942953 -0.1682731062 0.5676066279 -0.8059198856 -0.8438160419 0.3396936357 0.4154307842
-30.3 240.8 2212.2 -0.5592532754 0.7499539256 0.3532772660 0.8183127046 0.5676066279 0.0904820189 -0.1326651722 0.3396936357 -0.9311327338
-359.1 -119.6 2422.7 0.9663245082 0.1727038026 -0.1907624453 -0.1894411296 0.9791626334 -0.0731616542 0.1741521508 0.1068361476 0.9789060354
-426.7 -502.9 2380.8 0.9736818671 0.0468187295 -0.2230508029 -0.1098203436 0.9539429545 -0.2791636586 0.1997076571 0.2963121235 0.9339785576
-181.1 -111.7 2452.7 -0.7899683714 -0.0273923427 0.6125354171 -0.0456722528 0.9988550544 -0.0142337158 -0.6114441752 -0.0392200574 -0.7903149724
-170.4 -502.9 2468.0 -0.8081044555 -0.0919368938 0.5818202496 0.0768176690 0.9628604650 0.2588412762 -0.5840087533 0.2538648546 -0.7710294127
-373.4 -191.3 2271.0 0 0 0 0 0 0 0 0 0
-186.3 469.1 2175.1 0 0 0 0 0 0 0 0 0
-439.9 -770.6 2297.7 0 0 0 0 0 0 0 0 0
-145.9 -759.6 2400.4 0 0 0 0 0 0 0 0 0
-245.7 518.2 2312.0  0.9744406939 0.1167647615 -0.1919148564 -0.0752038881 0.9745669961 0.2111006677 0.2116830051 -0.1912723333 0.9584389329
-275.5 268.9 2360.9 0.9744406939 0.1167647615 -0.1919148564 -0.0752038881 0.9745669961 0.2111006677 0.2116830051 -0.1912723333 0.9584389329
-273.6 77.1 2400.4 0.9812043905 -0.0098167500 -0.1927213818 0.0483668633 0.9793370962 0.1963657141 0.1868115216 -0.2019962370 0.9614046812
-415.3 262.0 2334.3 0.3551125228 -0.4875848293 -0.7975939512 0.9278264046 0.0796373710 0.3644119799 -0.1141634658 -0.8694359660 0.4806742966
-502.9 33.1 2362.4 -0.4741782844 -0.4875848293 -0.7330866456 0.8120046854 0.0796373710 -0.5781922340 0.3402988315 -0.8694359660 0.3581588566
-135.7 275.8 2387.5 0.4806781113 0.7796674967 0.4013317525 -0.1694282591 0.5316242576 -0.8298612833 -0.8603735566 0.3308992088 0.3876378536
-37.8 241.2 2212.2 -0.5268976092 0.7796674967 0.3383748829 0.8425047994 0.5316242576 0.0869556963 -0.1120917648 0.3308992088 -0.9369851351
-356.1 -121.5 2421.2 0.9623990655 0.1828816533 -0.2008538991 -0.1973727047 0.9788130522 -0.0544892214 0.1866333336 0.0920834541 0.9781045914
-427.7 -504.7 2385.2 0.9699187875 0.0434536561 -0.2395190448 -0.1147634685 0.9493553638 -0.2924956679 0.2146786898 0.3111850917 0.9257844687
-178.5 -111.5 2453.0 -0.7831634879 -0.0198773351 0.6214981079 -0.0447196849 0.9987012744 -0.0244108606 -0.6202057004 -0.0469108932 -0.7830352783
-170.7 -502.6 2471.4 -0.8031350970 -0.0933836624 0.5884330869 0.0856294781 0.9592946768 0.2691121697 -0.5896113515 0.2665206492 -0.7624468207
-375.8 -184.6 2271.2 0 0 0 0 0 0 0 0 0
-184.3 475.5 2181.0 0 0 0 0 0 0 0 0 0
-439.8 -768.5 2298.7 0 0 0 0 0 0 0 0 0
-145.6 -759.7 2399.9 0 0 0 0 0 0 0 0 0
-243.5 515.5 2302.6  0.9731459618 0.1298381835 -0.1900762320 -0.0808257014 0.9658985734 0.2459819317 0.2155322134 -0.2240132838 0.9504545927
-277.0 266.5 2360.4 0.9731459618 0.1298381835 -0.1900762320 -0.0808257014 0.9658985734 0.2459819317 0.2155322134 -0.2240132838 0.9504545927
-270.2 74.2 2396.2 0.9804585576 -0.0346987471 -0.1936415136 0.0689325184 0.9825125337 0.1729666591 0.1842534840 -0.1829348356 0.9657046795
-416.7 256.7 2334.1 0.3485749364 -0.4858421981 -0.8015316129 0.9309576154 0.0802981332 0.3561884165 -0.1086898670 -0.8703502417 0.4802883863
-500.8 32.2 2360.3 -0.4680121243 -0.4858421981 -0.7381883264 0.8170930147 0.0802981332 -0.5708863735 0.3366358280 -0.8703502417 0.3593977392
-137.3 276.4 2386.6 0.5001366735 0.7669799924 0.4020011723 -0.1725757420 0.5432025194 -0.8216742873 -0.8485758305 0.3415738046 0.4040376544
-36.5 241.6 2215.6 -0.5351519585 0.7669799924 0.3540537655 0.8352165222 0.5432025194 0.0856995061 -0.1265930831 0.3415738046 -0.9312902689
-360.4 -119.1 2423.1 0.9666597843 0.1651354581 -0.1957017034 -0.1834358126 0.9798294902 -0.0792810023 0.1786621958 0.1125364527 0.9774535298
-425.0 -502.6 2379.0 0.9731067419 0.0563785881 -0.2233488709 -0.1158069223 0.9578847885 -0.2627651691 0.1991281509 0.2815639079 0.9386531711
-183.0 -110.3 2456.9 -0.7848040462 -0.0328392573 0.6188732982 -0.0391217247 0.9992286563 0.0034110991 -0.6185079813 -0.0215343460 -0.7854834199
-170.2 -501.5 2465.3 -0.8013306856 -0.0912730992 0.5912176967 0.0760703534 0.9647222161 0.2520403266 -0.5933653712 0.2469417751 -0.7661183476
-375.3 -186.9 2270.0 0 0 0 0 0 0 0 0 0
-184.2 472.2 2180.6 0 0 0 0 0 0 0 0 0
-440.8 -770.6 2300.3 0 0 0 0 0 0 0 0 0
-145.7 -760.3 2399.1 0 0 0 0 0 0 0 0 0
-243.4 516.6 2306.5  0.9740282297 0.1372112036 -0.1801169217 -0.0921623707 0.9668474793 0.2381428778 0.2068214715 -0.2153578848 0.9543824792
-278.5 269.3 2361.5 0.9740282297 0.1372112036 -0.1801169217 -0.0921623707 0.9668474793 0.2381428778 0.2068214715 -0.2153578848 0.9543824792
-272.0 77.3 2399.1 0.9825443029 -0.0329795890 -0.1830821186 0.0669733211 0.9808786511 0.1827337146 0.1735548675 -0.1918055862 0.9659655094
-418.5 259.8 2336.8 0.3244549930 -0.4673179686 -0.8224006891 0.9424182177 0.0851635039 0.3234115541 -0.0810975060 -0.8799778819 0.4680407047
-499.0 26.0 2356.9 -0.4814418554 -0.4673179686 -0.7415036559 0.8103056550 0.0851635039 -0.5797860622 0.3340935111 -0.8799778819 0.3376691341
-138.5 278.9 2386.3 0.5069535971 0.7552601695 0.4154276848 -0.1815913022 0.5647109747 -0.8050627708 -0.8426284194 0.3326914012 0.4234309196
-36.5 242.4 2216.8 -0.5482602715 0.7552601695 0.3591556549 0.8224808574 0.5647109747 0.0680201799 -0.1514462084 0.3326914012 -0.9307956100
-352.0 -124.3 2415.3 0.9644919634 0.1904833913 -0.1829515845 -0.2031686306 0.9777017236 -0.0531210341 0.1687534004 0.0884048343 0.9816857576
-426.6 -507.0 2380.7 0.9741031528 0.0502343923 -0.2204529792 -0.1098872945 0.9572951794 -0.2674149573 0.1976051480 0.2847147286 0.9380244017
-174.8 -111.9 2448.6 -0.7913638949 -0.0137712676 0.6111902595 -0.0367358625 0.9990108609 -0.0250556823 -0.6102406383 -0.0422807634 -0.7910870314
-169.4 -502.9 2465.2 -0.8069562912 -0.0844262540 0.5845457911 0.0777460411 0.9659331441 0.2468374223 -0.5854716897 0.2446331233 -0.7729020119
-369.9 -191.2 2267.3 0 0 0 0 0 0 0 0 0
-186.6 467.5 2175.4 0 0 0 0 0 0 0 0 0
-440.4 -770.3 2302.4 0 0 0 0 0 0 0 0 0
-147.0 -759.4 2400.3 0 0 0 0 0 0 0 0 0
-242.7 515.2 2306.9  0.9728420377 0.1531655788 -0.1735474765 -0.1100750118 0.9656856060 0.2352336049 0.2036219835 -0.2097419053 0.9563192129
-281.6 269.9 2360.2 0.9728420377 0.1531655788 -0.1735474765 -0.1100750118 0.9656856060 0.2352336049 0.2036219835 -0.2097419053 0.9563192129
-273.4 78.3 2400.0 0.9835104346 -0.0418020152 -0.1759539843 0.0761452541 0.9781947732 0.1932274401 0.1640399694 -0.2034392655 0.9652478099
-421.7 259.0 2336.8 0.3218432069 -0.4617059827 -0.8265860677 0.9431927800 0.0802884847 0.3223989904 -0.0824882016 -0.8833919764 0.4613180757
-500.3 28.7 2356.9 -0.4862378240 -0.4617059827 -0.7418897152 0.8100309968 0.0802884847 -0.5808644891 0.3277538121 -0.8833919764 0.3349568546
-141.4 280.7 2383.5 0.5093612671 0.7589487433 0.4056450129 -0.2038605660 0.5643780231 -0.7999489903 -0.8360573649 0.3247680068 0.4421920180
-39.2 239.8 2215.7 -0.5439713001 0.7589487433 0.3578994572 0.8236753345 0.5643780231 0.0551041290 -0.1601693630 0.3247680068 -0.9321327806
-354.3 -120.8 2420.9 0.9661259055 0.1903365999 -0.1742776781 -0.2007475793 0.9786528945 -0.0440330617 0.1621762514 0.0775273070 0.9837115407
-428.8 -504.0 2390.6 0.9751054645 0.0404650122 -0.2180182785 -0.1061285883 0.9484485984 -0.2986336052 0.1946949065 0.3143372238 0.9291318655
-176.7 -108.7 2452.3 -0.7967153788 -0.0165038593 0.6041293740 -0.0323123299 0.9993605018 -0.0153119909 -0.6034902930 -0.0317201242 -0.7967391610
-170.3 -500.0 2464.8 -0.8111166954 -0.0848947093 0.5786904097 0.0751945376 0.9660632014 0.2471186668 -0.5800306201 0.2439564317 -0.7772063613
-369.9 -188.5 2269.0 0 0 0 0 0 0 0 0 0
-188.0 465.1 2171.9 0 0 0 0 0 0 0 0 0
-440.1 -769.0 2302.7 0 0 0 0 0 0 0 0 0
-147.5 -759.1 2399.3 0 0 0 0 0 0 0 0 0
-241.2 511.1 2308.6  0.9740287662 0.1688335687 -0.1508748829 -0.1301752776 0.9627584219 0.2369611412 0.1852630675 -0.2111667842 0.9597323537
-283.2 271.7 2361.1 0.9740287662 0.1688335687 -0.1508748829 -0.1301752776 0.9627584219 0.2369611412 0.1852630675 -0.2111667842 0.9597323537
-274.0 79.3 2396.5 0.9868080020 -0.0468623899 -0.1549640447 0.0736231059 0.9823858142 0.1717490256 0.1441859156 -0.1808922440 0.9728763700
-423.8 261.2 2340.6 0.2951579094 -0.4386748672 -0.8487910032 0.9538596869 0.0840796754 0.2882400751 -0.0550775975 -0.8947038651 0.4432510436
-497.5 23.0 2354.3 -0.4836191237 -0.4386748672 -0.7574146390 0.8170545697 0.0840796754 -0.5703967214 0.3139018714 -0.8947038651 0.3177587390
-142.6 282.2 2381.6 0.5134696960 0.7811715007 0.3551337719 -0.2728054523 0.5409896374 -0.7955547571 -0.8135883808 0.3116108179 0.4908896387
-38.7 227.0 2217.1 -0.5262186527 0.7811715007 0.3359539509 0.8391332030 0.5409896374 0.0564417876 -0.1376568973 0.3116108179 -0.9401857853
-354.1 -120.1 2425.0 0.9695810080 0.1917496175 -0.1521339267 -0.2030994445 0.9771417975 -0.0628052354 0.1366135478 0.0917930827 0.9863623977
-429.2 -502.7 2389.0 0.9802020788 0.0402554683 -0.1938642114 -0.0976510122 0.9500390887 -0.2964624166 0.1722443551 0.3095241189 0.9351612926
-176.3 -106.3 2454.6 -0.8096621037 -0.0171810947 0.5866447687 -0.0209029466 0.9997814298 0.0004312911 -0.5865239501 -0.0119134029 -0.8098442554
-169.6 -497.8 2459.3 -0.8194886446 -0.0827096701 0.5670956373 0.0607977957 0.9714000821 0.2295332104 -0.5698613524 0.2225780189 -0.7910227776
-367.8 -196.1 2270.1 0 0 0 0 0 0 0 0 0
-182.6 456.4 2179.5 0 0 0 0 0 0 0 0 0
-440.5 -770.0 2302.0 0 0 0 0 0 0 0 0 0
-147.2 -760.1 2399.2 0 0 0 0 0 0 0 0 0
-242.2 517.0 2315.9  0.9844403267 0.1239788309 -0.1245251521 -0.0950126350 0.9716923833 0.2163018584 0.1478170007 -0.2011048049 0.9683527350
-270.1 298.2 2361.2 0.9844403267 0.1239788309 -0.1245251521 -0.0950126350 0.9716923833 0.2163018584 0.1478170007 -0.2011048049 0.9683527350
-272.1 105.8 2395.6 0.9918039441 0.0103186388 -0.1273515075 0.0122455033 0.9844685197 0.1751334965 0.1271806955 -0.1752575785 0.9762734771
-411.1 296.5 2343.1 0.3107912242 -0.4162913859 -0.8544648886 0.9495221972 0.0956730917 0.2987545431 -0.0426196456 -0.9041836858 0.4250122607
-500.2 24.4 2355.3 -0.4767159224 -0.4162913859 -0.7742373347 0.8238356709 0.0956730917 -0.5586962104 0.3066540956 -0.9041836858 0.2973468006
-129.0 300.0 2379.3 0.4494526386 0.8334033489 0.3216072619 -0.3938799500 0.5080198050 -0.7660120726 -0.8017798662 0.2176114917 0.5565916896
-38.5 220.6 2217.8 -0.4989681542 0.8334033489 0.2376335114 0.8609499931 0.5080198050 0.0260956865 -0.0989743024 0.2176114917 -0.9710043073
-356.4 -111.8 2419.5 0.9736599326 0.1802003235 -0.1396932304 -0.1904601008 0.9796179533 -0.0638248697 0.1253447384 0.0887497067 0.9881356955
-428.3 -502.6 2384.1 0.9832708836 0.0439149365 -0.1767764091 -0.0935750008 0.9544299245 -0.2833853364 0.1562758386 0.2951864004 0.9425724745
-175.7 -106.3 2444.9 -0.8203520179 -0.0144826835 0.5716754794 -0.0316145383 0.9992989898 -0.0200507455 -0.5709843040 -0.0345219262 -0.8202348351
-170.0 -497.6 2458.4 -0.8306787014 -0.0896318257 0.5494897962 0.0492974408 0.9712381959 0.2329509705 -0.5545653105 0.2205958515 -0.8023682237
-372.4 -196.5 2273.1 0 0 0 0 0 0 0 0 0
-128.5 376.0 2199.9 0 0 0 0 0 0 0 0 0
-440.6 -769.7 2301.6 0 0 0 0 0 0 0 0 0
-145.9 -759.6 2398.9 0 0 0 0 0 0 0 0 0
-241.7 514.7 2312.6  0.9850275517 0.0970111117 -0.1425115168 -0.0633692369 0.9725227356 0.2240174711 0.1603278667 -0.2116325349 0.9641092420
-262.4 307.0 2357.8 0.9850275517 0.0970111117 -0.1425115168 -0.0633692369 0.9725227356 0.2240174711 0.1603278667 -0.2116325349 0.9641092420
-269.7 115.1 2394.6 0.9887628555 0.0373866260 -0.1447420865 -0.0090634897 0.9814335704 0.1915880144 0.1492175758 -0.1881232411 0.9707438946
-403.1 308.3 2336.5 0.3915847242 -0.5068694353 -0.7679484487 0.9086129069 0.0813017190 0.4096493423 -0.1452032030 -0.8581802845 0.4923846126
-507.6 65.7 2375.3 -0.4313122034 -0.5068694353 -0.7463599443 0.8380450010 0.0813017190 -0.5395096540 0.3341412842 -0.8581802845 0.3897129595
-121.7 305.8 2379.1 0.4485157132 0.8583424091 0.2491624653 -0.5227938294 0.4780594707 -0.7057944536 -0.7249277830 0.1862993091 0.6631532907
-35.3 205.1 2239.4 -0.4454945028 0.8583424091 0.2545249462 0.8745411634 0.4780594707 -0.0814672932 -0.1916048974 0.1862993091 -0.9636286497
-364.8 -83.8 2418.9 0.9748812914 0.1530440897 -0.1618144512 -0.1615065783 0.9860432744 -0.0404268466 0.1533689648 0.0655454770 0.9859927893
-425.3 -473.4 2393.0 0.9798306227 0.0481989905 -0.1939298064 -0.1018029004 0.9554959536 -0.2768819332 0.1719537079 0.2910400331 0.9411310554
-184.7 -85.5 2441.5 -0.8076224923 -0.0311883483 0.5888745189 -0.0599548966 0.9977685809 -0.0293817539 -0.5866441727 -0.0590352751 -0.8076902032
-172.5 -476.1 2464.6 -0.8236971498 -0.0934465304 0.5592769980 0.0512315743 0.9700282812 0.2375300229 -0.5647108555 0.2243054360 -0.7942221165
-392.1 -158.7 2285.8 0 0 0 0 0 0 0 0 0
-103.9 339.8 2209.9 0 0 0 0 0 0 0 0 0
-440.3 -770.9 2302.4 0 0 0 0 0 0 0 0 0
-145.0 -761.3 2398.7 0 0 0 0 0 0 0 0 0
-240.5 512.9 2304.9  0.9815216064 0.1146325767 -0.1532146484 -0.0723657161 0.9636015892 0.2573619485 0.1771399528 -0.2415188253 0.9540912509
-266.9 290.9 2360.6 0.9815216064 0.1146325767 -0.1532146484 -0.0723657161 0.9636015892 0.2573619485 0.1771399528 -0.2415188253 0.9540912509
-270.6 98.8 2398.1 0.9873105288 0.0186292026 -0.1577049792 0.0121238586 0.9813541174 0.1918256432 0.1583379954 -0.1913034618 0.9686754346
-407.5 289.1 2338.0 0.4500776827 -0.5549292564 -0.6996310353 0.8721359968 0.1048332378 0.4779003561 -0.1918563247 -0.8252657056 0.5311568975
-513.1 84.5 2383.1 -0.4043789208 -0.5549292564 -0.7270014882 0.8329480886 0.1048332378 -0.5433299541 0.3777236342 -0.8252657056 0.4198349416
-126.4 292.6 2383.2 0.4484806061 0.8661341667 0.2206280380 -0.4301348329 0.4255314767 -0.7961827517 -0.7834852934 0.2621727288 0.5633971095
-36.8 206.7 2226.6 -0.4370866120 0.8661341667 0.2424187809 0.8992835879 0.4255314767 0.1010543182 -0.0156302173 0.2621727288 -0.9648943543
-366.9 -74.1 2418.1 0.9745450616 0.1414374858 -0.1739463657 -0.1552464664 0.9855009317 -0.0684572831 0.1617418826 0.0937192664 0.9823727608
-422.5 -461.7 2381.3 0.9790984988 0.0567303710 -0.1953147352 -0.1026487574 0.9668658376 -0.2337385565 0.1755830646 0.2489018738 0.9524801373
-187.9 -77.7 2444.9 -0.8016334772 -0.0366529673 0.5966911316 -0.0581653938 0.9981651306 -0.0168288294 -0.5949794650 -0.0481973290 -0.8022944927
-173.5 -468.5 2463.8 -0.8170799017 -0.0907766894 0.5693330169 0.0517622456 0.9719869494 0.2292641550 -0.5741961002 0.2167970836 -0.7894921899
-404.9 -138.4 2282.0 0 0 0 0 0 0 0 0 0
-125.5 389.3 2223.4 0 0 0 0 0 0 0 0 0
-440.6 -769.8 2302.0 0 0 0 0 0 0 0 0 0
-146.3 -760.1 2398.8 0 0 0 0 0 0 0 0 0
-239.9 510.7 2300.6  0.9777089357 0.1121781468 -0.1774860770 -0.0627832189 0.9628334641 0.2626975477 0.2003584504 -0.2456986010 0.9484137893
-266.6 281.7 2359.0 0.9777089357 0.1121781468 -0.1774860770 -0.0627832189 0.9628334641 0.2626975477 0.2003584504 -0.2456986010 0.9484137893
-268.4 90.0 2398.2 0.9833467007 0.0091102719 -0.1815109700 0.0275137443 0.9797686338 0.1982332468 0.1796447188 -0.1999260485 0.9632016420
-406.6 277.8 2333.4 0.4642968774 -0.5624204278 -0.6841868758 0.8620307446 0.1096417904 0.4948551655 -0.2033011913 -0.8195498586 0.5357300639
-515.1 76.4 2380.9 -0.4197091758 -0.5624204278 -0.7124096155 0.8161292672 0.1096417904 -0.5673726201 0.3972118497 -0.8195498586 0.4129900932
-126.5 285.7 2384.6 0.4428133667 0.8639028072 0.2399754971 -0.3863958716 0.4253861010 -0.8183794022 -0.8090825677 0.2696638107 0.5221751332
-36.4 207.1 2220.0 -0.4447944164 0.8639028072 0.2362833917 0.8955488205 0.4253861010 0.1305333078 0.0122564184 0.2696638107 -0.9628765583
-363.7 -93.3 2421.3 0.9684359431 0.1504127383 -0.1987658143 -0.1714515984 0.9807773232 -0.0931673273 0.1809314638 0.1243053079 0.9756085277
-422.7 -478.1 2372.6 0.9745650291 0.0568421632 -0.2167763412 -0.1057057083 0.9695290327 -0.2209971845 0.1976089925 0.2382906228 0.9508776069
-185.1 -92.1 2449.9 -0.7890071273 -0.0370572731 0.6132653952 -0.0410349034 0.9991289377 0.0075793671 -0.6130121350 -0.0191851109 -0.7898405194
-170.6 -483.2 2457.4 -0.8011318445 -0.0786186680 0.5933016539 0.0584103204 0.9763309956 0.2082451880 -0.5956307054 0.2014867961 -0.7775776982
-402.7 -142.1 2274.6 0 0 0 0 0 0 0 0 0
-138.6 412.7 2222.8 0 0 0 0 0 0 0 0 0
-439.6 -766.5 2301.7 0 0 0 0 0 0 0 0 0
-148.5 -757.9 2400.7 0 0 0 0 0 0 0 0 0
-238.9 511.8 2297.9  0.9771227837 0.1207949221 -0.1750417501 -0.0698501393 0.9596633315 0.2723366916 0.2008780390 -0.2538796961 0.9461464286
-268.5 277.1 2360.0 0.9771227837 0.1207949221 -0.1750417501 -0.0698501393 0.9596633315 0.2723366916 0.2008780390 -0.2538796961 0.9461464286
-267.7 85.2 2399.1 0.9837200046 -0.0042861998 -0.1796568930 0.0399750099 0.9798871875 0.1955072284 0.1752055138 -0.1995061636 0.9641059637
-408.6 271.4 2335.1 0.4717361927 -0.5431293249 -0.6946045756 0.8598179817 0.1087857187 0.4988774359 -0.1953919083 -0.8325720429 0.5183105469
-518.3 71.5 2380.5 -0.4404941499 -0.5431293249 -0.7148254514 0.8072463870 0.1087857187 -0.5801025033 0.3928335011 -0.8325720429 0.3905197382
-128.3 282.8 2385.0 0.4444079995 0.8452972770 0.2966042161 -0.3492228389 0.4683755040 -0.8115835190 -0.8249514699 0.2570932508 0.5033469200
-37.9 211.8 2217.2 -0.4759180248 0.8452972770 0.2428468317 0.8787468076 0.4683755040 0.0918065012 -0.0361397229 0.2570932508 -0.9657106400
-359.2 -103.8 2421.2 0.9670250416 0.1682128906 -0.1912248433 -0.1868430376 0.9788047671 -0.0838506743 0.1730670184 0.1168147326 0.9779581428
-425.1 -487.5 2375.4 0.9752050638 0.0526378527 -0.2149518281 -0.1038189903 0.9666030407 -0.2343078256 0.1954396367 0.2508142591 0.9481010437
-181.4 -99.3 2453.6 -0.7919858098 -0.0305256471 0.6097759008 -0.0310510453 0.9994707108 0.0097043868 -0.6097493768 -0.0112484423 -0.7925144434
-169.4 -490.7 2458.0 -0.8035207987 -0.0752721950 0.5904984474 0.0665953681 0.9743791819 0.2148260027 -0.5915398002 0.2119416296 -0.7779211998
-400.3 -144.8 2275.3 0 0 0 0 0 0 0 0 0
-153.3 424.8 2208.4 0 0 0 0 0 0 0 0 0
-440.1 -763.7 2303.8 0 0 0 0 0 0 0 0 0
-148.8 -757.0 2400.1 0 0 0 0 0 0 0 0 0
-242.9 518.7 2311.6  0.9779925942 0.1153839231 -0.1738305539 -0.0783530027 0.9752938747 0.2065493166 0.1933683455 -0.1883835495 0.9628708959
-272.0 272.7 2359.1 0.9779925942 0.1153839231 -0.1738305539 -0.0783530027 0.9752938747 0.2065493166 0.1933683455 -0.1883835495 0.9628708959
-268.0 81.1 2399.2 0.9844846129 -0.0207511820 -0.1742396206 0.0556885637 0.9785978794 0.1981034726 0.1663996279 -0.2047329694 0.9645701647
-412.3 264.8 2335.4 0.4468697011 -0.5456955433 -0.7088891864 0.8751873374 0.1024930999 0.4728026092 -0.1853500158 -0.8316919804 0.5233868361
-514.1 65.4 2377.6 -0.4442993402 -0.5456955433 -0.7105029821 0.8061189651 0.1024930999 -0.5828098655 0.3908583820 -0.8316919804 0.3943578899
