56.8 486.7 2694.9 1 0.9667105675 -0.1213300675 0.2252768129 0.1137494147 0.9924262762 0.0463801920 -0.2291979343 -0.0192111172 0.9731902480
80.9 289.1 2698.7 0.9667105675 -0.1213300675 0.2252768129 0.1137494147 0.9924262762 0.0463801920 -0.2291979343 -0.0192111172 0.9731902480
104.3 91.8 2704.0 0.9673603773 -0.1174713373 0.2245316058 0.1083480418 0.9927217960 0.0525750518 -0.2290734798 -0.0265314616 0.9730474949
-55.2 273.8 2730.9 0.9365067482 -0.1545730531 0.3147415817 0.2561642528 0.9145290256 -0.3130759597 -0.2394472063 0.3738233149 0.8960586786
-232.8 225.3 2776.4 -0.3913305998 -0.1545730531 -0.9071756005 -0.4040974975 0.9145290256 0.0184905548 0.8267802596 0.3738233149 -0.4203457534
217.1 304.3 2666.5 0.2274013609 0.7760799527 0.5882079005 -0.9647452235 0.2617296576 0.0276453756 -0.1324964464 -0.5737573504 0.8082370758
278.4 43.9 2630.7 -0.0349883400 0.7768859267 0.6286684871 -0.9553308487 0.1587156653 -0.2493037283 -0.2934601009 -0.6093091369 0.7366299033
41.0 -114.3 2731.0 0.9154192209 0.0610257015 0.3978485763 -0.0654667988 0.9978517890 -0.0024256436 -0.3971419632 -0.0238253940 0.9174478650
16.7 -510.9 2740.5 0.9142361283 0.0471534207 0.4024287462 -0.1242391318 0.9779862165 0.1676532924 -0.3856643438 -0.2032720894 0.8999686241
218.4 -94.1 2688.9 0.8960888982 0.0276427865 0.4430130124 0.0565556847 0.9828141332 -0.1757209003 -0.4402568638 0.1825164557 0.8791254759
207.4 -484.7 2616.4 0.9002273083 -0.0944284648 0.4250577390 0.0199408270 0.9841176867 0.1763935536 -0.4349634349 -0.1503182799 0.8878126144
-135.2 326.1 2570.1 0 0 0 0 0 0 0 0 0
268.7 -223.0 2548.7 0 0 0 0 0 0 0 0 0
4.3 -768.7 2794.1 0 0 0 0 0 0 0 0 0
233.1 -752.6 2657.3 0 0 0 0 0 0 0 0 0
54.6 485.5 2693.8 2 0.9617255926 -0.1192175448 0.2467205673 0.1097875461 0.9926105142 0.0516823493 -0.2510588765 -0.0226173922 0.9677075744
78.4 287.6 2698.3 0.9617255926 -0.1192175448 0.2467205673 0.1097875461 0.9926105142 0.0516823493 -0.2510588765 -0.0226173922 0.9677075744
100.9 90.1 2703.5 0.9625214934 -0.1130621284 0.2465144545 0.1029833630 0.9932462573 0.0534444749 -0.2508921027 -0.0260545667 0.9676643610
-57.0 273.1 2733.6 0.9463200569 -0.2912056744 0.1402767748 0.3231728673 0.8606405854 -0.3935188651 -0.0061329566 0.4177284539 0.9085512161
-244.4 209.1 2734.9 -0.4571891129 -0.2912056744 -0.8403435946 -0.5087610483 0.8606405854 -0.0214476585 0.7294794917 0.4177284539 -0.5416296124
213.8 302.1 2663.0 0.2329515964 0.7646126151 0.6009168625 -0.9655605555 0.2554767132 0.0492383614 -0.1158720031 -0.5916917920 0.7977935076
276.6 41.8 2631.8 -0.0342274755 0.7647260427 0.6434458494 -0.9534687400 0.1679796427 -0.2503601909 -0.2995427549 -0.6220747232 0.7233928442
38.9 -115.5 2730.3 0.9065526724 0.0573496409 0.4181784689 -0.0613115057 0.9981107712 -0.0039676465 -0.4176159799 -0.0220422707 0.9083562493
16.1 -512.3 2739.0 0.9055857658 0.0445621759 0.4218158424 -0.1260995567 0.9777875543 0.1674228907 -0.4049855471 -0.2048065811 0.8910897970
216.4 -95.6 2688.2 0.8865931630 0.0240784381 0.4619228840 0.0611732155 0.9837684631 -0.1686934382 -0.4584870338 0.1778197736 0.8707294464
206.8 -486.7 2617.5 0.8922438622 -0.0928100571 0.4419130385 0.0127751688 0.9834463596 0.1807485521 -0.4513730705 -0.1556262672 0.8786596656
-137.6 328.0 2564.4 0 0 0 0 0 0 0 0 0
267.1 -224.7 2548.1 0 0 0 0 0 0 0 0 0
4.6 -765.1 2792.0 0 0 0 0 0 0 0 0 0
232.1 -754.7 2659.9 0 0 0 0 0 0 0 0 0
54.2 487.5 2694.8 3 0.9582517147 -0.1136018783 0.2623894513 0.1043147147 0.9933313727 0.0491047055 -0.2662180364 -0.0196835883 0.9637118578
76.8 289.8 2698.7 0.9582517147 -0.1136018783 0.2623894513 0.1043147147 0.9933313727 0.0491047055 -0.2662180364 -0.0196835883 0.9637118578
98.3 92.2 2703.2 0.9589058757 -0.1082114726 0.2622780204 0.0984541699 0.9938794971 0.0501028784 -0.2660944760 -0.0222215801 0.9636908174
-58.1 275.9 2736.2 0.9285051227 -0.3713125587 0.0022834963 0.3262957633 0.8129700422 -0.4822974503 0.1772266775 0.4485607445 0.8760045171
-239.7 212.1 2701.5 -0.5185475349 -0.3713125587 -0.7702177763 -0.5823055506 0.8129700422 0.0001131327 0.6261219382 0.4485607445 -0.6377809644
211.7 303.6 2661.3 0.2344218493 0.7569774985 0.6099438071 -0.9662895799 0.2501425445 0.0609353147 -0.1064462364 -0.6036669612 0.7900983691
275.8 39.7 2632.2 -0.0337709673 0.7567633986 0.6528159976 -0.9530156255 0.1723597795 -0.2491051555 -0.3010328710 -0.6305563450 0.7153865695
35.1 -116.8 2731.7 0.8996891975 0.0582489409 0.4326273799 -0.0604510531 0.9981334805 -0.0086750332 -0.4323251545 -0.0183479469 0.9015311003
11.9 -513.6 2739.0 0.8996602297 0.0257771425 0.4358290434 -0.1154436395 0.9767704010 0.1805334091 -0.4210512936 -0.2127324194 0.8817373514
211.7 -97.9 2685.7 0.8797810078 0.0059215971 0.4753423035 0.0751984715 0.9855991006 -0.1514582336 -0.4693938196 0.1689950973 0.8666660786
209.3 -489.6 2618.5 0.8873639107 -0.0904241428 0.4521158934 0.0123475315 0.9848890901 0.1727455258 -0.4609043598 -0.1477056295 0.8750715256
-110.9 356.8 2545.9 0 0 0 0 0 0 0 0 0
266.3 -226.6 2548.1 0 0 0 0 0 0 0 0 0
5.3 -765.9 2794.0 0 0 0 0 0 0 0 0 0
233.2 -749.5 2657.5 0 0 0 0 0 0 0 0 0
54.5 489.6 2694.8 4 0.9578490853 -0.1039186716 0.2678171694 0.0947284326 0.9943907857 0.0470478721 -0.2712040842 -0.0196948629 0.9623203278
75.2 291.4 2698.7 0.9578490853 -0.1039186716 0.2678171694 0.0947284326 0.9943907857 0.0470478721 -0.2712040842 -0.0196948629 0.9623203278
95.2 93.7 2702.8 0.9581978917 -0.1006836370 0.2678051591 0.0913374051 0.9947024584 0.0471647158 -0.2711351514 -0.0207325052 0.9623180032
-59.6 278.6 2736.9 0.8972457647 -0.4295366108 -0.1022173166 0.3072714210 0.7736984491 -0.5540531874 0.3170715272 0.4657134116 0.8261820078
-229.6 220.4 2676.8 -0.5565253496 -0.4295366108 -0.7111806273 -0.6329349875 0.7736984491 0.0279992893 0.5382125974 0.4657134116 -0.7024515867
210.0 304.3 2660.6 0.2416703552 0.7533822656 0.6115640998 -0.9647490382 0.2542157471 0.0680707321 -0.1041859388 -0.6064565182 0.7882612348
275.6 42.4 2632.3 -0.0354198776 0.7530478835 0.6570116878 -0.9515109658 0.1756030470 -0.2525676787 -0.3055687845 -0.6340997219 0.7103134990
31.9 -114.4 2732.0 0.8978181481 0.0555780008 0.4368451536 -0.0514094271 0.9984489679 -0.0213702340 -0.4373553097 -0.0032713744 0.8992828131
9.8 -511.4 2733.3 0.8985086679 0.0212254263 0.4384422600 -0.1191648766 0.9731147289 0.1970975697 -0.4224711359 -0.2293408066 0.8768813610
207.8 -96.4 2683.2 0.8778858185 -0.0035944474 0.4788564742 0.0826216340 0.9861126542 -0.1440678686 -0.4716885686 0.1660390496 0.8659912944
209.2 -488.4 2617.2 0.8872416019 -0.0863409564 0.4531528950 0.0063663255 0.9845263958 0.1751207560 -0.4612610638 -0.1524894983 0.8740624785
-85.3 384.5 2537.2 0 0 0 0 0 0 0 0 0
265.7 -223.5 2546.9 0 0 0 0 0 0 0 0 0
4.2 -766.1 2793.3 0 0 0 0 0 0 0 0 0
232.7 -756.0 2658.6 0 0 0 0 0 0 0 0 0
55.2 490.2 2695.3 5 0.9498651028 -0.1382606030 0.2804287076 0.1285149604 0.9902933836 0.0529427901 -0.2850266099 -0.0142492251 0.9584136605
82.9 291.9 2698.1 0.9498651028 -0.1382606030 0.2804287076 0.1285149604 0.9902933836 0.0529427901 -0.2850266099 -0.0142492251 0.9584136605
97.5 93.8 2704.1 0.9569510818 -0.0733209327 0.2808357477 0.0619642101 0.9968689084 0.0491199680 -0.2835579515 -0.0296036415 0.9584980607
-51.7 283.2 2738.0 0.8801943660 -0.4467383921 -0.1602580398 0.2735979855 0.7535101771 -0.5978014469 0.3878169358 0.4823352098 0.7854621410
-227.8 228.4 2660.4 -0.5993760228 -0.4467383921 -0.6642086506 -0.6523215175 0.7535101771 0.0818477497 0.4639234543 0.4823352098 -0.7430530190
217.5 300.6 2658.3 0.2194908410 0.7514833212 0.6221708655 -0.9706799388 0.2322709858 0.0618922971 -0.0980012119 -0.6175135970 0.7804311514
276.0 41.7 2632.1 -0.0346492529 0.7507241964 0.6597064734 -0.9506338239 0.1789235324 -0.2535384893 -0.3083744645 -0.6359241605 0.7074642181
27.3 -112.4 2731.9 0.8930689692 0.0433667339 0.4478248656 -0.0416770801 0.9990381598 -0.0136314752 -0.4479852617 -0.0064901854 0.8940173984
10.1 -509.6 2734.4 0.8943884373 0.0151716890 0.4470337629 -0.1138874814 0.9742100239 0.1947934180 -0.4325494170 -0.2251325250 0.8730500340
203.1 -95.7 2682.1 0.8742583990 -0.0098214326 0.4853614867 0.0897322074 0.9858369231 -0.1416816264 -0.4770957828 0.1674188972 0.8627575040
207.0 -487.6 2615.5 0.8847828507 -0.0946816579 0.4562835693 0.0104565574 0.9829290509 0.1836874634 -0.4658862054 -0.1577523649 0.8706688285
-67.0 403.5 2535.9 0 0 0 0 0 0 0 0 0
266.3 -224.0 2545.9 0 0 0 0 0 0 0 0 0
6.1 -764.5 2793.3 0 0 0 0 0 0 0 0 0
232.6 -753.0 2658.1 0 0 0 0 0 0 0 0 0
55.6 485.6 2695.5 6 0.9478477240 -0.1635394096 0.2735681236 0.1567349136 0.9865358472 0.0467037447 -0.2775226533 -0.0013903619 0.9607180953
87.5 293.3 2695.8 0.9478477240 -0.1635394096 0.2735681236 0.1567349136 0.9865358472 0.0467037447 -0.2775226533 -0.0013903619 0.9607180953
96.0 95.1 2704.7 0.9611234069 -0.0431757867 0.2727225721 0.0292795002 0.9980667830 0.0548216552 -0.2745622993 -0.0447051972 0.9605295062
-47.7 289.2 2734.4 0.8652312160 -0.4818731248 -0.1384675801 0.3032680750 0.7229269147 -0.6208100319 0.3992536068 0.4951514304 0.7716356516
-223.5 227.6 2653.2 -0.5866218805 -0.4818731248 -0.6509017348 -0.6859223247 0.7229269147 0.0829894096 0.4305640459 0.4951514304 -0.7546122670
222.6 297.5 2657.2 0.1975975186 0.7612103224 0.6176682711 -0.9754101634 0.2154243886 0.0465547033 -0.0976228863 -0.6116790175 0.7850596309
275.4 36.8 2631.1 -0.0358625837 0.7604086995 0.6484539509 -0.9471856356 0.1810483783 -0.2646900117 -0.3186741173 -0.6236987710 0.7137553096
24.3 -110.0 2736.0 0.8982559443 0.0347781107 0.4380944073 -0.0293185636 0.9993852973 -0.0192222446 -0.4384936094 0.0044221980 0.8987234235
10.5 -507.3 2734.2 0.9000691175 0.0143343946 0.4355113208 -0.1089401469 0.9751222134 0.1930509359 -0.4219095111 -0.2212038487 0.8792390227
199.8 -98.6 2684.0 0.8811456561 -0.0209543947 0.4723803997 0.0993171558 0.9849337339 -0.1415685117 -0.4622969031 0.1716579646 0.8699511886
208.1 -490.2 2615.7 0.8929148912 -0.0906822383 0.4409985542 0.0109297652 0.9835832715 0.1801234484 -0.4500928223 -0.1560149044 0.8792473078
-61.7 416.9 2534.4 0 0 0 0 0 0 0 0 0
265.4 -227.9 2542.1 0 0 0 0 0 0 0 0 0
6.7 -762.7 2792.2 0 0 0 0 0 0 0 0 0
232.3 -752.4 2657.3 0 0 0 0 0 0 0 0 0
56.1 487.4 2695.2 7 0.9419212341 -0.1941330135 0.2740378082 0.1854861081 0.9809699059 0.0573838577 -0.2799629569 -0.0032208667 0.9600054026
94.4 294.3 2695.8 0.9419212341 -0.1941330135 0.2740378082 0.1854861081 0.9809699059 0.0573838577 -0.2799629569 -0.0032208667 0.9600054026
98.3 95.9 2705.6 0.9613824487 -0.0198306888 0.2745006084 0.0054357029 0.9985742569 0.0531023517 -0.2751622796 -0.0495595634 0.9601195455
-40.8 293.5 2734.5 0.8680633307 -0.4750223458 -0.1442907751 0.2904320061 0.7216249704 -0.6284159422 0.4026354551 0.5035982132 0.7643778920
-228.8 230.6 2647.3 -0.6023007631 -0.4750223458 -0.6415508986 -0.6838545203 0.7216249704 0.1077047884 0.4117970169 0.5035982132 -0.7594814301
229.6 295.0 2657.1 0.1689118296 0.7650684714 0.6214008331 -0.9799315333 0.1980582327 0.0225199442 -0.1058442518 -0.6127341390 0.7831690907
274.7 33.0 2628.8 -0.0329335444 0.7646920681 0.6435537934 -0.9453004003 0.1852498055 -0.2684952617 -0.3245344162 -0.6171941161 0.7167627215
16.5 -105.9 2738.7 0.8986513615 0.0086280126 0.4385787249 -0.0049661086 0.9999426007 -0.0094959401 -0.4386354685 0.0063555101 0.8986425996
13.1 -503.3 2736.2 0.9014289379 0.0247327462 0.4322199821 -0.1134876683 0.9769533277 0.1807837039 -0.4177874923 -0.2120153010 0.8834608793
192.7 -100.5 2688.4 0.8820117712 -0.0424826480 0.4693084359 0.1224787608 0.9823669195 -0.1412592679 -0.4550320208 0.1820726544 0.8716624379
209.6 -491.0 2616.0 0.8974773884 -0.0894433782 0.4318960309 0.0133507550 0.9842823148 0.1760968566 -0.4408583343 -0.1522768140 0.8845652938
-59.2 423.2 2531.3 0 0 0 0 0 0 0 0 0
265.5 -231.2 2538.1 0 0 0 0 0 0 0 0 0
6.5 -763.6 2792.7 0 0 0 0 0 0 0 0 0
233.4 -752.3 2656.5 0 0 0 0 0 0 0 0 0
56.5 485.5 2697.0 8 0.9379194975 -0.2135300636 0.2733349204 0.2076615542 0.9768920541 0.0505826510 -0.2778196335 0.0093187010 0.9605880380
98.1 295.0 2695.2 0.9379194975 -0.2135300636 0.2733349204 0.2076615542 0.9768920541 0.0505826510 -0.2778196335 0.0093187010 0.9605880380
99.8 96.5 2704.4 0.9617673159 -0.0084103514 0.2737386823 -0.0046388973 0.9988846779 0.0469882861 -0.2738285661 -0.0464616455 0.9606556296
-37.2 295.6 2733.7 0.8744890690 -0.4618865848 -0.1480866820 0.2766186893 0.7256947160 -0.6299597621 0.3984356821 0.5099293590 0.7623785734
-231.6 234.1 2645.1 -0.6127694249 -0.4618865848 -0.6412288547 -0.6767526865 0.7256947160 0.1239879727 0.4080680013 0.5099293590 -0.7572665215
233.4 294.3 2656.6 0.1531367898 0.7688560486 0.6208136082 -0.9823604226 0.1866651326 0.0111416867 -0.1073178947 -0.6115688682 0.7838790417
274.6 30.0 2627.8 -0.0427976735 0.7682028413 0.6387744546 -0.9486234188 0.1693775505 -0.2672542632 -0.3134995103 -0.6173942685 0.7214862108
14.1 -103.0 2740.7 0.8993237615 -0.0023017651 0.4372773767 0.0056533543 0.9999637604 -0.0063632699 -0.4372468889 0.0081947232 0.8993041515
15.0 -500.5 2737.5 0.9021493196 0.0328965858 0.4301679432 -0.1159034297 0.9789133072 0.1682117134 -0.4155635238 -0.2016100287 0.8869387507
190.4 -102.0 2690.3 0.8835186958 -0.0473051481 0.4660010338 0.1254644692 0.9824329019 -0.1381457597 -0.4512797594 0.1805209368 0.8739329576
209.2 -492.6 2618.5 0.8995727897 -0.0898156241 0.4274364710 0.0136372130 0.9839272499 0.1780483723 -0.4365579188 -0.1543384343 0.8863390088
-57.3 426.6 2529.0 0 0 0 0 0 0 0 0 0
262.7 -235.1 2540.1 0 0 0 0 0 0 0 0 0
6.0 -767.9 2792.5 0 0 0 0 0 0 0 0 0
233.1 -754.3 2659.6 0 0 0 0 0 0 0 0 0
56.2 483.5 2695.9 9 0.9354187846 -0.2306895852 0.2679067552 0.2228090018 0.9730204940 0.0598938651 -0.2744956613 0.0036661928 0.9615813494
100.5 296.4 2695.2 0.9354187846 -0.2306895852 0.2679067552 0.2228090018 0.9730204940 0.0598938651 -0.2744956613 0.0036661928 0.9615813494
100.8 97.9 2705.8 0.9631759524 -0.0014046233 0.2688681781 -0.0129831331 0.9985768795 0.0517267101 -0.2685582042 -0.0533126742 0.9617869854
-35.0 298.2 2733.0 0.8896222115 -0.4381914735 -0.1286879629 0.2731844485 0.7363944650 -0.6189454198 0.3659816980 0.5154720545 0.7748199701
-233.2 237.3 2651.4 -0.6138666272 -0.4381914735 -0.6566247344 -0.6640632153 0.7363944650 0.1293957382 0.4268347025 0.5154720545 -0.7430347800
236.0 294.5 2657.4 0.1466793418 0.7721374035 0.6182952523 -0.9826141000 0.1856556088 0.0012575542 -0.1138189882 -0.6077300906 0.7859448791
276.3 24.9 2626.2 -0.0466258042 0.7715020776 0.6345160007 -0.9454821348 0.1708773226 -0.2772444785 -0.3223190904 -0.6128503084 0.7214741111
13.2 -101.6 2738.7 0.9016973972 0.0019292361 0.4323634207 0.0004651747 0.9999851584 -0.0054321298 -0.4323674738 0.0050992616 0.9016830921
12.5 -499.2 2736.7 0.9045225978 0.0221858118 0.4258481562 -0.1050240695 0.9794741273 0.1720477641 -0.4132902026 -0.2003453970 0.8882865310
189.7 -102.5 2688.5 0.8866735697 -0.0441996418 0.4602786005 0.1185561419 0.9838770032 -0.1339049488 -0.4469389617 0.1732988358 0.8776178360
207.2 -493.6 2619.6 0.9006679058 -0.0990989059 0.4230564535 0.0226056874 0.9830127954 0.1821394712 -0.4339197278 -0.1544836909 0.8876082897
-56.2 428.8 2528.4 0 0 0 0 0 0 0 0 0
263.3 -239.3 2536.1 0 0 0 0 0 0 0 0 0
6.3 -769.5 2792.0 0 0 0 0 0 0 0 0 0
232.9 -748.1 2659.6 0 0 0 0 0 0 0 0 0
54.9 482.1 2694.3 0 0.9325020313 -0.2461726069 0.2642707527 0.2358434647 0.9692195058 0.0706502348 -0.2735285163 -0.0035549523 0.9618573189
102.3 295.6 2695.0 0.9325020313 -0.2461726069 0.2642707527 0.2358434647 0.9692195058 0.0706502348 -0.2735285163 -0.0035549523 0.9618573189
100.9 97.1 2705.2 0.9636560082 0.0070590377 0.2670528591 -0.0205491930 0.9986477494 0.0477540754 -0.2663546205 -0.0515062250 0.9624979496
-33.3 298.5 2732.5 0.9022457600 -0.4158819914 -0.1139946580 0.2659455538 0.7447355390 -0.6120800376 0.3394489288 0.5219302773 0.7825363874
-233.7 239.4 2657.1 -0.6114012003 -0.4158819914 -0.6732241511 -0.6538245678 0.7447355390 0.1337252110 0.4457600117 0.5219302773 -0.7272460461
237.9 292.7 2657.5 0.1384908259 0.7756295204 0.6158077121 -0.9843304157 0.1763323694 -0.0007272681 -0.1091509163 -0.6060575247 0.7878961563
275.6 25.3 2627.9 -0.0409860760 0.7753198743 0.6302374005 -0.9482600093 0.1685727984 -0.2690467238 -0.3148381412 -0.6086561084 0.7282957435
12.7 -99.4 2741.0 0.9027659297 0.0074903639 0.4300669432 0.0041562715 0.9996497631 -0.0261351876 -0.4301120937 0.0253814328 0.9024186134
9.7 -496.8 2730.9 0.9071928859 0.0115839224 0.4205554724 -0.1057540700 0.9738035798 0.2013025135 -0.4072065651 -0.2270956486 0.8846526742
189.4 -101.8 2691.7 0.8876023293 -0.0463991500 0.4582675993 0.1372254342 0.9763725996 -0.1669303328 -0.4396944940 0.2110537291 0.8729977608
207.9 -489.7 2607.9 0.9090003371 -0.0903763622 0.4068790376 0.0014035029 0.9768661857 0.2138469070 -0.4167930782 -0.1938158572 0.8880984783
-55.5 429.9 2527.2 0 0 0 0 0 0 0 0 0
264.1 -239.7 2539.9 0 0 0 0 0 0 0 0 0
6.5 -771.5 2795.0 0 0 0 0 0 0 0 0 0
232.3 -754.3 2660.4 0 0 0 0 0 0 0 0 0
56.0 484.1 2695.1 1 0.9339588881 -0.2412727624 0.2636440992 0.2330676615 0.9704523683 0.0624633804 -0.2709247470 0.0031086875 0.9625955224
103.5 292.9 2694.4 0.9339588881 -0.2412727624 0.2636440992 0.2330676615 0.9704523683 0.0624633804 -0.2709247470 0.0031086875 0.9625955224
99.3 94.4 2704.8 0.9638381004 0.0212875791 0.2656368017 -0.0343510620 0.9984128475 0.0446288735 -0.2642651498 -0.0521399155 0.9630396366
-32.1 297.7 2731.6 0.9025843143 -0.4136495888 -0.1193127409 0.2519279718 0.7322202921 -0.6327604055 0.3491042852 0.5410614014 0.7651004791
-236.5 240.7 2652.6 -0.6264088750 -0.4136495888 -0.6606859565 -0.6601568460 0.7322202921 0.1674705744 0.4144935608 0.5410614014 -0.7317428589
239.1 288.0 2657.2 0.1388162822 0.7777834535 0.6130113602 -0.9842830896 0.1765939891 -0.0011702359 -0.1091643125 -0.6032142639 0.7900732160
276.7 21.9 2627.7 -0.0541844256 0.7768653631 0.6273310781 -0.9476819038 0.1579202563 -0.2774171233 -0.3145840168 -0.6095419526 0.7276644111
11.1 -99.6 2739.9 0.9038031697 0.0100669106 0.4278299212 0.0004867452 0.9996984601 -0.0245513376 -0.4279480577 0.0223978218 0.9035257697
7.1 -497.0 2731.0 0.9081518054 0.0007260257 0.4186403453 -0.0959364325 0.9737478495 0.2064251155 -0.4075002670 -0.2276282012 0.8843805194
187.9 -103.3 2691.0 0.8899587989 -0.0505664609 0.4532288015 0.1345570087 0.9787045121 -0.1550223082 -0.4357381165 0.1989485770 0.8778107762
208.0 -492.3 2612.0 0.9096810818 -0.0890930369 0.4056386352 0.0053464537 0.9791502357 0.2030671835 -0.4152730405 -0.1825576425 0.8911907673
-55.4 431.5 2532.8 0 0 0 0 0 0 0 0 0
261.5 -242.9 2539.8 0 0 0 0 0 0 0 0 0
6.9 -765.9 2793.9 0 0 0 0 0 0 0 0 0
231.6 -751.1 2660.2 0 0 0 0 0 0 0 0 0
54.8 484.0 2693.4 2 0.9311647415 -0.2512935996 0.2641661167 0.2403518856 0.9678981900 0.0735121146 -0.2741590440 -0.0049590589 0.9616715908
104.2 293.6 2694.4 0.9311647415 -0.2512935996 0.2641661167 0.2403518856 0.9678981900 0.0735121146 -0.2741590440 -0.0049590589 0.9616715908
99.8 95.2 2705.0 0.9633272886 0.0222484507 0.2674051523 -0.0357441120 0.9983152151 0.0457070917 -0.2659377158 -0.0535890497 0.9624995589
-31.4 298.6 2731.8 0.9069188833 -0.4056035876 -0.1139469892 0.2495431155 0.7350702882 -0.6303966045 0.3394501805 0.5432838798 0.7678647041
-237.6 241.9 2654.6 -0.6301383972 -0.4056035876 -0.6621263623 -0.6554229856 0.7350702882 0.1734715104 0.4163487554 0.5432838798 -0.7290379405
239.8 288.6 2657.0 0.1364300698 0.7772105932 0.6142723560 -0.9849896431 0.1726130694 0.0003671035 -0.1057461277 -0.6051020026 0.7890939713
277.4 16.9 2627.8 -0.0509305745 0.7765533328 0.6279896498 -0.9486946464 0.1588644534 -0.2733871341 -0.3120649159 -0.6096941829 0.7286209464
6.6 -100.9 2739.4 0.9030718207 -0.0078443624 0.4294179678 0.0201110747 0.9995087981 -0.0240354035 -0.4290184975 0.0303417519 0.9027859569
9.7 -498.2 2727.3 0.9093594551 0.0116508054 0.4158481359 -0.1079427600 0.9719802141 0.2088128179 -0.4017633200 -0.2347736955 0.8851370215
183.5 -107.2 2690.9 0.8889671564 -0.0601463802 0.4540041983 0.1393207312 0.9798698425 -0.1429852992 -0.4362649918 0.1903614253 0.8794517517
207.4 -496.7 2615.2 0.9072127938 -0.0969442651 0.4093492031 0.0213147234 0.9824271798 0.1854252815 -0.4201316833 -0.1594950110 0.8933368325
-55.2 431.7 2534.1 0 0 0 0 0 0 0 0 0
263.2 -248.3 2540.6 0 0 0 0 0 0 0 0 0
6.5 -764.9 2791.8 0 0 0 0 0 0 0 0 0
232.2 -748.0 2656.0 0 0 0 0 0 0 0 0 0
57.6 483.3 2694.1 3 0.9335940480 -0.2409393638 0.2652365565 0.2319687158 0.9705399275 0.0651368126 -0.2731166780 0.0007152411 0.9619806409
104.6 293.8 2694.0 0.9335940480 -0.2409393638 0.2652365565 0.2319687158 0.9705399275 0.0651368126 -0.2731166780 0.0007152411 0.9619806409
99.9 95.4 2704.9 0.9633243084 0.0237266738 0.2672888935 -0.0374978259 0.9982125759 0.0465350524 -0.2657070160 -0.0548510998 0.9624921679
-30.9 299.1 2731.4 0.9114648104 -0.3897251487 -0.1317050457 0.2267963588 0.7431558967 -0.6295099258 0.3432132304 0.5439059138 0.7657486796
-239.2 247.2 2652.9 -0.6415664554 -0.3897251487 -0.6606866121 -0.6427978277 0.7431558967 0.1858233213 0.4185731113 0.5439059138 -0.7272983789
240.2 288.5 2656.6 0.1342101246 0.7768751979 0.6151849627 -0.9843899012 0.1758495420 -0.0073117134 -0.1138602868 -0.6046005487 0.7883489132
277.2 17.1 2625.2 -0.0471066460 0.7761789560 0.6287505031 -0.9500967264 0.1595083922 -0.2680919170 -0.3083783090 -0.6100026965 0.7299311757
7.0 -100.0 2740.1 0.9031496048 -0.0084268870 0.4292432666 0.0226154067 0.9993530512 -0.0279647037 -0.4287298918 0.0349638239 0.9027559161
10.3 -497.3 2726.2 0.9096550345 0.0162755381 0.4150455892 -0.1129306629 0.9712821245 0.2094223052 -0.3997179270 -0.2373734266 0.8853696585
183.7 -106.6 2691.3 0.8898252249 -0.0527460650 0.4532426596 0.1274049282 0.9825119972 -0.1357870251 -0.4381541312 0.1785720736 0.8809841275
204.7 -497.1 2620.3 0.9036870003 -0.1047408208 0.4151857197 0.0349472314 0.9844278097 0.1722805351 -0.4267651737 -0.1411780864 0.8932750225
-55.2 431.7 2532.8 0 0 0 0 0 0 0 0 0
264.0 -248.5 2539.0 0 0 0 0 0 0 0 0 0
5.8 -765.0 2791.6 0 0 0 0 0 0 0 0 0
231.8 -751.6 2656.8 0 0 0 0 0 0 0 0 0
52.5 486.9 2702.4 4 0.9176870584 -0.1712522656 0.3585011661 0.1601887941 0.9852254987 0.0605825596 -0.3635793924 0.0018320367 0.9315614104
86.0 294.1 2702.1 0.9176870584 -0.1712522656 0.3585011661 0.1601887941 0.9852254987 0.0605825596 -0.3635793924 0.0018320367 0.9315614104
92.3 95.8 2707.2 0.9320721626 -0.0331122503 0.3607563078 0.0205178801 0.9990407228 0.0386863388 -0.3616912365 -0.0286565032 0.9318574071
-44.3 291.2 2752.6 0.8794047832 -0.4058834910 -0.2488088012 0.1705981940 0.7565847635 -0.6312493682 0.4444586337 0.5126773715 0.7345872521
-240.7 253.1 2653.4 -0.6329003572 -0.4058834910 -0.6593145728 -0.6373715401 0.7565847635 0.1460720301 0.4395391345 0.5126773715 -0.7375413775
216.3 297.0 2651.5 0.2118827850 0.7045986652 0.6772343516 -0.9731599689 0.2157939374 0.0799541920 -0.0898074508 -0.6759982705 0.7314102650
277.3 16.9 2625.7 -0.0455051623 0.7036703825 0.7090678811 -0.9487463832 0.1917753071 -0.2512022555 -0.3127453029 -0.6841565967 0.6588779688
6.8 -99.7 2740.1 0.8546166420 -0.0117602479 0.5191262364 0.0240143146 0.9995689392 -0.0168896392 -0.5187038183 0.0269006286 0.8545306921
11.5 -497.1 2729.5 0.8625207543 0.0179645922 0.5057026744 -0.1306617409 0.9733855724 0.1882766187 -0.4888613522 -0.2284684777 0.8419125080
183.6 -106.5 2691.4 0.8358888626 -0.0526053160 0.5463721156 0.1457061321 0.9809515476 -0.1284671575 -0.5292065144 0.1869940311 0.8276314139
204.5 -496.5 2617.0 0.8574789762 -0.1073596999 0.5031934977 0.0164414402 0.9832061529 0.1817561984 -0.5142562389 -0.1475788951 0.8448438048
-60.0 435.0 2527.9 0 0 0 0 0 0 0 0 0
264.6 -248.2 2538.3 0 0 0 0 0 0 0 0 0
6.6 -764.1 2792.1 0 0 0 0 0 0 0 0 0
232.0 -748.5 2654.9 0 0 0 0 0 0 0 0 0
48.9 485.1 2708.6 5 0.9041965604 -0.1733196825 0.3903701007 0.1743721664 0.9841250181 0.0330494568 -0.3899011314 0.0381864794 0.9200646281
82.1 296.6 2701.3 0.9041965604 -0.1733196825 0.3903701007 0.1743721664 0.9841250181 0.0330494568 -0.3899011314 0.0381864794 0.9200646281
92.8 98.4 2706.4 0.9197036028 -0.0545280874 0.3888083994 0.0394623466 0.9981321692 0.0466362722 -0.3906251490 -0.0275482535 0.9201375246
-46.8 291.0 2756.1 0.8716819286 -0.4107246101 -0.2673498094 0.1617858261 0.7561206818 -0.6341189742 0.4625969827 0.5094966292 0.7255461216
-241.9 254.8 2652.5 -0.6320891380 -0.4107246101 -0.6570910811 -0.6388574839 0.7561206818 0.1419247687 0.4385481477 0.5094966292 -0.7403301597
211.0 302.1 2646.5 0.2382132262 0.6820304394 0.6914397478 -0.9689525962 0.2154376656 0.1213153899 -0.0662213787 -0.6988713145 0.7121752501
276.7 34.9 2628.3 -0.0500536449 0.6806511879 0.7308956981 -0.9554657340 0.1804639101 -0.2334909290 -0.2908261716 -0.7100328803 0.6413060427
13.6 -104.3 2745.3 0.8376223445 0.0072724228 0.5462013483 0.0169004332 0.9990876913 -0.0392199121 -0.5459882617 0.0420825146 0.8367352486
10.7 -501.4 2728.6 0.8456815481 0.0150466841 0.5334756970 -0.1368930042 0.9722747803 0.1895838678 -0.5158323646 -0.2333566695 0.8242946267
183.5 -100.5 2679.4 0.8172628880 -0.0571006350 0.5734290481 0.1390843838 0.9852061868 -0.1001215503 -0.5592288375 0.1615806520 0.8131142855
206.2 -492.1 2615.2 0.8398284912 -0.1046220213 0.5326747298 0.0031647685 0.9821794033 0.1879190505 -0.5428426266 -0.1561339796 0.8251933455
-62.1 436.6 2527.7 0 0 0 0 0 0 0 0 0
262.7 -232.1 2547.0 0 0 0 0 0 0 0 0 0
6.7 -763.7 2791.5 0 0 0 0 0 0 0 0 0
233.4 -747.7 2655.8 0 0 0 0 0 0 0 0 0
47.4 484.1 2701.7 6 0.9112362862 -0.2007757276 0.3596352339 0.1889607012 0.9796195030 0.0681133792 -0.3659811914 0.0058895396 0.9306036234
85.5 298.5 2700.6 0.9112362862 -0.2007757276 0.3596352339 0.1889607012 0.9796195030 0.0681133792 -0.3659811914 0.0058895396 0.9306036234
94.7 100.1 2706.3 0.9307748079 -0.0467539690 0.3625910878 0.0328221060 0.9984704256 0.0444921777 -0.3641166389 -0.0295111965 0.9308856726
-45.2 293.9 2751.7 0.8779222965 -0.4089583158 -0.2490091175 0.1673512608 0.7493544221 -0.6406726837 0.4486044943 0.5207888484 0.7263146639
-243.3 256.1 2650.5 -0.6402977109 -0.4089583158 -0.6502091289 -0.6422598958 0.7493544221 0.1611524969 0.4213324487 0.5207888484 -0.7424674630
216.2 303.1 2649.5 0.2229201347 0.7019898891 0.6763998866 -0.9716919065 0.2156978697 0.0963808000 -0.0782396644 -0.6787375212 0.7302013040
276.1 41.8 2628.4 -0.0524560548 0.7002804279 0.7119380236 -0.9563302994 0.1700506210 -0.2377291769 -0.2875425816 -0.6933181882 0.6607791781
19.4 -103.5 2747.3 0.8528417349 0.0282092597 0.5214070082 0.0018579050 0.9983694553 -0.0570528619 -0.5221662521 0.0496257842 0.8513987064
8.2 -500.3 2727.5 0.8595066071 0.0043199770 0.5111063719 -0.1248737499 0.9714369178 0.2017842680 -0.4956358969 -0.2372586876 0.8354958892
187.5 -96.2 2675.9 0.8345600963 -0.0438969769 0.5491652489 0.1199804172 0.9873760939 -0.1034079418 -0.5376933217 0.1521892250 0.8292914629
204.9 -488.7 2615.4 0.8506138325 -0.1121109053 0.5136995912 0.0189297982 0.9828999043 0.1831651330 -0.5254500508 -0.1460785568 0.8381904960
-62.0 438.0 2531.2 0 0 0 0 0 0 0 0 0
261.5 -225.5 2548.1 0 0 0 0 0 0 0 0 0
7.0 -764.9 2792.2 0 0 0 0 0 0 0 0 0
234.4 -747.0 2653.8 0 0 0 0 0 0 0 0 0
49.0 488.1 2708.7 7 0.9094034433 -0.1466200650 0.3892145753 0.1396658868 0.9891167283 0.0462771095 -0.3917637765 0.0122754369 0.9199839234
77.3 297.3 2706.4 0.9094034433 -0.1466200650 0.3892145753 0.1396658868 0.9891167283 0.0462771095 -0.3917637765 0.0122754369 0.9199839234
90.1 99.0 2707.4 0.9181616902 -0.0650315806 0.3908324540 0.0574433543 0.9978646040 0.0310885739 -0.3920195997 -0.0060936110 0.9199366570
-51.7 289.2 2761.4 0.8762755394 -0.4254467189 -0.2261333466 0.2009856403 0.7493295670 -0.6309595704 0.4378880560 0.5074449182 0.7421278358
-258.3 241.8 2658.2 -0.6292606592 -0.4254467189 -0.6504045725 -0.6479313970 0.7493295670 0.1367117465 0.4292038381 0.5074449182 -0.7471838593
206.3 305.4 2651.3 0.2532596588 0.6786680818 0.6893976927 -0.9642942548 0.2341435105 0.1237473115 -0.0774346590 -0.6961224675 0.7137348056
275.7 41.1 2630.1 -0.0225292202 0.6783257723 0.7344158292 -0.9588777423 0.1932281405 -0.2078854740 -0.2829238772 -0.7088984847 0.6460781693
18.7 -101.3 2745.3 0.8355133533 0.0239530988 0.5489478111 0.0098784715 0.9982330799 -0.0585927665 -0.5493813753 0.0543778017 0.8338004351
9.2 -498.1 2723.6 0.8442238569 0.0075514182 0.5359375477 -0.1393636018 0.9686023593 0.2058817595 -0.5175556540 -0.2485004812 0.8187696338
189.1 -95.3 2678.6 0.8154509664 -0.0461578593 0.5769827962 0.1386156529 0.9833825827 -0.1172364876 -0.5619834661 0.1755794585 0.8082985282
207.4 -486.1 2608.8 0.8408526778 -0.0976435542 0.5323837996 -0.0138065331 0.9794041514 0.2014369518 -0.5410879254 -0.1767291725 0.8221865296
-80.5 424.8 2537.0 0 0 0 0 0 0 0 0 0
269.4 -226.8 2551.1 0 0 0 0 0 0 0 0 0
7.1 -762.4 2791.4 0 0 0 0 0 0 0 0 0
234.0 -752.2 2656.8 0 0 0 0 0 0 0 0 0
51.2 491.5 2711.8 8 0.9132387042 -0.1122003049 0.3916710019 0.1119794250 0.9934328794 0.0234878995 -0.3917342126 0.0224090386 0.9198054671
73.1 297.7 2707.4 0.9132387042 -0.1122003049 0.3916710019 0.1119794250 0.9934328794 0.0234878995 -0.3917342126 0.0224090386 0.9198054671
86.2 99.4 2705.1 0.9174196720 -0.0663257316 0.3923545182 0.0653475896 0.9977364540 0.0158643126 -0.3925186396 0.0110851908 0.9196772575
-55.9 288.5 2762.6 0.8643481731 -0.4206572473 -0.2755897641 0.1564316452 0.7457205653 -0.6476341486 0.4779449403 0.5166704655 0.7103663087
-250.7 253.2 2654.8 -0.6236389279 -0.4206572473 -0.6588793397 -0.6513044238 0.7457205653 0.1403687149 0.4322927594 0.5166704655 -0.7390362620
202.1 306.9 2652.2 0.2727056444 0.6760280132 0.6845566034 -0.9586497545 0.2511159182 0.1339083016 -0.0813772827 -0.6927675605 0.7165548205
275.9 47.4 2630.2 -0.0215247124 0.6758959293 0.7366827130 -0.9578998089 0.1970636696 -0.2087914497 -0.2862946987 -0.7101624012 0.6431988478
18.8 -104.5 2744.4 0.8340679407 0.0277828220 0.5509616733 0.0007315261 0.9986744523 -0.0514666215 -0.5516612530 0.0433297046 0.8329420090
7.8 -501.5 2727.2 0.8415468335 0.0001528746 0.5401841402 -0.1297367215 0.9707877040 0.2018406540 -0.5243732929 -0.2399400771 0.8169831038
187.0 -93.9 2672.6 0.8152458072 -0.0474448204 0.5771683455 0.1299461275 0.9862110019 -0.1024786308 -0.5643476844 0.1585460603 0.8101696372
205.9 -485.9 2609.6 0.8395701647 -0.1013285518 0.5337175727 -0.0152691044 0.9776610732 0.2096323371 -0.5430366397 -0.1841504425 0.8192678690
-74.7 437.0 2532.8 0 0 0 0 0 0 0 0 0
269.9 -220.3 2550.2 0 0 0 0 0 0 0 0 0
7.7 -762.3 2791.6 0 0 0 0 0 0 0 0 0
233.3 -750.7 2659.5 0 0 0 0 0 0 0 0 0
50.3 489.7 2714.3 9 0.9196282029 -0.1505239010 0.3628036380 0.1569120735 0.9875398874 0.0119833145 -0.3600868285 0.0459080711 0.9317885637
79.0 301.2 2705.5 0.9196282029 -0.1505239010 0.3628036380 0.1569120735 0.9875398874 0.0119833145 -0.3600868285 0.0459080711 0.9317885637
90.9 102.8 2704.0 0.9300583005 -0.0598068759 0.3625116348 0.0584423207 0.9981819391 0.0147398897 -0.3627341390 0.0074770642 0.9318626523
-51.8 292.9 2756.5 0.8616699576 -0.4102150798 -0.2987448573 0.1128388196 0.7288367152 -0.6753254533 0.4947649240 0.5481976271 0.6743049026
-245.9 267.5 2645.0 -0.6432434320 -0.4102150798 -0.6464993954 -0.6573412418 0.7288367152 0.1915711612 0.3926070929 0.5481976271 -0.7384707332
209.8 309.4 2654.5 0.2491208762 0.7017475963 0.6674497128 -0.9650174379 0.2380285561 0.1099259406 -0.0817318186 -0.6714854836 0.7364965677
276.4 51.2 2632.6 -0.0286859851 0.7012236714 0.7123640180 -0.9570496678 0.1864201277 -0.2220439315 -0.2885014415 -0.6881372929 0.6657581925
15.2 -104.9 2738.8 0.8513670564 0.0206492022 0.5241638422 -0.0091302581 0.9996568561 -0.0245513227 -0.5244909525 0.0161164366 0.8512634635
7.0 -502.1 2732.4 0.8560301661 -0.0025946281 0.5169193149 -0.1086002514 0.9767673612 0.1847472936 -0.5053892732 -0.2142868191 0.8358605504
183.4 -92.8 2666.9 0.8341645002 -0.0474831499 0.5494679213 0.1186744198 0.9884022474 -0.0947489962 -0.5385963321 0.1442440301 0.8301250935
202.3 -485.7 2609.5 0.8520016074 -0.1201358810 0.5095690489 0.0136766862 0.9780911803 0.2077270895 -0.5233604312 -0.1700146049 0.8349783421
-66.6 450.7 2535.6 0 0 0 0 0 0 0 0 0
268.4 -216.3 2552.0 0 0 0 0 0 0 0 0 0
7.7 -762.6 2789.5 0 0 0 0 0 0 0 0 0
234.1 -744.2 2654.5 0 0 0 0 0 0 0 0 0
51.2 485.9 2705.5 0 0.9272671938 -0.1848682761 0.3255752325 0.1808155626 0.9825788140 0.0429495685 -0.3278433383 0.0190433394 0.9445401430
85.8 302.1 2702.0 0.9272671938 -0.1848682761 0.3255752325 0.1808155626 0.9825788140 0.0429495685 -0.3278433383 0.0190433394 0.9445401430
94.7 103.6 2704.3 0.9437683821 -0.0452111028 0.3275015354 0.0387050100 0.9989029169 0.0263599902 -0.3283340037 -0.0122017749 0.9444828629
-46.9 296.7 2748.1 0.8610846996 -0.3874481320 -0.3292675316 0.0523901395 0.7117365599 -0.7004901171 0.5057553053 0.5859309435 0.6331638694
-240.6 284.9 2634.3 -0.6913055182 -0.3874481320 -0.6099022031 -0.6447888017 0.7117365599 0.2787086964 0.3261044919 0.5859309435 -0.7418496013
218.4 307.6 2655.8 0.2196557075 0.7283834219 0.6490061283 -0.9717394114 0.2223057151 0.0793895721 -0.0864517242 -0.6481032372 0.7566295862
276.9 49.0 2632.8 -0.0322990008 0.7276718616 0.6851645112 -0.9564013481 0.1765845418 -0.2326250076 -0.2902641296 -0.6628057957 0.6902428269
17.5 -101.0 2735.7 0.8708596826 0.0199389495 0.4911270738 -0.0066382098 0.9995628595 -0.0288098212 -0.4914868474 0.0218291078 0.8706113696
9.5 -498.3 2727.0 0.8757978678 0.0103239287 0.4825676084 -0.1225583851 0.9717620611 0.2016379982 -0.4668592215 -0.2357368469 0.8523324728
188.0 -90.2 2669.2 0.8547559977 -0.0398629382 0.5174969435 0.1144603416 0.9869769216 -0.1130284294 -0.5062518716 0.1558445990 0.8481871486
203.8 -482.6 2607.2 0.8718119264 -0.1121003702 0.4768411517 0.0096879313 0.9772170782 0.2120210230 -0.4897449613 -0.1802228391 0.8530355096
-50.6 462.1 2544.6 0 0 0 0 0 0 0 0 0
267.9 -218.3 2551.7 0 0 0 0 0 0 0 0 0
6.7 -763.6 2791.3 0 0 0 0 0 0 0 0 0
233.7 -742.9 2655.2 0 0 0 0 0 0 0 0 0
52.1 489.2 2700.7 1 0.9321393967 -0.1987220198 0.3026973605 0.1896194220 0.9800539613 0.0594870411 -0.3084811270 0.0019470884 0.9512284398
89.9 303.1 2700.3 0.9321393967 -0.1987220198 0.3026973605 0.1896194220 0.9800539613 0.0594870411 -0.3084811270 0.0019470884 0.9512284398
97.1 104.6 2704.9 0.9513991475 -0.0367353000 0.3057615757 0.0277344398 0.9990460277 0.0337312892 -0.3067090213 -0.0236117933 0.9515104294
-43.9 299.2 2743.4 0.8620909452 -0.3656099439 -0.3508967459 0.0089739710 0.7033464909 -0.7107905149 0.5066741109 0.6096171737 0.6096296310
-237.3 297.2 2629.7 -0.7204338312 -0.3656099439 -0.5893254280 -0.6285401583 0.7033464909 0.3320255876 0.2931081355 0.6096171737 -0.7365151644
223.6 307.1 2657.2 0.1981797814 0.7449489236 0.6370053887 -0.9760031104 0.2098128200 0.0582793280 -0.0902367830 -0.6332690716 0.7686531544
277.2 43.2 2632.8 -0.0332925580 0.7442436218 0.6670780182 -0.9531873465 0.1770633012 -0.2451171726 -0.3005419374 -0.6440109015 0.7035087347
17.1 -98.4 2736.7 0.8821363449 0.0223330781 0.4704643488 -0.0099632163 0.9995365143 -0.0287669227 -0.4708887339 0.0206890106 0.8819499612
8.2 -495.8 2728.5 0.8863915801 0.0023679726 0.4629302025 -0.1083857790 0.9732548594 0.2025523633 -0.4500694275 -0.2297157645 0.8629415631
190.0 -91.3 2676.6 0.8664686680 -0.0400867537 0.4976193905 0.1201605201 0.9842137098 -0.1299414635 -0.4845549166 0.1723844111 0.8576072454
206.0 -482.5 2608.1 0.8844251037 -0.1027235910 0.4552363157 0.0064176423 0.9780588746 0.2082298696 -0.4666380286 -0.1812421679 0.8656790257
-40.1 469.3 2549.5 0 0 0 0 0 0 0 0 0
267.9 -223.1 2548.8 0 0 0 0 0 0 0 0 0
7.6 -760.2 2790.9 0 0 0 0 0 0 0 0 0
234.1 -750.0 2657.6 0 0 0 0 0 0 0 0 0
54.6 493.3 2707.7 2 0.9343186021 -0.1996060908 0.2953068316 0.2082966566 0.9780635238 0.0020723464 -0.2892424762 0.0595751926 0.9554002285
93.2 303.8 2696.2 0.9343186021 -0.1996060908 0.2953068316 0.2082966566 0.9780635238 0.0020723464 -0.2892424762 0.0595751926 0.9554002285
98.2 105.2 2702.0 0.9562505484 -0.0249748174 0.2914809585 0.0151983667 0.9992449284 0.0357570983 -0.2921538949 -0.0297627095 0.9559081197
-41.2 301.7 2737.2 0.8691110611 -0.3533908129 -0.3460649252 -0.0053697457 0.6928797960 -0.7210330963 0.4945878685 0.6285161376 0.6002918482
-235.1 302.9 2626.9 -0.7337321043 -0.3533908129 -0.5803034902 -0.6220780611 0.6928797960 0.3646045327 0.2732326686 0.6285161376 -0.7282248139
227.7 306.0 2655.1 0.1821709424 0.7572274804 0.6272321939 -0.9794176817 0.1961323023 0.0476772077 -0.0869179964 -0.6230077147 0.7773716450
277.1 40.8 2631.6 -0.0341971368 0.7565486431 0.6530426741 -0.9549089670 0.1680885553 -0.2447348684 -0.2949228287 -0.6319655180 0.7166869044
17.1 -96.5 2737.6 0.8895133138 0.0258313380 0.4561785161 -0.0084251016 0.9991581440 -0.0401495285 -0.4568316042 0.0318701901 0.8889821172
6.8 -493.8 2725.0 0.8943113685 0.0024082083 0.4474386275 -0.1119672954 0.9693750739 0.2185755968 -0.4332094789 -0.2455731481 0.8671928048
191.5 -91.4 2681.4 0.8747529387 -0.0338325948 0.4833866954 0.1186101213 0.9821635485 -0.1458985209 -0.4698286653 0.1849597096 0.8631632924
205.0 -481.8 2607.9 0.8933289647 -0.0938379616 0.4394971728 -0.0027509099 0.9767970443 0.2141495347 -0.4493948817 -0.1925150007 0.8723429441
-34.3 473.1 2552.1 0 0 0 0 0 0 0 0 0
267.5 -226.1 2549.1 0 0 0 0 0 0 0 0 0
6.2 -764.9 2793.7 0 0 0 0 0 0 0 0 0
231.2 -754.3 2661.6 0 0 0 0 0 0 0 0 0
57.1 490.3 2701.7 3 0.9389870167 -0.1978650242 0.2813411653 0.2013789266 0.9793714881 0.0166742764 -0.2788367867 0.0409992561 0.9594629407
94.7 303.8 2693.9 0.9389870167 -0.1978650242 0.2813411653 0.2013789266 0.9793714881 0.0166742764 -0.2788367867 0.0409992561 0.9594629407
97.7 105.2 2700.7 0.9601241350 -0.0150217023 0.2791701257 0.0049191657 0.9993085861 0.0368531793 -0.2795307040 -0.0340103433 0.9595342278
-40.3 303.1 2733.3 0.8693746924 -0.3540635109 -0.3447124362 -0.0098098293 0.6850783825 -0.7284033298 0.4940560758 0.6366369724 0.5921164751
-234.0 305.3 2623.2 -0.7409826517 -0.3540635109 -0.5705994964 -0.6208257079 0.6850783825 0.3811076581 0.2559690475 0.6366369724 -0.7274429202
229.8 304.5 2654.6 0.1698883921 0.7668664455 0.6189133525 -0.9814282656 0.1884379089 0.0359122455 -0.0890868381 -0.6135201454 0.7846378684
275.7 39.1 2630.5 -0.0307911541 0.7663868666 0.6416409612 -0.9543340802 0.1683031321 -0.2468208224 -0.2971504033 -0.6199397445 0.7262068391
15.4 -94.8 2734.7 0.8957578540 0.0148375072 0.4442946315 -0.0020825174 0.9995719194 -0.0291827172 -0.4445374310 0.0252153967 0.8954052925
9.5 -492.2 2724.7 0.9006519914 0.0129784225 0.4343472421 -0.1186287180 0.9689291120 0.2170337737 -0.4180349112 -0.2469979674 0.8742075562
190.8 -92.0 2681.1 0.8814389110 -0.0405691527 0.4705524147 0.1238785237 0.9812815189 -0.1474471092 -0.4557625949 0.1882569492 0.8699653745
206.9 -482.1 2606.3 0.9012580514 -0.0867171362 0.4245162606 -0.0073781819 0.9765536785 0.2151474357 -0.4332199097 -0.1970355213 0.8794870973
-31.2 475.2 2553.1 0 0 0 0 0 0 0 0 0
267.1 -227.6 2547.5 0 0 0 0 0 0 0 0 0
5.8 -766.1 2794.5 0 0 0 0 0 0 0 0 0
231.2 -755.9 2661.5 0 0 0 0 0 0 0 0 0
57.8 492.1 2698.3 4 0.9428281188 -0.1991866678 0.2672074437 0.2007130533 0.9794057012 0.0218805615 -0.2660628259 0.0330024138 0.9633905888
96.0 304.4 2691.9 0.9428281188 -0.1991866678 0.2672074437 0.2007130533 0.9794057012 0.0218805615 -0.2660628259 0.0330024138 0.9633905888
99.7 105.9 2700.6 0.9642111063 -0.0191792790 0.2644411325 0.0069946367 0.9988731146 0.0469418615 -0.2650434673 -0.0434121937 0.9632586837
-39.7 303.4 2729.2 0.8694732785 -0.3575414121 -0.3408523202 -0.0129152164 0.6733227968 -0.7392358184 0.4938110709 0.6471480131 0.5808184743
-233.0 306.3 2619.4 -0.7451560497 -0.3575414121 -0.5629445910 -0.6233894229 0.6733227968 0.3975197971 0.2369136214 0.6471480131 -0.7246181369
231.6 305.4 2654.7 0.1660796106 0.7746732831 0.6101629734 -0.9815365672 0.1894025356 0.0266947299 -0.0948867127 -0.6033307314 0.7918260694
277.2 36.2 2628.6 -0.0390368775 0.7737591267 0.6322759986 -0.9564952254 0.1541503668 -0.2476985157 -0.2891245484 -0.6144383550 0.7340793610
12.6 -93.9 2733.0 0.9024130106 0.0039914683 0.4308536053 0.0025622724 0.9998896718 -0.0146296937 -0.4308644831 0.0143059902 0.9023032188
11.0 -491.4 2727.3 0.9067519903 0.0199881587 0.4211903811 -0.1168960184 0.9716407657 0.2055469155 -0.4051372409 -0.2356155515 0.8833737373
