67.5 502.7 2696.1 11 0.9156658649 -0.0720110685 0.3954369724 0.0661539510 0.9974038005 0.0284475163 -0.3964588940 0.0001112997 0.9180524945
82.0 303.0 2696.1 0.9156658649 -0.0720110685 0.3954369724 0.0661539510 0.9974038005 0.0284475163 -0.3964588940 0.0001112997 0.9180524945
95.6 104.7 2694.8 0.9157178402 -0.0684389398 0.3959506750 0.0654157624 0.9976339340 0.0211506952 -0.3964613676 0.0065333461 0.9180281758
-46.9 293.8 2751.9 0.2025686204 -0.9775006771 -0.0588079914 0.9769544601 0.2058509141 -0.0564393811 0.0672752112 -0.0460198820 0.9966725707
-91.9 76.7 2736.9 -0.0631185248 -0.9775006771 -0.2012671828 -0.0772801042 0.2058509141 -0.9755271077 0.9950094819 -0.0460198820 -0.0885343626
210.8 312.2 2640.3 0.2479053140 0.6717264652 0.6980877519 -0.9637783170 0.2441608459 0.1073166728 -0.0983582437 -0.6994062066 0.7079241872
274.7 64.0 2614.9 -0.0374905691 0.6707559824 0.7407299876 -0.9619831443 0.1764417291 -0.2084627748 -0.2705233395 -0.7203851342 0.6386409998
24.9 -96.3 2730.6 0.8477398753 0.0506807379 0.5279854536 -0.0442694426 0.9987121224 -0.0247857124 -0.5285615921 -0.0023617849 0.8488916755
4.7 -493.3 2731.5 0.8504965901 -0.0148878144 0.5257698298 -0.1076425463 0.9735161662 0.2016912103 -0.5148481727 -0.2281328887 0.8263696432
193.2 -85.1 2658.3 0.8420585990 -0.0017417151 0.5393832326 0.0732825994 0.9910919070 -0.1112048700 -0.5343846679 0.1331684142 0.8346850872
193.9 -479.1 2605.4 0.8510195017 -0.1336872578 0.5078321695 0.0180274881 0.9739198685 0.2261749953 -0.5248245597 -0.1833243817 0.8312348127
-75.7 96.6 2481.2 0 0 0 0 0 0 0 0 0
264.3 -200.9 2540.5 0 0 0 0 0 0 0 0 0
8.8 -759.9 2794.0 0 0 0 0 0 0 0 0 0
230.9 -748.8 2656.1 0 0 0 0 0 0 0 0 0
71.0 501.4 2698.4 12 0.9217573404 -0.0687857196 0.3816174567 0.0675426722 0.9975771308 0.0166687947 -0.3818394244 0.0104108807 0.9241700172
84.7 301.7 2696.4 0.9217573404 -0.0687857196 0.3816174567 0.0675426722 0.9975771308 0.0166687947 -0.3818394244 0.0104108807 0.9241700172
97.6 103.3 2693.7 0.9219416380 -0.0646312833 0.3818984628 0.0647868514 0.9978212714 0.0124660768 -0.3818721175 0.0132490043 0.9241201878
-45.0 292.6 2750.1 0.2118632495 -0.9756709337 -0.0563934892 0.9750267267 0.2149512768 -0.0558464266 0.0666095912 -0.0431533568 0.9968454838
-92.3 75.2 2735.2 -0.0617794618 -0.9756709337 -0.2103557885 -0.0806997567 0.2149512768 -0.9732849002 0.9948220253 -0.0431533568 -0.0920159817
214.5 310.8 2642.6 0.2322375476 0.6832885742 0.6922300458 -0.9656924009 0.2470045984 0.0801678896 -0.1162062064 -0.6870993376 0.7172102928
274.3 62.0 2612.7 -0.0365126096 0.6825269461 0.7299478054 -0.9626544714 0.1720547825 -0.2090300769 -0.2682596743 -0.7103197575 0.6507554054
25.1 -99.7 2729.9 0.8552682400 0.0502675474 0.5157416463 -0.0493514948 0.9986612797 -0.0154951364 -0.5158300996 -0.0122001236 0.8566040397
5.1 -496.7 2734.7 0.8569940329 -0.0113066817 0.5152022243 -0.0999184400 0.9771406054 0.1876500398 -0.5055467486 -0.2122931778 0.8362739682
193.2 -87.7 2657.1 0.8504472971 -0.0035486748 0.5260482430 0.0689709187 0.9920976162 -0.1048107222 -0.5215193033 0.1254180223 0.8439715505
194.6 -482.1 2607.2 0.8582844138 -0.1345057338 0.4952333272 0.0201303735 0.9731210470 0.2294126153 -0.5127792954 -0.1869320422 0.8379223347
-76.4 95.9 2479.5 0 0 0 0 0 0 0 0 0
264.2 -203.1 2538.8 0 0 0 0 0 0 0 0 0
8.2 -760.2 2792.0 0 0 0 0 0 0 0 0 0
231.6 -749.8 2658.7 0 0 0 0 0 0 0 0 0
69.8 501.8 2697.6 13 0.9196143150 -0.0711866692 0.3863184154 0.0686766505 0.9974321127 0.0203144290 -0.3867725134 0.0078496132 0.9221417308
84.1 302.1 2696.0 0.9196143150 -0.0711866692 0.3863184154 0.0686766505 0.9974321127 0.0203144290 -0.3867725134 0.0078496132 0.9221417308
97.3 103.8 2693.3 0.9197522998 -0.0665793270 0.3868111968 0.0666787252 0.9976874590 0.0131781297 -0.3867940605 0.0136714624 0.9220647812
-45.4 292.8 2750.5 0.2121033669 -0.9759423733 -0.0504840314 0.9741937518 0.2152388841 -0.0679614842 0.0771926194 -0.0347663686 0.9964098334
-92.9 74.3 2733.2 -0.0534110740 -0.9759423733 -0.2113852650 -0.0814210922 0.2152388841 -0.9731612802 0.9952476621 -0.0347663686 -0.0909584388
213.5 311.5 2641.6 0.2313637584 0.6788600683 0.6968643069 -0.9652861953 0.2494345605 0.0774915293 -0.1212161332 -0.6906022429 0.7130043507
273.8 59.8 2610.0 -0.0355240032 0.6782143712 0.7340049744 -0.9634863138 0.1718016863 -0.2053736150 -0.2653906345 -0.7144994736 0.6473471522
25.9 -101.0 2726.1 0.8520554900 0.0515912101 0.5209028721 -0.0583714135 0.9982891679 -0.0033926915 -0.5201867223 -0.0275150742 0.8536092043
5.3 -497.8 2737.0 0.8530791402 -0.0114572449 0.5216557980 -0.0950370729 0.9796237946 0.1769326329 -0.5130535960 -0.2005141675 0.8346077204
195.0 -89.1 2656.0 0.8475116491 0.0037431032 0.5307636261 0.0567238182 0.9936096072 -0.0975825638 -0.5277371407 0.1128093004 0.8418833613
193.5 -484.1 2611.2 0.8511977196 -0.1408738792 0.5055857301 0.0329532214 0.9757488966 0.2163981497 -0.5238096118 -0.1675369442 0.8351975083
-79.2 95.2 2477.2 0 0 0 0 0 0 0 0 0
264.1 -205.6 2536.9 0 0 0 0 0 0 0 0 0
8.4 -762.7 2791.3 0 0 0 0 0 0 0 0 0
231.9 -749.6 2656.8 0 0 0 0 0 0 0 0 0
69.6 502.4 2696.2 14 0.9228162766 -0.0697087124 0.3788810670 0.0668898523 0.9975473881 0.0206151884 -0.3793888688 0.0063192672 0.9252157211
83.6 302.8 2694.9 0.9228162766 -0.0697087124 0.3788810670 0.0668898523 0.9975473881 0.0206151884 -0.3793888688 0.0063192672 0.9252157211
96.8 104.4 2692.8 0.9229212999 -0.0663217530 0.3792330325 0.0653489530 0.9977428317 0.0154525358 -0.3794018924 0.0105210077 0.9251721501
-46.3 293.6 2748.3 0.2059330791 -0.9772934914 -0.0498900078 0.9758458734 0.2088923305 -0.0639441162 0.0729138032 -0.0355167501 0.9967056513
-92.7 73.6 2731.9 -0.0527666472 -0.9772934914 -0.2052148283 -0.0775924027 0.2088923305 -0.9748556018 0.9955878258 -0.0355167501 -0.0868530944
213.5 312.0 2641.5 0.2317465544 0.6844442487 0.6912521720 -0.9655949473 0.2480373383 0.0781271681 -0.1179826632 -0.6855753064 0.7183777094
273.9 60.3 2610.8 -0.0356274769 0.6837886572 0.7288097739 -0.9630188942 0.1713985801 -0.2078873515 -0.2670679688 -0.7092640996 0.6523948908
26.2 -100.7 2726.1 0.8564744592 0.0504493043 0.5137181878 -0.0561618358 0.9984118938 -0.0044148881 -0.5131251216 -0.0250701178 0.8579475880
6.1 -497.6 2736.0 0.8576128483 -0.0059961202 0.5142608881 -0.1003044769 0.9787799716 0.1786861420 -0.5044196844 -0.2048262060 0.8388128877
194.9 -88.4 2655.1 0.8518441319 0.0054966756 0.5237665176 0.0568022132 0.9930784702 -0.1028039530 -0.5207062960 0.1173240393 0.8456358910
192.7 -483.3 2608.5 0.8560788035 -0.1389066577 0.4978293180 0.0294630453 0.9747570157 0.2213159055 -0.5160048604 -0.1747962981 0.8385614157
-79.1 93.6 2475.9 0 0 0 0 0 0 0 0 0
264.1 -204.9 2537.2 0 0 0 0 0 0 0 0 0
7.7 -765.1 2792.0 0 0 0 0 0 0 0 0 0
231.0 -752.0 2656.6 0 0 0 0 0 0 0 0 0
68.4 504.4 2696.5 15 0.9185768962 -0.0691853985 0.3891399801 0.0672654882 0.9975621700 0.0185748469 -0.3894764185 0.0091132652 0.9209913611
82.3 304.5 2694.7 0.9185768962 -0.0691853985 0.3891399801 0.0672654882 0.9975621700 0.0185748469 -0.3894764185 0.0091132652 0.9209913611
95.8 106.2 2692.6 0.9186303020 -0.0678897128 0.3892419934 0.0664876103 0.9976409078 0.0170896780 -0.3894839585 0.0101806754 0.9209769964
-47.0 295.2 2749.5 0.2010643184 -0.9781519175 -0.0528395772 0.9766948819 0.2043161690 -0.0657416061 0.0751012564 -0.0383898541 0.9964366555
-92.4 74.6 2732.5 -0.0557407029 -0.9781519175 -0.2002794445 -0.0798541382 0.2043161690 -0.9756424427 0.9952468276 -0.0383898541 -0.0894981995
211.6 313.9 2639.8 0.2392311841 0.6782991290 0.6947508454 -0.9656147361 0.2411977500 0.0970145315 -0.1017674804 -0.6940705776 0.7126776576
274.2 61.0 2613.2 -0.0365368985 0.6773895621 0.7347165942 -0.9618914127 0.1755210012 -0.2096599191 -0.2709796131 -0.7143778801 0.6451621652
25.3 -99.9 2725.6 0.8508332372 0.0499439463 0.5230568051 -0.0574261695 0.9983479381 -0.0019143997 -0.5222882628 -0.0284083132 0.8522956967
5.4 -496.9 2736.8 0.8519013524 -0.0106548909 0.5235939622 -0.0958082899 0.9797489643 0.1758200824 -0.5148639679 -0.1999460012 0.8336286545
194.6 -87.9 2655.9 0.8460026383 0.0076153129 0.5331243277 0.0524966717 0.9938498139 -0.0975022092 -0.5305880308 0.1104743779 0.8403997421
191.6 -483.1 2612.0 0.8484761119 -0.1440114528 0.5092631578 0.0365116820 0.9759010077 0.2151375562 -0.5279726982 -0.1639450192 0.8332867622
-78.0 95.1 2476.6 0 0 0 0 0 0 0 0 0
264.2 -203.9 2538.6 0 0 0 0 0 0 0 0 0
8.3 -764.5 2791.5 0 0 0 0 0 0 0 0 0
231.4 -752.7 2657.3 0 0 0 0 0 0 0 0 0
67.5 507.4 2695.6 16 0.9164941311 -0.0722484589 0.3934700191 0.0663601384 0.9973866343 0.0285688192 -0.3945057988 -0.0000724298 0.9188934565
82.0 307.1 2695.6 0.9164941311 -0.0722484589 0.3934700191 0.0663601384 0.9973866343 0.0285688192 -0.3945057988 -0.0000724298 0.9188934565
95.6 108.8 2694.8 0.9166364670 -0.0681632012 0.3938672543 0.0643381774 0.9976648092 0.0229247510 -0.3945101202 0.0043270392 0.9188814163
-47.0 298.1 2751.2 0.1949774027 -0.9787100554 -0.0641129985 0.9769783020 0.1995714754 -0.0753967613 0.0865866914 -0.0479363389 0.9950903654
-91.2 76.5 2731.5 -0.0653869361 -0.9787100554 -0.1945538819 -0.0817853734 0.1995714754 -0.9764642119 0.9945027232 -0.0479363389 -0.0930935293
211.0 316.2 2640.1 0.2409263551 0.6722136140 0.7000595331 -0.9643509984 0.2471558899 0.0945576951 -0.1094608754 -0.6978845596 0.7077962160
274.2 63.5 2611.4 -0.0362980701 0.6714292765 0.7401791811 -0.9637331963 0.1724335700 -0.2036785334 -0.2643874586 -0.7207283974 0.6408196688
25.0 -98.3 2726.3 0.8485192657 0.0484763347 0.5269393921 -0.0541591533 0.9985215068 -0.0046486892 -0.5263856649 -0.0245940909 0.8498901129
5.7 -495.3 2736.1 0.8497565389 -0.0096922684 0.5270861983 -0.0971128419 0.9798421264 0.1745808721 -0.5181533694 -0.1995380819 0.8316860199
193.6 -86.1 2654.9 0.8433230519 0.0007536281 0.5374064445 0.0538508557 0.9948473573 -0.0859003663 -0.5347021222 0.1013815552 0.8389371037
193.3 -481.6 2614.6 0.8462240696 -0.1392250508 0.5143162608 0.0346361361 0.9775908589 0.2076450139 -0.5317002535 -0.1579002887 0.8320831060
-74.4 97.5 2475.9 0 0 0 0 0 0 0 0 0
264.2 -202.0 2538.6 0 0 0 0 0 0 0 0 0
8.4 -763.9 2790.8 0 0 0 0 0 0 0 0 0
231.9 -752.8 2658.4 0 0 0 0 0 0 0 0 0
68.5 506.4 2696.2 17 0.9128866196 -0.0669780597 0.4026809931 0.0624282546 0.9977504015 0.0244299360 -0.4034114182 0.0028369098 0.9150143266
82.0 306.5 2695.6 0.9128866196 -0.0669780597 0.4026809931 0.0624282546 0.9977504015 0.0244299360 -0.4034114182 0.0028369098 0.9150143266
94.3 108.1 2694.4 0.9130811691 -0.0622595102 0.4029969573 0.0594237372 0.9980413914 0.0195506960 -0.4034248590 0.0060962127 0.9149924517
-46.5 298.2 2752.4 0.1998489350 -0.9779283404 -0.0609634779 0.9760141373 0.2041689903 -0.0755741745 0.0863529816 -0.0443977974 0.9952748418
-91.7 77.5 2732.9 -0.0622238964 -0.9779283404 -0.1994600892 -0.0817341805 0.2041689903 -0.9755175710 0.9947098494 -0.0443977974 -0.0926343650
210.5 314.9 2638.9 0.2462523580 0.6649322510 0.7051417232 -0.9627905488 0.2513957918 0.0991691053 -0.1113289371 -0.7033244371 0.7020972967
274.1 65.9 2610.1 -0.0361488983 0.6642751098 0.7466136217 -0.9655582309 0.1694108099 -0.1974773109 -0.2576636672 -0.7280374765 0.6352722645
25.0 -95.4 2730.1 0.8432804942 0.0476946905 0.5353533626 -0.0525874048 0.9985975027 -0.0061302795 -0.5348948836 -0.0229832977 0.8446059227
6.1 -492.5 2739.3 0.8442257643 -0.0044685220 0.5359691381 -0.0942734778 0.9831381440 0.1566905081 -0.5276318789 -0.1828098297 0.8295692801
193.2 -83.6 2657.7 0.8383131623 0.0026076396 0.5451827049 0.0453330725 0.9961921573 -0.0744723231 -0.5433009267 0.0871459395 0.8350027800
192.2 -479.7 2623.1 0.8383049965 -0.1375432163 0.5275666714 0.0453914255 0.9819024801 0.1838671267 -0.5433086753 -0.1301897466 0.8293770552
-75.7 98.5 2477.2 0 0 0 0 0 0 0 0 0
264.2 -200.0 2539.1 0 0 0 0 0 0 0 0 0
7.3 -764.7 2789.9 0 0 0 0 0 0 0 0 0
230.9 -756.3 2659.8 0 0 0 0 0 0 0 0 0
68.1 505.0 2696.0 18 0.9131751657 -0.0678296536 0.4018833339 0.0637896210 0.9976879358 0.0234439373 -0.4025443792 0.0042275661 0.9153907299
81.7 305.2 2695.1 0.9131751657 -0.0678296536 0.4018833339 0.0637896210 0.9976879358 0.0234439373 -0.4025443792 0.0042275661 0.9153907299
94.3 106.9 2693.6 0.9133374095 -0.0634881407 0.4022238255 0.0613240004 0.9979506731 0.0182697605 -0.4025594592 0.0079795169 0.9153590798
-46.8 296.6 2751.8 0.2016713172 -0.9779633880 -0.0540028811 0.9758064151 0.2053682655 -0.0750046819 0.0844423100 -0.0375700668 0.9957198501
-92.2 77.0 2732.8 -0.0548262633 -0.9779633880 -0.2014490366 -0.0789902434 0.2053682655 -0.9754918814 0.9953665733 -0.0375700668 -0.0885091424
210.2 313.9 2638.5 0.2467322052 0.6664305329 0.7035577893 -0.9631621242 0.2487749010 0.1021265313 -0.1069672704 -0.7028380632 0.7032614350
274.1 64.5 2610.8 -0.0358479917 0.6656948924 0.7453624606 -0.9644907713 0.1722456813 -0.2002222240 -0.2616723776 -0.7260727882 0.6358819604
22.9 -95.7 2730.2 0.8440374732 0.0407557115 0.5347332954 -0.0446619093 0.9989862442 -0.0056440630 -0.5344212055 -0.0191184077 0.8450020552
6.7 -492.9 2737.8 0.8454146385 0.0053911302 0.5340833068 -0.1074572429 0.9812193513 0.1601923108 -0.5231892467 -0.1928200573 0.8301165104
190.5 -84.8 2656.2 0.8386620879 -0.0085151168 0.5445855260 0.0582519956 0.9955449104 -0.0741418153 -0.5415280461 0.0939031243 0.8354218006
193.9 -480.6 2618.9 0.8425860405 -0.1319323331 0.5221518874 0.0314598717 0.9799320102 0.1968336701 -0.5376420617 -0.1494224668 0.8298276663
-78.1 97.3 2476.9 0 0 0 0 0 0 0 0 0
264.2 -201.1 2538.7 0 0 0 0 0 0 0 0 0
5.2 -766.8 2791.7 0 0 0 0 0 0 0 0 0
231.8 -762.0 2661.8 0 0 0 0 0 0 0 0 0
70.1 504.0 2696.4 19 0.9193624258 -0.0636881441 0.3882222772 0.0625472814 0.9979202151 0.0155891795 -0.3884077072 0.0099501414 0.9214339256
82.8 304.6 2694.4 0.9193624258 -0.0636881441 0.3882222772 0.0625472814 0.9979202151 0.0155891795 -0.3884077072 0.0099501414 0.9214339256
95.3 106.2 2692.1 0.9193864465 -0.0625487641 0.3883506060 0.0621674918 0.9979736209 0.0135600781 -0.3884118199 0.0116758309 0.9214119315
-46.5 295.8 2749.1 0.2047203928 -0.9777734280 -0.0452626906 0.9765865207 0.2071571052 -0.0580065213 0.0660937205 -0.0323278122 0.9972895980
-92.7 75.8 2734.2 -0.0491281785 -0.9777734280 -0.2038273215 -0.0764744952 0.2071571052 -0.9753140807 0.9958604574 -0.0323278122 -0.0849519819
212.2 313.3 2639.7 0.2398942709 0.6788907647 0.6939438581 -0.9649974704 0.2447894067 0.0941172540 -0.1059747562 -0.6922322512 0.7138514519
274.3 63.6 2612.3 -0.0368171446 0.6780188084 0.7341219187 -0.9621178508 0.1745327115 -0.2094459832 -0.2701365948 -0.7140229940 0.6459081769
23.1 -97.2 2728.9 0.8518064618 0.0439597778 0.5220088959 -0.0470924452 0.9988640547 -0.0072722733 -0.5217356086 -0.0183881074 0.8529090285
5.7 -494.3 2736.2 0.8530861735 -0.0019745680 0.5217663646 -0.0987383872 0.9813134074 0.1651505977 -0.5123423934 -0.1924060583 0.8369499445
190.8 -85.9 2655.0 0.8468018174 -0.0086298650 0.5318384767 0.0617270246 0.9947072268 -0.0821421742 -0.5283147097 0.1023869514 0.8428525925
194.2 -481.4 2614.3 0.8516186476 -0.1297129542 0.5078584552 0.0289852303 0.9790676832 0.2014604360 -0.5233598351 -0.1568470746 0.8375520706
-80.0 95.5 2478.1 0 0 0 0 0 0 0 0 0
264.1 -201.4 2537.9 0 0 0 0 0 0 0 0 0
6.2 -767.0 2789.7 0 0 0 0 0 0 0 0 0
231.1 -760.1 2659.0 0 0 0 0 0 0 0 0 0
70.5 502.6 2696.1 20 0.9209323525 -0.0653678700 0.3842013180 0.0636158735 0.9978247881 0.0172819961 -0.3844952881 0.0085257534 0.9230875969
83.6 303.3 2694.4 0.9209323525 -0.0653678700 0.3842013180 0.0636158735 0.9978247881 0.0172819961 -0.3844952881 0.0085257534 0.9230875969
96.2 104.9 2692.3 0.9209913015 -0.0636587664 0.3843469322 0.0627039000 0.9979190230 0.0150295245 -0.3845038712 0.0102579892 0.9230663776
-46.1 294.5 2748.5 0.2070552260 -0.9772619009 -0.0456867516 0.9754167795 0.2098142803 -0.0673797280 0.0754333809 -0.0306123011 0.9966808558
-92.6 75.1 2731.5 -0.0472125150 -0.9772619009 -0.2067126632 -0.0745714679 0.2098142803 -0.9748933315 0.9960974455 -0.0306123011 -0.0827817172
213.2 312.1 2640.3 0.2370098680 0.6809594035 0.6929073930 -0.9650079012 0.2473785579 0.0869692564 -0.1121878922 -0.6892736554 0.7157623172
274.7 61.6 2611.1 -0.0350948907 0.6803238392 0.7320708632 -0.9635898471 0.1712555289 -0.2053439170 -0.2650715411 -0.7126225829 0.6495429873
23.4 -97.9 2725.4 0.8542705774 0.0336458422 0.5187385678 -0.0424553193 0.9990852475 0.0051148441 -0.5180919766 -0.0263926741 0.8549175858
10.0 -495.2 2735.9 0.8557072282 0.0122053716 0.5173163414 -0.1151074320 0.9791633487 0.1673003733 -0.5044952035 -0.2027070820 0.8392820954
192.1 -86.5 2654.1 0.8490263224 -0.0046420391 0.5283302069 0.0602354333 0.9942920804 -0.0880622119 -0.5249057412 0.1065913364 0.8444597721
193.9 -481.9 2611.7 0.8546144962 -0.1286262274 0.5030798316 0.0226173960 0.9771357179 0.2114100456 -0.5187701583 -0.1692957431 0.8379836082
-80.5 94.3 2475.4 0 0 0 0 0 0 0 0 0
265.0 -203.8 2538.1 0 0 0 0 0 0 0 0 0
6.6 -767.5 2792.3 0 0 0 0 0 0 0 0 0
230.5 -759.6 2659.9 0 0 0 0 0 0 0 0 0
70.7 502.4 2695.4 21 0.9199466109 -0.0649145395 0.3866320550 0.0624678209 0.9978679419 0.0189044755 -0.3870348930 0.0067609544 0.9220402837
83.7 303.0 2694.1 0.9199466109 -0.0649145395 0.3866320550 0.0624678209 0.9978679419 0.0189044755 -0.3870348930 0.0067609544 0.9220402837
96.3 104.6 2692.5 0.9200152755 -0.0631819367 0.3867557049 0.0613982864 0.9979689121 0.0169777665 -0.3870428801 0.0081263343 0.9220259190
-45.8 294.4 2748.6 0.2068914622 -0.9770839810 -0.0500278212 0.9754918218 0.2099294513 -0.0659189299 0.0749106407 -0.0351636708 0.9965700507
-92.5 74.2 2731.6 -0.0514110178 -0.9770839810 -0.2065520883 -0.0724444836 0.2099294513 -0.9750289321 0.9960465431 -0.0351636708 -0.0815770328
213.2 311.7 2639.6 0.2362229824 0.6809701920 0.6931654215 -0.9664720893 0.2385455519 0.0950141400 -0.1006497294 -0.6923695803 0.7144886255
274.6 60.6 2613.5 -0.0363954864 0.6800232530 0.7322866321 -0.9602469206 0.1791457683 -0.2140854746 -0.2767691612 -0.7109677792 0.6464701295
24.4 -99.3 2725.6 0.8528358340 0.0408835597 0.5205761790 -0.0457363203 0.9989473224 -0.0035248455 -0.5201722980 -0.0208031256 0.8538079262
8.1 -496.4 2733.9 0.8546764255 0.0032634577 0.5191508532 -0.1139115691 0.9767912030 0.1813920140 -0.5065100193 -0.2141687572 0.8352121711
193.4 -87.8 2655.0 0.8476660252 -0.0033646859 0.5305195451 0.0635031089 0.9934339523 -0.0951648802 -0.5267159343 0.1143576801 0.8423138857
194.7 -482.7 2609.6 0.8544727564 -0.1293411702 0.5031373501 0.0189192630 0.9756153822 0.2186703980 -0.5191515684 -0.1773289144 0.8360837698
-79.3 92.8 2475.5 0 0 0 0 0 0 0 0 0
264.5 -203.9 2537.2 0 0 0 0 0 0 0 0 0
7.2 -765.7 2792.9 0 0 0 0 0 0 0 0 0
230.8 -755.2 2659.1 0 0 0 0 0 0 0 0 0
73.7 508.3 2695.1 22 0.9212104082 -0.0619000793 0.3841090500 0.0582969785 0.9980778098 0.0210286938 -0.3846724033 0.0030205452 0.9230481982
86.1 308.3 2694.5 0.9212104082 -0.0619000793 0.3841090500 0.0582969785 0.9980778098 0.0210286938 -0.3846724033 0.0030205452 0.9230481982
97.7 109.8 2693.4 0.9213486314 -0.0584189594 0.3843227327 0.0560038015 0.9982774854 0.0174835026 -0.3846820891 0.0054151327 0.9230332375
-43.6 300.4 2748.6 0.2117190212 -0.9761211276 -0.0486064181 0.9746693373 0.2145489305 -0.0631543249 0.0720747262 -0.0340042114 0.9968194366
-92.6 75.0 2732.0 -0.0515015163 -0.9761211276 -0.2110334635 -0.0764972642 0.2145489305 -0.9737129807 0.9957388043 -0.0340042114 -0.0857201889
215.8 316.2 2640.4 0.2176600993 0.6858557463 0.6944249272 -0.9708286524 0.2254530340 0.0816249698 -0.1005772427 -0.6919341087 0.7149205804
273.7 57.9 2613.6 -0.0332781151 0.6850482821 0.7277371883 -0.9602321982 0.1800466478 -0.2133948654 -0.2772124112 -0.7058980465 0.6518138051
24.4 -99.4 2726.4 0.8543098569 0.0418352932 0.5180776715 -0.0445087664 0.9989824891 -0.0072739092 -0.5178548694 -0.0168448258 0.8553026319
7.8 -496.6 2733.1 0.8563860655 0.0038873055 0.5163214207 -0.1172639504 0.9753062725 0.1871545315 -0.5028439760 -0.2208224237 0.8356945515
193.3 -88.1 2655.3 0.8493778706 -0.0071077556 0.5277373195 0.0622844622 0.9942721128 -0.0868538171 -0.5240971446 0.1066415533 0.8449554443
196.1 -483.5 2612.9 0.8558495045 -0.1223425344 0.5025474429 0.0176917408 0.9779785275 0.2079543024 -0.5169222355 -0.1690866500 0.8391668797
-79.3 94.6 2475.9 0 0 0 0 0 0 0 0 0
264.5 -206.5 2537.3 0 0 0 0 0 0 0 0 0
6.7 -764.0 2793.6 0 0 0 0 0 0 0 0 0
230.3 -756.6 2660.2 0 0 0 0 0 0 0 0 0
71.3 506.0 2694.9 23 0.9131939411 -0.0590568669 0.4032233655 0.0560432784 0.9982421398 0.0192812998 -0.4036532640 0.0049903928 0.9148984551
83.1 306.0 2693.9 0.9131939411 -0.0590568669 0.4032233655 0.0560432784 0.9982421398 0.0192812998 -0.4036532640 0.0049903928 0.9148984551
94.3 107.5 2692.6 0.9133027196 -0.0562458858 0.4033789337 0.0541599020 0.9983944893 0.0165878683 -0.4036642909 0.0066972170 0.9148826599
-45.4 298.4 2750.7 0.2059394121 -0.9771462083 -0.0526714996 0.9750814438 0.2094463557 -0.0731327161 0.0824932083 -0.0362980962 0.9959303737
-92.0 77.6 2732.1 -0.0521691106 -0.9771462083 -0.2060672492 -0.0707545280 0.2094463557 -0.9752569199 0.9961286187 -0.0362980962 -0.0800641477
211.6 313.7 2637.1 0.2401346564 0.6711688042 0.7013328075 -0.9672033191 0.2270356864 0.1138970852 -0.0827834085 -0.7056820989 0.7036758661
274.0 62.3 2615.6 -0.0344394594 0.6702978611 0.7412925959 -0.9600270391 0.1839729548 -0.2109551579 -0.2777805924 -0.7189260721 0.6371681094
24.8 -93.8 2727.6 0.8435528874 0.0443181023 0.5352143645 -0.0408116542 0.9989974499 -0.0183980148 -0.5354931355 -0.0063232826 0.8445159197
7.2 -490.9 2730.2 0.8460182548 0.0031701964 0.5331445336 -0.1193637848 0.9757251740 0.1836100519 -0.5196204782 -0.2189756036 0.8258597255
193.9 -83.5 2657.0 0.8384571671 -0.0033211962 0.5449573994 0.0663561746 0.9931631088 -0.0960411280 -0.5409125686 0.1166876629 0.8329451084
195.2 -478.3 2610.7 0.8475121260 -0.1173872873 0.5176324844 0.0049556782 0.9769446850 0.2134349942 -0.5307528973 -0.1783235222 0.8285542130
-78.6 95.8 2476.0 0 0 0 0 0 0 0 0 0
264.5 -202.1 2539.1 0 0 0 0 0 0 0 0 0
6.3 -764.2 2791.5 0 0 0 0 0 0 0 0 0
229.0 -759.6 2662.0 0 0 0 0 0 0 0 0 0
70.3 501.3 2696.9 24 0.9057606459 -0.0581851564 0.4197762609 0.0569237247 0.9982575178 0.0155428043 -0.4199491739 0.0098171663 0.9074945450
82.0 301.8 2694.9 0.9057606459 -0.0581851564 0.4197762609 0.0569237247 0.9982575178 0.0155428043 -0.4199491739 0.0098171663 0.9074945450
93.0 103.3 2693.2 0.9059226513 -0.0555698164 0.4197811186 0.0540810376 0.9984169006 0.0154571207 -0.4199755192 0.0086992439 0.9074937105
-45.5 294.2 2754.0 0.2088874131 -0.9762833714 -0.0568929128 0.9729689360 0.2133318633 -0.0884363726 0.0984760374 -0.0368817933 0.9944557548
-92.1 77.4 2732.0 -0.0535818040 -0.9762833714 -0.2097611576 -0.0730357692 0.2133318633 -0.9742460251 0.9958889484 -0.0368817933 -0.0827343166
209.4 309.4 2635.8 0.2521000803 0.6570528746 0.7104414701 -0.9641883969 0.2330479324 0.1266073883 -0.0823791698 -0.7169171572 0.6922741532
274.2 61.8 2614.6 -0.0353208072 0.6561051607 0.7538424730 -0.9612061381 0.1841758788 -0.2053337693 -0.2735601366 -0.7318505645 0.6241470575
21.7 -95.9 2728.3 0.8340489864 0.0448494069 0.5498644114 -0.0342902765 0.9989773631 -0.0294686705 -0.5506237149 0.0057233111 0.8347339630
3.8 -493.1 2726.0 0.8382979035 -0.0112379640 0.5450965762 -0.1203234568 0.9713232517 0.2050693333 -0.5317695737 -0.2374971062 0.8129060864
189.2 -86.0 2654.3 0.8285690546 -0.0145783974 0.5596970320 0.0739768371 0.9937471151 -0.0836303830 -0.5549781322 0.1106981635 0.8244665861
195.0 -481.1 2610.2 0.8384003639 -0.1285392940 0.5296815634 0.0121511538 0.9759610891 0.2176058739 -0.5449194908 -0.1760046035 0.8198080063
-78.3 96.2 2476.0 0 0 0 0 0 0 0 0 0
264.5 -203.0 2539.3 0 0 0 0 0 0 0 0 0
7.0 -765.5 2792.6 0 0 0 0 0 0 0 0 0
230.8 -752.6 2659.2 0 0 0 0 0 0 0 0 0
71.4 502.3 2696.3 25 0.9078378677 -0.0524444133 0.4160288274 0.0521106645 0.9985672235 0.0121655967 -0.4160707593 0.0106351487 0.9092700481
81.9 302.7 2694.2 0.9078378677 -0.0524444133 0.4160288274 0.0521106645 0.9985672235 0.0121655967 -0.4160707593 0.0106351487 0.9092700481
91.8 104.2 2692.1 0.9079545736 -0.0498817377 0.4160893559 0.0498331860 0.9986971617 0.0109843761 -0.4160951674 0.0107617434 0.9092574120
-45.8 295.7 2752.8 0.2056032717 -0.9769846201 -0.0568182878 0.9744427800 0.2097455561 -0.0804239735 0.0904903710 -0.0388307385 0.9951400161
-92.4 75.0 2732.3 -0.0555204861 -0.9769846201 -0.2059575170 -0.0742768943 0.2097455561 -0.9749306440 0.9956909418 -0.0388307385 -0.0842125565
209.7 309.7 2635.6 0.2494945526 0.6591680050 0.7094011903 -0.9639021754 0.2393824756 0.1165702641 -0.0929788277 -0.7128769755 0.6950981021
274.8 58.2 2611.4 -0.0357501432 0.6582182646 0.7519778013 -0.9624380469 0.1799677759 -0.2032844275 -0.2691372931 -0.7309995294 0.6270604730
20.9 -100.1 2730.0 0.8363403082 0.0404954664 0.5467129350 -0.0329685323 0.9991782904 -0.0235759560 -0.5472184420 0.0016931990 0.8369881511
4.8 -497.4 2729.3 0.8402501941 -0.0114992671 0.5420769453 -0.1148262098 0.9733238220 0.1986346245 -0.5299005508 -0.2291474193 0.8165150881
187.1 -90.2 2652.9 0.8312329054 -0.0189275499 0.5556019545 0.0736336634 0.9943631887 -0.0762881786 -0.5510262251 0.1043242514 0.8279411793
194.7 -485.5 2611.4 0.8407748342 -0.1309481263 0.5253096819 0.0142281000 0.9753165245 0.2203524113 -0.5411979556 -0.1777925938 0.8218847513
-78.1 94.1 2476.2 0 0 0 0 0 0 0 0 0
265.0 -206.9 2537.2 0 0 0 0 0 0 0 0 0
7.9 -760.4 2791.2 0 0 0 0 0 0 0 0 0
230.6 -753.4 2660.3 0 0 0 0 0 0 0 0 0
73.1 502.1 2694.1 26 0.9053619504 -0.0484552197 0.4218670726 0.0449000187 0.9988226891 0.0183645580 -0.4222602546 0.0023152668 0.9064716697
82.8 302.4 2693.6 0.9053619504 -0.0484552197 0.4218670726 0.0449000187 0.9988226891 0.0183645580 -0.4222602546 0.0023152668 0.9064716697
92.1 103.8 2693.1 0.9054284096 -0.0467538200 0.4219164252 0.0435054451 0.9989028573 0.0173291713 -0.4222637415 0.0026653374 0.9064691067
-44.6 296.3 2753.0 0.2107769847 -0.9759780169 -0.0551355816 0.9738523960 0.2145395130 -0.0747284889 0.0847621262 -0.0379428715 0.9956785440
-92.4 75.4 2733.8 -0.0550185144 -0.9759780169 -0.2108075619 -0.0741876215 0.2145395130 -0.9738937020 0.9957254529 -0.0379428715 -0.0842091292
210.2 308.5 2634.2 0.2487415820 0.6558653116 0.7127189636 -0.9651913643 0.2292549014 0.1258881688 -0.0808286369 -0.7192237973 0.6900607347
274.6 58.6 2613.2 -0.0367620774 0.6548765302 0.7548412085 -0.9600553513 0.1865205765 -0.2085757703 -0.2773847878 -0.7323569655 0.6218608618
18.5 -99.0 2728.1 0.8327623606 0.0343489759 0.5525640249 -0.0392252766 0.9992259145 -0.0029988405 -0.5522392988 -0.0191771556 0.8334650397
4.8 -496.2 2735.7 0.8351456523 -0.0139506869 0.5498518944 -0.0988167077 0.9796072245 0.1749426275 -0.5410794616 -0.2004371285 0.8167361617
185.1 -89.8 2651.7 0.8277873993 -0.0198937804 0.5606890321 0.0739415661 0.9945222735 -0.0738789067 -0.5561480522 0.1026142538 0.8247240186
193.0 -485.2 2610.9 0.8351870775 -0.1424734443 0.5311909914 0.0292820167 0.9760114551 0.2157411426 -0.5491858721 -0.1646298766 0.8193240762
-78.3 94.5 2477.8 0 0 0 0 0 0 0 0 0
264.5 -205.8 2536.8 0 0 0 0 0 0 0 0 0
8.6 -759.7 2789.6 0 0 0 0 0 0 0 0 0
231.6 -750.1 2655.6 0 0 0 0 0 0 0 0 0
73.0 502.9 2694.9 27 0.9030088782 -0.0501483902 0.4266850054 0.0465993322 0.9987374544 0.0187620018 -0.4270871878 0.0029409823 0.9042056799
83.0 303.2 2694.3 0.9030088782 -0.0501483902 0.4266850054 0.0465993322 0.9987374544 0.0187620018 -0.4270871878 0.0029409823 0.9042056799
92.8 104.7 2693.9 0.9030624628 -0.0492164940 0.4266801775 0.0455226824 0.9987852573 0.0188592877 -0.4270900488 0.0023925125 0.9042059183
-44.1 296.8 2754.4 0.2138316631 -0.9754107594 -0.0533843525 0.9723105431 0.2177895606 -0.0847345293 0.0942775235 -0.0337872431 0.9949724674
-92.6 76.1 2733.0 -0.0511976257 -0.9754107594 -0.2143657506 -0.0747995377 0.2177895606 -0.9731252193 0.9958834648 -0.0337872431 -0.0841105804
210.1 309.7 2634.2 0.2440113574 0.6520611048 0.7178264260 -0.9660571814 0.2281710953 0.1211259663 -0.0848057047 -0.7230174541 0.6856046915
274.0 56.7 2612.0 -0.0348934531 0.6511368752 0.7581577897 -0.9625433683 0.1822005659 -0.2007813901 -0.2688729465 -0.7367657423 0.6203898787
18.3 -98.8 2731.3 0.8301590681 0.0323140696 0.5565893054 -0.0297678895 0.9994639158 -0.0136270365 -0.5567313433 -0.0052558812 0.8306760192
5.5 -496.1 2733.4 0.8334445357 -0.0074621071 0.5525527596 -0.1085993797 0.9781979918 0.1770165414 -0.5418269038 -0.2075403631 0.8144633770
184.4 -90.8 2653.8 0.8244737387 -0.0272643529 0.5652430654 0.0822805911 0.9939998388 -0.0720706210 -0.5598865747 0.1059288681 0.8217700720
195.3 -486.0 2611.7 0.8349812627 -0.1300836653 0.5346816778 0.0172776207 0.9773752093 0.2108059078 -0.5500070453 -0.1667809635 0.8183375597
-79.4 95.3 2477.0 0 0 0 0 0 0 0 0 0
264.4 -208.5 2538.0 0 0 0 0 0 0 0 0 0
7.5 -761.0 2789.6 0 0 0 0 0 0 0 0 0
231.2 -755.7 2657.7 0 0 0 0 0 0 0 0 0
69.5 498.9 2695.3 28 0.9105179906 -0.0607817434 0.4089774787 0.0566730238 0.9981465936 0.0221706126 -0.4095670581 0.0029912493 0.9122751355
81.7 299.2 2694.7 0.9105179906 -0.0607817434 0.4089774787 0.0566730238 0.9981465936 0.0221706126 -0.4095670581 0.0029912493 0.9122751355
93.1 100.7 2693.8 0.9106517434 -0.0574285202 0.4091642797 0.0544143245 0.9983373880 0.0190156829 -0.4095760286 0.0049477345 0.9122625589
-46.4 291.5 2752.4 0.2088865936 -0.9766917229 -0.0493935496 0.9735462666 0.2124650329 -0.0840609893 0.0925960690 -0.0305276942 0.9952356815
-92.7 75.9 2731.9 -0.0467009135 -0.9766917229 -0.2095050216 -0.0715236738 0.2124650329 -0.9745475650 0.9963450432 -0.0305276942 -0.0797788873
209.8 306.8 2637.1 0.2554084361 0.6596557498 0.7068386078 -0.9612064362 0.2520073950 0.1121360734 -0.1041573584 -0.7080582976 0.6984301805
275.4 60.1 2610.4 -0.0369968601 0.6589695811 0.7512592077 -0.9666612744 0.1670094579 -0.1940975636 -0.2533717752 -0.7333941460 0.6308215261
19.8 -98.1 2732.6 0.8406822681 0.0353797004 0.5403717160 -0.0268357582 0.9993593097 -0.0236812700 -0.5408633947 0.0054071369 0.8410930634
5.7 -495.3 2730.4 0.8444175720 -0.0094563765 0.5356020331 -0.1086743698 0.9760290980 0.1885658205 -0.5245463252 -0.2174345106 0.8231484294
185.5 -89.7 2654.2 0.8346381783 -0.0223418996 0.5503453612 0.0802853703 0.9934403300 -0.0814286694 -0.5449159741 0.1121481508 0.8309568763
194.4 -484.7 2609.6 0.8441690207 -0.1362188309 0.5184815526 0.0226550885 0.9753782749 0.2193716913 -0.5355981588 -0.1734405309 0.8264701962
-80.7 94.3 2475.7 0 0 0 0 0 0 0 0 0
265.2 -206.1 2540.6 0 0 0 0 0 0 0 0 0
8.3 -761.2 2789.6 0 0 0 0 0 0 0 0 0
232.1 -754.7 2657.6 0 0 0 0 0 0 0 0 0
72.6 502.2 2696.6 29 0.9205464125 -0.0563808009 0.3865430653 0.0562100671 0.9983497858 0.0117549198 -0.3865679204 0.0109066628 0.9221964478
83.9 301.7 2694.4 0.9205464125 -0.0563808009 0.3865430653 0.0562100671 0.9983497858 0.0117549198 -0.3865679204 0.0109066628 0.9221964478
94.6 103.2 2692.4 0.9206942320 -0.0538150333 0.3865566552 0.0535308160 0.9984998703 0.0115087703 -0.3865961134 0.0100966338 0.9221938252
-45.6 294.1 2748.8 0.2073530108 -0.9769188166 -0.0513256118 0.9750228524 0.2106496543 -0.0704073533 0.0795939937 -0.0354444683 0.9961969852
-92.5 73.5 2730.8 -0.0522954650 -0.9769188166 -0.2071105391 -0.0749697015 0.2106496543 -0.9746826291 0.9958136082 -0.0354444683 -0.0842553377
213.4 309.2 2640.0 0.2352804393 0.6801614165 0.6942791939 -0.9655782580 0.2450924218 0.0871108770 -0.1109130979 -0.6908763647 0.7144145370
274.9 57.0 2611.0 -0.0368660912 0.6794927120 0.7327554226 -0.9660824537 0.1633054018 -0.2000401616 -0.2555887699 -0.7152768373 0.6504255533
21.0 -102.7 2730.4 0.8536844850 0.0347485095 0.5196300149 -0.0267270524 0.9993799329 -0.0229211021 -0.5201042891 0.0056792116 0.8540838957
7.2 -500.1 2728.1 0.8578451276 0.0002622669 0.5139082074 -0.1231387034 0.9709734321 0.2050546706 -0.4989374578 -0.2391871363 0.8329771161
188.1 -92.8 2655.2 0.8482376933 -0.0138611542 0.5294342637 0.0754283741 0.9926288724 -0.0948601365 -0.5242168903 0.1203983128 0.8430308104
193.6 -487.4 2607.4 0.8566808701 -0.1450043172 0.4950471222 0.0263003558 0.9707082510 0.2388174236 -0.5151758790 -0.1915704012 0.8354008794
-79.1 92.8 2474.6 0 0 0 0 0 0 0 0 0
264.7 -209.0 2540.6 0 0 0 0 0 0 0 0 0
7.1 -762.6 2792.8 0 0 0 0 0 0 0 0 0
233.3 -753.3 2659.9 0 0 0 0 0 0 0 0 0
70.7 504.1 2700.2 30 0.9185631275 -0.0618840680 0.3903999925 0.0632325932 0.9979544282 0.0094117653 -0.3901838362 0.0160407033 0.9205972552
83.2 303.7 2697.0 0.9185631275 -0.0618840680 0.3903999925 0.0632325932 0.9979544282 0.0094117653 -0.3901838362 0.0160407033 0.9205972552
94.9 105.3 2693.7 0.9187274575 -0.0588147156 0.3904877007 0.0605144128 0.9981355667 0.0079613430 -0.3902278841 0.0163158290 0.9205737114
-46.1 295.2 2751.9 0.2063147426 -0.9771904945 -0.0503283851 0.9740486741 0.2100000381 -0.0844343379 0.0930773988 -0.0316022485 0.9951572418
-92.8 74.9 2730.8 -0.0487445928 -0.9771904945 -0.2066946626 -0.0769614875 0.2100000381 -0.9746676087 0.9958418012 -0.0316022485 -0.0854424015
212.4 312.2 2642.0 0.2386659980 0.6763615012 0.6968311071 -0.9641307592 0.2508594990 0.0867262185 -0.1161484197 -0.6925349236 0.7119725943
275.4 57.9 2611.4 -0.0357987732 0.6760463119 0.7359890342 -0.9683168530 0.1586648822 -0.1928416938 -0.2471455187 -0.7195740342 0.6489470601
20.9 -100.2 2725.8 0.8510197997 0.0365788862 0.5238580704 -0.0351448320 0.9993017316 -0.0126835825 -0.5239562392 -0.0076169246 0.8517110944
6.3 -497.5 2728.8 0.8544564843 -0.0035064227 0.5195111036 -0.1188022867 0.9721617103 0.2019594908 -0.5057569742 -0.2342846990 0.8302533031
189.8 -90.4 2654.9 0.8457945585 -0.0060077370 0.5334749222 0.0641823336 0.9938201308 -0.0905655697 -0.5296339989 0.1108395234 0.8409532905
192.2 -485.5 2610.8 0.8505604863 -0.1498388946 0.5040785670 0.0356374010 0.9727679491 0.2290252149 -0.5246683359 -0.1768357456 0.8327378035
-80.2 94.7 2474.7 0 0 0 0 0 0 0 0 0
265.5 -208.8 2543.3 0 0 0 0 0 0 0 0 0
7.3 -759.9 2792.1 0 0 0 0 0 0 0 0 0
232.5 -747.4 2658.4 0 0 0 0 0 0 0 0 0
70.0 503.4 2699.0 31 0.9108679295 -0.0650873259 0.4075330794 0.0653932765 0.9977723360 0.0131957056 -0.4074841142 0.0146303801 0.9130951166
83.0 303.6 2696.0 0.9108679295 -0.0650873259 0.4075330794 0.0653932765 0.9977723360 0.0131957056 -0.4074841142 0.0146303801 0.9130951166
95.2 105.2 2692.4 0.9110100269 -0.0610245615 0.4078440368 0.0631451383 0.9979700446 0.0082748057 -0.4075210989 0.0182149373 0.9130141139
-45.2 294.7 2753.4 0.2081752419 -0.9764965773 -0.0558347963 0.9730212688 0.2125633955 -0.0897018537 0.0994619876 -0.0356547385 0.9944023490
-91.8 76.6 2731.1 -0.0537231863 -0.9764965773 -0.2087301463 -0.0798408762 0.2125633955 -0.9738799930 0.9953588843 -0.0356547385 -0.0893839225
211.2 312.5 2638.7 0.2405117750 0.6672707200 0.7049140930 -0.9662286043 0.2337959558 0.1083595231 -0.0925009251 -0.7071698904 0.7009667158
274.3 59.0 2614.4 -0.0328712277 0.6665366292 0.7447472215 -0.9652667046 0.1720683128 -0.1966027170 -0.2591903210 -0.7253422737 0.6377295256
22.3 -98.7 2726.3 0.8406493664 0.0409277566 0.5400310755 -0.0425551236 0.9990492463 -0.0094715077 -0.5399053097 -0.0150188729 0.8415917754
6.0 -495.9 2732.2 0.8431562185 -0.0045785294 0.5376492143 -0.1129629090 0.9761365056 0.1854641438 -0.5256681442 -0.2171096653 0.8225183487
190.8 -87.6 2654.7 0.8354379535 -0.0049472325 0.5495625734 0.0669013560 0.9934384227 -0.0927595198 -0.5454976559 0.1142612994 0.8302870989
192.8 -482.6 2609.2 0.8413661718 -0.1426166892 0.5213093758 0.0304061882 0.9755190611 0.2178026438 -0.5396095514 -0.1674007475 0.8251051903
-78.0 97.2 2475.2 0 0 0 0 0 0 0 0 0
265.2 -206.8 2543.1 0 0 0 0 0 0 0 0 0
7.3 -760.5 2791.1 0 0 0 0 0 0 0 0 0
232.0 -750.6 2655.2 0 0 0 0 0 0 0 0 0
71.5 502.6 2697.4 32 0.9178490043 -0.0619035289 0.3920729458 0.0625045523 0.9979813099 0.0112449201 -0.3919775784 0.0141852042 0.9198654294
83.9 303.1 2694.5 0.9178490043 -0.0619035289 0.3920729458 0.0625045523 0.9979813099 0.0112449201 -0.3919775784 0.0141852042 0.9198654294
95.5 104.7 2691.3 0.9179902673 -0.0584545359 0.3922715187 0.0601615421 0.9981569648 0.0079513686 -0.3920133412 0.0163003802 0.9198151231
-45.3 294.7 2749.7 0.2199786156 -0.9740131497 -0.0539238006 0.9720917344 0.2234937698 -0.0713317245 0.0815296695 -0.0367274247 0.9959939718
-93.6 81.4 2731.8 -0.0558230989 -0.9740131497 -0.2195043266 -0.0797310174 0.2234937698 -0.9714388847 0.9952520728 -0.0367274247 -0.0901351795
213.0 311.6 2639.4 0.2348001748 0.6768528223 0.6976669431 -0.9658162594 0.2435617149 0.0887506455 -0.1098538414 -0.6946567297 0.7109037638
274.0 60.8 2610.9 -0.0332722254 0.6764783263 0.7357105613 -0.9679050446 0.1616617888 -0.1924194992 -0.2491039038 -0.7185001969 0.6493879557
23.7 -99.0 2726.2 0.8493584394 0.0454458334 0.5258563757 -0.0505974144 0.9987086058 -0.0045864326 -0.5253857374 -0.0227114484 0.8505610228
5.7 -496.1 2735.2 0.8510468602 -0.0075776014 0.5250350833 -0.1042217091 0.9775644541 0.1830451936 -0.5146427155 -0.2105000913 0.8311634064
190.9 -87.4 2651.4 0.8448192477 -0.0064961798 0.5350123644 0.0581062250 0.9951262474 -0.0796705708 -0.5318872929 0.0983947814 0.8410792947
193.4 -483.1 2612.3 0.8483633995 -0.1402941197 0.5104871392 0.0350769721 0.9770253897 0.2102166414 -0.5282510519 -0.1604337543 0.8337936401
-79.2 101.9 2475.9 0 0 0 0 0 0 0 0 0
264.8 -205.8 2542.2 0 0 0 0 0 0 0 0 0
7.7 -760.5 2792.1 0 0 0 0 0 0 0 0 0
232.0 -751.4 2656.4 0 0 0 0 0 0 0 0 0
69.9 500.3 2697.6 33 0.9117901921 -0.0619354621 0.4059589207 0.0625167415 0.9979736209 0.0118430899 -0.4058698118 0.0145808160 0.9138146043
82.3 301.0 2694.7 0.9117901921 -0.0619354621 0.4059589207 0.0625167415 0.9979736209 0.0118430899 -0.4058698118 0.0145808160 0.9138146043
94.0 102.5 2691.7 0.9119543433 -0.0588848367 0.4060440958 0.0598041937 0.9981555939 0.0104361409 -0.4059096873 0.0147658549 0.9137939215
-46.0 292.6 2751.8 0.2250639051 -0.9732690454 -0.0457555763 0.9694027305 0.2283989191 -0.0899572298 0.0980031118 -0.0241094548 0.9948940277
-93.2 89.5 2731.2 -0.0433209464 -0.9732690454 -0.2255451828 -0.0794769749 0.2283989191 -0.9703181386 0.9958949089 -0.0241094548 -0.0872469395
210.6 309.4 2637.6 0.2404072881 0.6671598554 0.7050546408 -0.9656342864 0.2382856607 0.1037804633 -0.0987662524 -0.7057744861 0.7015180588
273.3 57.6 2611.8 -0.0309951175 0.6666238308 0.7447496057 -0.9660666585 0.1711770147 -0.1934261322 -0.2564264834 -0.7254729867 0.6386973858
22.9 -99.3 2724.0 0.8416020274 0.0420625135 0.5384577513 -0.0466951951 0.9988964200 -0.0050464910 -0.5380758047 -0.0208962504 0.8426374197
6.2 -496.4 2732.3 0.8436225057 -0.0039658416 0.5369220972 -0.1101037562 0.9774451852 0.1802168190 -0.5255266428 -0.2111521065 0.8241580725
191.3 -88.2 2652.1 0.8367069960 -0.0019955377 0.5476471782 0.0532526709 0.9955509901 -0.0777329355 -0.5450555682 0.0942033678 0.8330907226
192.1 -484.0 2614.6 0.8376873136 -0.1533505321 0.5241789818 0.0471166223 0.9764841795 0.2103773355 -0.5441139340 -0.1515328884 0.8252137899
-82.0 109.9 2474.9 0 0 0 0 0 0 0 0 0
264.8 -208.5 2541.2 0 0 0 0 0 0 0 0 0
7.2 -762.4 2789.8 0 0 0 0 0 0 0 0 0
233.1 -744.9 2655.1 0 0 0 0 0 0 0 0 0
68.4 501.5 2696.2 34 0.9117660522 -0.0660109296 0.4053704739 0.0656532049 0.9977326989 0.0148035027 -0.4054285586 0.0131165385 0.9140326381
81.6 302.0 2693.6 0.9117660522 -0.0660109296 0.4053704739 0.0656532049 0.9977326989 0.0148035027 -0.4054285586 0.0131165385 0.9140326381
94.3 103.6 2690.7 0.9118618965 -0.0638381913 0.4055028260 0.0641800463 0.9978566170 0.0127693871 -0.4054488540 0.0143812736 0.9140045643
-46.7 293.0 2750.6 0.2322421819 -0.9713418484 -0.0505819842 0.9644432068 0.2367136329 -0.1175413281 0.1261462569 -0.0214853976 0.9917789698
-98.5 78.0 2722.5 -0.0621812344 -0.9713418484 -0.2294089347 -0.1658268273 0.2367136329 -0.9573234320 0.9841925502 -0.0214853976 -0.1757936925
210.0 311.0 2636.5 0.2385248840 0.6689472795 0.7039995790 -0.9669349194 0.2309512198 0.1081589386 -0.0902369246 -0.7065203786 0.7019161582
273.1 55.2 2612.6 -0.0308460072 0.6682553291 0.7432922125 -0.9629511833 0.1794537753 -0.2012992203 -0.2679058611 -0.7219634056 0.6379618049
22.1 -101.4 2726.0 0.8420419097 0.0414066911 0.5378205180 -0.0444014221 0.9989864230 -0.0073944051 -0.5375815630 -0.0176535957 0.8430269361
5.6 -498.6 2733.0 0.8443233371 -0.0080967285 0.5357728004 -0.1076544598 0.9769346118 0.1844161153 -0.5249081850 -0.2133851647 0.8239770532
