-176.4 441.7 2495.7 1 0.9879857898 -0.0100917621 -0.1542150229 0.0136289392 0.9996673465 0.0218966566 0.1539427489 -0.0237353723 0.9877946377
-174.4 243.0 2500.4 0.9879857898 -0.0100917621 -0.1542150229 0.0136289392 0.9996673465 0.0218966566 0.1539427489 -0.0237353723 0.9877946377
-172.1 49.0 2504.1 0.9879752398 -0.0118294498 -0.1541589648 0.0145893069 0.9997527003 0.0167836491 0.1539223045 -0.0188309029 0.9879034758
-309.4 241.1 2479.4 0.1156331226 -0.8508788347 -0.5124785304 0.9762138128 0.1926134229 -0.0995320231 0.1833999306 -0.4887794256 0.8529121280
-335.8 18.5 2437.6 -0.5208801627 -0.8508788347 -0.0684769377 -0.1880300790 0.1926134229 -0.9630912542 0.8326635361 -0.4887794256 -0.2603193223
-39.5 245.0 2521.5 0.2556170523 0.5801181197 0.7733840346 -0.9651890397 0.1989788860 0.1697571874 -0.0554078706 -0.7898546457 0.6107860804
27.9 -9.3 2506.9 -0.0413669795 0.5812367201 0.8126823902 -0.9530712962 0.2211916149 -0.2067109644 -0.2999065220 -0.7830952406 0.5448099971
-256.5 -144.7 2494.6 0.9982303381 -0.0455035716 0.0382834710 0.0436772630 0.9979272485 0.0472602360 -0.0403546281 -0.0455044843 0.9981486797
-238.8 -532.0 2512.3 0.9990854263 -0.0034890447 0.0426165424 0.0057122777 0.9986224771 -0.0521584935 -0.0423758551 0.0523542240 0.9977290630
-79.3 -141.1 2521.0 0.9158113003 0.0830133632 -0.3929357231 -0.0838029608 0.9963667393 0.0151782129 0.3927680850 0.0190287977 0.9194406867
-111.5 -527.9 2513.6 0.9120548964 -0.1035530940 -0.3967778087 0.0965849683 0.9946156144 -0.0375644304 0.3985313177 -0.0040619480 0.9171457291
-208.5 64.4 2234.1 0 0 0 0 0 0 0 0 0
16.5 -271.0 2424.5 0 0 0 0 0 0 0 0 0
-237.7 -852.6 2495.5 0 0 0 0 0 0 0 0 0
-79.6 -833.9 2514.9 0 0 0 0 0 0 0 0 0
-176.1 443.3 2495.9 2 0.9872605801 -0.0094058299 -0.1588333845 0.0130029088 0.9996816516 0.0216228124 0.1585794389 -0.0234126467 0.9870685935
-174.2 244.7 2500.5 0.9872605801 -0.0094058299 -0.1588333845 0.0130029088 0.9996816516 0.0216228124 0.1585794389 -0.0234126467 0.9870685935
-172.1 50.6 2504.0 0.9872512817 -0.0111740157 -0.1587765813 0.0139057580 0.9997736216 0.0161043406 0.1585606784 -0.0181069411 0.9871832132
-309.1 242.8 2478.8 0.1219962761 -0.8477457166 -0.5161822438 0.9749705195 0.1997513175 -0.0976313129 0.1858746111 -0.4913518131 0.8508960009
-337.3 17.9 2436.0 -0.5257574916 -0.8477457166 -0.0700446814 -0.1941309422 0.1997513175 -0.9604231119 0.8281860948 -0.4913518131 -0.2695944309
-39.3 246.6 2522.2 0.2498183399 0.5842654109 0.7721558809 -0.9665742517 0.1979608685 0.1629286110 -0.0576630943 -0.7870485187 0.6141901612
27.0 -10.0 2506.9 -0.0397812836 0.5851770639 0.8099291921 -0.9546578526 0.2170776874 -0.2037294060 -0.2950353324 -0.7813098431 0.5500082374
-258.4 -146.4 2494.0 0.9982100129 -0.0489613414 0.0343453921 0.0478924848 0.9983625412 0.0312826149 -0.0358207896 -0.0295817330 0.9989203215
-239.3 -533.9 2505.4 0.9993011355 -0.0050917901 0.0370317660 0.0060068704 0.9996783137 -0.0246415529 -0.0368943848 0.0248467773 0.9990102053
-81.3 -143.8 2521.5 0.9140244722 0.0805866569 -0.3975739479 -0.0832793564 0.9964706898 0.0105209965 0.3970186412 0.0234932527 0.9175097942
-112.6 -530.6 2512.4 0.9098417759 -0.1070694029 -0.4009041190 0.1011211500 0.9942213297 -0.0360346511 0.4024456441 -0.0077540535 0.9154110551
-208.7 65.3 2233.4 0 0 0 0 0 0 0 0 0
16.0 -272.1 2425.8 0 0 0 0 0 0 0 0 0
-237.7 -849.5 2497.6 0 0 0 0 0 0 0 0 0
-80.2 -831.8 2514.8 0 0 0 0 0 0 0 0 0
-180.0 441.8 2495.4 3 0.9879108667 -0.0234195404 -0.1532437354 0.0271604545 0.9993808866 0.0223635081 0.1526251286 -0.0262553226 0.9879353642
-175.4 243.4 2500.6 0.9879108667 -0.0234195404 -0.1532437354 0.0271604545 0.9993808866 0.0223635081 0.1526251286 -0.0262553226 0.9879353642
-170.6 49.4 2504.4 0.9879077077 -0.0246097874 -0.1530774683 0.0272917636 0.9995082021 0.0154435495 0.1526221186 -0.0194345564 0.9880934954
-310.4 239.7 2479.8 0.1274985224 -0.8411267996 -0.5255947709 0.9706335664 0.2148043960 -0.1083027944 0.2039964497 -0.4963514805 0.8438131809
-339.4 18.6 2433.3 -0.5347121358 -0.8411267996 -0.0811706334 -0.1925480664 0.2148043960 -0.9574885368 0.8228050470 -0.4963514805 -0.2768158615
-40.4 247.1 2521.5 0.2551896572 0.5789657831 0.7743880153 -0.9654204845 0.1967281401 0.1710595340 -0.0533063002 -0.7912626863 0.6091484427
27.4 -9.4 2507.3 -0.0480428226 0.5801995993 0.8130561709 -0.9525579810 0.2183090001 -0.2120718956 -0.3005415201 -0.7846716642 0.5421855450
-258.3 -144.7 2493.3 0.9977491498 -0.0539490618 0.0398260988 0.0525935069 0.9980255961 0.0343346670 -0.0415997878 -0.0321627930 0.9986165762
-237.4 -532.2 2505.8 0.9990948439 -0.0005642069 0.0425341576 0.0012786961 0.9998584986 -0.0167726763 -0.0425186753 0.0168118831 0.9989542365
-81.4 -142.2 2521.7 0.9163584113 0.0855138525 -0.3911196887 -0.0842001513 0.9962370992 0.0205424447 0.3914045990 0.0141080953 0.9201105237
-114.6 -529.0 2516.3 0.9111870527 -0.1127810553 -0.3962557614 0.1007423252 0.9935974479 -0.0511383526 0.3994861543 0.0066768769 0.9167149067
-208.1 65.9 2231.4 0 0 0 0 0 0 0 0 0
14.2 -271.0 2424.8 0 0 0 0 0 0 0 0 0
-237.2 -846.1 2500.5 0 0 0 0 0 0 0 0 0
-79.9 -835.4 2514.2 0 0 0 0 0 0 0 0 0
-178.3 440.5 2495.7 4 0.9858106375 -0.0184791517 -0.1668409854 0.0221134089 0.9995563626 0.0199512132 0.1663982868 -0.0233575404 0.9857819676
-174.6 242.1 2500.3 0.9858106375 -0.0184791517 -0.1668409854 0.0221134089 0.9995563626 0.0199512132 0.1663982868 -0.0233575404 0.9857819676
-170.8 48.0 2503.6 0.9858117700 -0.0194915235 -0.1667191535 0.0220547915 0.9996651411 0.0135370009 0.1663994640 -0.0170218907 0.9859114885
-309.3 239.1 2477.6 0.1362468004 -0.8312190771 -0.5389912724 0.9651381969 0.2341044694 -0.1170614734 0.2234840095 -0.5042518377 0.8341372609
-340.5 17.9 2426.4 -0.5488945246 -0.8312190771 -0.0882586762 -0.2015885711 0.2341044694 -0.9510821104 0.8112193346 -0.5042518377 -0.2960629463
-40.0 245.1 2523.1 0.2435757220 0.5902874470 0.7695658207 -0.9679317474 0.1982378215 0.1543043852 -0.0614731088 -0.7824720144 0.6196439266
24.6 -11.4 2506.8 -0.0422761440 0.5912308097 0.8053936362 -0.9534643888 0.2169877589 -0.2093369514 -0.2985270023 -0.7767640948 0.5545440912
-254.3 -147.1 2494.5 0.9989222288 -0.0382124521 0.0263464954 0.0375282392 0.9989574552 0.0259928871 -0.0273122806 -0.0249761362 0.9993149042
-239.5 -534.8 2504.2 0.9996028543 -0.0051099178 0.0277128909 0.0053942921 0.9999334812 -0.0101964083 -0.0276589449 0.0103418501 0.9995639324
-77.3 -142.2 2521.8 0.9104270935 0.0908764973 -0.4035641551 -0.0895501301 0.9957348108 0.0222022496 0.4038605392 0.0159256924 0.9146819115
-112.6 -528.7 2515.6 0.9067257047 -0.1028030515 -0.4089988768 0.0908679515 0.9946780205 -0.0485664606 0.4118149579 0.0068715676 0.9112415910
-207.9 66.6 2230.5 0 0 0 0 0 0 0 0 0
13.0 -273.2 2424.8 0 0 0 0 0 0 0 0 0
-237.9 -847.8 2500.9 0 0 0 0 0 0 0 0 0
-80.9 -835.1 2513.5 0 0 0 0 0 0 0 0 0
-178.1 441.0 2494.8 5 0.9846002460 -0.0178058203 -0.1739118844 0.0216046814 0.9995670319 0.0199748389 0.1734809279 -0.0234245416 0.9845586419
-174.6 242.6 2499.5 0.9846002460 -0.0178058203 -0.1739118844 0.0216046814 0.9995670319 0.0199748389 0.1734809279 -0.0234245416 0.9845586419
-170.8 48.6 2503.0 0.9845827222 -0.0196603928 -0.1738112867 0.0225396473 0.9996392131 0.0146069201 0.1734614074 -0.0182993654 0.9846706390
-309.1 239.5 2475.8 0.1325712800 -0.8335080147 -0.5363667607 0.9667181969 0.2281983048 -0.1156784147 0.2188168615 -0.5031798482 0.8360198736
-339.6 17.5 2425.5 -0.5462731123 -0.8335080147 -0.0827653855 -0.2039480060 0.2281983048 -0.9520140290 0.8123982549 -0.5031798482 -0.2946508825
-40.1 245.7 2523.2 0.2460783571 0.5961322784 0.7642458677 -0.9676500559 0.1963853091 0.1583863348 -0.0556674562 -0.7784979939 0.6251735687
25.6 -12.7 2508.3 -0.0529739447 0.5973054767 0.8002624512 -0.9505773187 0.2153552324 -0.2236624956 -0.3059355319 -0.7725595832 0.5563768148
-255.4 -148.0 2492.0 0.9993228912 -0.0315692835 0.0188995451 0.0309087876 0.9989343882 0.0342750773 -0.0199614447 -0.0336677060 0.9992337227
-243.1 -535.8 2505.1 0.9996293783 -0.0177865811 0.0206090007 0.0182147063 0.9996182323 -0.0207756106 -0.0202316046 0.0211432967 0.9995717406
-78.7 -144.0 2521.8 0.9081503749 0.0828027725 -0.4103737473 -0.0816196278 0.9964540005 0.0204356685 0.4106107056 0.0149358921 0.9116884470
-110.9 -530.9 2516.0 0.9038122296 -0.1031508148 -0.4153110981 0.0895613357 0.9946162701 -0.0521268323 0.4184521139 0.0099170525 0.9081847072
-208.2 66.5 2230.2 0 0 0 0 0 0 0 0 0
11.1 -273.7 2424.3 0 0 0 0 0 0 0 0 0
-237.6 -846.2 2498.5 0 0 0 0 0 0 0 0 0
-79.2 -836.3 2513.0 0 0 0 0 0 0 0 0 0
-178.4 442.2 2494.9 6 0.9829407930 -0.0204715114 -0.1827793270 0.0239943210 0.9995661378 0.0170827098 0.1823503226 -0.0211769585 0.9830055237
-174.3 243.7 2499.1 0.9829407930 -0.0204715114 -0.1827793270 0.0239943210 0.9995661378 0.0170827098 0.1823503226 -0.0211769585 0.9830055237
-169.8 49.6 2502.1 0.9828987718 -0.0234541334 -0.1826470047 0.0259080864 0.9996031523 0.0110606775 0.1823151112 -0.0156035600 0.9831163287
-308.6 240.1 2474.2 0.1354019046 -0.8372474909 -0.5297951698 0.9694675207 0.2222946733 -0.1035266444 0.2044480741 -0.4996015131 0.8417834044
-339.6 17.8 2427.3 -0.5406956673 -0.8372474909 -0.0816381201 -0.2001407593 0.2222946733 -0.9542163014 0.8170629740 -0.4996015131 -0.2877611220
-40.0 247.2 2524.0 0.2493596375 0.6032074690 0.7576017976 -0.9669956565 0.1973747015 0.1611292213 -0.0523370765 -0.7727767825 0.6325163245
26.4 -10.2 2510.1 -0.0571418256 0.6039559245 0.7949666977 -0.9511333704 0.2090882659 -0.2272165567 -0.3034470081 -0.7691029310 0.5624949932
-255.2 -147.5 2491.0 0.9989412427 -0.0451130383 0.0090140887 0.0445839688 0.9976440668 0.0521398522 -0.0113450391 -0.0516827628 0.9985991120
-237.7 -534.7 2511.1 0.9999117851 0.0018134223 0.0131567223 -0.0012784809 0.9991765022 -0.0405542441 -0.0132194301 0.0405338444 0.9990907311
-78.8 -143.5 2522.1 0.9040305018 0.0881119967 -0.4182883799 -0.0880298913 0.9959262609 0.0195352100 0.4183056653 0.0191614553 0.9081041813
-113.0 -530.1 2514.7 0.8992328644 -0.1099268198 -0.4234339595 0.0978216380 0.9939324260 -0.0502921268 0.4263931811 0.0038033284 0.9045299292
-208.6 66.3 2229.4 0 0 0 0 0 0 0 0 0
10.7 -271.4 2426.7 0 0 0 0 0 0 0 0 0
-238.2 -848.4 2498.4 0 0 0 0 0 0 0 0 0
-79.2 -835.4 2513.5 0 0 0 0 0 0 0 0 0
-177.8 440.0 2496.4 7 0.9830154181 -0.0174619947 -0.1826903820 0.0199766662 0.9997292161 0.0119333249 0.1824325472 -0.0153801870 0.9830980897
-174.3 241.7 2499.5 0.9830154181 -0.0174619947 -0.1826903820 0.0199766662 0.9997292161 0.0119333249 0.1824325472 -0.0153801870 0.9830980897
-170.6 47.6 2501.4 0.9829991460 -0.0193882566 -0.1825835705 0.0208588783 0.9997636080 0.0061373957 0.1824214160 -0.0098415436 0.9831711650
-308.6 238.8 2474.6 0.1363065988 -0.8394494653 -0.5260656476 0.9703091979 0.2202255279 -0.1000039801 0.1998013854 -0.4968151450 0.8445437551
-339.7 17.3 2429.0 -0.5371196270 -0.8394494653 -0.0826262012 -0.1972283870 0.2202255279 -0.9553018808 0.8201240301 -0.4968151450 -0.2838507295
-40.0 244.5 2524.4 0.2409459949 0.6044030190 0.7593694925 -0.9687129855 0.1977336556 0.1499885172 -0.0594993941 -0.7717502117 0.6331361532
22.5 -7.0 2509.0 -0.0469078831 0.6053344607 0.7945878506 -0.9516326189 0.2147165686 -0.2197547108 -0.3036362827 -0.7664639354 0.5659841299
-253.3 -146.7 2488.8 0.9987517595 -0.0492893793 0.0080896877 0.0485834703 0.9962342381 0.0718124136 -0.0115988133 -0.0713297576 0.9973853230
-234.1 -533.4 2516.5 0.9997763634 0.0152844982 0.0146158859 -0.0143472198 0.9979597330 -0.0622133128 -0.0155369649 0.0619897023 0.9979558587
-77.2 -142.1 2521.5 0.9039490819 0.0901273936 -0.4180347621 -0.0910903141 0.9956853986 0.0176959448 0.4178259969 0.0220826864 0.9082586765
-112.1 -528.6 2512.9 0.9006578922 -0.1013898626 -0.4225346148 0.0933563262 0.9948400259 -0.0397235639 0.4243819118 -0.0036689402 0.9054758549
-208.5 65.5 2228.6 0 0 0 0 0 0 0 0 0
9.6 -268.3 2425.6 0 0 0 0 0 0 0 0 0
-238.9 -846.2 2497.1 0 0 0 0 0 0 0 0 0
-81.1 -833.5 2514.0 0 0 0 0 0 0 0 0 0
-178.3 440.8 2495.7 8 0.9836909175 -0.0192581899 -0.1788330227 0.0223968998 0.9996282458 0.0155485626 0.1784670949 -0.0193002857 0.9837566018
-174.5 242.5 2499.5 0.9836909175 -0.0192581899 -0.1788330227 0.0223968998 0.9996282458 0.0155485626 0.1784670949 -0.0193002857 0.9837566018
-170.5 48.4 2502.2 0.9836831689 -0.0206774492 -0.1787174344 0.0227875095 0.9996926785 0.0097617526 0.1784606576 -0.0136749968 0.9838520288
-308.9 239.4 2475.2 0.1348097622 -0.8365430832 -0.5310574174 0.9683100581 0.2249392122 -0.1085262820 0.2102425545 -0.4995978773 0.8403570652
-339.9 16.9 2426.9 -0.5412053466 -0.8365430832 -0.0853958875 -0.1971238703 0.2249392122 -0.9542245865 0.8174588680 -0.4995978773 -0.2866409123
-40.1 245.6 2523.9 0.2320689857 0.6027604938 0.7634289265 -0.9710895419 0.1887060553 0.1462024748 -0.0559385866 -0.7752869129 0.6291272044
21.4 -11.8 2509.1 -0.0482163765 0.6047412157 0.7949611545 -0.9488153458 0.2209783942 -0.2256502509 -0.3121292293 -0.7651513815 0.5631329417
-254.9 -148.3 2487.0 0.9985082150 -0.0530149527 0.0130661260 0.0522393547 0.9971799254 0.0538814440 -0.0158858001 -0.0531184971 0.9984618425
-234.3 -535.4 2507.6 0.9996683002 0.0186422430 0.0177686494 -0.0179975275 0.9991976619 -0.0357780568 -0.0184213761 0.0354463980 0.9992017746
-78.7 -144.6 2519.6 0.9057122469 0.0864725783 -0.4149793386 -0.0882086307 0.9959887266 0.0150226280 0.4146138132 0.0229985807 0.9097067714
-112.3 -531.3 2510.7 0.9026263356 -0.0995698273 -0.4187500179 0.0938550010 0.9949954748 -0.0342818722 0.4200678170 -0.0083580650 0.9074542522
-208.5 64.8 2228.4 0 0 0 0 0 0 0 0 0
8.1 -272.3 2423.4 0 0 0 0 0 0 0 0 0
-240.2 -851.0 2496.4 0 0 0 0 0 0 0 0 0
-82.2 -832.2 2513.2 0 0 0 0 0 0 0 0 0
-178.9 442.5 2495.3 9 0.9869245291 -0.0254868288 -0.1591551155 0.0289168004 0.9993960261 0.0192721765 0.1585678011 -0.0236224402 0.9870654941
-173.8 244.2 2500.0 0.9869245291 -0.0254868288 -0.1591551155 0.0289168004 0.9993960261 0.0192721765 0.1585678011 -0.0236224402 0.9870654941
-168.6 50.2 2503.6 0.9869142175 -0.0267478582 -0.1590120196 0.0293112248 0.9994751215 0.0137967383 0.1585595310 -0.0182770360 0.9871802330
-308.6 240.2 2478.4 0.1346139014 -0.8335458040 -0.5357989669 0.9646892548 0.2337822020 -0.1213283241 0.2263929695 -0.5005469918 0.8355829716
-339.8 16.9 2426.0 -0.5445523262 -0.8335458040 -0.0930813849 -0.1950328946 0.2337822020 -0.9525271654 0.8157358170 -0.5005469918 -0.2898755074
-39.0 248.2 2521.7 0.2239890397 0.5881543159 0.7771122456 -0.9731024504 0.1790310293 0.1449808925 -0.0538560636 -0.7886839509 0.6124354005
20.9 -12.0 2507.3 -0.0502195731 0.5906686783 0.8053499460 -0.9511426687 0.2176769823 -0.2189618945 -0.3046400845 -0.7769988775 0.5508785248
-254.6 -147.7 2488.9 0.9984484911 -0.0449420325 0.0328760035 0.0430200174 0.9974467158 0.0570023879 -0.0353538655 -0.0554996207 0.9978325963
-237.2 -534.9 2510.4 0.9992610216 0.0103478637 0.0370174311 -0.0089209108 0.9992184639 -0.0385077707 -0.0373869762 0.0381490849 0.9985724092
-78.4 -143.6 2520.8 0.9140467048 0.0840518922 -0.3968046308 -0.0844332650 0.9962918162 0.0165428091 0.3967236578 0.0183826108 0.9177539945
-111.0 -530.4 2513.7 0.9112354517 -0.0958411396 -0.4005800784 0.0895824879 0.9953861833 -0.0343706682 0.4020259976 -0.0045651901 0.9156168699
-208.1 64.1 2228.6 0 0 0 0 0 0 0 0 0
7.1 -273.2 2423.6 0 0 0 0 0 0 0 0 0
-240.5 -851.8 2498.3 0 0 0 0 0 0 0 0 0
-81.9 -832.3 2515.1 0 0 0 0 0 0 0 0 0
-177.0 441.0 2495.7 0 0.9842278957 -0.0210793614 -0.1756449640 0.0240587499 0.9996002316 0.0148501759 0.1752617210 -0.0188417546 0.9843415618
-172.8 242.7 2499.4 0.9842278957 -0.0210793614 -0.1756449640 0.0240587499 0.9996002316 0.0148501759 0.1752617210 -0.0188417546 0.9843415618
-168.4 48.7 2502.2 0.9842016101 -0.0230251439 -0.1755476594 0.0252480954 0.9996266961 0.0104397172 0.1752417535 -0.0147070307 0.9844155908
-307.3 239.3 2475.5 0.1544474214 -0.8277077079 -0.5394867659 0.9654439092 0.2424491346 -0.0955847129 0.2099142969 -0.5060814023 0.8365510106
-342.6 18.3 2427.4 -0.5516839623 -0.8277077079 -0.1026878059 -0.1865414530 0.2424491346 -0.9520612955 0.8129250407 -0.5060814023 -0.2881570756
-38.4 246.2 2523.3 0.2235055715 0.6011875272 0.7672150135 -0.9730512500 0.1834226102 0.1397404820 -0.0567143373 -0.7777723074 0.6259822249
20.6 -10.7 2508.4 -0.0433315262 0.6033754945 0.7962790728 -0.9502427578 0.2212087214 -0.2193293869 -0.3084818721 -0.7661622763 0.5637679100
-251.8 -146.5 2492.9 0.9995484352 -0.0251215715 0.0164861325 0.0243280865 0.9986134171 0.0466839969 -0.0176360477 -0.0462618396 0.9987736344
-242.1 -534.0 2510.8 0.9997788668 -0.0095533952 0.0187333748 0.0104002208 0.9989038110 -0.0456403829 -0.0182768181 0.0458251201 0.9987822771
-75.0 -141.2 2521.3 0.9066112638 0.0934616625 -0.4114862978 -0.0929228216 0.9954440594 0.0213639662 0.4116083086 0.0188676585 0.9111655354
-111.3 -527.7 2514.0 0.9041509628 -0.0964099020 -0.4161924720 0.0895177498 0.9953309894 -0.0360943638 0.4177291393 -0.0046218610 0.9085598588
-207.7 63.9 2228.6 0 0 0 0 0 0 0 0 0
8.7 -271.6 2423.6 0 0 0 0 0 0 0 0 0
-239.1 -851.3 2496.3 0 0 0 0 0 0 0 0 0
-81.7 -833.0 2515.4 0 0 0 0 0 0 0 0 0
-177.8 442.9 2495.8 1 0.9851588011 -0.0205425639 -0.1704115719 0.0235667061 0.9995983243 0.0157420989 0.1700197458 -0.0195245072 0.9852471948
-173.8 244.2 2499.7 0.9851588011 -0.0205425639 -0.1704115719 0.0235667061 0.9995983243 0.0157420989 0.1700197458 -0.0195245072 0.9852471948
-169.5 50.2 2502.7 0.9851487875 -0.0217451602 -0.1703202426 0.0240401980 0.9996457100 0.0114238653 0.1700114906 -0.0153487390 0.9853225350
-308.3 241.0 2476.5 0.1495819539 -0.8220304251 -0.5494462848 0.9621395469 0.2490661591 -0.1106955409 0.2278435826 -0.5120859742 0.8281638026
-342.8 19.0 2423.9 -0.5592098236 -0.8220304251 -0.1074724793 -0.1833601445 0.2490661591 -0.9509705901 0.8084945679 -0.5120859742 -0.2900078595
-39.2 247.5 2522.9 0.2228596658 0.5972660184 0.7704588771 -0.9732050300 0.1822107285 0.1402539164 -0.0566169769 -0.7810714245 0.6218697429
20.5 -13.0 2507.8 -0.0397561267 0.5995743871 0.7993310094 -0.9505362511 0.2239372283 -0.2152508348 -0.3080588579 -0.7683506012 0.5610142946
-252.0 -147.6 2489.4 0.9994779229 -0.0239485726 0.0216867831 0.0227567870 0.9983016849 0.0536268875 -0.0229342394 -0.0531053692 0.9983255267
-242.7 -535.1 2510.0 0.9996143579 -0.0138750048 0.0240541361 0.0150698116 0.9986243248 -0.0502234921 -0.0233241934 0.0505666174 0.9984483123
-75.7 -143.1 2520.8 0.9083394408 0.0996196121 -0.4061962366 -0.0970253944 0.9949147105 0.0270337816 0.4068236947 0.0148555012 0.9133858681
-114.4 -529.4 2515.0 0.9051029682 -0.1050369442 -0.4120144248 0.0969869345 0.9944627285 -0.0404650085 0.4139833152 -0.0033350156 0.9102783799
-207.1 63.5 2227.7 0 0 0 0 0 0 0 0 0
9.6 -274.1 2423.2 0 0 0 0 0 0 0 0 0
-238.4 -848.0 2494.2 0 0 0 0 0 0 0 0 0
-82.3 -833.6 2516.0 0 0 0 0 0 0 0 0 0
-177.7 442.5 2495.9 2 0.9838702083 -0.0181183890 -0.1779638082 0.0210849065 0.9996682405 0.0147919599 0.1776367724 -0.0183057189 0.9839258790
-174.1 244.1 2499.5 0.9838702083 -0.0181183890 -0.1779638082 0.0210849065 0.9996682405 0.0147919599 0.1776367724 -0.0183057189 0.9839258790
-170.4 50.0 2502.4 0.9838618040 -0.0191665795 -0.1779006422 0.0215372704 0.9997029901 0.0114041837 0.1776292175 -0.0150516350 0.9839823842
-308.5 241.2 2475.3 0.1555696577 -0.8156127334 -0.5572916269 0.9601414204 0.2574732304 -0.1087932512 0.2322208285 -0.5181538463 0.8231586218
-344.5 19.2 2421.6 -0.5677754879 -0.8156127334 -0.1113859415 -0.1837555319 0.2574732304 -0.9486524463 0.8024119139 -0.5181538463 -0.2960603535
-39.7 247.0 2523.8 0.2256670594 0.6032744050 0.7649407983 -0.9727051854 0.1830745190 0.1425775141 -0.0540278070 -0.7762368917 0.6281220317
19.5 -8.0 2509.6 -0.0331236310 0.6054801941 0.7951707840 -0.9501704574 0.2276693881 -0.2129383981 -0.3099660277 -0.7626010776 0.5677681565
-253.5 -146.0 2490.4 0.9994400144 -0.0303333402 0.0141261602 0.0295571722 0.9981967807 0.0522450022 -0.0156854540 -0.0517982170 0.9985343814
-241.8 -533.5 2510.5 0.9997924566 -0.0110604586 0.0171090066 0.0118796090 0.9987505078 -0.0485419296 -0.0165507328 0.0487351008 0.9986746311
-77.0 -141.7 2520.9 0.9055675864 0.0922078639 -0.4140591919 -0.0928793326 0.9955043793 0.0185597073 0.4139091074 0.0216504727 0.9100607038
-112.8 -528.2 2512.5 0.9029933214 -0.0983454734 -0.4182478786 0.0932849646 0.9951061010 -0.0325847007 0.4194055498 -0.0095924726 0.9077482820
-206.5 63.9 2226.7 0 0 0 0 0 0 0 0 0
10.4 -268.9 2424.5 0 0 0 0 0 0 0 0 0
-238.3 -847.0 2495.2 0 0 0 0 0 0 0 0 0
-82.6 -834.1 2515.4 0 0 0 0 0 0 0 0 0
-177.8 443.3 2495.4 3 0.9852339029 -0.0123918513 -0.1707648188 0.0158126559 0.9997003675 0.0186866801 0.1704820842 -0.0211109966 0.9851346016
-175.3 244.7 2499.6 0.9852339029 -0.0123918513 -0.1707648188 0.0158126559 0.9997003675 0.0186866801 0.1704820842 -0.0211109966 0.9851346016
-172.8 50.6 2502.7 0.9852364063 -0.0130982781 -0.1706976593 0.0156164384 0.9997880459 0.0134177683 0.1704857200 -0.0158853624 0.9852321148
-309.9 242.6 2476.3 0.1565252841 -0.8090230227 -0.5665523410 0.9583824277 0.2630738020 -0.1108841598 0.2387529165 -0.5256176591 0.8165311813
-346.3 19.7 2420.8 -0.5774177313 -0.8090230227 -0.1098658890 -0.1885655671 0.2630738020 -0.9461687207 0.7943751216 -0.5256176591 -0.3044573665
-40.7 246.8 2522.9 0.2250379771 0.5976619124 0.7695181370 -0.9727235436 0.1834213883 0.1420054287 -0.0562748536 -0.7804850340 0.6226365566
18.4 -8.7 2508.1 -0.0226611849 0.5993956327 0.8001320958 -0.9531261921 0.2285895348 -0.1982354373 -0.3017232716 -0.7671191096 0.5661195517
-254.8 -146.0 2489.4 0.9991698265 -0.0343043618 0.0219730902 0.0333346352 0.9985156059 0.0430743136 -0.0234181117 -0.0423060879 0.9988301992
-241.5 -533.6 2505.9 0.9996631145 -0.0089532491 0.0243628677 0.0096401162 0.9995551705 -0.0282233432 -0.0240993407 0.0284486953 0.9993047118
-78.5 -142.1 2521.3 0.9085412621 0.0923964605 -0.4074502587 -0.0919260830 0.9955490232 0.0207793899 0.4075566530 0.0185763743 0.9129909873
-114.4 -528.6 2514.1 0.9041637182 -0.1104159579 -0.4126697779 0.1007792875 0.9938851595 -0.0451203734 0.4151283503 -0.0007923623 0.9097625017
-206.1 65.5 2227.8 0 0 0 0 0 0 0 0 0
12.2 -270.5 2425.3 0 0 0 0 0 0 0 0 0
-238.6 -848.5 2496.9 0 0 0 0 0 0 0 0 0
-80.3 -835.7 2514.3 0 0 0 0 0 0 0 0 0
-177.8 441.4 2487.2 4 0.9843734503 -0.0055109756 -0.1760071069 0.0123273162 0.9992146492 0.0376577713 0.1756613404 -0.0392390043 0.9836683273
-176.7 242.7 2495.0 0.9843734503 -0.0055109756 -0.1760071069 0.0123273162 0.9992146492 0.0376577713 0.1756613404 -0.0392390043 0.9836683273
-175.7 48.7 2501.2 0.9843823314 -0.0050725625 -0.1759706140 0.0106502995 0.9994698167 0.0307670310 0.1757212579 -0.0321606621 0.9839144945
-311.2 241.3 2471.0 0.1574177593 -0.8072481155 -0.5688322783 0.9618778229 0.2557774782 -0.0967934355 0.2236308008 -0.5319101214 0.8167379498
-347.4 19.8 2419.5 -0.5811035633 -0.8072481155 -0.1032914817 -0.1867145002 0.2557774782 -0.9485333562 0.7921214104 -0.5319101214 -0.2993581295
-42.2 244.2 2519.0 0.2351312339 0.6007856131 0.7640483975 -0.9711651206 0.1770761311 0.1596318483 -0.0393902101 -0.7795515656 0.6250981688
18.5 -6.6 2508.8 -0.0312598869 0.6028850675 0.7972154021 -0.9533748627 0.2215453833 -0.2049242705 -0.3001651764 -0.7664510608 0.5678499937
-258.5 -144.8 2490.5 0.9988982081 -0.0435189269 0.0175620113 0.0428121947 0.9983298779 0.0387893394 -0.0192207508 -0.0379947349 0.9990930557
-241.6 -532.4 2505.3 0.9997372627 -0.0106923589 0.0202754624 0.0111849522 0.9996411800 -0.0243393146 -0.0200079419 0.0245596990 0.9994981289
-82.0 -142.0 2521.1 0.9065329432 0.0823910534 -0.4140166342 -0.0815961063 0.9964720011 0.0196388662 0.4141740501 0.0159788672 0.9100574255
-114.0 -528.9 2514.9 0.9015920758 -0.1079717204 -0.4188960195 0.0946270600 0.9941236973 -0.0525720939 0.4221107662 0.0077596824 0.9065110683
-206.0 65.2 2226.7 0 0 0 0 0 0 0 0 0
9.9 -268.4 2426.4 0 0 0 0 0 0 0 0 0
-238.2 -848.8 2497.5 0 0 0 0 0 0 0 0 0
-80.6 -836.1 2512.5 0 0 0 0 0 0 0 0 0
-179.6 441.3 2490.6 5 0.9891054630 -0.0040381579 -0.1471532285 0.0082112690 0.9995808005 0.0277625341 0.1469794363 -0.0286683887 0.9887239933
-178.8 242.7 2496.3 0.9891054630 -0.0040381579 -0.1471532285 0.0082112690 0.9995808005 0.0277625341 0.1469794363 -0.0286683887 0.9887239933
-178.0 48.6 2500.8 0.9891082048 -0.0041897935 -0.1471305937 0.0075462814 0.9997236729 0.0222622156 0.1469966620 -0.0231300294 0.9888665080
-313.9 241.6 2476.2 0.1549499333 -0.7994312644 -0.5804310441 0.9568876028 0.2675531209 -0.1130550578 0.2456758916 -0.5378893614 0.8064231873
-349.8 19.6 2419.2 -0.5916119814 -0.7994312644 -0.1044267043 -0.1949797124 0.2675531209 -0.9436091781 0.7822903395 -0.5378893614 -0.3141604960
-43.7 243.7 2516.4 0.2377605289 0.5807656050 0.7785764337 -0.9706417918 0.1720922291 0.1680439562 -0.0363928191 -0.7956730723 0.6046320796
19.0 -12.2 2506.8 -0.0347986743 0.5832061172 0.8115785122 -0.9550964832 0.2196850032 -0.1988196075 -0.2942444384 -0.7820544243 0.5493733287
-262.9 -146.2 2491.7 0.9965357184 -0.0693538561 0.0458981618 0.0672704130 0.9966976643 0.0454802327 -0.0489008203 -0.0422350839 0.9979102612
-236.0 -533.0 2508.1 0.9986163378 0.0120512666 0.0511873774 -0.0103848875 0.9994113445 -0.0326966196 -0.0515512824 0.0321198031 0.9981536865
-86.5 -144.3 2523.2 0.9185937643 0.0763089284 -0.3877659738 -0.0803626180 0.9967489243 0.0057773152 0.3869462013 0.0258548837 0.9217397571
-116.1 -531.2 2513.2 0.9134927392 -0.1119715646 -0.3911436796 0.1025796682 0.9937109947 -0.0448980629 0.3937110901 0.0008906644 0.9192337990
-205.3 67.2 2228.1 0 0 0 0 0 0 0 0 0
9.4 -274.5 2426.0 0 0 0 0 0 0 0 0 0
-239.8 -848.5 2498.0 0 0 0 0 0 0 0 0 0
-81.7 -836.6 2512.9 0 0 0 0 0 0 0 0 0
-180.5 442.8 2492.8 6 0.9907364249 -0.0030479189 -0.1357648820 0.0066714133 0.9996333718 0.0262425039 0.1356351227 -0.0269051474 0.9903934598
-179.9 244.2 2498.1 0.9907364249 -0.0030479189 -0.1357648820 0.0066714133 0.9996333718 0.0262425039 0.1356351227 -0.0269051474 0.9903934598
-179.1 50.2 2502.1 0.9907353520 -0.0042103780 -0.1357415617 0.0069640083 0.9997793436 0.0198173653 0.1356281787 -0.0205790699 0.9905460477
-315.2 243.3 2479.6 0.1651571542 -0.7888925672 -0.5919219255 0.9488295913 0.2908784449 -0.1229315028 0.2691570818 -0.5413300395 0.7965652943
-353.9 21.2 2416.6 -0.6043692231 -0.7888925672 -0.1112938225 -0.2077038288 0.2908784449 -0.9339426160 0.7691534162 -0.5413300395 -0.3396539986
-44.6 245.2 2516.6 0.2395582199 0.5719408393 0.7845352292 -0.9701380134 0.1726426035 0.1703724414 -0.0380012468 -0.8019215465 0.5962195396
18.7 -11.0 2506.6 -0.0387888066 0.5744064450 0.8176506758 -0.9555870295 0.2179096192 -0.1984157413 -0.2921452224 -0.7890326977 0.5404429436
-265.8 -146.1 2492.1 0.9955785275 -0.0740622282 0.0577768683 0.0719682723 0.9967009425 0.0375206806 -0.0603651255 -0.0331966840 0.9976242185
-237.0 -533.0 2505.0 0.9980401993 0.0063969167 0.0622481927 -0.0048972857 0.9996948242 -0.0242139753 -0.0623840876 0.0238616727 0.9977669120
-88.6 -144.7 2518.4 0.9240195155 0.0683674663 -0.3761833012 -0.0670329183 0.9976117611 0.0166526996 0.3764233887 0.0098292464 0.9263955951
-115.2 -531.9 2514.6 0.9187056422 -0.1087680161 -0.3796701729 0.0992549136 0.9940617085 -0.0446073227 0.3822674155 0.0032968691 0.9240458608
-205.7 72.2 2228.0 0 0 0 0 0 0 0 0 0
8.0 -273.4 2426.4 0 0 0 0 0 0 0 0 0
-239.1 -847.1 2497.5 0 0 0 0 0 0 0 0 0
-81.9 -836.0 2513.6 0 0 0 0 0 0 0 0 0
-181.3 441.6 2494.9 7 0.9884818792 -0.0094352290 -0.1510449052 0.0123259136 0.9997581244 0.0182130933 0.1508365273 -0.0198650807 0.9883590937
-179.4 243.1 2498.8 0.9884818792 -0.0094352290 -0.1510449052 0.0123259136 0.9997581244 0.0182130933 0.1508365273 -0.0198650807 0.9883590937
-177.6 49.0 2501.8 0.9884896874 -0.0092635266 -0.1510041952 0.0114871459 0.9998379350 0.0138598811 0.1508513391 -0.0154349571 0.9884359837
-314.4 241.5 2478.2 0.1816976219 -0.7819188237 -0.5963127613 0.9437472820 0.3090284467 -0.1176539063 0.2762733996 -0.5413911343 0.7940835357
-356.9 20.7 2413.6 -0.6131299734 -0.7819188237 -0.1125814468 -0.2244017124 0.3090284467 -0.9241998196 0.7574400902 -0.5413911343 -0.3649385273
-44.4 244.6 2519.4 0.2463758588 0.5808637738 0.7758197188 -0.9678562880 0.1891958863 0.1657078266 -0.0505282283 -0.7917084098 0.6088059545
21.2 -12.9 2506.0 -0.0445378162 0.5822890997 0.8117609620 -0.9544332027 0.2152111679 -0.2067400217 -0.2950824797 -0.7839793563 0.5461710095
-267.0 -144.5 2494.0 0.9967455268 -0.0688558742 0.0419186614 0.0672985315 0.9970281124 0.0374947190 -0.0443758182 -0.0345516279 0.9984172583
-240.3 -531.6 2507.4 0.9989062548 -0.0053332290 0.0464520566 0.0067133741 0.9995390773 -0.0296060238 -0.0462727509 0.0298854932 0.9984816909
-89.6 -143.3 2518.3 0.9189010859 0.0594302192 -0.3899857402 -0.0574453622 0.9982079268 0.0167624410 0.3902830482 0.0069998456 0.9206683040
-112.6 -530.8 2515.5 0.9136420488 -0.1036860123 -0.3930743039 0.0915103033 0.9945657849 -0.0496468507 0.3960859179 0.0093891053 0.9181654453
-205.5 76.1 2226.5 0 0 0 0 0 0 0 0 0
8.9 -275.0 2424.9 0 0 0 0 0 0 0 0 0
-238.6 -847.4 2497.9 0 0 0 0 0 0 0 0 0
-80.9 -835.0 2512.7 0 0 0 0 0 0 0 0 0
-180.1 441.6 2495.4 8 0.9852393270 -0.0140044447 -0.1706087440 0.0172484498 0.9996972680 0.0175468531 0.1703113616 -0.0202305857 0.9851825833
-177.3 243.2 2499.4 0.9852393270 -0.0140044447 -0.1706087440 0.0172484498 0.9996972680 0.0175468531 0.1703113616 -0.0202305857 0.9851825833
-174.5 49.1 2502.5 0.9852441549 -0.0144497966 -0.1705435812 0.0169076696 0.9997729659 0.0129683428 0.1703174710 -0.0156604797 0.9852647781
-311.9 240.8 2476.2 0.2079277784 -0.7702184319 -0.6029341817 0.9339374900 0.3395438194 -0.1116728038 0.2907350063 -0.5398829579 0.7899364233
-361.2 19.1 2407.1 -0.6263402104 -0.7702184319 -0.1202561632 -0.2430848032 0.3395438194 -0.9086362123 0.7406805754 -0.5398829579 -0.3998983204
-42.7 245.5 2522.7 0.2578569055 0.5908891559 0.7644343376 -0.9641084075 0.2091807276 0.1635188162 -0.0632834360 -0.7791620493 0.6236198545
26.4 -12.8 2505.7 -0.0568899140 0.5909281969 0.8047157526 -0.9523376226 0.2098321915 -0.2214125395 -0.2996941805 -0.7789571881 0.5508258343
-264.4 -146.1 2491.3 0.9978061318 -0.0626044124 0.0215305798 0.0615953356 0.9970993400 0.0447090492 -0.0242671110 -0.0432847813 0.9987680316
-240.0 -533.2 2508.1 0.9996545911 -0.0019171913 0.0262102783 0.0027280969 0.9995175600 -0.0309377909 -0.0261383206 0.0309986100 0.9991775751
-87.3 -144.1 2518.3 0.9110619426 0.0575862601 -0.4082278609 -0.0571640246 0.9982769489 0.0132452296 0.4082871974 0.0112687219 0.9127839804
-109.6 -531.6 2514.0 0.9069916606 -0.0929697901 -0.4107587039 0.0834203660 0.9956642389 -0.0411558375 0.4128040075 0.0030623609 0.9108147025
-205.4 79.6 2222.9 0 0 0 0 0 0 0 0 0
10.7 -274.3 2423.5 0 0 0 0 0 0 0 0 0
-239.4 -849.5 2498.3 0 0 0 0 0 0 0 0 0
-81.3 -834.7 2513.0 0 0 0 0 0 0 0 0 0
-178.7 441.7 2486.2 9 0.9820625186 -0.0103180557 -0.1882729679 0.0191878621 0.9987868667 0.0453497991 0.1875766516 -0.0481488965 0.9810691476
-176.6 242.4 2495.8 0.9820625186 -0.0103180557 -0.1882729679 0.0191878621 0.9987868667 0.0453497991 0.1875766516 -0.0481488965 0.9810691476
-174.1 48.5 2503.3 0.9820513129 -0.0131222345 -0.1881568283 0.0201430991 0.9991683960 0.0354503989 0.1875351667 -0.0386041701 0.9814990163
-310.8 239.7 2470.2 0.2236959636 -0.7624195814 -0.6071873903 0.9344357252 0.3448838890 -0.0887974799 0.2771100700 -0.5475139618 0.7895811796
-363.5 19.5 2404.9 -0.6364513636 -0.7624195814 -0.1168164238 -0.2469305098 0.3448838890 -0.9055829048 0.7307222486 -0.5475139618 -0.4077664614
-42.5 245.2 2521.4 0.2615673542 0.6008557081 0.7553508878 -0.9636746049 0.2063459754 0.1695657820 -0.0539790355 -0.7722653151 0.6330027580
27.2 -11.4 2507.0 -0.0532372370 0.6015158296 0.7970849872 -0.9492086768 0.2174042612 -0.2274605036 -0.3101107776 -0.7687093616 0.5593900681
-259.9 -146.5 2490.3 0.9990594387 -0.0430643894 0.0050717820 0.0428237505 0.9982576370 0.0405935049 -0.0068110796 -0.0403381325 0.9991628528
-243.2 -534.0 2505.9 0.9998575449 -0.0148844738 0.0079624252 0.0150927696 0.9995275736 -0.0267728418 -0.0075601637 0.0268892031 0.9996098280
-83.4 -143.5 2520.8 0.9018032551 0.0763070285 -0.4253564477 -0.0741725639 0.9970113635 0.0216051992 0.4257338345 0.0120661389 0.9047679901
-113.1 -530.5 2516.1 0.8968439698 -0.1045238823 -0.4298205376 0.0910466015 0.9944949746 -0.0518678799 0.4328758121 0.0073836921 0.9014233351
-204.1 81.4 2221.9 0 0 0 0 0 0 0 0 0
12.5 -272.1 2421.9 0 0 0 0 0 0 0 0 0
-238.5 -848.7 2497.5 0 0 0 0 0 0 0 0 0
-81.4 -831.5 2513.9 0 0 0 0 0 0 0 0 0
-179.4 442.8 2490.6 0 0.9872783422 -0.0087368628 -0.1587612778 0.0141434604 0.9993566871 0.0329569653 0.1583711952 -0.0347831324 0.9867668152
-177.7 244.1 2497.5 0.9872783422 -0.0087368628 -0.1587612778 0.0141434604 0.9993566871 0.0329569653 0.1583711952 -0.0347831324 0.9867668152
-175.6 50.1 2503.1 0.9872663021 -0.0109723350 -0.1586973816 0.0153646478 0.9995313287 0.0264768507 0.1583324969 -0.0285780318 0.9869722128
-312.5 242.0 2475.9 0.2304017693 -0.7527527809 -0.6166670918 0.9246280193 0.3668602109 -0.1023552641 0.3032788336 -0.5466048121 0.7805415392
-367.8 20.0 2403.1 -0.6454687119 -0.7527527809 -0.1293577105 -0.2481564581 0.3668602109 -0.8965667486 0.7223493457 -0.5466048121 -0.4235972464
-42.9 246.2 2519.1 0.2606051564 0.5821843743 0.7701599002 -0.9642066360 0.1973483562 0.1770854145 -0.0488934256 -0.7887426615 0.6127760410
27.1 -12.8 2506.0 -0.0545453317 0.5830915570 0.8105732799 -0.9529498816 0.2120190263 -0.2166435421 -0.2981799841 -0.7842526436 0.5440923572
-259.6 -147.2 2494.0 0.9986867309 -0.0375287347 0.0348776020 0.0363559835 0.9987714887 0.0336717367 -0.0360984094 -0.0323595069 0.9988241792
-245.0 -534.9 2506.6 0.9990558028 -0.0225289837 0.0371478200 0.0235987529 0.9993119240 -0.0286151282 -0.0364775881 0.0294647515 0.9988999963
-83.7 -143.5 2527.6 0.9134153128 0.0766411871 -0.3997482061 -0.0864750072 0.9962322116 -0.0065920949 0.3977368176 0.0405895486 0.9166013002
-113.4 -530.1 2511.8 0.9097312093 -0.1048752367 -0.4017340839 0.0994359851 0.9944480062 -0.0344330892 0.4031148255 -0.0086219683 0.9151087999
-205.2 82.5 2221.1 0 0 0 0 0 0 0 0 0
12.1 -274.4 2424.1 0 0 0 0 0 0 0 0 0
-237.9 -849.3 2497.3 0 0 0 0 0 0 0 0 0
-81.3 -834.5 2514.5 0 0 0 0 0 0 0 0 0
-178.4 441.7 2484.8 1 0.9891983271 -0.0056796838 -0.1464732736 0.0126614263 0.9988250732 0.0467774794 0.1460355073 -0.0481267646 0.9881080389
-177.2 242.9 2494.4 0.9891983271 -0.0056796838 -0.1464732736 0.0126614263 0.9988250732 0.0467774794 0.1460355073 -0.0481267646 0.9881080389
-175.6 48.9 2502.1 0.9891872406 -0.0084937522 -0.1464118063 0.0142206429 0.9991722703 0.0381127521 0.1459669024 -0.0397827178 0.9884892702
-312.3 240.9 2474.4 0.2320916206 -0.7572335005 -0.6105169058 0.9256704450 0.3647400439 -0.1004935876 0.2987770736 -0.5418137312 0.7856017351
-366.7 24.0 2404.4 -0.6376874447 -0.7572335005 -0.1412522346 -0.2334581465 0.3647400439 -0.9013667107 0.7340654135 -0.5418137312 -0.4093724489
-42.1 244.8 2514.3 0.2526830137 0.5749694109 0.7781782746 -0.9669215679 0.1790231466 0.1816959083 -0.0348423310 -0.7983488441 0.6011864543
24.8 -11.3 2505.1 -0.0448215231 0.5771830678 0.8153837919 -0.9542575479 0.2167819142 -0.2059081048 -0.2956071198 -0.7873152494 0.5410647988
-261.9 -145.3 2494.4 0.9976615310 -0.0486198366 0.0480372198 0.0473303907 0.9984971881 0.0276256371 -0.0493081808 -0.0252874140 0.9984634519
-243.1 -532.9 2504.3 0.9986058474 -0.0159552936 0.0503167361 0.0169977546 0.9996482134 -0.0203585532 -0.0499742068 0.0211854409 0.9985257983
-85.1 -142.5 2522.8 0.9181697965 0.0809358209 -0.3878318667 -0.0827356353 0.9964982271 0.0120852403 0.3874519169 0.0209912155 0.9216508865
-116.5 -529.2 2514.6 0.9127043486 -0.1159408763 -0.3918271363 0.1068778262 0.9932557344 -0.0449460596 0.3943956196 -0.0008551684 0.9189403653
-205.6 83.0 2219.0 0 0 0 0 0 0 0 0 0
12.5 -273.3 2423.9 0 0 0 0 0 0 0 0 0
-238.0 -846.8 2497.6 0 0 0 0 0 0 0 0 0
-81.0 -833.8 2514.9 0 0 0 0 0 0 0 0 0
-179.4 442.5 2489.9 2 0.9918759465 -0.0038628129 -0.1271501631 0.0083011957 0.9993738532 0.0343952589 0.1269376725 -0.0351713300 0.9912869334
-178.7 244.0 2496.9 0.9918759465 -0.0038628129 -0.1271501631 0.0083011957 0.9993738532 0.0343952589 0.1269376725 -0.0351713300 0.9912869334
-177.5 50.0 2502.2 0.9918690324 -0.0062347935 -0.1271099597 0.0096714497 0.9996036887 0.0264376514 0.1268947572 -0.0274520256 0.9915362597
-314.1 242.7 2479.5 0.2234959602 -0.7557327151 -0.6155628562 0.9223912954 0.3681024313 -0.1170251146 0.3150298893 -0.5416351557 0.7793506980
-367.4 22.8 2404.4 -0.6396868229 -0.7557327151 -0.1402455121 -0.2378136814 0.3681024313 -0.8988577724 0.7309209108 -0.5416351557 -0.4151938558
-43.2 245.4 2514.2 0.2667067349 0.5614243746 0.7833710313 -0.9632739425 0.1815603673 0.1978362948 -0.0311590265 -0.8073651791 0.5892288089
28.4 -13.0 2505.8 -0.0595026612 0.5638520122 0.8237295151 -0.9524264932 0.2150222659 -0.2159843147 -0.2989033759 -0.7973934412 0.5242332220
-262.6 -146.3 2496.7 0.9963690639 -0.0524957515 0.0670289621 0.0509829968 0.9984090924 0.0240843762 -0.0681866556 -0.0205795895 0.9974603057
-242.2 -533.9 2504.7 0.9975237846 -0.0112426085 0.0694251433 0.0128623024 0.9996544123 -0.0229272787 -0.0691433847 0.0237634741 0.9973236918
-85.4 -143.7 2522.9 0.9264697433 0.0712779388 -0.3695582747 -0.0744303986 0.9972096682 0.0057407436 0.3689362705 0.0221877433 0.9291898012
-113.0 -530.8 2514.3 0.9219519496 -0.1062996686 -0.3724311590 0.0985405222 0.9943341613 -0.0398671366 0.3745588958 0.0000560226 0.9272031188
-205.1 83.1 2219.0 0 0 0 0 0 0 0 0 0
12.0 -274.5 2423.8 0 0 0 0 0 0 0 0 0
-238.7 -847.8 2497.3 0 0 0 0 0 0 0 0 0
-80.7 -833.4 2514.3 0 0 0 0 0 0 0 0 0
-178.9 440.3 2483.9 3 0.9906418920 -0.0006351571 -0.1364851743 0.0071372585 0.9988620877 0.0471555479 0.1362999231 -0.0476883911 0.9895191789
-178.8 241.9 2493.4 0.9906418920 -0.0006351571 -0.1364851743 0.0071372585 0.9988620877 0.0471555479 0.1362999231 -0.0476883911 0.9895191789
-178.1 47.9 2501.0 0.9906389117 -0.0033111861 -0.1364681274 0.0086463979 0.9992203712 0.0385207422 0.1362341791 -0.0393401049 0.9898952246
-314.1 240.7 2474.8 0.2312113196 -0.7543435097 -0.6144161820 0.9267294407 0.3630081117 -0.0969415829 0.2961653173 -0.5469835401 0.7830038667
-368.2 23.7 2405.4 -0.6417185664 -0.7543435097 -0.1384312361 -0.2320461720 0.3630081117 -0.9024298787 0.7309937477 -0.5469835401 -0.4079915583
-43.4 243.1 2512.0 0.2732654810 0.5681074262 0.7762602568 -0.9617856741 0.1757522076 0.2099511176 -0.0171546638 -0.8039683700 0.5944246054
29.5 -13.6 2507.4 -0.0647227392 0.5713402629 0.8181572556 -0.9499014616 0.2159502357 -0.2259483635 -0.3057746589 -0.7917928100 0.5287400484
-265.1 -144.9 2496.2 0.9968875051 -0.0535746925 0.0578364171 0.0518366955 0.9981698394 0.0311444793 -0.0593991205 -0.0280494932 0.9978401661
-244.3 -532.4 2507.1 0.9979096055 -0.0207440946 0.0612057485 0.0228547808 0.9991608262 -0.0339889340 -0.0604493171 0.0353167281 0.9975463152
-87.5 -143.1 2518.9 0.9230622053 0.0672144443 -0.3787325919 -0.0675072819 0.9976401925 0.0125217922 0.3786805272 0.0140088145 0.9254214168
-113.5 -530.4 2513.5 0.9178772569 -0.1081829071 -0.3818347156 0.0997370854 0.9941309094 -0.0419070572 0.3841273189 0.0003824545 0.9232800603
-204.7 82.8 2219.2 0 0 0 0 0 0 0 0 0
11.7 -274.5 2423.5 0 0 0 0 0 0 0 0 0
-237.8 -845.3 2496.0 0 0 0 0 0 0 0 0 0
-80.5 -833.7 2513.3 0 0 0 0 0 0 0 0 0
-178.8 441.6 2489.4 4 0.9934823513 0.0006616033 -0.1139842793 0.0026210074 0.9995861650 0.0286465306 0.1139560565 -0.0287585761 0.9930694699
-178.9 242.4 2495.2 0.9934823513 0.0006616033 -0.1139842793 0.0026210074 0.9995861650 0.0286465306 0.1139560565 -0.0287585761 0.9930694699
-178.8 48.4 2500.3 0.9934822917 -0.0007596875 -0.1139841452 0.0037414178 0.9996563196 0.0259475205 0.1139252558 -0.0262048636 0.9931436777
-314.6 241.8 2479.6 0.2272061110 -0.7515329123 -0.6193348765 0.9201298356 0.3739658594 -0.1162352189 0.3189646900 -0.5434591174 0.7764751911
-368.8 22.4 2403.6 -0.6425507069 -0.7515329123 -0.1494217664 -0.2283619791 0.3739658594 -0.8988884091 0.7314228415 -0.5434591174 -0.4119135737
-43.2 242.9 2510.7 0.2753837407 0.5530320406 0.7863328457 -0.9611275196 0.1753562093 0.2132700831 -0.0199431516 -0.8144972324 0.5798245668
