68.4 507.0 2696.8 51 0.9226400256 -0.0691925138 0.3794044852 0.0705728084 0.9974535704 0.0102872355 -0.3791501820 0.0172842275 0.9251736999
82.2 307.5 2693.3 0.9226400256 -0.0691925138 0.3794044852 0.0705728084 0.9974535704 0.0102872355 -0.3791501820 0.0172842275 0.9251736999
96.1 109.2 2690.5 0.9226977825 -0.0696146339 0.3791867495 0.0697427541 0.9974747896 0.0134164989 -0.3791632056 0.0140661541 0.9252228737
-47.6 297.7 2746.7 0.1755844951 -0.9835025668 -0.0435066149 0.9839451909 0.1767555326 -0.0246858485 0.0319686309 -0.0384736694 0.9987481236
-87.7 73.2 2739.4 -0.0489955731 -0.9835025668 -0.1741326302 -0.0555529594 0.1767555326 -0.9826858044 0.9972528815 -0.0384736694 -0.0632967129
212.1 317.4 2639.9 0.2399706095 0.6847764850 0.6881099343 -0.9644730091 0.2488406301 0.0887139738 -0.1104804650 -0.6849521995 0.7201628685
274.6 66.3 2611.2 -0.0364194103 0.6843515038 0.7282421589 -0.9670025706 0.1597368866 -0.1984694749 -0.2521500289 -0.7114402056 0.6559521556
23.3 -96.7 2721.6 0.8561773300 0.0460471921 0.5146261454 -0.0549109913 0.9984892011 0.0020129588 -0.5137559772 -0.0299820807 0.8574123383
4.9 -493.7 2733.6 0.8575848341 -0.0101795625 0.5142418146 -0.1005856916 0.9771800637 0.1870871335 -0.5044113398 -0.2121684551 0.8369908929
192.9 -84.2 2652.8 0.8519560695 -0.0024860627 0.5236073732 0.0676023364 0.9921416640 -0.1052844152 -0.5192309618 0.1250947863 0.8454291821
193.9 -478.7 2603.1 0.8595230579 -0.1321145594 0.4937264621 0.0195692871 0.9738119841 0.2265110165 -0.5107221603 -0.1850295663 0.8395992517
-75.1 87.5 2483.1 0 0 0 0 0 0 0 0 0
264.5 -200.1 2541.7 0 0 0 0 0 0 0 0 0
7.7 -762.4 2791.9 0 0 0 0 0 0 0 0 0
231.4 -755.0 2655.6 0 0 0 0 0 0 0 0 0
72.1 506.5 2698.8 52 0.9165258408 -0.0695623532 0.3938800097 0.0701567009 0.9974524379 0.0129092904 -0.3937745690 0.0158016235 0.9190711975
86.0 307.4 2695.6 0.9165258408 -0.0695623532 0.3938800097 0.0701567009 0.9974524379 0.0129092904 -0.3937745690 0.0158016235 0.9190711975
99.8 109.0 2693.7 0.9166991711 -0.0694414452 0.3934977651 0.0676688626 0.9975382686 0.0183952916 -0.3938064575 0.0097645959 0.9191415310
-43.0 297.8 2751.0 0.2037266940 -0.9774771929 -0.0550791584 0.9771301150 0.2065109164 -0.0506946705 0.0609273352 -0.0434916466 0.9971942306
-89.7 73.9 2737.1 -0.0552500561 -0.9774771929 -0.2036804110 -0.0515144207 0.2065109164 -0.9770872593 0.9971427917 -0.0434916466 -0.0617639124
215.0 316.9 2640.2 0.2285787910 0.6738231182 0.7026479840 -0.9660844207 0.2460678667 0.0783040673 -0.1201360002 -0.6967158914 0.7072159052
274.2 66.9 2609.1 -0.0349942707 0.6734224558 0.7384291291 -0.9686620235 0.1589506269 -0.1908626556 -0.2459049672 -0.7219673991 0.6467564106
25.3 -95.5 2722.5 0.8486102819 0.0501041599 0.5266404152 -0.0471511222 0.9987063408 -0.0190384388 -0.5269129872 -0.0086754728 0.8498749137
5.3 -492.5 2726.0 0.8513504267 -0.0071141818 0.5245491266 -0.1176902056 0.9718303084 0.2041932344 -0.5112254024 -0.2355743051 0.8265308738
194.6 -82.7 2652.9 0.8437945843 0.0019979596 0.5366625190 0.0676692873 0.9916155934 -0.1100881547 -0.5323829055 0.1292073727 0.8365846872
193.8 -476.9 2601.5 0.8537803292 -0.1299979389 0.5041425824 0.0059999577 0.9707178473 0.2401476800 -0.5205988884 -0.2020085305 0.8295597434
-75.5 87.2 2480.8 0 0 0 0 0 0 0 0 0
264.5 -199.9 2541.4 0 0 0 0 0 0 0 0 0
7.3 -763.2 2791.6 0 0 0 0 0 0 0 0 0
231.1 -755.9 2659.6 0 0 0 0 0 0 0 0 0
70.9 502.5 2696.8 53 0.9225543141 -0.0699190795 0.3794797361 0.0697670057 0.9974626303 0.0141715687 -0.3795077205 0.0134011228 0.9250915051
84.8 303.4 2694.1 0.9225543141 -0.0699190795 0.3794797361 0.0697670057 0.9974626303 0.0141715687 -0.3795077205 0.0134011228 0.9250915051
98.6 105.1 2692.1 0.9226955771 -0.0691412091 0.3792786896 0.0677400231 0.9975572228 0.0170557611 -0.3795314431 0.0099550728 0.9251253009
-45.0 293.9 2747.5 0.2037019283 -0.9770966768 -0.0615437478 0.9776200056 0.2063816786 -0.0408126675 0.0525794253 -0.0518527813 0.9972696304
-90.7 74.9 2735.7 -0.0633459613 -0.9770966768 -0.2031487077 -0.0494719669 0.2063816786 -0.9772201180 0.9967646599 -0.0518527813 -0.0614123419
214.7 313.0 2640.7 0.2368216515 0.6818155646 0.6921293736 -0.9631702304 0.2581439316 0.0752648786 -0.1273522228 -0.6844627857 0.7178385258
274.9 67.9 2608.3 -0.0385085680 0.6816819310 0.7306345701 -0.9688990116 0.1533908546 -0.1941801012 -0.2444417179 -0.7153887153 0.6545740962
29.6 -95.5 2727.9 0.8565916419 0.0612644590 0.5123450160 -0.0473405868 0.9980697036 -0.0401968397 -0.5138186812 0.0101775629 0.8578384519
5.2 -492.2 2723.8 0.8593581915 -0.0110816481 0.5112540126 -0.1139321029 0.9704871178 0.2125422657 -0.4985207617 -0.2408981770 0.8327335119
197.8 -83.1 2655.6 0.8518911600 0.0179811306 0.5234101415 0.0629527494 0.9886482358 -0.1364243776 -0.5199215412 0.1491688341 0.8410887122
190.6 -476.0 2596.3 0.8606171608 -0.1462285668 0.4878065884 0.0130599085 0.9639099836 0.2659078240 -0.5090849400 -0.2224741429 0.8314672112
-74.4 87.6 2479.5 0 0 0 0 0 0 0 0 0
264.3 -198.9 2541.0 0 0 0 0 0 0 0 0 0
8.3 -761.4 2790.6 0 0 0 0 0 0 0 0 0
232.4 -751.7 2659.9 0 0 0 0 0 0 0 0 0
71.5 500.3 2697.3 54 0.9259684086 -0.0671025068 0.3715908527 0.0682542101 0.9976171255 0.0100685135 -0.3713810444 0.0160395149 0.9283419847
84.9 301.0 2694.1 0.9259684086 -0.0671025068 0.3715908527 0.0682542101 0.9976171255 0.0100685135 -0.3713810444 0.0160395149 0.9283419847
98.0 102.7 2691.2 0.9260871410 -0.0658863485 0.3715125620 0.0664727017 0.9977248907 0.0112430556 -0.3714081049 0.0142833954 0.9283598661
-45.4 291.7 2746.3 0.2077054232 -0.9763143063 -0.0605708845 0.9769426584 0.2101700604 -0.0375717245 0.0494119972 -0.0513704307 0.9974565506
-91.9 72.8 2735.3 -0.0635434315 -0.9763143063 -0.2068154067 -0.0515785217 0.2101700604 -0.9763033390 0.9966453314 -0.0513704307 -0.0637117773
215.2 310.4 2641.8 0.2293301970 0.6887045503 0.6878181100 -0.9640757442 0.2580294311 0.0630771965 -0.1340357810 -0.6775742769 0.7231372595
274.1 62.8 2607.4 -0.0370420478 0.6886276603 0.7241683602 -0.9673270583 0.1571703553 -0.1989366412 -0.2508110702 -0.7078767419 0.6603062749
27.7 -99.4 2725.0 0.8608226776 0.0572229363 0.5056775808 -0.0462766290 0.9983431697 -0.0341960080 -0.5067965984 0.0060356427 0.8620445728
4.9 -496.3 2722.6 0.8637664914 -0.0135086309 0.5037111640 -0.1127846539 0.9690955877 0.2193931043 -0.4911080003 -0.2463153005 0.8355487585
197.0 -87.0 2655.3 0.8564593196 0.0121496962 0.5160714984 0.0629156232 0.9898132086 -0.1277160347 -0.5123661160 0.1418525428 0.8469703794
192.1 -480.5 2598.9 0.8642832637 -0.1427551806 0.4823229611 0.0166723244 0.9664854407 0.2561793923 -0.5027290583 -0.2133700997 0.8376972675
-75.6 86.1 2479.0 0 0 0 0 0 0 0 0 0
263.9 -203.6 2538.3 0 0 0 0 0 0 0 0 0
8.6 -760.6 2789.7 0 0 0 0 0 0 0 0 0
231.6 -747.7 2657.9 0 0 0 0 0 0 0 0 0
71.0 500.1 2697.0 55 0.9248659015 -0.0679016337 0.3741823435 0.0692427456 0.9975509644 0.0098750833 -0.3739365041 0.0167762861 0.9273025393
84.6 300.8 2693.7 0.9248659015 -0.0679016337 0.3741823435 0.0692427456 0.9975509644 0.0098750833 -0.3739365041 0.0167762861 0.9273025393
97.8 102.5 2690.9 0.9250189662 -0.0664932281 0.3740569353 0.0669706687 0.9976859093 0.0117367748 -0.3739717603 0.0141941039 0.9273314476
-45.6 291.4 2746.3 0.2077176720 -0.9761320353 -0.0634003207 0.9766646028 0.2105747312 -0.0422432609 0.0545855053 -0.0531461760 0.9970937371
-92.2 72.4 2734.1 -0.0667685196 -0.9761320353 -0.2066596150 -0.0581139624 0.2105747312 -0.9758489132 0.9960746765 -0.0531461760 -0.0707866624
214.8 310.2 2641.0 0.2249552608 0.6907363534 0.6872251630 -0.9676573873 0.2410147190 0.0745054185 -0.1141677722 -0.6817588806 0.7226136923
273.5 57.3 2611.2 -0.0347773395 0.6899877191 0.7229850888 -0.9613434076 0.1746242791 -0.2128973007 -0.2731472850 -0.7024409175 0.6572421789
26.2 -101.8 2722.5 0.8590920568 0.0526617058 0.5091046691 -0.0524996929 0.9985128045 -0.0146950539 -0.5091214180 -0.0141034331 0.8605791926
5.2 -498.7 2728.1 0.8612499833 -0.0036714915 0.5081682205 -0.1174785346 0.9714484811 0.2061227858 -0.4944160581 -0.2372221053 0.8362287283
196.1 -89.6 2654.3 0.8549646139 0.0042209984 0.5186691284 0.0582320318 0.9928638935 -0.1040686592 -0.5154071450 0.1191781834 0.8486177325
194.4 -484.2 2606.9 0.8609743714 -0.1365939081 0.4899645448 0.0201944225 0.9716877341 0.2354042828 -0.5082473159 -0.1927825063 0.8393566608
-75.0 87.4 2477.9 0 0 0 0 0 0 0 0 0
264.0 -207.4 2536.0 0 0 0 0 0 0 0 0 0
6.2 -763.8 2792.8 0 0 0 0 0 0 0 0 0
231.6 -748.6 2659.4 0 0 0 0 0 0 0 0 0
69.0 500.2 2697.4 56 0.9223414660 -0.0710148141 0.3797934651 0.0725496784 0.9973117113 0.0102906683 -0.3795032799 0.0180623848 0.9250140786
83.1 301.2 2693.8 0.9223414660 -0.0710148141 0.3797934651 0.0725496784 0.9973117113 0.0102906683 -0.3795032799 0.0180623848 0.9250140786
96.7 102.9 2690.5 0.9225597978 -0.0682120547 0.3797768950 0.0694213137 0.9975318909 0.0105282338 -0.3795576990 0.0166516863 0.9250181913
-46.7 291.4 2747.2 0.1910413653 -0.9801194072 -0.0535642393 0.9800779819 0.1934841126 -0.0448452570 0.0543175377 -0.0439298302 0.9975569248
-89.5 72.2 2735.1 -0.0564859398 -0.9801194072 -0.1901979744 -0.0598611385 0.1934841126 -0.9792755246 0.9966072440 -0.0439298302 -0.0696001947
213.0 311.0 2640.4 0.2283391505 0.6874639392 0.6893871427 -0.9677460790 0.2376801372 0.0835202932 -0.1064364314 -0.6862226725 0.7195622325
273.2 55.8 2612.3 -0.0330546312 0.6867147684 0.7261750698 -0.9598168135 0.1807764173 -0.2146427780 -0.2786737084 -0.7040899992 0.6531448960
26.1 -102.0 2722.3 0.8562345505 0.0516012348 0.5140035748 -0.0455698892 0.9986644387 -0.0243457556 -0.5145733356 -0.0025774089 0.8574424982
5.6 -499.0 2723.4 0.8595099449 -0.0021792029 0.5111143589 -0.1279813647 0.9672175050 0.2193423510 -0.4948367178 -0.2539400458 0.8310542107
195.9 -89.7 2653.7 0.8516255617 0.0042366325 0.5241335630 0.0553577282 0.9936476946 -0.0979784131 -0.5212191939 0.1124557629 0.8459812403
194.2 -484.8 2609.0 0.8565042615 -0.1350347698 0.4981626570 0.0234784167 0.9743638635 0.2237494588 -0.5156056285 -0.1799463034 0.8377172351
-74.9 87.6 2478.9 0 0 0 0 0 0 0 0 0
264.1 -208.5 2535.6 0 0 0 0 0 0 0 0 0
6.2 -763.6 2792.8 0 0 0 0 0 0 0 0 0
231.2 -751.6 2658.3 0 0 0 0 0 0 0 0 0
69.0 499.8 2697.1 57 0.9227610230 -0.0799845904 0.3769808412 0.0803590491 0.9966566563 0.0147619443 -0.3769011796 0.0166720748 0.9261034131
85.0 300.9 2693.8 0.9227610230 -0.0799845904 0.3769808412 0.0803590491 0.9966566563 0.0147619443 -0.3769011796 0.0166720748 0.9261034131
100.6 102.7 2690.7 0.9229099154 -0.0784356445 0.3769417703 0.0784853846 0.9967985749 0.0152532635 -0.3769314289 0.0155070331 0.9261113405
-44.9 289.9 2746.8 0.2057055086 -0.9769893289 -0.0563657582 0.9777079821 0.2076517045 -0.0311107207 0.0420992896 -0.0487096049 0.9979253411
-90.6 72.4 2737.5 -0.0631875545 -0.9769893289 -0.2037135065 -0.0636658072 0.2076517045 -0.9761288166 0.9959688783 -0.0487096049 -0.0753218159
214.9 312.0 2640.7 0.2232487649 0.6873725653 0.6911432147 -0.9675198197 0.2425262183 0.0713191256 -0.1185975373 -0.6846166253 0.7191902995
273.4 58.5 2609.6 -0.0333948247 0.6868542433 0.7260275483 -0.9645612240 0.1680914164 -0.2033884972 -0.2617372572 -0.7070901990 0.6568996310
25.6 -101.8 2722.0 0.8577154875 0.0497201532 0.5117148161 -0.0469750501 0.9987283945 -0.0183025748 -0.5119741559 -0.0083394293 0.8589603901
5.8 -498.8 2725.3 0.8603775501 -0.0015676784 0.5096547604 -0.1218666583 0.9703538418 0.2087148875 -0.4948726594 -0.2416835427 0.8346796632
194.9 -89.0 2652.4 0.8525457978 0.0046173842 0.5226320624 0.0534444563 0.9939491153 -0.0959629044 -0.5199127793 0.1097445562 0.8471403718
193.1 -484.2 2608.7 0.8558132052 -0.1419097185 0.4974387884 0.0323888026 0.9744474292 0.2222681642 -0.5162699819 -0.1741085798 0.8385413289
-74.4 88.8 2481.4 0 0 0 0 0 0 0 0 0
264.2 -207.1 2537.6 0 0 0 0 0 0 0 0 0
6.3 -759.8 2790.3 0 0 0 0 0 0 0 0 0
232.1 -752.3 2656.6 0 0 0 0 0 0 0 0 0
67.6 503.5 2696.9 58 0.9253101349 -0.0815267712 0.3703438640 0.0812039897 0.9965610504 0.0164915118 -0.3704147935 0.0148136383 0.9287483096
83.9 304.5 2694.0 0.9253101349 -0.0815267712 0.3703438640 0.0812039897 0.9965610504 0.0164915118 -0.3704147935 0.0148136383 0.9287483096
99.6 106.3 2690.7 0.9254467487 -0.0791161805 0.3705252409 0.0795086622 0.9967324734 0.0142409550 -0.3704412282 0.0162807200 0.9287132025
-46.4 293.3 2746.1 0.2009103000 -0.9778360724 -0.0589206107 0.9787776470 0.2028546631 -0.0290575959 0.0403658859 -0.0518322065 0.9978396893
-91.9 71.6 2737.0 -0.0663021505 -0.9778360724 -0.1985966116 -0.0651944280 0.2028546631 -0.9770361781 0.9956674576 -0.0518322065 -0.0771991611
214.1 315.7 2641.8 0.2267290354 0.6891890168 0.6881950498 -0.9647946954 0.2556253970 0.0618614517 -0.1332859099 -0.6779927015 0.7228836417
273.9 61.5 2606.7 -0.0354476720 0.6892346740 0.7236704826 -0.9681435227 0.1559216529 -0.1959248632 -0.2478741258 -0.7075619698 0.6617510319
31.5 -102.6 2722.2 0.8600998521 0.0627531633 0.5062512755 -0.0664869323 0.9977297187 -0.0107166078 -0.5057744384 -0.0244417414 0.8623194695
6.6 -499.2 2731.9 0.8609277606 0.0021281030 0.5087227225 -0.1118928418 0.9762954712 0.1852757782 -0.4962694347 -0.2164314985 0.8407580256
200.9 -88.2 2653.0 0.8559742570 0.0183390155 0.5166930556 0.0442918278 0.9930957556 -0.1086236089 -0.5151177049 0.1158642918 0.8492521644
193.6 -483.0 2607.0 0.8582329154 -0.1474367231 0.4916285872 0.0300352890 0.9706393480 0.2386570126 -0.5123808384 -0.1900570989 0.8374629021
-74.8 88.4 2480.9 0 0 0 0 0 0 0 0 0
264.1 -205.1 2538.5 0 0 0 0 0 0 0 0 0
6.0 -760.1 2789.7 0 0 0 0 0 0 0 0 0
234.0 -749.4 2659.1 0 0 0 0 0 0 0 0 0
68.2 503.3 2697.4 59 0.9265567064 -0.0788416713 0.3677997887 0.0792198181 0.9967575073 0.0140956538 -0.3677185178 0.0160766095 0.9297981858
83.9 304.2 2694.1 0.9265567064 -0.0788416713 0.3677997887 0.0792198181 0.9967575073 0.0140956538 -0.3677185178 0.0160766095 0.9297981858
99.2 106.0 2690.4 0.9266327024 -0.0767265633 0.3680555224 0.0782457665 0.9968754053 0.0108183101 -0.3677355349 0.0187741853 0.9297408462
-46.5 293.2 2745.9 0.2024694234 -0.9774759412 -0.0595564134 0.9784125090 0.2044857442 -0.0299090184 0.0414137840 -0.0522150770 0.9977767467
-92.2 72.1 2736.5 -0.0655916184 -0.9774759412 -0.2005955428 -0.0591891333 0.2044857442 -0.9770784378 0.9960895181 -0.0522150770 -0.0712684989
214.3 315.2 2642.4 0.2347765267 0.6881851554 0.6864992380 -0.9610598087 0.2702330351 0.0577770658 -0.1457534730 -0.6733314991 0.7248314023
274.7 68.2 2604.9 -0.0383879319 0.6888651848 0.7238723040 -0.9698784351 0.1486958414 -0.1929387450 -0.2405455858 -0.7094746828 0.6624073386
30.4 -99.1 2721.5 0.8616015315 0.0593350157 0.5041053295 -0.0623039044 0.9979968071 -0.0109798852 -0.5037470460 -0.0219474453 0.8635723591
6.8 -495.9 2730.2 0.8625685573 0.0023615866 0.5059347153 -0.1114091203 0.9763302207 0.1853842288 -0.4935215414 -0.2162723392 0.8424148560
200.3 -84.5 2653.5 0.8575330377 0.0146161187 0.5142212510 0.0474699587 0.9930831194 -0.1073897183 -0.5122340918 0.1165002957 0.8509077430
194.4 -479.4 2607.2 0.8617108464 -0.1351851374 0.4890596569 0.0199242625 0.9721267819 0.2336077541 -0.5070083141 -0.1915581971 0.8403856754
-75.4 87.3 2480.3 0 0 0 0 0 0 0 0 0
264.1 -198.9 2538.7 0 0 0 0 0 0 0 0 0
6.2 -764.3 2789.7 0 0 0 0 0 0 0 0 0
232.5 -752.9 2661.1 0 0 0 0 0 0 0 0 0
70.5 501.8 2698.6 60 0.9242961407 -0.0770382881 0.3738205135 0.0785879493 0.9968451858 0.0111195324 -0.3734978139 0.0191000458 0.9274343848
85.8 303.2 2694.8 0.9242961407 -0.0770382881 0.3738205135 0.0785879493 0.9968451858 0.0111195324 -0.3734978139 0.0191000458 0.9274343848
100.9 105.0 2690.5 0.9243291616 -0.0755758584 0.3740372062 0.0781560093 0.9969066978 0.0082884757 -0.3735066056 0.0215719752 0.9273766279
-44.2 292.2 2747.3 0.2071115077 -0.9772130251 -0.0464712903 0.9773939252 0.2087458074 -0.0335600413 0.0424959920 -0.0384700857 0.9983557463
-90.9 72.0 2737.8 -0.0528811738 -0.9772130251 -0.2055683285 -0.0638989583 0.2087458074 -0.9758801460 0.9965543151 -0.0384700857 -0.0734816119
215.9 314.2 2642.2 0.2253101170 0.6875666976 0.6902806163 -0.9646963477 0.2566055954 0.0592836961 -0.1363683790 -0.6792684197 0.7211089134
274.0 65.4 2607.0 -0.0359734483 0.6873381734 0.7254461646 -0.9656180143 0.1631116718 -0.2024264485 -0.2574641705 -0.7077858448 0.6578384042
29.4 -99.4 2720.4 0.8582130075 0.0580933876 0.5099956989 -0.0631389394 0.9979770780 -0.0074298908 -0.5093956590 -0.0258241575 0.8601448536
6.3 -496.1 2730.7 0.8592199683 -0.0041081980 0.5115898252 -0.1060821712 0.9768044353 0.1860099882 -0.5004873872 -0.2140940577 0.8388540149
199.5 -85.0 2652.9 0.8543688059 0.0189758614 0.5193206072 0.0533226207 0.9908571839 -0.1239302829 -0.5169242620 0.1335736960 0.8455455899
191.9 -478.9 2599.8 0.8616995215 -0.1380001903 0.4882928133 0.0085078040 0.9661012292 0.2580234110 -0.5073475838 -0.2181843519 0.8336630464
-77.3 88.5 2481.5 0 0 0 0 0 0 0 0 0
264.1 -200.5 2536.1 0 0 0 0 0 0 0 0 0
7.4 -763.3 2789.3 0 0 0 0 0 0 0 0 0
231.2 -753.8 2661.9 0 0 0 0 0 0 0 0 0
70.3 499.9 2697.7 61 0.9278861880 -0.0755865872 0.3651217520 0.0760822669 0.9970161319 0.0130514158 -0.3650187850 0.0156690646 0.9308682680
85.4 300.9 2694.5 0.9278861880 -0.0755865872 0.3651217520 0.0760822669 0.9970161319 0.0130514158 -0.3650187850 0.0156690646 0.9308682680
100.3 102.6 2691.1 0.9278706312 -0.0751039013 0.3652608693 0.0762880892 0.9970228076 0.0112106940 -0.3650153577 0.0174629800 0.9308376908
-45.2 290.1 2745.9 0.2099488378 -0.9767774343 -0.0427471399 0.9771114588 0.2111518234 -0.0258477814 0.0342736654 -0.0363420099 0.9987515211
-92.0 72.1 2738.3 -0.0511368811 -0.9767774343 -0.2080645412 -0.0650334209 0.2111518234 -0.9752874374 0.9965719581 -0.0363420099 -0.0743208230
216.0 311.6 2643.2 0.2247937471 0.6933846474 0.6846060753 -0.9647522569 0.2570335567 0.0564516708 -0.1368240118 -0.6731652617 0.7267239690
273.8 63.2 2608.0 -0.0359974466 0.6930839419 0.7199575305 -0.9636638761 0.1667325795 -0.2086916417 -0.2646811903 -0.7013093829 0.6618980169
31.1 -100.4 2720.5 0.8624570370 0.0640318692 0.5020635128 -0.0733631849 0.9973046184 -0.0011685338 -0.5007850528 -0.0358251706 0.8648299575
5.6 -496.9 2734.7 0.8628748655 -0.0122325001 0.5052695274 -0.0929780230 0.9788033962 0.1824800670 -0.4967917204 -0.2044364363 0.8434475064
200.7 -86.0 2651.9 0.8590908647 0.0256058350 0.5111821890 0.0437407605 0.9914208651 -0.1231722236 -0.5099506378 0.1281756312 0.8506006002
190.5 -480.2 2601.0 0.8625624776 -0.1473662108 0.4840136170 0.0223556347 0.9668087363 0.2545213699 -0.5054564476 -0.2087201327 0.8372274041
-78.9 88.8 2481.9 0 0 0 0 0 0 0 0 0
263.9 -202.2 2535.1 0 0 0 0 0 0 0 0 0
8.9 -762.5 2790.2 0 0 0 0 0 0 0 0 0
231.6 -749.4 2659.1 0 0 0 0 0 0 0 0 0
69.5 502.2 2696.2 62 0.9288285971 -0.0731269941 0.3632215261 0.0732524693 0.9972227216 0.0134488512 -0.3631962538 0.0141151976 0.9316057563
84.1 303.0 2693.4 0.9288285971 -0.0731269941 0.3632215261 0.0732524693 0.9972227216 0.0134488512 -0.3631962538 0.0141151976 0.9316057563
98.4 104.7 2690.0 0.9288418889 -0.0716935843 0.3634731770 0.0730691925 0.9972769022 0.0099832006 -0.3631991148 0.0172858760 0.9315511584
-46.6 292.7 2744.5 0.2042950243 -0.9780266881 -0.0415615961 0.9786046147 0.2051065564 -0.0162560474 0.0244234037 -0.0373513401 0.9990037084
-92.7 71.6 2739.0 -0.0523280129 -0.9780266881 -0.2018058598 -0.0680856705 0.2051065564 -0.9763686061 0.9963062406 -0.0373513401 -0.0773224160
214.9 313.3 2642.3 0.2297437042 0.6926054955 0.6837509871 -0.9621719718 0.2673375309 0.0524950139 -0.1464339644 -0.6699464917 0.7278247476
274.5 63.7 2604.3 -0.0356913991 0.6933315992 0.7197343111 -0.9689964056 0.1521781683 -0.1946479082 -0.2444833815 -0.7043671608 0.6664043665
30.1 -102.6 2721.1 0.8635701537 0.0598942339 0.5006588101 -0.0702203661 0.9975299239 0.0017854897 -0.4993151724 -0.0366983376 0.8656428456
6.3 -499.2 2735.7 0.8640521765 -0.0086761806 0.5033275485 -0.0945691466 0.9792523384 0.1792249233 -0.4944396317 -0.2024589330 0.8453045487
200.4 -88.6 2654.1 0.8602306843 0.0250993650 0.5092869401 0.0406256840 0.9922390580 -0.1175212339 -0.5082840919 0.1217855066 0.8525347710
190.4 -483.1 2605.7 0.8617284298 -0.1479249150 0.4853270650 0.0310783107 0.9701479673 0.2405140847 -0.5064170957 -0.1921746731 0.8406013250
-79.3 89.1 2482.7 0 0 0 0 0 0 0 0 0
264.6 -203.1 2537.0 0 0 0 0 0 0 0 0 0
8.6 -762.2 2790.1 0 0 0 0 0 0 0 0 0
231.1 -749.9 2658.5 0 0 0 0 0 0 0 0 0
71.0 500.3 2697.5 63 0.9285380244 -0.0700230822 0.3645735383 0.0732737631 0.9972996712 0.0049277171 -0.3639341295 0.0221381038 0.9311615825
85.0 301.0 2693.1 0.9285380244 -0.0700230822 0.3645735383 0.0732737631 0.9972996712 0.0049277171 -0.3639341295 0.0221381038 0.9311615825
98.5 102.7 2688.9 0.9287052751 -0.0679070055 0.3645478487 0.0708551407 0.9974725246 0.0052992376 -0.3639863133 0.0209086593 0.9311695695
-45.7 291.0 2744.3 0.2082226872 -0.9768351912 -0.0493587703 0.9778069854 0.2090944499 -0.0131530594 0.0231690165 -0.0455245860 0.9986944795
-92.4 71.7 2739.1 -0.0598339736 -0.9768351912 -0.2054577172 -0.0626244694 0.2090944499 -0.9758881330 0.9962419868 -0.0455245860 -0.0736847371
215.7 311.0 2641.9 0.2273698300 0.6941983700 0.6829286814 -0.9636502862 0.2614248395 0.0550925769 -0.1402893364 -0.6706307530 0.7284045815
274.0 63.7 2605.9 -0.0354158580 0.6944379807 0.7186804414 -0.9669595361 0.1578530520 -0.2001791745 -0.2524579167 -0.7020244002 0.6659029126
27.4 -100.3 2719.9 0.8635584116 0.0527444892 0.5014826655 -0.0576816835 0.9983189106 -0.0056718187 -0.5009388328 -0.0240284186 0.8651490808
6.5 -497.2 2729.4 0.8649656177 -0.0020945633 0.5018268228 -0.1110991091 0.9743781686 0.1955611110 -0.4893786907 -0.2249061465 0.8425709009
197.9 -86.9 2653.2 0.8597874641 0.0202670619 0.5102496743 0.0382744595 0.9938437939 -0.1039690897 -0.5092156529 0.1089208499 0.8537187576
189.8 -482.0 2609.9 0.8587360382 -0.1528275907 0.4890972674 0.0451066755 0.9733284116 0.2249382883 -0.5104290247 -0.1711010635 0.8427256942
-77.0 87.8 2482.8 0 0 0 0 0 0 0 0 0
264.3 -202.6 2536.3 0 0 0 0 0 0 0 0 0
7.0 -763.4 2790.9 0 0 0 0 0 0 0 0 0
232.2 -751.6 2657.3 0 0 0 0 0 0 0 0 0
71.1 497.9 2697.1 64 0.9283311367 -0.0740123838 0.3643123209 0.0760106742 0.9970675111 0.0088722548 -0.3639006317 0.0194552336 0.9312345982
85.9 298.6 2693.3 0.9283311367 -0.0740123838 0.3643123209 0.0760106742 0.9970675111 0.0088722548 -0.3639006317 0.0194552336 0.9312345982
99.9 100.4 2689.0 0.9285284281 -0.0703451782 0.3645361066 0.0732854605 0.9972942472 0.0057805320 -0.3639563918 0.0213478077 0.9311712980
-44.8 288.3 2744.5 0.2159241438 -0.9749882817 -0.0526747890 0.9761031270 0.2168946713 -0.0133942543 0.0244841222 -0.0485238843 0.9985218644
-92.6 72.1 2739.1 -0.0643446073 -0.9749882817 -0.2127384245 -0.0664814934 0.2168946713 -0.9739285707 0.9957107902 -0.0485238843 -0.0787746757
216.6 308.9 2642.0 0.2275471389 0.6928358078 0.6842520237 -0.9625360966 0.2664471865 0.0503004640 -0.1474670470 -0.6700630188 0.7275087833
274.6 63.5 2604.4 -0.0391884297 0.6930193901 0.7198530436 -0.9673818350 0.1541241556 -0.2010426819 -0.2502732277 -0.7042512894 0.6643744707
26.8 -102.1 2718.2 0.8633070588 0.0513029881 0.5020647049 -0.0629848689 0.9979944229 0.0063242530 -0.5007333159 -0.0370822512 0.8648069501
6.4 -498.9 2732.9 0.8642684221 -0.0038519707 0.5030161142 -0.1049879566 0.9765674472 0.1878657192 -0.4919528365 -0.2151770443 0.8436120152
197.2 -89.1 2651.4 0.8596791029 0.0166932568 0.5105615854 0.0399685688 0.9942039251 -0.0998050943 -0.5092684031 0.1062067747 0.8540291786
190.6 -484.4 2609.1 0.8594838977 -0.1470934600 0.4895415306 0.0412669033 0.9745428562 0.2203707546 -0.5094943047 -0.1692032516 0.8436740041
-76.1 89.2 2482.9 0 0 0 0 0 0 0 0 0
263.8 -202.9 2535.5 0 0 0 0 0 0 0 0 0
7.4 -761.3 2790.7 0 0 0 0 0 0 0 0 0
231.5 -755.5 2656.2 0 0 0 0 0 0 0 0 0
72.7 500.0 2695.5 65 0.9286742806 -0.0704291314 0.3641480207 0.0707712695 0.9974151850 0.0124225086 -0.3640816808 0.0142347533 0.9312582612
86.8 301.0 2692.6 0.9286742806 -0.0704291314 0.3641480207 0.0707712695 0.9974151850 0.0124225086 -0.3640816808 0.0142347533 0.9312582612
100.2 102.7 2689.1 0.9287723899 -0.0675785393 0.3644379377 0.0693534985 0.9975581765 0.0082316110 -0.3641043305 0.0176297538 0.9311912656
-43.9 291.2 2743.9 0.2242072672 -0.9734955430 -0.0451386981 0.9742522240 0.2250286192 -0.0139553696 0.0237429887 -0.0408475809 0.9988832474
-94.5 71.3 2738.5 -0.0603910871 -0.9734955430 -0.2205885798 -0.0806598291 0.2250286192 -0.9710077643 0.9949104786 -0.0408475809 -0.0921117067
217.5 310.7 2641.4 0.2168677151 0.6970992684 0.6833893657 -0.9674562812 0.2469683141 0.0550910085 -0.1303716153 -0.6730967760 0.7279725075
274.7 55.5 2607.0 -0.0415635370 0.6961153746 0.7167257667 -0.9626418352 0.1642050743 -0.2153075486 -0.2675689161 -0.6988992095 0.6632848382
28.7 -104.6 2718.2 0.8633807898 0.0566602573 0.5013613701 -0.0637951046 0.9979587197 -0.0029223012 -0.5005035400 -0.0294613428 0.8652330637
6.1 -501.4 2729.9 0.8645682931 -0.0029156178 0.5025068521 -0.1117780060 0.9738148451 0.1979654431 -0.4899258316 -0.2273238599 0.8416035771
199.1 -91.2 2651.4 0.8597700596 0.0193623938 0.5103141665 0.0316672325 0.9953365326 -0.0911176652 -0.5096985698 0.0945004746 0.8551473618
191.4 -486.9 2613.8 0.8584341407 -0.1427856237 0.4926491082 0.0410783626 0.9765251875 0.2114500701 -0.5112763047 -0.1612787247 0.8441479206
-79.0 92.1 2482.5 0 0 0 0 0 0 0 0 0
263.3 -209.6 2533.3 0 0 0 0 0 0 0 0 0
6.9 -763.3 2791.0 0 0 0 0 0 0 0 0 0
230.5 -754.5 2658.0 0 0 0 0 0 0 0 0 0
70.5 500.4 2696.6 66 0.9286967516 -0.0712887943 0.3639233410 0.0726443082 0.9973079562 0.0099810734 -0.3636551797 0.0171675682 0.9313754439
84.7 301.4 2693.2 0.9286967516 -0.0712887943 0.3639233410 0.0726443082 0.9973079562 0.0099810734 -0.3636551797 0.0171675682 0.9313754439
98.5 103.1 2689.3 0.9287711382 -0.0691996813 0.3641367853 0.0715887845 0.9974099994 0.0069502983 -0.3636746407 0.0196128748 0.9313195348
-46.0 291.3 2744.4 0.2174782008 -0.9749193192 -0.0472820848 0.9756273031 0.2185762823 -0.0193851441 0.0292336941 -0.0419138446 0.9986934662
-94.8 72.3 2737.8 -0.0621370934 -0.9749193192 -0.2137085497 -0.0864830539 0.2185762823 -0.9719799757 0.9943136573 -0.0419138446 -0.0978956893
215.4 311.4 2642.0 0.2197418511 0.6980323195 0.6815162301 -0.9676957130 0.2444765717 0.0616136417 -0.1236064434 -0.6730394363 0.7292045951
273.6 55.4 2609.3 -0.0359660275 0.6972623467 0.7159131765 -0.9599094987 0.1751732528 -0.2188335806 -0.2779932618 -0.6950823665 0.6630084515
28.4 -102.0 2719.0 0.8631540537 0.0559975691 0.5018260479 -0.0700769126 0.9974989295 0.0092256162 -0.5000542998 -0.0431295447 0.8649193645
6.2 -498.6 2736.2 0.8636739850 -0.0063212360 0.5040112138 -0.0976615995 0.9788745046 0.1796298772 -0.4944992363 -0.2043641955 0.8448110819
198.9 -89.3 2652.2 0.8598202467 0.0174089801 0.5103000402 0.0309869163 0.9957973361 -0.0861826241 -0.5096557736 0.0899141878 0.8556672335
191.9 -485.2 2616.5 0.8575520515 -0.1426940113 0.4942094088 0.0473723970 0.9785791636 0.2003464252 -0.5122112632 -0.1483955979 0.8459423184
-78.9 94.5 2481.9 0 0 0 0 0 0 0 0 0
263.7 -208.9 2532.7 0 0 0 0 0 0 0 0 0
7.9 -761.0 2790.9 0 0 0 0 0 0 0 0 0
230.5 -749.8 2656.6 0 0 0 0 0 0 0 0 0
68.1 503.9 2695.7 67 0.9293916821 -0.0765487105 0.3610697985 0.0758097023 0.9969901443 0.0162334275 -0.3612256646 0.0122853797 0.9323974848
83.4 304.1 2693.2 0.9293916821 -0.0765487105 0.3610697985 0.0758097023 0.9969901443 0.0162334275 -0.3612256646 0.0122853797 0.9323974848
98.2 105.9 2690.3 0.9294840097 -0.0742482021 0.3613125086 0.0745891333 0.9971293211 0.0130237862 -0.3612422645 0.0148445843 0.9323538542
-47.4 293.6 2744.1 0.2054684013 -0.9774276614 -0.0491725430 0.9781600833 0.2067150474 -0.0217197482 0.0313941874 -0.0436358973 0.9985541105
-93.7 73.1 2737.0 -0.0631875470 -0.9774276614 -0.2015999407 -0.0889429525 0.2067150474 -0.9743500352 0.9940304160 -0.0436358973 -0.0999971181
214.2 314.6 2642.4 0.2188208401 0.6982137561 0.6816267371 -0.9672116041 0.2474971116 0.0569815710 -0.1289153248 -0.6717460155 0.7294780016
272.8 56.0 2607.9 -0.0321235433 0.6978490353 0.7155241370 -0.9621053338 0.1723591089 -0.2112952769 -0.2707793117 -0.6951971650 0.6658675075
27.0 -101.8 2718.8 0.8649391532 0.0588505864 0.4984143376 -0.0688470528 0.9976258278 0.0016806303 -0.4971320927 -0.0357680023 0.8669373393
3.6 -498.4 2733.0 0.8655637503 -0.0170837361 0.5005072951 -0.0914182663 0.9772352576 0.1914520860 -0.4923841357 -0.2114694864 0.8442976475
197.4 -88.7 2652.0 0.8612453938 0.0113890059 0.5080617070 0.0390380062 0.9953120351 -0.0884871259 -0.5066877007 0.0960428417 0.8567633033
192.9 -484.4 2613.8 0.8599290252 -0.1449287832 0.4894054532 0.0481724478 0.9776057005 0.2048573643 -0.5081352592 -0.1525869370 0.8476530910
-77.5 95.9 2481.3 0 0 0 0 0 0 0 0 0
263.9 -209.0 2533.4 0 0 0 0 0 0 0 0 0
8.2 -763.4 2790.3 0 0 0 0 0 0 0 0 0
232.3 -749.9 2655.3 0 0 0 0 0 0 0 0 0
69.4 505.1 2696.2 68 0.9245240688 -0.0754199103 0.3735868335 0.0742814913 0.9970843792 0.0174657833 -0.3738148510 0.0116030527 0.9274307489
84.4 305.6 2693.9 0.9245240688 -0.0754199103 0.3735868335 0.0742814913 0.9970843792 0.0174657833 -0.3738148510 0.0116030527 0.9274307489
99.0 107.3 2691.6 0.9246635437 -0.0733556151 0.3736526668 0.0724117607 0.9972369671 0.0165833551 -0.3738367260 0.0117228245 0.9274204373
-45.7 295.4 2746.5 0.2091742754 -0.9766055346 -0.0498779491 0.9771889448 0.2106697112 -0.0268337838 0.0367137939 -0.0431272425 0.9983947873
-93.2 73.4 2738.2 -0.0618996061 -0.9766055346 -0.2059371918 -0.0833402947 0.2106697112 -0.9739983082 0.9945968390 -0.0431272425 -0.0944309607
214.6 315.8 2641.3 0.2237210721 0.6890977025 0.6892700791 -0.9669585228 0.2456143349 0.0682993978 -0.1222296432 -0.6817755699 0.7212780118
273.4 61.7 2609.2 -0.0341199227 0.6884753108 0.7244567275 -0.9619125724 0.1740935445 -0.2107503116 -0.2712196410 -0.7040548325 0.6563130021
27.7 -99.2 2720.5 0.8586509228 0.0584770925 0.5092141628 -0.0642749146 0.9979128838 -0.0062161027 -0.5085148215 -0.0273922347 0.8606173992
4.4 -495.9 2731.4 0.8598753810 -0.0133676259 0.5103290081 -0.1033654809 0.9743921757 0.1996883303 -0.4999299347 -0.2244574726 0.8364740610
198.2 -85.5 2654.2 0.8546510935 0.0114548756 0.5190764070 0.0502132773 0.9932465553 -0.1045941412 -0.5167689323 0.1154560223 0.8483040333
193.7 -480.4 2608.3 0.8569189906 -0.1392785609 0.4962774813 0.0350453258 0.9763170481 0.2134874761 -0.5142583847 -0.1655492634 0.8415056467
-77.3 94.9 2482.4 0 0 0 0 0 0 0 0 0
264.0 -203.2 2534.5 0 0 0 0 0 0 0 0 0
8.1 -763.9 2793.1 0 0 0 0 0 0 0 0 0
232.4 -752.1 2654.4 0 0 0 0 0 0 0 0 0
68.3 503.7 2695.5 69 0.9197275043 -0.0786122158 0.3846055865 0.0754604116 0.9968764186 0.0233060811 -0.3852363825 0.0075872513 0.9227867126
84.1 303.9 2694.0 0.9197275043 -0.0786122158 0.3846055865 0.0754604116 0.9968764186 0.0233060811 -0.3852363825 0.0075872513 0.9227867126
99.0 105.6 2692.2 0.9199377894 -0.0749816224 0.3848274648 0.0727298856 0.9971424937 0.0204257481 -0.3852593601 0.0091980379 0.9227625132
-45.4 293.6 2748.2 0.2133953422 -0.9759542346 -0.0444496162 0.9760583043 0.2149370611 -0.0333511606 0.0421030782 -0.0362684317 0.9984547496
-93.4 73.9 2738.7 -0.0535025559 -0.9759542346 -0.2113073915 -0.0749131888 0.2149370611 -0.9737505317 0.9957537055 -0.0362684317 -0.0846115276
213.6 314.1 2639.8 0.2317634374 0.6800592542 0.6955609918 -0.9659031034 0.2457035780 0.0816147253 -0.1153989732 -0.6907598376 0.7138164639
273.7 63.6 2609.8 -0.0335824750 0.6795501709 0.7328599691 -0.9648903012 0.1690790802 -0.2009949088 -0.2604974210 -0.7138794065 0.6500132680
28.8 -97.6 2723.6 0.8527317643 0.0597317778 0.5189225674 -0.0612729676 0.9980201721 -0.0141911590 -0.5187427998 -0.0196946710 0.8547034860
5.0 -494.4 2731.4 0.8541823030 -0.0091339871 0.5198934078 -0.1087143272 0.9746112227 0.1957400143 -0.5084818006 -0.2237175256 0.8315026760
198.5 -84.3 2655.0 0.8481669426 0.0191660654 0.5293821692 0.0451849885 0.9930855036 -0.1083488539 -0.5277984142 0.1158180460 0.8414362669
190.8 -479.1 2608.9 0.8493442535 -0.1456194222 0.5073552132 0.0374776907 0.9754035473 0.2172171474 -0.5265071392 -0.1654776335 0.8339109421
-79.6 93.2 2482.6 0 0 0 0 0 0 0 0 0
264.4 -202.2 2538.1 0 0 0 0 0 0 0 0 0
7.5 -762.4 2792.9 0 0 0 0 0 0 0 0 0
231.7 -752.7 2655.3 0 0 0 0 0 0 0 0 0
70.4 500.9 2697.6 70 0.9272630811 -0.0685575157 0.3680802286 0.0707202405 0.9974670410 0.0076276781 -0.3676708043 0.0189578570 0.9297627211
84.2 300.8 2693.8 0.9272630811 -0.0685575157 0.3680802286 0.0707202405 0.9974670410 0.0076276781 -0.3676708043 0.0189578570 0.9297627211
97.4 102.5 2690.1 0.9273921251 -0.0665578619 0.3681220710 0.0688145310 0.9976048470 0.0070096073 -0.3677069247 0.0188314933 0.9297510386
-46.3 291.1 2745.6 0.2112171501 -0.9766334295 -0.0396792442 0.9765762091 0.2125621885 -0.0334104300 0.0410640500 -0.0316929519 0.9986537695
-93.2 74.3 2736.5 -0.0491978303 -0.9766334295 -0.2092049122 -0.0775739774 0.2125621885 -0.9740634561 0.9957720041 -0.0316929519 -0.0862189382
214.7 310.5 2642.1 0.2304081917 0.6931869388 0.6829376817 -0.9649731517 0.2532434464 0.0685167685 -0.1254545599 -0.6748033762 0.7272561789
274.2 61.1 2609.7 -0.0335805677 0.6928763390 0.7202740312 -0.9628819227 0.1706969738 -0.2090954334 -0.2678258717 -0.7005604506 0.6614260077
29.5 -99.3 2725.7 0.8621599674 0.0600132495 0.5030691624 -0.0525541790 0.9981965423 -0.0290117357 -0.5039030313 -0.0014256296 0.8637590408
5.7 -496.1 2726.2 0.8643601537 -0.0066200537 0.5028296709 -0.1149929091 0.9708172083 0.2104532719 -0.4895489216 -0.2397292703 0.8383744359
198.3 -85.9 2655.0 0.8580105305 0.0203641783 0.5132282972 0.0441452339 0.9925925732 -0.1131862998 -0.5117315054 0.1197716147 0.8507558703
190.2 -480.6 2607.4 0.8578597903 -0.1514126807 0.4910710454 0.0451175794 0.9741088748 0.2215318382 -0.5118993521 -0.1678873152 0.8424801826
-80.6 94.3 2480.4 0 0 0 0 0 0 0 0 0
264.9 -204.0 2535.9 0 0 0 0 0 0 0 0 0
7.5 -761.0 2791.7 0 0 0 0 0 0 0 0 0
232.5 -752.5 2654.2 0 0 0 0 0 0 0 0 0
72.8 497.9 2698.7 71 0.9286057353 -0.0614514984 0.3659441769 0.0667378679 0.9977689385 -0.0018001952 -0.3650170863 0.0260940064 0.9306350350
85.1 298.3 2693.5 0.9286057353 -0.0614514984 0.3659441769 0.0667378679 0.9977689385 -0.0018001952 -0.3650170863 0.0260940064 0.9306350350
97.2 100.0 2688.7 0.9286890030 -0.0607590042 0.3658484519 0.0653779432 0.9978605509 -0.0002371473 -0.3650513291 0.0241386555 0.9306744337
-45.6 289.1 2744.9 0.2159084529 -0.9757711291 -0.0354145877 0.9758552909 0.2168694139 -0.0259643830 0.0330156386 -0.0289535802 0.9990353584
-93.4 72.8 2737.5 -0.0470187590 -0.9757711291 -0.2136817575 -0.0786080584 0.2168694139 -0.9730305672 0.9957961440 -0.0289535802 -0.0869004056
215.8 307.5 2642.1 0.2247658819 0.6963999867 0.6815477610 -0.9656936526 0.2525596619 0.0604102090 -0.1300617903 -0.6717444658 0.7292758822
273.8 58.2 2608.5 -0.0337097496 0.6962866783 0.7169717550 -0.9652318358 0.1633782089 -0.2040468007 -0.2592126429 -0.6989223361 0.6665706038
25.6 -102.1 2720.1 0.8630614877 0.0455186777 0.5030436516 -0.0552820228 0.9984606504 0.0044989646 -0.5020644665 -0.0316921510 0.8642492890
7.5 -498.9 2732.6 0.8644101024 -0.0016683675 0.5027846098 -0.1080888137 0.9759966135 0.1890698075 -0.4910314977 -0.2177792341 0.8434810638
195.7 -89.5 2652.6 0.8597958684 0.0125933420 0.5104825497 0.0560395643 0.9913305044 -0.1188419685 -0.5075535178 0.1307870597 0.8516361713
190.7 -483.6 2600.6 0.8650840521 -0.1422240734 0.4810424447 0.0233639702 0.9693478942 0.2445788383 -0.5010824800 -0.2003421932 0.8418903351
-81.3 93.0 2481.4 0 0 0 0 0 0 0 0 0
264.6 -207.7 2537.1 0 0 0 0 0 0 0 0 0
8.0 -758.5 2790.6 0 0 0 0 0 0 0 0 0
230.6 -755.2 2656.7 0 0 0 0 0 0 0 0 0
71.9 498.2 2697.7 72 0.9261036515 -0.0690497234 0.3708964288 0.0704255998 0.9974684119 0.0098504815 -0.3706376255 0.0169980358 0.9286220074
85.8 298.6 2694.3 0.9261036515 -0.0690497234 0.3708964288 0.0704255998 0.9974684119 0.0098504815 -0.3706376255 0.0169980358 0.9286220074
99.1 100.3 2690.8 0.9262202978 -0.0669698343 0.3709865212 0.0687147155 0.9975998998 0.0085289711 -0.3706672788 0.0175925270 0.9285990596
-44.6 289.0 2746.5 0.2174207717 -0.9749961495 -0.0459428504 0.9750324488 0.2191251516 -0.0359985605 0.0451656915 -0.0369689353 0.9982952476
-92.8 72.6 2736.5 -0.0565664396 -0.9749961495 -0.2149017751 -0.0838457122 0.2191251516 -0.9720875025 0.9948719144 -0.0369689353 -0.0941443741
216.1 308.3 2642.2 0.2189552933 0.6923455596 0.6875436306 -0.9672515392 0.2467280477 0.0595798902 -0.1283864230 -0.6780729294 0.7236946821
273.5 54.7 2608.5 -0.0340726636 0.6918579936 0.7212291956 -0.9633855224 0.1692944318 -0.2079128474 -0.2659462392 -0.7019059062 0.6607576609
24.1 -104.4 2717.4 0.8604167104 0.0428728648 0.5077844262 -0.0578839779 0.9982279539 0.0138000492 -0.5062929392 -0.0412663743 0.8613736629
7.1 -501.2 2733.8 0.8616961837 -0.0072023966 0.5073734522 -0.1036522761 0.9763172865 0.1898967922 -0.4967252016 -0.2162237465 0.8405423164
194.5 -92.4 2650.4 0.8565708995 0.0085963961 0.5159577727 0.0541780964 0.9928370714 -0.1064858437 -0.5131774545 0.1191662848 0.8499696255
191.1 -487.1 2603.0 0.8604444861 -0.1487397403 0.4873518050 0.0305915046 0.9698007703 0.2419722676 -0.5086250305 -0.1932948828 0.8390099406
-78.3 94.2 2480.6 0 0 0 0 0 0 0 0 0
264.1 -210.7 2535.3 0 0 0 0 0 0 0 0 0
9.0 -762.4 2791.6 0 0 0 0 0 0 0 0 0
231.5 -750.8 2655.6 0 0 0 0 0 0 0 0 0
71.3 499.6 2696.3 73 0.9289054275 -0.0682227239 0.3639785945 0.0672829077 0.9976169467 0.0152775282 -0.3641535044 0.0102981590 0.9312819839
85.0 299.9 2694.2 0.9289054275 -0.0682227239 0.3639785945 0.0672829077 0.9976169467 0.0152775282 -0.3641535044 0.0102981590 0.9312819839
98.3 101.5 2691.5 0.9288977385 -0.0671529025 0.3641969562 0.0673954561 0.9976534843 0.0120589752 -0.3641521633 0.0133436648 0.9312438965
-45.8 290.4 2745.5 0.2106169462 -0.9762799740 -0.0501786768 0.9765791893 0.2124352902 -0.0341218077 0.0439721607 -0.0418168232 0.9981572032
-92.7 72.8 2735.7 -0.0610936247 -0.9762799740 -0.2077136636 -0.0850018784 0.2124352902 -0.9734710455 0.9945060611 -0.0418168232 -0.0959640741
215.7 309.3 2643.0 0.2204830945 0.6953287125 0.6840359569 -0.9660038352 0.2527239025 0.0544727705 -0.1349957436 -0.6727916598 0.7274115086
273.5 56.1 2607.6 -0.0339970030 0.6952447295 0.7179686427 -0.9658944607 0.1616553366 -0.2022756040 -0.2566945255 -0.7003586888 0.6660372615
27.4 -104.3 2721.3 0.8640723228 0.0518612005 0.5006889701 -0.0601580366 0.9981887937 0.0004266655 -0.4997599721 -0.0304891355 0.8656271696
6.8 -501.1 2733.5 0.8650374413 -0.0011252128 0.5017060637 -0.1051723361 0.9773718715 0.1835292876 -0.4905599058 -0.2115252912 0.8453449011
197.4 -91.7 2653.3 0.8602730036 0.0122432597 0.5096866488 0.0504791923 0.9927539229 -0.1090482324 -0.5073285103 0.1195398197 0.8534213305
192.5 -486.4 2605.8 0.8635361791 -0.1444028765 0.4831698537 0.0298526827 0.9710826874 0.2368696183 -0.5034025311 -0.1901215613 0.8428758383
-77.0 94.6 2479.9 0 0 0 0 0 0 0 0 0
264.1 -209.9 2536.9 0 0 0 0 0 0 0 0 0
7.1 -761.6 2789.8 0 0 0 0 0 0 0 0 0
232.0 -751.7 2657.7 0 0 0 0 0 0 0 0 0
70.2 502.2 2695.5 74 0.9272801876 -0.0695740804 0.3678463399 0.0683484301 0.9975271225 0.0163761061 -0.3680760264 0.0099564809 0.9297423959
84.2 302.5 2693.5 0.9272801876 -0.0695740804 0.3678463399 0.0683484301 0.9975271225 0.0163761061 -0.3680760264 0.0099564809 0.9297423959
97.4 104.1 2691.0 0.9273949862 -0.0666300952 0.3681018353 0.0666665286 0.9976953268 0.0126332678 -0.3680952489 0.0128240436 0.9296996593
-46.4 293.1 2745.3 0.2119121552 -0.9761352539 -0.0474680103 0.9763616323 0.2135763764 -0.0332125127 0.0425579473 -0.0393078066 0.9983204603
-94.3 72.0 2735.7 -0.0592977330 -0.9761352539 -0.2089108676 -0.0880095735 0.2135763764 -0.9729539752 0.9943531156 -0.0393078066 -0.0985738412
214.7 311.8 2641.7 0.2299160510 0.6912222505 0.6850914955 -0.9640996456 0.2578669488 0.0633763596 -0.1328552961 -0.6750677228 0.7256948948
274.6 60.8 2607.1 -0.0381615236 0.6911317110 0.7217206359 -0.9676982164 0.1545598805 -0.1991768926 -0.2492065132 -0.7060086727 0.6629086733
26.4 -103.0 2722.3 0.8621258736 0.0505318120 0.5041680932 -0.0573956110 0.9983496666 -0.0019163752 -0.5034329295 -0.0272848811 0.8636034131
6.4 -499.9 2733.1 0.8634203672 -0.0018508424 0.5044817328 -0.1089087725 0.9757292271 0.1899770945 -0.4925892055 -0.2189725786 0.8422629833
