-329.5 494.4 2677.2 1 0.9042903185 -0.0081066443 -0.4268411100 0.0428394936 0.9964963198 0.0718325824 0.4247632623 -0.0832431689 0.9014692307
-327.9 293.8 2693.9 0.9042903185 -0.0081066443 -0.4268411100 0.0428394936 0.9964963198 0.0718325824 0.4247632623 -0.0832431689 0.9014692307
-325.9 95.7 2708.8 0.9043059349 -0.0101524414 -0.4267642200 0.0411328338 0.9971377254 0.0634385049 0.4248986542 -0.0749218389 0.9021351933
-459.9 287.8 2631.9 0.5083137155 -0.7518286109 -0.4199653864 0.6708038449 0.6514873505 -0.3543817401 0.5400364995 -0.1015773043 0.8354894519
-561.5 153.7 2523.9 -0.6592686176 -0.7518286109 -0.0108919190 -0.7402073145 0.6514873505 -0.1663048714 0.1321287155 -0.1015773043 -0.9860142469
-195.9 299.8 2755.9 0.1721249670 0.9475203753 -0.2694033682 -0.9776890874 0.1977490932 0.0708476529 0.1204038635 0.2511980832 0.9604178667
-145.5 13.7 2791.2 0.0967699364 0.9677684307 -0.2325077504 -0.9909836650 0.0719346106 -0.1130344421 -0.0926658064 0.2413497269 0.9660038352
-407.9 -108.9 2686.4 0.8676633835 0.0142235085 -0.4969485700 0.0233786851 0.9973174334 0.0693636835 0.4966020882 -0.0718023330 0.8650033474
-413.6 -505.1 2714.9 0.8676081300 0.0269800071 -0.4965160787 -0.0366608426 0.9992800951 -0.0097613391 0.4958952665 0.0266717151 0.8679726720
-242.4 -101.9 2764.6 0.3253503740 0.1940524429 -0.9254678488 -0.1391704828 0.9778848886 0.1561175585 0.9352960587 0.0780048966 0.3451615870
-319.5 -490.4 2733.6 0.3259861469 -0.0234065764 -0.9450847507 0.0270753074 0.9995145202 -0.0154155884 0.9449867606 -0.0205631908 0.3264616430
-389.0 347.3 2489.3 0 0 0 0 0 0 0 0 0
-120.4 -243.0 2767.2 0 0 0 0 0 0 0 0 0
-420.7 -770.4 2707.9 0 0 0 0 0 0 0 0 0
-313.2 -761.7 2739.2 0 0 0 0 0 0 0 0 0
-330.8 495.5 2676.0 2 0.8904272914 -0.0037801384 -0.4551098049 0.0436168313 0.9960716963 0.0770634413 0.4530306756 -0.0884698406 0.8870943189
-330.0 293.4 2693.9 0.8904272914 -0.0037801384 -0.4551098049 0.0436168313 0.9960716963 0.0770634413 0.4530306756 -0.0884698406 0.8870943189
-327.5 95.3 2709.0 0.8904100657 -0.0125072356 -0.4549873769 0.0457282700 0.9970228672 0.0620828420 0.4528563619 -0.0760849714 0.8883311152
-460.0 286.7 2627.8 0.5083922148 -0.7596727014 -0.4055055678 0.6618773341 0.6459618807 -0.3803310096 0.5508682132 -0.0750376135 0.8312121034
-560.3 156.1 2519.1 -0.6498170495 -0.7596727014 -0.0252031945 -0.7495595217 0.6459618807 -0.1445467025 0.1260884851 -0.0750376135 -0.9891769290
-200.0 300.1 2760.0 0.1888242215 0.9354792833 -0.2987037897 -0.9738397598 0.2175379992 0.0656762943 0.1264182329 0.2784883380 0.9520833492
-143.6 9.1 2797.8 0.0628871098 0.9642810822 -0.2573075294 -0.9921385050 0.0324527882 -0.1208636016 -0.1081961393 0.2628854513 0.9587412477
-406.7 -106.2 2684.8 0.8516350389 0.0252334774 -0.5235275030 0.0279616546 0.9952307940 0.0934549868 0.5233889222 -0.0942282379 0.8468677998
-416.8 -501.5 2722.2 0.8528336287 0.0125918752 -0.5220308304 -0.0417577326 0.9981521368 -0.0441425890 0.5205103755 0.0594451092 0.8517835736
-241.0 -98.7 2762.6 0.2983521819 0.1950625777 -0.9343107343 -0.1283346266 0.9782030582 0.1632453501 0.9457886815 0.0711998120 0.3168823123
-318.5 -487.4 2734.4 0.2980277836 -0.0230446812 -0.9542790055 0.0099550560 0.9997292161 -0.0210332163 0.9545052648 -0.0032314176 0.2981764972
-382.9 360.7 2484.7 0 0 0 0 0 0 0 0 0
-127.4 -247.3 2769.8 0 0 0 0 0 0 0 0 0
-420.1 -767.2 2706.4 0 0 0 0 0 0 0 0 0
-312.2 -759.8 2735.2 0 0 0 0 0 0 0 0 0
-331.4 493.1 2676.4 3 0.8964840770 -0.0062647858 -0.4430316091 0.0441711545 0.9961825609 0.0752945542 0.4408686459 -0.0870695934 0.8933385015
-330.1 291.8 2694.0 0.8964840770 -0.0062647858 -0.4430316091 0.0441711545 0.9961825609 0.0752945542 0.4408686459 -0.0870695934 0.8933385015
-328.0 93.6 2709.0 0.8964938521 -0.0107576689 -0.4429256022 0.0430315472 0.9970929623 0.0628799051 0.4409615695 -0.0754312202 0.8943506479
-461.0 285.5 2629.6 0.5027312636 -0.7621214986 -0.4079608321 0.6464593410 0.6447694898 -0.4078758359 0.5738916397 -0.0586781539 0.8168263435
-561.4 156.4 2515.0 -0.6469118595 -0.7621214986 -0.0259962212 -0.7547338009 0.6447694898 -0.1210340708 0.1090042442 -0.0586781539 -0.9923079014
-199.2 298.0 2758.4 0.1885334253 0.9385342598 -0.2891514301 -0.9717311859 0.2208839953 0.0833590478 0.1421042383 0.2652615011 0.9536470771
-142.6 6.3 2801.0 0.0448858701 0.9685554504 -0.2447153926 -0.9930851460 0.0166615229 -0.1162079796 -0.1084765345 0.2482393235 0.9626058936
-406.6 -107.0 2682.7 0.8585569859 0.0174115933 -0.5124224424 0.0227686055 0.9971425533 0.0720303804 0.5122123957 -0.0735093281 0.8557072282
-413.6 -503.1 2711.9 0.8588004708 0.0240470786 -0.5117455125 -0.0419436768 0.9988446832 -0.0234529749 0.5105903149 0.0416059121 0.8588169217
-243.5 -98.6 2765.7 0.3116010427 0.1836212873 -0.9323025346 -0.1244334579 0.9805872440 0.1515421122 0.9420303106 0.0687889531 0.3284006119
-316.4 -488.3 2738.3 0.3118998110 -0.0162123926 -0.9499766827 -0.0049372143 0.9998132586 -0.0186839141 0.9501021504 0.0105177471 0.3117615283
-380.0 368.0 2484.4 0 0 0 0 0 0 0 0 0
-131.0 -250.1 2773.0 0 0 0 0 0 0 0 0 0
-419.8 -761.3 2701.1 0 0 0 0 0 0 0 0 0
-312.0 -759.8 2735.5 0 0 0 0 0 0 0 0 0
-331.3 491.9 2676.1 4 0.9017985463 -0.0056851208 -0.4321192801 0.0411488153 0.9964999557 0.0727639794 0.4301931858 -0.0833996460 0.8988761306
-330.2 291.0 2692.9 0.9017985463 -0.0056851208 -0.4321192801 0.0411488153 0.9964999557 0.0727639794 0.4301931858 -0.0833996460 0.8988761306
-328.2 92.9 2707.3 0.9018061757 -0.0098266415 -0.4320289791 0.0401660539 0.9973196387 0.0611572228 0.4302700162 -0.0725048631 0.8997837305
-461.9 285.2 2630.0 0.4904708266 -0.7594156861 -0.4274648428 0.6402399540 0.6467847824 -0.4144421220 0.5912116170 -0.0704083070 0.8034372926
-560.7 156.2 2511.0 -0.6488509774 -0.7594156861 -0.0477521867 -0.7449764609 0.6467847824 -0.1633388400 0.1549274623 -0.0704083070 -0.9854136705
-198.5 296.9 2755.7 0.1783624738 0.9424679279 -0.2827385366 -0.9702455401 0.2162748724 0.1088522673 0.1637390107 0.2549106181 0.9530006051
-145.6 9.1 2804.3 0.0675323829 0.9722263813 -0.2240874916 -0.9870485663 0.0323459022 -0.1571270227 -0.1455147266 0.2317963988 0.9618190527
-408.0 -108.5 2683.5 0.8648132682 0.0072009033 -0.5020419955 0.0293063913 0.9974684715 0.0647898614 0.5012375712 -0.0707441717 0.8624129891
-410.9 -504.8 2711.6 0.8646529317 0.0363699533 -0.5010514259 -0.0500700250 0.9986487627 -0.0139155127 0.4998682439 0.0371197462 0.8653056622
-243.7 -100.6 2764.4 0.3242519796 0.1856321394 -0.9275782108 -0.1193117201 0.9807518125 0.1545659304 0.9384164214 0.0605526492 0.3401587903
-317.4 -490.3 2740.3 0.3234325051 -0.0257199742 -0.9459016323 -0.0050394284 0.9995695353 -0.0289023891 0.9462378025 0.0141147757 0.3231636584
-375.1 369.3 2466.7 0 0 0 0 0 0 0 0 0
-128.1 -246.9 2766.5 0 0 0 0 0 0 0 0 0
-420.3 -763.8 2702.0 0 0 0 0 0 0 0 0 0
-310.5 -760.2 2736.5 0 0 0 0 0 0 0 0 0
-332.5 494.0 2675.4 5 0.8986876607 -0.0234576724 -0.4379614294 0.0696265325 0.9935359359 0.0896573663 0.4330272675 -0.1110677049 0.8945118189
-327.4 277.1 2699.7 0.8986876607 -0.0234576724 -0.4379614294 0.0696265325 0.9935359359 0.0896573663 0.4330272675 -0.1110677049 0.8945118189
-325.6 78.7 2705.0 0.8994953036 -0.0086018583 -0.4368457198 0.0194151942 0.9996055365 0.0202941447 0.4364988208 -0.0267359316 0.8993074894
-458.8 274.3 2636.0 0.5027452111 -0.7675285339 -0.3976772130 0.5695490837 0.6401807070 -0.5155410171 0.6502777338 0.0326890908 0.7589929700
-557.8 162.1 2507.9 -0.6333639622 -0.7675285339 -0.0987420976 -0.7652364373 0.6401807070 -0.0676892921 0.1151662543 0.0326890908 -0.9928082228
-196.0 280.0 2763.3 0.1688424498 0.9418045282 -0.2906827927 -0.9763467908 0.2002205551 0.0816004425 0.1350523382 0.2700296044 0.9533335567
-149.6 11.9 2800.4 0.0893760920 0.9665765762 -0.2402948737 -0.9856659770 0.0511757657 -0.1607594788 -0.1430890858 0.2512185276 0.9572955370
-409.0 -109.0 2682.2 0.8622572422 0.0017815315 -0.5064674616 0.0342923887 0.9974936247 0.0618912987 0.5053083301 -0.0707341954 0.8600350022
-409.7 -505.4 2710.4 0.8615902066 0.0440839976 -0.5056865215 -0.0494609028 0.9987721443 0.0027978602 0.5051889420 0.0226011034 0.8627127409
-243.6 -101.6 2761.1 0.3293155432 0.1947759837 -0.9239121079 -0.1099173352 0.9797478914 0.1673685908 0.9378003478 0.0464368798 0.3440554738
-321.0 -490.9 2742.7 0.3273068964 -0.0379950292 -0.9441539049 -0.0285683013 0.9983365536 -0.0500791557 0.9444861412 0.0433641262 0.3256770074
-373.5 384.8 2474.4 0 0 0 0 0 0 0 0 0
-126.4 -244.4 2763.2 0 0 0 0 0 0 0 0 0
-421.3 -767.9 2704.4 0 0 0 0 0 0 0 0 0
-310.7 -760.8 2731.0 0 0 0 0 0 0 0 0 0
-333.9 495.3 2675.6 6 0.8983308077 -0.0194411650 -0.4388893247 0.0593437217 0.9952338934 0.0773812085 0.4352931678 -0.0955592468 0.8952029347
-329.8 286.1 2695.7 0.8983308077 -0.0194411650 -0.4388893247 0.0593437217 0.9952338934 0.0773812085 0.4352931678 -0.0955592468 0.8952029347
-327.0 87.7 2705.2 0.8987647891 -0.0139157372 -0.4382101893 0.0333983637 0.9987649918 0.0367830843 0.4371571243 -0.0476948470 0.8981196284
-461.0 281.2 2631.9 0.4867677391 -0.7932052016 -0.3658998311 0.5931364298 0.6076346636 -0.5281754732 0.6412849426 0.0400702730 0.7662558556
-556.4 165.1 2506.3 -0.6028800607 -0.7932052016 -0.0857969970 -0.7928619385 0.6076346636 -0.0463689193 0.0889132991 0.0400702730 -0.9952330589
-198.5 290.9 2759.5 0.1315951496 0.9452346563 -0.2986873388 -0.9737480879 0.1797115803 0.1397083104 0.1857347041 0.2724612951 0.9440696239
-160.6 10.9 2812.9 0.1423041523 0.9627632499 -0.2298619151 -0.9699901938 0.0893862993 -0.2261174768 -0.1971510798 0.2551412582 0.9465909004
-406.4 -121.5 2670.3 0.8613513708 0.0035491649 -0.5079972744 0.0566352271 0.9930710196 0.1029678881 0.5048428178 -0.1174620688 0.8551821113
-407.8 -515.7 2716.9 0.8610746861 0.0585597791 -0.5050952435 -0.0741630793 0.9971874356 -0.0108194919 0.5030410290 0.0467758067 0.8629958034
-241.4 -118.0 2750.3 0.3295739889 0.1999959201 -0.9227039814 -0.0834747255 0.9796515107 0.1825235635 0.9404323101 0.0168674439 0.3395622671
-320.9 -507.1 2743.6 0.3278079331 -0.0396630839 -0.9439114332 -0.0247598458 0.9984144568 -0.0505520627 0.9444198608 0.0399424694 0.3263061345
-442.2 315.2 2489.5 0 0 0 0 0 0 0 0 0
-123.7 -241.1 2761.7 0 0 0 0 0 0 0 0 0
-422.4 -764.2 2705.3 0 0 0 0 0 0 0 0 0
-310.8 -760.7 2733.4 0 0 0 0 0 0 0 0 0
-334.0 499.3 2684.7 7 0.8840886950 -0.0190953147 -0.4669288695 0.0462776348 0.9978309870 0.0468157753 0.4650221169 -0.0629976615 0.8830547929
-330.1 294.2 2697.6 0.8840886950 -0.0190953147 -0.4669288695 0.0462776348 0.9978309870 0.0468157753 0.4650221169 -0.0629976615 0.8830547929
-326.9 95.7 2705.4 0.8843327165 -0.0159137566 -0.4665859044 0.0323585831 0.9991046786 0.0272538140 0.4657344520 -0.0391994976 0.8840559125
-459.2 289.5 2629.7 0.5096942782 -0.8033323288 -0.3080079556 0.6130540371 0.5902933478 -0.5250890255 0.6036360860 0.0788093433 0.7933552861
-566.3 160.6 2502.8 -0.5889259577 -0.8033323288 -0.0884497836 -0.8070904016 0.5902933478 0.0126032317 0.0420867316 0.0788093433 -0.9960008860
-200.9 298.9 2765.6 0.1339798123 0.9349836111 -0.3284128606 -0.9747874737 0.1840138286 0.1262072027 0.1784341782 0.3032235205 0.9360644817
-164.1 31.2 2814.6 0.1417821497 0.9552003741 -0.2597886026 -0.9704609513 0.0823748484 -0.2267595679 -0.1952007711 0.2842651606 0.9386639595
-406.6 -113.6 2674.6 0.8447080851 -0.0050128866 -0.5352038145 0.0594382621 0.9946495295 0.0844947547 0.5319166780 -0.1031849906 0.8404864669
-404.6 -508.7 2715.5 0.8442281485 0.0634122789 -0.5322195888 -0.0823735222 0.9965301156 -0.0119307963 0.5296162367 0.0539131127 0.8465222716
-241.8 -107.5 2754.7 0.3010300398 0.2098127007 -0.9302470088 -0.0853941962 0.9775076509 0.1928383410 0.9497835040 0.0213875659 0.3121759593
-325.2 -495.9 2746.2 0.2980586588 -0.0682004988 -0.9521080256 -0.0368704535 0.9958773851 -0.0828780830 0.9538351893 0.0598071888 0.2943152785
-434.1 341.7 2493.3 0 0 0 0 0 0 0 0 0
-127.2 -221.5 2763.8 0 0 0 0 0 0 0 0 0
-420.9 -764.1 2701.7 0 0 0 0 0 0 0 0 0
-307.1 -759.9 2730.3 0 0 0 0 0 0 0 0 0
-331.2 498.1 2679.7 8 0.9000262022 -0.0065317475 -0.4357868433 0.0408786722 0.9967449903 0.0694867000 0.4339144826 -0.0803542361 0.8973636031
-329.9 294.9 2696.1 0.9000262022 -0.0065317475 -0.4357868433 0.0408786722 0.9967449903 0.0694867000 0.4339144826 -0.0803542361 0.8973636031
-327.7 96.6 2707.1 0.9000883102 -0.0109131346 -0.4355708361 0.0337762572 0.9984256625 0.0447818302 0.4343963861 -0.0550195538 0.8990398645
-461.3 290.0 2632.7 0.5168831348 -0.7844302058 -0.3427842557 0.5585102439 0.6124731898 -0.5594130158 0.6487666368 0.0977026150 0.7546893954
-569.5 173.1 2496.9 -0.6093662381 -0.7844302058 -0.1155074835 -0.7904215455 0.6124731898 0.0105076674 0.0625027046 0.0977026150 -0.9932510257
-198.5 299.8 2759.5 0.1422802359 0.9453223944 -0.2934653759 -0.9732850790 0.1875877678 0.1323893070 0.1802010834 0.2667890787 0.9467582107
-160.8 41.9 2807.2 0.1128583029 0.9645221829 -0.2386629283 -0.9842741489 0.0756733045 -0.1596181244 -0.1358948052 0.2529239953 0.9578946233
-404.7 -105.7 2670.5 0.8627920151 0.0203924496 -0.5051476359 0.0451790132 0.9920783639 0.1172152385 0.5035363436 -0.1239544377 0.8550359607
-412.8 -499.6 2719.8 0.8642463088 0.0337022617 -0.5019387007 -0.0635261759 0.9970777035 -0.0424324498 0.4990417957 0.0685583353 0.8638616800
-242.6 -99.8 2755.9 0.3257209957 0.2013006508 -0.9237877727 -0.1067353263 0.9786543250 0.1756223887 0.9394218326 0.0413968861 0.3402541578
-322.6 -488.6 2739.4 0.3221264482 -0.0543304905 -0.9451363683 -0.0165153835 0.9978774190 -0.0629911348 0.9465525746 0.0359004028 0.3205454350
-421.0 365.7 2481.7 0 0 0 0 0 0 0 0 0
-131.5 -214.1 2771.9 0 0 0 0 0 0 0 0 0
-421.6 -759.4 2701.9 0 0 0 0 0 0 0 0 0
-307.6 -763.7 2729.5 0 0 0 0 0 0 0 0 0
-332.6 501.9 2688.2 9 0.9283208847 -0.0099752257 -0.3716461360 0.0288666971 0.9985561371 0.0453031361 0.3706576228 -0.0527840443 0.9272684455
-330.5 299.0 2699.0 0.9283208847 -0.0099752257 -0.3716461360 0.0288666971 0.9985561371 0.0453031361 0.3706576228 -0.0527840443 0.9272684455
-327.5 100.5 2705.9 0.9283352494 -0.0159509089 -0.3714016378 0.0277570020 0.9992643595 0.0264636111 0.3707063198 -0.0348761007 0.9280951023
-465.8 294.9 2645.0 0.4829581380 -0.7823354006 -0.3933226764 0.5341017246 0.6191394925 -0.5756748915 0.6938924789 0.0679525658 0.7168651819
-572.1 177.3 2492.3 -0.6137411594 -0.7823354006 -0.1061748117 -0.7848809361 0.6191394925 -0.0250627156 0.0853444710 0.0679525658 -0.9940315485
-195.3 303.1 2753.0 0.1122116745 0.9656081796 -0.2345407605 -0.9727038145 0.1549852192 0.1727046221 0.2031153589 0.2087592036 0.9566419125
-166.4 53.1 2805.2 0.1247905418 0.9742140174 -0.1879742593 -0.9853429794 0.0994778126 -0.1385764331 -0.1163038313 0.2025121301 0.9723488092
-407.9 -104.8 2678.2 0.8959870338 0.0055997400 -0.4440448880 0.0393980965 0.9949752092 0.0920442641 0.4423290789 -0.0999649912 0.8912642598
-410.1 -499.9 2717.9 0.8967098594 0.0367235877 -0.4410927594 -0.0587539226 0.9976091981 -0.0363856182 0.4387019873 0.0585432760 0.8967236280
-242.9 -98.7 2757.8 0.3930064440 0.2051120698 -0.8963676691 -0.1143600568 0.9781390429 0.1736830622 0.9123966694 0.0342500918 0.4078715742
-324.4 -487.3 2744.2 0.3886531889 -0.0631469339 -0.9192177057 -0.0152759003 0.9970700145 -0.0749538839 0.9212574959 0.0431729443 0.3865498006
-416.4 376.3 2470.6 0 0 0 0 0 0 0 0 0
-133.9 -203.6 2774.9 0 0 0 0 0 0 0 0 0
-419.7 -760.1 2702.6 0 0 0 0 0 0 0 0 0
-306.8 -765.4 2732.2 0 0 0 0 0 0 0 0 0
-333.0 504.5 2691.5 0 0.9403127432 -0.0031587686 -0.3402968645 0.0161860641 0.9992403388 0.0354502052 0.3399263918 -0.0388423465 0.9396495819
-332.4 302.0 2699.4 0.9403127432 -0.0031587686 -0.3402968645 0.0161860641 0.9992403388 0.0354502052 0.3399263918 -0.0388423465 0.9396495819
-330.6 103.4 2703.9 0.9403107762 -0.0093808640 -0.3401876688 0.0165015515 0.9997010231 0.0180445295 0.3399166763 -0.0225810893 0.9401844144
-469.5 299.5 2649.8 0.4610005021 -0.7928121686 -0.3986569643 0.5035341382 0.6036180854 -0.6181411743 0.7307064533 0.0842260048 0.6774762869
-569.2 190.6 2491.8 -0.6021614075 -0.7928121686 -0.0940770432 -0.7971260548 0.6036180854 0.0153359855 0.0446280539 0.0842260048 -0.9954468012
-195.3 304.4 2748.9 0.1012274623 0.9732187986 -0.2063932270 -0.9670692086 0.1449539065 0.2092021406 0.2335169613 0.1784195304 0.9558432698
-169.8 60.9 2807.7 0.1310365647 0.9784822464 -0.1593796164 -0.9848683476 0.1100905687 -0.1338445693 -0.1134183556 0.1745064706 0.9781021476
-409.3 -100.6 2678.9 0.9105767012 0.0143943122 -0.4130894244 0.0380524285 0.9922301173 0.1184540763 0.4115848541 -0.1235805750 0.9029539227
-415.0 -494.6 2728.0 0.9127514362 0.0253512431 -0.4077280164 -0.0637382939 0.9946870804 -0.0808398426 0.4035123885 0.0997745693 0.9095178843
-239.5 -95.4 2746.7 0.4282795191 0.2090405375 -0.8791351914 -0.0999302417 0.9778644443 0.1838343292 0.8981038928 0.0091197127 0.4396887720
-322.5 -483.9 2743.1 0.4254572392 -0.0509465411 -0.9035433531 -0.0129296938 0.9979700446 -0.0623591021 0.9048861265 0.0382136703 0.4239348471
-411.7 399.1 2480.2 0 0 0 0 0 0 0 0 0
-135.7 -195.8 2778.1 0 0 0 0 0 0 0 0 0
-421.5 -749.2 2702.4 0 0 0 0 0 0 0 0 0
-308.1 -766.3 2732.2 0 0 0 0 0 0 0 0 0
-332.6 506.1 2694.1 1 0.9425849915 0.0023267011 -0.3339583278 0.0085543580 0.9994794130 0.0311077721 0.3338568509 -0.0321785174 0.9420743585
-333.1 303.8 2700.6 0.9425849915 0.0023267011 -0.3339583278 0.0085543580 0.9994794130 0.0311077721 0.3338568509 -0.0321785174 0.9420743585
-332.6 105.1 2704.4 0.9425849319 -0.0026000352 -0.3339563906 0.0087689748 0.9998176098 0.0169661175 0.3338513672 -0.0189204607 0.9424358010
-470.6 302.5 2651.9 0.4580833316 -0.7898837328 -0.4077295661 0.4670569003 0.6041433811 -0.6456536055 0.7563183904 0.1053302586 0.6456686258
-570.4 200.8 2487.2 -0.6035638452 -0.7898837328 -0.1086018905 -0.7962630987 0.6041433811 0.0312387533 0.0409361348 0.1053302586 -0.9935943484
-195.5 305.1 2749.4 0.0975340158 0.9751346707 -0.1989961714 -0.9677554369 0.1395852715 0.2096792310 0.2322424352 0.1721287668 0.9573062062
-171.4 65.4 2806.9 0.1341628283 0.9790819883 -0.1529667377 -0.9839265347 0.1132563353 -0.1380635500 -0.1178510860 0.1690310389 0.9785395265
-414.9 -96.8 2677.3 0.9134953022 -0.0182985030 -0.4064375758 0.0572611578 0.9948267937 0.0839094669 0.4027995765 -0.0999239907 0.9098173976
-407.7 -491.7 2716.9 0.9137188196 0.0592639931 -0.4020021558 -0.0757984146 0.9968013167 -0.0253332220 0.3992149234 0.0536185652 0.9152882099
-242.8 -93.7 2739.5 0.4372770786 0.1934023052 -0.8782848716 -0.0875484496 0.9811184406 0.1724584401 0.8950552940 0.0014803564 0.4459526837
-319.6 -483.5 2738.9 0.4379986227 -0.0095384801 -0.8989250660 -0.0044998727 0.9999079108 -0.0128025580 0.8989644051 0.0096525513 0.4379153550
-409.5 413.0 2476.3 0 0 0 0 0 0 0 0 0
-136.4 -191.2 2776.1 0 0 0 0 0 0 0 0 0
-423.3 -754.5 2702.8 0 0 0 0 0 0 0 0 0
-316.9 -771.7 2736.1 0 0 0 0 0 0 0 0 0
-333.6 504.7 2692.9 2 0.9501388669 0.0038595977 -0.3118032515 0.0063538048 0.9994761944 0.0317333862 0.3117623925 -0.0321322605 0.9496166110
-334.4 302.6 2699.4 0.9501388669 0.0038595977 -0.3118032515 0.0063538048 0.9994761944 0.0317333862 0.3117623925 -0.0321322605 0.9496166110
-334.2 104.0 2703.2 0.9501395822 -0.0010796750 -0.3118229806 0.0068931133 0.9998223782 0.0175417997 0.3117486537 -0.0188165903 0.9499782920
-473.1 301.6 2653.9 0.4655280709 -0.7771101594 -0.4235368371 0.4237320125 0.6158456206 -0.6642178297 0.7770037055 0.1297459304 0.6159798503
-574.7 209.2 2484.4 -0.6180000305 -0.7771101594 -0.1190621555 -0.7856862545 0.6158456206 0.0585767440 0.0278033260 0.1297459304 -0.9911574125
-195.7 303.6 2744.9 0.0895294249 0.9799296260 -0.1781079322 -0.9645841122 0.1298578680 0.2295962423 0.2481168658 0.1512444615 0.9568506479
-173.4 63.0 2806.8 0.1542143822 0.9793088436 -0.1310422570 -0.9792580009 0.1338524371 -0.1521096379 -0.1314219981 0.1517816633 0.9796379805
-418.5 -94.3 2677.6 0.9221078157 -0.0500487909 -0.3836825490 0.0744226500 0.9960253835 0.0489358716 0.3797083497 -0.0736788213 0.9221675396
-398.6 -489.6 2706.9 0.9198877811 0.0877617225 -0.3822359443 -0.0855712220 0.9960719943 0.0227636062 0.3827323020 0.0117684342 0.9237843156
-245.8 -92.7 2738.8 0.4532384872 0.1850460023 -0.8719706535 -0.1124723107 0.9822690487 0.1499914974 0.8842651248 0.0300906301 0.4660147130
-319.3 -482.8 2726.8 0.4581363201 0.0064680493 -0.8888583779 0.0201791208 0.9996401072 0.0176749304 0.8886528611 -0.0260339081 0.4578409493
-407.4 421.8 2476.9 0 0 0 0 0 0 0 0 0
-133.2 -192.4 2772.6 0 0 0 0 0 0 0 0 0
-421.7 -751.3 2703.8 0 0 0 0 0 0 0 0 0
-321.1 -771.4 2734.3 0 0 0 0 0 0 0 0 0
-333.0 506.6 2693.9 3 0.9520160556 0.0060372557 -0.3059886098 0.0030528777 0.9995683432 0.0292201657 0.3060329258 -0.0287522133 0.9515866637
-334.2 304.2 2699.7 0.9520160556 0.0060372557 -0.3059886098 0.0030528777 0.9995683432 0.0292201657 0.3060329258 -0.0287522133 0.9515866637
-334.2 105.5 2702.4 0.9520201087 -0.0003779291 -0.3060353100 0.0044864155 0.9999089837 0.0127216140 0.3060026467 -0.0134842340 0.9519351721
-473.2 303.5 2655.0 0.4999934435 -0.7470574379 -0.4380772710 0.3865627944 0.6451762319 -0.6590272188 0.7749682069 0.1601649225 0.6113684773
-585.3 216.9 2481.3 -0.6489623785 -0.7470574379 -0.1440589577 -0.7600329518 0.6451762319 0.0780867413 0.0346081331 0.1601649225 -0.9864833951
-195.2 304.8 2744.4 0.0865960717 0.9810577631 -0.1732823700 -0.9630709291 0.1269473433 0.2374420613 0.2549421191 0.1463216692 0.9558213949
-172.3 49.9 2811.8 0.1575657129 0.9799018502 -0.1223333105 -0.9745220542 0.1342713982 -0.1796605885 -0.1596238762 0.1475248635 0.9760925174
-421.1 -95.3 2678.4 0.9250914454 -0.0392526537 -0.3777101934 0.0574382879 0.9976632595 0.0369985774 0.3753753006 -0.0559220985 0.9251843691
-405.5 -491.5 2700.6 0.9236868024 0.0622269586 -0.3780615330 -0.0482469574 0.9977595210 0.0463481732 0.3800986111 -0.0245708786 0.9246195555
-246.9 -94.1 2735.5 0.4616924822 0.1847066432 -0.8675963879 -0.1006579399 0.9826719165 0.1556403488 0.8813104033 0.0154724903 0.4722844064
-320.3 -484.5 2729.4 0.4628637135 -0.0226059258 -0.8861411810 0.0342194363 0.9993852973 -0.0076207877 0.8857687116 -0.0267958641 0.4633527696
-410.0 422.2 2472.0 0 0 0 0 0 0 0 0 0
-130.2 -210.2 2769.2 0 0 0 0 0 0 0 0 0
-421.9 -754.2 2707.1 0 0 0 0 0 0 0 0 0
-314.0 -764.0 2736.9 0 0 0 0 0 0 0 0 0
-330.9 507.7 2697.8 4 0.9500139356 0.0131023182 -0.3119325340 -0.0077046636 0.9997985959 0.0185301024 0.3121125102 -0.0152005190 0.9499235153
-333.6 305.8 2700.9 0.9500139356 0.0131023182 -0.3119325340 -0.0077046636 0.9997985959 0.0185301024 0.3121125102 -0.0152005190 0.9499235153
-334.7 107.1 2702.0 0.9500509501 0.0057615289 -0.3120416701 -0.0037784674 0.9999686480 0.0069593638 0.3120719790 -0.0054327110 0.9500429034
-472.3 306.3 2655.3 0.5170993209 -0.7510359287 -0.4105525017 0.3604660034 0.6261336207 -0.6913905740 0.7763198614 0.2095273733 0.5944961905
-588.5 225.4 2481.0 -0.6351252198 -0.7510359287 -0.1804466993 -0.7718299031 0.6261336207 0.1106131747 0.0299092866 0.2095273733 -0.9773452282
-194.8 305.2 2746.5 0.1014938056 0.9791077971 -0.1762013435 -0.9674096107 0.1384370923 0.2120230943 0.2319862694 0.1489398479 0.9612488151
-167.3 42.6 2809.4 0.1502003968 0.9815080762 -0.1186664626 -0.9707496762 0.1236734614 -0.2057909518 -0.1873095930 0.1461053193 0.9713744521
-421.4 -93.6 2677.0 0.9223698974 -0.0475367382 -0.3833718598 0.0644143969 0.9974322915 0.0312991738 0.3808996081 -0.0535640828 0.9230635762
-402.5 -489.9 2698.3 0.9210940003 0.0658491030 -0.3837313354 -0.0550437905 0.9977186322 0.0390855968 0.3854296505 -0.0148794809 0.9226172566
-246.8 -92.8 2733.1 0.4618695378 0.1895859540 -0.8664488792 -0.0772388130 0.9817743301 0.1736471355 0.8835783601 -0.0132788392 0.4680950344
-322.1 -482.7 2738.4 0.4601293504 -0.0401268676 -0.8869446516 0.0147852311 0.9991859198 -0.0375345647 0.8877287507 0.0041570729 0.4603480697
-416.1 434.8 2472.9 0 0 0 0 0 0 0 0 0
-126.7 -219.6 2758.9 0 0 0 0 0 0 0 0 0
-419.8 -751.4 2702.2 0 0 0 0 0 0 0 0 0
-310.8 -763.4 2737.2 0 0 0 0 0 0 0 0 0
-335.2 506.2 2706.3 5 0.9438030124 0.0025686319 -0.3304984570 -0.0039893999 0.9999855161 -0.0036206315 0.3304843605 0.0047356538 0.9437995553
-335.7 304.4 2705.3 0.9438030124 0.0025686319 -0.3304984570 -0.0039893999 0.9999855161 -0.0036206315 0.3304843605 0.0047356538 0.9437995553
-334.9 105.8 2703.1 0.9438002706 -0.0039460436 -0.3304928541 0.0000571881 0.9999306798 -0.0117757330 0.3305163980 0.0110950395 0.9437350035
-473.5 304.5 2657.1 0.5171851516 -0.7321416140 -0.4432698786 0.2892235219 0.6369521618 -0.7145919800 0.8055242300 0.2413722873 0.5411747694
-589.7 239.5 2476.1 -0.6567931175 -0.7321416140 -0.1805309653 -0.7540672421 0.6369521618 0.1602327973 -0.0023235085 0.2413722873 -0.9704298377
-197.9 304.4 2753.6 0.1395967007 0.9716570377 -0.1907756031 -0.9748230577 0.1686835140 0.1458280534 0.1738755554 0.1656153351 0.9707413912
-159.5 36.8 2801.3 0.1244933084 0.9827798605 -0.1365471333 -0.9800785184 0.1003365740 -0.1714019775 -0.1547497511 0.1551653147 0.9756926894
-423.0 -91.3 2674.4 0.9142214060 -0.0344855227 -0.4037449360 0.0645942166 0.9960339069 0.0611888021 0.4000335038 -0.0820197016 0.9128230810
-409.3 -486.9 2707.0 0.9148935676 0.0432647504 -0.4013700783 -0.0434362628 0.9990184903 0.0086771073 0.4013515711 0.0094953859 0.9158748388
-248.8 -92.0 2731.6 0.4488384724 0.1786209196 -0.8755789995 -0.0683948100 0.9838116765 0.1656402647 0.8909916878 -0.0144606624 0.4537892640
-319.7 -482.8 2737.4 0.4472126663 -0.0383439958 -0.8936054111 0.0088539384 0.9992215037 -0.0384448804 0.8943838477 0.0092811091 0.4472039938
-409.9 445.9 2476.8 0 0 0 0 0 0 0 0 0
-125.7 -229.2 2759.3 0 0 0 0 0 0 0 0 0
-420.9 -755.0 2704.5 0 0 0 0 0 0 0 0 0
-308.9 -764.4 2734.8 0 0 0 0 0 0 0 0 0
-334.4 505.6 2715.5 6 0.9404397607 0.0006552318 -0.3399598002 -0.0105666155 0.9995713234 -0.0273041539 0.3397961557 0.0292701349 0.9400435090
-334.5 304.3 2709.6 0.9404397607 0.0006552318 -0.3399598002 -0.0105666155 0.9995713234 -0.0273041539 0.3397961557 0.0292701349 0.9400435090
-333.2 105.8 2703.2 0.9404241443 -0.0063204220 -0.3399448991 -0.0050526299 0.9994570017 -0.0325599983 0.3399660885 0.0323378220 0.9398815632
-471.9 305.1 2660.0 0.5330187082 -0.7523024678 -0.3872105777 0.2856262624 0.5907626748 -0.7545973063 0.7964349985 0.2916169763 0.5297648907
-595.0 239.1 2476.0 -0.6293963194 -0.7523024678 -0.1946824342 -0.7752647996 0.5907626748 0.2235261500 -0.0531481579 0.2916169763 -0.9550575018
-197.2 303.5 2759.3 0.1665432304 0.9662547708 -0.1965072900 -0.9773414731 0.1881678849 0.0969353914 0.1306406409 0.1759107858 0.9756989479
-150.5 29.6 2795.9 0.0778003559 0.9860906005 -0.1468756795 -0.9858641028 0.0541669503 -0.1585494280 -0.1483882964 0.1571346521 0.9763655066
-420.6 -92.9 2670.7 0.9098927379 -0.0208176132 -0.4143208861 0.0617381260 0.9944132566 0.0856190622 0.4102237821 -0.1034835577 0.9060946703
-412.3 -487.8 2711.8 0.9115020037 0.0231285337 -0.4106448591 -0.0281983055 0.9995825291 -0.0062923813 0.4103278816 0.0173150077 0.9117736816
-247.5 -92.9 2731.3 0.4440068007 0.1808850616 -0.8775753975 -0.0644093752 0.9833207130 0.1700934619 0.8937054276 -0.0189985726 0.4482517838
-319.4 -483.6 2738.8 0.4425661862 -0.0373054184 -0.8959595561 -0.0045086788 0.9990290999 -0.0438240655 0.8967245221 0.0234346427 0.4419682920
-423.2 450.7 2490.5 0 0 0 0 0 0 0 0 0
-129.3 -238.6 2755.5 0 0 0 0 0 0 0 0 0
-418.6 -760.7 2707.0 0 0 0 0 0 0 0 0 0
-309.1 -758.6 2732.4 0 0 0 0 0 0 0 0 0
-332.2 510.8 2716.6 7 0.9337568879 0.0037742427 -0.3578880429 -0.0161695629 0.9993682504 -0.0316483937 0.3575425148 0.0353387967 0.9332280159
-333.0 308.8 2709.5 0.9337568879 0.0037742427 -0.3578880429 -0.0161695629 0.9993682504 -0.0316483937 0.3575425148 0.0353387967 0.9332280159
-332.4 110.2 2702.3 0.9337593913 -0.0029072517 -0.3578895330 -0.0103422133 0.9993302226 -0.0351014547 0.3577519059 0.0364776812 0.9331039190
-469.4 310.3 2657.3 0.5551354289 -0.7522148490 -0.3549613059 0.3020178676 0.5799279809 -0.7566166520 0.7749902606 0.3128200471 0.5491209030
-596.9 240.9 2479.2 -0.6220923066 -0.7522148490 -0.2171957791 -0.7815292478 0.5799279809 0.2299902588 -0.0470441766 0.3128200471 -0.9486466646
-196.6 307.2 2761.7 0.1549970508 0.9645558596 -0.2135602087 -0.9803999066 0.1767939925 0.0869477317 0.1216221005 0.1958977729 0.9730529785
-151.9 24.5 2796.8 0.0747441649 0.9827191234 -0.1693411022 -0.9867852330 0.0484070964 -0.1546338052 -0.1437642872 0.1786612719 0.9733508825
-418.2 -92.3 2665.6 0.9020088315 -0.0208791606 -0.4312123954 0.0650607198 0.9939966202 0.0879648402 0.4267870188 -0.1074000522 0.8979521394
-409.9 -487.2 2708.3 0.9028365612 0.0334645286 -0.4286796451 -0.0285426378 0.9994321465 0.0179065838 0.4290354550 -0.0039310711 0.9032791257
-245.7 -93.3 2728.0 0.4341334403 0.2036430240 -0.8775293231 -0.0323321931 0.9770087600 0.2107331753 0.9002681971 -0.0631138682 0.4307364225
-326.5 -481.0 2753.0 0.4344119430 -0.0703325272 -0.8979641199 -0.0362244472 0.9947758913 -0.0954397097 0.8999856114 0.0739884004 0.4295947552
-429.9 450.7 2491.8 0 0 0 0 0 0 0 0 0
-131.5 -244.6 2757.6 0 0 0 0 0 0 0 0 0
-419.0 -760.4 2709.4 0 0 0 0 0 0 0 0 0
-307.0 -757.8 2732.4 0 0 0 0 0 0 0 0 0
-337.2 504.8 2716.7 8 0.9363061786 -0.0090722479 -0.3510674834 -0.0047211922 0.9992507696 -0.0384140722 0.3511529565 0.0376247913 0.9355618358
-335.4 303.7 2709.1 0.9363061786 -0.0090722479 -0.3510674834 -0.0047211922 0.9992507696 -0.0384140722 0.3511529565 0.0376247913 0.9355618358
-332.6 105.1 2701.8 0.9362518191 -0.0138327349 -0.3510572314 0.0000237034 0.9992271066 -0.0393094048 0.3513296545 0.0367951803 0.9355285168
-472.1 303.7 2657.8 0.5420854688 -0.7377280593 -0.4023688436 0.2246264666 0.5886152387 -0.7765790820 0.8097445965 0.3305895329 0.4847930074
-594.3 253.0 2475.3 -0.6317679286 -0.7377280593 -0.2379634976 -0.7745478153 0.5886152387 0.2315334827 -0.0307397991 0.3305895329 -0.9432739019
-198.6 303.7 2760.4 0.1819129139 0.9614200592 -0.2063471377 -0.9766159058 0.2011036575 0.0760177150 0.1145821139 0.1876932979 0.9755215049
-146.5 23.6 2793.3 0.0667510331 0.9851307869 -0.1583087444 -0.9872443080 0.0422252417 -0.1535113603 -0.1445441395 0.1665364504 0.9753832817
-417.4 -87.4 2662.2 0.9042525887 -0.0296379104 -0.4259681702 0.0712999031 0.9940627813 0.0821920037 0.4210031033 -0.1046938226 0.9009969831
-405.6 -482.4 2703.8 0.9045643806 0.0470318273 -0.4237349927 -0.0387334898 0.9988521338 0.0281801317 0.4245739579 -0.0090780091 0.9053477645
-246.2 -89.3 2727.8 0.4386932552 0.2010944933 -0.8758476973 -0.0373648405 0.9778792858 0.2058056742 0.8978597522 -0.0575596504 0.4365029037
-326.0 -477.7 2750.7 0.4382843673 -0.0616024248 -0.8967229128 -0.0305900648 0.9960484505 -0.0833770856 0.8983156681 0.0639736876 0.4346680343
-425.5 460.0 2483.5 0 0 0 0 0 0 0 0 0
-128.3 -245.8 2753.9 0 0 0 0 0 0 0 0 0
-418.8 -761.4 2706.3 0 0 0 0 0 0 0 0 0
-308.4 -762.1 2732.4 0 0 0 0 0 0 0 0 0
-334.3 511.7 2726.7 9 0.9348123670 -0.0006803698 -0.3551413119 -0.0219336357 0.9979785681 -0.0596462004 0.3544639945 0.0635475442 0.9329078197
-334.2 310.1 2713.9 0.9348123670 -0.0006803698 -0.3551413119 -0.0219336357 0.9979785681 -0.0596462004 0.3544639945 0.0635475442 0.9329078197
-332.6 111.8 2701.8 0.9347779751 -0.0080854855 -0.3551404178 -0.0141046718 0.9981077909 -0.0598493516 0.3549523056 0.0609549955 0.9328951240
-470.7 312.2 2662.1 0.5435219407 -0.7216845155 -0.4286670089 0.1989083886 0.6068752408 -0.7695049644 0.8154872060 0.3329773545 0.4733991027
-595.6 266.5 2474.8 -0.6525808573 -0.7216845155 -0.2308889925 -0.7569174170 0.6068752408 0.2424427122 -0.0348463319 0.3329773545 -0.9422907233
-197.6 308.0 2765.7 0.1635320783 0.9641551971 -0.2089544982 -0.9830133319 0.1771391183 0.0480266362 0.0833191499 0.1975511611 0.9767453671
-150.1 22.0 2790.0 0.0858044624 0.9816441536 -0.1703302562 -0.9857380986 0.0588025786 -0.1576790810 -0.1447688937 0.1814305931 0.9726895094
-415.7 -93.4 2662.3 0.9026317000 -0.0183672998 -0.4300216734 0.0690611750 0.9923247695 0.1025773436 0.4248370826 -0.1222873703 0.8969722390
-408.4 -487.7 2710.9 0.9035383463 0.0451046899 -0.4261267483 -0.0477761626 0.9988482594 0.0044239135 0.4258355200 0.0163615253 0.9046526551
-244.0 -93.4 2726.7 0.4380556941 0.2013089955 -0.8761175275 -0.0459310487 0.9783425331 0.2018322796 0.8977736831 -0.0481727794 0.4378148317
-324.0 -482.1 2745.8 0.4367910922 -0.0496126078 -0.8981938362 -0.0167421773 0.9978566766 -0.0632592961 0.8994071484 0.0426688157 0.4350242913
-421.9 467.9 2484.0 0 0 0 0 0 0 0 0 0
-126.7 -246.2 2750.6 0 0 0 0 0 0 0 0 0
-420.7 -758.6 2706.4 0 0 0 0 0 0 0 0 0
-310.3 -757.4 2734.1 0 0 0 0 0 0 0 0 0
-332.4 513.2 2733.7 0 0.9340604544 0.0031308536 -0.3571011424 -0.0320096239 0.9966704845 -0.0749885514 0.3556773961 0.0814745128 0.9310507178
-333.0 312.5 2717.3 0.9340604544 0.0031308536 -0.3571011424 -0.0320096239 0.9966704845 -0.0749885514 0.3556773961 0.0814745128 0.9310507178
-332.5 114.4 2702.4 0.9340629578 -0.0024658714 -0.3570998609 -0.0245641693 0.9971639514 -0.0711379722 0.3562625349 0.0752192065 0.9313533306
-469.4 316.1 2665.3 0.5415695310 -0.7173909545 -0.4382381141 0.1923546195 0.6132236719 -0.7661308050 0.8183532953 0.3306159675 0.4700967371
-596.8 270.9 2472.9 -0.6669902802 -0.7173909545 -0.2011819482 -0.7416028380 0.6132236719 0.2719962895 -0.0717581436 0.3306159675 -0.9410333633
-196.6 308.9 2769.4 0.1315082610 0.9688350558 -0.2099147290 -0.9894504547 0.1412660629 0.0321207047 0.0607734919 0.2034760863 0.9771919250
-159.1 27.1 2786.7 0.1449151337 0.9732797146 -0.1781185716 -0.9782181382 0.1138899624 -0.1735463142 -0.1486231834 0.1993883103 0.9685842395
-416.7 -85.1 2657.1 0.9021447301 -0.0136744026 -0.4312167466 0.0675042868 0.9916611910 0.1097783521 0.4261197448 -0.1281449497 0.8955450058
-411.2 -479.2 2708.1 0.9032775164 0.0391958356 -0.4272626936 -0.0420369320 0.9991121888 0.0027852273 0.4269925356 0.0154449791 0.9041232467
-245.2 -87.7 2722.2 0.4373340309 0.1857090294 -0.8799154162 -0.0557430945 0.9821621776 0.1795832217 0.8975698948 -0.0294886418 0.4398849308
-319.0 -477.9 2733.9 0.4361467659 -0.0322537348 -0.8992973566 0.0138803851 0.9994797111 -0.0291150287 0.8997684717 0.0002158329 0.4363675416
-420.6 466.8 2491.9 0 0 0 0 0 0 0 0 0
-119.4 -241.0 2745.9 0 0 0 0 0 0 0 0 0
-422.3 -760.7 2703.7 0 0 0 0 0 0 0 0 0
-309.9 -758.7 2733.9 0 0 0 0 0 0 0 0 0
-329.9 512.7 2726.3 1 0.9303628206 0.0105556333 -0.3664881885 -0.0279273354 0.9987217188 -0.0421307273 0.3655749857 0.0494319014 0.9294683337
-332.2 294.7 2715.5 0.9303628206 0.0105556333 -0.3664881885 -0.0279273354 0.9987217188 -0.0421307273 0.3655749857 0.0494319014 0.9294683337
-328.2 96.9 2698.1 0.9302886128 -0.0204958692 -0.3662553430 -0.0130389584 0.9959593415 -0.0888534412 0.3665965796 0.0874349326 0.9262624383
-468.1 296.6 2661.9 0.5293114781 -0.7100641131 -0.4643686712 0.0521289781 0.5735126734 -0.8175364137 0.8468245864 0.4085243642 0.3405817747
-590.1 284.6 2466.7 -0.6657003760 -0.7100641131 -0.2294601053 -0.7358353138 0.5735126734 0.3600411415 -0.1240540147 0.4085243642 -0.9042778611
-196.4 292.8 2769.0 0.1355034858 0.9651546478 -0.2238645107 -0.9886298180 0.1465801448 0.0335457921 0.0651909634 0.2167735547 0.9740427732
-160.3 29.9 2786.4 0.1596203893 0.9692959189 -0.1870473772 -0.9734709859 0.1230867729 -0.1928832233 -0.1639378667 0.2128732800 0.9632285833
-417.7 -81.4 2654.8 0.8951222301 -0.0471466109 -0.4433208704 0.1005089432 0.9901334047 0.0976411328 0.4343433678 -0.1319584548 0.8910290599
-398.9 -474.7 2707.2 0.8937677741 0.0889113620 -0.4396292865 -0.0807896256 0.9960369468 0.0371946096 0.4411940575 0.0022741437 0.8974088430
-246.3 -85.9 2720.1 0.4305888116 0.1836630404 -0.8836634755 -0.0457124189 0.9822575450 0.1818804890 0.9013898373 -0.0379213095 0.4313447773
-319.3 -476.2 2735.2 0.4298029542 -0.0260421373 -0.9025470614 0.0181026440 0.9996315837 -0.0202227384 0.9027412534 -0.0076466971 0.4301160276
-414.4 478.9 2499.5 0 0 0 0 0 0 0 0 0
-116.3 -238.8 2741.1 0 0 0 0 0 0 0 0 0
-424.4 -760.2 2706.5 0 0 0 0 0 0 0 0 0
-311.9 -762.5 2737.4 0 0 0 0 0 0 0 0 0
-330.3 509.9 2733.0 2 0.9234051704 -0.0018506489 -0.3838221431 -0.0268263724 0.9972317815 -0.0693475828 0.3828879893 0.0743324757 0.9207993746
-329.9 300.9 2717.4 0.9234051704 -0.0018506489 -0.3838221431 -0.0268263724 0.9972317815 -0.0693475828 0.3828879893 0.0743324757 0.9207993746
-325.6 103.1 2699.9 0.9232552648 -0.0215559416 -0.3835818172 -0.0140627120 0.9958594441 -0.0898117721 0.3839295506 0.0883133933 0.9191293716
-464.7 303.0 2661.4 0.5253651142 -0.7273254395 -0.4415757954 0.0310220998 0.5349934697 -0.8442864418 0.8503112197 0.4298600256 0.3036300838
-586.4 295.8 2464.4 -0.6402065754 -0.7273254395 -0.2472513765 -0.7545622587 0.5349934697 0.3800233901 -0.1441228092 0.4298600256 -0.8913186789
-195.0 298.9 2773.5 0.1224584877 0.9630333781 -0.2399387211 -0.9913689494 0.1300972253 0.0161976181 0.0468142107 0.2358842641 0.9706528783
-161.7 28.9 2786.3 0.1848861277 0.9612397552 -0.2045367211 -0.9661865234 0.1397266239 -0.2167028338 -0.1797241569 0.2376859635 0.9545703530
-409.4 -99.8 2647.1 0.8874287009 -0.0245375019 -0.4602914751 0.0839364305 0.9904888272 0.1090254262 0.4532383382 -0.1353875101 0.8810477853
-399.6 -493.2 2700.9 0.8850645423 0.0838356167 -0.4578562379 -0.0701364353 0.9964355230 0.0468739085 0.4601539075 -0.0093740299 0.8877896667
-238.8 -102.2 2714.4 0.4139759243 0.2043380290 -0.8870568871 -0.0452891625 0.9778961539 0.2041275352 0.9091604948 -0.0443298258 0.4140797555
-319.9 -490.7 2732.0 0.4125713110 -0.0340817124 -0.9102874994 0.0389301032 0.9990465045 -0.0197605398 0.9100930691 -0.0272849556 0.4135047495
-416.8 495.8 2502.6 0 0 0 0 0 0 0 0 0
-110.5 -238.6 2736.5 0 0 0 0 0 0 0 0 0
-422.0 -759.2 2703.4 0 0 0 0 0 0 0 0 0
-310.7 -761.1 2739.4 0 0 0 0 0 0 0 0 0
-361.8 496.7 2737.9 3 0.9243301749 -0.1018687114 -0.3677451313 0.0533965640 0.9887557030 -0.1396815479 0.3778392971 0.1094755456 0.9193761945
-341.1 295.9 2715.6 0.9243301749 -0.1018687114 -0.3677451313 0.0533965640 0.9887557030 -0.1396815479 0.3778392971 0.1094755456 0.9193761945
-318.5 100.9 2692.4 0.9233459830 -0.1145124808 -0.3664957583 0.0623813719 0.9865502119 -0.1510869563 0.3788678050 0.1166430190 0.9180705547
-475.5 286.8 2660.1 0.4755097628 -0.7161974311 -0.5108343363 -0.0791800693 0.5434836745 -0.8356769681 0.8761398196 0.4378204644 0.2017232329
-582.9 304.7 2462.2 -0.6525474191 -0.7161974311 -0.2474735230 -0.7439466119 0.5434836745 0.3888045251 -0.1439629793 0.4378204644 -0.8874614835
-206.8 305.0 2771.1 0.1581109911 0.9573290944 -0.2419131547 -0.9860231876 0.1661084294 0.0128943874 0.0525279865 0.2364932299 0.9702122211
-163.1 33.0 2785.6 0.1922922283 0.9613915086 -0.1968504041 -0.9633977413 0.1467595398 -0.2243354321 -0.1867844909 0.2327831984 0.9544231296
-402.8 -94.8 2645.5 0.8842626810 -0.0020167185 -0.4669854641 0.0680367872 0.9898771048 0.1245565340 0.4620070159 -0.1419128925 0.8754485846
-402.0 -487.0 2701.7 0.8824998140 0.0703684315 -0.4650186598 -0.0597877763 0.9975070953 0.0374830328 0.4664970636 -0.0052763373 0.8845070004
-233.5 -95.5 2715.6 0.4205629826 0.2229598016 -0.8794405460 -0.0470414981 0.9733883142 0.2242818326 0.9060429931 -0.0529544353 0.4198594391
-322.4 -483.6 2736.7 0.4186656475 -0.0412233733 -0.9072043300 0.0264456533 0.9990989566 -0.0331946611 0.9077553153 -0.0100941453 0.4193786085
-409.3 502.6 2500.5 0 0 0 0 0 0 0 0 0
-109.3 -236.8 2733.3 0 0 0 0 0 0 0 0 0
-420.8 -754.5 2703.1 0 0 0 0 0 0 0 0 0
-310.9 -762.5 2739.5 0 0 0 0 0 0 0 0 0
-355.5 492.8 2668.8 4 0.9156725407 -0.0555181578 -0.3980722129 0.1300195009 0.9780763984 0.1626697183 0.3803139031 -0.2007093430 0.9028161764
-344.2 293.1 2709.8 0.9156725407 -0.0555181578 -0.3980722129 0.1300195009 0.9780763984 0.1626697183 0.3803139031 -0.2007093430 0.9028161764
-320.1 97.1 2696.5 0.9195246100 -0.1218701303 -0.3736605346 0.0872760564 0.9902894497 -0.1082111299 0.3832198083 0.0668911785 0.9212318659
-478.2 280.4 2653.8 0.4783440232 -0.6902710795 -0.5428745747 -0.1434743553 0.5484513044 -0.8237817287 0.8663729429 0.4719396234 0.1633121818
-585.5 312.5 2459.6 -0.6834744811 -0.6902710795 -0.2374625951 -0.7083085179 0.5484513044 0.4444099367 -0.1765266657 0.4719396234 -0.8637773395
-210.2 305.9 2765.8 0.1675271243 0.9546926618 -0.2459604889 -0.9830492139 0.1806167811 0.0314933248 0.0744910389 0.2365152687 0.9687680602
