65.6 504.5 2695.5 41 0.9160159230 -0.0802682117 0.3930290043 0.0731940269 0.9967722297 0.0329803377 -0.3944076896 -0.0014431392 0.9189344645
81.7 304.6 2695.8 0.9160159230 -0.0802682117 0.3930290043 0.0731940269 0.9967722297 0.0329803377 -0.3944076896 -0.0014431392 0.9189344645
96.1 106.4 2694.9 0.9163786769 -0.0726406500 0.3936666548 0.0684635192 0.9973486662 0.0246643927 -0.3944145739 0.0043498809 0.9189223051
-47.3 295.0 2751.3 0.5702593327 -0.8089001775 -0.1431249976 0.7498432398 0.5837305188 -0.3114382625 0.3354689181 0.0702792630 0.9394261241
-167.6 136.8 2680.5 -0.3138628900 -0.8089001775 -0.4971624911 -0.5297953486 0.5837305188 -0.6152849793 0.7879130244 0.0702792630 -0.6117629409
210.6 314.3 2640.3 0.2469996065 0.6711849570 0.6989291906 -0.9631062746 0.2495747507 0.1006912664 -0.1068526134 -0.6980137825 0.7080672979
274.8 64.2 2612.5 -0.0377924070 0.6701804399 0.7412353754 -0.9593869448 0.1831752211 -0.2145310342 -0.2795504630 -0.7192391753 0.6360397339
27.6 -98.7 2731.7 0.8489032388 0.0572909340 0.5254341364 -0.0467990749 0.9983509183 -0.0332459733 -0.5264723301 0.0036327827 0.8501845002
4.9 -495.6 2730.2 0.8514081240 -0.0166185182 0.5242404938 -0.1050397530 0.9738474488 0.2014640272 -0.5138782859 -0.2265941948 0.8273960352
195.0 -85.6 2657.8 0.8430446386 0.0064608613 0.5378047824 0.0600357950 0.9925484657 -0.1060339585 -0.5344824195 0.1216789037 0.8363748193
192.5 -480.3 2609.4 0.8466133475 -0.1487762034 0.5109906793 0.0380766653 0.9746043682 0.2206727713 -0.5308446288 -0.1673676819 0.8307780027
-87.0 272.9 2478.1 0 0 0 0 0 0 0 0 0
264.3 -200.1 2535.5 0 0 0 0 0 0 0 0 0
9.4 -761.5 2792.1 0 0 0 0 0 0 0 0 0
233.9 -751.3 2656.0 0 0 0 0 0 0 0 0 0
68.9 503.4 2694.1 42 0.9232920408 -0.0777034536 0.3761568069 0.0704735965 0.9969688058 0.0329655148 -0.3775781393 -0.0039276737 0.9259694219
84.5 304.1 2694.9 0.9232920408 -0.0777034536 0.3761568069 0.0704735965 0.9969688058 0.0329655148 -0.3775781393 -0.0039276737 0.9259694219
98.6 105.8 2694.2 0.9235241413 -0.0712958947 0.3768554032 0.0673666745 0.9974488020 0.0236145146 -0.3775776029 0.0035789204 0.9259710312
-45.5 294.6 2748.0 0.6304507256 -0.7645527720 -0.1341303885 0.7005978227 0.6348618865 -0.3257500529 0.3342073560 0.1113978848 0.9358931184
-175.1 150.6 2679.3 -0.3502234221 -0.7645527720 -0.5411124229 -0.5542594194 0.6348618865 -0.5382814407 0.7550761700 0.1113978848 -0.6461040378
214.4 313.5 2641.8 0.2378873974 0.6821739674 0.6914103627 -0.9632849693 0.2569184303 0.0779425502 -0.1244656816 -0.6845667362 0.7182455659
275.3 66.9 2609.9 -0.0388106927 0.6813265085 0.7309499979 -0.9603651166 0.1766355634 -0.2156357169 -0.2760300934 -0.7103478312 0.6474668384
26.5 -98.2 2730.2 0.8585284352 0.0527050085 0.5100500584 -0.0437814780 0.9986056685 -0.0294948947 -0.5108934045 0.0029914600 0.8596388698
5.5 -495.2 2729.0 0.8612896800 -0.0089349747 0.5080356598 -0.1124025658 0.9717238545 0.2076497972 -0.4955257177 -0.2359511405 0.8359314203
194.6 -85.6 2657.8 0.8527472019 0.0019119995 0.5223203897 0.0588467307 0.9932748675 -0.0997099280 -0.5189983249 0.1157642081 0.8468998671
193.8 -480.5 2611.8 0.8558132648 -0.1393078268 0.4981736541 0.0386252366 0.9775756001 0.2070120573 -0.5158408284 -0.1579215825 0.8420029879
-84.0 294.7 2483.0 0 0 0 0 0 0 0 0 0
264.6 -197.6 2533.9 0 0 0 0 0 0 0 0 0
8.0 -764.1 2794.3 0 0 0 0 0 0 0 0 0
232.6 -752.8 2655.8 0 0 0 0 0 0 0 0 0
71.6 501.9 2696.0 43 0.9252182841 -0.0791668817 0.3710844815 0.0761909261 0.9968348742 0.0226985179 -0.3717069030 0.0072721853 0.9283216596
87.5 302.6 2694.5 0.9252182841 -0.0791668817 0.3710844815 0.0761909261 0.9968348742 0.0226985179 -0.3717069030 0.0072721853 0.9283216596
102.0 104.4 2692.5 0.9255639911 -0.0730972663 0.3714674711 0.0716636032 0.9972720742 0.0176828820 -0.3717466891 0.0102540562 0.9282775521
-42.8 292.6 2746.8 0.6950583458 -0.7098144293 -0.1142689362 0.6397263408 0.6831336617 -0.3522478938 0.3280915916 0.1717319936 0.9289047718
-184.1 162.5 2680.1 -0.3789567053 -0.7098144293 -0.5937637091 -0.5758658648 0.6831336617 -0.4491178989 0.7244103551 0.1717319936 -0.6676359773
217.7 312.7 2642.2 0.2204556167 0.6910105944 0.6884066463 -0.9682154059 0.2405163944 0.0686355308 -0.1181452051 -0.6816570163 0.7220702767
274.5 63.2 2611.7 -0.0342788883 0.6901780367 0.7228272557 -0.9567368627 0.1864293069 -0.2233801782 -0.2889282703 -0.6992127299 0.6539281607
28.1 -98.7 2728.1 0.8609316349 0.0600087792 0.5051689744 -0.0495404489 0.9981882572 -0.0341452509 -0.5063027740 0.0043704277 0.8623446822
4.2 -495.6 2726.4 0.8636102676 -0.0153775057 0.5039253831 -0.1107496098 0.9693335891 0.2193785757 -0.4918453097 -0.2452671379 0.8354234099
197.5 -86.4 2658.8 0.8555600047 0.0094671464 0.5176171064 0.0509292521 0.9934438467 -0.1023499891 -0.5151925087 0.1139284074 0.8494686484
193.7 -481.3 2613.5 0.8566676974 -0.1405918747 0.4963410199 0.0433987379 0.9783766270 0.2022269070 -0.5140399337 -0.1517006904 0.8442451358
-82.7 316.6 2486.2 0 0 0 0 0 0 0 0 0
265.1 -200.3 2532.2 0 0 0 0 0 0 0 0 0
8.5 -763.7 2794.2 0 0 0 0 0 0 0 0 0
233.1 -755.0 2656.0 0 0 0 0 0 0 0 0 0
75.1 501.5 2695.4 44 0.9229660034 -0.0713556856 0.3782090843 0.0681651458 0.9974350333 0.0218359455 -0.3787971437 0.0056268424 0.9254626036
89.3 302.7 2694.2 0.9229660034 -0.0713556856 0.3782090843 0.0681651458 0.9974350333 0.0218359455 -0.3787971437 0.0056268424 0.9254626036
102.5 104.4 2692.6 0.9232419133 -0.0659928247 0.3785092831 0.0641568378 0.9977868199 0.0174750965 -0.3788248003 0.0081502190 0.9254325032
-40.6 293.7 2747.6 0.7342376709 -0.6725395918 -0.0926582888 0.6011665463 0.7075043917 -0.3715323806 0.3154263794 0.2170900106 0.9237846732
-191.6 170.1 2682.7 -0.4027109742 -0.6725395918 -0.6208980680 -0.5959763527 0.7075043917 -0.3798022866 0.6947201490 0.2170900106 -0.6857374310
219.3 311.8 2640.9 0.2096333504 0.6873440146 0.6954222322 -0.9701465368 0.2349123210 0.0602648370 -0.1219405830 -0.6872950196 0.7160698771
273.6 60.3 2609.3 -0.0334403887 0.6865348220 0.7263275385 -0.9580326080 0.1849993169 -0.2189720720 -0.2847020626 -0.7031679749 0.6515362859
31.6 -100.4 2724.5 0.8560543060 0.0687479824 0.5122936368 -0.0672135353 0.9975059628 -0.0215464011 -0.5124972463 -0.0159881786 0.8585399985
4.3 -497.0 2730.9 0.8572387695 -0.0176184569 0.5146175623 -0.1022235602 0.9736992717 0.2036173791 -0.5046702027 -0.2271547616 0.8328917623
201.4 -87.3 2656.3 0.8521308303 0.0195112787 0.5229649544 0.0493251607 0.9918617606 -0.1173768565 -0.5209990740 0.1258157641 0.8442335725
193.7 -481.6 2606.3 0.8563936353 -0.1321790665 0.4991178811 0.0206385981 0.9746674895 0.2227046341 -0.5159108639 -0.1804217249 0.8374270201
-79.9 335.4 2490.0 0 0 0 0 0 0 0 0 0
264.4 -203.6 2530.9 0 0 0 0 0 0 0 0 0
9.0 -758.7 2791.9 0 0 0 0 0 0 0 0 0
231.0 -756.8 2657.2 0 0 0 0 0 0 0 0 0
73.4 496.8 2695.6 45 0.9224797487 -0.0604124814 0.3812891543 0.0577539429 0.9981608391 0.0184231009 -0.3817008734 0.0050260131 0.9242722392
85.4 297.7 2694.6 0.9224797487 -0.0604124814 0.3812891543 0.0577539429 0.9981608391 0.0184231009 -0.3817008734 0.0050260131 0.9242722392
97.2 99.3 2693.1 0.9224992394 -0.0591149740 0.3814454079 0.0574288294 0.9982243776 0.0158134252 -0.3817028999 0.0073180902 0.9242560863
-44.4 289.7 2748.3 0.7680739164 -0.6349699497 -0.0829191655 0.5534026027 0.7233350873 -0.4129551053 0.3221924305 0.2712923586 0.9069688320
-197.6 179.2 2684.0 -0.4193863273 -0.6349699497 -0.6487898827 -0.6176710129 0.7233350873 -0.3086565733 0.6652801037 0.2712923586 -0.6955593824
215.3 305.8 2640.9 0.2262725532 0.6818834543 0.6955829859 -0.9654295444 0.2518672347 0.0671467334 -0.1294082999 -0.6867297888 0.7153010964
273.2 58.4 2607.7 -0.0311990511 0.6813369393 0.7313047051 -0.9584148526 0.1872570664 -0.2153504342 -0.2836681902 -0.7076120377 0.6471611857
30.9 -99.9 2725.8 0.8545191884 0.0663139075 0.5151693225 -0.0663564727 0.9976271987 -0.0183506291 -0.5151638389 -0.0185038541 0.8568919897
4.5 -496.5 2733.1 0.8553761244 -0.0174130294 0.5177146792 -0.0945591629 0.9773931503 0.1891061515 -0.5093036890 -0.2107115537 0.8343922496
200.3 -88.1 2656.3 0.8510422707 0.0211785454 0.5246698856 0.0507376939 0.9911943078 -0.1223092377 -0.5226401687 0.1307108700 0.8424736857
191.9 -482.2 2604.3 0.8559065461 -0.1379413307 0.4983936250 0.0195834432 0.9717220664 0.2353140861 -0.5167596340 -0.1916466057 0.8344046474
-78.6 354.5 2495.2 0 0 0 0 0 0 0 0 0
264.6 -205.5 2529.6 0 0 0 0 0 0 0 0 0
9.2 -760.3 2790.0 0 0 0 0 0 0 0 0 0
230.8 -756.2 2658.3 0 0 0 0 0 0 0 0 0
74.0 497.0 2695.7 46 0.9254836440 -0.0555148982 0.3746973574 0.0539826974 0.9984352589 0.0145929120 -0.3749211729 0.0067216717 0.9270323515
85.1 297.7 2694.3 0.9254836440 -0.0555148982 0.3746973574 0.0539826974 0.9984352589 0.0145929120 -0.3749211729 0.0067216717 0.9270323515
96.4 99.2 2692.8 0.9253891706 -0.0568472594 0.3747309446 0.0556617230 0.9983515739 0.0139961634 -0.3749088645 0.0079062721 0.9270279408
-45.2 289.9 2747.1 0.8029534221 -0.5890861154 -0.0907929093 0.4975163043 0.7462909818 -0.4421847165 0.3282428086 0.3098827899 0.8923168182
-203.4 191.8 2682.4 -0.4484893978 -0.5890861154 -0.6721866131 -0.6209528446 0.7462909818 -0.2397234142 0.6428645253 0.3098827899 -0.7004982829
215.3 305.5 2641.6 0.2220317423 0.6878976822 0.6910127997 -0.9664627910 0.2490598261 0.0626004860 -0.1290407926 -0.6817374229 0.7201267481
273.2 53.4 2607.9 -0.0311388429 0.6872951388 0.7257105112 -0.9567393064 0.1896384209 -0.2206518054 -0.2892754972 -0.7011865973 0.6516571641
24.3 -104.4 2726.7 0.8590583205 0.0488828495 0.5095382929 -0.0515161380 0.9986320734 -0.0089504803 -0.5092788339 -0.0185604617 0.8604014516
4.9 -501.4 2734.1 0.8606035709 -0.0146014513 0.5090660453 -0.0958822668 0.9770677090 0.1901191920 -0.5001680255 -0.2124276608 0.8394679427
193.6 -93.9 2656.6 0.8551571369 -0.0006624743 0.5183684826 0.0683705360 0.9914069772 -0.1115244702 -0.5138401985 0.1308120787 0.8478540182
193.8 -488.0 2604.6 0.8619269729 -0.1404758692 0.4871841371 0.0269623175 0.9721932411 0.2326228023 -0.5063149929 -0.1873682588 0.8417471051
-74.8 369.9 2498.0 0 0 0 0 0 0 0 0 0
264.7 -210.2 2528.2 0 0 0 0 0 0 0 0 0
8.7 -760.5 2790.4 0 0 0 0 0 0 0 0 0
232.2 -753.6 2655.9 0 0 0 0 0 0 0 0 0
67.8 499.6 2695.7 47 0.9324490428 -0.0776768029 0.3528527915 0.0734312534 0.9969761372 0.0254242513 -0.3537606895 0.0022036056 0.9353333712
83.3 300.3 2695.3 0.9324490428 -0.0776768029 0.3528527915 0.0734312534 0.9969761372 0.0254242513 -0.3537606895 0.0022036056 0.9353333712
98.4 102.1 2694.3 0.9324971437 -0.0759749562 0.3530961573 0.0728070885 0.9970974922 0.0222660005 -0.3537629545 0.0049449205 0.9353220463
-47.9 290.1 2745.1 0.8192499280 -0.5679465532 -0.0791594014 0.4681601226 0.7421578169 -0.4796122611 0.3311429024 0.3558630347 0.8739026785
-205.6 199.9 2681.3 -0.4595171809 -0.5679465532 -0.6828474402 -0.6446202397 0.7421578169 -0.1834844649 0.6109899282 0.3558630347 -0.7071440816
214.5 310.6 2645.5 0.2209715098 0.7009999752 0.6780638695 -0.9664584398 0.2506915033 0.0557838902 -0.1308803409 -0.6676471829 0.7328830361
273.4 52.7 2610.6 -0.0337904431 0.7003062963 0.7130422592 -0.9551604986 0.1873556077 -0.2292733788 -0.2941540778 -0.6888170838 0.6625741124
22.8 -104.3 2725.6 0.8708713651 0.0401881374 0.4898652732 -0.0480895527 0.9988366961 0.0035487788 -0.4891528189 -0.0266479310 0.8717909455
6.8 -501.4 2736.2 0.8721615076 -0.0108395750 0.4890979230 -0.0906169936 0.9788748622 0.1832828075 -0.4807523489 -0.2041728050 0.8527547121
192.6 -94.1 2656.8 0.8654909134 -0.0053563765 0.5008959770 0.0655827299 0.9925474524 -0.1027055532 -0.4966129065 0.1217408478 0.8593921065
194.7 -488.7 2608.4 0.8699994683 -0.1378225535 0.4733982086 0.0364398658 0.9754847884 0.2170290053 -0.4917042255 -0.1715645492 0.8536934853
-72.3 386.9 2504.1 0 0 0 0 0 0 0 0 0
264.1 -210.3 2529.6 0 0 0 0 0 0 0 0 0
9.7 -761.6 2790.5 0 0 0 0 0 0 0 0 0
232.2 -754.3 2655.1 0 0 0 0 0 0 0 0 0
69.4 513.5 2696.3 48 0.9319927096 -0.0824091062 0.3529849052 0.0754938200 0.9965887666 0.0333393998 -0.3545282483 -0.0044239010 0.9350348115
85.9 313.7 2697.1 0.9319927096 -0.0824091062 0.3529849052 0.0754938200 0.9965887666 0.0333393998 -0.3545282483 -0.0044239010 0.9350348115
102.1 115.6 2697.4 0.9319481850 -0.0818140134 0.3532407582 0.0760340095 0.9966467619 0.0302340873 -0.3545298278 -0.0013182936 0.9350437522
-45.2 303.0 2747.0 0.8183051348 -0.5681604147 -0.0870081335 0.4655694366 0.7439541221 -0.4793509841 0.3370783329 0.3517470360 0.8732995987
-208.8 210.0 2679.7 -0.4776181281 -0.5681604147 -0.6701303124 -0.6461939812 0.7439541221 -0.1701927632 0.5952430367 0.3517470360 -0.7224678397
217.0 324.5 2647.2 0.2073613405 0.7023538351 0.6809554696 -0.9701647162 0.2370331436 0.0509482883 -0.1256252825 -0.6712036729 0.7305504680
273.8 58.7 2612.8 -0.0361718908 0.7014219165 0.7118278742 -0.9536638856 0.1886678785 -0.2343707085 -0.2986918092 -0.6873221397 0.6620962620
28.0 -102.8 2725.9 0.8703566194 0.0534731336 0.4895099103 -0.0605040826 0.9981668591 -0.0014606060 -0.4886906743 -0.0283460990 0.8719965219
6.7 -499.6 2737.1 0.8710848689 -0.0109616201 0.4910101593 -0.0901140347 0.9792109728 0.1817288548 -0.4827945828 -0.2025481611 0.8519880772
199.0 -89.4 2661.0 0.8648862839 0.0165793728 0.5016939044 0.0470199063 0.9923841953 -0.1138542369 -0.4997607470 0.1220605746 0.8575199246
192.4 -483.8 2612.4 0.8649204969 -0.1406586766 0.4817962945 0.0467822701 0.9783418775 0.2016398609 -0.4997238517 -0.1518629193 0.8527682424
-70.3 397.3 2507.2 0 0 0 0 0 0 0 0 0
263.9 -204.0 2530.6 0 0 0 0 0 0 0 0 0
9.7 -761.3 2791.3 0 0 0 0 0 0 0 0 0
231.4 -754.8 2654.5 0 0 0 0 0 0 0 0 0
72.8 510.9 2695.5 49 0.9263890982 -0.0807445571 0.3678091466 0.0733923987 0.9967248440 0.0339583270 -0.3693464696 -0.0044642258 0.9292810559
88.9 311.8 2696.4 0.9263890982 -0.0807445571 0.3678091466 0.0733923987 0.9967248440 0.0339583270 -0.3693464696 -0.0044642258 0.9292810559
104.6 113.7 2696.8 0.9264577031 -0.0788097829 0.3680559099 0.0725351796 0.9968878627 0.0308750421 -0.3693437278 -0.0019074198 0.9292908907
-41.4 301.6 2748.4 0.8379957676 -0.5364497304 -0.0999241322 0.4165101945 0.7471241355 -0.5180007219 0.3525370657 0.3924629688 0.8495236635
-210.6 217.6 2677.2 -0.4957951903 -0.5364497304 -0.6829413176 -0.6553313136 0.7471241355 -0.1111141294 0.5698490739 0.3924629688 -0.7219728827
219.3 322.0 2644.4 0.2148340791 0.6934160590 0.6877648234 -0.9707626104 0.2288210392 0.0725316405 -0.1070804521 -0.6832386851 0.7223010063
274.6 72.1 2616.9 -0.0370978154 0.6924362183 0.7205246687 -0.9566801190 0.1837421954 -0.2258361131 -0.2887679040 -0.6976896524 0.6556235552
32.9 -89.5 2730.2 0.8628646135 0.0679544061 0.5008460879 -0.0556491725 0.9976691604 -0.0394898020 -0.5023621917 0.0062026815 0.8646350503
5.9 -485.8 2727.8 0.8644142747 -0.0099708159 0.5026813745 -0.1039556935 0.9746544957 0.1980954558 -0.4919158220 -0.2234931290 0.8414687514
203.9 -75.5 2665.2 0.8570766449 0.0271920636 0.5144708157 0.0456539094 0.9906687737 -0.1284178346 -0.5131621361 0.1335515231 0.8478376269
193.1 -469.3 2612.1 0.8581719995 -0.1283947378 0.4970468879 0.0375094526 0.9813131094 0.1887263954 -0.5119901299 -0.1433157474 0.8469514251
-66.6 407.9 2511.7 0 0 0 0 0 0 0 0 0
264.4 -191.4 2537.3 0 0 0 0 0 0 0 0 0
8.7 -761.2 2790.9 0 0 0 0 0 0 0 0 0
230.9 -758.0 2654.2 0 0 0 0 0 0 0 0 0
73.4 508.6 2694.6 50 0.9220671058 -0.0755991936 0.3795747757 0.0664172918 0.9970964193 0.0372482240 -0.3812885880 -0.0091350321 0.9244109392
88.5 309.2 2696.5 0.9220671058 -0.0755991936 0.3795747757 0.0664172918 0.9970964193 0.0372482240 -0.3812885880 -0.0091350321 0.9244109392
102.9 111.0 2697.7 0.9222129583 -0.0722343624 0.3798756301 0.0644499362 0.9973688722 0.0331891328 -0.3812735379 -0.0061244867 0.9244419932
-41.2 300.2 2750.1 0.8517180681 -0.5111837387 -0.1151849106 0.3760923147 0.7494176626 -0.5449107289 0.3648711145 0.4207901657 0.8305448294
-214.5 223.7 2675.9 -0.5139963031 -0.5111837387 -0.6888388395 -0.6589540243 0.7494176626 -0.0644420311 0.5491697192 0.4207901657 -0.7220444679
218.3 318.3 2642.8 0.2206716090 0.6838149428 0.6954863071 -0.9694739580 0.2319224328 0.0795750692 -0.1068842411 -0.6918157935 0.7141194940
275.7 66.0 2615.0 -0.0395111293 0.6826774478 0.7296508551 -0.9584993720 0.1804399639 -0.2207270563 -0.2823435366 -0.7080910206 0.6472164989
35.3 -91.2 2731.1 0.8564475179 0.0757618695 0.5106444955 -0.0595227741 0.9970674515 -0.0480991490 -0.5127910972 0.0107994182 0.8584454656
5.1 -487.5 2726.8 0.8582115769 -0.0105507486 0.5131876469 -0.1111844778 0.9722311497 0.2059238553 -0.5011096597 -0.2337847352 0.8332069516
205.2 -77.9 2663.3 0.8509502411 0.0331380554 0.5241999030 0.0399684049 0.9910289049 -0.1275312901 -0.5237234235 0.1294742227 0.8419917822
192.1 -471.8 2611.8 0.8525792360 -0.1301020086 0.5061443448 0.0281833448 0.9785528779 0.2040587068 -0.5218374729 -0.1597113758 0.8379605412
-64.5 416.0 2515.6 0 0 0 0 0 0 0 0 0
264.8 -197.9 2537.2 0 0 0 0 0 0 0 0 0
8.1 -764.1 2793.3 0 0 0 0 0 0 0 0 0
230.4 -760.5 2658.9 0 0 0 0 0 0 0 0 0
69.4 506.4 2694.7 51 0.9109038115 -0.0746895894 0.4058025777 0.0658265203 0.9971895218 0.0357761420 -0.4073341787 -0.0058760513 0.9132602811
84.3 307.3 2695.9 0.9109038115 -0.0746895894 0.4058025777 0.0658265203 0.9971895218 0.0357761420 -0.4073341787 -0.0058760513 0.9132602811
97.8 109.0 2696.1 0.9111948013 -0.0680622756 0.4063146412 0.0617601536 0.9976806045 0.0286203790 -0.4073202014 -0.0009846850 0.9132848978
-43.9 298.6 2753.2 0.8573268056 -0.4945762157 -0.1427764893 0.3403787613 0.7527139187 -0.5635281801 0.3861775100 0.4345297515 0.8136650920
-217.0 229.9 2675.2 -0.5250793099 -0.4945762157 -0.6925936937 -0.6571748257 0.7527139187 -0.0392805859 0.5407521725 0.4345297515 -0.7202575803
212.5 316.0 2638.6 0.2414590865 0.6637113094 0.7079440355 -0.9657737613 0.2355911881 0.1085259467 -0.0947554782 -0.7099183202 0.6978806257
275.7 63.3 2613.8 -0.0373716205 0.6626585126 0.7479886413 -0.9605955482 0.1824817657 -0.2096583992 -0.2754262090 -0.7263498306 0.6297271848
32.7 -93.2 2733.9 0.8414254189 0.0720033273 0.5355546474 -0.0579941534 0.9973913431 -0.0429792479 -0.5372522473 0.0051047914 0.8434062004
4.0 -489.7 2731.9 0.8431366682 -0.0196640007 0.5373396277 -0.1015230939 0.9755349159 0.1949991435 -0.5280280113 -0.2189633101 0.8205129504
201.9 -81.4 2664.0 0.8363990188 0.0213395171 0.5477054715 0.0576834157 0.9902662039 -0.1266705543 -0.5450773239 0.1375406533 0.8270267844
193.4 -475.1 2609.3 0.8410845995 -0.1385909319 0.5228472948 0.0275193900 0.9763304591 0.2145261467 -0.5402030945 -0.1660462022 0.8249904513
-64.1 421.2 2517.7 0 0 0 0 0 0 0 0 0
265.4 -201.2 2537.9 0 0 0 0 0 0 0 0 0
9.5 -760.5 2792.7 0 0 0 0 0 0 0 0 0
232.7 -752.4 2656.5 0 0 0 0 0 0 0 0 0
68.7 506.7 2694.2 52 0.9102277160 -0.0831406042 0.4056761265 0.0694995522 0.9964134693 0.0482700430 -0.4082343578 -0.0157424249 0.9127414227
85.4 306.3 2697.4 0.9102277160 -0.0831406042 0.4056761265 0.0694995522 0.9964134693 0.0482700430 -0.4082343578 -0.0157424249 0.9127414227
99.7 108.1 2696.0 0.9102941751 -0.0719822571 0.4076555669 0.0686454475 0.9973798990 0.0228283424 -0.4082306921 0.0072031915 0.9128503799
-42.6 296.7 2754.9 0.8667816520 -0.4724436998 -0.1596450508 0.2861481607 0.7333715558 -0.6166728735 0.4084223509 0.4888385832 0.7708618641
-216.7 239.2 2672.9 -0.5319199562 -0.4724436998 -0.7027503848 -0.6794946790 0.7333715558 0.0212878361 0.5053198338 0.4888385832 -0.7111179233
213.5 316.0 2640.0 0.2365544736 0.6646643877 0.7087053061 -0.9670316577 0.2318474948 0.1053398326 -0.0942959115 -0.7102590799 0.6975960732
275.2 63.7 2615.4 -0.0375920609 0.6636096835 0.7471338511 -0.9603044987 0.1828169972 -0.2106971145 -0.2764094174 -0.7253965139 0.6303948760
27.8 -95.0 2733.7 0.8407751918 0.0593221821 0.5381244421 -0.0505364388 0.9982383251 -0.0310855433 -0.5390205383 -0.0010589383 0.8422919512
4.2 -491.9 2734.1 0.8428519368 -0.0154556129 0.5379235744 -0.1036022455 0.9762285948 0.1903793961 -0.5280787945 -0.2161917239 0.8212149143
194.9 -83.7 2659.0 0.8353298903 0.0035357834 0.5497376919 0.0686134622 0.9914897680 -0.1106356159 -0.5454504490 0.1301366389 0.8279784322
193.5 -477.8 2607.2 0.8433853984 -0.1341267377 0.5202990770 0.0182703566 0.9749409556 0.2217122912 -0.5369983912 -0.1774828583 0.8247014880
-61.2 437.8 2525.2 0 0 0 0 0 0 0 0 0
264.9 -200.8 2539.2 0 0 0 0 0 0 0 0 0
8.5 -761.0 2793.7 0 0 0 0 0 0 0 0 0
231.8 -756.0 2657.9 0 0 0 0 0 0 0 0 0
69.2 507.1 2694.5 53 0.9116646051 -0.0892007053 0.4011369646 0.0826201960 0.9960107803 0.0337115563 -0.4025438428 0.0024083827 0.9153975248
87.9 298.6 2694.0 0.9116646051 -0.0892007053 0.4011369646 0.0826201960 0.9960107803 0.0337115563 -0.4025438428 0.0024083827 0.9153975248
100.4 100.3 2695.7 0.9138379693 -0.0628049150 0.4011928439 0.0541100800 0.9979902506 0.0329787619 -0.4024577439 -0.0084286677 0.9153997302
-40.7 291.0 2750.6 0.8850681186 -0.4266051650 -0.1861786544 0.2065812200 0.7184543610 -0.6641893983 0.4171074927 0.5493918061 0.7240096331
-216.0 250.1 2668.0 -0.5447719693 -0.4266051650 -0.7219636440 -0.6890048981 0.7184543610 0.0953707546 0.4780122936 0.5493918061 -0.6853268147
216.5 306.2 2637.4 0.2393206656 0.6661618948 0.7063667178 -0.9656941891 0.2388369590 0.1019392535 -0.1007984355 -0.7065304518 0.7004672885
276.1 65.8 2612.3 -0.0387215056 0.6650977731 0.7457516789 -0.9645568728 0.1700691432 -0.2017584592 -0.2610184550 -0.7271323204 0.6349393129
30.5 -96.5 2732.0 0.8449419737 0.0621586032 0.5312337875 -0.0546767786 0.9980588555 -0.0298159458 -0.5320559144 -0.0038534079 0.8467004895
5.8 -493.3 2733.5 0.8465771675 -0.0106792646 0.5321589112 -0.1044371277 0.9770312905 0.1857491434 -0.5219195485 -0.2128281146 0.8260170221
197.5 -83.9 2657.1 0.8399227262 0.0135093490 0.5425378084 0.0562291406 0.9921436906 -0.1117550731 -0.5397852063 0.1243720651 0.8325644135
192.2 -478.3 2607.7 0.8448901772 -0.1409339160 0.5160408616 0.0249300543 0.9739964604 0.2251875401 -0.5343585610 -0.1773938239 0.8264335394
-57.9 450.0 2529.3 0 0 0 0 0 0 0 0 0
265.4 -199.8 2540.4 0 0 0 0 0 0 0 0 0
8.8 -762.8 2792.2 0 0 0 0 0 0 0 0 0
232.2 -754.6 2658.0 0 0 0 0 0 0 0 0 0
69.9 505.1 2696.1 54 0.9124194384 -0.0766809136 0.4020085037 0.0736321062 0.9970189333 0.0230566189 -0.4025780857 0.0085634254 0.9153456092
85.6 301.3 2694.4 0.9124194384 -0.0766809136 0.4020085037 0.0736321062 0.9970189333 0.0230566189 -0.4025780857 0.0085634254 0.9153456092
97.8 102.9 2693.6 0.9134968519 -0.0616871417 0.4021420479 0.0580971353 0.9980872869 0.0211308487 -0.4026763737 0.0040603383 0.9153333902
-43.0 293.1 2751.1 0.8899207115 -0.4090210199 -0.2018487751 0.1824269891 0.7247825861 -0.6643873453 0.4180448949 0.5544294119 0.7196155190
-220.8 256.6 2667.5 -0.5552673936 -0.4090210199 -0.7241408229 -0.6798288822 0.7247825861 0.1119056940 0.4790728688 0.5544294119 -0.6805124283
214.1 309.5 2637.7 0.2296511531 0.6695230603 0.7063987851 -0.9681971073 0.2311843932 0.0956461206 -0.0992710814 -0.7058984637 0.7013220191
274.7 54.1 2611.6 -0.0367796645 0.6685321927 0.7427731752 -0.9643808603 0.1710868776 -0.2017395049 -0.2619480789 -0.7237361670 0.6384271383
29.0 -103.1 2734.3 0.8438870311 0.0642892420 0.5326551795 -0.0562180392 0.9979252815 -0.0313789956 -0.5335674286 -0.0034645032 0.8457504511
3.5 -499.9 2735.6 0.8452979922 -0.0196719021 0.5339328647 -0.0944475159 0.9780832529 0.1855608970 -0.5258811116 -0.2072828859 0.8249138594
196.7 -93.2 2660.4 0.8394635916 0.0106520969 0.5433115363 0.0632871240 0.9910879731 -0.1172152609 -0.5397180915 0.1327825785 0.8313081264
192.4 -487.2 2607.7 0.8463745713 -0.1390446573 0.5141173601 0.0206353329 0.9731554985 0.2292216867 -0.5321881771 -0.1833984256 0.8265233040
-58.5 455.4 2527.4 0 0 0 0 0 0 0 0 0
264.6 -211.6 2539.4 0 0 0 0 0 0 0 0 0
8.7 -761.8 2791.2 0 0 0 0 0 0 0 0 0
230.9 -756.3 2658.4 0 0 0 0 0 0 0 0 0
65.6 500.6 2697.0 55 0.9126616716 -0.0974702016 0.3969233930 0.0948597267 0.9951443076 0.0262571536 -0.3975553513 0.0136881471 0.9174761176
84.9 303.2 2694.2 0.9126616716 -0.0974702016 0.3969233930 0.0948597267 0.9951443076 0.0262571536 -0.3975553513 0.0136881471 0.9174761176
99.7 105.0 2693.5 0.9148150086 -0.0745105371 0.3969403803 0.0699139759 0.9972125292 0.0260605570 -0.3977757096 0.0039110892 0.9174743295
-43.8 293.4 2750.2 0.8972631097 -0.3962844908 -0.1946215183 0.1720156819 0.7197782397 -0.6725547314 0.4066073596 0.5699806213 0.7139976025
-225.4 258.6 2668.0 -0.5661345124 -0.3962844908 -0.7228072286 -0.6803045869 0.7197782397 0.1382207423 0.4654861987 0.5699806213 -0.6770854592
213.6 313.1 2638.3 0.2316877097 0.6733562946 0.7020769715 -0.9685059786 0.2273252755 0.1015843153 -0.0911974013 -0.7035015821 0.7048181295
274.7 57.7 2614.2 -0.0366706550 0.6723627448 0.7393129468 -0.9639995694 0.1711695939 -0.2034842670 -0.2633631229 -0.7201592326 0.6418804526
26.3 -100.8 2729.7 0.8466296792 0.0560828112 0.5292191505 -0.0591494665 0.9981868267 -0.0111549841 -0.5288851857 -0.0218588877 0.8484118581
4.0 -497.7 2738.4 0.8475620747 -0.0196119826 0.5303337574 -0.0877762884 0.9803726077 0.1765358150 -0.5233868957 -0.1961757988 0.8292051554
193.9 -90.2 2655.8 0.8414558768 0.0025507659 0.5403198004 0.0638954267 0.9925026298 -0.1041916683 -0.5365346074 0.1221966594 0.8349841833
192.9 -484.8 2607.3 0.8477253318 -0.1412301958 0.5112883449 0.0252961256 0.9735703468 0.2269822210 -0.5298318863 -0.1794849634 0.8288928270
-59.3 458.1 2531.4 0 0 0 0 0 0 0 0 0
264.6 -207.8 2541.7 0 0 0 0 0 0 0 0 0
9.3 -763.4 2791.6 0 0 0 0 0 0 0 0 0
231.6 -751.5 2656.4 0 0 0 0 0 0 0 0 0
61.8 496.3 2696.4 56 0.9104517102 -0.1256340295 0.3940733075 0.1235151440 0.9918630123 0.0308500621 -0.3947425783 0.0205865279 0.9185611010
86.8 299.0 2692.3 0.9104517102 -0.1256340295 0.3940733075 0.1235151440 0.9918630123 0.0308500621 -0.3947425783 0.0205865279 0.9185611010
95.7 100.5 2692.6 0.9175666571 -0.0445267148 0.3950808048 0.0402708910 0.9990069270 0.0190626066 -0.3955372572 -0.0015809558 0.9184485674
-42.2 293.3 2747.9 0.9129356742 -0.3657312989 -0.1810774356 0.1524643153 0.7172313929 -0.6799513102 0.3785538971 0.5931439996 0.7105470896
-227.4 262.4 2671.1 -0.5732018948 -0.3657312989 -0.7332667708 -0.6756686568 0.7172313929 0.1704435647 0.4635854065 0.5931439996 -0.6582315564
215.9 304.7 2636.6 0.2290471047 0.6777898073 0.6986690164 -0.9697473049 0.2211358696 0.1033882499 -0.0844252780 -0.7012131214 0.7079353929
273.9 59.3 2615.3 -0.0332000777 0.6769765615 0.7352554202 -0.9630259275 0.1751227528 -0.2047268599 -0.2673552334 -0.7148669362 0.6461318731
30.6 -99.6 2729.2 0.8477413654 0.0635186210 0.5265927911 -0.0626741797 0.9978442192 -0.0194651242 -0.5266939402 -0.0165023822 0.8498947620
5.3 -496.3 2735.8 0.8485372066 -0.0076448219 0.5290804505 -0.0972756818 0.9806000590 0.1701793224 -0.5201172829 -0.1958701462 0.8313319683
198.4 -86.8 2656.2 0.8447113037 0.0158116445 0.5349886417 0.0472873226 0.9934499264 -0.1040250435 -0.5331292152 0.1131693050 0.8384306431
192.2 -481.7 2611.2 0.8470959067 -0.1429581642 0.5118510127 0.0317601152 0.9750363231 0.2197622806 -0.5304901600 -0.1699032784 0.8304896951
-59.8 460.0 2535.6 0 0 0 0 0 0 0 0 0
264.7 -206.0 2541.6 0 0 0 0 0 0 0 0 0
7.4 -764.4 2789.3 0 0 0 0 0 0 0 0 0
231.9 -752.6 2658.4 0 0 0 0 0 0 0 0 0
58.8 495.1 2696.6 57 0.9081299305 -0.1427499056 0.3936019540 0.1436570734 0.9892501235 0.0273272954 -0.3932717443 0.0317269638 0.9188746810
87.5 296.1 2690.2 0.9081299305 -0.1427499056 0.3936019540 0.1436570734 0.9892501235 0.0273272954 -0.3932717443 0.0317269638 0.9188746810
92.7 97.5 2692.2 0.9186218977 -0.0263056718 0.3942611814 0.0202246960 0.9996038675 0.0195718072 -0.3946198523 -0.0100052794 0.9187899828
-41.7 293.2 2745.7 0.9198139906 -0.3372148573 -0.2005700171 0.1146348864 0.7198656201 -0.6845818758 0.3752346337 0.6066957116 0.7007990479
-231.8 269.6 2668.2 -0.5953990221 -0.3372148573 -0.7292366624 -0.6622663736 0.7198656201 0.2078383863 0.4548662007 0.6066957116 -0.6519333124
216.7 298.9 2634.7 0.2268311083 0.6769599319 0.7001948953 -0.9692078829 0.2276409268 0.0938920081 -0.0958318859 -0.6999320388 0.7077509165
274.8 50.9 2610.1 -0.0369812325 0.6759493947 0.7360195518 -0.9623572230 0.1743627042 -0.2084856629 -0.2692601383 -0.7160237432 0.6440566182
20.4 -101.7 2729.2 0.8490692377 0.0431839377 0.5265135765 -0.0508954450 0.9987039566 0.0001629366 -0.5258241296 -0.0269354861 0.8501667380
3.2 -498.7 2739.9 0.8500694036 -0.0151070077 0.5264539719 -0.0842481852 0.9828162789 0.1642388999 -0.5198886991 -0.1839672476 0.8341892958
188.7 -94.3 2656.6 0.8465406299 -0.0102587752 0.5322253108 0.0670458823 0.9939072132 -0.0874832347 -0.5280850530 0.1097416282 0.8420706391
192.8 -489.3 2613.0 0.8517469168 -0.1402835846 0.5048244596 0.0341925435 0.9763193130 0.2136152238 -0.5228365660 -0.1646848768 0.8363736272
-59.2 461.6 2536.3 0 0 0 0 0 0 0 0 0
264.6 -214.2 2536.0 0 0 0 0 0 0 0 0 0
7.3 -765.8 2789.9 0 0 0 0 0 0 0 0 0
231.3 -757.7 2658.3 0 0 0 0 0 0 0 0 0
66.3 494.9 2695.7 58 0.9132517576 -0.1051426753 0.3935940564 0.1127170026 0.9936195016 0.0038944015 -0.3914921880 0.0408081710 0.9192761183
87.6 293.5 2687.4 0.9132517576 -0.1051426753 0.3935940564 0.1127170026 0.9936195016 0.0038944015 -0.3914921880 0.0408081710 0.9192761183
91.5 94.9 2691.7 0.9197085500 -0.0195440240 0.3921151161 0.0095012542 0.9995756745 0.0275361650 -0.3924868703 -0.0215996616 0.9195039272
-41.8 292.2 2742.6 0.9315608740 -0.3043982685 -0.1988365501 0.0885196999 0.7203024626 -0.6879888177 0.3526450694 0.6233025193 0.6979508400
-234.8 273.9 2669.6 -0.6094274521 -0.3043982685 -0.7320791483 -0.6501730680 0.7203024626 0.2417422980 0.4537324607 0.6233025193 -0.6368836761
217.0 294.9 2632.2 0.2221839726 0.6788429022 0.6998618841 -0.9707549214 0.2209672481 0.0938530043 -0.0909350961 -0.7002469897 0.7080854177
274.1 45.2 2608.8 -0.0402529575 0.6776652932 0.7342679501 -0.9625421166 0.1708980650 -0.2104910761 -0.2681274712 -0.7152367234 0.6454022527
13.7 -103.0 2730.4 0.8511021137 0.0235209372 0.5244730115 -0.0327718444 0.9994279146 0.0083602136 -0.5239763260 -0.0243033431 0.8513860106
4.4 -500.3 2740.0 0.8529579043 -0.0113100652 0.5218571424 -0.0859912932 0.9830606580 0.1618554592 -0.5148478746 -0.1829310656 0.8375368118
182.2 -99.3 2658.0 0.8478339314 -0.0300491732 0.5294097662 0.0811026469 0.9939946532 -0.0734645650 -0.5240229368 0.1052222848 0.8451794386
194.2 -494.4 2616.1 0.8543475866 -0.1393902600 0.5006600618 0.0405768864 0.9783102274 0.2031321228 -0.5181155205 -0.1532302201 0.8414729834
-57.9 462.6 2537.9 0 0 0 0 0 0 0 0 0
263.0 -219.9 2535.0 0 0 0 0 0 0 0 0 0
7.4 -764.9 2789.3 0 0 0 0 0 0 0 0 0
231.4 -755.5 2657.0 0 0 0 0 0 0 0 0 0
60.1 493.1 2695.7 59 0.9093698263 -0.1342945993 0.3937149048 0.1421656460 0.9897996187 0.0092543848 -0.3909416795 0.0475570783 0.9191859961
87.3 292.9 2686.1 0.9093698263 -0.1342945993 0.3937149048 0.1421656460 0.9897996187 0.0092543848 -0.3909416795 0.0475570783 0.9191859961
90.5 94.2 2690.9 0.9197179079 -0.0159787759 0.3922546208 0.0051744152 0.9995779395 0.0285860971 -0.3925458491 -0.0242614560 0.9194123745
-42.1 292.2 2741.3 0.9373608232 -0.2889500558 -0.1945831180 0.0797259286 0.7216836214 -0.6876165271 0.3391142786 0.6290314794 0.6995147467
-237.4 275.6 2670.7 -0.6175225973 -0.2889500558 -0.7315556407 -0.6425955296 0.7216836214 0.2573785484 0.4535822272 0.6290314794 -0.6313339472
216.7 293.6 2630.9 0.2184211165 0.6795046329 0.7004039288 -0.9717676044 0.2170732021 0.0924499556 -0.0892187431 -0.7008228302 0.7077339888
273.5 40.9 2607.7 -0.0374292657 0.6785219312 0.7336259484 -0.9614067674 0.1757965684 -0.2116426975 -0.2725731432 -0.7132345438 0.6457556486
11.0 -104.7 2732.0 0.8511762619 0.0174707621 0.5245891809 -0.0272713322 0.9995679855 0.0109599978 -0.5241710544 -0.0236351341 0.8512849808
4.0 -502.0 2741.4 0.8532399535 -0.0105798412 0.5214111805 -0.0846943632 0.9837110043 0.1585545540 -0.5145953894 -0.1794456691 0.8384454846
179.7 -102.9 2660.0 0.8477199078 -0.0321050771 0.5294716358 0.0893268436 0.9925519228 -0.0828338787 -0.5228686333 0.1175159588 0.8442738652
192.5 -497.5 2613.3 0.8561396003 -0.1450083703 0.4959814250 0.0400894545 0.9755651355 0.2160220891 -0.5151872039 -0.1650614440 0.8410332203
-57.0 463.4 2538.1 0 0 0 0 0 0 0 0 0
263.2 -223.9 2532.6 0 0 0 0 0 0 0 0 0
6.9 -766.0 2789.5 0 0 0 0 0 0 0 0 0
230.9 -756.2 2657.1 0 0 0 0 0 0 0 0 0
65.3 492.4 2697.8 60 0.9139884710 -0.1140252426 0.3893884122 0.1300412118 0.9913962483 -0.0149258962 -0.3843362629 0.0642786324 0.9209526777
88.0 294.5 2684.9 0.9139884710 -0.1140252426 0.3893884122 0.1300412118 0.9913962483 -0.0149258962 -0.3843362629 0.0642786324 0.9209526777
91.1 95.8 2690.3 0.9221994877 -0.0154162738 0.3864071071 0.0037494465 0.9995145798 0.0309286565 -0.3866963387 -0.0270735770 0.9218096137
-41.8 294.0 2739.3 0.9365390539 -0.2946415246 -0.1899499148 0.0828913599 0.7125985622 -0.6966579556 0.3406223953 0.6367021799 0.6917995811
-239.6 276.5 2667.4 -0.6276277900 -0.2946415246 -0.7206037045 -0.6467326283 0.7125985622 0.2719195485 0.4333823621 0.6367021799 -0.6378009319
217.8 295.0 2630.5 0.2141789794 0.6810001135 0.7002615333 -0.9706683755 0.2285484970 0.0746224150 -0.1092258394 -0.6957042813 0.7099755406
273.5 42.6 2602.1 -0.0478494987 0.6793183088 0.7322821021 -0.9644551277 0.1593194157 -0.2108166963 -0.2598783970 -0.7163406610 0.6475486755
9.3 -104.9 2731.8 0.8546955585 0.0108509306 0.5190162063 -0.0143586053 0.9998931289 0.0027406942 -0.5189309716 -0.0097948080 0.8547599912
4.9 -502.4 2735.7 0.8582658172 -0.0068468121 0.5131597519 -0.0965342745 0.9799085259 0.1745291054 -0.5040445924 -0.1993298680 0.8403609991
178.0 -104.0 2659.7 0.8507122993 -0.0396185778 0.5241364241 0.0973365381 0.9917830825 -0.0830172226 -0.5165406466 0.1216413900 0.8475784063
193.8 -498.3 2611.4 0.8611176610 -0.1414551884 0.4883306921 0.0370394886 0.9754164219 0.2172346711 -0.5070547462 -0.1689770818 0.8451877236
-56.7 464.9 2541.1 0 0 0 0 0 0 0 0 0
260.3 -223.0 2530.5 0 0 0 0 0 0 0 0 0
6.8 -763.8 2788.8 0 0 0 0 0 0 0 0 0
231.1 -755.5 2655.9 0 0 0 0 0 0 0 0 0
66.8 491.3 2698.3 61 0.9164382219 -0.1098155901 0.3848136067 0.1286076754 0.9914205074 -0.0233556088 -0.3789472878 0.0708939582 0.9226987362
88.5 295.8 2684.3 0.9164382219 -0.1098155901 0.3848136067 0.1286076754 0.9914205074 -0.0233556088 -0.3789472878 0.0708939582 0.9226987362
92.0 97.1 2690.6 0.9244084954 -0.0176452100 0.3809954524 0.0041231848 0.9993332028 0.0362784825 -0.3813815415 -0.0319652222 0.9238649011
-41.6 295.2 2738.0 0.9444754124 -0.2696320713 -0.1877889931 0.0687355697 0.7209960222 -0.6895216703 0.3213122785 0.6383284926 0.6994963288
-239.4 280.8 2670.7 -0.6285467744 -0.2696320713 -0.7295392752 -0.6339678764 0.7209960222 0.2797310948 0.4505704343 0.6383284926 -0.6241177917
218.6 296.4 2630.6 0.2069649547 0.6837928295 0.6997091174 -0.9711939692 0.2299295217 0.0625673756 -0.1181006581 -0.6925025582 0.7116828561
272.7 42.2 2599.7 -0.0584620684 0.6812897325 0.7296755910 -0.9657085538 0.1466165781 -0.2142673880 -0.2529607117 -0.7171804905 0.6493558288
9.5 -103.2 2731.2 0.8576552868 0.0134093110 0.5140501857 -0.0201138090 0.9997697473 0.0074788248 -0.5138315558 -0.0167537611 0.8577274680
4.2 -500.7 2737.8 0.8604233861 -0.0082398821 0.5095131397 -0.0902019069 0.9816171527 0.1682002544 -0.5015328526 -0.1906824857 0.8438631296
178.8 -102.6 2660.2 0.8534110785 -0.0369841754 0.5199246407 0.0978861153 0.9911042452 -0.0901706144 -0.5119646192 0.1278460175 0.8494395614
193.5 -496.6 2609.4 0.8642642498 -0.1449099630 0.4817139804 0.0366137326 0.9731907845 0.2270664573 -0.5017037988 -0.1786080748 0.8463997245
-56.4 465.4 2539.5 0 0 0 0 0 0 0 0 0
256.6 -223.7 2530.0 0 0 0 0 0 0 0 0 0
6.4 -762.1 2788.6 0 0 0 0 0 0 0 0 0
231.9 -754.7 2656.7 0 0 0 0 0 0 0 0 0
65.3 491.6 2697.0 62 0.9160151482 -0.1166208386 0.3838173747 0.1370994598 0.9902072549 -0.0263312198 -0.3769879639 0.0767409503 0.9230335355
88.7 293.2 2681.6 0.9160151482 -0.1166208386 0.3838173747 0.1370994598 0.9902072549 -0.0263312198 -0.3769879639 0.0767409503 0.9230335355
92.7 94.7 2691.7 0.9254757166 -0.0203668177 0.3782590926 -0.0002442088 0.9985212684 0.0543614440 -0.3788069189 -0.0504025705 0.9241021872
-41.6 293.2 2735.0 0.9506289363 -0.2466029674 -0.1883920580 0.0470940135 0.7146773338 -0.6978670955 0.3067356348 0.6545404792 0.6910064816
-239.7 283.4 2671.0 -0.6333035231 -0.2466029674 -0.7335622907 -0.6300775409 0.7146773338 0.3037080467 0.4493650496 0.6545404792 -0.6079866290
218.9 293.2 2628.3 0.2107968926 0.6824793816 0.6998475194 -0.9705929160 0.2312674671 0.0668184012 -0.1162497699 -0.6933521628 0.7111601830
273.5 42.0 2598.3 -0.0731049106 0.6785534024 0.7309042215 -0.9674775004 0.1296988428 -0.2171761394 -0.2421630323 -0.7230100036 0.6470035315
10.7 -101.9 2732.0 0.8592753410 0.0169481765 0.5112324953 -0.0193594024 0.9998124242 -0.0006062607 -0.5111469030 -0.0093762111 0.8594422340
3.9 -499.4 2735.7 0.8624188304 -0.0109206261 0.5060775280 -0.0917343050 0.9798412919 0.1774705797 -0.4978137910 -0.1994786412 0.8440318108
180.3 -101.2 2662.0 0.8540706635 -0.0360894501 0.5189034939 0.1043201312 0.9892058372 -0.1029032767 -0.5095886588 0.1420187503 0.8486165404
194.7 -494.4 2605.5 0.8683073521 -0.1364135891 0.4769000113 0.0241143703 0.9719128609 0.2341023982 -0.4954400063 -0.1917726994 0.8472086191
-56.2 466.0 2540.8 0 0 0 0 0 0 0 0 0
253.3 -224.4 2531.6 0 0 0 0 0 0 0 0 0
6.9 -764.6 2789.7 0 0 0 0 0 0 0 0 0
231.6 -757.7 2657.5 0 0 0 0 0 0 0 0 0
63.4 491.7 2695.4 63 0.9095314145 -0.0961796567 0.4043539762 0.1054148078 0.9944281578 -0.0005794858 -0.4020452499 0.0431519561 0.9146023989
82.6 293.5 2686.8 0.9095314145 -0.0961796567 0.4043539762 0.1054148078 0.9944281578 -0.0005794858 -0.4020452499 0.0431519561 0.9146023989
91.8 95.1 2690.9 0.9146170020 -0.0470042005 0.4015797675 0.0346233808 0.9986763597 0.0380369052 -0.4028361142 -0.0208851509 0.9150338173
-46.1 288.6 2743.4 0.9545014501 -0.2671172321 -0.1325722486 0.1044492796 0.7158715129 -0.6903755069 0.2793158889 0.6451173425 0.7112005949
-249.1 266.4 2684.0 -0.5950990319 -0.2671172321 -0.7579614520 -0.6490829587 0.7158715129 0.2573310435 0.4738654494 0.6451173425 -0.5993956923
211.2 298.4 2630.2 0.2287948281 0.6625722647 0.7131976485 -0.9656764865 0.2470235378 0.0803014785 -0.1229710653 -0.7070907354 0.6963481903
272.7 38.8 2597.1 -0.0804370865 0.6576865315 0.7489848733 -0.9648582339 0.1372082382 -0.2241038531 -0.2501569688 -0.7406904101 0.6235376000
11.8 -103.7 2736.4 0.8452516198 0.0157184824 0.5341373086 -0.0165005550 0.9998583794 -0.0033121381 -0.5341137052 -0.0060139713 0.8453912735
5.6 -501.3 2738.8 0.8486909270 -0.0037796951 0.5288756490 -0.1008094400 0.9804854989 0.1687769145 -0.5191928148 -0.1965550929 0.8317481279
181.7 -103.8 2666.9 0.8384745717 -0.0309015960 0.5440638661 0.1097929031 0.9874967933 -0.1131178290 -0.5337657928 0.1545807719 0.8313837051
194.0 -496.4 2605.5 0.8554022312 -0.1415181756 0.4982565939 0.0194050204 0.9700320959 0.2422006726 -0.5176007152 -0.1975103021 0.8325137496
-78.0 453.0 2547.7 0 0 0 0 0 0 0 0 0
250.5 -226.9 2528.2 0 0 0 0 0 0 0 0 0
6.6 -764.6 2791.6 0 0 0 0 0 0 0 0 0
231.6 -754.2 2658.0 0 0 0 0 0 0 0 0 0
62.3 492.8 2695.6 64 0.9097816944 -0.0806253999 0.4071815908 0.0865093246 0.9962431192 0.0039734179 -0.4059722126 0.0316100605 0.9133386016
78.4 294.7 2689.3 0.9097816944 -0.0806253999 0.4071815908 0.0865093246 0.9962431192 0.0039734179 -0.4059722126 0.0316100605 0.9133386016
89.0 96.3 2689.6 0.9123374820 -0.0539111495 0.4058742821 0.0486143567 0.9985445142 0.0233569480 -0.4065427184 -0.0015781021 0.9136304259
-50.0 287.8 2746.5 0.9452970624 -0.2719616294 -0.1801397204 0.0771498680 0.7229393721 -0.6865904927 0.3169563711 0.6351342201 0.7043743134
-249.6 271.5 2679.5 -0.5992364287 -0.2719616294 -0.7529625297 -0.6436560750 0.7229393721 0.2511285245 0.4760489762 0.6351342201 -0.6082613468
206.7 301.5 2632.2 0.2532742321 0.6544314623 0.7124406099 -0.9571434855 0.2764489055 0.0863270685 -0.1404582858 -0.7037723064 0.6964021921
273.4 49.6 2595.2 -0.0837710425 0.6493913531 0.7558262348 -0.9692306519 0.1230820417 -0.2131731808 -0.2314614505 -0.7504276633 0.6190993190
17.2 -106.4 2731.9 0.8419495225 0.0299991034 0.5387217402 -0.0373998024 0.9992964268 0.0028043208 -0.5382585526 -0.0225091837 0.8424791098
5.3 -503.7 2740.8 0.8437103629 -0.0089259949 0.5367245078 -0.0914670005 0.9828493595 0.1601278931 -0.5289486051 -0.1841941327 0.8284237385
