-243.1 510.1 2324.5 2 0.9698252082 0.0629269257 -0.2355403006 -0.0166350249 0.9809443951 0.1935751587 0.2432330251 -0.1838158518 0.9523914456
-255.9 311.2 2361.8 0.9698252082 0.0629269257 -0.2355403006 -0.0166350249 0.9809443951 0.1935751587 0.2432330251 -0.1838158518 0.9523914456
-267.2 118.4 2394.3 0.9698802233 0.0575194731 -0.2366935015 -0.0157371741 0.9844857454 0.1747573465 0.2430733293 -0.1657688171 0.9557384849
-394.1 313.4 2327.2 0.5034258366 -0.5941084027 -0.6273735762 0.8296789527 0.1296645701 0.5429732203 -0.2412367910 -0.7938654423 0.5581957102
-523.8 99.7 2389.3 -0.3726704121 -0.5941084027 -0.7128478289 0.8302432895 0.1296645701 -0.5421099663 0.4145031571 -0.7938654423 0.4449323416
-117.7 308.9 2396.4 0.0828122720 0.9875851870 0.1334827542 -0.9965583682 0.0815714076 0.0147476466 0.0036761814 -0.1342446506 0.9909414053
-100.0 95.7 2397.2 -0.1503436118 0.9875851870 0.0455226935 0.2431685477 0.0815714076 -0.9665480852 -0.9582619071 -0.1342446506 -0.2524133921
-365.9 -74.3 2403.6 0.9590212107 0.1412058026 -0.2456404418 -0.1478801370 0.9889657497 -0.0088441744 0.2416811436 0.0448070951 0.9693206549
-421.2 -461.7 2386.1 0.9603480697 0.0687447861 -0.2701956928 -0.1312487870 0.9664951563 -0.2205920517 0.2459782809 0.2473080158 0.9371944666
-191.1 -76.9 2449.4 -0.7185337543 -0.0526167937 0.6934989095 -0.0713941380 0.9974467158 0.0017063508 -0.6918179989 -0.0482856855 -0.7204556465
-170.5 -467.6 2468.3 -0.7417716980 -0.0747109950 0.6664780378 0.0940074325 0.9723810554 0.2136298567 -0.6640310884 0.2211184800 -0.7142613530
-423.9 -122.9 2278.2 0 0 0 0 0 0 0 0 0
-138.9 158.7 2149.0 0 0 0 0 0 0 0 0 0
-442.6 -762.2 2309.2 0 0 0 0 0 0 0 0 0
-148.3 -756.3 2402.6 0 0 0 0 0 0 0 0 0
-242.0 510.2 2323.9 3 0.9739765525 0.0638742149 -0.2174619734 -0.0213364735 0.9810461402 0.1925960779 0.2256421596 -0.1829441935 0.9568787813
-255.0 310.9 2361.1 0.9739765525 0.0638742149 -0.2174619734 -0.0213364735 0.9810461402 0.1925960779 0.2256421596 -0.1829441935 0.9568787813
-266.3 118.1 2393.4 0.9741091132 0.0576350689 -0.2186083794 -0.0191924237 0.9845495224 0.1740512699 0.2252622396 -0.1653493047 0.9601648450
-393.8 313.7 2329.0 0.5022143126 -0.5867199898 -0.6352483034 0.8336390853 0.1332391798 0.5359973311 -0.2298404127 -0.7987533808 0.5560273528
-522.7 99.7 2388.0 -0.3648304343 -0.5867199898 -0.7229511738 0.8371045589 0.1332391798 -0.5305687785 0.4076207578 -0.7987533808 0.4425362945
-116.2 308.2 2393.2 0.1033265218 0.9828282595 0.1528797597 -0.9946472049 0.1022156551 0.0151295345 -0.0007569703 -0.1536247134 0.9881289601
-94.4 97.8 2393.0 -0.1762451082 0.9828282595 0.0546466187 0.2734500766 0.1022156551 -0.9564397931 -0.9456017613 -0.1536247134 -0.2867694497
-366.1 -73.0 2404.8 0.9636130333 0.1385530084 -0.2285889983 -0.1456487477 0.9892318249 -0.0143838488 0.2241345793 0.0471541658 0.9734167457
-420.4 -460.5 2386.3 0.9648584127 0.0696162730 -0.2533807755 -0.1301464736 0.9642936587 -0.2306504250 0.2282764465 0.2555216253 0.9394671917
-190.8 -75.9 2448.7 -0.7310071588 -0.0528878123 0.6803171039 -0.0736093074 0.9972859025 -0.0015649496 -0.6783879399 -0.0512216650 -0.7329161763
-170.1 -466.5 2468.8 -0.7535603046 -0.0711345300 0.6535187364 0.0906723067 0.9733790755 0.2105033994 -0.6510955095 0.2178830504 -0.7270498872
-424.9 -124.8 2278.7 0 0 0 0 0 0 0 0 0
-140.1 168.7 2147.7 0 0 0 0 0 0 0 0 0
-442.1 -761.5 2306.6 0 0 0 0 0 0 0 0 0
-148.8 -757.1 2403.7 0 0 0 0 0 0 0 0 0
-241.7 509.5 2323.6 4 0.9768582582 0.0615686923 -0.2048345506 -0.0216607042 0.9812272191 0.1916348487 0.2127879560 -0.1827632338 0.9598535895
-254.1 310.5 2360.7 0.9768582582 0.0615686923 -0.2048345506 -0.0216607042 0.9812272191 0.1916348487 0.2127879560 -0.1827632338 0.9598535895
-265.4 117.7 2393.2 0.9769049287 0.0572697036 -0.2058565319 -0.0208889153 0.9843946099 0.1747309119 0.2126508504 -0.1663953811 0.9628562927
-393.3 313.4 2330.4 0.5070929527 -0.5723925233 -0.6443783641 0.8354258537 0.1425783932 0.5307871699 -0.2119441628 -0.8074887991 0.5504920483
-524.1 98.1 2385.0 -0.3689348102 -0.5723925233 -0.7322936058 0.8346780539 0.1425783932 -0.5319623351 0.4089005291 -0.8074887991 0.4251613617
-114.9 307.5 2391.0 0.1084941253 0.9781356454 0.1774252355 -0.9938511252 0.1106955633 -0.0025264919 -0.0221114382 -0.1760601550 0.9841310382
-91.8 95.2 2386.2 -0.2041002959 0.9781356454 0.0399218909 0.3484421074 0.1106955633 -0.9307709932 -0.9148394465 -0.1760601550 -0.3634166420
-365.6 -73.0 2405.5 0.9665376544 0.1313823760 -0.2203261703 -0.1446333826 0.9884588718 -0.0450583771 0.2118634731 0.0754171386 0.9743850231
-417.1 -460.0 2375.9 0.9680938721 0.0776072294 -0.2382675260 -0.1271427572 0.9714779258 -0.2001632601 0.2159375250 0.2240708172 0.9503490329
-189.6 -76.5 2446.2 -0.7397905588 -0.0494674034 0.6710163355 -0.0736998245 0.9972504377 -0.0077360906 -0.6687886715 -0.0551768728 -0.7414022088
-170.2 -467.1 2467.8 -0.7618827224 -0.0736957565 0.6435088515 0.0855575874 0.9733502269 0.2127657235 -0.6420394182 0.2171595842 -0.7352734804
-425.1 -125.7 2275.3 0 0 0 0 0 0 0 0 0
-144.8 185.8 2148.4 0 0 0 0 0 0 0 0 0
-441.3 -763.8 2305.9 0 0 0 0 0 0 0 0 0
-148.3 -756.7 2403.2 0 0 0 0 0 0 0 0 0
-243.0 509.3 2323.9 5 0.9830074310 0.0627775788 -0.1724975109 -0.0299674571 0.9819788337 0.1865999103 0.1811031997 -0.1782597899 0.9671737552
-255.7 310.1 2360.1 0.9830074310 0.0627775788 -0.1724975109 -0.0299674571 0.9819788337 0.1865999103 0.1811031997 -0.1782597899 0.9671737552
-266.8 117.2 2391.9 0.9832102060 0.0564636029 -0.1735209823 -0.0266218856 0.9851334095 0.1697158962 0.1805240810 -0.1622469574 0.9700963497
-395.8 313.9 2334.4 0.5088554621 -0.5530469418 -0.6597008109 0.8384540677 0.1447322667 0.5254020691 -0.1950920224 -0.8204825521 0.5373522639
-525.4 100.3 2384.1 -0.3755736649 -0.5530469418 -0.7436957955 0.8357505798 0.1447322667 -0.5296918750 0.4005813003 -0.8204825521 0.4078516960
-115.7 306.3 2385.8 0.1552147865 0.9681920409 0.1962461919 -0.9871333838 0.1597319543 -0.0073046284 -0.0384190679 -0.1925873905 0.9805274606
-83.3 100.2 2377.8 -0.2412265390 0.9681920409 0.0664376020 0.3915221393 0.1597319543 -0.9061987400 -0.8879866004 -0.1925873905 -0.4176002145
-364.9 -73.3 2406.6 0.9731919169 0.1362732351 -0.1852755994 -0.1434485018 0.9893207550 -0.0258263201 0.1797775626 0.0517114736 0.9823471904
-418.2 -460.6 2386.4 0.9747894406 0.0754846483 -0.2099706084 -0.1252878904 0.9638518095 -0.2351437956 0.1846308112 0.2555224597 0.9490098953
-188.3 -77.0 2445.1 -0.7612680197 -0.0520697981 0.6463433504 -0.0718455911 0.9974066615 -0.0042686118 -0.6444448829 -0.0496864803 -0.7630347610
-167.9 -467.7 2464.5 -0.7809310555 -0.0673115179 0.6209797859 0.0792241395 0.9754730463 0.2053676695 -0.6195726395 0.2095745802 -0.7564444542
-424.7 -123.8 2276.7 0 0 0 0 0 0 0 0 0
-146.8 203.2 2144.0 0 0 0 0 0 0 0 0 0
-441.6 -759.6 2307.1 0 0 0 0 0 0 0 0 0
-148.0 -756.1 2402.6 0 0 0 0 0 0 0 0 0
-243.3 507.5 2324.6 6 0.9891350865 0.0654465482 -0.1316379905 -0.0411069877 0.9828504324 0.1797642559 0.1411454082 -0.1723998934 0.9748621583
-256.5 308.3 2359.5 0.9891350865 0.0654465482 -0.1316379905 -0.0411069877 0.9828504324 0.1797642559 0.1411454082 -0.1723998934 0.9748621583
-268.2 115.3 2390.5 0.9893966317 0.0593000390 -0.1325812042 -0.0369793512 0.9856200814 0.1648805588 0.1404521167 -0.1582295001 0.9773620963
-397.4 313.6 2339.6 0.4919337630 -0.5460479259 -0.6781097054 0.8537681699 0.1499990523 0.4985781908 -0.1705317646 -0.8242159486 0.5399879217
-522.0 97.2 2382.8 -0.3661682606 -0.5460479259 -0.7534934878 0.8421531320 0.1499990523 -0.5179559588 0.3958520889 -0.8242159486 0.4049310982
-115.7 303.1 2379.5 0.2090120912 0.9501250982 0.2314655185 -0.9768120050 0.2140730321 0.0033238910 -0.0463924147 -0.2267930359 0.9728374481
-73.2 104.6 2370.1 -0.3011526763 0.9501250982 0.0810519233 0.4407798648 0.2140730321 -0.8717142940 -0.8455886841 -0.2267930359 -0.4832646549
-366.7 -73.4 2407.3 0.9805721641 0.1307990551 -0.1461843699 -0.1371259838 0.9899688363 -0.0340318792 0.1402666271 0.0534163900 0.9886718392
-417.9 -461.1 2386.4 0.9823583364 0.0771502331 -0.1703523248 -0.1174178198 0.9634536505 -0.2407698035 0.1455511302 0.2565246224 0.9555155635
-189.1 -78.2 2439.9 -0.7864546776 -0.0515236892 0.6154952049 -0.0784123018 0.9967802763 -0.0167506132 -0.6126504540 -0.0614359938 -0.7879626155
-168.9 -468.6 2464.0 -0.8055963516 -0.0712680444 0.5881627202 0.0653236583 0.9760014415 0.2077353895 -0.5888525248 0.2057718188 -0.7816077471
-423.8 -128.6 2276.6 0 0 0 0 0 0 0 0 0
-153.8 222.5 2143.9 0 0 0 0 0 0 0 0 0
-441.9 -760.2 2306.8 0 0 0 0 0 0 0 0 0
-147.8 -756.8 2403.3 0 0 0 0 0 0 0 0 0
-241.1 506.6 2324.4 7 0.9940178990 0.0742768869 -0.0800706670 -0.0590296164 0.9822001457 0.1783209294 0.0918905437 -0.1725276560 0.9807090759
-256.2 308.1 2359.3 0.9940178990 0.0742768869 -0.0800706670 -0.0590296164 0.9822001457 0.1783209294 0.0918905437 -0.1725276560 0.9807090759
-269.6 115.3 2390.7 0.9943417311 0.0687291995 -0.0809985325 -0.0545756072 0.9846886396 0.1655591726 0.0911370814 -0.1602018476 0.9828679562
-397.6 315.9 2346.3 0.4767361283 -0.5292440057 -0.7018713951 0.8685196638 0.1603929251 0.4689857960 -0.1356327385 -0.8331715465 0.5361239314
-518.8 95.0 2380.8 -0.3566615582 -0.5292440057 -0.7698657513 0.8489424586 0.1603929251 -0.5035580993 0.3899861574 -0.8331715465 0.3920917511
-114.7 300.4 2372.3 0.2563271224 0.9328157902 0.2532806993 -0.9644505978 0.2642479837 0.0028433185 -0.0642766207 -0.2450055480 0.9673886299
-64.2 110.5 2359.6 -0.3479028940 0.9328157902 0.0939057395 0.4832230508 0.2642479837 -0.8346666694 -0.8034046888 -0.2450055480 -0.5426907539
-369.1 -74.4 2408.9 0.9871439338 0.1255847514 -0.0988704488 -0.1302982867 0.9905536175 -0.0427298136 0.0925702676 0.0550631247 0.9941824675
-418.3 -462.4 2387.3 0.9896340370 0.0738579705 -0.1231646016 -0.1030676961 0.9624897242 -0.2509792447 0.1000078470 0.2610718906 0.9601249695
-190.5 -81.1 2434.2 -0.8159012198 -0.0533339344 0.5757262707 -0.0909952298 0.9951724410 -0.0367651321 -0.5709860921 -0.0823850557 -0.8168155551
-169.6 -470.8 2466.5 -0.8371102214 -0.0749244839 0.5418789387 0.0580010340 0.9728355408 0.2241136581 -0.5439506769 0.2190373838 -0.8100248575
-423.2 -132.6 2276.3 0 0 0 0 0 0 0 0 0
-159.1 242.2 2140.5 0 0 0 0 0 0 0 0 0
-441.2 -760.8 2306.4 0 0 0 0 0 0 0 0 0
-147.7 -755.5 2402.4 0 0 0 0 0 0 0 0 0
-243.4 506.4 2327.4 8 0.9964598417 0.0704393461 -0.0458920747 -0.0618339777 0.9839149714 0.1675943881 0.0569591373 -0.1641633809 0.9847872853
-257.6 308.2 2360.4 0.9964598417 0.0704393461 -0.0458920747 -0.0618339777 0.9839149714 0.1675943881 0.0569591373 -0.1641633809 0.9847872853
-270.5 115.2 2390.9 0.9967532754 0.0657204539 -0.0465158634 -0.0575893559 0.9856666327 0.1585711539 0.0562704988 -0.1553774923 0.9862512350
-399.4 316.4 2352.4 0.4682704508 -0.5086633563 -0.7224848270 0.8770221472 0.1680967510 0.4500840306 -0.1074939147 -0.8443962932 0.5248237848
-518.9 92.6 2379.9 -0.3595973253 -0.5086633563 -0.7822731733 0.8496344090 0.1680967510 -0.4998648763 0.3857605457 -0.8443962932 0.3717307448
-115.8 300.0 2368.4 0.2899343967 0.9206809998 0.2613131702 -0.9518335462 0.3058578670 -0.0215382203 -0.0997545198 -0.2424819767 0.9650137424
-59.0 113.6 2348.9 -0.3766002655 0.9206809998 0.1025610268 0.5328673720 0.3058578670 -0.7889887691 -0.7577760816 -0.2424819767 -0.6057870388
-372.8 -72.6 2413.9 0.9908969998 0.1171557903 -0.0663149059 -0.1213995963 0.9905349612 -0.0640518665 0.0581831858 0.0715194046 0.9957407713
-418.7 -460.6 2385.9 0.9936496019 0.0710950270 -0.0872124135 -0.0908892006 0.9640631676 -0.2496424466 0.0663299412 0.2559837699 0.9644027352
-193.4 -82.5 2430.4 -0.8346829414 -0.0598610230 0.5474678874 -0.0974891633 0.9944363832 -0.0399010852 -0.5420334339 -0.0866769403 -0.8358749151
-169.9 -472.0 2464.3 -0.8551328182 -0.0789983571 0.5123544931 0.0439608470 0.9737108350 0.2235052586 -0.5165417194 0.2136502117 -0.8291792870
-422.5 -135.2 2276.4 0 0 0 0 0 0 0 0 0
-163.3 261.2 2138.9 0 0 0 0 0 0 0 0 0
-440.9 -762.3 2305.8 0 0 0 0 0 0 0 0 0
-146.8 -757.2 2401.7 0 0 0 0 0 0 0 0 0
-242.3 506.7 2324.8 9 0.9970052838 0.0761574581 -0.0134351915 -0.0726661086 0.9820277095 0.1741873175 0.0264593940 -0.1726893932 0.9846208692
-257.7 308.7 2359.6 0.9970052838 0.0761574581 -0.0134351915 -0.0726661086 0.9820277095 0.1741873175 0.0264593940 -0.1726893932 0.9846208692
-272.2 116.1 2391.8 0.9971330166 0.0743427947 -0.0141047724 -0.0709981099 0.9836606383 0.1654419005 0.0261737239 -0.1639661789 0.9861186743
-399.6 318.8 2355.9 0.4704503417 -0.4962868989 -0.7296408415 0.8772670031 0.1737557352 0.4474500716 -0.0952843353 -0.8505929112 0.5171195865
-519.2 95.7 2380.1 -0.3622318506 -0.4962868989 -0.7889786959 0.8489637971 0.1737557352 -0.4990685284 0.3847707510 -0.8505929112 0.3583897650
-115.7 298.6 2363.4 0.3084516823 0.9124224186 0.2689662278 -0.9434156418 0.3296225667 -0.0362754688 -0.1217558905 -0.2425577193 0.9624662399
-56.7 118.1 2340.1 -0.3982596993 0.9124224186 0.0942044705 0.5787289739 0.3296225667 -0.7459368110 -0.7116613984 -0.2425577193 -0.6593207121
-373.3 -72.7 2416.2 0.9930390716 0.1107064635 -0.0402183235 -0.1138240919 0.9897749424 -0.0859627873 0.0302904546 0.0899422243 0.9954862595
-416.7 -460.3 2381.0 0.9955509305 0.0751447156 -0.0568476394 -0.0866069347 0.9674142599 -0.2379263490 0.0371163078 0.2417911887 0.9696182013
-193.4 -83.1 2426.4 -0.8516587615 -0.0567980632 0.5210099816 -0.0986657292 0.9937107563 -0.0529523157 -0.5147256255 -0.0965031311 -0.8519064784
-171.2 -472.3 2464.2 -0.8706368804 -0.0816611722 0.4851009250 0.0330714174 0.9741778970 0.2233467251 -0.4908133447 0.2104968727 -0.8454545140
-422.1 -132.0 2277.0 0 0 0 0 0 0 0 0 0
-168.5 280.5 2140.4 0 0 0 0 0 0 0 0 0
-440.2 -763.4 2305.3 0 0 0 0 0 0 0 0 0
-147.3 -757.3 2402.6 0 0 0 0 0 0 0 0 0
-242.6 508.3 2331.5 0 0.9966933131 0.0781810954 -0.0221405234 -0.0738087147 0.9850439429 0.1556944549 0.0339817517 -0.1535454541 0.9875571132
-258.4 308.9 2362.6 0.9966933131 0.0781810954 -0.0221405234 -0.0738087147 0.9850439429 0.1556944549 0.0339817517 -0.1535454541 0.9875571132
-272.9 115.8 2392.0 0.9969960451 0.0741326660 -0.0224330816 -0.0698910803 0.9859203696 0.1519087106 0.0333786309 -0.1498845071 0.9881399274
-400.4 318.9 2357.9 0.4583069086 -0.5017932653 -0.7335927486 0.8841549754 0.1731795669 0.4339110553 -0.0906903818 -0.8474740982 0.5230324268
-517.1 93.8 2381.0 -0.3758548796 -0.5017932653 -0.7790613770 0.8387723565 0.1731795669 -0.5162071586 0.3939467669 -0.8474740982 0.3557999432
-116.4 298.9 2367.4 0.3154300153 0.9083065987 0.2747416794 -0.9283486605 0.3553649485 -0.1090162545 -0.1966537386 -0.2206690609 0.9553179741
-57.2 124.6 2330.4 -0.4058476686 0.9083065987 0.1013249606 0.6208763123 0.3553649485 -0.6987333894 -0.6706715226 -0.2206690609 -0.7081701159
-376.8 -70.2 2421.6 0.9932946563 0.1051717922 -0.0480063967 -0.1094541177 0.9891884923 -0.0976008028 0.0372225232 0.1022008583 0.9940671325
-417.9 -457.6 2381.5 0.9957256913 0.0680948719 -0.0623977073 -0.0810367167 0.9682426453 -0.2365148515 0.0443106741 0.2405604124 0.9696221948
-196.7 -83.0 2426.3 -0.8461393714 -0.0642425343 0.5290756226 -0.1111754328 0.9921457767 -0.0573300831 -0.5212371349 -0.1073294580 -0.8466358185
-171.6 -471.6 2468.3 -0.8696938157 -0.0869249851 0.4858772755 0.0377139337 0.9697909355 0.2410045564 -0.4921486974 0.2279245108 -0.8401429057
-416.3 -131.1 2275.3 0 0 0 0 0 0 0 0 0
-173.0 301.8 2139.1 0 0 0 0 0 0 0 0 0
-439.3 -761.3 2306.1 0 0 0 0 0 0 0 0 0
-145.9 -757.9 2401.0 0 0 0 0 0 0 0 0 0
-243.9 508.1 2334.9 1 0.9966335893 0.0773512721 -0.0271719042 -0.0724264383 0.9859817624 0.1503140926 0.0384179875 -0.1478400975 0.9882647991
-259.4 310.0 2364.6 0.9966335893 0.0773512721 -0.0271719042 -0.0724264383 0.9859817624 0.1503140926 0.0384179875 -0.1478400975 0.9882647991
-274.3 116.8 2393.0 0.9967124462 0.0762436315 -0.0274084117 -0.0714135543 0.9865139127 0.1472768188 0.0382676981 -0.1448353082 0.9887154698
-401.4 320.2 2359.2 0.4714100361 -0.5070753098 -0.7215588689 0.8758889437 0.1737203002 0.4501553178 -0.1029132158 -0.8442131877 0.5260351300
-520.4 99.0 2385.1 -0.3856276274 -0.5070753098 -0.7708216310 0.8302451968 0.1737203002 -0.5296358466 0.4024726152 -0.8442131877 0.3540054858
-117.4 299.8 2370.1 0.3313654959 0.9006963968 0.2809677720 -0.9073144794 0.3858822882 -0.1669589728 -0.2587998509 -0.1996016651 0.9450829625
-53.6 125.1 2320.2 -0.4220864773 0.9006963968 0.1029027402 0.6684222221 0.3858822882 -0.6358510852 -0.6124171615 -0.1996016651 -0.7649211884
-377.5 -70.9 2418.3 0.9934723377 0.1012108028 -0.0526218005 -0.1058840677 0.9898024797 -0.0952872559 0.0424410887 0.1002370641 0.9940580130
-417.1 -458.6 2379.1 0.9954055548 0.0696955845 -0.0656527430 -0.0828878433 0.9704843163 -0.2264725566 0.0479308218 0.2308738530 0.9718024135
-197.3 -83.6 2424.4 -0.8432230353 -0.0676008612 0.5332963467 -0.1124610826 0.9922927618 -0.0520347357 -0.5256685019 -0.1038519740 -0.8443265557
-170.9 -472.2 2465.1 -0.8664704561 -0.0848239511 0.4919693470 0.0369694754 0.9718515277 0.2326755524 -0.4978576005 0.2197943479 -0.8389447331
-417.1 -123.6 2277.2 0 0 0 0 0 0 0 0 0
-174.8 317.1 2144.3 0 0 0 0 0 0 0 0 0
-438.9 -762.5 2306.8 0 0 0 0 0 0 0 0 0
-145.8 -759.1 2400.2 0 0 0 0 0 0 0 0 0
-243.9 509.3 2336.6 2 0.9957551360 0.0772244856 -0.0500813574 -0.0687244684 0.9857451916 0.1535687149 0.0612267219 -0.1494750082 0.9868680239
-259.4 311.5 2366.6 0.9957551360 0.0772244856 -0.0500813574 -0.0687244684 0.9857451916 0.1535687149 0.0612267219 -0.1494750082 0.9868680239
-274.4 118.3 2394.7 0.9957773685 0.0766347051 -0.0505427085 -0.0684391707 0.9866682887 0.1476543695 0.0611843355 -0.1435717791 0.9877467155
-401.2 321.3 2357.9 0.4650320411 -0.5270606875 -0.7113032341 0.8784198165 0.1747765988 0.4447828531 -0.1101083905 -0.8316611052 0.5442572236
-519.1 98.6 2385.8 -0.3789780140 -0.5270606875 -0.7606462240 0.8275871277 0.1747765988 -0.5334348083 0.4140956700 -0.8316611052 0.3699521422
-117.5 301.8 2375.3 0.3411479592 0.8929848671 0.2935917675 -0.8688899875 0.4187361896 -0.2639890611 -0.3586757183 -0.1650396287 0.9187566042
-51.4 133.4 2305.8 -0.4359482825 0.8929848671 0.1119248345 0.7135024667 0.4187361896 -0.5617599487 -0.5485100746 -0.1650396287 -0.8196942210
-379.3 -69.9 2417.9 0.9921276569 0.1008973494 -0.0741786212 -0.1071080491 0.9905942082 -0.0851530135 0.0648891926 0.0924277827 0.9936028123
-418.8 -457.9 2381.7 0.9938559532 0.0655439273 -0.0891869143 -0.0853532776 0.9668696523 -0.2405782789 0.0704636797 0.2467125505 0.9665235281
-199.2 -82.9 2424.8 -0.8302050829 -0.0736079663 0.5525770783 -0.1206260920 0.9914801121 -0.0491579436 -0.5442507863 -0.1074663848 -0.8320108652
-170.3 -471.2 2466.9 -0.8566325903 -0.0787460878 0.5098820329 0.0477595627 0.9719364047 0.2303446382 -0.5137116313 0.2216724604 -0.8288314939
-417.5 -123.3 2274.7 0 0 0 0 0 0 0 0 0
-176.0 337.4 2149.0 0 0 0 0 0 0 0 0 0
-439.3 -760.6 2304.5 0 0 0 0 0 0 0 0 0
-147.1 -758.2 2401.5 0 0 0 0 0 0 0 0 0
-242.0 514.9 2329.4 3 0.9966396689 0.0772050172 0.0273635797 -0.0807511434 0.9820973873 0.1701879203 -0.0137343397 -0.1718256772 0.9850316048
-257.7 315.8 2364.3 0.9966396689 0.0772050172 0.0273635797 -0.0807511434 0.9820973873 0.1701879203 -0.0137343397 -0.1718256772 0.9850316048
-271.7 122.9 2395.1 0.9970359206 0.0723048672 0.0262949988 -0.0755383447 0.9848438501 0.1561297476 -0.0146075273 -0.1576532423 0.9873864651
-399.3 326.6 2366.3 0.4440154433 -0.5186426044 -0.7306573391 0.8929606080 0.1888130605 0.4086208344 -0.0739705265 -0.8338821530 0.5469633341
-514.0 96.0 2385.4 -0.3692069352 -0.5186426044 -0.7711654305 0.8302295208 0.1888130605 -0.5244698524 0.4176185131 -0.8338821530 0.3608812988
-116.0 305.0 2362.2 0.3439709544 0.8929188848 0.2904820144 -0.8612095118 0.4232804179 -0.2813393474 -0.3741685748 -0.1533933133 0.9145864248
-51.7 143.9 2292.2 -0.4410306811 0.8929188848 0.0904862657 0.7538872957 0.4232804179 -0.5024814606 -0.4869762957 -0.1533933133 -0.8598398566
-379.4 -68.8 2417.3 0.9942066669 0.1074812859 0.0009100324 -0.1070436910 0.9908544421 -0.0821529105 -0.0097316103 0.0815795586 0.9966193438
-421.4 -456.9 2385.3 0.9982788563 0.0559064187 -0.0177131500 -0.0585689656 0.9658305645 -0.2524698675 0.0029932153 0.2530727983 0.9674426317
-199.4 -81.2 2428.4 -0.8709179759 -0.0742743835 0.4857830405 -0.1101833060 0.9928585291 -0.0457337126 -0.4789170027 -0.0933554918 -0.8728821278
-170.3 -470.0 2464.9 -0.8910002112 -0.0790288448 0.4470716417 0.0275360569 0.9735132456 0.2269664407 -0.4531670511 0.2145377398 -0.8652243614
-415.0 -126.6 2273.5 0 0 0 0 0 0 0 0 0
-176.5 357.3 2154.3 0 0 0 0 0 0 0 0 0
-439.1 -761.2 2305.6 0 0 0 0 0 0 0 0 0
-147.0 -757.3 2401.6 0 0 0 0 0 0 0 0 0
-243.1 512.0 2333.4 4 0.9974080324 0.0719126090 -0.0024118661 -0.0706361532 0.9849868417 0.1575163901 0.0137030706 -0.1569377482 0.9875134230
-257.7 312.7 2365.1 0.9974080324 0.0719126090 -0.0024118661 -0.0706361532 0.9849868417 0.1575163901 0.0137030706 -0.1569377482 0.9875134230
-271.6 119.6 2394.1 0.9974394441 0.0714503452 -0.0030654594 -0.0702040046 0.9864130020 0.1485287547 0.0136362398 -0.1479332298 0.9889033437
-399.5 322.8 2363.1 0.4587314725 -0.5230993629 -0.7182843685 0.8827131391 0.1755736768 0.4358800054 -0.1018967330 -0.8339909315 0.5422878861
-514.7 101.2 2388.7 -0.3707786500 -0.5230993629 -0.7673918009 0.8342127204 0.1755736768 -0.5227456689 0.4081817567 -0.8339909315 0.3712771833
-115.8 302.7 2367.1 0.3409982324 0.8899515867 0.3028306365 -0.8221464157 0.4385352433 -0.3629905581 -0.4558459222 -0.1251919866 0.8812102079
-52.3 149.7 2282.2 -0.4461596310 0.8899515867 0.0944868624 0.7803211212 0.4385352433 -0.4458540380 -0.4382243156 -0.1251919866 -0.8901047111
-375.6 -63.1 2427.3 0.9928057790 0.1160544455 -0.0294627678 -0.1186003536 0.9869626760 -0.1088052616 0.0164513178 0.1115167886 0.9936263561
-421.1 -449.5 2383.6 0.9975110292 0.0548535138 -0.0443040542 -0.0638105273 0.9696012139 -0.2362237573 0.0299995597 0.2384628654 0.9706881642
-195.9 -76.8 2424.6 -0.8564413190 -0.0643403456 0.5122193098 -0.1064532325 0.9928895235 -0.0532742441 -0.5051494837 -0.1001536623 -0.8572008014
-170.7 -465.7 2463.9 -0.8762913346 -0.0812793747 0.4748759270 0.0295412354 0.9747470021 0.2213495076 -0.4808750451 0.2079950720 -0.8517612815
-415.3 -122.5 2279.3 0 0 0 0 0 0 0 0 0
-180.0 373.1 2156.7 0 0 0 0 0 0 0 0 0
-438.8 -763.0 2306.5 0 0 0 0 0 0 0 0 0
-146.4 -757.6 2401.6 0 0 0 0 0 0 0 0 0
-245.1 510.2 2341.3 5 0.9965325594 0.0693602711 -0.0459563844 -0.0620428324 0.9874823689 0.1450145394 0.0554393679 -0.1416604519 0.9883616567
-259.1 311.5 2369.8 0.9965325594 0.0693602711 -0.0459563844 -0.0620428324 0.9874823689 0.1450145394 0.0554393679 -0.1416604519 0.9883616567
-272.7 118.0 2396.5 0.9964811206 0.0698469207 -0.0463329777 -0.0627727509 0.9882064462 0.1396697313 0.0555420481 -0.1362698078 0.9891135693
-400.9 320.5 2361.9 0.4587738514 -0.5500414968 -0.6978402138 0.8809707165 0.1791906655 0.4379283786 -0.1158323362 -0.8156868815 0.5667784214
-516.8 97.9 2391.2 -0.3652750850 -0.5500414968 -0.7510182858 0.8267112970 0.1791906655 -0.5333283544 0.4279281795 -0.8156868815 0.3892716169
-117.3 302.5 2377.7 0.3544457853 0.8781157136 0.3213736415 -0.7646355033 0.4700127542 -0.4409314692 -0.5382385254 -0.0894474015 0.8380324841
-49.6 156.4 2274.9 -0.4632517695 0.8781157136 0.1196270585 0.7884901762 0.4700127542 -0.3967004120 -0.4045750797 -0.0894474015 -0.9101198316
-375.5 -67.3 2421.8 0.9911006093 0.1132912114 -0.0698902011 -0.1204777211 0.9867109060 -0.1090263128 0.0566096976 0.1164762601 0.9915788770
-419.8 -453.7 2376.2 0.9947468042 0.0625263602 -0.0810507238 -0.0782879665 0.9748153687 -0.2088204026 0.0659527108 0.2140687257 0.9745895863
-195.5 -80.0 2424.3 -0.8331353664 -0.0675280243 0.5489311218 -0.1107158810 0.9927912354 -0.0459075421 -0.5418739915 -0.0990225896 -0.8346059322
-169.0 -468.9 2463.0 -0.8558107018 -0.0745727569 0.5118857026 0.0445949212 0.9752343297 0.2166318148 -0.5153632760 0.2082233280 -0.8312903643
-418.8 -123.7 2276.4 0 0 0 0 0 0 0 0 0
-182.7 382.9 2158.7 0 0 0 0 0 0 0 0 0
-439.6 -761.4 2308.6 0 0 0 0 0 0 0 0 0
-147.1 -756.1 2401.7 0 0 0 0 0 0 0 0 0
-243.8 513.7 2346.8 6 0.9939366579 0.0680039525 -0.0864026397 -0.0560637414 0.9894211292 0.1338008046 0.0945875794 -0.1281454712 0.9872344732
-257.5 314.3 2372.6 0.9939366579 0.0680039525 -0.0864026397 -0.0560637414 0.9894211292 0.1338008046 0.0945875794 -0.1281454712 0.9872344732
-271.2 120.5 2396.6 0.9937361479 0.0704018697 -0.0867875442 -0.0589313172 0.9899834394 0.1282961071 0.0949505195 -0.1223779768 0.9879311919
-398.9 322.8 2359.1 0.4548843801 -0.5676317215 -0.6862028837 0.8814560771 0.1771409959 0.4377856255 -0.1269463450 -0.8039995432 0.5809211135
-516.8 94.4 2392.0 -0.3594094813 -0.5676317215 -0.7406882644 0.8252860308 0.1771409959 -0.5362127423 0.4355776012 -0.8039995432 0.4047923684
-116.1 305.9 2386.1 0.3450813890 0.8717346191 0.3478471041 -0.7267711759 0.4826946557 -0.4886813760 -0.5939044356 -0.0841704011 0.8001205325
-47.3 160.9 2267.6 -0.4771035314 0.8717346191 0.1115839928 0.7970897555 0.4826946557 -0.3628412783 -0.3701622784 -0.0841704011 -0.9251460433
-376.2 -69.9 2418.2 0.9876062870 0.1170501858 -0.1045610979 -0.1255733520 0.9889324307 -0.0790188909 0.0941546857 0.0911696404 0.9913743138
-422.0 -457.1 2382.5 0.9909920096 0.0580671132 -0.1206775159 -0.0841675028 0.9709534645 -0.2239759117 0.1041666195 0.2321154624 0.9670944810
-196.4 -81.3 2428.2 -0.8103638887 -0.0722176507 0.5814593434 -0.1045738235 0.9942681193 -0.0222528782 -0.5765194893 -0.0788383558 -0.8132710457
-168.1 -470.7 2459.1 -0.8318452239 -0.0710766613 0.5504376888 0.0496585444 0.9782565236 0.2013659775 -0.5527817011 0.1948392689 -0.8102284074
-420.4 -126.9 2275.2 0 0 0 0 0 0 0 0 0
-183.5 388.5 2161.9 0 0 0 0 0 0 0 0 0
-440.0 -758.2 2310.5 0 0 0 0 0 0 0 0 0
-147.3 -756.1 2402.2 0 0 0 0 0 0 0 0 0
-245.3 512.2 2347.5 7 0.9888158441 0.0504852124 -0.1403370947 -0.0349968486 0.9932351708 0.1107209176 0.1449775100 -0.1045712382 0.9838934541
-256.6 291.1 2370.8 0.9888158441 0.0504852124 -0.1403370947 -0.0349968486 0.9932351708 0.1107209176 0.1449775100 -0.1045712382 0.9838934541
-265.5 97.5 2398.6 0.9893038869 0.0454426073 -0.1386103928 -0.0249127001 0.9889118075 0.1463995576 0.1437262297 -0.1413804889 0.9794663191
-397.2 294.6 2350.4 0.5119827986 -0.5886415839 -0.6255994439 0.8360630274 0.1743178666 0.5202037096 -0.1971603632 -0.7893759012 0.5813892484
-517.5 98.2 2396.7 -0.3503052592 -0.5886415839 -0.7285515070 0.8250268698 0.1743178666 -0.5375351310 0.4434150755 -0.7893759012 0.4245806634
-115.9 287.5 2391.2 0.3547038436 0.8593485355 0.3683819175 -0.6214506030 0.5110626221 -0.5938131809 -0.6985587478 -0.0183033478 0.7153185606
-49.8 171.7 2261.0 -0.4886659682 0.8593485355 0.1507502049 0.8100852966 0.5110626221 -0.2873617113 -0.3239866793 -0.0183033478 -0.9458845854
-373.2 -71.7 2412.6 0.9806411862 0.1251896918 -0.1505670249 -0.1363186389 0.9884656072 -0.0659769922 0.1405706853 0.0852248445 0.9863957763
-421.8 -455.5 2379.5 0.9841805696 0.0576597899 -0.1675230116 -0.0931373686 0.9727419615 -0.2123641968 0.1507117897 0.2246073782 0.9627239704
-195.2 -78.8 2429.1 -0.7805821300 -0.0669465289 0.6214577556 -0.1091837734 0.9935654998 -0.0301084667 -0.6154432893 -0.0913552269 -0.7828689218
-169.0 -467.9 2464.9 -0.8063753843 -0.0701597854 0.5872276425 0.0674863383 0.9755359888 0.2092250288 -0.5875408649 0.2083437592 -0.7819133997
-423.5 -123.0 2277.8 0 0 0 0 0 0 0 0 0
-189.4 403.1 2168.5 0 0 0 0 0 0 0 0 0
-439.8 -759.0 2309.4 0 0 0 0 0 0 0 0 0
-148.3 -755.9 2403.4 0 0 0 0 0 0 0 0 0
-242.8 520.4 2342.4 8 0.9823578000 0.1084341109 -0.1523654312 -0.0906117782 0.9887002110 0.1194210649 0.1635930538 -0.1035081148 0.9810827374
-269.4 277.9 2367.8 0.9823578000 0.1084341109 -0.1523654312 -0.0906117782 0.9887002110 0.1194210649 0.1635930538 -0.1035081148 0.9810827374
-271.8 84.6 2398.0 0.9885706306 0.0120586865 -0.1502752453 0.0113137653 0.9880509973 0.1537116170 0.1503331661 -0.1536549777 0.9766217470
-410.0 276.3 2346.4 0.4877830148 -0.6041628122 -0.6301230192 0.8466420174 0.1514870226 0.5101460814 -0.2127558291 -0.7823292017 0.5854024291
-516.6 91.1 2393.0 -0.3652920127 -0.6041628122 -0.7082012296 0.8198809028 0.1514870226 -0.5521294475 0.4408594072 -0.7823292017 0.4400045574
-128.7 279.5 2389.2 0.4308355451 0.8310220242 0.3518282175 -0.5400523543 0.5497767925 -0.6372510791 -0.7229967117 0.0845447704 0.6856588125
-49.7 180.5 2256.6 -0.5053829551 0.8310220242 0.2323583513 0.8097622991 0.5497767925 -0.2050133795 -0.2981158793 0.0845447704 -0.9507781863
-363.0 -95.6 2413.8 0.9759829640 0.1509564221 -0.1570648551 -0.1644293517 0.9834117293 -0.0765794441 0.1428992599 0.1005663052 0.9846147299
-421.8 -479.0 2374.6 0.9820824862 0.0661156103 -0.1764730215 -0.1035413370 0.9717357755 -0.2121527046 0.1574585438 0.2266237140 0.9611703753
-185.3 -98.3 2439.4 -0.7772375941 -0.0494354405 0.6272622347 -0.0761780143 0.9969687462 -0.0158192590 -0.6245787740 -0.0600789115 -0.7786474228
-165.9 -488.5 2462.9 -0.7979770899 -0.0604898706 0.5996445417 0.0847489238 0.9738023877 0.2110131532 -0.5966994166 0.2192028910 -0.7719455361
-418.7 -128.7 2274.8 0 0 0 0 0 0 0 0 0
-194.8 412.9 2171.0 0 0 0 0 0 0 0 0 0
-440.9 -759.3 2309.2 0 0 0 0 0 0 0 0 0
-149.4 -754.6 2403.0 0 0 0 0 0 0 0 0 0
-241.8 523.2 2344.8 9 0.9722606540 0.1718990803 -0.1586187780 -0.1557619721 0.9817414284 0.1091876701 0.1744918823 -0.0814521015 0.9812839031
-285.3 274.2 2365.5 0.9722606540 0.1718990803 -0.1586187780 -0.1557619721 0.9817414284 0.1091876701 0.1744918823 -0.0814521015 0.9812839031
-277.9 82.3 2401.6 0.9873355627 -0.0379776210 -0.1540329605 0.0653034896 0.9821434617 0.1764362007 0.1445818245 -0.1842606217 0.9721852541
-425.7 265.0 2345.0 0.4023495615 -0.6041467190 -0.6878383160 0.8982679844 0.1154920012 0.4240002334 -0.1767185330 -0.7884594798 0.5891538262
-514.7 66.4 2384.1 -0.4222209454 -0.6041467190 -0.6758226156 0.7927453518 0.1154920012 -0.5985118151 0.4396410584 -0.7884594798 0.4301713705
-145.0 283.5 2385.9 0.4920712709 0.8105658293 0.3175670803 -0.5104689002 0.5641467571 -0.6489683986 -0.7051860690 0.1572305709 0.6913690567
-50.6 185.7 2250.7 -0.5137492418 0.8105658293 0.2811489403 0.8138347268 0.5641467571 -0.1393251419 -0.2715414464 0.1572305709 -0.9494965672
-363.0 -110.7 2414.8 0.9758264422 0.1586110890 -0.1503505111 -0.1693978459 0.9836081862 -0.0618003681 0.1380837709 0.0857754871 0.9866992831
-425.0 -495.0 2381.2 0.9824478626 0.0576660074 -0.1774000227 -0.1008307934 0.9642770886 -0.2449548244 0.1569372118 0.2585427463 0.9531664848
-185.0 -107.7 2441.7 -0.7788084745 -0.0438339785 0.6257283688 -0.0793048069 0.9964312911 -0.0289034452 -0.6222283840 -0.0721335113 -0.7795053720
-167.8 -497.9 2469.9 -0.8042543530 -0.0708117038 0.5900513530 0.0939959362 0.9652207494 0.2439542860 -0.5868046284 0.2516637444 -0.7696269751
-401.7 -145.7 2266.4 0 0 0 0 0 0 0 0 0
-197.7 418.6 2173.0 0 0 0 0 0 0 0 0 0
-440.9 -761.1 2309.9 0 0 0 0 0 0 0 0 0
-148.9 -755.4 2402.8 0 0 0 0 0 0 0 0 0
-245.0 523.0 2341.1 0 0.9763082266 0.1498551518 -0.1560949832 -0.1331416219 0.9846826792 0.1125757620 0.1705740839 -0.0891259015 0.9813057780
-284.2 265.5 2364.4 0.9763082266 0.1498551518 -0.1560949832 -0.1331416219 0.9846826792 0.1125757620 0.1705740839 -0.0891259015 0.9813057780
-273.0 73.4 2399.6 0.9864945412 -0.0573542602 -0.1534241587 0.0834337175 0.9820160866 0.1693612188 0.1409514099 -0.1798746586 0.9735388160
-424.6 253.6 2344.3 0.3462492228 -0.5259321332 -0.7768570781 0.9326336980 0.1033630893 0.3457028866 -0.1015179008 -0.8442224264 0.5262914300
-503.7 40.7 2367.5 -0.4622731805 -0.5259321332 -0.7139319777 0.7984392643 0.1033630893 -0.5931363702 0.3857437074 -0.8442224264 0.3721428812
-143.8 277.4 2384.4 0.4879592657 0.8117840290 0.3207841516 -0.4728790820 0.5547575951 -0.6845650673 -0.7336764336 0.1823477596 0.6545748115
-50.9 187.4 2244.7 -0.5021899939 0.8117840290 0.2980132401 0.8225644231 0.5547575951 -0.1250270754 -0.2668201029 0.1823477596 -0.9463383555
-359.4 -116.0 2424.8 0.9740435481 0.1722501516 -0.1468641460 -0.1852016300 0.9794775248 -0.0795244873 0.1301520318 0.1046597958 0.9859547615
-426.8 -499.1 2383.8 0.9829308391 0.0526612215 -0.1762773991 -0.0980775878 0.9606411457 -0.2599025965 0.1556525379 0.2727551162 0.9494087100
-181.5 -103.7 2450.6 -0.7813700438 -0.0311877709 0.6232882142 -0.0554897599 0.9982666373 -0.0196126383 -0.6215961576 -0.0499108434 -0.7817462087
-169.3 -494.6 2470.2 -0.8017756343 -0.0787934810 0.5924081206 0.0878702030 0.9649542570 0.2472692281 -0.5911299586 0.2503094673 -0.7667532563
-380.1 -172.7 2264.4 0 0 0 0 0 0 0 0 0
-194.3 422.2 2168.5 0 0 0 0 0 0 0 0 0
-441.3 -764.0 2308.6 0 0 0 0 0 0 0 0 0
-147.8 -758.4 2401.7 0 0 0 0 0 0 0 0 0
-246.0 528.3 2339.7 1 0.9710808396 0.1384953409 -0.1944764107 -0.1215239614 0.9878671169 0.0966976136 0.2055090219 -0.0702676550 0.9761293530
-284.6 252.5 2359.3 0.9710808396 0.1384953409 -0.1944764107 -0.1215239614 0.9878671169 0.0966976136 0.2055090219 -0.0702676550 0.9761293530
-273.0 60.5 2395.6 0.9796801209 -0.0596317388 -0.1914965510 0.0931443349 0.9808434844 0.1710853130 0.1776260287 -0.1854456961 0.9664672017
-424.1 239.2 2334.0 0.3164124787 -0.5067985654 -0.8018967509 0.9422079921 0.0697669834 0.3276837766 -0.1101237461 -0.8592367768 0.4995847642
-496.4 23.8 2359.2 -0.4643788636 -0.5067985654 -0.7262971401 0.8176512122 0.0697669834 -0.5714709759 0.3402922153 -0.8592367768 0.3819861114
-145.2 265.8 2384.5 0.5077479482 0.7976669669 0.3254526556 -0.4099422395 0.5559669137 -0.7230824232 -0.7577198148 0.2337268293 0.6092884541
-49.6 188.5 2241.8 -0.5012314916 0.7976669669 0.3354018629 0.8266540766 0.5559669137 -0.0868550539 -0.2557537556 0.2337268293 -0.9380627871
-350.8 -126.4 2422.1 0.9632036090 0.2002799511 -0.1792393476 -0.2133417428 0.9753345847 -0.0566369556 0.1634750813 0.0927921534 0.9821738601
-429.1 -508.0 2385.8 0.9744573832 0.0447634384 -0.2200661302 -0.1063850299 0.9550156593 -0.2768163085 0.1977753490 0.2931574285 0.9353842139
-172.7 -111.1 2447.5 -0.7573841810 -0.0107173687 0.6528815627 -0.0447397567 0.9983673096 -0.0355122834 -0.6514349580 -0.0561062060 -0.7566270828
-168.5 -502.0 2469.5 -0.7775974274 -0.0801030397 0.6236391068 0.0980273485 0.9642786980 0.2460837811 -0.6210739613 0.2524878085 -0.7419683337
-372.2 -194.9 2268.2 0 0 0 0 0 0 0 0 0
-192.7 424.5 2168.8 0 0 0 0 0 0 0 0 0
-441.2 -764.7 2307.0 0 0 0 0 0 0 0 0 0
-146.9 -762.2 2401.3 0 0 0 0 0 0 0 0 0
-244.5 529.2 2342.0 2 0.9680985212 0.1660436392 -0.1876558214 -0.1516315639 0.9844393134 0.0888093635 0.1994819939 -0.0575216711 0.9782117009
-291.3 251.5 2358.2 0.9680985212 0.1660436392 -0.1876558214 -0.1516315639 0.9844393134 0.0888093635 0.1994819939 -0.0575216711 0.9782117009
-274.8 60.8 2398.9 0.9794183969 -0.0842054561 -0.1834368855 0.1193341762 0.9745438099 0.1897992045 0.1627851576 -0.2077831179 0.9645346999
-430.7 234.5 2335.1 0.2618629038 -0.4759145379 -0.8396030068 0.9624497294 0.0642856658 0.2637382150 -0.0715424046 -0.8771389127 0.4748778343
-492.3 8.3 2351.9 -0.4685303569 -0.4759145379 -0.7443014979 0.8254905343 0.0642856658 -0.5607430339 0.3147136569 -0.8771389127 0.3627431393
-151.9 268.5 2381.3 0.5292162299 0.7967184186 0.2918389142 -0.4088161886 0.5408238173 -0.7351046801 -0.7435048819 0.2697208524 0.6119241118
-49.2 189.2 2237.1 -0.4898213148 0.7967184186 0.3539983630 0.8392762542 0.5408238173 -0.0559011586 -0.2359882295 0.2697208524 -0.9335739017
-349.7 -140.0 2415.9 0.9642947912 0.2069505751 -0.1652482152 -0.2153276205 0.9759392738 -0.0343005881 0.1541737020 0.0686583817 0.9856553674
-430.7 -522.0 2389.1 0.9750512838 0.0451823547 -0.2173327506 -0.1129975840 0.9437487721 -0.3107568920 0.1910667866 0.3275620043 0.9253089428
-172.9 -123.1 2448.0 -0.7650053501 -0.0181051940 0.6437693834 -0.0436898991 0.9987609386 -0.0238287915 -0.6425402761 -0.0463553742 -0.7648484707
-165.8 -514.2 2466.1 -0.7837998271 -0.0725737736 0.6167584062 0.0974159241 0.9664841890 0.2375257313 -0.6133253574 0.2462547123 -0.7504602671
-366.9 -212.6 2267.6 0 0 0 0 0 0 0 0 0
-188.2 427.3 2170.2 0 0 0 0 0 0 0 0 0
-442.3 -763.6 2305.2 0 0 0 0 0 0 0 0 0
-147.0 -764.6 2402.3 0 0 0 0 0 0 0 0 0
-242.5 526.3 2346.1 3 0.9682841897 0.1970475167 -0.1536164880 -0.1871428639 0.9793405533 0.0766138732 0.1655394286 -0.0454357713 0.9851559997
-296.6 257.6 2358.6 0.9682841897 0.1970475167 -0.1536164880 -0.1871428639 0.9793405533 0.0766138732 0.1655394286 -0.0454357713 0.9851559997
-280.8 66.4 2397.6 0.9857996702 -0.0809300542 -0.1471372694 0.1079045311 0.9766530991 0.1857561916 0.1286688000 -0.1989951730 0.9715169668
-436.9 242.2 2340.3 0.2101661265 -0.4263238311 -0.8798171282 0.9774064422 0.0708984956 0.1991232038 -0.0225132555 -0.9017878771 0.4315921068
-489.9 -4.2 2346.0 -0.4847711325 -0.4263238311 -0.7637047172 0.8237687349 0.0708984956 -0.5624752641 0.2939421237 -0.9017878771 0.3168227077
-156.3 273.0 2376.9 0.5543655753 0.7896826267 0.2628310919 -0.4191241264 0.5377187133 -0.7315692306 -0.7190366983 0.2953979373 0.6290677786
-47.0 190.4 2235.2 -0.4878922403 0.7896826267 0.3719711006 0.8423237205 0.5377187133 -0.0367338397 -0.2290239036 0.2953979373 -0.9275171757
-346.8 -140.8 2424.8 0.9673321843 0.2154307514 -0.1336340904 -0.2239279896 0.9732162356 -0.0520229302 0.1188475266 0.0802478641 0.9896643758
-431.1 -521.8 2393.4 0.9809104800 0.0435271449 -0.1895259172 -0.1049328074 0.9390309453 -0.3274293840 0.1637186259 0.3410663903 0.9256727099
-169.9 -119.2 2454.2 -0.7876948714 -0.0056222794 0.6160399318 -0.0298493020 0.9991322160 -0.0290480200 -0.6153420210 -0.0412693396 -0.7871791720
-167.7 -510.5 2470.3 -0.8040803075 -0.0790653899 0.5892397761 0.0922437459 0.9625232220 0.2550297081 -0.5873210430 0.2594180405 -0.7666526437
-360.1 -224.8 2267.3 0 0 0 0 0 0 0 0 0
-185.4 429.2 2170.3 0 0 0 0 0 0 0 0 0
-442.4 -766.3 2304.6 0 0 0 0 0 0 0 0 0
-147.0 -762.5 2402.4 0 0 0 0 0 0 0 0 0
-241.9 525.3 2342.7 4 0.9650058746 0.2065444142 -0.1615643799 -0.1943203956 0.9769566655 0.0882905945 0.1760773361 -0.0538056828 0.9829047322
-299.6 252.2 2357.7 0.9650058746 0.2065444142 -0.1615643799 -0.1943203956 0.9769566655 0.0882905945 0.1760773361 -0.0538056828 0.9829047322
-283.0 63.3 2405.7 0.9846018553 -0.0851418450 -0.1526764035 0.1192550436 0.9657330513 0.2305165827 0.1278180331 -0.2451744825 0.9610161185
-439.9 235.2 2339.6 0.2092144638 -0.4302819073 -0.8781154752 0.9773909450 0.0639156699 0.2015481889 -0.0305971988 -0.9004289508 0.4339257479
-490.6 -1.9 2347.0 -0.4671306014 -0.4302819073 -0.7724289298 0.8377789855 0.0639156699 -0.5422556400 0.2826930881 -0.9004289508 0.3306241632
-159.4 269.2 2375.9 0.5742166638 0.7773336768 0.2569582760 -0.3910785913 0.5361685157 -0.7480513453 -0.7192584276 0.3290526867 0.6118754745
-45.6 191.7 2233.3 -0.4901317656 0.7773336768 0.3943643272 0.8440749645 0.5361685157 -0.0077945692 -0.2175047249 0.3290526867 -0.9189211130
-354.0 -134.6 2424.9 0.9689404964 0.1980503350 -0.1480892152 -0.2079301327 0.9766321778 -0.0543563813 0.1338634044 0.0834603086 0.9874790907
-431.5 -517.0 2392.2 0.9800079465 0.0375831127 -0.1953764707 -0.0984072015 0.9450308084 -0.3118217885 0.1729175448 0.3248142600 0.9298360944
-176.0 -115.0 2448.1 -0.7847806811 -0.0169427730 0.6195420027 -0.0520743318 0.9978941083 -0.0386734642 -0.6175820231 -0.0626124218 -0.7840102911
-169.3 -505.8 2472.6 -0.8064107299 -0.0858333260 0.5850934982 0.0911583975 0.9595408440 0.2664047480 -0.5842875242 0.2681678534 -0.7659596205
-365.5 -226.3 2271.3 0 0 0 0 0 0 0 0 0
-184.2 430.5 2171.8 0 0 0 0 0 0 0 0 0
-441.5 -768.3 2305.9 0 0 0 0 0 0 0 0 0
-146.5 -761.0 2401.3 0 0 0 0 0 0 0 0 0
-242.8 527.7 2347.0 5 0.9605380893 0.1923276484 -0.2009395063 -0.1830728650 0.9810238481 0.0638478249 0.2094061524 -0.0245416965 0.9775207043
-298.1 245.7 2354.0 0.9605380893 0.1923276484 -0.2009395063 -0.1830728650 0.9810238481 0.0638478249 0.2094061524 -0.0245416965 0.9775207043
-281.4 58.8 2409.3 0.9779834747 -0.0862154663 -0.1900401115 0.1352746785 0.9553360939 0.2627426982 0.1588996947 -0.2826656401 0.9459656477
-437.4 226.3 2331.5 0.2145444155 -0.4203597307 -0.8816282749 0.9755379558 0.0479376949 0.2145406902 -0.0479210392 -0.9060903192 0.4203616083
-489.1 -8.7 2343.0 -0.4709850550 -0.4203597307 -0.7755454779 0.8420081735 0.0479376949 -0.5373306274 0.2630500197 -0.9060903192 0.3313683867
