-241.9 516.5 2322.5 0 0.9840305448 0.0687485710 -0.1641873568 -0.0396197438 0.9838585258 0.1745069325 0.1735342294 -0.1652150899 0.9708706737
-255.9 316.3 2356.1 0.9840305448 0.0687485710 -0.1641873568 -0.0396197438 0.9838585258 0.1745069325 0.1735342294 -0.1652150899 0.9708706737
-268.8 123.2 2385.9 0.9840409756 0.0662743002 -0.1651396751 -0.0394680761 0.9862282276 0.1606118083 0.1735098511 -0.1515308619 0.9731047153
-395.9 322.0 2331.4 0.4916257262 -0.6751763821 -0.5499463677 0.8228360415 0.1534652263 0.5471647382 -0.2850350738 -0.7215159535 0.6310068965
-520.7 113.2 2403.8 -0.3231298327 -0.6751763821 -0.6631168723 0.8177500963 0.1534652263 -0.5547370911 0.4763107598 -0.7215159535 0.5025363564
-115.8 310.7 2380.9 0.2900486290 0.9200025201 0.2635661662 -0.9535245895 0.3013056815 -0.0024035561 -0.0816252604 -0.2506196499 0.9646383524
-55.0 111.0 2363.8 -0.3446674347 0.9200025201 0.1865467727 0.3176542521 0.3013056815 -0.8990609646 -0.8833460212 -0.2506196499 -0.3960929811
-375.5 -68.1 2401.6 0.9768076539 0.1083694249 -0.1846697032 -0.1222437471 0.9903399348 -0.0654468909 0.1757933348 0.0865037367 0.9806190729
-418.0 -456.0 2367.7 0.9778376222 0.0744080469 -0.1956962049 -0.1097608581 0.9781569242 -0.1765264422 0.1782866120 0.1940939873 0.9646457434
-197.1 -77.1 2427.4 -0.7642691135 -0.0683030859 0.6412701607 -0.1088677272 0.9937688708 -0.0239006281 -0.6356418729 -0.0880801380 -0.7669428587
-170.3 -466.3 2461.9 -0.7892387509 -0.0736653879 0.6096519828 0.0627666414 0.9779022932 0.1994177401 -0.6108703017 0.1956540197 -0.7671746612
-434.0 -106.1 2276.1 0 0 0 0 0 0 0 0 0
-153.0 201.2 2112.8 0 0 0 0 0 0 0 0 0
-440.9 -757.0 2308.0 0 0 0 0 0 0 0 0 0
-148.3 -758.2 2403.5 0 0 0 0 0 0 0 0 0
-240.7 514.7 2315.4 1 0.9772660136 0.0641768873 -0.2020705789 -0.0243728161 0.9807744026 0.1936171055 0.2106113881 -0.1842903793 0.9600415826
-253.8 314.9 2352.9 0.9772660136 0.0641768873 -0.2020705789 -0.0243728161 0.9807744026 0.1936171055 0.2106113881 -0.1842903793 0.9600415826
-265.6 122.2 2385.9 0.9773195386 0.0599287450 -0.2031133175 -0.0235247053 0.9839099050 0.1771096587 0.2104591727 -0.1683145612 0.9630042315
-392.9 318.2 2323.0 0.4937810600 -0.6854801774 -0.5350674987 0.8132918477 0.1462490112 0.5631763339 -0.3077931106 -0.7132518291 0.6297104359
-516.3 115.0 2399.9 -0.3073267937 -0.6854801774 -0.6600508690 0.8299541473 0.1462490112 -0.5383190513 0.4655387998 -0.7132518291 0.5239708424
-114.7 311.6 2382.9 0.2116615325 0.9508218765 0.2261352539 -0.9770824313 0.2112060636 0.0264948308 -0.0225692708 -0.2265607119 0.9737355113
-70.5 107.3 2378.2 -0.2753654420 0.9508218765 0.1418155134 0.2414990664 0.2112060636 -0.9471378922 -0.9305117130 -0.2265607119 -0.2877814472
-370.7 -66.4 2399.9 0.9679141045 0.1233766079 -0.2189074159 -0.1346714795 0.9901846647 -0.0373893008 0.2121457905 0.0656702146 0.9750289917
-419.0 -454.1 2374.2 0.9690994620 0.0741554052 -0.2352598161 -0.1204625592 0.9745540023 -0.1890325248 0.2152556032 0.2115313113 0.9533727169
-193.0 -73.5 2431.2 -0.7410257459 -0.0577476099 0.6689888239 -0.0972803757 0.9950168133 -0.0218649711 -0.6643924713 -0.0812819898 -0.7429507971
-170.4 -463.2 2463.1 -0.7653908730 -0.0743029490 0.6392619610 0.0726902261 0.9769751430 0.2005884647 -0.6394473314 0.1999966800 -0.7423667908
-433.9 -107.5 2275.1 0 0 0 0 0 0 0 0 0
-147.4 174.8 2118.2 0 0 0 0 0 0 0 0 0
-441.9 -755.4 2308.8 0 0 0 0 0 0 0 0 0
-148.1 -756.3 2403.1 0 0 0 0 0 0 0 0 0
-241.6 513.8 2318.8 2 0.9733147621 0.0545875691 -0.2228870243 -0.0139280958 0.9835566282 0.1800622642 0.2290511578 -0.1721528620 0.9580704570
-252.8 312.6 2354.1 0.9733147621 0.0545875691 -0.2228870243 -0.0139280958 0.9835566282 0.1800622642 0.2290511578 -0.1721528620 0.9580704570
-262.5 119.5 2385.3 0.9734295607 0.0492947772 -0.2236178517 -0.0117513323 0.9860210419 0.1662058383 0.2286849916 -0.1591618657 0.9604012966
-391.4 314.3 2321.5 0.5159878731 -0.6822842956 -0.5179234147 0.7901858687 0.1456991732 0.5952966213 -0.3307005167 -0.7164216042 0.6143103838
-517.5 121.1 2402.3 -0.3063778579 -0.6822842956 -0.6637926698 0.8327573538 0.1456991732 -0.5341225863 0.4611375034 -0.7164216042 0.5235382915
-114.2 310.9 2386.6 0.1752725840 0.9681954384 0.1785417795 -0.9844831228 0.1739283353 0.0232790038 -0.0085148523 -0.1798515469 0.9836568832
-77.8 106.6 2384.9 -0.2124429494 0.9681954384 0.1321576387 0.1917950362 0.1739283353 -0.9659004211 -0.9581663013 -0.1798515469 -0.2226449102
-365.6 -68.3 2399.9 0.9627407789 0.1332711428 -0.2353062630 -0.1460675299 0.9885546565 -0.0377352946 0.2275840789 0.0706999078 0.9711884260
-417.8 -455.5 2372.3 0.9644969702 0.0786757916 -0.2521026134 -0.1266859621 0.9754251838 -0.1802674085 0.2317245454 0.2058052421 0.9507617950
-189.2 -72.5 2437.9 -0.7285471559 -0.0462821573 0.6834303141 -0.0752603188 0.9970829487 -0.0127058206 -0.6808486581 -0.0606919751 -0.7299051881
-171.1 -463.0 2461.7 -0.7491703033 -0.0769921616 0.6578875780 0.0752090141 0.9769109488 0.1999716163 -0.6580938101 0.1992918700 -0.7260821462
-435.4 -102.2 2278.7 0 0 0 0 0 0 0 0 0
-136.5 159.6 2120.0 0 0 0 0 0 0 0 0 0
-442.1 -756.7 2308.7 0 0 0 0 0 0 0 0 0
-148.0 -755.9 2401.9 0 0 0 0 0 0 0 0 0
-241.0 511.8 2314.1 3 0.9625575542 0.0574250035 -0.2649250329 -0.0031032604 0.9795746207 0.2010569125 0.2710595429 -0.1927067190 0.9430751801
-252.8 310.9 2353.6 0.9625575542 0.0574250035 -0.2649250329 -0.0031032604 0.9795746207 0.2010569125 0.2710595429 -0.1927067190 0.9430751801
-262.2 118.3 2387.6 0.9627810717 0.0475759842 -0.2660623789 0.0010750276 0.9837042093 0.1797913462 0.2702804208 -0.1733857244 0.9470406175
-389.8 310.7 2315.1 0.5194295049 -0.6859387755 -0.5095890760 0.7831979394 0.1436581910 0.6049489975 -0.3417513072 -0.7133374810 0.6118461490
-517.6 118.1 2399.2 -0.2981085181 -0.6859387755 -0.6637916565 0.8387944698 0.1436581910 -0.5251534581 0.4555822313 -0.7133374810 0.5325359106
-115.8 311.1 2392.0 0.0878489837 0.9901009798 0.1094651893 -0.9961165190 0.0866679177 0.0155102871 0.0058696303 -0.1104026511 0.9938696027
-97.0 98.3 2393.3 -0.1225818172 0.9901009798 0.0683649778 0.1508151740 0.0866679177 -0.9847555161 -0.9809324741 -0.1104026511 -0.1599461585
-360.0 -72.5 2395.8 0.9495165944 0.1484062076 -0.2763943076 -0.1611046940 0.9866530895 -0.0236840192 0.2691904604 0.0670167878 0.9607524276
-418.2 -458.9 2369.6 0.9523192048 0.0764148161 -0.2953792512 -0.1311108768 0.9766758084 -0.1700420678 0.2754960358 0.2006617486 0.9401259422
-184.2 -74.6 2437.1 -0.6987218261 -0.0332948901 0.7146182656 -0.0757538229 0.9967436790 -0.0276292656 -0.7113713026 -0.0734402314 -0.6989687681
-171.2 -464.9 2465.9 -0.7219856381 -0.0741949379 0.6879184842 0.0920567438 0.9750943184 0.2017836571 -0.6857567430 0.2090124339 -0.6971739531
-437.6 -106.8 2277.0 0 0 0 0 0 0 0 0 0
-130.6 139.6 2124.6 0 0 0 0 0 0 0 0 0
-441.5 -757.6 2308.2 0 0 0 0 0 0 0 0 0
-149.0 -756.1 2403.5 0 0 0 0 0 0 0 0 0
-240.3 511.7 2312.2 4 0.9563268423 0.0564584956 -0.2867949903 0.0034124353 0.9789453149 0.2040941566 0.2922794521 -0.1961593926 0.9359990358
-251.8 311.8 2352.2 0.9563268423 0.0564584956 -0.2867949903 0.0034124353 0.9789453149 0.2040941566 0.2922794521 -0.1961593926 0.9359990358
-261.1 119.3 2387.0 0.9564968944 0.0473049842 -0.2878817320 0.0066276272 0.9829887748 0.1835460961 0.2916671634 -0.1774692535 0.9399122000
-388.0 310.8 2310.7 0.5215799212 -0.6820606589 -0.5125890970 0.7800205946 0.1377550513 0.6104027033 -0.3457199335 -0.7182038426 0.6038716435
-519.3 114.3 2397.8 -0.3153034151 -0.6820606589 -0.6598310471 0.8307287693 0.1377550513 -0.5393637419 0.4587738514 -0.7182038426 0.5231727958
-115.6 312.7 2393.8 0.0648882911 0.9953615665 0.0710269809 -0.9972611666 0.0621512458 0.0400919095 0.0354915299 -0.0734339431 0.9966683388
-101.5 95.8 2401.5 -0.0801510513 0.9953615665 0.0532083735 0.1135650277 0.0621512458 -0.9915847182 -0.9902922511 -0.0734339431 -0.1180197522
-358.5 -74.4 2397.1 0.9418380260 0.1612761468 -0.2948409617 -0.1692593992 0.9855702519 -0.0015803680 0.2903316021 0.0513930507 0.9555450082
-421.6 -460.4 2377.0 0.9449971914 0.0631678402 -0.3209207356 -0.1316919923 0.9716115594 -0.1965406239 0.2993952632 0.2279930264 0.9264888763
-184.7 -74.2 2445.9 -0.6834705472 -0.0351559035 0.7291310430 -0.0509418026 0.9987015724 0.0004018977 -0.7281984091 -0.0368685648 -0.6843739748
-170.9 -465.1 2460.4 -0.7004528642 -0.0736899003 0.7098842263 0.0855949521 0.9788023829 0.1860628426 -0.7085473537 0.1910907477 -0.6792974472
-434.8 -108.4 2274.8 0 0 0 0 0 0 0 0 0
-123.4 126.9 2130.5 0 0 0 0 0 0 0 0 0
-440.9 -756.8 2307.5 0 0 0 0 0 0 0 0 0
-148.9 -757.2 2403.3 0 0 0 0 0 0 0 0 0
-239.8 510.1 2311.7 5 0.9580736160 0.0599650554 -0.2801768780 -0.0007087790 0.9783474803 0.2069678158 0.2865211964 -0.1980918348 0.9373714328
-252.0 310.8 2352.1 0.9580736160 0.0599650554 -0.2801768780 -0.0007087790 0.9783474803 0.2069678158 0.2865211964 -0.1980918348 0.9373714328
-262.2 118.4 2387.3 0.9582193494 0.0517048985 -0.2813224792 0.0018491301 0.9823860526 0.1868533492 0.2860285044 -0.1795666963 0.9412457347
-388.5 310.5 2311.3 0.5240139961 -0.6539621949 -0.5456581116 0.7881034017 0.1293702126 0.6017943025 -0.3229588270 -0.7453836203 0.5831816196
-522.3 109.3 2393.8 -0.3412846029 -0.6539621949 -0.6751727462 0.8288681507 0.1293702126 -0.5442801714 0.4432859123 -0.7453836203 0.4978963733
-115.5 311.0 2392.8 0.0495317839 0.9975231886 0.0499408543 -0.9966737032 0.0461259484 0.0671859458 0.0647159666 -0.0531025752 0.9964898229
-104.8 95.5 2406.8 -0.0571639538 0.9975231886 0.0409849845 0.0917238593 0.0461259484 -0.9947156310 -0.9941423535 -0.0531025752 -0.0941334143
-356.8 -73.9 2395.4 0.9430442452 0.1647561342 -0.2890034914 -0.1711910367 0.9852331281 0.0030535199 0.2852388918 0.0465952046 0.9573231936
-421.3 -459.7 2377.2 0.9463196397 0.0639332607 -0.3168464601 -0.1328481287 0.9705544114 -0.2009366900 0.2946701944 0.2322427928 0.9269480705
-184.0 -72.6 2448.1 -0.6879318953 -0.0275053643 0.7252538800 -0.0514414646 0.9986162782 -0.0109215816 -0.7239499092 -0.0448214263 -0.6883949041
-173.3 -463.6 2465.7 -0.7077214122 -0.0823360234 0.7016773820 0.0926991180 0.9737770557 0.2077622563 -0.7003836632 0.2120826691 -0.6815303564
-430.8 -112.8 2275.0 0 0 0 0 0 0 0 0 0
-120.4 120.6 2135.3 0 0 0 0 0 0 0 0 0
-441.0 -758.8 2305.6 0 0 0 0 0 0 0 0 0
-148.6 -755.0 2402.2 0 0 0 0 0 0 0 0 0
-241.1 510.8 2311.0 6 0.9657826424 0.0616752058 -0.2519128323 -0.0076899636 0.9776958227 0.2098851353 0.2592388391 -0.2007662058 0.9447159171
-253.6 311.6 2351.9 0.9657826424 0.0616752058 -0.2519128323 -0.0076899636 0.9776958227 0.2098851353 0.2592388391 -0.2007662058 0.9447159171
-264.2 119.3 2387.6 0.9659486413 0.0537135564 -0.2530969977 -0.0048709018 0.9818153381 0.1897760630 0.2586880624 -0.1820811182 0.9486448169
-391.2 312.3 2315.1 0.5154625773 -0.6444309354 -0.5648071766 0.8007478714 0.1275445968 0.5852650404 -0.3051247895 -0.7539503574 0.5817711949
-523.0 107.7 2393.0 -0.3466707468 -0.6444309354 -0.6815630198 0.8301064968 0.1275445968 -0.5428218842 0.4367408752 -0.7539503574 0.4907303154
-116.1 310.9 2388.7 0.0335058421 0.9994003177 0.0087401913 -0.9962642789 0.0327017233 0.0799251497 0.0795914009 -0.0113855004 0.9967625737
-108.8 95.0 2406.0 -0.0137180081 0.9994003177 0.0317938477 0.0720119551 0.0327017233 -0.9968675375 -0.9973094463 -0.0113855004 -0.0724173710
-358.9 -74.2 2396.6 0.9509679079 0.1632094681 -0.2627218366 -0.1692076176 0.9855803847 -0.0002091837 0.2588993609 0.0446534641 0.9648715854
-422.8 -460.3 2379.1 0.9546220899 0.0613065027 -0.2914414704 -0.1263717711 0.9695015550 -0.2099925578 0.2696790397 0.2372935116 0.9332550764
-185.7 -73.9 2448.3 -0.7083019018 -0.0361787081 0.7049819231 -0.0567984469 0.9983686209 -0.0058310158 -0.7036208510 -0.0441719964 -0.7092012763
-171.6 -464.9 2465.6 -0.7282252312 -0.0762468949 0.6810833216 0.0916473120 0.9740318656 0.2070331126 -0.6791824698 0.2131861746 -0.7023267150
-430.0 -114.9 2275.9 0 0 0 0 0 0 0 0 0
-112.5 114.6 2135.7 0 0 0 0 0 0 0 0 0
-441.7 -759.6 2305.8 0 0 0 0 0 0 0 0 0
-148.7 -756.6 2401.7 0 0 0 0 0 0 0 0 0
-239.6 510.8 2311.1 7 0.9726950526 0.0646815076 -0.2228915542 -0.0172683578 0.9778875709 0.2084170431 0.2314436138 -0.1988772452 0.9523033500
-252.8 311.9 2351.6 0.9726950526 0.0646815076 -0.2228915542 -0.0172683578 0.9778875709 0.2084170431 0.2314436138 -0.1988772452 0.9523033500
-264.1 119.5 2386.9 0.9728527665 0.0576865412 -0.2241200507 -0.0147427320 0.9819160700 0.1887418628 0.2309549451 -0.1803139001 0.9561101794
-391.3 314.0 2318.7 0.5181893706 -0.6143511534 -0.5950230360 0.8117306828 0.1341377646 0.5684192181 -0.2693939507 -0.7775472403 0.5681964755
-523.2 107.4 2387.2 -0.3493022919 -0.6143511534 -0.7075030208 0.8373831511 0.1341377646 -0.5299023390 0.4204490185 -0.7775472403 0.4675926864
-114.3 309.8 2384.5 0.0255653709 0.9995255470 -0.0171783566 -0.9959282279 0.0269518569 0.0860266164 0.0864487886 0.0149091082 0.9961447120
-108.7 95.0 2403.1 0.0133145591 0.9995255470 0.0277742073 0.0584038943 0.0269518569 -0.9979291558 -0.9982042313 0.0149091082 -0.0580173321
-362.0 -72.5 2399.9 0.9597025514 0.1499960274 -0.2376388311 -0.1584880352 0.9872157574 -0.0169287175 0.2320615649 0.0539094470 0.9712060690
-420.7 -459.2 2378.8 0.9627009034 0.0687500089 -0.2616875172 -0.1245500594 0.9712165594 -0.2030410469 0.2401961833 0.2280609906 0.9435539246
-187.4 -73.4 2446.6 -0.7279307246 -0.0431520641 0.6842914224 -0.0665881336 0.9977491498 -0.0079156477 -0.6824095845 -0.0513277315 -0.7291656733
-170.5 -464.2 2466.7 -0.7493308187 -0.0715596899 0.6583179832 0.0918395370 0.9733059406 0.2103355378 -0.6557963490 0.2180705220 -0.7227561474
-429.5 -117.0 2274.5 0 0 0 0 0 0 0 0 0
-105.2 110.7 2134.9 0 0 0 0 0 0 0 0 0
-442.1 -761.5 2307.8 0 0 0 0 0 0 0 0 0
-149.0 -757.5 2401.0 0 0 0 0 0 0 0 0 0
-238.3 510.5 2309.7 8 0.9616916180 0.0689279214 -0.2653265893 -0.0108444076 0.9766811132 0.2144210935 0.2739190757 -0.2033296674 0.9400135279
-252.3 312.1 2351.0 0.9616916180 0.0689279214 -0.2653265893 -0.0108444076 0.9766811132 0.2144210935 0.2739190757 -0.2033296674 0.9400135279
-264.4 120.0 2387.0 0.9618132114 0.0615351722 -0.2666998208 -0.0090198014 0.9809966087 0.1938150227 0.2735580802 -0.1840082705 0.9440905452
-389.2 313.4 2312.1 0.5185466409 -0.6057932377 -0.6034268737 0.8114222884 0.1260939091 0.5706962347 -0.2696354687 -0.7855666280 0.5569396615
-523.9 102.7 2382.1 -0.3593279719 -0.6057932377 -0.7098577023 0.8375677466 0.1260939091 -0.5315830708 0.4115381539 -0.7855666280 0.4620837867
-115.4 310.8 2389.9 0.0098383296 0.9996168613 -0.0258720890 -0.9981165528 0.0113837440 0.0602805130 0.0605519377 0.0252302997 0.9978461266
-113.4 99.2 2402.8 0.0245201383 0.9996168613 0.0128421374 0.0587176196 0.0113837440 -0.9982097149 -0.9979734421 0.0252302997 -0.0584159903
-363.3 -71.4 2401.4 0.9493064284 0.1392694414 -0.2818178833 -0.1521776617 0.9880535603 -0.0243333336 0.2750622630 0.0659861788 0.9591593146
-417.8 -458.4 2375.6 0.9506685138 0.0751445889 -0.3009694815 -0.1362221539 0.9727920294 -0.1874012500 0.2786985040 0.2191551775 0.9350391030
-187.5 -74.1 2443.1 -0.6970708966 -0.0416590869 0.7157909870 -0.0713924021 0.9973822832 -0.0114775551 -0.7134391069 -0.0591027066 -0.6982202530
-171.2 -464.7 2466.3 -0.7204556465 -0.0757038295 0.6893566251 0.0956641585 0.9736723900 0.2069067210 -0.6868711710 0.2150138468 -0.6942456961
-427.5 -121.9 2271.8 0 0 0 0 0 0 0 0 0
-106.8 114.8 2137.2 0 0 0 0 0 0 0 0 0
-441.3 -761.8 2307.2 0 0 0 0 0 0 0 0 0
-148.4 -757.8 2401.6 0 0 0 0 0 0 0 0 0
-237.2 511.0 2309.5 9 0.9671069384 0.0758111030 -0.2428102344 -0.0215729028 0.9755606651 0.2186687887 0.2534536421 -0.2062379867 0.9451069236
-252.6 312.9 2351.4 0.9671069384 0.0758111030 -0.2428102344 -0.0215729028 0.9755606651 0.2186687887 0.2534536421 -0.2062379867 0.9451069236
-265.9 120.8 2387.5 0.9672647119 0.0678577423 -0.2445287704 -0.0194251053 0.9805570841 0.1952701807 0.2530250251 -0.1841279566 0.9497764111
-390.3 315.6 2315.4 0.5329446793 -0.5568997264 -0.6370499134 0.8086721301 0.1136394516 0.5771788359 -0.2490367442 -0.8227689862 0.5109128356
-527.9 106.9 2379.6 -0.3802702725 -0.5568997264 -0.7384153605 0.8457908034 0.1136394516 -0.5212715268 0.3742090762 -0.8227689862 0.4278069735
-114.9 310.1 2387.4 -0.0061059464 0.9998204708 -0.0179384183 -0.9956094027 -0.0044026636 0.0935012549 0.0934054926 0.0184305720 0.9954575300
-116.2 99.6 2407.2 0.0187022891 0.9998204708 -0.0030485746 0.0727940723 -0.0044026636 -0.9973372817 -0.9971716404 0.0184305720 -0.0728633404
-363.3 -71.4 2398.4 0.9554996490 0.1342366040 -0.2626804113 -0.1471952945 0.9886463284 -0.0301983822 0.2556442916 0.0675198659 0.9644101858
-415.9 -458.6 2371.9 0.9562635422 0.0842592120 -0.2801078260 -0.1387855709 0.9736570120 -0.1809161007 0.2574850917 0.2118784040 0.9427666664
-189.7 -73.0 2447.8 -0.7128811479 -0.0514266975 0.6993967295 -0.0609282628 0.9980783463 0.0112858173 -0.6986330748 -0.0345675796 -0.7146446109
-169.5 -463.8 2461.3 -0.7316062450 -0.0727009624 0.6778398752 0.0841071606 0.9770756960 0.1955737174 -0.6765192747 0.2000941336 -0.7087199688
-426.0 -119.6 2279.4 0 0 0 0 0 0 0 0 0
-111.2 118.9 2142.5 0 0 0 0 0 0 0 0 0
-441.9 -759.6 2306.4 0 0 0 0 0 0 0 0 0
-147.7 -757.6 2401.1 0 0 0 0 0 0 0 0 0
-234.8 510.7 2310.4 0 0.9620935321 0.0821608454 -0.2600493133 -0.0232948344 0.9748132229 0.2218028009 0.2717230320 -0.2073372304 0.9397754073
-251.5 312.4 2352.6 0.9620935321 0.0821608454 -0.2600493133 -0.0232948344 0.9748132229 0.2218028009 0.2717230320 -0.2073372304 0.9397754073
-266.0 120.4 2388.8 0.9622514844 0.0739416555 -0.2619251013 -0.0213170741 0.9799066186 0.1983144432 0.2713258266 -0.1852448881 0.9444928169
-388.5 315.4 2313.9 0.5449045897 -0.5575809479 -0.6262447238 0.8008723259 0.1248705909 0.5856713057 -0.2483596206 -0.8206770420 0.5145937204
-528.5 109.7 2377.7 -0.3749248385 -0.5575809479 -0.7406313419 0.8441618681 0.1248705909 -0.5213426352 0.3831737936 -0.8206770420 0.4238714874
-114.4 309.3 2391.2 0.0020759448 0.9999937415 0.0028640141 -0.9971926808 0.0018557417 0.0748553947 0.0748496130 -0.0030113696 0.9971902966
-114.0 98.7 2407.0 -0.0031993173 0.9999937415 0.0015088053 0.1113718972 0.0018557417 -0.9937770367 -0.9937736392 -0.0030113696 -0.1113771349
-366.6 -69.5 2400.7 0.9515906572 0.1267538816 -0.2800154686 -0.1377925277 0.9902589917 -0.0200092681 0.2747515738 0.0576246716 0.9597869515
-416.2 -457.3 2378.1 0.9511944056 0.0804396644 -0.2979238629 -0.1427237093 0.9706423879 -0.1936059892 0.2736039460 0.2266777456 0.9347502589
-191.8 -73.0 2446.4 -0.6993695498 -0.0534662604 0.7127577662 -0.0673539340 0.9976907372 0.0087512275 -0.7115797400 -0.0418866985 -0.7013556957
-170.9 -463.7 2462.8 -0.7197616696 -0.0741532817 0.6902495623 0.0861842856 0.9770427346 0.1948325336 -0.6888508201 0.1997216493 -0.6968470812
-428.0 -116.6 2275.0 0 0 0 0 0 0 0 0 0
-114.8 128.5 2141.3 0 0 0 0 0 0 0 0 0
-441.3 -760.4 2307.3 0 0 0 0 0 0 0 0 0
-148.7 -756.9 2402.9 0 0 0 0 0 0 0 0 0
-233.5 509.6 2309.8 1 0.9611738920 0.0885372758 -0.2613540590 -0.0289351102 0.9742456079 0.2236252874 0.2744222283 -0.2073804736 0.9389812350
-251.5 311.3 2352.0 0.9611738920 0.0885372758 -0.2613540590 -0.0289351102 0.9742456079 0.2236252874 0.2744222283 -0.2073804736 0.9389812350
-267.3 119.5 2388.6 0.9613621831 0.0804742575 -0.2632615566 -0.0267586056 0.9791065454 0.2015796155 0.2739830911 -0.1867465079 0.9434294105
-388.5 315.1 2313.0 0.5399754643 -0.5600589514 -0.6282996535 0.8068697453 0.1319802105 0.5757972002 -0.2395572364 -0.8178723454 0.5231606960
-527.7 107.0 2374.8 -0.3741753697 -0.5600589514 -0.7391391993 0.8405000567 0.1319802105 -0.5254911184 0.3918577731 -0.8178723454 0.4213458300
-114.5 307.4 2391.1 0.0138013279 0.9996838570 0.0210170876 -0.9960737228 0.0119072124 0.0877234712 0.0874454901 -0.0221452676 0.9959231019
-111.6 98.3 2409.4 -0.0234935638 0.9996838570 0.0089580705 0.1285609454 0.0119072124 -0.9916301370 -0.9914233088 -0.0221452676 -0.1288000494
-367.4 -69.6 2400.6 0.9511387944 0.1225155741 -0.2834164798 -0.1341324747 0.9907219410 -0.0218750127 0.2781068981 0.0588215254 0.9587473869
-415.4 -457.6 2377.6 0.9502020478 0.0831453130 -0.3003380299 -0.1458875835 0.9703051448 -0.1929371059 0.2753777504 0.2271448225 0.9341158271
-193.5 -73.4 2449.6 -0.6980136633 -0.0597562715 0.7135868073 -0.0610092506 0.9978514314 0.0238829926 -0.7134807706 -0.0268647410 -0.7001596093
-170.1 -464.2 2460.2 -0.7164630294 -0.0722239986 0.6938763857 0.0840086639 0.9784563780 0.1885885298 -0.6925483942 0.1934083402 -0.6949603558
-427.4 -118.3 2269.7 0 0 0 0 0 0 0 0 0
-118.0 132.9 2142.7 0 0 0 0 0 0 0 0 0
-441.4 -761.7 2306.4 0 0 0 0 0 0 0 0 0
-148.6 -756.2 2402.4 0 0 0 0 0 0 0 0 0
-234.0 508.8 2310.1 2 0.9530401826 0.0858787447 -0.2904121876 -0.0197067540 0.9745041132 0.2235025465 0.3022019863 -0.2072838247 0.9304339886
-251.5 310.7 2352.2 0.9530401826 0.0858787447 -0.2904121876 -0.0197067540 0.9745041132 0.2235025465 0.3022019863 -0.2072838247 0.9304339886
-266.5 118.9 2388.9 0.9532598853 0.0768247768 -0.2922216654 -0.0170682222 0.9792833328 0.2017741352 0.3016690612 -0.1873554885 0.9348227978
-387.2 313.1 2309.2 0.5393874049 -0.5659675598 -0.6234917045 0.8034274578 0.1242077276 0.5823029876 -0.2521221340 -0.8150172830 0.5217099190
-526.1 106.3 2374.1 -0.3700560033 -0.5659675598 -0.7367084026 0.8451262712 0.1242077276 -0.5199365020 0.3857720792 -0.8150172830 0.4323502481
-115.7 308.3 2395.2 0.0171845835 0.9995563030 0.0243286975 -0.9971427917 0.0153428065 0.0739655197 0.0735594258 -0.0255302507 0.9969639778
-112.0 95.1 2410.9 -0.0275316276 0.9995563030 0.0113668358 0.1488136798 0.0153428065 -0.9887462258 -0.9884819388 -0.0255302507 -0.1491700709
-369.9 -69.9 2400.4 0.9436387420 0.1144398823 -0.3105631471 -0.1268954724 0.9917117953 -0.0201315004 0.3056852818 0.0584059209 0.9503395557
-414.7 -458.3 2377.5 0.9414326549 0.0864151493 -0.3259400725 -0.1566354334 0.9680613279 -0.1957616061 0.2986131907 0.2353501320 0.9249002337
-196.2 -74.7 2449.9 -0.6770253181 -0.0675874799 0.7328496575 -0.0623709075 0.9974610209 0.0343715660 -0.7333120704 -0.0224380773 -0.6795218587
-169.7 -465.4 2458.7 -0.6962406635 -0.0717148632 0.7142169476 0.0886785612 0.9787809849 0.1847264469 -0.7123096585 0.1919497997 -0.6751075983
-426.9 -120.3 2270.7 0 0 0 0 0 0 0 0 0
-119.5 135.5 2142.4 0 0 0 0 0 0 0 0 0
-441.5 -758.3 2304.6 0 0 0 0 0 0 0 0 0
-148.4 -755.5 2401.8 0 0 0 0 0 0 0 0 0
-234.0 507.9 2309.7 3 0.9461395741 0.0828685090 -0.3129740357 -0.0110826874 0.9744113684 0.2244986594 0.3235693276 -0.2089384645 0.9228475690
-250.8 309.8 2352.2 0.9461395741 0.0828685090 -0.3129740357 -0.0110826874 0.9744113684 0.2244986594 0.3235693276 -0.2089384645 0.9228475690
-265.4 118.0 2389.2 0.9462608695 0.0745188370 -0.3147018850 -0.0095767658 0.9791211486 0.2030520141 0.3232624531 -0.1891263425 0.9272176623
-385.6 311.1 2306.1 0.5542447567 -0.5557259917 -0.6196622849 0.7907782197 0.1192155704 0.6003810763 -0.2597739697 -0.8227735162 0.5055305958
-526.9 109.6 2372.3 -0.3671065569 -0.5557259917 -0.7459232211 0.8527652621 0.1192155704 -0.5085066557 0.3715160191 -0.8227735162 0.4301390052
-116.0 308.4 2398.2 0.0103197256 0.9992297292 0.0378614664 -0.9975752234 0.0076816832 0.0691715628 0.0688274428 -0.0384834893 0.9968860745
-113.8 95.4 2412.9 -0.0392103121 0.9992297292 0.0015933245 0.1556197852 0.0076816832 -0.9877871871 -0.9870384932 -0.0384834893 -0.1558011174
-367.7 -71.3 2398.4 0.9357507229 0.1181458086 -0.3322832286 -0.1329948902 0.9908676147 -0.0222196113 0.3266235292 0.0649839863 0.9429178834
-414.0 -459.5 2372.9 0.9332307577 0.0949730650 -0.3464974761 -0.1635358036 0.9710169435 -0.1743048579 0.3199006319 0.2193313986 0.9217143655
-195.5 -74.4 2452.9 -0.6606790423 -0.0635924265 0.7479700446 -0.0564017370 0.9977940321 0.0350130349 -0.7485466599 -0.0190544333 -0.6628082991
-170.5 -465.3 2460.3 -0.6802166104 -0.0741087720 0.7292552590 0.0953255370 0.9774840474 0.1882498115 -0.7267863154 0.1975672990 -0.6578364372
-428.4 -119.1 2272.7 0 0 0 0 0 0 0 0 0
-124.6 138.1 2141.8 0 0 0 0 0 0 0 0 0
-443.2 -758.0 2305.5 0 0 0 0 0 0 0 0 0
-148.6 -755.2 2401.7 0 0 0 0 0 0 0 0 0
-230.3 509.4 2309.0 4 0.9554681778 0.0828092024 -0.2832369506 -0.0185473971 0.9747735262 0.2224242687 0.2945106626 -0.2072660178 0.9329010248
-247.3 309.5 2351.5 0.9554681778 0.0828092024 -0.2832369506 -0.0185473971 0.9747735262 0.2224242687 0.2945106626 -0.2072660178 0.9329010248
-261.5 117.6 2387.8 0.9557183385 0.0728288591 -0.2851287127 -0.0154055273 0.9799464345 0.1986647844 0.2938793898 -0.1854750365 0.9376747608
-383.4 311.7 2309.6 0.5565078259 -0.5605920553 -0.6132173538 0.7911561728 0.1321717501 0.5971621275 -0.2537143230 -0.8174760938 0.5170704722
-522.5 113.9 2373.1 -0.3400963247 -0.5605920553 -0.7550305128 0.8633346558 0.1321717501 -0.4870152771 0.3728106022 -0.8174760938 0.4390274286
-111.2 307.3 2393.3 -0.0103021320 0.9976179004 0.0682086498 -0.9930062294 -0.0182297714 0.1166459769 0.1176115349 -0.0665299147 0.9908285737
-113.4 94.5 2418.5 -0.0626485720 0.9976179004 -0.0288740452 0.1642597914 -0.0182297714 -0.9862486720 -0.9844256639 -0.0665299147 -0.1627264321
-365.5 -72.9 2397.1 0.9452872872 0.1249426380 -0.3013657331 -0.1348548383 0.9907899499 -0.0122265136 0.2970625162 0.0521981940 0.9534302354
-414.4 -461.0 2376.6 0.9430553913 0.0954039842 -0.3186606467 -0.1610777229 0.9691517949 -0.1865441203 0.2910335064 0.2272505611 0.9293313026
-194.5 -74.6 2455.5 -0.6840283275 -0.0635436997 0.7266824841 -0.0430732258 0.9979788661 0.0467218608 -0.7281826138 0.0006585150 -0.6853828430
-169.6 -465.5 2455.2 -0.6979057789 -0.0714771748 0.7126138806 0.0769236535 0.9817702174 0.1738102734 -0.7120465636 0.1761200577 -0.6796848178
-431.3 -117.5 2273.1 0 0 0 0 0 0 0 0 0
-130.8 140.3 2143.8 0 0 0 0 0 0 0 0 0
-443.6 -757.1 2307.2 0 0 0 0 0 0 0 0 0
-148.4 -756.9 2402.9 0 0 0 0 0 0 0 0 0
-235.3 507.5 2310.6 5 0.9430217147 0.0715155825 -0.3249548078 -0.0013286424 0.9774299264 0.2112556398 0.3327286243 -0.1987868994 0.9218326807
-249.9 307.5 2351.3 0.9430217147 0.0715155825 -0.3249548078 -0.0013286424 0.9774299264 0.2112556398 0.3327286243 -0.1987868994 0.9218326807
-262.9 115.5 2387.6 0.9430734515 0.0659451932 -0.3259811699 -0.0005915182 0.9804762602 0.1966366619 0.3325840235 -0.1852499843 0.9247001410
-384.2 307.6 2304.0 0.5499622822 -0.5893934965 -0.5917404890 0.7860708237 0.1258905828 0.6051811576 -0.2821952999 -0.7979767323 0.5325400829
-522.8 109.4 2375.1 -0.3481618762 -0.5893934965 -0.7289709449 0.8517552614 0.1258905828 -0.5085906982 0.3915306330 -0.7979767323 0.4581887424
-115.7 307.5 2398.6 0.0325425304 0.9957656860 0.0859749168 -0.9952487946 0.0243871231 0.0942606851 0.0917648748 -0.0886339098 0.9918282032
-108.8 95.4 2418.2 -0.0914643854 0.9957656860 0.0092178462 0.1661512256 0.0243871231 -0.9857986569 -0.9818493128 -0.0886339098 -0.1676782519
-362.1 -73.0 2397.6 0.9317720532 0.1343078613 -0.3372865319 -0.1406352073 0.9900449514 0.0057246764 0.3346976638 0.0421002693 0.9413846135
-414.7 -460.7 2381.1 0.9290128946 0.0986947268 -0.3566432893 -0.1727902144 0.9679537416 -0.1822336465 0.3272286952 0.2309218794 0.9162949920
-189.5 -75.7 2450.7 -0.6526789069 -0.0532224290 0.7557629347 -0.0610498600 0.9979802966 0.0175570678 -0.7551709414 -0.0346800946 -0.6546098590
-168.7 -466.4 2464.2 -0.6743632555 -0.0660433248 0.7354403138 0.1099296585 0.9759131670 0.1884382367 -0.7301709652 0.2079225332 -0.6508598924
-429.5 -118.9 2270.2 0 0 0 0 0 0 0 0 0
-134.3 141.8 2143.8 0 0 0 0 0 0 0 0 0
-445.0 -757.2 2310.4 0 0 0 0 0 0 0 0 0
-149.2 -754.0 2403.0 0 0 0 0 0 0 0 0 0
-236.6 507.4 2317.5 6 0.9497118592 0.0718056262 -0.3047808111 -0.0105616720 0.9801433682 0.1980087310 0.3129470348 -0.1848322451 0.9316121340
-251.2 308.0 2355.1 0.9497118592 0.0718056262 -0.3047808111 -0.0105616720 0.9801433682 0.1980087310 0.3129470348 -0.1848322451 0.9316121340
-263.8 115.4 2388.4 0.9499018192 0.0640809759 -0.3059087992 -0.0078171464 0.9833211303 0.1817099005 0.3124507368 -0.1702152193 0.9345594049
-386.4 309.1 2310.6 0.5493608713 -0.5817594528 -0.5997987390 0.7905160785 0.1292902380 0.5986387730 -0.2707156539 -0.8030192852 0.5309172273
-523.7 111.5 2378.2 -0.3503550887 -0.5817594528 -0.7340348959 0.8511629701 0.1292902380 -0.5087293983 0.3908616900 -0.8030192852 0.4498746395
-115.9 306.9 2399.5 0.0401759632 0.9939638376 0.1020873785 -0.9962043166 0.0319503509 0.0809696168 0.0772191435 -0.1049529240 0.9914746881
-107.4 95.3 2415.9 -0.1088790819 0.9939638376 0.0134642497 0.1698757410 0.0319503509 -0.9849474430 -0.9794322848 -0.1049529240 -0.1723290682
-360.9 -76.5 2393.9 0.9391528368 0.1369551271 -0.3150162101 -0.1420741826 0.9898328185 0.0067720902 0.3127408624 0.0383956432 0.9490621090
-414.6 -464.2 2378.9 0.9369374514 0.0975585505 -0.3356047273 -0.1672487557 0.9683184624 -0.1854380220 0.3068811893 0.2298732996 0.9235703349
-190.7 -76.6 2453.9 -0.6681032777 -0.0545909442 0.7420632243 -0.0575622655 0.9981081486 0.0216021072 -0.7418386936 -0.0282824039 -0.6699817181
-169.3 -467.4 2465.0 -0.6894358397 -0.0699729696 0.7209590673 0.1065249741 0.9747065306 0.1964678019 -0.7164709568 0.2122520953 -0.6645437479
-429.8 -116.7 2273.4 0 0 0 0 0 0 0 0 0
-137.7 142.7 2142.7 0 0 0 0 0 0 0 0 0
-444.2 -757.8 2309.1 0 0 0 0 0 0 0 0 0
-148.6 -756.1 2402.2 0 0 0 0 0 0 0 0 0
-236.2 507.1 2313.4 7 0.9624448419 0.0765351579 -0.2604655027 -0.0194728002 0.9764287472 0.2149598598 0.2707780004 -0.2018150240 0.9412491322
-251.9 307.4 2354.6 0.9624448419 0.0765351579 -0.2604655027 -0.0194728002 0.9764287472 0.2149598598 0.2707780004 -0.2018150240 0.9412491322
-265.1 115.4 2390.7 0.9627165198 0.0676472038 -0.2619174719 -0.0157853570 0.9806261659 0.1952515543 0.2700513601 -0.1838374287 0.9451328516
-388.9 309.7 2316.2 0.5394643545 -0.5728468299 -0.6171099544 0.8055115342 0.1376690269 0.5763665438 -0.2452128381 -0.8080183864 0.5357022882
-524.0 108.0 2377.6 -0.3603370190 -0.5728468299 -0.7362090349 0.8431287408 0.1376690269 -0.5197895765 0.3991129994 -0.8080183864 0.4333764017
-114.9 305.1 2393.1 0.0125154564 0.9947588444 0.1014800072 -0.9940596223 0.0014046449 0.1088276207 0.1081146970 -0.1022392064 0.9888672233
-112.2 94.4 2416.0 -0.1011133492 0.9947588444 -0.0151959993 0.1621175259 0.0014046449 -0.9867704511 -0.9815772772 -0.1022392064 -0.1614098698
-362.1 -76.5 2393.5 0.9516488314 0.1345175207 -0.2761693597 -0.1416310519 0.9899020791 -0.0058799414 0.2725896537 0.0447097979 0.9610909820
-414.8 -464.2 2376.0 0.9504012465 0.0934726596 -0.2966485322 -0.1555986702 0.9687302113 -0.1932636499 0.2693075240 0.2298361212 0.9352266192
-190.6 -77.8 2450.0 -0.7006446123 -0.0534756184 0.7115036845 -0.0662266687 0.9977567196 0.0097740861 -0.7104302645 -0.0402723588 -0.7026144266
-169.6 -468.6 2465.7 -0.7226467729 -0.0723028407 0.6874255538 0.0966914371 0.9741617441 0.2041070610 -0.6844211817 0.2139654756 -0.6969838142
-427.4 -118.1 2270.6 0 0 0 0 0 0 0 0 0
-140.4 139.6 2142.8 0 0 0 0 0 0 0 0 0
-443.1 -757.4 2306.5 0 0 0 0 0 0 0 0 0
-148.2 -757.6 2402.2 0 0 0 0 0 0 0 0 0
-237.8 508.1 2311.8 8 0.9599192142 0.0721099153 -0.2708417177 -0.0115378248 0.9756841660 0.2188773602 0.2800392210 -0.2069796622 0.9374099970
-252.5 309.0 2354.1 0.9599192142 0.0721099153 -0.2708417177 -0.0115378248 0.9756841660 0.2188773602 0.2800392210 -0.2069796622 0.9374099970
-264.7 117.0 2390.6 0.9601740837 0.0623035766 -0.2723673880 -0.0078288568 0.9804375768 0.1966744363 0.2792927325 -0.1867093742 0.9418785572
-389.2 310.1 2314.3 0.5454210043 -0.5464318991 -0.6355534196 0.8030434251 0.1234893873 0.5829851031 -0.2400775701 -0.8283492923 0.5061622262
-528.7 104.8 2375.7 -0.4008027911 -0.5464318991 -0.7353701591 0.8298940659 0.1234893873 -0.5440829396 0.3881146908 -0.8283492923 0.4039856791
-115.8 307.9 2393.8 0.0231328458 0.9951467514 0.0956439972 -0.9940979481 0.0127540929 0.1077341065 0.1059913933 -0.0975716934 0.9895684123
-110.9 96.5 2416.4 -0.0983996019 0.9951467514 -0.0006488856 0.1355192512 0.0127540929 -0.9906926155 -0.9858762622 -0.0975716934 -0.1361165494
-365.2 -75.2 2402.3 0.9490289092 0.1301260591 -0.2870736718 -0.1411795765 0.9898194075 -0.0180518311 0.2818020880 0.0576606505 0.9577383995
-416.2 -462.9 2379.7 0.9481737614 0.0849156380 -0.3061958551 -0.1515552551 0.9678149819 -0.2009109110 0.2792804539 0.2369040400 0.9305261374
-191.4 -78.1 2451.1 -0.6943556666 -0.0564226918 0.7174166441 -0.0559218712 0.9981375337 0.0243762620 -0.7174558640 -0.0231934879 -0.6962177157
-169.3 -469.0 2460.1 -0.7128559947 -0.0725732446 0.6975453496 0.0891791955 0.9771766067 0.1928029507 -0.6956173182 0.1996472627 -0.6901141405
-421.3 -117.5 2271.7 0 0 0 0 0 0 0 0 0
-138.0 133.8 2144.5 0 0 0 0 0 0 0 0 0
-442.2 -759.7 2307.1 0 0 0 0 0 0 0 0 0
-147.8 -758.8 2400.9 0 0 0 0 0 0 0 0 0
-238.8 506.3 2312.5 9 0.9478150010 0.0636360049 -0.3124055266 0.0040977937 0.9773653746 0.2115186006 0.3187945485 -0.2017606646 0.9261007905
-251.8 306.1 2353.9 0.9478150010 0.0636360049 -0.3124055266 0.0040977937 0.9773653746 0.2115186006 0.3187945485 -0.2017606646 0.9261007905
-262.5 114.0 2390.2 0.9479916692 0.0549140908 -0.3135222495 0.0070170360 0.9811599851 0.1930695474 0.3182177246 -0.1852283180 0.9297461510
-386.7 305.2 2308.6 0.5490398407 -0.5662403107 -0.6147577763 0.7907311916 0.1136495247 0.6015213728 -0.2707387507 -0.8163673878 0.5101420283
-528.0 101.7 2378.2 -0.4104344547 -0.5662403107 -0.7147834897 0.8200416565 0.1136495247 -0.5609059334 0.3988423645 -0.8163673878 0.4176949859
-116.9 307.1 2399.2 0.0091593852 0.9964858294 0.0832591355 -0.9966043830 0.0022834861 0.0823071525 0.0818277895 -0.0837303028 0.9931230545
-114.9 94.1 2416.7 -0.0833558589 0.9964858294 -0.0082328105 0.1252866983 0.0022834861 -0.9921179414 -0.9886127114 -0.0837303028 -0.1250367761
-363.6 -74.3 2402.0 0.9366153479 0.1359171420 -0.3229213357 -0.1438071579 0.9896055460 -0.0005810265 0.3194857538 0.0469825938 0.9464256167
-416.8 -461.9 2383.6 0.9351881146 0.0828969926 -0.3443128169 -0.1624714434 0.9642978311 -0.2091237158 0.3146843612 0.2515110075 0.9152682424
-190.1 -75.7 2452.5 -0.6641703844 -0.0514692403 0.7458073497 -0.0573665202 0.9981945157 0.0177997276 -0.7453769445 -0.0309623182 -0.6659238338
-170.0 -466.7 2464.6 -0.6859657168 -0.0749431551 0.7237641215 0.1049413681 0.9740930796 0.2003246397 -0.7200266123 0.2133686393 -0.6603298783
-418.0 -118.1 2271.3 0 0 0 0 0 0 0 0 0
-137.8 128.5 2145.0 0 0 0 0 0 0 0 0 0
-442.3 -758.4 2306.3 0 0 0 0 0 0 0 0 0
-147.6 -757.7 2400.8 0 0 0 0 0 0 0 0 0
-238.4 506.7 2310.4 0 0.9443439841 0.0641162097 -0.3226508498 0.0088933976 0.9754874110 0.2198753804 0.3288394213 -0.2105074525 0.9206254482
-251.5 307.7 2353.4 0.9443439841 0.0641162097 -0.3226508498 0.0088933976 0.9754874110 0.2198753804 0.3288394213 -0.2105074525 0.9206254482
-262.5 115.8 2391.1 0.9444254041 0.0563856103 -0.3238537908 0.0102150422 0.9796695709 0.2003577352 0.3285669982 -0.1925311089 0.9246488810
-386.0 306.2 2306.6 0.5486268997 -0.5716166496 -0.6101335287 0.7891348004 0.1129744127 0.6037408710 -0.2761788666 -0.8127061129 0.5130633712
-525.6 105.3 2376.9 -0.3908246458 -0.5716166496 -0.7214641571 0.8334139585 0.1129744127 -0.5409787297 0.3907394409 -0.8127061129 0.4322400987
-117.0 309.1 2400.2 0.0861326680 0.9867116809 0.1377723813 -0.9945808053 0.0770774782 0.0697719529 0.0582256541 -0.1430353969 0.9880033731
-97.7 86.3 2413.2 -0.1527821571 0.9867116809 0.0552962571 0.1405396760 0.0770774782 -0.9870702624 -0.9782158136 -0.1430353969 -0.1504482031
-358.8 -78.8 2397.8 0.9312719703 0.1451119781 -0.3341781497 -0.1536798328 0.9881203771 0.0008090767 0.3303256631 0.0506029725 0.9425095916
-415.7 -465.8 2377.9 0.9301772118 0.0909151956 -0.3556751609 -0.1661753207 0.9681817889 -0.1871091276 0.3273471296 0.2331490815 0.9156884551
-187.7 -77.5 2455.2 -0.6567519307 -0.0468876250 0.7526476383 -0.0463260226 0.9986886382 0.0217916500 -0.7526823878 -0.0205554646 -0.6580628157
-169.3 -468.7 2463.3 -0.6760805845 -0.0702201873 0.7334740162 0.1076896489 0.9753426313 0.1926388890 -0.7289156318 0.2092269808 -0.6518481970
-420.9 -118.0 2272.2 0 0 0 0 0 0 0 0 0
-139.5 124.7 2145.5 0 0 0 0 0 0 0 0 0
-443.4 -760.7 2306.9 0 0 0 0 0 0 0 0 0
-148.5 -758.2 2401.2 0 0 0 0 0 0 0 0 0
-239.0 508.8 2316.8 1 0.9528123736 0.0647137016 -0.2965816557 -0.0028860432 0.9788993597 0.2043226212 0.3035460711 -0.1938251704 0.9328941703
-252.2 309.9 2356.2 0.9528123736 0.0647137016 -0.2965816557 -0.0028860432 0.9788993597 0.2043226212 0.3035460711 -0.1938251704 0.9328941703
-263.5 117.5 2390.8 0.9529208541 0.0573709942 -0.2977421880 -0.0011433534 0.9826102257 0.1856767386 0.3032169938 -0.1765948087 0.9364153743
-387.9 310.1 2313.1 0.5448401570 -0.5630745292 -0.6213665009 0.7990696430 0.1239682660 0.5883192420 -0.2542378306 -0.8170550466 0.5174786448
-527.2 105.7 2378.1 -0.3950032890 -0.5630745292 -0.7258921862 0.8280602694 0.1239682660 -0.5467614532 0.3978550434 -0.8170550466 0.4172917306
-116.5 309.8 2399.4 0.0386587754 0.9923850298 0.1169504300 -0.9970952868 0.0306239706 0.0697364807 0.0656239539 -0.1193066463 0.9906863570
-107.9 89.7 2413.9 -0.1220529675 0.9923850298 0.0165824089 0.1140853763 0.0306239706 -0.9929988384 -0.9859450459 -0.1193066463 -0.1169543639
-358.9 -77.0 2399.1 0.9404683709 0.1443840861 -0.3076889813 -0.1538045257 0.9880802035 -0.0064520608 0.3030898273 0.0533919148 0.9514651299
-415.4 -464.0 2378.2 0.9395847321 0.0954581499 -0.3287374079 -0.1632333249 0.9690576792 -0.1851541251 0.3008910418 0.2276288867 0.9260937572
-188.2 -75.1 2458.5 -0.6763226390 -0.0508520789 0.7348481417 -0.0421567596 0.9986512065 0.0303081945 -0.7353981733 -0.0104806982 -0.6775541902
-168.3 -466.3 2462.6 -0.6931235790 -0.0653693676 0.7178485394 0.1006070524 0.9773582220 0.1861429065 -0.7137631774 0.2012406737 -0.6708534360
-421.3 -116.2 2271.4 0 0 0 0 0 0 0 0 0
-141.1 120.6 2146.2 0 0 0 0 0 0 0 0 0
-444.5 -759.3 2308.9 0 0 0 0 0 0 0 0 0
-148.9 -757.3 2402.7 0 0 0 0 0 0 0 0 0
-238.5 508.2 2313.1 2 0.9426969290 0.0650105774 -0.3272554874 0.0087810103 0.9756599069 0.2191133499 0.3335347474 -0.2094311118 0.9191806912
-251.8 308.6 2355.9 0.9426969290 0.0650105774 -0.3272554874 0.0087810103 0.9756599069 0.2191133499 0.3335347474 -0.2094311118 0.9191806912
-262.9 116.6 2392.7 0.9427409768 0.0566065907 -0.3286869824 0.0094898045 0.9805404544 0.1960877031 0.3333907425 -0.1879790872 0.9238584638
-386.0 307.2 2308.5 0.5432855487 -0.5844560862 -0.6027038097 0.7925663590 0.1202624291 0.5978088975 -0.2769104242 -0.8024637103 0.5285570621
-525.2 104.1 2379.4 -0.3782908022 -0.5844560862 -0.7178489566 0.8345218301 0.1202624291 -0.5376897454 0.4005863070 -0.8024637103 0.4422471821
-117.5 310.0 2403.4 0.1029985547 0.9824890494 0.1552629322 -0.9940277338 0.0960107222 0.0518728644 0.0360576138 -0.1596784890 0.9865103364
-94.2 84.4 2411.6 -0.1708811820 0.9824890494 0.0742623731 0.1227422357 0.0960107222 -0.9877834916 -0.9776164889 -0.1596784890 -0.1369993240
-360.8 -74.8 2398.0 0.9309160113 0.1414632201 -0.3367247581 -0.1459016800 0.9892235398 0.0122252144 0.3348254561 0.0377480611 0.9415237308
-416.2 -462.3 2383.2 0.9291921258 0.0892803445 -0.3586516678 -0.1670015007 0.9670965672 -0.1919236928 0.3297157884 0.2382293493 0.9135284424
-188.7 -75.0 2452.8 -0.6522568464 -0.0503277145 0.7563254237 -0.0557607003 0.9982756972 0.0183395110 -0.7559443116 -0.0302111655 -0.6539384723
-169.0 -466.0 2464.6 -0.6731280684 -0.0679563880 0.7363969684 0.1091020182 0.9757474661 0.1897725165 -0.7314337492 0.2080835998 -0.6493888497
-423.8 -119.6 2272.0 0 0 0 0 0 0 0 0 0
-140.4 117.6 2147.3 0 0 0 0 0 0 0 0 0
-443.7 -760.0 2309.9 0 0 0 0 0 0 0 0 0
-148.7 -756.7 2402.6 0 0 0 0 0 0 0 0 0
-237.7 507.0 2318.7 3 0.9423897266 0.0687261000 -0.3273810744 -0.0010302931 0.9792595506 0.2026071697 0.3345154524 -0.1905976087 0.9229149222
-251.7 307.8 2357.5 0.9423897266 0.0687261000 -0.3273810744 -0.0010302931 0.9792595506 0.2026071697 0.3345154524 -0.1905976087 0.9229149222
-263.6 115.2 2391.0 0.9424875975 0.0603376888 -0.3287499547 0.0004579891 0.9833369851 0.1817914546 0.3342408538 -0.1714867502 0.9267552495
-386.0 307.7 2309.9 0.5546793342 -0.5599889755 -0.6154211760 0.7900370955 0.1223568469 0.6007247567 -0.2610982358 -0.8194151521 0.5102808475
-528.1 105.3 2376.8 -0.3825891316 -0.5599889755 -0.7348726988 0.8390749097 0.1223568469 -0.5300773978 0.3867542148 -0.8194151521 0.4230602980
