-123.7 409.3 2467.5 1 0.9652415514 0.0588983223 -0.2546364069 -0.0353084281 0.9947314858 0.0962425172 0.2589633763 -0.0839064643 0.9622357488
-135.2 214.5 2483.9 0.9652415514 0.0588983223 -0.2546364069 -0.0353084281 0.9947314858 0.0962425172 0.2589633763 -0.0839064643 0.9622357488
-146.7 21.4 2500.2 0.9652415514 0.0588973388 -0.2546366751 -0.0353086255 0.9947319031 0.0962379351 0.2589634061 -0.0839019865 0.9622361660
-267.1 219.4 2448.6 0.5035701394 -0.7504186630 -0.4281225502 0.2926524580 0.6144039631 -0.7327088714 0.8128786087 0.2436791658 0.5290073752
-366.8 161.4 2287.7 -0.6401160359 -0.7504186630 -0.1646914780 -0.7674194574 0.6144039631 0.1832351089 -0.0363159440 0.2436791658 -0.9691757560
-3.3 209.7 2519.3 0.1729416102 0.9694725871 0.1738220006 -0.9791184664 0.1883689165 -0.0764470398 -0.1068559736 -0.1569714546 0.9818053842
43.1 -53.1 2490.6 -0.2059103400 0.9552819729 0.2122199833 -0.9371031523 -0.1300297081 -0.3239289522 -0.2818485796 -0.2655723393 0.9219722152
-245.0 -168.7 2492.6 0.9899015427 0.0005421245 -0.1417557299 0.0053818445 0.9991280437 0.0414032489 0.1416545808 -0.0417480469 0.9890354276
-245.3 -556.6 2508.8 0.9895810485 -0.0271973405 -0.1413845867 0.0224765204 0.9991387129 -0.0348805822 0.1422114819 0.0313393287 0.9893400669
-72.1 -175.4 2539.1 0.8214499950 0.0852272511 -0.5638760924 -0.0918552652 0.9956328273 0.0166712888 0.5628343821 0.0381003544 0.8256911635
-105.2 -561.8 2524.3 0.8168886900 -0.0896132365 -0.5697914362 0.0454236455 0.9947840571 -0.0913312286 0.5750039220 0.0487254485 0.8166984320
-188.5 375.1 2297.8 0 0 0 0 0 0 0 0 0
-13.1 -309.0 2413.7 0 0 0 0 0 0 0 0 0
-237.3 -848.3 2499.7 0 0 0 0 0 0 0 0 0
-80.4 -836.6 2510.8 0 0 0 0 0 0 0 0 0
-123.1 409.4 2468.0 2 0.9650501013 0.0613358133 -0.2547865510 -0.0377793685 0.9946307540 0.0963453501 0.2593279481 -0.0833524168 0.9621857405
-135.1 214.7 2484.3 0.9650501013 0.0613358133 -0.2547865510 -0.0377793685 0.9946307540 0.0963453501 0.2593279481 -0.0833524168 0.9621857405
-147.0 21.6 2500.5 0.9650501013 0.0613353215 -0.2547866702 -0.0377794169 0.9946309328 0.0963432565 0.2593279481 -0.0833503827 0.9621859193
-266.9 219.8 2448.9 0.4857249558 -0.7545061111 -0.4413522184 0.2772640288 0.6118295789 -0.7408031225 0.8289728165 0.2374554574 0.5063782930
-361.8 165.7 2287.0 -0.6357115507 -0.7545061111 -0.1630685776 -0.7712298036 0.6118295789 0.1756962240 -0.0327937007 0.2374554574 -0.9708447456
-3.2 209.5 2519.8 0.1636234224 0.9711021781 0.1737468541 -0.9804597497 0.1795720607 -0.0803274512 -0.1092062369 -0.1572083384 0.9815087914
40.6 -53.1 2490.5 -0.2033700049 0.9565436244 0.2089614868 -0.9380571246 -0.1292092651 -0.3214868605 -0.2805164456 -0.2613985837 0.9235698581
-244.6 -168.5 2493.3 0.9898543358 0.0051015685 -0.1419944167 0.0027144996 0.9984938502 0.0547968298 0.1420601010 -0.0546263196 0.9883495569
-246.5 -556.1 2514.5 0.9894572496 -0.0298015177 -0.1417256594 0.0225786678 0.9983760715 -0.0523017123 0.1430541724 0.0485503338 0.9885233045
-71.6 -174.8 2539.7 0.8202900887 0.0904173553 -0.5647555590 -0.1020883396 0.9947147965 0.0109736435 0.5627629161 0.0486533865 0.8251852393
-106.7 -560.9 2520.8 0.8161891103 -0.0911679342 -0.5705468655 0.0571924038 0.9953711629 -0.0772348791 0.5749472976 0.0304073188 0.8176252246
-182.9 382.6 2296.2 0 0 0 0 0 0 0 0 0
-14.9 -309.2 2413.9 0 0 0 0 0 0 0 0 0
-237.8 -849.0 2500.3 0 0 0 0 0 0 0 0 0
-81.5 -836.5 2512.4 0 0 0 0 0 0 0 0 0
-123.1 409.4 2467.0 3 0.9654367566 0.0606031790 -0.2534938753 -0.0365840457 0.9944723845 0.0984189659 0.2580571473 -0.0857434571 0.9623172879
-135.0 214.7 2483.8 0.9654367566 0.0606031790 -0.2534938753 -0.0365840457 0.9944723845 0.0984189659 0.2580571473 -0.0857434571 0.9623172879
-146.8 21.6 2500.5 0.9654366374 0.0606043823 -0.2534939051 -0.0365853570 0.9944723845 0.0984186903 0.2580572665 -0.0857428461 0.9623172879
-266.9 219.7 2448.6 0.4830373824 -0.7533970475 -0.4461700916 0.2608727217 0.6102471352 -0.7480266690 0.8358350992 0.2449312359 0.4913129210
-360.7 169.0 2286.2 -0.6371437311 -0.7533970475 -0.1626060456 -0.7695767283 0.6102471352 0.1880163103 -0.0424210764 0.2449312359 -0.9686119556
-3.1 209.7 2519.1 0.1692987382 0.9702221155 0.1732250750 -0.9808591604 0.1830223650 -0.0664691851 -0.0961939394 -0.1586562544 0.9826366901
41.9 -51.3 2493.5 -0.2017260045 0.9561042190 0.2125356048 -0.9360730648 -0.1243432239 -0.3290987313 -0.2882253230 -0.2653366327 0.9200666547
-245.3 -168.1 2493.5 0.9900514483 0.0023778882 -0.1406858563 0.0037567506 0.9990540147 0.0433235839 0.1406557858 -0.0434210971 0.9891059399
-246.3 -555.9 2510.3 0.9896867871 -0.0285586677 -0.1403724551 0.0228071567 0.9988397956 -0.0424128212 0.1414208561 0.0387739129 0.9891899228
-72.4 -174.9 2539.9 0.8220247030 0.0815592334 -0.5635809302 -0.0900382102 0.9958561659 0.0127889952 0.5622885823 0.0402309448 0.8259618878
-104.1 -561.5 2524.3 0.8189630508 -0.0767960101 -0.5686843395 0.0388662815 0.9961522222 -0.0785505474 0.5725285411 0.0422273502 0.8187966347
-180.1 387.1 2298.3 0 0 0 0 0 0 0 0 0
-13.1 -306.9 2414.8 0 0 0 0 0 0 0 0 0
-237.8 -851.2 2498.8 0 0 0 0 0 0 0 0 0
-83.1 -834.0 2512.8 0 0 0 0 0 0 0 0 0
-142.9 432.6 2447.5 4 0.9657089710 -0.0349351540 -0.2572658062 0.0755613446 0.9858296514 0.1497679055 0.2483880818 -0.1640715599 0.9546642900
-135.2 214.5 2483.8 0.9657089710 -0.0349351540 -0.2572658062 0.0755613446 0.9858296514 0.1497679055 0.2483880818 -0.1640715599 0.9546642900
-147.4 21.5 2499.9 0.9641182423 0.0625160262 -0.2580072880 -0.0386596285 0.9945793152 0.0965270773 0.2626431882 -0.0830890536 0.9613088965
-266.9 219.8 2447.9 0.4832537770 -0.7517622709 -0.4486861229 0.2523163557 0.6103506684 -0.7508718371 0.8383330107 0.2496508360 0.4846361876
-360.4 171.0 2285.7 -0.6391322017 -0.7517622709 -0.1623683870 -0.7676009536 0.6103506684 0.1956038177 -0.0479459204 0.2496508360 -0.9671481848
-3.5 209.3 2519.7 0.1708209366 0.9705734253 0.1697275788 -0.9795570970 0.1858610958 -0.0769643411 -0.1062453017 -0.1531107426 0.9824810624
42.0 -51.6 2491.4 -0.2001603842 0.9574589729 0.2078657895 -0.9371608496 -0.1252171099 -0.3256535232 -0.2857715189 -0.2599866092 0.9223565459
-245.0 -168.2 2494.0 0.9893700480 -0.0023499622 -0.1454005986 0.0105957519 0.9983766675 0.0559624396 0.1450330466 -0.0569081903 0.9877888560
-244.1 -555.7 2516.1 0.9892999530 -0.0224569570 -0.1441571414 0.0139623517 0.9981205463 -0.0596695729 0.1452261955 0.0570183359 0.9877541661
-72.0 -174.7 2540.2 0.8198409677 0.0848598853 -0.5662680864 -0.0844438374 0.9960620999 0.0270105228 0.5663303137 0.0256735161 0.8237783909
-105.0 -561.4 2530.3 0.8161591291 -0.0786261037 -0.5724528432 0.0262983963 0.9947268367 -0.0991309881 0.5772284865 0.0658520684 0.8139230609
-178.6 389.4 2299.4 0 0 0 0 0 0 0 0 0
-12.7 -307.5 2413.3 0 0 0 0 0 0 0 0 0
-237.5 -849.0 2499.3 0 0 0 0 0 0 0 0 0
-83.6 -832.3 2512.3 0 0 0 0 0 0 0 0 0
-151.0 433.8 2423.2 5 0.9618843794 -0.0686012506 -0.2647118270 0.1343245506 0.9617181420 0.2388620675 0.2381919473 -0.2653149962 0.9342764616
-135.4 214.7 2483.7 0.9618843794 -0.0686012506 -0.2647118270 0.1343245506 0.9617181420 0.2388620675 0.2381919473 -0.2653149962 0.9342764616
-147.1 21.6 2499.6 0.9626156688 0.0602081604 -0.2640947104 -0.0361587405 0.9948202372 0.0950012356 0.2684466243 -0.0819003507 0.9598066211
-266.9 219.7 2447.0 0.4777642488 -0.7524005175 -0.4534696639 0.2494802922 0.6111460924 -0.7511724234 0.8423187733 0.2457516044 0.4796928763
-358.1 172.1 2286.2 -0.6363654733 -0.7524005175 -0.1700953841 -0.7707400322 0.6111460924 0.1801673621 -0.0316048972 0.2457516044 -0.9688174725
-3.9 209.8 2520.3 0.1748988777 0.9710469246 0.1627213955 -0.9796205163 0.1882016808 -0.0701699257 -0.0987627283 -0.1471325606 0.9841737151
42.6 -50.9 2494.1 -0.2025078535 0.9577255845 0.2043337226 -0.9336684942 -0.1258870959 -0.3352844119 -0.2953874767 -0.2586776912 0.9196913242
-245.9 -168.1 2492.5 0.9884485602 0.0007437662 -0.1515549570 0.0090407133 0.9979178309 0.0638613105 0.1512868851 -0.0644937828 0.9863837361
-246.2 -555.5 2517.6 0.9881834388 -0.0302412063 -0.1502630115 0.0196166765 0.9972338676 -0.0716921613 0.1520154327 0.0678973496 0.9860432148
-73.1 -175.1 2539.6 0.8162288070 0.0843038559 -0.5715447664 -0.0874374583 0.9959263802 0.0220305715 0.5710737705 0.0319924355 0.8202751279
-105.8 -561.7 2527.2 0.8118107915 -0.0862401947 -0.5775169730 0.0368529484 0.9946287870 -0.0967233256 0.5827564001 0.0572378375 0.8106286526
-177.2 391.2 2295.2 0 0 0 0 0 0 0 0 0
-12.6 -305.8 2413.4 0 0 0 0 0 0 0 0 0
-237.3 -849.0 2497.6 0 0 0 0 0 0 0 0 0
-82.2 -833.8 2511.5 0 0 0 0 0 0 0 0 0
-156.0 431.5 2407.1 6 0.9588595033 -0.0872967541 -0.2701254487 0.1696779877 0.9391067624 0.2988107502 0.2275914252 -0.3323518634 0.9152837992
-136.0 216.4 2483.2 0.9588595033 -0.0872967541 -0.2701254487 0.1696779877 0.9391067624 0.2988107502 0.2275914252 -0.3323518634 0.9152837992
-146.8 23.4 2500.0 0.9621427059 0.0555226505 -0.2668307126 -0.0301431045 0.9947013259 0.0982888639 0.2708741128 -0.0865248069 0.9587182403
-267.5 220.6 2446.2 0.5158474445 -0.7606055140 -0.3941834867 0.3228091300 0.5987917781 -0.7329684496 0.7935336232 0.2508538961 0.5544155836
-372.4 154.9 2284.8 -0.6258841753 -0.7606055140 -0.1724766791 -0.7789751291 0.5987917781 0.1861348152 -0.0382975638 0.2508538961 -0.9672670960
-4.6 212.3 2520.2 0.1743085086 0.9713709354 0.1614156663 -0.9799305797 0.1872188002 -0.0684485883 -0.0967090204 -0.1462449729 0.9845099449
42.3 -51.1 2494.2 -0.2022147477 0.9580252767 0.2032159269 -0.9334433079 -0.1257629991 -0.3359572589 -0.2962985039 -0.2576260567 0.9196934104
-245.0 -168.3 2491.4 0.9880305529 0.0041257339 -0.1542031318 0.0057714293 0.9979537129 0.0636798963 0.1541503072 -0.0638076589 0.9859849215
-246.6 -555.7 2516.2 0.9877028465 -0.0307425614 -0.1532906443 0.0193886161 0.9969934821 -0.0750205070 0.1551361084 0.0711258724 0.9853293300
-72.5 -174.7 2539.5 0.8149085641 0.0838089734 -0.5734981298 -0.0853826404 0.9960534573 0.0242357757 0.5732659698 0.0292168427 0.8188482523
-105.1 -561.4 2528.2 0.8112663627 -0.0783589110 -0.5794020891 0.0283699352 0.9950869083 -0.0948535651 0.5839880705 0.0605139099 0.8095035553
-196.1 374.4 2295.6 0 0 0 0 0 0 0 0 0
-12.9 -305.9 2413.3 0 0 0 0 0 0 0 0 0
-237.6 -849.4 2495.2 0 0 0 0 0 0 0 0 0
-83.5 -835.5 2511.5 0 0 0 0 0 0 0 0 0
-159.8 432.1 2403.0 7 0.9577026963 -0.1014294997 -0.2692908943 0.1852657646 0.9334017634 0.3073072433 0.2201865762 -0.3441993594 0.9127128124
-136.3 215.8 2482.8 0.9577026963 -0.1014294997 -0.2692908943 0.1852657646 0.9334017634 0.3073072433 0.2201865762 -0.3441993594 0.9127128124
-146.9 22.6 2498.9 0.9629468918 0.0545583963 -0.2641149461 -0.0305013061 0.9950720072 0.0943467841 0.2679608166 -0.0827950910 0.9598656297
-267.9 219.9 2446.2 0.5208478570 -0.7689846754 -0.3706482053 0.3409570456 0.5854552388 -0.7355205417 0.7826019526 0.2567191720 0.5671238303
-375.2 149.7 2285.0 -0.6116132140 -0.7689846754 -0.1859888583 -0.7906251550 0.5854552388 0.1793154627 -0.0290026851 0.2567191720 -0.9660508037
-4.7 211.6 2519.4 0.1829125583 0.9694501758 0.1634300500 -0.9783073664 0.1959267259 -0.0672856420 -0.0972503945 -0.1475774348 0.9842576981
44.0 -49.2 2493.5 -0.2078316808 0.9559804201 0.2071411908 -0.9342147112 -0.1312282085 -0.3316956460 -0.2899117768 -0.2624512315 0.9203643203
-243.8 -167.0 2492.5 0.9884450436 0.0063655274 -0.1514459550 0.0007355069 0.9989046454 0.0467860810 0.1515778899 -0.0463568605 0.9873576760
-246.3 -554.8 2510.5 0.9879627824 -0.0325502157 -0.1512285173 0.0231914073 0.9977287054 -0.0632422939 0.1529435962 0.0589738302 0.9864736795
-71.4 -172.4 2541.1 0.8161585331 0.0879238248 -0.5710995197 -0.0925327539 0.9954876900 0.0210220702 0.5703709126 0.0356880687 0.8206115961
-105.5 -558.9 2527.2 0.8121647835 -0.0839493349 -0.5773567557 0.0383615121 0.9951361418 -0.0907327160 0.5821655393 0.0515416376 0.8114349842
-204.4 370.4 2293.1 0 0 0 0 0 0 0 0 0
-12.7 -304.2 2414.3 0 0 0 0 0 0 0 0 0
-236.7 -847.2 2493.2 0 0 0 0 0 0 0 0 0
-82.0 -837.3 2512.8 0 0 0 0 0 0 0 0 0
-161.8 432.8 2400.5 8 0.9570305943 -0.1077242568 -0.2692357600 0.1937022954 0.9284103513 0.3170704842 0.2158050835 -0.3555977345 0.9093835354
-136.5 215.6 2483.7 0.9570305943 -0.1077242568 -0.2692357600 0.1937022954 0.9284103513 0.3170704842 0.2158050835 -0.3555977345 0.9093835354
-146.7 22.3 2498.1 0.9635152817 0.0520936400 -0.2625349164 -0.0306060389 0.9958865047 0.0852837712 0.2658977211 -0.0741370618 0.9611462355
-268.2 219.8 2447.4 0.5176857114 -0.7733590007 -0.3659472764 0.3436003029 0.5796413422 -0.7388874888 0.7835434675 0.2567718923 0.5657984018
-375.4 148.6 2285.1 -0.6044615507 -0.7733590007 -0.1911598593 -0.7963033915 0.5796413422 0.1729649305 -0.0229598228 0.2567718923 -0.9661992788
-4.9 211.4 2520.0 0.1862297207 0.9685315490 0.1651213914 -0.9769106507 0.2004462928 -0.0739381909 -0.1047094464 -0.1475393623 0.9834978580
44.9 -49.7 2492.0 -0.2064316422 0.9560481906 0.2082254738 -0.9356567860 -0.1306242347 -0.3278470337 -0.2862382829 -0.2625055909 0.9214979410
-243.8 -167.8 2490.9 0.9887411594 0.0008023902 -0.1496337950 0.0093928436 0.9976807833 0.0674153864 0.1493408531 -0.0680618584 0.9864405394
-244.1 -555.0 2517.4 0.9887059927 -0.0236592405 -0.1479886621 0.0109215379 0.9962093830 -0.0862996280 0.1494694799 0.0837086961 0.9852166176
-71.2 -173.3 2538.9 0.8173609376 0.0900468901 -0.5690453649 -0.0965097249 0.9951534867 0.0188512206 0.5679849982 0.0395101570 0.8220900297
-106.2 -559.6 2523.6 0.8134889603 -0.0858374983 -0.5752109289 0.0476602204 0.9955607653 -0.0811621919 0.5796241760 0.0386098661 0.8139687181
-207.8 369.5 2291.5 0 0 0 0 0 0 0 0 0
-11.5 -305.1 2413.9 0 0 0 0 0 0 0 0 0
-237.2 -846.1 2492.9 0 0 0 0 0 0 0 0 0
-82.2 -837.4 2512.8 0 0 0 0 0 0 0 0 0
-161.5 430.2 2398.7 9 0.9574311376 -0.1077397838 -0.2678016424 0.1951111406 0.9252599478 0.3253086209 0.2127374411 -0.3637117147 0.9068939090
-136.5 215.5 2483.1 0.9574311376 -0.1077397838 -0.2678016424 0.1951111406 0.9252599478 0.3253086209 0.2127374411 -0.3637117147 0.9068939090
-146.9 22.2 2497.6 0.9638267159 0.0536468960 -0.2610748410 -0.0320148170 0.9957443476 0.0864191204 0.2645998895 -0.0749347955 0.9614424706
-268.2 219.9 2446.9 0.5207139850 -0.7705543041 -0.3675636053 0.3422220349 0.5828281641 -0.7370179296 0.7821387649 0.2579871416 0.5671874285
-375.9 149.1 2285.2 -0.6051020622 -0.7705543041 -0.2002437115 -0.7960990667 0.5828281641 0.1629036218 -0.0088184187 0.2579871416 -0.9661080837
-4.8 211.2 2519.3 0.1878719628 0.9681374431 0.1655718982 -0.9770303369 0.2014719397 -0.0694315210 -0.1005773470 -0.1487245262 0.9837505817
45.4 -49.8 2492.4 -0.2027630955 0.9564622045 0.2099218965 -0.9358228445 -0.1261529475 -0.3291215599 -0.2883100808 -0.2631834149 0.9206583500
-243.1 -168.3 2488.7 0.9889310002 -0.0076955901 -0.1481766105 0.0184345581 0.9972890019 0.0712378100 0.1472266912 -0.0731808469 0.9863918424
-240.1 -555.4 2517.1 0.9893065691 -0.0109739611 -0.1454375982 -0.0001228152 0.9971023798 -0.0760715604 0.1458509713 0.0752759576 0.9864385724
-70.5 -173.8 2536.3 0.8176521063 0.1003339887 -0.5669022202 -0.1008246690 0.9944341183 0.0305803008 0.5668151379 0.0321536846 0.8232172728
-109.4 -559.8 2523.8 0.8133217692 -0.0905945003 -0.5747176409 0.0507136956 0.9950818419 -0.0850894153 0.5795997381 0.0400590152 0.8139160872
-208.9 368.8 2287.7 0 0 0 0 0 0 0 0 0
-10.0 -305.3 2413.7 0 0 0 0 0 0 0 0 0
-236.9 -844.4 2495.3 0 0 0 0 0 0 0 0 0
-84.2 -836.3 2512.7 0 0 0 0 0 0 0 0 0
-162.1 430.3 2399.4 0 0.9573410749 -0.1115701050 -0.2665524483 0.1971836835 0.9265395999 0.3203794062 0.2112266272 -0.3592721522 0.9090142250
-136.2 215.2 2482.8 0.9573410749 -0.1115701050 -0.2665524483 0.1971836835 0.9265395999 0.3203794062 0.2112266272 -0.3592721522 0.9090142250
-147.2 21.9 2497.3 0.9639722705 0.0566726029 -0.2598956227 -0.0349914916 0.9955667853 0.0873063356 0.2636913061 -0.0750667527 0.9616817832
-267.9 220.0 2446.7 0.5224873424 -0.7688351274 -0.3686455488 0.3397103250 0.5842633247 -0.7370436192 0.7820510864 0.2598632574 0.5664514303
-375.8 149.8 2285.2 -0.6054385304 -0.7688351274 -0.2057589144 -0.7958899736 0.5842633247 0.1587308645 -0.0018204671 0.2598632574 -0.9656437039
-4.5 210.4 2518.8 0.1976116151 0.9661866426 0.1656292081 -0.9752486944 0.2108679563 -0.0665180162 -0.0991947129 -0.1483849436 0.9839422107
48.4 -50.5 2492.3 -0.2026356608 0.9557035565 0.2134700865 -0.9352671504 -0.1242781729 -0.3314065635 -0.2901967466 -0.2668063343 0.9190213084
-243.7 -168.2 2488.5 0.9891223907 -0.0069129476 -0.1469321847 0.0153488936 0.9982926250 0.0563579015 0.1462917179 -0.0580001101 0.9875397086
-241.0 -555.7 2511.0 0.9893268943 -0.0079702055 -0.1454948187 0.0015485861 0.9990216494 -0.0441964194 0.1457047313 0.0434993953 0.9883713722
-71.0 -173.9 2535.9 0.8187205791 0.0936222300 -0.5665081143 -0.0947383419 0.9951212406 0.0275393054 0.5663225055 0.0311230421 0.8235958815
-107.3 -560.2 2523.8 0.8143757582 -0.0890618637 -0.5734632611 0.0488141999 0.9951645732 -0.0852332115 0.5782813430 0.0414187126 0.8147853613
-209.4 368.5 2285.7 0 0 0 0 0 0 0 0 0
-6.9 -305.9 2413.0 0 0 0 0 0 0 0 0 0
-238.7 -848.1 2498.3 0 0 0 0 0 0 0 0 0
-82.7 -835.8 2512.3 0 0 0 0 0 0 0 0 0
-162.0 427.9 2402.2 1 0.9554715157 -0.1175697967 -0.2706500888 0.2026329041 0.9281691313 0.3121569753 0.2145088315 -0.3530997038 0.9106627107
-135.1 215.8 2482.9 0.9554715157 -0.1175697967 -0.2706500888 0.2026329041 0.9281691313 0.3121569753 0.2145088315 -0.3530997038 0.9106627107
-145.8 22.5 2497.5 0.9631404877 0.0549566895 -0.2633251548 -0.0330001563 0.9956533909 0.0870939493 0.2669669688 -0.0751939416 0.9607676864
-266.7 220.3 2446.4 0.5239816308 -0.7695783377 -0.3649553657 0.3415316641 0.5823743343 -0.7376965880 0.7802559733 0.2618956566 0.5679888129
-374.9 149.8 2285.3 -0.6030049324 -0.7695783377 -0.2100814879 -0.7977349758 0.5823743343 0.1563939154 0.0019886985 0.2618956566 -0.9650941491
-3.5 211.3 2519.3 0.1983558238 0.9664957523 0.1629139334 -0.9749681950 0.2116028517 -0.0682730749 -0.1004586890 -0.1452935487 0.9842752814
50.0 -51.5 2492.3 -0.2039409876 0.9558389187 0.2116130441 -0.9334014058 -0.1246593893 -0.3364845216 -0.2952454388 -0.2661429048 0.9176045656
-244.5 -168.2 2488.3 0.9886272550 -0.0027534426 -0.1503615379 0.0106277019 0.9986117482 0.0515904203 0.1500107497 -0.0526016913 0.9872840643
-243.5 -555.9 2508.7 0.9886288047 -0.0161734596 -0.1495041996 0.0105315465 0.9992049336 -0.0384525023 0.1500072479 0.0364407413 0.9880130887
-71.8 -174.5 2535.5 0.8175924420 0.0852497891 -0.5694515109 -0.0860715732 0.9959619641 0.0255229529 0.5693278909 0.0281462148 0.8216285706
-104.9 -561.1 2524.6 0.8143227100 -0.0766687468 -0.5753263831 0.0357450508 0.9959802628 -0.0821317434 0.5793106556 0.0463166721 0.8137898445
-209.7 368.4 2284.7 0 0 0 0 0 0 0 0 0
-5.7 -306.3 2411.6 0 0 0 0 0 0 0 0 0
-238.8 -844.3 2498.2 0 0 0 0 0 0 0 0 0
-83.8 -834.9 2511.9 0 0 0 0 0 0 0 0 0
-159.3 429.5 2401.1 2 0.9600316286 -0.1006279811 -0.2611766458 0.1849843413 0.9284000993 0.3222638965 0.2100476474 -0.3576971591 0.9099081159
-136.2 216.5 2483.1 0.9600316286 -0.1006279811 -0.2611766458 0.1849843413 0.9284000993 0.3222638965 0.2100476474 -0.3576971591 0.9099081159
-144.8 23.2 2498.1 0.9661329985 0.0441609360 -0.2542378604 -0.0229542423 0.9960492849 0.0857843086 0.2570217550 -0.0770432130 0.9633297324
-268.2 219.6 2448.0 0.5138772130 -0.7724753618 -0.3731113374 0.3372791409 0.5818324089 -0.7400768995 0.7887794375 0.2544659674 0.5595301986
-374.3 150.0 2285.3 -0.6014435291 -0.7724753618 -0.2038321197 -0.7989147902 0.5818324089 0.1523359716 0.0009203554 0.2544659674 -0.9670813084
-4.3 213.4 2518.2 0.1941896975 0.9656267166 0.1727870405 -0.9764264822 0.2071914524 -0.0605233908 -0.0942430049 -0.1569608152 0.9830979109
48.1 -50.1 2492.8 -0.1870080531 0.9573972821 0.2200418115 -0.9378181100 -0.1073101833 -0.3301238418 -0.2924469709 -0.2680950165 0.9179323912
-242.7 -167.8 2488.1 0.9900463223 0.0042236475 -0.1406786293 0.0037944887 0.9983852506 0.0566791631 0.1406908482 -0.0566488020 0.9884315729
-244.4 -555.4 2510.1 0.9899832010 -0.0136887338 -0.1405202448 0.0096410532 0.9995198846 -0.0294454470 0.1408558488 0.0277957339 0.9896398187
-70.1 -173.7 2536.0 0.8234322667 0.0867841765 -0.5607386231 -0.0872329772 0.9958479404 0.0260253008 0.5606690049 0.0274848286 0.8275837302
-103.8 -560.3 2525.3 0.8207598925 -0.0721734986 -0.5666958690 0.0346550718 0.9964506626 -0.0767145902 0.5702212453 0.0433253720 0.8203479052
-209.9 368.4 2285.0 0 0 0 0 0 0 0 0 0
-2.9 -306.1 2413.0 0 0 0 0 0 0 0 0 0
-240.4 -846.9 2502.0 0 0 0 0 0 0 0 0 0
-84.0 -834.1 2513.4 0 0 0 0 0 0 0 0 0
-160.3 428.6 2399.0 3 0.9600674510 -0.0999742746 -0.2612960041 0.1866818368 0.9245607257 0.3321706951 0.2083754987 -0.3676854968 0.9063040614
-137.4 217.0 2483.2 0.9600674510 -0.0999742746 -0.2612960041 0.1866818368 0.9245607257 0.3321706951 0.2083754987 -0.3676854968 0.9063040614
-145.4 23.6 2498.1 0.9663974047 0.0412183367 -0.2537263334 -0.0202476364 0.9961994886 0.0847149715 0.2562538683 -0.0767309740 0.9635592103
-269.4 219.8 2448.2 0.5020357370 -0.7774640918 -0.3788267076 0.3382893503 0.5796601176 -0.7413194180 0.7959399819 0.2440157980 0.5540179610
-371.4 151.1 2286.5 -0.5963222980 -0.7774640918 -0.1998732388 -0.8027154803 0.5796601176 0.1401498020 0.0068971068 0.2440157980 -0.9697467089
-5.4 214.2 2518.2 0.1888404489 0.9662585258 0.1751678288 -0.9768084288 0.2031594813 -0.0676130876 -0.1009187251 -0.1583373249 0.9822142124
46.0 -51.2 2490.7 -0.1797315776 0.9589931369 0.2191544622 -0.9400599003 -0.1018078253 -0.3254573941 -0.2897997797 -0.2645132840 0.9198091030
-239.9 -168.1 2490.0 0.9900388122 0.0146302786 -0.1400323957 -0.0062857894 0.9981877208 0.0598475002 0.1406542063 -0.0583711341 0.9883365631
-245.6 -555.6 2512.7 0.9898290038 -0.0203857142 -0.1407942027 0.0146213202 0.9990166426 -0.0418558642 0.1415090114 0.0393715501 0.9891537428
-66.8 -172.2 2536.1 0.8223076463 0.0972286686 -0.5606752038 -0.1049837396 0.9943027496 0.0184523929 0.5592750311 0.0436882377 0.8278301954
-104.6 -558.2 2519.1 0.8205751777 -0.0760331079 -0.5664585829 0.0527151786 0.9969555140 -0.0574532002 0.5691023469 0.0172837041 0.8220850229
-210.0 368.3 2284.7 0 0 0 0 0 0 0 0 0
-3.1 -307.9 2411.6 0 0 0 0 0 0 0 0 0
-239.7 -846.3 2501.2 0 0 0 0 0 0 0 0 0
-83.6 -832.7 2514.3 0 0 0 0 0 0 0 0 0
-161.0 427.1 2400.0 4 0.9603661895 -0.1008858159 -0.2598439455 0.1868295670 0.9247872829 0.3314561546 0.2068611383 -0.3668658137 0.9069828987
-138.1 216.5 2483.5 0.9603661895 -0.1008858159 -0.2598439455 0.1868295670 0.9247872829 0.3314561546 0.2068611383 -0.3668658137 0.9069828987
-146.8 23.0 2497.4 0.9665560126 0.0447918549 -0.2525137067 -0.0251739621 0.9964452386 0.0803939924 0.2552170753 -0.0713485256 0.9642477036
-270.1 219.9 2448.7 0.4945129454 -0.7782101631 -0.3870993853 0.3305059373 0.5802735090 -0.7443443537 0.8038797975 0.2401492596 0.5441558361
-369.4 153.5 2287.2 -0.5959019065 -0.7782101631 -0.1982167661 -0.8030037880 0.5802735090 0.1358956099 0.0092645958 0.2401492596 -0.9706917405
-6.0 213.0 2518.4 0.2035810500 0.9636067748 0.1732533425 -0.9743425846 0.2167501748 -0.0606294386 -0.0959756300 -0.1564650983 0.9830093384
48.8 -49.2 2492.6 -0.1930497289 0.9554727674 0.2231672704 -0.9372684956 -0.1122875512 -0.3300292492 -0.2902750671 -0.2728797197 0.9172115922
-240.0 -167.9 2490.0 0.9901802540 0.0171453375 -0.1387411505 -0.0084124580 0.9979599118 0.0632869899 0.1395431906 -0.0614983737 0.9883044362
-246.6 -555.4 2513.9 0.9897612929 -0.0288010370 -0.1397963762 0.0204106979 0.9979238510 -0.0610854216 0.1412654668 0.0576066449 0.9882942438
-66.8 -171.6 2535.9 0.8223997355 0.1018436998 -0.5597200394 -0.1114305928 0.9936256409 0.0170692764 0.5578905344 0.0483321659 0.8285059929
-106.3 -557.3 2517.1 0.8201591969 -0.0857995898 -0.5656653643 0.0658913627 0.9962777495 -0.0555784628 0.5683284402 0.0083107222 0.8227598071
-210.0 368.4 2284.7 0 0 0 0 0 0 0 0 0
-3.9 -305.1 2413.3 0 0 0 0 0 0 0 0 0
-238.4 -840.8 2497.4 0 0 0 0 0 0 0 0 0
-82.7 -832.0 2514.8 0 0 0 0 0 0 0 0 0
-160.3 430.6 2400.0 5 0.9611055851 -0.0969051272 -0.2586221993 0.1813513190 0.9276915193 0.3263435960 0.2082972527 -0.3605521321 0.9091833830
-137.9 217.0 2483.0 0.9611055851 -0.0969051272 -0.2586221993 0.1813513190 0.9276915193 0.3263435960 0.2082972527 -0.3605521321 0.9091833830
-146.6 23.6 2496.9 0.9667158723 0.0445843972 -0.2519378364 -0.0249704458 0.9964400530 0.0805212632 0.2546309531 -0.0715501830 0.9643877149
-270.0 220.4 2448.2 0.4907432199 -0.7772076726 -0.3938518763 0.3237573802 0.5823179483 -0.7457123995 0.8089204431 0.2384408563 0.5373952985
-368.2 155.7 2286.4 -0.5972900987 -0.7772076726 -0.1979716718 -0.8019413352 0.5823179483 0.1334011555 0.0116020562 0.2384408563 -0.9710876942
-5.9 213.6 2517.8 0.2030930370 0.9636353850 0.1736664623 -0.9745544195 0.2161144167 -0.0594835021 -0.0948522314 -0.1571667194 0.9830064178
49.3 -51.0 2492.0 -0.1975767910 0.9544448256 0.2236035168 -0.9367232323 -0.1165760532 -0.3300903141 -0.2889861763 -0.2746727765 0.9170833230
-242.0 -168.1 2488.4 0.9903552532 0.0101800421 -0.1381767541 -0.0017061468 0.9981175065 0.0613068901 0.1385407448 -0.0604798496 0.9885082841
-246.0 -555.6 2511.8 0.9901063442 -0.0231364407 -0.1383986473 0.0150632933 0.9981385469 -0.0590981916 0.1395083517 0.0564287528 0.9886117578
-68.9 -172.6 2534.1 0.8237662911 0.0918262377 -0.5594435334 -0.1008458212 0.9947921038 0.0147908283 0.5578882098 0.0442333519 0.8287364841
-104.5 -558.8 2516.9 0.8218325973 -0.0802103207 -0.5640545487 0.0651564002 0.9967764616 -0.0468112603 0.5659910440 0.0017192557 0.8244096041
-209.8 368.3 2283.4 0 0 0 0 0 0 0 0 0
-4.7 -306.7 2413.1 0 0 0 0 0 0 0 0 0
-239.2 -847.6 2495.3 0 0 0 0 0 0 0 0 0
-82.6 -830.8 2516.5 0 0 0 0 0 0 0 0 0
-162.2 431.3 2400.0 6 0.9603851438 -0.1064922735 -0.2575262189 0.1888218671 0.9283094406 0.3202933669 0.2049552500 -0.3562315702 0.9116427302
-137.5 216.3 2482.5 0.9603851438 -0.1064922735 -0.2575262189 0.1888218671 0.9283094406 0.3202933669 0.2049552500 -0.3562315702 0.9116427302
-147.4 23.0 2496.9 0.9667156339 0.0509684980 -0.2507250309 -0.0305708852 0.9959468246 0.0845889300 0.2540201843 -0.0741085559 0.9643555880
-269.6 220.5 2447.8 0.4899499714 -0.7782918811 -0.3926967382 0.3219172060 0.5801600814 -0.7481868863 0.8101347685 0.2401582897 0.5347949862
-367.7 156.0 2285.6 -0.5964754224 -0.7782918811 -0.1961600780 -0.8026098609 0.5801600814 0.1386784464 0.0058719241 0.2401582897 -0.9707159996
-5.5 212.1 2517.2 0.1990223080 0.9643586278 0.1743633151 -0.9753929973 0.2121496201 -0.0600089282 -0.0948612392 -0.1581296325 0.9828511477
47.8 -48.8 2491.8 -0.1918631345 0.9561342597 0.2213499993 -0.9406417012 -0.1148134694 -0.3193917572 -0.2799674571 -0.2694905400 0.9214081764
-241.9 -167.6 2488.0 0.9904689193 0.0122112660 -0.1371940374 -0.0045068352 0.9984021187 0.0563280545 0.1376626641 -0.0551728755 0.9889413118
-246.6 -555.2 2509.4 0.9901696444 -0.0244579352 -0.1377164721 0.0177946333 0.9986200929 -0.0494093373 0.1387348920 0.0464730114 0.9892385602
-68.6 -172.1 2533.6 0.8239658475 0.0960105434 -0.5584462285 -0.0999343544 0.9947149158 0.0235664938 0.5577574372 0.0363899767 0.8292058706
-105.9 -558.2 2519.5 0.8217490315 -0.0794278607 -0.5642868876 0.0584991202 0.9967650175 -0.0551125929 0.5668389201 0.0122784330 0.8237371445
-209.9 368.3 2284.1 0 0 0 0 0 0 0 0 0
-4.6 -305.6 2415.4 0 0 0 0 0 0 0 0 0
-239.4 -850.7 2495.6 0 0 0 0 0 0 0 0 0
-84.4 -828.3 2516.1 0 0 0 0 0 0 0 0 0
-163.4 433.4 2398.5 7 0.9588947296 -0.1109989882 -0.2611514628 0.1944835186 0.9272443652 0.3199906945 0.2066325992 -0.3576270342 0.9107172489
-137.4 216.3 2482.2 0.9588947296 -0.1109989882 -0.2611514628 0.1944835186 0.9272443652 0.3199906945 0.2066325992 -0.3576270342 0.9107172489
-147.7 23.0 2496.9 0.9657003284 0.0531992391 -0.2541510463 -0.0319299325 0.9956882596 0.0870943218 0.2576885521 -0.0759919882 0.9632350802
-269.3 220.7 2447.0 0.4917553663 -0.7825703621 -0.3817856610 0.3228694499 0.5710884333 -0.7547273040 0.8086606264 0.2478743047 0.5335038304
-367.6 156.2 2285.3 -0.5931982994 -0.7825703621 -0.1889428496 -0.8048440814 0.5710884333 0.1615054607 -0.0184863191 0.2478743047 -0.9686158299
-5.4 212.0 2517.4 0.1889508218 0.9669283032 0.1713104695 -0.9774254560 0.2019838542 -0.0619842969 -0.0945363194 -0.1557312161 0.9832653403
45.7 -52.6 2491.8 -0.1738634855 0.9607710838 0.2160796523 -0.9409108162 -0.0973179117 -0.3243702054 -0.2906171083 -0.2597078383 0.9209199548
-243.9 -167.6 2488.5 0.9900087714 0.0070923702 -0.1408272833 0.0004086852 0.9985857010 0.0531639978 0.1410051733 -0.0526903756 0.9886057377
-246.7 -555.3 2509.0 0.9896413684 -0.0278799701 -0.1408286989 0.0214124322 0.9986543655 -0.0472334474 0.1419560611 0.0437286906 0.9889066219
-70.7 -173.1 2534.0 0.8228740692 0.0884868130 -0.5612916946 -0.0876615271 0.9957436323 0.0284625292 0.5614212155 0.0257826112 0.8271284699
-105.1 -559.6 2524.0 0.8194658160 -0.0803559124 -0.5674669147 0.0451873541 0.9960987568 -0.0757981241 0.5713438988 0.0364716426 0.8198999763
-210.5 369.4 2290.2 0 0 0 0 0 0 0 0 0
-1.7 -309.5 2412.5 0 0 0 0 0 0 0 0 0
-238.5 -849.1 2496.1 0 0 0 0 0 0 0 0 0
-83.2 -830.9 2514.1 0 0 0 0 0 0 0 0 0
-162.1 431.3 2390.7 8 0.9589968324 -0.1072730348 -0.2623310983 0.1980620623 0.9157289267 0.3495882452 0.2027227879 -0.3872118592 0.8994278312
-136.9 216.6 2481.5 0.9589968324 -0.1072730348 -0.2623310983 0.1980620623 0.9157289267 0.3495882452 0.2027227879 -0.3872118592 0.8994278312
-147.6 23.5 2497.3 0.9652905464 0.0550488867 -0.2553111613 -0.0322276093 0.9951699376 0.0927260444 0.2591824532 -0.0812795088 0.9624022245
-268.8 221.0 2446.1 0.5239625573 -0.7733051777 -0.3570187688 0.3517607152 0.5782110095 -0.7361633182 0.7757110596 0.2601368129 0.5749793053
-377.2 148.3 2285.6 -0.6047159433 -0.7733051777 -0.1905722320 -0.7959311604 0.5782110095 0.1793477535 -0.0284995753 0.2601368129 -0.9651510715
-5.1 212.2 2516.9 0.1938515455 0.9659944773 0.1711030900 -0.9762591124 0.2071333975 -0.0633558184 -0.0966425315 -0.1547593176 0.9832140207
47.6 -53.2 2490.6 -0.1854006946 0.9586771131 0.2157886326 -0.9422026873 -0.1110638455 -0.3160994649 -0.2790710330 -0.2619217038 0.9238595366
-244.6 -167.4 2488.6 0.9898413420 0.0055851894 -0.1420665681 0.0030984955 0.9981433749 0.0608295053 0.1421425492 -0.0606517531 0.9879862666
-246.7 -554.9 2512.1 0.9895289540 -0.0273287185 -0.1417238414 0.0192310810 0.9981200099 -0.0581950694 0.1430477947 0.0548602007 0.9881941676
-71.5 -173.1 2534.8 0.8220387101 0.0894726664 -0.5623583794 -0.0851191804 0.9957902431 0.0340081081 0.5630337596 0.0199115053 0.8261939883
-106.2 -559.7 2527.0 0.8177455068 -0.0854609311 -0.5692000985 0.0380884111 0.9947827458 -0.0946388394 0.5743183494 0.0557105578 0.8167341948
-216.9 359.3 2293.2 0 0 0 0 0 0 0 0 0
-3.0 -310.4 2414.4 0 0 0 0 0 0 0 0 0
-238.7 -847.5 2496.1 0 0 0 0 0 0 0 0 0
-82.7 -833.3 2511.7 0 0 0 0 0 0 0 0 0
-160.5 427.7 2388.3 9 0.9581050277 -0.1048196405 -0.2665475607 0.2002214938 0.9105753303 0.3616129160 0.2048075050 -0.3998316824 0.8934139609
-136.2 217.0 2480.9 0.9581050277 -0.1048196405 -0.2665475607 0.2002214938 0.9105753303 0.3616129160 0.2048075050 -0.3998316824 0.8934139609
-147.9 23.9 2497.4 0.9636201262 0.0602891669 -0.2603872418 -0.0357259549 0.9945390224 0.0980604067 0.2648772299 -0.0851904005 0.9605116844
-267.9 221.8 2444.7 0.5102722049 -0.7910193205 -0.3375066817 0.3635453284 0.5540541410 -0.7489050627 0.7793953419 0.2594464421 0.5702897906
-373.9 146.3 2282.8 -0.5833799839 -0.7910193205 -0.1842721701 -0.8108325601 0.5540541410 0.1886121631 -0.0470991023 0.2594464421 -0.9646083117
-4.6 212.1 2517.1 0.1918430030 0.9672707319 0.1660829335 -0.9766541719 0.2048235536 -0.0647602081 -0.0966583490 -0.1497818083 0.9839830399
47.0 -50.7 2491.1 -0.1978983730 0.9572049379 0.2111752480 -0.9385528564 -0.1228897125 -0.3225162029 -0.2827628553 -0.2620245516 0.9227070808
-244.8 -166.8 2489.8 0.9890502095 0.0062278919 -0.1474477500 0.0034824398 0.9978460670 0.0655064955 0.1475381255 -0.0653026924 0.9868981838
-247.2 -554.2 2515.2 0.9886366129 -0.0315345936 -0.1469803900 0.0218983386 0.9975310564 -0.0667248070 0.1487216353 0.0627479628 0.9868863225
-71.8 -172.6 2536.3 0.8179369569 0.0847616941 -0.5690295100 -0.0914875939 0.9956644177 0.0168060046 0.5679869056 0.0383128859 0.8221453428
-104.7 -559.1 2521.4 0.8150025606 -0.0770439506 -0.5743126869 0.0436009355 0.9964654446 -0.0718019456 0.5778146982 0.0334781967 0.8154810667
-222.2 357.1 2295.0 0 0 0 0 0 0 0 0 0
-7.0 -306.9 2413.9 0 0 0 0 0 0 0 0 0
-237.8 -851.6 2496.5 0 0 0 0 0 0 0 0 0
-83.5 -834.4 2512.1 0 0 0 0 0 0 0 0 0
-160.8 425.9 2392.7 0 0.9553575516 -0.1111809239 -0.2737348974 0.2053441405 0.9160082340 0.3446196616 0.2124282867 -0.3854448497 0.8979457021
-135.5 217.6 2480.3 0.9553575516 -0.1111809239 -0.2737348974 0.2053441405 0.9160082340 0.3446196616 0.2124282867 -0.3854448497 0.8979457021
-147.3 24.6 2496.9 0.9617220759 0.0606423430 -0.2672323585 -0.0352528468 0.9944820404 0.0988064334 0.2717496157 -0.0856036320 0.9585531354
-266.9 222.4 2443.2 0.5105465651 -0.7938280702 -0.3304226696 0.3651010394 0.5480554104 -0.7525533438 0.7784879208 0.2635758519 0.5696352720
-371.6 147.6 2283.6 -0.5762398839 -0.7938280702 -0.1943824887 -0.8163988590 0.5480554104 0.1820113808 -0.0379533730 0.2635758519 -0.9638917446
-4.1 212.8 2517.4 0.1843133718 0.9697146416 0.1602564305 -0.9778292775 0.1974028051 -0.0698715970 -0.0993905813 -0.1438251585 0.9845993519
45.7 -51.6 2490.5 -0.1982712150 0.9590051770 0.2024785578 -0.9387962818 -0.1264397204 -0.3204286695 -0.2816914320 -0.2536179125 0.9253798723
-246.0 -166.0 2490.2 0.9879851341 0.0019229773 -0.1545370817 0.0061114877 0.9986543655 0.0514986366 0.1544281542 -0.0518243387 0.9866439104
-246.7 -553.6 2510.3 0.9876474142 -0.0292569362 -0.1539372057 0.0217999052 0.9985157847 -0.0499092750 0.1551689208 0.0459369496 0.9868193269
-73.3 -172.4 2537.7 0.8135201931 0.0899281278 -0.5745414495 -0.0951637775 0.9952394962 0.0210295822 0.5736974478 0.0375675447 0.8182052970
-108.2 -558.7 2523.1 0.8089678288 -0.0910523012 -0.5807585716 0.0531972907 0.9952172637 -0.0819306374 0.5854409337 0.0353844725 0.8099424839
-224.7 355.7 2293.2 0 0 0 0 0 0 0 0 0
-8.4 -307.9 2413.6 0 0 0 0 0 0 0 0 0
-238.0 -851.9 2496.6 0 0 0 0 0 0 0 0 0
-83.1 -833.8 2513.3 0 0 0 0 0 0 0 0 0
-161.9 436.0 2401.8 1 0.9551567435 -0.1157707945 -0.2725302875 0.1966193616 0.9361700416 0.2914213836 0.2213966101 -0.3319378495 0.9169518948
-134.8 216.9 2479.5 0.9551567435 -0.1157707945 -0.2725302875 0.1966193616 0.9361700416 0.2914213836 0.2213966101 -0.3319378495 0.9169518948
-146.7 23.9 2495.7 0.9617046714 0.0615847707 -0.2670794725 -0.0366971493 0.9945882559 0.0971982926 0.2716200650 -0.0836749971 0.9587601423
-266.2 222.0 2442.4 0.5122846365 -0.7924525142 -0.3310339451 0.3605262935 0.5482819080 -0.7545911074 0.7794775367 0.2672189772 0.5665763617
-370.3 148.7 2284.0 -0.5742180347 -0.7924525142 -0.2056518197 -0.8183574677 0.5482819080 0.1722730398 -0.0237630270 0.2672189772 -0.9633427858
-3.4 211.9 2516.6 0.1826376766 0.9700640440 0.1600602567 -0.9780664444 0.1958466917 -0.0709236190 -0.1001477242 -0.1435962468 0.9845560193
45.7 -50.7 2489.7 -0.2069916427 0.9572619200 0.2020001262 -0.9369586706 -0.1345482320 -0.3224984109 -0.2815366685 -0.2560202479 0.9247652292
-245.2 -165.3 2489.2 0.9879999757 -0.0028674009 -0.1544275880 0.0132078091 0.9977338314 0.0659753308 0.1538884491 -0.0672232807 0.9857988358
-244.1 -552.6 2515.3 0.9880612493 -0.0207838695 -0.1526530981 0.0104463585 0.9976161718 -0.0682114065 0.1537068933 0.0658023804 0.9859230518
-72.9 -171.6 2537.9 0.8139349222 0.0866810083 -0.5744531155 -0.0917761326 0.9955750108 0.0201890264 0.5736611485 0.0362885334 0.8182884455
-106.5 -558.1 2523.8 0.8097661138 -0.0868029296 -0.5802965760 0.0483827554 0.9955067635 -0.0813966393 0.5847545862 0.0378358923 0.8103274107
-225.5 355.0 2290.0 0 0 0 0 0 0 0 0 0
-10.9 -306.5 2412.8 0 0 0 0 0 0 0 0 0
-237.9 -848.4 2495.8 0 0 0 0 0 0 0 0 0
-82.4 -835.5 2513.2 0 0 0 0 0 0 0 0 0
-160.9 432.2 2389.4 2 0.9543127418 -0.1101268828 -0.2777755857 0.2057918012 0.9162307978 0.3437598348 0.2166493386 -0.3852183223 0.8970339298
-134.9 216.2 2480.2 0.9543127418 -0.1101268828 -0.2777755857 0.2057918012 0.9162307978 0.3437598348 0.2166493386 -0.3852183223 0.8970339298
-147.1 23.1 2495.8 0.9603471160 0.0629109740 -0.2716165781 -0.0384445824 0.9947840571 0.0944813043 0.2761437595 -0.0802926645 0.9577565789
-266.1 221.4 2442.5 0.5138627887 -0.7918698788 -0.3299805820 0.3584509790 0.5476545691 -0.7560339570 0.7793958783 0.2702158689 0.5652658343
-371.3 148.1 2282.9 -0.5748537779 -0.7918698788 -0.2061196268 -0.8178058863 0.5476545691 0.1768276393 -0.0271421187 0.2702158689 -0.9624171257
-3.7 210.9 2517.9 0.1839258075 0.9705459476 0.1556017101 -0.9773645997 0.1974134892 -0.0760677755 -0.1045451462 -0.1380887777 0.9848867059
45.6 -51.3 2489.9 -0.2128689438 0.9569180608 0.1974705309 -0.9355986714 -0.1413623840 -0.3235301673 -0.2816769779 -0.2536227107 0.9253829718
-244.9 -165.9 2487.6 0.9872010350 -0.0086497953 -0.1592461020 0.0226750560 0.9959965348 0.0864678770 0.1578606367 -0.0889720917 0.9834449291
-241.5 -552.5 2522.2 0.9878484607 -0.0101296408 -0.1550897509 -0.0045774011 0.9955446720 -0.0941795856 0.1553527862 0.0937450677 0.9834009409
-72.5 -172.5 2536.3 0.8117151260 0.0795129612 -0.5786157846 -0.0866144970 0.9961231947 0.0153787797 0.5775954127 0.0376333259 0.8154552579
-103.4 -559.2 2521.7 0.8086948991 -0.0766740069 -0.5832098126 0.0461317897 0.9966815710 -0.0670650974 0.5864166021 0.0273306891 0.8095483780
-226.0 354.8 2289.8 0 0 0 0 0 0 0 0 0
-12.5 -306.7 2413.0 0 0 0 0 0 0 0 0 0
-238.5 -847.7 2494.4 0 0 0 0 0 0 0 0 0
-82.2 -835.0 2514.1 0 0 0 0 0 0 0 0 0
-159.3 430.6 2386.7 3 0.9548111558 -0.1050014496 -0.2780474722 0.2044966966 0.9109649658 0.3582233191 0.2156775296 -0.3988953829 0.8912719488
-134.7 217.5 2480.0 0.9548111558 -0.1050014496 -0.2780474722 0.2044966966 0.9109649658 0.3582233191 0.2156775296 -0.3988953829 0.8912719488
-146.0 24.3 2495.5 0.9606719613 0.0581677034 -0.2715251744 -0.0340306722 0.9951053858 0.0927747637 0.2755926549 -0.0798859298 0.9579493403
-265.9 222.1 2442.4 0.5226672292 -0.7871565223 -0.3274194896 0.3605543077 0.5521107316 -0.7517807484 0.7725409865 0.2748786807 0.5723828673
-372.5 148.6 2284.8 -0.5786546469 -0.7871565223 -0.2134088874 -0.8153418899 0.5521107316 0.1743310541 -0.0194004904 0.2748786807 -0.9612831473
-3.4 212.8 2517.7 0.1753769964 0.9720978141 0.1557841301 -0.9794919491 0.1882287115 -0.0718710274 -0.0991887152 -0.1399847716 0.9851729870
43.8 -51.0 2491.0 -0.1977930218 0.9605059028 0.1957200319 -0.9381429553 -0.1275993586 -0.3218791783 -0.2841930985 -0.2472788244 0.9263300896
-245.4 -166.6 2486.6 0.9872714877 0.0021478450 -0.1590296030 0.0094513744 0.9973493814 0.0721452162 0.1587630212 -0.0727299601 0.9846342802
-246.2 -553.7 2514.9 0.9870658517 -0.0297002196 -0.1575401574 0.0174080823 0.9967353344 -0.0788391680 0.1593673825 0.0750769824 0.9843604565
-73.3 -173.5 2536.1 0.8122344017 0.0816411600 -0.5775898099 -0.0856193677 0.9961190820 0.0203973856 0.5770134926 0.0328854136 0.8160722852
-105.0 -560.2 2523.3 0.8084307313 -0.0823569968 -0.5828010440 0.0459906608 0.9959738851 -0.0769476146 0.5867918134 0.0354034118 0.8089635372
-226.3 354.6 2289.7 0 0 0 0 0 0 0 0 0
-10.2 -307.1 2413.4 0 0 0 0 0 0 0 0 0
-237.4 -851.5 2492.4 0 0 0 0 0 0 0 0 0
-82.6 -831.8 2513.7 0 0 0 0 0 0 0 0 0
-162.8 437.7 2394.8 4 0.9537081718 -0.1232726127 -0.2743074596 0.2082794756 0.9287103415 0.3067845404 0.2169340402 -0.3497155309 0.9113938212
-133.3 215.9 2478.3 0.9537081718 -0.1232726127 -0.2743074596 0.2082794756 0.9287103415 0.3067845404 0.2169340402 -0.3497155309 0.9113938212
-146.5 23.0 2495.9 0.9608710408 0.0680143088 -0.2685160041 -0.0409010462 0.9935976267 0.1053130031 0.2739596665 -0.0902096331 0.9575011134
-264.6 221.5 2440.9 0.5369680524 -0.7809060216 -0.3191410899 0.3576934934 0.5533747077 -0.7522179484 0.7640161514 0.2897623181 0.5764695406
-373.6 148.9 2285.8 -0.5819051266 -0.7809060216 -0.2270950675 -0.8131111264 0.5533747077 0.1806287616 -0.0153854275 0.2897623181 -0.9569749832
-2.0 210.3 2515.8 0.1860039681 0.9699612856 0.1567723751 -0.9783952832 0.1975006908 -0.0611244664 -0.0902510211 -0.1420159638 0.9857414365
