-247.9 500.5 2304.5 22 0.9766464233 0.1526764333 -0.1511676013 -0.1202241778 0.9714692235 0.2044349313 0.1780670732 -0.1814866513 0.9671373963
-289.5 236.2 2353.9 0.9766464233 0.1526764333 -0.1511676013 -0.1202241778 0.9714692235 0.2044349313 0.1780670732 -0.1814866513 0.9671373963
-272.5 46.4 2398.4 0.9847456813 -0.0866627619 -0.1508824974 0.1179682910 0.9699440002 0.2128194571 0.1279040575 -0.2273723930 0.9653716087
-429.7 219.5 2335.7 0.2892611027 -0.3839849234 -0.8768600821 0.9567164779 0.0853815228 0.2782150209 -0.0319627300 -0.9193832278 0.3920622468
-494.9 3.7 2342.9 -0.5118876696 -0.3839849234 -0.7684572935 0.8090081215 0.0853815228 -0.5815632343 0.2889235616 -0.9193832278 0.2669411898
-149.2 253.0 2372.1 0.5318015218 0.8050436974 0.2628531158 -0.0880067199 0.3612371683 -0.9283116460 -0.8422837853 0.4705446959 0.2629557252
-36.9 234.4 2194.2 -0.4643349648 0.8050436974 0.3691851199 0.8773745298 0.3612371683 0.3157872558 0.1208591536 0.4705446959 -0.8740599155
-342.8 -158.5 2421.5 0.9680225849 0.2271680683 -0.1064278632 -0.2348865718 0.9697431922 -0.0665316954 0.0880938172 0.0894026607 0.9920920730
-431.5 -537.0 2386.6 0.9860674143 0.0362420157 -0.1623500288 -0.0871870816 0.9437813759 -0.3188653886 0.1416666061 0.3285776079 0.9337919354
-165.7 -136.4 2449.1 -0.8037970662 -0.0166444313 0.5946706533 -0.0239913817 0.9997022748 -0.0044473796 -0.5944195986 -0.0178417619 -0.8039571047
-159.2 -527.1 2456.1 -0.8162374496 -0.0473166369 0.5757755637 0.0989034101 0.9704818130 0.2199617475 -0.5691875815 0.2364871949 -0.7874638438
-358.2 -212.4 2265.7 0 0 0 0 0 0 0 0 0
-154.6 456.8 2224.8 0 0 0 0 0 0 0 0 0
-440.3 -767.3 2306.4 0 0 0 0 0 0 0 0 0
-147.9 -757.5 2399.9 0 0 0 0 0 0 0 0 0
-244.3 500.3 2309.4 23 0.9768702984 0.1608946919 -0.1408451796 -0.1327089816 0.9726440310 0.1906618923 0.1676687151 -0.1675605178 0.9714992046
-288.1 235.7 2355.0 0.9768702984 0.1608946919 -0.1408451796 -0.1327089816 0.9726440310 0.1906618923 0.1676687151 -0.1675605178 0.9714992046
-269.4 45.5 2397.4 0.9854667783 -0.0955387056 -0.1404547989 0.1230210885 0.9715711474 0.2022753507 0.1171367019 -0.2166145444 0.9692043662
-428.5 218.2 2338.3 0.2638904750 -0.3135797977 -0.9121565223 0.9645279646 0.0925577655 0.2472223490 0.0069032363 -0.9450401068 0.3268815875
-490.1 -7.0 2336.7 -0.4997203052 -0.3135797977 -0.8074325919 0.8301862478 0.0925577655 -0.5497488976 0.2471242994 -0.9450401068 0.2140766382
-147.7 253.3 2371.7 0.5383601189 0.8005818725 0.2631293535 -0.0809510276 0.3599253297 -0.9294625521 -0.8388178349 0.4790849686 0.2585773468
-35.7 236.4 2197.3 -0.4627922177 0.8005818725 0.3806468248 0.8792625070 0.3599253297 0.3120114505 0.1127862856 0.4790849686 -0.8704922795
-344.4 -154.5 2431.2 0.9690555930 0.2280828059 -0.0943899229 -0.2356793284 0.9686089754 -0.0790690407 0.0733926371 0.0988680497 0.9923903346
-433.6 -533.2 2392.5 0.9879288077 0.0251647029 -0.1528509259 -0.0764014572 0.9375119805 -0.3394614160 0.1347571313 0.3470417261 0.9281177521
-166.5 -133.1 2454.5 -0.8107906580 -0.0136581538 0.5851768851 -0.0242387783 0.9996536374 -0.0102518592 -0.5848342180 -0.0224960838 -0.8108408451
-161.2 -524.2 2463.3 -0.8251372576 -0.0537715442 0.5623674393 0.1040838659 0.9639486074 0.2448869944 -0.5552613139 0.2605987489 -0.7897931337
-356.5 -228.9 2270.6 0 0 0 0 0 0 0 0 0
-153.7 460.5 2226.0 0 0 0 0 0 0 0 0 0
-439.9 -768.9 2305.3 0 0 0 0 0 0 0 0 0
-148.3 -755.6 2400.7 0 0 0 0 0 0 0 0 0
-241.0 499.4 2308.3 24 0.9753113389 0.1813210249 -0.1260576546 -0.1540792435 0.9676551223 0.1997576654 0.1582006067 -0.1754030287 0.9717028141
-289.8 238.7 2355.6 0.9753113389 0.1813210249 -0.1260576546 -0.1540792435 0.9676551223 0.1997576654 0.1582006067 -0.1754030287 0.9717028141
-271.0 49.0 2400.0 0.9874283075 -0.0961922109 -0.1254286319 0.1216105893 0.9692188501 0.2140694708 0.1009759754 -0.2266317159 0.9687321186
-430.5 221.4 2341.2 0.2178987563 -0.2617004812 -0.9402303100 0.9751095772 0.0988533869 0.1984675229 0.0410059057 -0.9600733519 0.2767266631
-483.7 -16.5 2331.2 -0.4760288894 -0.2617004812 -0.8395888209 0.8521106243 0.0988533869 -0.5139411688 0.2174948454 -0.9600733519 0.1759406924
-149.2 256.1 2370.0 0.5604341030 0.7841151953 0.2666026354 -0.0773716941 0.3700684309 -0.9257769585 -0.8245770335 0.4982094467 0.2680673003
-32.4 239.9 2198.1 -0.4834828079 0.7841151953 0.3891114295 0.8675650954 0.3700684309 0.3322351575 0.1165127829 0.4982094467 -0.8591927290
-339.7 -156.0 2429.1 0.9676693082 0.2391605526 -0.0801143050 -0.2447115630 0.9671705365 -0.0685375184 0.0610927232 0.0859265476 0.9944266081
-433.3 -534.5 2395.5 0.9888258576 0.0255862046 -0.1468631625 -0.0761071369 0.9337458014 -0.3497520685 0.1281840354 0.3570212126 0.9252592921
-161.6 -133.7 2450.4 -0.8195632696 -0.0037345458 0.5729765296 -0.0199018307 0.9995608926 -0.0219518635 -0.5726429820 -0.0293942224 -0.8192777038
-160.2 -525.0 2461.9 -0.8320230246 -0.0554496162 0.5519629121 0.0953936204 0.9658691287 0.2408255190 -0.5464776158 0.2530261278 -0.7983357906
-356.3 -244.4 2273.0 0 0 0 0 0 0 0 0 0
-155.9 461.5 2227.9 0 0 0 0 0 0 0 0 0
-439.8 -771.2 2305.0 0 0 0 0 0 0 0 0 0
-146.7 -758.6 2400.7 0 0 0 0 0 0 0 0 0
-242.9 501.5 2324.8 25 0.9737852216 0.1821203530 -0.1362884492 -0.1632212996 0.9767493010 0.1389951855 0.1584334970 -0.1131062806 0.9808699489
-291.5 240.9 2355.0 0.9737852216 0.1821203530 -0.1362884492 -0.1632212996 0.9767493010 0.1389951855 0.1584334970 -0.1131062806 0.9808699489
-272.1 50.9 2398.4 0.9860919118 -0.0992024615 -0.1333475113 0.1257175356 0.9700068831 0.2080426663 0.1087096632 -0.2219133228 0.9689874649
-432.1 223.0 2339.5 0.2013411969 -0.2473532856 -0.9477753043 0.9786184430 0.0923275948 0.1837974489 0.0420429111 -0.9645164609 0.2606538534
-481.5 -17.6 2329.2 -0.4582729042 -0.2473532856 -0.8536992073 0.8659213185 0.0923275948 -0.4915851057 0.2004151791 -0.9645164609 0.1718772501
-151.0 258.8 2370.5 0.5612087846 0.7806885839 0.2748999894 -0.0490246005 0.3629066646 -0.9305349588 -0.8262211084 0.5087475181 0.2419393510
-31.2 248.3 2194.0 -0.4969834983 0.7806885839 0.3788571060 0.8540971279 0.3629066646 0.3725813329 0.1533802450 0.5087475181 -0.8471425176
-341.4 -151.9 2435.2 0.9680676460 0.2353468984 -0.0863528401 -0.2416997850 0.9676493406 -0.0723598599 0.0665296018 0.0909207091 0.9936333299
-433.5 -530.8 2399.6 0.9879803061 0.0225492250 -0.1529263109 -0.0768100545 0.9301404953 -0.3590806127 0.1341459602 0.3665108383 0.9206925035
-162.9 -129.9 2453.5 -0.8153848648 -0.0012495067 0.5789179206 -0.0150643149 0.9997048378 -0.0190598294 -0.5787232518 -0.0242620986 -0.8151630163
-162.4 -521.4 2463.0 -0.8271894455 -0.0612398088 0.5585761070 0.0920471773 0.9658493400 0.2422031313 -0.5543328524 0.2517632246 -0.7933034301
-358.8 -249.4 2275.5 0 0 0 0 0 0 0 0 0
-158.2 466.6 2233.2 0 0 0 0 0 0 0 0 0
-439.3 -771.9 2304.6 0 0 0 0 0 0 0 0 0
-147.4 -758.0 2401.3 0 0 0 0 0 0 0 0 0
-243.5 502.3 2323.5 26 0.9736638069 0.1858939677 -0.1319934279 -0.1659470797 0.9748433828 0.1488016397 0.1563342512 -0.1229788512 0.9800182581
-292.9 243.3 2356.2 0.9736638069 0.1858939677 -0.1319934279 -0.1659470797 0.9748433828 0.1488016397 0.1563342512 -0.1229788512 0.9800182581
-273.1 53.1 2398.5 0.9863680005 -0.1013170332 -0.1296651661 0.1263542473 0.9711233974 0.2023708075 0.1054172739 -0.2159958184 0.9706868529
-433.5 225.3 2341.2 0.1943022460 -0.2403625846 -0.9510375857 0.9797553420 0.0952203423 0.1761037260 0.0482293777 -0.9660015106 0.2539980710
-481.8 -18.5 2329.2 -0.4501007497 -0.2403625846 -0.8600204587 0.8707885146 0.0952203423 -0.4823489487 0.1978300810 -0.9660015106 0.1664462239
-152.3 261.3 2371.2 0.5537249446 0.7691277862 0.3191098273 -0.0287703853 0.4006654322 -0.9157726169 -0.8322024345 0.4979052246 0.2439865470
-36.9 255.3 2197.7 -0.5021654367 0.7691277862 0.3953129053 0.8607752919 0.4006654322 0.3138998449 0.0830408931 0.4979052246 -0.8632465601
-341.8 -150.4 2432.1 0.9702104330 0.2276652306 -0.0828268155 -0.2342265546 0.9688310623 -0.0806489065 0.0618842430 0.0976466462 0.9932952523
-430.9 -529.8 2393.8 0.9894328713 0.0313700102 -0.1415575743 -0.0784610733 0.9368561506 -0.3407996595 0.1219281927 0.3483051658 0.9294175506
-163.5 -127.7 2451.7 -0.8176779151 -0.0037876454 0.5756635666 -0.0236711837 0.9993538260 -0.0270474069 -0.5751891136 -0.0357427038 -0.8172392249
-162.1 -519.1 2465.7 -0.8315739632 -0.0603903979 0.5521211028 0.0964571685 0.9632632136 0.2506390810 -0.5469741821 0.2616809607 -0.7951995730
-361.2 -251.8 2276.2 0 0 0 0 0 0 0 0 0
-165.0 475.0 2218.9 0 0 0 0 0 0 0 0 0
-439.1 -772.5 2303.6 0 0 0 0 0 0 0 0 0
-147.1 -757.6 2400.9 0 0 0 0 0 0 0 0 0
-241.0 504.6 2324.9 27 0.9700472951 0.1964115649 -0.1429359615 -0.1762276143 0.9739943743 0.1424037963 0.1671885699 -0.1129491553 0.9794337749
-293.6 243.5 2355.2 0.9700472951 0.1964115649 -0.1429359615 -0.1762276143 0.9739943743 0.1424037963 0.1671885699 -0.1129491553 0.9794337749
-272.8 53.2 2396.9 0.9843745828 -0.1062722951 -0.1404025704 0.1329732388 0.9713282585 0.1970775574 0.1154331043 -0.2126679271 0.9702821970
-433.9 224.5 2338.7 0.2025495023 -0.2652069032 -0.9426764846 0.9787520170 0.0861925781 0.1860520244 0.0319094397 -0.9603312612 0.2770300508
-483.6 -15.8 2330.9 -0.4528377056 -0.2652069032 -0.8512363434 0.8681807518 0.0861925781 -0.4887054563 0.2029783130 -0.9603312612 0.1912162751
-153.4 262.4 2371.6 0.5271725059 0.7399675250 0.4177765548 0.0904460624 0.4399875998 -0.8934374452 -0.8449311852 0.5087819099 0.1650222093
-43.2 281.3 2195.1 -0.5258014202 0.7399675250 0.4195007980 0.8500931263 0.4399875998 0.2894003391 0.0295717046 0.5087819099 -0.8603874445
-342.4 -148.5 2431.3 0.9696639776 0.2274068743 -0.0896542072 -0.2343680710 0.9691199064 -0.0766695365 0.0694504976 0.0953557715 0.9930175543
-431.4 -528.1 2393.9 0.9885206819 0.0293680616 -0.1482039392 -0.0785005763 0.9379628897 -0.3377324939 0.1290912479 0.3454896510 0.9295011163
-164.1 -125.7 2450.3 -0.8119336367 0.0012544099 0.5837483406 -0.0299182478 0.9985940456 -0.0437590592 -0.5829825401 -0.0529941805 -0.8107545972
-164.5 -516.7 2471.1 -0.8288289309 -0.0722571388 0.5548166633 0.0978978127 0.9575990438 0.2709614038 -0.5508708358 0.2788959742 -0.7866119742
-362.3 -248.5 2276.5 0 0 0 0 0 0 0 0 0
-177.5 498.4 2202.7 0 0 0 0 0 0 0 0 0
-439.0 -771.1 2304.4 0 0 0 0 0 0 0 0 0
-146.3 -759.0 2400.5 0 0 0 0 0 0 0 0 0
-241.1 504.3 2332.1 28 0.9704887271 0.1980996728 -0.1375070512 -0.1843313277 0.9770615697 0.1066425070 0.1554787010 -0.0781484917 0.9847432375
-295.7 234.8 2353.6 0.9704887271 0.1980996728 -0.1375070512 -0.1843313277 0.9770615697 0.1066425070 0.1554787010 -0.0781484917 0.9847432375
-272.0 44.5 2393.1 0.9835005403 -0.1210750341 -0.1344155818 0.1449278742 0.9720178246 0.1848710179 0.1082710698 -0.2013013214 0.9735271931
-435.9 214.2 2338.2 0.2291963100 -0.2993203402 -0.9262161851 0.9732807875 0.0840708762 0.2136739343 0.0139108468 -0.9504417181 0.3105914891
-489.2 -12.4 2335.0 -0.4670091271 -0.2993203402 -0.8320515752 0.8557319045 0.0840708762 -0.5105437636 0.2227674425 -0.9504417181 0.2168761194
-155.6 255.5 2369.1 0.5472738743 0.7346137762 0.4010409713 0.0922841057 0.4232809246 -0.9012862444 -0.8318502903 0.5302601457 0.1638574153
-41.6 274.7 2195.8 -0.5098208785 0.7346137762 0.4476887286 0.8600536585 0.4232809246 0.2848525941 0.0197585300 0.5302601457 -0.8476047516
-341.0 -149.0 2428.1 0.9695900083 0.2326940745 -0.0758200511 -0.2380258292 0.9686568379 -0.0710465685 0.0569114983 0.0869331732 0.9945871830
-432.1 -528.4 2394.0 0.9900668263 0.0280343760 -0.1377744526 -0.0736895278 0.9380128980 -0.3386763334 0.1197396368 0.3454647362 0.9307612777
-163.0 -125.0 2448.9 -0.8166034222 0.0104687149 0.5771042109 -0.0259111319 0.9981626868 -0.0547710471 -0.5766172409 -0.0596796460 -0.8148317933
-167.1 -515.9 2472.3 -0.8324602842 -0.0844951272 0.5476042628 0.0878438503 0.9556790590 0.2809998989 -0.5470770597 0.2820249200 -0.7881425023
-364.1 -241.8 2275.3 0 0 0 0 0 0 0 0 0
-172.0 494.8 2200.9 0 0 0 0 0 0 0 0 0
-439.4 -771.1 2304.7 0 0 0 0 0 0 0 0 0
-145.5 -760.9 2400.0 0 0 0 0 0 0 0 0 0
-239.5 504.9 2329.2 29 0.9722794890 0.1995536536 -0.1218641847 -0.1865124702 0.9762188196 0.1104983240 0.1410164535 -0.0847060680 0.9863768220
-296.0 228.7 2353.2 0.9722794890 0.1995536536 -0.1218641847 -0.1865124702 0.9762188196 0.1104983240 0.1410164535 -0.0847060680 0.9863768220
-270.1 38.1 2389.8 0.9839830995 -0.1320631951 -0.1197356433 0.1515667140 0.9733697176 0.1719851643 0.0938341394 -0.1873784363 0.9777957201
-436.2 207.1 2339.8 0.1906519234 -0.2335800231 -0.9534632564 0.9800383449 0.1010554805 0.1712091714 0.0563616492 -0.9670719504 0.2481838167
-481.5 -26.1 2326.4 -0.4658291340 -0.2335800231 -0.8534890413 0.8613865972 0.1010554805 -0.4977960885 0.2025249749 -0.9670719504 0.1541281044
-155.7 250.3 2366.5 0.5566052198 0.7435547709 0.3705630600 0.0896433443 0.3896858096 -0.9165745974 -0.8259266019 0.5433887243 0.1502464265
-42.1 268.6 2197.9 -0.4845034480 0.7435547709 0.4608500004 0.8740413189 0.3896858096 0.2901666760 0.0361680984 0.5433887243 -0.8387017250
-337.2 -159.0 2422.7 0.9680729508 0.2447151095 -0.0543070659 -0.2479955405 0.9665575027 -0.0653052852 0.0365097150 0.0766881928 0.9963864684
-433.0 -537.5 2392.6 0.9919154644 0.0268205553 -0.1240339279 -0.0687202588 0.9352189302 -0.3473371863 0.1066830978 0.3530527651 0.9295011759
-159.4 -132.8 2442.3 -0.8257912993 0.0187030043 0.5636656284 -0.0239394307 0.9973866940 -0.0681664795 -0.5634675026 -0.0697851181 -0.8231855035
-166.7 -523.4 2469.6 -0.8396957517 -0.0901386440 0.5355241299 0.0758714154 0.9569843411 0.2800437212 -0.5377309918 0.2757824957 -0.7967367172
-356.7 -256.9 2272.1 0 0 0 0 0 0 0 0 0
-166.2 492.4 2207.2 0 0 0 0 0 0 0 0 0
-439.7 -770.6 2304.7 0 0 0 0 0 0 0 0 0
-144.1 -764.1 2400.3 0 0 0 0 0 0 0 0 0
-236.6 503.5 2325.2 30 0.9707815647 0.2127649039 -0.1109694615 -0.1991604418 0.9723422527 0.1220067665 0.1338590533 -0.0963411927 0.9863063097
-296.4 230.1 2352.3 0.9707815647 0.2127649039 -0.1109694615 -0.1991604418 0.9723422527 0.1220067665 0.1338590533 -0.0963411927 0.9863063097
-273.2 40.1 2393.4 0.9871729612 -0.1182199791 -0.1073014736 0.1376912296 0.9706079960 0.1973859668 0.0808127075 -0.2096285671 0.9744358063
-437.0 210.5 2340.8 0.1468605548 -0.1425059885 -0.9788380861 0.9848788977 0.1130039990 0.1313149929 0.0918994471 -0.9833219647 0.1569469720
-473.7 -35.3 2317.8 -0.4647503793 -0.1425059885 -0.8738988042 0.8694974184 0.1130039990 -0.4808371365 0.1672762334 -0.9833219647 0.0713899359
-155.7 249.7 2363.9 0.5691572428 0.7473697662 0.3427804708 0.0884005800 0.3588545620 -0.9291979074 -0.8174627423 0.5591617227 0.1381767392
-41.5 267.4 2199.8 -0.4684261680 0.7473697662 0.4711850286 0.8814347386 0.3588545620 0.3070769012 0.0604131073 0.5591617227 -0.8268545270
-333.2 -166.2 2418.0 0.9645859599 0.2593543530 -0.0480547734 -0.2616456151 0.9638776779 -0.0498141199 0.0333994143 0.0606233180 0.9976017475
-434.8 -543.7 2394.3 0.9912871122 0.0185481589 -0.1304065138 -0.0651438609 0.9295154214 -0.3629839420 0.1144821793 0.3683164716 0.9226249456
-155.3 -138.8 2435.0 -0.8316161036 0.0254609231 0.5547669530 -0.0249630827 0.9962249994 -0.0831421316 -0.5547896028 -0.0829910263 -0.8278411627
-165.3 -529.0 2467.5 -0.8452414870 -0.0850940421 0.5275659561 0.0761472955 0.9579869509 0.2765186727 -0.5289313793 0.2738977671 -0.8032506108
-349.2 -268.3 2273.0 0 0 0 0 0 0 0 0 0
-161.5 493.3 2215.3 0 0 0 0 0 0 0 0 0
-439.3 -770.5 2304.4 0 0 0 0 0 0 0 0 0
-144.6 -762.7 2400.7 0 0 0 0 0 0 0 0 0
-235.7 502.1 2325.3 31 0.9722411036 0.2117735296 -0.0994949117 -0.1999229789 0.9728016853 0.1169941425 0.1215650886 -0.0938551947 0.9881361723
-295.2 229.1 2351.6 0.9722411036 0.2117735296 -0.0994949117 -0.1999229789 0.9728016853 0.1169941425 0.1215650886 -0.0938551947 0.9881361723
-268.8 38.5 2387.6 0.9860899448 -0.1347351670 -0.0973297209 0.1499847770 0.9736649990 0.1717004478 0.0716324523 -0.1839100569 0.9803294539
-435.7 207.7 2341.3 0.1575084180 -0.1575035155 -0.9748762846 0.9838512540 0.1100171730 0.1411838233 0.0850161836 -0.9813709259 0.1722886711
-474.4 -34.0 2320.5 -0.4661307335 -0.1575035155 -0.8705829978 0.8678159118 0.1100171730 -0.4845531583 0.1720979065 -0.9813709259 0.0854016691
-154.7 250.5 2361.8 0.5619662404 0.7585710287 0.3297938108 0.1123307943 0.3250240088 -0.9390107393 -0.8194972277 0.5647383332 0.0974416360
-40.6 273.3 2195.5 -0.4601674378 0.7585710287 0.4613197744 0.8808465004 0.3250240088 0.3441930711 0.1111548841 0.5647383332 -0.8177500963
-339.3 -162.4 2427.1 0.9687243700 0.2458691001 -0.0334881507 -0.2477063835 0.9661553502 -0.0720095262 0.0146498391 0.0780526176 0.9968416095
-435.5 -540.7 2396.5 0.9940816164 0.0147133330 -0.1076350212 -0.0534082875 0.9289730787 -0.3662739396 0.0946009234 0.3698548079 0.9242608547
-160.8 -137.5 2441.7 -0.8384395242 0.0082598506 0.5449320674 -0.0309581477 0.9975488186 -0.0627530292 -0.5441146493 -0.0694847107 -0.8361286521
-164.1 -528.1 2469.0 -0.8527687788 -0.0724094436 0.5172448754 0.0818758979 0.9595648646 0.2693168521 -0.5158311129 0.2720149159 -0.8123583794
-349.4 -266.6 2274.3 0 0 0 0 0 0 0 0 0
-156.6 495.4 2223.5 0 0 0 0 0 0 0 0 0
-439.2 -772.9 2304.1 0 0 0 0 0 0 0 0 0
-146.4 -762.1 2402.6 0 0 0 0 0 0 0 0 0
-237.8 501.4 2338.8 32 0.9748358727 0.2096875012 -0.0756713822 -0.2048349828 0.9764934182 0.0671057478 0.0879638419 -0.0499169491 0.9948722124
-295.6 232.4 2352.5 0.9748358727 0.2096875012 -0.0756713822 -0.2048349828 0.9764934182 0.0671057478 0.0879638419 -0.0499169491 0.9948722124
-270.8 42.1 2391.4 0.9894530773 -0.1266005337 -0.0703910068 0.1379329860 0.9718645811 0.1909284741 0.0442388840 -0.1986240149 0.9790768027
-436.6 212.7 2346.2 0.1482848227 -0.1163384914 -0.9820778966 0.9830654263 0.1254635900 0.1335713118 0.1076755300 -0.9852533937 0.1329726875
-473.9 -34.9 2319.1 -0.4483608305 -0.1163384914 -0.8862493634 0.8785263300 0.1254635900 -0.4609233737 0.1648151577 -0.9852533937 0.0459534675
-154.7 252.0 2358.9 0.5662368536 0.7585747838 0.3223974705 0.1264956743 0.3065337539 -0.9434171319 -0.8144781590 0.5749794245 0.0776142851
-39.9 277.6 2193.8 -0.4588123262 0.7585747838 0.4626613855 0.8778595924 0.3065337539 0.3679668009 0.1373089999 0.5749794245 -0.8065636158
-331.5 -165.6 2417.1 0.9651558995 0.2614931762 -0.0097676534 -0.2616290450 0.9636082649 -0.0548575260 -0.0049326774 0.0555015653 0.9984464049
-433.9 -542.8 2395.3 0.9953262806 0.0180605575 -0.0948654115 -0.0518676750 0.9286138415 -0.3674044609 0.0814578086 0.3706077635 0.9252105355
-153.3 -138.5 2430.1 -0.8521682024 0.0206393413 0.5228607655 -0.0283417758 0.9959345460 -0.0855053514 -0.5224998593 -0.0876837447 -0.8481187820
-161.4 -528.4 2464.4 -0.8644368052 -0.0638434887 0.4986712933 0.0780442879 0.9628379941 0.2585576773 -0.4966468811 0.2624252141 -0.8273299932
-353.7 -270.4 2274.9 0 0 0 0 0 0 0 0 0
-154.3 496.5 2228.0 0 0 0 0 0 0 0 0 0
-438.4 -773.3 2303.4 0 0 0 0 0 0 0 0 0
-146.0 -760.5 2401.2 0 0 0 0 0 0 0 0 0
-238.7 502.5 2353.0 33 0.9776892662 0.1965204477 -0.0741848573 -0.1963085681 0.9804890156 0.0102091264 0.0747437403 0.0045817695 0.9971922636
-293.1 231.2 2351.8 0.9776892662 0.1965204477 -0.0741848573 -0.1963085681 0.9804890156 0.0102091264 0.0747437403 0.0045817695 0.9971922636
-270.2 41.2 2393.1 0.9909373522 -0.1168514043 -0.0662487075 0.1281090081 0.9704369903 0.2045486271 0.0403883979 -0.2111819237 0.9766119719
-434.3 213.0 2346.0 0.1878060997 -0.1730548292 -0.9668406844 0.9782754779 0.1209328175 0.1683815122 0.0877835304 -0.9774596095 0.1920072287
-480.1 -25.6 2324.6 -0.4452717602 -0.1730548292 -0.8785129786 0.8756152391 0.1209328175 -0.4676251113 0.1871658415 -0.9774596095 0.0976814777
-151.9 249.5 2357.5 0.5632238984 0.7547827959 0.3362762630 0.1210338697 0.3272166252 -0.9371659756 -0.8173919916 0.5685350895 0.0929419473
-39.6 273.6 2194.6 -0.4664349556 0.7547827959 0.4612388909 0.8771250248 0.3272166252 0.3515408039 0.1144119203 0.5685350895 -0.8146641850
-335.4 -160.6 2426.3 0.9681586027 0.2494778186 -0.0207298435 -0.2503297925 0.9641505480 -0.0880267024 -0.0019740183 0.0904131010 0.9959024191
-433.0 -537.9 2390.9 0.9958792329 0.0194212236 -0.0885852054 -0.0493725650 0.9354625940 -0.3499600589 0.0760715008 0.3528916538 0.9325667024
-156.6 -135.7 2434.3 -0.8536810279 0.0111124339 0.5206776261 -0.0321247913 0.9967448711 -0.0739432350 -0.5198044181 -0.0798505992 -0.8505452275
-160.9 -526.0 2465.6 -0.8669191003 -0.0609573312 0.4947075248 0.0818486661 0.9616127014 0.2619194388 -0.4916829467 0.2675541043 -0.8286511302
-360.7 -260.3 2274.4 0 0 0 0 0 0 0 0 0
-157.5 495.2 2223.5 0 0 0 0 0 0 0 0 0
-437.9 -773.9 2301.9 0 0 0 0 0 0 0 0 0
-146.2 -759.1 2400.8 0 0 0 0 0 0 0 0 0
-238.8 500.5 2353.1 34 0.9769796729 0.1966785043 -0.0826335400 -0.1958235949 0.9804663658 0.0184064023 0.0846395567 -0.0018010838 0.9964100122
-291.7 236.5 2353.6 0.9769796729 0.1966785043 -0.0826335400 -0.1958235949 0.9804663658 0.0184064023 0.0846395567 -0.0018010838 0.9964100122
-271.6 46.2 2394.9 0.9919560552 -0.1028993502 -0.0737220049 0.1159956530 0.9720848203 0.2039512247 0.0506775901 -0.2108620852 0.9762012959
-433.1 220.0 2346.4 0.1862584949 -0.1710062027 -0.9675043225 0.9783823490 0.1223523840 0.1667269170 0.0898651257 -0.9776434898 0.1900986135
-479.7 -25.1 2323.9 -0.4520876110 -0.1710062027 -0.8754277229 0.8718940616 0.1223523840 -0.4741631150 0.1881954968 -0.9776434898 0.0937852859
-150.4 253.0 2360.9 0.5582823753 0.7599450350 0.3328728378 0.0818757117 0.3487955928 -0.9336155653 -0.8256011009 0.5484753251 0.1325054020
-40.5 269.2 2198.3 -0.4637772143 0.7599450350 0.4554055631 0.8821883202 0.3487955928 0.3163627684 0.0815748647 0.5484753251 -0.8321781158
-336.8 -160.3 2430.8 0.9687252641 0.2458071709 -0.0339143574 -0.2479746342 0.9639358521 -0.0966245309 0.0089402627 0.1020125225 0.9947429299
-433.0 -537.7 2390.9 0.9950005412 0.0185358096 -0.0981345028 -0.0519230813 0.9353928566 -0.3497774005 0.0853109062 0.3531241417 0.9316788316
-157.7 -137.2 2438.1 -0.8488262296 0.0107220951 0.5285632014 -0.0305593964 0.9971274734 -0.0693028122 -0.5277879238 -0.0749786198 -0.8460603356
-161.9 -527.7 2467.5 -0.8627738357 -0.0673459247 0.5010846853 0.0830023140 0.9587749839 0.2717740536 -0.4987303317 0.2760707140 -0.8216161132
-358.5 -258.9 2273.4 0 0 0 0 0 0 0 0 0
-158.4 493.5 2219.1 0 0 0 0 0 0 0 0 0
-437.7 -772.7 2302.2 0 0 0 0 0 0 0 0 0
-145.6 -760.1 2400.6 0 0 0 0 0 0 0 0 0
-239.5 501.9 2360.7 35 0.9781908393 0.1940918416 -0.0739663392 -0.1960208565 0.9804016352 -0.0197095964 0.0686912537 0.0337786935 0.9970659614
-293.5 229.2 2351.3 0.9781908393 0.1940918416 -0.0739663392 -0.1960208565 0.9804016352 -0.0197095964 0.0686912537 0.0337786935 0.9970659614
-273.3 38.6 2391.4 0.9926258326 -0.1030768156 -0.0637900308 0.1138540953 0.9734154940 0.1987449825 0.0416082032 -0.2045421600 0.9779730439
-435.0 213.0 2345.4 0.2067876011 -0.2053744346 -0.9565877914 0.9757314324 0.1152611822 0.1861799508 0.0720208436 -0.9718725085 0.2242248803
-483.5 -16.2 2328.5 -0.4533822536 -0.2053744346 -0.8673326373 0.8688514233 0.1152611822 -0.4814687073 0.1988511533 -0.9718725085 0.1261824816
-152.1 245.4 2357.3 0.5741186142 0.7462309003 0.3369381428 0.1098537594 0.3375913501 -0.9348605275 -0.8113691807 0.5737347603 0.1118412092
-40.9 266.7 2200.1 -0.4550586939 0.7462309003 0.4858611524 0.8877437711 0.3375913501 0.3129585981 0.0695168450 0.5737347603 -0.8160856962
-341.0 -154.6 2431.6 0.9723923206 0.2320470214 -0.0246455166 -0.2333521247 0.9669161439 -0.1030533239 -0.0000830699 0.1059593409 0.9943704605
-431.9 -533.3 2390.1 0.9962794185 0.0250388272 -0.0824646652 -0.0520336814 0.9375384450 -0.3439681828 0.0687012374 0.3469793499 0.9353531003
-161.8 -133.7 2440.8 -0.8540388942 0.0001963533 0.5202091336 -0.0328045450 0.9979892969 -0.0542326458 -0.5191738009 -0.0633820146 -0.8523152471
-161.8 -524.5 2465.6 -0.8672996163 -0.0699306354 0.4928499460 0.0750670508 0.9603866935 0.2683698833 -0.4920938015 0.2697538733 -0.8276935220
-362.0 -249.1 2275.2 0 0 0 0 0 0 0 0 0
-157.0 493.2 2217.8 0 0 0 0 0 0 0 0 0
-438.3 -772.7 2301.5 0 0 0 0 0 0 0 0 0
-144.6 -761.6 2399.0 0 0 0 0 0 0 0 0 0
-238.9 503.8 2358.0 36 0.9773802757 0.1976981014 -0.0751216039 -0.1985195279 0.9800904989 -0.0035546788 0.0729232132 0.0183873773 0.9971680641
-293.6 232.4 2352.9 0.9773802757 0.1976981014 -0.0751216039 -0.1985195279 0.9800904989 -0.0035546788 0.0729232132 0.0183873773 0.9971680641
-275.3 42.9 2398.5 0.9936282039 -0.0936108008 -0.0627698600 0.1055765823 0.9680094719 0.2276208252 0.0394540504 -0.2327974886 0.9717246294
-435.2 217.3 2347.3 0.1746155322 -0.1459883153 -0.9737539887 0.9796884656 0.1247810200 0.1569721401 0.0985899195 -0.9813852906 0.1648117602
-479.0 -28.0 2322.6 -0.4575788975 -0.1459883153 -0.8771026134 0.8710033894 0.1247810200 -0.4751660228 0.1788144410 -0.9813852906 0.0700591579
-152.0 247.4 2358.5 0.5700901151 0.7507291436 0.3337708116 0.0932402834 0.3445098400 -0.9341409206 -0.8162741661 0.5636653900 0.1264034659
-41.1 265.5 2199.8 -0.4566247165 0.7507291436 0.4773882926 0.8872151375 0.3445098400 0.3068587184 0.0659028292 0.5636653900 -0.8233699799
-342.9 -162.3 2427.7 0.9731160998 0.2280290574 -0.0323690996 -0.2301400006 0.9682034850 -0.0980694145 0.0089771971 0.1028823480 0.9946530461
-432.2 -541.5 2387.4 0.9956891537 0.0247786567 -0.0893818513 -0.0540025719 0.9383502007 -0.3414420187 0.0754109994 0.3447969556 0.9356431961
-163.4 -141.8 2435.2 -0.8538535237 -0.0055146525 0.5204841495 -0.0428684093 0.9972919226 -0.0597590283 -0.5187450647 -0.0733377859 -0.8517776132
-161.3 -532.4 2463.9 -0.8686580658 -0.0631198734 0.4913746119 0.0785382539 0.9617619514 0.2623846829 -0.4891470969 0.2665142715 -0.8304849267
-356.3 -261.5 2274.6 0 0 0 0 0 0 0 0 0
-157.9 492.4 2216.6 0 0 0 0 0 0 0 0 0
-438.3 -773.1 2302.3 0 0 0 0 0 0 0 0 0
-146.3 -760.8 2400.6 0 0 0 0 0 0 0 0 0
-237.7 505.0 2354.1 37 0.9711246490 0.2092873603 -0.1145237386 -0.2091893107 0.9777886271 0.0130096329 0.1147027612 0.0113231661 0.9933353066
-295.0 237.2 2351.0 0.9711246490 0.2092873603 -0.1145237386 -0.2091893107 0.9777886271 0.0130096329 0.1147027612 0.0113231661 0.9933353066
-276.9 49.6 2403.5 0.9906771779 -0.0928008109 -0.0997331589 0.1158918738 0.9589214325 0.2589183450 0.0716084391 -0.2680627704 0.9607364535
-436.1 220.6 2340.9 0.1935222745 -0.1927952617 -0.9619662762 0.9793573618 0.0963073149 0.1777191907 0.0583809726 -0.9765013456 0.2074530572
-483.7 -20.2 2326.5 -0.4681304097 -0.1927952617 -0.8623710871 0.8655884266 0.0963073149 -0.4914077520 0.1777937263 -0.9765013456 0.1217969581
-153.9 253.8 2361.2 0.5777362585 0.7504376769 0.3210361004 0.0603558458 0.3529644310 -0.9336879849 -0.8139889240 0.5588017702 0.1586270332
-41.1 265.6 2202.3 -0.4589074850 0.7504376769 0.4756545424 0.8867046833 0.3529644310 0.2986150682 0.0562028661 0.5588017702 -0.8273946047
-346.8 -156.2 2440.5 0.9728429317 0.2175497115 -0.0790491328 -0.2257653028 0.9671611786 -0.1167443469 0.0510555580 0.1314204633 0.9900110960
-432.0 -534.8 2389.0 0.9914383292 0.0273772031 -0.1276736408 -0.0696105659 0.9380610585 -0.3394051790 0.1104736999 0.3453867137 0.9319353700
-167.2 -137.1 2447.6 -0.8346135020 -0.0183602981 0.5505298972 -0.0350033008 0.9991921782 -0.0197423641 -0.5497226715 -0.0357476063 -0.8345819712
-160.0 -528.2 2461.6 -0.8482753634 -0.0540613048 0.5267886519 0.0880229920 0.9665421247 0.2409320325 -0.5221885443 0.2507462204 -0.8151352406
-358.1 -252.3 2278.8 0 0 0 0 0 0 0 0 0
-158.5 492.5 2216.7 0 0 0 0 0 0 0 0 0
-438.9 -772.0 2301.7 0 0 0 0 0 0 0 0 0
-147.0 -760.4 2401.4 0 0 0 0 0 0 0 0 0
-238.2 503.4 2353.2 38 0.9752353430 0.1942463070 -0.1057565361 -0.1954004019 0.9807233810 -0.0005623786 0.1036086679 0.0212133210 0.9943919182
-293.2 225.4 2347.2 0.9752353430 0.1942463070 -0.1057565361 -0.1954004019 0.9807233810 -0.0005623786 0.1036086679 0.0212133210 0.9943919182
-275.2 37.7 2399.8 0.9914919138 -0.0920848027 -0.0920009688 0.1132271737 0.9587886333 0.2605837882 0.0642136782 -0.2687837183 0.9610577226
-434.5 209.2 2338.1 0.1918263882 -0.2149497867 -0.9576007724 0.9802455902 0.0898609832 0.1761917770 0.0481785648 -0.9724822044 0.2279412895
-479.6 -21.2 2326.7 -0.4494308829 -0.2149497867 -0.8670688868 0.8749538660 0.0898609832 -0.4757948220 0.1801876575 -0.9724822044 0.1476848423
-151.9 241.6 2356.3 0.5536465645 0.7040687799 0.4447051287 0.2376511246 0.3782266676 -0.8946879506 -0.7981212139 0.6010255814 0.0420811661
-43.5 288.1 2200.0 -0.4950490594 0.7040687799 0.5091302395 0.8682169318 0.3782266676 0.3211602569 0.0335522778 0.6010255814 -0.7985252142
-348.4 -148.6 2449.5 0.9740338922 0.2134853303 -0.0753793195 -0.2218417972 0.9664508104 -0.1294568479 0.0452132635 0.1428176463 0.9887157679
-432.0 -527.0 2393.6 0.9923089743 0.0271351486 -0.1207751185 -0.0670573488 0.9379517436 -0.3402203023 0.1040493026 0.3457025290 0.9325575233
-169.4 -127.6 2462.4 -0.8387711644 -0.0276598260 0.5437810421 -0.0299983732 0.9995394945 0.0045704371 -0.5436570644 -0.0124789961 -0.8392146826
-158.6 -518.8 2467.3 -0.8529235721 -0.0482876673 0.5197976828 0.0997843519 0.9622734785 0.2531261146 -0.5124104023 0.2677649260 -0.8159273863
-359.1 -255.7 2278.4 0 0 0 0 0 0 0 0 0
-170.3 510.4 2208.6 0 0 0 0 0 0 0 0 0
-439.1 -772.9 2302.9 0 0 0 0 0 0 0 0 0
-146.5 -758.4 2400.6 0 0 0 0 0 0 0 0 0
-239.4 500.4 2354.2 39 0.9770286083 0.1848709285 -0.1060086042 -0.1871205717 0.9822685122 -0.0115958573 0.1019851789 0.0311658755 0.9942976236
-292.1 220.6 2345.4 0.9770286083 0.1848709285 -0.1060086042 -0.1871205717 0.9822685122 -0.0115958573 0.1019851789 0.0311658755 0.9942976236
-274.2 32.6 2397.2 0.9914289713 -0.0916043893 -0.0931517407 0.1127710864 0.9600358009 0.2561522126 0.0659643412 -0.2644615471 0.9621376395
-433.3 204.5 2336.0 0.1779604703 -0.1642823964 -0.9702274799 0.9819577932 0.0937173814 0.1642435044 0.0639448613 -0.9819512963 0.1779963821
-475.8 -30.1 2320.7 -0.4526066482 -0.1642823964 -0.8764465451 0.8773376346 0.0937173814 -0.4706333280 0.1594550461 -0.9819512963 0.1017140225
-150.8 236.6 2354.8 0.5303031802 0.6558903456 0.5372024179 0.3340774477 0.4207072258 -0.8434439301 -0.7792116404 0.6267482042 0.0039842022
-45.8 302.8 2200.5 -0.5292955637 0.6558903456 0.5381951928 0.8482956290 0.4207072258 0.3215586245 -0.0155154122 0.6267482042 -0.7790673971
-346.9 -160.3 2446.6 0.9727931023 0.2182830572 -0.0776275471 -0.2273430526 0.9639155865 -0.1384988278 0.0445944555 0.1523787826 0.9873155951
-432.4 -537.8 2387.0 0.9924743772 0.0266959518 -0.1195072010 -0.0647927299 0.9426200986 -0.3275198638 0.1039064303 0.3327982724 0.9372559786
-167.7 -139.8 2458.2 -0.8383727074 -0.0200703982 0.5447278023 -0.0159491971 0.9997972846 0.0122904638 -0.5448640585 0.0016160181 -0.8385228515
-159.8 -531.2 2457.6 -0.8480138183 -0.0540382564 0.5272119045 0.0813375115 0.9697319865 0.2302261442 -0.5236952901 0.2381170541 -0.8179507852
-354.5 -265.3 2278.0 0 0 0 0 0 0 0 0 0
-181.4 520.1 2196.5 0 0 0 0 0 0 0 0 0
-439.0 -773.0 2303.9 0 0 0 0 0 0 0 0 0
-147.0 -760.3 2401.4 0 0 0 0 0 0 0 0 0
-240.3 500.7 2354.3 40 0.9796726108 0.1629216820 -0.1170388162 -0.1656712592 0.9860802889 -0.0140956650 0.1131131873 0.0331991054 0.9930273294
-286.6 221.0 2344.8 0.9796726108 0.1629216820 -0.1170388162 -0.1656712592 0.9860802889 -0.0140956650 0.1131131873 0.0331991054 0.9930273294
-270.9 31.5 2391.2 0.9910774231 -0.0798313096 -0.1067354605 0.1025678664 0.9681878090 0.2282371670 0.0851195008 -0.2371483445 0.9677371979
-427.8 206.4 2332.7 0.1963008195 -0.1633988172 -0.9668334126 0.9790250063 0.0875185207 0.1839851439 0.0545528755 -0.9826704860 0.1771514863
-475.7 -32.8 2319.4 -0.4590007067 -0.1633988172 -0.8732807040 0.8749435544 0.0875185207 -0.4762502313 0.1542469561 -0.9826704860 0.1027936786
-145.4 235.6 2356.9 0.4910469353 0.6415256262 0.5893367529 0.3804426789 0.4506655335 -0.8075667024 -0.7836684585 0.6207619905 -0.0227658041
-47.0 311.8 2199.9 -0.5484546423 0.6415256262 0.5363230109 0.8352432251 0.4506655335 0.3150703907 -0.0395765714 0.6207619905 -0.7829995155
-345.8 -165.6 2443.0 0.9710122943 0.2239324749 -0.0836024135 -0.2328627706 0.9651485682 -0.1194285899 0.0539448112 0.1354345232 0.9893166423
-433.5 -543.6 2389.9 0.9906170964 0.0241756905 -0.1345112622 -0.0697867274 0.9357197285 -0.3457721770 0.1175055578 0.3519149423 0.9286271334
-166.6 -145.2 2454.9 -0.8290805221 -0.0166417435 0.5588815808 -0.0239597652 0.9996962547 -0.0057756151 -0.5586156845 -0.0181791205 -0.8292273879
-160.1 -536.7 2462.0 -0.8424049616 -0.0566686057 0.5358568430 0.0949860960 0.9632650614 0.2511932850 -0.5304069519 0.2625054419 -0.8060765266
-352.7 -267.3 2278.1 0 0 0 0 0 0 0 0 0
-187.7 526.1 2189.8 0 0 0 0 0 0 0 0 0
-439.4 -770.2 2304.7 0 0 0 0 0 0 0 0 0
-147.1 -757.2 2401.9 0 0 0 0 0 0 0 0 0
-240.8 505.9 2334.3 41 0.9788571596 0.1683927476 -0.1161141992 -0.1608773023 0.9843898416 0.0713798478 0.1263214946 -0.0511905365 0.9906676412
-288.3 228.0 2348.7 0.9788571596 0.1683927476 -0.1161141992 -0.1608773023 0.9843898416 0.0713798478 0.1263214946 -0.0511905365 0.9906676412
-273.5 38.0 2393.6 0.9911604524 -0.0755828470 -0.1090330556 0.0982602909 0.9704189897 0.2205265164 0.0891397223 -0.2292907834 0.9692676663
-429.5 214.0 2336.0 0.2064939737 -0.2004835159 -0.9576881528 0.9773430824 0.0887625292 0.1921502650 0.0464838594 -0.9756677747 0.2142701000
-480.6 -27.8 2324.5 -0.4574519694 -0.2004835159 -0.8663394451 0.8721747994 0.0887625292 -0.4810741544 0.1733459234 -0.9756677747 0.1342520863
-147.1 242.0 2361.4 0.5017557740 0.6848046780 0.5284729004 0.3065390587 0.4305283427 -0.8489282131 -0.8088726401 0.5879522562 0.0061006998
-48.6 302.1 2202.7 -0.5243182778 0.6848046780 0.5060957074 0.8514266610 0.4305283427 0.2995296717 -0.0127692251 0.5879522562 -0.8087948561
-344.8 -167.3 2430.0 0.9706532359 0.2286004126 -0.0746600702 -0.2340068221 0.9694066048 -0.0741057470 0.0554353595 0.0894019455 0.9944517016
-434.3 -546.6 2395.0 0.9897196889 0.0215869397 -0.1413823813 -0.0728968456 0.9266393781 -0.3688163459 0.1230488718 0.3753311038 0.9186868668
-165.7 -148.8 2445.3 -0.8270546198 -0.0113657340 0.5620066524 -0.0410218760 0.9983500838 -0.0401780829 -0.5606227517 -0.0562840365 -0.8261563182
-161.2 -539.5 2467.4 -0.8465088606 -0.0599819459 0.5289847851 0.1077442542 0.9537681341 0.2805663943 -0.5213577151 0.2944970131 -0.8009104729
-358.0 -261.6 2278.1 0 0 0 0 0 0 0 0 0
-183.2 520.7 2199.5 0 0 0 0 0 0 0 0 0
-439.5 -771.0 2304.1 0 0 0 0 0 0 0 0 0
-147.5 -757.8 2399.9 0 0 0 0 0 0 0 0 0
-241.5 511.0 2322.8 42 0.9786410332 0.1702019572 -0.1152951792 -0.1570337564 0.9808676839 0.1150605455 0.1326728463 -0.0944977403 0.9866448641
-289.8 232.5 2349.6 0.9786410332 0.1702019572 -0.1152951792 -0.1570337564 0.9808676839 0.1150605455 0.1326728463 -0.0944977403 0.9866448641
-275.2 42.5 2394.4 0.9911068082 -0.0746618733 -0.1101494953 0.0975832194 0.9705698490 0.2201628834 0.0904700086 -0.2289536744 0.9692240953
-431.1 218.6 2336.7 0.2081606388 -0.2463641763 -0.9465589523 0.9775358438 0.0851104632 0.1928208768 0.0330579169 -0.9654330015 0.2585464716
-482.7 -24.0 2328.5 -0.4634166956 -0.2463641763 -0.8512048125 0.8645375967 0.0851104632 -0.4953089058 0.1944728196 -0.9654330015 0.1735494882
-148.6 246.4 2362.5 0.5370510817 0.7183099389 0.4422747493 0.1929508299 0.4057967365 -0.8933638334 -0.8211857677 0.5651193261 0.0793350860
-44.9 283.7 2204.0 -0.4925001562 0.7183099389 0.4914004505 0.8703117371 0.4057967365 0.2790815830 0.0010583762 0.5651193261 -0.8250085115
-348.3 -160.9 2430.4 0.9729514718 0.2180154026 -0.0763849840 -0.2237099558 0.9716740251 -0.0761804581 0.0576127879 0.0912079737 0.9941639304
-433.6 -541.2 2394.7 0.9902113676 0.0231437273 -0.1376437247 -0.0719263330 0.9297452569 -0.3611098528 0.1196161658 0.3674752712 0.9223089814
-169.1 -143.1 2446.5 -0.8260627985 -0.0258058943 0.5629869699 -0.0560935959 0.9977555275 -0.0365707576 -0.5607795715 -0.0617897063 -0.8256562948
-159.0 -533.7 2470.7 -0.8488150239 -0.0507796854 0.5262456536 0.1161728278 0.9531342983 0.2793545127 -0.5157683492 0.2982557416 -0.8031354547
-358.5 -255.7 2276.4 0 0 0 0 0 0 0 0 0
-171.4 507.1 2204.3 0 0 0 0 0 0 0 0 0
-439.4 -773.9 2302.8 0 0 0 0 0 0 0 0 0
-146.9 -759.9 2400.0 0 0 0 0 0 0 0 0 0
-239.6 508.7 2324.0 43 0.9789942503 0.1605880708 -0.1256252229 -0.1451037228 0.9816132784 0.1240171418 0.1432310641 -0.1031833813 0.9842957258
-283.7 239.1 2352.4 0.9789942503 0.1605880708 -0.1256252229 -0.1451037228 0.9816132784 0.1240171418 0.1432310641 -0.1031833813 0.9842957258
-270.2 47.7 2391.1 0.9900854230 -0.0685645193 -0.1225958839 0.0910596922 0.9778384566 0.1885206252 0.1069531515 -0.1978150755 0.9743871093
-424.8 226.2 2337.1 0.2438925505 -0.2405908257 -0.9394851923 0.9693183303 0.0910755172 0.2283139378 0.0306338631 -0.9663442969 0.2554217279
-486.3 -18.3 2329.4 -0.4638043046 -0.2405908257 -0.8526439071 0.8637839556 0.0910755172 -0.4955628514 0.1968828589 -0.9663442969 0.1655772775
-142.6 252.1 2367.6 0.5403487086 0.7492706776 0.3829056621 0.0915638059 0.3999983072 -0.9119306207 -0.8364444971 0.5278208256 0.1475324929
-36.3 270.1 2203.0 -0.4869603813 0.7492706776 0.4488463402 0.8729174733 0.3999983072 0.2793143094 0.0297442339 0.5278208256 -0.8488347530
-350.2 -156.4 2431.1 0.9731360674 0.2147271931 -0.0830568224 -0.2211089581 0.9721866250 -0.0772266760 0.0641640648 0.0935166702 0.9935479760
-434.2 -537.1 2394.5 0.9897177815 0.0211666748 -0.1414591968 -0.0705879033 0.9324468970 -0.3543446064 0.1244028881 0.3606864512 0.9243534207
-171.0 -138.8 2447.4 -0.8182740211 -0.0240889490 0.5743234158 -0.0469484366 0.9985842705 -0.0250065383 -0.5729079247 -0.0474257879 -0.8182464838
-161.6 -529.8 2466.0 -0.8373103738 -0.0589763671 0.5435376167 0.1019150987 0.9599024653 0.2611523569 -0.5371448994 0.2740602791 -0.7977257371
-362.0 -249.9 2276.6 0 0 0 0 0 0 0 0 0
-161.4 494.3 2210.6 0 0 0 0 0 0 0 0 0
-439.6 -772.8 2303.3 0 0 0 0 0 0 0 0 0
-147.4 -759.8 2400.3 0 0 0 0 0 0 0 0 0
-237.9 504.4 2317.7 44 0.9693565965 0.1792552173 -0.1679744273 -0.1555300802 0.9771041274 0.1451822966 0.1901531965 -0.1146083400 0.9750418663
-286.6 238.8 2348.8 0.9693565965 0.1792552173 -0.1679744273 -0.1555300802 0.9771041274 0.1451822966 0.1901531965 -0.1146083400 0.9750418663
-270.8 49.5 2395.6 0.9831039310 -0.0812612772 -0.1640222222 0.1172874048 0.9675951600 0.2236141264 0.1405359358 -0.2390736639 0.9607775211
-426.6 222.0 2328.9 0.2893653512 -0.3583478928 -0.8876116872 0.9559784532 0.0609988496 0.2870267034 -0.0487121232 -0.9315932393 0.3602238297
-494.6 -2.9 2340.3 -0.4536131024 -0.3583478928 -0.8159791231 0.8607808352 0.0609988496 -0.5053073764 0.2308496237 -0.9315932393 0.2807891071
-146.6 255.6 2368.7 0.5603538156 0.7524901628 0.3460667133 0.0427696630 0.3909807503 -0.9194045663 -0.8271483183 0.5299929976 0.1869038045
-33.7 264.2 2202.1 -0.4853543043 0.7524901628 0.4451850653 0.8731601238 0.3909807503 0.2910763323 0.0449732766 0.5299929976 -0.8468086123
-346.3 -151.9 2420.1 0.9672129154 0.2234631926 -0.1206787527 -0.2301815897 0.9721176028 -0.0447644144 0.1073107347 0.0710747465 0.9916818142
-433.8 -532.5 2392.3 0.9828801751 0.0229351949 -0.1828127950 -0.0846890882 0.9374297857 -0.3377175629 0.1636285335 0.3474181592 0.9233235121
-167.3 -135.5 2439.4 -0.7952820063 -0.0100334417 0.6061566472 -0.0541762225 0.9970387816 -0.0545760579 -0.6038141251 -0.0762426332 -0.7934705615
-163.4 -525.8 2469.3 -0.8174815178 -0.0637583956 0.5724148750 0.1078908294 0.9593085051 0.2609343827 -0.5657592416 0.2750673592 -0.7773380280
-373.1 -233.5 2278.5 0 0 0 0 0 0 0 0 0
-158.5 488.6 2213.6 0 0 0 0 0 0 0 0 0
-439.6 -772.2 2303.5 0 0 0 0 0 0 0 0 0
-147.8 -760.2 2402.0 0 0 0 0 0 0 0 0 0
-237.3 501.9 2327.0 45 0.9692971706 0.2011214197 -0.1414679438 -0.1844003648 0.9751401544 0.1228746250 0.1626638025 -0.0930152833 0.9822874665
-291.1 241.0 2351.8 0.9692971706 0.2011214197 -0.1414679438 -0.1844003648 0.9751401544 0.1228746250 0.1626638025 -0.0930152833 0.9822874665
-271.6 51.7 2397.3 0.9855897427 -0.0999057144 -0.1364980638 0.1282914877 0.9674216509 0.2182582319 0.1102459356 -0.2326246053 0.9662979245
-431.4 222.7 2336.2 0.2477986068 -0.3143197894 -0.9164054394 0.9687924981 0.0863307044 0.2323534787 0.0060806316 -0.9453835487 0.3259032667
-490.8 -9.2 2334.7 -0.4747603834 -0.3143197894 -0.8220739961 0.8480800986 0.0863307044 -0.5227878094 0.2352927774 -0.9453835487 0.2255819589
