-234.8 511.4 2325.1 2 0.9555763006 0.0740792304 -0.2852826118 -0.0107177095 0.9759934545 0.2175360322 0.2945488691 -0.2048147023 0.9334301949
-249.9 312.9 2366.8 0.9555763006 0.0740792304 -0.2852826118 -0.0107177095 0.9759934545 0.2175360322 0.2945488691 -0.2048147023 0.9334301949
-262.5 120.9 2403.0 0.9558029175 0.0645982698 -0.2868236601 -0.0075202817 0.9806163311 0.1957934946 0.2939118743 -0.1849830002 0.9377617240
-386.1 314.0 2324.9 0.5213296413 -0.5624362826 -0.6417794228 0.8212382793 0.1262853444 0.5564347506 -0.2319117635 -0.8171398044 0.5277304649
-520.4 102.3 2384.7 -0.3880899847 -0.5624362826 -0.7301038504 0.8323250413 0.1262853444 -0.5397101641 0.3957539797 -0.8171398044 0.4191196859
-113.7 311.9 2408.7 -0.2476696819 0.9553545713 -0.1611130834 -0.9688278437 -0.2451924235 0.0354011431 -0.0056830649 0.1648586243 0.9863008261
-176.1 67.5 2407.2 0.1553866714 0.9553545713 -0.2513019741 -0.0576262549 -0.2451924235 -0.9677602649 -0.9861714840 0.1648586243 0.0169538707
-362.3 -68.4 2409.2 0.9440605044 0.1379173398 -0.2995472252 -0.1464303136 0.9892024994 -0.0060454453 0.2954790890 0.0495700575 0.9540623426
-416.3 -455.9 2389.8 0.9431088567 0.0810639113 -0.3224504292 -0.1586356461 0.9620260596 -0.2221274525 0.2921991944 0.2606424987 0.9201549292
-190.3 -70.3 2464.7 -0.6825254560 -0.0555881411 0.7287448049 -0.0365043245 0.9984517097 0.0419720933 -0.7299495935 0.0020446852 -0.6834979057
-168.5 -461.4 2463.9 -0.6974805593 -0.0614050440 0.7139679790 0.0982922614 0.9787072539 0.1801964641 -0.7098305821 0.1958610713 -0.6765936613
-416.4 -120.9 2278.6 0 0 0 0 0 0 0 0 0
-136.1 52.7 2153.5 0 0 0 0 0 0 0 0 0
-442.1 -762.3 2306.8 0 0 0 0 0 0 0 0 0
-150.2 -753.2 2405.5 0 0 0 0 0 0 0 0 0
-234.8 519.4 2324.7 3 0.9619783759 0.0681114569 -0.2644966543 -0.0097466595 0.9763503075 0.2159746140 0.2729517519 -0.2051849514 0.9398917556
-248.6 321.3 2366.4 0.9619783759 0.0681114569 -0.2644966543 -0.0097466595 0.9763503075 0.2159746140 0.2729517519 -0.2051849514 0.9398917556
-260.6 129.2 2402.7 0.9620549679 0.0613728873 -0.2658638060 -0.0085882479 0.9807036519 0.1953114569 0.2727204263 -0.1856170595 0.9440179467
-385.7 322.5 2327.5 0.5071319938 -0.5537994504 -0.6603963375 0.8352949023 0.1270110458 0.5349304676 -0.2123665661 -0.8229060769 0.5269972086
-520.3 100.6 2383.9 -0.3968340456 -0.5537994504 -0.7320033312 0.8285765052 0.1270110458 -0.5452789664 0.3949476779 -0.8229060769 0.4084629118
-111.5 320.1 2405.2 -0.2486461997 0.9585050941 -0.1394384354 -0.9685934782 -0.2462515384 0.0344506167 -0.0013158380 0.1436251849 0.9896312952
-174.2 75.9 2404.9 0.1336111277 0.9585050941 -0.2518254817 -0.0569940954 -0.2462515384 -0.9675287604 -0.9893935919 0.1436251849 0.0217271838
-361.6 -70.5 2412.7 0.9494658113 0.1384001970 -0.2817091048 -0.1528887451 0.9877877831 -0.0300047360 0.2741161585 0.0715586245 0.9590306282
-415.8 -457.3 2384.6 0.9496023059 0.0828668252 -0.3023054302 -0.1513131857 0.9657986760 -0.2105641365 0.2745173872 0.2456949949 0.9296634793
-188.8 -71.8 2465.8 -0.6989738941 -0.0509177633 0.7133322358 -0.0266626142 0.9986240864 0.0451560058 -0.7146499753 0.0125435665 -0.6993697882
-168.8 -463.0 2460.9 -0.7111032009 -0.0637072921 0.7001953721 0.0872159079 0.9802017212 0.1777582467 -0.6976572275 0.1874726415 -0.6914682984
-413.9 -121.5 2278.0 0 0 0 0 0 0 0 0 0
-139.8 61.3 2150.2 0 0 0 0 0 0 0 0 0
-442.0 -763.1 2306.8 0 0 0 0 0 0 0 0 0
-150.0 -753.3 2405.4 0 0 0 0 0 0 0 0 0
-234.7 519.8 2324.5 4 0.9617626667 0.0670627058 -0.2655468881 -0.0076456703 0.9757551551 0.2187314630 0.2737774551 -0.2083374709 0.9389576316
-248.3 321.4 2366.8 0.9617626667 0.0670627058 -0.2655468881 -0.0076456703 0.9757551551 0.2187314630 0.2737774551 -0.2083374709 0.9389576316
-260.1 129.4 2403.7 0.9618466496 0.0600406304 -0.2669197917 -0.0063536530 0.9802614450 0.1976034641 0.2735154331 -0.1883683056 0.9432426691
-385.4 322.3 2327.9 0.5130735040 -0.5549604893 -0.6548087001 0.8291235566 0.1230740473 0.5453502536 -0.2220578939 -0.8227220774 0.5232768059
-519.7 105.2 2386.0 -0.3966831863 -0.5549604893 -0.7312054038 0.8301578164 0.1230740473 -0.5437745452 0.3917658031 -0.8227220774 0.4118833840
-111.2 320.5 2405.8 -0.2472481281 0.9587273002 -0.1403934360 -0.9689516425 -0.2444805056 0.0369058326 0.0010591749 0.1451593339 0.9894077182
-173.5 76.4 2406.1 0.1345575005 0.9587273002 -0.2504720092 -0.0596151277 -0.2444805056 -0.9678198695 -0.9891108871 0.1451593339 0.0242579672
-359.6 -62.1 2414.4 0.9488062263 0.1378049105 -0.2842120528 -0.1554735005 0.9870111346 -0.0404601134 0.2749448717 0.0825762525 0.9579073191
-413.5 -448.6 2382.1 0.9493171573 0.0854298770 -0.3024875224 -0.1498622298 0.9689494967 -0.1966677755 0.2762938142 0.2320315540 0.9326430559
-185.7 -63.6 2463.7 -0.6987286210 -0.0412165932 0.7141984701 -0.0218181126 0.9991022944 0.0363129489 -0.7150540352 0.0097904336 -0.6990006566
-169.5 -455.0 2459.8 -0.7094783783 -0.0657638907 0.7016520500 0.0811317787 0.9813942313 0.1740200818 -0.7000414729 0.1803897470 -0.6909424067
-413.3 -117.4 2281.0 0 0 0 0 0 0 0 0 0
-138.9 61.0 2151.4 0 0 0 0 0 0 0 0 0
-441.2 -762.0 2307.0 0 0 0 0 0 0 0 0 0
-149.5 -754.3 2404.8 0 0 0 0 0 0 0 0 0
-233.1 518.0 2324.9 5 0.9663599133 0.0698354989 -0.2475307733 -0.0151507175 0.9762160182 0.2162700295 0.2567468286 -0.2052444220 0.9444341063
-247.3 319.5 2366.6 0.9663599133 0.0698354989 -0.2475307733 -0.0151507175 0.9762160182 0.2162700295 0.2567468286 -0.2052444220 0.9444341063
-259.1 127.5 2403.1 0.9666299820 0.0605729334 -0.2489124238 -0.0110984631 0.9806333780 0.1955375820 0.2559361160 -0.1862499416 0.9485819340
-385.0 321.1 2330.2 0.5208299756 -0.5335078239 -0.6664124131 0.8281771541 0.1264655441 0.5460119247 -0.2070234567 -0.8362869620 0.5077060461
-521.3 104.4 2384.3 -0.4105600119 -0.5335078239 -0.7394659519 0.8257343173 0.1264655441 -0.5496992469 0.3867858052 -0.8362869620 0.3886140585
-109.5 318.0 2403.1 -0.2511317432 0.9602014422 -0.1222538650 -0.9679500461 -0.2488120794 0.0341360122 0.0023592121 0.1269082725 0.9919116497
-172.8 74.1 2403.7 0.1163274944 0.9602014422 -0.2539312243 -0.0568392016 -0.2488120794 -0.9668825269 -0.9915831685 0.1269082725 0.0256333984
-358.8 -62.0 2415.9 0.9536491036 0.1341355592 -0.2693715990 -0.1556539983 0.9859828353 -0.0600803122 0.2575368583 0.0992242992 0.9611603618
-411.3 -448.1 2377.0 0.9542605877 0.0936176777 -0.2839408815 -0.1495071203 0.9718606472 -0.1820288152 0.2589098513 0.2161541134 0.9414048195
-184.9 -63.1 2465.3 -0.7116887569 -0.0413366519 0.7012776732 -0.0170688331 0.9989900589 0.0415630043 -0.7022874951 0.0176099315 -0.7116755843
-168.7 -454.4 2458.4 -0.7209538221 -0.0628806576 0.6901243329 0.0768449381 0.9824785590 0.1697962880 -0.6887092590 0.1754478514 -0.7034896016
-411.2 -117.0 2280.6 0 0 0 0 0 0 0 0 0
-142.9 59.5 2148.4 0 0 0 0 0 0 0 0 0
-441.4 -760.6 2307.5 0 0 0 0 0 0 0 0 0
-149.5 -754.3 2404.9 0 0 0 0 0 0 0 0 0
-235.5 515.7 2328.1 6 0.9584348798 0.0590527691 -0.2791331112 -0.0008121306 0.9789065719 0.2043067068 0.2853101194 -0.1955879927 0.9382662177
-247.4 317.1 2367.8 0.9584348798 0.0590527691 -0.2791331112 -0.0008121306 0.9789065719 0.2043067068 0.2853101194 -0.1955879927 0.9382662177
-257.5 124.6 2402.7 0.9585605264 0.0514901243 -0.2801971734 0.0014172283 0.9826573133 0.1854253113 0.2848853767 -0.1781384796 0.9418635964
-384.0 316.9 2327.2 0.5321608186 -0.5254622102 -0.6638481021 0.8190412521 0.1209338382 0.5608444214 -0.2144208550 -0.8421784043 0.4947314858
-521.1 105.8 2382.4 -0.4102541804 -0.5254622102 -0.7453730106 0.8311586380 0.1209338382 -0.5427249074 0.3753222525 -0.8421784043 0.3871288598
-110.9 317.3 2408.4 -0.2364449203 0.9596187472 -0.1523996294 -0.9715805054 -0.2353089154 0.0257114898 -0.0111877620 0.1541478634 0.9879844785
-170.5 72.6 2405.5 0.1468759626 0.9596187472 -0.2399151772 -0.0482335836 -0.2353089154 -0.9707230330 -0.9879782200 0.1541478634 0.0117246285
-358.4 -63.6 2416.4 0.9453066587 0.1399174780 -0.2946497500 -0.1617274582 0.9855232239 -0.0508743450 0.2832659483 0.0957448110 0.9542501569
-413.2 -449.6 2378.9 0.9465164542 0.0870913789 -0.3106794059 -0.1491276473 0.9719485641 -0.1818705350 0.2861250639 0.2184743285 0.9329530597
-183.6 -65.6 2462.7 -0.6901931167 -0.0424963050 0.7223762870 -0.0174990669 0.9989623427 0.0420479923 -0.7234135866 0.0163803231 -0.6902205944
-167.0 -456.9 2456.3 -0.6993345618 -0.0578992777 0.7124456763 0.0801154971 0.9840846062 0.1586160511 -0.7102905512 0.1680036336 -0.6835657358
-411.1 -117.1 2281.8 0 0 0 0 0 0 0 0 0
-132.7 60.1 2151.2 0 0 0 0 0 0 0 0 0
-441.0 -760.1 2309.1 0 0 0 0 0 0 0 0 0
-149.4 -755.7 2405.3 0 0 0 0 0 0 0 0 0
-236.3 514.8 2333.2 7 0.9559128881 0.0541260578 -0.2886190414 0.0016103237 0.9818850160 0.1894708425 0.2936460376 -0.1815823913 0.9385094047
-247.3 315.0 2370.1 0.9559128881 0.0541260578 -0.2886190414 0.0016103237 0.9818850160 0.1894708425 0.2936460376 -0.1815823913 0.9385094047
-256.5 122.2 2403.3 0.9560666084 0.0471359082 -0.2893352509 0.0045952904 0.9844573736 0.1755634546 0.2931135595 -0.1691799313 0.9409902096
-383.5 314.3 2328.4 0.5472587347 -0.5344170928 -0.6441321373 0.8055926561 0.1276076585 0.5785644054 -0.2269985229 -0.8355325460 0.5003569126
-523.2 108.7 2386.3 -0.4033871889 -0.5344170928 -0.7427496910 0.8301842809 0.1276076585 -0.5426880717 0.3848023415 -0.8355325460 0.3921893835
-111.1 315.6 2411.9 -0.2305965126 0.9596304297 -0.1610426754 -0.9728063941 -0.2310584784 0.0161138810 -0.0217469055 0.1603791416 0.9868158698
-169.2 70.6 2406.4 0.1556092650 0.9596304297 -0.2342973500 -0.0388455167 -0.2310584784 -0.9721640944 -0.9870545864 0.1603791416 0.0013224964
-354.2 -67.9 2411.9 0.9419198036 0.1525638998 -0.2991844118 -0.1715811342 0.9844292998 -0.0381948203 0.2886987627 0.0873108581 0.9534305930
-413.9 -453.5 2377.7 0.9439115524 0.0886793062 -0.3180674613 -0.1519093364 0.9718952179 -0.1798423082 0.2931799591 0.2180726528 0.9308543801
-181.0 -67.7 2463.3 -0.6835569143 -0.0355716869 0.7290298939 -0.0227516983 0.9993647933 0.0274296142 -0.7295425534 0.0021630330 -0.6839320064
-167.0 -459.1 2462.5 -0.6955738068 -0.0584051535 0.7160767913 0.0954535082 0.9803419113 0.1726797819 -0.7120854855 0.1884635687 -0.6763252020
-415.1 -113.9 2283.1 0 0 0 0 0 0 0 0 0
-129.1 60.6 2152.3 0 0 0 0 0 0 0 0 0
-441.9 -759.8 2308.9 0 0 0 0 0 0 0 0 0
-149.5 -753.9 2405.8 0 0 0 0 0 0 0 0 0
-234.6 517.6 2335.7 8 0.9543074965 0.0592795946 -0.2928875387 -0.0034941784 0.9822728634 0.1874242127 0.2988058925 -0.1778369397 0.9375975132
-246.7 317.7 2371.9 0.9543074965 0.0592795946 -0.2928875387 -0.0034941784 0.9822728634 0.1874242127 0.2988058925 -0.1778369397 0.9375975132
-256.9 124.7 2403.9 0.9544326663 0.0523226522 -0.2938036919 -0.0012876776 0.9852228761 0.1712724268 0.2984235585 -0.1630896777 0.9403962493
-382.7 317.9 2329.4 0.5431265831 -0.5367054939 -0.6457249522 0.8102968335 0.1334634721 0.5706194043 -0.2200738788 -0.8331474662 0.5073783398
-524.5 106.3 2386.9 -0.4013517797 -0.5367054939 -0.7422021031 0.8281720281 0.1334634721 -0.5443515778 0.3912133574 -0.8331474662 0.3909186423
-110.7 317.5 2414.4 -0.2347179651 0.9576927423 -0.1665294468 -0.9716348648 -0.2362331599 0.0109371496 -0.0288653485 0.1643729508 0.9859758019
-169.8 72.8 2407.2 0.1609642506 0.9576927423 -0.2385688275 -0.0337810963 -0.2362331599 -0.9711090326 -0.9863819480 0.1643729508 -0.0056731855
-352.1 -71.0 2409.9 0.9403588772 0.1544489264 -0.3031017482 -0.1722548902 0.9845079780 -0.0327454880 0.2933486104 0.0830032676 0.9523954391
-412.6 -456.7 2377.4 0.9419121146 0.0925314277 -0.3228614628 -0.1571709514 0.9709832072 -0.1802468151 0.2968145609 0.2205211073 0.9291240573
-179.4 -70.2 2462.9 -0.6794300675 -0.0318834148 0.7330472469 -0.0202593505 0.9994897246 0.0246946365 -0.7334605455 0.0019272162 -0.6797292829
-166.9 -461.7 2462.2 -0.6913903356 -0.0573934950 0.7201981544 0.0985964984 0.9800181985 0.1727515310 -0.7157220840 0.1904477626 -0.6719163060
-416.9 -115.8 2282.0 0 0 0 0 0 0 0 0 0
-128.4 64.1 2153.2 0 0 0 0 0 0 0 0 0
-441.5 -759.7 2308.6 0 0 0 0 0 0 0 0 0
-149.8 -753.8 2405.4 0 0 0 0 0 0 0 0 0
-235.6 517.2 2339.0 9 0.9544553757 0.0615385436 -0.2919382751 -0.0072762878 0.9830073118 0.1834221482 0.2982649803 -0.1729440242 0.9386844039
-248.1 317.5 2374.1 0.9544553757 0.0615385436 -0.2919382751 -0.0072762878 0.9830073118 0.1834221482 0.2982649803 -0.1729440242 0.9386844039
-258.6 124.4 2404.6 0.9545981288 0.0535835512 -0.2930378616 -0.0048338678 0.9863465428 0.1646120101 0.2978573740 -0.1557218134 0.9418236017
-384.2 318.2 2331.7 0.5347668529 -0.5456359982 -0.6452175975 0.8166217804 0.1374920011 0.5605576038 -0.2171481550 -0.8266663551 0.5191044211
-522.6 106.9 2387.9 -0.3913457990 -0.5456359982 -0.7410329580 0.8304763436 0.1374920011 -0.5398194194 0.3964310288 -0.8266663551 0.3993308544
-112.1 316.9 2416.6 -0.2361161858 0.9574439526 -0.1659827679 -0.9710557461 -0.2388236076 0.0037460004 -0.0360540152 0.1620630026 0.9861215353
-171.6 72.3 2407.5 0.1603744626 0.9574439526 -0.2399607599 -0.0266203191 -0.2388236076 -0.9706979990 -0.9866971970 0.1620630026 -0.0128137451
-353.4 -68.1 2408.8 0.9414643645 0.1551855654 -0.2992696762 -0.1682831943 0.9855681658 -0.0183335338 0.2921055853 0.0676224306 0.9539924264
-414.2 -454.1 2382.4 0.9425109029 0.0885995105 -0.3222162127 -0.1574966162 0.9681816101 -0.1944714636 0.2947337329 0.2340394408 0.9264758825
-180.9 -68.3 2462.8 -0.6796494722 -0.0369291566 0.7326068878 -0.0203820802 0.9992970824 0.0314637087 -0.7332538366 0.0064522410 -0.6799244285
-166.4 -459.8 2460.3 -0.6904838681 -0.0538303591 0.7213420272 0.0936560035 0.9821799397 0.1629449725 -0.7172591090 0.1800688803 -0.6731378436
-417.6 -115.8 2281.6 0 0 0 0 0 0 0 0 0
-130.3 65.4 2153.4 0 0 0 0 0 0 0 0 0
-442.0 -758.1 2308.9 0 0 0 0 0 0 0 0 0
-150.3 -754.3 2406.3 0 0 0 0 0 0 0 0 0
-233.1 524.3 2331.6 0 0.9677082300 0.0666103810 -0.2431128621 -0.0166929848 0.9792713523 0.2018638551 0.2515196800 -0.1912870258 0.9487608075
-246.7 324.0 2370.8 0.9677082300 0.0666103810 -0.2431128621 -0.0166929848 0.9792713523 0.2018638551 0.2515196800 -0.1912870258 0.9487608075
-257.9 131.3 2404.2 0.9679540396 0.0572281331 -0.2445196956 -0.0127962595 0.9836630225 0.1795642972 0.2508011162 -0.1706810445 0.9528729320
-384.5 325.8 2335.1 0.5133557916 -0.5492832661 -0.6593585610 0.8359588385 0.1463770270 0.5289107561 -0.1940068752 -0.8227159977 0.5343216658
-521.8 102.3 2386.9 -0.3943510652 -0.5492832661 -0.7367327213 0.8226048946 0.1463770270 -0.5494496822 0.4096442759 -0.8227159977 0.3941191733
-109.0 322.1 2406.5 -0.2482686341 0.9615827799 -0.1171376109 -0.9686187506 -0.2479074299 0.0178775135 -0.0118485745 0.1179001108 0.9929547906
-171.5 78.2 2403.5 0.1113486439 0.9615827799 -0.2509183288 -0.0403354093 -0.2479074299 -0.9679436684 -0.9929624796 0.1179001108 0.0111816777
-355.4 -68.4 2408.2 0.9546549916 0.1501067430 -0.2571027875 -0.1639141589 0.9859220386 -0.0330137201 0.2485277057 0.0736594945 0.9658200145
-414.2 -454.5 2379.4 0.9565155506 0.0885824710 -0.2779049575 -0.1454530954 0.9707107544 -0.1912171394 0.2528268397 0.2233242989 0.9413845539
-182.8 -69.2 2462.0 -0.7149214149 -0.0403671786 0.6980385780 -0.0242389087 0.9991628528 0.0329558700 -0.6987845302 0.0066411640 -0.7153013945
-167.0 -460.6 2459.4 -0.7251332402 -0.0568441600 0.6862583756 0.0811184272 0.9825965762 0.1671040356 -0.6838139892 0.1768408865 -0.7079023123
-416.1 -118.3 2277.1 0 0 0 0 0 0 0 0 0
-142.8 67.8 2148.1 0 0 0 0 0 0 0 0 0
-442.1 -759.9 2309.1 0 0 0 0 0 0 0 0 0
-150.0 -754.1 2406.6 0 0 0 0 0 0 0 0 0
-234.1 529.0 2335.0 1 0.9745713472 0.0591377951 -0.2161329091 -0.0180958435 0.9821662903 0.1871415973 0.2233455926 -0.1784717292 0.9582612514
-246.2 328.5 2371.4 0.9745713472 0.0591377951 -0.2161329091 -0.0180958435 0.9821662903 0.1871415973 0.2233455926 -0.1784717292 0.9582612514
-256.3 135.5 2403.1 0.9747697711 0.0516753793 -0.2171486169 -0.0145721063 0.9854901433 0.1691059619 0.2227364480 -0.1616750658 0.9613790512
-385.0 330.5 2339.7 0.5044155121 -0.5424684882 -0.6717833877 0.8441452384 0.1461675912 0.5158041120 -0.1816145331 -0.8272623420 0.5316513777
-518.5 107.0 2387.8 -0.3878022432 -0.5424684882 -0.7452095747 0.8299720883 0.1461675912 -0.5383134484 0.4009435773 -0.8272623420 0.3935495913
-107.4 326.4 2403.1 -0.2482158095 0.9646416306 -0.0886305869 -0.9685846567 -0.2485847324 0.0070273918 -0.0152532952 0.0875905380 0.9960397482
-169.9 82.4 2399.3 0.0827971995 0.9646416306 -0.2502220869 -0.0296936966 -0.2485847324 -0.9681549072 -0.9961239696 0.0875905380 0.0080616567
-356.4 -60.1 2415.0 0.9625713229 0.1423514038 -0.2306351364 -0.1585292071 0.9859251380 -0.0531048626 0.2198294252 0.0876796246 0.9715901017
-412.1 -446.3 2380.7 0.9641383290 0.0924217775 -0.2487880886 -0.1433392614 0.9702630639 -0.1950472444 0.2233632803 0.2237136215 0.9487155080
-181.6 -62.5 2460.3 -0.7341100574 -0.0452299267 0.6775224805 -0.0309467763 0.9989709258 0.0331576318 -0.6783249378 0.0033742134 -0.7347542644
-163.9 -453.8 2459.0 -0.7445394993 -0.0480447933 0.6658473015 0.0824026018 0.9831652641 0.1630823910 -0.6624732018 0.1762888432 -0.7280463576
-414.6 -115.5 2280.3 0 0 0 0 0 0 0 0 0
-148.6 74.8 2143.0 0 0 0 0 0 0 0 0 0
-441.9 -759.0 2308.6 0 0 0 0 0 0 0 0 0
-149.2 -754.1 2405.1 0 0 0 0 0 0 0 0 0
-234.8 533.0 2336.6 2 0.9636065364 0.0551589914 -0.2615719140 -0.0060895905 0.9827563167 0.1848052889 0.2672551274 -0.1764867306 0.9473263025
-246.1 332.1 2372.7 0.9636065364 0.0551589914 -0.2615719140 -0.0060895905 0.9827563167 0.1848052889 0.2672551274 -0.1764867306 0.9473263025
-255.6 139.0 2404.0 0.9637201428 0.0482505895 -0.2625174522 -0.0039276979 0.9859822392 0.1668042243 0.2668859363 -0.1597214937 0.9504004121
-383.3 332.6 2334.7 0.4988432825 -0.5667424202 -0.6557121277 0.8422570825 0.1386203170 0.5209485888 -0.2043486387 -0.8121498823 0.5464926362
-515.3 109.7 2388.8 -0.3719582260 -0.5667424202 -0.7351530790 0.8365206122 0.1386203170 -0.5301110148 0.4023435414 -0.8121498823 0.4225307703
-109.0 331.5 2410.7 -0.2365848869 0.9623374343 -0.1339190155 -0.9712683558 -0.2379036248 0.0063012191 -0.0257959180 0.1315620691 0.9909722209
-168.6 86.9 2404.2 0.1284267455 0.9623374343 -0.2396106869 -0.0287010372 -0.2379036248 -0.9708646536 -0.9913036227 0.1315620691 -0.0029331073
-354.4 -56.2 2414.6 0.9506400228 0.1467403024 -0.2734060585 -0.1666689664 0.9846922159 -0.0510162413 0.2617346644 0.0940663815 0.9605448842
-411.9 -441.9 2377.8 0.9525747895 0.0941329598 -0.2893791497 -0.1484144479 0.9738973975 -0.1717470437 0.2656585574 0.2065499425 0.9416807890
-178.4 -58.9 2454.8 -0.7028971910 -0.0291609224 0.7106934786 -0.0200711209 0.9995745420 0.0211632475 -0.7110081911 0.0006111738 -0.7031834126
-167.0 -450.4 2454.6 -0.7109910846 -0.0560973994 0.7009599209 0.0702802017 0.9861533642 0.1502072066 -0.6996802092 0.1560595930 -0.6972036958
-415.6 -114.6 2280.9 0 0 0 0 0 0 0 0 0
-135.6 79.5 2149.3 0 0 0 0 0 0 0 0 0
-442.5 -758.1 2310.7 0 0 0 0 0 0 0 0 0
-149.6 -755.0 2406.4 0 0 0 0 0 0 0 0 0
-233.8 532.7 2337.4 3 0.9666426182 0.0590770692 -0.2492226660 -0.0123604154 0.9826619029 0.1849939376 0.2558305264 -0.1757425368 0.9506131411
-245.9 331.7 2373.4 0.9666426182 0.0590770692 -0.2492226660 -0.0123604154 0.9826619029 0.1849939376 0.2558305264 -0.1757425368 0.9506131411
-255.8 138.5 2404.5 0.9668651819 0.0504179411 -0.2502594590 -0.0083593680 0.9860309362 0.1663524210 0.2551507354 -0.1587483436 0.9537804127
-383.6 332.9 2337.1 0.5113025308 -0.5518705249 -0.6587933302 0.8368867040 0.1454202980 0.5277059078 -0.1954234242 -0.8211527467 0.5362069011
-517.2 114.2 2388.1 -0.3677463830 -0.5518705249 -0.7484661341 0.8413279653 0.1454202980 -0.5205960274 0.3961437941 -0.8211527467 0.4108262956
-108.2 330.5 2409.7 -0.2400668710 0.9499872327 -0.1997303069 -0.9706759453 -0.2375590503 0.0367950425 -0.0124929231 0.2027066797 0.9791598320
-167.9 89.1 2406.6 0.1872197092 0.9499872327 -0.2499461472 -0.0862797648 -0.2375590503 -0.9675337076 -0.9785216451 0.2027066797 0.0374889374
-352.0 -53.8 2411.2 0.9530102015 0.1567334384 -0.2592416406 -0.1712587476 0.9846295118 -0.0342805795 0.2498840541 0.0770671368 0.9652039409
-413.4 -439.4 2381.0 0.9558190703 0.0905863494 -0.2796497047 -0.1449215859 0.9728991389 -0.1801805198 0.2557490766 0.2127472609 0.9430434704
-178.0 -54.5 2459.4 -0.7117151022 -0.0276605245 0.7019234300 -0.0099912491 0.9995219707 0.0292572938 -0.7023971677 0.0138097666 -0.7116512656
-167.2 -446.0 2454.0 -0.7180703878 -0.0559971556 0.6937140822 0.0654068738 0.9869167209 0.1473680139 -0.6928902268 0.1511942893 -0.7050130963
-418.6 -111.4 2281.9 0 0 0 0 0 0 0 0 0
-120.0 67.0 2156.3 0 0 0 0 0 0 0 0 0
-442.9 -756.9 2311.6 0 0 0 0 0 0 0 0 0
-149.8 -753.1 2406.9 0 0 0 0 0 0 0 0 0
-234.2 525.9 2331.4 4 0.9600718021 0.0566174462 -0.2739646435 -0.0004390524 0.9796101451 0.2009073198 0.2797534168 -0.1927651763 0.9405209422
-245.8 326.2 2370.7 0.9600718021 0.0566174462 -0.2739646435 -0.0004390524 0.9796101451 0.2009073198 0.2797534168 -0.1927651763 0.9405209422
-255.4 133.6 2404.9 0.9601949453 0.0490380488 -0.2749925852 0.0018491456 0.9833320379 0.1818093508 0.2793246210 -0.1750809103 0.9440997839
-382.5 325.9 2330.9 0.5360761285 -0.5918937922 -0.6019003987 0.8034188151 0.1388722807 0.5789928436 -0.2591149807 -0.7939623594 0.5499847531
-518.6 122.0 2396.6 -0.3490625918 -0.5918937922 -0.7265101671 0.8437154293 0.1388722807 -0.5185159445 0.4077985287 -0.7939623594 0.4509148002
-109.0 326.5 2410.4 -0.1599127054 0.9745680690 -0.1569873542 -0.9871223569 -0.1572047174 0.0295991935 0.0041672750 0.1596990228 0.9871569276
-149.0 79.7 2411.5 0.1488106251 0.9745680690 -0.1675485075 -0.0788286403 -0.1572047174 -0.9844149351 -0.9857187271 0.1596990228 0.0534301400
-353.0 -53.8 2412.6 0.9456097484 0.1535867453 -0.2867634594 -0.1725768298 0.9840999842 -0.0420054346 0.2757524550 0.0892094821 0.9570800662
-413.1 -439.2 2377.6 0.9484769106 0.0875240862 -0.3045178652 -0.1449701041 0.9744672775 -0.1714560539 0.2817361653 0.2067680955 0.9369480610
-178.3 -55.3 2458.7 -0.6939378977 -0.0292121526 0.7194420695 -0.0227499753 0.9995673299 0.0186428409 -0.7196753621 -0.0034303151 -0.6943022013
-166.9 -446.8 2460.0 -0.7038610578 -0.0543570668 0.7082548141 0.0835025012 0.9838231206 0.1584908366 -0.7054125667 0.1706965715 -0.6879358888
-425.0 -104.2 2287.3 0 0 0 0 0 0 0 0 0
-111.2 59.7 2160.9 0 0 0 0 0 0 0 0 0
-441.7 -758.0 2310.0 0 0 0 0 0 0 0 0 0
-150.0 -752.1 2407.0 0 0 0 0 0 0 0 0 0
-233.0 523.5 2327.8 5 0.9578425884 0.0615182593 -0.2806297243 -0.0001696855 0.9769260883 0.2135777324 0.2872934043 -0.2045262307 0.9357518554
-245.6 322.9 2369.8 0.9578425884 0.0615182593 -0.2806297243 -0.0001696855 0.9769260883 0.2135777324 0.2872934043 -0.2045262307 0.9357518554
-255.9 130.7 2405.8 0.9579962492 0.0524119623 -0.2819505632 0.0024719720 0.9816119075 0.1908715665 0.2867699862 -0.1835512221 0.9402509928
-382.1 322.6 2329.0 0.5429467559 -0.5844740272 -0.6029916406 0.8008294106 0.1442545056 0.5812597275 -0.2527469397 -0.7984865308 0.5463865399
-519.8 119.6 2393.0 -0.3439764678 -0.5844740272 -0.7348947525 0.8472208977 0.1442545056 -0.5112801194 0.4048418105 -0.7984865308 0.4455584586
-109.2 323.3 2410.7 -0.1061854810 0.9873598218 -0.1176657528 -0.9942985177 -0.1042738035 0.0223029889 0.0097516198 0.1193631366 0.9928027987
-135.9 73.1 2413.1 0.1134489551 0.9873598218 -0.1106793508 -0.0609385036 -0.1042738035 -0.9926799536 -0.9916732311 0.1193631366 0.0483384766
-351.8 -59.1 2414.0 0.9421629906 0.1558489352 -0.2967152894 -0.1777683049 0.9828908443 -0.0482086428 0.2841254771 0.0981669724 0.9537483454
-412.8 -444.1 2375.6 0.9452556968 0.0900578871 -0.3136578798 -0.1488890201 0.9743134975 -0.1689534038 0.2903855145 0.2064043730 0.9343839884
-178.3 -58.8 2464.5 -0.6889630556 -0.0272006392 0.7242859006 -0.0059625418 0.9994744658 0.0318636224 -0.7247719765 0.0176342726 -0.6887631416
-167.7 -450.2 2457.6 -0.6966444254 -0.0604766272 0.7148630023 0.0781329051 0.9841178060 0.1593969464 -0.7131491899 0.1668973118 -0.6808549762
-427.5 -107.6 2284.5 0 0 0 0 0 0 0 0 0
-107.2 57.7 2162.0 0 0 0 0 0 0 0 0 0
-441.8 -757.2 2309.2 0 0 0 0 0 0 0 0 0
-149.0 -754.0 2406.0 0 0 0 0 0 0 0 0 0
-234.5 517.9 2326.0 6 0.9589999914 0.0650903285 -0.2758302093 -0.0038890527 0.9761990309 0.2168418020 0.2833794653 -0.2068785578 0.9364279509
-247.8 318.5 2368.3 0.9589999914 0.0650903285 -0.2758302093 -0.0038890527 0.9761990309 0.2168418020 0.2833794653 -0.2068785578 0.9364279509
-258.9 126.5 2405.0 0.9591609836 0.0565793514 -0.2771442533 -0.0012991615 0.9806615710 0.1957070529 0.2828577161 -0.1873545200 0.9406858087
-384.4 318.7 2328.0 0.5330529809 -0.5904768109 -0.6059634089 0.8056148291 0.1353768855 0.5767650008 -0.2585329115 -0.7956194282 0.5478599072
-518.4 116.2 2393.0 -0.3485268950 -0.5904768109 -0.7279190421 0.8463917375 0.1353768855 -0.5150671601 0.4026786089 -0.7956194282 0.4525921643
-111.1 318.4 2408.6 -0.0698975399 0.9932147861 -0.0929447636 -0.9975166917 -0.0687832534 0.0151424855 0.0086466977 0.0937723741 0.9955561161
-128.5 69.2 2410.8 0.0908112451 0.9932147861 -0.0726478696 -0.0449892730 -0.0687832534 -0.9966166615 -0.9948514104 0.0937723741 0.0384377204
-352.8 -61.8 2415.8 0.9432310462 0.1537804604 -0.2943921387 -0.1763677150 0.9829703569 -0.0516110137 0.2814419866 0.1006023809 0.9542900920
-413.0 -446.8 2376.4 0.9459775090 0.0899087116 -0.3115172684 -0.1503733993 0.9728637934 -0.1758519709 0.2872532606 0.2131959200 0.9338271022
-179.7 -61.3 2467.6 -0.6919266582 -0.0340933092 0.7211623788 -0.0056669051 0.9991101027 0.0417962521 -0.7219455838 0.0248331819 -0.6915040612
-166.3 -452.6 2457.9 -0.6995535493 -0.0539214425 0.7125428319 0.0827082321 0.9843373299 0.1556898952 -0.7097775340 0.1678465754 -0.6841369271
-425.0 -110.7 2285.0 0 0 0 0 0 0 0 0 0
-105.6 57.8 2159.3 0 0 0 0 0 0 0 0 0
-441.7 -757.3 2308.3 0 0 0 0 0 0 0 0 0
-149.8 -754.0 2406.5 0 0 0 0 0 0 0 0 0
-233.2 515.7 2325.2 7 0.9641621709 0.0643908679 -0.2573812604 -0.0064952495 0.9755399823 0.2197261453 0.2652340829 -0.2101798803 0.9409969449
-246.3 317.0 2368.0 0.9641621709 0.0643908679 -0.2573812604 -0.0064952495 0.9755399823 0.2197261453 0.2652340829 -0.2101798803 0.9409969449
-257.2 125.0 2405.0 0.9643219709 0.0559047088 -0.2587619722 -0.0038968094 0.9803400040 0.1972772181 0.2647034526 -0.1892304122 0.9455812573
-383.7 317.5 2330.3 0.5368670225 -0.5759948492 -0.6164444089 0.8061886430 0.1348918974 0.5760763884 -0.2486636788 -0.8062469363 0.5367795229
-520.4 112.3 2393.6 -0.3742288351 -0.5759948492 -0.7267618179 0.8333553672 0.1348918974 -0.5360251665 0.4067820311 -0.8062469363 0.4295279682
-108.9 316.4 2405.7 -0.0578755103 0.9956346154 -0.0732263103 -0.9981411695 -0.0563060567 0.0233204570 0.0190955698 0.0744398758 0.9970426559
-123.4 66.7 2410.5 0.0724397004 0.9956346154 -0.0588570908 -0.0367697887 -0.0563060567 -0.9977362156 -0.9966948032 0.0744398758 0.0325304829
-356.6 -65.5 2416.1 0.9497094750 0.1472145319 -0.2763689458 -0.1669887751 0.9847254753 -0.0492997728 0.2648898959 0.0929709673 0.9597862959
-414.3 -451.2 2379.7 0.9515814781 0.0880291983 -0.2945226729 -0.1483205408 0.9706946611 -0.1890842468 0.2692466676 0.2236128151 0.9367516041
-183.3 -65.7 2467.3 -0.7051556110 -0.0387457758 0.7079932094 -0.0125652375 0.9990319014 0.0421583392 -0.7089412808 0.0208320878 -0.7049598098
-168.1 -457.0 2459.1 -0.7140483856 -0.0620694980 0.6973394156 0.0793461427 0.9824692607 0.1686959863 -0.6955854297 0.1757882982 -0.6966056228
-420.1 -111.1 2284.5 0 0 0 0 0 0 0 0 0
-105.1 57.5 2158.6 0 0 0 0 0 0 0 0 0
-442.2 -758.7 2308.9 0 0 0 0 0 0 0 0 0
-149.3 -755.0 2405.8 0 0 0 0 0 0 0 0 0
-234.5 515.3 2324.2 8 0.9665886760 0.0627890304 -0.2485232949 -0.0072212513 0.9758206010 0.2184537351 0.2562306523 -0.2093602717 0.9436705709
-247.2 316.7 2366.8 0.9665886760 0.0627890304 -0.2485232949 -0.0072212513 0.9758206010 0.2184537351 0.2562306523 -0.2093602717 0.9436705709
-257.8 124.6 2403.8 0.9667817354 0.0538957641 -0.2498566210 -0.0039847414 0.9805760980 0.1960985512 0.2555723190 -0.1885888875 0.9482178092
-385.0 317.2 2330.4 0.5329343677 -0.5457109213 -0.6466687918 0.8159535527 0.1290715933 0.5635248423 -0.2240551114 -0.8279734850 0.5140614510
-522.8 106.2 2388.4 -0.4018941522 -0.5457109213 -0.7353098989 0.8267014027 0.1290715933 -0.5476360917 0.3937586248 -0.8279734850 0.3992668688
-109.5 316.1 2403.3 -0.0502548814 0.9965314269 -0.0663293228 -0.9983706474 -0.0483282395 0.0303393304 0.0270285159 0.0677459463 0.9973364472
-122.1 65.0 2410.1 0.0664659142 0.9965314269 -0.0500740968 -0.0276209023 -0.0483282395 -0.9984495044 -0.9974063039 0.0677459463 0.0243129171
-355.3 -66.7 2418.2 0.9513273835 0.1504243910 -0.2689772546 -0.1728884429 0.9830046892 -0.0617362112 0.2551192641 0.1052344069 0.9611659050
-414.3 -451.7 2377.0 0.9543927312 0.0880471095 -0.2852757275 -0.1438115835 0.9729422927 -0.1808354706 0.2616347671 0.2136140168 0.9412312508
-181.0 -67.4 2466.0 -0.7116723657 -0.0335156694 0.7017115951 -0.0160338171 0.9993760586 0.0314715207 -0.7023285627 0.0111462967 -0.7117657065
-167.9 -458.8 2461.7 -0.7214853764 -0.0629315451 0.6895639896 0.0817836523 0.9811459184 0.1751117259 -0.6875829101 0.1827356070 -0.7027356625
-415.1 -115.3 2282.8 0 0 0 0 0 0 0 0 0
-105.3 58.1 2158.1 0 0 0 0 0 0 0 0 0
-442.2 -760.3 2309.2 0 0 0 0 0 0 0 0 0
-148.7 -757.6 2406.0 0 0 0 0 0 0 0 0 0
-233.0 524.2 2331.2 9 0.9790021777 0.0679040253 -0.1922075897 -0.0287420098 0.9794500470 0.1996284872 0.2018133104 -0.1899122894 0.9608353972
-246.8 324.5 2370.0 0.9790021777 0.0679040253 -0.1922075897 -0.0287420098 0.9794500470 0.1996284872 0.2018133104 -0.1899122894 0.9608353972
-258.3 132.0 2403.6 0.9793948531 0.0579030588 -0.1934760064 -0.0226155743 0.9834361672 0.1798382401 0.2006844878 -0.1717570722 0.9644818306
-386.2 327.7 2341.4 0.5071935654 -0.5245173573 -0.6838393211 0.8440320492 0.1418736130 0.5171864629 -0.1742545217 -0.8394958973 0.5146668553
-520.7 103.8 2387.7 -0.4077421725 -0.5245173573 -0.7474141121 0.8237330914 0.1418736130 -0.5489405394 0.3939671814 -0.8394958973 0.3742144704
-107.5 321.4 2398.5 -0.0500732698 0.9971711040 -0.0560573936 -0.9978582263 -0.0475844704 0.0448855460 0.0420911089 0.0581848957 0.9974181056
-120.4 64.9 2409.3 0.0569265634 0.9971711040 -0.0490828864 -0.0273861531 -0.0475844704 -0.9984917045 -0.9980027080 0.0581848957 0.0245998614
-355.7 -67.1 2417.6 0.9653203487 0.1499754637 -0.2136913687 -0.1673722416 0.9837031364 -0.0656857640 0.2003576308 0.0991738066 0.9746903777
-414.5 -452.4 2378.8 0.9687966108 0.0885497183 -0.2314996272 -0.1351694018 0.9716428518 -0.1940087378 0.2077555507 0.2192466706 0.9532935023
-181.0 -67.8 2463.8 -0.7492385507 -0.0356721878 0.6613388658 -0.0200198535 0.9993119836 0.0312215090 -0.6619976163 0.0101524508 -0.7494372129
-167.0 -459.2 2459.8 -0.7582805157 -0.0619578548 0.6489775777 0.0715273619 0.9815571308 0.1772834510 -0.6479926705 0.1808502376 -0.7398639917
-411.4 -117.0 2282.1 0 0 0 0 0 0 0 0 0
-106.0 58.0 2157.2 0 0 0 0 0 0 0 0 0
-442.3 -757.7 2309.9 0 0 0 0 0 0 0 0 0
-148.3 -755.6 2405.2 0 0 0 0 0 0 0 0 0
-234.1 527.4 2334.8 0 0.9679043293 0.0631639361 -0.2432520390 -0.0151959984 0.9808394909 0.1942240894 0.2508591712 -0.1842938811 0.9503185749
-246.9 328.0 2372.2 0.9679043293 0.0631639361 -0.2432520390 -0.0151959984 0.9808394909 0.1942240894 0.2508591712 -0.1842938811 0.9503185749
-257.9 135.2 2404.8 0.9680598974 0.0558608100 -0.2444168031 -0.0126267895 0.9844889641 0.1749914885 0.2504008114 -0.1663160473 0.9537496567
-384.6 329.8 2336.6 0.5071908832 -0.5340701938 -0.6764069796 0.8397204280 0.1295881271 0.5273295641 -0.1939767003 -0.8354495168 0.5141956210
-518.4 108.3 2387.8 -0.3989214897 -0.5340701938 -0.7454063892 0.8326331973 0.1295881271 -0.5384504795 0.3841661811 -0.8354495168 0.3929890990
-109.2 326.3 2407.8 -0.0466097891 0.9976066947 -0.0510722883 -0.9988802075 -0.0461318977 0.0104969367 0.0081157526 0.0515043586 0.9986398220
-121.5 64.3 2410.0 0.0500589199 0.9976066947 -0.0476964936 -0.0319589525 -0.0461318977 -0.9984239936 -0.9982348084 0.0515043586 0.0295731537
-358.1 -58.6 2419.2 0.9547801614 0.1418927759 -0.2612686157 -0.1633860320 0.9845896363 -0.0623557344 0.2483945489 0.1022236645 0.9632499814
-413.7 -444.3 2379.1 0.9570427537 0.0858953968 -0.2769316435 -0.1407485455 0.9726600647 -0.1847219765 0.2534935772 0.2157645524 0.9429669380
-181.3 -62.6 2455.4 -0.7140738964 -0.0351515561 0.6991872191 -0.0292657558 0.9993644357 0.0203540605 -0.6994583011 -0.0059279399 -0.7146487832
-167.6 -454.0 2457.7 -0.7245007157 -0.0638002306 0.6863149405 0.0723986849 0.9831553102 0.1678215414 -0.6854612827 0.1712751240 -0.7076776624
-411.4 -114.9 2284.8 0 0 0 0 0 0 0 0 0
-108.8 56.3 2157.6 0 0 0 0 0 0 0 0 0
-441.5 -759.4 2309.2 0 0 0 0 0 0 0 0 0
-147.9 -756.4 2405.0 0 0 0 0 0 0 0 0 0
-235.2 524.9 2336.0 1 0.9661071897 0.0584630072 -0.2514337599 -0.0100377128 0.9817878604 0.1897150278 0.2579459548 -0.1807612330 0.9490991831
-247.1 325.4 2372.7 0.9661071897 0.0584630072 -0.2514337599 -0.0100377128 0.9817878604 0.1897150278 0.2579459548 -0.1807612330 0.9490991831
-257.2 132.4 2404.7 0.9662137628 0.0517366268 -0.2524961233 -0.0081358068 0.9852805138 0.1707517654 0.2576136291 -0.1629284471 0.9524124861
-384.6 326.6 2336.1 0.5112072825 -0.5504033566 -0.6600934267 0.8346956968 0.1349183470 0.5339289904 -0.2048175782 -0.8239254951 0.5283905268
-517.5 109.6 2389.3 -0.3802229166 -0.5504033566 -0.7432944775 0.8380731940 0.1349183470 -0.5286117196 0.3912337124 -0.8239254951 0.4099792540
-109.5 324.3 2409.4 -0.0541804172 0.9971803427 -0.0519215278 -0.9985216856 -0.0538798608 0.0071720579 0.0043543102 0.0522333570 0.9986253977
-123.7 63.0 2410.6 0.0506548360 0.9971803427 -0.0553665087 -0.0302588865 -0.0538798608 -0.9980888367 -0.9982576966 0.0522333570 0.0274442919
-356.1 -56.4 2414.8 0.9531939626 0.1429005712 -0.2664595246 -0.1630400419 0.9850886464 -0.0549391396 0.2546354234 0.0958112255 0.9622790813
-412.1 -442.3 2377.3 0.9549691081 0.0917045847 -0.2821778059 -0.1458141953 0.9733207226 -0.1771580726 0.2584033012 0.2103260159 0.9428630471
-181.5 -58.7 2460.0 -0.7086808681 -0.0336424410 0.7047266364 -0.0301876664 0.9993936419 0.0173522886 -0.7048830390 -0.0089768181 -0.7092667222
-168.3 -450.2 2463.5 -0.7212061286 -0.0632224008 0.6898294091 0.0862171650 0.9798910022 0.1799450815 -0.6873341799 0.1892526299 -0.7012525797
-415.5 -115.0 2284.4 0 0 0 0 0 0 0 0 0
-110.9 55.4 2158.2 0 0 0 0 0 0 0 0 0
-441.9 -758.1 2309.0 0 0 0 0 0 0 0 0 0
-148.6 -755.4 2404.6 0 0 0 0 0 0 0 0 0
-234.4 520.2 2330.1 2 0.9634490609 0.0608219504 -0.2608957291 -0.0071941158 0.9794085026 0.2017602026 0.2677949369 -0.1925087720 0.9440478086
-246.8 320.4 2369.4 0.9634490609 0.0608219504 -0.2608957291 -0.0071941158 0.9794085026 0.2017602026 0.2677949369 -0.1925087720 0.9440478086
-257.1 127.8 2403.5 0.9636268020 0.0524493530 -0.2620543242 -0.0041146530 0.9833484292 0.1816836894 0.2672199011 -0.1739970148 0.9477967024
-384.1 320.9 2331.4 0.5172678232 -0.5802437067 -0.6290876269 0.8224190474 0.1336526424 0.5529592037 -0.2367718965 -0.8034016490 0.5463377237
-516.7 110.1 2392.1 -0.3699916005 -0.5802437067 -0.7255504131 0.8355205059 0.1336526424 -0.5329563022 0.4062162936 -0.8034016490 0.4353551865
-109.5 319.8 2407.5 -0.0524006970 0.9972003102 -0.0533454232 -0.9985970855 -0.0519170128 0.0104137668 0.0076150768 0.0538162738 0.9985218048
-122.9 64.9 2409.4 0.0525844470 0.9972003102 -0.0531643033 -0.0248088967 -0.0519170128 -0.9983431697 -0.9983082414 0.0538162738 0.0220094118
-354.6 -59.8 2413.3 0.9502294064 0.1430560648 -0.2767652571 -0.1628626138 0.9853897095 -0.0498287492 0.2655933201 0.0924234539 0.9596447945
-410.6 -445.8 2377.1 0.9513098598 0.0967064500 -0.2926729620 -0.1525425911 0.9727885723 -0.1743937880 0.2678439021 0.2105476111 0.9401751757
-180.1 -61.2 2459.9 -0.7021059394 -0.0274766050 0.7115421891 -0.0244936235 0.9995958209 0.0144311646 -0.7116511464 -0.0072960407 -0.7024951577
-169.3 -452.8 2462.7 -0.7139832377 -0.0669580400 0.6969537735 0.0850069001 0.9797632098 0.1812122017 -0.6949832439 0.1886283606 -0.6938426495
-417.5 -113.9 2283.2 0 0 0 0 0 0 0 0 0
-109.6 58.6 2157.1 0 0 0 0 0 0 0 0 0
-441.7 -758.2 2309.5 0 0 0 0 0 0 0 0 0
-148.5 -757.1 2404.1 0 0 0 0 0 0 0 0 0
-232.4 525.4 2334.2 3 0.9641943574 0.0671622455 -0.2565510273 -0.0165786147 0.9807726741 0.1944482028 0.2646778226 -0.1832326055 0.9467689395
-246.0 325.8 2371.5 0.9641943574 0.0671622455 -0.2565510273 -0.0165786147 0.9807726741 0.1944482028 0.2646778226 -0.1832326055 0.9467689395
-257.5 133.0 2403.8 0.9644148946 0.0585757717 -0.2578231394 -0.0131317675 0.9845581651 0.1745645404 0.2640671432 -0.1649669707 0.9502917528
-383.4 327.7 2333.9 0.5107092261 -0.5745341182 -0.6395987868 0.8310744166 0.1393569112 0.5384189487 -0.2202075124 -0.8065297604 0.5486514568
-519.9 105.7 2392.7 -0.3817884028 -0.5745341182 -0.7239807844 0.8259968758 0.1393569112 -0.5461765528 0.4146887660 -0.8065297604 0.4213585258
-108.6 324.0 2409.1 -0.0655944571 0.9965046644 -0.0517278761 -0.9978423119 -0.0653584152 0.0062433607 0.0028406861 0.0520257913 0.9986417294
-125.7 63.7 2409.8 0.0506037734 0.9965046644 -0.0664655045 -0.0232286099 -0.0653584152 -0.9975914359 -0.9984486699 0.0520257913 0.0198400356
-354.4 -64.4 2413.5 0.9506580830 0.1473700553 -0.2730042636 -0.1669775397 0.9846969843 -0.0499028601 0.2614722848 0.0930261388 0.9607176185
-412.2 -450.2 2377.0 0.9523787498 0.0921900049 -0.2906469703 -0.1503463238 0.9712501764 -0.1845782101 0.2652746439 0.2194860876 0.9388584495
-180.3 -65.2 2461.7 -0.7043862343 -0.0273377392 0.7092902660 -0.0177204479 0.9996238947 0.0209299624 -0.7095956802 0.0021738356 -0.7046056986
-169.6 -456.7 2460.9 -0.7148893476 -0.0689879507 0.6958260536 0.0808603019 0.9802885056 0.1802666932 -0.6945465207 0.1851354390 -0.6952193975
-417.5 -115.7 2281.5 0 0 0 0 0 0 0 0 0
-112.9 57.9 2157.4 0 0 0 0 0 0 0 0 0
-441.4 -757.7 2307.5 0 0 0 0 0 0 0 0 0
-148.5 -756.1 2404.4 0 0 0 0 0 0 0 0 0
-233.1 529.2 2335.7 4 0.9712911248 0.0678319708 -0.2280184776 -0.0235660132 0.9812077284 0.1915099025 0.2367239892 -0.1806383878 0.9546368718
-246.9 329.6 2372.5 0.9712911248 0.0678319708 -0.2280184776 -0.0235660132 0.9812077284 0.1915099025 0.2367239892 -0.1806383878 0.9546368718
-258.7 136.7 2404.5 0.9714971185 0.0604118444 -0.2292243689 -0.0204082504 0.9847061038 0.1730241776 0.2361713499 -0.1634144187 0.9578720331
-385.3 332.5 2338.9 0.5009215474 -0.5867067575 -0.6362804174 0.8375851512 0.1434367448 0.5271404386 -0.2180108428 -0.7969950438 0.5632674098
-517.2 111.9 2396.3 -0.3575869799 -0.5867067575 -0.7265719175 0.8371487260 0.1434367448 -0.5278332233 0.4139004350 -0.7969950438 0.4398697019
-108.5 326.7 2406.1 -0.0591490157 0.9968607426 -0.0526310802 -0.9982290268 -0.0587304272 0.0094659990 0.0063452367 0.0530977771 0.9985691309
-124.0 64.8 2407.8 0.0517609417 0.9968607426 -0.0599119477 -0.0240550078 -0.0587304272 -0.9979839921 -0.9983697534 0.0530977771 0.0209395513
-356.1 -58.6 2412.3 0.9592581391 0.1418468505 -0.2443425953 -0.1568653286 0.9866816998 -0.0430406220 0.2349831909 0.0796159506 0.9687333107
-411.7 -445.1 2381.1 0.9603078365 0.0921716392 -0.2632740140 -0.1464151889 0.9699149132 -0.1944932044 0.2374266386 0.2253206670 0.9449122548
-181.8 -61.0 2460.0 -0.7240922451 -0.0301121436 0.6890454888 -0.0304846428 0.9994674325 0.0116427923 -0.6890290976 -0.0125748506 -0.7246245742
-170.1 -452.4 2464.9 -0.7369334698 -0.0682977140 0.6725061536 0.0831833929 0.9781582355 0.1904913485 -0.6708275676 0.1963207871 -0.7151563168
-421.3 -112.5 2285.3 0 0 0 0 0 0 0 0 0
-111.0 58.7 2155.4 0 0 0 0 0 0 0 0 0
-441.4 -757.9 2308.4 0 0 0 0 0 0 0 0 0
-148.9 -755.2 2404.1 0 0 0 0 0 0 0 0 0
-234.2 527.8 2337.0 5 0.9709711671 0.0593148321 -0.2317255884 -0.0159235671 0.9826461077 0.1848054975 0.2386659533 -0.1757509112 0.9550655484
-246.4 326.5 2373.0 0.9709711671 0.0593148321 -0.2317255884 -0.0159235671 0.9826461077 0.1848054975 0.2386659533 -0.1757509112 0.9550655484
-256.9 133.4 2404.3 0.9710551500 0.0539167598 -0.2326904535 -0.0144633194 0.9856752157 0.1680332571 0.2384170145 -0.1598040909 0.9579248428
-384.7 328.6 2339.0 0.5100562572 -0.5741460323 -0.6404677629 0.8343729377 0.1493710577 0.5305752158 -0.2089603245 -0.8050121665 0.5552395582
-516.7 112.6 2393.1 -0.3451603949 -0.5741460323 -0.7424423695 0.8474208117 0.1493710577 -0.5094764829 0.4034132957 -0.8050121665 0.4349863231
