-239.3 496.9 2303.2 2 0.9498268366 0.1334165782 0.2828940451 -0.1912125498 0.9634488225 0.1876276881 -0.2475212961 -0.2323067039 0.9406204224
-266.1 303.2 2349.9 0.9498268366 0.1334165782 0.2828940451 -0.1912125498 0.9634488225 0.1876276881 -0.2475212961 -0.2323067039 0.9406204224
-291.5 113.7 2392.0 0.9509199858 0.1301331371 0.2807427943 -0.1832012534 0.9679362774 0.1718624830 -0.2493761182 -0.2148599178 0.9442704916
-401.3 329.3 2385.3 0.4442534149 -0.5352496505 -0.7184335589 0.8934711814 0.2056736052 0.3992587924 -0.0659403056 -0.8192717433 0.5696012974
-515.6 99.3 2402.3 -0.3674913943 -0.5352496505 -0.7605642080 0.8166033030 0.2056736052 -0.5393120050 0.4450945258 -0.8192717433 0.3615033329
-130.9 277.1 2314.5 0.8338513970 0.3848192394 -0.3957347870 -0.3025074601 0.9182590246 0.2555182576 0.4617153704 -0.0933515429 0.8821022511
-16.3 235.5 2378.0 -0.3847922683 0.3848192394 0.8389571309 0.0676754713 0.9182590246 -0.3901543021 -0.9205188155 -0.0933515429 -0.3793818057
-400.0 -64.9 2445.8 0.9733635783 0.0438579507 0.2250329256 -0.0009654054 0.9823076725 -0.1872717589 -0.2292649299 0.1820662618 0.9561848640
-417.2 -449.6 2374.5 0.9724383950 0.0651896894 0.2238612771 -0.0167328119 0.9771552682 -0.2118669897 -0.2325587720 0.2022817731 0.9513140917
-225.1 -93.6 2411.2 -0.9603611231 -0.1415335238 0.2401556373 -0.1676605195 0.9815430045 -0.0919962302 -0.2227025330 -0.1286142170 -0.9663653374
-169.7 -478.0 2461.6 -0.9786888957 -0.0959729254 0.1815413833 -0.0526111349 0.9717455506 0.2300926149 -0.1984947026 0.2156379819 -0.9560858011
-417.1 -119.6 2282.9 0 0 0 0 0 0 0 0 0
-112.9 252.5 2146.7 0 0 0 0 0 0 0 0 0
-437.9 -760.3 2310.1 0 0 0 0 0 0 0 0 0
-141.5 -763.7 2398.1 0 0 0 0 0 0 0 0 0
-239.6 497.3 2306.7 3 0.9471676350 0.1361556500 0.2904050350 -0.1909354329 0.9668698907 0.1694291234 -0.2577151656 -0.2159263939 0.9417848587
-267.0 303.0 2350.1 0.9471676350 0.1361556500 0.2904050350 -0.1909354329 0.9668698907 0.1694291234 -0.2577151656 -0.2159263939 0.9417848587
-292.7 113.0 2390.0 0.9481915832 0.1321623623 0.2889046371 -0.1835437864 0.9701332450 0.1585975289 -0.2593153417 -0.2034074813 0.9441297054
-401.8 329.2 2387.0 0.4475158155 -0.5234487057 -0.7250731587 0.8924979568 0.2103214115 0.3990141749 -0.0563650355 -0.8256914616 0.5612990260
-516.3 100.9 2401.4 -0.3719805777 -0.5234487057 -0.7665715218 0.8154243827 0.2103214115 -0.5393032432 0.4435239732 -0.8256914616 0.3485973477
-132.1 276.9 2313.3 0.8363203406 0.3876125813 -0.3877173662 -0.3115804195 0.9179329276 0.2455946505 0.4510941207 -0.0845906660 0.8884584904
-17.1 234.0 2375.3 -0.3918349445 0.3876125813 0.8343991041 0.0810036957 0.9179329276 -0.3883780241 -0.9164626598 -0.0845906660 -0.3910762668
-402.6 -59.3 2456.6 0.9721451402 0.0358003937 0.2316294312 0.0132361380 0.9783027172 -0.2067572773 -0.2340056896 0.2040639520 0.9505783916
-416.6 -442.4 2376.7 0.9706702232 0.0653816685 0.2313538343 -0.0147573324 0.9766994119 -0.2141037881 -0.2399616241 0.2044100016 0.9490178823
-231.1 -92.4 2411.7 -0.9594168067 -0.1574570388 0.2339372635 -0.1831884980 0.9787124395 -0.0925417617 -0.2143859565 -0.1316407472 -0.9678374529
-169.5 -475.7 2463.3 -0.9811404347 -0.0943278819 0.1687179208 -0.0526533052 0.9702607393 0.2362662852 -0.1859868616 0.2229268402 -0.9569286704
-416.5 -117.7 2282.5 0 0 0 0 0 0 0 0 0
-115.6 254.4 2145.0 0 0 0 0 0 0 0 0 0
-437.9 -760.3 2310.2 0 0 0 0 0 0 0 0 0
-141.7 -761.6 2397.6 0 0 0 0 0 0 0 0 0
-239.8 495.3 2309.0 4 0.9340607524 0.1348888427 0.3306593001 -0.1961218566 0.9675515890 0.1593114138 -0.2984406054 -0.2136560529 0.9302065969
-266.8 301.6 2351.8 0.9340607524 0.1348888427 0.3306593001 -0.1961218566 0.9675515890 0.1593114138 -0.2984406054 -0.2136560529 0.9302065969
-292.2 111.5 2391.3 0.9351482987 0.1304983050 0.3293445706 -0.1881788969 0.9706573486 0.1497095674 -0.3001438975 -0.2019763440 0.9322656393
-399.8 328.4 2394.5 0.4544236660 -0.5035946965 -0.7347731590 0.8904095292 0.2328260988 0.3911046386 -0.0258838497 -0.8319762349 0.5542072058
-516.1 100.4 2401.1 -0.3646114469 -0.5035946965 -0.7832310796 0.8157624602 0.2328260988 -0.5294559002 0.4489878118 -0.8319762349 0.3259225786
-133.8 274.8 2309.1 0.8522243500 0.3903206587 -0.3483725488 -0.3206211030 0.9158318639 0.2417727709 0.4134196043 -0.0943490565 0.9056392908
-16.6 230.7 2366.0 -0.4292989969 0.3903206587 0.8144643307 0.0903872773 0.9158318639 -0.3912570775 -0.8986281157 -0.0943490565 -0.4284457266
-404.1 -60.3 2453.2 0.9624686837 0.0242114812 0.2703105211 0.0318551548 0.9790493250 -0.2011161894 -0.2695166469 0.2021788210 0.9415330291
-413.6 -443.8 2374.0 0.9599009752 0.0756418258 0.2699414492 -0.0165070705 0.9764900804 -0.2149293572 -0.2798528075 0.2018549591 0.9385824203
-233.0 -93.5 2406.4 -0.9675350189 -0.1597058475 0.1958828270 -0.1831627935 0.9771276712 -0.1080411449 -0.1741477251 -0.1404120326 -0.9746574163
-170.4 -476.2 2461.4 -0.9867147207 -0.0971868187 0.1301873773 -0.0653835908 0.9711314440 0.2294095159 -0.1487246305 0.2178496420 -0.9645841122
-418.4 -118.4 2280.7 0 0 0 0 0 0 0 0 0
-124.5 253.4 2140.1 0 0 0 0 0 0 0 0 0
-438.0 -758.0 2309.1 0 0 0 0 0 0 0 0 0
-141.9 -761.6 2397.4 0 0 0 0 0 0 0 0 0
-238.5 492.3 2311.6 5 0.9308066964 0.1393035501 0.3379251957 -0.1991240531 0.9685474634 0.1492161602 -0.3065102398 -0.2061804384 0.9292691350
-266.3 298.9 2352.8 0.9308066964 0.1393035501 0.3379251957 -0.1991240531 0.9685474634 0.1492161602 -0.3065102398 -0.2061804384 0.9292691350
-292.4 108.7 2391.0 0.9319846630 0.1342440844 0.3367241621 -0.1907697469 0.9714993238 0.1406980604 -0.3082394004 -0.1953652203 0.9310321808
-398.9 326.1 2396.7 0.4690867066 -0.4975669086 -0.7296470404 0.8828483820 0.2425253689 0.4021942317 -0.0231606066 -0.8328316808 0.5530415773
-516.0 105.7 2402.4 -0.3523413837 -0.4975669086 -0.7926428914 0.8208371401 0.2425253689 -0.5171149373 0.4495352805 -0.8328316808 0.3229696751
-133.7 271.7 2309.0 0.8534041047 0.3945249021 -0.3406634331 -0.3283293545 0.9144654274 0.2365436107 0.4048472643 -0.0900174752 0.9099426270
-16.4 226.6 2364.6 -0.4351556003 0.3945249021 0.8093143702 0.0996538326 0.9144654274 -0.3922016621 -0.8948233128 -0.0900174752 -0.4372506440
-402.2 -61.6 2458.0 0.9606001377 0.0341163725 0.2758322358 0.0260279886 0.9770338535 -0.2114884704 -0.2767126560 0.2103352249 0.9376509190
-415.5 -444.3 2375.6 0.9587728977 0.0692353249 0.2756101787 -0.0079023959 0.9759870768 -0.2176849395 -0.2840634584 0.2065324485 0.9362971187
-233.4 -95.6 2403.8 -0.9677050114 -0.1627989709 0.1924670339 -0.1889659911 0.9738150239 -0.1263969988 -0.1668499708 -0.1586847305 -0.9731290936
-169.6 -477.0 2466.0 -0.9881214499 -0.0978744850 0.1184760705 -0.0666761845 0.9676575065 0.2432965189 -0.1384567767 0.2325069755 -0.9626890421
-421.5 -114.4 2281.9 0 0 0 0 0 0 0 0 0
-125.7 251.6 2139.8 0 0 0 0 0 0 0 0 0
-437.9 -759.5 2308.9 0 0 0 0 0 0 0 0 0
-140.7 -763.0 2397.2 0 0 0 0 0 0 0 0 0
-238.6 491.4 2311.5 6 0.9262139797 0.1397375613 0.3501443267 -0.2021163404 0.9680677056 0.1483032852 -0.3182398975 -0.2081304640 0.9248811007
-266.4 298.5 2352.9 0.9262139797 0.1397375613 0.3501443267 -0.2021163404 0.9680677056 0.1483032852 -0.3182398975 -0.2081304640 0.9248811007
-292.7 108.3 2391.8 0.9273334146 0.1347972304 0.3491166532 -0.1942106634 0.9707669020 0.1410455406 -0.3198983371 -0.1985984147 0.9264036417
-398.4 326.1 2398.5 0.4546585977 -0.5024477839 -0.7354126573 0.8906542659 0.2522792816 0.3782725632 -0.0045328410 -0.8269832730 0.5622082353
-512.8 101.9 2399.6 -0.3354381323 -0.5024477839 -0.7968860865 0.8246878982 0.2522792816 -0.5062065125 0.4553802311 -0.8269832730 0.3297385275
-134.5 270.8 2307.4 0.8574966788 0.3962296546 -0.3281791210 -0.3304298222 0.9130643606 0.2390179187 0.3943546414 -0.0965169072 0.9138757586
-16.6 225.4 2361.6 -0.4463121891 0.3962296546 0.8023761511 0.0996739790 0.9130643606 -0.3954472542 -0.8893089890 -0.0965169072 -0.4470055401
-402.9 -64.4 2457.2 0.9572150111 0.0356360413 0.2871749699 0.0271001607 0.9769877791 -0.2115667015 -0.2881058156 0.2102973163 0.9342216253
-416.9 -447.0 2374.8 0.9558552504 0.0627665594 0.2870558798 0.0003707366 0.9766607285 -0.2147874683 -0.2938376665 0.2054121643 0.9335230589
-234.5 -98.8 2401.5 -0.9700294137 -0.1613552570 0.1816795915 -0.1881559491 0.9719024897 -0.1414315253 -0.1537541300 -0.1713768244 -0.9731339216
-171.4 -479.5 2468.6 -0.9890059233 -0.1056371182 0.1034796014 -0.0765889809 0.9645252824 0.2526363730 -0.1264964640 0.2419334948 -0.9620118737
-422.9 -119.2 2277.5 0 0 0 0 0 0 0 0 0
-128.7 250.4 2138.2 0 0 0 0 0 0 0 0 0
-437.0 -760.6 2308.8 0 0 0 0 0 0 0 0 0
-140.2 -764.0 2397.2 0 0 0 0 0 0 0 0 0
-238.1 491.9 2310.9 7 0.9224818349 0.1411818713 0.3592979014 -0.2053367049 0.9675902128 0.1469899416 -0.3269008100 -0.2093725950 0.9215741754
-266.3 298.9 2352.6 0.9224818349 0.1411818713 0.3592979014 -0.2053367049 0.9675902128 0.1469899416 -0.3269008100 -0.2093725950 0.9215741754
-292.7 108.8 2391.6 0.9237423539 0.1355670542 0.3582200408 -0.1965087205 0.9705361724 0.1394414306 -0.3287618160 -0.1992013305 0.9231655002
-397.8 326.9 2399.4 0.4576570690 -0.4967460036 -0.7374234796 0.8891087770 0.2501208484 0.3833080828 -0.0059617586 -0.8310734034 0.5561308265
-513.5 102.1 2400.9 -0.3444327712 -0.4967460036 -0.7966238260 0.8221223950 0.2501208484 -0.5114238262 0.4532999694 -0.8310734034 0.3222361803
-134.9 270.8 2305.9 0.8602721691 0.3977919519 -0.3188938797 -0.3330408335 0.9120501876 0.2392660081 0.3860253394 -0.0996292010 0.9170923829
-16.6 225.1 2358.9 -0.4544042647 0.3977919519 0.7970435023 0.1015155539 0.9120501876 -0.3973147571 -0.8849923015 -0.0996292010 -0.4548215568
-402.8 -64.2 2459.6 0.9547898173 0.0341611952 0.2953124642 0.0316113830 0.9760769606 -0.2151151299 -0.2955962718 0.2147249728 0.9308684468
-416.2 -446.6 2375.5 0.9531060457 0.0666436329 0.2952075005 -0.0006948893 0.9759318233 -0.2180748731 -0.3026356697 0.2076433450 0.9302127957
-235.3 -99.3 2401.8 -0.9712294936 -0.1644120961 0.1722846031 -0.1896948814 0.9714778066 -0.1422909945 -0.1439763159 -0.1708787084 -0.9747160077
-170.9 -479.8 2468.7 -0.9902511239 -0.1038098112 0.0928773880 -0.0771287158 0.9638652802 0.2549800575 -0.1159907207 0.2453307807 -0.9624754190
-421.1 -118.4 2279.4 0 0 0 0 0 0 0 0 0
-130.8 250.6 2136.5 0 0 0 0 0 0 0 0 0
-437.6 -759.5 2308.9 0 0 0 0 0 0 0 0 0
-140.3 -763.6 2396.5 0 0 0 0 0 0 0 0 0
-237.7 491.6 2310.1 8 0.9209576845 0.1426281929 0.3626212478 -0.2081102282 0.9668012857 0.1482748091 -0.3294345140 -0.2120200247 0.9200654626
-266.2 298.7 2352.4 0.9209576845 0.1426281929 0.3626212478 -0.2081102282 0.9668012857 0.1482748091 -0.3294345140 -0.2120200247 0.9200654626
-293.0 108.8 2391.9 0.9221318960 0.1377658695 0.3615153730 -0.2000009418 0.9696497917 0.1406374276 -0.3311682642 -0.2019896805 0.9216982722
-397.4 327.2 2399.5 0.4623305202 -0.4904758930 -0.7387042046 0.8866938353 0.2510735393 0.3882475495 -0.0049569802 -0.8345031142 0.5509809256
-515.1 101.4 2400.8 -0.3558300138 -0.4904758930 -0.7954988480 0.8164342046 0.2510735393 -0.5199973583 0.4547748864 -0.8345031142 0.3111017942
-135.0 270.2 2305.2 0.8605048060 0.4001302123 -0.3153208792 -0.3346108496 0.9106410146 0.2424221039 0.3841445446 -0.1030956060 0.9174989462
-16.6 224.2 2358.1 -0.4568779171 0.4001302123 0.7944547534 0.1006911695 0.9106410146 -0.4007420242 -0.8838121295 -0.1030956060 -0.4563413560
-402.7 -63.6 2460.3 0.9540939927 0.0343260877 0.2975338101 0.0320997648 0.9759694934 -0.2155298144 -0.2977822423 0.2151864618 0.9300647974
-416.2 -445.9 2376.0 0.9523060918 0.0712250248 0.2967155278 0.0010956727 0.9715729952 -0.2367376238 -0.3051424325 0.2257717848 0.9251568317
-235.8 -99.1 2400.9 -0.9719770551 -0.1633964032 0.1690036356 -0.1886818707 0.9710813165 -0.1462882459 -0.1402132958 -0.1740767360 -0.9746986628
-171.8 -479.5 2469.1 -0.9903796911 -0.1056998670 0.0893061012 -0.0798094049 0.9635466337 0.2553592622 -0.1130420342 0.2457751781 -0.9627128839
-419.7 -117.5 2278.8 0 0 0 0 0 0 0 0 0
-131.5 249.5 2136.0 0 0 0 0 0 0 0 0 0
-439.0 -758.1 2303.5 0 0 0 0 0 0 0 0 0
-140.6 -763.1 2396.7 0 0 0 0 0 0 0 0 0
-237.1 490.9 2309.7 9 0.9218370318 0.1477514207 0.3583099246 -0.2118311077 0.9662570357 0.1465432942 -0.3245674968 -0.2109902352 0.9220298529
-266.6 297.9 2351.8 0.9218370318 0.1477514207 0.3583099246 -0.2118311077 0.9662570357 0.1465432942 -0.3245674968 -0.2109902352 0.9220298529
-294.3 108.1 2391.2 0.9231274724 0.1422006190 0.3572319746 -0.2032175660 0.9691670537 0.1393480152 -0.3264020681 -0.2012317926 0.9235623479
-398.0 326.9 2398.3 0.4525411427 -0.4907842577 -0.7445383072 0.8917301893 0.2444902211 0.3808435798 -0.0048796940 -0.8362746835 0.5482890010
-512.3 101.6 2399.5 -0.3498860598 -0.4907842577 -0.7979414463 0.8237246275 0.2444902211 -0.5115684867 0.4461586475 -0.8362746835 0.3187273443
-135.3 268.9 2305.4 0.8573300242 0.4038417637 -0.3192132711 -0.3376294076 0.9092381597 0.2435002774 0.3885764480 -0.1009843126 0.9158659577
-17.4 222.5 2358.8 -0.4519443214 0.4038417637 0.7953981161 0.1023117900 0.9092381597 -0.4035075009 -0.8861594796 -0.1009843126 -0.4522427917
-403.3 -63.1 2461.4 0.9560858011 0.0266949441 0.2918685973 0.0397837646 0.9748057127 -0.2194791734 -0.2903741598 0.2214525491 0.9309358597
-413.7 -444.9 2374.6 0.9526238441 0.0874124691 0.2913191915 -0.0164448339 0.9712129831 -0.2376444340 -0.3037060797 0.2215950638 0.9266381264
-236.6 -99.2 2401.5 -0.9711859822 -0.1631418467 0.1737310886 -0.1895367801 0.9706463814 -0.1480588615 -0.1444768459 -0.1767211258 -0.9735995531
-172.7 -479.4 2470.7 -0.9896318913 -0.1107899696 0.0914019719 -0.0832372084 0.9610224366 0.2636425495 -0.1170483008 0.2533010244 -0.9602802992
-418.5 -119.2 2279.9 0 0 0 0 0 0 0 0 0
-131.0 248.2 2136.1 0 0 0 0 0 0 0 0 0
-441.9 -757.7 2303.3 0 0 0 0 0 0 0 0 0
-139.8 -764.4 2395.6 0 0 0 0 0 0 0 0 0
-239.5 491.8 2313.0 0 0.9198466539 0.1422677785 0.3655707836 -0.2047431916 0.9690303206 0.1380595863 -0.3346077502 -0.2018417716 0.9204877019
-267.9 298.6 2353.2 0.9198466539 0.1422677785 0.3655707836 -0.2047431916 0.9690303206 0.1380595863 -0.3346077502 -0.2018417716 0.9204877019
-294.5 108.3 2390.8 0.9210737348 0.1367223114 0.3645959795 -0.1962074041 0.9717348218 0.1312785894 -0.3363419175 -0.1924536973 0.9218653440
-398.9 326.6 2401.1 0.4528798163 -0.4725547135 -0.7560369968 0.8915282488 0.2483845502 0.3787908256 0.0087885046 -0.8455750346 0.5337842107
-513.7 100.7 2398.9 -0.3622313440 -0.4725547135 -0.8034179807 0.8199301362 0.2483845502 -0.5157709718 0.4432866275 -0.8455750346 0.2974891663
-136.8 270.6 2305.3 0.8619289398 0.3994430602 -0.3122879565 -0.3382051289 0.9118157625 0.2328290194 0.3777509928 -0.0950646773 0.9210140705
-18.3 224.1 2357.3 -0.4599176943 0.3994430602 0.7930453420 0.1096084788 0.9118157625 -0.3956994414 -0.8811706305 -0.0950646773 -0.4631425440
-405.6 -63.4 2460.1 0.9532804489 0.0257203393 0.3009897470 0.0419287197 0.9754594564 -0.2161501348 -0.2991627455 0.2186718136 0.9288079739
-415.7 -445.5 2374.4 0.9510406256 0.0712722838 0.3007356524 -0.0017783417 0.9742931128 -0.2252769917 -0.3090606928 0.2137127668 0.9267191291
-238.7 -100.1 2401.1 -0.9713916183 -0.1671838909 0.1686651260 -0.1933722198 0.9691082239 -0.1530895084 -0.1378606558 -0.1813250035 -0.9737123251
-173.2 -479.7 2472.1 -0.9900380969 -0.1135346442 0.0832736045 -0.0876792222 0.9598947763 0.2662974298 -0.1101678833 0.2563432157 -0.9602870345
-416.5 -119.1 2280.0 0 0 0 0 0 0 0 0 0
-133.9 251.7 2135.8 0 0 0 0 0 0 0 0 0
-438.7 -760.2 2305.4 0 0 0 0 0 0 0 0 0
-139.5 -765.2 2395.9 0 0 0 0 0 0 0 0 0
-239.6 496.7 2311.6 1 0.9520826936 0.1240216345 0.2795659900 -0.1765965521 0.9692383409 0.1714371741 -0.2497041523 -0.2125927508 0.9446968436
-264.5 302.1 2354.3 0.9520826936 0.1240216345 0.2795659900 -0.1765965521 0.9692383409 0.1714371741 -0.2497041523 -0.2125927508 0.9446968436
-288.4 111.4 2391.7 0.9531481266 0.1217182130 0.2769355774 -0.1681707203 0.9741805792 0.1506346464 -0.2514502704 -0.1901495755 0.9490078688
-399.8 326.0 2390.0 0.4624091089 -0.5005418062 -0.7318713665 0.8858758807 0.2259534150 0.4051776826 -0.0374395475 -0.8357050419 0.5479008555
-517.1 101.4 2399.4 -0.3757489920 -0.5005418062 -0.7799170017 0.8129659295 0.2259534150 -0.5366856456 0.4448585212 -0.8357050419 0.3220216632
-129.2 278.2 2318.7 0.8355174661 0.3765655756 -0.4001361132 -0.3063780367 0.9237963557 0.2296361029 0.4561173320 -0.0692720637 0.8872194290
-14.3 236.1 2381.4 -0.3832415640 0.3765655756 0.8434004188 0.0872690082 0.9237963557 -0.3728060722 -0.9195162058 -0.0692720637 -0.3868996799
-404.5 -64.3 2458.9 0.9741616249 0.0270543005 0.2242256552 0.0246265866 0.9741559625 -0.2245299965 -0.2245052457 0.2242504209 0.9483191371
-415.1 -445.9 2371.1 0.9717535377 0.0724949986 0.2245875746 -0.0242189858 0.9772593975 -0.2106596380 -0.2347520888 0.1992699504 0.9514110088
-238.0 -99.8 2398.1 -0.9523137808 -0.1628226191 0.2580450475 -0.2055990398 0.9673195481 -0.1483976841 -0.2254495174 -0.1943749785 -0.9546679258
-174.2 -478.6 2474.3 -0.9793210030 -0.1195089370 0.1632421166 -0.0699777529 0.9571729302 0.2809326053 -0.1898248941 0.2636998892 -0.9457424879
-416.3 -116.5 2280.2 0 0 0 0 0 0 0 0 0
-110.6 258.0 2150.3 0 0 0 0 0 0 0 0 0
-438.4 -759.9 2307.1 0 0 0 0 0 0 0 0 0
-138.3 -765.9 2395.1 0 0 0 0 0 0 0 0 0
-241.4 495.8 2312.5 2 0.9427970052 0.1249182522 0.3090779483 -0.1813846678 0.9701097608 0.1612036973 -0.2797022760 -0.2080443799 0.9372748733
-266.4 301.6 2354.1 0.9427970052 0.1249182522 0.3090779483 -0.1813846678 0.9701097608 0.1612036973 -0.2797022760 -0.2080443799 0.9372748733
-290.3 110.9 2391.6 0.9437913895 0.1219873279 0.3072082102 -0.1735556424 0.9738692641 0.1464824528 -0.2813116312 -0.1915666014 0.9403010011
-400.5 326.3 2394.1 0.4611180723 -0.4727584422 -0.7509124875 0.8872549534 0.2340201735 0.3975087404 -0.0121969366 -0.8495492935 0.5273681879
-518.3 99.6 2397.2 -0.3914218545 -0.4727584422 -0.7894861698 0.8079882860 0.2340201735 -0.5407305360 0.4403906167 -0.8495492935 0.2903826535
-132.3 276.9 2314.1 0.8472920656 0.3801353872 -0.3709356189 -0.3128044605 0.9215700030 0.2299176157 0.4292429388 -0.0787770599 0.8997470140
-15.8 233.9 2373.2 -0.4110240936 0.3801353872 0.8285869360 0.0920130387 0.9215700030 -0.3771502972 -0.9069690108 -0.0787770599 -0.4137648940
-398.0 -64.2 2451.7 0.9661763906 0.0494508371 0.2530963719 0.0040807324 0.9783877134 -0.2067386210 -0.2578497827 0.2007787973 0.9450933337
-417.4 -447.3 2373.0 0.9653330445 0.0647619590 0.2528596520 -0.0102036512 0.9773541093 -0.2113640904 -0.2608217597 0.2014566511 0.9441330433
-226.5 -94.5 2406.4 -0.9647302032 -0.1366319209 0.2250051796 -0.1692029238 0.9766455293 -0.1324156672 -0.2016580850 -0.1658169329 -0.9653179646
-173.0 -476.7 2471.3 -0.9823558331 -0.1082263216 0.1525257081 -0.0648329854 0.9620474577 0.2650687099 -0.1754243821 0.2505030930 -0.9520895481
-413.4 -117.0 2279.1 0 0 0 0 0 0 0 0 0
-119.1 257.0 2145.2 0 0 0 0 0 0 0 0 0
-438.1 -760.1 2308.6 0 0 0 0 0 0 0 0 0
-140.7 -764.1 2396.5 0 0 0 0 0 0 0 0 0
-240.0 495.6 2317.9 3 0.9389044046 0.1343802214 0.3168603182 -0.1874777824 0.9717437625 0.1434088498 -0.2886357307 -0.1940514743 0.9375678301
-266.9 301.4 2356.6 0.9389044046 0.1343802214 0.3168603182 -0.1874777824 0.9717437625 0.1434088498 -0.2886357307 -0.1940514743 0.9375678301
-292.4 110.6 2392.3 0.9398244619 0.1311825365 0.3154697418 -0.1807352155 0.9744679332 0.1332178414 -0.2899393141 -0.1822178811 0.9395381212
-400.5 327.1 2397.9 0.4569324553 -0.4643996358 -0.7586472631 0.8895004988 0.2397654206 0.3889748156 0.0012576304 -0.8525523543 0.5226402879
-518.3 97.8 2397.5 -0.3972361088 -0.4643996358 -0.7915405631 0.8039936423 0.2397654206 -0.5441569090 0.4424903393 -0.8525523543 0.2781308591
-133.2 275.7 2315.4 0.8468830585 0.3895445764 -0.3620001972 -0.3264370561 0.9182004333 0.2243810892 0.4197951853 -0.0718542561 0.9047701359
-16.8 230.8 2373.1 -0.4164509475 0.3895445764 0.8214765191 0.1060171649 0.9182004333 -0.3816652596 -0.9029557109 -0.0718542561 -0.4236838520
-399.2 -64.2 2454.6 0.9647119045 0.0508178733 0.2583572567 0.0035126528 0.9786279798 -0.2056086659 -0.2632842362 0.1992606521 0.9439155459
-419.1 -447.4 2376.6 0.9645670652 0.0569791459 0.2576115429 0.0009772272 0.9756233096 -0.2194497436 -0.2638358772 0.2119257450 0.9409984350
-229.1 -95.4 2403.9 -0.9649144411 -0.1478778571 0.2169614732 -0.1780343503 0.9758368731 -0.1266734004 -0.1929868162 -0.1608555913 -0.9679264426
-171.2 -477.5 2466.8 -0.9841912389 -0.1007604226 0.1456535608 -0.0621691719 0.9666088820 0.2486006320 -0.1658391207 0.2356154025 -0.9575921893
-411.8 -117.8 2278.9 0 0 0 0 0 0 0 0 0
-121.4 257.4 2146.2 0 0 0 0 0 0 0 0 0
-437.4 -760.8 2308.5 0 0 0 0 0 0 0 0 0
-141.4 -763.0 2397.3 0 0 0 0 0 0 0 0 0
-239.6 494.3 2314.1 4 0.9277985692 0.1427869052 0.3446762562 -0.2028665543 0.9684274197 0.1448911726 -0.3131054044 -0.2043531090 0.9274722934
-268.1 301.3 2354.8 0.9277985692 0.1427869052 0.3446762562 -0.2028665543 0.9684274197 0.1448911726 -0.3131054044 -0.2043531090 0.9274722934
-295.4 111.1 2392.4 0.9287192822 0.1404903382 0.3431369662 -0.1965622157 0.9712430239 0.1343511790 -0.3143943548 -0.1922222823 0.9296272397
-400.2 329.3 2399.5 0.4502177238 -0.4539623857 -0.7689096928 0.8928368688 0.2405382246 0.3807672858 0.0120981513 -0.8579391241 0.5136089325
-516.4 98.8 2396.4 -0.3825400770 -0.4539623857 -0.8047243357 0.8170022368 0.2405382246 -0.5240693688 0.4314747453 -0.8579391241 0.2788727582
-136.0 273.3 2310.1 0.8532028198 0.4009326994 -0.3336134851 -0.3364267349 0.9118117094 0.2354069501 0.3985750377 -0.0886133760 0.9128447771
-18.6 227.1 2364.9 -0.4395304024 0.4009326994 0.8037822843 0.1065894663 0.9118117094 -0.3965325356 -0.8918809891 -0.0886133760 -0.4435041845
-403.0 -63.9 2454.2 0.9588401318 0.0397074930 0.2811564207 0.0192253571 0.9788230062 -0.2038034648 -0.2832948864 0.2008202672 0.9377714396
-418.5 -447.3 2375.6 0.9580549002 0.0577667579 0.2807023227 0.0039746477 0.9767016768 -0.2145647258 -0.2865571380 0.2066804767 0.9355042577
-233.3 -96.5 2401.9 -0.9684246778 -0.1640355736 0.1877392530 -0.1903651059 0.9727993608 -0.1319945604 -0.1609808207 -0.1635657847 -0.9733095169
-169.1 -477.5 2465.9 -0.9891701937 -0.0938092470 0.1128810197 -0.0643477738 0.9684102535 0.2409168035 -0.1319153607 0.2310440838 -0.9639589787
-413.8 -120.2 2280.7 0 0 0 0 0 0 0 0 0
-129.1 253.9 2140.8 0 0 0 0 0 0 0 0 0
-437.1 -762.1 2309.0 0 0 0 0 0 0 0 0 0
-141.5 -762.4 2397.9 0 0 0 0 0 0 0 0 0
-240.2 492.0 2312.7 5 0.9258723259 0.1449167728 0.3489406705 -0.2062763721 0.9676196575 0.1454724818 -0.3165604472 -0.2066671699 0.9257851839
-269.1 299.5 2353.8 0.9258723259 0.1449167728 0.3489406705 -0.2062763721 0.9676196575 0.1454724818 -0.3165604472 -0.2066671699 0.9257851839
-296.8 109.5 2392.3 0.9267460704 0.1422984898 0.3476965725 -0.2003817409 0.9700806141 0.1370792538 -0.3177875280 -0.1967097074 0.9275324345
-400.9 328.0 2399.0 0.4489431381 -0.4637697935 -0.7637850642 0.8935106397 0.2420114726 0.3782449365 0.0094261775 -0.8522605300 0.5230326056
-513.9 103.2 2396.6 -0.3581357002 -0.4637697935 -0.8103433847 0.8286569118 0.2420114726 -0.5047357082 0.4301935732 -0.8522605300 0.2976331115
-137.2 270.9 2308.6 0.8540616632 0.4030408263 -0.3288415670 -0.3372114599 0.9103377461 0.2399450094 0.3960645199 -0.0940386876 0.9133945704
-19.8 224.5 2363.1 -0.4432542026 0.4030408263 0.8006771207 0.1042755097 0.9103377461 -0.4005144238 -0.8903102279 -0.0940386876 -0.4455383122
-406.8 -61.3 2458.5 0.9581261873 0.0328611471 0.2844544053 0.0289184097 0.9772098660 -0.2102963626 -0.2848822474 0.2097164243 0.9353401065
-419.6 -444.0 2376.4 0.9572867751 0.0526294559 0.2843098938 0.0100142965 0.9766697884 -0.2145129591 -0.2889665961 0.2081975937 0.9344260693
-239.1 -96.8 2401.7 -0.9670967460 -0.1755421162 0.1841436923 -0.2030637860 0.9686598182 -0.1430498213 -0.1532613188 -0.1757359356 -0.9724339843
-170.3 -476.1 2470.6 -0.9900510907 -0.1007460207 0.0982295424 -0.0724811852 0.9635127783 0.2576617599 -0.1206038147 0.2479785234 -0.9612290859
-417.9 -118.9 2281.3 0 0 0 0 0 0 0 0 0
-131.2 250.7 2139.3 0 0 0 0 0 0 0 0 0
-436.8 -761.6 2308.7 0 0 0 0 0 0 0 0 0
-140.4 -762.6 2396.8 0 0 0 0 0 0 0 0 0
-240.1 494.9 2312.0 6 0.9222378135 0.1449010819 0.3584426343 -0.2087585479 0.9669753909 0.1462137550 -0.3254186809 -0.2096718103 0.9220305681
-269.0 302.0 2353.8 0.9222378135 0.1449010819 0.3584426343 -0.2087585479 0.9669753909 0.1462137550 -0.3254186809 -0.2096718103 0.9220305681
-296.6 112.1 2392.6 0.9233064651 0.1413877308 0.3570919037 -0.2015285343 0.9698435664 0.1370756924 -0.3269424736 -0.1985270828 0.9239565134
-400.4 330.7 2400.3 0.4462839961 -0.4765203893 -0.7574687600 0.8948513269 0.2456380874 0.3726969063 0.0084655005 -0.8441506028 0.5360392928
-514.7 101.6 2398.2 -0.3558824360 -0.4765203893 -0.8039129376 0.8240957856 0.2456380874 -0.5104194283 0.4406969249 -0.8441506028 0.3052801788
-137.7 273.3 2307.3 0.8576051593 0.4030769169 -0.3194407821 -0.3379872739 0.9098563194 0.2406782806 0.3876570761 -0.0984400213 0.9165323377
-19.8 226.8 2360.6 -0.4520090222 0.4030769169 0.7957492471 0.1043989733 0.9098563194 -0.4015747607 -0.8858829737 -0.0984400213 -0.4533441067
-408.3 -62.4 2459.6 0.9556124210 0.0262713619 0.2934531569 0.0386617295 0.9762223959 -0.2132957876 -0.2920791209 0.2151735127 0.9318745136
-418.6 -444.8 2375.3 0.9543734789 0.0554579161 0.2934206128 0.0091922628 0.9766815901 -0.2144960910 -0.2984740138 0.2074065953 0.9316092134
-240.9 -98.6 2402.1 -0.9689261913 -0.1773614585 0.1724092066 -0.2013754994 0.9703791738 -0.1334623247 -0.1436312348 -0.1640341282 -0.9759420156
-171.4 -478.7 2466.4 -0.9898884892 -0.1083253473 0.0915773064 -0.0827592760 0.9653819203 0.2473634630 -0.1152028069 0.2372833639 -0.9645853639
-419.3 -119.3 2280.0 0 0 0 0 0 0 0 0 0
-133.3 253.0 2138.0 0 0 0 0 0 0 0 0 0
-436.5 -760.3 2308.3 0 0 0 0 0 0 0 0 0
-139.3 -765.0 2396.0 0 0 0 0 0 0 0 0 0
-239.4 494.5 2312.6 7 0.9141992331 0.1509712487 0.3760949671 -0.2161465883 0.9666486382 0.1373719424 -0.3428124785 -0.2068769783 0.9163413644
-269.6 301.4 2354.0 0.9141992331 0.1509712487 0.3760949671 -0.2161465883 0.9666486382 0.1373719424 -0.3428124785 -0.2068769783 0.9163413644
-298.3 111.6 2392.3 0.9153143167 0.1475649178 0.3747322559 -0.2089149058 0.9694501162 0.1285343766 -0.3443170488 -0.1959365159 0.9181800485
-399.8 331.2 2402.9 0.4489245713 -0.4648461938 -0.7631413937 0.8934257030 0.2488265038 0.3739998043 0.0160374139 -0.8497078419 0.5270098448
-513.7 104.5 2398.9 -0.3532246053 -0.4648461938 -0.8118807673 0.8278995156 0.2488265038 -0.5026606321 0.4356773496 -0.8497078419 0.2969543040
-139.4 271.7 2305.0 0.8608973622 0.4103690982 -0.3007538915 -0.3485707939 0.9063289762 0.2388854027 0.3706131279 -0.1008218005 0.9232988954
-21.0 223.7 2355.9 -0.4665369391 0.4103690982 0.7835435271 0.1136614308 0.9063289762 -0.4069998860 -0.8771683574 -0.1008218005 -0.4694790840
-407.7 -59.7 2461.1 0.9509234428 0.0306358710 0.3079059422 0.0386827476 0.9755100012 -0.2165269554 -0.3069987893 0.2178111970 0.9264502525
-419.7 -441.8 2375.8 0.9500325918 0.0507233888 0.3080018759 0.0170381069 0.9768118262 -0.2134206444 -0.3116852939 0.2080043405 0.9271388650
-240.8 -96.1 2402.0 -0.9717535377 -0.1765781939 0.1565734595 -0.1995329559 0.9690214992 -0.1455469728 -0.1260226369 -0.1726773381 -0.9768832326
-171.6 -475.6 2469.6 -0.9914944768 -0.1076560095 0.0731357411 -0.0859598145 0.9636150599 0.2530947030 -0.0977218673 0.2446552813 -0.9646731019
-419.0 -117.5 2282.1 0 0 0 0 0 0 0 0 0
-138.2 252.3 2135.5 0 0 0 0 0 0 0 0 0
-436.2 -759.5 2308.1 0 0 0 0 0 0 0 0 0
-139.3 -765.0 2396.1 0 0 0 0 0 0 0 0 0
-238.7 492.1 2313.5 8 0.9068823457 0.1561131179 0.3913989067 -0.2224666774 0.9662242532 0.1300740093 -0.3578728735 -0.2050350457 0.9109817147
-269.7 299.8 2354.3 0.9068823457 0.1561131179 0.3913989067 -0.2224666774 0.9662242532 0.1300740093 -0.3578728735 -0.2050350457 0.9109817147
-299.7 110.1 2392.7 0.9077172875 0.1540111452 0.3902946711 -0.2172584981 0.9683098793 0.1231858358 -0.3589541912 -0.1966127455 0.9124118090
-398.9 330.7 2405.3 0.4604973793 -0.4498918653 -0.7652055025 0.8872715831 0.2588246167 0.3817839026 0.0262925401 -0.8547555804 0.5183643103
-516.2 104.8 2398.7 -0.3502588868 -0.4498918653 -0.8215327263 0.8292711973 0.2588246167 -0.4952969849 0.4354629815 -0.8547555804 0.2824267447
-140.6 268.8 2303.2 0.8631187081 0.4176373184 -0.2839105725 -0.3576709926 0.9024412632 0.2401482761 0.3565075099 -0.1057298928 0.9282906651
-21.9 219.6 2352.2 -0.4790597558 0.4176373184 0.7720627189 0.1198240593 0.9024412632 -0.4138138890 -0.8695653677 -0.1057298928 -0.4823662937
-409.9 -59.4 2461.8 0.9471806884 0.0200291723 0.3200742900 0.0556397960 0.9726490378 -0.2255173177 -0.3158368766 0.2314145267 0.9201599956
-417.8 -440.4 2371.2 0.9455510974 0.0567256100 0.3204922676 0.0089048995 0.9798175693 -0.1996952593 -0.3253518045 0.1916760206 0.9259624481
-244.5 -97.2 2399.6 -0.9727244377 -0.1838550270 0.1414372921 -0.2050901651 0.9665381312 -0.1540847123 -0.1083752811 -0.1788893640 -0.9778820872
-172.5 -475.8 2469.6 -0.9924129844 -0.1102748811 0.0543688983 -0.0931750163 0.9630702734 0.2526143491 -0.0802180916 0.2456319481 -0.9660382867
-422.2 -117.6 2281.9 0 0 0 0 0 0 0 0 0
-142.3 249.7 2133.7 0 0 0 0 0 0 0 0 0
-436.4 -761.5 2308.3 0 0 0 0 0 0 0 0 0
-139.4 -764.8 2395.9 0 0 0 0 0 0 0 0 0
-238.0 489.6 2311.9 9 0.9126579165 0.1523016989 0.3792884946 -0.2186670750 0.9659504294 0.1382914037 -0.3453118503 -0.2091506571 0.9148856401
-268.2 297.6 2353.4 0.9126579165 0.1523016989 0.3792884946 -0.2186670750 0.9659504294 0.1382914037 -0.3453118503 -0.2091506571 0.9148856401
-297.7 108.0 2392.6 0.9133136868 0.1513987780 0.3780694008 -0.2144909948 0.9679648280 0.1305285990 -0.3461960256 -0.2003060430 0.9165292382
-398.2 328.1 2402.7 0.4652309120 -0.4830050468 -0.7417994142 0.8851628900 0.2603245080 0.3856394291 0.0068427813 -0.8360247016 0.5486491323
-515.0 105.9 2401.0 -0.3302929401 -0.4830050468 -0.8109332323 0.8300831318 0.2603245080 -0.4931461811 0.4492979050 -0.8360247016 0.3149509728
-138.3 267.0 2304.2 0.8604062796 0.4141964912 -0.2968876958 -0.3510055244 0.9040268064 0.2439891100 0.3694538474 -0.1057205498 0.9232155681
-20.0 218.7 2355.0 -0.4686443210 0.4141964912 0.7802652121 0.1122485399 0.9040268064 -0.4124752283 -0.8762264252 -0.1057205498 -0.4701599777
-411.9 -59.9 2463.7 0.9508408904 0.0104423575 0.3095037043 0.0628470853 0.9721271396 -0.2258741260 -0.3032355905 0.2342217714 0.9236819744
-416.0 -440.7 2372.0 0.9487466812 0.0632362440 0.3096464276 0.0024591524 0.9782705307 -0.2073179483 -0.3160279989 0.1974536926 0.9279754162
-247.9 -99.2 2398.8 -0.9695472121 -0.1903257668 0.1541242748 -0.2141534686 0.9641777873 -0.1565232724 -0.1188127771 -0.1847629547 -0.9755747914
-173.3 -476.8 2471.2 -0.9915975928 -0.1146604866 0.0598927923 -0.0951258540 0.9600751400 0.2630718946 -0.0876655355 0.2551641166 -0.9629153609
-426.4 -116.6 2280.5 0 0 0 0 0 0 0 0 0
-137.8 247.0 2134.8 0 0 0 0 0 0 0 0 0
-436.7 -760.1 2307.5 0 0 0 0 0 0 0 0 0
-139.2 -762.4 2395.3 0 0 0 0 0 0 0 0 0
-235.1 486.0 2310.6 0 0.9389338493 0.1504371911 0.3094702661 -0.2067243308 0.9655869603 0.1578190029 -0.2750785947 -0.2121566385 0.9377213717
-265.0 294.2 2352.7 0.9389338493 0.1504371911 0.3094702661 -0.2067243308 0.9655869603 0.1578190029 -0.2750785947 -0.2121566385 0.9377213717
-294.2 104.5 2391.8 0.9397006631 0.1493190378 0.3076791465 -0.2017768174 0.9684489369 0.1462626159 -0.2761317492 -0.1995255947 0.9401812553
-398.5 322.9 2391.9 0.4851529300 -0.5010514855 -0.7166407704 0.8736304045 0.2427153736 0.4217335284 -0.0373704806 -0.8306844234 0.5554878712
-517.6 108.5 2401.1 -0.3385943472 -0.5010514855 -0.7964303493 0.8283690214 0.2427153736 -0.5048702359 0.4462718666 -0.8306844234 0.3328734934
-131.4 265.5 2313.5 0.8368352652 0.4055248499 -0.3677721024 -0.3320955932 0.9100966454 0.2478641272 0.4352232218 -0.0852859467 0.8962739706
-16.4 219.8 2373.3 -0.4050428569 0.4055248499 0.8194448352 0.0952675268 0.9100966454 -0.4032966793 -0.9093208313 -0.0852859467 -0.4072614908
-409.9 -62.2 2463.1 0.9694388509 0.0146041466 0.2448980808 0.0448000692 0.9709039330 -0.2352413237 -0.2412080169 0.2390235215 0.9405777454
-415.6 -442.5 2369.5 0.9670819044 0.0678083375 0.2452644557 -0.0179006662 0.9795827270 -0.2002429217 -0.2538349628 0.1892609000 0.9485505223
-244.8 -101.0 2400.6 -0.9568269253 -0.1878841966 0.2217695266 -0.2205781937 0.9662483335 -0.1330768019 -0.1892814040 -0.1762489825 -0.9659755826
-171.2 -479.4 2469.6 -0.9861423969 -0.1049866006 0.1284563094 -0.0681580082 0.9623156190 0.2632548511 -0.1512537599 0.2508514524 -0.9561359286
-426.8 -113.6 2281.5 0 0 0 0 0 0 0 0 0
-118.2 243.7 2144.8 0 0 0 0 0 0 0 0 0
-437.6 -759.2 2308.3 0 0 0 0 0 0 0 0 0
-140.3 -763.1 2395.7 0 0 0 0 0 0 0 0 0
-237.0 486.6 2309.9 1 0.9333914518 0.1464139968 0.3276329637 -0.2072682530 0.9652554989 0.1591277719 -0.2929509878 -0.2164364159 0.9313082099
-266.0 295.1 2352.9 0.9333914518 0.1464139968 0.3276329637 -0.2072682530 0.9652554989 0.1591277719 -0.2929509878 -0.2164364159 0.9313082099
-294.4 105.6 2392.9 0.9341149330 0.1454570442 0.3259932101 -0.2024762183 0.9679981470 0.1482665986 -0.2939943969 -0.2045039237 0.9336730838
-398.8 324.0 2394.7 0.4713876843 -0.4905021489 -0.7329401374 0.8817932606 0.2477080077 0.4013494849 -0.0153076435 -0.8354929090 0.5492879748
-517.6 101.8 2398.5 -0.3444704413 -0.4905021489 -0.8004671931 0.8255527020 0.2477080077 -0.5070536733 0.4469930530 -0.8354929090 0.3196073174
-133.2 266.3 2311.0 0.8451544046 0.4038414359 -0.3501800895 -0.3312419355 0.9098659158 0.2498456389 0.4195149243 -0.0951638147 0.9027463794
-17.0 220.8 2368.7 -0.4227197468 0.4038414359 0.8113076687 0.0933403596 0.9098659158 -0.4042668045 -0.9014408588 -0.0951638147 -0.4223130047
-408.1 -67.0 2455.8 0.9645055532 0.0184743349 0.2634155452 0.0421074964 0.9740251899 -0.2224902213 -0.2606837451 0.2256848216 0.9386748075
-415.4 -448.5 2367.4 0.9619215131 0.0716347247 0.2637717128 -0.0181239564 0.9796376228 -0.1999541372 -0.2727243602 0.1875595897 0.9436327815
-238.8 -103.3 2406.0 -0.9635031819 -0.1787072420 0.1993121207 -0.2043981403 0.9719122052 -0.1166537851 -0.1728670001 -0.1531353295 -0.9729679227
-168.8 -483.9 2466.0 -0.9885926247 -0.0897910595 0.1209219992 -0.0581063740 0.9680816531 0.2438063025 -0.1389539987 0.2339987755 -0.9622558951
-425.3 -119.6 2278.7 0 0 0 0 0 0 0 0 0
-123.2 244.2 2142.2 0 0 0 0 0 0 0 0 0
-438.0 -758.3 2308.1 0 0 0 0 0 0 0 0 0
-142.9 -762.8 2398.6 0 0 0 0 0 0 0 0 0
-234.9 486.7 2303.1 2 0.9266938567 0.1556831151 0.3420544863 -0.2244928479 0.9592472911 0.1716028899 -0.3013991714 -0.2358121276 0.9238783121
-265.9 295.9 2350.0 0.9266938567 0.1556831151 0.3420544863 -0.2244928479 0.9592472911 0.1716028899 -0.3013991714 -0.2358121276 0.9238783121
-296.0 107.2 2393.2 0.9277184010 0.1544865519 0.3398123384 -0.2181428224 0.9630900025 0.1577066928 -0.3029063046 -0.2204350233 0.9271764755
-397.9 326.9 2393.1 0.4740727544 -0.5063461065 -0.7203254104 0.8794106841 0.2318805903 0.4157743156 -0.0434962176 -0.8305690885 0.5552144051
-518.3 103.6 2404.1 -0.3555298150 -0.5063461065 -0.7856285572 0.8213611841 0.2318805903 -0.5211498737 0.4460542202 -0.8305690885 0.3334525526
-133.9 264.8 2306.9 0.8464460969 0.4135424197 -0.3354275525 -0.3355024755 0.9033746123 0.2671187222 0.4134816527 -0.1135648265 0.9034024477
-17.6 218.7 2363.8 -0.4331870377 0.4135424197 0.8008318543 0.0855087787 0.9033746123 -0.4202410877 -0.8972386718 -0.1135648265 -0.4266916811
-407.2 -65.8 2459.5 0.9617249966 0.0283170529 0.2725493908 0.0339351222 0.9746807814 -0.2210107297 -0.2719070315 0.2218005359 0.9364139438
-418.3 -447.5 2372.6 0.9601935744 0.0598765276 0.2728427351 -0.0011946297 0.9776274562 -0.2103404552 -0.2793329954 0.2016416043 0.9387831092
-238.6 -102.3 2406.4 -0.9672448635 -0.1727676690 0.1859804988 -0.1996565610 0.9702316523 -0.1370687187 -0.1567631215 -0.1697112322 -0.9729457498
-170.9 -482.2 2472.9 -0.9900646210 -0.0985100493 0.1003387943 -0.0686416626 0.9613737464 0.2665498853 -0.1227209270 0.2570141852 -0.9585840106
-422.9 -116.6 2284.5 0 0 0 0 0 0 0 0 0
-126.4 240.1 2138.3 0 0 0 0 0 0 0 0 0
-437.3 -758.9 2308.4 0 0 0 0 0 0 0 0 0
-142.4 -761.0 2398.3 0 0 0 0 0 0 0 0 0
-234.7 486.0 2298.7 3 0.9312194586 0.1571248770 0.3288497031 -0.2261556536 0.9566877484 0.1833089441 -0.2858040631 -0.2450720668 0.9264209270
-266.0 295.2 2347.6 0.9312194586 0.1571248770 0.3288497031 -0.2261556536 0.9566877484 0.1833089441 -0.2858040631 -0.2450720668 0.9264209270
-296.2 107.0 2392.3 0.9324136972 0.1550973058 0.3264192343 -0.2188199311 0.9611275196 0.1683798432 -0.2876152396 -0.2284267098 0.9301068187
-398.7 326.4 2388.5 0.4750061929 -0.5273705125 -0.7044497728 0.8774267435 0.2228759527 0.4247924685 -0.0670181140 -0.8198820949 0.5685964227
-519.0 104.0 2405.5 -0.3673690259 -0.5273705125 -0.7661072612 0.8102973700 0.2228759527 -0.5419819951 0.4565722048 -0.8198820949 0.3454492092
-133.4 264.1 2306.6 0.8414373994 0.4127857387 -0.3486990929 -0.3288455606 0.9032396674 0.2757148445 0.4287700355 -0.1173286289 0.8957623839
-17.7 218.8 2365.6 -0.4208226204 0.4127857387 0.8077847958 0.0748848990 0.9032396674 -0.4225521684 -0.9040467739 -0.1173286289 -0.4110151231
-410.0 -61.6 2463.7 0.9655151963 0.0209697075 0.2595007718 0.0414168462 0.9716858864 -0.2326180488 -0.2570311725 0.2353439778 0.9373090267
-418.2 -442.2 2371.5 0.9638553858 0.0579103008 0.2600562274 -0.0048927478 0.9797743559 -0.2000456899 -0.2663811147 0.1915427148 0.9446440935
-242.5 -101.1 2409.0 -0.9632769823 -0.1830236614 0.1964683533 -0.2102763057 0.9692149162 -0.1280871183 -0.1669770777 -0.1646960229 -0.9721079469
-170.8 -480.6 2473.5 -0.9892649651 -0.0997643247 0.1067797467 -0.0676383674 0.9603167772 0.2705858350 -0.1295371950 0.2604586780 -0.9567556381
-420.6 -113.2 2283.1 0 0 0 0 0 0 0 0 0
-123.4 237.7 2138.4 0 0 0 0 0 0 0 0 0
-437.1 -761.2 2309.2 0 0 0 0 0 0 0 0 0
-141.4 -763.5 2396.8 0 0 0 0 0 0 0 0 0
-235.2 486.6 2297.0 4 0.9330317378 0.1545230001 0.3249221444 -0.2236860842 0.9564635158 0.1874621511 -0.2818089724 -0.2475887090 0.9269754887
-266.0 295.5 2346.4 0.9330317378 0.1545230001 0.3249221444 -0.2236860842 0.9564635158 0.1874621511 -0.2818089724 -0.2475887090 0.9269754887
-295.8 107.4 2391.8 0.9341095090 0.1528745294 0.3225970268 -0.2169643492 0.9607346654 0.1729606390 -0.2834888399 -0.2315562218 0.9305996895
-398.9 326.5 2386.8 0.4699522853 -0.5376773477 -0.7000342011 0.8795287013 0.2181588560 0.4228900075 -0.0746597275 -0.8144382834 0.5754269361
-518.8 102.1 2405.8 -0.3754097819 -0.5376773477 -0.7549639344 0.8029735088 0.2181588560 -0.5546532273 0.4629265666 -0.8144382834 0.3498417437
-133.1 264.6 2306.1 0.8409484029 0.4103497565 -0.3527305424 -0.3245423138 0.9040870667 0.2780268192 0.4329873621 -0.1193302348 0.8934664130
-17.5 220.0 2365.6 -0.4178580046 0.4103497565 0.8105601668 0.0701018348 0.9040870667 -0.4215594530 -0.9058037400 -0.1193302348 -0.4065462947
-410.8 -61.5 2463.0 0.9663655162 0.0144541226 0.2567659318 0.0486069471 0.9701582789 -0.2375504673 -0.2525371909 0.2420411855 0.9368249774
-416.5 -441.5 2368.2 0.9642570615 0.0638474151 0.2571609914 -0.0137988199 0.9813176394 -0.1918991804 -0.2646088898 0.1814916283 0.9471235275
-242.4 -101.0 2411.0 -0.9635707140 -0.1799684614 0.1978455484 -0.2056944817 0.9714620113 -0.1181156337 -0.1709423512 -0.1545085013 -0.9730908871
-171.9 -481.5 2471.5 -0.9878405929 -0.1073169261 0.1124901175 -0.0738125369 0.9605383873 0.2681747377 -0.1368307620 0.2566106915 -0.9567801952
-418.1 -113.1 2281.7 0 0 0 0 0 0 0 0 0
-122.5 237.6 2138.0 0 0 0 0 0 0 0 0 0
-437.2 -760.1 2309.2 0 0 0 0 0 0 0 0 0
-140.2 -764.6 2395.9 0 0 0 0 0 0 0 0 0
-234.5 482.9 2295.1 5 0.9328216314 0.1559778154 0.3248303533 -0.2262838930 0.9551124573 0.1911956519 -0.2804272175 -0.2518553138 0.9262447953
-265.6 292.4 2345.4 0.9328216314 0.1559778154 0.3248303533 -0.2262838930 0.9551124573 0.1911956519 -0.2804272175 -0.2518553138 0.9262447953
-295.7 104.6 2391.7 0.9337593317 0.1549995542 0.3225966990 -0.2205117494 0.9591075778 0.1774465144 -0.2819007933 -0.2368286997 0.9297548532
-398.4 323.8 2385.5 0.4720487297 -0.5249297023 -0.7082505226 0.8788856864 0.2175474167 0.4245387018 -0.0687749088 -0.8228741884 0.5640462041
-517.9 101.5 2402.9 -0.3734543622 -0.5249297023 -0.7648402452 0.8098845482 0.2175474167 -0.5447569489 0.4523481131 -0.8228741884 0.3438884616
