-169.5 440.7 2507.2 1 0.9890297651 0.0030040923 -0.1476856470 -0.0054057520 0.9998595715 -0.0158632845 0.1476172507 0.0164876133 0.9889070988
-170.1 241.9 2503.9 0.9890297651 0.0030040923 -0.1476856470 -0.0054057520 0.9998595715 -0.0158632845 0.1476172507 0.0164876133 0.9889070988
-170.2 47.8 2501.0 0.9890344739 0.0003955618 -0.1476843208 -0.0026511378 0.9998828173 -0.0150764231 0.1476610452 0.0153026339 0.9889196157
-305.2 242.2 2483.8 0.1613543928 -0.7741251588 -0.6121233106 0.8235507607 0.4473950565 -0.3487144411 0.5438095927 -0.4478480518 0.7097205520
-341.5 57.1 2361.5 -0.6307927966 -0.7741251588 -0.0532037914 -0.4857168794 0.4473950565 -0.7509438992 0.6051276922 -0.4478480518 -0.6582192779
-35.0 241.5 2524.1 0.2522280514 0.5902789235 0.7667801380 -0.9662209749 0.1969447434 0.1662219763 -0.0528959930 -0.7828049660 0.6200148463
32.4 -16.5 2510.0 -0.0491643138 0.5915319920 0.8047811985 -0.9510711432 0.2183551639 -0.2185970843 -0.3050352931 -0.7761513591 0.5518537164
-257.7 -145.7 2486.2 0.9988457561 -0.0472863838 -0.0084357737 0.0475292467 0.9983766079 0.0313862227 0.0069379378 -0.0317509435 0.9994717240
-239.3 -533.3 2498.6 0.9999749064 -0.0023322122 -0.0066883825 0.0022960615 0.9999827147 -0.0054075979 0.0067008785 0.0053921053 0.9999629855
-80.4 -145.8 2512.3 0.8941411972 0.0692227334 -0.4424021840 -0.0630823076 0.9975984693 0.0285984185 0.4433194101 0.0023367242 0.8963606358
-107.3 -532.9 2511.4 0.8917221427 -0.0778100714 -0.4458444118 0.0703217313 0.9969668984 -0.0333448648 0.4470866919 -0.0016181964 0.8944891691
-173.2 186.7 2200.1 0 0 0 0 0 0 0 0 0
18.9 -277.6 2426.2 0 0 0 0 0 0 0 0 0
-238.6 -841.3 2496.9 0 0 0 0 0 0 0 0 0
-84.2 -829.1 2511.9 0 0 0 0 0 0 0 0 0
-169.3 442.4 2501.6 2 0.9826495051 0.0076804264 -0.1853132695 -0.0081324503 0.9999655485 -0.0016792469 0.1852939874 0.0031571621 0.9826780558
-170.8 242.3 2501.0 0.9826495051 0.0076804264 -0.1853132695 -0.0081324503 0.9999655485 -0.0016792469 0.1852939874 0.0031571621 0.9826780558
-171.8 48.2 2500.3 0.9826663733 0.0049391105 -0.1853170991 -0.0054570525 0.9999824762 -0.0022849368 0.1853025705 0.0032566157 0.9826760888
-305.0 243.0 2475.7 0.1685737669 -0.7808856368 -0.6014985442 0.8164117336 0.4525482059 -0.3587087989 0.5523176193 -0.4306015670 0.7138119936
-341.6 65.5 2355.5 -0.6242105961 -0.7808856368 -0.0240558386 -0.5387515426 0.4525482059 -0.7105961442 0.5657807589 -0.4306015670 -0.7031887174
-36.6 241.6 2526.3 0.2573488355 0.6126156449 0.7473109365 -0.9640862942 0.2153104693 0.1554961056 -0.0656445175 -0.7604889870 0.6460242271
32.3 -16.8 2508.7 -0.0387287810 0.6125412583 0.7894892693 -0.9535883069 0.2134495676 -0.2123879045 -0.2986125052 -0.7610732913 0.5758455396
-258.9 -146.1 2484.8 0.9977500439 -0.0486089773 -0.0461740345 0.0504713692 0.9979216456 0.0400627814 0.0441306569 -0.0423031114 0.9981297255
-240.0 -533.5 2501.2 0.9990407825 -0.0072011738 -0.0431936570 0.0063631432 0.9997894764 -0.0195079129 0.0433250442 0.0192143526 0.9988762140
-81.6 -146.5 2511.2 0.8756945133 0.0781774148 -0.4764948785 -0.0693895295 0.9969383478 0.0360424183 0.4778537154 0.0015016055 0.8784381747
-112.0 -533.5 2510.6 0.8712735772 -0.0970855504 -0.4810995162 0.0883603320 0.9952518344 -0.0408201329 0.4827781916 -0.0069446089 0.8757151365
-173.5 210.6 2203.1 0 0 0 0 0 0 0 0 0
21.7 -278.6 2426.7 0 0 0 0 0 0 0 0 0
-237.7 -846.0 2495.2 0 0 0 0 0 0 0 0 0
-82.7 -833.8 2512.7 0 0 0 0 0 0 0 0 0
-171.5 443.3 2507.3 3 0.9847076535 0.0043919594 -0.1741596311 -0.0075376416 0.9998201132 -0.0174047425 0.1740518659 0.0184513368 0.9845635891
-172.4 243.1 2503.6 0.9847076535 0.0043919594 -0.1741596311 -0.0075376416 0.9998201132 -0.0174047425 0.1740518659 0.0184513368 0.9845635891
-173.1 49.1 2500.6 0.9847136140 0.0033502660 -0.1741491109 -0.0059989421 0.9998741746 -0.0146850906 0.1740780026 0.0155053185 0.9846097827
-306.9 243.9 2479.8 0.1605970114 -0.7799300551 -0.6049113274 0.7875282764 0.4706948102 -0.3978009820 0.5949855447 -0.4124991596 0.6898091435
-342.4 70.0 2348.4 -0.6257649660 -0.7799300551 -0.0112834750 -0.5745833516 0.4706948102 -0.6695523858 0.5275151134 -0.4124991596 -0.7426791191
-37.9 242.3 2527.4 0.2586078644 0.6069430709 0.7514932752 -0.9638963938 0.2132353932 0.1594817340 -0.0634486303 -0.7656048536 0.6401745677
31.8 -17.7 2510.2 -0.0440457575 0.6074789166 0.7931137085 -0.9484586716 0.2239556462 -0.2242098749 -0.3138250709 -0.7621110082 0.5663043261
-260.8 -145.4 2483.1 0.9979188442 -0.0536045730 -0.0358395390 0.0552136414 0.9974361658 0.0455249734 0.0333073065 -0.0474090651 0.9983201027
-240.0 -532.6 2501.5 0.9994580150 -0.0070237261 -0.0321611241 0.0063333032 0.9997483492 -0.0215193983 0.0323041789 0.0213040486 0.9992510080
-84.8 -146.3 2516.3 0.8815027475 0.0699665174 -0.4669663310 -0.0692186207 0.9974247217 0.0187806524 0.4670777917 0.0157675669 0.8840756416
-112.0 -533.5 2510.1 0.8769485950 -0.0987496302 -0.4703293443 0.0899302810 0.9950934649 -0.0412495621 0.4720950425 -0.0061231065 0.8815264106
-172.5 226.0 2205.2 0 0 0 0 0 0 0 0 0
19.7 -278.1 2424.1 0 0 0 0 0 0 0 0 0
-237.8 -843.3 2494.9 0 0 0 0 0 0 0 0 0
-82.2 -833.9 2512.0 0 0 0 0 0 0 0 0 0
-172.6 443.3 2502.1 4 0.9800205827 0.0044653215 -0.1988460273 -0.0049312091 0.9999861121 -0.0018477953 0.1988350153 0.0027914287 0.9800289869
-173.5 244.0 2501.6 0.9800205827 0.0044653215 -0.1988460273 -0.0049312091 0.9999861121 -0.0018477953 0.1988350153 0.0027914287 0.9800289869
-174.1 49.9 2501.2 0.9800261259 0.0031223691 -0.1988443285 -0.0034701638 0.9999930263 -0.0014006136 0.1988385618 0.0020626602 0.9800300598
-307.3 244.4 2474.4 0.1570601165 -0.7916928530 -0.5903850794 0.7785611153 0.4670464694 -0.4191780388 0.6075975299 -0.3938147128 0.6897355914
-341.1 77.0 2343.7 -0.6107319593 -0.7916928530 0.0151295587 -0.6210260987 0.4670464694 -0.6294395328 0.4912565947 -0.3938147128 -0.7769021392
-39.6 243.5 2528.7 0.2649941146 0.6213069558 0.7373979688 -0.9621933699 0.2203035355 0.1601569951 -0.0629447252 -0.7519600987 0.6561965942
31.9 -16.2 2511.7 -0.0552545674 0.6212670803 0.7816483378 -0.9452540278 0.2196185291 -0.2413762808 -0.3216235936 -0.7521933913 0.5751203299
-262.0 -144.5 2482.0 0.9965678453 -0.0571976230 -0.0598412268 0.0596182831 0.9974402785 0.0394786559 0.0574299656 -0.0429107882 0.9974269271
-239.8 -531.7 2498.6 0.9983372092 -0.0055407644 -0.0573770106 0.0054004001 0.9999820590 -0.0026011157 0.0573903918 0.0022869317 0.9983491898
-85.6 -145.5 2513.1 0.8700876236 0.0580770336 -0.4894635081 -0.0531426519 0.9982988834 0.0239843652 0.4900238216 0.0051428890 0.8716938496
-108.1 -533.0 2511.1 0.8665565252 -0.0823194757 -0.4922431111 0.0705357864 0.9966037869 -0.0424925275 0.4940693080 0.0021014218 0.8694199920
-172.9 248.0 2208.5 0 0 0 0 0 0 0 0 0
16.7 -275.8 2423.4 0 0 0 0 0 0 0 0 0
-238.0 -847.8 2497.9 0 0 0 0 0 0 0 0 0
-83.4 -832.2 2510.5 0 0 0 0 0 0 0 0 0
-172.9 442.3 2498.5 5 0.9665063620 -0.0006264898 -0.2566419244 0.0005998321 0.9999998212 -0.0001821533 0.2566420138 0.0000221103 0.9665065408
-172.7 243.5 2498.5 0.9665063620 -0.0006264898 -0.2566419244 0.0005998321 0.9999998212 -0.0001821533 0.2566420138 0.0000221103 0.9665065408
-171.7 49.4 2498.6 0.9664901495 -0.0058257468 -0.2566376030 0.0056218803 0.9999830127 -0.0015280534 0.2566421330 0.0000340627 0.9665064812
-304.5 242.7 2463.5 0.1834224761 -0.7871127725 -0.5889055133 0.7714739442 0.4865399599 -0.4100082815 0.6092488170 -0.3791205287 0.6964793801
-342.3 83.8 2338.1 -0.6162191629 -0.7871127725 0.0269707181 -0.6471580863 0.4865399599 -0.5869116783 0.4488433301 -0.3791205287 -0.8092016578
-41.0 244.3 2533.5 0.2673955858 0.6596523523 0.7023947835 -0.9609990120 0.2359489053 0.1442531347 -0.0705723539 -0.7135733366 0.6970169544
31.4 -15.8 2514.4 -0.0535197929 0.6585249901 0.7506533265 -0.9436312318 0.2125470638 -0.2537396252 -0.3266430497 -0.7219200730 0.6100292802
-262.5 -143.9 2483.0 0.9909048080 -0.0615579039 -0.1196591482 0.0675529540 0.9966219664 0.0467042178 0.1163799167 -0.0543627627 0.9917159081
-238.6 -530.8 2504.1 0.9933395982 0.0002546076 -0.1152230650 -0.0026677256 0.9997802973 -0.0207892917 0.1151924580 0.0209582094 0.9931221008
-87.0 -144.5 2518.6 0.8389344811 0.0599931143 -0.5409157276 -0.0623674877 0.9979556799 0.0139545491 0.5406470895 0.0220286008 0.8409610391
-110.3 -531.8 2510.0 0.8347280622 -0.0884763524 -0.5435079932 0.0764261782 0.9960695505 -0.0447712354 0.5453329682 -0.0041664331 0.8382091522
-169.2 265.6 2212.0 0 0 0 0 0 0 0 0 0
16.7 -274.9 2424.7 0 0 0 0 0 0 0 0 0
-238.7 -844.8 2497.5 0 0 0 0 0 0 0 0 0
-83.6 -832.9 2511.3 0 0 0 0 0 0 0 0 0
-173.1 445.8 2505.3 6 0.9724622369 -0.0076793898 -0.2329339385 0.0047433823 0.9999021292 -0.0131620057 0.2330122292 0.0116946585 0.9724034667
-171.5 247.5 2502.9 0.9724622369 -0.0076793898 -0.2329339385 0.0047433823 0.9999021292 -0.0131620057 0.2330122292 0.0116946585 0.9724034667
-169.3 53.4 2501.0 0.9724225402 -0.0115400432 -0.2329404652 0.0088754008 0.9998826981 -0.0124840913 0.2330572009 0.0100723719 0.9724108577
-304.2 246.2 2471.1 0.1632949412 -0.7849013805 -0.5977161527 0.7241224647 0.5068320632 -0.4677263796 0.6700607538 -0.3564423323 0.6511278152
-338.4 94.5 2330.7 -0.6181466579 -0.7849013805 0.0427147821 -0.6801561117 0.5068320632 -0.5296309590 0.3940588534 -0.3564423323 -0.8471519947
-38.9 248.7 2534.7 0.2469810545 0.6467397809 0.7216148973 -0.9658744335 0.2242609859 0.1295901537 -0.0780189559 -0.7289956808 0.6800575852
28.8 -15.9 2513.4 -0.0452936925 0.6465362310 0.7615374923 -0.9448141456 0.2198720723 -0.2428631335 -0.3244606555 -0.7305116057 0.6008977294
-257.0 -145.2 2475.7 0.9941653609 -0.0463682897 -0.0973920673 0.0529637113 0.9963955283 0.0662634298 0.0939684957 -0.0710350499 0.9930377603
-239.0 -531.9 2503.3 0.9956578016 0.0006056092 -0.0930868536 -0.0023732528 0.9998189211 -0.0188796595 0.0930585712 0.0190185998 0.9954789877
-84.2 -144.2 2521.6 0.8517668843 0.0623908490 -0.5201928020 -0.0705714151 0.9974983931 0.0040838337 0.5191463232 0.0332322679 0.8540390730
-108.4 -531.4 2508.7 0.8487686515 -0.0828362554 -0.5222355127 0.0757544562 0.9965139627 -0.0349449143 0.5233097076 -0.0099015189 0.8520850539
-162.3 288.3 2218.4 0 0 0 0 0 0 0 0 0
16.4 -275.4 2424.3 0 0 0 0 0 0 0 0 0
-239.2 -845.6 2497.3 0 0 0 0 0 0 0 0 0
-83.5 -830.9 2511.7 0 0 0 0 0 0 0 0 0
-172.1 444.1 2500.1 7 0.9704352617 -0.0042516696 -0.2413240373 0.0048978352 0.9999858737 0.0020777981 0.2413117886 -0.0031983340 0.9704423547
-171.3 245.6 2500.7 0.9704352617 -0.0042516696 -0.2413240373 0.0048978352 0.9999858737 0.0020777981 0.2413117886 -0.0031983340 0.9704423547
-169.4 51.6 2501.2 0.9703969359 -0.0099747470 -0.2413094938 0.0102869626 0.9999470711 0.0000340570 0.2412963957 -0.0025153907 0.9704481959
-303.8 244.2 2467.8 0.1638271064 -0.7799080610 -0.6040728688 0.6921449304 0.5271998048 -0.4929459691 0.7029196620 -0.3373480737 0.6261790395
-337.0 103.8 2325.2 -0.6241829991 -0.7799080610 0.0462493151 -0.6949595809 0.5271998048 -0.4889698923 0.3569689393 -0.3373480737 -0.8710737228
-38.8 247.1 2533.7 0.2385935336 0.6526064277 0.7191508412 -0.9682137966 0.2171025425 0.1242118105 -0.0750680566 -0.7259278893 0.6836618185
25.0 -11.8 2513.6 -0.0359189101 0.6525242925 0.7569160461 -0.9491004348 0.2148854733 -0.2302879542 -0.3129187524 -0.7266610861 0.6115926504
-254.2 -141.5 2478.2 0.9936935902 -0.0391929485 -0.1050568596 0.0457475670 0.9971056581 0.0607247949 0.1023728028 -0.0651479363 0.9926104546
-238.9 -528.5 2503.5 0.9948276281 0.0030794982 -0.1015310735 -0.0051732729 0.9997792244 -0.0203651600 0.1014459431 0.0207850728 0.9946238995
-80.1 -139.9 2519.9 0.8461077213 0.0759486780 -0.5275732279 -0.0803546682 0.9966592789 0.0146069778 0.5269201398 0.0300338957 0.8493839502
-109.6 -526.8 2508.2 0.8430284262 -0.0867340937 -0.5308297873 0.0787696466 0.9961807728 -0.0376726985 0.5320699811 -0.0100541208 0.8466407061
-158.6 302.4 2223.2 0 0 0 0 0 0 0 0 0
15.2 -272.4 2427.7 0 0 0 0 0 0 0 0 0
-239.9 -846.1 2496.9 0 0 0 0 0 0 0 0 0
-83.3 -829.4 2511.3 0 0 0 0 0 0 0 0 0
-170.9 444.7 2506.0 8 0.9742614627 -0.0030694020 -0.2254000604 -0.0001376279 0.9998990297 -0.0142110772 0.2254209071 0.0138763264 0.9741626382
-170.3 246.2 2503.3 0.9742614627 -0.0030694020 -0.2254000604 -0.0001376279 0.9998990297 -0.0142110772 0.2254209071 0.0138763264 0.9741626382
-169.0 52.1 2501.0 0.9742398262 -0.0069796229 -0.2254063934 0.0041677281 0.9999074936 -0.0129482159 0.2254759222 0.0116752349 0.9741787910
-303.3 245.6 2472.5 0.1650645882 -0.7792024612 -0.6046463251 0.6420146823 0.5502744913 -0.5338680744 0.7487127781 -0.3000690937 0.5910902619
-337.5 112.8 2317.7 -0.6250997782 -0.7792024612 0.0457572341 -0.7172262669 0.5502744913 -0.4275330305 0.3079557717 -0.3000690937 -0.9028409719
-37.3 246.8 2534.1 0.2363522351 0.6448671818 0.7268314362 -0.9690980911 0.2108071297 0.1280983537 -0.0706148222 -0.7346472740 0.6747643352
26.1 -12.8 2515.2 -0.0334467031 0.6456050277 0.7629387379 -0.9448086023 0.2285041362 -0.2347818315 -0.3259109855 -0.7286837697 0.6023305058
-254.3 -143.5 2480.1 0.9953026772 -0.0384866409 -0.0888332799 0.0432649702 0.9976829290 0.0525059514 0.0866066664 -0.0561026819 0.9946616292
-239.4 -530.8 2501.9 0.9963099360 -0.0014383645 -0.0858161971 -0.0002628065 0.9998037219 -0.0198088363 0.0858278498 0.0197582934 0.9961140156
-80.6 -141.6 2523.3 0.8548121452 0.0737408027 -0.5136715770 -0.0843011960 0.9964364767 0.0027572820 0.5120444298 0.0409461744 0.8579824567
-109.2 -528.4 2507.4 0.8526628017 -0.0838065296 -0.5156962276 0.0810612217 0.9963189960 -0.0278849080 0.5161349177 -0.0180265456 0.8563175797
-158.3 318.4 2229.4 0 0 0 0 0 0 0 0 0
16.9 -272.3 2425.7 0 0 0 0 0 0 0 0 0
-238.9 -846.8 2495.7 0 0 0 0 0 0 0 0 0
-83.9 -829.2 2512.9 0 0 0 0 0 0 0 0 0
-175.4 449.9 2510.5 9 0.9694206119 -0.0189053323 -0.2446757257 0.0132913971 0.9996095896 -0.0245753769 0.2450448126 0.0205717944 0.9692934752
-171.7 252.2 2506.4 0.9694206119 -0.0189053323 -0.2446757257 0.0132913971 0.9996095896 -0.0245753769 0.2450448126 0.0205717944 0.9692934752
-167.5 58.2 2502.8 0.9693657756 -0.0213385485 -0.2446929961 0.0160170011 0.9995903969 -0.0237173773 0.2450988591 0.0190715659 0.9693104625
-304.0 250.0 2473.0 0.1698414981 -0.7724477053 -0.6119464040 0.6242661476 0.5648174882 -0.5396971107 0.7625257969 -0.2903544605 0.5781424046
-339.3 120.4 2314.6 -0.6321138740 -0.7724477053 0.0612911768 -0.7279060483 0.5648174882 -0.3887594640 0.2656780183 -0.2903544605 -0.9192983508
-39.3 254.4 2539.9 0.2381040007 0.6562650204 0.7159767151 -0.9673461914 0.2261829823 0.1143794209 -0.0868785381 -0.7198315263 0.6886905432
26.6 -13.4 2515.9 -0.0240311287 0.6563619375 0.7540633082 -0.9456272721 0.2298077196 -0.2301683724 -0.3243633211 -0.7185940742 0.6151512265
-254.9 -142.3 2478.6 0.9931305051 -0.0393579192 -0.1101943776 0.0460444279 0.9972069860 0.0588064119 0.1075721011 -0.0634762794 0.9921688437
-239.6 -529.5 2503.2 0.9942997098 0.0014767459 -0.1066111848 -0.0039345017 0.9997312427 -0.0228468031 0.1065487936 0.0231360309 0.9940382838
-80.4 -141.6 2519.0 0.8455150723 0.0783472881 -0.5281722546 -0.0757938847 0.9967706800 0.0265243184 0.5285447240 0.0176055152 0.8487228751
-110.8 -528.4 2512.1 0.8419710994 -0.0869680718 -0.5324670672 0.0738562047 0.9962108731 -0.0459253713 0.5344435573 -0.0006581597 0.8452039361
-158.1 329.1 2238.4 0 0 0 0 0 0 0 0 0
20.0 -273.1 2426.8 0 0 0 0 0 0 0 0 0
-240.1 -846.2 2495.9 0 0 0 0 0 0 0 0 0
-84.6 -828.3 2512.3 0 0 0 0 0 0 0 0 0
-175.1 453.3 2517.7 0 0.9697175026 -0.0263700988 -0.2428014427 0.0175473951 0.9991072416 -0.0384286866 0.2435980439 0.0330044366 0.9693145752
-169.9 256.0 2511.2 0.9697175026 -0.0263700988 -0.2428014427 0.0175473951 0.9991072416 -0.0384286866 0.2435980439 0.0330044366 0.9693145752
-164.5 62.1 2504.9 0.9696785808 -0.0277665071 -0.2428011745 0.0189837497 0.9990806580 -0.0384382159 0.2436452508 0.0326634385 0.9693142176
-302.3 253.4 2477.9 0.1754683703 -0.7734482288 -0.6090884209 0.5882754326 0.5784592032 -0.5650813580 0.7893940210 -0.2591578364 0.5565018654
-339.5 128.7 2310.6 -0.6306926012 -0.7734482288 0.0632824600 -0.7431401014 0.5784592032 -0.3363446891 0.2235388756 -0.2591578364 -0.9396103621
-37.4 258.6 2544.5 0.2388843745 0.6556952000 0.7162388563 -0.9665591121 0.2313997597 0.1105332002 -0.0932613984 -0.7186918259 0.6890459657
27.9 -5.6 2519.0 -0.0236661006 0.6555259824 0.7548016906 -0.9485310912 0.2237753272 -0.2240834683 -0.3157985210 -0.7212560177 0.6164909005
-250.2 -137.3 2477.1 0.9936733842 -0.0239603445 -0.1097231358 0.0318840519 0.9969637394 0.0710400566 0.1076878458 -0.0740890354 0.9914202690
-240.9 -524.2 2505.9 0.9942772985 -0.0059813783 -0.1066624224 0.0025490161 0.9994753599 -0.0322870202 0.1067995876 0.0318303667 0.9937709570
-76.6 -134.4 2521.0 0.8454895616 0.0912813246 -0.5261322856 -0.0950564891 0.9952725768 0.0199199561 0.5254633427 0.0331701711 0.8501694202
-112.0 -520.6 2508.2 0.8428492546 -0.0917838812 -0.5302648544 0.0874086842 0.9956125617 -0.0333962217 0.5310035944 -0.0182017721 0.8471740484
-158.7 341.8 2246.5 0 0 0 0 0 0 0 0 0
21.4 -266.1 2432.3 0 0 0 0 0 0 0 0 0
-238.9 -848.6 2495.6 0 0 0 0 0 0 0 0 0
-83.5 -830.3 2513.8 0 0 0 0 0 0 0 0 0
-175.3 454.9 2514.9 1 0.9675198197 -0.0291748606 -0.2511059940 0.0229140203 0.9993502498 -0.0278214626 0.2517545223 0.0211639684 0.9675596952
-169.5 256.7 2510.7 0.9675198197 -0.0291748606 -0.2511059940 0.0229140203 0.9993502498 -0.0278214626 0.2517545223 0.0211639684 0.9675596952
-163.0 62.8 2505.4 0.9674362540 -0.0334208831 -0.2508987486 0.0255827792 0.9990793467 -0.0344378166 0.2518187165 0.0268977024 0.9674005508
-301.7 253.2 2476.3 0.1780735999 -0.7837270498 -0.5950308442 0.5656871796 0.5763201118 -0.5897907615 0.8051632047 -0.2315751761 0.5459717512
-339.1 134.5 2307.2 -0.6160373092 -0.7837270498 0.0791831911 -0.7688147426 0.5763201118 -0.2770903409 0.1715283096 -0.2315751761 -0.9575755596
-37.4 260.2 2545.1 0.2349816710 0.6613261104 0.7123422027 -0.9677013159 0.2280153483 0.1075319946 -0.0913112462 -0.7146025300 0.6935455799
26.2 -1.6 2520.3 -0.0111693004 0.6613208055 0.7500200272 -0.9497799873 0.2275584489 -0.2147909403 -0.3127191067 -0.7147530913 0.6255675554
-245.9 -133.5 2476.7 0.9926307201 -0.0259589348 -0.1183656976 0.0340794027 0.9971637130 0.0671051964 0.1162879989 -0.0706445053 0.9907000065
-235.9 -520.6 2504.2 0.9932290912 0.0126090869 -0.1154858395 -0.0155542670 0.9995754361 -0.0246369336 0.1151261553 0.0262664165 0.9930035472
-72.2 -130.1 2520.4 0.8383772969 0.1142981648 -0.5329722166 -0.1181339398 0.9926292896 0.0270462353 0.5321351886 0.0402871594 0.8457003832
-116.6 -515.3 2504.8 0.8354173303 -0.1068190038 -0.5391359925 0.1039770767 0.9939348102 -0.0358107723 0.5396912694 -0.0261408407 0.8414570689
-162.4 354.9 2258.0 0 0 0 0 0 0 0 0 0
23.1 -262.4 2434.5 0 0 0 0 0 0 0 0 0
-240.0 -851.0 2495.5 0 0 0 0 0 0 0 0 0
-82.8 -829.8 2513.0 0 0 0 0 0 0 0 0 0
-174.8 456.6 2506.4 2 0.9630212188 -0.0311865117 -0.2676145136 0.0302623641 0.9995132685 -0.0075781867 0.2677206099 -0.0008006933 0.9634962678
-168.6 258.4 2506.6 0.9630212188 -0.0311865117 -0.2676145136 0.0302623641 0.9995132685 -0.0075781867 0.2677206099 -0.0008006933 0.9634962678
-161.9 64.4 2505.5 0.9629657269 -0.0346579775 -0.2673871219 0.0319477357 0.9993846416 -0.0144811580 0.2677244842 0.0054024449 0.9634803534
-300.1 254.0 2470.0 0.1922120154 -0.7826691270 -0.5920165181 0.5478198528 0.5860961676 -0.5969796777 0.8142161369 -0.2095717341 0.5414164066
-340.0 140.4 2301.2 -0.6164391637 -0.7826691270 0.0862074867 -0.7765016556 0.5860961676 -0.2313796282 0.1305678338 -0.2095717341 -0.9690365195
-37.0 262.8 2543.1 0.2361386716 0.6712799072 0.7025822401 -0.9684379101 0.2219475657 0.1134339869 -0.0797904581 -0.7071934342 0.7025033236
26.6 1.8 2521.6 0.0030982068 0.6712797284 0.7411976457 -0.9512050748 0.2306725085 -0.2049368918 -0.3085438907 -0.7043960094 0.6392393112
-243.2 -133.4 2477.7 0.9907737970 -0.0119838323 -0.1349950284 0.0214290526 0.9974049330 0.0687329769 0.1338210255 -0.0709916502 0.9884594679
-238.6 -520.6 2505.2 0.9910848141 -0.0006973606 -0.1332305223 -0.0029202788 0.9996323586 -0.0269558970 0.1332003474 0.0271046497 0.9907184243
-69.9 -128.8 2522.8 0.8269814849 0.1179708019 -0.5497130752 -0.1254656017 0.9918053150 0.0240968093 0.5480510592 0.0490424670 0.8350059390
-115.7 -513.8 2503.8 0.8246498704 -0.1048378199 -0.5558431745 0.1021511033 0.9941191077 -0.0359496772 0.5563431978 -0.0271341000 0.8305094838
-163.1 363.2 2263.7 0 0 0 0 0 0 0 0 0
27.4 -259.3 2436.9 0 0 0 0 0 0 0 0 0
-238.3 -849.4 2496.3 0 0 0 0 0 0 0 0 0
-82.1 -832.5 2512.5 0 0 0 0 0 0 0 0 0
-175.1 450.5 2527.7 3 0.9659135938 -0.0405843630 -0.2556634545 0.0222678557 0.9969995022 -0.0741356164 0.2579050660 0.0659155250 0.9639191628
-167.1 253.6 2514.7 0.9659135938 -0.0405843630 -0.2556634545 0.0222678557 0.9969995022 -0.0741356164 0.2579050660 0.0659155250 0.9639191628
-159.9 60.3 2503.6 0.9659397006 -0.0375334434 -0.2560306489 0.0216011629 0.9976670742 -0.0647596717 0.2578639984 0.0570233762 0.9644970298
-299.1 250.6 2479.5 0.1965590119 -0.7870264649 -0.5847682357 0.4940676689 0.5946533680 -0.6342589855 0.8469130397 -0.1642457396 0.5057288408
-341.1 145.1 2298.5 -0.6134675741 -0.7870264649 0.0651677772 -0.7825002670 0.5946533680 -0.1846094877 0.1065403149 -0.1642457396 -0.9806489944
-35.2 256.6 2549.9 0.2387841493 0.6662371159 0.7064773440 -0.9649606943 0.2442919314 0.0957723185 -0.1087796539 -0.7045918107 0.7012256384
27.6 2.9 2521.3 0.0027360248 0.6663900614 0.7455982566 -0.9530748725 0.2274486423 -0.1997883916 -0.3027223051 -0.7100643516 0.6357419491
-241.5 -132.4 2480.5 0.9922577143 -0.0056141345 -0.1240687445 0.0133159785 0.9980283976 0.0613354854 0.1234797835 -0.0625127107 0.9903761148
-239.3 -519.8 2504.8 0.9923913479 0.0009080848 -0.1231201366 -0.0040286304 0.9996768832 -0.0250989553 0.1230575591 0.0254039932 0.9920743108
-68.9 -126.6 2528.5 0.8349286318 0.1193135902 -0.5372694731 -0.1402229965 0.9901179671 0.0019698509 0.5321952105 0.0736928508 0.8434083462
-115.3 -510.9 2499.9 0.8362391591 -0.0974111259 -0.5396434665 0.1037682816 0.9944256544 -0.0187031291 0.5384572148 -0.0403575860 0.8416858912
-164.6 370.2 2267.9 0 0 0 0 0 0 0 0 0
28.4 -258.8 2438.1 0 0 0 0 0 0 0 0 0
-239.6 -846.4 2496.5 0 0 0 0 0 0 0 0 0
-83.9 -830.7 2512.8 0 0 0 0 0 0 0 0 0
-174.9 451.7 2535.8 4 0.9650059938 -0.0413776338 -0.2589426339 0.0184881724 0.9957506657 -0.0902153775 0.2615751922 0.0822710097 0.9616703987
-166.8 255.3 2519.6 0.9650059938 -0.0413776338 -0.2589426339 0.0184881724 0.9957506657 -0.0902153775 0.2615751922 0.0822710097 0.9616703987
-159.2 62.0 2505.3 0.9649935365 -0.0393760838 -0.2593009174 0.0187955890 0.9965062141 -0.0813760683 0.2615992427 0.0736536682 0.9623621702
-298.6 252.7 2483.9 0.1759835184 -0.7912442684 -0.5856298804 0.4453632236 0.5945435762 -0.6694546342 0.8778846264 -0.1430050284 0.4570209682
-336.3 157.4 2296.0 -0.6072052121 -0.7912442684 0.0723488331 -0.7915687561 0.5945435762 -0.1411976516 0.0687072948 -0.1430050284 -0.9873342514
-34.9 257.9 2555.3 0.2351015657 0.6688421369 0.7052499056 -0.9636815190 0.2549611032 0.0794531032 -0.1266697049 -0.6983158588 0.7044925690
28.3 -1.4 2521.2 0.0053355917 0.6691119671 0.7431424856 -0.9503747821 0.2345626950 -0.2043724954 -0.3110615909 -0.7051734328 0.6371586323
-239.2 -135.1 2469.5 0.9918024540 0.0016251719 -0.1277702898 0.0103599997 0.9956045747 0.0930818990 0.1273599565 -0.0936425626 0.9874262214
-239.9 -521.4 2505.8 0.9918963313 -0.0029988023 -0.1270144731 -0.0006981692 0.9995776415 -0.0290521793 0.1270479560 0.0289054271 0.9914752841
-66.2 -131.2 2515.6 0.8359859586 0.1242176965 -0.5345067382 -0.1257224232 0.9914900064 0.0337852091 0.5341548324 0.0389555246 0.8444886804
-114.4 -515.8 2500.5 0.8357436061 -0.0970660374 -0.5404728055 0.1024431884 0.9945336580 -0.0202030651 0.5394794345 -0.0384831764 0.8411188722
-162.3 384.2 2276.4 0 0 0 0 0 0 0 0 0
29.8 -262.4 2435.8 0 0 0 0 0 0 0 0 0
-238.9 -847.4 2496.4 0 0 0 0 0 0 0 0 0
-83.8 -829.3 2512.7 0 0 0 0 0 0 0 0 0
-176.6 453.0 2536.9 5 0.9615040421 -0.0466233678 -0.2708067000 0.0226164218 0.9955844879 -0.0911045372 0.2738585472 0.0814726949 0.9583129287
-167.4 256.6 2520.8 0.9615040421 -0.0466233678 -0.2708067000 0.0226164218 0.9955844879 -0.0911045372 0.2738585472 0.0814726949 0.9583129287
-158.6 63.3 2506.4 0.9614598751 -0.0456192978 -0.2711342573 0.0235696565 0.9961842895 -0.0840319768 0.2739331722 0.0744028315 0.9588664174
-298.7 253.4 2483.4 0.1512892544 -0.7943667769 -0.5882967114 0.4058678448 0.5925854445 -0.6957828403 0.9013228416 -0.1335062385 0.4120597243
-330.7 167.6 2292.9 -0.6009752750 -0.7943667769 0.0883751661 -0.7986738682 0.5925854445 -0.1047019884 0.0308019388 -0.1335062385 -0.9905691743
-36.1 259.9 2558.2 0.2378270179 0.6762743592 0.6972024441 -0.9626569152 0.2596983314 0.0764749125 -0.1293442994 -0.6893545985 0.7127835155
27.8 1.4 2523.5 0.0135159930 0.6765860915 0.7362394929 -0.9473552704 0.2442301810 -0.2070498914 -0.3198989928 -0.6946818233 0.6442683935
-238.0 -132.9 2467.6 0.9900156260 0.0053657135 -0.1408553869 0.0085394243 0.9951567054 0.0979294404 0.1406986415 -0.0981545076 0.9851748943
-240.1 -519.2 2505.7 0.9900941849 -0.0013251929 -0.1403987259 -0.0027820454 0.9995740056 -0.0290537905 0.1403774172 0.0291565843 0.9896686673
-65.1 -129.5 2514.4 0.8307873011 0.1245262921 -0.5424810648 -0.1135472730 0.9920728803 0.0538369492 0.5448848605 0.0168701932 0.8383411765
-113.4 -514.4 2507.9 0.8282227516 -0.0960035920 -0.5521144271 0.0858928040 0.9953224659 -0.0442229882 0.5537774563 -0.0107961716 0.8325947523
-159.1 395.7 2284.1 0 0 0 0 0 0 0 0 0
31.5 -258.8 2435.7 0 0 0 0 0 0 0 0 0
-239.7 -846.3 2496.2 0 0 0 0 0 0 0 0 0
-83.1 -829.0 2511.3 0 0 0 0 0 0 0 0 0
-178.8 452.0 2544.4 6 0.9484264255 -0.0539855845 -0.3123664856 0.0181960706 0.9930384755 -0.1163765267 0.3164745867 0.1046907306 0.9428063035
-168.2 257.0 2523.9 0.9484264255 -0.0539855845 -0.3123664856 0.0181960706 0.9930384755 -0.1163765267 0.3164745867 0.1046907306 0.9428063035
-158.3 64.0 2506.1 0.9483611584 -0.0509644225 -0.3130715489 0.0194330439 0.9944889545 -0.1030244157 0.3165967762 0.0916204229 0.9441251159
-297.6 254.4 2480.7 0.1426117569 -0.8056417704 -0.5749810934 0.3836202919 0.5805021524 -0.7182288766 0.9124129415 -0.1181465164 0.3918469548
-327.3 174.6 2291.0 -0.5835103393 -0.8056417704 0.1022597030 -0.8120326996 0.5805021524 -0.0601673946 -0.0108886100 -0.1181465164 -0.9929364920
-38.8 259.6 2567.1 0.2397150844 0.7016935349 0.6709417701 -0.9564932585 0.2890808880 0.0394067951 -0.1663049459 -0.6511976719 0.7404621840
24.3 7.8 2523.3 0.0146299601 0.7038043737 0.7102431655 -0.9491763711 0.2331268191 -0.2114617527 -0.3144044578 -0.6710523367 0.6714451313
-235.9 -132.1 2467.4 0.9828146100 -0.0069588446 -0.1844640970 0.0234207734 0.9959142208 0.0872140750 0.1831035167 -0.0900355577 0.9789620638
-233.2 -518.6 2502.4 0.9829096198 0.0207365341 -0.1829170585 -0.0229306221 0.9996881485 -0.0098878825 0.1826549768 0.0139132971 0.9830785990
-63.6 -127.8 2516.5 0.8053827286 0.1430944502 -0.5752240419 -0.1286922693 0.9894883037 0.0659634396 0.5786164403 0.0209010709 0.8153319359
-119.1 -511.8 2508.4 0.8001440763 -0.1150991395 -0.5886608362 0.0993927792 0.9932907820 -0.0591144525 0.5915154219 -0.0112085594 0.8062157631
-160.8 406.3 2294.1 0 0 0 0 0 0 0 0 0
28.3 -252.9 2437.0 0 0 0 0 0 0 0 0 0
-240.0 -847.0 2497.8 0 0 0 0 0 0 0 0 0
-82.1 -831.0 2512.0 0 0 0 0 0 0 0 0 0
-177.9 451.3 2554.7 7 0.9476645589 -0.0551402122 -0.3144701123 0.0111747757 0.9900981188 -0.1399315298 0.3190721273 0.1290940195 0.9388970733
-167.1 257.0 2529.4 0.9476645589 -0.0551402122 -0.3144701123 0.0111747757 0.9900981188 -0.1399315298 0.3190721273 0.1290940195 0.9388970733
-156.9 64.4 2507.5 0.9475377798 -0.0521455780 -0.3153616190 0.0135167586 0.9922575951 -0.1234589368 0.3193578124 0.1127193421 0.9409064651
-296.5 255.2 2485.8 0.1353710443 -0.8115471601 -0.5683888793 0.3522113860 0.5756151080 -0.7379799485 0.9260787368 -0.1002919152 0.3637577593
-325.3 180.0 2288.2 -0.5745598674 -0.8115471601 0.1061706543 -0.8173826337 0.5756151080 -0.0235134214 -0.0420311838 -0.1002919152 -0.9940698743
-37.7 258.8 2573.0 0.2261901945 0.7046484351 0.6725389361 -0.9547981620 0.2970918119 0.0098443599 -0.1928689927 -0.6443656683 0.7399962544
21.2 10.1 2522.7 0.0200937074 0.7075049281 0.7064226866 -0.9493453503 0.2351194024 -0.2084761262 -0.3135915697 -0.6664500237 0.6763909459
-233.2 -130.7 2460.0 0.9823313951 0.0048910188 -0.1870859265 0.0159981623 0.9938047528 0.1099826992 0.1864648014 -0.1110324860 0.9761673212
-235.1 -516.4 2503.1 0.9823923707 0.0150934756 -0.1862187386 -0.0183370560 0.9997084737 -0.0157079175 0.1859273612 0.0188460425 0.9823827147
-63.4 -127.3 2516.7 0.8057684302 0.1439132541 -0.5744790435 -0.1283341199 0.9894069433 0.0678548291 0.5781587362 0.0190499835 0.8157019019
-119.3 -511.3 2509.3 0.8001157641 -0.1167890653 -0.5883664489 0.0992746577 0.9931186438 -0.0621282496 0.5915735960 -0.0087000839 0.8062040806
-161.4 413.3 2300.2 0 0 0 0 0 0 0 0 0
26.7 -250.6 2436.6 0 0 0 0 0 0 0 0 0
-240.0 -842.6 2497.0 0 0 0 0 0 0 0 0 0
-81.3 -833.8 2512.1 0 0 0 0 0 0 0 0 0
-177.7 454.1 2566.3 8 0.9537822604 -0.0564454310 -0.2951496840 0.0068847127 0.9860466719 -0.1663268209 0.3004197478 0.1566075534 0.9408624172
-166.6 260.5 2535.6 0.9537822604 -0.0564454310 -0.2951496840 0.0068847127 0.9860466719 -0.1663268209 0.3004197478 0.1566075534 0.9408624172
-156.2 68.6 2509.1 0.9535982013 -0.0535851233 -0.2962754071 0.0101887593 0.9892146587 -0.1461181194 0.3009097278 0.1363192946 0.9438592792
-296.8 259.1 2494.5 0.1114465371 -0.8084861636 -0.5778665543 0.3294308782 0.5786656737 -0.7460706234 0.9375793338 -0.1072201058 0.3308306038
-321.3 186.8 2288.8 -0.5745438933 -0.8084861636 0.1274732500 -0.8155451417 0.5786656737 -0.0056739161 -0.0691771135 -0.1072201058 -0.9918257594
-36.4 261.9 2576.7 0.2313845456 0.6923270822 0.6834796667 -0.9513999224 0.3077852130 0.0103166280 -0.2032224536 -0.6526495814 0.7298966646
24.1 13.2 2523.5 0.0113907149 0.6952634454 0.7186647058 -0.9482735395 0.2355368733 -0.2128373235 -0.3172500730 -0.6790663600 0.6619828939
-231.6 -129.3 2457.1 0.9857536554 0.0033880041 -0.1681613475 0.0160616059 0.9933319092 0.1141653508 0.1674268246 -0.1152398586 0.9791261554
-232.9 -514.9 2501.8 0.9857677221 0.0180554073 -0.1671407223 -0.0213204995 0.9996148944 -0.0177611131 0.1667556763 0.0210718568 0.9857730865
-61.9 -126.9 2514.2 0.8193776608 0.1390943676 -0.5561231375 -0.1247290522 0.9901327491 0.0638737902 0.5595202446 0.0170279574 0.8286417723
-115.9 -511.3 2507.6 0.8160467148 -0.1058866009 -0.5682040453 0.0959778801 0.9942523241 -0.0474399440 0.5699614286 -0.0158218089 0.8215191364
-157.3 419.5 2308.5 0 0 0 0 0 0 0 0 0
27.3 -247.2 2436.4 0 0 0 0 0 0 0 0 0
-238.9 -845.4 2494.8 0 0 0 0 0 0 0 0 0
-81.5 -834.6 2512.8 0 0 0 0 0 0 0 0 0
-179.2 457.8 2578.7 9 0.9591779709 -0.0610265248 -0.2761401534 0.0067568310 0.9811060429 -0.1933528483 0.2827224135 0.1835939586 0.9414676428
-167.2 265.8 2542.7 0.9591779709 -0.0610265248 -0.2761401534 0.0067568310 0.9811060429 -0.1933528483 0.2827224135 0.1835939586 0.9414676428
-156.1 74.8 2510.7 0.9590420127 -0.0578743480 -0.2772885859 0.0090043433 0.9846396446 -0.1743664891 0.2831206620 0.1647279859 0.9448319077
-298.2 264.5 2504.0 0.0972984508 -0.8008929491 -0.5908498168 0.3093714118 0.5885948539 -0.7468904853 0.9459505081 -0.1101207584 0.3050427437
-320.4 193.8 2287.9 -0.5813492537 -0.8008929491 0.1435393691 -0.8083642125 0.5885948539 0.0101682777 -0.0926302373 -0.1101207584 -0.9895923734
-36.2 267.0 2581.4 0.2363515794 0.6800721884 0.6940026879 -0.9469844699 0.3211853206 0.0077695395 -0.2176196277 -0.6590461135 0.7199304700
26.3 16.6 2523.8 0.0254628733 0.6843201518 0.7287369370 -0.9489279389 0.2458555996 -0.1977140158 -0.3144637346 -0.6864844561 0.6556307077
-231.2 -124.3 2455.8 0.9886221290 0.0004229805 -0.1504198611 0.0169935878 0.9932799339 0.1144820452 0.1494574696 -0.1157356575 0.9819713235
-231.4 -509.9 2500.7 0.9884836078 0.0247276109 -0.1492939889 -0.0265942924 0.9995909333 -0.0105196889 0.1489727944 0.0143689085 0.9887368679
-60.4 -122.5 2509.6 0.8311365247 0.1456784904 -0.5366468430 -0.1308704913 0.9892104864 0.0658448860 0.5404488444 0.0155051416 0.8412339687
-117.0 -506.5 2503.6 0.8293673992 -0.1056878865 -0.5486162305 0.1039094254 0.9939916134 -0.0344025232 0.5489558578 -0.0284740645 0.8353661895
-154.9 424.0 2314.3 0 0 0 0 0 0 0 0 0
33.3 -243.9 2437.5 0 0 0 0 0 0 0 0 0
-239.7 -845.6 2495.9 0 0 0 0 0 0 0 0 0
-82.5 -830.4 2512.9 0 0 0 0 0 0 0 0 0
-181.0 461.4 2590.8 0 0.9627254605 -0.0662758276 -0.2622350156 0.0076673408 0.9758128524 -0.2184729874 0.2703717649 0.2083188593 0.9399480820
-168.1 270.7 2550.1 0.9627254605 -0.0662758276 -0.2622350156 0.0076673408 0.9758128524 -0.2184729874 0.2703717649 0.2083188593 0.9399480820
-156.1 80.6 2513.3 0.9626691937 -0.0620343238 -0.2634764016 0.0085253650 0.9798501730 -0.1995519698 0.2705464661 0.1898562908 0.9438003898
-299.6 269.5 2513.1 0.0788756385 -0.7969665527 -0.5988513231 0.3024621606 0.5915375948 -0.7473954558 0.9498922229 -0.1221785843 0.2877101302
-318.1 198.4 2289.7 -0.5823280215 -0.7969665527 0.1604318023 -0.8061836958 0.5915375948 0.0122936266 -0.1046990454 -0.1221785843 -0.9869703650
-36.6 271.9 2587.0 0.2386076897 0.6710073948 0.7020081282 -0.9424098730 0.3344596624 0.0006286482 -0.2343715876 -0.6617293954 0.7121686339
25.5 26.8 2526.1 0.0474290699 0.6778730750 0.7336474061 -0.9528669715 0.2510437369 -0.1703573018 -0.2996582389 -0.6909884810 0.6578296423
-230.8 -117.1 2453.4 0.9904198647 0.0039203130 -0.1380332112 0.0115013868 0.9937818050 0.1107497141 0.1376090646 -0.1112762839 0.9842160940
-232.3 -502.9 2496.6 0.9902440906 0.0216741934 -0.1376474500 -0.0215194523 0.9997650385 0.0026123889 0.1376717240 0.0003751952 0.9904778600
-59.0 -115.4 2504.1 0.8388825655 0.1597406715 -0.5203450322 -0.1401638985 0.9871242642 0.0770697147 0.5259563923 0.0082811518 0.8504711986
-121.0 -498.6 2500.9 0.8371415734 -0.1150806844 -0.5347433686 0.1161356568 0.9927231669 -0.0318307355 0.5345152617 -0.0354559422 0.8444147706
-153.2 426.7 2319.4 0 0 0 0 0 0 0 0 0
38.5 -234.8 2443.8 0 0 0 0 0 0 0 0 0
-239.7 -844.1 2496.5 0 0 0 0 0 0 0 0 0
-82.4 -831.4 2512.8 0 0 0 0 0 0 0 0 0
-181.6 462.6 2602.4 1 0.9690552354 -0.0680332333 -0.2372835577 0.0087770615 0.9701577425 -0.2423156351 0.2466880083 0.2327345759 0.9407335520
-168.3 272.9 2556.9 0.9690552354 -0.0680332333 -0.2372835577 0.0087770615 0.9701577425 -0.2423156351 0.2466880083 0.2327345759 0.9407335520
-156.2 83.8 2515.4 0.9690671563 -0.0630521849 -0.2386069894 0.0085999481 0.9748539329 -0.2226788998 0.2466473430 0.2137387991 0.9452411532
-300.6 271.7 2523.2 0.0662807152 -0.7932404876 -0.6052902937 0.2852684855 0.5963685513 -0.7503108978 0.9561530948 -0.1229391098 0.2658142447
-316.9 201.8 2288.9 -0.5834897161 -0.7932404876 0.1740955114 -0.8021991253 0.5963685513 0.0286554322 -0.1265557408 -0.1229391098 -0.9843117595
-36.0 274.2 2590.6 0.2364330590 0.6535577178 0.7190005183 -0.9372107387 0.3486542106 -0.0087316260 -0.2563891709 -0.6717905402 0.6949546933
24.6 34.2 2524.9 0.0644384846 0.6627340913 0.7460772395 -0.9546468258 0.2587156594 -0.1473623514 -0.2906839252 -0.7027444243 0.6493482590
-230.4 -110.3 2452.2 0.9934399128 0.0097371172 -0.1139398664 0.0042678798 0.9925171733 0.1220304966 0.1142754927 -0.1217162460 0.9859646559
-234.1 -495.6 2499.4 0.9933171272 0.0163956098 -0.1142466366 -0.0172490459 0.9998301864 -0.0064855036 0.1141209006 0.0084128072 0.9934312701
-57.9 -108.7 2500.6 0.8533737659 0.1658290923 -0.4942204952 -0.1418076307 0.9861488938 0.0860289335 0.5016410947 -0.0033305949 0.8650694489
-122.3 -491.5 2501.9 0.8520606756 -0.1171708405 -0.5101603270 0.1189275533 0.9924700856 -0.0293144397 0.5097537041 -0.0356944390 0.8595796227
-152.2 428.2 2324.6 0 0 0 0 0 0 0 0 0
42.3 -227.9 2445.1 0 0 0 0 0 0 0 0 0
-239.8 -841.9 2496.5 0 0 0 0 0 0 0 0 0
-82.3 -830.5 2514.1 0 0 0 0 0 0 0 0 0
-181.5 460.5 2577.2 2 0.9684393406 -0.1089933291 -0.2241555750 0.0737249851 0.9843428135 -0.1601058692 0.2380963862 0.1385269612 0.9613118172
-160.9 274.7 2551.0 0.9684393406 -0.1089933291 -0.2241555750 0.0737249851 0.9843428135 -0.1601058692 0.2380963862 0.1385269612 0.9613118172
-158.0 84.8 2512.4 0.9749853015 -0.0150229223 -0.2217611074 -0.0299453810 0.9797388911 -0.1980277300 0.2202429324 0.1997148395 0.9547811151
-293.9 278.8 2520.9 0.0873281956 -0.7944268584 -0.6010488868 0.2996426225 0.5963602662 -0.7446936965 0.9500463605 -0.1150671169 0.2901232243
-315.5 204.8 2286.1 -0.5810908079 -0.7944268584 0.1766902804 -0.8014169931 0.5963602662 0.0456649326 -0.1416485012 -0.1150671169 -0.9832066298
-27.9 270.6 2581.1 0.2057827711 0.6505468488 0.7310555577 -0.9529365301 0.3031659126 -0.0015398464 -0.2226328701 -0.6963326931 0.6823161840
22.7 36.5 2526.4 0.0783871189 0.6533305049 0.7530038357 -0.9519292712 0.2734090984 -0.1381234825 -0.2961183786 -0.7059792876 0.6433561444
-230.8 -106.1 2451.8 0.9966309071 0.0046839709 -0.0818835050 0.0050951228 0.9929037690 0.1188113466 0.0818589479 -0.1188282669 0.9895347357
-232.6 -491.6 2498.0 0.9964546561 0.0195774008 -0.0818220600 -0.0202231687 0.9997704625 -0.0070709982 0.0816648453 0.0087006306 0.9966218472
-57.2 -104.5 2496.0 0.8656648397 0.1660217643 -0.4722934663 -0.1416745037 0.9860866070 0.0869569629 0.4801590145 -0.0083636455 0.8771415949
-121.7 -487.3 2499.3 0.8657272458 -0.1140813231 -0.4873415530 0.1200950891 0.9925803542 -0.0190118942 0.4858945608 -0.0420682132 0.8730044365
-151.9 430.3 2325.9 0 0 0 0 0 0 0 0 0
44.2 -224.8 2445.2 0 0 0 0 0 0 0 0 0
-239.5 -843.3 2494.9 0 0 0 0 0 0 0 0 0
-82.1 -831.9 2513.9 0 0 0 0 0 0 0 0 0
-180.8 455.2 2565.6 3 0.9672720432 -0.1524802148 -0.2028165907 0.1242539808 0.9815471172 -0.1453486383 0.2212368250 0.1153909042 0.9683693647
-152.0 270.2 2543.8 0.9672720432 -0.1524802148 -0.2028165907 0.1242539808 0.9815471172 -0.1453486383 0.2212368250 0.1153909042 0.9683693647
-159.8 79.7 2510.3 0.9786005616 0.0400879495 -0.2018262595 -0.0738539547 0.9839131236 -0.1626669765 0.1920585185 0.1740916669 0.9658186436
-285.4 280.4 2517.5 0.1232145950 -0.7980327010 -0.5898830295 0.3062712848 0.5959755182 -0.7423011661 0.9439364672 -0.0892018899 0.3178473711
-315.7 205.2 2285.8 -0.5826920271 -0.7980327010 0.1536678821 -0.8008959889 0.5959755182 0.0581269376 -0.1379694939 -0.0892018899 -0.9864113927
-18.6 260.1 2570.2 0.1604785323 0.6437839866 0.7481903434 -0.9687342048 0.2480368167 -0.0056417305 -0.1892108172 -0.7238922119 0.6634601355
20.2 25.9 2524.4 0.0939593911 0.6403377652 0.7623248100 -0.9489939809 0.2890849113 -0.1258585602 -0.3009686172 -0.7116160393 0.6348389387
-242.3 -102.4 2454.0 0.9986021519 -0.0263760202 -0.0458048321 0.0311036464 0.9939036369 0.1057736501 0.0427357033 -0.1070504934 0.9933347106
-232.1 -488.1 2495.6 0.9988473654 0.0216047298 -0.0428621694 -0.0214781985 0.9997634888 0.0034103915 0.0429257154 -0.0024858583 0.9990751743
-67.9 -107.8 2493.5 0.8814845681 0.1410391629 -0.4506583512 -0.1204418987 0.9899411798 0.0742309541 0.4565947056 -0.0111552933 0.8896048665
-122.6 -492.0 2497.9 0.8791438341 -0.1186749265 -0.4615435004 0.1258316338 0.9919325709 -0.0153689142 0.4596439302 -0.0445652865 0.8869844079
-151.7 430.5 2324.6 0 0 0 0 0 0 0 0 0
46.0 -234.6 2441.8 0 0 0 0 0 0 0 0 0
-239.8 -842.9 2496.4 0 0 0 0 0 0 0 0 0
-82.0 -831.0 2513.1 0 0 0 0 0 0 0 0 0
-178.9 454.9 2560.3 4 0.9654470086 -0.1667704433 -0.2002490908 0.1402855217 0.9801701307 -0.1399515420 0.2196179628 0.1070237532 0.9696978331
-146.9 266.3 2539.7 0.9654470086 -0.1667704433 -0.2002490908 0.1402855217 0.9801701307 -0.1399515420 0.2196179628 0.1070237532 0.9696978331
-160.2 75.4 2508.9 0.9773425460 0.0690065026 -0.2000991255 -0.0988024324 0.9847836494 -0.1429658532 0.1871887743 0.1594968885 0.9692889452
-280.2 279.8 2514.0 0.1470592916 -0.8004053235 -0.5811409950 0.3056600094 0.5955461860 -0.7428975105 0.9407154322 -0.0683815777 0.3322325051
-316.1 205.2 2284.4 -0.5832280517 -0.8004053235 0.1385508627 -0.8000152111 0.5955461860 0.0728038102 -0.1407860070 -0.0683815777 -0.9876756668
-13.5 252.8 2565.3 0.1298479438 0.6464120150 0.7518583536 -0.9764732718 0.2150268406 -0.0162303112 -0.1721611917 -0.7320621014 0.6591248512
