70.8 500.8 2696.1 81 0.9302791953 -0.0656708404 0.3609265685 0.0693640709 0.9975876808 0.0027276347 -0.3602350354 0.0224978738 0.9325902462
83.8 302.2 2691.6 0.9302791953 -0.0656708404 0.3609265685 0.0693640709 0.9975876808 0.0027276347 -0.3602350354 0.0224978738 0.9325902462
96.4 103.9 2687.4 0.9304611087 -0.0632012412 0.3608985543 0.0665475652 0.9977782369 0.0031612767 -0.3602965176 0.0210754778 0.9325997233
-47.1 292.9 2742.3 0.4018631279 -0.9001415372 -0.1680810004 0.8838759661 0.4292768240 -0.1857005507 0.2393100560 -0.0739365444 0.9681239724
-135.7 98.1 2689.6 -0.2020360082 -0.9001415372 -0.3859101534 -0.2610651255 0.4292768240 -0.8646192551 0.9439419508 -0.0739365444 -0.3217249215
214.8 311.6 2640.9 0.2230871171 0.7057732940 0.6723958254 -0.9685524106 0.2384450734 0.0710644051 -0.1101741120 -0.6671041846 0.7367724776
273.9 55.0 2611.7 -0.0352164507 0.7051079869 0.7082249522 -0.9623147845 0.1672832966 -0.2143981308 -0.2696480155 -0.6890856624 0.6726446748
22.2 -103.7 2716.7 0.8611049652 0.0393195748 0.5069045424 -0.0764781609 0.9956783652 0.0526846200 -0.5026423335 -0.0841341168 0.8603906631
6.6 -499.6 2750.2 0.8610905409 -0.0057867463 0.5084187388 -0.0732100457 0.9881045222 0.1352396905 -0.5031534433 -0.1536749750 0.8504238129
193.1 -92.5 2650.9 0.8592844605 -0.0085355155 0.5114268064 0.0520762429 0.9961251020 -0.0708720461 -0.5088401437 0.0875324309 0.8563992977
196.5 -488.5 2616.1 0.8617413640 -0.1260426342 0.4914418459 0.0340909176 0.9808448553 0.1917840838 -0.5062012076 -0.1485145688 0.8495315313
-87.0 161.0 2461.9 0 0 0 0 0 0 0 0 0
264.2 -210.0 2537.5 0 0 0 0 0 0 0 0 0
8.1 -765.1 2791.5 0 0 0 0 0 0 0 0 0
230.3 -751.9 2655.9 0 0 0 0 0 0 0 0 0
73.0 503.9 2697.9 82 0.9283754826 -0.0645419508 0.3659963608 0.0696519613 0.9975710511 -0.0007595379 -0.3650583625 0.0261975024 0.9306159616
85.9 305.3 2692.7 0.9283754826 -0.0645419508 0.3659963608 0.0696519613 0.9975710511 -0.0007595379 -0.3650583625 0.0261975024 0.9306159616
98.3 106.9 2688.3 0.9285898805 -0.0624419004 0.3658166230 0.0662822574 0.9977988005 0.0020650127 -0.3651403189 0.0223296024 0.9306846857
-44.8 296.0 2744.1 0.3995512426 -0.9005494118 -0.1713754088 0.8826921582 0.4283967912 -0.1932117641 0.2474134266 -0.0740737319 0.9660743475
-135.6 95.4 2687.9 -0.2070128471 -0.9005494118 -0.3823040724 -0.2727110386 0.4283967912 -0.8614550829 0.9395607114 -0.0740737319 -0.3342733979
216.6 314.6 2641.3 0.2202770859 0.7029883265 0.6762288213 -0.9691982269 0.2360207438 0.0703494474 -0.1101491898 -0.6708961129 0.7333250046
274.4 60.5 2612.4 -0.0369335189 0.7021542788 0.7110663056 -0.9622632861 0.1669783443 -0.2148665041 -0.2696021199 -0.6921687722 0.6694901586
23.6 -100.6 2716.3 0.8584325314 0.0459845178 0.5108610988 -0.0755967274 0.9964392185 0.0373367928 -0.5073251128 -0.0706705451 0.8588520885
5.3 -496.8 2744.4 0.8584749699 -0.0110920975 0.5127354264 -0.0789332464 0.9849961996 0.1534668505 -0.5067447424 -0.1722193211 0.8447190523
194.3 -88.4 2650.2 0.8566246033 -0.0037275385 0.5159267187 0.0513623916 0.9956225753 -0.0780868009 -0.5133772492 0.0933903009 0.8530662656
195.8 -484.3 2613.0 0.8605388403 -0.1205720752 0.4949094057 0.0225875955 0.9796590209 0.1993941069 -0.5088838339 -0.1604075581 0.8457580209
-85.6 161.3 2461.0 0 0 0 0 0 0 0 0 0
264.2 -204.6 2538.2 0 0 0 0 0 0 0 0 0
8.4 -768.3 2791.9 0 0 0 0 0 0 0 0 0
229.2 -755.0 2657.4 0 0 0 0 0 0 0 0 0
71.4 499.9 2696.4 83 0.9288211465 -0.0720878467 0.3634482920 0.0748188198 0.9971754551 0.0065784571 -0.3628959358 0.0210825615 0.9315911531
85.7 301.8 2692.2 0.9288211465 -0.0720878467 0.3634482920 0.0748188198 0.9971754551 0.0065784571 -0.3628959358 0.0210825615 0.9315911531
99.5 103.6 2688.2 0.9290263057 -0.0694643110 0.3634348214 0.0719280019 0.9973868728 0.0067681638 -0.3629552722 0.0198533386 0.9315950274
-45.0 291.7 2743.3 0.4027645886 -0.9005216956 -0.1638333499 0.8811141253 0.4299227893 -0.1969880909 0.2478277385 -0.0650160462 0.9666200280
-134.2 96.6 2688.4 -0.1966192722 -0.9005216956 -0.3878163695 -0.2692670226 0.4299227893 -0.8617781997 0.9427810907 -0.0650160462 -0.3270118833
216.5 312.0 2641.1 0.2295724005 0.7002928853 0.6759336591 -0.9656164646 0.2509211004 0.0679957643 -0.1219890714 -0.6683026552 0.7338189483
275.1 65.5 2609.9 -0.0399907082 0.6998087168 0.7132099867 -0.9661946297 0.1548577249 -0.2061238587 -0.2546933591 -0.6973426938 0.6699585319
25.5 -97.5 2717.3 0.8601905704 0.0491028503 0.5076032877 -0.0714678690 0.9971382022 0.0246524401 -0.5049400926 -0.0574831218 0.8612381816
6.0 -493.9 2740.2 0.8604295850 -0.0034630878 0.5095576048 -0.0910297781 0.9828470349 0.1603908837 -0.5013726354 -0.1843899786 0.8453554511
195.9 -85.4 2650.3 0.8575809598 0.0042630746 0.5143312812 0.0446834974 0.9955676198 -0.0827557892 -0.5124043822 0.0939519107 0.8535893559
194.2 -481.2 2613.0 0.8596627116 -0.1261456311 0.4950427115 0.0293399338 0.9796259403 0.1986759603 -0.5100188255 -0.1562697887 0.8458490372
-86.8 161.6 2460.9 0 0 0 0 0 0 0 0 0
264.0 -200.6 2539.8 0 0 0 0 0 0 0 0 0
7.0 -767.0 2791.4 0 0 0 0 0 0 0 0 0
229.8 -757.5 2657.1 0 0 0 0 0 0 0 0 0
73.6 500.1 2695.6 84 0.9255621433 -0.0542741455 0.3746852577 0.0570391044 0.9983650446 0.0037155817 -0.3742743433 0.0179327112 0.9271446466
84.4 301.6 2692.0 0.9255621433 -0.0542741455 0.3746852577 0.0570391044 0.9983650446 0.0037155817 -0.3742743433 0.0179327112 0.9271446466
94.5 103.1 2688.3 0.9257135987 -0.0508738793 0.3747882247 0.0541628599 0.9985305667 0.0017605344 -0.3743270636 0.0186698511 0.9271087646
-45.9 294.0 2744.7 0.3985361457 -0.9008527994 -0.1721430272 0.8815268278 0.4280519187 -0.1992033869 0.2531390786 -0.0723589510 0.9647200704
-133.7 99.7 2688.9 -0.1993359327 -0.9008527994 -0.3856545687 -0.2597878277 0.4280519187 -0.8656106591 0.9448679686 -0.0723589510 -0.3193567097
214.6 309.2 2639.3 0.2343191952 0.6938473582 0.6809334159 -0.9653482437 0.2488358170 0.0786355063 -0.1148795858 -0.6757636666 0.7281113267
274.6 62.3 2609.9 -0.0371933803 0.6933996081 0.7195926905 -0.9659763575 0.1594822407 -0.2036052495 -0.2559420466 -0.7026823163 0.6638759375
28.1 -101.3 2717.6 0.8534152508 0.0560738295 0.5182066560 -0.0738948584 0.9971706271 0.0137933856 -0.5159670115 -0.0500642918 0.8551442027
5.8 -497.8 2737.5 0.8538003564 -0.0001984704 0.5206004977 -0.1031486019 0.9801104069 0.1695404351 -0.5102795959 -0.1984529048 0.8367981315
198.6 -88.1 2651.0 0.8522407413 0.0142561812 0.5229555368 0.0421964265 0.9944984317 -0.0958767161 -0.5214453340 0.1037769020 0.8469504714
192.9 -483.5 2609.7 0.8543982506 -0.1358517259 0.5015456080 0.0274098646 0.9756577611 0.2175791264 -0.5188953280 -0.1721519232 0.8373239040
-85.9 162.0 2462.4 0 0 0 0 0 0 0 0 0
264.3 -203.8 2539.4 0 0 0 0 0 0 0 0 0
5.8 -766.1 2791.8 0 0 0 0 0 0 0 0 0
230.6 -753.9 2657.4 0 0 0 0 0 0 0 0 0
75.1 497.7 2697.2 85 0.9195057154 -0.0463258065 0.3903373182 0.0539522469 0.9985065460 -0.0085894270 -0.3893564641 0.0289576016 0.9206318259
84.3 299.1 2691.4 0.9195057154 -0.0463258065 0.3903373182 0.0539522469 0.9985065460 -0.0085894270 -0.3893564641 0.0289576016 0.9206318259
93.0 100.6 2685.9 0.9196165800 -0.0441672243 0.3903262615 0.0515046865 0.9986378551 -0.0083455890 -0.3894259930 0.0277783740 0.9206387997
-45.1 291.9 2746.2 0.3970158696 -0.9020138979 -0.1695561260 0.8805961013 0.4264340997 -0.2066506147 0.2587062418 -0.0672668964 0.9636110663
-133.0 97.0 2689.0 -0.1968220770 -0.9020138979 -0.3842290342 -0.2675397396 0.4264340997 -0.8640465736 0.9432303905 -0.0672668964 -0.3252562284
213.7 306.4 2636.6 0.2391381711 0.6850571632 0.6881203651 -0.9650998712 0.2456070334 0.0908814296 -0.1067482308 -0.6858381033 0.7198826075
274.7 60.2 2609.4 -0.0392739251 0.6841324568 0.7282996178 -0.9633490443 0.1676366776 -0.2094195634 -0.2653604448 -0.7098314762 0.6524745822
19.7 -100.3 2719.0 0.8450294137 0.0339548625 0.5336406827 -0.0561222918 0.9981017113 0.0253627244 -0.5317664742 -0.0513813831 0.8453309536
6.2 -497.1 2739.4 0.8459327221 0.0011707618 0.5332883596 -0.1029635891 0.9815406799 0.1611719280 -0.5232555270 -0.1912498921 0.8304378986
189.5 -90.4 2650.3 0.8436952233 -0.0159033947 0.5365868807 0.0688351542 0.9945145249 -0.0787565559 -0.5323909521 0.1033825725 0.8401618600
195.9 -485.6 2609.2 0.8508065939 -0.1309205741 0.5089085698 0.0228503980 0.9767677188 0.2130789608 -0.5249819160 -0.1696602255 0.8340319991
-85.9 161.1 2463.2 0 0 0 0 0 0 0 0 0
263.8 -205.1 2536.3 0 0 0 0 0 0 0 0 0
5.9 -763.1 2791.2 0 0 0 0 0 0 0 0 0
231.5 -751.3 2655.3 0 0 0 0 0 0 0 0 0
76.3 494.8 2697.0 86 0.9251770377 -0.0457228981 0.3767716885 0.0530369952 0.9985514879 -0.0090557290 -0.3758118749 0.0283609908 0.9262619019
85.4 296.2 2691.3 0.9251770377 -0.0457228981 0.3767716885 0.0530369952 0.9985514879 -0.0090557290 -0.3758118749 0.0283609908 0.9262619019
94.1 97.6 2685.9 0.9252742529 -0.0438637473 0.3767539561 0.0508693755 0.9986677766 -0.0086603248 -0.3758721650 0.0271784142 0.9262728691
-44.8 289.0 2744.2 0.3774557412 -0.9125526547 -0.1574001014 0.8865875602 0.4051982164 -0.2231073678 0.2673754692 -0.0553358160 0.9620022178
-128.8 91.7 2684.7 -0.1844567358 -0.9125526547 -0.3649977446 -0.2870482504 0.4051982164 -0.8679963946 0.9399888515 -0.0553358160 -0.3366881609
215.6 303.3 2638.4 0.2284673750 0.6964828372 0.6802310944 -0.9675361514 0.2399887294 0.0792413205 -0.1080575734 -0.6762521863 0.7287019491
274.1 55.5 2610.8 -0.0373994708 0.6955748200 0.7174795866 -0.9605941772 0.1728661805 -0.2176606655 -0.2754272223 -0.6973470449 0.6617000103
17.4 -102.6 2716.1 0.8529890776 0.0291138925 0.5211161971 -0.0480624996 0.9985821843 0.0228819828 -0.5197111368 -0.0445642285 0.8531789780
5.9 -499.6 2733.9 0.8549277186 -0.0027805541 0.5187396407 -0.1108840406 0.9758940339 0.1879774630 -0.5067576170 -0.2182271034 0.8340105414
186.2 -93.2 2644.7 0.8515089154 -0.0258722547 0.5237014294 0.0666038468 0.9960284233 -0.0590876229 -0.5200927258 0.0851941705 0.8498502970
196.4 -489.0 2610.8 0.8573092818 -0.1310658306 0.4978378713 0.0282830317 0.9775787592 0.2086620480 -0.5140241981 -0.1648075432 0.8417942524
-84.8 160.2 2460.5 0 0 0 0 0 0 0 0 0
263.8 -209.1 2534.9 0 0 0 0 0 0 0 0 0
6.6 -761.2 2792.4 0 0 0 0 0 0 0 0 0
231.2 -748.1 2654.5 0 0 0 0 0 0 0 0 0
74.1 497.1 2695.9 87 0.9131585956 -0.0530346595 0.4041394889 0.0583735667 0.9982944131 -0.0008910721 -0.4034029543 0.0244047549 0.9146969318
84.6 298.1 2691.0 0.9131585956 -0.0530346595 0.4041394889 0.0583735667 0.9982944131 -0.0008910721 -0.4034029543 0.0244047549 0.9146969318
94.3 99.6 2686.2 0.9133696556 -0.0485034361 0.4042317569 0.0542229377 0.9985252023 -0.0027055827 -0.4035043716 0.0243898313 0.9146525860
-43.8 290.5 2747.8 0.3983375132 -0.9008813500 -0.1724530309 0.8764124513 0.4292882979 -0.2182035744 0.2706075907 -0.0642213151 0.9605452418
-133.3 93.8 2687.0 -0.1996010393 -0.9008813500 -0.3854507208 -0.2783203125 0.4292882979 -0.8592143655 0.9395197034 -0.0642213151 -0.3364199698
213.1 305.8 2634.3 0.2315619290 0.6762827635 0.6993001699 -0.9676415324 0.2341925502 0.0939347148 -0.1002444550 -0.6984235644 0.7086293697
273.7 52.4 2608.0 -0.0366687924 0.6753005385 0.7366305590 -0.9617042542 0.1765107512 -0.2096876502 -0.2716253996 -0.7161097527 0.6429669261
17.9 -105.6 2715.0 0.8372221589 0.0297244545 0.5460544825 -0.0514948629 0.9983700514 0.0246067643 -0.5444329977 -0.0487203300 0.8373882174
6.1 -502.5 2734.4 0.8391433358 -0.0004845125 0.5439101458 -0.1172267497 0.9763366580 0.1817268729 -0.5311274529 -0.2162557095 0.8192296028
187.7 -96.2 2646.1 0.8354619145 -0.0182608776 0.5492448807 0.0601482242 0.9964818358 -0.0583617985 -0.5462468266 0.0817951635 0.8336210251
195.0 -492.3 2613.6 0.8397881985 -0.1397722065 0.5246136189 0.0322943181 0.9774414897 0.2087226808 -0.5419527888 -0.1583408117 0.8253577352
-85.4 160.5 2461.8 0 0 0 0 0 0 0 0 0
263.6 -212.5 2533.2 0 0 0 0 0 0 0 0 0
6.3 -760.9 2791.6 0 0 0 0 0 0 0 0 0
231.3 -746.1 2654.7 0 0 0 0 0 0 0 0 0
70.9 495.6 2695.3 88 0.9120569229 -0.0596945696 0.4056954086 0.0644210130 0.9979208112 0.0020084449 -0.4049717784 0.0243034940 0.9140061140
82.8 296.8 2690.5 0.9120569229 -0.0596945696 0.4056954086 0.0644210130 0.9979208112 0.0020084449 -0.4049717784 0.0243034940 0.9140061140
94.1 98.4 2685.9 0.9122320414 -0.0568623021 0.4057085514 0.0614221990 0.9981102943 0.0017834328 -0.4050432742 0.0232926048 0.9140007496
-45.5 288.2 2747.5 0.3808628023 -0.9091647863 -0.1684130579 0.8799465299 0.4123317301 -0.2359589338 0.2839675844 -0.0583265051 0.9570581913
-130.7 91.4 2684.0 -0.1926082820 -0.9091647863 -0.3692173958 -0.2921780050 0.4123317301 -0.8629105091 0.9367678761 -0.0583265051 -0.3450564444
211.2 305.4 2633.5 0.2403206974 0.6732375026 0.6992833614 -0.9657062292 0.2387534827 0.1020207331 -0.0982721597 -0.6998200417 0.7075270414
273.6 54.5 2608.0 -0.0353554524 0.6724146008 0.7393298745 -0.9642434120 0.1714752465 -0.2020663917 -0.2626491487 -0.7200381160 0.6423087716
20.2 -103.8 2718.3 0.8364344239 0.0375111178 0.5467817783 -0.0558358394 0.9982964396 0.0169277806 -0.5452153683 -0.0446889997 0.8371040225
5.3 -500.7 2736.1 0.8379557729 -0.0099118492 0.5456481576 -0.1044622660 0.9784342051 0.1781969666 -0.5356470942 -0.2063208222 0.8188491464
187.7 -93.9 2644.3 0.8341747522 -0.0188859645 0.5511767268 0.0609609783 0.9964467287 -0.0581179336 -0.5481206179 0.0820807889 0.8323619962
195.2 -490.1 2611.7 0.8399260044 -0.1352204829 0.5255851746 0.0238268878 0.9767161608 0.2132084817 -0.5421776772 -0.1665562838 0.8235911131
-84.8 161.0 2460.9 0 0 0 0 0 0 0 0 0
263.9 -211.1 2535.6 0 0 0 0 0 0 0 0 0
7.9 -760.4 2790.8 0 0 0 0 0 0 0 0 0
231.5 -752.1 2656.3 0 0 0 0 0 0 0 0 0
75.5 500.3 2696.1 89 0.9227217436 -0.0543180518 0.3816203475 0.0595336147 0.9982245564 -0.0018640163 -0.3808415532 0.0244392063 0.9243173003
86.3 301.4 2691.2 0.9227217436 -0.0543180518 0.3816203475 0.0595336147 0.9982245564 -0.0018640163 -0.3808415532 0.0244392063 0.9243173003
96.8 102.9 2686.7 0.9228360057 -0.0527309813 0.3815666735 0.0574027821 0.9983507395 -0.0008631381 -0.3808918595 0.0226995237 0.9243409038
-43.5 293.3 2744.8 0.3886219859 -0.9069711566 -0.1624078155 0.8818675280 0.4172003865 -0.2196667194 0.2669879794 -0.0578548573 0.9619616866
-132.6 91.2 2683.6 -0.1966997236 -0.9069711566 -0.3724413812 -0.2980857491 0.4172003865 -0.8585386872 0.9340525270 -0.0578548573 -0.3524183631
216.1 309.5 2637.6 0.2226140052 0.6908333302 0.6878897548 -0.9675408006 0.2431279421 0.0689460039 -0.1196150258 -0.6809097528 0.7225331664
274.3 56.8 2606.4 -0.0378704779 0.6901959777 0.7226308584 -0.9666626453 0.1579570025 -0.2015265077 -0.2532373965 -0.7061721683 0.6612047553
21.8 -105.7 2718.4 0.8500829935 0.0413756780 0.5250208974 -0.0619538166 0.9978436232 0.0216742381 -0.5229920149 -0.0509519503 0.8508132696
5.3 -502.4 2738.6 0.8508941531 -0.0103959730 0.5252343416 -0.0944792628 0.9804739952 0.1724655628 -0.5167715549 -0.1963736862 0.8332973719
189.1 -94.4 2644.1 0.8485856056 -0.0153978514 0.5288339257 0.0559561104 0.9965819716 -0.0607720576 -0.5260906219 0.0811617821 0.8465467691
195.2 -490.6 2611.8 0.8534244299 -0.1324544251 0.5041056871 0.0237411652 0.9760460258 0.2162648439 -0.5206755996 -0.1725976467 0.8361262083
-85.8 162.1 2461.4 0 0 0 0 0 0 0 0 0
263.8 -209.5 2536.6 0 0 0 0 0 0 0 0 0
8.0 -760.2 2790.3 0 0 0 0 0 0 0 0 0
231.2 -755.4 2658.6 0 0 0 0 0 0 0 0 0
76.0 502.9 2695.9 90 0.9228063226 -0.0537799634 0.3814921379 0.0590679757 0.9982516170 -0.0021556481 -0.3807092309 0.0245232154 0.9243695736
86.7 303.7 2691.0 0.9228063226 -0.0537799634 0.3814921379 0.0590679757 0.9982516170 -0.0021556481 -0.3807092309 0.0245232154 0.9243695736
97.0 105.2 2686.3 0.9229171276 -0.0517553836 0.3815041184 0.0569714196 0.9983729720 -0.0023819448 -0.3807601035 0.0239331685 0.9243640900
-43.2 295.7 2744.6 0.3847437203 -0.9116126895 -0.1446877718 0.8934202194 0.4071814418 -0.1897460818 0.2318891138 -0.0562633760 0.9711137414
-132.4 88.3 2690.8 -0.1936176866 -0.9116126895 -0.3625940979 -0.3046154380 0.4071814418 -0.8610532880 0.9325886965 -0.0562633760 -0.3565288186
216.6 311.7 2637.4 0.2196477503 0.6917003989 0.6879719496 -0.9682691693 0.2407330126 0.0671001673 -0.1192043498 -0.6808804274 0.7226286530
274.3 57.2 2606.1 -0.0350274481 0.6911154389 0.7218950987 -0.9651908875 0.1639439613 -0.2037863731 -0.2591902614 -0.7039046884 0.6613157988
22.6 -100.8 2717.1 0.8496930003 0.0478461571 0.5251023769 -0.0701830983 0.9972758889 0.0226970445 -0.5225859880 -0.0561388321 0.8507363200
3.6 -497.3 2739.4 0.8500564694 -0.0139857382 0.5265058875 -0.0869906694 0.9821901321 0.1665387601 -0.5194580555 -0.1873684376 0.8337004185
191.9 -90.3 2647.2 0.8486988544 -0.0069125267 0.5288312435 0.0535510853 0.9958987832 -0.0729241446 -0.5261582732 0.0902101249 0.8455883265
194.6 -486.2 2611.3 0.8526734710 -0.1313587725 0.5056607723 0.0264295787 0.9774814844 0.2093596458 -0.5217753053 -0.1651510149 0.8369442821
-84.8 163.3 2461.2 0 0 0 0 0 0 0 0 0
264.7 -208.6 2534.7 0 0 0 0 0 0 0 0 0
7.3 -760.9 2789.7 0 0 0 0 0 0 0 0 0
230.9 -755.8 2656.9 0 0 0 0 0 0 0 0 0
76.3 501.4 2696.8 91 0.9252949357 -0.0527630374 0.3755600452 0.0586124361 0.9982721210 -0.0041589048 -0.3746916950 0.0258607026 0.9267887473
86.9 302.3 2691.7 0.9252949357 -0.0527630374 0.3755600452 0.0586124361 0.9982721210 -0.0041589048 -0.3746916950 0.0258607026 0.9267887473
96.5 103.8 2686.5 0.9254860282 -0.0486336909 0.3756466508 0.0548496507 0.9984773993 -0.0058643972 -0.3747894764 0.0260315053 0.9267444015
-43.4 294.5 2744.4 0.3853088021 -0.9101026654 -0.1524804831 0.8891273141 0.4103725851 -0.2026003748 0.2469609380 -0.0575108565 0.9673173428
-132.5 88.9 2687.3 -0.1981296837 -0.9101026654 -0.3639475107 -0.3090431392 0.4103725851 -0.8579549193 0.9301811457 -0.0575108565 -0.3625679910
217.1 310.0 2638.9 0.2194803208 0.6965388656 0.6831266284 -0.9682968855 0.2411341518 0.0652336031 -0.1192874089 -0.6757868528 0.7273806334
274.0 59.1 2608.0 -0.0350447297 0.6959185600 0.7172650695 -0.9635925293 0.1668289304 -0.2089439481 -0.2650685310 -0.6984736323 0.6647354364
22.6 -98.5 2716.4 0.8526343703 0.0469562188 0.5203938484 -0.0739249960 0.9967762232 0.0311805066 -0.5172520876 -0.0650556833 0.8533568978
4.0 -494.8 2742.3 0.8527468443 -0.0131192766 0.5221596956 -0.0808039084 0.9843362570 0.1566935480 -0.5160363913 -0.1758124679 0.8383295536
192.0 -88.0 2646.6 0.8521630764 -0.0027294955 0.5232691765 0.0560203269 0.9947152138 -0.0860424861 -0.5202689767 0.1026359424 0.8478124738
193.0 -483.5 2605.8 0.8578988314 -0.1359758526 0.4954999089 0.0193835199 0.9722260833 0.2332395613 -0.5134528875 -0.1904914081 0.8367073536
-84.3 164.1 2461.0 0 0 0 0 0 0 0 0 0
264.3 -206.3 2535.0 0 0 0 0 0 0 0 0 0
7.5 -763.2 2790.2 0 0 0 0 0 0 0 0 0
231.3 -757.4 2659.4 0 0 0 0 0 0 0 0 0
74.2 496.5 2696.3 92 0.9277876019 -0.0577170141 0.3686175644 0.0634170249 0.9979814887 -0.0033558218 -0.3676798046 0.0264901184 0.9295750856
85.7 297.2 2691.0 0.9277876019 -0.0577170141 0.3686175644 0.0634170249 0.9979814887 -0.0033558218 -0.3676798046 0.0264901184 0.9295750856
96.5 98.7 2685.3 0.9279271960 -0.0540652610 0.3688198924 0.0609247200 0.9981180429 -0.0069686878 -0.3677490354 0.0289366841 0.9294747710
-44.8 288.6 2742.8 0.4032942653 -0.9023733139 -0.1519084126 0.8865494132 0.4264260530 -0.1794184446 0.2266801149 -0.0623158738 0.9719737172
-135.4 89.6 2691.9 -0.2070556581 -0.9023733139 -0.3779555261 -0.3021791875 0.4264260530 -0.8525541425 0.9304921627 -0.0623158738 -0.3609723449
216.3 305.7 2639.3 0.2232242227 0.7005077004 0.6778347492 -0.9671685100 0.2458251715 0.0644596964 -0.1214743331 -0.6699693799 0.7323830724
273.7 57.3 2608.1 -0.0356594510 0.6998500824 0.7133991122 -0.9610282779 0.1718064249 -0.2165807039 -0.2741405666 -0.6933198571 0.6664491892
21.3 -99.8 2715.7 0.8566953540 0.0438302979 0.5139571428 -0.0703280121 0.9970039725 0.0322024897 -0.5110058784 -0.0637333095 0.8572111726
3.9 -496.2 2741.1 0.8568118215 -0.0164482649 0.5153667927 -0.0763443559 0.9844282269 0.1583433300 -0.5099460483 -0.1750157773 0.8422140479
191.1 -89.7 2646.9 0.8557275534 -0.0067046802 0.5173832178 0.0554303043 0.9953497648 -0.0787805542 -0.5144490600 0.0960934013 0.8521198630
193.8 -485.4 2608.7 0.8598886728 -0.1370019317 0.4917539358 0.0282256063 0.9746001363 0.2221664190 -0.5097006559 -0.1771583259 0.8419145942
-84.0 164.6 2461.0 0 0 0 0 0 0 0 0 0
263.8 -207.4 2532.6 0 0 0 0 0 0 0 0 0
8.3 -764.5 2788.8 0 0 0 0 0 0 0 0 0
231.3 -752.1 2657.2 0 0 0 0 0 0 0 0 0
73.7 495.8 2696.0 93 0.9315204024 -0.0586129054 0.3589349091 0.0639109015 0.9979513884 -0.0029015711 -0.3580295146 0.0256427247 0.9333580732
85.4 296.9 2690.9 0.9315204024 -0.0586129054 0.3589349091 0.0639109015 0.9979513884 -0.0029015711 -0.3580295146 0.0256427247 0.9333580732
96.4 98.5 2686.1 0.9317239523 -0.0552837364 0.3589348197 0.0603437424 0.9981734157 -0.0029001099 -0.3581188917 0.0243615732 0.9333581328
-45.7 288.4 2741.3 0.4059975147 -0.8985103369 -0.1668686569 0.8821020126 0.4330224693 -0.1854390204 0.2388767600 -0.0719073862 0.9683838487
-137.4 89.3 2687.4 -0.2195605487 -0.8985103369 -0.3800950944 -0.3015060127 0.4330224693 -0.8494619727 0.9278401136 -0.0719073862 -0.3659809232
216.5 305.4 2640.5 0.2183347791 0.7066215277 0.6730645895 -0.9674752951 0.2470255494 0.0544969030 -0.1277554631 -0.6630719304 0.7375731468
273.4 53.6 2607.3 -0.0356897451 0.7059569359 0.7073549628 -0.9592537284 0.1743127704 -0.2223675996 -0.2802829444 -0.6864691377 0.6709706187
22.1 -105.3 2713.3 0.8621125817 0.0420741066 0.5049669743 -0.0721329972 0.9965880513 0.0401139446 -0.5015562773 -0.0710075200 0.8622060418
5.4 -501.5 2741.5 0.8623179793 -0.0037694008 0.5063531995 -0.0897293612 0.9830097556 0.1601265669 -0.4983536899 -0.1835147589 0.8473287225
192.4 -94.1 2645.8 0.8611361980 -0.0027598126 0.5083668232 0.0463498458 0.9962466359 -0.0731048435 -0.5062569976 0.0865159482 0.8580319881
193.5 -490.2 2611.4 0.8635372519 -0.1353961229 0.4857687652 0.0299388245 0.9753478169 0.2186328620 -0.5033955574 -0.1742542684 0.8463027477
-83.5 163.3 2459.8 0 0 0 0 0 0 0 0 0
263.5 -210.6 2530.1 0 0 0 0 0 0 0 0 0
6.4 -766.6 2791.0 0 0 0 0 0 0 0 0 0
230.5 -757.0 2659.1 0 0 0 0 0 0 0 0 0
73.5 496.3 2695.4 94 0.9366476536 -0.0573306233 0.3455492854 0.0625180006 0.9980363250 -0.0038758370 -0.3446485400 0.0252333432 0.9383925796
85.0 297.2 2690.4 0.9366476536 -0.0573306233 0.3455492854 0.0625180006 0.9980363250 -0.0038758370 -0.3446485400 0.0252333432 0.9383925796
96.0 98.8 2685.3 0.9367309809 -0.0555544756 0.3456136286 0.0610452108 0.9981223941 -0.0050136126 -0.3446861804 0.0257944632 0.9383634925
-46.9 288.6 2738.9 0.3864893913 -0.9095273614 -0.1529245824 0.8931221962 0.4104563892 -0.1840062588 0.2301276028 -0.0654638708 0.9709560871
-134.3 86.5 2686.8 -0.2098471075 -0.9095273614 -0.3587814867 -0.3175109029 0.4104563892 -0.8548171520 0.9247437716 -0.0654638708 -0.3749179542
216.8 305.8 2641.9 0.2167353332 0.7155997157 0.6640352607 -0.9670950174 0.2502227128 0.0459980853 -0.1332404912 -0.6521546245 0.7462850213
273.4 53.3 2607.1 -0.0359470658 0.7151296139 0.6980669498 -0.9600187540 0.1693358272 -0.2229111791 -0.2776181400 -0.6781703234 0.6804507375
21.9 -105.5 2714.1 0.8691477180 0.0402065627 0.4929155111 -0.0713726655 0.9964534044 0.0445703641 -0.4893753231 -0.0739189237 0.8689348698
5.9 -501.7 2743.5 0.8692514300 -0.0011756576 0.4943688810 -0.0853184015 0.9846359491 0.1523573548 -0.4869524837 -0.1746156067 0.8557959199
192.9 -94.4 2648.4 0.8682443500 -0.0014984157 0.4961345494 0.0523523577 0.9946893454 -0.0886134282 -0.4933669567 0.1029119194 0.8637118340
193.5 -489.8 2607.5 0.8724247217 -0.1332938969 0.4702210426 0.0244710464 0.9727983475 0.2303574681 -0.4881355166 -0.1894627512 0.8519551754
-83.1 164.0 2461.2 0 0 0 0 0 0 0 0 0
263.5 -211.1 2530.6 0 0 0 0 0 0 0 0 0
6.2 -765.1 2790.2 0 0 0 0 0 0 0 0 0
230.1 -757.6 2659.6 0 0 0 0 0 0 0 0 0
75.0 495.8 2696.6 95 0.9299190044 -0.0585404336 0.3630753160 0.0638950318 0.9979528785 -0.0027449138 -0.3621713817 0.0257512573 0.9317557216
86.6 297.4 2691.5 0.9299190044 -0.0585404336 0.3630753160 0.0638950318 0.9979528785 -0.0027449138 -0.3621713817 0.0257512573 0.9317557216
97.9 99.0 2686.7 0.9300457835 -0.0568448380 0.3630199432 0.0617013462 0.9980930686 -0.0017867887 -0.3622261286 0.0240606144 0.9317796826
-44.3 288.8 2742.4 0.4022250473 -0.9031544924 -0.1500898898 0.8875802159 0.4248707294 -0.1780060977 0.2245358080 -0.0616183095 0.9725157619
-136.2 85.9 2691.1 -0.2119740397 -0.9031544924 -0.3733349144 -0.3165027499 0.4248707294 -0.8481219411 0.9246042371 -0.0616183095 -0.3759124577
217.5 306.1 2640.5 0.2145455033 0.7043223381 0.6766833067 -0.9684724212 0.2432186753 0.0539056659 -0.1266150475 -0.6669143438 0.7342982292
273.4 53.6 2607.5 -0.0356992446 0.7036390305 0.7096602321 -0.9608929157 0.1709602028 -0.2178471088 -0.2746093869 -0.6896845102 0.6700186729
21.1 -105.2 2711.7 0.8600986004 0.0365572087 0.5088162422 -0.0690722913 0.9965891242 0.0451567098 -0.5054299235 -0.0739843249 0.8596900105
6.6 -501.5 2741.2 0.8603472710 0.0045110597 0.5096883774 -0.0984429270 0.9826042056 0.1574736983 -0.5001115799 -0.1856572777 0.8458248973
193.0 -94.0 2648.5 0.8588244319 -0.0015941273 0.5122675300 0.0498249754 0.9955137968 -0.0804344043 -0.5098412037 0.0946027488 0.8550510406
193.6 -489.8 2610.9 0.8623439670 -0.1316118836 0.4889183342 0.0256957263 0.9757571220 0.2173423916 -0.5056704283 -0.1748607904 0.8448202014
-83.4 164.7 2461.0 0 0 0 0 0 0 0 0 0
263.6 -211.1 2531.9 0 0 0 0 0 0 0 0 0
5.4 -767.5 2791.4 0 0 0 0 0 0 0 0 0
229.9 -758.8 2659.1 0 0 0 0 0 0 0 0 0
74.7 498.2 2696.2 96 0.9335522056 -0.0605637692 0.3532878458 0.0660761744 0.9978082776 -0.0035510117 -0.3522984684 0.0266589634 0.9355079532
86.8 299.8 2690.9 0.9335522056 -0.0605637692 0.3532878458 0.0660761744 0.9978082776 -0.0035510117 -0.3522984684 0.0266589634 0.9355079532
98.1 101.4 2685.8 0.9337542653 -0.0572767779 0.3533020914 0.0626542717 0.9980280995 -0.0037923823 -0.3523882031 0.0256770384 0.9355015755
-44.6 291.0 2740.5 0.4047897160 -0.9023974538 -0.1477297097 0.8911147118 0.4255296588 -0.1576042473 0.2050850540 -0.0678475276 0.9763897061
-136.8 88.1 2693.8 -0.2144276649 -0.9023974538 -0.3737640381 -0.3068772256 0.4255296588 -0.8513230085 0.9272794127 -0.0678475276 -0.3681705892
218.2 308.6 2641.3 0.2119287401 0.7109403610 0.6705594659 -0.9682365656 0.2458975166 0.0453034937 -0.1326808184 -0.6588612795 0.7404711843
274.3 51.9 2606.1 -0.0411590785 0.7100176215 0.7029800415 -0.9609704018 0.1645114273 -0.2224226296 -0.2735722363 -0.6846977472 0.6755347848
23.9 -105.1 2715.1 0.8652731180 0.0449294448 0.4992832541 -0.0690875798 0.9971594810 0.0299986154 -0.4965172112 -0.0604512691 0.8659193516
6.0 -501.5 2739.2 0.8655635715 0.0045593809 0.5007783175 -0.1002445891 0.9812980890 0.1643321216 -0.4906635284 -0.1924402118 0.8498329520
194.5 -93.8 2648.7 0.8640755415 0.0002747169 0.5033620596 0.0509938970 0.9948073030 -0.0880794823 -0.5007724762 0.1017757207 0.8595746756
194.4 -489.3 2608.2 0.8667536378 -0.1364065409 0.4797201455 0.0329145491 0.9754188657 0.2178868502 -0.4976492822 -0.1730644405 0.8499376178
-83.2 164.8 2461.8 0 0 0 0 0 0 0 0 0
263.0 -212.8 2530.8 0 0 0 0 0 0 0 0 0
4.8 -767.7 2791.4 0 0 0 0 0 0 0 0 0
231.5 -754.4 2655.3 0 0 0 0 0 0 0 0 0
75.8 498.7 2696.5 97 0.9293968081 -0.0596065037 0.3642371297 0.0658009872 0.9978221059 -0.0046083583 -0.3631691933 0.0282501560 0.9312948585
87.7 299.9 2690.9 0.9293968081 -0.0596065037 0.3642371297 0.0658009872 0.9978221059 -0.0046083583 -0.3631691933 0.0282501560 0.9312948585
98.6 101.5 2685.2 0.9296585321 -0.0547013171 0.3643387556 0.0612301379 0.9981032610 -0.0063829613 -0.3632985651 0.0282424875 0.9312446117
-43.1 291.3 2742.0 0.4006218016 -0.9063126445 -0.1345346868 0.8947393894 0.4186039567 -0.1556025147 0.1973412782 -0.0580357201 0.9786154628
-134.9 86.2 2696.8 -0.2041911334 -0.9063126445 -0.3700045943 -0.3135195971 0.4186039567 -0.8523357511 0.9273680449 -0.0580357201 -0.3696219921
218.5 308.5 2639.7 0.2080315202 0.7057909369 0.6771869063 -0.9704295397 0.2355893701 0.0525749922 -0.1224310771 -0.6680994034 0.7339303493
273.3 53.0 2607.5 -0.0361690074 0.7049151659 0.7083688378 -0.9588599205 0.1752347648 -0.2233393788 -0.2815661728 -0.6873044372 0.6695768237
23.9 -102.8 2713.0 0.8587260842 0.0490228534 0.5100845695 -0.0795013234 0.9961060882 0.0381072052 -0.5062302351 -0.0732760504 0.8592796922
4.4 -498.8 2742.1 0.8588079810 -0.0068871886 0.5122513175 -0.0873233005 0.9833085537 0.1596212238 -0.5048004389 -0.1818154603 0.8438718319
195.2 -91.3 2648.3 0.8581867218 0.0025144229 0.5133314729 0.0450263992 0.9957651496 -0.0801525712 -0.5113590956 0.0918993428 0.8544391990
194.2 -487.2 2611.8 0.8600153327 -0.1338400096 0.4924027622 0.0322165340 0.9773049951 0.2093729079 -0.5092501640 -0.1642003953 0.8448091745
-83.8 164.8 2464.4 0 0 0 0 0 0 0 0 0
263.3 -211.1 2529.9 0 0 0 0 0 0 0 0 0
6.3 -766.8 2791.7 0 0 0 0 0 0 0 0 0
231.2 -757.2 2657.2 0 0 0 0 0 0 0 0 0
74.6 497.0 2696.1 98 0.9302295446 -0.0614562556 0.3617956340 0.0668284371 0.9977617264 -0.0023413482 -0.3608419299 0.0263562277 0.9322544932
86.8 298.2 2690.9 0.9302295446 -0.0614562556 0.3617956340 0.0668284371 0.9977617264 -0.0023413482 -0.3608419299 0.0263562277 0.9322544932
98.2 99.8 2685.5 0.9304510951 -0.0571229942 0.3619360328 0.0630998984 0.9979961514 -0.0047048302 -0.3609420061 0.0272157434 0.9321910739
-44.1 289.3 2741.7 0.3964093924 -0.9085921049 -0.1316054761 0.8971704245 0.4137982726 -0.1544545293 0.1947942823 -0.0568453111 0.9791954756
-134.3 85.2 2697.4 -0.2015598267 -0.9085921049 -0.3658333719 -0.3151735961 0.4137982726 -0.8540706038 0.9273830056 -0.0568453111 -0.3697693646
217.8 307.0 2640.1 0.2155662924 0.7046213150 0.6760473251 -0.9676036239 0.2473186851 0.0507607944 -0.1314319968 -0.6650881171 0.7351077199
274.4 53.0 2605.6 -0.0417901427 0.7036016583 0.7093647122 -0.9605835080 0.1670035720 -0.2222367674 -0.2748326063 -0.6906912923 0.6688890457
24.1 -102.6 2713.0 0.8600367308 0.0452515632 0.5082214475 -0.0819066390 0.9953861237 0.0499781072 -0.5036150217 -0.0846097246 0.8597750664
6.2 -498.3 2746.6 0.8600376844 -0.0018918816 0.5102269650 -0.0823536366 0.9863668084 0.1424725205 -0.5035405159 -0.1645507962 0.8481568098
194.7 -91.3 2646.3 0.8593997955 0.0010710267 0.5113031268 0.0423624441 0.9964105487 -0.0732901022 -0.5095462799 0.0846455470 0.8562696576
194.3 -487.5 2612.6 0.8616552949 -0.1289920211 0.4908270538 0.0261755548 0.9771671891 0.2108532190 -0.5068184733 -0.1688351184 0.8453577757
-83.5 164.6 2463.6 0 0 0 0 0 0 0 0 0
262.9 -211.6 2529.9 0 0 0 0 0 0 0 0 0
6.7 -766.9 2791.4 0 0 0 0 0 0 0 0 0
229.9 -756.8 2659.2 0 0 0 0 0 0 0 0 0
75.4 494.4 2696.5 99 0.9313858151 -0.0620150939 0.3587124050 0.0677153543 0.9976990819 -0.0033361388 -0.3576801419 0.0273975693 0.9334421754
87.7 296.4 2691.0 0.9313858151 -0.0620150939 0.3587124050 0.0677153543 0.9976990819 -0.0033361388 -0.3576801419 0.0273975693 0.9334421754
99.5 98.0 2686.4 0.9316344857 -0.0592896566 0.3585275114 0.0636247620 0.9979738593 -0.0002942361 -0.3577836156 0.0230853464 0.9335191250
-43.4 287.4 2741.4 0.4015275538 -0.9065554738 -0.1301258802 0.8950624466 0.4185319543 -0.1539293975 0.1940073818 -0.0546638891 0.9794758558
-134.7 84.0 2697.3 -0.2031227499 -0.9065554738 -0.3699976802 -0.3190656304 0.4185319543 -0.8503106236 0.9257096052 -0.0546638891 -0.3742640615
218.8 305.3 2640.7 0.2119614035 0.7058127522 0.6759443283 -0.9674377441 0.2494474947 0.0428973772 -0.1383350939 -0.6630266309 0.7357031107
274.0 53.7 2604.7 -0.0403005555 0.7049365044 0.7081245780 -0.9602758884 0.1685251147 -0.2224172950 -0.2761268616 -0.6889585257 0.6701418757
24.2 -104.4 2713.2 0.8620611429 0.0463848747 0.5046771169 -0.0817028657 0.9954971075 0.0480641089 -0.5001751781 -0.0826677680 0.8619691730
5.7 -500.2 2746.0 0.8620640039 -0.0017161119 0.5067965388 -0.0829485953 0.9860314727 0.1444349736 -0.4999651909 -0.1665502489 0.8498799205
194.9 -92.9 2646.9 0.8611677885 -0.0029167745 0.5083124638 0.0437427536 0.9966993332 -0.0683884546 -0.5064352155 0.0811289176 0.8584529757
196.1 -489.2 2614.7 0.8638581038 -0.1219526902 0.4887501001 0.0236168969 0.9789902568 0.2025346756 -0.5031812787 -0.1634184718 0.8485888243
-83.3 164.7 2463.1 0 0 0 0 0 0 0 0 0
262.9 -210.7 2528.6 0 0 0 0 0 0 0 0 0
6.2 -766.2 2791.0 0 0 0 0 0 0 0 0 0
229.5 -757.2 2659.4 0 0 0 0 0 0 0 0 0
77.8 494.2 2696.6 00 0.9287052155 -0.0497744307 0.3674631417 0.0578318052 0.9982663989 -0.0109413890 -0.3662815094 0.0314123817 0.9299737215
87.7 295.8 2690.4 0.9287052155 -0.0497744307 0.3674631417 0.0578318052 0.9982663989 -0.0109413890 -0.3662815094 0.0314123817 0.9299737215
97.6 97.3 2684.9 0.9287930727 -0.0493956655 0.3672920465 0.0560620241 0.9983991385 -0.0074965679 -0.3663337827 0.0275538955 0.9300754666
-43.0 287.9 2741.9 0.4072532356 -0.9028835297 -0.1376448274 0.8908710480 0.4259135425 -0.1579442918 0.2012301087 -0.0583004653 0.9778075218
-135.8 84.9 2696.1 -0.2075402588 -0.9028835297 -0.3764682412 -0.3131006360 0.4259135425 -0.8488613963 0.9267659187 -0.0583004653 -0.3710876405
218.4 303.7 2638.8 0.2203162163 0.6987094879 0.6806362867 -0.9645493031 0.2599799335 0.0453331508 -0.1452770829 -0.6664949059 0.7312175632
275.4 54.3 2601.2 -0.0468406193 0.6978890896 0.7146725059 -0.9655238390 0.1517736465 -0.2114911228 -0.2560657859 -0.6999397278 0.6667193770
25.8 -106.3 2714.7 0.8567917943 0.0493252911 0.5132980347 -0.0819938481 0.9957819581 0.0411737710 -0.5091019869 -0.0773646310 0.8572221994
6.2 -502.2 2745.4 0.8568101525 -0.0024063985 0.5156264305 -0.0862431079 0.9852337837 0.1479071379 -0.5083684921 -0.1711975634 0.8439507484
196.8 -94.6 2649.0 0.8567731977 0.0039547454 0.5156782866 0.0434216522 0.9958662987 -0.0797801763 -0.5138621330 0.0907451212 0.8530598283
195.2 -490.5 2612.9 0.8583076596 -0.1305104792 0.4962610006 0.0323273949 0.9789468646 0.2015390545 -0.5121161342 -0.1569396853 0.8444566727
-83.4 163.9 2462.4 0 0 0 0 0 0 0 0 0
262.5 -211.6 2530.7 0 0 0 0 0 0 0 0 0
6.8 -765.9 2791.3 0 0 0 0 0 0 0 0 0
230.5 -755.6 2655.4 0 0 0 0 0 0 0 0 0
74.9 493.4 2698.7 01 0.9290649891 -0.0553818345 0.3657473624 0.0658481196 0.9976982474 -0.0161937531 -0.3640086651 0.0391288251 0.9305732846
85.9 295.1 2690.9 0.9290649891 -0.0553818345 0.3657473624 0.0658481196 0.9976982474 -0.0161937531 -0.3640086651 0.0391288251 0.9305732846
96.5 96.7 2684.2 0.9292592406 -0.0535328314 0.3655290008 0.0622880235 0.9979837537 -0.0121928155 -0.3641392887 0.0340983644 0.9307200909
-44.9 286.3 2742.2 0.3938845694 -0.9107635021 -0.1239548251 0.9007633924 0.4093208611 -0.1451956779 0.1829762161 -0.0544636287 0.9816075563
-123.4 106.7 2705.7 -0.1577382833 -0.9107635021 -0.3816130161 -0.2229779363 0.4093208611 -0.8847243786 0.9619768858 -0.0544636287 -0.2676457465
216.7 303.9 2639.7 0.2194849104 0.7007681727 0.6787859201 -0.9647941589 0.2592439353 0.0443259850 -0.1449088901 -0.6646175981 0.7329971790
274.0 51.7 2601.8 -0.0404999405 0.7003187537 0.7126804590 -0.9637343884 0.1609150320 -0.2128906548 -0.2637723088 -0.6954566836 0.6684042215
22.2 -106.3 2713.1 0.8579669595 0.0397224054 0.5121668577 -0.0781795308 0.9954889417 0.0537563860 -0.5077210665 -0.0861621648 0.8572020531
6.4 -502.1 2747.3 0.8579751253 -0.0000605972 0.5136912465 -0.0824199617 0.9870283008 0.1377755255 -0.5070361495 -0.1605463922 0.8468407393
192.6 -96.0 2645.8 0.8575879335 -0.0054549617 0.5143083930 0.0460981764 0.9967346191 -0.0662950352 -0.5122673512 0.0805625021 0.8550390601
194.8 -492.3 2613.8 0.8593523502 -0.1339569241 0.4935271442 0.0337239206 0.9778257012 0.2066873014 -0.5102707148 -0.1609735489 0.8448143601
-83.5 163.2 2462.0 0 0 0 0 0 0 0 0 0
262.9 -213.7 2529.2 0 0 0 0 0 0 0 0 0
6.4 -764.9 2790.1 0 0 0 0 0 0 0 0 0
230.6 -754.3 2656.9 0 0 0 0 0 0 0 0 0
77.3 491.7 2700.2 02 0.9223991632 -0.0467888638 0.3833935559 0.0592182688 0.9980309606 -0.0206736531 -0.3816713393 0.0417732596 0.9233536720
86.6 293.4 2691.9 0.9223991632 -0.0467888638 0.3833935559 0.0592182688 0.9980309606 -0.0206736531 -0.3816713393 0.0417732596 0.9233536720
96.4 94.9 2685.0 0.9224255681 -0.0489269905 0.3830629289 0.0586671755 0.9981825352 -0.0137785058 -0.3816925883 0.0351828672 0.9236194491
-43.2 285.1 2745.6 0.4023919404 -0.9057314396 -0.1331589669 0.8924277425 0.4205203354 -0.1635094434 0.2040916979 -0.0530398861 0.9775138497
-129.0 94.6 2702.1 -0.1793454885 -0.9057314396 -0.3840387762 -0.2668483853 0.4205203354 -0.8671531677 0.9469040036 -0.0530398861 -0.3171113729
216.4 301.6 2638.2 0.2224439830 0.6909701228 0.6878073812 -0.9666613936 0.2480842769 0.0634031892 -0.1268244684 -0.6789804697 0.7231190205
273.8 52.4 2605.5 -0.0389459357 0.6900231838 0.7227386832 -0.9601626396 0.1744538546 -0.2182969451 -0.2767145038 -0.7024484873 0.6557402015
21.9 -107.4 2710.8 0.8477966785 0.0396280400 0.5288387537 -0.0832295865 0.9947891831 0.0588841476 -0.5237495899 -0.0939368159 0.8466771841
6.1 -502.9 2748.1 0.8477945328 -0.0019763017 0.5303211212 -0.0815957859 0.9875996709 0.1341229975 -0.5240100622 -0.1569807082 0.8371203542
192.4 -96.0 2644.0 0.8478873968 -0.0048861881 0.5301538706 0.0456835255 0.9969117641 -0.0638746396 -0.5282045007 0.0783777982 0.8454921246
194.4 -492.3 2612.8 0.8497386575 -0.1403453648 0.5081804991 0.0332852229 0.9762744904 0.2139630765 -0.5261523724 -0.1648977995 0.8342496157
-83.8 161.9 2463.4 0 0 0 0 0 0 0 0 0
263.1 -212.0 2529.3 0 0 0 0 0 0 0 0 0
6.7 -766.2 2790.0 0 0 0 0 0 0 0 0 0
231.8 -752.9 2656.8 0 0 0 0 0 0 0 0 0
75.0 492.2 2699.5 03 0.9254297018 -0.0545788892 0.3749679625 0.0658839419 0.9976758361 -0.0173852593 -0.3731476068 0.0407932028 0.9268747568
85.9 293.9 2691.4 0.9254297018 -0.0545788892 0.3749679625 0.0658839419 0.9976758361 -0.0173852593 -0.3731476068 0.0407932028 0.9268747568
96.3 95.5 2684.6 0.9256636500 -0.0526001379 0.3746732473 0.0615283735 0.9980344176 -0.0118979169 -0.3733109832 0.0340665057 0.9270805717
-44.4 285.3 2743.9 0.4070114791 -0.9026778340 -0.1396937221 0.8899396062 0.4263378978 -0.1619982421 0.2057889551 -0.0583838411 0.9768532515
-133.7 89.9 2698.8 -0.1974713951 -0.9026778340 -0.3823319674 -0.2898592949 0.4263378978 -0.8568649888 0.9364756346 -0.0583838411 -0.3458391130
216.2 302.6 2638.9 0.2206205279 0.6964577436 0.6828420162 -0.9666923881 0.2492591441 0.0581008904 -0.1297398061 -0.6729164124 0.7282520533
274.2 48.2 2604.7 -0.0376443975 0.6956902742 0.7173548341 -0.9607629180 0.1722151637 -0.2174318135 -0.2748045623 -0.6973930001 0.6619104743
21.5 -108.9 2713.0 0.8526780009 0.0415479243 0.5207820535 -0.0840434432 0.9947584867 0.0582428761 -0.5156325102 -0.0934307352 0.8517005444
5.0 -504.4 2750.1 0.8526743054 -0.0045846328 0.5224227905 -0.0742961913 0.9887344241 0.1299396604 -0.5171331167 -0.1496102363 0.8427277803
190.7 -98.1 2643.0 0.8525416255 -0.0077256998 0.5226022601 0.0441699922 0.9973787665 -0.0573118627 -0.5207896233 0.0719440877 0.8506481051
193.8 -494.7 2614.4 0.8538107872 -0.1432516426 0.5004858375 0.0357475542 0.9752582312 0.2181594074 -0.5193546414 -0.1683757156 0.8378068805
-83.8 163.1 2462.2 0 0 0 0 0 0 0 0 0
263.8 -216.4 2529.0 0 0 0 0 0 0 0 0 0
6.2 -765.7 2789.7 0 0 0 0 0 0 0 0 0
232.0 -755.0 2659.3 0 0 0 0 0 0 0 0 0
76.9 494.1 2698.1 04 0.9293304682 -0.0543058030 0.3652338088 0.0642130673 0.9978231192 -0.0150248306 -0.3636227846 0.0374158137 0.9307945967
87.7 295.5 2690.7 0.9293304682 -0.0543058030 0.3652338088 0.0642130673 0.9978231192 -0.0150248306 -0.3636227846 0.0374158137 0.9307945967
98.0 97.1 2684.1 0.9295362830 -0.0517137609 0.3650862575 0.0603385679 0.9981028438 -0.0122470744 -0.3637602627 0.0334128812 0.9308931231
-43.1 287.0 2741.9 0.4163755178 -0.8979465961 -0.1425600797 0.8868610263 0.4356634021 -0.1538664848 0.2002720833 -0.0623647422 0.9777534008
-136.0 89.2 2697.2 -0.2087267637 -0.8979465961 -0.3874597847 -0.2968145311 0.4356634021 -0.8497638106 0.9318445325 -0.0623647422 -0.3574582040
218.5 304.0 2639.5 0.2147478163 0.7019886971 0.6790399551 -0.9658721685 0.2557418942 0.0410741940 -0.1448253542 -0.6646863818 0.7329513431
274.3 52.9 2601.9 -0.0387126394 0.7018635273 0.7112586498 -0.9668459296 0.1534879208 -0.2040843070 -0.2524089515 -0.6955782175 0.6726520061
21.9 -108.6 2712.1 0.8578867912 0.0424011722 0.5120862722 -0.0841011554 0.9947369099 0.0585277528 -0.5069094896 -0.0932772383 0.8569376469
5.0 -504.1 2749.2 0.8578370810 -0.0092398189 0.5138386488 -0.0732053891 0.9874458313 0.1399702430 -0.5086811781 -0.1576874256 0.8463912606
