-234.1 499.9 2313.0 72 0.9693853855 0.2257950455 -0.0964811966 -0.2068964094 0.9627161622 0.1742742211 0.1322342604 -0.1489772648 0.9799591303
-295.3 238.9 2353.4 0.9693853855 0.2257950455 -0.0964811966 -0.2068964094 0.9627161622 0.1742742211 0.1322342604 -0.1489772648 0.9799591303
-276.8 49.0 2397.7 0.9911152124 -0.0945654586 -0.0935306549 0.1130434051 0.9694435000 0.2177164704 0.0700842291 -0.2263551354 0.9715202451
-436.6 222.7 2343.4 0.1921615154 -0.2430577278 -0.9507874846 0.9801419973 0.0958544835 0.1735901982 0.0489448048 -0.9652641416 0.2566506267
-484.3 -20.8 2331.2 -0.4708014429 -0.2430577278 -0.8480972648 0.8583796024 0.0958544835 -0.5039805770 0.2037902921 -0.9652641416 0.1635073572
-154.1 255.0 2363.4 0.6134425402 0.7668242455 0.1888619959 -0.0845441595 0.3015359342 -0.9496991038 -0.7852009535 0.5666186213 0.2498054802
-35.9 238.7 2212.1 -0.4166325033 0.7668242455 0.4882601500 0.9053658843 0.3015359342 0.2989795208 0.0820367634 0.5666186213 -0.8198861480
-347.5 -151.3 2435.0 0.9736304879 0.2157997489 -0.0739872828 -0.2222967744 0.9703266025 -0.0951334685 0.0512620546 0.1090719774 0.9927111864
-432.1 -531.4 2392.3 0.9914525151 0.0287820082 -0.1272536218 -0.0711812750 0.9367391467 -0.3427141905 0.1093394458 0.3488429189 0.9307811260
-168.5 -130.2 2448.7 -0.8293380141 -0.0159537438 0.5585194230 -0.0330260210 0.9992442727 -0.0204971340 -0.5577703714 -0.0354447253 -0.8292381167
-162.3 -521.6 2462.6 -0.8422217965 -0.0638771355 0.5353336930 0.0784953833 0.9678466916 0.2389795333 -0.5333862901 0.2432949841 -0.8101275563
-358.1 -250.9 2276.6 0 0 0 0 0 0 0 0 0
-142.6 470.5 2233.1 0 0 0 0 0 0 0 0 0
-439.3 -768.5 2303.9 0 0 0 0 0 0 0 0 0
-146.6 -759.5 2402.7 0 0 0 0 0 0 0 0 0
-232.5 497.9 2311.1 73 0.9701154232 0.2102320492 -0.1211548597 -0.1862666607 0.9652273655 0.1834145039 0.1555015892 -0.1553661376 0.9755411744
-289.0 238.3 2352.9 0.9701154232 0.2102320492 -0.1211548597 -0.1862666607 0.9652273655 0.1834145039 0.1555015892 -0.1553661376 0.9755411744
-275.3 48.6 2399.1 0.9905286431 -0.0702093542 -0.1179984435 0.0957397968 0.9691727161 0.2270200998 0.0984219387 -0.2361670583 0.9667151570
-430.1 224.7 2338.9 0.2098142207 -0.2438360155 -0.9468484521 0.9770895243 0.0876433551 0.1939451545 0.0356941596 -0.9658481479 0.2566384375
-482.8 -20.7 2329.9 -0.4690066576 -0.2438360155 -0.8488679528 0.8610491157 0.0876433551 -0.5009122491 0.1965380758 -0.9658481479 0.1688494533
-147.9 252.0 2366.9 0.5871019959 0.7805794477 0.2144922018 -0.0703235641 0.3131422997 -0.9470989704 -0.8064526320 0.5409598947 0.2387396097
-35.8 238.6 2212.9 -0.4233842194 0.7805794477 0.4598276913 0.9015640020 0.3131422997 0.2985368669 0.0890402496 0.5409598947 -0.8363218307
-347.9 -151.1 2435.7 0.9702344537 0.2196979374 -0.1018723026 -0.2275752723 0.9709907174 -0.0733929276 0.0827927813 0.0943919569 0.9920864701
-433.9 -531.4 2398.7 0.9864779115 0.0212165527 -0.1625153422 -0.0790523440 0.9302102923 -0.3584125042 0.1435691714 0.3664132357 0.9193090796
-168.7 -130.7 2448.3 -0.8129963875 -0.0164456498 0.5820364356 -0.0365107656 0.9990738034 -0.0227695387 -0.5811229348 -0.0397621468 -0.8128438592
-162.3 -522.0 2463.9 -0.8276505470 -0.0629108399 0.5577067733 0.0868336484 0.9673791528 0.2379862815 -0.5544857979 0.2453971803 -0.7951890826
-357.0 -251.6 2277.2 0 0 0 0 0 0 0 0 0
-144.2 469.4 2235.7 0 0 0 0 0 0 0 0 0
-439.3 -769.0 2305.1 0 0 0 0 0 0 0 0 0
-146.8 -759.8 2403.6 0 0 0 0 0 0 0 0 0
-233.1 494.9 2311.2 74 0.9676522017 0.2016909122 -0.1515587270 -0.1727660149 0.9675269127 0.1845091581 0.1838509589 -0.1523564905 0.9710748196
-286.3 239.6 2351.4 0.9676522017 0.2016909122 -0.1515587270 -0.1727660149 0.9675269127 0.1845091581 0.1838509589 -0.1523564905 0.9710748196
-274.1 52.4 2406.8 0.9873720407 -0.0632024482 -0.1452650130 0.1012687832 0.9569626451 0.2719690204 0.1218240857 -0.2832454145 0.9512785673
-426.9 225.1 2334.1 0.2521207929 -0.3441307545 -0.9044385552 0.9674021602 0.0666099936 0.2443279773 -0.0238361228 -0.9365559816 0.3497066200
-489.0 -12.9 2339.9 -0.4671240747 -0.3441307545 -0.8144747615 0.8531258106 0.0666099936 -0.5174354911 0.2323176265 -0.9365559816 0.2624717057
-145.7 254.1 2368.7 0.5728425384 0.7915281653 0.2129191905 -0.0791912675 0.3119931817 -0.9467782378 -0.8158310056 0.5254935026 0.2414050847
-35.8 238.9 2212.3 -0.4201341867 0.7915281653 0.4438135028 0.9022464156 0.3119931817 0.2976772189 0.0971531197 0.5254935026 -0.8452324271
-351.1 -149.9 2436.4 0.9690862298 0.2037058324 -0.1391971707 -0.2147863060 0.9741707444 -0.0697010830 0.1214032844 0.0974440053 0.9878086448
-430.9 -531.4 2398.2 0.9795950651 0.0418116264 -0.1965841800 -0.1144948751 0.9199818373 -0.3748657107 0.1651801318 0.3897244930 0.9059968591
-172.1 -132.5 2454.2 -0.7967427373 -0.0215634368 0.6039338112 -0.0360928327 0.9992771745 -0.0119364904 -0.6032398939 -0.0313079916 -0.7969450951
-163.7 -523.9 2466.4 -0.8143325448 -0.0679555014 0.5764065981 0.0998567045 0.9619089961 0.2544793487 -0.5717439651 0.2647888958 -0.7765280008
-363.8 -241.5 2277.7 0 0 0 0 0 0 0 0 0
-143.4 470.0 2237.1 0 0 0 0 0 0 0 0 0
-441.6 -767.5 2298.2 0 0 0 0 0 0 0 0 0
-147.1 -758.1 2402.0 0 0 0 0 0 0 0 0 0
-231.8 492.4 2308.2 75 0.9650067687 0.2055478096 -0.1628253013 -0.1728640050 0.9655679464 0.1944134980 0.1971801519 -0.1594637036 0.9673113823
-285.3 241.2 2349.7 0.9650067687 0.2055478096 -0.1628253013 -0.1728640050 0.9655679464 0.1944134980 0.1971801519 -0.1594637036 0.9673113823
-273.3 53.4 2403.3 0.9855533242 -0.0615120903 -0.1578001678 0.1017879695 0.9597979188 0.2615858912 0.1353655756 -0.2738690078 0.9521932006
-425.7 226.7 2330.4 0.2655974925 -0.3556956053 -0.8960683942 0.9633439779 0.0615053438 0.2611235380 -0.0377674997 -0.9325758815 0.3589928746
-491.0 -10.0 2339.7 -0.4817792177 -0.3556956053 -0.8008554578 0.8429705501 0.0615053438 -0.5344321132 0.2393520474 -0.9325758815 0.2702089250
-144.9 255.8 2369.0 0.5683861971 0.7951236367 0.2114605159 -0.0864192545 0.3132866323 -0.9457183480 -0.8182107806 0.5192589760 0.2467817813
-35.8 239.2 2211.9 -0.4190780222 0.7951236367 0.4383514822 0.9027472734 0.3132866323 0.2947861552 0.0970617831 0.5192589760 -0.8490872383
-351.0 -144.0 2451.1 0.9678263068 0.1983866245 -0.1547738165 -0.2146311849 0.9719347358 -0.0963138863 0.1313226670 0.1264344007 0.9832439423
-428.7 -524.5 2401.6 0.9769441485 0.0546664484 -0.2063775212 -0.1312360913 0.9162318110 -0.3785451055 0.1683959216 0.3969016075 0.9022815228
-172.6 -125.6 2473.1 -0.7897116542 -0.0210150965 0.6131181121 0.0014879586 0.9993445277 0.0361698307 -0.6134763956 0.0294760335 -0.7891627550
-164.4 -516.3 2461.6 -0.7989115119 -0.0715930313 0.5971723795 0.0857319683 0.9691959620 0.2308879793 -0.5953070521 0.2356558293 -0.7681639791
-361.8 -235.9 2275.6 0 0 0 0 0 0 0 0 0
-143.1 470.4 2236.8 0 0 0 0 0 0 0 0 0
-443.4 -770.6 2295.0 0 0 0 0 0 0 0 0 0
-146.4 -760.1 2402.3 0 0 0 0 0 0 0 0 0
-231.0 489.1 2304.3 76 0.9639053941 0.2254491299 -0.1416302323 -0.1921038181 0.9572356343 0.2163240761 0.1843435764 -0.1813082248 0.9659941792
-289.8 239.6 2351.5 0.9639053941 0.2254491299 -0.1416302323 -0.1921038181 0.9572356343 0.2163240761 0.1843435764 -0.1813082248 0.9659941792
-271.5 53.2 2408.2 0.9861052632 -0.0932280496 -0.1374953836 0.1285417825 0.9525101185 0.2760460973 0.1052305177 -0.2898844182 0.9512589574
-430.2 221.3 2336.6 0.2675729692 -0.3437076807 -0.9001498222 0.9632145166 0.0712243915 0.2591232955 -0.0249500480 -0.9363718033 0.3501219749
-493.0 -4.8 2342.4 -0.4695302844 -0.3437076807 -0.8132688999 0.8505018353 0.0712243915 -0.5211274028 0.2370400727 -0.9363718033 0.2588820159
-149.4 257.9 2366.5 0.5929779410 0.7824774981 0.1900162250 -0.1045676023 0.3088133037 -0.9453570247 -0.7984001040 0.5407063365 0.2649412751
-36.2 237.9 2214.2 -0.4148741066 0.7824774981 0.4643366039 0.9060959816 0.3088133037 0.2891788185 0.0828825906 0.5407063365 -0.8371183276
-350.4 -143.7 2444.6 0.9723250270 0.1937454790 -0.1305633038 -0.2086541206 0.9715315700 -0.1122043505 0.1051072925 0.1363416612 0.9850702286
-426.2 -524.2 2391.3 0.9820522070 0.0705261528 -0.1749272048 -0.1292679757 0.9270469546 -0.3519570231 0.1373435557 0.3682526350 0.9195252657
-172.3 -125.3 2469.1 -0.8071025610 -0.0174057279 0.5901546478 -0.0081391530 0.9997983575 0.0183563530 -0.5903551579 0.0100120995 -0.8070815206
-165.5 -516.5 2465.2 -0.8177080154 -0.0730061606 0.5709849000 0.0838493034 0.9662384391 0.2436239570 -0.5694935918 0.2470899373 -0.7839793563
-367.1 -232.7 2278.9 0 0 0 0 0 0 0 0 0
-142.5 470.0 2235.4 0 0 0 0 0 0 0 0 0
-445.0 -770.0 2293.6 0 0 0 0 0 0 0 0 0
-147.2 -757.9 2403.4 0 0 0 0 0 0 0 0 0
-229.6 482.5 2299.8 77 0.9660178423 0.1868339479 -0.1786128879 -0.1384622306 0.9575662017 0.2527750134 0.2182606161 -0.2194540501 0.9508954883
-275.9 245.5 2354.1 0.9660178423 0.1868339479 -0.1786128879 -0.1384622306 0.9575662017 0.2527750134 0.2182606161 -0.2194540501 0.9508954883
-267.9 57.6 2407.4 0.9832206964 -0.0405896716 -0.1778468937 0.0872080103 0.9608947039 0.2628233731 0.1602242291 -0.2739230692 0.9483113289
-415.6 233.2 2331.3 0.2693468034 -0.3306520581 -0.9045007229 0.9628524184 0.0737641305 0.2597576380 -0.0191696938 -0.9408655763 0.3382372856
-484.9 -14.5 2336.3 -0.4653766751 -0.3306520581 -0.8210321069 0.8545599580 0.0737641305 -0.5140876770 0.2305468768 -0.9408655763 0.2482338995
-136.1 257.9 2376.8 0.5236787200 0.8171690106 0.2408222556 -0.1040536314 0.3419203460 -0.9339503646 -0.8455373645 0.4640315175 0.2640857995
-35.9 238.0 2215.0 -0.4189988077 0.8171690106 0.3958216310 0.9052177072 0.3419203460 0.2523318827 0.0708583370 0.4640315175 -0.8829801083
-342.3 -144.8 2455.3 0.9574786425 0.2191056609 -0.1876894981 -0.2446510792 0.9614278674 -0.1257071197 0.1529067755 0.1662803143 0.9741511345
-428.1 -521.1 2390.2 0.9718832374 0.0561245941 -0.2286767215 -0.1295827776 0.9383687973 -0.3204251230 0.1965993792 0.3410483599 0.9192577004
-164.2 -121.6 2474.3 -0.7740299702 0.0037554074 0.6331378222 0.0157773346 0.9997863173 0.0133581087 -0.6329523921 0.0203288030 -0.7739238143
-165.7 -512.9 2466.3 -0.7831835151 -0.0726279691 0.6175344586 0.0992469937 0.9658206105 0.2394590378 -0.6138188839 0.2488287985 -0.7492066622
-360.1 -243.6 2274.5 0 0 0 0 0 0 0 0 0
-143.2 469.8 2233.1 0 0 0 0 0 0 0 0 0
-443.0 -770.6 2299.5 0 0 0 0 0 0 0 0 0
-147.3 -758.2 2403.1 0 0 0 0 0 0 0 0 0
-232.8 488.2 2301.0 78 0.9617018700 0.1876124293 -0.1998276114 -0.1393277198 0.9624294639 0.2330608368 0.2360450923 -0.1962935179 0.9517098069
-280.6 242.9 2351.1 0.9617018700 0.1876124293 -0.1998276114 -0.1393277198 0.9624294639 0.2330608368 0.2360450923 -0.1962935179 0.9517098069
-269.3 55.6 2406.5 0.9786105752 -0.0577063225 -0.1974621564 0.1105143875 0.9570557475 0.2680127919 0.1735162586 -0.2841025591 0.9429622889
-419.8 227.2 2326.4 0.3019876182 -0.4081146717 -0.8615369201 0.9495835304 0.0489268899 0.3096729517 -0.0842297524 -0.9116186500 0.4023142755
-491.6 1.5 2346.4 -0.4526544511 -0.4081146717 -0.7928091288 0.8563292623 0.0489268899 -0.5141073465 0.2486044466 -0.9116186500 0.3273335695
-141.4 258.6 2375.7 0.5459811687 0.8035192490 0.2371949703 -0.1062722281 0.3472529352 -0.9317304492 -0.8310299516 0.4835000038 0.2749853134
-35.1 237.9 2214.0 -0.4240841866 0.8035192490 0.4177432954 0.9039157033 0.3472529352 0.2497034520 0.0555789433 0.4835000038 -0.8735781312
-348.5 -138.1 2446.2 0.9583171606 0.2132826895 -0.1901017725 -0.2312271148 0.9698022008 -0.0775737166 0.1678159982 0.1182969064 0.9786948562
-431.9 -517.3 2400.0 0.9697334170 0.0387016051 -0.2410793155 -0.1215597019 0.9328200221 -0.3392198086 0.2117552608 0.3582583368 0.9092913270
-171.2 -122.4 2475.1 -0.7650597692 -0.0127463723 0.6438331604 0.0069747260 0.9995813966 0.0280773342 -0.6439215541 0.0259713978 -0.7646505833
-166.2 -513.7 2464.9 -0.7759299278 -0.0769278556 0.6261108518 0.0994590372 0.9652031064 0.2418489456 -0.6229290366 0.2499302179 -0.7412788272
-370.3 -228.1 2279.8 0 0 0 0 0 0 0 0 0
-143.7 469.4 2228.2 0 0 0 0 0 0 0 0 0
-442.3 -769.1 2303.3 0 0 0 0 0 0 0 0 0
-146.8 -757.7 2401.8 0 0 0 0 0 0 0 0 0
-235.4 490.5 2306.6 79 0.9682282209 0.2024333626 -0.1468156874 -0.1680742353 0.9615167975 0.2173396051 0.1851625293 -0.1857583970 0.9649915099
-287.7 241.7 2354.7 0.9682282209 0.2024333626 -0.1468156874 -0.1680742353 0.9615167975 0.2173396051 0.1851625293 -0.1857583970 0.9649915099
-271.6 53.0 2403.3 0.9858348370 -0.0831037462 -0.1456827819 0.1161572635 0.9648765326 0.2356285304 0.1209842861 -0.2492129207 0.9608619809
-427.9 225.0 2337.5 0.2694141865 -0.3831959367 -0.8835026026 0.9623358250 0.0724380612 0.2620353699 -0.0364116803 -0.9208222628 0.3882790208
-491.1 -0.8 2346.1 -0.4647424519 -0.3831959367 -0.7982326150 0.8464171886 0.0724380612 -0.5275704861 0.2599852979 -0.9208222628 0.2906785905
-147.6 258.4 2371.9 0.5836747885 0.7824777365 0.2169155926 -0.1074148864 0.3391998708 -0.9345616698 -0.8048514128 0.5221800804 0.2820321620
-35.6 237.8 2217.5 -0.4123901725 0.7824777365 0.4665436447 0.9106237888 0.3391998708 0.2360249460 0.0264327228 0.5221800804 -0.8524255157
-346.3 -141.6 2446.4 0.9679057598 0.2141409069 -0.1315375715 -0.2283347249 0.9679766893 -0.1043283716 0.1049843356 0.1310146302 0.9858059883
-430.1 -520.4 2395.1 0.9829182625 0.0460743420 -0.1781819463 -0.1036234275 0.9386600256 -0.3289065957 0.1520981044 0.3417521417 0.9274004698
-169.7 -121.7 2477.7 -0.8007079959 -0.0095569938 0.5989786386 0.0173434000 0.9990838170 0.0391253307 -0.5988037586 0.0417162888 -0.7998086214
-165.9 -512.9 2461.3 -0.8072309494 -0.0773338377 0.5851475596 0.0788658038 0.9683576822 0.2367774248 -0.5849430561 0.2372822016 -0.7755893469
-366.5 -227.7 2276.4 0 0 0 0 0 0 0 0 0
-141.2 470.8 2224.3 0 0 0 0 0 0 0 0 0
-442.3 -768.1 2304.9 0 0 0 0 0 0 0 0 0
-146.3 -758.9 2401.1 0 0 0 0 0 0 0 0 0
-234.1 496.5 2300.5 80 0.9662515521 0.1859070361 -0.1783158779 -0.1443205923 0.9640613198 0.2230636030 0.2133765370 -0.1898008883 0.9583559036
-284.6 234.7 2352.0 0.9662515521 0.1859070361 -0.1783158779 -0.1443205923 0.9640613198 0.2230636030 0.2133765370 -0.1898008883 0.9583559036
-267.1 44.6 2394.7 0.9797045588 -0.0892725438 -0.1794697046 0.1251784563 0.9717769623 0.1999495924 0.1565545201 -0.2183572650 0.9632293582
-424.0 216.9 2329.7 0.2591768503 -0.3647653461 -0.8943006396 0.9650290012 0.0601021536 0.2551602721 -0.0393242389 -0.9291576743 0.3675862253
-484.9 -10.0 2339.0 -0.4597734213 -0.3647653461 -0.8096632957 0.8561374545 0.0601021536 -0.5132410526 0.2358750552 -0.9291576743 0.2846559286
-145.2 252.5 2374.3 0.5889074206 0.7667734623 0.2554338872 -0.0931419954 0.3783371747 -0.9209699035 -0.8028154373 0.5185744166 0.2942243814
-30.2 234.3 2217.5 -0.4373695254 0.7667734623 0.4698577821 0.8992332220 0.3783371747 0.2196372896 -0.0093526319 0.5185744166 -0.8549813628
-344.5 -146.4 2440.9 0.9639185667 0.2200354934 -0.1498177201 -0.2346300632 0.9681175351 -0.0877337307 0.1257366240 0.1197199151 0.9848133922
-430.6 -525.4 2394.1 0.9788357019 0.0429674275 -0.2000862360 -0.1080664098 0.9388022423 -0.3270656765 0.1737882346 0.3417661786 0.9235764742
-166.7 -125.2 2462.8 -0.7808815837 -0.0058094105 0.6246520281 -0.0127400765 0.9998968840 -0.0066271764 -0.6245491505 -0.0131331552 -0.7808750868
-164.4 -516.2 2467.9 -0.7956842184 -0.0702020526 0.6016297340 0.1070417836 0.9613308311 0.2537422180 -0.5961784124 0.2662981749 -0.7574011683
-361.7 -239.4 2275.7 0 0 0 0 0 0 0 0 0
-142.1 464.3 2215.1 0 0 0 0 0 0 0 0 0
-441.6 -766.4 2306.3 0 0 0 0 0 0 0 0 0
-146.7 -758.0 2400.9 0 0 0 0 0 0 0 0 0
-235.0 499.0 2307.4 81 0.9722669125 0.1825217307 -0.1462289244 -0.1506756395 0.9670464993 0.2052266300 0.1788684875 -0.1775019169 0.9677288532
-284.3 238.1 2355.2 0.9722669125 0.1825217307 -0.1462289244 -0.1506756395 0.9670464993 0.2052266300 0.1788684875 -0.1775019169 0.9677288532
-266.5 46.4 2389.7 0.9847152829 -0.0913964063 -0.1482648551 0.1153158918 0.9800752997 0.1617238522 0.1305297464 -0.1763492376 0.9756346345
-424.4 221.6 2336.7 0.2328148782 -0.2968375981 -0.9261126518 0.9724497795 0.0825877488 0.2179925144 0.0117771849 -0.9513499141 0.3078873158
-481.7 -17.6 2333.8 -0.4534104764 -0.2968375981 -0.8404203653 0.8646005988 0.0825877488 -0.4956259131 0.2165288329 -0.9513499141 0.2191998214
-144.1 254.6 2373.8 0.6039604545 0.7504461408 0.2684442103 -0.1069985628 0.4101071656 -0.9057391286 -0.7897993922 0.5183075070 0.3279851675
-25.0 233.5 2218.1 -0.4639512599 0.7504461408 0.4707226455 0.8853919506 0.4101071656 0.2188451439 -0.0288152304 0.5183075070 -0.8547087312
-338.0 -156.8 2423.2 0.9659372568 0.2364879400 -0.1050652340 -0.2441806346 0.9673791528 -0.0674786642 0.0856800303 0.0908350497 0.9921733141
-430.6 -535.4 2387.6 0.9855678678 0.0427489914 -0.1637942493 -0.0941604003 0.9425294995 -0.3205807507 0.1406764090 0.3313769996 0.9329519868
-161.2 -134.2 2451.4 -0.8001453280 0.0041519878 0.5997917652 -0.0158494748 0.9994804859 -0.0280625969 -0.5995967388 -0.0319605395 -0.7996638417
-162.8 -525.3 2464.0 -0.8139927983 -0.0684121326 0.5768322945 0.0989012122 0.9622181058 0.2536825240 -0.5723934770 0.2635451555 -0.7764725685
-360.2 -249.3 2275.8 0 0 0 0 0 0 0 0 0
-143.7 460.0 2210.7 0 0 0 0 0 0 0 0 0
-441.2 -768.5 2305.6 0 0 0 0 0 0 0 0 0
-146.1 -760.1 2399.6 0 0 0 0 0 0 0 0 0
-234.0 495.5 2314.8 82 0.9718896747 0.1980314851 -0.1273343414 -0.1722880304 0.9668216705 0.1886072606 0.1604597718 -0.1613672525 0.9737624526
-285.9 241.9 2357.1 0.9718896747 0.1980314851 -0.1273343414 -0.1722880304 0.9668216705 0.1886072606 0.1604597718 -0.1613672525 0.9737624526
-269.2 50.2 2393.0 0.9880025983 -0.0859449580 -0.1283134967 0.1074735299 0.9792857766 0.1716067046 0.1109068468 -0.1833381802 0.9767736793
-426.6 226.5 2341.4 0.2465977520 -0.3194225132 -0.9149638414 0.9690389037 0.0933263525 0.2285907716 0.0123731922 -0.9430055618 0.3325469196
-487.5 -12.7 2338.3 -0.4563001394 -0.3194225132 -0.8305175900 0.8570227623 0.0933263525 -0.5067564845 0.2393786013 -0.9430055618 0.2311675549
-145.2 257.2 2372.9 0.6175188422 0.7367464900 0.2754543424 -0.1192099303 0.4338215590 -0.8930777311 -0.7774699330 0.5186554193 0.3557204902
-22.6 233.5 2218.5 -0.4812029600 0.7367464900 0.4750245810 0.8752634525 0.4338215590 0.2138054371 -0.0485554896 0.5186554193 -0.8536034822
-337.6 -155.7 2412.4 0.9668468833 0.2421531677 -0.0810488984 -0.2455513626 0.9687576890 -0.0348286144 0.0700828880 0.0535756089 0.9961014390
-432.4 -534.8 2391.4 0.9879322052 0.0306918658 -0.1518155038 -0.0802255422 0.9398401976 -0.3320606053 0.1324907541 0.3402328491 0.9309607148
-159.8 -134.8 2435.9 -0.8116847873 0.0037280214 0.5840837955 -0.0410008691 0.9971492887 -0.0633422360 -0.5826548934 -0.0753618777 -0.8092180490
-161.3 -524.8 2465.4 -0.8290585876 -0.0594414771 0.5559933186 0.0996096730 0.9627291560 0.2514567971 -0.5502179861 0.2638547122 -0.7922378778
-365.2 -242.4 2274.1 0 0 0 0 0 0 0 0 0
-145.7 457.5 2206.1 0 0 0 0 0 0 0 0 0
-440.0 -769.7 2306.3 0 0 0 0 0 0 0 0 0
-146.6 -761.8 2400.4 0 0 0 0 0 0 0 0 0
-237.1 498.2 2313.6 83 0.9753511548 0.1860052049 -0.1187105626 -0.1611650586 0.9679673910 0.1925225109 0.1507181376 -0.1686450541 0.9740856886
-285.9 243.9 2357.9 0.9753511548 0.1860052049 -0.1187105626 -0.1611650586 0.9679673910 0.1925225109 0.1507181376 -0.1686450541 0.9740856886
-267.1 52.6 2395.3 0.9882059693 -0.0959990248 -0.1193029135 0.1165868938 0.9767839909 0.1797236502 0.0992798731 -0.1915131360 0.9764559269
-426.7 227.2 2343.7 0.2661294341 -0.3205278814 -0.9090858102 0.9638676047 0.0998258740 0.2469696105 0.0115896417 -0.9419642687 0.3355130255
-491.2 -6.4 2340.9 -0.4677380025 -0.3205278814 -0.8237008452 0.8480584621 0.0998258740 -0.5204148889 0.2490341216 -0.9419642687 0.2251340151
-145.2 260.5 2372.0 0.6206966043 0.7096655965 0.3333323896 -0.1185984388 0.5052307248 -0.8547960520 -0.7750291228 0.4910362959 0.3977602124
-23.5 237.2 2220.0 -0.5240208507 0.7096655965 0.4709319472 0.8443815112 0.5052307248 0.1782182157 -0.1114539579 0.4910362959 -0.8639799356
-341.6 -151.2 2418.9 0.9696324468 0.2335266173 -0.0726511776 -0.2365792990 0.9709227681 -0.0365948491 0.0619928092 0.0526713170 0.9966858029
-433.0 -531.3 2398.3 0.9888334870 0.0245922860 -0.1469814330 -0.0767887235 0.9293568134 -0.3611085713 0.1277177185 0.3683627546 0.9208675623
-163.1 -131.7 2438.9 -0.8175793886 -0.0085651036 0.5757521391 -0.0397973359 0.9983388782 -0.0416613407 -0.5744389296 -0.0569748543 -0.8165621758
-159.8 -522.4 2461.2 -0.8320886493 -0.0511935353 0.5522750020 0.0917833000 0.9692935944 0.2281352878 -0.5469956398 0.2405184060 -0.8018395305
-365.8 -233.7 2274.2 0 0 0 0 0 0 0 0 0
-158.4 454.7 2191.3 0 0 0 0 0 0 0 0 0
-439.3 -769.4 2303.9 0 0 0 0 0 0 0 0 0
-147.1 -762.6 2401.6 0 0 0 0 0 0 0 0 0
-235.8 499.4 2313.4 84 0.9733415246 0.1867176294 -0.1332019866 -0.1597288102 0.9685937762 0.1905590892 0.1645993590 -0.1642028838 0.9725967646
-284.8 244.9 2356.6 0.9733415246 0.1867176294 -0.1332019866 -0.1597288102 0.9685937762 0.1905590892 0.1645993590 -0.1642028838 0.9725967646
-268.7 54.1 2397.4 0.9877046347 -0.0824008957 -0.1328517646 0.1078031212 0.9744418859 0.1970825344 0.1132165343 -0.2089811713 0.9713438749
-425.6 229.5 2340.4 0.2687166333 -0.3402677774 -0.9011155367 0.9632050991 0.0898506492 0.2533037663 -0.0052252938 -0.9360260367 0.3518920243
-490.8 -4.3 2341.7 -0.4658539295 -0.3402677774 -0.8168218732 0.8485735059 0.0898506492 -0.5213922262 0.2508049607 -0.9360260367 0.2468849421
-144.1 260.3 2372.7 0.6356464028 0.7094082236 0.3044562936 -0.1662118584 0.5108993053 -0.8434189558 -0.7538748384 0.4855119586 0.4426633716
-17.8 227.3 2222.9 -0.5257214308 0.7094082236 0.4694219232 0.8423932791 0.5108993053 0.1713342518 -0.1182814091 0.4855119586 -0.8661914468
-337.6 -149.1 2423.8 0.9653955102 0.2431472540 -0.0942917764 -0.2477917522 0.9679464698 -0.0409739651 0.0813066810 0.0629208013 0.9947010875
-432.9 -528.1 2399.2 0.9853468537 0.0250835586 -0.1687080115 -0.0845880806 0.9307829142 -0.3556514680 0.1481095403 0.3647107482 0.9192658067
-159.1 -128.1 2441.8 -0.8086221218 0.0084290756 0.5882679820 -0.0213725548 0.9988164902 -0.0436899886 -0.5879399776 -0.0479014814 -0.8074849844
-162.4 -519.1 2460.5 -0.8202764392 -0.0608267039 0.5687237382 0.0857557058 0.9700106382 0.2274319232 -0.5655020475 0.2353283465 -0.7904606462
-365.9 -231.8 2274.4 0 0 0 0 0 0 0 0 0
-154.1 445.6 2192.2 0 0 0 0 0 0 0 0 0
-439.4 -770.6 2304.2 0 0 0 0 0 0 0 0 0
-147.3 -759.9 2402.1 0 0 0 0 0 0 0 0 0
-237.2 504.5 2327.8 85 0.9772908688 0.1694677621 -0.1272133887 -0.1506715864 0.9778675437 0.1451659948 0.1489987969 -0.1227019578 0.9811949730
-282.1 245.2 2360.4 0.9772908688 0.1694677621 -0.1272133887 -0.1506715864 0.9778675437 0.1451659948 0.1489987969 -0.1227019578 0.9811949730
-266.4 54.1 2399.9 0.9888742566 -0.0804317892 -0.1251336783 0.1035421193 0.9761512280 0.1908083260 0.1068023294 -0.2016420513 0.9736188650
-423.0 230.4 2345.2 0.3026441634 -0.3473324776 -0.8875622153 0.9530644417 0.1018406451 0.2851257324 -0.0086435201 -0.9321956038 0.3618516922
-496.0 0.5 2347.2 -0.4818808436 -0.3473324776 -0.8044569492 0.8334081173 0.1018406451 -0.5431936979 0.2705952227 -0.9321956038 0.2403946370
-141.2 260.0 2375.6 0.6432843804 0.7132846117 0.2782270312 -0.2264872789 0.5244193673 -0.8207848668 -0.7313608527 0.4649831951 0.4989006817
-15.6 215.8 2232.8 -0.5048299432 0.7132846117 0.4861808419 0.8446286321 0.5244193673 0.1076420769 -0.1781832278 0.4649831951 -0.8672031760
-341.9 -146.4 2428.1 0.9685215950 0.2322540283 -0.0895768330 -0.2377883047 0.9696479440 -0.0569172427 0.0736387298 0.0764259025 0.9943522811
-432.8 -526.1 2398.2 0.9874051809 0.0271354783 -0.1558676362 -0.0806974620 0.9337738752 -0.3486464024 0.1360844374 0.3568333983 0.9242028594
-163.4 -126.9 2448.6 -0.8129929900 0.0007869172 0.5822728872 -0.0268620476 0.9988837242 -0.0388558283 -0.5816534758 -0.0472305603 -0.8120643497
-163.7 -518.0 2467.1 -0.8270496130 -0.0620822534 0.5586901307 0.0933621004 0.9649083614 0.2454290241 -0.5543215871 0.2551424801 -0.7922309637
-366.9 -222.9 2274.7 0 0 0 0 0 0 0 0 0
-146.6 435.0 2186.6 0 0 0 0 0 0 0 0 0
-439.9 -771.1 2304.5 0 0 0 0 0 0 0 0 0
-148.3 -757.8 2403.7 0 0 0 0 0 0 0 0 0
-237.5 501.3 2340.1 86 0.9722722769 0.1644634753 -0.1662480831 -0.1505960673 0.9842188954 0.0929193944 0.1789063513 -0.0653066412 0.9816962481
-280.8 242.3 2357.2 0.9722722769 0.1644634753 -0.1662480831 -0.1505960673 0.9842188954 0.0929193944 0.1789063513 -0.0653066412 0.9816962481
-268.5 51.3 2398.5 0.9849968553 -0.0627862588 -0.1607453972 0.0946473107 0.9754236937 0.1989736706 0.1443020552 -0.2112025619 0.9667317867
-421.0 228.8 2336.7 0.3105081618 -0.3972145021 -0.8636001945 0.9492053390 0.0808883458 0.3040827811 -0.0509309024 -0.9141541123 0.4021545947
-495.5 1.3 2348.9 -0.4863595068 -0.3972145021 -0.7782512903 0.8261669874 0.0808883458 -0.5575887561 0.2844338119 -0.9141541123 0.2888246775
-140.5 255.8 2377.8 0.6439352632 0.7095835805 0.2860743403 -0.2279534936 0.5348739624 -0.8136013150 -0.7303318381 0.4586949348 0.5061762333
-15.0 211.4 2235.4 -0.4964765608 0.7095835805 0.5000022054 0.8414652348 0.5348739624 0.0764597058 -0.2131835967 0.4586949348 -0.8626422882
-340.0 -146.4 2429.7 0.9623911977 0.2386347502 -0.1298331767 -0.2472148240 0.9674365520 -0.0543265827 0.1126411483 0.0843801126 0.9900464416
-433.5 -525.3 2396.6 0.9806319475 0.0270124488 -0.1939879954 -0.0921145752 0.9376758933 -0.3350803852 0.1728465110 0.3464596570 0.9220031500
-161.3 -127.7 2449.0 -0.7901553512 0.0033709814 0.6128973961 -0.0254307035 0.9989433885 -0.0382798612 -0.6123788357 -0.0458334461 -0.7892347574
-162.6 -519.0 2466.9 -0.8058176637 -0.0585013554 0.5892669559 0.1079308540 0.9639294744 0.2432917207 -0.5822446942 0.2596488297 -0.7704373002
-365.1 -220.2 2272.6 0 0 0 0 0 0 0 0 0
-144.1 430.2 2179.9 0 0 0 0 0 0 0 0 0
-440.6 -771.0 2305.9 0 0 0 0 0 0 0 0 0
-148.1 -758.4 2402.4 0 0 0 0 0 0 0 0 0
-235.1 500.9 2350.2 87 0.9699487686 0.1708025038 -0.1732798368 -0.1612285227 0.9845713377 0.0680046976 0.1822217405 -0.0380234234 0.9825220108
-278.1 253.1 2359.7 0.9699487686 0.1708025038 -0.1732798368 -0.1612285227 0.9845713377 0.0680046976 0.1822217405 -0.0380234234 0.9825220108
-266.8 61.8 2400.2 0.9844087958 -0.0581600927 -0.1660023034 0.0905381963 0.9766722322 0.1947156340 0.1508051604 -0.2067093253 0.9667104483
-418.4 240.1 2338.3 0.3198026419 -0.3884828091 -0.8641802073 0.9464102983 0.0875625685 0.3108702898 -0.0450979248 -0.9172861576 0.3956668675
-498.5 3.1 2349.5 -0.4959262908 -0.3884828091 -0.7766197324 0.8191359043 0.0875625685 -0.5668766499 0.2882246375 -0.9172861576 0.2747956216
-137.9 266.0 2381.2 0.6189445853 0.7055241466 0.3451714218 -0.1955894679 0.5640702248 -0.8022278547 -0.7606920600 0.4290226698 0.4871212840
-19.5 228.6 2235.8 -0.5123116970 0.7055241466 0.4896656275 0.8242342472 0.5640702248 0.0496250615 -0.2411941141 0.4290226698 -0.8704969287
-345.2 -148.3 2426.8 0.9655284882 0.2208965123 -0.1376933903 -0.2314072400 0.9706504345 -0.0654859692 0.1191865355 0.0950918198 0.9883077145
-431.7 -528.4 2389.5 0.9812409282 0.0341860019 -0.1897303164 -0.0933011174 0.9454296231 -0.3121821284 0.1687044054 0.3240279257 0.9308838248
-167.3 -131.1 2452.9 -0.7864249945 -0.0135891652 0.6175363064 -0.0304299090 0.9993963838 -0.0167599488 -0.6169357896 -0.0319720171 -0.7863637805
-162.0 -522.5 2465.4 -0.8026621342 -0.0564597882 0.5937556624 0.1082172990 0.9651997089 0.2380725145 -0.5865343213 0.2553464174 -0.7686193585
-365.5 -216.5 2272.3 0 0 0 0 0 0 0 0 0
-154.3 445.4 2172.3 0 0 0 0 0 0 0 0 0
-440.5 -771.7 2306.2 0 0 0 0 0 0 0 0 0
-148.2 -758.9 2402.8 0 0 0 0 0 0 0 0 0
-234.9 501.2 2350.7 88 0.9673408866 0.1507508606 -0.2037787586 -0.1409946829 0.9880882502 0.0616611652 0.2106468678 -0.0309156440 0.9770732522
-273.4 248.9 2358.6 0.9673408866 0.1507508606 -0.2037787586 -0.1409946829 0.9880882502 0.0616611652 0.2106468678 -0.0309156440 0.9770732522
-266.3 57.5 2399.5 0.9799761176 -0.0360896848 -0.1958170235 0.0755793452 0.9772577286 0.1981290132 0.1842132807 -0.2089614272 0.9604168534
-412.9 238.1 2332.4 0.3463983536 -0.4127471745 -0.8424060345 0.9347993135 0.0767543167 0.3467838466 -0.0784757510 -0.9076059461 0.4124233425
-497.4 10.1 2351.5 -0.4830689430 -0.4127471745 -0.7721943855 0.8263158798 0.0767543167 -0.5579523444 0.2895625234 -0.9076059461 0.3039819300
-133.8 259.7 2384.9 0.5966171622 0.6854139566 0.4174394608 -0.1256794930 0.5935374498 -0.7949327230 -0.7926238775 0.4218069315 0.4402571023
-23.4 236.4 2238.1 -0.5329506397 0.6854139566 0.4961565733 0.8036409020 0.5935374498 0.0432970636 -0.2648110986 0.4218069315 -0.8671528101
-344.3 -137.7 2427.0 0.9608555436 0.2211515754 -0.1668788344 -0.2306252122 0.9722422957 -0.0394573584 0.1535206139 0.0763992891 0.9851875901
-430.9 -518.4 2397.1 0.9738166928 0.0367634594 -0.2243423164 -0.1097971424 0.9401676059 -0.3225360215 0.1990618408 0.3387231231 0.9195874333
-166.4 -121.3 2454.3 -0.7652767897 -0.0084251333 0.6436461806 -0.0397292264 0.9986262321 -0.0341651961 -0.6424741149 -0.0517173968 -0.7645602226
-163.2 -512.3 2474.5 -0.7875279188 -0.0597792752 0.6133728027 0.1280539483 0.9576888084 0.2577486336 -0.6028282642 0.2815290391 -0.7465516925
-367.9 -211.5 2273.9 0 0 0 0 0 0 0 0 0
-166.2 451.7 2167.1 0 0 0 0 0 0 0 0 0
-440.7 -768.7 2306.9 0 0 0 0 0 0 0 0 0
-147.8 -758.2 2402.2 0 0 0 0 0 0 0 0 0
-238.4 508.7 2360.0 89 0.9838893414 0.1070079654 -0.1432168037 -0.0981875584 0.9928883910 0.0673194230 0.1494020075 -0.0521727540 0.9873991609
-262.7 282.9 2371.9 0.9838893414 0.1070079654 -0.1432168037 -0.0981875584 0.9928883910 0.0673194230 0.1494020075 -0.0521727540 0.9873991609
-263.9 89.7 2399.7 0.9902707338 0.0038777802 -0.1391002536 0.0159194861 0.9898917675 0.1409284472 0.1382406950 -0.1417717189 0.9801990986
-403.4 280.5 2352.5 0.3388302922 -0.3543760478 -0.8715569973 0.9408459067 0.1259071529 0.3145733476 -0.0017419914 -0.9265878201 0.3760744035
-499.8 12.8 2353.0 -0.4843656719 -0.3543760478 -0.7998796701 0.8228873014 0.1259071529 -0.5540793538 0.2970630229 -0.9265878201 0.2306264341
-122.0 285.4 2391.3 0.5436473489 0.7316321135 0.4112930596 -0.2639895678 0.6142199636 -0.7436688542 -0.7967164516 0.2957165241 0.5270622969
-22.2 237.0 2245.0 -0.5358362794 0.7316321135 0.4214188755 0.7863243818 0.6142199636 -0.0665416270 -0.3075278699 0.2957165241 -0.9044215679
-349.4 -128.0 2421.4 0.9734570980 0.1988275349 -0.1133527532 -0.2071486562 0.9760141969 -0.0669751838 0.0973173827 0.0886783376 0.9912948608
-429.6 -521.7 2385.6 0.9867326617 0.0423762463 -0.1567254215 -0.0874953493 0.9519558549 -0.2934699655 0.1367595345 0.3032891452 0.9430336952
-171.5 -119.9 2452.3 -0.7971512675 -0.0176622048 0.6035212278 -0.0372099578 0.9991091490 -0.0199089814 -0.6026319265 -0.0383274704 -0.7970983386
-164.5 -518.3 2467.5 -0.8141725659 -0.0691054687 0.5764958858 0.0950425416 0.9636374712 0.2497392595 -0.5727913976 0.2581224740 -0.7779992223
-370.0 -207.9 2273.3 0 0 0 0 0 0 0 0 0
-168.5 451.6 2161.0 0 0 0 0 0 0 0 0 0
-440.7 -770.2 2306.4 0 0 0 0 0 0 0 0 0
-147.1 -760.9 2402.5 0 0 0 0 0 0 0 0 0
-241.4 515.4 2363.1 90 0.9857757092 0.0823587701 -0.1465035677 -0.0711528882 0.9942393303 0.0801587328 0.1522613913 -0.0685943812 0.9859570265
-259.0 303.5 2377.8 0.9857757092 0.0823587701 -0.1465035677 -0.0711528882 0.9942393303 0.0801587328 0.1522613913 -0.0685943812 0.9859570265
-264.7 109.4 2399.4 0.9890825748 0.0280761793 -0.1446631253 -0.0116323186 0.9934943914 0.1132852882 0.1469026208 -0.1103657335 0.9829745889
-399.7 305.1 2357.0 0.4011172950 -0.4256050885 -0.8111505508 0.9138962626 0.1255754530 0.3860368729 -0.0624386631 -0.8961535096 0.4393293858
-509.7 54.4 2374.2 -0.4475156367 -0.4256050885 -0.7865049839 0.8315355778 0.1255754530 -0.5410909653 0.3290567994 -0.8961535096 0.2977087796
-118.3 301.9 2398.5 0.5106780529 0.7649773359 0.3924507201 -0.3743191361 0.6087483764 -0.6995073557 -0.7740110755 0.2103212625 0.5972201228
-20.6 230.3 2250.4 -0.5283836126 0.7649773359 0.3682667613 0.7799031138 0.6087483764 -0.1455214471 -0.3355024159 0.2103212625 -0.9182609320
-355.1 -98.7 2414.2 0.9760892987 0.1900152415 -0.1055647060 -0.1919783652 0.9813609123 -0.0086630061 0.1019509733 0.0287220068 0.9943746924
-430.5 -488.1 2402.8 0.9865691066 0.0339212567 -0.1597834975 -0.0836278349 0.9451671839 -0.3156982958 0.1403132230 0.3248205483 0.9353094697
-176.1 -98.4 2437.5 -0.7916809916 -0.0237717535 0.6104720831 -0.0699733123 0.9961951375 -0.0519519821 -0.6069142818 -0.0838461518 -0.7903321385
-166.7 -491.7 2470.7 -0.8131167293 -0.0707963109 0.5777794123 0.0841809884 0.9678409100 0.2370602489 -0.5759815574 0.2413956970 -0.7810079455
-389.9 -168.3 2286.0 0 0 0 0 0 0 0 0 0
-168.6 448.8 2156.4 0 0 0 0 0 0 0 0 0
-440.5 -766.9 2306.9 0 0 0 0 0 0 0 0 0
-147.1 -760.2 2403.7 0 0 0 0 0 0 0 0 0
-242.5 516.6 2366.7 91 0.9835230112 0.0695477650 -0.1668700129 -0.0562400743 0.9949450493 0.0831952915 0.1718125343 -0.0724397078 0.9824627042
-256.9 310.8 2381.7 0.9835230112 0.0695477650 -0.1668700129 -0.0562400743 0.9949450493 0.0831952915 0.1718125343 -0.0724397078 0.9824627042
-264.8 116.2 2399.5 0.9852740169 0.0404878296 -0.1661201119 -0.0245741941 0.9950046539 0.0967568830 0.1692077518 -0.0912497714 0.9813471437
-397.1 314.3 2357.7 0.4410089850 -0.5055001378 -0.7416068316 0.8912283778 0.1491184533 0.4283405840 -0.1059389561 -0.8498431444 0.5162786245
-514.3 77.4 2385.9 -0.3919610083 -0.5055001378 -0.7686586976 0.8377689123 0.1491184533 -0.5252684355 0.3801444471 -0.8498431444 0.3650436699
-116.6 307.3 2405.7 0.4821758270 0.7887415886 0.3813045323 -0.4346369803 0.5932708383 -0.6775842309 -0.7606557608 0.1609856933 0.6288771033
-20.2 220.4 2253.5 -0.5157928467 0.7887415886 0.3344315290 0.7811797857 0.5932708383 -0.1943909377 -0.3517327011 0.1609856933 -0.9221538305
-360.0 -80.6 2407.3 0.9788444042 0.1613515913 -0.1258147061 -0.1640212685 0.9863944650 -0.0110875769 0.1223139241 0.0314892977 0.9919918180
-423.6 -469.3 2394.9 0.9849666357 0.0526170433 -0.1645363867 -0.0971378982 0.9563307166 -0.2756733298 0.1428460926 0.2875117362 0.9470649362
-181.3 -83.9 2433.0 -0.7774803638 -0.0318262801 0.6281014085 -0.0814168677 0.9954079390 -0.0503420010 -0.6236149073 -0.0902779624 -0.7765012980
-168.8 -475.4 2468.5 -0.7996512651 -0.0732364878 0.5959817767 0.0758548826 0.9722619653 0.2212525755 -0.5956541896 0.2221330255 -0.7719151378
-409.6 -146.5 2284.3 0 0 0 0 0 0 0 0 0
-167.2 443.1 2153.2 0 0 0 0 0 0 0 0 0
-440.0 -767.7 2305.2 0 0 0 0 0 0 0 0 0
-147.4 -758.7 2403.8 0 0 0 0 0 0 0 0 0
-242.6 519.9 2366.5 92 0.9823701382 0.0657475740 -0.1750032306 -0.0503510423 0.9945759773 0.0910131559 0.1800379157 -0.0805970132 0.9803522229
-256.0 317.7 2382.9 0.9823701382 0.0657475740 -0.1750032306 -0.0503510423 0.9945759773 0.0910131559 0.1800379157 -0.0805970132 0.9803522229
-265.9 123.0 2399.5 0.9832817912 0.0506232828 -0.1749118865 -0.0347638540 0.9950986505 0.0925751477 0.1787410378 -0.0849468485 0.9802222848
-396.0 322.7 2357.5 0.4719221890 -0.5767901540 -0.6667852402 0.8670179248 0.1664507836 0.4696531594 -0.1599044055 -0.7997545004 0.5786392093
-517.0 100.4 2398.5 -0.3462952375 -0.5767901540 -0.7398599386 0.8368777037 0.1664507836 -0.5214688778 0.4239284098 -0.7997545004 0.4250617325
-115.9 312.8 2408.3 0.4739239514 0.7998186946 0.3683559299 -0.4899554849 0.5870985389 -0.6444059014 -0.7316691279 0.1249213666 0.6701156497
-18.9 212.4 2258.4 -0.4983150661 0.7998186946 0.3346223533 0.7654846311 0.5870985389 -0.2633412182 -0.4070815146 0.1249213666 -0.9048089981
-362.0 -74.6 2401.9 0.9796646237 0.1476020217 -0.1359077096 -0.1512535810 0.9883507490 -0.0168879833 0.1318317801 0.0371010862 0.9905775785
-420.0 -462.9 2387.3 0.9839545488 0.0650871992 -0.1661238074 -0.1048164964 0.9643467665 -0.2429997176 0.1443847865 0.2565131783 0.9556955695
-183.9 -79.7 2432.0 -0.7715256214 -0.0418788791 0.6348183751 -0.0852879360 0.9956324697 -0.0379728377 -0.6304555535 -0.0834393650 -0.7717277408
-167.5 -470.5 2464.8 -0.7927561998 -0.0641792938 0.6061506271 0.0757183358 0.9763699770 0.2024066448 -0.6048175693 0.2063558400 -0.7691637874
-424.5 -123.2 2285.2 0 0 0 0 0 0 0 0 0
-161.4 431.4 2142.0 0 0 0 0 0 0 0 0 0
-440.4 -765.7 2306.8 0 0 0 0 0 0 0 0 0
-148.7 -757.0 2404.2 0 0 0 0 0 0 0 0 0
-243.1 517.2 2366.4 93 0.9793908000 0.0633113384 -0.1917949170 -0.0456650555 0.9944224954 0.0950717852 0.1967442930 -0.0843541101 0.9768193364
-255.8 317.5 2383.3 0.9793908000 0.0633113384 -0.1917949170 -0.0456650555 0.9944224954 0.0950717852 0.1967442930 -0.0843541101 0.9768193364
-266.6 122.7 2399.3 0.9798557162 0.0548011363 -0.1920406073 -0.0378339961 0.9951380491 0.0909330472 0.1960901618 -0.0818356052 0.9771651030
-395.4 322.9 2355.4 0.4953522980 -0.6107581258 -0.6177383065 0.8467305303 0.1805786639 0.5004385114 -0.1940965354 -0.7709512711 0.6065976620
-519.2 111.3 2403.9 -0.3175893128 -0.6107581258 -0.7253354788 0.8360330462 0.1805786639 -0.5181120634 0.4474212527 -0.7709512711 0.4532641470
-116.3 312.1 2411.2 0.4662550390 0.8028188348 0.3716021776 -0.5103682876 0.5872106552 -0.6282578111 -0.7225859761 0.1032744199 0.6835231781
-19.3 206.0 2260.9 -0.4928470850 0.8028188348 0.3355349600 0.7510704398 0.5872106552 -0.3017893434 -0.4393118620 0.1032744199 -0.8923785686
-364.7 -67.8 2399.9 0.9785287380 0.1380203664 -0.1530746222 -0.1420399100 0.9897381663 -0.0155878793 0.1493523568 0.0369958952 0.9880917072
-418.9 -456.1 2385.3 0.9812182784 0.0692151859 -0.1800554544 -0.1114766300 0.9652270675 -0.2364523560 0.1574282944 0.2520833313 0.9548143148
-187.0 -74.5 2431.9 -0.7601485252 -0.0543555804 0.6474717259 -0.0880268291 0.9959225655 -0.0197375696 -0.6437588334 -0.0719983652 -0.7618338466
-165.7 -464.9 2460.2 -0.7797746062 -0.0555224270 0.6235934496 0.0736543685 0.9810066223 0.1794465333 -0.6217126250 0.1858582348 -0.7608746290
-434.3 -112.4 2284.3 0 0 0 0 0 0 0 0 0
-159.9 420.2 2135.6 0 0 0 0 0 0 0 0 0
-440.9 -762.4 2305.4 0 0 0 0 0 0 0 0 0
-149.3 -755.7 2405.1 0 0 0 0 0 0 0 0 0
-244.4 517.0 2366.8 94 0.9784471393 0.0583490282 -0.1980823278 -0.0403551310 0.9947828054 0.0936946198 0.2025158852 -0.0836815983 0.9756970406
-256.1 317.9 2383.6 0.9784471393 0.0583490282 -0.1980823278 -0.0403551310 0.9947828054 0.0936946198 0.2025158852 -0.0836815983 0.9756970406
-266.5 123.0 2398.9 0.9786713123 0.0531749576 -0.1984311789 -0.0363547131 0.9955036640 0.0874688625 0.2021901160 -0.0783893541 0.9762039781
-395.5 323.1 2354.8 0.5063145757 -0.6018663049 -0.6175779104 0.8419160843 0.1900294721 0.5050407648 -0.1866090000 -0.7756582499 0.6029356122
-522.0 112.8 2401.4 -0.3028526306 -0.6018663049 -0.7389433384 0.8444118500 0.1900294721 -0.5008566976 0.4418697655 -0.7756582499 0.4506721199
-116.6 312.7 2412.4 0.4716672301 0.8002415895 0.3703287244 -0.5460274816 0.5948367715 -0.5899348855 -0.6923756003 0.0760432854 0.7175189257
-17.7 198.3 2267.2 -0.4920250773 0.8002415895 0.3428187370 0.7237758636 0.5948367715 -0.3497395515 -0.4837973118 0.0760432854 -0.8718701601
-365.9 -68.3 2397.6 0.9783748388 0.1315351278 -0.1596282870 -0.1366406530 0.9903897047 -0.0213918053 0.1552804261 0.0427409150 0.9869453907
-417.5 -456.5 2380.8 0.9804540873 0.0732997879 -0.1825841665 -0.1130321175 0.9694297910 -0.2177834213 0.1610390544 0.2341645211 0.9587665796
-188.8 -75.3 2432.9 -0.7560114861 -0.0578455329 0.6519973278 -0.0849508271 0.9963338971 -0.0101079224 -0.6490223408 -0.0630294159 -0.7581539154
-166.1 -465.8 2457.6 -0.7741313577 -0.0579504408 0.6303668618 0.0669679567 0.9827157855 0.1725833267 -0.6294727325 0.1758165509 -0.7568702698
-440.9 -113.3 2283.1 0 0 0 0 0 0 0 0 0
-157.3 403.6 2130.0 0 0 0 0 0 0 0 0 0
-440.6 -762.2 2307.0 0 0 0 0 0 0 0 0 0
-149.1 -754.9 2405.9 0 0 0 0 0 0 0 0 0
-243.6 513.2 2359.6 95 0.9709841013 0.0607236475 -0.2313060313 -0.0348179303 0.9928153157 0.1144791171 0.2365957499 -0.1031038091 0.9661221504
-255.8 315.2 2380.1 0.9709841013 0.0607236475 -0.2313060313 -0.0348179303 0.9928153157 0.1144791171 0.2365957499 -0.1031038091 0.9661221504
-266.9 120.5 2398.6 0.9711050987 0.0564708821 -0.2318747193 -0.0327666178 0.9939493537 0.1048383638 0.2363920361 -0.0942113176 0.9670796394
-394.1 319.8 2346.5 0.4985157251 -0.6366482973 -0.5883545280 0.8398262858 0.1864544451 0.5098298788 -0.2148810327 -0.7482737899 0.6276244521
-519.2 109.0 2400.4 -0.2869721949 -0.6366482973 -0.7157694697 0.8433563113 0.1864544451 -0.5039691329 0.4543094933 -0.7482737899 0.4834141135
