-161.2 432.7 2407.9 01 0.9770815969 -0.0063273432 -0.2127709091 0.0596148856 0.9676923156 0.2449850291 0.2043466717 -0.2520546913 0.9458915591
-159.9 233.7 2459.8 0.9770815969 -0.0063273432 -0.2127709091 0.0596148856 0.9676923156 0.2449850291 0.2043466717 -0.2520546913 0.9458915591
-162.2 43.2 2496.4 0.9769842029 0.0124061881 -0.2129506469 0.0283661727 0.9818849564 0.1873427182 0.2114172429 -0.1890714616 0.9589341879
-293.3 229.9 2430.9 0.5390363336 -0.7769825459 -0.3251737654 0.4917384684 0.6037392616 -0.6274489760 0.6838370562 0.1783173531 0.7075095773
-401.9 130.8 2293.1 -0.6072108150 -0.7769825459 -0.1661119163 -0.7934937477 0.6037392616 0.0765938014 0.0407762341 0.1783173531 -0.9831277728
-26.6 237.4 2488.6 0.2035440654 0.7492087483 0.6302825212 -0.9787114859 0.1383845657 0.1515701115 0.0263362825 -0.6477159262 0.7614266276
28.8 -28.8 2495.7 -0.1861322522 0.7362940907 0.6505581141 -0.9394323230 0.0605737530 -0.3373392224 -0.2877876163 -0.6739450097 0.6804237366
-252.9 -149.4 2515.1 0.9978906512 -0.0309779886 0.0570491962 0.0316137522 0.9994473457 -0.0102753164 -0.0566993579 0.0120571814 0.9983184934
-240.9 -537.1 2510.4 0.9982570410 -0.0106898025 0.0580395795 0.0132105704 0.9989780784 -0.0432233885 -0.0575182177 0.0439147875 0.9973781109
-78.0 -147.0 2552.2 0.9035027623 0.0863410532 -0.4197950959 -0.1109180003 0.9932326078 -0.0344405398 0.4139805734 0.0776799545 0.9069651961
-111.5 -532.4 2522.0 0.9005510807 -0.0999859124 -0.4230963886 0.0743178502 0.9942742586 -0.0767825022 0.4283510149 0.0377029516 0.9028254747
-274.9 296.7 2284.6 0 0 0 0 0 0 0 0 0
-22.3 -286.7 2416.7 0 0 0 0 0 0 0 0 0
-237.6 -847.8 2496.7 0 0 0 0 0 0 0 0 0
-80.2 -843.2 2510.3 0 0 0 0 0 0 0 0 0
-158.3 432.0 2410.9 02 0.9724241495 -0.0119752362 -0.2329116315 0.0777852982 0.9581499696 0.2754960358 0.2198651433 -0.2860161066 0.9326596856
-155.7 224.9 2472.8 0.9724241495 -0.0119752362 -0.2329116315 0.0777852982 0.9581499696 0.2754960358 0.2198651433 -0.2860161066 0.9326596856
-157.4 32.8 2496.1 0.9724962115 0.0095908055 -0.2327210605 0.0188265909 0.9926459193 0.1195811927 0.2321564853 -0.1206736043 0.9651638269
-288.5 222.5 2441.1 0.5079504848 -0.7907920480 -0.3415175080 0.4655539691 0.5856119990 -0.6635646820 0.7247384191 0.1780631691 0.6656183004
-391.9 127.8 2293.6 -0.5876835585 -0.7907920480 -0.1711021811 -0.8077495098 0.5856119990 0.0678178966 0.0465696380 0.1780631691 -0.9829164743
-23.0 227.4 2504.4 0.1988034844 0.7637934685 0.6140819788 -0.9796815515 0.1718110293 0.1034649611 -0.0264801905 -0.6221740246 0.7824310064
28.3 -25.2 2497.6 -0.1773485690 0.7488000989 0.6386281252 -0.9375269413 0.0688143894 -0.3410393000 -0.2993170619 -0.6592139006 0.6898161769
-251.9 -149.7 2514.2 0.9989714026 -0.0281616505 0.0355387442 0.0285893623 0.9995241165 -0.0115847429 -0.0351955891 0.0125888577 0.9993011355
-240.9 -537.6 2509.3 0.9992744327 -0.0113097355 0.0363682024 0.0128207831 0.9990525842 -0.0415874571 -0.0358634032 0.0420235507 0.9984727502
-77.0 -144.8 2552.0 0.8965122700 0.0926325098 -0.4332261980 -0.1288480610 0.9901421666 -0.0549240150 0.4238677919 0.1050604135 0.8996101618
-112.9 -528.9 2511.2 0.8951626420 -0.1054173559 -0.4330947697 0.0912073404 0.9943925142 -0.0535236783 0.4363085032 0.0084109744 0.8997578025
-255.9 314.7 2282.9 0 0 0 0 0 0 0 0 0
-20.4 -282.7 2415.4 0 0 0 0 0 0 0 0 0
-237.4 -849.6 2496.1 0 0 0 0 0 0 0 0 0
-79.8 -841.3 2508.6 0 0 0 0 0 0 0 0 0
-157.6 443.3 2418.5 03 0.9701390862 -0.0234495234 -0.2414130270 0.0850744024 0.9649797082 0.2481460422 0.2271397710 -0.2612742484 0.9381595254
-152.1 219.9 2479.0 0.9701390862 -0.0234495234 -0.2414130270 0.0850744024 0.9649797082 0.2481460422 0.2271397710 -0.2612742484 0.9381595254
-155.3 27.0 2496.9 0.9703965783 0.0170751382 -0.2409127206 0.0058868835 0.9955290556 0.0942723453 0.2414453328 -0.0928997844 0.9659574628
-284.7 219.2 2446.0 0.4977760613 -0.7880630493 -0.3621818125 0.4528886974 0.5923188329 -0.6663709283 0.7396693826 0.1676754653 0.6517469883
-388.0 125.1 2292.4 -0.5960134864 -0.7880630493 -0.1540278792 -0.8022991419 0.5923188329 0.0739899948 0.0329248346 0.1676754653 -0.9852923155
-19.6 220.6 2511.9 0.2075873911 0.7670176625 0.6071172953 -0.9762693048 0.2015851140 0.0791310742 -0.0616908781 -0.6091365814 0.7906622887
34.7 -34.6 2495.7 -0.1843926013 0.7480521202 0.6375086904 -0.9356854558 0.0649179667 -0.3468117416 -0.3008190393 -0.6604571342 0.6879711151
-246.1 -161.0 2498.7 0.9995802045 -0.0144764930 0.0250959639 0.0139867095 0.9997103810 0.0195833128 -0.0253721941 -0.0192240831 0.9994932413
-240.5 -548.8 2506.2 0.9996225238 -0.0093954736 0.0258169472 0.0102352845 0.9994163513 -0.0325921960 -0.0254956596 0.0328441374 0.9991352558
-72.0 -157.8 2540.2 0.8941770196 0.0999446660 -0.4364155531 -0.1216728091 0.9923254848 -0.0220418032 0.4308633208 0.0728091821 0.8994752169
-110.7 -542.7 2512.0 0.8923881650 -0.1026589200 -0.4394366145 0.0876762420 0.9946668744 -0.0543199964 0.4426694810 0.0099463724 0.8966296911
-243.5 319.8 2284.4 0 0 0 0 0 0 0 0 0
-16.0 -291.5 2413.1 0 0 0 0 0 0 0 0 0
-237.7 -850.9 2496.2 0 0 0 0 0 0 0 0 0
-80.1 -839.3 2509.0 0 0 0 0 0 0 0 0 0
-154.4 443.6 2409.2 04 0.9767210484 -0.0028920979 -0.2144937962 0.0583055653 0.9658443928 0.2524779737 0.2064374387 -0.2591067255 0.9435291886
-153.8 233.8 2465.5 0.9767210484 -0.0028920979 -0.2144937962 0.0583055653 0.9658443928 0.2524779737 0.2064374387 -0.2591067255 0.9435291886
-157.1 42.7 2496.1 0.9763859510 0.0184465889 -0.2152444869 0.0162267555 0.9872710109 0.1582171023 0.2154232115 -0.1579736769 0.9636582136
-287.1 231.7 2436.2 0.4886535108 -0.7979654670 -0.3528013825 0.5547401905 0.5962671041 -0.5802834630 0.6734099984 0.0878444314 0.7340315580
-389.3 115.7 2295.3 -0.5937374830 -0.7979654670 -0.1035706550 -0.8027470708 0.5962671041 0.0079216743 0.0554345474 0.0878444314 -0.9945905805
-20.5 235.8 2494.9 0.2108720690 0.7506243587 0.6261757612 -0.9775136709 0.1620036662 0.1349883527 -0.0001172273 -0.6405606270 0.7679076195
39.6 -42.7 2494.8 -0.1929762959 0.7343611717 0.6507486701 -0.9349045753 0.0637074113 -0.3491343260 -0.2978481948 -0.6757625341 0.6742635965
-245.5 -165.8 2493.8 0.9986654520 -0.0029373346 0.0515623204 0.0007772397 0.9991230369 0.0418630540 -0.0516400710 -0.0417671129 0.9977919459
-244.4 -554.0 2510.1 0.9984335899 -0.0215830822 0.0516187027 0.0240408983 0.9985829592 -0.0474778265 -0.0505208373 0.0486444160 0.9975376725
-71.6 -165.4 2536.5 0.9041555524 0.0933904946 -0.4168704152 -0.1032840535 0.9946511984 -0.0011847389 0.4145300090 0.0441272520 0.9089651704
-107.8 -551.3 2519.4 0.9020230770 -0.0909398794 -0.4220003784 0.0699694827 0.9954321980 -0.0649534911 0.4259796441 0.0290623996 0.9042658210
-242.0 314.9 2281.6 0 0 0 0 0 0 0 0 0
-13.4 -299.4 2413.0 0 0 0 0 0 0 0 0 0
-238.0 -848.5 2495.7 0 0 0 0 0 0 0 0 0
-81.6 -838.7 2511.0 0 0 0 0 0 0 0 0 0
-143.8 437.1 2412.6 05 0.9751979113 0.0387161262 -0.2179221362 0.0250553768 0.9589433670 0.2824886441 0.2199118435 -0.2809424698 0.9341895580
-152.4 225.0 2474.7 0.9751979113 0.0387161262 -0.2179221362 0.0250553768 0.9589433670 0.2824886441 0.2199118435 -0.2809424698 0.9341895580
-156.5 32.8 2498.9 0.9746156931 0.0221228842 -0.2227886170 0.0063859299 0.9919540882 0.1264369488 0.2237932384 -0.1246501431 0.9666327834
-285.5 224.2 2444.2 0.4540818036 -0.8192312121 -0.3502426445 0.5222085714 0.5632244349 -0.6403721571 0.7218780518 0.1078816056 0.6835595369
-379.9 115.6 2294.1 -0.5605545044 -0.8192312121 -0.1209911257 -0.8261831403 0.5632244349 0.0141302617 0.0565692037 0.1078816056 -0.9925529957
-19.3 225.7 2505.3 0.2115795910 0.7578196526 0.6172061563 -0.9772368073 0.1740903258 0.1212468296 -0.0155663835 -0.6288098693 0.7774032354
35.7 -27.9 2501.2 -0.1780833900 0.7430561781 0.6450998187 -0.9358866811 0.0746202916 -0.3443078399 -0.3039776087 -0.6650558710 0.6821277738
-248.0 -149.4 2507.7 0.9990060925 -0.0097607635 0.0434924178 0.0098039489 0.9999516606 -0.0007797561 -0.0434827022 0.0012053784 0.9990534782
-244.2 -537.4 2507.2 0.9986574054 -0.0277674198 0.0437308624 0.0289525762 0.9992240071 -0.0267050099 -0.0429553948 0.0279352758 0.9986863732
-73.1 -147.0 2545.9 0.9011811614 0.0875764191 -0.4245030582 -0.1117189676 0.9932159185 -0.0322653614 0.4187974930 0.0765019804 0.9048514366
-107.0 -532.3 2516.2 0.9015020132 -0.0802536160 -0.4252686799 0.0693254620 0.9967454672 -0.0411396027 0.4271862507 0.0076054847 0.9041316509
-239.4 322.8 2279.9 0 0 0 0 0 0 0 0 0
-13.2 -284.9 2417.7 0 0 0 0 0 0 0 0 0
-235.4 -853.6 2498.4 0 0 0 0 0 0 0 0 0
-82.0 -842.8 2513.9 0 0 0 0 0 0 0 0 0
-146.2 435.4 2406.8 06 0.9790251851 0.0355715789 -0.2006100565 0.0197516493 0.9634315372 0.2672255933 0.2027796954 -0.2655829489 0.9425211549
-153.7 231.3 2463.0 0.9790251851 0.0355715789 -0.2006100565 0.0197516493 0.9634315372 0.2672255933 0.2027796954 -0.2655829489 0.9425211549
-159.1 40.6 2496.1 0.9786121249 0.0286074616 -0.2037152648 0.0072129667 0.9849027395 0.1729583889 0.2055876255 -0.1707285643 0.9636313915
-287.4 230.5 2435.0 0.5328227282 -0.7883817554 -0.3074966371 0.5937808752 0.6072155237 -0.5279332995 0.6029297113 0.0987092182 0.7916642427
-397.6 107.7 2310.3 -0.5945692062 -0.7883817554 -0.1579293311 -0.7932791710 0.6072155237 -0.0446925759 0.1311319470 0.0987092182 -0.9864385128
-20.0 232.2 2491.1 0.2087398618 0.7460421920 0.6323359609 -0.9777284861 0.1447933167 0.1519271433 0.0217860453 -0.6499661207 0.7596508265
37.7 -38.3 2497.1 -0.1847607046 0.7342008948 0.6533089280 -0.9345055223 0.0745411888 -0.3480560184 -0.3042414486 -0.6748279333 0.6723424792
-248.0 -159.7 2503.1 0.9978139997 -0.0216526072 0.0624369681 0.0214202087 0.9997609258 0.0043891799 -0.0625170767 -0.0030421724 0.9980392456
-239.6 -547.7 2504.3 0.9979800582 -0.0088059679 0.0629143342 0.0099819666 0.9997808337 -0.0184022710 -0.0627384931 0.0189931095 0.9978492856
-73.4 -158.8 2543.0 0.9059156179 0.0956138372 -0.4125226140 -0.1199961454 0.9922075272 -0.0335438885 0.4061007798 0.0798890591 0.9103295803
-110.5 -543.9 2512.0 0.9052802920 -0.0992190540 -0.4130656123 0.0911505744 0.9950633645 -0.0392490439 0.4149207175 -0.0021197845 0.9098551273
-262.3 288.2 2280.5 0 0 0 0 0 0 0 0 0
-13.0 -295.0 2413.6 0 0 0 0 0 0 0 0 0
-236.9 -851.1 2498.6 0 0 0 0 0 0 0 0 0
-81.1 -838.8 2512.6 0 0 0 0 0 0 0 0 0
-148.4 432.1 2400.9 07 0.9708596468 0.0022959923 -0.2396377921 0.0749296993 0.9469117522 0.3126398623 0.2276336551 -0.3214854002 0.9191463590
-148.9 220.8 2472.6 0.9708596468 0.0022959923 -0.2396377921 0.0749296993 0.9469117522 0.3126398623 0.2276336551 -0.3214854002 0.9191463590
-154.9 28.7 2497.3 0.9695373774 0.0320061892 -0.2428433895 0.0002144548 0.9913149476 0.1315091848 0.2449433804 -0.1275551468 0.9611099958
-281.3 220.9 2439.2 0.5457378030 -0.7779968977 -0.3112732172 0.5537620783 0.6136375070 -0.5628468394 0.6289020181 0.1347955167 0.7657103539
-394.0 106.5 2309.2 -0.5983405709 -0.7779968977 -0.1915968657 -0.7891122699 0.6136375070 -0.0274023078 0.1388899237 0.1347955167 -0.9810910821
-16.6 220.6 2506.0 0.2005542070 0.7708230019 0.6046568155 -0.9793182015 0.1745718420 0.1022768468 -0.0267187078 -0.6126635075 0.7898921371
35.2 -32.1 2499.1 -0.1809513867 0.7547538877 0.6305578351 -0.9359946847 0.0646789968 -0.3460209966 -0.3019445539 -0.6528117657 0.6947418451
-252.2 -150.7 2510.9 0.9993828535 -0.0278863795 0.0213603098 0.0279446468 0.9996064901 -0.0024341119 -0.0212840252 0.0030295160 0.9997688532
-241.3 -538.7 2509.7 0.9996607304 -0.0134168332 0.0223239586 0.0142468186 0.9991971254 -0.0374451540 -0.0218036398 0.0377504975 0.9990493059
-76.8 -149.6 2547.6 0.8905957341 0.0922724605 -0.4453369975 -0.1212805510 0.9919278622 -0.0370153636 0.4383266866 0.0869764388 0.8945975900
-112.7 -534.6 2513.8 0.8882948160 -0.1051792055 -0.4470678568 0.0892850086 0.9943998456 -0.0565434843 0.4505114257 0.0103108278 0.8927111030
-250.0 296.4 2275.8 0 0 0 0 0 0 0 0 0
-14.5 -289.1 2416.2 0 0 0 0 0 0 0 0 0
-237.1 -850.3 2497.9 0 0 0 0 0 0 0 0 0
-80.9 -835.2 2510.7 0 0 0 0 0 0 0 0 0
-149.1 433.5 2415.9 08 0.9638199210 0.0079814261 -0.2664347291 0.0598175898 0.9675813317 0.2453736514 0.2597557008 -0.2524334788 0.9320967197
-150.8 229.1 2469.3 0.9638199210 0.0079814261 -0.2664347291 0.0598175898 0.9675813317 0.2453736514 0.2597557008 -0.2524334788 0.9320967197
-154.9 37.1 2496.3 0.9631779194 0.0213790163 -0.2680135369 0.0170127470 0.9899898171 0.1401097625 0.2683260739 -0.1395102739 0.9531726241
-282.3 226.8 2432.7 0.5643349886 -0.7564839721 -0.3305419981 0.5899958611 0.6496329904 -0.4794600010 0.5774347782 0.0755576268 0.8129330277
-396.5 107.4 2315.8 -0.6316218376 -0.7564839721 -0.1696639806 -0.7556641102 0.6496329904 -0.0833589956 0.1732790619 0.0755576268 -0.9819701910
-19.3 231.3 2505.9 0.1957152486 0.7826013565 0.5909574032 -0.9798940420 0.1798901707 0.0862971097 -0.0387711897 -0.5959652662 0.8020736575
35.6 -43.8 2495.0 -0.1751870960 0.7666091323 0.6177539229 -0.9374045730 0.0619318224 -0.3426909745 -0.3009686768 -0.6391204000 0.7077732682
-247.6 -163.2 2500.1 0.9997223020 -0.0233288053 -0.0033311925 0.0233923420 0.9995158911 0.0205133408 0.0028510282 -0.0205855686 0.9997840524
-238.6 -551.1 2508.1 0.9999926090 -0.0032685946 -0.0020276669 0.0031953170 0.9993770719 -0.0351464152 0.0021412834 0.0351396762 0.9993801117
-74.1 -163.4 2543.9 0.8796189427 0.0942174718 -0.4662548602 -0.1219353899 0.9920976758 -0.0295626782 0.4597850442 0.0828568563 0.8841563463
-110.6 -548.6 2511.8 0.8771326542 -0.1048360988 -0.4686658978 0.0885145143 0.9944546223 -0.0567905083 0.4720206857 0.0083290730 0.8815481067
-240.6 293.9 2273.0 0 0 0 0 0 0 0 0 0
-12.5 -301.2 2412.3 0 0 0 0 0 0 0 0 0
-237.6 -852.7 2497.5 0 0 0 0 0 0 0 0 0
-80.5 -834.2 2509.4 0 0 0 0 0 0 0 0 0
-152.9 440.4 2446.9 09 0.9644365311 -0.0022927888 -0.2643046975 0.0432940982 0.9878271818 0.1494091153 0.2607447803 -0.1555384248 0.9527958632
-152.5 239.7 2478.5 0.9644365311 -0.0022927888 -0.2643046975 0.0432940982 0.9878271818 0.1494091153 0.2607447803 -0.1555384248 0.9527958632
-153.1 46.8 2496.6 0.9644240141 0.0034225220 -0.2643380463 0.0213668998 0.9956356287 0.0908470675 0.2634952962 -0.0932631791 0.9601417780
-284.2 236.8 2442.6 0.5279986262 -0.7587328553 -0.3814995587 0.6282461286 0.6512311101 -0.4256816208 0.5714230537 -0.0149163129 0.8205201030
-397.1 102.5 2320.4 -0.6401779056 -0.7587328553 -0.1204022840 -0.7412314415 0.6512311101 -0.1627083123 0.2018618584 -0.0149163129 -0.9793004394
-20.8 242.6 2514.5 0.2008281350 0.7813139558 0.5909454823 -0.9780535102 0.1940869093 0.0757732466 -0.0554920845 -0.5931937099 0.8031449914
36.3 -35.2 2498.8 -0.1715126187 0.7649074793 0.6208864450 -0.9387314916 0.0643488318 -0.3385888338 -0.2989424467 -0.6409178972 0.7070060968
-245.1 -156.3 2499.4 0.9999676347 -0.0078882026 0.0015826077 0.0078583155 0.9998056889 0.0180772841 -0.0017248975 -0.0180642623 0.9998353124
-242.1 -544.3 2506.4 0.9999360442 -0.0111391544 0.0019543830 0.0111916354 0.9995083213 -0.0292894226 -0.0016271626 0.0293094218 0.9995690584
-72.7 -153.4 2547.4 0.8856011033 0.0886105150 -0.4559154510 -0.1145341918 0.9929816127 -0.0294857211 0.4501029253 0.0783304945 0.8895345330
-107.1 -538.8 2517.0 0.8844116330 -0.0873819217 -0.4584544301 0.0670877025 0.9959170222 -0.0604029447 0.4618607163 0.0226644110 0.8866628408
-236.9 288.0 2269.9 0 0 0 0 0 0 0 0 0
-10.8 -293.0 2416.7 0 0 0 0 0 0 0 0 0
-238.6 -852.7 2497.4 0 0 0 0 0 0 0 0 0
-81.4 -831.7 2510.3 0 0 0 0 0 0 0 0 0
-155.6 439.6 2463.0 10 0.9688807726 -0.0109693818 -0.2472846508 0.0359409712 0.9946647286 0.0966969058 0.2449046075 -0.1025754213 0.9641057849
-153.4 241.0 2483.4 0.9688807726 -0.0109693818 -0.2472846508 0.0359409712 0.9946647286 0.0966969058 0.2449046075 -0.1025754213 0.9641057849
-151.8 47.5 2496.5 0.9689893723 -0.0082679475 -0.2469639480 0.0246926341 0.9976773858 0.0634835884 0.2458654642 -0.0676131174 0.9669429064
-285.7 237.6 2449.9 0.4567132592 -0.7498523593 -0.4786798656 0.5860215425 0.6584226489 -0.4722905457 0.6693218350 -0.0648153573 0.7401400208
-378.6 118.4 2313.7 -0.6534302831 -0.7498523593 -0.1036835462 -0.7216717601 0.6584226489 -0.2137042731 0.2285142541 -0.0648153573 -0.9713805914
-21.0 244.4 2517.0 0.2214554399 0.7686744928 0.6000808477 -0.9731222987 0.2140570581 0.0849269181 -0.0631703883 -0.6027595997 0.7954183817
40.6 -26.3 2499.5 -0.1785935760 0.7497328520 0.6371851563 -0.9386838078 0.0642807037 -0.3387339413 -0.2949186862 -0.6586111188 0.6922819614
-240.1 -148.0 2491.1 0.9997977614 0.0019697587 0.0200125016 -0.0027101575 0.9993101954 0.0370373279 -0.0199257433 -0.0370840766 0.9991135001
-240.9 -535.8 2505.5 0.9997861981 -0.0057792538 0.0198548213 0.0062567196 0.9996907115 -0.0240705013 -0.0197095703 0.0241895802 0.9995130897
-67.4 -144.2 2538.3 0.8945353031 0.1050749794 -0.4344719052 -0.1225821376 0.9923811555 -0.0123819755 0.4298606813 0.0643346086 0.9006002545
-108.2 -529.4 2513.3 0.8944244981 -0.0907329246 -0.4379182160 0.0777677819 0.9958396554 -0.0474929735 0.4404054880 0.0084229540 0.8977594972
-213.2 301.0 2255.9 0 0 0 0 0 0 0 0 0
-8.5 -284.1 2418.5 0 0 0 0 0 0 0 0 0
-239.1 -848.9 2497.9 0 0 0 0 0 0 0 0 0
-80.4 -834.1 2510.7 0 0 0 0 0 0 0 0 0
-159.2 442.7 2479.5 11 0.9685166478 -0.0214640629 -0.2480218261 0.0348515213 0.9981552958 0.0497125983 0.2464972734 -0.0567914136 0.9674780965
-155.0 244.8 2490.7 0.9685166478 -0.0214640629 -0.2480218261 0.0348515213 0.9981552958 0.0497125983 0.2464972734 -0.0567914136 0.9674780965
-151.1 51.1 2498.1 0.9686402678 -0.0201502126 -0.2476489097 0.0289173741 0.9990753531 0.0318150036 0.2467788458 -0.0379786491 0.9683273435
-287.3 240.8 2457.0 0.3877343833 -0.7550081611 -0.5287955999 0.5409418941 0.6508767605 -0.5326737165 0.7463537455 -0.0795117468 0.6607828140
-364.2 133.5 2308.9 -0.6494889259 -0.7550081611 -0.0901488438 -0.7256494164 0.6508767605 -0.2231419086 0.2271497548 -0.0795117468 -0.9706085324
-22.6 248.8 2524.4 0.2394802868 0.7644029856 0.5986127853 -0.9662885070 0.2476792186 0.0702963695 -0.0945291966 -0.5952672362 0.7979480624
44.8 -23.2 2497.8 -0.1663182825 0.7465062141 0.6442567110 -0.9413577914 0.0743137971 -0.3291245699 -0.2935706973 -0.6612155437 0.6903696656
-237.0 -148.1 2487.6 0.9998071790 0.0026737121 0.0194538552 -0.0037366638 0.9984897971 0.0548101701 -0.0192779303 -0.0548722930 0.9983072877
-238.0 -535.6 2508.9 0.9998114705 0.0033895718 0.0191178937 -0.0026427403 0.9992374778 -0.0389553905 -0.0192353576 0.0388975255 0.9990580678
-63.5 -143.7 2531.6 0.8938946128 0.1304237545 -0.4288846552 -0.1428776979 0.9897352457 0.0031882082 0.4248980582 0.0584281273 0.9033536315
-114.1 -527.7 2509.0 0.8940770626 -0.1082934961 -0.4346247911 0.0989772379 0.9941124320 -0.0440900549 0.4368405938 -0.0035980544 0.8995317221
-196.9 320.4 2250.4 0 0 0 0 0 0 0 0 0
-0.9 -281.7 2417.2 0 0 0 0 0 0 0 0 0
-239.1 -847.8 2496.7 0 0 0 0 0 0 0 0 0
-80.5 -835.4 2510.1 0 0 0 0 0 0 0 0 0
-160.7 443.3 2478.2 12 0.9749723673 -0.0234602839 -0.2210849226 0.0364668630 0.9978238940 0.0549334288 0.2193150520 -0.0616208464 0.9737061858
-156.1 245.8 2490.4 0.9749723673 -0.0234602839 -0.2210849226 0.0364668630 0.9978238940 0.0549334288 0.2193150520 -0.0616208464 0.9737061858
-151.8 52.1 2499.7 0.9750710726 -0.0220927019 -0.2207902521 0.0321404040 0.9985997081 0.0420191139 0.2195527703 -0.0480679087 0.9744157791
-289.2 241.5 2460.4 0.3426319957 -0.7580443621 -0.5549523234 0.5222128034 0.6447171569 -0.5582414865 0.7809590697 -0.0985318050 0.6167612076
-356.4 139.1 2307.4 -0.6476357579 -0.7580443621 -0.0770497844 -0.7262485027 0.6447171569 -0.2385431826 0.2305016369 -0.0985318050 -0.9680705070
-22.9 250.2 2520.4 0.2422270328 0.7488648295 0.6168690920 -0.9672713280 0.2359237969 0.0934140086 -0.0755796358 -0.6193071604 0.7815026045
44.7 -19.7 2499.3 -0.1383751929 0.7368429899 0.6617512703 -0.9423851967 0.1075216085 -0.3167795837 -0.3045693636 -0.6674590111 0.6795116067
-233.9 -145.2 2483.3 0.9988939166 -0.0003536756 0.0470192283 -0.0024654982 0.9982021451 0.0598863661 -0.0469558761 -0.0599360541 0.9970971942
-233.8 -532.7 2506.6 0.9987539649 0.0171582438 0.0468623936 -0.0157792363 0.9994360805 -0.0296398513 -0.0473445356 0.0288634673 0.9984614849
-60.4 -140.0 2527.5 0.9051334858 0.1334383637 -0.4036429226 -0.1400578469 0.9900549054 0.0132301925 0.4013940692 0.0445582643 0.9148209691
-112.2 -524.3 2510.2 0.9060332775 -0.1015067697 -0.4108529389 0.0907900482 0.9948268533 -0.0455707125 0.4133532643 0.0039872238 0.9105620384
-185.8 330.4 2246.7 0 0 0 0 0 0 0 0 0
6.7 -278.4 2415.7 0 0 0 0 0 0 0 0 0
-239.2 -848.5 2497.5 0 0 0 0 0 0 0 0 0
-80.6 -834.3 2509.0 0 0 0 0 0 0 0 0 0
-161.8 444.4 2487.1 13 0.9772936106 -0.0265611932 -0.2102183402 0.0326023251 0.9991475344 0.0253236312 0.2093665153 -0.0316022299 0.9773264527
-156.6 247.4 2493.3 0.9772936106 -0.0265611932 -0.2102183402 0.0326023251 0.9991475344 0.0253236312 0.2093665153 -0.0316022299 0.9773264527
-151.5 53.5 2498.1 0.9773330092 -0.0265229419 -0.2100398540 0.0311184935 0.9993425608 0.0186042152 0.2094083279 -0.0247186366 0.9775158167
-290.1 243.1 2464.7 0.3321932256 -0.7554025650 -0.5648138523 0.5324605703 0.6444672942 -0.5487692356 0.7785456777 -0.1184436604 0.6163097620
-356.7 136.3 2308.6 -0.6502447128 -0.7554025650 -0.0809246823 -0.7149479985 0.6444672942 -0.2711296082 0.2569653094 -0.1184436604 -0.9591349959
-23.1 251.6 2521.9 0.2426859587 0.7456857562 0.6205290556 -0.9673045874 0.2345726341 0.0964237973 -0.0736572891 -0.6236413121 0.7782326937
44.9 -19.4 2501.3 -0.1280030310 0.7354146838 0.6654175520 -0.9434799552 0.1165215373 -0.3102712631 -0.3057135046 -0.6675238013 0.6789339185
-234.8 -144.5 2489.4 0.9983220100 0.0008911651 0.0578996986 -0.0040522036 0.9985055327 0.0545006394 -0.0577645972 -0.0546438098 0.9968336225
-235.1 -532.1 2510.6 0.9983212948 0.0066383346 0.0575369410 -0.0041584116 0.9990614653 -0.0431144498 -0.0577691495 0.0428028107 0.9974119663
-60.1 -138.8 2528.7 0.9097522497 0.1468406618 -0.3883151710 -0.1480439603 0.9886121154 0.0270016082 0.3878580034 0.0329229422 0.9211309552
-117.1 -522.5 2515.9 0.9090229273 -0.1151279360 -0.4005282223 0.0961599946 0.9930939078 -0.0672142729 0.4055003822 0.0225845259 0.9138158560
-181.8 328.7 2239.5 0 0 0 0 0 0 0 0 0
9.8 -278.4 2417.4 0 0 0 0 0 0 0 0 0
-237.2 -846.0 2497.1 0 0 0 0 0 0 0 0 0
-80.8 -835.8 2508.8 0 0 0 0 0 0 0 0 0
-162.7 444.5 2483.0 14 0.9814612865 -0.0244514290 -0.1900943369 0.0327565707 0.9986355305 0.0406705514 0.1888405085 -0.0461434126 0.9809230566
-157.9 247.6 2492.1 0.9814612865 -0.0244514290 -0.1900943369 0.0327565707 0.9986355305 0.0406705514 0.1888405085 -0.0461434126 0.9809230566
-153.3 53.7 2499.2 0.9815239310 -0.0236569159 -0.1898712516 0.0301549789 0.9990516901 0.0314073488 0.1889481992 -0.0365526304 0.9813064933
-292.0 243.5 2466.3 0.3256971836 -0.7519320846 -0.5731662512 0.5632760525 0.6412110329 -0.5211223364 0.7593691349 -0.1531227231 0.6323859692
-358.6 128.2 2310.9 -0.6544215083 -0.7519320846 -0.0795653686 -0.6979877353 0.6412110329 -0.3188439906 0.2907672226 -0.1531227231 -0.9444617033
-23.9 251.7 2517.9 0.2463364005 0.7337234020 0.6332206130 -0.9676161408 0.2233407944 0.1176346764 -0.0551126860 -0.6416921616 0.7649795413
44.9 -18.2 2502.6 -0.1161723658 0.7260198593 0.6777898669 -0.9421765208 0.1354152262 -0.3065389693 -0.3143364489 -0.6742090583 0.6683073640
-233.9 -143.2 2484.1 0.9968640804 0.0102428645 0.0784669593 -0.0147827426 0.9982362390 0.0574966371 -0.0777396336 -0.0584762879 0.9952573180
-237.8 -530.7 2506.8 0.9970163107 -0.0025276290 0.0771500841 0.0053940178 0.9993019104 -0.0369676761 -0.0770027861 0.0372735225 0.9963338971
-58.8 -137.6 2521.6 0.9176418185 0.1446134895 -0.3701626658 -0.1423610747 0.9892457724 0.0335576832 0.3710347414 0.0219028182 0.9283606410
-114.9 -521.6 2513.1 0.9175376892 -0.1108380407 -0.3818894625 0.0960967317 0.9937083125 -0.0575253293 0.3858627379 0.0160833281 0.9224159718
-179.0 319.8 2231.1 0 0 0 0 0 0 0 0 0
13.0 -276.9 2416.3 0 0 0 0 0 0 0 0 0
-237.0 -846.5 2495.1 0 0 0 0 0 0 0 0 0
-79.3 -840.7 2508.0 0 0 0 0 0 0 0 0 0
-162.8 444.3 2490.5 15 0.9803956747 -0.0215812102 -0.1958533823 0.0253966991 0.9995330572 0.0169906747 0.1953952461 -0.0216316134 0.9804859757
-158.6 247.3 2494.8 0.9803956747 -0.0215812102 -0.1958533823 0.0253966991 0.9995330572 0.0169906747 0.1953952461 -0.0216316134 0.9804859757
-154.2 53.3 2498.1 0.9803966880 -0.0224695560 -0.1957483292 0.0253502615 0.9996039271 0.0122231236 0.1953961402 -0.0169457812 0.9805780053
-292.5 243.9 2468.1 0.3288504779 -0.7550815344 -0.5671941638 0.5976352096 0.6314289570 -0.4940947890 0.7312246561 -0.1764919013 0.6589090228
-360.5 120.3 2316.9 -0.6487027407 -0.7550815344 -0.0950612724 -0.6804928780 0.6314289570 -0.3717888296 0.3407553136 -0.1764919013 -0.9234372973
-24.6 250.8 2521.4 0.2397648692 0.7398885489 0.6285520792 -0.9685331583 0.2268155515 0.1024608687 -0.0667557567 -0.6333400607 0.7709890008
41.1 -15.0 2503.1 -0.0917678848 0.7347439528 0.6721086502 -0.9457964897 0.1468439251 -0.2896651030 -0.3115247488 -0.6622599363 0.6814426780
-236.6 -142.8 2489.4 0.9973426461 -0.0069694486 0.0725197569 0.0044402792 0.9993782043 0.0349785425 -0.0727184489 -0.0345635824 0.9967533946
-233.9 -530.6 2502.8 0.9972817302 0.0114060221 0.0727942735 -0.0099477135 0.9997431040 -0.0203644987 -0.0730078518 0.0195850059 0.9971390367
-60.8 -137.4 2523.2 0.9171097875 0.1357289106 -0.3748163581 -0.1375855207 0.9902468324 0.0219416711 0.3741388321 0.0314463824 0.9268394113
-113.5 -521.8 2511.0 0.9177025557 -0.1053273380 -0.3830510974 0.0956413671 0.9944294691 -0.0443029143 0.3855836093 0.0040213685 0.9226641655
-180.3 309.3 2222.3 0 0 0 0 0 0 0 0 0
16.0 -274.6 2417.6 0 0 0 0 0 0 0 0 0
-237.6 -851.1 2496.5 0 0 0 0 0 0 0 0 0
-79.7 -840.6 2509.7 0 0 0 0 0 0 0 0 0
-164.4 445.0 2493.2 16 0.9806360602 -0.0253863093 -0.1941867620 0.0279490892 0.9995545149 0.0104687065 0.1938344985 -0.0156933349 0.9809086919
-159.4 248.0 2496.3 0.9806360602 -0.0253863093 -0.1941867620 0.0279490892 0.9995545149 0.0104687065 0.1938344985 -0.0156933349 0.9809086919
-154.2 54.0 2498.8 0.9806165695 -0.0267595798 -0.1941007376 0.0286959950 0.9995624423 0.0071710031 0.1938239187 -0.0126019185 0.9809553623
-293.4 244.1 2469.8 0.3286929727 -0.7458029985 -0.5794296861 0.6231470108 0.6322802901 -0.4603362381 0.7096821070 -0.2097606212 0.6725710034
-362.6 112.9 2320.4 -0.6589387059 -0.7458029985 -0.0978654474 -0.6539275050 0.6322802901 -0.4154521823 0.3717238903 -0.2097606212 -0.9043350220
-25.5 251.9 2522.8 0.2438822687 0.7363280058 0.6311438084 -0.9664517045 0.2385996729 0.0950858071 -0.0805763528 -0.6331597567 0.7698156834
41.6 -14.0 2500.6 -0.0783620030 0.7322555780 0.6765065789 -0.9483366609 0.1545147896 -0.2770969272 -0.3074360490 -0.6632698774 0.6823167801
-237.6 -142.9 2483.8 0.9972340465 -0.0074216006 0.0739541128 0.0040152152 0.9989286065 0.0461034477 -0.0742170438 -0.0456789844 0.9961953759
-234.7 -530.6 2501.6 0.9972233176 0.0054934337 0.0742665529 -0.0044623907 0.9998914599 -0.0140418131 -0.0743356273 0.0136714168 0.9971395731
-62.0 -138.4 2518.8 0.9182909131 0.1408912092 -0.3699884415 -0.1355907172 0.9899393320 0.0404391587 0.3719636202 0.0130320853 0.9281558394
-116.7 -522.6 2513.8 0.9163786173 -0.1182006821 -0.3824642003 0.1025718674 0.9928485751 -0.0610794835 0.3869486749 0.0167418662 0.9219492674
-179.0 295.2 2216.7 0 0 0 0 0 0 0 0 0
20.1 -274.4 2416.2 0 0 0 0 0 0 0 0 0
-236.5 -850.0 2497.2 0 0 0 0 0 0 0 0 0
-79.1 -838.1 2508.5 0 0 0 0 0 0 0 0 0
-162.9 445.1 2495.6 17 0.9788975120 -0.0202314127 -0.2033477575 0.0212475564 0.9997702837 0.0028149567 0.2032441050 -0.0070761973 0.9791025519
-158.9 248.2 2497.0 0.9788975120 -0.0202314127 -0.2033477575 0.0212475564 0.9997702837 0.0028149567 0.2032441050 -0.0070761973 0.9791025519
-154.5 54.2 2498.1 0.9788545370 -0.0225982964 -0.2033054680 0.0232547540 0.9997292161 0.0008403404 0.2032314241 -0.0055503896 0.9791150093
-292.7 245.1 2469.2 0.3310467601 -0.7504178286 -0.5720849037 0.6465117931 0.6219879985 -0.4417617619 0.6873358488 -0.2236158252 0.6910610795
-362.9 107.9 2323.4 -0.6525167823 -0.7504178286 -0.1053324267 -0.6432275176 0.6219879985 -0.4465303123 0.4005998075 -0.2236158252 -0.8885470033
-25.2 251.4 2524.8 0.2545855939 0.7396392226 0.6229927540 -0.9628112316 0.2541170120 0.0917554274 -0.0904471576 -0.6231840849 0.7768274546
44.4 -11.9 2500.0 -0.0839334726 0.7348656654 0.6729989648 -0.9503397346 0.1440841854 -0.2758515775 -0.2996823788 -0.6627308726 0.6862785816
-236.9 -142.5 2483.9 0.9979001880 0.0016778326 0.0647485852 -0.0042335070 0.9992163777 0.0393537544 -0.0646318123 -0.0395452343 0.9971253276
-237.5 -530.4 2499.2 0.9979059696 -0.0034051584 0.0645918399 0.0039935554 0.9999516606 -0.0089825401 -0.0645581335 0.0092216814 0.9978713393
-61.2 -137.4 2518.6 0.9156967998 0.1409189403 -0.3763525784 -0.1316206008 0.9900155067 0.0504510365 0.3797044158 0.0033379062 0.9251018167
-115.9 -521.7 2517.3 0.9141791463 -0.1110480577 -0.3898010254 0.0946528316 0.9936344028 -0.0610863715 0.3941032290 0.0189481191 0.9188708663
-180.0 288.2 2211.1 0 0 0 0 0 0 0 0 0
21.4 -272.8 2417.7 0 0 0 0 0 0 0 0 0
-236.5 -849.3 2496.3 0 0 0 0 0 0 0 0 0
-80.4 -839.4 2511.2 0 0 0 0 0 0 0 0 0
-164.0 443.7 2496.3 18 0.9794822335 -0.0245416332 -0.2000305802 0.0251430757 0.9996837378 0.0004665513 0.1999558657 -0.0054863626 0.9797895551
-159.2 247.3 2497.4 0.9794822335 -0.0245416332 -0.2000305802 0.0251430757 0.9996837378 0.0004665513 0.1999558657 -0.0054863626 0.9797895551
-154.0 53.2 2498.1 0.9794417024 -0.0265211016 -0.1999763548 0.0267298725 0.9996412992 -0.0016563772 0.1999485642 -0.0037230176 0.9797993302
-293.0 243.6 2470.0 0.3335080445 -0.7552123666 -0.5642930865 0.6587436795 0.6148732901 -0.4335753620 0.6744102240 -0.2271236479 0.7025565505
-364.7 102.0 2325.1 -0.6425572634 -0.7552123666 -0.1295162439 -0.6259953976 0.6148732901 -0.4796462953 0.4418708980 -0.2271236479 -0.8678507805
-25.4 250.9 2524.7 0.2518826127 0.7383452058 0.6256209016 -0.9636024237 0.2511903346 0.0915082991 -0.0895852074 -0.6258991361 0.7747417092
43.4 -12.2 2500.2 -0.0787164941 0.7342035174 0.6743507385 -0.9553695321 0.1376480907 -0.2613848448 -0.2847327590 -0.6648294330 0.6906005144
-237.8 -141.9 2480.9 0.9976830482 0.0025396850 0.0679860041 -0.0059273429 0.9987479448 0.0496735238 -0.0677747279 -0.0499614105 0.9964489341
-238.8 -529.6 2500.3 0.9976906180 -0.0056268810 0.0676888078 0.0065660225 0.9998851418 -0.0136599271 -0.0676041767 0.0140728271 0.9976129532
-62.4 -137.8 2517.3 0.9183267355 0.1310492009 -0.3734998107 -0.1225107610 0.9913715124 0.0466226079 0.3763869107 0.0029429579 0.9264578819
-113.3 -522.6 2516.2 0.9165027142 -0.1071523204 -0.3854103684 0.0909530297 0.9940412641 -0.0600791499 0.3895514309 0.0200084597 0.9207873344
-184.3 277.7 2201.0 0 0 0 0 0 0 0 0 0
21.8 -274.5 2422.0 0 0 0 0 0 0 0 0 0
-237.0 -846.1 2495.9 0 0 0 0 0 0 0 0 0
-79.0 -840.8 2509.8 0 0 0 0 0 0 0 0 0
-165.7 443.5 2495.6 19 0.9793049693 -0.0209083855 -0.2013071626 0.0217549130 0.9997613430 0.0019934722 0.2012174428 -0.0063316370 0.9795261621
-161.6 246.8 2496.9 0.9793049693 -0.0209083855 -0.2013071626 0.0217549130 0.9997613430 0.0019934722 0.2012174428 -0.0063316370 0.9795261621
-157.0 52.8 2497.7 0.9792532325 -0.0236692596 -0.2012533844 0.0240776595 0.9997100234 -0.0004187254 0.2012049258 -0.0044356720 0.9795391560
-295.4 243.6 2469.4 0.3343449533 -0.7560388446 -0.5626887679 0.6848342419 0.6050732136 -0.4060646296 0.6474685669 -0.2495828718 0.7200644612
-368.3 94.0 2328.0 -0.6376510262 -0.7560388446 -0.1476699859 -0.5948648453 0.6050732136 -0.5291712284 0.4894251823 -0.2495828718 -0.8355665207
-27.8 250.1 2524.4 0.2593327463 0.7378299236 0.6231802106 -0.9617286325 0.2563878000 0.0966608748 -0.0884565264 -0.6243975759 0.7760819197
43.7 -14.9 2500.0 -0.0799514055 0.7335994840 0.6748626232 -0.9551126957 0.1373630464 -0.2624712884 -0.2852499783 -0.6655548215 0.6896877885
-236.6 -143.2 2480.9 0.9977608323 -0.0025805505 0.0668326691 -0.0007980142 0.9987249374 0.0504766218 -0.0668777078 -0.0504169315 0.9964866042
-235.6 -530.9 2500.5 0.9977440238 0.0060228519 0.0668624565 -0.0051941513 0.9999076128 -0.0125610400 -0.0669319332 0.0121854097 0.9976831079
-61.1 -138.4 2516.7 0.9163041711 0.1395924240 -0.3753673136 -0.1334170252 0.9901467562 0.0425354131 0.3776063621 0.0111050159 0.9258996248
-115.3 -522.8 2512.4 0.9150170684 -0.1137738302 -0.3870391846 0.1012112871 0.9934649467 -0.0527601913 0.3905125856 0.0091037406 0.9205525517
-190.3 260.1 2191.4 0 0 0 0 0 0 0 0 0
21.7 -277.2 2421.7 0 0 0 0 0 0 0 0 0
-237.5 -845.1 2496.6 0 0 0 0 0 0 0 0 0
-79.0 -840.1 2509.5 0 0 0 0 0 0 0 0 0
-165.1 441.9 2496.3 20 0.9789854884 -0.0214933734 -0.2027942240 0.0220236257 0.9997574091 0.0003582447 0.2027373165 -0.0048169801 0.9792212844
-160.9 245.1 2497.2 0.9789854884 -0.0214933734 -0.2027942240 0.0220236257 0.9997574091 0.0003582447 0.2027373165 -0.0048169801 0.9792212844
-156.2 51.1 2497.8 0.9789417386 -0.0238357373 -0.2027434856 0.0239521805 0.9997113347 -0.0018795530 0.2027297616 -0.0030161757 0.9792301059
-294.6 241.9 2469.5 0.3365363777 -0.7636645436 -0.5509625673 0.7061307430 0.5917418599 -0.3888714314 0.6229949594 -0.2581822276 0.7383896112
-368.6 86.6 2332.5 -0.6241354346 -0.7636645436 -0.1651406139 -0.5743669868 0.5917418599 -0.5656360984 0.5296767950 -0.2581822276 -0.8079507351
-27.1 248.4 2524.9 0.2398767620 0.7422601581 0.6257067919 -0.9664112926 0.2438154817 0.0812602341 -0.0922407657 -0.6241825223 0.7758142948
37.7 -12.7 2500.0 -0.0619523972 0.7397770882 0.6699938178 -0.9560990334 0.1486513317 -0.2525418401 -0.2864201367 -0.6562260389 0.6980908513
-240.1 -143.4 2480.6 0.9978587627 -0.0043479507 0.0652608797 0.0002724261 0.9980556369 0.0623291321 -0.0654049888 -0.0621778928 0.9959197044
-238.4 -530.9 2504.7 0.9978497624 -0.0047699893 0.0653691664 0.0072338381 0.9992702007 -0.0375066027 -0.0651425570 0.0378988236 0.9971560240
-64.6 -139.1 2516.6 0.9177531004 0.1228058785 -0.3776876628 -0.1186777949 0.9923408031 0.0342832729 0.3790050745 0.0133595597 0.9252981544
-112.3 -524.3 2511.4 0.9162313342 -0.1057820767 -0.3864327669 0.0951371863 0.9943714738 -0.0466290936 0.3891902268 0.0059589124 0.9211381078
-194.1 247.1 2184.5 0 0 0 0 0 0 0 0 0
20.7 -275.2 2421.4 0 0 0 0 0 0 0 0 0
-236.9 -844.8 2492.8 0 0 0 0 0 0 0 0 0
-79.1 -836.6 2509.6 0 0 0 0 0 0 0 0 0
-166.9 442.4 2495.6 21 0.9800353050 -0.0273999125 -0.1969264895 0.0279125702 0.9996103644 -0.0001723067 0.1968544871 -0.0053278576 0.9804182649
-161.5 245.4 2496.7 0.9800353050 -0.0273999125 -0.1969264895 0.0279125702 0.9996103644 -0.0001723067 0.1968544871 -0.0053278576 0.9804182649
-155.9 51.3 2497.8 0.9799891114 -0.0289950874 -0.1969280243 0.0295505784 0.9995632768 -0.0001177094 0.1968454421 -0.0057039834 0.9804179668
-295.4 241.3 2469.8 0.3386310637 -0.7609019279 -0.5534954667 0.7312816381 0.5829901695 -0.3540474474 0.5920777917 -0.2848696113 0.7538522482
-370.6 78.8 2338.2 -0.6246263385 -0.7609019279 -0.1756991595 -0.5392318964 0.5829901695 -0.6077429056 0.5648636222 -0.2848696113 -0.7744535804
-27.6 249.4 2523.6 0.2439369261 0.7375294566 0.6297182441 -0.9656208754 0.2448700070 0.0872640088 -0.0898393318 -0.6293559670 0.7719066739
38.6 -12.5 2499.2 -0.0627202466 0.7348815203 0.6752890348 -0.9529784322 0.1568998396 -0.2592576146 -0.2964763939 -0.6597965956 0.6904854774
-239.3 -145.1 2480.3 0.9974849820 -0.0002305279 0.0708774850 -0.0038499567 0.9983421564 0.0574289560 -0.0707732216 -0.0575573966 0.9958304763
-239.2 -532.7 2502.6 0.9974846244 -0.0056427903 0.0706580877 0.0073947278 0.9996710420 -0.0245576017 -0.0704962760 0.0250183269 0.9971982837
-63.9 -140.9 2516.6 0.9202066064 0.1227369905 -0.3716925979 -0.1159683615 0.9924226403 0.0406037495 0.3738597333 0.0057407413 0.9274674654
-111.5 -526.1 2514.3 0.9185011983 -0.1029709950 -0.3817755580 0.0886141658 0.9945436120 -0.0550504886 0.3853610456 0.0167332180 0.9226141572
-197.0 228.7 2181.1 0 0 0 0 0 0 0 0 0
21.3 -274.1 2417.8 0 0 0 0 0 0 0 0 0
-237.4 -847.6 2494.7 0 0 0 0 0 0 0 0 0
-79.5 -835.7 2509.1 0 0 0 0 0 0 0 0 0
-166.2 441.3 2495.3 22 0.9811592698 -0.0224274602 -0.1918945014 0.0230205003 0.9997346401 0.0008612479 0.1918242723 -0.0052625290 0.9814151525
-161.7 244.0 2496.3 0.9811592698 -0.0224274602 -0.1918945014 0.0230205003 0.9997346401 0.0008612479 0.1918242723 -0.0052625290 0.9814151525
-157.0 50.0 2497.6 0.9811024666 -0.0246582665 -0.1919112355 0.0254325271 0.9996753335 0.0015718509 0.1918101758 -0.0064229346 0.9814110398
-295.8 240.6 2470.1 0.3287478387 -0.7633709908 -0.5560481548 0.7461070418 0.5708959103 -0.3426399231 0.5790069699 -0.3022293150 0.7572373152
-369.7 72.9 2340.0 -0.6204079986 -0.7633709908 -0.1798849404 -0.5176825523 0.5708959103 -0.6372461319 0.5891507864 -0.3022293150 -0.7493722439
-27.7 247.5 2522.5 0.2483111322 0.7330954075 0.6331766844 -0.9641630650 0.2500970364 0.0885494575 -0.0934404060 -0.6324734092 0.7689254284
38.7 -10.3 2497.6 -0.0576175041 0.7309867144 0.6799548864 -0.9559531808 0.1559520662 -0.2486613691 -0.2878085375 -0.6643322706 0.6898034811
-238.0 -145.3 2481.3 0.9970890880 -0.0009541407 0.0762395561 -0.0046008108 0.9973466992 0.0726529360 -0.0761065856 -0.0727922097 0.9944390655
-237.7 -532.5 2509.5 0.9971188307 0.0006144698 0.0758532658 0.0025233475 0.9991450906 -0.0412641652 -0.0758137777 0.0413366817 0.9962648153
-62.4 -140.0 2516.5 0.9212228656 0.1324912459 -0.3657792807 -0.1224854589 0.9911826253 0.0505403392 0.3692502379 -0.0017562718 0.9293283224
-113.9 -524.8 2517.2 0.9188503027 -0.1089782268 -0.3792596459 0.0883985385 0.9935287833 -0.0713178366 0.3845774829 0.0320044197 0.9225377440
-197.4 216.7 2176.4 0 0 0 0 0 0 0 0 0
22.9 -272.8 2418.5 0 0 0 0 0 0 0 0 0
-237.9 -847.1 2496.5 0 0 0 0 0 0 0 0 0
-79.3 -840.2 2507.0 0 0 0 0 0 0 0 0 0
-166.1 442.9 2494.6 23 0.9821169376 -0.0157264508 -0.1876138747 0.0167146772 0.9998534918 0.0036864057 0.1875284165 -0.0067563867 0.9822359681
-163.0 245.1 2496.0 0.9821169376 -0.0157264508 -0.1876138747 0.0167146772 0.9998534918 0.0036864057 0.1875284165 -0.0067563867 0.9822359681
-159.1 51.0 2497.3 0.9820462465 -0.0197657496 -0.1876018792 0.0206978582 0.9997812510 0.0030107761 0.1875013262 -0.0068396786 0.9822405577
-297.1 242.2 2470.4 0.3251633346 -0.7558592558 -0.5682830811 0.7676962614 0.5618909597 -0.3080925345 0.5521876812 -0.3360883892 0.7629766464
-371.7 66.2 2343.7 -0.6279060841 -0.7558592558 -0.1855013669 -0.4766607583 0.5618909597 -0.6760718226 0.6152466536 -0.3360883892 -0.7131031752
-28.8 247.9 2521.6 0.2391190678 0.7348423004 0.6346879601 -0.9678469300 0.2329315096 0.0949485675 -0.0780666098 -0.6369848251 0.7669132352
35.4 -12.0 2500.6 -0.0415096655 0.7336781025 0.6782281399 -0.9530590773 0.1746938527 -0.2473064959 -0.2999256551 -0.6566570401 0.6919870973
-240.1 -146.4 2481.6 0.9967116714 -0.0036014449 0.0809497610 -0.0012340213 0.9982212782 0.0596048981 -0.0810204372 -0.0595087931 0.9949343801
-238.7 -533.8 2504.7 0.9967145920 -0.0022969416 0.0809610933 0.0044165910 0.9996519089 -0.0260117389 -0.0808731616 0.0262838528 0.9963777661
-64.3 -141.8 2516.0 0.9231331348 0.1279250979 -0.3625745773 -0.1199878380 0.9917806983 0.0444291793 0.3652780950 0.0024904925 0.9308950901
-113.9 -526.8 2515.1 0.9209792018 -0.1089266539 -0.3740752041 0.0928619951 0.9938231707 -0.0607628301 0.3783832788 0.0212239344 0.9254056811
-198.6 197.6 2174.2 0 0 0 0 0 0 0 0 0
24.0 -273.7 2418.3 0 0 0 0 0 0 0 0 0
-238.0 -848.4 2496.5 0 0 0 0 0 0 0 0 0
-79.6 -840.4 2508.4 0 0 0 0 0 0 0 0 0
-165.5 441.3 2495.8 24 0.9838149548 -0.0090559656 -0.1789584458 0.0094330534 0.9999547005 0.0012562877 0.1789389551 -0.0029240791 0.9838558435
-163.7 243.6 2496.4 0.9838149548 -0.0090559656 -0.1789584458 0.0094330534 0.9999547005 0.0012562877 0.1789389551 -0.0029240791 0.9838558435
-161.3 49.5 2496.8 0.9837800264 -0.0125010349 -0.1789428592 0.0126717687 0.9999197125 -0.0001888737 0.1789308488 -0.0020817125 0.9838594198
-298.1 241.9 2471.9 0.3094714582 -0.7564731836 -0.5761733651 0.7771174908 0.5503900647 -0.3052199781 0.5480108261 -0.3532975018 0.7581985593
-369.5 62.5 2345.5 -0.6259418130 -0.7564731836 -0.1895921230 -0.4526768625 0.5503900647 -0.7015371919 0.6350436807 -0.3532975018 -0.6869500279
-29.3 245.3 2520.8 0.2349683791 0.7318000793 0.6397331357 -0.9691445827 0.2268202156 0.0964953676 -0.0744890794 -0.6426672935 0.7625156641
