-232.1 485.3 2309.3 8 0.9541496634 0.2726884186 -0.1234482452 -0.2486145198 0.9516333938 0.1805124134 0.1667011082 -0.1415448189 0.9757949710
-302.3 240.1 2345.8 0.9541496634 0.2726884186 -0.1234482452 -0.2486145198 0.9516333938 0.1805124134 0.1667011082 -0.1415448189 0.9757949710
-279.4 52.1 2395.3 0.9860001802 -0.1171395928 -0.1186672896 0.1428935230 0.9603782892 0.2392800748 0.0859363228 -0.2528869808 0.9636716843
-442.8 219.7 2333.5 0.1392790228 -0.2823615968 -0.9491434693 0.9898125529 0.0682861432 0.1249323785 0.0295372438 -0.9568745494 0.2889958620
-477.7 -27.7 2326.1 -0.4444372058 -0.2823615968 -0.8501455784 0.8746472597 0.0682861432 -0.4799262285 0.1935658902 -0.9568745494 0.2166178823
-161.8 260.4 2358.1 0.6208435297 0.7752007246 0.1166923493 -0.3040426970 0.3753097951 -0.8756144047 -0.7225727439 0.5081400871 0.4687027931
-48.0 204.7 2225.6 -0.3804520965 0.7752007246 0.5043014884 0.9195138812 0.3753097951 0.1167764887 -0.0987440720 0.5081400871 -0.8555952907
-341.2 -158.5 2426.2 0.9665990472 0.2389915287 -0.0925703868 -0.2447677106 0.9679087996 -0.0569321625 0.0759933889 0.0776888207 0.9940772057
-434.8 -537.7 2395.7 0.9863432646 0.0168397445 -0.1638395488 -0.0760113820 0.9290292263 -0.3621146381 0.1461138129 0.3696230054 0.9176217318
-163.3 -131.2 2442.7 -0.8322235346 0.0107584288 0.5543358326 -0.0103301145 0.9993373156 -0.0349035077 -0.5543439984 -0.0347738713 -0.8315609097
-167.5 -522.5 2456.3 -0.8392145634 -0.0924290493 0.5358878374 0.0474555865 0.9692422748 0.2414900064 -0.5417258143 0.2280928046 -0.8090159297
-358.5 -262.2 2274.3 0 0 0 0 0 0 0 0 0
-145.5 440.2 2200.3 0 0 0 0 0 0 0 0 0
-439.1 -776.0 2300.9 0 0 0 0 0 0 0 0 0
-144.5 -763.8 2399.5 0 0 0 0 0 0 0 0 0
-231.1 485.5 2309.3 9 0.9535186887 0.2711209655 -0.1315124333 -0.2468430102 0.9530951381 0.1751518846 0.1728312075 -0.1345476657 0.9757183194
-301.7 237.3 2344.3 0.9535186887 0.2711209655 -0.1315124333 -0.2468430102 0.9530951381 0.1751518846 0.1728312075 -0.1345476657 0.9757183194
-276.3 50.4 2396.6 0.9834888577 -0.1300004870 -0.1258949339 0.1583671421 0.9549173117 0.2511030734 0.0875757262 -0.2668946981 0.9597383738
-441.9 214.7 2331.9 0.1440590024 -0.2711982131 -0.9516819715 0.9891585708 0.0671637580 0.1305924803 0.0285020862 -0.9601773620 0.2779335678
-476.6 -23.9 2325.0 -0.4295115769 -0.2711982131 -0.8613775969 0.8842899799 0.0671637580 -0.4620824754 0.1831692904 -0.9601773620 0.2109702528
-161.6 259.9 2356.8 0.6248012781 0.7696419358 0.1314330399 -0.3029945791 0.3941459954 -0.8676653504 -0.7195954919 0.5022949576 0.4794602692
-48.3 204.9 2226.4 -0.3894385397 0.7696419358 0.5059534907 0.9132181406 0.3941459954 0.1033514738 -0.1198759079 0.5022949576 -0.8563466668
-345.6 -148.8 2437.0 0.9693677425 0.2234379500 -0.1019882634 -0.2311919034 0.9702591300 -0.0717462152 0.0829242170 0.0931273252 0.9921949506
-433.1 -528.8 2400.5 0.9860818982 0.0239604022 -0.1645247042 -0.0827274099 0.9290742874 -0.3605234325 0.1442173868 0.3691163361 0.9181255102
-167.3 -123.0 2452.6 -0.8298130035 0.0024862632 0.5580360293 -0.0119946161 0.9996795654 -0.0222902372 -0.5579126477 -0.0251901560 -0.8295173049
-168.3 -514.4 2462.4 -0.8385444880 -0.0880858228 0.5376653075 0.0591182411 0.9663069844 0.2505112588 -0.5416162610 0.2418506742 -0.8050839305
-361.5 -260.9 2275.9 0 0 0 0 0 0 0 0 0
-148.0 438.7 2195.7 0 0 0 0 0 0 0 0 0
-439.5 -777.4 2301.8 0 0 0 0 0 0 0 0 0
-145.9 -759.9 2401.0 0 0 0 0 0 0 0 0 0
-231.8 486.1 2304.3 0 0.9535008073 0.2721384168 -0.1295256019 -0.2451372743 0.9502840638 0.1920100451 0.1753394306 -0.1513301730 0.9728079438
-302.9 237.8 2343.8 0.9535008073 0.2721384168 -0.1295256019 -0.2451372743 0.9502840638 0.1920100451 0.1753394306 -0.1513301730 0.9728079438
-276.9 51.3 2397.6 0.9833076000 -0.1325830370 -0.1246111467 0.1612287462 0.9523228407 0.2590105236 0.0843296424 -0.2747779191 0.9578024745
-443.0 214.8 2331.8 0.1154682040 -0.2360437959 -0.9648576975 0.9923647046 0.0698068440 0.1016824543 0.0433521569 -0.9692318439 0.2423020005
-471.6 -31.3 2321.1 -0.4169840515 -0.2360437959 -0.8777286410 0.8936424851 0.0698068440 -0.4433171153 0.1659137309 -0.9692318439 0.1818304360
-162.7 260.7 2355.8 0.6312290430 0.7638268471 0.1346047372 -0.3053319454 0.4042631686 -0.8621737957 -0.7129672766 0.5031300187 0.4884033799
-49.3 205.9 2227.7 -0.3943709731 0.7638268471 0.5109207630 0.9094212055 0.4042631686 0.0975929350 -0.1320023388 0.5031300187 -0.8540700078
-339.7 -150.9 2440.9 0.9655571580 0.2360883206 -0.1093692034 -0.2472729832 0.9634169340 -0.1033629477 0.0809653550 0.1268468797 0.9886124134
-432.1 -528.0 2391.3 0.9862124324 0.0270546675 -0.1632577777 -0.0809689611 0.9392791390 -0.3334647417 0.1443228424 0.3420858681 0.9285193682
-161.9 -122.3 2456.8 -0.8306237459 0.0181181729 0.5565392375 0.0056865546 0.9996944070 -0.0240580495 -0.5568050146 -0.0168183967 -0.8304729462
-169.0 -513.7 2463.3 -0.8370526433 -0.0931260809 0.5391385555 0.0590876080 0.9642573595 0.2582952976 -0.5439223051 0.2480631620 -0.8016315699
-359.9 -270.9 2276.6 0 0 0 0 0 0 0 0 0
-150.3 438.7 2193.9 0 0 0 0 0 0 0 0 0
-439.3 -777.0 2300.6 0 0 0 0 0 0 0 0 0
-145.1 -761.2 2399.7 0 0 0 0 0 0 0 0 0
-234.7 489.3 2308.3 1 0.9565969110 0.2578165233 -0.1358417273 -0.2304845452 0.9546056986 0.1886923909 0.1783232987 -0.1491931379 0.9725955725
-301.6 241.5 2347.0 0.9565969110 0.2578165233 -0.1358417273 -0.2304845452 0.9546056986 0.1886923909 0.1783232987 -0.1491931379 0.9725955725
-277.5 55.3 2402.6 0.9838127494 -0.1231054291 -0.1302211136 0.1544861197 0.9508967400 0.2681966126 0.0908103734 -0.2839725912 0.9545224309
-441.8 219.5 2334.1 0.1218693107 -0.2293301225 -0.9656891823 0.9914111495 0.0746421590 0.1073895171 0.0474534705 -0.9704824686 0.2364570349
-472.6 -31.5 2322.1 -0.4166014791 -0.2293301225 -0.8796879649 0.8935862780 0.0746421590 -0.4426422417 0.1671730131 -0.9704824686 0.1738302112
-161.4 263.5 2360.0 0.6177783012 0.7734403610 0.1419154406 -0.3146398365 0.4085265398 -0.8568009138 -0.7206606865 0.4846607447 0.4957339764
-48.0 205.7 2227.7 -0.3960337341 0.7734403610 0.4949214756 0.9084451199 0.4085265398 0.0885069892 -0.1337336749 0.4846607447 -0.8644184470
-339.8 -149.8 2443.8 0.9638073444 0.2378540784 -0.1204192117 -0.2505000532 0.9625458717 -0.1037071347 0.0912418440 0.1301187277 0.9872912765
-433.0 -526.7 2392.9 0.9841917753 0.0243027508 -0.1754307151 -0.0834318027 0.9373651743 -0.3382095397 0.1562232077 0.3474995494 0.9245746732
-162.1 -120.6 2459.1 -0.8260338902 0.0183823481 0.5633205771 0.0106921261 0.9997991920 -0.0169470105 -0.5635190010 -0.0079757106 -0.8260645866
-169.3 -512.2 2462.2 -0.8315668702 -0.0952895284 0.5471895933 0.0570956729 0.9652889371 0.2548674047 -0.5524822474 0.2431814522 -0.7972616553
-360.9 -271.1 2277.2 0 0 0 0 0 0 0 0 0
-149.4 438.4 2193.4 0 0 0 0 0 0 0 0 0
-439.3 -773.0 2301.5 0 0 0 0 0 0 0 0 0
-144.6 -762.0 2399.2 0 0 0 0 0 0 0 0 0
-235.1 491.3 2309.8 2 0.9539325237 0.2386989295 -0.1817568243 -0.2084054500 0.9629963040 0.1708956659 0.2158237547 -0.1251438111 0.9683796167
-299.6 231.2 2343.6 0.9539325237 0.2386989295 -0.1817568243 -0.2084054500 0.9629963040 0.1708956659 0.2158237547 -0.1251438111 0.9683796167
-274.4 44.1 2395.7 0.9757114053 -0.1281583905 -0.1776587516 0.1695494354 0.9553439617 0.2420143634 0.1387090385 -0.2662581205 0.9538691640
-438.5 207.1 2323.8 0.1301360279 -0.2814449668 -0.9507120252 0.9914164543 0.0490933210 0.1211743802 0.0125696901 -0.9583206773 0.2854180038
-469.7 -30.6 2320.8 -0.4156503081 -0.2814449668 -0.8648835421 0.8938996792 0.0490933210 -0.4455706775 0.1678636372 -0.9583206773 0.2311779112
-160.7 255.2 2363.4 0.6123633385 0.7710738778 0.1745171994 -0.2711376846 0.4121947885 -0.8698159456 -0.7426274419 0.4853252172 0.4614801407
-49.5 206.0 2228.5 -0.3953838050 0.7710738778 0.4991159737 0.9073964357 0.4121947885 0.0820194483 -0.1424899548 0.4853252172 -0.8626447916
-342.3 -144.9 2450.0 0.9600151181 0.2322354168 -0.1563257128 -0.2498646826 0.9626400471 -0.1043638662 0.1262483895 0.1392511576 0.9821763635
-433.3 -521.9 2395.5 0.9777470827 0.0241988413 -0.2083867490 -0.0949421003 0.9368209243 -0.3366787136 0.1870738268 0.3489713073 0.9182714224
-164.5 -117.0 2466.4 -0.8001326919 0.0114092780 0.5997145772 0.0123403165 0.9999206066 -0.0025586868 -0.5996960998 0.0053533786 -0.8002099395
-168.9 -508.6 2464.3 -0.8075820208 -0.0873901099 0.5832445621 0.0756768063 0.9654289484 0.2494393885 -0.5848796964 0.2455808520 -0.7730496526
-358.2 -270.3 2275.8 0 0 0 0 0 0 0 0 0
-150.7 438.4 2192.0 0 0 0 0 0 0 0 0 0
-439.7 -772.0 2302.3 0 0 0 0 0 0 0 0 0
-146.0 -761.5 2400.0 0 0 0 0 0 0 0 0 0
-233.6 490.7 2302.0 3 0.9522284269 0.2341002822 -0.1961074024 -0.1960769594 0.9609871507 0.1950834841 0.2341257781 -0.1473118961 0.9609808922
-296.9 230.8 2341.9 0.9522284269 0.2341002822 -0.1961074024 -0.1960769594 0.9609871507 0.1950834841 0.2341257781 -0.1473118961 0.9609808922
-272.6 44.7 2397.6 0.9734228849 -0.1241080239 -0.1924710870 0.1722651571 0.9505874515 0.2582794130 0.1509060562 -0.2845711708 0.9467030168
-435.5 206.3 2320.4 0.1211348996 -0.2345824838 -0.9645192623 0.9924183488 0.0489699803 0.1127286926 0.0207883120 -0.9708619714 0.2387359440
-465.9 -42.5 2315.2 -0.4087557793 -0.2345824838 -0.8819805980 0.9011766315 0.0489699803 -0.4306769073 0.1442198306 -0.9708619714 0.1913834959
-158.2 255.3 2363.4 0.6126760244 0.7662565708 0.1935947984 -0.2707785666 0.4336434007 -0.8594372272 -0.7425005436 0.4741352797 0.4731687903
-48.3 206.7 2230.1 -0.4105991721 0.7662565708 0.4942258298 0.8980595469 0.4336434007 0.0737727731 -0.1577889025 0.4741352797 -0.8661976457
-337.3 -158.2 2435.4 0.9551938176 0.2429558337 -0.1690481156 -0.2586048245 0.9628791213 -0.0773781911 0.1439734250 0.1176278293 0.9825657010
-432.4 -535.2 2389.3 0.9735776186 0.0288978331 -0.2265205085 -0.1036582887 0.9397988319 -0.3256271780 0.2034737915 0.3405040801 0.9179626107
-161.1 -127.7 2460.4 -0.7906201482 0.0191244800 0.6120082140 0.0088128354 0.9997640252 -0.0198565349 -0.6122435331 -0.0103054484 -0.7906020880
-168.6 -519.2 2464.5 -0.7999758124 -0.0915364474 0.5930091143 0.0827074870 0.9620402455 0.2600731254 -0.5943048000 0.2570985258 -0.7620381713
-356.3 -284.1 2276.5 0 0 0 0 0 0 0 0 0
-153.4 436.7 2189.7 0 0 0 0 0 0 0 0 0
-439.8 -773.8 2302.9 0 0 0 0 0 0 0 0 0
-145.6 -760.6 2400.0 0 0 0 0 0 0 0 0 0
-234.4 496.2 2306.2 4 0.9581651092 0.2402857393 -0.1555068940 -0.2127358019 0.9613659978 0.1746965945 0.1914761513 -0.1343062967 0.9722647071
-300.7 230.8 2343.2 0.9581651092 0.2402857393 -0.1555068940 -0.2127358019 0.9613659978 0.1746965945 0.1914761513 -0.1343062967 0.9722647071
-275.0 43.5 2394.2 0.9795850515 -0.1317874193 -0.1518065333 0.1658865362 0.9564681053 0.2401049733 0.1135552898 -0.2603859007 0.9588035941
-440.2 207.1 2327.1 0.1045672446 -0.1929289997 -0.9756249785 0.9933930635 0.0669056326 0.0932410881 0.0472858958 -0.9789290428 0.1986504644
-466.4 -41.9 2315.2 -0.4109618962 -0.1929289997 -0.8910043240 0.9004411697 0.0669056326 -0.4298015535 0.1425343901 -0.9789290428 0.1462255418
-161.3 254.4 2359.4 0.6470974684 0.7413051724 0.1781333536 -0.2743378580 0.4443967640 -0.8527897000 -0.7113392949 0.5029693246 0.4909361005
-47.0 206.0 2233.8 -0.4155165553 0.7413051724 0.5270793438 0.8923854232 0.4443967640 0.0784839988 -0.1760517657 0.5029693246 -0.8461841345
-336.2 -157.0 2439.7 0.9601979852 0.2495993823 -0.1253792942 -0.2610480189 0.9615833759 -0.0849197507 0.0993667319 0.1142697930 0.9884678125
-433.9 -533.6 2394.9 0.9817845821 0.0234812386 -0.1885408610 -0.0882832855 0.9350826740 -0.3432585597 0.1682411581 0.3536509871 0.9201227427
-160.3 -125.9 2467.0 -0.8154708147 0.0242413599 0.5782903433 0.0193037391 0.9997057915 -0.0146856904 -0.5784762502 -0.0008125854 -0.8156988025
-169.8 -517.4 2467.3 -0.8223524690 -0.0944459438 0.5610850453 0.0752089173 0.9594308138 0.2717281282 -0.5639858842 0.2656548917 -0.7818870544
-356.2 -283.3 2277.0 0 0 0 0 0 0 0 0 0
-153.4 434.5 2188.7 0 0 0 0 0 0 0 0 0
-440.0 -774.6 2303.8 0 0 0 0 0 0 0 0 0
-145.8 -761.3 2399.8 0 0 0 0 0 0 0 0 0
-235.3 494.6 2314.2 5 0.9658042192 0.2199815065 -0.1372235417 -0.1952981055 0.9653619528 0.1730172336 0.1705309749 -0.1403012723 0.9753126502
-291.5 247.9 2350.1 0.9658042192 0.2199815065 -0.1372235417 -0.1952981055 0.9653619528 0.1730172336 0.1705309749 -0.1403012723 0.9753126502
-273.1 59.0 2397.2 0.9865167141 -0.0944116116 -0.1336833686 0.1232676655 0.9659523964 0.2274664789 0.1076563001 -0.2408783287 0.9645661116
-431.9 230.4 2334.8 0.1370883584 -0.1684917063 -0.9761236310 0.9885874987 0.0854109004 0.1240957752 0.0624624901 -0.9819957018 0.1782776266
-469.1 -38.0 2317.8 -0.4058456719 -0.1684917063 -0.8982760310 0.9018661380 0.0854109004 -0.4234884083 0.1480768472 -0.9819957018 0.1172933206
-151.1 265.5 2365.3 0.5911902189 0.7805179954 0.2031891346 -0.3476974964 0.4739594460 -0.8089925051 -0.7277365923 0.4076201022 0.5515843630
-44.8 203.0 2234.5 -0.4352656901 0.7805179954 0.4487042129 0.8800606132 0.4739594460 0.0292538647 -0.1898344308 0.4076201022 -0.8932014108
-337.7 -158.8 2434.9 0.9630166888 0.2426051199 -0.1172245070 -0.2533413768 0.9634246826 -0.0873556212 0.0917440653 0.1138227433 0.9892559648
-432.8 -536.1 2390.3 0.9838051200 0.0241400320 -0.1776085049 -0.0845024511 0.9363263249 -0.3408113420 0.1580723226 0.3503002822 0.9232025146
-160.8 -128.7 2455.4 -0.8218336701 0.0217785910 0.5693110824 -0.0047579766 0.9989718795 -0.0450833775 -0.5697076321 -0.0397598073 -0.8208851218
-169.4 -519.7 2470.9 -0.8330892920 -0.0931189433 0.5452440977 0.0786652192 0.9557631016 0.2834231555 -0.5475162268 0.2790085375 -0.7889107466
-360.3 -279.8 2278.1 0 0 0 0 0 0 0 0 0
-156.2 428.3 2185.9 0 0 0 0 0 0 0 0 0
-438.9 -776.2 2300.5 0 0 0 0 0 0 0 0 0
-145.6 -763.6 2399.8 0 0 0 0 0 0 0 0 0
-235.8 493.4 2314.2 6 0.9627300501 0.2395631671 -0.1255402714 -0.2165986896 0.9608845711 0.1725859195 0.1619749367 -0.1389617920 0.9769614935
-297.0 248.1 2349.7 0.9627300501 0.2395631671 -0.1255402714 -0.2165986896 0.9608845711 0.1725859195 0.1619749367 -0.1389617920 0.9769614935
-277.8 58.5 2394.4 0.9876224399 -0.0981270969 -0.1223639399 0.1229922250 0.9686341882 0.2159184068 0.0973384529 -0.2282956839 0.9687137604
-437.6 230.6 2335.9 0.1738796234 -0.3319950402 -0.9271165729 0.9847605228 0.0620058179 0.1624867618 0.0035418216 -0.9412409663 0.3377171755
-480.2 -10.3 2335.0 -0.4031362236 -0.3319950402 -0.8527956605 0.8927915692 0.0620058179 -0.4461821914 0.2010085732 -0.9412409663 0.2714055777
-156.3 265.7 2363.6 0.6160907745 0.7702928185 0.1645635515 -0.3931124508 0.4817364514 -0.7831938267 -0.6825648546 0.4178265035 0.5996050835
-43.3 193.5 2238.3 -0.4309293032 0.7702928185 0.4700520635 0.8762068748 0.4817364514 0.0138390996 -0.2157810628 0.4178265035 -0.8825302124
-343.8 -141.2 2434.7 0.9688627720 0.2262136191 -0.1006591693 -0.2345073223 0.9688239098 -0.0799157768 0.0794429779 0.1010327414 0.9917061925
-432.4 -520.6 2395.2 0.9868391156 0.0250730794 -0.1597496420 -0.0799022242 0.9344852567 -0.3469191790 0.1405853629 0.3551177680 0.9241899848
-165.7 -118.9 2454.1 -0.8289398551 0.0109157413 0.5592312217 -0.0225259513 0.9983469248 -0.0528767966 -0.5588840246 -0.0564288981 -0.8273236752
-170.0 -509.7 2476.2 -0.8433246613 -0.0899832249 0.5298174620 0.0795679167 0.9541091919 0.2886945605 -0.5314813852 0.2856197059 -0.7974640727
-372.2 -249.3 2281.2 0 0 0 0 0 0 0 0 0
-153.6 417.8 2183.0 0 0 0 0 0 0 0 0 0
-439.2 -774.6 2298.6 0 0 0 0 0 0 0 0 0
-145.9 -764.5 2399.9 0 0 0 0 0 0 0 0 0
-238.8 497.9 2327.3 7 0.9808629751 0.1708461195 -0.0933776796 -0.1548494697 0.9752578735 0.1577775478 0.1180230007 -0.1402986795 0.9830497503
-277.5 277.0 2359.0 0.9808629751 0.1708461195 -0.0933776796 -0.1548494697 0.9752578735 0.1577775478 0.1180230007 -0.1402986795 0.9830497503
-275.6 85.5 2394.3 0.9957306385 -0.0105362153 -0.0917033404 0.0268230848 0.9836219549 0.1782368422 0.0883234814 -0.1799356490 0.9797050953
-418.7 273.2 2346.8 0.2366098315 -0.3238885999 -0.9160305262 0.9714025259 0.0980938300 0.2162285000 0.0198229905 -0.9409961700 0.3378361762
-487.1 -7.4 2341.1 -0.4345863461 -0.3238885999 -0.8403754234 0.8680437207 0.0980938300 -0.4867008328 0.2400725037 -0.9409961700 0.2385192364
-136.3 280.9 2371.3 0.5015820861 0.8454653621 0.1833131909 -0.5264356136 0.4664388597 -0.7108448148 -0.6864990592 0.2600444257 0.6790404916
-43.4 183.4 2244.1 -0.4100355506 0.8454653621 0.3421391249 0.8789705038 0.4664388597 -0.0992249772 -0.2434782684 0.2600444257 -0.9343956709
-352.3 -131.0 2428.3 0.9762185812 0.1987428516 -0.0865943134 -0.2056388706 0.9753798246 -0.0796669722 0.0686291084 0.0955795348 0.9930531979
-432.1 -522.5 2389.9 0.9904023409 0.0270303711 -0.1355452389 -0.0710976794 0.9406251907 -0.3319177330 0.1185254008 0.3383690417 0.9335191846
-169.5 -119.9 2447.9 -0.8390954733 -0.0019373568 0.5439807773 -0.0336709693 0.9982612133 -0.0483825356 -0.5429411530 -0.0589139238 -0.8377016783
-168.7 -510.8 2471.0 -0.8532720208 -0.0891100988 0.5137959123 0.0678441375 0.9579464197 0.2788115144 -0.5170338154 0.2727600932 -0.8113433123
-370.8 -239.7 2276.8 0 0 0 0 0 0 0 0 0
-148.3 408.3 2181.8 0 0 0 0 0 0 0 0 0
-439.3 -774.6 2299.2 0 0 0 0 0 0 0 0 0
-145.2 -764.1 2398.9 0 0 0 0 0 0 0 0 0
-238.4 499.1 2325.8 8 0.9752898216 0.1781935841 -0.1306016594 -0.1552428901 0.9733565450 0.1687503606 0.1571922153 -0.1443055421 0.9769680500
-280.2 271.2 2359.6 0.9752898216 0.1781935841 -0.1306016594 -0.1552428901 0.9733565450 0.1687503606 0.1571922153 -0.1443055421 0.9769680500
-274.5 78.8 2392.2 0.9909289479 -0.0291982871 -0.1311767399 0.0503801778 0.9856367707 0.1611891538 0.1245861799 -0.1663357019 0.9781669974
-420.9 264.1 2342.0 0.3371294141 -0.4679590464 -0.8169198632 0.9355342984 0.0693296343 0.3463653028 -0.1054480299 -0.8810265064 0.4611648023
-500.7 42.6 2366.9 -0.4074657857 -0.4679590464 -0.7842103839 0.8677057028 0.0693296343 -0.4922196865 0.2847076654 -0.8810265064 0.3778012693
-139.4 278.4 2377.1 0.5066342354 0.8269444704 0.2438947111 -0.4437382519 0.4926467538 -0.7485957146 -0.7392010093 0.2710388005 0.6165385842
-48.6 198.8 2244.7 -0.4254891574 0.8269444704 0.3675892055 0.8633892536 0.4926467538 -0.1088953167 -0.2711420059 0.2710388005 -0.9235908389
-363.5 -107.1 2420.2 0.9790852070 0.1705087423 -0.1109905168 -0.1763432026 0.9832999110 -0.0449928567 0.1014652923 0.0636242628 0.9928025007
-430.3 -492.9 2395.3 0.9876937866 0.0292282570 -0.1536448598 -0.0768450126 0.9463173747 -0.3139716685 0.1362199634 0.3219147027 0.9369178414
-184.2 -103.7 2437.4 -0.8167853951 -0.0343409926 0.5759186149 -0.0878345743 0.9939924479 -0.0652996972 -0.5702163577 -0.1039214060 -0.8148948550
-170.8 -492.4 2478.0 -0.8436168432 -0.0866900682 0.5299013853 0.0753459334 0.9580040574 0.2766789198 -0.5316329598 0.2733369172 -0.8016566038
-391.7 -189.6 2290.8 0 0 0 0 0 0 0 0 0
-159.2 423.2 2174.2 0 0 0 0 0 0 0 0 0
-439.0 -772.8 2300.0 0 0 0 0 0 0 0 0 0
-146.2 -763.7 2400.6 0 0 0 0 0 0 0 0 0
-238.6 501.9 2332.5 9 0.9701154828 0.2044073343 -0.1307426691 -0.1836756915 0.9707244039 0.1547816396 0.1585536003 -0.1261418164 0.9792594314
-287.1 271.9 2362.4 0.9701154828 0.2044073343 -0.1307426691 -0.1836756915 0.9707244039 0.1547816396 0.1585536003 -0.1261418164 0.9792594314
-277.5 79.4 2395.6 0.9902839065 -0.0488274097 -0.1302062571 0.0697748438 0.9843993187 0.1615224481 0.1202882305 -0.1690382063 0.9782416821
-427.9 261.9 2345.4 0.3401213586 -0.5420634151 -0.7684300542 0.9332442284 0.0940821543 0.3467040658 -0.1156400293 -0.8350543976 0.5378769040
-507.4 44.0 2372.4 -0.4040940106 -0.5420634151 -0.7368007302 0.8420957923 0.0940821543 -0.5310586095 0.3571872413 -0.8350543976 0.4184512496
-146.2 281.8 2379.5 0.5336258411 0.7988033295 0.2777708471 -0.3767189085 0.5185708404 -0.7675722241 -0.7571831346 0.3049548864 0.5776471496
-49.2 213.3 2241.8 -0.4522355497 0.7988033295 0.3967319131 0.8519104719 0.5185708404 -0.0730265155 -0.2640674412 0.3049548864 -0.9150251150
-358.1 -117.5 2412.9 0.9782153368 0.1758151054 -0.1103801951 -0.1841551512 0.9803666472 -0.0704849660 0.0958207399 0.0892765597 0.9913869500
-427.0 -501.7 2377.9 0.9887624383 0.0448807292 -0.1425992101 -0.0812562555 0.9620097876 -0.2606426477 0.1254840046 0.2693007290 0.9548460245
-179.5 -109.1 2436.1 -0.8190326691 -0.0261832345 0.5731490850 -0.0620278269 0.9971440434 -0.0430854075 -0.5703840852 -0.0708395541 -0.8183176517
-169.3 -499.2 2463.8 -0.8360989690 -0.0798702911 0.5427331328 0.0623488724 0.9690980911 0.2386660576 -0.5450239778 0.2333872467 -0.8052821159
-399.5 -180.9 2277.0 0 0 0 0 0 0 0 0 0
-169.1 439.1 2171.8 0 0 0 0 0 0 0 0 0
-439.6 -771.0 2302.5 0 0 0 0 0 0 0 0 0
-147.5 -763.2 2400.2 0 0 0 0 0 0 0 0 0
-240.2 508.5 2335.4 0 0.9800840616 0.1441497654 -0.1365870535 -0.1225223988 0.9802327752 0.1553446651 0.1562799960 -0.1355158538 0.9783720970
-271.7 294.4 2365.0 0.9800840616 0.1441497654 -0.1365870535 -0.1225223988 0.9802327752 0.1553446651 0.1562799960 -0.1355158538 0.9783720970
-273.6 101.4 2394.5 0.9905326962 0.0100375181 -0.1369095445 0.0108860126 0.9884390831 0.1512270421 0.1368446946 -0.1512857378 0.9789720178
-412.5 292.9 2345.6 0.3162150383 -0.4937198758 -0.8100917935 0.9469816089 0.1130838022 0.3007290065 -0.0568676367 -0.8622370362 0.5033024549
-500.5 29.2 2361.5 -0.4250809252 -0.4937198758 -0.7586480379 0.8335989714 0.1130838022 -0.5406706929 0.3527306616 -0.8622370362 0.3634946346
-130.9 296.0 2384.4 0.4477852285 0.8375927210 0.3129326403 -0.4150147438 0.5046930313 -0.7569991350 -0.7919918895 0.2091013789 0.5736073852
-49.5 220.5 2240.4 -0.4570911229 0.8375927210 0.2991757691 0.8570709825 0.5046930313 -0.1035099551 -0.2376911044 0.2091013789 -0.9485670924
-358.6 -114.8 2416.2 0.9759257436 0.1803222001 -0.1226902306 -0.1869195998 0.9813677073 -0.0444799289 0.1123835146 0.0663423166 0.9914477468
-429.9 -503.0 2390.0 0.9856789112 0.0344047807 -0.1650859267 -0.0828434378 0.9514830112 -0.2963394225 0.1468809545 0.3057717979 0.9407069683
-178.6 -106.8 2439.5 -0.8118941188 -0.0243214611 0.5832978487 -0.0504503548 0.9983171225 -0.0285957102 -0.5816207528 -0.0526442751 -0.8117548227
-169.1 -497.5 2460.1 -0.8259880543 -0.0795372576 0.5580480099 0.0587701686 0.9724483490 0.2255887240 -0.5606155396 0.2191301584 -0.7985563278
-386.8 -193.8 2267.1 0 0 0 0 0 0 0 0 0
-125.1 362.2 2201.1 0 0 0 0 0 0 0 0 0
-439.4 -766.2 2305.4 0 0 0 0 0 0 0 0 0
-147.7 -759.2 2401.2 0 0 0 0 0 0 0 0 0
-242.8 508.9 2344.8 1 0.9830488563 0.1069619730 -0.1489098072 -0.0871643871 0.9871855378 0.1336678863 0.1612989902 -0.1184224337 0.9797748327
-265.2 302.1 2369.6 0.9830488563 0.1069619730 -0.1489098072 -0.0871643871 0.9871855378 0.1336678863 0.1612989902 -0.1184224337 0.9797748327
-272.2 108.3 2393.7 0.9881161451 0.0362376831 -0.1493762434 -0.0171375554 0.9917262197 0.1272221208 0.1527505666 -0.1231502891 0.9805617332
-405.8 304.6 2348.0 0.3885690868 -0.5129404068 -0.7654451132 0.9138287902 0.1081164628 0.3914432526 -0.1180298254 -0.8515884876 0.5107504129
-507.4 65.6 2378.9 -0.4020825326 -0.5129404068 -0.7584337592 0.8462229967 0.1081164628 -0.5217446685 0.3496230841 -0.8515884876 0.3905901909
-124.6 299.6 2391.3 0.4002242386 0.8747324944 0.2732463479 -0.5037500262 0.4590734541 -0.7317700982 -0.7655432820 0.1552242786 0.6243788600
-47.5 202.6 2243.8 -0.4086754024 0.8747324944 0.2604370117 0.8709498644 0.4590734541 -0.1752081960 -0.2728200257 0.1552242786 -0.9494602084
-365.5 -90.4 2411.0 0.9778262377 0.1628595889 -0.1316534579 -0.1673797518 0.9856014252 -0.0239543803 0.1258566380 0.0454593450 0.9910063148
-429.6 -478.2 2393.1 0.9849011898 0.0315932594 -0.1702101082 -0.0799100101 0.9551610947 -0.2850994766 0.1535708457 0.2943963110 0.9432638884
-186.3 -90.7 2436.4 -0.8016293645 -0.0443110764 0.5961769223 -0.0842828304 0.9956656098 -0.0393248647 -0.5918502808 -0.0817714408 -0.8018894196
-169.0 -480.3 2468.4 -0.8242908120 -0.0715855733 0.5616227984 0.0746111870 0.9695881605 0.2330920994 -0.5612288713 0.2340390086 -0.7938815355
-399.7 -161.0 2285.2 0 0 0 0 0 0 0 0 0
-133.5 385.9 2186.4 0 0 0 0 0 0 0 0 0
-439.2 -769.6 2303.3 0 0 0 0 0 0 0 0 0
-148.5 -757.5 2401.5 0 0 0 0 0 0 0 0 0
-243.0 506.4 2340.6 2 0.9733457565 0.1721939892 -0.1514836550 -0.1518496573 0.9788638949 0.1369933784 0.1718713194 -0.1103391871 0.9789205790
-281.9 285.4 2365.5 0.9733457565 0.1721939892 -0.1514836550 -0.1518496573 0.9788638949 0.1369933784 0.1718713194 -0.1103391871 0.9789205790
-275.3 93.5 2398.9 0.9881707430 -0.0340230353 -0.1495361626 0.0588184632 0.9845937490 0.1646679491 0.1416298747 -0.1715155244 0.9749478698
-422.2 277.1 2345.6 0.3995707035 -0.6358503699 -0.6603313684 0.8918377757 0.1030033603 0.4404720962 -0.2120579928 -0.7649082541 0.6082324982
-510.0 81.3 2392.2 -0.3605265617 -0.6358503699 -0.6824330688 0.8366473913 0.1030033603 -0.5379697084 0.4123611450 -0.7649082541 0.4948471189
-141.6 293.8 2385.3 0.4964796305 0.8205710053 0.2831451297 -0.4370594919 0.5181272626 -0.7352027893 -0.7499912977 0.2412619442 0.6158779860
-46.9 210.4 2242.2 -0.4491794407 0.8205710053 0.3534134030 0.8456368446 0.5181272626 -0.1282281429 -0.2883334160 0.2412619442 -0.9266372323
-365.6 -89.0 2408.6 0.9801095128 0.1512292922 -0.1285108626 -0.1578604132 0.9865236282 -0.0430251993 0.1202723384 0.0624561869 0.9907743335
-424.1 -471.0 2384.4 0.9862256646 0.0512271412 -0.1572728753 -0.0896821618 0.9645473957 -0.2482045144 0.1389823407 0.2588902414 0.9558554888
-190.1 -87.1 2431.4 -0.8045799732 -0.0490789264 0.5918127298 -0.0986778513 0.9937734008 -0.0517408438 -0.5855883956 -0.1000284553 -0.8044131398
-170.9 -476.2 2470.6 -0.8308974504 -0.0812056735 0.5504680276 0.0684977025 0.9668407440 0.2460225075 -0.5521933436 0.2421252728 -0.7977830768
-413.6 -142.2 2282.0 0 0 0 0 0 0 0 0 0
-152.3 408.9 2174.6 0 0 0 0 0 0 0 0 0
-440.0 -770.0 2304.1 0 0 0 0 0 0 0 0 0
-147.3 -757.8 2400.1 0 0 0 0 0 0 0 0 0
-242.6 506.5 2331.9 3 0.9711068273 0.1747063547 -0.1625706851 -0.1461333632 0.9738994837 0.1736802459 0.1886705458 -0.1449050754 0.9712908864
-283.7 277.3 2366.0 0.9711068273 0.1747063547 -0.1625706851 -0.1461333632 0.9738994837 0.1736802459 0.1886705458 -0.1449050754 0.9712908864
-275.6 84.9 2399.1 0.9856833220 -0.0412638076 -0.1634800583 0.0678158402 0.9847306609 0.1603327245 0.1543678790 -0.1691238284 0.9734308720
-423.9 267.6 2344.2 0.3867025673 -0.6174536347 -0.6849905849 0.9043623209 0.1085013971 0.4127423763 -0.1805268526 -0.7790881991 0.6003595591
-511.5 62.7 2385.1 -0.4056297541 -0.6174536347 -0.6739550829 0.8046782613 0.1085013971 -0.5837125182 0.4335404932 -0.7790881991 0.4528401494
-143.5 286.9 2387.9 0.5158470869 0.7922241092 0.3260104358 -0.3865948915 0.5548703671 -0.7366568446 -0.7644908428 0.2539682984 0.5924980044
-46.2 214.0 2243.7 -0.4774492681 0.7922241092 0.3800305128 0.8227961063 0.5548703671 -0.1229854822 -0.3082997203 0.2539682984 -0.9167613387
-356.1 -106.2 2422.0 0.9738299251 0.1725982130 -0.1478687078 -0.1873457879 0.9779461622 -0.0923195481 0.1286734343 0.1176061183 0.9846887589
-423.2 -486.4 2376.3 0.9835571051 0.0591568574 -0.1706338674 -0.0979295224 0.9685611725 -0.2286898792 0.1517407596 0.2416396439 0.9584284425
-179.6 -93.2 2444.9 -0.7980588078 -0.0217338912 0.6021874547 -0.0550989285 0.9977948070 -0.0370087773 -0.6000551581 -0.0627150685 -0.7974964380
-171.1 -483.5 2469.5 -0.8164036870 -0.0861016959 0.5710266829 0.0722002089 0.9658447504 0.2488594502 -0.5729503632 0.2443980277 -0.7823026776
-403.1 -152.3 2269.3 0 0 0 0 0 0 0 0 0
-165.0 418.7 2167.0 0 0 0 0 0 0 0 0 0
-440.4 -767.3 2306.2 0 0 0 0 0 0 0 0 0
-146.5 -759.0 2399.7 0 0 0 0 0 0 0 0 0
-244.1 507.7 2334.6 4 0.9792490005 0.1226579323 -0.1613270342 -0.0951662213 0.9811305404 0.1683041751 0.1789267212 -0.1494588107 0.9724439979
-270.8 294.1 2367.1 0.9792490005 0.1226579323 -0.1613270342 -0.0951662213 0.9811305404 0.1683041751 0.1789267212 -0.1494588107 0.9724439979
-272.5 101.2 2397.5 0.9867130518 0.0087273968 -0.1622380763 0.0166909192 0.9878281355 0.1546512246 0.1616130471 -0.1553042829 0.9745572209
-411.1 291.8 2344.2 0.3841176331 -0.5428286195 -0.7468538880 0.9138658047 0.1082859114 0.3913098574 -0.1315404475 -0.8328332305 0.5376670957
-512.8 49.7 2379.1 -0.4574133456 -0.5428286195 -0.7043508291 0.7935492992 0.1082859114 -0.5987935066 0.4013135433 -0.8328332305 0.3812298775
-130.5 296.5 2390.0 0.4523643553 0.8302794099 0.3255804181 -0.4730972350 0.5328749418 -0.7015863061 -0.7560063004 0.1633414328 0.6338565350
-45.6 207.7 2248.2 -0.4552615881 0.8302794099 0.3215166926 0.8174861073 0.5328749418 -0.2185424864 -0.3527795076 0.1633414328 -0.9213393331
-356.2 -113.3 2419.2 0.9717713594 0.1787499040 -0.1539768726 -0.1915956289 0.9787583351 -0.0729602575 0.1376645118 0.1004019827 0.9853770733
-426.2 -496.6 2379.8 0.9816687703 0.0488829501 -0.1842197627 -0.0951910466 0.9631153345 -0.2516893744 0.1651215553 0.2646116912 0.9501134157
-178.6 -101.5 2446.0 -0.7957690358 -0.0175158549 0.6053468585 -0.0510537736 0.9979636669 -0.0382372886 -0.6034443974 -0.0613332912 -0.7950428128
-171.7 -492.1 2470.0 -0.8145422339 -0.0917427465 0.5728038549 0.0744117573 0.9627341628 0.2600111663 -0.5753119588 0.2544134259 -0.7773609161
-390.6 -162.3 2271.9 0 0 0 0 0 0 0 0 0
-163.5 419.4 2156.9 0 0 0 0 0 0 0 0 0
-439.8 -765.5 2306.0 0 0 0 0 0 0 0 0 0
-146.3 -759.2 2399.4 0 0 0 0 0 0 0 0 0
-242.9 506.1 2328.9 5 0.9790745378 0.1010643169 -0.1766325682 -0.0674729645 0.9800831079 0.1867740005 0.1919907779 -0.1709477454 0.9663935304
-264.0 301.3 2364.7 0.9790745378 0.1010643169 -0.1766325682 -0.0674729645 0.9800831079 0.1867740005 0.1919907779 -0.1709477454 0.9663935304
-272.1 108.7 2397.1 0.9832020402 0.0412703529 -0.1777933836 -0.0104806153 0.9852594137 0.1707456112 0.1822193265 -0.1660140604 0.9691416025
-403.9 302.8 2338.7 0.4236280918 -0.5770871043 -0.6982190013 0.8827331662 0.0900266990 0.4611695409 -0.2032766342 -0.8117054105 0.5475517511
-513.8 73.7 2391.5 -0.4307830036 -0.5770871043 -0.6938274503 0.8108348250 0.0900266990 -0.5783096552 0.3961980343 -0.8117054105 0.4291403294
-124.1 299.9 2390.6 0.4413139224 0.8417698145 0.3109109402 -0.5545461774 0.5282275081 -0.6430041194 -0.7054931521 0.1113522127 0.6999143362
-40.4 194.6 2256.7 -0.4490386844 0.8417698145 0.2996462286 0.7996246815 0.5282275081 -0.2856152952 -0.3987036943 0.1113522127 -0.9102944732
-363.1 -93.1 2413.7 0.9712945819 0.1632160097 -0.1730529070 -0.1722548455 0.9843011498 -0.0384651348 0.1640580446 0.0671701804 0.9841611385
-426.9 -478.4 2387.4 0.9776739478 0.0440996885 -0.2054479718 -0.0979291126 0.9606819749 -0.2598077059 0.1859127134 0.2741265595 0.9435523748
-185.2 -90.3 2442.4 -0.7838178277 -0.0328097343 0.6201234460 -0.0761123002 0.9961499572 -0.0434990153 -0.6163087487 -0.0812943280 -0.7832973599
-172.4 -480.3 2474.2 -0.8088703156 -0.0892185122 0.5811789036 0.0804710239 0.9623234868 0.2597267330 -0.5824545026 0.2568532825 -0.7712153792
-398.6 -143.3 2285.5 0 0 0 0 0 0 0 0 0
-160.3 408.1 2150.3 0 0 0 0 0 0 0 0 0
-440.2 -767.0 2305.1 0 0 0 0 0 0 0 0 0
-146.3 -761.1 2399.2 0 0 0 0 0 0 0 0 0
-242.9 507.5 2332.1 6 0.9841907620 0.0868955627 -0.1543299854 -0.0590913668 0.9825457335 0.1763862371 0.1669634581 -0.1644781381 0.9721471667
-260.7 306.7 2365.7 0.9841907620 0.0868955627 -0.1543299854 -0.0590913668 0.9825457335 0.1763862371 0.1669634581 -0.1644781381 0.9721471667
-271.5 113.7 2395.9 0.9863191843 0.0549199581 -0.1554293334 -0.0295390710 0.9864922762 0.1611225009 0.1621786654 -0.1543269753 0.9746184945
-401.1 310.8 2342.7 0.4492914081 -0.5944184661 -0.6669362187 0.8683354855 0.1150158048 0.4824571311 -0.2100732177 -0.7958882451 0.5678302646
-515.3 90.2 2396.0 -0.3976501822 -0.5944184661 -0.6989570856 0.8182041049 0.1150158048 -0.5633057356 0.4152304530 -0.7958882451 0.4406195879
-120.3 302.5 2388.8 0.4258026481 0.8558817506 0.2935276926 -0.6329601407 0.5135756135 -0.5793113112 -0.6465706229 0.0608809479 0.7604209185
-39.8 182.8 2266.5 -0.4380543232 0.8558817506 0.2749086916 0.7824828625 0.5135756135 -0.3520804942 -0.4425256848 0.0608809479 -0.8946868181
-368.8 -82.9 2413.3 0.9780108333 0.1391300261 -0.1553628445 -0.1494370997 0.9871439338 -0.0567043535 0.1454762071 0.0786744505 0.9862287045
-423.3 -469.3 2382.5 0.9824060798 0.0560647994 -0.1781432629 -0.0979509652 0.9668303132 -0.2358914614 0.1590090990 0.2491905093 0.9553115964
-191.4 -84.9 2445.9 -0.7964014411 -0.0483343564 0.6028338075 -0.0780843124 0.9966757298 -0.0232448447 -0.5997062922 -0.0655840859 -0.7975281477
-172.5 -475.1 2471.6 -0.8188591003 -0.0888144672 0.5670817494 0.0670414343 0.9663962126 0.2481607944 -0.5700659156 0.2412267029 -0.7853881121
-408.8 -128.8 2284.9 0 0 0 0 0 0 0 0 0
-159.7 397.1 2145.3 0 0 0 0 0 0 0 0 0
-440.6 -768.1 2305.4 0 0 0 0 0 0 0 0 0
-146.2 -761.8 2400.0 0 0 0 0 0 0 0 0 0
-244.7 507.3 2336.2 7 0.9875482917 0.0777678490 -0.1367499083 -0.0548081920 0.9848879576 0.1642917246 0.1474599540 -0.1547510028 0.9768867493
-260.4 308.0 2367.5 0.9875482917 0.0777678490 -0.1367499083 -0.0548081920 0.9848879576 0.1642917246 0.1474599540 -0.1547510028 0.9768867493
-272.2 114.7 2395.6 0.9886423945 0.0601634160 -0.1377190799 -0.0391597450 0.9878447652 0.1504303515 0.1450954676 -0.1433287859 0.9789811969
-401.2 313.6 2346.9 0.4565631151 -0.6273362637 -0.6308718920 0.8629313111 0.1396448016 0.4856427610 -0.2165633291 -0.7661256790 0.6051047444
-516.5 95.8 2401.5 -0.3690553010 -0.6273362637 -0.6857458949 0.8129892945 0.1396448016 -0.5652855635 0.4503849745 -0.7661256790 0.4584809840
-119.6 302.5 2388.1 0.4144582152 0.8708992004 0.2641192675 -0.6949711442 0.4902530611 -0.5259914994 -0.5875708461 0.0344462097 0.8084391952
-39.8 168.5 2274.9 -0.4189717472 0.8708992004 0.2568993270 0.7772542834 0.4902530611 -0.3943699896 -0.4694021940 0.0344462097 -0.8823123574
-371.3 -76.6 2411.6 0.9817625284 0.1307030916 -0.1380545199 -0.1399468929 0.9883708954 -0.0594800673 0.1286748350 0.0777156055 0.9886369705
-422.4 -463.7 2381.2 0.9857081175 0.0566615127 -0.1586475074 -0.0927275270 0.9687272906 -0.2301499695 0.1406455338 0.2415716797 0.9601364136
-193.2 -82.0 2440.8 -0.8060294390 -0.0522265062 0.5895667076 -0.0847445205 0.9960196614 -0.0276269894 -0.5857771635 -0.0722307190 -0.8072470427
-172.7 -472.1 2469.0 -0.8280730844 -0.0908071175 0.5532169938 0.0568094775 0.9681235552 0.2439457029 -0.5577344298 0.2334328294 -0.7965183258
-417.7 -121.8 2281.0 0 0 0 0 0 0 0 0 0
-156.6 385.3 2144.0 0 0 0 0 0 0 0 0 0
-440.1 -766.3 2305.7 0 0 0 0 0 0 0 0 0
-145.7 -760.2 2399.6 0 0 0 0 0 0 0 0 0
-243.0 506.6 2330.2 8 0.9866030216 0.0811749101 -0.1415099949 -0.0545431525 0.9816315174 0.1828238964 0.1537513882 -0.1726562083 0.9729081988
-259.4 308.7 2365.0 0.9866030216 0.0811749101 -0.1415099949 -0.0545431525 0.9816315174 0.1828238964 0.1537513882 -0.1726562083 0.9729081988
-273.0 115.9 2396.1 0.9873394370 0.0692434907 -0.1427100301 -0.0449154824 0.9849104285 0.1671347916 0.1521295905 -0.1586088836 0.9755510092
-400.1 315.1 2343.4 0.4513520896 -0.6533897519 -0.6077525020 0.8612074852 0.1406068355 0.4884171784 -0.2336726338 -0.7438490987 0.6261673570
-514.3 97.2 2402.5 -0.3464369178 -0.6533897519 -0.6730997562 0.8181329966 0.1406068355 -0.5575734377 0.4589551985 -0.7438490987 0.4858483374
-118.7 302.4 2386.7 0.4140712023 0.8722338676 0.2602943778 -0.7387834191 0.4890889823 -0.4636712968 -0.5317369103 -0.0003082155 0.8469095230
-39.0 160.0 2284.3 -0.4179265499 0.8722338676 0.2540580928 0.7449962497 0.4890889823 -0.4536216259 -0.5199211836 -0.0003082155 -0.8542141914
-373.3 -75.1 2410.6 0.9819577336 0.1159251034 -0.1494002342 -0.1285818815 0.9886254668 -0.0780150294 0.1386569887 0.0958176255 0.9856942892
-418.7 -462.2 2373.1 0.9839966893 0.0714703426 -0.1632255018 -0.1048529446 0.9728957415 -0.2061060071 0.1440709382 0.2199222893 0.9648200870
-194.8 -82.2 2436.7 -0.8028197289 -0.0585562661 0.5933393836 -0.0900457948 0.9956585169 -0.0235758759 -0.5893828869 -0.0723548904 -0.8046070933
-171.8 -472.2 2465.1 -0.8244369030 -0.0842320099 0.5596505404 0.0548011661 0.9723345637 0.2270734757 -0.5632944107 0.2178772539 -0.7970125079
-421.5 -122.0 2279.6 0 0 0 0 0 0 0 0 0
-157.1 370.6 2137.3 0 0 0 0 0 0 0 0 0
-440.8 -763.3 2305.0 0 0 0 0 0 0 0 0 0
-146.9 -759.7 2400.6 0 0 0 0 0 0 0 0 0
-243.4 505.9 2327.3 9 0.9865921140 0.0859309882 -0.1387509704 -0.0587757267 0.9801924825 0.1891247332 0.1522543281 -0.1784337908 0.9721007943
-260.6 308.7 2363.2 0.9865921140 0.0859309882 -0.1387509704 -0.0587757267 0.9801924825 0.1891247332 0.1522543281 -0.1784337908 0.9721007943
-275.7 116.1 2395.3 0.9871724844 0.0767117441 -0.1400208920 -0.0517693684 0.9834205508 0.1737927347 0.1510313600 -0.1643146127 0.9747770429
-401.3 316.1 2341.6 0.4641509652 -0.6702578664 -0.5790667534 0.8446940184 0.1382005215 0.5171002150 -0.2665631771 -0.7291467786 0.6303086877
-517.4 104.8 2408.3 -0.3313625455 -0.6702578664 -0.6640431285 0.8233993053 0.1382005215 -0.5503764153 0.4606651962 -0.7291467786 0.5060953498
-120.0 301.3 2384.7 0.3876693547 0.8925272226 0.2304508835 -0.7962751389 0.4501931369 -0.4040693939 -0.4643903375 -0.0268569831 0.8852233291
-44.1 145.5 2293.8 -0.3865060508 0.8925272226 0.2323966920 0.7328610420 0.4501931369 -0.5101380944 -0.5599355698 -0.0268569831 -0.8281008005
-375.8 -72.8 2413.4 0.9822394252 0.1141474023 -0.1489162594 -0.1261474788 0.9892650843 -0.0737662464 0.1388974339 0.0912415236 0.9860945344
-420.5 -460.3 2377.7 0.9843291640 0.0656106696 -0.1636806726 -0.1003782302 0.9716240168 -0.2141750604 0.1449839026 0.2272487283 0.9629837275
-197.4 -80.9 2440.9 -0.8043107390 -0.0650428757 0.5906383395 -0.0874639824 0.9961232543 -0.0094093103 -0.5877365470 -0.0592275895 -0.8068815470
-171.9 -471.1 2464.1 -0.8246918321 -0.0843177661 0.5592619777 0.0515431352 0.9735057354 0.2227775902 -0.5632288456 0.2125489712 -0.7984962463
-428.6 -115.8 2284.8 0 0 0 0 0 0 0 0 0
-154.7 355.2 2133.6 0 0 0 0 0 0 0 0 0
-440.9 -762.1 2307.1 0 0 0 0 0 0 0 0 0
-147.1 -757.1 2401.6 0 0 0 0 0 0 0 0 0
-243.3 508.4 2325.8 0 0.9908834696 0.0845994204 -0.1048469320 -0.0638226494 0.9801512957 0.1876967549 0.1186448932 -0.1792940050 0.9766150713
-260.3 310.9 2361.9 0.9908834696 0.0845994204 -0.1048469320 -0.0638226494 0.9801512957 0.1876967549 0.1186448932 -0.1792940050 0.9766150713
-275.4 118.3 2394.3 0.9913809299 0.0768900663 -0.1060743034 -0.0577744246 0.9832655787 0.1727741212 0.1175838262 -0.1651565880 0.9792330265
-401.5 319.1 2345.2 0.4776793122 -0.6693888307 -0.5689824820 0.8364691138 0.1485306472 0.5275017619 -0.2685924470 -0.7279129624 0.6308730841
-520.2 111.3 2411.9 -0.3301824927 -0.6693888307 -0.6655058861 0.8182403445 0.1485306472 -0.5553570390 0.4705978036 -0.7279129624 0.4986787140
-119.1 302.6 2378.7 0.3795248568 0.9005607963 0.2120168507 -0.8430797458 0.4310187399 -0.3216199577 -0.3810215592 -0.0566843487 0.9228268862
-45.2 138.4 2304.4 -0.3758384585 0.9005607963 0.2184850127 0.7063868642 0.4310187399 -0.5614627600 -0.5998024940 -0.0566843487 -0.7981377840
-379.9 -71.8 2413.9 0.9880788326 0.1002712026 -0.1168157980 -0.1101795584 0.9905490279 -0.0816888288 0.1075207368 0.0935857147 0.9897883534
-419.2 -459.7 2377.2 0.9893432260 0.0664233193 -0.1295680106 -0.0937688202 0.9714378119 -0.2179815024 0.1113882139 0.2278079689 0.9673138857
-201.5 -81.1 2441.2 -0.8229838014 -0.0790761411 0.5625341535 -0.0983635560 0.9951424599 -0.0040167957 -0.5594840050 -0.0586386174 -0.8267642856
-170.5 -470.9 2464.1 -0.8445038795 -0.0788094401 0.5297190547 0.0489156470 0.9736279249 0.2228361070 -0.5333108306 0.2140974998 -0.8183775544
-431.7 -108.1 2285.7 0 0 0 0 0 0 0 0 0
-153.2 341.3 2132.1 0 0 0 0 0 0 0 0 0
-439.9 -762.9 2306.1 0 0 0 0 0 0 0 0 0
-147.4 -756.9 2401.2 0 0 0 0 0 0 0 0 0
-242.8 508.6 2325.5 1 0.9936304092 0.0865929350 -0.0721129254 -0.0719405413 0.9800020456 0.1855276674 0.0867362022 -0.1791580766 0.9799894094
-260.2 311.8 2361.5 0.9936304092 0.0865929350 -0.0721129254 -0.0719405413 0.9800020456 0.1855276674 0.0867362022 -0.1791580766 0.9799894094
-275.8 119.2 2393.8 0.9941267371 0.0795652345 -0.0733578578 -0.0660764724 0.9830842614 0.1708193421 0.0857082307 -0.1649688482 0.9825677276
-401.7 321.2 2349.3 0.4616744518 -0.6598640084 -0.5928205252 0.8562026024 0.1567824632 0.4922767580 -0.2318918407 -0.7348460555 0.6373597383
-517.3 106.9 2407.3 -0.3298685551 -0.6598640084 -0.6751046181 0.8182574511 0.1567824632 -0.5530587435 0.4707880914 -0.7348460555 0.4882210493
