-334.3 465.9 2711.1 1 0.9057124853 -0.0291018989 -0.4228923917 0.0030308547 0.9980596304 -0.0621915832 0.4238817096 0.0550459698 0.9040432572
-328.6 267.3 2700.1 0.9057124853 -0.0291018989 -0.4228923917 0.0030308547 0.9980596304 -0.0621915832 0.4238817096 0.0550459698 0.9040432572
-322.7 69.1 2688.8 0.9057210088 -0.0297174901 -0.4228312671 0.0027408912 0.9979290962 -0.0642655045 0.4238654077 0.0570476837 0.9039267898
-460.9 266.9 2638.2 0.4690483510 -0.7310404181 -0.4955537617 -0.2651336789 0.4186695218 -0.8685735464 0.8424355984 0.5387909412 0.0025528129
-570.7 329.0 2440.9 -0.6270282269 -0.7310404181 -0.2691012323 -0.7236143947 0.4186695218 0.5487239957 -0.2884749472 0.5387909412 -0.7915089726
-196.3 267.8 2762.0 0.1158389300 0.9520782828 -0.2830694914 -0.9897581339 0.1345798671 0.0476138964 0.0834276080 0.2746547759 0.9579167962
-166.8 15.7 2783.3 0.1398440450 0.9584035873 -0.2488096207 -0.9787304997 0.0957014039 -0.1814602762 -0.1501007527 0.2688936889 0.9514020681
-400.8 -127.6 2642.0 0.8651237488 0.0082562994 -0.5014905334 0.0882189944 0.9817716479 0.1683504283 0.4937391281 -0.1898849458 0.8486256003
-404.1 -517.5 2717.4 0.8667574525 0.0726075768 -0.4934163094 -0.0986776650 0.9947541356 -0.0269608386 0.4888703525 0.0720576793 0.8693753481
-235.1 -127.4 2720.4 0.3664130867 0.2125294060 -0.9058547020 -0.0285414308 0.9756729603 0.2173651606 0.9300144315 -0.0537910499 0.3635652363
-319.5 -515.0 2741.8 0.3660746515 -0.0320511982 -0.9300333858 -0.0172668397 0.9990007281 -0.0412244573 0.9304252863 0.0311499666 0.3651553988
-405.2 520.0 2517.1 0 0 0 0 0 0 0 0 0
-129.0 -248.6 2742.7 0 0 0 0 0 0 0 0 0
-421.4 -754.0 2700.3 0 0 0 0 0 0 0 0 0
-311.5 -765.7 2734.0 0 0 0 0 0 0 0 0 0
-334.2 465.9 2710.1 2 0.9055635333 -0.0288852509 -0.4232260585 0.0045821201 0.9982869029 -0.0583290309 0.4241858721 0.0508813709 0.9041445851
-328.4 267.4 2700.0 0.9055635333 -0.0288852509 -0.4232260585 0.0045821201 0.9982869029 -0.0583290309 0.4241858721 0.0508813709 0.9041445851
-322.6 69.0 2689.7 0.9055677652 -0.0291938279 -0.4231958687 0.0044373721 0.9982264042 -0.0593666174 0.4241784215 0.0518826172 0.9040911794
-460.7 266.7 2638.0 0.4429399073 -0.7370563745 -0.5104430318 -0.2986595333 0.4155192971 -0.8591543436 0.8453441262 0.5330024362 -0.0360788330
-564.4 336.7 2440.0 -0.6294952631 -0.7370563745 -0.2459341735 -0.7090858221 0.4155192971 0.5696849823 -0.3176995814 0.5330024362 -0.7842036486
-196.1 268.0 2761.9 0.1047267765 0.9532445669 -0.2834732831 -0.9907494783 0.1247386634 0.0534387305 0.0863002539 0.2752545476 0.9574900270
-169.3 14.1 2784.1 0.1425114125 0.9567059875 -0.2537797689 -0.9810920954 0.1026142687 -0.1640995443 -0.1309535801 0.2723673582 0.9532403350
-399.8 -129.5 2638.5 0.8648833036 0.0117473407 -0.5018355250 0.0799708068 0.9837332368 0.1608528346 0.4955618382 -0.1792511344 0.8498749733
-404.5 -520.3 2709.8 0.8654428124 0.0660388470 -0.4966362715 -0.0802191198 0.9967508912 -0.0072503486 0.4945438504 0.0461144894 0.8679285049
-233.7 -128.9 2716.3 0.3690819144 0.2216246128 -0.9025857449 -0.0103924489 0.9720755816 0.2344377935 0.9293387532 -0.0771466717 0.3610787392
-321.7 -515.1 2746.9 0.3711046875 -0.0533178449 -0.9270590544 -0.0442193449 0.9962029457 -0.0749956518 0.9275375605 0.0688251853 0.3673379123
-399.1 522.9 2523.4 0 0 0 0 0 0 0 0 0
-131.0 -249.6 2748.9 0 0 0 0 0 0 0 0 0
-420.4 -760.3 2698.6 0 0 0 0 0 0 0 0 0
-308.5 -762.2 2729.9 0 0 0 0 0 0 0 0 0
-336.2 467.5 2704.6 3 0.9005149007 -0.0345496796 -0.4334504306 0.0182334054 0.9989619255 -0.0417449363 0.4344427288 0.0296886582 0.9002100229
-329.3 268.8 2698.6 0.9005149007 -0.0345496796 -0.4334504306 0.0182334054 0.9989619255 -0.0417449363 0.4344427288 0.0296886582 0.9002100229
-322.4 70.4 2692.6 0.9005144238 -0.0348205268 -0.4334297478 0.0182470568 0.9989365935 -0.0423407927 0.4344431460 0.0302196778 0.9001921415
-460.9 266.1 2635.2 0.4264944196 -0.7294813395 -0.5347518325 -0.3287445605 0.4257661402 -0.8430007100 0.8426324725 0.5353318453 -0.0582261495
-560.2 342.7 2439.0 -0.6472563148 -0.7294813395 -0.2211701572 -0.6827508807 0.4257661402 0.5937798023 -0.3389845192 0.5353318453 -0.7736338377
-197.8 271.5 2762.1 0.1081715673 0.9497212768 -0.2938170135 -0.9892917275 0.1319661736 0.0623444021 0.0979837105 0.2839268446 0.9538263679
-170.2 19.4 2787.1 0.1580222398 0.9532006383 -0.2577547431 -0.9763140678 0.1117580757 -0.1852593124 -0.1477831304 0.2809246778 0.9482834339
-399.9 -129.7 2640.4 0.8582302928 0.0229665078 -0.5127507448 0.0711127222 0.9840428829 0.1631028652 0.5083146691 -0.1764429063 0.8429021835
-409.0 -520.7 2710.5 0.8585047722 0.0560667068 -0.5097313523 -0.0639380962 0.9979516864 0.0020809141 0.5088039637 0.0308047775 0.8603311181
-233.8 -128.9 2718.2 0.3528697789 0.2263272405 -0.9078870416 -0.0121686254 0.9713323712 0.2374139279 0.9355933070 -0.0727284625 0.3455079496
-323.7 -514.9 2747.1 0.3546297252 -0.0671034828 -0.9325957894 -0.0366973542 0.9956539273 -0.0855953023 0.9342864156 0.0645784363 0.3506259620
-391.1 521.0 2527.6 0 0 0 0 0 0 0 0 0
-127.9 -242.5 2747.4 0 0 0 0 0 0 0 0 0
-422.2 -756.5 2703.3 0 0 0 0 0 0 0 0 0
-306.8 -765.1 2730.9 0 0 0 0 0 0 0 0 0
-338.9 463.9 2708.0 4 0.9000135064 -0.0479817018 -0.4332129061 0.0247111879 0.9979407191 -0.0591914356 0.4351609349 0.0425678864 0.8993458152
-329.3 265.4 2699.6 0.9000135064 -0.0479817018 -0.4332129061 0.0247111879 0.9979407191 -0.0591914356 0.4351609349 0.0425678864 0.8993458152
-319.8 67.2 2691.1 0.9000134468 -0.0481117256 -0.4331986010 0.0247123875 0.9979230762 -0.0594884641 0.4351609647 0.0428350456 0.8993331194
-460.8 261.8 2636.0 0.4048821926 -0.7289502025 -0.5519982576 -0.3597524762 0.4280093610 -0.8290875554 0.8406239152 0.5342655182 -0.0889482722
-555.9 346.3 2438.5 -0.6527280211 -0.7289502025 -0.2063437849 -0.6698051095 0.4280093610 0.6067693830 -0.3539875746 0.5342655182 -0.7676282525
-197.9 269.0 2763.1 0.1201090664 0.9472898245 -0.2970114052 -0.9874606729 0.1448690146 0.0627247393 0.1024462581 0.2857532799 0.9528115392
-167.7 21.4 2788.8 0.1384477317 0.9554372430 -0.2607142627 -0.9808123112 0.0957912728 -0.1697976887 -0.1372568905 0.2792198658 0.9503666759
-398.1 -129.8 2646.8 0.8565787673 0.0312963165 -0.5150663257 0.0559354872 0.9866459966 0.1529735774 0.5129756331 -0.1598444134 0.8433894515
-410.6 -521.8 2710.3 0.8576833010 0.0352388173 -0.5129693747 -0.0503389575 0.9986108541 -0.0155662689 0.5117082596 0.0391732752 0.8582657576
-233.0 -126.4 2726.5 0.3547696173 0.2258362025 -0.9072687030 -0.0097754812 0.9712318182 0.2379353046 0.9349026680 -0.0755432323 0.3467712104
-322.7 -512.4 2756.5 0.3591735959 -0.0582088009 -0.9314537644 -0.0727832988 0.9932662845 -0.0901372507 0.9304283857 0.1001691967 0.3525183797
-386.2 520.4 2530.6 0 0 0 0 0 0 0 0 0
-130.1 -245.0 2751.6 0 0 0 0 0 0 0 0 0
-419.0 -759.7 2701.0 0 0 0 0 0 0 0 0 0
-307.9 -765.7 2730.9 0 0 0 0 0 0 0 0 0
-345.7 463.1 2705.3 5 0.8978711963 -0.0639900267 -0.4355829954 0.0431059115 0.9974046350 -0.0576707348 0.4381428361 0.0330046937 0.8982992768
-333.0 264.7 2698.7 0.8978711963 -0.0639900267 -0.4355829954 0.0431059115 0.9974046350 -0.0576707348 0.4381428361 0.0330046937 0.8982992768
-320.3 66.6 2692.1 0.8978712559 -0.0640648231 -0.4355719388 0.0431054756 0.9973946810 -0.0578429103 0.4381428361 0.0331599489 0.8982935548
-464.1 258.4 2634.7 0.3848382235 -0.7256867886 -0.5703316927 -0.3767558038 0.4405887127 -0.8148230910 0.8425880671 0.5284508467 -0.1038513333
-553.7 346.1 2438.6 -0.6569113135 -0.7256867886 -0.2045633942 -0.6720529795 0.4405887127 0.5951691866 -0.3417780995 0.5284508467 -0.7771276832
-201.8 271.0 2762.7 0.1385854185 0.9424405694 -0.3043022752 -0.9812032580 0.1723284423 0.0868506208 0.1342914850 0.2865461409 0.9486079812
-166.8 23.0 2796.6 0.1273552924 0.9582015872 -0.2561841607 -0.9804528356 0.0825642645 -0.1785928160 -0.1499762684 0.2739212215 0.9499864578
-392.8 -133.3 2642.6 0.8531039357 0.0447094329 -0.5198218822 0.0565462150 0.9825297594 0.1773071736 0.5186677575 -0.1806554049 0.8356718421
-410.5 -523.6 2714.4 0.8547894955 0.0332360789 -0.5179095864 -0.0560583174 0.9980213642 -0.0284755230 0.5159384012 0.0533737168 0.8549612761
-227.7 -128.8 2722.5 0.3465579748 0.2404869497 -0.9066772461 -0.0160164442 0.9679535627 0.2506179214 0.9378917813 -0.0723318979 0.3393037617
-323.3 -513.4 2751.2 0.3489055634 -0.0615078621 -0.9351372719 -0.0506212860 0.9951501489 -0.0843422785 0.9357897043 0.0767653435 0.3440998197
-383.7 520.1 2527.0 0 0 0 0 0 0 0 0 0
-131.6 -247.7 2755.2 0 0 0 0 0 0 0 0 0
-418.6 -764.8 2701.5 0 0 0 0 0 0 0 0 0
-307.6 -766.5 2731.7 0 0 0 0 0 0 0 0 0
-352.6 460.7 2700.0 6 0.9023004770 -0.0777281672 -0.4240426421 0.0587869100 0.9966079593 -0.0575910285 0.4270806909 0.0270362590 0.9038092494
-337.1 262.5 2694.6 0.9023004770 -0.0777281672 -0.4240426421 0.0587869100 0.9966079593 -0.0575910285 0.4270806909 0.0270362590 0.9038092494
-321.7 64.5 2689.2 0.9023004174 -0.0777249634 -0.4240433574 0.0587878302 0.9966084361 -0.0575815327 0.4270807207 0.0270272512 0.9038094878
-468.9 253.9 2632.2 0.3511555195 -0.7512190938 -0.5588914156 -0.3899547458 0.4253361225 -0.8167156577 0.8512491584 0.5047366023 -0.1435823143
-548.7 342.6 2438.8 -0.6242766976 -0.7512190938 -0.2143559754 -0.7061828375 0.4253361225 0.5660343766 -0.3340425193 0.5047366023 -0.7960255146
-205.4 271.1 2757.0 0.1720041782 0.9407033324 -0.2923898995 -0.9760968089 0.2027811557 0.0781975761 0.1328518838 0.2719505429 0.9530966878
-162.1 25.6 2790.4 0.1061591208 0.9624015093 -0.2500270605 -0.9889416695 0.0760016963 -0.1273503304 -0.1035596728 0.2607815862 0.9598272443
-389.9 -135.5 2645.4 0.8577872515 0.0393073447 -0.5124997497 0.0572122186 0.9835745692 0.1711954325 0.5108109713 -0.1761704981 0.8414488435
-405.5 -526.3 2715.4 0.8576490283 0.0622870736 -0.5104492903 -0.0853602812 0.9961100817 -0.0218716674 0.5071013570 0.0623303093 0.8596296310
-225.2 -127.6 2725.7 0.3524083495 0.2581245899 -0.8995443583 -0.0261930972 0.9635534286 0.2662305534 0.9354797006 -0.0702600181 0.3463253677
-327.8 -510.4 2753.6 0.3536912501 -0.0818942785 -0.9317702651 -0.0412725918 0.9938231707 -0.1030148640 0.9344512224 0.0748920292 0.3481265903
-387.2 525.3 2525.2 0 0 0 0 0 0 0 0 0
-132.6 -249.5 2761.6 0 0 0 0 0 0 0 0 0
-420.6 -768.5 2700.2 0 0 0 0 0 0 0 0 0
-306.9 -763.9 2734.5 0 0 0 0 0 0 0 0 0
-355.2 459.9 2695.9 7 0.8991898894 -0.0846161023 -0.4292990565 0.0681631193 0.9962338805 -0.0535893068 0.4322167933 0.0189245977 0.9015711546
-338.3 261.7 2692.2 0.8991898894 -0.0846161023 -0.4292990565 0.0681631193 0.9962338805 -0.0535893068 0.4322167933 0.0189245977 0.9015711546
-321.5 63.8 2688.4 0.8991889358 -0.0846354961 -0.4292971790 0.0681740046 0.9962319732 -0.0536115207 0.4322170019 0.0189399756 0.9015706778
-469.7 251.8 2629.1 0.3611565828 -0.7335998416 -0.5756710768 -0.3630498648 0.4580136836 -0.8114297390 0.8589299917 0.5020505190 -0.1009186730
-551.1 333.6 2435.4 -0.6407449841 -0.7335998416 -0.2264444083 -0.7123296261 0.4580136836 0.5317988396 -0.2864129245 0.5020505190 -0.8160349131
-207.0 271.7 2755.3 0.1536851078 0.9411923289 -0.3008951247 -0.9771417379 0.1900257170 0.0953110382 0.1468838304 0.2793692946 0.9488824606
-168.2 24.7 2792.4 0.1237652823 0.9569382668 -0.2625858784 -0.9892024398 0.0980484262 -0.1089267731 -0.0784900635 0.2732319236 0.9587406516
-389.0 -138.8 2644.7 0.8527969718 0.0625644773 -0.5184814930 0.0390465334 0.9823807478 0.1827662140 0.5207809210 -0.1761073768 0.8353283405
-413.8 -529.1 2714.6 0.8540396690 0.0310846847 -0.5192782879 -0.0622554757 0.9971464276 -0.0426989980 0.5164692402 0.0687945560 0.8535378575
-223.5 -128.1 2723.0 0.3434449732 0.2495485842 -0.9054120779 -0.0292665176 0.9664282799 0.2552642822 0.9387167096 -0.0611709803 0.3392183483
-322.7 -512.1 2747.3 0.3440365791 -0.0584447570 -0.9371355772 -0.0390694924 0.9963055253 -0.0764779076 0.9381430745 0.0629246086 0.3404821455
-384.9 518.4 2509.7 0 0 0 0 0 0 0 0 0
-133.6 -251.5 2770.5 0 0 0 0 0 0 0 0 0
-421.1 -763.2 2698.5 0 0 0 0 0 0 0 0 0
-307.9 -764.7 2731.3 0 0 0 0 0 0 0 0 0
-359.0 462.7 2692.1 8 0.8863139153 -0.0989962965 -0.4523796737 0.0887805521 0.9950869083 -0.0438182428 0.4544949532 -0.0013257979 0.8907483220
-339.4 264.8 2692.3 0.8863139153 -0.0989962965 -0.4523796737 0.0887805521 0.9950869083 -0.0438182428 0.4544949532 -0.0013257979 0.8907483220
-319.7 67.2 2692.6 0.8862995505 -0.0992530212 -0.4523515403 0.0889245123 0.9950615764 -0.0441009104 0.4544947743 -0.0011385217 0.8907486796
-468.8 251.8 2626.0 0.3740354180 -0.7197495699 -0.5848573446 -0.3384115398 0.4812251925 -0.8086407781 0.8634669185 0.5003827810 -0.0635762811
-552.4 327.5 2432.8 -0.6465217471 -0.7197495699 -0.2529232800 -0.7272145748 0.4812251925 0.4894703925 -0.2305830419 0.5003827810 -0.8345349431
-210.0 277.8 2758.7 0.1747592539 0.9307127595 -0.3212988973 -0.9754039049 0.2081701308 0.0724737719 0.1343370974 0.3007307351 0.9442005157
-165.2 28.1 2793.0 0.1288192570 0.9506647587 -0.2822093964 -0.9883995056 0.0999993756 -0.1143087894 -0.0804485679 0.2936608195 0.9525184035
-387.2 -140.4 2645.0 0.8358744383 0.0713468790 -0.5442642570 0.0274184626 0.9848526120 0.1712119579 0.5482355356 -0.1580345780 0.8212568760
-415.5 -531.7 2707.8 0.8363355994 0.0194670260 -0.5478720665 -0.0363803245 0.9991371632 -0.0200337451 0.5470093489 0.0366866998 0.8363221884
-222.3 -127.9 2724.3 0.3177021444 0.2436574996 -0.9163494706 -0.0118019450 0.9673603773 0.2531295419 0.9481171370 -0.0696050897 0.3102081120
-319.1 -512.3 2751.9 0.3200241923 -0.0262869671 -0.9470446110 -0.0753331780 0.9957438707 -0.0530952029 0.9444095492 0.0883356258 0.3166818321
-384.5 516.4 2492.7 0 0 0 0 0 0 0 0 0
-129.2 -248.3 2770.5 0 0 0 0 0 0 0 0 0
-420.0 -762.3 2699.3 0 0 0 0 0 0 0 0 0
-312.4 -766.9 2729.4 0 0 0 0 0 0 0 0 0
-362.0 465.2 2687.5 9 0.8796680570 -0.1055677459 -0.4637235403 0.1017420217 0.9942519069 -0.0333425477 0.4645779133 -0.0178497974 0.8853523135
-341.0 267.5 2691.0 0.8796680570 -0.1055677459 -0.4637235403 0.1017420217 0.9942519069 -0.0333425477 0.4645779133 -0.0178497974 0.8853523135
-320.1 69.9 2694.6 0.8796538115 -0.1057899073 -0.4637000263 0.1018764302 0.9942306876 -0.0335639082 0.4645755291 -0.0177154839 0.8853563070
-469.5 252.6 2623.2 0.3644300103 -0.7279233932 -0.5807911158 -0.3204629123 0.4875575006 -0.8121522069 0.8743536472 0.4820946455 -0.0555918626
-548.8 322.3 2433.0 -0.6385161877 -0.7279233932 -0.2498492599 -0.7382320762 0.4875575006 0.4661556184 -0.2175096869 0.4820946455 -0.8486897349
-212.6 282.4 2758.8 0.1856829226 0.9222156405 -0.3391756415 -0.9654871225 0.2353918105 0.1114689633 0.1826376021 0.3067718446 0.9340955615
-164.4 31.8 2806.2 0.1387760639 0.9531513453 -0.2687818110 -0.9793533683 0.0918013752 -0.1801096350 -0.1469972134 0.2882272899 0.9462118149
-381.3 -138.7 2651.2 0.8265221715 0.0763954297 -0.5576959848 0.0155215720 0.9872779250 0.1582447141 0.5626901388 -0.1394490898 0.8148213029
-411.6 -530.9 2706.6 0.8261699080 0.0284691714 -0.5627012849 -0.0371950567 0.9992998242 -0.0040522367 0.5621919632 0.0242775418 0.8266503811
-218.8 -122.3 2734.5 0.2989450395 0.2567799389 -0.9190734029 -0.0199908148 0.9645901918 0.2629945278 0.9540609121 -0.0602478832 0.2934927046
-320.8 -505.6 2758.4 0.3017722666 -0.0352807865 -0.9527270198 -0.0829060525 0.9945583344 -0.0630900040 0.9497684240 0.0980256498 0.2972051501
-382.7 514.3 2489.5 0 0 0 0 0 0 0 0 0
-125.6 -241.9 2765.2 0 0 0 0 0 0 0 0 0
-418.2 -760.3 2701.0 0 0 0 0 0 0 0 0 0
-311.8 -760.0 2733.4 0 0 0 0 0 0 0 0 0
-384.7 469.9 2684.6 0 0.8804463744 -0.1713792682 -0.4420897365 0.1658333689 0.9848080277 -0.0515015423 0.4441998303 -0.0279688835 0.8954910636
-350.7 274.5 2690.2 0.8804463744 -0.1713792682 -0.4420897365 0.1658333689 0.9848080277 -0.0515015423 0.4441998303 -0.0279688835 0.8954910636
-316.7 79.3 2695.7 0.8803991675 -0.1713680625 -0.4421880543 0.1661045402 0.9847917557 -0.0509365909 0.4441920519 -0.0286049098 0.8954748511
-478.9 250.2 2625.4 0.3390682340 -0.7218937874 -0.6032429934 -0.2801256776 0.5346680284 -0.7972826958 0.8980881572 0.4393171072 -0.0209320467
-551.6 310.3 2432.9 -0.6548882127 -0.7218937874 -0.2235863060 -0.7329655886 0.5346680284 0.4205848277 -0.1840731055 0.4393171072 -0.8792710304
-222.4 298.7 2755.0 0.2190354019 0.9194567204 -0.3265315294 -0.9587895274 0.2648913860 0.1027383655 0.1809588671 0.2905716598 0.9395861030
-160.9 29.2 2805.8 0.1129940376 0.9629818797 -0.2447411716 -0.9790193439 0.0658688992 -0.1928273439 -0.1695684046 0.2613946795 0.9502207041
-379.7 -136.9 2655.5 0.8330359459 0.0638811439 -0.5495182872 0.0214835256 0.9888260365 0.1475180835 0.5528016090 -0.1346934587 0.8223552108
-405.1 -529.8 2709.0 0.8306392431 0.0658301115 -0.5529058576 -0.0798517242 0.9968059063 -0.0012807453 0.5510554910 0.0452143215 0.8332427740
-218.4 -118.2 2740.7 0.3056346476 0.2601297796 -0.9159257412 -0.0445959158 0.9648116231 0.2591325641 0.9511039257 -0.0383533426 0.3064805865
-321.8 -501.5 2755.9 0.3064287007 -0.0383815505 -0.9511194825 -0.0637478083 0.9961161613 -0.0607354194 0.9497566223 0.0792428553 0.3027918637
-380.3 502.0 2481.1 0 0 0 0 0 0 0 0 0
-129.3 -244.6 2758.4 0 0 0 0 0 0 0 0 0
-420.3 -759.7 2698.6 0 0 0 0 0 0 0 0 0
-311.9 -758.9 2735.4 0 0 0 0 0 0 0 0 0
-390.6 477.2 2691.2 1 0.8834115267 -0.1866359413 -0.4298267961 0.1716940999 0.9823905826 -0.0736874714 0.4360105395 -0.0087023657 0.8998994827
-353.6 282.1 2692.9 0.8834115267 -0.1866359413 -0.4298267961 0.1716940999 0.9823905826 -0.0736874714 0.4360105395 -0.0087023657 0.8998994827
-316.5 87.2 2694.7 0.8833671212 -0.1866993904 -0.4298905730 0.1719279289 0.9823748469 -0.0733519197 0.4360084236 -0.0091135176 0.8998964429
-482.4 257.0 2629.3 0.3186898828 -0.7673175335 -0.5564715266 -0.2152125686 0.5131731033 -0.8308651447 0.9231036305 0.3845479786 -0.0015932971
-551.1 303.3 2430.5 -0.6169441342 -0.7673175335 -0.1749391258 -0.7543448806 0.5131731033 0.4094107151 -0.2243739665 0.3845479786 -0.8954212070
-224.7 307.2 2756.6 0.2223965079 0.9189989567 -0.3255468607 -0.9541553855 0.2737657130 0.1209950820 0.2003179193 0.2837134004 0.9377523065
-161.9 37.9 2813.1 0.1244918630 0.9667632580 -0.2233171314 -0.9701870084 0.0714366809 -0.2315900624 -0.2079397291 0.2454904616 0.9468344450
-363.2 -131.2 2660.6 0.8364745975 0.1096843481 -0.5369167328 -0.0147024365 0.9839039445 0.1780921519 0.5478084087 -0.1410755813 0.8246233463
-406.8 -521.8 2716.6 0.8348234296 0.0526499152 -0.5479943156 -0.0817825869 0.9962318540 -0.0288734660 0.5444092155 0.0689206421 0.8359835744
-202.2 -100.7 2742.0 0.3106518090 0.3142310083 -0.8970810175 -0.0830038190 0.9491381645 0.3037221134 0.9468927383 -0.0198906735 0.3209338486
-326.9 -477.2 2749.8 0.3082030714 -0.0654294118 -0.9490678906 -0.0417366102 0.9957414865 -0.0822007880 0.9504045844 0.0649454147 0.3041597903
-389.1 501.4 2489.4 0 0 0 0 0 0 0 0 0
-127.1 -233.6 2755.0 0 0 0 0 0 0 0 0 0
-419.2 -757.0 2700.3 0 0 0 0 0 0 0 0 0
-308.3 -760.0 2731.4 0 0 0 0 0 0 0 0 0
-392.0 481.8 2692.6 2 0.8850943446 -0.1862500459 -0.4265195429 0.1720038652 0.9824557900 -0.0720782503 0.4324611723 -0.0095669590 0.9016017914
-355.0 286.5 2694.5 0.8850943446 -0.1862500459 -0.4265195429 0.1720038652 0.9824557900 -0.0720782503 0.4324611723 -0.0095669590 0.9016017914
-318.0 91.4 2696.4 0.8850725889 -0.1862807572 -0.4265512526 0.1721186191 0.9824479818 -0.0719109029 0.4324600399 -0.0097710397 0.9016001821
-484.2 261.4 2631.3 0.3198103309 -0.7590922117 -0.5670100451 -0.1669025272 0.5439466834 -0.8223536611 0.9326654673 0.3576326072 0.0472653508
-552.7 297.1 2431.4 -0.6354213953 -0.7590922117 -0.1414874345 -0.7385207415 0.5439466834 0.3983832002 -0.2254479527 0.3576326072 -0.9062406421
-225.8 311.7 2757.6 0.2272209823 0.9209418297 -0.3166018426 -0.9575549960 0.2704956830 0.0996020883 0.1773671657 0.2805320024 0.9433147311
-160.8 37.9 2808.4 0.1264086366 0.9639164209 -0.2342776209 -0.9781770706 0.0818651319 -0.1909652501 -0.1648953706 0.2533046603 0.9532293677
-360.4 -123.5 2656.4 0.8380443454 0.1187383235 -0.5325250626 -0.0183722191 0.9816196561 0.1899612844 0.5452927351 -0.1494123042 0.8248223066
-407.6 -513.4 2715.8 0.8366789818 0.0483658202 -0.5455539227 -0.0674027875 0.9976141453 -0.0149280718 0.5435302854 0.0492618605 0.8379427791
-198.6 -92.0 2736.4 0.3186948895 0.3181526363 -0.8928675652 -0.0682441518 0.9472422004 0.3131691217 0.9453974366 -0.0388724059 0.3235932887
-324.9 -468.0 2751.8 0.3176769614 -0.0564270131 -0.9465185404 -0.0492687300 0.9958969951 -0.0759066269 0.9469181299 0.0707475543 0.3135934174
-384.1 493.2 2491.3 0 0 0 0 0 0 0 0 0
-125.2 -237.6 2761.9 0 0 0 0 0 0 0 0 0
-419.7 -763.1 2703.4 0 0 0 0 0 0 0 0 0
-308.2 -762.2 2730.9 0 0 0 0 0 0 0 0 0
-392.1 483.4 2691.5 3 0.8852674365 -0.1856689900 -0.4264136851 0.1741238087 0.9824892282 -0.0663009882 0.4312568903 -0.0155546684 0.9020950794
-355.2 288.1 2694.6 0.8852674365 -0.1856689900 -0.4264136851 0.1741238087 0.9824892282 -0.0663009882 0.4312568903 -0.0155546684 0.9020950794
-318.3 92.9 2697.7 0.8852574229 -0.1856806874 -0.4264293611 0.1741767228 0.9824854136 -0.0662180707 0.4312560558 -0.0156540312 0.9020937681
-484.5 262.6 2631.6 0.3220719993 -0.7367897034 -0.5944834352 -0.0891724750 0.6015418768 -0.7938486338 0.9425061941 0.3086879849 0.1280384362
-552.6 281.5 2432.2 -0.6641805172 -0.7367897034 -0.1265112907 -0.7293679118 0.6015418768 0.3258371651 -0.1639716327 0.3086879849 -0.9369232059
-225.9 313.5 2757.6 0.2241538316 0.9219994545 -0.3157087564 -0.9579188824 0.2680456042 0.1026792079 0.1792945266 0.2794074416 0.9432841539
-161.2 36.8 2809.4 0.1278904676 0.9643105268 -0.2318389118 -0.9771692753 0.0825267434 -0.1957791895 -0.1696590185 0.2515841424 0.9528490305
-362.1 -119.4 2658.6 0.8370899558 0.1162366495 -0.5345740914 -0.0243042503 0.9841037989 0.1759233773 0.5465251207 -0.1342712641 0.8266084194
-408.3 -510.4 2712.0 0.8360241652 0.0450850986 -0.5468371511 -0.0592783503 0.9982067347 -0.0083276797 0.5454810858 0.0393777490 0.8371975422
-199.9 -87.9 2737.9 0.3063860536 0.3094622791 -0.9002003670 -0.1003279090 0.9509115219 0.2927483320 0.9466054440 0.0006212094 0.3223937154
-322.7 -465.3 2737.7 0.3025414944 -0.0544164702 -0.9515815973 -0.0037977032 0.9982921481 -0.0582950562 0.9531286359 0.0212504975 0.3018181324
-374.0 477.7 2476.3 0 0 0 0 0 0 0 0 0
-125.0 -239.5 2761.5 0 0 0 0 0 0 0 0 0
-419.7 -762.6 2702.0 0 0 0 0 0 0 0 0 0
-306.3 -766.4 2731.3 0 0 0 0 0 0 0 0 0
-365.0 511.1 2703.2 4 0.9086364508 -0.0537795834 -0.4141105413 0.0282871872 0.9973214269 -0.0674524307 0.4166288972 0.0495757125 0.9077238441
-352.9 286.9 2692.0 0.9086364508 -0.0537795834 -0.4141105413 0.0282871872 0.9973214269 -0.0674524307 0.4166288972 0.0495757125 0.9077238441
-322.1 90.8 2697.7 0.8955686092 -0.1548836082 -0.4170946181 0.1525906622 0.9875169992 -0.0390673578 0.4179389477 -0.0286572464 0.9080229998
-483.6 264.6 2630.9 0.3228863478 -0.7485606670 -0.5791384578 -0.0379156619 0.6011918783 -0.7982046604 0.9456779361 0.2796877921 0.1657344848
-551.2 272.6 2433.2 -0.6530894041 -0.7485606670 -0.1145915985 -0.7413933873 0.6011918783 0.2981680036 -0.1543052793 0.2796877921 -0.9476099610
-222.2 309.2 2753.1 0.2094982713 0.9293915629 -0.3038779199 -0.9546107650 0.2616934776 0.1422492564 0.2117281258 0.2602841258 0.9420315027
-163.0 39.6 2812.9 0.1448274553 0.9671335816 -0.2089918852 -0.9729000926 0.1007131338 -0.2081401050 -0.1802510619 0.2334726155 0.9555103779
-362.6 -118.2 2661.3 0.8447943926 0.1201523542 -0.5214267373 -0.0264319461 0.9826443195 0.1836067587 0.5344378352 -0.1413276345 0.8333082795
-410.3 -508.7 2717.4 0.8441017270 0.0343300812 -0.5350828767 -0.0635165498 0.9973235726 -0.0362116434 0.5324076414 0.0645529330 0.8440231085
-200.3 -86.3 2740.4 0.3094280958 0.3055472970 -0.9004971385 -0.1113714501 0.9520991445 0.2847869992 0.9443784356 0.0121685732 0.3286354840
-321.6 -464.4 2735.5 0.3062387705 -0.0458638445 -0.9508492351 -0.0012837815 0.9988179207 -0.0485910587 0.9519538879 0.0161011480 0.3058179021
-373.0 474.8 2475.3 0 0 0 0 0 0 0 0 0
-122.0 -236.0 2761.8 0 0 0 0 0 0 0 0 0
-419.0 -761.7 2701.0 0 0 0 0 0 0 0 0 0
-307.8 -765.1 2730.7 0 0 0 0 0 0 0 0 0
-355.3 513.7 2709.5 5 0.8973597288 -0.0564824380 -0.4376702607 0.0341670178 0.9976907372 -0.0587015003 0.4399751425 0.0377224758 0.8972172737
-343.3 300.8 2701.4 0.8973597288 -0.0564824380 -0.4376702607 0.0341670178 0.9976907372 -0.0587015003 0.4399751425 0.0377224758 0.8972172737
-321.6 103.6 2702.1 0.8919417858 -0.1088673845 -0.4388482571 0.0994297564 0.9940484762 -0.0445117503 0.4410823286 -0.0039326893 0.8974580169
-473.3 286.3 2637.1 0.3711796105 -0.7598932385 -0.5336552858 0.1164884195 0.6082782745 -0.7851293087 0.9212253690 0.2292593271 0.3142992556
-555.1 260.7 2434.2 -0.6449549198 -0.7598932385 -0.0812124759 -0.7495557070 0.6082782745 0.2610818744 -0.1489945650 0.2292593271 -0.9618943930
-213.2 315.3 2765.7 0.1621816009 0.9356036782 -0.3135967553 -0.9737921357 0.2031079978 0.1023525223 0.1594554037 0.2887783349 0.9440238476
-167.4 40.2 2810.8 0.1543255299 0.9565845728 -0.2472440153 -0.9728651047 0.1034621298 -0.2069519758 -0.1723866761 0.2724730372 0.9465945959
-373.4 -119.2 2665.1 0.8400339484 0.0976729766 -0.5336693525 -0.0090298261 0.9860417247 0.1662532538 0.5424587131 -0.1348394454 0.8291904926
-412.2 -511.0 2718.7 0.8395191431 0.0320871547 -0.5423818231 -0.0624408275 0.9973384142 -0.0376460180 0.5397303104 0.0654713213 0.8392882347
-209.3 -91.3 2741.8 0.2936778963 0.2833144963 -0.9129546285 -0.1181555241 0.9585037231 0.2594415247 0.9485739470 0.0316784009 0.3149665296
-321.8 -471.9 2729.2 0.2902030349 -0.0451802611 -0.9558979869 0.0239329264 0.9989151359 -0.0399476066 0.9566657543 -0.0112845190 0.2909694910
-378.5 465.9 2475.0 0 0 0 0 0 0 0 0 0
-123.3 -238.0 2761.5 0 0 0 0 0 0 0 0 0
-420.4 -763.0 2702.1 0 0 0 0 0 0 0 0 0
-308.5 -766.3 2732.6 0 0 0 0 0 0 0 0 0
-351.6 515.1 2712.6 6 0.8967765570 -0.0527264811 -0.4393310249 0.0339866914 0.9981497526 -0.0504186042 0.4411765337 0.0302828141 0.8969092369
-340.7 307.9 2706.3 0.8967765570 -0.0527264811 -0.4393310249 0.0339866914 0.9981497526 -0.0504186042 0.4411765337 0.0302828141 0.8969092369
-325.0 110.1 2704.6 0.8945957422 -0.0789308995 -0.4398503900 0.0670321509 0.9968431592 -0.0425486676 0.4418202639 0.0085797403 0.8970625997
-471.2 298.2 2641.9 0.3665860593 -0.7503365874 -0.5500996709 0.2365032881 0.6469916105 -0.7248917222 0.8998227119 0.1356348097 0.4146351814
-553.8 244.8 2439.0 -0.6589156389 -0.7503365874 -0.0531520732 -0.7484924793 0.6469916105 0.1454676092 -0.0747607276 0.1356348097 -0.9879342318
-210.2 317.7 2770.8 0.1414873153 0.9399356246 -0.3106483221 -0.9780493975 0.1812182963 0.1028556675 0.1529728621 0.2892766297 0.9449435472
-170.2 41.6 2814.0 0.1600451320 0.9547878504 -0.2505309880 -0.9718582630 0.1079702005 -0.2093655169 -0.1728497744 0.2769885361 0.9451985359
-381.6 -102.6 2662.4 0.8453823328 0.0630410761 -0.5304286480 0.0202540495 0.9885141850 0.1497645527 0.5337775946 -0.1373516321 0.8343955874
-406.6 -495.2 2716.9 0.8443467021 0.0493532158 -0.5335193276 -0.0690313131 0.9974700212 -0.0169778466 0.5313315988 0.0511647277 0.8456174731
-218.3 -84.5 2743.2 0.2972309589 0.2571327984 -0.9195305705 -0.1149537042 0.9656871557 0.2328819036 0.9478604198 0.0364837311 0.3165904880
-320.4 -468.0 2728.7 0.2954103947 -0.0339321382 -0.9547676444 0.0277266856 0.9992526174 -0.0269343294 0.9549680352 -0.0185158625 0.2961304188
-373.2 450.0 2459.5 0 0 0 0 0 0 0 0 0
-123.8 -240.1 2763.9 0 0 0 0 0 0 0 0 0
-419.9 -764.3 2703.1 0 0 0 0 0 0 0 0 0
-310.2 -769.3 2734.3 0 0 0 0 0 0 0 0 0
-348.0 513.9 2717.7 7 0.9072030187 -0.0438452736 -0.4184020758 0.0238736086 0.9983169436 -0.0528517179 0.4200151861 0.0379584730 0.9067229033
-339.1 310.1 2709.9 0.9072030187 -0.0438452736 -0.4184020758 0.0238736086 0.9983169436 -0.0528517179 0.4200151861 0.0379584730 0.9067229033
-327.7 112.0 2704.8 0.9063100219 -0.0575892553 -0.4186713099 0.0414487012 0.9980083704 -0.0475532636 0.4205760062 0.0257446151 0.9068919420
-471.3 304.0 2648.6 0.3504669666 -0.7567703128 -0.5517894030 0.2990621626 0.6487383246 -0.6997860074 0.8875442147 0.0802325457 0.4536827207
-552.7 234.6 2442.4 -0.6534380317 -0.7567703128 -0.0178163443 -0.7541146278 0.6487383246 0.1022238880 -0.0658018664 0.0802325457 -0.9946018457
-206.8 316.1 2771.3 0.1267481446 0.9495626092 -0.2868199944 -0.9808776975 0.1630348712 0.1062944978 0.1476949453 0.2678627074 0.9520692229
-171.4 42.1 2812.6 0.1619003862 0.9576755166 -0.2380038947 -0.9760596752 0.1199106500 -0.1814631969 -0.1452436596 0.2616849840 0.9541620612
-391.2 -93.8 2662.3 0.8609924316 0.0383100249 -0.5071728826 0.0378637388 0.9895644784 0.1390268207 0.5072063804 -0.1389044970 0.8505569696
-406.4 -486.8 2717.5 0.8602814674 0.0535484999 -0.5069994330 -0.0712704957 0.9973350763 -0.0155954529 0.5048131943 0.0495505780 0.8618053198
-227.4 -81.6 2743.3 0.3274247646 0.2362480909 -0.9148660302 -0.0996768624 0.9714716077 0.2151917517 0.9396049976 0.0207318664 0.3416323066
-321.2 -467.4 2735.0 0.3251466751 -0.0387277529 -0.9448702335 0.0075194417 0.9992353916 -0.0383684598 0.9456337094 0.0053704809 0.3251892626
-372.1 443.0 2460.6 0 0 0 0 0 0 0 0 0
-124.3 -241.8 2770.3 0 0 0 0 0 0 0 0 0
-421.3 -764.7 2703.7 0 0 0 0 0 0 0 0 0
-309.3 -772.5 2733.4 0 0 0 0 0 0 0 0 0
-349.1 515.0 2716.7 8 0.9191207886 -0.0446370877 -0.3914390504 0.0262538604 0.9982918501 -0.0521929786 0.3931001723 0.0376948677 0.9187226892
-340.1 313.2 2709.1 0.9191207886 -0.0446370877 -0.3914390504 0.0262538604 0.9982918501 -0.0521929786 0.3931001723 0.0376948677 0.9187226892
-330.0 114.9 2703.3 0.9186925888 -0.0508700199 -0.3916837871 0.0352051742 0.9982706904 -0.0470770486 0.3934012353 0.0294600409 0.9188947678
-474.1 308.1 2651.7 0.3315918148 -0.7663502097 -0.5502310395 0.3341331184 0.6408215761 -0.6911604404 0.8822708726 0.0453327373 0.4685541987
-552.2 229.4 2444.1 -0.6422726512 -0.7663502097 0.0138981314 -0.7627343535 0.6408215761 0.0870865658 -0.0756450295 0.0453327373 -0.9961038232
-206.0 318.3 2766.5 0.1161416695 0.9586107135 -0.2599550188 -0.9803765416 0.1526164562 0.1247800887 0.1592889428 0.2403616458 0.9575245976
-173.9 47.3 2810.5 0.1588701904 0.9636136889 -0.2149626017 -0.9783182740 0.1243473217 -0.1656233519 -0.1328669041 0.2366144657 0.9624759555
-399.3 -89.9 2661.2 0.8764252067 0.0077514104 -0.4814756215 0.0509547330 0.9927639365 0.1087351739 0.4788344800 -0.1198317036 0.8696883917
-402.3 -484.1 2708.8 0.8744885921 0.0666974634 -0.4804384708 -0.0621606670 0.9977436662 0.0253688563 0.4810464978 0.0076796003 0.8766614199
-233.2 -82.3 2738.3 0.3616119027 0.2296570837 -0.9036008120 -0.0753465667 0.9732154012 0.2171972245 0.9292791486 -0.0104578892 0.3692301512
-324.4 -468.8 2742.4 0.3591673374 -0.0506065749 -0.9319000840 -0.0135596404 0.9981403947 -0.0594298095 0.9331746697 0.0339814760 0.3578132093
-440.9 361.6 2457.2 0 0 0 0 0 0 0 0 0
-128.6 -231.6 2772.7 0 0 0 0 0 0 0 0 0
-421.4 -769.1 2706.6 0 0 0 0 0 0 0 0 0
-309.1 -770.7 2732.1 0 0 0 0 0 0 0 0 0
-346.4 510.6 2696.2 9 0.9186999202 -0.0324587077 -0.3936202824 0.0343239233 0.9994081259 -0.0023019956 0.3934620321 -0.0113957487 0.9192702174
-339.8 307.9 2698.6 0.9186999202 -0.0324587077 -0.3936202824 0.0343239233 0.9994081259 -0.0023019956 0.3934620321 -0.0113957487 0.9192702174
-332.6 109.5 2700.8 0.9185673594 -0.0367595591 -0.3935514987 0.0381515101 0.9992627501 -0.0042884550 0.3934189975 -0.0110753486 0.9192925692
-474.0 302.3 2641.1 0.5559605956 -0.6958363652 -0.4546642601 0.5053464770 0.7172482014 -0.4797707498 0.6599490643 0.0369706228 0.7504001856
-579.4 206.5 2516.0 -0.6606765985 -0.6958363652 -0.2816349268 -0.6594412327 0.7172482014 -0.2251495868 0.3586694002 0.0369706228 -0.9327322245
-205.7 313.4 2756.0 0.1157698259 0.9586519599 -0.2599687874 -0.9714183211 0.1638803333 0.1717255116 0.2072287649 0.2326578200 0.9502245188
-173.4 42.2 2813.8 0.1616401225 0.9647205472 -0.2078141570 -0.9791823030 0.1305881441 -0.1553988010 -0.1227783486 0.2286066264 0.9657455683
-404.1 -86.6 2661.4 0.8763003945 0.0031218568 -0.4817549586 0.0491287746 0.9941868186 0.0958065391 0.4792535305 -0.1076233461 0.8710529804
-405.3 -481.5 2704.2 0.8750329614 0.0544741899 -0.4809884727 -0.0441539213 0.9984875917 0.0327568464 0.4820454121 -0.0074257944 0.8761147857
-235.7 -80.1 2733.5 0.3542686105 0.2153604031 -0.9100074768 -0.0638679191 0.9764204025 0.2062135786 0.9329601526 -0.0149347140 0.3596697450
-321.3 -468.0 2739.4 0.3527399004 -0.0371516459 -0.9349836111 -0.0078317923 0.9990592599 -0.0426523872 0.9356886148 0.0223677959 0.3521170914
-465.4 320.2 2454.2 0 0 0 0 0 0 0 0 0
-127.6 -235.1 2779.1 0 0 0 0 0 0 0 0 0
-420.4 -758.7 2706.2 0 0 0 0 0 0 0 0 0
-310.0 -771.4 2732.6 0 0 0 0 0 0 0 0 0
-345.1 508.9 2695.5 0 0.9170347452 -0.0286777187 -0.3977749050 0.0335504040 0.9994230270 0.0052937348 0.3973935544 -0.0182000473 0.9174677730
-339.3 305.7 2699.2 0.9170347452 -0.0286777187 -0.3977749050 0.0335504040 0.9994230270 0.0052937348 0.3973935544 -0.0182000473 0.9174677730
-333.0 107.2 2702.8 0.9169617295 -0.0313310362 -0.3977430761 0.0359826237 0.9993434548 0.0042344476 0.3973492682 -0.0181946661 0.9174870849
-473.2 300.4 2641.2 0.5118403435 -0.7473883629 -0.4235918820 0.5844836831 0.6643247604 -0.4658877552 0.6296016574 -0.0091223884 0.7768645287
-584.1 173.8 2504.8 -0.6451098323 -0.7473883629 -0.1588834077 -0.7223504782 0.6643247604 -0.1920477450 0.2490844429 -0.0091223884 -0.9684388041
-205.3 310.9 2757.2 0.1343087107 0.9562414885 -0.2599296570 -0.9721541405 0.1779814810 0.1524432153 0.1920351833 0.2322172374 0.9535185695
-167.7 38.9 2811.0 0.1448996067 0.9661079049 -0.2136341929 -0.9855660796 0.1218239740 -0.1175515428 -0.0875417143 0.2275837809 0.9698154926
-409.5 -92.3 2666.9 0.8743681908 -0.0058877999 -0.4852273464 0.0499929599 0.9956987500 0.0780042186 0.4826810062 -0.0924623609 0.8709017038
-407.1 -487.9 2703.7 0.8733228445 0.0524408184 -0.4843109846 -0.0446450375 0.9986208677 0.0276247412 0.4850917459 -0.0025032354 0.8744596839
-241.1 -85.3 2739.0 0.3460075557 0.1972575486 -0.9172612429 -0.0764105096 0.9803258777 0.1819962114 0.9351150990 0.0071163396 0.3542726934
-319.4 -474.7 2736.2 0.3452902734 -0.0223929882 -0.9382287264 -0.0049115415 0.9996584654 -0.0256667119 0.9384830594 0.0134706153 0.3450623751
-459.4 313.3 2456.6 0 0 0 0 0 0 0 0 0
-126.9 -239.1 2786.3 0 0 0 0 0 0 0 0 0
-421.1 -754.1 2704.3 0 0 0 0 0 0 0 0 0
-312.7 -775.4 2732.2 0 0 0 0 0 0 0 0 0
-342.6 505.0 2685.6 1 0.9344114065 -0.0205924474 -0.3555998802 0.0337345041 0.9989562631 0.0307957083 0.3545945585 -0.0407718457 0.9341307878
-338.5 302.9 2693.9 0.9344114065 -0.0205924474 -0.3555998802 0.0337345041 0.9989562631 0.0307957083 0.3545945585 -0.0407718457 0.9341307878
-334.0 104.4 2701.2 0.9344105124 -0.0221630391 -0.3555077314 0.0337752253 0.9990783334 0.0264897533 0.3545929790 -0.0367596559 0.9342978597
-474.8 298.0 2642.1 0.4336782992 -0.7657045126 -0.4749944806 0.5605422258 0.6419851780 -0.5231132507 0.7054895759 -0.0393915921 0.7076247334
-572.2 172.2 2483.8 -0.6404955387 -0.7657045126 -0.0588396005 -0.7554598451 0.6419851780 -0.1309026182 0.1380068809 -0.0393915921 -0.9896476269
-202.1 307.7 2745.6 0.1224710792 0.9675678015 -0.2209375054 -0.9600593448 0.1719258875 0.2207431793 0.2515688539 0.1850784570 0.9499784708
-167.7 38.4 2816.2 0.1529368162 0.9750092626 -0.1611434817 -0.9809728265 0.1300476491 -0.1441522241 -0.1195934266 0.1801235676 0.9763467312
-410.9 -94.5 2670.0 0.8958763480 -0.0055097258 -0.4442693293 0.0536398403 0.9939505458 0.0958388671 0.4410536885 -0.1096903086 0.8907523155
-408.7 -489.4 2713.6 0.8965522051 0.0433355756 -0.4408130348 -0.0565503500 0.9982570410 -0.0168785825 0.4393132925 0.0400606617 0.8974402547
-242.8 -87.9 2742.9 0.3814592063 0.1925866157 -0.9041013718 -0.0911556035 0.9811263680 0.1705336124 0.9198801517 0.0173622929 0.3918150067
-319.3 -477.7 2736.0 0.3808490336 -0.0256978869 -0.9242800474 0.0126791345 0.9996649027 -0.0225693919 0.9245502949 -0.0031235395 0.3810472488
-428.8 341.3 2452.9 0 0 0 0 0 0 0 0 0
-124.5 -238.9 2782.4 0 0 0 0 0 0 0 0 0
-420.1 -752.4 2703.0 0 0 0 0 0 0 0 0 0
-311.6 -776.9 2736.9 0 0 0 0 0 0 0 0 0
-344.4 504.5 2680.7 2 0.9370383024 -0.0221996196 -0.3485203087 0.0401458144 0.9982088804 0.0443541110 0.3469114304 -0.0555531308 0.9362512231
-339.9 303.0 2691.9 0.9370383024 -0.0221996196 -0.3485203087 0.0401458144 0.9982088804 0.0443541110 0.3469114304 -0.0555531308 0.9362512231
-335.5 104.7 2701.5 0.9371027350 -0.0218343791 -0.3483700454 0.0372229517 0.9986016154 0.0375402123 0.3470632136 -0.0481463969 0.9366050363
-476.7 297.6 2641.2 0.3479926288 -0.7692567110 -0.5358593464 0.5426225066 0.6313824654 -0.5540009141 0.7645010948 -0.0979811102 0.6371324658
-551.7 180.7 2476.5 -0.6383997202 -0.7692567110 0.0262658224 -0.7658193707 0.6313824654 -0.1219709665 0.0772432089 -0.0979811102 -0.9921860695
-203.1 308.4 2742.6 0.1320697069 0.9678875208 -0.2138957530 -0.9549514651 0.1820899099 0.2343309671 0.2657542527 0.1733120382 0.9483340979
-165.7 38.5 2817.7 0.1531248987 0.9777908325 -0.1431008428 -0.9774200320 0.1285195947 -0.1677283049 -0.1456119418 0.1655530185 0.9753919244
-415.1 -97.1 2676.1 0.8993018270 0.0003545712 -0.4373283386 0.0352091864 0.9966948032 0.0732106343 0.4359088242 -0.0812364370 0.8963170052
-415.2 -492.9 2708.4 0.8996650577 0.0225098301 -0.4360000789 -0.0276504774 0.9996027946 -0.0054478873 0.4357042909 0.0169568844 0.8999301195
-243.9 -90.9 2741.1 0.3923906982 0.1820607632 -0.9016004801 -0.0598629601 0.9831917286 0.1724832356 0.9178485870 -0.0137083400 0.3966939747
-316.2 -481.4 2746.5 0.3923024237 -0.0097569637 -0.9197845459 -0.0220599268 0.9995563626 -0.0200120751 0.9195717573 0.0281411652 0.3919131458
-396.9 366.4 2457.8 0 0 0 0 0 0 0 0 0
-122.4 -238.2 2776.5 0 0 0 0 0 0 0 0 0
-421.2 -758.9 2703.8 0 0 0 0 0 0 0 0 0
-313.3 -778.5 2738.1 0 0 0 0 0 0 0 0 0
-345.3 499.9 2668.2 3 0.9312865138 -0.0199308582 -0.3637419045 0.0742112622 0.9879434109 0.1358693838 0.3566484153 -0.1535270661 0.9215375185
-341.3 299.1 2699.4 0.9312865138 -0.0199308582 -0.3637419045 0.0742112622 0.9879434109 0.1358693838 0.3566484153 -0.1535270661 0.9215375185
-321.1 102.2 2703.6 0.9295612574 -0.1016152427 -0.3543870747 0.1023522690 0.9946077466 -0.0167178810 0.3541749120 -0.0207320265 0.9349493384
-476.6 284.3 2647.6 0.3113858402 -0.7729277611 -0.5528305173 0.4954568446 0.6284747124 -0.5996182561 0.8109015822 -0.0871910229 0.5786504745
-541.9 180.5 2477.7 -0.6322934628 -0.7729277611 0.0527985878 -0.7743748426 0.6284747124 -0.0732336044 0.0234217066 -0.0871910229 -0.9959162474
-205.9 314.0 2751.3 0.1442774087 0.9612444639 -0.2349321395 -0.9646684527 0.1895220876 0.1830196381 0.2204514444 0.2002260238 0.9546259642
-164.8 39.6 2814.0 0.1527699083 0.9731448889 -0.1721927524 -0.9798664451 0.1264921576 -0.1544716805 -0.1285423040 0.1923245341 0.9728762507
-409.0 -98.8 2677.9 0.8940575719 -0.0010119425 -0.4479509592 0.0350729935 0.9970857501 0.0677491128 0.4465769529 -0.0762825906 0.8914875388
-408.6 -493.2 2708.1 0.8931981921 0.0478278100 -0.4471124411 -0.0490458384 0.9987572432 0.0088584432 0.4469804764 0.0140166590 0.8944339156
-239.8 -89.5 2742.3 0.3885541856 0.1972406805 -0.9000676274 -0.0758255720 0.9803518653 0.1821006835 0.9183006883 -0.0025078363 0.3958757222
-318.5 -480.8 2743.3 0.3884140253 -0.0150144016 -0.9213626385 -0.0095004607 0.9997488856 -0.0202968325 0.9214360118 0.0166369434 0.3881738186
-380.0 378.7 2471.7 0 0 0 0 0 0 0 0 0
-121.6 -238.0 2777.6 0 0 0 0 0 0 0 0 0
-421.5 -761.8 2704.3 0 0 0 0 0 0 0 0 0
-314.1 -774.8 2738.4 0 0 0 0 0 0 0 0 0
-345.6 497.5 2662.5 4 0.9385191798 -0.0545371808 -0.3408921659 0.0995667279 0.9882441759 0.1160168350 0.3305574656 -0.1428255439 0.9329162240
-334.6 298.2 2691.3 0.9385191798 -0.0545371808 -0.3408921659 0.0995667279 0.9882441759 0.1160168350 0.3305574656 -0.1428255439 0.9329162240
-316.0 101.4 2704.8 0.9377332926 -0.0929275602 -0.3346950114 0.1101273745 0.9933781028 0.0327399671 0.3294362426 -0.0675604418 0.9417575598
-471.3 282.2 2643.2 0.3206974864 -0.7517910600 -0.5761625767 0.4979309440 0.6512684226 -0.5726379156 0.8057405949 -0.1032456458 0.5832001567
-536.9 180.4 2478.3 -0.6567109823 -0.7517910600 0.0595052950 -0.7536185384 0.6512684226 -0.0889300629 0.0281029083 -0.1032456458 -0.9942588210
