-310.4 495.3 2678.1 1 0.9382332563 0.0434711985 -0.3432617486 -0.0223441124 0.9976176620 0.0652669445 0.3452812135 -0.0535657369 0.9369693995
-319.3 292.2 2689.0 0.9382332563 0.0434711985 -0.3432617486 -0.0223441124 0.9976176620 0.0652669445 0.3452812135 -0.0535657369 0.9369693995
-325.5 93.8 2697.6 0.9385219216 0.0314747132 -0.3437818587 -0.0146555863 0.9985699058 0.0514137484 0.3449084461 -0.0432146043 0.9376410246
-456.3 294.3 2638.6 0.3504075110 -0.6496072412 -0.6747036576 0.9314752221 0.3169436455 0.1786073446 0.0978184119 -0.6910551190 0.7161524892
-540.4 70.9 2615.1 -0.7499809265 -0.6496072412 -0.1246556044 -0.1181100607 0.3169436455 -0.9410614967 0.6508291364 -0.6910551190 -0.3144268394
-182.2 290.1 2739.3 0.1139271408 0.9639517665 -0.2404530048 -0.9571589231 0.1713503152 0.2334221601 0.2662093937 0.2035586089 0.9421764612
-148.8 9.1 2817.5 0.1037282199 0.9808859825 -0.1646302491 -0.9739153385 0.0665831044 -0.2169229090 -0.2018150538 0.1828369498 0.9622064829
-415.2 -103.8 2673.6 0.8539977670 -0.0157805495 -0.5200372934 0.0568728633 0.9963815808 0.0631605685 0.5171588659 -0.0835149959 0.8518051505
-409.0 -499.5 2706.8 0.8532430530 0.0550665110 -0.5185980201 -0.0563652664 0.9983220696 0.0132681523 0.5184584856 0.0179099571 0.8549152017
-244.2 -105.4 2739.5 0.3036657572 0.1982906759 -0.9319162369 -0.0434923396 0.9799689651 0.1943431795 0.9517854452 -0.0184841510 0.3062071204
-322.9 -494.6 2746.9 0.3030359447 -0.0343467854 -0.9523599744 -0.0233983118 0.9987808466 -0.0434661694 0.9526918530 0.0354554281 0.3018628359
-351.9 100.5 2451.5 0 0 0 0 0 0 0 0 0
-121.7 -244.6 2764.9 0 0 0 0 0 0 0 0 0
-423.9 -769.8 2701.9 0 0 0 0 0 0 0 0 0
-313.2 -777.2 2736.8 0 0 0 0 0 0 0 0 0
-311.5 499.3 2686.9 2 0.9463282824 0.0444803499 -0.3201317191 -0.0326428413 0.9985736012 0.0422515459 0.3215544522 -0.0295338202 0.9464303851
-320.5 295.4 2692.9 0.9463282824 0.0444803499 -0.3201317191 -0.0326428413 0.9985736012 0.0422515459 0.3215544522 -0.0295338202 0.9464303851
-327.0 96.9 2697.5 0.9466835856 0.0324354731 -0.3205279112 -0.0234137923 0.9992148280 0.0319615044 0.3213129044 -0.0227526575 0.9466996789
-458.8 298.7 2646.0 0.3250592947 -0.6408835053 -0.6954169869 0.9334504008 0.3353794217 0.1272439212 0.1516800374 -0.6904990673 0.7072511315
-538.3 70.3 2608.9 -0.7576528192 -0.6408835053 -0.1234122142 -0.1317451000 0.3353794217 -0.9328257442 0.6392225027 -0.6904990673 -0.3385344446
-182.3 292.0 2739.8 0.1157504693 0.9690986276 -0.2178294808 -0.9608917832 0.1647945940 0.2225527167 0.2515726686 0.1835499853 0.9502739906
-148.6 12.0 2813.1 0.0976891592 0.9836171865 -0.1515059471 -0.9795050025 0.0680822060 -0.1895647645 -0.1761443019 0.1669192612 0.9701088071
-417.9 -103.2 2674.5 0.8660804629 -0.0305341240 -0.4989712238 0.0653807893 0.9964780807 0.0525049046 0.4956106842 -0.0780966058 0.8650265336
-405.8 -499.0 2705.6 0.8656254411 0.0597369224 -0.4971157610 -0.0642341226 0.9979022741 0.0080643613 0.4965547025 0.0249510780 0.8676467538
-245.8 -105.9 2737.8 0.3312922418 0.1876696050 -0.9246759415 -0.0418476798 0.9819775820 0.1843062341 0.9425997138 -0.0223636813 0.3331750929
-320.3 -496.0 2746.7 0.3310297430 -0.0288000833 -0.9431807399 -0.0322129838 0.9986066222 -0.0417983606 0.9430703521 0.0442191660 0.3296407461
-349.7 103.1 2449.8 0 0 0 0 0 0 0 0 0
-123.1 -243.6 2767.2 0 0 0 0 0 0 0 0 0
-421.4 -760.0 2699.0 0 0 0 0 0 0 0 0 0
-312.3 -774.2 2734.3 0 0 0 0 0 0 0 0 0
-308.6 496.9 2680.8 3 0.9415030479 0.0700399503 -0.3296459615 -0.0516860522 0.9966023564 0.0641275868 0.3330174387 -0.0433382206 0.9419242144
-324.4 272.0 2690.6 0.9415030479 0.0700399503 -0.3296459615 -0.0516860522 0.9966023564 0.0641275868 0.3330174387 -0.0433382206 0.9419242144
-323.2 73.7 2698.9 0.9437782168 -0.0064493143 -0.3305163682 0.0197189283 0.9991276860 0.0368109085 0.3299906254 -0.0412587598 0.9430821538
-462.1 269.1 2642.5 0.3859269023 -0.6252570748 -0.6783170104 0.9122744203 0.3679884374 0.1798330992 0.1371708959 -0.6882137060 0.7124226689
-544.6 74.1 2613.2 -0.7679311633 -0.6252570748 -0.1390514821 -0.1329835951 0.3679884374 -0.9202716351 0.6265757084 -0.6882137060 -0.3657386899
-186.7 274.9 2738.7 0.1045579538 0.9657663703 -0.2374089062 -0.9551938176 0.1639848500 0.2464016229 0.2768978775 0.2010082603 0.9396399856
-158.7 19.2 2812.9 0.1903454661 0.9678244591 -0.1645735949 -0.9651611447 0.1538298130 -0.2116609067 -0.1795342714 0.1991287321 0.9633873701
-417.4 -105.9 2673.7 0.8600244522 -0.0303081870 -0.5093519092 0.0700675026 0.9957927465 0.0590536594 0.5054191351 -0.0864766091 0.8585297465
-405.6 -495.0 2707.5 0.8598334789 0.0643791109 -0.5064994097 -0.0762420446 0.9970856905 -0.0026929372 0.5048499703 0.0409320295 0.8622360826
-246.8 -103.8 2731.4 0.3215841353 0.1843014508 -0.9287715554 -0.0239043441 0.9821422100 0.1866152883 0.9465792179 -0.0378108397 0.3202469647
-320.0 -494.0 2746.5 0.3216010630 -0.0229660366 -0.9465966821 -0.0246375259 0.9991644025 -0.0326118842 0.9465546608 0.0338098183 0.3207665086
-350.1 107.8 2454.5 0 0 0 0 0 0 0 0 0
-109.2 -231.9 2766.2 0 0 0 0 0 0 0 0 0
-422.7 -759.5 2696.7 0 0 0 0 0 0 0 0 0
-313.6 -773.1 2737.0 0 0 0 0 0 0 0 0 0
-309.7 494.6 2680.3 4 0.9409099817 0.0571645834 -0.3337971866 -0.0369983539 0.9971023798 0.0664679632 0.3366295993 -0.0501904264 0.9402986169
-322.0 279.7 2691.1 0.9409099817 0.0571645834 -0.3337971866 -0.0369983539 0.9971023798 0.0664679632 0.3366295993 -0.0501904264 0.9402986169
-324.3 81.3 2699.5 0.9422926307 0.0116410395 -0.3345879614 0.0031133546 0.9990473986 0.0435270928 0.3347759247 -0.0420569479 0.9413587451
-459.5 279.2 2642.3 0.3714367449 -0.6089082360 -0.7009033561 0.9120775461 0.3804800510 0.1528052092 0.1736354083 -0.6960356832 0.6966958046
-548.4 61.1 2600.7 -0.7869927883 -0.6089082360 -0.0993636698 -0.1798510402 0.3804800510 -0.9071320295 0.5901660323 -0.6960356832 -0.4089478254
-184.4 280.2 2740.0 0.0714906156 0.9686634541 -0.2378658503 -0.9582757950 0.1328720003 0.2530860305 0.2767609060 0.2098478079 0.9377458692
-165.3 23.5 2814.1 0.2440283000 0.9535730481 -0.1764896065 -0.9528962970 0.2019784302 -0.2262595594 -0.1801079214 0.2233900279 0.9579446912
-407.0 -129.7 2677.5 0.8586803675 -0.0004279072 -0.5125113130 0.0364692472 0.9975157380 0.0602690727 0.5112122893 -0.0704427660 0.8565627933
-406.8 -522.6 2705.2 0.8572746515 0.0584994107 -0.5115251541 -0.0685968921 0.9976440668 -0.0008695306 0.5102691650 0.0358344615 0.8592678905
-235.5 -122.8 2737.3 0.3105342388 0.2143152654 -0.9260872006 -0.0558988899 0.9766832590 0.2072802931 0.9489171505 -0.0126003837 0.3152735829
-320.6 -510.6 2742.3 0.3095884919 -0.0267537050 -0.9504941702 -0.0063453647 0.9995236993 -0.0302005168 0.9508494735 0.0153809646 0.3092712760
-349.2 106.6 2451.4 0 0 0 0 0 0 0 0 0
-101.7 -224.7 2767.2 0 0 0 0 0 0 0 0 0
-420.6 -757.5 2696.8 0 0 0 0 0 0 0 0 0
-313.5 -774.0 2738.3 0 0 0 0 0 0 0 0 0
-310.7 498.3 2688.0 5 0.9398109317 0.0491813086 -0.3381369710 -0.0368077494 0.9984005690 0.0429125614 0.3397066593 -0.0278836340 0.9401180148
-321.0 288.7 2693.9 0.9398109317 0.0491813086 -0.3381369710 -0.0368077494 0.9984005690 0.0429125614 0.3397066593 -0.0278836340 0.9401180148
-325.7 90.2 2697.8 0.9405831099 0.0237173606 -0.3387342095 -0.0156441089 0.9995251894 0.0265444573 0.3392029405 -0.0196680743 0.9405075908
-458.4 291.0 2644.4 0.3648296297 -0.6143987179 -0.6995810270 0.9170247912 0.3671472967 0.1557832360 0.1611362547 -0.6983674765 0.6973650455
-548.5 64.4 2604.6 -0.7826861143 -0.6143987179 -0.0995826423 -0.1718980670 0.3671472967 -0.9141410589 0.5982086062 -0.6983674765 -0.3929750323
-183.7 286.5 2743.4 0.0773144290 0.9678707719 -0.2392669618 -0.9635419846 0.1341909319 0.2314727604 0.2561431527 0.2126475871 0.9429590106
-162.3 20.0 2814.2 0.2325458378 0.9555622935 -0.1811714917 -0.9576321244 0.1924236864 -0.2142750621 -0.1698914915 0.2233244181 0.9598245025
-412.3 -119.0 2677.5 0.8565713763 -0.0022988974 -0.5160233974 0.0309157744 0.9984224439 0.0468705446 0.5151016116 -0.0561012290 0.8552911878
-411.4 -514.0 2699.7 0.8557229042 0.0430808999 -0.5156377554 -0.0427984111 0.9990062714 0.0124399513 0.5156612992 0.0114233261 0.8567163944
-240.3 -116.8 2738.5 0.3133282661 0.2028326541 -0.9277307391 -0.0433455296 0.9789603353 0.1993937790 0.9486551285 -0.0222627241 0.3155278265
-320.9 -505.6 2747.4 0.3124376535 -0.0334780440 -0.9493481517 -0.0122540500 0.9991536140 -0.0392672941 0.9498592019 0.0239019413 0.3117629588
-350.5 107.9 2453.2 0 0 0 0 0 0 0 0 0
-101.6 -230.0 2769.9 0 0 0 0 0 0 0 0 0
-422.1 -762.5 2696.8 0 0 0 0 0 0 0 0 0
-311.7 -778.5 2740.8 0 0 0 0 0 0 0 0 0
-311.1 501.9 2692.9 6 0.9448452592 0.0436153524 -0.3245999515 -0.0364892781 0.9989413619 0.0280112755 0.3254780471 -0.0146219023 0.9454365373
-320.1 295.2 2695.9 0.9448452592 0.0436153524 -0.3245999515 -0.0364892781 0.9989413619 0.0280112755 0.3254780471 -0.0146219023 0.9454365373
-325.4 96.6 2697.9 0.9453498721 0.0267870240 -0.3249555230 -0.0221652258 0.9995937347 0.0179170612 0.3253034651 -0.0097351791 0.9455595613
-458.2 298.4 2648.4 0.3810585141 -0.6001337767 -0.7033021450 0.9099139571 0.3782543540 0.1702358723 0.1638627946 -0.7048142552 0.6902071238
-554.9 67.5 2606.9 -0.7931213975 -0.6001337767 -0.1039130539 -0.1669195294 0.3782543540 -0.9105281830 0.5857442617 -0.7048142552 -0.4001756608
-182.1 291.9 2743.4 0.0687232912 0.9716069698 -0.2264001071 -0.9617374539 0.1248511523 0.2438713014 0.2652133703 0.2009778172 0.9430110455
-162.9 24.1 2817.3 0.2488045394 0.9533944130 -0.1706910431 -0.9530894756 0.2096337080 -0.2183441222 -0.1723854691 0.2170088440 0.9608280063
-416.3 -107.6 2670.8 0.8639413118 -0.0085354578 -0.5035201907 0.0506994240 0.9962505698 0.0701021999 0.5010339022 -0.0860923678 0.8611347675
-412.9 -502.5 2704.9 0.8654199839 0.0206695553 -0.5006206036 -0.0362790525 0.9991111755 -0.0214642212 0.4997319877 0.0367376097 0.8654006720
-244.2 -109.7 2732.8 0.3331036270 0.1879056245 -0.9239769578 -0.0233536027 0.9812847376 0.1911408603 0.9426009655 -0.0420915224 0.3312577903
-318.9 -499.4 2749.5 0.3333754838 -0.0240529608 -0.9424872398 -0.0338759124 0.9987233877 -0.0374706946 0.9421853423 0.0444194265 0.3321350813
-351.6 110.3 2456.8 0 0 0 0 0 0 0 0 0
-97.9 -224.9 2772.2 0 0 0 0 0 0 0 0 0
-418.2 -758.2 2695.5 0 0 0 0 0 0 0 0 0
-312.2 -775.6 2737.2 0 0 0 0 0 0 0 0 0
-310.4 500.0 2695.3 7 0.9418880343 0.0513453260 -0.3319797814 -0.0463305339 0.9986611605 0.0230086539 0.3327167034 -0.0062907748 0.9430058599
-321.0 294.0 2696.6 0.9418880343 0.0513453260 -0.3319797814 -0.0463305339 0.9986611605 0.0230086539 0.3327167034 -0.0062907748 0.9430058599
-328.7 95.4 2696.5 0.9423273206 0.0386401452 -0.3324547410 -0.0365772620 0.9992530942 0.0124634542 0.3326880336 0.0004156306 0.9430368543
-458.6 299.3 2648.1 0.3919188678 -0.5960680842 -0.7007870078 0.9062847495 0.3811758459 0.1826279759 0.1582643688 -0.7066879272 0.6895974278
-556.3 73.5 2608.6 -0.7935946584 -0.5960680842 -0.1221079305 -0.1458313465 0.3811758459 -0.9129283428 0.5907120705 -0.7066879272 -0.3894245327
-183.4 288.6 2745.2 0.0525089167 0.9712845087 -0.2320543528 -0.9611905813 0.1121811718 0.2520476878 0.2708421350 0.2098136991 0.9394800663
-169.1 27.3 2818.8 0.2802273631 0.9426279068 -0.1814531833 -0.9456219673 0.2385536879 -0.2211137116 -0.1651416272 0.2335482240 0.9582189322
-417.3 -100.3 2670.1 0.8601639271 -0.0165111553 -0.5097503662 0.0643604696 0.9949998260 0.0763745457 0.5059404969 -0.0985023975 0.8569256067
-410.7 -495.2 2709.2 0.8619835973 0.0276407730 -0.5061820149 -0.0400847606 0.9991022944 -0.0137034636 0.5053488612 0.0321023464 0.8623178005
-244.1 -104.0 2729.6 0.3298072517 0.1948208809 -0.9237272143 -0.0130884396 0.9793241024 0.2018735856 0.9439575672 -0.0544892251 0.3255380988
-321.5 -493.0 2751.3 0.3307365179 -0.0314528979 -0.9431988597 -0.0390455835 0.9981325865 -0.0469762683 0.9429150224 0.0523645170 0.3288908005
-351.4 111.1 2456.2 0 0 0 0 0 0 0 0 0
-95.9 -219.7 2775.7 0 0 0 0 0 0 0 0 0
-418.2 -764.6 2700.5 0 0 0 0 0 0 0 0 0
-312.7 -773.2 2736.6 0 0 0 0 0 0 0 0 0
-310.7 501.5 2696.0 8 0.9340456128 0.0420584753 -0.3546686471 -0.0362997614 0.9990790486 0.0228779893 0.3553042114 -0.0084946975 0.9347121119
-319.4 296.2 2697.8 0.9340456128 0.0420584753 -0.3546686471 -0.0362997614 0.9990790486 0.0228779893 0.3553042114 -0.0084946975 0.9347121119
-326.0 97.7 2698.0 0.9342536330 0.0333293341 -0.3550483286 -0.0307856724 0.9994438887 0.0128128333 0.3552779257 -0.0010400347 0.9347601533
-455.8 300.7 2645.9 0.3882648349 -0.5981015563 -0.7010884285 0.9061723351 0.3861773014 0.1723913848 0.1676368713 -0.7022404075 0.6919221282
-553.8 72.0 2603.6 -0.7919381857 -0.5981015563 -0.1229165196 -0.1504023075 0.3861773014 -0.9100803733 0.5917880535 -0.7022404075 -0.3957843781
-182.9 291.8 2749.7 0.0439478308 0.9659974575 -0.2547891736 -0.9672303200 0.1049797311 0.2311812192 0.2500681579 0.2362799048 0.9389556646
-171.0 28.7 2817.7 0.2897289097 0.9339787364 -0.2091432959 -0.9445528984 0.2437395602 -0.2200247347 -0.1545219123 0.2612944245 0.9528107047
-422.7 -99.9 2666.0 0.8468185663 -0.0449450016 -0.5299795270 0.0888022929 0.9943845868 0.0575622506 0.5244163275 -0.0958081782 0.8460545540
-404.8 -494.7 2704.0 0.8476240635 0.0605871007 -0.5271267891 -0.0659881160 0.9977835417 0.0085742185 0.5264779329 0.0275163893 0.8497433662
-249.9 -106.4 2726.9 0.3074354827 0.1835454702 -0.9336993694 -0.0075772475 0.9816620350 0.1904789954 0.9515387416 -0.0514851287 0.3031885028
-322.9 -496.5 2747.4 0.3083107769 -0.0421544276 -0.9503512383 -0.0269369185 0.9982302189 -0.0530169941 0.9509042501 0.0419452451 0.3066296279
-350.2 110.7 2451.5 0 0 0 0 0 0 0 0 0
-95.2 -218.2 2777.3 0 0 0 0 0 0 0 0 0
-421.1 -762.1 2696.7 0 0 0 0 0 0 0 0 0
-311.2 -773.3 2735.8 0 0 0 0 0 0 0 0 0
-310.8 498.8 2696.4 9 0.9293581247 0.0242927354 -0.3683793843 -0.0182719417 0.9996365309 0.0198239330 0.3687270582 -0.0116925258 0.9294641614
-315.8 293.5 2698.8 0.9293581247 0.0242927354 -0.3683793843 -0.0182719417 0.9996365309 0.0198239330 0.3687270582 -0.0116925258 0.9294641614
-319.8 94.9 2699.9 0.9293903112 0.0202375147 -0.3685431778 -0.0168258641 0.9997807145 0.0124687720 0.3687146902 -0.0053872978 0.9295269847
-451.5 296.0 2645.0 0.3883868754 -0.6144385338 -0.6867466569 0.9040832520 0.3982706666 0.1549643427 0.1782949716 -0.6810622811 0.7101866603
-547.4 72.8 2601.0 -0.7736749053 -0.6144385338 -0.1545717865 -0.1350359023 0.3982706666 -0.9072738290 0.6190254092 -0.6810622811 -0.3911032677
-180.1 291.0 2752.6 0.0518298820 0.9614450932 -0.2700684667 -0.9711439013 0.1115637124 0.2107914090 0.2327942103 0.2513500452 0.9394838810
-166.2 31.4 2814.9 0.2724430263 0.9349916577 -0.2270801961 -0.9535605907 0.2308726311 -0.1934424639 -0.1284404844 0.2692367733 0.9544708729
-418.2 -98.2 2665.7 0.8393074274 -0.0281518660 -0.5429276824 0.0712448284 0.9957415462 0.0585056357 0.5389686227 -0.0877850056 0.8377389908
-407.0 -493.6 2700.5 0.8388520479 0.0577173941 -0.5412909985 -0.0576345660 0.9981909990 0.0171185285 0.5412998199 0.0168371592 0.8406610489
-247.0 -103.7 2730.8 0.2932773232 0.1881977618 -0.9373206496 -0.0022006885 0.9805631042 0.1961915344 0.9560248852 -0.0554757752 0.2879910767
-321.8 -493.4 2752.8 0.2953208983 -0.0346959680 -0.9547678828 -0.0509029441 0.9973495603 -0.0519882478 0.9540411234 0.0639537126 0.2927720547
-347.8 107.6 2441.3 0 0 0 0 0 0 0 0 0
-95.0 -217.9 2781.3 0 0 0 0 0 0 0 0 0
-422.2 -756.5 2696.1 0 0 0 0 0 0 0 0 0
-312.0 -774.4 2734.8 0 0 0 0 0 0 0 0 0
-310.8 497.2 2695.6 0 0.9312025905 0.0339111574 -0.3629211187 -0.0269838292 0.9993442893 0.0241416413 0.3635018170 -0.0126877585 0.9315071106
-317.7 293.4 2698.2 0.9312025905 0.0339111574 -0.3629211187 -0.0269838292 0.9993442893 0.0241416413 0.3635018170 -0.0126877585 0.9315071106
-323.1 94.8 2699.2 0.9313117266 0.0271573532 -0.3632092476 -0.0234121159 0.9996176362 0.0147105055 0.3634698689 -0.0051965695 0.9315914512
-453.7 296.8 2645.1 0.3336898386 -0.6472221613 -0.6853864193 0.9221057892 0.3751836121 0.0946475938 0.1958877295 -0.6635817289 0.7220022678
-536.8 67.2 2596.3 -0.7500632405 -0.6472221613 -0.1360462457 -0.1580750048 0.3751836121 -0.9133726358 0.6421973705 -0.6635817289 -0.3837210834
-181.6 290.0 2751.3 0.0682039782 0.9621360898 -0.2638983130 -0.9663169980 0.1295006275 0.2223984152 0.2481525540 0.2398409694 0.9385609031
-163.6 33.7 2817.1 0.2628283501 0.9405673742 -0.2150680423 -0.9572865963 0.2263671756 -0.1798894852 -0.1205138266 0.2531618178 0.9598882794
-409.0 -102.3 2667.2 0.8429535031 -0.0118247997 -0.5378565192 0.0562975444 0.9962082505 0.0663304254 0.5350327492 -0.0861934647 0.8404229283
-404.3 -498.0 2701.4 0.8411738276 0.0657679141 -0.5367505550 -0.0648367256 0.9976825118 0.0206362847 0.5368638635 0.0174424481 0.8434885740
-238.6 -105.3 2734.8 0.2934316099 0.2061190903 -0.9334949255 -0.0299618877 0.9779826999 0.2065240294 0.9555104375 -0.0326314047 0.2931467593
-320.5 -493.8 2747.8 0.2942347229 -0.0368371904 -0.9550229907 -0.0500929579 0.9972890019 -0.0539007038 0.9544195533 0.0636993870 0.2915917635
-345.5 107.5 2432.6 0 0 0 0 0 0 0 0 0
-94.8 -216.6 2785.6 0 0 0 0 0 0 0 0 0
-421.6 -759.7 2696.9 0 0 0 0 0 0 0 0 0
-310.3 -770.2 2730.1 0 0 0 0 0 0 0 0 0
-313.5 500.0 2695.2 1 0.9495844245 0.0400367640 -0.3109444082 -0.0345312394 0.9991344810 0.0231931582 0.3116038442 -0.0112865660 0.9501450658
-321.7 296.4 2697.5 0.9495844245 0.0400367640 -0.3109444082 -0.0345312394 0.9991344810 0.0231931582 0.3116038442 -0.0112865660 0.9501450658
-328.4 97.8 2698.2 0.9497171640 0.0336738043 -0.3112931550 -0.0309335366 0.9994270205 0.0137375332 0.3115773797 -0.0034173727 0.9502146244
-460.2 300.9 2652.0 0.3214285672 -0.6440044045 -0.6942204237 0.9226688743 0.3779007792 0.0766361207 0.2129924446 -0.6651686430 0.7156709433
-540.0 71.9 2599.2 -0.7567833662 -0.6440044045 -0.1119699180 -0.1874374300 0.3779007792 -0.9066742659 0.6262157559 -0.6651686430 -0.4066995680
-183.2 291.9 2742.9 0.0722159520 0.9744504690 -0.2126761973 -0.9596409798 0.1259927601 0.2514259815 0.2717978060 0.1859358251 0.9442212582
-163.9 35.1 2815.6 0.2642620504 0.9499807358 -0.1664398313 -0.9589084387 0.2403265536 -0.1507903337 -0.1032479927 0.1994487196 0.9744537473
-413.9 -101.7 2666.9 0.8714169860 -0.0037780192 -0.4905284941 0.0580325238 0.9937421083 0.0954402238 0.4870982468 -0.1116348356 0.8661829829
-412.4 -496.5 2711.3 0.8726131320 0.0404074937 -0.4867376685 -0.0580169335 0.9980914593 -0.0211529993 0.4849539697 0.0466974117 0.8732920289
-243.1 -106.0 2733.6 0.3436078131 0.1927836388 -0.9191126823 -0.0438335612 0.9809283614 0.1893624067 0.9380897284 -0.0247784182 0.3455050588
-319.7 -495.7 2743.4 0.3424586058 -0.0370398089 -0.9388024807 -0.0063269497 0.9991090298 -0.0417271182 0.9395115972 0.0202295687 0.3419191539
-347.3 119.7 2439.7 0 0 0 0 0 0 0 0 0
-94.8 -215.6 2788.6 0 0 0 0 0 0 0 0 0
-422.9 -757.3 2699.1 0 0 0 0 0 0 0 0 0
-309.4 -773.1 2737.8 0 0 0 0 0 0 0 0 0
-317.8 502.1 2695.5 2 0.9489158988 0.0282061901 -0.3142657876 -0.0242941808 0.9995710254 0.0163586177 0.3145923913 -0.0078881234 0.9491940737
-323.6 298.0 2697.1 0.9489158988 0.0282061901 -0.3142657876 -0.0242941808 0.9995710254 0.0163586177 0.3145923913 -0.0078881234 0.9491940737
-328.2 99.3 2697.5 0.9489855766 0.0234304368 -0.3144477606 -0.0215972476 0.9997233748 0.0093130823 0.3145789802 -0.0020467748 0.9492291212
-462.1 301.1 2651.2 0.3336966038 -0.6403028369 -0.6918517351 0.9243319035 0.3663454652 0.1067777574 0.1850866526 -0.6751320362 0.7141005993
-544.6 72.5 2605.4 -0.7632038593 -0.6403028369 -0.0867880359 -0.2041193247 0.3663454652 -0.9078140259 0.6130703092 -0.6751320362 -0.4102944434
-185.1 294.8 2743.0 0.0786193833 0.9728431106 -0.2177045792 -0.9614489675 0.1317161620 0.2413850576 0.2635049820 0.1903343052 0.9456944466
-163.9 35.6 2814.1 0.2650240958 0.9495508671 -0.1676763445 -0.9570450187 0.2378319949 -0.1658337265 -0.1175887659 0.2044237405 0.9717941284
-422.0 -98.0 2670.4 0.8692066073 -0.0242664870 -0.4938531816 0.0668930784 0.9953835607 0.0688250065 0.4899031818 -0.0928585082 0.8668172359
-412.4 -493.3 2707.3 0.8709358573 0.0392020680 -0.4898305237 -0.0554019846 0.9982906580 -0.0186115727 0.4882636368 0.0433470681 0.8716189861
-248.1 -103.6 2727.4 0.3485363126 0.1765715927 -0.9205133915 -0.0005587482 0.9821344018 0.1881800890 0.9372951388 -0.0650732592 0.3424081504
-318.2 -493.5 2753.3 0.3501159549 -0.0289802793 -0.9362579584 -0.0437286608 0.9979258776 -0.0472415425 0.9356850982 0.0574813224 0.3481224775
-349.2 124.8 2448.4 0 0 0 0 0 0 0 0 0
-94.5 -214.7 2783.3 0 0 0 0 0 0 0 0 0
-422.9 -760.3 2695.7 0 0 0 0 0 0 0 0 0
-310.0 -775.9 2737.0 0 0 0 0 0 0 0 0 0
-318.2 500.6 2697.6 3 0.9495164752 0.0287954230 -0.3123927712 -0.0254620314 0.9995670319 0.0147453379 0.3126820922 -0.0060467869 0.9498385787
-324.1 296.6 2698.9 0.9495164752 0.0287954230 -0.3123927712 -0.0254620314 0.9995670319 0.0147453379 0.3126820922 -0.0060467869 0.9498385787
-328.5 97.9 2699.0 0.9496316314 0.0222018603 -0.3125808537 -0.0209472794 0.9997534156 0.0073714824 0.3126674294 -0.0004524744 0.9498625398
-462.7 299.6 2653.2 0.3310731947 -0.6478395462 -0.6860717535 0.9248902202 0.3668809831 0.0998821855 0.1869990379 -0.6676093936 0.7206448913
-544.4 71.5 2607.1 -0.7572314143 -0.6478395462 -0.0830932036 -0.2145513147 0.3668809831 -0.9051884413 0.6169021726 -0.6676093936 -0.4168086350
-185.4 293.5 2744.5 0.0803014189 0.9730436206 -0.2161891460 -0.9615832567 0.1327419132 0.2402857691 0.2625058889 0.1885885745 0.9463218451
-163.8 34.9 2815.1 0.2665095925 0.9505468607 -0.1594783217 -0.9510804415 0.2325324267 -0.2034075707 -0.1562645286 0.2058867812 0.9660186768
-419.9 -97.3 2669.1 0.8697857857 -0.0263933111 -0.4927231073 0.0788278878 0.9931759834 0.0859512687 0.4870921969 -0.1135995165 0.8659309149
-409.4 -491.8 2714.2 0.8730112314 0.0444736518 -0.4856680334 -0.0717109144 0.9967153072 -0.0376324207 0.4823991060 0.0676812232 0.8733329177
-245.9 -101.3 2726.8 0.3495000899 0.1772679538 -0.9200140238 -0.0066264430 0.9823817611 0.1867676526 0.9369128942 -0.0591788925 0.3445171714
-316.3 -491.5 2750.3 0.3502050936 -0.0116006127 -0.9366012216 -0.0450540558 0.9985572696 -0.0292141791 0.9355888963 0.0524286367 0.3491771817
-350.1 126.6 2448.7 0 0 0 0 0 0 0 0 0
-94.1 -213.7 2774.3 0 0 0 0 0 0 0 0 0
-421.1 -755.8 2696.3 0 0 0 0 0 0 0 0 0
-313.1 -773.0 2735.5 0 0 0 0 0 0 0 0 0
-320.1 499.0 2696.2 4 0.9611399174 0.0292713102 -0.2745054364 -0.0259116702 0.9995384216 0.0158578251 0.2748429179 -0.0081286952 0.9614548087
-326.1 295.4 2697.8 0.9611399174 0.0292713102 -0.2745054364 -0.0259116702 0.9995384216 0.0158578251 0.2748429179 -0.0081286952 0.9614548087
-330.5 96.7 2698.3 0.9612788558 0.0219385289 -0.2747028172 -0.0204872806 0.9997568727 0.0081513748 0.2748148739 -0.0022078308 0.9614946246
-466.4 298.4 2657.7 0.3166450560 -0.6432998180 -0.6970661879 0.9244583249 0.3738487363 0.0749259219 0.2123974711 -0.6681335568 0.7130812407
-544.6 70.0 2605.3 -0.7616951466 -0.6432998180 -0.0773682222 -0.2243274301 0.3738487363 -0.8999524117 0.6078632474 -0.6681335568 -0.4290685654
-185.8 292.4 2738.0 0.1005406380 0.9783926606 -0.1806635857 -0.9539197087 0.1463918090 0.2619287074 0.2827168107 0.1460040808 0.9480263591
-158.8 36.0 2813.9 0.2486581653 0.9617628455 -0.1148099080 -0.9536747932 0.2223804444 -0.2026112229 -0.1693324596 0.1598722488 0.9725057483
-419.9 -98.8 2670.4 0.8886222243 -0.0396064594 -0.4569265246 0.0727198571 0.9958288670 0.0551056303 0.4528380930 -0.0821957216 0.8877958655
-404.2 -494.3 2703.0 0.8874616027 0.0711610988 -0.4553547800 -0.0687270164 0.9973945618 0.0219237916 0.4557285011 0.0118386513 0.8900400996
-245.8 -102.7 2727.7 0.3839437962 0.1771963984 -0.9061945677 -0.0191631950 0.9827313423 0.1840431094 0.9231575727 -0.0532966256 0.3807092607
-316.2 -493.1 2748.9 0.3842606246 -0.0141190952 -0.9231166840 -0.0371684209 0.9988358021 -0.0307491124 0.9224761724 0.0461264625 0.3832884729
-350.0 127.3 2450.0 0 0 0 0 0 0 0 0 0
-93.8 -213.3 2769.7 0 0 0 0 0 0 0 0 0
-423.3 -761.8 2699.9 0 0 0 0 0 0 0 0 0
-312.3 -768.5 2736.2 0 0 0 0 0 0 0 0 0
-321.8 497.5 2696.5 5 0.9489126801 0.0179658420 -0.3150268793 -0.0140780527 0.9997941256 0.0146124046 0.3152245581 -0.0094309319 0.9489702582
-325.5 293.9 2698.4 0.9489126801 0.0179658420 -0.3150268793 -0.0140780527 0.9997941256 0.0146124046 0.3152245581 -0.0094309319 0.9489702582
-327.9 95.2 2698.9 0.9489580393 0.0124397120 -0.3151569664 -0.0110960640 0.9999200702 0.0060573593 0.3152071238 -0.0022511778 0.9490202069
-463.9 295.5 2652.4 0.3370064199 -0.6206584573 -0.7079616785 0.9206198454 0.3747277260 0.1097190306 0.1971948147 -0.6887395382 0.6976761818
-547.0 68.5 2603.8 -0.7817279696 -0.6206584573 -0.0606994517 -0.2277332842 0.3747277260 -0.8987305760 0.5805505514 -0.6887395382 -0.4342797399
-187.0 292.3 2744.4 0.1130953729 0.9692926407 -0.2183603197 -0.9625222683 0.1614035368 0.2179445624 0.2464961857 0.1855281293 0.9512197375
-157.2 38.0 2809.5 0.2566695511 0.9538193941 -0.1560427248 -0.9569515586 0.2281623930 -0.1794035286 -0.1355154812 0.1953727603 0.9713212848
-422.9 -100.0 2673.6 0.8677347898 -0.0508867316 -0.4944157004 0.0860261098 0.9951086640 0.0485624149 0.4895261526 -0.0846719593 0.8678679466
-402.7 -495.3 2707.2 0.8677892685 0.0704249963 -0.4919167161 -0.0765121654 0.9970384240 0.0077655166 0.4910067618 0.0308987834 0.8706076145
-246.7 -103.8 2723.9 0.3472836316 0.1807628870 -0.9201732874 -0.0007620070 0.9812999368 0.1924832910 0.9377598166 -0.0661451146 0.3409271538
-318.6 -493.7 2750.2 0.3482987881 -0.0254174601 -0.9370388985 -0.0333747678 0.9986622334 -0.0394944623 0.9367892146 0.0450293310 0.3469845653
-347.9 126.5 2455.9 0 0 0 0 0 0 0 0 0
-90.1 -212.1 2774.1 0 0 0 0 0 0 0 0 0
-421.2 -758.0 2699.0 0 0 0 0 0 0 0 0 0
-311.6 -767.9 2737.8 0 0 0 0 0 0 0 0 0
-321.6 494.1 2697.1 6 0.9472146034 0.0104963360 -0.3204282522 -0.0075264638 0.9999164939 0.0105055748 0.3205117881 -0.0075393426 0.9472145438
-323.7 290.8 2698.7 0.9472146034 0.0104963360 -0.3204282522 -0.0075264638 0.9999164939 0.0105055748 0.3205117881 -0.0075393426 0.9472145438
-324.5 92.1 2698.8 0.9472416043 0.0042139143 -0.3204926848 -0.0038569632 0.9999910593 0.0017485596 0.3204971850 -0.0004201800 0.9472493529
-462.0 291.3 2651.9 0.3424701691 -0.6144932508 -0.7107124925 0.9168266058 0.3838648200 0.1098945215 0.2052880824 -0.6892356873 0.6948459744
-545.3 68.4 2601.9 -0.7876495719 -0.6144932508 -0.0447907150 -0.2489102632 0.3838648200 -0.8892083168 0.5636060834 -0.6892356873 -0.4553046525
-185.4 290.2 2745.4 0.1172408313 0.9670254588 -0.2260892093 -0.9610570073 0.1678451747 0.2195391953 0.2502479851 0.1915456653 0.9490448833
-154.7 38.3 2811.0 0.2399577498 0.9578714967 -0.1578052491 -0.9584274888 0.2079002112 -0.1954334229 -0.1543923467 0.1981406659 0.9679376483
-417.3 -102.5 2670.5 0.8654763103 -0.0326470919 -0.4998848736 0.0654827505 0.9966849685 0.0482809320 0.4966515005 -0.0745198429 0.8647450805
-404.3 -498.4 2700.1 0.8645209074 0.0615675040 -0.4988116324 -0.0588747077 0.9980413914 0.0211472604 0.4991366267 0.0110851415 0.8664523959
-243.5 -104.5 2728.2 0.3423222601 0.1867959201 -0.9208272099 0.0019718988 0.9798936248 0.1995109916 0.9395805597 -0.0701128319 0.3350710273
-317.7 -493.9 2756.1 0.3438811004 -0.0213307012 -0.9387708902 -0.0495897718 0.9979343414 -0.0408402346 0.9377028346 0.0605976209 0.3421129882
-346.1 131.3 2459.5 0 0 0 0 0 0 0 0 0
-92.0 -212.2 2770.7 0 0 0 0 0 0 0 0 0
-420.9 -767.0 2697.1 0 0 0 0 0 0 0 0 0
-311.8 -770.5 2739.3 0 0 0 0 0 0 0 0 0
-323.3 494.3 2696.9 7 0.9457104206 0.0125052510 -0.3247697055 -0.0085828546 0.9998719096 0.0135072749 0.3248970509 -0.0099865198 0.9456966519
-325.8 291.1 2699.0 0.9457104206 0.0125052510 -0.3247697055 -0.0085828546 0.9998719096 0.0135072749 0.3248970509 -0.0099865198 0.9456966519
-327.2 92.4 2699.5 0.9457380772 0.0069537493 -0.3248555958 -0.0057448847 0.9999725223 0.0046802401 0.3248792291 -0.0025600232 0.9457520247
-463.9 292.0 2651.5 0.3489964604 -0.6005333066 -0.7194172740 0.9165211916 0.3788189590 0.1283945143 0.1954237223 -0.7041704059 0.6826079488
-548.4 70.2 2604.2 -0.7991102934 -0.6005333066 -0.0279723089 -0.2535271347 0.3788189590 -0.8900675178 0.5451116562 -0.7041704059 -0.4549696445
-187.7 290.3 2746.4 0.1306657493 0.9656277299 -0.2246988118 -0.9680383205 0.1732013971 0.1813922375 0.2140755206 0.1938153058 0.9573960900
-153.4 36.1 2802.6 0.2690617442 0.9483546615 -0.1680154651 -0.9574878216 0.2445426285 -0.1530227512 -0.1040328965 0.2020453364 0.9738351107
-412.2 -106.3 2669.5 0.8637602925 -0.0144561129 -0.5036955476 0.0456486084 0.9977231622 0.0496455766 0.5018310547 -0.0658748820 0.8624535203
-406.4 -502.6 2695.7 0.8623459339 0.0541787297 -0.5034125447 -0.0427419655 0.9984990954 0.0342443921 0.5045122504 -0.0080136713 0.8633673191
-238.6 -107.0 2728.2 0.3354527652 0.1911951900 -0.9224510193 -0.0099460529 0.9798522592 0.1994757503 0.9420045018 -0.0577399433 0.3305957913
-314.5 -496.4 2751.2 0.3359012604 -0.0139555261 -0.9417937994 -0.0346915759 0.9990285039 -0.0271767676 0.9412581325 0.0418010205 0.3350907862
-345.9 134.4 2466.1 0 0 0 0 0 0 0 0 0
-83.1 -213.9 2775.5 0 0 0 0 0 0 0 0 0
-421.0 -771.0 2697.8 0 0 0 0 0 0 0 0 0
-310.7 -772.6 2739.6 0 0 0 0 0 0 0 0 0
-324.0 493.5 2695.9 8 0.9462119341 0.0094101448 -0.3234106004 -0.0044436874 0.9998606443 0.0160915051 0.3235169649 -0.0137888379 0.9461218715
-326.0 290.8 2698.6 0.9462119341 0.0094101448 -0.3234106004 -0.0044436874 0.9998606443 0.0160915051 0.3235169649 -0.0137888379 0.9461218715
-327.1 92.1 2700.0 0.9462209940 0.0057404037 -0.3234700263 -0.0032464957 0.9999607205 0.0082489103 0.3235046566 -0.0067551485 0.9462024570
-464.2 291.3 2651.4 0.3363838792 -0.6035061479 -0.7229288816 0.9168634415 0.3851088881 0.1051313281 0.2149589360 -0.6981915832 0.6828771234
-545.8 68.8 2599.2 -0.7971506715 -0.6035061479 -0.0181957521 -0.2714241445 0.3851088881 -0.8820544481 0.5393326283 -0.6981915832 -0.4707959592
-187.7 290.3 2745.9 0.1256957799 0.9666894078 -0.2229621112 -0.9690675735 0.1677550822 0.1810144484 0.2123877853 0.1933126152 0.9578735232
-154.2 31.9 2802.5 0.3029017746 0.9384002090 -0.1662997603 -0.9470621347 0.2769052684 -0.1624708325 -0.1064133719 0.2067089081 0.9725983739
-415.3 -105.7 2670.2 0.8643246293 -0.0117150834 -0.5027978420 0.0572578348 0.9955207705 0.0752325207 0.4996643364 -0.0938144401 0.8611239195
-410.6 -501.2 2707.5 0.8654524684 0.0377656147 -0.4995655715 -0.0534129180 0.9984268546 -0.0170551017 0.4981355667 0.0414436348 0.8661081791
-241.9 -106.8 2729.8 0.3302868903 0.1911784261 -0.9243167043 -0.0393665470 0.9812109470 0.1888791025 0.9430593252 -0.0259971377 0.3316071630
-317.8 -496.5 2740.1 0.3294140399 -0.0264321193 -0.9438155293 0.0071350592 0.9996492267 -0.0255054701 0.9441586137 0.0016676800 0.3294870853
-345.1 137.1 2463.4 0 0 0 0 0 0 0 0 0
-75.1 -215.4 2774.7 0 0 0 0 0 0 0 0 0
-420.5 -763.3 2696.6 0 0 0 0 0 0 0 0 0
-310.5 -772.5 2739.7 0 0 0 0 0 0 0 0 0
-323.8 494.5 2694.8 9 0.9473426342 0.0139786182 -0.3199164867 -0.0051543862 0.9995830059 0.0284131002 0.3201802671 -0.0252679680 0.9470195770
-326.6 291.6 2699.9 0.9473426342 0.0139786182 -0.3199164867 -0.0051543862 0.9995830059 0.0284131002 0.3201802671 -0.0252679680 0.9470195770
-327.6 92.9 2702.1 0.9473792315 0.0050666025 -0.3200732470 -0.0013078690 0.9999276400 0.0119572254 0.3201106787 -0.0109094130 0.9473173618
-465.0 291.7 2653.2 0.3486124277 -0.5953652263 -0.7238851190 0.9090406299 0.4028891921 0.1064210981 0.2282860726 -0.6951407194 0.6816633344
-550.4 69.2 2597.3 -0.8034358621 -0.5953652263 -0.0055778408 -0.2925297320 0.4028891921 -0.8672408462 0.5185722709 -0.6951407194 -0.4978576303
-188.2 291.4 2746.7 0.1318900734 0.9674128890 -0.2161417603 -0.9729233980 0.1680855304 0.1586420685 0.1898026913 0.1893660724 0.9633874893
-152.9 30.7 2797.6 0.2957528532 0.9401397705 -0.1693148166 -0.9525327682 0.2768431306 -0.1266460121 -0.0721913055 0.1987338215 0.9773910642
-415.0 -106.3 2671.7 0.8661170602 -0.0228982642 -0.4993164241 0.0576380938 0.9968616962 0.0542640537 0.4965068698 -0.0757786706 0.8647187352
-405.9 -502.3 2701.8 0.8657335043 0.0485154763 -0.4981483519 -0.0456995778 0.9987956882 0.0178529061 0.4984145761 0.0073093115 0.8669080138
-241.5 -106.9 2731.0 0.3339526057 0.1875066906 -0.9237515330 -0.0339385495 0.9817707539 0.1870142668 0.9419786930 -0.0311031155 0.3342286050
-316.0 -497.0 2743.4 0.3335913420 -0.0194197539 -0.9425177574 -0.0107057458 0.9996452928 -0.0243859719 0.9426569939 0.0182253048 0.3332651258
-345.3 143.8 2464.9 0 0 0 0 0 0 0 0 0
-75.6 -218.2 2778.7 0 0 0 0 0 0 0 0 0
-418.7 -766.1 2699.9 0 0 0 0 0 0 0 0 0
-310.6 -772.4 2738.3 0 0 0 0 0 0 0 0 0
-323.8 495.8 2685.3 0 0.9505436420 0.0147805819 -0.3102391362 0.0021386056 0.9985318780 0.0541250855 0.3105836511 -0.0521117374 0.9491165280
-326.9 291.5 2696.0 0.9505436420 0.0147805819 -0.3102391362 0.0021386056 0.9985318780 0.0541250855 0.3105836511 -0.0521117374 0.9491165280
-327.9 92.9 2702.0 0.9505656362 0.0054888837 -0.3104752600 0.0043039694 0.9995148182 0.0308476295 0.3104939461 -0.0306589715 0.9500808120
-465.7 290.9 2650.6 0.3580394685 -0.5988308787 -0.7163863182 0.9026223421 0.4183062911 0.1014532447 0.2389155626 -0.6829505563 0.6902883053
-553.3 70.0 2592.1 -0.8008710742 -0.5988308787 -0.0026702574 -0.3099311292 0.4183062911 -0.8537930250 0.5123946071 -0.6829505563 -0.5206057429
-188.0 292.1 2741.3 0.1346964091 0.9690616727 -0.2068244219 -0.9680086970 0.1732815057 0.1814735830 0.2116979510 0.1757639945 0.9614005685
-152.4 36.1 2797.3 0.2775705159 0.9490439892 -0.1492317021 -0.9543958306 0.2546270490 -0.1558641493 -0.1099235117 0.1856894195 0.9764406085
-415.5 -105.7 2674.9 0.8716545701 -0.0053020073 -0.4900920093 0.0294215791 0.9987042546 0.0415234640 0.4892368019 -0.0506133959 0.8706811070
-413.4 -502.4 2695.0 0.8711572289 0.0305503141 -0.4900528193 -0.0149561102 0.9992504120 0.0357069485 0.4907763302 -0.0237770826 0.8709611297
-241.7 -106.0 2733.6 0.3392325938 0.1642701328 -0.9262486696 -0.0391293690 0.9862468839 0.1605799496 0.9398883581 -0.0182304215 0.3409948647
-307.0 -497.7 2740.9 0.3402431905 0.0265362971 -0.9399629831 -0.0074868123 0.9996464849 0.0255111959 0.9403076768 -0.0016426847 0.3403216004
-347.5 149.7 2460.4 0 0 0 0 0 0 0 0 0
-79.9 -213.2 2768.6 0 0 0 0 0 0 0 0 0
-421.3 -761.0 2701.2 0 0 0 0 0 0 0 0 0
-314.3 -772.5 2741.3 0 0 0 0 0 0 0 0 0
-325.3 492.6 2680.0 1 0.9600228667 0.0094522154 -0.2797619402 0.0082408264 0.9980421662 0.0619994700 0.2798002362 -0.0618263781 0.9580653906
-327.2 288.0 2692.7 0.9600228667 0.0094522154 -0.2797619402 0.0082408264 0.9980421662 0.0619994700 0.2798002362 -0.0618263781 0.9580653906
-327.2 89.5 2701.1 0.9600398540 -0.0000453197 -0.2798633575 0.0118445419 0.9991105795 0.0404695794 0.2796126008 -0.0421672612 0.9591864944
-467.4 286.3 2651.9 0.3651132584 -0.5972278714 -0.7141506672 0.8922479153 0.4434047937 0.0853571147 0.2656801939 -0.6683644652 0.6947683096
-553.3 76.5 2589.4 -0.8019743562 -0.5972278714 -0.0124901086 -0.3171457648 0.4434047937 -0.8383380771 0.5062170625 -0.6683644652 -0.5450075269
-187.0 289.7 2733.5 0.1325273961 0.9744615555 -0.1812763661 -0.9592528939 0.1721397936 0.2240574509 0.2495402545 0.1441961229 0.9575683475
-152.6 40.1 2798.4 0.2680549920 0.9566791058 -0.1136292964 -0.9531373978 0.2461748272 -0.1758607775 -0.1402696669 0.1554446965 0.9778350592
-416.2 -106.0 2679.7 0.8868766427 -0.0050892876 -0.4619782865 0.0307734944 0.9983693957 0.0480786748 0.4609802961 -0.0568565391 0.8855870962
-414.2 -502.7 2702.3 0.8870652914 0.0216403622 -0.4611364603 -0.0255501457 0.9996710420 -0.0022366606 0.4609363675 0.0137661686 0.8873264194
-241.8 -105.3 2736.6 0.3663177192 0.1712503284 -0.9145953655 -0.0458435975 0.9850460887 0.1660801619 0.9293598533 -0.0189097654 0.3686905503
-309.9 -496.7 2744.1 0.3670409322 0.0155902905 -0.9300741553 -0.0125375139 0.9998516440 0.0118121738 0.9301202893 0.0073252660 0.3671819568
-344.2 159.1 2457.5 0 0 0 0 0 0 0 0 0
-82.5 -208.9 2761.8 0 0 0 0 0 0 0 0 0
-419.7 -757.3 2698.7 0 0 0 0 0 0 0 0 0
-314.2 -770.5 2742.1 0 0 0 0 0 0 0 0 0
-326.1 492.1 2677.9 2 0.9513716102 0.0115331337 -0.3078296483 0.0091576017 0.9977983236 0.0656857565 0.3079094887 -0.0653105453 0.9491713643
-328.4 288.1 2691.2 0.9513716102 0.0115331337 -0.3078296483 0.0091576017 0.9977983236 0.0656857565 0.3079094887 -0.0653105453 0.9491713643
-329.0 89.6 2700.4 0.9513885975 0.0028219924 -0.3079801798 0.0115224384 0.9989318848 0.0447473414 0.3077774942 -0.0461207926 0.9503398538
-467.3 286.4 2646.3 0.3546166718 -0.5934214592 -0.7225634456 0.8915981650 0.4473572969 0.0701725930 0.2816021144 -0.6691206098 0.6877338290
-548.4 82.5 2581.9 -0.8042818308 -0.5934214592 0.0313313231 -0.3619324565 0.4473572969 -0.8178486228 0.4713126421 -0.6691206098 -0.5745798349
-189.5 289.8 2736.2 0.1424196661 0.9679511189 -0.2068507522 -0.9593102336 0.1864590794 0.2120303810 0.2438042611 0.1682367474 0.9551208615
-152.9 42.7 2799.0 0.2639580667 0.9553015828 -0.1331353784 -0.9532543421 0.2373261899 -0.1870358139 -0.1470790952 0.1762814969 0.9732895494
-415.1 -110.1 2683.8 0.8729335666 -0.0032205344 -0.4878284633 0.0322846472 0.9981673956 0.0511813536 0.4867696464 -0.0604272932 0.8714377880
-413.8 -506.7 2707.8 0.8736094832 0.0241606422 -0.4860275388 -0.0433942936 0.9986555576 -0.0283554029 0.4846889973 0.0458623692 0.8734833598
-239.1 -108.0 2735.0 0.3375716209 0.1811941415 -0.9236958623 -0.0486922711 0.9833458066 0.1751002371 0.9400396347 -0.0141320210 0.3407723904
-311.1 -498.7 2740.7 0.3379192054 0.0002006264 -0.9411751032 -0.0039410004 0.9999915361 -0.0012018115 0.9411668777 0.0041152867 0.3379171193
-337.9 177.2 2458.6 0 0 0 0 0 0 0 0 0
-83.9 -206.5 2760.5 0 0 0 0 0 0 0 0 0
-419.9 -758.9 2696.2 0 0 0 0 0 0 0 0 0
-311.2 -767.6 2739.6 0 0 0 0 0 0 0 0 0
-327.6 494.5 2677.3 3 0.9540812373 0.0074938941 -0.2994541526 0.0147478580 0.9972995520 0.0719452724 0.2991846502 -0.0730579421 0.9513942599
-329.2 289.3 2692.4 0.9540812373 0.0074938941 -0.2994541526 0.0147478580 0.9972995520 0.0719452724 0.2991846502 -0.0730579421 0.9513942599
-329.1 90.9 2703.9 0.9540919065 -0.0003760997 -0.2995136678 0.0177415013 0.9983142614 0.0552614443 0.2989879847 -0.0580383204 0.9524902701
-468.5 286.7 2648.7 0.3473044634 -0.5928155780 -0.7266012430 0.8797386885 0.4742720127 0.0335553102 0.3247145116 -0.6508731246 0.6862395406
-546.7 88.7 2575.6 -0.8046047091 -0.5928155780 0.0343652405 -0.3832844794 0.4742720127 -0.7925648689 0.4535463154 -0.6508731246 -0.6088184714
-189.8 291.9 2736.0 0.1332039237 0.9715026617 -0.1960593909 -0.9635072947 0.1732824147 0.2040268332 0.2321862578 0.1617274582 0.9591317773
-155.4 42.9 2796.0 0.2904961705 0.9472286105 -0.1355357617 -0.9506478310 0.2695606947 -0.1536417156 -0.1089987159 0.1734791100 0.9787871242
-416.7 -109.9 2681.3 0.8771967292 0.0052613160 -0.4801023304 0.0426068306 0.9951420426 0.0887525976 0.4782369733 -0.0983091220 0.8727111220
-418.8 -505.1 2720.4 0.8806008101 0.0003530167 -0.4738586843 -0.0454131365 0.9954596758 -0.0836524367 0.4716776609 0.0951838121 0.8766186237
-242.3 -107.8 2737.7 0.3460952938 0.1651145518 -0.9235557318 -0.0370322466 0.9860288501 0.1624060273 0.9374682307 -0.0220066160 0.3473744988
-307.9 -499.6 2746.5 0.3461221755 0.0065208250 -0.9381667972 -0.0332821719 0.9994317889 -0.0053322921 0.9375989437 0.0330698527 0.3461425304
-335.0 189.5 2456.3 0 0 0 0 0 0 0 0 0
-79.9 -204.1 2767.7 0 0 0 0 0 0 0 0 0
-418.9 -755.2 2696.5 0 0 0 0 0 0 0 0 0
-309.7 -766.9 2737.6 0 0 0 0 0 0 0 0 0
-326.4 493.0 2676.0 4 0.9683098793 0.0006190498 -0.2497510016 0.0200580899 0.9965739250 0.0802374184 0.2489450127 -0.0827042162 0.9649800062
-326.5 287.9 2693.1 0.9683098793 0.0006190498 -0.2497510016 0.0200580899 0.9965739250 0.0802374184 0.2489450127 -0.0827042162 0.9649800062
-325.2 89.6 2706.0 0.9683043361 -0.0060167834 -0.2497008592 0.0221137684 0.9978491068 0.0617099032 0.2487924844 -0.0652757958 0.9663546681
-467.7 284.7 2656.8 0.3492703140 -0.5898889303 -0.7280393243 0.8488036394 0.5282971859 -0.0208433177 0.3969163597 -0.6106824875 0.6852184534
-547.3 91.3 2566.4 -0.8061397076 -0.5898889303 0.0465807244 -0.4289193749 0.5282971859 -0.7327552438 0.4076357782 -0.6106824875 -0.6788961291
-185.2 291.1 2729.4 0.1147166118 0.9820472002 -0.1497444957 -0.9606487751 0.1480532289 0.2350195944 0.2529704869 0.1168912202 0.9603865743
