-243.5 523.5 2335.6 2 0.9721494913 0.1816912442 -0.1480327100 -0.1694843173 0.9812873006 0.0913799927 0.1618655622 -0.0637457892 0.9847517610
-296.1 239.5 2354.1 0.9721494913 0.1816912442 -0.1480327100 -0.1694843173 0.9812873006 0.0913799927 0.1618655622 -0.0637457892 0.9847517610
-274.5 54.3 2413.1 0.9838197827 -0.1106913388 -0.1408760101 0.1474526376 0.9468956590 0.2857382894 0.1017661318 -0.3018875122 0.9478964210
-436.2 218.5 2339.7 0.2118339986 -0.3769429326 -0.9016875029 0.9771884084 0.0674027130 0.2013943195 -0.0151379807 -0.9237807393 0.3826224506
-486.2 -12.1 2343.2 -0.4968757331 -0.3769429326 -0.7816831470 0.8269823194 0.0674027130 -0.5581730008 0.2630869448 -0.9237807393 0.2782343626
-156.0 260.5 2368.5 0.6114965677 0.7478132844 0.2585483789 -0.3349309564 0.5406772494 -0.7716795802 -0.7168634534 0.3852835298 0.5810881257
-40.4 197.2 2233.0 -0.5079891682 0.7478132844 0.4274602830 0.8396261334 0.5406772494 0.0519237779 -0.1922887564 0.3852835298 -0.9025417566
-343.0 -142.4 2454.5 0.9670005441 0.2286029011 -0.1124751717 -0.2425952852 0.9610517621 -0.1323896199 0.0778298154 0.1553067863 0.9847955704
-432.5 -518.5 2393.7 0.9872632623 0.0271131005 -0.1567678601 -0.0776054561 0.9422605038 -0.3257645369 0.1388836801 0.3337813914 0.9323632717
-164.8 -118.0 2470.4 -0.8073921800 0.0092384741 0.5899428129 -0.0007981974 0.9998593926 -0.0167501550 -0.5900145769 -0.0139948353 -0.8072713017
-168.4 -509.0 2475.9 -0.8199314475 -0.0839941502 0.5662662387 0.0953835845 0.9553048015 0.2798118889 -0.5644593835 0.2834390700 -0.7752727866
-353.1 -233.6 2272.8 0 0 0 0 0 0 0 0 0
-183.4 433.6 2178.9 0 0 0 0 0 0 0 0 0
-439.6 -767.0 2305.7 0 0 0 0 0 0 0 0 0
-146.3 -761.0 2401.1 0 0 0 0 0 0 0 0 0
-244.7 526.6 2337.5 3 0.9707402587 0.1678180248 -0.1717568785 -0.1558546126 0.9844522476 0.0810126811 0.1826818436 -0.0518731736 0.9818027020
-293.8 238.6 2352.6 0.9707402587 0.1678180248 -0.1717568785 -0.1558546126 0.9844522476 0.0810126811 0.1826818436 -0.0518731736 0.9818027020
-274.1 53.3 2412.5 0.9811898470 -0.1008739769 -0.1645931751 0.1455723345 0.9466059804 0.2876558304 0.1267879009 -0.3062051833 0.9434846044
-433.5 217.8 2334.6 0.1856803894 -0.3500891924 -0.9181287289 0.9825913906 0.0603770912 0.1756949723 -0.0060749706 -0.9347684979 0.3552054763
-479.0 -22.7 2336.1 -0.4876548946 -0.3500891924 -0.7997688651 0.8402774930 0.0603770912 -0.5387841463 0.2369102389 -0.9347684979 0.2647288740
-154.1 259.3 2370.7 0.6166615486 0.7375226021 0.2752979398 -0.3048647344 0.5461493731 -0.7802425027 -0.7258002758 0.3972169161 0.5616339445
-37.1 201.5 2233.0 -0.5188006163 0.7375226021 0.4323267043 0.8347557783 0.5461493731 0.0700263754 -0.1844689250 0.3972169161 -0.8989938498
-341.7 -144.2 2463.1 0.9626559615 0.2303926051 -0.1421713531 -0.2507925928 0.9566920400 -0.1477950513 0.1019633189 0.1779313087 0.9787461162
-431.9 -518.7 2393.5 0.9825758934 0.0310674906 -0.1832468212 -0.0906169415 0.9408870935 -0.3263741732 0.1622749269 0.3372926712 0.9273082018
-164.0 -117.6 2481.4 -0.7918249965 0.0032750778 0.6107392907 0.0170960389 0.9997126460 0.0168041177 -0.6105087399 0.0237471424 -0.7916534543
-165.2 -508.6 2472.1 -0.8018739223 -0.0715016946 0.5931995511 0.1063230634 0.9598923922 0.2594264150 -0.5879571438 0.2710980773 -0.7621104121
-348.4 -247.8 2272.6 0 0 0 0 0 0 0 0 0
-182.4 435.3 2181.4 0 0 0 0 0 0 0 0 0
-440.1 -769.0 2303.7 0 0 0 0 0 0 0 0 0
-146.4 -761.4 2400.7 0 0 0 0 0 0 0 0 0
-243.4 526.5 2336.4 4 0.9709876776 0.1741718352 -0.1638507396 -0.1610089093 0.9827902913 0.0905502215 0.1768022180 -0.0615417212 0.9823204875
-294.3 239.4 2354.3 0.9709876776 0.1741718352 -0.1638507396 -0.1610089093 0.9827902913 0.0905502215 0.1768022180 -0.0615417212 0.9823204875
-273.9 53.5 2412.3 0.9820553660 -0.1043844819 -0.1570705026 0.1454241574 0.9494283199 0.2782762647 0.1200794652 -0.2961245477 0.9475712180
-434.2 218.6 2337.3 0.1712616235 -0.3035695851 -0.9372912645 0.9850702286 0.0696562603 0.1574315280 0.0174967777 -0.9502596855 0.3109667897
-476.5 -24.7 2332.9 -0.4649381936 -0.3035695851 -0.8316717744 0.8596978784 0.0696562603 -0.5060312152 0.2115468383 -0.9502596855 0.2285922766
-154.4 260.1 2371.4 0.6157227755 0.7357042432 0.2821784914 -0.2792202532 0.5385890603 -0.7949578166 -0.7368320823 0.4106836617 0.5370450616
-37.4 207.1 2231.5 -0.5182442069 0.7357042432 0.4360758960 0.8380349278 0.5385890603 0.0872886777 -0.1706470549 0.4106836617 -0.8956665397
-343.0 -145.1 2461.1 0.9648553729 0.2277956903 -0.1310086101 -0.2459894419 0.9583081007 -0.1453780383 0.0924301222 0.1724955142 0.9806640744
-432.2 -520.4 2393.5 0.9844792485 0.0334893391 -0.1722762585 -0.0891484097 0.9409758449 -0.3265226483 0.1511727720 0.3368129134 0.9293566942
-165.7 -118.8 2483.9 -0.7968709469 -0.0018848226 0.6041466594 0.0239553507 0.9991101623 0.0347141996 -0.6036744714 0.0421352834 -0.7961166501
-165.0 -509.8 2467.4 -0.8046317697 -0.0736322626 0.5891910195 0.0962490067 0.9629841447 0.2517888248 -0.5859214067 0.2593063414 -0.7677606344
-352.0 -254.9 2276.3 0 0 0 0 0 0 0 0 0
-182.3 441.4 2183.8 0 0 0 0 0 0 0 0 0
-441.0 -768.9 2304.5 0 0 0 0 0 0 0 0 0
-145.8 -760.3 2399.9 0 0 0 0 0 0 0 0 0
-244.1 526.3 2337.8 5 0.9721292257 0.1812572181 -0.1486964524 -0.1703170389 0.9818553925 0.0833792761 0.1611115038 -0.0557298847 0.9853615165
-296.9 240.2 2354.1 0.9721292257 0.1812572181 -0.1486964524 -0.1703170389 0.9818553925 0.0833792761 0.1611115038 -0.0557298847 0.9853615165
-275.7 52.8 2406.4 0.9838721752 -0.1082800478 -0.1423760802 0.1417449266 0.9574639201 0.2513389289 0.1091049686 -0.2674664855 0.9573702216
-437.1 220.0 2338.5 0.1668379903 -0.2985531986 -0.9396973252 0.9857601523 0.0708285272 0.1525131017 0.0210241023 -0.9517611861 0.3061187267
-478.3 -23.9 2333.3 -0.4614519179 -0.2985531986 -0.8354209065 0.8622160554 0.0708285272 -0.5015643239 0.2089152634 -0.9517611861 0.2247333974
-156.7 260.5 2369.6 0.6203260422 0.7317129970 0.2824741006 -0.2609696388 0.5321687460 -0.8054137230 -0.7396556139 0.4259019792 0.5210730433
-37.9 210.5 2227.9 -0.5161129236 0.7317129970 0.4452230036 0.8407153487 0.5321687460 0.0999706760 -0.1637839228 0.4259019792 -0.8898215294
-342.2 -145.5 2459.4 0.9675530791 0.2274066806 -0.1101239994 -0.2422263771 0.9588318467 -0.1482157111 0.0718851537 0.1700815111 0.9828045368
-431.2 -521.1 2392.8 0.9878039956 0.0343424492 -0.1518680602 -0.0834461451 0.9402346015 -0.3301449418 0.1314536184 0.3387912810 0.9316331744
-164.7 -119.2 2481.1 -0.8059819937 -0.0007380174 0.5919396281 0.0208169017 0.9993453026 0.0295901485 -0.5915739536 0.0361714736 -0.8054389358
-164.4 -510.5 2467.0 -0.8138585091 -0.0691088140 0.5769387484 0.0962826163 0.9631369710 0.2511907816 -0.5730305314 0.2599829137 -0.7772032619
-354.7 -255.0 2277.3 0 0 0 0 0 0 0 0 0
-182.4 445.9 2182.1 0 0 0 0 0 0 0 0 0
-440.3 -768.5 2303.7 0 0 0 0 0 0 0 0 0
-146.6 -758.6 2400.0 0 0 0 0 0 0 0 0 0
-241.8 513.4 2329.5 6 0.9697998762 0.2138054967 -0.1173687801 -0.2005411237 0.9728858471 0.1152231172 0.1388217658 -0.0882060975 0.9863813519
-301.5 241.9 2354.2 0.9697998762 0.2138054967 -0.1173687801 -0.2005411237 0.9728858471 0.1152231172 0.1388217658 -0.0882060975 0.9863813519
-278.7 53.3 2401.5 0.9868525863 -0.1168565154 -0.1116534099 0.1400081366 0.9632191658 0.2293611020 0.0807443708 -0.2419779897 0.9669162035
-442.1 221.9 2342.7 0.1610323936 -0.2860540748 -0.9445854425 0.9863807559 0.0791228116 0.1441964358 0.0334902741 -0.9549411535 0.2948995531
-481.8 -21.4 2334.4 -0.4572739303 -0.2860540748 -0.8420650959 0.8645134568 0.0791228116 -0.4963427186 0.2086074054 -0.9549411535 0.2111167908
-160.9 261.9 2365.7 0.6444895864 0.7159038782 0.2685420215 -0.2695402503 0.5413880348 -0.7963963151 -0.7155286074 0.4408862293 0.5418838859
-35.6 209.5 2226.5 -0.5253573656 0.7159038782 0.4598709643 0.8336102366 0.5413880348 0.1095122695 -0.1705683768 0.4408862293 -0.8812069893
-343.5 -147.4 2448.9 0.9717041254 0.2255575657 -0.0701058879 -0.2332828194 0.9629653692 -0.1351918876 0.0370159894 0.1477210075 0.9883361459
-431.8 -524.5 2391.1 0.9928633571 0.0301096719 -0.1153939590 -0.0671314672 0.9408479333 -0.3321123123 0.0985683724 0.3374887109 0.9361547232
-165.6 -121.8 2468.6 -0.8244535327 -0.0041075121 0.5659146905 -0.0012516733 0.9999844432 0.0054345676 -0.5659282207 0.0037722082 -0.8244459033
-164.0 -513.2 2467.1 -0.8344464302 -0.0649513379 0.5472481251 0.0909862593 0.9631648064 0.2530515790 -0.5435261130 0.2609500587 -0.7977997065
-359.2 -253.2 2278.5 0 0 0 0 0 0 0 0 0
-182.6 442.8 2178.8 0 0 0 0 0 0 0 0 0
-439.6 -768.7 2303.5 0 0 0 0 0 0 0 0 0
-147.5 -757.6 2400.9 0 0 0 0 0 0 0 0 0
-242.0 520.5 2327.9 7 0.9720607400 0.2108598500 -0.1031311527 -0.1983306706 0.9728081226 0.1196215972 0.1255502105 -0.0958253890 0.9874485731
-302.3 242.1 2355.3 0.9720607400 0.2108598500 -0.1031311527 -0.1983306706 0.9728081226 0.1196215972 0.1255502105 -0.0958253890 0.9874485731
-275.9 53.0 2398.6 0.9858179688 -0.1350304037 -0.0996479392 0.1533927023 0.9658806324 0.2086749971 0.0680705458 -0.2210008353 0.9728952050
-442.7 220.2 2345.6 0.1480888426 -0.2406010777 -0.9592605829 0.9871199131 0.0953270048 0.1284798682 0.0605310388 -0.9659315944 0.2516189814
-479.9 -27.3 2330.4 -0.4537553787 -0.2406010777 -0.8580309749 0.8686788678 0.0953270048 -0.4861170650 0.1987538040 -0.9659315944 0.1657499373
-161.9 264.0 2365.0 0.6483349204 0.7123329043 0.2687818408 -0.2750498950 0.5483272076 -0.7897372246 -0.7099361420 0.4380857944 0.5514267683
-33.6 209.6 2224.6 -0.5335350633 0.7123329043 0.4559848905 0.8286028504 0.5483272076 0.1129361540 -0.1695807874 0.4380857944 -0.8827928305
-345.1 -147.9 2441.6 0.9742369056 0.2209443003 -0.0452340692 -0.2249359190 0.9664514065 -0.1239980683 0.0163198616 0.1309782565 0.9912509322
-431.6 -526.4 2390.3 0.9953204393 0.0293074884 -0.0920773372 -0.0583250821 0.9419468641 -0.3306574225 0.0770412162 0.3344805241 0.9392483234
-166.8 -122.5 2456.1 -0.8328825235 -0.0081837391 0.5533893108 -0.0297804065 0.9991047978 -0.0300460588 -0.5526480079 -0.0415049978 -0.8323806524
-163.6 -513.4 2472.4 -0.8479982018 -0.0631642118 0.5262217522 0.0940770507 0.9591670632 0.2667358518 -0.5215827227 0.2756969333 -0.8074296713
-358.2 -260.2 2277.2 0 0 0 0 0 0 0 0 0
-182.5 440.8 2177.2 0 0 0 0 0 0 0 0 0
-439.2 -768.5 2304.3 0 0 0 0 0 0 0 0 0
-147.3 -761.1 2401.1 0 0 0 0 0 0 0 0 0
-242.9 524.8 2332.6 8 0.9761559963 0.2013117820 -0.0811972842 -0.1914091110 0.9746984243 0.1154363751 0.1023815647 -0.0971420109 0.9899906516
-300.7 244.9 2360.5 0.9761559963 0.2013117820 -0.0811972842 -0.1914091110 0.9746984243 0.1154363751 0.1023815647 -0.0971420109 0.9899906516
-276.0 55.1 2401.7 0.9889193177 -0.1263871491 -0.0778774768 0.1397729963 0.9694480300 0.2015787214 0.0500212125 -0.2102302611 0.9763714075
-441.6 224.9 2353.4 0.1667509824 -0.2404929996 -0.9562202692 0.9833933711 0.1110223755 0.1435670257 0.0716349855 -0.9642806649 0.2550123036
-483.6 -22.8 2335.3 -0.4594220221 -0.2404929996 -0.8550406694 0.8620933294 0.1110223755 -0.4944382012 0.2138375640 -0.9642806649 0.1563212723
-159.8 264.8 2367.6 0.6350229979 0.7135958672 0.2958491445 -0.2720765471 0.5650455356 -0.7789081335 -0.7229939103 0.4141309857 0.5529695749
-32.6 210.3 2222.8 -0.5472933054 0.7135958672 0.4373224378 0.8186650872 0.5650455356 0.1025233939 -0.1739468127 0.4141309857 -0.8934416771
-338.6 -149.9 2435.6 0.9708863497 0.2384566069 -0.0227632988 -0.2394913882 0.9643664360 -0.1124331057 -0.0048582554 0.1146113798 0.9933985472
-432.0 -527.5 2390.7 0.9967640638 0.0257718712 -0.0761397481 -0.0494310744 0.9434636831 -0.3277695775 0.0633878484 0.3304725885 0.9416846037
-160.5 -122.1 2447.9 -0.8439095616 0.0065155127 0.5364458561 -0.0314828493 0.9976015687 -0.0616438054 -0.5355608463 -0.0689106435 -0.8416804075
-163.0 -512.4 2474.9 -0.8592902422 -0.0582424328 0.5081614852 0.0966727883 0.9570963383 0.2731683254 -0.5022694468 0.2838562429 -0.8167931437
-360.4 -254.0 2278.0 0 0 0 0 0 0 0 0 0
-185.1 438.4 2174.3 0 0 0 0 0 0 0 0 0
-438.6 -770.5 2305.6 0 0 0 0 0 0 0 0 0
-147.8 -762.4 2400.8 0 0 0 0 0 0 0 0 0
-243.4 534.9 2341.9 9 0.9769756794 0.1997447163 -0.0749704912 -0.1933141202 0.9774438739 0.0850476548 0.0902672708 -0.0685966313 0.9935523868
-301.1 253.0 2361.7 0.9769756794 0.1997447163 -0.0749704912 -0.1933141202 0.9774438739 0.0850476548 0.0902672708 -0.0685966313 0.9935523868
-279.3 62.9 2403.6 0.9913621545 -0.1112730131 -0.0694215447 0.1234395579 0.9704751968 0.2072211355 0.0443137661 -0.2140005678 0.9758278728
-442.3 235.4 2355.4 0.1839935035 -0.3122816682 -0.9320013523 0.9817345738 0.1050843447 0.1586015522 0.0484103933 -0.9441596270 0.3259125650
-489.1 -14.3 2343.1 -0.4712573886 -0.3122816682 -0.8248615861 0.8458205462 0.1050843447 -0.5230151415 0.2500080764 -0.9441596270 0.2146124840
-159.8 270.6 2368.0 0.6146135330 0.7411043048 0.2702120841 -0.2813697159 0.5259814858 -0.8026048541 -0.7369404435 0.4172623158 0.5317996740
-36.2 214.0 2219.9 -0.5309169292 0.7411043048 0.4109641910 0.8395408392 0.5259814858 0.1360685378 -0.1153185889 0.4172623158 -0.9014398456
-340.7 -147.4 2438.3 0.9724978805 0.2318472415 -0.0222437382 -0.2328341305 0.9652629495 -0.1185566485 -0.0060159736 0.1204751879 0.9926981330
-431.5 -525.4 2391.1 0.9968901277 0.0294547658 -0.0730925649 -0.0520204939 0.9426819682 -0.3296127319 0.0591943748 0.3323899806 0.9412825704
-162.0 -122.1 2447.3 -0.8471644521 0.0072140028 0.5312817693 -0.0246047191 0.9983025193 -0.0527893119 -0.5307607651 -0.0577932671 -0.8455489278
-164.8 -512.9 2470.0 -0.8594062924 -0.0688098967 0.5066419244 0.0783918649 0.9614538550 0.2635549605 -0.5052480102 0.2662174106 -0.8208853602
-362.8 -240.9 2276.1 0 0 0 0 0 0 0 0 0
-183.8 447.3 2187.8 0 0 0 0 0 0 0 0 0
-439.1 -769.8 2305.0 0 0 0 0 0 0 0 0 0
-146.8 -764.7 2400.2 0 0 0 0 0 0 0 0 0
-243.9 534.2 2340.1 0 0.9761648774 0.1991179138 -0.0863376409 -0.1908225864 0.9769566655 0.0956160501 0.1033870056 -0.0768618584 0.9916669726
-301.0 253.7 2362.2 0.9761648774 0.1991179138 -0.0863376409 -0.1908225864 0.9769566655 0.0956160501 0.1033870056 -0.0768618584 0.9916669726
-278.7 63.2 2401.2 0.9900901318 -0.1138821095 -0.0821729675 0.1277898997 0.9732549191 0.1909045577 0.0582346357 -0.1995135844 0.9781631231
-442.1 235.5 2353.9 0.2029114813 -0.3415027857 -0.9177160859 0.9786659479 0.1015938595 0.1785824299 0.0322479196 -0.9343738556 0.3548316956
-492.3 -6.7 2345.9 -0.4822019637 -0.3415027857 -0.8067571521 0.8343934417 0.1015938595 -0.5417252779 0.2669622600 -0.9343738556 0.2359589338
-159.9 271.9 2370.5 0.6031126976 0.7455737591 0.2835045755 -0.2491127700 0.5137016773 -0.8210075498 -0.7577584386 0.4245355129 0.4955519438
-37.6 221.4 2216.7 -0.5303258896 0.7455737591 0.4035768211 0.8431257010 0.5137016773 0.1589013785 -0.0888453871 0.4245355129 -0.9010416865
-347.1 -138.2 2441.5 0.9759532809 0.2160270959 -0.0291120689 -0.2179563940 0.9690651894 -0.1157916859 0.0031973505 0.1193524376 0.9928467870
-431.7 -517.7 2394.8 0.9966044426 0.0280680042 -0.0774067491 -0.0523674153 0.9415348172 -0.3328210413 0.0635395274 0.3357445002 0.9398075938
-168.0 -115.9 2449.6 -0.8405191302 -0.0148761105 0.5415775776 -0.0371502861 0.9988526702 -0.0302200168 -0.5405066609 -0.0455202647 -0.8401074409
-162.1 -506.9 2467.4 -0.8542373180 -0.0568638593 0.5167640448 0.0837200209 0.9659806490 0.2446883619 -0.5130980015 0.2522854209 -0.8204160333
-363.1 -230.2 2274.3 0 0 0 0 0 0 0 0 0
-184.4 454.8 2192.1 0 0 0 0 0 0 0 0 0
-439.2 -769.1 2305.2 0 0 0 0 0 0 0 0 0
-147.0 -764.5 2400.1 0 0 0 0 0 0 0 0 0
-240.1 510.3 2317.7 1 0.9864040613 0.1612521857 0.0316980146 -0.1642052680 0.9748540521 0.1506524384 -0.0066079027 -0.1538091600 0.9880784750
-279.3 273.0 2355.1 0.9864040613 0.1612521857 0.0316980146 -0.1642052680 0.9748540521 0.1506524384 -0.0066079027 -0.1538091600 0.9880784750
-278.2 83.0 2397.7 0.9993174672 -0.0046477877 0.0366474800 -0.0032424121 0.9771890640 0.2123465687 -0.0367984585 -0.2123204470 0.9765070081
-419.9 273.5 2360.2 0.2368090749 -0.2927045524 -0.9264153838 0.9696761370 0.1304985285 0.2066358030 0.0604126044 -0.9472561479 0.3147318661
-489.1 -9.9 2342.5 -0.4787943065 -0.2927045524 -0.8276956081 0.8375050426 0.1304985285 -0.5306179523 0.2633273602 -0.9472561479 0.1826595962
-138.8 272.4 2350.1 0.9500977397 0.2457765788 -0.1921148896 -0.3118922710 0.7604900599 -0.5695419908 0.0061213956 0.6010397077 0.7991957068
-22.7 234.3 2350.8 -0.4688831270 0.2457765788 0.8483763933 0.6359632015 0.7604900599 0.1311702877 -0.6129432321 0.6010397077 -0.5128858089
-353.9 -126.3 2439.5 0.9805725813 0.1918163598 0.0410353057 -0.1849956810 0.9738765359 -0.1316854209 -0.0652227402 0.1215357557 0.9904418588
-431.2 -518.6 2390.6 0.9995925426 0.0285111330 0.0013489189 -0.0265124943 0.9449509978 -0.3261360824 -0.0105731711 0.3259674311 0.9453218579
-166.9 -115.9 2445.6 -0.8907096982 -0.0105646411 0.4544498324 -0.0318956822 0.9987183809 -0.0392973945 -0.4534522295 -0.0494975559 -0.8899050951
-162.8 -507.0 2465.0 -0.8992276788 -0.0572984815 0.4337123930 0.0535383821 0.9695208669 0.2390876412 -0.4341925681 0.2382144779 -0.8687523603
-360.7 -234.4 2271.9 0 0 0 0 0 0 0 0 0
-129.5 379.1 2211.3 0 0 0 0 0 0 0 0 0
-438.7 -768.5 2304.4 0 0 0 0 0 0 0 0 0
-147.7 -762.8 2402.1 0 0 0 0 0 0 0 0 0
-235.8 498.3 2304.0 2 0.9883752465 0.1425392181 0.0528857745 -0.1504596621 0.9669842124 0.2056780905 -0.0218225140 -0.2112443149 0.9771896601
-267.6 282.9 2351.1 0.9883752465 0.1425392181 0.0528857745 -0.1504596621 0.9669842124 0.2056780905 -0.0218225140 -0.2112443149 0.9771896601
-278.0 93.7 2396.7 0.9969996810 0.0543375351 0.0551278777 -0.0655417368 0.9715102911 0.2277543545 -0.0411816873 -0.2306842059 0.9721568227
-408.4 292.2 2356.7 0.3385640383 -0.3977127969 -0.8527595997 0.9404218197 0.1128525883 0.3207352757 -0.0313243978 -0.9105431437 0.4122256041
-500.7 36.1 2365.3 -0.4390477240 -0.3977127969 -0.8056436181 0.8480004072 0.1128525883 -0.5178413391 0.2968710959 -0.9105431437 0.2877129316
-126.7 273.5 2345.4 0.8019532561 -0.0877504423 -0.5909067988 -0.1600429565 0.9214355350 -0.3540377915 0.5755495429 0.3784922361 0.7249044180
-26.5 253.5 2417.3 -0.2925882041 -0.0877504423 0.9522037506 0.3393571973 0.9214355350 0.1891909093 -0.8939960003 0.3784922361 -0.2398224324
-370.3 -100.2 2445.7 0.9872921109 0.1541825384 0.0384979136 -0.1488874555 0.9821301699 -0.1151208580 -0.0555595905 0.1079260558 0.9926052094
-431.5 -490.1 2402.9 0.9997350574 0.0228522345 0.0027461208 -0.0206275620 0.9424962997 -0.3335794806 -0.0102112452 0.3334344625 0.9427179694
-188.0 -107.2 2437.1 -0.8933541775 -0.0536686517 0.4461367428 -0.0903538838 0.9940183163 -0.0613497943 -0.4401755333 -0.0951172858 -0.8928595781
-167.0 -495.8 2474.3 -0.9119549990 -0.0758626908 0.4032157660 0.0398943722 0.9617047906 0.2711684108 -0.4083461165 0.2633794248 -0.8740050197
-383.1 -191.0 2285.8 0 0 0 0 0 0 0 0 0
-92.6 330.2 2215.3 0 0 0 0 0 0 0 0 0
-438.2 -769.3 2304.1 0 0 0 0 0 0 0 0 0
-145.8 -763.6 2400.9 0 0 0 0 0 0 0 0 0
-240.3 500.1 2306.6 3 0.9928615689 0.1104492620 0.0450201854 -0.1176447272 0.9690128565 0.2171954364 -0.0196360592 -0.2209413946 0.9750893712
-263.8 294.2 2353.6 0.9928615689 0.1104492620 0.0450201854 -0.1176447272 0.9690128565 0.2171954364 -0.0196360592 -0.2209413946 0.9750893712
-275.9 104.0 2396.5 0.9970705509 0.0619453862 0.0448668264 -0.0702068061 0.9739840627 0.2154670209 -0.0303523876 -0.2179857790 0.9754798412
-405.3 304.2 2357.8 0.3878628016 -0.4974483550 -0.7759559155 0.9170390368 0.1235557422 0.3791745603 -0.0927459598 -0.8586495519 0.5041022897
-507.8 61.9 2382.3 -0.4109040499 -0.4974483550 -0.7640045881 0.8381649852 0.1235557422 -0.5312376618 0.3586604595 -0.8586495519 0.3661742508
-122.3 284.1 2349.4 0.6843815446 -0.0022330736 -0.7291206717 -0.1022598892 0.9898174405 -0.0990166888 0.7219175100 0.1423249841 0.6771844029
-31.0 270.5 2445.7 -0.1669016331 -0.0022330736 0.9859710336 0.1399600953 0.9898174405 0.0259337295 -0.9759892225 0.1423249841 -0.1648896188
-379.9 -86.4 2447.2 0.9926353693 0.1188018546 0.0236890446 -0.1141330227 0.9827039838 -0.1458304971 -0.0406042524 0.1420527995 0.9890259504
-426.7 -473.4 2391.2 0.9992305636 0.0384902470 0.0075377803 -0.0349108726 0.9604253769 -0.2763410509 -0.0178759117 0.2758652568 0.9610300660
-199.2 -101.4 2438.8 -0.8870163560 -0.0791034773 0.4549117088 -0.1047334224 0.9940054417 -0.0313708559 -0.4497031569 -0.0754709169 -0.8899838328
-168.2 -490.2 2468.4 -0.9067265987 -0.0791022927 0.4142338634 0.0296749528 0.9678485394 0.2497770488 -0.4206735790 0.2387718707 -0.8752266765
-397.9 -162.1 2286.4 0 0 0 0 0 0 0 0 0
-70.5 303.7 2214.3 0 0 0 0 0 0 0 0 0
-438.6 -771.1 2305.7 0 0 0 0 0 0 0 0 0
-145.9 -764.0 2400.8 0 0 0 0 0 0 0 0 0
-240.6 501.3 2309.0 4 0.9950917363 0.0989316776 -0.0022283685 -0.0958941281 0.9696087837 0.2250847965 0.0244286619 -0.2237663269 0.9743366241
-261.1 300.3 2355.3 0.9950917363 0.0989316776 -0.0022283685 -0.0958941281 0.9696087837 0.2250847965 0.0244286619 -0.2237663269 0.9743366241
-274.9 109.7 2396.7 0.9974873662 0.0707633942 -0.0033962051 -0.0684426725 0.9749346972 0.2117025107 0.0182918664 -0.2109381258 0.9773282409
-402.8 310.1 2352.7 0.4074979424 -0.5637393594 -0.7184311748 0.9020486474 0.1258800179 0.4128710628 -0.1423155367 -0.8163039684 0.5598161817
-507.5 78.4 2389.2 -0.3814660907 -0.5637393594 -0.7325854897 0.8369159102 0.1258800179 -0.5326594114 0.3924989402 -0.8163039684 0.4237834811
-119.5 290.6 2358.0 0.6582154632 0.1222723201 -0.7428336740 -0.1093193740 0.9917874932 0.0663842484 0.7448500991 0.0375109725 0.6661766171
-30.9 275.9 2458.2 -0.1071276069 0.1222723201 0.9866980910 0.0507620908 0.9917874932 -0.1173916683 -0.9929485917 0.0375109725 -0.1124546155
-378.7 -78.3 2442.7 0.9930229187 0.1153900921 -0.0243031047 -0.1177230552 0.9820240736 -0.1475466490 0.0068408120 0.1493782252 0.9887564778
-424.0 -464.0 2384.0 0.9982963800 0.0462979227 -0.0355076306 -0.0535657890 0.9684988856 -0.2431885153 0.0231299791 0.2446762174 0.9693289399
-198.2 -92.6 2436.8 -0.8640049696 -0.0751225427 0.4978474081 -0.1006268561 0.9946212173 -0.0245529581 -0.4933251143 -0.0713106990 -0.8669170141
-168.8 -481.9 2464.7 -0.8836314082 -0.0775157288 0.4617216289 0.0361495949 0.9719581604 0.2323585451 -0.4667855501 0.2220103592 -0.8560506105
-405.5 -145.4 2284.3 0 0 0 0 0 0 0 0 0
-57.3 288.3 2214.0 0 0 0 0 0 0 0 0 0
-438.5 -768.1 2307.2 0 0 0 0 0 0 0 0 0
-146.6 -759.9 2401.2 0 0 0 0 0 0 0 0 0
-244.6 503.6 2309.1 5 0.9933787584 0.0837192535 -0.0786750168 -0.0631162375 0.9699047208 0.2351619452 0.0959948525 -0.2286392152 0.9687668085
-261.7 304.9 2356.0 0.9933787584 0.0837192535 -0.0786750168 -0.0631162375 0.9699047208 0.2351619452 0.0959948525 -0.2286392152 0.9687668085
-275.0 114.0 2396.9 0.9944235086 0.0683328807 -0.0803278387 -0.0497491248 0.9755628109 0.2140144408 0.0929890797 -0.2088247389 0.9735220671
-402.8 312.0 2342.7 0.4209682345 -0.6122910380 -0.6692424417 0.8842225671 0.1124316528 0.4533315897 -0.2023268491 -0.7825974822 0.5887317061
-510.4 86.0 2394.4 -0.3794487417 -0.6122910380 -0.6936269403 0.8266027570 0.1124316528 -0.5514408946 0.4156279266 -0.7825974822 0.4634594023
-120.6 297.8 2369.2 0.6936001182 0.2395301908 -0.6793704033 -0.1679744869 0.9708791375 0.1708165854 0.7005022764 -0.0043615163 0.7136368155
-28.9 275.6 2461.9 -0.0859924331 0.2395301908 0.9670732021 0.0167405345 0.9708791375 -0.2389842868 -0.9961551428 -0.0043615163 -0.0874981210
-379.1 -74.0 2436.7 0.9899370074 0.1047930121 -0.0950951427 -0.1177140921 0.9827864170 -0.1423877776 0.0785369724 0.1521489769 0.9852322936
-420.2 -459.5 2377.0 0.9928033352 0.0622436218 -0.1023096964 -0.0828911364 0.9737593532 -0.2119475305 0.0864326432 0.2189027816 0.9719110131
-198.8 -87.2 2439.8 -0.8243814707 -0.0759064183 0.5609219670 -0.0977921262 0.9951657057 -0.0090539353 -0.5575230122 -0.0623176470 -0.8278191686
-169.1 -476.9 2464.2 -0.8463346958 -0.0756977350 0.5272451639 0.0535889789 0.9727270007 0.2256776243 -0.5299488902 0.2192533314 -0.8191960454
-408.8 -135.3 2283.2 0 0 0 0 0 0 0 0 0
-50.3 279.8 2213.2 0 0 0 0 0 0 0 0 0
-439.6 -763.9 2308.6 0 0 0 0 0 0 0 0 0
-147.3 -757.2 2401.0 0 0 0 0 0 0 0 0 0
-244.8 503.3 2309.2 6 0.9958738685 0.0762418285 -0.0492183864 -0.0627743006 0.9704286456 0.2330829501 0.0655336007 -0.2290315777 0.9712105393
-260.3 305.6 2355.9 0.9958738685 0.0762418285 -0.0492183864 -0.0627743006 0.9704286456 0.2330829501 0.0655336007 -0.2290315777 0.9712105393
-273.4 114.4 2396.3 0.9964836836 0.0665438324 -0.0509140193 -0.0544607528 0.9761906862 0.2099661380 0.0636737421 -0.2064550072 0.9763820767
-402.0 313.3 2346.8 0.4287358224 -0.6112365127 -0.6652635336 0.8826302290 0.1262909770 0.4527852833 -0.1927421093 -0.7813069224 0.5936412811
-509.7 91.5 2395.2 -0.3769213557 -0.6112365127 -0.6959311962 0.8215967417 0.1262909770 -0.5559041500 0.4276787341 -0.7813069224 0.4545881450
-118.7 297.8 2364.9 0.6802919507 0.2749735415 -0.6794059277 -0.1869028509 0.9613955021 0.2019555718 0.7087101936 -0.0104058478 0.7054229379
-25.2 272.1 2462.4 -0.0848749802 0.2749735415 0.9576981664 0.0134918727 0.9613955021 -0.2748394012 -0.9963002801 -0.0104058478 -0.0853083283
-378.1 -72.1 2429.6 0.9924781919 0.1038905233 -0.0647598058 -0.1114540771 0.9856348038 -0.1268939078 0.0506464429 0.1331571788 0.9898000360
-418.8 -458.3 2377.4 0.9948172569 0.0698488057 -0.0738904923 -0.0843142718 0.9728533030 -0.2155168653 0.0568310134 0.2206299156 0.9737005234
-198.9 -81.4 2446.3 -0.8408212662 -0.0751596615 0.5360695720 -0.0905778632 0.9958863854 -0.0024424354 -0.5336807966 -0.0506096892 -0.8441702724
-169.5 -471.4 2466.1 -0.8601875901 -0.0727737099 0.5047585964 0.0496786572 0.9731013179 0.2249573469 -0.5075522661 0.2185812593 -0.8334344029
-408.7 -128.6 2280.6 0 0 0 0 0 0 0 0 0
-46.5 275.5 2212.0 0 0 0 0 0 0 0 0 0
-440.5 -760.7 2308.9 0 0 0 0 0 0 0 0 0
-148.1 -756.7 2402.0 0 0 0 0 0 0 0 0 0
-245.7 503.2 2309.7 7 0.9972582459 0.0693996102 0.0256838091 -0.0734353885 0.9709154367 0.2278824598 -0.0091218529 -0.2291437685 0.9733498693
-259.8 306.0 2356.3 0.9972582459 0.0693996102 0.0256838091 -0.0734353885 0.9709154367 0.2278824598 -0.0091218529 -0.2291437685 0.9733498693
-272.1 114.8 2396.8 0.9977524281 0.0624893047 0.0241893250 -0.0661388412 0.9763528705 0.2058171928 -0.0107559431 -0.2069544643 0.9782914519
-401.5 315.4 2357.8 0.4381227493 -0.5861079693 -0.6815613508 0.8852186799 0.1494592428 0.4405108690 -0.1563212872 -0.7963286638 0.5843152404
-512.6 91.0 2397.5 -0.3911516964 -0.5861079693 -0.7095617056 0.8085269928 0.1494592428 -0.5691626072 0.4396412969 -0.7963286638 0.4154228866
-118.1 296.6 2354.7 0.7287924886 0.2847117186 -0.6227364540 -0.1980756968 0.9582330585 0.2062896788 0.6554597616 -0.0269934051 0.7547475696
-17.9 269.3 2444.9 -0.1584491581 0.2847117186 0.9454274774 0.0192698482 0.9582330585 -0.2853385508 -0.9871791005 -0.0269934051 -0.1573175639
-376.3 -71.6 2431.1 0.9940713644 0.1085052639 0.0069783223 -0.1065850183 0.9851405025 -0.1346766800 -0.0214877576 0.1331344545 0.9908650517
-418.8 -457.6 2378.9 0.9976472259 0.0684877411 -0.0030649987 -0.0674197227 0.9720195532 -0.2250168473 -0.0124316569 0.2246940881 0.9743500352
-196.5 -81.6 2442.5 -0.8787791729 -0.0692477524 0.4721778333 -0.0835340470 0.9964612722 -0.0093297055 -0.4698608518 -0.0476416759 -0.8814539313
-169.4 -471.9 2461.2 -0.8924736381 -0.0746360868 0.4448823035 0.0244456101 0.9767663479 0.2129081786 -0.4504367113 0.2008903623 -0.8699136972
-407.8 -125.7 2279.6 0 0 0 0 0 0 0 0 0
-57.7 274.2 2196.8 0 0 0 0 0 0 0 0 0
-440.2 -761.0 2308.8 0 0 0 0 0 0 0 0 0
-147.5 -758.9 2402.2 0 0 0 0 0 0 0 0 0
-246.1 501.2 2312.0 8 0.9942581058 0.0725381747 0.0786701813 -0.0878957361 0.9729226232 0.2137661427 -0.0610337928 -0.2194534987 0.9737119675
-260.8 304.5 2356.4 0.9942581058 0.0725381747 0.0786701813 -0.0878957361 0.9729226232 0.2137661427 -0.0610337928 -0.2194534987 0.9737119675
-274.0 113.1 2395.4 0.9947420955 0.0672133714 0.0772692710 -0.0811410099 0.9775977135 0.1942135245 -0.0624845102 -0.1994620711 0.9779113531
-402.1 316.1 2365.3 0.4451636374 -0.5650336146 -0.6946699619 0.8863289356 0.1675993055 0.4316613376 -0.1274769604 -0.8078660369 0.5754147172
-515.2 91.0 2397.6 -0.3988528550 -0.5650336146 -0.7222557664 0.8016529679 0.1675993055 -0.5738144517 0.4452739954 -0.8078660369 0.3861134052
-119.5 293.0 2347.5 0.7580543160 0.2980089784 -0.5801243782 -0.2166004032 0.9540495276 0.2070598006 0.6151731014 -0.0313073918 0.7877702117
-15.3 263.2 2432.1 -0.2082489431 0.2980089784 0.9315701723 0.0329715088 0.9540495276 -0.2978294492 -0.9775199294 -0.0313073918 -0.2085056156
-374.2 -70.3 2438.3 0.9926407933 0.1087038070 0.0533637628 -0.0987736806 0.9817480445 -0.1625254303 -0.0700569004 0.1560584456 0.9852602482
-416.8 -454.8 2377.2 0.9964617491 0.0697641596 0.0468710884 -0.0578253716 0.9737742543 -0.2200453877 -0.0609931424 0.2165564895 0.9743629098
-194.5 -82.3 2436.4 -0.9015462995 -0.0629350543 0.4280811250 -0.0857825875 0.9957242608 -0.0342715755 -0.4240938723 -0.0676193163 -0.9030902386
-169.9 -472.3 2462.8 -0.9142976999 -0.0785552785 0.3973522186 0.0135224564 0.9745459557 0.2237794995 -0.4048170745 0.2099742591 -0.8899629116
-408.2 -123.9 2278.3 0 0 0 0 0 0 0 0 0
-67.6 271.5 2186.4 0 0 0 0 0 0 0 0 0
-438.9 -763.4 2308.6 0 0 0 0 0 0 0 0 0
-146.9 -757.1 2401.5 0 0 0 0 0 0 0 0 0
-246.1 502.3 2310.6 9 0.9845850468 0.0792171136 0.1559389383 -0.1108821705 0.9722027183 0.2062206715 -0.1352680475 -0.2203326374 0.9660000205
-262.1 306.0 2355.1 0.9845850468 0.0792171136 0.1559389383 -0.1108821705 0.9722027183 0.2062206715 -0.1352680475 -0.2203326374 0.9660000205
-276.8 114.9 2395.0 0.9851582646 0.0744265616 0.1546732783 -0.1036122888 0.9762683511 0.1901699305 -0.1368489265 -0.2033735365 0.9694903493
-402.0 320.8 2374.5 0.4430054724 -0.5316226482 -0.7218888402 0.8923175335 0.1836013645 0.4123832881 -0.0866925120 -0.8268421292 0.5557125807
-515.9 91.3 2396.8 -0.3977989554 -0.5316226482 -0.7477521896 0.8077272177 0.1836013645 -0.5602386594 0.4351238608 -0.8268421292 0.3563696444
-122.3 291.3 2335.7 0.7968252897 0.3165628910 -0.5146429539 -0.2351989001 0.9470903873 0.2184062600 0.5565527081 -0.0529881790 0.8291208148
-12.7 259.0 2412.2 -0.2800279260 0.3165628910 0.9062958956 0.0399352200 0.9470903873 -0.3184729218 -0.9591608644 -0.0529881790 -0.2778537571
-376.9 -71.0 2440.2 0.9866650105 0.1072684824 0.1224159151 -0.0853013471 0.9813302755 -0.1723792106 -0.1386213005 0.1596383005 0.9773943424
-418.9 -455.3 2377.7 0.9911726117 0.0635119155 0.1163745821 -0.0358796678 0.9735316038 -0.2257186174 -0.1276301593 0.2195506394 0.9672166705
-197.6 -85.6 2428.9 -0.9305903912 -0.0732396021 0.3586607277 -0.0962098390 0.9942698479 -0.0465956330 -0.3531928957 -0.0778681412 -0.9323043227
-168.9 -475.0 2459.4 -0.9417641163 -0.0795625448 0.3267263472 -0.0072533013 0.9761872292 0.2168084681 -0.3361959159 0.2018125951 -0.9199151993
-409.3 -125.3 2280.2 0 0 0 0 0 0 0 0 0
-83.1 269.0 2171.2 0 0 0 0 0 0 0 0 0
-438.9 -761.5 2308.6 0 0 0 0 0 0 0 0 0
-145.9 -758.1 2400.8 0 0 0 0 0 0 0 0 0
-249.0 503.7 2314.0 0 0.9621596336 0.0836369097 0.2593331635 -0.1346347034 0.9733588099 0.1855966449 -0.2369014770 -0.2134888470 0.9477869868
-265.8 307.8 2356.9 0.9621596336 0.0836369097 0.2593331635 -0.1346347034 0.9733588099 0.1855966449 -0.2369014770 -0.2134888470 0.9477869868
-281.8 116.6 2395.8 0.9628053904 0.0797435939 0.2581602037 -0.1269260347 0.9769569635 0.1715950519 -0.2385278195 -0.1979798973 0.9507409930
-402.3 325.8 2390.7 0.4415356219 -0.4948169887 -0.7484667301 0.8966505527 0.2130113095 0.3881288469 -0.0326208696 -0.8424857855 0.5377299786
-517.0 92.8 2399.2 -0.3953276277 -0.4948169887 -0.7738683224 0.8081837296 0.2130113095 -0.5490584970 0.4365261793 -0.8424857855 0.3156937957
-129.4 289.8 2323.1 0.8428931832 0.3351116776 -0.4209884405 -0.2639688849 0.9392979741 0.2191797793 0.4688832760 -0.0736172944 0.8801869154
-13.5 253.5 2387.6 -0.3754978776 0.3351116776 0.8641189337 0.0614861473 0.9392979741 -0.3375482261 -0.9247815013 -0.0736172944 -0.3733091056
-380.0 -66.9 2447.2 0.9715403318 0.0967498049 0.2162147462 -0.0537419282 0.9790108800 -0.1965946704 -0.2306970954 0.1793798506 0.9563481212
-417.9 -450.3 2377.0 0.9749392271 0.0616518036 0.2137581855 -0.0132766860 0.9752457738 -0.2207246423 -0.2220748365 0.2123551071 0.9516239166
-202.8 -85.6 2422.5 -0.9610388875 -0.0864990056 0.2625302672 -0.1104273349 0.9908363223 -0.0777762085 -0.2533969879 -0.1037364826 -0.9617841244
-168.9 -473.5 2463.2 -0.9711191654 -0.0824078545 0.2239118516 -0.0303865764 0.9735350609 0.2265085578 -0.2366521209 0.2131628841 -0.9479226470
-411.0 -123.9 2282.2 0 0 0 0 0 0 0 0 0
-107.8 269.0 2155.2 0 0 0 0 0 0 0 0 0
-437.6 -762.5 2309.0 0 0 0 0 0 0 0 0 0
-144.8 -758.7 2400.7 0 0 0 0 0 0 0 0 0
-246.8 502.5 2312.1 1 0.9673058391 0.0965987891 0.2344953567 -0.1433959752 0.9709534645 0.1915383041 -0.2091817111 -0.2189017981 0.9530608654
-266.3 306.6 2356.3 0.9673058391 0.0965987891 0.2344953567 -0.1433959752 0.9709534645 0.1915383041 -0.2091817111 -0.2189017981 0.9530608654
-284.4 115.6 2395.2 0.9682171345 0.0916430950 0.2327169478 -0.1339722425 0.9757415652 0.1731469631 -0.2112038583 -0.1988214701 0.9570072889
-403.8 325.7 2386.3 0.4526900947 -0.5124018192 -0.7297369838 0.8895976543 0.2038003951 0.4087559581 -0.0607266165 -0.8342120647 0.5480898619
-517.6 102.1 2401.5 -0.3798042834 -0.5124018192 -0.7701902986 0.8174717426 0.2038003951 -0.5387070775 0.4329995811 -0.8342120647 0.3414697647
-128.8 287.6 2326.3 0.8277612329 0.3431973457 -0.4438771307 -0.2678313851 0.9368510842 0.2248919159 0.4930290878 -0.0672725961 0.8674080372
-15.0 250.8 2394.1 -0.3491972983 0.3431973457 0.8719385266 0.0607765615 0.9368510842 -0.3444070816 -0.9350761771 -0.0672725961 -0.3480042219
-383.8 -63.3 2456.1 0.9787811637 0.0866414607 0.1856898963 -0.0442299210 0.9741782546 -0.2214057297 -0.2000779808 0.2084947079 0.9573394060
-417.7 -444.7 2374.5 0.9807837605 0.0591609292 0.1859118491 -0.0173538327 0.9755923748 -0.2189026475 -0.1943246573 0.2114698738 0.9578717947
-211.1 -86.1 2413.2 -0.9515271783 -0.1036473662 0.2895742655 -0.1355937272 0.9864391088 -0.0924781933 -0.2760622501 -0.1272599697 -0.9526775479
-170.6 -472.2 2463.1 -0.9663754106 -0.0922983289 0.2399991453 -0.0346890055 0.9716209769 0.2339857966 -0.2547847033 0.2177927792 -0.9421523809
-415.7 -117.1 2285.4 0 0 0 0 0 0 0 0 0
-102.8 266.0 2159.1 0 0 0 0 0 0 0 0 0
-436.9 -760.3 2306.1 0 0 0 0 0 0 0 0 0
-143.3 -759.4 2398.7 0 0 0 0 0 0 0 0 0
-243.7 499.4 2311.2 2 0.9891940951 0.0901818648 0.1155951396 -0.1130249798 0.9712612629 0.2094680369 -0.0933828652 -0.2202696949 0.9709587693
-261.8 304.1 2355.5 0.9891940951 0.0901818648 0.1155951396 -0.1130249798 0.9712612629 0.2094680369 -0.0933828652 -0.2202696949 0.9709587693
-279.7 113.0 2394.3 0.9895301461 0.0890911296 0.1135465875 -0.1093744189 0.9762110710 0.1872142553 -0.0941663012 -0.1976732463 0.9757345915
-402.0 319.6 2368.8 0.4554651082 -0.5734146237 -0.6809898615 0.8812946081 0.1821658760 0.4360451996 -0.1259815842 -0.7987560630 0.5883173943
-515.2 100.6 2400.1 -0.3678115010 -0.5734146237 -0.7320590019 0.8139448166 0.1821658760 -0.5516424775 0.4496760368 -0.7987560630 0.3997251689
-121.7 288.6 2342.2 0.7704532743 0.3242833912 -0.5488551855 -0.2412343770 0.9452368617 0.2198481858 0.5900912881 -0.0369800217 0.8064891696
-15.7 255.4 2423.3 -0.2378389686 0.3242833912 0.9155724645 0.0436341688 0.9452368617 -0.3234552443 -0.9703239799 -0.0369800217 -0.2389640063
-389.5 -63.4 2453.2 0.9946396351 0.0691105127 0.0769136846 -0.0514660664 0.9760316014 -0.2114559263 -0.0896840096 0.2063640058 0.9743565321
-416.5 -445.6 2372.4 0.9949281812 0.0649351403 0.0768204257 -0.0472684838 0.9759579301 -0.2127718329 -0.0887898654 0.2080615014 0.9740774035
-215.2 -87.5 2415.2 -0.9091419578 -0.1158887967 0.4000384212 -0.1576119959 0.9848064184 -0.0729021281 -0.3855118752 -0.1293292344 -0.9135943055
-169.8 -473.1 2465.8 -0.9351343513 -0.0865588561 0.3435569108 -0.0019015925 0.9709084034 0.2394435406 -0.3542882502 0.2232585698 -0.9080944061
-416.6 -117.6 2279.6 0 0 0 0 0 0 0 0 0
-75.5 266.4 2179.5 0 0 0 0 0 0 0 0 0
-437.4 -759.2 2305.5 0 0 0 0 0 0 0 0 0
-144.3 -759.4 2400.0 0 0 0 0 0 0 0 0 0
-241.2 495.6 2312.7 3 0.9928101301 0.0987775773 0.0676093102 -0.1108711958 0.9717473984 0.2083617300 -0.0451177061 -0.2143595517 0.9757122397
-261.0 300.7 2355.7 0.9928101301 0.0987775773 0.0676093102 -0.1108711958 0.9717473984 0.2083617300 -0.0451177061 -0.2143595517 0.9757122397
-280.1 109.5 2393.4 0.9931896329 0.0964004323 0.0654319227 -0.1070831046 0.9765775800 0.1866264045 -0.0459084846 -0.1923620552 0.9802495837
-401.9 316.0 2362.2 0.4600322247 -0.5807878375 -0.6716068983 0.8756442666 0.1715058684 0.4514784813 -0.1470286846 -0.7957834005 0.5874617696
-518.0 95.0 2399.3 -0.3842692077 -0.5807878375 -0.7176507711 0.8040286303 0.1715058684 -0.5693186522 0.4537346661 -0.7957834005 0.4010656178
-120.0 285.5 2349.2 0.7413249016 0.3235513568 -0.5880066752 -0.2400216311 0.9459902644 0.2179268003 0.6267591119 -0.0204202496 0.7789454460
-18.1 252.5 2435.4 -0.1903645992 0.3235513568 0.9268634319 0.0439391248 0.9459902644 -0.3212037086 -0.9807296395 -0.0204202496 -0.1942996234
-385.8 -68.4 2441.5 0.9958399534 0.0848917738 0.0331077985 -0.0782513395 0.9829153419 -0.1665956378 -0.0466847643 0.1633118689 0.9854693413
-419.0 -452.9 2377.6 0.9978043437 0.0601065978 0.0278147832 -0.0522608124 0.9725298285 -0.2268358916 -0.0406850390 0.2248842269 0.9735357165
-208.6 -87.9 2424.6 -0.8912330270 -0.1025954187 0.4417894185 -0.1379335821 0.9892520308 -0.0485259295 -0.4320625365 -0.1041855067 -0.8958054185
-168.4 -475.2 2465.4 -0.9153755307 -0.0784639344 0.3948810399 0.0169919711 0.9724211693 0.2326118946 -0.4022423327 0.2196370363 -0.8887973428
-415.0 -120.5 2277.7 0 0 0 0 0 0 0 0 0
-66.0 263.5 2188.9 0 0 0 0 0 0 0 0 0
-438.0 -760.0 2306.6 0 0 0 0 0 0 0 0 0
-145.4 -761.1 2400.9 0 0 0 0 0 0 0 0 0
-239.9 490.2 2315.0 4 0.9904342890 0.1061860099 0.0881161168 -0.1216300204 0.9734109044 0.1941066086 -0.0651617795 -0.2029674053 0.9770149589
-261.2 295.3 2355.7 0.9904342890 0.1061860099 0.0881161168 -0.1216300204 0.9734109044 0.1941066086 -0.0651617795 -0.2029674053 0.9770149589
-281.0 103.9 2392.0 0.9911072254 0.1012611017 0.0863285512 -0.1153016835 0.9773798585 0.1772967428 -0.0664225295 -0.1856739074 0.9803638458
-402.0 311.7 2365.1 0.4610664546 -0.5631747842 -0.6857491732 0.8780717850 0.1780016869 0.4441906512 -0.1280924678 -0.8069384098 0.5765784979
-516.2 94.1 2396.8 -0.3853640556 -0.5631747842 -0.7309778929 0.8072573543 0.1780016869 -0.5627174377 0.4470235705 -0.8069384098 0.3860315382
-120.3 278.9 2346.2 0.7513361573 0.3314656615 -0.5706351399 -0.2520415485 0.9432855248 0.2160729468 0.6098926067 -0.0185196456 0.7922676206
-17.0 244.2 2430.1 -0.2091965973 0.3314656615 0.9199821949 0.0543415584 0.9432855248 -0.3275049031 -0.9763625264 -0.0185196456 -0.2153444737
-388.2 -72.1 2435.2 0.9957917333 0.0753262788 0.0521991067 -0.0660017356 0.9846202731 -0.1617612839 -0.0635811761 0.1576353163 0.9854484200
-417.7 -457.5 2373.5 0.9966641665 0.0659445450 0.0480811819 -0.0541857854 0.9752479792 -0.2143718451 -0.0610277317 0.2110514343 0.9755679965
-209.7 -91.4 2427.0 -0.8994712234 -0.1040590554 0.4244092703 -0.1388553828 0.9889567494 -0.0518049896 -0.4143316448 -0.1055286080 -0.9039872885
-168.9 -478.6 2468.3 -0.9239399433 -0.0777086616 0.3745615780 0.0170948766 0.9697840810 0.2433652133 -0.3821554482 0.2312579304 -0.8946937919
-412.9 -122.3 2277.0 0 0 0 0 0 0 0 0 0
-69.6 257.9 2184.7 0 0 0 0 0 0 0 0 0
-438.3 -762.3 2307.5 0 0 0 0 0 0 0 0 0
-146.4 -759.2 2401.4 0 0 0 0 0 0 0 0 0
-241.1 494.7 2311.6 5 0.9875582457 0.1031253859 0.1187174395 -0.1253648698 0.9720571041 0.1984657198 -0.0949332789 -0.2108794600 0.9728913307
-261.9 298.8 2354.2 0.9875582457 0.1031253859 0.1187174395 -0.1253648698 0.9720571041 0.1984657198 -0.0949332789 -0.2108794600 0.9728913307
-281.2 107.5 2391.5 0.9882510304 0.0986783355 0.1167151704 -0.1186749488 0.9766413569 0.1791309714 -0.0963125154 -0.1908775419 0.9768775105
-402.4 315.7 2367.9 0.4636697471 -0.5717912912 -0.6768050790 0.8756740093 0.1794132739 0.4483368099 -0.1349272430 -0.8005408049 0.5838912725
-519.2 95.1 2401.8 -0.3871644735 -0.5717912912 -0.7232968807 0.8012880087 0.1794132739 -0.5707437396 0.4561153650 -0.8005408049 0.3887070119
