-160.8 428.2 2381.5 1 0.9497321248 -0.0808040425 -0.3024560213 0.1907953769 0.9153589606 0.3545632660 0.2482056767 -0.3944473267 0.8847628236
-141.2 206.1 2477.1 0.9497321248 -0.0808040425 -0.3024560213 0.1907953769 0.9153589606 0.3545632660 0.2482056767 -0.3944473267 0.8847628236
-152.3 13.2 2494.7 0.9524384737 0.0570796616 -0.2993372977 -0.0270474069 0.9942583442 0.1035318300 0.3035281599 -0.0905114040 0.9485137463
-271.3 209.8 2435.7 0.5639560819 -0.7857559919 -0.2540492117 0.3075341880 0.4853450060 -0.8184515834 0.7664047480 0.3834419250 0.5153601170
-386.4 147.1 2279.3 -0.5647337437 -0.7857559919 -0.2523158193 -0.8158052564 0.4853450060 0.3144868612 -0.1246497259 0.3834419250 -0.9151145816
-11.1 202.4 2518.6 0.1726027876 0.4513768256 0.8754811287 -0.9763976336 0.1955602467 0.0916725472 -0.1298304498 -0.8706406355 0.4744774997
35.4 -60.3 2483.7 -0.2104530036 0.4433025122 0.8713164926 -0.9384525418 0.1580956876 -0.3071035445 -0.2738911510 -0.8823200464 0.3827466667
-248.5 -177.7 2488.8 0.9955015779 -0.0109393587 -0.0941115543 0.0159165934 0.9985045791 0.0522995740 0.0933986902 -0.0535622425 0.9941869974
-244.2 -565.4 2509.6 0.9955787659 -0.0159887690 -0.0925598443 0.0116596231 0.9988209605 -0.0471245907 0.0932041779 0.0458370261 0.9945913553
-77.8 -181.9 2543.2 0.8460395932 0.0674785525 -0.5288323760 -0.0909249932 0.9956874847 -0.0184152722 0.5253091455 0.0636641309 0.8485264778
-104.0 -568.4 2518.5 0.8426885009 -0.0851099938 -0.5316318274 0.0562274009 0.9959388375 -0.0703158900 0.5354573727 0.0293621179 0.8440517187
-238.7 360.4 2311.9 0 0 0 0 0 0 0 0 0
-22.4 -318.0 2408.5 0 0 0 0 0 0 0 0 0
-239.7 -850.2 2496.5 0 0 0 0 0 0 0 0 0
-81.3 -833.6 2510.7 0 0 0 0 0 0 0 0 0
-160.6 429.5 2383.7 2 0.9493503571 -0.0772704184 -0.3045704067 0.1863386482 0.9189063311 0.3476909995 0.2530054450 -0.3868338168 0.8867625594
-141.8 205.6 2478.0 0.9493503571 -0.0772704184 -0.3045704067 0.1863386482 0.9189063311 0.3476909995 0.2530054450 -0.3868338168 0.8867625594
-150.9 12.5 2495.3 0.9525795579 0.0470047072 -0.3006371856 -0.0178570617 0.9949294925 0.0989767686 0.3037651777 -0.0889147520 0.9485889077
-271.9 208.0 2436.5 0.5560384393 -0.7873697877 -0.2662144005 0.2950039208 0.4863989949 -0.8224285245 0.7770417929 0.3787675798 0.5027337074
-385.7 147.7 2277.5 -0.5657043457 -0.7873697877 -0.2450049967 -0.8142402172 0.4863989949 0.3169052303 -0.1303514242 0.3787675798 -0.9162661433
-11.6 203.2 2519.5 0.1786148846 0.4497485757 0.8751130700 -0.9749420881 0.2007703036 0.0958082080 -0.1326071173 -0.8702973723 0.4743393958
36.7 -60.7 2483.6 -0.2095420659 0.4410986900 0.8726534843 -0.9383166432 0.1603383422 -0.3063551188 -0.2750526369 -0.8830195665 0.3802926242
-248.7 -177.4 2485.1 0.9954186678 -0.0089331120 -0.0951941460 0.0154903326 0.9975399375 0.0683679655 0.0943492204 -0.0695293397 0.9931082129
-245.2 -564.6 2512.1 0.9954373837 -0.0196329933 -0.0933751464 0.0145582715 0.9983955026 -0.0547216870 0.0942996740 0.0531126335 0.9941260815
-78.0 -182.3 2539.5 0.8467262387 0.0624886155 -0.5283463597 -0.0839448944 0.9963305593 -0.0166917462 0.5253646374 0.0584853217 0.8488648534
-102.3 -569.1 2516.8 0.8441394567 -0.0772692487 -0.5305261612 0.0541268848 0.9967862368 -0.0590551086 0.5333843231 0.0211350191 0.8456089497
-237.3 361.2 2311.7 0 0 0 0 0 0 0 0 0
-20.8 -318.4 2408.1 0 0 0 0 0 0 0 0 0
-239.6 -847.9 2497.0 0 0 0 0 0 0 0 0 0
-81.8 -833.3 2511.2 0 0 0 0 0 0 0 0 0
-159.8 427.4 2379.3 3 0.9490557313 -0.0741851851 -0.3062511683 0.1893206984 0.9111629725 0.3659777045 0.2518946230 -0.4053129256 0.8787892461
-141.8 207.0 2477.4 0.9490557313 -0.0741851851 -0.3062511683 0.1893206984 0.9111629725 0.3659777045 0.2518946230 -0.4053129256 0.8787892461
-151.4 14.1 2496.7 0.9517745376 0.0489931256 -0.3028612137 -0.0162724517 0.9938389063 0.1096329466 0.3063665330 -0.0994175524 0.9467078447
-271.9 209.2 2435.5 0.5632015467 -0.7882283926 -0.2479919046 0.3125172257 0.4810103178 -0.8191227317 0.7649424672 0.3838294744 0.5172407031
-388.3 144.6 2277.3 -0.5619025826 -0.7882283926 -0.2509213090 -0.8168929815 0.4810103178 0.3183000684 -0.1301974058 0.3838294744 -0.9141792059
-11.8 204.8 2519.2 0.1801891476 0.4513942003 0.8739423156 -0.9755534530 0.1956481189 0.1000863686 -0.1258067638 -0.8706119061 0.4756128192
36.9 -59.0 2485.2 -0.2061499506 0.4454101026 0.8712703586 -0.9367243052 0.1676214337 -0.3073281944 -0.2829306722 -0.8794957995 0.3826712966
-245.4 -179.0 2485.3 0.9952335358 -0.0006352660 -0.0975181609 0.0066502802 0.9980930090 0.0613683388 0.0972932056 -0.0617243536 0.9933398962
-245.1 -566.5 2509.3 0.9951193333 -0.0187350344 -0.0968841091 0.0142931016 0.9988234639 -0.0463404059 0.0976383090 0.0447294563 0.9942162633
-74.7 -182.2 2539.7 0.8441258073 0.0767822340 -0.5306186080 -0.0956097394 0.9953862429 -0.0080635473 0.5275512934 0.0575389527 0.8475723267
-104.5 -568.7 2517.4 0.8415097594 -0.0835744962 -0.5337383747 0.0629777089 0.9964014292 -0.0567270219 0.5365586281 0.0141227208 0.8437448740
-240.7 359.2 2311.5 0 0 0 0 0 0 0 0 0
-19.7 -316.2 2407.5 0 0 0 0 0 0 0 0 0
-239.8 -849.4 2496.6 0 0 0 0 0 0 0 0 0
-82.3 -833.1 2513.6 0 0 0 0 0 0 0 0 0
-160.8 438.8 2391.2 4 0.9494552612 -0.0748020932 -0.3048595190 0.1739099771 0.9338669181 0.3124867082 0.2613235414 -0.3497102559 0.8996737003
-142.3 208.4 2477.4 0.9494552612 -0.0748020932 -0.3048595190 0.1739099771 0.9338669181 0.3124867082 0.2613235414 -0.3497102559 0.8996737003
-151.7 15.4 2496.6 0.9520815611 0.0481007211 -0.3020381331 -0.0157041643 0.9939410686 0.1087863892 0.3054408133 -0.0988302603 0.9470683932
-272.4 210.5 2435.7 0.5631532073 -0.7894914150 -0.2440529168 0.3214664161 0.4813784063 -0.8154349327 0.7612606883 0.3807599843 0.5248847604
-388.6 144.2 2278.6 -0.5595955849 -0.7894914150 -0.2521033883 -0.8193765879 0.4813784063 0.3112825751 -0.1243977845 0.3807599843 -0.9162679911
-12.2 206.2 2519.2 0.1728601307 0.4534932375 0.8743358850 -0.9786269069 0.1794746667 0.1003905088 -0.1113947257 -0.8730021119 0.4748246968
34.1 -56.3 2489.3 -0.1957651526 0.4543477297 0.8690478206 -0.9340546131 0.1835330427 -0.3063619137 -0.2986938357 -0.8717131019 0.3884562254
-246.1 -177.4 2488.5 0.9953215122 0.0011253232 -0.0966114327 0.0046301079 0.9982277751 0.0593281239 0.0965069756 -0.0594978817 0.9935524464
-246.6 -564.9 2511.6 0.9950276017 -0.0266025290 -0.0959808975 0.0201939698 0.9975396395 -0.0671333373 0.0975306705 0.0648612902 0.9931166768
-75.6 -180.3 2543.4 0.8442140818 0.0759391114 -0.5305994749 -0.1017532572 0.9946176410 -0.0195461083 0.5262593031 0.0704913288 0.8473972678
-105.1 -566.4 2516.0 0.8416893482 -0.0856656209 -0.5331233144 0.0648412034 0.9962255359 -0.0577092096 0.5360547304 0.0140048666 0.8440670371
-241.5 359.6 2311.3 0 0 0 0 0 0 0 0 0
-19.6 -312.7 2407.3 0 0 0 0 0 0 0 0 0
-239.1 -846.3 2493.3 0 0 0 0 0 0 0 0 0
-82.0 -834.3 2512.3 0 0 0 0 0 0 0 0 0
-161.9 435.0 2393.1 5 0.9503737688 -0.0805159360 -0.3005109727 0.1762934029 0.9352554083 0.3069494069 0.2563401759 -0.3446947932 0.9030366540
-142.2 207.2 2477.0 0.9503737688 -0.0805159360 -0.3005109727 0.1762934029 0.9352554083 0.3069494069 0.2563401759 -0.3446947932 0.9030366540
-150.9 14.3 2496.9 0.9538807273 0.0445583351 -0.2968604863 -0.0118395574 0.9937369823 0.1111152917 0.2999523580 -0.1024760380 0.9484341145
-272.6 208.8 2436.0 0.5595211387 -0.7923023701 -0.2432962507 0.3151450455 0.4748752415 -0.8216916323 0.7665635943 0.3830802143 0.5153928995
-389.5 142.9 2275.8 -0.5572172999 -0.7923023701 -0.2485272735 -0.8189396858 0.4748752415 0.3222286105 -0.1372830272 0.3830802143 -0.9134565592
-11.9 205.5 2518.0 0.1802075952 0.4462008178 0.8766013980 -0.9766560793 0.1870915592 0.1055444703 -0.1169107035 -0.8751580119 0.4695000648
36.2 -55.1 2486.8 -0.2060100734 0.4434064329 0.8723248243 -0.9348524213 0.1742367297 -0.3093419969 -0.2891552746 -0.8792225718 0.3786250651
-246.3 -176.1 2488.4 0.9958464503 0.0022572801 -0.0910207629 0.0033287106 0.9981216788 0.0611720309 0.0909878761 -0.0612209290 0.9939684272
-247.2 -563.6 2512.2 0.9954864383 -0.0283827502 -0.0905600190 0.0223273747 0.9974902272 -0.0671920851 0.0922398269 0.0648668483 0.9936217070
-75.7 -178.9 2543.2 0.8471027613 0.0784729347 -0.5256034136 -0.1033670008 0.9944782853 -0.0181179214 0.5212793946 0.0696777850 0.8505367637
-106.2 -565.0 2516.1 0.8442897797 -0.0893126801 -0.5283918977 0.0683610439 0.9959083200 -0.0591051951 0.5315087438 0.0137804877 0.8469406962
-242.9 358.3 2311.9 0 0 0 0 0 0 0 0 0
-20.4 -311.8 2407.4 0 0 0 0 0 0 0 0 0
-239.0 -850.6 2493.5 0 0 0 0 0 0 0 0 0
-82.0 -834.7 2512.4 0 0 0 0 0 0 0 0 0
-160.4 433.0 2396.0 6 0.9522898197 -0.0755466223 -0.2956970930 0.1682735682 0.9382721186 0.3022076190 0.2546135783 -0.3375472724 0.9062194824
-142.2 207.3 2477.2 0.9522898197 -0.0755466223 -0.2956970930 0.1682735682 0.9382721186 0.3022076190 0.2546135783 -0.3375472724 0.9062194824
-151.2 14.4 2496.9 0.9550809860 0.0459538586 -0.2927601337 -0.0139568374 0.9937825799 0.1104598269 0.2960159779 -0.1014120728 0.9497842789
-272.7 209.2 2436.8 0.5603188276 -0.7923814654 -0.2411938161 0.3196726739 0.4755198658 -0.8195670843 0.7641022205 0.3821157813 0.5197454095
-390.3 142.2 2276.5 -0.5571947098 -0.7923814654 -0.2483257949 -0.8191626668 0.4755198658 0.3207075894 -0.1360388994 0.3821157813 -0.9140464664
-11.8 205.4 2517.7 0.1773170978 0.4429967701 0.8788131475 -0.9769472480 0.1870968342 0.1028047428 -0.1188809797 -0.8767831326 0.4659599662
35.9 -57.4 2485.7 -0.2085558325 0.4394891858 0.8737011552 -0.9354267120 0.1711002290 -0.3093567789 -0.2854494154 -0.8818015456 0.3754259348
-245.0 -177.6 2489.9 0.9962135553 0.0035012506 -0.0868691429 0.0007240712 0.9988199472 0.0485609546 0.0869366601 -0.0484399833 0.9950354695
-246.4 -565.3 2508.7 0.9958781600 -0.0264095645 -0.0867712498 0.0217747893 0.9983071089 -0.0539328307 0.0880486965 0.0518211052 0.9947673082
-74.1 -179.7 2543.7 0.8489527702 0.0782700256 -0.5226404071 -0.1067299992 0.9939859509 -0.0245090630 0.5175788999 0.0765884444 0.8522008657
-104.5 -565.6 2513.9 0.8472482562 -0.0830514356 -0.5246644616 0.0649114549 0.9964869618 -0.0529167876 0.5272161365 0.0107769230 0.8496629000
-243.7 357.7 2312.3 0 0 0 0 0 0 0 0 0
-21.3 -314.2 2407.3 0 0 0 0 0 0 0 0 0
-238.8 -852.4 2493.8 0 0 0 0 0 0 0 0 0
-81.9 -836.1 2511.0 0 0 0 0 0 0 0 0 0
-164.7 441.2 2398.0 7 0.9500648379 -0.0914229304 -0.2983599901 0.1788352728 0.9430481195 0.2804962993 0.2557240427 -0.3198469579 0.9123064876
-142.0 207.7 2477.2 0.9500648379 -0.0914229304 -0.2983599901 0.1788352728 0.9430481195 0.2804962993 0.2557240427 -0.3198469579 0.9123064876
-150.8 14.6 2495.9 0.9546706080 0.0453297608 -0.2941925824 -0.0147533743 0.9943276048 0.1053324416 0.2972984910 -0.0962174535 0.9499241114
-272.5 209.7 2436.6 0.5606954098 -0.7928688526 -0.2387041301 0.3227852583 0.4747704268 -0.8187812567 0.7625157833 0.3820367157 0.5221279860
-390.2 141.9 2276.5 -0.5560351610 -0.7928688526 -0.2493670583 -0.8201660514 0.4747704268 0.3192501664 -0.1347313970 0.3820367157 -0.9142731428
-11.6 205.6 2517.8 0.1719949543 0.4453811049 0.8786656857 -0.9779049158 0.1847856790 0.0977557972 -0.1188262478 -0.8760650158 0.4673225880
35.1 -59.9 2485.5 -0.2041028291 0.4420824945 0.8734443784 -0.9372504354 0.1693864018 -0.3047454953 -0.2826722562 -0.8808355927 0.3797697723
-245.7 -177.2 2490.1 0.9960919023 0.0015111919 -0.0883101970 0.0026580670 0.9988878369 0.0470748618 0.0882831141 -0.0471256226 0.9949800372
-246.2 -565.0 2508.4 0.9957690239 -0.0261140242 -0.0881029963 0.0226024091 0.9989188910 -0.0406230725 0.0890685767 0.0384598561 0.9952827096
-74.5 -179.7 2543.1 0.8485006690 0.0810643062 -0.5229485035 -0.1062305793 0.9941740036 -0.0182516910 0.5184222460 0.0710396990 0.8521687984
-106.0 -565.7 2515.5 0.8454345465 -0.0911909267 -0.5262362957 0.0663447753 0.9956154227 -0.0659417287 0.5299422741 0.0208363831 0.8477777243
-243.9 357.7 2312.0 0 0 0 0 0 0 0 0 0
-20.9 -317.3 2407.9 0 0 0 0 0 0 0 0 0
-238.7 -852.7 2497.3 0 0 0 0 0 0 0 0 0
-81.3 -835.8 2509.9 0 0 0 0 0 0 0 0 0
-165.0 444.7 2402.0 8 0.9517271519 -0.0822067708 -0.2957320809 0.1661085337 0.9481353164 0.2710117102 0.2581150532 -0.3070528209 0.9160214067
-144.6 209.1 2478.2 0.9517271519 -0.0822067708 -0.2957320809 0.1661085337 0.9481353164 0.2710117102 0.2581150532 -0.3070528209 0.9160214067
-153.1 15.9 2494.9 0.9553363323 0.0438350476 -0.2922516167 -0.0166929942 0.9953632355 0.0947278589 0.2950488925 -0.0856184140 0.9516384006
-275.1 211.4 2437.9 0.5491709709 -0.7978502512 -0.2486889660 0.3309664130 0.4808828533 -0.8119192719 0.7673802972 0.3635748029 0.5281485319
-390.6 141.8 2276.6 -0.5564317703 -0.7978502512 -0.2319883704 -0.8194938898 0.4808828533 0.3117394447 -0.1371621788 0.3635748029 -0.9214119315
-14.0 206.9 2518.6 0.1916338801 0.4425169826 0.8760451674 -0.9735889435 0.1985715926 0.1126669347 -0.1241006628 -0.8744987249 0.4688826799
38.1 -58.1 2484.8 -0.2076804638 0.4351309240 0.8760878444 -0.9384865761 0.1639607251 -0.3039075434 -0.2758835852 -0.8853123784 0.3743130863
-245.1 -177.1 2487.9 0.9962738156 0.0041245846 -0.0861482471 0.0009540119 0.9982677102 0.0588276275 0.0862416476 -0.0586906075 0.9945440292
-246.7 -564.6 2510.7 0.9958190918 -0.0304838009 -0.0861105099 0.0266597196 0.9986214638 -0.0452153794 0.0873701423 0.0427306555 0.9952590466
-74.1 -179.7 2541.2 0.8503823876 0.0805881098 -0.5199570060 -0.1030744240 0.9945690036 -0.0144285830 0.5159703493 0.0658640862 0.8540705442
-105.4 -565.8 2515.6 0.8473172188 -0.0888637677 -0.5235998034 0.0617503487 0.9956995845 -0.0690593868 0.5274850130 0.0261827372 0.8491607904
-244.1 357.5 2312.7 0 0 0 0 0 0 0 0 0
-18.9 -315.8 2409.0 0 0 0 0 0 0 0 0 0
-238.0 -849.7 2498.5 0 0 0 0 0 0 0 0 0
-81.2 -836.6 2508.5 0 0 0 0 0 0 0 0 0
-163.4 436.7 2386.0 9 0.9507801533 -0.0830324441 -0.2985342145 0.1875547469 0.9211127758 0.3411370814 0.2466582060 -0.3803378940 0.8913488984
-143.1 211.5 2479.0 0.9507801533 -0.0830324441 -0.2985342145 0.1875547469 0.9211127758 0.3411370814 0.2466582060 -0.3803378940 0.8913488984
-152.2 18.4 2496.3 0.9547055364 0.0464239307 -0.2939083874 -0.0178932585 0.9949236512 0.0990290642 0.2970137298 -0.0892846212 0.9506897926
-273.6 213.9 2438.4 0.5547357798 -0.7944464684 -0.2472307086 0.3410792351 0.4881638587 -0.8033436537 0.7589026093 0.3613182008 0.5417711735
-391.0 141.8 2277.8 -0.5598034859 -0.7944464684 -0.2355310023 -0.8193052411 0.4881638587 0.3007240891 -0.1239314750 0.3613182008 -0.9241699576
-12.7 209.1 2519.5 0.1916343272 0.4458022714 0.8743778467 -0.9749799371 0.1887245178 0.1174615771 -0.1126519069 -0.8750104904 0.4708143473
38.6 -52.0 2489.4 -0.2074051946 0.4431812465 0.8721086383 -0.9335415959 0.1767779291 -0.3118488193 -0.2923751175 -0.8788287044 0.3770634532
-247.2 -175.8 2485.1 0.9961239100 -0.0011124924 -0.0879537910 0.0074400357 0.9974023104 0.0716466606 0.0876456127 -0.0720233321 0.9935445786
-246.7 -563.0 2513.0 0.9957650304 -0.0295418985 -0.0870589986 0.0244553071 0.9979627728 -0.0589252710 0.0886224061 0.0565466695 0.9944589138
-76.0 -178.8 2537.9 0.8498060107 0.0778633058 -0.5213127732 -0.0944908410 0.9955114126 -0.0053424337 0.5185568333 0.0537993163 0.8533489704
-106.2 -565.2 2517.0 0.8467444181 -0.0857244357 -0.5250478387 0.0604622848 0.9960442781 -0.0651164129 0.5285529494 0.0233913604 0.8485779762
-243.7 357.3 2310.4 0 0 0 0 0 0 0 0 0
-18.3 -308.3 2409.1 0 0 0 0 0 0 0 0 0
-238.3 -848.2 2496.8 0 0 0 0 0 0 0 0 0
-83.0 -835.3 2510.7 0 0 0 0 0 0 0 0 0
-161.0 423.3 2378.0 0 0.9491739273 -0.0781769305 -0.3048888445 0.2006348073 0.8966345787 0.3947051167 0.2425170392 -0.4358151257 0.8667472005
-142.8 213.9 2479.7 0.9491739273 -0.0781769305 -0.3048888445 0.2006348073 0.8966345787 0.3947051167 0.2425170392 -0.4358151257 0.8667472005
-151.6 20.8 2497.1 0.9529503584 0.0452202372 -0.2997345328 -0.0161176417 0.9949702621 0.0988657475 0.3026976883 -0.0893831328 0.9488860369
-273.0 216.1 2438.4 0.5493759513 -0.7985388637 -0.2460116297 0.3471926451 0.4859572649 -0.8020616174 0.7600284815 0.3552199304 0.5442200899
-390.7 141.8 2275.6 -0.5582383871 -0.7985388637 -0.2251790911 -0.8186213374 0.4859572649 0.3061121404 -0.1350150257 0.3552199304 -0.9249809384
-12.6 211.7 2521.1 0.1880229264 0.4503830671 0.8728129864 -0.9752785563 0.1906623840 0.1117119342 -0.1160994396 -0.8722401857 0.4750978351
38.2 -51.9 2489.7 -0.1955145746 0.4469654560 0.8729237914 -0.9382002354 0.1739488244 -0.2992024720 -0.2855772376 -0.8774757385 0.3853335679
-246.7 -173.2 2487.0 0.9955469370 -0.0074402094 -0.0939732864 0.0138949342 0.9975734949 0.0682204738 0.0932376906 -0.0692224354 0.9932346344
-243.8 -560.4 2513.9 0.9955304861 -0.0206145365 -0.0921637192 0.0147076836 0.9978211522 -0.0643167868 0.0932887718 0.0626737997 0.9936645031
-75.6 -176.4 2540.2 0.8466430306 0.0792925730 -0.5262207985 -0.0956993625 0.9954023361 -0.0039815735 0.5234856606 0.0537299626 0.8503386378
-106.4 -562.8 2519.4 0.8433774114 -0.0857613683 -0.5304333568 0.0556318685 0.9958119392 -0.0725511238 0.5344339013 0.0316789821 0.8446163535
-243.8 357.2 2311.1 0 0 0 0 0 0 0 0 0
-15.5 -309.5 2411.3 0 0 0 0 0 0 0 0 0
-237.9 -848.5 2495.8 0 0 0 0 0 0 0 0 0
-83.2 -832.9 2510.8 0 0 0 0 0 0 0 0 0
-162.9 438.1 2394.5 1 0.9467343092 -0.0833743736 -0.3110351861 0.1862048358 0.9297824502 0.3175411820 0.2627202570 -0.3585433662 0.8957816362
-142.9 215.1 2480.5 0.9467343092 -0.0833743736 -0.3110351861 0.1862048358 0.9297824502 0.3175411820 0.2627202570 -0.3585433662 0.8957816362
-151.0 21.9 2497.6 0.9510198236 0.0419054814 -0.3062762916 -0.0127344169 0.9952389598 0.0966293663 0.3088673949 -0.0879961923 0.9470256567
-272.8 216.8 2438.3 0.5539346337 -0.7967488170 -0.2415527701 0.3517943323 0.4869538546 -0.7994477749 0.7545840740 0.3578649163 0.5500323176
-390.9 141.8 2277.4 -0.5589264035 -0.7967488170 -0.2297664136 -0.8189612031 0.4869538546 0.3036090732 -0.1300145239 0.3578649163 -0.9246777296
-13.0 213.3 2522.7 0.1851904243 0.4554281831 0.8707982898 -0.9754456878 0.1926831603 0.1066720709 -0.1192067042 -0.8691710830 0.4799285233
37.2 -50.8 2490.4 -0.1907514781 0.4519426227 0.8714136481 -0.9388729334 0.1751695275 -0.2963666916 -0.2865858376 -0.8746790886 0.3909028471
-245.7 -170.9 2487.3 0.9949095845 0.0003597588 -0.1007708982 0.0079678530 0.9965819716 0.0822243616 0.1004560441 -0.0826087296 0.9915060997
-245.9 -557.7 2519.4 0.9946936965 -0.0265777353 -0.0993887931 0.0179222636 0.9960482121 -0.0869871005 0.1013079509 0.0847442448 0.9912391901
-75.0 -173.8 2541.5 0.8434925675 0.0800040364 -0.5311493874 -0.0942674726 0.9955468774 0.0002520106 0.5288042426 0.0498575419 0.8472781777
-106.0 -560.3 2522.2 0.8396018147 -0.0881839097 -0.5359966159 0.0512247868 0.9951909781 -0.0834919587 0.5407816768 0.0426436849 0.8400813341
-243.9 357.3 2311.6 0 0 0 0 0 0 0 0 0
-15.2 -308.6 2411.7 0 0 0 0 0 0 0 0 0
-238.1 -847.3 2494.7 0 0 0 0 0 0 0 0 0
-81.5 -836.9 2510.3 0 0 0 0 0 0 0 0 0
-165.0 455.5 2428.2 2 0.9496036172 -0.0813687518 -0.3027078807 0.1408626586 0.9734889269 0.1802137345 0.2800190151 -0.2137718648 0.9358904362
-145.1 217.6 2480.5 0.9496036172 -0.0813687518 -0.3027078807 0.1408626586 0.9734889269 0.1802137345 0.2800190151 -0.2137718648 0.9358904362
-148.6 24.4 2498.7 0.9537709355 0.0182031542 -0.2999827862 0.0109677017 0.9953908920 0.0952719003 0.3003343642 -0.0941576883 0.9491752386
-275.4 216.1 2439.5 0.5461830497 -0.7980300188 -0.2546217442 0.3480429053 0.4926828146 -0.7975774407 0.7619384527 0.3470039666 0.5468437076
-391.9 141.8 2276.9 -0.5620564818 -0.7980300188 -0.2173490673 -0.8162177205 0.4926828146 0.3017486930 -0.1337203532 0.3470039666 -0.9282817841
-14.8 219.1 2521.5 0.1878759712 0.4468169808 0.8746755123 -0.9766328931 0.1796046644 0.1180271208 -0.1043592766 -0.8764113188 0.4701195657
36.9 -49.6 2492.8 -0.1934666038 0.4487102628 0.8724848032 -0.9337809086 0.1886501312 -0.3040794134 -0.3010379374 -0.8735389113 0.3824995756
-244.4 -170.2 2487.0 0.9956108332 0.0038584897 -0.0935101882 0.0012815401 0.9984940290 0.0548452996 0.0935809836 -0.0547244139 0.9941065311
-245.9 -557.7 2508.2 0.9953541756 -0.0232508834 -0.0934315026 0.0191535447 0.9988251328 -0.0445139445 0.0943567231 0.0425175987 0.9946300983
-74.0 -172.5 2542.3 0.8483687043 0.0856409520 -0.5224329233 -0.0959191471 0.9953615665 0.0074055628 0.5206438303 0.0438286699 0.8526482582
-107.2 -558.9 2525.3 0.8437020183 -0.0929206386 -0.5287084579 0.0448617935 0.9936642647 -0.1030472070 0.5349339247 0.0632223263 0.8425251245
-244.0 356.6 2312.1 0 0 0 0 0 0 0 0 0
-16.3 -306.0 2410.1 0 0 0 0 0 0 0 0 0
-239.0 -852.4 2495.7 0 0 0 0 0 0 0 0 0
-81.2 -836.7 2507.7 0 0 0 0 0 0 0 0 0
-167.8 456.9 2414.1 3 0.9477223754 -0.0876423493 -0.3068242371 0.1628375798 0.9597508311 0.2288280725 0.2744197845 -0.2668280005 0.9238488078
-145.9 217.7 2480.6 0.9477223754 -0.0876423493 -0.3068242371 0.1628375798 0.9597508311 0.2288280725 0.2744197845 -0.2668280005 0.9238488078
-149.1 24.4 2498.8 0.9531955719 0.0162417442 -0.3019178212 0.0129620628 0.9954430461 0.0944731012 0.3020763695 -0.0939648226 0.9486413598
-276.1 215.9 2439.3 0.5490622520 -0.7855157256 -0.2854744792 0.3448688090 0.5240659118 -0.7787299752 0.7613121271 0.3291200101 0.5586447120
-393.6 142.1 2276.4 -0.5829555988 -0.7855157256 -0.2076723427 -0.8051121235 0.5240659118 0.2777578533 -0.1093491614 0.3291200101 -0.9379353523
-15.7 219.4 2521.9 0.2060539573 0.4441338480 0.8719443083 -0.9714586735 0.1998558342 0.1277720928 -0.1175152510 -0.8733857870 0.4726387560
40.8 -47.1 2489.6 -0.2239930481 0.4377000630 0.8707730770 -0.9295817614 0.1724359840 -0.3257968128 -0.2927538753 -0.8824310303 0.3682535291
-237.6 -169.8 2490.1 0.9950089455 0.0286029056 -0.0955985412 -0.0244664848 0.9987246394 0.0441644341 0.0967398509 -0.0416050479 0.9944397807
-248.7 -557.3 2506.2 0.9945880771 -0.0352883041 -0.0977205113 0.0312358793 0.9985998273 -0.0426937938 0.0990902707 0.0394103527 0.9942976832
-66.7 -167.8 2543.9 0.8445839882 0.1129723564 -0.5233690739 -0.1249206960 0.9920872450 0.0125579126 0.5206464529 0.0547734126 0.8520135880
-110.6 -552.8 2522.6 0.8405736089 -0.0988397971 -0.5326037407 0.0558027811 0.9937815666 -0.0963546187 0.5388154387 0.0512723774 0.8408620954
-240.3 353.8 2305.2 0 0 0 0 0 0 0 0 0
-20.7 -302.2 2409.3 0 0 0 0 0 0 0 0 0
-238.4 -847.7 2494.8 0 0 0 0 0 0 0 0 0
-82.3 -836.9 2508.0 0 0 0 0 0 0 0 0 0
-165.9 445.8 2396.0 4 0.9465968013 -0.0807757229 -0.3121373951 0.1805305332 0.9349071383 0.3055443764 0.2671389282 -0.3455776572 0.8995625973
-146.3 218.0 2480.2 0.9465968013 -0.0807757229 -0.3121373951 0.1805305332 0.9349071383 0.3055443764 0.2671389282 -0.3455776572 0.8995625973
-148.7 24.8 2498.9 0.9523523450 0.0127733471 -0.3047323525 0.0171629023 0.9952951670 0.0953570530 0.3045166731 -0.0960436091 0.9476524591
-276.4 215.6 2438.6 0.5451145172 -0.7925435305 -0.2733586133 0.3466160595 0.5099473000 -0.7872807980 0.7633528113 0.3344077170 0.5526880026
-392.2 142.0 2276.4 -0.5717729926 -0.7925435305 -0.2120150179 -0.8120600581 0.5099473000 0.2837468386 -0.1167652309 0.3344077170 -0.9351670146
-16.1 220.3 2521.8 0.2049211115 0.4462085664 0.8711516857 -0.9720366597 0.1970614493 0.1277163625 -0.1146822795 -0.8729631901 0.4741131663
39.8 -45.0 2490.5 -0.2237977833 0.4406095743 0.8693547845 -0.9290122390 0.1732738614 -0.3269746900 -0.2947046459 -0.8808174133 0.3705533743
-237.6 -169.9 2490.0 0.9948135018 0.0273245480 -0.0979770571 -0.0214995742 0.9979654551 0.0600230992 0.0994178206 -0.0576053225 0.9933769107
-248.2 -557.2 2512.4 0.9942852259 -0.0356317870 -0.1006344482 0.0290750787 0.9974035025 -0.0658854842 0.1027207747 0.0625830069 0.9927395582
-66.8 -167.6 2544.1 0.8433229327 0.1075063199 -0.5265442133 -0.1240057796 0.9922735095 0.0039858902 0.5229043365 0.0619331300 0.8501384258
-108.6 -552.7 2520.1 0.8408149481 -0.0893235877 -0.5339021683 0.0534113199 0.9951686859 -0.0823802650 0.5386812687 0.0407501347 0.8415235877
-241.8 355.6 2307.1 0 0 0 0 0 0 0 0 0
-21.6 -300.1 2409.6 0 0 0 0 0 0 0 0 0
-237.8 -848.8 2494.1 0 0 0 0 0 0 0 0 0
-83.0 -837.5 2508.4 0 0 0 0 0 0 0 0 0
-166.8 457.3 2411.5 5 0.9464356899 -0.0800530091 -0.3128114045 0.1595582962 0.9581828117 0.2375432849 0.2807144523 -0.2747310996 0.9196315408
-146.8 217.9 2480.2 0.9464356899 -0.0800530091 -0.3128114045 0.1595582962 0.9581828117 0.2375432849 0.2807144523 -0.2747310996 0.9196315408
-148.5 24.6 2497.9 0.9515269995 0.0089681456 -0.3074344695 0.0196108278 0.9957717657 0.0897441953 0.3069394231 -0.0914230645 0.9473278522
-276.8 215.2 2438.2 0.5249845982 -0.8061544895 -0.2729579806 0.3327295482 0.4895792007 -0.8059796691 0.7833787203 0.3323057294 0.5252529979
-385.1 146.5 2276.6 -0.5524430871 -0.8061544895 -0.2119470239 -0.8239223957 0.4895792007 0.2854191363 -0.1263270676 0.3323057294 -0.9346734285
-16.8 220.5 2522.1 0.2184589952 0.4462476671 0.8678356409 -0.9684048891 0.2087540925 0.1364322007 -0.1202816889 -0.8702210784 0.4777526259
42.5 -42.2 2489.5 -0.2306483537 0.4368375838 0.8694677949 -0.9281651974 0.1694505066 -0.3313545585 -0.2920798957 -0.8834361434 0.3663739860
-236.5 -169.9 2490.2 0.9944593310 0.0305849742 -0.1005745530 -0.0248464271 0.9980175495 0.0578235835 0.1021437049 -0.0550042801 0.9932478070
-248.4 -557.3 2511.6 0.9940853119 -0.0334253348 -0.1033300087 0.0281197466 0.9982310534 -0.0523834080 0.1048981622 0.0491679646 0.9932667613
-65.9 -166.9 2544.8 0.8425697684 0.1054987907 -0.5281535983 -0.1226991415 0.9924407601 0.0024968355 0.5244246125 0.0627002344 0.8491451740
-106.8 -552.1 2520.5 0.8404599428 -0.0848538950 -0.5351886749 0.0485911258 0.9954859614 -0.0815263391 0.5396906137 0.0425142013 0.8407892585
-239.8 363.2 2309.8 0 0 0 0 0 0 0 0 0
-20.9 -297.0 2409.3 0 0 0 0 0 0 0 0 0
-238.7 -848.0 2497.3 0 0 0 0 0 0 0 0 0
-82.4 -839.1 2508.2 0 0 0 0 0 0 0 0 0
-167.1 462.9 2418.2 6 0.9464724660 -0.0777333528 -0.3132849038 0.1488414258 0.9663271904 0.2098998278 0.2864195108 -0.2452941835 0.9261720181
-147.4 218.4 2480.3 0.9464724660 -0.0777333528 -0.3132849038 0.1488414258 0.9663271904 0.2098998278 0.2864195108 -0.2452941835 0.9261720181
-148.8 25.1 2498.1 0.9510545135 0.0069224038 -0.3089456260 0.0218796656 0.9957316518 0.0896650106 0.3082476258 -0.0920359418 0.9468436241
-277.4 215.4 2438.2 0.5372965932 -0.7967312932 -0.2766434550 0.3422243297 0.5057520270 -0.7918947935 0.7708403468 0.3308082819 0.5443996787
-389.2 144.2 2277.6 -0.5648413301 -0.7967312932 -0.2148802131 -0.8178268671 0.5057520270 0.2745434046 -0.1100612059 0.3308082819 -0.9372579455
-17.5 221.4 2522.4 0.2292942405 0.4455021024 0.8654201627 -0.9656728506 0.2156193852 0.1448595077 -0.1220661476 -0.8689281940 0.4796495438
44.6 -40.2 2489.3 -0.2295737863 0.4333939254 0.8714731932 -0.9307525754 0.1640593410 -0.3267785013 -0.2845971286 -0.8861457109 0.3657187819
-235.5 -170.5 2488.2 0.9942341447 0.0325877741 -0.1021593288 -0.0269959178 0.9980853200 0.0556495115 0.1037772223 -0.0525707603 0.9932102561
-248.2 -557.9 2508.6 0.9939162135 -0.0333656035 -0.1049630716 0.0285535697 0.9984858036 -0.0470186844 0.1063729450 0.0437355638 0.9933639765
-65.0 -167.0 2543.2 0.8414198160 0.1051685214 -0.5300493240 -0.1270654500 0.9918822050 -0.0049063335 0.5252304673 0.0714792386 0.8479526043
-105.8 -552.0 2515.4 0.8403408527 -0.0832332000 -0.5356299281 0.0556461737 0.9961665869 -0.0674950629 0.5391945243 0.0269131027 0.8417511582
-240.7 359.3 2306.6 0 0 0 0 0 0 0 0 0
-18.4 -295.8 2411.2 0 0 0 0 0 0 0 0 0
-238.5 -848.6 2495.8 0 0 0 0 0 0 0 0 0
-82.0 -838.0 2507.7 0 0 0 0 0 0 0 0 0
-168.4 465.4 2430.1 7 0.9464809895 -0.0819541588 -0.3121814132 0.1395406872 0.9760620594 0.1668269336 0.2910362780 -0.2014605254 0.9352601767
-147.6 218.6 2481.0 0.9464809895 -0.0819541588 -0.3121814132 0.1395406872 0.9760620594 0.1668269336 0.2910362780 -0.2014605254 0.9352601767
-148.7 25.3 2498.3 0.9510279298 0.0054173293 -0.3090575635 0.0223836340 0.9960144758 0.0863373056 0.3082935512 -0.0890270174 0.9471163154
-277.6 215.6 2438.9 0.5415667892 -0.7900305390 -0.2873275280 0.3434798419 0.5199077129 -0.7821237445 0.7672854662 0.3248810470 0.5529243350
-391.9 143.1 2276.9 -0.5743365288 -0.7900305390 -0.2144510746 -0.8130221963 0.5199077129 0.2620894611 -0.0955639258 0.3248810470 -0.9409143925
-17.7 221.7 2523.2 0.2180807292 0.4466795027 0.8677086234 -0.9679672718 0.2123507857 0.1339646280 -0.1244193465 -0.8691286445 0.4786807597
41.7 -42.1 2489.2 -0.2087474018 0.4392747283 0.8737632632 -0.9331082106 0.1780347675 -0.3124302626 -0.2928029597 -0.8805347085 0.3727265596
-235.3 -170.1 2488.4 0.9942261577 0.0335768014 -0.1019161493 -0.0273548756 0.9977108240 0.0618450232 0.1037594080 -0.0587000363 0.9928687215
-248.3 -557.4 2511.2 0.9938118458 -0.0353357643 -0.1053064391 0.0287955701 0.9975984693 -0.0629925951 0.1072794348 0.0595704280 0.9924426675
-64.9 -166.2 2543.6 0.8403133154 0.1191962436 -0.5288344026 -0.1390331388 0.9902850986 0.0022821394 0.5239688158 0.0716077909 0.8487219810
-111.2 -550.6 2515.8 0.8373208046 -0.1041516885 -0.5366994739 0.0741481930 0.9942497015 -0.0772629082 0.5416603684 0.0248985440 0.8402286172
-240.8 356.9 2302.1 0 0 0 0 0 0 0 0 0
-15.6 -298.3 2408.9 0 0 0 0 0 0 0 0 0
-238.1 -845.8 2494.0 0 0 0 0 0 0 0 0 0
-81.1 -837.3 2508.6 0 0 0 0 0 0 0 0 0
-170.6 466.2 2434.0 8 0.9466307163 -0.0931870937 -0.3085554242 0.1438559443 0.9788094759 0.1457308382 0.2884367406 -0.1823408157 0.9399766326
-147.0 218.0 2480.3 0.9466307163 -0.0931870937 -0.3085554242 0.1438559443 0.9788094759 0.1457308382 0.2884367406 -0.1823408157 0.9399766326
-148.6 24.7 2497.7 0.9519608617 0.0086911870 -0.3060964048 0.0192875043 0.9959105849 0.0882617235 0.3056117296 -0.0899255425 0.9479002357
-277.0 215.4 2438.5 0.5285143256 -0.7822810411 -0.3297103643 0.2915203869 0.5320120454 -0.7949711084 0.7973007560 0.3240363300 0.5092268586
-383.3 156.7 2278.2 -0.5791259408 -0.7822810411 -0.2294547111 -0.8127434850 0.5320120454 0.2375105470 -0.0637273416 0.3240363300 -0.9438958168
-16.9 220.6 2522.0 0.2176466733 0.4451875687 0.8685838580 -0.9684571028 0.2091281116 0.1354851723 -0.1213290021 -0.8706741333 0.4766611159
41.8 -40.7 2489.3 -0.2012499124 0.4379986227 0.8761596084 -0.9370945692 0.1743606180 -0.3024105430 -0.2852231264 -0.8819045424 0.3753560781
-235.0 -170.1 2488.0 0.9945603013 0.0340587981 -0.0984369144 -0.0265588760 0.9967141747 0.0765209198 0.1007196829 -0.0734902993 0.9921969175
-248.2 -557.0 2516.5 0.9941079021 -0.0352209806 -0.1025131717 0.0272460226 0.9965668321 -0.0781809166 0.1049148366 0.0749271885 0.9916545749
-64.5 -166.0 2543.2 0.8425973654 0.1145105809 -0.5262290239 -0.1305563152 0.9914183021 0.0066919010 0.5224793553 0.0630639493 0.8503165245
-109.0 -550.9 2518.7 0.8394417167 -0.0976833329 -0.5345984697 0.0612399913 0.9944502115 -0.0855479538 0.5399881601 0.0390737206 0.8407651186
-229.6 372.4 2295.1 0 0 0 0 0 0 0 0 0
-13.4 -298.0 2411.0 0 0 0 0 0 0 0 0 0
-237.9 -848.0 2494.6 0 0 0 0 0 0 0 0 0
-80.9 -836.8 2507.5 0 0 0 0 0 0 0 0 0
-168.2 464.2 2431.0 9 0.9463384748 -0.0835504606 -0.3121903241 0.1388690025 0.9774025083 0.1593728364 0.2918199599 -0.1941742003 0.9365561604
-147.1 217.6 2480.0 0.9463384748 -0.0835504606 -0.3121903241 0.1388690025 0.9774025083 0.1593728364 0.2918199599 -0.1941742003 0.9365561604
-148.9 24.3 2497.8 0.9508346319 0.0089177908 -0.3095705509 0.0199993327 0.9957308769 0.0901112184 0.3090525568 -0.0918720737 0.9465970993
-277.0 214.9 2437.8 0.4992531240 -0.7713395953 -0.3946917057 0.2034633756 0.5471529961 -0.8119274974 0.8422285914 0.3250520527 0.4301072061
-371.1 176.5 2279.1 -0.5914240479 -0.7713395953 -0.2350592464 -0.8048967719 0.5471529961 0.2297059596 -0.0485679358 0.3250520527 -0.9444481730
-17.2 220.3 2522.2 0.2209649533 0.4476901293 0.8664571643 -0.9678193331 0.2103467733 0.1381302923 -0.1204169095 -0.8690959811 0.4797624350
43.1 -43.9 2489.4 -0.2000964284 0.4406951964 0.8750709295 -0.9365411997 0.1763560176 -0.3029672205 -0.2878402174 -0.8801626563 0.3774409890
-235.6 -170.4 2487.8 0.9945732951 0.0194246005 -0.1022090986 -0.0119298724 0.9972287416 0.0734341443 0.1033522785 -0.0718162954 0.9920487404
-243.2 -557.5 2515.7 0.9944505692 -0.0162344109 -0.1039445698 0.0087843603 0.9973851442 -0.0717338845 0.1048373282 0.0704227164 0.9919928312
-65.0 -166.9 2542.6 0.8412321806 0.1135587767 -0.5286140442 -0.1247381866 0.9920820594 0.0146152843 0.5260881782 0.0536435097 0.8487364650
-109.1 -552.0 2521.7 0.8377857208 -0.0958852023 -0.5375138521 0.0574249439 0.9944730401 -0.0878962427 0.5429709554 0.0427715145 0.8386614919
-211.9 393.1 2292.2 0 0 0 0 0 0 0 0 0
-11.8 -301.1 2410.3 0 0 0 0 0 0 0 0 0
-238.4 -851.5 2494.9 0 0 0 0 0 0 0 0 0
-81.8 -835.5 2509.6 0 0 0 0 0 0 0 0 0
-168.1 463.8 2425.0 0 0.9459810257 -0.0794579685 -0.3143346608 0.1429832876 0.9723751545 0.1845056713 0.2909907699 -0.2194834799 0.9312096238
-148.0 218.2 2480.4 0.9459810257 -0.0794579685 -0.3143346608 0.1429832876 0.9723751545 0.1845056713 0.2909907699 -0.2194834799 0.9312096238
-147.8 24.8 2497.6 0.9506651759 -0.0010967311 -0.3102168143 0.0285209250 0.9960675240 0.0838814378 0.3089048862 -0.0885908380 0.9469580054
-277.9 214.3 2438.2 0.5060139894 -0.7831520438 -0.3614176512 0.2535280585 0.5355611444 -0.8055419326 0.8244230747 0.3159859478 0.4695524573
-376.3 165.0 2277.9 -0.5803943276 -0.7831520438 -0.2231933624 -0.8119481802 0.5355611444 0.2321947217 -0.0623100810 0.3159859478 -0.9467155337
-18.1 222.1 2522.6 0.2225971371 0.4470248520 0.8663828969 -0.9675238132 0.2104829997 0.1399807185 -0.1197840124 -0.8694053888 0.4793601036
42.4 -41.0 2490.1 -0.2044431865 0.4383767247 0.8752307296 -0.9376672506 0.1690012962 -0.3036752641 -0.2810392976 -0.8827595711 0.3765003383
-235.8 -170.8 2488.0 0.9944348335 0.0240107626 -0.1025810614 -0.0162898563 0.9970163703 0.0754517838 0.1040866524 -0.0733608454 0.9918589592
-245.1 -557.8 2516.5 0.9942187071 -0.0224748384 -0.1049956307 0.0149559341 0.9973027706 -0.0718577430 0.1063274220 0.0698720068 0.9918731451
-65.4 -167.2 2543.4 0.8427217007 0.1082501337 -0.5273538232 -0.1166575179 0.9930194616 0.0174165200 0.5255579352 0.0468425080 0.8494672775
-107.4 -552.7 2525.2 0.8388480544 -0.0928242803 -0.5363931656 0.0468167253 0.9940053821 -0.0988001302 0.5423487425 0.0577661246 0.8381652236
-219.0 385.0 2294.8 0 0 0 0 0 0 0 0 0
-13.7 -298.5 2412.9 0 0 0 0 0 0 0 0 0
-238.5 -848.4 2496.1 0 0 0 0 0 0 0 0 0
-80.9 -836.8 2508.7 0 0 0 0 0 0 0 0 0
-168.6 471.5 2448.0 1 0.9473311305 -0.0763115361 -0.3110309839 0.1117604747 0.9889141321 0.0977671742 0.3001221716 -0.1273788661 0.9453577399
-149.1 218.4 2480.6 0.9473311305 -0.0763115361 -0.3110309839 0.1117604747 0.9889141321 0.0977671742 0.3001221716 -0.1273788661 0.9453577399
-147.6 25.0 2497.9 0.9505841136 -0.0076997513 -0.3103716075 0.0349025764 0.9960054755 0.0821880698 0.3084989786 -0.0889594406 0.9470557570
-278.9 213.6 2438.4 0.5143586993 -0.7948133349 -0.3220354319 0.3044074178 0.5202812552 -0.7978994250 0.8017301559 0.3123765588 0.5095582604
-382.4 152.4 2277.2 -0.5670582652 -0.7948133349 -0.2161403000 -0.8200759888 0.5202812552 0.2382913828 -0.0769434199 0.3123765588 -0.9468371272
-19.2 223.2 2522.7 0.2283896208 0.4459709525 0.8654178977 -0.9665887356 0.2101306617 0.1468038261 -0.1163805872 -0.8700315952 0.4790621400
43.2 -41.1 2490.9 -0.2096093595 0.4369149506 0.8747395277 -0.9363936782 0.1678392440 -0.3082155883 -0.2814796269 -0.8837054372 0.3739437163
-232.7 -171.1 2487.1 0.9941885471 0.0317945927 -0.1028505936 -0.0248965453 0.9973970056 0.0676706955 0.1047344357 -0.0647168085 0.9923923016
-245.1 -558.3 2512.3 0.9942049384 -0.0184479989 -0.1059067845 0.0130240386 0.9985787868 -0.0516795665 0.1067096591 0.0500007421 0.9930322170
-62.4 -166.0 2542.5 0.8415554762 0.1205847859 -0.5265393853 -0.1299600601 0.9913310409 0.0193163939 0.5243040919 0.0521732718 0.8499312997
-109.2 -550.8 2522.2 0.8384707570 -0.0948668569 -0.5366256237 0.0548332669 0.9944201708 -0.0901213512 0.5421808362 0.0461391844 0.8389940858
-228.2 375.4 2298.1 0 0 0 0 0 0 0 0 0
-14.3 -298.2 2413.6 0 0 0 0 0 0 0 0 0
-239.7 -848.3 2497.7 0 0 0 0 0 0 0 0 0
-81.6 -840.2 2508.8 0 0 0 0 0 0 0 0 0
-167.7 472.9 2454.5 2 0.9453297853 -0.0730941668 -0.3178187907 0.1014774218 0.9921066761 0.0736659467 0.3099256158 -0.1018900499 0.9452854395
-149.0 219.0 2480.5 0.9453297853 -0.0730941668 -0.3178187907 0.1014774218 0.9921066761 0.0736659467 0.3099256158 -0.1018900499 0.9452854395
-147.4 25.7 2497.7 0.9480122924 -0.0083033890 -0.3181252778 0.0359562933 0.9960529804 0.0811516568 0.3161957860 -0.0883713812 0.9445690513
-278.5 214.1 2437.3 0.4978612959 -0.7768350840 -0.3855663538 0.2553408146 0.5561747551 -0.7908670902 0.8288155198 0.2952912748 0.4752555788
-374.4 164.9 2277.7 -0.5970859528 -0.7768350840 -0.2000390738 -0.7995525599 0.5561747551 0.2266834974 -0.0648390055 0.2952912748 -0.9532045722
-19.5 223.9 2523.7 0.2318119407 0.4520850480 0.8613259196 -0.9656373858 0.2139029652 0.1476142257 -0.1175059900 -0.8659472466 0.4861354828
43.1 -36.9 2492.0 -0.2042233050 0.4431970716 0.8728511930 -0.9365001321 0.1711928695 -0.3060399592 -0.2850618958 -0.8799257874 0.3800925612
-231.2 -171.4 2487.5 0.9929437637 0.0411117859 -0.1112317815 -0.0346615650 0.9976373911 0.0593146086 0.1134075075 -0.0550406016 0.9920228124
-247.2 -558.7 2508.8 0.9929896593 -0.0277179591 -0.1149052978 0.0226945803 0.9987382889 -0.0447977856 0.1160020232 0.0418760106 0.9923658371
-60.9 -165.2 2542.8 0.8368530273 0.1166950762 -0.5348450541 -0.1343180090 0.9909198880 0.0060410672 0.5306935906 0.0667838380 0.8449285626
-106.2 -549.8 2516.8 0.8367276192 -0.0798567012 -0.5417653918 0.0535775647 0.9965018034 -0.0641375706 0.5449920297 0.0246392041 0.8380790949
-210.7 384.2 2295.4 0 0 0 0 0 0 0 0 0
-13.0 -294.1 2413.7 0 0 0 0 0 0 0 0 0
-239.2 -848.4 2496.7 0 0 0 0 0 0 0 0 0
-82.9 -840.6 2509.6 0 0 0 0 0 0 0 0 0
-169.1 471.9 2447.2 3 0.9442561865 -0.0794819072 -0.3194727898 0.1156712174 0.9886453152 0.0959200561 0.3082213700 -0.1275269091 0.9427282214
-148.8 219.4 2479.8 0.9442561865 -0.0794819072 -0.3194727898 0.1156712174 0.9886453152 0.0959200561 0.3082213700 -0.1275269091 0.9427282214
-147.1 26.1 2496.9 0.9477807283 -0.0085920952 -0.3188070059 0.0362479314 0.9960615039 0.0809167698 0.3168561459 -0.0882474482 0.9443593621
-278.3 214.5 2436.5 0.4900680184 -0.7594640851 -0.4278406203 0.1939918399 0.5735347271 -0.7958800793 0.8498237729 0.3070378006 0.4284008741
-369.9 178.2 2277.6 -0.6159870625 -0.7594640851 -0.2092228979 -0.7857730985 0.5735347271 0.2315569371 -0.0558625944 0.3070378006 -0.9500563741
-19.3 224.4 2523.1 0.2239892185 0.4531839490 0.8628169894 -0.9672629833 0.2117376775 0.1398910433 -0.1192944869 -0.8659049869 0.4857749939
42.0 -40.4 2490.4 -0.2042573690 0.4461298287 0.8713478446 -0.9338103533 0.1782852113 -0.3101815283 -0.2937296629 -0.8770305514 0.3801845908
-230.7 -170.9 2486.5 0.9928445816 0.0417166278 -0.1118898019 -0.0351159163 0.9975606799 0.0603291802 0.1141335890 -0.0559683852 0.9918876290
-246.9 -558.2 2508.3 0.9929038286 -0.0287179071 -0.1154003963 0.0246588420 0.9990312457 -0.0364489891 0.1163353398 0.0333447009 0.9926500916
-60.9 -164.5 2543.2 0.8352919221 0.1177066416 -0.5370591879 -0.1445958018 0.9894582033 -0.0080324505 0.5304521322 0.0843659416 0.8435063362
-106.5 -548.5 2510.4 0.8371102810 -0.0816840008 -0.5409011841 0.0693564042 0.9966573119 -0.0431723893 0.5426195860 -0.0013749071 0.8399774432
-198.7 396.6 2293.1 0 0 0 0 0 0 0 0 0
-14.1 -296.9 2409.8 0 0 0 0 0 0 0 0 0
-238.6 -848.5 2498.6 0 0 0 0 0 0 0 0 0
-82.9 -836.7 2510.8 0 0 0 0 0 0 0 0 0
-167.9 467.9 2443.6 4 0.9444158673 -0.0794884339 -0.3189987838 0.1197752953 0.9868321419 0.1087024659 0.3061576486 -0.1408685148 0.9415006638
-147.8 218.5 2479.2 0.9444158673 -0.0794884339 -0.3189987838 0.1197752953 0.9868321419 0.1087024659 0.3061576486 -0.1408685148 0.9415006638
-147.2 25.1 2496.8 0.9480838776 -0.0030515303 -0.3180058002 0.0316655636 0.9958904982 0.0848494545 0.3164400160 -0.0905142352 0.9442843199
-277.3 214.1 2436.0 0.4868247807 -0.7513554692 -0.4454958439 0.1585087031 0.5775333047 -0.8008309603 0.8589974642 0.3192493916 0.4002539217
-367.2 184.9 2277.4 -0.6227911115 -0.7513554692 -0.2181655020 -0.7805421352 0.5775333047 0.2391846031 -0.0537148118 0.3192493916 -0.9461472034
-18.2 222.8 2522.4 0.2330248952 0.4529668093 0.8605349660 -0.9657227993 0.2118515521 0.1499947459 -0.1143630296 -0.8659907579 0.4868070483
