-154.3 430.0 2409.2 1 0.9340654016 0.0008250760 -0.3571010828 0.0887528807 0.9680835605 0.2343866825 0.3458970785 -0.2506262362 0.9041801095
-154.4 233.5 2460.0 0.9340654016 0.0008250760 -0.3571010828 0.0887528807 0.9680835605 0.2343866825 0.3458970785 -0.2506262362 0.9041801095
-156.7 43.6 2498.7 0.9338874221 0.0115496200 -0.3573805988 0.0607403107 0.9798278809 0.1903887689 0.3523703814 -0.1995090842 0.9143474102
-281.9 225.2 2411.9 0.8116108179 -0.1627214998 0.5610789657 0.2875691652 0.9472874403 -0.1412460953 -0.5085192919 0.2759858966 0.8156223893
-391.2 186.5 2480.4 -0.4338211715 -0.1696825475 -0.8848768473 -0.3350781798 0.9420481324 -0.0163696371 0.8363742232 0.2894014120 -0.4655373394
-27.0 241.8 2508.1 0.2132907808 0.4982107580 0.8404124379 -0.9757716060 0.1515559256 0.1577990651 -0.0487522893 -0.8537077308 0.5184653997
31.5 -25.8 2494.7 -0.1831186414 0.5014085174 0.8456104398 -0.9382804632 0.1675913185 -0.3025605679 -0.2934234142 -0.8488242626 0.4397727549
-239.9 -155.8 2497.5 0.9845140576 0.0029844153 -0.1752803028 0.0032045972 0.9993816018 0.0350155756 0.1752764136 -0.0350350291 0.9838956594
-241.0 -543.6 2511.1 0.9845691323 -0.0055330452 -0.1749086231 -0.0031454391 0.9987789989 -0.0493011214 0.1749678552 0.0490905270 0.9833495617
-73.8 -145.0 2563.6 0.7867950797 0.1100169495 -0.6073300242 -0.1603598446 0.9866319299 -0.0290189851 0.5960186124 0.1202233434 0.7939195037
-116.6 -528.9 2516.9 0.7834322453 -0.1099897623 -0.6116667390 0.0822303072 0.9939065576 -0.0734021887 0.6160131097 0.0072080931 0.7877029181
-293.2 262.2 2291.5 0 0 0 0 0 0 0 0 0
-18.7 -283.3 2414.2 0 0 0 0 0 0 0 0 0
-239.3 -855.1 2495.8 0 0 0 0 0 0 0 0 0
-82.4 -837.9 2514.6 0 0 0 0 0 0 0 0 0
-156.0 433.5 2413.1 2 0.9438750148 -0.0060391962 -0.3302476406 0.0933279321 0.9639676213 0.2491109669 0.3168435991 -0.2659509480 0.9104285836
-154.7 225.2 2470.5 0.9438750148 -0.0060391962 -0.3302476406 0.0933279321 0.9639676213 0.2491109669 0.3168435991 -0.2659509480 0.9104285836
-149.4 33.8 2498.7 0.9442076683 -0.0281766746 -0.3281432688 0.0743430927 0.9888530374 0.1290068477 0.3208504915 -0.1462044269 0.9357773662
-283.6 214.9 2426.7 0.8367224336 -0.5406613350 -0.0870682225 0.4118672609 0.7260738611 -0.5506197810 0.3609167933 0.4248553514 0.8302029967
-390.2 162.5 2380.7 -0.6337257028 -0.5406613350 -0.5532423258 -0.6836702228 0.7260738611 0.0735650659 0.3619209826 0.4248553514 -0.8297657371
-25.9 235.5 2514.3 0.2108438015 0.4714936316 0.8562935591 -0.9749826193 0.1645065695 0.1494875699 -0.0703834817 -0.8663898706 0.4943832457
30.3 -24.3 2495.6 -0.1832583994 0.4743391275 0.8610567451 -0.9376507998 0.1788050383 -0.2980600297 -0.2953428328 -0.8619925380 0.4119969010
-242.6 -151.8 2505.9 0.9901938438 -0.0127602462 -0.1391164362 0.0133834975 0.9999041557 0.0035454698 0.1390578747 -0.0053725666 0.9902696609
-237.6 -539.7 2508.0 0.9903454781 0.0041564601 -0.1385586560 -0.0087998323 0.9994193912 -0.0329162255 0.1383413970 0.0338177271 0.9898070693
-74.5 -140.9 2568.3 0.8125962615 0.1093931943 -0.5724687576 -0.1774224192 0.9820394516 -0.0641857833 0.5551654100 0.1537259221 0.8174103498
-117.0 -521.6 2508.7 0.8141198754 -0.1100013405 -0.5701828599 0.1029800996 0.9936800599 -0.0446663499 0.5714927316 -0.0223537255 0.8203026056
-264.0 298.6 2308.7 0 0 0 0 0 0 0 0 0
-20.0 -281.8 2414.5 0 0 0 0 0 0 0 0 0
-238.9 -853.5 2497.4 0 0 0 0 0 0 0 0 0
-82.7 -831.0 2515.6 0 0 0 0 0 0 0 0 0
-159.6 434.5 2413.0 3 0.9594476819 -0.0107188262 -0.2816829085 0.0780627728 0.9702985883 0.2289690971 0.2708622515 -0.2416728139 0.9317874908
-157.4 232.4 2463.4 0.9594476819 -0.0107188262 -0.2816829085 0.0780627728 0.9702985883 0.2289690971 0.2708622515 -0.2416728139 0.9317874908
-152.9 41.5 2496.2 0.9595997930 -0.0228657480 -0.2804377973 0.0692044497 0.9852553010 0.1564695388 0.2727250457 -0.1695556939 0.9470332265
-288.3 223.0 2426.1 0.6679700017 -0.7071443200 -0.2318685204 0.4727066159 0.6438155770 -0.6017058492 0.5747734308 0.2923156917 0.7643212676
-398.9 144.7 2331.0 -0.6328553557 -0.7071443200 -0.3153427839 -0.7606807351 0.6438155770 0.0828633606 0.1444262266 0.2923156917 -0.9453531504
-26.5 241.8 2500.6 0.2380730808 0.4314340353 0.8701642752 -0.9707881808 0.1332463622 0.1995387673 -0.0298584104 -0.8922500014 0.4505534470
39.9 -29.0 2492.3 -0.2073232830 0.4408988059 0.8732842207 -0.9346939325 0.1741905063 -0.3098466694 -0.2887288332 -0.8804918528 0.3759917021
-228.6 -164.4 2498.1 0.9952484369 0.0353501812 -0.0907246694 -0.0336021669 0.9992204309 0.0207233485 0.0913865194 -0.0175763331 0.9956603646
-242.3 -551.7 2505.0 0.9955780506 -0.0159692056 -0.0925706327 0.0127228303 0.9992867708 -0.0355538838 0.0930723771 0.0342189074 0.9950711727
-59.3 -150.8 2555.3 0.8345355392 0.1409764588 -0.5326124430 -0.1886873394 0.9813812375 -0.0358884707 0.5176364183 0.1304474324 0.8455979824
-113.9 -531.3 2504.7 0.8414062262 -0.1011335254 -0.5308555365 0.1044062153 0.9942467809 -0.0239305124 0.5302215815 -0.0352893360 0.8471243978
-275.6 292.8 2302.8 0 0 0 0 0 0 0 0 0
-17.0 -285.6 2413.0 0 0 0 0 0 0 0 0 0
-237.6 -848.7 2494.8 0 0 0 0 0 0 0 0 0
-83.5 -830.6 2515.4 0 0 0 0 0 0 0 0 0
-160.9 434.8 2406.5 4 0.9685228467 -0.0006681200 -0.2489238530 0.0602561682 0.9708855748 0.2318412066 0.2415216863 -0.2395426929 0.9403651357
-160.7 235.6 2455.6 0.9685228467 -0.0006681200 -0.2489238530 0.0602561682 0.9708855748 0.2318412066 0.2415216863 -0.2395426929 0.9403651357
-159.1 45.3 2492.8 0.9685456753 -0.0076792445 -0.2487173229 0.0549122691 0.9814784527 0.1835337728 0.2427012920 -0.1914184839 0.9510284066
-292.8 228.2 2422.5 0.5999688506 -0.7478114367 -0.2842804193 0.4978693426 0.6271519065 -0.5990046859 0.6262295842 0.2178496569 0.7485840321
-404.2 135.8 2306.3 -0.6347910166 -0.7478114367 -0.1944693923 -0.7715371847 0.6271519065 0.1068214402 0.0420795530 0.2178496569 -0.9750747681
-28.6 243.0 2488.8 0.2484583855 0.5589566231 0.7910979390 -0.9685751200 0.1337260306 0.2097130567 0.0114301229 -0.8183427453 0.5746168494
39.3 -21.6 2491.9 -0.1990878135 0.5589566231 0.8049419522 -0.9363985062 0.1337260306 -0.3244613707 -0.2890015244 -0.8183427453 0.4967829287
-234.3 -155.6 2504.6 0.9979063272 0.0213506799 -0.0610495992 -0.0195675157 0.9993685484 0.0296586808 0.0616442822 -0.0284019969 0.9976940155
-242.6 -543.3 2515.6 0.9978693724 -0.0177078228 -0.0627941117 0.0136212865 0.9977975488 -0.0649194121 0.0638053939 0.0639257580 0.9959128499
-62.5 -143.3 2553.3 0.8494969010 0.1300588101 -0.5113118291 -0.1686831713 0.9852243662 -0.0296467450 0.4999010265 0.1114345193 0.8588837385
-112.9 -525.4 2510.1 0.8537711501 -0.0944838971 -0.5120035410 0.0892026424 0.9954003692 -0.0349424593 0.5129500628 -0.0158392079 0.8582723141
-284.5 281.3 2298.3 0 0 0 0 0 0 0 0 0
-15.4 -278.7 2412.6 0 0 0 0 0 0 0 0 0
-237.2 -847.5 2496.1 0 0 0 0 0 0 0 0 0
-84.1 -829.3 2514.9 0 0 0 0 0 0 0 0 0
-163.8 433.6 2401.7 5 0.9704518318 0.0017304847 -0.2412886620 0.0576050580 0.9693987370 0.2386372536 0.2343178838 -0.2454854250 0.9406551123
-164.1 236.4 2451.7 0.9704518318 0.0017304847 -0.2412886620 0.0576050580 0.9693987370 0.2386372536 0.2343178838 -0.2454854250 0.9406551123
-163.6 46.7 2491.8 0.9704538584 -0.0024543703 -0.2412742525 0.0521700159 0.9784294367 0.1998852491 0.2355792373 -0.2065666914 0.9496486783
-296.6 229.4 2419.5 0.5720104575 -0.7547389865 -0.3212056160 0.5036759377 0.6322669983 -0.5886840820 0.6473905444 0.1749499440 0.7418072224
-407.3 131.9 2294.2 -0.6405008435 -0.7547389865 -0.1418720335 -0.7678650022 0.6322669983 0.1030621156 0.0119160060 0.1749499440 -0.9845052361
-31.6 243.5 2483.8 0.2402205616 0.6100718975 0.7550538778 -0.9701836109 0.1250744909 0.2076058537 0.0322165079 -0.7824120522 0.6219272017
34.0 -21.4 2492.6 -0.1822335571 0.6100718975 0.7711051702 -0.9388424158 0.1250744909 -0.3208291531 -0.2921744287 -0.7824120522 0.5499686003
-244.2 -149.8 2508.2 0.9984892011 -0.0037455440 -0.0548201501 0.0039854394 0.9999829531 0.0042673759 0.0548032299 -0.0044794115 0.9984871149
-242.8 -537.6 2509.9 0.9983785748 -0.0161574353 -0.0545816869 0.0138148302 0.9989783764 -0.0430272035 0.0552211329 0.0422034003 0.9975818396
-70.8 -140.1 2551.6 0.8523975015 0.1145681888 -0.5101888180 -0.1605082154 0.9859258533 -0.0467690863 0.4976500869 0.1217553541 0.8587898612
-115.3 -522.6 2504.4 0.8549213409 -0.1052841991 -0.5079613924 0.1055639982 0.9940081239 -0.0283573419 0.5079032779 -0.0293791350 0.8609129786
-290.0 272.5 2292.0 0 0 0 0 0 0 0 0 0
-16.1 -279.2 2412.4 0 0 0 0 0 0 0 0 0
-237.7 -848.8 2496.8 0 0 0 0 0 0 0 0 0
-82.7 -830.4 2513.5 0 0 0 0 0 0 0 0 0
-165.3 429.4 2397.4 6 0.9683753252 0.0005297251 -0.2494973093 0.0622763038 0.9678319693 0.2437682450 0.2416006029 -0.2515969276 0.9371916056
-165.4 233.6 2448.2 0.9683753252 0.0005297251 -0.2494973093 0.0622763038 0.9678319693 0.2437682450 0.2416006029 -0.2515969276 0.9371916056
-164.8 44.3 2490.6 0.9683821201 -0.0033207145 -0.2494494766 0.0575578511 0.9759082198 0.2104525715 0.2427409291 -0.2181562781 0.9452431798
-297.7 225.8 2415.1 0.5729318261 -0.7572228909 -0.3136281371 0.4967078567 0.6251710653 -0.6020318866 0.6519436240 0.1891416758 0.7342989445
-408.8 129.4 2288.6 -0.6395429373 -0.7572228909 -0.1326586008 -0.7684871554 0.6251710653 0.1363399327 -0.0203054026 0.1891416758 -0.9817398190
-33.2 241.5 2481.4 0.2288986295 0.6746615171 0.7017387748 -0.9718840718 0.1175097749 0.2040411979 0.0551975742 -0.7287134528 0.6825906038
28.4 -19.9 2496.2 -0.1620652229 0.6746615171 0.7201157808 -0.9395735860 0.1175097749 -0.3215476274 -0.3015564382 -0.7287134528 0.6148498654
-249.9 -147.8 2510.7 0.9978190064 -0.0214489810 -0.0624273010 0.0203999653 0.9996405840 -0.0173930414 0.0627779290 0.0160815921 0.9978979230
-241.6 -535.5 2504.5 0.9979532361 -0.0153279668 -0.0620839782 0.0132944938 0.9993657470 -0.0330352895 0.0625509620 0.0321423002 0.9975240827
-76.1 -138.5 2552.9 0.8486706018 0.1019629166 -0.5190007091 -0.1531992853 0.9865678549 -0.0566904619 0.5062491298 0.1276220679 0.8528918028
-115.7 -521.4 2503.4 0.8508435488 -0.1020539179 -0.5154126883 0.1043534577 0.9942360520 -0.0245962571 0.5149520040 -0.0328575261 0.8565890193
-293.7 267.7 2292.3 0 0 0 0 0 0 0 0 0
-16.1 -277.9 2413.5 0 0 0 0 0 0 0 0 0
-236.9 -846.3 2494.5 0 0 0 0 0 0 0 0 0
-84.0 -829.9 2513.6 0 0 0 0 0 0 0 0 0
-163.1 429.5 2390.2 7 0.9697531462 0.0035246084 -0.2440622747 0.0624794438 0.9629992247 0.2621619105 0.2359557897 -0.2694812119 0.9336512685
-163.8 233.6 2445.0 0.9697531462 0.0035246084 -0.2440622747 0.0624794438 0.9629992247 0.2621619105 0.2359557897 -0.2694812119 0.9336512685
-163.6 45.0 2490.7 0.9697480798 -0.0010685181 -0.2441054434 0.0585029237 0.9718648195 0.2281581461 0.2369937003 -0.2355368137 0.9425265789
-296.3 225.6 2412.6 0.5606930256 -0.7660062909 -0.3144164383 0.4860600233 0.6118944287 -0.6239638329 0.6703498960 0.1970269233 0.7154099345
-408.6 128.2 2278.3 -0.6343405843 -0.7660062909 -0.1041460261 -0.7691627741 0.6118944287 0.1843200326 -0.0774639323 0.1970269233 -0.9773329496
-31.3 241.6 2477.4 0.2210332751 0.7102371454 0.6683617830 -0.9722764492 0.1068535671 0.2079922706 0.0763069913 -0.6958056688 0.7141650319
28.7 -22.5 2498.1 -0.1644997150 0.7102371454 0.6844727993 -0.9358563423 0.1068535671 -0.3357904851 -0.3116292357 -0.6958056688 0.6471025348
-250.8 -150.2 2511.2 0.9980576634 -0.0247523207 -0.0571684577 0.0236577801 0.9995251298 -0.0197440758 0.0576300211 0.0183532462 0.9981693029
-241.2 -538.1 2504.1 0.9982717037 -0.0143489679 -0.0569885969 0.0128291035 0.9995545745 -0.0269465428 0.0573498644 0.0261688586 0.9980111122
-77.4 -139.9 2554.6 0.8501024842 0.0940930471 -0.5181431174 -0.1521164775 0.9858415723 -0.0705476031 0.5041689873 0.1387908012 0.8523794413
-113.9 -522.6 2500.8 0.8530971408 -0.0983139127 -0.5124057531 0.1037799343 0.9944370389 -0.0180182066 0.5113267303 -0.0378061570 0.8585544229
-295.7 265.2 2292.1 0 0 0 0 0 0 0 0 0
-16.5 -279.4 2412.5 0 0 0 0 0 0 0 0 0
-236.8 -848.0 2495.9 0 0 0 0 0 0 0 0 0
-83.7 -828.4 2512.4 0 0 0 0 0 0 0 0 0
-161.8 432.4 2387.1 8 0.9655079246 0.0024884173 -0.2603617609 0.0681893602 0.9626369476 0.2620692551 0.2512860000 -0.2707838416 0.9292639494
-162.3 236.3 2442.2 0.9655079246 0.0024884173 -0.2603617609 0.0681893602 0.9626369476 0.2620692551 0.2512860000 -0.2707838416 0.9292639494
-162.4 47.9 2489.0 0.9654992819 0.0003764225 -0.2604054809 0.0623468123 0.9705805182 0.2325648069 0.2528320253 -0.2407765985 0.9370712638
-294.2 227.8 2407.7 0.5815174580 -0.7571703196 -0.2975409329 0.5019447207 0.6217591763 -0.6012212634 0.6402257085 0.2002715319 0.7416214347
-409.7 128.1 2280.6 -0.6413883567 -0.7571703196 -0.1237503514 -0.7657374144 0.6217591763 0.1645044833 -0.0476149917 0.2002715319 -0.9785827398
-30.4 244.8 2476.8 0.2187545002 0.7022690177 0.6774693131 -0.9729262590 0.1039182320 0.2064350992 0.0745715648 -0.7042862773 0.7059885859
29.4 -21.4 2497.2 -0.1746356040 0.7022690177 0.6901598573 -0.9339156747 0.1039182320 -0.3420562446 -0.3119356930 -0.7042862773 0.6377122402
-250.2 -148.8 2515.2 0.9968217015 -0.0317358896 -0.0730708763 0.0289602652 0.9988297224 -0.0387367792 0.0742147043 0.0364975072 0.9965741634
-237.9 -536.4 2501.0 0.9972541332 -0.0026917716 -0.0740060657 0.0020896541 0.9999641180 -0.0082122851 0.0740255192 0.0080350880 0.9972239733
-76.5 -138.3 2557.6 0.8408254385 0.0988166630 -0.5322103500 -0.1589016318 0.9849382043 -0.0681689382 0.5174580812 0.1418872774 0.8438631892
-114.8 -520.7 2502.6 0.8429998159 -0.1035751328 -0.5278480053 0.1040814072 0.9941502213 -0.0288504288 0.5277484059 -0.0306182578 0.8488487005
-296.6 263.2 2289.0 0 0 0 0 0 0 0 0 0
-18.5 -277.9 2411.5 0 0 0 0 0 0 0 0 0
-237.0 -852.0 2498.5 0 0 0 0 0 0 0 0 0
-82.7 -828.8 2512.0 0 0 0 0 0 0 0 0 0
-162.2 431.5 2388.5 9 0.9558402896 -0.0026712352 -0.2938744724 0.0814408362 0.9632042050 0.2561348379 0.2823769450 -0.2687573731 0.9208869338
-161.7 235.6 2443.2 0.9558402896 -0.0026712352 -0.2938744724 0.0814408362 0.9632042050 0.2561348379 0.2823769450 -0.2687573731 0.9208869338
-160.7 47.2 2489.9 0.9558646083 -0.0048209215 -0.2937678695 0.0751575008 0.9706102610 0.2286198437 0.2840319574 -0.2406084836 0.9281343818
-292.2 225.3 2404.4 0.5856257677 -0.7607228756 -0.2798985541 0.4893615246 0.6070825458 -0.6260799170 0.6461948156 0.2296769321 0.7277916670
-409.1 127.7 2275.4 -0.6363379955 -0.7607228756 -0.1279635131 -0.7673020363 0.6070825458 0.2066358924 -0.0795082301 0.2296769321 -0.9700139165
-31.2 245.9 2482.0 0.2234927863 0.6632117033 0.7142837048 -0.9734767675 0.1150914356 0.1977296025 0.0489286557 -0.7395297289 0.6713432670
29.5 -18.3 2495.2 -0.1791958809 0.6632117033 0.7266629934 -0.9349470735 0.1150914356 -0.3356007636 -0.3062070608 -0.7395297289 0.5994439721
-248.9 -146.0 2513.1 0.9939225912 -0.0332934670 -0.1049258336 0.0294366125 0.9988404512 -0.0380950049 0.1060724854 0.0347748250 0.9937501550
-236.0 -533.7 2499.6 0.9943230748 0.0069186105 -0.1061778441 -0.0067406110 0.9999752045 0.0020352087 0.1061892956 -0.0013079514 0.9943450689
-76.0 -134.8 2558.3 0.8236923814 0.0986663252 -0.5583868027 -0.1692863703 0.9826252460 -0.0760903805 0.5411774516 0.1572023481 0.8260837793
-114.3 -516.3 2497.3 0.8290034533 -0.0970601812 -0.5507563949 0.1085453257 0.9940215349 -0.0117937084 0.5486084223 -0.0500050075 0.8345826864
-297.4 262.2 2289.4 0 0 0 0 0 0 0 0 0
-19.7 -275.1 2411.2 0 0 0 0 0 0 0 0 0
-238.2 -851.7 2500.0 0 0 0 0 0 0 0 0 0
-83.8 -827.9 2513.0 0 0 0 0 0 0 0 0 0
-160.5 431.8 2388.7 0 0.9497198462 -0.0018571513 -0.3130953908 0.0867161751 0.9624249339 0.2573295534 0.3008529246 -0.2715414464 0.9141951203
-160.2 236.4 2443.9 0.9497198462 -0.0018571513 -0.3130953908 0.0867161751 0.9624249339 0.2573295534 0.3008529246 -0.2715414464 0.9141951203
-159.1 48.0 2491.0 0.9497417808 -0.0052604205 -0.3129901886 0.0807629898 0.9701260924 0.2287634462 0.3024365604 -0.2425442338 0.9217941165
-289.8 225.3 2402.6 0.5885242820 -0.7608911991 -0.2732832730 0.4842253923 0.6024259329 -0.6345145702 0.6474294662 0.2410965115 0.7229851484
-408.8 127.5 2271.8 -0.6356591582 -0.7608911991 -0.1303150505 -0.7666465044 0.6024259329 0.2221173793 -0.0905019939 0.2410965115 -0.9662721157
-30.5 247.4 2485.2 0.2215601951 0.6682435870 0.7101841569 -0.9742383361 0.1202610284 0.1907797754 0.0420798846 -0.7341578603 0.6776735783
29.6 -16.8 2496.6 -0.1716973931 0.6682435870 0.7238580585 -0.9352740049 0.1202610284 -0.3328660429 -0.3094875216 -0.7341578603 0.6043423414
-245.4 -147.9 2511.2 0.9916756749 -0.0307053197 -0.1250459403 0.0298719052 0.9995173216 -0.0085349064 0.1252476424 0.0047284993 0.9921142459
-233.5 -535.8 2509.4 0.9920339584 0.0180143621 -0.1246760488 -0.0207017902 0.9995797276 -0.0202932917 0.1242580786 0.0227126516 0.9919899702
-74.2 -134.5 2562.1 0.8118198514 0.1045032218 -0.5744802952 -0.1846501827 0.9793109894 -0.0827905461 0.5539429784 0.1732888967 0.8143206835
-114.8 -514.6 2494.8 0.8195765615 -0.0976978838 -0.5645789504 0.1141847894 0.9934404492 -0.0061529963 0.5614767075 -0.0594234727 0.8253561258
-297.7 261.5 2287.6 0 0 0 0 0 0 0 0 0
-17.5 -273.6 2411.6 0 0 0 0 0 0 0 0 0
-239.1 -848.3 2502.3 0 0 0 0 0 0 0 0 0
-84.1 -826.6 2513.5 0 0 0 0 0 0 0 0 0
-160.8 431.9 2392.9 1 0.9466238618 0.0152255930 -0.3219805062 0.0786446631 0.9577885866 0.2765068412 0.3125992417 -0.2870700061 0.9054681063
-164.2 219.8 2456.4 0.9466238618 0.0152255930 -0.3219805062 0.0786446631 0.9577885866 0.2765068412 0.3125992417 -0.2870700061 0.9054681063
-149.8 30.8 2495.4 0.9449468851 -0.0743985400 -0.3186538517 0.1334705800 0.9767528772 0.1677482575 0.2987658381 -0.2010440975 0.9329095483
-293.0 201.6 2415.5 0.5654052496 -0.7734882832 -0.2864136696 0.3491852582 0.5390635729 -0.7664725184 0.7472527027 0.3333561122 0.5748801231
-401.3 134.7 2272.4 -0.6012897491 -0.7734882832 -0.2004157901 -0.7904174924 0.5390635729 0.2909478545 -0.1170079112 0.3333561122 -0.9355120659
-35.4 238.0 2497.4 0.2461759150 0.5996911526 0.7614249587 -0.9692251682 0.1524187326 0.1933161318 -0.0001254473 -0.7855820060 0.6187575459
29.4 -16.8 2497.4 -0.1694360673 0.5996911526 0.7820882201 -0.9352511168 0.1524187326 -0.3194900751 -0.3108002543 -0.7855820060 0.5350365639
-238.3 -152.5 2510.2 0.9930832386 -0.0100901769 -0.1169780344 0.0093385093 0.9999321103 -0.0069720284 0.1170404404 0.0058314041 0.9931100011
-234.4 -535.5 2508.0 0.9930242896 0.0159629919 -0.1168243960 -0.0185449924 0.9996064305 -0.0210479982 0.1164424270 0.0230676811 0.9929295182
-72.0 -133.7 2564.9 0.8250296712 0.1124234572 -0.5537933111 -0.1914549023 0.9776598215 -0.0867545158 0.5316682458 0.1776014864 0.8281223178
-115.6 -512.6 2496.0 0.8344677687 -0.0986320525 -0.5421580076 0.1155366898 0.9932990670 -0.0028764401 0.5388087630 -0.0602388456 0.8402716517
-272.5 304.0 2297.4 0 0 0 0 0 0 0 0 0
-17.2 -273.6 2412.0 0 0 0 0 0 0 0 0 0
-239.4 -847.0 2500.8 0 0 0 0 0 0 0 0 0
-84.1 -829.5 2515.2 0 0 0 0 0 0 0 0 0
-158.9 432.7 2394.9 2 0.9512596130 0.0088698501 -0.3082636297 0.0867111832 0.9515673518 0.2949589193 0.2959498465 -0.3073123991 0.9044184685
-160.9 215.4 2465.1 0.9512596130 0.0088698501 -0.3082636297 0.0867111832 0.9515673518 0.2949589193 0.2959498465 -0.3073123991 0.9044184685
-150.9 24.5 2495.8 0.9510189891 -0.0522648133 -0.3046822846 0.0974559486 0.9860342741 0.1350507140 0.2933687866 -0.1581288874 0.9428308606
-290.7 202.1 2425.1 0.5424738526 -0.7861013412 -0.2962545753 0.3243292272 0.5212907791 -0.7893455625 0.7749404311 0.3321153522 0.5377422571
-397.3 138.3 2272.8 -0.5814983845 -0.7861013412 -0.2095336020 -0.8058743477 0.5212907791 0.2807532847 -0.1114726067 0.3321153522 -0.9366286397
-31.2 228.7 2505.2 0.2678500116 0.5278124809 0.8060213327 -0.9628630877 0.1761047095 0.2046504319 -0.0339271054 -0.8309038281 0.5553807616
38.5 -22.1 2496.3 -0.1786112338 0.5278124809 0.8303686380 -0.9333814979 0.1761047095 -0.3127077222 -0.3112828732 -0.8309038281 0.4611960948
-217.4 -172.6 2507.1 0.9931045771 0.0517859720 -0.1051735133 -0.0519346781 0.9986495972 0.0013261072 0.1051001623 0.0041451897 0.9944530129
-237.3 -557.0 2505.5 0.9942791462 0.0100646233 -0.1063377783 -0.0124362987 0.9996879697 -0.0216636937 0.1060865596 0.0228622071 0.9940940142
-50.3 -146.5 2561.1 0.8264788389 0.1626941413 -0.5389465094 -0.2280140817 0.9720328450 -0.0562296435 0.5147254467 0.1693600118 0.8404611349
-113.3 -523.1 2495.5 0.8431540728 -0.0973768756 -0.5287806392 0.1143255457 0.9934431314 -0.0006511947 0.5253769159 -0.0599040762 0.8487582803
-261.2 326.9 2298.9 0 0 0 0 0 0 0 0 0
-10.5 -278.4 2410.8 0 0 0 0 0 0 0 0 0
-240.2 -847.1 2498.9 0 0 0 0 0 0 0 0 0
-83.4 -828.9 2513.9 0 0 0 0 0 0 0 0 0
-160.4 432.1 2395.4 3 0.9552038312 0.0251658838 -0.2948768437 0.0728263110 0.9457518458 0.3166225255 0.2868483961 -0.3239138424 0.9015530348
-166.1 215.8 2469.5 0.9552038312 0.0251658838 -0.2948768437 0.0728263110 0.9457518458 0.3166225255 0.2868483961 -0.3239138424 0.9015530348
-148.3 24.7 2495.1 0.9533382654 -0.0925973803 -0.2873531580 0.1262925714 0.9868386388 0.1009937450 0.2742194533 -0.1325717717 0.9524853826
-296.2 198.5 2432.0 0.5003613830 -0.7940583229 -0.3451229930 0.2840013504 0.5270792842 -0.8009561300 0.8179130554 0.3027520776 0.4892437160
-392.4 143.9 2274.7 -0.5794726014 -0.7940583229 -0.1835288852 -0.8068051338 0.5270792842 0.2669324279 -0.1152256429 0.3027520776 -0.9460783601
-36.1 233.1 2507.0 0.2732604444 0.5087668300 0.8163853288 -0.9604915380 0.1908663660 0.2025488019 -0.0527703837 -0.8394798040 0.5408225060
39.6 -32.9 2492.4 -0.1712336838 0.5076377392 0.8443831801 -0.9356597066 0.1846392900 -0.3007477522 -0.3085772097 -0.8415534496 0.4433597326
-224.6 -176.3 2500.0 0.9955636859 0.0488228425 -0.0804319233 -0.0474845953 0.9987012148 0.0184689350 0.0812291652 -0.0145677244 0.9965890050
-243.5 -562.3 2505.6 0.9964059591 -0.0185170360 -0.0826579258 0.0161729380 0.9994503260 -0.0289391242 0.0831483528 0.0274982937 0.9961577058
-55.5 -157.8 2552.6 0.8484167457 0.1408645660 -0.5102413297 -0.1928972602 0.9799334407 -0.0502102859 0.4929296970 0.1410233974 0.8585643172
-110.0 -537.6 2497.9 0.8594538569 -0.0929938555 -0.5026839972 0.1064836159 0.9943126440 -0.0018843065 0.5000002980 -0.0519081354 0.8644682169
-249.6 342.8 2303.1 0 0 0 0 0 0 0 0 0
-7.5 -289.8 2407.6 0 0 0 0 0 0 0 0 0
-238.3 -845.5 2497.8 0 0 0 0 0 0 0 0 0
-82.4 -832.8 2513.4 0 0 0 0 0 0 0 0 0
-159.2 433.1 2403.7 4 0.9570235014 0.0425051339 -0.2868786454 0.0470253453 0.9533659816 0.2981306314 0.2861724198 -0.2988085747 0.9103948474
-168.9 215.1 2472.0 0.9570235014 0.0425051339 -0.2868786454 0.0470253453 0.9533659816 0.2981306314 0.2861724198 -0.2988085747 0.9103948474
-147.5 23.8 2495.2 0.9537983537 -0.1104729176 -0.2794000506 0.1390804499 0.9866549969 0.0846673250 0.2663180232 -0.1196146384 0.9564345479
-299.1 196.1 2435.6 0.4824187160 -0.7985397577 -0.3600089252 0.2741323411 0.5279871821 -0.8037916422 0.8319396973 0.2890740633 0.4736164808
-392.8 142.8 2274.0 -0.5771871209 -0.7985397577 -0.1708486676 -0.8079303503 0.5279871821 0.2616833150 -0.1187586188 0.2890740633 -0.9499118924
-38.7 234.1 2508.4 0.2999475896 0.4001652598 0.8659672141 -0.9513815641 0.1921237856 0.2407519966 -0.0700323135 -0.8960782290 0.4383369088
44.0 -28.3 2489.1 -0.1809386164 0.4001652598 0.8984035850 -0.9419686794 0.1921237856 -0.2752880454 -0.2827654183 -0.8960782290 0.3421805203
-215.0 -178.3 2496.1 0.9945296645 0.0781550482 -0.0693006665 -0.0762076899 0.9966309667 0.0303162169 0.0714365542 -0.0248691328 0.9971350431
-245.3 -564.2 2505.7 0.9969375730 -0.0267304443 -0.0734912828 0.0249897745 0.9993873239 -0.0245038997 0.0741012543 0.0225923285 0.9969947934
-45.0 -155.1 2545.3 0.8555119634 0.1627564877 -0.4915380478 -0.1908564121 0.9815918803 -0.0071601546 0.4813243747 0.0999387801 0.8708266616
-108.0 -535.5 2506.6 0.8649377823 -0.0869389772 -0.4942916930 0.0862726867 0.9959772825 -0.0242139157 0.4944083989 -0.0217003413 0.8689588308
-247.0 347.0 2304.0 0 0 0 0 0 0 0 0 0
-5.6 -286.9 2411.5 0 0 0 0 0 0 0 0 0
-237.8 -845.6 2499.3 0 0 0 0 0 0 0 0 0
-82.0 -833.6 2513.1 0 0 0 0 0 0 0 0 0
-157.6 442.4 2415.3 5 0.9590724111 0.0377255604 -0.2806366086 0.0323166028 0.9700264335 0.2408408374 0.2813107967 -0.2400530130 0.9291064739
-166.6 212.5 2472.2 0.9590724111 0.0377255604 -0.2806366086 0.0323166028 0.9700264335 0.2408408374 0.2813107967 -0.2400530130 0.9291064739
-148.9 20.7 2495.4 0.9566909075 -0.0909179747 -0.2765436172 0.1200092211 0.9886734486 0.0901251957 0.2652173340 -0.1194097400 0.9567659497
-297.2 196.1 2436.0 0.4923544824 -0.7969620228 -0.3499123156 0.2742572427 0.5235869288 -0.8066223860 0.8260568976 0.3011781573 0.4763630033
-393.2 142.6 2274.9 -0.5753712654 -0.7969620228 -0.1838464588 -0.8098109961 0.5235869288 0.2646939158 -0.1146913990 0.3011781573 -0.9466454387
-35.9 228.9 2508.5 0.3066782355 0.3972771466 0.8649389148 -0.9485849738 0.2023506612 0.2433941513 -0.0783260316 -0.8951117992 0.4389076829
46.3 -25.4 2487.5 -0.1632722020 0.3945359588 0.9042585492 -0.9494953156 0.1860997975 -0.2526370883 -0.2679567635 -0.8998379111 0.3442251384
-211.2 -180.2 2494.4 0.9943044782 0.0828361586 -0.0670578331 -0.0805082545 0.9960777760 0.0367077440 0.0698355436 -0.0310999658 0.9970735908
-243.3 -566.4 2506.5 0.9971791506 -0.0184785649 -0.0727479830 0.0160501692 0.9992988706 -0.0338251963 0.0733220205 0.0325621665 0.9967765808
-40.7 -155.0 2542.2 0.8534070849 0.1788831651 -0.4895887673 -0.2008190155 0.9795967340 0.0078698657 0.4810073376 0.0916025341 0.8719179630
-110.0 -534.9 2506.7 0.8631001115 -0.0930417329 -0.4963883460 0.0891753882 0.9955163598 -0.0315423906 0.4970974922 -0.0170413833 0.8675273657
-246.0 349.8 2304.3 0 0 0 0 0 0 0 0 0
1.4 -286.0 2413.9 0 0 0 0 0 0 0 0 0
-238.1 -847.7 2497.3 0 0 0 0 0 0 0 0 0
-82.2 -833.2 2511.8 0 0 0 0 0 0 0 0 0
-159.2 435.1 2391.7 6 0.9590483308 0.0152923837 -0.2828293145 0.0855597556 0.9362533689 0.3407478631 0.2700107396 -0.3509925008 0.8966038227
-162.8 214.3 2474.4 0.9590483308 0.0152923837 -0.2828293145 0.0855597556 0.9362533689 0.3407478631 0.2700107396 -0.3509925008 0.8966038227
-150.6 21.9 2495.7 0.9589253664 -0.0628501177 -0.2766079903 0.0905452743 0.9919515848 0.0885075107 0.2688190341 -0.1099176481 0.9568983316
-293.7 201.9 2437.7 0.4963081777 -0.7959145308 -0.3466961682 0.3055948019 0.5339611769 -0.7883509994 0.8125823140 0.2853164971 0.5082366467
-391.6 141.7 2277.5 -0.5753179193 -0.7959145308 -0.1884922832 -0.8138241172 0.5339611769 0.2292939574 -0.0818508342 0.2853164971 -0.9549319148
-31.9 226.7 2511.1 0.2846469283 0.4057344496 0.8685365319 -0.9550363421 0.1984259337 0.2203015387 -0.0829562545 -0.8921920657 0.4439724684
45.3 -32.4 2488.6 -0.1517047584 0.4064092338 0.9010089636 -0.9466047883 0.2026138008 -0.2507728338 -0.2844732404 -0.8909428716 0.3539714515
-216.8 -181.9 2494.7 0.9949637055 0.0748932362 -0.0666202679 -0.0714699402 0.9960671663 0.0523669012 0.0702801868 -0.0473418199 0.9964032769
-245.9 -568.3 2513.1 0.9969412088 -0.0239472762 -0.0743962154 0.0197494254 0.9981983304 -0.0566576570 0.0756189749 0.0550150685 0.9956179261
-45.6 -160.3 2542.3 0.8533480167 0.1716088802 -0.4922881126 -0.1917624921 0.9813933969 0.0097009977 0.4847930968 0.0861240700 0.8703782558
-112.2 -541.1 2508.9 0.8595906496 -0.1027828678 -0.5005393624 0.0948801339 0.9946315885 -0.0413014591 0.5020973086 -0.0119888941 0.8647280335
-243.6 351.0 2298.5 0 0 0 0 0 0 0 0 0
3.7 -292.3 2410.5 0 0 0 0 0 0 0 0 0
-239.1 -850.5 2497.5 0 0 0 0 0 0 0 0 0
-82.0 -833.8 2512.4 0 0 0 0 0 0 0 0 0
-163.0 442.6 2396.8 7 0.9580965042 -0.0263265390 -0.2852333188 0.1150980443 0.9472276568 0.2991859913 0.2623043358 -0.3194788396 0.9105656147
-156.6 211.3 2474.8 0.9580965042 -0.0263265390 -0.2852333188 0.1150980443 0.9472276568 0.2991859913 0.2623043358 -0.3194788396 0.9105656147
-153.2 18.6 2494.8 0.9596638083 -0.0175871011 -0.2805995047 0.0457961671 0.9944905639 0.0942935348 0.2773951888 -0.1033404693 0.9551820159
-287.5 205.1 2436.9 0.5256958008 -0.7971866131 -0.2968795300 0.3239549100 0.5103057623 -0.7966437340 0.7865730524 0.3226166666 0.5265181065
-394.2 139.4 2277.4 -0.5654996037 -0.7971866131 -0.2114325017 -0.8182914853 0.5103057623 0.2645505667 -0.1030009538 0.3226166666 -0.9409087300
-25.7 217.6 2512.7 0.2577606142 0.4157752395 0.8721756935 -0.9603517652 0.2094875127 0.1839550883 -0.1062259525 -0.8850118518 0.4532881081
42.4 -36.2 2484.6 -0.1596799940 0.4109047353 0.8975854516 -0.9511507750 0.1793283820 -0.2513037920 -0.2642244399 -0.8938672543 0.3621971905
-224.2 -178.7 2493.0 0.9961890578 0.0479287840 -0.0728707239 -0.0445376411 0.9978792071 0.0474707298 0.0749913976 -0.0440443307 0.9962109923
-242.8 -565.8 2510.0 0.9969065189 -0.0146083813 -0.0772266015 0.0106996987 0.9986522198 -0.0507868044 0.0778644308 0.0498033985 0.9957191944
-52.6 -162.4 2541.1 0.8517710567 0.1482321918 -0.5025069714 -0.1680496633 0.9857606888 0.0059335055 0.4962311685 0.0793921426 0.8645527959
-110.1 -544.9 2510.3 0.8558028340 -0.0929161310 -0.5088890791 0.0842116103 0.9956378341 -0.0401704200 0.5104017258 -0.0084764063 0.8598943353
-252.8 343.9 2303.1 0 0 0 0 0 0 0 0 0
-1.4 -297.3 2412.1 0 0 0 0 0 0 0 0 0
-238.6 -851.6 2495.8 0 0 0 0 0 0 0 0 0
-83.3 -832.6 2512.8 0 0 0 0 0 0 0 0 0
-161.1 437.1 2384.4 8 0.9616146088 -0.0323143341 -0.2724942863 0.1320012361 0.9250689149 0.3561224341 0.2405681461 -0.3784221411 0.8938252926
-153.3 213.5 2475.9 0.9616146088 -0.0323143341 -0.2724942863 0.1320012361 0.9250689149 0.3561224341 0.2405681461 -0.3784221411 0.8938252926
-148.4 20.5 2495.3 0.9640488625 -0.0251365062 -0.2645334601 0.0506609194 0.9946422577 0.0901124924 0.2608510554 -0.1002743542 0.9601571560
-284.9 206.5 2440.2 0.5226076841 -0.7997656465 -0.2953914404 0.3230961561 0.5064108372 -0.7994729280 0.7889804244 0.3223708272 0.5230553746
-391.9 140.3 2278.6 -0.5628456473 -0.7997656465 -0.2087574154 -0.8193007708 0.5064108372 0.2688760757 -0.1093208492 0.3223708272 -0.9402797222
-21.7 220.4 2511.5 0.2262447625 0.4071040154 0.8849178553 -0.9694174528 0.1827965677 0.1637534946 -0.0950952396 -0.8949031830 0.4360105097
39.5 -41.6 2485.8 -0.1603831053 0.4096738696 0.8980225921 -0.9454265237 0.1976716816 -0.2590261698 -0.2836298943 -0.8905578256 0.3556133509
-235.6 -178.3 2490.0 0.9981814027 0.0237026326 -0.0554261543 -0.0205029603 0.9981291294 0.0576011911 0.0566877611 -0.0563600361 0.9967998862
-244.8 -565.6 2511.8 0.9980681539 -0.0227613244 -0.0578091629 0.0193429384 0.9980694652 -0.0590185188 0.0590409003 0.0577863045 0.9965816140
-63.9 -170.1 2539.6 0.8647717834 0.1130469292 -0.4892750978 -0.1369704008 0.9904866815 -0.0132372612 0.4831240475 0.0784634203 0.8720290661
-107.8 -554.3 2509.2 0.8665588498 -0.0875280723 -0.4913396239 0.0824093074 0.9960814118 -0.0321011730 0.4922240078 -0.0126734013 0.8703762889
-250.2 346.7 2306.1 0 0 0 0 0 0 0 0 0
-4.5 -301.1 2407.9 0 0 0 0 0 0 0 0 0
-238.3 -851.3 2495.3 0 0 0 0 0 0 0 0 0
-83.4 -831.4 2512.7 0 0 0 0 0 0 0 0 0
-161.8 439.6 2390.2 9 0.9614062309 -0.0382712521 -0.2724580765 0.1322463602 0.9326603413 0.3356420994 0.2412654012 -0.3587199748 0.9017266631
-152.6 215.6 2476.3 0.9614062309 -0.0382712521 -0.2724580765 0.1322463602 0.9326603413 0.3356420994 0.2412654012 -0.3587199748 0.9017266631
-149.4 22.5 2494.5 0.9640045166 -0.0165395606 -0.2653709054 0.0408450402 0.9954285026 0.0863352194 0.2627298236 -0.0940666273 0.9602731466
-284.3 210.1 2440.4 0.5215432644 -0.8004595637 -0.2953931689 0.3353239596 0.5106450319 -0.7917067409 0.7845702767 0.3138568997 0.5347366929
-391.6 141.0 2278.9 -0.5637001991 -0.8004595637 -0.2037315667 -0.8193278909 0.5106450319 0.2606597245 -0.1046130583 0.3138568997 -0.9436895251
-21.0 221.2 2512.2 0.2415972203 0.4083854556 0.8802568316 -0.9654640555 0.1923247725 0.1757564247 -0.0975188315 -0.8923186064 0.4407466352
44.7 -41.0 2485.7 -0.1906759590 0.4063291550 0.8936102390 -0.9414784312 0.1820629239 -0.2836748660 -0.2779586613 -0.8954047561 0.3478350937
-229.8 -177.0 2491.4 0.9976253510 0.0389976539 -0.0567705855 -0.0363306589 0.9982209206 0.0472760424 0.0585132428 -0.0451012626 0.9972673059
-244.9 -564.3 2508.9 0.9979762435 -0.0203570053 -0.0602415316 0.0174463652 0.9986730218 -0.0484538712 0.0611479692 0.0473048165 0.9970071316
-57.2 -167.9 2538.1 0.8625596166 0.1337952763 -0.4879443944 -0.1489453316 0.9888143539 0.0078379028 0.4835351110 0.0659163818 0.8728395104
-109.1 -551.5 2512.5 0.8644942045 -0.0925006568 -0.4940580726 0.0825811401 0.9957022071 -0.0419225693 0.4958125949 -0.0045580622 0.8684175611
-249.1 348.2 2305.4 0 0 0 0 0 0 0 0 0
-7.7 -299.4 2409.4 0 0 0 0 0 0 0 0 0
-239.1 -850.7 2495.3 0 0 0 0 0 0 0 0 0
-83.2 -830.6 2513.8 0 0 0 0 0 0 0 0 0
-155.5 440.5 2401.1 0 0.9618380070 -0.0141959023 -0.2732509971 0.1002084389 0.9475458264 0.3035049140 0.2546093166 -0.3193046153 0.9128081203
-152.2 216.5 2476.6 0.9618380070 -0.0141959023 -0.2732509971 0.1002084389 0.9475458264 0.3035049140 0.2546093166 -0.3193046153 0.9128081203
-150.9 23.2 2494.1 0.9625850320 -0.0067812093 -0.2708948553 0.0309983417 0.9958799481 0.0852185637 0.2692008615 -0.0904274061 0.9588294029
-283.6 212.2 2439.8 0.5118327737 -0.8019465804 -0.3080728948 0.3291579485 0.5143043399 -0.7919255495 0.7935252190 0.3039287925 0.5272048712
-387.4 145.5 2279.0 -0.5656141639 -0.8019465804 -0.1922558248 -0.8174042702 0.5143043399 0.2595021129 -0.1092288345 0.3039287925 -0.9464123845
-20.7 220.7 2513.4 0.2493346334 0.4127502739 0.8760533333 -0.9625695348 0.2048919648 0.1774237901 -0.1062645763 -0.8875001669 0.4483875036
47.1 -41.0 2484.5 -0.2127664387 0.4062291682 0.8886553049 -0.9362760186 0.1753907204 -0.3043440282 -0.2794953287 -0.8967809081 0.3430253863
-232.5 -174.3 2489.3 0.9974905849 0.0322896317 -0.0630068034 -0.0296931621 0.9986880422 0.0417195931 0.0642712563 -0.0397440307 0.9971407056
-245.0 -561.9 2504.7 0.9976349473 -0.0213627722 -0.0653307512 0.0190244801 0.9991632104 -0.0362066999 0.0660495535 0.0348781869 0.9972065687
-59.9 -167.0 2536.3 0.8610169888 0.1211246550 -0.4939418137 -0.1356348991 0.9907374382 0.0065165022 0.4901559651 0.0613849312 0.8694705367
-106.9 -551.5 2512.5 0.8618186712 -0.0875894278 -0.4995965064 0.0750023425 0.9961555004 -0.0452650636 0.5016405582 0.0015393695 0.8650748134
-243.4 353.6 2306.8 0 0 0 0 0 0 0 0 0
-11.3 -298.0 2407.8 0 0 0 0 0 0 0 0 0
-238.9 -850.9 2494.6 0 0 0 0 0 0 0 0 0
-82.2 -831.5 2512.1 0 0 0 0 0 0 0 0 0
-158.1 443.2 2397.5 1 0.9631934762 -0.0313352868 -0.2669764161 0.1141679212 0.9468411207 0.3007616103 0.2433598042 -0.3201717734 0.9155687094
-150.4 210.9 2476.1 0.9631934762 -0.0313352868 -0.2669764161 0.1141679212 0.9468411207 0.3007616103 0.2433598042 -0.3201717734 0.9155687094
-152.5 17.6 2493.7 0.9642440677 0.0110935494 -0.2647835314 0.0133404182 0.9958249927 0.0903026462 0.2646798491 -0.0906061158 0.9600703716
-282.1 209.1 2439.9 0.5234934092 -0.7963970900 -0.3028305173 0.3213950396 0.5137404799 -0.7954721451 0.7890880108 0.3190962076 0.5248978734
-389.4 143.2 2278.2 -0.5670455098 -0.7963970900 -0.2102642357 -0.8177579641 0.5137404799 0.2595046461 -0.0986475050 0.3190962076 -0.9425742626
-18.7 212.7 2512.3 0.2435617894 0.4109745324 0.8785087466 -0.9639697671 0.2024651170 0.1725403368 -0.1069576889 -0.8888800740 0.4454798102
45.9 -42.8 2483.9 -0.2137033343 0.4048665762 0.8890522718 -0.9362171292 0.1750154942 -0.3047409654 -0.2789773643 -0.8974701166 0.3416416347
-235.8 -172.9 2487.5 0.9980180860 0.0267756265 -0.0569471456 -0.0234292299 0.9980041981 0.0586402118 0.0584036186 -0.0571897663 0.9966535568
-246.1 -560.2 2509.7 0.9978228211 -0.0280120559 -0.0597071722 0.0244576875 0.9979315400 -0.0594514087 0.0612490252 0.0578616709 0.9964439869
-63.3 -167.3 2535.8 0.8637767434 0.1122667342 -0.4912085831 -0.1269352138 0.9919048548 0.0034898303 0.4876239896 0.0593372285 0.8710349798
-106.9 -552.3 2512.7 0.8631784916 -0.0912117660 -0.4965916574 0.0761678889 0.9958147407 -0.0505114011 0.4991205633 0.0057760146 0.8665133119
-244.6 352.0 2303.4 0 0 0 0 0 0 0 0 0
-12.8 -299.8 2407.3 0 0 0 0 0 0 0 0 0
-238.1 -846.9 2493.1 0 0 0 0 0 0 0 0 0
-81.4 -830.8 2511.1 0 0 0 0 0 0 0 0 0
-160.9 440.4 2389.7 2 0.9588191509 -0.0619171932 -0.2771859467 0.1506455988 0.9382212758 0.3115232289 0.2407731265 -0.3404512703 0.9089121222
-145.2 203.4 2475.8 0.9588191509 -0.0619171932 -0.2771859467 0.1506455988 0.9382212758 0.3115232289 0.2407731265 -0.3404512703 0.9089121222
-152.7 10.2 2492.1 0.9608228803 0.0383235030 -0.2745007277 -0.0135977417 0.9957197309 0.0914185047 0.2768292725 -0.0841044039 0.9572314024
-276.4 205.3 2438.0 0.5539575815 -0.7863092422 -0.2735849619 0.3059466481 0.4978848398 -0.8114846349 0.7742916942 0.3658256829 0.5163757801
-390.4 142.3 2278.7 -0.5653808117 -0.7863092422 -0.2491230816 -0.8186084628 0.4978848398 0.2863405347 -0.1011176035 0.3658256829 -0.9251739383
-14.0 201.5 2513.6 0.2271123379 0.4252241254 0.8761304021 -0.9668349624 0.2063773870 0.1504610628 -0.1168338209 -0.8812450171 0.4579924047
45.5 -51.8 2483.0 -0.2186506093 0.4177884459 0.8818416595 -0.9335037470 0.1736343801 -0.3137225509 -0.2841876745 -0.8917981386 0.3520418108
-241.1 -176.8 2487.6 0.9976035953 0.0116311219 -0.0682042837 -0.0082768025 0.9987517595 0.0492584370 0.0686920807 -0.0485758781 0.9964545965
-245.6 -564.5 2506.4 0.9973355532 -0.0237267166 -0.0689841360 0.0208128672 0.9988729954 -0.0426556580 0.0699184686 0.0411062464 0.9967054129
-68.3 -174.4 2535.0 0.8582499623 0.1043619066 -0.5025092959 -0.1168236658 0.9931299090 0.0067282747 0.4997591972 0.0529304408 0.8645455837
-108.8 -559.9 2514.4 0.8554688692 -0.0982270390 -0.5084530115 0.0780230165 0.9950857162 -0.0609654374 0.5119428039 0.0124829952 0.8589288592
-245.8 351.7 2304.5 0 0 0 0 0 0 0 0 0
-14.6 -308.1 2404.9 0 0 0 0 0 0 0 0 0
-238.7 -852.0 2494.6 0 0 0 0 0 0 0 0 0
-81.8 -833.6 2511.0 0 0 0 0 0 0 0 0 0
-162.0 434.8 2384.4 3 0.9557604194 -0.0739622340 -0.2846957147 0.1698497981 0.9289773107 0.3288650215 0.2401522845 -0.3626716733 0.9004421830
-143.3 200.8 2475.7 0.9557604194 -0.0739622340 -0.2846957147 0.1698497981 0.9289773107 0.3288650215 0.2401522845 -0.3626716733 0.9004421830
-154.0 7.8 2493.2 0.9576813579 0.0552033596 -0.2824872434 -0.0271051545 0.9943711162 0.1024277136 0.2865515053 -0.0904362500 0.9537869692
-274.1 204.5 2436.6 0.5690663457 -0.7812001109 -0.2566902936 0.3012239933 0.4885099828 -0.8189151883 0.7651324272 0.3886958063 0.5133107901
-391.7 142.2 2278.5 -0.5669460893 -0.7812001109 -0.2613399625 -0.8158081770 0.4885099828 0.3095400929 -0.1141455621 0.3886958063 -0.9142681956
-12.5 197.1 2514.9 0.2176090330 0.4322561622 0.8751004934 -0.9672054648 0.2158329189 0.1339018047 -0.1309956163 -0.8755402565 0.4650477171
45.2 -59.6 2480.1 -0.2300133407 0.4198063612 0.8779843450 -0.9325683117 0.1628446132 -0.3221769929 -0.2782269716 -0.8928853273 0.3540416658
-246.1 -181.8 2483.6 0.9970285892 0.0016660297 -0.0770140141 0.0042147753 0.9970886707 0.0761345923 0.0769166425 -0.0762329623 0.9941188693
-246.8 -568.7 2513.1 0.9965879321 -0.0311642755 -0.0764281079 0.0257633124 0.9971675277 -0.0706624314 0.0784137696 0.0684522912 0.9945680499
-74.1 -184.2 2533.1 0.8545385003 0.0877104104 -0.5119285583 -0.0956246182 0.9953576326 0.0109161846 0.5105094314 0.0396246761 0.8589586616
-108.1 -570.5 2517.8 0.8495905399 -0.1010465175 -0.5176731944 0.0713588819 0.9944739938 -0.0770028234 0.5225933790 0.0284802895 0.8521062136
-246.6 351.1 2307.7 0 0 0 0 0 0 0 0 0
-18.0 -315.6 2403.7 0 0 0 0 0 0 0 0 0
-238.1 -847.1 2494.0 0 0 0 0 0 0 0 0 0
-81.4 -833.1 2510.2 0 0 0 0 0 0 0 0 0
-162.0 432.5 2377.7 4 0.9547870755 -0.0778572857 -0.2869143784 0.1799385101 0.9195885062 0.3492550850 0.2366511226 -0.3850911856 0.8920207620
-142.2 199.7 2475.1 0.9547870755 -0.0778572857 -0.2869143784 0.1799385101 0.9195885062 0.3492550850 0.2366511226 -0.3850911856 0.8920207620
-154.7 7.0 2494.1 0.9563395977 0.0639051497 -0.2851853371 -0.0329004079 0.9931389093 0.1122172922 0.2903999090 -0.0979351252 0.9518805742
-272.9 204.2 2435.5 0.5591315627 -0.7905256748 -0.2498821318 0.2855864465 0.4665953815 -0.8370956779 0.7783394456 0.3966836333 0.4866516292
-385.4 146.7 2278.8 -0.5504162908 -0.7905256748 -0.2685350478 -0.8253080845 0.4665953815 0.3180492818 -0.1261288971 0.3966836333 -0.9092488885
-11.6 195.2 2514.8 0.2017755955 0.4381439388 0.8759660125 -0.9717221260 0.2015488893 0.1230211854 -0.1226489916 -0.8760182261 0.4664218128
