60.2 490.5 2695.4 1 0.9280449152 -0.0664635524 0.3664903641 0.0713638514 0.9974503517 0.0001779796 -0.3655677736 0.0259889904 0.9304218292
73.4 292.6 2690.2 0.9280449152 -0.0664635524 0.3664903641 0.0713638514 0.9974503517 0.0001779796 -0.3655677736 0.0259889904 0.9304218292
85.9 94.3 2685.4 0.9283131361 -0.0628233999 0.3664531410 0.0672246367 0.9977375865 0.0007524968 -0.3656713367 0.0239361264 0.9304361939
-57.2 283.2 2741.7 0.9238213301 -0.3439540863 -0.1680765450 0.1482844800 0.7262740135 -0.6712211370 0.3529388607 0.5951652527 0.7219504714
-290.2 245.8 2652.6 -0.9335691929 -0.3572965860 0.0280668363 -0.2572986186 0.7226800919 0.6415067315 -0.2494914979 0.5916693211 -0.7666037679
204.1 302.1 2638.7 0.2727183104 0.6968904138 0.6633012295 -0.9568876028 0.2681010365 0.1117497385 -0.0999544263 -0.6651809216 0.7399618030
274.7 54.3 2612.9 -0.0410726033 0.6958876848 0.7169751525 -0.9525161982 0.1894098073 -0.2384047359 -0.3017050326 -0.6927223802 0.6550647020
12.6 -110.8 2713.1 0.8565900922 0.0157626886 0.5157566071 -0.0497484840 0.9973998070 0.0521415621 -0.5135936737 -0.0703220591 0.8551470041
6.4 -507.4 2741.1 0.8575074077 0.0014046422 0.5144697428 -0.0969287679 0.9825289845 0.1588762552 -0.5052582622 -0.1861044914 0.8426619768
183.3 -98.1 2647.1 0.8506039381 -0.0271266289 0.5251067281 0.0683677495 0.9958962798 -0.0592995100 -0.5213432312 0.0863407627 0.8489679098
194.1 -493.9 2612.8 0.8548741937 -0.1368384659 0.5004651546 0.0403368659 0.9792026877 0.1988343149 -0.5172649622 -0.1497911215 0.8426147103
-76.4 304.7 2709.8 0 0 0 0 0 0 0 0 0
263.4 -208.0 2529.8 0 0 0 0 0 0 0 0 0
6.0 -767.5 2790.4 0 0 0 0 0 0 0 0 0
230.4 -753.8 2652.6 0 0 0 0 0 0 0 0 0
63.5 493.5 2695.1 2 0.9262889624 -0.0580067001 0.3723224699 0.0625586137 0.9980412722 -0.0001457649 -0.3715847433 0.0234270003 0.9281033874
75.0 295.0 2690.4 0.9262889624 -0.0580067001 0.3723224699 0.0625586137 0.9980412722 -0.0001457649 -0.3715847433 0.0234270003 0.9281033874
86.1 96.6 2685.7 0.9263955355 -0.0557855666 0.3723967373 0.0606889650 0.9981556535 -0.0014481985 -0.3716291189 0.0239419769 0.9280725121
-55.4 286.5 2742.7 0.9270693064 -0.3351010680 -0.1680768430 0.1420169771 0.7288425565 -0.6697908044 0.3469491601 0.5970727205 0.7232775688
-289.2 250.7 2655.2 -0.9369087219 -0.3484846652 0.0275771320 -0.2509236634 0.7253412008 0.6410284042 -0.2433913946 0.5936653614 -0.7670215368
205.4 303.6 2638.1 0.2643452287 0.6955056787 0.6681268215 -0.9595535994 0.2592356205 0.1097898781 -0.0968427733 -0.6701259017 0.7359026670
274.3 53.5 2612.9 -0.0400216654 0.6944076419 0.7184680104 -0.9514674544 0.1930971593 -0.2396313399 -0.3051359653 -0.6931893826 0.6529781818
13.2 -110.3 2714.2 0.8530111909 0.0208882112 0.5214744806 -0.0517166331 0.9976638556 0.0446339250 -0.5193238854 -0.0650421381 0.8520987034
4.9 -506.9 2740.1 0.8540526628 -0.0039262888 0.5201717019 -0.0959784687 0.9816136956 0.1649931520 -0.5112554431 -0.1908381283 0.8379729390
183.6 -97.9 2647.1 0.8477010727 -0.0252420511 0.5298733115 0.0623258427 0.9966883063 -0.0522298962 -0.5268000960 0.0773001388 0.8464669585
193.6 -494.1 2616.4 0.8490520120 -0.1464701593 0.5075994134 0.0535214469 0.9797037244 0.1931737065 -0.5255912542 -0.1368470639 0.8396586776
-74.6 308.2 2711.0 0 0 0 0 0 0 0 0 0
263.3 -208.6 2528.8 0 0 0 0 0 0 0 0 0
6.0 -767.3 2790.7 0 0 0 0 0 0 0 0 0
231.9 -750.2 2652.2 0 0 0 0 0 0 0 0 0
64.6 493.7 2696.4 3 0.9201145172 -0.0553087629 0.3877244592 0.0621269867 0.9980553985 -0.0050621810 -0.3866905272 0.0287459400 0.9217613935
75.7 294.9 2690.7 0.9201145172 -0.0553087629 0.3877244592 0.0621269867 0.9980553985 -0.0050621810 -0.3866905272 0.0287459400 0.9217613935
86.0 96.4 2685.1 0.9202940464 -0.0519363619 0.3877647519 0.0587849468 0.9982537627 -0.0058122049 -0.3867857456 0.0281436685 0.9217400551
-53.8 286.6 2745.1 0.9331960678 -0.3226223588 -0.1583032906 0.1377430260 0.7279762030 -0.6716230512 0.3319216371 0.6049507856 0.7237834930
-289.2 251.8 2661.4 -0.9416806698 -0.3360787034 0.0169889815 -0.2469700873 0.7245296240 0.6434769630 -0.2285679281 0.6017540693 -0.7652769089
205.2 303.1 2636.3 0.2661271095 0.6863436103 0.6768373847 -0.9596515894 0.2547888458 0.1189600304 -0.0908031687 -0.6811865568 0.7264569402
274.2 54.2 2612.7 -0.0399371535 0.6851874590 0.7272710800 -0.9517394900 0.1955748647 -0.2365214527 -0.3042974770 -0.7016186118 0.6443092227
12.2 -107.4 2715.0 0.8442435861 0.0166517738 0.5357009172 -0.0445675477 0.9982367158 0.0392074250 -0.5341034532 -0.0569754913 0.8434970379
5.6 -504.3 2737.7 0.8459139466 -0.0026471445 0.5333128572 -0.1033361554 0.9802232385 0.1687720120 -0.5232124329 -0.1978770941 0.8289109468
182.2 -96.3 2646.8 0.8386217952 -0.0296676923 0.5439055562 0.0776936263 0.9948214293 -0.0655288622 -0.5391448140 0.0972119272 0.8365839720
194.0 -491.7 2608.2 0.8467110991 -0.1359788179 0.5143831968 0.0276313126 0.9767231345 0.2127167434 -0.5313349962 -0.1658965349 0.8307595849
-73.5 308.4 2713.8 0 0 0 0 0 0 0 0 0
263.2 -207.9 2528.9 0 0 0 0 0 0 0 0 0
6.3 -765.0 2790.3 0 0 0 0 0 0 0 0 0
230.6 -754.7 2652.8 0 0 0 0 0 0 0 0 0
63.0 493.1 2694.6 4 0.9209784269 -0.0618521757 0.3846726716 0.0643553734 0.9979066849 0.0063763079 -0.3842618167 0.0188833103 0.9230310321
75.4 294.0 2690.8 0.9209784269 -0.0618521757 0.3846726716 0.0643553734 0.9979066849 0.0063763079 -0.3842618167 0.0188833103 0.9230310321
86.6 95.6 2685.7 0.9211058617 -0.0566309690 0.3851713240 0.0622086897 0.9980611205 -0.0020240911 -0.3843098879 0.0258254055 0.9228428602
-54.2 285.3 2744.9 0.9316071868 -0.3276866674 -0.1572562605 0.1427638829 0.7277829051 -0.6707835197 0.3342552483 0.6024562120 0.7247895598
-289.2 249.2 2660.6 -0.9398834109 -0.3411110938 0.0161974467 -0.2517963052 0.7242692113 0.6418977380 -0.2306897491 0.5992305875 -0.7666191459
205.0 302.8 2636.7 0.2677972317 0.6880152225 0.6744773388 -0.9596002102 0.2531870902 0.1227346063 -0.0863256678 -0.6800965667 0.7280223370
274.4 54.0 2614.4 -0.0409828052 0.6867945194 0.7256953120 -0.9498652816 0.1985356361 -0.2415357083 -0.3099617660 -0.6992115974 0.6442257762
11.9 -107.5 2715.0 0.8458336592 0.0237245187 0.5329188704 -0.0484032594 0.9983028173 0.0323817655 -0.5312461853 -0.0531845987 0.8455464840
2.4 -504.4 2736.2 0.8475109935 -0.0152805699 0.5305578113 -0.0949266851 0.9791059494 0.1798346937 -0.5222203135 -0.2027759701 0.8283525109
180.7 -96.7 2644.0 0.8399859667 -0.0357833020 0.5414269567 0.0745677426 0.9959685802 -0.0498623289 -0.5374599695 0.0822566375 0.8392679095
194.9 -492.6 2611.3 0.8470460176 -0.1373712122 0.5134610534 0.0305210073 0.9770014882 0.2110368162 -0.5306425691 -0.1630865484 0.8317579031
-73.9 306.9 2713.5 0 0 0 0 0 0 0 0 0
263.1 -207.6 2529.0 0 0 0 0 0 0 0 0 0
6.5 -765.0 2790.1 0 0 0 0 0 0 0 0 0
231.5 -752.8 2654.8 0 0 0 0 0 0 0 0 0
64.0 494.3 2694.7 5 0.9263550043 -0.0570855998 0.3723004758 0.0609576516 0.9981393814 0.0013724442 -0.3716861010 0.0214231927 0.9281112552
75.3 295.3 2690.4 0.9263550043 -0.0570855998 0.3723004758 0.0609576516 0.9981393814 0.0013724442 -0.3716861010 0.0214231927 0.9281112552
86.0 96.8 2685.6 0.9264875650 -0.0534229018 0.3725140691 0.0585623384 0.9982806444 -0.0024864289 -0.3717407584 0.0241189413 0.9280232191
-55.0 287.1 2742.7 0.9274501204 -0.3333107531 -0.1695293039 0.1398009807 0.7295291424 -0.6695094705 0.3468312621 0.5972362757 0.7231990695
-289.0 251.8 2655.3 -0.9375268817 -0.3467056751 0.0289571919 -0.2487019897 0.7260589004 0.6410817504 -0.2432913035 0.5938296914 -0.7669261098
205.7 303.5 2638.1 0.2637129128 0.6956880689 0.6681868434 -0.9596979618 0.2589835823 0.1091206446 -0.0971354842 -0.6700340509 0.7359477282
274.3 54.0 2612.9 -0.0400331393 0.6946206093 0.7182614803 -0.9528803825 0.1897828728 -0.2366462648 -0.3006930947 -0.6938909292 0.6542927623
13.4 -108.5 2715.8 0.8528338671 0.0238142759 0.5216390491 -0.0520443246 0.9978619814 0.0395327061 -0.5195823312 -0.0608631782 0.8522499204
3.9 -505.3 2740.0 0.8539285660 -0.0127126081 0.5202349424 -0.0892857462 0.9812979698 0.1705354601 -0.5126734376 -0.1920746714 0.8368232846
182.4 -97.1 2645.3 0.8475123048 -0.0304268319 0.5299029350 0.0710739493 0.9958701134 -0.0564912483 -0.5259956121 0.0855393261 0.8461747169
194.5 -493.0 2611.3 0.8534041643 -0.1371116936 0.5028933287 0.0335878469 0.9772437811 0.2094431072 -0.5201665163 -0.1618485153 0.8385891914
-74.2 308.8 2711.0 0 0 0 0 0 0 0 0 0
263.3 -208.4 2530.0 0 0 0 0 0 0 0 0 0
7.3 -764.8 2790.8 0 0 0 0 0 0 0 0 0
231.1 -753.9 2654.5 0 0 0 0 0 0 0 0 0
61.1 487.7 2695.2 6 0.9311342835 -0.0654831305 0.3587491214 0.0700524673 0.9975432754 0.0002620377 -0.3578849435 0.0248872694 0.9334339499
74.1 289.4 2690.3 0.9311342835 -0.0654831305 0.3587491214 0.0700524673 0.9975432754 0.0002620377 -0.3578849435 0.0248872694 0.9334339499
86.5 91.0 2685.1 0.9313000441 -0.0622775182 0.3588896096 0.0674635917 0.9977198839 -0.0019318657 -0.3579509854 0.0260111280 0.9333780408
-56.9 279.9 2740.7 0.9210479856 -0.3482049108 -0.1744244844 0.1466461122 0.7249991894 -0.6729569435 0.3607845306 0.5942469835 0.7188220024
-289.2 242.9 2649.7 -0.9317163825 -0.3615213633 0.0347403698 -0.2559322715 0.7214246988 0.6434633136 -0.2576883137 0.5906341672 -0.7646881938
205.2 298.9 2639.9 0.2705965936 0.7017686963 0.6590130329 -0.9567840695 0.2717729509 0.1034589186 -0.1064976826 -0.6585288048 0.7449819446
274.2 54.6 2612.7 -0.0402570777 0.7008856535 0.7121366858 -0.9511236548 0.1915123463 -0.2422536463 -0.3061750829 -0.6870824695 0.6589191556
11.6 -107.0 2714.9 0.8605461121 0.0169046074 0.5090919733 -0.0565385260 0.9964433312 0.0624828637 -0.5062250495 -0.0825526938 0.8584411740
4.9 -503.1 2747.7 0.8608636856 -0.0090026204 0.5087560415 -0.0749507248 0.9866937995 0.1442836672 -0.5032853484 -0.1623402089 0.8487340808
181.6 -96.2 2646.7 0.8547319770 -0.0299546272 0.5182045698 0.0728318319 0.9953781962 -0.0625920966 -0.5139346123 0.0912412554 0.8529632092
193.5 -492.0 2610.4 0.8590305448 -0.1479103267 0.4900908172 0.0465444699 0.9759514928 0.2129608840 -0.5098039508 -0.1601288915 0.8452565670
-75.8 301.5 2708.7 0 0 0 0 0 0 0 0 0
263.1 -207.4 2528.4 0 0 0 0 0 0 0 0 0
7.2 -763.8 2790.6 0 0 0 0 0 0 0 0 0
232.4 -748.8 2652.6 0 0 0 0 0 0 0 0 0
64.8 492.2 2696.0 7 0.9311187863 -0.0608738959 0.3595999479 0.0650751591 0.9978802800 0.0004231252 -0.3588634729 0.0230070446 0.9331064820
77.0 293.7 2691.4 0.9311187863 -0.0608738959 0.3595999479 0.0650751591 0.9978802800 0.0004231252 -0.3588634729 0.0230070446 0.9331064820
88.2 95.2 2686.7 0.9313381910 -0.0565198697 0.3597425222 0.0613451302 0.9981145859 -0.0020007528 -0.3589511812 0.0239318293 0.9330495000
-54.1 285.0 2741.9 0.9222109914 -0.3434802890 -0.1776179820 0.1421208382 0.7282561064 -0.6704063416 0.3596227467 0.5930129290 0.7204215527
-286.7 249.2 2651.2 -0.9334131479 -0.3568137884 0.0377340615 -0.2511114180 0.7247523665 0.6416206360 -0.2562869489 0.5894216895 -0.7660933733
208.0 302.3 2640.9 0.2526027560 0.7037180662 0.6640577316 -0.9609568715 0.2625685036 0.0872908086 -0.1129325330 -0.6601807475 0.7425682545
274.1 50.9 2611.4 -0.0404344127 0.7026768327 0.7103592753 -0.9510744810 0.1908759773 -0.2429478467 -0.3063043356 -0.6854280829 0.6605800390
13.4 -113.5 2712.8 0.8596854210 0.0241031889 0.5102548003 -0.0646725968 0.9959840178 0.0619135685 -0.5067133307 -0.0862256959 0.8577917814
3.8 -509.5 2747.1 0.8598402143 -0.0104686683 0.5104558468 -0.0749060661 0.9863846302 0.1464051902 -0.5050384402 -0.1641213000 0.8473489881
184.3 -101.1 2647.1 0.8547490239 -0.0265172645 0.5183637738 0.0631966367 0.9965807199 -0.0532264598 -0.5151799321 0.0782541111 0.8535021544
194.8 -497.3 2616.0 0.8567619920 -0.1418472826 0.4958207607 0.0498476103 0.9797055721 0.1941448450 -0.5132972598 -0.1416204423 0.8464452624
-72.9 306.7 2709.9 0 0 0 0 0 0 0 0 0
263.0 -211.0 2527.0 0 0 0 0 0 0 0 0 0
6.6 -768.9 2790.2 0 0 0 0 0 0 0 0 0
231.9 -753.1 2653.0 0 0 0 0 0 0 0 0 0
71.0 497.2 2704.9 8 0.9261647463 -0.0467983931 0.3742042482 0.0610675514 0.9977855086 -0.0263595395 -0.3721419871 0.0472650118 0.9269716144
80.3 298.9 2695.5 0.9261647463 -0.0467983931 0.3742042482 0.0610675514 0.9977855086 -0.0263595395 -0.3721419871 0.0472650118 0.9269716144
89.4 100.5 2687.5 0.9263114333 -0.0461640656 0.3739198148 0.0579177998 0.9981158972 -0.0202525575 -0.3722803593 0.0404167883 0.9272398949
-50.1 290.7 2747.9 0.9289995432 -0.3270750642 -0.1731524169 0.1275083423 0.7221134901 -0.6799218655 0.3474211693 0.6095687151 0.7125478983
-284.4 258.6 2660.3 -0.9396925569 -0.3404918909 0.0322983898 -0.2380000055 0.7187969685 0.6532127261 -0.2456296384 0.6061321497 -0.7564852238
210.6 307.1 2643.1 0.2404966801 0.6982502937 0.6742461324 -0.9631864429 0.2576496899 0.0767363459 -0.1201381385 -0.6678795815 0.7345091105
274.0 53.1 2611.4 -0.0397032313 0.6971815825 0.7157943249 -0.9518890381 0.1914544255 -0.2392748296 -0.3038599789 -0.6908567548 0.6560381651
14.0 -108.8 2714.9 0.8510925770 0.0274433959 0.5242979527 -0.0670343488 0.9961397052 0.0566757545 -0.5207185745 -0.0833822787 0.8496466875
3.1 -504.9 2748.0 0.8511735201 -0.0134400288 0.5247122645 -0.0721452683 0.9871882796 0.1423179507 -0.5199025869 -0.1589927822 0.8392989039
184.9 -97.5 2649.0 0.8473853469 -0.0226347372 0.5304957628 0.0619851537 0.9964768887 -0.0564949326 -0.5273479819 0.0807558373 0.8458029032
193.9 -493.7 2616.9 0.8487231731 -0.1455882490 0.5084024072 0.0532111451 0.9799897671 0.1918037087 -0.5261535048 -0.1357355714 0.8394869566
-69.1 313.1 2716.5 0 0 0 0 0 0 0 0 0
263.1 -209.1 2527.7 0 0 0 0 0 0 0 0 0
6.7 -770.2 2790.7 0 0 0 0 0 0 0 0 0
232.2 -751.5 2652.6 0 0 0 0 0 0 0 0 0
70.3 499.9 2710.8 9 0.9175269008 -0.0379958116 0.3958543837 0.0577290542 0.9976068139 -0.0380520672 -0.3934612274 0.0577660948 0.9175245762
77.9 301.4 2699.3 0.9175269008 -0.0379958116 0.3958543837 0.0577290542 0.9976068139 -0.0380520672 -0.3934612274 0.0577660948 0.9175245762
85.4 103.0 2688.8 0.9175865650 -0.0381926037 0.3956971467 0.0561666302 0.9978445768 -0.0339336805 -0.3935482502 0.0533620641 0.9177539349
-51.2 293.4 2754.7 0.9378610849 -0.3074732721 -0.1608624905 0.1171508059 0.7168965936 -0.6872662902 0.3266377747 0.6257151365 0.7083702087
-287.7 263.9 2672.4 -0.9468909502 -0.3210044801 0.0188067183 -0.2288044244 0.7137073874 0.6620199084 -0.2259338349 0.6225575805 -0.7492502928
207.0 309.3 2644.0 0.2580005229 0.6818860769 0.6844465733 -0.9585751891 0.2691715360 0.0931681022 -0.1207034811 -0.6801308990 0.7230855227
274.6 58.2 2612.3 -0.0416852757 0.6807171702 0.7313593626 -0.9521245956 0.1948169768 -0.2355953157 -0.3028549850 -0.7061660290 0.6400065422
13.6 -103.2 2713.6 0.8380036950 0.0220288392 0.5452197194 -0.0658873096 0.9959590435 0.0610285886 -0.5416721106 -0.0870652422 0.8360687494
4.8 -499.2 2748.2 0.8381359577 -0.0056275101 0.5454323888 -0.0780278519 0.9884259701 0.1300992221 -0.5398516655 -0.1515997499 0.8279961944
183.5 -92.5 2645.3 0.8348190784 -0.0298903380 0.5497123599 0.0721872300 0.9958469868 -0.0554782450 -0.5457711220 0.0859965086 0.8335097432
195.4 -488.5 2611.1 0.8428850770 -0.1308231056 0.5219483376 0.0207173768 0.9771661162 0.2114644796 -0.5376946330 -0.1674268544 0.8263490200
-70.9 316.3 2724.1 0 0 0 0 0 0 0 0 0
263.1 -204.0 2528.9 0 0 0 0 0 0 0 0 0
6.4 -770.0 2789.8 0 0 0 0 0 0 0 0 0
231.3 -756.5 2657.0 0 0 0 0 0 0 0 0 0
69.1 499.7 2704.3 0 0.9278240204 -0.0420942307 0.3706354797 0.0548350178 0.9982093573 -0.0239005517 -0.3689657152 0.0424993075 0.9284708500
77.5 300.7 2695.8 0.9278240204 -0.0420942307 0.3706354797 0.0548350178 0.9982093573 -0.0239005517 -0.3689657152 0.0424993075 0.9284708500
85.0 102.3 2687.4 0.9279888868 -0.0376642197 0.3706993163 0.0507073775 0.9983879924 -0.0254987869 -0.3691413403 0.0424597822 0.9284028411
-53.0 293.6 2747.8 0.9288981557 -0.3229420483 -0.1812639087 0.1188785955 0.7235757113 -0.6799309254 0.3507364690 0.6100381613 0.7105190754
-287.2 263.6 2659.3 -0.9408537745 -0.3364047110 0.0403247662 -0.2295192182 0.7203732729 0.6545099616 -0.2492291182 0.6065428257 -0.7549772859
208.1 307.9 2643.9 0.2573815882 0.6957618594 0.6705744863 -0.9571352601 0.2789600790 0.0779320225 -0.1328413785 -0.6618887186 0.7377374172
274.3 61.6 2609.7 -0.0401034653 0.6953617930 0.7175400257 -0.9567150474 0.1804417670 -0.2283355594 -0.2882500291 -0.6956383586 0.6580267549
8.8 -100.5 2714.3 0.8526614308 0.0109449970 0.5223492384 -0.0478225797 0.9972184896 0.0571684875 -0.5202706456 -0.0737254471 0.8508131504
4.5 -496.9 2743.6 0.8536525965 -0.0078732716 0.5207833052 -0.0870755687 0.9836560488 0.1576027572 -0.5135124922 -0.1798855066 0.8390150070
177.1 -90.1 2642.1 0.8491010070 -0.0404081717 0.5266826749 0.0736310259 0.9963897467 -0.0422605425 -0.5230735540 0.0746636540 0.8490108252
193.2 -486.2 2612.4 0.8555596471 -0.1358640343 0.4995584488 0.0326328687 0.9771835208 0.2098748088 -0.5166747570 -0.1632583886 0.8404724598
-71.8 316.2 2716.4 0 0 0 0 0 0 0 0 0
263.3 -201.9 2530.3 0 0 0 0 0 0 0 0 0
6.7 -771.5 2793.8 0 0 0 0 0 0 0 0 0
230.5 -754.8 2657.3 0 0 0 0 0 0 0 0 0
66.9 495.9 2699.5 1 0.9346076250 -0.0452695936 0.3527877629 0.0543693416 0.9983939528 -0.0159220770 -0.3515003920 0.0340617336 0.9355679154
75.9 297.1 2692.8 0.9346076250 -0.0452695936 0.3527877629 0.0543693416 0.9983939528 -0.0159220770 -0.3515003920 0.0340617336 0.9355679154
83.7 98.6 2685.7 0.9348013401 -0.0398060903 0.3529332578 0.0498220511 0.9985709190 -0.0193365682 -0.3516591489 0.0356597081 0.9354486465
-55.6 290.1 2742.2 0.9218674898 -0.3354795575 -0.1939428747 0.1222947612 0.7267889380 -0.6758859754 0.3677014410 0.5993590951 0.7110304832
-288.1 259.3 2649.5 -0.9356208444 -0.3488650322 0.0539145358 -0.2323334068 0.7235475183 0.6500000954 -0.2657720447 0.5956275463 -0.7580191493
207.4 304.2 2643.3 0.2609668076 0.7083336115 0.6558657289 -0.9578749537 0.2743777633 0.0848078802 -0.1198826879 -0.6503694057 0.7500985265
274.2 58.8 2612.6 -0.0401893035 0.7076015472 0.7054678202 -0.9512352943 0.1890121400 -0.2437740713 -0.3058368862 -0.6808630228 0.6654993296
7.3 -100.8 2712.8 0.8625546694 0.0060123210 0.5059281588 -0.0440585651 0.9970236421 0.0632668808 -0.5040419102 -0.0768616050 0.8602523208
4.9 -497.2 2743.4 0.8636818528 -0.0042370749 0.5040195584 -0.0897590593 0.9826883078 0.1620710641 -0.4959808588 -0.1852181703 0.8483496904
177.5 -91.5 2645.1 0.8586871624 -0.0361445285 0.5112239122 0.0754693225 0.9955531955 -0.0563759655 -0.5069129467 0.0869910419 0.8575965762
191.9 -487.3 2610.5 0.8642442822 -0.1429590881 0.4823323190 0.0412109420 0.9756696224 0.2153380662 -0.5013815165 -0.1662273407 0.8491083980
-73.8 312.5 2710.4 0 0 0 0 0 0 0 0 0
263.2 -203.2 2528.4 0 0 0 0 0 0 0 0 0
6.1 -768.0 2794.4 0 0 0 0 0 0 0 0 0
231.0 -754.4 2656.1 0 0 0 0 0 0 0 0 0
58.1 497.1 2707.2 2 0.9189460278 -0.0659549162 0.3888292015 0.0809046924 0.9964749813 -0.0221810080 -0.3859956264 0.0518412553 0.9210427999
71.2 299.1 2696.9 0.9189460278 -0.0659549162 0.3888292015 0.0809046924 0.9964749813 -0.0221810080 -0.3859956264 0.0518412553 0.9210427999
83.2 101.0 2687.1 0.9193254113 -0.0606987551 0.3887884915 0.0749340281 0.9969558120 -0.0215406958 -0.3862974644 0.0489363968 0.9210751653
-58.0 288.5 2751.2 0.9321801662 -0.3288090825 -0.1514092535 0.1395267546 0.7123057246 -0.6878610253 0.3340246379 0.6200847626 0.7098749280
-292.9 253.4 2667.0 -0.9395431876 -0.3422735631 0.0103626037 -0.2509397268 0.7087913156 0.6592754722 -0.2329974920 0.6168174148 -0.7518301010
200.4 309.6 2642.6 0.2767878175 0.6807757616 0.6781834960 -0.9532922506 0.2833447754 0.1046404466 -0.1209230646 -0.6754702926 0.7274046540
274.2 55.6 2610.3 -0.0440279394 0.6797184348 0.7321505547 -0.9529324174 0.1914755404 -0.2350679189 -0.2999689281 -0.7080395222 0.6392954588
5.9 -104.5 2710.9 0.8435690999 0.0083287563 0.5369560719 -0.0464839749 0.9972593784 0.0575587377 -0.5350050926 -0.0735146254 0.8416443467
2.6 -501.0 2740.1 0.8450648189 -0.0109647224 0.5345514417 -0.0936056599 0.9813141823 0.1681085825 -0.5264061689 -0.1920996904 0.8282477260
177.4 -95.3 2646.4 0.8376158476 -0.0371718220 0.5449935794 0.0824395716 0.9948570728 -0.0588484704 -0.5400031805 0.0942214429 0.8363724351
192.1 -490.8 2608.9 0.8463998437 -0.1422797292 0.5131898522 0.0305276308 0.9750280976 0.2199734747 -0.5316722393 -0.1705190390 0.8296070695
-77.9 310.8 2720.3 0 0 0 0 0 0 0 0 0
262.1 -206.8 2527.7 0 0 0 0 0 0 0 0 0
5.6 -768.3 2792.4 0 0 0 0 0 0 0 0 0
230.6 -754.6 2655.0 0 0 0 0 0 0 0 0 0
59.0 496.1 2701.5 3 0.9303299189 -0.0655656159 0.3608148396 0.0745258182 0.9971588850 -0.0109592704 -0.3590711653 0.0370857567 0.9325730801
72.0 297.6 2694.1 0.9303299189 -0.0655656159 0.3608148396 0.0745258182 0.9971588850 -0.0109592704 -0.3590711653 0.0370857567 0.9325730801
84.2 99.4 2686.8 0.9305898547 -0.0613639988 0.3608836532 0.0704418346 0.9974431992 -0.0120408563 -0.3592220843 0.0366264060 0.9325330853
-58.8 287.7 2744.6 0.9218580127 -0.3466635644 -0.1732112169 0.1425387859 0.7189509869 -0.6802883148 0.3603615463 0.6024399400 0.7121837139
-291.1 251.7 2653.8 -0.9323418140 -0.3600286841 0.0334372856 -0.2528996468 0.7154087424 0.6513310671 -0.2584191859 0.5988069177 -0.7580565810
202.9 307.6 2643.6 0.2833386064 0.6929285526 0.6630001664 -0.9487903118 0.3032453954 0.0885391906 -0.1397004128 -0.6541346908 0.7433650494
275.0 66.1 2608.0 -0.0445698984 0.6934666038 0.7191088796 -0.9591601491 0.1715642065 -0.2248946130 -0.2793302536 -0.6997641325 0.6574988961
10.9 -104.1 2712.7 0.8592499495 0.0170291886 0.5112724900 -0.0522894338 0.9971346259 0.0546661541 -0.5088765621 -0.0737060383 0.8576782942
4.2 -500.5 2742.0 0.8601043224 -0.0082198726 0.5100519657 -0.0877424777 0.9825844169 0.1637958586 -0.5025154948 -0.1856347471 0.8444038630
179.4 -90.3 2641.9 0.8535614610 -0.0335575342 0.5199102759 0.0759908110 0.9952703118 -0.0605181642 -0.5154204369 0.0911643803 0.8520744443
192.8 -486.0 2605.6 0.8617372513 -0.1381303817 0.4881894290 0.0263447370 0.9731092453 0.2288326919 -0.5066703558 -0.1843324304 0.8422034383
-77.7 309.6 2712.9 0 0 0 0 0 0 0 0 0
262.7 -198.0 2531.1 0 0 0 0 0 0 0 0 0
6.4 -767.0 2792.3 0 0 0 0 0 0 0 0 0
231.4 -758.0 2657.1 0 0 0 0 0 0 0 0 0
64.3 497.7 2707.6 4 0.9242174029 -0.0575446039 0.3775060475 0.0736443102 0.9968818426 -0.0283390973 -0.3746981621 0.0539926589 0.9255733490
75.8 299.6 2696.9 0.9242174029 -0.0575446039 0.3775060475 0.0736443102 0.9968818426 -0.0283390973 -0.3746981621 0.0539926589 0.9255733490
86.4 101.4 2687.7 0.9245708585 -0.0538694784 0.3771827519 0.0673175231 0.9974766970 -0.0225521047 -0.3750161529 0.0462420285 0.9258642197
-54.3 290.1 2749.6 0.9290770888 -0.3308796883 -0.1653311551 0.1330586374 0.7160272598 -0.6852739453 0.3451248407 0.6146736145 0.7092708945
-288.5 256.6 2662.6 -0.9385337830 -0.3443132639 0.0245512482 -0.2442272007 0.7126132846 0.6576742530 -0.2439415008 0.6112533808 -0.7529022694
205.8 309.1 2644.2 0.2598730326 0.6872929931 0.6783025265 -0.9542872310 0.2901967764 0.0715658441 -0.1476545036 -0.6658934951 0.7312892675
273.9 59.0 2605.4 -0.0368827507 0.6875640154 0.7251864672 -0.9579414725 0.1823314428 -0.2215927392 -0.2845834792 -0.7028591633 0.6519212127
11.0 -105.4 2712.4 0.8498125672 0.0139816720 0.5268995762 -0.0509287231 0.9971489310 0.0556805506 -0.5246188045 -0.0741523504 0.8481017351
5.4 -501.8 2741.9 0.8508130908 -0.0022160320 0.5254637599 -0.0961742997 0.9824426770 0.1598653942 -0.5165923238 -0.1865516752 0.8356619477
181.6 -92.4 2646.5 0.8448884487 -0.0262167938 0.5342997313 0.0728435963 0.9951333404 -0.0663588420 -0.5299597383 0.0949861333 0.8426863551
192.0 -488.1 2608.8 0.8503795266 -0.1460929811 0.5054814219 0.0395130701 0.9756994843 0.2155207545 -0.5246840119 -0.1633013338 0.8354874849
-73.6 312.5 2718.5 0 0 0 0 0 0 0 0 0
263.8 -204.8 2527.1 0 0 0 0 0 0 0 0 0
6.0 -766.8 2792.2 0 0 0 0 0 0 0 0 0
231.5 -751.5 2652.9 0 0 0 0 0 0 0 0 0
62.5 496.4 2711.7 5 0.9207373261 -0.0620916300 0.3852109015 0.0801118240 0.9963070750 -0.0308911651 -0.3818702698 0.0593025982 0.9223113656
74.8 298.3 2699.9 0.9207373261 -0.0620916300 0.3852109015 0.0801118240 0.9963070750 -0.0308911651 -0.3818702698 0.0593025982 0.9223113656
86.3 100.2 2689.2 0.9210944772 -0.0578499921 0.3850172460 0.0741760433 0.9968611002 -0.0276733954 -0.3822078407 0.0540488698 0.9224944115
-54.8 287.9 2753.7 0.9313547611 -0.3287838399 -0.1564590931 0.1345362365 0.7100281715 -0.6912018657 0.3383463621 0.6227047443 0.7055214643
-289.6 254.0 2668.4 -0.9394943118 -0.3422156870 0.0154536981 -0.2464665025 0.7065854073 0.6633183956 -0.2379173189 0.6193750501 -0.7481777072
204.4 308.8 2646.1 0.2673604488 0.6815001965 0.6812311411 -0.9524263740 0.2942311764 0.0794481039 -0.1462955624 -0.6700637937 0.7277445197
274.1 60.7 2608.0 -0.0386531502 0.6814243793 0.7308671474 -0.9553301334 0.1892657429 -0.2269862741 -0.2930020690 -0.7069931626 0.6436695457
12.3 -103.1 2712.9 0.8454272151 0.0159253329 0.5338531733 -0.0575228557 0.9964561462 0.0613698587 -0.5309839249 -0.0825925097 0.8433472514
6.0 -499.3 2745.7 0.8457718492 -0.0004671804 0.5335444808 -0.0851917490 0.9870516062 0.1359097809 -0.5266994834 -0.1604022533 0.8347806931
181.9 -90.7 2644.1 0.8404521346 -0.0311323386 0.5409907699 0.0687842742 0.9964017868 -0.0495194644 -0.5375025272 0.0788303986 0.8395694494
194.2 -486.8 2612.8 0.8450747728 -0.1421617866 0.5154014826 0.0395939536 0.9779947996 0.2048376948 -0.5331800580 -0.1526963860 0.8321074843
-74.5 310.4 2722.9 0 0 0 0 0 0 0 0 0
263.4 -202.4 2527.3 0 0 0 0 0 0 0 0 0
6.1 -765.1 2788.9 0 0 0 0 0 0 0 0 0
232.9 -752.6 2654.3 0 0 0 0 0 0 0 0 0
65.0 497.1 2703.7 6 0.9285871387 -0.0630031526 0.3657273352 0.0726939216 0.9972724915 -0.0127727203 -0.3639250994 0.0384467393 0.9306343794
77.5 298.3 2696.1 0.9285871387 -0.0630031526 0.3657273352 0.0726939216 0.9972724915 -0.0127727203 -0.3639250994 0.0384467393 0.9306343794
88.7 100.0 2688.3 0.9289501309 -0.0562668592 0.3659040034 0.0666232258 0.9976542592 -0.0157275740 -0.3641607463 0.0389878377 0.9305197001
-53.1 288.9 2747.3 0.9245620370 -0.3396308720 -0.1727305651 0.1370668560 0.7194289565 -0.6809071898 0.3555244803 0.6058653593 0.7117089033
-286.3 254.4 2657.7 -0.9350557923 -0.3530012965 0.0325682461 -0.2475568652 0.7159714699 0.6527637243 -0.2537443936 0.6023080349 -0.7568611503
208.2 307.7 2644.9 0.2579028308 0.6947693229 0.6714028120 -0.9552873969 0.2873775959 0.0695710182 -0.1446103305 -0.6593251824 0.7378198504
274.3 62.8 2607.8 -0.0406710654 0.6944990754 0.7183431387 -0.9552905560 0.1836932302 -0.2316823900 -0.2928579748 -0.6956492066 0.6559774280
13.3 -104.8 2713.5 0.8562551737 0.0227335636 0.5160526037 -0.0552340560 0.9973328710 0.0477112532 -0.5135915875 -0.0693566874 0.8552270532
4.2 -501.3 2741.0 0.8568813801 -0.0078853257 0.5154533386 -0.0849107951 0.9840676188 0.1562084705 -0.5084726810 -0.1776196808 0.8425596952
182.2 -91.2 2643.4 0.8512967825 -0.0261235163 0.5240337849 0.0665290430 0.9960726500 -0.0584218875 -0.5204495192 0.0845978260 0.8496913910
192.6 -487.2 2609.7 0.8551898599 -0.1520984173 0.4954960942 0.0431962311 0.9735638499 0.2242934704 -0.5165117383 -0.1704099476 0.8391519785
-72.1 311.1 2715.8 0 0 0 0 0 0 0 0 0
263.1 -200.3 2527.1 0 0 0 0 0 0 0 0 0
6.4 -767.3 2789.1 0 0 0 0 0 0 0 0 0
234.0 -752.3 2656.1 0 0 0 0 0 0 0 0 0
70.9 497.9 2699.3 7 0.9294158816 -0.0456317253 0.3662018776 0.0536275245 0.9984926581 -0.0116857234 -0.3651166260 0.0304993968 0.9304620624
80.0 299.5 2693.2 0.9294158816 -0.0456317253 0.3662018776 0.0536275245 0.9984926581 -0.0116857234 -0.3651166260 0.0304993968 0.9304620624
87.9 101.0 2687.1 0.9296493530 -0.0397409573 0.3662959933 0.0481664129 0.9987427592 -0.0138873532 -0.3652835786 0.0305535328 0.9303947687
-50.8 292.7 2744.6 0.9269511700 -0.3272015154 -0.1835773587 0.1246312782 0.7300601602 -0.6719220281 0.3538764119 0.5999594927 0.7175096869
-284.6 261.3 2655.3 -0.9392221570 -0.3406145871 0.0429346114 -0.2340597659 0.7267998457 0.6457383037 -0.2511527538 0.5964425206 -0.7623507380
210.8 306.3 2641.8 0.2455832660 0.6986570954 0.6719874740 -0.9600310326 0.2713137865 0.0687695369 -0.1342731416 -0.6620174646 0.7373626232
273.9 59.7 2607.3 -0.0388852544 0.6980085373 0.7150328755 -0.9546468854 0.1854398102 -0.2329407036 -0.2951901555 -0.6916618347 0.6591408253
14.6 -104.4 2714.0 0.8554085493 0.0280173328 0.5171955824 -0.0567905083 0.9975890517 0.0398868471 -0.5148311257 -0.0634913519 0.8549372554
3.5 -501.1 2739.2 0.8561316133 -0.0126036098 0.5166041255 -0.0852542892 0.9825587273 0.1652574390 -0.5096767545 -0.1855248362 0.8401250839
185.0 -92.2 2647.2 0.8516035080 -0.0194172785 0.5238267183 0.0675094947 0.9950541258 -0.0728677586 -0.5198210478 0.0974177197 0.8487024307
192.7 -487.8 2608.4 0.8569896221 -0.1459265649 0.4942410588 0.0348320380 0.9732792377 0.2269673944 -0.5141551495 -0.1772932857 0.8391731381
-69.4 314.9 2712.9 0 0 0 0 0 0 0 0 0
263.2 -203.3 2526.0 0 0 0 0 0 0 0 0 0
6.9 -764.8 2789.0 0 0 0 0 0 0 0 0 0
232.5 -753.2 2656.8 0 0 0 0 0 0 0 0 0
69.2 492.7 2697.0 8 0.9224755764 -0.0458007790 0.3833290040 0.0531556979 0.9985491037 -0.0086101126 -0.3823784888 0.0283187386 0.9235717058
78.3 294.3 2691.4 0.9224755764 -0.0458007790 0.3833290040 0.0531556979 0.9985491037 -0.0086101126 -0.3823784888 0.0283187386 0.9235717058
86.2 95.8 2685.9 0.9227266312 -0.0398156717 0.3833931684 0.0472988822 0.9988296628 -0.0101067629 -0.3825420439 0.0274598468 0.9235299230
-51.5 287.7 2745.2 0.9332574606 -0.3164895773 -0.1698965728 0.1264600903 0.7321777940 -0.6692708731 0.3362117708 0.6031168699 0.7233337164
-286.9 255.8 2660.4 -0.9435607791 -0.3299750686 0.0284516513 -0.2355195731 0.7288941741 0.6428403854 -0.2328595370 0.5998580456 -0.7654715776
208.1 301.0 2637.6 0.2558208406 0.6867642999 0.6803752780 -0.9593964219 0.2668495774 0.0913772658 -0.1188032106 -0.6761258245 0.7271448970
273.4 56.2 2607.3 -0.0377681740 0.6858875155 0.7267268300 -0.9528644681 0.1943647265 -0.2329627723 -0.3010363281 -0.7012707591 0.6462170482
10.5 -101.9 2714.6 0.8458477855 0.0171196200 0.5331495404 -0.0565094128 0.9967364073 0.0576472692 -0.5304226279 -0.0788887814 0.8440546989
3.7 -498.2 2745.9 0.8463589549 -0.0085870381 0.5325437188 -0.0822240189 0.9857767820 0.1465718895 -0.5262278914 -0.1678403169 0.8336149454
181.0 -93.1 2647.5 0.8414503932 -0.0285066571 0.5395818353 0.0822718590 0.9937232137 -0.0757993609 -0.5340342522 0.1081738099 0.8385140896
192.4 -488.1 2604.5 0.8503668904 -0.1482520998 0.5048737526 0.0314785242 0.9721034765 0.2324305624 -0.5252478123 -0.1817585826 0.8313113451
-70.8 309.7 2713.8 0 0 0 0 0 0 0 0 0
263.0 -206.3 2524.3 0 0 0 0 0 0 0 0 0
6.0 -764.0 2791.2 0 0 0 0 0 0 0 0 0
232.4 -750.5 2653.6 0 0 0 0 0 0 0 0 0
68.7 497.9 2696.4 9 0.9193066359 -0.0448421650 0.3909788728 0.0514044128 0.9986578822 -0.0063288244 -0.3901703358 0.0259161703 0.9203779101
77.6 299.4 2691.3 0.9193066359 -0.0448421650 0.3909788728 0.0514044128 0.9986578822 -0.0063288244 -0.3901703358 0.0259161703 0.9203779101
85.9 100.9 2686.3 0.9194582105 -0.0415447094 0.3909868002 0.0479002409 0.9988309145 -0.0065120659 -0.3902591467 0.0247159358 0.9203732610
-51.7 292.7 2746.2 0.9357485771 -0.3129265904 -0.1626394391 0.1292764992 0.7334288955 -0.6673601866 0.3281192183 0.6034559011 0.7267590761
-287.7 260.1 2663.4 -0.9449912310 -0.3264268339 0.0209062286 -0.2380304635 0.7301108837 0.6405307651 -0.2243502885 0.6003196239 -0.7676479220
207.0 306.2 2636.3 0.2459949553 0.6836284995 0.6871233582 -0.9626976252 0.2547458112 0.0912023559 -0.1126932576 -0.6839273572 0.7207937241
272.7 49.1 2606.2 -0.0400532447 0.6824564338 0.7298280597 -0.9514986277 0.1969299167 -0.2363662273 -0.3050346076 -0.7038975954 0.6414686441
9.5 -107.1 2715.6 0.8416417837 0.0156802405 0.5398085117 -0.0518034063 0.9973130226 0.0517994836 -0.5375458002 -0.0715605319 0.8401925564
3.2 -503.6 2744.0 0.8426106572 -0.0063429107 0.5384859443 -0.0922096297 0.9834639430 0.1558719277 -0.5305701494 -0.1809929311 0.8280922771
178.8 -98.4 2645.4 0.8366915584 -0.0365797356 0.5464514494 0.0876639113 0.9938471913 -0.0676967502 -0.5406128764 0.1045453697 0.8347502351
193.3 -493.5 2603.8 0.8488268852 -0.1450144351 0.5083933473 0.0202865470 0.9698703885 0.2427754998 -0.5282815695 -0.1957608163 0.8261938691
-71.3 314.6 2714.8 0 0 0 0 0 0 0 0 0
261.7 -213.0 2522.2 0 0 0 0 0 0 0 0 0
4.9 -766.7 2792.4 0 0 0 0 0 0 0 0 0
231.5 -749.3 2655.4 0 0 0 0 0 0 0 0 0
68.4 502.3 2706.6 0 0.9184856415 -0.0456766747 0.3928075433 0.0618362054 0.9976771474 -0.0285765696 -0.3905898035 0.0505368970 0.9191765785
77.5 304.0 2696.5 0.9184856415 -0.0456766747 0.3928075433 0.0618362054 0.9976771474 -0.0285765696 -0.3905898035 0.0505368970 0.9191765785
86.1 105.6 2687.7 0.9186884761 -0.0434077717 0.3925903738 0.0572916642 0.9980758429 -0.0237115864 -0.3908057213 0.0442757159 0.9194077253
-51.8 295.9 2751.5 0.9360854030 -0.3132374585 -0.1600823700 0.1246508285 0.7209104300 -0.6817260385 0.3289471567 0.6181994081 0.7138790488
-287.9 264.5 2668.6 -0.9449398518 -0.3267289102 0.0183560122 -0.2354006916 0.7176305056 0.6554334164 -0.2273218930 0.6150241494 -0.7550298572
206.8 312.0 2641.6 0.2474189997 0.6824038625 0.6878290772 -0.9602039456 0.2676362693 0.0798696652 -0.1295846403 -0.6802174449 0.7214651704
273.0 55.0 2606.9 -0.0420532860 0.6812468767 0.7308448553 -0.9538741112 0.1902506500 -0.2322260290 -0.2972469628 -0.7068998218 0.6418230534
9.8 -102.1 2717.2 0.8408386707 0.0135806985 0.5411154032 -0.0374034755 0.9987534285 0.0330549069 -0.5399919748 -0.0480334423 0.8402984738
4.4 -499.1 2736.3 0.8435033560 -0.0067113806 0.5370819569 -0.1079440862 0.9774034619 0.1817430854 -0.5261654854 -0.2112757266 0.8237186670
178.5 -93.3 2645.6 0.8360561132 -0.0353469774 0.5475041270 0.0871504471 0.9938081503 -0.0689210221 -0.5416779518 0.1053370759 0.8339598775
192.6 -488.4 2603.7 0.8474531770 -0.1446210295 0.5107913613 0.0230737850 0.9713028073 0.2367245406 -0.5303684473 -0.1888270676 0.8264706135
-71.4 318.4 2720.6 0 0 0 0 0 0 0 0 0
261.4 -207.8 2525.0 0 0 0 0 0 0 0 0 0
6.3 -769.1 2794.7 0 0 0 0 0 0 0 0 0
231.4 -749.1 2654.4 0 0 0 0 0 0 0 0 0
67.5 502.5 2712.2 1 0.9152484536 -0.0483127795 0.3999826908 0.0718149394 0.9964483380 -0.0439702198 -0.3964377642 0.0689684078 0.9154673219
77.1 304.7 2698.5 0.9152484536 -0.0483127795 0.3999826908 0.0718149394 0.9964483380 -0.0439702198 -0.3964377642 0.0689684078 0.9154673219
86.0 106.5 2686.2 0.9155280590 -0.0448628440 0.3997445703 0.0658328012 0.9970731139 -0.0388754345 -0.3968304992 0.0619078577 0.9158018231
-51.8 295.4 2754.3 0.9383796453 -0.3097591698 -0.1532740742 0.1207945123 0.7094815969 -0.6942943335 0.3238091469 0.6329969764 0.7031802535
-288.4 265.0 2672.6 -0.9462406635 -0.3232663870 0.0112910448 -0.2332951725 0.7062310576 0.6684392691 -0.2240580171 0.6298702359 -0.7436810136
205.9 314.0 2642.7 0.2629694939 0.6732344627 0.6910878420 -0.9529044628 0.2933891416 0.0767848939 -0.1510634422 -0.6787327528 0.7186805010
274.3 66.1 2603.4 -0.0442377403 0.6729750633 0.7383410931 -0.9603859186 0.1748976707 -0.2169553936 -0.2751397192 -0.7186900377 0.6385787129
10.5 -98.1 2714.8 0.8361721039 0.0200249422 0.5481014252 -0.0596517250 0.9967255592 0.0545879528 -0.5452135801 -0.0783401206 0.8346286416
2.5 -494.1 2745.9 0.8367815018 -0.0175006576 0.5472571850 -0.0819206685 0.9842373133 0.1567352712 -0.5413739085 -0.1759848446 0.8221579194
179.0 -87.5 2643.1 0.8324056268 -0.0302687455 0.5533395410 0.0763509274 0.9952489734 -0.0604150034 -0.5488819480 0.0925377756 0.8307619095
191.1 -483.2 2606.3 0.8401983380 -0.1491818875 0.5213554502 0.0314060077 0.9731878638 0.2278574556 -0.5413690209 -0.1750717610 0.8223560452
-71.7 318.4 2724.0 0 0 0 0 0 0 0 0 0
262.2 -198.4 2527.6 0 0 0 0 0 0 0 0 0
7.3 -763.8 2794.1 0 0 0 0 0 0 0 0 0
232.3 -751.9 2654.6 0 0 0 0 0 0 0 0 0
71.5 504.2 2713.5 2 0.9177457094 -0.0412399247 0.3950216770 0.0684526712 0.9961349964 -0.0550390445 -0.3912250996 0.0775521323 0.9170215726
79.7 306.4 2698.1 0.9177457094 -0.0412399247 0.3950216770 0.0684526712 0.9961349964 -0.0550390445 -0.3912250996 0.0775521323 0.9170215726
87.7 108.2 2684.2 0.9179116488 -0.0401159860 0.3947516978 0.0643872619 0.9967493415 -0.0484259613 -0.3915258348 0.0698677376 0.9175107479
-49.5 297.3 2753.2 0.9372794628 -0.3094274104 -0.1605052650 0.1132837310 0.7058533430 -0.6992409229 0.3296574652 0.6372015476 0.6966348886
-285.9 268.7 2670.0 -0.9462387562 -0.3229343891 0.0185906980 -0.2265675068 0.7026982903 0.6744496226 -0.2308666259 0.6339783072 -0.7380867600
208.9 315.4 2643.0 0.2517558634 0.6813178658 0.6873317361 -0.9563477039 0.2840299606 0.0687462240 -0.1483847946 -0.6746354103 0.7230829597
274.1 67.7 2604.6 -0.0417984538 0.6808862686 0.7311954498 -0.9587120414 0.1787052602 -0.2212139666 -0.2812900245 -0.7102522850 0.6453042626
10.9 -97.7 2710.3 0.8386080861 0.0258934870 0.5441195369 -0.0628455654 0.9967987537 0.0494233370 -0.5410979390 -0.0756423101 0.8375507593
0.6 -493.9 2740.3 0.8393098712 -0.0222722087 0.5431969166 -0.0846708119 0.9816129804 0.1710755974 -0.5370193720 -0.1895783544 0.8219916224
178.9 -85.6 2637.5 0.8359991908 -0.0296868496 0.5479270816 0.0636356920 0.9970432520 -0.0430719927 -0.5450283289 0.0708758682 0.8354164958
190.7 -481.9 2609.3 0.8405592442 -0.1468509138 0.5214354396 0.0356589183 0.9754674435 0.2172365636 -0.5405446887 -0.1640063822 0.8251747489
-69.1 320.6 2722.9 0 0 0 0 0 0 0 0 0
262.6 -196.3 2527.1 0 0 0 0 0 0 0 0 0
6.8 -766.8 2793.0 0 0 0 0 0 0 0 0 0
231.7 -754.1 2655.1 0 0 0 0 0 0 0 0 0
69.7 504.4 2714.1 3 0.9191861749 -0.0406809524 0.3917165101 0.0681670681 0.9960720539 -0.0565129817 -0.3878788650 0.0786481202 0.9183487892
77.8 306.5 2698.5 0.9191861749 -0.0406809524 0.3917165101 0.0681670681 0.9960720539 -0.0565129817 -0.3878788650 0.0786481202 0.9183487892
85.5 108.4 2684.1 0.9193466902 -0.0389544629 0.3915153146 0.0641511902 0.9966115355 -0.0514787398 -0.3881833553 0.0724429861 0.9187304974
-51.6 297.5 2753.1 0.9362884760 -0.3106397390 -0.1639109552 0.1110519096 0.7045551538 -0.7009062171 0.3332136273 0.6380478144 0.6941639781
-287.8 269.5 2669.1 -0.9457508326 -0.3241405487 0.0220969226 -0.2245985270 0.7014278769 0.6764277220 -0.2347570509 0.6347691417 -0.7361775041
207.1 315.5 2643.9 0.2634271085 0.6809609532 0.6832996011 -0.9523806572 0.2963244617 0.0718535110 -0.1535489410 -0.6696894765 0.7265939116
274.9 70.4 2604.4 -0.0437022671 0.6812396646 0.7307548523 -0.9618099332 0.1691433489 -0.2152027190 -0.2702069581 -0.7122520804 0.6478311419
11.4 -95.8 2706.2 0.8401786685 0.0270754285 0.5416334271 -0.0699312240 0.9958233833 0.0586972162 -0.5377820134 -0.0871932358 0.8385629654
0.7 -491.7 2740.9 0.8404688835 -0.0261915550 0.5412264466 -0.0793653503 0.9821087718 0.1707733721 -0.5360160470 -0.1864843369 0.8233531713
179.9 -84.0 2634.4 0.8380920887 -0.0262486245 0.5448969007 0.0592435375 0.9973136187 -0.0430786610 -0.5423023701 0.0683855042 0.8373957276
190.3 -480.5 2607.2 0.8435790539 -0.1412625015 0.5180919766 0.0250188056 0.9740715027 0.2248528004 -0.5364218950 -0.1767190695 0.8252404928
-71.1 320.9 2722.9 0 0 0 0 0 0 0 0 0
262.9 -194.5 2529.9 0 0 0 0 0 0 0 0 0
7.9 -762.0 2792.2 0 0 0 0 0 0 0 0 0
230.4 -757.0 2657.4 0 0 0 0 0 0 0 0 0
62.4 502.2 2705.5 4 0.9202492833 -0.0613217019 0.3864982128 0.0770306140 0.9967083931 -0.0252718236 -0.3836762905 0.0530285724 0.9219438434
74.6 304.1 2694.9 0.9202492833 -0.0613217019 0.3864982128 0.0770306140 0.9967083931 -0.0252718236 -0.3836762905 0.0530285724 0.9219438434
85.6 105.9 2684.0 0.9205209613 -0.0555000082 0.3867310882 0.0723947659 0.9969471693 -0.0292459670 -0.3839272857 0.0549188331 0.9217286706
-55.0 293.9 2749.0 0.9323711991 -0.3257913888 -0.1566650569 0.1320275217 0.7103168964 -0.6913889050 0.3365303874 0.6239470243 0.7052924633
-290.1 260.6 2664.1 -0.9405848384 -0.3392046690 0.0155048696 -0.2439933866 0.7069178224 0.6638783216 -0.2361512780 0.6206507683 -0.7476798892
204.1 314.3 2640.9 0.2750913501 0.6796469092 0.6800035238 -0.9507486820 0.2973896265 0.0873859897 -0.1428343803 -0.6705515981 0.7279827595
274.6 70.6 2604.3 -0.0421383642 0.6799962521 0.7320037484 -0.9610160589 0.1727992743 -0.2158438563 -0.2732627392 -0.7125626206 0.6462058425
8.9 -95.6 2705.3 0.8444719315 0.0118429540 0.5354688168 -0.0625909194 0.9950875044 0.0767019466 -0.5319299698 -0.0982881337 0.8410647511
4.2 -491.2 2744.4 0.8448764682 -0.0141640091 0.5347738862 -0.0807547420 0.9848173857 0.1536663473 -0.5288311243 -0.1730145961 0.8309052587
