-151.9 437.8 2384.4 41 0.9908466339 0.0312236771 -0.1313317418 0.0114357974 0.9499703050 0.3121308386 0.1345071346 -0.3107756674 0.9409177899
-158.4 242.1 2448.4 0.9908466339 0.0312236771 -0.1313317418 0.0114357974 0.9499703050 0.3121308386 0.1345071346 -0.3107756674 0.9409177899
-166.4 53.7 2493.0 0.9899962544 0.0430398993 -0.1343688071 -0.0105756782 0.9722948670 0.2335184067 0.1406967044 -0.2297613025 0.9630234838
-293.3 243.8 2429.3 0.4103953242 -0.8439457417 -0.3454435766 0.5523845553 0.5314747691 -0.6421883106 0.7255666256 0.0727333799 0.6842973828
-375.5 133.1 2284.0 -0.5344194770 -0.8439457417 -0.0463833027 -0.8447443843 0.5314747691 0.0627809092 -0.0283321235 0.0727333799 -0.9969488978
-23.4 240.5 2467.6 0.1879757047 0.7546688318 0.6286017299 -0.9758614898 0.0710624307 0.2065054178 0.1111732274 -0.6522461772 0.7498102784
27.3 -22.7 2497.6 -0.1671651900 0.7546688318 0.6344531178 -0.9404839873 0.0710624307 -0.3323252201 -0.2958812714 -0.6522461772 0.6978747845
-264.4 -130.6 2527.6 0.9911195636 -0.0708900318 0.1125014126 0.0770531371 0.9957007170 -0.0514093041 -0.1083733290 0.0596213527 0.9923207760
-236.8 -518.3 2504.4 0.9938653111 -0.0003756471 0.1105968058 0.0031806717 0.9996777177 -0.0251872819 -0.1105517000 0.0253845379 0.9935461283
-86.7 -135.8 2547.8 0.9220940471 0.0725149959 -0.3801107407 -0.1015835255 0.9931954741 -0.0569518134 0.3733943999 0.0911279172 0.9231859446
-114.8 -520.9 2512.5 0.9184213281 -0.1104103848 -0.3798839152 0.0971910208 0.9938067794 -0.0538698435 0.3834789991 0.0125539089 0.9234642982
-285.9 274.9 2288.7 0 0 0 0 0 0 0 0 0
-18.6 -280.9 2416.3 0 0 0 0 0 0 0 0 0
-236.7 -845.5 2496.1 0 0 0 0 0 0 0 0 0
-79.7 -836.8 2508.5 0 0 0 0 0 0 0 0 0
-153.7 439.1 2383.2 42 0.9853569269 0.0271090437 -0.1683354080 0.0264047887 0.9511074424 0.3077294230 0.1684473008 -0.3076681793 0.9364645481
-159.3 244.4 2446.2 0.9853569269 0.0271090437 -0.1683354080 0.0264047887 0.9511074424 0.3077294230 0.1684473008 -0.3076681793 0.9364645481
-165.3 56.5 2493.9 0.9849059582 0.0315854177 -0.1701841354 0.0116521595 0.9688805342 0.2472544163 0.1726977378 -0.2455053478 0.9538881779
-293.6 242.9 2422.7 0.4095659554 -0.8456618786 -0.3422158957 0.5596935749 0.5291522741 -0.6377624869 0.7204157114 0.0696697682 0.6900342703
-376.2 129.9 2277.3 -0.5332479477 -0.8456618786 -0.0224194154 -0.8431692719 0.5291522741 0.0952022597 -0.0686456338 0.0696697682 -0.9952054620
-25.0 245.9 2469.7 0.1808698326 0.7730416059 0.6080237031 -0.9783068895 0.0779234394 0.1919467151 0.1010034904 -0.6295511723 0.7703658938
24.8 -23.5 2497.5 -0.1570541710 0.7730416059 0.6146061420 -0.9380195141 0.0779234394 -0.3377088606 -0.3089552224 -0.6295511723 0.7128899097
-263.4 -132.8 2526.4 0.9936464429 -0.0790342614 0.0801267475 0.0809440315 0.9965001941 -0.0208680946 -0.0781970248 0.0272212904 0.9965662360
-232.7 -520.0 2515.8 0.9964343309 0.0140185906 0.0831988826 -0.0090008406 0.9981347919 -0.0603817701 -0.0838901699 0.0594176129 0.9947019815
-86.0 -135.8 2550.1 0.9088152647 0.0791447610 -0.4096229374 -0.1139918268 0.9915874004 -0.0613211803 0.4013237059 0.1024232879 0.9101915956
-116.7 -520.5 2510.3 0.9054949284 -0.1142896488 -0.4086768925 0.1029096171 0.9934427738 -0.0498097502 0.4116898477 0.0030456935 0.9113189578
-289.4 267.3 2288.5 0 0 0 0 0 0 0 0 0
-18.3 -281.0 2412.7 0 0 0 0 0 0 0 0 0
-237.3 -846.2 2496.4 0 0 0 0 0 0 0 0 0
-80.6 -834.6 2509.4 0 0 0 0 0 0 0 0 0
-152.9 438.3 2383.1 43 0.9769182801 0.0277042221 -0.2118093073 0.0388639830 0.9519542456 0.3037642241 0.2100483179 -0.3049845695 0.9289047718
-158.5 244.3 2445.2 0.9769182801 0.0277042221 -0.2118093073 0.0388639830 0.9519542456 0.3037642241 0.2100483179 -0.3049845695 0.9289047718
-163.8 56.8 2494.7 0.9766238928 0.0272287354 -0.2132238150 0.0285820328 0.9666872025 0.2543598115 0.2130466253 -0.2545082271 0.9433115721
-291.7 240.4 2416.2 0.4190667570 -0.8430684209 -0.3370737135 0.5574669242 0.5319423676 -0.6373915076 0.7166684866 0.0792021528 0.6929020882
-375.9 128.5 2272.3 -0.5376454592 -0.8430684209 -0.0131537830 -0.8372284770 0.5319423676 0.1268297434 -0.0999290943 0.0792021528 -0.9918372631
-25.4 248.2 2474.3 0.1837258935 0.7561623454 0.6280631423 -0.9789295793 0.0828246698 0.1866465509 0.0891159624 -0.6491214037 0.7554467320
25.2 -21.0 2498.8 -0.1649481654 0.7561623454 0.6332539916 -0.9358030558 0.0828246698 -0.3426553607 -0.3115521371 -0.6491214037 0.6939572692
-259.6 -131.9 2526.8 0.9974032640 -0.0584002398 0.0421446897 0.0604504235 0.9969612360 -0.0491324440 -0.0391472764 0.0515525267 0.9979026914
-237.0 -519.0 2506.8 0.9991629720 0.0018317037 0.0408650003 -0.0007100628 0.9996230602 -0.0274451170 -0.0408998691 0.0273931287 0.9987877011
-83.3 -130.4 2556.9 0.8899024725 0.0872331262 -0.4477320313 -0.1377851069 0.9871001244 -0.0815386847 0.4348434806 0.1342522800 0.8904423118
-117.1 -513.3 2504.8 0.8903390765 -0.1088825613 -0.4420870543 0.1088019460 0.9937330484 -0.0256274734 0.4421068728 -0.0252827909 0.8966059685
-281.4 275.6 2289.8 0 0 0 0 0 0 0 0 0
-20.1 -277.9 2413.2 0 0 0 0 0 0 0 0 0
-237.6 -847.6 2497.8 0 0 0 0 0 0 0 0 0
-81.7 -836.8 2513.1 0 0 0 0 0 0 0 0 0
-154.3 442.5 2386.5 44 0.9225949049 0.0176897459 -0.3853644729 0.0979804173 0.9554451704 0.2784320414 0.3731200099 -0.2946381569 0.8797555566
-157.9 248.0 2446.5 0.9225949049 0.0176897459 -0.3853644729 0.0979804173 0.9554451704 0.2784320414 0.3731200099 -0.2946381569 0.8797555566
-160.6 60.5 2496.4 0.9224081635 0.0137543799 -0.3859715164 0.0865673497 0.9665752649 0.2413263023 0.3763898015 -0.2560138702 0.8903862238
-281.7 236.4 2395.9 0.4985026419 -0.8377984762 -0.2226855606 0.5722080469 0.5109740496 -0.6414697766 0.6512089372 0.1923519224 0.7341169119
-376.5 127.7 2272.1 -0.5342668891 -0.8377984762 -0.1124839038 -0.8398450613 0.5109740496 0.1832096726 -0.0960164294 0.1923519224 -0.9766173959
-34.1 259.6 2497.0 0.2097108662 0.8391994238 0.5017626286 -0.9777286649 0.1756561399 0.1148547158 0.0082483254 -0.5146739483 0.8573462963
25.7 -19.3 2499.4 -0.1808007807 0.8211208582 0.5413609147 -0.9324823022 0.0318962559 -0.3598047197 -0.3127105534 -0.5698624253 0.7599137425
-256.5 -133.1 2525.4 0.9907909632 -0.0519206412 -0.1250499636 0.0444799475 0.9971106648 -0.0615777597 0.1278858185 0.0554484725 0.9902377129
-236.4 -520.2 2503.9 0.9918791652 0.0002813839 -0.1271837205 -0.0026280324 0.9998294115 -0.0182834286 0.1271568686 0.0184691940 0.9917106628
-81.8 -128.2 2563.1 0.8051641583 0.0902134180 -0.5861503482 -0.1622075886 0.9841741920 -0.0713435039 0.5704378486 0.1525212675 0.8070550561
-116.8 -510.1 2503.9 0.8055623174 -0.1063083634 -0.5828960538 0.1027979106 0.9939293265 -0.0392057449 0.5835254192 -0.0283378270 0.8116003275
-286.1 269.8 2288.4 0 0 0 0 0 0 0 0 0
-23.9 -275.3 2413.5 0 0 0 0 0 0 0 0 0
-236.5 -842.0 2497.9 0 0 0 0 0 0 0 0 0
-82.2 -832.9 2513.1 0 0 0 0 0 0 0 0 0
-156.5 447.6 2395.2 45 0.9205493331 0.0115497746 -0.3904555738 0.1083452776 0.9527958632 0.2836219072 0.3753001988 -0.3033919632 0.8758441806
-159.0 236.0 2462.6 0.9205493331 0.0115497746 -0.3904555738 0.1083452776 0.9527958632 0.2836219072 0.3753001988 -0.3033919632 0.8758441806
-150.5 46.1 2496.5 0.9205585122 -0.0439207517 -0.3881275654 0.1077956259 0.9836362600 0.1443601102 0.3754359186 -0.1747303903 0.9102292061
-283.6 221.4 2411.6 0.4638662934 -0.8396416903 -0.2825418711 0.4547454715 0.4993801117 -0.7374456525 0.7602859139 0.2135915160 0.6134688258
-370.5 136.3 2269.3 -0.5298028588 -0.8396416903 -0.1196275577 -0.8396489024 0.4993801117 0.2135631442 -0.1195768937 0.2135915160 -0.9695772529
-34.4 250.6 2513.6 0.2263591141 0.8336292505 0.5038092732 -0.9729406238 0.2181202322 0.0762244016 -0.0463481024 -0.5074306130 0.8604452610
25.2 -5.5 2501.4 -0.1715048105 0.8158940077 0.5521803498 -0.9358452559 0.0402266458 -0.3501078188 -0.3078632057 -0.5768005252 0.7566514611
-244.2 -134.9 2513.1 0.9924452305 -0.0333561935 -0.1180671081 0.0303341299 0.9991669059 -0.0273017734 0.1188794300 0.0235140529 0.9926302433
-231.3 -522.1 2504.0 0.9927712679 0.0192758329 -0.1184637919 -0.0212181080 0.9996599555 -0.0151560940 0.1181313694 0.0175601132 0.9928426743
-74.7 -125.9 2571.4 0.8172068596 0.1214090809 -0.5634117126 -0.1958222687 0.9778955579 -0.0733067915 0.5420576930 0.1702353805 0.8229175806
-121.0 -498.3 2506.6 0.8202170730 -0.1138887107 -0.5606008768 0.1025626734 0.9933795333 -0.0517499372 0.5627831221 -0.0150505444 0.8264675736
-258.4 313.9 2294.6 0 0 0 0 0 0 0 0 0
-21.9 -262.4 2416.8 0 0 0 0 0 0 0 0 0
-237.5 -840.9 2498.4 0 0 0 0 0 0 0 0 0
-82.8 -831.0 2511.6 0 0 0 0 0 0 0 0 0
-158.0 427.2 2388.6 46 0.9375564456 -0.0068119792 -0.3477663994 0.1384186149 0.9245398641 0.3550582230 0.3191052675 -0.3810244799 0.8677512407
-156.5 226.5 2471.3 0.9375564456 -0.0068119792 -0.3477663994 0.1384186149 0.9245398641 0.3550582230 0.3191052675 -0.3810244799 0.8677512407
-150.5 34.9 2497.0 0.9388389587 -0.0321157537 -0.3428556025 0.0753197819 0.9906847477 0.1134487987 0.3360183239 -0.1323339641 0.9325124025
-284.0 216.2 2425.7 0.4240565002 -0.8450902700 -0.3255741000 0.3903295398 0.4949432313 -0.7763208151 0.8172019124 0.2021227032 0.5397475958
-366.2 140.6 2267.4 -0.5231779814 -0.8450902700 -0.1100328043 -0.8434282541 0.4949432313 0.2089497894 -0.1221214458 0.2021227032 -0.9717164040
-29.0 236.8 2516.9 0.2454265952 0.8089736104 0.5341605544 -0.9669113755 0.2438557446 0.0749454200 -0.0696292520 -0.5348795056 0.8420544267
34.9 -14.8 2498.8 -0.1723512709 0.7904304266 0.5878050327 -0.9366632104 0.0531918630 -0.3461684883 -0.3048885465 -0.6102379560 0.7311994433
-223.6 -153.5 2496.9 0.9969270825 0.0308351088 -0.0720108896 -0.0296341069 0.9994043112 0.0176875591 0.0725133941 -0.0154992286 0.9972469807
-235.5 -540.1 2502.9 0.9972975850 0.0085340124 -0.0729701892 -0.0096265627 0.9998465776 -0.0146339843 0.0728341118 0.0152968904 0.9972267747
-56.6 -137.4 2559.8 0.8396314979 0.1602966487 -0.5189642906 -0.2175939679 0.9747071266 -0.0509793572 0.4976663589 0.1557273716 0.8532744050
-118.2 -511.9 2499.9 0.8500676155 -0.1114338189 -0.5147500634 0.1142316908 0.9931047559 -0.0263444409 0.5141363740 -0.0364062116 0.8569354415
-244.4 336.8 2295.8 0 0 0 0 0 0 0 0 0
-12.5 -272.0 2415.1 0 0 0 0 0 0 0 0 0
-238.1 -843.0 2498.3 0 0 0 0 0 0 0 0 0
-81.9 -835.4 2511.8 0 0 0 0 0 0 0 0 0
-154.7 433.8 2377.8 47 0.9624210000 0.0076483851 -0.2714540064 0.0929697007 0.9299192429 0.3558185697 0.2551517487 -0.3676842749 0.8942627311
-156.3 237.7 2455.3 0.9624210000 0.0076483851 -0.2714540064 0.0929697007 0.9299192429 0.3558185697 0.2551517487 -0.3676842749 0.8942627311
-155.3 49.4 2497.5 0.9623332024 -0.0023650401 -0.2718624771 0.0612907112 0.9761076570 0.2084640563 0.2648740113 -0.2172745317 0.9394857883
-287.0 229.8 2419.3 0.4223105609 -0.8556657434 -0.2991487086 0.4847614467 0.4920575619 -0.7231083512 0.7659373879 0.1603605300 0.6225948930
-370.7 133.7 2267.4 -0.5101271868 -0.8556657434 -0.0872145742 -0.8541345000 0.4920575619 0.1683257520 -0.1011159793 0.1603605300 -0.9818655849
-25.6 245.6 2491.4 0.2296583503 0.7762344480 0.5871261358 -0.9730416536 0.1700177938 0.1558327526 0.0211408753 -0.6070864797 0.7943544984
38.5 -25.9 2497.3 -0.1639628112 0.7637647390 0.6243233681 -0.9367821217 0.0777695030 -0.3411614299 -0.3091203868 -0.6407927275 0.7027298808
-231.1 -155.8 2500.8 0.9998174906 0.0182100981 -0.0057735019 -0.0182104893 0.9998341799 -0.0000151319 0.0057722693 0.0001202675 0.9999833107
-238.3 -550.8 2500.7 0.9999813437 -0.0016729201 -0.0058744033 0.0016402607 0.9999831915 -0.0055600330 0.0058836062 0.0055502937 0.9999672771
-60.3 -147.5 2553.4 0.8686453104 0.1388282776 -0.4755859971 -0.1816519350 0.9823313355 -0.0450301878 0.4609315693 0.1255063713 0.8785159588
-114.4 -530.7 2504.4 0.8744452596 -0.1063234061 -0.4733295143 0.1049085408 0.9940448403 -0.0294793658 0.4736451209 -0.0238782205 0.8803920150
-264.8 311.0 2288.4 0 0 0 0 0 0 0 0 0
-6.5 -283.1 2412.4 0 0 0 0 0 0 0 0 0
-237.8 -845.8 2499.1 0 0 0 0 0 0 0 0 0
-82.0 -833.9 2511.7 0 0 0 0 0 0 0 0 0
-158.7 447.3 2396.4 48 0.9269787073 -0.0030012771 -0.3751019239 0.1129183695 0.9558185935 0.2714042366 0.3577148318 -0.2939418554 0.8863623738
-158.1 251.1 2456.7 0.9269787073 -0.0030012771 -0.3751019239 0.1129183695 0.9558185935 0.2714042366 0.3577148318 -0.2939418554 0.8863623738
-156.1 61.6 2496.2 0.9271480441 -0.0081022736 -0.3746076822 0.0834148601 0.9791404009 0.1852729172 0.3652923703 -0.2030232698 0.9084839225
-283.6 240.1 2407.2 0.4539175630 -0.8517383933 -0.2617260516 0.5553115606 0.5001210570 -0.6644607186 0.6968414187 0.1562708765 0.6999939084
-373.4 130.2 2269.3 -0.5165262818 -0.8517383933 -0.0879900306 -0.8515143991 0.5001210570 0.1574868411 -0.0901319236 0.1562708765 -0.9835932255
-32.5 262.1 2506.3 0.2312779725 0.8292438984 0.5087878108 -0.9727720022 0.2051730901 0.1077899411 -0.0150054228 -0.5198640227 0.8541172147
33.7 -16.4 2502.0 -0.1539342403 0.8151739836 0.5583866835 -0.9373427629 0.0582889020 -0.3434980512 -0.3125584126 -0.5762758255 0.7551247478
-241.0 -140.3 2518.8 0.9938952327 -0.0047979555 -0.1102234647 0.0013679786 0.9995130897 -0.0311729610 0.1103193611 0.0308318734 0.9934178591
-239.2 -531.3 2506.8 0.9939010739 -0.0030193138 -0.1102341041 -0.0001684046 0.9995824099 -0.0288969595 0.1102753133 0.0287392829 0.9934855103
-68.3 -132.5 2563.7 0.8202533126 0.1146011576 -0.5604026318 -0.1684224457 0.9846802354 -0.0451525003 0.5466428399 0.1314208657 0.8269885778
-112.9 -515.6 2512.6 0.8213124871 -0.0989389718 -0.5618335009 0.0803043321 0.9950906038 -0.0578432903 0.5647982359 0.0023897544 0.8252255917
-278.2 287.2 2285.9 0 0 0 0 0 0 0 0 0
-8.6 -273.8 2416.2 0 0 0 0 0 0 0 0 0
-238.2 -844.9 2497.8 0 0 0 0 0 0 0 0 0
-81.0 -836.3 2511.8 0 0 0 0 0 0 0 0 0
-156.6 448.2 2394.2 49 0.9098348618 0.0023725571 -0.4149636924 0.1159939617 0.9586691260 0.2598055005 0.3984292746 -0.2845133841 0.8719553947
-157.1 252.7 2452.2 0.9098348618 0.0023725571 -0.4149636924 0.1159939617 0.9586691260 0.2598055005 0.3984292746 -0.2845133841 0.8719553947
-156.6 63.8 2495.5 0.9098256230 -0.0015594445 -0.4149878919 0.0939251855 0.9748174548 0.2022597939 0.4042220116 -0.2229989618 0.8870603442
-280.7 240.0 2397.2 0.4823453128 -0.8449823856 -0.2309713215 0.5727247000 0.5037115812 -0.6467310786 0.6628193259 0.1796647459 0.7269051671
-374.5 128.7 2268.3 -0.5271071196 -0.8449823856 -0.0903486386 -0.8411877155 0.5037115812 0.1966670007 -0.1206704974 0.1796647459 -0.9762987494
-33.4 265.4 2507.2 0.2309199423 0.8479959369 0.4770522118 -0.9728211164 0.2098826319 0.0978177637 -0.0171759073 -0.4866745472 0.8734144568
29.1 1.9 2502.5 -0.1485822052 0.8348881602 0.5299859047 -0.9436352849 0.0405887514 -0.3284888864 -0.2957629561 -0.5489209890 0.7817991972
-236.9 -133.1 2504.6 0.9880356193 -0.0065176203 -0.1540881693 0.0048605748 0.9999262691 -0.0111281658 0.1541493386 0.0102460673 0.9879944324
-234.4 -522.7 2500.6 0.9879679084 0.0128930025 -0.1541205496 -0.0139579028 0.9998856187 -0.0058294171 0.1540277600 0.0079104770 0.9880348444
-71.6 -120.0 2568.4 0.7910453677 0.1164505780 -0.6005718112 -0.1950545162 0.9784883857 -0.0671883449 0.5798284411 0.1702932715 0.7967428565
-116.8 -500.0 2502.3 0.7938763499 -0.1079465151 -0.5984211564 0.0975455195 0.9939796329 -0.0498938747 0.6002042890 -0.0187637359 0.7996266484
-275.8 286.1 2290.9 0 0 0 0 0 0 0 0 0
-11.7 -257.2 2421.3 0 0 0 0 0 0 0 0 0
-238.5 -846.0 2498.0 0 0 0 0 0 0 0 0 0
-80.5 -834.5 2508.6 0 0 0 0 0 0 0 0 0
-156.0 443.4 2388.6 50 0.9124131799 0.0083623547 -0.4091848135 0.1130472794 0.9557452798 0.2716085911 0.3933477402 -0.2940765023 0.8710892797
-157.8 248.2 2448.6 0.9124131799 0.0083623547 -0.4091848135 0.1130472794 0.9557452798 0.2716085911 0.3933477402 -0.2940765023 0.8710892797
-158.0 60.1 2495.7 0.9123361707 0.0014901094 -0.4094392955 0.0979850143 0.9701412916 0.2218665630 0.3975445628 -0.2425357997 0.8849489689
-282.1 234.9 2394.4 0.5058491826 -0.8359465003 -0.2128615081 0.5717213750 0.5096749663 -0.6429355741 0.6459499002 0.2035309672 0.7357471585
-376.5 128.2 2273.9 -0.5340085030 -0.8359465003 -0.1266032308 -0.8409475088 0.5096749663 0.1817654669 -0.0874197036 0.2035309672 -0.9751579165
-33.4 261.5 2502.8 0.2299717218 0.8453847766 0.4821178019 -0.9731966853 0.2003244013 0.1129527315 -0.0010914381 -0.4951713681 0.8687946200
27.6 3.0 2502.5 -0.1342648417 0.8346655965 0.5341407061 -0.9442583919 0.0557379276 -0.3244524002 -0.3005811572 -0.5479294062 0.7806563377
-237.5 -132.4 2503.4 0.9888292551 -0.0068878178 -0.1488935798 0.0068569090 0.9999762177 -0.0007209294 0.1488950104 -0.0003080737 0.9888529778
-234.9 -521.3 2503.5 0.9887837768 0.0130072553 -0.1487865150 -0.0153003382 0.9997810125 -0.0142776379 0.1485682130 0.0163939800 0.9887662530
-75.1 -116.4 2574.9 0.7899470329 0.1170264781 -0.6019040346 -0.2137649506 0.9725952744 -0.0914491042 0.5747070909 0.2009059340 0.7933149338
-120.5 -493.9 2496.9 0.7954785228 -0.1158493906 -0.5948048830 0.1150630042 0.9925749302 -0.0394399092 0.5949574709 -0.0370664336 0.8029020429
-283.1 275.2 2289.1 0 0 0 0 0 0 0 0 0
-9.2 -256.2 2420.0 0 0 0 0 0 0 0 0 0
-239.1 -845.1 2498.2 0 0 0 0 0 0 0 0 0
-80.7 -834.5 2509.7 0 0 0 0 0 0 0 0 0
-154.9 443.6 2384.8 51 0.8946979642 0.0067764572 -0.4466202855 0.1274736673 0.9544287920 0.2698446214 0.4280958474 -0.2983617485 0.8530616760
-156.3 248.7 2445.7 0.8946979642 0.0067764572 -0.4466202855 0.1274736673 0.9544287920 0.2698446214 0.4280958474 -0.2983617485 0.8530616760
-156.4 61.4 2496.0 0.8946540952 0.0003111779 -0.4467594326 0.1155882850 0.9657893181 0.2321429700 0.4315477312 -0.2593277991 0.8640113473
-278.2 233.0 2386.9 0.5804961324 -0.8025350571 -0.1377014369 0.5956844091 0.5338487625 -0.6001380086 0.5551435351 0.2663511634 0.7879547477
-379.1 129.5 2290.4 -0.5493710041 -0.8025350571 -0.2326563299 -0.8353619576 0.5338487625 0.1310570389 0.0190254264 0.2663511634 -0.9636882544
-34.3 264.5 2504.5 0.2144851238 0.8639850020 0.4555502534 -0.9766892791 0.1938324422 0.0922335163 -0.0086120442 -0.4647137821 0.8854190707
24.6 -4.0 2502.1 -0.1239405647 0.8550555706 0.5035063624 -0.9435865283 0.0554588698 -0.3264487982 -0.3070557714 -0.5155620575 0.7999452949
-239.8 -136.3 2507.6 0.9820703864 -0.0211938471 -0.1873194873 0.0168877784 0.9995558262 -0.0245540291 0.1877566874 0.0209503751 0.9819921255
-231.6 -524.6 2499.4 0.9819563031 0.0235276502 -0.1876385361 -0.0255453959 0.9996388555 -0.0083421580 0.1873744875 0.0129849352 0.9822027087
-76.6 -119.1 2578.3 0.7660350204 0.1131080091 -0.6327692270 -0.2200283855 0.9710704684 -0.0927883387 0.6039683819 0.2103063166 0.7687609792
-120.5 -496.1 2496.7 0.7709141970 -0.1164004952 -0.6262125969 0.1146144271 0.9924624562 -0.0433802046 0.6265419722 -0.0383305810 0.7784445882
-288.9 266.6 2287.3 0 0 0 0 0 0 0 0 0
-9.4 -263.1 2417.8 0 0 0 0 0 0 0 0 0
-239.2 -845.5 2495.3 0 0 0 0 0 0 0 0 0
-81.0 -833.6 2509.7 0 0 0 0 0 0 0 0 0
-154.2 443.6 2383.9 52 0.8922979236 0.0046870047 -0.4514227211 0.1310368031 0.9542074203 0.2689191997 0.4320113361 -0.2991090417 0.8508231044
-155.1 248.8 2444.9 0.8922979236 0.0046870047 -0.4514227211 0.1310368031 0.9542074203 0.2689191997 0.4320113361 -0.2991090417 0.8508231044
-154.7 61.7 2496.4 0.8922853470 -0.0021325841 -0.4514668584 0.1215931624 0.9641734362 0.2357639521 0.4347895980 -0.2652640045 0.8605771661
-276.9 232.2 2385.6 0.5758227706 -0.8029347658 -0.1540258378 0.5855776668 0.5365125537 -0.6076619625 0.5705497265 0.2597115040 0.7791167498
-378.6 128.7 2284.8 -0.5581079721 -0.8029347658 -0.2093114555 -0.8296886683 0.5365125537 0.1541783512 -0.0114969248 0.2597115040 -0.9656178355
-33.4 265.4 2504.3 0.2151115835 0.8653109074 0.4527295232 -0.9765590429 0.1942531168 0.0927260593 -0.0077072484 -0.4620635509 0.8868133426
25.4 -1.5 2502.2 -0.1373340487 0.8543500900 0.5012238026 -0.9434063435 0.0413926132 -0.3290458024 -0.3018672764 -0.5180469155 0.8003146648
-236.5 -136.1 2507.9 0.9814698696 -0.0015775333 -0.1916100383 -0.0020042034 0.9998269081 -0.0184975974 0.1916060597 0.0185388606 0.9812968373
-235.9 -524.3 2500.7 0.9814298749 0.0088979658 -0.1916148216 -0.0102428794 0.9999293685 -0.0060294438 0.1915476322 0.0078801634 0.9814516902
-76.5 -115.5 2584.9 0.7618268728 0.1086216867 -0.6386087537 -0.2341802120 0.9653476477 -0.1151676774 0.6039697528 0.2372873724 0.7608647943
-118.6 -490.1 2492.9 0.7723930478 -0.1073270217 -0.6260111332 0.1165028289 0.9928374887 -0.0264728852 0.6243685484 -0.0524845943 0.7793646455
-286.3 265.9 2286.7 0 0 0 0 0 0 0 0 0
-12.3 -260.6 2419.3 0 0 0 0 0 0 0 0 0
-238.8 -848.3 2498.2 0 0 0 0 0 0 0 0 0
-81.7 -831.3 2510.9 0 0 0 0 0 0 0 0 0
-154.3 440.5 2375.4 53 0.9083007574 0.0115497196 -0.4181583226 0.1247111931 0.9466863871 0.2970387638 0.3992954791 -0.3219495416 0.8584355712
-156.6 246.9 2441.2 0.9083007574 0.0115497196 -0.4181583226 0.1247111931 0.9466863871 0.2970387638 0.3992954791 -0.3219495416 0.8584355712
-157.0 60.8 2496.4 0.9082440734 0.0022342002 -0.4184348285 0.1168777272 0.9588306546 0.2588114440 0.4017863870 -0.2839696705 0.8705911636
-280.6 231.0 2386.4 0.5228402615 -0.8317409158 -0.1866684705 0.5651690364 0.5021678209 -0.6545314789 0.6381394863 0.2367161661 0.7326277494
-376.4 127.3 2269.4 -0.5357519388 -0.8317409158 -0.1455229074 -0.8378037214 0.5021678209 0.2142717987 -0.1051416993 0.2367161661 -0.9658730030
-32.7 262.8 2496.1 0.2168798149 0.8509957790 0.4782983661 -0.9758346081 0.1756205112 0.1300161630 0.0266442038 -0.4949379861 0.8685197234
25.9 -0.8 2503.3 -0.1375931650 0.8402289152 0.5244840384 -0.9416134953 0.0533227175 -0.3324464858 -0.3072980642 -0.5396035910 0.7838340402
-234.2 -136.2 2509.1 0.9873334169 0.0094390707 -0.1583781540 -0.0120307123 0.9998088479 -0.0154128438 0.1582023948 0.0171230175 0.9872582555
-237.9 -524.3 2502.4 0.9873722196 0.0023952632 -0.1583992392 -0.0052633658 0.9998296499 -0.0176897720 0.1583298892 0.0183001030 0.9872166514
-74.5 -114.5 2586.8 0.7781188488 0.1193767190 -0.6166686416 -0.2381618768 0.9645357132 -0.1137971506 0.5812141895 0.2354146689 0.7789544463
-120.8 -488.8 2495.5 0.7887954712 -0.1133385897 -0.6041159630 0.1192976534 0.9923925400 -0.0304162093 0.6029675007 -0.0480774455 0.7963157296
-281.7 275.6 2288.0 0 0 0 0 0 0 0 0 0
-11.9 -259.3 2418.9 0 0 0 0 0 0 0 0 0
-238.7 -847.6 2496.5 0 0 0 0 0 0 0 0 0
-81.9 -829.9 2512.0 0 0 0 0 0 0 0 0 0
-155.4 442.6 2384.7 54 0.9131863713 0.0127436761 -0.4073428810 0.1066850647 0.9571814537 0.2691132128 0.3933305442 -0.2892079353 0.8727255464
-158.0 247.4 2443.7 0.9131863713 0.0127436761 -0.4073428810 0.1066850647 0.9571814537 0.2691132128 0.3933305442 -0.2892079353 0.8727255464
-159.1 60.1 2494.1 0.9131308198 0.0056844149 -0.4076269567 0.1008903980 0.9656470418 0.2394720614 0.3949850500 -0.2597949803 0.8811886311
-282.7 233.7 2389.8 0.5127079487 -0.8348423839 -0.2004214674 0.5770299435 0.5079188347 -0.6395739317 0.6357412934 0.2122654617 0.7421430945
-377.1 127.3 2272.6 -0.5358392596 -0.8348423839 -0.1261525750 -0.8381482363 0.5079188347 0.1988112926 -0.1019008160 0.2122654617 -0.9718845487
-33.3 261.2 2497.6 0.2087585032 0.8493208289 0.4848442674 -0.9777801037 0.1715646684 0.1204643697 0.0191307534 -0.4992190301 0.8662645817
23.6 -5.2 2502.8 -0.1372350901 0.8387107253 0.5270017982 -0.9424785972 0.0531492569 -0.3300140500 -0.3047960699 -0.5419774055 0.7831729650
-238.7 -135.6 2515.6 0.9889773130 0.0032560343 -0.1480314583 -0.0064599300 0.9997550845 -0.0211677123 0.1479262859 0.0218906589 0.9887561202
-239.9 -523.7 2507.1 0.9889628887 -0.0055706403 -0.1480587423 0.0007753738 0.9994738698 -0.0324255973 0.1481614709 0.0319529101 0.9884468317
-76.1 -114.8 2587.5 0.7854409218 0.1085495129 -0.6093435287 -0.2339378744 0.9635347724 -0.1298990548 0.5730232000 0.2445765734 0.7821935415
-118.2 -488.8 2492.5 0.7989958525 -0.1028056517 -0.5924834013 0.1156195030 0.9931579828 -0.0164101701 0.5901166797 -0.0553909764 0.8054155111
-286.4 269.2 2289.9 0 0 0 0 0 0 0 0 0
-14.1 -264.0 2419.1 0 0 0 0 0 0 0 0 0
-238.1 -845.8 2496.8 0 0 0 0 0 0 0 0 0
-82.6 -832.5 2511.7 0 0 0 0 0 0 0 0 0
-153.0 439.0 2391.3 55 0.9204453230 0.0148759698 -0.3905881047 0.0933920965 0.9619625211 0.2567217052 0.3795501292 -0.2727761269 0.8840446472
-156.0 243.4 2446.8 0.9204453230 0.0148759698 -0.3905881047 0.0933920965 0.9619625211 0.2567217052 0.3795501292 -0.2727761269 0.8840446472
-157.8 55.2 2494.1 0.9203699827 0.0089288615 -0.3909468055 0.0872751102 0.9698324800 0.2276137918 0.3811852336 -0.2436088324 0.8918253779
-281.7 231.5 2394.8 0.5034397840 -0.8353294134 -0.2208464444 0.5538306832 0.5081651211 -0.6595754623 0.6631892323 0.2097449899 0.7184615731
-376.5 127.2 2269.9 -0.5382988453 -0.8353294134 -0.1116205305 -0.8335245848 0.5081651211 0.2168062180 -0.1243829504 0.2097449899 -0.9698123336
-30.3 255.3 2498.8 0.1969757229 0.8445858359 0.4978708029 -0.9802879691 0.1617077142 0.1135171503 0.0153654208 -0.5104168653 0.8597897887
21.9 -4.9 2502.9 -0.1376176029 0.8345696330 0.5334368944 -0.9399183393 0.0598461106 -0.3361129463 -0.3124337792 -0.5476422310 0.7761914134
-242.0 -136.3 2509.2 0.9911229610 -0.0178191215 -0.1317488551 0.0174122900 0.9998394251 -0.0042394251 0.1318032444 0.0019077422 0.9912740588
-235.0 -524.3 2508.5 0.9913232327 0.0099859182 -0.1310669482 -0.0151188811 0.9991547465 -0.0382264219 0.1305744350 0.0398763269 0.9906362295
-78.4 -118.3 2579.9 0.7970249653 0.0992973372 -0.5957275033 -0.2146128416 0.9685785174 -0.1256858557 0.5645285845 0.2280255258 0.7932917476
-117.0 -494.2 2491.4 0.8091543317 -0.0991797447 -0.5791654587 0.1170082390 0.9931090474 -0.0065932362 0.5758283734 -0.0624321848 0.8151833415
-279.8 276.9 2292.2 0 0 0 0 0 0 0 0 0
-15.8 -263.0 2417.1 0 0 0 0 0 0 0 0 0
-238.3 -847.6 2495.6 0 0 0 0 0 0 0 0 0
-83.3 -831.6 2512.6 0 0 0 0 0 0 0 0 0
-153.3 437.0 2393.2 56 0.9223481417 0.0117833735 -0.3861800730 0.0927955434 0.9635207653 0.2510313988 0.3750505149 -0.2673741281 0.8876081109
-155.7 241.1 2447.5 0.9223481417 0.0117833735 -0.3861800730 0.0927955434 0.9635207653 0.2510313988 0.3750505149 -0.2673741281 0.8876081109
-157.0 52.6 2493.7 0.9222857356 0.0063904561 -0.3864559531 0.0861500576 0.9713107944 0.2216606885 0.3767853677 -0.2377276868 0.8952755928
-281.7 229.3 2396.1 0.5092645884 -0.8335248828 -0.2142097503 0.5462707877 0.5054146647 -0.6679402590 0.6650096178 0.2231418192 0.7127200961
-377.0 127.1 2271.7 -0.5361233354 -0.8335248828 -0.1334467083 -0.8374931812 0.5054146647 0.2077527642 -0.1057211757 0.2231418192 -0.9690359831
-29.8 252.9 2499.0 0.1905312985 0.8426935673 0.5035527945 -0.9816645980 0.1605771035 0.1027112752 0.0056950785 -0.5138896704 0.8578373790
21.8 -12.9 2500.5 -0.1354092062 0.8332430124 0.5360693932 -0.9385623336 0.0654709190 -0.3388426304 -0.3174352050 -0.5490169525 0.7731851339
-242.0 -140.8 2507.3 0.9918844700 -0.0114573184 -0.1266252995 0.0118104564 0.9999281764 0.0020383985 0.1265928447 -0.0035173583 0.9919485450
-237.5 -528.9 2508.6 0.9920288324 0.0039638202 -0.1259485781 -0.0096872170 0.9989461899 -0.0448624007 0.1256380230 0.0457248874 0.9910218716
-77.1 -125.2 2575.5 0.8016662002 0.1032103002 -0.5887944698 -0.2039989680 0.9730863571 -0.1071792468 0.5618858337 0.2060354501 0.8011452556
-117.2 -502.8 2495.5 0.8102291226 -0.1040846556 -0.5767973065 0.1153624356 0.9931750298 -0.0171711519 0.5746479630 -0.0526281744 0.8167068362
-285.1 270.6 2289.8 0 0 0 0 0 0 0 0 0
-15.3 -270.7 2413.3 0 0 0 0 0 0 0 0 0
-238.8 -849.8 2493.9 0 0 0 0 0 0 0 0 0
-82.7 -832.2 2513.0 0 0 0 0 0 0 0 0 0
-154.7 442.0 2389.1 57 0.8903482556 0.0130665982 -0.4550925195 0.1182417646 0.9586518407 0.2588543296 0.4396576285 -0.2842814326 0.8519889712
-157.4 247.1 2446.9 0.8903482556 0.0130665982 -0.4550925195 0.1182417646 0.9586518407 0.2588543296 0.4396576285 -0.2842814326 0.8519889712
-158.3 59.3 2495.7 0.8902814984 0.0043462520 -0.4553899169 0.1108536720 0.9678099751 0.2259543240 0.4417129457 -0.2516446114 0.8611415029
-278.7 232.0 2386.7 0.5621860623 -0.8138320446 -0.1470518857 0.5841827989 0.5166489482 -0.6259427071 0.5853864551 0.2659910917 0.7658795118
-378.6 128.1 2282.7 -0.5449734330 -0.8138320446 -0.2016963214 -0.8374617696 0.5166489482 0.1781336814 -0.0407647043 0.2659910917 -0.9631131887
-36.1 262.3 2507.0 0.2110632658 0.8682698011 0.4489541948 -0.9770411253 0.2010434568 0.0705139339 -0.0290341806 -0.4535295963 0.8907681704
24.0 -16.0 2498.7 -0.1518641710 0.8549107909 0.4960492253 -0.9400170445 0.0301759690 -0.3397902250 -0.3054590821 -0.5178966522 0.7990480661
-240.9 -143.7 2506.1 0.9800430536 -0.0040346715 -0.1987442970 0.0038841581 0.9999917746 -0.0011471834 0.1987473071 0.0003523348 0.9800506830
-239.3 -531.8 2505.9 0.9801031947 -0.0018686777 -0.1984799355 -0.0054401685 0.9993271232 -0.0362724178 0.1984141618 0.0366304740 0.9794335365
-75.6 -128.2 2573.5 0.7600850463 0.1030323207 -0.6416034698 -0.2038868666 0.9753046632 -0.0849176422 0.6170095801 0.1953591555 0.7623214126
-115.6 -506.8 2497.7 0.7653056979 -0.1026233882 -0.6354334354 0.1046438068 0.9939116240 -0.0344868079 0.6351038218 -0.0401012227 0.7713851333
-290.0 264.2 2289.3 0 0 0 0 0 0 0 0 0
-17.7 -274.0 2414.9 0 0 0 0 0 0 0 0 0
-238.7 -849.3 2494.3 0 0 0 0 0 0 0 0 0
-82.1 -831.5 2510.8 0 0 0 0 0 0 0 0 0
-154.0 439.6 2389.5 58 0.9024640918 0.0019753079 -0.4307606220 0.1213813201 0.9583026171 0.2586940825 0.4133100510 -0.2857483923 0.8645939231
-154.4 244.6 2447.7 0.9024640918 0.0019753079 -0.4307606220 0.1213813201 0.9583026171 0.2586940825 0.4133100510 -0.2857483923 0.8645939231
-153.2 56.8 2496.8 0.9024800062 -0.0066804742 -0.4306798875 0.1148486882 0.9674134254 0.2256568372 0.4151380360 -0.2531138062 0.8738385439
-277.5 228.9 2391.1 0.5465019345 -0.8229348063 -0.1552865207 0.5538129210 0.4942274094 -0.6700973511 0.6281933188 0.2802098393 0.7258481979
-377.5 127.5 2276.2 -0.5306044221 -0.8229348063 -0.2030695528 -0.8448768258 0.4942274094 0.2047497034 -0.0681331158 0.2802098393 -0.9575178027
-31.3 260.3 2504.3 0.2073487043 0.8576231003 0.4706262648 -0.9782345295 0.1856953949 0.0925979018 -0.0079790344 -0.4795829356 0.8774603009
24.5 -3.0 2502.1 -0.1571029574 0.8432794213 0.5140023828 -0.9398496747 0.0321872234 -0.3400684595 -0.3033170402 -0.5365107656 0.7874991894
-238.8 -138.5 2505.1 0.9854427576 0.0085244747 -0.1697936952 -0.0067907269 0.9999187589 0.0107890284 0.1698718667 -0.0094789471 0.9854205847
-242.1 -526.6 2508.8 0.9854247570 -0.0059647961 -0.1700073183 -0.0010244265 0.9991588593 -0.0409939662 0.1701088399 0.0405706279 0.9845897555
-79.8 -118.6 2584.0 0.7775809169 0.0934535339 -0.6217992902 -0.2108419687 0.9703938961 -0.1178192943 0.5923795700 0.2227154225 0.7742636800
-116.0 -495.1 2497.6 0.7856413722 -0.0986547768 -0.6107658148 0.1020407900 0.9943469763 -0.0293559581 0.6102092266 -0.0392597690 0.7912669182
-286.9 271.8 2287.8 0 0 0 0 0 0 0 0 0
-18.7 -261.1 2418.8 0 0 0 0 0 0 0 0 0
-240.2 -850.2 2495.7 0 0 0 0 0 0 0 0 0
-82.7 -831.2 2510.8 0 0 0 0 0 0 0 0 0
-155.1 441.0 2386.7 59 0.9051249623 0.0081820432 -0.4250668585 0.1181015745 0.9556246996 0.2698767185 0.4084125459 -0.2944732010 0.8639934659
-156.7 245.9 2446.9 0.9051249623 0.0081820432 -0.4250668585 0.1181015745 0.9556246996 0.2698767185 0.4084125459 -0.2944732010 0.8639934659
-156.3 58.4 2496.9 0.9051062465 -0.0024683923 -0.4251783490 0.1117945835 0.9661799073 0.2323755622 0.4102251828 -0.2578572035 0.8747713566
-280.3 230.7 2390.9 0.5405959487 -0.8234825134 -0.1721410006 0.5693627000 0.5087597966 -0.6457473040 0.6193400621 0.2510777116 0.7438937426
-378.0 127.8 2278.9 -0.5357373357 -0.8234825134 -0.1867138296 -0.8429611325 0.5087597966 0.1748715788 -0.0490112007 0.2510777116 -0.9667253494
-33.2 261.2 2502.8 0.2131299227 0.8538727164 0.4748441875 -0.9769939780 0.1900598407 0.0967469737 -0.0076392083 -0.4845395982 0.8747359514
25.8 -9.0 2500.7 -0.1542410403 0.8400041461 0.5201949477 -0.9386622906 0.0397684947 -0.3425368965 -0.3084197938 -0.5411205888 0.7823463082
-232.6 -141.3 2508.8 0.9860073328 0.0222460385 -0.1652109176 -0.0220221672 0.9997524023 0.0031869069 0.1652408987 0.0004959887 0.9862530828
-241.3 -529.3 2508.6 0.9861010313 -0.0061171521 -0.1660340875 -0.0007214786 0.9991549253 -0.0410965793 0.1661451757 0.0406451710 0.9852632880
-71.2 -120.7 2583.0 0.7767545581 0.1214037091 -0.6179915071 -0.2340392172 0.9666192532 -0.1042730808 0.5847033262 0.2256288379 0.7792391181
-118.3 -495.7 2495.5 0.7876461148 -0.1058790088 -0.6069623232 0.1101022735 0.9934546351 -0.0304209366 0.6062104702 -0.0428669974 0.7941481471
-289.6 266.9 2287.0 0 0 0 0 0 0 0 0 0
-16.6 -266.7 2416.0 0 0 0 0 0 0 0 0 0
-239.3 -847.9 2495.6 0 0 0 0 0 0 0 0 0
-82.5 -832.0 2510.0 0 0 0 0 0 0 0 0 0
-156.7 440.5 2383.9 60 0.9075126052 0.0041033933 -0.4200048447 0.1210931018 0.9549384713 0.2709778249 0.4021907151 -0.2967754602 0.8661217690
-157.6 245.5 2444.5 0.9075126052 0.0041033933 -0.4200048447 0.1210931018 0.9549384713 0.2709778249 0.4021907151 -0.2967754602 0.8661217690
-156.6 58.1 2495.2 0.9075155258 -0.0049138088 -0.4199897945 0.1141139194 0.9652041197 0.2352850586 0.4042197168 -0.2614515424 0.8764984608
-281.5 229.9 2389.3 0.5922343135 -0.7930771708 -0.1424328238 0.5976411700 0.5509085655 -0.5825158954 0.5404475331 0.2598621845 0.8002425432
-380.6 129.9 2298.9 -0.5525819659 -0.7930771708 -0.2562844753 -0.8302026391 0.5509085655 0.0852255821 0.0735988468 0.2598621845 -0.9628368616
-33.6 261.1 2499.7 0.2176107466 0.8510161638 0.4779299200 -0.9760260582 0.1875670850 0.1104160324 0.0043219086 -0.4904997945 0.8714305758
26.0 -6.3 2500.8 -0.1563533843 0.8367114067 0.5248501301 -0.9416761398 0.0340411179 -0.3347943127 -0.2979926765 -0.5465850830 0.7825887203
-236.8 -139.2 2510.2 0.9872313738 -0.0042996719 -0.1592346728 0.0036048351 0.9999826550 -0.0046521956 0.1592519134 0.0040187789 0.9872298241
-235.2 -527.2 2508.7 0.9871675372 0.0147427786 -0.1590059847 -0.0209858138 0.9990704060 -0.0376554392 0.1583030373 0.0405090973 0.9865592718
-74.8 -119.1 2583.6 0.7812982798 0.1142347455 -0.6136150360 -0.2250211090 0.9685488343 -0.1062012538 0.5821841955 0.2210511863 0.7824307680
-119.1 -495.0 2497.9 0.7897508740 -0.1074758917 -0.6039391756 0.1068715453 0.9935817719 -0.0370636582 0.6040464044 -0.0352728553 0.7961681485
-292.5 262.2 2287.1 0 0 0 0 0 0 0 0 0
-17.0 -264.9 2419.0 0 0 0 0 0 0 0 0 0
-239.9 -847.7 2495.7 0 0 0 0 0 0 0 0 0
-82.6 -832.6 2509.8 0 0 0 0 0 0 0 0 0
-156.0 439.0 2378.4 61 0.9103003740 0.0109693808 -0.4138029814 0.1204952374 0.9493386745 0.2902359962 0.3960228860 -0.3140632212 0.8628616333
-158.2 245.0 2442.6 0.9103003740 0.0109693808 -0.4138029814 0.1204952374 0.9493386745 0.2902359962 0.3960228860 -0.3140632212 0.8628616333
-158.3 58.2 2495.6 0.9102531075 0.0005276784 -0.4140519202 0.1126385704 0.9619697332 0.2488509715 0.3984367251 -0.2731555998 0.8755764961
-282.5 229.6 2388.2 0.7346394062 -0.6776093245 0.0339200050 0.6454299092 0.6825934649 -0.3427628875 0.2091057599 0.2737001181 0.9388093948
-387.6 137.2 2358.3 -0.5462573171 -0.6776093245 -0.4923906028 -0.7163388133 0.6825934649 -0.1446541846 0.4341216385 0.2737001181 -0.8582695723
-33.9 260.3 2497.0 0.2152305543 0.8491778374 0.4822579920 -0.9764276743 0.1789007932 0.1207620651 0.0162721295 -0.4968817532 0.8676657081
24.9 -6.5 2501.5 -0.1544467211 0.8355041742 0.5273320079 -0.9402396679 0.0396471694 -0.3381974101 -0.3034725487 -0.5480518937 0.7794507742
-236.9 -139.5 2509.8 0.9879963398 -0.0043879882 -0.1544148922 0.0020282946 0.9998788238 -0.0154357441 0.1544639170 0.0149372593 0.9878855348
-235.2 -527.6 2504.0 0.9879199266 0.0133575695 -0.1543884724 -0.0167863462 0.9996401072 -0.0209264550 0.1540533751 0.0232652798 0.9877885580
-74.4 -119.0 2582.1 0.7824215293 0.1083395556 -0.6132528782 -0.2244929075 0.9676092267 -0.1154788360 0.5808781981 0.2280240506 0.7813997269
-116.5 -494.6 2493.6 0.7953583002 -0.0955857858 -0.5985553861 0.1091944724 0.9939270020 -0.0136270793 0.5962228775 -0.0545205250 0.8009655476
-295.0 258.7 2284.6 0 0 0 0 0 0 0 0 0
-17.5 -264.7 2418.1 0 0 0 0 0 0 0 0 0
-239.5 -848.5 2496.5 0 0 0 0 0 0 0 0 0
-83.9 -832.6 2512.2 0 0 0 0 0 0 0 0 0
-155.3 433.5 2372.7 62 0.9137960672 0.0127761541 -0.4059723318 0.1189723164 0.9472476244 0.2976030707 0.3883585632 -0.3202479780 0.8640711308
-157.9 239.2 2438.4 0.9137960672 0.0127761541 -0.4059723318 0.1189723164 0.9472476244 0.2976030707 0.3883585632 -0.3202479780 0.8640711308
-158.5 52.9 2492.9 0.9137318730 0.0032211468 -0.4063049853 0.1113190800 0.9597232938 0.2579520345 0.3907712400 -0.2809284925 0.8765711784
-282.7 224.0 2385.0 0.7883085012 -0.5901517272 0.1740421653 0.6133872271 0.7316156030 -0.2974806428 0.0482267551 0.3412617445 0.9387302995
-389.8 140.7 2378.5 -0.5121876597 -0.5901517272 -0.6240070462 -0.6660734415 0.7316156030 -0.1452060640 0.5422268510 0.3412617445 -0.7678088546
-33.1 254.4 2491.8 0.2184976041 0.8460436463 0.4862807691 -0.9752456546 0.1719682962 0.1390064508 0.0339806527 -0.5046157837 0.8626750112
25.5 -7.0 2500.9 -0.1541679651 0.8327759504 0.5317108631 -0.9391120076 0.0437499061 -0.3408146501 -0.3070845604 -0.5518787503 0.7753250599
-239.9 -138.6 2513.0 0.9891046286 -0.0060672411 -0.1470892876 0.0022908030 0.9996637106 -0.0258302763 0.1471965462 0.0252118930 0.9887858629
-237.6 -526.6 2503.2 0.9891178608 0.0033475785 -0.1470872015 -0.0072754691 0.9996309280 -0.0261746366 0.1469452828 0.0269599278 0.9887771606
-76.9 -118.4 2584.3 0.7857370973 0.1106322035 -0.6085866690 -0.2225647867 0.9685458541 -0.1112825051 0.5771327019 0.2228887528 0.7856452465
-119.8 -494.4 2497.8 0.7945166230 -0.1090286225 -0.5973743200 0.1130226851 0.9931107759 -0.0309338644 0.5966315269 -0.0429393761 0.8013657331
-297.4 260.8 2280.7 0 0 0 0 0 0 0 0 0
-16.9 -264.9 2416.6 0 0 0 0 0 0 0 0 0
-238.7 -843.9 2494.6 0 0 0 0 0 0 0 0 0
-82.9 -830.9 2512.4 0 0 0 0 0 0 0 0 0
-156.1 428.6 2370.8 63 0.9160192609 0.0091080451 -0.4010308683 0.1221058071 0.9459670782 0.3003937900 0.3820980191 -0.3241347075 0.8654119372
-158.0 234.2 2437.4 0.9160192609 0.0091080451 -0.4010308683 0.1221058071 0.9459670782 0.3003937900 0.3820980191 -0.3241347075 0.8654119372
-158.1 48.2 2492.7 0.9159777761 0.0004795739 -0.4012287557 0.1138623208 0.9585769176 0.2610856295 0.3847338259 -0.2848334610 0.8779805303
-283.1 218.7 2384.9 0.8117222190 -0.5471919775 0.2041762322 0.5829127431 0.7372869849 -0.3414976299 0.0363282859 0.3962181509 0.9174374342
-389.3 142.5 2380.1 -0.4998261034 -0.5471919775 -0.6713827252 -0.6675354838 0.7372869849 -0.1039434746 0.5518788099 0.3962181509 -0.7337853909
-32.9 249.8 2490.0 0.2041495740 0.8459014893 0.4927206337 -0.9781734347 0.1563570946 0.1368544400 0.0387250111 -0.5099050403 0.8593586087
22.2 -13.8 2500.4 -0.1536393762 0.8336296678 0.5305247307 -0.9375285506 0.0466246679 -0.3447699845 -0.3121460378 -0.5503523350 0.7743882537
-241.0 -143.4 2512.5 0.9899651408 -0.0094771348 -0.1409937441 0.0058194157 0.9996362925 -0.0263321567 0.1411920190 0.0252474155 0.9896602631
-237.3 -531.4 2502.7 0.9899923801 0.0046605389 -0.1410438269 -0.0076731849 0.9997537136 -0.0208233390 0.1409120411 0.0216972027 0.9897843599
-77.3 -123.4 2582.5 0.7899670005 0.1052552536 -0.6040475368 -0.2150227129 0.9701474905 -0.1121562943 0.5742101669 0.2184837162 0.7890167832
-118.2 -500.0 2497.6 0.7972356677 -0.1087603569 -0.5937898755 0.1095862687 0.9933673739 -0.0348151922 0.5936380029 -0.0373153053 0.8038665652
-297.5 265.0 2278.9 0 0 0 0 0 0 0 0 0
-20.0 -271.3 2414.7 0 0 0 0 0 0 0 0 0
-238.8 -846.6 2495.8 0 0 0 0 0 0 0 0 0
-81.7 -832.9 2510.2 0 0 0 0 0 0 0 0 0
-156.4 424.7 2372.4 64 0.9186978936 0.0083380546 -0.3948729932 0.1188392416 0.9476111531 0.2964968383 0.3766582608 -0.3193174303 0.8695774674
-158.1 230.5 2437.8 0.9186978936 0.0083380546 -0.3948729932 0.1188392416 0.9476111531 0.2964968383 0.3766582608 -0.3193174303 0.8695774674
-158.0 44.2 2492.4 0.9186658859 -0.0002579280 -0.3950353861 0.1112829223 0.9596702456 0.2581649423 0.3790371120 -0.2811280191 0.8816450238
-283.6 215.3 2386.1 0.7828211188 -0.6168722510 0.0816075653 0.5766458511 0.6699051261 -0.4676608741 0.2338176817 0.4131534696 0.8801326752
-386.1 139.8 2355.4 -0.5101910830 -0.6168722510 -0.5993110538 -0.7400564551 0.6699051261 -0.0595277809 0.4382025599 0.4131534696 -0.7982999086
-32.6 245.7 2489.6 0.1988969743 0.8429957032 0.4997982383 -0.9795792699 0.1557109207 0.1271947771 0.0294006020 -0.5148906708 0.8567515612
