-243.1 511.5 2344.0 4 0.9739130735 0.1328698397 -0.1839536577 -0.1129353419 0.9869314432 0.1149432063 0.1968221366 -0.0911698192 0.9761911035
-275.0 274.8 2365.9 0.9739130735 0.1328698397 -0.1839536577 -0.1129353419 0.9869314432 0.1149432063 0.1968221366 -0.0911698192 0.9761911035
-271.5 81.3 2394.2 0.9830353856 -0.0174926799 -0.1825798750 0.0433253758 0.9894177318 0.1384753436 0.1782254726 -0.1440365016 0.9733905792
-414.7 268.7 2340.5 0.4001950026 -0.6203912497 -0.6745061874 0.8962770700 0.1114562377 0.4292609096 -0.1911317855 -0.7763324976 0.6006466746
-506.5 63.1 2384.3 -0.3945604265 -0.6203912497 -0.6778176427 0.8111160994 0.1114562377 -0.5741673708 0.4317554235 -0.7763324976 0.4592331052
-135.2 281.0 2391.2 0.5645612478 0.7454215288 0.3544253707 -0.3523371518 0.6059606075 -0.7132112384 -0.7464108467 0.2777742147 0.6047415733
-45.9 225.3 2273.2 -0.4775911272 0.7454215288 0.4650305808 0.7761946321 0.6059606075 -0.1741657555 -0.4116171002 0.2777742147 -0.8679935932
-359.2 -109.5 2412.9 0.9678230286 0.1716754884 -0.1839731932 -0.1838370711 0.9816277623 -0.0510961823 0.1718212366 0.0832731575 0.9816023111
-426.1 -492.2 2380.4 0.9755164385 0.0503480211 -0.2140858918 -0.1030560806 0.9646019936 -0.2427394986 0.1942862272 0.2588592172 0.9461737275
-181.9 -105.0 2442.3 -0.7619261146 -0.0330759585 0.6468188167 -0.0508727580 0.9986658692 -0.0088578928 -0.6456628442 -0.0396545157 -0.7625922561
-169.0 -495.6 2457.8 -0.7773097754 -0.0763300881 0.6244704127 0.0702216700 0.9758827686 0.2066922784 -0.6251867414 0.2045152783 -0.7532031536
-400.8 -154.3 2268.6 0 0 0 0 0 0 0 0 0
-162.4 414.5 2172.9 0 0 0 0 0 0 0 0 0
-440.1 -759.2 2308.8 0 0 0 0 0 0 0 0 0
-148.3 -759.4 2402.5 0 0 0 0 0 0 0 0 0
-245.4 517.6 2341.1 5 0.9738051891 0.1620603651 -0.1594989896 -0.1435624361 0.9821632504 0.1214295700 0.1763329655 -0.0953506827 0.9797014594
-285.7 272.9 2364.9 0.9738051891 0.1620603651 -0.1594989896 -0.1435624361 0.9821632504 0.1214295700 0.1763329655 -0.0953506827 0.9797014594
-276.7 80.2 2397.3 0.9864574671 -0.0460015051 -0.1574343443 0.0709052235 0.9851410985 0.1564272195 0.1478991508 -0.1654717177 0.9750615358
-426.1 262.9 2343.9 0.3562105298 -0.6042437553 -0.7127436996 0.9218096137 0.1024191231 0.3738681674 -0.1529089212 -0.7901897430 0.5934804678
-507.6 51.9 2378.9 -0.4168610871 -0.6042437553 -0.6790554523 0.8045254350 0.1024191231 -0.5850206614 0.4230433404 -0.7901897430 0.4434349239
-145.4 283.0 2385.9 0.5909417868 0.7376684546 0.3265472054 -0.3817102313 0.6122882366 -0.6923874617 -0.7106933594 0.2845143080 0.6434022784
-46.1 218.8 2266.5 -0.4854500592 0.7376684546 0.4692371786 0.7738718390 0.6122882366 -0.1619428098 -0.4067685306 0.2845143080 -0.8680961728
-356.2 -116.6 2406.6 0.9704669118 0.1850330681 -0.1547797471 -0.1929833293 0.9804701805 -0.0378894806 0.1447461098 0.0666403994 0.9872221947
-428.5 -499.7 2380.6 0.9803176522 0.0444142632 -0.1923661232 -0.0940110683 0.9618223906 -0.2570206821 0.1736066639 0.2700464725 0.9470668435
-179.1 -108.3 2439.0 -0.7803035378 -0.0254155379 0.6248843074 -0.0522988923 0.9983258843 -0.0247022063 -0.6232103705 -0.0519559756 -0.7803264856
-169.1 -499.0 2459.3 -0.7962536216 -0.0807283372 0.5995524526 0.0677442849 0.9729245305 0.2209718376 -0.6011579633 0.2165658772 -0.7692257762
-395.9 -163.8 2265.5 0 0 0 0 0 0 0 0 0
-172.1 419.7 2160.9 0 0 0 0 0 0 0 0 0
-440.6 -762.3 2306.8 0 0 0 0 0 0 0 0 0
-147.5 -759.3 2401.4 0 0 0 0 0 0 0 0 0
-247.6 520.8 2346.7 6 0.9890157580 0.1162293106 -0.0913157165 -0.1061652601 0.9884370565 0.1082643345 0.1028433293 -0.0973805785 0.9899193048
-273.8 297.9 2368.7 0.9890157580 0.1162293106 -0.0913157165 -0.1061652601 0.9884370565 0.1082643345 0.1028433293 -0.0973805785 0.9899193048
-275.2 104.3 2394.7 0.9959312081 0.0064857556 -0.0898833126 0.0054007894 0.9913182855 0.1313732415 0.0899550244 -0.1313241422 0.9872497320
-415.1 297.1 2356.1 0.3356166482 -0.5248597860 -0.7822299600 0.9400983453 0.1339020282 0.3135048449 -0.0598039068 -0.8405905366 0.5383595824
-507.9 37.1 2372.6 -0.4501754940 -0.5248597860 -0.7224017382 0.7944626212 0.1339020282 -0.5923676491 0.4076409936 -0.8405905366 0.3567020595
-132.5 298.8 2381.3 0.5060290694 0.7967040539 0.3304500878 -0.5454357266 0.5923747420 -0.5929519534 -0.6681575179 0.1198116541 0.7343096733
-44.5 203.9 2265.1 -0.4929471314 0.7967040539 0.3496652544 0.7516209483 0.5923747420 -0.2901002467 -0.4382569194 0.1198116541 -0.8908288479
-358.7 -111.7 2414.3 0.9791947007 0.1759178638 -0.1011467427 -0.1837362796 0.9801892042 -0.0739599541 0.0861320719 0.0910055265 0.9921185970
-428.7 -501.5 2378.1 0.9904072881 0.0420393348 -0.1316286176 -0.0744547546 0.9648412466 -0.2520670891 0.1164039969 0.2594494522 0.9587158561
-178.4 -106.1 2443.2 -0.8176018000 -0.0225261636 0.5753433108 -0.0474428013 0.9984722137 -0.0283266921 -0.5738261938 -0.0504558533 -0.8174213767
-169.6 -497.1 2462.9 -0.8318161964 -0.0827214196 0.5488524437 0.0599582829 0.9696543813 0.2370135337 -0.5518032312 0.2300599366 -0.8016143441
-387.3 -175.7 2263.4 0 0 0 0 0 0 0 0 0
-177.3 406.4 2147.0 0 0 0 0 0 0 0 0 0
-440.1 -764.6 2307.4 0 0 0 0 0 0 0 0 0
-147.2 -760.0 2400.5 0 0 0 0 0 0 0 0 0
-247.4 523.4 2342.5 7 0.9931243062 0.0993193164 -0.0619663224 -0.0908794999 0.9877712727 0.1266838163 0.0737907067 -0.1201813072 0.9900057316
-268.5 313.0 2368.1 0.9931243062 0.0993193164 -0.0619663224 -0.0908794999 0.9877712727 0.1266838163 0.0737907067 -0.1201813072 0.9900057316
-277.3 119.5 2394.4 0.9971295595 0.0444218740 -0.0613133572 -0.0357668437 0.9901084900 0.1356686056 0.0667335317 -0.1330861896 0.9888552427
-410.1 318.0 2358.7 0.3659764230 -0.5434113145 -0.7554901838 0.9248532057 0.1221090779 0.3601887226 -0.1034784168 -0.8305380940 0.5472647548
-507.8 71.3 2386.3 -0.4049115479 -0.5434113145 -0.7353575826 0.8285383582 0.1221090779 -0.5464555025 0.3867439330 -0.8305380940 0.4007937312
-126.9 307.9 2377.5 0.4609484076 0.8299646974 0.3141419590 -0.6530948281 0.5569338799 -0.5131196976 -0.6008275151 0.0313572176 0.7987633944
-42.9 189.0 2268.1 -0.4749667943 0.8299646974 0.2925151885 0.7350558639 0.5569338799 -0.3866750300 -0.4838382304 0.0313572176 -0.8745955229
-367.3 -86.2 2411.7 0.9851034880 0.1536831856 -0.0771532580 -0.1577073038 0.9862662554 -0.0490643159 0.0685532987 0.0605010577 0.9958112836
-428.0 -475.2 2387.8 0.9933388233 0.0381438583 -0.1087339744 -0.0656926781 0.9627165198 -0.2624144256 0.0946704969 0.2678094506 0.9588094950
-187.0 -88.7 2428.8 -0.8313292265 -0.0374768004 0.5545152426 -0.0843176320 0.9946797490 -0.0591837540 -0.5493471026 -0.0959566012 -0.8300663233
-172.3 -477.8 2466.3 -0.8508328795 -0.0869024843 0.5182001591 0.0469412059 0.9697129726 0.2396942228 -0.5233353972 0.2282646745 -0.8209843636
-399.4 -150.4 2282.8 0 0 0 0 0 0 0 0 0
-174.7 392.9 2133.8 0 0 0 0 0 0 0 0 0
-439.4 -764.3 2307.4 0 0 0 0 0 0 0 0 0
-147.1 -760.0 2399.9 0 0 0 0 0 0 0 0 0
-247.6 520.9 2339.9 8 0.9947131872 0.0898757875 -0.0496789068 -0.0824610516 0.9873810410 0.1351993382 0.0612031557 -0.1303879917 0.9895722270
-266.2 316.6 2366.9 0.9947131872 0.0898757875 -0.0496789068 -0.0824610516 0.9873810410 0.1351993382 0.0612031557 -0.1303879917 0.9895722270
-278.1 123.1 2392.9 0.9969365001 0.0604160316 -0.0496739782 -0.0532182977 0.9893792868 0.1352641732 0.0573185310 -0.1322062314 0.9895635843
-408.0 324.2 2358.7 0.3967342079 -0.5922290683 -0.7013320923 0.9070662260 0.1357156187 0.3985123336 -0.1408288926 -0.7942581177 0.5910340548
-510.3 90.5 2395.0 -0.3680672050 -0.5922290683 -0.7167923450 0.8313016891 0.1357156187 -0.5389979482 0.4164901972 -0.7942581177 0.4423685670
-124.4 309.1 2375.0 0.4432890117 0.8413553834 0.3092183769 -0.7170705795 0.5398424864 -0.4408853054 -0.5378704071 -0.0262917876 0.8426174521
-41.9 175.6 2274.9 -0.4714513123 0.8413553834 0.2643005848 0.7092398405 0.5398424864 -0.4533751011 -0.5241302252 -0.0262917876 -0.8512321711
-376.4 -69.0 2414.2 0.9900416732 0.1216471717 -0.0708477199 -0.1262065321 0.9899451137 -0.0638792664 0.0623646230 0.0721845776 0.9954396486
-424.2 -457.9 2385.9 0.9944309592 0.0508593023 -0.0923060328 -0.0723889917 0.9661770463 -0.2475110739 0.0765957311 0.2528146207 0.9644780159
-196.2 -77.2 2426.7 -0.8362090588 -0.0601652823 0.5451005101 -0.1075324342 0.9926571250 -0.0553954653 -0.5377650261 -0.1049381718 -0.8365385532
-172.7 -465.7 2467.8 -0.8596735001 -0.0836291835 0.5039519668 0.0439651534 0.9707363248 0.2360890806 -0.5089484453 0.2251158506 -0.8308395147
-411.8 -131.9 2283.6 0 0 0 0 0 0 0 0 0
-174.9 375.7 2127.0 0 0 0 0 0 0 0 0 0
-440.3 -762.5 2306.2 0 0 0 0 0 0 0 0 0
-147.4 -758.7 2399.8 0 0 0 0 0 0 0 0 0
-248.7 516.7 2341.1 9 0.9939386845 0.0788036883 -0.0766544789 -0.0676221699 0.9879980683 0.1388777345 0.0866785571 -0.1328524053 0.9873383641
-264.7 316.1 2368.0 0.9939386845 0.0788036883 -0.0766544789 -0.0676221699 0.9879980683 0.1388777345 0.0866785571 -0.1328524053 0.9873383641
-277.3 122.5 2393.5 0.9949581623 0.0642945394 -0.0769707486 -0.0535340086 0.9894654751 0.1345072687 0.0848079771 -0.1297085434 0.9879186749
-406.3 323.8 2356.0 0.4086888433 -0.6346385479 -0.6559019089 0.8964389563 0.1441840231 0.4190563262 -0.1713787317 -0.7592396736 0.6278411150
-509.6 97.2 2399.3 -0.3310307562 -0.6346385479 -0.6983212233 0.8370293379 0.1441840231 -0.5278189778 0.4356610477 -0.7592396736 0.4834817350
-123.1 308.5 2380.1 0.4247575998 0.8500885367 0.3113366365 -0.7431566119 0.5238094330 -0.4163435102 -0.5170099139 -0.0545267910 0.8542409539
-40.7 164.3 2279.8 -0.4575959146 0.8500885367 0.2606827617 0.6834197044 0.5238094330 -0.5084890723 -0.5688088536 -0.0545267910 -0.8206602931
-380.2 -64.7 2413.5 0.9895873666 0.1025828496 -0.1009631753 -0.1115796119 0.9898599982 -0.0879045427 0.0909219086 0.0982546583 0.9909991026
-420.4 -452.8 2375.0 0.9917432070 0.0607886128 -0.1129164696 -0.0836284161 0.9740962386 -0.2101018280 0.0972197056 0.2178100944 0.9711369872
-200.0 -75.2 2424.1 -0.8205374479 -0.0738820806 0.5667977333 -0.1147181913 0.9927209020 -0.0366731994 -0.5599625111 -0.0951137543 -0.8230403066
-171.1 -463.9 2461.3 -0.8441619873 -0.0781637430 0.5303592682 0.0431384332 0.9762009978 0.2125339359 -0.5343497396 0.2022919357 -0.8206999302
-421.0 -126.8 2282.7 0 0 0 0 0 0 0 0 0
-170.3 357.9 2118.7 0 0 0 0 0 0 0 0 0
-439.7 -761.7 2305.9 0 0 0 0 0 0 0 0 0
-147.3 -760.5 2399.8 0 0 0 0 0 0 0 0 0
-249.2 515.2 2346.2 0 0.9955831766 0.0734469444 -0.0584784001 -0.0661976710 0.9908650517 0.1174916551 0.0665736049 -0.1131015792 0.9913505912
-264.1 314.8 2369.1 0.9955831766 0.0734469444 -0.0584784001 -0.0661976710 0.9908650517 0.1174916551 0.0665736049 -0.1131015792 0.9913505912
-277.1 120.7 2391.0 0.9960899949 0.0661213472 -0.0585896149 -0.0589991398 0.9915056825 0.1159119830 0.0657561943 -0.1120020300 0.9915299416
-405.9 323.1 2359.7 0.4083178043 -0.6442372799 -0.6467108727 0.8988575935 0.1602322906 0.4078978598 -0.1591590345 -0.7478529215 0.6445032358
-507.9 98.6 2399.5 -0.3116318285 -0.6442372799 -0.6984582543 0.8379657269 0.1602322906 -0.5216695070 0.4479945004 -0.7478529215 0.4899152517
-122.2 306.4 2378.4 0.4145412743 0.8663368821 0.2785964608 -0.7889556885 0.4947089851 -0.3644337058 -0.4535465240 -0.0687274486 0.8885787129
-42.2 154.1 2290.9 -0.4239703417 0.8663368821 0.2640257478 0.6556605101 0.4947089851 -0.5704141855 -0.6247867346 -0.0687274486 -0.7777647972
-379.9 -65.9 2411.2 0.9916696548 0.0996033773 -0.0816731080 -0.1068262979 0.9902471900 -0.0894349962 0.0719685331 0.0974148065 0.9926383495
-418.9 -454.0 2373.0 0.9934397936 0.0673024207 -0.0924538150 -0.0848435685 0.9758507609 -0.2012881339 0.0766739473 0.2078117579 0.9751591682
-200.1 -76.1 2426.6 -0.8298786283 -0.0730046034 0.5531471968 -0.1158461049 0.9923432469 -0.0428323299 -0.5457848907 -0.0996255800 -0.8319817185
-171.5 -464.7 2465.6 -0.8542788029 -0.0777378455 0.5139694214 0.0448799916 0.9740318656 0.2219181955 -0.5178740621 0.2126469612 -0.8286058903
-424.5 -125.8 2279.5 0 0 0 0 0 0 0 0 0
-162.3 339.7 2113.9 0 0 0 0 0 0 0 0 0
-440.1 -760.6 2307.7 0 0 0 0 0 0 0 0 0
-148.0 -758.9 2401.4 0 0 0 0 0 0 0 0 0
-249.9 516.1 2348.7 1 0.9963385463 0.0655215457 -0.0549220406 -0.0591422431 0.9920964241 0.1106658801 0.0617389567 -0.1070124656 0.9923389554
-263.1 316.4 2370.3 0.9963385463 0.0655215457 -0.0549220406 -0.0591422431 0.9920964241 0.1106658801 0.0617389567 -0.1070124656 0.9923389554
-275.3 122.0 2390.7 0.9965595007 0.0619030967 -0.0551104061 -0.0557006374 0.9926183820 0.1077319458 0.0613725446 -0.1042916104 0.9926513433
-405.1 324.3 2361.5 0.4185006320 -0.6435022950 -0.6409071684 0.8937808275 0.1664913595 0.4164569974 -0.1612855196 -0.7471180558 0.6448267698
-510.9 98.3 2402.3 -0.3220587671 -0.6435022950 -0.6943939328 0.8265671730 0.1664913595 -0.5376498103 0.4615894854 -0.7471180558 0.4782778621
-121.2 308.5 2379.0 0.3831260800 0.8873465061 0.2565747797 -0.8439075947 0.4491895735 -0.2933405936 -0.3755454421 -0.1041389629 0.9209346771
-44.4 139.4 2303.8 -0.3937412202 0.8873465061 0.2399667650 0.6206026077 0.4491895735 -0.6427139044 -0.6781004667 -0.1041389629 -0.7275540233
-380.1 -67.9 2407.0 0.9921928644 0.0993211642 -0.0754230767 -0.1051430553 0.9914249182 -0.0775983930 0.0670691580 0.0849227831 0.9941276908
-419.0 -456.3 2373.7 0.9937133193 0.0694013312 -0.0878484398 -0.0863981023 0.9744095802 -0.2075121850 0.0711987391 0.2137975544 0.9742799401
-200.1 -78.8 2418.9 -0.8306874633 -0.0717750713 0.5520929694 -0.1265673339 0.9900357127 -0.0617251359 -0.5421614647 -0.1211512312 -0.8314946294
-172.0 -466.4 2466.4 -0.8575734496 -0.0821367726 0.5077611208 0.0413079560 0.9729813933 0.2271583080 -0.5127001405 0.2157795131 -0.8310101032
-424.7 -123.2 2278.6 0 0 0 0 0 0 0 0 0
-156.7 316.4 2110.3 0 0 0 0 0 0 0 0 0
-440.4 -757.1 2307.7 0 0 0 0 0 0 0 0 0
-147.1 -761.6 2400.9 0 0 0 0 0 0 0 0 0
-250.4 514.7 2351.0 2 0.9958238602 0.0628764480 -0.0661917850 -0.0556821339 0.9928669930 0.1054262370 0.0723484606 -0.1013002619 0.9922217131
-263.0 315.5 2371.3 0.9958238602 0.0628764480 -0.0661917850 -0.0556821339 0.9928669930 0.1054262370 0.0723484606 -0.1013002619 0.9922217131
-274.8 121.0 2391.1 0.9959938526 0.0600896925 -0.0662228689 -0.0529369749 0.9930703044 0.1049242690 0.0720688254 -0.1009982899 0.9922728539
-404.9 323.0 2361.1 0.4279380441 -0.6449249983 -0.6331988573 0.8883578777 0.1711549312 0.4260589778 -0.1664009690 -0.7448340654 0.6461679339
-513.1 98.4 2403.1 -0.3240637183 -0.6449249983 -0.6921375990 0.8214004636 0.1711549312 -0.5440654755 0.4693441987 -0.7448340654 0.4742766023
-121.1 308.0 2381.6 0.3736129105 0.8917360306 0.2553826272 -0.8677145243 0.4333012700 -0.2435599864 -0.3278488219 -0.1306020617 0.9356592298
-44.6 130.3 2314.5 -0.3810103238 0.8917360306 0.2442089468 0.5630890727 0.4333012700 -0.7036907673 -0.7333224416 -0.1306020617 -0.6672190428
-377.5 -67.2 2405.6 0.9905415177 0.1081134602 -0.0844923258 -0.1138093919 0.9913228154 -0.0657762736 0.0766478702 0.0747701526 0.9942507148
-419.9 -455.5 2376.3 0.9928361177 0.0661320090 -0.0995139927 -0.0860288292 0.9736349583 -0.2112677246 0.0829187408 0.2183153033 0.9723491669
-197.4 -77.4 2416.7 -0.8242626786 -0.0707935542 0.5617644787 -0.1289328635 0.9895550013 -0.0644761994 -0.5513323545 -0.1255752295 -0.8247808814
-169.6 -464.9 2465.9 -0.8521134257 -0.0717208236 0.5184195042 0.0516506620 0.9742051959 0.2196734846 -0.5208021402 0.2139634490 -0.8264289498
-426.3 -121.7 2277.3 0 0 0 0 0 0 0 0 0
-152.4 289.5 2107.1 0 0 0 0 0 0 0 0 0
-440.3 -756.4 2308.8 0 0 0 0 0 0 0 0 0
-147.9 -759.8 2401.1 0 0 0 0 0 0 0 0 0
-246.4 519.1 2345.1 3 0.9946726561 0.0683618784 -0.0771550685 -0.0587185025 0.9909152985 0.1209918633 0.0847253725 -0.1158168688 0.9896504879
-260.3 319.0 2368.5 0.9946726561 0.0683618784 -0.0771550685 -0.0587185025 0.9909152985 0.1209918633 0.0847253725 -0.1158168688 0.9896504879
-273.2 124.8 2390.7 0.9948145747 0.0660324916 -0.0773545131 -0.0566259921 0.9913917780 0.1180500984 0.0844837725 -0.1130576804 0.9899901152
-402.0 327.0 2356.5 0.4360569715 -0.6466132402 -0.6258958578 0.8826019764 0.1715038568 0.4377215207 -0.1756929904 -0.7432884574 0.6454876065
-515.0 98.3 2402.0 -0.3254892528 -0.6466132402 -0.6898899078 0.8192105889 0.1715038568 -0.5472480655 0.4721766412 -0.7432884574 0.4738897681
-118.5 310.9 2380.6 0.3490010202 0.9062543511 0.2385399938 -0.8956283927 0.3974664807 -0.1996752620 -0.2757682204 -0.1439563185 0.9503833055
-45.5 123.5 2322.9 -0.3513414562 0.9062543511 0.2350791544 0.5188165307 0.3974664807 -0.7568684220 -0.7793514132 -0.1439563185 -0.6098262072
-376.6 -68.6 2404.4 0.9893833995 0.1065699682 -0.0988097489 -0.1140848100 0.9907262921 -0.0737978816 0.0900287777 0.0842870846 0.9923661351
-418.4 -456.7 2371.4 0.9913960099 0.0693888888 -0.1109915003 -0.0900189430 0.9770080447 -0.1932663471 0.0950290486 0.2015948147 0.9748482108
-196.6 -78.2 2417.4 -0.8188322783 -0.0668235868 0.5701301098 -0.1249178201 0.9901421070 -0.0633572936 -0.5602760315 -0.1230984032 -0.8191077709
-170.4 -466.1 2465.6 -0.8457238078 -0.0723408759 0.5286946297 0.0516734272 0.9750097990 0.2160689682 -0.5311130881 0.2100541443 -0.8208509088
-427.7 -121.3 2275.4 0 0 0 0 0 0 0 0 0
-144.5 269.7 2103.3 0 0 0 0 0 0 0 0 0
-439.8 -758.3 2309.1 0 0 0 0 0 0 0 0 0
-148.7 -758.8 2402.6 0 0 0 0 0 0 0 0 0
-244.4 519.4 2341.7 4 0.9909579754 0.0726404265 -0.1128080711 -0.0570316836 0.9890790582 0.1359045208 0.1214482561 -0.1282420307 0.9842785597
-259.1 319.2 2367.7 0.9909579754 0.0726404265 -0.1128080711 -0.0570316836 0.9890790582 0.1359045208 0.1214482561 -0.1282420307 0.9842785597
-272.3 125.2 2391.4 0.9912617207 0.0674912781 -0.1133363098 -0.0527411364 0.9903134704 0.1284429878 0.1209072545 -0.1213431284 0.9852194190
-400.2 326.6 2350.4 0.4490971267 -0.6629367471 -0.5990213752 0.8674335480 0.1627931744 0.4701674283 -0.2141746879 -0.7307620645 0.6481635571
-514.9 105.1 2405.1 -0.3130334914 -0.6629367471 -0.6800917983 0.8263871074 0.1627931744 -0.5390572548 0.4680751860 -0.7307620645 0.4968826771
-117.9 311.7 2384.9 0.3337876499 0.9172581434 0.2173091173 -0.9130397439 0.3719196618 -0.1674341112 -0.2344018519 -0.1425244212 0.9616353512
-47.3 118.6 2335.3 -0.3147644699 0.9172581434 0.2440507859 0.4576318562 0.3719196618 -0.8076192737 -0.8315626383 -0.1425244212 -0.5368336439
-376.1 -64.2 2405.2 0.9846897125 0.1107168198 -0.1346400231 -0.1203996167 0.9905281663 -0.0660140291 0.1260558665 0.0812139437 0.9886931777
-419.4 -452.2 2373.3 0.9868682027 0.0645137280 -0.1480850577 -0.0932624042 0.9761033058 -0.1962766051 0.1318837702 0.2075098902 0.9693019986
-196.2 -74.4 2420.4 -0.7983688116 -0.0631913617 0.5988439918 -0.1238591745 0.9904468656 -0.0606127977 -0.5892929435 -0.1225636899 -0.7985686660
-171.5 -462.4 2468.5 -0.8274022937 -0.0753059611 0.5565379262 0.0606960021 0.9731743932 0.2219181061 -0.5583202243 0.2173951715 -0.8006359339
-431.0 -116.5 2279.7 0 0 0 0 0 0 0 0 0
-135.5 246.9 2102.2 0 0 0 0 0 0 0 0 0
-439.6 -757.8 2308.4 0 0 0 0 0 0 0 0 0
-148.7 -756.9 2402.7 0 0 0 0 0 0 0 0 0
-243.9 516.7 2335.5 5 0.9869587421 0.0713202283 -0.1443116516 -0.0480119586 0.9861122966 0.1589887440 0.1536466032 -0.1499866396 0.9766763449
-258.4 316.7 2365.9 0.9869587421 0.0713202283 -0.1443116516 -0.0480119586 0.9861122966 0.1589887440 0.1536466032 -0.1499866396 0.9766763449
-271.3 123.1 2392.6 0.9872138500 0.0655544549 -0.1452978402 -0.0443320610 0.9884728789 0.1447618157 0.1531127691 -0.1364695132 0.9787402749
-398.9 322.9 2344.1 0.4614615142 -0.6604731679 -0.5923077464 0.8550868034 0.1532306969 0.4953250885 -0.2363892198 -0.7350479960 0.6354719996
-515.4 107.1 2403.8 -0.3172355890 -0.6604731679 -0.6805415154 0.8303396702 0.1532306969 -0.5357763767 0.4581457973 -0.7350479960 0.4998068810
-117.8 310.4 2387.7 0.3210662901 0.9253108501 0.2017826140 -0.9267129302 0.3508800268 -0.1344853938 -0.1952422857 -0.1438158303 0.9701533318
-49.6 113.6 2346.2 -0.2835774422 0.9253108501 0.2517610192 0.3884758949 0.3508800268 -0.8520385623 -0.8767384291 -0.1438158303 -0.4589626491
-375.1 -64.0 2404.3 0.9795262218 0.1125971749 -0.1668839306 -0.1243738309 0.9903058410 -0.0618501268 0.1583019793 0.0813398138 0.9840347171
-419.2 -451.9 2372.4 0.9813874364 0.0671962202 -0.1798983663 -0.1013240293 0.9769616127 -0.1878282577 0.1631324440 0.2025603205 0.9655864239
-196.0 -73.5 2426.1 -0.7800332904 -0.0591148324 0.6229394078 -0.1151009500 0.9920955896 -0.0499807931 -0.6150608659 -0.1106875986 -0.7806717753
-172.9 -462.1 2469.5 -0.8087617159 -0.0775757208 0.5829978585 0.0677380338 0.9723800421 0.2233576179 -0.5842226148 0.2201342136 -0.7811688781
-430.3 -115.5 2280.9 0 0 0 0 0 0 0 0 0
-128.3 221.4 2103.0 0 0 0 0 0 0 0 0 0
-440.3 -758.7 2308.8 0 0 0 0 0 0 0 0 0
-149.2 -758.4 2402.4 0 0 0 0 0 0 0 0 0
-244.6 513.8 2330.4 6 0.9877848029 0.0708562806 -0.1387824416 -0.0464412123 0.9840268493 0.1718557477 0.1487427056 -0.1633112729 0.9752973914
-258.9 314.6 2363.4 0.9877848029 0.0708562806 -0.1387824416 -0.0464412123 0.9840268493 0.1718557477 0.1487427056 -0.1633112729 0.9752973914
-271.7 121.4 2392.4 0.9880403876 0.0648745000 -0.1398839802 -0.0427302904 0.9868543744 0.1558608115 0.1481565088 -0.1480194926 0.9778240323
-399.7 320.7 2342.3 0.4753305614 -0.6617291570 -0.5798063278 0.8422172070 0.1516613215 0.5173673630 -0.2544228435 -0.7342433929 0.6294089556
-518.2 110.8 2405.8 -0.3257069290 -0.6617291570 -0.6752995849 0.8239365816 0.1516613215 -0.5460103750 0.4637278020 -0.7342433929 0.4958257079
-118.2 308.5 2384.5 0.3069779575 0.9378849864 0.1616673023 -0.9429515600 0.3227316737 -0.0817718208 -0.1288677156 -0.1273422986 0.9834516048
-52.8 107.7 2357.1 -0.2371821702 0.9378849864 0.2532121837 0.3285396695 0.3227316737 -0.8876406550 -0.9142244458 -0.1273422986 -0.3846786022
-373.3 -66.5 2405.5 0.9800915122 0.1129868999 -0.1632622033 -0.1251952350 0.9899009466 -0.0665001273 0.1540997624 0.0856158584 0.9843389392
-417.6 -454.2 2372.0 0.9816386104 0.0742822140 -0.1756922752 -0.1070910990 0.9768199325 -0.1853491217 0.1578515768 0.2007609308 0.9668391347
-195.0 -74.4 2433.2 -0.7850136757 -0.0597401261 0.6165911555 -0.0955124721 0.9951094985 -0.0251878910 -0.6120709777 -0.0786649808 -0.7868804932
-171.6 -464.0 2464.0 -0.8068332076 -0.0733708963 0.5862054825 0.0600472204 0.9769345522 0.2049224377 -0.5877197385 0.2005382478 -0.7838175297
-430.8 -110.1 2281.4 0 0 0 0 0 0 0 0 0
-118.1 198.2 2105.5 0 0 0 0 0 0 0 0 0
-440.8 -759.0 2309.4 0 0 0 0 0 0 0 0 0
-149.4 -760.1 2403.2 0 0 0 0 0 0 0 0 0
-245.2 513.9 2334.3 7 0.9827721119 0.0679352358 -0.1718831062 -0.0401435532 0.9862548709 0.1602803916 0.1804092377 -0.1506190896 0.9719909430
-258.9 313.8 2364.9 0.9827721119 0.0679352358 -0.1718831062 -0.0401435532 0.9862548709 0.1602803916 0.1804092377 -0.1506190896 0.9719909430
-271.4 120.3 2392.3 0.9829140902 0.0638182089 -0.1726474017 -0.0380157307 0.9881322384 0.1488271952 0.1800963432 -0.1397210211 0.9736751914
-398.9 319.2 2339.2 0.4745584130 -0.6601491570 -0.5822347999 0.8415133953 0.1462526470 0.5200628638 -0.2581656873 -0.7367585897 0.6249297857
-518.5 107.2 2404.3 -0.3422336876 -0.6601491570 -0.6686397791 0.8145718575 0.1462526470 -0.5613223910 0.4683468640 -0.7367585897 0.4876863658
-119.0 308.4 2390.5 0.2810862958 0.9509498477 0.1291699260 -0.9503780603 0.2945252359 -0.1001819074 -0.1333117783 -0.0946004987 0.9865489006
-57.9 102.0 2361.6 -0.1808628887 0.9509498477 0.2509641051 0.2812550068 0.2945252359 -0.9133183956 -0.9424352646 -0.0946004987 -0.3207280934
-373.7 -68.1 2408.0 0.9741983414 0.1171723157 -0.1928942800 -0.1300950795 0.9899353981 -0.0557061285 0.1844256669 0.0793634206 0.9796369672
-419.6 -455.8 2377.0 0.9756658673 0.0695829093 -0.2079287767 -0.1119586676 0.9734652042 -0.1995765567 0.1885243058 0.2179994583 0.9575671554
-195.1 -75.8 2434.8 -0.7641586661 -0.0602325089 0.6422098875 -0.0941440910 0.9953836203 -0.0186645668 -0.6381210089 -0.0747229606 -0.7663015723
-171.5 -465.6 2464.1 -0.7873581052 -0.0754912049 0.6118564606 0.0675785989 0.9759250283 0.2073726803 -0.6127808690 0.2046249509 -0.7633008957
-426.8 -111.2 2278.7 0 0 0 0 0 0 0 0 0
-107.1 178.4 2105.3 0 0 0 0 0 0 0 0 0
-441.1 -757.6 2309.4 0 0 0 0 0 0 0 0 0
-149.0 -757.4 2402.9 0 0 0 0 0 0 0 0 0
-241.1 515.5 2329.8 8 0.9784769416 0.0770463198 -0.1914335340 -0.0428315587 0.9833095074 0.1768273860 0.2018623054 -0.1648221165 0.9654456377
-256.7 315.8 2363.3 0.9784769416 0.0770463198 -0.1914335340 -0.0428315587 0.9833095074 0.1768273860 0.2018623054 -0.1648221165 0.9654456377
-270.8 122.8 2392.9 0.9786497951 0.0720522851 -0.1924916059 -0.0405481271 0.9858167171 0.1628535092 0.2014954090 -0.1515713781 0.9676909447
-396.1 321.6 2334.6 0.4793899953 -0.6590019464 -0.5795702338 0.8356995583 0.1411655992 0.5307339430 -0.2679393291 -0.7387751341 0.6184009910
-520.1 105.4 2403.9 -0.3477306068 -0.6590019464 -0.6669331789 0.8137730956 0.1411655992 -0.5637779832 0.4656788111 -0.7387751341 0.4871904552
-117.3 310.1 2392.0 0.2584182024 0.9606779218 0.1015773267 -0.9606540203 0.2666355669 -0.0777773187 -0.1018030792 -0.0774815977 0.9917826056
-60.3 98.2 2369.5 -0.1405567974 0.9606779218 0.2394612879 0.2263343632 0.2666355669 -0.9368448257 -0.9638550282 -0.0774815977 -0.2549118698
-372.7 -69.8 2403.3 0.9690511227 0.1215178594 -0.2148799300 -0.1349747181 0.9896343946 -0.0490466356 0.2066925317 0.0765320510 0.9754081368
-420.3 -457.4 2373.4 0.9707551599 0.0688211620 -0.2299957126 -0.1140330136 0.9752391577 -0.1894863695 0.2112601548 0.2101719826 0.9545663595
-195.1 -76.7 2435.9 -0.7510006428 -0.0598038994 0.6575876474 -0.0975633785 0.9950091839 -0.0209321659 -0.6530539393 -0.0798765421 -0.7530871630
-171.7 -466.4 2467.2 -0.7771333456 -0.0765094385 0.6246679425 0.0774130374 0.9734233022 0.2155326307 -0.6245566010 0.2158550471 -0.7505568862
-426.9 -112.8 2279.0 0 0 0 0 0 0 0 0 0
-98.3 159.4 2108.7 0 0 0 0 0 0 0 0 0
-441.5 -758.6 2308.5 0 0 0 0 0 0 0 0 0
-148.8 -757.4 2402.6 0 0 0 0 0 0 0 0 0
-241.5 514.2 2327.5 9 0.9785841107 0.0791069120 -0.1900402308 -0.0436618999 0.9819694757 0.1839280725 0.2011636943 -0.1716915667 0.9643936753
-257.5 315.2 2362.3 0.9785841107 0.0791069120 -0.1900402308 -0.0436618999 0.9819694757 0.1839280725 0.2011636943 -0.1716915667 0.9643936753
-271.9 122.3 2393.1 0.9787770510 0.0736855567 -0.1912221611 -0.0411779173 0.9848045111 0.1687140912 0.2007482350 -0.1572593451 0.9669382572
-396.9 321.0 2333.7 0.4811022282 -0.6582040787 -0.5790578723 0.8335793018 0.1389356405 0.5346423388 -0.2714520097 -0.7399082780 0.6155075431
-519.6 108.5 2403.0 -0.3426000178 -0.6582040787 -0.6703675389 0.8198785186 0.1389356405 -0.5554242730 0.4587204754 -0.7399082780 0.4920480251
-118.0 309.3 2390.9 0.2398521155 0.9689611793 0.0598768331 -0.9688225389 0.2428495288 -0.0490612052 -0.0620794632 -0.0462425910 0.9969993830
-65.8 98.3 2377.4 -0.0839924887 0.9689611793 0.2325070649 0.1474727839 0.2428495288 -0.9587887526 -0.9854933023 -0.0462425910 -0.1632929444
-373.4 -66.6 2404.4 0.9693735242 0.1200787947 -0.2142337561 -0.1326201409 0.9901399612 -0.0451079011 0.2067048997 0.0721381158 0.9757403135
-420.4 -454.5 2376.1 0.9710232615 0.0645925626 -0.2300905138 -0.1112850606 0.9742389917 -0.1961479634 0.2114934474 0.2160698771 0.9531968832
-196.6 -73.9 2440.8 -0.7520573139 -0.0579986535 0.6565409303 -0.0960746631 0.9951277971 -0.0221426841 -0.6520578861 -0.0797295198 -0.7539653182
-173.8 -463.7 2472.0 -0.7799849510 -0.0840294138 0.6201310158 0.0799999833 0.9694248438 0.2319816053 -0.6206637025 0.2305526286 -0.7494144440
-427.8 -111.4 2280.0 0 0 0 0 0 0 0 0 0
-88.3 137.8 2113.5 0 0 0 0 0 0 0 0 0
-440.6 -759.2 2308.6 0 0 0 0 0 0 0 0 0
-148.3 -758.0 2402.1 0 0 0 0 0 0 0 0 0
-240.2 514.1 2325.4 0 0.9814419746 0.0799360722 -0.1743040234 -0.0464159586 0.9809711576 0.1885235757 0.1860570461 -0.1769344658 0.9664765596
-256.5 315.2 2361.3 0.9814419746 0.0799360722 -0.1743040234 -0.0464159586 0.9809711576 0.1885235757 0.1860570461 -0.1769344658 0.9664765596
-270.9 122.5 2393.3 0.9817287922 0.0737120137 -0.1754282117 -0.0427478179 0.9837911725 0.1741479486 0.1854215264 -0.1634669006 0.9689671993
-396.3 321.3 2334.9 0.4708646834 -0.6532907486 -0.5928723812 0.8459913135 0.1438001096 0.5134395957 -0.2501702309 -0.7433254123 0.6203886867
-517.3 103.9 2399.1 -0.3406144381 -0.6532907486 -0.6761604548 0.8210043311 0.1438001096 -0.5525155663 0.4581852853 -0.7433254123 0.4873741269
-116.6 309.1 2387.7 0.2197235674 0.9753423333 0.0207084063 -0.9752064943 0.2201671153 -0.0223323144 -0.0263409633 -0.0152880363 0.9995360970
-68.5 95.6 2381.9 -0.0381351113 0.9753423333 0.2173775434 0.0998986810 0.2201671153 -0.9703332782 -0.9942665696 -0.0152880363 -0.1058315113
-374.8 -66.8 2405.8 0.9731941223 0.1101781130 -0.2018760592 -0.1255999506 0.9899356365 -0.0652077794 0.1926598400 0.0888154507 0.9772379398
-418.0 -454.6 2371.0 0.9742683768 0.0725110248 -0.2134086788 -0.1123451442 0.9770631194 -0.1809039563 0.1953962147 0.2002244443 0.9600679874
-197.9 -74.3 2442.1 -0.7632298470 -0.0634840727 0.6430007219 -0.0861205459 0.9962772727 -0.0038600885 -0.6403619647 -0.0583217107 -0.7658558488
-173.1 -464.4 2464.9 -0.7856250405 -0.0859373137 0.6127055883 0.0636112839 0.9738391638 0.2181532979 -0.6154242158 0.2103616744 -0.7596058249
-426.0 -116.2 2276.3 0 0 0 0 0 0 0 0 0
-78.6 122.2 2117.7 0 0 0 0 0 0 0 0 0
-440.7 -760.9 2308.2 0 0 0 0 0 0 0 0 0
-147.0 -760.0 2401.1 0 0 0 0 0 0 0 0 0
-242.6 511.0 2324.3 1 0.9797347784 0.0665734038 -0.1889121383 -0.0298398249 0.9811361432 0.1910012811 0.1980641186 -0.1814934909 0.9632396698
-256.1 312.5 2361.1 0.9797347784 0.0665734038 -0.1889121383 -0.0298398249 0.9811361432 0.1910012811 0.1980641186 -0.1814934909 0.9632396698
-268.0 119.8 2393.7 0.9798938632 0.0610716306 -0.1899428219 -0.0273900870 0.9841638207 0.1751322448 0.1976304650 -0.1664084643 0.9660488963
-395.7 316.4 2332.9 0.4932599068 -0.6327273250 -0.5969512463 0.8295676112 0.1356639415 0.5416759849 -0.2617484331 -0.7623984814 0.5918076634
-520.7 106.2 2399.2 -0.3587197661 -0.6327273250 -0.6862770915 0.8211784959 0.1356639415 -0.5543114543 0.4438310564 -0.7623984814 0.4709167480
-116.5 308.6 2389.2 0.2176832557 0.9760103226 -0.0042272024 -0.9759069681 0.2175903767 -0.0161243435 -0.0148177259 0.0076353559 0.9998610616
-66.4 84.2 2385.8 -0.0063553322 0.9760103226 0.2176315188 0.0635260120 0.2175903767 -0.9739706516 -0.9979599714 0.0076353559 -0.0633849055
-374.0 -66.3 2408.6 0.9706642628 0.1104396135 -0.2135742456 -0.1281380504 0.9892230630 -0.0708400682 0.2034490258 0.0961289108 0.9743550420
-417.3 -453.7 2370.9 0.9717353582 0.0739065260 -0.2242057323 -0.1151229441 0.9775024652 -0.1767359972 0.2060997188 0.1975518316 0.9583820701
-196.6 -74.0 2442.1 -0.7557298541 -0.0656790063 0.6515817046 -0.0745194778 0.9971202016 0.0140784681 -0.6506298780 -0.0379160084 -0.7584478259
-170.9 -464.5 2456.9 -0.7728765607 -0.0772712156 0.6298340559 0.0563763790 0.9802715778 0.1894447505 -0.6320470572 0.1819251776 -0.7532726526
-424.5 -113.9 2280.2 0 0 0 0 0 0 0 0 0
-68.1 101.0 2122.9 0 0 0 0 0 0 0 0 0
-440.4 -759.5 2309.1 0 0 0 0 0 0 0 0 0
-147.7 -758.8 2402.3 0 0 0 0 0 0 0 0 0
-244.4 508.4 2324.3 2 0.9734617472 0.0594725013 -0.2209869027 -0.0168583542 0.9816542864 0.1899228990 0.2282279283 -0.1811572015 0.9566054940
-256.4 310.1 2360.9 0.9734617472 0.0594725013 -0.2209869027 -0.0168583542 0.9816542864 0.1899228990 0.2282279283 -0.1811572015 0.9566054940
-267.1 117.2 2393.3 0.9735289216 0.0546195991 -0.2219418436 -0.0157013312 0.9847149253 0.1734645218 0.2280240059 -0.1653879434 0.9595060349
-395.1 312.3 2328.4 0.4968548715 -0.6257417202 -0.6013172865 0.8262163401 0.1290740967 0.5483670235 -0.2655216455 -0.7692770362 0.5811291337
-521.7 101.8 2396.1 -0.3700285554 -0.6257417202 -0.6866776347 0.8190671802 0.1290740967 -0.5589891076 0.4384150803 -0.7692770362 0.4647634327
-117.8 307.8 2393.4 0.2311861813 0.9728188515 -0.0132832844 -0.9726617932 0.2307976782 -0.0257187914 -0.0219539739 0.0188659728 0.9995809793
-63.8 80.6 2388.3 0.0106978109 0.9728188515 0.2313202322 0.0365914665 0.2307976782 -0.9723134637 -0.9992730618 0.0188659728 -0.0331278406
-368.6 -70.5 2408.4 0.9619561434 0.1288082600 -0.2409332544 -0.1460974365 0.9877260327 -0.0552520156 0.2308591306 0.0883497447 0.9689676762
-419.0 -457.3 2373.8 0.9640691280 0.0716514215 -0.2558062673 -0.1215487495 0.9752058387 -0.1849310100 0.2362131774 0.2093791962 0.9488749504
-191.5 -75.4 2444.1 -0.7350417972 -0.0586813837 0.6754776835 -0.0714113638 0.9974068999 0.0089401640 -0.6742507219 -0.0416653864 -0.7373262644
-168.5 -466.1 2460.5 -0.7531905770 -0.0633959547 0.6547403336 0.0771135166 0.9799725413 0.1835956424 -0.6532667875 0.1887718439 -0.7332173586
-422.5 -117.8 2278.6 0 0 0 0 0 0 0 0 0
-61.0 90.1 2127.3 0 0 0 0 0 0 0 0 0
-441.0 -757.3 2309.4 0 0 0 0 0 0 0 0 0
-149.6 -758.1 2404.2 0 0 0 0 0 0 0 0 0
-244.5 508.4 2323.8 3 0.9777451158 0.0584815107 -0.2014804631 -0.0192750245 0.9813413024 0.1913052052 0.2089089304 -0.1831641942 0.9606289268
-256.3 310.2 2360.8 0.9777451158 0.0584815107 -0.2014804631 -0.0192750245 0.9813413024 0.1913052052 0.2089089304 -0.1831641942 0.9606289268
-266.5 117.4 2393.5 0.9778944254 0.0523253679 -0.2024464905 -0.0166264921 0.9845758677 0.1741662174 0.2084372342 -0.1669501960 0.9636812210
-395.6 312.6 2331.1 0.5071173310 -0.6023594737 -0.6164373755 0.8242242932 0.1298444420 0.5511758327 -0.2519650161 -0.7875934839 0.5623256564
-523.9 104.0 2394.9 -0.3830862641 -0.6023594737 -0.7002913356 0.8186013699 0.1298444420 -0.5594927669 0.4279447198 -0.7875934839 0.4433506727
-117.0 307.8 2390.5 0.2390515059 0.9707991481 -0.0200833920 -0.9710041881 0.2390485704 -0.0025818935 0.0022944063 0.0201182645 0.9997949600
-59.2 73.2 2391.0 0.0181148574 0.9707991481 0.2392087281 0.0105750449 0.2390485704 -0.9709500074 -0.9997799993 0.0201182645 -0.0059359139
-365.8 -74.2 2405.1 0.9661502838 0.1327073723 -0.2212291956 -0.1477051526 0.9876310825 -0.0526126213 0.2115107328 0.0835083872 0.9738016129
-417.7 -461.0 2372.4 0.9684326053 0.0770405009 -0.2370718867 -0.1228547022 0.9750278592 -0.1850066036 0.2168986946 0.2082918286 0.9537135363
-189.9 -77.1 2446.3 -0.7483993173 -0.0558000691 0.6608969569 -0.0728521347 0.9973412752 0.0017086199 -0.6592351794 -0.0468690246 -0.7504746914
-168.0 -467.7 2464.7 -0.7678771615 -0.0627463385 0.6375167370 0.0821627975 0.9773248434 0.1951548606 -0.6353061795 0.2022351027 -0.7453100085
-421.2 -115.5 2280.1 0 0 0 0 0 0 0 0 0
-54.5 75.9 2132.6 0 0 0 0 0 0 0 0 0
-441.3 -758.8 2308.8 0 0 0 0 0 0 0 0 0
-149.4 -758.2 2404.6 0 0 0 0 0 0 0 0 0
-244.7 506.8 2324.5 4 0.9748675227 0.0567080267 -0.2154473215 -0.0151833873 0.9817250967 0.1896978766 0.2222674340 -0.1816590875 0.9579129219
-256.1 309.0 2361.1 0.9748675227 0.0567080267 -0.2154473215 -0.0151833873 0.9817250967 0.1896978766 0.2222674340 -0.1816590875 0.9579129219
-266.2 116.1 2393.5 0.9749566317 0.0513510071 -0.2163855284 -0.0135618355 0.9848945737 0.1726230383 0.2219813019 -0.1653653830 0.9609258771
-395.0 311.0 2329.5 0.5052097440 -0.5846852064 -0.6347489953 0.8310210109 0.1312411875 0.5405366421 -0.2327385694 -0.8005741239 0.5521900058
-524.4 98.2 2389.1 -0.3920388222 -0.5846852064 -0.7102455497 0.8182432055 0.1312411875 -0.5596907735 0.4204564095 -0.8005741239 0.4269630909
-117.2 307.1 2392.8 0.2478495687 0.9685878754 -0.0202029273 -0.9687983990 0.2477847934 -0.0056883632 -0.0005037012 0.0209824219 0.9997797012
-55.7 66.8 2392.6 0.0241590086 0.9685878754 0.2474952638 -0.0097860293 0.2477847934 -0.9687656760 -0.9996602535 0.0209824219 0.0154648647
-365.1 -73.9 2407.4 0.9622651339 0.1404189020 -0.2330844104 -0.1545578688 0.9870277047 -0.0434533767 0.2239590883 0.0778386965 0.9714851975
-420.1 -460.5 2376.9 0.9651450515 0.0700999498 -0.2521526814 -0.1221349314 0.9727551341 -0.1970545799 0.2314693183 0.2209829092 0.9474114776
-188.4 -77.0 2445.0 -0.7389524579 -0.0499696657 0.6719020009 -0.0742978975 0.9972075224 -0.0075494386 -0.6696485281 -0.0554995835 -0.7406015396
-168.8 -467.5 2466.8 -0.7602354288 -0.0648652986 0.6464012265 0.0886711776 0.9753302336 0.2021593601 -0.6435678005 0.2110058665 -0.7357289195
-419.3 -121.2 2276.4 0 0 0 0 0 0 0 0 0
-49.6 64.3 2137.0 0 0 0 0 0 0 0 0 0
-441.6 -758.7 2309.1 0 0 0 0 0 0 0 0 0
-149.5 -758.2 2403.9 0 0 0 0 0 0 0 0 0
-244.5 506.8 2323.4 5 0.9714031816 0.0590597838 -0.2299734503 -0.0148821408 0.9818106890 0.1892782301 0.2369691283 -0.1804429740 0.9546129704
-256.4 309.0 2359.8 0.9714031816 0.0590597838 -0.2299734503 -0.0148821408 0.9818106890 0.1892782301 0.2369691283 -0.1804429740 0.9546129704
-266.9 116.1 2392.2 0.9714928269 0.0539045110 -0.2308592200 -0.0133215478 0.9846804738 0.1738589108 0.2366943359 -0.1658272892 0.9573280811
-394.8 310.9 2326.0 0.5037893653 -0.5815437436 -0.6387512088 0.8297117352 0.1200121716 0.5451380610 -0.2403637171 -0.8046141863 0.5429745317
-524.6 97.0 2388.0 -0.3993630409 -0.5815437436 -0.7087425590 0.8195621371 0.1200121716 -0.5602812171 0.4108857512 -0.8046141863 0.4286828041
-117.9 307.1 2393.5 0.2528229058 0.9672346115 -0.0231904425 -0.9673302770 0.2531679273 0.0133479768 0.0187817011 0.0190581419 0.9996419549
-54.2 63.0 2398.2 0.0266882442 0.9672346115 0.2524776161 -0.0267382041 0.2531679273 -0.9670527577 -0.9992861748 0.0190581419 0.0326187238
-364.3 -75.6 2405.9 0.9586812258 0.1392253786 -0.2480857819 -0.1549009532 0.9869168997 -0.0447295755 0.2386125624 0.0813101307 0.9677048922
-418.9 -462.1 2374.0 0.9612886906 0.0732909814 -0.2656172514 -0.1259584278 0.9742450118 -0.1870324612 0.2450684756 0.2132489234 0.9457622766
-188.1 -78.0 2446.0 -0.7291937470 -0.0483516939 0.6825969219 -0.0662715882 0.9978016019 -0.0001163653 -0.6810907125 -0.0453216396 -0.7307950258
-169.2 -468.8 2463.7 -0.7491318583 -0.0704136416 0.6586679220 0.0858327001 0.9756337404 0.2019195557 -0.6568365097 0.2077996135 -0.7248345017
-417.6 -122.8 2277.8 0 0 0 0 0 0 0 0 0
-47.4 56.2 2144.1 0 0 0 0 0 0 0 0 0
-441.3 -760.3 2308.7 0 0 0 0 0 0 0 0 0
-148.2 -760.0 2401.7 0 0 0 0 0 0 0 0 0
-244.3 506.7 2322.8 6 0.9713277221 0.0605241098 -0.2299114168 -0.0160287023 0.9815237522 0.1906678975 0.2372035086 -0.1815158427 0.9543513656
-256.5 308.9 2359.4 0.9713277221 0.0605241098 -0.2299114168 -0.0160287023 0.9815237522 0.1906678975 0.2372035086 -0.1815158427 0.9543513656
-267.2 116.0 2391.9 0.9714473486 0.0545743182 -0.2308931500 -0.0139850359 0.9846644998 0.1738971770 0.2368426025 -0.1657029092 0.9573129416
-395.0 310.9 2325.7 0.5087499022 -0.5727999806 -0.6427081227 0.8285825253 0.1231098026 0.5461639166 -0.2337190211 -0.8103975058 0.5372441411
-525.5 98.4 2385.6 -0.3921688199 -0.5727999806 -0.7197942734 0.8270050287 0.1231098026 -0.5485496521 0.4028229713 -0.8103975058 0.4254286289
-118.1 306.9 2393.2 0.2585123479 0.9657395482 -0.0227700099 -0.9656078219 0.2590118349 0.0226803068 0.0278009716 0.0161237605 0.9994834065
-52.0 60.0 2400.3 0.0269930623 0.9657395482 0.2581055760 -0.0384627916 0.2590118349 -0.9651080370 -0.9988954067 0.0161237605 0.0441365615
-365.3 -75.6 2403.3 0.9592969418 0.1367623359 -0.2470738292 -0.1501730084 0.9879974127 -0.0361821800 0.2391599566 0.0718132779 0.9683209062
-418.8 -462.5 2375.2 0.9611982107 0.0722854957 -0.2662193775 -0.1280164868 0.9717332721 -0.1983589381 0.2443557531 0.2247427255 0.9432820082
-189.7 -78.0 2446.1 -0.7289320230 -0.0518612564 0.6826189160 -0.0697198585 0.9975656867 0.0013389299 -0.6810266376 -0.0466160998 -0.7307733297
-169.4 -468.7 2464.4 -0.7493501306 -0.0706458688 0.6583946347 0.0847218260 0.9758920074 0.2011393309 -0.6567317247 0.2065041810 -0.7252995968
-420.3 -123.4 2277.6 0 0 0 0 0 0 0 0 0
-45.1 50.2 2146.8 0 0 0 0 0 0 0 0 0
-440.9 -759.2 2306.6 0 0 0 0 0 0 0 0 0
-148.3 -759.8 2402.8 0 0 0 0 0 0 0 0 0
-243.2 506.2 2324.1 7 0.9665861726 0.0622821636 -0.2486605346 -0.0148209967 0.9819905162 0.1883480251 0.2559130192 -0.1783692092 0.9501015544
-255.7 308.6 2359.9 0.9665861726 0.0622821636 -0.2486605346 -0.0148209967 0.9819905162 0.1883480251 0.2559130192 -0.1783692092 0.9501015544
-266.8 115.7 2392.0 0.9666873217 0.0567126721 -0.2495982945 -0.0131495800 0.9848607183 0.1728479415 0.2556222379 -0.1638077945 0.9527981281
-393.5 310.5 2323.5 0.5191641450 -0.5728688240 -0.6342632771 0.8204284906 0.1260736436 0.5576760173 -0.2395112962 -0.8098930717 0.5354508162
-526.7 100.0 2385.0 -0.3852151036 -0.5728688240 -0.7234850526 0.8307623863 0.1260736436 -0.5421616435 0.4017999172 -0.8098930717 0.4273523986
