-343.1 481.7 2605.6 1 0.8007693887 -0.0192638207 -0.5986629128 0.1615100503 0.9694060683 0.1848416328 0.5767866969 -0.2447056025 0.7793819904
-339.2 285.6 2655.1 0.8007693887 -0.0192638207 -0.5986629128 0.1615100503 0.9694060683 0.1848416328 0.5767866969 -0.2447056025 0.7793819904
-334.6 92.6 2701.7 0.8008191586 -0.0239615832 -0.5984267592 0.1592757553 0.9717373848 0.1742347181 0.5773386955 -0.2348453701 0.7820023894
-456.0 262.3 2570.9 0.5715656281 -0.7355200052 -0.3637623191 0.8147187233 0.5614734888 0.1448479444 0.0977043286 -0.3791540861 0.9201608896
-568.5 102.0 2551.6 -0.6959159374 -0.7106277943 0.1034850702 -0.6669617295 0.5861720443 -0.4599613547 0.2662012577 -0.3891150057 -0.8818879724
-222.4 309.0 2739.3 0.1688073725 0.8711707592 -0.4610483348 -0.9217959642 0.3051578999 0.2391043603 0.3489932716 0.3846299350 0.8545545936
-177.2 61.9 2832.8 0.1611727029 0.9272570610 -0.3379611671 -0.9757506847 0.0983261913 -0.1955571324 -0.1481013000 0.3612842858 0.9206191897
-408.7 -114.1 2697.7 0.7303673029 0.0116618276 -0.6829550266 0.0117808236 0.9994904399 0.0296655167 0.6829530001 -0.0297124963 0.7298577428
-413.3 -511.2 2709.5 0.7296602726 0.0325456299 -0.6830348969 -0.0256824028 0.9994663000 0.0201875940 0.6833273768 0.0028118936 0.7301066518
-257.8 -87.6 2798.1 0.0651618019 0.1688540727 -0.9834847450 -0.1059027538 0.9811834693 0.1614422798 0.9922391772 0.0936338678 0.0818177909
-324.8 -477.3 2760.9 0.0645674244 -0.0450309664 -0.9968968034 -0.0926590487 0.9943950772 -0.0509193391 0.9936022162 0.0956592411 0.0600329973
-380.7 282.0 2479.8 0 0 0 0 0 0 0 0 0
-131.5 -214.6 2790.8 0 0 0 0 0 0 0 0 0
-421.8 -771.4 2708.8 0 0 0 0 0 0 0 0 0
-311.7 -766.8 2733.0 0 0 0 0 0 0 0 0 0
-340.5 482.7 2603.7 2 0.7934362292 -0.0202279519 -0.6083171964 0.1705053002 0.9668171406 0.1902434379 0.5842832327 -0.2546673417 0.7705566883
-336.4 287.7 2655.0 0.7934362292 -0.0202279519 -0.6083171964 0.1705053002 0.9668171406 0.1902434379 0.5842832327 -0.2546673417 0.7705566883
-331.7 95.2 2703.8 0.7934957743 -0.0240706299 -0.6080995798 0.1679036021 0.9690942764 0.1807336956 0.5849554539 -0.2455135286 0.7730137110
-452.2 263.2 2569.7 0.5814033747 -0.7371704578 -0.3443106413 0.8124426603 0.5487309694 0.1970565021 0.0436696745 -0.3943019807 0.9179427624
-570.4 98.0 2560.8 -0.7158198953 -0.6927944422 0.0873942897 -0.6326137781 0.5904124975 -0.5012114048 0.2956377864 -0.4140639007 -0.8609003425
-220.6 312.3 2740.4 0.1609037668 0.8691860437 -0.4675741196 -0.9299600720 0.2921962440 0.2231492698 0.3305816352 0.3989197314 0.8553238511
-177.3 61.8 2829.5 0.1570939273 0.9186901450 -0.3623947203 -0.9799731374 0.0995410308 -0.1724651605 -0.1223688945 0.3822303414 0.9159289598
-403.3 -115.0 2695.5 0.7222161293 0.0078096786 -0.6916233897 0.0181879587 0.9993760586 0.0302772336 0.6914283037 -0.0344459228 0.7216234803
-406.4 -512.2 2709.2 0.7201367021 0.0553642139 -0.6916197538 -0.0472466163 0.9984105229 0.0307281390 0.6922217011 0.0105482340 0.7216078639
-256.6 -85.8 2801.2 0.0499788746 0.1745440513 -0.9833801389 -0.1171491072 0.9788383842 0.1677839905 0.9918559194 0.1068164483 0.0693689212
-325.9 -474.6 2758.8 0.0481368341 -0.0533877388 -0.9974129796 -0.0823190510 0.9949615002 -0.0572293811 0.9954428077 0.0848609284 0.0434994698
-368.9 276.1 2477.6 0 0 0 0 0 0 0 0 0
-132.9 -215.0 2794.9 0 0 0 0 0 0 0 0 0
-420.6 -769.7 2706.5 0 0 0 0 0 0 0 0 0
-310.0 -771.4 2733.5 0 0 0 0 0 0 0 0 0
-337.3 486.1 2604.7 3 0.7640792727 -0.0195465423 -0.6448261738 0.1753355563 0.9682078362 0.1784126610 0.6208384037 -0.2493823618 0.7432147264
-333.4 291.9 2654.7 0.7640792727 -0.0195465423 -0.6448261738 0.1753355563 0.9682078362 0.1784126610 0.6208384037 -0.2493823618 0.7432147264
-329.7 99.4 2703.7 0.7641282082 -0.0187801216 -0.6447910070 0.1728635281 0.9689780474 0.1766345501 0.6214711070 -0.2464322746 0.7436698079
-444.8 266.7 2564.1 0.6008839011 -0.7294719815 -0.3268167973 0.7987973690 0.5329835415 0.2790185213 -0.0293482114 -0.4287181497 0.9029614925
-573.5 95.6 2570.4 -0.7386131883 -0.6710709929 0.0641428605 -0.5787882805 0.5824925900 -0.5707070231 0.3456221819 -0.4586568475 -0.8186447620
-221.9 317.2 2745.4 0.1617813259 0.8482637405 -0.5042573214 -0.9358320832 0.2940164804 0.1943519115 0.3131216466 0.4404576719 0.8413987756
-177.6 61.0 2831.1 0.1554183066 0.9015957713 -0.4036957324 -0.9797953367 0.0886159390 -0.1792993695 -0.1258816719 0.4234056175 0.8971518874
-399.7 -112.8 2699.0 0.6888654232 0.0133302817 -0.7247666717 0.0178774223 0.9992143512 0.0353699289 0.7246688008 -0.0373220779 0.6880859137
-405.0 -509.9 2713.8 0.6851646304 0.0714630708 -0.7248740792 -0.0791211203 0.9965888262 0.0234638061 0.7240781784 0.0412762761 0.6884816885
-254.3 -81.9 2806.2 0.0011669791 0.1711081564 -0.9852515459 -0.1349218488 0.9762702584 0.1693885773 0.9908555746 0.1327342838 0.0242255162
-322.3 -469.7 2753.5 -0.0008750838 -0.0242368821 -0.9997058511 -0.0511112101 0.9984006882 -0.0241604988 0.9986925721 0.0510750338 -0.0021124606
-362.7 260.8 2471.7 0 0 0 0 0 0 0 0 0
-133.8 -215.5 2795.6 0 0 0 0 0 0 0 0 0
-422.8 -757.9 2703.6 0 0 0 0 0 0 0 0 0
-314.6 -783.1 2737.4 0 0 0 0 0 0 0 0 0
-336.6 486.8 2602.7 4 0.7187982202 -0.0196438823 -0.6949411631 0.1908373982 0.9667783380 0.1700608730 0.6685134172 -0.2548602223 0.6986673474
-332.6 292.8 2653.9 0.7187982202 -0.0196438823 -0.6949411631 0.1908373982 0.9667783380 0.1700608730 0.6685134172 -0.2548602223 0.6986673474
-329.3 100.7 2704.2 0.7188475728 -0.0173253510 -0.6949517727 0.1882556230 0.9671865702 0.1706165075 0.6691920161 -0.2534758449 0.6985213161
-437.3 265.4 2556.4 0.6237351894 -0.7193472385 -0.3057677150 0.7715506554 0.5039861202 0.3882107139 -0.1251556277 -0.4780559838 0.8693667650
-573.9 96.4 2583.8 -0.7568785548 -0.6528867483 0.0295598712 -0.5023354292 0.5522226095 -0.6653640270 0.4180837274 -0.5184487104 -0.7459335923
-227.9 320.3 2751.3 0.1803278476 0.8138208389 -0.5524287224 -0.9421244860 0.3042925298 0.1407390982 0.2826363444 0.4950774312 0.8215929866
-178.0 59.3 2829.6 0.1561768353 0.8765712380 -0.4552270472 -0.9779711962 0.0726081952 -0.1957049519 -0.1384961158 0.4757634997 0.8686011434
-396.0 -109.0 2695.7 0.6391287446 0.0204579961 -0.7688276172 0.0131065510 0.9992112517 0.0374838673 0.7689880729 -0.0340336971 0.6383565068
-404.1 -506.1 2709.2 0.6353166699 0.0743766502 -0.7686616778 -0.0627286509 0.9970323443 0.0446273908 0.7696998119 0.0198645853 0.6380968690
-256.0 -77.3 2809.5 -0.0647239983 0.1682447046 -0.9836180806 -0.1464315355 0.9734137654 0.1761347651 0.9871011376 0.1554328501 -0.0383668989
-322.8 -464.0 2747.8 -0.0680585131 -0.0264026672 -0.9973319173 -0.0362508968 0.9990550876 -0.0239745043 0.9970225096 0.0345225073 -0.0689513236
-363.0 236.4 2467.3 0 0 0 0 0 0 0 0 0
-134.1 -215.5 2790.7 0 0 0 0 0 0 0 0 0
-422.9 -758.5 2704.2 0 0 0 0 0 0 0 0 0
-314.5 -780.1 2736.8 0 0 0 0 0 0 0 0 0
-336.0 485.9 2601.8 5 0.8500602245 -0.0083194291 -0.5266197920 0.1438910961 0.9655053020 0.2170135826 0.5066487789 -0.2602505088 0.8219347000
-334.3 290.1 2654.5 0.8500602245 -0.0083194291 -0.5266197920 0.1438910961 0.9655053020 0.2170135826 0.5066487789 -0.2602505088 0.8219347000
-331.2 97.7 2704.0 0.8500563502 -0.0159825850 -0.5264492631 0.1442008317 0.9684100747 0.2034405619 0.5065672398 -0.2488503605 0.8255078197
-455.5 269.5 2582.4 0.5629235506 -0.6246452928 -0.5412350297 0.8242731690 0.3761524260 0.4231820703 -0.0607518181 -0.6843446493 0.7266234159
-570.5 101.0 2594.8 -0.7727727294 -0.6246452928 0.1124300957 -0.4239181876 0.3761524260 -0.8238948584 0.4723511934 -0.6843446493 -0.5554788709
-213.1 310.7 2726.7 0.1273526549 0.9137040973 -0.3859094083 -0.9192968011 0.2548135519 0.2999390662 0.3723905087 0.3165672421 0.8724164367
-178.1 58.0 2829.1 0.1566244513 0.9451522231 -0.2866287231 -0.9819281697 0.1177984178 -0.1481237113 -0.1062350571 0.3046486080 0.9465216994
-391.6 -108.8 2693.4 0.7845924497 0.0289240722 -0.6193367839 0.0050100782 0.9985828996 0.0529824048 0.6199915409 -0.0446725227 0.7833356857
-403.1 -505.6 2711.1 0.7803423405 0.0817430615 -0.6199870110 -0.0921499282 0.9956278205 0.0152860871 0.6185258031 0.0452033766 0.7844631672
-260.2 -74.3 2815.7 0.1254891902 0.1544270515 -0.9800024033 -0.1771015674 0.9754314423 0.1310289204 0.9761595726 0.1571172625 0.1497553736
-321.5 -461.8 2753.3 0.1229947060 -0.0282205977 -0.9920060039 -0.0580375120 0.9976802468 -0.0355778486 0.9907088280 0.0619494468 0.1210715398
-358.4 217.4 2465.1 0 0 0 0 0 0 0 0 0
-134.4 -216.1 2799.4 0 0 0 0 0 0 0 0 0
-423.5 -753.9 2699.8 0 0 0 0 0 0 0 0 0
-312.6 -777.8 2733.7 0 0 0 0 0 0 0 0 0
-337.9 483.6 2602.8 6 0.9080047011 -0.0122082941 -0.4187820256 0.1172054484 0.9670661688 0.2259334624 0.4022316635 -0.2542321682 0.8795315027
-335.4 285.6 2654.8 0.9080047011 -0.0122082941 -0.4187820256 0.1172054484 0.9670661688 0.2259334624 0.4022316635 -0.2542321682 0.8795315027
-330.9 92.7 2702.3 0.9079367518 -0.0235765893 -0.4184435308 0.1208859459 0.9707147479 0.2076042295 0.4012947083 -0.2390754521 0.8841976523
-465.6 268.2 2597.6 0.5145232081 -0.6242535114 -0.5878549218 0.8572292328 0.3580105901 0.3701167703 -0.0205884278 -0.6943600774 0.7193331718
-570.2 93.8 2601.8 -0.7755417228 -0.6242535114 0.0940348729 -0.3909822404 0.3580105901 -0.8479158282 0.4956489801 -0.6943600774 -0.5217242241
-205.3 303.0 2712.1 0.1029289588 0.9864877462 -0.1274660975 -0.9035430551 0.1463138908 0.4027432799 0.4159513414 0.0737171695 0.9063940644
-177.2 56.8 2825.4 0.1558071673 0.9864877462 -0.0506567359 -0.9769394994 0.1463138908 -0.1555037946 -0.1459907889 0.0737171695 0.9865356088
-404.3 -107.7 2708.2 0.8540220857 -0.0023716995 -0.5202313066 0.0094539756 0.9998952150 0.0109613789 0.5201508403 -0.0142795136 0.8539550304
-403.3 -504.7 2713.9 0.8506332040 0.0783189237 -0.5198935270 -0.1042633802 0.9943321347 -0.0208020993 0.5153176188 0.0719008148 0.8539777398
-252.1 -81.8 2798.8 0.2398085594 0.1762478352 -0.9546876550 -0.1789418161 0.9745581150 0.1349676847 0.9541863799 0.1384671330 0.2652454972
-322.1 -468.9 2743.8 0.2377903163 -0.0313003287 -0.9708120823 -0.0325773954 0.9986613393 -0.0401777215 0.9707700610 0.0411804020 0.2364523113
-355.6 202.0 2464.6 0 0 0 0 0 0 0 0 0
-133.9 -214.9 2784.8 0 0 0 0 0 0 0 0 0
-422.9 -753.1 2695.9 0 0 0 0 0 0 0 0 0
-312.5 -774.2 2731.2 0 0 0 0 0 0 0 0 0
-336.1 481.2 2604.3 7 0.9199410081 0.0101895938 -0.3919244111 0.0861196220 0.9699947238 0.2273622602 0.3824813664 -0.2429122478 0.8914604187
-338.2 282.2 2654.1 0.9199410081 0.0101895938 -0.3919244111 0.0861196220 0.9699947238 0.2273622602 0.3824813664 -0.2429122478 0.8914604187
-338.1 88.5 2698.1 0.9199496508 -0.0015147438 -0.3920335472 0.0880676135 0.9752327204 0.2028921843 0.3820165992 -0.2211760581 0.8972983956
-471.3 269.4 2599.1 0.4941153824 -0.6125435233 -0.6169606447 0.8657608032 0.2818493545 0.4135446250 -0.0794241056 -0.7384790778 0.6695822477
-576.7 84.6 2616.0 -0.7809058428 -0.6125435233 0.1223784834 -0.3604303598 0.2818493545 -0.8891855478 0.5101725459 -0.7384790778 -0.4408770800
-205.2 294.9 2709.2 0.1028824821 0.9895186424 -0.1013314873 -0.9002857208 0.1359516829 0.4135248363 0.4229667187 0.0486828275 0.9048365355
-177.1 48.9 2824.7 0.1419134289 0.9895186424 -0.0267106034 -0.9778744578 0.1359516829 -0.1589927971 -0.1536949873 0.0486828275 0.9869183302
-408.1 -111.2 2713.8 0.8657254577 -0.0207108520 -0.5000904202 0.0133609707 0.9997437596 -0.0182739198 0.5003407598 0.0091385040 0.8657803535
-399.9 -508.1 2710.1 0.8615072370 0.0861667767 -0.5003804564 -0.0997670442 0.9950107336 -0.0004259965 0.4978471994 0.0502884760 0.8658055663
-244.7 -89.3 2785.6 0.2670983374 0.1901678145 -0.9447193742 -0.1508871019 0.9764970541 0.1539045572 0.9517833591 0.1014383063 0.2895146012
-320.2 -477.0 2745.4 0.2676751316 -0.0111059593 -0.9634451866 -0.0323773287 0.9992651939 -0.0205143001 0.9629650712 0.0366849490 0.2671188414
-356.7 186.2 2472.3 0 0 0 0 0 0 0 0 0
-137.4 -224.4 2781.8 0 0 0 0 0 0 0 0 0
-421.2 -753.8 2697.7 0 0 0 0 0 0 0 0 0
-316.9 -778.4 2734.3 0 0 0 0 0 0 0 0 0
-334.8 482.2 2603.5 8 0.9418132901 0.0241179969 -0.3352700472 0.0572438501 0.9713445306 0.2306794226 0.3312262595 -0.2364491075 0.9134445786
-339.8 281.9 2652.3 0.9418132901 0.0241179969 -0.3352700472 0.0572438501 0.9713445306 0.2306794226 0.3312262595 -0.2364491075 0.9134445786
-341.7 87.5 2692.9 0.9418623447 0.0091066370 -0.3358755708 0.0601218119 0.9789318442 0.1951355040 0.3305763304 -0.2039842308 0.9214714766
-476.4 273.2 2604.5 0.4568955302 -0.6295456886 -0.6284255385 0.8826771379 0.2334101200 0.4079224765 -0.1101249605 -0.7410748601 0.6623296142
-575.5 81.7 2628.4 -0.7716807127 -0.6295456886 0.0904496014 -0.2988749146 0.2334101200 -0.9253072739 0.5614113212 -0.7410748601 -0.3682734966
-203.1 290.7 2700.1 0.0930878893 0.9908776879 -0.0974479914 -0.8864244819 0.1270480603 0.4450959265 0.4534161985 0.0449472517 0.8901648521
-177.1 43.2 2826.7 0.1322935373 0.9908776879 -0.0256882478 -0.9805887341 0.1270480603 -0.1493470073 -0.1447209716 0.0449472517 0.9884511232
-421.4 -113.2 2707.5 0.8917838931 -0.0379484855 -0.4508673847 0.0345143080 0.9992786646 -0.0158401560 0.4511432946 -0.0014353803 0.8924503922
-406.4 -510.1 2708.0 0.8902496696 0.0605158061 -0.4514347315 -0.0674492270 0.9977224469 0.0007339448 0.4504509866 0.0297955275 0.8923038244
-254.4 -97.2 2776.6 0.3246144056 0.1639211178 -0.9315338731 -0.1341319233 0.9828925729 0.1262173057 0.9362874031 0.0839764699 0.3410481513
-319.5 -487.5 2743.3 0.3246977627 -0.0184666570 -0.9456375241 -0.0166030470 0.9995440245 -0.0252202433 0.9456720948 0.0238894224 0.3242430985
-355.9 166.8 2468.5 0 0 0 0 0 0 0 0 0
-140.0 -232.0 2786.1 0 0 0 0 0 0 0 0 0
-421.2 -755.4 2700.7 0 0 0 0 0 0 0 0 0
-314.1 -777.0 2736.3 0 0 0 0 0 0 0 0 0
-336.2 480.0 2603.6 9 0.9632138610 0.0323441029 -0.2667826116 0.0308014210 0.9729012251 0.2291602492 0.2669651210 -0.2289476097 0.9361156821
-342.9 280.1 2650.7 0.9632138610 0.0323441029 -0.2667826116 0.0308014210 0.9729012251 0.2291602492 0.2669651210 -0.2289476097 0.9361156821
-347.4 85.4 2690.3 0.9632533193 0.0222677439 -0.2676698267 0.0322141573 0.9797860980 0.1974373311 0.2666556537 -0.1988049299 0.9430648685
-482.8 275.4 2612.1 0.4221297204 -0.6405176520 -0.6415166259 0.8995049000 0.2079828680 0.3842317462 -0.1126827523 -0.7392430305 0.6639445424
-574.9 79.1 2636.7 -0.7670832872 -0.6405176520 0.0363367610 -0.2188263237 0.2079828680 -0.9533405304 0.6030740142 -0.7392430305 -0.2997023165
-203.0 284.7 2689.3 0.0922270045 0.9915506840 -0.0912220925 -0.8740639091 0.1245009378 0.4695867896 0.4769763350 0.0364253595 0.8781610131
-177.1 39.5 2823.1 0.1285636723 0.9915506840 -0.0172821693 -0.9805835485 0.1245009378 -0.1515105069 -0.1480786949 0.0364253595 0.9883045554
-429.5 -112.4 2703.5 0.9191635251 -0.0577552170 -0.3896187544 0.0523780473 0.9983286858 -0.0244205445 0.3903779984 0.0020390050 0.9206523895
-406.6 -509.0 2702.6 0.9183821678 0.0590024367 -0.3912709355 -0.0608797856 0.9981160164 0.0076171495 0.3909832239 0.0168250371 0.9202439785
-257.9 -101.4 2763.5 0.3922116756 0.1520614773 -0.9072195292 -0.0978252813 0.9875443578 0.1232328340 0.9146585464 0.0404156521 0.4022018909
-318.3 -493.3 2747.4 0.3923411369 -0.0147528388 -0.9197014570 -0.0148960892 0.9996383190 -0.0223897118 0.9196991324 0.0224843603 0.3919794858
-353.9 142.2 2463.0 0 0 0 0 0 0 0 0 0
-141.0 -235.9 2781.5 0 0 0 0 0 0 0 0 0
-421.1 -754.9 2698.5 0 0 0 0 0 0 0 0 0
-314.1 -778.8 2741.0 0 0 0 0 0 0 0 0 0
-333.5 482.5 2601.7 0 0.9619207382 0.0351691470 -0.2710565329 0.0296076480 0.9724450707 0.2312442809 0.2717202604 -0.2304640263 0.9343737960
-340.8 281.6 2649.3 0.9619207382 0.0351691470 -0.2710565329 0.0296076480 0.9724450707 0.2312442809 0.2717202604 -0.2304640263 0.9343737960
-345.7 86.9 2688.9 0.9619652629 0.0244318880 -0.2720770538 0.0310660638 0.9797465205 0.1978172213 0.2713996172 -0.1987456530 0.9417231083
-480.9 277.1 2609.8 0.4007634819 -0.6577499509 -0.6377724409 0.9032768607 0.1672401577 0.3951223791 -0.1532305479 -0.7344356775 0.6611540318
-570.2 75.7 2644.0 -0.7531058192 -0.6577499509 0.0140222972 -0.1641655266 0.1672401577 -0.9721524715 0.6370881200 -0.7344356775 -0.2339294106
-200.6 286.1 2688.8 0.0817369372 0.9912877679 -0.1032844409 -0.8767571449 0.1207964122 0.4655160308 0.4739367068 0.0525055192 0.8789921403
-177.5 37.3 2823.3 0.1268313080 0.9912877679 -0.0355305709 -0.9829517603 0.1207964122 -0.1386146694 -0.1331150532 0.0525055192 0.9897088408
-439.8 -112.1 2705.7 0.9166461825 -0.0619337521 -0.3948721290 0.0621450245 0.9979917407 -0.0122682089 0.3948389590 -0.0132937320 0.9186541438
-415.2 -508.6 2711.0 0.9189050198 0.0279909372 -0.3934845328 -0.0446400158 0.9984505773 -0.0332220569 0.3919449449 0.0480930693 0.9187307358
-264.2 -106.2 2754.2 0.3928482533 0.1304847896 -0.9102988243 -0.0614719689 0.9913941622 0.1155804023 0.9175464511 0.0105523057 0.3974885941
-315.9 -499.7 2750.0 0.3927976489 -0.0068827844 -0.9195991755 -0.0369580835 0.9990459681 -0.0232636873 0.9188820124 0.0431245454 0.3921685517
-354.2 122.8 2461.2 0 0 0 0 0 0 0 0 0
-141.9 -238.6 2785.9 0 0 0 0 0 0 0 0 0
-422.0 -752.6 2699.2 0 0 0 0 0 0 0 0 0
-314.0 -778.2 2738.0 0 0 0 0 0 0 0 0 0
-336.6 481.5 2602.2 1 0.9631358981 0.0329735652 -0.2669869363 0.0296895597 0.9733682871 0.2273163795 0.2673720419 -0.2268632799 0.9365069270
-343.4 280.8 2649.0 0.9631358981 0.0329735652 -0.2669869363 0.0296895597 0.9733682871 0.2273163795 0.2673720419 -0.2268632799 0.9365069270
-348.0 86.1 2688.4 0.9631835222 0.0229532253 -0.2678632140 0.0313527323 0.9799600840 0.1967111379 0.2670104206 -0.1978671700 0.9431617260
-483.9 276.2 2610.1 0.3839701116 -0.6687501669 -0.6366633177 0.9067428708 0.1429284364 0.3967226446 -0.1743110269 -0.7296195626 0.6612646580
-569.5 74.2 2648.9 -0.7434504032 -0.6687501669 -0.0073994296 -0.1187878698 0.1429284364 -0.9825786948 0.6581572294 -0.7296195626 -0.1856996119
-202.9 285.4 2687.9 0.0888321996 0.9917570353 -0.0923408344 -0.8755135536 0.1219530553 0.4675505161 0.4749577343 0.0393121131 0.8791300654
-177.6 35.8 2823.3 0.1261640936 0.9917570353 -0.0223743320 -0.9829980731 0.1219530553 -0.1372671872 -0.1334070712 0.0393121131 0.9902813435
-438.6 -110.5 2703.6 0.9184456468 -0.0633012429 -0.3904491663 0.0617774725 0.9979539514 -0.0164745636 0.3906931579 -0.0089899711 0.9204770923
-413.4 -507.1 2707.2 0.9201971889 0.0294196028 -0.3903481066 -0.0396015905 0.9990523458 -0.0180596467 0.3894468844 0.0320768431 0.9204902053
-262.6 -104.9 2753.2 0.3963291347 0.1301524788 -0.9088363647 -0.0679942444 0.9913433790 0.1123169214 0.9155872464 0.0172811747 0.4017478824
-314.3 -498.6 2746.3 0.3964949846 -0.0030102392 -0.9180319309 -0.0305493418 0.9993975163 -0.0164711997 0.9175284505 0.0345760211 0.3961641490
-355.6 108.4 2459.6 0 0 0 0 0 0 0 0 0
-142.2 -239.9 2785.9 0 0 0 0 0 0 0 0 0
-420.7 -754.8 2699.3 0 0 0 0 0 0 0 0 0
-313.5 -776.4 2736.7 0 0 0 0 0 0 0 0 0
-334.7 480.6 2603.5 2 0.9641838074 0.0396463238 -0.2622551620 0.0228882991 0.9726399183 0.2311875373 0.2642455697 -0.2289098501 0.9368962049
-342.8 280.2 2650.6 0.9641838074 0.0396463238 -0.2622551620 0.0228882991 0.9726399183 0.2311875373 0.2642455697 -0.2289098501 0.9368962049
-348.6 85.5 2689.9 0.9642421603 0.0291295182 -0.2634170949 0.0245445315 0.9798540473 0.1982010603 0.2638837993 -0.1975792646 0.9441015720
-483.6 276.7 2612.1 0.3608281612 -0.6819250584 -0.6362242103 0.9163397551 0.1322676837 0.3779242337 -0.1735641062 -0.7193632126 0.6726009250
-564.2 71.8 2650.9 -0.7303243279 -0.6819250584 -0.0400577746 -0.0692677051 0.1322676837 -0.9887908101 0.6795795560 -0.7193632126 -0.1438336819
-202.1 283.8 2689.2 0.0897945538 0.9920554161 -0.0881075710 -0.8879215717 0.1198124811 0.4441173971 0.4511454701 0.0383532904 0.8916259408
-176.9 35.0 2815.6 0.1228391677 0.9920554161 -0.0271393750 -0.9883494377 0.1198124811 -0.0938634202 -0.0898660794 0.0383532904 0.9952151179
-440.8 -111.5 2703.3 0.9198345542 -0.0608467460 -0.3875591457 0.0600902513 0.9980936050 -0.0140821422 0.3876771629 -0.0103352861 0.9217372537
-416.6 -508.2 2707.4 0.9219592810 0.0114745805 -0.3871168196 -0.0213320907 0.9995481372 -0.0211768728 0.3866989017 0.0277822241 0.9217874408
-264.4 -105.8 2752.1 0.3997342288 0.1286274791 -0.9075613022 -0.0643162802 0.9916008711 0.1122102663 0.9143719077 0.0135166813 0.4046496451
-315.5 -499.7 2746.8 0.3995072246 -0.0137824956 -0.9166264534 -0.0371829160 0.9988205433 -0.0312243700 0.9159756899 0.0465572029 0.3985235393
-354.2 91.7 2455.5 0 0 0 0 0 0 0 0 0
-142.6 -240.8 2790.5 0 0 0 0 0 0 0 0 0
-419.5 -753.3 2700.6 0 0 0 0 0 0 0 0 0
-311.8 -769.4 2734.2 0 0 0 0 0 0 0 0 0
-333.0 482.5 2603.1 3 0.9692906141 0.0436792448 -0.2420078665 0.0136400796 0.9730355740 0.2302514464 0.2455394715 -0.2264815718 0.9425584674
-342.0 282.4 2649.7 0.9692906141 0.0436792448 -0.2420078665 0.0136400796 0.9730355740 0.2302514464 0.2455394715 -0.2264815718 0.9425584674
-348.5 87.7 2688.9 0.9694247246 0.0324731469 -0.2432307303 0.0170791689 0.9798727036 0.1988914758 0.2447937876 -0.1969644874 0.9493582249
-483.5 279.9 2614.0 0.3465549350 -0.6917257905 -0.6335732937 0.9154580832 0.1021299735 0.3892376423 -0.2045388669 -0.7149020433 0.6686396003
-562.2 72.0 2660.4 -0.7208698988 -0.6917257905 -0.0431518778 -0.0384977311 0.1021299735 -0.9940258265 0.6920003891 -0.7149020433 -0.1002522931
-200.5 284.9 2685.4 0.0833156183 0.9917104840 -0.0978202894 -0.8878812194 0.1184436977 0.4445650280 0.4524660110 0.0498135872 0.8903893232
-176.9 34.0 2813.3 0.1226706579 0.9917104840 -0.0382388793 -0.9881066084 0.1184436977 -0.0980633795 -0.0927213281 0.0498135872 0.9944452643
-442.8 -111.4 2705.0 0.9264395833 -0.0729535371 -0.3693067431 0.0732403174 0.9972261190 -0.0132638793 0.3692499697 -0.0147599606 0.9292128682
-413.8 -507.7 2710.9 0.9295485020 0.0190582015 -0.3682069778 -0.0314814486 0.9991186857 -0.0277619120 0.3673533797 0.0373977311 0.9293292761
-266.1 -106.9 2753.4 0.4164547026 0.1270967275 -0.9002287984 -0.0743961111 0.9916235805 0.1055837125 0.9061074257 0.0230026897 0.4224217832
-316.6 -500.9 2744.2 0.4159811139 -0.0198974982 -0.9091555476 -0.0298087616 0.9989249706 -0.0355010666 0.9088845849 0.0418685749 0.4149408042
-354.8 83.1 2461.3 0 0 0 0 0 0 0 0 0
-142.7 -241.4 2787.5 0 0 0 0 0 0 0 0 0
-418.5 -756.1 2701.6 0 0 0 0 0 0 0 0 0
-311.2 -768.9 2733.0 0 0 0 0 0 0 0 0 0
-332.8 486.2 2611.4 4 0.9614319801 0.0439162925 -0.2715141475 0.0138106206 0.9782168269 0.2071259469 0.2746959031 -0.2028872967 0.9398823977
-341.9 284.9 2653.2 0.9614319801 0.0439162925 -0.2715141475 0.0138106206 0.9782168269 0.2071259469 0.2746959031 -0.2028872967 0.9398823977
-348.7 89.5 2688.4 0.9615107775 0.0344845206 -0.2725946009 0.0157830715 0.9835232496 0.1800913215 0.2743134797 -0.1774621308 0.9451239705
-482.2 282.7 2613.1 0.3637430072 -0.6828812957 -0.6335330606 0.9083509445 0.1093529314 0.4036588669 -0.2063724101 -0.7222984433 0.6600722671
-566.5 72.3 2660.9 -0.7270948887 -0.6828812957 -0.0707538500 -0.0059783240 0.1093529314 -0.9939849973 0.6865109205 -0.7222984433 -0.0835924447
-201.5 287.2 2693.2 0.0896147043 0.9884241819 -0.1224209592 -0.9147336483 0.1303042918 0.3824697733 0.3939943612 0.0777076557 0.9158220291
-176.2 29.1 2804.4 0.1353943646 0.9885013103 -0.0673311278 -0.9881316423 0.1297422200 -0.0822366774 -0.0725553781 0.0776663944 0.9943357706
-443.8 -108.6 2705.6 0.9137134552 -0.0870459974 -0.3969266415 0.0797663853 0.9962042570 -0.0348476954 0.3984533548 0.0001794033 0.9171885848
-409.2 -504.4 2705.5 0.9156647921 0.0399743579 -0.3999499977 -0.0422779508 0.9991011620 0.0030653724 0.3997130692 0.0141022131 0.9165318012
-266.1 -105.5 2750.4 0.3925936222 0.1342821270 -0.9098563194 -0.0637395158 0.9908778071 0.1187368333 0.9175006747 0.0113784811 0.3975713849
-319.4 -499.2 2745.9 0.3918557763 -0.0292568505 -0.9195613265 -0.0316675641 0.9984731078 -0.0452621207 0.9194815159 0.0468564928 0.3903309703
-356.8 74.0 2463.0 0 0 0 0 0 0 0 0 0
-138.5 -245.8 2784.2 0 0 0 0 0 0 0 0 0
-419.3 -756.8 2701.9 0 0 0 0 0 0 0 0 0
-311.5 -770.5 2733.2 0 0 0 0 0 0 0 0 0
-335.7 488.8 2625.6 5 0.9708917737 0.0339554846 -0.2370995432 0.0060617523 0.9860998392 0.1660433561 0.2394418865 -0.1626473665 0.9571903944
-342.7 286.2 2659.0 0.9708917737 0.0339554846 -0.2370995432 0.0060617523 0.9860998392 0.1660433561 0.2394418865 -0.1626473665 0.9571903944
-347.9 89.8 2687.8 0.9709988236 0.0259726103 -0.2376692891 0.0095903194 0.9890505672 0.1472651958 0.2388917953 -0.1452736557 0.9601178169
-484.4 284.7 2624.2 0.3476786911 -0.6957679391 -0.6285113692 0.9185820222 0.1183881015 0.3770826757 -0.1879537553 -0.7084428072 0.6802809238
-563.8 75.0 2667.1 -0.7115464211 -0.6957679391 -0.0980237126 0.0209992453 0.1183881015 -0.9927453399 0.7023252249 -0.7084428072 -0.0696280301
-201.0 287.7 2693.9 0.0881028473 0.9919213653 -0.0912682191 -0.9210132957 0.1160194501 0.3718520701 0.3794368804 0.0512980185 0.9237944484
-175.9 25.4 2801.9 0.1413392127 0.9890363812 -0.0427812152 -0.9876212478 0.1379038692 -0.0747445822 -0.0680254176 0.0528159775 0.9962846041
-443.6 -107.3 2698.6 0.9272007942 -0.0865283236 -0.3644331396 0.0750854760 0.9961393476 -0.0454814658 0.3669616282 0.0148068164 0.9301182032
-409.2 -503.1 2692.7 0.9273083210 0.0474176258 -0.3712827265 -0.0290818252 0.9980719686 0.0548325665 0.3731669188 -0.0400491171 0.9268994331
-267.3 -104.4 2748.8 0.4305822551 0.1290196031 -0.8932820559 -0.0624986701 0.9916164279 0.1130965725 0.9003848433 0.0071315649 0.4350360036
-318.6 -498.5 2746.0 0.4299764931 -0.0234995950 -0.9025341868 -0.0208784826 0.9991350770 -0.0359615460 0.9025986195 0.0343061648 0.4291139543
-358.1 69.0 2464.1 0 0 0 0 0 0 0 0 0
-136.6 -249.4 2783.0 0 0 0 0 0 0 0 0 0
-421.2 -755.1 2702.8 0 0 0 0 0 0 0 0 0
-312.1 -775.2 2736.5 0 0 0 0 0 0 0 0 0
-334.8 495.1 2623.2 6 0.9772870541 0.0414243899 -0.2078318447 -0.0047261207 0.9847257137 0.1740488112 0.2118672132 -0.1691134125 0.9625554085
-343.3 292.8 2657.9 0.9772870541 0.0414243899 -0.2078318447 -0.0047261207 0.9847257137 0.1740488112 0.2118672132 -0.1691134125 0.9625554085
-350.0 96.5 2687.5 0.9774082899 0.0337517485 -0.2086477727 -0.0015442343 0.9882814884 0.1526346505 0.2113544047 -0.1488641649 0.9660066366
-485.9 293.0 2627.1 0.3332585096 -0.6901393533 -0.6423755884 0.9314039946 0.1352072358 0.3379431963 -0.1463740766 -0.7109336257 0.6878575683
-565.3 71.2 2662.0 -0.7156104445 -0.6901393533 -0.1077465639 0.0187618565 0.1352072358 -0.9906396866 0.6982475519 -0.7109336257 -0.0838074163
-200.6 292.6 2688.8 0.0855817422 0.9944755435 -0.0607792065 -0.9206301570 0.1022560894 0.3768073320 0.3809407353 0.0237073451 0.9242954850
-175.8 25.7 2799.2 0.1635518670 0.9864493012 -0.0129844295 -0.9813743234 0.1613378078 -0.1042811424 -0.1007731780 0.0297979619 0.9944630861
-442.2 -107.5 2694.8 0.9375902414 -0.0747669861 -0.3396092653 0.0708184391 0.9971998930 -0.0240245294 0.3404545486 -0.0015254330 0.9402597547
-412.5 -503.7 2695.4 0.9385149479 0.0333182774 -0.3436270356 -0.0213660784 0.9990296960 0.0385114253 0.3445767462 -0.0288015865 0.9383162260
-264.2 -105.7 2738.5 0.4580951333 0.1255992353 -0.8799850345 -0.0429282561 0.9919380546 0.1192309335 0.8878659606 -0.0168428887 0.4597937763
-314.1 -499.8 2745.2 0.4581849873 0.0015316417 -0.8888555169 -0.0261972081 0.9995873570 -0.0117816199 0.8884707093 0.0286836959 0.4580360651
-356.6 65.7 2458.3 0 0 0 0 0 0 0 0 0
-130.5 -246.6 2771.3 0 0 0 0 0 0 0 0 0
-420.6 -748.3 2702.4 0 0 0 0 0 0 0 0 0
-314.6 -779.7 2737.2 0 0 0 0 0 0 0 0 0
-336.2 497.2 2631.0 7 0.9659062624 0.0418928787 -0.2554801702 -0.0034378795 0.9888094664 0.1491442919 0.2588692904 -0.1431810856 0.9552412629
-344.8 293.7 2660.4 0.9659062624 0.0418928787 -0.2554801702 -0.0034378795 0.9888094664 0.1491442919 0.2588692904 -0.1431810856 0.9552412629
-351.9 96.8 2685.3 0.9659453630 0.0361165069 -0.2562130690 -0.0024447304 0.9914401174 0.1305393130 0.2587345541 -0.1254674643 0.9577652812
-485.7 294.2 2622.7 0.3034909964 -0.7096419334 -0.6358470917 0.9380150437 0.1052798703 0.3302179277 -0.1673945934 -0.6966523528 0.6976063251
-557.4 72.7 2662.2 -0.6979415417 -0.7096419334 -0.0963632911 0.0301924571 0.1052798703 -0.9939841628 0.7155179977 -0.6966523528 -0.0520533659
-203.9 293.3 2698.2 0.0979196131 0.9895118475 -0.1061983705 -0.9312549829 0.1287379265 0.3408674896 0.3509641886 0.0655201524 0.9340938330
-175.7 24.7 2799.4 0.1580415666 0.9861049652 -0.0511849783 -0.9821131229 0.1516055763 -0.1116671637 -0.1023556143 0.0679174885 0.9924265742
-446.3 -99.7 2697.7 0.9185465574 -0.0780802444 -0.3875251412 0.0793476924 0.9967653751 -0.0127556566 0.3872676194 -0.0190325622 0.9217708707
-415.3 -495.7 2705.3 0.9211832285 0.0220103227 -0.3885060549 -0.0238090362 0.9997165203 0.0001842864 0.3883999586 0.0090801930 0.9214461446
-267.2 -99.9 2736.5 0.4179510772 0.1261226982 -0.8996721506 -0.0330031998 0.9917704463 0.1237017736 0.9078698754 -0.0220092312 0.4186739922
-317.3 -494.0 2745.2 0.4179531038 -0.0025025348 -0.9084651470 -0.0202803444 0.9997212887 -0.0120841954 0.9082422256 0.0234746132 0.4177858531
-354.7 63.9 2454.4 0 0 0 0 0 0 0 0 0
-131.7 -248.5 2770.9 0 0 0 0 0 0 0 0 0
-420.8 -744.0 2703.0 0 0 0 0 0 0 0 0 0
-316.6 -780.4 2738.5 0 0 0 0 0 0 0 0 0
-335.0 495.6 2634.4 8 0.9737862349 0.0438019969 -0.2232077569 -0.0115409484 0.9895343184 0.1438353509 0.2271720171 -0.1374888569 0.9641004801
-343.9 293.0 2662.5 0.9737862349 0.0438019969 -0.2232077569 -0.0115409484 0.9895343184 0.1438353509 0.2271720171 -0.1374888569 0.9641004801
-351.5 95.9 2686.6 0.9738556147 0.0382674001 -0.2239214182 -0.0098659759 0.9919041395 0.1266049445 0.2269534320 -0.1210857257 0.9663490057
-486.0 294.5 2629.4 0.3032487929 -0.7095447183 -0.6360710859 0.9423662424 0.1242732704 0.3106476665 -0.1413717717 -0.6936154962 0.7063367367
-557.3 73.0 2662.7 -0.6952121854 -0.7095447183 -0.1150055528 0.0371921025 0.1242732704 -0.9915507436 0.7178417444 -0.6936154962 -0.0600068308
-201.8 291.5 2695.6 0.0918073580 0.9929941893 -0.0743901283 -0.9317892194 0.1120156124 0.3452844024 0.3511982858 0.0376162715 0.9355452061
-175.5 23.7 2796.6 0.1541563272 0.9876949191 -0.0263546146 -0.9834530950 0.1508160681 -0.1003716961 -0.0951619148 0.0413914584 0.9946008921
-447.4 -99.8 2686.6 0.9287747741 -0.0905755609 -0.3594070673 0.1011826023 0.9948095679 0.0107688978 0.3565661907 -0.0463676266 0.9331187606
-411.4 -495.0 2705.0 0.9326801896 0.0452525765 -0.3578545451 -0.0506583489 0.9986995459 -0.0057406295 0.3571293950 0.0234824922 0.9337596893
-270.5 -100.4 2734.0 0.4476219714 0.1207879111 -0.8860275745 -0.0374848880 0.9924988747 0.1163652390 0.8934368491 -0.0188749935 0.4487920403
-318.5 -494.8 2741.5 0.4479704797 0.0062985159 -0.8940261602 -0.0096761612 0.9999507666 0.0021963245 0.8939960003 0.0076668523 0.4480093718
-354.7 62.1 2453.4 0 0 0 0 0 0 0 0 0
-132.6 -250.0 2770.1 0 0 0 0 0 0 0 0 0
-422.9 -747.1 2699.1 0 0 0 0 0 0 0 0 0
-320.4 -785.7 2739.2 0 0 0 0 0 0 0 0 0
-336.3 495.7 2634.6 9 0.9655768275 0.0405734666 -0.2569341958 -0.0026884845 0.9892639518 0.1461149603 0.2601041198 -0.1403944641 0.9553194642
-344.6 293.2 2663.3 0.9655768275 0.0405734666 -0.2569341958 -0.0026884845 0.9892639518 0.1461149603 0.2601041198 -0.1403944641 0.9553194642
-351.2 96.1 2687.4 0.9656548500 0.0331744179 -0.2577016652 -0.0005920125 0.9920939803 0.1254957467 0.2598275244 -0.1210330129 0.9580399990
-485.5 293.3 2625.4 0.3049740791 -0.7100446224 -0.6346868873 0.9403527379 0.1190152541 0.3187037110 -0.1507564485 -0.6940259337 0.7039889693
-557.1 72.5 2660.8 -0.6954934001 -0.7100446224 -0.1101160869 0.0355963185 0.1190152541 -0.9922541380 0.7176501751 -0.6940259337 -0.0574993491
-203.7 293.1 2701.2 0.0991586819 0.9892413020 -0.1075604036 -0.9354727864 0.1295205206 0.3288086951 0.3392024040 0.0680155903 0.9382513762
-175.5 27.2 2797.6 0.1369313598 0.9891029000 -0.0540854670 -0.9855250716 0.1305201501 -0.1081886292 -0.0999504477 0.0681170002 0.9926580191
-448.3 -100.2 2689.9 0.9149304628 -0.1121688187 -0.3877117038 0.1125460938 0.9934070110 -0.0218137279 0.3876023591 -0.0236773919 0.9215225577
-403.7 -494.7 2699.3 0.9172829986 0.0648180470 -0.3929256201 -0.0581535883 0.9978905320 0.0288553759 0.3939670920 -0.0036185109 0.9191173911
-269.9 -102.1 2731.4 0.4167093635 0.1276326925 -0.9000350833 -0.0382701270 0.9916796684 0.1229098961 0.9082338214 -0.0167732500 0.4181267321
-320.6 -496.2 2738.1 0.4161797762 -0.0228151511 -0.9089960456 -0.0049116281 0.9996141791 -0.0273383670 0.9092690945 0.0158423260 0.4159071445
-354.3 62.1 2451.5 0 0 0 0 0 0 0 0 0
-137.5 -246.7 2769.8 0 0 0 0 0 0 0 0 0
-420.4 -751.0 2700.2 0 0 0 0 0 0 0 0 0
-314.2 -774.1 2733.7 0 0 0 0 0 0 0 0 0
-336.5 494.1 2637.2 0 0.9667018056 0.0348842032 -0.2535166740 0.0011300922 0.9900736809 0.1405445784 0.2559029758 -0.1361511946 0.9570665956
-343.6 292.2 2664.9 0.9667018056 0.0348842032 -0.2535166740 0.0011300922 0.9900736809 0.1405445784 0.2559029758 -0.1361511946 0.9570665956
-348.7 94.8 2687.6 0.9668040872 0.0255367644 -0.2542396188 0.0044862041 0.9931435585 0.1168148145 0.2554795146 -0.1140776053 0.9600606561
-484.8 291.5 2627.6 0.3130028546 -0.7062588334 -0.6350021362 0.9387977123 0.1288172603 0.3194761276 -0.1438336074 -0.6961354613 0.7033542991
-558.0 71.8 2661.3 -0.6991735697 -0.7062588334 -0.1111520380 0.0274686199 0.1288172603 -0.9912878275 0.7144240737 -0.6961354613 -0.0706656724
-202.5 292.8 2702.2 0.0967878401 0.9897590876 -0.1049238220 -0.9408777356 0.1253682375 0.3146933615 0.3246247172 0.0682619959 0.9433764219
-175.2 27.2 2793.9 0.1310719401 0.9898478985 -0.0549662486 -0.9864498377 0.1247017905 -0.1066124290 -0.0986756980 0.0681953430 0.9927802086
-446.2 -101.0 2687.6 0.9173631668 -0.1036934778 -0.3843077719 0.1028940678 0.9944331646 -0.0227031801 0.3845225573 -0.0187159274 0.9229258299
-405.0 -496.1 2695.1 0.9183515310 0.0647110790 -0.3904394209 -0.0513452180 0.9976851940 0.0445864871 0.3924208581 -0.0208988711 0.9195483327
-269.3 -101.1 2735.2 0.4222528636 0.1197829545 -0.8985291123 -0.0321477875 0.9925861955 0.1172142476 0.9059078693 -0.0206083283 0.4229731262
-316.9 -495.6 2743.4 0.4221561253 -0.0111767091 -0.9064542651 -0.0212557446 0.9995270371 -0.0222235881 0.9062739015 0.0286491849 0.4217188954
-354.0 63.8 2452.8 0 0 0 0 0 0 0 0 0
-138.7 -246.9 2766.5 0 0 0 0 0 0 0 0 0
-421.7 -754.0 2700.5 0 0 0 0 0 0 0 0 0
-313.8 -774.2 2735.4 0 0 0 0 0 0 0 0 0
-334.3 497.3 2647.5 1 0.9649192691 0.0413654335 -0.2592676580 -0.0107907429 0.9929242134 0.1182582676 0.2623249590 -0.1113119870 0.9585380554
-342.7 295.1 2670.1 0.9649192691 0.0413654335 -0.2592676580 -0.0107907429 0.9929242134 0.1182582676 0.2623249590 -0.1113119870 0.9585380554
-348.8 97.4 2688.0 0.9650851488 0.0307772290 -0.2601218820 -0.0062181083 0.9954850674 0.0947143212 0.2618624866 -0.0897899196 0.9609192610
-483.7 296.1 2631.9 0.3181060851 -0.7036814690 -0.6353274584 0.9387156963 0.1399523914 0.3150017858 -0.1327453107 -0.6965958476 0.7050765157
-559.7 71.8 2663.6 -0.7009581327 -0.7036814690 -0.1161468476 0.0235240776 0.1399523914 -0.9898787737 0.7128143311 -0.6965958476 -0.0815473124
-201.8 294.2 2708.4 0.1053910404 0.9883655906 -0.1096638888 -0.9474366903 0.1332982183 0.2908526361 0.3020867407 0.0732463300 0.9504622817
-172.3 28.6 2793.0 0.1301905960 0.9899721146 -0.0548239760 -0.9830704331 0.1216973513 -0.1369755566 -0.1289300472 0.0717287585 0.9890561104
-442.4 -102.9 2686.9 0.9146852493 -0.0883134380 -0.3944002986 0.0950209498 0.9954720736 -0.0025337106 0.3928382099 -0.0351587422 0.9189352393
-407.3 -498.4 2700.8 0.9173545241 0.0457153134 -0.3954374790 -0.0456923582 0.9989105463 0.0094816973 0.3954401314 0.0093703931 0.9184439778
-265.1 -102.1 2733.7 0.4196825325 0.1280186474 -0.8985976577 -0.0274167620 0.9913399816 0.1284264028 0.9072567821 -0.0292616822 0.4195579588
-316.0 -496.0 2745.3 0.4197927415 -0.0120511157 -0.9075399637 -0.0354321860 0.9989320040 -0.0296542533 0.9069281220 0.0446047671 0.4189174175
-354.8 64.9 2455.3 0 0 0 0 0 0 0 0 0
-135.7 -247.8 2756.8 0 0 0 0 0 0 0 0 0
-418.6 -745.6 2698.5 0 0 0 0 0 0 0 0 0
-312.7 -769.3 2733.1 0 0 0 0 0 0 0 0 0
-334.3 493.3 2643.1 2 0.9585094452 0.0453882106 -0.2814241648 -0.0093499133 0.9917172194 0.1280994862 0.2849074006 -0.1201532707 0.9509947300
-343.6 290.7 2667.7 0.9585094452 0.0453882106 -0.2814241648 -0.0093499133 0.9917172194 0.1280994862 0.2849074006 -0.1201532707 0.9509947300
-350.3 92.9 2685.7 0.9586303830 0.0334828906 -0.2826777995 -0.0063035544 0.9953113794 0.0965166911 0.2845840752 -0.0907419547 0.9543467760
-483.6 291.6 2626.1 0.3245308697 -0.7063531876 -0.6290825605 0.9321298599 0.1258584708 0.3395490050 -0.1606661528 -0.6965808272 0.6992578506
-559.9 72.5 2663.9 -0.6994509697 -0.7063531876 -0.1087821946 0.0271302573 0.1258584708 -0.9916771650 0.7141654491 -0.6965808272 -0.0688682869
-203.6 289.7 2709.2 0.1089794710 0.9853531122 -0.1311592609 -0.9475887418 0.1428429186 0.2857822180 0.3003315628 0.0931406394 0.9492764473
-173.6 29.0 2791.9 0.1390620470 0.9874700904 -0.0745959133 -0.9831227064 0.1286216825 -0.1301007271 -0.1188759208 0.0914290100 0.9886906743
-443.4 -99.8 2681.8 0.9045079350 -0.0964534208 -0.4154059887 0.1028432772 0.9946727753 -0.0070221317 0.4138703346 -0.0363701396 0.9096090198
-405.1 -495.0 2696.3 0.9058248997 0.0579729080 -0.4196670055 -0.0443439782 0.9981259704 0.0421676859 0.4213251173 -0.0195868351 0.9066981077
-266.5 -100.9 2729.8 0.3977254033 0.1266139299 -0.9087262750 -0.0292280205 0.9916782379 0.1253793985 0.9170388579 -0.0233063009 0.3981162906
-316.8 -495.1 2739.1 0.3976497054 -0.0087169809 -0.9174959064 -0.0173041523 0.9997057915 -0.0169977956 0.9173741341 0.0226356573 0.3973818719
-355.6 64.5 2455.3 0 0 0 0 0 0 0 0 0
-134.3 -249.1 2758.2 0 0 0 0 0 0 0 0 0
-419.9 -750.3 2701.3 0 0 0 0 0 0 0 0 0
-314.3 -775.3 2732.7 0 0 0 0 0 0 0 0 0
-332.2 492.2 2639.9 3 0.9720604420 0.0500599928 -0.2293304205 -0.0193462688 0.9907563329 0.1342670172 0.2339319736 -0.1260789633 0.9640435576
-342.4 289.5 2665.7 0.9720604420 0.0500599928 -0.2293304205 -0.0193462688 0.9907563329 0.1342670172 0.2339319736 -0.1260789633 0.9640435576
-350.1 91.9 2685.3 0.9722557664 0.0389107317 -0.2306614518 -0.0149889346 0.9944047332 0.1045685634 0.2334396690 -0.0982100219 0.9673989415
-484.2 291.7 2631.7 0.3201896846 -0.7101700902 -0.6270063519 0.9380897880 0.1453479975 0.3144224584 -0.1321593076 -0.6888630986 0.7127422690
-559.0 72.5 2662.6 -0.6934605241 -0.7101700902 -0.1215355843 0.0244949590 0.1453479975 -0.9890773296 0.7200781107 -0.6888630986 -0.0833975077
-200.6 287.3 2699.8 0.0953508019 0.9921041131 -0.0814714953 -0.9380395412 0.1169421747 0.3261997998 0.3331516385 0.0453200750 0.9417834282
-174.3 28.7 2791.6 0.1445534080 0.9890918136 -0.0283141844 -0.9798713326 0.1391070336 -0.1431829780 -0.1376824081 0.0484418459 0.9892911315
-444.8 -104.3 2677.6 0.9235213995 -0.1139005274 -0.3662443459 0.1217531338 0.9925590158 -0.0016693034 0.3637092412 -0.0430497564 0.9305171967
-399.5 -498.6 2694.7 0.9242926836 0.0830861852 -0.3725315034 -0.0657155439 0.9960860610 0.0591106787 0.3759846985 -0.0301544592 0.9261350632
-269.0 -105.4 2729.8 0.4438308775 0.1250353754 -0.8873445392 -0.0410718210 0.9920154214 0.1192412674 0.8951688409 -0.0164781008 0.4454225302
-318.7 -499.7 2736.3 0.4438554347 -0.0085197762 -0.8960579038 -0.0000057930 0.9999547601 -0.0095105041 0.8960983753 0.0042264797 0.4438353181
-356.6 65.3 2452.4 0 0 0 0 0 0 0 0 0
-133.3 -249.4 2752.5 0 0 0 0 0 0 0 0 0
-419.8 -741.0 2702.1 0 0 0 0 0 0 0 0 0
-316.3 -778.0 2735.2 0 0 0 0 0 0 0 0 0
-331.6 490.9 2638.4 4 0.9708024859 0.0528409742 -0.2339880317 -0.0205615461 0.9901767969 0.1383007020 0.2389974594 -0.1294514984 0.9623525739
-342.4 288.0 2664.9 0.9708024859 0.0528409742 -0.2339880317 -0.0205615461 0.9901767969 0.1383007020 0.2389974594 -0.1294514984 0.9623525739
-350.8 90.4 2684.7 0.9709504843 0.0423705243 -0.2354991883 -0.0174764674 0.9941262007 0.1068065837 0.2386413664 -0.0995882154 0.9659878016
-484.1 290.6 2630.0 0.3096221387 -0.7118465304 -0.6304035783 0.9433816671 0.1469864249 0.2973651588 -0.1190175787 -0.6867820024 0.7170531750
-555.9 71.9 2657.6 -0.6919378638 -0.7118465304 -0.1204016879 0.0208626781 0.1469864249 -0.9889184833 0.7216556072 -0.6867820024 -0.0868544430
-200.7 285.4 2699.7 0.0954418704 0.9917742610 -0.0852916688 -0.9380640388 0.1182785034 0.3256472051 0.3330566883 0.0489286743 0.9416364431
