-232.0 479.8 2305.3 7 0.9420167804 0.3037647903 -0.1425879002 -0.2596308887 0.9289790988 0.2637985647 0.2125938982 -0.2114824355 0.9539806247
-302.1 265.3 2354.1 0.9420167804 0.3037647903 -0.1425879002 -0.2596308887 0.9289790988 0.2637985647 0.2125938982 -0.2114824355 0.9539806247
-284.5 77.3 2405.8 0.9854371548 -0.0901260301 -0.1441903859 0.1243549734 0.9603239894 0.2496270835 0.1159715950 -0.2639226019 0.9575465918
-442.5 247.6 2337.6 0.2310426235 -0.4692476392 -0.8523062468 0.9703814387 0.0476049595 0.2368408889 -0.0705630258 -0.8817825317 0.4663479924
-498.9 11.0 2354.8 -0.4729625583 -0.4692476392 -0.7457298636 0.8297009468 0.0476049595 -0.5561745763 0.2964840531 -0.8817825317 0.3668198586
-161.7 283.0 2370.6 0.5718240738 0.8063172102 0.1512277126 -0.3901604116 0.4294492304 -0.8144619465 -0.7216593027 0.4067258537 0.5601624250
-48.2 205.6 2227.5 -0.4156310856 0.8063172102 0.4208364785 0.9006268978 0.4294492304 0.0666677654 -0.1269725412 0.4067258537 -0.9046834111
-354.9 -123.8 2437.5 0.9728799462 0.1912202537 -0.1301514357 -0.2052230984 0.9731435180 -0.1042838544 0.1067148447 0.1281657517 0.9859946370
-429.8 -504.9 2387.3 0.9854019880 0.0367962942 -0.1662196964 -0.0859918669 0.9502347708 -0.2994316518 0.1469297558 0.3093540668 0.9395273924
-176.8 -102.2 2459.4 -0.8196423650 -0.0130961519 0.5727258325 -0.0293801259 0.9993839860 -0.0191943683 -0.5721216798 -0.0325592756 -0.8195222020
-171.7 -493.6 2472.2 -0.8338010311 -0.0958419070 0.5436819792 0.0689800903 0.9590105414 0.2748464644 -0.5477385521 0.2666704953 -0.7930127978
-372.0 -211.5 2275.3 0 0 0 0 0 0 0 0 0
-165.3 459.3 2191.7 0 0 0 0 0 0 0 0 0
-440.0 -768.7 2301.4 0 0 0 0 0 0 0 0 0
-144.8 -762.2 2397.5 0 0 0 0 0 0 0 0 0
-233.7 482.0 2302.8 8 0.9531248808 0.2450060993 -0.1775528789 -0.1932057738 0.9444029331 0.2660349309 0.2328616381 -0.2192602605 0.9474705458
-291.9 257.5 2354.9 0.9531248808 0.2450060993 -0.1775528789 -0.1932057738 0.9444029331 0.2660349309 0.2328616381 -0.2192602605 0.9474705458
-275.2 68.6 2403.8 0.9798996449 -0.0851212665 -0.1804191172 0.1264655292 0.9645043612 0.2318141311 0.1542827040 -0.2499713749 0.9558823705
-431.4 239.5 2332.9 0.2718183994 -0.4615606070 -0.8444386125 0.9587313533 0.0538705029 0.2791633606 -0.0833604783 -0.8854715228 0.4571556151
-496.8 8.8 2353.0 -0.4745046496 -0.4615606070 -0.7495379448 0.8283707500 0.0538705029 -0.5575839281 0.2977367640 -0.8854715228 0.3567815125
-152.3 275.5 2376.9 0.5305334330 0.8238570690 0.1994839013 -0.3503410816 0.4274056256 -0.8334180117 -0.7718778253 0.3722687066 0.5153839588
-48.9 207.1 2226.3 -0.4153093994 0.8238570690 0.3857170939 0.9021664858 0.4274056256 0.0584809333 -0.1166777313 0.3722687066 -0.9207618237
-355.9 -121.9 2447.0 0.9679702520 0.1868364811 -0.1677071005 -0.2100193799 0.9685932398 -0.1331128776 0.1375696212 0.1640710533 0.9768087268
-429.0 -501.1 2382.8 0.9803013802 0.0399306864 -0.1934288740 -0.0931494310 0.9570615292 -0.2745112181 0.1741619110 0.2871215045 0.9419282675
-177.7 -99.5 2467.9 -0.7980355024 -0.0154297585 0.6024128199 -0.0183459185 0.9998308420 0.0013055069 -0.6023311019 -0.0100099761 -0.7981836200
-171.7 -491.0 2471.9 -0.8114730120 -0.0939914957 0.5767817497 0.0779583380 0.9607486129 0.2662415802 -0.5791667104 0.2610127926 -0.7722941637
-369.6 -213.4 2273.2 0 0 0 0 0 0 0 0 0
-165.9 461.3 2193.5 0 0 0 0 0 0 0 0 0
-440.2 -769.4 2302.3 0 0 0 0 0 0 0 0 0
-145.1 -763.2 2397.9 0 0 0 0 0 0 0 0 0
-234.6 484.3 2306.0 9 0.9551938772 0.2621702850 -0.1373733878 -0.2230261862 0.9426666498 0.2482718676 0.1945868134 -0.2065099031 0.9589002132
-297.2 258.9 2355.4 0.9551938772 0.2621702850 -0.1373733878 -0.2230261862 0.9426666498 0.2482718676 0.1945868134 -0.2065099031 0.9589002132
-280.1 69.4 2401.6 0.9863283634 -0.0873931944 -0.1397095472 0.1173007861 0.9677961469 0.2227356881 0.1157447696 -0.2360785604 0.9648160934
-437.6 242.2 2338.9 0.2172321081 -0.4297224879 -0.8764410019 0.9753915668 0.0608803220 0.2119078338 -0.0377035588 -0.9009063244 0.4323728383
-490.7 3.8 2348.2 -0.4620694220 -0.4297224879 -0.7757772803 0.8423668146 0.0608803220 -0.5354546905 0.2773264945 -0.9009063244 0.3338530362
-156.8 275.7 2371.9 0.5531598330 0.8142888546 0.1759199500 -0.3507003188 0.4191592038 -0.8374454379 -0.7556609511 0.4015460014 0.5174334049
-49.8 207.8 2225.7 -0.4154428542 0.8142888546 0.4053897560 0.9039769173 0.4191592038 0.0844472572 -0.1011583880 0.4015460014 -0.9102350473
-346.9 -131.6 2438.8 0.9691818357 0.2136790156 -0.1225881055 -0.2274501622 0.9673119187 -0.1121341288 0.0946202204 0.1365610361 0.9861024618
-430.6 -510.1 2385.4 0.9863286018 0.0355756767 -0.1609043479 -0.0822526813 0.9523728490 -0.2936332822 0.1427947134 0.3028537333 0.9422788024
-169.9 -108.8 2466.7 -0.8219185472 0.0006854054 0.5696046352 0.0046775420 0.9999736547 0.0055462532 -0.5695858002 0.0072229179 -0.8219001293
-170.2 -500.3 2463.9 -0.8284471035 -0.0904266685 0.5527190566 0.0600774474 0.9668375850 0.2482253462 -0.5568357706 0.2388475239 -0.7955411673
-366.9 -222.0 2273.8 0 0 0 0 0 0 0 0 0
-166.9 462.5 2197.2 0 0 0 0 0 0 0 0 0
-440.2 -768.1 2303.3 0 0 0 0 0 0 0 0 0
-145.8 -761.5 2399.3 0 0 0 0 0 0 0 0 0
-235.0 487.7 2309.2 0 0.9560419321 0.2697267830 -0.1150272116 -0.2393048853 0.9443893433 0.2255258262 0.1694608331 -0.1880855709 0.9674227834
-302.5 251.4 2356.2 0.9560419321 0.2697267830 -0.1150272116 -0.2393048853 0.9443893433 0.2255258262 0.1694608331 -0.1880855709 0.9674227834
-279.3 62.8 2403.2 0.9863283038 -0.1181171089 -0.1149122790 0.1418289691 0.9635186791 0.2269721329 0.0839108378 -0.2401669323 0.9670981169
-442.8 231.2 2344.3 0.2088572681 -0.3862598538 -0.8984330893 0.9779193401 0.0756873637 0.1947953254 -0.0072415872 -0.9192794561 0.3935388327
-491.8 2.0 2346.0 -0.4659203589 -0.3862598538 -0.7960662842 0.8441271782 0.0756873637 -0.5307736993 0.2652687132 -0.9192794561 0.2907881737
-162.1 271.6 2368.2 0.5828785896 0.7988677025 0.1485362351 -0.3326229155 0.4013650417 -0.8533862233 -0.7413599491 0.4480139911 0.4996687770
-49.6 207.4 2225.0 -0.4018178880 0.7988677025 0.4476078749 0.9103454947 0.4013650417 0.1008819416 -0.0990628377 0.4480139911 -0.8885212541
-352.1 -130.7 2437.4 0.9754024148 0.2010687590 -0.0903408527 -0.2106720060 0.9709287882 -0.1136422306 0.0648646355 0.1298791915 0.9894058704
-430.8 -510.8 2386.5 0.9912286997 0.0314074643 -0.1283714175 -0.0694369599 0.9502419829 -0.3036752343 0.1124462485 0.3099253178 0.9440879822
-174.0 -109.5 2458.3 -0.8392108679 -0.0089046387 0.5437332392 -0.0157556180 0.9998443127 -0.0079432940 -0.5435778499 -0.0152329523 -0.8392205238
-170.5 -500.9 2464.2 -0.8474501967 -0.0945811570 0.5223816633 0.0490540005 0.9658404589 0.2544521391 -0.5286037326 0.2412604094 -0.8138620853
-366.9 -224.3 2274.9 0 0 0 0 0 0 0 0 0
-162.7 463.8 2197.1 0 0 0 0 0 0 0 0 0
-439.4 -769.9 2302.0 0 0 0 0 0 0 0 0 0
-145.1 -760.2 2399.5 0 0 0 0 0 0 0 0 0
-233.9 486.9 2313.7 1 0.9545417428 0.2659535408 -0.1346058249 -0.2368384302 0.9508954287 0.1992622018 0.1809905469 -0.1583242565 0.9706574082
-301.2 246.5 2353.7 0.9545417428 0.2659535408 -0.1346058249 -0.2368384302 0.9508954287 0.1992622018 0.1809905469 -0.1583242565 0.9706574082
-274.5 58.1 2399.7 0.9816617966 -0.1361726075 -0.1334059238 0.1629949212 0.9624782205 0.2169523090 0.0988573432 -0.2347182781 0.9670235515
-440.9 223.3 2339.6 0.1773933023 -0.3409698606 -0.9231853485 0.9840569496 0.0736448690 0.1618899554 0.0127882706 -0.9371851683 0.3485978544
-483.6 -13.3 2336.6 -0.4754136801 -0.3409698606 -0.8110002279 0.8465383649 0.0736448690 -0.5272089243 0.2394883633 -0.9371851683 0.2536322773
-161.4 269.7 2367.8 0.5846788287 0.7989861965 0.1406119913 -0.3328713477 0.3943319023 -0.8565623164 -0.7398293018 0.4540081322 0.4965171218
-49.4 206.0 2226.1 -0.3960581124 0.7989861965 0.4525030851 0.9131780863 0.3943319023 0.1029956043 -0.0961443409 0.4540081322 -0.8857950568
-345.3 -138.7 2442.5 0.9704684615 0.2186189145 -0.1019642055 -0.2305293977 0.9649890661 -0.1251089722 0.0710431561 0.1449200660 0.9868896008
-430.8 -516.5 2385.8 0.9892825484 0.0317222774 -0.1425263584 -0.0751000494 0.9476501346 -0.3103533983 0.1252200156 0.3177309334 0.9398760796
-167.2 -113.1 2457.6 -0.8312713504 0.0085096508 0.5558016896 -0.0053703268 0.9997131824 -0.0233381968 -0.5558408499 -0.0223852117 -0.8309872746
-170.5 -504.5 2466.4 -0.8392590880 -0.0963815153 0.5351212621 0.0570217595 0.9631360173 0.2629021704 -0.5407334566 0.2511565983 -0.8028247952
-356.2 -240.2 2272.4 0 0 0 0 0 0 0 0 0
-160.9 463.2 2199.0 0 0 0 0 0 0 0 0 0
-439.3 -769.2 2301.0 0 0 0 0 0 0 0 0 0
-144.9 -760.5 2399.7 0 0 0 0 0 0 0 0 0
-234.0 485.4 2312.0 2 0.9544109702 0.2757298052 -0.1143363044 -0.2489532828 0.9466269612 0.2047428638 0.1646875441 -0.1669444442 0.9721149802
-303.0 248.6 2353.8 0.9544109702 0.2757298052 -0.1143363044 -0.2489532828 0.9466269612 0.2047428638 0.1646875441 -0.1669444442 0.9721149802
-277.6 60.3 2401.0 0.9851551056 -0.1295671761 -0.1126135066 0.1524749398 0.9618287086 0.2272376120 0.0788723603 -0.2410350293 0.9673061967
-443.3 226.9 2342.5 0.1542524695 -0.3325935304 -0.9303696752 0.9876724482 0.0772875696 0.1361239254 0.0266320743 -0.9398979545 0.3404152691
-481.4 -17.3 2335.9 -0.4619666636 -0.3325935304 -0.8221729398 0.8555199504 0.0772875696 -0.5119689703 0.2338213325 -0.9398979545 0.2488361299
-162.7 270.3 2365.0 0.5990491509 0.7901999354 0.1293220669 -0.3407728672 0.3977526128 -0.8518607020 -0.7245784998 0.4662369788 0.5075520873
-48.1 205.2 2226.4 -0.3989892304 0.7901999354 0.4651791751 0.9113476872 0.3977526128 0.1060103774 -0.1012568474 0.4662369788 -0.8788459301
-336.5 -145.0 2436.7 0.9665949941 0.2419557124 -0.0845668465 -0.2506365478 0.9613022804 -0.1143646166 0.0536231324 0.1317398101 0.9898328781
-431.2 -521.4 2385.1 0.9905148149 0.0322662480 -0.1335638165 -0.0731749982 0.9466024041 -0.3139892817 0.1163005829 0.3207845688 0.9399847984
-159.2 -115.6 2454.5 -0.8413845301 0.0289170314 0.5396627188 0.0096316254 0.9992112517 -0.0385246575 -0.5403510928 -0.0272162221 -0.8409994245
-170.5 -506.8 2465.2 -0.8465163112 -0.0999194384 0.5229017138 0.0514269173 0.9622861743 0.2671339810 -0.5298729539 0.2530245185 -0.8094524145
-357.6 -246.6 2273.3 0 0 0 0 0 0 0 0 0
-160.5 461.9 2197.9 0 0 0 0 0 0 0 0 0
-439.7 -770.9 2300.5 0 0 0 0 0 0 0 0 0
-144.0 -761.7 2398.2 0 0 0 0 0 0 0 0 0
-232.0 482.0 2303.6 3 0.9544611573 0.2866907716 -0.0825367048 -0.2622414827 0.9381480217 0.2260700166 0.1422438323 -0.1941305101 0.9706080556
-306.6 237.9 2354.1 0.9544611573 0.2866907716 -0.0825367048 -0.2622414827 0.9381480217 0.2260700166 0.1422438323 -0.1941305101 0.9706080556
-277.5 48.6 2393.8 0.9851141572 -0.1494162381 -0.0849990919 0.1633359045 0.9677305222 0.1918828934 0.0535857975 -0.2029099613 0.9777300954
-446.9 214.6 2346.5 0.1373932064 -0.2889383435 -0.9474374652 0.9889531136 0.0937367380 0.1148268878 0.0556318089 -0.9527476430 0.2986252606
-479.4 -19.2 2333.3 -0.4571442604 -0.2889383435 -0.8411502838 0.8608946800 0.0937367380 -0.5000737906 0.2233371735 -0.9527476430 0.2058942616
-166.4 261.2 2361.8 0.6276511550 0.7692856789 0.1193882301 -0.3003900349 0.3808020055 -0.8745030761 -0.7182059884 0.5130198598 0.4700965583
-48.4 204.8 2226.8 -0.3872819245 0.7692856789 0.5081458688 0.9165650606 0.3808020055 0.1220585853 -0.0996050313 0.5130198598 -0.8525781631
-341.2 -141.8 2441.0 0.9717888236 0.2313984782 -0.0456210412 -0.2353568971 0.9639676809 -0.1239897683 0.0152861662 0.1312290877 0.9912341833
-431.8 -519.3 2389.7 0.9951511025 0.0286599100 -0.0940899327 -0.0581187792 0.9430849552 -0.3274339139 0.0793505758 0.3313146234 0.9401776791
-163.2 -114.3 2455.3 -0.8583154678 0.0192822404 0.5127599239 0.0006626587 0.9993345141 -0.0364705548 -0.5131219029 -0.0309634563 -0.8577570319
-170.8 -505.6 2467.4 -0.8642199636 -0.1005672887 0.4929604828 0.0473083742 0.9592333436 0.2786274850 -0.5008849502 0.2641166151 -0.8242309690
-356.8 -250.0 2273.5 0 0 0 0 0 0 0 0 0
-157.5 463.0 2198.8 0 0 0 0 0 0 0 0 0
-439.5 -771.6 2301.0 0 0 0 0 0 0 0 0 0
-144.0 -761.2 2397.1 0 0 0 0 0 0 0 0 0
-229.3 476.8 2294.5 4 0.9504119158 0.3022447526 -0.0732480437 -0.2747472227 0.9263709188 0.2575866580 0.1457090676 -0.2246887386 0.9634748697
-307.6 236.6 2352.7 0.9504119158 0.3022447526 -0.0732480437 -0.2747472227 0.9263709188 0.2575866580 0.1457090676 -0.2246887386 0.9634748697
-279.2 47.3 2393.6 0.9862551689 -0.1456134170 -0.0780861452 0.1585444212 0.9670689702 0.1991011947 0.0465228818 -0.2087447196 0.9768629670
-448.1 214.0 2346.1 0.1110330150 -0.2571740746 -0.9599651694 0.9910313487 0.1009199247 0.0875898600 0.0743537694 -0.9610809684 0.2660730183
-475.2 -27.6 2327.9 -0.4418838918 -0.2571740746 -0.8594184518 0.8721872568 0.1009199247 -0.4786486626 0.2098284662 -0.9610809684 0.1797090620
-167.1 259.3 2359.4 0.6376696229 0.7605666518 0.1221305802 -0.2941735089 0.3869699836 -0.8739085793 -0.7119265795 0.5213373303 0.4704975188
-48.1 204.4 2226.5 -0.3890096545 0.7605666518 0.5198171735 0.9144885540 0.3869699836 0.1181731448 -0.1112750843 0.5213373303 -0.8460645676
-337.3 -155.6 2428.6 0.9691222310 0.2438516617 -0.0365845077 -0.2463630438 0.9637832642 -0.1021133140 0.0103590339 0.1079733521 0.9940997958
-432.8 -532.9 2386.3 0.9952486157 0.0204039514 -0.0952045470 -0.0513421148 0.9407849312 -0.3350936174 0.0827297717 0.3383894563 0.9373624325
-159.3 -126.0 2438.3 -0.8616287708 0.0254180375 0.5069020987 -0.0080618830 0.9979337454 -0.0637438074 -0.5074749589 -0.0590100847 -0.8596435189
-169.3 -516.7 2461.4 -0.8672887087 -0.0984401405 0.4879752398 0.0378241427 0.9643878937 0.2617734075 -0.4963664114 0.2454903573 -0.8326793313
-356.8 -261.4 2271.7 0 0 0 0 0 0 0 0 0
-157.7 462.0 2195.1 0 0 0 0 0 0 0 0 0
-438.0 -773.1 2300.0 0 0 0 0 0 0 0 0 0
-144.0 -764.6 2398.3 0 0 0 0 0 0 0 0 0
-230.7 479.3 2297.4 5 0.9506233931 0.3008661866 -0.0761227906 -0.2756902575 0.9313052893 0.2380449325 0.1425132304 -0.2053047717 0.9682664871
-308.4 238.9 2350.4 0.9506233931 0.3008661866 -0.0761227906 -0.2756902575 0.9313052893 0.2380449325 0.1425132304 -0.2053047717 0.9682664871
-279.7 49.9 2393.0 0.9860991836 -0.1464112550 -0.0785631984 0.1598508656 0.9649605751 0.2080836743 0.0453445986 -0.2177495360 0.9749507904
-448.9 216.1 2343.9 0.1186582893 -0.2856524587 -0.9509589076 0.9913068414 0.0889058337 0.0969869494 0.0568412356 -0.9542003870 0.2937186658
-478.0 -27.1 2330.0 -0.4446660876 -0.2856524587 -0.8489256501 0.8697191477 0.0889058337 -0.4854733646 0.2141510993 -0.9542003870 0.2089039981
-167.9 261.6 2356.8 0.6456061602 0.7554698586 0.1116151065 -0.3052747548 0.3892779946 -0.8690627217 -0.6999999881 0.5269989371 0.4819461703
-47.4 204.7 2226.2 -0.3886421323 0.7554698586 0.5274680853 0.9138172865 0.3892779946 0.1157607809 -0.1178779230 0.5269989371 -0.8416512609
-339.8 -156.3 2430.2 0.9698356390 0.2415855378 -0.0324839279 -0.2434064299 0.9669643044 -0.0757185817 0.0131182848 0.0813413784 0.9965999722
-434.4 -534.9 2398.3 0.9940999746 0.0158832036 -0.1072983444 -0.0555610247 0.9241523743 -0.3779621720 0.0931567699 0.3816937804 0.9195823073
-161.6 -127.6 2438.6 -0.8616104722 0.0193552673 0.5072009563 -0.0201211181 0.9971846938 -0.0722343698 -0.5071711540 -0.0724433437 -0.8587952852
-169.2 -518.1 2467.0 -0.8710305691 -0.0959602445 0.4817648530 0.0504984744 0.9580463767 0.2821294963 -0.4886263013 0.2700718045 -0.8296418190
-358.8 -260.2 2272.5 0 0 0 0 0 0 0 0 0
-156.9 462.1 2193.0 0 0 0 0 0 0 0 0 0
-438.5 -772.6 2300.2 0 0 0 0 0 0 0 0 0
-144.8 -761.7 2398.3 0 0 0 0 0 0 0 0 0
-230.8 480.2 2303.3 6 0.9508531094 0.2991922200 -0.0797647536 -0.2768441141 0.9368282557 0.2137992084 0.1386929303 -0.1812092364 0.9736156464
-308.3 237.4 2350.3 0.9508531094 0.2991922200 -0.0797647536 -0.2768441141 0.9368282557 0.2137992084 0.1386929303 -0.1812092364 0.9736156464
-279.7 48.4 2392.7 0.9860166311 -0.1460024267 -0.0803399831 0.1597702205 0.9652804732 0.2066567987 0.0473782234 -0.2166029811 0.9751094580
-448.8 214.6 2343.5 0.1080245674 -0.2233921289 -0.9687242508 0.9914312363 0.0961999297 0.0883725360 0.0734494776 -0.9699698687 0.2318698913
-475.1 -27.1 2325.6 -0.4247787893 -0.2233921289 -0.8773021102 0.8860452175 0.0961999297 -0.4535079896 0.1857065260 -0.9699698687 0.1570718437
-167.8 260.2 2357.0 0.6473054886 0.7533776760 0.1158348098 -0.2987852991 0.3905951679 -0.8707253933 -0.7012295723 0.5290156007 0.4779325724
-46.9 204.4 2226.1 -0.3904786706 0.7533776760 0.5291016102 0.9130141139 0.3905951679 0.1176462993 -0.1180324405 0.5290156007 -0.8403635025
-340.2 -153.5 2431.5 0.9691091180 0.2444276214 -0.0329033248 -0.2462173402 0.9665659070 -0.0716055483 0.0143008567 0.0774949640 0.9968901873
-435.9 -532.0 2401.2 0.9938995838 0.0107224258 -0.1097665951 -0.0517888665 0.9240847230 -0.3786625564 0.0973734558 0.3820372224 0.9190027118
-162.0 -124.6 2439.7 -0.8607898951 0.0147218863 0.5087475777 -0.0255569350 0.9970703125 -0.0720945150 -0.5083184242 -0.0750602558 -0.8578917980
-167.7 -515.1 2469.1 -0.8718436360 -0.0869153664 0.4820107520 0.0591330044 0.9582507014 0.2797477841 -0.4862015545 0.2723990679 -0.8303052187
-361.3 -264.5 2275.9 0 0 0 0 0 0 0 0 0
-156.9 461.6 2192.8 0 0 0 0 0 0 0 0 0
-438.8 -776.5 2300.1 0 0 0 0 0 0 0 0 0
-145.2 -763.1 2398.6 0 0 0 0 0 0 0 0 0
-229.9 481.7 2299.8 7 0.9491353631 0.3029184043 -0.0859214664 -0.2773677409 0.9335172176 0.2271844447 0.1490275115 -0.1917969435 0.9700539708
-307.8 241.8 2349.1 0.9491353631 0.3029184043 -0.0859214664 -0.2773677409 0.9335172176 0.2271844447 0.1490275115 -0.1917969435 0.9700539708
-280.9 52.8 2392.9 0.9867250323 -0.1370590329 -0.0871123895 0.1528802067 0.9648951292 0.2135532796 0.0547849163 -0.2240361273 0.9730398059
-448.4 220.0 2341.3 0.1132964194 -0.2461057454 -0.9625985026 0.9917929769 0.0857900232 0.0947987884 0.0592508204 -0.9654387832 0.2538056374
-476.7 -27.9 2326.5 -0.4245821834 -0.2461057454 -0.8712989688 0.8858773112 0.0857900232 -0.4559182823 0.1869528741 -0.9654387832 0.1815945804
-167.2 263.6 2356.9 0.6398815513 0.7608921528 0.1076791361 -0.3178208470 0.3896035254 -0.8644067049 -0.6996724606 0.5188952088 0.4911274910
-46.4 203.6 2224.8 -0.3915897906 0.7608921528 0.5173978806 0.9133520722 0.3896035254 0.1183094978 -0.1115592793 0.5188952088 -0.8475271463
-340.2 -155.1 2430.8 0.9693688750 0.2410227954 -0.0472438857 -0.2443397939 0.9658820629 -0.0858482793 0.0249406286 0.0947622135 0.9951874614
-434.6 -533.4 2393.7 0.9933954477 0.0145528391 -0.1138141379 -0.0545510724 0.9325509071 -0.3568934798 0.1009436622 0.3607450724 0.9271857142
-162.0 -126.2 2439.4 -0.8566065431 0.0159747098 0.5157228708 -0.0229752883 0.9973482490 -0.0690547898 -0.5154584050 -0.0710016638 -0.8539680243
-168.3 -516.9 2467.2 -0.8670538068 -0.0906768069 0.4898932874 0.0564068817 0.9591088295 0.2773598433 -0.4950110912 0.2681192756 -0.8264841437
-362.9 -265.3 2276.3 0 0 0 0 0 0 0 0 0
-156.7 460.9 2193.4 0 0 0 0 0 0 0 0 0
-438.4 -777.5 2299.3 0 0 0 0 0 0 0 0 0
-145.0 -762.6 2398.5 0 0 0 0 0 0 0 0 0
-232.8 486.1 2306.0 8 0.9566552639 0.2646962404 -0.1214355454 -0.2387285531 0.9516014457 0.1935546100 0.1667914242 -0.1561749130 0.9735450745
-303.7 231.0 2347.9 0.9566552639 0.2646962404 -0.1214355454 -0.2387285531 0.9516014457 0.1935546100 0.1667914242 -0.1561749130 0.9735450745
-276.4 43.0 2395.4 0.9830076694 -0.1395426989 -0.1192636341 0.1637968570 0.9600854516 0.2267299742 0.0828647763 -0.2424122989 0.9666280150
-443.7 207.6 2336.1 0.1455368996 -0.2821045220 -0.9482805729 0.9888462424 0.0721454397 0.1303001046 0.0316558667 -0.9566671848 0.2894578278
-477.6 -22.5 2328.7 -0.4165224433 -0.2821045220 -0.8642488718 0.8890765905 0.0721454397 -0.4520374835 0.1898734272 -0.9566671848 0.2207623273
-163.7 254.4 2359.7 0.6327810287 0.7625756860 0.1344115883 -0.2714550793 0.3810328245 -0.8838133812 -0.7251898646 0.5227736235 0.4481154084
-46.7 204.2 2225.7 -0.3847660720 0.7625756860 0.5200320482 0.9167957902 0.3810328245 0.1195802093 -0.1069603339 0.5227736235 -0.8457347155
-343.3 -149.9 2431.9 0.9688717127 0.2353466749 -0.0768085048 -0.2407268882 0.9680339098 -0.0704338327 0.0577768683 0.0867312178 0.9945549369
-435.5 -529.1 2397.9 0.9894704819 0.0128648113 -0.1441620141 -0.0643951073 0.9311569333 -0.3588871658 0.1296204478 0.3643915653 0.9221807718
-164.9 -122.3 2441.8 -0.8399426341 0.0061051068 0.5426408648 -0.0333592966 0.9974647760 -0.0628583804 -0.5416489244 -0.0708995536 -0.8376095295
-167.3 -513.0 2469.5 -0.8539987803 -0.0836296752 0.5135096908 0.0708003044 0.9591346383 0.2739490569 -0.5154351592 0.2703087926 -0.8131787777
-365.9 -260.8 2277.8 0 0 0 0 0 0 0 0 0
-155.1 462.5 2195.5 0 0 0 0 0 0 0 0 0
-438.9 -775.9 2301.3 0 0 0 0 0 0 0 0 0
-145.5 -763.0 2399.1 0 0 0 0 0 0 0 0 0
-233.0 483.5 2301.2 9 0.9570982456 0.2590705156 -0.1297899634 -0.2287556976 0.9504861236 0.2103495151 0.1778589189 -0.1716349572 0.9689724445
-300.3 236.8 2345.7 0.9570982456 0.2590705156 -0.1297899634 -0.2287556976 0.9504861236 0.2103495151 0.1778589189 -0.1716349572 0.9689724445
-275.6 49.5 2397.2 0.9838185906 -0.1261818111 -0.1271970868 0.1546775997 0.9564467669 0.2475568503 0.0904200748 -0.2632255554 0.9604876637
-440.5 214.7 2332.8 0.1365294755 -0.2506295741 -0.9584072828 0.9899802804 0.0697134286 0.1227966920 0.0360373743 -0.9655697346 0.2576362789
-474.7 -33.7 2323.8 -0.4292032123 -0.2506295741 -0.8677381277 0.8860178590 0.0697134286 -0.4583801925 0.1753766239 -0.9655697346 0.1921410561
-160.1 258.9 2358.6 0.6206937432 0.7748816013 0.1195736006 -0.3017845750 0.3768697679 -0.8757255673 -0.7236472964 0.5074718595 0.4677680135
-45.8 203.3 2225.4 -0.3833711743 0.7748816013 0.5025784373 0.9185139537 0.3768697679 0.1195879579 -0.0967401117 0.5074718595 -0.8562205434
-338.0 -159.8 2435.4 0.9638161659 0.2484214306 -0.0966707096 -0.2564465702 0.9630826116 -0.0818965286 0.0727570280 0.1037240624 0.9919413924
-435.3 -537.0 2394.8 0.9860417247 0.0152966334 -0.1657943279 -0.0754376724 0.9287428856 -0.3629680872 0.1484281123 0.3704088330 0.9169331789
-160.4 -130.2 2450.3 -0.8338517547 0.0176682137 0.5517055988 -0.0077429670 0.9990148544 -0.0436959416 -0.5519341230 -0.0407077745 -0.8328934908
-167.3 -521.3 2466.3 -0.8440737724 -0.0840575993 0.5295977592 0.0742475092 0.9598031640 0.2706754804 -0.5310619473 0.2677913904 -0.8039036393
-359.6 -271.2 2276.8 0 0 0 0 0 0 0 0 0
-153.8 462.1 2198.1 0 0 0 0 0 0 0 0 0
-439.2 -774.5 2300.0 0 0 0 0 0 0 0 0 0
-146.2 -762.5 2399.0 0 0 0 0 0 0 0 0 0
-236.1 488.9 2307.7 0 0.9595044851 0.2489509732 -0.1318124086 -0.2217151672 0.9560685754 0.1917687505 0.1737627238 -0.1547781676 0.9725483060
-300.6 241.3 2347.8 0.9595044851 0.2489509732 -0.1318124086 -0.2217151672 0.9560685754 0.1917687505 0.1737627238 -0.1547781676 0.9725483060
-278.5 53.2 2397.4 0.9852973223 -0.1126391366 -0.1284585744 0.1409832686 0.9607475996 0.2389304042 0.0965033546 -0.2535279989 0.9625023007
-441.0 221.2 2334.1 0.1389682889 -0.2555747628 -0.9567493796 0.9897675514 0.0674281046 0.1257522404 0.0323726982 -0.9644350410 0.2623299956
-475.8 -26.8 2326.0 -0.4167708158 -0.2555747628 -0.8723437786 0.8924288154 0.0674281046 -0.4461213648 0.1728378534 -0.9644350410 0.1999802291
-160.2 261.4 2361.6 0.6085819602 0.7848725915 0.1166319326 -0.3019867241 0.3650232553 -0.8806599975 -0.7337792516 0.5007324815 0.4591676593
-45.6 204.5 2223.4 -0.3804304600 0.7848725915 0.4891294837 0.9217139482 0.3650232553 0.1311540604 -0.0756044015 0.5007324815 -0.8622940183
-339.9 -151.7 2440.6 0.9646275043 0.2437584102 -0.1003774852 -0.2523214221 0.9640085697 -0.0837935880 0.0763393641 0.1061569899 0.9914146662
-435.3 -529.3 2399.0 0.9856838584 0.0144052207 -0.1679874510 -0.0757981241 0.9278423786 -0.3651892841 0.1506052315 0.3726943433 0.9156511426
-162.1 -123.7 2456.9 -0.8316028118 0.0154735055 0.5551552773 -0.0037195303 0.9994341731 -0.0334283449 -0.5553584099 -0.0298640225 -0.8310747147
-168.1 -515.1 2468.6 -0.8413726091 -0.0841051191 0.5338711739 0.0754920989 0.9598438740 0.2701864541 -0.5351570249 0.2676305473 -0.8012370467
-364.0 -266.0 2279.6 0 0 0 0 0 0 0 0 0
-152.7 464.1 2202.1 0 0 0 0 0 0 0 0 0
-439.2 -776.0 2299.9 0 0 0 0 0 0 0 0 0
-146.4 -763.0 2399.5 0 0 0 0 0 0 0 0 0
-235.7 492.9 2309.0 1 0.9595592022 0.2506969869 -0.1280511618 -0.2247240096 0.9561307430 0.1879178435 0.1695440859 -0.1515421271 0.9738017321
-301.0 243.9 2348.5 0.9595592022 0.2506969869 -0.1280511618 -0.2247240096 0.9561307430 0.1879178435 0.1695440859 -0.1515421271 0.9738017321
-280.8 55.6 2398.2 0.9869288206 -0.1029921919 -0.1239521950 0.1306405067 0.9616575241 0.2411385626 0.0943641737 -0.2541797757 0.9625424743
-441.6 225.3 2335.0 0.1359808445 -0.2444001436 -0.9600926042 0.9899460673 0.0716049373 0.1219814047 0.0389350988 -0.9670270681 0.2516798675
-475.8 -23.4 2325.2 -0.4095439613 -0.2444001436 -0.8789438605 0.8963347077 0.0716049373 -0.4375577569 0.1698759049 -0.9670270681 0.1897389591
-160.3 262.5 2361.9 0.6036841869 0.7877582312 0.1224843264 -0.2982744575 0.3656617701 -0.8816596866 -0.7393224835 0.4957100749 0.4557123780
-44.2 205.2 2219.7 -0.3915548325 0.7877582312 0.4755226970 0.9184922576 0.3656617701 0.1505438089 -0.0552883521 0.4957100749 -0.8667264581
-345.6 -147.7 2438.4 0.9690826535 0.2243686318 -0.1026526392 -0.2341314852 0.9674882293 -0.0956500992 0.0778543428 0.1167270616 0.9901078343
-433.4 -526.6 2392.7 0.9874160290 0.0204626787 -0.1568146348 -0.0735511258 0.9372435808 -0.3408294618 0.1399992108 0.3480743766 0.9269543886
-167.5 -122.2 2455.8 -0.8330231905 0.0029579902 0.5532301664 -0.0155421328 0.9994658828 -0.0287463833 -0.5530197620 -0.0325447805 -0.8325322866
-168.6 -513.6 2468.5 -0.8443408608 -0.0855100453 0.5289391279 0.0723107830 0.9599665403 0.2706204355 -0.5309045911 0.2667438686 -0.8043556213
-366.0 -263.8 2279.7 0 0 0 0 0 0 0 0 0
-154.5 463.8 2204.1 0 0 0 0 0 0 0 0 0
-438.9 -776.4 2299.9 0 0 0 0 0 0 0 0 0
-146.3 -763.9 2399.0 0 0 0 0 0 0 0 0 0
-236.4 492.9 2311.6 2 0.9599308372 0.2551839650 -0.1158186123 -0.2331161350 0.9565071464 0.1753595918 0.1555302739 -0.1413338929 0.9776681662
-303.2 242.8 2348.6 0.9599308372 0.2551839650 -0.1158186123 -0.2331161350 0.9565071464 0.1753595918 0.1555302739 -0.1413338929 0.9776681662
-279.6 54.5 2396.8 0.9864131212 -0.1204400286 -0.1117290258 0.1438714713 0.9616355300 0.2335767001 0.0793106183 -0.2464777380 0.9658977985
-443.7 222.2 2337.3 0.1347438097 -0.2738255262 -0.9522939324 0.9900847077 0.0757151395 0.1183196083 0.0397041328 -0.9587944746 0.2813126147
-476.7 -20.1 2327.6 -0.4170338511 -0.2738255262 -0.8666616082 0.8889585733 0.0757151395 -0.4516855776 0.1893024445 -0.9587944746 0.2118437737
-162.6 263.3 2359.9 0.6152788401 0.7806034088 0.1099557802 -0.3089335561 0.3670926094 -0.8773842454 -0.7252531052 0.5058668852 0.4670189023
-45.6 204.5 2221.9 -0.3839509487 0.7806034088 0.4931936562 0.9202746153 0.3670926094 0.1354165375 -0.0753411278 0.5058668852 -0.8593150973
-349.9 -144.5 2439.5 0.9729945064 0.2132800221 -0.0882794932 -0.2227353007 0.9678863287 -0.1165550277 0.0605856515 0.1330703646 0.9892531037
-433.4 -523.5 2387.4 0.9909624457 0.0200032834 -0.1326396316 -0.0625103712 0.9437510967 -0.3246941566 0.1186838523 0.3300510645 0.9364723563
-171.5 -120.9 2456.5 -0.8415947556 -0.0087211756 0.5400391221 -0.0194503162 0.9997104406 -0.0141668133 -0.5397591591 -0.0224266462 -0.8415206671
-168.0 -512.4 2465.3 -0.8518400788 -0.0856475756 0.5167523623 0.0619215742 0.9631580710 0.2617103159 -0.5201290250 0.2549334764 -0.8151531816
-364.9 -258.5 2276.8 0 0 0 0 0 0 0 0 0
-153.7 463.7 2200.7 0 0 0 0 0 0 0 0 0
-438.7 -774.3 2299.7 0 0 0 0 0 0 0 0 0
-145.7 -763.5 2398.9 0 0 0 0 0 0 0 0 0
-236.4 495.0 2311.0 3 0.9601145387 0.2548672557 -0.1149904579 -0.2324549854 0.9561259747 0.1782913208 0.1553859860 -0.1444499791 0.9772356153
-303.5 243.3 2349.0 0.9601145387 0.2548672557 -0.1149904579 -0.2324549854 0.9561259747 0.1782913208 0.1553859860 -0.1444499791 0.9772356153
-279.0 54.8 2396.0 0.9857835174 -0.1254844666 -0.1117338538 0.1482218653 0.9626465440 0.2265874296 0.0791270062 -0.2399275601 0.9675607085
-444.0 222.2 2337.7 0.1211454570 -0.2504242063 -0.9605266452 0.9913123846 0.0804533735 0.1040528342 0.0512202606 -0.9647875428 0.2579951882
-474.4 -26.4 2324.9 -0.4222566485 -0.2504242063 -0.8711985946 0.8876827955 0.0804533735 -0.4533724189 0.1836262941 -0.9647875428 0.1883252859
-163.1 264.4 2360.3 0.6122822762 0.7825607061 0.1127350330 -0.3076750934 0.3671812415 -0.8777892590 -0.7283175588 0.5027690530 0.4655930102
-47.3 206.3 2222.6 -0.3767538369 0.7825607061 0.4956362545 0.9222103953 0.3671812415 0.1212677956 -0.0870889276 0.5027690530 -0.8600225449
-345.2 -146.9 2437.9 0.9709097743 0.2248354554 -0.0823600143 -0.2327984869 0.9668428302 -0.1049754843 0.0560269766 0.1210950166 0.9910585284
-433.2 -525.5 2390.5 0.9908457994 0.0212502908 -0.1333154887 -0.0647504628 0.9413363338 -0.3311997056 0.1184566244 0.3368000984 0.9340951443
-166.9 -120.8 2452.3 -0.8421708941 0.0049005970 0.5391884446 -0.0105804028 0.9996159673 -0.0256111231 -0.5391069055 -0.0272737741 -0.8417956233
-168.8 -512.3 2462.9 -0.8500027061 -0.0917093009 0.5187338591 0.0527352877 0.9649678469 0.2570136189 -0.5241320133 0.2458178550 -0.8153889775
-361.2 -264.4 2275.6 0 0 0 0 0 0 0 0 0
-153.5 466.0 2198.1 0 0 0 0 0 0 0 0 0
-438.8 -773.1 2301.9 0 0 0 0 0 0 0 0 0
-145.0 -762.5 2399.2 0 0 0 0 0 0 0 0 0
-236.1 491.9 2310.1 4 0.9574779868 0.2583388984 -0.1284402460 -0.2326121777 0.9546136260 0.1860225052 0.1706676632 -0.1482356787 0.9741143584
-303.1 244.2 2348.6 0.9574779868 0.2583388984 -0.1284402460 -0.2326121777 0.9546136260 0.1860225052 0.1706676632 -0.1482356787 0.9741143584
-278.5 56.0 2396.9 0.9841591716 -0.1254149824 -0.1253066808 0.1518959999 0.9609801769 0.2311810255 0.0914236754 -0.2465525120 0.9648075104
-443.3 222.5 2335.5 0.1296480447 -0.2827441394 -0.9503931403 0.9910117388 0.0688207150 0.1147147119 0.0329718217 -0.9567232728 0.2891252339
-475.5 -23.7 2327.4 -0.4166395366 -0.2827441394 -0.8639833927 0.8896045089 0.0688207150 -0.4515168667 0.1871237010 -0.9567232728 0.2228570431
-162.8 265.8 2361.6 0.6123576760 0.7825812101 0.1121818945 -0.3189491630 0.3743854165 -0.8706933856 -0.7233875394 0.4973954558 0.4788613915
-45.9 204.9 2223.5 -0.3812132776 0.7825812101 0.4921819866 0.9198407531 0.3743854165 0.1171690971 -0.0925714225 0.4973954558 -0.8625707626
-343.5 -147.1 2435.8 0.9691413045 0.2284587324 -0.0925834477 -0.2365800589 0.9675278068 -0.0889936164 0.0692456886 0.1081507951 0.9917199612
-433.0 -526.0 2393.4 0.9886685610 0.0201251861 -0.1487595588 -0.0698630810 0.9387980103 -0.3373090625 0.1328667849 0.3438796699 0.9295661449
-165.3 -120.3 2450.1 -0.8348844647 0.0096173948 0.5503411293 -0.0135306697 0.9991865754 -0.0379875600 -0.5502588749 -0.0391617119 -0.8340752721
-169.1 -511.7 2465.4 -0.8446301818 -0.0919327512 0.5273976326 0.0616929755 0.9618672132 0.2664684951 -0.5317836404 0.2576040626 -0.8067504764
-363.8 -262.2 2277.2 0 0 0 0 0 0 0 0 0
-153.3 464.1 2197.4 0 0 0 0 0 0 0 0 0
-438.3 -774.5 2302.4 0 0 0 0 0 0 0 0 0
-145.3 -760.2 2398.9 0 0 0 0 0 0 0 0 0
-235.1 493.5 2310.7 5 0.9715897441 0.1924337596 -0.1377774477 -0.1619976908 0.9651322961 0.2056123465 0.1725402176 -0.1774512082 0.9688864350
-279.2 272.3 2351.4 0.9715897441 0.1924337596 -0.1377774477 -0.1619976908 0.9651322961 0.2056123465 0.1725402176 -0.1774512082 0.9688864350
-276.3 82.5 2394.1 0.9904940128 -0.0143500511 -0.1368050873 0.0439929068 0.9753557444 0.2162076682 0.1303310394 -0.2201708555 0.9667153955
-419.4 266.1 2333.0 0.1815982908 -0.2621793449 -0.9477784634 0.9829454422 0.0768070593 0.1670896560 0.0289886203 -0.9619576931 0.2716560364
-473.2 -25.3 2324.4 -0.4070573449 -0.2621793449 -0.8749664426 0.8950045705 0.0768070593 -0.4393944442 0.1824037582 -0.9619576931 0.2033868432
-138.9 278.5 2369.7 0.4970222414 0.8548029661 0.1492673904 -0.3938577473 0.3755096197 -0.8389687538 -0.7732043266 0.3581960201 0.5233073831
-45.2 204.3 2223.9 -0.3708930314 0.8548029661 0.3629741073 0.9248297811 0.3755096197 0.0606825612 -0.0844286308 0.3581960201 -0.9298211932
-350.8 -132.4 2432.0 0.9706372619 0.2024775594 -0.1298699081 -0.2130604982 0.9742763042 -0.0734224170 0.1116627827 0.0989366770 0.9888088703
-432.3 -524.7 2392.2 0.9836239219 0.0225237217 -0.1788200885 -0.0812886730 0.9409580231 -0.3286185861 0.1608604938 0.3377731740 0.9273797274
-165.2 -118.4 2453.4 -0.8163893819 0.0108347805 0.5774002075 -0.0062934654 0.9995977283 -0.0276555829 -0.5774675608 -0.0262115728 -0.8159927726
-169.4 -510.0 2463.6 -0.8256981373 -0.0917190537 0.5566059351 0.0668384135 0.9638367891 0.2579752505 -0.5601385236 0.2502123415 -0.7897079587
-364.1 -265.2 2275.5 0 0 0 0 0 0 0 0 0
-114.6 377.3 2208.1 0 0 0 0 0 0 0 0 0
-438.3 -775.5 2302.1 0 0 0 0 0 0 0 0 0
-145.6 -760.7 2398.5 0 0 0 0 0 0 0 0 0
-235.6 493.7 2311.5 6 0.9811709523 0.1417468041 -0.1311920434 -0.1124171764 0.9714620709 0.2088630646 0.1570537686 -0.1901821345 0.9691051841
-266.0 285.3 2352.3 0.9811709523 0.1417468041 -0.1311920434 -0.1124171764 0.9714620709 0.2088630646 0.1570537686 -0.1901821345 0.9691051841
-272.0 94.3 2391.2 0.9908081889 0.0305269249 -0.1317849457 -0.0032865054 0.9793491960 0.2021492273 0.1352344751 -0.1998579949 0.9704475403
-406.6 285.8 2333.2 0.3073554337 -0.3991473615 -0.8638368249 0.9494717717 0.0680288374 0.3063909411 -0.0635293275 -0.9143595695 0.3998881876
-491.0 25.0 2350.6 -0.3916916251 -0.3991473615 -0.8290109038 0.8890148401 0.0680288374 -0.4527964592 0.2371291518 -0.9143595695 0.3282016218
-125.4 284.8 2371.4 0.4507068694 0.8762750626 0.1703095585 -0.4667179883 0.3939487636 -0.7918198705 -0.7609452605 0.2773921192 0.5865287185
-38.8 195.1 2225.2 -0.3963201940 0.8762750626 0.2739933133 0.9167503715 0.3939487636 0.0661299974 -0.0499912538 0.2773921192 -0.9594553113
-366.4 -104.4 2422.7 0.9787080884 0.1631626040 -0.1245328858 -0.1673527360 0.9856075644 -0.0238906462 0.1188424900 0.0442228876 0.9919278026
-431.0 -494.9 2405.2 0.9850666523 0.0264506731 -0.1701295227 -0.0834636465 0.9376227260 -0.3374869823 0.1505905390 0.3466467857 0.9258285165
-184.6 -103.3 2448.4 -0.8140169382 -0.0350071602 0.5797852278 -0.0591369905 0.9979901314 -0.0227700062 -0.5778228641 -0.0528219268 -0.8144510984
-170.9 -493.7 2469.0 -0.8326337337 -0.0905686468 0.5463683605 0.0655836612 0.9634717703 0.2596554160 -0.5499271750 0.2520306706 -0.7962792516
-386.1 -213.0 2287.2 0 0 0 0 0 0 0 0 0
-106.5 351.6 2216.7 0 0 0 0 0 0 0 0 0
-438.9 -774.1 2301.9 0 0 0 0 0 0 0 0 0
-145.9 -760.5 2399.2 0 0 0 0 0 0 0 0 0
-237.3 494.3 2311.4 7 0.9758839011 0.1466837972 -0.1616615802 -0.1151548922 0.9750848413 0.1896019578 0.1854452938 -0.1664133668 0.9684609771
-271.4 267.5 2350.1 0.9758839011 0.1466837972 -0.1616615802 -0.1151548922 0.9750848413 0.1896019578 0.1854452938 -0.1664133668 0.9684609771
-269.6 75.9 2387.3 0.9867670536 -0.0091323899 -0.1618871093 0.0396646298 0.9816741347 0.1863935590 0.1572181731 -0.1903482229 0.9690459371
-411.5 261.9 2327.8 0.4004903436 -0.5708091259 -0.7167875767 0.8935196996 0.0699335113 0.4435446858 -0.2030518800 -0.8180992007 0.5380368829
-502.1 59.9 2373.7 -0.3698643744 -0.5708091259 -0.7330602407 0.8676527143 0.0699335113 -0.4922276437 0.3322334886 -0.8180992007 0.4693981707
-131.2 273.1 2372.4 0.4797419310 0.8606784940 0.1705293059 -0.3875817060 0.3822425008 -0.8388510346 -0.7871645689 0.3363379836 0.5169609785
-41.1 200.3 2224.6 -0.3999113142 0.8606784940 0.3151246011 0.9163753986 0.3822425008 0.1189402863 -0.0180846751 0.3363379836 -0.9415676594
-365.9 -100.5 2415.8 0.9775349498 0.1512258500 -0.1468201876 -0.1604322940 0.9856247902 -0.0529642999 0.1367000490 0.0753291547 0.9877442122
-424.3 -481.5 2386.7 0.9830244780 0.0495198667 -0.1766652465 -0.0967698097 0.9580056667 -0.2699273229 0.1558795422 0.2824410498 0.9465350509
-188.8 -96.9 2442.2 -0.7983753085 -0.0441316999 0.6005408168 -0.0792424157 0.9963374734 -0.0321295746 -0.5969234109 -0.0732397661 -0.7989482880
-171.5 -486.9 2470.9 -0.8225430250 -0.0900521129 0.5615279078 0.0720729530 0.9629158378 0.2599972486 -0.5641174316 0.2543299198 -0.7855494022
-403.4 -171.4 2285.1 0 0 0 0 0 0 0 0 0
-126.4 395.8 2220.8 0 0 0 0 0 0 0 0 0
-439.5 -773.7 2300.5 0 0 0 0 0 0 0 0 0
-146.0 -759.7 2398.8 0 0 0 0 0 0 0 0 0
-235.7 492.1 2304.3 8 0.9744986296 0.1666153073 -0.1503056586 -0.1330846995 0.9684513211 0.2106904387 0.1806679666 -0.1853141636 0.9659284353
-277.6 248.8 2350.9 0.9744986296 0.1666153073 -0.1503056586 -0.1330846995 0.9684513211 0.2106904387 0.1806679666 -0.1853141636 0.9659284353
-269.6 56.5 2385.2 0.9873672724 -0.0408029892 -0.1531044841 0.0665862858 0.9836611152 0.1672635674 0.1437780708 -0.1753452271 0.9739516973
-418.0 239.3 2330.4 0.4659069180 -0.5998547077 -0.6504653096 0.8494328856 0.0973581374 0.5186378360 -0.2477792352 -0.7941635251 0.5548961163
-509.7 72.1 2379.2 -0.3715476990 -0.5998547077 -0.7086089849 0.8451647162 0.0973581374 -0.5255644917 0.3842511773 -0.7941635251 0.4708028138
-137.2 258.3 2371.4 0.5184410214 0.8331716061 0.1924681515 -0.3012382686 0.3885998130 -0.8707730174 -0.8002964854 0.3934656680 0.4524492621
-41.6 202.7 2223.9 -0.4091972113 0.8331716061 0.3719982505 0.9118103981 0.3885998130 0.1326348335 -0.0340508781 0.3934656680 -0.9187085032
-356.0 -121.5 2409.3 0.9749321342 0.1810573786 -0.1293274611 -0.1902692914 0.9797255397 -0.0627330467 0.1153471395 0.0857675076 0.9896155596
-426.4 -502.5 2376.0 0.9857479334 0.0459885560 -0.1618209332 -0.0861125216 0.9642735124 -0.2505219877 0.1445184946 0.2608863413 0.9544908404
-178.9 -112.2 2438.8 -0.8059276342 -0.0224437322 0.5915884376 -0.0616137050 0.9970343709 -0.0461114720 -0.5887991190 -0.0736124665 -0.8049203753
-170.1 -502.5 2467.6 -0.8255615830 -0.0883932337 0.5573461056 0.0698660016 0.9640470147 0.2563827336 -0.5599703193 0.2505992949 -0.7897045016
-410.5 -153.5 2276.6 0 0 0 0 0 0 0 0 0
-137.7 416.7 2215.9 0 0 0 0 0 0 0 0 0
-439.2 -769.6 2303.7 0 0 0 0 0 0 0 0 0
-146.3 -761.8 2400.2 0 0 0 0 0 0 0 0 0
-235.3 491.5 2306.8 9 0.9744479656 0.1761891246 -0.1393147409 -0.1471686214 0.9693805575 0.1965775192 0.1696838140 -0.1710518003 0.9705404043
-279.9 246.1 2350.1 0.9744479656 0.1761891246 -0.1393147409 -0.1471686214 0.9693805575 0.1965775192 0.1696838140 -0.1710518003 0.9705404043
-269.1 54.4 2387.6 0.9885954261 -0.0550088137 -0.1401894540 0.0804063007 0.9799112678 0.1825069487 0.1273337305 -0.1916976571 0.9731588364
-420.6 234.6 2332.0 0.4534159601 -0.6048883200 -0.6546175480 0.8614544868 0.1089449227 0.4960112870 -0.2287141681 -0.7888226509 0.5704810619
-510.7 63.5 2377.4 -0.3801526427 -0.6048883200 -0.6997100115 0.8309206963 0.1089449227 -0.5456205606 0.4062693715 -0.7888226509 0.4611985087
-139.2 257.5 2368.2 0.5283306241 0.8296411037 0.1804505140 -0.2970099747 0.3797041476 -0.8761334419 -0.7953941822 0.4092925191 0.4470210075
-42.7 203.3 2223.0 -0.3955153227 0.8296411037 0.3940345645 0.9171444774 0.3797041476 0.1211226806 -0.0491282046 0.4092925191 -0.9110795856
-350.4 -142.8 2405.9 0.9729422331 0.2003979087 -0.1149958223 -0.2076522708 0.9766611457 -0.0548960678 0.1013108939 0.0772898495 0.9918479919
-428.6 -523.9 2375.7 0.9867858887 0.0372904241 -0.1576800942 -0.0803350657 0.9577214122 -0.2762534320 0.1407119930 0.2852702439 0.9480617046
-172.6 -129.7 2432.4 -0.8146277070 -0.0111963125 0.5798761249 -0.0556191392 0.9967138171 -0.0588908046 -0.5773112178 -0.0802262872 -0.8125733733
-168.2 -520.0 2463.9 -0.8330812454 -0.0869539380 0.5462734103 0.0705400407 0.9628037810 0.2608312368 -0.5486344099 0.2558277547 -0.7959600687
-409.0 -158.8 2268.8 0 0 0 0 0 0 0 0 0
-139.7 428.3 2210.9 0 0 0 0 0 0 0 0 0
-438.1 -769.0 2302.8 0 0 0 0 0 0 0 0 0
-146.5 -760.5 2399.9 0 0 0 0 0 0 0 0 0
-232.0 490.0 2308.0 0 0.9675516486 0.2106361389 -0.1395574212 -0.1809588224 0.9631307721 0.1990804374 0.1763455868 -0.1673664451 0.9699952006
-284.4 250.3 2349.7 0.9675516486 0.2106361389 -0.1395574212 -0.1809588224 0.9631307721 0.1990804374 0.1763455868 -0.1673664451 0.9699952006
-271.7 59.8 2392.6 0.9881927967 -0.0648012161 -0.1388374120 0.0931541547 0.9735454321 0.2086421549 0.1216442659 -0.2191119492 0.9680870771
-425.1 237.1 2332.4 0.3660268784 -0.5783938169 -0.7290301323 0.9168836474 0.0901132971 0.3888495862 -0.1592129022 -0.8107652068 0.5633037090
-503.7 40.2 2366.6 -0.4144119322 -0.5783938169 -0.7026544809 0.8236224055 0.0901132971 -0.5599336624 0.3871806860 -0.8107652068 0.4390340745
