-329.8 505.2 2621.8 1 0.9811762571 0.0406080596 -0.1887966096 -0.0045458889 0.9822271466 0.1876411736 0.1930609047 -0.1832508147 0.9639225006
-338.3 300.7 2659.9 0.9811762571 0.0406080596 -0.1887966096 -0.0045458889 0.9822271466 0.1876411736 0.1930609047 -0.1832508147 0.9639225006
-344.1 104.3 2689.5 0.9813423157 0.0289282314 -0.1900799721 0.0001610358 0.9884924889 0.1512698680 0.1922685951 -0.1484781355 0.9700448513
-479.9 300.6 2632.2 0.3315405846 -0.6823652983 -0.6515047550 0.9433766603 0.2478382438 0.2204917818 0.0110118371 -0.6877163649 0.7258960009
-561.0 70.0 2629.5 -0.7274957895 -0.6823652983 -0.0716062412 -0.1380794346 0.2478382438 -0.9589110017 0.6720743775 -0.6877163649 -0.2745218873
-196.7 300.7 2687.6 0.0899916366 0.9885852337 -0.1208334863 -0.9263743758 0.1276360750 0.3543156683 0.3656939566 0.0800515935 0.9272862077
-170.7 33.3 2793.2 0.1395963877 0.9885852337 -0.0566751696 -0.9758521914 0.1276360750 -0.1772610694 -0.1680038869 0.0800515935 0.9825306535
-433.3 -97.1 2691.3 0.9445081353 -0.0676900670 -0.3214380145 0.0712410137 0.9974588752 -0.0007165850 0.3206697106 -0.0222227518 0.9469303489
-406.4 -493.3 2700.2 0.9450493455 0.0548626222 -0.3222914636 -0.0537830368 0.9984773993 0.0122605236 0.3224733770 0.0057470133 0.9465610981
-260.8 -91.9 2752.5 0.4633540511 0.1407508999 -0.8749241233 -0.1102371141 0.9887920022 0.1006882191 0.8792899251 0.0497948155 0.4736767709
-316.7 -484.2 2732.8 0.4657752216 -0.0067302538 -0.8848775029 0.0070065642 0.9999677539 -0.0039175516 0.8848753572 -0.0043752524 0.4658073485
-352.9 109.5 2437.3 0 0 0 0 0 0 0 0 0
-130.6 -247.3 2744.9 0 0 0 0 0 0 0 0 0
-420.5 -750.5 2698.7 0 0 0 0 0 0 0 0 0
-314.7 -779.0 2734.0 0 0 0 0 0 0 0 0 0
-330.5 508.4 2629.8 2 0.9572898746 0.0384985283 -0.2865552604 0.0119785517 0.9849636555 0.1723458022 0.2888815999 -0.1684174091 0.9424346089
-338.6 301.7 2665.1 0.9572898746 0.0384985283 -0.2865552604 0.0119785517 0.9849636555 0.1723458022 0.2888815999 -0.1684174091 0.9424346089
-344.1 105.0 2692.8 0.9573319554 0.0282123759 -0.2876100838 0.0132241175 0.9899042249 0.1411195993 0.2886877656 -0.1389016956 0.9472938776
-476.9 299.8 2623.3 0.3424618244 -0.6796615720 -0.6486756206 0.9395233393 0.2448206395 0.2394967526 -0.0039675590 -0.6914643645 0.7223996520
-560.1 71.6 2624.3 -0.7308261395 -0.6796615720 -0.0628751144 -0.1452068985 0.2448206395 -0.9586333036 0.6669393182 -0.6914643645 -0.2776128650
-200.3 303.5 2706.9 0.0969144478 0.9725643396 -0.2114857584 -0.9487849474 0.1544708312 0.2755828202 0.3006904125 0.1739465445 0.9377248287
-172.7 32.5 2792.8 0.1418782473 0.9784014821 -0.1503367275 -0.9810264707 0.1187059879 -0.1532839090 -0.1321273297 0.1692319512 0.9766795635
-438.8 -92.1 2701.8 0.9072156549 -0.0983498991 -0.4090073705 0.0787936002 0.9948060513 -0.0644396320 0.4132206440 0.0262334812 0.9102529883
-399.8 -486.7 2691.4 0.9060114026 0.0663941726 -0.4180133939 -0.0459852628 0.9972147346 0.0587207898 0.4207478464 -0.0339792483 0.9065410495
-261.0 -92.1 2736.6 0.3792985082 0.1463555098 -0.9136261344 -0.0822582245 0.9888350368 0.1242532656 0.9216106534 0.0280241873 0.3871025741
-319.1 -484.7 2725.4 0.3811327219 -0.0128357150 -0.9244312048 0.0550236404 0.9984460473 0.0088222260 0.9228814840 -0.0542280078 0.3812467456
-352.3 112.9 2434.7 0 0 0 0 0 0 0 0 0
-131.9 -249.5 2754.8 0 0 0 0 0 0 0 0 0
-417.7 -756.7 2700.5 0 0 0 0 0 0 0 0 0
-315.2 -786.1 2741.8 0 0 0 0 0 0 0 0 0
-328.5 509.4 2627.8 3 0.9464470148 0.0349071883 -0.3209665418 0.0260855090 0.9826201797 0.1837856770 0.3218036592 -0.1823159903 0.9290873408
-335.9 302.8 2666.1 0.9464470148 0.0349071883 -0.3209665418 0.0260855090 0.9826201797 0.1837856770 0.3218036592 -0.1823159903 0.9290873408
-340.3 106.3 2695.6 0.9464657903 0.0224807672 -0.3220204115 0.0267298464 0.9886881113 0.1475849003 0.3216955960 -0.1482916176 0.9351585507
-473.3 298.9 2619.3 0.3532761335 -0.6809951663 -0.6414371133 0.9354223609 0.2472760379 0.2526648641 -0.0134515204 -0.6892750859 0.7243748307
-558.9 72.2 2622.6 -0.7296269536 -0.6809951663 -0.0623709075 -0.1489502639 0.2472760379 -0.9574279785 0.6674266458 -0.6892750859 -0.2818536758
-198.5 306.6 2712.9 0.0966787115 0.9650712013 -0.2434970886 -0.9557831287 0.1582812369 0.2478418946 0.2777260840 0.2087693810 0.9377012253
-170.7 31.6 2792.8 0.1330137700 0.9732915163 -0.1871121079 -0.9841262102 0.1073219702 -0.1413419247 -0.1174856573 0.2029423565 0.9721170068
-436.5 -92.9 2694.2 0.8928942084 -0.0944244042 -0.4402544200 0.0777945071 0.9954113960 -0.0557151884 0.4434951246 0.0154983951 0.8961427808
-399.0 -488.1 2688.1 0.8905709386 0.0745945126 -0.4486858845 -0.0475450680 0.9963232279 0.0712703317 0.4523525536 -0.0421384871 0.8908431530
-262.9 -90.5 2746.7 0.3443338275 0.1423093528 -0.9279990792 -0.0928958356 0.9887589812 0.1171579584 0.9342401028 0.0458657965 0.3536831439
-319.4 -483.2 2728.5 0.3453622460 -0.0142608490 -0.9383611083 0.0357427113 0.9993589520 -0.0020328253 0.9377885461 -0.0328375064 0.3456505835
-352.6 114.3 2433.9 0 0 0 0 0 0 0 0 0
-132.6 -250.5 2759.1 0 0 0 0 0 0 0 0 0
-418.6 -749.8 2699.1 0 0 0 0 0 0 0 0 0
-315.1 -782.0 2738.3 0 0 0 0 0 0 0 0 0
-328.7 504.9 2622.8 4 0.9524487853 0.0343533158 -0.3027559519 0.0264274254 0.9805658460 0.1944023073 0.3035505116 -0.1931592971 0.9330308437
-335.9 299.8 2663.2 0.9524487853 0.0343533158 -0.3027559519 0.0264274254 0.9805658460 0.1944023073 0.3035505116 -0.1931592971 0.9330308437
-339.9 103.6 2694.4 0.9525120854 0.0201925058 -0.3038305044 0.0287115220 0.9873975515 0.1556331515 0.3031441271 -0.1569658965 0.9399283528
-474.5 295.7 2619.0 0.3593435884 -0.6820436120 -0.6369369626 0.9331662059 0.2563681304 0.2519449592 -0.0085470909 -0.6849028468 0.7285842896
-559.5 75.0 2621.0 -0.7295544147 -0.6820436120 -0.0506641008 -0.1736402959 0.2563681304 -0.9508545995 0.6615129113 -0.6849028468 -0.3054647744
-197.2 304.0 2707.3 0.0754696876 0.9788400531 -0.1902011633 -0.9250752330 0.1399295777 0.3530658782 0.3722097874 0.1493046135 0.9160611629
-175.6 40.2 2813.5 0.1688973755 0.9788400531 -0.1155241579 -0.9644103646 0.1399295777 -0.2243487537 -0.2034363002 0.1493046135 0.9676372409
-431.1 -92.6 2695.8 0.9019141793 -0.0802667290 -0.4243914187 0.0741399229 0.9967671037 -0.0309605431 0.4255045056 -0.0035405927 0.9049493670
-399.2 -488.4 2697.2 0.9003236294 0.0722681209 -0.4291791320 -0.0594958551 0.9972966909 0.0431223996 0.4311352968 -0.0132897338 0.9021894336
-258.6 -87.7 2754.5 0.3569941521 0.1564443260 -0.9209128022 -0.1198558062 0.9853978753 0.1209366247 0.9263853431 0.0672030821 0.3705320358
-320.7 -479.0 2727.8 0.3578268588 -0.0216895808 -0.9335359931 0.0315710418 0.9994396567 -0.0111195073 0.9332541227 -0.0254938453 0.3583111167
-354.1 123.9 2434.8 0 0 0 0 0 0 0 0 0
-127.5 -234.6 2755.5 0 0 0 0 0 0 0 0 0
-417.9 -747.2 2700.6 0 0 0 0 0 0 0 0 0
-314.2 -780.0 2735.5 0 0 0 0 0 0 0 0 0
-325.7 504.9 2630.3 5 0.9400001168 0.0380615667 -0.3390444219 0.0215901509 0.9851296544 0.1704505980 0.3404903412 -0.1675435901 0.9252002239
-333.7 298.5 2665.4 0.9400001168 0.0380615667 -0.3390444219 0.0215901509 0.9851296544 0.1704505980 0.3404903412 -0.1675435901 0.9252002239
-338.6 101.7 2692.4 0.9400420785 0.0250473693 -0.3401375115 0.0229040440 0.9904119968 0.1362330765 0.3402885497 -0.1358553469 0.9304552674
-470.7 295.2 2615.8 0.3746299744 -0.6784433126 -0.6319549084 0.9271188378 0.2666510642 0.2633398175 -0.0101496996 -0.6845523119 0.7288931012
-560.1 73.7 2618.2 -0.7337251306 -0.6784433126 -0.0369060636 -0.1991280913 0.2666510642 -0.9429979920 0.6496117711 -0.6845523119 -0.3307456970
-196.7 301.7 2715.0 0.0905506834 0.9835211039 -0.1564825773 -0.9359076619 0.1377478689 0.3241949677 0.3404077291 0.1170971692 0.9329581261
-171.5 41.7 2809.6 0.1573902965 0.9835211039 -0.0889635831 -0.9710603952 0.1377478689 -0.1951083094 -0.1796385944 0.1170971692 0.9767385721
-430.9 -95.2 2697.9 0.8852165937 -0.0775167719 -0.4586749375 0.0592540950 0.9967758656 -0.0540996231 0.4613897502 0.0207115170 0.8869557977
-400.1 -491.1 2689.6 0.8827912211 0.0687660575 -0.4647051394 -0.0419132374 0.9968124032 0.0678843707 0.4678919911 -0.0404504314 0.8828594685
-256.8 -89.9 2753.3 0.3242687881 0.1626649499 -0.9318743944 -0.1185468808 0.9843263030 0.1305694580 0.9385075569 0.0681312010 0.3384697139
-321.4 -481.0 2726.2 0.3263802528 -0.0131827546 -0.9451466203 0.0422577038 0.9991065264 0.0006571499 0.9442934990 -0.0401542075 0.3266457021
-355.0 129.4 2436.6 0 0 0 0 0 0 0 0 0
-126.6 -235.3 2758.3 0 0 0 0 0 0 0 0 0
-418.3 -755.0 2700.3 0 0 0 0 0 0 0 0 0
-317.5 -778.5 2738.2 0 0 0 0 0 0 0 0 0
-325.7 506.9 2625.5 6 0.9476500154 0.0399699546 -0.3167993128 0.0207236502 0.9823440909 0.1859316528 0.3186376095 -0.1827633679 0.9300901294
-334.1 301.1 2663.8 0.9476500154 0.0399699546 -0.3167993128 0.0207236502 0.9823440909 0.1859316528 0.3186376095 -0.1827633679 0.9300901294
-339.4 104.7 2693.3 0.9476848841 0.0271449480 -0.3180511594 0.0217463151 0.9885725379 0.1491690874 0.3184658587 -0.1482817382 0.9362649322
-472.4 298.0 2617.3 0.3729719818 -0.6667914391 -0.6451984644 0.9275950193 0.2840270996 0.2426851839 0.0214334540 -0.6889976263 0.7244465947
-562.7 73.3 2612.1 -0.7445623875 -0.6667914391 -0.0318752825 -0.2143511921 0.2840270996 -0.9345491529 0.6322028637 -0.6889976263 -0.3544034362
-195.9 304.2 2710.3 0.0823989585 0.9786816239 -0.1881296039 -0.9319062233 0.1425693780 0.3335037231 0.3532154560 0.1478387862 0.9237870574
-172.9 44.5 2808.7 0.1674821824 0.9786816239 -0.1188783199 -0.9706342816 0.1425693780 -0.1937604398 -0.1726813614 0.1478387862 0.9738197327
-429.5 -97.1 2688.2 0.8943359852 -0.0800435543 -0.4401774704 0.0795232803 0.9966391325 -0.0196602624 0.4402717650 -0.0174214765 0.8976955414
-397.7 -492.8 2695.1 0.8917186856 0.0820453092 -0.4450913668 -0.0625255182 0.9963337779 0.0583910383 0.4482502937 -0.0242388137 0.8935794234
-257.4 -93.0 2750.5 0.3458123207 0.1513739079 -0.9260128140 -0.1042751819 0.9869877100 0.1224006116 0.9324915409 0.0542325154 0.3570970595
-317.6 -485.1 2728.9 0.3501219153 0.0127992909 -0.9366166592 0.0201870650 0.9995713234 0.0212058332 0.9364866018 -0.0263321698 0.3497134447
-355.6 132.9 2436.3 0 0 0 0 0 0 0 0 0
-125.1 -232.7 2759.4 0 0 0 0 0 0 0 0 0
-419.2 -753.6 2701.5 0 0 0 0 0 0 0 0 0
-321.3 -777.1 2736.6 0 0 0 0 0 0 0 0 0
-324.3 507.5 2623.6 7 0.9564394951 0.0486931317 -0.2878410220 0.0068863844 0.9819536805 0.1889960319 0.2918493748 -0.1827454567 0.9388439655
-334.6 301.5 2662.0 0.9564394951 0.0486931317 -0.2878410220 0.0068863844 0.9819536805 0.1889960319 0.2918493748 -0.1827454567 0.9388439655
-341.9 105.2 2691.6 0.9564917684 0.0371474475 -0.2893847525 0.0080863312 0.9881050587 0.1535674930 0.2916471660 -0.1492261142 0.9448140264
-474.1 300.4 2619.4 0.3516054451 -0.6763497591 -0.6472438574 0.9358173609 0.2723206282 0.2238020450 0.0248894002 -0.6843920946 0.7286892533
-559.1 74.2 2613.4 -0.7361173034 -0.6763497591 -0.0261217151 -0.2169446051 0.2723206282 -0.9374307990 0.6411445737 -0.6843920946 -0.3471903503
-195.0 302.7 2704.5 0.0781863481 0.9783067107 -0.1918406487 -0.9234041572 0.1435993910 0.3559550345 0.3757814169 0.1493156403 0.9146000147
-173.2 45.7 2809.1 0.1653571874 0.9783067107 -0.1247916073 -0.9754747152 0.1435993910 -0.1668181419 -0.1452793181 0.1493156403 0.9780586958
-431.5 -93.7 2693.6 0.9080037475 -0.0609419346 -0.4145060182 0.0575825199 0.9981279969 -0.0206093639 0.4149860442 -0.0051549217 0.9098131657
-407.3 -490.0 2695.6 0.9076802135 0.0454400890 -0.4171951413 -0.0346527807 0.9988411665 0.0333987325 0.4182293415 -0.0158583969 0.9082030058
-258.0 -89.8 2751.9 0.3725078702 0.1387614906 -0.9175963998 -0.0957881361 0.9892262220 0.1107073575 0.9230723381 0.0466554873 0.3817862570
-313.1 -482.8 2733.3 0.3758926988 0.0170371961 -0.9265065789 0.0004432781 0.9998275638 0.0185653120 0.9266631007 -0.0073892646 0.3758203089
-355.5 134.2 2436.1 0 0 0 0 0 0 0 0 0
-125.5 -236.0 2767.1 0 0 0 0 0 0 0 0 0
-419.4 -754.4 2699.8 0 0 0 0 0 0 0 0 0
-318.1 -776.3 2735.5 0 0 0 0 0 0 0 0 0
-324.1 505.7 2631.2 8 0.9385670424 0.0543651246 -0.3407877982 0.0036886686 0.9858764410 0.1674336791 0.3450772166 -0.1584047973 0.9251105785
-335.5 299.2 2664.4 0.9385670424 0.0543651246 -0.3407877982 0.0036886686 0.9858764410 0.1674336791 0.3450772166 -0.1584047973 0.9251105785
-343.8 102.4 2690.4 0.9386436939 0.0425991006 -0.3422475159 0.0052506314 0.9904626012 0.1376819015 0.3448484838 -0.1310312599 0.9294677973
-472.3 298.5 2614.1 0.3494712710 -0.6804659367 -0.6440775990 0.9367688894 0.2671641409 0.2260251492 0.0182720292 -0.6823411584 0.7308055162
-555.4 75.7 2609.8 -0.7323693633 -0.6804659367 -0.0245203003 -0.2167933285 0.2671641409 -0.9389483333 0.6454733014 -0.6823411584 -0.3431833088
-198.6 299.9 2714.7 0.0936246291 0.9658293724 -0.2416774929 -0.9336469173 0.1694691032 0.3155688643 0.3457425535 0.1960964203 0.9176101089
-173.1 45.0 2809.0 0.1638866216 0.9717745185 -0.1696921438 -0.9777889848 0.1372390240 -0.1584113091 -0.1306516975 0.1918846071 0.9726820588
-436.9 -91.8 2694.6 0.8817312121 -0.0771521628 -0.4654005170 0.0733058602 0.9969602823 -0.0263892673 0.4660218060 -0.0108483443 0.8847067356
-406.2 -487.8 2698.9 0.8817218542 0.0524875037 -0.4688407481 -0.0453085937 0.9986191392 0.0265878122 0.4695889056 -0.0022005397 0.8828824759
-261.6 -90.4 2748.0 0.3241032362 0.1325303167 -0.9366924763 -0.0834276155 0.9902848601 0.1112463400 0.9423359036 0.0420907214 0.3320112228
-314.3 -483.9 2731.3 0.3264950514 0.0108545339 -0.9451366067 0.0088040791 0.9998557568 0.0145243099 0.9451578856 -0.0130631728 0.3263523877
-354.5 135.2 2432.7 0 0 0 0 0 0 0 0 0
-125.5 -238.8 2771.1 0 0 0 0 0 0 0 0 0
-419.9 -749.2 2699.5 0 0 0 0 0 0 0 0 0
-317.5 -778.4 2735.2 0 0 0 0 0 0 0 0 0
-322.6 499.2 2635.0 9 0.9436225891 0.0582928993 -0.3258501887 -0.0037559441 0.9861945510 0.1655482948 0.3310019672 -0.1549912393 0.9308143854
-334.8 294.1 2667.2 0.9436225891 0.0582928993 -0.3258501887 -0.0037559441 0.9861945510 0.1655482948 0.3310019672 -0.1549912393 0.9308143854
-343.6 97.2 2692.1 0.9437811971 0.0445221812 -0.3275588751 -0.0007054607 0.9911577702 0.1326866895 0.3305700421 -0.1249961257 0.9354674816
-472.5 294.2 2619.0 0.3409250081 -0.6906236410 -0.6378158927 0.9394821525 0.2746979296 0.2047300488 0.0338153020 -0.6690142751 0.7424799204
-551.9 75.3 2611.1 -0.7226163149 -0.6906236410 -0.0294055603 -0.2244897038 0.2746979296 -0.9349574447 0.6537813544 -0.6690142751 -0.3535391092
-197.1 294.0 2715.5 0.0861848071 0.9700009227 -0.2273111045 -0.9345808029 0.1577593684 0.3188584745 0.3451534808 0.1849598438 0.9201407433
-174.3 47.0 2806.7 0.1667928547 0.9731821418 -0.1584193558 -0.9759697914 0.1401024759 -0.1668960154 -0.1402252764 0.1824495643 0.9731644392
-438.1 -94.8 2684.9 0.8873295784 -0.0830661580 -0.4535925388 0.0878171250 0.9960799813 -0.0106214387 0.4526967406 -0.0304084755 0.8911458850
-405.1 -490.5 2696.9 0.8873549700 0.0598155111 -0.4571905732 -0.0469843745 0.9981184602 0.0393952765 0.4586868286 -0.0134767815 0.8884958029
-266.3 -93.9 2748.0 0.3411724269 0.1269877106 -0.9313836694 -0.0675011575 0.9915845990 0.1104695424 0.9375739694 0.0251803119 0.3468731344
-316.7 -487.9 2738.0 0.3411972523 -0.0088184075 -0.9399503469 -0.0131997941 0.9998124242 -0.0141714793 0.9398990273 0.0172424205 0.3410168588
-354.9 136.5 2432.9 0 0 0 0 0 0 0 0 0
-126.2 -234.1 2766.3 0 0 0 0 0 0 0 0 0
-420.5 -748.3 2700.4 0 0 0 0 0 0 0 0 0
-314.2 -776.2 2733.0 0 0 0 0 0 0 0 0 0
-324.8 503.5 2646.4 0 0.9502080679 0.0538642965 -0.3069254756 -0.0133567983 0.9910823107 0.1325801164 0.3113297224 -0.1218791530 0.9424538612
-336.0 298.2 2671.6 0.9502080679 0.0538642965 -0.3069254756 -0.0133567983 0.9910823107 0.1325801164 0.3113297224 -0.1218791530 0.9424538612
-344.2 100.7 2690.7 0.9504086375 0.0410981737 -0.3082765341 -0.0091639208 0.9945004582 0.1043306291 0.3108689487 -0.0963317081 0.9455584288
-474.7 299.5 2626.3 0.3287673593 -0.6771867871 -0.6582781076 0.9402781725 0.2998470068 0.1611481756 0.0882553235 -0.6719447970 0.7353238463
-554.0 72.7 2605.0 -0.7351306081 -0.6771867871 -0.0316395797 -0.2364346832 0.2998470068 -0.9242241979 0.6353594661 -0.6719447970 -0.3805371523
-197.2 296.9 2717.0 0.0861895382 0.9797334671 -0.1808138192 -0.9319615960 0.1434389651 0.3329757452 0.3521632254 0.1398125142 0.9254369140
-174.0 45.4 2812.0 0.1661269367 0.9797334671 -0.1119111925 -0.9718474150 0.1434389651 -0.1869167686 -0.1670761853 0.1398125142 0.9759805202
-438.8 -99.7 2686.6 0.8959481716 -0.0786533803 -0.4371390343 0.0813377649 0.9966068268 -0.0126094334 0.4366475344 -0.0242585149 0.8993055224
-407.6 -495.7 2696.3 0.8960929513 0.0546588749 -0.4404881597 -0.0429123156 0.9984084964 0.0365922675 0.4417872131 -0.0138877071 0.8970123529
-265.9 -99.9 2747.2 0.3647243083 0.1282067895 -0.9222468138 -0.0621856675 0.9916176796 0.1132576391 0.9290366769 0.0160427168 0.3696397245
-316.8 -493.9 2740.8 0.3644345105 -0.0148156118 -0.9311111569 -0.0137646487 0.9996784925 -0.0212940853 0.9311273098 0.0205767173 0.3641133904
-355.1 136.7 2433.1 0 0 0 0 0 0 0 0 0
-125.9 -236.0 2763.6 0 0 0 0 0 0 0 0 0
-421.2 -745.4 2699.7 0 0 0 0 0 0 0 0 0
-312.6 -777.8 2735.0 0 0 0 0 0 0 0 0 0
-326.3 509.5 2642.1 1 0.9699159861 0.0588431358 -0.2362211794 -0.0247147288 0.9891350269 0.1449175477 0.2421820462 -0.1347197145 0.9608321786
-338.5 304.1 2670.0 0.9699159861 0.0588431358 -0.2362211794 -0.0247147288 0.9891350269 0.1449175477 0.2421820462 -0.1347197145 0.9608321786
-348.2 106.9 2691.4 0.9700673223 0.0491894782 -0.2378019691 -0.0219381899 0.9930170178 0.1159135401 0.2418431342 -0.1072269902 0.9643724561
-479.8 307.4 2634.8 0.2930550277 -0.6718310118 -0.6802660227 0.9459432364 0.3071492314 0.1041666716 0.1389607787 -0.6740196347 0.7255256772
-553.3 70.3 2600.0 -0.7403553724 -0.6718310118 -0.0227381904 -0.2505237162 0.3071492314 -0.9180943370 0.6237882972 -0.6740196347 -0.3957091868
-197.2 300.9 2705.3 0.0785074756 0.9783154130 -0.1916650534 -0.9246000648 0.1433428526 0.3529413044 0.3727617264 0.1495049894 0.9158039689
-175.3 42.8 2809.3 0.1671483666 0.9783154130 -0.1223124564 -0.9726654887 0.1433428526 -0.1826872528 -0.1611931324 0.1495049894 0.9755331874
-439.5 -96.0 2681.4 0.9247165322 -0.0820579305 -0.3717065752 0.0901948065 0.9959138632 0.0045250724 0.3698164225 -0.0377104096 0.9283392429
-406.8 -491.7 2696.4 0.9267840385 0.0436908416 -0.3730448484 -0.0384765789 0.9990299940 0.0214156080 0.3736186624 -0.0054941527 0.9275661111
-265.3 -97.7 2738.3 0.4311104119 0.1324602515 -0.8925234675 -0.0508667864 0.9911605120 0.1225291789 0.9008642435 -0.0074238074 0.4340374470
-317.9 -491.5 2741.3 0.4303967059 -0.0256355852 -0.9022757411 -0.0065057660 0.9994825721 -0.0315007716 0.9026163816 0.0194278229 0.4300072193
-354.3 137.6 2432.4 0 0 0 0 0 0 0 0 0
-127.2 -237.0 2762.9 0 0 0 0 0 0 0 0 0
-418.3 -753.8 2697.8 0 0 0 0 0 0 0 0 0
-310.6 -776.4 2735.8 0 0 0 0 0 0 0 0 0
-327.3 508.6 2640.4 2 0.9681317806 0.0555050112 -0.2442131937 -0.0199433193 0.9891208410 0.1457472593 0.2496460676 -0.1362321228 0.9587062597
-338.8 303.8 2668.6 0.9681317806 0.0555050112 -0.2442131937 -0.0199433193 0.9891208410 0.1457472593 0.2496460676 -0.1362321228 0.9587062597
-348.0 106.6 2690.5 0.9682485461 0.0464823768 -0.2456300110 -0.0176733751 0.9928308725 0.1182140484 0.2493639141 -0.1101194695 0.9621285200
-480.0 306.4 2632.2 0.2986662984 -0.6671862602 -0.6823934913 0.9465536475 0.2983424067 0.1225886792 0.1217974275 -0.6825351715 0.7206324339
-554.4 70.7 2601.9 -0.7447975278 -0.6671862602 -0.0117941266 -0.2526788414 0.2983424067 -0.9204049110 0.6176002026 -0.6825351715 -0.3907885253
-197.6 301.2 2705.0 0.0803938881 0.9799708128 -0.1821922809 -0.9219082594 0.1425992399 0.3602090478 0.3789748549 0.1390059590 0.9149073362
-175.7 49.9 2808.3 0.1621272266 0.9799708128 -0.1156372130 -0.9766302705 0.1425992399 -0.1608067900 -0.1410961896 0.1390059590 0.9801883698
-446.6 -88.4 2690.6 0.9212352037 -0.1067271531 -0.3740788400 0.0976184011 0.9942827225 -0.0432728417 0.3765585124 0.0033474898 0.9263867736
-404.3 -483.0 2689.3 0.9220334291 0.0586166978 -0.3826466501 -0.0413996503 0.9977315664 0.0530825742 0.3848901689 -0.0331024714 0.9223685861
-269.2 -92.4 2734.9 0.4236472845 0.1230022758 -0.8974371552 -0.0518328734 0.9924061298 0.1115502641 0.9043430090 -0.0007412236 0.4268057048
-318.1 -486.8 2735.2 0.4227940738 -0.0268849041 -0.9058269262 0.0098013440 0.9996370077 -0.0250944160 0.9061727524 0.0017314489 0.4229041040
-355.1 138.3 2436.6 0 0 0 0 0 0 0 0 0
-129.2 -230.1 2767.8 0 0 0 0 0 0 0 0 0
-420.4 -757.2 2698.4 0 0 0 0 0 0 0 0 0
-310.3 -775.9 2734.7 0 0 0 0 0 0 0 0 0
-323.1 497.0 2638.6 3 0.9533225298 0.0505778380 -0.2976877987 -0.0039619016 0.9878820777 0.1551557332 0.3019278944 -0.1467340440 0.9419706464
-333.6 292.4 2669.0 0.9533225298 0.0505778380 -0.2976877987 -0.0039619016 0.9878820777 0.1551557332 0.3019278944 -0.1467340440 0.9419706464
-341.5 95.3 2692.2 0.9533657432 0.0400081016 -0.2991539836 -0.0030173359 0.9923892021 0.1231037676 0.3018023372 -0.1164602637 0.9462305903
-472.5 292.9 2625.0 0.3297328651 -0.6731266379 -0.6619491577 0.9381766319 0.3118826449 0.1501794457 0.1053606719 -0.6705443263 0.7343496680
-549.7 73.2 2600.3 -0.7394250035 -0.6731266379 -0.0122950841 -0.2687653601 0.3118826449 -0.9113146663 0.6172648072 -0.6705443263 -0.4115269482
-194.6 292.0 2713.0 0.0736945048 0.9694797397 -0.2338335514 -0.9301680923 0.1513792425 0.3344722390 0.3596616089 0.1928557456 0.9129349589
-175.5 51.1 2806.1 0.1598371267 0.9721314907 -0.1715007275 -0.9802918434 0.1358800083 -0.1434034854 -0.1161035225 0.1910419613 0.9746912122
-445.9 -89.0 2689.6 0.8995557427 -0.0958673581 -0.4261559248 0.0988395140 0.9949873686 -0.0151943294 0.4254764020 -0.0284528974 0.9045221210
-407.8 -484.0 2700.9 0.9012138844 0.0562040210 -0.4297145605 -0.0501357019 0.9984183311 0.0254404582 0.4304647744 -0.0013832533 0.9026063085
-268.6 -92.3 2735.3 0.3757153451 0.1285011619 -0.9177829027 -0.0273828469 0.9914469719 0.1276052594 0.9263305068 -0.0228117481 0.3760205805
-319.6 -486.2 2744.3 0.3754073083 -0.0266844127 -0.9264757633 -0.0147190839 0.9992877841 -0.0347457118 0.9267430902 0.0266806670 0.3747471571
-353.6 144.5 2436.6 0 0 0 0 0 0 0 0 0
-129.8 -229.4 2772.9 0 0 0 0 0 0 0 0 0
-423.3 -758.3 2701.3 0 0 0 0 0 0 0 0 0
-311.8 -777.9 2736.5 0 0 0 0 0 0 0 0 0
-321.6 488.0 2639.2 4 0.9357991815 0.0457038209 -0.3495583534 0.0078593399 0.9886094928 0.1502981931 0.3524459004 -0.1433962286 0.9247807264
-331.1 283.3 2668.9 0.9357991815 0.0457038209 -0.3495583534 0.0078593399 0.9886094928 0.1502981931 0.3524459004 -0.1433962286 0.9247807264
-337.8 86.0 2691.9 0.9358498454 0.0338662528 -0.3507679701 0.0091204410 0.9927104115 0.1201784313 0.3522810042 -0.1156681180 0.9287189841
-467.4 282.0 2617.5 0.3550862670 -0.6781839132 -0.6434130669 0.9305420518 0.3222913742 0.1738383919 0.0894720778 -0.6604505181 0.7455198765
-547.7 71.5 2597.3 -0.7348856330 -0.6781839132 -0.0031204950 -0.2936028242 0.3222913742 -0.8999586701 0.6113432050 -0.6604505181 -0.4359640181
-194.7 284.6 2720.2 0.0771884322 0.9557471275 -0.2838827372 -0.9397072196 0.1648840308 0.2996057868 0.3331550956 0.2436405569 0.9108495712
-174.8 42.2 2806.2 0.1730584055 0.9606239796 -0.2173760831 -0.9768736959 0.1392740309 -0.1622359902 -0.1255729347 0.2404252738 0.9625108242
-436.7 -101.6 2687.7 0.8771979213 -0.0779274032 -0.4737627506 0.0786259994 0.9967349172 -0.0183686949 0.4736472964 -0.0211370885 0.8804609179
-405.8 -497.5 2696.1 0.8763972521 0.0626360178 -0.4774983227 -0.0496748984 0.9979746342 0.0397367254 0.4790201485 -0.0111054769 0.8777336478
-262.3 -102.2 2743.0 0.3236151338 0.1467164159 -0.9347446561 -0.0399223678 0.9891424775 0.1414332390 0.9453462362 -0.0084527154 0.3259587288
-320.5 -495.1 2746.3 0.3234905601 -0.0396590866 -0.9453999400 -0.0367470607 0.9978410006 -0.0544328280 0.9455175996 0.0523491725 0.3213348091
-353.7 149.0 2435.9 0 0 0 0 0 0 0 0 0
-125.3 -237.2 2770.2 0 0 0 0 0 0 0 0 0
-422.3 -760.1 2699.1 0 0 0 0 0 0 0 0 0
-309.5 -772.8 2731.8 0 0 0 0 0 0 0 0 0
-320.9 487.8 2640.0 5 0.9546466470 0.0506737716 -0.2933973372 -0.0056627882 0.9883224964 0.1522715390 0.2976873517 -0.1437040716 0.9437856674
-331.4 283.6 2669.7 0.9546466470 0.0506737716 -0.2933973372 -0.0056627882 0.9883224964 0.1522715390 0.2976873517 -0.1437040716 0.9437856674
-339.1 86.4 2692.5 0.9547822475 0.0385177806 -0.2948003113 -0.0026502246 0.9926353693 0.1211115569 0.2972941399 -0.1148538813 0.9478527308
-470.4 284.0 2626.4 0.3586135805 -0.6717457175 -0.6481928825 0.9253008366 0.3475519419 0.1517432779 0.1233478040 -0.6541905999 0.7462037206
-549.2 80.9 2599.3 -0.7398176193 -0.6717457175 -0.0377837569 -0.2697089612 0.3475519419 -0.8980337977 0.6163821816 -0.6541905999 -0.4383008778
-192.3 283.2 2713.0 0.0545284636 0.9719576240 -0.2287465632 -0.9025377035 0.1459757537 0.4051132202 0.4271443486 0.1843622029 0.8851882815
-177.5 37.2 2829.4 0.1892265677 0.9719576240 -0.1396124959 -0.9509716630 0.1459757537 -0.2726608217 -0.2446347326 0.1843622029 0.9519267082
-430.2 -112.0 2682.7 0.9045912027 -0.0553666689 -0.4226692915 0.0589213297 0.9982517362 -0.0046612336 0.4221884310 -0.0206877254 0.9062719941
-408.2 -508.5 2690.9 0.9039396048 0.0510340445 -0.4246041179 -0.0390885547 0.9985577464 0.0368031003 0.4258699715 -0.0166706201 0.9046307802
-259.0 -110.4 2747.2 0.3735505641 0.1442394406 -0.9163268805 -0.0727064312 0.9893502593 0.1260945201 0.9247560501 0.0195201784 0.3800594807
-316.2 -503.3 2739.4 0.3726721406 -0.0258484408 -0.9276030064 -0.0130753191 0.9993664622 -0.0331013054 0.9278709292 0.0244646408 0.3720980585
-353.6 152.2 2436.4 0 0 0 0 0 0 0 0 0
-123.8 -232.7 2760.0 0 0 0 0 0 0 0 0 0
-420.9 -758.7 2695.1 0 0 0 0 0 0 0 0 0
-309.2 -775.1 2732.8 0 0 0 0 0 0 0 0 0
-322.5 484.8 2639.9 6 0.9662473798 0.0536714531 -0.2519631088 -0.0156172030 0.9884614944 0.1506652385 0.2571422458 -0.1416449249 0.9559364915
-333.5 281.2 2669.0 0.9662473798 0.0536714531 -0.2519631088 -0.0156172030 0.9884614944 0.1506652385 0.2571422458 -0.1416449249 0.9559364915
-341.8 84.0 2691.5 0.9664455056 0.0417163223 -0.2534617484 -0.0115019772 0.9927629828 0.1195382848 0.2566141486 -0.1126119271 0.9599311352
-474.4 282.9 2631.7 0.3489179015 -0.6628746986 -0.6624601483 0.9222353101 0.3684964180 0.1170145422 0.1665482223 -0.6517726183 0.7399014235
-549.0 85.8 2596.1 -0.7465994358 -0.6628746986 -0.0564482249 -0.2596840858 0.3684964180 -0.8926222920 0.6124976873 -0.6517726183 -0.4472572505
-192.7 279.5 2706.4 0.0587759390 0.9779032469 -0.2006254643 -0.8750817776 0.1471847445 0.4610515535 0.4803928435 0.1484649479 0.8643962741
-176.7 41.0 2837.4 0.1829744577 0.9779032469 -0.1011213884 -0.9460877180 0.1471847445 -0.2885388732 -0.2672795951 0.1484649479 0.9521133304
-434.0 -110.6 2688.2 0.9208046198 -0.0689792931 -0.3838759363 0.0717675164 0.9973962903 -0.0070747598 0.3833644390 -0.0210353509 0.9233576059
-406.6 -506.8 2696.6 0.9208436608 0.0523655899 -0.3863997161 -0.0424441732 0.9985143542 0.0341701694 0.3876149952 -0.0150649678 0.9216982722
-259.4 -111.1 2742.6 0.4143177271 0.1508288532 -0.8975474834 -0.0625645220 0.9885596633 0.1372425705 0.9079793692 -0.0007073983 0.4190143049
-319.3 -503.8 2742.9 0.4130309224 -0.0380042903 -0.9099236727 -0.0179019775 0.9985970855 -0.0498338975 0.9105410576 0.0368723720 0.4117711186
-351.7 154.4 2434.2 0 0 0 0 0 0 0 0 0
-124.6 -228.4 2761.3 0 0 0 0 0 0 0 0 0
-420.0 -762.2 2700.4 0 0 0 0 0 0 0 0 0
-309.2 -769.9 2733.1 0 0 0 0 0 0 0 0 0
-321.7 485.1 2639.8 7 0.9796918631 0.0668016076 -0.1890538782 -0.0382754095 0.9878377914 0.1507032961 0.1968217939 -0.1404066831 0.9703335166
-335.4 282.3 2668.6 0.9796918631 0.0668016076 -0.1890538782 -0.0382754095 0.9878377914 0.1507032961 0.1968217939 -0.1404066831 0.9703335166
-346.3 85.1 2690.5 0.9800513387 0.0547276065 -0.1910608411 -0.0324178375 0.9924843311 0.1179998070 0.1960827410 -0.1094520912 0.9744597673
-478.1 287.0 2640.1 0.3391032517 -0.6602900028 -0.6700941324 0.9182578921 0.3871414959 0.0832100511 0.2044784874 -0.6435360312 0.7375974059
-551.7 87.6 2595.7 -0.7494381070 -0.6602900028 -0.0485765114 -0.2842375934 0.3871414959 -0.8771148324 0.5979561210 -0.6435360312 -0.4778178334
-192.7 277.6 2697.2 0.0810247064 0.9850158691 -0.1522455513 -0.8880693913 0.1406940818 0.4376504719 0.4525127113 0.0997441188 0.8861621618
-170.3 32.3 2822.2 0.1584475785 0.9850158691 -0.0681034401 -0.9666418433 0.1406940818 -0.2140296549 -0.2012408674 0.0997441188 0.9744502306
-438.6 -112.3 2690.4 0.9434071183 -0.0585732870 -0.3264232874 0.0625239536 0.9980421662 0.0016142692 0.3256896436 -0.0219321866 0.9452223182
-415.3 -508.8 2699.1 0.9451658130 0.0073216148 -0.3265087008 -0.0066835913 0.9999729395 0.0030759182 0.3265223801 -0.0007250020 0.9451891780
-261.7 -114.4 2737.3 0.4728555083 0.1430214643 -0.8694552779 -0.0488913953 0.9894776344 0.1361748874 0.8797825575 -0.0218821596 0.4748724699
-318.5 -507.4 2746.0 0.4721446931 -0.0288940798 -0.8810473680 -0.0148242638 0.9990611076 -0.0407085344 0.8813964128 0.0322811976 0.4712730646
-353.6 162.7 2437.6 0 0 0 0 0 0 0 0 0
-125.2 -242.8 2764.9 0 0 0 0 0 0 0 0 0
-417.1 -758.2 2699.3 0 0 0 0 0 0 0 0 0
-311.0 -766.9 2737.7 0 0 0 0 0 0 0 0 0
-317.2 485.3 2641.8 8 0.9755201936 0.0779425204 -0.2056338489 -0.0477454551 0.9878453612 0.1479255259 0.2146641165 -0.1344862580 0.9673845172
-333.3 282.3 2669.4 0.9755201936 0.0779425204 -0.2056338489 -0.0477454551 0.9878453612 0.1479255259 0.2146641165 -0.1344862580 0.9673845172
-346.4 85.2 2690.3 0.9758977890 0.0662563220 -0.2079269439 -0.0425606780 0.9922857881 0.1164367273 0.2140376270 -0.1047808304 0.9711894393
-475.6 288.5 2638.2 0.3501375616 -0.6580362916 -0.6666272879 0.9142779112 0.3948629200 0.0904387236 0.2037144303 -0.6411486268 0.7398843765
-552.7 87.0 2593.3 -0.7521882057 -0.6580362916 -0.0346579663 -0.3055147231 0.3948629200 -0.8664548397 0.5838438869 -0.6411486268 -0.4980509877
-191.0 276.1 2700.6 0.0685764998 0.9747431874 -0.2125393748 -0.9093127847 0.1487130821 0.3886318505 0.4104236364 0.1666137427 0.8965446353
-172.3 28.9 2812.2 0.1762402058 0.9747431874 -0.1371681690 -0.9704394341 0.1487130821 -0.1900833994 -0.1648838073 0.1666137427 0.9721384645
-446.8 -109.1 2694.4 0.9358991385 -0.0798333660 -0.3431026638 0.0813832581 0.9966336489 -0.0099040298 0.3427383304 -0.0186536405 0.9392457008
-415.0 -505.1 2701.8 0.9392473102 0.0003332015 -0.3432410657 -0.0033403614 0.9999610186 -0.0081698764 0.3432249725 0.0088200830 0.9392117858
-267.6 -115.1 2730.3 0.4607422948 0.1358776689 -0.8770711422 -0.0240263958 0.9897587299 0.1407139301 0.8872087002 -0.0437599979 0.4592883289
-321.6 -508.2 2747.6 0.4608358443 -0.0439200811 -0.8863979578 -0.0261286236 0.9976702929 -0.0630177036 0.8871006966 0.0522011742 0.4586146772
-354.1 167.7 2439.1 0 0 0 0 0 0 0 0 0
-122.1 -247.6 2765.2 0 0 0 0 0 0 0 0 0
-415.1 -759.9 2699.6 0 0 0 0 0 0 0 0 0
-310.1 -769.8 2734.0 0 0 0 0 0 0 0 0 0
-321.3 488.6 2640.3 9 0.9614815116 0.0572699234 -0.2688372433 -0.0167099442 0.9884231091 0.1507998407 0.2743612230 -0.1404989958 0.9513074756
-333.1 284.6 2669.3 0.9614815116 0.0572699234 -0.2688372433 -0.0167099442 0.9884231091 0.1507998407 0.2743612230 -0.1404989958 0.9513074756
-341.7 87.3 2690.9 0.9617398977 0.0427103266 -0.2706144750 -0.0115884449 0.9932311773 0.1155745983 0.2737189531 -0.1080166996 0.9557250142
-473.2 286.3 2629.4 0.3673223555 -0.6589238644 -0.6564248800 0.9145336747 0.3844311833 0.1258602291 0.1694179028 -0.6465539336 0.7438182235
-552.0 90.0 2593.0 -0.7516082525 -0.6589238644 -0.0300725102 -0.3021230102 0.3844311833 -0.8723155260 0.5863503218 -0.6465539336 -0.4880177379
-193.1 282.9 2709.1 0.0684896857 0.9822820425 -0.1744451225 -0.8899427652 0.1391821951 0.4343157411 0.4509002268 0.1255000234 0.8837074041
-174.2 36.8 2833.8 0.1678270698 0.9822820425 -0.0834027082 -0.9513061643 0.1391821951 -0.2750361860 -0.2585549355 0.1255000234 0.9578095078
-448.9 -108.1 2691.5 0.9117275476 -0.0887486339 -0.4010941982 0.0964150280 0.9953406453 -0.0010742769 0.3993206918 -0.0376920626 0.9160361886
-413.7 -503.5 2706.5 0.9168202281 0.0176253803 -0.3989110291 -0.0297966301 0.9992598295 -0.0243307874 0.3981869221 0.0341931619 0.9166668057
-270.3 -115.9 2730.7 0.4067423940 0.1302021295 -0.9042168260 0.0023108185 0.9896414876 0.1435422748 0.9135399461 -0.0604742095 0.4022282660
-322.0 -509.0 2754.7 0.4097997248 -0.0442363508 -0.9111022353 -0.0526099615 0.9960145354 -0.0720222071 0.9106571078 0.0774477348 0.4058392048
-353.9 169.6 2438.5 0 0 0 0 0 0 0 0 0
-126.5 -233.4 2760.4 0 0 0 0 0 0 0 0 0
-418.2 -758.4 2697.8 0 0 0 0 0 0 0 0 0
-310.1 -776.1 2734.0 0 0 0 0 0 0 0 0 0
-318.9 486.9 2641.5 0 0.9592115283 0.0605923273 -0.2761192918 -0.0185705107 0.9881550074 0.1523311287 0.2820787728 -0.1409901083 0.9489749074
-331.4 283.3 2670.6 0.9592115283 0.0605923273 -0.2761192918 -0.0185705107 0.9881550074 0.1523311287 0.2820787728 -0.1409901083 0.9489749074
-340.3 86.0 2692.4 0.9595453739 0.0447437428 -0.2779760063 -0.0122909900 0.9930074811 0.1174098030 0.2812856138 -0.1092434376 0.9533857107
-471.3 285.1 2629.5 0.3684205115 -0.6632263064 -0.6514577270 0.9123610854 0.3924942613 0.1163851544 0.1785037220 -0.6372433305 0.7497048378
-550.0 90.3 2591.4 -0.7476155758 -0.6632263064 -0.0346673727 -0.3080033064 0.3924942613 -0.8666499853 0.5883918405 -0.6372433305 -0.4977107048
-191.5 281.5 2711.6 0.0765696242 0.9875041246 -0.1377414316 -0.9068778157 0.1263897270 0.4019928873 0.4143787324 0.0941342041 0.9052231908
-170.9 38.3 2822.7 0.1427316815 0.9875041246 -0.0668077469 -0.9705132842 0.1263897270 -0.2052550316 -0.1942463815 0.0941342041 0.9764256477
-438.1 -108.9 2687.5 0.9088635445 -0.0793299302 -0.4094799459 0.0937397480 0.9954806566 0.0152027803 0.4064233303 -0.0522018038 0.9121924639
-406.6 -504.4 2708.2 0.9123367071 0.0484816432 -0.4065602422 -0.0612752475 0.9979494214 -0.0185001623 0.4048296511 0.0417904593 0.9134366512
-262.3 -111.0 2737.6 0.3940810263 0.1536263525 -0.9061451554 -0.0346352644 0.9877129793 0.1523924023 0.9184228778 -0.0286703780 0.3945598304
-323.3 -503.2 2748.9 0.3939238191 -0.0416226275 -0.9182001948 -0.0307967402 0.9978155494 -0.0584439784 0.9186270237 0.0513000488 0.3917814791
-353.2 171.4 2436.5 0 0 0 0 0 0 0 0 0
-130.4 -237.6 2767.5 0 0 0 0 0 0 0 0 0
-419.1 -762.7 2697.4 0 0 0 0 0 0 0 0 0
-311.7 -779.1 2734.8 0 0 0 0 0 0 0 0 0
-316.3 484.5 2640.6 1 0.9568710923 0.0661612302 -0.2828788757 -0.0235383604 0.9881771207 0.1514988989 0.2895577848 -0.1383064091 0.9471154213
-329.9 280.9 2669.1 0.9568710923 0.0661612302 -0.2828788757 -0.0235383604 0.9881771207 0.1514988989 0.2895577848 -0.1383064091 0.9471154213
-340.0 83.6 2690.5 0.9572277069 0.0505404435 -0.2848872840 -0.0174839441 0.9929302931 0.1174043939 0.2888068855 -0.1074017882 0.9513440132
-469.7 283.4 2627.0 0.3741401732 -0.6586630940 -0.6528262496 0.9108728170 0.3932020664 0.1253111809 0.1741547734 -0.6415255666 0.7470709682
-549.2 89.9 2590.0 -0.7519264221 -0.6586630940 -0.0277413558 -0.3125299811 0.3932020664 -0.8647063971 0.5804581046 -0.6415255666 -0.5015109777
-190.2 278.3 2711.3 0.0638130754 0.9840033650 -0.1663288474 -0.9157941341 0.1239667013 0.3820384443 0.3965463340 0.1279439330 0.9090551734
-173.3 35.3 2816.6 0.1442189813 0.9840033650 -0.1045862362 -0.9759317636 0.1239667013 -0.1794140339 -0.1635788083 0.1279439330 0.9781985283
-437.1 -110.2 2688.4 0.9063980579 -0.0739235207 -0.4159060419 0.0844653100 0.9964020252 0.0069766962 0.4138938487 -0.0414532945 0.9093808532
-407.7 -506.1 2704.8 0.9088403583 0.0457708612 -0.4146254063 -0.0546263754 0.9984614849 -0.0095175346 0.4135518670 0.0312994011 0.9099423885
-261.4 -112.4 2739.9 0.3856170475 0.1484476477 -0.9106386900 -0.0446441323 0.9888181090 0.1422871500 0.9215782285 -0.0142136775 0.3879324198
-320.3 -505.2 2745.5 0.3849953115 -0.0287952088 -0.9224691987 -0.0185043346 0.9990714192 -0.0389092155 0.9227330089 0.0320495442 0.3841049671
-352.2 171.7 2437.9 0 0 0 0 0 0 0 0 0
-132.0 -243.7 2769.8 0 0 0 0 0 0 0 0 0
-419.4 -760.6 2696.9 0 0 0 0 0 0 0 0 0
-312.3 -783.4 2736.6 0 0 0 0 0 0 0 0 0
-316.5 483.4 2639.2 2 0.9663761258 0.0679964200 -0.2479791492 -0.0305977762 0.9879589081 0.1516607702 0.2553055882 -0.1389737278 0.9568204284
-330.5 280.5 2667.7 0.9663761258 0.0679964200 -0.2479791492 -0.0305977762 0.9879589081 0.1516607702 0.2553055882 -0.1389737278 0.9568204284
-341.1 83.2 2689.3 0.9667824507 0.0531747565 -0.2500082254 -0.0239560325 0.9926657677 0.1184940487 0.2544755042 -0.1085687652 0.9609656930
-471.6 284.0 2630.6 0.3544145823 -0.6602279544 -0.6621852517 0.9126974940 0.3982864916 0.0913844332 0.2034048885 -0.6367628574 0.7437469959
-546.9 90.1 2587.4 -0.7503485084 -0.6602279544 -0.0328047462 -0.3127512932 0.3982864916 -0.8622960448 0.5823776722 -0.6367628574 -0.5053408146
-189.4 277.0 2704.9 0.0534086525 0.9846814275 -0.1659818739 -0.8824174404 0.1243456975 0.4537373781 0.4674259126 0.1222317964 0.8755412102
-175.2 41.6 2829.6 0.1489674747 0.9846814275 -0.0906154215 -0.9642572999 0.1243456975 -0.2339786887 -0.2191268355 0.1222317964 0.9680097103
-437.7 -112.1 2685.4 0.9207932949 -0.0732781515 -0.3831057847 0.0827174932 0.9965392947 0.0081991898 0.3811791539 -0.0392393097 0.9236680865
-408.6 -508.1 2701.0 0.9230807424 0.0357726477 -0.3829389215 -0.0362617150 0.9993246794 0.0059435028 0.3828929365 0.0083996886 0.9237545133
-262.3 -115.3 2738.4 0.4192516208 0.1492841989 -0.8955123425 -0.0393179283 0.9884483218 0.1463694125 0.9070183039 -0.0261559226 0.4202781022
-321.6 -508.0 2748.8 0.4187151790 -0.0359241851 -0.9074068069 -0.0228218418 0.9984853864 -0.0500609241 0.9078308344 0.0416699611 0.4172611237
-351.3 171.6 2435.6 0 0 0 0 0 0 0 0 0
-132.7 -233.6 2767.0 0 0 0 0 0 0 0 0 0
-417.8 -763.6 2698.9 0 0 0 0 0 0 0 0 0
-311.8 -780.4 2737.4 0 0 0 0 0 0 0 0 0
-316.6 480.6 2639.5 3 0.9533857107 0.0688992366 -0.2937832773 -0.0238258243 0.9877324700 0.1543274075 0.3008123040 -0.1401339173 0.9433315396
-330.7 278.0 2668.2 0.9533857107 0.0688992366 -0.2937832773 -0.0238258243 0.9877324700 0.1543274075 0.3008123040 -0.1401339173 0.9433315396
-341.5 80.8 2690.4 0.9537424445 0.0538132153 -0.2957692742 -0.0180691648 0.9923309088 0.1222817674 0.3000813723 -0.1112810075 0.9474005103
-469.8 280.6 2624.5 0.3788321912 -0.6477487087 -0.6609899998 0.9094892740 0.3927102983 0.1364108473 0.1712176353 -0.6528401375 0.7378917933
-549.5 89.5 2588.5 -0.7616883516 -0.6477487087 -0.0158895720 -0.3159480989 0.3927102983 -0.8636870980 0.5656921864 -0.6528401375 -0.5037778616
-191.6 275.4 2712.0 0.0742050260 0.9859499931 -0.1496537626 -0.9092711210 0.1285207719 0.3958642483 0.4095359445 0.1067007259 0.9060326815
-172.4 39.4 2818.3 0.1456939280 0.9859499931 -0.0817062482 -0.9740919471 0.1285207719 -0.1860841066 -0.1729686707 0.1067007259 0.9791306257
-440.2 -111.8 2687.6 0.9030063748 -0.0660549104 -0.4245187938 0.0654347464 0.9977276325 -0.0160577577 0.4246148467 -0.0132780215 0.9052767158
-414.0 -508.2 2692.9 0.9040693641 0.0156538635 -0.4270989895 -0.0032941622 0.9995545745 0.0296623036 0.4273730516 -0.0254098475 0.9037182331
-263.1 -116.2 2734.3 0.3809765279 0.1433642060 -0.9134021997 0.0014026611 0.9878146052 0.1556287408 0.9245836139 -0.0605720915 0.3761331141
-320.0 -508.5 2758.3 0.3843030632 -0.0418324471 -0.9222587347 -0.0603487939 0.9956979752 -0.0703107566 0.9212324023 0.0826778412 0.3801252246
-351.2 171.7 2441.2 0 0 0 0 0 0 0 0 0
-130.8 -238.6 2769.0 0 0 0 0 0 0 0 0 0
-418.0 -763.8 2699.4 0 0 0 0 0 0 0 0 0
-308.9 -773.7 2736.3 0 0 0 0 0 0 0 0 0
-314.4 480.0 2639.6 4 0.9579500556 0.0746824667 -0.2770455182 -0.0325200260 0.9875711799 0.1537714452 0.2850861847 -0.1382958442 0.9484724998
-329.8 276.9 2668.1 0.9579500556 0.0746824667 -0.2770455182 -0.0325200260 0.9875711799 0.1537714452 0.2850861847 -0.1382958442 0.9484724998
-341.8 79.8 2689.9 0.9583466649 0.0602704771 -0.2791757882 -0.0267018490 0.9921065569 0.1225217655 0.2843565643 -0.1099638194 0.9523913860
-469.7 280.8 2626.6 0.3668933213 -0.6552125216 -0.6603679657 0.9119550586 0.3934693635 0.1162748039 0.1836498529 -0.6448863149 0.7418856621
-546.9 88.8 2587.9 -0.7552654743 -0.6552125216 -0.0164492708 -0.3225954771 0.3934693635 -0.8608797789 0.5705315471 -0.6448863149 -0.5085424185
-189.9 273.0 2709.6 0.0665096864 0.9821121693 -0.1761595011 -0.9175770879 0.1295558065 0.3758557737 0.3919549882 0.1366418749 0.9097803235
