-166.4 443.6 2496.4 1 0.9662319422 -0.0098458631 -0.2574856877 0.0088343658 0.9999480247 -0.0050849658 0.2575223744 0.0026385339 0.9662687182
-164.4 244.7 2495.9 0.9662319422 -0.0098458631 -0.2574856877 0.0088343658 0.9999480247 -0.0050849658 0.2575223744 0.0026385339 0.9662687182
-161.6 50.6 2495.9 0.9661714435 -0.0143053001 -0.2575035393 0.0138434451 0.9998976588 -0.0036065318 0.2575287819 -0.0000802083 0.9662706256
-296.4 242.8 2460.7 0.3385024965 -0.8065968156 -0.4845798314 0.8861215115 0.4464981258 -0.1242099479 0.3165513277 -0.3873512447 0.8658835292
-367.6 56.3 2394.1 -0.5779879093 -0.8065968156 -0.1238205209 -0.4584891796 0.4464981258 -0.7683925629 0.6750686169 -0.3873512447 -0.6278864145
-32.4 246.6 2531.1 0.2456787527 0.6608716846 0.7091478109 -0.9677729011 0.2089538574 0.1405483633 -0.0552947335 -0.7208237648 0.6909092665
32.0 -7.4 2516.6 -0.0609147362 0.6607760787 0.7481071949 -0.9430500269 0.2074615955 -0.2600313425 -0.3270260096 -0.7213422656 0.6105074286
-243.9 -145.3 2471.8 0.9972757697 -0.0260628331 -0.0690055788 0.0308570545 0.9971152544 0.0693472326 0.0669991300 -0.0712876171 0.9952030778
-233.8 -532.3 2499.4 0.9976624250 0.0136291226 -0.0669622421 -0.0138092991 0.9999021888 -0.0022285632 0.0669253170 0.0031480552 0.9977530241
-71.3 -142.2 2519.6 0.8681264520 0.1058605164 -0.4849227071 -0.1068078056 0.9939456582 0.0257709473 0.4847149551 0.0294210911 0.8741772175
-112.4 -528.1 2508.2 0.8654286861 -0.1013092250 -0.4906828403 0.0951198637 0.9947547913 -0.0376177356 0.4919201434 -0.0141182188 0.8705258369
-207.0 183.7 2206.5 0 0 0 0 0 0 0 0 0
15.3 -266.1 2426.9 0 0 0 0 0 0 0 0 0
-238.0 -844.5 2498.4 0 0 0 0 0 0 0 0 0
-81.4 -832.2 2512.5 0 0 0 0 0 0 0 0 0
-168.6 444.1 2495.2 2 0.9708697200 -0.0164279379 -0.2390442193 0.0170377735 0.9998547435 0.0004848773 0.2390015274 -0.0045435340 0.9710085392
-165.3 245.5 2496.1 0.9708697200 -0.0164279379 -0.2390442193 0.0170377735 0.9998547435 0.0004848773 0.2390015274 -0.0045435340 0.9710085392
-161.3 51.4 2497.2 0.9707909226 -0.0205918588 -0.2390416563 0.0212918930 0.9997732639 0.0003463291 0.2389803231 -0.0054258625 0.9710092545
-297.9 242.6 2463.5 0.3310860991 -0.8081903458 -0.4870424569 0.8949245214 0.4325832427 -0.1094617918 0.2991523743 -0.3996249437 0.8664916158
-367.9 53.5 2400.3 -0.5734701157 -0.8081903458 -0.1340164244 -0.4236514866 0.4325832427 -0.7958587408 0.7011786103 -0.3996249437 -0.5904645920
-32.7 248.4 2528.7 0.2408768684 0.6466177106 0.7237844467 -0.9687770605 0.2053137422 0.1389867961 -0.0587315671 -0.7346644402 0.6758837104
31.2 -8.7 2513.2 -0.0620818660 0.6463411450 0.7605189085 -0.9476352930 0.2009915411 -0.2481727451 -0.3132621050 -0.7361015677 0.6000177264
-245.4 -144.7 2472.9 0.9984898567 -0.0226306226 -0.0500590093 0.0255941022 0.9979076982 0.0593734980 0.0486106090 -0.0605650507 0.9969798923
-236.6 -532.1 2496.4 0.9987760186 0.0078018345 -0.0488430299 -0.0073935022 0.9999362230 0.0085351933 0.0489065051 -0.0081636244 0.9987699986
-72.3 -142.2 2519.0 0.8772697449 0.1089655980 -0.4674658775 -0.1041525379 0.9939016104 0.0362191387 0.4685617387 0.0169138052 0.8832688332
-114.6 -528.1 2512.4 0.8730413914 -0.1087631956 -0.4753622413 0.0948856324 0.9940668344 -0.0531779602 0.4783256054 0.0013215148 0.8781815767
-211.0 169.4 2208.5 0 0 0 0 0 0 0 0 0
14.2 -268.8 2427.2 0 0 0 0 0 0 0 0 0
-239.1 -848.2 2499.0 0 0 0 0 0 0 0 0 0
-81.4 -831.5 2512.0 0 0 0 0 0 0 0 0 0
-169.3 442.8 2495.6 3 0.9739336371 -0.0140199568 -0.2263993472 0.0149161099 0.9998862147 0.0022479757 0.2263420671 -0.0055663767 0.9740319848
-166.6 244.4 2496.7 0.9739336371 -0.0140199568 -0.2263993472 0.0149161099 0.9998862147 0.0022479757 0.2263420671 -0.0055663767 0.9740319848
-163.0 50.3 2497.8 0.9738656282 -0.0182832628 -0.2263879627 0.0191293042 0.9998158216 0.0015436995 0.2263180465 -0.0058340002 0.9740359783
-299.6 241.8 2465.8 0.3146778643 -0.8117310405 -0.4920066595 0.9112483859 0.4034471512 -0.0828054920 0.2657144666 -0.4222832322 0.8666445017
-365.1 52.1 2410.5 -0.5656250119 -0.8117310405 -0.1454683840 -0.3629746139 0.4034471512 -0.8399284482 0.7404848337 -0.4222832322 -0.5228375793
-33.5 247.0 2527.6 0.2412603199 0.6377550960 0.7314792275 -0.9688090682 0.2022313178 0.1432181895 -0.0565898754 -0.7432166338 0.6666533351
30.2 -9.1 2512.6 -0.0610361286 0.6377761960 0.7677995563 -0.9484737515 0.2025583088 -0.2436547875 -0.3109214008 -0.7431094646 0.5925505757
-244.3 -144.5 2476.8 0.9990715981 -0.0222699530 -0.0368780792 0.0243559089 0.9980704188 0.0571156777 0.0355349593 -0.0579608530 0.9976862073
-235.6 -532.0 2499.3 0.9993142486 0.0103494395 -0.0355514698 -0.0103472639 0.9999464154 0.0002452096 0.0355521068 0.0001228190 0.9993678331
-70.4 -140.7 2519.6 0.8829548955 0.1125479713 -0.4557670951 -0.1067062691 0.9935400486 0.0386252180 0.4571700692 0.0145288827 0.8892605901
-114.1 -526.4 2513.9 0.8799173832 -0.1023768932 -0.4639659524 0.0894650370 0.9947429299 -0.0498244539 0.4666277170 0.0023326718 0.8844507337
-213.8 149.2 2212.4 0 0 0 0 0 0 0 0 0
13.5 -269.5 2427.3 0 0 0 0 0 0 0 0 0
-238.9 -847.3 2499.2 0 0 0 0 0 0 0 0 0
-82.6 -832.1 2513.2 0 0 0 0 0 0 0 0 0
-168.7 443.8 2495.3 4 0.9764293432 -0.0099788960 -0.2156065553 0.0113798473 0.9999214411 0.0052572852 0.2155371457 -0.0075869369 0.9764661789
-166.7 245.4 2496.8 0.9764293432 -0.0099788960 -0.2156065553 0.0113798473 0.9999214411 0.0052572852 0.2155371457 -0.0075869369 0.9764661789
-164.0 51.3 2498.2 0.9763844013 -0.0139107890 -0.2155922204 0.0151413977 0.9998771548 0.0040574032 0.2155092955 -0.0072259530 0.9764750600
-300.1 243.3 2467.3 0.2986905873 -0.8146788478 -0.4970737696 0.9212709069 0.3820810914 -0.0726218745 0.2490859926 -0.4362481534 0.8646639585
-362.4 51.1 2415.4 -0.5573191643 -0.8146788478 -0.1602927595 -0.3079146147 0.3820810914 -0.8713223338 0.7710927129 -0.4362481534 -0.4637926519
-33.3 247.5 2526.2 0.2311738282 0.6314321756 0.7401703000 -0.9712752104 0.1939000040 0.1379394680 -0.0564195998 -0.7507970333 0.6581190228
27.9 -9.8 2511.3 -0.0447867550 0.6325386167 0.7732328773 -0.9492271543 0.2143136114 -0.2302985936 -0.3113870621 -0.7442879677 0.5908244252
-246.7 -145.5 2478.7 0.9994056821 -0.0232907347 -0.0254127365 0.0245509595 0.9984242916 0.0504602902 0.0241974350 -0.0510542095 0.9984027147
-237.6 -533.1 2498.5 0.9997074008 0.0022329185 -0.0240852833 -0.0023504747 0.9999854565 -0.0048536230 0.0240740962 0.0049088146 0.9996981025
-72.2 -142.0 2519.2 0.8887306452 0.1064163297 -0.4459074438 -0.0987679809 0.9942886233 0.0404353328 0.4476636648 0.0081052575 0.8941652775
-113.5 -528.0 2516.1 0.8845185637 -0.1073867604 -0.4539768398 0.0930702239 0.9942027926 -0.0538394898 0.4571267068 0.0053703003 0.8893853426
-216.7 131.5 2213.8 0 0 0 0 0 0 0 0 0
15.6 -270.4 2425.8 0 0 0 0 0 0 0 0 0
-238.3 -846.6 2497.0 0 0 0 0 0 0 0 0 0
-80.5 -834.2 2514.4 0 0 0 0 0 0 0 0 0
-168.0 444.3 2494.6 5 0.9799525142 -0.0047551598 -0.1991744637 0.0068694344 0.9999271631 0.0099254996 0.1991127580 -0.0110947341 0.9799137712
-167.0 246.0 2496.8 0.9799525142 -0.0047551598 -0.1991744637 0.0068694344 0.9999271631 0.0099254996 0.1991127580 -0.0110947341 0.9799137712
-165.9 51.9 2498.9 0.9799473882 -0.0058482955 -0.1991705596 0.0078354711 0.9999270439 0.0091905175 0.1991022974 -0.0105668185 0.9799217582
-300.9 244.9 2469.6 0.2565247715 -0.8270298243 -0.5002166033 0.9381769896 0.3375076354 -0.0768931583 0.2324198633 -0.4495667219 0.8624794483
-355.7 44.5 2420.0 -0.5433387160 -0.8270298243 -0.1442382783 -0.2747178972 0.3375076354 -0.9003436565 0.7932925820 -0.4495667219 -0.4105808437
-33.2 247.0 2524.0 0.2332954407 0.6201409698 0.7489982247 -0.9712000489 0.1869445890 0.1477233768 -0.0484118499 -0.7618903518 0.6458942890
28.6 -10.3 2511.2 -0.0487015098 0.6213665009 0.7820050120 -0.9520040154 0.2079954743 -0.2245579660 -0.3021863103 -0.7554082274 0.5814136863
-248.8 -144.1 2480.3 0.9994367361 -0.0325270146 -0.0082573500 0.0329216495 0.9980368018 0.0532799065 0.0065081026 -0.0535217449 0.9985454679
-236.1 -531.6 2501.1 0.9999572039 0.0071923719 -0.0058238055 -0.0073122932 0.9997560978 -0.0208389852 0.0056725033 0.0208806787 0.9997658730
-73.8 -141.4 2518.9 0.8958796263 0.1051947400 -0.4316639602 -0.0989853516 0.9944046140 0.0368971564 0.4331300259 0.0096730003 0.9012795687
-114.7 -527.5 2515.1 0.8913918734 -0.1111031696 -0.4394049048 0.0976775736 0.9937989712 -0.0531291813 0.4425829351 0.0044389158 0.8967165947
-217.9 114.2 2218.8 0 0 0 0 0 0 0 0 0
15.3 -271.7 2428.2 0 0 0 0 0 0 0 0 0
-238.4 -847.8 2494.5 0 0 0 0 0 0 0 0 0
-80.4 -834.4 2513.8 0 0 0 0 0 0 0 0 0
-169.2 447.5 2494.8 6 0.9816077352 -0.0060503185 -0.1908130944 0.0081444550 0.9999148846 0.0101924678 0.1907351762 -0.0115590738 0.9815734625
-168.0 248.8 2497.1 0.9816077352 -0.0060503185 -0.1908130944 0.0081444550 0.9999148846 0.0101924678 0.1907351762 -0.0115590738 0.9815734625
-166.1 54.7 2498.9 0.9815852046 -0.0094539234 -0.1907906979 0.0110502960 0.9999122620 0.0073049348 0.1907048970 -0.0092787100 0.9816035628
-302.1 247.3 2471.0 0.2070724666 -0.8383319378 -0.5043020844 0.9527341127 0.2899301648 -0.0907644704 0.2223031372 -0.4616709650 0.8587439656
-346.4 43.5 2423.5 -0.5301498175 -0.8383319378 -0.1270461679 -0.2362166196 0.2899301648 -0.9274384975 0.8143358231 -0.4616709650 -0.3517343700
-33.9 250.3 2523.1 0.2359921634 0.6137627363 0.7533943057 -0.9706039429 0.1866001040 0.1520143300 -0.0472827218 -0.7671216726 0.6397567391
29.9 -12.2 2510.4 -0.0508686341 0.6154307127 0.7865477800 -0.9499246478 0.2133147568 -0.2283419073 -0.3083108664 -0.7587765455 0.5737617612
-252.5 -142.9 2483.1 0.9993582964 -0.0358183160 -0.0001492758 0.0357638374 0.9975904822 0.0594490878 -0.0019804500 -0.0594162755 0.9982313514
-238.6 -530.2 2506.2 0.9999943972 -0.0013412727 0.0030764756 0.0014348438 0.9995301366 -0.0306172185 -0.0030339640 0.0306214597 0.9995264411
-77.0 -141.5 2518.8 0.9008168578 0.0921993107 -0.4242973328 -0.0869767964 0.9957056046 0.0317070372 0.4253986180 0.0083417874 0.9049676657
-112.8 -528.1 2515.6 0.8969881535 -0.1026047841 -0.4299819469 0.0934224874 0.9947200418 -0.0424766019 0.4320699573 -0.0020689727 0.9018377066
-215.7 101.7 2222.9 0 0 0 0 0 0 0 0 0
16.0 -273.1 2425.7 0 0 0 0 0 0 0 0 0
-238.2 -848.0 2496.5 0 0 0 0 0 0 0 0 0
-81.1 -835.2 2516.2 0 0 0 0 0 0 0 0 0
-170.9 449.8 2494.9 7 0.9804216027 -0.0142766126 -0.1963916719 0.0162937902 0.9998297691 0.0086592315 0.1962346137 -0.0116896620 0.9804872870
-168.0 251.3 2497.2 0.9804216027 -0.0142766126 -0.1963916719 0.0162937902 0.9998297691 0.0086592315 0.1962346137 -0.0116896620 0.9804872870
-164.8 57.2 2499.1 0.9803942442 -0.0164492503 -0.1963582188 0.0180733465 0.9998156428 0.0064819590 0.1962153912 -0.0099037252 0.9805108309
-302.0 248.9 2470.4 0.1789578795 -0.8577896357 -0.4818412960 0.9677996039 0.2416009009 -0.0706610084 0.1770255715 -0.4536804557 0.8734048009
-339.6 45.5 2433.2 -0.5017114878 -0.8577896357 -0.1117251515 -0.2017001212 0.2416009009 -0.9491817951 0.8411911726 -0.4536804557 -0.2942302227
-34.1 253.8 2524.0 0.2347317934 0.6176802516 0.7505812049 -0.9708998203 0.1866953373 0.1499944925 -0.0474813692 -0.7639476061 0.6435289979
29.5 -9.1 2511.2 -0.0542513132 0.6191897392 0.7833650708 -0.9498519897 0.2099539638 -0.2317336649 -0.3079577088 -0.7566527724 0.5767483711
-252.2 -140.4 2483.6 0.9993999004 -0.0341216102 -0.0059676818 0.0343957506 0.9979318976 0.0543030947 0.0041024312 -0.0544757694 0.9985066652
-239.0 -527.8 2504.8 0.9999949336 -0.0003167241 -0.0031708435 0.0002306939 0.9996328354 -0.0270953141 0.0031782610 0.0270944443 0.9996278286
-76.4 -138.4 2517.8 0.8986229897 0.0871366933 -0.4299812615 -0.0847498626 0.9960950613 0.0247411970 0.4304580688 0.0142078437 0.9024987221
-110.2 -525.1 2512.3 0.8958397508 -0.0952130780 -0.4340572059 0.0917142853 0.9953615069 -0.0290517639 0.4348099232 -0.0137835229 0.9004167318
-215.4 95.4 2225.1 0 0 0 0 0 0 0 0 0
14.6 -269.9 2426.6 0 0 0 0 0 0 0 0 0
-238.9 -848.0 2496.1 0 0 0 0 0 0 0 0 0
-80.5 -835.5 2516.6 0 0 0 0 0 0 0 0 0
-172.5 448.4 2495.9 8 0.9824124575 -0.0165491309 -0.1859890670 0.0184908975 0.9997910857 0.0087102652 0.1858060658 -0.0119961770 0.9825131893
-169.2 250.0 2498.3 0.9824124575 -0.0165491309 -0.1859890670 0.0184908975 0.9997910857 0.0087102652 0.1858060658 -0.0119961770 0.9825131893
-165.6 55.9 2500.0 0.9823818207 -0.0189195462 -0.1859248281 0.0202177782 0.9997826219 0.0050888476 0.1857881397 -0.0087581789 0.9825507998
-303.5 247.2 2472.9 0.1533241123 -0.8651346564 -0.4775287807 0.9749025106 0.2113691717 -0.0699156374 0.1614212990 -0.4548242390 0.8758299351
-335.8 41.2 2438.8 -0.4909237027 -0.8651346564 -0.1026447564 -0.1712888926 0.2113691717 -0.9622802138 0.8541979194 -0.4548242390 -0.2519541085
-35.0 252.7 2523.7 0.2409288287 0.6086900234 0.7559429407 -0.9692926407 0.1904275566 0.1555926949 -0.0492446385 -0.7702167034 0.6358782649
29.1 -5.3 2510.6 -0.0482835658 0.6099337935 0.7909800410 -0.9518415928 0.2119431496 -0.2215347737 -0.3027643561 -0.7635842562 0.5703269839
-249.5 -138.4 2483.5 0.9994636774 -0.0324718133 0.0042407569 0.0321485549 0.9975752234 0.0617260113 -0.0062348293 -0.0615565702 0.9980841279
-236.9 -525.7 2507.4 0.9999478459 0.0071396320 0.0072989664 -0.0068943873 0.9994285703 -0.0330902152 -0.0075310473 0.0330381691 0.9994257092
-73.8 -135.2 2518.6 0.9018391967 0.1020442769 -0.4198488593 -0.0991314948 0.9946570396 0.0288160574 0.4205461442 0.0156327952 0.9071364403
-113.4 -521.3 2512.6 0.8990641832 -0.1033416912 -0.4254457951 0.0982633680 0.9945817590 -0.0339330770 0.4266473353 -0.0112977233 0.9043475389
-214.8 83.5 2228.2 0 0 0 0 0 0 0 0 0
15.8 -266.7 2427.4 0 0 0 0 0 0 0 0 0
-239.2 -847.2 2496.8 0 0 0 0 0 0 0 0 0
-81.1 -832.7 2516.1 0 0 0 0 0 0 0 0 0
-171.9 446.1 2497.4 9 0.9835495949 -0.0182840563 -0.1797106862 0.0194879211 0.9997978806 0.0049355710 0.1795841157 -0.0083565665 0.9837071300
-168.3 247.8 2499.1 0.9835495949 -0.0182840563 -0.1797106862 0.0194879211 0.9997978806 0.0049355710 0.1795841157 -0.0083565665 0.9837071300
-164.6 53.7 2500.1 0.9835469127 -0.0189756788 -0.1796535552 0.0196308419 0.9998055696 0.0018695175 0.1795831472 -0.0053655086 0.9837281704
-302.6 245.1 2474.6 0.1525210440 -0.8659021258 -0.4763935804 0.9792264700 0.1975740641 -0.0456076004 0.1336147338 -0.4595410526 0.8780484796
-335.5 34.0 2445.8 -0.4914782643 -0.8659021258 -0.0930731595 -0.1651032716 0.1975740641 -0.9662843347 0.8550965190 -0.4595410526 -0.2400666326
-33.9 250.5 2523.6 0.2417658716 0.6029174328 0.7602893114 -0.9686313272 0.1963628083 0.1522991806 -0.0574687123 -0.7732607722 0.6314784884
30.1 -5.8 2508.4 -0.0496565439 0.6037017703 0.7956622243 -0.9528195262 0.2102146000 -0.2189630717 -0.2994482219 -0.7689954638 0.5647802949
-249.9 -140.0 2485.1 0.9991368055 -0.0402214825 0.0103843957 0.0394700579 0.9971341491 0.0645415857 -0.0129505936 -0.0640759990 0.9978609681
-234.3 -527.1 2509.9 0.9998410344 0.0098763555 0.0148433903 -0.0091528278 0.9988031983 -0.0480457693 -0.0153001426 0.0479022749 0.9987348318
-73.9 -136.4 2518.4 0.9047663808 0.1032065898 -0.4132145047 -0.0979411453 0.9946122766 0.0339694992 0.4144940972 0.0097362408 0.9099999070
-114.0 -522.5 2514.6 0.9016656280 -0.1044065505 -0.4196407199 0.0971681550 0.9945170879 -0.0386542752 0.4213756323 -0.0059224842 0.9068668485
-213.1 75.1 2232.7 0 0 0 0 0 0 0 0 0
16.5 -267.5 2426.2 0 0 0 0 0 0 0 0 0
-237.5 -847.7 2494.6 0 0 0 0 0 0 0 0 0
-81.5 -831.9 2516.4 0 0 0 0 0 0 0 0 0
-173.6 447.3 2496.2 0 0.9856147766 -0.0168580133 -0.1681646109 0.0187337454 0.9997786880 0.0095737893 0.1679660082 -0.0125864213 0.9857124090
-170.2 249.0 2498.7 0.9856147766 -0.0168580133 -0.1681646109 0.0187337454 0.9997786880 0.0095737893 0.1679660082 -0.0125864213 0.9857124090
-166.5 54.9 2500.7 0.9855797887 -0.0192072280 -0.1681177020 0.0206729323 0.9997619987 0.0069723115 0.1679437608 -0.0103472546 0.9857422709
-304.9 246.2 2475.8 0.1390518844 -0.8680907488 -0.4765322506 0.9837546945 0.1762621701 -0.0340346843 0.1135398000 -0.4640582502 0.8784979582
-335.8 27.2 2450.5 -0.4914589226 -0.8680907488 -0.0699036419 -0.1735241413 0.1762621701 -0.9689277411 0.8534386158 -0.4640582502 -0.2372603267
-35.6 251.8 2521.6 0.2448615730 0.5911762118 0.7684748173 -0.9673193097 0.2027879059 0.1522183269 -0.0658495352 -0.7806329131 0.6215111017
29.9 -7.0 2504.0 -0.0547854193 0.5907322764 0.8050055504 -0.9585475326 0.1946548969 -0.2080772668 -0.2796162367 -0.7830356956 0.5555806756
-249.0 -142.1 2485.1 0.9993079901 -0.0296769515 0.0224245228 0.0282970630 0.9978253841 0.0595300794 -0.0241424274 -0.0588543341 0.9979745746
-237.5 -529.5 2507.9 0.9996832609 0.0003282685 0.0251649991 0.0005870318 0.9993387461 -0.0363559462 -0.0251602922 0.0363592021 0.9990220070
-72.8 -138.6 2517.3 0.9093215466 0.1044342741 -0.4027751386 -0.0981258973 0.9945106506 0.0363304578 0.4043582976 0.0064866026 0.9145776629
-113.3 -524.7 2514.8 0.9063463211 -0.1040090024 -0.4095344245 0.0964275822 0.9945684075 -0.0391842052 0.4113855064 -0.0039759539 0.9114527702
-213.5 70.4 2238.0 0 0 0 0 0 0 0 0 0
14.9 -270.1 2427.3 0 0 0 0 0 0 0 0 0
-237.6 -849.4 2496.3 0 0 0 0 0 0 0 0 0
-81.1 -833.2 2516.0 0 0 0 0 0 0 0 0 0
-173.1 448.1 2496.6 1 0.9862459898 -0.0132787442 -0.1647499055 0.0156155322 0.9997949004 0.0128967324 0.1645448655 -0.0152920084 0.9862510562
-170.5 249.7 2499.6 0.9862459898 -0.0132787442 -0.1647499055 0.0156155322 0.9997949004 0.0128967324 0.1645448655 -0.0152920084 0.9862510562
-167.2 55.6 2501.7 0.9862078428 -0.0166239366 -0.1646745950 0.0181656387 0.9998040795 0.0078604491 0.1645116508 -0.0107434560 0.9863166213
-305.2 247.2 2477.1 0.1398839504 -0.8639686108 -0.4837259054 0.9859037995 0.1668192446 -0.0128471125 0.0917942896 -0.4751100838 0.8751252294
-336.8 24.4 2456.4 -0.4994385540 -0.8639686108 -0.0641825423 -0.1636255234 0.1668192446 -0.9723157883 0.8507571816 -0.4751100838 -0.2246832699
-35.7 252.2 2522.1 0.2477222681 0.5886097550 0.7695272565 -0.9667357206 0.2023885399 0.1564000249 -0.0636849180 -0.7826732397 0.6191662550
30.5 -6.2 2505.1 -0.0570195764 0.5883969069 0.8065592647 -0.9567086697 0.1987463832 -0.2126227766 -0.2854073048 -0.7837659121 0.5515919328
-251.1 -141.0 2487.7 0.9991832972 -0.0308202263 0.0261313338 0.0292915385 0.9979448318 0.0569917746 -0.0278341305 -0.0561798029 0.9980326295
-239.1 -528.4 2509.5 0.9995780587 -0.0026891523 0.0289220996 0.0037704990 0.9992933273 -0.0373989530 -0.0288010892 0.0374922231 0.9988818169
-74.5 -137.3 2517.8 0.9112010598 0.0975084901 -0.4002558291 -0.0931200385 0.9951891303 0.0304513033 0.4012995064 0.0095245754 0.9158973694
-112.3 -523.7 2514.1 0.9081040621 -0.1032403335 -0.4058183134 0.0973054692 0.9946286082 -0.0352923907 0.4072820842 -0.0074391779 0.9132721424
-212.3 65.2 2244.3 0 0 0 0 0 0 0 0 0
14.8 -268.9 2426.7 0 0 0 0 0 0 0 0 0
-238.2 -849.8 2497.4 0 0 0 0 0 0 0 0 0
-80.0 -834.6 2516.4 0 0 0 0 0 0 0 0 0
-173.5 448.2 2495.3 2 0.9854359627 -0.0121184783 -0.1696145535 0.0152979605 0.9997307062 0.0174510181 0.1693573892 -0.0197916180 0.9853559732
-171.1 249.5 2499.2 0.9854359627 -0.0121184783 -0.1696145535 0.0152979605 0.9997307062 0.0174510181 0.1693573892 -0.0197916180 0.9853559732
-168.0 55.4 2502.0 0.9853947759 -0.0160104129 -0.1695311666 0.0182264578 0.9997674823 0.0115233408 0.1693072468 -0.0144449929 0.9854574800
-305.8 247.0 2476.1 0.1222476885 -0.8697434664 -0.4781232178 0.9898505807 0.1420151442 -0.0052492707 0.0724662542 -0.4726288319 0.8782770634
-333.5 22.6 2459.6 -0.4911265373 -0.8697434664 -0.0483840853 -0.1551845968 0.1420151442 -0.9776243567 0.8571537137 -0.4726288319 -0.2047182024
-36.5 252.0 2522.3 0.2519656122 0.5901896954 0.7669351101 -0.9653885365 0.2084608674 0.1567450315 -0.0673666596 -0.7798847556 0.6222873330
30.8 -5.8 2504.4 -0.0584491976 0.5897368193 0.8054776192 -0.9554622173 0.2007497698 -0.2163133025 -0.2892673612 -0.7822467685 0.5517376065
-252.4 -140.1 2489.1 0.9992141724 -0.0331614465 0.0217116363 0.0321414657 0.9984356165 0.0457525700 -0.0231948923 -0.0450187735 0.9987168312
-239.5 -527.7 2506.5 0.9996997714 -0.0032441597 0.0242871791 0.0040697418 0.9994128346 -0.0340206213 -0.0241625495 0.0341092497 0.9991259575
-75.7 -136.8 2518.5 0.9096431136 0.0913627967 -0.4052187204 -0.0870707631 0.9957783222 0.0290553588 0.4061625898 0.0088526933 0.9137579203
-111.1 -523.4 2515.1 0.9063559175 -0.0999977216 -0.4105111361 0.0921110660 0.9949846268 -0.0390020758 0.4123523831 -0.0024628537 0.9110211134
-210.2 61.5 2244.5 0 0 0 0 0 0 0 0 0
14.7 -268.2 2424.9 0 0 0 0 0 0 0 0 0
-238.4 -851.6 2495.5 0 0 0 0 0 0 0 0 0
-79.9 -833.7 2515.9 0 0 0 0 0 0 0 0 0
-174.5 446.5 2495.6 3 0.9873235226 -0.0138862021 -0.1581120938 0.0169209614 0.9996972680 0.0178636890 0.1578161567 -0.0203126483 0.9872595668
-171.7 248.0 2499.7 0.9873235226 -0.0138862021 -0.1581120938 0.0169209614 0.9996972680 0.0178636890 0.1578161567 -0.0203126483 0.9872595668
-168.4 54.0 2502.7 0.9872913361 -0.0167810135 -0.1580322981 0.0190192703 0.9997389317 0.0126615176 0.1577785760 -0.0155062657 0.9873527884
-306.6 245.4 2478.1 0.1186720207 -0.8660166860 -0.4857283533 0.9901683927 0.1396973282 -0.0071540698 0.0740505010 -0.4801038802 0.8740805387
-333.5 20.6 2461.3 -0.4976845086 -0.8660166860 -0.0482205898 -0.1482274085 0.1396973282 -0.9790369272 0.8545985818 -0.4801038802 -0.1978926063
-36.8 250.6 2521.2 0.2544830739 0.5829077363 0.7716585398 -0.9653872252 0.2002746612 0.1670856029 -0.0571481660 -0.7874697447 0.6136981845
30.6 -5.3 2506.1 -0.0561533161 0.5836364031 0.8100712299 -0.9525025487 0.2119130939 -0.2187046856 -0.2993087173 -0.7838758826 0.5440155268
-253.2 -140.3 2489.7 0.9986218810 -0.0406700484 0.0331698693 0.0389368348 0.9979227781 0.0513234735 -0.0351882949 -0.0499612167 0.9981310964
-237.4 -527.7 2509.0 0.9993096590 0.0032950374 0.0370043293 -0.0015552330 0.9988961816 -0.0469469614 -0.0371181779 0.0468570031 0.9982117414
-76.6 -137.0 2520.0 0.9142372012 0.0914644450 -0.3947209418 -0.0874872208 0.9957691431 0.0281044077 0.3956214786 0.0088389441 0.9183711410
-112.2 -523.6 2516.6 0.9104111791 -0.1029435769 -0.4006921053 0.0903281569 0.9946408272 -0.0503032766 0.4037231207 0.0096028848 0.9148308039
-208.4 57.9 2246.4 0 0 0 0 0 0 0 0 0
15.2 -266.8 2423.9 0 0 0 0 0 0 0 0 0
-238.5 -851.8 2493.8 0 0 0 0 0 0 0 0 0
-80.2 -832.1 2513.6 0 0 0 0 0 0 0 0 0
-173.1 442.7 2496.3 4 0.9887664914 -0.0094620558 -0.1491687149 0.0120144449 0.9997962713 0.0162188951 0.1489848644 -0.0178288780 0.9886787534
-171.3 244.5 2499.8 0.9887664914 -0.0094620558 -0.1491687149 0.0120144449 0.9997962713 0.0162188951 0.1489848644 -0.0178288780 0.9886787534
-169.1 50.4 2502.4 0.9887570143 -0.0110641019 -0.1491211504 0.0129354075 0.9998492002 0.0115848184 0.1489704847 -0.0133835133 0.9887510538
-306.3 242.8 2479.5 0.1122040227 -0.8653972745 -0.4883623421 0.9907141924 0.1354021877 -0.0123157986 0.0767833889 -0.4824455976 0.8725540638
-331.6 19.8 2462.2 -0.4987259209 -0.8653972745 -0.0485793352 -0.1394022703 0.1354021877 -0.9809349179 0.8554761410 -0.4824455976 -0.1881669313
-36.2 246.3 2520.2 0.2542816997 0.5773528814 0.7758894563 -0.9655683637 0.1971303374 0.1697569191 -0.0549417101 -0.7923403978 0.6076002717
30.7 -7.8 2505.7 -0.0590743124 0.5785229802 0.8135240674 -0.9512630105 0.2144672126 -0.2215907723 -0.3026695848 -0.7869656682 0.5376580358
-253.6 -141.8 2491.5 0.9980925918 -0.0449416861 0.0423250273 0.0427741185 0.9977926016 0.0507962964 -0.0445144735 -0.0488889925 0.9978117943
-236.2 -529.2 2510.5 0.9988736510 0.0082435021 0.0467271470 -0.0057993652 0.9986196756 -0.0522028506 -0.0470929816 0.0518730655 0.9975426793
-76.7 -138.4 2519.8 0.9171044827 0.0965160653 -0.3867868483 -0.0947066322 0.9952210784 0.0237829853 0.3872338831 0.0148197981 0.9218624234
-114.2 -524.8 2514.1 0.9127544761 -0.1120327488 -0.3928459585 0.1006204709 0.9936879277 -0.0495965518 0.3959227204 0.0057411278 0.9182658792
-206.2 54.8 2247.1 0 0 0 0 0 0 0 0 0
14.5 -269.0 2422.6 0 0 0 0 0 0 0 0 0
-238.8 -847.4 2494.0 0 0 0 0 0 0 0 0 0
-79.4 -833.2 2512.3 0 0 0 0 0 0 0 0 0
-171.7 442.9 2495.6 5 0.9903982878 -0.0096393488 -0.1379070878 0.0120636672 0.9997868538 0.0167543292 0.1377161890 -0.0182571225 0.9903034568
-169.8 243.5 2499.3 0.9903982878 -0.0096393488 -0.1379070878 0.0120636672 0.9997868538 0.0167543292 0.1377161890 -0.0182571225 0.9903034568
-167.7 49.4 2501.3 0.9903944135 -0.0110899284 -0.1378256977 0.0124351652 0.9998830557 0.0089031802 0.1377108395 -0.0105315456 0.9904164672
-305.1 241.8 2480.5 0.1256059408 -0.8604207039 -0.4938617051 0.9895594120 0.1441243142 0.0005811414 0.0706774518 -0.4887785017 0.8695402741
-333.4 18.9 2464.5 -0.5063928962 -0.8604207039 -0.0569426306 -0.1346453875 0.1441243142 -0.9803564548 0.8517258167 -0.4887785017 -0.1888352036
-34.5 245.2 2518.1 0.2379403114 0.5729789138 0.7842701077 -0.9700506330 0.1807979196 0.1622155011 -0.0488483310 -0.7993792892 0.5988376737
28.3 -10.9 2505.2 -0.0559263155 0.5755856037 0.8158268332 -0.9510962367 0.2179052383 -0.2189366817 -0.3037897646 -0.7881741524 0.5352506638
-255.6 -144.8 2491.7 0.9969730377 -0.0564706102 0.0534400307 0.0536124930 0.9971284270 0.0534850173 -0.0563069023 -0.0504580662 0.9971376657
-233.6 -531.9 2511.3 0.9981631637 0.0133175040 0.0591007508 -0.0102421958 0.9985926747 -0.0520362183 -0.0597105697 0.0513353162 0.9968948364
-78.4 -142.5 2518.4 0.9220782518 0.0853528380 -0.3774740100 -0.0890054032 0.9960006475 0.0077926996 0.3766295016 0.0264117476 0.9259873629
-111.5 -529.1 2508.1 0.9196887612 -0.0999902710 -0.3797032237 0.0999277458 0.9947950840 -0.0199297983 0.3797197044 -0.0196136758 0.9248936176
-205.9 52.8 2250.1 0 0 0 0 0 0 0 0 0
13.0 -272.1 2421.8 0 0 0 0 0 0 0 0 0
-237.8 -844.0 2495.2 0 0 0 0 0 0 0 0 0
-81.0 -833.3 2514.1 0 0 0 0 0 0 0 0 0
-170.1 442.5 2495.3 6 0.9919244051 -0.0043813721 -0.1267546117 0.0065902476 0.9998335838 0.0170122758 0.1266589761 -0.0177102368 0.9917882085
-169.2 243.5 2498.8 0.9919244051 -0.0043813721 -0.1267546117 0.0065902476 0.9998335838 0.0170122758 0.1266589761 -0.0177102368 0.9917882085
-168.3 49.4 2501.1 0.9919261932 -0.0047416310 -0.1267280579 0.0062099323 0.9999180436 0.0111936666 0.1266645938 -0.0118902633 0.9918743372
-304.7 242.7 2481.5 0.1342989653 -0.8524219990 -0.5053122640 0.9874126911 0.1581069827 -0.0042852126 0.0835462064 -0.4983762503 0.8629259467
-335.2 19.1 2462.6 -0.5182208419 -0.8524219990 -0.0694539323 -0.1288640946 0.1581069827 -0.9789771438 0.8454828262 -0.4983762503 -0.1917809099
-33.7 244.4 2516.1 0.2414251715 0.5651434660 0.7888768911 -0.9694823027 0.1761804074 0.1704831570 -0.0426372141 -0.8059611320 0.5904309750
30.4 -13.0 2504.8 -0.0677956566 0.5680152178 0.8202209473 -0.9512052536 0.2112429291 -0.2249110788 -0.3010188043 -0.7954465151 0.5259777308
-254.2 -145.8 2491.0 0.9968998432 -0.0444634557 0.0649127215 0.0409856252 0.9977015853 0.0539601035 -0.0671627820 -0.0511323288 0.9964309335
-237.0 -533.1 2510.9 0.9975999594 0.0051151793 0.0690516457 -0.0018994494 0.9989138842 -0.0465554893 -0.0692147836 0.0463125929 0.9965261817
-76.8 -143.6 2515.7 0.9260818958 0.0919757411 -0.3659409881 -0.0894542187 0.9957045913 0.0238801800 0.3665655255 0.0106199645 0.9303316474
-112.5 -530.1 2511.6 0.9230121374 -0.1050695404 -0.3701472282 0.1024383605 0.9943777323 -0.0268189460 0.3708840311 -0.0131630627 0.9285858870
-205.4 51.4 2250.9 0 0 0 0 0 0 0 0 0
11.8 -274.2 2422.1 0 0 0 0 0 0 0 0 0
-238.6 -846.3 2496.4 0 0 0 0 0 0 0 0 0
-80.6 -831.5 2515.6 0 0 0 0 0 0 0 0 0
-171.4 442.3 2494.6 7 0.9913478494 -0.0115148751 -0.1307547092 0.0141937863 0.9997076392 0.0195746049 0.1304910779 -0.0212611482 0.9912214875
-169.1 243.6 2498.9 0.9913478494 -0.0115148751 -0.1307547092 0.0141937863 0.9997076392 0.0195746049 0.1304910779 -0.0212611482 0.9912214875
-166.9 49.5 2501.9 0.9913582802 -0.0113202166 -0.1306930333 0.0132854115 0.9998112917 0.0141746057 0.1305079013 -0.0157884229 0.9913215637
-304.5 241.8 2481.0 0.1408630610 -0.8497887850 -0.5079533458 0.9858250618 0.1676283032 -0.0070524472 0.0911404416 -0.4997596741 0.8613557220
-336.4 19.2 2460.5 -0.5222492814 -0.8497887850 -0.0715170503 -0.1391078532 0.1676283032 -0.9759865403 0.8413707018 -0.4997596741 -0.2057560533
-33.7 245.4 2516.7 0.2420570999 0.5653259754 0.7885524035 -0.9688972235 0.1839282364 0.1655553281 -0.0514443293 -0.8041000962 0.5922638774
31.2 -14.3 2502.9 -0.0701411813 0.5671897531 0.8205949068 -0.9522280693 0.2070359886 -0.2244945616 -0.2972236872 -0.7971398234 0.5255722404
-256.3 -145.2 2492.1 0.9969407916 -0.0483509116 0.0614100210 0.0457699522 0.9980363250 0.0427622944 -0.0633570254 -0.0398207419 0.9971961379
-237.5 -532.7 2507.6 0.9979014397 0.0019993510 0.0647200644 -0.0001259425 0.9995812178 -0.0289374758 -0.0647508204 0.0288685989 0.9974837899
-78.5 -144.1 2514.8 0.9249179959 0.0900848284 -0.3693392277 -0.0851805061 0.9959257245 0.0296010096 0.3705010414 0.0040819966 0.9288230538
-113.5 -530.7 2513.2 0.9203872085 -0.1117932945 -0.3746860921 0.1046769917 0.9937269688 -0.0393626876 0.3767361641 -0.0029920957 0.9263157845
-205.8 53.9 2250.2 0 0 0 0 0 0 0 0 0
12.0 -275.8 2421.3 0 0 0 0 0 0 0 0 0
-238.1 -848.1 2498.5 0 0 0 0 0 0 0 0 0
-79.6 -832.2 2514.1 0 0 0 0 0 0 0 0 0
-171.7 443.0 2494.8 8 0.9919473529 -0.0145492777 -0.1258126199 0.0171330571 0.9996634722 0.0194790345 0.1254868656 -0.0214777309 0.9918627739
-168.8 244.3 2499.1 0.9919473529 -0.0145492777 -0.1258126199 0.0171330571 0.9996634722 0.0194790345 0.1254868656 -0.0214777309 0.9918627739
-166.0 50.3 2502.5 0.9919558764 -0.0144613693 -0.1257554144 0.0165446084 0.9997423887 0.0155371195 0.1254983395 -0.0174927115 0.9919396043
-304.4 242.1 2481.9 0.1409851909 -0.8511337042 -0.5056625605 0.9849182963 0.1723284870 -0.0154563198 0.1002954543 -0.4958571792 0.8625928760
-336.2 19.5 2459.3 -0.5196244717 -0.8511337042 -0.0745778233 -0.1423795968 0.1723284870 -0.9746953249 0.8424478769 -0.4958571792 -0.2107301801
-33.3 246.6 2516.2 0.2410684675 0.5608274341 0.7920597196 -0.9690528512 0.1837736964 0.1648143083 -0.0531273559 -0.8072792888 0.5877735019
31.5 -13.7 2501.9 -0.0735210329 0.5626716018 0.8234047294 -0.9522297978 0.2057775855 -0.2256413251 -0.2964001894 -0.8006598949 0.5206636786
-253.5 -145.7 2493.3 0.9970087409 -0.0383287817 0.0671152920 0.0366331972 0.9989822507 0.0263152663 -0.0680556148 -0.0237779040 0.9973981380
-238.6 -533.5 2502.5 0.9976306558 -0.0027048190 0.0687440783 0.0039423332 0.9998325109 -0.0178724714 -0.0686842203 0.0181011371 0.9974742532
-75.9 -143.4 2516.7 0.9263643026 0.0924804062 -0.3650980890 -0.0890125409 0.9956817031 0.0263573341 0.3659590185 0.0080818143 0.9305958748
-111.8 -529.9 2513.6 0.9224774837 -0.1083013639 -0.3705483675 0.1000383198 0.9941173792 -0.0415092073 0.3728640676 0.0012222746 0.9278851748
-206.3 55.1 2248.7 0 0 0 0 0 0 0 0 0
11.3 -275.2 2420.5 0 0 0 0 0 0 0 0 0
-237.8 -846.9 2496.9 0 0 0 0 0 0 0 0 0
-78.5 -836.0 2513.2 0 0 0 0 0 0 0 0 0
-171.8 442.8 2494.4 9 0.9920666218 -0.0156816356 -0.1247315481 0.0183063485 0.9996338487 0.0199245773 0.1243734285 -0.0220498871 0.9919904470
-168.7 244.4 2498.8 0.9920666218 -0.0156816356 -0.1247315481 0.0183063485 0.9996338487 0.0199245773 0.1243734285 -0.0220498871 0.9919904470
-165.8 50.3 2502.6 0.9920864105 -0.0146589875 -0.1246982738 0.0170002673 0.9996982217 0.0177321658 0.1244007125 -0.0197117440 0.9920362234
-304.2 242.1 2481.8 0.1502285898 -0.8456710577 -0.5121247768 0.9824292660 0.1857175380 -0.0184857026 0.1107433811 -0.5003493428 0.8587120771
-338.2 19.7 2456.7 -0.5273241997 -0.8456710577 -0.0822777674 -0.1462284625 0.1857175380 -0.9716615677 0.8369865417 -0.5003493428 -0.2215945274
-33.1 246.7 2515.8 0.2394472063 0.5599703193 0.7931571603 -0.9694993496 0.1819117665 0.1642533541 -0.0523076095 -0.8082953095 0.5864491463
31.2 -13.6 2501.7 -0.0723853186 0.5618000627 0.8241001368 -0.9532536268 0.2040731311 -0.2228489816 -0.2933732867 -0.8017074466 0.5207660794
-252.1 -145.3 2494.6 0.9969315529 -0.0385602191 0.0681218281 0.0365879945 0.9988810420 0.0299660992 -0.0692011043 -0.0273817088 0.9972268939
-237.1 -533.0 2505.3 0.9975205660 0.0017655161 0.0703535825 0.0004320634 0.9995127916 -0.0312087592 -0.0703744069 0.0311617777 0.9970337749
-74.3 -142.3 2517.1 0.9261455536 0.0995961130 -0.3637787998 -0.0945153087 0.9950156808 0.0317906551 0.3651318550 0.0049398914 0.9309427142
-113.0 -528.6 2515.2 0.9220743179 -0.1114570871 -0.3706160486 0.1006596535 0.9937421679 -0.0484164655 0.3736931682 0.0073374934 0.9275233746
-206.6 56.2 2247.9 0 0 0 0 0 0 0 0 0
11.3 -275.4 2421.1 0 0 0 0 0 0 0 0 0
-237.7 -847.1 2495.5 0 0 0 0 0 0 0 0 0
-78.6 -835.0 2512.9 0 0 0 0 0 0 0 0 0
-173.3 444.6 2494.7 0 0.9911288023 -0.0187255610 -0.1315791309 0.0212344415 0.9996179938 0.0176901761 0.1311976165 -0.0203272533 0.9911478162
-169.5 245.2 2498.7 0.9911288023 -0.0187255610 -0.1315791309 0.0212344415 0.9996179938 0.0176901761 0.1311976165 -0.0203272533 0.9911478162
-166.3 51.2 2502.8 0.9911686182 -0.0163578298 -0.1315947622 0.0189647451 0.9996474981 0.0185812656 0.1312444210 -0.0209128298 0.9911294580
-304.9 242.7 2480.8 0.1372371614 -0.8530234694 -0.5035046935 0.9847996831 0.1721363962 -0.0232078638 0.1064683348 -0.4926662743 0.8636807203
-335.9 20.7 2456.8 -0.5166113973 -0.8530234694 -0.0739164352 -0.1448175907 0.1721363962 -0.9743700027 0.8438841701 -0.4926662743 -0.2124604285
-34.1 247.8 2516.7 0.2406689078 0.5640152693 0.7899147272 -0.9689679742 0.1868949085 0.1617755443 -0.0563871674 -0.8043364286 0.5914925337
31.0 -14.5 2501.4 -0.0730767995 0.5659251809 0.8212116361 -0.9505504370 0.2096918523 -0.2290920764 -0.3018503487 -0.7973443866 0.5226168036
-251.9 -145.3 2495.3 0.9973310232 -0.0399378762 0.0611206926 0.0380213000 0.9987578392 0.0322058499 -0.0623310022 -0.0297960080 0.9976106882
-236.3 -533.0 2506.8 0.9979601502 0.0045371973 0.0636787266 -0.0022893052 0.9993730783 -0.0353291892 -0.0637990981 0.0351113416 0.9973449111
-74.1 -142.2 2517.6 0.9239296913 0.0947758555 -0.3706364930 -0.0907362178 0.9954709411 0.0283639841 0.3716461062 0.0074238265 0.9283447862
-110.9 -528.7 2514.7 0.9211880565 -0.1004655883 -0.3759244382 0.0941630304 0.9949359894 -0.0351532511 0.3775524199 -0.0030154269 0.9259833097
-207.3 56.8 2246.7 0 0 0 0 0 0 0 0 0
11.0 -275.5 2418.5 0 0 0 0 0 0 0 0 0
-237.8 -849.2 2495.7 0 0 0 0 0 0 0 0 0
-79.9 -835.4 2515.6 0 0 0 0 0 0 0 0 0
-174.3 442.2 2496.8 1 0.9912712574 -0.0213360135 -0.1301003844 0.0228475314 0.9996875525 0.0101364283 0.1298434734 -0.0130204223 0.9914489985
-170.1 242.5 2499.4 0.9912712574 -0.0213360135 -0.1301003844 0.0228475314 0.9996875525 0.0101364283 0.1298434734 -0.0130204223 0.9914489985
-166.8 48.5 2502.4 0.9913487434 -0.0169715658 -0.1301525682 0.0188035239 0.9997404814 0.0128594255 0.1299005449 -0.0151955020 0.9914106131
-305.5 240.0 2481.7 0.1348453611 -0.8558865786 -0.4992744029 0.9851220250 0.1699800938 -0.0253258422 0.1065427586 -0.4884311259 0.8660737276
-335.5 20.5 2457.9 -0.5117679834 -0.8558865786 -0.0745100975 -0.1423057318 0.1699800938 -0.9751183987 0.8472559452 -0.4884311259 -0.2087879330
-34.6 245.1 2517.2 0.2480368465 0.5626626611 0.7885990739 -0.9670475125 0.1920580566 0.1671312004 -0.0574183203 -0.8040674329 0.5917589664
31.3 -12.1 2501.9 -0.0704724714 0.5643019676 0.8225551248 -0.9503917098 0.2124676257 -0.2271851897 -0.3029673994 -0.7977598906 0.5213347673
-252.0 -144.6 2495.1 0.9974029064 -0.0357077755 0.0625493377 0.0340768248 0.9990558028 0.0269504879 -0.0634526163 -0.0247490108 0.9976779222
-238.1 -532.4 2504.7 0.9979139566 -0.0003840831 0.0645565763 0.0024765439 0.9994739890 -0.0323359296 -0.0645101964 0.0324283503 0.9973900318
-74.4 -141.2 2518.6 0.9249892831 0.0897058398 -0.3692529202 -0.0872911364 0.9959108233 0.0232785009 0.3698312044 0.0107001429 0.9290373325
-109.2 -527.8 2514.5 0.9227693677 -0.0946038812 -0.3735597134 0.0896909684 0.9955008626 -0.0305551477 0.3747696280 -0.0053095771 0.9271027446
-207.9 56.0 2246.6 0 0 0 0 0 0 0 0 0
12.0 -273.1 2418.7 0 0 0 0 0 0 0 0 0
-238.0 -847.7 2494.5 0 0 0 0 0 0 0 0 0
-80.2 -832.9 2516.1 0 0 0 0 0 0 0 0 0
-174.1 443.4 2496.4 2 0.9909975529 -0.0190346222 -0.1325197518 0.0212182682 0.9996610284 0.0150851635 0.1321876943 -0.0177612007 0.9910655618
-170.3 243.2 2500.0 0.9909975529 -0.0190346222 -0.1325197518 0.0212182682 0.9996610284 0.0150851635 0.1321876943 -0.0177612007 0.9910655618
-167.3 49.2 2503.2 0.9910604954 -0.0155201387 -0.1325073093 0.0175766889 0.9997423291 0.0143646654 0.1322502196 -0.0165652931 0.9910779595
-305.7 240.8 2481.9 0.1301634610 -0.8584482074 -0.4961090386 0.9852579832 0.1680131704 -0.0322227813 0.1110144332 -0.4846011400 0.8676621318
-334.7 21.1 2457.1 -0.5075118542 -0.8584482074 -0.0741514638 -0.1416555196 0.1680131704 -0.9755538106 0.8499208689 -0.4846011400 -0.2068725973
-34.9 245.6 2518.0 0.2410715073 0.5647770166 0.7892473936 -0.9686349630 0.1905099005 0.1595376730 -0.0602562428 -0.8029526472 0.5929892659
29.8 -14.0 2501.9 -0.0526508465 0.5675406456 0.8216602206 -0.9476262331 0.2311569750 -0.2203882933 -0.3150117993 -0.7902303934 0.5256457329
-252.3 -147.3 2493.7 0.9973839521 -0.0401545092 0.0601073466 0.0383642800 0.9987937212 0.0306477640 -0.0612654872 -0.0282616112 0.9977213144
-236.7 -535.1 2504.7 0.9980552197 0.0032203658 0.0622530468 -0.0016601465 0.9996836185 -0.0250980332 -0.0623141751 0.0249458738 0.9977447987
-74.7 -143.9 2517.0 0.9233946800 0.0999635011 -0.3706069589 -0.0941693783 0.9949840903 0.0337462164 0.3721214235 0.0037387495 0.9281765223
-113.5 -530.2 2515.5 0.9191748500 -0.1125178561 -0.3774352670 0.1026497707 0.9936426282 -0.0462316424 0.3802376390 0.0037513182 0.9248812199
-208.1 56.4 2245.0 0 0 0 0 0 0 0 0 0
15.3 -274.2 2415.4 0 0 0 0 0 0 0 0 0
-237.7 -844.6 2496.9 0 0 0 0 0 0 0 0 0
-79.2 -832.9 2514.4 0 0 0 0 0 0 0 0 0
-174.6 444.1 2495.2 3 0.9864229560 -0.0275803395 -0.1618921608 0.0318393074 0.9992102981 0.0237717852 0.1611086875 -0.0286035687 0.9865220785
-169.1 244.2 2500.9 0.9864229560 -0.0275803395 -0.1618921608 0.0318393074 0.9992102981 0.0237717852 0.1611086875 -0.0286035687 0.9865220785
-164.1 50.2 2505.9 0.9864836335 -0.0258142017 -0.1618137807 0.0295687933 0.9993455410 0.0208376814 0.1611699611 -0.0253406689 0.9866012931
-303.8 240.1 2478.9 0.1443577111 -0.8530271053 -0.5015032887 0.9831134081 0.1812411696 -0.0252912287 0.1124671549 -0.4893836379 0.8647859693
-336.1 20.2 2453.7 -0.5155515075 -0.8530271053 -0.0809405223 -0.1472221315 0.1812411696 -0.9723565578 0.8441162705 -0.4893836379 -0.2190236300
-34.3 248.2 2522.9 0.2404721677 0.5839200616 0.7753776908 -0.9683887959 0.1988897622 0.1505522281 -0.0663042217 -0.7870706916 0.6132890582
29.5 -8.8 2505.3 -0.0539993010 0.5855888724 0.8088076115 -0.9479332566 0.2245301455 -0.2258511186 -0.3138575852 -0.7788914442 0.5429747105
-253.0 -146.5 2494.5 0.9988121986 -0.0377841778 0.0307668634 0.0368792266 0.9988851547 0.0294679310 -0.0318459868 -0.0282982700 0.9990921021
-238.4 -534.3 2505.5 0.9994603992 -0.0003306462 0.0328453295 0.0012119767 0.9996396303 -0.0268164668 -0.0328246243 0.0268418025 0.9991006255
-75.5 -143.3 2518.2 0.9119940996 0.0957773477 -0.3988652229 -0.0916773453 0.9953548908 0.0293915253 0.3998275101 0.0097620077 0.9165384173
-112.6 -529.8 2514.4 0.9081702232 -0.1075950861 -0.4045369625 0.1001642570 0.9941841960 -0.0395591557 0.4064406455 -0.0045936992 0.9136656523
-208.1 56.8 2244.2 0 0 0 0 0 0 0 0 0
14.6 -269.1 2419.1 0 0 0 0 0 0 0 0 0
-238.3 -844.1 2497.2 0 0 0 0 0 0 0 0 0
-79.6 -835.1 2515.9 0 0 0 0 0 0 0 0 0
-173.8 442.8 2494.6 4 0.9862256646 -0.0236583930 -0.1637046188 0.0281980839 0.9992780089 0.0254627019 0.1629840136 -0.0297281276 0.9861807227
-169.1 243.8 2500.5 0.9862256646 -0.0236583930 -0.1637046188 0.0281980839 0.9992780089 0.0254627019 0.1629840136 -0.0297281276 0.9861807227
-164.5 49.8 2505.5 0.9862369299 -0.0238406695 -0.1636105031 0.0277256258 0.9993842840 0.0215025693 0.1629971266 -0.0257428307 0.9862906337
-303.8 240.0 2478.2 0.1427747011 -0.8532907367 -0.5015079975 0.9826092124 0.1829787940 -0.0315894522 0.1187203154 -0.4882762134 0.8645761013
-335.8 19.6 2451.6 -0.5154602528 -0.8532907367 -0.0787124932 -0.1546460986 0.1829787940 -0.9708776474 0.8428435922 -0.4882762134 -0.2262763679
-34.4 247.6 2522.8 0.2429340631 0.5838946104 0.7746289968 -0.9673749804 0.2050100416 0.1488507092 -0.0718935952 -0.7855176330 0.6146489382
