-265.4 528.2 2344.9 0.9756832123 0.0017855486 -0.2191780955 0.0281776153 0.9906475544 0.1335045546 0.2173666209 -0.1364340782 0.9665079117
-265.8 326.2 2372.7 0.9756832123 0.0017855486 -0.2191780955 0.0281776153 0.9906475544 0.1335045546 0.2173666209 -0.1364340782 0.9665079117
-265.5 131.9 2397.2 0.9756833315 -0.0014678161 -0.2191799432 0.0289087147 0.9921036363 0.1220436767 0.2172700763 -0.1254121959 0.9680214524
-404.7 322.0 2341.7 0.6357128024 -0.5606603026 -0.5305933356 0.7042909861 0.1399060339 0.6959888339 -0.3159801066 -0.8161411285 0.4838080704
-564.9 144.7 2421.3 -0.4275875986 -0.5606603026 -0.7091042399 0.7951306105 0.1399060339 -0.5900793076 0.4300420284 -0.8161411285 0.3859760761
-126.8 330.3 2403.6 -0.0078390101 0.9283285737 0.3716780543 -0.9804223180 0.0659971163 -0.1855168641 -0.1967502832 -0.3658557236 0.9096366763
-128.5 112.9 2360.0 -0.3711288571 0.9283285737 -0.0216654800 0.2218745053 0.0659971163 -0.9728391767 -0.9016845822 -0.3658557236 -0.2304658890
-356.0 -65.9 2399.9 0.9568278193 0.1580703855 -0.2439146042 -0.1694127470 0.9851993322 -0.0261074640 0.2361776829 0.0663025901 0.9694452286
-417.9 -451.8 2374.0 0.9612086415 0.0729276091 -0.2660066485 -0.1246139631 0.9751958847 -0.1829326898 0.2460677475 0.2089846134 0.9464544654
-179.1 -62.2 2436.5 -0.7598028779 -0.0125780469 0.6500318050 -0.0421158820 0.9986650944 -0.0299039427 -0.6487879753 -0.0500977673 -0.7593183517
-174.2 -453.4 2456.1 -0.7709277272 -0.0871476904 0.6309324503 0.0472373888 0.9800438285 0.1930874884 -0.6351685524 0.1786601096 -0.7514262795
-450.2 -68.5 2306.0 0 0 0 0 0 0 0 0 0
-221.1 168.2 2135.0 0 0 0 0 0 0 0 0 0
-441.1 -762.2 2307.4 0 0 0 0 0 0 0 0 0
-147.3 -755.7 2401.0 0 0 0 0 0 0 0 0 0
-265.9 524.8 2341.1 0.9810963869 0.0030700939 -0.1934953332 0.0251411013 0.9893782735 0.1431731135 0.1918796301 -0.1453313082 0.9705982804
-266.5 324.1 2370.5 0.9810963869 0.0030700939 -0.1934953332 0.0251411013 0.9893782735 0.1431731135 0.1918796301 -0.1453313082 0.9705982804
-266.7 130.0 2396.6 0.9810956717 0.0010076838 -0.1935206205 0.0248003658 0.9910864234 0.1308916509 0.1919275522 -0.1332166195 0.9723256230
-406.2 320.5 2343.2 0.6271010637 -0.5563161969 -0.5452123880 0.7142319083 0.1313595921 0.6874718070 -0.3108328283 -0.8205223680 0.4797145128
-562.6 142.5 2420.7 -0.4462399185 -0.5563161969 -0.7009866238 0.7857428789 0.1313595921 -0.6044442058 0.4283434153 -0.8205223680 0.3785035908
-126.8 327.6 2397.9 -0.0066611655 0.9299778938 0.3675551713 -0.9873970151 0.0520044714 -0.1494747698 -0.1581227332 -0.3639185429 0.9179109335
-128.2 116.1 2364.0 -0.3661198318 0.9299778938 -0.0331277624 0.2202323824 0.0520044714 -0.9740601778 -0.9041315913 -0.3639185429 -0.2238511145
-353.4 -65.0 2402.2 0.9604834318 0.1677328795 -0.2221198231 -0.1798095107 0.9830727577 -0.0351631604 0.2124619335 0.0737128928 0.9743850827
-419.1 -450.1 2373.3 0.9671346545 0.0673055127 -0.2451948225 -0.1149107590 0.9759293199 -0.1853577644 0.2268172055 0.2074414343 0.9515892267
-177.1 -59.8 2441.4 -0.7765204906 -0.0055704126 0.6300673485 -0.0335159600 0.9989104271 -0.0324750766 -0.6291999221 -0.0463348739 -0.7758611441
-174.9 -451.0 2459.6 -0.7865747213 -0.0897068232 0.6109442115 0.0471343920 0.9777823091 0.2042550743 -0.6156935096 0.1894583702 -0.7648705840
-443.0 -68.2 2305.9 0 0 0 0 0 0 0 0 0
-219.6 171.1 2138.2 0 0 0 0 0 0 0 0 0
-440.7 -763.1 2306.8 0 0 0 0 0 0 0 0 0
-147.0 -755.4 2400.6 0 0 0 0 0 0 0 0 0
-264.7 524.1 2346.2 0.9829453230 0.0039818967 -0.1838549674 0.0201796200 0.9913926125 0.1293578595 0.1827875376 -0.1308618337 0.9744043946
-265.5 322.9 2372.7 0.9829453230 0.0039818967 -0.1838549674 0.0201796200 0.9913926125 0.1293578595 0.1827875376 -0.1308618337 0.9744043946
-266.1 128.6 2397.0 0.9829441905 0.0029815154 -0.1838798970 0.0198604297 0.9922999740 0.1222550794 0.1828285307 -0.1238218546 0.9753162861
-405.6 320.1 2346.7 0.6309489608 -0.5443548560 -0.5527939200 0.7162318230 0.1348409355 0.6847115755 -0.2981868386 -0.8279466629 0.4749620259
-562.8 141.6 2421.0 -0.4671032131 -0.5443548560 -0.6967728138 0.7710983157 0.1348409355 -0.6222743392 0.4326915741 -0.8279466629 0.3567664921
-125.5 325.8 2398.8 -0.0044427249 0.9334365129 0.3587150872 -0.9863295555 0.0550000668 -0.1553351432 -0.1647248566 -0.3545014262 0.9204316735
-126.4 116.2 2363.8 -0.3574570119 0.9334365129 -0.0303437598 0.2261791974 0.0550000668 -0.9725317359 -0.9061277509 -0.3545014262 -0.2307840884
-355.5 -66.4 2405.4 0.9631357193 0.1642843485 -0.2130263746 -0.1774038225 0.9831597209 -0.0438734815 0.2022312135 0.0800478086 0.9760609269
-419.9 -451.5 2374.1 0.9698652625 0.0631391928 -0.2353185564 -0.1099103540 0.9753597975 -0.1912930459 0.2174421549 0.2113924176 0.9529072046
-178.3 -61.9 2440.1 -0.7824742198 -0.0087598767 0.6226213574 -0.0376768112 0.9987350106 -0.0332984701 -0.6215420961 -0.0495135821 -0.7818144560
-174.8 -453.1 2459.5 -0.7929829359 -0.0887061432 0.6027514338 0.0462176129 0.9777338505 0.2046959549 -0.6074882746 0.1901781410 -0.7712264657
-437.6 -65.1 2305.0 0 0 0 0 0 0 0 0 0
-216.3 173.1 2135.9 0 0 0 0 0 0 0 0 0
-440.0 -762.2 2306.7 0 0 0 0 0 0 0 0 0
-147.3 -756.4 2400.5 0 0 0 0 0 0 0 0 0
-264.5 524.5 2342.2 0.9833803177 0.0056751645 -0.1814689189 0.0201317072 0.9899393916 0.1400525868 0.1804380566 -0.1413782388 0.9733726382
-265.7 322.8 2371.0 0.9833803177 0.0056751645 -0.1814689189 0.0201317072 0.9899393916 0.1400525868 0.1804380566 -0.1413782388 0.9733726382
-266.4 128.6 2396.6 0.9833817482 0.0033448860 -0.1815191060 0.0204447024 0.9914301038 0.1290286630 0.1803950965 -0.1305955350 0.9748858213
-405.8 319.9 2345.3 0.6342474818 -0.5497086048 -0.5436456203 0.7095239162 0.1345536858 0.6917160749 -0.3070927560 -0.8244487643 0.4753717482
-563.7 143.2 2421.8 -0.4708365202 -0.5497086048 -0.6900241971 0.7653315663 0.1345536858 -0.6294147372 0.4388400018 -0.8244487643 0.3573565781
-125.6 325.7 2396.7 0.0202467870 0.9234329462 0.3832252920 -0.9860818982 0.0817107260 -0.1447957456 -0.1650227755 -0.3749598861 0.9122349620
-121.2 115.6 2361.6 -0.3835091591 0.9234329462 -0.0138662644 0.2317945212 0.0817107260 -0.9693269134 -0.8939753771 -0.3749598861 -0.2453835160
-355.5 -67.5 2404.7 0.9636517763 0.1621777415 -0.2123055160 -0.1756903380 0.9833570123 -0.0462808572 0.2012663931 0.0818986595 0.9761067629
-419.1 -452.7 2372.6 0.9699426889 0.0698844641 -0.2330822349 -0.1147106141 0.9760777354 -0.1846989840 0.2145988047 0.2058844417 0.9547559619
-177.9 -63.9 2437.8 -0.7839832902 -0.0074240658 0.6207375526 -0.0370836183 0.9987028241 -0.0348915569 -0.6196733117 -0.0503735915 -0.7832416296
-175.0 -455.2 2457.5 -0.7938084602 -0.0923812985 0.6011105180 0.0406074785 0.9781388044 0.2039496899 -0.6068106294 0.1863065660 -0.7727035284
-437.5 -61.9 2304.1 0 0 0 0 0 0 0 0 0
-216.6 173.3 2139.3 0 0 0 0 0 0 0 0 0
-441.1 -760.7 2307.7 0 0 0 0 0 0 0 0 0
-146.5 -756.3 2400.1 0 0 0 0 0 0 0 0 0
-265.3 526.3 2340.8 0.9848061800 0.0046676085 -0.1735943556 0.0208791215 0.9892046452 0.1450456679 0.1723973453 -0.1464663744 0.9740774035
-266.2 325.2 2370.5 0.9848061800 0.0046676085 -0.1735943556 0.0208791215 0.9892046452 0.1450456679 0.1723973453 -0.1464663744 0.9740774035
-266.8 131.1 2396.6 0.9848039150 0.0028528166 -0.1736465096 0.0202821828 0.9911338687 0.1313098520 0.1724815369 -0.1328363866 0.9760146737
-406.6 322.3 2346.0 0.6351344585 -0.5758013129 -0.5148369670 0.6967506409 0.1394103169 0.7036357522 -0.3333808184 -0.8056162596 0.4897342324
-565.8 147.7 2429.5 -0.4511063993 -0.5758013129 -0.6818767190 0.7676225901 0.1394103169 -0.6255560517 0.4552566409 -0.8056162596 0.3791092038
-125.9 328.1 2395.1 0.0367414840 0.9180681109 0.3947164118 -0.9887377024 0.0907386690 -0.1190135181 -0.1450785547 -0.3858982623 0.9110624194
-118.0 116.1 2364.0 -0.3963150680 0.9180681109 -0.0092376675 0.2327668816 0.0907386690 -0.9682902694 -0.8881182075 -0.3858982623 -0.2496569455
-355.9 -67.4 2405.9 0.9657304287 0.1580501795 -0.2058758587 -0.1721333265 0.9836854935 -0.0522777513 0.1942545772 0.0859243125 0.9771807194
-417.8 -452.8 2372.2 0.9716855884 0.0697651505 -0.2257431298 -0.1136600077 0.9756235480 -0.1877233982 0.2071437687 0.2080660760 0.9559288621
-178.1 -63.7 2438.5 -0.7889683843 -0.0091455253 0.6143657565 -0.0337691344 0.9990233779 -0.0284947287 -0.6135051250 -0.0432280377 -0.7885066867
-174.5 -455.1 2455.4 -0.7977076769 -0.0891589597 0.5964169502 0.0385142341 0.9794586301 0.1979330331 -0.6018131971 0.1808632314 -0.7778877616
-444.8 -58.1 2307.5 0 0 0 0 0 0 0 0 0
-216.9 174.1 2142.4 0 0 0 0 0 0 0 0 0
-439.9 -761.7 2306.3 0 0 0 0 0 0 0 0 0
-147.2 -755.8 2399.9 0 0 0 0 0 0 0 0 0
-264.1 523.2 2339.0 0.9849441051 0.0039915578 -0.1728268862 0.0224265810 0.9883348942 0.1506358534 0.1714121103 -0.1522438228 0.9733651280
-264.9 323.2 2369.8 0.9849441051 0.0039915578 -0.1728268862 0.0224265810 0.9883348942 0.1506358534 0.1714121103 -0.1522438228 0.9733651280
-265.5 129.3 2397.3 0.9849395752 0.0031614965 -0.1728701591 0.0211593322 0.9901133776 0.1386642009 0.1715994477 -0.1402336806 0.9751349092
-405.3 320.2 2345.4 0.6419537663 -0.5884314179 -0.4915727973 0.6827682257 0.1469800770 0.7156985402 -0.3488881290 -0.7950756550 0.4961166978
-566.3 148.9 2432.9 -0.4322679937 -0.5884314179 -0.6832955480 0.7738233209 0.1469800770 -0.6161122322 0.4629706442 -0.7950756550 0.3918071985
-124.5 326.2 2394.3 0.0373399481 0.9189704061 0.3925545514 -0.9873374104 0.0945345685 -0.1273895353 -0.1541771889 -0.3828270733 0.9108637571
-116.6 116.4 2361.5 -0.3942769766 0.9189704061 -0.0062463912 0.2356621176 0.0945345685 -0.9672262073 -0.8882617950 -0.3828270733 -0.2538393140
-356.4 -64.9 2407.0 0.9665436745 0.1541264653 -0.2050326616 -0.1664161384 0.9850731492 -0.0440057479 0.1951897293 0.0766542181 0.9777653813
-416.7 -450.8 2377.0 0.9713395238 0.0706453621 -0.2269553542 -0.1175360382 0.9726642370 -0.2002736479 0.2066029608 0.2212091535 0.9530906081
-178.3 -61.2 2438.2 -0.7894102931 -0.0096873436 0.6137894988 -0.0408032797 0.9984922409 -0.0367190875 -0.6125083566 -0.0540310517 -0.7886153460
-174.6 -452.3 2459.3 -0.8000602722 -0.0839938447 0.5940105915 0.0464651845 0.9785001278 0.2009441257 -0.5981174707 0.1883682311 -0.7789562941
-450.5 -58.5 2308.8 0 0 0 0 0 0 0 0 0
-214.8 175.0 2140.4 0 0 0 0 0 0 0 0 0
-439.3 -760.9 2306.4 0 0 0 0 0 0 0 0 0
-148.6 -754.9 2401.1 0 0 0 0 0 0 0 0 0
-262.9 524.6 2331.6 0.9894385934 0.0098920669 -0.1446145922 0.0146795493 0.9857013822 0.1678609252 0.1442072839 -0.1682109535 0.9751458168
-264.9 324.3 2365.8 0.9894385934 0.0098920669 -0.1446145922 0.0146795493 0.9857013822 0.1678609252 0.1442072839 -0.1682109535 0.9751458168
-267.0 130.8 2395.7 0.9894018173 0.0111008668 -0.1447784901 0.0112197911 0.9882476926 0.1524486542 0.1447693259 -0.1524573714 0.9776495099
-405.9 322.7 2345.2 0.6330560446 -0.5822198987 -0.5101568103 0.6982338428 0.1449235827 0.7010468245 -0.3342296779 -0.8000106812 0.4982704222
-564.2 148.1 2428.8 -0.4131871164 -0.5822198987 -0.7002116442 0.7947009206 0.1449235827 -0.5894469023 0.4446648955 -0.8000106812 0.4028101563
-124.0 325.9 2386.5 0.0511831492 0.9147599936 0.4007424116 -0.9898223877 0.0998180136 -0.1014299914 -0.1327854097 -0.3914723098 0.9105588794
-113.0 114.7 2358.1 -0.4038154483 0.9147599936 -0.0121361138 0.2550216317 0.0998180136 -0.9617694020 -0.8785767555 -0.3914723098 -0.2735916376
-355.2 -66.6 2409.2 0.9691160321 0.1655441970 -0.1827817857 -0.1776679456 0.9827176929 -0.0519616418 0.1710209548 0.0828313306 0.9817793965
-420.0 -451.5 2376.8 0.9765146375 0.0621280149 -0.2062989026 -0.1050476283 0.9732912183 -0.2041304857 0.1881066710 0.2210076302 0.9569594860
-177.1 -62.7 2440.3 -0.8061308861 -0.0052931071 0.5917136073 -0.0317501053 0.9989064336 -0.0343196802 -0.5908848643 -0.0464531220 -0.8054173589
-175.0 -454.0 2458.5 -0.8143563867 -0.0906661972 0.5732393265 0.0360036343 0.9779270887 0.2058210522 -0.5792472959 0.1882503778 -0.7931168675
-453.4 -64.8 2309.6 0 0 0 0 0 0 0 0 0
-213.3 178.0 2140.0 0 0 0 0 0 0 0 0 0
-439.8 -761.6 2306.4 0 0 0 0 0 0 0 0 0
-147.0 -756.9 2400.2 0 0 0 0 0 0 0 0 0
-263.3 525.2 2334.5 0.9887369871 0.0048619434 -0.1495843530 0.0195003971 0.9867668748 0.1609685123 0.1483875066 -0.1620724797 0.9755581021
-264.3 325.0 2367.3 0.9887369871 0.0048619434 -0.1495843530 0.0195003971 0.9867668748 0.1609685123 0.1483875066 -0.1620724797 0.9755581021
-265.5 131.3 2396.1 0.9887156487 0.0063585709 -0.1496694982 0.0157357957 0.9891632199 0.1459742486 0.1489757448 -0.1466821879 0.9779011011
-405.1 322.8 2346.1 0.6315009594 -0.6053876877 -0.4844711423 0.6887907982 0.1510783881 0.7090433836 -0.3560529947 -0.7814608812 0.5123916268
-565.6 147.8 2436.6 -0.3979956806 -0.6053876877 -0.6892787218 0.7927998900 0.1510783881 -0.5904605985 0.4615926743 -0.7814608812 0.4198227227
-123.4 327.2 2388.6 0.0525427312 0.9123972654 0.4059192836 -0.9873723388 0.1082978249 -0.1156175658 -0.1494493186 -0.3947186172 0.9065660834
-112.1 114.5 2356.4 -0.4091375768 0.9123972654 -0.0117328605 0.2689548135 0.1082978249 -0.9570448995 -0.8719344735 -0.3947186172 -0.2897023261
-358.6 -63.8 2412.5 0.9700601101 0.1536475867 -0.1880845428 -0.1689464301 0.9832687974 -0.0681146383 0.1744720191 0.0978515074 0.9797880650
-418.8 -448.9 2374.2 0.9761407971 0.0663849637 -0.2067416906 -0.1080856249 0.9743316174 -0.1974726170 0.1883257478 0.2151068896 0.9582601190
-179.8 -61.8 2438.7 -0.8034253120 -0.0102936346 0.5953165889 -0.0381498151 0.9986860156 -0.0342177898 -0.5941820741 -0.0502026565 -0.8027623296
-175.8 -453.0 2458.3 -0.8126889467 -0.0972627625 0.5745229721 0.0332031064 0.9766390920 0.2123055458 -0.5817509890 0.1916143149 -0.7904743552
-458.9 -64.7 2312.9 0 0 0 0 0 0 0 0 0
-213.3 181.1 2140.6 0 0 0 0 0 0 0 0 0
-440.0 -760.7 2305.3 0 0 0 0 0 0 0 0 0
-145.4 -758.0 2398.5 0 0 0 0 0 0 0 0 0
-262.2 526.5 2336.4 0.9845171571 0.0080072321 -0.1751054227 0.0201800000 0.9871366024 0.1586003900 0.1741229147 -0.1596784145 0.9716913104
-263.8 326.0 2368.8 0.9845171571 0.0080072321 -0.1751054227 0.0201800000 0.9871366024 0.1586003900 0.1741229147 -0.1596784145 0.9716913104
-265.6 132.1 2396.9 0.9844813347 0.0092833601 -0.1752437651 0.0160845574 0.9896231890 0.1427838206 0.1747508049 -0.1433867067 0.9741162062
-404.1 323.7 2343.9 0.5973119140 -0.5945635438 -0.5382496715 0.7414114475 0.1534404606 0.6532726288 -0.3058227897 -0.7892719507 0.5324680209
-557.2 133.7 2422.3 -0.3931909502 -0.5945635438 -0.7013522983 0.8007602692 0.1534404606 -0.5789983273 0.4518671036 -0.7892719507 0.4157714546
-123.6 328.2 2393.7 0.0528360344 0.9092183709 0.4129531085 -0.9813597202 0.1237926334 -0.1469982564 -0.1847740710 -0.3974887431 0.8988110423
-112.0 113.4 2353.3 -0.4159641564 0.9092183709 -0.0171973091 0.3095649481 0.1237926334 -0.9427857399 -0.8550692201 -0.3974887431 -0.3329554498
-356.1 -63.9 2411.4 0.9639924169 0.1621256471 -0.2107933611 -0.1771428436 0.9826861620 -0.0542983525 0.1983405650 0.0896837413 0.9760214090
-419.6 -448.7 2376.2 0.9706656337 0.0609184057 -0.2325879335 -0.1090428755 0.9737001061 -0.2000444084 0.2142845094 0.2195383012 0.9517799616
-177.4 -61.0 2438.3 -0.7876006961 -0.0073089516 0.6161426306 -0.0400782675 0.9984199405 -0.0393874235 -0.6148811579 -0.0557154901 -0.7866491675
-174.5 -452.1 2460.1 -0.7986425161 -0.0920281410 0.5947276354 0.0450752825 0.9763152599 0.2116052657 -0.6001152992 0.1958044767 -0.7755786180
-451.8 -81.0 2301.2 0 0 0 0 0 0 0 0 0
-215.3 190.3 2140.9 0 0 0 0 0 0 0 0 0
-439.1 -761.6 2305.7 0 0 0 0 0 0 0 0 0
-145.6 -758.4 2398.7 0 0 0 0 0 0 0 0 0
-261.8 524.9 2337.3  0.9853213429 0.0102401162 -0.1704024374 0.0162521321 0.9880383015 0.1533499211 0.1699344516 -0.1538683623 0.9733688235
-263.9 324.6 2368.5 0.9853213429 0.0102401162 -0.1704024374 0.0162521321 0.9880383015 0.1533499211 0.1699344516 -0.1538683623 0.9733688235
-266.3 130.7 2395.7 0.9852730036 0.0120469164 -0.1705637723 0.0119602932 0.9902161956 0.1390283853 0.1705698669 -0.1390209049 0.9754891396
-404.3 322.9 2344.2 0.5727701187 -0.5781846642 -0.5810652971 0.7727524638 0.1443648338 0.6180715561 -0.2734740973 -0.8030325770 0.5294814706
-550.2 126.1 2413.9 -0.4032389820 -0.5781846642 -0.7092959881 0.8050587177 0.1443648338 -0.5753600597 0.4350617826 -0.8030325770 0.4072591066
-123.5 326.3 2392.8 0.0559239574 0.9066926241 0.4180682003 -0.9828932881 0.1235876307 -0.1365535855 -0.1754801869 -0.4032798111 0.8980935812
-111.4 112.9 2354.7 -0.4208124280 0.9066926241 -0.0287299342 0.3301739693 0.1235876307 -0.9357944727 -0.8449272513 -0.4032798111 -0.3513735235
-356.4 -63.1 2409.2 0.9654113054 0.1610331982 -0.2050591856 -0.1741728634 0.9835636616 -0.0476060472 0.1940226108 0.0816751644 0.9775910974
-419.5 -448.4 2377.2 0.9715598226 0.0626385808 -0.2283592671 -0.1110373214 0.9722926617 -0.2057125419 0.2091464996 0.2252184302 0.9515957236
-178.5 -60.2 2440.8 -0.7904010415 -0.0095400829 0.6125154495 -0.0301695038 0.9992716312 -0.0233673658 -0.6118463874 -0.0369488783 -0.7901131511
-174.8 -451.6 2455.2 -0.7981693149 -0.0924037099 0.5953043699 0.0340836979 0.9796573520 0.1977619082 -0.6014682651 0.1781376600 -0.7787829638
-442.1 -89.7 2297.2 0 0 0 0 0 0 0 0 0
-217.0 195.7 2142.6 0 0 0 0 0 0 0 0 0
-439.7 -762.5 2304.4 0 0 0 0 0 0 0 0 0
-145.8 -758.1 2399.5 0 0 0 0 0 0 0 0 0
-261.3 527.0 2338.3  0.9814996719 0.0107987616 -0.1911589056 0.0184992794 0.9883882999 0.1508190632 0.1905678809 -0.1515651643 0.9699030519
-263.5 326.5 2369.1 0.9814996719 0.0107987616 -0.1911589056 0.0184992794 0.9883882999 0.1508190632 0.1905678809 -0.1515651643 0.9699030519
-265.9 132.5 2396.2 0.9814529419 0.0123898257 -0.1913025230 0.0145076495 0.9902472496 0.1385636032 0.1911535859 -0.1387690008 0.9717013240
-403.3 324.4 2341.8 0.5513255000 -0.5979410410 -0.5818132758 0.7858214378 0.1379470676 0.6028724909 -0.2802227736 -0.7895803452 0.5459286571
-546.1 120.9 2414.4 -0.4111902714 -0.5979410410 -0.6880327463 0.7927891016 0.1379470676 -0.5936801434 0.4498978257 -0.7895803452 0.4173186421
-123.7 328.6 2396.3 0.0570593067 0.9074664712 0.4162316918 -0.9799446464 0.1306357682 -0.1504753679 -0.1909260899 -0.3992979825 0.8967208862
-111.0 111.8 2354.1 -0.4192933440 0.9074664712 -0.0264135040 0.3413682878 0.1306357682 -0.9308071733 -0.8412257433 -0.3992979825 -0.3645550013
-357.7 -64.3 2407.5 0.9622260332 0.1547869891 -0.2239687592 -0.1676363498 0.9850603342 -0.0394230895 0.2145205587 0.0754792318 0.9737986326
-418.3 -450.2 2378.0 0.9667800069 0.0674063936 -0.2465619594 -0.1194001138 0.9719872475 -0.2024459988 0.2260089368 0.2251602709 0.9477461576
-179.6 -62.2 2438.4 -0.7772524953 -0.0223387554 0.6287921071 -0.0374722481 0.9992390871 -0.0108201774 -0.6280719638 -0.0319722667 -0.7774981856
-170.8 -453.5 2450.9 -0.7857115269 -0.0781278536 0.6136394739 0.0391738303 0.9837167859 0.1754043102 -0.6173514128 0.1618558019 -0.7698570490
-435.9 -91.6 2293.8 0 0 0 0 0 0 0 0 0
-217.5 198.5 2140.4 0 0 0 0 0 0 0 0 0
-440.0 -763.8 2305.3 0 0 0 0 0 0 0 0 0
-146.7 -757.5 2400.9 0 0 0 0 0 0 0 0 0
-261.4 526.4 2338.3  0.9822584987 0.0081175342 -0.1873563379 0.0210924111 0.9879412055 0.1533860266 0.1863421649 -0.1546165347 0.9702423811
-263.0 326.0 2369.7 0.9822584987 0.0081175342 -0.1873563379 0.0210924111 0.9879412055 0.1533860266 0.1863421649 -0.1546165347 0.9702423811
-265.1 132.2 2397.6 0.9822144508 0.0105752731 -0.1874645650 0.0164334849 0.9897394180 0.1419360042 0.1870420724 -0.1424922794 0.9719625711
-403.0 323.7 2343.0 0.5508977771 -0.5823699832 -0.5977932811 0.7918383479 0.1384659111 0.5948269963 -0.2636354268 -0.8010445237 0.5374234915
-545.9 118.2 2411.4 -0.4258132875 -0.5823699832 -0.6924797893 0.7874314189 0.1384659111 -0.6006488204 0.4456847012 -0.8010445237 0.3996158242
-123.1 328.3 2396.3 0.0590328462 0.9078723192 0.4150697887 -0.9806496501 0.1304883063 -0.1459421664 -0.1866586208 -0.3984226584 0.8980077505
-110.1 112.1 2355.2 -0.4181773663 0.9078723192 -0.0299250819 0.3496825397 0.1304883063 -0.9277364612 -0.8383613825 -0.3984226584 -0.3720343411
-357.0 -62.7 2406.1 0.9625856876 0.1576139033 -0.2204239070 -0.1702440530 0.9846137762 -0.0394044295 0.2108217329 0.0754560009 0.9746079445
-418.8 -448.4 2376.6 0.9677491188 0.0671442226 -0.2428029776 -0.1168309599 0.9735307097 -0.1964395195 0.2231863737 0.2184710801 0.9499779940
-179.6 -60.1 2440.7 -0.7799052596 -0.0174020398 0.6256555915 -0.0351756737 0.9992522001 -0.0160546247 -0.6249083281 -0.0345289446 -0.7799341679
-172.8 -451.5 2454.2 -0.7884947658 -0.0812096074 0.6096565127 0.0405438691 0.9822252989 0.1832749397 -0.6137037277 0.1692291647 -0.7711868882
-431.8 -92.9 2291.9 0 0 0 0 0 0 0 0 0
-216.2 200.9 2142.4 0 0 0 0 0 0 0 0 0
-440.5 -763.2 2305.9 0 0 0 0 0 0 0 0 0
-147.8 -754.0 2402.1 0 0 0 0 0 0 0 0 0
-260.9 526.2 2337.8  0.9786236286 0.0008677733 -0.2056574970 0.0318132080 0.9873157144 0.1555495113 0.2031838596 -0.1587670445 0.9661828876
-261.1 325.9 2370.0 0.9786236286 0.0008677733 -0.2056574970 0.0318132080 0.9873157144 0.1555495113 0.2031838596 -0.1587670445 0.9661828876
-261.6 132.1 2398.5 0.9786151648 0.0028083504 -0.2056806386 0.0272383075 0.9893324375 0.1431063712 0.2038884163 -0.1456484646 0.9680991769
-400.5 322.0 2341.0 0.5548575521 -0.5779424906 -0.5984275937 0.7889770865 0.1373653561 0.5988705158 -0.2639094889 -0.8044334650 0.5322015882
-545.9 115.3 2410.1 -0.4357512891 -0.5779424906 -0.6900023818 0.7815026045 0.1373653561 -0.6085921526 0.4465136826 -0.8044334650 0.3918064237
-121.6 329.7 2399.1 0.0568351708 0.9070196152 0.4172351062 -0.9782238603 0.1341495365 -0.1583729386 -0.1996192634 -0.3991481960 0.8948926330
-108.9 110.9 2354.4 -0.4197344482 0.9070196152 -0.0337397084 0.3639778197 0.1341495365 -0.9216963053 -0.8314704895 -0.3991481960 -0.3864422143
-355.9 -63.2 2408.6 0.9581443071 0.1592298746 -0.2379187495 -0.1748080552 0.9835395217 -0.0457402803 0.2267192602 0.0854158998 0.9702074528
-418.3 -448.4 2375.1 0.9634732008 0.0684085712 -0.2589201629 -0.1205568165 0.9741117358 -0.1912391335 0.2391347736 0.2154683769 0.9467776418
-178.4 -60.2 2442.4 -0.7688102126 -0.0162208695 0.6392712593 -0.0351615064 0.9992381930 -0.0169317964 -0.6385096312 -0.0354950801 -0.7687948346
-172.0 -451.6 2456.3 -0.7787656188 -0.0756198838 0.6227405071 0.0532850996 0.9811460972 0.1857768297 -0.6250478625 0.1778593957 -0.7600534558
-429.1 -94.3 2290.4 0 0 0 0 0 0 0 0 0
-215.4 203.2 2143.5 0 0 0 0 0 0 0 0 0
-440.3 -762.1 2305.7 0 0 0 0 0 0 0 0 0
-148.7 -754.2 2401.4 0 0 0 0 0 0 0 0 0
-260.7 525.2 2338.0  0.9728935957 0.0024487076 -0.2312403172 0.0352445059 0.9866924286 0.1587321609 0.2285517454 -0.1625794619 0.9598604441
-261.2 325.2 2371.0 0.9728935957 0.0024487076 -0.2312403172 0.0352445059 0.9866924286 0.1587321609 0.2285517454 -0.1625794619 0.9598604441
-261.6 131.4 2399.9 0.9728868604 0.0019839411 -0.2312729955 0.0322543643 0.9890275002 0.1441673785 0.2290213704 -0.1477181166 0.9621478915
-399.8 320.6 2338.4 0.5543342829 -0.5935900211 -0.5834075809 0.7822532654 0.1321896315 0.6087739468 -0.2842417061 -0.7938367724 0.5376150012
-544.3 116.7 2412.5 -0.4310333729 -0.5935900211 -0.6796036363 0.7807797194 0.1321896315 -0.6106626987 0.4523198307 -0.7938367724 0.4064849317
-122.6 329.8 2403.6 0.0640741438 0.9053080678 0.4198949933 -0.9738183022 0.1486822218 -0.1719635576 -0.2181109190 -0.3978830278 0.8911322951
-108.2 110.5 2354.5 -0.4240543842 0.9053080678 -0.0243962221 0.3701747358 0.1486822218 -0.9169865251 -0.8265280128 -0.3978830278 -0.3981715143
-350.6 -64.1 2408.7 0.9494373798 0.1719783843 -0.2626635432 -0.1900261194 0.9807596207 -0.0447280705 0.2499175519 0.0923794359 0.9638502002
-418.0 -448.3 2372.5 0.9562943578 0.0677867308 -0.2844399214 -0.1237543672 0.9751673341 -0.1836668700 0.2649263442 0.2108402699 0.9409359097
-173.8 -59.2 2445.5 -0.7520954609 -0.0003403582 0.6590541005 -0.0202289391 0.9995406270 -0.0225685406 -0.6587436795 -0.0303056613 -0.7517568469
-173.6 -450.7 2457.4 -0.7605474591 -0.0822610930 0.6440502405 0.0544403717 0.9803693891 0.1895050108 -0.6469960213 0.1791898757 -0.7411391139
-428.7 -92.7 2291.2 0 0 0 0 0 0 0 0 0
-215.3 204.0 2145.7 0 0 0 0 0 0 0 0 0
-439.9 -763.6 2304.3 0 0 0 0 0 0 0 0 0
-148.0 -756.6 2401.5 0 0 0 0 0 0 0 0 0
-261.5 526.9 2345.7  0.9811831117 0.0067016757 -0.1929631829 0.0203820579 0.9902183414 0.1380297244 0.1920007020 -0.1393654197 0.9714488983
-262.9 326.5 2373.8 0.9811831117 0.0067016757 -0.1929631829 0.0203820579 0.9902183414 0.1380297244 0.1920007020 -0.1393654197 0.9714488983
-264.2 132.3 2398.6 0.9811694622 0.0062774397 -0.1930467337 0.0183003508 0.9919540882 0.1252685040 0.1922798604 -0.1264424622 0.9731602073
-402.6 323.9 2346.5 0.5524457097 -0.5800476670 -0.5986221433 0.7923892140 0.1425677091 0.5931220651 -0.2586948574 -0.8020094633 0.5383844376
-547.0 116.7 2414.1 -0.4400578737 -0.5800476670 -0.6854879856 0.7736883163 0.1425677091 -0.6173174381 0.4558019936 -0.8020094633 0.3860380650
-123.2 329.2 2401.2 0.0712940618 0.9026502371 0.4244286418 -0.9731624126 0.1562845558 -0.1689084768 -0.2187969238 -0.4009958208 0.8895674348
-107.2 110.6 2352.1 -0.4297433197 0.9026502371 -0.0233065560 0.3777610362 0.1562845558 -0.9126180410 -0.8201324940 -0.4009958208 -0.4081483483
-349.9 -65.2 2408.2 0.9592667222 0.1713964641 -0.2245675772 -0.1878975779 0.9806958437 -0.0541311391 0.2109545916 0.0941219032 0.9729538560
-417.1 -449.3 2371.3 0.9667257667 0.0711366013 -0.2457251996 -0.1191766858 0.9751906991 -0.1865474731 0.2263585925 0.2096249610 0.9512198567
-174.1 -59.3 2449.6 -0.7768172026 -0.0029384347 0.6297193170 -0.0137158092 0.9998308420 -0.0122542530 -0.6295767426 -0.0181564242 -0.7767261267
-173.0 -450.9 2456.7 -0.7834682465 -0.0819652677 0.6160026193 0.0476276167 0.9804278016 0.1910312474 -0.6196040511 0.1790056527 -0.7642301917
-429.0 -90.7 2291.9 0 0 0 0 0 0 0 0 0
-214.9 205.3 2146.5 0 0 0 0 0 0 0 0 0
-439.9 -762.7 2303.9 0 0 0 0 0 0 0 0 0
-147.3 -758.3 2400.6 0 0 0 0 0 0 0 0 0
-255.9 527.8 2342.0  0.9794499874 0.0185571723 -0.2008317113 0.0117132626 0.9888436198 0.1484959573 0.2013468295 -0.1477967501 0.9683055282
-259.7 326.9 2372.0 0.9794499874 0.0185571723 -0.2008317113 0.0117132626 0.9888436198 0.1484959573 0.2013468295 -0.1477967501 0.9683055282
-263.4 132.9 2398.2 0.9793958068 0.0186129585 -0.2010905594 0.0088281566 0.9908457994 0.1347096115 0.2017570734 -0.1337092817 0.9702659249
-399.2 325.6 2343.3 0.5396283269 -0.5789527893 -0.6112405062 0.8057114482 0.1445526481 0.5743984580 -0.2441931516 -0.8024451733 0.5444735885
-544.5 108.6 2409.0 -0.4388115406 -0.5789527893 -0.6872103810 0.7742393017 0.1445526481 -0.6161639690 0.4560679197 -0.8024451733 0.3848166168
-120.2 328.2 2400.7 0.0659153238 0.8988523483 0.4332662523 -0.9731504917 0.1538739055 -0.1711750925 -0.2205295116 -0.4103502035 0.8848612309
-105.5 111.1 2351.5 -0.4372299314 0.8988523483 -0.0299076512 0.3787574470 0.1538739055 -0.9126147032 -0.8157038689 -0.4103502035 -0.4077252746
-354.1 -63.6 2406.1 0.9591062069 0.1567627937 -0.2356706709 -0.1731639355 0.9835997820 -0.0504550003 0.2238961607 0.0892013684 0.9705223441
-415.5 -448.9 2371.1 0.9641909003 0.0742012709 -0.2546175718 -0.1232165694 0.9754881859 -0.1823198199 0.2348480821 0.2071642131 0.9496996403
-176.9 -60.2 2440.8 -0.7707321048 -0.0105404053 0.6370721459 -0.0365681797 0.9989468455 -0.0277126655 -0.6361091137 -0.0446556099 -0.7703058720
-172.8 -451.4 2458.2 -0.7812939286 -0.0821721405 0.6187306046 0.0517553985 0.9793532491 0.1954190135 -0.6220138669 0.1847023368 -0.7609098554
-426.9 -99.0 2286.7 0 0 0 0 0 0 0 0 0
-215.0 206.0 2147.2 0 0 0 0 0 0 0 0 0
-439.4 -763.4 2304.3 0 0 0 0 0 0 0 0 0
-147.1 -757.5 2400.5 0 0 0 0 0 0 0 0 0
-257.3 525.8 2340.1  0.9790915251 0.0118625602 -0.2030740529 0.0195155572 0.9882158041 0.1518179476 0.2024819404 -0.1526067704 0.9673221707
-259.7 323.7 2371.3 0.9790915251 0.0118625602 -0.2030740529 0.0195155572 0.9882158041 0.1518179476 0.2024819404 -0.1526067704 0.9673221707
-262.9 129.8 2398.6 0.9789984822 0.0159362722 -0.2032437176 0.0128943641 0.9901036620 0.1397441626 0.2034593523 -0.1394300312 0.9691045284
-399.2 321.8 2342.4 0.5243566632 -0.5940108895 -0.6100829244 0.8147530556 0.1418025196 0.5622005463 -0.2474419624 -0.7918605208 0.5583273172
-537.4 107.1 2407.6 -0.4199294746 -0.5940108895 -0.6861561537 0.7849301696 0.1418025196 -0.6031390429 0.4555698335 -0.7918605208 0.4067099988
-120.2 325.5 2400.3 0.1121282652 0.8833740950 0.4550575912 -0.9691815376 0.1983087808 -0.1461533457 -0.2193500102 -0.4246454835 0.8783859015
-95.6 112.7 2352.2 -0.4686677456 0.8833740950 -0.0008358412 0.3753994405 0.1983087808 -0.9053998590 -0.7996410728 -0.4246454835 -0.4245590568
-355.6 -62.0 2406.1 0.9595964551 0.1506856382 -0.2376309186 -0.1664926410 0.9848836064 -0.0477965400 0.2268365473 0.0854291916 0.9701788425
-414.6 -447.7 2372.7 0.9635808468 0.0743204802 -0.2568820715 -0.1255953163 0.9738408923 -0.1893666983 0.2360884398 0.2147333175 0.9477087259
-178.6 -60.3 2442.6 -0.7695587277 -0.0125123886 0.6384534836 -0.0355089717 0.9990995526 -0.0232203547 -0.6375880241 -0.0405402519 -0.7693100572
-173.7 -451.6 2458.5 -0.7802743316 -0.0845824778 0.6196916699 0.0523664206 0.9784990549 0.1994928271 -0.6232413054 0.1881101727 -0.7590684295
-424.8 -103.4 2285.4 0 0 0 0 0 0 0 0 0
-214.6 208.0 2149.2 0 0 0 0 0 0 0 0 0
-438.7 -763.3 2303.1 0 0 0 0 0 0 0 0 0
-147.4 -755.7 2400.0 0 0 0 0 0 0 0 0 0
-257.1 525.2 2338.7  0.9804678559 0.0146699427 -0.1961314380 0.0173827223 0.9868486524 0.1607096493 0.1959096342 -0.1609799415 0.9673184156
-260.1 324.0 2371.5 0.9804678559 0.0146699427 -0.1961314380 0.0173827223 0.9868486524 0.1607096493 0.1959096342 -0.1609799415 0.9673184156
-263.4 130.3 2400.2 0.9803853035 0.0170251131 -0.1963537782 0.0122348582 0.9890834093 0.1468478590 0.1967103779 -0.1463698447 0.9694745541
-399.8 322.3 2343.5 0.5272265673 -0.6132342815 -0.5881971121 0.8062072992 0.1423204392 0.5742601156 -0.2684434950 -0.7769740224 0.5694290400
-536.8 112.7 2413.3 -0.4027491808 -0.6132342815 -0.6795122027 0.7898357511 0.1423204392 -0.5965771675 0.4625500441 -0.7769740224 0.4270349145
-120.4 325.8 2399.5 0.1204546094 0.8786795735 0.4619663656 -0.9628162384 0.2167619616 -0.1612425894 -0.2418173105 -0.4253662825 0.8721169233
-94.2 116.6 2347.0 -0.4774073958 0.8786795735 -0.0020984756 0.4028641284 0.2167619616 -0.8892214298 -0.7808858156 -0.4253662825 -0.4574722350
-354.5 -65.3 2407.6 0.9601202011 0.1558672637 -0.2321090847 -0.1711076051 0.9841347337 -0.0469154008 0.2211140394 0.0847600549 0.9715576768
-415.6 -450.8 2374.4 0.9645097256 0.0756338164 -0.2529832125 -0.1274015307 0.9724979401 -0.1949784756 0.2312786877 0.2202890813 0.9476196170
-177.6 -62.9 2444.3 -0.7740709782 -0.0120324958 0.6329845190 -0.0279001538 0.9994963408 -0.0151192695 -0.6324837804 -0.0293637533 -0.7740167975
-172.8 -454.4 2455.8 -0.7828502059 -0.0841484144 0.6164938211 0.0475220010 0.9798324108 0.1940878332 -0.6203927994 0.1812387258 -0.7630630732
-428.9 -99.0 2289.3 0 0 0 0 0 0 0 0 0
-216.9 220.1 2146.4 0 0 0 0 0 0 0 0 0
-439.9 -763.8 2303.5 0 0 0 0 0 0 0 0 0
-146.9 -756.6 2399.9 0 0 0 0 0 0 0 0 0
-254.4 524.6 2338.0  0.9771710634 0.0177579392 -0.2117105126 0.0167032406 0.9869946241 0.1598830074 0.2117963284 -0.1597693115 0.9641659856
-258.0 323.8 2370.5 0.9771710634 0.0177579392 -0.2117105126 0.0167032406 0.9869946241 0.1598830074 0.2117963284 -0.1597693115 0.9641659856
-261.8 130.1 2399.3 0.9770841599 0.0197064225 -0.2119390666 0.0121199619 0.9889387488 0.1478286535 0.2125079185 -0.1470097303 0.9660375118
-397.2 322.1 2340.2 0.5226923227 -0.6303692460 -0.5739575624 0.8037112355 0.1398245096 0.5783574581 -0.2843254209 -0.7635991573 0.5797200799
-531.4 115.7 2413.2 -0.3855949938 -0.6303692460 -0.6737589240 0.7973240018 0.1398245096 -0.5871316791 0.4643177688 -0.7635991573 0.4486928880
-118.8 325.5 2400.8 0.1312429756 0.8748669624 0.4662435949 -0.9588671923 0.2314335257 -0.1643539220 -0.2516922057 -0.4254953861 0.8692552447
-90.4 118.2 2346.3 -0.4843513966 0.8748669624 -0.0033962186 0.4241692722 0.2314335257 -0.8755106926 -0.7651693821 -0.4254953861 -0.4831868112
-355.4 -64.5 2411.1 0.9563854337 0.1551744789 -0.2474829406 -0.1710845232 0.9842734933 -0.0439974144 0.2367636263 0.0844189823 0.9678927660
-416.2 -450.0 2378.0 0.9602597952 0.0733732730 -0.2692906857 -0.1309022605 0.9705262780 -0.2023445219 0.2465070039 0.2295540720 0.9415621161
-178.2 -62.3 2446.6 -0.7636719346 -0.0129396152 0.6454747915 -0.0358305685 0.9991076589 -0.0223629661 -0.6446094513 -0.0402056985 -0.7634540796
-173.1 -453.6 2462.4 -0.7757426500 -0.0834796727 0.6255034208 0.0611255579 0.9766103029 0.2061456591 -0.6280820370 0.1981502324 -0.7524954677
-428.1 -98.0 2288.7 0 0 0 0 0 0 0 0 0
-216.5 228.6 2147.1 0 0 0 0 0 0 0 0 0
-439.8 -763.5 2303.9 0 0 0 0 0 0 0 0 0
-147.2 -756.4 2400.9 0 0 0 0 0 0 0 0 0
-254.2 523.5 2330.6  0.9814976454 0.0123896506 -0.1910730749 0.0218953472 0.9840960503 0.1762824953 0.1902183294 -0.1772044599 0.9656167030
-256.7 322.7 2366.8 0.9814976454 0.0123896506 -0.1910730749 0.0218953472 0.9840960503 0.1762824953 0.1902183294 -0.1772044599 0.9656167030
-259.9 129.5 2398.6 0.9814025164 0.0162084866 -0.1912755817 0.0153429117 0.9866177440 0.1623267978 0.1913469583 -0.1622426510 0.9680204988
-396.6 320.5 2339.5 0.5072395802 -0.6451876760 -0.5713500381 0.8125954866 0.1372394711 0.5664396882 -0.2870481312 -0.7515970469 0.5938898921
-523.7 116.9 2411.5 -0.3617769778 -0.6451876760 -0.6729415059 0.8115822673 0.1372394711 -0.5678904057 0.4587500393 -0.7515970469 0.4739728272
-116.9 324.9 2394.0 0.1305204630 0.8751261234 0.4659599960 -0.9624861479 0.2246037722 -0.1522286832 -0.2378756702 -0.4286110997 0.8716121316
-89.0 118.9 2343.2 -0.4819982648 0.8751261234 -0.0428018011 0.4829519093 0.2246037722 -0.8463513255 -0.7310507298 -0.4286110997 -0.5309024453
-354.0 -64.7 2408.9 0.9603874683 0.1598310918 -0.2282760292 -0.1731068343 0.9841212630 -0.0392352007 0.2183802873 0.0771971345 0.9728055596
-416.6 -450.2 2378.6 0.9648385644 0.0736918226 -0.2523015141 -0.1283061504 0.9698049426 -0.2074027658 0.2293993682 0.2324820310 0.9451603293
-177.4 -62.5 2447.3 -0.7775113583 -0.0129926447 0.6287347078 -0.0281428341 0.9995037913 -0.0141477408 -0.6282388568 -0.0286944043 -0.7774912119
-172.3 -454.0 2458.5 -0.7868589759 -0.0801230893 0.6119095087 0.0531823374 0.9790437818 0.1965830177 -0.6148370504 0.1872258782 -0.7661082745
-426.7 -100.6 2288.5 0 0 0 0 0 0 0 0 0
-215.8 246.0 2150.7 0 0 0 0 0 0 0 0 0
-440.5 -764.3 2303.3 0 0 0 0 0 0 0 0 0
-147.5 -757.2 2400.5 0 0 0 0 0 0 0 0 0
-255.0 522.5 2334.0  0.9896202683 0.0184306689 -0.1425204128 0.0061892378 0.9853551984 0.1704019159 0.1435738504 -0.1695152819 0.9750133753
-258.7 321.7 2368.5 0.9896202683 0.0184306689 -0.1425204128 0.0061892378 0.9853551984 0.1704019159 0.1435738504 -0.1695152819 0.9750133753
-262.9 128.2 2398.4 0.9895170331 0.0212277547 -0.1428474635 0.0010536744 0.9880504012 0.1541274786 0.1444122791 -0.1526622921 0.9776703715
-399.6 321.5 2348.0 0.4822225273 -0.6516202688 -0.5855360031 0.8373357654 0.1463394165 0.5267386436 -0.2575466037 -0.7442954779 0.6161931157
-518.2 115.4 2411.3 -0.3459102809 -0.6516202688 -0.6750829816 0.8159251809 0.1463394165 -0.5593307018 0.4632624984 -0.7442954779 0.4810531139
-117.9 321.8 2389.0 0.1700642407 0.8659146428 0.4703934491 -0.9563254118 0.2601855099 -0.1332112402 -0.2377391160 -0.4271947145 0.8723444343
-82.0 119.9 2338.8 -0.4987527430 0.8659146428 -0.0379149877 0.5138669014 0.2601855099 -0.8174621463 -0.6979874969 -0.4271947145 -0.5747330785
-351.7 -65.1 2413.0 0.9689931273 0.1655045450 -0.1834681779 -0.1781106144 0.9825061560 -0.0543894395 0.1712569147 0.0853806213 0.9815198779
-416.5 -450.0 2379.6 0.9752940536 0.0754281580 -0.2076344639 -0.1199941561 0.9700402021 -0.2112425715 0.1854801476 0.2309385538 0.9551253915
-174.3 -62.4 2447.6 -0.8068530560 0.0043456736 0.5907362103 -0.0180223677 0.9993264079 -0.0319671407 -0.5904772282 -0.0364392512 -0.8062312603
-176.0 -453.7 2461.9 -0.8138954639 -0.0927203745 0.5735652447 0.0406799130 0.9756676555 0.2154479623 -0.5795854330 0.1986847073 -0.7903196216
-425.5 -103.3 2287.2 0 0 0 0 0 0 0 0 0
-215.7 257.7 2151.7 0 0 0 0 0 0 0 0 0
-441.0 -764.4 2304.7 0 0 0 0 0 0 0 0 0
-147.4 -755.3 2400.5 0 0 0 0 0 0 0 0 0
-255.6 521.5 2335.6  0.9932971001 0.0229558088 -0.1132868454 -0.0041679032 0.9865567088 0.1633661985 0.1155140996 -0.1617989987 0.9800395966
-260.2 320.7 2368.5 0.9932971001 0.0229558088 -0.1132868454 -0.0041679032 0.9865567088 0.1633661985 0.1155140996 -0.1617989987 0.9800395966
-264.8 127.1 2397.7 0.9932559133 0.0232406128 -0.1135894358 -0.0059286277 0.9886031151 0.1504285783 0.1157909259 -0.1487406492 0.9820736647
-401.6 321.6 2352.1 0.4630287588 -0.6572997570 -0.5946103334 0.8535731435 0.1499496400 0.4989268482 -0.2387828827 -0.7385608554 0.6304844022
-516.7 109.5 2411.4 -0.3484403193 -0.6572997570 -0.6682412624 0.8085011840 0.1499496400 -0.5690702796 0.4742522836 -0.7385608554 0.4791791141
-118.8 319.9 2385.0 0.2119944245 0.8530308008 0.4768613875 -0.9435443282 0.3057416081 -0.1274602860 -0.2545239329 -0.4229190052 0.8696879148
-74.8 124.1 2332.2 -0.5208101273 0.8530308008 -0.0330940746 0.5501502752 0.3057416081 -0.7770822048 -0.6527568102 -0.4229190052 -0.6285284758
-356.4 -65.4 2415.3 0.9754706025 0.1534308493 -0.1578483731 -0.1663779020 0.9834083319 -0.0722945631 0.1441371888 0.0967836976 0.9848133922
-416.5 -450.6 2377.4 0.9813827872 0.0721771568 -0.1779838651 -0.1096735522 0.9713534117 -0.2108180374 0.1576689929 0.2264133096 0.9611854553
-177.8 -65.2 2441.4 -0.8236395121 -0.0102393581 0.5670212507 -0.0363116302 0.9987375736 -0.0347099230 -0.5659499764 -0.0491779298 -0.8229715228
-173.8 -456.3 2460.6 -0.8325491548 -0.0905253217 0.5465043783 0.0355325788 0.9757983685 0.2157660425 -0.5528103709 0.1990545541 -0.8091835380
-423.2 -107.2 2284.2 0 0 0 0 0 0 0 0 0
-218.1 275.5 2152.6 0 0 0 0 0 0 0 0 0
-439.8 -764.1 2304.3 0 0 0 0 0 0 0 0 0
-145.9 -757.0 2399.3 0 0 0 0 0 0 0 0 0
-255.2 519.1 2329.4  0.9994630814 0.0322666466 -0.0056930576 -0.0307462085 0.9836629629 0.1773748100 0.0113233402 -0.1771045327 0.9841269255
-261.8 317.6 2365.7 0.9994630814 0.0322666466 -0.0056930576 -0.0307462085 0.9836629629 0.1773748100 0.0113233402 -0.1771045327 0.9841269255
-267.6 124.5 2397.7 0.9995223880 0.0302869268 -0.0061376682 -0.0288782511 0.9861414433 0.1633740664 0.0110007077 -0.1631187946 0.9865450859
-403.3 321.8 2364.2 0.4510248303 -0.6296897531 -0.6325088739 0.8745045662 0.1701520979 0.4541916549 -0.1783771068 -0.7579835653 0.6274093390
-515.7 104.1 2408.6 -0.3520337641 -0.6296897531 -0.6925049424 0.8072854877 0.1701520979 -0.5651003718 0.4736690521 -0.7579835653 0.4484400749
-120.2 313.5 2367.3 0.2741442025 0.8410390615 0.4663670659 -0.9405707717 0.3355556130 -0.0522407591 -0.2004286051 -0.4243297279 0.8830473423
-65.7 126.2 2327.4 -0.5395952463 0.8410390615 -0.0386040024 0.5763232708 0.3355556130 -0.7451536059 -0.6137495041 -0.4243297279 -0.6657745838
-359.1 -66.0 2416.4 0.9869787693 0.1491833329 -0.0601430982 -0.1541328430 0.9840881824 -0.0883940682 0.0459991917 0.0965131000 0.9942682385
-417.5 -451.4 2378.6 0.9944320917 0.0684398562 -0.0801299289 -0.0848162174 0.9710803628 -0.2231797129 0.0625382066 0.2287333906 0.9714782834
-179.7 -67.0 2437.3 -0.8791450858 -0.0159631856 0.4762867689 -0.0418070108 0.9981689453 -0.0437141545 -0.4747168422 -0.0583432131 -0.8782026768
-173.5 -458.0 2460.1 -0.8855530024 -0.0907373354 0.4555903375 0.0124165835 0.9757642150 0.2184721082 -0.4643723369 0.1991255134 -0.8629642725
-421.3 -112.4 2281.6 0 0 0 0 0 0 0 0 0
-216.6 287.5 2155.7 0 0 0 0 0 0 0 0 0
-439.5 -763.9 2305.0 0 0 0 0 0 0 0 0 0
-145.7 -756.8 2399.2 0 0 0 0 0 0 0 0 0
-251.6 515.9 2325.9  0.9966894388 0.0402013473 -0.0706684291 -0.0258959346 0.9809006453 0.1927780211 0.0770686418 -0.1903097928 0.9786943197
-259.9 314.7 2364.9 0.9966894388 0.0402013473 -0.0706684291 -0.0258959346 0.9809006453 0.1927780211 0.0770686418 -0.1903097928 0.9786943197
-267.3 122.1 2399.5 0.9967471361 0.0377169326 -0.0712220743 -0.0244411603 0.9835782647 0.1788195670 0.0767970085 -0.1764971465 0.9813006520
-401.2 318.1 2354.0 0.4523555934 -0.6361137033 -0.6250870228 0.8657369614 0.1448790282 0.4790715873 -0.2141819894 -0.7578716874 0.6162439585
-514.9 100.6 2407.8 -0.3749668300 -0.6361137033 -0.6743584275 0.8003911376 0.1448790282 -0.5817079544 0.4677327573 -0.7578716874 0.4548149109
