93.9 242.2 1841.5 27 0.7824859619 -0.0409185626 -0.6213222742 0.6222289801 0.0888589248 0.7777758241 0.0233845618 -0.9952033758 0.0949915722
103.1 222.1 2067.1 0.7824859619 -0.0409185626 -0.6213222742 0.6222289801 0.0888589248 0.7777758241 0.0233845618 -0.9952033758 0.0949915722
104.8 28.3 2075.9 0.8094792366 -0.0089751976 -0.5870798826 0.0337110199 0.9989442229 0.0312098078 0.5861799121 -0.0450547524 0.8089271784
-7.3 217.5 1987.1 0.6709938049 -0.6564427614 -0.3447466195 0.7149151564 0.6960867643 0.0660267845 0.1966307610 -0.2907681465 0.9363707900
-148.6 66.9 1945.7 -0.7084150910 -0.6564427614 -0.2592892945 -0.4363352358 0.6960867643 -0.5701532960 0.5547608733 -0.2907681465 -0.7795475125
213.6 226.7 2147.0 0.3604839146 0.9258500934 0.1133709028 -0.5987789035 0.1364996433 0.7891968489 0.7152028680 -0.3523768783 0.6035854220
294.2 92.8 2307.0 -0.1673129052 0.9258500934 0.3388333023 -0.6880336404 0.1364996433 -0.7127254605 -0.7061275244 -0.3523768783 0.6141778827
31.8 -168.6 2030.2 0.7146281600 0.1472339481 -0.6838338971 -0.0473331213 0.9855350256 0.1627275795 0.6979013085 -0.0839217156 0.7112600803
-25.3 -551.1 2062.8 0.7171700597 0.0201857779 -0.6966058016 0.0132402340 0.9990053177 0.0425796025 0.6967724562 -0.0397600420 0.7161894441
178.7 -165.9 2132.3 0.9358461499 0.1668837667 0.3103897870 -0.1380284876 0.9839749932 -0.1128775030 -0.3242532015 0.0627933368 0.9438838959
113.9 -547.6 2108.0 0.9372564554 -0.0426711552 0.3460195959 -0.0237538554 0.9823597074 0.1854862571 -0.3478306234 -0.1820674837 0.9197093248
31.1 177.6 1805.0 0 0 0 0 0 0 0 0 0
251.8 -81.7 2127.9 0 0 0 0 0 0 0 0 0
-32.9 -923.8 2077.6 0 0 0 0 0 0 0 0 0
129.8 -914.2 2175.9 0 0 0 0 0 0 0 0 0
100.2 236.4 1838.2 28 0.8134737611 -0.0276956875 -0.5809417963 0.5809985995 0.0841713697 0.8095405102 0.0264778864 -0.9960663319 0.0845623612
106.4 217.4 2063.0 0.8134737611 -0.0276956875 -0.5809417963 0.5809985995 0.0841713697 0.8095405102 0.0264778864 -0.9960663319 0.0845623612
102.6 23.7 2072.9 0.8178290129 0.0193885509 -0.5751345754 0.0133642796 0.9985228181 0.0526652522 0.5753060579 -0.0507574305 0.8163617849
-5.2 215.5 1984.5 0.6828559041 -0.6420830488 -0.3484783471 0.7081115246 0.6990476251 0.0995513648 0.1796827167 -0.3147407770 0.9320152402
-149.0 66.4 1946.6 -0.7210068703 -0.6420830488 -0.2605348229 -0.4111086130 0.6990476251 -0.5850830078 0.5577981472 -0.3147407770 -0.7679840326
218.1 219.2 2141.6 0.3525999486 0.9246321917 0.1439744234 -0.6048969626 0.1078213677 0.7889703512 0.7139838338 -0.3652805984 0.5973250270
296.9 83.9 2301.3 -0.1965225935 0.9246321917 0.3262425959 -0.6864809990 0.1078213677 -0.7191094160 -0.7000876069 -0.3652805984 0.6135531068
34.0 -168.6 2032.3 0.7237100005 0.1518303901 -0.6731948853 -0.0549495742 0.9850783348 0.1630987972 0.6879130602 -0.0810444579 0.7212540507
-24.9 -550.9 2063.7 0.7263249159 0.0233548731 -0.6869546175 0.0035865535 0.9992802143 0.0377653241 0.6873421669 -0.0298936963 0.7257183194
178.9 -162.5 2137.2 0.9332849383 0.1682636887 0.3172798753 -0.1334404647 0.9826744199 -0.1286260188 -0.3334259093 0.0777067617 0.9395684004
113.6 -543.9 2107.0 0.9342575073 -0.0380379893 0.3545644879 -0.0339729637 0.9802778959 0.1946819276 -0.3549770415 -0.1939286590 0.9145397544
33.9 170.7 1805.1 0 0 0 0 0 0 0 0 0
247.1 -90.2 2123.7 0 0 0 0 0 0 0 0 0
-33.6 -923.9 2074.9 0 0 0 0 0 0 0 0 0
127.8 -909.7 2179.4 0 0 0 0 0 0 0 0 0
106.7 232.7 1836.6 29 0.8313381076 -0.0038007577 -0.5557540059 0.5546652079 0.0686079264 0.8292402625 0.0349773876 -0.9976364374 0.0591445342
107.6 217.2 2061.0 0.8313381076 -0.0038007577 -0.5557540059 0.5546652079 0.0686079264 0.8292402625 0.0349773876 -0.9976364374 0.0591445342
104.4 23.5 2072.7 0.8250513077 0.0163500477 -0.5648211837 0.0202901606 0.9980794191 0.0585301518 0.5646933913 -0.0597506948 0.8231350183
-5.1 214.5 1983.9 0.6954181194 -0.6309048533 -0.3440243006 0.7004785538 0.7019959688 0.1285747886 0.1603852063 -0.3303948939 0.9301159978
-151.0 67.5 1950.3 -0.7259026766 -0.6309048533 -0.2739059031 -0.3837467134 0.7019959688 -0.5999501348 0.5707922578 -0.3303948939 -0.7516883612
220.2 220.0 2138.1 0.3632929027 0.9195865989 0.1495953798 -0.5977954865 0.1069212779 0.7944862843 0.7146039605 -0.3780586720 0.5885684490
301.5 86.2 2298.0 -0.2036832124 0.9195865989 0.3359667659 -0.6931068301 0.1069212779 -0.7128610015 -0.6914594173 -0.3780586720 0.6155936718
25.7 -171.2 2031.3 0.7329004407 0.1350897253 -0.6667890549 -0.0447176918 0.9875339866 0.1509204060 0.6788646579 -0.0807923749 0.7298049927
-26.8 -554.5 2062.7 0.7361300588 0.0083331643 -0.6767888069 0.0382035933 0.9978185296 0.0538392439 0.6757611036 -0.0654884502 0.7342058420
172.1 -168.9 2134.4 0.9324326515 0.1454098374 0.3307950497 -0.1143545210 0.9871526957 -0.1115912497 -0.3427716792 0.0662234128 0.9370816350
115.6 -551.9 2108.7 0.9331660271 -0.0172185600 0.3590329587 -0.0534946322 0.9810755253 0.1860889941 -0.3554426432 -0.1928582639 0.9145852923
33.1 164.8 1805.5 0 0 0 0 0 0 0 0 0
249.8 -89.6 2122.6 0 0 0 0 0 0 0 0 0
-29.9 -926.7 2087.1 0 0 0 0 0 0 0 0 0
122.1 -918.0 2180.6 0 0 0 0 0 0 0 0 0
112.1 231.1 1835.8 30 0.8535795808 0.0062303427 -0.5209251642 0.5192090273 0.0717965737 0.8516262174 0.0427065641 -0.9973998666 0.0580492392
110.7 215.2 2056.2 0.8535795808 0.0062303427 -0.5209251642 0.5192090273 0.0717965737 0.8516262174 0.0427065641 -0.9973998666 0.0580492392
102.4 22.2 2073.4 0.8302487135 0.0430236496 -0.5557301641 0.0138268797 0.9951201081 0.0976975039 0.5572215319 -0.0887972414 0.8256023526
-2.7 213.4 1980.0 0.6991215944 -0.6260193586 -0.3454399407 0.6978331208 0.7026563287 0.1389351338 0.1557494849 -0.3381919861 0.9280992746
-149.5 66.8 1947.3 -0.7331813574 -0.6260193586 -0.2656027973 -0.3826420009 0.7026563287 -0.5998826623 0.5621656179 -0.3381919861 -0.7547158003
224.1 217.1 2132.3 0.3535088301 0.9186521173 0.1763797104 -0.5865160227 0.0707870498 0.8068383336 0.7287183404 -0.3886740208 0.5638280511
303.2 85.9 2295.3 -0.2288323641 0.9186521173 0.3220466673 -0.7066357136 0.0707870498 -0.7040277719 -0.6695533395 -0.3886740208 0.6329540610
27.3 -171.9 2033.7 0.7368507385 0.1419163942 -0.6609922647 -0.0486869738 0.9863196015 0.1574903429 0.6743000746 -0.0838651657 0.7336797714
-27.8 -554.8 2066.3 0.7387182117 0.0041261162 -0.6740017533 0.0170267392 0.9995478988 0.0247806665 0.6737992764 -0.0297819804 0.7383139729
175.1 -168.3 2134.9 0.9307526350 0.1523247957 0.3324103355 -0.1204121858 0.9860746861 -0.1147066131 -0.3452540934 0.0667372346 0.9361333847
116.0 -551.0 2109.0 0.9316242337 -0.0226154309 0.3627186418 -0.0480982102 0.9816095829 0.1847409308 -0.3602260947 -0.1895552576 0.9134035110
36.6 163.9 1804.7 0 0 0 0 0 0 0 0 0
245.2 -93.3 2125.5 0 0 0 0 0 0 0 0 0
-29.3 -927.5 2077.4 0 0 0 0 0 0 0 0 0
124.4 -917.4 2179.7 0 0 0 0 0 0 0 0 0
118.5 229.2 1835.9 31 0.8504759669 0.0419851467 -0.5243356824 0.5217138529 0.0598686114 0.8510172367 0.0671213344 -0.9973229170 0.0290125832
109.5 216.3 2051.5 0.8504759669 0.0419851467 -0.5243356824 0.5217138529 0.0598686114 0.8510172367 0.0671213344 -0.9973229170 0.0290125832
102.0 23.6 2072.4 0.8131750226 0.0381831117 -0.5807653666 0.0316108391 0.9934754372 0.1095780358 0.5811601281 -0.1074646041 0.8066624403
-1.6 212.0 1972.1 0.7055803537 -0.6258629560 -0.3323430419 0.6974208355 0.6963992715 0.1692104638 0.1255408973 -0.3511745632 0.9278555512
-148.8 66.4 1945.9 -0.7379940152 -0.6258629560 -0.2523100376 -0.3831200600 0.6963992715 -0.6068336368 0.5555032492 -0.3511745632 -0.7537191510
220.5 220.6 2130.8 0.3357440531 0.9293202162 0.1537525803 -0.5693024993 0.0701552331 0.8191293478 0.7504469156 -0.3625495136 0.5526185632
295.6 93.3 2298.6 -0.2035351247 0.9293202162 0.3081190884 -0.7218816876 0.0701552331 -0.6884512305 -0.6614078283 -0.3625495136 0.6565802097
19.7 -172.0 2040.8 0.7148911953 0.1231656000 -0.6883028746 -0.0438666642 0.9903253913 0.1316486299 0.6978583932 -0.0639209002 0.7133777738
-28.1 -556.3 2065.6 0.7164444923 -0.0003662797 -0.6976439953 0.0224754605 0.9994928837 0.0225563869 0.6972819567 -0.0318402685 0.7160894275
168.4 -169.5 2140.6 0.9427865148 0.1486165971 0.2984403670 -0.1109363735 0.9839814901 -0.1395476609 -0.3143989146 0.0984557644 0.9441714883
110.8 -551.3 2102.4 0.9401824474 -0.0727746412 0.3328075707 -0.0162176583 0.9662478566 0.2571032345 -0.3402851820 -0.2471212894 0.9072690010
38.5 163.6 1805.0 0 0 0 0 0 0 0 0 0
243.9 -89.8 2130.9 0 0 0 0 0 0 0 0 0
-27.9 -929.2 2077.5 0 0 0 0 0 0 0 0 0
137.9 -910.9 2194.4 0 0 0 0 0 0 0 0 0
124.6 226.3 1830.9 32 0.8762882948 0.0679146126 -0.4769763350 0.4744731188 0.0502012074 0.8788373470 0.0836306885 -0.9964273572 0.0117670754
109.8 215.4 2048.3 0.8762882948 0.0679146126 -0.4769763350 0.4744731188 0.0502012074 0.8788373470 0.0836306885 -0.9964273572 0.0117670754
99.8 23.1 2072.3 0.8249531388 0.0516168214 -0.5628392100 0.0273002330 0.9910198450 0.1308983266 0.5645413995 -0.1233506277 0.8161358237
-2.9 211.7 1971.2 0.6722896099 -0.6277883053 -0.3923117816 0.7177075148 0.6826233268 0.1375547051 0.1814459413 -0.3740417063 0.9094889760
-135.7 69.8 1935.3 -0.7471032739 -0.6277883053 -0.2184456736 -0.3935718834 0.6826233268 -0.6157324910 0.5356658101 -0.3740417063 -0.7570700049
222.4 219.1 2125.4 0.3417421579 0.9229023457 0.1773795635 -0.5633270741 0.0500866994 0.8247144222 0.7522465587 -0.3817624152 0.5370126367
298.9 93.0 2293.7 -0.2277987599 0.9229023457 0.3104173839 -0.7283289433 0.0500866994 -0.6833946109 -0.6462543011 -0.3817624152 0.6607668400
21.8 -172.0 2041.2 0.7275489569 0.1239997372 -0.6747567058 -0.0470064096 0.9902289510 0.1312897950 0.6844435334 -0.0638018623 0.7262688279
-26.4 -556.4 2066.0 0.7290865779 0.0128745968 -0.6843003631 0.0026186267 0.9997632504 0.0215998050 0.6844164729 -0.0175400544 0.7288802862
167.4 -166.3 2145.3 0.9388490915 0.1420162767 0.3136777282 -0.1028906703 0.9850690961 -0.1380303055 -0.3285968006 0.0973151103 0.9394434094
112.2 -548.6 2107.5 0.9377918839 -0.0521574616 0.3432578444 -0.0204074774 0.9786621928 0.2044600099 -0.3465975821 -0.1987459660 0.9167170525
53.9 169.7 1799.4 0 0 0 0 0 0 0 0 0
241.1 -91.7 2129.7 0 0 0 0 0 0 0 0 0
-31.2 -929.4 2072.5 0 0 0 0 0 0 0 0 0
131.7 -912.9 2181.5 0 0 0 0 0 0 0 0 0
130.1 223.4 1828.4 33 0.8833060265 0.0899578035 -0.4600848854 0.4580871165 0.0429533310 0.8878689408 0.0996329114 -0.9950188994 -0.0032675744
110.5 214.0 2045.7 0.8833060265 0.0899578035 -0.4600848854 0.4580871165 0.0429533310 0.8878689408 0.0996329114 -0.9950188994 -0.0032675744
101.6 21.4 2067.9 0.8265903592 0.0460305251 -0.5609185100 0.0262771994 0.9924063683 0.1201626658 0.5621902943 -0.1140646711 0.8191039562
-2.4 210.4 1968.9 0.6587622762 -0.6257255077 -0.4177317619 0.7249855995 0.6763474941 0.1301919520 0.2010673881 -0.3886150718 0.8991942406
-129.3 70.8 1930.2 -0.7491590381 -0.6257255077 -0.2173207402 -0.3822650611 0.6763474941 -0.6296249032 0.5409567356 -0.3886150718 -0.7458848357
223.4 217.6 2122.5 0.3470859230 0.9214209914 0.1746844947 -0.5685882568 0.0586213619 0.8205308914 0.7458141446 -0.3841182888 0.5442557931
301.0 90.4 2289.4 -0.2259934098 0.9214209914 0.3160859048 -0.7233074307 0.0586213619 -0.6880334020 -0.6524978280 -0.3841182888 0.6532226205
15.9 -171.6 2045.7 0.7303976417 0.1119507253 -0.6737850308 -0.0459019803 0.9922913313 0.1151124388 0.6814780235 -0.0531497896 0.7299060225
-27.5 -556.8 2066.3 0.7319102287 0.0066160066 -0.6813689470 0.0099638263 0.9997420311 0.0204102732 0.6813281775 -0.0217275303 0.7316555381
163.6 -166.8 2146.8 0.9389706254 0.1308404505 0.3181428909 -0.0900665298 0.9860867262 -0.1397177279 -0.3319972157 0.1025368199 0.9376907945
112.9 -549.5 2107.0 0.9381609559 -0.0428889953 0.3435325027 -0.0267175678 0.9803676605 0.1953595728 -0.3451669216 -0.1924570799 0.9185968041
60.8 167.8 1792.9 0 0 0 0 0 0 0 0 0
243.7 -93.1 2123.8 0 0 0 0 0 0 0 0 0
-30.0 -929.9 2074.4 0 0 0 0 0 0 0 0 0
128.8 -914.9 2178.7 0 0 0 0 0 0 0 0 0
134.7 219.5 1827.2 34 0.8752878904 0.0955413729 -0.4740706682 0.4729230106 0.0357681401 0.8803774714 0.1010690928 -0.9947826266 -0.0138762938
114.1 211.8 2041.3 0.8752878904 0.0955413729 -0.4740706682 0.4729230106 0.0357681401 0.8803774714 0.1010690928 -0.9947826266 -0.0138762938
102.0 20.1 2068.7 0.8078422546 0.0617443584 -0.5861557722 0.0339315534 0.9879763126 0.1508358568 0.5884212255 -0.1417407542 0.7960339189
3.8 207.1 1961.0 0.6792994142 -0.6121490598 -0.4047540426 0.7099255919 0.6878682375 0.1511389613 0.1858978570 -0.3900138438 0.9018487334
-125.3 72.2 1925.6 -0.7585760951 -0.6121490598 -0.2232393771 -0.3716024756 0.6878682375 -0.6234973073 0.5352326035 -0.3900138438 -0.7492765188
224.4 216.5 2121.6 0.3153722584 0.9341738820 0.1669115722 -0.5498021841 0.0365084037 0.8344966769 0.7734713554 -0.3549454510 0.5251246095
294.9 93.6 2294.5 -0.2134072930 0.9341738820 0.2859658301 -0.7400614023 0.0365084037 -0.6715476513 -0.6377824545 -0.3549454510 0.6835548878
18.6 -173.5 2039.7 0.7067378163 0.1204030663 -0.6971547604 -0.0348856710 0.9901439548 0.1356389672 0.7066149712 -0.0715404674 0.7039725184
-28.1 -557.8 2067.5 0.7074248791 0.0032964526 -0.7067808509 0.0047683096 0.9999440908 0.0094364313 0.7067724466 -0.0100457165 0.7073696256
166.7 -168.8 2140.4 0.9502223730 0.1244000643 0.2856607735 -0.0956635401 0.9890369177 -0.1124922186 -0.2965230942 0.0795653015 0.9517055154
118.4 -552.6 2109.5 0.9511169195 -0.0089910878 0.3087001443 -0.0426506996 0.9861738682 0.1601313651 -0.3058717549 -0.1654699296 0.9375831485
67.2 166.5 1789.8 0 0 0 0 0 0 0 0 0
240.7 -94.2 2132.7 0 0 0 0 0 0 0 0 0
-29.4 -931.0 2071.2 0 0 0 0 0 0 0 0 0
121.7 -920.1 2171.2 0 0 0 0 0 0 0 0 0
140.0 218.1 1826.6 35 0.8831400275 0.1492555141 -0.4447319806 0.4441791475 0.0388888717 0.8950936198 0.1508927792 -0.9880336523 -0.0319518670
108.7 209.9 2034.2 0.8831400275 0.1492555141 -0.4447319806 0.4441791475 0.0388888717 0.8950936198 0.1508927792 -0.9880336523 -0.0319518670
99.2 19.2 2068.2 0.8096075654 0.0484880470 -0.5849654078 0.0640590936 0.9833306670 0.1701682061 0.5834655166 -0.1752418131 0.7930058241
-1.9 201.1 1954.6 0.6819671988 -0.6154059172 -0.3952167332 0.7150562406 0.6745552421 0.1834933907 0.1536726058 -0.4077386856 0.9000743628
-124.4 72.7 1927.0 -0.7567226887 -0.6154059172 -0.2205592394 -0.3608771563 0.6745552421 -0.6440053582 0.5451040864 -0.4077386856 -0.7325371504
219.2 218.7 2113.8 0.3254492581 0.9322879910 0.1578665674 -0.5192884207 0.0366988108 0.8538107276 0.7902039886 -0.3598503470 0.4960699677
292.0 102.6 2290.5 -0.2060383260 0.9322879910 0.2973000109 -0.7637943029 0.0366988108 -0.6444156170 -0.6116914749 -0.3598503470 0.7045149207
17.6 -174.6 2043.5 0.7060628533 0.1187538579 -0.6981208920 -0.0351857692 0.9905042052 0.1329036802 0.7072744966 -0.0692744255 0.7035366893
-28.5 -559.1 2070.4 0.7062862515 0.0013642084 -0.7079250216 -0.0118975434 0.9998797774 -0.0099431816 0.7078263760 0.0154453022 0.7062175870
162.3 -168.5 2148.9 0.9511135817 0.1202516407 0.2844687998 -0.0859145001 0.9877464175 -0.1302908212 -0.2966507375 0.0994813815 0.9497904181
115.6 -551.8 2110.3 0.9497821927 -0.0584996603 0.3073948622 0.0055112741 0.9853439927 0.1704901010 -0.3128632605 -0.1602343172 0.9361845851
67.7 164.3 1788.7 0 0 0 0 0 0 0 0 0
239.7 -91.1 2135.3 0 0 0 0 0 0 0 0 0
-29.0 -932.2 2064.7 0 0 0 0 0 0 0 0 0
137.4 -918.9 2170.0 0 0 0 0 0 0 0 0 0
145.7 216.4 1826.3 36 0.8826493025 0.1612625122 -0.4415026605 0.4418449402 0.0357185453 0.8963800669 0.1603223383 -0.9862649441 -0.0397260785
112.2 208.9 2031.2 0.8826493025 0.1612625122 -0.4415026605 0.4418449402 0.0357185453 0.8963800669 0.1603223383 -0.9862649441 -0.0397260785
100.2 18.7 2067.3 0.7994799018 0.0618292242 -0.5975023508 0.0629637092 0.9805837274 0.1857179999 0.5973838568 -0.1860987693 0.7800639272
3.0 200.3 1949.7 0.7008606791 -0.6105628610 -0.3687916994 0.7039499879 0.6754852533 0.2194860727 0.1151033044 -0.4134400785 0.9032267332
-124.3 72.4 1928.8 -0.7592313290 -0.6105628610 -0.2253459096 -0.3506940603 0.6754852533 -0.6486396194 0.5482531190 -0.4134400785 -0.7269703150
221.4 217.6 2112.8 0.3056073487 0.9390197992 0.1576259732 -0.5128714442 0.0228630174 0.8581609130 0.8022263050 -0.3431021273 0.4885835350
289.7 102.9 2292.2 -0.2027634382 0.9390197992 0.2777206898 -0.7690467834 0.0228630174 -0.6387835145 -0.6061798930 -0.3431021273 0.7175143361
17.3 -177.2 2050.0 0.6916031837 0.1119521931 -0.7135487199 -0.0425218567 0.9925121069 0.1145060584 0.7210249305 -0.0488513373 0.6911849380
-26.2 -562.4 2068.9 0.6922034621 0.0230235066 -0.7213350534 -0.0224948451 0.9996936917 0.0103217550 0.7213517427 0.0090815658 0.6925093532
162.3 -165.7 2154.4 0.9571368098 0.1206344217 0.2633182406 -0.0854866877 0.9862951040 -0.1411170214 -0.2767330706 0.1125580817 0.9543319345
115.5 -548.5 2110.7 0.9561754465 -0.0560646653 0.2873765528 0.0094228117 0.9868801236 0.1611796170 -0.2926426828 -0.1514080912 0.9441587925
68.4 161.4 1789.6 0 0 0 0 0 0 0 0 0
238.3 -92.2 2138.4 0 0 0 0 0 0 0 0 0
-34.8 -935.5 2065.5 0 0 0 0 0 0 0 0 0
136.4 -916.5 2167.1 0 0 0 0 0 0 0 0 0
179.8 312.1 1918.1 37 0.8175026774 0.3676771522 -0.4432864785 0.1289623529 0.6332844496 0.7630985975 0.5613003373 -0.6810024381 0.4702952206
119.3 207.8 2030.3 0.8175026774 0.3676771522 -0.4432864785 0.1289623529 0.6332844496 0.7630985975 0.5613003373 -0.6810024381 0.4702952206
101.6 18.3 2067.3 0.7934542298 0.0913436487 -0.6017364264 0.0445828736 0.9772948027 0.2071407586 0.6069948673 -0.1911838502 0.7713662982
11.0 201.7 1947.4 0.7109937668 -0.5984047055 -0.3693232536 0.6944988370 0.6799110770 0.2353556156 0.1102690771 -0.4238309264 0.8990039229
-122.2 71.6 1926.7 -0.7687188983 -0.5984047055 -0.2257942706 -0.3381522596 0.6799110770 -0.6506718993 0.5428851843 -0.4238309264 -0.7250124216
227.6 214.0 2113.2 0.2812587321 0.9435124397 0.1751506776 -0.5158661008 -0.0052479901 0.8566531539 0.8091821074 -0.3312954605 0.4852500558
290.5 98.6 2294.1 -0.2164388150 0.9435124397 0.2508753836 -0.7668277025 -0.0052479901 -0.6418315172 -0.6042594910 -0.3312954605 0.7246474028
16.5 -177.2 2049.9 0.6833885312 0.1082792953 -0.7219803929 -0.0393454507 0.9929652214 0.1116780266 0.7289938927 -0.0479128398 0.6828413606
-25.5 -562.6 2068.5 0.6837807894 0.0246835724 -0.7292698622 -0.0259495601 0.9996180534 0.0095031150 0.7292259336 0.0124261854 0.6841601729
159.7 -165.9 2156.9 0.9622414708 0.1120339781 0.2480720282 -0.0794919357 0.9873006940 -0.1375438720 -0.2603312731 0.1126306877 0.9589275122
116.2 -549.1 2113.2 0.9619905353 -0.0436178185 0.2695768178 0.0039658281 0.9892890453 0.1459158808 -0.2730539143 -0.1393006146 0.9518597126
72.9 157.5 1788.9 0 0 0 0 0 0 0 0 0
235.6 -96.0 2140.8 0 0 0 0 0 0 0 0 0
-34.7 -935.7 2063.9 0 0 0 0 0 0 0 0 0
132.5 -918.2 2165.1 0 0 0 0 0 0 0 0 0
208.3 358.5 1959.5 38 0.7827703953 0.3450596035 -0.5178844929 -0.0112891588 0.8399328589 0.5425728559 0.6222081780 -0.4188635051 0.6613700390
148.6 213.1 2032.0 0.7827703953 0.3450596035 -0.5178844929 -0.0112891588 0.8399328589 0.5425728559 0.6222081780 -0.4188635051 0.6613700390
113.2 26.2 2065.4 0.7760401368 0.1833295226 -0.6034500599 -0.0343131907 0.9676750898 0.2498549819 0.6297493577 -0.1731912047 0.7572453618
43.1 217.7 1946.1 0.6900897622 -0.6019825339 -0.4017376602 0.6993015409 0.6976230145 0.1558827609 0.1864227504 -0.3885088563 0.9023898244
-97.6 75.1 1908.1 -0.7631293535 -0.6019825339 -0.2350545824 -0.3594016433 0.6976230145 -0.6198003888 0.5370885134 -0.3885088563 -0.7487301230
254.1 208.6 2117.9 0.2096490264 0.9492571950 0.2344312668 -0.5480164886 -0.0844872966 0.8321897984 0.8097686172 -0.3029399812 0.5024959445
300.8 86.3 2298.5 -0.2644894421 0.9492571950 0.1701648086 -0.7356312275 -0.0844872966 -0.6720926762 -0.6236120462 -0.3029399812 0.7206492424
12.8 -175.3 2050.0 0.6677147746 0.0982115343 -0.7379102111 -0.0275192875 0.9938379526 0.1073725596 0.7439084053 -0.0513874777 0.6663029790
-25.4 -561.1 2069.9 0.6675363183 0.0233227387 -0.7442119122 -0.0362608954 0.9993416071 -0.0012067511 0.7436937690 0.0277913380 0.6679425240
154.9 -167.3 2158.7 0.9720003009 0.1030741557 0.2111660242 -0.0740244016 0.9872176647 -0.1411443204 -0.2230151594 0.1215608791 0.9672058821
114.8 -550.5 2111.5 0.9697104692 -0.0740286931 0.2327688485 0.0335071050 0.9842736125 0.1734437346 -0.2419480532 -0.1603908092 0.9569409490
98.3 167.4 1770.2 0 0 0 0 0 0 0 0 0
233.8 -100.0 2140.5 0 0 0 0 0 0 0 0 0
-34.1 -934.1 2059.6 0 0 0 0 0 0 0 0 0
142.5 -917.6 2171.3 0 0 0 0 0 0 0 0 0
227.9 382.7 1979.3 39 0.8025999665 0.3326741755 -0.4951375425 -0.1152487844 0.9008862376 0.4184754491 0.5852785707 -0.2788043916 0.7613915801
166.7 216.9 2030.6 0.8025999665 0.3326741755 -0.4951375425 -0.1152487844 0.9008862376 0.4184754491 0.5852785707 -0.2788043916 0.7613915801
120.4 31.7 2061.4 0.8056917787 0.2391398698 -0.5419159532 -0.1051972508 0.9581055641 0.2663967907 0.5829188228 -0.1576256305 0.7970945835
57.4 231.2 1951.2 0.6299245954 -0.5979055166 -0.4956853688 0.7076520324 0.7048539519 0.0490863025 0.3200368285 -0.3816934228 0.8671139479
-69.6 88.5 1886.7 -0.7738902569 -0.5979055166 -0.2088129818 -0.3835630715 0.7048539519 -0.5967078209 0.5039575696 -0.3816934228 -0.7748140693
276.0 202.5 2109.9 0.2147454023 0.9228115082 0.3198489249 -0.5865020752 -0.1400197148 0.7977529764 0.7809607983 -0.3589058518 0.5111622810
323.9 71.7 2284.2 -0.3491727114 0.9228115082 0.1627800316 -0.6976195574 -0.1400197148 -0.7026531696 -0.6256240010 -0.3589058518 0.6926624179
8.6 -157.8 2042.4 0.7150377035 0.0855860189 -0.6938271523 -0.0115034105 0.9937837720 0.1107316539 0.6989912391 -0.0711959302 0.7115774155
-24.6 -543.5 2070.0 0.7146928906 0.0245626308 -0.6990069747 -0.0311651435 0.9995089173 0.0032575671 0.6987437010 0.0194564927 0.7151074409
146.9 -163.8 2155.1 0.9619050026 0.0802007541 0.2613552809 -0.0467578024 0.9901781082 -0.1317611188 -0.2693556249 0.1145212799 0.9562073350
115.8 -548.1 2110.6 0.9596025348 -0.0665259138 0.2733811438 0.0228041895 0.9868379235 0.1600964069 -0.2804334462 -0.1473946869 0.9484892488
132.2 188.5 1755.3 0 0 0 0 0 0 0 0 0
235.7 -104.5 2126.2 0 0 0 0 0 0 0 0 0
-33.8 -916.6 2062.8 0 0 0 0 0 0 0 0 0
140.6 -916.3 2165.6 0 0 0 0 0 0 0 0 0
235.2 390.1 1980.1 40 0.8161767125 0.3275646865 -0.4759799838 -0.1540975422 0.9173408151 0.3670692444 0.5568747520 -0.2262460142 0.7991890907
172.7 215.2 2023.2 0.8161767125 0.3275646865 -0.4759799838 -0.1540975422 0.9173408151 0.3670692444 0.5568747520 -0.2262460142 0.7991890907
120.3 31.6 2054.9 0.8209196925 0.2703877389 -0.5029724836 -0.1392936409 0.9490049481 0.2828194499 0.5537943244 -0.1621111929 0.8167201877
61.1 234.3 1947.8 0.5853559375 -0.5890441537 -0.5571224689 0.7166724205 0.6972306967 0.0158111788 0.3791294098 -0.4085294604 0.8302798271
-52.6 95.1 1874.1 -0.7893018723 -0.5890441537 -0.1732902229 -0.3879960179 0.6972306967 -0.6027672887 0.4758798182 -0.4085294604 -0.7788723111
284.3 196.2 2098.7 0.2197330147 0.9032803178 0.3685133159 -0.5989162326 -0.1732762158 0.7818405628 0.7700757980 -0.3925047815 0.5029147267
333.4 62.4 2270.8 -0.3979242742 0.9032803178 0.1604398489 -0.6804223657 -0.1732762158 -0.7120398879 -0.6153711677 -0.3925047815 0.6835629344
2.3 -144.0 2040.2 0.7410036325 0.0599650033 -0.6688181758 -0.0107510267 0.9969365597 0.0774721056 0.6714149117 -0.0502166301 0.7393783331
-20.9 -530.8 2059.6 0.7421873808 0.0428843051 -0.6688189507 0.0121990116 0.9969208837 0.0774592459 0.6700813770 -0.0656482056 0.7393789887
145.7 -162.8 2144.2 0.9526035190 0.0774465278 0.2941913009 -0.0502253659 0.9938197732 -0.0989934951 -0.3000398278 0.0795256868 0.9506059885
115.6 -548.3 2113.4 0.9500427246 -0.0698848218 0.3041956127 0.0259119757 0.9889065623 0.1462613940 -0.3110424876 -0.1310722679 0.9413143396
157.2 198.2 1747.6 0 0 0 0 0 0 0 0 0
232.8 -109.6 2115.2 0 0 0 0 0 0 0 0 0
-36.9 -901.5 2084.0 0 0 0 0 0 0 0 0 0
141.7 -917.3 2162.3 0 0 0 0 0 0 0 0 0
243.8 391.0 1979.5 41 0.8495324254 0.3287650347 -0.4125629961 -0.1955068409 0.9225773215 0.3326080739 0.4899711609 -0.2019024491 0.8480351567
179.9 211.5 2018.8 0.8495324254 0.3287650347 -0.4125629961 -0.1955068409 0.9225773215 0.3326080739 0.4899711609 -0.2019024491 0.8480351567
123.6 28.9 2051.3 0.8553029299 0.2905786335 -0.4289766252 -0.1781307608 0.9423781037 0.2831836641 0.4865452647 -0.1657938957 0.8577797413
63.8 235.9 1952.7 0.5517660975 -0.5761347413 -0.6030114889 0.7104207277 0.7034322619 -0.0220322367 0.4368712902 -0.4162352383 0.7974281907
-44.2 96.9 1867.2 -0.8014476895 -0.5761347413 -0.1604691297 -0.3862046003 0.7034322619 -0.5966817141 0.4566482306 -0.4162352383 -0.7862700820
296.0 187.2 2085.0 0.2559779584 0.8637878299 0.4339883029 -0.6226485968 -0.1960862577 0.7575347424 0.7394484282 -0.4641343951 0.4876425266
353.2 48.2 2250.1 -0.4676072598 0.8637878299 0.1876539737 -0.6550524831 -0.1960862577 -0.7296961546 -0.5935062766 -0.4641343951 0.6575177312
-5.2 -139.6 2037.1 0.7924640775 0.0315508470 -0.6091019511 0.0041884743 0.9983560443 0.0571631640 0.6099041700 -0.0478509665 0.7910292149
-17.5 -526.9 2055.7 0.7924582958 0.0731655583 -0.6055217981 0.0041097519 0.9921158552 0.1252564639 0.6099122763 -0.1017490700 0.7859097719
141.1 -164.6 2136.1 0.9286086559 0.0615863279 0.3659139872 -0.0321943946 0.9957838058 -0.0858963355 -0.3696612418 0.0679837018 0.9266762137
117.2 -551.0 2109.7 0.9273936152 -0.0604243316 0.3691747487 -0.0077576749 0.9835500121 0.1804694533 -0.3740065694 -0.1702301651 0.9116691947
173.5 201.8 1743.2 0 0 0 0 0 0 0 0 0
235.1 -117.3 2100.2 0 0 0 0 0 0 0 0 0
-44.7 -896.2 2093.5 0 0 0 0 0 0 0 0 0
139.8 -917.8 2173.2 0 0 0 0 0 0 0 0 0
253.7 392.9 1979.3 42 0.8568868637 0.3471556306 -0.3810877502 -0.2301452756 0.9191133976 0.3197870255 0.4612787068 -0.1863157600 0.8674724102
185.5 212.4 2015.8 0.8568868637 0.3471556306 -0.3810877502 -0.2301452756 0.9191133976 0.3197870255 0.4612787068 -0.1863157600 0.8674724102
124.3 31.3 2048.4 0.8639150262 0.3158514202 -0.3922865689 -0.2105009258 0.9340587258 0.2884851694 0.4575371146 -0.1666499972 0.8734343648
68.0 241.1 1953.5 0.5428001285 -0.5676775575 -0.6189589500 0.7145419121 0.6994346976 -0.0148635665 0.4413590729 -0.4342041910 0.7852826715
-41.4 97.2 1864.6 -0.8092210889 -0.5676775575 -0.1513387263 -0.3771228492 0.6994346976 -0.6070992351 0.4504881501 -0.4342041910 -0.7800815105
303.0 183.6 2078.2 0.2592482865 0.8418444991 0.4733794928 -0.6374307871 -0.2190839946 0.7387043834 0.7255840898 -0.4932545424 0.4798204601
361.0 41.2 2240.3 -0.5072674751 0.8418444991 0.1843298972 -0.6333011985 -0.2190839946 -0.7422477603 -0.5844734907 -0.4932545424 0.6442753077
-8.9 -137.7 2040.3 0.8128059506 0.0197455529 -0.5821998119 0.0167663917 0.9982183576 0.0572624654 0.5822932124 -0.0563046597 0.8110267520
-16.5 -525.1 2062.2 0.8104856610 0.0755758733 -0.5808625221 -0.0218097419 0.9948475957 0.0990079343 0.5853523016 -0.0675760508 0.8079580069
143.4 -169.6 2127.1 0.9154460430 0.0716075599 0.3960187733 -0.0529291183 0.9969177842 -0.0579091012 -0.3989448845 0.0320517346 0.9164145589
115.7 -556.3 2114.7 0.9123107791 -0.0779529437 0.4020103514 0.0110601597 0.9860464931 0.1661024839 -0.4093490839 -0.1470907927 0.9004430175
183.0 201.8 1739.7 0 0 0 0 0 0 0 0 0
232.6 -119.0 2092.5 0 0 0 0 0 0 0 0 0
-44.7 -895.7 2087.4 0 0 0 0 0 0 0 0 0
144.7 -924.1 2169.5 0 0 0 0 0 0 0 0 0
261.9 392.9 1979.1 43 0.8501657844 0.3581538498 -0.3859326243 -0.2403032929 0.9161422253 0.3208390474 0.4684789181 -0.1800255030 0.8649383187
191.3 212.3 2014.6 0.8501657844 0.3581538498 -0.3859326243 -0.2403032929 0.9161422253 0.3208390474 0.4684789181 -0.1800255030 0.8649383187
126.7 32.4 2047.3 0.8565507531 0.3329896629 -0.3942571878 -0.2232676893 0.9278861284 0.2986283600 0.4652659297 -0.1677654535 0.8691273332
74.5 242.8 1951.1 0.5416908860 -0.5609917045 -0.6259866357 0.7119970918 0.7020611167 -0.0130484430 0.4468009770 -0.4386324584 0.7797245979
-35.7 98.0 1860.2 -0.8152378798 -0.5609917045 -0.1437897980 -0.3764998913 0.7020611167 -0.6044484973 0.4400398433 -0.4386324584 -0.7835601568
308.0 181.8 2078.1 0.2433052808 0.8419362903 0.4816075861 -0.6383951306 -0.2348172963 0.7330160737 0.7302426100 -0.4858025908 0.4803557098
362.4 39.1 2241.4 -0.5131622553 0.8419362903 0.1667567343 -0.6267141700 -0.2348172963 -0.7430276871 -0.5864245892 -0.4858025908 0.6481527686
-14.0 -130.9 2040.1 0.8085403442 -0.0001242882 -0.5884407163 0.0171962027 0.9995778799 0.0234171189 0.5881894231 -0.0290526319 0.8082011938
-14.0 -518.7 2051.4 0.8083335757 0.0917466804 -0.5815319419 0.0149554955 0.9842635393 0.1760727763 0.5885347724 -0.1510226429 0.7942411304
140.1 -168.6 2121.9 0.9188247323 0.0644490793 0.3893680274 -0.0535005406 0.9978094697 -0.0389099345 -0.3910228014 0.0149200093 0.9202600718
115.1 -555.8 2116.1 0.9148709178 -0.0870648250 0.3942472637 0.0204826742 0.9852235913 0.1700438410 -0.4032265246 -0.1474929303 0.9031357765
192.4 203.3 1737.1 0 0 0 0 0 0 0 0 0
232.4 -119.7 2092.8 0 0 0 0 0 0 0 0 0
-48.1 -884.4 2107.5 0 0 0 0 0 0 0 0 0
147.6 -923.4 2171.1 0 0 0 0 0 0 0 0 0
270.6 391.6 1979.5 44 0.8330127001 0.3750303984 -0.4067456722 -0.2507443130 0.9112643600 0.3266873062 0.4931704998 -0.1701455116 0.8531315327
196.8 212.3 2013.0 0.8330127001 0.3750303984 -0.4067456722 -0.2507443130 0.9112643600 0.3266873062 0.4931704998 -0.1701455116 0.8531315327
128.7 33.5 2045.3 0.8403740525 0.3514475822 -0.4126209915 -0.2321748585 0.9213219881 0.3118664324 0.4897614717 -0.1662842482 0.8558523655
82.2 243.9 1946.2 0.5500625968 -0.5570019484 -0.6222378612 0.7091922760 0.7050029039 -0.0041589499 0.4409960210 -0.4389985800 0.7828171849
-30.3 98.9 1856.0 -0.8189918399 -0.5570019484 -0.1378447115 -0.3785358369 0.7050029039 -0.5997346044 0.4312342703 -0.4389985800 -0.7882367969
311.5 180.6 2079.9 0.2143608928 0.8509237170 0.4795604646 -0.6356793642 -0.2512323260 0.7299274206 0.7415936589 -0.4613145888 0.4870602489
359.4 38.5 2245.7 -0.5067452192 0.8509237170 0.1383405328 -0.6238937378 -0.2512323260 -0.7400262952 -0.5949503183 -0.4613145888 0.6581968069
-14.5 -127.6 2038.3 0.7928522229 -0.0098523172 -0.6093342900 0.0316907614 0.9991829991 0.0250795372 0.6085894108 -0.0391946360 0.7925167084
-10.7 -515.4 2053.5 0.7891228199 0.1060352251 -0.6050137877 -0.0093938662 0.9869549870 0.1607220918 0.6141635776 -0.1211460531 0.7798247933
138.6 -167.6 2121.5 0.9291639328 0.0618539043 0.3644564748 -0.0537598841 0.9980306029 -0.0323230512 -0.3657380342 0.0104402723 0.9306592941
114.6 -555.0 2117.5 0.9251347184 -0.0882630348 0.3692362010 0.0208296217 0.9829343557 0.1827734262 -0.3790671229 -0.1613989919 0.9111852050
199.9 205.3 1734.7 0 0 0 0 0 0 0 0 0
230.9 -119.8 2094.8 0 0 0 0 0 0 0 0 0
-50.1 -882.7 2098.6 0 0 0 0 0 0 0 0 0
147.6 -921.8 2177.7 0 0 0 0 0 0 0 0 0
278.0 386.5 1973.8 45 0.8181453347 0.3991447389 -0.4139102399 -0.2569059432 0.8977255225 0.3578940928 0.5144293308 -0.1864733845 0.8370125890
199.4 209.7 2010.5 0.8181453347 0.3991447389 -0.4139102399 -0.2569059432 0.8977255225 0.3578940928 0.5144293308 -0.1864733845 0.8370125890
127.3 32.9 2044.8 0.8264273405 0.3712467551 -0.4233127534 -0.2374559641 0.9115067124 0.3358127177 0.5105217695 -0.1770066768 0.8414488435
86.6 242.1 1940.8 0.5541519523 -0.5491314530 -0.6255959272 0.7117362022 0.7023075819 0.0139879892 0.4316795170 -0.4530107379 0.7800218463
-24.7 99.2 1854.1 -0.8240830898 -0.5491314530 -0.1390743107 -0.3648240566 0.7023075819 -0.6112834811 0.4333479106 -0.4530107379 -0.7790961862
312.2 177.3 2080.2 0.1886858791 0.8549087048 0.4832481146 -0.6246214509 -0.2752426863 0.7308142781 0.7577899694 -0.4397414625 0.4820599258
354.3 37.7 2249.6 -0.5064991713 0.8549087048 0.1122037843 -0.6261767745 -0.2752426863 -0.7294821143 -0.5927573442 -0.4397414625 0.6747341752
-14.7 -124.5 2033.7 0.7813628912 -0.0210342724 -0.6237223148 0.0389585234 0.9991265535 0.0151106426 0.6228597164 -0.0361061990 0.7814999223
-6.5 -512.2 2047.8 0.7766341567 0.1266410500 -0.6170911193 -0.0032161917 0.9803688526 0.1971461475 0.6299436688 -0.1511257589 0.7617952228
135.6 -166.0 2121.4 0.9373525381 0.0418352708 0.3458613157 -0.0373292156 0.9991091490 -0.0196823627 -0.3463766277 0.0055385805 0.9380791783
119.4 -553.8 2119.3 0.9365407228 -0.0432779007 0.3478771746 -0.0114764292 0.9880332947 0.1538133323 -0.3503709435 -0.1480448395 0.9248366952
208.2 202.3 1731.7 0 0 0 0 0 0 0 0 0
225.8 -121.2 2099.2 0 0 0 0 0 0 0 0 0
-53.7 -877.4 2104.1 0 0 0 0 0 0 0 0 0
135.5 -922.1 2174.5 0 0 0 0 0 0 0 0 0
286.3 381.1 1970.9 46 0.7951625586 0.4156459272 -0.4415370226 -0.2563894391 0.8902924061 0.3763560057 0.5495278835 -0.1860587895 0.8144944310
204.5 205.9 2007.5 0.7951625586 0.4156459272 -0.4415370226 -0.2563894391 0.8902924061 0.3763560057 0.5495278835 -0.1860587895 0.8144944310
129.0 30.6 2042.7 0.8042595387 0.3886153698 -0.4496050775 -0.2361029834 0.9032334089 0.3583640754 0.5453640819 -0.1820646226 0.8181872964
94.7 238.0 1933.1 0.5856785178 -0.5373595953 -0.6068157554 0.6985216141 0.7143800855 0.0415778756 0.4111548364 -0.4482252002 0.7937542796
-21.5 99.4 1851.5 -0.8296618462 -0.5373595953 -0.1513468474 -0.3524135649 0.7143800855 -0.6045376658 0.4329732656 -0.4482252002 -0.7820667028
314.2 173.7 2081.9 0.1531625092 0.8669372797 0.4743004739 -0.6107283235 -0.2942872047 0.7351230979 0.7768861651 -0.4022620320 0.4843893945
348.4 37.2 2255.5 -0.4921664596 0.8669372797 0.0786885619 -0.6328770518 -0.2942872047 -0.7161436081 -0.5976945758 -0.4022620320 0.6935030222
-18.7 -122.7 2033.4 0.7582346797 -0.0414428897 -0.6506632566 0.0546565726 0.9985052347 0.0000946240 0.6496866941 -0.0356347673 0.7593663931
-2.6 -510.3 2047.2 0.7503471971 0.1414864510 -0.6457248926 -0.0120179681 0.9795843363 0.2006741017 0.6609346867 -0.1428149492 0.7367287278
129.2 -165.2 2124.8 0.9502510428 0.0267445482 0.3103348315 -0.0206119437 0.9995223880 -0.0230243411 -0.3108024001 0.0154822990 0.9503484368
118.9 -553.1 2118.8 0.9498356581 -0.0402548537 0.3101479709 -0.0087340558 0.9878809452 0.1549677104 -0.3126274645 -0.1499027014 0.9379729629
213.6 199.3 1728.8 0 0 0 0 0 0 0 0 0
223.5 -123.4 2103.9 0 0 0 0 0 0 0 0 0
-55.4 -875.5 2100.5 0 0 0 0 0 0 0 0 0
133.9 -921.7 2174.7 0 0 0 0 0 0 0 0 0
294.6 376.0 1964.9 47 0.8154003620 0.4281018078 -0.3896807432 -0.2850860953 0.8828135133 0.3733178079 0.5038334727 -0.1933109164 0.8418923616
210.4 202.3 2003.0 0.8154003620 0.4281018078 -0.3896807432 -0.2850860953 0.8828135133 0.3733178079 0.5038334727 -0.1933109164 0.8418923616
131.9 28.6 2039.8 0.8241156340 0.4043303132 -0.3966741860 -0.2664758265 0.8947353959 0.3583841920 0.4998240471 -0.1896459460 0.8451096416
98.1 238.6 1934.8 0.5876708627 -0.5259303451 -0.6148498058 0.6968519092 0.7151551843 0.0543185882 0.4111452103 -0.4603807032 0.7867713571
-20.4 98.1 1851.9 -0.8334310055 -0.5259303451 -0.1696764827 -0.3253478706 0.7151551843 -0.6186290383 0.4467007816 -0.4603807032 -0.7671427727
322.7 165.9 2071.1 0.1748757809 0.8364087343 0.5194602013 -0.6267642975 -0.3123185933 0.7138792872 0.7593319416 -0.4504192770 0.4696141481
361.8 25.8 2240.8 -0.5400165319 0.8364087343 0.0938218534 -0.6102299094 -0.3123185933 -0.7280635834 -0.5796564221 -0.4504192770 0.6790588498
-18.4 -123.5 2029.1 0.7910935879 -0.0361462831 -0.6106262207 0.0515179299 0.9986429214 0.0076286825 0.6095218062 -0.0374932028 0.7918822169
-4.3 -511.2 2043.7 0.7864887118 0.1310859174 -0.6035329103 0.0126739712 0.9735842347 0.2279761732 0.6174745560 -0.1869498491 0.7640516162
125.6 -165.7 2126.8 0.9330213070 0.0210482124 0.3592050076 -0.0181853939 0.9997702241 -0.0113473274 -0.3593613207 0.0040550139 0.9331896901
117.4 -553.8 2125.2 0.9319677353 -0.0542219318 0.3584636152 0.0062509845 0.9910088778 0.1336500943 -0.3624873757 -0.1223168299 0.9239271879
217.1 190.9 1724.6 0 0 0 0 0 0 0 0 0
224.9 -128.8 2093.9 0 0 0 0 0 0 0 0 0
-53.2 -874.0 2113.4 0 0 0 0 0 0 0 0 0
137.6 -923.4 2170.8 0 0 0 0 0 0 0 0 0
303.3 371.1 1952.4 48 0.8358660936 0.4282920957 -0.3433565497 -0.2912682891 0.8762263060 0.3839143813 0.4652855396 -0.2208921462 0.8571557999
219.1 198.8 1995.9 0.8358660936 0.4282920957 -0.3433565497 -0.2912682891 0.8762263060 0.3839143813 0.4652855396 -0.2208921462 0.8571557999
139.4 26.9 2037.6 0.8417844772 0.4113874435 -0.3495129049 -0.2788490355 0.8857795000 0.3709957600 0.4622143507 -0.2148371488 0.8603504300
104.4 236.9 1932.8 0.6056986451 -0.5175002217 -0.6044192314 0.6880499125 0.7221624255 0.0711950660 0.3996454179 -0.4589933455 0.7934788465
-18.7 97.1 1851.6 -0.8356112838 -0.5175002217 -0.1842478812 -0.3110044897 0.7221624255 -0.6178653836 0.4528023601 -0.4589933455 -0.7643919587
333.8 160.7 2058.9 0.1993336231 0.8082329631 0.5540989041 -0.6253986359 -0.3303917944 0.7069072127 0.7544154525 -0.4874430597 0.4396095872
378.4 20.9 2227.6 -0.5779772997 0.8082329631 0.1127020642 -0.6035167575 -0.3303917944 -0.7256781459 -0.5492811799 -0.4874430597 0.6787410975
-20.1 -121.1 2032.0 0.8187639117 -0.0526619628 -0.5717100501 0.0714306980 0.9973911047 0.0104254028 0.5696694851 -0.0493735932 0.8203895092
0.3 -508.3 2051.1 0.8056163788 0.1563163400 -0.5714432597 -0.0500394776 0.9790700674 0.1972759813 0.5903204679 -0.1303340346 0.7965769172
127.2 -168.8 2121.4 0.9148474336 0.0256222542 0.4029859006 -0.0261889417 0.9996485710 -0.0041052662 -0.4029494524 -0.0067980816 0.9151970148
117.2 -556.8 2124.0 0.9138435721 -0.0566763468 0.4020916522 -0.0050276970 0.9885565042 0.1507673711 -0.4060352445 -0.1397993863 0.9031010270
219.5 185.7 1722.6 0 0 0 0 0 0 0 0 0
232.0 -132.0 2088.4 0 0 0 0 0 0 0 0 0
-57.9 -872.7 2099.7 0 0 0 0 0 0 0 0 0
138.4 -925.7 2176.2 0 0 0 0 0 0 0 0 0
311.4 366.5 1945.7 49 0.8453087807 0.4278510809 -0.3199945390 -0.2952968180 0.8732727170 0.3875494003 0.4452559352 -0.2331055403 0.8645281792
227.1 194.5 1991.6 0.8453087807 0.4278510809 -0.3199945390 -0.2952968180 0.8732727170 0.3875494003 0.4452559352 -0.2331055403 0.8645281792
147.3 23.5 2036.9 0.8518319726 0.4121002555 -0.3233506382 -0.2816741765 0.8808225393 0.3805407882 0.4416354895 -0.2330773026 0.8663908243
110.9 233.0 1931.4 0.6145296693 -0.5085496306 -0.6031007767 0.6755284071 0.7340655923 0.0693474710 0.4074489176 -0.4500278234 0.7946447730
-12.7 97.1 1849.4 -0.8368804455 -0.5085496306 -0.2025053203 -0.2984738946 0.7340655923 -0.6099680662 0.4588512182 -0.4500278234 -0.7661139369
343.4 156.0 2051.9 0.2151624560 0.7922737002 0.5709706545 -0.6206710339 -0.3404523432 0.7063000202 0.7539712191 -0.5063541532 0.4184888005
391.5 17.1 2220.5 -0.5971392989 0.7922737002 0.1254072040 -0.6031864285 -0.3404523432 -0.7212893367 -0.5287634134 -0.5063541532 0.6811862588
-15.5 -120.0 2038.0 0.8353925943 -0.0381128937 -0.5483307242 0.0452756733 0.9989744425 -0.0004574659 0.5477858186 -0.0244438797 0.8362614512
-0.7 -507.6 2047.5 0.8255389333 0.1524894834 -0.5433529615 -0.0363217182 0.9751630425 0.2184898555 0.5631751418 -0.1606363654 0.8105736971
134.9 -170.0 2120.7 0.9029009938 0.0462820865 0.4273497164 -0.0493550263 0.9987736940 -0.0038905586 -0.4270057380 -0.0175790675 0.9040780067
117.0 -557.6 2127.5 0.9016628861 -0.0496875159 0.4295756221 -0.0116566075 0.9902234077 0.1390024722 -0.4322825372 -0.1303407699 0.8922685385
225.8 182.1 1718.6 0 0 0 0 0 0 0 0 0
240.1 -135.8 2086.5 0 0 0 0 0 0 0 0 0
-57.5 -871.0 2107.4 0 0 0 0 0 0 0 0 0
135.5 -927.1 2176.2 0 0 0 0 0 0 0 0 0
319.2 360.9 1942.8 50 0.8185385466 0.4465259016 -0.3613989949 -0.2828424573 0.8608508706 0.4230082333 0.4999947846 -0.2440295666 0.8309360743
231.5 192.0 1990.7 0.8185385466 0.4465259016 -0.3613989949 -0.2828424573 0.8608508706 0.4230082333 0.4999947846 -0.2440295666 0.8309360743
148.6 23.0 2037.8 0.8264590502 0.4272820950 -0.3665998578 -0.2671460807 0.8708102107 0.4127015173 0.4955788553 -0.2431451827 0.8338357210
118.9 228.3 1923.2 0.6448895335 -0.4994309545 -0.5785207152 0.6615033150 0.7438734770 0.0952137932 0.3827934861 -0.4440957308 0.8100914359
-8.5 97.7 1847.6 -0.8380254507 -0.4994309545 -0.2197317779 -0.2847917080 0.7438734770 -0.6046039462 0.4654105604 -0.4440957308 -0.7656186819
344.2 155.6 2058.3 0.1725723743 0.8161391020 0.5514850020 -0.5932752490 -0.3608107865 0.7196110487 0.7862844467 -0.4513674080 0.4219291806
382.7 23.1 2233.9 -0.5712916255 0.8161391020 0.0868494585 -0.6212031841 -0.3608107865 -0.6956451535 -0.5364069939 -0.4513674080 0.7131164074
-8.8 -122.2 2042.6 0.8069133162 -0.0171367209 -0.5904212594 0.0200115312 0.9997983575 -0.0016694750 0.5903307796 -0.0104681123 0.8070935011
