368.1 326.7 1903.3 57 0.8240765929 0.5281254053 -0.2048933506 -0.3835319579 0.7863504291 0.4843100905 0.4168944359 -0.3205254674 0.8505659699
263.8 171.4 1966.6 0.8240765929 0.5281254053 -0.2048933506 -0.3835319579 0.7863504291 0.4843100905 0.4168944359 -0.3205254674 0.8505659699
165.0 16.5 2029.1 0.8347332478 0.5093304515 -0.2092913091 -0.3672562242 0.7981401086 0.4775931835 0.4102965295 -0.3217993677 0.8532888889
149.9 221.6 1910.6 0.6673229933 -0.4634177387 -0.5830300450 0.6617186666 0.7281669974 0.1786092669 0.3417724967 -0.5049918890 0.7925747633
13.4 86.3 1840.7 -0.8495728970 -0.4634177387 -0.2519322038 -0.2030716985 0.7281669974 -0.6546256542 0.4868138731 -0.5049918890 -0.7127379775
377.7 121.3 2022.6 0.1813136637 0.7028976083 0.6877937913 -0.5933522582 -0.4795522094 0.6465004086 0.7842565775 -0.5253233910 0.3301165402
418.3 -11.5 2198.1 -0.7074618340 0.7028976083 0.0737069696 -0.5478736758 -0.4795522094 -0.6854663491 -0.4464662969 -0.5253233910 0.7243639827
-9.8 -105.2 2055.0 0.8682622910 -0.0444871485 -0.4941067100 0.0421524197 0.9989851117 -0.0158723667 0.4943113625 -0.0070464150 0.8692563772
7.4 -492.9 2057.8 0.8523139954 0.1762280017 -0.4924475253 -0.0898928493 0.9768739343 0.1940016001 0.5152476430 -0.1210827604 0.8484449387
139.5 -167.9 2131.1 0.8784053922 0.0610602573 0.4739995301 -0.0646219924 0.9978711009 -0.0087889507 -0.4735271037 -0.0229105335 0.8804812431
115.8 -555.3 2140.0 0.8750530481 -0.0767100826 0.4779097140 0.0250275061 0.9932116866 0.1135966703 -0.4833795130 -0.0874422267 0.8710327744
254.5 143.9 1702.5 0 0 0 0 0 0 0 0 0
238.8 -150.4 2084.9 0 0 0 0 0 0 0 0 0
-58.2 -857.1 2102.9 0 0 0 0 0 0 0 0 0
144.4 -925.4 2172.5 0 0 0 0 0 0 0 0 0
375.7 322.8 1901.1 58 0.8240287304 0.5334687233 -0.1907557994 -0.3949654698 0.7823145390 0.4816495180 0.4061760008 -0.3215510845 0.8553513885
270.1 168.0 1964.8 0.8240287304 0.5334687233 -0.1907557994 -0.3949654698 0.7823145390 0.4816495180 0.4061760008 -0.3215510845 0.8553513885
169.4 14.3 2027.2 0.8322705030 0.5190299153 -0.1947659552 -0.3826371431 0.7920511365 0.4756509662 0.4011416733 -0.3213455677 0.8578009009
156.5 220.3 1910.0 0.6854661107 -0.4429735541 -0.5778499842 0.6490154266 0.7314592600 0.2091562897 0.3300230205 -0.5184031129 0.7888872027
14.5 85.8 1841.6 -0.8549383283 -0.4429735541 -0.2699163854 -0.1705567539 0.7314592600 -0.6602103710 0.4898885787 -0.5184031129 -0.7009046674
383.7 115.8 2019.6 0.1785918772 0.6910033822 0.7004421949 -0.6007083654 -0.4872387946 0.6338357925 0.7792652845 -0.5339593887 0.3280746639
423.7 -18.6 2193.9 -0.7195581794 0.6910033822 0.0689224675 -0.5340816379 -0.4872387946 -0.6909089684 -0.4438387454 -0.5339593887 0.7196488976
-8.5 -105.5 2054.9 0.8723671436 -0.0422075912 -0.4870257378 0.0397634879 0.9990910292 -0.0153603097 0.4872313738 -0.0059660119 0.8732525706
7.9 -493.3 2057.2 0.8568568230 0.1762554348 -0.4844898880 -0.0857610777 0.9753814936 0.2031648755 0.5083713531 -0.1325328350 0.8508781195
140.9 -171.2 2128.4 0.8734541535 0.0649831817 0.4825505912 -0.0739330053 0.9972630739 -0.0004729893 -0.4812606275 -0.0352632813 0.8758679628
115.6 -558.4 2142.1 0.8694989681 -0.0835900754 0.4868102372 0.0322303288 0.9930773377 0.1129540130 -0.4928820729 -0.0825233459 0.8661738634
256.2 134.1 1703.1 0 0 0 0 0 0 0 0 0
241.2 -154.1 2081.3 0 0 0 0 0 0 0 0 0
-57.9 -857.1 2106.6 0 0 0 0 0 0 0 0 0
146.8 -928.7 2172.8 0 0 0 0 0 0 0 0 0
378.5 316.5 1900.1 59 0.8205396533 0.5396776795 -0.1883151978 -0.3969312012 0.7750622630 0.4916544855 0.4112909734 -0.3286738396 0.8501842618
272.0 163.6 1964.9 0.8205396533 0.5396776795 -0.1883151978 -0.3969312012 0.7750622630 0.4916544855 0.4112909734 -0.3286738396 0.8501842618
170.5 10.8 2028.4 0.8300114274 0.5229364634 -0.1939548105 -0.3830058575 0.7871890068 0.4833631814 0.4054473341 -0.3269111216 0.8536636233
158.6 215.9 1909.5 0.6966944337 -0.4286929071 -0.5751862526 0.6366809011 0.7389500737 0.2204319090 0.3305363357 -0.5197837949 0.7877629995
16.4 86.0 1842.1 -0.8556870222 -0.4286929071 -0.2898657024 -0.1475079656 0.7389500737 -0.6574147940 0.4960253537 -0.5197837949 -0.6955455542
385.3 111.2 2020.3 0.1749586016 0.6896753311 0.7026644945 -0.5951551199 -0.4944447279 0.6334941387 0.7843340635 -0.5290296078 0.3239564598
424.5 -21.9 2195.8 -0.7212080359 0.6896753311 0.0648604259 -0.5344725847 -0.4944447279 -0.6854658723 -0.4406790137 -0.5290296078 0.7252100706
-5.8 -105.1 2053.7 0.8719255328 -0.0330242440 -0.4885235429 0.0368226618 0.9993201494 -0.0018324105 0.4882519245 -0.0163910110 0.8725488186
7.0 -493.0 2060.0 0.8559027314 0.1762731969 -0.4861669540 -0.0971465781 0.9781816006 0.1836389452 0.5079302192 -0.1099476069 0.8543526530
143.2 -173.7 2125.5 0.8742354512 0.0709553063 0.4802891910 -0.0758057162 0.9970790744 -0.0093193864 -0.4795475304 -0.0282613281 0.8770607114
115.7 -560.7 2136.5 0.8702713251 -0.0866654441 0.4848885536 -0.0057731713 0.9825378656 0.1859732419 -0.4925388098 -0.1646465361 0.8545742035
257.7 127.6 1702.2 0 0 0 0 0 0 0 0 0
241.5 -157.5 2084.0 0 0 0 0 0 0 0 0 0
-58.8 -858.0 2101.0 0 0 0 0 0 0 0 0 0
147.9 -926.1 2197.7 0 0 0 0 0 0 0 0 0
385.1 311.7 1899.5 60 0.8139180541 0.5520596504 -0.1810181439 -0.4078927040 0.7648605704 0.4986099005 0.4137160480 -0.3319916129 0.8477149606
276.5 161.1 1964.9 0.8139180541 0.5520596504 -0.1810181439 -0.4078927040 0.7648605704 0.4986099005 0.4137160480 -0.3319916129 0.8477149606
172.6 10.3 2029.2 0.8239407539 0.5351500511 -0.1863761991 -0.3936775327 0.7771271467 0.4910105765 0.4076023400 -0.3311914802 0.8509832621
163.9 214.9 1909.2 0.7100647092 -0.4198551178 -0.5652696490 0.6259045601 0.7441115379 0.2335411310 0.3225702345 -0.5196341872 0.7911565900
16.7 85.1 1842.3 -0.8580441475 -0.4198551178 -0.2957733572 -0.1388520002 0.7441115379 -0.6534662247 0.4944495261 -0.5196341872 -0.6967782974
389.0 107.4 2020.6 0.1657310426 0.6819016933 0.7124207020 -0.5934316516 -0.5080174804 0.6243053079 0.7876370549 -0.5262397528 0.3204677701
426.1 -25.4 2196.8 -0.7294398546 0.6819016933 0.0541065633 -0.5255305767 -0.5080174804 -0.6824484468 -0.4378756881 -0.5262397528 0.7289283872
-5.3 -107.7 2055.5 0.8720606565 -0.0358471274 -0.4880831540 0.0386815555 0.9992424250 -0.0042765411 0.4878666997 -0.0151504120 0.8727866411
8.6 -495.6 2061.4 0.8526229262 0.1925941110 -0.4857382774 -0.1120221689 0.9753543735 0.1900917739 0.5103775263 -0.1076631397 0.8531842828
143.3 -176.3 2128.2 0.8739806414 0.0698330700 0.4809170663 -0.0787910223 0.9968899488 -0.0015679514 -0.4795308709 -0.0365215912 0.8767647147
116.2 -563.3 2142.4 0.8705563545 -0.0785015821 0.4857665300 0.0260876492 0.9931672215 0.1137468815 -0.4913766682 -0.0863505676 0.8666559458
258.9 124.3 1702.7 0 0 0 0 0 0 0 0 0
241.0 -158.8 2085.7 0 0 0 0 0 0 0 0 0
-63.3 -859.6 2101.6 0 0 0 0 0 0 0 0 0
145.4 -932.2 2174.4 0 0 0 0 0 0 0 0 0
390.7 306.2 1899.7 61 0.8060024977 0.5645970106 -0.1777364612 -0.4166798294 0.7544749379 0.5070951581 0.4204020798 -0.3346607387 0.8433648348
279.4 157.5 1965.7 0.8060024977 0.5645970106 -0.1777364612 -0.4166798294 0.7544749379 0.5070951581 0.4204020798 -0.3346607387 0.8433648348
172.7 9.1 2030.6 0.8148834705 0.5502809882 -0.1820874363 -0.4045763016 0.7649518251 0.5011653304 0.4150698781 -0.3347230852 0.8459772468
168.1 212.8 1909.0 0.7255144715 -0.4138228893 -0.5498903394 0.6105757356 0.7557041645 0.2368723452 0.3175312281 -0.5076040030 0.8009445071
18.3 86.7 1843.4 -0.8530187607 -0.4138228893 -0.3179774284 -0.1271262467 0.7557041645 -0.6424563527 0.5061600208 -0.5076040030 -0.6972375512
390.7 102.3 2022.4 0.1514293849 0.6756301522 0.7215213180 -0.5896656513 -0.5240894556 0.6145117283 0.7933243513 -0.5185114741 0.3190333545
424.6 -29.6 2199.9 -0.7362361550 0.6756301522 0.0384731628 -0.5163399577 -0.5240894556 -0.6772911549 -0.4374349415 -0.5185114741 0.7347084284
-5.1 -105.3 2056.9 0.8696573377 -0.0412818268 -0.4919267297 0.0432321690 0.9990375638 -0.0074094851 0.4917591810 -0.0148233464 0.8706050515
11.0 -493.1 2062.7 0.8452067375 0.2133522630 -0.4900064766 -0.1313531399 0.9716655612 0.1965004355 0.5180462003 -0.1017195955 0.8492828012
142.5 -175.8 2130.0 0.8764181137 0.0675492063 0.4767896533 -0.0782277882 0.9969322085 0.0025551629 -0.4751543701 -0.0395375900 0.8790137172
116.3 -562.8 2145.3 0.8714704514 -0.0950942710 0.4811406732 0.0523485094 0.9934539199 0.1015328765 -0.4876462817 -0.0632959083 0.8707437515
259.1 122.6 1700.6 0 0 0 0 0 0 0 0 0
237.8 -160.7 2088.9 0 0 0 0 0 0 0 0 0
-68.6 -855.7 2100.6 0 0 0 0 0 0 0 0 0
151.7 -932.6 2168.9 0 0 0 0 0 0 0 0 0
394.4 301.3 1899.4 62 0.7985562682 0.5694409609 -0.1950509846 -0.4046781361 0.7477915883 0.5263490677 0.4455821812 -0.3413864970 0.8275939822
282.3 154.2 1966.5 0.7985562682 0.5694409609 -0.1950509846 -0.4046781361 0.7477915883 0.5263490677 0.4455821812 -0.3413864970 0.8275939822
174.4 6.9 2032.5 0.8068103194 0.5558032393 -0.2003493905 -0.3936284781 0.7585708499 0.5192561150 0.4405834377 -0.3400779366 0.8308027387
172.1 207.9 1906.4 0.7448595166 -0.4026419818 -0.5320373178 0.5913097858 0.7677460313 0.2468171716 0.3090906143 -0.4984430075 0.8099491000
19.9 87.0 1843.2 -0.8530911207 -0.4026419818 -0.3318357468 -0.1173344329 0.7677460313 -0.6299195290 0.5083976388 -0.4984430075 -0.7022011280
392.5 100.4 2026.7 0.1358622164 0.6869976521 0.7138456702 -0.5718822479 -0.5339848995 0.6227446198 0.8090068698 -0.4928431511 0.3203333914
422.9 -27.5 2207.7 -0.7262435555 0.6869976521 0.0245864857 -0.5274981856 -0.5339848995 -0.6607615352 -0.4408128262 -0.4928431511 0.7501931190
-7.1 -103.1 2058.4 0.8596985340 -0.0471302234 -0.5086228251 0.0457761586 0.9988363385 -0.0151815536 0.5087465048 -0.0102312397 0.8608555794
11.2 -490.9 2062.4 0.8373427987 0.2044182867 -0.5070208907 -0.1180353612 0.9731851220 0.1974292994 0.5337833762 -0.1054696143 0.8390181661
138.9 -175.6 2132.8 0.8876335025 0.0553374551 0.4572139382 -0.0629087389 0.9980183840 0.0013387670 -0.4562338293 -0.0299510844 0.8893557191
117.4 -563.0 2144.4 0.8830513954 -0.0910104364 0.4603664875 0.0240951404 0.9885130525 0.1492023468 -0.4686572552 -0.1206607521 0.8751007915
260.4 120.1 1699.9 0 0 0 0 0 0 0 0 0
238.5 -161.4 2095.8 0 0 0 0 0 0 0 0 0
-65.1 -854.1 2101.7 0 0 0 0 0 0 0 0 0
151.2 -930.9 2189.3 0 0 0 0 0 0 0 0 0
395.9 292.5 1891.7 63 0.7966963649 0.5802187324 -0.1691778898 -0.4192042649 0.7321463823 0.5368700027 0.4353650212 -0.3568022847 0.8265285492
281.7 148.4 1961.9 0.7966963649 0.5802187324 -0.1691778898 -0.4192042649 0.7321463823 0.5368700027 0.4353650212 -0.3568022847 0.8265285492
172.8 3.3 2030.7 0.8085221052 0.5613078475 -0.1767075509 -0.4038737714 0.7476912737 0.5271087885 0.4279929996 -0.3548115790 0.8312224150
171.3 203.6 1903.4 0.7578906417 -0.3868903220 -0.5252786279 0.5771986842 0.7729172707 0.2635158896 0.3040451705 -0.5029063821 0.8090993166
20.5 88.7 1842.9 -0.8537617326 -0.3868903220 -0.3484348059 -0.0941695422 0.7729172707 -0.6274799109 0.5120771527 -0.5029063821 -0.6963204145
392.1 93.3 2020.3 0.1418711543 0.6692467332 0.7293705940 -0.5693842769 -0.5475581288 0.6131734252 0.8097370863 -0.5022837520 0.3033758402
423.8 -34.1 2201.5 -0.7425103188 0.6692467332 0.0280587077 -0.5183532834 -0.5475581288 -0.6568790078 -0.4242503345 -0.5022837520 0.7534737587
-5.7 -105.0 2059.1 0.8693898916 -0.0420266241 -0.4923362732 0.0404586606 0.9990853667 -0.0138397990 0.4924675822 -0.0078870850 0.8702950478
10.6 -492.9 2062.1 0.8458951116 0.2122131139 -0.4893127978 -0.1223378405 0.9701748490 0.2092707157 0.5191289783 -0.1171596050 0.8466278911
138.8 -175.5 2138.0 0.8791942596 0.0542839989 0.4733611047 -0.0593452714 0.9982284904 -0.0042500547 -0.4727532566 -0.0243551210 0.8808581829
117.7 -563.0 2147.4 0.8755700588 -0.0797520280 0.4764626324 0.0298385490 0.9933238626 0.1114333943 -0.4821687341 -0.0833507925 0.8721043468
261.4 115.3 1698.4 0 0 0 0 0 0 0 0 0
235.4 -165.7 2093.9 0 0 0 0 0 0 0 0 0
-68.6 -855.0 2105.8 0 0 0 0 0 0 0 0 0
147.4 -933.0 2178.5 0 0 0 0 0 0 0 0 0
399.5 287.3 1894.8 64 0.7788264751 0.5847285390 -0.2269843072 -0.3841701448 0.7307447195 0.5642919540 0.4958252013 -0.3522849381 0.7937585711
284.7 143.8 1964.0 0.7788264751 0.5847285390 -0.2269843072 -0.3841701448 0.7307447195 0.5642919540 0.4958252013 -0.3522849381 0.7937585711
174.7 -0.4 2033.1 0.7908461690 0.5665853620 -0.2313944250 -0.3687852621 0.7429069877 0.5586471558 0.4884258211 -0.3564690650 0.7964735031
176.9 194.0 1897.4 0.7958998680 -0.3579891026 -0.4882490635 0.5383524299 0.7874274850 0.3002242148 0.2769837379 -0.5017985106 0.8194378018
19.7 87.7 1842.7 -0.8561757803 -0.3579891026 -0.3725679219 -0.0623893552 0.7874274850 -0.6132417917 0.5129041076 -0.5017985106 -0.6965110302
392.5 93.6 2030.5 0.1063272953 0.7052736878 0.7009162307 -0.5317541957 -0.5553099513 0.6394280791 0.8401975632 -0.4407038093 0.3159876466
416.2 -25.2 2218.2 -0.7089344859 0.7052736878 -0.0009730135 -0.5515882373 -0.5553099513 -0.6223995686 -0.4395023584 -0.4407038093 0.7826990485
-8.6 -105.6 2061.3 0.8424342275 -0.0431639142 -0.5370674133 0.0353091881 0.9990659356 -0.0249092132 0.5376409888 0.0020209579 0.8431714773
8.2 -493.5 2060.5 0.8255392313 0.1863176823 -0.5327013135 -0.0882147551 0.9749290347 0.2042829245 0.5574074984 -0.1216514483 0.8212781549
136.3 -178.0 2138.0 0.9050368667 0.0470902398 0.4227183163 -0.0547844842 0.9984797835 0.0060639088 -0.4217901230 -0.0286464654 0.9062408209
118.0 -565.6 2149.1 0.9020522833 -0.0746433660 0.4251236022 0.0421281680 0.9954563379 0.0853925869 -0.4295659661 -0.0591188967 0.9010982513
261.6 105.3 1697.8 0 0 0 0 0 0 0 0 0
236.5 -165.0 2106.8 0 0 0 0 0 0 0 0 0
-61.3 -857.3 2105.9 0 0 0 0 0 0 0 0 0
145.8 -936.7 2171.1 0 0 0 0 0 0 0 0 0
402.2 284.0 1891.9 65 0.7679849267 0.5865352154 -0.2572461963 -0.3521285653 0.7221814394 0.5953649879 0.5349809527 -0.3666476011 0.7611602545
287.6 142.8 1963.5 0.7679849267 0.5865352154 -0.2572461963 -0.3521285653 0.7221814394 0.5953649879 0.5349809527 -0.3666476011 0.7611602545
177.0 0.0 2034.7 0.7785108685 0.5692459345 -0.2643481791 -0.3388510346 0.7357359529 0.5864064693 0.5282999277 -0.3669491410 0.7656679749
181.4 188.9 1891.6 0.8223151565 -0.3430634141 -0.4539881647 0.5105744004 0.7970628738 0.3224973381 0.2512200773 -0.4969891906 0.8305963278
20.9 89.3 1842.5 -0.8551146388 -0.3430634141 -0.3886983693 -0.0460682027 0.7970628738 -0.6021366119 0.5163880587 -0.4969891906 -0.6973844767
393.7 96.7 2035.5 0.0846225992 0.7259728909 0.6824971437 -0.4967336059 -0.5630347133 0.6604904532 0.8637677431 -0.3949117064 0.3129696846
412.6 -14.2 2228.4 -0.6874403954 0.7259728909 -0.0197235774 -0.5776363015 -0.5630347133 -0.5910399556 -0.4401840270 -0.3949117064 0.8064011335
-5.9 -111.7 2058.6 0.8250883818 -0.0363035984 -0.5638361573 0.0356311314 0.9992905259 -0.0122003723 0.5638790131 -0.0100237336 0.8257965446
8.2 -499.6 2062.5 0.8072897196 0.1921477169 -0.5579987168 -0.0880549923 0.9741456509 0.2080541998 0.5835492015 -0.1188254505 0.8033373356
135.4 -177.5 2145.9 0.9196179509 0.0448777191 0.3902420700 -0.0475103371 0.9988664985 -0.0029097183 -0.3899303079 -0.0158647019 0.9207077026
118.0 -565.3 2152.1 0.9182702899 -0.0560073704 0.3919730484 0.0412114635 0.9980878830 0.0460669845 -0.3938036561 -0.0261481591 0.9188225865
263.6 102.4 1696.0 0 0 0 0 0 0 0 0 0
238.3 -160.7 2116.8 0 0 0 0 0 0 0 0 0
-63.6 -863.1 2106.9 0 0 0 0 0 0 0 0 0
138.9 -937.3 2161.8 0 0 0 0 0 0 0 0 0
405.4 280.1 1887.9 66 0.7835119963 0.5893251300 -0.1969895065 -0.3915154040 0.7143859267 0.5799728036 0.4825190604 -0.3772912025 0.7904598117
290.0 140.1 1961.8 0.7835119963 0.5893251300 -0.1969895065 -0.3915154040 0.7143859267 0.5799728036 0.4825190604 -0.3772912025 0.7904598117
178.8 -1.3 2034.6 0.7933559418 0.5732488036 -0.2048711628 -0.3792962134 0.7287101746 0.5701893568 0.4761520624 -0.3746562302 0.7955576181
182.0 191.8 1897.0 0.8046786189 -0.3368304372 -0.4889146388 0.5186617374 0.7995687723 0.3027867973 0.2889330685 -0.4972273707 0.8180969357
22.6 89.1 1839.8 -0.8593439460 -0.3368304372 -0.3848028183 -0.0452354327 0.7995687723 -0.5988685489 0.5093934536 -0.4972273707 -0.7023412585
398.0 88.5 2026.7 0.1126500219 0.6856598258 0.7191526890 -0.5262851715 -0.5727292299 0.6284943819 0.8428130746 -0.4492793083 0.2963346243
423.2 -29.0 2214.9 -0.7279152274 0.6856598258 0.0031681403 -0.5421583652 -0.5727292299 -0.6148540974 -0.4197662473 -0.4492793083 0.7886345387
-3.1 -112.5 2058.7 0.8534532785 -0.0212197527 -0.5207371712 0.0334626064 0.9993402362 0.0141204046 0.5200939775 -0.0294763278 0.8536002636
5.1 -500.3 2070.1 0.8357751966 0.1815733165 -0.5181804299 -0.1130502746 0.9804243445 0.1612069607 0.5373076200 -0.0761523321 0.8399412632
136.1 -173.0 2153.1 0.8969219327 0.0546677634 0.4387965798 -0.0512313098 0.9984928966 -0.0196785666 -0.4392110705 -0.0048299837 0.8983709216
114.8 -560.6 2155.0 0.8931029439 -0.0869672671 0.4413658977 0.0756810308 0.9961979389 0.0431516394 -0.4434405863 -0.0051358286 0.8962890506
267.3 101.9 1694.7 0 0 0 0 0 0 0 0 0
238.8 -166.4 2108.6 0 0 0 0 0 0 0 0 0
-62.6 -865.9 2098.5 0 0 0 0 0 0 0 0 0
147.2 -931.9 2156.9 0 0 0 0 0 0 0 0 0
407.3 276.3 1880.4 67 0.7789229751 0.5949864388 -0.1981669813 -0.3810463250 0.7000073195 0.6039813161 0.4980790615 -0.3949441016 0.7719691992
290.5 138.9 1958.0 0.7789229751 0.5949864388 -0.1981669813 -0.3810463250 0.7000073195 0.6039813161 0.4980790615 -0.3949441016 0.7719691992
178.8 -0.4 2034.1 0.7911664248 0.5751647949 -0.2079450786 -0.3662113845 0.7178210616 0.5921335816 0.4898417592 -0.3923243284 0.7785478234
182.6 188.8 1891.2 0.8207915425 -0.3349506855 -0.4627194703 0.5096876025 0.7951783538 0.3284964859 0.2579143941 -0.5054695010 0.8233958483
22.4 89.3 1840.8 -0.8560018539 -0.3349506855 -0.3937878013 -0.0326022506 0.7951783538 -0.6054985523 0.5159437060 -0.5054695010 -0.6915943027
398.4 89.0 2024.8 0.1095692217 0.6872774959 0.7180836797 -0.5022006035 -0.5851661563 0.6366907954 0.8577815294 -0.4303837717 0.2810349762
422.9 -23.3 2216.4 -0.7263942957 0.6872774959 -0.0009561835 -0.5528736711 -0.5851661563 -0.5932210684 -0.4082670212 -0.4303837717 0.8050390482
-3.3 -108.9 2064.8 0.8518058658 -0.0130417142 -0.5236952305 0.0160245858 0.9998708963 0.0011644281 0.5236124396 -0.0093838666 0.8519048691
1.8 -496.9 2068.4 0.8425323367 0.1409610510 -0.5198742747 -0.0731205717 0.9861472249 0.1488858014 0.5336596966 -0.0874276012 0.8411681056
138.3 -176.6 2149.8 0.8994501829 0.0529306978 0.4338060617 -0.0505528972 0.9985762835 -0.0170249492 -0.4340895712 -0.0066170599 0.9008454084
117.8 -564.3 2152.4 0.8971843123 -0.0660146624 0.4366948307 0.0414956026 0.9969918728 0.0654619262 -0.4397026598 -0.0406104960 0.8972248435
265.4 98.6 1694.4 0 0 0 0 0 0 0 0 0
238.7 -163.4 2112.9 0 0 0 0 0 0 0 0 0
-50.8 -864.5 2101.0 0 0 0 0 0 0 0 0 0
142.4 -935.9 2167.5 0 0 0 0 0 0 0 0 0
410.5 271.7 1875.7 68 0.7919895053 0.5911402106 -0.1526625454 -0.4051229954 0.6959013939 0.5929558277 0.4567581117 -0.4077676833 0.7906311154
294.7 135.4 1955.6 0.7919895053 0.5911402106 -0.1526625454 -0.4051229954 0.6959013939 0.5929558277 0.4567581117 -0.4077676833 0.7906311154
183.0 -2.5 2034.0 0.8017755151 0.5755559206 -0.1609079838 -0.3933229446 0.7109096050 0.5830134153 0.4499478340 -0.4041570723 0.7963692546
185.4 189.1 1894.2 0.8177296519 -0.3318987787 -0.4702780247 0.5083373785 0.7996827364 0.3195318580 0.2700209916 -0.5003505349 0.8226408362
23.2 88.3 1840.7 -0.8560966253 -0.3318987787 -0.3961586952 -0.0325917862 0.7996827364 -0.5995375514 0.5157870650 -0.5003505349 -0.6954228878
404.0 81.8 2016.9 0.1329348832 0.6544756889 0.7443049550 -0.5199417472 -0.5932884216 0.6145481467 0.8437943459 -0.4686900973 0.2614205182
433.7 -34.4 2205.5 -0.7558589578 0.6544756889 0.0184061155 -0.5284969807 -0.5932884216 -0.6072065234 -0.3864817917 -0.4686900973 0.7943307757
-3.5 -107.0 2066.4 0.8727746010 -0.0251326989 -0.4874760211 0.0210107341 0.9996823072 -0.0139228990 0.4876710773 0.0019093233 0.8730253577
6.2 -494.9 2065.7 0.8584491611 0.1691936553 -0.4841885269 -0.1009815484 0.9813004136 0.1638664901 0.5028595924 -0.0917769447 0.8594819307
138.0 -172.4 2154.0 0.8803019524 0.0576081723 0.4709031582 -0.0460745096 0.9982892871 -0.0359949619 -0.4721711874 0.0099898027 0.8814502954
115.6 -559.9 2150.2 0.8767871857 -0.0788490549 0.4743702114 0.0358775146 0.9944422841 0.0989815295 -0.4795384109 -0.0697665066 0.8747431636
266.4 97.5 1694.1 0 0 0 0 0 0 0 0 0
242.1 -168.4 2107.6 0 0 0 0 0 0 0 0 0
-56.9 -860.9 2099.9 0 0 0 0 0 0 0 0 0
145.0 -930.7 2176.2 0 0 0 0 0 0 0 0 0
414.3 268.1 1868.8 69 0.7952573895 0.5942978263 -0.1198988631 -0.4211805165 0.6838089228 0.5958291292 0.4360878766 -0.4233384430 0.7941107750
298.0 134.2 1951.7 0.7952573895 0.5942978263 -0.1198988631 -0.4211805165 0.6838089228 0.5958291292 0.4360878766 -0.4233384430 0.7941107750
185.3 -1.5 2032.8 0.8038690090 0.5806669593 -0.1289203614 -0.4110457301 0.6989766359 0.5852119327 0.4299255908 -0.4174415767 0.8005663753
188.3 190.3 1893.1 0.8119289279 -0.3223256767 -0.4867006838 0.5148673654 0.7883220911 0.3368379772 0.2751053870 -0.5240747929 0.8060165048
26.5 87.7 1838.2 -0.8610383868 -0.3223256767 -0.3933435082 -0.0141114648 0.7883220911 -0.6151009202 0.5083441734 -0.5240747929 -0.6833240390
407.6 78.1 2010.4 0.1425818801 0.6300392151 0.7633616328 -0.5236667991 -0.6064391732 0.5983348489 0.8399068117 -0.4850588739 0.2434633672
439.5 -39.0 2198.2 -0.7761789560 0.6300392151 0.0244307779 -0.5114217401 -0.6064391732 -0.6088343859 -0.3687737584 -0.4850588739 0.7929210663
-0.3 -105.4 2072.3 0.8846203089 -0.0112100635 -0.4661772549 0.0043469565 0.9998658299 -0.0157947503 0.4662917554 0.0119459042 0.8845503330
4.1 -493.4 2067.6 0.8738444448 0.1508307010 -0.4622185826 -0.0958410949 0.9854483008 0.1403786987 0.4766659439 -0.0783696100 0.8755842447
143.1 -175.7 2152.7 0.8677798510 0.0695407242 0.4920591116 -0.0585323870 0.9975712299 -0.0377568454 -0.4934896529 0.0039632353 0.8697426319
116.1 -563.0 2151.2 0.8643989563 -0.0769575685 0.4968822300 0.0392279290 0.9955272675 0.0859454721 -0.5012739301 -0.0547995195 0.8635516167
270.5 91.7 1694.1 0 0 0 0 0 0 0 0 0
242.7 -168.7 2104.7 0 0 0 0 0 0 0 0 0
-52.2 -861.0 2096.8 0 0 0 0 0 0 0 0 0
144.8 -934.3 2171.6 0 0 0 0 0 0 0 0 0
414.9 261.7 1874.9 70 0.7799568176 0.6032133102 -0.1667364538 -0.3977056444 0.6834431887 0.6121565104 0.4832158685 -0.4111436307 0.7729575038
296.8 127.9 1955.4 0.7799568176 0.6032133102 -0.1667364538 -0.3977056444 0.6834431887 0.6121565104 0.4832158685 -0.4111436307 0.7729575038
183.7 -8.3 2035.2 0.7935576439 0.5826794505 -0.1753593385 -0.3818252385 0.7012125254 0.6020883918 0.4737887084 -0.4108352363 0.7789342999
188.6 180.0 1890.8 0.8304537535 -0.2906677425 -0.4752460718 0.4824522734 0.8017935753 0.3526568115 0.2785433233 -0.5221487284 0.8060858250
29.7 87.7 1837.5 -0.8632760644 -0.2906677425 -0.4126338363 0.0155814011 0.8017935753 -0.5973978639 0.5044914484 -0.5221487284 -0.6876402497
404.9 75.8 2020.0 0.1176899150 0.6630265713 0.7392867208 -0.4992117286 -0.6040532589 0.6212143898 0.8584501743 -0.4421712756 0.2598996460
431.2 -35.8 2211.9 -0.7485846281 0.6630265713 0.0041046725 -0.5382367969 -0.6040532589 -0.5877251029 -0.3871979117 -0.4421712756 0.8090502620
0.8 -100.4 2075.3 0.8645394444 -0.0135546131 -0.5023820996 0.0014677289 0.9997000694 -0.0244468078 0.5025627613 0.0203978699 0.8643000722
6.1 -488.4 2067.4 0.8536474109 0.1567388028 -0.4967082143 -0.0906109065 0.9837948680 0.1547167301 0.5129091144 -0.0870663598 0.8540162444
144.6 -174.0 2152.3 0.8883152008 0.0720847994 0.4535414577 -0.0627754703 0.9973936081 -0.0355700925 -0.4549234211 0.0031261770 0.8905251026
116.6 -561.1 2151.1 0.8857362270 -0.0692393035 0.4589959085 0.0314622261 0.9954937100 0.0894562602 -0.4631214142 -0.0647936165 0.8839232922
274.2 83.2 1694.6 0 0 0 0 0 0 0 0 0
241.5 -172.2 2113.8 0 0 0 0 0 0 0 0 0
-52.4 -855.5 2099.9 0 0 0 0 0 0 0 0 0
142.5 -932.6 2175.3 0 0 0 0 0 0 0 0 0
417.0 257.8 1872.9 71 0.7817400098 0.6034974456 -0.1570776254 -0.4022510946 0.6804747581 0.6124933958 0.4765255451 -0.4156259596 0.7747118473
298.8 124.6 1954.4 0.7817400098 0.6034974456 -0.1570776254 -0.4022510946 0.6804747581 0.6124933958 0.4765255451 -0.4156259596 0.7747118473
185.0 -10.4 2035.1 0.7932757735 0.5863493085 -0.1640365869 -0.3889130950 0.6952626705 0.6044472456 0.4684657454 -0.4156973660 0.7795739770
190.6 177.6 1890.4 0.8383799791 -0.2778139710 -0.4689759612 0.4702996910 0.8036293387 0.3646890223 0.2755671144 -0.5263072252 0.8044025302
30.4 87.8 1837.7 -0.8621879816 -0.2778139710 -0.4236168563 0.0330086127 0.8036293387 -0.5942140222 0.5055118799 -0.5263072252 -0.6837093234
407.1 71.5 2018.3 0.1195062920 0.6540747881 0.7469300032 -0.4991976321 -0.6107227802 0.6146702170 0.8582074046 -0.4463226497 0.2535273731
433.8 -40.2 2210.2 -0.7564195395 0.6540747881 0.0039551198 -0.5311616659 -0.6107227802 -0.5872691274 -0.3817024231 -0.4463226497 0.8093820810
-0.2 -110.2 2072.5 0.8678135276 -0.0243437327 -0.4962933362 0.0139674814 0.9995995760 -0.0246080626 0.4966936707 0.0144232418 0.8678060770
9.2 -498.3 2066.9 0.8501594663 0.1883290261 -0.4916920066 -0.1193883270 0.9784709215 0.1683479846 0.5128111243 -0.0844203457 0.8543406129
141.6 -178.5 2157.3 0.8861578703 0.0636660010 0.4589889646 -0.0473653451 0.9977734685 -0.0469533578 -0.4609563649 0.0198679157 0.8872003555
116.9 -565.8 2149.6 0.8835076690 -0.0715284273 0.4629232287 0.0095787095 0.9908244014 0.1348155439 -0.4683187604 -0.1146763638 0.8760861158
276.2 78.4 1693.6 0 0 0 0 0 0 0 0 0
241.9 -174.9 2113.4 0 0 0 0 0 0 0 0 0
-61.0 -863.3 2098.4 0 0 0 0 0 0 0 0 0
143.6 -935.2 2192.3 0 0 0 0 0 0 0 0 0
417.3 253.6 1873.5 72 0.7646734118 0.6099313498 -0.2079862505 -0.3606493473 0.6725207567 0.6462568045 0.5340473652 -0.4191653132 0.7342301011
297.7 121.6 1955.7 0.7646734118 0.6099313498 -0.2079862505 -0.3606493473 0.6725207567 0.6462568045 0.5340473652 -0.4191653132 0.7342301011
183.2 -12.2 2037.2 0.7779070735 0.5899181366 -0.2164652050 -0.3456284106 0.6893763542 0.6366327405 0.5247871876 -0.4204245806 0.7401632071
191.8 168.7 1884.2 0.8600522876 -0.2668054104 -0.4348849356 0.4421847463 0.8150107265 0.3744731843 0.2545244098 -0.5143660307 0.8189291358
31.8 86.5 1836.9 -0.8615959883 -0.2668054104 -0.4318185449 0.0374233648 0.8150107265 -0.5782361031 0.5062132478 -0.5143660307 -0.6922252178
403.7 74.6 2027.1 0.0875396580 0.6891826987 0.7192801833 -0.4547848105 -0.6147633791 0.6443886757 0.8862886429 -0.3835272789 0.2596136630
423.2 -27.0 2225.0 -0.7242538929 0.6891826987 -0.0219874792 -0.5683938265 -0.6147633791 -0.5468038321 -0.3903648555 -0.3835272789 0.8369719982
0.3 -110.6 2073.8 0.8430317640 -0.0133234039 -0.5376987457 0.0126255723 0.9999079108 -0.0049812626 0.5377155542 -0.0025893920 0.8431223035
5.5 -498.7 2074.8 0.8286944628 0.1635417491 -0.5352752209 -0.1185776368 0.9859492779 0.1176576912 0.5469961762 -0.0340306051 0.8364431262
142.3 -180.2 2157.7 0.9083223343 0.0654503480 0.4131183028 -0.0552238338 0.9978007078 -0.0366610661 -0.4146092236 0.0104860878 0.9099391103
116.8 -567.5 2153.6 0.9051960111 -0.0772214308 0.4179198444 0.0483635031 0.9956828952 0.0792247802 -0.4222334921 -0.0515018888 0.9050229192
277.4 75.8 1692.6 0 0 0 0 0 0 0 0 0
239.7 -171.0 2126.1 0 0 0 0 0 0 0 0 0
-55.5 -866.0 2087.5 0 0 0 0 0 0 0 0 0
145.6 -938.2 2172.8 0 0 0 0 0 0 0 0 0
420.3 250.8 1870.2 73 0.7686250210 0.6149860620 -0.1760900021 -0.3902867436 0.6689296365 0.6326210499 0.5068449378 -0.4175227880 0.7541769743
299.8 119.7 1952.0 0.7686250210 0.6149860620 -0.1760900021 -0.3902867436 0.6689296365 0.6326210499 0.5068449378 -0.4175227880 0.7541769743
184.2 -13.2 2033.6 0.7822796106 0.5953652859 -0.1832451820 -0.3750124276 0.6849957108 0.6246170998 0.4973974824 -0.4199059904 0.7591275573
193.1 170.8 1884.2 0.8595174551 -0.2689808905 -0.4346021116 0.4463543892 0.8092769980 0.3818880916 0.2489928901 -0.5222260356 0.8156484962
32.0 87.2 1837.6 -0.8592845201 -0.2689808905 -0.4350625277 0.0432835072 0.8092769980 -0.5858304501 0.5096632838 -0.5222260356 -0.6837567091
406.4 68.6 2019.8 0.0989273116 0.6649887562 0.7402724624 -0.4762963951 -0.6215267181 0.6219696403 0.8737019897 -0.4141188860 0.2552457750
428.5 -37.8 2215.1 -0.7467132211 0.6649887562 -0.0144663788 -0.5425554514 -0.6215267181 -0.5651000738 -0.3847764432 -0.4141188860 0.8248955607
-0.8 -115.1 2071.9 0.8559970856 -0.0147462655 -0.5167703032 0.0100919660 0.9998792410 -0.0118152909 0.5168821812 0.0048986259 0.8560425639
4.9 -503.3 2070.0 0.8419079781 0.1703398973 -0.5120306015 -0.1047577932 0.9824114442 0.1545756012 0.5293550491 -0.0764992312 0.8449444175
138.1 -176.8 2165.7 0.8984449506 0.0556327328 0.4355475008 -0.0372106247 0.9980194569 -0.0507197268 -0.4375065565 0.0293618888 0.8987357020
116.5 -564.2 2154.3 0.8954070210 -0.0738233700 0.4390858710 0.0442671739 0.9960331321 0.0771907866 -0.4430425763 -0.0496800803 0.8951230049
278.2 74.8 1691.6 0 0 0 0 0 0 0 0 0
239.2 -175.4 2117.5 0 0 0 0 0 0 0 0 0
-58.6 -869.3 2098.5 0 0 0 0 0 0 0 0 0
144.1 -935.5 2172.8 0 0 0 0 0 0 0 0 0
421.8 247.2 1872.6 74 0.7664232254 0.6182811260 -0.1741376519 -0.3992317617 0.6708941460 0.6249120235 0.5031992197 -0.4094257653 0.7610263228
301.3 116.5 1952.4 0.7664232254 0.6182811260 -0.1741376519 -0.3992317617 0.6708941460 0.6249120235 0.5031992197 -0.4094257653 0.7610263228
184.9 -16.2 2033.2 0.7803378701 0.5995669961 -0.1777419299 -0.3837566674 0.6835273504 0.6209035516 0.4937647581 -0.4163048863 0.7634701133
194.8 168.8 1885.0 0.8611713052 -0.2656593323 -0.4333694577 0.4395302534 0.8174281120 0.3723230362 0.2553372979 -0.5111128688 0.8207109571
33.1 86.3 1837.1 -0.8571237326 -0.2656593323 -0.4413207769 0.0424283408 0.8174281120 -0.5744659305 0.5133602619 -0.5111128688 -0.6893655658
407.8 64.1 2019.8 0.0973068252 0.6600959301 0.7448521256 -0.4824172556 -0.6233240962 0.6154190898 0.8705199361 -0.4192140102 0.2577879727
429.5 -43.8 2214.4 -0.7509753108 0.6600959301 -0.0175903775 -0.5345236659 -0.6233240962 -0.5707464218 -0.3877119124 -0.4192140102 0.8209379315
-1.3 -112.7 2070.6 0.8567895293 -0.0042002518 -0.5156491995 0.0014745875 0.9999827147 -0.0056952825 0.5156642199 0.0041192882 0.8567808867
0.3 -500.8 2069.0 0.8497825265 0.1305322200 -0.5107161999 -0.0671968982 0.9877759218 0.1406531334 0.5228329301 -0.0852060243 0.8481660485
138.6 -179.7 2159.5 0.8974880576 0.0528783575 0.4378573895 -0.0413237549 0.9985012412 -0.0358827598 -0.4390985668 0.0141104367 0.8983280659
118.0 -567.3 2154.0 0.8946416974 -0.0718238652 0.4409733713 0.0470220223 0.9966489077 0.0669321865 -0.4443029463 -0.0391448662 0.8950209618
278.6 74.2 1690.0 0 0 0 0 0 0 0 0 0
239.1 -179.4 2116.1 0 0 0 0 0 0 0 0 0
-48.3 -868.9 2100.8 0 0 0 0 0 0 0 0 0
144.8 -939.0 2168.6 0 0 0 0 0 0 0 0 0
421.2 243.7 1864.8 75 0.7778527737 0.6135634780 -0.1359590143 -0.4126601219 0.6618359685 0.6258472204 0.4739795923 -0.4307121634 0.7680041790
301.5 114.6 1948.8 0.7778527737 0.6135634780 -0.1359590143 -0.4126601219 0.6618359685 0.6258472204 0.4739795923 -0.4307121634 0.7680041790
185.9 -16.8 2032.8 0.7905727029 0.5956253409 -0.1422152817 -0.3985783756 0.6768100858 0.6189211607 0.4648978710 -0.4326182604 0.7724709511
193.6 169.0 1885.4 0.8579514623 -0.2607614398 -0.4426316321 0.4383844137 0.8208199143 0.3661608696 0.2678402364 -0.5081910491 0.8185374141
34.7 87.8 1835.8 -0.8546810746 -0.2607614398 -0.4489139020 0.0484973006 0.8208199143 -0.5691245198 0.5168831944 -0.5081910491 -0.6888930202
409.3 60.2 2012.3 0.1193708107 0.6359598041 0.7624340653 -0.4892474711 -0.6305387020 0.6025428176 0.8639371991 -0.4449449778 0.2358738184
436.0 -49.2 2205.5 -0.7717206478 0.6359598041 0.0015298880 -0.5207555294 -0.6305387020 -0.5755298734 -0.3650492132 -0.4449449778 0.8177793622
-1.3 -114.5 2069.8 0.8736099005 -0.0151696624 -0.4863903821 0.0110990042 0.9998751283 -0.0112493327 0.4865002930 0.0044290796 0.8736692071
4.6 -502.7 2068.1 0.8620101810 0.1583261043 -0.4815302193 -0.0888177529 0.9824487567 0.1640301645 0.4990490079 -0.0986272320 0.8609429598
138.4 -183.2 2158.2 0.8820376396 0.0538937189 0.4680865705 -0.0416471511 0.9984661341 -0.0364819206 -0.4693347216 0.0126839560 0.8829292655
117.4 -570.8 2153.3 0.8778771758 -0.0856566727 0.4711629748 0.0508458987 0.9949838519 0.0861497000 -0.4761788547 -0.0516721532 0.8778289557
278.7 74.0 1688.2 0 0 0 0 0 0 0 0 0
240.3 -181.3 2112.9 0 0 0 0 0 0 0 0 0
-54.4 -868.9 2104.9 0 0 0 0 0 0 0 0 0
149.4 -942.1 2172.5 0 0 0 0 0 0 0 0 0
421.3 240.5 1868.9 76 0.7701447010 0.6187990308 -0.1548060775 -0.4070261121 0.6636006236 0.6276654601 0.4911281765 -0.4203831255 0.7629358768
300.9 111.4 1950.7 0.7701447010 0.6187990308 -0.1548060775 -0.4070261121 0.6636006236 0.6276654601 0.4911281765 -0.4203831255 0.7629358768
184.4 -19.8 2033.7 0.7839205861 0.6004791260 -0.1577762663 -0.3918944001 0.6756772399 0.6244029403 0.4815467596 -0.4276506901 0.7650017142
193.9 164.9 1884.9 0.8645309806 -0.2552489936 -0.4329366088 0.4241713881 0.8326122761 0.3561396003 0.2695640624 -0.4915330410 0.8280884624
35.7 87.3 1835.6 -0.8519679308 -0.2552489936 -0.4571636617 0.0466898270 0.8326122761 -0.5518848300 0.5215081573 -0.4915330410 -0.6974413991
407.9 57.9 2016.4 0.1064234152 0.6458821297 0.7559829950 -0.4818484485 -0.6315619349 0.6074138284 0.8697678447 -0.4289122820 0.2440043092
431.7 -49.9 2211.0 -0.7633637190 0.6458821297 -0.0105871251 -0.5264707804 -0.6315619349 -0.5691730976 -0.3743051589 -0.4289122820 0.8221495748
-0.4 -112.5 2075.1 0.8652614355 -0.0115501080 -0.5011878610 0.0050093494 0.9998838305 -0.0143945431 0.5012958646 0.0099444175 0.8652187586
4.1 -500.6 2071.3 0.8550193310 0.1486302912 -0.4968410134 -0.0888913199 0.9858743548 0.1419508457 0.5109210014 -0.0772058666 0.8561536074
141.1 -183.9 2158.4 0.8896799684 0.0616489016 0.4524036050 -0.0500548109 0.9980397224 -0.0375666581 -0.4538327157 0.0107773244 0.8910217285
117.1 -571.3 2154.2 0.8843736053 -0.0977195427 0.4564364851 0.0726634786 0.9947414398 0.0721765757 -0.4610893428 -0.0306647923 0.8868237138
278.8 74.0 1686.8 0 0 0 0 0 0 0 0 0
238.0 -183.5 2116.0 0 0 0 0 0 0 0 0 0
-51.3 -868.3 2100.1 0 0 0 0 0 0 0 0 0
153.6 -942.4 2165.6 0 0 0 0 0 0 0 0 0
423.8 237.3 1867.4 77 0.7687472701 0.6245503426 -0.1377118230 -0.4205468893 0.6558684707 0.6268786192 0.4818381071 -0.4239969552 0.7668498158
302.4 109.7 1949.9 0.7687472701 0.6245503426 -0.1377118230 -0.4205468893 0.6558684707 0.6268786192 0.4818381071 -0.4239969552 0.7668498158
185.0 -20.6 2033.0 0.7833513021 0.6048279405 -0.1433314085 -0.4047802985 0.6713759899 0.6208117008 0.4717135429 -0.4282959104 0.7707456946
195.4 165.0 1885.4 0.8696010113 -0.2415796071 -0.4306197762 0.4163987637 0.8274913430 0.3766565323 0.2653416097 -0.5068504214 0.8201807737
35.0 88.2 1836.5 -0.8504359126 -0.2415796071 -0.4673307836 0.0710042417 0.8274913430 -0.5569707751 0.5212649703 -0.5068504214 -0.6865751743
409.3 54.4 2014.3 0.1083634868 0.6342645884 0.7654840350 -0.4891578257 -0.6363303661 0.5964966416 0.8654374480 -0.4390809536 0.2413005084
433.6 -55.0 2207.9 -0.7730469704 0.6342645884 -0.0103377616 -0.5144047141 -0.6363303661 -0.5748664737 -0.3711956441 -0.4390809536 0.8181819320
-2.3 -115.9 2073.6 0.8694224358 -0.0238072053 -0.4934955537 0.0144438064 0.9996362329 -0.0227778666 0.4938583076 0.0126756337 0.8694499731
6.9 -503.9 2068.6 0.8531820774 0.1865270585 -0.4871221781 -0.1036760136 0.9758843780 0.1920962036 0.5112060308 -0.1133901551 0.8519454598
138.0 -186.1 2159.8 0.8855516911 0.0599365085 0.4606580138 -0.0482190698 0.9981447458 -0.0371747240 -0.4620315135 0.0107076392 0.8867988586
114.8 -573.6 2155.6 0.8727371097 -0.1501059681 0.4645408392 0.1209095716 0.9883708954 0.0922160149 -0.4729808271 -0.0243129022 0.8807371855
278.1 67.9 1687.4 0 0 0 0 0 0 0 0 0
237.4 -185.5 2113.7 0 0 0 0 0 0 0 0 0
-62.6 -867.6 2110.9 0 0 0 0 0 0 0 0 0
170.7 -941.9 2164.7 0 0 0 0 0 0 0 0 0
424.9 233.9 1868.7 78 0.7584320903 0.6312404275 -0.1622229367 -0.4022815526 0.6492273211 0.6455024481 0.5127868056 -0.4243104756 0.7463312149
302.0 107.5 1951.3 0.7584320903 0.6312404275 -0.1622229367 -0.4022815526 0.6492273211 0.6455024481 0.5127868056 -0.4243104756 0.7463312149
183.4 -21.6 2034.5 0.7734017372 0.6110978723 -0.1685501486 -0.3864423931 0.6652720571 0.6388077140 0.5025057793 -0.4289200902 0.7506766915
196.5 160.3 1882.7 0.8844367862 -0.2268626392 -0.4078049660 0.3932078481 0.8329043984 0.3894327283 0.2513148189 -0.5047807693 0.8258554935
35.9 88.9 1837.1 -0.8467836976 -0.2268626392 -0.4811348021 0.0873597860 0.8329043984 -0.5464782715 0.5247148275 -0.5047807693 -0.6854711771
407.6 54.8 2019.9 0.0886007622 0.6504915357 0.7543279529 -0.4664344490 -0.6420471072 0.6084524393 0.8801072836 -0.4057538807 0.2465258092
427.4 -49.5 2216.7 -0.7590022087 0.6504915357 -0.0278635863 -0.5299175978 -0.6420471072 -0.5540422201 -0.3782895505 -0.4057538807 0.8320221305
-2.5 -114.7 2073.9 0.8563467860 -0.0171237048 -0.5161172152 0.0087793553 0.9997884035 -0.0186041240 0.5163265467 0.0114004053 0.8563159108
4.1 -502.8 2069.5 0.8437068462 0.1742685437 -0.5077294707 -0.0833603069 0.9768975377 0.1967796832 0.5302922130 -0.1236998811 0.8387422562
137.8 -187.2 2158.4 0.8982750773 0.0553255901 0.4359368384 -0.0467304662 0.9984441400 -0.0304234307 -0.4369417727 0.0069570779 0.8994628787
116.3 -574.8 2155.7 0.8924455643 -0.1022340506 0.4394190311 0.0626997948 0.9926404357 0.1036038250 -0.4467769265 -0.0649092868 0.8922876120
277.5 64.0 1687.4 0 0 0 0 0 0 0 0 0
234.8 -184.0 2120.7 0 0 0 0 0 0 0 0 0
-60.9 -867.1 2115.6 0 0 0 0 0 0 0 0 0
154.3 -944.3 2179.9 0 0 0 0 0 0 0 0 0
426.0 231.4 1870.3 79 0.7490394115 0.6397010684 -0.1724020988 -0.4013716877 0.6451815367 0.6501088738 0.5271059871 -0.4177598655 0.7400243282
301.5 105.8 1951.7 0.7490394115 0.6397010684 -0.1724020988 -0.4013716877 0.6451815367 0.6501088738 0.5271059871 -0.4177598655 0.7400243282
181.5 -22.7 2034.1 0.7657085657 0.6179803014 -0.1782995611 -0.3840509653 0.6616596580 0.6439808607 0.5159411430 -0.4246255755 0.7439743876
196.9 158.2 1881.2 0.8914934993 -0.2234636098 -0.3940854073 0.3840267956 0.8342379928 0.3956897855 0.2403387427 -0.5040942430 0.8295337558
36.1 88.9 1837.9 -0.8431293368 -0.2234636098 -0.4890776277 0.0940604806 0.8342379928 -0.5433227420 0.5294200182 -0.5040942430 -0.6823514104
406.0 53.3 2022.1 0.0756711662 0.6553533077 0.7515224218 -0.4606026709 -0.6454817653 0.6092605591 0.8843749166 -0.3922567070 0.2530131340
423.0 -49.7 2219.9 -0.7542373538 0.6553533077 -0.0404731669 -0.5314183235 -0.6454817653 -0.5485870838 -0.3856430650 -0.3922567070 0.8351132274
-4.4 -116.2 2072.8 0.8487545252 -0.0264693871 -0.5281242132 0.0214487985 0.9996477365 -0.0156313591 0.5283519030 0.0019395567 0.8490232825
5.8 -504.2 2072.0 0.8356485367 0.1692076325 -0.5225517750 -0.0812892467 0.9789886475 0.1870113611 0.5432159901 -0.1137979254 0.8318451643
134.0 -185.4 2162.7 0.9048507214 0.0507723093 0.4226905406 -0.0404755212 0.9986252785 -0.0333061740 -0.4238004982 0.0130284969 0.9056618810
114.3 -573.1 2157.7 0.8946788907 -0.1353016049 0.4257265925 0.1072404087 0.9902116656 0.0893331394 -0.4336463213 -0.0342693813 0.9004312754
276.9 62.1 1686.6 0 0 0 0 0 0 0 0 0
231.5 -184.6 2122.1 0 0 0 0 0 0 0 0 0
-57.3 -869.5 2114.5 0 0 0 0 0 0 0 0 0
164.7 -941.8 2170.4 0 0 0 0 0 0 0 0 0
428.5 231.0 1871.2 80 0.7435192466 0.6445431709 -0.1781662852 -0.3987138569 0.6411839128 0.6556755900 0.5368485451 -0.4164700508 0.7337208986
303.1 106.2 1952.2 0.7435192466 0.6445431709 -0.1781662852 -0.3987138569 0.6411839128 0.6556755900 0.5368485451 -0.4164700508 0.7337208986
182.0 -21.3 2034.3 0.7595626116 0.6238996387 -0.1838855296 -0.3822949529 0.6569485068 0.6498224735 0.5262272954 -0.4232823551 0.7375072241
199.4 158.5 1880.3 0.8967147470 -0.2185201496 -0.3849047124 0.3793016970 0.8275731206 0.4138271511 0.2281072289 -0.5170798898 0.8249821067
36.2 89.5 1838.8 -0.8399121165 -0.2185201496 -0.4967862070 0.1102519259 0.8275731206 -0.5504245758 0.5314058065 -0.5170798898 -0.6709964871
406.8 54.0 2024.0 0.0658133253 0.6574535370 0.7506153584 -0.4543066323 -0.6500129104 0.6091704965 0.8884109855 -0.3811010718 0.2559059858
421.6 -47.6 2222.8 -0.7518181205 0.6574535370 -0.0502427965 -0.5321740508 -0.6500129104 -0.5424702764 -0.3893074691 -0.3811010718 0.8385711908
-7.0 -116.7 2070.3 0.8433466554 -0.0315223597 -0.5364445448 0.0310894847 0.9994680285 -0.0098544732 0.5364698172 -0.0083670476 0.8438780308
