103.4 455.1 1993.2 27 0.6571316719 0.2966991365 -0.6929268241 -0.1072618887 0.9467265010 0.3036507666 0.7461051345 -0.1252139062 0.6539484859
44.1 266.0 2018.2 0.6571316719 0.2966991365 -0.6929268241 -0.1072618887 0.9467265010 0.3036507666 0.7461051345 -0.1252139062 0.6539484859
-9.2 76.0 2040.8 0.6601628661 0.2687064111 -0.7014141679 -0.0970584676 0.9565092921 0.2750810981 0.7448252439 -0.1135201380 0.6575321555
-48.7 279.6 1913.4 0.2875099480 -0.8142630458 -0.5042952895 0.9503100514 0.3081446588 0.0442454293 0.1193684787 -0.4919578731 0.8623970151
-135.9 -8.4 1877.2 -0.1246222332 -0.8142630458 -0.5669611692 0.7349252701 0.3081446588 -0.6040957570 0.6665989161 -0.4919578731 0.5600208044
137.0 252.4 2123.0 -0.2300215960 -0.1349795312 -0.9637793303 -0.9718428850 0.0838625729 0.2202009559 0.0511023924 0.9872930646 -0.1504690945
77.1 -0.7 2136.3 0.6020436883 -0.1349795312 -0.7869713902 -0.7844486237 0.0838625729 -0.6144976616 0.1489420533 0.9872930646 -0.0553955734
-116.5 -104.4 1995.2 0.9640214443 -0.1650768369 0.2083562464 0.2096159905 0.9540914297 -0.2139408886 -0.1634742171 0.2499184012 0.9543673396
-51.0 -483.3 1896.0 0.9786002636 0.1504779011 0.1403491497 -0.1677851081 0.9783805013 0.1209121272 -0.1191202700 -0.1418731362 0.9826914072
-1.7 -122.9 2132.1 0.7334779501 0.0025732180 -0.6797083616 -0.0839470997 0.9926799536 -0.0868298411 0.6745094061 0.1207473204 0.7283248901
-2.7 -515.1 2084.4 0.7334779501 0.4164055288 -0.5372304320 -0.0839470997 0.8398224711 0.5363311172 0.6745094061 -0.3482881188 0.6509473324
-99.5 -223.1 1682.5 0 0 0 0 0 0 0 0 0
232.4 -203.1 2174.7 0 0 0 0 0 0 0 0 0
-108.3 -855.9 1950.0 0 0 0 0 0 0 0 0 0
-161.5 -835.3 2217.2 0 0 0 0 0 0 0 0 0
116.2 452.9 1981.5 28 0.6448301673 0.3153990209 -0.6962165236 -0.1082237139 0.9393888712 0.3253246546 0.7566251755 -0.1344320178 0.6398800015
53.2 265.0 2008.4 0.6448301673 0.3153990209 -0.6962165236 -0.1082237139 0.9393888712 0.3253246546 0.7566251755 -0.1344320178 0.6398800015
-5.8 77.2 2034.5 0.6479921937 0.2969638705 -0.7013690472 -0.0984893292 0.9457975030 0.3094623983 0.7552522421 -0.1314518601 0.6421171427
-38.0 278.8 1902.1 0.3120256960 -0.8081448078 -0.4995417595 0.9449990988 0.3182666898 0.0753859580 0.0980647355 -0.4955888689 0.8630034924
-133.4 -10.1 1872.2 -0.1284196675 -0.8081448078 -0.5748133659 0.7259711623 0.3182666898 -0.6096492410 0.6756288409 -0.4955888689 0.5458180904
144.3 251.3 2114.6 -0.2579659224 -0.1446364224 -0.9552664161 -0.9636223316 0.1100471467 0.2435602397 0.0698966607 0.9833462834 -0.1677633077
77.1 0.3 2132.8 0.5777963400 -0.1446364224 -0.8032631278 -0.7973698974 0.1100471467 -0.5933724642 0.1742200851 0.9833462834 -0.0517438911
-122.8 -104.8 1995.3 0.7652391791 -0.1906087995 -0.6148799062 -0.0236735847 0.9461804628 -0.3227724433 0.6433106065 0.2615545392 0.7195419669
-47.1 -480.7 1891.4 0.7652391791 0.1743698865 -0.6196807027 -0.0236735847 0.9695881009 0.2435948402 0.6433106065 -0.1717382520 0.7460947633
-5.2 -119.6 2130.0 0.7285602093 0.0262206011 -0.6844797134 -0.0879951864 0.9945700765 -0.0555627383 0.6793061495 0.1007117182 0.7269114852
-15.6 -512.3 2090.3 0.7285602093 0.4402746260 -0.5247458816 -0.0879951864 0.8198828101 0.5657287240 0.6793061495 -0.3659923375 0.6360760331
-96.1 -221.0 1675.9 0 0 0 0 0 0 0 0 0
226.2 -205.4 2177.7 0 0 0 0 0 0 0 0 0
-113.5 -850.4 1956.9 0 0 0 0 0 0 0 0 0
-183.6 -825.2 2229.9 0 0 0 0 0 0 0 0 0
123.0 446.2 1970.6 29 0.6365043521 0.3238295913 -0.6999976039 -0.1082418784 0.9361105561 0.3346352577 0.7636399269 -0.1372277439 0.6308903694
58.3 259.1 1998.1 0.6365043521 0.3238295913 -0.6999976039 -0.1082418784 0.9361105561 0.3346352577 0.7636399269 -0.1372277439 0.6308903694
-2.5 71.9 2025.3 0.6401043534 0.3063918650 -0.7045498490 -0.0975134969 0.9420222044 0.3210690320 0.7620745301 -0.1368145645 0.6328698397
-31.7 272.8 1890.9 0.3333144188 -0.7897672057 -0.5149458647 0.9388459921 0.3280994594 0.1044939235 0.0864275917 -0.5182842016 0.8508300185
-132.0 -9.8 1864.9 -0.1400149763 -0.7897672057 -0.5972131491 0.7261987329 0.3280994594 -0.6041408777 0.6730759740 -0.5182842016 0.5275890827
148.3 245.4 2105.2 -0.2669836283 -0.1527515203 -0.9515181184 -0.9607169032 0.1198284328 0.2503280938 0.0757809356 0.9809730649 -0.1787431985
78.8 -4.9 2125.0 0.5691953897 -0.1527515203 -0.8078883290 -0.8007827997 0.1198284328 -0.5868458152 0.1864495873 0.9809730649 -0.0541150011
-124.1 -101.5 1991.4 0.8181456327 -0.1761616021 -0.5473616719 -0.0034637167 0.9503879547 -0.3110478818 0.5750006437 0.2563783824 0.7769455910
-54.1 -479.1 1889.5 0.8181456327 0.1270677149 -0.5607954264 -0.0034637167 0.9763489962 0.2161726207 0.5750006437 -0.1749182492 0.7992358208
-4.6 -124.2 2122.4 0.7244771719 0.0323904753 -0.6885372996 -0.0877090767 0.9951075912 -0.0454749763 0.6836957932 0.0933365524 0.7237737179
-17.4 -517.2 2085.6 0.7244771719 0.4487136602 -0.5232483745 -0.0877090767 0.8129420280 0.5757016540 0.6836957932 -0.3711890876 0.6283141971
-91.3 -220.7 1669.3 0 0 0 0 0 0 0 0 0
225.7 -211.5 2173.1 0 0 0 0 0 0 0 0 0
-102.5 -851.5 1956.2 0 0 0 0 0 0 0 0 0
-188.8 -827.6 2227.4 0 0 0 0 0 0 0 0 0
130.4 442.5 1960.2 30 0.6336259842 0.3393148482 -0.6952579021 -0.1182431728 0.9306009412 0.3464107215 0.7645499706 -0.1372853369 0.6297746301
62.6 256.5 1987.6 0.6336259842 0.3393148482 -0.6952579021 -0.1182431728 0.9306009412 0.3464107215 0.7645499706 -0.1372853369 0.6297746301
-1.7 70.5 2015.4 0.6375678182 0.3240742087 -0.6989157200 -0.1071536466 0.9357036352 0.3361201882 0.7629058957 -0.1394080520 0.6313002706
-27.0 271.5 1880.3 0.3428191841 -0.7735379338 -0.5330235362 0.9356970191 0.3315170407 0.1206961498 0.0833433345 -0.5401254892 0.8374475241
-130.6 -11.0 1855.2 -0.1586416811 -0.7735379338 -0.6135730743 0.7238444686 0.3315170407 -0.6050997376 0.6714774966 -0.5401254892 0.5073286891
152.3 241.4 2095.0 -0.2849746943 -0.1512539089 -0.9465261102 -0.9553181529 0.1256505102 0.2675429285 0.0784645751 0.9804764986 -0.1803028136
78.1 -7.4 2115.4 0.5539635420 -0.1512539089 -0.8186859488 -0.8107216954 0.1256505102 -0.5717887282 0.1893535852 0.9804764986 -0.0530190282
-122.1 -106.3 1982.6 0.8156312704 -0.1557282805 -0.5572202206 -0.0057246322 0.9608762264 -0.2769188583 0.5785437822 0.2290535569 0.7828292251
-60.2 -488.0 1891.6 0.8171366453 0.1098207161 -0.5658860803 0.0070827776 0.9796975851 0.2003560215 0.5764004588 -0.1677262932 0.7997689843
-7.6 -125.2 2113.1 0.7237535119 0.0501229949 -0.6882358193 -0.0988370553 0.9946048856 -0.0315024182 0.6829437017 0.0908231884 0.7248027921
-27.4 -518.0 2077.3 0.7237535119 0.4630627632 -0.5116187334 -0.0988370553 0.8033320904 0.5872723460 0.6829437017 -0.3744735122 0.6271821856
-84.8 -220.0 1661.3 0 0 0 0 0 0 0 0 0
221.0 -216.6 2164.3 0 0 0 0 0 0 0 0 0
-102.1 -862.0 1955.6 0 0 0 0 0 0 0 0 0
-204.3 -824.9 2220.3 0 0 0 0 0 0 0 0 0
137.5 436.7 1944.5 31 0.6033354998 0.3619325459 -0.7106272578 -0.1010728627 0.9186005592 0.3820435703 0.7910566330 -0.1586753130 0.5908058882
65.1 253.1 1976.2 0.6033354998 0.3619325459 -0.7106272578 -0.1010728627 0.9186005592 0.3820435703 0.7910566330 -0.1586753130 0.5908058882
-2.4 68.8 2007.0 0.6073414683 0.3397177160 -0.7181422114 -0.0905318558 0.9276663661 0.3622694016 0.7892656922 -0.1550064981 0.5941655040
-20.2 265.8 1865.3 0.3667914867 -0.7565620542 -0.5413666964 0.9280399084 0.3381316066 0.1562335193 0.0648528337 -0.5597150326 0.8261435628
-128.9 -9.2 1846.0 -0.1694029421 -0.7565620542 -0.6315984130 0.7253713608 0.3381316066 -0.5995860100 0.6671873927 -0.5597150326 0.4915079474
150.5 240.4 2087.1 -0.2985939980 -0.1863527745 -0.9360097647 -0.9495199919 0.1568590999 0.2716743648 0.0961943790 0.9698803425 -0.2237828672
72.7 -6.9 2112.2 0.5372088552 -0.1863527745 -0.8226051927 -0.8102636933 0.1568590999 -0.5646839738 0.2342635393 0.9698803425 -0.0667287856
-124.6 -105.6 1973.1 0.7950446010 -0.1477476358 -0.5882811546 -0.0076841256 0.9673479199 -0.2533356547 0.6065022945 0.2059335560 0.7679494619
-65.9 -489.9 1891.3 0.7997500896 0.0689175352 -0.5963640809 0.0438986048 0.9840158224 0.1725856066 0.5987259150 -0.1642048955 0.7839413881
-14.2 -123.7 2110.0 0.6971294880 0.0581725426 -0.7145813107 -0.0858644471 0.9963032603 -0.0026605001 0.7117848992 0.0632118434 0.6995473504
-37.2 -517.0 2085.1 0.6971294880 0.4856079817 -0.5274422765 -0.0858644471 0.7869358659 0.6110312343 0.7117848992 -0.3806793690 0.5902926922
-80.1 -218.3 1653.7 0 0 0 0 0 0 0 0 0
211.3 -215.9 2172.6 0 0 0 0 0 0 0 0 0
-92.2 -865.5 1954.0 0 0 0 0 0 0 0 0 0
-222.7 -817.7 2230.5 0 0 0 0 0 0 0 0 0
143.4 437.1 1936.6 32 0.5938364267 0.3707917929 -0.7140530348 -0.0973404348 0.9140692353 0.3937033415 0.7986758947 -0.1642891467 0.5789006352
69.3 254.5 1969.5 0.5938364267 0.3707917929 -0.7140530348 -0.0973404348 0.9140692353 0.3937033415 0.7986758947 -0.1642891467 0.5789006352
0.3 70.9 2001.0 0.5976356268 0.3474439383 -0.7225748301 -0.0876170099 0.9241312742 0.3718933165 0.7969660759 -0.1589468569 0.5827357769
-14.7 266.9 1857.4 0.3768638670 -0.7360637188 -0.5623022318 0.9237313867 0.3435582221 0.1693755388 0.0685123503 -0.5832477212 0.8093998432
-127.7 -10.2 1836.8 -0.1905344278 -0.7360637188 -0.6495435238 0.7216389179 0.3435582221 -0.6010032892 0.6655327678 -0.5832477212 0.4657125771
153.4 242.2 2081.5 -0.3057886660 -0.1964720935 -0.9316072464 -0.9467483163 0.1663407534 0.2756779790 0.1008012220 0.9662967920 -0.2368747443
73.7 -4.4 2107.8 0.5292518735 -0.1964720935 -0.8254036307 -0.8116177320 0.1663407534 -0.5600066185 0.2473239303 0.9662967920 -0.0714240819
-125.6 -107.2 1965.3 0.7872090340 -0.1363011897 -0.6014348269 -0.0023436521 0.9746005535 -0.2239380777 0.6166817546 0.1776956320 0.7668949366
-71.5 -494.4 1894.8 0.7906932831 0.0285377055 -0.6115470529 0.0616115294 0.9901323915 0.1258642823 0.6091043949 -0.1371983886 0.7811327577
-14.0 -120.8 2105.7 0.6887986064 0.0634240359 -0.7221730351 -0.0839225948 0.9964442849 0.0074674021 0.7200788260 0.0554630980 0.6916721463
-39.0 -514.2 2083.8 0.6887986064 0.4946668148 -0.5299634337 -0.0839225948 0.7805250883 0.6194655895 0.7200788260 -0.3822111189 0.5791382790
-72.8 -218.0 1645.2 0 0 0 0 0 0 0 0 0
210.3 -213.8 2171.6 0 0 0 0 0 0 0 0 0
-82.4 -872.2 1947.1 0 0 0 0 0 0 0 0 0
-228.0 -812.5 2229.8 0 0 0 0 0 0 0 0 0
150.3 434.3 1927.7 33 0.6371065974 0.3736616671 -0.6741455197 -0.1257649511 0.9133069515 0.3873675764 0.7604461312 -0.1620105654 0.6288673878
75.5 251.6 1960.1 0.6371065974 0.3736616671 -0.6741455197 -0.1257649511 0.9133069515 0.3873675764 0.7604461312 -0.1620105654 0.6288673878
4.9 68.6 1991.6 0.6408230662 0.3552416861 -0.6805505753 -0.1164112240 0.9212079048 0.3712471426 0.7588110566 -0.1586800069 0.6316854358
-14.5 268.0 1853.5 0.3712213933 -0.7211232781 -0.5849580765 0.9247626662 0.3439213336 0.1628869325 0.0837180018 -0.6014145017 0.7945387959
-126.4 -10.8 1828.2 -0.2009553015 -0.7211232781 -0.6630220413 0.7269288301 0.3439213336 -0.5943842530 0.6566517353 -0.6014145017 0.4550924599
165.5 235.3 2066.8 -0.3174473643 -0.1372155547 -0.9382958412 -0.9432259798 0.1476704031 0.2975201607 0.0977341235 0.9794719815 -0.1763028651
82.9 -10.4 2092.2 0.5270757675 -0.1372155547 -0.8386674523 -0.8263294697 0.1476704031 -0.5434823036 0.1984205842 0.9794719815 -0.0355517827
-123.6 -104.7 1959.5 0.8168103099 -0.1207514778 -0.5641276240 0.0078144232 0.9800757170 -0.1984704882 0.5768533945 0.1577044129 0.8014795184
-75.6 -494.1 1896.8 0.8181350231 0.0000454816 -0.5750261545 0.0643886328 0.9937037826 0.0916893780 0.5714098215 -0.1120394394 0.8129808903
-7.1 -125.2 2092.6 0.7277479768 0.0857325718 -0.6804651022 -0.1123326793 0.9936578274 0.0050538364 0.6765827537 0.0727605522 0.7327630520
-40.9 -517.4 2063.9 0.7277479768 0.4860843718 -0.4838438332 -0.1123326793 0.7804232836 0.6150779724 0.6765827537 -0.3932702541 0.6225546002
-68.4 -220.6 1638.8 0 0 0 0 0 0 0 0 0
218.9 -223.6 2143.4 0 0 0 0 0 0 0 0 0
-75.6 -873.4 1939.6 0 0 0 0 0 0 0 0 0
-226.7 -815.7 2214.2 0 0 0 0 0 0 0 0 0
157.7 427.7 1913.7 34 0.6348340511 0.3857671022 -0.6694546342 -0.1235054582 0.9059654474 0.4049358666 0.7627136707 -0.1743857712 0.6227820516
80.6 246.6 1948.6 0.6348340511 0.3857671022 -0.6694546342 -0.1235054582 0.9059654474 0.4049358666 0.7627136707 -0.1743857712 0.6227820516
7.4 64.9 1982.5 0.6384235024 0.3678682745 -0.6760831475 -0.1148368865 0.9140829444 0.3889278471 0.7610702515 -0.1706613898 0.6258168817
-9.2 262.7 1841.6 0.3807597756 -0.7104800940 -0.5918108225 0.9214312434 0.3450872898 0.1785474718 0.0773719624 -0.6132966876 0.7860538960
-121.8 -9.7 1818.7 -0.2020038664 -0.7104800940 -0.6741012335 0.7348222136 0.3450872898 -0.5839101672 0.6474803090 -0.6132966876 0.4523675740
170.3 230.4 2055.6 -0.3303151131 -0.1361808628 -0.9339950085 -0.9374316931 0.1627201736 0.3078051507 0.1100626513 0.9772291780 -0.1814091802
84.3 -13.8 2084.3 0.5156151056 -0.1361808628 -0.8459289670 -0.8306453228 0.1627201736 -0.5324946642 0.2101652771 0.9772291780 -0.0292170122
-124.4 -103.8 1953.7 0.8150941133 -0.1221494451 -0.5663048029 0.0145193012 0.9815193415 -0.1908114552 0.5791466236 0.1473069340 0.8018041253
-75.9 -493.9 1895.2 0.8159541488 -0.0120543251 -0.5779908895 0.0772030652 0.9930996895 0.0882765055 0.5729384422 -0.1166522503 0.8112544417
-7.2 -127.3 2086.2 0.7255712748 0.0987716243 -0.6810216308 -0.1130173951 0.9933114052 0.0236538742 0.6788029075 0.0598047227 0.7318811417
-46.2 -519.4 2062.6 0.7255712748 0.4970719218 -0.4758842587 -0.1130173951 0.7682302594 0.6301185489 0.6788029075 -0.4034127295 0.6135835648
-63.4 -222.2 1631.5 0 0 0 0 0 0 0 0 0
217.3 -228.1 2138.5 0 0 0 0 0 0 0 0 0
-71.3 -873.3 1939.7 0 0 0 0 0 0 0 0 0
-236.1 -813.1 2216.8 0 0 0 0 0 0 0 0 0
163.8 422.2 1902.3 35 0.6549789310 0.3985368013 -0.6420054436 -0.1390553564 0.8986696601 0.4160005450 0.7427423596 -0.1831973046 0.6440283656
84.1 242.5 1938.9 0.6549789310 0.3985368013 -0.6420054436 -0.1390553564 0.8986696601 0.4160005450 0.7427423596 -0.1831973046 0.6440283656
7.8 62.6 1975.1 0.6586783528 0.3842049837 -0.6469384432 -0.1305302531 0.9051156044 0.4046327174 0.7410159707 -0.1820777804 0.6463304162
-8.5 260.9 1834.7 0.3708229959 -0.7020115256 -0.6080050468 0.9248120189 0.3390028775 0.1726262271 0.0849298760 -0.6263041496 0.7749387026
-117.7 -11.5 1809.6 -0.2119177133 -0.7020115256 -0.6799049377 0.7401601076 0.3390028775 -0.5807237625 0.6381645203 -0.6263041496 0.4477601945
176.7 224.1 2043.1 -0.3491099775 -0.1020173058 -0.9315120578 -0.9293210506 0.1653614193 0.3301787972 0.1203522012 0.9809424281 -0.1525361389
85.8 -17.9 2074.5 0.5018211007 -0.1020173058 -0.8589342237 -0.8428716660 0.1653614193 -0.5120770335 0.1942753047 0.9809424281 -0.0030056487
-124.2 -106.2 1946.7 0.8296479583 -0.1269757152 -0.5436556339 0.0217612367 0.9804075360 -0.1957742721 0.5578626394 0.1505931020 0.8161562085
-73.7 -496.0 1886.8 0.8324875832 0.0080187302 -0.5539857149 0.0942652747 0.9832666516 0.1558870822 0.5459656715 -0.1819956750 0.8178013563
-8.2 -129.2 2079.3 0.7434686422 0.1240841746 -0.6571586728 -0.1304411590 0.9906694889 0.0394843817 0.6559264660 0.0563651398 0.7527173758
-57.2 -520.3 2057.0 0.7434686422 0.5023550987 -0.4414677620 -0.1304411590 0.7563664317 0.6410108209 0.6559264660 -0.4189858735 0.6278625131
-56.7 -224.5 1626.0 0 0 0 0 0 0 0 0 0
215.2 -235.4 2124.6 0 0 0 0 0 0 0 0 0
-76.8 -870.8 1956.2 0 0 0 0 0 0 0 0 0
-249.2 -809.4 2217.1 0 0 0 0 0 0 0 0 0
171.9 420.9 1896.0 36 0.6621579528 0.4075552821 -0.6288446188 -0.1515047252 0.8946504593 0.4202937484 0.7338891029 -0.1830279082 0.6541464329
90.4 242.1 1932.6 0.6621579528 0.4075552821 -0.6288446188 -0.1515047252 0.8946504593 0.4202937484 0.7338891029 -0.1830279082 0.6541464329
13.0 62.6 1968.6 0.6666864157 0.3899524212 -0.6351900101 -0.1412977874 0.9028874040 0.4059916437 0.7318224907 -0.1809181720 0.6570422053
-3.3 262.0 1829.7 0.3636111617 -0.7181473970 -0.5933390260 0.9279395342 0.3352566361 0.1628840715 0.0819460824 -0.6098092198 0.7883004546
-111.8 -14.9 1805.2 -0.2101193815 -0.7181473970 -0.6634109616 0.7309335470 0.3352566361 -0.5944233537 0.6492965817 -0.6098092198 0.4544740915
184.2 222.1 2035.6 -0.3558476567 -0.0882887244 -0.9303641915 -0.9269879460 0.1596845239 0.3394027352 0.1185993254 0.9832120538 -0.1386659443
91.5 -19.3 2066.4 0.4966763258 -0.0882887244 -0.8634337187 -0.8485504389 0.1596845239 -0.5044432282 0.1824136376 0.9832120538 0.0043940833
-128.9 -105.2 1943.4 0.8335741758 -0.1504630446 -0.5315213799 0.0336528607 0.9742352366 -0.2230093777 0.5513815284 0.1680076420 0.8171608448
-69.1 -492.4 1876.6 0.8379598856 0.0430033095 -0.5440348387 0.0950820297 0.9701388478 0.2231366485 0.5373849869 -0.2387075126 0.8088486195
-3.4 -129.8 2071.7 0.7599166632 0.0632558540 -0.6469353437 -0.0453787521 0.9979881048 0.0442772508 0.6484345794 -0.0042899023 0.7612583041
-28.4 -523.8 2073.4 0.7612795830 0.2672429681 -0.5907914639 -0.0406753123 0.9290067554 0.3678205609 0.6471467018 -0.2559836507 0.7181040645
-51.5 -224.8 1618.8 0 0 0 0 0 0 0 0 0
219.6 -238.2 2113.5 0 0 0 0 0 0 0 0 0
-85.5 -861.9 1967.6 0 0 0 0 0 0 0 0 0
-124.8 -859.1 2165.8 0 0 0 0 0 0 0 0 0
182.1 415.7 1883.9 37 0.6660585403 0.4303169847 -0.6092563868 -0.1565411836 0.8792603016 0.4498845935 0.7292879224 -0.2042757571 0.6530011296
95.8 239.4 1924.9 0.6660585403 0.4303169847 -0.6092563868 -0.1565411836 0.8792603016 0.4498845935 0.7292879224 -0.2042757571 0.6530011296
14.8 62.3 1964.4 0.6713635921 0.4080155790 -0.6187036633 -0.1453382075 0.8910854459 0.4299343526 0.7267377377 -0.1987209916 0.6575425863
1.4 259.8 1822.6 0.3609032631 -0.7261404395 -0.5852084160 0.9293891788 0.3320886791 0.1610991210 0.0773605034 -0.6020275354 0.7947189212
-106.0 -16.9 1799.6 -0.2070367038 -0.7261404395 -0.6556339264 0.7293624282 0.3320886791 -0.5981200337 0.6520477533 -0.6020275354 0.4608649909
190.3 218.9 2027.1 -0.3751445115 -0.0738910735 -0.9240165949 -0.9168738127 0.1762725711 0.3581485450 0.1364148110 0.9815641046 -0.1338764876
92.6 -19.9 2062.6 0.4795687497 -0.0738910735 -0.8743877411 -0.8566987514 0.1762725711 -0.4847630858 0.1899502426 0.9815641046 0.0212324262
-125.7 -103.9 1937.5 0.8379968405 -0.1511036307 -0.5243366957 0.0380752273 0.9747450948 -0.2200506032 0.5443450809 0.1644374728 0.8225865960
-65.6 -491.3 1872.1 0.8419094086 0.0640290454 -0.5358067751 0.0832961872 0.9656142592 0.2462738752 0.5331513286 -0.2519709468 0.8076263666
-4.7 -128.1 2070.6 0.7690652013 0.0502473079 -0.6371922493 -0.0047196848 0.9973244667 0.0729499161 0.6391529441 -0.0530958958 0.7672446370
-24.6 -522.7 2091.6 0.7694957852 0.1504432112 -0.6206795573 -0.0019566061 0.9724096656 0.2332714796 0.6386489272 -0.1782869846 0.7485594749
-46.6 -226.5 1612.2 0 0 0 0 0 0 0 0 0
216.3 -240.9 2111.6 0 0 0 0 0 0 0 0 0
-90.0 -859.7 1968.3 0 0 0 0 0 0 0 0 0
-79.9 -880.4 2157.2 0 0 0 0 0 0 0 0 0
193.2 407.8 1868.8 38 0.6779786944 0.4487507641 -0.5822092295 -0.1667526811 0.8652759790 0.4727483988 0.7159178853 -0.2234283984 0.6614691019
103.2 234.2 1913.7 0.6779786944 0.4487507641 -0.5822092295 -0.1667526811 0.8652759790 0.4727483988 0.7159178853 -0.2234283984 0.6614691019
19.1 59.4 1956.9 0.6846605539 0.4233325720 -0.5933207273 -0.1533844322 0.8794924617 0.4505177736 0.7125399113 -0.2174455673 0.6670864224
6.9 255.8 1813.4 0.3692116439 -0.7247195244 -0.5817769170 0.9267690778 0.3336996138 0.1724635214 0.0691510364 -0.6028483510 0.7948534489
-102.1 -17.9 1793.0 -0.2085995376 -0.7247195244 -0.6567098498 0.7275956869 0.3336996138 -0.5993738770 0.6535217762 -0.6028483510 0.4576932192
199.5 212.6 2013.9 -0.3925147951 -0.0469829589 -0.9185448885 -0.9066469669 0.1877139211 0.3778290749 0.1546721309 0.9810994267 -0.1162774414
97.3 -23.5 2054.2 0.4643569291 -0.0469829589 -0.8844010830 -0.8655005693 0.1877139211 -0.4644052982 0.1878335178 0.9810994267 0.0465024784
-127.8 -101.4 1937.3 0.8471125960 -0.1670052409 -0.5044893026 0.0509869717 0.9704978466 -0.2356571555 0.5289617777 0.1739057750 0.8306360245
-61.4 -487.2 1868.1 0.8485103846 0.0897027478 -0.5215204358 0.0649936199 0.9604008794 0.2709354162 0.5251723528 -0.2637870014 0.8090800047
-2.1 -129.4 2065.6 0.7849594951 0.0534799770 -0.6172345281 0.0080972947 0.9952967167 0.0965346023 0.6194941401 -0.0807736814 0.7808345556
-23.3 -524.1 2097.6 0.7849397659 0.1028253287 -0.6109799743 0.0079080453 0.9843891263 0.1758281440 0.6195216179 -0.1428461522 0.7718729973
-42.1 -227.3 1604.9 0 0 0 0 0 0 0 0 0
217.1 -246.8 2102.7 0 0 0 0 0 0 0 0 0
-95.7 -853.8 1968.8 0 0 0 0 0 0 0 0 0
-61.8 -892.6 2151.1 0 0 0 0 0 0 0 0 0
205.6 398.0 1860.8 39 0.6726197004 0.4741882980 -0.5680917501 -0.1767967194 0.8484487534 0.4988763630 0.7185580730 -0.2351173013 0.6545182467
110.4 227.6 1908.0 0.6726197004 0.4741882980 -0.5680917501 -0.1767967194 0.8484487534 0.4988763630 0.7185580730 -0.2351173013 0.6545182467
22.4 55.2 1953.2 0.6810873151 0.4429055452 -0.5830563903 -0.1609542072 0.8673912287 0.4708781540 0.7142925262 -0.2268637419 0.6620566249
14.6 250.2 1807.5 0.3903607130 -0.7064647079 -0.5903609991 0.9178451300 0.3487469256 0.1895675808 0.0719637796 -0.6158597469 0.7845622897
-99.9 -19.0 1786.4 -0.2166653126 -0.7064647079 -0.6737683415 0.7218204141 0.3487469256 -0.5977883339 0.6572909951 -0.6158597469 0.4343792796
206.2 204.9 2008.5 -0.4127062261 -0.0427247062 -0.9098616242 -0.8959063888 0.1993228644 0.3970165551 0.1643938124 0.9790020585 -0.1205391213
98.7 -28.4 2051.3 0.4448733628 -0.0427247062 -0.8945738077 -0.8735957146 0.1993228644 -0.4439605474 0.1972770840 0.9790020585 0.0513493158
-127.7 -101.2 1934.8 0.8427521586 -0.1787296236 -0.5077641606 0.0696707740 0.9715523124 -0.2263451815 0.5337740183 0.1553765684 0.8312300444
-56.7 -487.4 1873.1 0.8375495672 0.1244015917 -0.5320103168 0.0210608877 0.9656586051 0.2589592636 0.5459553003 -0.2280958295 0.8061669469
-3.1 -131.9 2063.8 0.7858108282 0.0672171712 -0.6148033738 0.0088774003 0.9927480817 0.1198849529 0.6184031963 -0.0996647552 0.7795155048
-29.8 -526.0 2103.4 0.7857983112 0.0917499736 -0.6116396189 0.0087421350 0.9871888757 0.1593162119 0.6184210777 -0.1305374503 0.7749292254
-37.6 -226.8 1597.2 0 0 0 0 0 0 0 0 0
213.5 -253.8 2102.2 0 0 0 0 0 0 0 0 0
-104.1 -855.8 1960.1 0 0 0 0 0 0 0 0 0
-64.5 -899.5 2152.7 0 0 0 0 0 0 0 0 0
221.7 384.9 1852.8 40 0.6548472643 0.5012410879 -0.5656257272 -0.1807511598 0.8305707574 0.5267648697 0.7338283658 -0.2427130044 0.6344968677
121.4 218.6 1901.4 0.6548472643 0.5012410879 -0.5656257272 -0.1807511598 0.8305707574 0.5267648697 0.7338283658 -0.2427130044 0.6344968677
27.0 50.6 1949.4 0.6641962528 0.4752018154 -0.5770845413 -0.1646986306 0.8460108638 0.5070897341 0.7291897535 -0.2417620718 0.6401823163
27.9 241.7 1798.9 0.4332530200 -0.6790780425 -0.5925747156 0.8993347287 0.3688290715 0.2348661721 0.0590663329 -0.6346794963 0.7705147862
-98.7 -21.0 1781.6 -0.2226531655 -0.6790780425 -0.6994845271 0.7203856111 0.3688290715 -0.5873752236 0.6568638682 -0.6346794963 0.4070771039
214.8 195.5 2003.9 -0.4450151622 -0.0511235669 -0.8940625787 -0.8771348000 0.2261616737 0.4236572385 0.1805438250 0.9727472663 -0.1454876363
98.9 -32.9 2050.9 0.4122202992 -0.0511235669 -0.9096487164 -0.8823984265 0.2261616737 -0.4125820398 0.2268203497 0.9727472663 0.0481170826
-128.0 -102.4 1932.7 0.8329130411 -0.1790038645 -0.5236540437 0.0757101551 0.9742029905 -0.2125947922 0.5482006073 0.1374270469 0.8249787688
-56.9 -489.6 1878.1 0.8247932792 0.1326632649 -0.5496512055 -0.0044228979 0.9735706449 0.2283431590 0.5654170513 -0.1859048456 0.8035812974
-6.5 -132.5 2064.3 0.7765807509 0.0980579183 -0.6223399639 0.0044813259 0.9869286418 0.1610956788 0.6300018430 -0.1278927177 0.7659903169
-45.4 -524.2 2115.0 0.7766009569 0.1103367507 -0.6202553511 0.0046616667 0.9835101962 0.1807925850 0.6299755573 -0.1432951242 0.7632806301
-34.4 -228.9 1592.1 0 0 0 0 0 0 0 0 0
205.2 -260.6 2109.5 0 0 0 0 0 0 0 0 0
-107.5 -861.1 1949.0 0 0 0 0 0 0 0 0 0
-87.4 -898.2 2169.5 0 0 0 0 0 0 0 0 0
237.8 364.0 1839.8 41 0.6573402882 0.5365016460 -0.5292161107 -0.1970262378 0.8001819253 0.5664710999 0.7273818851 -0.2680948377 0.6316967607
130.9 204.6 1893.2 0.6573402882 0.5365016460 -0.5292161107 -0.1970262378 0.8001819253 0.5664710999 0.7273818851 -0.2680948377 0.6316967607
29.2 42.4 1946.1 0.6665462255 0.5121725798 -0.5416597724 -0.1828319281 0.8167325258 0.5472846627 0.7226953506 -0.2657578290 0.6380314827
37.1 230.2 1791.5 0.4643484950 -0.6527329683 -0.5985984802 0.8838605881 0.3845099807 0.2663504481 0.0563113615 -0.6527569890 0.7554715872
-96.9 -24.9 1775.3 -0.2226624787 -0.6527329683 -0.7241277695 0.7262002826 0.3845099807 -0.5698992610 0.6504264474 -0.6527569890 0.3883989453
224.7 179.0 1994.9 -0.4844921827 -0.0249748528 -0.8744390011 -0.8504957557 0.2474117577 0.4641598761 0.2047541589 0.9685884714 -0.1411100775
98.5 -42.6 2048.2 0.3720751405 -0.0249748528 -0.9278665781 -0.8969812989 0.2474117577 -0.3663495779 0.2387146205 0.9685884714 0.0696537867
-128.3 -102.3 1930.5 0.8392383456 -0.1751842797 -0.5147712827 0.0760022476 0.9751799703 -0.2079607248 0.5384261012 0.1354048401 0.8317228556
-58.7 -490.0 1876.7 0.8357025981 0.0926755071 -0.5413061976 0.0281850956 0.9771218896 0.2108042091 0.5484585166 -0.1914263964 0.8139712214
-11.3 -136.4 2065.2 0.7860167623 0.1416839212 -0.6017501950 -0.0179246254 0.9781966209 0.2069059163 0.6179452538 -0.1518453807 0.7714185715
-67.5 -524.6 2125.4 0.7859969139 0.1478345096 -0.6002947688 -0.0180556737 0.9760637283 0.2167338580 0.6179667115 -0.1595134288 0.7698523402
-32.7 -234.3 1587.7 0 0 0 0 0 0 0 0 0
194.5 -274.0 2109.8 0 0 0 0 0 0 0 0 0
-94.0 -862.9 1949.7 0 0 0 0 0 0 0 0 0
-123.8 -896.4 2186.2 0 0 0 0 0 0 0 0 0
252.9 339.6 1828.8 42 0.6428149343 0.5760446787 -0.5049371123 -0.2051760405 0.7645586729 0.6110260487 0.7380324006 -0.2891756594 0.6096602678
138.7 188.0 1886.1 0.6428149343 0.5760446787 -0.5049371123 -0.2051760405 0.7645586729 0.6110260487 0.7380324006 -0.2891756594 0.6096602678
29.5 32.6 1943.7 0.6545036435 0.5503897071 -0.5183590651 -0.1891174614 0.7829917073 0.5925863385 0.7320242524 -0.2898191810 0.6165592670
46.6 214.4 1783.2 0.5045518279 -0.6318303347 -0.5884028077 0.8622365594 0.4038306475 0.3057268560 0.0444475785 -0.6615974903 0.7485406995
-96.8 -30.6 1770.5 -0.2282351553 -0.6318303347 -0.7407422662 0.7187838554 0.4038306475 -0.5659245253 0.6567026973 -0.6615974903 0.3619811237
230.8 161.6 1989.0 -0.5240542293 -0.0173933432 -0.8515073061 -0.8200070858 0.2804426253 0.4989391565 0.2301207036 0.9597132206 -0.1612298042
94.3 -52.0 2049.0 0.3293112814 -0.0173933432 -0.9440612197 -0.9046953917 0.2804426253 -0.3207463920 0.2703338563 0.9597132206 0.0766172335
-133.5 -102.9 1932.5 0.8354181051 -0.1788903773 -0.5196872950 0.0823339447 0.9756117463 -0.2034767717 0.5434130430 0.1272002757 0.8297724724
-62.4 -490.8 1881.9 0.8335825205 0.0597196370 -0.5491573215 0.0383523330 0.9854830503 0.1653852612 0.5510619283 -0.1589237303 0.8191910386
-19.7 -140.0 2068.3 0.7821093798 0.1863683313 -0.5946190357 -0.0322661437 0.9650602937 0.2600337565 0.6223052740 -0.1841887683 0.7607960701
-93.6 -522.7 2141.4 0.7820971012 0.1894257367 -0.5936682820 -0.0323286317 0.9637299180 0.2649141252 0.6223174334 -0.1879960895 0.7598541975
-31.2 -237.3 1581.7 0 0 0 0 0 0 0 0 0
179.3 -285.4 2118.7 0 0 0 0 0 0 0 0 0
-85.1 -866.8 1942.6 0 0 0 0 0 0 0 0 0
-165.8 -890.0 2213.0 0 0 0 0 0 0 0 0 0
267.7 316.2 1815.3 43 0.6375294924 0.6128257513 -0.4669055045 -0.2212334573 0.7261331677 0.6509888172 0.7379782796 -0.3117294312 0.5985088348
145.9 171.9 1877.2 0.6375294924 0.6128257513 -0.4669055045 -0.2212334573 0.7261331677 0.6509888172 0.7379782796 -0.3117294312 0.5985088348
29.9 23.2 1939.3 0.6516386271 0.5844050646 -0.4835678637 -0.2038495839 0.7489771247 0.6304590702 0.7306247354 -0.3122563660 0.6071931124
54.1 200.4 1774.5 0.5381259322 -0.6169992089 -0.5742233992 0.8423526287 0.4174220264 0.3408825397 0.0293692313 -0.6671363115 0.7443565130
-96.4 -35.3 1766.3 -0.2280476689 -0.6169992089 -0.7531973720 0.7165238857 0.4174220264 -0.5588849187 0.6592327356 -0.6671363115 0.3469025195
237.6 143.4 1980.0 -0.5604367256 0.0051430510 -0.8281812668 -0.7885432243 0.3024047911 0.5354912877 0.2532000542 0.9531657100 -0.1654232293
91.6 -62.0 2045.9 0.2882494926 0.0051430510 -0.9575415254 -0.9131682515 0.3024047911 -0.2732675076 0.2881596982 0.9531657100 0.0918644965
-139.7 -105.3 1934.0 0.8373932838 -0.1912277937 -0.5120590329 0.0915642381 0.9726440907 -0.2134935856 0.5388770700 0.1318918020 0.8319952488
-63.7 -492.0 1881.5 0.8353696465 0.0643445104 -0.5459096432 0.0484084897 0.9806551933 0.1896628141 0.5475528836 -0.1848652065 0.8160947561
-26.2 -143.9 2068.3 0.7857753038 0.2298475802 -0.5742188692 -0.0548614524 0.9506287575 0.3054426908 0.6160742044 -0.2085068375 0.7595903277
-117.4 -520.9 2151.0 0.7857592106 0.2313584834 -0.5736337900 -0.0549275391 0.9498468637 0.3078537583 0.6160888672 -0.2103906125 0.7590588331
-31.0 -240.9 1577.1 0 0 0 0 0 0 0 0 0
166.0 -297.6 2120.3 0 0 0 0 0 0 0 0 0
-88.3 -866.4 1952.1 0 0 0 0 0 0 0 0 0
-205.6 -883.1 2231.2 0 0 0 0 0 0 0 0 0
282.1 290.7 1803.5 44 0.6176064610 0.6501650810 -0.4425467551 -0.2213999033 0.6836566329 0.6954104304 0.7546815872 -0.3315101862 0.5661772490
152.9 154.9 1869.4 0.6176064610 0.6501650810 -0.4425467551 -0.2213999033 0.6836566329 0.6954104304 0.7546815872 -0.3315101862 0.5661772490
28.9 14.9 1935.7 0.6318462491 0.6249322295 -0.4585085213 -0.2058850229 0.7056210637 0.6780194044 0.7472494245 -0.3340039551 0.5745081902
64.0 183.6 1764.4 0.5846976638 -0.5942593217 -0.5522540212 0.8112309575 0.4331113696 0.3928344250 0.0057419827 -0.6776949167 0.7353207469
-95.8 -38.2 1762.8 -0.2223082930 -0.5942593217 -0.7729391456 0.7213339806 0.4331113696 -0.5404552221 0.6559392810 -0.6776949167 0.3323751688
241.9 126.2 1974.4 -0.6022787690 0.0089706425 -0.7982354164 -0.7487125993 0.3405349553 0.5687401295 0.2769290507 0.9401890635 -0.1983805448
85.1 -68.8 2046.5 0.2386071384 0.0089706425 -0.9710747600 -0.9137963057 0.3405349553 -0.2213871777 0.3286989033 0.9401890635 0.0894514099
-145.7 -106.6 1934.2 0.8306536078 -0.1957578510 -0.5212422609 0.0937998071 0.9719759822 -0.2155558020 0.5488317013 0.1301597804 0.8257373571
-67.9 -493.0 1882.4 0.8276181221 0.0819925144 -0.5552706122 0.0457412452 0.9761303663 0.2123138905 0.5594246984 -0.2011135966 0.8041127324
-37.0 -143.7 2070.3 0.7914154530 0.0865128487 -0.6051256657 0.0191177689 0.9859470129 0.1659608632 0.6109796166 -0.1429126561 0.7786397934
-70.9 -530.1 2126.4 0.7914144993 0.0872851089 -0.6050159931 0.0191070456 0.9857369661 0.1672050804 0.6109811664 -0.1438885927 0.7784587741
-32.1 -245.1 1574.6 0 0 0 0 0 0 0 0 0
146.6 -304.6 2131.3 0 0 0 0 0 0 0 0 0
-99.2 -865.9 1959.2 0 0 0 0 0 0 0 0 0
-103.8 -901.5 2180.6 0 0 0 0 0 0 0 0 0
296.2 269.8 1794.2 45 0.6142427325 0.6796022654 -0.4010569155 -0.2444317639 0.6470970511 0.7221623659 0.7503059506 -0.3455519378 0.5635910630
162.0 142.0 1862.4 0.6142427325 0.6796022654 -0.4010569155 -0.2444317639 0.6470970511 0.7221623659 0.7503059506 -0.3455519378 0.5635910630
31.6 9.3 1931.2 0.6274034381 0.6573743820 -0.4174012542 -0.2314741760 0.6692416668 0.7060703039 0.7434948683 -0.3463733494 0.5720497370
73.7 174.4 1757.8 0.6163933873 -0.5714191198 -0.5417926908 0.7874308228 0.4442890882 0.4272702336 -0.0034378127 -0.6899908781 0.7238098979
-95.0 -41.1 1758.8 -0.2145715654 -0.5714191198 -0.7921106219 0.7306446433 0.4442890882 -0.5184261203 0.6481646895 -0.6899908781 0.3221725225
250.4 109.7 1966.9 -0.6375190616 0.0354513898 -0.7696185112 -0.7139682174 0.3481976986 0.6074600220 0.2895146906 0.9367505312 -0.1966715157
84.3 -76.3 2042.3 0.1941640973 0.0354513898 -0.9803282619 -0.9218783975 0.3481976986 -0.1699957103 0.3353214562 0.9367505312 0.1002893671
-152.9 -106.1 1933.2 0.8337610364 -0.1930330694 -0.5172820687 0.0892222598 0.9716838598 -0.2187917829 0.5448687077 0.1362669915 0.8273749948
-76.1 -492.4 1879.0 0.8340106010 0.0389013737 -0.5503753424 0.0950833336 0.9724542499 0.2128189504 0.5434938073 -0.2298247814 0.8073382378
-41.3 -144.6 2068.2 0.8008530140 0.0396831259 -0.5975447297 0.0259717386 0.9945618510 0.1008575037 0.5982974768 -0.0962913111 0.7954671979
-56.9 -536.3 2106.1 0.8008524776 0.0400632322 -0.5975200534 0.0259584747 0.9944996238 0.1014723703 0.5982987881 -0.0967751145 0.7954075336
-33.3 -251.2 1572.5 0 0 0 0 0 0 0 0 0
134.4 -314.1 2128.9 0 0 0 0 0 0 0 0 0
-91.0 -863.5 1966.7 0 0 0 0 0 0 0 0 0
-72.1 -912.9 2142.7 0 0 0 0 0 0 0 0 0
307.8 248.5 1781.0 46 0.6045293808 0.7042749524 -0.3722110391 -0.2353358865 0.6043043733 0.7612051368 0.7610264421 -0.3725762367 0.5310609341
168.0 128.6 1854.9 0.6045293808 0.7042749524 -0.3722110391 -0.2353358865 0.6043043733 0.7612051368 0.7610264421 -0.3725762367 0.5310609341
32.3 3.9 1928.4 0.6157016754 0.6840521693 -0.3911318481 -0.2254148871 0.6285313368 0.7444034219 0.7550494075 -0.3701635003 0.5411833525
81.3 160.1 1748.8 0.6499981880 -0.5476205349 -0.5268909931 0.7596971393 0.4508768022 0.4685833752 -0.0190429781 -0.7048559189 0.7090948820
-93.9 -44.7 1753.9 -0.2112534046 -0.5476205349 -0.8096194863 0.7406026721 0.4508768022 -0.4982145727 0.6378712058 -0.7048559189 0.3103199899
254.8 97.1 1961.0 -0.6657957435 0.0463132970 -0.7446953058 -0.6762654781 0.3842364252 0.6285120249 0.3152475357 0.9220723510 -0.2245028913
81.3 -79.0 2043.1 0.1569826454 0.0463132970 -0.9865148664 -0.9143929482 0.3842364252 -0.1274674833 0.3731514812 0.9220723510 0.1026670039
-156.2 -102.2 1931.7 0.8348169923 -0.1804704666 -0.5201067328 0.0798772424 0.9744518399 -0.2099124938 0.5447019935 0.1336938292 0.8279044032
-84.5 -489.6 1878.5 0.8361838460 0.0025254320 -0.5484434366 0.1326303929 0.9693776965 0.2066785544 0.5321707726 -0.2455615252 0.8102430105
-46.9 -141.2 2071.0 0.8007392883 0.0300562307 -0.5982584357 0.0413536467 0.9935837984 0.1052670032 0.5975838304 -0.1090315953 0.7943586707
-58.8 -534.4 2114.1 0.8007391691 0.0302445833 -0.5982491374 0.0413486138 0.9935514927 0.1055730730 0.5975843668 -0.1092732698 0.7943250537
-33.1 -257.9 1570.3 0 0 0 0 0 0 0 0 0
121.9 -314.9 2139.4 0 0 0 0 0 0 0 0 0
-85.5 -859.6 1972.3 0 0 0 0 0 0 0 0 0
-70.3 -912.4 2155.7 0 0 0 0 0 0 0 0 0
316.6 226.5 1770.4 47 0.6170856357 0.7270165086 -0.3010852039 -0.2843115330 0.5627679825 0.7761824131 0.7337385416 -0.3933690190 0.5539752245
172.5 114.9 1848.4 0.6170856357 0.7270165086 -0.3010852039 -0.2843115330 0.5627679825 0.7761824131 0.7337385416 -0.3933690190 0.5539752245
31.7 -1.9 1925.6 0.6277740598 0.7090827227 -0.3210941553 -0.2757442296 0.5883417130 0.7601441741 0.7279182076 -0.3886589110 0.5648710728
84.1 153.5 1746.0 0.6610576510 -0.5311710238 -0.5299623609 0.7501229048 0.4510407448 0.4836092591 -0.0178446174 -0.7172304988 0.6966074705
-94.3 -48.9 1750.8 -0.2146880031 -0.5311710238 -0.8196135759 0.7472472787 0.4510407448 -0.4880407453 0.6289122105 -0.7172304988 0.3000830710
260.8 76.3 1950.8 -0.6960611343 0.1060249284 -0.7101109624 -0.6363488436 0.3669307828 0.6785439849 0.3325041533 0.9241864085 -0.1879374087
79.5 -89.5 2037.4 0.1110542119 0.1060249284 -0.9881425500 -0.9279800057 0.3669307828 -0.0649220943 0.3556965590 0.9241864085 0.1391382217
-159.8 -100.0 1932.4 0.8486123085 -0.1789710671 -0.4978217185 0.0824766234 0.9742873311 -0.2096705884 0.5225463510 0.1368703842 0.8415532112
-88.7 -487.4 1878.0 0.8491184115 -0.0185755938 -0.5278757811 0.1435719430 0.9698716998 0.1968145669 0.5083158612 -0.2429070175 0.8262028694
-51.4 -143.8 2069.7 0.8245553374 0.0678955913 -0.5616927147 -0.0087698111 0.9941880107 0.1073002741 0.5657133460 -0.0835490748 0.8203583956
-78.3 -537.8 2102.8 0.8245545626 0.0679911077 -0.5616822839 -0.0087809861 0.9941713810 0.1074529365 0.5657142997 -0.0836686790 0.8203455806
-32.6 -263.7 1570.1 0 0 0 0 0 0 0 0 0
108.2 -328.9 2129.1 0 0 0 0 0 0 0 0 0
-81.6 -857.8 1970.8 0 0 0 0 0 0 0 0 0
-104.2 -916.5 2134.7 0 0 0 0 0 0 0 0 0
322.0 202.5 1766.1 48 0.6054174900 0.7458816171 -0.2777234316 -0.3031031489 0.5387127995 0.7860769629 0.7359335423 -0.3917258978 0.5522251725
174.6 96.1 1843.5 0.6054174900 0.7458816171 -0.2777234316 -0.3031031489 0.5387127995 0.7860769629 0.7359335423 -0.3917258978 0.5522251725
29.7 -15.2 1921.3 0.6174482703 0.7297214866 -0.2937076390 -0.2941412628 0.5604832768 0.7741701007 0.7295467854 -0.3916184604 0.5607106686
87.7 137.3 1740.8 0.6922189593 -0.5097808838 -0.5108389258 0.7210447788 0.4586609006 0.5193501711 -0.0304529667 -0.7278417349 0.6850686073
-94.9 -52.9 1748.9 -0.2207266837 -0.5097808838 -0.8315065503 0.7479774356 0.4586609006 -0.4797498584 0.6259468794 -0.7278417349 0.2800658941
261.5 54.8 1946.1 -0.7184234858 0.1190330908 -0.6853457689 -0.6092261672 0.3678462505 0.7025187612 0.3357248604 0.9222365618 -0.1917513162
74.4 -103.9 2033.5 0.0777300820 0.1190330908 -0.9898430109 -0.9294420481 0.3678462505 -0.0287517570 0.3606876135 0.9222365618 0.1392270774
-166.2 -93.2 1936.2 0.8460578918 -0.1882147342 -0.4987597466 0.0837900639 0.9709212184 -0.2242571265 0.5264648795 0.1479433924 0.8372260332
-91.3 -479.3 1877.4 0.8464544415 -0.0168180782 -0.5321955085 0.1387570202 0.9719335437 0.1899780184 0.5140635967 -0.2346535921 0.8250311017
-58.5 -153.4 2066.1 0.8242484927 0.0912165344 -0.5588327050 -0.0294056740 0.9925028682 0.1186313778 0.5654641986 -0.0813488811 0.8207512498
-94.7 -547.2 2098.4 0.8242479563 0.0912645906 -0.5588256717 -0.0294118151 0.9924935699 0.1187076718 0.5654646754 -0.0814084709 0.8207449913
-31.5 -267.5 1569.3 0 0 0 0 0 0 0 0 0
94.5 -343.7 2126.6 0 0 0 0 0 0 0 0 0
-84.9 -850.6 1967.0 0 0 0 0 0 0 0 0 0
-129.5 -925.9 2129.4 0 0 0 0 0 0 0 0 0
326.3 182.5 1766.4 49 0.5835957527 0.7689360380 -0.2610620260 -0.3063701689 0.5062208772 0.8061499596 0.7520328164 -0.3904840350 0.5310074091
174.7 82.7 1843.4 0.5835957527 0.7689360380 -0.2610620260 -0.3063701689 0.5062208772 0.8061499596 0.7520328164 -0.3904840350 0.5310074091
25.1 -22.5 1920.8 0.5956012011 0.7532810569 -0.2789746523 -0.2981990874 0.5298182368 0.7939584255 0.7458796501 -0.3896926045 0.5401880741
90.9 124.5 1738.5 0.7165029049 -0.4848661423 -0.5015260577 0.6967755556 0.4628339112 0.5479859114 -0.0335765593 -0.7420846224 0.6694647074
-95.4 -56.7 1747.3 -0.2231991589 -0.4848661423 -0.8456281424 0.7549161315 0.4628339112 -0.4646358192 0.6166715622 -0.7420846224 0.2627291381
258.5 40.8 1948.3 -0.7425581217 0.1147861108 -0.6598724127 -0.5800009370 0.3825222552 0.7192187905 0.3349722028 0.9167883396 -0.2174689472
65.1 -110.2 2035.5 0.0427376814 0.1147861108 -0.9924704432 -0.9239355326 0.3825222552 0.0044549210 0.3801534176 0.9167883396 0.1224030778
-171.5 -99.5 1932.2 0.8332623243 -0.2004660815 -0.5152545571 0.1006210595 0.9713721275 -0.2152012736 0.5436444879 0.1274736524 0.8295788765
-91.8 -485.6 1881.6 0.8328661919 -0.0257559232 -0.5528748035 0.1331095248 0.9789191484 0.1549165547 0.5372297168 -0.2026176602 0.8187370300
-69.8 -155.0 2066.6 0.8136004210 0.1172390580 -0.5694816709 -0.0405188762 0.9885110259 0.1456165016 0.5800108910 -0.0953988805 0.8090033531
-116.3 -547.5 2104.5 0.8136000633 0.1172631904 -0.5694771409 -0.0405214205 0.9885053039 0.1456547529 0.5800111294 -0.0954286903 0.8089996576
-31.4 -273.0 1570.5 0 0 0 0 0 0 0 0 0
76.2 -348.6 2133.6 0 0 0 0 0 0 0 0 0
-82.0 -859.5 1959.0 0 0 0 0 0 0 0 0 0
-161.1 -924.8 2140.9 0 0 0 0 0 0 0 0 0
330.6 165.5 1763.1 50 0.5721473694 0.7852215171 -0.2368005663 -0.3184109330 0.4787476659 0.8181779385 0.7558186650 -0.3927184641 0.5239373446
176.2 71.4 1840.3 0.5721473694 0.7852215171 -0.2368005663 -0.3184109330 0.4787476659 0.8181779385 0.7558186650 -0.3927184641 0.5239373446
23.2 -28.5 1918.3 0.5843544006 0.7703908086 -0.2550058067 -0.3107094169 0.5027002096 0.8066921234 0.7496596575 -0.3921613693 0.5331227779
94.0 115.0 1734.9 0.7347022891 -0.4648147821 -0.4941252768 0.6773342490 0.4620010555 0.5725149512 -0.0378270037 -0.7553159595 0.6542682052
-95.4 -59.6 1744.6 -0.2176309079 -0.4648147821 -0.8582447171 0.7672848701 0.4620010555 -0.4447796941 0.6032501459 -0.7553159595 0.2560996413
258.4 27.7 1945.8 -0.7611359954 0.1248259023 -0.6364672184 -0.5536375642 0.3861526251 0.7378154397 0.3378719687 0.9139500260 -0.2248063385
60.2 -116.5 2033.8 0.0128579196 0.1248259023 -0.9920953512 -0.9217069149 0.3861526251 0.0366402455 0.3876738548 0.9139500260 0.1200180203
-178.9 -100.4 1929.8 0.8283957839 -0.2136562169 -0.5177947879 0.1116197854 0.9688225985 -0.2211872637 0.5489093065 0.1254344434 0.8264167905
