16.5 425.3 2173.5 5 0.8060734272 0.1847671866 -0.5622337461 -0.1874880493 0.9808076620 0.0535221137 0.5613322854 0.0622693561 0.8252446055
-22.2 219.8 2160.4 0.8060734272 0.1847671866 -0.5622337461 -0.1874880493 0.9808076620 0.0535221137 0.5613322854 0.0622693561 0.8252446055
-54.6 27.2 2158.3 0.8139879107 0.1656178385 -0.5567713976 -0.1430586725 0.9861272573 0.0841857642 0.5629900694 0.0111247776 0.8263887763
-138.0 240.1 2080.5 0.2170553654 -0.0890578702 -0.9720882773 0.9681844711 0.1466724724 0.2027462870 0.1245224327 -0.9851679206 0.1180604920
-198.2 -28.4 2046.0 -0.3038085401 -0.0890578702 -0.9485616088 0.9379633069 0.1466724724 -0.3141847551 0.1671084911 -0.9851679206 0.0389726646
93.6 199.4 2240.3 0.9209502339 0.2022725046 -0.3330712914 -0.3727458715 0.2080347985 -0.9043130279 -0.1136272475 0.9569782615 0.2669859231
212.2 151.4 2225.7 -0.0880068615 0.2022725046 0.9753668904 0.9770848155 0.2080347985 0.0450194180 -0.1938040704 0.9569782615 -0.2159458846
-152.7 -154.0 2108.0 0.7631614208 0.0001793442 -0.6462078691 -0.0822943076 0.9918848276 -0.0969130099 0.6409463882 0.1271394938 0.7569829822
-152.8 -542.0 2058.2 0.7617620230 0.1656830609 -0.6263128519 -0.0907811075 0.9845056534 0.1500245780 0.6414650679 -0.0574256480 0.7649999261
-5.9 -183.0 2213.5 0.7182084322 0.0065073394 -0.6957975626 -0.0082369410 0.9999657273 0.0008497809 0.6957792640 0.0051209242 0.7182374001
-8.4 -576.4 2211.5 0.7281042933 0.0840976387 -0.6802879572 0.0757933185 0.9764826298 0.2018341273 0.6812631488 -0.1985175759 0.7046071887
-112.7 -292.2 1999.0 0 0 0 0 0 0 0 0 0
187.5 425.8 2171.3 0 0 0 0 0 0 0 0 0
-215.0 -911.5 2079.8 0 0 0 0 0 0 0 0 0
-40.1 -943.7 2286.2 0 0 0 0 0 0 0 0 0
14.8 425.0 2173.9 6 0.8161488175 0.1852183342 -0.5473530293 -0.1855474412 0.9810769558 0.0553191788 0.5472415090 0.0564112701 0.8350715637
-23.0 224.5 2162.4 0.8161488175 0.1852183342 -0.5473530293 -0.1855474412 0.9810769558 0.0553191788 0.5472415090 0.0564112701 0.8350715637
-56.8 32.0 2157.1 0.8209683895 0.1726568788 -0.5442430377 -0.1590749472 0.9846081734 0.0724012256 0.5483667254 0.0271363072 0.8357975483
-139.9 247.2 2084.4 0.2363446504 -0.1035126746 -0.9661399126 0.9626467228 0.1601304114 0.2183336616 0.1321080774 -0.9816533923 0.1374920905
-203.1 -10.3 2049.1 -0.2723840773 -0.1089534909 -0.9560000300 0.9406530857 0.1788807064 -0.2883981168 0.2024319321 -0.9778194427 0.0537631810
93.9 201.9 2240.3 0.9178678989 0.2087420076 -0.3375577927 -0.3762624264 0.1870654672 -0.9074321389 -0.1262737960 0.9599131942 0.2502431571
211.4 153.7 2224.1 -0.0826078802 0.2087420076 0.9744756222 0.9814004302 0.1870654672 0.0431236960 -0.1732890010 0.9599131942 -0.2203125805
-160.4 -146.8 2103.0 0.7712523937 -0.0280689355 -0.6359102726 -0.0537654161 0.9925843477 -0.1090208665 0.6342546940 0.1182725877 0.7640239596
-149.5 -535.2 2056.7 0.7647255659 0.1757851094 -0.6199148893 -0.0938597918 0.9821962118 0.1627295911 0.6374834776 -0.0662583932 0.7676097155
-13.8 -177.3 2206.3 0.7281449437 -0.0094301514 -0.6853582859 0.0188852511 0.9998017550 0.0063075307 0.6851629615 -0.0175359603 0.7281787395
-10.1 -569.6 2213.2 0.7325368524 0.0734623000 -0.6767518520 0.0662782043 0.9817395210 0.1783106625 0.6774931550 -0.1754730195 0.7142914534
-126.5 -274.8 1992.1 0 0 0 0 0 0 0 0 0
188.2 429.7 2175.4 0 0 0 0 0 0 0 0 0
-215.5 -904.4 2081.6 0 0 0 0 0 0 0 0 0
-37.7 -939.0 2279.2 0 0 0 0 0 0 0 0 0
12.7 424.5 2173.6 7 0.8198947906 0.1832976341 -0.5423785448 -0.1821651310 0.9816503525 0.0563774966 0.5427599549 0.0525788367 0.8382405043
-24.3 226.3 2163.0 0.8198947906 0.1832976341 -0.5423785448 -0.1821651310 0.9816503525 0.0563774966 0.5427599549 0.0525788367 0.8382405043
-58.2 33.7 2156.1 0.8231154680 0.1732814908 -0.5407906175 -0.1644091159 0.9842395186 0.0651320890 0.5435536504 0.0352996737 0.8386318088
-141.5 249.7 2085.6 0.2454698533 -0.1079034507 -0.9633802176 0.9597231150 0.1671478003 0.2258166224 0.1366604865 -0.9800094366 0.1445871890
-205.7 -1.3 2049.8 -0.2399725616 -0.1150047556 -0.9639434814 0.9460408688 0.1950315982 -0.2587842643 0.2177608609 -0.9740310907 0.0619969666
93.0 202.9 2240.3 0.9177523255 0.2084613740 -0.3380451798 -0.3754020631 0.1775146723 -0.9097042680 -0.1296302229 0.9617860317 0.2411713302
210.1 155.0 2223.8 -0.0822739676 0.2084613740 0.9745639563 0.9830877185 0.1775146723 0.0450227745 -0.1636138856 0.9617860317 -0.2195406556
-164.8 -143.3 2101.1 0.7731347680 -0.0434940308 -0.6327487230 -0.0410003029 0.9921317697 -0.1182943061 0.6329151988 0.1174003333 0.7652682662
-147.7 -531.7 2055.2 0.7652454376 0.1811156422 -0.6177350283 -0.0886796340 0.9801158309 0.1775075346 0.6376012564 -0.0810563192 0.7660904527
-16.6 -174.4 2201.0 0.7307049632 -0.0125697013 -0.6825776696 0.0345379040 0.9992308021 0.0185722262 0.6818191409 -0.0371456183 0.7305770516
-11.7 -566.1 2215.5 0.7326639295 0.0514356606 -0.6786442399 0.0653369427 0.9872189760 0.1453608125 0.6774471998 -0.1508411616 0.7199390531
-138.2 -267.4 1988.6 0 0 0 0 0 0 0 0 0
187.0 431.7 2177.7 0 0 0 0 0 0 0 0 0
-215.9 -900.5 2085.6 0 0 0 0 0 0 0 0 0
-31.0 -937.5 2272.3 0 0 0 0 0 0 0 0 0
10.7 427.2 2173.9 8 0.8332366347 0.1790720522 -0.5231155753 -0.1818540841 0.9822221994 0.0465691760 0.5221549869 0.0563275591 0.8509885073
-25.3 230.0 2162.6 0.8332366347 0.1790720522 -0.5231155753 -0.1818540841 0.9822221994 0.0465691760 0.5221549869 0.0563275591 0.8509885073
-59.3 37.3 2154.3 0.8353626132 0.1734701693 -0.5216104388 -0.1699975878 0.9839105010 0.0549634099 0.5227524638 0.0427581370 0.8514115214
-144.3 254.2 2088.2 0.2335767448 -0.1304178983 -0.9635522962 0.9616097808 0.1777864099 0.2090422511 0.1440436542 -0.9753887057 0.1669378877
-205.6 1.7 2050.4 -0.2012205869 -0.1361392885 -0.9700393677 0.9523149133 0.2046895623 -0.2262708843 0.2293612957 -0.9693133235 0.0884597152
93.7 205.8 2237.0 0.9151349068 0.2279949337 -0.3324851394 -0.3730251789 0.1660713106 -0.9128376245 -0.1529061049 0.9593949318 0.2370254993
210.3 158.2 2217.6 -0.0861465186 0.2279949337 0.9698438644 0.9849230051 0.1660713106 0.0484451950 -0.1500179768 0.9593949318 -0.2388639152
-166.5 -142.7 2099.5 0.7868492007 -0.0459598973 -0.6154316068 -0.0361627303 0.9920759797 -0.1203225926 0.6160849333 0.1169314161 0.7789521217
-148.5 -531.1 2053.7 0.7785743475 0.1800402254 -0.6011717916 -0.0869847462 0.9796764255 0.1807421297 0.6214947104 -0.0884284079 0.7784116864
-17.8 -173.5 2198.1 0.7458145022 -0.0130391177 -0.6660260558 0.0414372310 0.9987803102 0.0268477090 0.6648636460 -0.0476216860 0.7454451919
-12.7 -564.9 2216.8 0.7472574115 0.0333503485 -0.6636973619 0.0729875267 0.9885786772 0.1318521351 0.6605143547 -0.1469691098 0.7362885475
-149.0 -266.1 1985.9 0 0 0 0 0 0 0 0 0
186.1 435.6 2175.3 0 0 0 0 0 0 0 0 0
-216.3 -899.9 2087.0 0 0 0 0 0 0 0 0 0
-25.3 -937.0 2272.1 0 0 0 0 0 0 0 0 0
7.6 427.5 2173.6 9 0.8227857947 0.1798230261 -0.5391541719 -0.1794145703 0.9822999239 0.0538257696 0.5392902493 0.0524450392 0.8404853344
-28.3 231.0 2163.1 0.8227857947 0.1798230261 -0.5391541719 -0.1794145703 0.9822999239 0.0538257696 0.5392902493 0.0524450392 0.8404853344
-62.5 38.4 2154.5 0.8243941665 0.1745102257 -0.5384425521 -0.1704906076 0.9836641550 0.0577740110 0.5397288203 0.0441708416 0.8406793475
-145.8 255.3 2086.2 0.2372042388 -0.1129940823 -0.9648660421 0.9619693756 0.1658122987 0.2170740813 0.1354585737 -0.9796624780 0.1480282247
-206.9 7.4 2051.3 -0.1585724950 -0.1227296963 -0.9796898365 0.9573393464 0.2236565202 -0.1829732060 0.2415702641 -0.9669101238 0.0820281953
89.1 206.8 2240.0 0.9173975587 0.2080486417 -0.3392601609 -0.3751373291 0.1674652100 -0.9117166996 -0.1328671426 0.9636758566 0.2316789925
205.9 159.0 2223.1 -0.0811068192 0.2080486417 0.9747499228 0.9847949147 0.1674652100 0.0461992063 -0.1536250263 0.9636758566 -0.2184678018
-168.8 -139.2 2098.4 0.7741160989 -0.0492422916 -0.6311255097 -0.0328632593 0.9924997091 -0.1177466810 0.6321900487 0.1118904501 0.7666918039
-149.5 -527.9 2054.5 0.7685922384 0.1651273817 -0.6180605888 -0.0688103661 0.9818473458 0.1767508984 0.6360275745 -0.0933203921 0.7660027146
-17.8 -170.5 2193.0 0.7323040366 -0.0145305544 -0.6808227897 0.0519505106 0.9980508685 0.0345777757 0.6789932847 -0.0606905334 0.7316315770
-12.1 -561.5 2216.8 0.7325430512 0.0430898741 -0.6793555021 0.0572084598 0.9905669093 0.1245166287 0.6783125401 -0.1300786734 0.7231677771
-162.3 -261.8 1983.4 0 0 0 0 0 0 0 0 0
183.1 436.4 2179.8 0 0 0 0 0 0 0 0 0
-211.6 -897.6 2089.7 0 0 0 0 0 0 0 0 0
-28.4 -934.4 2265.8 0 0 0 0 0 0 0 0 0
5.9 428.7 2179.9 0 0.8021641374 0.1739597619 -0.5712011456 -0.1783160120 0.9827583432 0.0488824248 0.5698562264 0.0626425743 0.8193532825
-28.8 232.6 2167.4 0.8021641374 0.1739597619 -0.5712011456 -0.1783160120 0.9827583432 0.0488824248 0.5698562264 0.0626425743 0.8193532825
-61.8 39.9 2156.5 0.8035429716 0.1688527316 -0.5707954764 -0.1704052985 0.9840424657 0.0512097180 0.5703338981 0.0561173707 0.8194937706
-143.2 256.9 2086.2 0.2505621314 -0.0790759102 -0.9648656249 0.9589563608 0.1569340825 0.2361660004 0.1327452660 -0.9844382405 0.1151520833
-208.0 8.8 2051.9 -0.1293470711 -0.0900240093 -0.9875044227 0.9603278041 0.2367538661 -0.1473706067 0.2470623851 -0.9673899412 0.0558291376
85.6 208.3 2248.6 0.9232472777 0.1694336087 -0.3448285162 -0.3713082671 0.1628820598 -0.9141113758 -0.0987148061 0.9719884992 0.2132925242
203.1 161.1 2236.1 -0.0789587498 0.1694336087 0.9823735356 0.9853212237 0.1628820598 0.0511027984 -0.1513524950 0.9719884992 -0.1798074991
-171.2 -138.4 2096.9 0.7491527200 -0.0533307120 -0.6602469087 -0.0327918604 0.9925456047 -0.1173792258 0.6615850925 0.1095856950 0.7418194413
-150.3 -527.2 2054.0 0.7453689575 0.1629968882 -0.6464186907 -0.0569558330 0.9816738367 0.1818583906 0.6642147303 -0.0987342820 0.7409928441
-22.2 -169.5 2194.5 0.7052398920 -0.0259826872 -0.7084924579 0.0523508266 0.9985085726 0.0154919857 0.7070332766 -0.0480157323 0.7055482864
-12.1 -560.6 2213.3 0.7076984048 0.0459004454 -0.7050220966 0.0924993008 0.9832785726 0.1568667591 0.7004333138 -0.1762284040 0.6916189194
-171.6 -261.4 1982.4 0 0 0 0 0 0 0 0 0
180.8 438.6 2193.4 0 0 0 0 0 0 0 0 0
-211.7 -896.9 2091.2 0 0 0 0 0 0 0 0 0
-29.3 -930.5 2279.6 0 0 0 0 0 0 0 0 0
4.8 429.6 2183.6 1 0.8056530356 0.1700280905 -0.5674624443 -0.1790262014 0.9830157757 0.0403679572 0.5646882057 0.0690680742 0.8224091530
-29.1 233.5 2169.8 0.8056530356 0.1700280905 -0.5674624443 -0.1790262014 0.9830157757 0.0403679572 0.5646882057 0.0690680742 0.8224091530
-61.3 40.8 2157.7 0.8070722222 0.1646596789 -0.5670287609 -0.1706839502 0.9843907356 0.0429170430 0.5652446151 0.0621455610 0.8225791454
-144.1 257.9 2089.3 0.2470176816 -0.0833308697 -0.9654212594 0.9583742023 0.1682229787 0.2306943238 0.1431820840 -0.9822204709 0.1214162037
-207.9 10.1 2052.3 -0.0906769037 -0.0914289579 -0.9916745424 0.9614719152 0.2514535189 -0.1110983714 0.2595176399 -0.9635413289 0.0651053488
85.9 209.2 2250.4 0.9245296717 0.1731326729 -0.3395143747 -0.3662067652 0.1568857282 -0.9172129035 -0.1055345684 0.9723229408 0.2084478587
203.5 162.6 2236.9 -0.0841228217 0.1731326729 0.9812993407 0.9859794974 0.1568857282 0.0568443537 -0.1441102475 0.9723229408 -0.1839029491
-167.4 -137.2 2093.9 0.7522974014 -0.0478473455 -0.6570839286 -0.0300732404 0.9938257337 -0.1067990586 0.6581369638 0.1001052931 0.7462135553
-148.7 -526.5 2054.7 0.7456545234 0.1756810844 -0.6427561045 -0.0707681254 0.9800411463 0.1857720464 0.6625640988 -0.0930351242 0.7432047725
-22.3 -168.2 2197.0 0.7084832191 -0.0277412198 -0.7051821947 0.0487176999 0.9987659454 0.0096552186 0.7040441036 -0.0411954150 0.7089604139
-11.4 -559.4 2213.1 0.7112946510 0.0566470958 -0.7006076574 0.0877839774 0.9817842245 0.1685044318 0.6973907948 -0.1813584268 0.6933650970
-182.4 -260.3 1979.3 0 0 0 0 0 0 0 0 0
179.8 440.4 2196.3 0 0 0 0 0 0 0 0 0
-214.8 -895.6 2089.8 0 0 0 0 0 0 0 0 0
-32.7 -928.9 2281.4 0 0 0 0 0 0 0 0 0
4.2 429.7 2184.9 2 0.8092911839 0.1661196053 -0.5634288192 -0.1767508388 0.9835926294 0.0361201428 0.5601847172 0.0703548044 0.8253746033
-28.9 233.7 2170.9 0.8092911839 0.1661196053 -0.5634288192 -0.1767508388 0.9835926294 0.0361201428 0.5601847172 0.0703548044 0.8253746033
-60.5 40.8 2158.5 0.8105882406 0.1614382714 -0.5629248023 -0.1689561158 0.9848457575 0.0391490087 0.5607143044 0.0633758679 0.8255804181
-144.4 257.8 2091.0 0.2458078116 -0.0871025920 -0.9653971791 0.9574155807 0.1774179637 0.2277680784 0.1514396071 -0.9802734256 0.1270041019
-207.6 11.4 2052.1 -0.0739072338 -0.0935714319 -0.9928656220 0.9613100886 0.2582381666 -0.0958956480 0.2653689086 -0.9615390897 0.0708654895
86.6 209.6 2250.8 0.9253261089 0.1774580479 -0.3350824714 -0.3625693321 0.1554619521 -0.9188988209 -0.1109734178 0.9717717171 0.2081938535
204.4 163.5 2236.7 -0.0883979201 0.1774580479 0.9801502228 0.9859704971 0.1554619521 0.0607761592 -0.1415908486 0.9717717171 -0.1887109131
-166.5 -136.5 2094.4 0.7560390234 -0.0478267483 -0.6527768373 -0.0337774940 0.9931468964 -0.1118852347 0.6536543965 0.1066387743 0.7492423654
-147.8 -525.5 2052.6 0.7491028309 0.1913726181 -0.6342092752 -0.0721232817 0.9752336144 0.2090875357 0.6585158706 -0.1108868122 0.7443526983
-20.6 -167.4 2196.6 0.7120064497 -0.0216283295 -0.7018397450 0.0468914397 0.9987588525 0.0167923272 0.7006054521 -0.0448665209 0.7121369243
-12.2 -558.7 2214.1 0.7142913342 0.0439504385 -0.6984670758 0.0857479647 0.9850105047 0.1496715844 0.6945755482 -0.1668012440 0.6998158097
-186.8 -259.2 1977.4 0 0 0 0 0 0 0 0 0
179.5 441.3 2196.8 0 0 0 0 0 0 0 0 0
-219.8 -892.7 2094.4 0 0 0 0 0 0 0 0 0
-28.7 -929.5 2276.9 0 0 0 0 0 0 0 0 0
4.0 429.5 2185.6 3 0.8085119724 0.1652809829 -0.5647925735 -0.1776180714 0.9835272431 0.0335557200 0.5610349774 0.0731871650 0.8245503902
-29.0 233.5 2171.0 0.8085119724 0.1652809829 -0.5647925735 -0.1776180714 0.9835272431 0.0335557200 0.5610349774 0.0731871650 0.8245503902
-60.2 40.5 2158.5 0.8101683855 0.1596120298 -0.5640489459 -0.1675810963 0.9851232767 0.0380616300 0.5617328286 0.0636876076 0.8248636723
-144.4 257.3 2091.0 0.2457335591 -0.0862604827 -0.9654916525 0.9574688077 0.1769879758 0.2278788686 0.1512234807 -0.9804255962 0.1260836124
-207.6 11.4 2052.1 -0.0624762848 -0.0921197757 -0.9937860370 0.9611615539 0.2626448274 -0.0847713500 0.2688218653 -0.9604851007 0.0721329153
86.5 209.6 2251.1 0.9261298776 0.1758777797 -0.3336921930 -0.3608775139 0.1556764096 -0.9195283055 -0.1097765863 0.9720246196 0.2076469064
204.3 163.6 2237.1 -0.0899625197 0.1758777797 0.9802926779 0.9858263731 0.1556764096 0.0625398979 -0.1416090727 0.9720246196 -0.1873899996
-165.3 -136.7 2095.4 0.7554646730 -0.0458477251 -0.6535832882 -0.0367444865 0.9930139184 -0.1121304557 0.6541581750 0.1087261811 0.7485023141
-147.4 -525.7 2052.8 0.7493774891 0.1899487376 -0.6343129277 -0.0703183562 0.9753820896 0.2090097815 0.6583985686 -0.1120233834 0.7442862391
-18.8 -167.3 2196.8 0.7110629082 -0.0177824534 -0.7029035091 0.0462583601 0.9986974597 0.0215297118 0.7016051412 -0.0478241406 0.7109593153
-11.9 -558.5 2215.5 0.7120541334 0.0483976491 -0.7004545331 0.0641470030 0.9889650345 0.1335414648 0.6991881132 -0.1400208175 0.7010921240
-190.0 -259.2 1976.4 0 0 0 0 0 0 0 0 0
179.0 441.4 2197.2 0 0 0 0 0 0 0 0 0
-218.9 -893.0 2095.0 0 0 0 0 0 0 0 0 0
-30.1 -930.8 2268.2 0 0 0 0 0 0 0 0 0
4.6 429.8 2185.9 4 0.8043717146 0.1663517803 -0.5703623891 -0.1787676811 0.9832802415 0.0346705280 0.5665935278 0.0740743577 0.8206611276
-28.6 233.8 2171.2 0.8043717146 0.1663517803 -0.5703623891 -0.1787676811 0.9832802415 0.0346705280 0.5665935278 0.0740743577 0.8206611276
-60.4 41.0 2158.5 0.8057981133 0.1625822932 -0.5694351792 -0.1702341884 0.9845826030 0.0402175821 0.5671945810 0.0645300746 0.8210518360
-143.4 258.1 2090.3 0.2486508340 -0.0802050531 -0.9652667642 0.9572135210 0.1726602018 0.2322298139 0.1480371505 -0.9817105532 0.1197054610
-207.7 10.6 2052.1 -0.0574380755 -0.0860723183 -0.9946318269 0.9609211087 0.2654693425 -0.0784642324 0.2707978487 -0.9602695107 0.0674606636
86.3 209.5 2252.0 0.9256010056 0.1698595881 -0.3382462263 -0.3640875816 0.1553036422 -0.9183251262 -0.1034554616 0.9731538892 0.2055929750
204.1 163.2 2238.8 -0.0856025591 0.1698595881 0.9817433357 0.9860966206 0.1553036422 0.0591117702 -0.1424276084 0.9731538892 -0.1807923615
-164.7 -137.3 2095.3 0.7508515716 -0.0427906178 -0.6590833068 -0.0374251381 0.9935392141 -0.1071410552 0.6594097614 0.1051133126 0.7443990707
-148.0 -526.4 2054.1 0.7461611629 0.1781349033 -0.6414915919 -0.0648158342 0.9783995748 0.1962988377 0.6626027822 -0.1048917547 0.7415897250
-18.3 -167.6 2196.8 0.7064303160 -0.0173164587 -0.7075707316 0.0481398217 0.9985612035 0.0236243326 0.7061435580 -0.0507512726 0.7062475085
-11.5 -558.7 2216.7 0.7074362040 0.0568503104 -0.7044870853 0.0640304461 0.9875057936 0.1439876705 0.7038708329 -0.1469707191 0.6949571371
-191.5 -260.1 1975.8 0 0 0 0 0 0 0 0 0
180.0 441.0 2198.7 0 0 0 0 0 0 0 0 0
-215.1 -894.9 2093.6 0 0 0 0 0 0 0 0 0
-32.9 -930.5 2272.1 0 0 0 0 0 0 0 0 0
4.1 429.3 2186.6 5 0.7913326621 0.1653469205 -0.5886026025 -0.1767270416 0.9834994674 0.0386826955 0.5852863789 0.0734111145 0.8074965477
-28.8 233.5 2172.0 0.7913326621 0.1653469205 -0.5886026025 -0.1767270416 0.9834994674 0.0386826955 0.5852863789 0.0734111145 0.8074965477
-60.2 40.6 2159.1 0.7927271724 0.1604498327 -0.5880811810 -0.1683017910 0.9848474264 0.0418330170 0.5858823061 0.0658129379 0.8077193499
-141.8 257.4 2088.5 0.2568979859 -0.0605509318 -0.9645397663 0.9563301206 0.1598989069 0.2446734160 0.1394136548 -0.9852745533 0.0989843905
-207.9 11.3 2052.6 -0.0517731011 -0.0667119473 -0.9964281321 0.9609528184 0.2682549357 -0.0678898096 0.2718258202 -0.9610352516 0.0502186418
84.1 209.5 2255.5 0.9279341102 0.1474513561 -0.3423396349 -0.3637572825 0.1577632427 -0.9180366993 -0.0813571438 0.9764060974 0.2000304013
202.2 163.2 2245.1 -0.0828921050 0.1474513561 0.9855896831 0.9856948853 0.1577632427 0.0592984334 -0.1467461884 0.9764060974 -0.1584193856
-165.1 -136.5 2094.6 0.7356436849 -0.0497126244 -0.6755419970 -0.0361304954 0.9930037856 -0.1124193445 0.6764044166 0.1071082503 0.7287008166
-145.6 -525.5 2052.7 0.7302922010 0.1949447840 -0.6547288299 -0.0644273013 0.9738007784 0.2180851400 0.6800900102 -0.1170834675 0.7237188816
-19.4 -167.3 2197.2 0.6900936365 -0.0215614736 -0.7233988643 0.0492473468 0.9986382723 0.0172148012 0.7220425606 -0.0475052968 0.6902157068
-11.0 -558.5 2215.8 0.6914609075 0.0639477968 -0.7195780277 0.0683408901 0.9858170152 0.1532785594 0.7191740870 -0.1551627219 0.6772836447
-193.3 -259.4 1976.1 0 0 0 0 0 0 0 0 0
178.8 440.9 2203.8 0 0 0 0 0 0 0 0 0
-219.0 -892.1 2096.8 0 0 0 0 0 0 0 0 0
-35.0 -929.7 2274.2 0 0 0 0 0 0 0 0 0
3.9 430.3 2186.4 6 0.7818338871 0.1629064232 -0.6018282175 -0.1715048850 0.9842174649 0.0436121374 0.5994345546 0.0691190287 0.7974338531
-28.6 234.4 2172.7 0.7818338871 0.1629064232 -0.6018282175 -0.1715048850 0.9842174649 0.0436121374 0.5994345546 0.0691190287 0.7974338531
-59.4 41.4 2160.2 0.7830907106 0.1573560983 -0.6016709805 -0.1637751162 0.9854899049 0.0445793122 0.5999554992 0.0636290908 0.7974990606
-140.1 257.7 2087.2 0.2628097832 -0.0456504822 -0.9637671113 0.9556577206 0.1498530060 0.2535003722 0.1328509897 -0.9876538515 0.0830090716
-207.9 11.3 2052.9 -0.0460821241 -0.0516943969 -0.9975991845 0.9611434937 0.2698055506 -0.0583791249 0.2721756697 -0.9615262151 0.0372525230
83.0 211.1 2258.2 0.9299061298 0.1306747347 -0.3438004255 -0.3621979654 0.1628750563 -0.9177604914 -0.0639315918 0.9779549241 0.1987886280
201.3 165.0 2250.0 -0.0823482499 0.1306747347 0.9879994392 0.9847877026 0.1628750563 0.0605383813 -0.1530096233 0.9779549241 -0.1420993358
-163.3 -137.1 2093.3 0.7246791720 -0.0431138948 -0.6877363920 -0.0405437462 0.9936440587 -0.1050127298 0.6878926754 0.1039839461 0.7183251381
-146.4 -526.3 2052.5 0.7202335000 0.1918707341 -0.6666703224 -0.0642396137 0.9753085375 0.2112973183 0.6907510161 -0.1093567610 0.7147755623
-20.0 -167.5 2199.2 0.6779578328 -0.0220838189 -0.7347689867 0.0448397882 0.9989297390 0.0113495588 0.7337319255 -0.0406414084 0.6782224774
-11.4 -558.8 2215.1 0.6804381609 0.0571516715 -0.7305734754 0.0801376328 0.9851715565 0.1517067254 0.7284104824 -0.1617734730 0.6657683849
-194.9 -259.5 1976.3 0 0 0 0 0 0 0 0 0
178.1 442.4 2206.9 0 0 0 0 0 0 0 0 0
-218.7 -893.6 2093.7 0 0 0 0 0 0 0 0 0
-32.9 -929.8 2276.0 0 0 0 0 0 0 0 0 0
2.8 429.3 2186.9 7 0.7720660567 0.1594045162 -0.6152269244 -0.1674319059 0.9848533869 0.0450591184 0.6130909324 0.0682199970 0.7870613337
-28.9 233.0 2173.3 0.7720660567 0.1594045162 -0.6152269244 -0.1674319059 0.9848533869 0.0450591184 0.6130909324 0.0682199970 0.7870613337
-58.7 39.8 2161.1 0.7735440135 0.1521675885 -0.6152030230 -0.1580815613 0.9863905311 0.0452104807 0.6137099862 0.0622799508 0.7870713472
-139.1 255.5 2085.8 0.2698410749 -0.0298241526 -0.9624428749 0.9538534284 0.1450053155 0.2629394233 0.1317173839 -0.9889813066 0.0675762594
-207.9 12.6 2052.3 -0.0484749973 -0.0361810289 -0.9981688857 0.9618782401 0.2675966024 -0.0564122610 0.2691476345 -0.9628514647 0.0218300018
81.3 210.5 2260.7 0.9323510528 0.1134996042 -0.3432773948 -0.3585132062 0.1673371196 -0.9184043407 -0.0467954762 0.9793447256 0.1967080534
199.9 164.8 2254.8 -0.0838394314 0.1134996042 0.9899943471 0.9838117361 0.1673371196 0.0641311929 -0.1583839357 0.9793447256 -0.1256916821
-161.0 -136.8 2093.6 0.7136873603 -0.0311556570 -0.6997711658 -0.0481366366 0.9944671392 -0.0933702141 0.6988084316 0.1003217772 0.7082388997
-148.8 -526.3 2054.3 0.7112188339 0.1764804423 -0.6804575324 -0.0622604899 0.9799841046 0.1890892386 0.7002081275 -0.0921182036 0.7079709172
-19.4 -166.4 2202.0 0.6655673385 -0.0210627243 -0.7460405231 0.0394359380 0.9991977811 0.0069720699 0.7452951670 -0.0340611897 0.6658640504
-11.2 -557.8 2215.3 0.6686656475 0.0611484349 -0.7410446405 0.0802053437 0.9848664999 0.1536393315 0.7392248511 -0.1621690840 0.6536419988
-194.2 -258.4 1976.4 0 0 0 0 0 0 0 0 0
176.3 442.0 2210.1 0 0 0 0 0 0 0 0 0
-215.2 -895.3 2088.9 0 0 0 0 0 0 0 0 0
-34.2 -928.8 2276.4 0 0 0 0 0 0 0 0 0
2.0 429.3 2186.6 8 0.7672100067 0.1564747393 -0.6220164895 -0.1637791395 0.9854292870 0.0458859205 0.6201332211 0.0666691810 0.7816584706
-29.2 232.8 2173.3 0.7672100067 0.1564747393 -0.6220164895 -0.1637791395 0.9854292870 0.0458859205 0.6201332211 0.0666691810 0.7816584706
-58.4 39.4 2161.6 0.7687703371 0.1492013484 -0.6218770742 -0.1537105888 0.9870076776 0.0467853509 0.6207779050 0.0596219040 0.7817160487
-138.8 254.7 2084.8 0.2745712996 -0.0223947894 -0.9613059163 0.9530258179 0.1392896324 0.2689613700 0.1278766245 -0.9899984002 0.0595877469
-209.5 9.2 2051.9 -0.0549563318 -0.0300064422 -0.9980377555 0.9608973861 0.2700951099 -0.0610317439 0.2713964880 -0.9623659849 0.0139896749
80.3 210.8 2261.7 0.9336028695 0.1048871726 -0.3426139951 -0.3563336134 0.1715058833 -0.9184835553 -0.0375768319 0.9795837998 0.1974932104
199.1 165.5 2257.0 -0.0849665925 0.1048871726 0.9908478260 0.9829607606 0.1715058833 0.0661353469 -0.1629994661 0.9795837998 -0.1176722422
-158.5 -139.1 2093.4 0.7080137730 -0.0214232523 -0.7058736086 -0.0464909039 0.9959574342 -0.0768591538 0.7046666741 0.0872340426 0.7041555643
-150.1 -529.2 2059.3 0.7025806308 0.1779426336 -0.6889970303 -0.0785720348 0.9817090034 0.1734182835 0.7072530389 -0.0677044317 0.7037110329
-18.6 -167.7 2204.4 0.6593928337 -0.0185028296 -0.7515708804 0.0352265947 0.9993594885 0.0063030450 0.7509728670 -0.0306314640 0.6596222520
-11.4 -559.2 2216.4 0.6621573567 0.0571354814 -0.7471835017 0.0741710067 0.9871959090 0.1412193775 0.7456851006 -0.1489288062 0.6494412422
-194.0 -261.5 1975.4 0 0 0 0 0 0 0 0 0
175.2 442.4 2211.0 0 0 0 0 0 0 0 0 0
-217.1 -898.8 2084.8 0 0 0 0 0 0 0 0 0
-32.9 -930.9 2272.4 0 0 0 0 0 0 0 0 0
1.6 429.5 2186.4 9 0.7510952950 0.1536080092 -0.6420751214 -0.1564386785 0.9862672687 0.0529504903 0.6413913369 0.0606745221 0.7648109794
-29.0 233.0 2174.3 0.7510952950 0.1536080092 -0.6420751214 -0.1564386785 0.9862672687 0.0529504903 0.6413913369 0.0606745221 0.7648109794
-57.8 39.5 2163.6 0.7524145842 0.1473560333 -0.6419957280 -0.1477862149 0.9875727892 0.0534712411 0.6418968439 0.0546455756 0.7648413777
-136.2 254.0 2082.9 0.2863921523 0.0014415918 -0.9581114054 0.9506614804 0.1240433007 0.2843519151 0.1192572191 -0.9922757745 0.0341545604
-210.2 8.3 2052.1 -0.0543094575 -0.0068000928 -0.9985010028 0.9608928561 0.2715818286 -0.0541134663 0.2715426981 -0.9623913169 -0.0082153007
78.2 211.9 2265.8 0.9343514442 0.0793255940 -0.3474115729 -0.3562093675 0.1802433282 -0.9168572426 -0.0101116300 0.9804181457 0.1966671348
197.1 166.6 2264.5 -0.0808403939 0.0793255940 0.9935654402 0.9814411998 0.1802433282 0.0654634163 -0.1738906056 0.9804181457 -0.0924243480
-157.1 -140.0 2093.8 0.6897113919 -0.0133560225 -0.7239611745 -0.0526696071 0.9962558746 -0.0685573295 0.7221662402 0.0854155198 0.6864255667
-151.9 -530.2 2060.4 0.6860706210 0.1690295786 -0.7076270580 -0.0748981610 0.9838781953 0.1624006480 0.7236693501 -0.0584183522 0.6876699328
-18.2 -167.8 2206.0 0.6398357153 -0.0175942406 -0.7683103085 0.0314311273 0.9995005131 0.0032868315 0.7678686976 -0.0262518916 0.6400691271
-11.3 -559.3 2216.3 0.6444637775 0.0607995763 -0.7622137666 0.0888295025 0.9841310382 0.1536080241 0.7594575286 -0.1667018831 0.6288360357
-194.9 -262.4 1975.6 0 0 0 0 0 0 0 0 0
174.3 443.1 2215.5 0 0 0 0 0 0 0 0 0
-215.6 -900.7 2082.4 0 0 0 0 0 0 0 0 0
-34.2 -929.9 2279.1 0 0 0 0 0 0 0 0 0
2.3 427.8 2186.8 0 0.7481706142 0.1547673941 -0.6452037096 -0.1573799551 0.9860587716 0.0540336296 0.6445714235 0.0611157604 0.7620974779
-28.5 231.3 2174.7 0.7481706142 0.1547673941 -0.6452037096 -0.1573799551 0.9860587716 0.0540336296 0.6445714235 0.0611157604 0.7620974779
-57.9 38.0 2164.0 0.7493572235 0.1502070874 -0.6449043155 -0.1497023702 0.9871456027 0.0559706576 0.6450216770 0.0546016842 0.7622110844
-135.3 252.7 2082.8 0.2882888615 0.0043890262 -0.9575334191 0.9506287575 0.1186473742 0.2867538631 0.1148673967 -0.9929267764 0.0300323796
-209.3 8.5 2053.3 -0.0454287380 -0.0026875637 -0.9989639521 0.9615463614 0.2710206211 -0.0444562845 0.2708593309 -0.9625697732 -0.0097279083
78.3 210.0 2266.6 0.9332745075 0.0759439766 -0.3510430157 -0.3591118157 0.1806667149 -0.9156408906 -0.0061156242 0.9806079865 0.1958840191
197.0 164.3 2265.8 -0.0771657750 0.0759439766 0.9941216707 0.9815636277 0.1806667149 0.0623893142 -0.1748666167 0.9806079865 -0.0884851366
-154.7 -140.5 2094.9 0.6866811514 -0.0048048045 -0.7269428968 -0.0613052025 0.9960333109 -0.0644932017 0.7243691683 0.0888516456 0.6836627126
-152.8 -530.7 2060.1 0.6848052740 0.1645146757 -0.7099131346 -0.0728187859 0.9847563505 0.1579632461 0.7250787616 -0.0564790443 0.6863460541
-18.7 -167.2 2210.9 0.6368645430 -0.0186266825 -0.7707507014 0.0278363861 0.9996117949 -0.0011565930 0.7704730034 -0.0207183193 0.6371358037
-11.4 -558.8 2219.1 0.6414255500 0.0560964085 -0.7651316524 0.0875356644 0.9854585528 0.1456328481 0.7621750236 -0.1603889316 0.6271878481
-196.5 -262.4 1976.9 0 0 0 0 0 0 0 0 0
175.3 440.9 2216.5 0 0 0 0 0 0 0 0 0
-214.8 -901.5 2081.4 0 0 0 0 0 0 0 0 0
-32.6 -929.9 2279.5 0 0 0 0 0 0 0 0 0
3.3 426.5 2186.6 1 0.7485805154 0.1573056877 -0.6441134214 -0.1582822502 0.9857594967 0.0567889996 0.6438741088 0.0594405793 0.7628190517
-28.1 229.8 2174.7 0.7485805154 0.1573056877 -0.6441134214 -0.1582822502 0.9857594967 0.0567889996 0.6438741088 0.0594405793 0.7628190517
-57.8 36.4 2164.7 0.7501000166 0.1517311484 -0.6436828971 -0.1485822052 0.9871062040 0.0595374480 0.6444170475 0.0509807877 0.7629728913
-135.0 251.0 2082.9 0.2914195955 0.0059319148 -0.9565769434 0.9489299655 0.1245461404 0.2898623049 0.1208574027 -0.9921960831 0.0306662135
-210.1 6.4 2051.7 -0.0464751609 -0.0006049554 -0.9989192486 0.9638556838 0.2625964880 -0.0450028442 0.2623399198 -0.9649055600 -0.0116211250
78.8 208.6 2266.5 0.9327406287 0.0776768550 -0.3520812690 -0.3604936004 0.1839465201 -0.9144441485 -0.0062670223 0.9798622131 0.1995763928
197.5 162.7 2265.7 -0.0760379210 0.0776768550 0.9940747023 0.9810621738 0.1839465201 0.0606690235 -0.1781439930 0.9798622131 -0.0901927352
-155.1 -141.8 2095.0 0.6876803041 -0.0098484829 -0.7259468436 -0.0611290038 0.9955719113 -0.0714130625 0.7234355807 0.0934857652 0.6840331554
-151.2 -531.8 2058.4 0.6859813929 0.1776766926 -0.7055923343 -0.0706965476 0.9814149141 0.1784005165 0.7241764665 -0.0724964812 0.6857934594
-19.7 -168.9 2211.6 0.6381132007 -0.0178377889 -0.7697358727 0.0261938591 0.9996558428 -0.0014511492 0.7694968581 -0.0192363560 0.6383608580
-12.7 -560.5 2219.1 0.6429706812 0.0591272749 -0.7636050582 0.0869722515 0.9849296212 0.1494971961 0.7609366179 -0.1625347733 0.6281384826
-197.0 -265.1 1977.8 0 0 0 0 0 0 0 0 0
176.1 439.1 2215.5 0 0 0 0 0 0 0 0 0
-218.1 -901.3 2085.7 0 0 0 0 0 0 0 0 0
-34.9 -931.4 2280.3 0 0 0 0 0 0 0 0 0
4.2 426.7 2186.4 2 0.7477986813 0.1604276299 -0.6442515850 -0.1606483608 0.9852542877 0.0588735491 0.6441965699 0.0594724007 0.7625442743
-27.9 229.8 2174.5 0.7477986813 0.1604276299 -0.6442515850 -0.1606483608 0.9852542877 0.0588735491 0.6441965699 0.0594724007 0.7625442743
-58.0 36.5 2164.3 0.7493242025 0.1538654566 -0.6440796852 -0.1510767043 0.9867023826 0.0599521585 0.6447395086 0.0523818359 0.7626054883
-134.7 251.3 2082.6 0.2915569246 0.0055048415 -0.9565376639 0.9492906332 0.1213278547 0.2900462449 0.1176513135 -0.9925972223 0.0301482808
-210.6 4.1 2052.0 -0.0476707555 -0.0011641827 -0.9988624454 0.9648680687 0.2586141229 -0.0463497937 0.2583738863 -0.9659799933 -0.0112050483
78.9 208.2 2266.4 0.9319511652 0.0774074122 -0.3542247415 -0.3625325859 0.1824982762 -0.9139280915 -0.0060994034 0.9801543355 0.1981421858
197.5 162.1 2265.6 -0.0737772062 0.0774074122 0.9942660928 0.9814571738 0.1824982762 0.0586185642 -0.1769143343 0.9801543355 -0.0894362777
-155.3 -143.5 2096.5 0.6870710850 -0.0094287600 -0.7265290618 -0.0669467077 0.9948408604 -0.0762216747 0.7234994769 0.1010084301 0.6828951836
-151.6 -533.1 2056.9 0.6884327531 0.1742128879 -0.7040668726 -0.0593955256 0.9810057878 0.1846614629 0.7228640914 -0.0853085741 0.6857039928
-19.7 -170.3 2213.0 0.6375847459 -0.0201456249 -0.7701168060 0.0266020466 0.9996376038 -0.0041256915 0.7699208260 -0.0178562049 0.6378895640
-11.8 -561.9 2220.0 0.6420362592 0.0591786467 -0.7643868923 0.0832802132 0.9857336879 0.1462653279 0.7621377110 -0.1575659364 0.6279483438
-197.2 -267.7 1979.2 0 0 0 0 0 0 0 0 0
176.7 438.6 2215.8 0 0 0 0 0 0 0 0 0
-217.2 -902.6 2089.0 0 0 0 0 0 0 0 0 0
-34.1 -933.2 2279.3 0 0 0 0 0 0 0 0 0
2.8 426.8 2186.3 3 0.7822770476 0.1677176654 -0.5999278426 -0.1717815995 0.9838118553 0.0510425083 0.5987768173 0.0631271824 0.7984242439
-30.6 230.6 2173.8 0.7822770476 0.1677176654 -0.5999278426 -0.1717815995 0.9838118553 0.0510425083 0.5987768173 0.0631271824 0.7984242439
-62.5 37.7 2163.1 0.7837911844 0.1627548784 -0.5993181467 -0.1627603918 0.9851495624 0.0546750389 0.5993166566 0.0546914451 0.7986416221
-142.2 253.8 2088.5 0.2647450864 -0.0429732390 -0.9633604288 0.9540849328 0.1568271071 0.2552003562 0.1401142478 -0.9866907001 0.0825193226
-210.9 6.1 2052.1 -0.0460808501 -0.0477237143 -0.9977970719 0.9658579230 0.2527922988 -0.0566966422 0.2549411952 -0.9663428664 0.0344454460
80.9 207.5 2259.0 0.9277136922 0.1340905130 -0.3483776450 -0.3679077029 0.1704934984 -0.9140983820 -0.0631757975 0.9761924744 0.2075020820
198.7 160.7 2251.0 -0.0771444663 0.1340905130 0.9879617691 0.9838951826 0.1704934984 0.0536868013 -0.1612421572 0.9761924744 -0.1450836360
-155.9 -143.1 2095.7 0.7266207933 -0.0054040076 -0.6870174408 -0.0652903244 0.9949003458 -0.0768797919 0.6839293838 0.1007180512 0.7225624323
-153.8 -532.8 2056.3 0.7286043763 0.1513004601 -0.6680148244 -0.0527674258 0.9847977757 0.1654959917 0.6828991771 -0.0853316784 0.7255117297
-20.4 -170.4 2212.3 0.6803202629 -0.0211933218 -0.7326084375 0.0216877889 0.9997262359 -0.0087807830 0.7325939536 -0.0099149132 0.6805936694
-12.1 -562.0 2216.2 0.6871945858 0.0473934636 -0.7249258161 0.1086879447 0.9799315929 0.1670958847 0.7182969451 -0.1936180890 0.6682525873
-197.9 -266.0 1980.3 0 0 0 0 0 0 0 0 0
177.0 437.9 2205.6 0 0 0 0 0 0 0 0 0
-210.8 -903.6 2088.4 0 0 0 0 0 0 0 0 0
-30.0 -930.8 2289.1 0 0 0 0 0 0 0 0 0
0.1 426.4 2186.3 4 0.7713831067 0.1707756966 -0.6130283475 -0.1734524816 0.9832682014 0.0556581169 0.6122763157 0.0633975565 0.7880979776
-33.9 230.6 2173.7 0.7713831067 0.1707756966 -0.6130283475 -0.1734524816 0.9832682014 0.0556581169 0.6122763157 0.0633975565 0.7880979776
-67.0 37.8 2162.8 0.7724905014 0.1687288284 -0.6122000813 -0.1670352370 0.9840955734 0.0604575984 0.6126643419 0.0555560663 0.7883881927
-143.9 254.3 2086.5 0.2606601715 -0.0269536674 -0.9650542736 0.9556142092 0.1493887156 0.2539380193 0.1373236626 -0.9884111285 0.0646969974
-210.7 9.3 2051.2 -0.0443554670 -0.0316947401 -0.9985129237 0.9668082595 0.2503826320 -0.0508947298 0.2516233921 -0.9676280022 0.0195368975
76.1 206.8 2260.9 0.9260714054 0.1189284772 -0.3581170440 -0.3744156659 0.1715098172 -0.9112613797 -0.0469543375 0.9779776931 0.2033590227
193.8 159.2 2255.0 -0.0677282736 0.1189284772 0.9905901551 0.9840753078 0.1715098172 0.0466916785 -0.1643429697 0.9779776931 -0.1286506504
-165.1 -140.6 2098.4 0.7142995000 -0.0298125073 -0.6992048621 -0.0491538830 0.9944877625 -0.0926177278 0.6981118321 0.1005254313 0.7088966966
-153.5 -530.0 2059.0 0.7111510038 0.1554049104 -0.6856483221 -0.0701715276 0.9860831499 0.1507181078 0.6995285749 -0.0590703413 0.7121590376
-23.7 -170.0 2206.5 0.6676324010 -0.0300361253 -0.7438849807 0.0396802574 0.9992012382 -0.0047323303 0.7434328794 -0.0263580885 0.6682909131
-11.9 -561.3 2216.8 0.6725775599 0.0494070947 -0.7383755445 0.1069200039 0.9808119535 0.1630214751 0.7322619557 -0.1885916889 0.6543895006
-198.2 -263.1 1980.4 0 0 0 0 0 0 0 0 0
174.7 436.4 2208.7 0 0 0 0 0 0 0 0 0
-212.0 -901.2 2081.2 0 0 0 0 0 0 0 0 0
-30.5 -930.6 2287.9 0 0 0 0 0 0 0 0 0
0.5 425.7 2186.3 5 0.7509477139 0.1691188961 -0.6383387446 -0.1659375578 0.9839601517 0.0654759258 0.6391730905 0.0567553751 0.7669658065
-33.1 230.2 2175.0 0.7509477139 0.1691188961 -0.6383387446 -0.1659375578 0.9839601517 0.0654759258 0.6391730905 0.0567553751 0.7669658065
-65.7 37.4 2165.0 0.7518996000 0.1662693024 -0.6379667521 -0.1603502035 0.9847385287 0.0676595494 0.6394801140 0.0514249094 0.7670857906
-140.2 253.1 2084.0 0.2780017853 0.0029498485 -0.9605760574 0.9523284435 0.1299494207 0.2760139108 0.1256404966 -0.9915162325 0.0333169475
-211.2 9.8 2051.9 -0.0448443815 -0.0026878258 -0.9989903569 0.9664659500 0.2529859543 -0.0440650396 0.2528489828 -0.9674662352 -0.0087473067
73.9 207.4 2266.1 0.9273335934 0.0864038616 -0.3641246855 -0.3740230203 0.1811780185 -0.9095500708 -0.0126172481 0.9796473384 0.2003294975
191.8 159.9 2264.5 -0.0627184734 0.0864038616 0.9942840338 0.9823635221 0.1811780185 0.0462220609 -0.1761486530 0.9796473384 -0.0962432101
-169.8 -139.8 2096.6 0.6907084584 -0.0450574197 -0.7217282057 -0.0380720124 0.9944068789 -0.0985164046 0.7221304178 0.0955237597 0.6851298213
-152.1 -529.3 2059.2 0.6853461266 0.1661654711 -0.7090061307 -0.0723354742 0.9843373895 0.1607715786 0.7246159315 -0.0588978864 0.6866314411
-30.3 -170.0 2207.3 0.6426681280 -0.0469009615 -0.7647078037 0.0474248454 0.9986457229 -0.0213924963 0.7646754980 -0.0225178730 0.6440219879
-11.9 -561.1 2216.1 0.6470026970 0.0498945676 -0.7608535290 0.1084585041 0.9816880822 0.1566054970 0.7547345757 -0.1838452071 0.6297433376
-198.6 -262.5 1980.6 0 0 0 0 0 0 0 0 0
174.1 436.6 2214.8 0 0 0 0 0 0 0 0 0
-214.7 -899.9 2081.4 0 0 0 0 0 0 0 0 0
-30.7 -930.8 2285.3 0 0 0 0 0 0 0 0 0
0.5 424.5 2186.8 6 0.7465551496 0.1691171527 -0.6434708834 -0.1640287489 0.9840860367 0.0683314800 0.6447867751 0.0545345023 0.7624146342
-33.0 229.2 2176.0 0.7465551496 0.1691171527 -0.6434708834 -0.1640287489 0.9840860367 0.0683314800 0.6447867751 0.0545345023 0.7624146342
-65.6 36.3 2166.2 0.7474679947 0.1659945995 -0.6432242393 -0.1586655825 0.9848634005 0.0697805882 0.6450712085 0.0498988032 0.7624914646
-139.5 251.8 2084.1 0.2804273069 0.0090223057 -0.9598328471 0.9520682693 0.1246614531 0.2793305814 0.1221743599 -0.9921582937 0.0263686236
-211.4 7.7 2052.7 -0.0462335087 0.0028733073 -0.9989265203 0.9656957984 0.2559282184 -0.0439593308 0.2555271685 -0.9666914940 -0.0146071995
73.4 206.6 2267.9 0.9273946285 0.0797014460 -0.3654953837 -0.3740479350 0.1839080900 -0.9089917541 -0.0052303905 0.9797068238 0.2003675401
191.4 159.0 2267.2 -0.0615680479 0.0797014460 0.9949156046 0.9818651676 0.1839080900 0.0460278057 -0.1793045551 0.9797068238 -0.0895789340
-166.2 -141.0 2097.2 0.6861549616 -0.0370117985 -0.7265132070 -0.0466311239 0.9944130778 -0.0947005376 0.7259593010 0.0988573804 0.6805955768
-151.7 -530.5 2058.4 0.6814835072 0.1809539944 -0.7091092467 -0.0733504593 0.9809586406 0.1798330098 0.7281482816 -0.0705397427 0.6817801595
-30.4 -170.0 2212.7 0.6375281215 -0.0465239361 -0.7690210938 0.0466056950 0.9986758828 -0.0217807963 0.7690161467 -0.0219548941 0.6388522387
-12.2 -561.1 2221.3 0.6401444077 0.0438314117 -0.7670032382 0.0910507813 0.9870061874 0.1323951781 0.7628400326 -0.1545882821 0.6278356314
-198.4 -264.4 1980.8 0 0 0 0 0 0 0 0 0
174.1 435.7 2216.7 0 0 0 0 0 0 0 0 0
-219.8 -899.8 2085.0 0 0 0 0 0 0 0 0 0
-28.7 -932.7 2279.4 0 0 0 0 0 0 0 0 0
-1.4 424.6 2187.0 7 0.7496436834 0.1615297198 -0.6418274641 -0.1572583616 0.9854595661 0.0643370152 0.6428873539 0.0527029037 0.7641454339
-33.4 229.1 2176.6 0.7496436834 0.1615297198 -0.6418274641 -0.1572583616 0.9854595661 0.0643370152 0.6428873539 0.0527029037 0.7641454339
-64.5 36.0 2167.3 0.7505754232 0.1585616916 -0.6414785981 -0.1515192837 0.9862157702 0.0664860681 0.6431784034 0.0472935699 0.7642544508
-140.4 250.7 2084.9 0.2771044374 0.0068996334 -0.9608150125 0.9525960684 0.1287368834 0.2756584883 0.1255942732 -0.9916548133 0.0291009955
-211.4 6.6 2052.7 -0.0462204292 0.0008543960 -0.9989308715 0.9652933478 0.2573587894 -0.0444439016 0.2570456862 -0.9663155675 -0.0127199767
73.5 207.5 2268.2 0.9302378893 0.0812181160 -0.3578563035 -0.3668861687 0.1866748631 -0.9113435149 -0.0072148223 0.9790588021 0.2034498304
191.9 160.9 2267.3 -0.0697355941 0.0812181160 0.9942537546 0.9809609652 0.1866748631 0.0535542518 -0.1812526137 0.9790588021 -0.0926896855
-165.6 -142.2 2098.2 0.6889678836 -0.0260169767 -0.7243247628 -0.0489816405 0.9953995347 -0.0823443681 0.7231348753 0.0922112465 0.6845239401
-155.4 -532.1 2062.0 0.6847195625 0.1672928333 -0.7093462944 -0.0754607320 0.9843409061 0.1593068540 0.7248895168 -0.0555527359 0.6866215467
-30.5 -170.9 2214.7 0.6398726702 -0.0480486155 -0.7669773698 0.0444875024 0.9986857176 -0.0254494231 0.7671921849 -0.0178365186 0.6411692500
-11.7 -562.1 2221.7 0.6423572898 0.0550818704 -0.7644233704 0.0811441541 0.9869198799 0.1393009871 0.7620975971 -0.1515094936 0.6294856071
-198.4 -265.4 1980.3 0 0 0 0 0 0 0 0 0
172.2 437.2 2216.2 0 0 0 0 0 0 0 0 0
-218.4 -902.7 2083.0 0 0 0 0 0 0 0 0 0
-32.5 -933.7 2278.8 0 0 0 0 0 0 0 0 0
-1.2 425.0 2186.7 8 0.7696337104 0.1622360796 -0.6175300479 -0.1603671759 0.9852933288 0.0589868277 0.6180180311 0.0536332987 0.7843323350
-33.4 229.5 2176.0 0.7696337104 0.1622360796 -0.6175300479 -0.1603671759 0.9852933288 0.0589868277 0.6180180311 0.0536332987 0.7843323350
-64.5 36.3 2166.7 0.7706617713 0.1588836759 -0.6171194315 -0.1540558487 0.9861458540 0.0615075976 0.6183423400 0.0476693064 0.7844618559
-143.1 251.4 2087.9 0.2639391124 -0.0203531645 -0.9643245935 0.9545822740 0.1487970501 0.2581320703 0.1382348537 -0.9886582494 0.0587021299
-211.3 4.9 2052.2 -0.0472424924 -0.0258353502 -0.9985492826 0.9644560218 0.2590098977 -0.0523308329 0.2599861324 -0.9655290842 0.0126807867
76.4 207.5 2264.1 0.9299219251 0.1118520349 -0.3503345549 -0.3657287061 0.1813610643 -0.9128804207 -0.0385704897 0.9770349264 0.2095591426
194.7 161.0 2259.2 -0.0764291137 0.1118520349 0.9907813668 0.9818623662 0.1813610643 0.0552667528 -0.1735074669 0.9770349264 -0.1236845776
-163.4 -143.5 2099.9 0.7114206553 -0.0197037235 -0.7024901509 -0.0486983471 0.9958218336 -0.0772486404 0.7010771036 0.0891663879 0.7074887156
