295.5 299.1 1728.1 8 0.8291277885 0.5093809366 -0.2303869128 -0.1987488717 0.6537443399 0.7301487327 0.5225380063 -0.5595974922 0.6432765126
192.7 167.2 1841.0 0.8291277885 0.5093809366 -0.2303869128 -0.1987488717 0.6537443399 0.7301487327 0.5225380063 -0.5595974922 0.6432765126
96.1 32.7 1949.9 0.8384031057 0.4868921041 -0.2449822575 -0.1863462478 0.6784369349 0.7106323838 0.5122063160 -0.5501448512 0.6595341563
70.7 194.2 1766.4 0.6090262532 -0.6394775510 -0.4692073464 0.7202007174 0.1980467290 0.6648972631 -0.3322618902 -0.7428633571 0.5811678171
-54.8 45.7 1834.9 -0.7145246267 -0.6394775510 -0.2837659121 0.2035420835 0.1980467290 -0.9588264227 0.6693468690 -0.7428633571 -0.0113486769
314.7 140.2 1915.6 -0.3952502310 0.9161831141 0.0662247241 -0.1542717814 -0.1372795403 0.9784449935 0.9055261016 0.3765139878 0.1956009716
205.0 97.4 2167.1 -0.3550382555 0.9161831141 -0.1858932078 -0.7138209939 -0.1372795403 0.6867414713 0.6036616564 0.3765139878 0.7027302980
-70.4 -91.4 2012.5 0.8260862827 -0.0196797643 0.5631998777 0.1114989668 0.9853414297 -0.1291130930 -0.5524032712 0.1694547683 0.8161713481
-62.6 -482.8 1945.2 0.8255611062 0.0941206142 0.5564082861 -0.1093575284 0.9939850569 -0.0058826692 -0.5536152124 -0.0559909344 0.8308882117
87.4 -130.4 2096.2 -0.3576237261 0.1803374141 0.9162880182 0.1254679710 0.9815599918 -0.1442141235 -0.9253988862 0.0633903965 -0.3736557066
15.8 -520.4 2071.0 -0.3196071684 -0.1787211150 0.9305428863 -0.1641267091 0.9776488543 0.1313968748 -0.9332275391 -0.1107315496 -0.3417964876
133.8 -8.0 1658.2 0 0 0 0 0 0 0 0 0
113.0 -87.6 2323.5 0 0 0 0 0 0 0 0 0
-98.4 -861.8 1966.5 0 0 0 0 0 0 0 0 0
84.1 -893.7 2113.3 0 0 0 0 0 0 0 0 0
302.2 289.0 1723.9 9 0.8202366829 0.5261427760 -0.2244672328 -0.2040445060 0.6357102394 0.7444718480 0.5343946218 -0.5648418069 0.6287894249
196.0 160.8 1837.9 0.8202366829 0.5261427760 -0.2244672328 -0.2040445060 0.6357102394 0.7444718480 0.5343946218 -0.5648418069 0.6287894249
95.7 29.8 1948.0 0.8291016817 0.5053083301 -0.2392778993 -0.1929063350 0.6602345109 0.7258633375 0.5247642994 -0.5556562543 0.6448786855
75.2 188.8 1761.3 0.6228151917 -0.6328318119 -0.4600273073 0.6979230046 0.1836791486 0.6922177672 -0.3535599709 -0.7521874309 0.5560660362
-54.1 43.9 1834.7 -0.7231349945 -0.6328318119 -0.2767665088 0.2070384622 0.1836791486 -0.9609355330 0.6589467525 -0.7521874309 -0.0018043022
316.9 132.7 1914.4 -0.4079611003 0.9093317986 0.0817522183 -0.1312464625 -0.1470225304 0.9803870320 0.9035165310 0.3892300725 0.1793260574
203.4 96.2 2165.8 -0.3744314611 0.9093317986 -0.1814297438 -0.6970859170 -0.1470225304 0.7017517686 0.6114509702 0.3892300725 0.6889322400
-77.0 -84.8 2012.0 0.8336632252 -0.0270861946 0.5516085029 0.1145099103 0.9855687022 -0.1246670336 -0.5402713418 0.1670949608 0.8247340322
-66.3 -476.3 1945.6 0.8373003006 0.0609964840 0.5433300734 -0.0760642737 0.9970889091 0.0052817315 -0.5414262414 -0.0457504056 0.8395025134
76.2 -118.6 2105.7 -0.3410508037 0.1639980674 0.9256289601 0.1375787854 0.9827700257 -0.1234306991 -0.9299228191 0.0852507651 -0.3577371538
11.0 -509.0 2071.8 -0.2934972346 -0.2050867528 0.9337016344 -0.1577107757 0.9737206697 0.1643025130 -0.9428609014 -0.0990324840 -0.3181287348
139.0 -11.4 1658.8 0 0 0 0 0 0 0 0 0
106.3 -84.6 2324.4 0 0 0 0 0 0 0 0 0
-89.6 -856.7 1963.1 0 0 0 0 0 0 0 0 0
89.3 -880.8 2109.6 0 0 0 0 0 0 0 0 0
306.2 281.8 1723.4 0 0.8265663385 0.5394908786 -0.1604296118 -0.2804896533 0.6419497132 0.7136008143 0.4879688621 -0.5448395610 0.6819356680
197.4 152.3 1833.2 0.8265663385 0.5394908786 -0.1604296118 -0.2804896533 0.6419497132 0.7136008143 0.4879688621 -0.5448395610 0.6819356680
94.3 20.1 1939.5 0.8369380236 0.5185768008 -0.1749652028 -0.2676618099 0.6666827202 0.6956229806 0.4773801863 -0.5353618264 0.6967753172
75.7 191.1 1763.9 0.6353126764 -0.6140869856 -0.4682680368 0.6955383420 0.1915242821 0.6924917698 -0.3355655074 -0.7656471729 0.5487988591
-55.2 47.8 1833.0 -0.7314301729 -0.6140869856 -0.2964911759 0.2263331115 0.1915242821 -0.9550349712 0.6432598233 -0.7656471729 -0.0010984127
319.1 113.5 1902.6 -0.3807977736 0.9138371348 0.1410486400 -0.1669624895 -0.2179887146 0.9615635276 0.9094594717 0.3426114321 0.2355861515
213.1 67.0 2155.7 -0.3888550997 0.9138371348 -0.1170187667 -0.7128751874 -0.2179887146 0.6665507555 0.5836100578 0.3426114321 0.7362178564
-80.4 -83.6 2010.1 0.8173820972 -0.0312328339 0.5752486587 0.1231396198 0.9849240780 -0.1214955375 -0.5627816319 0.1701441705 0.8089053035
-68.0 -475.0 1942.5 0.8229603171 0.0530487560 0.5656166077 -0.0738617703 0.9971709847 0.0139434105 -0.5632767677 -0.0532523133 0.8245504498
71.3 -118.8 2106.2 -0.3823235035 0.1458256990 0.9124492407 0.1384628713 0.9853606224 -0.0994611904 -0.9135954976 0.0883139893 -0.3969179690
13.4 -510.2 2071.2 -0.3402001262 -0.1904781014 0.9208593965 -0.1702161282 0.9755667448 0.1389099807 -0.9248191118 -0.1094879285 -0.3643103540
142.1 -13.2 1659.5 0 0 0 0 0 0 0 0 0
112.2 -118.0 2307.2 0 0 0 0 0 0 0 0 0
-88.3 -855.7 1962.8 0 0 0 0 0 0 0 0 0
86.2 -882.8 2113.0 0 0 0 0 0 0 0 0 0
310.0 278.3 1722.1 1 0.8184605241 0.5572654605 -0.1399198472 -0.3139161170 0.6376733184 0.7034411430 0.4812266231 -0.5318157077 0.6968450546
198.1 150.2 1828.9 0.8184605241 0.5572654605 -0.1399198472 -0.3139161170 0.6376733184 0.7034411430 0.4812266231 -0.5318157077 0.6968450546
90.9 19.8 1933.4 0.8283115029 0.5395279527 -0.1510285735 -0.3022849560 0.6573243737 0.6903249025 0.4717243612 -0.5261504054 0.7075605392
77.4 194.2 1760.2 0.6349666119 -0.6047284007 -0.4807503819 0.6943360567 0.1738968641 0.6983246803 -0.3386957645 -0.7772151828 0.5303034186
-54.9 49.6 1830.8 -0.7378827929 -0.6047284007 -0.2997207642 0.2449166328 0.1738968641 -0.9538216591 0.6289235353 -0.7772151828 0.0197925456
318.7 106.2 1897.6 -0.3842537701 0.9068958759 0.1728840470 -0.1674542278 -0.2526171803 0.9529657364 0.9079141617 0.3372305036 0.2489326596
211.6 59.6 2150.6 -0.4107168019 0.9068958759 -0.0940827131 -0.7086958289 -0.2526171803 0.6587373018 0.5736392140 0.3372305036 0.7464674115
-85.2 -87.7 2002.3 0.8197035193 -0.0503164269 0.5705737472 0.1262110919 0.9875174761 -0.0942337960 -0.5587100387 0.1492565125 0.8158220053
-65.3 -480.0 1943.0 0.8213780522 0.0854424983 0.5639483333 -0.0986219570 0.9950994849 -0.0071245469 -0.5617933869 -0.0497657396 0.8257793784
67.6 -136.4 2089.3 -0.3911072910 0.1305434257 0.9110397696 0.0862742364 0.9907307625 -0.1049250662 -0.9162924290 0.0375623032 -0.3987445533
15.8 -529.5 2074.4 -0.3500941992 -0.2023540586 0.9145965576 -0.1770161390 0.9730870724 0.1475358605 -0.9198365808 -0.1102468967 -0.3764920533
146.2 -17.2 1659.4 0 0 0 0 0 0 0 0 0
105.0 -124.4 2299.5 0 0 0 0 0 0 0 0 0
-97.9 -859.9 1962.0 0 0 0 0 0 0 0 0 0
93.1 -901.3 2116.5 0 0 0 0 0 0 0 0 0
313.1 278.9 1724.4 2 0.8116639853 0.5626053810 -0.1570883095 -0.3091851771 0.6419642568 0.7016312480 0.4955865741 -0.5209194422 0.6950085163
200.2 150.1 1828.9 0.8116639853 0.5626053810 -0.1570883095 -0.3091851771 0.6419642568 0.7016312480 0.4955865741 -0.5209194422 0.6950085163
92.0 18.9 1931.5 0.8215544820 0.5448876023 -0.1677670926 -0.2975509465 0.6607922912 0.6890696883 0.4863246977 -0.5161889791 0.7050086260
80.4 193.5 1758.0 0.6469160318 -0.5979990363 -0.4731773436 0.6798708439 0.1712706834 0.7130511999 -0.3453625143 -0.7829837203 0.5173598528
-53.7 52.5 1829.6 -0.7403119206 -0.5979990363 -0.3071406782 0.2563268244 0.1712706834 -0.9512953758 0.6214779019 -0.7829837203 0.0264894646
320.1 106.7 1899.9 -0.3990792334 0.9024028182 0.1624958068 -0.1699527949 -0.2469485104 0.9540086389 0.9010282159 0.3531084359 0.2519178987
208.8 59.3 2151.1 -0.4161882997 0.9024028182 -0.1116084009 -0.7117833495 -0.2469485104 0.6575567722 0.5658195615 0.3531084359 0.7450923920
-92.1 -82.9 1994.8 0.8292497993 -0.0652919710 0.5550510883 0.1238327846 0.9899318814 -0.0685589239 -0.5449864268 0.1255860031 0.8289861083
-66.2 -476.1 1944.9 0.8323960304 0.0702122822 0.5497153997 -0.0808530673 0.9967141151 -0.0048748716 -0.5482513905 -0.0403883569 0.8353377581
59.4 -138.2 2081.0 -0.3783050179 0.1042166576 0.9197957516 0.0573267154 0.9943726063 -0.0890884846 -0.9239041805 0.0190262496 -0.3821505308
18.0 -532.9 2073.5 -0.3503426909 -0.1723664552 0.9206246734 -0.1475655288 0.9808026552 0.1274775565 -0.9249240160 -0.0911916345 -0.3690523803
149.7 -17.9 1658.9 0 0 0 0 0 0 0 0 0
100.7 -125.5 2298.0 0 0 0 0 0 0 0 0 0
-93.0 -856.8 1960.4 0 0 0 0 0 0 0 0 0
83.8 -907.4 2108.3 0 0 0 0 0 0 0 0 0
315.2 281.7 1726.6 3 0.8098837733 0.5690094233 -0.1425361633 -0.3348500431 0.6479691863 0.6841135621 0.4816260934 -0.5063242316 0.7153125405
201.1 151.7 1828.2 0.8098837733 0.5690094233 -0.1425361633 -0.3348500431 0.6479691863 0.6841135621 0.4816260934 -0.5063242316 0.7153125405
91.8 19.5 1928.3 0.8213599920 0.5498515964 -0.1517596096 -0.3213737309 0.6658899188 0.6732826829 0.4712607265 -0.5042358637 0.7236431837
81.2 198.6 1759.4 0.6445282698 -0.5894367099 -0.4869781435 0.6895679235 0.1730081588 0.7032526135 -0.3302716911 -0.7890706658 0.5179653168
-51.9 56.2 1827.6 -0.7482463717 -0.5894367099 -0.3044532835 0.2512104213 0.1730081588 -0.9523452520 0.6140201688 -0.7890706658 0.0186199062
320.9 104.8 1896.9 -0.3937213123 0.9017568827 0.1783761531 -0.1869586855 -0.2685490251 0.9449486136 0.9000166655 0.3386974633 0.2743247449
211.1 52.7 2147.9 -0.4214972854 0.9017568827 -0.0957839936 -0.7199636698 -0.2685490251 0.6399482489 0.5513550639 0.3386974633 0.7624248266
-91.5 -85.1 1989.5 0.8263756037 -0.0658646375 0.5592541695 0.1230407879 0.9902585149 -0.0651848316 -0.5495128036 0.1226782277 0.8264294863
-65.3 -478.5 1940.8 0.8289431930 0.0814783722 0.5533664823 -0.1000642776 0.9949752092 0.0033949346 -0.5503093004 -0.0581864230 0.8329309821
58.9 -139.6 2078.6 -0.3899582922 0.1084614396 0.9144225717 0.0462110788 0.9940927625 -0.0982044190 -0.9196722507 0.0039608278 -0.3926668167
15.9 -534.3 2077.0 -0.3620644510 -0.1826460809 0.9140840769 -0.1406639665 0.9800919890 0.1401189864 -0.9214786887 -0.0778465942 -0.3805481791
155.9 -13.6 1657.1 0 0 0 0 0 0 0 0 0
101.7 -134.3 2291.1 0 0 0 0 0 0 0 0 0
-96.5 -858.5 1963.0 0 0 0 0 0 0 0 0 0
85.6 -908.7 2106.7 0 0 0 0 0 0 0 0 0
317.7 289.1 1730.7 4 0.7975516915 0.5706126094 -0.1957359016 -0.2952128053 0.6521428227 0.6982543468 0.5260804892 -0.4991101921 0.6885697246
203.1 158.1 1830.9 0.7975516915 0.5706126094 -0.1957359016 -0.2952128053 0.6521428227 0.6982543468 0.5260804892 -0.4991101921 0.6885697246
93.8 24.6 1929.5 0.8090105653 0.5501470566 -0.2069784701 -0.2816753387 0.6719164848 0.6849724650 0.5159078240 -0.4958492517 0.6985504031
85.2 199.2 1755.7 0.6595879197 -0.5806002021 -0.4773333967 0.6745527387 0.1771273315 0.7166620493 -0.3315453231 -0.7946882248 0.5084764957
-52.4 58.4 1824.9 -0.7612920403 -0.5806002021 -0.2886829972 0.2279692143 0.1771273315 -0.9574214816 0.6070127487 -0.7946882248 -0.0024866513
321.0 117.0 1906.1 -0.4282087982 0.8937146664 0.1338333189 -0.1792793423 -0.2291692495 0.9567342401 0.8857178688 0.3856884837 0.2583568692
201.6 67.1 2153.0 -0.4221541882 0.8937146664 -0.1518551707 -0.7205644250 -0.2291692495 0.6544221044 0.5500661135 0.3856884837 0.7407237291
-92.7 -83.3 1985.4 0.8463472128 -0.0789620206 0.5267460346 0.1366094947 0.9880497456 -0.0713829026 -0.5148147345 0.1323732287 0.8470201492
-61.4 -475.9 1932.8 0.8521794677 0.0995613635 0.5136902928 -0.1432977319 0.9886046648 0.0461144634 -0.5032454133 -0.1129084527 0.8567355275
57.8 -142.2 2071.7 -0.3471557796 0.1125263870 0.9310320616 0.0261967778 0.9935514331 -0.1103145629 -0.9374415278 -0.0139062982 -0.3478649259
13.1 -536.8 2077.2 -0.3127135932 -0.2290557474 0.9218154550 -0.1412242949 0.9709132314 0.1933472753 -0.9392901063 -0.0697204247 -0.3359659910
161.4 -5.7 1654.4 0 0 0 0 0 0 0 0 0
92.0 -120.1 2295.9 0 0 0 0 0 0 0 0 0
-99.3 -852.9 1975.8 0 0 0 0 0 0 0 0 0
100.5 -907.3 2103.8 0 0 0 0 0 0 0 0 0
312.8 294.9 1728.7 5 0.7988150120 0.5645265579 -0.2078565508 -0.2807788551 0.6554509401 0.7011043429 0.5320317745 -0.5016909242 0.6820911765
198.9 162.7 1829.9 0.7988150120 0.5645265579 -0.2078565508 -0.2807788551 0.6554509401 0.7011043429 0.5320317745 -0.5016909242 0.6820911765
90.7 28.3 1928.3 0.8089144230 0.5448799133 -0.2208242714 -0.2686520815 0.6766608953 0.6855334044 0.5229565501 -0.4952129424 0.6937438846
80.9 201.9 1753.6 0.6572141647 -0.5652529597 -0.4985566139 0.6847300529 0.1713435203 0.7083686590 -0.3149830103 -0.8069266081 0.4996550679
-52.9 62.6 1817.7 -0.7747156620 -0.5652529597 -0.2833809853 0.2257707715 0.1713435203 -0.9589937329 0.5906295180 -0.8069266081 -0.0051249121
316.9 123.5 1906.2 -0.4319960475 0.8938922286 0.1197332218 -0.1801487803 -0.2156117260 0.9597176909 0.8837000728 0.3930244446 0.2541770041
196.4 73.3 2152.7 -0.4165740013 0.8938922286 -0.1655981392 -0.7233995795 -0.2156117260 0.6558998823 0.5505989194 0.3930244446 0.7364595532
-89.4 -83.1 1980.8 0.8494402766 -0.0816187933 0.5213344693 0.1304203272 0.9897875190 -0.0575427264 -0.5113137960 0.1168717146 0.8514101505
-57.0 -476.4 1934.4 0.8510477543 0.1202354431 0.5111371875 -0.1617777795 0.9861184359 0.0373954885 -0.4995455146 -0.1145159826 0.8586852551
58.6 -134.7 2075.2 -0.3380102813 0.1230685562 0.9330611825 0.0420342050 0.9923981428 -0.1156676710 -0.9402032495 0.0001236212 -0.3406138718
9.7 -528.9 2075.2 -0.3005694151 -0.2412592620 0.9227415919 -0.1287623793 0.9688850045 0.2113814354 -0.9450281858 -0.0552796088 -0.3222823143
166.5 -1.4 1650.5 0 0 0 0 0 0 0 0 0
88.2 -114.7 2295.7 0 0 0 0 0 0 0 0 0
-102.9 -852.8 1978.1 0 0 0 0 0 0 0 0 0
101.8 -898.9 2096.3 0 0 0 0 0 0 0 0 0
308.6 306.3 1731.7 6 0.8205656409 0.5444159508 -0.1740208417 -0.3184764683 0.6883445978 0.6517319083 0.4745995402 -0.4793672562 0.7382156253
199.4 168.2 1827.9 0.8205656409 0.5444159508 -0.1740208417 -0.3184764683 0.6883445978 0.6517319083 0.4745995402 -0.4793672562 0.7382156253
95.1 28.2 1922.5 0.8317440152 0.5242743492 -0.1825879067 -0.3039000630 0.7052140832 0.6405605674 0.4645930231 -0.4772939086 0.7458845973
78.2 212.3 1760.3 0.6455335617 -0.5446119905 -0.5354290009 0.7212018967 0.2040053755 0.6620042324 -0.2513050437 -0.8134983778 0.5244675279
-53.8 64.8 1811.7 -0.7925152779 -0.5446119905 -0.2744401097 0.1922172010 0.2040053755 -0.9599137306 0.5787677765 -0.8134983778 -0.0569935814
320.6 124.1 1895.5 -0.3904521763 0.9101225734 0.1386508197 -0.2353820205 -0.2442905307 0.9407005310 0.8900238276 0.3346626461 0.3096102476
212.0 58.6 2143.2 -0.3949214220 0.9101225734 -0.1253556013 -0.7558173537 -0.2442905307 0.6075049639 0.5222807527 0.3346626461 0.7843619585
-91.7 -81.6 1978.8 0.8264490366 -0.0935070738 0.5551922321 0.1346453726 0.9903227687 -0.0336376391 -0.5466741323 0.1025538668 0.8310415745
-54.5 -475.0 1938.1 0.8270556331 0.1110885739 0.5510338545 -0.1369004250 0.9905679822 0.0057772784 -0.5451946855 -0.0802149028 0.8344628811
56.5 -130.8 2074.7 -0.3910162747 0.1083268151 0.9139866233 0.0367899351 0.9940954447 -0.1020821556 -0.9196481705 -0.0062902770 -0.3926928341
13.5 -525.7 2077.2 -0.3600376844 -0.2205837220 0.9064853787 -0.1226830259 0.9744026661 0.1883834749 -0.9248360395 -0.0433852151 -0.3778835535
171.6 10.2 1647.1 0 0 0 0 0 0 0 0 0
109.5 -137.6 2278.7 0 0 0 0 0 0 0 0 0
-96.9 -853.1 1968.7 0 0 0 0 0 0 0 0 0
97.7 -897.8 2093.7 0 0 0 0 0 0 0 0 0
303.9 318.4 1737.8 7 0.8389637470 0.5114175081 -0.1859891564 -0.3036999106 0.7236139774 0.6197976470 0.4515597522 -0.4635028839 0.7624033689
201.1 173.0 1830.9 0.8389637470 0.5114175081 -0.1859891564 -0.3036999106 0.7236139774 0.6197976470 0.4515597522 -0.4635028839 0.7624033689
101.9 28.0 1923.3 0.8455426693 0.4996166825 -0.1882570386 -0.2942392230 0.7302781343 0.6165363789 0.4455118775 -0.4659152627 0.7644881606
77.8 215.7 1766.0 0.6444967389 -0.5224756002 -0.5582501292 0.7402152419 0.2434084862 0.6267644763 -0.1915863007 -0.8171729445 0.5436203480
-53.4 65.0 1805.0 -0.8137695193 -0.5224756002 -0.2545554638 0.1437715590 0.2434084862 -0.9592090845 0.5631242394 -0.8171729445 -0.1229612678
324.5 130.2 1895.9 -0.3712800741 0.9208330512 0.1192375273 -0.2672292590 -0.2289534062 0.9360389113 0.8892354369 0.3156688213 0.3310793638
221.1 55.8 2143.5 -0.3678366840 0.9208330512 -0.1294706017 -0.7787387967 -0.2289534062 0.5840772390 0.5081949234 0.3156688213 0.8013058901
-85.2 -84.2 1974.6 0.8208527565 -0.0775320753 0.5658529401 0.1109067947 0.9935224056 -0.0247560609 -0.5602681637 0.0830780119 0.8241344690
-54.4 -478.9 1941.6 0.8185496330 0.0997780487 0.5657038689 -0.1053871065 0.9941685200 -0.0228593387 -0.5646858215 -0.0409063920 0.8242915869
67.0 -139.6 2059.5 -0.4071061313 0.1227379814 0.9050966501 0.0260305572 0.9920867682 -0.1228261366 -0.9130098820 -0.0264431052 -0.4070795476
18.2 -533.7 2070.0 -0.3787858486 -0.1924382597 0.9052562118 -0.1513815075 0.9778523445 0.1445281804 -0.9130196571 -0.0822938234 -0.3995282352
178.0 24.1 1644.9 0 0 0 0 0 0 0 0 0
125.6 -146.3 2275.4 0 0 0 0 0 0 0 0 0
-92.5 -858.2 1957.2 0 0 0 0 0 0 0 0 0
91.6 -906.8 2101.4 0 0 0 0 0 0 0 0 0
297.0 332.5 1740.3 8 0.8430008292 0.4920240641 -0.2173981071 -0.2721711695 0.7387515306 0.6165784597 0.4639746249 -0.4606066644 0.7566829324
198.1 184.0 1832.8 0.8430008292 0.4920240641 -0.2173981071 -0.2721711695 0.7387515306 0.6165784597 0.4639746249 -0.4606066644 0.7566829324
103.0 35.4 1923.9 0.8491687179 0.4789619446 -0.2225036919 -0.2627232373 0.7485923171 0.6087577939 0.4581363797 -0.4584812224 0.7615156174
74.2 222.3 1766.0 0.6148816347 -0.5184568167 -0.5942416191 0.7720993757 0.2423448414 0.5874789357 -0.1605710685 -0.8200436234 0.5493136048
-53.0 62.5 1799.2 -0.8320715427 -0.5184568167 -0.1971281171 0.0781011358 0.2423448414 -0.9670414925 0.5491422415 -0.8200436234 -0.1611561775
321.9 145.7 1899.7 -0.3739022017 0.9241037965 0.0789260939 -0.2811017632 -0.1940088123 0.9398629665 0.8838433027 0.3292305470 0.3323075473
217.7 67.4 2146.0 -0.3455969393 0.9241037965 -0.1630795449 -0.7919546962 -0.1940088123 0.5789372325 0.5033592582 0.3292305470 0.7988972068
-74.9 -90.1 1974.9 0.8286675811 -0.0505838357 0.5574507117 0.0910906270 0.9948191047 -0.0451377667 -0.5522794127 0.0881827399 0.8289820552
-54.8 -485.3 1939.8 0.8284868598 0.0788844898 0.5544247031 -0.0961723998 0.9953625202 0.0020902853 -0.5516886711 -0.0550521277 0.8322312832
80.0 -143.8 2056.4 -0.3918171525 0.1444279552 0.9086362720 0.0309506543 0.9891120195 -0.1438732296 -0.9195223451 -0.0282491110 -0.3920211792
22.6 -536.8 2067.6 -0.3612749279 -0.1932367682 0.9122170806 -0.1608758271 0.9765384793 0.1431487650 -0.9184767008 -0.0950376168 -0.3838859797
184.8 40.2 1642.3 0 0 0 0 0 0 0 0 0
128.0 -138.2 2276.7 0 0 0 0 0 0 0 0 0
-84.9 -865.2 1960.9 0 0 0 0 0 0 0 0 0
96.4 -909.6 2103.9 0 0 0 0 0 0 0 0 0
287.4 346.2 1745.5 9 0.8439028859 0.4630146921 -0.2710078657 -0.2261848748 0.7651127577 0.6028621793 0.4864856303 -0.4474592805 0.7504078150
194.2 192.1 1835.6 0.8439028859 0.4630146921 -0.2710078657 -0.2261848748 0.7651127577 0.6028621793 0.4864856303 -0.4474592805 0.7504078150
106.2 37.7 1923.8 0.8515968323 0.4441699386 -0.2783808708 -0.2130930573 0.7785357237 0.5903164148 0.4789302647 -0.4433905482 0.7576481104
70.1 223.2 1765.7 0.5972058773 -0.5109367371 -0.6182950735 0.7918019891 0.2524900138 0.5561460853 -0.1280421168 -0.8217009306 0.5553492308
-52.4 60.7 1791.9 -0.8472871780 -0.5109367371 -0.1450795233 0.0134062972 0.2524900138 -0.9675066471 0.5309658051 -0.8217009306 -0.2070817798
318.2 161.0 1905.6 -0.3778314590 0.9257836938 0.0129574919 -0.3077516258 -0.1387743503 0.9412919879 0.8732309937 0.3516620398 0.3373447657
212.9 75.2 2149.0 -0.3090110123 0.9257836938 -0.2177996635 -0.8136608601 -0.1387743503 0.5645331740 0.4924106300 0.3516620398 0.7961567640
-69.9 -89.2 1972.9 0.8403791189 -0.0399619937 0.5405237675 0.0795611739 0.9955705404 -0.0500932001 -0.5361276865 0.0851019844 0.8398361206
-54.0 -484.7 1939.1 0.8392738104 0.0766981095 0.5382721424 -0.0867345631 0.9962088466 -0.0067127515 -0.5367463231 -0.0410529636 0.8427443504
85.6 -137.2 2056.9 -0.3657552600 0.1645014584 0.9160580635 0.0408400334 0.9861447811 -0.1607810706 -0.9298145771 -0.0213946849 -0.3674058914
20.3 -529.0 2065.4 -0.3336561322 -0.1979668438 0.9216738939 -0.1516795754 0.9762364030 0.1547766775 -0.9304122329 -0.0881569088 -0.3557547927
190.4 56.9 1639.8 0 0 0 0 0 0 0 0 0
132.7 -135.9 2276.7 0 0 0 0 0 0 0 0 0
-83.3 -865.2 1954.8 0 0 0 0 0 0 0 0 0
95.9 -901.9 2099.0 0 0 0 0 0 0 0 0 0
277.3 360.6 1748.6 0 0.8627140522 0.4271510541 -0.2706778049 -0.2135913074 0.7929666638 0.5705984235 0.4583702087 -0.4344488680 0.7753392458
191.2 200.7 1836.2 0.8627140522 0.4271510541 -0.2706778049 -0.2135913074 0.7929666638 0.5705984235 0.4583702087 -0.4344488680 0.7753392458
109.6 41.3 1921.6 0.8686922193 0.4110469222 -0.2764313519 -0.2022037059 0.8036903739 0.5596386790 0.4522029757 -0.4302583039 0.7812747955
64.5 230.1 1770.2 0.5567564368 -0.5069989562 -0.6580078602 0.8275503516 0.2698841989 0.4922631085 -0.0719909593 -0.8186053038 0.5698269010
-50.9 58.6 1785.1 -0.8567683101 -0.5069989562 -0.0943405181 -0.0538457558 0.2698841989 -0.9613860846 0.5128827095 -0.8186053038 -0.2585279644
317.8 171.3 1902.3 -0.3479096293 0.9375151992 -0.0049142786 -0.3436655998 -0.1226531044 0.9310478568 0.8722687960 0.3256094158 0.3648639321
220.9 75.5 2145.3 -0.2741737664 0.9375151992 -0.2142288834 -0.8365896344 -0.1226531044 0.5339232087 0.4742853045 0.3256094158 0.8179437518
-59.7 -97.2 1968.0 0.8271070719 -0.0153790275 0.5618339777 0.0555416420 0.9969691634 -0.0544760041 -0.5592933297 0.0762626678 0.8254544139
-53.6 -493.3 1937.7 0.8246721029 0.0781221390 0.5601899624 -0.0938398466 0.9955870509 -0.0006966926 -0.5577723384 -0.0519936010 0.8283638954
96.0 -136.3 2055.8 -0.3901972771 0.1826390922 0.9024350643 0.0517617688 0.9829298854 -0.1765491217 -0.9192751646 -0.0221773498 -0.3929902911
23.5 -526.8 2064.7 -0.3642781377 -0.1816266179 0.9134075046 -0.1198121235 0.9817872643 0.1474410594 -0.9235510230 -0.0557277389 -0.3794046938
195.9 74.1 1637.4 0 0 0 0 0 0 0 0 0
149.8 -141.5 2268.3 0 0 0 0 0 0 0 0 0
-83.5 -873.6 1957.6 0 0 0 0 0 0 0 0 0
92.8 -901.6 2085.9 0 0 0 0 0 0 0 0 0
265.5 371.5 1754.2 1 0.8727139831 0.3964007497 -0.2850206196 -0.1924391240 0.8158056736 0.5453698635 0.4487064481 -0.4211027622 0.7882480621
185.5 207.0 1839.2 0.8727139831 0.3964007497 -0.2850206196 -0.1924391240 0.8158056736 0.5453698635 0.4487064481 -0.4211027622 0.7882480621
110.5 43.4 1922.6 0.8793829083 0.3782575428 -0.2891485989 -0.1783156693 0.8247631788 0.5366276503 0.4414625764 -0.4203414917 0.7927318811
57.2 232.9 1774.6 0.5303003788 -0.5034883618 -0.6821150184 0.8476446271 0.2989860773 0.4382989109 -0.0167355109 -0.8106212020 0.5853316784
-49.8 61.8 1778.0 -0.8626688719 -0.5034883618 -0.0479774028 -0.1218637675 0.2989860773 -0.9464441538 0.4908682108 -0.8106212020 -0.3192829788
313.8 181.0 1903.7 -0.3275647163 0.9441886544 -0.0347723477 -0.3697930276 -0.0942505747 0.9243213534 0.8694564104 0.3156336248 0.3800275624
222.5 78.0 2145.9 -0.2398532778 0.9441886544 -0.2257834226 -0.8534824252 -0.0942505747 0.5125275850 0.4626425505 0.3156336248 0.8284547329
-51.4 -99.7 1965.5 0.8208557963 0.0035657804 0.5711243749 0.0376322232 0.9974697828 -0.0603150353 -0.5698943734 0.0710026249 0.8186446428
-52.8 -495.9 1937.3 0.8184401989 0.0698347539 0.5703321695 -0.0842538029 0.9964436889 -0.0011041013 -0.5683810115 -0.0471490100 0.8214134574
107.6 -136.6 2048.4 -0.4001289308 0.2057248950 0.8930700421 0.0522963814 0.9780167341 -0.2018622160 -0.9149655104 -0.0340665802 -0.4020914733
25.9 -525.1 2062.0 -0.3786987066 -0.1473561227 0.9137141109 -0.1419835389 0.9848074317 0.0999748483 -0.9145643711 -0.0918720067 -0.3938674331
201.0 97.3 1635.3 0 0 0 0 0 0 0 0 0
160.3 -143.4 2265.9 0 0 0 0 0 0 0 0 0
-79.5 -876.7 1955.3 0 0 0 0 0 0 0 0 0
82.1 -900.8 2097.0 0 0 0 0 0 0 0 0 0
254.3 386.4 1761.0 2 0.8972002864 0.3564637601 -0.2607015371 -0.1915589273 0.8460239172 0.4975426495 0.3979156613 -0.3964557052 0.8273367286
182.4 215.8 1841.0 0.8972002864 0.3564637601 -0.2607015371 -0.1915589273 0.8460239172 0.4975426495 0.3979156613 -0.3964557052 0.8273367286
115.1 46.9 1920.1 0.9035674334 0.3388200104 -0.2622345388 -0.1760129631 0.8515757918 0.4937997162 0.3906217813 -0.4000246525 0.8290928006
50.6 241.2 1784.0 0.4843773246 -0.5043264031 -0.7148661017 0.8723672628 0.3400617540 0.3511885703 0.0659849420 -0.7937335372 0.6046760082
-48.5 62.7 1770.5 -0.8634763956 -0.5043264031 -0.0079641333 -0.1901236475 0.3400617540 -0.9209837317 0.4671846926 -0.7937335372 -0.3895196617
314.1 190.3 1898.0 -0.2770673335 0.9601677656 -0.0362155028 -0.4161387980 -0.0859381780 0.9052309990 0.8660613298 0.2658806145 0.4233737290
237.0 74.5 2138.9 -0.1986884922 0.9601677656 -0.1964707375 -0.8790270090 -0.0859381780 0.4689628482 0.4333986640 0.2658806145 0.8610883355
-45.1 -104.0 1965.5 0.7910832763 0.0178913288 0.6114467978 0.0338691771 0.9967577457 -0.0729853511 -0.6107701063 0.0784466863 0.7879124284
-52.2 -500.0 1934.3 0.7892247438 0.0622348823 0.6109427810 -0.0833765790 0.9964988232 0.0061967769 -0.6084181070 -0.0558289699 0.7916505337
116.0 -136.6 2046.5 -0.4475026131 0.2231510282 0.8659936786 0.0716493726 0.9742004275 -0.2140091211 -0.8914077282 -0.0337217413 -0.4519458711
27.4 -523.6 2059.9 -0.4336663783 -0.1124949530 0.8940237164 -0.1332829297 0.9892705679 0.0598279759 -0.8911616802 -0.0932127088 -0.4440070391
203.1 118.1 1634.3 0 0 0 0 0 0 0 0 0
185.5 -153.3 2251.2 0 0 0 0 0 0 0 0 0
-75.9 -880.7 1955.6 0 0 0 0 0 0 0 0 0
70.3 -901.1 2095.4 0 0 0 0 0 0 0 0 0
241.3 396.2 1768.9 3 0.9010285139 0.3290231824 -0.2826506495 -0.1698695123 0.8672403097 0.4680155516 0.3991140127 -0.3736816347 0.8372992873
175.1 221.7 1844.1 0.9010285139 0.3290231824 -0.2826506495 -0.1698695123 0.8672403097 0.4680155516 0.3991140127 -0.3736816347 0.8372992873
113.5 48.9 1919.6 0.9076282978 0.3101171851 -0.2829102874 -0.1519210041 0.8709431291 0.4673094153 0.3913194537 -0.3811632395 0.8376058936
42.7 243.7 1786.9 0.4256352782 -0.5114717484 -0.7464792728 0.8970116973 0.3471368849 0.2736165822 0.1191833392 -0.7860614657 0.6065497994
-42.2 65.0 1763.1 -0.8579547405 -0.5114717484 0.0480664894 -0.2574682236 0.3471368849 -0.9017794132 0.4445490241 -0.7860614657 -0.4295154512
307.5 199.6 1901.2 -0.2653575242 0.9615724683 -0.0704538152 -0.4429754019 -0.0566873774 0.8947398067 0.8563633561 0.2686352432 0.4409953654
233.6 76.3 2139.7 -0.1687074602 0.9615724683 -0.2166013569 -0.8939282298 -0.0566873774 0.4446109533 0.4152471125 0.2686352432 0.8691403270
-34.9 -106.1 1963.4 0.7910003066 0.0429475568 0.6103065014 0.0053765811 0.9970066547 -0.0771282613 -0.6117921472 0.0642898381 0.7884016633
-52.0 -502.1 1937.9 0.7893884182 0.0507212318 0.6117951274 -0.0650929213 0.9978784323 0.0012585485 -0.6104333401 -0.0408170149 0.7910152674
130.5 -138.0 2035.0 -0.4475089014 0.2563436627 0.8567518592 0.0678280443 0.9650056958 -0.2533048987 -0.8917034864 -0.0552443936 -0.4492359459
28.7 -521.2 2056.9 -0.4365707338 -0.0992203206 0.8941819072 -0.1255264133 0.9908959270 0.0486655496 -0.8908698559 -0.0909974948 -0.4450509548
207.0 139.7 1634.0 0 0 0 0 0 0 0 0 0
189.8 -155.6 2247.4 0 0 0 0 0 0 0 0 0
-71.4 -883.3 1953.5 0 0 0 0 0 0 0 0 0
66.6 -899.5 2091.7 0 0 0 0 0 0 0 0 0
227.9 406.4 1776.8 4 0.9148340225 0.2958053648 -0.2749143839 -0.1536259949 0.8845094442 0.4405020773 0.3734672368 -0.3607522845 0.8546227217
168.6 229.1 1849.1 0.9148340225 0.2958053648 -0.2749143839 -0.1536259949 0.8845094442 0.4405020773 0.3734672368 -0.3607522845 0.8546227217
112.6 53.0 1921.6 0.9191861749 0.2817463279 -0.2751650810 -0.1402759701 0.8871062398 0.4397331178 0.3679938316 -0.3655975461 0.8549379706
34.5 249.4 1795.4 0.3491261601 -0.5330914855 -0.7706649303 0.9197034240 0.3525567055 0.1727696955 0.1796010435 -0.7691016197 0.6133728027
-35.1 66.1 1759.6 -0.8401740789 -0.5330914855 0.0996041000 -0.3276163042 0.3525567055 -0.8765679002 0.4321747720 -0.7691016197 -0.4708584547
302.7 208.7 1902.9 -0.2365509719 0.9682156444 -0.0812531039 -0.4700392485 -0.0408456400 0.8816999197 0.8503568172 0.2467591166 0.4647614360
236.8 77.8 2139.7 -0.1392043978 0.9682156444 -0.2077993304 -0.9076563120 -0.0408456400 0.4177220464 0.3959573209 0.2467591166 0.8844929338
-31.1 -110.0 1959.2 0.7758378386 0.0456639268 0.6292777061 0.0006448371 0.9973195791 -0.0731661320 -0.6309320331 0.0571708381 0.7737288475
-49.3 -506.3 1936.5 0.7727244496 0.0696564317 0.6309080124 -0.0820140690 0.9965851307 -0.0095803039 -0.6294208169 -0.0443403944 0.7757984996
135.1 -137.7 2031.0 -0.4685537815 0.2652081549 0.8426873684 0.0783495679 0.9625920057 -0.2593800128 -0.8799538016 -0.0555092841 -0.4718050659
29.8 -520.1 2053.1 -0.4560877085 -0.1074422747 0.8834252357 -0.1433371454 0.9885934591 0.0462318882 -0.8783156872 -0.1055418551 -0.4662858248
208.8 161.3 1634.1 0 0 0 0 0 0 0 0 0
200.7 -157.7 2242.4 0 0 0 0 0 0 0 0 0
-75.9 -887.0 1953.5 0 0 0 0 0 0 0 0 0
70.8 -897.7 2093.4 0 0 0 0 0 0 0 0 0
215.2 413.7 1780.8 5 0.9075064659 0.2714366913 -0.3205528557 -0.1161805317 0.8955873847 0.4294477403 0.4036509693 -0.3524845839 0.8442869782
160.7 233.8 1851.6 0.9075064659 0.2714366913 -0.3205528557 -0.1161805317 0.8955873847 0.4294477403 0.4036509693 -0.3524845839 0.8442869782
109.4 55.1 1921.0 0.9104309678 0.2585542500 -0.3229011893 -0.1062692329 0.9005852342 0.4214891493 0.3997778296 -0.3494223058 0.8473970294
27.9 249.3 1793.2 0.3015089333 -0.5507394671 -0.7783176899 0.9366484284 0.3237162530 0.1337815672 0.1782753021 -0.7693463564 0.6134526134
-30.4 68.0 1758.7 -0.8199703693 -0.5507394671 0.1559957415 -0.3820972145 0.3237162530 -0.8655688763 0.4262045920 -0.7693463564 -0.4758737683
293.4 218.3 1910.0 -0.2471528202 0.9596865177 -0.1338554323 -0.4862508774 -0.0033486751 0.8738128543 0.8381381631 0.2810526192 0.4674760699
224.6 82.8 2143.6 -0.1160657778 0.9596865177 -0.2559893131 -0.9154155254 -0.0033486751 0.4024962485 0.3854129910 0.2810526192 0.8789005876
-27.5 -110.2 1960.3 0.7958082557 0.0541786961 0.6031200886 -0.0087661641 0.9969158769 -0.0779868141 -0.6054852009 0.0567755066 0.7938288450
-49.0 -506.3 1937.7 0.7933915257 0.0631359890 0.6054285169 -0.0729544014 0.9972999096 -0.0083975410 -0.6043240428 -0.0375061408 0.7958554029
140.9 -135.8 2027.8 -0.4389939308 0.2729061842 0.8560411930 0.0694742501 0.9602131248 -0.2704885304 -0.8957999945 -0.0592700019 -0.4404876828
32.5 -517.3 2051.3 -0.4277251959 -0.0992649347 0.8984417915 -0.1366707683 0.9896266460 0.0442740880 -0.8935167789 -0.1038535908 -0.4368548393
208.0 179.1 1634.8 0 0 0 0 0 0 0 0 0
194.4 -154.8 2243.6 0 0 0 0 0 0 0 0 0
-73.2 -887.4 1952.0 0 0 0 0 0 0 0 0 0
70.4 -895.4 2091.0 0 0 0 0 0 0 0 0 0
202.5 422.4 1786.8 6 0.9254450798 0.2438488454 -0.2899813354 -0.1140696332 0.9091720581 0.4004925787 0.3613025844 -0.3375557959 0.8692045212
153.5 239.4 1854.7 0.9254450798 0.2438488454 -0.2899813354 -0.1140696332 0.9091720581 0.4004925787 0.3613025844 -0.3375557959 0.8692045212
108.2 57.9 1921.0 0.9288232327 0.2278318256 -0.2921987474 -0.1010090336 0.9144375920 0.3919197321 0.3564893007 -0.3345094323 0.8723639250
18.1 254.0 1802.7 0.2338441610 -0.5651529431 -0.7911504507 0.9471688867 0.3161343038 0.0541308969 0.2195175737 -0.7620113492 0.6092214584
-27.7 68.6 1759.7 -0.8027976751 -0.5651529431 0.1900473982 -0.4235212803 0.3161343038 -0.8489339352 0.4196970165 -0.7620113492 -0.4931461811
288.9 224.8 1906.8 -0.2022568583 0.9710446596 -0.1271392256 -0.5138260722 0.0052985083 0.8578780293 0.8337115049 0.2388391644 0.4978764355
232.6 81.7 2138.9 -0.0842364058 0.9710446596 -0.2235541195 -0.9279484153 0.0052985083 0.3726709485 0.3630646467 0.2388391644 0.9006330371
-25.2 -113.9 1953.7 0.7669027448 0.0543436371 0.6394582987 -0.0085487692 0.9971849322 -0.0744920895 -0.6417063475 0.0516616069 0.7652084827
-46.8 -510.2 1933.2 0.7620542049 0.0881624892 0.6414832473 -0.0988355428 0.9949161410 -0.0193243455 -0.6399257183 -0.0486751497 0.7668935657
141.5 -133.4 2027.1 -0.4806936383 0.2724852562 0.8334779143 0.0809071511 0.9602220654 -0.2672594190 -0.8731481433 -0.0610355847 -0.4836186767
33.2 -515.0 2051.3 -0.4696340263 -0.1029159427 0.8768421412 -0.1527680159 0.9876735210 0.0341022536 -0.8695434332 -0.1179378554 -0.4795673788
207.1 192.5 1637.0 0 0 0 0 0 0 0 0 0
210.7 -159.1 2233.1 0 0 0 0 0 0 0 0 0
-80.4 -890.2 1951.8 0 0 0 0 0 0 0 0 0
72.6 -892.3 2096.4 0 0 0 0 0 0 0 0 0
189.7 430.3 1794.3 7 0.9355511069 0.2146800011 -0.2804578245 -0.0998144075 0.9224042296 0.3731051981 0.3387936950 -0.3210652471 0.8843845129
146.4 244.4 1858.9 0.9355511069 0.2146800011 -0.2804578245 -0.0998144075 0.9224042296 0.3731051981 0.3387936950 -0.3210652471 0.8843845129
106.3 60.5 1921.7 0.9377883077 0.2019929290 -0.2824038863 -0.0898853838 0.9268676043 0.3644681871 0.3353710175 -0.3164100051 0.8873618245
9.6 257.5 1810.0 0.1782456189 -0.5735515952 -0.7995417714 0.9525838494 0.3042196333 -0.0058680540 0.2466019392 -0.7605846524 0.6005817652
-25.5 69.7 1761.4 -0.7890076041 -0.5735515952 0.2202398181 -0.4547898471 0.3042196333 -0.8370284438 0.4130777121 -0.7605846524 -0.5008770227
283.2 231.4 1907.9 -0.1745724529 0.9753868580 -0.1347030699 -0.5377684832 0.0201511215 0.8428516984 0.8248208761 0.2195777595 0.5210145116
234.6 81.6 2137.7 -0.0575618893 0.9753868580 -0.2128546238 -0.9380156994 0.0201511215 0.3460065424 0.3417795002 0.2195777595 0.9137682319
-22.1 -114.4 1954.6 0.7526630163 0.0565460138 0.6559732556 0.0010895475 0.9961968660 -0.0871240199 -0.6584050655 0.0662897378 0.7497389317
-44.5 -510.3 1928.3 0.7485182881 0.0792393982 0.6583626866 -0.0942063853 0.9954715967 -0.0127063235 -0.6563882232 -0.0525110550 0.7525935769
148.0 -132.8 2020.0 -0.5037294030 0.2813151777 0.8167731762 0.0781584755 0.9564546347 -0.2812218666 -0.8603184819 -0.0778219774 -0.5037814975
36.2 -512.8 2050.9 -0.5024746656 -0.0597197302 0.8625269532 -0.1346384585 0.9908460379 -0.0098308371 -0.8540443182 -0.1210690513 -0.5059156418
205.5 202.9 1640.4 0 0 0 0 0 0 0 0 0
219.7 -161.8 2226.4 0 0 0 0 0 0 0 0 0
-74.8 -890.6 1948.3 0 0 0 0 0 0 0 0 0
59.0 -891.1 2097.1 0 0 0 0 0 0 0 0 0
177.4 436.3 1802.0 8 0.9416474104 0.1974211186 -0.2726261318 -0.0939748436 0.9319255352 0.3502621353 0.3232163787 -0.3042034507 0.8960978985
137.7 248.9 1863.2 0.9416474104 0.1974211186 -0.2726261318 -0.0939748436 0.9319255352 0.3502621353 0.3232163787 -0.3042034507 0.8960978985
100.6 63.1 1922.4 0.9433169961 0.1866227686 -0.2744539976 -0.0858544335 0.9359991550 0.3413715959 0.3205964267 -0.2984585464 0.8989663124
-0.0 261.4 1816.4 0.1141272858 -0.5781584978 -0.8079032898 0.9546959400 0.2887904942 -0.0718029216 0.2748282552 -0.7631073594 0.5849244595
-22.7 71.3 1761.6 -0.7726689577 -0.5781584978 0.2621363401 -0.4942645729 0.2887904942 -0.8199405670 0.3983531296 -0.7631073594 -0.5089027286
275.4 236.5 1910.0 -0.1568822563 0.9779744744 -0.1376729012 -0.5578172207 0.0272912234 0.8295150399 0.8150017858 0.2069325000 0.5412495136
231.7 81.0 2137.1 -0.0416773073 0.9779744744 -0.2045210898 -0.9459167719 0.0272912234 0.3232595026 0.3217211664 0.2069325000 0.9239450097
-19.8 -115.3 1953.6 0.7420809865 0.0596789569 0.6676483154 -0.0013038073 0.9961553812 -0.0875939950 -0.6703090072 0.0641313568 0.7393057942
-43.5 -511.2 1928.1 0.7384530902 0.0747656152 0.6701471210 -0.0821708813 0.9964049459 -0.0206185896 -0.6692794561 -0.0398407206 0.7419418693
152.0 -131.7 2015.1 -0.5196284652 0.2862111032 0.8050276041 0.0798979551 0.9543715119 -0.2877348065 -0.8506483436 -0.0851951465 -0.5187863111
38.3 -510.9 2049.0 -0.5234657526 -0.0405517407 0.8510811925 -0.1403162479 0.9893318415 -0.0391638540 -0.8404135704 -0.1399214566 -0.5235713720
203.3 215.9 1645.1 0 0 0 0 0 0 0 0 0
220.8 -164.5 2220.6 0 0 0 0 0 0 0 0 0
-72.0 -891.9 1943.3 0 0 0 0 0 0 0 0 0
53.8 -888.7 2102.4 0 0 0 0 0 0 0 0 0
164.2 443.1 1805.9 9 0.9488885999 0.1798556298 -0.2593498826 -0.0871715993 0.9391247630 0.3323338330 0.3033339977 -0.2927398384 0.9068031311
128.0 253.9 1864.8 0.9488885999 0.1798556298 -0.2593498826 -0.0871715993 0.9391247630 0.3323338330 0.3033339977 -0.2927398384 0.9068031311
94.5 66.6 1921.5 0.9504889846 0.1682283580 -0.2612850368 -0.0785156712 0.9435235262 0.3218674064 0.3006758094 -0.2854164541 0.9100173116
-10.8 265.3 1820.9 0.0556116700 -0.5825757980 -0.8108716011 0.9545022249 0.2693198323 -0.1280322969 0.2929723263 -0.7668586969 0.5710472465
-22.0 72.3 1761.7 -0.7494183779 -0.5825757980 0.3146069646 -0.5432021022 0.2693198323 -0.7952347398 0.3785546124 -0.7668586969 -0.5182896256
266.7 242.6 1908.8 -0.1334443986 0.9813824892 -0.1381337941 -0.5740014315 0.0370885879 0.8180139661 0.8079077601 0.1884483695 0.5583657026
229.6 82.6 2133.9 -0.0227247309 0.9813824892 -0.1907142848 -0.9518630505 0.0370885879 0.3042714894 0.3056800663 0.1884483695 0.9332989454
-23.0 -114.9 1952.2 0.7281288505 0.0501366965 0.6836041808 0.0082254345 0.9966103435 -0.0818542838 -0.6853908896 0.0652234033 0.7252483964
-42.9 -511.0 1926.2 0.7245823145 0.0725913942 0.6853546500 -0.0766481757 0.9967561960 -0.0245391298 -0.6849128008 -0.0347505659 0.7277958989
149.9 -130.6 2011.0 -0.5416332483 0.2724664807 0.7952329516 0.0721313730 0.9575884938 -0.2789648175 -0.8375144601 -0.0937353671 -0.5383151174
41.7 -511.1 2048.2 -0.5464548469 -0.0268199593 0.8370590210 -0.1180210561 0.9919789433 -0.0452636443 -0.8291309476 -0.1235251278 -0.5452370048
196.4 230.7 1651.3 0 0 0 0 0 0 0 0 0
223.7 -164.6 2213.3 0 0 0 0 0 0 0 0 0
-70.6 -891.9 1939.5 0 0 0 0 0 0 0 0 0
51.9 -889.9 2095.4 0 0 0 0 0 0 0 0 0
150.8 447.3 1807.8 0 0.9501797557 0.1512122750 -0.2725678682 -0.0593984984 0.9462640882 0.3178932369 0.3059905469 -0.2858656049 0.9081027508
120.2 256.1 1865.6 0.9501797557 0.1512122750 -0.2725678682 -0.0593984984 0.9462640882 0.3178932369 0.3059905469 -0.2858656049 0.9081027508
92.6 67.4 1920.8 0.9515470266 0.1390083283 -0.2742899954 -0.0504629351 0.9504874945 0.3066383004 0.3033344746 -0.2779392898 0.9114482403
-18.7 263.4 1821.3 -0.0062537272 -0.5824100971 -0.8128710985 0.9497239590 0.2510005534 -0.1871447712 0.3130261004 -0.7731734514 0.5515590906
-17.4 75.5 1759.3 -0.7227627635 -0.5824100971 0.3720382154 -0.5952001214 0.2510005534 -0.7633711696 0.3512132466 -0.7731734514 -0.5280644298
259.1 248.7 1909.9 -0.1175357625 0.9790933132 -0.1660171002 -0.5837238431 0.0671315193 0.8091723323 0.8034001589 0.1920148283 0.5636297464
226.4 86.0 2133.9 0.0067977761 0.9790933132 -0.2032981217 -0.9542425275 0.0671315193 0.2914010882 0.2989565432 0.1920148283 0.9347487688
-26.0 -113.6 1950.5 0.7291436195 0.0373616815 0.6833400726 0.0175101850 0.9971632957 -0.0732038692 -0.6841366291 0.0653415471 0.7264210582
-40.9 -509.9 1924.5 0.7245314717 0.0819468349 0.6843528748 -0.0994216874 0.9949485660 -0.0138799008 -0.6820333600 -0.0579830892 0.7290188670
148.2 -127.9 2005.6 -0.5402581692 0.2651670277 0.7986285686 0.0638535544 0.9592362046 -0.2752974331 -0.8390731812 -0.0977364182 -0.5351670384
42.8 -509.1 2044.5 -0.5476338863 -0.0129747605 0.8366174698 -0.1250334084 0.9899219275 -0.0664921924 -0.8273232579 -0.1410185099 -0.5437370539
192.7 248.6 1657.2 0 0 0 0 0 0 0 0 0
228.1 -161.8 2211.5 0 0 0 0 0 0 0 0 0
-72.2 -890.0 1946.7 0 0 0 0 0 0 0 0 0
47.8 -887.2 2098.3 0 0 0 0 0 0 0 0 0
137.7 450.7 1809.3 1 0.9561178684 0.1305426657 -0.2622921765 -0.0452147722 0.9502692819 0.3081297576 0.2894722521 -0.2827489078 0.9144719243
111.4 258.8 1866.4 0.9561178684 0.1305426657 -0.2622921765 -0.0452147722 0.9502692819 0.3081297576 0.2894722521 -0.2827489078 0.9144719243
87.9 69.2 1920.7 0.9572510123 0.1183698103 -0.2639300227 -0.0365431309 0.9546139836 0.2955954969 0.2869408727 -0.2733142674 0.9181308150
-28.4 264.1 1824.5 -0.0646932572 -0.5847161412 -0.8086543083 0.9384304881 0.2399282008 -0.2485611290 0.3393566906 -0.7749460936 0.5331937671
-15.5 77.1 1756.9 -0.6952090263 -0.5847161412 0.4180805981 -0.6405048370 0.2399282008 -0.7295121551 0.3262482285 -0.7749460936 -0.5413138270
251.1 253.4 1908.3 -0.0942153782 0.9809258580 -0.1700234413 -0.5912556648 0.0822697505 0.8022770286 0.8009620309 0.1761141568 0.5722268820
224.9 88.6 2131.7 0.0278122835 0.9809258580 -0.1923823953 -0.9560989738 0.0822697505 0.2812587321 0.2917211950 0.1761141568 0.9401502609
-22.2 -116.8 1948.1 0.7165278196 0.0450402759 0.6961029172 0.0182070117 0.9963657260 -0.0832095593 -0.6973208785 0.0722959191 0.7131037116
