83.6 408.4 1942.4 8 0.8789709806 0.1501898766 -0.4526069164 -0.0444023348 0.9707621932 0.2359007150 0.4748035967 -0.1872530729 0.8599405885
60.8 261.2 1970.8 0.8789709806 0.1501898766 -0.4526069164 -0.0444023348 0.9707621932 0.2359007150 0.4748035967 -0.1872530729 0.8599405885
64.7 64.2 1969.1 0.8827853203 -0.0202729031 -0.4693390131 0.0134514552 0.9997496009 -0.0178827662 0.4695840180 0.0094733508 0.8828369379
-67.2 259.2 1903.0 0.4162479639 -0.7711502910 -0.4817311168 0.9056856036 0.3047684729 0.2947027981 -0.0804436877 -0.5589663982 0.8252789974
-155.2 67.7 1920.0 -0.6274865866 -0.7711502910 -0.1076466963 -0.2153875679 0.3047684729 -0.9277523160 0.7482438087 -0.5589663982 -0.3573343158
188.9 263.2 2038.6 -0.1193356365 0.9009582400 -0.4171729088 -0.8009690642 0.1609264612 0.5766725540 0.5866920352 0.4029601812 0.7024354339
155.8 40.9 2201.4 0.1583899707 0.9009582400 -0.4039639235 -0.9865716696 0.1609264612 -0.0279109813 0.0398618579 0.4029601812 0.9143490195
-11.1 -132.7 1924.4 0.8215456009 0.0770140141 0.5649173856 -0.0686859712 0.9969875216 -0.0360289067 -0.5659903288 -0.0092025083 0.8243604898
-41.5 -526.8 1928.0 0.8222274184 0.0237374455 0.5686638951 -0.0476796925 0.9984906316 0.0272602756 -0.5671584606 -0.0495278649 0.8221181631
166.0 -141.7 2026.0 -0.4283279777 0.3172487319 0.8461018801 0.0806959420 0.9460316896 -0.3138664961 -0.9000129700 -0.0661608130 -0.4308125377
39.2 -519.7 2052.4 -0.4341073632 -0.0197291020 0.9006450772 -0.1335351914 0.9901248813 -0.0426742285 -0.8909091949 -0.1387930065 -0.4324550331
8.3 123.9 1725.1 0 0 0 0 0 0 0 0 0
196.6 -213.4 2211.6 0 0 0 0 0 0 0 0 0
-50.6 -908.1 1946.9 0 0 0 0 0 0 0 0 0
46.7 -897.5 2105.4 0 0 0 0 0 0 0 0 0
89.1 447.9 1971.6 9 0.8851119876 0.1197762862 -0.4497003257 -0.0885529965 0.9920039773 0.0899248347 0.4568753541 -0.0397712402 0.8886411786
67.9 273.0 1978.6 0.8851119876 0.1197762862 -0.4497003257 -0.0885529965 0.9920039773 0.0899248347 0.4568753541 -0.0397712402 0.8886411786
61.3 75.7 1970.2 0.8881409764 0.0329619274 -0.4583874941 -0.0490785092 0.9985233545 -0.0232889857 0.4569429755 0.0431808792 0.8884472251
-61.1 280.1 1912.4 0.3088534474 -0.7721812129 -0.5552889109 0.9500621557 0.2778672874 0.1420271099 0.0446259528 -0.5714245439 0.8194403648
-128.3 73.5 1902.7 -0.6316845417 -0.7721812129 -0.0686358958 -0.2385628223 0.2778672874 -0.9305254221 0.7376058698 -0.5714245439 -0.3597382009
197.0 265.8 2044.8 -0.1535988897 0.9136818051 -0.3762883842 -0.8135509491 0.0992041454 0.5729689002 0.5608406067 0.3941371739 0.7280890346
154.3 39.6 2200.7 0.1060372740 0.9136818051 -0.3923540115 -0.9943521619 0.0992041454 -0.0377143212 0.0044642556 0.3941371739 0.9190407991
-24.8 -114.9 1914.5 0.8131114841 0.0406045355 0.5806900859 -0.0501828268 0.9987399578 0.0004320005 -0.5799408555 -0.0294919349 0.8141245842
-40.9 -510.4 1926.2 0.8121151328 0.0498767830 0.5813615918 -0.0752395317 0.9969734550 0.0195701625 -0.5786259174 -0.0596345961 0.8134099245
145.1 -129.3 2006.3 -0.4745021164 0.2579684258 0.8416056037 0.0137970718 0.9581558108 -0.2859144509 -0.8801462054 -0.1240553185 -0.4582061768
42.7 -509.8 2055.6 -0.4774278104 0.0131027121 0.8785732985 -0.0726703480 0.9958744645 -0.0543420799 -0.8756607175 -0.0897906497 -0.4745059907
35.8 135.4 1711.2 0 0 0 0 0 0 0 0 0
181.7 -217.2 2201.8 0 0 0 0 0 0 0 0 0
-60.0 -891.1 1949.0 0 0 0 0 0 0 0 0 0
37.7 -889.4 2089.8 0 0 0 0 0 0 0 0 0
94.4 467.8 1982.2 0 0.8775001168 0.1153082401 -0.4655078650 -0.1020139754 0.9933297038 0.0537516698 0.4686007798 0.0003212089 0.8834099770
72.4 278.2 1982.1 0.8775001168 0.1153082401 -0.4655078650 -0.1020139754 0.9933297038 0.0537516698 0.4686007798 0.0003212089 0.8834099770
60.3 80.7 1973.5 0.8799782395 0.0604883060 -0.4711470008 -0.0739543363 0.9972105026 -0.0101001021 0.4692217708 0.0437312350 0.8819968700
-55.8 289.0 1913.9 0.2521789074 -0.7726130486 -0.5826447606 0.9627976418 0.2607387006 0.0709646046 0.0970898569 -0.5788647532 0.8096228242
-111.6 75.7 1892.3 -0.6337274909 -0.7726130486 -0.0381914265 -0.2618826628 0.2607387006 -0.9292108417 0.7278783917 -0.5788647532 -0.3675712347
200.5 267.4 2050.4 -0.1832162291 0.9109514356 -0.3695934117 -0.8094072938 0.0735884532 0.5826187134 0.5579351783 0.4058968127 0.7238481045
149.5 42.1 2205.7 0.0780889615 0.9109514356 -0.4050550461 -0.9969313145 0.0735884532 -0.0266971663 0.0054875514 0.4058968127 0.9139024615
-32.9 -107.4 1915.1 0.8212947845 0.0115410239 0.5703873038 -0.0249674562 0.9995645881 0.0157255325 -0.5699574351 -0.0271564182 0.8212253451
-37.5 -503.8 1925.8 0.8159879446 0.0959457830 0.5700510144 -0.1140949950 0.9934622049 -0.0038915409 -0.5666974783 -0.0618645139 0.8216000795
133.7 -124.8 2001.5 -0.4694709480 0.2310836166 0.8521721363 -0.0019775883 0.9648666978 -0.2627324760 -0.8829457164 -0.1250305027 -0.4525198936
41.9 -508.0 2051.2 -0.4709934890 -0.0108220037 0.8820703030 -0.1082644537 0.9930745959 -0.0456253849 -0.8754678369 -0.1169861183 -0.4689033031
52.0 143.3 1704.4 0 0 0 0 0 0 0 0 0
169.7 -216.0 2207.1 0 0 0 0 0 0 0 0 0
-74.1 -882.9 1949.5 0 0 0 0 0 0 0 0 0
46.1 -886.7 2095.8 0 0 0 0 0 0 0 0 0
99.3 478.6 1987.0 1 0.8843219876 0.1130368263 -0.4529870450 -0.1073806807 0.9934807420 0.0382810272 0.4543610513 0.0147893019 0.8906948566
76.9 282.4 1984.0 0.8843219876 0.1130368263 -0.4529870450 -0.1073806807 0.9934807420 0.0382810272 0.4543610513 0.0147893019 0.8906948566
61.7 84.7 1976.4 0.8863883615 0.0764468908 -0.4565868378 -0.0856815279 0.9963224530 0.0004788637 0.4549443424 0.0386965983 0.8896787167
-52.3 294.9 1917.7 0.2374619991 -0.7645590901 -0.5992171764 0.9606912732 0.2761689126 0.0283373389 0.1438195705 -0.5823917389 0.8000848889
-106.4 76.0 1885.0 -0.6436398625 -0.7645590901 -0.0343087204 -0.2790274918 0.2761689126 -0.9197142720 0.7126509547 -0.5823917389 -0.3910863400
206.2 269.9 2050.4 -0.1856926382 0.9186996222 -0.3485817313 -0.8047633767 0.0613580272 0.5904160142 0.5638032556 0.3901617229 0.7279421091
154.4 45.6 2207.5 0.0630993694 0.9186996222 -0.3898839056 -0.9979721904 0.0613580272 -0.0169327799 0.0083663678 0.3901617229 0.9207083583
-35.5 -105.2 1919.4 0.8116760254 0.0079735946 0.5840534568 -0.0162807368 0.9998271465 0.0089760069 -0.5838809013 -0.0167944301 0.8116655946
-38.6 -502.1 1926.1 0.8063236475 0.0933153555 0.5840671659 -0.1226861551 0.9923865199 0.0108204139 -0.5786106586 -0.0803817064 0.8116332293
127.7 -122.9 2006.8 -0.4831765294 0.2159273773 0.8484785557 0.0053150728 0.9698160887 -0.2437795699 -0.8755068183 -0.1132788360 -0.4697400331
41.9 -508.1 2051.8 -0.4826799631 -0.0330829322 0.8751717210 -0.1141048446 0.9931442142 -0.0253893007 -0.8683318496 -0.1121162400 -0.4831457436
60.3 148.3 1700.4 0 0 0 0 0 0 0 0 0
170.8 -213.3 2209.6 0 0 0 0 0 0 0 0 0
-74.3 -881.0 1956.8 0 0 0 0 0 0 0 0 0
54.6 -887.2 2094.6 0 0 0 0 0 0 0 0 0
103.1 485.5 1993.9 2 0.8860327601 0.1128774211 -0.4496716857 -0.1213806793 0.9925557971 0.0099848025 0.4474513233 0.0457345955 0.8931381106
80.3 285.7 1984.7 0.8860327601 0.1128774211 -0.4496716857 -0.1213806793 0.9925557971 0.0099848025 0.4474513233 0.0457345955 0.8931381106
62.9 88.2 1974.5 0.8880466223 0.0878304392 -0.4512860179 -0.1014400125 0.9948235750 -0.0059999060 0.4484229684 0.0511066541 0.8923591971
-49.3 300.5 1919.2 0.2388059497 -0.7613418698 -0.6027687788 0.9570527673 0.2896051407 0.0133739058 0.1643828303 -0.5800753236 0.7978038192
-104.9 77.6 1881.0 -0.6474181414 -0.7613418698 -0.0347599089 -0.2916198969 0.2896051407 -0.9116395712 0.7041360140 -0.5800753236 -0.4095180631
209.9 270.9 2050.1 -0.1911986917 0.9216467142 -0.3376541734 -0.8100736737 0.0460897982 0.5845138431 0.5542776585 0.3852830231 0.7377894521
156.6 45.0 2204.6 0.0520132780 0.9216467142 -0.3845281601 -0.9986341000 0.0460897982 -0.0246112440 -0.0049600471 0.3852830231 0.9227851033
-36.3 -102.6 1925.8 0.8081355095 0.0077061234 0.5889462233 -0.0059075360 0.9999701381 -0.0049780505 -0.5889669657 0.0005437183 0.8081569076
-39.3 -499.8 1925.6 0.8028172255 0.0931832790 0.5888984203 -0.1343171299 0.9905875921 0.0263643283 -0.5808987617 -0.1002648845 0.8077769279
127.2 -120.4 2009.9 -0.4915497601 0.2175696939 0.8432332277 0.0076635666 0.9693313241 -0.2456379831 -0.8708157539 -0.1142811179 -0.4781419635
40.7 -505.6 2055.4 -0.4899724424 -0.0413493738 0.8707566857 -0.1021989956 0.9947109222 -0.0102715483 -0.8657264709 -0.0940232351 -0.4916068316
63.1 153.3 1698.2 0 0 0 0 0 0 0 0 0
170.1 -214.2 2203.3 0 0 0 0 0 0 0 0 0
-74.9 -878.1 1963.9 0 0 0 0 0 0 0 0 0
56.5 -885.4 2091.3 0 0 0 0 0 0 0 0 0
105.3 485.8 1992.8 3 0.8928382993 0.1060715243 -0.4377083480 -0.1147849783 0.9933685064 0.0065881494 0.4355045259 0.0443601944 0.8990928531
83.8 284.5 1983.8 0.8928382993 0.1060715243 -0.4377083480 -0.1147849783 0.9933685064 0.0065881494 0.4355045259 0.0443601944 0.8990928531
66.6 86.8 1974.4 0.8943845630 0.0867209136 -0.4388116896 -0.0988366157 0.9950921535 -0.0047916844 0.4362425208 0.0476562716 0.8985662460
-46.8 298.9 1920.1 0.2596829236 -0.7481800914 -0.6105663776 0.9452025890 0.3264786899 0.0019459315 0.1978809983 -0.5776141882 0.7919626832
-106.5 81.6 1874.6 -0.6620146632 -0.7481800914 -0.0443066731 -0.3091925383 0.3264786899 -0.8932030201 0.6827419400 -0.5776141882 -0.4474653900
214.4 270.0 2047.5 -0.1818125248 0.9268668890 -0.3284234107 -0.8093037605 0.0486670993 0.5853707790 0.5585442185 0.3722220361 0.7412685752
163.7 44.3 2203.3 0.0538382642 0.9268668890 -0.3715093136 -0.9985435009 0.0486670993 -0.0232885778 -0.0035051312 0.3722220361 0.9281371236
-36.8 -98.7 1922.7 0.7998232841 0.0078310939 0.6001844406 -0.0126005597 0.9999135733 0.0037451887 -0.6001032591 -0.0105581498 0.7998528481
-39.9 -496.0 1926.9 0.7954940200 0.0834789425 0.6001837254 -0.1266226768 0.9914996028 0.0299212411 -0.5925841331 -0.0997990370 0.7993023396
126.5 -118.4 2005.3 -0.5053086877 0.2033028305 0.8386483788 -0.0029675311 0.9714365005 -0.2372809798 -0.8629335761 -0.1223888621 -0.4902720153
45.8 -504.4 2053.9 -0.5078139305 0.0124952504 0.8613761663 -0.0804919377 0.9948323369 -0.0618842356 -0.8576981425 -0.1007595137 -0.5041839480
66.5 162.4 1696.3 0 0 0 0 0 0 0 0 0
177.7 -215.0 2202.4 0 0 0 0 0 0 0 0 0
-71.8 -874.7 1965.0 0 0 0 0 0 0 0 0 0
41.0 -883.8 2092.3 0 0 0 0 0 0 0 0 0
108.2 486.6 1996.8 4 0.8759216070 0.1039355695 -0.4711249471 -0.1148580611 0.9933661222 0.0056023677 0.4685818255 0.0492052585 0.8820487261
87.1 284.9 1986.8 0.8759216070 0.1039355695 -0.4711249471 -0.1148580611 0.9933661222 0.0056023677 0.4685818255 0.0492052585 0.8820487261
69.3 87.2 1977.1 0.8771554828 0.0897411406 -0.4717465043 -0.1021920592 0.9947643876 -0.0007780422 0.4692067802 0.0488912091 0.8817338943
-40.9 299.8 1918.3 0.2885733247 -0.7310647368 -0.6182797551 0.9329785109 0.3597922325 0.0100299260 0.2151197195 -0.5797360539 0.7858941555
-107.3 85.0 1868.8 -0.6804305315 -0.7310647368 -0.0505833440 -0.3214507997 0.3597922325 -0.8759103417 0.6585466266 -0.5797360539 -0.4798149765
215.1 270.0 2055.3 -0.2061555386 0.9127240181 -0.3527531028 -0.8074775338 0.0449399464 0.5881839991 0.5527023673 0.4060975909 0.7277395129
157.7 44.8 2209.4 0.0490293913 0.9127240181 -0.4056241810 -0.9987972975 0.0449399464 -0.0196059626 0.0003338963 0.4060975909 0.9138296247
-33.0 -101.1 1924.6 0.8212808371 0.0220303796 0.5700985789 -0.0238891020 0.9997057319 -0.0042172233 -0.5700237155 -0.0101556182 0.8215654492
-41.8 -498.3 1928.7 0.8176655173 0.0769799501 0.5705236197 -0.1183276251 0.9923329353 0.0356912017 -0.5634018779 -0.0966921672 0.8205053210
131.2 -119.8 2004.8 -0.4729842246 0.2229110152 0.8524063826 -0.0019898142 0.9671935439 -0.2540328801 -0.8810686469 -0.1218496710 -0.4570237100
42.7 -504.1 2053.2 -0.4719499946 -0.0348447263 0.8809364438 -0.1079873741 0.9939794540 -0.0185367484 -0.8749868274 -0.1038784310 -0.4728713930
71.7 169.6 1695.6 0 0 0 0 0 0 0 0 0
170.4 -214.7 2209.5 0 0 0 0 0 0 0 0 0
-71.2 -877.5 1965.6 0 0 0 0 0 0 0 0 0
55.9 -883.1 2092.8 0 0 0 0 0 0 0 0 0
106.4 482.0 1982.8 5 0.8784495592 0.1252481043 -0.4611282349 -0.1287328750 0.9913879633 0.0240369588 0.4601675570 0.0382471047 0.8870078921
78.1 257.5 1974.1 0.8784495592 0.1252481043 -0.4611282349 -0.1287328750 0.9913879633 0.0240369588 0.4601675570 0.0382471047 0.8870078921
72.2 59.9 1959.3 0.8837399483 0.0296475366 -0.4670382738 -0.0608276948 0.9968020916 -0.0518225916 0.4640083313 0.0742065534 0.8827171922
-50.8 266.4 1906.3 0.2302968949 -0.6992343068 -0.6767826080 0.9418406487 0.3350755870 -0.0257000849 0.2447437197 -0.6315027475 0.7357341647
-96.2 80.6 1858.0 -0.7145961523 -0.6992343068 -0.0205837954 -0.3021663129 0.3350755870 -0.8924235702 0.6309103370 -0.6315027475 -0.4507288039
206.9 248.7 2041.9 -0.1541910172 0.9105158448 -0.3836483061 -0.8319243789 0.0898374319 0.5475683212 0.5330356359 0.4035964906 0.7436282039
164.0 17.0 2190.3 0.1093537584 0.9105158448 -0.3987513781 -0.9936752915 0.0898374319 -0.0673695952 -0.0255182814 0.4035964906 0.9145811200
-24.4 -112.8 1915.8 0.8187764287 0.0381492227 0.5728436112 -0.0405378267 0.9991410375 -0.0085975220 -0.5726795197 -0.0161823872 0.8196195960
-39.1 -497.9 1922.0 0.8143837452 0.0868816897 0.5737862587 -0.1228645146 0.9921293855 0.0241570603 -0.5671713948 -0.0901710838 0.8186487556
137.0 -127.9 2001.3 -0.4740178585 0.2429251671 0.8463417888 0.0002941230 0.9612329006 -0.2757375836 -0.8805151582 -0.1304556131 -0.4557130337
41.8 -504.4 2052.4 -0.4715679884 -0.0482668877 0.8805077672 -0.1091264114 0.9940199852 -0.0039548399 -0.8750514388 -0.0979516283 -0.4740152061
91.5 159.9 1692.3 0 0 0 0 0 0 0 0 0
192.4 -240.6 2183.7 0 0 0 0 0 0 0 0 0
-72.3 -877.0 1956.5 0 0 0 0 0 0 0 0 0
60.2 -883.8 2089.8 0 0 0 0 0 0 0 0 0
103.9 482.3 1977.3 6 0.8876962662 0.1173053160 -0.4452356398 -0.1148966476 0.9928454757 0.0325057618 0.4458632767 0.0223008376 0.8948232532
78.7 268.8 1972.5 0.8876962662 0.1173053160 -0.4452356398 -0.1148966476 0.9928454757 0.0325057618 0.4458632767 0.0223008376 0.8948232532
67.4 71.0 1961.5 0.8911186457 0.0569343157 -0.4501844049 -0.0758157298 0.9968328476 -0.0240053050 0.4473918676 0.0555226356 0.8926128745
-51.3 279.9 1907.1 0.1551739275 -0.6856458783 -0.7112038136 0.9535003901 0.2922418416 -0.0737004131 0.2583758831 -0.6666966677 0.6991118789
-85.5 69.4 1850.1 -0.7273057103 -0.6856458783 0.0302687231 -0.3131094575 0.2922418416 -0.9036355019 0.6107281446 -0.6666966677 -0.4272313714
208.7 257.7 2037.9 -0.1647027880 0.9204158187 -0.3545528948 -0.8181388974 0.0732956156 0.5703301430 0.5509280562 0.3840084970 0.7409560084
162.8 29.7 2191.4 0.0832409933 0.9204158187 -0.3819760382 -0.9964858890 0.0732956156 -0.0405418873 -0.0093182223 0.3840084970 0.9232825637
-18.5 -128.4 1904.1 0.8057288527 0.0543221459 0.5897881985 -0.0706418827 0.9974910021 0.0046327687 -0.5880567431 -0.0453965031 0.8075447083
-40.3 -527.1 1922.3 0.8011053205 0.0981693417 0.5904176831 -0.1339694411 0.9908391833 0.0170279481 -0.5833373666 -0.0927391052 0.8069182038
146.1 -142.9 1986.0 -0.4951978922 0.2549394667 0.8305329084 -0.0157663524 0.9531813264 -0.3019880354 -0.8686371446 -0.1626383066 -0.4679939151
45.0 -521.2 2050.6 -0.4939462245 -0.0352130868 0.8687791228 -0.0895773321 0.9959238768 -0.0105629051 -0.8648658991 -0.0830404237 -0.4950871170
105.5 151.7 1689.6 0 0 0 0 0 0 0 0 0
184.4 -228.8 2188.9 0 0 0 0 0 0 0 0 0
-77.8 -905.7 1957.7 0 0 0 0 0 0 0 0 0
58.4 -901.5 2082.3 0 0 0 0 0 0 0 0 0
101.5 484.5 1968.5 7 0.9042183161 0.1034448445 -0.4143529534 -0.0993368179 0.9945545793 0.0315175131 0.4153569639 0.0126617933 0.9095703959
79.8 276.2 1965.9 0.9042183161 0.1034448445 -0.4143529534 -0.0993368179 0.9945545793 0.0315175131 0.4153569639 0.0126617933 0.9095703959
66.5 78.3 1958.4 0.9061390758 0.0673814863 -0.4175783694 -0.0769437850 0.9970168471 -0.0060857818 0.4159226120 0.0376446247 0.9086205363
-52.4 287.5 1905.1 0.1289127469 -0.6704284549 -0.7306895256 0.9593887925 0.2707520127 -0.0791614279 0.2509077489 -0.6908103824 0.6781049371
-82.2 65.6 1847.1 -0.7412096262 -0.6704284549 0.0336734317 -0.2866464555 0.2707520127 -0.9189815521 0.6069942713 -0.6908103824 -0.3928599656
212.0 264.9 2026.6 -0.1514022648 0.9342446923 -0.3228997290 -0.8082163334 0.0710685924 0.5845816135 0.5690903068 0.3494797945 0.7443118691
169.9 39.6 2185.2 0.0745532289 0.9342446923 -0.3487530649 -0.9972109199 0.0710685924 -0.0227950402 0.0034892433 0.3494797945 0.9369373918
-27.4 -117.9 1910.5 0.7853703499 0.0611677133 0.6159967184 -0.0509599373 0.9981170297 -0.0341399759 -0.6169250607 -0.0045786286 0.7870085835
-51.8 -515.4 1912.3 0.7858257294 0.0004928698 0.6184477806 -0.0853544101 0.9905164242 0.1076655090 -0.6125296354 -0.1373935789 0.7784153819
137.3 -133.5 1991.0 -0.5221576691 0.2416997850 0.8178829551 -0.0077311979 0.9576200843 -0.2879305184 -0.8528138995 -0.1566683501 -0.4981600642
41.3 -513.8 2053.2 -0.5199409723 -0.0484127477 0.8528291583 -0.0893292800 0.9959999919 0.0020791313 -0.8495184779 -0.0751015916 -0.5221858621
113.6 141.3 1686.7 0 0 0 0 0 0 0 0 0
189.2 -219.3 2186.1 0 0 0 0 0 0 0 0 0
-52.0 -891.7 1964.5 0 0 0 0 0 0 0 0 0
59.8 -894.2 2081.9 0 0 0 0 0 0 0 0 0
101.4 484.0 1964.1 8 0.9071583748 0.1012828872 -0.4084182382 -0.0946835876 0.9948416352 0.0364024490 0.4099984169 0.0056477147 0.9120687246
80.5 278.6 1963.0 0.9071583748 0.1012828872 -0.4084182382 -0.0946835876 0.9948416352 0.0364024490 0.4099984169 0.0056477147 0.9120687246
65.8 80.6 1957.9 0.9086269736 0.0739955157 -0.4110008478 -0.0779954121 0.9969287515 0.0070547871 0.4102605879 0.0256460123 0.9116076827
-52.2 290.0 1903.1 0.1274339855 -0.6658544540 -0.7351179719 0.9646318555 0.2556318641 -0.0643253699 0.2307509184 -0.7009209394 0.6748806238
-82.3 61.9 1848.5 -0.7455427647 -0.6658544540 0.0283523891 -0.2636800706 0.2556318641 -0.9301210642 0.6120774746 -0.7009209394 -0.3661570549
213.1 267.1 2022.9 -0.1526497602 0.9371317625 -0.3138186038 -0.8005887866 0.0689197630 0.5952374339 0.5794442296 0.3421025276 0.7397366166
170.6 43.9 2184.5 0.0681256279 0.9371317625 -0.3422615528 -0.9975734949 0.0689197630 -0.0098562678 0.0143519649 0.3421025276 0.9395530224
-30.8 -111.6 1913.4 0.7823709846 0.0458655395 0.6211215854 -0.0306942202 0.9989123344 -0.0351000316 -0.6220558882 0.0083964020 0.7829278111
-49.0 -509.0 1910.1 0.7837228775 0.0011755482 0.6211095452 -0.0904566199 0.9895523787 0.1122662798 -0.6144884229 -0.1441691220 0.7756411433
136.0 -126.6 1988.9 -0.5285214782 0.2199362814 0.8199347854 -0.0147766639 0.9633266926 -0.2679240704 -0.8487913013 -0.1537195295 -0.5058888793
48.6 -509.3 2049.9 -0.5300157666 0.0137650818 0.8478760719 -0.0681294575 0.9959447384 -0.0587573461 -0.8452464938 -0.0889076591 -0.5269286036
116.4 132.2 1685.3 0 0 0 0 0 0 0 0 0
188.3 -215.2 2188.2 0 0 0 0 0 0 0 0 0
-49.4 -886.0 1965.0 0 0 0 0 0 0 0 0 0
43.4 -889.0 2083.8 0 0 0 0 0 0 0 0 0
100.9 485.5 1962.5 9 0.8873418570 0.1063000411 -0.4486922920 -0.1003072858 0.9942615032 0.0371817984 0.4500699043 0.0120141404 0.8929125071
79.1 281.4 1960.0 0.8873418570 0.1063000411 -0.4486922920 -0.1003072858 0.9942615032 0.0371817984 0.4500699043 0.0120141404 0.8929125071
61.5 83.6 1955.0 0.8883032203 0.0889572129 -0.4505596161 -0.0905089602 0.9957302213 0.0181507170 0.4502504468 0.0246563405 0.8925617933
-50.5 294.6 1894.3 0.1266536862 -0.6712213159 -0.7303565741 0.9766314030 0.2132643461 -0.0266357698 0.1736375242 -0.7099156380 0.6825465560
-81.1 58.7 1852.3 -0.7399097681 -0.6712213159 0.0446703546 -0.2504786551 0.2132643461 -0.9443404078 0.6243348122 -0.7099156380 -0.3259229958
208.7 268.2 2025.7 -0.1911468357 0.9221602082 -0.3362788558 -0.7954481840 0.0551941805 0.6035029292 0.5750870109 0.3828500509 0.7229804397
155.4 46.5 2186.0 0.0509993248 0.9221602082 -0.3834314048 -0.9984756112 0.0551941805 -0.0000618229 0.0211061724 0.3828500509 0.9235693812
-32.6 -109.8 1915.5 0.8099161983 0.0251267869 0.5860071778 -0.0112235192 0.9995629787 -0.0273472704 -0.5864382386 0.0155719342 0.8098442554
-42.6 -507.1 1909.3 0.8095634580 0.0424082242 0.5854985714 -0.1063129827 0.9914862514 0.0751836747 -0.5773253441 -0.1231120527 0.8071795702
134.3 -124.5 1990.3 -0.4939367771 0.2129771858 0.8430107832 -0.0236990266 0.9658797383 -0.2579043806 -0.8691747785 -0.1473669857 -0.4720361829
49.7 -508.3 2048.9 -0.4950752854 0.0109223658 0.8687814474 -0.0728291050 0.9958803058 -0.0540219396 -0.8657923341 -0.0900174975 -0.4922402501
117.3 125.8 1685.0 0 0 0 0 0 0 0 0 0
168.7 -212.9 2191.5 0 0 0 0 0 0 0 0 0
-58.7 -885.0 1956.2 0 0 0 0 0 0 0 0 0
45.5 -888.4 2083.2 0 0 0 0 0 0 0 0 0
101.9 484.5 1956.1 0 0.8823555708 0.1182115152 -0.4554938376 -0.1020862982 0.9929678440 0.0599433295 0.4593767226 -0.0063916505 0.8882185221
77.8 282.0 1957.4 0.8823555708 0.1182115152 -0.4554938376 -0.1020862982 0.9929678440 0.0599433295 0.4593767226 -0.0063916505 0.8882185221
58.4 84.3 1955.6 0.8835602403 0.0978741348 -0.4579759240 -0.0910027698 0.9951590896 0.0371065512 0.4593906701 0.0088912053 0.8881897926
-51.2 295.3 1890.3 0.1165410727 -0.6759845018 -0.7276421785 0.9818109274 0.1889762431 -0.0183108021 0.1498848945 -0.7122730613 0.6857124567
-79.3 57.9 1854.1 -0.7350571156 -0.6759845018 0.0523066148 -0.2415204793 0.1889762431 -0.9518170953 0.6335289478 -0.7122730613 -0.3021724224
206.8 268.7 2024.5 -0.2034652233 0.9192951918 -0.3368950486 -0.7838232517 0.0532527268 0.6186963916 0.5867052078 0.3899493814 0.7097298503
150.1 50.2 2188.1 0.0416173711 0.9192951918 -0.3913621902 -0.9984018207 0.0532527268 0.0189188328 0.0382330976 0.3899493814 0.9200422168
-37.8 -105.7 1909.0 0.8152357936 -0.0057602655 0.5791005492 0.0055261799 0.9999823570 0.0021671955 -0.5791028142 0.0014334385 0.8152532578
-35.5 -502.9 1908.4 0.8115078211 0.0849323049 0.5781362653 -0.1396629214 0.9888970256 0.0507635437 -0.5674058199 -0.1219392121 0.8143595457
125.1 -122.5 1991.3 -0.4867969453 0.1880572438 0.8530317545 -0.0342055112 0.9716977477 -0.2337379903 -0.8728451729 -0.1429613233 -0.4665869176
50.4 -508.4 2048.1 -0.4878215790 0.0155122969 0.8728055358 -0.0744730160 0.9954573512 -0.0593160465 -0.8697608113 -0.0939361006 -0.4844503403
118.1 122.8 1683.9 0 0 0 0 0 0 0 0 0
160.9 -209.1 2198.0 0 0 0 0 0 0 0 0 0
-67.9 -880.0 1954.9 0 0 0 0 0 0 0 0 0
44.5 -888.6 2083.9 0 0 0 0 0 0 0 0 0
103.9 482.3 1942.9 1 0.8816074133 0.1242066100 -0.4553472102 -0.0925230905 0.9915137887 0.0913226828 0.4628259242 -0.0383806266 0.8856179118
78.6 279.6 1950.8 0.8816074133 0.1242066100 -0.4553472102 -0.0925230905 0.9915137887 0.0913226828 0.4628259242 -0.0383806266 0.8856179118
57.6 82.1 1955.2 0.8826880455 0.1054375544 -0.4579789937 -0.0831791908 0.9941729903 0.0685662180 0.4625397921 -0.0224282574 0.8863148093
-50.4 291.7 1883.2 0.1167439371 -0.6764240861 -0.7272010446 0.9863550067 0.1645473391 0.0052904049 0.1160804331 -0.7178959846 0.6864041686
-78.0 58.0 1855.7 -0.7338853478 -0.6764240861 0.0621516146 -0.2328371108 0.1645473391 -0.9584941864 0.6381216049 -0.7178959846 -0.2782554924
207.5 267.4 2018.3 -0.2096749395 0.9194852114 -0.3325407207 -0.7632699609 0.0586440489 0.6434127092 0.6111099720 0.3887258470 0.6895192266
149.0 54.7 2188.7 0.0340741575 0.9194852114 -0.3916450739 -0.9969783425 0.0586440489 0.0509418920 0.0698079690 0.3887258470 0.9187051058
-42.2 -104.9 1911.8 0.8148335218 -0.0263890382 0.5790940523 0.0311935823 0.9995120168 0.0016553170 -0.5788551569 0.0167152099 0.8152590394
-31.7 -501.9 1905.1 0.8108671308 0.1046196148 0.5758031607 -0.1777286083 0.9814448953 0.0719619170 -0.5575904250 -0.1606882364 0.8144152761
119.9 -121.7 1995.9 -0.4804278314 0.1776409298 0.8588555455 -0.0251194276 0.9760836363 -0.2159391046 -0.8766744733 -0.1253171116 -0.4644755125
49.3 -509.4 2045.7 -0.4815975130 -0.0019564214 0.8763903379 -0.0987503529 0.9937502146 -0.0520472750 -0.8708112240 -0.1116096973 -0.4787808061
119.1 120.5 1684.3 0 0 0 0 0 0 0 0 0
157.9 -204.2 2206.8 0 0 0 0 0 0 0 0 0
-71.6 -876.2 1966.4 0 0 0 0 0 0 0 0 0
50.0 -889.0 2088.3 0 0 0 0 0 0 0 0 0
106.8 484.3 1936.9 2 0.8827124834 0.1252508759 -0.4529138207 -0.0865951627 0.9906741977 0.1051948145 0.4618657827 -0.0536366217 0.8853265643
81.3 282.8 1947.8 0.8827124834 0.1252508759 -0.4529138207 -0.0865951627 0.9906741977 0.1051948145 0.4618657827 -0.0536366217 0.8853265643
59.7 85.6 1956.0 0.8837727308 0.1089515239 -0.4550552368 -0.0776137114 0.9931754470 0.0870555788 0.4614345133 -0.0416188240 0.8861975074
-47.8 294.2 1880.4 0.1232150123 -0.6760877967 -0.7264456749 0.9874407053 0.1564706117 0.0218593776 0.0988885388 -0.7200154662 0.6868761182
-77.3 57.2 1856.6 -0.7340090871 -0.6760877967 0.0643112361 -0.2283166945 0.1564706117 -0.9609310031 0.6396109462 -0.7200154662 -0.2692129910
210.4 271.5 2015.1 -0.2105661333 0.9208475351 -0.3281794488 -0.7507121563 0.0627153516 0.6576458216 0.6261733770 0.3848462403 0.6780856848
151.7 62.2 2189.7 0.0307426602 0.9208475351 -0.3887090683 -0.9955853820 0.0627153516 0.0698320121 0.0886826590 0.3848462403 0.9187103510
-44.3 -107.6 1917.3 0.8121106625 -0.0414360948 0.5820303559 0.0508948341 0.9987040162 0.0000861753 -0.5812795758 0.0295523535 0.8131670952
-27.9 -504.3 1905.5 0.8033455610 0.1420720667 0.5783177614 -0.2171360850 0.9741505384 0.0623112954 -0.5545158982 -0.1756311655 0.8134284616
117.6 -122.9 2002.0 -0.4788478017 0.1685524285 0.8615653515 -0.0159226041 0.9795669317 -0.2004872710 -0.8777534962 -0.1097212583 -0.4663796723
50.6 -512.0 2045.6 -0.4813423753 0.0272102002 0.8761102557 -0.0756353438 0.9945006371 -0.0724418610 -0.8732632995 -0.1011342332 -0.4766372144
119.6 118.4 1685.0 0 0 0 0 0 0 0 0 0
159.7 -196.4 2212.8 0 0 0 0 0 0 0 0 0
-82.1 -875.9 1972.5 0 0 0 0 0 0 0 0 0
40.2 -891.8 2084.2 0 0 0 0 0 0 0 0 0
110.2 483.5 1927.8 3 0.9001967907 0.1222333536 -0.4179770052 -0.0818495676 0.9901847839 0.1132906601 0.4277223647 -0.0677726567 0.9013658762
85.5 283.1 1941.5 0.9001967907 0.1222333536 -0.4179770052 -0.0818495676 0.9901847839 0.1132906601 0.4277223647 -0.0677726567 0.9013658762
63.9 86.0 1953.1 0.9011149406 0.1090987250 -0.4196299613 -0.0739808157 0.9923210740 0.0991248116 0.4272220433 -0.0582782812 0.9022665620
-46.1 293.9 1879.2 0.1336097419 -0.6693995595 -0.7307891250 0.9864476323 0.1606905609 0.0331598110 0.0952337459 -0.7253156900 0.6817974448
-78.1 57.3 1856.3 -0.7408475280 -0.6693995595 0.0552195348 -0.2169610560 0.1606905609 -0.9628636837 0.6356672049 -0.7253156900 -0.2642808259
217.0 272.3 2003.9 -0.1868885309 0.9354066253 -0.3001452088 -0.7426221371 0.0654897019 0.6665009260 0.6431058049 0.3474558592 0.6824143529
164.9 65.2 2183.2 0.0325498953 0.9354066253 -0.3520723879 -0.9944736958 0.0654897019 0.0820555240 0.0998123959 0.3474558592 0.9323689938
-43.0 -104.5 1922.0 0.7880384922 -0.0412525944 0.6142423153 0.0578025207 0.9983026981 -0.0071112495 -0.6129063964 0.0411086902 0.7890854478
-26.6 -501.2 1905.7 0.7784089446 0.1397122145 0.6120130420 -0.2025056779 0.9786856174 0.0341461636 -0.5941977501 -0.1505157948 0.7901101708
119.1 -118.8 2006.6 -0.5069590211 0.1707298905 0.8448927999 0.0099410983 0.9812808633 -0.1923252791 -0.8619128466 -0.0891018733 -0.4991664290
51.2 -508.6 2042.0 -0.5133793354 0.0382187404 0.8573103547 -0.0899002254 0.9911156893 -0.0980183110 -0.8534398675 -0.1273929626 -0.5053824186
120.7 115.5 1685.7 0 0 0 0 0 0 0 0 0
173.4 -193.1 2209.1 0 0 0 0 0 0 0 0 0
-80.0 -874.7 1963.1 0 0 0 0 0 0 0 0 0
36.7 -887.1 2090.6 0 0 0 0 0 0 0 0 0
115.7 481.4 1923.3 4 0.9103283882 0.1292122155 -0.3932002783 -0.0890960023 0.9889242649 0.1187040657 0.4041832983 -0.0730271116 0.9117581248
89.6 281.0 1938.1 0.9103283882 0.1292122155 -0.3932002783 -0.0890960023 0.9889242649 0.1187040657 0.4041832983 -0.0730271116 0.9117581248
66.7 84.2 1951.8 0.9116852283 0.1154104695 -0.3943482041 -0.0781145245 0.9909222126 0.1094133109 0.4033958316 -0.0689461753 0.9124243855
-43.5 292.5 1879.2 0.1416778713 -0.6678454876 -0.7306913137 0.9844465852 0.1725189239 0.0331991240 0.1038862020 -0.7240301371 0.6819002628
-77.4 57.1 1854.4 -0.7428553700 -0.6678454876 0.0463501029 -0.2150748372 0.1725189239 -0.9612388015 0.6339626908 -0.7240301371 -0.2717933655
222.6 269.6 1997.0 -0.1753821522 0.9449419379 -0.2762713432 -0.7361258864 0.0604710765 0.6741379499 0.6537276506 0.3216022253 0.6849906445
173.7 64.3 2179.3 0.0272656791 0.9449419379 -0.3261002004 -0.9939095378 0.0604710765 0.0921251774 0.1067725718 0.3216022253 0.9408355951
-40.3 -104.3 1925.5 0.7715216279 -0.0292060114 0.6355323792 0.0513618849 0.9985443950 -0.0164638441 -0.6341264844 0.0453443564 0.7718986273
-28.7 -501.1 1907.5 0.7635374665 0.1238331795 0.6337790489 -0.1801297069 0.9833282232 0.0248779301 -0.6201321483 -0.1331576705 0.7731139660
124.8 -117.9 2003.8 -0.5277401805 0.1873735338 0.8284814358 0.0192569494 0.9777544141 -0.2088672370 -0.8491875529 -0.0942736045 -0.5196084976
50.4 -506.4 2041.3 -0.5360820889 0.0403635129 0.8432003260 -0.0965574384 0.9893686771 -0.1087488979 -0.8386254311 -0.1397155970 -0.5264854431
121.9 114.8 1684.3 0 0 0 0 0 0 0 0 0
180.8 -193.9 2207.0 0 0 0 0 0 0 0 0 0
-76.0 -876.5 1958.4 0 0 0 0 0 0 0 0 0
35.0 -884.3 2094.6 0 0 0 0 0 0 0 0 0
121.6 478.4 1912.0 5 0.8988881111 0.1414396912 -0.4147227705 -0.0835520327 0.9844312072 0.1546423733 0.4301386178 -0.1043552607 0.8967110515
92.7 277.0 1933.4 0.8988881111 0.1414396912 -0.4147227705 -0.0835520327 0.9844312072 0.1546423733 0.4301386178 -0.1043552607 0.8967110515
67.7 80.9 1952.6 0.9004458189 0.1252837181 -0.4165348709 -0.0720364451 0.9873501062 0.1412462294 0.4289616048 -0.0971788839 0.8980802894
-38.8 287.5 1870.8 0.1628498435 -0.6597267985 -0.7336487174 0.9834616184 0.1682761461 0.0669806674 0.0792666376 -0.7324231267 0.6762197614
-76.9 57.0 1852.2 -0.7506464124 -0.6597267985 0.0359229334 -0.1941438168 0.1682761461 -0.9664322734 0.6315363050 -0.7324231267 -0.2543977797
224.1 266.5 1996.0 -0.1984390169 0.9369134903 -0.2877761722 -0.7136621475 0.0631281883 0.6976397038 0.6717948318 0.3438138962 0.6561126113
168.8 67.6 2183.2 0.0158673506 0.9369134903 -0.3492010832 -0.9902245402 0.0631281883 0.1243793815 0.1385771483 0.3438138962 0.9287563562
-39.7 -105.5 1928.5 0.7873766422 -0.0194348805 0.6161658168 0.0464124903 0.9985350966 -0.0278134514 -0.6147226691 0.0504974537 0.7871251702
-32.0 -502.3 1908.5 0.7807203531 0.1147218496 0.6142594218 -0.1648276150 0.9859966636 0.0253458302 -0.6027500629 -0.1210349277 0.7886970043
127.4 -119.9 2002.5 -0.5036426187 0.1938065588 0.8418926001 0.0068124933 0.9753724933 -0.2204586864 -0.8638852239 -0.1052969992 -0.4925594628
50.4 -507.4 2044.3 -0.5116842389 0.0494299456 0.8577505350 -0.0977435336 0.9885131121 -0.1152735800 -0.8535956144 -0.1428232342 -0.5009751320
124.1 109.0 1683.0 0 0 0 0 0 0 0 0 0
172.9 -189.5 2219.2 0 0 0 0 0 0 0 0 0
-75.8 -878.9 1954.7 0 0 0 0 0 0 0 0 0
31.5 -885.1 2098.9 0 0 0 0 0 0 0 0 0
129.7 474.1 1900.9 6 0.8804147243 0.1640128195 -0.4449379146 -0.0822279528 0.9768711329 0.1973863989 0.4670208991 -0.1371955574 0.8735381365
96.2 274.1 1929.0 0.8804147243 0.1640128195 -0.4449379146 -0.0822279528 0.9768711329 0.1973863989 0.4670208991 -0.1371955574 0.8735381365
66.9 79.4 1954.3 0.8821931481 0.1464028656 -0.4475504756 -0.0710112005 0.9809329510 0.1809087396 0.4655025601 -0.1278153658 0.8757685423
-32.6 284.3 1861.1 0.1819451600 -0.6565398574 -0.7320186496 0.9818283319 0.1621332914 0.0986203477 0.0539364070 -0.7366601825 0.6741088033
-74.9 55.8 1848.5 -0.7535918355 -0.6565398574 0.0324772261 -0.1830411404 0.1621332914 -0.9696435928 0.6313440800 -0.7366601825 -0.2423561364
224.9 263.9 1996.9 -0.2366214544 0.9243004918 -0.2994642854 -0.6853048801 0.0597148947 0.7258039117 0.6887434125 0.3769651353 0.6192978024
159.0 73.0 2188.7 -0.0074903285 0.9243004918 -0.3815920055 -0.9846561551 0.0597148947 0.1639706939 0.1743449271 0.3769651353 0.9096708894
-39.7 -108.6 1932.6 0.8104836345 -0.0108433338 0.5856609344 0.0428833999 0.9982440472 -0.0408632383 -0.5841894746 0.0582341179 0.8095254898
-35.4 -505.3 1909.5 0.8062651753 0.1029981300 0.5825185776 -0.1590667069 0.9862054586 0.0457884558 -0.5697668791 -0.1295769364 0.8115266562
125.3 -121.7 2011.2 -0.4631693959 0.2022566944 0.8628825545 0.0174375251 0.9755028486 -0.2192945629 -0.8860982060 -0.0865240023 -0.4553499520
45.0 -509.3 2045.6 -0.4665222764 -0.0129159018 0.8844151497 -0.1327127963 0.9895964861 -0.0555530339 -0.8744965792 -0.1432899386 -0.4633828998
126.4 104.7 1679.9 0 0 0 0 0 0 0 0 0
157.0 -182.6 2234.0 0 0 0 0 0 0 0 0 0
-74.8 -882.0 1959.0 0 0 0 0 0 0 0 0 0
49.9 -886.7 2100.3 0 0 0 0 0 0 0 0 0
138.8 468.9 1887.3 7 0.8962057233 0.1817572415 -0.4046968818 -0.0946205333 0.9695436954 0.2259027064 0.4334307611 -0.1641626656 0.8861085773
101.7 270.7 1920.9 0.8962057233 0.1817572415 -0.4046968818 -0.0946205333 0.9695436954 0.2259027064 0.4334307611 -0.1641626656 0.8861085773
68.5 77.4 1951.5 0.8977805376 0.1671777219 -0.4074821174 -0.0858496502 0.9738407135 0.2103904039 0.4319952726 -0.1539022177 0.8886473775
-29.3 283.2 1857.8 0.1873388290 -0.6584186554 -0.7289643884 0.9807928801 0.1664076298 0.1017535478 0.0543087982 -0.7340254784 0.6769469380
-72.8 55.3 1845.2 -0.7522547841 -0.6584186554 0.0244475976 -0.1771743745 0.1664076298 -0.9700091481 0.6346037984 -0.7340254784 -0.2418358326
232.6 258.2 1983.9 -0.2263284028 0.9398587346 -0.2558144331 -0.6648611426 0.0428713448 0.7457357049 0.7118533254 0.3388622403 0.6151725054
169.6 72.9 2182.3 -0.0258153528 0.9398587346 -0.3405864537 -0.9803381562 0.0428713448 0.1926112473 0.1956287622 0.3388622403 0.9202726483
-43.1 -108.9 1936.9 0.7876867652 -0.0040652580 0.6160625219 0.0346016362 0.9986917377 -0.0376509055 -0.6151034236 0.0509738922 0.7867969275
-41.5 -505.8 1916.6 0.7872328162 0.0598474592 0.6137449145 -0.1087898016 0.9931473732 0.0426977947 -0.6069837809 -0.1003822908 0.7883489728
118.6 -121.8 2022.2 -0.4941614866 0.1826246828 0.8499721289 0.0277777612 0.9805048704 -0.1945213079 -0.8689262271 -0.0725146160 -0.4896006584
46.0 -511.3 2051.0 -0.4991714358 0.0102332821 0.8664427996 -0.0945715681 0.9933134913 -0.0662158877 -0.8613269329 -0.1149939373 -0.4948659539
127.9 102.6 1675.9 0 0 0 0 0 0 0 0 0
162.9 -181.6 2233.0 0 0 0 0 0 0 0 0 0
-64.3 -884.7 1954.9 0 0 0 0 0 0 0 0 0
42.1 -890.2 2094.9 0 0 0 0 0 0 0 0 0
150.0 462.5 1875.5 8 0.8916995525 0.1994250864 -0.4063269198 -0.0960757658 0.9606432319 0.2606414855 0.4423136711 -0.1933757365 0.8757650852
109.3 266.3 1915.0 0.8916995525 0.1994250864 -0.4063269198 -0.0960757658 0.9606432319 0.2606414855 0.4423136711 -0.1933757365 0.8757650852
72.9 74.5 1951.1 0.8935109973 0.1835629791 -0.4098082185 -0.0869627967 0.9660881758 0.2431278825 0.4405401349 -0.1815993637 0.8791735172
-21.1 279.0 1850.7 0.2194054425 -0.6623901725 -0.7163103819 0.9751036167 0.1730809063 0.1386214197 0.0321581848 -0.7288911343 0.6838739514
-71.5 55.1 1843.3 -0.7491167784 -0.6623901725 0.0079563353 -0.1633587778 0.1730809063 -0.9712656140 0.6419796944 -0.7288911343 -0.2378650606
239.7 253.6 1979.4 -0.2416039407 0.9382022023 -0.2477986068 -0.6394926906 0.0381245315 0.7678512931 0.7298470140 0.3439812958 0.5907624364
172.4 75.4 2182.7 -0.0426969044 0.9382022023 -0.3434437215 -0.9735707641 0.0381245315 0.2251809388 0.2243588865 0.3439812958 0.9117784500
-46.8 -108.0 1942.5 0.7920430899 -0.0129824774 0.6103271246 0.0469314903 0.9981099367 -0.0396735184 -0.6086584926 0.0600667000 0.7911553979
-41.7 -504.7 1918.6 0.7915385962 0.0646381304 0.6076911092 -0.1074946299 0.9936128259 0.0343280882 -0.6015908122 -0.0924955457 0.7934312224
117.6 -123.8 2021.6 -0.4837771952 0.1923772246 0.8537860513 0.0309889019 0.9786958694 -0.2029631138 -0.8746423721 -0.0717310384 -0.4794323146
41.1 -512.7 2050.1 -0.4837132394 -0.0355692059 0.8745034933 -0.1137054563 0.9932598472 -0.0224943310 -0.8678090572 -0.1103166193 -0.4844973385
128.7 98.7 1671.8 0 0 0 0 0 0 0 0 0
161.3 -177.3 2241.0 0 0 0 0 0 0 0 0 0
-66.4 -884.1 1953.9 0 0 0 0 0 0 0 0 0
54.7 -891.5 2092.2 0 0 0 0 0 0 0 0 0
164.4 453.1 1860.7 9 0.8774430752 0.2286790013 -0.4216628969 -0.0951847285 0.9445741177 0.3141967058 0.4701420367 -0.2355538458 0.8505767584
117.9 261.2 1908.5 0.8774430752 0.2286790013 -0.4216628969 -0.0951847285 0.9445741177 0.3141967058 0.4701420367 -0.2355538458 0.8505767584
75.5 72.6 1953.0 0.8794314265 0.2132193297 -0.4256029725 -0.0866561234 0.9508445859 0.2972966433 0.4680716693 -0.2245709002 0.8546793461
-10.5 273.7 1840.2 0.2591410875 -0.6677218080 -0.6978492141 0.9657919407 0.1719774902 0.1940867007 -0.0095815640 -0.7242729664 0.6894467473
-69.0 55.4 1842.4 -0.7440235019 -0.6677218080 -0.0240129419 -0.1227951124 0.1719774902 -0.9774175882 0.6567726731 -0.7242729664 -0.2099482715
246.3 248.7 1976.9 -0.2770432830 0.9298384190 -0.2421726137 -0.5955991745 0.0315921605 0.8026602864 0.7539951205 0.3666094542 0.5450585485
169.2 82.9 2186.7 -0.0742604956 0.9298384190 -0.3603969216 -0.9596967101 0.0315921605 0.2792564332 0.2710490823 0.3666094542 0.8900167942
-45.5 -109.3 1946.8 0.8081995249 -0.0131184058 0.5887626410 0.0515735783 0.9974874258 -0.0485701598 -0.5866461396 0.0696189776 0.8068454266
-40.3 -505.7 1919.1 0.8068568707 0.0775401667 0.5856359601 -0.1203793585 0.9921286106 0.0344908722 -0.5783517957 -0.0983276814 0.8098400235
118.3 -125.2 2027.5 -0.4539137185 0.1983588636 0.8686864376 0.0287689213 0.9776609540 -0.2082099020 -0.8905810714 -0.0695181638 -0.4494802952
39.5 -513.7 2055.2 -0.4546029866 -0.0199289266 0.8904712200 -0.0852673948 0.9961317182 -0.0212370437 -0.8866034150 -0.0855825841 -0.4545437396
128.8 88.1 1667.7 0 0 0 0 0 0 0 0 0
149.9 -165.9 2257.0 0 0 0 0 0 0 0 0 0
-69.9 -884.6 1956.7 0 0 0 0 0 0 0 0 0
47.1 -893.9 2087.8 0 0 0 0 0 0 0 0 0
180.2 438.9 1843.7 0 0.8802490234 0.2623063922 -0.3954201043 -0.1128345877 0.9251244664 0.3625094295 0.4609013498 -0.2744815052 0.8439370990
127.0 251.4 1899.4 0.8802490234 0.2623063922 -0.3954201043 -0.1128345877 0.9251244664 0.3625094295 0.4609013498 -0.2744815052 0.8439370990
78.5 66.6 1952.0 0.8832847476 0.2449354231 -0.3997683227 -0.1017171592 0.9324870706 0.3465854824 0.4576698542 -0.2654703856 0.8485656977
-1.9 266.2 1832.5 0.2959535718 -0.6737044454 -0.6771512628 0.9544366598 0.1801906675 0.2378696054 -0.0382374674 -0.7166963816 0.6963362694
-67.4 55.1 1840.9 -0.7371420860 -0.6737044454 -0.0523819104 -0.0951135308 0.1801906675 -0.9790223241 0.6690104008 -0.7166963816 -0.1969045401
256.0 236.6 1966.2 -0.2857789993 0.9365394115 -0.2030376047 -0.5544589162 0.0112137208 0.8321355581 0.7816045284 0.3503828943 0.5160679817
176.4 82.3 2183.7 -0.1049142405 0.9365394115 -0.3344950080 -0.9447132349 0.0112137208 0.3277058303 0.3106603622 0.3503828943 0.8835847378
-47.5 -108.1 1954.5 0.7999980450 -0.0132392906 0.5998565555 0.0596143343 0.9965634942 -0.0575096756 -0.5970337391 0.0817676708 0.7980380654
-42.3 -504.1 1922.0 0.8012496233 0.0627505332 0.5950306058 -0.1141049191 0.9922591448 0.0490087904 -0.5873492360 -0.1071641892 0.8022074103
113.7 -123.8 2040.3 -0.4578465223 0.1902650297 0.8684329391 0.0549028032 0.9810172915 -0.1859858334 -0.8873343468 -0.0374735631 -0.4596014321
38.1 -513.4 2055.2 -0.4611408114 -0.0084292535 0.8872869611 -0.0841488987 0.9958636165 -0.0342731327 -0.8833278418 -0.0904689580 -0.4599426687
127.1 80.2 1664.4 0 0 0 0 0 0 0 0 0
149.3 -162.6 2264.3 0 0 0 0 0 0 0 0 0
-66.2 -883.1 1963.0 0 0 0 0 0 0 0 0 0
41.3 -893.7 2089.7 0 0 0 0 0 0 0 0 0
197.4 425.0 1830.7 1 0.8665841818 0.2970976532 -0.4009548724 -0.1191366091 0.9034031034 0.4119093120 0.4846011698 -0.3091856837 0.8182700872
137.2 242.0 1893.3 0.8665841818 0.2970976532 -0.4009548724 -0.1191366091 0.9034031034 0.4119093120 0.4846011698 -0.3091856837 0.8182700872
82.0 61.1 1952.6 0.8702743649 0.2780565619 -0.4065797031 -0.1074842662 0.9127401114 0.3941480219 0.4806970358 -0.2993159890 0.8242210150
10.2 257.6 1823.1 0.3528521359 -0.6709631085 -0.6521532536 0.9329175949 0.1987699270 0.3002586663 -0.0718340203 -0.7143521905 0.6960896850
-66.5 55.0 1838.7 -0.7345013022 -0.6709631085 -0.1015693322 -0.0462018624 0.1987699270 -0.9789565206 0.6770326495 -0.7143521905 -0.1769965291
264.3 226.5 1963.6 -0.3185135126 0.9290414453 -0.1882315278 -0.5117869377 -0.0013984534 0.8591112494 0.7978867888 0.3699729741 0.4759167135
175.7 84.1 2185.6 -0.1398497969 0.9290414453 -0.3425258994 -0.9271274805 -0.0013984534 0.3747435212 0.3476732671 0.3699729741 0.8615354300
-51.0 -109.0 1962.6 0.8135921359 -0.0115283253 0.5813217163 0.0616836622 0.9958725572 -0.0665803403 -0.5781548023 0.0900272876 0.8109452128
