36.2 434.4 2186.1 5 0.6714365482 0.1873444617 -0.7169902921 -0.1730683446 0.9804042578 0.0941001624 0.7205694318 0.0609060302 0.6907026172
-1.4 238.0 2173.9 0.6714365482 0.1873444617 -0.7169902921 -0.1730683446 0.9804042578 0.0941001624 0.7205694318 0.0609060302 0.6907026172
-36.1 45.5 2162.8 0.6732666492 0.1772306859 -0.7178449035 -0.1632145643 0.9825227857 0.0894988105 0.7211608887 0.0569061711 0.6904264688
-97.3 261.2 2071.1 0.3188100755 -0.0380025804 -0.9470564723 0.9400604963 0.1402605325 0.3108267486 0.1210224330 -0.9893850684 0.0804411992
-177.0 26.3 2040.9 -0.4579967856 -0.0380025804 -0.8881411552 0.8775396943 0.1402605325 -0.4585314095 0.1419965327 -0.9893850684 -0.0308901016
94.5 214.7 2276.6 -0.1267003119 0.6496639848 -0.7495890856 -0.9847505093 0.0084442357 0.1737673581 0.1192201003 0.7601745725 0.6386870742
63.9 -23.1 2305.4 0.6648884416 0.6496639848 0.3685920835 0.4785070717 0.0084442357 -0.8780431151 -0.5735454559 0.7601745725 -0.3052543402
-137.5 -129.9 2085.7 0.6710195541 0.0017230255 -0.7414376736 -0.0576471984 0.9970914125 -0.0498550087 0.7391952276 0.0761954859 0.6691671610
-138.2 -520.4 2055.8 0.6629959941 0.2350041717 -0.7107807994 -0.0925197303 0.9678937197 0.2337131947 0.7428838015 -0.0891896710 0.6634522080
-14.5 -160.6 2214.4 0.6341191530 -0.0128670344 -0.7731282711 0.0200152900 0.9997996688 -0.0002229614 0.7729762793 -0.0153330024 0.6342496276
-9.5 -552.3 2220.4 0.6372722983 0.0528234132 -0.7688261867 0.0662218779 0.9902041554 0.1229241863 0.7677881718 -0.1292492896 0.6275316477
-59.3 -199.2 2004.4 0 0 0 0 0 0 0 0 0
251.1 111.7 2143.9 0 0 0 0 0 0 0 0 0
-226.7 -885.0 2089.4 0 0 0 0 0 0 0 0 0
-29.4 -925.2 2269.0 0 0 0 0 0 0 0 0 0
39.1 432.4 2186.2 6 0.6770920157 0.1942765415 -0.7097908854 -0.1778920144 0.9791279435 0.0982998461 0.7140734196 0.0597080886 0.6975199580
0.2 236.6 2174.2 0.6770920157 0.1942765415 -0.7097908854 -0.1778920144 0.9791279435 0.0982998461 0.7140734196 0.0597080886 0.6975199580
-35.6 44.3 2163.6 0.6793452501 0.1830595732 -0.7106189132 -0.1661835015 0.9816045761 0.0939971432 0.7147538662 0.0542366281 0.6972699165
-96.6 260.3 2072.4 0.3183941543 -0.0305034015 -0.9474675059 0.9392639399 0.1452087164 0.3109624088 0.1280951351 -0.9889307022 0.0748843476
-176.0 25.8 2040.4 -0.4547667801 -0.0305034015 -0.8900880218 0.8790389895 0.1452087164 -0.4540978670 0.1431000680 -0.9889307022 -0.0392224155
97.0 212.9 2276.1 -0.1403055489 0.6199805140 -0.7719705701 -0.9817423820 0.0140276290 0.1896973550 0.1284375787 0.7844917774 0.6066929698
62.8 -26.6 2307.4 0.6762456894 0.6199805140 0.3978894055 0.4974784553 0.0140276290 -0.8673629165 -0.5433295369 0.7844917774 -0.2989408374
-131.7 -132.1 2086.4 0.6776924729 0.0216805954 -0.7350257635 -0.0706513301 0.9968607426 -0.0357366279 0.7319434881 0.0761489943 0.6770967841
-140.2 -522.6 2056.6 0.6738396883 0.2244647443 -0.7039571404 -0.0877723694 0.9703098536 0.2253771275 0.7336457372 -0.0900800750 0.6735351086
-10.0 -161.6 2216.8 0.6417385936 -0.0006194781 -0.7669231892 0.0052924794 0.9999794364 0.0036208623 0.7669051886 -0.0063825725 0.6417286992
-9.8 -553.3 2219.3 0.6464387178 0.0458442569 -0.7615873814 0.0737201348 0.9897695780 0.1221538112 0.7593960166 -0.1351092756 0.6364457011
-59.2 -200.1 2003.6 0 0 0 0 0 0 0 0 0
253.1 113.4 2154.5 0 0 0 0 0 0 0 0 0
-224.7 -888.0 2090.5 0 0 0 0 0 0 0 0 0
-27.0 -926.1 2270.2 0 0 0 0 0 0 0 0 0
40.9 431.1 2186.2 7 0.6654793024 0.1977288723 -0.7197503448 -0.1776187420 0.9785253406 0.1045933738 0.7249750495 0.0582364202 0.6863087416
1.5 236.0 2174.6 0.6654793024 0.1977288723 -0.7197503448 -0.1776187420 0.9785253406 0.1045933738 0.7249750495 0.0582364202 0.6863087416
-36.2 44.1 2164.6 0.6671869159 0.1924779415 -0.7195928693 -0.1690482646 0.9799576402 0.1053837985 0.7254545689 0.0513352379 0.6863529682
-93.6 260.1 2071.2 0.3258400857 -0.0288122185 -0.9449857473 0.9368451834 0.1441933811 0.3186367452 0.1270800531 -0.9891299605 0.0739765689
-175.4 24.9 2039.3 -0.4521968365 -0.0288122185 -0.8914526701 0.8806149364 0.1441933811 -0.4513597190 0.1415462494 -0.9891299605 -0.0398313217
96.6 211.9 2278.0 -0.1303418577 0.6026658416 -0.7872768641 -0.9808163643 0.0377102010 0.1912517399 0.1449492574 0.7971021533 0.5861892700
64.9 -26.1 2313.2 0.6787917614 0.6026658416 0.4195660055 0.5009632111 0.0377102010 -0.8646466136 -0.5369148850 0.7971021533 -0.2763160467
-132.9 -132.9 2088.4 0.6662347317 0.0156280641 -0.7455782890 -0.0754208490 0.9960662127 -0.0465161167 0.7419184446 0.0872228071 0.6647926569
-139.0 -523.0 2054.3 0.6665172577 0.2277608216 -0.7098448873 -0.0742228031 0.9677292705 0.2408132404 0.7417855263 -0.1078194976 0.6619133353
-10.1 -162.9 2217.6 0.6306123734 -0.0019163686 -0.7760955691 0.0010776870 0.9999981523 -0.0015935695 0.7760971785 0.0001685365 0.6306132674
-9.3 -554.6 2217.5 0.6380383968 0.0499686524 -0.7683815360 0.0932609886 0.9855310321 0.1415309310 0.7643359303 -0.1619621813 0.6241465211
-59.2 -201.5 2003.0 0 0 0 0 0 0 0 0 0
256.1 115.0 2162.0 0 0 0 0 0 0 0 0 0
-224.8 -887.4 2094.9 0 0 0 0 0 0 0 0 0
-28.1 -925.7 2278.5 0 0 0 0 0 0 0 0 0
45.3 431.7 2179.8 8 0.6669107080 0.2123492062 -0.7142394185 -0.1765500605 0.9762706161 0.1254021823 0.7239200473 0.0424669646 0.6885755658
2.9 236.6 2171.3 0.6669107080 0.2123492062 -0.7142394185 -0.1765500605 0.9762706161 0.1254021823 0.7239200473 0.0424669646 0.6885755658
-36.2 44.9 2163.7 0.6693905592 0.1991719604 -0.7157142162 -0.1647662371 0.9792011380 0.1183942631 0.7244089842 0.0386735424 0.6882848144
-92.5 260.1 2068.0 0.3287553191 -0.0406851247 -0.9435383677 0.9370350838 0.1387067884 0.3205083907 0.1178352609 -0.9894974232 0.0837239847
-175.0 25.0 2038.5 -0.4467832446 -0.0406851247 -0.8937166333 0.8832710385 0.1387067884 -0.4478757381 0.1421864480 -0.9894974232 -0.0260358788
98.2 213.2 2274.5 -0.1208035871 0.5891785026 -0.7989212275 -0.9736524224 0.0864817947 0.2110019326 0.1934099495 0.8033614159 0.5632078052
68.8 -24.3 2321.7 0.6719312072 0.5891785026 0.4487506449 0.4997512102 0.0864817947 -0.8618408442 -0.5465868711 0.8033614159 -0.2363328487
-134.2 -132.6 2088.9 0.6690192223 0.0101561761 -0.7431756854 -0.0777906328 0.9953716397 -0.0564257689 0.7391629815 0.0955620334 0.6667128205
-138.2 -522.4 2051.5 0.6731178164 0.2293177843 -0.7030830383 -0.0609881394 0.9646838903 0.2562527657 0.7370161414 -0.1296085715 0.6633315682
-13.6 -163.1 2220.1 0.6341778636 -0.0105006993 -0.7731158733 0.0043607783 0.9999404550 -0.0100044059 0.7731748819 0.0029731859 0.6341859102
-9.5 -554.8 2218.9 0.6393454075 0.0463410020 -0.7675219178 0.0776188597 0.9891939163 0.1243814602 0.7649919987 -0.1390968859 0.6288396716
-60.2 -202.0 2001.9 0 0 0 0 0 0 0 0 0
258.0 116.4 2167.7 0 0 0 0 0 0 0 0 0
-224.5 -885.6 2100.3 0 0 0 0 0 0 0 0 0
-26.9 -927.2 2271.3 0 0 0 0 0 0 0 0 0
49.0 433.7 2182.5 9 0.6471415162 0.2152992189 -0.7313371897 -0.1802449077 0.9753066301 0.1276275665 0.7407560945 0.0492267124 0.6699680090
5.9 238.7 2172.7 0.6471415162 0.2152992189 -0.7313371897 -0.1802449077 0.9753066301 0.1276275665 0.7407560945 0.0492267124 0.6699680090
-34.0 47.1 2164.2 0.6497766376 0.2036554962 -0.7323351502 -0.1679586768 0.9780936241 0.1229744554 0.7413367629 0.0430961251 0.6697480679
-86.7 262.6 2067.1 0.3391856253 -0.0303587355 -0.9402294755 0.9332987070 0.1361522824 0.3322891891 0.1179265082 -0.9902226329 0.0745146647
-173.7 23.2 2036.8 -0.4411031306 -0.0303587355 -0.8969427943 0.8871674538 0.1361522824 -0.4409041107 0.1355060935 -0.9902226329 -0.0331239142
98.5 214.7 2278.3 -0.1155773029 0.5550366044 -0.8237574100 -0.9758816361 0.0911705121 0.1983505636 0.1851942092 0.8268145323 0.5311127901
70.8 -19.3 2322.7 0.7017513514 0.5550366044 0.4466311634 0.4823729694 0.0911705121 -0.8712084889 -0.5242722034 0.8268145323 -0.2037556320
-135.7 -132.0 2090.6 0.6495442986 0.0090423627 -0.7602699995 -0.0789301097 0.9953286052 -0.0555966720 0.7562157512 0.0961206928 0.6472237706
-139.2 -521.9 2053.0 0.6556707025 0.2218332589 -0.7217242718 -0.0532506146 0.9670724869 0.2488678396 0.7531668544 -0.1247430816 0.6458938122
-14.7 -161.8 2221.6 0.6142863035 -0.0128878830 -0.7889779806 0.0018043688 0.9998869300 -0.0149282077 0.7890811563 0.0077465866 0.6142401099
-9.6 -553.4 2218.6 0.6202294827 0.0479911827 -0.7829509377 0.0823347047 0.9886303544 0.1258213520 0.7800874114 -0.1425021589 0.6092263460
-60.3 -204.9 2002.0 0 0 0 0 0 0 0 0 0
268.3 116.5 2175.1 0 0 0 0 0 0 0 0 0
-222.7 -886.0 2100.0 0 0 0 0 0 0 0 0 0
-27.7 -925.7 2272.2 0 0 0 0 0 0 0 0 0
53.4 433.3 2177.9 0 0.6413665414 0.2210888416 -0.7346895337 -0.1732200980 0.9745835066 0.1420626789 0.7474247813 0.0361487381 0.6633622646
9.0 237.7 2170.6 0.6413665414 0.2210888416 -0.7346895337 -0.1732200980 0.9745835066 0.1420626789 0.7474247813 0.0361487381 0.6633622646
-31.5 46.2 2164.2 0.6439511180 0.2068528831 -0.7365723848 -0.1614285111 0.9778169394 0.1334725320 0.7478421330 0.0329540037 0.6630582213
-82.7 260.7 2064.1 0.3575088084 -0.0422848463 -0.9329519868 0.9279009700 0.1292216927 0.3497164249 0.1057699323 -0.9907137752 0.0854340419
-172.9 26.5 2037.4 -0.4237665832 -0.0422848463 -0.9047839046 0.8956677914 0.1292216927 -0.4255360961 0.1349114329 -0.9907137752 -0.0168866608
100.8 214.7 2277.2 -0.1206139699 0.5167380571 -0.8476049304 -0.9731445909 0.1070923209 0.2037665248 0.1960659027 0.8494192362 0.4899440110
72.3 -15.2 2323.5 0.7267094851 0.5167380571 0.4526313543 0.4696687162 0.1070923209 -0.8763232827 -0.5013028979 0.8494192362 -0.1648706943
-132.6 -129.3 2088.8 0.6438135505 0.0151927667 -0.7650315762 -0.0810361952 0.9955340624 -0.0484258272 0.7608792186 0.0931724533 0.6421694756
-138.5 -519.2 2052.3 0.6496067047 0.2151418328 -0.7291948199 -0.0559179373 0.9700482488 0.2363885194 0.7582112551 -0.1127844974 0.6421801448
-15.1 -159.6 2222.8 0.6088106036 -0.0142832752 -0.7931870222 0.0026460532 0.9998689294 -0.0159741119 0.7933111787 0.0076263933 0.6087685823
-9.5 -551.3 2219.8 0.6138811707 0.0493243150 -0.7878559232 0.0733393803 0.9901657701 0.1191346124 0.7859842181 -0.1309153736 0.6042267084
-64.1 -203.6 2002.7 0 0 0 0 0 0 0 0 0
276.8 117.0 2182.4 0 0 0 0 0 0 0 0 0
-219.5 -884.5 2094.8 0 0 0 0 0 0 0 0 0
-28.1 -924.2 2269.1 0 0 0 0 0 0 0 0 0
57.2 430.9 2170.1 1 0.6551526785 0.2285669893 -0.7200917006 -0.1661724895 0.9733918905 0.1577811390 0.7369950414 0.0162886959 0.6757018566
11.2 235.1 2166.8 0.6551526785 0.2285669893 -0.7200917006 -0.1661724895 0.9733918905 0.1577811390 0.7369950414 0.0162886959 0.6757018566
-30.6 43.8 2164.1 0.6578372717 0.2133637965 -0.7223060131 -0.1543252021 0.9768710136 0.1480093300 0.7371796370 0.0141039584 0.6755495667
-82.5 257.1 2061.8 0.3633351624 -0.0293194465 -0.9311970472 0.9255095124 0.1260037422 0.3571486771 0.1068629101 -0.9915964007 0.0729170144
-173.0 26.7 2035.2 -0.4236895144 -0.0293194465 -0.9053328633 0.8969305754 0.1260037422 -0.4238379598 0.1265020221 -0.9915964007 -0.0270889550
104.9 213.1 2271.8 -0.1377812922 0.4631233215 -0.8755187392 -0.9646207690 0.1378582716 0.2247262895 0.2247734815 0.8755066395 0.4277440906
72.4 -14.9 2325.0 0.7448977232 0.4631233215 0.4802542627 0.4747288823 0.1378582716 -0.8692684174 -0.4687854946 0.8755066395 -0.1171677187
-130.2 -130.7 2090.1 0.6581825614 0.0198066533 -0.7525978088 -0.0859888643 0.9950897694 -0.0490128621 0.7479315996 0.0969744399 0.6566538811
-138.0 -520.5 2052.1 0.6627493501 0.2234131545 -0.7147376537 -0.0667756349 0.9682875276 0.2407494187 0.7458581328 -0.1118294522 0.6566504836
-13.8 -159.9 2225.3 0.6247839332 -0.0096528474 -0.7807380557 -0.0094366847 0.9997571707 -0.0199124310 0.7807406783 0.0198085457 0.6245411038
-10.0 -551.5 2217.5 0.6312894821 0.0417239368 -0.7744241357 0.0818317011 0.9893940091 0.1200129241 0.7712180018 -0.1391353458 0.6211796999
-64.1 -203.8 2002.7 0 0 0 0 0 0 0 0 0
282.0 118.7 2193.1 0 0 0 0 0 0 0 0 0
-222.1 -885.2 2094.3 0 0 0 0 0 0 0 0 0
-25.7 -924.1 2269.9 0 0 0 0 0 0 0 0 0
60.3 428.2 2159.2 2 0.6852169633 0.2381520718 -0.6883031726 -0.1593911052 0.9711560607 0.1773424000 0.7106842995 -0.0118086198 0.7034119368
12.4 233.1 2161.6 0.6852169633 0.2381520718 -0.6883031726 -0.1593911052 0.9711560607 0.1773424000 0.7106842995 -0.0118086198 0.7034119368
-29.5 41.8 2163.5 0.6887480021 0.2144743502 -0.6925510764 -0.1441957057 0.9766815305 0.1590621024 0.7105165720 -0.0096908165 0.7036137581
-85.7 253.7 2060.4 0.3344286084 -0.0173598658 -0.9422611594 0.9359247684 0.1233113483 0.3299078345 0.1104643419 -0.9922161698 0.0574863702
-169.8 18.3 2032.6 -0.4270921052 -0.0173598658 -0.9040414691 0.8963604569 0.1233113483 -0.4258312881 0.1188709438 -0.9922161698 -0.0371046066
110.5 212.5 2262.7 -0.1619669348 0.4060812593 -0.8993690610 -0.9507552981 0.1798486412 0.2524259388 0.2642557323 0.8959645629 0.3569543660
71.6 -15.6 2326.1 0.7579913139 0.4060812593 0.5104382634 0.4813519716 0.1798486412 -0.8578780293 -0.4401698112 0.8959645629 -0.0591443144
-131.8 -133.5 2094.7 0.6891733408 0.0193945225 -0.7243369222 -0.0951265991 0.9934115410 -0.0639094487 0.7183251977 0.1129483953 0.6864776611
-139.4 -522.6 2050.4 0.6951190233 0.2196092904 -0.6845300198 -0.0699698925 0.9683446288 0.2396097779 0.7154815197 -0.1186608225 0.6884807944
-12.9 -161.4 2227.9 0.6578010917 -0.0101440446 -0.7531233430 -0.0099381404 0.9997053742 -0.0221456103 0.7531260848 0.0220520534 0.6575064659
-8.9 -553.0 2219.3 0.6646053791 0.0635450184 -0.7444875836 0.0657618046 0.9875361323 0.1429958642 0.7442950606 -0.1439946592 0.6521429420
-60.0 -212.1 2002.1 0 0 0 0 0 0 0 0 0
284.9 119.9 2202.2 0 0 0 0 0 0 0 0 0
-222.1 -887.3 2095.1 0 0 0 0 0 0 0 0 0
-32.8 -924.9 2273.5 0 0 0 0 0 0 0 0 0
66.8 426.3 2153.7 3 0.6748985052 0.2573839128 -0.6915674806 -0.1590614915 0.9659077525 0.2042587996 0.7205632925 -0.0278522111 0.6928295493
15.1 232.3 2159.3 0.6748985052 0.2573839128 -0.6915674806 -0.1590614915 0.9659077525 0.2042587996 0.7205632925 -0.0278522111 0.6928295493
-30.0 41.9 2163.8 0.6787492037 0.2305217087 -0.6972512007 -0.1437607110 0.9727935791 0.1816742122 0.7201613784 -0.0230738968 0.6934227943
-81.6 252.8 2056.8 0.3298425376 -0.0108003989 -0.9439741969 0.9387513399 0.1094077751 0.3267658055 0.0997489095 -0.9939382672 0.0462262258
-167.2 9.3 2030.9 -0.4269701540 -0.0108003989 -0.9042012095 0.8983204365 0.1094077751 -0.4255000651 0.1035222113 -0.9939382672 -0.0370116346
111.8 211.8 2261.9 -0.1624320596 0.3651397824 -0.9166726470 -0.9475463033 0.2014452666 0.2481448203 0.2752669156 0.9088964462 0.3132656813
72.5 -17.4 2328.5 0.7588509917 0.3651397824 0.5392755270 0.5011438727 0.2014452666 -0.8415905237 -0.4159326851 0.9088964462 -0.0301206168
-133.6 -136.4 2101.2 0.6796752214 0.0138814077 -0.7333818674 -0.1036192402 0.9916116595 -0.0772618800 0.7261574864 0.1285054535 0.6754122376
-139.0 -524.7 2050.9 0.6866967678 0.2253629714 -0.6911288500 -0.0748150870 0.9675930738 0.2411769927 0.7230838537 -0.1139085963 0.6813036203
-9.2 -162.5 2229.5 0.6495462656 -0.0039739194 -0.7603116632 -0.0173708387 0.9996477365 -0.0200650413 0.7601236105 0.0262404252 0.6492484808
-7.6 -554.0 2219.2 0.6573582292 0.0846192911 -0.7488122582 0.0538500659 0.9858604074 0.1586800963 0.7516517639 -0.1446332484 0.6435067058
-57.4 -221.6 2004.3 0 0 0 0 0 0 0 0 0
286.1 123.6 2211.4 0 0 0 0 0 0 0 0 0
-223.9 -889.1 2093.8 0 0 0 0 0 0 0 0 0
-39.5 -925.2 2273.7 0 0 0 0 0 0 0 0 0
73.0 424.9 2145.0 4 0.6783798933 0.2736953199 -0.6818295717 -0.1583614498 0.9606800079 0.2280692905 0.7174415588 -0.0467421003 0.6950488091
18.2 232.7 2154.4 0.6783798933 0.2736953199 -0.6818295717 -0.1583614498 0.9606800079 0.2280692905 0.7174415588 -0.0467421003 0.6950488091
-31.0 43.5 2162.6 0.6816611886 0.2517094910 -0.6870082617 -0.1463232636 0.9668915272 0.2090700865 0.7168874145 -0.0419896729 0.6959233880
-78.9 253.6 2052.2 0.3259133697 -0.0056411079 -0.9453828335 0.9412109256 0.0959640518 0.3239025474 0.0888955966 -0.9953688383 0.0365854390
-164.8 5.7 2028.8 -0.4150013924 -0.0056411079 -0.9098032713 0.9053939581 0.0959640518 -0.4135851264 0.0896414891 -0.9953688383 -0.0347177908
115.3 211.9 2256.5 -0.1774172485 0.3233098090 -0.9295127392 -0.9350853562 0.2390815020 0.2616399527 0.3068200648 0.9155931473 0.2599050701
71.8 -17.5 2331.7 0.7674590945 0.3233098090 0.5536039472 0.4997967780 0.2390815020 -0.8324921727 -0.4015093446 0.9155931473 0.0218960773
-136.4 -135.6 2103.3 0.6836276054 0.0125018377 -0.7297239304 -0.1019669548 0.9916828275 -0.0785359517 0.7226728797 0.1280970722 0.6792165041
-141.3 -524.0 2053.1 0.6901487112 0.2164821476 -0.6905289292 -0.0740515739 0.9703246355 0.2301878333 0.7198687792 -0.1077290922 0.6856991649
-13.8 -161.6 2233.4 0.6555873752 -0.0118075442 -0.7550269961 -0.0231347922 0.9990943074 -0.0357122682 0.7547648549 0.0408799052 0.6547204256
-9.2 -552.9 2217.4 0.6660532355 0.0800995678 -0.7415909767 0.0695087463 0.9832260013 0.1686273366 0.7426584959 -0.1638618410 0.6493132710
-58.1 -227.0 2005.8 0 0 0 0 0 0 0 0 0
287.9 123.2 2218.7 0 0 0 0 0 0 0 0 0
-222.9 -889.5 2093.7 0 0 0 0 0 0 0 0 0
-39.3 -923.1 2279.1 0 0 0 0 0 0 0 0 0
79.1 423.6 2140.1 5 0.6995712519 0.2811376154 -0.6569336057 -0.1666429192 0.9581890106 0.2326024771 0.6948598623 -0.0532486662 0.7171710730
22.6 230.9 2150.8 0.6995712519 0.2811376154 -0.6569336057 -0.1666429192 0.9581890106 0.2326024771 0.6948598623 -0.0532486662 0.7171710730
-28.8 42.2 2160.9 0.7029146552 0.2627509832 -0.6609636545 -0.1548297703 0.9635066986 0.2183633298 0.6942180991 -0.0511539318 0.7179446816
-77.5 252.9 2052.0 0.3269124627 0.0024088831 -0.9450515509 0.9408226013 0.0937011018 0.3256884217 0.0893369168 -0.9955974817 0.0283657275
-163.6 5.2 2028.4 -0.4025025070 0.0024088831 -0.9154157043 0.9114816785 0.0937011018 -0.4005261958 0.0848106444 -0.9955974817 -0.0399105847
122.7 208.8 2249.7 -0.2056704015 0.2812297344 -0.9373417497 -0.9208415151 0.2686294615 0.2826465666 0.3312862217 0.9212752581 0.2037189007
71.8 -18.9 2331.6 0.7679866552 0.2812297344 0.5754184127 0.5126451254 0.2686294615 -0.8154956698 -0.3839159608 0.9212752581 0.0621327795
-141.9 -132.6 2106.0 0.7058447003 -0.0045896741 -0.7083517313 -0.0948624313 0.9903593063 -0.1009435952 0.7019860148 0.1384464800 0.6986044645
-140.1 -520.4 2051.8 0.7091796994 0.2256723195 -0.6679342389 -0.0808952600 0.9671763778 0.2408854812 0.7003713846 -0.1167983711 0.7041576505
-18.7 -159.0 2235.6 0.6796307564 -0.0205875970 -0.7332653999 -0.0229566284 0.9985195398 -0.0493124984 0.7331950665 0.0503475927 0.6781519651
-10.6 -550.1 2215.9 0.6904874444 0.0606236123 -0.7207995057 0.0856362209 0.9826225638 0.1646794528 0.7182573080 -0.1754356325 0.6732969284
-60.2 -229.1 2006.6 0 0 0 0 0 0 0 0 0
288.1 125.4 2223.5 0 0 0 0 0 0 0 0 0
-225.1 -884.7 2095.8 0 0 0 0 0 0 0 0 0
-33.4 -920.1 2281.9 0 0 0 0 0 0 0 0 0
88.9 421.9 2132.2 6 0.6949263215 0.3030894697 -0.6520844698 -0.1684557796 0.9502140880 0.2621371150 0.6990708113 -0.0723185837 0.7113859653
28.0 231.0 2146.7 0.6949263215 0.3030894697 -0.6520844698 -0.1684557796 0.9502140880 0.2621371150 0.6990708113 -0.0723185837 0.7113859653
-27.7 43.9 2160.1 0.6981755495 0.2847057283 -0.6568816900 -0.1579176039 0.9561700225 0.2465784699 0.6982928514 -0.0684218854 0.7125346065
-71.4 253.5 2047.2 0.3453637958 -0.0097034136 -0.9384187460 0.9351858497 0.0871263742 0.3432731032 0.0784301013 -0.9961500168 0.0391647890
-163.5 4.2 2026.3 -0.3875827789 -0.0097034136 -0.9217838049 0.9179937243 0.0871263742 -0.3869063258 0.0840659961 -0.9961500168 -0.0248610098
127.5 208.5 2246.2 -0.2215632647 0.2548316121 -0.9412600994 -0.9125383496 0.2861067057 0.2922613919 0.3437782824 0.9236903191 0.1691528708
72.1 -19.8 2332.2 0.7677201629 0.2548316121 0.5879341960 0.5209237337 0.2861067057 -0.8042272329 -0.3731544316 0.9236903191 0.0869020745
-143.7 -132.4 2108.2 0.7024916410 -0.0042960308 -0.7116790414 -0.0931418389 0.9908260107 -0.0979205221 0.7055707574 0.1350754499 0.6956468225
-142.0 -520.5 2055.3 0.7038481236 0.2075012922 -0.6793681383 -0.0868432149 0.9743460417 0.2076247334 0.7050220370 -0.0871377736 0.7038117051
-16.7 -160.4 2233.7 0.6777794361 -0.0155778872 -0.7351002693 -0.0152992597 0.9992603064 -0.0352821089 0.7351061106 0.0351599753 0.6770397425
-10.6 -551.8 2219.9 0.6859385371 0.0689845085 -0.7243821621 0.0672292188 0.9852299690 0.1574869305 0.7245471478 -0.1567260027 0.6711694002
-63.9 -231.7 2004.7 0 0 0 0 0 0 0 0 0
288.3 127.0 2227.1 0 0 0 0 0 0 0 0 0
-220.1 -887.3 2088.1 0 0 0 0 0 0 0 0 0
-36.6 -922.7 2278.9 0 0 0 0 0 0 0 0 0
94.9 415.3 2122.7 7 0.7256639600 0.3171302378 -0.6106064320 -0.1775801331 0.9437027574 0.2790884078 0.6647383571 -0.0940928385 0.7411271334
30.8 224.6 2141.8 0.7256639600 0.3171302378 -0.6106064320 -0.1775801331 0.9437027574 0.2790884078 0.6647383571 -0.0940928385 0.7411271334
-26.9 38.3 2158.8 0.7295004129 0.2952153683 -0.6169902682 -0.1657065898 0.9514666796 0.2593307793 0.6636041403 -0.0869425535 0.7430145144
-73.0 248.2 2047.3 0.3472534120 -0.0041780923 -0.9377620220 0.9338248372 0.0931857675 0.3453803062 0.0859430432 -0.9956399798 0.0362606831
-163.0 6.3 2025.0 -0.3510735631 -0.0041780923 -0.9363385439 0.9321357012 0.0931857675 -0.3499135375 0.0887153968 -0.9956399798 -0.0288205091
134.6 200.9 2236.2 -0.2558546066 0.2061971873 -0.9444686770 -0.8855454922 0.3418762684 0.3145311475 0.3877468705 0.9168442488 0.0951263681
71.2 -18.7 2332.4 0.7712849379 0.2061971873 0.6021646857 0.5198217034 0.3418762684 -0.7828831673 -0.3672941029 0.9168442488 0.1564982235
-146.5 -129.0 2110.4 0.7352021337 -0.0103623467 -0.6777687669 -0.0827523768 0.9910320640 -0.1049165204 0.6727777719 0.1332218200 0.7277513742
-142.4 -517.2 2058.2 0.7311676741 0.2069280595 -0.6500573754 -0.1024948955 0.9753919840 0.1952058524 0.6744543314 -0.0761006400 0.7343841195
-20.3 -157.6 2236.6 0.7128885388 -0.0246653408 -0.7008434534 -0.0057812287 0.9991406202 -0.0410441346 0.7012535334 0.0333116315 0.7121332884
-10.6 -548.9 2223.6 0.7172963023 0.0668113977 -0.6935576797 0.0453470200 0.9888055325 0.1421521753 0.6952910423 -0.1334159970 0.7062368989
-72.8 -233.1 2002.3 0 0 0 0 0 0 0 0 0
288.4 127.7 2228.9 0 0 0 0 0 0 0 0 0
-220.3 -884.5 2086.9 0 0 0 0 0 0 0 0 0
-35.8 -921.2 2273.8 0 0 0 0 0 0 0 0 0
102.9 408.1 2112.0 8 0.7150651217 0.3385503590 -0.6116089225 -0.1694455743 0.9327545166 0.3182094395 0.6782109141 -0.1239060462 0.7243461013
35.1 221.1 2136.9 0.7150651217 0.3385503590 -0.6116089225 -0.1694455743 0.9327545166 0.3182094395 0.6782109141 -0.1239060462 0.7243461013
-27.0 36.9 2159.6 0.7188630700 0.3169902861 -0.6186704040 -0.1585882157 0.9412930012 0.2980222404 0.6768202782 -0.1161233485 0.7269316912
-67.3 243.6 2040.5 0.3579639494 -0.0466693044 -0.9325683713 0.9316181540 0.0850713253 0.3533419073 0.0628446117 -0.9952812791 0.0739304423
-161.3 -1.1 2024.0 -0.2968195081 -0.0466693044 -0.9537925124 0.9501829147 0.0850713253 -0.2998587787 0.0951345935 -0.9952812791 0.0190935470
137.4 198.5 2233.2 -0.2678197622 0.1911668926 -0.9443134069 -0.8732582927 0.3659234643 0.3217451870 0.4070534408 0.9107992053 0.0689365342
71.1 -17.8 2334.0 0.7717100382 0.1911668926 0.6065630913 0.5173817873 0.3659234643 -0.7735735774 -0.3698373139 0.9107992053 0.1834805459
-150.5 -133.0 2116.0 0.7263543606 -0.0190568138 -0.6870561838 -0.0879838467 0.9888135791 -0.1204429641 0.6816657782 0.1479341239 0.7165523767
-143.0 -520.3 2058.1 0.7242802978 0.2076300085 -0.6575012207 -0.0979031026 0.9748901129 0.2000105232 0.6825196147 -0.0804922730 0.7264213562
-18.8 -163.0 2235.8 0.7055469155 -0.0199382603 -0.7083826661 -0.0101756994 0.9992160201 -0.0382590741 0.7085901499 0.0342018604 0.7047909498
-10.9 -554.4 2222.4 0.7122398615 0.0713856369 -0.6982968450 0.0585216060 0.9853129387 0.1604168862 0.6994923949 -0.1551207602 0.6976015568
-85.2 -244.8 1999.6 0 0 0 0 0 0 0 0 0
288.5 128.0 2229.9 0 0 0 0 0 0 0 0 0
-221.2 -887.4 2088.4 0 0 0 0 0 0 0 0 0
-37.8 -925.3 2280.8 0 0 0 0 0 0 0 0 0
112.9 401.6 2100.1 9 0.7275843024 0.3646720946 -0.5810639262 -0.1787870675 0.9185367227 0.3525981009 0.6623112559 -0.1526581347 0.7335116267
39.9 217.8 2130.7 0.7275843024 0.3646720946 -0.5810639262 -0.1787870675 0.9185367227 0.3525981009 0.6623112559 -0.1526581347 0.7335116267
-26.1 35.8 2158.9 0.7330982089 0.3380704224 -0.5901486874 -0.1642827988 0.9300360680 0.3287006617 0.6599835157 -0.1440185905 0.7373468876
-64.5 241.2 2036.7 0.3622825146 -0.1090627164 -0.9256655574 0.9310324192 0.0891539976 0.3538787961 0.0439318009 -0.9900287390 0.1338398606
-159.9 -4.0 2025.1 -0.2167547494 -0.1090627164 -0.9701147676 0.9698702097 0.0891539976 -0.2267230153 0.1112166420 -0.9900287390 0.0864521340
144.3 194.3 2224.7 -0.3001787663 0.1625862569 -0.9399246573 -0.8453257680 0.4111921191 0.3410944045 0.4419468939 0.8969318271 0.0140072033
69.6 -16.2 2334.8 0.7802118063 0.1625862569 0.6040158868 0.5028943419 0.4111921191 -0.7602751851 -0.3719768822 0.8969318271 0.2390532345
-153.9 -133.0 2121.1 0.7425277233 -0.0247727185 -0.6693570614 -0.0890790597 0.9867870808 -0.1353374422 0.6638655663 0.1601175070 0.7305100560
-144.2 -519.5 2058.4 0.7403156161 0.2031728923 -0.6408225894 -0.0999304056 0.9759053588 0.1939654946 0.6647907495 -0.0795580223 0.7427811027
-24.1 -161.6 2243.4 0.7245599627 -0.0220525581 -0.6888588667 -0.0162726454 0.9986619949 -0.0490863360 0.6890196800 0.0467755497 0.7232316136
-15.4 -552.8 2225.1 0.7305469513 0.0566649549 -0.6805073619 0.0551359132 0.9884026051 0.1414932013 0.6806329489 -0.1408878118 0.7189502120
-104.4 -252.1 1996.7 0 0 0 0 0 0 0 0 0
289.3 125.4 2230.0 0 0 0 0 0 0 0 0 0
-220.8 -887.0 2088.4 0 0 0 0 0 0 0 0 0
-36.8 -924.9 2278.1 0 0 0 0 0 0 0 0 0
124.5 395.4 2094.2 0 0.7204933763 0.3798194230 -0.5801952481 -0.1778667420 0.9098935127 0.3747762740 0.6702632308 -0.1668263674 0.7231294513
48.9 214.1 2127.5 0.7204933763 0.3798194230 -0.5801952481 -0.1778667420 0.9098935127 0.3747762740 0.6702632308 -0.1668263674 0.7231294513
-21.0 34.0 2158.5 0.7251594067 0.3570629358 -0.5887697935 -0.1662760973 0.9205467701 0.3534768224 0.6682036519 -0.1584286839 0.7269142270
-54.5 237.8 2032.3 0.3876885474 -0.1754449010 -0.9049401283 0.9215820432 0.0946456566 0.3764687777 0.0195991322 -0.9799292088 0.1983799040
-157.9 -8.2 2027.0 -0.1647972763 -0.1754449010 -0.9705982208 0.9785002470 0.0946456566 -0.1832470596 0.1240126714 -0.9799292088 0.1560755223
152.2 190.4 2222.7 -0.3344994187 0.1696666926 -0.9269969463 -0.8240354657 0.4246102571 0.3750622869 0.4572479725 0.8893364668 -0.0022205038
69.0 -14.6 2336.4 0.7833554745 0.1696666926 0.5979694128 0.4894510508 0.4246102571 -0.7616717219 -0.3831342459 0.8893364668 0.2495772243
-158.4 -131.3 2127.5 0.7361206412 -0.0333481096 -0.6760283113 -0.0961438492 0.9835061431 -0.1532059312 0.6699871421 0.1777740121 0.7207729816
-145.4 -516.4 2057.9 0.7363815308 0.1968950778 -0.6472824216 -0.0948521793 0.9773122668 0.1893772632 0.6698845625 -0.0780577734 0.7383506298
-26.0 -161.0 2246.8 0.7193468213 -0.0168663505 -0.6944463253 -0.0227899067 0.9985939860 -0.0478604063 0.6942771673 0.0502545945 0.7179509997
-19.4 -552.2 2227.1 0.7257616520 0.0436065607 -0.6865628362 0.0623301268 0.9897163510 0.1287499666 0.6851167679 -0.1362353265 0.7155801654
-115.7 -258.8 1995.3 0 0 0 0 0 0 0 0 0
289.6 123.3 2228.5 0 0 0 0 0 0 0 0 0
-219.5 -884.5 2087.3 0 0 0 0 0 0 0 0 0
-35.8 -924.8 2278.4 0 0 0 0 0 0 0 0 0
138.4 389.9 2097.2 1 0.6905250549 0.4122233093 -0.5943459272 -0.2001335770 0.8985134363 0.3906663060 0.6950696111 -0.1508162767 0.7029457688
56.4 211.0 2127.3 0.6905250549 0.4122233093 -0.5943459272 -0.2001335770 0.8985134363 0.3906663060 0.6950696111 -0.1508162767 0.7029457688
-21.0 33.7 2156.1 0.6948988438 0.3959056139 -0.6003118753 -0.1903654635 0.9062966704 0.3773425221 0.6934526563 -0.1479362398 0.7051512599
-42.5 238.1 2028.5 0.4240766764 -0.1966115981 -0.8840264678 0.9056203365 0.0956128016 0.4131707251 0.0032900909 -0.9758084416 0.2186026275
-156.6 -5.5 2027.6 -0.1265052408 -0.1966115981 -0.9722861052 0.9844415784 0.0956128016 -0.1474212110 0.1219477206 -0.9758084416 0.1814571172
155.3 184.0 2226.0 -0.3573766947 0.1858937144 -0.9152734280 -0.8174139261 0.4118043184 0.4028047621 0.4517924190 0.8921102881 0.0047828504
68.7 -14.1 2335.5 0.7852372527 0.1858937144 0.5906318426 0.4835056663 0.4118043184 -0.7724243999 -0.3868135810 0.8921102881 0.2334834188
-156.4 -131.2 2129.1 0.7082057595 -0.0261656567 -0.7055210471 -0.1105038598 0.9828881025 -0.1473767161 0.6973044872 0.1823358387 0.6931955814
-146.1 -516.1 2057.7 0.7139002681 0.2018631250 -0.6705204248 -0.0842705742 0.9753553867 0.2039125115 0.6951581836 -0.0890680552 0.7133176327
-25.3 -161.2 2249.9 0.6935342550 -0.0080235014 -0.7203789949 -0.0307873711 0.9986943603 -0.0407634340 0.7197655439 0.0504494123 0.6923817396
-22.2 -552.4 2230.1 0.7004917860 0.0347552337 -0.7128136754 0.0683727413 0.9909506440 0.1155074164 0.7103776932 -0.1296490133 0.6917764544
-124.2 -257.9 1996.4 0 0 0 0 0 0 0 0 0
289.9 122.1 2226.5 0 0 0 0 0 0 0 0 0
-222.2 -883.5 2091.2 0 0 0 0 0 0 0 0 0
-35.3 -925.6 2278.9 0 0 0 0 0 0 0 0 0
151.0 378.2 2088.3 2 0.6801952720 0.4525072873 -0.5766901374 -0.2170435935 0.8757693172 0.4311846793 0.7001617551 -0.1681228727 0.6939079762
61.0 204.2 2121.7 0.6801952720 0.4525072873 -0.5766901374 -0.2170435935 0.8757693172 0.4311846793 0.7001617551 -0.1681228727 0.6939079762
-23.1 30.6 2153.4 0.6863412857 0.4301911891 -0.5864053369 -0.2047630250 0.8879839778 0.4117724597 0.6978594065 -0.1625423133 0.6975473166
-36.7 233.3 2022.2 0.4672563970 -0.1790189892 -0.8658080697 0.8840449452 0.0816848502 0.4602088034 -0.0116627114 -0.9804487824 0.1964285970
-158.3 3.1 2025.3 -0.1072554737 -0.1790189892 -0.9779818058 0.9889875650 0.0816848502 -0.1234148294 0.1019798964 -0.9804487824 0.1682863981
158.8 175.1 2221.1 -0.3513539135 0.1681866646 -0.9210122824 -0.8124746084 0.4340508282 0.3892105520 0.4652261734 0.8850497603 -0.0158580672
73.9 -21.2 2333.5 0.7699661851 0.1681866646 0.6155203581 0.5027794242 0.4340508282 -0.7475377917 -0.3928930163 0.8850497603 0.2496436834
-161.2 -126.4 2122.3 0.7024183869 -0.0258923434 -0.7112932205 -0.0929105431 0.9874519110 -0.1276963055 0.7056741714 0.1557828635 0.6911987066
-151.0 -513.0 2061.3 0.7026388645 0.1892456114 -0.6859189272 -0.0917713270 0.9800340533 0.1763838828 0.7056037784 -0.0609864779 0.7059773207
-35.7 -160.7 2247.6 0.6910938025 -0.0233468879 -0.7223879099 -0.0164969955 0.9987082481 -0.0480596349 0.7225767970 0.0451309457 0.6898158789
-26.6 -551.9 2229.9 0.6976298094 0.0185809694 -0.7162174582 0.0954701006 0.9883378148 0.1186330542 0.7100691199 -0.1511393040 0.6877200007
-130.8 -250.6 1999.1 0 0 0 0 0 0 0 0 0
290.7 120.4 2222.9 0 0 0 0 0 0 0 0 0
-222.3 -882.0 2084.3 0 0 0 0 0 0 0 0 0
-33.6 -924.0 2286.8 0 0 0 0 0 0 0 0 0
164.5 366.7 2076.8 3 0.7032072544 0.4794271290 -0.5250230432 -0.2455354035 0.8567691445 0.4534964561 0.6672420502 -0.1899902225 0.7202025652
69.4 196.6 2114.5 0.7032072544 0.4794271290 -0.5250230432 -0.2455354035 0.8567691445 0.4534964561 0.6672420502 -0.1899902225 0.7202025652
-20.0 26.4 2150.6 0.7101619244 0.4574564695 -0.5351669192 -0.2327176780 0.8699371219 0.4348010123 0.6644641161 -0.1842363328 0.7242544293
-31.6 229.8 2019.9 0.4893338382 -0.1370080411 -0.8612672091 0.8720473051 0.0663741454 0.4848999679 -0.0092693223 -0.9883437157 0.1519566029
-159.8 1.2 2022.3 -0.0821651816 -0.1370080411 -0.9871563315 0.9935527444 0.0663741454 -0.0919096917 0.0781140253 -0.9883437157 0.1306710690
170.3 163.4 2209.1 -0.3719254136 0.2345051765 -0.8981530070 -0.7827698588 0.4408339858 0.4392457008 0.4989417493 0.8664137125 0.0196062215
79.6 -27.6 2330.8 0.7502342463 0.1909698397 0.6329922080 0.5245573521 0.4108688235 -0.7456717491 -0.4024775922 0.8914691806 0.2080732286
-169.2 -124.6 2122.0 0.7306064367 -0.0415324233 -0.6815345287 -0.0723851696 0.9878123403 -0.1377939284 0.6789510846 0.1500061154 0.7186957598
-152.9 -511.4 2063.3 0.7260955572 0.1907376945 -0.6606090665 -0.0967296138 0.9795356393 0.1765029281 0.6807559133 -0.0642575324 0.7296864986
-45.2 -161.6 2248.2 0.7231165171 -0.0422238559 -0.6894343495 0.0060613379 0.9984793067 -0.0547936074 0.6906995177 0.0354432687 0.7222728133
-28.7 -552.6 2234.3 0.7264459133 0.0071386700 -0.6871865392 0.0918822438 0.9899593592 0.1074154824 0.6810535789 -0.1411717832 0.7184960246
-138.8 -253.8 2002.3 0 0 0 0 0 0 0 0 0
290.8 120.1 2217.5 0 0 0 0 0 0 0 0 0
-224.7 -880.3 2087.5 0 0 0 0 0 0 0 0 0
-31.4 -925.3 2287.5 0 0 0 0 0 0 0 0 0
175.4 352.3 2066.5 4 0.6845265627 0.5116672516 -0.5192494988 -0.2452281713 0.8324012756 0.4969620109 0.6865031123 -0.2128490955 0.6952760220
74.3 187.9 2108.6 0.6845265627 0.5116672516 -0.5192494988 -0.2452281713 0.8324012756 0.4969620109 0.6865031123 -0.2128490955 0.6952760220
-21.1 22.1 2149.2 0.6927914619 0.4880399704 -0.5309020281 -0.2313382179 0.8476980925 0.4773788750 0.6830245852 -0.2079060972 0.7001802921
-24.3 220.8 2011.3 0.5239865184 -0.1645562798 -0.8356789947 0.8507267237 0.0535900481 0.5228691697 -0.0412573256 -0.9849108458 0.1680728793
-159.8 0.8 2022.0 -0.0529869273 -0.1645562798 -0.9849434495 0.9966009259 0.0535900481 -0.0625674501 0.0630790368 -0.9849108458 0.1611573696
172.9 155.0 2205.8 -0.3692165613 0.2304424345 -0.9003196359 -0.7787736654 0.4519355595 0.4350469112 0.5071397424 0.8617717624 0.0126004089
84.1 -32.4 2327.9 0.7374051213 0.1934175491 0.6471655965 0.5312536359 0.4256274104 -0.7325373292 -0.4171369970 0.8839858174 0.2111060619
-173.4 -122.7 2126.8 0.7185260653 -0.0379232578 -0.6944653392 -0.0831720009 0.9866616130 -0.1399330795 0.6905090213 0.1583056301 0.7057879567
-158.5 -509.1 2064.8 0.7219448090 0.1594756842 -0.6733224988 -0.0630218834 0.9841888547 0.1655311733 0.6890746951 -0.0770703256 0.7205805182
-45.3 -164.8 2246.8 0.7131965160 -0.0352401473 -0.7000777125 0.0047337785 0.9989548326 -0.0454623811 0.7009481192 0.0291095991 0.7126179338
-31.5 -556.0 2235.4 0.7167421579 -0.0047619147 -0.6973220110 0.1102733538 0.9881685376 0.1065963581 0.6885640621 -0.1532981396 0.7087871432
-146.2 -255.1 2005.8 0 0 0 0 0 0 0 0 0
291.7 117.2 2210.4 0 0 0 0 0 0 0 0 0
-218.6 -879.5 2093.8 0 0 0 0 0 0 0 0 0
-29.7 -928.1 2293.1 0 0 0 0 0 0 0 0 0
188.5 336.7 2054.9 5 0.7105193138 0.5294965506 -0.4634605646 -0.2737135589 0.8147218823 0.5111840367 0.6482616663 -0.2363507003 0.7238060236
83.8 175.5 2101.7 0.7105193138 0.5294965506 -0.4634605646 -0.2737135589 0.8147218823 0.5111840367 0.6482616663 -0.2363507003 0.7238060236
-16.1 13.5 2146.6 0.7165611386 0.5116147995 -0.4741207063 -0.2641796470 0.8281393647 0.4943625033 0.6455611587 -0.2289879173 0.7285706997
-18.0 213.2 2009.8 0.5484230518 -0.1210271344 -0.8273962736 0.8353357911 0.0342930518 0.5486693382 -0.0380299352 -0.9920566678 0.1199053973
-161.1 -4.7 2019.7 -0.0319671929 -0.1210271344 -0.9921343327 0.9987500310 0.0342930518 -0.0363636501 0.0384243056 -0.9920566678 0.1197796017
185.6 137.8 2193.5 -0.4503420591 0.2969674170 -0.8420227766 -0.7155697942 0.4439818859 0.5392957926 0.5339961648 0.8453936577 0.0125571974
76.8 -35.1 2322.6 0.7602923512 0.2238707393 0.6097847223 0.5002307892 0.3970795274 -0.7694783807 -0.4143967330 0.8900616765 0.1899094880
-179.1 -122.8 2128.1 0.7480814457 -0.0429790169 -0.6622136831 -0.0734828413 0.9863986373 -0.1470304728 0.6595259309 0.1586521119 0.7347483039
-162.2 -509.1 2066.0 0.7509169579 0.1481069326 -0.6435744762 -0.0554661155 0.9852282405 0.1620149612 0.6580632329 -0.0859631971 0.7480394840
-54.0 -164.5 2251.5 0.7467416525 -0.0486736223 -0.6633307934 0.0155041683 0.9983215332 -0.0558006912 0.6649334431 0.0313843116 0.7462429404
-34.9 -555.5 2239.2 0.7479630113 -0.0225535855 -0.6633571386 0.1096506640 0.9898890257 0.0899803340 0.6546205878 -0.1400395185 0.7428733706
-152.8 -261.1 2009.8 0 0 0 0 0 0 0 0 0
290.8 105.7 2205.9 0 0 0 0 0 0 0 0 0
-218.0 -880.0 2098.3 0 0 0 0 0 0 0 0 0
-26.4 -928.2 2292.0 0 0 0 0 0 0 0 0 0
200.3 318.1 2039.6 6 0.7176153660 0.5589827895 -0.4154111743 -0.2903259397 0.7822874784 0.5511234999 0.6330395341 -0.2748900652 0.7236686945
89.8 163.5 2093.9 0.7176153660 0.5589827895 -0.4154111743 -0.2903259397 0.7822874784 0.5511234999 0.6330395341 -0.2748900652 0.7236686945
-15.8 7.6 2146.3 0.7243902087 0.5411803126 -0.4270628393 -0.2805987895 0.7972998023 0.5343943238 0.6297008395 -0.2672767341 0.7294107080
-13.2 203.5 2004.2 0.5730788708 -0.1483616382 -0.8059586883 0.8171805143 0.0295099281 0.5756258965 -0.0616170205 -0.9884927869 0.1381497532
-160.5 -6.6 2020.1 -0.0011796588 -0.1483616382 -0.9889324903 0.9995486736 0.0295099281 -0.0056194612 0.0300170388 -0.9884927869 0.1482598782
192.8 123.4 2183.6 -0.4793522656 0.3498913944 -0.8048586249 -0.6611559987 0.4591260552 0.5933599472 0.5771431327 0.8165655136 0.0112496847
76.5 -37.0 2323.7 0.7581151128 0.2575746775 0.5990965962 0.4794279039 0.4026078880 -0.7797793150 -0.4420524240 0.8783861399 0.1817346364
-180.7 -124.6 2133.2 0.7649493814 -0.0370399244 -0.6430245042 -0.0861457810 0.9834917188 -0.1591317654 0.6383035183 0.1771215945 0.7491305470
-166.1 -509.7 2063.9 0.7751713991 0.1385173947 -0.6163783073 -0.0245897565 0.9815427661 0.1896554083 0.6312721968 -0.1318588555 0.7642700076
-51.5 -172.3 2249.8 0.7676100731 -0.0352499895 -0.6399470568 0.0149689205 0.9992000461 -0.0370835289 0.6407423615 0.0188863724 0.7675236464
-37.7 -563.7 2242.4 0.7676267624 -0.0396084525 -0.6396721005 0.1178848445 0.9897851348 0.0801781118 0.6299622059 -0.1369545162 0.7644547820
-160.2 -263.2 2012.4 0 0 0 0 0 0 0 0 0
289.9 97.9 2199.3 0 0 0 0 0 0 0 0 0
-218.3 -878.9 2113.5 0 0 0 0 0 0 0 0 0
-22.8 -936.3 2294.0 0 0 0 0 0 0 0 0 0
213.8 303.1 2030.4 7 0.6996422410 0.5942443609 -0.3967044353 -0.3057723939 0.7508366704 0.5854464173 0.6457584500 -0.2883017659 0.7070205808
96.2 154.5 2087.5 0.6996422410 0.5942443609 -0.3967044353 -0.3057723939 0.7508366704 0.5854464173 0.6457584500 -0.2883017659 0.7070205808
-16.6 5.0 2143.1 0.7075977921 0.5775569081 -0.4071036875 -0.2954798341 0.7651904821 0.5719922781 0.6418699622 -0.2844495177 0.7121034861
-4.5 196.6 1996.0 0.5965505838 -0.2161547691 -0.7729194760 0.7958487868 0.0348946415 0.6044890881 -0.1036924571 -0.9757353663 0.1928429306
-160.5 -11.5 2023.1 0.0231707096 -0.2161547691 -0.9760841131 0.9992629886 0.0348946415 0.0159934890 0.0306030363 -0.9757353663 0.2168039978
196.9 112.5 2179.0 -0.5037233233 0.3668284118 -0.7821123600 -0.6275802255 0.4667620957 0.6231181622 0.5936378241 0.8047173619 -0.0049047144
76.3 -37.8 2321.1 0.7609526515 0.2710341215 0.5894841552 0.4625031650 0.4105884731 -0.7858167291 -0.4550185204 0.8706076145 0.1870842576
-186.7 -122.8 2141.8 0.7564730644 -0.0459835455 -0.6524063349 -0.0919268578 0.9801470041 -0.1756739914 0.6475322247 0.1928662956 0.7372276783
-168.7 -506.6 2066.3 0.7676787972 0.1199770495 -0.6295035481 -0.0177813247 0.9859277606 0.1662236154 0.6405880451 -0.1164129376 0.7590091825
-56.1 -173.6 2255.6 0.7636263371 -0.0411343686 -0.6443467736 0.0106614912 0.9986357689 -0.0511166640 0.6455703974 0.0321643353 0.7630231380
-39.9 -564.7 2243.0 0.7627006769 -0.0554796010 -0.6443676353 0.1358748078 0.9878238440 0.0757762119 0.6323177218 -0.1453478932 0.7609522343
-166.4 -268.2 2015.3 0 0 0 0 0 0 0 0 0
290.5 92.4 2193.0 0 0 0 0 0 0 0 0 0
-213.9 -877.6 2110.1 0 0 0 0 0 0 0 0 0
-19.1 -936.6 2297.8 0 0 0 0 0 0 0 0 0
224.8 286.4 2019.9 8 0.7034990191 0.6214449406 -0.3448119760 -0.3387140334 0.7197064161 0.6060490608 0.6247895360 -0.3095622361 0.7168049216
101.8 144.1 2081.1 0.7034990191 0.6214449406 -0.3448119760 -0.3387140334 0.7197064161 0.6060490608 0.6247895360 -0.3095622361 0.7168049216
-16.8 0.8 2141.0 0.7108098269 0.6075140834 -0.3545081615 -0.3300712705 0.7331576347 0.5945863128 0.6211299300 -0.3056248128 0.7216585875
0.8 191.1 1992.6 0.6261749864 -0.1944717765 -0.7550401092 0.7717228532 0.0165676214 0.6357431412 -0.1111248806 -0.9807682037 0.1604525447
-162.8 -10.5 2021.6 0.0325094610 -0.1944717765 -0.9803692698 0.9994169474 0.0165676214 0.0298546422 0.0104365014 -0.9807682037 0.1948969960
202.9 97.0 2169.6 -0.5352168679 0.4326789677 -0.7254872918 -0.5541788936 0.4683331251 0.6881495714 0.6375175714 0.7703589797 -0.0108782118
75.8 -34.6 2321.1 0.7802334428 0.2947153747 0.5517052412 0.4251025617 0.3971700072 -0.8133534193 -0.4588285387 0.8691368103 0.1846010685
-193.2 -117.8 2140.7 0.7689825892 -0.0598077886 -0.6364658475 -0.0735307857 0.9807307720 -0.1809983104 0.6350267529 0.1859843880 0.7497671843
