-4.3 430.0 2196.9 5 0.6479118466 0.1904440075 -0.7375237346 -0.2131962478 0.9748817682 0.0644426867 0.7312712073 0.1154841185 0.6722394228
-44.4 224.8 2172.6 0.6479118466 0.1904440075 -0.7375237346 -0.2131962478 0.9748817682 0.0644426867 0.7312712073 0.1154841185 0.6722394228
-79.0 33.0 2163.6 0.6591114402 0.1791092753 -0.7304053307 -0.1538673490 0.9827969670 0.1021519303 0.7361364961 0.0450560264 0.6753317714
-138.0 246.8 2068.4 0.2873177528 -0.0336936302 -0.9572425485 0.9493024945 0.1431166083 0.2798970640 0.1275665611 -0.9891321063 0.0731053948
-218.3 -18.4 2032.7 -0.2552486956 -0.0336936302 -0.9662881494 0.9556407332 0.1431166083 -0.2574265003 0.1469655335 -0.9891321063 -0.0043313252
49.2 202.7 2276.8 0.8039419055 0.5352733135 -0.2591522634 -0.5256472826 0.4357517660 -0.7306267023 -0.2781589329 0.7236040831 0.6316840649
167.9 125.1 2235.7 -0.0440586694 0.5352733135 0.8435290456 0.8698989153 0.4357517660 -0.2310764492 -0.4912583530 0.7236040831 -0.4848323166
-170.8 -154.8 2092.7 0.6137402654 -0.0444432944 -0.7882561088 -0.0466626808 0.9946269989 -0.0924106613 0.7881278396 0.0934982821 0.6083687544
-153.3 -547.0 2055.8 0.6146570444 0.0699707419 -0.7856849432 -0.0342718624 0.9974862337 0.0620215684 0.7880495787 -0.0111951102 0.6155099869
-47.1 -175.9 2218.0 0.5880528092 -0.0865543187 -0.8041779995 0.0498748682 0.9962459803 -0.0707558990 0.8072833419 0.0014999292 0.5901621580
-13.2 -565.5 2217.4 0.5889935493 0.0610491969 -0.8058285117 0.0641522259 0.9904636741 0.1219270006 0.8055874109 -0.1235099137 0.5794602633
-153.4 -261.6 1995.3 0 0 0 0 0 0 0 0 0
155.9 360.6 2102.7 0 0 0 0 0 0 0 0 0
-179.6 -921.8 2060.0 0 0 0 0 0 0 0 0 0
-36.2 -937.7 2263.8 0 0 0 0 0 0 0 0 0
-4.6 431.5 2198.1 6 0.6450172067 0.1920092255 -0.7396521568 -0.2056540102 0.9758247137 0.0739766508 0.7359750271 0.1043962166 0.6689111590
-44.1 230.9 2176.6 0.6450172067 0.1920092255 -0.7396521568 -0.2056540102 0.9758247137 0.0739766508 0.7359750271 0.1043962166 0.6689111590
-79.2 39.1 2164.0 0.6521259546 0.1807380468 -0.7362509370 -0.1683262140 0.9814440608 0.0918360427 0.7391873598 0.0640416667 0.6704481244
-136.9 254.9 2071.6 0.3207647204 -0.0295826253 -0.9466968179 0.9384906888 0.1448420435 0.3134582043 0.1278485954 -0.9890124798 0.0742232352
-223.0 3.1 2037.3 -0.1296201795 -0.0364850797 -0.9908922315 0.9712733030 0.1964561492 -0.1342874020 0.1995663643 -0.9798335433 0.0099723022
48.7 206.8 2281.6 0.7012944221 0.6212176681 -0.3496780694 -0.6581786275 0.3758167326 -0.6523516178 -0.2738374770 0.6876412034 0.6724303961
156.4 105.7 2239.5 0.0205107983 0.6212176681 0.7833696008 0.8694000244 0.3758167326 -0.3207886517 -0.4936829805 0.6876412034 -0.5323783159
-172.4 -142.4 2087.4 0.6052396894 -0.0479011089 -0.7946007848 -0.0342153944 0.9957000613 -0.0860855579 0.7953076363 0.0792899728 0.6009982228
-153.6 -533.7 2056.2 0.6039494872 0.1310570538 -0.7861737013 -0.0441994667 0.9903775454 0.1311436892 0.7957960963 -0.0444557033 0.6039306521
-53.4 -169.4 2218.1 0.5790972114 -0.0968846679 -0.8094811440 0.0535565242 0.9952896833 -0.0808096230 0.8134974241 0.0034436313 0.5815582871
-15.5 -558.9 2216.8 0.5804118514 0.0474636555 -0.8129386902 0.0774863139 0.9905511141 0.1131563261 0.8106281161 -0.1286689043 0.5712498426
-190.1 -243.0 1986.8 0 0 0 0 0 0 0 0 0
162.1 345.0 2103.6 0 0 0 0 0 0 0 0 0
-202.8 -905.3 2072.9 0 0 0 0 0 0 0 0 0
-33.4 -931.6 2265.2 0 0 0 0 0 0 0 0 0
-5.3 432.1 2198.7 7 0.6485602260 0.1897384822 -0.7371355891 -0.2017401159 0.9766479135 0.0738901645 0.7339417934 0.1007875949 0.6716929078
-43.8 234.0 2178.2 0.6485602260 0.1897384822 -0.7371355891 -0.2017401159 0.9766479135 0.0738901645 0.7339417934 0.1007875949 0.6716929078
-79.0 42.1 2163.7 0.6534771323 0.1805669814 -0.7350940108 -0.1757495105 0.9807859659 0.0846820548 0.7362606525 0.0738546327 0.6726557612
-136.8 259.0 2073.5 0.3311891556 -0.0324865021 -0.9430049658 0.9341884851 0.1518281996 0.3228622973 0.1326860785 -0.9878728986 0.0806323737
-223.9 13.3 2038.6 -0.0577980988 -0.0364280343 -0.9976634383 0.9739667177 0.2173624188 -0.0643618926 0.2191991210 -0.9754109979 0.0229165591
49.3 208.9 2283.0 0.6211639047 0.6570060253 -0.4271983802 -0.7491587400 0.3378084898 -0.5697777271 -0.2300361693 0.6739647388 0.7020362616
149.0 88.6 2246.1 0.0602873303 0.6570060253 0.7514708638 0.8675826788 0.3378084898 -0.3649462163 -0.4936251342 0.6739647388 -0.5496414900
-172.9 -136.3 2084.2 0.6058640480 -0.0454013161 -0.7942716479 -0.0254659466 0.9967519641 -0.0764004961 0.7951605320 0.0665151924 0.6027399898
-155.1 -527.4 2058.1 0.6018276811 0.1542763412 -0.7835829854 -0.0527736582 0.9867018461 0.1537349671 0.7968804240 -0.0511694178 0.6019662023
-55.1 -166.4 2216.7 0.5793496966 -0.1037804112 -0.8084451556 0.0568746142 0.9945905805 -0.0869183615 0.8130924106 0.0043761162 0.5821182132
-14.5 -555.8 2215.0 0.5807967782 0.0594257601 -0.8118766546 0.0786310360 0.9885730147 0.1286098808 0.8102421165 -0.1385349035 0.5694873333
-209.2 -234.6 1982.8 0 0 0 0 0 0 0 0 0
166.1 335.0 2105.9 0 0 0 0 0 0 0 0 0
-213.1 -898.2 2077.4 0 0 0 0 0 0 0 0 0
-36.9 -927.9 2267.1 0 0 0 0 0 0 0 0 0
-5.3 432.2 2199.0 8 0.6477466822 0.1888501793 -0.7380784750 -0.1974486113 0.9773021340 0.0767763853 0.7358248830 0.0960009247 0.6703324318
-43.4 235.1 2179.6 0.6477466822 0.1888501793 -0.7380784750 -0.1974486113 0.9773021340 0.0767763853 0.7358248830 0.0960009247 0.6703324318
-78.4 43.1 2164.0 0.6512915492 0.1789000779 -0.7374374866 -0.1785752028 0.9806531668 0.0801890343 0.7375162244 0.0794616044 0.6706382632
-136.2 260.6 2074.6 0.3349370360 -0.0315882824 -0.9417108893 0.9329946041 0.1507866234 0.3267790079 0.1316750199 -0.9880615473 0.0799757242
-224.2 15.5 2040.0 -0.0212970600 -0.0333999358 -0.9992151260 0.9729200602 0.2293899506 -0.0284042396 0.2301586121 -0.9727613926 0.0276101343
49.3 209.6 2284.6 0.5692278147 0.6588698030 -0.4918031394 -0.8061203361 0.3296017647 -0.4914597273 -0.1617087722 0.6762050390 0.7187468410
141.3 79.4 2258.5 0.0979649946 0.6588698030 0.7458508611 0.8536518812 0.3296017647 -0.4032879472 -0.5115479827 0.6762050390 -0.5301559567
-173.1 -133.3 2082.5 0.6028414369 -0.0427048132 -0.7967172861 -0.0192315951 0.9974986911 -0.0680186078 0.7976291776 0.0563265793 0.6005122662
-156.4 -524.3 2060.4 0.5953437686 0.1662748009 -0.7860779166 -0.0680636242 0.9852725863 0.1568607092 0.8005830050 -0.0398827381 0.5978931785
-55.0 -164.9 2215.0 0.5755693913 -0.1035458967 -0.8111708164 0.0631101653 0.9946170449 -0.0821827278 0.8153140545 -0.0038912587 0.5790059566
-14.5 -554.4 2216.5 0.5756978393 0.0569773503 -0.8156749010 0.0653196573 0.9911762476 0.1153388172 0.8150492907 -0.1196799129 0.5668962598
-218.8 -233.2 1981.2 0 0 0 0 0 0 0 0 0
169.5 325.3 2111.2 0 0 0 0 0 0 0 0 0
-218.9 -895.0 2075.4 0 0 0 0 0 0 0 0 0
-35.9 -927.5 2261.6 0 0 0 0 0 0 0 0 0
-5.4 431.9 2199.1 9 0.6428899169 0.1915413588 -0.7416228652 -0.1982783228 0.9768417478 0.0804107636 0.7398501635 0.0953524783 0.6659802198
-44.0 235.3 2179.9 0.6428899169 0.1915413588 -0.7416228652 -0.1982783228 0.9768417478 0.0804107636 0.7398501635 0.0953524783 0.6659802198
-79.4 43.4 2163.8 0.6460516453 0.1811693013 -0.7414816022 -0.1816780418 0.9800037146 0.0811526403 0.7413570881 0.0822821259 0.6660475135
-136.0 261.2 2074.3 0.3401130438 -0.0265767239 -0.9400089383 0.9313473701 0.1477681547 0.3328012824 0.1300586164 -0.9886648655 0.0750100389
-224.8 18.0 2040.4 -0.0017747200 -0.0268267598 -0.9996384978 0.9727308154 0.2318007052 -0.0079476601 0.2319301218 -0.9723933339 0.0256838351
48.1 209.4 2285.6 0.4823920429 0.6744574308 -0.5589321256 -0.8695284724 0.2915475965 -0.3986480236 -0.1059157923 0.6783120036 0.7271001339
127.0 67.2 2268.2 0.1633554250 0.6744574308 0.7200154066 0.8370344043 0.2915475965 -0.4630047381 -0.5221957564 0.6783120036 -0.5169181824
-172.2 -132.4 2081.7 0.5976193547 -0.0384911448 -0.8008555174 -0.0210090056 0.9977522492 -0.0636319742 0.8015046716 0.0548528768 0.5954674482
-157.1 -523.4 2060.2 0.5903322697 0.1724525839 -0.7885226011 -0.0661999583 0.9839627147 0.1656350046 0.8044410348 -0.0455795228 0.5922812819
-54.4 -164.6 2214.7 0.5703571439 -0.1064271852 -0.8144727945 0.0616476163 0.9943202138 -0.0867573991 0.8190801740 -0.0007276037 0.5736786127
-12.8 -554.0 2215.0 0.5720328093 0.0661597699 -0.8175581694 0.0843974948 0.9867036343 0.1388992518 0.8158771396 -0.1484548002 0.5588431358
-224.4 -231.3 1980.9 0 0 0 0 0 0 0 0 0
174.2 309.0 2117.4 0 0 0 0 0 0 0 0 0
-222.0 -893.8 2077.4 0 0 0 0 0 0 0 0 0
-37.7 -925.4 2270.9 0 0 0 0 0 0 0 0 0
-5.0 431.8 2199.2 0 0.6252369881 0.1966231167 -0.7552602291 -0.1973080337 0.9761290550 0.0907836035 0.7550815940 0.0922576487 0.6491073370
-44.5 235.7 2180.7 0.6252369881 0.1966231167 -0.7552602291 -0.1973080337 0.9761290550 0.0907836035 0.7550815940 0.0922576487 0.6491073370
-80.8 43.9 2164.7 0.6282736063 0.1853182465 -0.7555987239 -0.1817615330 0.9793021679 0.0890506878 0.7564621568 0.0813905895 0.6489534378
-134.0 261.6 2072.9 0.3483810127 -0.0064172801 -0.9373310208 0.9290133715 0.1354577988 0.3443621695 0.1247589365 -0.9907623529 0.0531526618
-224.9 19.4 2040.4 0.0133117447 -0.0051699257 -0.9998980165 0.9732540250 0.2294298410 0.0117707737 0.2293455899 -0.9733114839 0.0080857622
45.0 209.8 2288.4 0.4325127006 0.6784716845 -0.5938088298 -0.8985250592 0.2697533369 -0.3462452888 -0.0747357011 0.6833076477 0.7262955904
117.1 59.9 2276.0 0.2145303786 0.6784716845 0.7026043534 0.8168445826 0.2697533369 -0.5099000335 -0.5354825854 0.6833076477 -0.4963356555
-173.2 -131.9 2080.6 0.5794075727 -0.0415750593 -0.8139768839 -0.0179192331 0.9978069663 -0.0637197718 0.8148409128 0.0515055656 0.5773919225
-156.9 -522.9 2060.4 0.5721558332 0.1803254336 -0.8000752926 -0.0603779182 0.9821432233 0.1781830192 0.8179194331 -0.0536415726 0.5728266239
-56.4 -164.7 2214.5 0.5522018671 -0.1128813401 -0.8260332346 0.0639544502 0.9936074018 -0.0930276960 0.8312538266 -0.0014584308 0.5558911562
-12.2 -553.9 2215.1 0.5540932417 0.0633709207 -0.8300390244 0.0903531536 0.9866294861 0.1356414407 0.8275367022 -0.1501546502 0.5409590006
-228.3 -230.4 1981.5 0 0 0 0 0 0 0 0 0
178.2 292.5 2123.4 0 0 0 0 0 0 0 0 0
-224.8 -892.7 2080.6 0 0 0 0 0 0 0 0 0
-36.1 -925.4 2271.6 0 0 0 0 0 0 0 0 0
-5.7 431.3 2199.2 1 0.6134886146 0.1841377169 -0.7679355741 -0.1847476363 0.9789155722 0.0871358439 0.7677890658 0.0884174332 0.6345725060
-42.6 235.1 2181.5 0.6134886146 0.1841377169 -0.7679355741 -0.1847476363 0.9789155722 0.0871358439 0.7677890658 0.0884174332 0.6345725060
-76.7 42.9 2166.1 0.6160033345 0.1740355790 -0.7682783008 -0.1709829718 0.9815781116 0.0852600187 0.7689633965 0.0788420513 0.6344124675
-130.4 259.5 2072.0 0.3548993766 0.0099282004 -0.9348517656 0.9267513752 0.1280351132 0.3531839252 0.1232003346 -0.9917199612 0.0362386070
-223.0 17.6 2039.8 0.0216199271 0.0121806236 -0.9996920824 0.9734165072 0.2277995050 0.0238272697 0.2280195802 -0.9736318588 -0.0069318111
45.1 210.7 2291.1 0.3640186489 0.6949068308 -0.6201571822 -0.9307104945 0.2459333986 -0.2707300186 -0.0356147811 0.6757375598 0.7362813950
106.5 53.8 2285.1 0.2605096400 0.6949068308 0.6702530980 0.7897705436 0.2459333986 -0.5619423985 -0.5553352237 0.6757375598 -0.4847488999
-173.8 -131.4 2080.4 0.5650264621 -0.0422766469 -0.8239889145 -0.0196063444 0.9977163672 -0.0646346137 0.8248397708 0.0526756793 0.5629072785
-157.3 -522.3 2059.7 0.5596548319 0.1795296073 -0.8090460896 -0.0505236462 0.9818285108 0.1829209626 0.8271842599 -0.0614966415 0.5585556030
-60.3 -164.2 2217.0 0.5371190310 -0.1234522611 -0.8344235420 0.0663809553 0.9923503995 -0.1040879339 0.8408904076 0.0005177843 0.5412051678
-11.9 -552.9 2216.8 0.5369693041 0.0620364361 -0.8413177133 0.0639624670 0.9914277196 0.1139290482 0.8411734700 -0.1149891540 0.5283982754
-228.6 -232.4 1981.3 0 0 0 0 0 0 0 0 0
180.2 277.2 2128.0 0 0 0 0 0 0 0 0 0
-224.9 -892.0 2082.9 0 0 0 0 0 0 0 0 0
-35.3 -926.0 2260.1 0 0 0 0 0 0 0 0 0
-5.4 432.2 2199.3 2 0.6030481458 0.1838049144 -0.7762401104 -0.1807717383 0.9792651534 0.0914403796 0.7769520879 0.0851793215 0.6237707734
-42.2 236.2 2182.2 0.6030481458 0.1838049144 -0.7762401104 -0.1807717383 0.9792651534 0.0914403796 0.7769520879 0.0851793215 0.6237707734
-76.3 44.0 2167.2 0.6053261757 0.1740965992 -0.7767049670 -0.1682899594 0.9817211628 0.0888934731 0.7779837251 0.0769020990 0.6235602498
-128.4 260.2 2071.4 0.3550781012 0.0200743359 -0.9346210957 0.9278225303 0.1146732047 0.3549582660 0.1143015474 -0.9932004213 0.0220925249
-221.5 17.0 2041.4 0.0262199622 0.0235012248 -0.9993799329 0.9710826278 0.2367166132 0.0310441311 0.2372993976 -0.9712944627 -0.0166149326
44.1 212.2 2293.1 0.2970961630 0.6937453151 -0.6560878754 -0.9548115134 0.2218194455 -0.1978159100 0.0082991812 0.6852105856 0.7282977104
95.9 45.7 2294.5 0.3076484799 0.6937453151 0.6512064338 0.7689556479 0.2218194455 -0.5995859504 -0.5604102015 0.6852105856 -0.4652169943
-166.4 -133.9 2081.2 0.5543385744 -0.0228870865 -0.8319765329 -0.0340439491 0.9981617332 -0.0501419045 0.8315947056 0.0561193563 0.5525403619
-157.5 -524.8 2059.2 0.5497533679 0.1867259592 -0.8141895533 -0.0590912402 0.9809470177 0.1850707531 0.8332343102 -0.0536317937 0.5503128171
-55.1 -164.8 2220.1 0.5279960036 -0.1058546379 -0.8426238894 0.0499279983 0.9943543077 -0.0936304256 0.8477779627 0.0073659667 0.5303002000
-13.7 -554.2 2217.2 0.5296695232 0.0453130677 -0.8469929099 0.0809266791 0.9913169146 0.1036419645 0.8443347216 -0.1234403104 0.5214033127
-228.2 -232.5 1980.4 0 0 0 0 0 0 0 0 0
182.6 262.5 2136.5 0 0 0 0 0 0 0 0 0
-227.8 -894.2 2079.4 0 0 0 0 0 0 0 0 0
-30.7 -927.4 2263.7 0 0 0 0 0 0 0 0 0
-6.1 432.8 2199.8 3 0.6069415212 0.1782658547 -0.7744955420 -0.1795683354 0.9800782204 0.0848642811 0.7741945386 0.0875672176 0.6268610358
-41.7 237.0 2182.3 0.6069415212 0.1782658547 -0.7744955420 -0.1795683354 0.9800782204 0.0848642811 0.7741945386 0.0875672176 0.6268610358
-75.1 44.6 2167.0 0.6091027260 0.1704277098 -0.7745633125 -0.1674057245 0.9822616577 0.0844828710 0.7752220631 0.0782075822 0.6268287897
-128.5 260.9 2071.8 0.3489545882 0.0157712586 -0.9370068908 0.9300307035 0.1170936003 0.3483274281 0.1152110770 -0.9929956198 0.0261925962
-220.1 16.7 2041.6 0.0333389752 0.0198815074 -0.9992463589 0.9714316726 0.2344054580 0.0370748118 0.2349659055 -0.9719355702 -0.0114986887
45.1 213.2 2292.7 0.2393919528 0.6771882176 -0.6957783699 -0.9699059725 0.1995849609 -0.1394568980 0.0444283411 0.7082244754 0.7045879364
88.2 38.5 2300.8 0.3408991396 0.6771882176 0.6520765424 0.7678785920 0.1995849609 -0.6087103486 -0.5423561931 0.7082244754 -0.4519600272
-165.1 -133.1 2081.8 0.5578067303 -0.0221897662 -0.8296741843 -0.0342998169 0.9981722236 -0.0497567356 0.8292617798 0.0562123172 0.5560261011
-156.4 -524.1 2059.8 0.5528612137 0.1903296560 -0.8112453818 -0.0608329698 0.9801857471 0.1885079592 0.8310498595 -0.0548682734 0.5534849763
-55.7 -163.5 2222.4 0.5315618515 -0.1104876921 -0.8397824168 0.0468132347 0.9937726259 -0.1011160985 0.8457248211 0.0144365281 0.5334239006
-12.4 -552.7 2216.7 0.5337376595 0.0556743741 -0.8438154459 0.0801734030 0.9900044799 0.1160318255 0.8418410420 -0.1295821071 0.5239390731
-228.7 -232.9 1981.2 0 0 0 0 0 0 0 0 0
184.2 254.7 2148.0 0 0 0 0 0 0 0 0 0
-228.1 -893.2 2080.4 0 0 0 0 0 0 0 0 0
-33.4 -925.5 2265.5 0 0 0 0 0 0 0 0 0
-6.5 432.3 2200.0 4 0.6077583432 0.1790950447 -0.7736631632 -0.1802536100 0.9799196720 0.0852413848 0.7733941078 0.0876494125 0.6278368831
-42.2 236.7 2182.5 0.6077583432 0.1790950447 -0.7736631632 -0.1802536100 0.9799196720 0.0852413848 0.7733941078 0.0876494125 0.6278368831
-75.8 44.4 2167.3 0.6100137830 0.1712361276 -0.7736674547 -0.1676216722 0.9821613431 0.0852174610 0.7744585872 0.0776996017 0.6278348565
-129.2 260.6 2072.2 0.3488442600 0.0143610556 -0.9370706677 0.9302191734 0.1163399369 0.3480766118 0.1140174940 -0.9931056499 0.0272255894
-219.9 18.6 2042.5 0.0299126543 0.0178797524 -0.9993925691 0.9729769230 0.2285017669 0.0332100503 0.2289567590 -0.9733793139 -0.0105614923
44.7 212.8 2292.9 0.1717456281 0.6601068974 -0.7312744260 -0.9808248281 0.1839888394 -0.0642714351 0.0921203196 0.7282904387 0.6790484786
77.0 28.7 2310.2 0.3888463378 0.6601068974 0.6426954269 0.7458325624 0.1839888394 -0.6402201653 -0.5408625603 0.7282904387 -0.4207858443
-163.5 -132.6 2081.6 0.5589997768 -0.0136135863 -0.8290560246 -0.0409893058 0.9981890321 -0.0440283194 0.8281540871 0.0585942492 0.5574294329
-158.2 -523.6 2058.6 0.5593497753 0.1796679050 -0.8092263341 -0.0390841588 0.9808585644 0.1907588542 0.8280097842 -0.0750729963 0.5556651950
-53.4 -162.9 2221.7 0.5326941013 -0.1071612090 -0.8394959569 0.0469151773 0.9941648245 -0.0971350372 0.8450064659 0.0123581588 0.5346132517
-11.4 -552.3 2216.9 0.5342038870 0.0719712749 -0.8422863483 0.0662850440 0.9897353649 0.1266104430 0.8427529335 -0.1234667823 0.5239498615
-227.6 -231.4 1983.7 0 0 0 0 0 0 0 0 0
186.3 238.5 2158.1 0 0 0 0 0 0 0 0 0
-225.8 -892.9 2086.9 0 0 0 0 0 0 0 0 0
-38.5 -924.9 2263.4 0 0 0 0 0 0 0 0 0
-5.9 432.4 2199.6 5 0.6027042866 0.1841995418 -0.7764136195 -0.1809779108 0.9791915417 0.0918202251 0.7771708965 0.0851732716 0.6234989762
-42.6 237.0 2182.7 0.6027042866 0.1841995418 -0.7764136195 -0.1809779108 0.9791915417 0.0918202251 0.7771708965 0.0851732716 0.6234989762
-77.1 44.8 2167.8 0.6050267220 0.1757604480 -0.7765635252 -0.1683274806 0.9815213680 0.0910035297 0.7782085538 0.0756574199 0.6234319806
-128.9 261.0 2071.7 0.3497845829 0.0184821617 -0.9366478324 0.9305625558 0.1086032093 0.3496550620 0.1081853434 -0.9939133525 0.0207889192
-220.0 18.5 2043.6 0.0258088969 0.0219636317 -0.9994255900 0.9715728760 0.2348001748 0.0302496646 0.2353296876 -0.9717954993 -0.0152793350
43.6 213.1 2293.6 0.1229371354 0.6437433958 -0.7553018928 -0.9870971441 0.1579968780 -0.0260047615 0.1025949493 0.7487532496 0.6548609138
67.7 19.2 2313.7 0.4242522120 0.6437433958 0.6368709207 0.7406297922 0.1579968780 -0.6530731320 -0.5210351348 0.7487532496 -0.4097450078
-164.4 -132.9 2082.1 0.5543125272 -0.0194202047 -0.8320819736 -0.0375666842 0.9981251359 -0.0483215377 0.8314603567 0.0580437966 0.5525437593
-156.8 -523.8 2059.4 0.5523127913 0.1866902709 -0.8124637604 -0.0482401885 0.9801257253 0.1924224496 0.8322400451 -0.0670839772 0.5503419638
-54.2 -163.2 2222.1 0.5283529758 -0.1081890985 -0.8421034813 0.0473738126 0.9940593839 -0.0979883000 0.8477020860 0.0118787559 0.5303395391
-11.8 -552.5 2217.4 0.5287553668 0.0600354113 -0.8466483951 0.0538461916 0.9931133986 0.1040496156 0.8470645547 -0.1006055847 0.5218814015
-226.7 -231.2 1983.1 0 0 0 0 0 0 0 0 0
187.1 227.5 2167.2 0 0 0 0 0 0 0 0 0
-227.1 -892.9 2084.6 0 0 0 0 0 0 0 0 0
-34.4 -926.4 2255.3 0 0 0 0 0 0 0 0 0
-7.0 433.0 2200.0 6 0.5907046795 0.1821041554 -0.7860699892 -0.1814897954 0.9792227149 0.0904673189 0.7862120867 0.0892242119 0.6114814878
-43.3 238.0 2182.2 0.5907046795 0.1821041554 -0.7860699892 -0.1814897954 0.9792227149 0.0904673189 0.7862120867 0.0892242119 0.6114814878
-77.9 45.8 2167.4 0.5932983756 0.1768193543 -0.7853227854 -0.1673220247 0.9813581705 0.0945486724 0.7874010205 0.0753062293 0.6118240356
-127.9 261.8 2070.0 0.3524648845 0.0305679608 -0.9353256822 0.9301157594 0.0987904593 0.3537302613 0.1032140628 -0.9946386218 0.0063884240
-220.0 18.8 2043.0 0.0123265870 0.0326314606 -0.9993914366 0.9710510373 0.2380543500 0.0197498258 0.2385539412 -0.9707035422 -0.0287524164
41.2 214.1 2294.4 0.0747657567 0.6176357865 -0.7829023600 -0.9875146747 0.1550201923 0.0279903859 0.1386535466 0.7710348368 0.6215146184
56.6 10.7 2323.0 0.4742260575 0.6176357865 0.6274039149 0.7086929679 0.1550201923 -0.6882753968 -0.5223637819 0.7710348368 -0.3641995192
-166.2 -132.2 2082.7 0.5421901941 -0.0210860092 -0.8399911523 -0.0405388176 0.9978644848 -0.0512156934 0.8392773271 0.0618208982 0.5401775241
-157.9 -523.1 2058.5 0.5430017710 0.1814497560 -0.8198933005 -0.0361823924 0.9805243611 0.1930358410 0.8389516473 -0.0751531050 0.5389917493
-56.8 -162.7 2223.4 0.5163050890 -0.1133951470 -0.8488642573 0.0469197072 0.9934519529 -0.1041718349 0.8551184535 0.0139559871 0.5182448030
-12.4 -551.8 2217.9 0.5175513029 0.0496056303 -0.8542130589 0.0692551062 0.9926142097 0.0996031612 0.8528448939 -0.1107083634 0.5102933049
-223.1 -230.8 1981.7 0 0 0 0 0 0 0 0 0
189.9 209.8 2176.2 0 0 0 0 0 0 0 0 0
-226.3 -892.4 2086.8 0 0 0 0 0 0 0 0 0
-31.1 -925.5 2259.6 0 0 0 0 0 0 0 0 0
-6.5 433.1 2199.6 7 0.5859891772 0.1848860234 -0.7889447808 -0.1809783429 0.9788902998 0.0949772224 0.7898503542 0.0871262997 0.6070794463
-43.3 238.2 2182.3 0.5859891772 0.1848860234 -0.7889447808 -0.1809783429 0.9788902998 0.0949772224 0.7898503542 0.0871262997 0.6070794463
-78.0 46.0 2167.6 0.5886515379 0.1768084913 -0.7888143659 -0.1665490121 0.9813796282 0.0956840143 0.7910441160 0.0750517100 0.6071379185
-127.2 261.9 2069.5 0.3509455621 0.0360226370 -0.9357027411 0.9307087064 0.0965456218 0.3527893126 0.1030464023 -0.9946764708 0.0003556757
-218.2 20.7 2042.8 0.0167151373 0.0387815461 -0.9991078973 0.9712933302 0.2365217358 0.0254306681 0.2372969687 -0.9708518982 -0.0337147638
40.5 214.4 2295.0 0.0168952383 0.5730939507 -0.8193154931 -0.9889023304 0.1305459440 0.0709218308 0.1476031840 0.8090247512 0.5689395666
44.0 10.5 2325.4 0.5523925424 0.5730939507 0.6053311825 0.6676966548 0.1305459440 -0.7328975797 -0.4990427196 0.8090247512 -0.3105403185
-166.2 -131.3 2081.5 0.5372971296 -0.0210605320 -0.8431299925 -0.0395937227 0.9979560971 -0.0501596183 0.8424631357 0.0603332743 0.5353651047
-158.0 -522.2 2057.9 0.5371772051 0.1826329976 -0.8234596848 -0.0402383916 0.9807140827 0.1912608594 0.8425090313 -0.0696062893 0.5341661572
-59.0 -161.6 2223.9 0.5115192533 -0.1174930185 -0.8512011766 0.0464470237 0.9929400086 -0.1091457233 0.8580155373 0.0162943806 0.5133651495
-12.9 -550.5 2217.5 0.5131120086 0.0551934317 -0.8565452695 0.0720253587 0.9916418791 0.1070453599 0.8552943468 -0.1166192368 0.5048480034
-222.5 -228.9 1981.8 0 0 0 0 0 0 0 0 0
198.8 197.6 2185.6 0 0 0 0 0 0 0 0 0
-226.7 -891.6 2084.1 0 0 0 0 0 0 0 0 0
-33.7 -924.0 2261.4 0 0 0 0 0 0 0 0 0
-6.4 432.9 2199.4 8 0.5799466372 0.1830741018 -0.7938172221 -0.1760794371 0.9795582891 0.0972706005 0.7953979373 0.0833631307 0.6003271341
-42.8 238.0 2182.9 0.5799466372 0.1830741018 -0.7938172221 -0.1760794371 0.9795582891 0.0972706005 0.7953979373 0.0833631307 0.6003271341
-77.0 45.6 2168.9 0.5826624632 0.1744799912 -0.7937639356 -0.1611797363 0.9820909500 0.0975628048 0.7965711355 0.0710924789 0.6003501415
-125.9 261.0 2069.3 0.3588799238 0.0440637432 -0.9323430657 0.9278177619 0.0920826569 0.3614899516 0.1017812267 -0.9947759509 -0.0078365076
-218.8 20.6 2043.0 0.0078026527 0.0457778871 -0.9989211559 0.9700739384 0.2420906126 0.0186716914 0.2426842004 -0.9691731334 -0.0425189883
40.2 215.0 2296.4 -0.0332889669 0.5250173807 -0.8504402637 -0.9901603460 0.0983956829 0.0995024219 0.1359201521 0.8453845382 0.5165758729
33.2 7.2 2324.9 0.6170508265 0.5250173807 0.5861783028 0.6401122212 0.0983956829 -0.7619544864 -0.4577167630 0.8453845382 -0.2753548920
-165.8 -131.2 2081.4 0.5307675600 -0.0204395186 -0.8472709060 -0.0380800180 0.9981243610 -0.0479336865 0.8466615081 0.0577057377 0.5289937258
-157.8 -522.2 2058.8 0.5299590230 0.1809722781 -0.8284880519 -0.0424943268 0.9814037085 0.1871923357 0.8469579220 -0.0639982149 0.5277940035
-59.4 -161.3 2224.4 0.5048946738 -0.1205834895 -0.8547168970 0.0498259924 0.9926146865 -0.1106051132 0.8617416620 0.0132568171 0.5071740746
-12.2 -550.1 2219.2 0.5050935745 0.0584472977 -0.8610832691 0.0531592742 0.9937031865 0.0986311957 0.8614258766 -0.0955925435 0.4988060594
-220.8 -228.7 1980.6 0 0 0 0 0 0 0 0 0
206.0 186.5 2196.7 0 0 0 0 0 0 0 0 0
-226.0 -891.8 2082.9 0 0 0 0 0 0 0 0 0
-34.2 -924.3 2255.2 0 0 0 0 0 0 0 0 0
-5.6 432.3 2199.4 9 0.5745373368 0.1837457567 -0.7975865602 -0.1741362512 0.9796062112 0.1002407968 0.7997395992 0.0812966526 0.5948171020
-42.1 237.7 2183.2 0.5745373368 0.1837457567 -0.7975865602 -0.1741362512 0.9796062112 0.1002407968 0.7997395992 0.0812966526 0.5948171020
-76.6 45.3 2169.7 0.5771695375 0.1763337106 -0.7973592281 -0.1597973555 0.9819199443 0.1014792621 0.8008371592 0.0688451603 0.5949119329
-124.4 260.4 2069.1 0.3603660464 0.0533133410 -0.9312862158 0.9265074730 0.0954112634 0.3639788926 0.1082601249 -0.9940092564 -0.0150122261
-217.3 21.5 2041.2 -0.0058880658 0.0530199409 -0.9985761046 0.9710545540 0.2387565821 0.0069511249 0.2387851775 -0.9696309566 -0.0528910682
40.2 214.9 2297.3 -0.0807871968 0.4441568553 -0.8922993541 -0.9865157604 0.0922116637 0.1352172792 0.1423380822 0.8911911845 0.4307182133
23.1 6.6 2327.4 0.6896016598 0.4441568553 0.5719914436 0.5998446345 0.0922116637 -0.7947851419 -0.4057535529 0.8911911845 -0.2028357834
-163.8 -132.1 2083.0 0.5253322721 -0.0165520646 -0.8507361412 -0.0413788334 0.9981309175 -0.0449713618 0.8498904705 0.0588273779 0.5236654878
-157.4 -523.1 2060.0 0.5239564776 0.1902976334 -0.8302146792 -0.0485358648 0.9798089266 0.1939554214 0.8503610492 -0.0613290109 0.5226134658
-58.5 -161.3 2227.0 0.5010858178 -0.1195518970 -0.8570999503 0.0382365547 0.9925031066 -0.1160842851 0.8645524383 0.0253956430 0.5019004941
-11.7 -550.0 2217.1 0.5036785603 0.0604847856 -0.8617711067 0.0750687569 0.9907082915 0.1134098098 0.8606233597 -0.1218141764 0.4944580197
-215.8 -228.1 1979.8 0 0 0 0 0 0 0 0 0
215.9 174.2 2214.0 0 0 0 0 0 0 0 0 0
-229.0 -892.2 2083.1 0 0 0 0 0 0 0 0 0
-34.5 -923.0 2262.9 0 0 0 0 0 0 0 0 0
-4.8 431.2 2199.8 0 0.5743137598 0.1885041893 -0.7966365814 -0.1789188683 0.9785045385 0.1025519520 0.7988439798 0.0836363211 0.5956955552
-42.3 236.6 2183.2 0.5743137598 0.1885041893 -0.7966365814 -0.1789188683 0.9785045385 0.1025519520 0.7988439798 0.0836363211 0.5956955552
-77.0 44.3 2169.3 0.5775228143 0.1768005788 -0.7969999909 -0.1616992950 0.9816988111 0.1006021202 0.8002004623 0.0707743168 0.5955419540
-124.6 259.6 2069.1 0.3525051177 0.0539913177 -0.9342510700 0.9289515018 0.1004568860 0.3563110232 0.1130896583 -0.9934753776 -0.0147437472
-215.0 21.5 2040.1 -0.0035082223 0.0540294461 -0.9985331893 0.9711998105 0.2380782515 0.0094699413 0.2382406890 -0.9697420001 -0.0533086173
40.0 213.5 2297.2 -0.1015506908 0.3939034343 -0.9135248065 -0.9840825200 0.0948413759 0.1502888650 0.1458392441 0.9142457247 0.3780022860
18.3 3.9 2328.3 0.7233573198 0.3939034343 0.5670928359 0.5816944242 0.0948413759 -0.8078593612 -0.3720024228 0.9142457247 -0.1605272293
-163.3 -132.5 2083.8 0.5257866383 -0.0155699151 -0.8504739404 -0.0448241718 0.9979361296 -0.0459811054 0.8494346142 0.0622980408 0.5240036249
-157.2 -523.4 2059.4 0.5263884664 0.1838389337 -0.8301315904 -0.0416287147 0.9807464480 0.1907968670 0.8492245078 -0.0658759624 0.5239065886
-59.0 -161.4 2228.6 0.5018232465 -0.1193715185 -0.8566935658 0.0340419486 0.9923895597 -0.1183387116 0.8643000126 0.0302216019 0.5020678043
-12.2 -550.1 2216.8 0.5049054027 0.0505714454 -0.8616919518 0.0826621056 0.9908612370 0.1065877751 0.8592075109 -0.1250460148 0.4961108565
-214.1 -228.1 1978.9 0 0 0 0 0 0 0 0 0
221.1 166.9 2224.0 0 0 0 0 0 0 0 0 0
-226.5 -892.8 2084.3 0 0 0 0 0 0 0 0 0
-31.3 -923.2 2263.9 0 0 0 0 0 0 0 0 0
-4.7 429.3 2200.0 1 0.5758327842 0.1877093762 -0.7957271934 -0.1793307364 0.9785832763 0.1010707393 0.7976572514 0.0844985023 0.5971623659
-42.0 234.8 2183.3 0.5758327842 0.1877093762 -0.7957271934 -0.1793307364 0.9785832763 0.1010707393 0.7976572514 0.0844985023 0.5971623659
-76.3 42.6 2168.7 0.5787307024 0.1753531992 -0.7964433432 -0.1636838913 0.9817122817 0.0972040072 0.7989232540 0.0741100013 0.5968495011
-124.5 258.2 2069.4 0.3447001576 0.0541775078 -0.9371480942 0.9309713244 0.1082196832 0.3486845195 0.1203087270 -0.9926496148 -0.0131343659
-212.2 21.1 2038.7 -0.0038219623 0.0541529171 -0.9985253215 0.9706746340 0.2402166426 0.0093122823 0.2403666973 -0.9692076445 -0.0534829609
40.5 211.5 2297.1 -0.1210936829 0.3477890491 -0.9297199249 -0.9831992388 0.0868521184 0.1605488211 0.1365852654 0.9335413575 0.3314287066
14.6 1.5 2326.3 0.7459523678 0.3477890491 0.5679769516 0.5775573254 0.0868521184 -0.8117168546 -0.3316362500 0.9335413575 -0.1360805780
-163.8 -133.4 2083.1 0.5267701149 -0.0150093446 -0.8498752713 -0.0407778658 0.9982466698 -0.0429046340 0.8490290642 0.0572569780 0.5252344608
-157.9 -524.4 2060.7 0.5253857374 0.1773826629 -0.8321689963 -0.0485394113 0.9826835990 0.1788207889 0.8494784832 -0.0535569042 0.5248979926
-59.4 -162.6 2227.8 0.5021317601 -0.1206356511 -0.8563356400 0.0372176506 0.9923195839 -0.1179688796 0.8639898896 0.0273651164 0.5027649403
-12.1 -551.3 2217.1 0.5059965253 0.0536274090 -0.8608667850 0.0935527608 0.9887650609 0.1165828183 0.8574470282 -0.1395269632 0.4952946603
-211.3 -228.4 1977.0 0 0 0 0 0 0 0 0 0
224.0 163.6 2233.2 0 0 0 0 0 0 0 0 0
-224.7 -894.5 2080.9 0 0 0 0 0 0 0 0 0
-32.3 -923.6 2269.6 0 0 0 0 0 0 0 0 0
-4.8 428.2 2199.7 2 0.5798748732 0.1852039993 -0.7933754325 -0.1768367290 0.9792144895 0.0993366539 0.7952823043 0.0826950893 0.6005727649
-41.7 233.4 2183.2 0.5798748732 0.1852039993 -0.7933754325 -0.1768367290 0.9792144895 0.0993366539 0.7952823043 0.0826950893 0.6005727649
-75.7 41.0 2168.8 0.5824661255 0.1737471521 -0.7940687537 -0.1626785696 0.9820418358 0.0955486819 0.7964100242 0.0735240951 0.6002710462
-124.7 256.6 2069.7 0.3410684168 0.0520635433 -0.9385955930 0.9315852523 0.1148806214 0.3448933363 0.1257828176 -0.9920140505 -0.0093194749
-210.5 22.2 2038.1 -0.0023873129 0.0521984994 -0.9986338615 0.9698318839 0.2435522228 0.0104119927 0.2437629998 -0.9684821367 -0.0512052029
41.3 210.2 2296.7 -0.1413289309 0.3155278265 -0.9383327365 -0.9833213091 0.0648649409 0.1699167341 0.1144783571 0.9466967583 0.3010979593
11.2 0.6 2321.1 0.7605769634 0.3155278265 0.5674194694 0.5792794228 0.0648649409 -0.8125440478 -0.2931858897 0.9466967583 -0.1334439963
-163.0 -134.9 2082.0 0.5304166675 -0.0149560170 -0.8476051092 -0.0358823873 0.9985522032 -0.0400740616 0.8469773531 0.0516700484 0.5291121006
-157.1 -526.1 2061.8 0.5274859071 0.1852280200 -0.8291255832 -0.0517796539 0.9811378121 0.1862458289 0.8479843736 -0.0553102158 0.5271273851
-58.3 -164.5 2226.4 0.5052216649 -0.1191682518 -0.8547221422 0.0424299277 0.9926522970 -0.1133188233 0.8619459271 0.0209853277 0.5065657496
-11.7 -553.4 2218.2 0.5085924268 0.0605780333 -0.8588736653 0.0885375068 0.9885543585 0.1221532151 0.8564431071 -0.1381687373 0.4974078536
-209.9 -227.1 1975.4 0 0 0 0 0 0 0 0 0
224.9 163.3 2238.7 0 0 0 0 0 0 0 0 0
-226.9 -895.6 2082.6 0 0 0 0 0 0 0 0 0
-34.5 -925.6 2270.3 0 0 0 0 0 0 0 0 0
-1.1 430.8 2206.5 3 0.5609744787 0.1975856274 -0.8039076924 -0.1938613653 0.9754506350 0.1044693887 0.8048138618 0.0972419679 0.5855071545
-40.5 236.6 2187.1 0.5609744787 0.1975856274 -0.8039076924 -0.1938613653 0.9754506350 0.1044693887 0.8048138618 0.0972419679 0.5855071545
-75.8 44.7 2169.9 0.5643208623 0.1806505919 -0.8055478334 -0.1765644401 0.9795971513 0.0959915742 0.8064532876 0.0880610570 0.5847036242
-120.9 261.7 2072.2 0.3412809372 0.0722060874 -0.9371838570 0.9296663404 0.1212324426 0.3478838503 0.1387364119 -0.9899944067 -0.0257532485
-209.3 20.9 2036.3 -0.0039663627 0.0722480416 -0.9973788261 0.9710247517 0.2386016697 0.0134222489 0.2389459759 -0.9684262872 -0.0711010173
40.0 211.4 2302.0 -0.1381977648 0.3168721497 -0.9383460879 -0.9851877093 0.0531343110 0.1630395502 0.1015210673 0.9469787478 0.3048354983
10.5 1.7 2323.6 0.7661764622 0.3168721497 0.5590757132 0.5741856694 0.0531343110 -0.8169991374 -0.2885903716 0.9469787478 -0.1412331760
-162.4 -136.6 2082.4 0.5120822191 -0.0172069985 -0.8587640524 -0.0301010199 0.9988256693 -0.0379626863 0.8584088087 0.0452896915 0.5109629631
-155.6 -527.9 2064.7 0.5053025484 0.1847668886 -0.8429297209 -0.0682135820 0.9823046923 0.1744260192 0.8602419496 -0.0306386519 0.5089646578
-57.1 -166.0 2226.4 0.4854982495 -0.1167136282 -0.8664118052 0.0459661260 0.9930854440 -0.1080203801 0.8730283976 0.0126181124 0.4875061214
-11.4 -555.0 2221.5 0.4880812168 0.0685611889 -0.8701012135 0.0792947561 0.9893038869 0.1224341840 0.8691887259 -0.1287522912 0.4774241149
-208.3 -228.7 1974.8 0 0 0 0 0 0 0 0 0
226.1 163.2 2242.4 0 0 0 0 0 0 0 0 0
-225.2 -897.7 2076.2 0 0 0 0 0 0 0 0 0
-37.2 -927.6 2269.9 0 0 0 0 0 0 0 0 0
-2.3 429.4 2209.4 4 0.5590159297 0.1890026778 -0.8073284030 -0.1959436536 0.9762083292 0.0928622857 0.8056719303 0.1062793881 0.5827499032
-39.9 235.2 2188.2 0.5590159297 0.1890026778 -0.8073284030 -0.1959436536 0.9762083292 0.0928622857 0.8056719303 0.1062793881 0.5827499032
-74.6 43.3 2169.8 0.5621372461 0.1774393767 -0.8077852130 -0.1792839468 0.9796329737 0.0904241353 0.8073778152 0.0939921439 0.5825002193
-120.0 260.7 2073.2 0.3513984084 0.0754894614 -0.9331776500 0.9247332215 0.1277122200 0.3585498929 0.1462449282 -0.9889342189 -0.0249297414
-208.0 29.2 2036.6 -0.0056817364 0.0753206611 -0.9971431494 0.9717481136 0.2357013375 0.0122670094 0.2359519452 -0.9689022899 -0.0745319054
40.2 209.6 2303.3 -0.0954510048 0.3190181255 -0.9429297447 -0.9894844294 0.0730053037 0.1248632669 0.1086725220 0.9449326396 0.3086950183
20.2 2.0 2326.1 0.7392536402 0.3190181255 0.5930695534 0.6047394276 0.0730053037 -0.7930702567 -0.2963010073 0.9449326396 -0.1389533877
-162.2 -131.1 2079.7 0.5090379715 -0.0247419011 -0.8603883982 -0.0221242104 0.9988804460 -0.0418139808 0.8604596853 0.0403203182 0.5079206824
-152.5 -522.4 2063.9 0.5003165603 0.1985166669 -0.8427778482 -0.0679152384 0.9793602824 0.1903707087 0.8631749153 -0.0380081609 0.5034724474
-60.2 -163.1 2225.5 0.4815247357 -0.1245055348 -0.8675438166 0.0500061922 0.9921485782 -0.1146325544 0.8750047684 0.0118158497 0.4839701355
-11.4 -551.7 2220.8 0.4827058911 0.0645009354 -0.8734040856 0.0670764968 0.9916319251 0.1103033721 0.8732100129 -0.1118289754 0.4743400812
-206.5 -220.6 1975.9 0 0 0 0 0 0 0 0 0
228.1 172.1 2242.7 0 0 0 0 0 0 0 0 0
-227.2 -891.2 2078.2 0 0 0 0 0 0 0 0 0
-35.7 -925.1 2263.0 0 0 0 0 0 0 0 0 0
-1.6 428.9 2210.8 5 0.5580841899 0.1881079823 -0.8081815243 -0.1990824640 0.9758722186 0.0896637365 0.8055483699 0.1108548567 0.5820678473
-39.0 234.8 2188.8 0.5580841899 0.1881079823 -0.8081815243 -0.1990824640 0.9758722186 0.0896637365 0.8055483699 0.1108548567 0.5820678473
-74.0 43.0 2169.6 0.5611010194 0.1783422232 -0.8083066940 -0.1829884052 0.9790786505 0.0889960378 0.8072675467 0.0979749858 0.5819965601
-119.0 260.9 2073.7 0.3519055247 0.0775366947 -0.9328185916 0.9235053062 0.1337554902 0.3595099747 0.1526448280 -0.9879764915 -0.0245362464
-207.5 28.5 2035.3 -0.0043833046 0.0775076374 -0.9969820976 0.9712190628 0.2377635539 0.0142142400 0.2381477207 -0.9682257175 -0.0763190910
40.9 208.7 2303.8 -0.0670827106 0.3170705438 -0.9460265040 -0.9903560281 0.0940377936 0.1017438546 0.1212222278 0.9437283278 0.3077044189
27.0 2.7 2329.0 0.7145311236 0.3170705438 0.6236277223 0.6306297779 0.0940377936 -0.7703654766 -0.3029047549 0.9437283278 -0.1327611953
-160.2 -132.3 2078.4 0.5079793334 -0.0233932454 -0.8610514998 -0.0205934215 0.9990155697 -0.0392906219 0.8611230254 0.0376908220 0.5069975257
-151.0 -523.7 2063.7 0.4986503124 0.2033882290 -0.8426037431 -0.0684031770 0.9782837033 0.1956579536 0.8641000390 -0.0399281196 0.5017338395
-58.6 -164.7 2224.4 0.4795307517 -0.1210115403 -0.8691412210 0.0552205406 0.9926443100 -0.1077402234 0.8757858872 0.0036703018 0.4826858044
-11.1 -553.6 2222.9 0.4789995253 0.0711767748 -0.8749247789 0.0476133153 0.9931333661 0.1068603694 0.8765228987 -0.0928441361 0.4723214209
-206.4 -221.1 1974.1 0 0 0 0 0 0 0 0 0
228.0 180.1 2243.8 0 0 0 0 0 0 0 0 0
-227.6 -892.1 2078.7 0 0 0 0 0 0 0 0 0
-38.0 -927.5 2257.9 0 0 0 0 0 0 0 0 0
-0.6 430.2 2218.1 6 0.5591065884 0.1793920696 -0.8094555736 -0.2113256752 0.9748993516 0.0700910836 0.8017114401 0.1318703592 0.5829827785
-36.5 235.2 2191.7 0.5591065884 0.1793920696 -0.8094555736 -0.2113256752 0.9748993516 0.0700910836 0.8017114401 0.1318703592 0.5829827785
-71.0 43.8 2169.1 0.5619326234 0.1759662032 -0.8082497120 -0.1957979500 0.9776388407 0.0767165646 0.8036758900 0.1151441038 0.5838209987
-116.6 263.1 2077.2 0.3570339978 0.0747979432 -0.9310918450 0.9196776748 0.1462846696 0.3644087315 0.1634614766 -0.9864106774 -0.0165614001
-207.5 29.0 2035.5 -0.0053662155 0.0746316537 -0.9971967340 0.9700172544 0.2426911443 0.0129434029 0.2429767996 -0.9672285914 -0.0736963227
43.6 207.3 2306.2 -0.0546555519 0.3223897517 -0.9450278282 -0.9915224314 0.0942116082 0.0894841999 0.1178813800 0.9419071078 0.3145074844
32.2 1.4 2330.7 0.6959757805 0.3223897517 0.6416249275 0.6508595347 0.0942116082 -0.7533299923 -0.3033143878 0.9419071078 -0.1442614347
-159.6 -132.2 2077.4 0.5080837011 -0.0229655802 -0.8610014915 -0.0201398320 0.9990543723 -0.0385325514 0.8610722423 0.0369181857 0.5071406960
-150.6 -523.5 2063.0 0.4993756115 0.1972923577 -0.8436229825 -0.0661802515 0.9795684218 0.1899101585 0.8638542295 -0.0390053205 0.5022294521
-58.2 -165.3 2223.4 0.4776650667 -0.1196179390 -0.8703606129 0.0584434830 0.9928194880 -0.1043735296 0.8765959740 -0.0010113221 0.4812260568
-11.3 -554.2 2223.8 0.4776099026 0.0669811666 -0.8760150075 0.0576239452 0.9925544262 0.1073089167 0.8766802549 -0.1017312407 0.4701941013
-206.1 -220.4 1973.1 0 0 0 0 0 0 0 0 0
228.1 184.6 2245.3 0 0 0 0 0 0 0 0 0
-224.9 -892.5 2077.7 0 0 0 0 0 0 0 0 0
-36.5 -927.9 2262.1 0 0 0 0 0 0 0 0 0
0.2 430.6 2222.2 7 0.5718131065 0.1777803004 -0.8008894920 -0.2180284709 0.9740619659 0.0605545454 0.7908813953 0.1399908364 0.5957425237
-35.5 235.2 2194.1 0.5718131065 0.1777803004 -0.8008894920 -0.2180284709 0.9740619659 0.0605545454 0.7908813953 0.1399908364 0.5957425237
-69.5 43.8 2170.0 0.5746878386 0.1736420095 -0.7997388840 -0.2020673603 0.9770811200 0.0669426769 0.7930338383 0.1231299862 0.5966040492
-117.4 264.0 2081.1 0.3567237258 0.0638566315 -0.9320249557 0.9166415334 0.1686460525 0.3623904288 0.1803233624 -0.9836060405 0.0016264040
-206.9 33.9 2035.8 -0.0070695076 0.0635050461 -0.9979564548 0.9701904058 0.2421935499 0.0085391942 0.2422408909 -0.9681473970 -0.0633241758
46.4 206.4 2307.1 -0.0663156137 0.3202801347 -0.9449988604 -0.9922914505 0.0781998113 0.0961379632 0.1046898142 0.9440897107 0.3126253784
32.7 1.8 2328.7 0.6946539879 0.3202801347 0.6441090703 0.6582181454 0.0781998113 -0.7487547398 -0.2901804745 0.9440897107 -0.1564923972
-156.2 -130.0 2073.9 0.5206906796 -0.0122403800 -0.8536576629 -0.0123345684 0.9996849895 -0.0218577310 0.8536562920 0.0219106153 0.5203756690
-151.4 -521.5 2065.4 0.5090557933 0.1990310699 -0.8374059796 -0.0748207495 0.9794476628 0.1873076707 0.8574754000 -0.0326947123 0.5134851933
-54.6 -165.4 2219.2 0.4885816872 -0.1103973165 -0.8655058146 0.0670624524 0.9937801957 -0.0889019743 0.8699371219 -0.0146070644 0.4929463267
-11.4 -554.6 2224.9 0.4874445498 0.0651104525 -0.8707229495 0.0484036282 0.9936674237 0.1014010534 0.8718112707 -0.0915735364 0.4812061787
-205.1 -215.4 1973.6 0 0 0 0 0 0 0 0 0
228.3 187.1 2247.0 0 0 0 0 0 0 0 0 0
-226.4 -890.4 2077.7 0 0 0 0 0 0 0 0 0
-35.9 -928.8 2259.4 0 0 0 0 0 0 0 0 0
0.7 429.1 2217.2 8 0.5609506965 0.1869138330 -0.8064723015 -0.2073765248 0.9748441577 0.0816938803 0.8014544845 0.1214171723 0.5856010318
-36.9 233.3 2192.8 0.5609506965 0.1869138330 -0.8064723015 -0.2073765248 0.9748441577 0.0816938803 0.8014544845 0.1214171723 0.5856010318
-71.0 41.6 2171.4 0.5641515255 0.1740911156 -0.8071092367 -0.1900560409 0.9786501527 0.0782470182 0.8034996986 0.1092528179 0.5851940513
-117.3 260.3 2078.3 0.3638848662 0.0781160295 -0.9281625152 0.9150876403 0.1559406668 0.3718831539 0.1737883240 -0.9846727252 -0.0147385644
-206.6 35.7 2035.7 -0.0024276932 0.0781963691 -0.9969350100 0.9705919027 0.2401665747 0.0164743494 0.2407187074 -0.9675770402 -0.0764798149
43.5 206.2 2307.3 -0.0548050515 0.2848820090 -0.9569945931 -0.9944832325 0.0702780858 0.0778726041 0.0894402564 0.9559828639 0.2794587910
32.2 1.2 2325.7 0.6991584301 0.2848820090 0.6557589173 0.6670311689 0.0702780858 -0.7417077422 -0.2573846579 0.9559828639 -0.1408896744
-155.5 -129.3 2074.2 0.5099732280 -0.0121435830 -0.8601045609 -0.0161233619 0.9995897412 -0.0236728005 0.8600391150 0.0259402711 0.5095682144
-150.7 -520.8 2064.0 0.5005312562 0.1930867732 -0.8439111114 -0.0676674768 0.9805536270 0.1842163801 0.8630698323 -0.0351007208 0.5038634539
