152.4 476.7 1895.3 5 0.8198562264 0.1576285809 -0.5504443049 -0.0358620472 0.9736075401 0.2253936380 0.5714452267 -0.1650503278 0.8038710952
120.4 279.0 1928.8 0.8198562264 0.1576285809 -0.5504443049 -0.0358620472 0.9736075401 0.2253936380 0.5714452267 -0.1650503278 0.8038710952
91.1 85.1 1960.2 0.8204939365 0.1478289366 -0.5522104502 -0.0317915641 0.9762899280 0.2141196728 0.5707705617 -0.1581282616 0.8057396412
0.6 283.7 1845.4 0.5118531585 -0.7789875865 -0.3621942699 0.8544626832 0.5052663088 0.1208280176 0.0888810381 -0.3713276982 0.9242380261
-109.5 99.9 1826.3 -0.5949957967 -0.7789875865 -0.1978846639 -0.4087408185 0.5052663088 -0.7600242496 0.6920339465 -0.3713276982 -0.6190353632
240.2 274.3 2012.2 -0.1852998435 0.8345586061 -0.5188216567 -0.7939545512 0.1839607358 0.5794779062 0.5790510774 0.5192979574 0.6285136938
185.4 39.4 2183.5 0.5459377766 0.8345586061 0.0739181638 -0.1496814340 0.1839607358 -0.9714699984 -0.8243466616 0.5192979574 0.2253490388
-15.2 -106.4 1941.9 0.9773399830 0.0326017514 -0.2091499716 -0.0453685410 0.9973692298 -0.0565360151 0.2067565769 0.0647437349 0.9762479067
-28.1 -502.8 1916.2 0.9753004313 0.0918549523 -0.2008773386 -0.0708879679 0.9914887547 0.1092014089 0.2091983110 -0.0922643915 0.9735108614
137.5 -113.7 2043.3 0.8687809706 0.2095261663 -0.4486851692 -0.1805798262 0.9777309895 0.1069255397 0.4610970914 -0.0118713882 0.8872702718
54.2 -502.2 2048.0 0.8942034245 0.0511732288 -0.4447264075 0.0054005226 0.9921393991 0.1250210106 0.4476283193 -0.1141959652 0.8868980408
61.2 217.2 1627.8 0 0 0 0 0 0 0 0 0
326.6 0.7 1970.3 0 0 0 0 0 0 0 0 0
-63.2 -881.5 1951.4 0 0 0 0 0 0 0 0 0
34.6 -881.2 2091.6 0 0 0 0 0 0 0 0 0
145.6 481.1 1903.0 6 0.8225268126 0.1424004883 -0.5506103039 -0.0349181220 0.9789645076 0.2010204494 0.5676533580 -0.1461184323 0.8101969361
116.8 282.6 1932.7 0.8225268126 0.1424004883 -0.5506103039 -0.0349181220 0.9789645076 0.2010204494 0.5676533580 -0.1461184323 0.8101969361
90.6 87.7 1960.3 0.8232018352 0.1318995506 -0.5522148609 -0.0300939772 0.9814091921 0.1895530671 0.5669506788 -0.1394220889 0.8118672371
-3.5 287.0 1849.8 0.4865692556 -0.7913209796 -0.3702181280 0.8695662022 0.4795506597 0.1178377867 0.0842908248 -0.3792654276 0.9214406013
-109.6 97.4 1831.4 -0.5864418745 -0.7913209796 -0.1729075164 -0.4199025929 0.4795506597 -0.7705277205 0.6926527023 -0.3792654276 -0.6135063171
237.0 278.2 2015.5 -0.1470144987 0.8530163169 -0.5007492900 -0.7984443307 0.1964762658 0.5691078305 0.5838436484 0.4834875166 0.6522011757
193.1 40.1 2189.6 0.5209963918 0.8530163169 0.0304281563 -0.2665781081 0.1964762658 -0.9435746670 -0.8108630180 0.4834875166 0.3297589123
-13.5 -105.9 1939.3 0.9785482287 0.0307865553 -0.2037045509 -0.0429049209 0.9975451827 -0.0553426705 0.2015006840 0.0628954023 0.9774669409
-25.7 -502.4 1914.3 0.9759340286 0.0957142934 -0.1959376186 -0.0754565820 0.9912418723 0.1083782390 0.2045949250 -0.0909852311 0.9746089578
137.0 -111.8 2044.0 0.8736239672 0.2017554343 -0.4428045452 -0.1746360660 0.9793683887 0.1016850919 0.4541842639 -0.0115048913 0.8908334970
56.8 -501.0 2048.6 0.8979535699 0.0743338689 -0.4337670505 -0.0126017062 0.9895709753 0.1434938312 0.4399097562 -0.1233845875 0.8895255327
59.4 218.4 1631.8 0 0 0 0 0 0 0 0 0
327.2 -28.5 1980.9 0 0 0 0 0 0 0 0 0
-62.3 -881.1 1949.1 0 0 0 0 0 0 0 0 0
28.4 -878.9 2095.7 0 0 0 0 0 0 0 0 0
138.9 484.5 1911.4 7 0.8307722807 0.1264536083 -0.5420579910 -0.0361792222 0.9840602279 0.1741165668 0.5554353595 -0.1250399798 0.8221049309
113.3 284.9 1936.8 0.8307722807 0.1264536083 -0.5420579910 -0.0361792222 0.9840602279 0.1741165668 0.5554353595 -0.1250399798 0.8221049309
90.0 89.1 1960.8 0.8314697146 0.1171755493 -0.5430727601 -0.0305407364 0.9856674671 0.1659122705 0.5547299981 -0.1213651821 0.8231312633
-8.2 289.3 1855.7 0.4657328427 -0.8001818061 -0.3778915107 0.8803718090 0.4622307420 0.1062459797 0.0896569863 -0.3821672797 0.9197335243
-110.4 96.1 1836.1 -0.5781344175 -0.8001818061 -0.1595921516 -0.4249069393 0.4622307420 -0.7783294916 0.6965734959 -0.3821672797 -0.6072342992
234.7 280.4 2017.8 -0.1309172958 0.8580642343 -0.4965746999 -0.8106117845 0.1957200021 0.5519077778 0.5707619190 0.4747835696 0.6699338555
195.4 36.8 2189.4 0.5130653977 0.8580642343 -0.0221277978 -0.3665561080 0.1957200021 -0.9095770121 -0.7761446238 0.4747835696 0.4149458706
-11.1 -104.5 1936.0 0.9812929630 0.0393617414 -0.1884537190 -0.0506060459 0.9971904159 -0.0552295074 0.1857503057 0.0637332201 0.9805278778
-26.7 -500.8 1910.7 0.9802282453 0.0869497955 -0.1777422726 -0.0636996627 0.9891241789 0.1325735748 0.1873364151 -0.1186302453 0.9751061201
139.9 -110.0 2040.0 0.8805961013 0.2106381655 -0.4244785905 -0.1797816306 0.9773092866 0.1120048016 0.4384393692 -0.0223175418 0.8984836340
56.2 -498.4 2048.9 0.9051336646 0.0709967241 -0.4191569388 -0.0146904513 0.9905912280 0.1360633671 0.4248732328 -0.1169979349 0.8976604342
56.2 218.5 1635.4 0 0 0 0 0 0 0 0 0
327.3 -57.5 1989.8 0 0 0 0 0 0 0 0 0
-60.0 -878.6 1956.0 0 0 0 0 0 0 0 0 0
29.0 -876.8 2093.6 0 0 0 0 0 0 0 0 0
133.4 485.9 1917.1 8 0.8386816382 0.1051202565 -0.5343807936 -0.0319795050 0.9890080690 0.1443617791 0.5436822772 -0.1039843410 0.8328246474
112.0 284.9 1938.2 0.8386816382 0.1051202565 -0.5343807936 -0.0319795050 0.9890080690 0.1443617791 0.5436822772 -0.1039843410 0.8328246474
91.4 88.5 1959.5 0.8390092254 0.1036065817 -0.5341621637 -0.0288755652 0.9887989759 0.1464334726 0.5433504581 -0.1074348092 0.8326031566
-10.5 289.1 1858.8 0.4587208331 -0.8078377843 -0.3700990677 0.8851366639 0.4520559311 0.1103563085 0.0781554729 -0.3782109916 0.9224143028
-111.7 93.8 1841.6 -0.5683469176 -0.8078377843 -0.1561405808 -0.4274614751 0.4520559311 -0.7828934193 0.7030351758 -0.3782109916 -0.6022441387
234.6 280.7 2017.6 -0.1136312857 0.8713354468 -0.4773494005 -0.8108137846 0.1963344067 0.5513926148 0.5741680861 0.4496968985 0.6841810346
199.4 29.9 2195.2 0.4874384999 0.8713354468 -0.0563755855 -0.4516240358 0.1963344067 -0.8703381419 -0.7472880483 0.4496968985 0.4892170131
-9.5 -103.9 1934.1 0.9839458466 0.0395919047 -0.1740202904 -0.0487024821 0.9976400733 -0.0483974293 0.1716934741 0.0560956672 0.9835520387
-25.3 -500.4 1911.8 0.9821074605 0.0928998441 -0.1638125479 -0.0709110349 0.9882612228 0.1353196502 0.1744607687 -0.1212823167 0.9771663547
142.9 -109.4 2035.8 0.8863592148 0.2212606370 -0.4067076147 -0.1852148920 0.9745196700 0.1265181899 0.4243380427 -0.0368122533 0.9047552347
55.0 -496.7 2050.4 0.9115490913 0.0428446941 -0.4089530110 0.0055974023 0.9931716323 0.1165279225 0.4111531377 -0.1085100025 0.9050849080
52.0 217.0 1639.1 0 0 0 0 0 0 0 0 0
324.9 -86.4 2002.9 0 0 0 0 0 0 0 0 0
-60.8 -877.9 1958.1 0 0 0 0 0 0 0 0 0
38.7 -876.0 2091.9 0 0 0 0 0 0 0 0 0
127.4 487.0 1923.4 9 0.8383451104 0.0835337192 -0.5387017727 -0.0225024950 0.9926505089 0.1189060956 0.5446752906 -0.0875622109 0.8340633512
110.3 283.9 1941.3 0.8383451104 0.0835337192 -0.5387017727 -0.0225024950 0.9926505089 0.1189060956 0.5446752906 -0.0875622109 0.8340633512
92.9 86.9 1959.8 0.8383199573 0.0874422267 -0.5381203294 -0.0227940362 0.9918121099 0.1256550997 0.5447018147 -0.0930732489 0.8334490657
-12.2 287.2 1861.8 0.4549849033 -0.8140077591 -0.3610818982 0.8875405788 0.4475468397 0.1094238088 0.0725292414 -0.3702610135 0.9260919690
-112.4 91.7 1845.8 -0.5595099330 -0.8140077591 -0.1560129821 -0.4329322875 0.4475468397 -0.7824777365 0.7067660689 -0.3702610135 -0.6028171182
232.7 280.6 2020.9 -0.0380966701 0.8902164102 -0.4539421201 -0.8712556958 0.1928679049 0.4513485432 0.4893487096 0.4126945138 0.7682584524
221.0 12.6 2171.4 0.4403342307 0.8902164102 -0.1167071387 -0.5964260101 0.1928679049 -0.7791520953 -0.6711049080 0.4126945138 0.6158745289
-6.1 -105.3 1931.0 0.9834210277 0.0506199934 -0.1741285473 -0.0582676157 0.9975354671 -0.0390881114 0.1717207581 0.0485861227 0.9839468598
-26.3 -501.7 1911.7 0.9827478528 0.0891745165 -0.1620327234 -0.0660634562 0.9875428081 0.1428102702 0.1727492958 -0.1296420395 0.9763967395
147.7 -110.5 2030.7 0.8869358897 0.2269721180 -0.4022790194 -0.1835798025 0.9724152684 0.1438992172 0.4238433540 -0.0537790693 0.9041374922
57.5 -496.9 2052.0 0.9100955129 0.0725023746 -0.4080068767 -0.0258432440 0.9925894141 0.1187364161 0.4135919809 -0.0975172520 0.9052248597
48.8 216.4 1642.2 0 0 0 0 0 0 0 0 0
333.3 -139.4 2000.4 0 0 0 0 0 0 0 0 0
-60.3 -879.0 1961.2 0 0 0 0 0 0 0 0 0
29.9 -875.9 2089.3 0 0 0 0 0 0 0 0 0
123.9 490.4 1932.1 0 0.8047609925 0.0757270306 -0.5887488127 -0.0132577233 0.9938747883 0.1097138301 0.5934509039 -0.0804879442 0.8008356690
108.4 286.7 1948.6 0.8047609925 0.0757270306 -0.5887488127 -0.0132577233 0.9938747883 0.1097138301 0.5934509039 -0.0804879442 0.8008356690
93.9 89.3 1965.1 0.8050021529 0.0732030794 -0.5887383819 -0.0100394133 0.9938971400 0.1098528430 0.5931869745 -0.0825211853 0.8008242249
-8.9 288.3 1862.1 0.4668133557 -0.8171476126 -0.3381643295 0.8830633163 0.4513731301 0.1283023506 0.0477963313 -0.3585137427 0.9323000312
-113.9 89.6 1851.3 -0.5533826947 -0.8171476126 -0.1613610387 -0.4401804805 0.4513731301 -0.7762109637 0.7071129680 -0.3585137427 -0.6094744802
225.8 285.2 2035.1 0.0223934837 0.9005175233 -0.4342426658 -0.9104388952 0.1978171468 0.3632759452 0.4130370319 0.3872163892 0.8242959976
232.8 0.1 2164.4 0.4068008065 0.9005175233 -0.1535618752 -0.6977816224 0.1978171468 -0.6884542108 -0.5895879269 0.3872163892 0.7088367939
-1.3 -108.0 1928.3 0.9712986946 0.0620331317 -0.2296317518 -0.0676317438 0.9975725412 -0.0165834054 0.2280455977 0.0316378362 0.9731363058
-26.0 -504.4 1915.8 0.9708438516 0.0991524309 -0.2182453573 -0.0722769499 0.9891536236 0.1278714687 0.2285569459 -0.1083691120 0.9674801826
152.4 -112.2 2028.2 0.8591786623 0.2436218709 -0.4499559999 -0.1889843196 0.9682890773 0.1634051055 0.4754965305 -0.0553595535 0.8779740334
55.6 -496.9 2050.2 0.8854895234 0.0492187999 -0.4620453119 0.0035778407 0.9936224818 0.1127011776 0.4646456242 -0.1014488339 0.8796661496
46.0 216.9 1647.0 0 0 0 0 0 0 0 0 0
336.6 -177.9 2014.0 0 0 0 0 0 0 0 0 0
-63.9 -882.2 1957.2 0 0 0 0 0 0 0 0 0
36.8 -876.3 2089.0 0 0 0 0 0 0 0 0 0
120.2 491.4 1931.4 1 0.8513480425 0.0733337030 -0.5194503069 -0.0157442447 0.9933069348 0.1144267991 0.5243649483 -0.0892386809 0.8468044996
105.2 287.3 1949.8 0.8513480425 0.0733337030 -0.5194503069 -0.0157442447 0.9933069348 0.1144267991 0.5243649483 -0.0892386809 0.8468044996
92.4 89.8 1967.2 0.8518105745 0.0647196397 -0.5198366046 -0.0090860939 0.9940148592 0.1088662371 0.5237711072 -0.0880101249 0.8473004699
-18.7 288.7 1873.6 0.4260934293 -0.8298878074 -0.3601813316 0.8995550275 0.4309680462 0.0711845458 0.0961514637 -0.3543342054 0.9301624298
-112.9 89.8 1852.3 -0.5398545265 -0.8298878074 -0.1408662498 -0.4599240720 0.4309680462 -0.7763609886 0.7050013542 -0.3543342054 -0.6143454313
229.1 286.0 2025.9 -0.0534023903 0.9004892707 -0.4315868914 -0.8311288357 0.1994889081 0.5190655589 0.5535097718 0.3864236474 0.7377694249
212.8 32.8 2194.5 0.3946530819 0.9004892707 -0.1826691478 -0.7481118441 0.1994889081 -0.6328766346 -0.5334581137 0.3864236474 0.7523956299
5.8 -107.2 1927.2 0.9859737158 0.0789371207 -0.1470536292 -0.0816005394 0.9965909719 -0.0121585578 0.1455925554 0.0239876732 0.9890537858
-25.6 -503.1 1917.7 0.9854722619 0.1035157442 -0.1346437782 -0.0865044743 0.9881765246 0.1265863925 0.1461555064 -0.1131000966 0.9827750921
153.1 -109.1 2035.8 0.8915047646 0.2373314798 -0.3858665228 -0.2071016431 0.9710810781 0.1187872067 0.4028996527 -0.0259857662 0.9148752093
58.9 -494.8 2046.2 0.9237800837 0.0790644884 -0.3746720254 -0.0183877368 0.9864820838 0.1628343463 0.3824816644 -0.1435337514 0.9127463102
43.0 222.6 1648.7 0 0 0 0 0 0 0 0 0
314.1 -159.3 2057.6 0 0 0 0 0 0 0 0 0
-65.1 -880.7 1960.9 0 0 0 0 0 0 0 0 0
28.7 -871.1 2100.9 0 0 0 0 0 0 0 0 0
115.2 493.4 1936.1 2 0.8442759514 0.0562900491 -0.5329442620 -0.0083957436 0.9957355857 0.0918701738 0.5358429551 -0.0730893165 0.8411481977
103.6 288.6 1951.1 0.8442759514 0.0562900491 -0.5329442620 -0.0083957436 0.9957355857 0.0918701738 0.5358429551 -0.0730893165 0.8411481977
93.5 90.7 1965.8 0.8445255756 0.0511930808 -0.5330627561 -0.0037703044 0.9959639311 0.0896748975 0.5355020165 -0.0737229288 0.8413100243
-19.5 289.2 1873.1 0.4179565310 -0.8376244307 -0.3517068028 0.9035992622 0.4233227670 0.0656220615 0.0939188674 -0.3452291787 0.9338073134
-112.5 88.1 1852.2 -0.5309935808 -0.8376244307 -0.1281841546 -0.4826969504 0.4233227670 -0.7666821480 0.6964549422 -0.3452291787 -0.6291004419
226.7 288.0 2029.2 0.0003878677 0.9330554008 -0.3597325087 -0.8569780588 0.1856993139 0.4807331860 0.5153527856 0.3080964088 0.7996799946
226.8 36.0 2180.8 0.2990283370 0.9330554008 -0.1999741793 -0.8764807582 0.1856993139 -0.4441815615 -0.3773109317 0.3080964088 0.8733344674
1.8 -106.8 1936.8 0.9846518636 0.0679319799 -0.1607666910 -0.0739087015 0.9967678189 -0.0314861648 0.1581081450 0.0428849682 0.9864900708
-25.2 -502.8 1919.8 0.9818186760 0.1156419739 -0.1505289525 -0.1014428735 0.9899195433 0.0988364071 0.1604411900 -0.0817693397 0.9836525917
157.4 -108.5 2032.5 0.8860028982 0.2438781112 -0.3943631947 -0.2112314999 0.9694191217 0.1249314621 0.4127712846 -0.0273877010 0.9104228616
60.5 -493.7 2043.4 0.9206731915 0.0943705812 -0.3787546754 -0.0250987504 0.9826385975 0.1838245988 0.3895266056 -0.1597361118 0.9070575237
40.8 227.4 1651.2 0 0 0 0 0 0 0 0 0
302.2 -184.9 2085.7 0 0 0 0 0 0 0 0 0
-69.3 -880.9 1951.0 0 0 0 0 0 0 0 0 0
24.5 -868.8 2104.4 0 0 0 0 0 0 0 0 0
112.4 494.7 1937.4 3 0.8287583590 0.0436102152 -0.5579047799 0.0089607863 0.9957967997 0.0911503956 0.5595349073 -0.0805409178 0.8248841763
103.5 291.1 1953.9 0.8287583590 0.0436102152 -0.5579047799 0.0089607863 0.9957967997 0.0911503956 0.5595349073 -0.0805409178 0.8248841763
96.4 93.2 1969.8 0.8290057778 0.0356390141 -0.5581032634 0.0151796173 0.9961656332 0.0861603022 0.5590339899 -0.0798991844 0.8252860904
-17.4 288.9 1872.4 0.4219398797 -0.8434303403 -0.3325536847 0.9022042751 0.4267901182 0.0622702986 0.0894099697 -0.3263056874 0.9410262704
-111.5 87.6 1852.4 -0.5203066468 -0.8434303403 -0.1338141412 -0.4976325333 0.4267901182 -0.7551238537 0.6940049529 -0.3263056874 -0.6417801380
224.4 293.3 2035.4 0.0249770284 0.9546847939 -0.2965688407 -0.8788422346 0.1623601168 0.4486373961 0.4764582515 0.2494315952 0.8430725932
231.6 37.2 2174.2 0.2277826071 0.9546847939 -0.1915515810 -0.9380089045 0.1623601168 -0.3062327802 -0.2612554431 0.2494315952 0.9324856400
6.1 -106.8 1931.4 0.9792553782 0.0789405927 -0.1866208464 -0.0815329030 0.9966511130 -0.0062442212 0.1855029464 0.0213304255 0.9824121594
-25.2 -502.7 1923.0 0.9773827195 0.1124339178 -0.1791135967 -0.0994774699 0.9918369055 0.0797736570 0.1866207272 -0.0601516254 0.9805888534
160.7 -107.5 2029.4 0.8727279305 0.2491271645 -0.4198591113 -0.2122022659 0.9680867791 0.1333349049 0.4396773875 -0.0272700377 0.8977416754
61.7 -492.2 2040.3 0.9094449878 0.0995349213 -0.4037358165 -0.0218469463 0.9810252786 0.1926449835 0.4152499437 -0.1663796157 0.8943630457
38.4 231.1 1652.4 0 0 0 0 0 0 0 0 0
289.3 -200.2 2108.1 0 0 0 0 0 0 0 0 0
-68.2 -881.5 1945.9 0 0 0 0 0 0 0 0 0
23.7 -866.9 2103.8 0 0 0 0 0 0 0 0 0
109.8 494.8 1940.1 4 0.8287970424 0.0362229533 -0.5583756566 0.0134619204 0.9963227510 0.0846149996 0.5593873858 -0.0776454732 0.8252617717
102.4 292.2 1955.9 0.8287970424 0.0362229533 -0.5583756566 0.0134619204 0.9963227510 0.0846149996 0.5593873858 -0.0776454732 0.8252617717
96.8 94.2 1971.3 0.8290086985 0.0282917954 -0.5585196018 0.0199997500 0.9965807796 0.0801673308 0.5588780046 -0.0776296631 0.8256082535
-18.6 289.3 1874.3 0.4180327952 -0.8465968966 -0.3294271529 0.9039352536 0.4236863554 0.0582314543 0.0902752206 -0.3221234679 0.9423835874
-111.9 87.6 1854.2 -0.5159919858 -0.8465968966 -0.1304833740 -0.5049895048 0.4236863554 -0.7519810200 0.6919088364 -0.3221234679 -0.6461412907
223.4 295.1 2037.5 0.0523517691 0.9853631854 -0.1622303724 -0.8663468361 0.1256136596 0.4833883941 0.4966914654 0.1152415425 0.8602423668
238.5 45.4 2180.7 0.1475813985 0.9853631854 -0.0853178501 -0.9669523239 0.1256136596 -0.2218656987 -0.2079011947 0.1152415425 0.9713374972
13.4 -106.1 1934.5 0.9775915742 0.0979405344 -0.1863393784 -0.1015650630 0.9947788119 -0.0099816862 0.1843888462 0.0286835823 0.9824347496
-25.5 -501.3 1923.2 0.9786264896 0.1103906110 -0.1735052913 -0.0926449597 0.9899044037 0.1072666869 0.1835948974 -0.0888996348 0.9789738655
165.2 -103.3 2036.9 0.8681658506 0.2599801719 -0.4227273464 -0.2307142019 0.9655908942 0.1200213656 0.4393848777 -0.0066692447 0.8982741833
61.9 -487.0 2039.6 0.9096893668 0.1047943085 -0.4018500149 -0.0278601404 0.9808583260 0.1927193999 0.4143538177 -0.1641191840 0.8951959610
36.7 233.0 1655.0 0 0 0 0 0 0 0 0 0
276.1 -201.4 2127.6 0 0 0 0 0 0 0 0 0
-67.6 -879.3 1957.1 0 0 0 0 0 0 0 0 0
21.9 -861.7 2102.3 0 0 0 0 0 0 0 0 0
109.1 494.7 1944.4 5 0.8312073946 0.0287084151 -0.5552207828 0.0120502478 0.9975010157 0.0696172193 0.5558318496 -0.0645568967 0.8287842870
103.3 291.8 1957.6 0.8312073946 0.0287084151 -0.5552207828 0.0120502478 0.9975010157 0.0696172193 0.5558318496 -0.0645568967 0.8287842870
98.6 93.6 1971.2 0.8313746452 0.0235542990 -0.5552129149 0.0184344072 0.9973825216 0.0699165016 0.5554065108 -0.0683618262 0.8287643194
-18.1 289.1 1876.5 0.4227798581 -0.8478737473 -0.3199489415 0.9014739990 0.4296095073 0.0527285226 0.0927459821 -0.3107182086 0.9459663630
-112.4 88.0 1855.8 -0.5121426582 -0.8478737473 -0.1371862143 -0.5119845867 0.4296095073 -0.7438463569 0.6896243095 -0.3107182086 -0.6541196704
224.7 294.5 2038.7 0.0582869835 0.9933348298 -0.0994408801 -0.8669647574 0.0997530445 0.4882842004 0.4949492514 0.0577511229 0.8670005798
241.3 47.0 2180.0 0.1065155938 0.9933348298 -0.0440487266 -0.9858825207 0.0997530445 -0.1344803423 -0.1291900128 0.0577511229 0.9899367094
15.2 -105.6 1935.6 0.9782117009 0.1006098241 -0.1816026121 -0.1053270921 0.9943007827 -0.0164962765 0.1789079309 0.0352645256 0.9832336307
-24.8 -500.7 1921.5 0.9787518978 0.1197940111 -0.1664155871 -0.1009524986 0.9879370928 0.1174259335 0.1784750670 -0.0981307849 0.9790388346
167.1 -102.0 2038.0 0.8701398969 0.2588147521 -0.4193703234 -0.2346058339 0.9659215212 0.1093421280 0.4333781898 0.0032437686 0.9012063146
64.3 -485.8 2036.7 0.9130586386 0.1167223528 -0.3907682896 -0.0362335704 0.9775965810 0.2073453814 0.4062155783 -0.1751595587 0.8968322277
35.1 235.5 1657.0 0 0 0 0 0 0 0 0 0
268.7 -205.9 2146.8 0 0 0 0 0 0 0 0 0
-70.5 -878.1 1959.0 0 0 0 0 0 0 0 0 0
19.7 -859.3 2103.6 0 0 0 0 0 0 0 0 0
108.5 493.9 1947.6 6 0.8325788379 0.0211502146 -0.5535026193 0.0128373709 0.9982655644 0.0574552901 0.5537577868 -0.0549415760 0.8308632374
104.2 291.0 1958.8 0.8325788379 0.0211502146 -0.5535026193 0.0128373709 0.9982655644 0.0574552901 0.5537577868 -0.0549415760 0.8308632374
100.5 92.7 1970.9 0.8326929808 0.0183885284 -0.5534296036 0.0185988359 0.9979557395 0.0611424781 0.5534225702 -0.0612060577 0.8306487203
-17.5 288.3 1877.9 0.4301131368 -0.8480075598 -0.3096543550 0.8979368806 0.4373181164 0.0496210642 0.0933384150 -0.2993927300 0.9495535493
-113.2 88.5 1857.2 -0.5096707344 -0.8480075598 -0.1453233361 -0.5180167556 0.4373181164 -0.7351268530 0.6869456768 -0.2993927300 -0.6621704102
225.8 293.8 2039.6 0.0602905340 0.9968329668 -0.0518565476 -0.8826673031 0.0775007904 0.4635645747 0.4661153555 0.0178235210 0.8845443726
243.0 42.2 2172.4 0.0782338157 0.9968329668 -0.0142660346 -0.9959205389 0.0775007904 -0.0462163873 -0.0449643880 0.0178235210 0.9988296032
17.7 -106.3 1933.8 0.9781818390 0.1076936498 -0.1776580811 -0.1114764661 0.9937014580 -0.0114203291 0.1753091961 0.0309758522 0.9840260148
-25.1 -501.1 1921.5 0.9812260866 0.1064096615 -0.1608488560 -0.0862209424 0.9880607724 0.1276787072 0.1725147069 -0.1114131436 0.9786857367
170.1 -102.9 2035.7 0.8694181442 0.2708079815 -0.4132495224 -0.2443608344 0.9626332521 0.1167261377 0.4294180870 -0.0005018260 0.9031056762
62.5 -485.4 2035.9 0.9164002538 0.1049273685 -0.3862652481 -0.0252791587 0.9782738090 0.2057701647 0.3994641006 -0.1788033694 0.8991428018
33.5 237.5 1659.5 0 0 0 0 0 0 0 0 0
263.1 -213.9 2160.9 0 0 0 0 0 0 0 0 0
-65.7 -878.6 1964.1 0 0 0 0 0 0 0 0 0
22.4 -859.2 2104.2 0 0 0 0 0 0 0 0 0
107.7 493.6 1948.7 7 0.8382565975 0.0183798783 -0.5449661016 0.0132092992 0.9984539747 0.0539927930 0.5451159477 -0.0524584353 0.8367177844
104.0 291.1 1959.3 0.8382565975 0.0183798783 -0.5449661016 0.0132092992 0.9984539747 0.0539927930 0.5451159477 -0.0524584353 0.8367177844
101.2 92.8 1970.8 0.8383623958 0.0139112240 -0.5449357033 0.0197529867 0.9982424974 0.0558725260 0.5447552800 -0.0576055348 0.8366141915
-18.4 288.2 1879.7 0.4277403653 -0.8512645960 -0.3039519489 0.8986113071 0.4368021190 0.0412505083 0.0976517573 -0.2907791734 0.9517939091
-113.5 88.4 1858.0 -0.5037813783 -0.8512645960 -0.1468091160 -0.5252763033 0.4368021190 -0.7302662134 0.6857762933 -0.2907791734 -0.6672018766
226.5 294.0 2038.9 0.0579104982 0.9973183870 -0.0447482690 -0.8822494745 0.0721030012 0.4652278721 0.4672068059 0.0125375614 0.8840591908
243.1 41.3 2172.7 0.0647581294 0.9978438020 -0.0106858434 -0.9975811243 0.0644625425 -0.0260102265 -0.0252653062 0.0123443687 0.9996045828
20.5 -107.2 1932.3 0.9792740941 0.1172191054 -0.1651725918 -0.1182997152 0.9929723740 0.0033146762 0.1644003689 0.0162938945 0.9862591028
-26.1 -501.8 1925.9 0.9817987680 0.1102033854 -0.1546816975 -0.0975478217 0.9914057851 0.0871721879 0.1629590094 -0.0704966858 0.9841110706
173.2 -103.8 2033.8 0.8711313605 0.2788141370 -0.4042187929 -0.2555173635 0.9603266120 0.1117302626 0.4193340540 0.0059531876 0.9078124762
62.4 -485.5 2031.5 0.9265376925 0.1017080545 -0.3621924520 -0.0117797311 0.9701321721 0.2422907650 0.3760174811 -0.2202249914 0.9000621438
31.2 239.4 1660.9 0 0 0 0 0 0 0 0 0
259.8 -216.6 2166.2 0 0 0 0 0 0 0 0 0
-68.2 -880.3 1952.8 0 0 0 0 0 0 0 0 0
23.6 -855.8 2115.5 0 0 0 0 0 0 0 0 0
107.1 494.1 1949.2 8 0.8410520554 0.0181367490 -0.5406500697 0.0138939805 0.9983838201 0.0551058799 0.5407757163 -0.0538586937 0.8394407630
103.4 292.4 1960.1 0.8410520554 0.0181367490 -0.5406500697 0.0138939805 0.9983838201 0.0551058799 0.5407757163 -0.0538586937 0.8394407630
101.3 94.0 1971.4 0.8411619067 0.0110062780 -0.5406712890 0.0214223564 0.9983299375 0.0536510199 0.5403588414 -0.0567116514 0.8395213485
-19.4 289.2 1881.2 0.4226234555 -0.8540700078 -0.3032389879 0.9007719159 0.4327503443 0.0365661010 0.0999967530 -0.2886028588 0.9522126913
-113.5 88.8 1858.9 -0.4996528327 -0.8540700078 -0.1446080655 -0.5282915831 0.4327503443 -0.7305033207 0.6864801645 -0.2886028588 -0.6674229503
226.3 295.5 2039.0 0.0583126545 0.9974400997 -0.0413874984 -0.8822574615 0.0708899572 0.4653992057 0.4671417773 0.0093757669 0.8841326833
243.1 42.2 2173.2 0.0578080900 0.9982945919 -0.0081302347 -0.9981771111 0.0576560088 -0.0178381093 -0.0173389316 0.0091466019 0.9998078346
21.6 -107.4 1932.3 0.9793125391 0.1234288812 -0.1603505760 -0.1252175719 0.9921287298 -0.0010588716 0.1589577198 0.0211156756 0.9870595336
-27.5 -501.7 1923.9 0.9829379916 0.1105837822 -0.1469832808 -0.0965021476 0.9903241396 0.0997267291 0.1565892547 -0.0838409886 0.9840988517
175.4 -103.8 2032.2 0.8710861206 0.2861550748 -0.3991544247 -0.2635428011 0.9581512809 0.1117646843 0.4144323468 0.0078376066 0.9100463986
61.6 -484.5 2029.0 0.9303492308 0.0866797194 -0.3562821150 0.0021605385 0.9703445435 0.2417164445 0.3666683137 -0.2256504595 0.9025719762
30.1 240.6 1661.7 0 0 0 0 0 0 0 0 0
258.0 -216.5 2168.7 0 0 0 0 0 0 0 0 0
-69.7 -879.9 1955.9 0 0 0 0 0 0 0 0 0
28.5 -855.1 2115.2 0 0 0 0 0 0 0 0 0
106.0 493.9 1950.0 9 0.8318367600 0.0180758964 -0.5547258854 0.0143761477 0.9984324574 0.0540918857 0.5548341274 -0.0529704392 0.8302729726
102.4 292.5 1960.7 0.8318367600 0.0180758964 -0.5547258854 0.0143761477 0.9984324574 0.0540918857 0.5548341274 -0.0529704392 0.8302729726
100.2 94.1 1971.6 0.8319371343 0.0110756531 -0.5547593236 0.0212520454 0.9984311461 0.0518038049 0.5544627309 -0.0548872799 0.8303965926
-19.1 289.4 1879.7 0.4212208092 -0.8577089310 -0.2948022783 0.9027513266 0.4277709126 0.0453005843 0.0872531161 -0.2852146924 0.9544838667
-112.8 88.6 1860.3 -0.4941469133 -0.8577089310 -0.1419654489 -0.5327070951 0.4277709126 -0.7302295566 0.6870531440 -0.2852146924 -0.6682893038
223.9 295.6 2041.7 0.0669875592 0.9961733222 -0.0561367050 -0.8858507276 0.0852694064 0.4560675025 0.4591090381 0.0191778932 0.8881728649
243.0 43.2 2172.5 0.0553412437 0.9982865453 -0.0190090518 -0.9984660149 0.0552980341 -0.0027916557 -0.0017357089 0.0191343855 0.9998154044
21.9 -106.4 1933.1 0.9768000245 0.1227411926 -0.1754887104 -0.1231118515 0.9923536181 0.0088153994 0.1752288789 0.0129938591 0.9844419956
-26.9 -500.7 1927.9 0.9789959788 0.1202849597 -0.1646158844 -0.1062259823 0.9901021719 0.0917262286 0.1740198284 -0.0723131299 0.9820834398
176.2 -102.4 2032.2 0.8651354313 0.2848739028 -0.4127802253 -0.2604230344 0.9585364461 0.1157052219 0.4286262989 0.0073967804 0.9034516215
63.0 -483.4 2029.3 0.9242944717 0.1036499217 -0.3673368990 -0.0080013396 0.9674712420 0.2528543472 0.3815962076 -0.2307726890 0.8950576782
29.3 241.8 1662.7 0 0 0 0 0 0 0 0 0
257.3 -215.9 2172.0 0 0 0 0 0 0 0 0 0
-72.8 -878.9 1955.5 0 0 0 0 0 0 0 0 0
23.4 -852.9 2117.4 0 0 0 0 0 0 0 0 0
105.9 494.1 1954.9 0 0.8425022960 0.0123740323 -0.5385505557 0.0099448329 0.9992085099 0.0385159403 0.5386009216 -0.0378055647 0.8417124152
103.4 292.4 1962.5 0.8425022960 0.0123740323 -0.5385505557 0.0099448329 0.9992085099 0.0385159403 0.5386009216 -0.0378055647 0.8417124152
102.1 93.9 1970.9 0.8425729871 0.0062802783 -0.5385454893 0.0175182614 0.9990833402 0.0390587896 0.5382971764 -0.0423442647 0.8416906595
-19.7 289.9 1883.9 0.4229248762 -0.8580933213 -0.2912222445 0.9006900787 0.4333430231 0.0311634615 0.0994579792 -0.2754808068 0.9561477304
-113.8 89.5 1861.8 -0.4899117053 -0.8580933213 -0.1538258195 -0.5301850438 0.4333430231 -0.7287781835 0.6920190454 -0.2754808068 -0.6672480702
226.4 295.0 2041.1 0.0564045981 0.9975428581 -0.0415536985 -0.8853576779 0.0692117810 0.4597298205 0.4614762068 0.0108590117 0.8870861530
242.5 42.3 2172.8 0.0580007061 0.9982665777 -0.0099872975 -0.9982404113 0.0578698404 -0.0129285026 -0.0123281293 0.0107195862 0.9998665452
21.7 -106.3 1931.6 0.9802153111 0.1234128252 -0.1547490805 -0.1237911507 0.9922819734 0.0072268182 0.1544466019 0.0120727289 0.9879273772
-27.4 -500.6 1926.8 0.9831770658 0.1125898957 -0.1438274533 -0.1002110764 0.9908316135 0.0906112939 0.1527107060 -0.0746738464 0.9854457378
174.3 -102.4 2033.3 0.8752847910 0.2781530023 -0.3956101835 -0.2591737807 0.9604437351 0.1018665209 0.4082958102 0.0133695668 0.9127517939
63.7 -484.1 2028.0 0.9330234528 0.1100974753 -0.3425577581 -0.0169971455 0.9644602537 0.2636807859 0.3594139218 -0.2401978672 0.9017353654
27.1 242.0 1662.7 0 0 0 0 0 0 0 0 0
257.6 -216.9 2169.6 0 0 0 0 0 0 0 0 0
-70.4 -879.2 1955.4 0 0 0 0 0 0 0 0 0
21.7 -852.5 2119.8 0 0 0 0 0 0 0 0 0
106.0 494.8 1957.3 1 0.8382008672 0.0142136076 -0.5451763272 0.0059835450 0.9993604422 0.0352545194 0.5453287959 -0.0328124575 0.8375797868
103.1 293.0 1963.9 0.8382008672 0.0142136076 -0.5451763272 0.0059835450 0.9993604422 0.0352545194 0.5453287959 -0.0328124575 0.8375797868
101.5 94.4 1971.3 0.8382843733 0.0080277808 -0.5451741219 0.0134877991 0.9992802739 0.0354540199 0.5450663567 -0.0370737500 0.8375728130
-19.4 291.0 1884.3 0.4198576212 -0.8587700129 -0.2936557233 0.9019700885 0.4307640195 0.0298710596 0.1008439511 -0.2774102688 0.9554443955
-113.0 89.9 1861.9 -0.4902567863 -0.8587700129 -0.1488704234 -0.5335375667 0.4307640195 -0.7278599143 0.6891922355 -0.2774102688 -0.6693710089
225.5 294.9 2043.6 0.0558125637 0.9972978234 -0.0477698930 -0.8892003894 0.0714092478 0.4519108534 0.4541009367 0.0172547027 0.8907831311
241.4 41.8 2172.8 0.0666018054 0.9976489544 -0.0161482431 -0.9976678491 0.0663433895 -0.0160430800 -0.0149340322 0.0171790812 0.9997408986
23.6 -106.2 1930.0 0.9778234959 0.1326327175 -0.1620797068 -0.1333805025 0.9910448194 0.0063079228 0.1614648849 0.0154502373 0.9867575169
-29.1 -500.1 1923.8 0.9831373692 0.1114250273 -0.1450014561 -0.0934898406 0.9877257347 0.1251298636 0.1571642756 -0.1094636843 0.9814871550
178.1 -103.0 2028.7 0.8737214804 0.2864216566 -0.3931582868 -0.2555128634 0.9580125809 0.1300963908 0.4139130116 -0.0132110082 0.9102205634
64.3 -483.6 2033.9 0.9259464145 0.1181544811 -0.3586958647 -0.0323756784 0.9711364508 0.2363171428 0.3762645721 -0.2072039843 0.9030456543
28.6 243.9 1662.9 0 0 0 0 0 0 0 0 0
258.7 -217.4 2169.0 0 0 0 0 0 0 0 0 0
-71.7 -877.3 1965.6 0 0 0 0 0 0 0 0 0
19.2 -854.4 2113.0 0 0 0 0 0 0 0 0 0
105.4 494.9 1959.0 2 0.8288122416 0.0129124681 -0.5593777895 0.0046357177 0.9995409250 0.0299416240 0.5595076084 -0.0274091028 0.8283718824
102.8 292.4 1964.6 0.8288122416 0.0129124681 -0.5593777895 0.0046357177 0.9995409250 0.0299416240 0.5595076084 -0.0274091028 0.8283718824
101.2 93.8 1971.1 0.8288865685 0.0077532851 -0.5593630075 0.0118225589 0.9994378686 0.0313722715 0.5592917800 -0.0326171555 0.8283289671
-18.3 290.7 1882.9 0.4257629514 -0.8559688330 -0.2933312654 0.8990704417 0.4367378652 0.0305350255 0.1019718423 -0.2767261565 0.9555230737
-113.4 90.0 1860.1 -0.4949990213 -0.8559688330 -0.1493094265 -0.5376742482 0.4367378652 -0.7212256789 0.6825557947 -0.2767261565 -0.6764172316
223.8 294.2 2046.3 0.0437280051 0.9880999923 -0.1474661380 -0.8849409819 0.1068124995 0.4532886446 0.4636457264 0.1106774211 0.8790808320
236.2 42.9 2177.9 0.1164308637 0.9880999923 -0.1005099714 -0.9896046519 0.1068124995 -0.0962999240 -0.0844182298 0.1106774211 0.9902646542
23.0 -105.4 1928.7 0.9752067327 0.1319911629 -0.1776236445 -0.1321480274 0.9911689758 0.0110001732 0.1775069684 0.0127451736 0.9840369821
-29.4 -499.3 1923.6 0.9804965258 0.1151999086 -0.1592341512 -0.0934380144 0.9860157967 0.1379934996 0.1729042232 -0.1204236299 0.9775491357
176.8 -102.9 2028.7 0.8671962619 0.2873979211 -0.4066608846 -0.2552225292 0.9577457309 0.1326070279 0.4275887012 -0.0112073002 0.9039039016
62.6 -483.5 2033.1 0.9232131839 0.0935650393 -0.3727238178 -0.0028861635 0.9715676904 0.2367442548 0.3842774332 -0.2174896747 0.8972341418
29.6 245.3 1663.0 0 0 0 0 0 0 0 0 0
266.4 -213.2 2156.1 0 0 0 0 0 0 0 0 0
-73.4 -876.0 1969.6 0 0 0 0 0 0 0 0 0
26.8 -854.5 2116.2 0 0 0 0 0 0 0 0 0
105.0 493.6 1959.4 3 0.8219721913 0.0147209968 -0.5693373084 0.0023918315 0.9995678663 0.0292983670 0.5695226192 -0.0254442021 0.8215817809
102.1 291.6 1964.5 0.8219721913 0.0147209968 -0.5693373084 0.0023918315 0.9995678663 0.0292983670 0.5695226192 -0.0254442021 0.8215817809
100.6 93.0 1970.7 0.8220719695 0.0075488770 -0.5693336129 0.0113461250 0.9994964004 0.0296353623 0.5692705512 -0.0308221299 0.8215723038
-18.0 289.9 1881.4 0.4282893836 -0.8549532294 -0.2926142812 0.8979612589 0.4389169216 0.0318980739 0.1011620089 -0.2764179111 0.9556983709
-113.2 90.4 1858.9 -0.4968116581 -0.8549532294 -0.1491076946 -0.5397197604 0.4389169216 -0.7183693647 0.6796181202 -0.2764179111 -0.6794942021
222.2 293.2 2047.7 0.0400611497 0.9809673429 -0.1899953336 -0.8799253702 0.1247276664 0.4584477842 0.4734199643 0.1488157660 0.8681747317
233.5 43.0 2182.3 0.1467009336 0.9809673429 -0.1272083223 -0.9781687260 0.1247276664 -0.1662195325 -0.1471895278 0.1488157660 0.9778492451
23.7 -105.9 1926.3 0.9729074240 0.1353748888 -0.1874160022 -0.1331203133 0.9907939434 0.0246237349 0.1890240759 0.0009922612 0.9819719791
-30.1 -499.6 1925.9 0.9785864353 0.1075119525 -0.1755269766 -0.0896319449 0.9902305603 0.1068155542 0.1852961183 -0.0887954310 0.9786627293
175.7 -103.7 2028.8 0.8635339737 0.2873958051 -0.4143822789 -0.2507597804 0.9576356411 0.1416105181 0.4375255108 -0.0183750838 0.8990182281
61.5 -484.2 2036.1 0.9164921045 0.0805061981 -0.3918685615 0.0049875011 0.9771667123 0.2124155760 0.4000216722 -0.1966316402 0.8951640129
30.1 246.1 1662.9 0 0 0 0 0 0 0 0 0
271.5 -210.1 2144.3 0 0 0 0 0 0 0 0 0
-71.2 -877.7 1959.8 0 0 0 0 0 0 0 0 0
30.7 -857.4 2111.2 0 0 0 0 0 0 0 0 0
105.2 493.3 1964.1 4 0.8294202089 0.0083556762 -0.5585627556 0.0093743205 0.9995391369 0.0288724527 0.5585466027 -0.0291835405 0.8289595842
103.5 290.8 1970.0 0.8294202089 0.0083556762 -0.5585627556 0.0093743205 0.9995391369 0.0288724527 0.5585466027 -0.0291835405 0.8289595842
103.2 92.2 1976.9 0.8294631243 0.0015143774 -0.5585593581 0.0180763528 0.9993997216 0.0295530576 0.5582688451 -0.0346098877 0.8289378881
-17.6 288.2 1888.5 0.4522791505 -0.8323331475 -0.3204140067 0.8723124862 0.4876601398 -0.0354758427 0.1857808679 -0.2634561658 0.9466130733
-116.6 97.4 1847.8 -0.5359481573 -0.8323331475 -0.1413546056 -0.5868673921 0.4876601398 -0.6463546157 0.6069153547 -0.2634561658 -0.7498297095
224.7 293.5 2051.5 0.0468820482 0.9928113818 -0.1101256534 -0.8858021498 0.0922762901 0.4547962248 0.4616888463 0.0762277618 0.8837605715
237.2 57.2 2174.7 0.1015716046 0.9928113818 -0.0633150488 -0.9864615202 0.0922762901 -0.1355684847 -0.1287514567 0.0762277618 0.9887428284
23.7 -106.7 1924.6 0.9744653702 0.1412670314 -0.1745304167 -0.1386316121 0.9899687171 0.0272630397 0.1766310185 -0.0023714555 0.9842742682
-32.4 -500.1 1925.5 0.9824655056 0.0905510262 -0.1629785597 -0.0740891099 0.9917712808 0.1044058129 0.1710915118 -0.0905001685 0.9810898900
174.5 -104.6 2029.0 0.8692372441 0.2777912617 -0.4089726210 -0.2491395772 0.9606284499 0.1229734868 0.4270316958 -0.0050018691 0.9042228460
64.1 -486.3 2031.0 0.9215157032 0.0950431600 -0.3765310049 -0.0080604805 0.9740607142 0.2261432558 0.3882574141 -0.2053595483 0.8983783126
38.0 266.6 1672.7 0 0 0 0 0 0 0 0 0
263.5 -198.2 2141.3 0 0 0 0 0 0 0 0 0
-67.0 -878.9 1960.1 0 0 0 0 0 0 0 0 0
27.8 -858.4 2109.4 0 0 0 0 0 0 0 0 0
104.8 492.0 1967.4 5 0.8511806726 0.0091866469 -0.5247924328 0.0049667624 0.9996610880 0.0255551413 0.5248493552 -0.0243585613 0.8508465290
102.9 289.4 1972.4 0.8511806726 0.0091866469 -0.5247924328 0.0049667624 0.9996610880 0.0255551413 0.5248493552 -0.0243585613 0.8508465290
103.0 90.7 1977.5 0.8512202501 -0.0002725853 -0.5248085260 0.0138460109 0.9996634126 0.0219384972 0.5246259570 -0.0259409975 0.8509375453
-21.3 287.3 1895.8 0.4409322739 -0.8196544647 -0.3657119870 0.8518859148 0.5104854703 -0.1170257181 0.2826113105 -0.2599444687 0.9233416319
-115.3 105.7 1835.5 -0.5624508262 -0.8196544647 -0.1086995974 -0.6310386658 0.5104854703 -0.5841188431 0.5342651606 -0.2599444687 -0.8043566346
227.2 291.4 2048.9 0.0439495891 0.9954512715 -0.0845293030 -0.9016376734 0.0759620965 0.4257690609 0.4302533567 0.0575024262 0.9008748531
239.3 42.8 2167.6 0.0813507810 0.9954512715 -0.0495864935 -0.9918518066 0.0759620965 -0.1022728160 -0.0980409086 0.0575024262 0.9935197234
26.9 -108.0 1932.5 0.9797126651 0.1482545137 -0.1348469853 -0.1470942050 0.9889479280 0.0185835212 0.1361117214 0.0016286972 0.9906921387
-32.0 -501.0 1931.9 0.9866507649 0.1024527177 -0.1265846044 -0.0938265324 0.9929569364 0.0723398998 0.1331044734 -0.0594972298 0.9893145561
179.0 -104.7 2034.9 0.8787732720 0.2913552523 -0.3779810369 -0.2758743763 0.9564045668 0.0958313867 0.3894237578 0.0200612303 0.9208402038
63.3 -484.6 2027.0 0.9383792281 0.0629327968 -0.3398292065 0.0109326625 0.9773839116 0.2111898661 0.3454343677 -0.2018914223 0.9164687395
46.9 287.7 1681.5 0 0 0 0 0 0 0 0 0
260.4 -214.4 2142.2 0 0 0 0 0 0 0 0 0
-71.1 -880.2 1954.6 0 0 0 0 0 0 0 0 0
39.2 -857.8 2104.0 0 0 0 0 0 0 0 0 0
103.5 493.1 1969.1 6 0.8617045283 0.0053951610 -0.5073817372 0.0094563328 0.9995990396 0.0266891029 0.5073223114 -0.0277960896 0.8613079786
102.4 290.9 1974.7 0.8617045283 0.0053951610 -0.5073817372 0.0094563328 0.9995990396 0.0266891029 0.5073223114 -0.0277960896 0.8613079786
103.2 92.2 1980.3 0.8617104292 -0.0039680400 -0.5073848367 0.0177445225 0.9995934367 0.0223187841 0.5070899725 -0.0282356311 0.8614304662
-23.4 288.3 1900.7 0.4305960238 -0.8081111908 -0.4019245803 0.8295809031 0.5297829509 -0.1764243841 0.3555033207 -0.2574613094 0.8985160589
-114.6 112.6 1825.4 -0.5838024020 -0.8081111908 -0.0783010274 -0.6622738242 0.5297829509 -0.5298334360 0.4696468413 -0.2574613094 -0.8444794416
228.2 293.5 2048.7 0.0460051112 0.9982814789 -0.0362982228 -0.8778284192 0.0577429719 0.4754818976 0.4767607749 0.0099890120 0.8789763451
241.2 45.5 2183.4 0.0586004667 0.9982814789 0.0001291519 -0.9832932949 0.0577429719 -0.1726267338 -0.1723375320 0.0099890120 0.9849873185
25.0 -109.2 1934.6 0.9829750657 0.1412980407 -0.1174515113 -0.1421548426 0.9898438454 0.0010925693 0.1164130345 0.0156223327 0.9930779934
-31.2 -502.5 1928.4 0.9887815714 0.1080079526 -0.1031758711 -0.0980442837 0.9904233813 0.0972051024 0.1126867235 -0.0859988108 0.9899019599
181.0 -106.6 2030.7 0.8866357207 0.2895497382 -0.3606078625 -0.2747829854 0.9570156336 0.0928189084 0.3719830513 0.0167923439 0.9280875921
65.9 -486.9 2024.0 0.9467239380 0.0840605348 -0.3108819723 -0.0069064503 0.9704108238 0.2413609028 0.3219721913 -0.2263550460 0.9192917347
54.5 304.4 1689.4 0 0 0 0 0 0 0 0 0
256.4 -208.9 2138.8 0 0 0 0 0 0 0 0 0
-72.4 -880.7 1961.2 0 0 0 0 0 0 0 0 0
33.8 -857.4 2110.5 0 0 0 0 0 0 0 0 0
103.8 493.3 1969.9 7 0.8707088232 0.0099479221 -0.4916982949 0.0052819173 0.9995485544 0.0295759477 0.4917705655 -0.0283491481 0.8702632189
101.8 290.9 1975.7 0.8707088232 0.0099479221 -0.4916982949 0.0052819173 0.9995485544 0.0295759477 0.4917705655 -0.0283491481 0.8702632189
101.6 92.3 1981.3 0.8707512021 0.0008360150 -0.4917231500 0.0131413871 0.9996017814 0.0249704756 0.4915482104 -0.0282049943 0.8703935146
-25.3 289.0 1903.9 0.4184906781 -0.7964320183 -0.4365335703 0.7985144854 0.5516510606 -0.2409475744 0.4327125847 -0.2477440685 0.8668233156
-112.4 122.9 1813.9 -0.6021301150 -0.7964320183 -0.0559941828 -0.6854742169 0.5516510606 -0.4751907289 0.4093463719 -0.2477440685 -0.8780993223
229.0 292.8 2047.4 0.0456072092 0.9985103011 -0.0299524181 -0.8696880937 0.0544395149 0.4905904531 0.4914902151 0.0036747998 0.8708753586
241.9 46.4 2186.7 0.0541829355 0.9985103011 0.0064322739 -0.9813569188 0.0544395149 -0.1843229085 -0.1843984872 0.0036747998 0.9828447104
25.0 -108.0 1939.4 0.9841693044 0.1456046999 -0.1010446921 -0.1471573114 0.9890803695 -0.0080455123 0.0987698585 0.0227876119 0.9948493838
-32.9 -501.1 1930.4 0.9912800193 0.0979339555 -0.0881638154 -0.0912456587 0.9928511977 0.0769459158 0.0950691700 -0.0682303831 0.9931296110
182.9 -104.8 2032.4 0.8887827396 0.2984070480 -0.3478771746 -0.2888784707 0.9539937377 0.0802819803 0.3558293581 0.0291409846 0.9340965152
64.4 -483.8 2020.8 0.9545545578 0.0479050502 -0.2941609621 0.0239185076 0.9715005159 0.2358276993 0.2970748544 -0.2321463078 0.9262044430
62.2 321.6 1695.3 0 0 0 0 0 0 0 0 0
255.9 -208.0 2138.9 0 0 0 0 0 0 0 0 0
-70.3 -880.3 1956.4 0 0 0 0 0 0 0 0 0
46.1 -854.7 2109.4 0 0 0 0 0 0 0 0 0
102.0 493.2 1964.8 8 0.8636141419 0.0070216791 -0.5041044950 0.0164928474 0.9989743233 0.0421696976 0.5038835406 -0.0447324663 0.8626125455
100.6 289.6 1974.0 0.8636141419 0.0070216791 -0.5041044950 0.0164928474 0.9989743233 0.0421696976 0.5038835406 -0.0447324663 0.8626125455
101.0 91.1 1981.8 0.8636267185 -0.0021861519 -0.5041270852 0.0216948632 0.9992253780 0.0328326039 0.5036647916 -0.0392920822 0.8630051613
-25.5 286.4 1900.4 0.4284394383 -0.7869936228 -0.4439376891 0.7747741342 0.5727794766 -0.2676727474 0.4649351537 -0.2292698473 0.8551436067
-112.1 129.9 1806.5 -0.6152967811 -0.7869936228 -0.0452864803 -0.7013875246 0.5727794766 -0.4242395163 0.3598129749 -0.2292698473 -0.9044169188
226.7 292.8 2047.5 0.0520927124 0.9985855818 -0.0106387213 -0.8749529123 0.0507734381 0.4815386534 0.4813977182 -0.0157762729 0.8763602972
241.6 43.8 2184.5 0.0470650271 0.9985855818 0.0247328971 -0.9821826220 0.0507734381 -0.1809400469 -0.1819398999 -0.0157762729 0.9831830859
21.6 -107.6 1941.8 0.9834926724 0.1387470067 -0.1161528677 -0.1402131021 0.9901111126 -0.0045078350 0.1143787950 0.0207195766 0.9932211041
-33.5 -501.1 1933.6 0.9905825853 0.0854544565 -0.1069750413 -0.0794409215 0.9950757027 0.0592741817 0.1115135103 -0.0502177775 0.9924932718
