99.7 430.7 1992.4  0.8189086318 -0.1869596690 -0.5426183939 0.3617803156 0.9021150470 0.2351669073 0.4455375075 -0.3888888657 0.8063881397
144.3 215.8 2085.1 0.8189086318 -0.1869596690 -0.5426183939 0.3617803156 0.9021150470 0.2351669073 0.4455375075 -0.3888888657 0.8063881397
109.4 25.0 2078.8 0.8209730983 0.1796118021 -0.5419803858 -0.1679248065 0.9832058549 0.0714668408 0.5457146168 0.0323396027 0.8373468518
32.1 238.8 2010.5 0.5155758262 -0.6616823077 -0.5443877578 0.1064940766 0.6798983812 -0.7255323529 0.8502002954 0.3160928786 0.4210044146
-99.2 211.7 1794.0 -0.7479843497 -0.6616823077 -0.0519221053 -0.6277618408 0.6798983812 0.3790161610 -0.2154865414 0.3160928786 -0.9239322543
256.4 192.9 2159.6 0.1850093007 0.9552825689 0.2306658924 -0.5070923567 -0.1082587540 0.8550657034 0.8418009877 -0.2751640081 0.4643876255
288.6 104.7 2306.0 -0.2429032773 0.9552825689 0.1686214507 -0.8179664016 -0.1082587540 -0.5649875998 -0.5214680433 -0.2751640081 0.8076854944
3.5 -151.0 2021.2 0.8071589470 0.0433214009 -0.5887424350 -0.0033241259 0.9976214170 0.0688505843 0.5903247595 -0.0536163114 0.8053830862
-13.3 -538.3 2042.0 0.8095659614 0.0735940039 -0.5823975205 0.0246176459 0.9869815111 0.1589387357 0.5865125060 -0.1430086493 0.7972149253
149.5 -180.9 2120.7 0.8420867920 0.0813876614 0.5331659317 -0.0621827729 0.9966072440 -0.0539198779 -0.5357453823 0.0122514823 0.8442906737
117.9 -567.8 2115.9 0.8398787379 -0.0653846040 0.5388214588 -0.0131486058 0.9899754524 0.1406261474 -0.5426148176 -0.1251936555 0.8305996060
109.7 386.9 1854.2 0 0 0 0 0 0 0 0 0
227.3 -101.6 2174.5 0 0 0 0 0 0 0 0 0
-40.8 -906.7 2095.4 0 0 0 0 0 0 0 0 0
142.3 -936.9 2162.6 0 0 0 0 0 0 0 0 0
99.2 427.7 1980.2  0.8185177445 -0.1816559583 -0.5450044870 0.3816270530 0.8810499310 0.2794849277 0.4294060469 -0.4367518127 0.7904797792
142.8 216.5 2084.9 0.8185177445 -0.1816559583 -0.5450044870 0.3816270530 0.8810499310 0.2794849277 0.4294060469 -0.4367518127 0.7904797792
109.8 25.3 2077.9 0.8218563199 0.1702011079 -0.5436761379 -0.1621764451 0.9847407341 0.0631225407 0.5461235642 0.0362938009 0.8369180560
30.5 238.6 2010.3 0.5095069408 -0.6631074548 -0.5483531356 0.1144695655 0.6838443279 -0.7205925584 0.8528184891 0.3043771982 0.4243290424
-98.8 209.6 1793.9 -0.7470038533 -0.6631074548 -0.0476841591 -0.6304823160 0.6838443279 0.3672178686 -0.2108963728 0.3043771982 -0.9289118648
255.1 194.3 2159.5 0.2094382048 0.9441908002 0.2542426586 -0.5060127378 -0.1178326532 0.8544393182 0.8367118239 -0.3076022565 0.4530939460
290.9 107.8 2302.6 -0.2652301192 0.9441908002 0.1953373253 -0.8257303238 -0.1178326532 -0.5516203046 -0.4978176951 -0.3076022565 0.8108997345
1.0 -150.8 2023.6 0.8061846495 0.0389274880 -0.5903820992 -0.0043408773 0.9981955886 0.0598895177 0.5916481018 -0.0457192324 0.8048989177
-14.1 -538.3 2041.4 0.8099658489 0.0578091405 -0.5836209655 0.0437975563 0.9863890409 0.1584878415 0.5848393440 -0.1539309174 0.7964095473
148.1 -180.9 2121.4 0.8426710367 0.0811216757 0.5322825909 -0.0603982471 0.9965873361 -0.0562651902 -0.5350304246 0.0152641097 0.8446949124
116.6 -567.8 2115.5 0.8403550982 -0.0681008324 0.5377411842 -0.0123528857 0.9894121885 0.1446060091 -0.5418955088 -0.1281630546 0.8306163549
109.8 385.6 1852.7 0 0 0 0 0 0 0 0 0
223.8 -101.0 2176.7 0 0 0 0 0 0 0 0 0
-35.7 -906.4 2098.8 0 0 0 0 0 0 0 0 0
142.0 -936.9 2163.3 0 0 0 0 0 0 0 0 0
99.0 432.5 1994.1  0.8172716498 -0.1786615849 -0.5478568077 0.3556954265 0.9043981433 0.2356794626 0.4533737898 -0.3874843121 0.8026880622
141.0 220.0 2085.1 0.8172716498 -0.1786615849 -0.5478568077 0.3556954265 0.9043981433 0.2356794626 0.4533737898 -0.3874843121 0.8026880622
109.8 28.5 2077.7 0.8220292926 0.1610695273 -0.5461908579 -0.1555992365 0.9861948490 0.0566446595 0.5477743149 0.0384233147 0.8357433081
28.7 241.2 2010.3 0.4986347854 -0.6575525403 -0.5647902489 0.1141980290 0.6957258582 -0.7091715336 0.8592567444 0.2891196609 0.4220043123
-97.8 212.3 1792.3 -0.7527836561 -0.6575525403 -0.0306833629 -0.6223334670 0.6957258582 0.3587011695 -0.2145176530 0.2891196609 -0.9329479933
253.3 198.7 2160.0 0.2353977114 0.9312188625 0.2782433927 -0.5199890137 -0.1211952120 0.8455312848 0.8210964203 -0.3437196314 0.4556944966
293.7 109.6 2300.7 -0.2859337330 0.9312188625 0.2259941846 -0.8277323842 -0.1211952120 -0.5478784442 -0.4828053117 -0.3437196314 0.8054537773
3.1 -151.3 2021.9 0.8049233556 0.0395395607 -0.5920599699 0.0054680700 0.9972408414 0.0740327686 0.5933536291 -0.0628281310 0.8024861813
-12.2 -538.4 2046.3 0.8051177859 0.0684355050 -0.5891535878 0.0082410211 0.9919344187 0.1264840513 0.5930576921 -0.1066897810 0.7980600595
150.4 -180.4 2119.8 0.8434303999 0.0893429071 0.5297574997 -0.0641957968 0.9957703948 -0.0657288134 -0.5333892107 0.0214294791 0.8455984592
115.7 -566.9 2111.5 0.8403056264 -0.0849308446 0.5354186893 -0.0166552775 0.9831407666 0.1820902079 -0.5418570042 -0.1619289815 0.8247241974
112.4 386.0 1852.2 0 0 0 0 0 0 0 0 0
221.3 -100.1 2178.5 0 0 0 0 0 0 0 0 0
-37.8 -908.2 2086.1 0 0 0 0 0 0 0 0 0
147.3 -933.6 2171.8 0 0 0 0 0 0 0 0 0
99.7 428.9 1978.5  0.8181403279 -0.1788217127 -0.5465063453 0.3818490505 0.8795593381 0.2838426232 0.4299275279 -0.4409060180 0.7878859043
142.6 218.0 2084.3 0.8181403279 -0.1788217127 -0.5465063453 0.3818490505 0.8795593381 0.2838426232 0.4299275279 -0.4409060180 0.7878859043
108.2 27.2 2076.0 0.8185789585 0.1773447543 -0.5463308096 -0.1713289469 0.9832319021 0.0624617003 0.5482470989 0.0424724445 0.8352372050
30.8 241.4 2009.4 0.5078532100 -0.6498952508 -0.5654389858 0.1059773862 0.6985340714 -0.7076855898 0.8548999429 0.2994766235 0.4236269593
-98.6 214.4 1791.6 -0.7594512701 -0.6498952508 -0.0294933729 -0.6121565104 0.6985340714 0.3705597520 -0.2202229053 0.2994766235 -0.9283402562
254.4 194.6 2159.2 0.2265089750 0.9371179342 0.2655251622 -0.5006829500 -0.1218101904 0.8570173979 0.8354700804 -0.3270660639 0.4416078925
292.4 110.6 2299.4 -0.2757246494 0.9371179342 0.2139762789 -0.8329246044 -0.1218101904 -0.5398137569 -0.4798046649 -0.3270660639 0.8141346574
4.9 -148.9 2021.1 0.8040817976 0.0438962281 -0.5928959250 -0.0101979552 0.9981421232 0.0600690320 0.5944312215 -0.0422540903 0.8030355573
-12.2 -536.3 2037.5 0.8104168177 0.0785574242 -0.5805628896 0.0498203449 0.9781383276 0.2018993646 0.5837315321 -0.1925464869 0.7887859941
152.1 -176.8 2119.3 0.8437604904 0.0938973203 0.5284425616 -0.0683984160 0.9953616858 -0.0676514655 -0.5323437452 0.0209370013 0.8462693095
115.7 -563.2 2111.2 0.8394381404 -0.0966867879 0.5347852707 -0.0088083874 0.9814966917 0.1912764907 -0.5433838964 -0.1652753800 0.8230540752
113.5 385.3 1853.1 0 0 0 0 0 0 0 0 0
222.5 -100.6 2177.7 0 0 0 0 0 0 0 0 0
-41.4 -899.9 2109.1 0 0 0 0 0 0 0 0 0
151.8 -929.4 2172.8 0 0 0 0 0 0 0 0 0
98.7 428.9 1974.2  0.8240629435 -0.1807415783 -0.5368917584 0.3805485070 0.8786746860 0.2882943451 0.4196464121 -0.4418860376 0.7928642035
143.0 213.8 2082.4 0.8240629435 -0.1807415783 -0.5368917584 0.3805485070 0.8786746860 0.2882943451 0.4196464121 -0.4418860376 0.7928642035
107.8 23.1 2074.6 0.8239650130 0.1810704023 -0.5369312763 -0.1739037335 0.9826473594 0.0645106137 0.5392950773 0.0402198695 0.8411558270
30.4 237.6 2008.8 0.5114676356 -0.6503999233 -0.5615877509 0.0883561820 0.6898805499 -0.7185109258 0.8547479510 0.3178753257 0.4103184342
-99.6 215.1 1791.4 -0.7583174706 -0.6503999233 -0.0439834930 -0.6139503121 0.6898805499 0.3835750222 -0.2191338092 0.3178753257 -0.9224617481
255.5 190.0 2156.1 0.2242679596 0.9363347292 0.2701503336 -0.4838144779 -0.1336594522 0.8649038672 0.8459476233 -0.3246728778 0.4230367541
293.1 109.0 2297.8 -0.2885864079 0.9363347292 0.1999880224 -0.8196744323 -0.1336594522 -0.5570179224 -0.4948249161 -0.3246728778 0.8060619235
0.4 -148.3 2018.7 0.8111978769 0.0222891383 -0.5843467712 0.0071478840 0.9988207221 0.0480214879 0.5847280025 -0.0431317724 0.8100819588
-8.2 -536.0 2035.4 0.8142262697 0.0982923955 -0.5721662641 0.0341345035 0.9757522345 0.2161998153 0.5795432925 -0.1955661774 0.7911279202
147.1 -179.0 2116.9 0.8388561010 0.0734205469 0.5393791795 -0.0571974926 0.9972656965 -0.0467932895 -0.5413399339 0.0084017012 0.8407618403
118.6 -566.1 2113.6 0.8372797966 -0.0606344342 0.5434022546 -0.0236248355 0.9888921976 0.1467449069 -0.5462640524 -0.1357043236 0.8265469670
112.1 386.5 1852.6 0 0 0 0 0 0 0 0 0
219.9 -98.9 2172.3 0 0 0 0 0 0 0 0 0
-44.8 -899.3 2108.2 0 0 0 0 0 0 0 0 0
141.2 -934.7 2164.2 0 0 0 0 0 0 0 0 0
100.4 429.6 1976.6  0.8309932947 -0.1658157557 -0.5309945941 0.3639232218 0.8839829564 0.2934859693 0.4207255542 -0.4371261299 0.7949281335
140.5 216.0 2082.3 0.8309932947 -0.1658157557 -0.5309945941 0.3639232218 0.8839829564 0.2934859693 0.4207255542 -0.4371261299 0.7949281335
108.4 24.7 2076.8 0.8310771585 0.1655135006 -0.5309576392 -0.1547567993 0.9858073592 0.0650703236 0.5341919661 0.0280908458 0.8448963165
27.0 237.1 2009.3 0.5053619146 -0.6525204182 -0.5646471977 0.0822226480 0.6877902150 -0.7212378979 0.8589812517 0.3180593848 0.4012349248
-101.1 216.3 1791.5 -0.7566137314 -0.6525204182 -0.0418665037 -0.6145447493 0.6877902150 0.3863669634 -0.2233169526 0.3180593848 -0.9213944674
254.0 194.8 2155.2 0.2539119124 0.9144978523 0.3149959743 -0.5200072527 -0.1455307156 0.8416728973 0.8155496120 -0.3775109649 0.4385935366
297.5 105.8 2294.9 -0.3343950510 0.9144978523 0.2277579159 -0.7971284986 -0.1455307156 -0.5860093832 -0.5027585626 -0.3775109649 0.7776370049
-1.1 -152.1 2018.5 0.8155832887 0.0174821597 -0.5783755183 0.0110220760 0.9988927841 0.0457353815 0.5785346627 -0.0436759107 0.8144875765
-7.9 -539.8 2035.5 0.8192335963 0.1000021175 -0.5646732450 0.0423658974 0.9714326859 0.2335029989 0.5718928576 -0.2152163982 0.7915936112
146.5 -183.2 2115.1 0.8344944119 0.0694373474 0.5466237068 -0.0604866967 0.9975767136 -0.0343806408 -0.5476863980 -0.0043730107 0.8366722465
119.6 -570.4 2116.8 0.8320066929 -0.0678273216 0.5506036282 -0.0052029411 0.9915000796 0.1300021857 -0.5547412038 -0.1110274494 0.8245817423
110.1 387.9 1853.9 0 0 0 0 0 0 0 0 0
212.8 -96.2 2167.5 0 0 0 0 0 0 0 0 0
-45.2 -901.9 2115.7 0 0 0 0 0 0 0 0 0
144.9 -940.2 2158.3 0 0 0 0 0 0 0 0 0
100.7 430.8 1975.8  0.8242422938 -0.1643380523 -0.5418649316 0.3658137918 0.8849917650 0.2880447805 0.4322093129 -0.4356403649 0.7895647883
140.6 216.0 2081.5 0.8242422938 -0.1643380523 -0.5418649316 0.3658137918 0.8849917650 0.2880447805 0.4322093129 -0.4356403649 0.7895647883
109.7 24.4 2076.7 0.8256171942 0.1593191773 -0.5412704349 -0.1469759345 0.9869152904 0.0663045123 0.5447516441 0.0248115882 0.8382303119
27.8 236.1 2007.1 0.5137614608 -0.6548258662 -0.5543034077 0.0762566477 0.6783888340 -0.7307349443 0.8545373678 0.3331541121 0.3984648585
-101.7 216.8 1791.7 -0.7541546226 -0.6548258662 -0.0495370962 -0.6154010892 0.6783888340 0.4013353884 -0.2291993946 0.3331541121 -0.9145905972
253.4 195.9 2155.9 0.2807275355 0.8999543190 0.3335779607 -0.5225340724 -0.1482233256 0.8396356106 0.8050777316 -0.4100146890 0.4286464453
301.6 106.2 2294.2 -0.3533903658 0.8999543190 0.2553379238 -0.7987729907 -0.1482233256 -0.5830879807 -0.4869054854 -0.4100146890 0.7712398767
1.8 -152.8 2023.5 0.8082878590 0.0249760486 -0.5882575512 0.0011449585 0.9990313053 0.0439897627 0.5887864232 -0.0362299234 0.8074762821
-7.8 -540.6 2037.5 0.8111590743 0.1199453920 -0.5723932981 0.0227783658 0.9715194106 0.2358625829 0.5843818188 -0.2043602467 0.7853246331
150.7 -180.5 2119.2 0.8398207426 0.0896298140 0.5354134440 -0.0768878534 0.9959722161 -0.0461265743 -0.5373912454 -0.0024287340 0.8433295488
115.9 -567.1 2120.1 0.8332096934 -0.1059039980 0.5427209139 0.0335012451 0.9893532991 0.1416251212 -0.5519413948 -0.0998215973 0.8278867006
108.9 388.7 1855.7 0 0 0 0 0 0 0 0 0
212.0 -96.4 2170.7 0 0 0 0 0 0 0 0 0
-52.6 -902.9 2113.8 0 0 0 0 0 0 0 0 0
155.4 -935.9 2157.3 0 0 0 0 0 0 0 0 0
101.6 430.4 1971.9  0.8224272728 -0.1669519693 -0.5438202620 0.3726150692 0.8804443479 0.2932161689 0.4298504591 -0.4437845945 0.7863102555
142.2 215.9 2080.0 0.8224272728 -0.1669519693 -0.5438202620 0.3726150692 0.8804443479 0.2932161689 0.4298504591 -0.4437845945 0.7863102555
112.1 24.2 2077.1 0.8255926967 0.1553734541 -0.5424535275 -0.1381265968 0.9877432585 0.0726933777 0.5470994115 0.0149121359 0.8369348049
29.4 234.8 2005.2 0.5251919031 -0.6503696442 -0.5488103628 0.0664569885 0.6742887497 -0.7354713678 0.8483849168 0.3497913182 0.3973526061
-102.0 218.2 1792.9 -0.7570844889 -0.6503696442 -0.0619871169 -0.6129640341 0.6742887497 0.4118370414 -0.2260490954 0.3497913182 -0.9091467857
255.0 197.1 2154.7 0.2770819664 0.9008737206 0.3341439366 -0.5162880421 -0.1537012309 0.8425096869 0.8103531599 -0.4059587717 0.4225224853
302.9 107.8 2294.8 -0.3517164886 0.9008737206 0.2544053793 -0.8065669537 -0.1537012309 -0.5708113909 -0.4751265645 -0.4059587717 0.7806742191
4.8 -154.0 2023.1 0.8069296479 0.0372078978 -0.5894744396 -0.0135480165 0.9989172220 0.0445062816 0.5904921889 -0.0279272273 0.8065600395
-9.7 -541.7 2033.9 0.8167333603 0.0747352093 -0.5721549392 0.0725187138 0.9704197645 0.2302749902 0.5724400878 -0.2295652032 0.7871544361
152.7 -180.3 2120.7 0.8411592841 0.0892893001 0.5333652496 -0.0739220232 0.9960018992 -0.0501572192 -0.5357113481 0.0027627714 0.8443966508
118.0 -566.9 2119.6 0.8375356197 -0.0783924386 0.5407298207 0.0092436727 0.9915452003 0.1294320077 -0.5463045835 -0.1034055799 0.8311790228
109.4 389.3 1856.0 0 0 0 0 0 0 0 0 0
213.7 -96.8 2174.3 0 0 0 0 0 0 0 0 0
-37.5 -903.3 2119.5 0 0 0 0 0 0 0 0 0
147.3 -936.7 2158.2 0 0 0 0 0 0 0 0 0
102.3 430.5 1974.9  0.8402791619 -0.1425988376 -0.5230645537 0.3432530761 0.8867216706 0.3096805513 0.4196526110 -0.4397616088 0.7940412164
136.2 220.0 2079.3 0.8402791619 -0.1425988376 -0.5230645537 0.3432530761 0.8867216706 0.3096805513 0.4196526110 -0.4397616088 0.7940412164
110.4 27.8 2073.7 0.8427619934 0.1327102631 -0.5216705799 -0.1281462908 0.9907330871 0.0450162031 0.5228103995 0.0289122034 0.8519585133
21.1 237.5 2007.9 0.4980316460 -0.6477437019 -0.5765349865 0.0739614666 0.6941622496 -0.7160087228 0.8639989495 0.3139536083 0.3936228454
-102.5 219.1 1793.5 -0.7608948946 -0.6477437019 -0.0383019485 -0.6101586223 0.6941622496 0.3818968236 -0.2207835019 0.3139536083 -0.9234109521
251.3 202.5 2150.7 0.2906328738 0.8952791095 0.3376504183 -0.5294237733 -0.1434791535 0.8361364603 0.7970213294 -0.4217689037 0.4322822690
304.2 106.1 2296.0 -0.3602283001 0.8952791095 0.2621275187 -0.7901738286 -0.1434791535 -0.5958515406 -0.4958435893 -0.4217689037 0.7591114044
8.0 -155.1 2025.2 0.8220453858 0.0413696617 -0.5679172277 -0.0164317247 0.9986654520 0.0489628203 0.5691848993 -0.0309177991 0.8216280341
-8.1 -542.8 2037.2 0.8266347051 0.0982158259 -0.5541017056 0.0227012262 0.9780299067 0.2072248310 0.5622808337 -0.1838780195 0.8062438369
155.9 -179.9 2123.2 0.8263251185 0.0941541791 0.5552672744 -0.0676241368 0.9953808188 -0.0681468993 -0.5591187477 0.0187620241 0.8288753033
119.3 -566.2 2115.9 0.8243967891 -0.0612150431 0.5626923442 -0.0227441546 0.9897487760 0.1409966201 -0.5655552149 -0.1290351152 0.8145534396
110.0 389.5 1855.2 0 0 0 0 0 0 0 0 0
212.8 -94.3 2170.2 0 0 0 0 0 0 0 0 0
-44.7 -907.1 2105.7 0 0 0 0 0 0 0 0 0
142.2 -935.4 2164.0 0 0 0 0 0 0 0 0 0
104.5 430.7 1970.4  0.8468053937 -0.1253026575 -0.5169331431 0.3349017203 0.8806328773 0.3351515532 0.4132329524 -0.4569299519 0.7876887321
134.4 221.1 2079.2 0.8468053937 -0.1253026575 -0.5169331431 0.3349017203 0.8806328773 0.3351515532 0.4132329524 -0.4569299519 0.7876887321
109.2 28.7 2074.7 0.8458170295 0.1293484122 -0.5175544024 -0.1224133968 0.9913322330 0.0477010980 0.5192384124 0.0230091922 0.8543196321
18.8 237.8 2008.3 0.4907732606 -0.6465906501 -0.5840052366 0.0768293664 0.6997830868 -0.7102118134 0.8678933382 0.3036842048 0.3931119740
-102.4 218.8 1793.9 -0.7621484995 -0.6465906501 -0.0324065685 -0.6095216870 0.6997830868 0.3725411892 -0.2182040811 0.3036842048 -0.9274496436
249.9 204.4 2150.1 0.2990168333 0.8879167438 0.3495608270 -0.5376020074 -0.1459044367 0.8304793835 0.7883990407 -0.4362519085 0.4337179661
304.8 105.7 2294.9 -0.3662585616 0.8879167438 0.2783136666 -0.7980197072 -0.1459044367 -0.5847020149 -0.4785595238 -0.4362519085 0.7620138526
9.1 -153.0 2021.2 0.8248817325 0.0430923887 -0.5636605620 -0.0119155841 0.9981942177 0.0588751994 0.5651797652 -0.0418487303 0.8239056468
-7.6 -540.5 2037.4 0.8283590674 0.0983407050 -0.5514982939 0.0186865572 0.9790726304 0.2026513368 0.5598857999 -0.1781736761 0.8091860414
160.1 -175.9 2114.8 0.8208118677 0.1107780039 0.5603535771 -0.0966908261 0.9938028455 -0.0548341610 -0.5629553795 -0.0091725197 0.8264364004
117.1 -561.5 2118.4 0.8165900707 -0.0831506774 0.5711975098 0.0022385952 0.9900185466 0.1409192085 -0.5772136450 -0.1137945503 0.8086255193
110.4 389.0 1854.8 0 0 0 0 0 0 0 0 0
211.9 -96.7 2173.4 0 0 0 0 0 0 0 0 0
-44.3 -905.6 2103.9 0 0 0 0 0 0 0 0 0
148.1 -930.8 2160.8 0 0 0 0 0 0 0 0 0
104.1 431.6 1974.7  0.8560058475 -0.1230004206 -0.5021204352 0.3160973191 0.8930938244 0.3201029599 0.4090678692 -0.4327289164 0.8033736348
133.3 219.4 2077.5 0.8560058475 -0.1230004206 -0.5021204352 0.3160973191 0.8930938244 0.3201029599 0.4090678692 -0.4327289164 0.8033736348
108.3 27.0 2072.8 0.8546518683 0.1288065165 -0.5029702187 -0.1233469471 0.9913747311 0.0442905538 0.5043368936 0.0241868366 0.8631681800
16.5 236.3 2008.6 0.4853640795 -0.6359532475 -0.5999876261 0.0705988258 0.7125061154 -0.6981051564 0.8714570999 0.2964767516 0.3907224536
-102.8 218.9 1794.4 -0.7712742090 -0.6359532475 -0.0264485441 -0.5999723673 0.7125061154 0.3638243675 -0.2125305384 0.2964767516 -0.9310920238
250.0 202.6 2146.4 0.2989062667 0.8892939687 0.3461377323 -0.5178162456 -0.1535285115 0.8416028619 0.8015743494 -0.4307960868 0.4146001935
305.9 105.8 2296.2 -0.3725227714 0.8892939687 0.2652980387 -0.7896040082 -0.1535285115 -0.5940997601 -0.4875985086 -0.4307960868 0.7593829036
8.4 -152.7 2023.7 0.8339045048 0.0509629510 -0.5495507717 -0.0237353761 0.9981179237 0.0565443598 0.5513981581 -0.0341088027 0.8335446715
-11.4 -540.2 2036.9 0.8400468230 0.0761136636 -0.5371480584 0.0356234387 0.9802335501 0.1946102530 0.5413430929 -0.1826167852 0.8207306266
159.9 -174.6 2116.7 0.8119029999 0.1047860384 0.5743112564 -0.0873807743 0.9944897890 -0.0579196848 -0.5772158504 -0.0031585973 0.8165854812
119.2 -560.6 2117.9 0.8101162314 -0.0538561456 0.5837904215 -0.0197294652 0.9927033186 0.1189576462 -0.5859372616 -0.1078873873 0.8031424880
112.6 386.4 1853.7 0 0 0 0 0 0 0 0 0
211.3 -94.5 2172.5 0 0 0 0 0 0 0 0 0
-39.8 -905.8 2105.0 0 0 0 0 0 0 0 0 0
139.3 -930.8 2158.2 0 0 0 0 0 0 0 0 0
105.0 429.1 1972.8  0.8545622230 -0.1278308779 -0.5033712983 0.3245898485 0.8880744576 0.3255228996 0.4054193199 -0.4415687919 0.8004075289
135.3 218.1 2077.8 0.8545622230 -0.1278308779 -0.5033712983 0.3245898485 0.8880744576 0.3255228996 0.4054193199 -0.4415687919 0.8004075289
108.2 25.9 2073.4 0.8516471386 0.1398295015 -0.5051186681 -0.1316726655 0.9899267554 0.0520319678 0.5073060989 0.0221974459 0.8614799976
19.0 236.1 2008.5 0.4957218468 -0.6329689026 -0.5946513414 0.0713201314 0.7120594382 -0.6984874606 0.8655479550 0.3038448989 0.3981268704
-103.0 218.5 1795.5 -0.7736057043 -0.6329689026 -0.0297424309 -0.5968295932 0.7120594382 0.3698185384 -0.2129052430 0.3038448989 -0.9286278486
251.7 200.1 2147.1 0.2887566984 0.8912986517 0.3495801687 -0.5266906619 -0.1570327878 0.8354266286 0.7995101810 -0.4253556430 0.4240944088
304.2 104.2 2292.6 -0.3679144681 0.8912986517 0.2650012672 -0.7987589836 -0.1570327878 -0.5807967186 -0.4760494232 -0.4253556430 0.7697074413
6.7 -154.4 2022.9 0.8329886794 0.0495216995 -0.5510693789 -0.0117750214 0.9973475933 0.0718274117 0.5531647205 -0.0533425659 0.8313623667
-12.5 -541.5 2043.6 0.8354071975 0.0732530504 -0.5447282195 0.0162840523 0.9873450994 0.1577481329 0.5493902564 -0.1406543106 0.8236423731
159.8 -176.5 2113.3 0.8138535023 0.1023535728 0.5719844103 -0.0870119482 0.9947319627 -0.0541962199 -0.5745183825 -0.0056616939 0.8184720874
120.1 -562.6 2115.5 0.8127907515 -0.0416730307 0.5810632706 -0.0397242717 0.9911516905 0.1266502589 -0.5811997652 -0.1260224730 0.8039435148
113.1 385.2 1855.0 0 0 0 0 0 0 0 0 0
210.9 -98.5 2171.8 0 0 0 0 0 0 0 0 0
-39.8 -909.6 2096.1 0 0 0 0 0 0 0 0 0
135.6 -932.3 2162.5 0 0 0 0 0 0 0 0 0
105.0 428.9 1971.9  0.8461035490 -0.1349128336 -0.5156620145 0.3388104439 0.8829723001 0.3249112964 0.4114806056 -0.4496202767 0.7927958965
137.0 219.4 2078.6 0.8461035490 -0.1349128336 -0.5156620145 0.3388104439 0.8829723001 0.3249112964 0.4114806056 -0.4496202767 0.7927958965
110.9 27.1 2075.9 0.8462935090 0.1341399252 -0.5155519843 -0.1216967106 0.9908688068 0.0580425113 0.5186301470 0.0136199798 0.8548901677
21.4 236.0 2007.7 0.5048386455 -0.6287751198 -0.5914217830 0.0755960569 0.7147111893 -0.6953223348 0.8598971963 0.3063164353 0.4083467424
-102.9 217.4 1796.1 -0.7771226764 -0.6287751198 -0.0268738270 -0.5912013650 0.7147111893 0.3737230003 -0.2157807052 0.3063164353 -0.9271509647
252.6 202.8 2149.4 0.2904907167 0.8879637122 0.3565608263 -0.5348238945 -0.1583213657 0.8299986720 0.7934598923 -0.4318041503 0.4289132953
305.2 106.0 2293.1 -0.3719448149 0.8879637122 0.2705134749 -0.7994412184 -0.1583213657 -0.5795067549 -0.4717528820 -0.4318041503 0.7687615752
4.8 -154.4 2023.7 0.8261705637 0.0412332639 -0.5619093180 -0.0076558883 0.9980479479 0.0619810075 0.5633680820 -0.0469049662 0.8248735070
-11.3 -541.8 2041.9 0.8294501305 0.0777663589 -0.5531408787 0.0272379406 0.9834522605 0.1791081131 0.5579162240 -0.1636276692 0.8136064410
157.3 -178.0 2114.6 0.8218210936 0.0935262293 0.5620168447 -0.0803655535 0.9956011772 -0.0481635295 -0.5640491843 -0.0055849901 0.8257223368
121.0 -564.5 2116.7 0.8215990067 -0.0212784968 0.5696685910 -0.0660377070 0.9890228510 0.1321846247 -0.5662279725 -0.1462223679 0.8111749887
114.1 382.5 1856.3 0 0 0 0 0 0 0 0 0
210.8 -96.9 2173.3 0 0 0 0 0 0 0 0 0
-40.3 -908.6 2102.9 0 0 0 0 0 0 0 0 0
129.0 -933.4 2171.3 0 0 0 0 0 0 0 0 0
106.3 434.5 1997.4  0.8353020549 -0.1366994977 -0.5325257778 0.3008978069 0.9243237972 0.2347040772 0.4601423144 -0.3562846184 0.8132221699
137.9 220.6 2079.9 0.8353020549 -0.1366994977 -0.5325257778 0.3008978069 0.9243237972 0.2347040772 0.4601423144 -0.3562846184 0.8132221699
112.5 28.1 2077.4 0.8365602493 0.1309366524 -0.5319986343 -0.1173274666 0.9913100004 0.0594875924 0.5351646543 0.0126530984 0.8446530104
23.7 236.6 2006.8 0.5156182051 -0.6241125464 -0.5870446563 0.0883162320 0.7202081680 -0.6881136894 0.8522547483 0.3029583693 0.4264716804
-102.8 214.9 1797.7 -0.7807661891 -0.6241125464 -0.0297953710 -0.5896539688 0.7202081680 0.3655247986 -0.2066697329 0.3029583693 -0.9303246140
252.2 204.5 2153.0 0.2934127152 0.8880007863 0.3540671468 -0.5389748812 -0.1522352844 0.8284506202 0.7895663381 -0.4339112639 0.4339423776
305.0 107.6 2294.9 -0.3647637963 0.8880007863 0.2800034285 -0.8077728748 -0.1522352844 -0.5694975257 -0.4630878568 -0.4339112639 0.7728328705
9.1 -154.4 2026.8 0.8140661120 0.0506165363 -0.5785622597 -0.0294790398 0.9985119700 0.0458780900 0.5800235868 -0.0202923361 0.8143469095
-10.6 -541.8 2034.7 0.8253254890 0.0708038285 -0.5602005124 0.0683590546 0.9722813368 0.2235979885 0.5605040789 -0.2228358984 0.7976084948
160.7 -176.1 2119.7 0.8322703242 0.1066196486 0.5440205932 -0.0842616856 0.9942587018 -0.0659515783 -0.5479289293 0.0090494491 0.8364759088
119.3 -562.1 2116.2 0.8303981423 -0.0563877746 0.5543097854 -0.0269588567 0.9896342158 0.1410580426 -0.5565178990 -0.1320778877 0.8202702403
115.2 379.6 1855.4 0 0 0 0 0 0 0 0 0
212.4 -97.4 2177.4 0 0 0 0 0 0 0 0 0
-36.9 -904.0 2117.7 0 0 0 0 0 0 0 0 0
140.3 -931.1 2165.5 0 0 0 0 0 0 0 0 0
106.9 434.6 1999.2  0.8283011317 -0.1402824372 -0.5424371362 0.3051143885 0.9249374866 0.2267066538 0.4699174762 -0.3532867730 0.8089289665
139.2 221.2 2080.7 0.8283011317 -0.1402824372 -0.5424371362 0.3051143885 0.9249374866 0.2267066538 0.4699174762 -0.3532867730 0.8089289665
113.8 28.8 2078.7 0.8303520679 0.1309352070 -0.5416376591 -0.1153511405 0.9913371205 0.0628074259 0.5451692343 0.0103262486 0.8382623792
25.8 236.9 2006.2 0.5341255069 -0.6268947124 -0.5671974421 0.1129156873 0.7178074121 -0.6870244741 0.8378305435 0.3029117882 0.4541854858
-105.5 209.2 1800.3 -0.7782903314 -0.6268947124 -0.0355974659 -0.5947342515 0.7178074121 0.3619995713 -0.2013835013 0.3029117882 -0.9314983487
252.7 205.4 2155.2 0.2897939682 0.8930934072 0.3440982103 -0.5470997691 -0.1404172033 0.8252059221 0.7853032947 -0.4273957610 0.4479191601
304.5 107.6 2295.6 -0.3555482626 0.8930934072 0.2756257653 -0.8023803830 -0.1404172033 -0.5800592303 -0.4793444872 -0.4273957610 0.7665257454
12.2 -153.8 2027.1 0.8070884943 0.0553385727 -0.5878314376 -0.0324009359 0.9982489944 0.0494891033 0.5895407796 -0.0208957959 0.8074682951
-9.3 -541.2 2035.2 0.8196467757 0.0847565234 -0.5665646195 0.0646703988 0.9689829946 0.2385156304 0.5692072511 -0.2321385294 0.7887425423
162.0 -174.8 2122.9 0.8386780024 0.1128304750 0.5328118205 -0.0847123489 0.9934235215 -0.0770291835 -0.5379990935 0.0194669403 0.8427206278
118.2 -560.4 2115.4 0.8366926908 -0.0606193691 0.5443075299 -0.0354196467 0.9857855439 0.1642326266 -0.5465261340 -0.1566914171 0.8226523995
111.8 375.2 1856.5 0 0 0 0 0 0 0 0 0
214.2 -96.0 2173.9 0 0 0 0 0 0 0 0 0
-40.9 -902.5 2121.7 0 0 0 0 0 0 0 0 0
140.8 -928.1 2173.8 0 0 0 0 0 0 0 0 0
106.9 433.2 1995.6  0.8224118948 -0.1475717276 -0.5494190454 0.3243713379 0.9150379896 0.2397679985 0.4673563242 -0.3754038513 0.8004061580
141.0 221.5 2082.5 0.8224118948 -0.1475717276 -0.5494190454 0.3243713379 0.9150379896 0.2397679985 0.4673563242 -0.3754038513 0.8004061580
115.8 29.0 2079.4 0.8264800310 0.1300027519 -0.5477499366 -0.1170716658 0.9913901091 0.0586509332 0.5506586432 0.0156521741 0.8345837593
28.1 237.5 2007.2 0.5418908596 -0.6228182912 -0.5643151999 0.1261227876 0.7241036296 -0.6780611873 0.8309316039 0.2962621748 0.4709367454
-105.2 206.4 1802.8 -0.7813017964 -0.6228182912 -0.0408031084 -0.5954017043 0.7241036296 0.3480958641 -0.1872548014 0.2962621748 -0.9365705252
254.0 205.5 2157.7 0.2880468369 0.8972297311 0.3346757591 -0.5363882184 -0.1383490860 0.8325546384 0.7932948470 -0.4193308651 0.4414124489
305.6 109.2 2300.0 -0.3547187150 0.8972297311 0.2629704773 -0.7913842797 -0.1383490860 -0.5954581499 -0.4978810251 -0.4193308651 0.7591285110
14.0 -153.3 2027.9 0.8032392263 0.0556897074 -0.5930476189 -0.0268271025 0.9979918599 0.0573803782 0.5950521827 -0.0301804207 0.8031201959
-7.6 -540.7 2039.6 0.8097251654 0.1098079979 -0.5764436722 0.0218884479 0.9760001898 0.2166668773 0.5864009261 -0.1880580783 0.7878884077
162.8 -174.0 2125.5 0.8417548537 0.1145028621 0.5275773406 -0.0892845020 0.9933177829 -0.0731306300 -0.5324256420 0.0144535825 0.8463533521
118.3 -559.6 2119.9 0.8390316367 -0.0676961243 0.5398547649 -0.0068473369 0.9908369184 0.1348899007 -0.5440396070 -0.1168734506 0.8308799863
113.0 372.7 1855.1 0 0 0 0 0 0 0 0 0
215.6 -91.6 2173.7 0 0 0 0 0 0 0 0 0
-48.5 -904.4 2109.7 0 0 0 0 0 0 0 0 0
143.6 -929.0 2163.5 0 0 0 0 0 0 0 0 0
106.7 430.2 1997.3  0.8136131167 -0.1576334536 -0.5596296787 0.3361029625 0.9129331708 0.2314905524 0.4744138420 -0.3764369488 0.7957554460
142.8 221.1 2083.5 0.8136131167 -0.1576334536 -0.5596296787 0.3361029625 0.9129331708 0.2314905524 0.4744138420 -0.3764369488 0.7957554460
116.9 28.7 2080.7 0.8193585277 0.1335808337 -0.5575013161 -0.1186718792 0.9909315109 0.0630216151 0.5608640909 0.0145224342 0.8277804852
30.9 237.3 2006.9 0.5591181517 -0.6175176501 -0.5532258749 0.1310634911 0.7247115970 -0.6764727831 0.8186631203 0.3057205081 0.4861334264
-106.7 205.1 1805.4 -0.7849386930 -0.6175176501 -0.0504304320 -0.5927133560 0.7247115970 0.3514028788 -0.1804499626 0.3057205081 -0.9348651171
254.7 204.9 2160.1 0.2880382836 0.9001541138 0.3267361522 -0.5326466560 -0.1329476684 0.8358303905 0.7958149910 -0.4147860706 0.4411700666
306.2 109.8 2302.2 -0.3533832729 0.9001541138 0.2546425462 -0.7796266079 -0.1329476684 -0.6119700074 -0.5170131922 -0.4147860706 0.7487655282
16.5 -152.9 2027.1 0.7953441143 0.0705556870 -0.6020379066 -0.0371856987 0.9970112443 0.0677189678 0.6050164700 -0.0314726867 0.7955906987
-10.9 -539.9 2039.3 0.8063805699 0.0620155148 -0.5881364346 0.0663957521 0.9787059426 0.1942324787 0.5876580477 -0.1956750453 0.7850918770
164.6 -173.9 2125.7 0.8474217653 0.1205578744 0.5170513988 -0.0965716839 0.9926328659 -0.0731702074 -0.5220634341 0.0120735066 0.8528211713
117.8 -559.3 2121.0 0.8441197872 -0.0760260001 0.5307370424 0.0086763399 0.9917028546 0.1282581091 -0.5360844135 -0.1036603525 0.8377756476
112.4 370.5 1855.8 0 0 0 0 0 0 0 0 0
216.5 -88.1 2171.0 0 0 0 0 0 0 0 0 0
-34.0 -904.5 2112.2 0 0 0 0 0 0 0 0 0
146.2 -929.2 2159.7 0 0 0 0 0 0 0 0 0
106.7 429.2 2003.1  0.8107987046 -0.1672640145 -0.5609172583 0.3337733150 0.9193469882 0.2083182782 0.4808334410 -0.3561234176 0.8012335896
144.6 220.9 2083.8 0.8107987046 -0.1672640145 -0.5609172583 0.3337733150 0.9193469882 0.2083182782 0.4808334410 -0.3561234176 0.8012335896
118.7 28.6 2081.9 0.8186996579 0.1337175518 -0.5584357381 -0.1161491871 0.9909690022 0.0670061931 0.5623524189 0.0100039095 0.8268371820
32.8 236.8 2007.0 0.5698032379 -0.6153249145 -0.5447012782 0.1400777847 0.7258551717 -0.6734333634 0.8097545505 0.3074239492 0.4997879863
-107.4 202.3 1807.7 -0.7864132524 -0.6153249145 -0.0541242026 -0.5920419097 0.7258551717 0.3501723409 -0.1761834323 0.3074239492 -0.9351202846
256.5 205.1 2160.6 0.2759678960 0.9085585475 0.3136289418 -0.5249193907 -0.1308779418 0.8410294652 0.8051716089 -0.3967270553 0.4408018887
306.0 111.0 2305.0 -0.3441362977 0.9085585475 0.2368366569 -0.7728614211 -0.1308779418 -0.6209317446 -0.5331561565 -0.3967270553 0.7472296357
17.5 -153.0 2027.6 0.7943217158 0.0728377774 -0.6031149626 -0.0389753953 0.9968510270 0.0690571666 0.6062457561 -0.0313469656 0.7946593165
-10.7 -540.0 2039.8 0.8063157797 0.0557300709 -0.5888540149 0.0755139440 0.9777055383 0.1959325820 0.5866451263 -0.2024502158 0.7841309905
164.3 -174.2 2128.1 0.8487617970 0.1184596270 0.5153355002 -0.0928498358 0.9928289652 -0.0752961040 -0.5205595493 0.0160596389 0.8536742926
118.4 -559.7 2121.9 0.8450677991 -0.0792171955 0.5287579894 0.0045413063 0.9899906516 0.1410599351 -0.5346398354 -0.1168039590 0.8369689584
112.2 367.7 1856.9 0 0 0 0 0 0 0 0 0
218.6 -85.2 2169.7 0 0 0 0 0 0 0 0 0
-31.5 -904.6 2115.3 0 0 0 0 0 0 0 0 0
147.9 -929.1 2165.5 0 0 0 0 0 0 0 0 0
109.1 427.6 2003.5  0.8051594496 -0.1710800231 -0.5678467155 0.3433277607 0.9151883721 0.2110836208 0.4835745096 -0.3649135232 0.7956090569
147.8 220.5 2086.1 0.8051594496 -0.1710800231 -0.5678467155 0.3433277607 0.9151883721 0.2110836208 0.4835745096 -0.3649135232 0.7956090569
121.2 28.3 2084.4 0.8133683205 0.1371491849 -0.5653513074 -0.1177166775 0.9905107617 0.0709306449 0.5697146654 0.0088585373 0.8217948079
36.7 236.6 2008.3 0.5828736424 -0.6147139072 -0.5313992500 0.1420293003 0.7209861279 -0.6782379150 0.8000537753 0.3198527098 0.5075511932
-108.2 201.3 1809.4 -0.7866594195 -0.6147139072 -0.0573913008 -0.5899189711 0.7209861279 0.3635582328 -0.1821059734 0.3198527098 -0.9298019409
259.0 204.5 2163.9 0.2689361870 0.9106042385 0.3138043880 -0.5276823640 -0.1332578808 0.8389241099 0.8057447672 -0.3912060857 0.4446719289
306.1 111.9 2305.3 -0.3425106108 0.9106042385 0.2312711477 -0.7730491757 -0.1332578808 -0.6201913357 -0.5339301825 -0.3912060857 0.7495841384
19.4 -153.4 2029.5 0.7884172201 0.0806368515 -0.6098327041 -0.0462783575 0.9963366985 0.0719128326 0.6133975387 -0.0284752604 0.7892608047
-11.9 -540.2 2040.6 0.8002756834 0.0522904061 -0.5973479152 0.0706282854 0.9810360074 0.1804992855 0.5954582095 -0.1866388470 0.7814061046
166.1 -174.2 2130.3 0.8531969786 0.1261568815 0.5061021447 -0.0948116928 0.9916549921 -0.0873560086 -0.5128992796 0.0265474785 0.8580381870
117.1 -559.2 2120.0 0.8479185104 -0.0948060378 0.5215802789 0.0186079089 0.9885951281 0.1494435370 -0.5297998786 -0.1170104221 0.8400123119
111.5 366.0 1860.2 0 0 0 0 0 0 0 0 0
219.2 -84.3 2169.7 0 0 0 0 0 0 0 0 0
-31.4 -906.2 2110.2 0 0 0 0 0 0 0 0 0
152.5 -928.1 2163.7 0 0 0 0 0 0 0 0 0
110.1 426.3 2001.8  0.8138638735 -0.1679562032 -0.5562520027 0.3414157331 0.9128541946 0.2239028215 0.4701711535 -0.3721396029 0.8002819419
147.6 222.5 2084.9 0.8138638735 -0.1679562032 -0.5562520027 0.3414157331 0.9128541946 0.2239028215 0.4701711535 -0.3721396029 0.8002819419
123.6 29.9 2081.8 0.8243646622 0.1238016114 -0.5523550510 -0.1116375253 0.9921829104 0.0557681471 0.5549414158 0.0156902615 0.8317414522
35.0 237.7 2009.1 0.5810530782 -0.6041607261 -0.5453137755 0.1519263536 0.7387701869 -0.6566102505 0.7995597124 0.2986778915 0.5210525990
-108.0 200.3 1812.3 -0.7955603004 -0.6041607261 -0.0455372036 -0.5806204677 0.7387701869 0.3421966434 -0.1731002331 0.2986778915 -0.9385243058
260.2 207.2 2160.7 0.2542129159 0.9124440551 0.3206581771 -0.5273565650 -0.1471512914 0.8368043900 0.8107224107 -0.3818276525 0.4437755942
306.0 112.3 2306.6 -0.3415427506 0.9124440551 0.2253761739 -0.7877942324 -0.1471512914 -0.5981026292 -0.5125707984 -0.3818276525 0.7690765858
21.7 -153.5 2031.6 0.7979563475 0.0835153684 -0.5969010592 -0.0572430715 0.9963778853 0.0628837794 0.5999907851 -0.0160100572 0.7998467088
-10.7 -540.3 2037.8 0.8125763535 0.0689409226 -0.5787631273 0.0631981492 0.9767043591 0.2050721794 0.5794183612 -0.2032135725 0.7892899513
167.5 -174.6 2133.7 0.8447232842 0.1288444847 0.5194628239 -0.0861086771 0.9906635880 -0.1056929082 -0.5282308459 0.0445510037 0.8479312062
117.4 -559.1 2116.4 0.8391784430 -0.0990538150 0.5347596407 0.0040562754 0.9843866229 0.1759731025 -0.5438410044 -0.1455036998 0.8264778256
114.1 362.4 1860.6 0 0 0 0 0 0 0 0 0
219.3 -87.6 2176.6 0 0 0 0 0 0 0 0 0
-36.4 -904.7 2113.6 0 0 0 0 0 0 0 0 0
154.4 -926.4 2170.7 0 0 0 0 0 0 0 0 0
108.6 426.4 2001.4  0.8136609197 -0.1678811014 -0.5565714836 0.3435234725 0.9112098813 0.2273503095 0.4689856172 -0.3761814237 0.7990869880
146.2 222.5 2085.6 0.8136609197 -0.1678811014 -0.5565714836 0.3435234725 0.9112098813 0.2273503095 0.4689856172 -0.3761814237 0.7990869880
122.0 29.9 2083.4 0.8239874840 0.1245135739 -0.5527576208 -0.1096998751 0.9921543598 0.0599636436 0.5558872223 0.0112281563 0.8311818838
33.7 237.5 2009.6 0.6065081954 -0.5835921764 -0.5399703979 0.1633720696 0.7561256886 -0.6337061524 0.7781113982 0.2961318791 0.5539391041
-116.7 197.0 1816.7 -0.8102733493 -0.5835921764 -0.0536401197 -0.5663052201 0.7561256886 0.3279821575 -0.1508491337 0.2961318791 -0.9431598186
258.8 207.5 2161.5 0.3289692998 0.8742936254 0.3569170833 -0.4661018252 -0.1783811599 0.8665617704 0.8212966919 -0.4514319301 0.3488279581
322.5 117.3 2320.5 -0.4281021953 0.8742936254 0.2287774384 -0.7217127681 -0.1783811599 -0.6688129902 -0.5439293385 -0.4514319301 0.7073542476
25.7 -152.7 2029.0 0.7976614237 0.0865953416 -0.5968563557 -0.0543027706 0.9959308505 0.0719230771 0.6006558537 -0.0249593109 0.7991179824
-7.9 -539.3 2038.7 0.8088744879 0.0867244825 -0.5815504789 0.0348311216 0.9802583456 0.1946286857 0.5869487524 -0.1776862442 0.7898852825
173.4 -172.7 2128.4 0.8422905207 0.1420768797 0.5199623704 -0.1084618717 0.9895797372 -0.0946991518 -0.5279988050 0.0233681034 0.8489235640
118.2 -556.7 2119.4 0.8378825188 -0.0877927616 0.5387442112 0.0151320184 0.9903376102 0.1378494799 -0.5456408262 -0.1073493809 0.8311150074
109.5 355.0 1858.8 0 0 0 0 0 0 0 0 0
214.5 -64.7 2183.3 0 0 0 0 0 0 0 0 0
-40.3 -905.0 2105.0 0 0 0 0 0 0 0 0 0
151.0 -926.0 2159.4 0 0 0 0 0 0 0 0 0
107.2 425.3 2004.7  0.8115259409 -0.1753904372 -0.5573722124 0.3438890576 0.9145540595 0.2129113227 0.4724044204 -0.3644572794 0.8024991751
146.2 222.1 2085.6 0.8115259409 -0.1753904372 -0.5573722124 0.3438890576 0.9145540595 0.2129113227 0.4724044204 -0.3644572794 0.8024991751
121.3 29.6 2084.9 0.8227152824 0.1282542199 -0.5537964106 -0.1086298600 0.9917333722 0.0682968572 0.5579777360 0.0039699594 0.8298464417
33.8 236.9 2009.4 0.6196478605 -0.5835930705 -0.5248387456 0.1906701475 0.7605815530 -0.6206130385 0.7613681555 0.2844904661 0.5825664997
-120.0 189.6 1820.5 -0.8094878197 -0.5835930705 -0.0644099861 -0.5726729035 0.7605815530 0.3058781326 -0.1295192987 0.2844904661 -0.9498894215
258.6 207.2 2161.9 0.3563022316 0.8545557857 0.3778665662 -0.4512863755 -0.1967225671 0.8704256415 0.8181621432 -0.4806606472 0.3155567050
328.5 118.7 2322.3 -0.4662648737 0.8545557857 0.2287607938 -0.6982434392 -0.1967225671 -0.6882995963 -0.5431880355 -0.4806606472 0.6884127855
24.1 -152.9 2031.4 0.7966219783 0.0816586986 -0.5989367962 -0.0517442524 0.9964085221 0.0670268014 0.6022590995 -0.0224034823 0.7979862690
-7.6 -539.7 2040.1 0.8052442074 0.0977321565 -0.5848335028 0.0158216450 0.9824300408 0.1859594136 0.5927321911 -0.1589957625 0.7895497680
171.7 -172.5 2131.0 0.8452163339 0.1398515403 0.5158011913 -0.0980372801 0.9893489480 -0.1075981632 -0.5253551602 0.0403759815 0.8499245644
117.4 -556.5 2115.3 0.8401508927 -0.0925648138 0.5343952179 0.0035163080 0.9862367511 0.1653019935 -0.5423412919 -0.1369995177 0.8289131522
106.0 349.4 1856.6 0 0 0 0 0 0 0 0 0
210.6 -57.7 2185.0 0 0 0 0 0 0 0 0 0
-44.1 -906.2 2099.4 0 0 0 0 0 0 0 0 0
151.9 -924.3 2166.4 0 0 0 0 0 0 0 0 0
107.2 425.7 2006.3  0.8125900626 -0.1751926839 -0.5558820963 0.3408535421 0.9164952636 0.2094166130 0.4727750421 -0.3596442342 0.8044499755
146.2 221.7 2086.4 0.8125900626 -0.1751926839 -0.5558820963 0.3408535421 0.9164952636 0.2094166130 0.4727750421 -0.3596442342 0.8044499755
121.3 29.2 2085.2 0.8236646056 0.1283157170 -0.5523691773 -0.1099549755 0.9917150140 0.0664168224 0.5563151240 0.0060305507 0.8309495449
33.7 236.7 2010.4 0.6032567620 -0.5782793164 -0.5492488742 0.1760281026 0.7682297826 -0.6154974103 0.7778787613 0.2746197581 0.5652332306
-109.8 194.8 1825.3 -0.8121804595 -0.5782793164 -0.0771745518 -0.5739332438 0.7682297826 0.2835905552 -0.1047067568 0.2746197581 -0.9558349848
258.7 206.7 2162.4 0.3715718985 0.8412583470 0.3927069008 -0.4620421827 -0.1993240267 0.8641683459 0.8052647710 -0.5025478601 0.3146336377
330.3 117.7 2317.5 -0.4795372784 0.8412583470 0.2496565729 -0.7043640614 -0.1993240267 -0.6812791228 -0.5233691931 -0.5025478601 0.6881354451
23.3 -153.3 2032.8 0.7975853086 0.0759966373 -0.5983996987 -0.0539930202 0.9970442057 0.0546590649 0.6007848382 -0.0112858592 0.7993310690
-6.2 -540.1 2037.2 0.8049513102 0.1010816619 -0.5846673250 0.0040940698 0.9844121933 0.1758291274 0.5933267474 -0.1439275593 0.7919900417
170.1 -172.7 2134.1 0.8448611498 0.1352236867 0.5176139474 -0.0929017588 0.9899122119 -0.1069725677 -0.5268575549 0.0422897190 0.8489008546
117.6 -556.9 2117.7 0.8405307531 -0.0859868452 0.5348965526 -0.0038846724 0.9863422513 0.1646629572 -0.5417498946 -0.1404821724 0.8287169933
116.8 354.9 1854.6 0 0 0 0 0 0 0 0 0
208.9 -60.7 2184.9 0 0 0 0 0 0 0 0 0
-43.9 -907.4 2090.9 0 0 0 0 0 0 0 0 0
149.7 -924.9 2170.1 0 0 0 0 0 0 0 0 0
137.3 422.2 2046.9  0.8381476998 -0.0377371982 -0.5441363454 0.1378157884 0.9798864722 0.1443237811 0.5277454853 -0.1959552169 0.8264903426
144.9 223.0 2086.7 0.8381476998 -0.0377371982 -0.5441363454 0.1378157884 0.9798864722 0.1443237811 0.5277454853 -0.1959552169 0.8264903426
120.7 30.4 2085.9 0.8274038434 0.1245904714 -0.5476130843 -0.1061337367 0.9922000766 0.0653804988 0.5514875650 0.0040241494 0.8341733813
31.9 237.5 2011.3 0.6262075901 -0.5861815810 -0.5140576363 0.2242545187 0.7668963671 -0.6013151407 0.7467087507 0.2612683475 0.6116901636
-120.3 183.0 1829.8 -0.8051857352 -0.5861815810 -0.0898172557 -0.5871955752 0.7668963671 0.2589813173 -0.0829295442 0.2612683475 -0.9616972208
258.0 208.5 2162.0 0.3968372643 0.8242433071 0.4039097726 -0.4643152356 -0.1993289590 0.8629480600 0.7917900681 -0.5299913883 0.3036075830
332.9 120.8 2311.6 -0.4916971922 0.8242433071 0.2808144987 -0.7161463499 -0.1993289590 -0.6688814163 -0.4953466058 -0.5299913883 0.6882883310
22.9 -153.5 2033.6 0.8009365797 0.0800236315 -0.5933774114 -0.0560293309 0.9966968894 0.0587878153 0.5961218476 -0.0138387736 0.8027746677
