275.2 330.6 1789.0 18 0.8053687215 0.4936204553 -0.3282073736 -0.1884976327 0.7382034063 0.6477069855 0.5620052218 -0.4597766399 0.6875722408
176.5 183.1 1880.9 0.8053687215 0.4936204553 -0.3282073736 -0.1884976327 0.7382034063 0.6477069855 0.5620052218 -0.4597766399 0.6875722408
84.9 32.0 1969.6 0.8158686161 0.4641161859 -0.3448979557 -0.1720256656 0.7642749548 0.6215230823 0.5520558357 -0.4477498829 0.7033877969
57.5 208.3 1800.2 0.6549970508 -0.6029459238 -0.4554504454 0.7307667732 0.3520992994 0.5848127604 -0.1922466755 -0.7158786654 0.6712368727
-66.2 70.3 1836.5 -0.7676767707 -0.6029459238 -0.2170911729 -0.0118852025 0.3520992994 -0.9358871579 0.6407269835 -0.7158786654 -0.2774645984
295.6 157.9 1961.6 -0.4377922714 0.8986254930 -0.0284625087 -0.2713921368 -0.1019034982 0.9570590258 0.8571372032 0.4267175496 0.2884924710
174.0 82.5 2199.5 -0.3316395879 0.8986254930 -0.2872061431 -0.7945312262 -0.1019034982 0.5986115932 0.5086603165 0.4267175496 0.7477812767
-80.6 -106.3 1995.7 0.7389031053 -0.0585686415 0.6712614894 0.1392924339 0.9879735112 -0.0671263710 -0.6592570543 0.1431015283 0.7381748557
-57.3 -498.8 1938.9 0.7469095588 0.0354648940 0.6639791727 -0.0616229177 0.9979709983 0.0160152726 -0.6620640159 -0.0528782941 0.7475795150
67.2 -134.8 2100.4 -0.4766384661 0.1182982102 0.8711035252 0.1310184151 0.9893968701 -0.0626739189 -0.8692812920 0.0842577964 -0.4870838225
20.2 -527.8 2066.9 -0.4502004683 -0.1584040672 0.8787648678 -0.1540747732 0.9831584096 0.0982876793 -0.8795342445 -0.0911463276 -0.4670244753
152.7 73.7 1653.8 0 0 0 0 0 0 0 0 0
88.3 -122.9 2331.0 0 0 0 0 0 0 0 0 0
-70.9 -879.4 1959.1 0 0 0 0 0 0 0 0 0
80.6 -902.8 2101.7 0 0 0 0 0 0 0 0 0
289.6 307.1 1772.4 19 0.8066319227 0.5230273604 -0.2752948403 -0.2146864682 0.6932263970 0.6880021095 0.5506855845 -0.4958623946 0.6714654565
185.3 168.9 1871.3 0.8066319227 0.5230273604 -0.2752948403 -0.2146864682 0.6932263970 0.6880021095 0.5506855845 -0.4958623946 0.6714654565
87.5 26.6 1967.7 0.8180277348 0.4957603812 -0.2916371822 -0.1988835186 0.7195613980 0.6653395891 0.5396998525 -0.4862644374 0.6872197390
66.0 198.0 1792.4 0.6820696592 -0.6056484580 -0.4098425806 0.6884103417 0.3426840901 0.6392642856 -0.2467228770 -0.7181626558 0.6506690383
-62.1 68.7 1838.7 -0.7495390773 -0.6056484580 -0.2671725750 0.0573437363 0.3426840901 -0.9376989603 0.6594716907 -0.7181626558 -0.2221249491
304.6 139.8 1950.2 -0.4310344160 0.9017207623 0.0333022885 -0.2145580053 -0.1382700950 0.9668744802 0.8764554858 0.4096108973 0.2530705631
184.9 80.2 2193.7 -0.3636091650 0.9017207623 -0.2338548005 -0.7550821900 -0.1382700950 0.6408839822 0.5455632210 0.4096108973 0.7311495543
-81.4 -103.2 2007.6 0.7275497913 -0.0496947691 0.6842526793 0.1428543180 0.9864850640 -0.0802488402 -0.6710171103 0.1561334878 0.7248160839
-61.7 -495.1 1945.6 0.7335898876 0.0398082994 0.6784255505 -0.0501732789 0.9987310767 -0.0043500368 -0.6777378321 -0.0308476910 0.7346562743
68.0 -134.9 2108.9 -0.4878419340 0.1244472712 0.8640156984 0.1381464899 0.9883190393 -0.0643506274 -0.8619314432 0.0879678056 -0.4993354082
18.6 -527.6 2073.9 -0.4558153450 -0.1799596548 0.8716920018 -0.1395326257 0.9816859365 0.1297049373 -0.8790693879 -0.0625079721 -0.4725777507
150.6 52.5 1651.6 0 0 0 0 0 0 0 0 0
90.8 -115.2 2334.8 0 0 0 0 0 0 0 0 0
-76.9 -876.3 1957.4 0 0 0 0 0 0 0 0 0
87.2 -902.1 2097.8 0 0 0 0 0 0 0 0 0
302.8 283.5 1754.1 20 0.8041867018 0.5459645391 -0.2349604219 -0.2324341685 0.6526930928 0.7210866809 0.5470448136 -0.5252755284 0.6517879963
193.1 152.4 1859.6 0.8041867018 0.5459645391 -0.2349604219 -0.2324341685 0.6526930928 0.7210866809 0.5470448136 -0.5252755284 0.6517879963
89.6 18.5 1962.2 0.8144522309 0.5237798691 -0.2496440858 -0.2196781933 0.6765769720 0.7028406858 0.5370372534 -0.5175888538 0.6661026478
74.3 184.5 1781.0 0.7131819725 -0.6123772264 -0.3411239982 0.6228353977 0.3302965164 0.7092110515 -0.3216326535 -0.7182606459 0.6169717312
-58.7 68.3 1841.0 -0.7298668027 -0.6123772264 -0.3037903607 0.1129184589 0.3302965164 -0.9370985031 0.6741986871 -0.7182606459 -0.1719237566
311.9 120.3 1938.1 -0.4294444919 0.8991635442 0.0841570348 -0.1616588384 -0.1682208776 0.9724032879 0.8885065317 0.4039885104 0.2175992578
192.5 75.3 2185.1 -0.3930282593 0.8991635442 -0.1924415827 -0.7163933516 -0.1682208776 0.6771132350 0.5764628053 0.4039885104 0.7102702856
-85.3 -97.4 2014.5 0.7231876254 -0.0486250296 0.6889377236 0.1437986940 0.9862586260 -0.0813376531 -0.6755157709 0.1578907371 0.7202423215
-66.0 -489.3 1951.7 0.7281910181 0.0395048559 0.6842347383 -0.0390219986 0.9991077185 -0.0161554758 -0.6842624545 -0.0149359331 0.7290828824
64.5 -133.9 2113.6 -0.4918648601 0.1255037636 0.8615786433 0.1318671703 0.9888793230 -0.0687659159 -0.8606276512 0.0797903985 -0.5029448271
14.6 -526.9 2081.9 -0.4557008743 -0.1984387040 0.8677319884 -0.1304900646 0.9791951180 0.1554002613 -0.8805163503 -0.0424143635 -0.4721143544
147.5 36.4 1650.5 0 0 0 0 0 0 0 0 0
90.8 -110.1 2334.3 0 0 0 0 0 0 0 0 0
-81.0 -870.8 1957.4 0 0 0 0 0 0 0 0 0
90.4 -900.7 2098.1 0 0 0 0 0 0 0 0 0
313.2 260.4 1744.9 21 0.8013871312 0.5700362921 -0.1812105477 -0.2748672366 0.6200283766 0.7348556519 0.5312500596 -0.5390950441 0.6535670757
199.0 136.2 1852.9 0.8013871312 0.5700362921 -0.1812105477 -0.2748672366 0.6200283766 0.7348556519 0.5312500596 -0.5390950441 0.6535670757
90.1 8.9 1958.7 0.8116706610 0.5506899953 -0.1947595477 -0.2632821500 0.6425498128 0.7195917368 0.5214146972 -0.5327947736 0.6665256619
80.7 174.6 1776.7 0.7321832180 -0.6095753312 -0.3038514555 0.5848852396 0.3341079652 0.7391083241 -0.3490229845 -0.7188809514 0.6011598110
-54.6 66.5 1841.2 -0.7136980891 -0.6095753312 -0.3450405598 0.1634079516 0.3341079652 -0.9282616377 0.6811261773 -0.7188809514 -0.1388427764
317.3 97.7 1929.2 -0.4192184806 0.8963353634 0.1443563253 -0.1320838779 -0.2175252587 0.9670763016 0.8982258439 0.3863491416 0.2095820755
200.6 60.9 2179.2 -0.4213227034 0.8963353634 -0.1380944103 -0.6892781854 -0.2175252587 0.6910704374 0.5893918276 0.3863491416 0.7094727755
-88.5 -95.2 2015.5 0.7147248387 -0.0560079664 0.6971595883 0.1463407874 0.9867003560 -0.0707590133 -0.6839244962 0.1525961161 0.7134155035
-66.2 -487.2 1954.8 0.7155634165 0.0682992414 0.6952008605 -0.0548241623 0.9976298809 -0.0415810719 -0.6963930726 -0.0083599109 0.7176118493
60.7 -135.5 2114.1 -0.5057797432 0.1201391295 0.8542560935 0.1280122250 0.9897439480 -0.0634013489 -0.8531118035 0.0772881061 -0.5159717202
13.0 -528.8 2083.4 -0.4651150107 -0.2081391960 0.8604336381 -0.1664832085 0.9751898050 0.1459047794 -0.8694546223 -0.0753852427 -0.4882270992
146.3 20.5 1649.4 0 0 0 0 0 0 0 0 0
91.4 -117.7 2331.9 0 0 0 0 0 0 0 0 0
-92.3 -868.2 1958.0 0 0 0 0 0 0 0 0 0
92.4 -901.0 2112.1 0 0 0 0 0 0 0 0 0
320.1 239.7 1736.8 22 0.7900323272 0.5896238685 -0.1679067165 -0.2821140289 0.5928079486 0.7543145418 0.5442982912 -0.5485640168 0.6346786022
201.8 120.8 1846.9 0.7900323272 0.5896238685 -0.1679067165 -0.2821140289 0.5928079486 0.7543145418 0.5442982912 -0.5485640168 0.6346786022
88.6 -0.8 1955.1 0.8008364439 0.5712190866 -0.1799157560 -0.2708873749 0.6134326458 0.7418358326 0.5341170430 -0.5453522801 0.6459952593
85.0 160.3 1768.8 0.7451409101 -0.6150797606 -0.2577632070 0.5329317451 0.3168136477 0.7846099734 -0.4009348452 -0.7220152020 0.5638663769
-50.6 63.3 1841.8 -0.6980807781 -0.6150797606 -0.3665516376 0.2068982869 0.3168136477 -0.9256469011 0.6854752898 -0.7220152020 -0.0939025655
318.7 81.3 1925.0 -0.4291974306 0.8872466683 0.1690648645 -0.0968723670 -0.2313216180 0.9680423737 0.8980007172 0.3991035819 0.1852323264
199.1 54.3 2175.1 -0.4441192746 0.8872466683 -0.1247053295 -0.6622438431 -0.2313216180 0.7126874328 0.6034825444 0.3991035819 0.6903080344
-93.1 -94.2 2016.6 0.7204703093 -0.0673490614 0.6902077198 0.1590857208 0.9847823381 -0.0699678808 -0.6749920845 0.1602119654 0.7202206850
-66.3 -485.5 1952.9 0.7232084870 0.0730754957 0.6867528558 -0.0737879872 0.9968703389 -0.0283692963 -0.6866766214 -0.0301571935 0.7263371944
55.4 -142.5 2112.3 -0.4977029562 0.1071960703 0.8606978655 0.1090999246 0.9921888709 -0.0604850985 -0.8604585528 0.0637984574 -0.5055104494
12.8 -536.7 2087.0 -0.4568594992 -0.2174934745 0.8625404239 -0.1495229304 0.9746285677 0.1665595919 -0.8768821359 -0.0528752357 -0.4777885675
145.3 5.2 1649.4 0 0 0 0 0 0 0 0 0
84.0 -117.4 2331.6 0 0 0 0 0 0 0 0 0
-94.2 -866.2 1964.5 0 0 0 0 0 0 0 0 0
95.9 -908.8 2107.2 0 0 0 0 0 0 0 0 0
326.1 222.2 1724.3 23 0.7855792642 0.6004168987 -0.1495485157 -0.2732461095 0.5534757972 0.7867662311 0.5551592112 -0.5772036910 0.5988606811
205.7 111.2 1840.0 0.7855792642 0.6004168987 -0.1495485157 -0.2732461095 0.5534757972 0.7867662311 0.5551592112 -0.5772036910 0.5988606811
90.3 -3.1 1953.7 0.7964380980 0.5821858048 -0.1635420918 -0.2628672123 0.5768595934 0.7733911276 0.5445982218 -0.5729683042 0.6124705076
89.5 149.6 1760.5 0.7537358403 -0.6175608635 -0.2247239649 0.4856514931 0.2930523157 0.8235672116 -0.4427470267 -0.7298896313 0.5208033919
-47.8 61.1 1841.1 -0.6880487800 -0.6175608635 -0.3810609579 0.2483129650 0.2930523157 -0.9232881665 0.6818574667 -0.7298896313 -0.0482859127
322.0 72.9 1919.6 -0.4295320809 0.8830658793 0.1889359504 -0.0479507744 -0.2312270850 0.9717174172 0.9017776251 0.4083241820 0.1416631490
202.4 59.5 2170.7 -0.4563711286 0.8830658793 -0.1091787443 -0.6256564260 -0.2312270850 0.7450423241 0.6326763630 0.4083241820 0.6580212116
-97.9 -97.6 2014.4 0.7197743058 -0.0747414529 0.6901729107 0.1503693163 0.9873701334 -0.0498925596 -0.6777271032 0.1396922171 0.7219224572
-68.2 -489.9 1958.9 0.7207176089 0.0708211213 0.6896017194 -0.0572590269 0.9974503517 -0.0425941013 -0.6908600330 -0.0087876040 0.7229351401
48.8 -147.2 2112.4 -0.4964933991 0.0835450962 0.8640106916 0.0886452496 0.9950337410 -0.0452753752 -0.8635023832 0.0541115217 -0.5014335513
15.6 -542.5 2090.9 -0.4601129293 -0.2176531553 0.8607689738 -0.1270883828 0.9756487608 0.1787680835 -0.8787176013 -0.0271402206 -0.4765698016
145.0 -8.4 1650.1 0 0 0 0 0 0 0 0 0
84.1 -102.7 2334.7 0 0 0 0 0 0 0 0 0
-95.2 -870.8 1962.2 0 0 0 0 0 0 0 0 0
98.7 -915.0 2101.3 0 0 0 0 0 0 0 0 0
332.4 207.2 1718.0 24 0.7839576602 0.6128359437 -0.0992093608 -0.3097760975 0.5246437192 0.7929613590 0.5380048156 -0.5909154415 0.6011403799
210.6 103.0 1835.4 0.7839576602 0.6128359437 -0.0992093608 -0.3097760975 0.5246437192 0.7929613590 0.5380048156 -0.5909154415 0.6011403799
92.5 -5.1 1952.5 0.7952184677 0.5961551070 -0.1105746478 -0.2998119593 0.5451356769 0.7829047441 0.5270108581 -0.5894287229 0.6122363806
94.6 146.8 1758.4 0.7483130097 -0.6173765063 -0.2426394522 0.4901867807 0.2682092190 0.8293254375 -0.4469279349 -0.7395336628 0.5033342838
-42.8 56.7 1840.5 -0.6896985769 -0.6173765063 -0.3783676326 0.2676126957 0.2682092190 -0.9254443645 0.6728293300 -0.7395336628 -0.0197657179
326.6 59.2 1912.4 -0.4095320404 0.8802924156 0.2395177633 -0.0235956647 -0.2726767361 0.9618163109 0.9119905233 0.3882430196 0.1324409395
212.5 52.7 2166.5 -0.4710505009 0.8802924156 -0.0565391928 -0.5998601913 -0.2726767361 0.7522068620 0.6467450857 0.3882430196 0.6564969420
-98.2 -93.4 2017.3 0.7084936500 -0.0694667101 0.7022899389 0.1443848610 0.9883617163 -0.0478969067 -0.6907892227 0.1353346854 0.7102779150
-70.5 -486.1 1963.6 0.7116956711 0.0433267169 0.7011504769 -0.0284684617 0.9990551472 -0.0328387357 -0.7019107938 0.0034105112 0.7122566700
47.9 -141.5 2117.2 -0.5146339536 0.0743889809 0.8541768789 0.0836763829 0.9958311915 -0.0363111682 -0.8533171415 0.0527874678 -0.5187131763
18.3 -537.2 2096.3 -0.4889891744 -0.1968076378 0.8497978449 -0.0780357867 0.9801785946 0.1820997596 -0.8687922955 0.0227301680 -0.4946547449
149.7 -18.0 1652.7 0 0 0 0 0 0 0 0 0
90.3 -103.0 2334.3 0 0 0 0 0 0 0 0 0
-87.1 -867.6 1962.3 0 0 0 0 0 0 0 0 0
93.4 -911.1 2087.6 0 0 0 0 0 0 0 0 0
335.8 196.8 1712.4 25 0.7850096822 0.6165735126 -0.0599742755 -0.3387392163 0.5082917213 0.7917671800 0.5186671019 -0.6012292504 0.6078715324
213.5 96.0 1831.6 0.7850096822 0.6165735126 -0.0599742755 -0.3387392163 0.5082917213 0.7917671800 0.5186671019 -0.6012292504 0.6078715324
94.2 -9.3 1950.3 0.7957400680 0.6012561917 -0.0727239028 -0.3295850754 0.5306447744 0.7808904052 0.5081057549 -0.5974170566 0.6204203367
97.5 144.1 1757.4 0.7456830144 -0.6073248386 -0.2740683258 0.5062106848 0.2489155978 0.8257068396 -0.4332523644 -0.7544518709 0.4930464327
-39.4 51.2 1836.9 -0.6999720335 -0.6073248386 -0.3757602274 0.2815092504 0.2489155978 -0.9267111421 0.6563472748 -0.7544518709 -0.0032664009
329.6 47.9 1905.9 -0.3916147351 0.8787066340 0.2729699314 -0.0181489382 -0.3039836586 0.9525043368 0.9199503064 0.3680606186 0.1349920630
220.4 42.8 2162.3 -0.4769822061 0.8787066340 -0.0190431625 -0.5898721218 -0.3039836586 0.7480940819 0.6515664458 0.3680606186 0.6633193493
-98.5 -85.7 2021.2 0.6968071461 -0.0682656020 0.7140025496 0.1600510180 0.9851593375 -0.0620056540 -0.6991734505 0.1574828178 0.6973920465
-71.4 -477.2 1958.6 0.7027580142 0.0425860770 0.7101532221 -0.0432733968 0.9989172816 -0.0170797538 -0.7101116776 -0.0187278092 0.7038399577
47.1 -140.7 2117.9 -0.5315288901 0.0630205721 0.8446925282 0.0778369978 0.9966430664 -0.0253777616 -0.8434562683 0.0522593148 -0.5346499085
22.1 -536.7 2097.1 -0.5097365379 -0.1812596023 0.8410193920 -0.0740557238 0.9831697941 0.1670116633 -0.8571373820 0.0228496436 -0.5145808458
155.3 -27.1 1654.3 0 0 0 0 0 0 0 0 0
96.6 -110.3 2331.4 0 0 0 0 0 0 0 0 0
-87.6 -858.7 1965.7 0 0 0 0 0 0 0 0 0
91.3 -912.1 2088.4 0 0 0 0 0 0 0 0 0
339.3 189.5 1708.1 26 0.7821601033 0.6221039891 -0.0348174460 -0.3577910364 0.4941879213 0.7923154831 0.5101090074 -0.6072601676 0.6091173291
215.6 91.2 1828.8 0.7821601033 0.6221039891 -0.0348174460 -0.3577910364 0.4941879213 0.7923154831 0.5101090074 -0.6072601676 0.6091173291
95.3 -11.5 1948.8 0.7937920094 0.6063308120 -0.0475092418 -0.3482148945 0.5171369910 0.7818667889 0.4986387491 -0.6040962338 0.6216326356
99.8 142.1 1755.9 0.7433223128 -0.5958201289 -0.3040893972 0.5188969970 0.2266923189 0.8242308497 -0.4221585989 -0.7704602480 0.4776747227
-37.8 46.0 1834.1 -0.7159236073 -0.5958201289 -0.3639392555 0.2848107517 0.2266923189 -0.9313932657 0.6374450922 -0.7704602480 0.0074015968
331.5 40.4 1901.6 -0.3813468516 0.8756192327 0.2964211702 -0.0096845292 -0.3244187236 0.9458640218 0.9243813157 0.3578315675 0.1321960241
225.1 37.7 2159.4 -0.4829679132 0.8756192327 0.0057389429 -0.5792844296 -0.3244187236 0.7477847934 0.6566365361 0.3578315675 0.6639164090
-97.9 -84.5 2022.4 0.6913621426 -0.0687990487 0.7192252874 0.1580580324 0.9857459664 -0.0576411262 -0.7050077915 0.1535302252 0.6923817396
-70.5 -476.2 1961.4 0.6925083995 0.0585139059 0.7190328836 -0.0273101125 0.9981170297 -0.0549227260 -0.7208927274 0.0183975790 0.6928024292
47.8 -144.9 2115.6 -0.5415350199 0.0566564053 0.8387668729 0.0604918301 0.9977662563 -0.0283408985 -0.8384990096 0.0353909545 -0.5437526107
25.3 -541.3 2101.6 -0.5266947746 -0.1684213430 0.8332027793 -0.0436872207 0.9842435122 0.1713361889 -0.8489311337 0.0538415648 -0.5257537961
161.5 -33.3 1656.6 0 0 0 0 0 0 0 0 0
99.7 -112.8 2329.9 0 0 0 0 0 0 0 0 0
-92.9 -857.2 1954.4 0 0 0 0 0 0 0 0 0
89.6 -917.0 2081.0 0 0 0 0 0 0 0 0 0
341.0 188.5 1706.4 27 0.7814870477 0.6223163009 -0.0447259471 -0.3477935493 0.4940195382 0.7968590260 0.5179938674 -0.6071796417 0.6025074720
217.2 90.2 1827.2 0.7814870477 0.6223163009 -0.0447259471 -0.3477935493 0.4940195382 0.7968590260 0.5179938674 -0.6071796417 0.6025074720
96.3 -11.2 1947.9 0.7916448116 0.6086559296 -0.0532584563 -0.3395028412 0.5106896162 0.7898948789 0.5079727173 -0.6072347760 0.6109251976
101.6 139.8 1753.0 0.7421317101 -0.5914418101 -0.3153365850 0.5202309489 0.2116437405 0.8273854852 -0.4226113260 -0.7780768275 0.4647538364
-36.8 42.7 1831.9 -0.7247805595 -0.5914418101 -0.3533974588 0.2833696902 0.2116437405 -0.9353654385 0.6280086040 -0.7780768275 0.0142014083
332.8 40.6 1901.4 -0.3871090710 0.8741419911 0.2932956815 0.0017230817 -0.3174100220 0.9482868314 0.9220322967 0.3675957918 0.1213660762
224.8 41.1 2158.6 -0.4856703281 0.8741419911 -0.0003572589 -0.5718522668 -0.3174100220 0.7564627528 0.6611424685 0.3675957918 0.6540367007
-97.8 -82.2 2023.1 0.6939242482 -0.0712510943 0.7165140510 0.1681903452 0.9836040735 -0.0650768653 -0.7001293898 0.1656691730 0.6945304871
-69.5 -473.1 1957.3 0.6958806515 0.0706356019 0.7146753073 -0.0577824079 0.9974318147 -0.0423192792 -0.7158291340 -0.0118464921 0.6981750131
47.7 -146.1 2114.6 -0.5357465148 0.0535475686 0.8426792622 0.0639212057 0.9976953864 -0.0227590725 -0.8419559002 0.0416719839 -0.5379346609
26.4 -542.5 2098.0 -0.5195223689 -0.1617095768 0.8390151858 -0.0607413016 0.9864333868 0.1525112391 -0.8522951603 0.0282701254 -0.5222966671
165.5 -36.4 1656.5 0 0 0 0 0 0 0 0 0
98.7 -107.5 2330.3 0 0 0 0 0 0 0 0 0
-96.4 -853.8 1961.8 0 0 0 0 0 0 0 0 0
88.1 -919.2 2087.2 0 0 0 0 0 0 0 0 0
343.0 190.7 1705.1 28 0.7800076008 0.6222786903 -0.0660103336 -0.3340321481 0.5032411814 0.7969760299 0.5291603208 -0.5995978117 0.6003930569
218.6 90.0 1825.0 0.7800076008 0.6222786903 -0.0660103336 -0.3340321481 0.5032411814 0.7969760299 0.5291603208 -0.5995978117 0.6003930569
97.7 -12.3 1945.0 0.7906078696 0.6082080007 -0.0708674490 -0.3252586126 0.5151967406 0.7929559350 0.5187928081 -0.6038669944 0.6051434875
103.1 137.5 1749.2 0.7439141273 -0.5866179466 -0.3201111257 0.5156254768 0.1991342902 0.8333522081 -0.4251142740 -0.7849999666 0.4506139457
-35.6 41.4 1828.5 -0.7334704399 -0.5866179466 -0.3433664143 0.2803285718 0.1991342902 -0.9390215278 0.6192228794 -0.7849999666 0.0183866564
334.0 42.5 1900.8 -0.3972939849 0.8743104935 0.2788164616 0.0022553375 -0.3028926253 0.9530220032 0.9176886082 0.3792587519 0.1183655486
223.2 43.2 2156.7 -0.4850302935 0.8743104935 -0.0180759188 -0.5743339062 -0.3028926253 0.7605239153 0.6594589949 0.3792587519 0.6490582824
-97.1 -81.6 2022.0 0.6999325752 -0.0716071129 0.7106101513 0.1643120944 0.9844171405 -0.0626449212 -0.6950510144 0.1606090665 0.7007915974
-68.6 -472.8 1958.1 0.7002938390 0.0751723051 0.7098857164 -0.0531745702 0.9971703887 -0.0531378202 -0.7118715048 -0.0005357788 0.7023095489
48.0 -143.8 2115.1 -0.5261231661 0.0571412444 0.8484864831 0.0748979375 0.9969763756 -0.0206991248 -0.8471037149 0.0526595972 -0.5288121104
25.3 -540.0 2094.2 -0.5054900050 -0.1727964580 0.8453527093 -0.0782668218 0.9848851562 0.1545172334 -0.8592754006 0.0119438460 -0.5113738179
170.5 -37.4 1654.5 0 0 0 0 0 0 0 0 0
97.2 -106.1 2328.1 0 0 0 0 0 0 0 0 0
-97.4 -853.6 1958.3 0 0 0 0 0 0 0 0 0
91.3 -916.1 2089.6 0 0 0 0 0 0 0 0 0
342.7 195.3 1704.9 29 0.7753543854 0.6275113225 -0.0710993633 -0.3359331787 0.5051522851 0.7949654460 0.5347658396 -0.5924952626 0.6024739146
217.3 94.4 1823.3 0.7753543854 0.6275113225 -0.0710993633 -0.3359331787 0.5051522851 0.7949654460 0.5347658396 -0.5924952626 0.6024739146
95.1 -8.2 1941.8 0.7850387692 0.6148162484 -0.0755983070 -0.3279723823 0.5160720348 0.7912671566 0.5254980922 -0.5963812470 0.6067793369
102.6 142.3 1746.6 0.7307116389 -0.5801694393 -0.3598109782 0.5416328311 0.1718511879 0.8228614926 -0.4155651629 -0.7961598635 0.4398124814
-34.6 40.6 1824.6 -0.7508568764 -0.5801694393 -0.3156220913 0.2659364045 0.1718511879 -0.9485489130 0.6045591235 -0.7961598635 0.0252525210
331.9 46.5 1900.1 -0.4062424600 0.8701068759 0.2790718079 0.0002429025 -0.3053057790 0.9522543550 0.9137653112 0.3869139254 0.1238168180
218.6 46.5 2155.0 -0.4923095703 0.8701068759 -0.0233514961 -0.5755798221 -0.3053057790 0.7586147189 0.6529465318 0.3869139254 0.6511209011
-95.6 -84.9 2017.4 0.7074431181 -0.0704593807 0.7032493949 0.1579488069 0.9856141210 -0.0601408817 -0.6888950467 0.1536236554 0.7083949447
-67.6 -476.6 1956.4 0.7064796686 0.0843955576 0.7026833296 -0.0667936876 0.9963837862 -0.0525158085 -0.7045744061 -0.0098334625 0.7095619440
49.4 -144.5 2112.6 -0.5174614191 0.0737805068 0.8525198698 0.0823231041 0.9959471226 -0.0362249017 -0.8517373800 0.0514370948 -0.5214380622
20.1 -540.3 2092.1 -0.4843725264 -0.2121291608 0.8487546444 -0.1195244417 0.9771073461 0.1759973913 -0.8666586280 -0.0161986277 -0.4986386001
178.0 -34.7 1653.5 0 0 0 0 0 0 0 0 0
90.7 -103.0 2324.6 0 0 0 0 0 0 0 0 0
-99.8 -857.2 1960.1 0 0 0 0 0 0 0 0 0
101.0 -913.1 2098.3 0 0 0 0 0 0 0 0 0
343.8 203.7 1704.8 30 0.7763539553 0.6263962388 -0.0700161085 -0.3460372090 0.5164316893 0.7832984924 0.5268138051 -0.5838887095 0.6176902056
218.5 100.4 1821.6 0.7763539553 0.6263962388 -0.0700161085 -0.3460372090 0.5164316893 0.7832984924 0.5268138051 -0.5838887095 0.6176902056
96.5 -4.0 1938.7 0.7858641744 0.6140817404 -0.0729460865 -0.3380501866 0.5253707170 0.7808377743 0.5178219676 -0.5889729857 0.6204604506
103.7 149.8 1746.0 0.7121627927 -0.5777468681 -0.3987889886 0.5842614174 0.1728663892 0.7929412723 -0.3891821206 -0.7977002859 0.4606642127
-31.8 38.7 1820.0 -0.7631528974 -0.5777468681 -0.2894929349 0.2322248966 0.1728663892 -0.9571775198 0.6030499339 -0.7977002859 0.0022437244
333.3 51.1 1897.3 -0.4040417373 0.8705704212 0.2808156908 -0.0148437461 -0.3131889403 0.9495748281 0.9146201015 0.3794994950 0.1394639313
220.6 46.9 2152.4 -0.4916107357 0.8705704212 -0.0206414666 -0.5859907866 -0.3131889403 0.7473469973 0.6441534758 0.3794994950 0.6641132832
-99.0 -80.6 2012.2 0.7069829702 -0.0850699618 0.7020955682 0.1556463242 0.9871149659 -0.0371252485 -0.6898907423 0.1355255097 0.7111142874
-65.2 -472.8 1958.3 0.7040948868 0.0915220901 0.7041832805 -0.0649667457 0.9958029985 -0.0644650608 -0.7071278095 -0.0003589790 0.7070856690
44.9 -140.8 2108.5 -0.5216966867 0.0746783391 0.8498563170 0.0678842887 0.9966365695 -0.0459044203 -0.8504259586 0.0337437093 -0.5250114799
15.3 -536.8 2095.1 -0.4878707230 -0.2289647311 0.8423522711 -0.1133523807 0.9734334350 0.1989436299 -0.8655249476 0.0015761378 -0.5008633733
186.1 -27.6 1647.9 0 0 0 0 0 0 0 0 0
92.8 -105.3 2319.8 0 0 0 0 0 0 0 0 0
-100.2 -853.3 1958.4 0 0 0 0 0 0 0 0 0
102.7 -908.4 2094.5 0 0 0 0 0 0 0 0 0
342.1 215.0 1709.8 31 0.7822456956 0.6173669696 -0.0833648443 -0.3464231193 0.5423012376 0.7654412985 0.5177670121 -0.5698836446 0.6380829811
219.0 106.9 1823.4 0.7822456956 0.6173669696 -0.0833648443 -0.3464231193 0.5423012376 0.7654412985 0.5177670121 -0.5698836446 0.6380829811
98.5 -2.3 1937.4 0.7900243998 0.6070277095 -0.0859003365 -0.3394847512 0.5498243570 0.7631797194 0.5105013251 -0.5737687349 0.6404513121
103.6 156.4 1748.9 0.7064042687 -0.5636144876 -0.4281724989 0.6212921143 0.2039301693 0.7565768957 -0.3391004205 -0.8004693389 0.4942263663
-30.4 38.6 1813.2 -0.7795323730 -0.5636144876 -0.2732544839 0.1892520040 0.2039301693 -0.9605187178 0.5970870852 -0.8004693389 -0.0523049906
334.4 57.3 1898.0 -0.4052808583 0.8745827079 0.2661813200 -0.0448214374 -0.3098248243 0.9497365952 0.9130927920 0.3729794323 0.1647661179
221.4 44.8 2152.6 -0.4837470353 0.8745827079 -0.0330739655 -0.6100063920 -0.3098248243 0.7293152809 0.6275994182 0.3729794323 0.6833778620
-97.6 -77.3 2008.2 0.7087255716 -0.0953747854 0.6990076900 0.1540876031 0.9878243804 -0.0214479603 -0.6884512305 0.1229091436 0.7147924304
-59.7 -469.8 1959.4 0.6984319687 0.1279208809 0.7041512728 -0.0863316581 0.9917705059 -0.0945412815 -0.7104502916 0.0052401125 0.7037279010
46.5 -139.3 2103.2 -0.5225698352 0.0766980127 0.8491396904 0.0620616898 0.9967253804 -0.0518351533 -0.8503347039 0.0256115552 -0.5256186128
16.0 -535.4 2093.0 -0.4855347574 -0.2383694202 0.8410921693 -0.1288939416 0.9711132646 0.2008117884 -0.8646631241 -0.0109105809 -0.5022336245
192.5 -15.5 1642.5 0 0 0 0 0 0 0 0 0
95.8 -113.6 2315.6 0 0 0 0 0 0 0 0 0
-108.6 -848.5 1957.4 0 0 0 0 0 0 0 0 0
107.1 -906.3 2097.2 0 0 0 0 0 0 0 0 0
341.5 229.3 1718.3 32 0.7788736820 0.6152370572 -0.1218159422 -0.3303021491 0.5674892068 0.7542257309 0.5331568718 -0.5472105145 0.6452165246
218.1 115.5 1828.0 0.7788736820 0.6152370572 -0.1218159422 -0.3303021491 0.5674892068 0.7542257309 0.5331568718 -0.5472105145 0.6452165246
99.0 -0.0 1937.0 0.7892687917 0.6003691554 -0.1288859397 -0.3204742372 0.5817885399 0.7475415468 0.5237852335 -0.5487065911 0.6515904069
102.9 162.3 1751.5 0.6868245006 -0.5476906896 -0.4778147936 0.6705840826 0.2239423841 0.7072247267 -0.2803374231 -0.8061542511 0.5210817456
-26.2 36.3 1804.2 -0.8006570935 -0.5476906896 -0.2428644598 0.1393997669 0.2239423841 -0.9645815492 0.5826799870 -0.8061542511 -0.1029530913
333.3 68.6 1904.6 -0.4249014258 0.8762549758 0.2272356153 -0.0766007900 -0.2849259377 0.9554839134 0.9019928575 0.3885800540 0.1881872565
214.9 47.3 2156.0 -0.4758420587 0.8762549758 -0.0758391544 -0.6386156082 -0.2849259377 0.7148337960 0.6047680974 0.3885800540 0.6951698065
-94.6 -80.4 2004.5 0.7240747809 -0.0939711407 0.6832898855 0.1488523632 0.9886196852 -0.0217748415 -0.6734676361 0.1174759343 0.7298223972
-57.2 -473.3 1957.8 0.7103362083 0.1472011805 0.6882981062 -0.1146002933 0.9890257716 -0.0932459608 -0.6944704652 -0.0126431771 0.7194101214
50.3 -142.6 2098.2 -0.5031782985 0.0896388888 0.8595210910 0.0692621544 0.9955893159 -0.0632821172 -0.8614025712 0.0276900958 -0.5071675181
14.7 -538.3 2087.2 -0.4583853781 -0.2537169755 0.8517690897 -0.1484377682 0.9667800665 0.2080925554 -0.8762699962 -0.0310481153 -0.4808190465
204.2 -3.8 1636.5 0 0 0 0 0 0 0 0 0
91.4 -118.5 2313.0 0 0 0 0 0 0 0 0 0
-113.4 -850.9 1962.7 0 0 0 0 0 0 0 0 0
111.6 -907.5 2099.0 0 0 0 0 0 0 0 0 0
338.8 245.1 1722.5 33 0.7877148390 0.6019987464 -0.1307778955 -0.3305369020 0.5921588540 0.7349103689 0.5198563933 -0.5356729031 0.6654350758
218.1 126.4 1829.9 0.7877148390 0.6019987464 -0.1307778955 -0.3305369020 0.5921588540 0.7349103689 0.5198563933 -0.5356729031 0.6654350758
102.1 5.7 1936.7 0.7996560931 0.5843570828 -0.1381193846 -0.3184593320 0.6077409983 0.7274850607 0.5090518594 -0.5377524495 0.6720777154
101.3 172.9 1755.6 0.6421246529 -0.5314630866 -0.5524698496 0.7399932742 0.2414965779 0.6277653575 -0.2002145350 -0.8119275570 0.5483500361
-20.4 32.6 1793.5 -0.8258385062 -0.5314630866 -0.1885145754 0.0655938685 0.2414965779 -0.9681822658 0.5600787401 -0.8119275570 -0.1645764560
334.9 79.9 1904.3 -0.4160173833 0.8846818805 0.2103984952 -0.1084670201 -0.2779945135 0.9544391036 0.9028645754 0.3742419481 0.2116093636
218.9 49.7 2155.9 -0.4585676789 0.8846818805 -0.0839861631 -0.6635276675 -0.2779945135 0.6945862770 0.5911401510 0.3742419481 0.7144902349
-92.5 -86.2 1997.9 0.7196144462 -0.0993650258 0.6872275472 0.1421579570 0.9898273349 -0.0057400158 -0.6796662211 0.1018254608 0.7264195681
-53.0 -479.5 1957.5 0.7054704428 0.1457607746 0.6935886741 -0.1054790318 0.9893174767 -0.1006235331 -0.7008463740 -0.0021721353 0.7133089304
52.2 -145.0 2094.0 -0.5129020214 0.0934371352 0.8533469439 0.0647492930 0.9954379201 -0.0700779706 -0.8560017347 0.0193104725 -0.5166121125
15.1 -540.5 2086.3 -0.4677839577 -0.2533720434 0.8467471600 -0.1574902982 0.9665922523 0.2022280395 -0.8696982265 -0.0387554243 -0.4920600057
218.8 13.6 1631.3 0 0 0 0 0 0 0 0 0
99.9 -122.6 2309.4 0 0 0 0 0 0 0 0 0
-108.7 -857.4 1958.3 0 0 0 0 0 0 0 0 0
111.9 -909.8 2101.1 0 0 0 0 0 0 0 0 0
331.9 262.8 1724.6 34 0.7955521941 0.5798460841 -0.1757134944 -0.2916223407 0.6206644177 0.7278269529 0.5310867429 -0.5277823806 0.6628670096
215.5 138.2 1830.6 0.7955521941 0.5798460841 -0.1757134944 -0.2916223407 0.6206644177 0.7278269529 0.5310867429 -0.5277823806 0.6628670096
104.1 11.4 1935.1 0.8063762784 0.5615110993 -0.1856410354 -0.2796796262 0.6386483908 0.7168734670 0.5210917592 -0.5261497498 0.6720340848
97.9 179.0 1754.4 0.5940835476 -0.5238445997 -0.6104519367 0.7914372087 0.2449363917 0.5600296855 -0.1438466609 -0.8158388138 0.5601028204
-14.0 30.0 1781.5 -0.8433980346 -0.5238445997 -0.1194426194 -0.0148421982 0.2449363917 -0.9694255590 0.5370842218 -0.8158388138 -0.2143538743
333.1 97.3 1906.7 -0.4242215455 0.8916331530 0.1581974477 -0.1331602782 -0.2342184782 0.9630213380 0.8957144618 0.3874687552 0.2180906385
214.9 60.2 2156.4 -0.4336098433 0.8916331530 -0.1302799135 -0.6879990101 -0.2342184782 0.6868762970 0.5819277167 0.3874687552 0.7150021791
-87.2 -85.8 1996.7 0.7288581729 -0.0869996250 0.6791146994 0.1277813911 0.9917510152 -0.0100904135 -0.6726348400 0.0941327065 0.7339627743
-52.6 -479.8 1959.3 0.7150616646 0.1429360509 0.6842924356 -0.0987294987 0.9897106290 -0.1035633981 -0.6920544505 0.0064943680 0.7218161225
59.5 -144.1 2090.1 -0.5001523495 0.1005850956 0.8600757122 0.0617617741 0.9948449135 -0.0804304481 -0.8637320995 0.0128923254 -0.5037863255
19.5 -539.5 2085.0 -0.4676368833 -0.2176466286 0.8567063212 -0.1233918592 0.9757956266 0.1805473268 -0.8752657771 -0.0212799981 -0.4831738472
230.5 34.3 1625.9 0 0 0 0 0 0 0 0 0
102.3 -118.4 2307.5 0 0 0 0 0 0 0 0 0
-107.2 -858.0 1956.9 0 0 0 0 0 0 0 0 0
102.6 -912.0 2093.1 0 0 0 0 0 0 0 0 0
322.5 281.5 1726.2 35 0.8076601028 0.5537001491 -0.2027345002 -0.2654739320 0.6484640241 0.7134549618 0.5265061855 -0.5224083662 0.6707314849
211.2 151.1 1831.3 0.8076601028 0.5537001491 -0.2027345002 -0.2654739320 0.6484640241 0.7134549618 0.5265061855 -0.5224083662 0.6707314849
105.1 18.9 1934.6 0.8178935647 0.5347058773 -0.2124612182 -0.2531151474 0.6659867764 0.7017081380 0.5167038441 -0.5201454163 0.6800484657
91.8 188.0 1755.8 0.5049706101 -0.5099084973 -0.6964179873 0.8616067767 0.2497725785 0.4418681562 -0.0513662212 -0.8231688738 0.5654684305
-2.5 27.1 1765.4 -0.8596594334 -0.5099084973 -0.0312879495 -0.1131523326 0.2497725785 -0.9616705179 0.4981788695 -0.8231688738 -0.2724166811
330.5 114.2 1906.8 -0.4167381227 0.9009870887 0.1206298769 -0.1592251509 -0.2030009627 0.9661459327 0.8949730396 0.3834225237 0.2280580401
214.3 69.8 2156.3 -0.4049097598 0.9009870887 -0.1557892859 -0.7108173370 -0.2030009627 0.6734458208 0.5751406550 0.3834225237 0.7226343751
-81.0 -89.7 1991.8 0.7268713713 -0.0682641566 0.6833725572 0.1123609617 0.9934605956 -0.0202732980 -0.6775197387 0.0915204734 0.7297883034
-53.9 -484.4 1955.5 0.7179892659 0.1189548746 0.6858142018 -0.1008220986 0.9926710129 -0.0666271821 -0.6887134910 -0.0213076212 0.7247204185
66.6 -140.9 2087.5 -0.5018416047 0.1083100587 0.8581514955 0.0765545592 0.9937973022 -0.0806617364 -0.8615651131 0.0252159908 -0.5070204735
23.6 -535.8 2077.4 -0.4698747098 -0.1963551641 0.8606174588 -0.1455257386 0.9788372517 0.1438744813 -0.8706549406 -0.0576390140 -0.4885056317
246.1 59.8 1621.3 0 0 0 0 0 0 0 0 0
109.2 -114.7 2305.6 0 0 0 0 0 0 0 0 0
-99.3 -863.4 1963.6 0 0 0 0 0 0 0 0 0
98.5 -909.4 2099.4 0 0 0 0 0 0 0 0 0
310.8 300.5 1731.0 36 0.8181639910 0.5152586699 -0.2551786602 -0.2115528136 0.6824262738 0.6996712089 0.5346522927 -0.5184620023 0.6673410535
207.2 163.2 1835.3 0.8181639910 0.5152586699 -0.2551786602 -0.2115528136 0.6824262738 0.6996712089 0.5346522927 -0.5184620023 0.6673410535
109.1 24.8 1937.9 0.8276845813 0.4950864315 -0.2642492056 -0.1985379308 0.6987420917 0.6872715354 0.5249008536 -0.5163805485 0.6766315103
86.6 192.2 1758.6 0.4187386334 -0.5044049621 -0.7551380992 0.9071238041 0.2710157335 0.3219889402 0.0422415026 -0.8198329806 0.5710425377
9.3 24.8 1750.8 -0.8621091247 -0.5044049621 0.0484095551 -0.2112991810 0.2710157335 -0.9390969872 0.4605654180 -0.8198329806 -0.3402254879
327.7 134.3 1912.0 -0.4136370718 0.9087675214 0.0551900975 -0.1848323941 -0.1431763470 0.9722846746 0.8914826512 0.3919720650 0.2271927297
212.4 82.8 2160.5 -0.3630054891 0.9087675214 -0.2058363110 -0.7345413566 -0.1431763470 0.6632869244 0.5733026862 0.3919720650 0.7195011377
-75.8 -90.0 1990.5 0.7295497060 -0.0588059984 0.6813949943 0.1060144380 0.9939780235 -0.0277239066 -0.6756613255 0.0924636722 0.7313906550
-52.5 -485.0 1953.8 0.7217796445 0.1119228229 0.6830134988 -0.0955115110 0.9935037494 -0.0618691742 -0.6855010390 -0.0205797404 0.7277806997
74.0 -136.4 2085.3 -0.4930914640 0.1266774684 0.8607053161 0.0943527669 0.9912933111 -0.0918432549 -0.8648458719 0.0359227993 -0.5007506609
23.7 -530.2 2071.1 -0.4570540488 -0.1956668049 0.8676497340 -0.1785517633 0.9758287072 0.1260064542 -0.8713328242 -0.0973286331 -0.4809431136
257.2 85.6 1618.4 0 0 0 0 0 0 0 0 0
118.2 -107.8 2309.2 0 0 0 0 0 0 0 0 0
-95.2 -864.5 1961.6 0 0 0 0 0 0 0 0 0
98.3 -902.6 2108.2 0 0 0 0 0 0 0 0 0
297.4 318.6 1736.9 37 0.8237478137 0.4648652077 -0.3245609701 -0.1371788681 0.7188740373 0.6814705133 0.5501103997 -0.5168369412 0.6559405923
204.2 174.5 1840.5 0.8237478137 0.4648652077 -0.3245609701 -0.1371788681 0.7188740373 0.6814705133 0.5501103997 -0.5168369412 0.6559405923
116.3 29.0 1942.1 0.8306853175 0.4450117648 -0.3345541358 -0.1260885000 0.7356750369 0.6654952765 0.5422763228 -0.5106337070 0.6672253013
83.5 192.9 1761.3 0.3396821022 -0.5029240847 -0.7947851419 0.9312142730 0.2985377312 0.2090816945 0.1321211159 -0.8111366034 0.5697380304
22.3 25.0 1737.4 -0.8536077738 -0.5029240847 0.1357245594 -0.3189181983 0.2985377312 -0.8995367885 0.4118798375 -0.8111366034 -0.4152257740
324.9 156.2 1919.7 -0.4139088690 0.9097768068 -0.0313941091 -0.2153708190 -0.0643599480 0.9744091630 0.8844743371 0.4100779891 0.2225785255
209.6 96.1 2166.2 -0.3112355471 0.9097768068 -0.2746608555 -0.7594401240 -0.0643599480 0.6473858953 0.5712995529 0.4100779891 0.7109521031
-64.7 -95.6 1992.4 0.7383548617 -0.0278260689 0.6738381386 0.0854386315 0.9949575663 -0.0525323041 -0.6689785719 0.0963592827 0.7370091677
-53.6 -490.8 1954.1 0.7322996259 0.0985423401 0.6738150120 -0.0862990618 0.9949262142 -0.0517138802 -0.6754922271 -0.0202795453 0.7370882034
86.7 -131.9 2088.7 -0.4749179184 0.1497039646 0.8672033548 0.1196324080 0.9872595072 -0.1049132124 -0.8718606830 0.0539204627 -0.4867766798
27.3 -524.0 2067.3 -0.4445789754 -0.1701876223 0.8794234991 -0.1745585203 0.9794226885 0.1012942865 -0.8785663843 -0.1084775552 -0.4651384056
268.5 117.0 1618.6 0 0 0 0 0 0 0 0 0
128.9 -100.7 2314.3 0 0 0 0 0 0 0 0 0
-91.3 -870.9 1961.9 0 0 0 0 0 0 0 0 0
92.2 -897.9 2108.7 0 0 0 0 0 0 0 0 0
284.6 339.5 1744.8 38 0.8325135112 0.4177112281 -0.3639211357 -0.1050500646 0.7639988065 0.6366084814 0.5439537764 -0.4917551875 0.6799198985
200.9 186.3 1843.4 0.8325135112 0.4177112281 -0.3639211357 -0.1050500646 0.7639988065 0.6366084814 0.5439537764 -0.4917551875 0.6799198985
121.4 33.5 1941.2 0.8382685184 0.4021678269 -0.3681941032 -0.0942683816 0.7719917893 0.6286033392 0.5370468497 -0.4922293425 0.6850481033
78.9 200.0 1764.9 0.3095405698 -0.4973019063 -0.8104785085 0.9360293746 0.3094371259 0.1676236689 0.1674325764 -0.8105180264 0.5612725616
20.1 22.3 1733.1 -0.8430582881 -0.4973019063 0.2048011422 -0.3928942978 0.3094371259 -0.8659576774 0.3672693372 -0.8105180264 -0.4562606215
322.9 172.6 1921.9 -0.3984060884 0.9133836031 -0.0836838409 -0.2604234517 -0.0251651704 0.9651665092 0.8794613481 0.4063214362 0.2478924692
211.9 100.0 2166.9 -0.2670401633 0.9133836031 -0.3072783053 -0.7903909087 -0.0251651704 0.6120857000 0.5513363481 0.4063214362 0.7286502123
-47.5 -105.1 1994.0 0.7328419685 0.0193287637 0.6801242828 0.0589684844 0.9940309525 -0.0917890593 -0.6778387427 0.1073727757 0.7273278236
-55.2 -499.6 1951.3 0.7284533381 0.0829680488 0.6800529957 -0.0838274732 0.9959753752 -0.0317177251 -0.6799475551 -0.0339022391 0.7324765921
104.1 -128.2 2093.4 -0.4787617028 0.1856505126 0.8580915332 0.1516256481 0.9801844358 -0.1274679750 -0.8647524714 0.0690819025 -0.4974241853
30.4 -517.3 2066.0 -0.4544521868 -0.1506188363 0.8779448867 -0.1655416787 0.9827120900 0.0829029009 -0.8752537966 -0.1076610610 -0.4715293348
261.2 134.7 1628.1 0 0 0 0 0 0 0 0 0
142.7 -104.8 2309.8 0 0 0 0 0 0 0 0 0
-86.9 -880.1 1964.3 0 0 0 0 0 0 0 0 0
87.9 -892.6 2107.1 0 0 0 0 0 0 0 0 0
269.3 359.9 1752.8 39 0.8383054137 0.3742249608 -0.3964841962 -0.0740430728 0.7986340523 0.5972447395 0.5401496887 -0.4713165760 0.6972080469
193.9 199.0 1847.8 0.8383054137 0.3742249608 -0.3964841962 -0.0740430728 0.7986340523 0.5972447395 0.5401496887 -0.4713165760 0.6972080469
121.8 40.1 1941.7 0.8419036865 0.3642213941 -0.3981720805 -0.0662434176 0.8020395637 0.5935860276 0.5355464816 -0.4733659625 0.6993672848
71.2 208.6 1769.4 0.2532541454 -0.4956721067 -0.8307656050 0.9458590746 0.3070838451 0.1051196828 0.2030098140 -0.8124091625 0.5466062427
22.0 24.9 1730.0 -0.8272569776 -0.4956721067 0.2644901276 -0.4517953694 0.3070838451 -0.8376039863 0.3339563012 -0.8124091625 -0.4779796302
316.5 189.3 1926.1 -0.3854039907 0.9134978652 -0.1303281486 -0.3002338409 0.0094123697 0.9538192153 0.8725385070 0.4067346454 0.2706353962
209.2 105.7 2169.1 -0.2283643633 0.9134978652 -0.3367066681 -0.8155231476 0.0094123697 0.5786479115 0.5317628384 0.4067346454 0.7428292036
-34.7 -110.7 1989.7 0.7280810475 0.0519525297 0.6835195422 0.0264875330 0.9942470193 -0.1037844867 -0.6849791408 0.0936682597 0.7225163579
-55.4 -505.3 1952.5 0.7239449024 0.0780657008 0.6854265332 -0.0678749457 0.9968160391 -0.0418417268 -0.6865105629 -0.0162321813 0.7269386053
118.5 -127.9 2088.3 -0.4825544357 0.2225013375 0.8471330404 0.1654419303 0.9729389548 -0.1613034457 -0.8600989580 0.0623136312 -0.5063070655
30.1 -514.1 2063.5 -0.4558058679 -0.1584349275 0.8758649230 -0.1689322889 0.9815431833 0.0896375477 -0.8739009500 -0.1071045399 -0.4741578996
258.0 153.8 1634.7 0 0 0 0 0 0 0 0 0
150.0 -105.6 2306.9 0 0 0 0 0 0 0 0 0
-85.2 -886.1 1958.7 0 0 0 0 0 0 0 0 0
90.7 -889.1 2104.4 0 0 0 0 0 0 0 0 0
254.5 375.1 1761.3 40 0.8349626660 0.3394306600 -0.4331560135 -0.0441177860 0.8258720040 0.5621290207 0.5485352874 -0.4502469003 0.7045472264
185.8 208.1 1852.3 0.8349626660 0.3394306600 -0.4331560135 -0.0441177860 0.8258720040 0.5621290207 0.5485352874 -0.4502469003 0.7045472264
120.1 44.4 1942.7 0.8378318548 0.3325147033 -0.4329800308 -0.0370646603 0.8259240985 0.5625616312 0.5446686745 -0.4552838206 0.7043100595
63.7 213.5 1772.7 0.1563592851 -0.5001955032 -0.8516784906 0.9556277990 0.2945666909 0.0024426519 0.2496543229 -0.8142696023 0.5240589380
33.5 28.9 1724.4 -0.7952703238 -0.5001955032 0.3425632715 -0.5282906890 0.2945666909 -0.7963287234 0.2974122763 -0.8142696023 -0.4985087812
308.0 202.7 1931.9 -0.3813812137 0.9072656035 -0.1772498041 -0.3327984512 0.0441325903 0.9419646859 0.8624346852 0.4182361066 0.2851052582
201.7 110.0 2172.2 -0.1968112737 0.9072656035 -0.3716644049 -0.8343070745 0.0441325903 0.5495307446 0.5149728656 0.4182361066 0.7482523322
-27.2 -112.7 1986.6 0.7316417098 0.0658387318 0.6785025001 0.0072412901 0.9945182800 -0.1043118462 -0.6816508770 0.0812321305 0.7271543145
-53.3 -507.6 1954.3 0.7281233072 0.0831641778 0.6803823709 -0.0487230718 0.9963811040 -0.0696473271 -0.6837123036 0.0175615214 0.7295402884
126.8 -124.8 2084.9 -0.4767018557 0.2398751974 0.8457039595 0.1721643656 0.9688944817 -0.1777722239 -0.8620410562 0.0608557314 -0.5031717420
31.6 -509.6 2060.7 -0.4618403018 -0.1258956641 0.8779827952 -0.1829288602 0.9821138978 0.0446021892 -0.8678943515 -0.1400092989 -0.4766097069
259.7 179.2 1639.8 0 0 0 0 0 0 0 0 0
150.7 -106.4 2305.7 0 0 0 0 0 0 0 0 0
-85.1 -888.1 1947.6 0 0 0 0 0 0 0 0 0
79.6 -884.4 2114.2 0 0 0 0 0 0 0 0 0
240.5 391.5 1773.0 41 0.7903553843 0.3178131282 -0.5237683058 0.0116971992 0.8469404578 0.5315590501 0.6125370264 -0.4262471497 0.6656664014
176.3 220.5 1859.1 0.7903553843 0.3178131282 -0.5237683058 0.0116971992 0.8469404578 0.5315590501 0.6125370264 -0.4262471497 0.6656664014
114.5 52.9 1945.5 0.7930482030 0.3129663169 -0.5226151943 0.0189195741 0.8448607326 0.5346516371 0.6088650227 -0.4338921905 0.6640940905
61.2 217.9 1770.4 0.1141040474 -0.4972297847 -0.8600830436 0.9639230967 0.2649751902 -0.0253069010 0.2404840142 -0.8261662722 0.5095260143
39.5 34.4 1724.6 -0.7625516057 -0.4972297847 0.4138569832 -0.5876801014 0.2649751902 -0.7644738555 0.2704573274 -0.8261662722 -0.4942693114
291.4 223.0 1947.8 -0.4249171317 0.8666463494 -0.2614756525 -0.3572852015 0.1048375592 0.9280928969 0.8317407966 0.4877839386 0.2650926411
173.1 123.6 2179.3 -0.1816993952 0.8666463494 -0.4646605253 -0.8442142606 0.1048375592 0.5256532431 0.5042693615 0.4877839386 0.7125862837
-22.4 -115.8 1983.2 0.7782089710 0.0796324834 0.6229361892 -0.0201663077 0.9945852160 -0.1019489542 -0.6276815534 0.0667752698 0.7756010294
