104.3 478.3 2014.3 18 0.7418724895 0.0209675990 -0.6702131033 -0.1430548131 0.9814488888 -0.1276456863 0.6551034451 0.1905740350 0.7311094403
100.1 285.2 1976.8 0.7418724895 0.0209675990 -0.6702131033 -0.1430548131 0.9814488888 -0.1276456863 0.6551034451 0.1905740350 0.7311094403
96.1 89.8 1941.0 0.7420299053 0.0202725939 -0.6700601578 -0.1355532706 0.9834322333 -0.1203591228 0.6565187573 0.1801389158 0.7324841619
-8.2 305.0 1880.9 -0.2308597565 -0.8973088264 -0.3762188554 -0.2192231715 0.4246908128 -0.8783956766 0.9479688406 -0.1203103140 -0.2947548926
41.8 352.4 1675.7 -0.2384249270 -0.8973088264 0.3714706004 -0.6957125068 0.4246908128 0.5793287754 -0.6775969863 -0.1203103140 -0.7255258560
208.5 265.5 2072.7 -0.2885804176 0.7836464047 -0.5501087904 -0.8738920093 0.0191703867 0.4857419729 0.3911957443 0.6209113002 0.6792901158
128.0 21.7 2181.8 0.1026073173 0.7836464047 -0.6126745343 -0.9897891283 0.0191703867 -0.1412443221 -0.0989404023 0.6209113002 0.7776116729
25.5 -92.6 1842.8 0.6397111416 0.0952058434 0.7626962066 -0.1747689843 0.9843237996 0.0237162504 -0.7484821081 -0.1484671980 0.6463219523
-12.4 -483.7 1901.8 0.6228944063 0.2048028111 0.7550221086 -0.2686266005 0.9624363184 -0.0394473895 -0.7347396612 -0.1782474667 0.6545116305
157.3 -118.8 1967.5 -0.6923208833 0.2537433803 0.6755043268 0.0157685224 0.9412299395 -0.3373982310 -0.7214174867 -0.2229361236 -0.6556342840
56.5 -492.8 2056.1 -0.6959901452 0.0579228736 0.7157112956 -0.0328803286 0.9931247234 -0.1123484001 -0.7172981501 -0.1017262042 -0.6893004775
110.0 551.4 1869.5 0 0 0 0 0 0 0 0 0
154.6 -235.5 2156.0 0 0 0 0 0 0 0 0 0
-90.4 -850.6 1969.7 0 0 0 0 0 0 0 0 0
34.4 -871.8 2094.9 0 0 0 0 0 0 0 0 0
106.8 479.0 2013.0 19 0.7620713711 0.0307030361 -0.6467646956 -0.1439062506 0.9819239378 -0.1229485646 0.6312988400 0.1867690533 0.7527145147
100.8 285.2 1976.2 0.7620713711 0.0307030361 -0.6467646956 -0.1439062506 0.9819239378 -0.1229485646 0.6312988400 0.1867690533 0.7527145147
94.4 89.8 1940.9 0.7622239590 0.0321155377 -0.6465162635 -0.1391327679 0.9835530519 -0.1151757389 0.6321840882 0.1777412891 0.7541559935
-10.5 305.5 1883.9 -0.2011258900 -0.8981605172 -0.3909681141 -0.2164122909 0.4300033748 -0.8765060306 0.9553607106 -0.0916777477 -0.2808577716
33.0 352.3 1677.1 -0.2646349072 -0.8981605172 0.3511069119 -0.6952329278 0.4300033748 0.5759759545 -0.6682959795 -0.0916777477 -0.7382246852
212.0 264.9 2068.4 -0.2809114158 0.8036043644 -0.5246987939 -0.8715250492 0.0153546501 0.4901105165 0.4019115269 0.5949657559 0.6960480213
133.7 21.8 2180.5 0.0932703987 0.8036043644 -0.5878100395 -0.9905643463 0.0153546501 -0.1361856014 -0.1004137322 0.5949657559 0.7974539399
24.1 -93.2 1845.1 0.6141327620 0.0960484594 0.7833362222 -0.1770835519 0.9840279818 0.0181766693 -0.7690789104 -0.1498788595 0.6213324070
-14.0 -484.2 1904.6 0.6011676192 0.1965388954 0.7745772600 -0.2497727275 0.9669343829 -0.0514925160 -0.7590856552 -0.1625126451 0.6303797364
160.1 -118.0 1965.4 -0.7137893438 0.2550246119 0.6522784829 0.0248758979 0.9399909973 -0.3402912915 -0.6999185085 -0.2266702801 -0.6772994995
58.8 -491.6 2055.5 -0.7177794576 0.0768711343 0.6920140982 -0.0179664139 0.9915109873 -0.1287755519 -0.6960387230 -0.1048654467 -0.7103050947
108.7 551.2 1868.2 0 0 0 0 0 0 0 0 0
157.9 -235.6 2154.5 0 0 0 0 0 0 0 0 0
-89.0 -853.2 1966.7 0 0 0 0 0 0 0 0 0
29.4 -870.2 2095.5 0 0 0 0 0 0 0 0 0
110.1 479.9 2007.4 20 0.7564828992 0.0410894938 -0.6527214646 -0.1432246417 0.9842069149 -0.1040358469 0.6381381750 0.1721871346 0.7504206896
102.0 285.4 1973.4 0.7564828992 0.0410894938 -0.6527214646 -0.1432246417 0.9842069149 -0.1040358469 0.6381381750 0.1721871346 0.7504206896
93.4 89.5 1941.2 0.7567067742 0.0429639369 -0.6523411274 -0.1379772872 0.9858570099 -0.0951220915 0.6390282512 0.1619877964 0.7519327402
-8.5 305.5 1880.1 -0.2094148099 -0.8923263550 -0.3998738825 -0.1984149069 0.4392116368 -0.8761990070 0.9574847221 -0.1041481122 -0.2690282762
36.8 348.5 1672.8 -0.2690509856 -0.8923263550 0.3624434471 -0.7027813792 0.4392116368 0.5596351624 -0.6585665941 -0.1041481122 -0.7452806234
212.5 265.3 2066.7 -0.2940043211 0.8001663089 -0.5227765441 -0.8613404036 0.0152808968 0.5077983737 0.4143116474 0.5995834470 0.6847229600
130.5 25.0 2182.2 0.0818212852 0.8001663089 -0.5941709280 -0.9931107163 0.0152808968 -0.1161792502 -0.0838832632 0.5995834470 0.7959040403
18.2 -92.9 1847.7 0.6197475195 0.0857544392 0.7801020145 -0.1642227769 0.9861766100 0.0220581833 -0.7674267888 -0.1417810172 0.6252633333
-15.9 -484.8 1904.0 0.6097705960 0.1745595485 0.7731162906 -0.2273620069 0.9729735851 -0.0403602384 -0.7592669725 -0.1511667818 0.6329789162
157.9 -118.4 1963.5 -0.7110168338 0.2463841587 0.6585968733 0.0156419035 0.9419146776 -0.3354877830 -0.7030009627 -0.2282357514 -0.6735711694
60.0 -492.8 2054.2 -0.7145035863 0.0919489786 0.6935632825 -0.0175341070 0.9886613488 -0.1491350383 -0.6994120479 -0.1187185347 -0.7047898173
113.8 549.5 1861.2 0 0 0 0 0 0 0 0 0
151.7 -233.0 2160.4 0 0 0 0 0 0 0 0 0
-82.5 -856.2 1961.7 0 0 0 0 0 0 0 0 0
24.9 -870.3 2099.6 0 0 0 0 0 0 0 0 0
113.4 482.4 2004.1 21 0.7575695515 0.0554983541 -0.6503908634 -0.1468488425 0.9853282571 -0.0869694129 0.6360218525 0.1613945216 0.7546045184
102.4 287.1 1972.1 0.7575695515 0.0554983541 -0.6503908634 -0.1468488425 0.9853282571 -0.0869694129 0.6360218525 0.1613945216 0.7546045184
91.5 91.1 1941.5 0.7578823566 0.0546328351 -0.6500996947 -0.1412484199 0.9865925908 -0.0817556530 0.6369169950 0.1537867188 0.7554378510
-8.3 307.7 1879.1 -0.2074650526 -0.8878256083 -0.4107601643 -0.1883223802 0.4482896328 -0.8738255501 0.9599442482 -0.1039329320 -0.2602018714
36.6 348.5 1671.3 -0.2797021866 -0.8878256083 0.3654207587 -0.7050320506 0.4482896328 0.5495145321 -0.6516874433 -0.1039329320 -0.7513331175
213.1 266.5 2065.1 -0.3017941415 0.8028873205 -0.5140936375 -0.8545734286 0.0112305870 0.5192091465 0.4226400256 0.5960250497 0.6827368140
128.9 28.1 2183.0 0.0704402775 0.8028873205 -0.5919545293 -0.9946053624 0.0112305870 -0.1031217352 -0.0761471316 0.5960250497 0.7993471026
15.5 -93.7 1850.5 0.6166485548 0.0774931535 0.7834151983 -0.1535496861 0.9878697991 0.0231461488 -0.7721185684 -0.1345662028 0.6210675240
-15.3 -486.2 1903.9 0.6050157547 0.1763873100 0.7764299512 -0.2279608697 0.9727051258 -0.0433431417 -0.7628825307 -0.1507723480 0.6287113428
154.2 -119.0 1967.6 -0.7160862684 0.2368041128 0.6566157937 0.0092978347 0.9438469410 -0.3302521706 -0.6979498863 -0.2303839326 -0.6780775785
60.1 -494.1 2059.2 -0.7156591415 0.1017810479 0.6909939647 0.0135206878 0.9911587238 -0.1319909692 -0.6983188391 -0.0851178318 -0.7107079029
116.6 550.1 1857.7 0 0 0 0 0 0 0 0 0
147.2 -230.3 2163.2 0 0 0 0 0 0 0 0 0
-82.7 -857.8 1961.5 0 0 0 0 0 0 0 0 0
21.3 -872.5 2091.7 0 0 0 0 0 0 0 0 0
119.0 481.9 1992.4 22 0.7949937582 0.0705663264 -0.6024991870 -0.1388705224 0.9880060554 -0.0675208271 0.5905081630 0.1373480111 0.7952582240
104.9 285.4 1965.1 0.7949937582 0.0705663264 -0.6024991870 -0.1388705224 0.9880060554 -0.0675208271 0.5905081630 0.1373480111 0.7952582240
91.7 89.0 1939.0 0.7953958511 0.0675207153 -0.6023175120 -0.1331138164 0.9889723063 -0.0649193376 0.5912919044 0.1318133473 0.7956123948
-11.0 304.9 1878.9 -0.1482368410 -0.8909810781 -0.4291602373 -0.1697899848 0.4504401386 -0.8765130043 0.9742675424 -0.0570644028 -0.2180514932
21.0 341.7 1668.0 -0.3220234811 -0.8909810781 0.3200836778 -0.7155097127 0.4504401386 0.5339938998 -0.6199570298 -0.0570644028 -0.7825579643
220.9 266.0 2051.4 -0.2772627473 0.8382757306 -0.4694881439 -0.8457736969 0.0188875534 0.5332073569 0.4558422565 0.5449193120 0.7037547827
143.6 30.2 2178.4 0.0625512823 0.8382757306 -0.5416466594 -0.9961328506 0.0188875534 -0.0858057663 -0.0616985112 0.5449193120 0.8362154365
11.2 -92.0 1852.6 0.5691627264 0.0640020519 0.8197301626 -0.1402291059 0.9899155498 0.0200755801 -0.8101787567 -0.1263763011 0.5723979473
-14.3 -485.3 1902.8 0.5528865457 0.1904842705 0.8111918569 -0.2383173555 0.9690023065 -0.0651106536 -0.7984493375 -0.1573222876 0.5811440349
150.2 -117.9 1969.4 -0.7511734366 0.2367226183 0.6161987185 0.0273808967 0.9438564777 -0.3292190731 -0.6595367789 -0.2304285616 -0.7154815793
56.1 -493.0 2061.0 -0.7539583445 0.0667747110 0.6535196304 -0.0072595100 0.9939128160 -0.1099302918 -0.6568821073 -0.0876270905 -0.7488840818
113.1 546.3 1845.3 0 0 0 0 0 0 0 0 0
159.9 -228.6 2162.4 0 0 0 0 0 0 0 0 0
-87.0 -855.5 1962.9 0 0 0 0 0 0 0 0 0
30.6 -872.4 2094.4 0 0 0 0 0 0 0 0 0
124.8 480.9 1980.6 23 0.7645385861 0.0916693136 -0.6380262375 -0.1343593299 0.9907571077 -0.0186526440 0.6304191351 0.0999854431 0.7697886825
106.5 283.4 1960.7 0.7645385861 0.0916693136 -0.6380262375 -0.1343593299 0.9907571077 -0.0186526440 0.6304191351 0.0999854431 0.7697886825
89.7 86.4 1941.6 0.7652168274 0.0850208029 -0.6381337047 -0.1267493814 0.9917359352 -0.0198588129 0.6311717629 0.0960793570 0.7696694136
-5.2 301.9 1868.6 -0.1949675828 -0.8767020106 -0.4397513270 -0.1274188459 0.4671959579 -0.8749242425 0.9724978805 -0.1145492569 -0.2027964145
37.0 329.5 1658.0 -0.3112434447 -0.8767020106 0.3667711914 -0.7325012088 0.4671959579 0.4951463938 -0.6054498553 -0.1145492569 -0.7875969410
218.2 264.9 2052.8 -0.3179643750 0.8136137724 -0.4867558479 -0.8205634356 0.0210291687 0.5711684227 0.4749465883 0.5810252428 0.6609352231
129.7 36.4 2185.0 0.0405231342 0.8136137724 -0.5799917579 -0.9989664555 0.0210291687 -0.0402964838 -0.0205890294 0.5810252428 0.8136250377
5.6 -95.2 1858.8 0.6054883599 0.0518792197 0.7941614389 -0.1211241484 0.9922555685 0.0275281724 -0.7865830064 -0.1128601208 0.6070830226
-15.0 -489.4 1903.7 0.5842627883 0.2040659189 0.7854897380 -0.2462147027 0.9668243527 -0.0680363178 -0.7733145356 -0.1536480337 0.6151235104
151.2 -119.7 1967.1 -0.7207529545 0.2368920445 0.6514578462 0.0166600626 0.9454425573 -0.3253625929 -0.6929917932 -0.2236527354 -0.6853771806
57.0 -495.4 2055.9 -0.7234879136 0.0756283477 0.6861819029 -0.0145335598 0.9920920134 -0.1246683002 -0.6901840568 -0.1001686677 -0.7166674137
126.1 539.0 1831.2 0 0 0 0 0 0 0 0 0
140.2 -222.9 2179.7 0 0 0 0 0 0 0 0 0
-93.0 -858.8 1962.4 0 0 0 0 0 0 0 0 0
28.2 -874.3 2094.2 0 0 0 0 0 0 0 0 0
133.8 479.2 1969.7 24 0.7798103094 0.1124087572 -0.6158409715 -0.1293535084 0.9914498329 0.0171739645 0.6125059128 0.0662687644 0.7876832485
111.4 281.5 1956.5 0.7798103094 0.1124087572 -0.6158409715 -0.1293535084 0.9914498329 0.0171739645 0.6125059128 0.0662687644 0.7876832485
92.2 84.3 1943.0 0.7809751630 0.0969425738 -0.6169926524 -0.1183124781 0.9929566979 0.0062572467 0.6132535934 0.0681111813 0.7869440317
-2.6 298.8 1867.0 -0.1694737822 -0.8750749230 -0.4533459544 -0.1005598158 0.4729533792 -0.8753301501 0.9803909063 -0.1027571186 -0.1681505591
34.1 320.6 1654.7 -0.3345701396 -0.8750749230 0.3497237861 -0.7445445657 0.4729533792 0.4711353779 -0.5776817799 -0.1027571186 -0.8097683191
225.4 264.2 2046.0 -0.3121559918 0.8293801546 -0.4633435309 -0.8047376871 0.0283786841 0.5929518938 0.5049315691 0.5579634905 0.6585748792
138.4 40.0 2186.6 0.0312345475 0.8293801546 -0.5578109026 -0.9995023608 0.0283786841 -0.0137722064 0.0044075442 0.5579634905 0.8298538327
2.6 -98.9 1864.8 0.5841469169 0.0623704307 0.8092480302 -0.1213930696 0.9925421476 0.0111289816 -0.8025186062 -0.1047380567 0.5873617530
-22.1 -493.3 1906.4 0.5714575648 0.1495271027 0.8068940043 -0.2265571207 0.9737924337 -0.0200033523 -0.7887383103 -0.1713765115 0.5903574824
142.7 -122.0 1980.3 -0.7297849655 0.2340134829 0.6423796415 0.0440523364 0.9537384510 -0.2973925769 -0.6822560430 -0.1887342930 -0.7063328028
49.8 -500.8 2055.2 -0.7355123162 0.0250257850 0.6770489812 -0.0508960970 0.9944528937 -0.0920489803 -0.6755969524 -0.1021623090 -0.7301586270
129.8 533.6 1820.0 0 0 0 0 0 0 0 0 0
146.5 -219.5 2187.8 0 0 0 0 0 0 0 0 0
-79.2 -864.8 1971.8 0 0 0 0 0 0 0 0 0
40.2 -880.2 2094.2 0 0 0 0 0 0 0 0 0
143.4 478.7 1959.7 25 0.7637363672 0.1363672614 -0.6309601665 -0.1260555387 0.9901206493 0.0614093281 0.6331009269 0.0326354913 0.7733809948
116.1 280.1 1953.2 0.7637363672 0.1363672614 -0.6309601665 -0.1260555387 0.9901206493 0.0614093281 0.6331009269 0.0326354913 0.7733809948
92.4 83.1 1946.2 0.7652038336 0.1193584874 -0.6326268315 -0.1146800667 0.9922183156 0.0484899655 0.6334915757 0.0354449786 0.7729372978
4.4 296.9 1860.7 -0.1918527335 -0.8611748219 -0.4707126915 -0.0618043691 0.4892717600 -0.8699387312 0.9794757366 -0.1378080249 -0.1470924914
45.9 310.3 1648.6 -0.3404795527 -0.8611748219 0.3774276078 -0.7565395236 0.4892717600 0.4338906109 -0.5583203435 -0.1378080249 -0.8180998564
227.8 263.3 2045.7 -0.3420367837 0.8182615638 -0.4620160460 -0.7787113190 0.0283726621 0.6267405152 0.5259463191 0.5741454363 0.6274850965
132.6 46.5 2192.2 0.0067520994 0.8182615638 -0.5748063922 -0.9991866946 0.0283726621 0.0286525190 0.0397540443 0.5741454363 0.8177876472
1.4 -102.0 1873.3 0.6014129519 0.0613511577 0.7965792418 -0.1095453575 0.9939627647 0.0061528487 -0.7913926244 -0.0909619629 0.6045027971
-23.0 -496.9 1909.5 0.5909821391 0.1453027576 0.7934905291 -0.1958751678 0.9800537229 -0.0335804634 -0.7825426459 -0.1355796307 0.6076554656
144.5 -123.6 1985.6 -0.7116523981 0.2382989377 0.6608816385 0.0473358221 0.9548411369 -0.2933217883 -0.7009352446 -0.1774597764 -0.6907950640
49.8 -503.0 2056.1 -0.7183648348 0.0364350043 0.6947118044 -0.0473056287 0.9937575459 -0.1010350809 -0.6940562725 -0.1054438204 -0.7121568918
143.3 526.7 1808.3 0 0 0 0 0 0 0 0 0
134.3 -212.8 2202.5 0 0 0 0 0 0 0 0 0
-78.4 -870.9 1961.2 0 0 0 0 0 0 0 0 0
35.9 -882.4 2096.4 0 0 0 0 0 0 0 0 0
155.1 474.7 1950.2 26 0.7734799981 0.1575055867 -0.6139386296 -0.1293551177 0.9874721766 0.0903653651 0.6204804182 0.0095203025 0.7841641903
123.4 276.0 1948.3 0.7734799981 0.1575055867 -0.6139386296 -0.1293551177 0.9874721766 0.0903653651 0.6204804182 0.0095203025 0.7841641903
95.5 79.4 1946.1 0.7753202915 0.1405816674 -0.6157233119 -0.1171468422 0.9900051951 0.0785259381 0.6206086278 0.0112472922 0.7840397954
10.2 293.2 1857.7 -0.1732415855 -0.8534646034 -0.4915134609 -0.0365858413 0.5042918921 -0.8627578616 0.9841995835 -0.1314831078 -0.1185890511
47.7 301.1 1644.7 -0.3673031628 -0.8534646034 0.3697113693 -0.7610375285 0.5042918921 0.4080583155 -0.5347058177 -0.1314831078 -0.8347465992
236.6 258.8 2038.9 -0.3470344543 0.8301969767 -0.4362797439 -0.7596845627 0.0239460953 0.6498507261 0.5499513149 0.5569555759 0.6223777533
139.9 47.2 2192.2 -0.0127467876 0.8301969767 -0.5573243499 -0.9980003834 0.0239460953 0.0584960543 0.0619089901 0.5569555759 0.8282316923
-1.5 -103.4 1881.0 0.5861105919 0.0632456914 0.8077588677 -0.0945924297 0.9954725504 -0.0093068900 -0.8046904206 -0.0709530041 0.5894395709
-26.7 -498.9 1909.2 0.5766043663 0.1317895949 0.8063243032 -0.1835826635 0.9825670719 -0.0293151848 -0.7961311340 -0.1311239004 0.5907467604
138.7 -124.3 1997.1 -0.7203022242 0.2269041836 0.6554992199 0.0640897453 0.9627133608 -0.2628221512 -0.6906933188 -0.1473005861 -0.7079868317
48.6 -506.6 2055.6 -0.7291091681 0.0407347828 0.6831840873 -0.0446299762 0.9932726026 -0.1068538725 -0.6829407215 -0.1083986238 -0.7223861217
152.8 518.8 1797.6 0 0 0 0 0 0 0 0 0
136.6 -211.9 2208.2 0 0 0 0 0 0 0 0 0
-77.0 -874.0 1959.3 0 0 0 0 0 0 0 0 0
33.0 -886.0 2097.0 0 0 0 0 0 0 0 0 0
169.5 472.6 1939.5 27 0.7625526190 0.2037647367 -0.6139978766 -0.1396245658 0.9785698652 0.1513473392 0.6316790581 -0.0296811257 0.7746616006
128.6 276.3 1945.5 0.7625526190 0.2037647367 -0.6139978766 -0.1396245658 0.9785698652 0.1513473392 0.6316790581 -0.0296811257 0.7746616006
93.4 81.0 1951.1 0.7664399147 0.1768749654 -0.6174828410 -0.1195836365 0.9838238955 0.1333804578 0.6310860515 -0.0283872597 0.7751932144
16.7 293.9 1853.3 -0.1808480918 -0.8334407806 -0.5221785307 0.0105708838 0.5292552114 -0.8483968377 0.9834542274 -0.1589508355 -0.0869045928
55.8 291.6 1640.4 -0.3916110098 -0.8334407806 0.3898939490 -0.7686077356 0.5292552114 0.3593480885 -0.5058487654 -0.1589508355 -0.8478512168
240.5 258.7 2037.7 -0.3784447908 0.8269842863 -0.4157842994 -0.7229493856 0.0164309125 0.6907055974 0.5780343413 0.5619849563 0.5916495919
135.2 57.4 2198.6 -0.0500514656 0.8269842863 -0.5599927306 -0.9934524894 0.0164309125 0.1130583510 0.1026986688 0.5619849563 0.8207471967
-3.5 -106.3 1887.0 0.5924026370 0.0654699579 0.8029774427 -0.0897095278 0.9958548546 -0.0150121385 -0.8006318212 -0.0631414950 0.5958203077
-29.5 -502.1 1912.1 0.5828100443 0.1285215467 0.8023806214 -0.1841509789 0.9826138020 -0.0236321911 -0.7914675474 -0.1339861006 0.5963445902
138.7 -127.8 2000.8 -0.7123517990 0.2275270224 0.6639174819 0.0640625656 0.9631214738 -0.2613292933 -0.6988926530 -0.1436261386 -0.7006572485
48.3 -510.5 2057.8 -0.7201537490 0.0496087857 0.6920387149 -0.0291158240 0.9944009781 -0.1015823185 -0.6932033300 -0.0933041647 -0.7146771550
167.8 511.4 1785.1 0 0 0 0 0 0 0 0 0
122.2 -200.2 2225.2 0 0 0 0 0 0 0 0 0
-78.6 -877.4 1963.3 0 0 0 0 0 0 0 0 0
29.3 -890.3 2093.5 0 0 0 0 0 0 0 0 0
184.4 464.6 1919.6 28 0.7964339256 0.2308841497 -0.5589145422 -0.1416237205 0.9697550535 0.1987909079 0.5879079103 -0.0791682750 0.8050445318
138.0 269.5 1935.6 0.7964339256 0.2308841497 -0.5589145422 -0.1416237205 0.9697550535 0.1987909079 0.5879079103 -0.0791682750 0.8050445318
97.0 76.0 1949.7 0.7995780706 0.2076051086 -0.5635379553 -0.1276743561 0.9756618142 0.1782786250 0.5868340135 -0.0705983415 0.8066236377
21.5 288.4 1850.0 -0.1192115918 -0.8234976530 -0.5546532869 0.0463911630 0.5534069538 -0.8316180706 0.9917844534 -0.1248695254 -0.0277695078
47.3 278.4 1635.3 -0.4476540983 -0.8234976530 0.3485074639 -0.7690718770 0.5534069538 0.3197955489 -0.4562173188 -0.1248695254 -0.8810637593
254.5 250.6 2021.1 -0.3646430373 0.8603838682 -0.3560548127 -0.6920763850 0.0053941091 0.7218041420 0.6229492426 0.5096179843 0.5934844017
153.0 58.1 2194.5 -0.0756603032 0.8603838682 -0.5039991140 -0.9875116944 0.0053941091 0.1574535221 0.1381890923 0.5096179843 0.8492310047
-12.0 -103.2 1898.8 0.5434780121 0.0543868989 0.8376596570 -0.0669288114 0.9975294471 -0.0213430356 -0.8367509842 -0.0444640927 0.5457753539
-33.6 -499.5 1916.5 0.5372018814 0.1108794957 0.8361338973 -0.1342823058 0.9899208546 -0.0449990444 -0.8326958418 -0.0881044120 0.5466765165
128.6 -125.0 2014.5 -0.7474608421 0.2148634195 0.6285984516 0.0856630057 0.9695233703 -0.2295350283 -0.6587595344 -0.1177208200 -0.7430865765
43.2 -510.1 2061.3 -0.7562440038 0.0200197082 0.6539833546 -0.0421660021 0.9959627390 -0.0792476907 -0.6529296041 -0.0875064507 -0.7523466945
175.3 498.4 1765.8 0 0 0 0 0 0 0 0 0
133.4 -198.0 2230.3 0 0 0 0 0 0 0 0 0
-75.9 -877.3 1950.1 0 0 0 0 0 0 0 0 0
35.6 -890.5 2094.7 0 0 0 0 0 0 0 0 0
199.2 455.8 1909.7 29 0.7830123305 0.2664574385 -0.5620428324 -0.1547825187 0.9586426020 0.2388444990 0.6024401188 -0.1000237763 0.7918719053
145.8 264.0 1929.7 0.7830123305 0.2664574385 -0.5620428324 -0.1547825187 0.9586426020 0.2388444990 0.6024401188 -0.1000237763 0.7918719053
96.7 72.7 1949.0 0.7864360213 0.2481564134 -0.5656296015 -0.1419922858 0.9638530016 0.2254451960 0.6011294723 -0.0969831720 0.7932450175
31.2 284.9 1841.9 -0.1293685287 -0.7985990644 -0.5877953172 0.0813839659 0.5822256207 -0.8089437485 0.9882512093 -0.1524889767 -0.0103285117
59.2 267.3 1628.0 -0.4730836451 -0.7985990644 0.3720637262 -0.7638670802 0.5822256207 0.2784248888 -0.4389748871 -0.1524889767 -0.8854649663
260.5 243.1 2017.5 -0.4008685052 0.8536383510 -0.3325747848 -0.6569929123 -0.0148651181 0.7537502050 0.6384863257 0.5206539631 0.5667932630
149.0 60.3 2195.2 -0.1183391958 0.8536383510 -0.5072448850 -0.9789871573 -0.0148651181 0.2033793330 0.1660721451 0.5206539631 0.8374601603
-17.2 -105.7 1910.1 0.5551174283 0.0461193807 0.8304924369 -0.0496052727 0.9985200763 -0.0222932491 -0.8302915096 -0.0288214330 0.5565836430
-35.5 -502.4 1921.6 0.5490493178 0.1099791527 0.8285224438 -0.1154043078 0.9917851090 -0.0551741533 -0.8277841806 -0.0653217286 0.5572310090
129.2 -129.3 2017.6 -0.7369030714 0.2221762091 0.6384447217 0.0888816267 0.9680919051 -0.2343035340 -0.6701297760 -0.1159129813 -0.7331372499
40.9 -513.9 2063.6 -0.7445096970 -0.0029677120 0.6676050425 -0.0578134991 0.9965201616 -0.0600434765 -0.6651036739 -0.0832995325 -0.7420904636
194.5 485.8 1753.6 0 0 0 0 0 0 0 0 0
118.3 -193.5 2238.2 0 0 0 0 0 0 0 0 0
-77.5 -881.0 1946.5 0 0 0 0 0 0 0 0 0
42.0 -894.5 2095.5 0 0 0 0 0 0 0 0 0
214.7 446.1 1890.7 30 0.7692486644 0.3041789830 -0.5619000793 -0.1460296810 0.9398326874 0.3088524640 0.6220384836 -0.1555302441 0.7673841715
153.9 258.4 1921.8 0.7692486644 0.3041789830 -0.5619000793 -0.1460296810 0.9398326874 0.3088524640 0.6220384836 -0.1555302441 0.7673841715
97.9 70.3 1950.8 0.7727873325 0.2825176418 -0.5683164001 -0.1346427500 0.9480552077 0.2882058918 0.6202185750 -0.1462021917 0.7706840038
41.1 278.3 1831.2 -0.1399836093 -0.7759075761 -0.6151195765 0.1406431943 0.5993562341 -0.7880302072 0.9801143408 -0.1968236864 0.0252260603
71.5 247.8 1619.0 -0.4930748343 -0.7759075761 0.3935030699 -0.7707985044 0.5993562341 0.2159669995 -0.4034189582 -0.1968236864 -0.8935958743
266.7 238.5 2012.4 -0.4326078892 0.8451974392 -0.3138338923 -0.6063675284 -0.0151548656 0.7950400710 0.6672097445 0.5342392921 0.5190563798
146.5 69.9 2197.9 -0.1548708826 0.8451974392 -0.5115234852 -0.9636550546 -0.0151548656 0.2667194009 0.2176784873 0.5342392921 0.8168258667
-24.5 -105.3 1913.1 0.5686839223 0.0430175178 0.8214305043 -0.0451854169 0.9987574220 -0.0210216772 -0.8213140965 -0.0251619909 0.5699210167
-41.6 -502.2 1923.1 0.5661347508 0.0562056787 0.8223943114 -0.1152122766 0.9932751656 0.0114275655 -0.8162215352 -0.1012194604 0.5688031316
119.6 -131.4 2023.3 -0.7241947651 0.2013845146 0.6595348716 0.0760499611 0.9738979340 -0.2138673514 -0.6853892207 -0.1047240123 -0.7206070423
39.6 -518.2 2064.9 -0.7308232188 0.0105364835 0.6824854612 -0.0447517447 0.9969898462 -0.0633132607 -0.6810981631 -0.0768132135 -0.7281517982
212.5 468.3 1734.4 0 0 0 0 0 0 0 0 0
106.3 -179.7 2254.3 0 0 0 0 0 0 0 0 0
-63.0 -880.8 1961.7 0 0 0 0 0 0 0 0 0
35.5 -899.1 2094.3 0 0 0 0 0 0 0 0 0
228.8 430.9 1872.2 31 0.8102594614 0.3309409320 -0.4836918116 -0.1699773222 0.9225366116 0.3464590311 0.5608808994 -0.1985050589 0.8037464619
162.7 246.6 1911.9 0.8102594614 0.3309409320 -0.4836918116 -0.1699773222 0.9225366116 0.3464590311 0.5608808994 -0.1985050589 0.8037464619
101.9 61.7 1949.3 0.8147737384 0.3081511855 -0.4911074936 -0.1568730026 0.9326359034 0.3249325752 0.5581527948 -0.1877050400 0.8082278371
44.1 269.8 1830.5 -0.0534744188 -0.7642413974 -0.6427095532 0.1628711671 0.6283362508 -0.7607013583 0.9851971865 -0.1453569233 0.0908729658
55.7 234.6 1617.3 -0.5555332899 -0.7642413974 0.3275940716 -0.7558522224 0.6283362508 0.1840678155 -0.3465114832 -0.1453569233 -0.9267152548
281.2 223.5 1993.3 -0.3993695080 0.8850588799 -0.2391125709 -0.5775325894 -0.0403174683 0.8153714538 0.7120113373 0.4637297988 0.5272518992
170.2 62.9 2191.2 -0.1743016988 0.8850588799 -0.4316129684 -0.9524653554 -0.0403174683 0.3019672930 0.2498572767 0.4637297988 0.8500152826
-29.0 -105.2 1922.8 0.5003185868 0.0380281843 0.8650058508 -0.0322422534 0.9991604090 -0.0252771210 -0.8652408719 -0.0152431242 0.5011246204
-44.1 -502.3 1928.9 0.4973624051 0.0586325713 0.8655592799 -0.1052513197 0.9944218397 -0.0068827849 -0.8611345887 -0.0876780227 0.5007591844
112.6 -129.8 2036.5 -0.7726740241 0.1934303045 0.6046152711 0.1017496139 0.9778687358 -0.1828107387 -0.6265954971 -0.0797337368 -0.7752552032
35.8 -518.2 2068.2 -0.7803924084 -0.0059406064 0.6252618432 -0.0464590117 0.9977418184 -0.0485061891 -0.6235617399 -0.0669029132 -0.7789061069
214.6 450.8 1716.4 0 0 0 0 0 0 0 0 0
125.0 -184.0 2255.9 0 0 0 0 0 0 0 0 0
-66.5 -881.8 1962.4 0 0 0 0 0 0 0 0 0
38.0 -899.3 2093.7 0 0 0 0 0 0 0 0 0
242.4 413.8 1850.0 32 0.8223624229 0.3626766205 -0.4383898675 -0.1761884391 0.8949587345 0.4098859727 0.5409969091 -0.2598356009 0.7998798490
169.8 234.8 1902.0 0.8223624229 0.3626766205 -0.4383898675 -0.1761884391 0.8949587345 0.4098859727 0.5409969091 -0.2598356009 0.7998798490
102.5 55.1 1951.2 0.8270168900 0.3409346342 -0.4469974041 -0.1642686129 0.9069697857 0.3878422678 0.5376420021 -0.2473244369 0.8060841560
49.4 259.2 1823.5 -0.0105951875 -0.7413004637 -0.6710897088 0.2156603038 0.6536388993 -0.7254287601 0.9764109850 -0.1524134576 0.1529436558
51.7 212.5 1612.2 -0.5997337103 -0.7413004637 0.3013189733 -0.7470397353 0.6536388993 0.1211934239 -0.2867945135 -0.1524134576 -0.9457901716
290.2 210.4 1980.5 -0.3974868059 0.8988785744 -0.1844491512 -0.5209915042 -0.0556058884 0.8517487049 0.7553622127 0.4346553087 0.4904107451
179.7 65.7 2190.3 -0.2055235058 0.8988785744 -0.3870107830 -0.9295464754 -0.0556058884 0.3644877672 0.3061101735 0.4346553087 0.8469777703
-33.3 -108.7 1935.7 0.4716709256 0.0314293951 0.8812143803 -0.0106122037 0.9994945526 -0.0299677830 -0.8817107677 0.0047833058 0.4717660248
-45.8 -505.8 1933.8 0.4667310417 0.0831301883 0.8804836869 -0.0858987793 0.9951265454 -0.0484204628 -0.8802179098 -0.0530331396 0.4715972543
115.5 -137.7 2037.8 -0.7840399742 0.2207737416 0.5801208615 0.1286312342 0.9721096158 -0.1961043775 -0.6072357893 -0.0791320056 -0.7905712128
27.8 -523.7 2069.2 -0.7859845161 -0.0894298926 0.6117439270 -0.1173129082 0.9930794835 -0.0055499333 -0.6070140004 -0.0761276186 -0.7910363674
223.3 426.2 1694.2 0 0 0 0 0 0 0 0 0
126.5 -175.0 2269.5 0 0 0 0 0 0 0 0 0
-77.5 -885.5 1954.0 0 0 0 0 0 0 0 0 0
61.9 -901.8 2098.2 0 0 0 0 0 0 0 0 0
254.3 396.8 1829.4 33 0.8228084445 0.3893309534 -0.4140141010 -0.1723741889 0.8651369810 0.4709831774 0.5415472388 -0.3161635995 0.7789525986
176.5 223.9 1892.6 0.8228084445 0.3893309534 -0.4140141010 -0.1723741889 0.8651369810 0.4709831774 0.5415472388 -0.3161635995 0.7789525986
103.7 49.6 1952.6 0.8275946379 0.3678093255 -0.4240323603 -0.1613463014 0.8794049621 0.4478998482 0.5376379490 -0.3022634387 0.7871354818
55.9 247.8 1814.0 0.0084568327 -0.7210009098 -0.6928824782 0.2710071504 0.6686275005 -0.6924538612 0.9625402093 -0.1819201410 0.2010508627
54.1 189.2 1605.7 -0.6276423931 -0.7210009098 0.2936370671 -0.7414085269 0.6686275005 0.0570147485 -0.2374414951 -0.1819201410 -0.9542151690
297.1 199.9 1971.1 -0.4059882164 0.9015570879 -0.1495606303 -0.4629080296 -0.0617664233 0.8842517138 0.7879655361 0.4282285869 0.4424144626
184.3 71.4 2190.0 -0.2331322730 0.9015570879 -0.3644779027 -0.9031342864 -0.0617664233 0.4248921275 0.3605520129 0.4282285869 0.8286268711
-40.4 -109.3 1951.1 0.4648297429 0.0304021593 0.8848779798 0.0187169742 0.9988495708 -0.0441500321 -0.8852022290 0.0370844863 0.4637259543
-52.5 -506.0 1936.4 0.4607481062 0.0677215308 0.8849434853 -0.0660072267 0.9969379902 -0.0419252366 -0.8850730062 -0.0390956886 0.4638074040
110.9 -139.7 2049.6 -0.7808347940 0.2233163863 0.5834610462 0.1441100389 0.9731271267 -0.1795991510 -0.6078892350 -0.0561546646 -0.7920336723
22.2 -526.2 2071.9 -0.7743707299 -0.1486875266 0.6150138378 -0.1837290525 0.9829567075 0.0063071530 -0.6054697633 -0.1081118360 -0.7884911299
233.6 401.2 1673.6 0 0 0 0 0 0 0 0 0
124.0 -162.4 2283.3 0 0 0 0 0 0 0 0 0
-78.3 -886.6 1951.3 0 0 0 0 0 0 0 0 0
78.8 -900.3 2113.0 0 0 0 0 0 0 0 0 0
265.5 381.2 1810.6 34 0.8432852626 0.4093717337 -0.3482595384 -0.2047694027 0.8438072205 0.4960432649 0.4969299734 -0.3469930887 0.7953969836
183.7 212.5 1880.0 0.8432852626 0.4093717337 -0.3482595384 -0.2047694027 0.8438072205 0.4960432649 0.4969299734 -0.3469930887 0.7953969836
107.0 42.4 1947.0 0.8496096730 0.3882066607 -0.3570140600 -0.1912779063 0.8576321602 0.4773676097 0.4915040135 -0.3372872174 0.8029079437
60.0 240.7 1808.2 0.0767022818 -0.6999963522 -0.7100153565 0.2834922373 0.6980329752 -0.6575576663 0.9559021592 -0.1508476734 0.2519842684
43.4 179.3 1601.3 -0.6727430224 -0.6999963522 0.2396286428 -0.7154114842 0.6980329752 0.0305992234 -0.1886880398 -0.1508476734 -0.9703822732
307.3 184.2 1951.7 -0.3788942397 0.9215747714 -0.0844932869 -0.4338673055 -0.0962471515 0.8958212137 0.8174339533 0.3760803640 0.4363086522
202.0 63.6 2179.0 -0.2511140108 0.9215747714 -0.2960434258 -0.8865939379 -0.0962471515 0.4524241984 0.3884493709 0.3760803640 0.8412315845
-44.8 -109.6 1963.3 0.4156862199 0.0250128414 0.9091640711 0.0441947654 0.9978854060 -0.0476603806 -0.9084336758 0.0599920563 0.4137018025
-54.7 -505.9 1939.4 0.4109484553 0.0657413304 0.9092851281 -0.0658692494 0.9969308972 -0.0423087291 -0.9092758894 -0.0425072201 0.4140175283
106.8 -139.3 2061.8 -0.8092874289 0.2174627185 0.5456774235 0.1651657075 0.9757137895 -0.1438850760 -0.5637146235 -0.0263171867 -0.8255502582
20.5 -526.8 2072.2 -0.7992321849 -0.1796799749 0.5735355020 -0.2091872692 0.9777634144 0.0148121621 -0.5634434819 -0.1081379727 -0.8190467954
235.8 384.0 1655.3 0 0 0 0 0 0 0 0 0
136.9 -166.2 2279.7 0 0 0 0 0 0 0 0 0
-79.8 -886.7 1955.7 0 0 0 0 0 0 0 0 0
88.9 -899.5 2113.5 0 0 0 0 0 0 0 0 0
273.8 365.3 1793.7 35 0.8467313647 0.4367778897 -0.3037615716 -0.2279928327 0.8137733340 0.5345953703 0.4806924760 -0.3834032118 0.7886296511
186.7 203.0 1870.1 0.8467313647 0.4367778897 -0.3037615716 -0.2279928327 0.8137733340 0.5345953703 0.4806924760 -0.3834032118 0.7886296511
104.3 38.9 1944.7 0.8537502885 0.4166692197 -0.3122453690 -0.2144914865 0.8278786540 0.5182763338 0.4744510651 -0.3755045831 0.7961736917
62.4 234.6 1800.8 0.1164765954 -0.6718822718 -0.7314419746 0.3096182048 0.7243188024 -0.6160347462 0.9437000155 -0.1547141373 0.2923931777
37.2 167.6 1596.5 -0.7093316317 -0.6718822718 0.2131263614 -0.6893777251 0.7243188024 -0.0109815495 -0.1469931304 -0.1547141373 -0.9769629240
311.0 171.4 1939.4 -0.3746106923 0.9266548157 -0.0312679708 -0.3896598518 -0.1267443299 0.9121957421 0.8413275480 0.3539021611 0.4085599482
206.8 63.0 2173.4 -0.2797342241 0.9266548157 -0.2511167526 -0.8613991141 -0.1267443299 0.4918611944 0.4239579439 0.3539021611 0.8336743712
-47.4 -109.8 1969.0 0.3937212229 0.0214865878 0.9189787507 0.0482734926 0.9978640079 -0.0440129787 -0.9179614782 0.0616911575 0.3918429911
-55.9 -506.3 1944.5 0.3893432915 0.0682825372 0.9185582995 -0.0361700282 0.9976126552 -0.0588280223 -0.9203822613 -0.0103199836 0.3908835649
108.0 -145.1 2059.1 -0.8202540278 0.2238411903 0.5263824463 0.1701118499 0.9740740061 -0.1491367370 -0.5461183786 -0.0327861235 -0.8370661736
19.1 -532.1 2072.1 -0.8133016825 -0.1808823645 0.5530116558 -0.2223453075 0.9749342203 -0.0081108669 -0.5376828909 -0.1295561343 -0.8331339955
240.1 364.8 1638.6 0 0 0 0 0 0 0 0 0
134.3 -160.2 2283.3 0 0 0 0 0 0 0 0 0
-82.0 -887.3 1948.5 0 0 0 0 0 0 0 0 0
88.1 -904.1 2121.5 0 0 0 0 0 0 0 0 0
281.8 350.6 1776.2 36 0.8393357396 0.4583562911 -0.2922755778 -0.2205633670 0.7785489559 0.5875485539 0.4968574345 -0.4286852181 0.7545605898
190.5 195.6 1861.6 0.8393357396 0.4583562911 -0.2922755778 -0.2205633670 0.7785489559 0.5875485539 0.4968574345 -0.4286852181 0.7545605898
103.3 37.8 1944.4 0.8453827500 0.4398960471 -0.3030173182 -0.2099684477 0.7952745557 0.5687280297 0.4911631942 -0.4171687961 0.7646756768
67.3 226.4 1789.8 0.1193825305 -0.6521299481 -0.7486483455 0.3575746715 0.7316812873 -0.5803299546 0.9262225032 -0.1984164417 0.3205350935
41.4 149.0 1589.3 -0.7260900140 -0.6521299481 0.2179904729 -0.6780748963 0.7316812873 -0.0696918666 -0.1140513942 -0.1984164417 -0.9734594226
313.8 164.7 1933.4 -0.3899193406 0.9208032489 -0.0091779800 -0.3330628574 -0.1317312419 0.9336573482 0.8585057259 0.3671078980 0.3580499291
205.4 72.1 2172.1 -0.3051221967 0.9208032489 -0.2429439723 -0.8295847178 -0.1317312419 0.5426195860 0.4676426053 0.3671078980 0.8040784597
-56.1 -105.4 1975.8 0.4014768302 0.0032021422 0.9158635736 0.0574359670 0.9979375601 -0.0286666583 -0.9140664339 0.0641125068 0.4004648924
-57.4 -501.9 1950.3 0.3983497620 0.0598241650 0.9152805805 -0.0098810224 0.9980927110 -0.0609364659 -0.9171803594 0.0152301192 0.3981811404
100.1 -144.9 2062.8 -0.8131460547 0.2129493356 0.5417066216 0.1588649452 0.9765329957 -0.1454138607 -0.5599601865 -0.0321845263 -0.8278941512
15.5 -532.9 2075.6 -0.7928020954 -0.2131369263 0.5709969401 -0.2385825217 0.9706258178 0.0310465340 -0.5608415008 -0.1116161272 -0.8203649521
249.1 343.0 1621.9 0 0 0 0 0 0 0 0 0
126.3 -142.8 2293.3 0 0 0 0 0 0 0 0 0
-80.2 -883.0 1944.5 0 0 0 0 0 0 0 0 0
96.8 -903.3 2118.2 0 0 0 0 0 0 0 0 0
289.7 335.8 1763.5 37 0.8294093609 0.4770211577 -0.2907419503 -0.2087555379 0.7473956943 0.6307303309 0.5181710124 -0.4624396563 0.7194778323
194.1 186.0 1856.2 0.8294093609 0.4770211577 -0.2907419503 -0.2087555379 0.7473956943 0.6307303309 0.5181710124 -0.4624396563 0.7194778323
103.5 33.7 1945.6 0.8363553286 0.4565926492 -0.3033692241 -0.1974871457 0.7672024965 0.6102451682 0.5113790631 -0.4504702985 0.7318250537
72.1 214.9 1781.4 0.1139077768 -0.6387412548 -0.7609432936 0.4013110995 0.7302424312 -0.5528972745 0.9088313580 -0.2423956841 0.3395142257
47.4 128.1 1584.7 -0.7347816825 -0.6387412548 0.2282662988 -0.6723865867 0.7302424312 -0.1210053191 -0.0893986374 -0.2423956841 -0.9660497904
316.1 157.0 1931.0 -0.4055062532 0.9140918255 0.0009155674 -0.2842693031 -0.1270583868 0.9502879381 0.8687667251 0.3850874305 0.3113712072
203.4 77.9 2172.6 -0.3235836029 0.9140918255 -0.2443968505 -0.8008952141 -0.1270583868 0.5851691961 0.5038457513 0.3850874305 0.7732057571
-61.2 -100.4 1982.0 0.4131912887 -0.0095542092 0.9105941653 0.0727499649 0.9970952868 -0.0225492269 -0.9077336788 0.0755628347 0.4126861393
-57.4 -496.6 1952.0 0.4093154967 0.0620436184 0.9102809429 -0.0152844088 0.9980115294 -0.0611504614 -0.9122648835 0.0111167263 0.4094499052
93.7 -138.9 2072.1 -0.7996852994 0.2047076225 0.5644450784 0.1624105424 0.9787888527 -0.1248805597 -0.5780365467 -0.0081933215 -0.8159697652
12.3 -527.8 2075.4 -0.7809875011 -0.2084332258 0.5887394547 -0.2414719015 0.9701319933 0.0231362116 -0.5759773254 -0.1240949482 -0.8079916835
257.6 320.4 1610.3 0 0 0 0 0 0 0 0 0
119.5 -129.6 2303.2 0 0 0 0 0 0 0 0 0
-81.1 -877.8 1947.8 0 0 0 0 0 0 0 0 0
91.9 -898.2 2122.7 0 0 0 0 0 0 0 0 0
296.3 322.0 1757.6 38 0.8259842992 0.4930641055 -0.2731989920 -0.2214907259 0.7295644879 0.6470529437 0.5183548927 -0.4739445150 0.7118179798
197.6 175.8 1852.5 0.8259842992 0.4930641055 -0.2731989920 -0.2214907259 0.7295644879 0.6470529437 0.5183548927 -0.4739445150 0.7118179798
103.4 27.6 1945.1 0.8333644867 0.4743623734 -0.2836968899 -0.2102285624 0.7467269301 0.6310331821 0.5111824870 -0.4662394524 0.7220202088
76.0 206.6 1777.8 0.1288122684 -0.6205393672 -0.7735232711 0.4143978655 0.7423346639 -0.5265107751 0.9009338617 -0.2527253330 0.3527719975
48.1 116.9 1582.8 -0.7525906563 -0.6205393672 0.2203138173 -0.6543145180 0.7423346639 -0.1442627609 -0.0740258694 -0.2527253330 -0.9647020698
319.2 145.1 1927.3 -0.4084434211 0.9123763442 0.0272639338 -0.2577905357 -0.1439551413 0.9554166198 0.8756243587 0.3832052648 0.2939995527
205.5 73.3 2171.1 -0.3418276310 0.9123763442 -0.2252181619 -0.7829645276 -0.1439551413 0.6051805019 0.5197311044 0.3832052648 0.7635661960
-63.8 -100.2 1988.0 0.4106183648 -0.0131225931 0.9117128849 0.0869804844 0.9959002733 -0.0248400457 -0.9076491594 0.0895010084 0.4100763500
-58.5 -495.9 1952.4 0.4067342877 0.0582361259 0.9116884470 -0.0191175099 0.9982901216 -0.0552390479 -0.9133464694 0.0050384025 0.4071521461
89.6 -136.3 2081.7 -0.8001538515 0.1901426911 0.5688581467 0.1627725512 0.9816671610 -0.0991701409 -0.5772858262 0.0132431230 -0.8164347410
14.0 -526.3 2076.4 -0.7780348063 -0.2199606001 0.5884549022 -0.2531520724 0.9670560360 0.0267702751 -0.5749573112 -0.1281403899 -0.8080867529
263.3 304.1 1604.0 0 0 0 0 0 0 0 0 0
116.8 -129.8 2305.9 0 0 0 0 0 0 0 0 0
-80.8 -877.3 1950.5 0 0 0 0 0 0 0 0 0
98.0 -895.7 2125.4 0 0 0 0 0 0 0 0 0
300.8 307.4 1744.2 39 0.8334422708 0.5020233393 -0.2309687287 -0.2366804779 0.7019736171 0.6717256904 0.4993559122 -0.5051787496 0.7038736343
200.1 166.8 1845.4 0.8334422708 0.5020233393 -0.2309687287 -0.2366804779 0.7019736171 0.6717256904 0.4993559122 -0.5051787496 0.7038736343
103.9 23.4 1943.3 0.8397110701 0.4852414131 -0.2437747121 -0.2276380360 0.7221084237 0.6532536745 0.4930174947 -0.4930519462 0.7168218493
77.7 200.1 1773.4 0.1662747264 -0.6030772924 -0.7801605463 0.4266995192 0.7572692037 -0.4944399297 0.8889770508 -0.2506812513 0.3832475245
41.7 107.7 1580.9 -0.7748557329 -0.6030772924 0.1894633025 -0.6307820678 0.7572692037 -0.1692846864 -0.0413829796 -0.2506812513 -0.9671847820
322.6 133.4 1917.5 -0.3924006522 0.9174730778 0.0653062388 -0.2282686681 -0.1659173965 0.9593564868 0.8910191655 0.3615447283 0.2745364308
213.3 69.8 2165.7 -0.3520826399 0.9174730778 -0.1851512492 -0.7617146373 -0.1659173965 0.6263083816 0.5439012647 0.3615447283 0.7572693229
-67.1 -101.2 1990.7 0.3885650933 -0.0197462160 0.9212096930 0.0965511054 0.9951390624 -0.0193942357 -0.9163487554 0.0964797363 0.3885827959
-59.3 -496.6 1952.4 0.3850066960 0.0526713543 0.9214095473 -0.0271682013 0.9985842705 -0.0457308553 -0.9225138426 -0.0074263555 0.3858925998
85.7 -139.7 2084.5 -0.8142701387 0.1774603575 0.5526952147 0.1561240405 0.9839926362 -0.0859289989 -0.5590969920 0.0163195990 -0.8289416432
15.2 -530.6 2078.0 -0.7951796651 -0.2101026773 0.5688111782 -0.2403820306 0.9704198837 0.0223992020 -0.5566918254 -0.1189206019 -0.8221630454
263.3 288.1 1592.8 0 0 0 0 0 0 0 0 0
122.0 -127.8 2306.8 0 0 0 0 0 0 0 0 0
-79.4 -878.2 1955.2 0 0 0 0 0 0 0 0 0
95.5 -901.4 2123.4 0 0 0 0 0 0 0 0 0
307.0 294.4 1736.0 40 0.8349938393 0.5150264502 -0.1937343925 -0.2601192296 0.6797013283 0.6858163476 0.4848951101 -0.5222584009 0.7015147209
204.2 158.7 1840.2 0.8349938393 0.5150264502 -0.1937343925 -0.2601192296 0.6797013283 0.6858163476 0.4848951101 -0.5222584009 0.7015147209
104.6 20.0 1941.5 0.8400809169 0.5018357038 -0.2059732080 -0.2532240748 0.6985785961 0.6692276001 0.4797307551 -0.5100479722 0.7139394283
81.7 195.8 1770.1 0.1987242699 -0.5796402097 -0.7902694941 0.4295476675 0.7762897611 -0.4613707662 0.8809071779 -0.2477728426 0.4032507241
38.7 102.8 1579.4 -0.7980676889 -0.5796402097 0.1646365076 -0.6022404432 0.7762897611 -0.1862274110 -0.0198607389 -0.2477728426 -0.9686145782
326.7 121.6 1910.3 -0.3832831383 0.9175774455 0.1055733487 -0.2043948770 -0.1957313418 0.9591203928 0.9007312655 0.3460360169 0.2625686228
219.9 64.7 2161.3 -0.3691797853 0.9175774455 -0.1475058496 -0.7424566746 -0.1957313418 0.6406616569 0.5589851141 0.3460360169 0.7535215020
-69.3 -99.0 1996.0 0.3742163181 -0.0229243208 0.9270580411 0.0956041440 0.9953212738 -0.0139792403 -0.9224001169 0.0938618481 0.3746571243
-60.2 -494.5 1958.7 0.3713727891 0.0477002934 0.9272577167 0.0014141898 0.9986492395 -0.0519392304 -0.9284827709 0.0206001345 0.3708037138
84.6 -140.7 2086.4 -0.8230249286 0.1792426109 0.5389824510 0.1577571034 0.9837046266 -0.0862435400 -0.5456580520 0.0140477289 -0.8378902078
13.4 -531.6 2080.8 -0.7985150218 -0.2316313833 0.5556263328 -0.2629836798 0.9644982815 0.0241379142 -0.5414917469 -0.1268461645 -0.8310816884
266.9 275.0 1585.1 0 0 0 0 0 0 0 0 0
124.1 -128.0 2306.4 0 0 0 0 0 0 0 0 0
-78.4 -875.9 1950.8 0 0 0 0 0 0 0 0 0
101.9 -900.0 2129.3 0 0 0 0 0 0 0 0 0
314.0 282.8 1731.9 41 0.8254287243 0.5350461006 -0.1799806356 -0.2689434886 0.6530490518 0.7079522014 0.4963232577 -0.5359594822 0.6829426289
207.4 152.8 1838.6 0.8254287243 0.5350461006 -0.1799806356 -0.2689434886 0.6530490518 0.7079522014 0.4963232577 -0.5359594822 0.6829426289
104.6 18.7 1942.7 0.8330107927 0.5180702209 -0.1941552013 -0.2593771815 0.6756696105 0.6900681257 0.4886885285 -0.5244747996 0.6972156763
85.9 190.7 1767.2 0.2048675120 -0.5623739362 -0.8011022806 0.4459683299 0.7822006941 -0.4350566566 0.8712872863 -0.2681372762 0.4110485017
41.5 94.2 1578.5 -0.8104939461 -0.5623739362 0.1638141870 -0.5856830478 0.7822006941 -0.2124557197 -0.0086560119 -0.2681372762 -0.9633418322
329.0 114.9 1910.0 -0.3906196952 0.9120066762 0.1251402497 -0.1747884154 -0.2069472969 0.9626119733 0.9038059711 0.3541421294 0.2402458787
220.1 66.2 2161.9 -0.3868077397 0.9120066762 -0.1364683807 -0.7211809754 -0.2069472969 0.6611133218 0.5746980309 0.3541421294 0.7377706766
