26.2 476.1 2001.8 97 0.5882270336 0.1633060724 -0.7920354009 -0.1156353951 0.9863193035 0.1174847409 0.8003857732 0.0224796273 0.5990636349
-6.4 279.7 1997.3 0.5882270336 0.1633060724 -0.7920354009 -0.1156353951 0.9863193035 0.1174847409 0.8003857732 0.0224796273 0.5990636349
-36.3 83.3 1993.5 0.5898000002 0.1506339610 -0.7933759689 -0.1057413071 0.9883958101 0.1090526655 0.8005964756 0.0195733495 0.5988840461
-89.3 294.6 1884.7 0.2030136138 -0.8694132566 -0.4504509568 0.9587593079 0.2699496448 -0.0889255628 0.1989121288 -0.4138209522 0.8883615136
-153.2 -7.3 1822.1 -0.0907188281 -0.8694132566 -0.4856857955 0.7360929251 0.2699496448 -0.6207208633 0.6707736254 -0.4138209522 0.6154794693
76.6 264.8 2109.9 -0.1042544097 -0.2423619926 -0.9645681381 -0.9914512634 -0.0511814952 0.1200201511 -0.0784563646 0.9688349366 -0.2349542081
49.4 6.6 2089.5 0.6820759177 -0.2423619926 -0.6899515390 -0.7191524506 -0.0511814952 -0.6929647923 0.1326355785 0.9688349366 -0.2092048824
-117.0 -105.3 1915.4 0.9500973225 -0.0225117151 0.3111403883 0.0335213542 0.9989851713 -0.0300818477 -0.3101474345 0.0390105285 0.9498877525
-108.0 -504.8 1899.8 0.9505560994 0.0108629689 0.3103629053 -0.0110042831 0.9999386072 -0.0012956247 -0.3103578985 -0.0021837570 0.9506172538
-6.5 -121.4 2062.3 0.6635729074 -0.0705993026 -0.7447729111 -0.0004862357 0.9954962730 -0.0947993621 0.7481114268 0.0632684231 0.6605500579
21.5 -517.1 2037.2 0.6635729074 0.3884826005 -0.6393373609 -0.0004862357 0.8548253775 0.5189155936 0.7481114268 -0.3440274596 0.5674278736
-126.6 -223.3 1625.3 0 0 0 0 0 0 0 0 0
225.4 -179.0 2123.7 0 0 0 0 0 0 0 0 0
-112.2 -887.0 1900.7 0 0 0 0 0 0 0 0 0
-126.9 -843.8 2168.7 0 0 0 0 0 0 0 0 0
32.8 475.3 2001.8 98 0.6157974005 0.1667832285 -0.7700499296 -0.1191745847 0.9858109951 0.1182122454 0.7788394690 0.0189755838 0.6269361973
-0.4 278.8 1998.0 0.6157974005 0.1667832285 -0.7700499296 -0.1191745847 0.9858109951 0.1182122454 0.7788394690 0.0189755838 0.6269361973
-31.9 82.6 1995.3 0.6173000336 0.1584704518 -0.7706022263 -0.1100592092 0.9872657657 0.1148619801 0.7789914012 0.0139075611 0.6268803477
-87.2 294.3 1888.5 0.2086182386 -0.8655049801 -0.4553894401 0.9574495554 0.2756899297 -0.0853545889 0.1994211078 -0.4182058871 0.8861913085
-152.9 -7.1 1825.7 -0.0917275921 -0.8655049801 -0.4924298525 0.7335553765 0.2756899297 -0.6212017536 0.6734111905 -0.4182058871 0.6096074581
86.4 263.3 2107.6 -0.1142527759 -0.2078820765 -0.9714583755 -0.9906609058 -0.0494045131 0.1270832419 -0.0744127557 0.9769054651 -0.2002960443
56.6 5.3 2088.2 0.6811046600 -0.2078820765 -0.7020552158 -0.7241299748 -0.0494045131 -0.6878917217 0.1083156615 0.9769054651 -0.1841832846
-120.4 -104.1 1915.5 0.9378396869 -0.0422979668 0.3444816172 0.0537071116 0.9982768893 -0.0236401074 -0.3428881168 0.0406717435 0.9384953380
-103.6 -502.1 1899.3 0.9391640425 0.0054314011 0.3434260190 -0.0054760333 0.9999846816 -0.0008398432 -0.3434253037 -0.0010918617 0.9391793609
-12.1 -122.9 2063.0 0.6383971572 -0.0745478645 -0.7660885453 0.0042944252 0.9956282377 -0.0933056772 0.7696951628 0.0562761687 0.6359264255
17.5 -518.7 2040.7 0.6383971572 0.3787317276 -0.6700830460 0.0042944252 0.8688027859 0.4951396883 0.7696951628 -0.3189733922 0.5530148149
-126.0 -222.0 1628.4 0 0 0 0 0 0 0 0 0
232.4 -181.6 2116.1 0 0 0 0 0 0 0 0 0
-105.6 -884.4 1899.7 0 0 0 0 0 0 0 0 0
-127.2 -850.6 2162.5 0 0 0 0 0 0 0 0 0
40.1 475.4 2001.3 99 0.6206619143 0.1809193939 -0.7629200220 -0.1238365471 0.9834215045 0.1324639469 0.7742372155 0.0122620501 0.6327767372
4.0 279.3 1998.8 0.6206619143 0.1809193939 -0.7629200220 -0.1238365471 0.9834215045 0.1324639469 0.7742372155 0.0122620501 0.6327767372
-30.6 83.6 1997.7 0.6222283840 0.1746290475 -0.7631097436 -0.1151658520 0.9846153259 0.1314135641 0.7743181586 0.0061149341 0.6327669024
-83.4 295.5 1889.9 0.2194735706 -0.8614849448 -0.4579028785 0.9565184712 0.2824205756 -0.0728768706 0.1921035200 -0.4219980240 0.8860101104
-152.7 -6.2 1829.3 -0.0950543657 -0.8614849448 -0.4988069534 0.7266755700 0.2824205756 -0.6262437701 0.6803728938 -0.4219980240 0.5991747379
91.5 263.0 2107.8 -0.1310042441 -0.2000920326 -0.9709794521 -0.9891167283 -0.0397887640 0.1416506916 -0.0669772476 0.9789688587 -0.1927018762
57.4 5.4 2090.3 0.6701549292 -0.2000920326 -0.7147415876 -0.7344502211 -0.0397887640 -0.6774951816 0.1071226969 0.9789688587 -0.1736222655
-120.0 -103.9 1920.8 0.9343938231 -0.0521929935 0.3523975909 0.0658298135 0.9974704385 -0.0268163048 -0.3501065671 0.0482552573 0.9354661107
-99.2 -501.0 1901.6 0.9364109039 0.0027156484 0.3508948982 -0.0027345340 0.9999961853 -0.0004417009 -0.3508947492 -0.0005459204 0.9364147186
-6.8 -123.8 2064.0 0.6673984528 -0.0539556257 -0.7427436113 -0.0041352124 0.9970879555 -0.0761478618 0.7446893454 0.0538923666 0.6652318239
14.7 -520.1 2042.5 0.6673984528 0.3567939997 -0.6536645293 -0.0041352124 0.8795166016 0.4758502245 0.7446893454 -0.3148786724 0.5884634256
-124.9 -218.6 1630.5 0 0 0 0 0 0 0 0 0
230.3 -184.1 2118.0 0 0 0 0 0 0 0 0 0
-100.3 -883.3 1901.8 0 0 0 0 0 0 0 0 0
-121.6 -856.1 2162.8 0 0 0 0 0 0 0 0 0
64.3 474.4 2001.5 00 0.6986255050 0.2349831015 -0.6757997870 -0.1632467508 0.9719674587 0.1692033559 0.6966153383 -0.0078876698 0.7174015045
17.3 279.7 2003.1 0.6986255050 0.2349831015 -0.6757997870 -0.1632467508 0.9719674587 0.1692033559 0.6966153383 -0.0078876698 0.7174015045
-26.5 85.8 2003.0 0.7000076175 0.2189943492 -0.6797285080 -0.1573172212 0.9757260680 0.1523479372 0.6965921521 0.0002882890 0.7174672484
-80.9 301.9 1905.2 0.2068994194 -0.8679397106 -0.4515233040 0.9554473162 0.2785481811 -0.0976284742 0.2105066180 -0.4112074375 0.8869021535
-147.1 -3.8 1837.8 -0.0881603137 -0.8679397106 -0.4887825847 0.7283794880 0.2785481811 -0.6259985566 0.6794785261 -0.4112074375 0.6076325774
115.4 257.5 2101.0 -0.1827948540 -0.0895358846 -0.9790655375 -0.9809476137 -0.0500254072 0.1877210885 -0.0657859296 0.9947264791 -0.0786856264
67.8 2.1 2083.9 0.6437195539 -0.0895358846 -0.7600055337 -0.7650138140 -0.0500254072 -0.6420680285 0.0194685403 0.9947264791 -0.1006985158
-122.4 -101.7 1925.3 0.8885567188 -0.0770902187 0.4522433877 0.0879615024 0.9961192608 -0.0030243255 -0.4502552152 0.0424672924 0.8918894529
-91.7 -497.9 1908.4 0.8919984698 0.0013578072 0.4520363808 -0.0013345497 0.9999990463 -0.0003703013 -0.4520364702 -0.0002729568 0.8919994235
-8.3 -122.7 2067.5 0.6056800485 -0.0660362393 -0.7929633856 0.0035983948 0.9967674613 -0.0802600756 0.7957001925 0.0457585305 0.6039597392
18.0 -518.9 2049.3 0.6056800485 0.3806490302 -0.6987546086 0.0035983948 0.8768349886 0.4807779789 0.7957001925 -0.2937120199 0.5297117233
-121.4 -215.9 1640.0 0 0 0 0 0 0 0 0 0
233.8 -195.3 2088.9 0 0 0 0 0 0 0 0 0
-92.3 -880.2 1908.5 0 0 0 0 0 0 0 0 0
-127.4 -853.9 2161.5 0 0 0 0 0 0 0 0 0
76.0 473.2 2001.7 01 0.7277446985 0.2571965158 -0.6357968450 -0.1828549802 0.9662287235 0.1815657020 0.6610232592 -0.0158748496 0.7501974702
24.4 279.7 2004.8 0.7277446985 0.2571965158 -0.6357968450 -0.1828549802 0.9662287235 0.1815657020 0.6610232592 -0.0158748496 0.7501974702
-24.7 87.1 2007.1 0.7291128039 0.2463533580 -0.6385174394 -0.1775967032 0.9691135287 0.1711093932 0.6609492302 -0.0113594579 0.7503446341
-77.9 304.7 1911.9 0.2160190791 -0.8599855304 -0.4623425305 0.9544445276 0.2858178318 -0.0856961384 0.2058431804 -0.4227682948 0.8825505972
-147.0 -0.5 1846.0 -0.0917615741 -0.8599855304 -0.5020006895 0.7283292413 0.2858178318 -0.6227717400 0.6790554523 -0.4227682948 0.6001255512
126.8 254.7 2097.8 -0.2136268169 -0.0412218049 -0.9760452509 -0.9753171802 -0.0481268913 0.2155000120 -0.0558573231 0.9979902506 -0.0299231373
71.1 0.7 2083.3 0.6219076514 -0.0412218049 -0.7820048928 -0.7829975486 -0.0481268913 -0.6201601624 -0.0120713450 0.9979902506 -0.0622070543
-133.6 -93.5 1939.9 0.8615309000 -0.1156942621 0.4943473637 0.1318279356 0.9912700653 0.0022462441 -0.4902916253 0.0632335842 0.8692615628
-87.7 -487.4 1914.8 0.8691014647 0.0006788989 0.4946333468 -0.0006575385 0.9999997616 -0.0002171933 -0.4946333766 -0.0001364775 0.8691017032
-6.2 -122.5 2067.0 0.5713836551 -0.0637371987 -0.8182042837 0.0069206585 0.9973183870 -0.0728570223 0.8206539154 0.0359667987 0.5702925324
19.1 -519.0 2052.7 0.5713836551 0.3916937113 -0.7211773396 0.0069206585 0.8764215708 0.4814948440 0.8206539154 -0.2801093161 0.4980622232
-120.0 -214.2 1646.7 0 0 0 0 0 0 0 0 0
231.6 -201.3 2080.1 0 0 0 0 0 0 0 0 0
-87.9 -869.7 1914.9 0 0 0 0 0 0 0 0 0
-130.6 -853.9 2159.7 0 0 0 0 0 0 0 0 0
81.0 469.1 2001.2 02 0.7397378087 0.2616428137 -0.6199443340 -0.1783373058 0.9645944834 0.1943019331 0.6488326192 -0.0331732854 0.7602077127
28.6 275.9 2007.9 0.7397378087 0.2616428137 -0.6199443340 -0.1783373058 0.9645944834 0.1943019331 0.6488326192 -0.0331732854 0.7602077127
-21.3 83.6 2014.1 0.7416288853 0.2507487535 -0.6221829653 -0.1712064445 0.9675455093 0.1858603954 0.6485946178 -0.0313177109 0.7604894638
-75.6 300.0 1916.6 0.2189161032 -0.8589044213 -0.4629890919 0.9526346326 0.2907948792 -0.0890257359 0.2110994607 -0.4215702713 0.8818818331
-144.2 1.4 1850.5 -0.0851071477 -0.8589044213 -0.5050147772 0.7306699753 0.2907948792 -0.6177051663 0.6774054170 -0.4215702713 0.6028270125
132.8 251.8 2099.1 -0.2194359452 -0.0210073292 -0.9754006863 -0.9749457836 -0.0326294675 0.2200363576 -0.0364491828 0.9992467165 -0.0133209284
75.7 -2.2 2089.6 0.6177394390 -0.0210073292 -0.7861021757 -0.7862804532 -0.0326294675 -0.6170075536 -0.0126884170 0.9992467165 -0.0366741605
-140.0 -89.0 1949.4 0.8468655944 -0.1290463209 0.5159124732 0.1619312614 0.9866186380 -0.0190235879 -0.5065539479 0.0996527821 0.8564300537
-88.8 -480.9 1909.8 0.8437731266 0.1557230949 0.5136119723 -0.1803022623 0.9836091995 -0.0020179818 -0.5055077076 -0.0909026861 0.8580201864
-7.0 -121.7 2070.1 0.5539187193 -0.0691080242 -0.8296976089 0.0065143076 0.9968783259 -0.0786839649 0.8325452805 0.0381796136 0.5526397228
20.5 -518.1 2055.0 0.5539187193 0.4019759893 -0.7291017771 0.0065143076 0.8736041188 0.4865936339 0.8325452805 -0.2742829025 0.4812870920
-119.2 -213.5 1651.2 0 0 0 0 0 0 0 0 0
235.1 -205.0 2086.3 0 0 0 0 0 0 0 0 0
-147.3 -850.8 1944.0 0 0 0 0 0 0 0 0 0
-133.1 -852.0 2159.8 0 0 0 0 0 0 0 0 0
83.9 463.6 2001.0 03 0.7222043872 0.2526940405 -0.6438684464 -0.1530459970 0.9661835432 0.2075242549 0.6745352149 -0.0513334312 0.7364557981
33.2 269.8 2011.3 0.7222043872 0.2526940405 -0.6438684464 -0.1530459970 0.9661835432 0.2075242549 0.6745352149 -0.0513334312 0.7364557981
-14.3 77.1 2021.0 0.7243984342 0.2387824953 -0.6467068791 -0.1444030255 0.9698438644 0.1963430643 0.6740880013 -0.0488441847 0.7370343208
-68.6 290.1 1916.5 0.2449525446 -0.8369898796 -0.4893323779 0.9474687576 0.3137185872 -0.0623184033 0.2056725472 -0.4483620822 0.8698679209
-143.2 1.6 1853.9 -0.0812186897 -0.8369898796 -0.5411574841 0.7390539050 0.3137185872 -0.5961375237 0.6687322259 -0.4483620822 0.5931008458
135.0 249.5 2106.1 -0.2053926140 -0.0499949418 -0.9774018526 -0.9785183072 -0.0076430696 0.2060181797 -0.0177702177 0.9987202287 -0.0473511368
81.5 -5.4 2101.5 0.6281592846 -0.0499949418 -0.7764769197 -0.7776669860 -0.0076430696 -0.6286299825 0.0254936516 0.9987202287 -0.0436804816
-138.8 -92.9 1961.2 0.8576279879 -0.1226601303 0.4994283915 0.1724886000 0.9834941030 -0.0546535626 -0.4844810665 0.1330181211 0.8646295667
-90.1 -483.5 1908.3 0.8374166489 0.2430949658 0.4895285964 -0.2867636979 0.9578858018 0.0148785627 -0.4652955830 -0.1528385878 0.8718603253
-3.1 -124.4 2079.9 0.5693492293 -0.0593214035 -0.8199526668 -0.0118941143 0.9966943860 -0.0803670958 0.8220096827 0.0555095561 0.5667616129
20.5 -520.6 2057.8 0.5693492293 0.4015300274 -0.7173667550 -0.0118941143 0.8765392900 0.4811833501 0.8220096827 -0.2654289305 0.5038328171
-119.4 -214.9 1658.0 0 0 0 0 0 0 0 0 0
243.5 -206.0 2108.0 0 0 0 0 0 0 0 0 0
-181.8 -844.6 1965.9 0 0 0 0 0 0 0 0 0
-133.0 -855.7 2159.3 0 0 0 0 0 0 0 0 0
90.0 467.5 2006.4 04 0.7068217993 0.2564557791 -0.6592673063 -0.1506166458 0.9651594162 0.2139672041 0.6911711693 -0.0519400463 0.7208222151
38.4 273.1 2016.8 0.7068217993 0.2564557791 -0.6592673063 -0.1506166458 0.9651594162 0.2139672041 0.6911711693 -0.0519400463 0.7208222151
-9.8 80.6 2027.0 0.7092927694 0.2421301156 -0.6620247960 -0.1410314888 0.9689123631 0.2032707185 0.6906619668 -0.0508121103 0.7213904858
-61.3 293.0 1919.7 0.2620049417 -0.8233358860 -0.5034595132 0.9434610009 0.3282919228 -0.0458886735 0.2030634731 -0.4629713297 0.8627994061
-142.9 -0.9 1856.5 -0.0862837359 -0.8233358860 -0.5609573722 0.7338463664 0.3282919228 -0.5947217345 0.6738135219 -0.4629713297 0.5758757591
138.1 253.3 2114.0 -0.2073278874 -0.0716098100 -0.9756470323 -0.9781565070 -0.0001152057 0.2078696191 -0.0149979033 0.9974327087 -0.0700217187
84.1 -1.5 2110.1 0.6255765557 -0.0716098100 -0.7768693566 -0.7788740993 -0.0001152057 -0.6271802783 0.0448227599 0.9974327087 -0.0558470935
-128.1 -102.4 1969.1 0.7179901004 -0.0886202976 -0.6903887987 -0.0458053537 0.9836962819 -0.1739067137 0.6945444942 0.1564868093 0.7022249103
-92.9 -492.9 1907.0 0.7179901004 0.2903812230 -0.6325891018 -0.0458053537 0.9265642166 0.3733372092 0.6945444942 -0.2390764505 0.6785649061
4.5 -128.9 2092.6 0.6188553572 -0.0364295579 -0.7846597433 -0.0369319245 0.9964698553 -0.0753912404 0.7846362591 0.0756352693 0.6153252721
19.0 -524.9 2062.5 0.6188553572 0.3995525539 -0.6762956381 -0.0369319245 0.8748173118 0.4830431342 0.7846362591 -0.2739569247 0.5561416149
-117.8 -214.8 1660.1 0 0 0 0 0 0 0 0 0
245.5 -202.4 2121.6 0 0 0 0 0 0 0 0 0
-202.6 -842.9 1997.3 0 0 0 0 0 0 0 0 0
-133.7 -859.3 2167.3 0 0 0 0 0 0 0 0 0
93.7 467.7 2004.1 05 0.7290526032 0.2635480165 -0.6316840649 -0.1564886719 0.9626336694 0.2210151106 0.6663284302 -0.0622802377 0.7430528402
40.4 273.0 2016.7 0.7290526032 0.2635480165 -0.6316840649 -0.1564886719 0.9626336694 0.2210151106 0.6663284302 -0.0622802377 0.7430528402
-8.3 80.7 2027.9 0.7316586375 0.2452516109 -0.6360245943 -0.1466010362 0.9678165317 0.2045465559 0.6657205224 -0.0564163886 0.7440654635
-62.4 293.7 1923.1 0.2572958171 -0.8267830014 -0.5002286434 0.9445726871 0.3244177699 -0.0503540076 0.2039149106 -0.4595464766 0.8644279838
-142.7 -1.1 1859.4 -0.0891191140 -0.8267830014 -0.5554166436 0.7310813069 0.3244177699 -0.6002276540 0.6764450669 -0.4595464766 0.5755337477
143.3 252.4 2110.3 -0.2127581686 -0.0376104079 -0.9763807654 -0.9770477414 -0.0026160812 0.2130042911 -0.0105654700 0.9992890358 -0.0361905731
87.9 -2.1 2107.5 0.6227163076 -0.0376104079 -0.7815432549 -0.7821552753 -0.0026160812 -0.6230780482 0.0213896409 0.9992890358 -0.0310462564
-122.9 -99.1 1973.8 0.7158398032 -0.0794182494 -0.6937334538 -0.0637342110 0.9819323421 -0.1781762689 0.6953497529 0.1717602164 0.6978446245
-91.3 -489.1 1905.6 0.7158398032 0.3117710054 -0.6247977018 -0.0637342110 0.9202246666 0.3861663938 0.6953497529 -0.2366123050 0.6786039472
7.1 -124.9 2100.4 0.5928174257 -0.0334582888 -0.8046415448 -0.0479795784 0.9958945513 -0.0767597109 0.8039063811 0.0841108561 0.5887783170
20.4 -520.8 2067.0 0.5928174257 0.4022338688 -0.6976929307 -0.0479795784 0.8824379444 0.4679756463 0.8039063811 -0.2439491004 0.5424236059
-116.6 -215.2 1661.3 0 0 0 0 0 0 0 0 0
248.5 -203.9 2113.1 0 0 0 0 0 0 0 0 0
-209.8 -838.7 1995.5 0 0 0 0 0 0 0 0 0
-133.3 -858.0 2160.2 0 0 0 0 0 0 0 0 0
94.7 464.5 2007.4 06 0.7496212125 0.2613197267 -0.6080954671 -0.1710931659 0.9640377164 0.2033677548 0.6393709183 -0.0484078005 0.7673730850
41.9 269.8 2017.2 0.7496212125 0.2613197267 -0.6080954671 -0.1710931659 0.9640377164 0.2033677548 0.6393709183 -0.0484078005 0.7673730850
-7.5 77.6 2026.9 0.7522084117 0.2486708313 -0.6102010608 -0.1612950265 0.9673703313 0.1953934729 0.6388790607 -0.0485542081 0.7677734494
-63.8 292.5 1927.4 0.2523596287 -0.8275092244 -0.5015407205 0.9440645576 0.3242594302 -0.0599829406 0.2122657299 -0.4583495259 0.8630521297
-142.7 -2.7 1861.0 -0.0908541381 -0.8275092244 -0.5540523529 0.7282684445 0.3242594302 -0.6037225127 0.6792426705 -0.4583495259 0.5731885433
147.7 247.1 2107.0 -0.2184372097 -0.0049256422 -0.9758386016 -0.9756541848 -0.0189818144 0.2184917480 -0.0195993986 0.9998077154 -0.0006593887
90.8 -7.0 2101.9 0.6187096238 -0.0049256422 -0.7856042981 -0.7855301499 -0.0189818144 -0.6185322404 -0.0118655264 0.9998077154 -0.0156134712
-124.1 -98.2 1978.1 0.6921889782 -0.0834152251 -0.7168795466 -0.0706161484 0.9807043076 -0.1822975576 0.7182532549 0.1768076271 0.6729422808
-90.9 -488.0 1907.9 0.6921889782 0.3156543076 -0.6490275860 -0.0706161484 0.9245899916 0.3743617535 0.7182532549 -0.2132972479 0.6622812748
10.0 -125.1 2100.2 0.5443098545 -0.0292333551 -0.8383747339 -0.0447675437 0.9969562888 -0.0638280138 0.8376888633 0.0722741932 0.5413444042
21.6 -521.4 2071.4 0.5443098545 0.4103648961 -0.7316607237 -0.0447675437 0.8851497769 0.4631476700 0.8376888633 -0.2193411887 0.5001667738
-116.1 -215.9 1662.1 0 0 0 0 0 0 0 0 0
250.4 -209.7 2098.9 0 0 0 0 0 0 0 0 0
-211.2 -840.3 1989.1 0 0 0 0 0 0 0 0 0
-135.2 -859.7 2155.2 0 0 0 0 0 0 0 0 0
95.3 462.4 2009.1 07 0.7273470163 0.2660839558 -0.6325864196 -0.1700857431 0.9629101753 0.2094632089 0.6648586988 -0.0447585024 0.7456269860
41.7 268.4 2018.1 0.7273470163 0.2660839558 -0.6325864196 -0.1700857431 0.9629101753 0.2094632089 0.6648586988 -0.0447585024 0.7456269860
-9.3 76.6 2027.6 0.7298108935 0.2563459873 -0.6337687373 -0.1609915942 0.9654097557 0.2050992548 0.6644229293 -0.0476522334 0.7458360791
-60.9 291.1 1924.7 0.2518638968 -0.8396059871 -0.4812757373 0.9480609894 0.3138978779 -0.0514636710 0.1942806393 -0.4433169067 0.8750572205
-139.7 -5.7 1863.9 -0.0901688784 -0.8396059871 -0.5356597304 0.7242651582 0.3138978779 -0.6139284372 0.6836004257 -0.4433169067 0.5797935128
144.3 245.8 2111.5 -0.2239486724 -0.0378152952 -0.9738670588 -0.9744076729 -0.0112110190 0.2245083302 -0.0194078907 0.9992218614 -0.0343368202
85.9 -8.0 2106.5 0.6137005091 -0.0378152952 -0.7886328101 -0.7894081473 -0.0112110190 -0.6137663126 0.0143683767 0.9992218614 -0.0367319100
-125.9 -99.9 1978.0 0.6290242076 -0.0891876593 -0.7722526193 -0.0762508214 0.9815282226 -0.1754656583 0.7736371160 0.1692570448 0.6106043458
-90.4 -490.1 1910.7 0.6290242076 0.3302901685 -0.7037307620 -0.0762508214 0.9271018505 0.3669713140 0.7736371160 -0.1771738082 0.6083543897
12.0 -129.5 2095.1 0.4001553953 -0.0320133306 -0.9158880115 -0.0240641050 0.9986780882 -0.0454208292 0.9161313176 0.0402154140 0.3988560438
24.7 -526.3 2079.1 0.4001553953 0.4470706582 -0.8000021577 -0.0240641050 0.8777633309 0.4784897566 0.9161313176 -0.1722189337 0.3620000780
-113.4 -216.9 1664.5 0 0 0 0 0 0 0 0 0
244.3 -211.7 2110.2 0 0 0 0 0 0 0 0 0
-216.4 -843.7 1978.3 0 0 0 0 0 0 0 0 0
-145.9 -861.2 2144.8 0 0 0 0 0 0 0 0 0
97.4 461.2 2010.9 08 0.7155963182 0.2737357318 -0.6426435113 -0.1690580398 0.9605341554 0.2208926082 0.6777472496 -0.0494258851 0.7336319089
42.2 267.7 2020.9 0.7155963182 0.2737357318 -0.6426435113 -0.1690580398 0.9605341554 0.2208926082 0.6777472496 -0.0494258851 0.7336319089
-9.8 76.1 2031.2 0.7184392214 0.2616988420 -0.6444833875 -0.1588409245 0.9637704492 0.2142802775 0.6772109270 -0.0515770204 0.7339789867
-58.8 290.1 1925.7 0.2454133034 -0.8550971150 -0.4567070007 0.9517673254 0.3020232320 -0.0540452078 0.1841500252 -0.4214153886 0.8879740238
-135.7 -8.1 1868.0 -0.0889554173 -0.8550971150 -0.5107796788 0.7152918577 0.3020232320 -0.6301900744 0.6931410432 -0.4214153886 0.5847774148
143.2 245.3 2116.1 -0.2282894701 -0.0536536947 -0.9721137881 -0.9734795094 -0.0026858305 0.2287584394 -0.0148846675 0.9985560179 -0.0516176261
83.8 -8.3 2112.3 0.6095998883 -0.0536536947 -0.7908914089 -0.7921174765 -0.0026858305 -0.6103627086 0.0306240134 0.9985560179 -0.0441373102
-127.1 -100.6 1976.1 0.5822314024 -0.1020599902 -0.8065918088 -0.0743358582 0.9812515974 -0.1778188199 0.8096176982 0.1634903848 0.5637287498
-86.6 -490.7 1911.2 0.5822314024 0.3541149497 -0.7318532467 -0.0743358582 0.9195787907 0.3858095109 0.8096176982 -0.1702274680 0.5617311001
6.6 -130.1 2097.9 0.4181868732 -0.0475631841 -0.9071149230 -0.0200387724 0.9979020953 -0.0615614988 0.9081399441 0.0439216793 0.4163564444
25.5 -526.7 2080.5 0.4181868732 0.4452494085 -0.7917529345 -0.0200387724 0.8759378791 0.4820075333 0.9081399441 -0.1857034713 0.3752279878
-109.7 -216.8 1665.8 0 0 0 0 0 0 0 0 0
241.1 -212.6 2120.2 0 0 0 0 0 0 0 0 0
-221.7 -841.7 1976.1 0 0 0 0 0 0 0 0 0
-144.5 -861.2 2151.4 0 0 0 0 0 0 0 0 0
99.2 458.6 2011.4 09 0.7003187537 0.2787150443 -0.6571694016 -0.1624902636 0.9586987495 0.2334387451 0.6950903535 -0.0566978976 0.7166831493
43.2 265.8 2022.8 0.7003187537 0.2787150443 -0.6571694016 -0.1624902636 0.9586987495 0.2334387451 0.6950903535 -0.0566978976 0.7166831493
-9.4 74.5 2033.9 0.7030697465 0.2645632029 -0.6600751877 -0.1527606249 0.9627372622 0.2231616676 0.6945193410 -0.0560647212 0.7172862887
-55.7 287.3 1925.1 0.2502047122 -0.8617836833 -0.4412782192 0.9530420303 0.2995361984 -0.0445973165 0.1706120372 -0.4093982279 0.8962614536
-133.8 -10.5 1871.8 -0.0908185616 -0.8617836833 -0.4990800023 0.7029098272 0.2995361984 -0.6451324224 0.7054571509 -0.4093982279 0.5785527825
142.0 244.3 2120.4 -0.2297178656 -0.0756140053 -0.9703155160 -0.9732105136 0.0080758175 0.2297739089 -0.0095380358 0.9971044660 -0.0754435062
82.2 -9.2 2118.0 0.6073035598 -0.0756140053 -0.7908633947 -0.7927350402 0.0080758175 -0.6095129251 0.0524745807 0.9971044660 -0.0550374016
-127.7 -100.9 1979.3 0.5458734632 -0.1064067781 -0.8310834765 -0.0831782147 0.9801211357 -0.1801218688 0.8337287307 0.1674517840 0.5261713862
-85.4 -490.6 1912.7 0.5458734632 0.3531596363 -0.7598028779 -0.0831782147 0.9251910448 0.3702741265 0.8337287307 -0.1389237791 0.5344123840
4.1 -130.0 2103.5 0.3588828743 -0.0661260337 -0.9310373068 -0.0221920665 0.9966008067 -0.0793368965 0.9331187606 0.0491342954 0.3561955094
30.4 -526.1 2084.0 0.3588828743 0.4819438457 -0.7993329763 -0.0221920665 0.8605467081 0.5088878274 0.9331187606 -0.1648922861 0.3195308149
-107.3 -216.0 1665.5 0 0 0 0 0 0 0 0 0
238.9 -213.7 2131.5 0 0 0 0 0 0 0 0 0
-220.2 -843.8 1965.8 0 0 0 0 0 0 0 0 0
-153.6 -854.6 2146.9 0 0 0 0 0 0 0 0 0
104.7 456.8 2011.6 10 0.6904879808 0.2954743207 -0.6602433324 -0.1679879278 0.9533130527 0.2509467006 0.7035669088 -0.0623627752 0.7078873515
45.0 264.4 2024.2 0.6904879808 0.2954743207 -0.6602433324 -0.1679879278 0.9533130527 0.2509467006 0.7035669088 -0.0623627752 0.7078873515
-10.4 73.9 2036.0 0.6934537888 0.2790837586 -0.6642544866 -0.1581197977 0.9584071040 0.2376003265 0.7029366493 -0.0597330593 0.7087397575
-52.5 286.7 1925.3 0.2553256750 -0.8571079969 -0.4474088550 0.9521498680 0.3033012748 -0.0376694538 0.1679864675 -0.4163822830 0.8935358524
-132.5 -11.8 1872.6 -0.0960438326 -0.8571079969 -0.5061041713 0.7000337839 0.3033012748 -0.6464990377 0.7076215744 -0.4163822830 0.5708743334
142.5 242.1 2123.0 -0.2437078506 -0.0859445930 -0.9660331011 -0.9698334932 0.0160244070 0.2432409674 -0.0054251375 0.9961710572 -0.0872572213
79.1 -10.5 2121.6 0.5951485038 -0.0859445930 -0.7990067601 -0.8010446429 0.0160244070 -0.5983901024 0.0642320067 0.9961710572 -0.0593085550
-126.5 -102.9 1981.4 0.5336797833 -0.1127377003 -0.8381384611 -0.0885848254 0.9781699777 -0.1879791766 0.8410342336 0.1745670438 0.5120427608
-81.6 -491.8 1912.0 0.5336797833 0.3504241407 -0.7696679831 -0.0885848254 0.9282674193 0.3612095118 0.8410342336 -0.1245893240 0.5264398456
2.5 -130.9 2108.7 0.2980330586 -0.0699723735 -0.9519875050 -0.0189516731 0.9966793656 -0.0791903734 0.9543673992 0.0416431054 0.2957172990
30.3 -527.1 2092.2 0.2980330586 0.4976608753 -0.8145611882 -0.0189516731 0.8562574983 0.5162014365 0.9543673992 -0.1384077966 0.2646245658
-104.5 -215.9 1666.3 0 0 0 0 0 0 0 0 0
232.6 -217.1 2138.2 0 0 0 0 0 0 0 0 0
-215.5 -846.5 1959.6 0 0 0 0 0 0 0 0 0
-159.7 -854.1 2145.0 0 0 0 0 0 0 0 0 0
106.9 455.3 2011.7 11 0.6892668605 0.2920270860 -0.6630470753 -0.1572888792 0.9536570311 0.2565122247 0.7072280049 -0.0725154355 0.7032567859
48.1 263.3 2026.3 0.6892668605 0.2920270860 -0.6630470753 -0.1572888792 0.9536570311 0.2565122247 0.7072280049 -0.0725154355 0.7032567859
-6.6 72.8 2040.4 0.6924287677 0.2754506767 -0.6668353081 -0.1466334909 0.9586899281 0.2437461764 0.7064283490 -0.0709964707 0.7042148113
-49.3 283.9 1926.9 0.2646392584 -0.8423042893 -0.4695631564 0.9493790269 0.3130184114 -0.0264368691 0.1692498028 -0.4387971759 0.8825029731
-131.8 -12.0 1874.2 -0.1096906587 -0.8423042893 -0.5277228951 0.6975086331 0.3130184114 -0.6445938349 0.7081311345 -0.4387971759 0.5531793237
145.5 242.6 2125.6 -0.2398782074 -0.0883304402 -0.9667761922 -0.9707840085 0.0280480888 0.2383100092 0.0060661961 0.9956962466 -0.0924779102
83.0 -10.2 2127.2 0.5981430411 -0.0883304402 -0.7965065241 -0.7978214622 0.0280480888 -0.6022409797 0.0755366981 0.9956962466 -0.0536951534
-129.5 -102.1 1983.4 0.5083777905 -0.1393339783 -0.8497870564 -0.0954475552 0.9716253281 -0.2164116651 0.8558281064 0.1911289841 0.4806536734
-74.1 -488.2 1907.5 0.5083777905 0.3526436090 -0.7856172919 -0.0954475552 0.9297592640 0.3555805385 0.8558281064 -0.1057840139 0.5063279271
-2.3 -131.1 2112.4 0.2788463533 -0.0751900896 -0.9573876858 -0.0164521039 0.9964098334 -0.0830465630 0.9601947665 0.0389082693 0.2766082287
27.6 -527.2 2096.9 0.2788463533 0.4736846089 -0.8353847265 -0.0164521039 0.8721168041 0.4890210629 0.9601947665 -0.1226179004 0.2509796917
-99.8 -215.0 1668.0 0 0 0 0 0 0 0 0 0
237.3 -216.1 2146.7 0 0 0 0 0 0 0 0 0
-208.9 -843.5 1947.9 0 0 0 0 0 0 0 0 0
-153.3 -860.2 2143.7 0 0 0 0 0 0 0 0 0
113.1 452.7 2006.2 12 0.6914221048 0.3091542721 -0.6529617906 -0.1573339254 0.9465569258 0.2815600634 0.7051110268 -0.0919438228 0.7031108141
51.0 262.4 2024.7 0.6914221048 0.3091542721 -0.6529617906 -0.1573339254 0.9465569258 0.2815600634 0.7051110268 -0.0919438228 0.7031108141
-7.0 73.1 2042.3 0.6945143342 0.2919105887 -0.6576002240 -0.1475648582 0.9523580074 0.2669060528 0.7041835785 -0.0883313939 0.7045019865
-46.7 283.2 1925.7 0.2742764354 -0.8358259201 -0.4755706787 0.9481645226 0.3175783455 -0.0113148522 0.1604881883 -0.4478158355 0.8796047568
-131.9 -11.3 1875.8 -0.1217554659 -0.8358259201 -0.5353229046 0.6881576180 0.3175783455 -0.6523672938 0.7152724266 -0.4478158355 0.5365130901
148.6 241.6 2123.8 -0.2570009530 -0.0810384974 -0.9630073905 -0.9661284089 0.0456470214 0.2539926171 0.0233752392 0.9956651330 -0.0900249183
81.7 -10.0 2129.9 0.5844079852 -0.0810384974 -0.8074032664 -0.8070415258 0.0456470214 -0.5887277126 0.0845651627 0.9956651330 -0.0387249477
-124.9 -104.4 1989.7 0.5371760130 -0.1546389163 -0.8291735053 -0.1116294563 0.9613690376 -0.2516116798 0.8360506892 0.2277199477 0.4991621375
-63.5 -486.2 1899.3 0.5371760130 0.3734409809 -0.7562960386 -0.1116294563 0.9202369452 0.3751038015 0.8360506892 -0.1170718446 0.5360162258
2.1 -131.3 2119.3 0.3764142394 -0.0659531355 -0.9241009355 -0.0309756286 0.9960092306 -0.0837025419 0.9259334803 0.0601314381 0.3728691339
28.4 -527.2 2095.4 0.3764142394 0.4667811394 -0.8002672791 -0.0309756286 0.8696563840 0.4926848114 0.9259334803 -0.1606647968 0.3418098986
-96.5 -211.4 1667.8 0 0 0 0 0 0 0 0 0
232.5 -218.2 2151.7 0 0 0 0 0 0 0 0 0
-206.2 -837.8 1944.0 0 0 0 0 0 0 0 0 0
-149.9 -859.2 2156.8 0 0 0 0 0 0 0 0 0
118.8 450.9 2003.5 13 0.7341580391 0.3197260499 -0.5989884734 -0.1801482439 0.9422971010 0.2821750939 0.6546438336 -0.0992543995 0.7493931055
54.6 261.7 2023.4 0.7341580391 0.3197260499 -0.5989884734 -0.1801482439 0.9422971010 0.2821750939 0.6546438336 -0.0992543995 0.7493931055
-5.8 73.3 2042.5 0.7374735475 0.3036582470 -0.6032615304 -0.1700950116 0.9479394555 0.2692183554 0.6536057591 -0.0959296376 0.7507309914
-49.0 285.7 1931.5 0.2654738426 -0.8397371769 -0.4736719131 0.9488993287 0.3145244122 -0.0257771146 0.1706273705 -0.4426237941 0.8803240657
-131.9 -10.7 1878.2 -0.1297944039 -0.8397371769 -0.5272521377 0.6752556562 0.3145244122 -0.6671613455 0.7260738611 -0.4426237941 0.5262137651
158.2 237.8 2115.3 -0.2734855115 -0.0127524724 -0.9617915750 -0.9614511132 0.0333446451 0.2729465663 0.0285898540 0.9993625283 -0.0213801563
87.0 -12.7 2122.8 0.5730554461 -0.0127524724 -0.8194173574 -0.8187845349 0.0333446451 -0.5731317997 0.0346320271 0.9993625283 0.0086668031
-128.7 -102.6 1995.3 0.5705990195 -0.1942442805 -0.7979260087 -0.1100614518 0.9447712302 -0.3086970150 0.8138201237 0.2639631033 0.5177067518
-51.7 -477.4 1890.5 0.5705990195 0.3653194308 -0.7354987860 -0.1100614518 0.9215461016 0.3723428845 0.8138201237 -0.1315084249 0.5660409331
-1.3 -129.7 2124.5 0.3907915652 -0.0697957426 -0.9178292155 -0.0471610352 0.9942932725 -0.0956905410 0.9192702770 0.0806808323 0.3852697909
26.5 -524.9 2092.4 0.3907915652 0.4670855701 -0.7931664586 -0.0471610352 0.8707169890 0.4895179272 0.9192702770 -0.1538929343 0.3622970879
-94.2 -207.0 1667.2 0 0 0 0 0 0 0 0 0
234.8 -223.9 2131.7 0 0 0 0 0 0 0 0 0
-191.3 -829.6 1940.8 0 0 0 0 0 0 0 0 0
-152.0 -857.5 2151.2 0 0 0 0 0 0 0 0 0
124.4 446.5 2001.6 14 0.7492676973 0.3353860676 -0.5710639954 -0.1991145164 0.9364730120 0.2887416184 0.6316259503 -0.1026376262 0.7684491873
57.1 258.6 2022.2 0.7492676973 0.3353860676 -0.5710639954 -0.1991145164 0.9364730120 0.2887416184 0.6316259503 -0.1026376262 0.7684491873
-6.8 71.4 2042.1 0.7524757385 0.3213656247 -0.5748950839 -0.1899402142 0.9416782260 0.2777856588 0.6306369305 -0.0998312682 0.7696302533
-48.6 285.3 1933.5 0.2708642483 -0.8246964812 -0.4964960217 0.9465241432 0.3220945001 -0.0186318308 0.1752842367 -0.4648987949 0.8678390384
-132.8 -8.9 1879.0 -0.1485558450 -0.8246964812 -0.5457168818 0.6697669029 0.3220945001 -0.6690795422 0.7275599241 -0.4648987949 0.5045053959
162.9 231.8 2110.9 -0.2934885919 0.0173690394 -0.9558047652 -0.9554414749 0.0276782122 0.2938800454 0.0315593816 0.9994660020 0.0084718615
86.4 -17.0 2119.2 0.5557816029 0.0173690394 -0.8311468959 -0.8312209845 0.0276782122 -0.5552527308 0.0133604519 0.9994660020 0.0298205502
-133.6 -99.5 2001.8 0.5731807947 -0.2386608571 -0.7839035392 -0.1122585535 0.9247563481 -0.3636258543 0.8117030263 0.2964232266 0.5032608509
-38.9 -466.2 1884.3 0.5731807947 0.3535875082 -0.7392155528 -0.1122585535 0.9274884462 0.3565994501 0.8117030263 -0.1214127019 0.5713118315
-3.0 -132.6 2121.3 0.3816135824 -0.0491955429 -0.9230118394 -0.0513679720 0.9959106445 -0.0743187442 0.9228934646 0.0757742897 0.3775259852
16.4 -525.9 2091.4 0.3816135824 0.4785617590 -0.7907905579 -0.0513679720 0.8651938438 0.4987995327 0.9228934646 -0.1497273743 0.3547524810
-89.6 -203.8 1667.3 0 0 0 0 0 0 0 0 0
229.8 -231.5 2122.6 0 0 0 0 0 0 0 0 0
-174.1 -820.6 1930.7 0 0 0 0 0 0 0 0 0
-166.5 -856.5 2148.6 0 0 0 0 0 0 0 0 0
131.9 441.8 1995.7 15 0.7073991299 0.3575056195 -0.6097345352 -0.1840320826 0.9260584116 0.3294662237 0.6824358702 -0.1208534017 0.7208853960
60.1 256.0 2020.0 0.7073991299 0.3575056195 -0.6097345352 -0.1840320826 0.9260584116 0.3294662237 0.6824358702 -0.1208534017 0.7208853960
-8.5 71.1 2043.5 0.7105380893 0.3448335230 -0.6133722067 -0.1757321507 0.9310293198 0.3198477924 0.6813617349 -0.1194748208 0.7221301198
-39.6 280.6 1924.3 0.3024698198 -0.8080040216 -0.5056100488 0.9418154955 0.3349499702 0.0281439144 0.1466136724 -0.4847040474 0.8623029590
-132.1 -7.3 1879.5 -0.1660922319 -0.8080040216 -0.5652812123 0.6598193049 0.3349499702 -0.6726418138 0.7328382134 -0.4847040474 0.4775040746
159.9 231.3 2115.6 -0.3132886887 -0.0404997766 -0.9487939477 -0.9481441379 0.0697284788 0.3100977242 0.0535990670 0.9967435598 -0.0602447726
78.3 -15.6 2129.6 0.5378419757 -0.0404997766 -0.8420723081 -0.8391877413 0.0697284788 -0.5393531919 0.0805601031 0.9967435598 0.0035159853
-139.5 -98.3 2004.3 0.5526449680 -0.2728370428 -0.7874918580 -0.1063954011 0.9140676856 -0.3913569450 0.8265975714 0.3000669777 0.4761263430
-31.2 -461.0 1885.2 0.5526449680 0.3377450407 -0.7619132400 -0.1063954011 0.9353154302 0.3374390304 0.8265975714 -0.1054199263 0.5528318882
-12.8 -129.6 2130.2 0.3267664015 -0.0158881582 -0.9449715614 -0.0493805930 0.9982059598 -0.0338587686 0.9438142180 0.0577271618 0.3253956139
-6.5 -524.9 2107.4 0.3313148916 0.2565340102 -0.9079762101 -0.0324696265 0.9648582339 0.2607571483 0.9429613948 -0.0569110736 0.3280014694
-83.6 -200.1 1665.4 0 0 0 0 0 0 0 0 0
217.0 -232.1 2150.4 0 0 0 0 0 0 0 0 0
-160.3 -818.4 1925.5 0 0 0 0 0 0 0 0 0
-101.3 -881.2 2128.4 0 0 0 0 0 0 0 0 0
143.7 438.2 1982.7 16 0.6770803332 0.3909520507 -0.6234731078 -0.1677094996 0.9068945050 0.3865435123 0.7165443301 -0.1571586430 0.6796067953
65.1 256.0 2014.3 0.6770803332 0.3909520507 -0.6234731078 -0.1677094996 0.9068945050 0.3865435123 0.7165443301 -0.1571586430 0.6796067953
-8.6 74.0 2044.0 0.6810982227 0.3703592420 -0.6316163540 -0.1580854207 0.9166744947 0.3670379519 0.7149224877 -0.1501395553 0.6828937531
-30.5 278.0 1914.0 0.3348687887 -0.7966750264 -0.5031617880 0.9356739521 0.3441958427 0.0777399093 0.1112527698 -0.4968280792 0.8606885076
-132.8 -7.6 1880.1 -0.1770754904 -0.7966750264 -0.5778868198 0.6530202627 0.3441958427 -0.6746063232 0.7363482714 -0.4968280792 0.4592962861
160.7 233.9 2114.7 -0.3368488252 -0.0750167221 -0.9385656118 -0.9375894666 0.1181583107 0.3270544410 0.0863647759 0.9901571274 -0.1101363748
73.0 -10.3 2137.1 0.5150331259 -0.0750167221 -0.8538813591 -0.8456705213 0.1181583107 -0.5204612613 0.1399364769 0.9901571274 -0.0025839878
-142.2 -97.9 2004.8 0.5593780279 -0.2950016260 -0.7746419907 -0.0956615508 0.9053090811 -0.4138409793 0.8233742118 0.3055970073 0.4781897068
-25.0 -457.4 1883.5 0.5593780279 0.3145452440 -0.7669142485 -0.0956615508 0.9435200691 0.3172046542 0.8233742118 -0.1040731147 0.5578742623
-20.3 -122.2 2139.4 0.2909336984 0.0144071300 -0.9566347599 -0.0259770807 0.9996369481 0.0071545504 0.9563905001 0.0227690786 0.2912023067
-26.0 -518.4 2130.3 0.2932056785 0.1496019661 -0.9442720413 -0.0111882929 0.9881505370 0.1530796140 0.9559839368 -0.0343190171 0.2914051414
-81.2 -197.8 1665.6 0 0 0 0 0 0 0 0 0
205.9 -228.5 2173.2 0 0 0 0 0 0 0 0 0
-145.2 -817.9 1923.2 0 0 0 0 0 0 0 0 0
-81.9 -887.5 2143.2 0 0 0 0 0 0 0 0 0
152.2 431.8 1975.8 17 0.6949638128 0.4048414528 -0.5942463279 -0.1779307276 0.8975607753 0.4033922851 0.6966820955 -0.1746083796 0.6958060265
70.9 251.6 2010.8 0.6949638128 0.4048414528 -0.5942463279 -0.1779307276 0.8975607753 0.4033922851 0.6966820955 -0.1746083796 0.6958060265
-6.1 71.5 2043.7 0.6979550719 0.3873762786 -0.6023274064 -0.1711173654 0.9069206119 0.3849854767 0.6953973770 -0.1656338871 0.6992766857
-27.2 275.6 1913.1 0.3472050428 -0.7833866477 -0.5155133605 0.9308222532 0.3547668755 0.0878086835 0.1140989065 -0.5103389025 0.8523706198
-132.5 -6.7 1878.5 -0.1917361319 -0.7833866477 -0.5912212729 0.6431078315 0.3547668755 -0.6786404252 0.7413835526 -0.5103389025 0.4357804656
169.0 227.6 2108.5 -0.3562663794 -0.0429571979 -0.9333964586 -0.9289087057 0.1242713630 0.3488341868 0.1010095105 0.9913179874 -0.0841770247
76.2 -14.3 2134.8 0.4987630546 -0.0429571979 -0.8656731844 -0.8570764065 0.1242713630 -0.4999766648 0.1290559918 0.9913179874 0.0251643639
-144.7 -93.6 2008.2 0.6139820814 -0.3204624355 -0.7213389277 -0.0682870969 0.8888816833 -0.4530189931 0.7863605618 0.3274036646 0.5238739848
-17.5 -446.6 1878.1 0.6139820814 0.2894468606 -0.7343341112 -0.0682870969 0.9463280439 0.3159115613 0.7863605618 -0.1438184828 0.6007938981
-19.4 -124.2 2140.4 0.3180670142 0.0431773439 -0.9470845461 -0.0348943956 0.9988186955 0.0338170230 0.9474258423 0.0222918615 0.3191979229
-36.5 -520.5 2131.6 0.3186452091 0.1103874445 -0.9414243698 -0.0297278054 0.9938708544 0.1064750925 0.9474077821 -0.0059412979 0.3199737668
-76.8 -193.6 1663.1 0 0 0 0 0 0 0 0 0
204.9 -235.4 2168.1 0 0 0 0 0 0 0 0 0
-128.0 -807.9 1933.1 0 0 0 0 0 0 0 0 0
-78.2 -895.7 2133.8 0 0 0 0 0 0 0 0 0
161.9 426.0 1962.8 18 0.7023770809 0.4256801605 -0.5704935193 -0.1822760403 0.8823131323 0.4339342713 0.6880711317 -0.2007981688 0.6973078251
76.5 249.0 2003.1 0.7023770809 0.4256801605 -0.5704935193 -0.1822760403 0.8823131323 0.4339342713 0.6880711317 -0.2007981688 0.6973078251
-4.1 71.6 2041.4 0.7067518234 0.4058460891 -0.5794745684 -0.1729340553 0.8933483958 0.4147558808 0.6859997511 -0.1929185987 0.7015602589
-22.9 273.3 1906.6 0.3611267805 -0.7687028646 -0.5279046893 0.9265549183 0.3596963882 0.1100656614 0.1052776128 -0.5288803577 0.8421414495
-132.0 -6.8 1874.8 -0.2096257955 -0.7687028646 -0.6042788625 0.6395316124 0.3596963882 -0.6794246435 0.7396326065 -0.5288803577 0.4162081480
175.9 224.7 2099.5 -0.3765098751 -0.0210759193 -0.9261728525 -0.9174944758 0.1468684226 0.3696397841 0.1282350570 0.9889314771 -0.0746344477
77.9 -14.2 2132.9 0.4803784490 -0.0210759193 -0.8768080473 -0.8660007715 0.1468684226 -0.4779877365 0.1388494521 0.9889314771 0.0523006655
-147.1 -93.0 2012.8 0.6007964015 -0.3106625676 -0.7365680337 -0.0640760362 0.8997193575 -0.4317398667 0.7968299389 0.3065841198 0.5206421018
-23.7 -450.4 1891.0 0.6007964015 0.2018122077 -0.7735086083 -0.0640760362 0.9766529202 0.2050447017 0.7968299389 -0.0736267492 0.5997008681
-20.0 -121.7 2142.7 0.3348945379 0.0696241483 -0.9396798015 -0.0252179150 0.9975714087 0.0649260730 0.9419180751 0.0019533781 0.3358369768
-47.6 -517.7 2141.9 0.3351038098 0.1031229198 -0.9365207553 -0.0232062545 0.9945939779 0.1012139171 0.9418953657 -0.0121840304 0.3356853426
-71.2 -192.2 1660.4 0 0 0 0 0 0 0 0 0
201.8 -237.7 2168.7 0 0 0 0 0 0 0 0 0
-100.2 -821.0 1919.0 0 0 0 0 0 0 0 0 0
-86.8 -895.6 2146.5 0 0 0 0 0 0 0 0 0
172.8 416.5 1950.8 19 0.7168616652 0.4403544068 -0.5405528545 -0.1941569448 0.8707172275 0.4518346488 0.6696360707 -0.2189508528 0.7096816897
84.7 242.2 1994.6 0.7168616652 0.4403544068 -0.5405528545 -0.1941569448 0.8707172275 0.4518346488 0.6696360707 -0.2189508528 0.7096816897
0.9 67.1 2036.9 0.7215524912 0.4220203459 -0.5488723516 -0.1846267879 0.8813323975 0.4349323213 0.6672892570 -0.2124899477 0.7138438821
-16.8 268.2 1900.7 0.3818868101 -0.7553942204 -0.5324866772 0.9189860225 0.3715349734 0.1320094764 0.0981182232 -0.5397604704 0.8360810280
-130.8 -6.2 1871.5 -0.2159333080 -0.7553942204 -0.6186698675 0.6365712285 0.3715349734 -0.6758245826 0.7403714657 -0.5397604704 0.4006354511
186.2 216.2 2088.5 -0.3951421082 0.0107361330 -0.9185572863 -0.9067453742 0.1556995660 0.3918807209 0.1472262591 0.9877461195 -0.0517885201
83.2 -19.9 2126.8 0.4627073705 0.0107361330 -0.8864460588 -0.8764581084 0.1556995660 -0.4556081295 0.1331278086 0.9877461195 0.0814531147
-149.5 -90.0 2016.8 0.6120522618 -0.3045170307 -0.7298365831 -0.0578299202 0.9031834602 -0.4253413677 0.7887000442 0.3025375307 0.5351852775
-28.4 -448.9 1896.6 0.6120522618 0.1471194178 -0.7770121694 -0.0578299202 0.9882389903 0.1415604800 0.7887000442 -0.0417078622 0.6133618355
-16.8 -124.9 2140.4 0.3607404232 0.0952371806 -0.9277910590 -0.0270748604 0.9954228997 0.0916524008 0.9322732091 -0.0079429131 0.3616678417
-54.6 -520.3 2143.5 0.3607971072 0.1119636223 -0.9258993268 -0.0265723970 0.9935989380 0.1097956151 0.9322656989 -0.0150105758 0.3614627719
-67.9 -191.6 1655.9 0 0 0 0 0 0 0 0 0
202.6 -246.0 2161.2 0 0 0 0 0 0 0 0 0
-84.4 -824.6 1912.4 0 0 0 0 0 0 0 0 0
-97.3 -898.9 2149.2 0 0 0 0 0 0 0 0 0
185.9 408.7 1944.3 20 0.6816729307 0.4701139033 -0.5606379509 -0.1845901906 0.8519732356 0.4899674058 0.7079890370 -0.2305092514 0.6675454974
91.8 238.2 1990.4 0.6816729307 0.4701139033 -0.5606379509 -0.1845901906 0.8519732356 0.4899674058 0.7079890370 -0.2305092514 0.6675454974
2.2 66.8 2035.4 0.6874743104 0.4509488046 -0.5692312717 -0.1737869233 0.8632237911 0.4739649892 0.7051079273 -0.2269137800 0.6718131900
-4.8 262.6 1891.4 0.4164858460 -0.7387098074 -0.5299503207 0.9056182504 0.3883716166 0.1703617424 0.0799697712 -0.5508859158 0.8307403326
-129.7 -9.0 1867.4 -0.2295157313 -0.7387098074 -0.6337431073 0.6235277057 0.3883716166 -0.6785135865 0.7473524809 -0.5508859158 0.3714686334
188.4 213.9 2089.4 -0.4218520224 -0.0285942852 -0.9062137008 -0.8917244077 0.1937854290 0.4089924693 0.1639161706 0.9806271195 -0.1072469950
78.6 -18.3 2132.1 0.4362693429 -0.0285942852 -0.8993616700 -0.8802407384 0.1937854290 -0.4331552386 0.1866689622 0.9806271195 0.0593727902
