-35.6 467.1 2009.7 7 0.4283556342 0.0208129641 -0.9033704996 -0.1206365973 0.9921023846 -0.0343455672 0.8955212235 0.1236916631 0.4274834692
-39.7 269.8 1985.1 0.4283556342 0.0208129641 -0.9033704996 -0.1206365973 0.9921023846 -0.0343455672 0.8955212235 0.1236916631 0.4274834692
-39.2 72.6 1972.2 0.4289215505 0.0073171668 -0.9033120871 -0.0806354210 0.9962854981 -0.0302179959 0.8997356296 0.0858000964 0.4279183447
-98.0 282.0 1862.7 0.1726620495 -0.8721830249 -0.4576948285 0.9555187225 0.2611165047 -0.1371209919 0.2391062826 -0.4136603773 0.8784721494
-151.1 -12.0 1789.1 -0.1292463690 -0.8721830249 -0.4717966914 0.6925662756 0.2611165047 -0.6724359989 0.7096811533 -0.4136603773 0.5702961683
18.5 257.7 2107.5 0.1334547549 0.4410765767 -0.8874915838 -0.9761057496 0.2134510577 -0.0406963862 0.1714857817 0.8717167377 0.4590234458
66.3 -92.0 2168.9 0.5197489858 0.4061127901 -0.7516205311 -0.8539405465 0.2731464505 -0.4429182410 0.0254277177 0.8720455170 0.4887637496
-78.7 -116.8 1876.5 0.9931420088 0.0633147657 -0.0982863158 -0.0607303418 0.9977307916 0.0290705767 0.0999038815 -0.0229022503 0.9947335124
-103.8 -513.4 1885.7 0.9949785471 0.0000000000 -0.1000886187 0.0000000000 1.0000000000 0.0000000000 0.1000886187 0.0000000000 0.9949785471
-7.0 -130.0 2044.9 0.6230702400 -0.0589700527 -0.7799397707 0.0006627099 0.9971933365 -0.0748668462 0.7821655869 0.0461304300 0.6213605404
16.5 -526.4 2026.6 0.6230702400 0.4523298442 -0.6381074786 0.0006627099 0.8155155778 0.5787346959 0.7821655869 -0.3610152602 0.5078237057
-113.5 -213.4 1582.8 0 0 0 0 0 0 0 0 0
209.1 -326.6 2175.9 0 0 0 0 0 0 0 0 0
-103.8 -895.7 1885.7 0 0 0 0 0 0 0 0 0
-156.4 -838.2 2164.6 0 0 0 0 0 0 0 0 0
-35.3 464.5 2005.2 8 0.4166030586 0.0198912267 -0.9088708758 -0.1109667569 0.9933972955 -0.0291231666 0.9022905827 0.1129872501 0.4160596132
-39.3 267.4 1982.8 0.4166030586 0.0198912267 -0.9088708758 -0.1109667569 0.9933972955 -0.0291231666 0.9022905827 0.1129872501 0.4160596132
-39.1 70.1 1971.5 0.4171324074 0.0090084942 -0.9088010788 -0.0745095536 0.9969237447 -0.0243172795 0.9057863355 0.0778578892 0.4165204465
-95.9 278.7 1859.6 0.1808484197 -0.8683993816 -0.4617102444 0.9564163685 0.2647148073 -0.1232630014 0.2292630672 -0.4192953408 0.8784246445
-151.0 -12.6 1789.8 -0.1290254891 -0.8683993816 -0.4787848592 0.6958286762 0.2647148073 -0.6676439643 0.7065230608 -0.4192953408 0.5701022744
17.3 256.0 2106.0 0.1285118163 0.4304692149 -0.8934097290 -0.9750427604 0.2193067074 -0.0345862880 0.1810424179 0.8755574226 0.4479094148
63.4 -93.3 2170.9 0.5169861913 0.3956714869 -0.7590581775 -0.8551059961 0.2790969312 -0.4369194508 0.0389742479 0.8749565482 0.4826303124
-80.0 -118.0 1872.6 0.9923152924 0.0549160205 -0.1108808666 -0.0509432144 0.9979648590 0.0383522399 0.1127613634 -0.0324088857 0.9930934310
-101.8 -514.7 1885.5 0.9936054349 0.0000000000 -0.1129079685 0.0000000000 1.0000000000 0.0000000000 0.1129079685 0.0000000000 0.9936054349
-1.4 -132.8 2037.6 0.6386592388 -0.0393836536 -0.7684811950 0.0025193356 0.9987910390 -0.0490929969 0.7694855928 0.0294176340 0.6379863620
14.3 -529.7 2025.9 0.6386592388 0.4469228387 -0.6263979077 0.0025193356 0.8128244877 0.5825032592 0.7694855928 -0.3735991716 0.5179919004
-113.5 -214.6 1584.6 0 0 0 0 0 0 0 0 0
205.4 -328.2 2181.6 0 0 0 0 0 0 0 0 0
-101.8 -897.0 1885.5 0 0 0 0 0 0 0 0 0
-156.5 -840.4 2168.7 0 0 0 0 0 0 0 0 0
-36.6 464.3 2003.5 9 0.4246388972 0.0191999357 -0.9051591754 -0.1050292328 0.9940695763 -0.0281866733 0.8992500901 0.1070373356 0.4241371453
-40.4 267.1 1982.3 0.4246388972 0.0191999357 -0.9051591754 -0.1050292328 0.9940695763 -0.0281866733 0.8992500901 0.1070373356 0.4241371453
-41.8 69.7 1972.9 0.4253013730 0.0175126437 -0.9048823118 -0.0690902397 0.9975234866 -0.0131673478 0.9024108052 0.0681186318 0.4254580736
-98.2 277.7 1859.5 0.1737639457 -0.8666145205 -0.4677450061 0.9573802948 0.2599322200 -0.1259294003 0.2307142466 -0.4259278774 0.8748465180
-151.0 -13.5 1789.3 -0.1392063051 -0.8666145205 -0.4791668952 0.6937636137 0.2599322200 -0.6716601253 0.7066212893 -0.4259278774 0.5650413632
17.4 256.5 2105.1 0.1226768494 0.4406282604 -0.8892677426 -0.9742407203 0.2243082821 -0.0232553277 0.1892231703 0.8692137599 0.4567954242
61.3 -92.6 2172.9 0.5106764436 0.4062922001 -0.7577177882 -0.8587331772 0.2843618989 -0.4262811542 0.0422713533 0.8683691621 0.4941135049
-79.2 -121.3 1873.0 0.9930763245 0.0585587434 -0.1018346474 -0.0553438254 0.9978843331 0.0341162048 0.1036170051 -0.0282440763 0.9942161441
-102.4 -518.0 1884.2 0.9946007133 0.0000000000 -0.1037760526 0.0000000000 1.0000000000 0.0000000000 0.1037760526 0.0000000000 0.9946007133
-2.7 -134.9 2039.1 0.6773636341 -0.0365114324 -0.7347417474 -0.0010478235 0.9987186790 -0.0505952053 0.7356476188 0.0350412317 0.6764574647
11.9 -531.9 2025.1 0.6773636341 0.4261979163 -0.5996114016 -0.0010478235 0.8156369328 0.5785630941 0.7356476188 -0.3912693262 0.5529294014
-110.7 -214.5 1584.6 0 0 0 0 0 0 0 0 0
201.6 -328.5 2184.5 0 0 0 0 0 0 0 0 0
-102.4 -900.3 1884.2 0 0 0 0 0 0 0 0 0
-151.0 -843.6 2174.7 0 0 0 0 0 0 0 0 0
-35.7 466.0 2003.1 0 0.4036017954 0.0237569641 -0.9146262407 -0.1069682017 0.9940325022 -0.0213829018 0.9086602330 0.1064661071 0.4037345350
-40.4 268.9 1982.0 0.4036017954 0.0237569641 -0.9146262407 -0.1069682017 0.9940325022 -0.0213829018 0.9086602330 0.1064661071 0.4037345350
-42.1 71.5 1973.1 0.4044270217 0.0184295718 -0.9143845439 -0.0680082887 0.9976348877 -0.0099721784 0.9120382071 0.0662187487 0.4047238827
-95.3 279.4 1857.9 0.1801075339 -0.8618186116 -0.4741623998 0.9575096369 0.2639923394 -0.1161180139 0.2252478898 -0.4331013262 0.8727465868
-150.5 -14.4 1788.8 -0.1426901668 -0.8618186116 -0.4867321849 0.6932067871 0.2639923394 -0.6706507206 0.7064728141 -0.4331013262 0.5597494245
14.5 258.5 2106.1 0.1159088612 0.4212355614 -0.8995141983 -0.9740897417 0.2252735347 -0.0200245958 0.1942016631 0.8785285354 0.4364324510
56.1 -90.5 2175.7 0.5074460506 0.3870768547 -0.7698506713 -0.8598697186 0.2854082286 -0.4232802391 0.0558797345 0.8767631650 0.4776649475
-84.3 -122.3 1876.6 0.9912945628 0.0411506854 -0.1250669658 -0.0384527482 0.9989743233 0.0239110030 0.1259226352 -0.0188936777 0.9918601513
-100.7 -519.4 1884.1 0.9920282364 0.0000000000 -0.1260158420 0.0000000000 1.0000000000 0.0000000000 0.1260158420 0.0000000000 0.9920282364
-6.3 -135.0 2042.1 0.6558687091 -0.0466511659 -0.7534320951 -0.0020543691 0.9979745746 -0.0635811388 0.7548722029 0.0432487093 0.6544444561
12.3 -531.7 2024.9 0.6558687091 0.4366624653 -0.6157613993 -0.0020543691 0.8167425990 0.5769985318 0.7548722029 -0.3771702945 0.5365729928
-109.2 -215.0 1584.3 0 0 0 0 0 0 0 0 0
195.5 -326.7 2191.1 0 0 0 0 0 0 0 0 0
-100.7 -901.7 1884.1 0 0 0 0 0 0 0 0 0
-154.6 -843.8 2169.1 0 0 0 0 0 0 0 0 0
-37.0 465.6 2003.0 1 0.4152739644 0.0087222783 -0.9096545577 -0.0962097943 0.9947670698 -0.0343831480 0.9045944810 0.1017961055 0.4139400125
-38.7 267.9 1982.7 0.4152739644 0.0087222783 -0.9096545577 -0.0962097943 0.9947670698 -0.0343831480 0.9045944810 0.1017961055 0.4139400125
-37.9 70.4 1974.2 0.4155328870 0.0057538957 -0.9095599651 -0.0605670325 0.9979356527 -0.0213571135 0.9075593948 0.0639639273 0.4150235653
-95.2 277.3 1859.2 0.1810650080 -0.8584071994 -0.4799505770 0.9565746784 0.2670689523 -0.1167863980 0.2284301817 -0.4379626513 0.8694874048
-150.5 -14.7 1789.5 -0.1450175047 -0.8584071994 -0.4920437336 0.6926082969 0.2670689523 -0.6700506806 0.7065859437 -0.4379626513 0.5558102727
17.7 258.4 2106.2 0.1311749369 0.4280177355 -0.8942001462 -0.9720165133 0.2328396291 -0.0311392397 0.1948770881 0.8732619882 0.4465830326
64.7 -89.8 2176.1 0.5195607543 0.3930356801 -0.7586696148 -0.8528547287 0.2925063074 -0.4325261414 0.0519174337 0.8717585802 0.4871771336
-82.8 -120.6 1876.3 0.9924228787 0.0453057736 -0.1142110601 -0.0427629910 0.9987819195 0.0246176980 0.1151872650 -0.0195471607 0.9931514263
-100.8 -517.7 1884.0 0.9933315516 0.0000000000 -0.1152927279 0.0000000000 1.0000000000 0.0000000000 0.1152927279 0.0000000000 0.9933315516
-8.6 -133.1 2043.6 0.6697343588 -0.0548762828 -0.7405704260 -0.0005323251 0.9972301126 -0.0743761808 0.7426006198 0.0502065048 0.6678500175
13.2 -529.5 2023.6 0.6697343588 0.4301117957 -0.6053591967 -0.0005323251 0.8154658079 0.5788049698 0.7426006198 -0.3873233199 0.5463744402
-108.4 -215.9 1584.3 0 0 0 0 0 0 0 0 0
207.4 -324.1 2190.3 0 0 0 0 0 0 0 0 0
-100.8 -900.0 1884.0 0 0 0 0 0 0 0 0 0
-151.2 -841.2 2171.6 0 0 0 0 0 0 0 0 0
-36.2 467.0 2002.9 2 0.3852519393 0.0167955589 -0.9226585627 -0.0986935496 0.9948497415 -0.0230993610 0.9175186753 0.0999595225 0.3849253953
-39.5 269.4 1983.0 0.3852519393 0.0167955589 -0.9226585627 -0.0986935496 0.9948497415 -0.0230993610 0.9175186753 0.0999595225 0.3849253953
-39.9 72.0 1975.3 0.3857966959 0.0111557739 -0.9225163460 -0.0598516017 0.9981231689 -0.0129598938 0.9206403494 0.0602139682 0.3857403100
-91.9 278.8 1857.8 0.1902743280 -0.8522146344 -0.4873662889 0.9557620883 0.2742301822 -0.1063799113 0.2243090719 -0.4455648363 0.8666933775
-150.3 -14.4 1789.0 -0.1450157315 -0.8522146344 -0.5026934147 0.6944498420 0.2742301822 -0.6652347445 0.7047764659 -0.4455648363 0.5520526171
12.9 260.1 2108.3 0.1176047698 0.4015642703 -0.9082484245 -0.9721366763 0.2333108038 -0.0227235481 0.2027792037 0.8856140375 0.4178138077
55.0 -88.2 2180.9 0.5112479925 0.3670948744 -0.7770887017 -0.8564224243 0.2932258546 -0.4249225855 0.0718755946 0.8827570081 0.4642994106
-77.1 -122.4 1878.2 0.9870138168 0.0668090060 -0.1460830569 -0.0639338717 0.9976583719 0.0242940579 0.1473640501 -0.0146389166 0.9889739752
-103.7 -519.0 1884.0 0.9890372753 0.0000000000 -0.1476661563 0.0000000000 1.0000000000 0.0000000000 0.1476661563 0.0000000000 0.9890372753
-0.9 -133.5 2044.7 0.6884985566 -0.0301951151 -0.7246088386 -0.0127150575 0.9984767437 -0.0536888540 0.7251262665 0.0461781435 0.6870658994
11.1 -530.4 2026.4 0.6884985566 0.4228023291 -0.5892435312 -0.0127150575 0.8193956017 0.5730874538 0.7251262665 -0.3870775998 0.5695286393
-108.1 -216.0 1584.3 0 0 0 0 0 0 0 0 0
195.4 -323.5 2200.7 0 0 0 0 0 0 0 0 0
-103.7 -901.3 1884.0 0 0 0 0 0 0 0 0 0
-150.5 -843.6 2174.3 0 0 0 0 0 0 0 0 0
-35.9 467.9 2001.8 3 0.3859314322 0.0216941927 -0.9222723246 -0.0944858938 0.9953956008 -0.0161240548 0.9176760316 0.0933645070 0.3862042427
-40.2 270.2 1983.3 0.3859314322 0.0216941927 -0.9222723246 -0.0944858938 0.9953956008 -0.0161240548 0.9176760316 0.0933645070 0.3862042427
-41.1 72.7 1977.0 0.3866523206 0.0140468348 -0.9221186042 -0.0542696789 0.9984977841 -0.0075454102 0.9206274152 0.0529605299 0.3868338168
-92.7 278.8 1858.0 0.1885009259 -0.8522341847 -0.4880208373 0.9561479092 0.2726871669 -0.1068777293 0.2241618782 -0.4464735687 0.8662636876
-150.5 -14.3 1789.3 -0.1477606446 -0.8522341847 -0.5018602610 0.6932074428 0.2726871669 -0.6671620011 0.7054291368 -0.4464735687 0.5504826307
12.3 261.6 2108.6 0.1150799394 0.4032101929 -0.9078425765 -0.9709707499 0.2385851592 -0.0171167161 0.2096961290 0.8834583759 0.4189616442
53.5 -86.2 2183.7 0.5089027286 0.3689072728 -0.7777695060 -0.8573259115 0.2985754907 -0.4193386734 0.0775258169 0.8802045584 0.4682196677
-77.5 -121.0 1878.8 0.9870916605 0.0666677356 -0.1456209421 -0.0642156005 0.9977048635 0.0214807019 0.1467187852 -0.0118522849 0.9891072512
-104.0 -517.6 1883.5 0.9891331792 0.0000000000 -0.1470222324 0.0000000000 1.0000000000 0.0000000000 0.1470222324 0.0000000000 0.9891331792
-6.7 -131.9 2047.7 0.6573653221 -0.0537212901 -0.7516547441 -0.0036144941 0.9972194433 -0.0744330585 0.7535634041 0.0516465604 0.6553432941
14.6 -528.2 2027.2 0.6573653221 0.4411860108 -0.6109220386 -0.0036144941 0.8125382066 0.5828967094 0.7535634041 -0.3809679151 0.5357291102
-107.6 -215.8 1584.3 0 0 0 0 0 0 0 0 0
193.3 -321.7 2205.0 0 0 0 0 0 0 0 0 0
-104.0 -899.9 1883.5 0 0 0 0 0 0 0 0 0
-154.0 -838.8 2172.8 0 0 0 0 0 0 0 0 0
-35.6 469.7 2001.8 4 0.4009848535 0.0118579660 -0.9160079360 -0.0876034945 0.9958300591 -0.0254573729 0.9118863940 0.0904535130 0.4003515840
-38.0 271.6 1983.8 0.4009848535 0.0118579660 -0.9160079360 -0.0876034945 0.9958300591 -0.0254573729 0.9118863940 0.0904535130 0.4003515840
-36.9 74.0 1977.8 0.4012984335 0.0041573206 -0.9159379005 -0.0485525317 0.9986803532 -0.0167393666 0.9146596193 0.0511885881 0.4009706974
-92.5 279.4 1859.3 0.1896833777 -0.8477399945 -0.4953353107 0.9551740289 0.2761156857 -0.1067836061 0.2272945940 -0.4528763294 0.8621137738
-150.8 -14.4 1789.4 -0.1494990140 -0.8477399945 -0.5089075565 0.6948193908 0.2761156857 -0.6640678644 0.7034742832 -0.4528763294 0.5477471948
16.5 263.7 2108.3 0.1286838055 0.4141445458 -0.9010686874 -0.9693235159 0.2443983555 -0.0261023380 0.2094095647 0.8767859936 0.4328901768
62.6 -83.5 2183.3 0.5191908479 0.3791548610 -0.7659519911 -0.8517019153 0.3040128350 -0.4268255532 0.0710262656 0.8739666939 0.4807676077
-79.3 -120.8 1882.0 0.9896098971 0.0583418645 -0.1314096302 -0.0577661656 0.9982965589 0.0081920102 0.1316637099 -0.0005158636 0.9912943244
-102.5 -517.7 1882.2 0.9912651777 0.0000000000 -0.1318839341 0.0000000000 1.0000000000 0.0000000000 0.1318839341 0.0000000000 0.9912651777
-8.4 -130.8 2050.9 0.6570608020 -0.0559583642 -0.7517577410 -0.0080855945 0.9966605306 -0.0812551901 0.7537941933 0.0594680086 0.6544141173
13.8 -526.9 2027.2 0.6570608020 0.4398537576 -0.6122089028 -0.0080855945 0.8161885738 0.5777290463 0.7537941933 -0.3746530414 0.5398420095
-107.5 -215.9 1585.4 0 0 0 0 0 0 0 0 0
205.2 -317.5 2202.8 0 0 0 0 0 0 0 0 0
-102.5 -900.0 1882.2 0 0 0 0 0 0 0 0 0
-154.3 -838.9 2170.5 0 0 0 0 0 0 0 0 0
-35.4 470.7 2001.3 5 0.4417175353 0.0050497288 -0.8971399665 -0.0802423954 0.9961987138 -0.0339009985 0.8935585022 0.0869633257 0.4404436350
-36.4 272.3 1984.0 0.4417175353 0.0050497288 -0.8971399665 -0.0802423954 0.9961987138 -0.0339009985 0.8935585022 0.0869633257 0.4404436350
-34.0 74.8 1978.1 0.4417815506 -0.0015437125 -0.8971213102 -0.0438111126 0.9987682700 -0.0232931171 0.8960522413 0.0495943539 0.4411697388
-96.4 279.5 1862.1 0.1755983829 -0.8563762307 -0.4855768979 0.9558562636 0.2663514018 -0.1240796521 0.2355929613 -0.4423535168 0.8653434515
-150.3 -13.8 1789.8 -0.1469546705 -0.8563762307 -0.4949990213 0.6955398917 0.2663514018 -0.6672939658 0.7032983899 -0.4423535168 0.5565022230
23.6 265.1 2105.9 0.1455558538 0.4506015778 -0.8807790279 -0.9679156542 0.2491668463 -0.0324835368 0.2048238069 0.8572480083 0.4724120200
75.7 -81.6 2179.2 0.5286017060 0.4150470793 -0.7404837608 -0.8474476337 0.3084979355 -0.4320433736 0.0491193570 0.8559000492 0.5148032308
-74.5 -120.1 1883.7 0.9935237169 0.0719748735 -0.0879216418 -0.0721589699 0.9973925352 0.0010868044 0.0877706110 0.0052645686 0.9961268306
-103.1 -516.6 1881.6 0.9961204529 0.0000000000 -0.0880000144 0.0000000000 1.0000000000 0.0000000000 0.0880000144 0.0000000000 0.9961204529
-0.9 -129.0 2051.5 0.6533425450 -0.0439295955 -0.7557868361 -0.0177031793 0.9971555471 -0.0732625648 0.7568554282 0.0612453744 0.6507064104
16.6 -525.4 2027.2 0.6533425450 0.4505719841 -0.6083818078 -0.0177031793 0.8124814630 0.5827181935 0.7568554282 -0.3699442744 0.5388052464
-107.6 -216.0 1585.3 0 0 0 0 0 0 0 0 0
220.9 -314.4 2192.7 0 0 0 0 0 0 0 0 0
-103.1 -898.9 1881.6 0 0 0 0 0 0 0 0 0
-155.7 -835.9 2168.6 0 0 0 0 0 0 0 0 0
-35.6 469.9 2000.5 6 0.4238722622 0.0059059472 -0.9057027102 -0.0797235370 0.9963406324 -0.0308139306 0.9022064209 0.0852669924 0.4227919877
-36.8 271.8 1983.6 0.4238722622 0.0059059472 -0.9057027102 -0.0797235370 0.9963406324 -0.0308139306 0.9022064209 0.0852669924 0.4227919877
-35.7 74.3 1978.3 0.4240613282 0.0049120900 -0.9056201577 -0.0448549353 0.9988719225 -0.0155856665 0.9045220017 0.0472308099 0.4238032699
-94.4 279.1 1860.5 0.1824947298 -0.8498662710 -0.4943915009 0.9551994205 0.2724142671 -0.1156914085 0.2330015302 -0.4511294067 0.8615059853
-150.2 -13.3 1789.2 -0.1471220702 -0.8498662710 -0.5060458183 0.6993589997 0.2724142671 -0.6608232856 0.6994655728 -0.4511294067 0.5542834997
20.8 264.5 2106.7 0.1343860626 0.4358032048 -0.8899527788 -0.9684540033 0.2479532659 -0.0248191729 0.2098504305 0.8652136922 0.4553768039
69.0 -82.4 2181.8 0.5212503076 0.4007227123 -0.7534715533 -0.8511995673 0.3075414598 -0.4252970219 0.0612975769 0.8630408645 0.5014010668
-74.2 -119.8 1886.1 0.9914481640 0.0739178807 -0.1075483561 -0.0744874626 0.9972211123 -0.0012830186 0.1071546525 0.0092830509 0.9941990376
-103.6 -516.3 1882.4 0.9942101240 0.0000000000 -0.1074531674 0.0000000000 1.0000000000 0.0000000000 0.1074531674 0.0000000000 0.9942101240
6.8 -127.8 2050.4 0.6423285604 -0.0214154013 -0.7661301494 -0.0252088085 0.9984783530 -0.0490453951 0.7660146952 0.0508164875 0.6408113241
15.3 -524.6 2030.2 0.6423285604 0.4455939829 -0.6235864162 -0.0252088085 0.8254681826 0.5638854504 0.7660146952 -0.3464798927 0.5414546728
-107.4 -216.8 1585.6 0 0 0 0 0 0 0 0 0
212.2 -316.3 2198.7 0 0 0 0 0 0 0 0 0
-103.6 -898.6 1882.4 0 0 0 0 0 0 0 0 0
-155.0 -840.1 2162.6 0 0 0 0 0 0 0 0 0
-35.7 468.7 2000.7 7 0.4083981812 0.0244528782 -0.9124763012 -0.0959724039 0.9952508211 -0.0162833929 0.9077445865 0.0942226499 0.4088054001
-40.6 271.0 1981.9 0.4083981812 0.0244528782 -0.9124763012 -0.0959724039 0.9952508211 -0.0162833929 0.9077445865 0.0942226499 0.4088054001
-42.6 73.6 1974.8 0.4092046320 0.0202544071 -0.9122177958 -0.0600134917 0.9981862307 -0.0047577769 0.9104669094 0.0566922799 0.4096779823
-96.2 280.4 1858.1 0.1765947640 -0.8604831100 -0.4778944850 0.9581812620 0.2613618970 -0.1165271699 0.2251730710 -0.4373314679 0.8706539273
-150.4 -13.7 1788.9 -0.1428415477 -0.8604831100 -0.4890451133 0.7002000213 0.2613618970 -0.6643868685 0.6995114088 -0.4373314679 0.5651769638
15.0 261.7 2105.8 0.1155112460 0.4262657762 -0.8971926570 -0.9723889828 0.2329130322 -0.0145331249 0.2027728856 0.8740989566 0.4414002001
56.3 -86.7 2178.5 0.5064700246 0.3921867609 -0.7679046988 -0.8600766063 0.2930803895 -0.4175788462 0.0612889268 0.8719480634 0.4857470989
-75.6 -120.2 1885.9 0.9902589321 0.0661731735 -0.1225087196 -0.0670257807 0.9977471828 -0.0028469635 0.1220443398 0.0110304737 0.9924633503
-101.9 -516.9 1881.6 0.9924907684 0.0000000000 -0.1223194078 0.0000000000 1.0000000000 0.0000000000 0.1223194078 0.0000000000 0.9924907684
2.2 -128.4 2051.8 0.6355997920 -0.0354569927 -0.7712040544 -0.0198066495 0.9978670478 -0.0622020438 0.7717645764 0.0548105761 0.6335418224
16.3 -525.1 2030.0 0.6355997920 0.4486000240 -0.6283079386 -0.0198066495 0.8230582476 0.5676115155 0.7717645764 -0.3483290970 0.5320209265
-108.9 -216.9 1586.0 0 0 0 0 0 0 0 0 0
195.5 -323.0 2195.3 0 0 0 0 0 0 0 0 0
-101.9 -899.2 1881.6 0 0 0 0 0 0 0 0 0
-155.2 -839.7 2163.2 0 0 0 0 0 0 0 0 0
-36.9 471.1 2000.7 8 0.4081873596 0.0274213720 -0.9124862552 -0.1013652831 0.9947292805 -0.0154513950 0.9072530866 0.0988014936 0.4088154733
-42.4 273.7 1981.1 0.4081873596 0.0274213720 -0.9124862552 -0.1013652831 0.9947292805 -0.0154513950 0.9072530866 0.0988014936 0.4088154733
-44.9 76.3 1973.4 0.4091341496 0.0227236208 -0.9121912718 -0.0637413412 0.9979594946 -0.0037289399 0.9102451801 0.0596699305 0.4097477198
-97.9 283.6 1857.2 0.1699160188 -0.8700899482 -0.4626791477 0.9610223174 0.2502107918 -0.1176037788 0.2180931866 -0.4246622324 0.8786907196
-150.6 -14.3 1789.6 -0.1420833766 -0.8700899482 -0.4719700813 0.6976746321 0.2502107918 -0.6713007689 0.7021840811 -0.4246622324 0.5714889169
13.2 263.9 2105.0 0.1131277978 0.4269152582 -0.8971875310 -0.9732722044 0.2292494476 -0.0136360098 0.1998583227 0.8747502565 0.4414392412
53.7 -84.8 2176.6 0.5043503642 0.3929847181 -0.7688912153 -0.8615034223 0.2895069122 -0.4171302617 0.0586734973 0.8727821708 0.4845705926
-84.2 -119.4 1880.0 0.9918749928 0.0377091654 -0.1214990318 -0.0365248695 0.9992611408 0.0119605726 0.1218602881 -0.0074256565 0.9925194979
-99.1 -516.4 1883.0 0.9925372601 0.0000000000 -0.1219416484 0.0000000000 1.0000000000 0.0000000000 0.1219416484 0.0000000000 0.9925372601
-9.1 -130.3 2047.0 0.6135303378 -0.0577400103 -0.7875573635 0.0037481009 0.9975249171 -0.0702139661 0.7896622419 0.0401265547 0.6122282147
13.8 -526.8 2031.1 0.6135303378 0.4417179227 -0.6545729637 0.0037481009 0.8272801638 0.5617770553 0.7896622419 -0.3471206725 0.5059059262
-109.4 -216.6 1586.0 0 0 0 0 0 0 0 0 0
192.3 -321.5 2192.7 0 0 0 0 0 0 0 0 0
-99.1 -898.8 1883.0 0 0 0 0 0 0 0 0 0
-155.0 -843.0 2163.8 0 0 0 0 0 0 0 0 0
-36.3 471.6 2000.7 9 0.4213242531 0.0326581039 -0.9063218832 -0.1028333455 0.9946266413 -0.0119643621 0.9010611176 0.0982409865 0.4224186838
-42.8 274.4 1981.3 0.4213242531 0.0326581039 -0.9063218832 -0.1028333455 0.9946266413 -0.0119643621 0.9010611176 0.0982409865 0.4224186838
-46.1 77.0 1973.2 0.4223860800 0.0268393382 -0.9060185552 -0.0672772154 0.9977326989 -0.0018084310 0.9039158225 0.0617182590 0.4232340753
-100.2 284.8 1858.3 0.1623465717 -0.8735442162 -0.4588726759 0.9620587230 0.2434779704 -0.1231318265 0.2192864716 -0.4214724302 0.8799286485
-150.5 -13.6 1790.2 -0.1435289234 -0.8735442162 -0.4651021063 0.6985495687 0.2434779704 -0.6728647947 0.7010192275 -0.4214724302 0.5752677917
14.6 264.1 2104.3 0.1129271016 0.4405876696 -0.8905784488 -0.9741153717 0.2257410139 -0.0118409777 0.1958230883 0.8688633442 0.4546754956
55.0 -84.9 2174.5 0.5023718476 0.4068270326 -0.7629641294 -0.8632556200 0.2861115038 -0.4158484340 0.0491144285 0.8675436378 0.4949300885
-86.9 -116.3 1878.0 0.9938073754 0.0315927006 -0.1065306365 -0.0301478375 0.9994306564 0.0151465358 0.1069485098 -0.0118410708 0.9941940308
-99.5 -513.5 1882.8 0.9942593575 0.0000000000 -0.1069971398 0.0000000000 1.0000000000 0.0000000000 0.1069971398 0.0000000000 0.9942593575
-11.9 -127.9 2045.0 0.6053342819 -0.0733719021 -0.7925824523 0.0144232921 0.9965900779 -0.0812417641 0.7958406806 0.0377467759 0.6043283939
17.3 -524.0 2030.0 0.6053342819 0.4464435875 -0.6589829326 0.0144232921 0.8216096759 0.5698679686 0.7958406806 -0.3544653356 0.4909093082
-108.8 -216.7 1586.5 0 0 0 0 0 0 0 0 0
193.0 -322.1 2187.9 0 0 0 0 0 0 0 0 0
-99.5 -895.8 1882.8 0 0 0 0 0 0 0 0 0
-153.4 -838.1 2165.5 0 0 0 0 0 0 0 0 0
-34.6 472.4 2000.8 0 0.4007298648 0.0398655236 -0.9153285027 -0.1077029780 0.9941756725 -0.0038526757 0.9098437428 0.1001274884 0.4026895165
-42.5 275.1 1980.9 0.4007298648 0.0398655236 -0.9153285027 -0.1077029780 0.9941756725 -0.0038526757 0.9098437428 0.1001274884 0.4026895165
-46.3 77.7 1972.0 0.4019672871 0.0289434269 -0.9151964784 -0.0718869194 0.9974128008 -0.0000302067 0.9128277898 0.0658027977 0.4030079842
-97.1 286.1 1856.7 0.1713920534 -0.8683683276 -0.4653613865 0.9622134566 0.2489871532 -0.1102300584 0.2115892917 -0.4288844466 0.8782300949
-150.5 -14.0 1790.7 -0.1458279490 -0.8683683276 -0.4739943743 0.6983876228 0.2489871532 -0.6710142493 0.7007060051 -0.4288844466 0.5701484084
12.1 264.1 2105.1 0.1051497459 0.4219653606 -0.9004936218 -0.9751786590 0.2211831659 -0.0102256685 0.1948591471 0.8792173862 0.4347489774
49.7 -85.2 2174.9 0.4981414974 0.3884532750 -0.7752155066 -0.8652055860 0.2816778421 -0.4148215652 0.0572222471 0.8773605824 0.4764073789
-90.1 -115.2 1878.0 0.9914903045 0.0210445821 -0.1284685135 -0.0193520952 0.9997088909 0.0144085223 0.1287343353 -0.0117997751 0.9916089177
-98.5 -512.6 1882.7 0.9916759729 0.0000000000 -0.1287584603 0.0000000000 1.0000000000 0.0000000000 0.1287584603 0.0000000000 0.9916759729
-12.7 -127.5 2043.8 0.5998150110 -0.0709284320 -0.7969887853 0.0141267646 0.9968467355 -0.0780830756 0.8000140190 0.0355765261 0.5989256501
15.5 -523.8 2029.7 0.5998150110 0.4419045150 -0.6670399904 0.0141267646 0.8276768327 0.5610271692 0.8000140190 -0.3459356427 0.4902102947
-108.1 -217.2 1586.7 0 0 0 0 0 0 0 0 0
186.6 -322.9 2190.6 0 0 0 0 0 0 0 0 0
-98.5 -894.9 1882.7 0 0 0 0 0 0 0 0 0
-153.4 -840.2 2161.9 0 0 0 0 0 0 0 0 0
-34.2 474.8 2000.8 1 0.4348758757 0.0310796406 -0.8999539018 -0.1022635996 0.9946432114 -0.0150661236 0.8946648240 0.0985844210 0.4357246757
-40.3 277.0 1981.2 0.4348758757 0.0310796406 -0.8999539018 -0.1022635996 0.9946432114 -0.0150661236 0.8946648240 0.0985844210 0.4357246757
-42.2 79.5 1972.2 0.4357667267 0.0201794486 -0.8998333812 -0.0676390007 0.9976558089 -0.0103826774 0.8975145221 0.0653882548 0.4361101389
-99.5 287.4 1859.1 0.1650890261 -0.8679193854 -0.4684672058 0.9621241689 0.2461958379 -0.1170668826 0.2169393003 -0.4313971698 0.8756904602
-151.0 -12.7 1791.4 -0.1478290111 -0.8679193854 -0.4741966724 0.7011273503 0.2461958379 -0.6691845655 0.6975435615 -0.4313971698 0.5721271634
18.8 266.5 2103.3 0.1230735332 0.4512505233 -0.8838698268 -0.9739953279 0.2256458402 -0.0204218291 0.1902261972 0.8633984923 0.4672869146
62.9 -82.4 2171.4 0.5095314384 0.4170192778 -0.7526437640 -0.8595935702 0.2857622802 -0.4236022234 0.0384269133 0.8628063798 0.5040719509
-88.9 -114.0 1875.2 0.9955163002 0.0209706500 -0.0922363326 -0.0190399382 0.9995818734 0.0217627138 0.0926541463 -0.0199089609 0.9954993129
-97.2 -511.4 1883.1 0.9956967831 0.0000000000 -0.0926709399 0.0000000000 1.0000000000 0.0000000000 0.0926709399 0.0000000000 0.9956967831
-15.1 -127.2 2042.7 0.6108943820 -0.0758887008 -0.7880666256 0.0159903225 0.9963750243 -0.0835528523 0.7915506363 0.0384405293 0.6098933816
15.0 -523.3 2027.4 0.6108943820 0.4407835305 -0.6576609612 0.0159903225 0.8236432076 0.5668829083 0.7915506363 -0.3568217754 0.4961107075
-107.9 -217.0 1588.1 0 0 0 0 0 0 0 0 0
202.9 -318.5 2182.0 0 0 0 0 0 0 0 0 0
-97.2 -893.7 1883.1 0 0 0 0 0 0 0 0 0
-153.5 -838.1 2163.8 0 0 0 0 0 0 0 0 0
-22.3 477.6 1990.8 2 0.4694655538 0.0778708011 -0.8795102239 -0.0979503468 0.9945482016 0.0357721224 0.8775008917 0.0693545565 0.4745335877
-37.8 279.2 1976.9 0.4694655538 0.0778708011 -0.8795102239 -0.0979503468 0.9945482016 0.0357721224 0.8775008917 0.0693545565 0.4745335877
-46.5 81.9 1972.7 0.4718212187 0.0557067096 -0.8799326420 -0.0628185570 0.9975897074 0.0294719264 0.8794535398 0.0413706191 0.4741834104
-101.9 289.0 1857.2 0.1594938189 -0.8786828518 -0.4499757290 0.9645856619 0.2357110828 -0.1183838099 0.2100860924 -0.4151586592 0.8851593733
-151.7 -12.6 1791.6 -0.1522234529 -0.8786828518 -0.4524869621 0.6858921051 0.2357110828 -0.6884710193 0.7116038799 -0.4151586592 0.5668008924
26.3 269.5 2096.7 0.0991942212 0.4954221249 -0.8629701138 -0.9732373357 0.2289667428 0.0195785146 0.2072910964 0.8379326463 0.5048754811
61.8 -79.2 2170.9 0.4822505414 0.4631876051 -0.7435668707 -0.8752703071 0.2901776731 -0.3869092762 0.0365549177 0.8374091983 0.5453526974
-86.2 -112.6 1876.9 0.9983004332 0.0308367833 -0.0494498648 -0.0300229583 0.9994026423 0.0171169266 0.0499481559 -0.0156032043 0.9986299276
-98.4 -509.9 1883.1 0.9987506866 0.0000000000 -0.0499706827 0.0000000000 1.0000000000 0.0000000000 0.0499706827 0.0000000000 0.9987506866
-6.3 -125.0 2041.5 0.7284216881 -0.0483367741 -0.6834218502 0.0015674282 0.9976230860 -0.0688888356 0.6851272583 0.0491089039 0.7267660499
12.9 -521.5 2022.0 0.7284216881 0.3869149089 -0.5654190183 0.0015674282 0.8243305087 0.5661066771 0.6851272583 -0.4132506549 0.5998537540
-107.4 -212.0 1584.6 0 0 0 0 0 0 0 0 0
194.3 -319.6 2181.0 0 0 0 0 0 0 0 0 0
-98.4 -892.3 1883.1 0 0 0 0 0 0 0 0 0
-134.5 -835.6 2179.5 0 0 0 0 0 0 0 0 0
-13.2 480.6 1980.3 3 0.5189093351 0.0966965333 -0.8493426442 -0.0904788747 0.9942131639 0.0579114147 0.8500274420 0.0467967913 0.5246554613
-32.6 281.8 1970.9 0.5189093351 0.0966965333 -0.8493426442 -0.0904788747 0.9942131639 0.0579114147 0.8500274420 0.0467967913 0.5246554613
-44.5 84.5 1970.4 0.5217679143 0.0729740486 -0.8499605656 -0.0569292791 0.9970921278 0.0506587960 0.8511857986 0.0219555087 0.5244050622
-103.4 290.7 1855.1 0.1576126516 -0.8818997741 -0.4443096519 0.9664479494 0.2301682383 -0.1140215844 0.2028215677 -0.4114308953 0.8885876536
-153.1 -13.7 1791.2 -0.1599906385 -0.8818997741 -0.4434589148 0.6748033762 0.2301682383 -0.7011868358 0.7204466462 -0.4114308953 0.5582842231
38.3 272.8 2086.8 0.0966399387 0.5472501516 -0.8313711286 -0.9714263678 0.2337790430 0.0409648865 0.2167751938 0.8036570549 0.5542056561
72.9 -75.2 2164.4 0.4704077840 0.5159606934 -0.7158917785 -0.8821667433 0.2954794466 -0.3667066693 0.0223250911 0.8040375710 0.5941591859
-100.7 -110.5 1884.1 0.9997728467 -0.0192524418 0.0091445064 0.0193252284 0.9997817278 -0.0079391003 -0.0089896629 0.0081140166 0.9999266863
-93.1 -507.4 1880.8 0.9999595881 0.0000000000 0.0089913420 0.0000000000 1.0000000000 0.0000000000 -0.0089913420 0.0000000000 0.9999595881
-14.2 -122.1 2045.2 0.7317779660 -0.0727572516 -0.6776484251 0.0091235656 0.9952421784 -0.0970040783 0.6814820766 0.0648028776 0.7289600968
14.7 -517.6 2019.5 0.7317779660 0.3858006001 -0.5618352890 0.0091235656 0.8187385798 0.5740939975 0.6814820766 -0.4252352715 0.5956149697
-106.8 -209.1 1582.6 0 0 0 0 0 0 0 0 0
202.1 -317.5 2170.6 0 0 0 0 0 0 0 0 0
-93.1 -889.7 1880.8 0 0 0 0 0 0 0 0 0
-132.6 -830.1 2181.8 0 0 0 0 0 0 0 0 0
-8.8 484.1 1980.0 4 0.5162633657 0.1005068421 -0.8505119085 -0.0860621482 0.9941513538 0.0652410388 0.8520947099 0.0395153239 0.5218937993
-29.0 284.8 1972.1 0.5162633657 0.1005068421 -0.8505119085 -0.0860621482 0.9941513538 0.0652410388 0.8520947099 0.0395153239 0.5218937993
-43.0 87.7 1973.8 0.5193228126 0.0835635141 -0.8504827619 -0.0529765934 0.9964416027 0.0655559525 0.8529345393 0.0110109793 0.5219017863
-99.5 293.2 1856.0 0.1703255773 -0.8807768226 -0.4418386519 0.9650145769 0.2398028821 -0.1060254723 0.1993389577 -0.4083219171 0.8908070326
-153.4 -12.4 1792.8 -0.1510182619 -0.8807768226 -0.4488047361 0.6750137210 0.2398028821 -0.6977471709 0.7221841812 -0.4083219171 0.5583218336
41.5 276.4 2088.2 0.0858075991 0.5480066538 -0.8320611715 -0.9699200392 0.2368952930 0.0559979193 0.2277985960 0.8022277355 0.5518500805
72.3 -71.1 2169.9 0.4609185755 0.5173767209 -0.7210238576 -0.8868210316 0.2989257574 -0.3524086773 0.0332045704 0.8018507957 0.5966009498
-106.6 -108.3 1888.2 0.9992604256 -0.0377411433 0.0073610889 0.0378494672 0.9991681576 -0.0151778637 -0.0067821359 0.0154452519 0.9998577237
-91.6 -505.2 1882.1 0.9999769926 0.0000000000 0.0067869988 0.0000000000 1.0000000000 0.0000000000 -0.0067869988 0.0000000000 0.9999769926
-11.1 -118.9 2044.1 0.7034820318 -0.0703873783 -0.7072189450 0.0062231449 0.9956555963 -0.0929043517 0.7106857896 0.0609554127 0.7008638382
16.9 -514.7 2019.8 0.7034820318 0.4019765556 -0.5861125588 0.0062231449 0.8211668134 0.5706543326 0.7106857896 -0.4050925374 0.5751745105
-109.6 -208.5 1583.1 0 0 0 0 0 0 0 0 0
198.9 -314.7 2179.0 0 0 0 0 0 0 0 0 0
-91.6 -887.5 1882.1 0 0 0 0 0 0 0 0 0
-136.6 -828.2 2174.5 0 0 0 0 0 0 0 0 0
-9.2 487.3 1979.9 5 0.5073546767 0.1028134003 -0.8555820584 -0.0885518640 0.9938213825 0.0669146329 0.8571754694 0.0418139324 0.5133242607
-29.8 287.6 1971.5 0.5073546767 0.1028134003 -0.8555820584 -0.0885518640 0.9938213825 0.0669146329 0.8571754694 0.0418139324 0.5133242607
-45.5 90.6 1973.4 0.5105590820 0.0918333232 -0.8549245596 -0.0557983443 0.9957230687 0.0736348033 0.8580302596 0.0101084551 0.5134996176
-99.1 296.4 1854.7 0.1706074625 -0.8844576478 -0.4343129992 0.9661057591 0.2368146330 -0.1027546003 0.1937337667 -0.4020615816 0.8948819637
-153.5 -11.4 1792.9 -0.1468391716 -0.8844576478 -0.4429141581 0.6766167283 0.2368146330 -0.6972149014 0.7215455770 -0.4020615816 0.5636651516
39.5 278.8 2088.3 0.0754300356 0.5421713591 -0.8368754387 -0.9701943398 0.2337306589 0.0639764071 0.2302896231 0.8071060181 0.5436419249
66.5 -68.7 2170.8 0.4530971646 0.5120695233 -0.7297176123 -0.8905985355 0.2960153222 -0.3452667892 0.0392070040 0.8063248396 0.5901720524
-107.1 -105.4 1893.5 0.9995272160 -0.0306756627 -0.0020803262 0.0306103956 0.9991850257 -0.0263119154 0.0028857663 0.0262357965 0.9996516109
-94.9 -502.5 1883.1 0.9999958277 0.0000000000 -0.0028871191 0.0000000000 1.0000000000 0.0000000000 0.0028871191 0.0000000000 0.9999958277
-11.9 -115.2 2049.8 0.7153282762 -0.0757127628 -0.6946747899 -0.0014251441 0.9939528108 -0.1097986624 0.6987871528 0.0795321018 0.7108946443
18.2 -510.3 2018.2 0.7153282762 0.3954844773 -0.5761054754 -0.0014251441 0.8252584934 0.5647533536 0.6987871528 -0.4031629860 0.5908943415
-110.8 -208.0 1583.2 0 0 0 0 0 0 0 0 0
191.0 -313.4 2181.6 0 0 0 0 0 0 0 0 0
-94.9 -884.8 1883.1 0 0 0 0 0 0 0 0 0
-132.9 -825.6 2172.2 0 0 0 0 0 0 0 0 0
-8.3 485.4 1979.8 6 0.5057225227 0.1057194695 -0.8561939597 -0.0905747190 0.9934844971 0.0691723824 0.8579282761 0.0425674915 0.5120030046
-29.5 286.1 1971.3 0.5057225227 0.1057194695 -0.8561939597 -0.0905747190 0.9934844971 0.0691723824 0.8579282761 0.0425674915 0.5120030046
-45.1 89.1 1973.1 0.5091736913 0.0916093737 -0.8557744622 -0.0557847396 0.9957410693 0.0734014586 0.8588540554 0.0103650661 0.5121155381
-98.6 294.9 1854.3 0.1727782935 -0.8821666837 -0.4380976558 0.9660331011 0.2385507971 -0.0993660316 0.1921659559 -0.4060485363 0.8934186101
-153.2 -10.6 1793.6 -0.1465291828 -0.8821666837 -0.4475612640 0.6803790927 0.2385507971 -0.6929486394 0.7180622816 -0.4060485363 0.5652531385
39.6 277.3 2088.3 0.0752572119 0.5408084989 -0.8377723694 -0.9702034593 0.2337563187 0.0637435615 0.2303076535 0.8080124855 0.5422860980
66.6 -70.3 2170.8 0.4532182515 0.5106949210 -0.7306051850 -0.8905084729 0.2960348129 -0.3454823494 0.0398484841 0.8071889877 0.5889465213
-110.6 -102.1 1892.7 0.9992024302 -0.0397619605 -0.0036755246 0.0396478102 0.9988445044 -0.0271599200 0.0047512092 0.0269925315 0.9996243715
-94.7 -499.1 1882.0 0.9999886751 0.0000000000 -0.0047549480 0.0000000000 1.0000000000 0.0000000000 0.0047549480 0.0000000000 0.9999886751
-16.9 -112.4 2050.1 0.6876900792 -0.0939000249 -0.7199063301 0.0062859012 0.9923334718 -0.1234290972 0.7259771228 0.0803557038 0.6830081344
20.4 -506.8 2018.1 0.6876900792 0.4037555456 -0.6033769846 0.0062859012 0.8277503252 0.5610614419 0.7259771228 -0.3896291554 0.5666977167
-110.5 -208.8 1584.4 0 0 0 0 0 0 0 0 0
191.1 -314.9 2181.7 0 0 0 0 0 0 0 0 0
-94.7 -881.5 1882.0 0 0 0 0 0 0 0 0 0
-133.9 -823.2 2167.0 0 0 0 0 0 0 0 0 0
-6.0 485.6 1980.3 7 0.4873023927 0.1055565849 -0.8668299913 -0.0892334208 0.9934900403 0.0708163753 0.8686620593 0.0428412184 0.4935492575
-27.3 285.8 1971.7 0.4873023927 0.1055565849 -0.8668299913 -0.0892334208 0.9934900403 0.0708163753 0.8686620593 0.0428412184 0.4935492575
-42.1 88.7 1973.4 0.4908423722 0.0872399658 -0.8668696284 -0.0527017899 0.9961251616 0.0704069585 0.8696529865 0.0111268638 0.4935381413
-93.9 294.2 1853.3 0.1890812516 -0.8746422529 -0.4463733733 0.9635702372 0.2528277636 -0.0872381404 0.1891577393 -0.4136170149 0.8905842304
-153.4 -9.3 1793.7 -0.1435965598 -0.8746422529 -0.4630128741 0.6798099279 0.2528277636 -0.6884305477 0.7191929817 -0.4136170149 0.5582852960
39.3 277.4 2090.1 0.0743133873 0.5223618150 -0.8494796753 -0.9696232677 0.2369115651 0.0608579144 0.2330414057 0.8191526532 0.5240998268
66.0 -69.9 2173.6 0.4559432864 0.4920151234 -0.7416446805 -0.8885667920 0.2990630567 -0.3478654027 0.0506434962 0.8176077008 0.5735440850
-110.0 -103.7 1892.3 0.9990360141 -0.0361629017 -0.0248843096 0.0354232192 0.9989354610 -0.0295499470 0.0259264316 0.0286399797 0.9992535114
-95.7 -500.9 1880.9 0.9996634126 0.0000000000 -0.0259427130 0.0000000000 1.0000000000 0.0000000000 0.0259427130 0.0000000000 0.9996634126
-16.6 -114.0 2049.9 0.6756613255 -0.0890141800 -0.7318184376 0.0050292034 0.9932171106 -0.1161659211 0.7371950150 0.0748083591 0.6715260148
18.8 -508.8 2020.1 0.6756613255 0.4055719972 -0.6156241894 0.0050292034 0.8325153589 0.5539791584 0.7371950150 -0.3773983717 0.5604587197
-111.6 -207.1 1584.4 0 0 0 0 0 0 0 0 0
191.2 -314.1 2187.5 0 0 0 0 0 0 0 0 0
-95.7 -883.2 1880.9 0 0 0 0 0 0 0 0 0
-136.2 -827.0 2164.4 0 0 0 0 0 0 0 0 0
-4.3 486.9 1975.0 8 0.5142643452 0.1122142375 -0.8502588868 -0.0805859566 0.9933394790 0.0823565051 0.8538372517 0.0261659101 0.5198819637
-26.8 287.2 1969.8 0.5142643452 0.1122142375 -0.8502588868 -0.0805859566 0.9933394790 0.0823565051 0.8538372517 0.0261659101 0.5198819637
-43.1 90.3 1974.1 0.5177263021 0.0950734466 -0.8502473235 -0.0473703779 0.9954673052 0.0824673176 0.8542338610 -0.0024189663 0.5198833346
-97.1 294.9 1853.4 0.1783473343 -0.8845193982 -0.4310657382 0.9658223987 0.2411101460 -0.0951473489 0.1880939901 -0.3993636370 0.8972899914
-153.0 -8.2 1794.4 -0.1393643171 -0.8845193982 -0.4451999664 0.6804118752 0.2411101460 -0.6920300126 0.7194561958 -0.3993636370 0.5682353973
43.5 279.6 2086.1 0.0743274838 0.5498181581 -0.8319708109 -0.9676595330 0.2414345145 0.0731051937 0.2410610318 0.7996307611 0.5499820113
70.1 -67.1 2172.5 0.4505909085 0.5199083090 -0.7257156372 -0.8915532827 0.3038038611 -0.3359106779 0.0458324403 0.7983724475 0.6004171968
-104.5 -104.4 1891.5 0.9998183846 -0.0178750120 0.0066081840 0.0180115644 0.9996126294 -0.0212168302 -0.0062263734 0.0213320013 0.9997530580
-97.4 -501.8 1883.0 0.9999806285 0.0000000000 0.0062273834 0.0000000000 1.0000000000 0.0000000000 -0.0062273834 0.0000000000 0.9999806285
-14.5 -114.1 2051.0 0.6798515320 -0.0798712224 -0.7289872766 -0.0020525991 0.9938401580 -0.1108039767 0.7333468795 0.0768265724 0.6754998565
17.3 -509.2 2020.4 0.6798515320 0.3941418827 -0.6184287071 -0.0020525991 0.8443123698 0.5358473659 0.7333468795 -0.3630273044 0.5748161077
-112.5 -206.3 1584.9 0 0 0 0 0 0 0 0 0
193.9 -312.0 2185.1 0 0 0 0 0 0 0 0 0
-97.4 -884.1 1883.0 0 0 0 0 0 0 0 0 0
-133.3 -831.9 2159.2 0 0 0 0 0 0 0 0 0
-2.3 488.6 1977.9 9 0.5090169311 0.1129740477 -0.8533104062 -0.0904233903 0.9928823113 0.0775132850 0.8559938073 0.0377036408 0.5156094432
-25.0 288.9 1970.3 0.5090169311 0.1129740477 -0.8533104062 -0.0904233903 0.9928823113 0.0775132850 0.8559938073 0.0377036408 0.5156094432
-41.6 91.9 1972.7 0.5126611590 0.0960460082 -0.8532020450 -0.0557590723 0.9953500628 0.0785439909 0.8567785621 0.0073073031 0.5156327486
-94.6 297.7 1853.6 0.1840351075 -0.8783010840 -0.4412689507 0.9650746584 0.2466183007 -0.0883757994 0.1864455640 -0.4095932245 0.8930125833
-152.9 -8.0 1794.6 -0.1414267421 -0.8783010840 -0.4567117989 0.6843441129 0.2466183007 -0.6861869097 0.7153122425 -0.4095932245 0.5661817789
44.5 280.1 2087.0 0.0719790384 0.5453512073 -0.8351113796 -0.9699127674 0.2335033864 0.0688865855 0.2325687259 0.8050268292 0.5457504988
70.3 -67.4 2170.3 0.4494542778 0.5155094266 -0.7295483947 -0.8923957944 0.2959120870 -0.3406842351 0.0402562581 0.8041679263 0.5930374265
-109.4 -103.2 1896.3 0.9993423223 -0.0362531021 0.0007588626 0.0362589173 0.9988381863 -0.0317424946 0.0003927830 0.0317491330 0.9994958043
-95.0 -500.2 1883.7 0.9999999404 0.0000000000 -0.0003930415 0.0000000000 1.0000000000 0.0000000000 0.0003930415 0.0000000000 0.9999999404
-14.5 -111.9 2052.9 0.7067250013 -0.0852034613 -0.7023390532 -0.0046800151 0.9921369553 -0.1250692159 0.7074728608 0.0916764960 0.7007692456
19.4 -506.3 2016.5 0.7067250013 0.3938204944 -0.5877458453 -0.0046800151 0.8333339691 0.5527499914 0.7074728608 -0.3878915906 0.5907810330
-111.6 -207.9 1585.7 0 0 0 0 0 0 0 0 0
193.8 -312.6 2181.4 0 0 0 0 0 0 0 0 0
-95.0 -882.5 1883.7 0 0 0 0 0 0 0 0 0
-131.1 -824.8 2164.7 0 0 0 0 0 0 0 0 0
-1.0 485.8 1973.3 0 0.5204899907 0.1168186739 -0.8458389640 -0.0880340636 0.9926598668 0.0829240158 0.8493174911 0.0313015208 0.5269535184
-24.6 285.6 1967.0 0.5204899907 0.1168186739 -0.8458389640 -0.0880340636 0.9926598668 0.0829240158 0.8493174911 0.0313015208 0.5269535184
-41.2 88.7 1970.1 0.5241253376 0.0969079807 -0.8461096287 -0.0542205498 0.9952863455 0.0804066360 0.8499134183 0.0037333760 0.5269091725
-95.7 294.2 1851.3 0.1827181280 -0.8807275891 -0.4369587600 0.9661203623 0.2432420254 -0.0862833560 0.1822788715 -0.4063892066 0.8953335881
-152.8 -7.8 1794.3 -0.1423848271 -0.8807275891 -0.4517138898 0.6823703647 0.2432420254 -0.6893504262 0.7170057297 -0.4063892066 0.5663484335
46.6 277.0 2082.8 0.0743563473 0.5563389063 -0.8276219964 -0.9694381952 0.2348968089 0.0708032846 0.2337963879 0.7970637083 0.5568022728
73.2 -70.3 2166.5 0.4492638409 0.5265367031 -0.7217486501 -0.8926640153 0.2973274291 -0.3387437761 0.0362346657 0.7964643836 0.6035988331
-107.6 -100.8 1892.7 0.9994915724 -0.0286337975 0.0140259806 0.0289595183 0.9993020296 -0.0235977639 -0.0133404974 0.0239919517 0.9996231198
