117.7 484.0 1929.7 8 0.9039205313 0.1249621287 -0.4090380669 -0.0846202523 0.9897128344 0.1153600290 0.4192458391 -0.0696633980 0.9051960707
92.4 284.0 1943.8 0.9039205313 0.1249621287 -0.4090380669 -0.0846202523 0.9897128344 0.1153600290 0.4192458391 -0.0696633980 0.9051960707
69.4 87.0 1957.1 0.9048224092 0.1155558005 -0.4098087847 -0.0771928951 0.9910385609 0.1090127751 0.4187333882 -0.0670028776 0.9056340456
-39.7 295.2 1882.7 0.2008807510 -0.3855373263 -0.9005597830 0.9720015526 0.1928397417 0.1342603713 0.1219013259 -0.9023157954 0.4134806395
-84.1 80.3 1855.7 -0.9011414051 -0.3855373263 0.1982552558 -0.2888151407 0.1928397417 -0.9377625585 0.3233109713 -0.9023157954 -0.2851248682
224.5 272.7 2004.9 -0.1859628409 0.9393254519 -0.2882455885 -0.7362506390 0.0610519387 0.6739493012 0.6506556869 0.3375505209 0.6802256107
172.7 67.3 2186.4 0.0261071809 0.9393254519 -0.3420323431 -0.9939038754 0.0610519387 0.0918030515 0.1071146801 0.3375505209 0.9351930618
-37.2 -103.4 1932.0 0.7720432878 -0.0031323477 0.6355622411 -0.0077019231 0.9998683333 0.0142836571 -0.6355232596 -0.0159226526 0.7719175220
-35.9 -500.7 1938.4 0.7636949420 0.1192415804 0.6344693899 -0.1138236597 0.9922680855 -0.0494792350 -0.6354637742 -0.0344305858 0.7713626623
128.6 -117.7 2008.7 -0.5266261697 0.1997962892 0.8262846470 0.0092967385 0.9732841253 -0.2294156700 -0.8500461578 -0.1131345481 -0.5144143701
49.2 -504.5 2053.7 -0.5337169766 0.0388581157 0.8447698951 -0.0957889110 0.9897367954 -0.1060448214 -0.8402205706 -0.1375175118 -0.5245171785
174.4 163.2 1763.0 0 0 0 0 0 0 0 0 0
179.4 -190.9 2214.3 0 0 0 0 0 0 0 0 0
-81.4 -879.2 1951.5 0 0 0 0 0 0 0 0 0
34.4 -882.2 2106.1 0 0 0 0 0 0 0 0 0
118.5 483.8 1929.8 9 0.9033343196 0.1290696412 -0.4090575874 -0.0877407864 0.9890906811 0.1183264181 0.4198673964 -0.0709972754 0.9048042893
92.4 284.0 1944.1 0.9033343196 0.1290696412 -0.4090575874 -0.0877407864 0.9890906811 0.1183264181 0.4198673964 -0.0709972754 0.9048042893
68.9 87.1 1956.7 0.9041444659 0.1184009463 -0.4104923904 -0.0812587887 0.9909494519 0.1068464965 0.4194279313 -0.0632485598 0.9055826068
-39.6 295.9 1882.8 0.2074236870 -0.3959966600 -0.8945177794 0.9708082080 0.1959096640 0.1383863389 0.1204441488 -0.8971098065 0.4250731170
-85.6 80.7 1856.1 -0.8981133699 -0.3959966600 0.1912564188 -0.2861208320 0.1959096640 -0.9379521608 0.3339569271 -0.8971098065 -0.2892519832
224.5 272.1 2005.3 -0.1887184232 0.9391179681 -0.2871285379 -0.7380037308 0.0572659858 0.6723623276 0.6478702426 0.3387891054 0.6822654009
171.8 66.3 2186.1 0.0232838821 0.9391179681 -0.3428050578 -0.9943532944 0.0572659858 0.0893426463 0.1035343558 0.3387891054 0.9351484179
-36.5 -102.8 1932.0 0.7726979852 0.0043033110 0.6347593069 -0.0152178751 0.9998152256 0.0117466655 -0.6345914006 -0.0187363122 0.7726206779
-38.2 -500.2 1939.5 0.7674295306 0.0957886130 0.6339372396 -0.0970581695 0.9947378039 -0.0328096263 -0.6337441206 -0.0363497138 0.7726882100
129.4 -117.0 2008.8 -0.5247645378 0.2105847150 0.8247886300 0.0181341991 0.9714632630 -0.2364959121 -0.8510542512 -0.1091477871 -0.5136082768
45.7 -503.0 2052.2 -0.5287234783 -0.0016560658 0.8487924933 -0.1070183814 0.9921478629 -0.0647273287 -0.8420205116 -0.1250592619 -0.5247491598
171.8 162.7 1760.4 0 0 0 0 0 0 0 0 0
177.9 -192.1 2213.0 0 0 0 0 0 0 0 0 0
-74.7 -879.9 1953.4 0 0 0 0 0 0 0 0 0
46.3 -881.6 2099.9 0 0 0 0 0 0 0 0 0
119.0 484.3 1930.8 0 0.9072872996 0.1265556514 -0.4010154903 -0.0900550857 0.9899891019 0.1086812913 0.4107551873 -0.0624916740 0.9096015692
93.5 284.3 1943.4 0.9072872996 0.1265556514 -0.4010154903 -0.0900550857 0.9899891019 0.1086812913 0.4107551873 -0.0624916740 0.9096015692
70.3 87.3 1954.7 0.9081490636 0.1164938360 -0.4021125138 -0.0830293819 0.9915435314 0.0997373909 0.4103308618 -0.0571892671 0.9101417661
-39.2 296.5 1883.4 0.2098387778 -0.4025943279 -0.8910025358 0.9697961807 0.2016018033 0.1373027563 0.1243503988 -0.8929023147 0.4327383339
-85.9 80.7 1855.8 -0.8979278207 -0.4025943279 0.1778860390 -0.2765355110 0.2016018033 -0.9396194816 0.3424233496 -0.8929023147 -0.2923555076
226.1 272.2 2003.3 -0.1816629469 0.9421811700 -0.2815905809 -0.7428897619 0.0561264977 0.6670566797 0.6442929506 0.3303702474 0.6897405982
175.4 65.0 2183.0 0.0255697649 0.9421811700 -0.3341270089 -0.9950407743 0.0561264977 0.0821195766 0.0961248949 0.3303702474 0.9389438033
-37.5 -102.4 1930.8 0.7667242289 -0.0024532441 0.6419719458 -0.0150357131 0.9996497631 0.0217776354 -0.6418005228 -0.0263499450 0.7664188147
-36.6 -499.6 1941.2 0.7607107759 0.1062834933 0.6403303146 -0.0937483236 0.9941499829 -0.0536385216 -0.6422852874 -0.0192264933 0.7662245035
128.3 -117.3 2007.7 -0.5357740521 0.1979360729 0.8208333850 0.0090871882 0.9734305739 -0.2288020253 -0.8443124890 -0.1151271239 -0.5233375430
49.6 -504.1 2053.4 -0.5411707163 0.0411762148 0.8399040103 -0.0748354048 0.9924792051 -0.0968744755 -0.8375762105 -0.1152801886 -0.5340192318
171.1 159.8 1757.8 0 0 0 0 0 0 0 0 0
182.1 -193.6 2208.0 0 0 0 0 0 0 0 0 0
-77.1 -879.3 1948.6 0 0 0 0 0 0 0 0 0
33.9 -882.7 2097.4 0 0 0 0 0 0 0 0 0
119.5 486.2 1935.3 1 0.9048688412 0.1207268089 -0.4082124829 -0.0917182490 0.9917108417 0.0899852365 0.4156923890 -0.0439842977 0.9084410667
95.0 284.7 1944.2 0.9048688412 0.1207268089 -0.4082124829 -0.0917182490 0.9917108417 0.0899852365 0.4156923890 -0.0439842977 0.9084410667
72.5 87.5 1953.3 0.9057856798 0.1128805131 -0.4084241092 -0.0839303583 0.9925616384 0.0881876275 0.4153407812 -0.0455999114 0.9085222483
-37.4 296.9 1883.5 0.2179648876 -0.4144402146 -0.8835896254 0.9681305885 0.2062408626 0.1420840174 0.1233469620 -0.8863994479 0.4461854994
-86.0 80.8 1856.0 -0.8945652246 -0.4144402146 0.1673090756 -0.2713771164 0.2062408626 -0.9401165843 0.3551161289 -0.8863994479 -0.2969655097
227.3 272.4 2004.9 -0.1828195304 0.9397750497 -0.2887904346 -0.7505809665 0.0563024879 0.6583754420 0.6349844337 0.3371244967 0.6950840354
176.3 63.0 2182.0 0.0290125087 0.9397750497 -0.3405600786 -0.9959198833 0.0563024879 0.0705236495 0.0854507461 0.3371244967 0.9375741482
-36.1 -102.1 1928.5 0.7709664106 0.0019088587 0.6368730068 -0.0175811257 0.9996781945 0.0182865560 -0.6366331577 -0.0252952632 0.7707518339
-36.9 -499.4 1938.5 0.7658537030 0.0990902856 0.6353338957 -0.0886677206 0.9948902130 -0.0482855625 -0.6368721128 -0.0193539318 0.7707265019
130.4 -117.3 2003.7 -0.5320323706 0.2182573229 0.8181108236 0.0080628302 0.9674692750 -0.2528600693 -0.8466855884 -0.1279334724 -0.5164847374
43.7 -501.7 2054.6 -0.5314350724 -0.0331536196 0.8464500308 -0.0945400447 0.9953125715 -0.0203717630 -0.8418069482 -0.0908496901 -0.5320783257
169.9 158.4 1754.4 0 0 0 0 0 0 0 0 0
183.8 -195.7 2204.2 0 0 0 0 0 0 0 0 0
-74.7 -879.4 1945.9 0 0 0 0 0 0 0 0 0
56.3 -880.6 2089.1 0 0 0 0 0 0 0 0 0
119.4 485.0 1932.0 2 0.9061318636 0.1206665114 -0.4054191113 -0.0875595659 0.9911962748 0.0993137360 0.4138337672 -0.0544930175 0.9087200761
95.0 283.8 1943.1 0.9061318636 0.1206665114 -0.4054191113 -0.0875595659 0.9911962748 0.0993137360 0.4138337672 -0.0544930175 0.9087200761
72.7 86.6 1953.5 0.9069467187 0.1121423990 -0.4060440660 -0.0806172788 0.9923038483 0.0939892083 0.4134592414 -0.0525090322 0.9090073109
-37.5 295.6 1882.7 0.2171524316 -0.4197669327 -0.8812721372 0.9680483937 0.2085955441 0.1391767114 0.1254076660 -0.8833366632 0.4516517222
-85.7 80.9 1854.9 -0.8934393525 -0.4197669327 0.1598808169 -0.2664003670 0.2085955441 -0.9410200715 0.3616586626 -0.8833366632 -0.2981935143
227.4 272.0 2003.5 -0.1806594878 0.9406369328 -0.2873400152 -0.7464274168 0.0591195077 0.6628355384 0.6404750347 0.3342260122 0.6914367080
177.0 63.8 2182.1 0.0298662689 0.9406369328 -0.3380978405 -0.9953109622 0.0591195077 0.0765570402 0.0920005590 0.3342260122 0.9379919171
-33.0 -102.1 1924.2 0.7692312002 0.0074257813 0.6389274001 -0.0301722549 0.9992392063 0.0247122105 -0.6382578015 -0.0382872820 0.7688699961
-35.9 -499.2 1939.4 0.7666141391 0.0919112787 0.6354959011 -0.0630871505 0.9956953526 -0.0679030791 -0.6390013695 0.0119638341 0.7691125274
133.2 -117.5 2000.4 -0.5334067345 0.2205216438 0.8166072965 0.0060615623 0.9663896561 -0.2570103705 -0.8458371758 -0.1321411431 -0.5168154240
45.5 -501.5 2052.9 -0.5341216922 -0.0224896837 0.8451083899 -0.1024459973 0.9940011501 -0.0382955112 -0.8391774893 -0.1070324332 -0.5332215428
169.8 157.1 1751.5 0 0 0 0 0 0 0 0 0
184.8 -194.8 2206.1 0 0 0 0 0 0 0 0 0
-71.0 -879.4 1934.9 0 0 0 0 0 0 0 0 0
54.1 -880.5 2093.7 0 0 0 0 0 0 0 0 0
119.2 485.0 1935.9 3 0.8895695806 0.1122322157 -0.4427977800 -0.0793097988 0.9925726056 0.0922476053 0.4498620927 -0.0469424650 0.8918635249
96.3 282.8 1945.5 0.8895695806 0.1122322157 -0.4427977800 -0.0793097988 0.9925726056 0.0922476053 0.4498620927 -0.0469424650 0.8918635249
75.4 85.4 1954.4 0.8901478052 0.1052958593 -0.4433391690 -0.0740305111 0.9934270978 0.0873048529 0.4496179819 -0.0448936038 0.8920920491
-33.6 293.6 1879.8 0.2346272916 -0.4249117374 -0.8742997646 0.9651873708 0.2087880224 0.1575464457 0.1155999824 -0.8808277845 0.4591068327
-85.6 79.8 1854.2 -0.8901708722 -0.4249117374 0.1644560546 -0.2731469870 0.2087880224 -0.9390411377 0.3646731675 -0.8808277845 -0.3019203842
226.3 272.0 2011.1 -0.1995835006 0.9257685542 -0.3211214840 -0.7504096627 0.0663358420 0.6576358676 0.6301204562 0.3722259402 0.6814661026
170.6 62.7 2186.8 0.0350500606 0.9257685542 -0.3764625788 -0.9953063726 0.0663358420 0.0704614073 0.0902039185 0.3722259402 0.9237483740
-32.8 -103.2 1926.0 0.7947072983 0.0058838706 0.6069642901 -0.0123531828 0.9999026656 0.0064812158 -0.6068670750 -0.0126486104 0.7947026491
-35.1 -500.4 1931.1 0.7882838249 0.1050733924 0.6062740684 -0.1074659899 0.9936778545 -0.0324859768 -0.6058545113 -0.0395456739 0.7945920229
133.6 -117.9 2001.9 -0.5007048249 0.2137484252 0.8388124704 -0.0045164800 0.9683746099 -0.2494597882 -0.8656063080 -0.1286941916 -0.4839044213
48.6 -502.8 2053.0 -0.5046319366 0.0264583491 0.8629290462 -0.0870773345 0.9928733110 -0.0813644975 -0.8589320183 -0.1162006855 -0.4987316132
169.1 158.0 1749.9 0 0 0 0 0 0 0 0 0
179.7 -196.0 2210.3 0 0 0 0 0 0 0 0 0
-75.2 -879.5 1946.1 0 0 0 0 0 0 0 0 0
38.5 -881.3 2097.3 0 0 0 0 0 0 0 0 0
117.9 482.3 1932.3 4 0.9192505479 0.1034643501 -0.3798335195 -0.0727800503 0.9928784370 0.0943160951 0.3868868649 -0.0590558201 0.9202342033
96.8 280.1 1944.4 0.9192505479 0.1034643501 -0.3798335195 -0.0727800503 0.9928784370 0.0943160951 0.3868868649 -0.0590558201 0.9202342033
77.7 82.6 1954.7 0.9195965528 0.0969159678 -0.3807222545 -0.0693493932 0.9939213395 0.0855042934 0.3866946995 -0.0522265956 0.9207277298
-37.1 290.2 1888.0 0.2176089585 -0.4315067828 -0.8754702806 0.9632263184 0.2397857159 0.1212348640 0.1576116085 -0.8696578145 0.4678182006
-84.5 80.5 1853.7 -0.8871315718 -0.4315067828 0.1637056023 -0.2877341509 0.2397857159 -0.9272064567 0.3608416021 -0.8696578145 -0.3368807137
230.8 269.9 2000.7 -0.1514190286 0.9490775466 -0.2762682438 -0.7517738938 0.0708985105 0.6555985212 0.6418008208 0.3069613278 0.7027562857
188.6 60.5 2179.5 0.0461194627 0.9490775466 -0.3116486073 -0.9951185584 0.0708985105 0.0686473399 0.0872470662 0.3069613278 0.9477144480
-27.0 -105.2 1922.1 0.7505494356 0.0171234384 0.6605924368 -0.0234560408 0.9997246265 0.0007359983 -0.6603978872 -0.0160472859 0.7507443428
-33.8 -502.4 1928.5 0.7438549995 0.1035139114 0.6602761745 -0.1258731335 0.9919516444 -0.0137055302 -0.6563807130 -0.0729160979 0.7508978248
136.1 -118.8 2004.6 -0.5529950857 0.2251350880 0.8021911383 0.0227017608 0.9665152431 -0.2556031048 -0.8328751922 -0.1231361106 -0.5395891666
46.7 -502.9 2053.5 -0.5564378500 -0.0022324088 0.8308862448 -0.0923430249 0.9939675927 -0.0591708161 -0.8257418871 -0.1096514314 -0.5532873273
169.7 162.9 1750.3 0 0 0 0 0 0 0 0 0
200.6 -198.1 2202.2 0 0 0 0 0 0 0 0 0
-73.3 -881.0 1956.3 0 0 0 0 0 0 0 0 0
47.5 -882.1 2095.3 0 0 0 0 0 0 0 0 0
117.1 480.7 1930.5 5 0.9155482054 0.1056255400 -0.3880911171 -0.0742957816 0.9927094579 0.0949109718 0.3952867389 -0.0580620430 0.9167208672
95.7 278.9 1942.3 0.9155482054 0.1056255400 -0.3880911171 -0.0742957816 0.9927094579 0.0949109718 0.3952867389 -0.0580620430 0.9167208672
75.9 81.4 1952.1 0.9157512784 0.0997908860 -0.3891547024 -0.0723320693 0.9937840104 0.0846254602 0.3951805532 -0.0493475087 0.9172770381
-37.9 289.5 1884.7 0.2109571695 -0.4301364124 -0.8777697682 0.9660998583 0.2284632921 0.1202312112 0.1488223374 -0.8733769059 0.4637507200
-83.9 78.8 1852.3 -0.8840713501 -0.4301364124 0.1827580780 -0.3024539351 0.2284632921 -0.9253789186 0.3562856615 -0.8733769059 -0.3320742846
229.2 268.4 2000.0 -0.1594024301 0.9462992549 -0.2812625766 -0.7522096038 0.0680909678 0.6553963423 0.6393525004 0.3160401881 0.7009614706
184.8 58.6 2178.2 0.0429484136 0.9462992549 -0.3204266131 -0.9953812957 0.0680909678 0.0676734746 0.0858575106 0.3160401881 0.9448529482
-25.6 -108.6 1929.7 0.7569366693 0.0178105552 0.6532454491 -0.0095532378 0.9998232722 -0.0161902569 -0.6534183621 0.0060143899 0.7569730878
-32.7 -505.8 1927.3 0.7491170168 0.1088860855 0.6534274817 -0.1416486055 0.9899137020 -0.0025656209 -0.6471161842 -0.0906351432 0.7569847703
142.6 -121.3 2000.4 -0.5464859009 0.2406252325 0.8021550179 0.0199129079 0.9612959623 -0.2747972012 -0.8372315168 -0.1341995597 -0.5301262736
47.0 -503.3 2053.7 -0.5497242212 -0.0061488398 0.8353235722 -0.1000638902 0.9932574034 -0.0585403815 -0.8293313980 -0.1157667935 -0.5466328859
169.0 165.4 1750.3 0 0 0 0 0 0 0 0 0
196.0 -200.0 2200.6 0 0 0 0 0 0 0 0 0
-74.3 -883.8 1961.9 0 0 0 0 0 0 0 0 0
49.3 -882.5 2097.9 0 0 0 0 0 0 0 0 0
116.7 482.3 1939.7 6 0.9155941010 0.0995031595 -0.3895979524 -0.0808929652 0.9946703315 0.0639318600 0.3938829303 -0.0270198993 0.9187633991
96.5 280.4 1945.1 0.9155941010 0.0995031595 -0.3895979524 -0.0808929652 0.9946703315 0.0639318600 0.3938829303 -0.0270198993 0.9187633991
77.4 82.7 1950.0 0.9158093929 0.0961372107 -0.3899368346 -0.0787031054 0.9950615168 0.0604851544 0.3938260078 -0.0247036330 0.9188529849
-37.2 291.9 1887.7 0.1994491965 -0.4241768420 -0.8833425045 0.9651246071 0.2410290241 0.1021737158 0.1695714593 -0.8729140759 0.4574565589
-81.4 77.9 1850.1 -0.8835679293 -0.4241768420 0.1984481514 -0.3213895559 0.2410290241 -0.9157585502 0.3406118155 -0.8729140759 -0.3492915332
230.2 268.9 2002.6 -0.1570332199 0.9458541870 -0.2840781212 -0.7681421638 0.0638151541 0.6370912194 0.6207239032 0.3182568550 0.7165294290
186.4 54.7 2175.7 0.0466277003 0.9458541870 -0.3212252557 -0.9970270991 0.0638151541 0.0431807488 0.0613417290 0.3182568550 0.9460178614
-27.8 -109.4 1925.7 0.7567899227 0.0246817395 0.6531920433 -0.0170327164 0.9996921420 -0.0180405658 -0.6534362435 0.0025272849 0.7569773793
-37.6 -506.6 1924.7 0.7532189488 0.0737928152 0.6536175609 -0.1239515767 0.9918081164 0.0308656916 -0.6459854841 -0.1042655483 0.7561953664
139.9 -122.7 1998.1 -0.5539366007 0.2268937826 0.8010452390 0.0061288187 0.9632337093 -0.2685950100 -0.8325362802 -0.1438751519 -0.5349609852
49.8 -505.4 2055.3 -0.5575474501 0.0142520601 0.8300226927 -0.0846551508 0.9936640859 -0.0739269257 -0.8258173466 -0.1114834696 -0.5528084040
170.3 169.5 1753.0 0 0 0 0 0 0 0 0 0
198.5 -204.3 2191.6 0 0 0 0 0 0 0 0 0
-65.8 -885.2 1964.5 0 0 0 0 0 0 0 0 0
44.3 -884.9 2097.8 0 0 0 0 0 0 0 0 0
116.8 482.7 1939.7 7 0.9164419770 0.0998860374 -0.3875008821 -0.0799292624 0.9945243001 0.0673251748 0.3921038806 -0.0307269525 0.9194076061
96.5 280.1 1946.0 0.9164419770 0.0998860374 -0.3875008821 -0.0799292624 0.9945243001 0.0673251748 0.3921038806 -0.0307269525 0.9194076061
77.8 82.4 1950.7 0.9167379737 0.0937658846 -0.3883290887 -0.0768878162 0.9953035116 0.0588148981 0.3920201361 -0.0240600724 0.9196419716
-37.4 291.3 1888.7 0.1923765838 -0.4137079418 -0.8898522258 0.9627913237 0.2549561262 0.0896116570 0.1898002177 -0.8739811778 0.4473620057
-79.8 79.2 1846.9 -0.8865262866 -0.4137079418 0.2071639001 -0.3312628567 0.2549561262 -0.9084394574 0.3230109215 -0.8739811778 -0.3630713820
230.3 268.9 2003.2 -0.1540880203 0.9463142157 -0.2841588855 -0.7689013481 0.0657705814 0.6359755993 0.6205220819 0.3164863586 0.7174878120
187.4 54.4 2176.3 0.0490683690 0.9463142157 -0.3195022345 -0.9969634414 0.0657705814 0.0416906811 0.0604663305 0.3164863586 0.9466679692
-25.6 -107.7 1918.8 0.7553449869 0.0269632302 0.6547724605 -0.0244044960 0.9996175170 -0.0130107831 -0.6548727751 -0.0061517623 0.7557140589
-36.3 -505.0 1921.3 0.7505012155 0.0854805782 0.6553174257 -0.1420401037 0.9892895818 0.0336267948 -0.6454243064 -0.1183183044 0.7546046972
142.2 -122.2 1991.0 -0.5581138134 0.2287793159 0.7976019979 -0.0054429285 0.9602090716 -0.2792291641 -0.8297465444 -0.1601829529 -0.5346607566
51.3 -503.7 2054.7 -0.5622217655 0.0245250110 0.8266227841 -0.0899160057 0.9918215871 -0.0905820355 -0.8220838308 -0.1252538115 -0.5554184914
172.4 173.4 1755.0 0 0 0 0 0 0 0 0 0
200.1 -204.6 2192.0 0 0 0 0 0 0 0 0 0
-69.0 -882.8 1966.5 0 0 0 0 0 0 0 0 0
42.0 -882.6 2102.5 0 0 0 0 0 0 0 0 0
116.7 484.6 1944.7 8 0.9105041623 0.0952498764 -0.4023799896 -0.0822633281 0.9953816533 0.0494778156 0.4052344263 -0.0119486377 0.9141347408
97.2 281.7 1947.2 0.9105041623 0.0952498764 -0.4023799896 -0.0822633281 0.9953816533 0.0494778156 0.4052344263 -0.0119486377 0.9141347408
79.2 83.9 1949.4 0.9108431339 0.0908592492 -0.4026280642 -0.0786364079 0.9958031178 0.0468235873 0.4051926434 -0.0109877186 0.9141653180
-35.8 293.2 1888.0 0.1769698709 -0.3998505473 -0.8993337750 0.9644199610 0.2527965605 0.0773822069 0.1964071691 -0.8810297251 0.4303612411
-75.2 78.2 1844.2 -0.8880279064 -0.3998505473 0.2269933820 -0.3448920548 0.2527965605 -0.9039598107 0.3040657043 -0.8810297251 -0.3623956740
230.3 270.2 2006.3 -0.1610341072 0.9411051273 -0.2973032296 -0.7765774727 0.0650829896 0.6266511083 0.6090939641 0.3317911923 0.7203604579
185.4 53.6 2176.2 0.0514877774 0.9411051273 -0.3341709077 -0.9974405169 0.0650829896 0.0296074133 0.0496125296 0.3317911923 0.9420473576
-24.8 -108.4 1919.6 0.7651001811 0.0247248542 0.6434364319 -0.0271783974 0.9996120334 -0.0060939440 -0.6433374286 -0.0128250932 0.7654753327
-34.7 -505.6 1924.7 0.7590969205 0.0959668979 0.6438650489 -0.1423425525 0.9896088839 0.0203180742 -0.6352247000 -0.1070727780 0.7648692727
143.3 -122.5 1991.5 -0.5465435982 0.2336569130 0.8041732311 -0.0028037243 0.9597703815 -0.2807720304 -0.8374259472 -0.1557088345 -0.5239012241
50.4 -503.8 2053.3 -0.5500671268 0.0109358607 0.8350488544 -0.0974576101 0.9922416210 -0.0771921873 -0.8294143677 -0.1238427460 -0.5447337031
176.6 176.0 1758.0 0 0 0 0 0 0 0 0 0
198.7 -205.5 2189.1 0 0 0 0 0 0 0 0 0
-71.3 -883.6 1965.6 0 0 0 0 0 0 0 0 0
46.2 -882.9 2100.6 0 0 0 0 0 0 0 0 0
115.3 485.8 1948.3 9 0.9046088457 0.0921022519 -0.4161730707 -0.0835715979 0.9957495332 0.0387126692 0.4179696739 -0.0002395755 0.9084609747
96.7 283.7 1948.3 0.9046088457 0.0921022519 -0.4161730707 -0.0835715979 0.9957495332 0.0387126692 0.4179696739 -0.0002395755 0.9084609747
79.7 85.8 1948.7 0.9052118063 0.0853337273 -0.4163048565 -0.0768019632 0.9963509440 0.0372330472 0.4179629683 -0.0017307639 0.9084624052
-35.6 295.0 1887.3 0.1618482023 -0.3899277747 -0.9065105915 0.9656313062 0.2519000173 0.0640509725 0.2033747882 -0.8857215643 0.4172960222
-71.9 78.1 1841.6 -0.8884211183 -0.3899277747 0.2422070354 -0.3559041917 0.2519000173 -0.8999325633 0.2898967266 -0.8857215643 -0.3625702262
228.9 272.5 2009.3 -0.1655371785 0.9357362390 -0.3114404678 -0.7823118567 0.0676916912 0.6191978455 0.6004878283 0.3461438417 0.7208320498
182.7 54.3 2176.8 0.0564464778 0.9357362390 -0.3481544554 -0.9975015521 0.0676916912 0.0202097632 0.0424781702 0.3461438417 0.9372193217
-22.3 -106.7 1914.4 0.7744060755 0.0228943508 0.6322745085 -0.0284757223 0.9995936155 -0.0013178999 -0.6320477724 -0.0169838835 0.7747433186
-31.4 -504.0 1921.1 0.7670521140 0.1071816459 0.6325687170 -0.1507983357 0.9884449244 0.0153770205 -0.6236112118 -0.1071852818 0.7743515968
144.7 -121.2 1988.7 -0.5342722535 0.2308610976 0.8131766915 0.0002737359 0.9620307684 -0.2729409635 -0.8453124166 -0.1456021816 -0.5140495300
53.0 -503.5 2046.5 -0.5421988964 0.0306248497 0.8396919370 -0.1223455742 0.9858078957 -0.1149538904 -0.8312953711 -0.1650604606 -0.5307570696
179.3 178.8 1759.6 0 0 0 0 0 0 0 0 0
197.4 -204.9 2187.9 0 0 0 0 0 0 0 0 0
-72.4 -881.6 1962.1 0 0 0 0 0 0 0 0 0
41.3 -879.7 2109.6 0 0 0 0 0 0 0 0 0
115.4 487.7 1953.5 0 0.9064549804 0.0906017795 -0.4124690592 -0.0890263990 0.9957618713 0.0230790079 0.4128119648 0.0158005543 0.9106792212
97.0 285.6 1950.3 0.9064549804 0.0906017795 -0.4124690592 -0.0890263990 0.9957618713 0.0230790079 0.4128119648 0.0158005543 0.9106792212
80.0 87.7 1947.3 0.9068397880 0.0860596299 -0.4125958383 -0.0846871212 0.9961723685 0.0216497034 0.4128797352 0.0153087396 0.9106568694
-35.4 298.0 1890.0 0.1404350549 -0.3847553134 -0.9122726321 0.9631860256 0.2664271295 0.0359057449 0.2292392552 -0.8837307096 0.4080066681
-67.4 78.4 1837.7 -0.8870317936 -0.3847553134 0.2552212775 -0.3714664876 0.2664271295 -0.8893982172 0.2742028236 -0.8837307096 -0.3792530596
229.5 273.3 2010.6 -0.1637918502 0.9371663928 -0.3080444634 -0.7925218344 0.0609390624 0.6067911983 0.5874362588 0.3435194194 0.7327435613
183.8 52.2 2174.5 0.0558060743 0.9371663928 -0.3443905413 -0.9981331229 0.0609390624 0.0040888190 0.0248187389 0.3435194194 0.9388175607
-20.2 -105.2 1910.7 0.7715248466 0.0213107616 0.6358422041 -0.0310881864 0.9995077252 0.0042228019 -0.6354392171 -0.0230251774 0.7718075514
-28.7 -502.4 1919.8 0.7631498575 0.1134985238 0.6361763477 -0.1708409488 0.9848648906 0.0292317346 -0.6232299805 -0.1309931725 0.7709897161
145.8 -119.3 1987.3 -0.5419805050 0.2229056507 0.8102902174 -0.0028430205 0.9636904597 -0.2670066953 -0.8403862715 -0.1470160931 -0.5216677189
57.2 -502.2 2045.8 -0.5495501757 0.0582348928 0.8334286809 -0.0929651707 0.9871101379 -0.1302730292 -0.8302723169 -0.1490714103 -0.5370526910
183.2 183.3 1760.3 0 0 0 0 0 0 0 0 0
198.3 -207.1 2180.9 0 0 0 0 0 0 0 0 0
-72.0 -878.6 1969.9 0 0 0 0 0 0 0 0 0
35.0 -879.0 2102.7 0 0 0 0 0 0 0 0 0
114.9 488.7 1952.1 1 0.9061301947 0.0892467573 -0.4134767950 -0.0884251669 0.9958578944 0.0211677551 0.4136532545 0.0173810106 0.9102685452
96.8 287.1 1948.6 0.9061301947 0.0892467573 -0.4134767950 -0.0884251669 0.9958578944 0.0211677551 0.4136532545 0.0173810106 0.9102685452
79.6 89.2 1945.6 0.9063893557 0.0870066285 -0.4133862555 -0.0854965597 0.9960913062 0.0221908092 0.4137012064 0.0152295902 0.9102852941
-35.6 299.6 1888.2 0.1268070638 -0.3834066391 -0.9148329496 0.9645024538 0.2630300522 0.0234559290 0.2316354066 -0.8853330016 0.4031507373
-64.6 79.0 1835.2 -0.8849723935 -0.3834066391 0.2642408907 -0.3788847029 0.2630300522 -0.8872776031 0.2706848383 -0.8853330016 -0.3780412674
229.2 274.6 2009.0 -0.1650827527 0.9369287491 -0.3080782890 -0.7922536135 0.0600751974 0.6072274446 0.5874367356 0.3443189263 0.7323678136
183.2 53.6 2172.9 0.0548097380 0.9369287491 -0.3451962173 -0.9981834292 0.0600751974 0.0045655365 0.0250153132 0.3443189263 0.9385194182
-20.3 -102.4 1906.4 0.7718709111 0.0263623409 0.6352325082 -0.0397220179 0.9991876483 0.0067996290 -0.6345372200 -0.0304811541 0.7722910047
-30.8 -499.5 1918.5 0.7650115490 0.1031043231 0.6357097030 -0.1607451290 0.9864288568 0.0334536396 -0.6236332059 -0.1277796626 0.7712029815
146.0 -118.0 1982.1 -0.5425375700 0.2208832502 0.8104712367 -0.0081000337 0.9633899927 -0.2679814994 -0.8399925232 -0.1519548744 -0.5208861232
58.2 -500.8 2042.5 -0.5503685474 0.0587309375 0.8328536153 -0.1000564098 0.9856944680 -0.1356284618 -0.8289048076 -0.1579779834 -0.5366188288
185.5 186.1 1758.7 0 0 0 0 0 0 0 0 0
197.4 -205.8 2179.4 0 0 0 0 0 0 0 0 0
-70.2 -876.4 1967.3 0 0 0 0 0 0 0 0 0
35.8 -877.3 2102.8 0 0 0 0 0 0 0 0 0
115.8 486.5 1951.0 2 0.9065613747 0.0918816105 -0.4119517803 -0.0907918513 0.9956210256 0.0222620256 0.4121933281 0.0172199700 0.9109336734
97.2 285.3 1947.5 0.9065613747 0.0918816105 -0.4119517803 -0.0907918513 0.9956210256 0.0222620256 0.4121933281 0.0172199700 0.9109336734
79.6 87.4 1943.8 0.9067848921 0.0887159854 -0.4121536016 -0.0883266330 0.9958900213 0.0200364701 0.4122372270 0.0182353705 0.9108940363
-35.3 298.2 1887.3 0.1202317476 -0.3887647688 -0.9134584069 0.9632414579 0.2683423758 0.0125787258 0.2402294427 -0.8813933730 0.4067376256
-62.6 79.1 1832.6 -0.8825701475 -0.3887647688 0.2644462883 -0.3830455244 0.2683423758 -0.8838939667 0.2726646662 -0.8813933730 -0.3857455850
229.7 272.4 2007.7 -0.1656604707 0.9374843240 -0.3060714006 -0.7938012481 0.0574017018 0.6054623127 0.5851804614 0.3432610333 0.7346670628
183.4 50.9 2170.9 0.0531417131 0.9374843240 -0.3439462781 -0.9983487129 0.0574017018 0.0022074350 0.0218125377 0.3432610333 0.9389867187
-20.9 -100.9 1904.6 0.7708500028 0.0222387165 0.6366283894 -0.0437851623 0.9988765717 0.0181236956 -0.6355101466 -0.0418455265 0.7709577084
-29.7 -497.8 1921.3 0.7629091144 0.1153998896 0.6361230612 -0.1496305764 0.9887419939 0.0000846004 -0.6289517879 -0.0952479988 0.7715876102
145.4 -116.6 1980.5 -0.5479546785 0.2125073969 0.8090650439 -0.0236108154 0.9628790021 -0.2688987255 -0.8361747265 -0.1664469987 -0.5225965977
60.9 -499.2 2046.6 -0.5505200624 0.0903468281 0.8299187422 -0.0496230349 0.9888274074 -0.1405630261 -0.8333458304 -0.1185658574 -0.5398859978
186.6 187.3 1755.6 0 0 0 0 0 0 0 0 0
197.3 -208.5 2176.6 0 0 0 0 0 0 0 0 0
-73.8 -875.4 1957.6 0 0 0 0 0 0 0 0 0
26.5 -876.5 2091.9 0 0 0 0 0 0 0 0 0
116.3 484.9 1950.4 3 0.9086859226 0.0926565453 -0.4070683718 -0.0937626287 0.9954446554 0.0172788594 0.4068150222 0.0224667452 0.9132342339
97.4 282.5 1945.8 0.9086859226 0.0926565453 -0.4070683718 -0.0937626287 0.9954446554 0.0172788594 0.4068150222 0.0224667452 0.9132342339
79.8 84.6 1940.8 0.9089392424 0.0884807557 -0.4074316919 -0.0909776986 0.9957643151 0.0132851182 0.4068814218 0.0249918308 0.9131390452
-35.4 295.8 1886.4 0.1133949831 -0.3944815099 -0.9118804336 0.9613924026 0.2751806974 0.0005081572 0.2507314384 -0.8767325282 0.4104556143
-61.0 78.0 1829.6 -0.8797016144 -0.3944815099 0.2655360699 -0.3888027966 0.2751806974 -0.8792656064 0.2737835944 -0.8767325282 -0.3954524100
230.2 269.2 2005.2 -0.1623773724 0.9392339587 -0.3024452329 -0.7980799079 0.0552379601 0.6000143886 0.5802603364 0.3388042152 0.7406143546
184.9 46.6 2167.1 0.0535637215 0.9392339587 -0.3390729129 -0.9984620810 0.0552379601 -0.0047186711 0.0142977601 0.3388042152 0.9407482743
-21.2 -102.4 1902.4 0.7673748732 0.0245172232 0.6407298446 -0.0468554236 0.9987412691 0.0179003868 -0.6394844651 -0.0437579751 0.7675577402
-31.0 -499.3 1919.8 0.7588996887 0.1183221191 0.6403679848 -0.1583737582 0.9873652458 0.0052511124 -0.6316557527 -0.1054025516 0.7680503130
145.1 -118.6 1978.0 -0.5534098148 0.2332050800 0.7995954752 -0.0226538703 0.9554337859 -0.2943349481 -0.8326009512 -0.1810017824 -0.5234634876
52.5 -498.1 2049.9 -0.5550101399 0.0129273916 0.8317431211 -0.0785966888 0.9945911169 -0.0679048896 -0.8281221986 -0.1030601561 -0.5509920716
186.9 187.6 1752.4 0 0 0 0 0 0 0 0 0
198.8 -212.9 2170.8 0 0 0 0 0 0 0 0 0
-76.2 -876.5 1960.1 0 0 0 0 0 0 0 0 0
47.5 -876.7 2089.2 0 0 0 0 0 0 0 0 0
118.7 487.3 1950.1 4 0.9086155891 0.0985162929 -0.4058476388 -0.1008879542 0.9947754145 0.0156049198 0.4052645862 0.0267662648 0.9138075113
98.8 286.3 1944.7 0.9086155891 0.0985162929 -0.4058476388 -0.1008879542 0.9947754145 0.0156049198 0.4052645862 0.0267662648 0.9138075113
79.8 88.5 1939.3 0.9088671207 0.0955934823 -0.4059832394 -0.0983089581 0.9950544238 0.0142147010 0.4053342640 0.0269925166 0.9137699604
-33.9 300.6 1885.4 0.1095926315 -0.4103464484 -0.9053205252 0.9615416527 0.2745415270 -0.0080405362 0.2518474758 -0.8696221709 0.4246529341
-59.4 77.1 1826.9 -0.8735718727 -0.4103464484 0.2617020011 -0.3920031190 0.2745415270 -0.8780435920 0.2884539962 -0.8696221709 -0.4006888270
231.6 271.9 2003.9 -0.1671873778 0.9401031137 -0.2970766723 -0.7981408834 0.0478413180 0.6005683541 0.5788086653 0.3375164866 0.7423362732
185.0 49.2 2165.3 0.0464921072 0.9401031137 -0.3377049863 -0.9988455772 0.0478413180 -0.0043311906 0.0120844860 0.3375164866 0.9412420392
-21.1 -104.9 1898.5 0.7653299570 0.0363581218 0.6426103711 -0.0729951188 0.9968647957 0.0305336136 -0.6394855380 -0.0702757090 0.7655844688
-35.6 -500.9 1926.5 0.7606756687 0.1006861776 0.6412759423 -0.1324078292 0.9911943078 0.0014343954 -0.6354846358 -0.0860010609 0.7673090100
145.6 -121.6 1973.2 -0.5579252839 0.2338570803 0.7962601185 -0.0295931585 0.9532588720 -0.3007021248 -0.8293633461 -0.1913331747 -0.5249266624
52.7 -500.3 2049.2 -0.5607149005 0.0393148996 0.8270750046 -0.0810649395 0.9914669394 -0.1020871624 -0.8240311146 -0.1242885813 -0.5527432561
186.5 187.4 1745.7 0 0 0 0 0 0 0 0 0
197.0 -210.3 2168.5 0 0 0 0 0 0 0 0 0
-74.0 -879.5 1959.3 0 0 0 0 0 0 0 0 0
37.7 -878.3 2096.6 0 0 0 0 0 0 0 0 0
122.6 488.2 1945.4 5 0.9139509797 0.1075120419 -0.3913244009 -0.1073228270 0.9939712286 0.0224266052 0.3913763463 0.0215012245 0.9199795127
100.9 287.8 1941.1 0.9139509797 0.1075120419 -0.3913244009 -0.1073228270 0.9939712286 0.0224266052 0.3913763463 0.0215012245 0.9199795127
80.0 90.3 1936.8 0.9141812921 0.1052148789 -0.3914108276 -0.1051703617 0.9942191839 0.0216189176 0.3914228082 0.0214012079 0.9199620485
-32.6 303.2 1883.9 0.1062937006 -0.4305425286 -0.8962894678 0.9613032937 0.2749004662 -0.0180475786 0.2541606426 -0.8596876860 0.4431021512
-57.5 78.3 1824.4 -0.8655959964 -0.4305425286 0.2556886375 -0.3955905139 0.2749004662 -0.8763206601 0.3070043921 -0.8596876860 -0.4082712829
234.5 272.5 1998.3 -0.1653793305 0.9457050562 -0.2798063159 -0.7942681909 0.0404652357 0.6062182784 0.5846261382 0.3224972486 0.7444513440
188.3 50.9 2161.4 0.0374586806 0.9457050562 -0.3228602707 -0.9991775751 0.0404652357 0.0026026827 0.0155259864 0.3224972486 0.9464430809
-22.5 -100.2 1896.8 0.7548805475 0.0296415854 0.6551921368 -0.0715620890 0.9967363477 0.0373569615 -0.6519464850 -0.0750869662 0.7545381188
-34.3 -496.2 1926.6 0.7493768334 0.1063850969 0.6535415053 -0.1392953098 0.9902498126 -0.0014737146 -0.6473261714 -0.0899309069 0.7568892241
144.2 -118.2 1971.1 -0.5723721385 0.2423868626 0.7833510041 -0.0324819572 0.9478611946 -0.3170237541 -0.8193504214 -0.2069003433 -0.5346561074
47.9 -494.8 2053.3 -0.5731533766 -0.0020505630 0.8194455504 -0.0881926641 0.9943428636 -0.0591972955 -0.8146884441 -0.1061982140 -0.5700917840
185.9 189.5 1738.1 0 0 0 0 0 0 0 0 0
198.1 -208.7 2165.4 0 0 0 0 0 0 0 0 0
-74.9 -874.5 1960.9 0 0 0 0 0 0 0 0 0
48.7 -873.9 2093.8 0 0 0 0 0 0 0 0 0
128.0 485.7 1937.6 6 0.9250172973 0.1177256256 -0.3612252474 -0.1125183776 0.9930154681 0.0354956426 0.3628810048 0.0078103947 0.9318027496
104.1 284.3 1936.0 0.9250172973 0.1177256256 -0.3612252474 -0.1125183776 0.9930154681 0.0354956426 0.3628810048 0.0078103947 0.9318027496
81.7 86.9 1934.1 0.9254353046 0.1131094918 -0.3616293073 -0.1089210212 0.9935346246 0.0320185088 0.3629128337 0.0097579751 0.9317719936
-31.0 300.3 1883.0 0.1057245359 -0.4456119835 -0.8889613748 0.9577833414 0.2859793007 -0.0294440333 0.2673451602 -0.8483194113 0.4570347369
-55.4 78.9 1821.2 -0.8660590649 -0.4456119835 0.2266531736 -0.3776265383 0.2859793007 -0.8806895018 0.3276276886 -0.8483194113 -0.4159498811
239.2 268.4 1989.0 -0.1522524953 0.9558027983 -0.2515158057 -0.7883687019 0.0360289663 0.6141471267 0.5960653424 0.2917926311 0.7480395436
196.8 48.5 2155.3 0.0307345744 0.9558027983 -0.2923976779 -0.9992695451 0.0360289663 0.0127376625 0.0227094796 0.2917926311 0.9562119842
-24.7 -97.6 1896.7 0.7334493399 0.0277536921 0.6791773438 -0.0716024190 0.9967617989 0.0365926921 -0.6759624481 -0.0754696280 0.7330614924
-35.7 -493.7 1926.7 0.7288298607 0.0995387957 0.6774209142 -0.1306129098 0.9914200306 -0.0051521421 -0.6721215248 -0.0847248882 0.7355775833
143.0 -116.9 1968.5 -0.5959546566 0.2413208783 0.7658996582 -0.0248261057 0.9477835298 -0.3179465830 -0.8026342392 -0.2084960490 -0.5588449240
47.1 -493.5 2051.4 -0.5966930985 -0.0081547284 0.8024280667 -0.0898653492 0.9943374991 -0.0567197055 -0.7974218130 -0.1059547365 -0.5940471888
187.7 184.9 1729.3 0 0 0 0 0 0 0 0 0
204.7 -211.2 2161.2 0 0 0 0 0 0 0 0 0
-73.8 -872.5 1959.1 0 0 0 0 0 0 0 0 0
50.2 -873.1 2091.8 0 0 0 0 0 0 0 0 0
134.6 485.5 1929.2 7 0.9188210964 0.1283968985 -0.3732050359 -0.1167390719 0.9917056561 0.0537763648 0.3770142794 -0.0058432478 0.9261890054
108.5 284.0 1930.4 0.9188210964 0.1283968985 -0.3732050359 -0.1167390719 0.9917056561 0.0537763648 0.3770142794 -0.0058432478 0.9261890054
83.9 86.8 1931.0 0.9192103744 0.1239306927 -0.3737559319 -0.1136785075 0.9922864437 0.0494448096 0.3770006895 -0.0029621650 0.9262082577
-25.7 300.6 1875.3 0.1166191921 -0.4664224982 -0.8768409491 0.9627807140 0.2698397040 -0.0154881096 0.2438305020 -0.8423992991 0.4805310667
-52.6 78.8 1819.1 -0.8586779237 -0.4664224982 0.2124200016 -0.3668158352 0.2698397040 -0.8902992010 0.3579362333 -0.8423992991 -0.4027965665
242.7 267.4 1985.4 -0.1690996289 0.9521452188 -0.2546071410 -0.7778990865 0.0296921432 0.6276873350 0.6052093506 0.3042003512 0.7356519699
195.6 50.4 2154.2 0.0192349534 0.9521452188 -0.3050401509 -0.9991183877 0.0296921432 0.0296788383 0.0373158604 0.3042003512 0.9518769383
-25.6 -100.5 1898.9 0.7422470450 0.0282741319 0.6695296168 -0.0716115311 0.9967350364 0.0372972786 -0.6662890315 -0.0756298378 0.7418484092
-36.8 -496.6 1929.0 0.7386966348 0.0962564722 0.6671296954 -0.1159022897 0.9931479692 -0.0149600357 -0.6639984846 -0.0662709326 0.7447913885
144.1 -120.5 1965.5 -0.5880641937 0.2362669259 0.7735363245 -0.0404744633 0.9465886354 -0.3198933899 -0.8078009486 -0.2194263190 -0.5470920801
50.2 -496.7 2052.7 -0.5893667340 0.0377852879 0.8069815040 -0.0685506687 0.9929638505 -0.0965584815 -0.8049519658 -0.1122274771 -0.5826296210
188.1 181.6 1718.8 0 0 0 0 0 0 0 0 0
200.6 -209.2 2163.9 0 0 0 0 0 0 0 0 0
-73.6 -876.0 1954.3 0 0 0 0 0 0 0 0 0
35.8 -875.5 2095.5 0 0 0 0 0 0 0 0 0
142.3 484.1 1920.0 8 0.9132903814 0.1439142525 -0.3810372353 -0.1227408573 0.9892542362 0.0794403926 0.3883752823 -0.0257833097 0.9211404920
112.9 282.5 1925.2 0.9132903814 0.1439142525 -0.3810372353 -0.1227408573 0.9892542362 0.0794403926 0.3883752823 -0.0257833097 0.9211404920
85.6 85.8 1929.7 0.9139595628 0.1375695914 -0.3817754686 -0.1180348694 0.9902297258 0.0742488727 0.3882597983 -0.0227976497 0.9212679267
-20.5 299.7 1868.5 0.1314334273 -0.4900017679 -0.8617560863 0.9661900401 0.2578298450 0.0007572842 0.2218153626 -0.8327196836 0.5073222518
-50.6 78.7 1817.8 -0.8488622904 -0.4900017679 0.1983205974 -0.3584535718 0.2578298450 -0.8972373009 0.3885149062 -0.8327196836 -0.3945049047
246.4 265.3 1981.9 -0.1855385900 0.9495619535 -0.2527993619 -0.7624053955 0.0231955647 0.6466838121 0.6199302077 0.3127203882 0.7196475267
194.7 52.7 2154.8 0.0050792741 0.9495619535 -0.3135383129 -0.9982673526 0.0231955647 0.0540768132 0.0586219840 0.3127203882 0.9480345249
-25.0 -99.9 1897.0 0.7482819557 0.0270989481 0.6628270745 -0.0722589269 0.9965497255 0.0408320725 -0.6594336629 -0.0784490779 0.7476583719
-35.8 -496.0 1928.1 0.7425604463 0.1116405055 0.6604092121 -0.1374848485 0.9904206395 -0.0128408987 -0.6555165052 -0.0812611207 0.7507960796
143.5 -120.8 1966.1 -0.5774099231 0.2553574145 0.7754936218 -0.0367731899 0.9407330751 -0.3371483088 -0.8156258464 -0.2231901586 -0.5337982774
42.1 -494.5 2054.8 -0.5771787167 -0.0225868486 0.8163054585 -0.1026490256 0.9936954379 -0.0450840853 -0.8101406693 -0.1098145321 -0.5758583546
187.5 179.2 1708.8 0 0 0 0 0 0 0 0 0
196.0 -206.6 2170.0 0 0 0 0 0 0 0 0 0
-78.4 -874.3 1959.2 0 0 0 0 0 0 0 0 0
50.7 -873.3 2096.6 0 0 0 0 0 0 0 0 0
153.3 480.2 1915.4 9 0.8884009719 0.1649111211 -0.4284250438 -0.1304694861 0.9854664207 0.1087825224 0.4401379526 -0.0407461040 0.8970052004
119.9 280.2 1923.6 0.8884009719 0.1649111211 -0.4284250438 -0.1304694861 0.9854664207 0.1087825224 0.4401379526 -0.0407461040 0.8970052004
88.5 84.2 1931.7 0.8895713687 0.1571807563 -0.4289020896 -0.1233031750 0.9867064357 0.1058616936 0.4398398697 -0.0412865467 0.8971266747
-9.9 298.0 1859.5 0.1724239439 -0.5125808716 -0.8411484957 0.9655469656 0.2569209635 0.0413608737 0.1949078888 -0.8192999959 0.5392202139
-49.0 79.1 1815.3 -0.8401381373 -0.5125808716 0.1772814542 -0.3470777273 0.2569209635 -0.9019582272 0.4167792499 -0.8192999959 -0.3937545121
249.6 262.3 1987.8 -0.2329732031 0.9318283796 -0.2782432735 -0.7423970103 0.0143913943 0.6698056459 0.6281482577 0.3626137376 0.6884337664
184.7 55.5 2162.8 -0.0174507890 0.9318283796 -0.3624793887 -0.9962804317 0.0143913943 0.0849598348 0.0843845755 0.3626137376 0.9281112552
-25.6 -100.1 1898.6 0.7820266485 0.0285523813 0.6225906610 -0.0744650885 0.9960747957 0.0478538685 -0.6187804937 -0.0837842673 0.7810831666
-36.9 -496.0 1931.9 0.7783701420 0.1002842113 0.6197442412 -0.1182339936 0.9929111600 -0.0121719576 -0.6165716648 -0.0638005510 0.7847094536
142.0 -121.7 1969.9 -0.5349024534 0.2458662987 0.8083496094 -0.0532043613 0.9450240731 -0.3226434588 -0.8432369828 -0.2155905068 -0.4924145639
44.3 -497.2 2055.5 -0.5354301333 0.0180248227 0.8443871737 -0.0751591697 0.9947887659 -0.0688942000 -0.8412286639 -0.1003514677 -0.5312851667
187.1 176.6 1698.2 0 0 0 0 0 0 0 0 0
180.2 -203.2 2184.7 0 0 0 0 0 0 0 0 0
-75.2 -875.3 1956.3 0 0 0 0 0 0 0 0 0
37.5 -876.6 2093.8 0 0 0 0 0 0 0 0 0
165.3 476.8 1903.6 0 0.8380633593 0.1851513088 -0.5131946802 -0.1111589074 0.9788697958 0.1716323346 0.5341287255 -0.0867926106 0.8409361243
127.6 277.9 1921.2 0.8380633593 0.1851513088 -0.5131946802 -0.1111589074 0.9788697958 0.1716323346 0.5341287255 -0.0867926106 0.8409361243
93.2 83.0 1937.1 0.8397470117 0.1708782315 -0.5153887272 -0.1018863097 0.9819182158 0.1595489085 0.5333330035 -0.0814696699 0.8419730067
5.7 292.3 1843.8 0.2425405979 -0.5376059413 -0.8075605035 0.9606686234 0.2491327226 0.1226730570 0.1352399737 -0.8055512309 0.5768859386
-47.8 80.3 1814.0 -0.8295660019 -0.5376059413 0.1509969831 -0.3273565471 0.2491327226 -0.9114661813 0.4523913264 -0.8055512309 -0.3826608658
249.5 263.5 1998.6 -0.3037537336 0.8907010555 -0.3382090032 -0.7051753998 0.0285252985 0.7084588408 0.6406725645 0.4536936879 0.6194357872
165.1 67.5 2176.6 -0.0386885107 0.8907010555 -0.4529402256 -0.9896516204 0.0285252985 0.1406270713 0.1381769329 0.4536936879 0.8803801537
-24.2 -100.5 1899.5 0.8407549262 0.0327357240 0.5404253006 -0.0751278326 0.9955678582 0.0565729551 -0.5361781120 -0.0881649703 0.8394879103
-37.2 -496.2 1934.6 0.8383899331 0.0968106911 0.5364046693 -0.1027835608 0.9945252538 -0.0188439284 -0.5352922678 -0.0393350199 0.8437505364
138.7 -123.0 1980.1 -0.4409505129 0.2430828810 0.8639869094 -0.0724706203 0.9498397708 -0.3042242229 -0.8946008086 -0.1967615038 -0.4012159705
42.1 -500.3 2058.3 -0.4408641160 -0.0104354229 0.8975132108 -0.0831267014 0.9961096048 -0.0292505492 -0.8937162757 -0.0875028297 -0.4400164485
185.7 172.4 1686.7 0 0 0 0 0 0 0 0 0
155.1 -189.1 2212.4 0 0 0 0 0 0 0 0 0
-74.2 -876.1 1949.6 0 0 0 0 0 0 0 0 0
46.1 -880.4 2091.6 0 0 0 0 0 0 0 0 0
182.2 469.5 1892.2 1 0.8463236094 0.2170122415 -0.4864587188 -0.1204305738 0.9675551653 0.2221114933 0.5188765526 -0.1293936968 0.8449996710
138.1 272.8 1918.5 0.8463236094 0.2170122415 -0.4864587188 -0.1204305738 0.9675551653 0.2221114933 0.5188765526 -0.1293936968 0.8449996710
99.2 79.7 1942.3 0.8493703008 0.1947930604 -0.4905362129 -0.1060702875 0.9734390974 0.2028927207 0.5170292258 -0.1202997342 0.8474720120
14.4 288.1 1843.2 0.2737239599 -0.5666326880 -0.7771760225 0.9531531930 0.2679665685 0.1403314620 0.1287407875 -0.7791798711 0.6134366393
-45.7 78.9 1815.0 -0.8173806071 -0.5666326880 0.1040015593 -0.3021617234 0.2679665685 -0.9148181081 0.4904969335 -0.7791798711 -0.3902453780
261.7 257.5 1993.7 -0.3054014444 0.9020734429 -0.3049483299 -0.6728305221 0.0221875757 0.7394638658 0.6738167405 0.4310118854 0.6001664400
176.8 70.3 2181.1 -0.0594942905 0.9020734429 -0.4274622202 -0.9827502370 0.0221875757 0.1836018413 0.1751066893 0.4310118854 0.8851928711
-17.7 -102.8 1904.5 0.8270440102 0.0529157631 0.5596410036 -0.0852242485 0.9958546758 0.0317842886 -0.5556392670 -0.0739819929 0.8281254172
