263.0 383.5 1783.0 68 0.8532168865 0.3859605789 -0.3507924676 -0.1620645076 0.8354881406 0.5250663161 0.4957378507 -0.3911444545 0.7754031420
184.8 214.4 1862.1 0.8532168865 0.3859605789 -0.3507924676 -0.1620645076 0.8354881406 0.5250663161 0.4957378507 -0.3911444545 0.7754031420
112.0 46.4 1938.7 0.8588171005 0.3673498631 -0.3570535779 -0.1495610029 0.8464167714 0.5110872388 0.4899639487 -0.3855291903 0.7818583846
59.6 236.2 1790.6 0.5139014125 -0.5787072778 -0.6332480907 0.8112111092 0.0877501816 0.5781318545 -0.2790014744 -0.8108006716 0.5145487189
-49.9 63.2 1850.1 -0.7943751812 -0.5787072778 -0.1845695823 0.1643509269 0.0877501816 -0.9824910760 0.5847707391 -0.8108006716 0.0254045129
310.0 192.5 1933.7 -0.3617878556 0.9273011684 -0.0960319862 -0.3977687061 -0.0603805073 0.9154967070 0.8431426883 0.3694141209 0.3906962872
209.2 81.7 2168.7 -0.2303068191 0.9273011684 -0.2950785756 -0.8700237274 -0.0603805073 0.4892984331 0.4359099865 0.3694141209 0.8206800222
-46.0 -104.8 1971.1 0.4272632301 -0.0113382181 0.9040561914 0.0743098632 0.9969787002 -0.0226157531 -0.9010683298 0.0768431723 0.4268148839
-41.4 -500.9 1940.6 0.4196408987 0.0898607969 0.9032311440 -0.0422767922 0.9959425330 -0.0794426873 -0.9067051411 -0.0048483149 0.4217372537
111.8 -138.6 2057.7 -0.7827994823 0.2024219930 0.5884304047 0.1479184628 0.9790384173 -0.1400138736 -0.6044378281 -0.0225630719 -0.7963327169
31.4 -527.6 2066.7 -0.7848457694 -0.1084676385 0.6101244688 -0.1434241086 0.9896242619 -0.0085615246 -0.6028653383 -0.0942260325 -0.7922593355
158.5 20.1 1696.6 0 0 0 0 0 0 0 0 0
149.4 -144.1 2281.8 0 0 0 0 0 0 0 0 0
-75.7 -880.9 1942.4 0 0 0 0 0 0 0 0 0
72.8 -905.3 2102.6 0 0 0 0 0 0 0 0 0
251.6 394.9 1791.9 69 0.8536188006 0.3654204607 -0.3712180555 -0.1456631124 0.8516749740 0.5034202933 0.5001171827 -0.3756562173 0.7802340388
177.6 222.5 1867.9 0.8536188006 0.3654204607 -0.3712180555 -0.1456631124 0.8516749740 0.5034202933 0.5001171827 -0.3756562173 0.7802340388
108.8 51.2 1941.0 0.8584254980 0.3468159437 -0.3779211044 -0.1340919733 0.8628867865 0.4872840345 0.4951010048 -0.3676208556 0.7872292399
52.3 242.1 1795.6 0.4753519297 -0.5812888145 -0.6604118347 0.8424286842 0.0842884630 0.5321742296 -0.2536818087 -0.8093199134 0.5297610760
-49.6 61.5 1850.0 -0.7992042303 -0.5812888145 -0.1528917700 0.1277453154 0.0842884630 -0.9882189035 0.5873275995 -0.8093199134 0.0068932329
302.8 202.9 1940.3 -0.3578574061 0.9253742099 -0.1249825731 -0.4221378565 -0.0409348756 0.9056069851 0.8329091668 0.3768380582 0.4052843451
203.1 85.2 2172.4 -0.2095901370 0.9253742099 -0.3158394396 -0.8836116791 -0.0409348756 0.4664275944 0.4186912179 0.3768380582 0.8262510300
-39.4 -107.8 1970.4 0.4334216118 -0.0030079703 0.9011862278 0.0702434927 0.9970648289 -0.0304553118 -0.8984495401 0.0765024647 0.4323607683
-38.2 -504.0 1940.0 0.4236949086 0.1075001433 0.8994033337 -0.0474351756 0.9942034483 -0.0964850485 -0.9045620561 -0.0017831266 0.4263382554
117.8 -135.2 2060.3 -0.7752668858 0.2165206522 0.5933633447 0.1673164964 0.9762498736 -0.1376278400 -0.6090701222 -0.0074188346 -0.7930816412
31.8 -523.0 2063.2 -0.7876018882 -0.0821158662 0.6106883287 -0.1401044130 0.9889866710 -0.0477084517 -0.6000450253 -0.1231353953 -0.7904325724
160.3 27.9 1695.8 0 0 0 0 0 0 0 0 0
148.6 -144.2 2281.1 0 0 0 0 0 0 0 0 0
-79.2 -883.6 1940.7 0 0 0 0 0 0 0 0 0
63.1 -900.5 2110.2 0 0 0 0 0 0 0 0 0
240.3 407.0 1809.3 70 0.8354690075 0.3361536264 -0.4347324371 -0.1090024412 0.8767393827 0.4684512317 0.5386186242 -0.3439895809 0.7691301107
172.1 229.1 1879.1 0.8354690075 0.3361536264 -0.4347324371 -0.1090024412 0.8767393827 0.4684512317 0.5386186242 -0.3439895809 0.7691301107
108.8 53.4 1945.8 0.8384996653 0.3206480145 -0.4405714273 -0.1008692011 0.8858975768 0.4527813196 0.5354846120 -0.3352168798 0.7751682997
50.0 244.0 1800.9 0.4598323405 -0.5814835429 -0.6711416245 0.8576782346 0.0949916467 0.5053361058 -0.2300917953 -0.8079934716 0.5424060225
-49.5 58.5 1850.6 -0.8043768406 -0.5814835429 -0.1218801439 0.0816582888 0.0949916467 -0.9921232462 0.5884809494 -0.8079934716 -0.0289261267
294.3 214.3 1957.3 -0.3761707842 0.9065997005 -0.1912394762 -0.4558798969 -0.0014095396 0.8900401592 0.8066406250 0.4219893515 0.4138308167
189.5 87.3 2182.0 -0.1844827384 0.9065997005 -0.3795301318 -0.9006969929 -0.0014095396 0.4344455004 0.3933331966 0.4219893515 0.8168316483
-38.6 -107.7 1968.6 0.4741888940 -0.0011231921 0.8804224133 0.0793360770 0.9959853888 -0.0414591953 -0.8768413067 0.0895087495 0.4723743200
-38.2 -503.5 1933.0 0.4638982415 0.1007977352 0.8801353574 -0.0866095051 0.9939067364 -0.0681776404 -0.8816446066 -0.0446005948 0.4698016346
118.7 -132.3 2059.4 -0.7511697412 0.2006240040 0.6288831234 0.1425225288 0.9795169234 -0.1422458291 -0.6445396543 -0.0172207374 -0.7643769383
39.0 -521.5 2066.3 -0.7654429078 -0.0183399562 0.6432424188 -0.0753380656 0.9952737093 -0.0612734966 -0.6390784979 -0.0953620002 -0.7632068992
162.5 37.0 1695.6 0 0 0 0 0 0 0 0 0
141.6 -146.5 2284.1 0 0 0 0 0 0 0 0 0
-76.6 -882.8 1950.0 0 0 0 0 0 0 0 0 0
45.9 -900.6 2102.6 0 0 0 0 0 0 0 0 0
228.8 419.0 1819.0 71 0.8343675137 0.3122138977 -0.4542612433 -0.0891762972 0.8897207975 0.4477102458 0.5439470410 -0.3330455422 0.7701962590
165.6 238.9 1886.5 0.8343675137 0.3122138977 -0.4542612433 -0.0891762972 0.8897207975 0.4477102458 0.5439470410 -0.3330455422 0.7701962590
106.4 60.8 1951.0 0.8365322948 0.2990014255 -0.4591425061 -0.0828468874 0.8973670602 0.4334382713 0.5416180491 -0.3245465755 0.7754479051
43.6 251.1 1807.3 0.4249132574 -0.5841584802 -0.6915255189 0.8817258477 0.0941176564 0.4622784853 -0.2049591392 -0.8061642051 0.5550594926
-49.7 57.4 1852.4 -0.8051669002 -0.5841584802 -0.1022990793 0.0579909906 0.0941176564 -0.9938706756 0.5902061462 -0.8061642051 -0.0419044942
287.6 226.7 1965.6 -0.3706618845 0.9026919007 -0.2185339928 -0.4729966819 0.0190272368 0.8808587193 0.7993021011 0.4298666120 0.4199176133
184.3 94.9 2188.4 -0.1633802652 0.9026919007 -0.3980630934 -0.9090481997 0.0190272368 0.4162562788 0.3833252192 0.4298666120 0.8174818158
-31.3 -113.0 1963.4 0.4792975187 0.0138322553 0.8775435090 0.0623945855 0.9968088269 -0.0497909039 -0.8754317760 0.0786186159 0.4769048989
-36.8 -509.1 1932.2 0.4684321880 0.1077943519 0.8768988848 -0.0874823853 0.9933105707 -0.0753720924 -0.8791576028 -0.0414064936 0.4747287631
122.1 -131.7 2061.6 -0.7455695868 0.1985467821 0.6361644268 0.1485301405 0.9800841212 -0.1318102479 -0.6496651173 -0.0037841122 -0.7602110505
43.2 -521.1 2063.1 -0.7645675540 0.0107264053 0.6444543600 -0.0598662049 0.9943574667 -0.0875742957 -0.6417573690 -0.1055375040 -0.7596113086
163.6 42.0 1696.0 0 0 0 0 0 0 0 0 0
141.9 -141.1 2287.9 0 0 0 0 0 0 0 0 0
-78.0 -888.4 1948.0 0 0 0 0 0 0 0 0 0
39.1 -900.3 2103.3 0 0 0 0 0 0 0 0 0
217.5 427.6 1827.9 72 0.8587216139 0.2794570029 -0.4295358062 -0.0908849537 0.9079800248 0.4090380967 0.5043184757 -0.3122115135 0.8051005006
160.7 243.2 1891.3 0.8587216139 0.2794570029 -0.4295358062 -0.0908849537 0.9079800248 0.4090380967 0.5043184757 -0.3122115135 0.8051005006
108.0 61.7 1951.9 0.8612630367 0.2655417919 -0.4332592189 -0.0823873505 0.9142920375 0.3965883851 0.5014362335 -0.3058718443 0.8093232512
35.1 255.1 1818.1 0.3815562725 -0.5750662684 -0.7236806154 0.9115687013 0.1043745056 0.3976788819 -0.1531579047 -0.8114214540 0.5640371442
-48.2 56.1 1851.6 -0.8136923909 -0.5750662684 -0.0848737210 0.0299249105 0.1043745056 -0.9940877557 0.5805249810 -0.8114214540 -0.0677199364
286.3 231.3 1964.5 -0.3255976140 0.9202340841 -0.2171531171 -0.5080459714 0.0234209690 0.8610114455 0.7974179983 0.3906670511 0.4598954022
195.6 89.8 2186.5 -0.1281229258 0.9202340841 -0.3698023856 -0.9251737595 0.0234209690 0.3788205683 0.3572647274 0.3906670511 0.8483756185
-29.4 -109.7 1965.9 0.4383613467 0.0200658180 0.8985748291 0.0719506890 0.9957588315 -0.0573364794 -0.8959143162 0.0897871703 0.4350584447
-37.3 -505.3 1930.2 0.4276312292 0.1009531841 0.8982983828 -0.0910040587 0.9935035110 -0.0683304816 -0.8993607759 -0.0525285527 0.4340402782
123.8 -125.0 2065.2 -0.7765485048 0.1928220689 0.5998267531 0.1538114250 0.9812318087 -0.1163021103 -0.6109946966 0.0019459780 -0.7916322947
47.2 -514.9 2064.5 -0.7944462895 0.0337485373 0.6063960195 -0.0193460472 0.9965419769 -0.0808073059 -0.6070262194 -0.0759284273 -0.7910461426
167.5 48.1 1697.7 0 0 0 0 0 0 0 0 0
162.4 -150.2 2279.2 0 0 0 0 0 0 0 0 0
-75.9 -884.8 1950.3 0 0 0 0 0 0 0 0 0
34.3 -895.1 2093.4 0 0 0 0 0 0 0 0 0
205.9 437.3 1840.8 73 0.8835488558 0.2393218875 -0.4025748074 -0.0891604349 0.9298129678 0.3570690155 0.4597737193 -0.2795941830 0.8428732157
157.3 248.7 1897.6 0.8835488558 0.2393218875 -0.4025748074 -0.0891604349 0.9298129678 0.3570690155 0.4597737193 -0.2795941830 0.8428732157
111.9 63.6 1952.7 0.8858906627 0.2280598581 -0.4039634764 -0.0798280686 0.9327650070 0.3515350521 0.4569740295 -0.2791740000 0.8445333838
28.2 260.1 1830.9 0.3391497433 -0.5778061748 -0.7423728704 0.9357987642 0.1265019178 0.3290561140 -0.0962190628 -0.8063108921 0.5836133957
-46.5 54.0 1852.1 -0.8128491640 -0.5778061748 -0.0735951737 -0.0001102986 0.1265019178 -0.9919663668 0.5824742317 -0.8063108921 -0.1028907076
286.5 237.2 1964.2 -0.2750748992 0.9369412065 -0.2155806571 -0.5487967134 0.0310915969 0.8353774548 0.7894022465 0.3481013179 0.5056377649
210.0 84.6 2183.8 -0.0887337402 0.9369412065 -0.3380348384 -0.9422328472 0.0310915969 0.3335125148 0.3229916394 0.3481013179 0.8800578713
-23.6 -112.2 1966.6 0.3928231597 0.0266503748 0.9192277789 0.0782159194 0.9949896932 -0.0622716919 -0.9162817597 0.0963600054 0.3887704909
-34.2 -507.6 1928.3 0.3780289292 0.1187026128 0.9181523919 -0.0939434692 0.9915453792 -0.0895120203 -0.9210150838 -0.0524162836 0.3859841526
134.1 -127.2 2058.5 -0.8043562770 0.2185456306 0.5524932742 0.1777139157 0.9758177400 -0.1272692680 -0.5669469237 -0.0041840808 -0.8237437010
47.3 -514.8 2060.1 -0.8296987414 0.0117566772 0.5580876470 -0.0541163124 0.9933748245 -0.1013801694 -0.5555821061 -0.1143166423 -0.8235656023
168.6 54.0 1697.9 0 0 0 0 0 0 0 0 0
187.0 -159.7 2267.5 0 0 0 0 0 0 0 0 0
-79.5 -886.4 1948.3 0 0 0 0 0 0 0 0 0
42.8 -893.8 2103.7 0 0 0 0 0 0 0 0 0
192.3 444.4 1847.3 74 0.8991479874 0.2141182423 -0.3816887438 -0.0832223818 0.9398820400 0.3312035203 0.4296590984 -0.2660359442 0.8629124761
148.4 251.9 1901.8 0.8991479874 0.2141182423 -0.3816887438 -0.0832223818 0.9398820400 0.3312035203 0.4296590984 -0.2660359442 0.8629124761
108.3 64.7 1953.5 0.9011583924 0.2017396986 -0.3836855590 -0.0741159767 0.9437799454 0.3221587241 0.4271069467 -0.2618788183 0.8654473424
17.0 262.6 1839.4 0.2840034664 -0.5813639760 -0.7624683380 0.9569278955 0.1218837351 0.2635021210 -0.0602581687 -0.8044627309 0.5909388065
-45.1 53.2 1852.6 -0.8125126362 -0.5813639760 -0.0428844355 -0.0348552875 0.1218837351 -0.9919322133 0.5819005966 -0.8044627309 -0.1192956865
279.9 241.3 1964.1 -0.2398153245 0.9466471076 -0.2152856290 -0.5736820102 0.0407121591 0.8180657029 0.7831842303 0.3196901977 0.5333110094
213.1 81.7 2182.0 -0.0607897267 0.9466471076 -0.3164868057 -0.9516229630 0.0407121591 0.3045591116 0.3011948764 0.3196901977 0.8983762264
-14.5 -114.2 1966.0 0.3614483476 0.0405341573 0.9315106273 0.0767764747 0.9943678975 -0.0730604604 -0.9292257428 0.0979256853 0.3563005626
-30.6 -509.3 1927.1 0.3422072828 0.1346674860 0.9299241304 -0.1114223972 0.9885093570 -0.1021486670 -0.9329947829 -0.0686583593 0.3532800674
147.6 -128.6 2049.7 -0.8194426894 0.2531313896 0.5142354965 0.2000241578 0.9670813680 -0.1573020667 -0.5371257067 -0.0260405056 -0.8431001902
47.1 -512.5 2060.0 -0.8485130072 0.0096403556 0.5290867090 -0.0488107912 0.9941457510 -0.0963934809 -0.5269185901 -0.1076162606 -0.8430750370
169.4 62.4 1699.0 0 0 0 0 0 0 0 0 0
197.4 -165.2 2260.2 0 0 0 0 0 0 0 0 0
-82.1 -886.9 1953.3 0 0 0 0 0 0 0 0 0
43.5 -892.0 2101.1 0 0 0 0 0 0 0 0 0
180.6 452.2 1855.5 75 0.8735151291 0.1961645335 -0.4455229938 -0.0468172655 0.9448240995 0.3242153227 0.4845404327 -0.2623488307 0.8345020413
140.3 258.3 1909.4 0.8735151291 0.1961645335 -0.4455229938 -0.0468172655 0.9448240995 0.3242153227 0.4845404327 -0.2623488307 0.8345020413
104.0 69.5 1958.8 0.8744558692 0.1832221895 -0.4491732419 -0.0421163142 0.9511079192 0.3059737384 0.4832734168 -0.2486429960 0.8394185305
13.0 264.5 1838.9 0.2652991414 -0.5888287425 -0.7634769678 0.9608617425 0.0959641635 0.2598760128 -0.0797560439 -0.8025407195 0.5912422538
-45.4 52.9 1856.5 -0.8072770238 -0.5888287425 -0.0398063585 -0.0209253691 0.0959641635 -0.9951648116 0.5898016095 -0.8025407195 -0.0897911191
267.6 252.2 1979.8 -0.2671230137 0.9222840667 -0.2793516517 -0.5844336748 0.0754431263 0.8079267740 0.7662131190 0.3790783584 0.5188612938
193.2 89.4 2193.2 -0.0444019139 0.9222840667 -0.3839538097 -0.9535921216 0.0754431263 0.2914968133 0.2978095412 0.3790783584 0.8761330247
-14.4 -116.0 1966.2 0.4163382351 0.0349097848 0.9085393548 0.0864964575 0.9932097197 -0.0778001696 -0.9050861001 0.1109766141 0.4104915857
-28.3 -510.6 1922.1 0.3962069154 0.1340181530 0.9083276987 -0.1423958689 0.9862892032 -0.0834086910 -0.9070520997 -0.0962950140 0.4098582268
150.6 -129.3 2044.4 -0.7855040431 0.2609639168 0.5611428022 0.1918268055 0.9647545218 -0.1801419854 -0.5883756280 -0.0338600203 -0.8078784943
47.0 -512.5 2057.9 -0.8140782714 0.0080454918 0.5806994438 -0.0616672449 0.9930534959 -0.1002094373 -0.5774718523 -0.1173884645 -0.8079271317
167.1 58.4 1701.3 0 0 0 0 0 0 0 0 0
181.7 -158.1 2270.5 0 0 0 0 0 0 0 0 0
-79.5 -887.3 1958.9 0 0 0 0 0 0 0 0 0
43.9 -891.8 2102.7 0 0 0 0 0 0 0 0 0
168.1 456.6 1864.1 76 0.9100663662 0.1757915914 -0.3753352165 -0.0697606429 0.9576447010 0.2793744504 0.4085494578 -0.2280656546 0.8837835789
131.9 259.5 1911.1 0.9100663662 0.1757915914 -0.3753352165 -0.0697606429 0.9576447010 0.2793744504 0.4085494578 -0.2280656546 0.8837835789
99.3 68.6 1954.8 0.9116023779 0.1628575176 -0.3774367273 -0.0610551946 0.9616314769 0.2674643099 0.4065136015 -0.2207766473 0.8865688443
-0.6 268.1 1852.1 0.2089381814 -0.5900688171 -0.7798484564 0.9772184491 0.0955886170 0.1894911379 -0.0372681767 -0.8016742468 0.5965982676
-46.8 52.0 1860.3 -0.8061494231 -0.5900688171 -0.0440669544 -0.0155604593 0.0955886170 -0.9952992797 0.5915073752 -0.8016742468 -0.0862404555
264.4 250.8 1970.1 -0.2041063011 0.9507176876 -0.2334019840 -0.6192585230 0.0592676997 0.7829471231 0.7581948638 0.3043406308 0.5766431093
207.6 78.6 2180.9 -0.0220677294 0.9507176876 -0.3092715442 -0.9661372304 0.0592676997 0.2511298060 0.2570833564 0.3043406308 0.9172158837
-12.3 -115.4 1963.9 0.3378953934 0.0349518396 0.9405344725 0.0839921460 0.9942032099 -0.0671211854 -0.9374284148 0.1016774476 0.3330010176
-26.2 -510.5 1923.5 0.3165550232 0.1415101588 0.9379593730 -0.1084300503 0.9877265692 -0.1124241352 -0.9423565269 -0.0661145598 0.3280137479
147.6 -123.1 2052.4 -0.8334981799 0.2510471046 0.4921952486 0.2081125528 0.9678541422 -0.1412357241 -0.5118300319 -0.0152877066 -0.8589506745
47.8 -507.6 2058.4 -0.8664325476 0.0236481540 0.4987338185 -0.0392772891 0.9925540686 -0.1152983606 -0.4977468848 -0.1194871590 -0.8590523005
165.4 56.1 1704.6 0 0 0 0 0 0 0 0 0
201.9 -172.0 2247.6 0 0 0 0 0 0 0 0 0
-80.2 -887.7 1948.8 0 0 0 0 0 0 0 0 0
38.8 -886.8 2104.1 0 0 0 0 0 0 0 0 0
156.5 461.6 1869.5 77 0.9138292074 0.1683129966 -0.3695767224 -0.0652269423 0.9590842724 0.2755045593 0.4008262157 -0.2276577652 0.8874177337
121.9 264.5 1916.2 0.9138292074 0.1683129966 -0.3695767224 -0.0652269423 0.9590842724 0.2755045593 0.4008262157 -0.2276577652 0.8874177337
91.0 72.9 1958.1 0.9147595167 0.1552913934 -0.3729605675 -0.0596953332 0.9649947882 0.2553849518 0.3995640874 -0.2113518268 0.8920083642
-11.3 273.1 1858.0 0.1644182056 -0.5849670768 -0.7942166924 0.9862182736 0.0824335665 0.1434511691 -0.0184440948 -0.8068569899 0.5904588103
-48.5 50.1 1862.2 -0.8107436895 -0.5849670768 -0.0225424394 -0.0317814723 0.0824335665 -0.9960896969 0.5845379233 -0.8068569899 -0.0854236111
255.2 255.9 1974.4 -0.1946363598 0.9523548484 -0.2348125279 -0.6278324723 0.0629680082 0.7757973075 0.7536199689 0.2984212935 0.5856634378
201.0 81.1 2184.3 -0.0133423414 0.9523548484 -0.3047001958 -0.9689173102 0.0629680082 0.2392368466 0.2470247298 0.2984212935 0.9219129682
-16.4 -116.8 1961.4 0.3304135203 0.0259153731 0.9434804320 0.0801306665 0.9952436686 -0.0553995222 -0.9404286146 0.0939064696 0.3267653286
-26.7 -512.3 1924.0 0.3121424615 0.1297589242 0.9411321282 -0.0998095050 0.9896255136 -0.1033414379 -0.9447778463 -0.0616766773 0.3218553066
150.0 -127.7 2035.5 -0.8440794349 0.2499071360 0.4744220972 0.1858113557 0.9662553072 -0.1783950478 -0.5029950738 -0.0624265745 -0.8620318174
50.8 -511.2 2060.3 -0.8704079986 0.0508067869 0.4897025824 -0.0067368452 0.9933387637 -0.1150334030 -0.4922850430 -0.1034250408 -0.8642677069
164.6 58.5 1708.5 0 0 0 0 0 0 0 0 0
197.6 -170.5 2248.4 0 0 0 0 0 0 0 0 0
-76.2 -890.3 1947.6 0 0 0 0 0 0 0 0 0
31.4 -890.6 2099.8 0 0 0 0 0 0 0 0 0
145.4 467.1 1879.6 78 0.9006021619 0.1502880007 -0.4078348577 -0.0451443568 0.9655873775 0.2561308742 0.4322935939 -0.2122605741 0.8763947487
114.4 267.8 1923.4 0.9006021619 0.1502880007 -0.4078348577 -0.0451443568 0.9655873775 0.2561308742 0.4322935939 -0.2122605741 0.8763947487
86.7 74.9 1961.6 0.9007889628 0.1394120455 -0.4112705886 -0.0438952446 0.9714475870 0.2331582755 0.4320329130 -0.1919735819 0.8811888099
-16.9 274.2 1860.4 0.1414210498 -0.5801330805 -0.8021506667 0.9897578955 0.0669162720 0.1261013150 -0.0194786172 -0.8117682934 0.5836547017
-48.9 50.2 1864.8 -0.8145210743 -0.5801330805 -0.0010003169 -0.0464363098 0.0669162720 -0.9966773987 0.5782725215 -0.8117682934 -0.0814439505
245.7 261.4 1986.4 -0.2061231583 0.9390026331 -0.2752949297 -0.6431696415 0.0820178390 0.7613185048 0.7374591827 0.3339867294 0.5870321989
188.3 82.2 2191.9 0.0019428576 0.9390026331 -0.3439044654 -0.9723954201 0.0820178390 0.2184494585 0.2333309203 0.3339867294 0.9132412076
-23.7 -113.4 1963.5 0.3623854816 0.0047438582 0.9320162535 0.1037675217 0.9935646653 -0.0454039015 -0.9262338281 0.1131667271 0.3595611453
-25.5 -508.1 1918.5 0.3420877755 0.1266422570 0.9310948849 -0.1347520947 0.9872465134 -0.0847712532 -0.9299558401 -0.0964677706 0.3547903001
143.7 -124.2 2036.5 -0.8332878351 0.2147803456 0.5094121695 0.1564128548 0.9753915668 -0.1553908736 -0.5302512050 -0.0498067178 -0.8463763595
58.5 -511.3 2056.3 -0.8565852046 0.0875184089 0.5085295439 0.0062448783 0.9871978164 -0.1593785733 -0.5159677863 -0.1333456337 -0.8461655974
164.3 62.3 1713.4 0 0 0 0 0 0 0 0 0
188.8 -170.4 2252.5 0 0 0 0 0 0 0 0 0
-73.9 -885.0 1955.4 0 0 0 0 0 0 0 0 0
25.1 -888.0 2107.2 0 0 0 0 0 0 0 0 0
134.6 469.3 1885.2 79 0.8916363716 0.1239438877 -0.4354566038 -0.0159722529 0.9698113799 0.2433325201 0.4524703622 -0.2100089192 0.8666988015
109.2 270.3 1928.3 0.8916363716 0.1239438877 -0.4354566038 -0.0159722529 0.9698113799 0.2433325201 0.4524703622 -0.2100089192 0.8666988015
87.0 76.6 1965.8 0.8917564154 0.1119961143 -0.4384374321 -0.0149826268 0.9756650329 0.2187537849 0.4522676468 -0.1885061413 0.8717335463
-20.8 272.5 1862.3 0.1161202192 -0.5814582705 -0.8052467704 0.9931026697 0.0547282621 0.1036913171 -0.0162224211 -0.8117333651 0.5838028193
-47.0 48.7 1865.9 -0.8127821088 -0.5814582705 0.0359374620 -0.0831479579 0.0547282621 -0.9950332642 0.5766035318 -0.8117333651 -0.0928292200
239.2 268.1 1994.3 -0.2016666681 0.9280427694 -0.3131567240 -0.6498892307 0.1124184653 0.7516688704 0.7327854633 0.3551037312 0.5804539919
183.0 86.9 2198.6 0.0284323543 0.9280427694 -0.3713868260 -0.9719655514 0.1124184653 0.2065067291 0.2333978117 0.3551037312 0.9052219391
-23.4 -114.0 1960.1 0.3798695207 0.0036013378 0.9250330329 0.0988191366 0.9941121340 -0.0444508567 -0.9197466373 0.1082964912 0.3772770166
-24.8 -509.0 1917.1 0.3593794703 0.1262578666 0.9246109128 -0.1634342670 0.9840072393 -0.0708446503 -0.9187685251 -0.1256529838 0.3742668927
141.5 -122.1 2039.3 -0.8195776939 0.2153258324 0.5309681892 0.1600277722 0.9758439660 -0.1487268656 -0.5501667857 -0.0369235761 -0.8342380524
56.0 -509.6 2053.9 -0.8438913226 0.0484936722 0.5343180299 -0.0274215695 0.9907065630 -0.1332236975 -0.5358129144 -0.1270781606 -0.8347189426
164.5 70.4 1715.9 0 0 0 0 0 0 0 0 0
190.4 -165.5 2259.2 0 0 0 0 0 0 0 0 0
-73.0 -884.7 1965.1 0 0 0 0 0 0 0 0 0
37.5 -887.6 2102.4 0 0 0 0 0 0 0 0 0
126.6 472.1 1893.0 80 0.9237422347 0.1243499070 -0.3622669876 -0.0422523618 0.9731416106 0.2262965590 0.3806770444 -0.1937330514 0.9041860700
101.2 273.1 1932.6 0.9237422347 0.1243499070 -0.3622669876 -0.0422523618 0.9731416106 0.2262965590 0.3806770444 -0.1937330514 0.9041860700
78.7 78.6 1966.3 0.9239499569 0.1126858741 -0.3655384183 -0.0405413955 0.9790887237 0.1993531883 0.3803588152 -0.1693729311 0.9091974497
-33.2 278.9 1877.3 0.0504304841 -0.5894969106 -0.8061948419 0.9980595708 0.0592651665 0.0190971121 0.0365215875 -0.8055936098 0.5913417935
-44.9 48.6 1868.9 -0.8060626388 -0.5894969106 0.0525012389 -0.1079792902 0.0592651665 -0.9923850894 0.5818964243 -0.8055936098 -0.1114249006
235.6 267.3 1987.9 -0.1550946236 0.9545998573 -0.2543319464 -0.6690459251 0.0879238024 0.7380020022 0.7268584371 0.2846198976 0.6250346899
192.4 80.9 2190.4 0.0296391901 0.9545998573 -0.2964128852 -0.9787421823 0.0879238024 0.1852919608 0.2029414177 0.2846198976 0.9369131923
-16.9 -115.8 1961.9 0.3081710339 0.0192842986 0.9511355162 0.1049254984 0.9930058718 -0.0541294292 -0.9455269575 0.1164794862 0.3039922416
-24.6 -510.3 1915.6 0.2862244844 0.1223809272 0.9503149390 -0.1557653248 0.9845592976 -0.0798760802 -0.9454166889 -0.1251636147 0.3008676767
146.4 -118.5 2044.7 -0.8567047715 0.2240917981 0.4645855725 0.1898987442 0.9744608402 -0.1198520288 -0.4795783162 -0.0144535927 -0.8773800135
57.4 -505.5 2050.5 -0.8877388239 0.0627193302 0.4560548663 -0.0101011358 0.9877829552 -0.1555081755 -0.4602365792 -0.1426573098 -0.8762597442
163.0 76.5 1718.8 0 0 0 0 0 0 0 0 0
200.1 -173.2 2243.1 0 0 0 0 0 0 0 0 0
-71.3 -886.4 1963.4 0 0 0 0 0 0 0 0 0
33.4 -882.7 2105.0 0 0 0 0 0 0 0 0 0
118.4 475.5 1902.4 81 0.9624398351 0.1081783473 -0.2490121722 -0.0642159656 0.9818682671 0.1783563048 0.2637914419 -0.1556666493 0.9519358873
96.2 274.1 1934.3 0.9624398351 0.1081783473 -0.2490121722 -0.0642159656 0.9818682671 0.1783563048 0.2637914419 -0.1556666493 0.9519358873
76.5 78.4 1961.4 0.9630904198 0.0968198180 -0.2511628866 -0.0579713322 0.9857819080 0.1577127725 0.2628615797 -0.1373314112 0.9550098777
-43.2 282.1 1896.4 0.0102453949 -0.5845162868 -0.8113172650 0.9937303066 0.0962878093 -0.0568219535 0.1113333181 -0.8056483865 0.5818380713
-45.6 48.9 1870.2 -0.8100156784 -0.5845162868 0.0470674336 -0.1268475950 0.0962878093 -0.9872377515 0.5725245476 -0.8056483865 -0.1521391124
235.5 266.1 1972.2 -0.0707188323 0.9828020930 -0.1705839187 -0.7035807967 0.0720775425 0.7069504261 0.7070876360 0.1700142771 0.6863834262
215.9 70.8 2168.5 0.0460845679 0.9828020930 -0.1788190156 -0.9872813821 0.0720775425 0.1417048872 0.1521566957 0.1700142771 0.9736238718
-28.3 -112.1 1965.3 0.1910720617 -0.0110018384 0.9815143347 0.1151894554 0.9932793975 -0.0112902969 -0.9747937322 0.1152173653 0.1910552382
-23.9 -506.7 1919.5 0.1670313925 0.1203726530 0.9785760045 -0.1257957071 0.9870095253 -0.0999381989 -0.9778936505 -0.1064078435 0.1800039262
140.5 -119.4 2034.7 -0.9148004651 0.2050402910 0.3479922414 0.1789061725 0.9781371951 -0.1060198247 -0.3621225059 -0.0347290225 -0.9314833283
59.1 -507.9 2048.5 -0.9397935271 0.0766816661 0.3330285847 0.0189698003 0.9847037196 -0.1732014269 -0.3412158489 -0.1564560980 -0.9268728495
162.5 81.5 1723.2 0 0 0 0 0 0 0 0 0
227.9 -185.3 2208.0 0 0 0 0 0 0 0 0 0
-69.9 -883.7 1960.1 0 0 0 0 0 0 0 0 0
29.8 -884.0 2108.3 0 0 0 0 0 0 0 0 0
111.3 475.7 1912.1 82 0.9547168016 0.0932331160 -0.2825303674 -0.0489756726 0.9859253168 0.1598518193 0.2934573293 -0.1387760937 0.9458456635
92.2 273.4 1940.5 0.9547168016 0.0932331160 -0.2825303674 -0.0489756726 0.9859253168 0.1598518193 0.2934573293 -0.1387760937 0.9458456635
75.4 76.9 1964.2 0.9550344944 0.0836553946 -0.2844483852 -0.0454281308 0.9893292189 0.1384338886 0.2929938734 -0.1192871854 0.9486438632
-46.6 279.8 1898.0 0.0022289662 -0.5836836696 -0.8119781017 0.9924980998 0.1005475894 -0.0695532784 0.1222395524 -0.8057317138 0.5795290470
-47.1 49.9 1869.7 -0.8080161810 -0.5836836696 0.0801452324 -0.1698682159 0.1005475894 -0.9803239107 0.5641406178 -0.8057317138 -0.1803933829
230.9 266.9 1983.1 -0.0797859654 0.9752019048 -0.2064349949 -0.7141384482 0.0885621980 0.6943796277 0.6954426765 0.2028249055 0.6893631220
208.7 68.2 2176.6 0.0607515350 0.9752019048 -0.2128155529 -0.9883620143 0.0885621980 0.1236822978 0.1394626349 0.2028249055 0.9692327976
-30.7 -112.2 1964.7 0.2205347717 -0.0146265682 0.9752694368 0.1189458296 0.9928281307 -0.0120069627 -0.9680992961 0.1186521873 0.2206929028
-24.9 -506.7 1917.6 0.1979003251 0.1135834828 0.9736191630 -0.1407789439 0.9862600565 -0.0864430964 -0.9700601697 -0.1199579537 0.2111713439
144.2 -122.3 2012.3 -0.9061555266 0.2157602757 0.3637714386 0.1666983664 0.9726650119 -0.1616614610 -0.3887078762 -0.0858503208 -0.9173526764
58.6 -508.2 2046.4 -0.9302438498 0.0547311679 0.3628373146 -0.0066721896 0.9861274362 -0.1658557802 -0.3668813109 -0.1567072421 -0.9169737697
160.7 93.6 1724.6 0 0 0 0 0 0 0 0 0
224.5 -188.3 2212.8 0 0 0 0 0 0 0 0 0
-68.3 -883.5 1963.4 0 0 0 0 0 0 0 0 0
37.7 -884.8 2106.2 0 0 0 0 0 0 0 0 0
105.1 475.6 1915.4 83 0.9631229043 0.0874617696 -0.2544499040 -0.0499709286 0.9873848557 0.1502467990 0.2643808126 -0.1319910288 0.9553434849
87.1 272.9 1942.5 0.9631229043 0.0874617696 -0.2544499040 -0.0499709286 0.9873848557 0.1502467990 0.2643808126 -0.1319910288 0.9553434849
71.8 76.1 1964.3 0.9635267258 0.0764682740 -0.2564544678 -0.0450974703 0.9909977317 0.1260545999 0.2637849748 -0.1098915264 0.9583013058
-53.2 279.4 1904.1 -0.0368058681 -0.5959949493 -0.8021442294 0.9887508750 0.0947277248 -0.1157511026 0.1449723691 -0.7973811626 0.5858039856
-44.6 48.5 1870.3 -0.7951958776 -0.5959949493 0.1115956306 -0.2076316476 0.0947277248 -0.9736096263 0.5696952343 -0.7973811626 -0.1990745068
227.4 266.4 1980.9 -0.0560498610 0.9804751277 -0.1884860098 -0.7219278812 0.0906085148 0.6860103607 0.6896945238 0.1745240986 0.7027537227
211.8 65.4 2173.0 0.0690821111 0.9804751277 -0.1841092706 -0.9896596670 0.0906085148 0.1111927480 0.1257035881 0.1745240986 0.9765961170
-28.5 -115.4 1961.1 0.1913554668 -0.0112054972 0.9814568162 0.1083120182 0.9940689802 -0.0097681945 -0.9755263329 0.1081727743 0.1914342195
-24.1 -510.4 1918.1 0.1662472188 0.1230504662 0.9783764482 -0.1376450509 0.9853656292 -0.1005406454 -0.9764300585 -0.1179540679 0.1807515770
145.7 -123.6 2014.6 -0.9177114964 0.2130931169 0.3352564871 0.1688823551 0.9731693268 -0.1562696546 -0.3595613241 -0.0867915601 -0.9290763736
61.1 -510.0 2049.0 -0.9375414252 0.0758651122 0.3395004570 0.0306784716 0.9901590943 -0.1365423501 -0.3465182781 -0.1175987497 -0.9306426048
158.9 101.7 1724.5 0 0 0 0 0 0 0 0 0
229.7 -191.6 2205.7 0 0 0 0 0 0 0 0 0
-71.1 -886.9 1963.2 0 0 0 0 0 0 0 0 0
32.1 -887.9 2093.9 0 0 0 0 0 0 0 0 0
99.7 477.0 1923.1 84 0.9651816487 0.0726530626 -0.2512885630 -0.0396442376 0.9901861548 0.1340139210 0.2585589588 -0.1193856373 0.9585897326
84.8 274.7 1947.5 0.9651816487 0.0726530626 -0.2512885630 -0.0396442376 0.9901861548 0.1340139210 0.2585589588 -0.1193856373 0.9585897326
72.5 77.4 1967.4 0.9655633569 0.0618278347 -0.2527146041 -0.0340146311 0.9930144548 0.1129837707 0.2579348087 -0.1004969999 0.9609214067
-56.0 279.6 1909.9 -0.0444894508 -0.6042677164 -0.7955383062 0.9833801389 0.1138218269 -0.1414500028 0.1760232896 -0.7886096239 0.5891610384
-45.6 49.0 1868.6 -0.7855090499 -0.6042677164 0.1335515529 -0.2509944141 0.1138218269 -0.9612733126 0.5656653643 -0.7886096239 -0.2410759032
225.7 269.8 1985.1 -0.0416536331 0.9800389409 -0.1943929195 -0.7288483977 0.1032754630 0.6768413186 0.6834068894 0.1698758751 0.7099980116
214.0 66.6 2175.6 0.0842602924 0.9800389409 -0.1800661981 -0.9897172451 0.1032754630 0.0989641994 0.1155851930 0.1698758751 0.9786635041
-31.6 -116.7 1962.0 0.1847316027 -0.0161915701 0.9826556444 0.0953406692 0.9954435229 -0.0015210208 -0.9781535864 0.0939680263 0.1854335964
-25.2 -512.3 1924.6 0.1664916575 0.1172580793 0.9790459871 -0.0826993510 0.9910663366 -0.1046342850 -0.9825687408 -0.0635457337 0.1747014374
144.6 -124.8 2010.2 -0.9209535718 0.2100316584 0.3282243311 0.1646074057 0.9731542468 -0.1608577371 -0.3531981111 -0.0941143557 -0.9308026433
61.1 -511.4 2047.6 -0.9396921396 0.0875030905 0.3306386769 0.0393753015 0.9879686236 -0.1495579630 -0.3397474289 -0.1275194287 -0.9318317771
157.1 113.7 1722.6 0 0 0 0 0 0 0 0 0
235.9 -190.4 2205.6 0 0 0 0 0 0 0 0 0
-69.9 -890.4 1948.9 0 0 0 0 0 0 0 0 0
27.7 -888.7 2096.3 0 0 0 0 0 0 0 0 0
93.2 478.2 1927.4 85 0.9621005058 0.0560489632 -0.2668728828 -0.0230175853 0.9918482304 0.1253287047 0.2717219293 -0.1144360453 0.9555478096
81.7 275.6 1950.8 0.9621005058 0.0560489632 -0.2668728828 -0.0230175853 0.9918482304 0.1253287047 0.2717219293 -0.1144360453 0.9555478096
72.1 78.2 1970.2 0.9622571468 0.0482210331 -0.2678356171 -0.0200342368 0.9940579534 0.1069925427 0.2714034319 -0.0975884497 0.9575054646
-58.7 278.5 1911.2 -0.0528329350 -0.6005164981 -0.7978650331 0.9811510444 0.1175060198 -0.1534111500 0.1858798712 -0.7909312844 0.5829891562
-46.4 49.5 1867.8 -0.7830683589 -0.6005164981 0.1618143022 -0.2865912020 0.1175060198 -0.9508195519 0.5519686341 -0.7909312844 -0.2641179860
222.2 272.7 1990.4 -0.0401113108 0.9758456349 -0.2147472650 -0.7306708694 0.1179506555 0.6724639535 0.6815505624 0.1838829815 0.7082908154
211.0 69.0 2180.5 0.0978322029 0.9758456349 -0.1953309178 -0.9885463119 0.1179506555 0.0941477492 0.1149130762 0.1838829815 0.9762079716
-28.3 -116.7 1963.7 0.1970165670 -0.0054714261 0.9803848863 0.0974266753 0.9951438904 -0.0140249124 -0.9755473137 0.0982787758 0.1965928972
-26.1 -512.2 1924.7 0.1803627312 0.1020699143 0.9782898426 -0.1010721028 0.9912594557 -0.0847889036 -0.9783934355 -0.0835850537 0.1891026795
148.5 -122.9 2011.0 -0.9118449688 0.2285463214 0.3410357535 0.1810184866 0.9694261551 -0.1656658798 -0.3684713244 -0.0893278196 -0.9253374934
57.8 -508.0 2046.5 -0.9363930821 0.0391421020 0.3487634063 -0.0076982090 0.9912310243 -0.1319158226 -0.3508685827 -0.1262099147 -0.9278805256
156.6 123.8 1724.7 0 0 0 0 0 0 0 0 0
236.4 -187.8 2210.3 0 0 0 0 0 0 0 0 0
-65.1 -890.6 1956.6 0 0 0 0 0 0 0 0 0
42.8 -886.2 2094.6 0 0 0 0 0 0 0 0 0
89.6 479.6 1933.6 86 0.9651437998 0.0468665175 -0.2574898601 -0.0182294156 0.9934846759 0.1124982685 0.2610846162 -0.1038831100 0.9597098827
80.1 276.7 1954.8 0.9651437998 0.0468665175 -0.2574898601 -0.0182294156 0.9934846759 0.1124982685 0.2610846162 -0.1038831100 0.9597098827
72.6 79.0 1972.0 0.9653342962 0.0375889465 -0.2582958341 -0.0137420101 0.9955228567 0.0935168862 0.2606545985 -0.0867255554 0.9615288973
-60.9 278.7 1916.7 -0.0564261265 -0.6057149172 -0.7936784625 0.9768493176 0.1308075041 -0.1692774743 0.2063529938 -0.7848559022 0.5843112469
-47.6 49.5 1868.3 -0.7775254846 -0.6057149172 0.1690075845 -0.3068214357 0.1308075041 -0.9427353740 0.5489214659 -0.7848559022 -0.2875525057
221.0 274.7 1992.9 -0.0255630128 0.9766288996 -0.2134070098 -0.7385978699 0.1254064888 0.6623793244 0.6736614108 0.1745543778 0.7181302309
213.9 68.8 2180.7 0.1086564288 0.9766288996 -0.1854448617 -0.9887859821 0.1254064888 0.0810895935 0.1024504304 0.1745543778 0.9793031812
-25.7 -117.5 1964.7 0.1854327023 0.0013028213 0.9826561213 0.0928726494 0.9954996109 -0.0188454371 -0.9782583714 0.0947564319 0.1844771951
-26.2 -513.1 1927.1 0.1699981093 0.1067249849 0.9796481133 -0.0739309043 0.9926977158 -0.0953174233 -0.9826672077 -0.0562224910 0.1766470224
150.7 -121.1 2014.5 -0.9150597453 0.2270050943 0.3333682120 0.1871407032 0.9711756706 -0.1476352811 -0.3572730720 -0.0727083459 -0.9311656356
60.5 -507.0 2043.3 -0.9412367344 0.0706349462 0.3302788734 0.0176648032 0.9868437052 -0.1607093066 -0.3372853100 -0.1454311907 -0.9301012754
154.4 129.2 1725.7 0 0 0 0 0 0 0 0 0
242.1 -188.1 2207.4 0 0 0 0 0 0 0 0 0
-66.9 -892.1 1948.5 0 0 0 0 0 0 0 0 0
33.5 -883.6 2098.8 0 0 0 0 0 0 0 0 0
86.6 480.1 1938.2 87 0.9750192165 0.0434806980 -0.2178231776 -0.0206835493 0.9941652417 0.1058663353 0.2211553603 -0.0987163559 0.9702295661
77.8 277.5 1958.3 0.9750192165 0.0434806980 -0.2178231776 -0.0206835493 0.9941652417 0.1058663353 0.2211553603 -0.0987163559 0.9702295661
70.7 79.6 1973.9 0.9751557112 0.0354525708 -0.2186650783 -0.0172413792 0.9962627292 0.0846364796 0.2208484411 -0.0787636638 0.9721225500
-64.5 280.0 1926.1 -0.0736453682 -0.6130917072 -0.7865716219 0.9682880044 0.1448488235 -0.2035613060 0.2387357205 -0.7766191959 0.5829818845
-47.1 50.3 1869.4 -0.7695516348 -0.6130917072 0.1786302924 -0.3317770660 0.1448488235 -0.9321709871 0.5456319451 -0.7766191959 -0.3148784339
220.1 275.1 1990.5 0.0007910798 0.9831402302 -0.1828513891 -0.7451585531 0.1225208119 0.6555359364 0.6668868661 0.1357346922 0.7326923013
220.3 67.3 2176.5 0.1111358926 0.9831402302 -0.1452035457 -0.9898548126 0.1225208119 0.0719455108 0.0885229856 0.1357346922 0.9867825508
-23.4 -117.6 1965.4 0.1453361064 0.0064389328 0.9893614054 0.0848126113 0.9962168336 -0.0189424306 -0.9857404232 0.0866633430 0.1442401856
-26.0 -513.5 1930.9 0.1304202378 0.1067710891 0.9856929183 -0.0692308769 0.9927384257 -0.0983741060 -0.9890387654 -0.0554104075 0.1368650496
153.6 -120.1 2013.2 -0.9267166257 0.2360058427 0.2923996449 0.1995027661 0.9684455395 -0.1493718177 -0.3184257448 -0.0800908059 -0.9445583820
59.8 -504.9 2045.0 -0.9540519118 0.0522005260 0.2950594127 0.0113907903 0.9903150201 -0.1383706331 -0.2994247973 -0.1286517978 -0.9454065561
153.6 136.8 1727.2 0 0 0 0 0 0 0 0 0
249.2 -189.9 2199.5 0 0 0 0 0 0 0 0 0
-66.7 -892.7 1952.1 0 0 0 0 0 0 0 0 0
39.9 -882.9 2094.1 0 0 0 0 0 0 0 0 0
83.8 480.6 1945.5 88 0.9787109494 0.0390139446 -0.2015014291 -0.0208737254 0.9955974817 0.0913782269 0.2041793317 -0.0852267891 0.9752165079
75.8 276.5 1962.9 0.9787109494 0.0390139446 -0.2015014291 -0.0208737254 0.9955974817 0.0913782269 0.2041793317 -0.0852267891 0.9752165079
69.2 78.4 1975.9 0.9787733555 0.0331126377 -0.2022530288 -0.0191491097 0.9973201156 0.0706108734 0.2040491253 -0.0652390793 0.9767844081
-67.1 279.3 1933.2 -0.0822308511 -0.6280196309 -0.7738407254 0.9611772299 0.1552371383 -0.2281223834 0.2633941472 -0.7625567317 0.5908728838
-47.5 51.0 1870.6 -0.7549918890 -0.6280196309 0.1886228174 -0.3590560555 0.1552371383 -0.9203152657 0.5486947894 -0.7625567317 -0.3426970243
218.7 273.7 1992.7 0.0128400670 0.9851645827 -0.1711313277 -0.7543943524 0.1218756512 0.6450081468 0.6562958956 0.1208185628 0.7447674870
222.3 63.4 2175.8 0.1136753336 0.9851645827 -0.1285640597 -0.9908609390 0.1218756512 0.0578009337 0.0726122558 0.1208185628 0.9900153279
-25.7 -116.8 1969.3 0.1285737008 0.0058273883 0.9916828275 0.1051636487 0.9942641854 -0.0194772389 -0.9861082435 0.1067932472 0.1272234023
-28.1 -511.9 1926.9 0.1084412038 0.1077341437 0.9882478714 -0.1041501015 0.9898706079 -0.0964825824 -0.9886320233 -0.0924634337 0.1185632870
152.9 -119.9 2009.8 -0.9345347285 0.2270059139 0.2740678191 0.1929023415 0.9703074098 -0.1459185779 -0.2990544140 -0.0834976509 -0.9505759478
62.7 -505.5 2043.0 -0.9589297175 0.0703602433 0.2747786045 0.0316437185 0.9892349243 -0.1428739429 -0.2818732262 -0.1283110529 -0.9508332014
149.5 144.7 1727.4 0 0 0 0 0 0 0 0 0
251.8 -194.1 2194.6 0 0 0 0 0 0 0 0 0
-69.2 -889.8 1962.2 0 0 0 0 0 0 0 0 0
35.9 -883.3 2092.0 0 0 0 0 0 0 0 0 0
82.0 481.8 1947.6 89 0.9814951420 0.0367218629 -0.1879329681 -0.0196187254 0.9955592155 0.0920706168 0.1904793978 -0.0866798535 0.9778569341
74.5 278.2 1965.3 0.9814951420 0.0367218629 -0.1879329681 -0.0196187254 0.9955592155 0.0920706168 0.1904793978 -0.0866798535 0.9778569341
68.4 80.0 1978.1 0.9815627933 0.0303813703 -0.1887099594 -0.0176091921 0.9974616766 0.0689933151 0.1903270632 -0.0643982440 0.9796062708
-68.9 280.7 1937.6 -0.0825037286 -0.6273564696 -0.7743493915 0.9550424814 0.1722421497 -0.2413016558 0.2847577631 -0.7594448924 0.5849414468
-49.3 54.0 1870.0 -0.7565520406 -0.6273564696 0.1845343113 -0.3659066856 0.1722421497 -0.9145736098 0.5419790745 -0.7594448924 -0.3598640859
217.8 275.6 1993.1 0.0234641880 0.9865164161 -0.1619714499 -0.7551292181 0.1236642227 0.6438066959 0.6551559567 0.1072029695 0.7478490472
224.3 65.0 2175.9 0.1166146249 0.9865164161 -0.1148318127 -0.9907264113 0.1236642227 0.0562875271 0.0697291568 0.1072029695 0.9917889833
-27.1 -118.1 1970.1 0.1146060675 0.0015231429 0.9934098721 0.1118939146 0.9936153293 -0.0144322505 -0.9870892763 0.1128105372 0.1137039140
-27.8 -512.9 1925.3 0.0958216190 0.1042554751 0.9899237156 -0.0866208300 0.9916005731 -0.0960474461 -0.9916224480 -0.0765445977 0.1040474698
152.3 -121.5 2007.5 -0.9385926723 0.2266497463 0.2601417303 0.1932013333 0.9699343443 -0.1479886174 -0.2858619988 -0.0886413008 -0.9541622996
62.2 -507.0 2042.8 -0.9646936655 0.0678263456 0.2544910312 0.0239241477 0.9848431945 -0.1717893183 -0.2622855902 -0.1596355885 -0.9516946673
147.2 149.0 1729.2 0 0 0 0 0 0 0 0 0
254.6 -192.4 2194.0 0 0 0 0 0 0 0 0 0
-67.6 -891.6 1954.6 0 0 0 0 0 0 0 0 0
36.3 -883.0 2103.7 0 0 0 0 0 0 0 0 0
79.9 481.6 1953.2 90 0.9835208058 0.0331848487 -0.1777234077 -0.0182119068 0.9961951375 0.0852267817 0.1798754334 -0.0805856362 0.9803829789
73.0 276.8 1969.8 0.9835208058 0.0331848487 -0.1777234077 -0.0182119068 0.9961951375 0.0852267817 0.1798754334 -0.0805856362 0.9803829789
67.2 78.5 1981.4 0.9835208058 0.0291994251 -0.1784215122 -0.0182118453 0.9978528619 0.0629128143 0.1798754334 -0.0586266778 0.9819408059
-70.6 279.4 1943.5 -0.0850681067 -0.6299135089 -0.7719924450 0.9445548058 0.1956331879 -0.2637117505 0.3171429336 -0.7516226172 0.5783457160
-50.6 57.5 1869.0 -0.7536215186 -0.6299135089 0.1877859384 -0.3879492283 0.1956331879 -0.9006792307 0.5306128860 -0.7516226172 -0.3918078542
216.7 274.1 1996.0 0.0307619069 0.9875205755 -0.1544564813 -0.7590439916 0.1236201599 0.6391950250 0.6503121853 0.0975764021 0.7533743382
225.3 62.4 2177.4 0.1178910360 0.9875205755 -0.1044260561 -0.9910598993 0.1236201599 0.0501825847 0.0624655001 0.0975764021 0.9932658076
-27.6 -116.6 1973.5 0.1041492522 0.0038258669 0.9945543408 0.1171129644 0.9929883480 -0.0160838570 -0.9876424074 0.1181503311 0.1029709354
-29.2 -511.2 1926.5 0.0848794058 0.1010356322 0.9912554026 -0.0924619362 0.9913516045 -0.0931280851 -0.9920918941 -0.0837487355 0.0934872851
152.3 -119.8 2008.4 -0.9391502738 0.2351796627 0.2503743768 0.2049244046 0.9685531855 -0.1411054730 -0.2756860256 -0.0812114179 -0.9578109980
58.9 -504.7 2040.6 -0.9689410925 0.0385167524 0.2442736775 -0.0026097449 0.9861481190 -0.1658464223 -0.2472779006 -0.1613329053 -0.9554189444
145.8 158.6 1730.7 0 0 0 0 0 0 0 0 0
255.9 -195.1 2193.7 0 0 0 0 0 0 0 0 0
-67.8 -890.0 1958.5 0 0 0 0 0 0 0 0 0
44.2 -881.3 2102.2 0 0 0 0 0 0 0 0 0
76.5 482.4 1964.0 91 0.9869302511 0.0225098133 -0.1595682055 -0.0136581454 0.9983174205 0.0563539676 0.1605682373 -0.0534380302 0.9855771065
71.9 277.4 1975.0 0.9869302511 0.0225098133 -0.1595682055 -0.0136581454 0.9983174205 0.0563539676 0.1605682373 -0.0534380302 0.9855771065
67.8 78.9 1981.2 0.9869059920 0.0201465245 -0.1600335091 -0.0147946486 0.9992929697 0.0345637240 0.1606167108 -0.0317435041 0.9865062833
-72.2 279.5 1951.5 -0.0862539932 -0.6305320859 -0.7713556886 0.9288965464 0.2289922088 -0.2910563350 0.3601548076 -0.7416144013 0.5659475327
-51.8 59.0 1866.0 -0.7518371344 -0.6305320859 0.1927959621 -0.4175356328 0.2289922088 -0.8793330193 0.5102989078 -0.7416144013 -0.4354344606
216.0 275.3 1998.4 0.0491838194 0.9882279038 -0.1448674649 -0.7762420774 0.1290925443 0.6170764565 0.6285134554 0.0821020454 0.7734533548
229.7 58.8 2173.7 0.1267699748 0.9882279038 -0.0856446400 -0.9913856983 0.1290925443 0.0221253168 0.0329209417 0.0821020454 0.9960800409
-28.8 -118.1 1976.6 0.0842828229 -0.0019881367 0.9964398742 0.1217891797 0.9925211072 -0.0083210925 -0.9889710546 0.1220569238 0.0838946104
