403.3 287.4 1890.6 7 0.7833943367 0.5926115513 -0.1873629540 -0.4045134783 0.7150160670 0.5701937079 0.4718708992 -0.3708956838 0.7998588681
287.3 147.4 1963.2 0.7833943367 0.5926115513 -0.1873629540 -0.4045134783 0.7150160670 0.5701937079 0.4718708992 -0.3708956838 0.7998588681
175.3 6.2 2035.0 0.7934860587 0.5769274831 -0.1937382817 -0.3920614421 0.7280631065 0.5623272657 0.4654757679 -0.3702415526 0.8038989305
178.9 200.9 1899.7 0.8782841563 -0.2691808045 -0.3951691091 0.4217944145 0.8254155517 0.3752048016 0.2251807898 -0.4962165356 0.8384884000
2.3 116.1 1854.4 -0.8582252860 -0.2691808045 -0.4370252490 0.0282181334 0.8254155517 -0.5638199449 0.5124969482 -0.4962165356 -0.7007967234
395.7 93.9 2026.7 0.1156083569 0.6770671606 0.7267838717 -0.5364649892 -0.5732368827 0.6193583608 0.8359665275 -0.4614971280 0.2969518602
421.5 -26.0 2213.6 -0.7359167337 0.6770671606 0.0025736098 -0.5295829773 -0.5732368827 -0.6252530217 -0.4218629897 -0.4614971280 0.7804178596
-8.1 -100.6 2062.8 0.8452870250 -0.0200998727 -0.5339343548 0.0141670415 0.9997839928 -0.0152084511 0.5341246724 0.0052912361 0.8453891277
-0.3 -488.7 2060.7 0.8391382694 0.1238533482 -0.5296294689 -0.0482807904 0.9868471622 0.1542778015 0.5417711139 -0.1038894802 0.8340809345
134.8 -173.4 2142.2 0.8682232499 0.0491951704 0.4937288761 -0.0474257953 0.9987447262 -0.0161166154 -0.4939019978 -0.0094226636 0.8694665432
115.7 -561.1 2145.9 0.8640218377 -0.0896596536 0.4954062998 0.0235044323 0.9901251793 0.1382015944 -0.5029053688 -0.1077649444 0.8575971723
246.9 108.0 1708.3 0 0 0 0 0 0 0 0 0
234.8 -160.4 2106.6 0 0 0 0 0 0 0 0 0
-46.5 -856.9 2099.5 0 0 0 0 0 0 0 0 0
149.2 -930.3 2186.1 0 0 0 0 0 0 0 0 0
405.3 280.0 1881.3 8 0.7943670154 0.5935853124 -0.1289863437 -0.4343954623 0.7035462260 0.5624262094 0.4245958328 -0.3907417655 0.8167247176
289.2 142.4 1957.7 0.7943670154 0.5935853124 -0.1289863437 -0.4343954623 0.7035462260 0.5624262094 0.4245958328 -0.3907417655 0.8167247176
177.2 3.1 2033.3 0.8049874902 0.5776069164 -0.1355191618 -0.4215089977 0.7175377607 0.5544995666 0.4175228775 -0.3892426491 0.8210753798
179.5 199.9 1900.8 0.8741102219 -0.2620264590 -0.4089908004 0.4235086739 0.8234519958 0.3775807619 0.2378481627 -0.5032583475 0.8307582736
5.6 115.6 1853.5 -0.8567805290 -0.2620264590 -0.4441500902 0.0415077992 0.8234519958 -0.5658656359 0.5140080452 -0.5032583475 -0.6946414709
399.0 84.9 2014.7 0.1428748518 0.6356461048 0.7586441040 -0.5534991026 -0.5841261744 0.5936626196 0.8205031753 -0.5047282577 0.2683725953
430.9 -38.9 2198.1 -0.7715501189 0.6356461048 0.0257776026 -0.5025309324 -0.5841261744 -0.6373847127 -0.3900937140 -0.5047282577 0.7701144218
-7.8 -100.0 2065.2 0.8718208671 -0.0168657862 -0.4895344079 0.0091161421 0.9997926354 -0.0182104595 0.4897400141 0.0114135938 0.8717938066
-1.2 -488.1 2060.7 0.8654295206 0.1238317937 -0.4854868352 -0.0577486418 0.9871717691 0.1488523781 0.4976915419 -0.1007850319 0.8614786863
134.3 -170.1 2148.5 0.8412938118 0.0443406962 0.5387564898 -0.0374780633 0.9990164638 -0.0236971993 -0.5392773747 -0.0002552432 0.8421281576
117.1 -557.9 2148.6 0.8394490480 -0.0628341958 0.5397936106 0.0023827194 0.9937091470 0.1119663864 -0.5434331894 -0.0927039012 0.8343179226
250.4 103.8 1706.6 0 0 0 0 0 0 0 0 0
235.4 -166.2 2099.2 0 0 0 0 0 0 0 0 0
-47.4 -856.5 2098.3 0 0 0 0 0 0 0 0 0
140.6 -928.5 2183.1 0 0 0 0 0 0 0 0 0
410.3 273.6 1881.1 9 0.7894231677 0.6044819355 -0.1068299189 -0.4567648768 0.6947111487 0.5556458235 0.4100938141 -0.3898435235 0.8245272040
292.0 137.7 1957.4 0.7894231677 0.6044819355 -0.1068299189 -0.4567648768 0.6947111487 0.5556458235 0.4100938141 -0.3898435235 0.8245272040
178.1 0.3 2033.6 0.8016814590 0.5873345733 -0.1111077219 -0.4423381388 0.7079294920 0.5506113172 0.4020494819 -0.3922677040 0.8273344636
182.7 198.1 1902.5 0.8724480271 -0.2554405332 -0.4166347980 0.4189601541 0.8298540115 0.3685304523 0.2516084313 -0.4960770607 0.8310239315
8.3 114.3 1852.2 -0.8557475805 -0.2554405332 -0.4499401748 0.0447232202 0.8298540115 -0.5561853647 0.5154569745 -0.4960770607 -0.6987214684
401.4 77.3 2012.3 0.1430696398 0.6151286960 0.7753371596 -0.5628670454 -0.5937981606 0.5749647021 0.8140711188 -0.5186717510 0.2612811923
433.4 -48.6 2194.3 -0.7880942822 0.6151286960 0.0228925310 -0.4821859896 -0.5937981606 -0.6441276073 -0.3826278448 -0.5186717510 0.7645754218
-6.7 -98.4 2071.5 0.8787793517 -0.0237585474 -0.4766364694 0.0099780438 0.9994564056 -0.0314225443 0.4771239161 0.0228575859 0.8785387278
2.5 -486.4 2062.6 0.8687091470 0.1462378651 -0.4732429683 -0.0857138038 0.9853922129 0.1471575648 0.4878499210 -0.0872736722 0.8685538173
137.2 -173.9 2146.2 0.8329014778 0.0472851135 0.5513975620 -0.0382702127 0.9988792539 -0.0278506931 -0.5520964861 0.0020947841 0.8337776065
118.8 -561.7 2145.3 0.8323752880 -0.0591227226 0.5510498285 -0.0288416371 0.9883251786 0.1496044993 -0.5534614325 -0.1404202729 0.8209522367
252.7 101.5 1705.0 0 0 0 0 0 0 0 0 0
233.6 -170.9 2097.3 0 0 0 0 0 0 0 0 0
-52.1 -854.1 2095.2 0 0 0 0 0 0 0 0 0
140.8 -930.0 2197.7 0 0 0 0 0 0 0 0 0
411.7 267.1 1876.6 0 0.7822867632 0.6117694378 -0.1173266545 -0.4450942278 0.6807337403 0.5818012357 0.4357964396 -0.4029139876 0.8048240542
291.9 133.8 1955.4 0.7822867632 0.6117694378 -0.1173266545 -0.4450942278 0.6807337403 0.5818012357 0.4357964396 -0.4029139876 0.8048240542
176.8 -1.1 2034.2 0.7957469225 0.5931373239 -0.1223720759 -0.4297217727 0.6953547597 0.5760390162 0.4267622232 -0.4057953358 0.8082104325
183.3 192.4 1897.2 0.8814088702 -0.2534206808 -0.3986181021 0.4087508023 0.8321432471 0.3747804463 0.2367302626 -0.4932702780 0.8370443583
11.0 112.5 1850.9 -0.8546826243 -0.2534206808 -0.4530955255 0.0462300889 0.8321432471 -0.5526304245 0.5170883536 -0.4932702780 -0.6995027065
400.5 75.2 2013.7 0.1315390170 0.6219233871 0.7719512582 -0.5371845961 -0.6097518206 0.5827824473 0.8331447840 -0.4913389683 0.2538815141
429.9 -44.9 2199.9 -0.7829899192 0.6219233871 0.0117519554 -0.4936288595 -0.6097518206 -0.6201074123 -0.3784935474 -0.4913389683 0.7844288945
-7.5 -97.5 2073.7 0.8723754287 -0.0281874780 -0.4880231023 0.0112627558 0.9992300868 -0.0375810601 0.4887066782 0.0272883102 0.8720213175
3.4 -485.4 2063.1 0.8600909114 0.1615577936 -0.4838829339 -0.0934676379 0.9823777080 0.1618575603 0.5015051365 -0.0939848199 0.8600345254
135.9 -176.7 2145.7 0.8413948417 0.0432900228 0.5386842489 -0.0362566076 0.9990624785 -0.0236563738 -0.5392032862 0.0003734857 0.8421755433
119.1 -564.6 2145.6 0.8399188519 -0.0695640668 0.5382351875 -0.0115420567 0.9892371297 0.1458651274 -0.5425892472 -0.1287272125 0.8300760388
255.2 99.3 1703.1 0 0 0 0 0 0 0 0 0
231.3 -170.2 2103.9 0 0 0 0 0 0 0 0 0
-56.9 -852.0 2098.2 0 0 0 0 0 0 0 0 0
145.0 -933.5 2193.6 0 0 0 0 0 0 0 0 0
414.1 264.0 1878.3 1 0.7724863291 0.6169804335 -0.1503329426 -0.4209262133 0.6747383475 0.6062583923 0.4754849672 -0.4050472677 0.7809293866
293.4 132.1 1957.5 0.7724863291 0.6169804335 -0.1503329426 -0.4209262133 0.6747383475 0.6062583923 0.4754849672 -0.4050472677 0.7809293866
177.4 -2.1 2036.3 0.7861377001 0.5975958705 -0.1576916128 -0.4055722058 0.6913239360 0.5979819298 0.4663675427 -0.4061408341 0.7858440876
186.2 187.4 1893.9 0.8933947086 -0.2463853806 -0.3756861985 0.3894269764 0.8416718245 0.3740791380 0.2240368575 -0.4805026352 0.8478942513
12.5 111.6 1850.3 -0.8541139364 -0.2463853806 -0.4580214620 0.0457344651 0.8416718245 -0.5380491614 0.5180712342 -0.4805026352 -0.7076153159
400.7 76.7 2021.1 0.1094866395 0.6464586258 0.7550522685 -0.5104761720 -0.6152229905 0.6007617712 0.8528931737 -0.4512115717 0.2626430392
425.1 -37.3 2211.7 -0.7629178166 0.6464586258 -0.0069021606 -0.5159164667 -0.6152229905 -0.5960963368 -0.3895979822 -0.4512115717 0.8028832674
-9.5 -97.6 2074.7 0.8556377292 -0.0316853635 -0.5166044235 0.0153323077 0.9992380142 -0.0358926803 0.5173481107 0.0227903910 0.8554715514
2.8 -485.5 2065.8 0.8442490697 0.1536337584 -0.5134590268 -0.0873776302 0.9846710563 0.1509570181 0.5287803411 -0.0825804844 0.8447318077
132.9 -174.5 2151.1 0.8603170514 0.0406037197 0.5081396699 -0.0279116146 0.9990794063 -0.0325766839 -0.5089946389 0.0138432793 0.8606584072
117.2 -562.3 2145.7 0.8591935039 -0.0819402486 0.5050468445 -0.0132916309 0.9831852317 0.1821267158 -0.5114781260 -0.1631949842 0.8436572552
256.7 98.6 1702.2 0 0 0 0 0 0 0 0 0
231.6 -168.2 2112.9 0 0 0 0 0 0 0 0 0
-54.6 -853.0 2096.7 0 0 0 0 0 0 0 0 0
147.7 -929.0 2206.6 0 0 0 0 0 0 0 0 0
414.6 259.6 1876.6 2 0.7685085535 0.6188932657 -0.1623753607 -0.4066669047 0.6683797836 0.6228085756 0.4939804375 -0.4126010239 0.7653389573
293.7 129.0 1957.2 0.7685085535 0.6188932657 -0.1623753607 -0.4066669047 0.6683797836 0.6228085756 0.4939804375 -0.4126010239 0.7653389573
177.5 -4.9 2036.1 0.7813825011 0.5988969803 -0.1753962338 -0.3923067749 0.6899892688 0.6082845926 0.4853213131 -0.4064938128 0.7740969062
187.1 182.6 1891.0 0.9077002406 -0.2297876775 -0.3511094749 0.3648135662 0.8455943465 0.3897195160 0.2073434442 -0.4818379879 0.8513758779
12.4 112.4 1851.1 -0.8497697115 -0.2297876775 -0.4744355381 0.0670237392 0.8455943465 -0.5296018124 0.5228759646 -0.4818379879 -0.7031592131
400.4 75.5 2023.5 0.0993836820 0.6586921215 0.7458200455 -0.4967609346 -0.6166005135 0.6107637882 0.8621783257 -0.4311942160 0.2659325004
422.6 -35.6 2216.3 -0.7522463799 0.6586921215 -0.0158125646 -0.5276338458 -0.6166005135 -0.5842998624 -0.3946237564 -0.4311942160 0.8113837838
-8.9 -100.0 2073.3 0.8469020724 -0.0444646105 -0.5298865438 0.0263789836 0.9987839460 -0.0416506566 0.5310941935 0.0212961603 0.8470451236
8.4 -487.8 2065.1 0.8289058805 0.1864705086 -0.5273934007 -0.1125837788 0.9791233540 0.1692404151 0.5479415655 -0.0809084326 0.8325946927
131.7 -172.6 2156.8 0.8689953089 0.0402343124 0.4931818843 -0.0250667240 0.9989885092 -0.0373305492 -0.4941850305 0.0200776178 0.8691248894
116.1 -560.4 2149.0 0.8655533195 -0.0871492624 0.4931758940 0.0284983572 0.9917182922 0.1252305061 -0.5000053048 -0.0943389758 0.8608686924
255.1 93.2 1701.8 0 0 0 0 0 0 0 0 0
231.7 -169.4 2116.1 0 0 0 0 0 0 0 0 0
-61.2 -853.0 2095.3 0 0 0 0 0 0 0 0 0
148.6 -929.5 2184.1 0 0 0 0 0 0 0 0 0
417.0 256.2 1873.8 3 0.7750393152 0.6162726283 -0.1397212595 -0.4188067615 0.6665245891 0.6167219281 0.4731965065 -0.4194675386 0.7746819258
296.8 126.2 1955.6 0.7750393152 0.6162726283 -0.1397212595 -0.4188067615 0.6665245891 0.6167219281 0.4731965065 -0.4194675386 0.7746819258
180.9 -7.0 2036.1 0.7875811458 0.5974240899 -0.1509980559 -0.4048264325 0.6863791347 0.6041516662 0.4645766616 -0.4146904945 0.7824323177
189.3 181.5 1892.2 0.9155994058 -0.2069796473 -0.3447276354 0.3446824551 0.8454997540 0.4078286290 0.2070549130 -0.4922292233 0.8454813361
12.6 115.0 1852.2 -0.8479041457 -0.2069796473 -0.4880758226 0.0959724262 0.8454997540 -0.5252803564 0.5213903189 -0.4922292233 -0.6970384121
404.3 70.9 2019.0 0.1131962091 0.6418071985 0.7584656477 -0.5045790076 -0.6204730868 0.6003442407 0.8559127450 -0.4506625235 0.2536072135
429.6 -41.9 2210.4 -0.7668544054 0.6418071985 -0.0042294348 -0.5160386562 -0.6204730868 -0.5905228853 -0.3816260993 -0.4506625235 0.8070098162
-8.7 -103.7 2071.6 0.8586491942 -0.0284355637 -0.5117743611 0.0202728640 0.9995627403 -0.0215248205 0.5121626854 0.0081071379 0.8588502407
2.3 -491.7 2068.4 0.8461579680 0.1557819545 -0.5096554756 -0.0970514789 0.9853750467 0.1400608271 0.5240207314 -0.0690507665 0.8489018083
131.1 -173.9 2158.4 0.8575797677 0.0379369855 0.5129500031 -0.0251326188 0.9991756678 -0.0318793021 -0.5137366056 0.0144472681 0.8578262925
116.4 -561.8 2152.8 0.8536220789 -0.0845469609 0.5139855742 0.0507249162 0.9955421686 0.0795161575 -0.5184171796 -0.0418048725 0.8541054130
254.6 87.6 1703.4 0 0 0 0 0 0 0 0 0
235.1 -172.8 2113.6 0 0 0 0 0 0 0 0 0
-55.8 -859.2 2094.2 0 0 0 0 0 0 0 0 0
147.9 -932.4 2168.4 0 0 0 0 0 0 0 0 0
418.2 250.8 1872.9 4 0.7730142474 0.6153801680 -0.1541305333 -0.4024919271 0.6635457873 0.6306403279 0.4903562367 -0.4254576862 0.7606158853
298.4 121.7 1955.7 0.7730142474 0.6153801680 -0.1541305333 -0.4024919271 0.6635457873 0.6306403279 0.4903562367 -0.4254576862 0.7606158853
183.0 -11.4 2037.3 0.7866744399 0.5944234133 -0.1667458117 -0.3872598708 0.6854684353 0.6165734529 0.4808046818 -0.4204685986 0.7694368362
191.0 174.6 1890.0 0.9250708818 -0.1838199794 -0.3323463798 0.3168748617 0.8559500575 0.4085826576 0.2093662322 -0.4832801223 0.8500624299
15.2 114.3 1850.2 -0.8505452871 -0.1838199794 -0.4927300811 0.1079488024 0.8559500575 -0.5056644678 0.5147035718 -0.4832801223 -0.7081811428
405.8 68.8 2021.3 0.1090052277 0.6538183093 0.7487586141 -0.4874439240 -0.6213096976 0.6134921908 0.8663234115 -0.4318516850 0.2509737313
430.2 -40.2 2215.1 -0.7566191554 0.6538183093 -0.0070044547 -0.5315636992 -0.6213096976 -0.5756859183 -0.3807459474 -0.4318516850 0.8176409006
-5.6 -104.0 2075.0 0.8532513380 -0.0164570771 -0.5212401152 0.0099211708 0.9998332858 -0.0153270653 0.5214054585 0.0079065273 0.8532724380
0.8 -492.1 2071.9 0.8409622312 0.1538576037 -0.5187584758 -0.1074809134 0.9871163368 0.1185290813 0.5303115845 -0.0439218432 0.8466643095
135.4 -176.5 2158.2 0.8634582758 0.0431334525 0.5025727153 -0.0304453708 0.9989772439 -0.0334300473 -0.5035006404 0.0135644376 0.8638883829
118.7 -564.3 2152.9 0.8607363701 -0.0686167553 0.5044052601 0.0444407314 0.9972193241 0.0598213412 -0.5071074367 -0.0290742647 0.8613923192
257.8 83.5 1703.4 0 0 0 0 0 0 0 0 0
238.2 -175.1 2118.5 0 0 0 0 0 0 0 0 0
-56.6 -860.3 2088.3 0 0 0 0 0 0 0 0 0
144.2 -936.0 2163.7 0 0 0 0 0 0 0 0 0
416.3 245.6 1864.4 5 0.7765889168 0.6163104773 -0.1306560636 -0.4063803852 0.6485156417 0.6436477900 0.4814193547 -0.4467536807 0.7540865541
296.5 119.5 1951.3 0.7765889168 0.6163104773 -0.1306560636 -0.4063803852 0.6485156417 0.6436477900 0.4814193547 -0.4467536807 0.7540865541
181.7 -11.3 2037.1 0.7931054831 0.5916550159 -0.1446651071 -0.3882957697 0.6741324663 0.6283087134 0.4692654610 -0.4421422482 0.7643952966
188.2 172.6 1887.2 0.9281181097 -0.1821250767 -0.3246956170 0.3138369620 0.8519085646 0.4192352593 0.2002577186 -0.4910013080 0.8478293419
16.8 114.6 1850.2 -0.8498315811 -0.1821250767 -0.4945874214 0.1147961169 0.8519085646 -0.5109537244 0.5144007206 -0.4910013080 -0.7030715346
404.8 66.5 2015.4 0.1231399029 0.6387467384 0.7594992518 -0.4769366980 -0.6330543160 0.6097324491 0.8702688813 -0.4373154640 0.2266875356
432.4 -40.2 2210.0 -0.7694004178 0.6387467384 0.0050557540 -0.5292659402 -0.6330543160 -0.5649069548 -0.3576319218 -0.4373154640 0.8251391649
-2.8 -109.8 2075.8 0.8642607331 -0.0041227043 -0.5030272603 -0.0036136305 0.9998897314 -0.0144035313 0.5030311346 0.0142661603 0.8641505241
-1.2 -497.9 2070.3 0.8549575806 0.1425542235 -0.4987242520 -0.0920344815 0.9879277349 0.1246133298 0.5104676485 -0.0606392808 0.8577561975
138.1 -179.1 2161.9 0.8530067205 0.0524752550 0.5192551613 -0.0309418440 0.9982671142 -0.0500538535 -0.5209819078 0.0266295616 0.8531522155
117.7 -566.6 2151.6 0.8502105474 -0.0722882003 0.5214560628 0.0283948854 0.9953826070 0.0916909203 -0.5256764889 -0.0631498992 0.8483374119
260.1 81.7 1702.9 0 0 0 0 0 0 0 0 0
237.2 -174.5 2119.3 0 0 0 0 0 0 0 0 0
-54.4 -866.5 2092.9 0 0 0 0 0 0 0 0 0
144.7 -937.7 2175.1 0 0 0 0 0 0 0 0 0
419.5 243.4 1868.2 6 0.7748302817 0.6201276183 -0.1227999255 -0.4221571982 0.6521598101 0.6296592951 0.4705542922 -0.4360382259 0.7671045065
298.9 116.5 1953.0 0.7748302817 0.6201276183 -0.1227999255 -0.4221571982 0.6521598101 0.6296592951 0.4705542922 -0.4360382259 0.7671045065
183.1 -14.1 2037.8 0.7914941907 0.5967271924 -0.1321123391 -0.4040096998 0.6730332971 0.6195178032 0.4585991204 -0.4369700551 0.7737855315
190.8 171.7 1890.4 0.9282296300 -0.1781327724 -0.3265861273 0.3093141913 0.8573008180 0.4115338027 0.2066748887 -0.4830155969 0.8508709669
17.0 113.8 1851.7 -0.8490965962 -0.1781327724 -0.4972963631 0.1141557917 0.8573008180 -0.5019997954 0.5157551765 -0.4830155969 -0.7075963020
407.0 61.3 2015.6 0.1231058687 0.6282358766 0.7682217360 -0.4900729358 -0.6346489191 0.5975359678 0.8629446626 -0.4500448704 0.2297524065
434.5 -48.3 2208.7 -0.7780142426 0.6282358766 0.0036675206 -0.5151857138 -0.6346489191 -0.5760246515 -0.3595517874 -0.4500448704 0.8174240589
-4.1 -107.3 2080.9 0.8674163222 -0.0116565088 -0.4974465370 0.0001930797 0.9997333884 -0.0230897591 0.4975830317 0.0199323874 0.8671873212
0.4 -495.4 2073.1 0.8558987975 0.1511975527 -0.4945467710 -0.1105515435 0.9876930118 0.1106383502 0.5051886439 -0.0400223248 0.8620803952
137.9 -176.9 2164.9 0.8495883346 0.0517028682 0.5249060988 -0.0259369388 0.9980753064 -0.0563293807 -0.5268082023 0.0342423283 0.8492941856
117.9 -564.4 2151.6 0.8473373652 -0.0648652911 0.5270785689 0.0271186158 0.9965025783 0.0790390968 -0.5303620696 -0.0526791401 0.8461329341
261.4 80.9 1703.2 0 0 0 0 0 0 0 0 0
237.1 -179.0 2117.5 0 0 0 0 0 0 0 0 0
-56.0 -864.0 2088.1 0 0 0 0 0 0 0 0 0
142.1 -936.1 2171.3 0 0 0 0 0 0 0 0 0
422.2 240.2 1866.1 7 0.7679599524 0.6238488555 -0.1450866610 -0.4010930657 0.6450183392 0.6504426599 0.4993614554 -0.4413206577 0.7455697060
300.1 114.0 1952.4 0.7679599524 0.6238488555 -0.1450866610 -0.4010930657 0.6450183392 0.6504426599 0.4993614554 -0.4413206577 0.7455697060
183.2 -15.4 2037.7 0.7829912305 0.6020051241 -0.1565711945 -0.3850085735 0.6667298079 0.6381534338 0.4885623157 -0.4393872917 0.7538207173
193.2 166.6 1885.8 0.9386236072 -0.1733848304 -0.2982002795 0.2899923027 0.8647661209 0.4099805057 0.1867890954 -0.4712931812 0.8619701862
19.2 112.8 1851.1 -0.8479098082 -0.1733848304 -0.5009857416 0.1123554930 0.8647661209 -0.4894443750 0.5180976987 -0.4712931812 -0.7137629390
407.0 61.5 2019.1 0.1051966846 0.6444967389 0.7573358417 -0.4665499926 -0.6405621767 0.6099272370 0.8782168031 -0.4174973667 0.2333049476
430.5 -42.9 2215.5 -0.7645126581 0.6444967389 -0.0120141478 -0.5312914848 -0.6405621767 -0.5544452071 -0.3650339544 -0.4174973667 0.8321335316
-3.6 -108.5 2081.6 0.8549500108 -0.0035981040 -0.5186979771 -0.0079768049 0.9997664690 -0.0200830419 0.5186491013 0.0213075485 0.8547216654
-2.2 -496.6 2073.3 0.8451588750 0.1418596804 -0.5153467655 -0.1047144532 0.9893988371 0.1006224379 0.5241577625 -0.0310776923 0.8510539532
138.1 -180.9 2163.7 0.8628490567 0.0518232659 0.5027980208 -0.0298344065 0.9982175827 -0.0516873635 -0.5045803785 0.0295977164 0.8628572226
118.0 -568.4 2152.2 0.8608028889 -0.0625597313 0.5050789118 0.0197190661 0.9957708716 0.0897303969 -0.5085563660 -0.0672805011 0.8583960533
262.0 80.7 1702.8 0 0 0 0 0 0 0 0 0
236.5 -177.7 2122.9 0 0 0 0 0 0 0 0 0
-55.2 -865.9 2084.9 0 0 0 0 0 0 0 0 0
141.4 -940.0 2177.3 0 0 0 0 0 0 0 0 0
421.6 238.3 1864.0 8 0.7735255957 0.6204336882 -0.1293064803 -0.4093531370 0.6448748112 0.6454195976 0.4838265479 -0.4463165998 0.7528036833
300.1 112.0 1951.4 0.7735255957 0.6204336882 -0.1293064803 -0.4093531370 0.6448748112 0.6454195976 0.4838265479 -0.4463165998 0.7528036833
183.9 -17.4 2037.6 0.7884262800 0.5988678932 -0.1405038387 -0.3933281898 0.6664278507 0.6333773732 0.4729450047 -0.4441072047 0.7609807849
192.5 165.7 1886.9 0.9409137368 -0.1635580808 -0.2965300679 0.2824835777 0.8620105386 0.4208810031 0.1867735684 -0.4797775745 0.8572800756
18.8 113.6 1852.4 -0.8450784683 -0.1635580808 -0.5090098977 0.1285025626 0.8620105386 -0.4903313816 0.5189695954 -0.4797775745 -0.7074489594
407.8 58.3 2016.0 0.1166226119 0.6338211894 0.7646370530 -0.4737421572 -0.6411597133 0.6037239432 0.8729075193 -0.4326486588 0.2254941016
433.9 -47.7 2211.3 -0.7734770179 0.6338211894 -0.0019941370 -0.5239490271 -0.6411597133 -0.5607063770 -0.3566661477 -0.4326486588 0.8280122876
-3.7 -110.3 2079.2 0.8631616235 0.0019189484 -0.5049240589 -0.0113639217 0.9998133183 -0.0156267267 0.5047998428 0.0192263089 0.8630222678
-4.5 -498.5 2071.8 0.8550213575 0.1343362033 -0.5008913875 -0.0929141790 0.9899203181 0.1068864986 0.5102013350 -0.0448503308 0.8588847518
136.5 -179.3 2166.7 0.8545832634 0.0538937673 0.5165103078 -0.0277788136 0.9979204535 -0.0581641495 -0.5185709000 0.0353580639 0.8543032408
115.5 -566.7 2153.0 0.8507459760 -0.0892258137 0.5179479718 0.0322614275 0.9924913049 0.1179839894 -0.5245860219 -0.0836646631 0.8472365141
260.8 76.8 1703.8 0 0 0 0 0 0 0 0 0
237.6 -180.6 2120.7 0 0 0 0 0 0 0 0 0
-54.6 -867.9 2088.5 0 0 0 0 0 0 0 0 0
148.8 -936.9 2184.2 0 0 0 0 0 0 0 0 0
422.9 237.5 1863.0 9 0.7682822943 0.6272171736 -0.1278315485 -0.4109243155 0.6363895535 0.6528012753 0.4907988310 -0.4490065873 0.7466656566
299.7 112.6 1951.1 0.7682822943 0.6272171736 -0.1278315485 -0.4109243155 0.6363895535 0.6528012753 0.4907988310 -0.4490065873 0.7466656566
182.4 -15.6 2037.7 0.7841795683 0.6043698192 -0.1407108158 -0.3941868246 0.6602933407 0.6392412782 0.4792485833 -0.4458135962 0.7560231686
192.6 166.4 1885.7 0.9416776896 -0.1688167304 -0.2911082208 0.2878471613 0.8521934748 0.4369328022 0.1743189692 -0.4952445626 0.8510850072
18.6 113.2 1853.5 -0.8425890207 -0.1688167304 -0.5114143491 0.1359304041 0.8521934748 -0.5052614808 0.5211205482 -0.4952445626 -0.6951015592
406.8 58.8 2016.6 0.1102341413 0.6324809790 0.7666917443 -0.4683187902 -0.6473395824 0.6013559699 0.8766561151 -0.4253461063 0.2248438001
431.5 -46.0 2212.7 -0.7745254040 0.6324809790 -0.0088470392 -0.5222793818 -0.6473395824 -0.5551357865 -0.3568398356 -0.4253461063 0.8317127228
-3.0 -111.5 2081.5 0.8607492447 0.0059299879 -0.5089946985 -0.0132595934 0.9998540282 -0.0107743023 0.5088564754 0.0160230361 0.8607022166
-5.3 -499.7 2075.2 0.8519442677 0.1337163746 -0.5062716007 -0.1070265993 0.9909008145 0.0816142410 0.5125781298 -0.0153462570 0.8585034609
138.2 -182.0 2166.2 0.8576551080 0.0485710129 0.5119263530 -0.0199944209 0.9979261756 -0.0611845255 -0.5138365030 0.0422395505 0.8568476439
119.4 -569.4 2149.8 0.8565059304 -0.0650462583 0.5120220184 0.0002538188 0.9920800328 0.1256072819 -0.5161371231 -0.1074534208 0.8497389555
259.8 74.3 1704.2 0 0 0 0 0 0 0 0 0
234.9 -178.6 2122.2 0 0 0 0 0 0 0 0 0
-55.1 -869.4 2081.0 0 0 0 0 0 0 0 0 0
143.6 -939.4 2189.8 0 0 0 0 0 0 0 0 0
427.2 239.5 1862.5 0 0.7670426369 0.6290577054 -0.1262220442 -0.4135559201 0.6351626515 0.6523341537 0.4905273914 -0.4481682479 0.7473473549
303.6 114.7 1950.6 0.7670426369 0.6290577054 -0.1262220442 -0.4135559201 0.6351626515 0.6523341537 0.4905273914 -0.4481682479 0.7473473549
185.5 -12.8 2037.0 0.7816975117 0.6081859469 -0.1380537450 -0.3982489109 0.6571366191 0.6399759650 0.4799445868 -0.4452878833 0.7558914423
196.8 169.1 1885.0 0.9407256246 -0.1798794568 -0.2875390351 0.2986441553 0.8411623240 0.4508409798 0.1607699692 -0.5099895000 0.8450229168
18.9 112.6 1854.6 -0.8404654860 -0.1798794568 -0.5111370683 0.1379697919 0.8411623240 -0.5228864551 0.5240057707 -0.5099895000 -0.6821500063
410.4 60.3 2016.1 0.1070679948 0.6294907928 0.7695958614 -0.4688310027 -0.6506222486 0.5974012017 0.8767747283 -0.4247729480 0.2254639864
434.3 -44.6 2212.3 -0.7769070268 0.6294907928 -0.0125234015 -0.5182202458 -0.6506222486 -0.5551022291 -0.3575797677 -0.4247729480 0.8316878080
-5.1 -108.4 2081.3 0.8602816463 -0.0011624914 -0.5098177195 -0.0052423924 0.9999243617 -0.0111262072 0.5097920895 0.0122443363 0.8602104783
-4.7 -496.6 2076.5 0.8502153754 0.1397496015 -0.5075468421 -0.1116981432 0.9900576472 0.0854949281 0.5144485235 -0.0159970615 0.8573720455
135.3 -179.0 2167.1 0.8581527472 0.0439717807 0.5115079284 -0.0211849809 0.9985097051 -0.0502950139 -0.5129572153 0.0323245153 0.8578053713
118.3 -566.7 2154.6 0.8553631306 -0.0709499717 0.5131471753 0.0428507030 0.9968722463 0.0664042383 -0.5162535310 -0.0348110199 0.8557280302
259.3 73.2 1704.7 0 0 0 0 0 0 0 0 0
237.1 -176.1 2121.5 0 0 0 0 0 0 0 0 0
-56.8 -866.1 2082.5 0 0 0 0 0 0 0 0 0
144.7 -937.7 2167.5 0 0 0 0 0 0 0 0 0
427.2 234.5 1866.2 1 0.7631479502 0.6384728551 -0.0997878164 -0.4447126389 0.6309142709 0.6357498765 0.4688665867 -0.4407942891 0.7654178739
302.8 111.6 1952.1 0.7631479502 0.6384728551 -0.0997878164 -0.4447126389 0.6309142709 0.6357498765 0.4688665867 -0.4407942891 0.7654178739
182.9 -14.8 2037.8 0.7789855599 0.6174771786 -0.1091026142 -0.4285439849 0.6512857080 0.6262403727 0.4577461183 -0.4410769641 0.7719582915
196.4 170.1 1889.6 0.9311978817 -0.1795168370 -0.3172447681 0.3108467162 0.8456368446 0.4339039326 0.1903807968 -0.5026649237 0.8432574868
21.5 111.7 1853.9 -0.8413289189 -0.1795168370 -0.5098424554 0.1328420937 0.8456368446 -0.5169635415 0.5239452124 -0.5026649237 -0.6876113415
409.1 53.1 2014.6 0.1090540588 0.6053869724 0.7884249091 -0.4908751249 -0.6569017768 0.5722951293 0.8643777370 -0.4494292736 0.2255316079
433.5 -56.8 2208.0 -0.7958241105 0.6053869724 -0.0130606042 -0.4903079867 -0.6569017768 -0.5727810860 -0.3553337455 -0.4494292736 0.8196043372
-2.6 -104.7 2080.4 0.8685306907 0.0060357885 -0.4955986440 -0.0123766726 0.9998781681 -0.0095126703 0.4954808354 0.0143959085 0.8684995770
-4.9 -492.9 2074.8 0.8593629599 0.1370913237 -0.4926472604 -0.1075022146 0.9902981520 0.0880505741 0.4999386072 -0.0227067284 0.8657631278
137.5 -176.1 2166.4 0.8488386273 0.0508356318 0.5262022018 -0.0303847343 0.9984118342 -0.0474402420 -0.5277781487 0.0242805947 0.8490351439
117.8 -563.7 2157.0 0.8452861905 -0.0777074397 0.5286329389 0.0664531365 0.9969756603 0.0402935557 -0.5301652551 0.0010697308 0.8478936553
261.5 73.8 1704.4 0 0 0 0 0 0 0 0 0
231.6 -181.1 2117.8 0 0 0 0 0 0 0 0 0
-56.1 -862.5 2083.3 0 0 0 0 0 0 0 0 0
146.7 -935.0 2156.6 0 0 0 0 0 0 0 0 0
428.9 233.4 1872.6 2 0.7561815977 0.6447937489 -0.1114918962 -0.4517861009 0.6377066970 0.6238745451 0.4733695388 -0.4213919640 0.7735309005
303.4 109.3 1954.6 0.7561815977 0.6447937489 -0.1114918962 -0.4517861009 0.6377066970 0.6238745451 0.4733695388 -0.4213919640 0.7735309005
181.8 -17.2 2037.7 0.7709741592 0.6264027357 -0.1149715483 -0.4367845058 0.6514525414 0.6203457713 0.4634847939 -0.4280527532 0.7758560777
198.1 168.9 1891.3 0.9307124019 -0.1704793870 -0.3235911131 0.3039010763 0.8527412415 0.4248252809 0.2035155296 -0.4937298596 0.8454657197
23.0 111.7 1853.0 -0.8443892002 -0.1704793870 -0.5078815818 0.1318349242 0.8527412415 -0.5054225326 0.5192556977 -0.4937298596 -0.6975703239
408.7 49.6 2017.9 0.0960130468 0.6071861982 0.7887372375 -0.4987101257 -0.6564231515 0.5660361052 0.8614346981 -0.4476980865 0.2397847176
430.2 -62.0 2210.6 -0.7941262722 0.6071861982 -0.0262375623 -0.4827454686 -0.6564231515 -0.5797115564 -0.3692157865 -0.4476980865 0.8143992424
-6.7 -102.9 2082.4 0.8623854518 -0.0100846319 -0.5061517954 -0.0012634641 0.9997555614 -0.0220719539 0.5062506795 0.0196740367 0.8621619344
-2.8 -490.9 2074.8 0.8508372903 0.1513296068 -0.5031651855 -0.1117527857 0.9878360033 0.1081263125 0.5134074092 -0.0357677862 0.8573992252
132.8 -179.6 2164.4 0.8551799655 0.0390175916 0.5168606043 -0.0269487239 0.9991610646 -0.0308378134 -0.5176302195 0.0124431467 0.8555139899
117.7 -567.4 2159.6 0.8516048789 -0.0790037513 0.5181964636 0.0792661980 0.9966177344 0.0216772258 -0.5181563497 0.0226150304 0.8549868464
263.8 74.1 1704.9 0 0 0 0 0 0 0 0 0
228.7 -184.5 2116.9 0 0 0 0 0 0 0 0 0
-59.2 -859.6 2088.2 0 0 0 0 0 0 0 0 0
147.1 -939.0 2151.1 0 0 0 0 0 0 0 0 0
429.3 232.2 1872.8 3 0.7558095455 0.6461854577 -0.1058125049 -0.4527580738 0.6324798465 0.6284738183 0.4730349183 -0.4270990491 0.7706000209
303.6 109.2 1955.8 0.7558095455 0.6461854577 -0.1058125049 -0.4527580738 0.6324798465 0.6284738183 0.4730349183 -0.4270990491 0.7706000209
181.6 -16.6 2039.1 0.7692649364 0.6289397478 -0.1125445813 -0.4392410219 0.6484928131 0.6217108965 0.4640030265 -0.4288261831 0.7751188874
198.6 169.2 1892.5 0.9319329262 -0.1649652272 -0.3229357600 0.2982925773 0.8551343679 0.4239890873 0.2062100023 -0.4914587438 0.8461357951
23.4 113.2 1853.7 -0.8444045782 -0.1649652272 -0.5096737742 0.1350405663 0.8551343679 -0.5005090237 0.5184061527 -0.4914587438 -0.6998023987
408.7 49.2 2019.2 0.0941609070 0.6046376824 0.7909153104 -0.4980351329 -0.6592829227 0.5633001328 0.8620294333 -0.4469444752 0.2390521169
429.8 -62.2 2212.1 -0.7959895730 0.6046376824 -0.0285297949 -0.4800528288 -0.6592829227 -0.5787014365 -0.3687138557 -0.4469444752 0.8150403500
-8.8 -104.5 2079.3 0.8620218039 -0.0228908155 -0.5063540339 0.0203558151 0.9997372031 -0.0105413282 0.5064622760 -0.0012203935 0.8622612953
0.1 -492.5 2079.8 0.8458907008 0.1692648381 -0.5057849288 -0.1374441683 0.9854563475 0.0999246091 0.5153426528 -0.0150081096 0.8568527699
129.3 -182.7 2162.3 0.8555042744 0.0355804376 0.5165718198 -0.0197383333 0.9991521239 -0.0361305811 -0.5174193382 0.0207135994 0.8554812670
115.5 -570.6 2154.3 0.8496566415 -0.1078610271 0.5161876082 0.0583816804 0.9920811653 0.1112047583 -0.5240946412 -0.0643499568 0.8492254615
264.8 74.6 1705.5 0 0 0 0 0 0 0 0 0
227.8 -184.0 2118.5 0 0 0 0 0 0 0 0 0
-63.1 -860.2 2085.4 0 0 0 0 0 0 0 0 0
155.6 -939.1 2178.2 0 0 0 0 0 0 0 0 0
430.5 228.9 1873.9 4 0.7471862435 0.6525305510 -0.1261610091 -0.4390763938 0.6271532774 0.6433433294 0.4989234805 -0.4253029823 0.7551110983
303.3 106.7 1956.7 0.7471862435 0.6525305510 -0.1261610091 -0.4390763938 0.6271532774 0.6433433294 0.4989234805 -0.4253029823 0.7551110983
180.1 -18.2 2039.7 0.7611300945 0.6347466111 -0.1333330423 -0.4253109992 0.6436457038 0.6362631321 0.4896850884 -0.4275709987 0.7598628402
199.4 164.8 1889.9 0.9436700940 -0.1508886367 -0.2944814563 0.2701744735 0.8651707768 0.4224752486 0.1910300255 -0.4782386422 0.8572020531
23.8 114.5 1854.3 -0.8438017964 -0.1508886367 -0.5150060058 0.1393139362 0.8651707768 -0.4817376733 0.5182568431 -0.4782386422 -0.7090117335
407.3 48.7 2023.6 0.0775204375 0.6181746125 0.7822088599 -0.4803729951 -0.6643347144 0.5726265907 0.8736317158 -0.4201422632 0.2454548776
424.6 -58.8 2219.0 -0.7848436236 0.6181746125 -0.0433666296 -0.4921751022 -0.6643347144 -0.5625149608 -0.3765424192 -0.4201422632 0.8256490231
-9.4 -103.2 2080.8 0.8508162498 -0.0220327508 -0.5250011683 0.0169250816 0.9997512102 -0.0145278433 0.5251906514 0.0034748381 0.8509774804
-0.9 -491.2 2079.4 0.8361634612 0.1609115154 -0.5243454576 -0.1319170743 0.9869349599 0.0925057381 0.5323801041 -0.0081798024 0.8464658856
128.4 -181.9 2163.9 0.8673204780 0.0310935359 0.4967780113 -0.0131415250 0.9991294742 -0.0395922400 -0.4975766242 0.0278107412 0.8669740558
116.3 -569.7 2153.1 0.8647808433 -0.0816853940 0.4954609871 0.0258351173 0.9926111698 0.1185564920 -0.5014843941 -0.0897250921 0.8605014682
265.7 74.6 1705.8 0 0 0 0 0 0 0 0 0
225.4 -183.7 2123.5 0 0 0 0 0 0 0 0 0
-60.9 -859.6 2082.5 0 0 0 0 0 0 0 0 0
146.7 -939.1 2186.5 0 0 0 0 0 0 0 0 0
430.6 226.0 1873.4 5 0.7467643023 0.6576625705 -0.0991109088 -0.4625025094 0.6205899119 0.6332136989 0.4779481888 -0.4270223677 0.7676050067
302.6 105.2 1956.5 0.7467643023 0.6576625705 -0.0991109088 -0.4625025094 0.6205899119 0.6332136989 0.4779481888 -0.4270223677 0.7676050067
178.4 -18.6 2039.6 0.7608715892 0.6400370002 -0.1068971306 -0.4488198161 0.6380501390 0.6256618500 0.4686524868 -0.4280707836 0.7727355361
198.8 166.5 1892.5 0.9423129559 -0.1492652297 -0.2996100187 0.2714227736 0.8645517230 0.4229421020 0.1958977878 -0.4798648059 0.8551923037
24.0 116.2 1856.2 -0.8407871127 -0.1492652297 -0.5203815103 0.1444291770 0.8645517230 -0.4813424349 0.5217444301 -0.4798648059 -0.7053456903
406.5 43.9 2020.5 0.0830508322 0.5969584584 0.7979618907 -0.4967812002 -0.6693410277 0.5524410009 0.8638929129 -0.4422931671 0.2409683913
425.1 -67.2 2213.7 -0.8012660146 0.5969584584 -0.0401671380 -0.4698199630 -0.6693410277 -0.5755447745 -0.3704618216 -0.4422931671 0.8167831898
-11.2 -105.1 2078.9 0.8598662615 -0.0220850427 -0.5100414157 0.0144891096 0.9997171164 -0.0188614056 0.5103136897 0.0088282395 0.8599430323
-2.7 -493.2 2075.4 0.8468077779 0.1557681262 -0.5085792542 -0.1146918014 0.9871380329 0.1113744378 0.5193865299 -0.0359828770 0.8537815213
125.1 -181.2 2166.5 0.8586257100 0.0200214125 0.5122119188 -0.0026821159 0.9993987083 -0.0345685855 -0.5125960112 0.0283076651 0.8581631780
117.3 -569.2 2155.6 0.8572667837 -0.0597298853 0.5113961697 0.0258809738 0.9969915748 0.0730613470 -0.5142216086 -0.0493976362 0.8562335968
266.0 74.6 1706.0 0 0 0 0 0 0 0 0 0
221.8 -186.4 2119.7 0 0 0 0 0 0 0 0 0
-60.8 -861.5 2088.9 0 0 0 0 0 0 0 0 0
139.5 -940.4 2174.0 0 0 0 0 0 0 0 0 0
431.6 225.4 1872.7 6 0.7454055548 0.6605778337 -0.0894846469 -0.4716633856 0.6175016165 0.6294643283 0.4710671306 -0.4269995689 0.7718595266
303.2 105.3 1955.7 0.7454055548 0.6605778337 -0.0894846469 -0.4716633856 0.6175016165 0.6294643283 0.4710671306 -0.4269995689 0.7718595266
178.0 -17.8 2038.6 0.7581722140 0.6447314024 -0.0974487141 -0.4594205916 0.6342426538 0.6218271255 0.4627175927 -0.4266820848 0.7770680785
199.6 168.1 1892.5 0.9421249628 -0.1518662125 -0.2988932133 0.2748641074 0.8603475690 0.4292456210 0.1919641346 -0.4865580201 0.8522974849
25.0 117.1 1857.0 -0.8386098146 -0.1518662125 -0.5231350064 0.1483869702 0.8603475690 -0.4876303673 0.5241324902 -0.4865580201 -0.6989609599
406.7 42.6 2018.9 0.0816296339 0.5883854628 0.8044496179 -0.5029618740 -0.6725088954 0.5429190993 0.8604452014 -0.4489257336 0.2410387844
425.0 -69.9 2211.4 -0.8074467778 0.5883854628 -0.0428042561 -0.4592920244 -0.6725088954 -0.5803297758 -0.3702438474 -0.4489257336 0.8132559061
-13.9 -102.3 2080.8 0.8617104292 -0.0281049088 -0.5066214204 0.0178863052 0.9995267987 -0.0250261687 0.5070850253 0.0125037245 0.8618053198
-3.0 -490.3 2075.9 0.8497017026 0.1491322368 -0.5057337284 -0.1072129831 0.9879966974 0.1112109050 0.5162484050 -0.0402748734 0.8554913998
122.3 -182.7 2164.7 0.8567876816 0.0173872560 0.5153761506 0.0046335575 0.9991314411 -0.0414107852 -0.5156485438 0.0378682725 0.8559629321
115.5 -570.5 2150.0 0.8551762700 -0.0939310044 0.5097553134 0.0231952295 0.9893929958 0.1433995217 -0.5178180337 -0.1108079851 0.8482841849
266.2 74.5 1706.2 0 0 0 0 0 0 0 0 0
220.0 -186.5 2117.5 0 0 0 0 0 0 0 0 0
-58.7 -859.0 2090.9 0 0 0 0 0 0 0 0 0
150.5 -938.5 2191.2 0 0 0 0 0 0 0 0 0
431.7 224.3 1872.3 7 0.7420623302 0.6649587750 -0.0846957713 -0.4817022681 0.6168408990 0.6224710345 0.4661614001 -0.4211141765 0.7780465484
302.3 104.3 1954.2 0.7420623302 0.6649587750 -0.0846957713 -0.4817022681 0.6168408990 0.6224710345 0.4661614001 -0.4211141765 0.7780465484
176.5 -18.5 2036.5 0.7561275959 0.6481123567 -0.0906721279 -0.4683179855 0.6326576471 0.6167840362 0.4571097791 -0.4239040315 0.7818925977
199.0 168.3 1891.8 0.9438568354 -0.1501882672 -0.2942410707 0.2719764709 0.8588494062 0.4340581596 0.1875183284 -0.4897153974 0.8514785171
26.6 118.6 1857.6 -0.8360361457 -0.1501882672 -0.5277187228 0.1540676504 0.8588494062 -0.4885087907 0.5265991688 -0.4897153974 -0.6948900223
405.6 40.3 2016.7 0.0805063695 0.5821744204 0.8090684414 -0.5098306537 -0.6734363437 0.5353094935 0.8564995527 -0.4555836916 0.2425944209
423.6 -73.7 2208.3 -0.8118317127 0.5821744204 -0.0447460636 -0.4506295919 -0.6734363437 -0.5860174894 -0.3712979853 -0.4555836916 0.8090620041
-15.0 -99.8 2080.0 0.8627631664 -0.0389394686 -0.5041065216 0.0249613319 0.9990945458 -0.0344540104 0.5049917102 0.0171424802 0.8629539609
0.1 -487.6 2073.3 0.8483681083 0.1630029231 -0.5036879778 -0.1124674454 0.9851941466 0.1293970495 0.5173225403 -0.0531278290 0.8541398048
120.8 -182.0 2162.8 0.8553535938 0.0113133667 0.5179210901 0.0045219827 0.9995603561 -0.0293023139 -0.5180249214 0.0274058692 0.8549263477
116.4 -570.1 2152.2 0.8537638783 -0.0804173797 0.5144125819 0.0268244483 0.9934818149 0.1107894033 -0.5199689269 -0.0807891563 0.8503560424
266.3 74.4 1706.6 0 0 0 0 0 0 0 0 0
217.6 -188.1 2114.1 0 0 0 0 0 0 0 0 0
-60.8 -855.3 2093.1 0 0 0 0 0 0 0 0 0
146.3 -940.0 2182.3 0 0 0 0 0 0 0 0 0
433.8 225.1 1876.2 8 0.7352436781 0.6696092486 -0.1050721556 -0.4725278020 0.6175137162 0.6288038492 0.4859363735 -0.4126745760 0.7704320550
303.3 104.8 1956.6 0.7352436781 0.6696092486 -0.1050721556 -0.4725278020 0.6175137162 0.6288038492 0.4859363735 -0.4126745760 0.7704320550
177.0 -18.6 2037.2 0.7510212660 0.6506239772 -0.1124963686 -0.4575516284 0.6356611252 0.6217567325 0.4760394394 -0.4154796600 0.7750890851
200.7 167.3 1891.6 0.9462094903 -0.1470591575 -0.2882033885 0.2656028867 0.8617238998 0.4323042929 0.1847774386 -0.4855980873 0.8544306755
26.5 118.3 1857.5 -0.8361337185 -0.1470591575 -0.5284449458 0.1539834142 0.8617238998 -0.4834470153 0.5264689326 -0.4855980873 -0.6978717446
405.9 42.3 2021.6 0.0677768588 0.5977780223 0.7987914085 -0.5026478767 -0.6711406112 0.5448994637 0.8618302941 -0.4384423792 0.2549840510
421.0 -70.2 2214.4 -0.7997287512 0.5977780223 -0.0556357689 -0.4612888992 -0.6711406112 -0.5803299546 -0.3842478991 -0.4384423792 0.8124788404
-17.0 -99.4 2077.9 0.8522647619 -0.0456858501 -0.5211118460 0.0309166759 0.9988367558 -0.0370045491 0.5221962333 0.0154266292 0.8526858091
0.7 -487.1 2071.9 0.8372424841 0.1648482233 -0.5213924646 -0.1123304293 0.9849917889 0.1310459077 0.5351700187 -0.0511489548 0.8431944251
118.4 -183.3 2159.8 0.8656912446 0.0056675561 0.5005462170 0.0082101272 0.9996406436 -0.0255180318 -0.5005109906 0.0262002852 0.8653336167
116.2 -571.3 2149.6 0.8630746007 -0.0920521542 0.4966172278 0.0417694226 0.9928919077 0.1114494428 -0.5033463836 -0.0754457638 0.8607847095
266.3 74.2 1706.5 0 0 0 0 0 0 0 0 0
218.1 -187.3 2116.9 0 0 0 0 0 0 0 0 0
-60.8 -854.8 2091.0 0 0 0 0 0 0 0 0 0
150.6 -941.5 2177.7 0 0 0 0 0 0 0 0 0
434.8 225.3 1884.6 9 0.7230156660 0.6788657904 -0.1280217171 -0.4794447124 0.6265100241 0.6145062447 0.4973741770 -0.3829183280 0.7784551978
302.8 103.5 1959.0 0.7230156660 0.6788657904 -0.1280217171 -0.4794447124 0.6265100241 0.6145062447 0.4973741770 -0.3829183280 0.7784551978
175.4 -21.5 2035.3 0.7425787449 0.6566510201 -0.1318569630 -0.4608367980 0.6438024640 0.6108582616 0.4860105515 -0.3928458393 0.7806829810
201.4 166.5 1892.7 0.9481364489 -0.1404593587 -0.2851464450 0.2567462325 0.8672881722 0.4264886379 0.1873998195 -0.4775796831 0.8583699465
27.0 119.2 1858.2 -0.8337205052 -0.1404593587 -0.5340236425 0.1565649062 0.8672881722 -0.4725448489 0.5295257568 -0.4775796831 -0.7010849714
404.2 40.5 2025.4 0.0515551455 0.6099757552 0.7907412052 -0.5139142871 -0.6627047062 0.5447151661 0.8562909365 -0.4344560504 0.2793094218
415.7 -74.5 2217.0 -0.7892698050 0.6099757552 -0.0705887750 -0.4592581987 -0.6627047062 -0.5915271640 -0.4075967669 -0.4344560504 0.8031891584
-16.5 -101.1 2075.2 0.8402749300 -0.0481189080 -0.5400209427 0.0356413200 0.9988016486 -0.0335408039 0.5409877300 0.0089364359 0.8409829736
2.2 -488.8 2071.8 0.8230690956 0.1763913333 -0.5398550034 -0.1141938344 0.9825330973 0.1469300389 0.5563426018 -0.0592854582 0.8288354278
118.0 -183.0 2160.5 0.8761771917 0.0078551183 0.4819251001 0.0079383124 0.9994964004 -0.0307237189 -0.4819237292 0.0307450928 0.8756735921
115.0 -571.1 2148.6 0.8722456098 -0.1162557453 0.4750496447 0.0471987575 0.9868124127 0.1548337340 -0.4867852032 -0.1126312986 0.8662299514
266.3 74.3 1706.1 0 0 0 0 0 0 0 0 0
215.5 -191.0 2113.5 0 0 0 0 0 0 0 0 0
-63.7 -855.5 2093.9 0 0 0 0 0 0 0 0 0
158.3 -938.8 2190.6 0 0 0 0 0 0 0 0 0
435.7 223.1 1887.3 0 0.7131000757 0.6878226995 -0.1356032044 -0.4791207016 0.6193492413 0.6219725609 0.5117926002 -0.3785583675 0.7712081075
301.7 102.4 1961.0 0.7131000757 0.6878226995 -0.1356032044 -0.4791207016 0.6193492413 0.6219725609 0.5117926002 -0.3785583675 0.7712081075
173.1 -22.0 2036.3 0.7353029251 0.6626726985 -0.1421071440 -0.4584044218 0.6407242417 0.6159040928 0.4991943240 -0.3877335489 0.7748985291
201.3 165.0 1892.8 0.9507337213 -0.1354599297 -0.2788477242 0.2511123121 0.8639666438 0.4364679158 0.1817912161 -0.4849868417 0.8554178476
26.5 118.9 1859.4 -0.8302182555 -0.1354599297 -0.5407294035 0.1681696326 0.8639666438 -0.4746373296 0.5314664841 -0.4849868417 -0.6945006251
402.1 39.8 2029.2 0.0391129516 0.6153445840 0.7872872353 -0.5084784627 -0.6659942269 0.5458033681 0.8601859212 -0.4216665924 0.2868404686
410.9 -74.0 2221.7 -0.7839449048 0.6153445840 -0.0823496133 -0.4611709118 -0.6659942269 -0.5863216519 -0.4156342149 -0.4216665924 0.8058817983
-18.5 -105.1 2068.0 0.8311482072 -0.0519715548 -0.5536168814 0.0696629807 0.9975105524 0.0109427376 0.5516699553 -0.0476616398 0.8326995969
