301.1 330.2 1765.8 8 0.8324977160 0.4803745747 -0.2760214806 -0.2223590314 0.7460246086 0.6276971698 0.5074485540 -0.4611805677 0.7278794050
205.5 181.7 1857.6 0.8324977160 0.4803745747 -0.2760214806 -0.2223590314 0.7460246086 0.6276971698 0.5074485540 -0.4611805677 0.7278794050
115.3 30.4 1947.2 0.8415077329 0.4571241438 -0.2879274487 -0.2078287154 0.7658584118 0.6084966063 0.4986701608 -0.4522150457 0.7394793034
82.9 212.1 1784.6 0.6477037668 -0.5954152346 -0.4753530622 0.7524407506 0.4019287229 0.5218105316 -0.1196358949 -0.6956536770 0.7083454132
-43.0 65.8 1807.9 -0.7510579228 -0.5954152346 -0.2852940261 0.0290121548 0.4019287229 -0.9152112603 0.6595985889 -0.6956536770 -0.2845974565
328.1 151.4 1930.6 -0.3942184746 0.9189142585 0.0137269432 -0.2858876884 -0.1368152350 0.9484460354 0.8734185696 0.3699705601 0.3166413605
218.6 72.0 2173.2 -0.3224872947 0.9189142585 -0.2271531969 -0.8006829619 -0.1368152350 0.5832567215 0.5048848391 0.3699705601 0.7798801661
-44.9 -99.3 1985.0 0.8084570765 0.0309343766 0.5877416134 0.0105065182 0.9977000952 -0.0669636056 -0.5884613395 0.0603123158 0.8062726855
-57.2 -495.6 1961.1 0.8064603209 0.0611356422 0.5881191492 -0.0370716155 0.9979115129 -0.0528994426 -0.5901249051 0.0208587740 0.8070424199
108.3 -129.8 2080.8 -0.4028466344 0.2355821282 0.8844295740 0.1126733124 0.9717218280 -0.2075125426 -0.9083057642 0.0160558820 -0.4179986715
14.7 -515.7 2074.5 -0.3624086380 -0.1999149770 0.9103263021 -0.1558051705 0.9759754539 0.1523046941 -0.9189040661 -0.0866370052 -0.3848496974
168.1 57.6 1622.4 0 0 0 0 0 0 0 0 0
135.2 -135.2 2303.8 0 0 0 0 0 0 0 0 0
-80.6 -876.9 1953.1 0 0 0 0 0 0 0 0 0
91.0 -887.8 2107.5 0 0 0 0 0 0 0 0 0
316.8 301.2 1750.3 9 0.8277615309 0.5157008171 -0.2210508585 -0.2505050302 0.6922072768 0.6768281460 0.5020538568 -0.5048779249 0.7021682262
214.5 163.8 1850.5 0.8277615309 0.5157008171 -0.2210508585 -0.2505050302 0.6922072768 0.6768281460 0.5020538568 -0.5048779249 0.7021682262
116.9 22.2 1948.0 0.8365027905 0.4943888783 -0.2363106012 -0.2383136004 0.7165660858 0.6555452943 0.4934264719 -0.4920494854 0.7172291279
92.6 198.6 1778.2 0.6863017678 -0.5968775749 -0.4156045020 0.7101715207 0.4265996516 0.5600617528 -0.1569915712 -0.6795218587 0.7166615129
-40.0 61.4 1808.6 -0.7275145054 -0.5968775749 -0.3383191526 0.0693604276 0.4265996516 -0.9017770886 0.6825773120 -0.6795218587 -0.2689577341
336.4 129.0 1922.7 -0.3941526115 0.9157686234 0.0775343031 -0.2240774930 -0.1775759757 0.9582567811 0.8913096786 0.3603257239 0.2751951814
226.9 66.8 2170.3 -0.3609521985 0.9157686234 -0.1762990654 -0.7574160099 -0.1775759757 0.6283214092 0.5440905094 0.3603257239 0.7577142715
-52.0 -102.0 1991.1 0.8016617894 0.0325571299 0.5968906283 0.0199264828 0.9965054393 -0.0811164677 -0.5974456668 0.0769219026 0.7982115746
-64.9 -497.9 1960.5 0.8010757565 0.0306478012 0.5977778435 -0.0182467550 0.9994745255 -0.0267903265 -0.5982847810 0.0105535761 0.8012140393
102.0 -140.1 2082.7 -0.4122487605 0.2273302674 0.8822538853 0.0991913378 0.9738125205 -0.2045732737 -0.9056555629 0.0031768670 -0.4240022004
11.7 -526.9 2081.4 -0.3680110276 -0.2256381810 0.9020284414 -0.1447175145 0.9721868038 0.1841458827 -0.9184904695 -0.0627716035 -0.3904292583
163.4 42.0 1617.7 0 0 0 0 0 0 0 0 0
133.6 -129.1 2311.1 0 0 0 0 0 0 0 0 0
-76.6 -879.5 1956.5 0 0 0 0 0 0 0 0 0
97.7 -897.8 2105.4 0 0 0 0 0 0 0 0 0
326.8 273.4 1734.5 0 0.8256203532 0.5423865914 -0.1554599404 -0.2862462997 0.6400829554 0.7129914761 0.4862242639 -0.5441604853 0.6837216616
218.8 146.0 1842.8 0.8256203532 0.5423865914 -0.1554599404 -0.2862462997 0.6400829554 0.7129914761 0.4862242639 -0.5441604853 0.6837216616
116.3 14.3 1948.8 0.8370428085 0.5198114514 -0.1707492918 -0.2721975148 0.6663432717 0.6941866875 0.4746238589 -0.5345864892 0.6992492080
96.9 185.8 1773.3 0.7021605372 -0.5965222120 -0.3887568414 0.6873445511 0.4253885448 0.5887292027 -0.1858173311 -0.6805922985 0.7087073326
-35.0 56.7 1808.2 -0.7111009955 -0.5965222120 -0.3721513152 0.1130753905 0.4253885448 -0.8979189992 0.6939375401 -0.6805922985 -0.2350422442
340.7 106.2 1912.4 -0.3756222129 0.9153791070 0.1448760331 -0.1674576402 -0.2207864672 0.9608388543 0.9115184546 0.3366518021 0.2362195253
236.4 59.7 2165.6 -0.3868981004 0.9153791070 -0.1113146544 -0.7136406898 -0.2207864672 0.6648084521 0.5839749575 0.3366518021 0.7386736870
-57.2 -97.6 2000.1 0.7857166529 0.0293747727 0.6178887486 0.0374360271 0.9947829843 -0.0948967487 -0.6174527407 0.0976932570 0.7805178761
-68.8 -492.7 1961.3 0.7857130766 0.0146503225 0.6184175611 0.0004115189 0.9997069240 -0.0242059156 -0.6185909510 0.0192733966 0.7854768038
95.9 -141.2 2090.8 -0.4348885417 0.2164055705 0.8740941286 0.0991356447 0.9762989879 -0.1923861206 -0.8950106502 0.0029873718 -0.4460347593
9.9 -529.1 2089.6 -0.3899819553 -0.2449879497 0.8876344562 -0.1206495911 0.9692427516 0.2145045400 -0.9128842950 -0.0234398302 -0.4075448811
162.7 25.3 1615.3 0 0 0 0 0 0 0 0 0
136.3 -125.0 2316.7 0 0 0 0 0 0 0 0 0
-74.4 -874.6 1954.0 0 0 0 0 0 0 0 0 0
103.4 -898.9 2098.6 0 0 0 0 0 0 0 0 0
335.0 248.7 1719.1 1 0.8236998916 0.5598931909 -0.0896554738 -0.3233053088 0.5936421156 0.7369279265 0.4658241570 -0.5780213475 0.6699993610
223.4 130.4 1834.3 0.8236998916 0.5598931909 -0.0896554738 -0.3233053088 0.5936421156 0.7369279265 0.4658241570 -0.5780213475 0.6699993610
117.6 6.9 1947.1 0.8373406529 0.5361983180 -0.1065457761 -0.3081528246 0.6239228845 0.7181657553 0.4515556097 -0.5685169697 0.6876670718
101.4 175.4 1768.2 0.7158301473 -0.6022340059 -0.3534139395 0.6596519947 0.4172344506 0.6251197457 -0.2290118784 -0.6806097627 0.6959338188
-31.1 53.3 1810.6 -0.6894175410 -0.6022340059 -0.4025142491 0.1580433846 0.4172344506 -0.8949512243 0.7069128752 -0.6806097627 -0.1924696416
345.3 85.3 1900.5 -0.3512181342 0.9133489728 0.2060084343 -0.1258623749 -0.2640843391 0.9562520981 0.9277954698 0.3099243939 0.2077074796
247.7 50.3 2158.5 -0.4043666422 0.9133489728 -0.0477626212 -0.6775681376 -0.2640843391 0.6864115596 0.6143199801 0.3099243939 0.7256430984
-62.7 -92.5 2011.2 0.7684268355 0.0174735542 0.6396991014 0.0689527392 0.9915466309 -0.1099125892 -0.6362120509 0.1285687834 0.7607261539
-69.7 -486.2 1960.1 0.7694857121 0.0198076405 0.6383567452 -0.0151556330 0.9998037815 -0.0127541712 -0.6384841204 0.0001394516 0.7696349621
90.4 -142.4 2098.5 -0.4594865739 0.2018283159 0.8649493456 0.1092298403 0.9792878628 -0.1704820842 -0.8814425468 0.0161440484 -0.4720153213
10.2 -531.5 2092.1 -0.4156264961 -0.2425224632 0.8766056299 -0.1115642413 0.9701108336 0.2154955566 -0.9026671648 -0.0082321800 -0.4302605987
159.9 9.5 1614.7 0 0 0 0 0 0 0 0 0
143.0 -125.2 2317.5 0 0 0 0 0 0 0 0 0
-77.2 -868.1 1960.1 0 0 0 0 0 0 0 0 0
102.8 -901.8 2095.2 0 0 0 0 0 0 0 0 0
340.0 230.3 1711.5 2 0.8147272468 0.5764009356 -0.0630990416 -0.3380396664 0.5605668426 0.7559722066 0.4711143076 -0.5945811868 0.6515554786
225.1 118.5 1830.0 0.8147272468 0.5764009356 -0.0630990416 -0.3380396664 0.5605668426 0.7559722066 0.4711143076 -0.5945811868 0.6515554786
115.6 1.8 1946.9 0.8291645050 0.5535230041 -0.0780932009 -0.3233530223 0.5888787508 0.7407189608 0.4559924304 -0.5889261961 0.6672607064
104.1 165.7 1763.3 0.7131301165 -0.6085920930 -0.3479383290 0.6517694592 0.3928223550 0.6487581730 -0.2581511438 -0.6894245744 0.6767951846
-27.4 45.5 1810.9 -0.6834923029 -0.6085920930 -0.4030556679 0.1818171889 0.3928223550 -0.9014616609 0.7069517374 -0.6894245744 -0.1578385532
346.0 71.3 1896.8 -0.3503825963 0.9053797722 0.2398322374 -0.0867934376 -0.2863499224 0.9541858435 0.9325764775 0.3135142326 0.1789130569
248.4 47.1 2156.3 -0.4241042435 0.9053797722 -0.0205683336 -0.6456344128 -0.2863499224 0.7079265118 0.6350525618 0.3135142326 0.7059865594
-64.8 -88.3 2018.4 0.7683798671 0.0118976980 0.6398833990 0.0841810033 0.9892614484 -0.1194794625 -0.6344335079 0.1456716359 0.7591270208
-69.5 -481.3 1960.6 0.7696877122 0.0249627642 0.6379323602 -0.0148195522 0.9996646047 -0.0212373063 -0.6382485628 0.0068922215 0.7697995305
88.4 -144.9 2101.5 -0.4578247666 0.1942923367 0.8675522804 0.1132396981 0.9806236625 -0.1598563194 -0.8818011284 0.0250551775 -0.4709554017
11.2 -534.5 2091.5 -0.4200326800 -0.2158278674 0.8814708591 -0.1092301384 0.9762702584 0.1869898438 -0.9009113908 -0.0177413393 -0.4336403012
161.1 -4.6 1616.0 0 0 0 0 0 0 0 0 0
138.5 -120.2 2320.9 0 0 0 0 0 0 0 0 0
-79.0 -863.2 1957.9 0 0 0 0 0 0 0 0 0
93.6 -907.3 2098.3 0 0 0 0 0 0 0 0 0
344.1 217.0 1708.6 3 0.7921466827 0.6068496704 -0.0650931597 -0.3529431522 0.5424821377 0.7623282075 0.4979304969 -0.5809015632 0.6439088583
222.8 108.6 1824.7 0.7921466827 0.6068496704 -0.0650931597 -0.3529431522 0.5424821377 0.7623282075 0.4979304969 -0.5809015632 0.6439088583
106.1 -3.7 1939.1 0.8045453429 0.5886879563 -0.0784430504 -0.3414414227 0.5665701032 0.7499440312 0.4859265089 -0.5765802860 0.6568337679
105.4 158.4 1753.7 0.7018876672 -0.6258901358 -0.3400225043 0.6398901343 0.3443754017 0.6869834065 -0.3128807545 -0.6997622252 0.6422137618
-24.5 39.9 1811.7 -0.6744037867 -0.6258901358 -0.3917155266 0.2116621435 0.3443754017 -0.9146609902 0.7073744535 -0.6997622252 -0.0997708365
340.1 58.8 1895.7 -0.3831320405 0.8859753013 0.2612614632 -0.0660135970 -0.3083842695 0.9489685893 0.9213316441 0.3463334739 0.1766383052
233.4 40.4 2152.3 -0.4631262720 0.8859753013 -0.0237018224 -0.6265794635 -0.3083842695 0.7157495022 0.6268271208 0.3463334739 0.6979547739
-69.8 -85.2 2021.9 0.7911716104 -0.0067219371 0.6115572453 0.1039149985 0.9868777990 -0.1235875562 -0.6027015448 0.1613289416 0.7814882398
-67.2 -477.2 1957.8 0.7921941876 0.0599437505 0.6073179841 -0.0623567365 0.9979064465 -0.0171567630 -0.6070749760 -0.0242788810 0.7942735553
82.0 -144.5 2105.6 -0.4293338656 0.1828199327 0.8844485879 0.0992636159 0.9829167128 -0.1549887061 -0.8976743221 0.0212516673 -0.4401467741
9.3 -535.0 2097.2 -0.3920558095 -0.2360867262 0.8891317844 -0.0842022076 0.9716612101 0.2208720446 -0.9160798192 0.0117273061 -0.4008244574
159.9 -17.9 1618.2 0 0 0 0 0 0 0 0 0
113.3 -122.0 2314.8 0 0 0 0 0 0 0 0 0
-90.0 -858.1 1967.0 0 0 0 0 0 0 0 0 0
99.5 -906.0 2092.7 0 0 0 0 0 0 0 0 0
349.4 206.8 1702.7 4 0.7786530852 0.6265845299 -0.0330323391 -0.3847413361 0.5183774233 0.7637139559 0.4956545830 -0.5819593072 0.6447091699
224.1 103.1 1819.1 0.7786530852 0.6265845299 -0.0330323391 -0.3847413361 0.5183774233 0.7637139559 0.4956545830 -0.5819593072 0.6447091699
103.5 -4.9 1933.7 0.7922314405 0.6083540320 -0.0476936437 -0.3730526865 0.5446934104 0.7510930300 0.4829089046 -0.5772473216 0.6584713459
108.6 157.5 1748.5 0.6883671284 -0.6316907406 -0.3565354049 0.6462182999 0.3108036816 0.6969956756 -0.3294731975 -0.7101886272 0.6221571565
-21.5 35.4 1810.8 -0.6744186282 -0.6316907406 -0.3822647035 0.2314108163 0.3108036816 -0.9218731523 0.7011480331 -0.7101886272 -0.0634317026
339.7 48.7 1889.6 -0.3829701543 0.8744001985 0.2979230285 -0.0531291328 -0.3428263664 0.9378951788 0.9222316146 0.3433574736 0.1777483821
232.9 33.9 2146.6 -0.4851711094 0.8744001985 0.0057670898 -0.6093608737 -0.3428263664 0.7149471641 0.6271270514 0.3433574736 0.6991546750
-84.1 -84.8 2008.9 0.7925961614 -0.0436982736 0.6081790924 0.1151812300 0.9902012348 -0.0789604783 -0.5987693071 0.1326345801 0.7898629308
-66.8 -477.8 1956.2 0.7941265702 0.0675559342 0.6039860845 -0.0744525865 0.9971312881 -0.0136383297 -0.6031748056 -0.0341377668 0.7968781590
63.2 -147.3 2098.0 -0.4388877451 0.1290400177 0.8892278671 0.0549832396 0.9916365743 -0.1167634651 -0.8968580365 -0.0023534272 -0.4423122108
12.0 -540.7 2099.0 -0.4126534462 -0.2275741845 0.8820017576 -0.0730425641 0.9734367132 0.2169925272 -0.9079548120 0.0251190439 -0.4183146060
162.2 -27.6 1619.8 0 0 0 0 0 0 0 0 0
107.0 -124.2 2309.4 0 0 0 0 0 0 0 0 0
-92.6 -858.6 1969.3 0 0 0 0 0 0 0 0 0
98.9 -912.5 2089.4 0 0 0 0 0 0 0 0 0
350.7 200.2 1700.2 5 0.7678084373 0.6402699947 -0.0229031313 -0.4052956402 0.5130934119 0.7566178441 0.4961911738 -0.5716550350 0.6534560919
223.0 97.9 1814.2 0.7678084373 0.6402699947 -0.0229031313 -0.4052956402 0.5130934119 0.7566178441 0.4961911738 -0.5716550350 0.6534560919
98.9 -8.2 1927.0 0.7792760134 0.6257109046 -0.0348541513 -0.3958058953 0.5345417857 0.7467280626 0.4858668745 -0.5681117773 0.6642156243
109.3 155.7 1743.2 0.6828914285 -0.6295272112 -0.3706139922 0.6435195208 0.2782844603 0.7130500674 -0.3457483053 -0.7254331112 0.5951511264
-20.1 33.7 1808.8 -0.6839828491 -0.6295272112 -0.3685958683 0.2444383055 0.2782844603 -0.9288744330 0.6873262525 -0.7254331112 -0.0364612378
336.8 40.1 1885.2 -0.3916513026 0.8631175160 0.3188062608 -0.0512060560 -0.3663946986 0.9290494323 0.9186877608 0.3475386202 0.1876958162
227.5 25.9 2141.3 -0.5047124028 0.8631175160 0.0171330832 -0.6025087237 -0.3663946986 0.7090402842 0.6182625890 0.3475386202 0.7049598098
-89.7 -78.8 2004.0 0.7988958955 -0.0603874996 0.5984302163 0.1225284785 0.9904231429 -0.0636303499 -0.5888566375 0.1241587698 0.7986441255
-65.7 -472.1 1954.7 0.7995674610 0.0792747810 0.5953212380 -0.0828064755 0.9963346124 -0.0214587450 -0.5948402286 -0.0321387351 0.8032011986
55.4 -147.1 2092.6 -0.4349913001 0.1066028178 0.8941020370 0.0377177112 0.9942528009 -0.1001935676 -0.8996443748 -0.0098598460 -0.4365121126
13.1 -541.8 2096.5 -0.4112404585 -0.2155954093 0.8856635690 -0.0851703063 0.9764639735 0.1981516331 -0.9075391293 0.0060557383 -0.4199238420
165.8 -32.8 1621.9 0 0 0 0 0 0 0 0 0
96.5 -130.5 2301.8 0 0 0 0 0 0 0 0 0
-96.0 -852.7 1967.0 0 0 0 0 0 0 0 0 0
95.4 -914.8 2094.2 0 0 0 0 0 0 0 0 0
352.1 199.0 1702.5 6 0.7605490088 0.6485549212 -0.0306873247 -0.4176411927 0.5248546004 0.7416896224 0.4971328378 -0.5512750149 0.6700409055
222.4 94.0 1812.7 0.7605490088 0.6485549212 -0.0306873247 -0.4176411927 0.5248546004 0.7416896224 0.4971328378 -0.5512750149 0.6700409055
96.7 -13.6 1922.4 0.7730080485 0.6332130432 -0.0387272686 -0.4072698355 0.5421355367 0.7349968553 0.4864050150 -0.5523860455 0.6769636869
109.6 153.5 1741.7 0.6828430295 -0.6238514781 -0.3801771998 0.6433212757 0.2668563426 0.7175830603 -0.3462125659 -0.7345727086 0.5835579038
-18.6 32.7 1806.7 -0.6949812174 -0.6238514781 -0.3575059175 0.2405243516 0.2668563426 -0.9332394004 0.6776054502 -0.7345727086 -0.0354086682
335.3 34.6 1883.7 -0.4011347592 0.8582479358 0.3201583326 -0.0659807324 -0.3756741285 0.9244000912 0.9136396646 0.3496847153 0.2073237747
223.4 16.2 2138.5 -0.5130843520 0.8582479358 0.0124450708 -0.6115080118 -0.3756741285 0.6963669062 0.6023307443 0.3496847153 0.7175780535
-96.7 -78.0 1995.3 0.8052636385 -0.0779791698 0.5877667069 0.1276758909 0.9908632040 -0.0434629433 -0.5790071487 0.1100427657 0.8078621626
-65.7 -471.5 1951.6 0.8069196939 0.0774115920 0.5855664611 -0.0825571865 0.9964244366 -0.0179617330 -0.5848631859 -0.0338490419 0.8104254007
46.1 -150.5 2084.4 -0.4302263260 0.0772097036 0.8994131088 0.0097778002 0.9966757298 -0.0808820426 -0.9026681185 -0.0260033049 -0.4295510948
15.4 -546.2 2094.7 -0.4134841859 -0.2022377849 0.8877672553 -0.0799967870 0.9793191552 0.1858346760 -0.9069902301 0.0058211759 -0.4211113751
171.1 -32.9 1621.7 0 0 0 0 0 0 0 0 0
90.2 -142.6 2294.9 0 0 0 0 0 0 0 0 0
-95.3 -852.2 1964.5 0 0 0 0 0 0 0 0 0
92.7 -920.3 2092.5 0 0 0 0 0 0 0 0 0
353.3 201.2 1699.6 7 0.7569081783 0.6527652144 -0.0314268582 -0.4128893316 0.5149303079 0.7512450814 0.5065692663 -0.5556477308 0.6592746973
223.9 99.2 1809.7 0.7569081783 0.6527652144 -0.0314268582 -0.4128893316 0.5149303079 0.7512450814 0.5065692663 -0.5556477308 0.6592746973
96.6 -6.9 1919.3 0.7665316463 0.6407876611 -0.0426664799 -0.4050858021 0.5339915752 0.7421310544 0.4983319640 -0.5515833497 0.6688954234
112.0 158.4 1736.9 0.6656004190 -0.6298688054 -0.4003016353 0.6583947539 0.2430159450 0.7123619914 -0.3514149189 -0.7377049327 0.5764538050
-16.8 31.0 1804.9 -0.7033258080 -0.6298688054 -0.3295423090 0.2245251089 0.2430159450 -0.9436798692 0.6744785309 -0.7377049327 -0.0294980276
335.9 40.0 1882.5 -0.4105627239 0.8532293439 0.3216176331 -0.0550456718 -0.3752644658 0.9252818823 0.9101693630 0.3621825874 0.2010361850
221.4 24.7 2136.4 -0.5214764476 0.8532293439 0.0078728618 -0.6033771634 -0.3752644658 0.7036423683 0.6033227444 0.3621825874 0.7105107307
-99.9 -83.9 1987.6 0.8111526370 -0.0854330808 0.5785607696 0.1229189262 0.9920802712 -0.0258391891 -0.5717712045 0.0920755938 0.8152298927
-66.0 -478.0 1951.0 0.8127864599 0.0749901235 0.5777150393 -0.0803482831 0.9966331720 -0.0163257830 -0.5769942403 -0.0331490338 0.8160752654
41.8 -158.6 2076.8 -0.4226634800 0.0502550863 0.9048922658 -0.0211329423 0.9976433516 -0.0652771369 -0.9060402513 -0.0467133000 -0.4206053913
21.8 -554.6 2095.3 -0.4182954133 -0.1727147698 0.8917390704 -0.0468623154 0.9845513105 0.1687088311 -0.9071013331 0.0287811738 -0.4199270904
176.0 -30.6 1620.0 0 0 0 0 0 0 0 0 0
85.9 -132.0 2293.1 0 0 0 0 0 0 0 0 0
-94.6 -858.8 1963.7 0 0 0 0 0 0 0 0 0
87.8 -930.5 2084.3 0 0 0 0 0 0 0 0 0
354.4 206.3 1698.2 8 0.7606936097 0.6484640837 -0.0289743934 -0.4178796709 0.5233823061 0.7425951362 0.4967109859 -0.5527796149 0.6691135168
226.4 103.0 1807.2 0.7606936097 0.6484640837 -0.0289743934 -0.4178796709 0.5233823061 0.7425951362 0.4967109859 -0.5527796149 0.6691135168
99.6 -4.0 1916.4 0.7686065435 0.6385895610 -0.0380434506 -0.4113487005 0.5388929248 0.7351099849 0.4899349213 -0.5493612289 0.6768796444
114.2 163.1 1735.7 0.6724842191 -0.6160020828 -0.4102516770 0.6608725786 0.2502491474 0.7075470686 -0.3331853151 -0.7469382882 0.5753874779
-16.1 35.1 1800.2 -0.7157892585 -0.6160020828 -0.3289182186 0.2180995941 0.2502491474 -0.9432963133 0.6633839607 -0.7469382882 -0.0447758585
338.7 43.0 1878.8 -0.4058197439 0.8546063900 0.3239726722 -0.0641036183 -0.3802165091 0.9226733446 0.9117022753 0.3536712527 0.2090827227
225.5 25.1 2133.1 -0.5191228986 0.8546063900 0.0126232393 -0.6090050340 -0.3802165091 0.6960949898 0.5996868014 0.3536712527 0.7178387046
-100.9 -75.8 1983.2 0.8093584180 -0.0870062411 0.5808346272 0.1150640175 0.9932910204 -0.0115446234 -0.5759333372 0.0761769041 0.8139397502
-66.4 -470.4 1952.9 0.8105076551 0.0646954030 0.5821442008 -0.0600162074 0.9978231192 -0.0273316801 -0.5826451778 -0.0127855521 0.8126260638
39.6 -150.1 2074.6 -0.4286788106 0.0517373346 0.9019743204 -0.0333537608 0.9967721105 -0.0730268881 -0.9028410912 -0.0613893159 -0.4255694449
19.1 -545.9 2098.9 -0.4299736619 -0.1829987466 0.8841007352 -0.0264671855 0.9813765883 0.1902616918 -0.9024534225 0.0584078580 -0.4268095493
181.3 -25.0 1617.3 0 0 0 0 0 0 0 0 0
90.6 -133.1 2288.9 0 0 0 0 0 0 0 0 0
-91.1 -851.6 1957.8 0 0 0 0 0 0 0 0 0
88.9 -920.6 2076.6 0 0 0 0 0 0 0 0 0
354.9 214.0 1698.5 9 0.7622475028 0.6467922926 -0.0252688676 -0.4309433699 0.5362232327 0.7257770896 0.4829767942 -0.5423323512 0.6874656677
226.2 107.3 1806.4 0.7622475028 0.6467922926 -0.0252688676 -0.4309433699 0.5362232327 0.7257770896 0.4829767942 -0.5423323512 0.6874656677
100.2 -2.0 1914.3 0.7725802660 0.6341322064 -0.0315603912 -0.4221794903 0.5502085090 0.7204408646 0.4742195606 -0.5432742834 0.6927978396
113.4 168.9 1737.1 0.6634742618 -0.6168428063 -0.4234463871 0.6764690280 0.2527437210 0.6917443871 -0.3196741343 -0.7454029918 0.5849639773
-14.8 38.2 1798.9 -0.7170088291 -0.6168428063 -0.3246586919 0.2101962715 0.2527437210 -0.9444247484 0.6646170616 -0.7454029918 -0.0515614226
339.1 45.7 1875.6 -0.3979269862 0.8573479056 0.3265098035 -0.0834745765 -0.3882610202 0.9177610874 0.9136115909 0.3379466534 0.2260662913
228.1 22.4 2130.5 -0.5143706203 0.8573479056 0.0194269214 -0.6214489937 -0.3882610202 0.6804810762 0.5909517407 0.3379466534 0.7325080633
-97.8 -73.4 1980.6 0.8047351241 -0.0910143703 0.5866155028 0.1226516962 0.9923468828 -0.0142926695 -0.5808252096 0.0834512040 0.8097394109
-61.6 -467.7 1947.4 0.8043318987 0.0922368690 0.5869774818 -0.1007245257 0.9947462082 -0.0182908643 -0.5855807066 -0.0444111004 0.8093966246
43.2 -148.8 2070.5 -0.4366574585 0.0740288422 0.8965768218 -0.0143892327 0.9959063530 -0.0892382711 -0.8995127678 -0.0518676080 -0.4338047206
13.8 -544.4 2091.1 -0.4197512269 -0.2463368773 0.8735714555 -0.0855456665 0.9689183235 0.2321188748 -0.9035988450 0.0227019303 -0.4277777076
184.6 -20.2 1614.1 0 0 0 0 0 0 0 0 0
94.4 -139.1 2284.0 0 0 0 0 0 0 0 0 0
-96.8 -847.4 1964.4 0 0 0 0 0 0 0 0 0
107.6 -913.5 2082.4 0 0 0 0 0 0 0 0 0
352.2 224.8 1702.6 0 0.7741202712 0.6307342052 -0.0539645441 -0.4064080715 0.5605323315 0.7215511203 0.4853558242 -0.5366356969 0.6902549267
226.8 113.4 1809.3 0.7741202712 0.6307342052 -0.0539645441 -0.4064080715 0.5605323315 0.7215511203 0.4853558242 -0.5366356969 0.6902549267
104.0 -0.4 1916.0 0.7833859921 0.6186532974 -0.0597870573 -0.3980000913 0.5731986761 0.7162675858 0.4773911536 -0.5373187065 0.6952598691
112.4 171.5 1739.5 0.6584948897 -0.6199103594 -0.4267266989 0.6867855787 0.2631181479 0.6775650978 -0.3077500761 -0.7392428517 0.5990074277
-14.7 38.9 1799.0 -0.7241220474 -0.6199103594 -0.3022556007 0.1710688621 0.2631181479 -0.9494758248 0.6681187749 -0.7392428517 -0.0844822824
341.2 55.3 1879.0 -0.4001376629 0.8679202199 0.2942862511 -0.1003196612 -0.3606653512 0.9272844791 0.9109477401 0.3415187299 0.2313852459
229.6 27.4 2133.1 -0.4966471195 0.8679202199 -0.0074947216 -0.6405152082 -0.3606653512 0.6779828668 0.5857319236 0.3415187299 0.7350394726
-96.7 -72.6 1978.7 0.8065766096 -0.0970392600 0.5831102729 0.1257621944 0.9920207858 -0.0088694757 -0.5775967836 0.0804871395 0.8123446107
-58.1 -466.8 1946.8 0.8042097688 0.1057482660 0.5848623514 -0.1103677377 0.9934998751 -0.0278733633 -0.5840082765 -0.0421339050 0.8106535077
45.0 -150.0 2065.7 -0.4304106236 0.0707542822 0.8998558521 -0.0236992110 0.9956935644 -0.0896254405 -0.9023220539 -0.0599016137 -0.4268802702
16.9 -545.6 2089.5 -0.4126375020 -0.2482883185 0.8764035702 -0.0980354920 0.9686508775 0.2282642126 -0.9056044221 0.0082717165 -0.4240427315
187.7 -8.9 1612.2 0 0 0 0 0 0 0 0 0
100.6 -139.0 2285.2 0 0 0 0 0 0 0 0 0
-98.5 -846.3 1962.9 0 0 0 0 0 0 0 0 0
111.6 -915.2 2086.3 0 0 0 0 0 0 0 0 0
350.7 239.4 1707.7 1 0.7873287201 0.6119536161 -0.0750083104 -0.3965486288 0.5957977176 0.6984084249 0.4720833302 -0.5201325417 0.7117580175
228.9 120.7 1811.3 0.7873287201 0.6119536161 -0.0750083104 -0.3965486288 0.5957977176 0.6984084249 0.4720833302 -0.5201325417 0.7117580175
109.8 0.5 1915.1 0.7962748408 0.5998162627 -0.0785292313 -0.3876788020 0.6056358814 0.6949175000 0.4643829167 -0.5229012370 0.7147886157
112.6 177.3 1743.4 0.6681588888 -0.6102051735 -0.4256916046 0.6869481206 0.2861953378 0.6679779291 -0.2857726514 -0.7387434244 0.6104032397
-17.1 43.9 1798.9 -0.7306624651 -0.6102051735 -0.3062384129 0.1571422368 0.2861953378 -0.9451976418 0.6644085050 -0.7387434244 -0.1132231876
345.1 64.2 1879.1 -0.3938972354 0.8792323470 0.2679467797 -0.1368620545 -0.3443685174 0.9288051724 0.9089080095 0.3291820586 0.2559793591
235.3 26.0 2132.5 -0.4757471383 0.8792323470 -0.0248026066 -0.6706804037 -0.3443685174 0.6569612622 0.5690803528 0.3291820586 0.7535162568
-90.7 -77.8 1979.0 0.8051410913 -0.0858306810 0.5868397951 0.1233146489 0.9920752645 -0.0240869671 -0.5801218748 0.0917593539 0.8093447089
-56.6 -472.0 1942.5 0.8032259941 0.1077557951 0.5858469605 -0.1236092970 0.9922453761 -0.0130306836 -0.5827080607 -0.0619495474 0.8103169203
52.9 -150.7 2066.6 -0.4313042760 0.0842988864 0.8982595801 0.0065896064 0.9958930612 -0.0902974457 -0.9021824598 -0.0330264978 -0.4300884306
19.4 -546.3 2079.7 -0.3942011893 -0.2486703694 0.8847420216 -0.1631971300 0.9663379788 0.1988908798 -0.9044181108 -0.0659843460 -0.4215138555
189.7 -0.5 1610.9 0 0 0 0 0 0 0 0 0
111.8 -148.1 2280.2 0 0 0 0 0 0 0 0 0
-97.8 -851.0 1966.2 0 0 0 0 0 0 0 0 0
114.1 -914.2 2104.8 0 0 0 0 0 0 0 0 0
347.5 255.4 1709.7 2 0.8006085157 0.5909071565 -0.0992713422 -0.3732793331 0.6214656830 0.6887981892 0.4687094986 -0.5144017339 0.7181241512
229.6 131.4 1812.3 0.8006085157 0.5909071565 -0.0992713422 -0.3732793331 0.6214656830 0.6887981892 0.4687094986 -0.5144017339 0.7181241512
114.6 6.5 1915.2 0.8086667657 0.5794240832 -0.1016157195 -0.3646671772 0.6293013692 0.6862926483 0.4616014063 -0.5179261565 0.7201920748
111.6 184.7 1744.9 0.6646994948 -0.6142373085 -0.4253082275 0.6925716400 0.2930780053 0.6591280699 -0.2802125812 -0.7326785326 0.6202121377
-18.2 49.5 1799.6 -0.7321960926 -0.6142373085 -0.2942811549 0.1345788538 0.2930780053 -0.9465695024 0.6676656604 -0.7326785326 -0.1319272071
347.7 78.2 1879.8 -0.3891389370 0.8901984692 0.2368914336 -0.1569602787 -0.3174762130 0.9351857305 0.9077082872 0.3267346323 0.2632681429
239.2 34.5 2132.9 -0.4531801641 0.8901984692 -0.0466305129 -0.6905056834 -0.3174762130 0.6499313712 0.5637638569 0.3267346323 0.7585610151
-82.3 -84.2 1976.3 0.8057855368 -0.0706298500 0.5879805684 0.1007797420 0.9947344661 -0.0186212026 -0.5835693479 0.0742612258 0.8086606860
-54.2 -479.4 1946.8 0.8016355038 0.1037926823 0.5887339115 -0.1068296805 0.9938321710 -0.0297486633 -0.5881904364 -0.0390466750 0.8077793121
63.7 -155.2 2061.5 -0.4308718741 0.1049073562 0.8962945342 0.0036586444 0.9934146404 -0.1145160422 -0.9024056792 -0.0460625179 -0.4284182489
22.0 -549.8 2079.8 -0.4017134607 -0.2349500358 0.8851128817 -0.1348671168 0.9711673856 0.1965827048 -0.9057798386 -0.0404026955 -0.4218180478
192.1 10.8 1607.9 0 0 0 0 0 0 0 0 0
121.5 -144.8 2279.2 0 0 0 0 0 0 0 0 0
-93.9 -859.0 1961.7 0 0 0 0 0 0 0 0 0
111.6 -920.1 2095.2 0 0 0 0 0 0 0 0 0
343.8 274.1 1718.2 3 0.8029937744 0.5745524168 -0.1583998501 -0.3275836408 0.6475196481 0.6880459785 0.4978854954 -0.5006074309 0.7081682086
228.6 144.4 1818.6 0.8029937744 0.5745524168 -0.1583998501 -0.3275836408 0.6475196481 0.6880459785 0.4978854954 -0.5006074309 0.7081682086
117.2 13.4 1917.6 0.8101866841 0.5623493195 -0.1654108018 -0.3193109334 0.6600486636 0.6799825430 0.4915669262 -0.4980953336 0.7143269777
110.6 191.0 1746.7 0.6540106535 -0.6162384748 -0.4387712479 0.7089793682 0.2970038354 0.6396381855 -0.2638529241 -0.7294099331 0.6311440468
-15.8 53.9 1797.7 -0.7365201116 -0.6162384748 -0.2789055109 0.1106565371 0.2970038354 -0.9484428763 0.6673029661 -0.7294099331 -0.1505584717
346.7 97.7 1890.4 -0.4122845829 0.8941645622 0.1746170819 -0.1785503328 -0.2672501504 0.9469409585 0.8933874965 0.3592312038 0.2698365152
231.8 48.0 2139.4 -0.4340752363 0.8941645622 -0.1097652018 -0.7141235471 -0.2672501504 0.6469967961 0.5491868854 0.3592312038 0.7545506954
-74.5 -85.0 1975.7 0.8252164721 -0.0523378477 0.5623864532 0.0842391849 0.9959657192 -0.0309197623 -0.5584993958 0.0728904754 0.8262962103
-53.7 -480.7 1946.7 0.8222896457 0.0891653448 0.5620402694 -0.0911710560 0.9955325723 -0.0245498307 -0.5617184043 -0.0310547315 0.8267454505
73.7 -151.8 2060.4 -0.3940793276 0.1179162264 0.9114807844 0.0171151627 0.9925051332 -0.1209984124 -0.9189170599 -0.0320828333 -0.3931439221
26.9 -546.1 2073.1 -0.3696694374 -0.1894148588 0.9096518755 -0.1326987147 0.9797281027 0.1500798315 -0.9196388125 -0.0652296990 -0.3873106539
196.6 22.0 1605.2 0 0 0 0 0 0 0 0 0
119.1 -137.4 2282.0 0 0 0 0 0 0 0 0 0
-87.8 -861.0 1958.6 0 0 0 0 0 0 0 0 0
99.1 -919.5 2098.0 0 0 0 0 0 0 0 0 0
340.4 292.7 1726.5 4 0.8103256822 0.5595872998 -0.1738800853 -0.3284524381 0.6794831157 0.6560652852 0.4852744043 -0.4745152593 0.7344004512
228.7 157.0 1821.2 0.8103256822 0.5595872998 -0.1738800853 -0.3284524381 0.6794831157 0.6560652852 0.4852744043 -0.4745152593 0.7344004512
121.0 19.7 1915.6 0.8203055263 0.5429600477 -0.1797032356 -0.3160364330 0.6922085881 0.6488206387 0.4766758084 -0.4754383862 0.7394176722
109.0 203.1 1751.6 0.6316179633 -0.6217063665 -0.4631845951 0.7387037277 0.3012652099 0.6029561162 -0.2353202552 -0.7229940891 0.6495413184
-15.9 57.1 1798.1 -0.7376075387 -0.6217063665 -0.2634697855 0.0853071064 0.3012652099 -0.9497168064 0.6698192358 -0.7229940891 -0.1691795290
348.4 110.9 1890.9 -0.4038703144 0.9021204710 0.1518794596 -0.2214504778 -0.2574926019 0.9405621886 0.8876082897 0.3462313712 0.3037686348
235.8 49.2 2138.2 -0.4135583043 0.9021204710 -0.1230777800 -0.7448685169 -0.2574926019 0.6155229211 0.5235842466 0.3462313712 0.7784493566
-68.4 -88.4 1971.5 0.8232188225 -0.0490355641 0.5656026006 0.0801488906 0.9963229895 -0.0302771144 -0.5620381832 0.0702571124 0.8241219521
-48.9 -484.3 1943.6 0.8172522783 0.1118143275 0.5653284788 -0.1186012700 0.9926303029 -0.0248760469 -0.5639436841 -0.0467186719 0.8244906664
79.9 -146.9 2061.7 -0.3996434212 0.1492055357 0.9044461250 0.0307742897 0.9882918596 -0.1494393945 -0.9161539674 -0.0318887830 -0.3995560408
20.6 -539.4 2074.3 -0.3718853891 -0.2301754802 0.8992888927 -0.1020077020 0.9730365276 0.2068678737 -0.9226568937 -0.0148032559 -0.3853377402
197.7 32.4 1604.2 0 0 0 0 0 0 0 0 0
128.5 -144.0 2274.0 0 0 0 0 0 0 0 0 0
-91.6 -863.4 1961.4 0 0 0 0 0 0 0 0 0
108.3 -910.0 2080.0 0 0 0 0 0 0 0 0 0
331.0 312.7 1735.1 5 0.8212064505 0.5284973979 -0.2151985914 -0.2921919823 0.7133831978 0.6369522810 0.4901466966 -0.4601900280 0.7402576208
225.3 170.1 1827.1 0.8212064505 0.5284973979 -0.2151985914 -0.2921919823 0.7133831978 0.6369522810 0.4901466966 -0.4601900280 0.7402576208
123.4 26.5 1918.4 0.8288232684 0.5142188072 -0.2205242962 -0.2816918790 0.7240443230 0.6296105981 0.4834269881 -0.4597160220 0.7449560761
104.5 211.2 1756.5 0.6086635590 -0.6254523993 -0.4881986380 0.7673655152 0.3076327741 0.5625942349 -0.2016900182 -0.7170574069 0.6671954989
-14.0 61.8 1795.7 -0.7413398623 -0.6254523993 -0.2433608174 0.0523361191 0.3076327741 -0.9500647187 0.6690860391 -0.7170574069 -0.1953266859
346.2 129.0 1897.8 -0.4032340050 0.9094253778 0.1017243043 -0.2523476779 -0.2173590511 0.9429081082 0.8796152472 0.3545427322 0.3171379566
233.8 58.7 2142.9 -0.3827580810 0.9094253778 -0.1626091748 -0.7708346844 -0.2173590511 0.5988062024 0.5092250109 0.3545427322 0.7842125893
-61.8 -88.7 1966.3 0.8296111822 -0.0333325043 0.5573456883 0.0616434813 0.9975820780 -0.0320953690 -0.5549282432 0.0609834045 0.8296599984
-48.6 -485.1 1942.0 0.8251017332 0.0938143879 0.5571408868 -0.0954154581 0.9950913191 -0.0262526460 -0.5568689108 -0.0314987488 0.8300029039
88.5 -146.6 2053.7 -0.3889136612 0.1634102762 0.9066659808 0.0254155491 0.9856719971 -0.1667477041 -0.9209235907 -0.0418070480 -0.3874944746
23.6 -538.1 2070.3 -0.3613966107 -0.2226240933 0.9054452181 -0.1115773320 0.9744259715 0.1950499415 -0.9257121682 -0.0305367745 -0.3769940436
199.7 46.7 1602.8 0 0 0 0 0 0 0 0 0
134.5 -141.3 2275.0 0 0 0 0 0 0 0 0 0
-84.4 -865.1 1954.1 0 0 0 0 0 0 0 0 0
108.5 -909.8 2082.0 0 0 0 0 0 0 0 0 0
319.7 331.7 1740.5 6 0.8274678588 0.4930570424 -0.2686851919 -0.2392751575 0.7425014973 0.6256507635 0.5079807043 -0.4534161985 0.7323724031
221.3 183.5 1831.0 0.8274678588 0.4930570424 -0.2686851919 -0.2392751575 0.7425014973 0.6256507635 0.5079807043 -0.4534161985 0.7323724031
125.6 35.0 1921.2 0.8325050473 0.4827895463 -0.2717528939 -0.2315769792 0.7488508821 0.6209625006 0.5032966137 -0.4540227056 0.7352250814
100.0 217.3 1757.4 0.5992410183 -0.6377618313 -0.4839112163 0.7729548812 0.3035242856 0.5571478605 -0.2084488124 -0.7079073787 0.6748453379
-15.2 68.6 1797.5 -0.7375341654 -0.6377618313 -0.2220433056 0.0243013874 0.3035242856 -0.9525137544 0.6748724580 -0.7079073787 -0.2083610296
342.5 149.7 1904.5 -0.4076280594 0.9122034907 0.0415229872 -0.2691110373 -0.1634593606 0.9491366148 0.8725930452 0.3757204115 0.3121146560
228.9 74.7 2147.7 -0.3500087857 0.9122034907 -0.2130226344 -0.7876003981 -0.1634593606 0.5941099524 0.5071285963 0.3757204115 0.7756640315
-54.4 -91.3 1965.4 0.8398748040 -0.0162246991 0.5425376296 0.0476933718 0.9978929162 -0.0439894795 -0.5406807065 0.0628211051 0.8388789296
-47.9 -487.8 1940.4 0.8374579549 0.0710555613 0.5418627858 -0.0743890777 0.9971044064 -0.0157827437 -0.5414152145 -0.0270912889 0.8403187394
97.4 -142.9 2054.1 -0.3644888997 0.1732205898 0.9149549007 0.0323078707 0.9843072891 -0.1734800637 -0.9306471348 -0.0336713120 -0.3643654585
28.6 -534.0 2067.5 -0.3463392258 -0.1591251642 0.9245151877 -0.1002985761 0.9861411452 0.1321584880 -0.9327321649 -0.0469558872 -0.3574993610
198.6 61.6 1601.8 0 0 0 0 0 0 0 0 0
138.1 -129.7 2279.3 0 0 0 0 0 0 0 0 0
-75.0 -868.6 1950.7 0 0 0 0 0 0 0 0 0
89.2 -909.6 2085.4 0 0 0 0 0 0 0 0 0
309.1 352.9 1749.6 7 0.8472966552 0.4634931087 -0.2593501210 -0.2534915507 0.7820064425 0.5693926811 0.4667230248 -0.4167014360 0.7800830007
215.9 195.7 1833.4 0.8472966552 0.4634931087 -0.2593501210 -0.2534915507 0.7820064425 0.5693926811 0.4667230248 -0.4167014360 0.7800830007
126.6 39.4 1916.4 0.8537822962 0.4500448406 -0.2617544532 -0.2423416674 0.7885128856 0.5652592182 0.4607887566 -0.4191742837 0.7822829485
91.4 230.8 1766.2 0.5582212806 -0.6477705240 -0.5184422731 0.8116984963 0.2969427109 0.5029618144 -0.1718561947 -0.7015827894 0.6915540695
-16.6 73.7 1799.4 -0.7363414764 -0.6477705240 -0.1954344064 -0.0077919639 0.2969427109 -0.9548634887 0.6765652299 -0.7015827894 -0.2236986309
340.3 160.5 1900.6 -0.3731802702 0.9272457957 0.0308498163 -0.3350210190 -0.1656920910 0.9275273681 0.8651574254 0.3357996047 0.3724798560
236.6 67.3 2141.2 -0.3159553409 0.9272457957 -0.2009662986 -0.8274915814 -0.1656920910 0.5364735126 0.4641442895 0.3357996047 0.8196393847
-46.2 -92.3 1965.4 0.8215563297 -0.0009663166 0.5701265335 0.0374400951 0.9979314208 -0.0522600263 -0.5688967109 0.0642801523 0.8198930621
-45.8 -488.8 1939.8 0.8191578984 0.0646924227 0.5699080825 -0.0605344176 0.9978206754 -0.0262572039 -0.5703647137 -0.0129902596 0.8212888241
106.1 -134.7 2057.7 -0.3986807168 0.1961101741 0.8958764076 0.0652677640 0.9804590940 -0.1855803132 -0.9147643447 -0.0155154420 -0.4036898017
28.2 -524.2 2063.8 -0.3790101707 -0.1435725391 0.9141871929 -0.1146111935 0.9875680804 0.1075806543 -0.9182676673 -0.0640019178 -0.3907533586
197.2 76.0 1603.0 0 0 0 0 0 0 0 0 0
154.7 -147.0 2261.5 0 0 0 0 0 0 0 0 0
-70.5 -870.0 1944.8 0 0 0 0 0 0 0 0 0
83.0 -900.9 2088.3 0 0 0 0 0 0 0 0 0
295.9 372.5 1758.2 8 0.8609960079 0.4365981221 -0.2608983219 -0.2491347343 0.8092384338 0.5320385695 0.4434159994 -0.3930842578 0.8055227995
208.4 210.3 1837.0 0.8609960079 0.4365981221 -0.2608983219 -0.2491347343 0.8092384338 0.5320385695 0.4434159994 -0.3930842578 0.8055227995
124.0 48.7 1914.9 0.8659622073 0.4251613617 -0.2633386254 -0.2397741228 0.8150561452 0.5274389386 0.4388824403 -0.3936004043 0.8077505231
82.1 245.1 1772.9 0.5011078119 -0.6635969877 -0.5554547906 0.8541454673 0.2761588395 0.4406493604 -0.1390198320 -0.6952520013 0.7051936984
-17.2 75.9 1800.5 -0.7333683968 -0.6635969877 -0.1476815045 -0.0566791818 0.2761588395 -0.9594392776 0.6774645448 -0.6952520013 -0.2401382923
334.8 175.5 1901.1 -0.3523519337 0.9357554317 0.0144877126 -0.3777116537 -0.1563542038 0.9126265645 0.8562604785 0.3160935640 0.4085374177
236.7 70.4 2139.3 -0.2894021273 0.9357554317 -0.2015147358 -0.8526713848 -0.1563542038 0.4985025823 0.4349688292 0.3160935640 0.8431411386
-40.9 -94.7 1957.2 0.8123781085 0.0068602818 0.5830907226 0.0269168559 0.9984238148 -0.0492481403 -0.5825095177 0.0557030812 0.8109129667
-43.6 -491.5 1935.0 0.8092060089 0.0719575286 0.5831018686 -0.0688628703 0.9972470403 -0.0274998024 -0.5834754109 -0.0179010630 0.8119334579
115.4 -138.9 2041.6 -0.4225525856 0.2119715959 0.8812022209 0.0461559370 0.9760373831 -0.2126514167 -0.9051623940 -0.0491836928 -0.4222109020
31.2 -526.4 2061.1 -0.4054954648 -0.1327330917 0.9044088125 -0.1301457286 0.9877051115 0.0866064578 -0.9047847986 -0.0825864226 -0.4177846014
195.3 92.3 1604.1 0 0 0 0 0 0 0 0 0
161.7 -150.6 2252.0 0 0 0 0 0 0 0 0 0
-71.1 -872.5 1941.9 0 0 0 0 0 0 0 0 0
81.9 -903.4 2092.6 0 0 0 0 0 0 0 0 0
282.3 389.2 1767.5 9 0.8665151596 0.4048669934 -0.2919490039 -0.2205960155 0.8352881074 0.5036181211 0.4477598667 -0.3719899356 0.8131018281
200.8 221.1 1842.4 0.8665151596 0.4048669934 -0.2919490039 -0.2205960155 0.8352881074 0.5036181211 0.4477598667 -0.3719899356 0.8131018281
123.3 54.1 1916.1 0.8719493747 0.3907692134 -0.2949639857 -0.2091400027 0.8420159221 0.4972621202 0.4426791072 -0.3718986213 0.8159207106
73.6 251.5 1777.7 0.4696496427 -0.6723823547 -0.5721285939 0.8750881553 0.2687807381 0.4024644196 -0.1168328300 -0.6896802783 0.7146266699
-19.4 78.1 1800.8 -0.7328083515 -0.6723823547 -0.1043736711 -0.1103321090 0.2687807381 -0.9568613768 0.6714303493 -0.6896802783 -0.2711501420
328.0 190.6 1907.1 -0.3420051038 0.9391598105 -0.0318026692 -0.4117008448 -0.1193310842 0.9034724832 0.8447099924 0.3220853806 0.4274647236
232.8 76.0 2142.3 -0.2532007396 0.9391598105 -0.2320954055 -0.8741477132 -0.1193310842 0.4707715213 0.4144334793 0.3220853806 0.8511791229
-39.7 -91.0 1952.6 0.8166614771 0.0044853715 0.5770995617 0.0222957097 0.9989780784 -0.0393152870 -0.5766861439 0.0449741222 0.8157269359
-41.5 -488.0 1934.7 0.8126803637 0.0806484371 0.5771017671 -0.0713549554 0.9966959357 -0.0388028584 -0.5783244371 -0.0096447552 0.8157498837
118.9 -134.7 2033.1 -0.4192443490 0.2116460502 0.8828590512 0.0279564206 0.9749957323 -0.2204580903 -0.9074429274 -0.0677442253 -0.4146783054
34.9 -522.0 2060.0 -0.4091343880 -0.0959285349 0.9074176550 -0.1332840174 0.9900751114 0.0445719585 -0.9026873112 -0.1027083471 -0.4178594947
193.2 110.1 1606.0 0 0 0 0 0 0 0 0 0
167.2 -150.6 2249.7 0 0 0 0 0 0 0 0 0
-72.3 -868.8 1938.4 0 0 0 0 0 0 0 0 0
71.5 -899.8 2099.2 0 0 0 0 0 0 0 0 0
268.0 402.6 1779.6 0 0.8554753065 0.3599855304 -0.3722531199 -0.1507082582 0.8608102798 0.4860994816 0.4954280853 -0.3597444892 0.7906547189
195.5 229.1 1852.1 0.8554753065 0.3599855304 -0.3722531199 -0.1507082582 0.8608102798 0.4860994816 0.4954280853 -0.3597444892 0.7906547189
126.9 57.0 1922.5 0.8586987257 0.3469571173 -0.3771701157 -0.1428217888 0.8688268661 0.4740693569 0.4921772778 -0.3532146513 0.7956135869
70.7 250.0 1780.3 0.4754252434 -0.6710103750 -0.5689603686 0.8729538918 0.2795471251 0.3997560143 -0.1091892198 -0.6867302656 0.7186648846
-22.4 79.2 1801.7 -0.7373746634 -0.6710103750 -0.0776120499 -0.1546489149 0.2795471251 -0.9475954175 0.6575425863 -0.6867302656 -0.3099019825
320.3 208.3 1924.0 -0.3565374017 0.9259302616 -0.1246363446 -0.4366904497 -0.0472246669 0.8983714581 0.8259434104 0.3747305274 0.4211822748
220.9 86.6 2154.0 -0.2093757689 0.9259302616 -0.3143484294 -0.8899297118 -0.0472246669 0.4536462128 0.4051997662 0.3747305274 0.8339005709
-34.0 -93.7 1949.2 0.8460299373 0.0127520235 0.5329828858 0.0174853858 0.9985123873 -0.0516455844 -0.5328485966 0.0530131198 0.8445484042
-39.1 -490.5 1928.2 0.8410102725 0.0933330283 0.5329077244 -0.1112205908 0.9937946796 0.0014707909 -0.5294635892 -0.0605072640 0.8461720943
125.7 -131.9 2030.5 -0.3636829555 0.2213366181 0.9048451781 0.0197366886 0.9729741216 -0.2300690860 -0.9313136935 -0.0658135563 -0.3582225442
37.8 -518.4 2056.6 -0.3567272425 -0.0724083930 0.9313982725 -0.1381721497 0.9901161194 0.0240530185 -0.9239340425 -0.1201129332 -0.3632062376
192.1 124.2 1610.4 0 0 0 0 0 0 0 0 0
166.7 -144.1 2259.1 0 0 0 0 0 0 0 0 0
-74.7 -869.7 1951.2 0 0 0 0 0 0 0 0 0
65.4 -896.4 2102.5 0 0 0 0 0 0 0 0 0
254.9 418.4 1794.2 1 0.8659158349 0.3134644628 -0.3897817731 -0.1274234802 0.8918005228 0.4341140985 0.4836869538 -0.3262389302 0.8121669292
191.7 238.6 1860.0 0.8659158349 0.3134644628 -0.3897817731 -0.1274234802 0.8918005228 0.4341140985 0.4836869538 -0.3262389302 0.8121669292
131.9 61.2 1924.9 0.8691689968 0.3021312952 -0.3914867640 -0.1179782823 0.8954883814 0.4291639030 0.4802356958 -0.3268290460 0.8139756918
65.1 255.7 1789.8 0.4590722620 -0.6745182872 -0.5781675577 0.8856021762 0.2958551645 0.3580202162 -0.0704373047 -0.6763836145 0.7331737876
-26.0 80.1 1803.8 -0.7363594770 -0.6745182872 -0.0529131629 -0.2039504349 0.2958551645 -0.9332062602 0.6451193094 -0.6763836145 -0.3554240465
318.2 221.4 1930.2 -0.3278857172 0.9306946397 -0.1621678025 -0.4795030057 -0.0160495378 0.8773934841 0.8139826655 0.3654447496 0.4515332878
227.0 87.9 2156.8 -0.1634159386 0.9306946397 -0.3272654712 -0.9120450616 -0.0160495378 0.4097758532 0.3761237562 0.3654447496 0.8514581919
-20.0 -102.0 1947.8 0.8383929133 0.0495377444 0.5428105593 -0.0160090365 0.9976698160 -0.0663223118 -0.5448311567 0.0469142832 0.8372323513
