-5.0 425.5 2185.5 5 0.6161261797 0.1969435662 -0.7626281977 -0.2532283962 0.9663605690 0.0449732319 0.7458310127 0.1654099226 0.6452717781
-51.4 197.9 2146.5 0.6161261797 0.1969435662 -0.7626281977 -0.2532283962 0.9663605690 0.0449732319 0.7458310127 0.1654099226 0.6452717781
-70.9 4.3 2159.2 0.6519908309 0.0983686969 -0.7518188357 -0.0152646918 0.9930506349 0.1166938841 0.7580732107 -0.0646070540 0.6489614248
-144.0 200.0 2039.2 0.2494632304 -0.2472180128 -0.9362965822 0.9682233930 0.0812968910 0.2365042120 0.0176499020 -0.9655433893 0.2596428692
-205.1 -37.2 2034.9 -0.0720666051 -0.2582430840 -0.9633882642 0.9706249237 0.2041428685 -0.1273299009 0.2295508981 -0.9442648888 0.2359452844
41.1 195.7 2253.8 0.9152852893 0.2651100159 -0.3032647073 -0.3996145725 0.5030414462 -0.7663272619 -0.0506063253 0.8225970864 0.5663682818
199.3 126.7 2245.0 -0.2058365494 0.2651100159 0.9419915080 0.8629834652 0.5030414462 0.0469985232 -0.4614009857 0.8225970864 -0.3323298693
-148.7 -169.2 2096.6 0.5841036439 0.0186384376 -0.8114650249 -0.0840985328 0.9957453609 -0.0376641266 0.8073105812 0.0902427733 0.5831859708
-156.1 -562.1 2061.0 0.5832408667 0.1635759175 -0.7956588268 -0.0893529132 0.9864897728 0.1373097301 0.8073698878 -0.0089902142 0.5899771452
-24.4 -181.5 2227.2 0.5597944260 -0.0408480316 -0.8276240826 -0.0067396639 0.9985267520 -0.0538416915 0.8286041021 0.0357181877 0.5586944222
-8.3 -574.3 2213.2 0.5679879189 0.0726187378 -0.8198269606 0.0771510899 0.9870160818 0.1408794224 0.8194128275 -0.1432683617 0.5550106168
-184.8 -310.6 1970.2 0 0 0 0 0 0 0 0 0
140.7 372.3 2113.7 0 0 0 0 0 0 0 0 0
-217.6 -933.3 2064.4 0 0 0 0 0 0 0 0 0
-35.6 -945.5 2267.0 0 0 0 0 0 0 0 0 0
-5.9 425.0 2179.4 6 0.6625354290 0.1801914126 -0.7270336151 -0.2060708851 0.9770259261 0.0543611906 0.7201260924 0.1138042435 0.6844465137
-45.0 213.3 2154.7 0.6625354290 0.1801914126 -0.7270336151 -0.2060708851 0.9770259261 0.0543611906 0.7201260924 0.1138042435 0.6844465137
-69.3 19.8 2156.6 0.6822456121 0.1226937622 -0.7207545638 -0.0779105350 0.9924056530 0.0951889455 0.7269600034 -0.0087878685 0.6866235733
-141.8 224.3 2051.8 0.2321252525 -0.2886822820 -0.9288597107 0.9705675840 0.1317311227 0.2016071826 0.0641593114 -0.9483192563 0.3107637763
-208.4 -54.3 2033.4 -0.0839963555 -0.2958968282 -0.9515196681 0.9671779871 0.2056010365 -0.1493149698 0.2398152649 -0.9328308105 0.2689151764
51.9 202.3 2257.6 0.8619818091 0.3147360384 -0.3974023461 -0.5062748790 0.4943433404 -0.7066190243 -0.0259452593 0.8102875352 0.5854579210
192.8 119.6 2253.3 -0.1883527935 0.3147360384 0.9303033948 0.8692227602 0.4943433404 0.0087421732 -0.4571378231 0.8102875352 -0.3666866720
-150.5 -180.2 2098.7 0.6167285442 0.0195129048 -0.7869340181 -0.0870241225 0.9952549934 -0.0435232706 0.7823507786 0.0953242853 0.6155002713
-158.3 -576.7 2060.8 0.6192667484 0.1611607373 -0.7684633732 -0.0719433948 0.9862382412 0.1488564610 0.7818777561 -0.0368959941 0.6223390102
-32.1 -189.3 2237.8 0.5914450884 -0.0544902720 -0.8045020700 -0.0151706832 0.9967855215 -0.0786669701 0.8062025905 0.0587320365 0.5887172222
-10.7 -580.4 2214.8 0.5988022685 0.0566761084 -0.7988890409 0.0726141632 0.9895426631 0.1246292666 0.7975983024 -0.1326389462 0.5884249210
-184.8 -326.8 1965.9 0 0 0 0 0 0 0 0 0
139.4 365.7 2123.9 0 0 0 0 0 0 0 0 0
-218.9 -947.8 2074.7 0 0 0 0 0 0 0 0 0
-32.0 -952.8 2264.7 0 0 0 0 0 0 0 0 0
-4.8 423.1 2176.3 7 0.6888118982 0.1754586697 -0.7033863664 -0.1829381734 0.9809370041 0.0655456185 0.7014782429 0.0835276172 0.7077791691
-41.3 219.0 2158.9 0.6888118982 0.1754586697 -0.7033863664 -0.1829381734 0.9809370041 0.0655456185 0.7014782429 0.0835276172 0.7077791691
-69.7 25.8 2155.4 0.6998021603 0.1434576511 -0.6997833848 -0.1150353178 0.9894730449 0.0878064781 0.7050133348 0.0190526396 0.7089381218
-140.8 235.3 2058.9 0.2542043626 -0.3126932681 -0.9152065516 0.9636249542 0.1626140028 0.2120934874 0.0825052038 -0.9358309507 0.3426561952
-210.2 -27.7 2036.4 -0.0741745532 -0.3150602877 -0.9461686611 0.9713844657 0.1918418854 -0.1400318742 0.2256332636 -0.9294803143 0.2918148935
58.1 202.7 2258.9 0.8402491212 0.3086331487 -0.4457880259 -0.5419347286 0.5037951469 -0.6726791263 0.0169747565 0.8068060875 0.5905724168
196.7 113.3 2261.7 -0.1918943077 0.3086331487 0.9316233993 0.8637529612 0.5037951469 0.0110145342 -0.4659478664 0.8068060875 -0.3632582128
-155.8 -162.9 2090.6 0.6370187998 0.0011775186 -0.7708473802 -0.0621391535 0.9968228936 -0.0498283245 0.7683396339 0.0796413794 0.6350681186
-156.3 -556.6 2059.2 0.6354852915 0.1563503593 -0.7561170459 -0.0720244870 0.9870168567 0.1435623467 0.7687463164 -0.0367728248 0.6384958029
-32.5 -180.0 2222.6 0.6097117066 -0.0542375967 -0.7907654047 0.0122329751 0.9981811643 -0.0590318665 0.7925288677 0.0263190065 0.6092661619
-11.2 -571.2 2212.3 0.6152057648 0.0478913635 -0.7869105935 0.0883375406 0.9876796007 0.1291723400 0.7834017873 -0.1489813179 0.6033955812
-189.3 -301.3 1972.9 0 0 0 0 0 0 0 0 0
142.5 357.3 2130.2 0 0 0 0 0 0 0 0 0
-215.1 -928.2 2073.0 0 0 0 0 0 0 0 0 0
-29.2 -943.0 2268.4 0 0 0 0 0 0 0 0 0
-4.3 424.1 2174.8 8 0.7009114623 0.1738976538 -0.6917244792 -0.1679504067 0.9827921987 0.0768902898 0.6931924820 0.0622821189 0.7180565000
-39.8 223.2 2162.1 0.7009114623 0.1738976538 -0.6917244792 -0.1679504067 0.9827921987 0.0768902898 0.6931924820 0.0622821189 0.7180565000
-70.3 30.1 2156.8 0.7071778178 0.1550521404 -0.6898248792 -0.1304166913 0.9875222445 0.0882682800 0.6949036121 0.0275433175 0.7185751796
-140.4 241.8 2063.3 0.2717804015 -0.3208593428 -0.9072952867 0.9578124285 0.1817239821 0.2226472497 0.0934388563 -0.9295298457 0.3567120731
-212.4 -11.8 2038.6 -0.0670161694 -0.3214376271 -0.9445563555 0.9726526141 0.1899571121 -0.1336530298 0.2223863155 -0.9276821613 0.2999169528
60.8 204.7 2260.9 0.8274865746 0.3126152754 -0.4664092958 -0.5609358549 0.4970091283 -0.6620671153 0.0248373952 0.8094773889 0.5866255164
193.6 114.7 2264.8 -0.1709987521 0.3126152754 0.9343613386 0.8677130342 0.4970091283 -0.0074861897 -0.4667264223 0.8094773889 -0.3562482893
-161.4 -155.2 2087.1 0.6456910968 -0.0200592075 -0.7633352280 -0.0430667698 0.9971070886 -0.0626317337 0.7623832822 0.0733151361 0.6429592371
-153.5 -547.3 2058.2 0.6400313973 0.1672339737 -0.7499284148 -0.0789553970 0.9851741195 0.1523087323 0.7642812729 -0.0382714793 0.6437464356
-35.0 -177.5 2214.7 0.6179058552 -0.0590876080 -0.7840287089 0.0313591063 0.9982308149 -0.0505161285 0.7856264710 0.0066277692 0.6186655760
-11.9 -568.5 2212.1 0.6224160194 0.0422471017 -0.7815455794 0.1009193286 0.9858748913 0.1336635649 0.7761530876 -0.1620673984 0.6093608141
-193.5 -285.8 1975.9 0 0 0 0 0 0 0 0 0
145.4 359.4 2133.2 0 0 0 0 0 0 0 0 0
-216.5 -918.3 2072.6 0 0 0 0 0 0 0 0 0
-27.8 -939.7 2273.1 0 0 0 0 0 0 0 0 0
-4.1 423.1 2175.0 9 0.7132322192 0.1744052470 -0.6788833737 -0.1627540290 0.9832851887 0.0816173628 0.6817704439 0.0522788726 0.7296957970
-39.4 224.2 2164.5 0.7132322192 0.1744052470 -0.6788833737 -0.1627540290 0.9832851887 0.0816173628 0.6817704439 0.0522788726 0.7296957970
-70.8 31.2 2158.0 0.7171802521 0.1600151807 -0.6782681346 -0.1394990683 0.9865464568 0.0852412805 0.6827829480 0.0334844105 0.7298535705
-141.5 244.1 2067.3 0.2792910337 -0.3316847086 -0.9011003375 0.9542793036 0.1999906451 0.2221592963 0.1065247953 -0.9219484925 0.3723754287
-214.5 -5.4 2039.4 -0.0673109889 -0.3305294514 -0.9413923025 0.9740622044 0.1825315207 -0.1337350309 0.2160371393 -0.9259765148 0.3096698821
62.8 204.4 2261.6 0.8213108778 0.3068026304 -0.4809580147 -0.5689905286 0.5014453530 -0.6517686248 0.0412098169 0.8089652061 0.5864102840
197.7 110.9 2268.4 -0.1856974363 0.3068026304 0.9334819913 0.8651585579 0.5014453530 0.0072984509 -0.4658510089 0.8089652061 -0.3585500419
-164.8 -150.3 2088.2 0.6568511724 -0.0315366462 -0.7533604503 -0.0397566482 0.9962866902 -0.0763694793 0.7529714108 0.0801144689 0.6531583071
-152.4 -541.3 2056.7 0.6529706120 0.1632335782 -0.7395837903 -0.0644257888 0.9849304557 0.1605032235 0.7546381354 -0.0571556129 0.6536471248
-37.0 -174.6 2213.8 0.6290144920 -0.0634793118 -0.7747974992 0.0396599509 0.9979830384 -0.0495672636 0.7763812542 0.0004500969 0.6302633882
-12.2 -565.5 2213.7 0.6318320632 0.0336352512 -0.7743752003 0.0943219140 0.9882968068 0.1198866069 0.7693449259 -0.1487887502 0.6212650537
-195.5 -279.8 1978.6 0 0 0 0 0 0 0 0 0
145.4 354.7 2137.1 0 0 0 0 0 0 0 0 0
-213.9 -912.1 2078.2 0 0 0 0 0 0 0 0 0
-24.8 -937.6 2269.7 0 0 0 0 0 0 0 0 0
-4.8 422.7 2174.2 0 0.7190717459 0.1700522155 -0.6738086343 -0.1564754993 0.9843193293 0.0814304948 0.6770902276 0.0468801670 0.7344052196
-39.0 224.7 2164.7 0.7190717459 0.1700522155 -0.6738086343 -0.1564754993 0.9843193293 0.0814304948 0.6770902276 0.0468801670 0.7344052196
-70.4 31.6 2158.1 0.7217518091 0.1598840654 -0.6734325290 -0.1404661983 0.9865431786 0.0836769640 0.6777488589 0.0342005044 0.7344976664
-141.8 244.8 2068.2 0.2784565389 -0.3370917737 -0.8993503451 0.9541433454 0.2042111158 0.2188796997 0.1098747998 -0.9190576673 0.3784978092
-214.4 -4.1 2039.6 -0.0630186498 -0.3358561993 -0.9398027658 0.9741394520 0.1840329319 -0.1310887337 0.2169816196 -0.9237599969 0.3155732751
63.8 204.7 2261.3 0.8195219636 0.3127518892 -0.4801770747 -0.5724869967 0.4838940203 -0.6618951559 0.0253458507 0.8173327446 0.5756081939
194.0 113.8 2265.3 -0.1660918444 0.3127518892 0.9352003932 0.8751031756 0.4838940203 -0.0064064106 -0.4545415044 0.8173327446 -0.3540610075
-167.0 -148.8 2089.5 0.6617929339 -0.0397874489 -0.7486301661 -0.0391281284 0.9953964949 -0.0874918029 0.7486649156 0.0871939510 0.6571895480
-151.4 -539.1 2055.3 0.6576138735 0.1711847186 -0.7336482406 -0.0643932000 0.9830496907 0.1716588587 0.7505980730 -0.0656432956 0.6574903131
-37.4 -174.4 2212.9 0.6338559389 -0.0646810830 -0.7707418799 0.0430052802 0.9979028702 -0.0483771451 0.7722546458 -0.0024818305 0.6353082657
-12.1 -565.3 2213.9 0.6365872025 0.0424363688 -0.7700362802 0.0899760500 0.9875792861 0.1288080662 0.7659379840 -0.1512823850 0.6248620749
-196.7 -278.5 1978.4 0 0 0 0 0 0 0 0 0
147.2 360.3 2137.2 0 0 0 0 0 0 0 0 0
-215.9 -909.3 2080.0 0 0 0 0 0 0 0 0 0
-28.1 -937.2 2270.9 0 0 0 0 0 0 0 0 0
-6.3 424.9 2173.7 1 0.7320289016 0.1622851193 -0.6616624594 -0.1520279199 0.9856358171 0.0735498816 0.6640942693 0.0467505269 0.7461857796
-38.9 226.9 2164.3 0.7320289016 0.1622851193 -0.6616624594 -0.1520279199 0.9856358171 0.0735498816 0.6640942693 0.0467505269 0.7461857796
-69.0 33.5 2157.1 0.7341043949 0.1534343064 -0.6614745855 -0.1390571892 0.9874610901 0.0747238249 0.6646456718 0.0371277146 0.7462356687
-143.5 246.7 2069.6 0.2680205107 -0.3549683988 -0.8956351876 0.9571833611 0.2036644071 0.2057202905 0.1093848050 -0.9124243855 0.3943560719
-214.3 -6.0 2040.8 -0.0605622344 -0.3536955714 -0.9333978891 0.9744222760 0.1817911118 -0.1321107447 0.2164104283 -0.9175246358 0.3336391747
65.7 207.1 2259.0 0.8472108245 0.3047960103 -0.4351243675 -0.5309612751 0.5131140947 -0.6743841767 0.0177188348 0.8023797870 0.5965507030
198.7 123.7 2261.8 -0.1917711645 0.3047960103 0.9329111576 0.8582754135 0.5131140947 0.0087868357 -0.4760116935 0.8023797870 -0.3599994183
-167.0 -148.6 2090.0 0.6748226881 -0.0355233923 -0.7371244431 -0.0431127883 0.9952371716 -0.0874312222 0.7367194891 0.0907800645 0.6700771451
-153.0 -538.6 2054.4 0.6726272106 0.1660089195 -0.7211197019 -0.0564889796 0.9831861854 0.1736488938 0.7378221750 -0.0760656595 0.6706954837
-36.5 -174.2 2212.5 0.6460037827 -0.0649785995 -0.7605635524 0.0507988073 0.9978210926 -0.0421014056 0.7616420388 -0.0114380531 0.6478970647
-11.1 -565.1 2217.0 0.6458853483 0.0532083921 -0.7615779638 0.0485584885 0.9926850796 0.1105368063 0.7618885636 -0.1083751768 0.6385770440
-197.2 -280.6 1979.8 0 0 0 0 0 0 0 0 0
144.6 365.8 2127.5 0 0 0 0 0 0 0 0 0
-215.6 -908.9 2083.1 0 0 0 0 0 0 0 0 0
-31.1 -938.6 2257.8 0 0 0 0 0 0 0 0 0
-6.2 424.0 2173.5 2 0.6924913526 0.1858879030 -0.6970663071 -0.2037662715 0.9772889018 0.0581864417 0.6920513511 0.1017449945 0.7146418095
-47.5 206.7 2150.9 0.6924913526 0.1858879030 -0.6970663071 -0.2037662715 0.9772889018 0.0581864417 0.6920513511 0.1017449945 0.7146418095
-74.2 13.1 2156.0 0.7128071189 0.1352463663 -0.6881964803 -0.0792801455 0.9904797673 0.1125366539 0.6968649030 -0.0256566089 0.7167433500
-148.9 217.8 2051.9 0.2808656991 -0.3247533143 -0.9031332731 0.9586293697 0.1403285712 0.2476643622 0.0463055857 -0.9353305101 0.3507315516
-214.5 -6.0 2041.1 -0.0618681945 -0.3284171522 -0.9425044060 0.9728384018 0.1912043691 -0.1304848641 0.2230644226 -0.9249773026 0.3076673448
53.9 195.5 2249.8 0.9246824384 0.1735056639 -0.3389073014 -0.3784260452 0.5167963505 -0.7679291964 0.0419059992 0.8383420110 0.5435315967
201.1 135.2 2256.5 -0.2134482116 0.1735056639 0.9614237547 0.8507524133 0.5167963505 0.0956128761 -0.4802709222 0.8383420110 -0.2579196393
-165.5 -150.2 2090.6 0.6521993279 -0.0288232565 -0.7574993372 -0.0451844670 0.9960219264 -0.0768025368 0.7566996813 0.0843177661 0.6483024359
-154.3 -537.5 2057.8 0.6493738294 0.1635195017 -0.7426809669 -0.0628388599 0.9848067760 0.1618853956 0.7578686476 -0.0584549196 0.6497831345
-32.7 -172.4 2209.8 0.6231463552 -0.0524969101 -0.7803413868 0.0410674140 0.9985646009 -0.0343830884 0.7810263038 -0.0106209069 0.6244078279
-12.2 -563.5 2214.0 0.6252046227 0.0412133522 -0.7793719769 0.0793655291 0.9900707603 0.1160214022 0.7764150500 -0.1343923807 0.6157258749
-197.1 -280.1 1978.3 0 0 0 0 0 0 0 0 0
140.4 377.2 2119.9 0 0 0 0 0 0 0 0 0
-215.9 -908.4 2079.9 0 0 0 0 0 0 0 0 0
-27.7 -936.1 2264.5 0 0 0 0 0 0 0 0 0
-6.3 421.8 2174.4 3 0.6974912286 0.1709611267 -0.6959010363 -0.2224727720 0.9747993350 0.0164965782 0.6811841130 0.1433128119 0.7179481983
-47.1 189.4 2140.2 0.6974912286 0.1709611267 -0.6959010363 -0.2224727720 0.9747993350 0.0164965782 0.6811841130 0.1433128119 0.7179481983
-68.6 -3.4 2160.0 0.7277878523 0.1100867614 -0.6769089699 -0.0108046997 0.9887502193 0.1491851658 0.6857172251 -0.1012613550 0.7207898498
-150.6 190.9 2043.1 0.2725578845 -0.3309866190 -0.9034157395 0.9618260264 0.1176937073 0.2470603734 0.0245526712 -0.9362670779 0.3504299223
-215.1 -36.6 2037.2 -0.0770887583 -0.3383855224 -0.9378446341 0.9686970711 0.1972089261 -0.1507800967 0.2359731346 -0.9201108217 0.3125904799
56.4 187.9 2237.4 0.9538553357 0.0569252335 -0.2948212326 -0.2814878523 0.5113058090 -0.8119919896 0.1045209765 0.8575114608 0.5037355423
202.8 144.7 2253.4 -0.2275530398 0.0569252335 0.9721003771 0.8429419398 0.5113058090 0.1673775762 -0.4875125587 0.8575114608 -0.1643338650
-165.3 -174.7 2098.7 0.6706914902 -0.0172905605 -0.7415348887 -0.0653896928 0.9944575429 -0.0823306441 0.7388485074 0.1037072018 0.6658436060
-158.6 -562.8 2058.3 0.6703037024 0.1618153453 -0.7242297530 -0.0677626431 0.9852059484 0.1574084610 0.7389865518 -0.0564357638 0.6713522673
-36.6 -187.5 2223.8 0.6430246830 -0.0599033050 -0.7634990811 0.0230202656 0.9979975820 -0.0589139648 0.7654993534 0.0203071833 0.6431161165
-13.1 -578.2 2215.8 0.6452880502 0.0358992331 -0.7630953789 0.0676526353 0.9922852516 0.1038896590 0.7609378695 -0.1186641678 0.6378811598
-193.4 -309.5 1970.8 0 0 0 0 0 0 0 0 0
138.2 383.7 2115.2 0 0 0 0 0 0 0 0 0
-219.5 -933.8 2079.5 0 0 0 0 0 0 0 0 0
-26.7 -951.7 2260.5 0 0 0 0 0 0 0 0 0
-7.3 422.4 2173.8 4 0.7289375663 0.1626555920 -0.6649760604 -0.1858829409 0.9818969369 0.0364132933 0.6588608027 0.0970646963 0.7459764481
-42.9 207.1 2152.5 0.7289375663 0.1626555920 -0.6649760604 -0.1858829409 0.9818969369 0.0364132933 0.6588608027 0.0970646963 0.7459764481
-68.2 13.9 2158.7 0.7452237606 0.1281847358 -0.6543777585 -0.0753924698 0.9912536144 0.1083156019 0.6625387073 -0.0313842036 0.7483698726
-148.9 217.7 2058.8 0.2184738517 -0.3625988960 -0.9059752822 0.9725720882 0.1568558961 0.1717550159 0.0798293799 -0.9186502695 0.3869224787
-212.6 -65.9 2035.5 -0.0997187421 -0.3678007424 -0.9245424867 0.9615944624 0.2031754255 -0.1845421642 0.2557190657 -0.9074372649 0.3334147632
63.0 196.5 2246.3 0.8976432085 0.1502659470 -0.4143148363 -0.4303162396 0.5019104481 -0.7502758503 0.0952080414 0.8517664075 0.5151984096
199.2 131.2 2260.8 -0.2062517554 0.1502659470 0.9668921232 0.8585066795 0.5019104481 0.1051290631 -0.4694959521 0.8517664075 -0.2325242311
-159.7 -182.4 2109.3 0.6887161732 0.0095175579 -0.7249686122 -0.0947364569 0.9925224185 -0.0769690499 0.7188150287 0.1216907874 0.6844679117
-163.5 -581.9 2060.3 0.6899619102 0.1378810555 -0.7105922699 -0.0859857351 0.9903514981 0.1086753085 0.7187204361 -0.0138810212 0.6951606274
-26.1 -193.9 2236.1 0.6621965766 -0.0331899375 -0.7485947609 -0.0145047139 0.9982636571 -0.0570900068 0.7491897345 0.0486629605 0.6605653763
-13.0 -587.4 2216.9 0.6663624644 0.0388249196 -0.7446164489 0.0529895276 0.9936525822 0.0992305726 0.7437426448 -0.1055804044 0.6600754857
-184.5 -336.6 1963.5 0 0 0 0 0 0 0 0 0
140.9 373.8 2128.1 0 0 0 0 0 0 0 0 0
-215.4 -954.4 2065.5 0 0 0 0 0 0 0 0 0
-27.6 -961.5 2256.7 0 0 0 0 0 0 0 0 0
-6.7 423.7 2173.6 5 0.6569972038 0.1979902685 -0.7274301052 -0.2216930687 0.9729747176 0.0645942464 0.7205600739 0.1188279688 0.6831347346
-52.9 196.6 2145.8 0.6569972038 0.1979902685 -0.7274301052 -0.2216930687 0.9729747176 0.0645942464 0.7205600739 0.1188279688 0.6831347346
-71.9 3.1 2161.1 0.6885683537 0.0948077664 -0.7189472318 -0.0097603211 0.9925387502 0.1215384454 0.7251057625 -0.0766703710 0.6843560934
-150.4 197.9 2043.4 0.2596789598 -0.2871381938 -0.9220187068 0.9654164314 0.1001220047 0.2407212406 0.0231940988 -0.9526422620 0.3032074869
-212.9 -34.3 2037.8 -0.0821088031 -0.2971247733 -0.9513017535 0.9687134027 0.2005192637 -0.1462408006 0.2342060953 -0.9335464239 0.2713643312
44.6 195.4 2248.2 0.9257801175 0.1412143409 -0.3506988585 -0.3736691773 0.4827838838 -0.7920171022 0.0574675836 0.8642790318 0.4997191727
193.8 135.2 2257.5 -0.1860869378 0.1412143409 0.9723323584 0.8704103827 0.4827838838 0.0964649618 -0.4558041394 0.8642790318 -0.2127542049
-160.2 -172.9 2103.9 0.6291708350 0.0034217450 -0.7772595286 -0.0857536197 0.9941912889 -0.0650385171 0.7725220919 0.1075731516 0.6258095503
-161.5 -561.1 2061.9 0.6298323274 0.1317944378 -0.7654681802 -0.0808376744 0.9912700653 0.1041580886 0.7725131512 -0.0037234633 0.6349878907
-27.3 -185.4 2224.3 0.5992604494 -0.0376777537 -0.7996670008 -0.0000102408 0.9988914728 -0.0470722504 0.8005540967 0.0282167271 0.5985957980
-12.5 -576.8 2213.2 0.6054262519 0.0385280289 -0.7949683666 0.0919101909 0.9887609482 0.1179164574 0.7905767560 -0.1444554180 0.5950806737
-189.7 -307.1 1971.9 0 0 0 0 0 0 0 0 0
141.3 380.7 2128.9 0 0 0 0 0 0 0 0 0
-211.1 -934.2 2063.3 0 0 0 0 0 0 0 0 0
-27.0 -948.8 2267.6 0 0 0 0 0 0 0 0 0
-7.7 423.3 2173.9 6 0.6645328403 0.1857362688 -0.7238080502 -0.2376405150 0.9708598852 0.0309528988 0.7084652781 0.1514369100 0.6893067360
-53.5 183.9 2136.6 0.6645328403 0.1857362688 -0.7238080502 -0.2376405150 0.9708598852 0.0309528988 0.7084652781 0.1514369100 0.6893067360
-67.7 -8.1 2166.5 0.7034882903 0.0716120750 -0.7070897818 0.0585276224 0.9856938124 0.1580578238 0.7082928419 -0.1525761187 0.6892327666
-153.3 175.6 2036.5 0.2381081432 -0.2963877916 -0.9249101281 0.9712382555 0.0735124648 0.2264777124 0.0008671949 -0.9522343278 0.3053670824
-210.6 -57.8 2036.3 -0.0755351782 -0.3101453483 -0.9476836324 0.9662573934 0.2119437456 -0.1463777423 0.2462539971 -0.9267630577 0.2836710215
46.3 192.2 2236.7 0.9436572790 0.0462507270 -0.3276764154 -0.3080483675 0.4845293760 -0.8187413812 0.1209014654 0.8735514283 0.4714771509
197.8 142.7 2256.1 -0.2067939639 0.0462507270 0.9772906899 0.8601880074 0.4845293760 0.1590845436 -0.4661682844 0.8735514283 -0.1399820745
-152.6 -189.8 2110.7 0.6463877559 0.0234700926 -0.7626480460 -0.1110134348 0.9917837977 -0.0635685921 0.7548900247 0.1257541329 0.6436823606
-161.7 -577.6 2061.5 0.6487068534 0.1476961523 -0.7465690374 -0.0959963948 0.9890320897 0.1122504771 0.7549597025 -0.0011497207 0.6557701826
-29.7 -191.0 2241.3 0.6203971505 -0.0420100689 -0.7831618786 -0.0233750585 0.9971303344 -0.0720046982 0.7839394212 0.0629779696 0.6176348329
-13.2 -581.4 2216.6 0.6260391474 0.0346375406 -0.7790219784 0.0660931692 0.9930612445 0.0972682536 0.7769856453 -0.1123817712 0.6194058657
-189.3 -329.9 1966.9 0 0 0 0 0 0 0 0 0
139.4 386.0 2124.3 0 0 0 0 0 0 0 0 0
-217.3 -949.9 2062.0 0 0 0 0 0 0 0 0 0
-26.2 -955.0 2258.9 0 0 0 0 0 0 0 0 0
-7.3 422.8 2173.6 7 0.6733041406 0.1897207797 -0.7146100998 -0.2551712990 0.9667594433 0.0162416920 0.6939374208 0.1714123785 0.6993344426
-56.8 170.2 2128.8 0.6733041406 0.1897207797 -0.7146100998 -0.2551712990 0.9667594433 0.0162416920 0.6939374208 0.1714123785 0.6993344426
-70.0 -21.2 2164.8 0.7176036239 0.0672538429 -0.6931969523 0.0805372000 0.9806357622 0.1785139292 0.6917794943 -0.1839303672 0.6982913017
-158.8 158.8 2030.7 0.1843014359 -0.3161282539 -0.9306427240 0.9827110767 0.0422545746 0.1802595109 -0.0176612101 -0.9477750063 0.3184503317
-204.2 -83.0 2035.1 -0.1092034504 -0.3404559195 -0.9338974357 0.9584392905 0.2130536288 -0.1897427291 0.2635692656 -0.9158045053 0.3030401170
45.2 181.7 2226.9 0.9613307118 -0.0650672242 -0.2675996125 -0.2061211467 0.4744161069 -0.8558290601 0.1826399863 0.8778927326 0.4426590502
201.2 148.2 2256.6 -0.2234667540 -0.0650672242 0.9725373387 0.8504859805 0.4744161069 0.2271627784 -0.4761682451 0.8778927326 -0.0506774671
-145.0 -205.5 2132.5 0.6584730148 0.0513417609 -0.7508510351 -0.1707096100 0.9818556309 -0.0825695992 0.7329880595 0.1825473458 0.6552900076
-165.0 -589.0 2061.2 0.6722764969 0.1319120824 -0.7284528613 -0.0859446377 0.9912500381 0.1001839638 0.7352944016 -0.0047447062 0.6777312756
-18.7 -194.8 2259.8 0.6383774281 -0.0138664087 -0.7695985436 -0.0779793710 0.9935285449 -0.0825845376 0.7657632828 0.1127329171 0.6331649423
-13.3 -583.2 2215.7 0.6528326273 0.0339533947 -0.7567408681 0.0857560709 0.9892598987 0.1183669344 0.7526323199 -0.1421689093 0.6429094672
-173.5 -352.8 1960.9 0 0 0 0 0 0 0 0 0
137.9 389.3 2121.6 0 0 0 0 0 0 0 0 0
-214.7 -962.2 2063.0 0 0 0 0 0 0 0 0 0
-26.1 -955.5 2269.2 0 0 0 0 0 0 0 0 0
-7.0 422.5 2173.4 8 0.6785038710 0.1877330989 -0.7102032900 -0.2587693334 0.9659051299 0.0081052501 0.6875106692 0.1782793850 0.7039499879
-58.5 157.5 2124.5 0.6785038710 0.1877330989 -0.7102032900 -0.2587693334 0.9659051299 0.0081052501 0.6875106692 0.1782793850 0.7039499879
-71.6 -33.4 2164.6 0.7246940732 0.0670750812 -0.6857983470 0.0933429003 0.9765214920 0.1941464394 0.6827192307 -0.2047111839 0.7014183998
-161.7 144.2 2027.5 0.1517357677 -0.3241390884 -0.9337612391 0.9882468581 0.0320128165 0.1494769603 -0.0185589995 -0.9454675913 0.3251869380
-199.4 -101.5 2032.1 -0.1743812710 -0.3509389460 -0.9200179577 0.9561846852 0.1627893895 -0.2433320433 0.2351638675 -0.9221395850 0.3071750402
44.7 170.7 2221.6 0.9689568281 -0.1446952373 -0.2004643083 -0.1130330861 0.4618580341 -0.8797219396 0.2198776305 0.8750716448 0.4311651587
202.5 152.3 2257.4 -0.2308620214 -0.1446952373 0.9621673226 0.8442122340 0.4618580341 0.2720163167 -0.4837442040 0.8750716448 0.0155280055
-147.8 -220.0 2138.4 0.6644377112 0.0501861013 -0.7456566691 -0.1777285188 0.9797292352 -0.0924295932 0.7259029746 0.1939381659 0.6598885655
-167.4 -603.2 2062.6 0.6783230901 0.1198182106 -0.7249284983 -0.0868407115 0.9927727580 0.0828305110 0.7296139002 0.0067674583 0.6838258505
-18.6 -205.4 2263.0 0.6461802721 -0.0139373122 -0.7630575299 -0.0820079148 0.9927761555 -0.0875799358 0.7587659359 0.1191691831 0.6403694153
-13.1 -593.9 2216.4 0.6612250209 0.0452652536 -0.7488207817 0.0725145191 0.9896472096 0.1238548011 0.7466747165 -0.1361962706 0.6510971189
-150.4 -370.1 1966.0 0 0 0 0 0 0 0 0 0
137.2 391.2 2120.5 0 0 0 0 0 0 0 0 0
-212.5 -977.0 2060.0 0 0 0 0 0 0 0 0 0
-30.1 -966.4 2267.7 0 0 0 0 0 0 0 0 0
-7.8 424.2 2179.9 9 0.6851812601 0.1809270978 -0.7055437565 -0.2716627717 0.9622411132 -0.0170687679 0.6758150458 0.2033651918 0.7084607482
-58.8 153.0 2122.5 0.6851812601 0.1809270978 -0.7055437565 -0.2716627717 0.9622411132 -0.0170687679 0.6758150458 0.2033651918 0.7084607482
-70.7 -37.8 2164.1 0.7316911817 0.0608327016 -0.6789163351 0.1010853127 0.9753127098 0.1963336766 0.6740992069 -0.2122841030 0.7074784040
-163.0 138.6 2026.6 0.1149414852 -0.3334367871 -0.9357394576 0.9933504462 0.0323362909 0.1104955673 -0.0065849447 -0.9422177672 0.3349363506
-193.0 -120.4 2028.3 -0.2532014251 -0.3444362283 -0.9040203094 0.9528686404 0.0726388842 -0.2945588231 0.1671237648 -0.9359953403 0.3098102212
45.4 167.4 2218.5 0.9675799012 -0.1840227693 -0.1729878336 -0.0717448443 0.4564445317 -0.8868545890 0.2421607971 0.8705136180 0.4284438789
203.2 155.7 2258.0 -0.2356543094 -0.1840227693 0.9542550445 0.8393210769 0.4564445317 0.2952940166 -0.4899053276 0.8705136180 0.0468910672
-147.5 -231.4 2142.5 0.6723365784 0.0444794036 -0.7389080524 -0.1843845099 0.9767943621 -0.1089732647 0.7169141173 0.2095099092 0.6649358869
-164.7 -608.7 2061.6 0.6865204573 0.1090140492 -0.7188919187 -0.0863049775 0.9939246774 0.0683018118 0.7219703197 0.0151533633 0.6917580962
-19.4 -215.9 2266.2 0.6548758149 -0.0227400474 -0.7553942800 -0.0813591629 0.9916167259 -0.1003840789 0.7513443232 0.1271973550 0.6475357413
-10.5 -604.1 2216.4 0.6708436012 0.0851845369 -0.7366901636 0.0427270904 0.9872912169 0.1530699581 0.7403669357 -0.1341626346 0.6586783528
-122.1 -387.0 1981.6 0 0 0 0 0 0 0 0 0
136.8 392.2 2119.9 0 0 0 0 0 0 0 0 0
-205.7 -983.0 2055.8 0 0 0 0 0 0 0 0 0
-42.5 -975.6 2266.9 0 0 0 0 0 0 0 0 0
-7.9 423.1 2176.6 0 0.7054734826 0.1716187745 -0.6876439452 -0.2606399059 0.9650712013 -0.0265401714 0.6590706110 0.1979508400 0.7255628109
-56.4 150.2 2120.6 0.7054734826 0.1716187745 -0.6876439452 -0.2606399059 0.9650712013 -0.0265401714 0.6590706110 0.1979508400 0.7255628109
-68.1 -41.1 2160.7 0.7474736571 0.0593770295 -0.6616324186 0.0924721137 0.9769994020 0.1921486706 0.6578236818 -0.2048086226 0.7247905731
-162.9 137.0 2026.9 0.0924647227 -0.3558260798 -0.9299666882 0.9957140088 0.0348852575 0.0856539607 0.0019642173 -0.9339008927 0.3575266600
-187.8 -130.5 2026.4 -0.2935563624 -0.3475134075 -0.8905386329 0.9488232732 0.0075543001 -0.3157171607 0.1164433435 -0.9376446009 0.3275111914
50.0 163.4 2214.2 0.9601486325 -0.2332622111 -0.1539588422 -0.0348676071 0.4465824068 -0.8940628767 0.2773063779 0.8638014197 0.4206521809
203.6 157.8 2258.6 -0.2376910746 -0.2332622111 0.9429165721 0.8351751566 0.4465824068 0.3210087419 -0.4959691465 0.8638014197 0.0886661559
-147.3 -237.1 2144.5 0.6884689927 0.0519688465 -0.7234014273 -0.1864675283 0.9765834808 -0.1073058397 0.7008853555 0.2087676227 0.6820380092
-167.5 -617.0 2063.3 0.7012580037 0.1163516045 -0.7033487558 -0.1004266813 0.9928762913 0.0641185865 0.7057985663 0.0256713089 0.7079472542
-16.5 -219.6 2266.5 0.6718580723 -0.0125442874 -0.7405736446 -0.0931337327 0.9904900789 -0.1012696549 0.7348012328 0.1370112300 0.6643004417
-11.6 -607.4 2212.9 0.6913877726 0.0667299777 -0.7193956375 0.0651486441 0.9859107733 0.1540637314 0.7195405960 -0.1533854306 0.6772992611
-105.5 -396.3 1993.8 0 0 0 0 0 0 0 0 0
136.8 392.7 2119.1 0 0 0 0 0 0 0 0 0
-211.4 -990.9 2053.6 0 0 0 0 0 0 0 0 0
-36.7 -978.4 2270.6 0 0 0 0 0 0 0 0 0
-7.8 422.2 2174.9 1 0.6785634756 0.1770482510 -0.7128853798 -0.2594236732 0.9657375813 -0.0070884950 0.6872051954 0.1897493303 0.7012447715
-57.1 153.3 2122.1 0.6785634756 0.1770482510 -0.7128853798 -0.2594236732 0.9657375813 -0.0070884950 0.6872051954 0.1897493303 0.7012447715
-67.9 -37.9 2162.9 0.7221415043 0.0551902875 -0.6895402074 0.1050259396 0.9765085578 0.1881505549 0.6837259531 -0.2082909346 0.6993809342
-159.9 138.4 2024.8 0.0919611305 -0.3224632144 -0.9421043396 0.9957438111 0.0239692554 0.0889928192 -0.0061153709 -0.9462784529 0.3232949972
-185.1 -134.5 2026.4 -0.3065460622 -0.3131910264 -0.8988553286 0.9470049143 -0.0051344894 -0.3211780190 0.0959748998 -0.9496762753 0.2981674075
45.7 168.3 2219.4 0.9679096937 -0.1927040815 -0.1612947285 -0.0545686409 0.4653584659 -0.8834385872 0.2453020811 0.8638904095 0.4399093688
204.0 159.4 2259.5 -0.2393026650 -0.1927040815 0.9516298771 0.8315225244 0.4653584659 0.3033343554 -0.5013027787 0.8638904095 0.0488762595
-144.0 -236.8 2143.5 0.6652379036 0.0356699638 -0.7457789183 -0.1652143598 0.9811294079 -0.1004453152 0.7281227708 0.1900334209 0.6585776210
-157.9 -618.6 2069.6 0.6750812531 0.1050652489 -0.7302236557 -0.0905165076 0.9941246510 0.0593543611 0.7321693897 0.0260282736 0.6806250811
-12.2 -223.9 2260.2 0.6460900307 0.0006806494 -0.7632609010 -0.0876213163 0.9934545159 -0.0732843354 0.7582151294 0.1142261997 0.6419207454
-12.5 -612.9 2215.5 0.6654424667 0.0464763567 -0.7450008392 0.0919447616 0.9853558540 0.1435967535 0.7407647967 -0.1640543044 0.6514243484
-99.0 -400.5 1999.5 0 0 0 0 0 0 0 0 0
136.8 393.0 2118.7 0 0 0 0 0 0 0 0 0
-197.4 -992.9 2059.8 0 0 0 0 0 0 0 0 0
-30.0 -983.8 2277.2 0 0 0 0 0 0 0 0 0
-8.5 423.2 2180.6 2 0.6661234498 0.1903078854 -0.7211535573 -0.2872018218 0.9577881098 -0.0125316698 0.6883274317 0.2154642642 0.6926619411
-62.1 153.5 2119.9 0.6661234498 0.1903078854 -0.7211535573 -0.2872018218 0.9577881098 -0.0125316698 0.6883274317 0.2154642642 0.6926619411
-70.7 -38.7 2155.6 0.7125755548 0.0443719961 -0.7001908422 0.0968023762 0.9822349548 0.1607600749 0.6948851943 -0.1823338419 0.6956212521
-163.6 139.8 2021.0 0.0800942108 -0.3146724105 -0.9458150864 0.9965822697 0.0060347896 0.0823855400 -0.0202166606 -0.9491811395 0.3140802979
-185.4 -132.4 2026.5 -0.3162484467 -0.3086114228 -0.8970763087 0.9443534017 -0.0122388005 -0.3287047744 0.0904629007 -0.9511094689 0.2953087389
39.4 167.3 2218.9 0.9698666334 -0.1897443384 -0.1528258771 -0.0487755835 0.4633551240 -0.8848293424 0.2387040108 0.8656206727 0.4401378036
203.8 159.0 2259.3 -0.2393468022 -0.1897443384 0.9522132874 0.8332104087 0.4633551240 0.3017656207 -0.4984712303 0.8656206727 0.0471943840
-143.8 -238.9 2129.4 0.6589291096 0.0209603589 -0.7519129515 -0.1704174578 0.9777795076 -0.1220865026 0.7326461077 0.2085854411 0.6478593946
-151.9 -619.4 2048.2 0.6668956280 0.0918723792 -0.7394658327 -0.1017826423 0.9943001866 0.0317395627 0.7381669879 0.0540978089 0.6724454761
-13.5 -219.6 2265.4 0.6381916404 -0.0117611345 -0.7697877288 -0.0921835601 0.9915223122 -0.0915735587 0.7643387318 0.1294032484 0.6316970587
-8.9 -607.8 2214.8 0.6579521894 0.0873389393 -0.7479777932 0.0520505421 0.9856019020 0.1608713418 0.7512586713 -0.1447782964 0.6439329386
-96.5 -398.1 2001.0 0 0 0 0 0 0 0 0 0
136.5 393.3 2119.2 0 0 0 0 0 0 0 0 0
-186.5 -993.7 2027.8 0 0 0 0 0 0 0 0 0
-41.8 -978.6 2269.2 0 0 0 0 0 0 0 0 0
-8.5 423.4 2183.4 3 0.6861583591 0.1846443713 -0.7036285996 -0.2874870002 0.9573416114 -0.0291259661 0.6682349443 0.2222690880 0.7099707723
-60.5 153.6 2120.8 0.6861583591 0.1846443713 -0.7036285996 -0.2874870002 0.9573416114 -0.0291259661 0.6682349443 0.2222690880 0.7099707723
-71.7 -37.9 2160.0 0.7339139581 0.0574164763 -0.6768113971 0.0943600237 0.9781410098 0.1853006035 0.6726562977 -0.1998586357 0.7124535441
-165.1 140.2 2025.0 0.0943134204 -0.3384908736 -0.9362311959 0.9955379367 0.0292082187 0.0897276998 -0.0030263616 -0.9405162334 0.3397352397
-190.8 -131.1 2025.8 -0.3331307769 -0.3230425417 -0.8858145475 0.9377166629 -0.0153189013 -0.3470631540 0.0985464603 -0.9462604523 0.3080255687
44.0 167.0 2216.6 0.9643427134 -0.2101408243 -0.1608850509 -0.0487262048 0.4565352499 -0.8883700371 0.2601325214 0.8645324707 0.4300170839
203.3 158.9 2259.5 -0.2375840098 -0.2101408243 0.9483641982 0.8339239955 0.4565352499 0.3100746572 -0.4981210530 0.8645324707 0.0667760074
-149.2 -237.4 2138.8 0.6765298843 0.0452648401 -0.7350227237 -0.1683920771 0.9811732769 -0.0945679843 0.7169040442 0.1877500713 0.6714152694
-166.8 -619.2 2065.7 0.6854413748 0.1121303067 -0.7194420695 -0.1029714048 0.9930685759 0.0566719919 0.7208099365 0.0352366306 0.6922365427
-15.0 -222.3 2254.1 0.6579558849 -0.0163802020 -0.7528783083 -0.0619544275 0.9951968193 -0.0757955313 0.7505035996 0.0965142623 0.6537808180
-8.6 -611.8 2216.3 0.6722392440 0.1040641293 -0.7329837084 0.0395075269 0.9836183190 0.1758809835 0.7392790914 -0.1471924782 0.6571155190
-97.0 -395.0 1998.1 0 0 0 0 0 0 0 0 0
136.4 393.5 2119.4 0 0 0 0 0 0 0 0 0
-209.0 -993.0 2052.5 0 0 0 0 0 0 0 0 0
-47.8 -982.0 2271.7 0 0 0 0 0 0 0 0 0
-8.9 423.8 2184.9 4 0.6888142228 0.1963416785 -0.6978430152 -0.3040785789 0.9521003962 -0.0322660916 0.6580814123 0.2344244719 0.7155236006
-63.8 157.4 2119.3 0.6888142228 0.1963416785 -0.6978430152 -0.3040785789 0.9521003962 -0.0322660916 0.6580814123 0.2344244719 0.7155236006
-74.7 -33.9 2159.9 0.7414308190 0.0556123480 -0.6687208414 0.0987161025 0.9766776562 0.1906722188 0.6637284756 -0.2073837817 0.7186490893
-169.4 143.3 2024.7 0.0761590004 -0.3492730558 -0.9339208603 0.9970643520 0.0192501843 0.0741089061 -0.0079060970 -0.9368232489 0.3497138023
-190.3 -130.4 2026.9 -0.3426639736 -0.3304395974 -0.8794265389 0.9354522228 -0.0336588882 -0.3518469334 0.0866636485 -0.9432267547 0.3206441402
41.8 171.4 2213.8 0.9590663910 -0.2140147984 -0.1854435652 -0.0694160089 0.4572049975 -0.8866481781 0.2745415568 0.8632272482 0.4236339033
204.0 159.7 2260.2 -0.2402963340 -0.2140147984 0.9468132257 0.8319055438 0.4572049975 0.3144785762 -0.5001907945 0.8632272482 0.0681754053
-152.5 -233.8 2140.7 0.6844784021 0.0480583124 -0.7274473906 -0.1626637727 0.9827376604 -0.0881316364 0.7106544971 0.1786535382 0.6804800630
-171.2 -616.3 2071.2 0.6932357550 0.1132673547 -0.7117546797 -0.0987583697 0.9931865335 0.0618651100 0.7139124274 0.0274046268 0.6996985078
-16.6 -220.9 2259.9 0.6665191054 -0.0173316170 -0.7452864647 -0.0718726069 0.9935787320 -0.0873822346 0.7420152426 0.1118076071 0.6609935164
-9.8 -609.9 2216.1 0.6821014285 0.0880892351 -0.7259324193 0.0471900180 0.9853461385 0.1639088690 0.7297333479 -0.1460592449 0.6679490805
-93.9 -393.8 2002.5 0 0 0 0 0 0 0 0 0
136.4 393.6 2119.6 0 0 0 0 0 0 0 0 0
-213.9 -990.3 2060.9 0 0 0 0 0 0 0 0 0
-43.0 -980.8 2271.1 0 0 0 0 0 0 0 0 0
-9.1 424.9 2185.6 5 0.6799254417 0.2032236010 -0.7045577168 -0.3155915141 0.9483885169 -0.0310035143 0.6618937850 0.2434325069 0.7089691162
-65.9 159.9 2117.6 0.6799254417 0.2032236010 -0.7045577168 -0.3155915141 0.9483885169 -0.0310035143 0.6618937850 0.2434325069 0.7089691162
-73.4 -32.0 2155.3 0.7324789166 0.0387594961 -0.6796854734 0.1033177972 0.9804850817 0.1672556102 0.6729042530 -0.1927348226 0.7141800523
-170.3 145.2 2021.7 0.0631331950 -0.3414320946 -0.9377837181 0.9977530241 0.0004735878 0.0669979975 -0.0224311464 -0.9399062991 0.3406948149
-187.6 -129.3 2027.8 -0.3353433907 -0.3311311603 -0.8819846511 0.9378734231 -0.0288004838 -0.3457802832 0.0890970379 -0.9431450963 0.3202171624
38.5 174.6 2213.4 0.9577034712 -0.2079876363 -0.1988596320 -0.0831769854 0.4614810050 -0.8832422495 0.2754734159 0.8624247313 0.4246622026
203.9 160.2 2261.0 -0.2403002828 -0.2079876363 0.9481545091 0.8305771351 0.4614810050 0.3117321730 -0.5023916960 0.8624247313 0.0618557446
-154.2 -232.0 2141.7 0.6799311638 0.0449267179 -0.7318983674 -0.1653320938 0.9818124175 -0.0933255553 0.7143940926 0.1844612360 0.6749926805
-171.7 -615.4 2069.7 0.6871507764 0.1065735370 -0.7186556458 -0.1087128296 0.9931284189 0.0433296598 0.7183351517 0.0483530760 0.6940148473
-18.5 -216.2 2260.5 0.6600356102 -0.0264116973 -0.7507699132 -0.0680576786 0.9931699038 -0.0947717652 0.7481451631 0.1136483923 0.6537299752
-8.2 -605.2 2216.0 0.6742001772 0.0989602953 -0.7318886518 0.0358827785 0.9854228497 0.1662956625 0.7376764417 -0.1383787692 0.6608213186
-93.2 -393.5 2002.7 0 0 0 0 0 0 0 0 0
136.3 393.9 2119.7 0 0 0 0 0 0 0 0 0
-211.8 -989.3 2051.5 0 0 0 0 0 0 0 0 0
-45.4 -976.2 2268.1 0 0 0 0 0 0 0 0 0
-10.0 424.3 2186.4 6 0.6849945784 0.1931188256 -0.7024866939 -0.3013909459 0.9529665709 -0.0319086090 0.6632841825 0.2335803658 0.7109811902
-63.8 159.0 2121.4 0.6849945784 0.1931188256 -0.7024866939 -0.3013909459 0.9529665709 -0.0319086090 0.6632841825 0.2335803658 0.7109811902
-73.5 -32.6 2160.8 0.7355268598 0.0500296392 -0.6756458282 0.0999816433 0.9783349037 0.1812857091 0.6700775027 -0.2008926868 0.7145895362
-168.6 144.8 2025.9 0.0795671269 -0.3418647349 -0.9363747239 0.9968248010 0.0243966058 0.0757967383 -0.0030678662 -0.9394324422 0.3427204192
-190.3 -127.1 2026.7 -0.3410266936 -0.3208557963 -0.8836019039 0.9365724921 -0.0351504013 -0.3487068117 0.0808256418 -0.9464755654 0.3124919534
41.1 173.2 2216.9 0.9621840119 -0.1985688806 -0.1864734292 -0.0749687701 0.4650864601 -0.8820852041 0.2618809342 0.8627079129 0.4326122999
203.8 160.5 2261.2 -0.2402422428 -0.1985688806 0.9501863122 0.8302842975 0.4650864601 0.3071198165 -0.5029032230 0.8627079129 0.0531352088
-148.0 -232.3 2132.9 0.6803802252 0.0570141636 -0.7306381464 -0.1587610841 0.9847611189 -0.0709962621 0.7154562473 0.1643013507 0.6790636182
-170.3 -617.4 2068.6 0.6868350506 0.1129350960 -0.7179855704 -0.1096078381 0.9926509261 0.0512860268 0.7185010314 0.0434718020 0.6941660047
-14.8 -214.7 2253.9 0.6611443162 -0.0104865916 -0.7501854300 -0.0626742765 0.9956353903 -0.0691529885 0.7476363182 0.0927374363 0.6576014757
-10.7 -604.5 2217.6 0.6715315580 0.0704649016 -0.7376178503 0.0364377126 0.9911232591 0.1278554797 0.7400795221 -0.1127360910 0.6630029678
-94.2 -391.0 2004.0 0 0 0 0 0 0 0 0 0
136.3 394.0 2119.8 0 0 0 0 0 0 0 0 0
-212.8 -991.2 2052.3 0 0 0 0 0 0 0 0 0
-37.2 -977.5 2260.0 0 0 0 0 0 0 0 0 0
-10.6 424.6 2185.8 7 0.6894295216 0.1915675849 -0.6985619664 -0.3005966246 0.9530979991 -0.0352975465 0.6590360999 0.2343205512 0.7146784663
-64.0 159.2 2120.6 0.6894295216 0.1915675849 -0.6985619664 -0.3005966246 0.9530979991 -0.0352975465 0.6590360999 0.2343205512 0.7146784663
-73.4 -33.1 2156.6 0.7377166152 0.0483740456 -0.6733751893 0.0887945741 0.9818121791 0.1678105444 0.6692456603 -0.1835886985 0.7200037837
-169.1 146.5 2025.2 0.0743118897 -0.3467190862 -0.9350206256 0.9972136021 0.0196847655 0.0719553530 -0.0065426314 -0.9377624393 0.3472158015
-189.5 -127.5 2027.0 -0.3462842107 -0.3282945156 -0.8788116574 0.9338613749 -0.0313712806 -0.3562565744 0.0893876255 -0.9440543056 0.3174449503
41.2 171.8 2216.0 0.9608794451 -0.2100631148 -0.1805110425 -0.0649940297 0.4625274837 -0.8842194676 0.2692332268 0.8613604307 0.4307802916
203.9 160.8 2261.6 -0.2407654822 -0.2100631148 0.9475787282 0.8294131756 0.4625274837 0.3132763803 -0.5040889978 0.8613604307 0.0628684610
-148.7 -232.9 2128.7 0.6826108098 0.0430406108 -0.7295135260 -0.1780655831 0.9779721498 -0.1089177504 0.7087560296 0.2042496800 0.6752384305
-165.6 -616.7 2048.5 0.6900630593 0.1092993245 -0.7154484987 -0.1210529804 0.9920359850 0.0347958915 0.7135538459 0.0625958145 0.6977984309
-16.8 -215.1 2260.7 0.6637707949 -0.0153347980 -0.7477788329 -0.0760415420 0.9932255745 -0.0878669843 0.7440604568 0.1151857898 0.6581080556
-10.8 -604.0 2215.6 0.6799798012 0.0696436688 -0.7299158573 0.0612539314 0.9866037369 0.1511984468 0.7306677699 -0.1475221068 0.6666046977
-92.0 -390.6 2001.9 0 0 0 0 0 0 0 0 0
136.2 394.0 2119.8 0 0 0 0 0 0 0 0 0
-206.7 -990.3 2025.0 0 0 0 0 0 0 0 0 0
-37.0 -975.2 2271.1 0 0 0 0 0 0 0 0 0
-10.9 425.4 2186.1 8 0.6736091375 0.1968095750 -0.7124020457 -0.3061192930 0.9516227841 -0.0265528075 0.6727122068 0.2359662205 0.7012690306
-65.8 159.7 2120.2 0.6736091375 0.1968095750 -0.7124020457 -0.3061192930 0.9516227841 -0.0265528075 0.6727122068 0.2359662205 0.7012690306
-73.2 -32.9 2154.5 0.7220730782 0.0374642238 -0.6908016205 0.0942777544 0.9838885069 0.1519047469 0.6853627563 -0.1748135537 0.7069073915
-168.7 146.3 2022.5 0.0842054188 -0.3282587230 -0.9408271313 0.9962172508 0.0073963366 0.0865823030 -0.0214627218 -0.9445589185 0.3276397884
-191.7 -124.9 2028.4 -0.3540952206 -0.3179464638 -0.8795036077 0.9299446940 -0.0200587846 -0.3671518266 0.0990928486 -0.9478964806 0.3027753532
37.0 173.2 2217.8 0.9661708474 -0.1885204613 -0.1759941876 -0.0692454800 0.4677245915 -0.8811576366 0.2484330535 0.8635355830 0.4388476908
203.9 161.2 2260.8 -0.2412748635 -0.1885204613 0.9519698024 0.8302938342 0.4677245915 0.3030607700 -0.5023928285 0.8635355830 0.0436771847
-145.3 -233.9 2125.1 0.6701020002 0.0166462623 -0.7420823574 -0.1767055988 0.9745833874 -0.1377038509 0.7209289074 0.2234057337 0.6560117602
