109.1 446.6 2055.0 47 0.8032819629 -0.0145518612 -0.5954211354 0.0131779285 0.9998909831 -0.0066586193 0.5954531431 -0.0024976686 0.8033861518
111.9 248.3 2055.5 0.8032819629 -0.0145518612 -0.5954211354 0.0131779285 0.9998909831 -0.0066586193 0.5954531431 -0.0024976686 0.8033861518
115.8 54.3 2055.6 0.8032228351 -0.0202616099 -0.5953339338 0.0165723022 0.9997946024 -0.0116677321 0.5954480767 -0.0004942645 0.8033936620
2.4 246.1 1974.3 0.2259691060 -0.7018995285 -0.6754813194 0.6493237019 0.6254350543 -0.4326773584 0.7261657119 -0.3408343196 0.5970890522
-36.0 135.8 1851.0 -0.6861159205 -0.7018995285 0.1912640780 -0.7221810222 0.6254350543 -0.2954413593 0.0877468958 -0.3408343196 -0.9360194802
221.5 250.6 2136.7 0.3605571985 0.9275409579 0.0983174220 -0.6263895035 0.1626855284 0.7623447776 0.6911112070 -0.3364539146 0.6396593451
302.1 110.5 2291.3 -0.1521579921 0.9275409579 0.3413440585 -0.6578916311 0.1626855284 -0.7353312373 -0.7375815511 -0.3364539146 0.5854674578
42.9 -143.3 2002.3 0.7335314155 0.1204790846 -0.6688919663 -0.0456487983 0.9906741977 0.1283775270 0.6781207919 -0.0636348426 0.7321903706
-3.9 -527.9 2027.0 0.7517285347 0.1163630113 -0.6491254568 0.0650953278 0.9664101005 0.2486243695 0.6562520862 -0.2291530669 0.7189033628
192.0 -141.9 2101.5 0.9427390099 0.1805490106 0.2804375887 -0.1634651572 0.9830206633 -0.0833640844 -0.2907272279 0.0327487998 0.9562453628
121.9 -523.5 2088.8 0.9446454644 -0.0509824418 0.3241076171 -0.0311356410 0.9694648385 0.2432458401 -0.3266122043 -0.2398723662 0.9142131805
164.1 346.4 1825.4 0 0 0 0 0 0 0 0 0
263.5 -56.3 2104.2 0 0 0 0 0 0 0 0 0
-47.3 -888.7 2112.5 0 0 0 0 0 0 0 0 0
140.9 -885.3 2178.3 0 0 0 0 0 0 0 0 0
107.6 447.4 2055.5 48 0.7846114635 -0.0180679262 -0.6197244525 0.0165080093 0.9998297095 -0.0082495958 0.6197679639 -0.0037576894 0.7847760916
111.1 249.5 2056.2 0.7846114635 -0.0180679262 -0.6197244525 0.0165080093 0.9998297095 -0.0082495958 0.6197679639 -0.0037576894 0.7847760916
115.7 55.4 2057.1 0.7845086455 -0.0237980876 -0.6196610928 0.0214194600 0.9997069836 -0.0112761054 0.6197478771 -0.0044266041 0.7847884893
4.1 246.5 1971.7 0.2476710081 -0.7133288383 -0.6556073427 0.6439554691 0.6267870665 -0.4387018681 0.7238649130 -0.3135282397 0.6145890355
-37.6 138.2 1849.8 -0.6759525537 -0.7133288383 0.1850678921 -0.7334565520 0.6267870665 -0.2630199194 0.0716215372 -0.3135282397 -0.9468740225
218.2 252.4 2140.8 0.3414573073 0.9368345141 0.0758157223 -0.6227437854 0.1650831699 0.7648122311 0.7039865851 -0.3083644807 0.6397767067
294.5 113.1 2298.2 -0.1270866096 0.9368345141 0.3258682191 -0.6607062221 0.1650831699 -0.7322669029 -0.7398082614 -0.3083644807 0.5979925394
47.9 -141.3 2002.5 0.7112638354 0.1349465698 -0.6898500919 -0.0507081263 0.9886925220 0.1411231458 0.7010937333 -0.0653947890 0.7100641727
-4.5 -525.1 2027.9 0.7286055684 0.1117414460 -0.6757571697 0.0598048009 0.9724557400 0.2252846509 0.6823176146 -0.2045571804 0.7018539906
191.6 -138.3 2109.0 0.9509993792 0.1836745888 0.2487242967 -0.1652765423 0.9818412066 -0.0931207165 -0.2613116801 0.0474494547 0.9640875459
120.3 -519.5 2090.6 0.9539779425 -0.0583947748 0.2941363454 -0.0091137197 0.9747582078 0.2230770588 -0.2997383475 -0.2154912651 0.9293656349
160.6 353.2 1828.8 0 0 0 0 0 0 0 0 0
262.3 -54.4 2110.6 0 0 0 0 0 0 0 0 0
-46.2 -888.0 2104.2 0 0 0 0 0 0 0 0 0
142.1 -883.2 2171.0 0 0 0 0 0 0 0 0 0
105.9 443.9 2055.2 49 0.8099998832 -0.0596384183 -0.5833896399 0.0707062110 0.9974899292 -0.0037996934 0.5821518898 -0.0381715186 0.8121835589
118.2 237.1 2063.1 0.8099998832 -0.0596384183 -0.5833896399 0.0707062110 0.9974899292 -0.0037996934 0.5821518898 -0.0381715186 0.8121835589
121.2 43.0 2063.8 0.8121170998 -0.0154479677 -0.5832899809 0.0143865617 0.9998757243 -0.0064504361 0.5833171010 -0.0031530282 0.8122383952
7.5 235.1 1983.6 0.2666359544 -0.7372141480 -0.6208224893 0.5259344578 0.6510770917 -0.5472581983 0.8076497912 -0.1805932224 0.5613268614
-37.9 145.6 1846.2 -0.6672456861 -0.7372141480 0.1062943786 -0.7435956597 0.6510770917 -0.1521975845 0.0429963693 -0.1805932224 -0.9826176167
229.0 239.0 2142.7 0.3678393066 0.9231706262 0.1115807220 -0.6262155175 0.1572189331 0.7636336088 0.6874215007 -0.3507680595 0.6359350681
311.2 99.0 2296.4 -0.1663194299 0.9231706262 0.3465456069 -0.6593135595 0.1572189331 -0.7352467775 -0.7332417369 -0.3507680595 0.5825103521
50.1 -140.6 2002.5 0.7416241765 0.1443917304 -0.6550912857 -0.0600931123 0.9869333506 0.1495036185 0.6681185365 -0.0715090260 0.7406105995
-5.9 -523.7 2030.3 0.7588643432 0.1028708592 -0.6430727243 0.0542029627 0.9740428925 0.2197781354 0.6489892006 -0.2016382366 0.7335905433
190.5 -136.7 2113.5 0.9382570386 0.1937532872 0.2865891457 -0.1650710851 0.9787932038 -0.1213070676 -0.3040151596 0.0665096343 0.9503427148
115.3 -516.6 2087.7 0.9372541308 -0.0853144377 0.3380476236 -0.0023646122 0.9680206776 0.2508592904 -0.3486390114 -0.2359182388 0.9070796371
158.6 364.7 1833.5 0 0 0 0 0 0 0 0 0
269.1 -68.1 2110.5 0 0 0 0 0 0 0 0 0
-44.3 -887.2 2105.6 0 0 0 0 0 0 0 0 0
147.1 -877.7 2175.6 0 0 0 0 0 0 0 0 0
104.6 435.5 2049.1 50 0.8235179186 -0.0741946101 -0.5624175072 0.1047613397 0.9942488074 0.0222342517 0.5575332642 -0.0772299096 0.8265544176
119.9 229.8 2065.1 0.8235179186 -0.0741946101 -0.5624175072 0.1047613397 0.9942488074 0.0222342517 0.5575332642 -0.0772299096 0.8265544176
122.9 35.7 2068.5 0.8272108436 -0.0150725450 -0.5616894364 0.0222713146 0.9997341037 0.0059722252 0.5614501238 -0.0174498521 0.8273265958
7.0 226.8 1988.5 0.2538022697 -0.7503956556 -0.6103202105 0.4326561987 0.6524120569 -0.6222274899 0.8650971055 -0.1061360836 0.4902470112
-35.1 155.0 1844.9 -0.6579328775 -0.7503956556 0.0634879693 -0.7526571155 0.6524120569 -0.0886889994 0.0251315180 -0.1061360836 -0.9940339923
232.8 232.8 2141.7 0.3858074546 0.9136040807 0.1283752024 -0.6161683798 0.1516005397 0.7728866339 0.6866506338 -0.3772861958 0.6214225888
319.1 95.0 2295.3 -0.1857912987 0.9136040807 0.3616755307 -0.6697161198 0.1516005397 -0.7269784212 -0.7190006375 -0.3772861958 0.5836892724
51.6 -152.4 2012.3 0.7535068393 0.1540411413 -0.6391391158 -0.0870082304 0.9869772792 0.1352973282 0.6516571641 -0.0463370979 0.7570970058
-8.2 -535.4 2030.3 0.7775869966 0.0846992135 -0.6230445504 0.0718780980 0.9724162817 0.2219012529 0.6246535182 -0.2173307836 0.7500501871
196.8 -149.8 2116.6 0.9297381043 0.2046909481 0.3060860336 -0.1708356291 0.9761614203 -0.1338807344 -0.3261935711 0.0721836239 0.9425429702
117.4 -528.7 2088.6 0.9289695621 -0.0744382516 0.3625940681 -0.0284622833 0.9623059034 0.2704759240 -0.3690601587 -0.2615841627 0.8918342590
157.9 375.8 1837.5 0 0 0 0 0 0 0 0 0
272.0 -74.8 2112.9 0 0 0 0 0 0 0 0 0
-39.8 -898.3 2111.4 0 0 0 0 0 0 0 0 0
145.1 -887.7 2186.2 0 0 0 0 0 0 0 0 0
104.0 427.5 2040.5 51 0.8383985162 -0.0844307840 -0.5384787917 0.1391925812 0.9883379936 0.0617530234 0.5269851685 -0.1267258972 0.8403732181
121.4 223.6 2066.7 0.8383985162 -0.0844307840 -0.5384787917 0.1391925812 0.9883379936 0.0617530234 0.5269851685 -0.1267258972 0.8403732181
121.9 29.6 2066.2 0.8444741964 -0.0029122496 -0.5355883241 0.0008812165 0.9999914169 -0.0040479973 0.5355954766 0.0029464602 0.8444695473
6.2 223.5 1993.6 0.2456575930 -0.7494515777 -0.6147964597 0.3760675490 0.6582409739 -0.6521441340 0.8934347034 -0.0710008442 0.4435463250
-34.9 160.5 1844.1 -0.6599808931 -0.7494515777 0.0524173900 -0.7512810826 0.6582409739 -0.0479114614 0.0014040465 -0.0710008442 -0.9974752665
236.7 223.7 2139.7 0.3988915384 0.9033534527 0.1576010585 -0.6345567107 0.1478521973 0.7586023211 0.6619843841 -0.4026068747 0.6322060227
325.9 81.9 2287.8 -0.2167499065 0.9033534527 0.3700973392 -0.6526356936 0.1478521973 -0.7431058884 -0.7260069847 -0.4026068747 0.5575137734
46.8 -160.6 2013.0 0.7679334283 0.1714152545 -0.6171669960 -0.1344633251 0.9851979613 0.1063230634 0.6262570620 0.0013372957 0.7796155214
-19.3 -540.5 2012.5 0.7989063263 0.0841249749 -0.5955432057 0.0537936240 0.9762076139 0.2100595087 0.5990450382 -0.1998542994 0.7753730416
199.9 -156.3 2122.1 0.9172485471 0.2135534734 0.3362291455 -0.1738582104 0.9741240740 -0.1444146037 -0.3583691716 0.0740078837 0.9306418896
117.0 -534.5 2093.4 0.9172306061 -0.0697440132 0.3922037482 -0.0275956076 0.9710646272 0.2372172028 -0.3973996639 -0.2284059823 0.8887655735
158.6 380.9 1843.7 0 0 0 0 0 0 0 0 0
270.9 -83.6 2103.7 0 0 0 0 0 0 0 0 0
-50.7 -904.8 2087.1 0 0 0 0 0 0 0 0 0
143.0 -896.6 2178.6 0 0 0 0 0 0 0 0 0
103.1 423.6 2021.8 52 0.8392040133 -0.1276023686 -0.5286343694 0.2355515957 0.9614526033 0.1418602914 0.4901551604 -0.2435703874 0.8369117975
130.4 218.0 2073.8 0.8392040133 -0.1276023686 -0.5286343694 0.2355515957 0.9614526033 0.1418602914 0.4901551604 -0.2435703874 0.8369117975
121.8 24.7 2065.1 0.8518497348 0.0441763960 -0.5219199657 -0.0614604279 0.9979838133 -0.0158409774 0.5201678872 0.0455715582 0.8528473377
14.3 226.4 2003.0 0.2848981321 -0.7479432225 -0.5995115042 0.3474539518 0.6634756327 -0.6626279950 0.8933693767 -0.0195211656 0.4488987625
-36.7 164.2 1843.1 -0.6635591388 -0.7479432225 0.0164384320 -0.7481186986 0.6634756327 -0.0108856428 -0.0027646564 -0.0195211656 -0.9998056293
246.5 209.7 2144.7 0.3784352839 0.9032205343 0.2024336010 -0.6802819371 0.1230885312 0.7225411534 0.6276967525 -0.4111469686 0.6610257030
331.0 57.8 2284.8 -0.2581833899 0.9032205343 0.3428322673 -0.6094197631 0.1230885312 -0.7832348347 -0.7496324778 -0.4111469686 0.5186610222
44.4 -164.8 2013.4 0.7882270813 0.1523384005 -0.5962307453 -0.1025956199 0.9878463149 0.1167639866 0.6067719460 -0.0308658741 0.7942764163
-14.5 -546.7 2025.3 0.8089181185 0.0897524282 -0.5810300708 0.0355796926 0.9789939523 0.2007609308 0.5868437290 -0.1830720305 0.7887325883
198.0 -164.4 2113.5 0.9089512229 0.2030648887 0.3641048968 -0.1728215218 0.9783123136 -0.1141829193 -0.3793948293 0.0408615395 0.9243321419
119.2 -544.0 2097.7 0.9099085331 -0.0578274317 0.4107583463 -0.0353005677 0.9758480191 0.2155794948 -0.4133041203 -0.2106576264 0.8858911395
157.5 383.1 1843.9 0 0 0 0 0 0 0 0 0
265.7 -96.5 2095.0 0 0 0 0 0 0 0 0 0
-48.0 -912.1 2093.7 0 0 0 0 0 0 0 0 0
140.8 -908.0 2176.3 0 0 0 0 0 0 0 0 0
101.2 418.9 2000.9 53 0.8356572986 -0.1523346603 -0.5277035832 0.3084703684 0.9251021743 0.2214318365 0.4544479847 -0.3478220403 0.8200590611
134.5 216.8 2076.9 0.8356572986 -0.1523346603 -0.5277035832 0.3084703684 0.9251021743 0.2214318365 0.4544479847 -0.3478220403 0.8200590611
123.2 23.5 2067.7 0.8544012308 0.0581837744 -0.5163459778 -0.0742271915 0.9971865416 -0.0104575837 0.5142847896 0.0472618863 0.8563162088
17.9 226.9 2006.7 0.3788852394 -0.7524165511 -0.5388091803 0.4388757944 0.6586693525 -0.6111814380 0.8147600889 -0.0049026785 0.5797774792
-58.7 138.2 1842.0 -0.6586227417 -0.7524165511 0.0092422562 -0.7524260879 0.6586693525 0.0031147362 -0.0084311701 -0.0049026785 -0.9999524355
251.1 206.7 2147.0 0.3736276329 0.9018859267 0.2168045491 -0.6866137385 0.1117540151 0.7183819413 0.6236698031 -0.4172683060 0.6610016227
334.6 53.2 2286.4 -0.2716942132 0.9018859267 0.3358334005 -0.6042211056 0.1117540151 -0.7889410257 -0.7490655184 -0.4172683060 0.5145755410
39.1 -164.1 2014.4 0.8009518385 0.1131201759 -0.5879455805 -0.0427356288 0.9902864099 0.1323118955 0.5972016454 -0.0808492303 0.7980059981
-5.0 -550.1 2045.9 0.8118471503 0.0832517967 -0.5779042840 0.0461066738 0.9775503874 0.2055952847 0.5820467472 -0.1935571879 0.7897830009
189.3 -174.1 2102.8 0.9071909785 0.1851411313 0.3777926862 -0.1685587019 0.9826935530 -0.0768200904 -0.3854770064 0.0060102455 0.9226978421
117.5 -555.2 2100.5 0.9074228406 -0.0697328374 0.4143924415 -0.0159067456 0.9797283411 0.1996980906 -0.4199175537 -0.1878022552 0.8879186511
129.6 353.3 1844.4 0 0 0 0 0 0 0 0 0
265.7 -99.9 2096.5 0 0 0 0 0 0 0 0 0
-36.1 -915.0 2118.1 0 0 0 0 0 0 0 0 0
143.5 -920.7 2170.5 0 0 0 0 0 0 0 0 0
102.0 416.5 1985.9 54 0.8260145783 -0.1633933485 -0.5394465327 0.3524073362 0.8966430426 0.2680304348 0.4398966134 -0.4115019739 0.7982212305
138.4 216.7 2077.6 0.8260145783 -0.1633933485 -0.5394465327 0.3524073362 0.8966430426 0.2680304348 0.4398966134 -0.4115019739 0.7982212305
122.2 23.8 2067.2 0.8450567722 0.0836631954 -0.5280904770 -0.0993909538 0.9950474501 -0.0014053405 0.5253575444 0.0536750108 0.8491869569
23.1 230.3 2005.9 0.4353777766 -0.7390295863 -0.5140830874 0.4654498100 0.6735881567 -0.5741388798 0.7705859542 0.0106874229 0.6372464895
-70.8 130.0 1839.8 -0.6736680269 -0.7390295863 0.0025769833 -0.7388705015 0.6735881567 0.0186909270 -0.0155489743 0.0106874229 -0.9998219609
253.7 203.2 2149.3 0.3471366763 0.9100880027 0.2263536304 -0.6994112134 0.0904445723 0.7089737058 0.6247559786 -0.4044250548 0.6679223776
331.3 46.8 2289.0 -0.2770856917 0.9100880027 0.3081612587 -0.5928764343 0.0904445723 -0.8001983166 -0.7561223507 -0.4044250548 0.5145088434
36.4 -163.7 2014.9 0.7937334180 0.1162385792 -0.5970559716 -0.0483560674 0.9905226231 0.1285559684 0.6063405871 -0.0731678978 0.7918317318
-8.8 -549.1 2043.3 0.8048017621 0.0775812939 -0.5884516239 0.0453655422 0.9804805517 0.1913109124 0.5918074846 -0.1806627810 0.7855729461
188.3 -176.5 2104.6 0.9130313993 0.1774305105 0.3672765791 -0.1630674601 0.9841248989 -0.0700509846 -0.3738752306 0.0040678880 0.9274700880
119.4 -558.4 2103.1 0.9133061171 -0.0677138343 0.4016052485 -0.0149079449 0.9798626304 0.1991153657 -0.4070008397 -0.1878403872 0.8939051032
119.5 338.7 1844.2 0 0 0 0 0 0 0 0 0
261.0 -103.6 2097.2 0 0 0 0 0 0 0 0 0
-37.7 -915.0 2110.8 0 0 0 0 0 0 0 0 0
144.7 -924.0 2173.2 0 0 0 0 0 0 0 0 0
102.4 418.7 1987.4 55 0.8156863451 -0.1649777293 -0.5544710159 0.3580042720 0.8968439698 0.2598150969 0.4544102550 -0.4104306102 0.7906061411
139.4 217.6 2079.5 0.8156863451 -0.1649777293 -0.5544710159 0.3580042720 0.8968439698 0.2598150969 0.4544102550 -0.4104306102 0.7906061411
124.4 24.4 2070.4 0.8364955187 0.0771001354 -0.5425226688 -0.0901966691 0.9959209561 0.0024635512 0.5404995680 0.0468729846 0.8400375843
25.2 230.0 2005.7 0.4588164985 -0.7386687398 -0.4938176572 0.4660685956 0.6732493639 -0.5740342736 0.7564836144 0.0332234949 0.6531682014
-77.0 126.2 1837.2 -0.6740489602 -0.7386687398 -0.0051486515 -0.7381259203 0.6732493639 0.0436513461 -0.0287775584 0.0332234949 -0.9990335703
253.6 205.3 2153.3 0.3404026926 0.9162881374 0.2110498250 -0.6923047304 0.0923509523 0.7156713009 0.6362705231 -0.3897272348 0.6657871604
329.7 50.5 2295.6 -0.2608830929 0.9162881374 0.3039013445 -0.6007048488 0.0923509523 -0.7941190004 -0.7557074428 -0.3897272348 0.5263259411
30.8 -160.6 2010.9 0.7841589451 0.1043356881 -0.6117261052 -0.0328193977 0.9913576841 0.1270149648 0.6196915507 -0.0795234367 0.7808062434
-9.7 -545.8 2041.8 0.7919548154 0.0728124455 -0.6062226892 0.0418790281 0.9840482473 0.1729022563 0.6091417670 -0.1623187810 0.7762724161
181.5 -178.1 2103.8 0.9214076400 0.1623892337 0.3530406356 -0.1536976695 0.9867104292 -0.0527218357 -0.3569103181 -0.0056832181 0.9341213703
118.5 -561.0 2106.0 0.9212254286 -0.0751114637 0.3817092180 0.0031238906 0.9825807810 0.1858097017 -0.3890165687 -0.1699802130 0.9054130912
112.3 333.5 1845.3 0 0 0 0 0 0 0 0 0
263.5 -101.9 2103.8 0 0 0 0 0 0 0 0 0
-36.9 -913.1 2102.3 0 0 0 0 0 0 0 0 0
146.5 -927.7 2169.4 0 0 0 0 0 0 0 0 0
101.1 418.9 1985.2 56 0.8097720742 -0.1650861800 -0.5630414486 0.3659341335 0.8922054172 0.2646917999 0.4586516619 -0.4203761220 0.7828937173
138.2 218.7 2079.5 0.8097720742 -0.1650861800 -0.5630414486 0.3659341335 0.8922054172 0.2646917999 0.4586516619 -0.4203761220 0.7828937173
124.2 25.3 2072.1 0.8318755031 0.0716826916 -0.5503132939 -0.0810609832 0.9966824651 0.0072908155 0.5490102172 0.0385438837 0.8349264264
24.6 229.8 2004.6 0.4746057987 -0.7383734584 -0.4791179001 0.4662363827 0.6725829840 -0.5746788383 0.7465741634 0.0493637063 0.6634683609
-81.4 125.7 1837.9 -0.6741063595 -0.7383734584 -0.0196284410 -0.7382112145 0.6725829840 0.0517333373 -0.0249967687 0.0493637063 -0.9984680414
251.8 207.6 2154.5 0.3379996717 0.9193621278 0.2013194114 -0.6847786903 0.0934948847 0.7227287292 0.6456270814 -0.3821413219 0.6611608267
327.4 54.4 2298.9 -0.2509028018 0.9193621278 0.3030199111 -0.6088255048 0.0934948847 -0.7877755165 -0.7525817752 -0.3821413219 0.5362729430
34.8 -160.9 2013.5 0.7753146887 0.1224961802 -0.6195819974 -0.0517549515 0.9900339842 0.1309738010 0.6294509768 -0.0694794729 0.7739276886
-12.8 -545.3 2040.4 0.7874195576 0.0606057793 -0.6134308577 0.0610671341 0.9825897217 0.1754657030 0.6133850813 -0.1756255776 0.7700093389
184.3 -176.9 2109.7 0.9256778359 0.1636578739 0.3410816193 -0.1507807970 0.9864853024 -0.0641243607 -0.3469664454 0.0079299379 0.9378440380
120.8 -559.8 2106.6 0.9271040559 -0.0531510599 0.3710162044 -0.0167015269 0.9830520749 0.1825642884 -0.3744317293 -0.1754526347 0.9105038643
107.4 332.4 1844.9 0 0 0 0 0 0 0 0 0
263.7 -100.0 2108.0 0 0 0 0 0 0 0 0 0
-35.4 -912.0 2106.0 0 0 0 0 0 0 0 0 0
140.6 -926.6 2172.1 0 0 0 0 0 0 0 0 0
100.8 417.8 1981.6 57 0.8045225143 -0.1646571904 -0.5706413984 0.3765484393 0.8844274282 0.2756798863 0.4592981935 -0.4366647899 0.7735431790
137.7 219.4 2079.6 0.8045225143 -0.1646571904 -0.5706413984 0.3765484393 0.8844274282 0.2756798863 0.4592981935 -0.4366647899 0.7735431790
124.8 25.8 2072.8 0.8280803561 0.0663881749 -0.5566646457 -0.0745281726 0.9971863627 0.0080588190 0.5556333661 0.0348138474 0.8306982517
24.6 229.5 2003.7 0.4785555303 -0.7431311607 -0.4676971734 0.4601078928 0.6658979654 -0.5872653723 0.7478538156 0.0658479407 0.6605896950
-83.9 125.2 1834.1 -0.6688204408 -0.7431311607 -0.0208629128 -0.7422329187 0.6658979654 0.0753009245 -0.0420658924 0.0658479407 -0.9969425797
250.8 209.2 2155.4 0.3365689516 0.9217367172 0.1926727742 -0.6803038120 0.0965392813 0.7265444994 0.6510822177 -0.3756083250 0.6595531106
326.1 57.0 2301.1 -0.2421451062 0.9217367172 0.3029310107 -0.6132681966 0.0965392813 -0.7839530110 -0.7518429756 -0.3756083250 0.5418952703
37.2 -161.0 2015.3 0.7690266967 0.1270096451 -0.6264714599 -0.0592081510 0.9900013804 0.1280298978 0.6364686489 -0.0613661893 0.7688574791
-12.1 -545.3 2039.1 0.7830485106 0.0525700152 -0.6197349429 0.0724922195 0.9819160104 0.1748881042 0.6177214980 -0.1818718314 0.7650769353
184.8 -175.4 2113.8 0.9279056191 0.1677758843 0.3329301178 -0.1543716490 0.9857710600 -0.0665193349 -0.3393532038 0.0103286933 0.9406023026
119.7 -558.1 2109.8 0.9302882552 -0.0559957586 0.3625303209 -0.0034502391 0.9869012833 0.1612885892 -0.3668130934 -0.1512956917 0.9179094434
103.1 332.8 1845.9 0 0 0 0 0 0 0 0 0
264.7 -98.7 2110.3 0 0 0 0 0 0 0 0 0
-31.7 -911.8 2107.0 0 0 0 0 0 0 0 0 0
140.6 -926.3 2166.2 0 0 0 0 0 0 0 0 0
98.6 414.7 1974.3 58 0.7948099375 -0.1741133183 -0.5813447833 0.4057715237 0.8647980690 0.2957597375 0.4512501061 -0.4709659219 0.7580003142
138.3 217.6 2081.7 0.7948099375 -0.1741133183 -0.5813447833 0.4057715237 0.8647980690 0.2957597375 0.4512501061 -0.4709659219 0.7580003142
125.9 24.0 2073.1 0.8234467506 0.0637965649 -0.5637955666 -0.0775254369 0.9969902635 -0.0004141896 0.5620722771 0.0440495610 0.8259142637
25.8 228.1 2004.9 0.4828936160 -0.7548824549 -0.4438088238 0.4443396628 0.6479527354 -0.6186432838 0.7545700669 0.1015370339 0.6483164430
-85.3 125.9 1831.2 -0.6550039649 -0.7548824549 -0.0335013531 -0.7527155876 0.6479527354 0.1165184528 -0.0662504435 0.1015370339 -0.9926233292
250.8 207.0 2158.4 0.3326009810 0.9246801734 0.1853191257 -0.6851935983 0.1019216031 0.7211946249 0.6479863524 -0.3668495119 0.6674841642
325.2 53.6 2303.4 -0.2342698872 0.9246801734 0.3001403213 -0.6072267890 0.1019216031 -0.7879642248 -0.7592056990 -0.3668495119 0.5376133919
38.5 -161.1 2016.2 0.7636227012 0.1326349527 -0.6318926811 -0.0633736774 0.9893442392 0.1310793012 0.6425450444 -0.0600497648 0.7638912797
-13.0 -545.2 2039.5 0.7768359184 0.0538606495 -0.6273953915 0.0627332404 0.9847592115 0.1622154266 0.6265704036 -0.1653733104 0.7616174817
186.1 -174.4 2115.8 0.9301510453 0.1719511002 0.3244253397 -0.1551132351 0.9848695993 -0.0772771537 -0.3328045607 0.0215567611 0.9427493811
119.3 -556.7 2107.5 0.9325965643 -0.0529848561 0.3570101857 -0.0091894940 0.9853588939 0.1702449769 -0.3608035743 -0.1620506346 0.9184554219
97.6 336.1 1849.7 0 0 0 0 0 0 0 0 0
265.8 -100.5 2110.7 0 0 0 0 0 0 0 0 0
-33.1 -912.7 2101.3 0 0 0 0 0 0 0 0 0
139.1 -924.4 2167.9 0 0 0 0 0 0 0 0 0
99.5 416.6 1971.6 59 0.7957561612 -0.1707860231 -0.5810372233 0.4049142301 0.8634803891 0.3007425070 0.4503516555 -0.4745879471 0.7562735081
139.0 216.6 2081.6 0.7957561612 -0.1707860231 -0.5810372233 0.4049142301 0.8634803891 0.3007425070 0.4503516555 -0.4745879471 0.7562735081
125.7 23.1 2073.1 0.8224422932 0.0687051490 -0.5646842718 -0.0813713670 0.9966800809 0.0027516319 0.5629985929 0.0436860695 0.8253024220
26.7 227.7 2004.7 0.4783294499 -0.7641330361 -0.4327835441 0.4218133092 0.6321626306 -0.6499568820 0.7702431083 0.1283396482 0.6247035265
-82.6 131.3 1828.7 -0.6439517140 -0.7641330361 -0.0377734266 -0.7592220902 0.6321626306 0.1547650546 -0.0943821520 0.1283396482 -0.9872289300
251.4 205.5 2158.5 0.3284984827 0.9255696535 0.1881743222 -0.6865388155 0.0971660167 0.7205714583 0.6486548781 -0.3658955991 0.6673583984
324.9 51.8 2303.7 -0.2364704609 0.9255696535 0.2956392169 -0.6063764691 0.0971660167 -0.7892188430 -0.7592030764 -0.3658955991 0.5382667780
40.2 -162.6 2014.2 0.7627363205 0.1377437860 -0.6318702102 -0.0659240857 0.9885247946 0.1359146982 0.6433407664 -0.0620116070 0.7630643845
-13.3 -546.3 2038.3 0.7801844478 0.0569108799 -0.6229553223 0.0821676031 0.9779012799 0.1922434866 0.6201295853 -0.2011721283 0.7582671642
187.3 -176.4 2114.9 0.9281634092 0.1814680398 0.3249339759 -0.1684732884 0.9833616018 -0.0679459944 -0.3318576217 0.0083222883 0.9432927966
116.9 -558.1 2111.7 0.9299721122 -0.0804585963 0.3587175310 0.0207181983 0.9856763482 0.1673706472 -0.3670457900 -0.1482180506 0.9183184505
97.1 343.2 1855.0 0 0 0 0 0 0 0 0 0
264.9 -102.1 2110.9 0 0 0 0 0 0 0 0 0
-34.5 -911.1 2113.3 0 0 0 0 0 0 0 0 0
146.9 -925.9 2167.0 0 0 0 0 0 0 0 0 0
99.5 419.4 1970.3 60 0.7909050584 -0.1625652015 -0.5899506211 0.4042937756 0.8625112772 0.3043367565 0.4593645036 -0.4792148471 0.7478886247
137.5 217.7 2082.3 0.7909050584 -0.1625652015 -0.5899506211 0.4042937756 0.8625112772 0.3043367565 0.4593645036 -0.4792148471 0.7478886247
123.5 24.3 2074.5 0.8145467043 0.0722007602 -0.5755872726 -0.0820939764 0.9965854287 0.0088341897 0.5742596984 0.0400563814 0.8176926374
26.2 228.9 2003.9 0.4750320613 -0.7691581845 -0.4274812341 0.3960561752 0.6206853986 -0.6766750216 0.7858015299 0.1521357596 0.5994753242
-81.7 138.9 1825.3 -0.6375996470 -0.7691581845 -0.0431550592 -0.7614156604 0.6206853986 0.1870716512 -0.1171019748 0.1521357596 -0.9813979268
248.8 206.5 2160.8 0.3170231879 0.9307374954 0.1822744310 -0.6848827004 0.0917178020 0.7228578925 0.6560731530 -0.3539993167 0.6665226817
319.7 53.3 2307.6 -0.2288561016 0.9307374954 0.2852236927 -0.6089438796 0.0917178020 -0.7878928781 -0.7594815493 -0.3539993167 0.5457767248
38.9 -163.1 2014.2 0.7541112304 0.1396458000 -0.6417283416 -0.0641513616 0.9881223440 0.1396383196 0.6536060572 -0.0641350746 0.7541126013
-15.3 -546.7 2039.1 0.7696788907 0.0510755628 -0.6363848448 0.0791643932 0.9814666510 0.1745172441 0.6335040331 -0.1847012639 0.7513707876
186.0 -177.6 2115.1 0.9347653389 0.1680100411 0.3130276799 -0.1571944952 0.9857633710 -0.0596694015 -0.3185963035 0.0065706628 0.9478677511
120.8 -560.3 2112.5 0.9393252730 -0.0411242247 0.3405536711 -0.0078070881 0.9899675250 0.1410792023 -0.3429388404 -0.1351779997 0.9295804501
96.3 351.5 1858.0 0 0 0 0 0 0 0 0 0
261.6 -101.3 2114.8 0 0 0 0 0 0 0 0 0
-34.4 -912.9 2108.0 0 0 0 0 0 0 0 0 0
136.2 -929.4 2162.9 0 0 0 0 0 0 0 0 0
98.0 419.0 1968.1 61 0.7848698497 -0.1668383181 -0.5967782140 0.4162174463 0.8554191589 0.3082549274 0.4590668082 -0.4903295338 0.7408337593
136.9 219.8 2082.3 0.7848698497 -0.1668383181 -0.5967782140 0.4162174463 0.8554191589 0.3082549274 0.4590668082 -0.4903295338 0.7408337593
121.8 26.4 2076.2 0.8087837100 0.0778960735 -0.5829246044 -0.0816963688 0.9964604378 0.0198064391 0.5824041367 0.0316037014 0.8122848272
26.4 230.9 2002.7 0.4705460370 -0.7749519348 -0.4219429791 0.3908165395 0.6117665768 -0.6877529025 0.7911061049 0.1587171257 0.5907284021
-80.7 142.0 1822.7 -0.6308485866 -0.7749519348 -0.0384642929 -0.7640109658 0.6117665768 0.2050095350 -0.1353413761 0.1587171257 -0.9780038595
247.4 208.6 2161.9 0.3068924844 0.9344458580 0.1806321442 -0.6806935072 0.0828548893 0.7278677225 0.6651867032 -0.3463322520 0.6614987254
316.0 56.3 2310.7 -0.2256858796 0.9344458580 0.2754575312 -0.6145088077 0.0828548893 -0.7845469713 -0.7559396625 -0.3463322520 0.5555260181
36.6 -161.8 2015.3 0.7483721375 0.1303707659 -0.6503403783 -0.0581494123 0.9896134138 0.1314684600 0.6607252359 -0.0605704226 0.7481800914
-14.0 -546.0 2038.8 0.7647029757 0.0879153684 -0.6383574605 0.0608425178 0.9763725996 0.2073518485 0.6415041685 -0.1974018514 0.7412859797
182.4 -176.5 2118.2 0.9393904209 0.1627182811 0.3017754257 -0.1496557146 0.9865276217 -0.0660787225 -0.3084619939 0.0169113036 0.9510863423
119.3 -559.5 2111.6 0.9413545132 -0.0700899363 0.3300591409 0.0205337983 0.9882743359 0.1513016671 -0.3367937207 -0.1356511414 0.9317557216
95.4 355.3 1860.5 0 0 0 0 0 0 0 0 0
258.8 -99.7 2118.8 0 0 0 0 0 0 0 0 0
-46.8 -910.1 2112.4 0 0 0 0 0 0 0 0 0
145.4 -928.0 2162.2 0 0 0 0 0 0 0 0 0
98.7 422.3 1973.1 62 0.7924451828 -0.1544959396 -0.5900522470 0.3923578858 0.8697903156 0.2991990149 0.4669966996 -0.4686104655 0.7498788834
134.4 220.9 2081.6 0.7924451828 -0.1544959396 -0.5900522470 0.3923578858 0.8697903156 0.2991990149 0.4669966996 -0.4686104655 0.7498788834
118.9 27.5 2076.4 0.8113402128 0.0799311399 -0.5790838599 -0.0805537701 0.9964447021 0.0246776827 0.5789975524 0.0266253911 0.8148944378
23.6 231.9 2002.5 0.4535020590 -0.7812807560 -0.4288779199 0.3887142837 0.6064125299 -0.6936605573 0.8020206094 0.1478655189 0.5787043571
-79.5 143.5 1820.1 -0.6237601638 -0.7812807560 -0.0228842106 -0.7672166228 0.6064125299 0.2089078277 -0.1493383944 0.1478655189 -0.9776675701
245.3 209.9 2160.7 0.3087198436 0.9329741001 0.1850714386 -0.6781951785 0.0794927850 0.7305697799 0.6668908000 -0.3510559499 0.6572794914
314.4 58.1 2309.9 -0.2303583473 0.9329741001 0.2765762210 -0.6175490618 0.0794927850 -0.7825049758 -0.7520427108 -0.3510559499 0.5578454137
34.2 -159.7 2017.9 0.7516571283 0.1193147749 -0.6486721635 -0.0540299155 0.9913345575 0.1197352037 0.6573373079 -0.0549521185 0.7515902519
-12.1 -544.6 2039.2 0.7647361755 0.1038224176 -0.6359241009 0.0377018489 0.9780325294 0.2050145268 0.6432395577 -0.1807575375 0.7440226078
179.1 -174.4 2122.2 0.9396531582 0.1575567722 0.3036902845 -0.1406331509 0.9870659709 -0.0769617707 -0.3118881881 0.0296084471 0.9496573806
117.9 -557.5 2110.7 0.9399960637 -0.0781861395 0.3321058154 0.0270506777 0.9874031544 0.1558952183 -0.3401111662 -0.1375572085 0.9302700758
94.6 357.7 1861.8 0 0 0 0 0 0 0 0 0
255.9 -98.6 2119.0 0 0 0 0 0 0 0 0 0
-50.8 -909.4 2106.6 0 0 0 0 0 0 0 0 0
147.1 -925.9 2162.0 0 0 0 0 0 0 0 0 0
98.4 423.4 1970.5 63 0.7930098772 -0.1489898860 -0.5907092094 0.3921575844 0.8668686748 0.3078167439 0.4662057161 -0.4757528305 0.7458629012
133.1 221.5 2081.3 0.7930098772 -0.1489898860 -0.5907092094 0.3921575844 0.8668686748 0.3078167439 0.4662057161 -0.4757528305 0.7458629012
118.4 28.0 2075.5 0.8114973903 0.0759221092 -0.5794029832 -0.0793496892 0.9966568351 0.0194617976 0.5789434910 0.0301822461 0.8148088455
22.2 232.3 2002.2 0.4472815692 -0.7820107937 -0.4340487123 0.3874299228 0.6068114638 -0.6940301657 0.8061248064 0.1422634423 0.5743899941
-79.6 144.1 1818.7 -0.6231051087 -0.7820107937 -0.0141095761 -0.7663389444 0.6068114638 0.2109607458 -0.1564117372 0.1422634423 -0.9773926735
244.0 210.7 2160.4 0.3112592101 0.9327458143 0.1819421798 -0.6793036461 0.0844901055 0.7289773226 0.6645782590 -0.3504949212 0.6599159837
313.6 58.6 2309.1 -0.2276642770 0.9327458143 0.2795608044 -0.6157845855 0.0844901055 -0.7833714485 -0.7543065548 -0.3504949212 0.5551350713
30.7 -158.7 2019.3 0.7524852753 0.1047495008 -0.6502256989 -0.0461409725 0.9932298660 0.1066090316 0.6569908261 -0.0502196774 0.7522240877
-9.9 -544.3 2038.8 0.7638583183 0.1338501275 -0.6313514113 0.0226346981 0.9720991254 0.2334758341 0.6449869275 -0.1926328987 0.7395163178
176.1 -173.2 2123.1 0.9415069222 0.1478026956 0.3028515279 -0.1278159618 0.9881572127 -0.0849019662 -0.3118136525 0.0412265286 0.9492484331
118.7 -556.7 2107.1 0.9412077069 -0.0639226064 0.3317257464 0.0002427177 0.9820631742 0.1885521114 -0.3378283978 -0.1773861796 0.9243409038
94.4 358.1 1862.4 0 0 0 0 0 0 0 0 0
255.8 -97.7 2117.6 0 0 0 0 0 0 0 0 0
-59.8 -906.8 2110.7 0 0 0 0 0 0 0 0 0
142.6 -922.9 2173.2 0 0 0 0 0 0 0 0 0
99.2 422.2 1969.7 64 0.8008476496 -0.1364405453 -0.5831183791 0.3827887774 0.8654504418 0.3232155740 0.4605603516 -0.4820576012 0.7453218102
131.0 220.4 2082.1 0.8008476496 -0.1364405453 -0.5831183791 0.3827887774 0.8654504418 0.3232155740 0.4605603516 -0.4820576012 0.7453218102
116.4 27.0 2074.2 0.8162038922 0.0753503367 -0.5728294253 -0.0852039084 0.9963167906 0.0096521731 0.5714468956 0.0409291647 0.8196177483
19.5 232.0 2004.1 0.4370653927 -0.7820526958 -0.4442605376 0.3815735579 0.6085063219 -0.6957885623 0.8144786358 0.1345870048 0.5643676519
-79.4 145.7 1819.9 -0.6231585741 -0.7820526958 -0.0081848390 -0.7663688660 0.6085063219 0.2059097141 -0.1560517251 0.1345870048 -0.9785367846
242.5 208.7 2160.2 0.3171506226 0.9298161268 0.1867014617 -0.6865536571 0.0892882571 0.7215757966 0.6542626023 -0.3570287824 0.6666865349
313.5 55.1 2306.6 -0.2332687378 0.9298161268 0.2846535444 -0.6073683500 0.0892882571 -0.7893866301 -0.7594006658 -0.3570287824 0.5439127088
30.9 -158.3 2017.7 0.7585792542 0.1066341475 -0.6427959800 -0.0455359444 0.9927816391 0.1109555736 0.6499876976 -0.0548982695 0.7579591870
-10.5 -543.7 2039.0 0.7692207098 0.1304394603 -0.6255277991 0.0206525195 0.9733558893 0.2283677161 0.6386493444 -0.1885838956 0.7460315824
176.3 -172.6 2121.5 0.9377067685 0.1516899318 0.3125638962 -0.1323804855 0.9877820611 -0.0822312459 -0.3212186694 0.0357314348 0.9463307261
117.5 -556.0 2107.6 0.9347294569 -0.0918547288 0.3432835639 0.0186817478 0.9773817062 0.2106560469 -0.3548688293 -0.1904932708 0.9153034687
94.6 359.7 1863.4 0 0 0 0 0 0 0 0 0
254.3 -99.0 2113.8 0 0 0 0 0 0 0 0 0
-59.1 -906.9 2109.4 0 0 0 0 0 0 0 0 0
151.7 -920.5 2178.6 0 0 0 0 0 0 0 0 0
98.4 421.8 1972.4 65 0.8066396117 -0.1442738771 -0.5731645226 0.3778825402 0.8715459704 0.3124298751 0.4544637203 -0.4686071873 0.7575420737
131.6 221.3 2080.1 0.8066396117 -0.1442738771 -0.5731645226 0.3778825402 0.8715459704 0.3124298751 0.4544637203 -0.4686071873 0.7575420737
113.6 28.2 2073.5 0.8197619915 0.0925338864 -0.5651794076 -0.0955451280 0.9951273799 0.0243440177 0.5646781325 0.0340438373 0.8246087432
19.6 234.4 2003.0 0.4194530845 -0.7914753556 -0.4445513189 0.3809778392 0.5979831219 -0.7051752210 0.8239629865 0.1264237165 0.5523604751
-74.6 148.8 1817.8 -0.6111886501 -0.7914753556 0.0039049096 -0.7730214000 0.5979831219 0.2117877901 -0.1699598879 0.1264237165 -0.9773078561
243.6 208.3 2157.3 0.3113925159 0.9279472828 0.2048134804 -0.6877939701 0.0713604093 0.7223899364 0.6557241678 -0.3658162951 0.6604576111
313.3 54.4 2304.0 -0.2503194809 0.9279472828 0.2761413157 -0.6078670621 0.0713604093 -0.7908257246 -0.7535501122 -0.3658162951 0.5462056994
28.6 -158.8 2015.0 0.7645905614 0.1041622534 -0.6360436678 -0.0451233648 0.9930837750 0.1083902866 0.6429347992 -0.0541737564 0.7640026212
-11.8 -544.3 2036.1 0.7773412466 0.1097597554 -0.6194298863 0.0411371104 0.9736846685 0.2241560668 0.6277326941 -0.1997273117 0.7523700595
174.9 -174.0 2117.4 0.9353066683 0.1467065364 0.3219916523 -0.1320442855 0.9889740348 -0.0670422763 -0.3282769322 0.0201879274 0.9443657398
117.9 -557.9 2109.6 0.9329891205 -0.0879656076 0.3489889801 0.0210107751 0.9813296795 0.1911820769 -0.3592906892 -0.1710382700 0.9174181819
96.0 364.6 1865.3 0 0 0 0 0 0 0 0 0
249.7 -99.9 2112.7 0 0 0 0 0 0 0 0 0
-52.8 -907.6 2110.6 0 0 0 0 0 0 0 0 0
150.7 -924.0 2173.4 0 0 0 0 0 0 0 0 0
98.4 423.4 1977.2 66 0.8176360130 -0.1421493441 -0.5579112172 0.3589836061 0.8834751844 0.3010021746 0.4501135051 -0.4463911951 0.7733904123
131.1 220.5 2079.7 0.8176360130 -0.1421493441 -0.5579112172 0.3589836061 0.8834751844 0.3010021746 0.4501135051 -0.4463911951 0.7733904123
115.4 27.2 2071.8 0.8322659135 0.0808715448 -0.5484462380 -0.0897143930 0.9959099293 0.0107112480 0.5470693111 0.0402889140 0.8361172080
17.4 232.7 2005.0 0.4100397229 -0.7970828414 -0.4433129728 0.3790120780 0.5910100937 -0.7120792866 0.8295885921 0.1239598244 0.5444416404
-76.5 145.9 1815.0 -0.6038326025 -0.7970828414 0.0067223175 -0.7777748108 0.5910100937 0.2139471769 -0.1745065749 0.1239598244 -0.9768220782
244.8 208.3 2154.4 0.3332301676 0.9193034172 0.2093772590 -0.6890523434 0.0858736187 0.7196058631 0.6435561776 -0.3840662539 0.6620638371
319.3 54.1 2298.4 -0.2581351399 0.9193034172 0.2970646918 -0.6050724387 0.0858736187 -0.7915257812 -0.7531624436 -0.3840662539 0.5340781808
22.2 -156.4 2016.3 0.7788764834 0.0915849879 -0.6204543710 -0.0319959372 0.9937947392 0.1065280512 0.6263607144 -0.0631201714 0.7769736648
-13.3 -542.1 2040.8 0.7866950631 0.0950733945 -0.6099770069 0.0316406302 0.9805619717 0.1936415434 0.6165304184 -0.1716368943 0.7683950663
169.1 -173.5 2117.5 0.9299045205 0.1334416419 0.3427402973 -0.1180807501 0.9908477664 -0.0654038191 -0.3483310640 0.0203482732 0.9371507168
117.3 -558.1 2109.6 0.9265254140 -0.0877538398 0.3658550680 0.0139530562 0.9797639251 0.1996697187 -0.3759733737 -0.1798942834 0.9090005755
92.1 363.1 1863.7 0 0 0 0 0 0 0 0 0
253.8 -99.5 2107.2 0 0 0 0 0 0 0 0 0
-48.8 -907.9 2104.9 0 0 0 0 0 0 0 0 0
150.1 -923.7 2176.7 0 0 0 0 0 0 0 0 0
99.3 422.8 1974.6 67 0.8211228251 -0.1331540346 -0.5550020933 0.3545717299 0.8810065389 0.3132193089 0.4472540617 -0.4539795816 0.7706272602
129.7 221.5 2078.3 0.8211228251 -0.1331540346 -0.5550020933 0.3545717299 0.8810065389 0.3132193089 0.4472540617 -0.4539795816 0.7706272602
114.9 28.1 2070.0 0.8345214128 0.0761946961 -0.5456815362 -0.0870028287 0.9961897135 0.0060450030 0.5440629721 0.0424311571 0.8379707932
15.7 233.4 2004.0 0.4121035337 -0.7920077443 -0.4504379928 0.3840400279 0.5992978811 -0.7023925781 0.8262469172 0.1164722443 0.5511354804
-78.6 145.5 1815.0 -0.6103573442 -0.7920077443 0.0136992494 -0.7729844451 0.5992978811 0.2081756741 -0.1730866879 0.1164722443 -0.9779955149
243.7 209.6 2152.6 0.3387231529 0.9175871015 0.2080877125 -0.6889694929 0.0912726596 0.7190204263 0.6407711506 -0.3869149387 0.6631056666
319.5 55.5 2296.0 -0.2577171624 0.9175871015 0.3026809096 -0.6044767499 0.0912726596 -0.7913767695 -0.7537836432 -0.3869149387 0.5311375260
25.1 -158.1 2015.0 0.7801329494 0.0989593640 -0.6177374721 -0.0403120257 0.9933098555 0.1082151756 0.6243135929 -0.0595199801 0.7789030075
-13.3 -543.7 2038.1 0.7908096910 0.0919334143 -0.6051183939 0.0429654345 0.9778780937 0.2047155499 0.6105522513 -0.1878902018 0.7693654895
174.2 -174.1 2113.0 0.9267854691 0.1445544660 0.3466593027 -0.1308911890 0.9894155264 -0.0626447797 -0.3520456851 0.0126836253 0.9358968735
118.1 -558.2 2108.1 0.9254435301 -0.0718100220 0.3720182180 -0.0005835302 0.9816036820 0.1909288466 -0.3788850605 -0.1769109517 0.9083769321
91.9 361.4 1863.3 0 0 0 0 0 0 0 0 0
254.1 -98.0 2104.6 0 0 0 0 0 0 0 0 0
-47.6 -908.5 2108.2 0 0 0 0 0 0 0 0 0
144.9 -924.5 2174.1 0 0 0 0 0 0 0 0 0
99.0 423.9 1973.3 68 0.8283101916 -0.1242603362 -0.5463163257 0.3405230641 0.8859802485 0.3147746325 0.4449114799 -0.4467643499 0.7761799693
127.8 218.5 2076.8 0.8283101916 -0.1242603362 -0.5463163257 0.3405230641 0.8859802485 0.3147746325 0.4449114799 -0.4467643499 0.7761799693
113.4 25.2 2067.2 0.8397287130 0.0742747560 -0.5379022956 -0.0893882886 0.9959948063 -0.0020164377 0.5355981588 0.0497754291 0.8430047631
13.1 230.7 2003.7 0.3928898871 -0.7955949306 -0.4611575305 0.3646159172 0.5951563120 -0.7161314487 0.8442113400 0.1132154092 0.5239174366
-74.8 149.2 1814.8 -0.6055095196 -0.7955949306 0.0196719505 -0.7750989199 0.5951563120 0.2121570706 -0.1804989725 0.1132154092 -0.9770375490
242.5 206.3 2150.0 0.3462391794 0.9137442112 0.2125791609 -0.6933075786 0.0965680033 0.7141423225 0.6320150495 -0.3946467936 0.6669414043
320.0 51.2 2291.4 -0.2633063197 0.9137442112 0.3094208241 -0.5990023017 0.0965680033 -0.7949030399 -0.7562182546 -0.3946467936 0.5219079256
25.3 -157.4 2013.1 0.7862017751 0.1040416136 -0.6091486812 -0.0412601568 0.9923636317 0.1162414104 0.6165909171 -0.0662556291 0.7844907641
-15.0 -542.7 2038.8 0.7960571051 0.0704352111 -0.6011089683 0.0493199863 0.9823518991 0.1804226637 0.6032086015 -0.1732734293 0.7785342932
174.9 -173.0 2110.5 0.9215024114 0.1523980200 0.3572227955 -0.1411336958 0.9883157015 -0.0575616285 -0.3618211746 0.0026270077 0.9322438240
115.7 -556.7 2109.5 0.9198981524 -0.0786518902 0.3841890991 0.0024665855 0.9808220863 0.1948897094 -0.3921495974 -0.1783310473 0.9024503827
94.2 365.6 1865.2 0 0 0 0 0 0 0 0 0
253.1 -100.8 2099.5 0 0 0 0 0 0 0 0 0
-41.3 -909.2 2103.4 0 0 0 0 0 0 0 0 0
145.1 -922.7 2176.1 0 0 0 0 0 0 0 0 0
98.0 425.1 1972.6 69 0.8232852817 -0.1419976205 -0.5495798588 0.3589221239 0.8803035617 0.3102265894 0.4397456944 -0.4526613653 0.7757070065
131.3 218.4 2078.9 0.8232852817 -0.1419976205 -0.5495798588 0.3589221239 0.8803035617 0.3102265894 0.4397456944 -0.4526613653 0.7757070065
114.3 25.3 2069.8 0.8365871310 0.0875240937 -0.5407970548 -0.0990214199 0.9950542450 0.0078609427 0.5388104320 0.0469741300 0.8411163688
17.0 231.9 2005.3 0.3967176676 -0.8017679453 -0.4469712377 0.3597597480 0.5837778449 -0.7278573513 0.8445045948 0.1279516220 0.5200388432
-72.6 150.7 1814.5 -0.5976125002 -0.8017679453 0.0052426648 -0.7812687159 0.5837778449 0.2209584862 -0.1802179813 0.1279516220 -0.9752691388
245.6 204.9 2152.5 0.3346760273 0.9163346887 0.2198243141 -0.6958987117 0.0830428004 0.7133224010 0.6353872418 -0.3917073607 0.6654685736
320.5 49.2 2294.7 -0.2687155306 0.9163346887 0.2968547344 -0.5977160931 0.0830428004 -0.7973953485 -0.7553326488 -0.3917073607 0.5253931284
23.7 -160.1 2009.5 0.7849119902 0.1024546996 -0.6110779643 -0.0366069227 0.9921795130 0.1193305105 0.6185249686 -0.0712942630 0.7825241089
-16.1 -545.3 2037.2 0.7954142690 0.0604420751 -0.6030446887 0.0650753155 0.9807448387 0.1841324419 0.6025623083 -0.1857048869 0.7761651278
174.2 -176.1 2105.5 0.9225376248 0.1515072882 0.3549222946 -0.1436189562 0.9884372950 -0.0486347601 -0.3581869304 -0.0061061746 0.9336299300
115.3 -559.8 2107.9 0.9211056828 -0.0816080123 0.3806631267 0.0101052271 0.9824650884 0.1861725897 -0.3891814053 -0.1676379442 0.9057788849
94.3 368.8 1864.8 0 0 0 0 0 0 0 0 0
252.3 -102.5 2102.9 0 0 0 0 0 0 0 0 0
-38.6 -911.3 2106.5 0 0 0 0 0 0 0 0 0
145.8 -926.5 2170.4 0 0 0 0 0 0 0 0 0
97.6 428.1 1980.3 70 0.8236225843 -0.1403667778 -0.5494933724 0.3456195891 0.8924141526 0.2900759578 0.4496586323 -0.4288288057 0.7835260034
130.1 222.0 2079.3 0.8236225843 -0.1403667778 -0.5494933724 0.3456195891 0.8924141526 0.2900759578 0.4496586323 -0.4288288057 0.7835260034
115.0 28.7 2070.0 0.8381115198 0.0777304247 -0.5399324298 -0.0911663398 0.9958339334 0.0018502941 0.5378268957 0.0476729125 0.8417063355
15.6 234.5 2005.8 0.3863001764 -0.7974094748 -0.4635842443 0.3651777804 0.5937515497 -0.7170106769 0.8470049500 0.1076906845 0.5205625296
-72.1 151.6 1813.5 -0.6029940248 -0.7974094748 0.0231592450 -0.7771813273 0.5937515497 0.2084425539 -0.1799649000 0.1076906845 -0.9777603745
244.6 209.6 2152.8 0.3422325552 0.9150462151 0.2134650648 -0.6930518150 0.0924220681 0.7149387002 0.6344730258 -0.3926176429 0.6658042669
321.1 54.5 2294.8 -0.2635988891 0.9150462151 0.3052967191 -0.5997413993 0.0924220681 -0.7948386073 -0.7555302382 -0.3926176429 0.5244287252
22.4 -159.0 2012.4 0.7855408788 0.0961225554 -0.6112985611 -0.0331976078 0.9929854870 0.1134801060 0.6179186106 -0.0688496158 0.7832217813
-14.9 -544.5 2039.1 0.7938680649 0.0836119056 -0.6023142934 0.0392787680 0.9813825488 0.1880038828 0.6068201065 -0.1729084402 0.7758041024
