31.3 427.1 2163.0  0.6954564452 0.2350605726 -0.6790337563 -0.1680018455 0.9719806910 0.1644047350 0.6986528039 -0.0002574020 0.7154608369
-15.5 233.4 2163.0 0.6954564452 0.2350605726 -0.6790337563 -0.1680018455 0.9719806910 0.1644047350 0.6986528039 -0.0002574020 0.7154608369
-60.0 42.7 2163.0 0.6967975497 0.2269056886 -0.6804314256 -0.1623527557 0.9739167094 0.1585174203 0.6986520886 0.0000153632 0.7154615521
-114.8 256.5 2063.5 0.3389630914 0.1235540658 -0.9326512814 0.9346651435 0.0687984005 0.3488091826 0.1072617099 -0.9899500608 -0.0921615586
-202.8 13.8 2035.7 -0.1435055584 0.0954266414 -0.9850380421 0.9544668198 0.2763818800 -0.1122769788 0.2615324259 -0.9562984705 -0.1307438910
83.7 210.3 2262.5 -0.0873761997 0.0798241496 -0.9929720759 -0.8934184909 0.4346359372 0.1135560274 0.4406458735 0.8970617056 0.0333395340
65.7 26.1 2353.3 0.5877752900 0.0798241496 0.8050765991 0.7063114047 0.4346359372 -0.5587627888 -0.3945179880 0.8970617056 0.1990875602
-176.3 -129.1 2099.0 0.7464601398 -0.0818087161 -0.6603822112 -0.0105377538 0.9908362627 -0.1346569508 0.6653467417 0.1074749902 0.7387576699
-144.3 -517.2 2056.9 0.7340753078 0.1933861226 -0.6509494781 -0.0836848170 0.9770479798 0.1958931834 0.6738919020 -0.0893257558 0.7334102392
-46.0 -161.3 2220.1 0.7028225064 -0.0942579508 -0.7050928473 0.0528515093 0.9953621030 -0.0803802833 0.7093991637 0.0192278530 0.7045446038
-9.1 -551.2 2212.6 0.7024152279 0.0554173775 -0.7096067667 0.0451908261 0.9914806485 0.1221634150 0.7103313208 -0.1178771630 0.6939267516
-165.3 -235.6 1967.3 0 0 0 0 0 0 0 0 0
228.6 222.0 2243.9 0 0 0 0 0 0 0 0 0
-217.1 -885.1 2090.6 0 0 0 0 0 0 0 0 0
-29.9 -924.6 2257.0 0 0 0 0 0 0 0 0 0
34.1 426.9 2167.6  0.6960193515 0.2352163494 -0.6784027815 -0.1787259281 0.9718371630 0.1535891294 0.6954236627 0.0143471574 0.7184567451
-13.0 232.6 2164.7 0.6960193515 0.2352163494 -0.6784027815 -0.1787259281 0.9718371630 0.1535891294 0.6954236627 0.0143471574 0.7184567451
-57.5 41.9 2162.7 0.6980366111 0.2270376682 -0.6791161895 -0.1702350974 0.9738294482 0.1505863667 0.6955320835 0.0104946056 0.7184183598
-112.4 256.8 2065.7 0.3368754089 0.1204267368 -0.9338160157 0.9347584844 0.0761247128 0.3470326066 0.1128784791 -0.9897992015 -0.0869253650
-201.2 10.6 2035.9 -0.1364446431 0.0954016447 -0.9860432744 0.9569566846 0.2700672448 -0.1062902063 0.2561577260 -0.9581034184 -0.1281444728
86.5 208.3 2263.8 -0.0865474939 0.1060070321 -0.9905917645 -0.8879750967 0.4425933063 0.1249455363 0.4516744018 0.8904345632 0.0558262616
68.9 28.0 2355.6 0.5784730911 0.1060070321 0.8087838888 0.7009047270 0.4425933063 -0.5593243241 -0.4172546566 0.8904345632 0.1817274839
-167.4 -133.4 2100.0 0.7486807108 -0.0557277501 -0.6605842710 -0.0328116938 0.9921241403 -0.1208843887 0.6621182561 0.1121786982 0.7409557104
-145.6 -521.9 2056.0 0.7434031963 0.1777941138 -0.6447798014 -0.0639581606 0.9785009027 0.1960747093 0.6657785177 -0.1045236364 0.7387920618
-41.5 -162.7 2226.2 0.7047348022 -0.0887070596 -0.7039033771 0.0380338952 0.9954496622 -0.0873693824 0.7084506750 0.0348000564 0.7049018741
-6.8 -552.6 2212.6 0.7047232985 0.0575130172 -0.7071473002 0.0378354378 0.9922441840 0.1184059754 0.7084727287 -0.1101986766 0.6970815659
-165.5 -239.5 1969.0 0 0 0 0 0 0 0 0 0
229.2 222.3 2239.9 0 0 0 0 0 0 0 0 0
-212.5 -890.4 2095.4 0 0 0 0 0 0 0 0 0
-28.4 -926.3 2254.1 0 0 0 0 0 0 0 0 0
39.9 427.9 2163.9  0.6964308619 0.2500309050 -0.6726578474 -0.1848429739 0.9682127237 0.1685147285 0.6934098005 0.0069772303 0.7205096483
-10.1 234.3 2162.6 0.6964308619 0.2500309050 -0.6726578474 -0.1848429739 0.9682127237 0.1685147285 0.6934098005 0.0069772303 0.7205096483
-57.0 44.1 2161.4 0.6985284090 0.2394835502 -0.6743186712 -0.1765339524 0.9708823562 0.1619358659 0.6934650540 0.0059233392 0.7204658985
-109.6 259.4 2063.7 0.3358936012 0.1171069816 -0.9345915914 0.9359575510 0.0697835535 0.3451285958 0.1056360900 -0.9906645417 -0.0861673132
-199.1 10.2 2035.6 -0.1158087775 0.0972638279 -0.9884979129 0.9633595347 0.2533901334 -0.0879311934 0.2419230789 -0.9624620676 -0.1230448335
89.4 209.1 2261.4 -0.0858212262 0.1102700159 -0.9901894927 -0.8866069913 0.4449195266 0.1263909340 0.4544917643 0.8887559772 0.0595826283
71.8 27.4 2354.5 0.5716909766 0.1102700159 0.8130251765 0.7030822039 0.4449195266 -0.5547270179 -0.4229005277 0.8887559772 0.1768276095
-165.0 -133.5 2097.8 0.7504451275 -0.0508248806 -0.6589756608 -0.0325563215 0.9929859638 -0.1136614457 0.6601304412 0.1067505032 0.7435268164
-145.1 -522.4 2056.0 0.7449464202 0.1775327325 -0.6430684328 -0.0651833788 0.9786984324 0.1946805120 0.6639322042 -0.1031091735 0.7406500578
-38.9 -164.3 2223.5 0.7071071863 -0.0839689076 -0.7021030188 0.0419864617 0.9961581230 -0.0768510923 0.7058587074 0.0248631388 0.7079161406
-6.0 -554.4 2213.8 0.7065404058 0.0682309195 -0.7043757439 0.0333673768 0.9910221100 0.1294674724 0.7068855762 -0.1149771810 0.6979205012
-168.8 -241.5 1972.4 0 0 0 0 0 0 0 0 0
230.3 222.4 2237.3 0 0 0 0 0 0 0 0 0
-212.0 -891.0 2094.9 0 0 0 0 0 0 0 0 0
-31.7 -927.7 2257.1 0 0 0 0 0 0 0 0 0
41.5 425.5 2162.6  0.7015914917 0.2556765676 -0.6651306748 -0.1891628057 0.9667490125 0.1720865518 0.6870129108 0.0050835200 0.7266274095
-9.4 233.1 2161.6 0.7015914917 0.2556765676 -0.6651306748 -0.1891628057 0.9667490125 0.1720865518 0.6870129108 0.0050835200 0.7266274095
-58.0 43.4 2161.0 0.7033516169 0.2483255565 -0.6660562158 -0.1824037731 0.9686721563 0.1685324013 0.6870409846 0.0029536267 0.7266126275
-109.6 259.1 2063.7 0.3286323845 0.1114359871 -0.9378607273 0.9381240606 0.0762960687 0.3377901018 0.1091970578 -0.9908385277 -0.0794674233
-197.1 9.3 2034.6 -0.0892445520 0.0972710997 -0.9912485480 0.9662485719 0.2499227077 -0.0624688566 0.2416591197 -0.9633675218 -0.1162922978
90.8 207.1 2259.5 -0.0892398059 0.1177692786 -0.9890230894 -0.8803371787 0.4551369846 0.1336291134 0.4658783972 0.8825988173 0.0630603433
73.0 31.3 2352.5 0.5977185369 0.1177692786 0.7930088043 0.6772636175 0.4551369846 -0.5780694485 -0.4290064573 0.8825988173 0.1922829449
-167.0 -130.0 2097.6 0.7556639910 -0.0558374189 -0.6525750160 -0.0267112106 0.9929029942 -0.1158883497 0.6544145942 0.1050037146 0.7488095760
-145.2 -518.9 2056.5 0.7496648431 0.1690336615 -0.6398673654 -0.0648566782 0.9809432626 0.1831499338 0.6586320996 -0.0958013907 0.7463416457
-40.8 -162.0 2222.9 0.7127312422 -0.0936918482 -0.6951517463 0.0513777360 0.9953502417 -0.0814752877 0.6995530725 0.0223546606 0.7142308950
-4.1 -551.8 2214.2 0.7110037208 0.0755264089 -0.6991204619 0.0255528223 0.9907836318 0.1330221146 0.7027238011 -0.1124437153 0.7025209069
-173.8 -243.1 1971.5 0 0 0 0 0 0 0 0 0
238.7 219.0 2233.6 0 0 0 0 0 0 0 0 0
-208.8 -888.4 2092.5 0 0 0 0 0 0 0 0 0
-32.5 -925.0 2256.5 0 0 0 0 0 0 0 0 0
44.4 424.0 2162.4  0.6972646117 0.2614165246 -0.6674454808 -0.1920260489 0.9652158618 0.1774383038 0.6906142235 0.0044454555 0.7232096791
-7.6 231.7 2161.6 0.6972646117 0.2614165246 -0.6674454808 -0.1920260489 0.9652158618 0.1774383038 0.6906142235 0.0044454555 0.7232096791
-56.9 42.1 2161.1 0.6995546222 0.2515293360 -0.6688470244 -0.1833960265 0.9678471088 0.1721565425 0.6906440258 0.0022309751 0.7231913805
-107.3 257.8 2063.1 0.3356827796 0.1152978241 -0.9348922372 0.9359491467 0.0712568387 0.3448502123 0.1063779444 -0.9907718301 -0.0839932114
-196.3 9.8 2034.9 -0.0703139305 0.1040957719 -0.9920786619 0.9662432075 0.2542166114 -0.0418086648 0.2478507608 -0.9615289569 -0.1184568033
92.1 205.6 2260.0 -0.0983249024 0.1201628298 -0.9878730178 -0.8806877136 0.4517228007 0.1426031739 0.4633803666 0.8840290904 0.0614103265
72.9 33.6 2350.4 0.6168245077 0.1201628298 0.7778742909 0.6637662649 0.4517228007 -0.5961215496 -0.4230152071 0.8840290904 0.1988736689
-170.2 -129.8 2098.4 0.7522313595 -0.0645179674 -0.6557327509 -0.0228148438 0.9920473099 -0.1237804741 0.6585040092 0.1080719903 0.7447770834
-144.9 -518.4 2056.0 0.7445747256 0.1779481769 -0.6433839202 -0.0697159618 0.9792730808 0.1901681125 0.6638886333 -0.0967402533 0.7415478230
-43.1 -162.8 2222.6 0.7094942927 -0.0937502757 -0.6984473467 0.0520995706 0.9953773022 -0.0806825981 0.7027826309 0.0208550356 0.7110988498
-6.4 -552.7 2214.4 0.7086254358 0.0660703555 -0.7024846673 0.0379993282 0.9905877709 0.1314986348 0.7045608759 -0.1198772267 0.6994450688
-177.9 -242.6 1970.2 0 0 0 0 0 0 0 0 0
243.8 217.6 2233.2 0 0 0 0 0 0 0 0 0
-212.0 -887.2 2092.5 0 0 0 0 0 0 0 0 0
-31.2 -925.8 2259.5 0 0 0 0 0 0 0 0 0
49.0 424.1 2161.9  0.6983335018 0.2689254880 -0.6633320451 -0.1961376071 0.9631596208 0.1839933991 0.6883751154 0.0016156003 0.7253530622
-4.6 232.0 2161.5 0.6983335018 0.2689254880 -0.6633320451 -0.1961376071 0.9631596208 0.1839933991 0.6883751154 0.0016156003 0.7253530622
-55.3 42.8 2161.7 0.7007637024 0.2590122223 -0.6647126079 -0.1872578710 0.9658735991 0.1789488047 0.6883782744 -0.0009281564 0.7253512740
-104.5 258.7 2063.4 0.3454424143 0.1122774556 -0.9316991568 0.9326762557 0.0687902570 0.3540945053 0.1038486511 -0.9912929535 -0.0809554458
-197.0 8.8 2035.6 -0.0678623170 0.1011860073 -0.9925503135 0.9653896093 0.2577687204 -0.0397269391 0.2518286109 -0.9608936906 -0.1151767001
95.3 205.3 2259.6 -0.1050659865 0.1137428060 -0.9879391193 -0.8815509081 0.4491207302 0.1454596370 0.4602489471 0.8862015009 0.0530827641
75.1 36.4 2347.8 0.6319231987 0.1137428060 0.7666391730 0.6555972099 0.4491207302 -0.6070278883 -0.4133585989 0.8862015009 0.2092403620
-169.4 -130.8 2098.3 0.7542167306 -0.0645777583 -0.6534422636 -0.0215861183 0.9921757579 -0.1229689345 0.6562706232 0.1068505123 0.7469215989
-144.1 -519.5 2056.4 0.7454923987 0.1820804775 -0.6411612630 -0.0744031966 0.9786837697 0.1914217025 0.6623482704 -0.0949989706 0.7431486845
-42.9 -164.0 2223.1 0.7121589780 -0.0925672799 -0.6958885789 0.0527721792 0.9955227971 -0.0784186721 0.7000319362 0.0191230029 0.7138554454
-6.7 -554.0 2215.6 0.7103012800 0.0770028532 -0.6996732354 0.0253914632 0.9905484915 0.1347924173 0.7034396529 -0.1135089621 0.7016326785
-179.3 -243.4 1969.8 0 0 0 0 0 0 0 0 0
250.3 218.2 2233.2 0 0 0 0 0 0 0 0 0
-212.7 -888.1 2092.2 0 0 0 0 0 0 0 0 0
-35.7 -927.0 2258.4 0 0 0 0 0 0 0 0 0
52.3 424.7 2161.6 0 0.7129164338 0.2713159621 -0.6466357708 -0.2022741884 0.9624885321 0.1808342338 0.6714426875 0.0018780194 0.7410541177
-1.9 232.2 2161.2 0.7129164338 0.2713159621 -0.6466357708 -0.2022741884 0.9624885321 0.1808342338 0.6714426875 0.0018780194 0.7410541177
-52.5 43.0 2161.6 0.7162685990 0.2583087087 -0.6482560039 -0.1900677681 0.9660601616 0.1749342382 0.6714413762 -0.0020873346 0.7410547733
-104.0 259.3 2065.5 0.3476479650 0.0932299942 -0.9329785705 0.9310954213 0.0829018578 0.3552304208 0.1104637906 -0.9921872020 -0.0579853579
-196.9 10.3 2036.0 -0.0610065497 0.0840109587 -0.9945955873 0.9668558240 0.2524825931 -0.0379784852 0.2479274422 -0.9639474750 -0.0966295749
100.1 205.1 2256.9 -0.1202100143 0.1044500917 -0.9872384071 -0.8742569089 0.4600129128 0.1551224291 0.4703449607 0.8817473054 0.0360180587
77.3 38.7 2346.4 0.6374532580 0.1044500917 0.7633763552 0.6495630741 0.4600129128 -0.6053560376 -0.4143924713 0.8817473054 0.2253898084
-169.4 -129.4 2099.7 0.7683939934 -0.0684758127 -0.6363031864 -0.0169146303 0.9917390347 -0.1271520108 0.6397535205 0.1084656790 0.7608880401
-142.6 -517.9 2057.2 0.7569499612 0.1858401597 -0.6264904141 -0.0878379196 0.9789443612 0.1842618287 0.6475424767 -0.0844473764 0.7573357224
-42.7 -163.3 2224.1 0.7277578115 -0.0905712619 -0.6798274517 0.0500576012 0.9956126213 -0.0790554732 0.6840049624 0.0235027093 0.7290986776
-7.2 -553.3 2214.9 0.7261596322 0.0776919127 -0.6831223369 0.0272501931 0.9895616174 0.1415104270 0.6869858503 -0.1213743761 0.7164626122
-181.0 -242.4 1971.2 0 0 0 0 0 0 0 0 0
254.0 218.8 2231.5 0 0 0 0 0 0 0 0 0
-212.6 -886.6 2089.0 0 0 0 0 0 0 0 0 0
-36.5 -926.0 2260.6 0 0 0 0 0 0 0 0 0
57.5 425.2 2154.4 1 0.7025344968 0.2806392312 -0.6539777517 -0.1885695159 0.9595221281 0.2091859877 0.6862119436 -0.0236400943 0.7270174026
1.2 232.7 2159.2 0.7025344968 0.2806392312 -0.6539777517 -0.1885695159 0.9595221281 0.2091859877 0.6862119436 -0.0236400943 0.7270174026
-50.8 44.0 2164.1 0.7059741616 0.2654882669 -0.6565946341 -0.1764559895 0.9637817144 0.1999702007 0.6859036088 -0.0253137331 0.7272519469
-99.4 257.8 2061.5 0.3555937111 0.1101220027 -0.9281305075 0.9294003844 0.0633460134 0.3635962009 0.0988333076 -0.9918974042 -0.0798219889
-194.4 9.4 2035.0 -0.0497852713 0.1027754843 -0.9934579134 0.9695091844 0.2439400852 -0.0233489685 0.2399445027 -0.9643290043 -0.1117863953
101.8 207.5 2256.9 -0.1075716019 0.1113188565 -0.9879455566 -0.8785447478 0.4545187056 0.1468734443 0.4653895497 0.8837538362 0.0489052944
81.1 38.0 2346.7 0.6315611601 0.1113188565 0.7672930360 0.6542508006 0.4545187056 -0.6044573188 -0.4160365462 0.8837538362 0.2142259181
-167.8 -129.1 2101.3 0.7610265613 -0.0646935105 -0.6454868913 -0.0238331687 0.9915550947 -0.1274771988 0.6482827663 0.1123975366 0.7530579567
-142.5 -517.5 2057.3 0.7520189285 0.1800685674 -0.6340684891 -0.0795657486 0.9797259569 0.1838648617 0.6543216705 -0.0878197253 0.7510997653
-38.4 -163.4 2222.7 0.7209441066 -0.0777749345 -0.6886150241 0.0408246070 0.9967229962 -0.0698326454 0.6917896271 0.0222330019 0.7217567563
-7.9 -553.8 2214.0 0.7210653424 0.0676093623 -0.6895605326 0.0425814390 0.9890223742 0.1414976269 0.6915573478 -0.1313915104 0.7102708817
-181.4 -243.9 1972.3 0 0 0 0 0 0 0 0 0
256.2 219.5 2231.3 0 0 0 0 0 0 0 0 0
-210.3 -886.5 2090.4 0 0 0 0 0 0 0 0 0
-33.4 -926.3 2263.5 0 0 0 0 0 0 0 0 0
61.9 424.4 2151.3 2 0.7258050442 0.2810629308 -0.6278619766 -0.1912916154 0.9591871500 0.2082488239 0.6607681513 -0.0310433097 0.7499478459
5.6 232.4 2157.6 0.7258050442 0.2810629308 -0.6278619766 -0.1912916154 0.9591871500 0.2082488239 0.6607681513 -0.0310433097 0.7499478459
-45.3 43.5 2163.8 0.7304627895 0.2598966062 -0.6315677762 -0.1747231036 0.9651014805 0.1950667202 0.6602241397 -0.0321394950 0.7503806353
-98.4 257.3 2063.5 0.3498690128 0.0816658363 -0.9332321882 0.9305964112 0.0841447860 0.3562442362 0.1076196060 -0.9931013584 -0.0465582795
-192.0 8.3 2034.8 -0.0338857099 0.0772624910 -0.9964347482 0.9703154564 0.2414210290 -0.0142779415 0.2394571602 -0.9673398733 -0.0831497088
109.6 207.6 2251.6 -0.1241541728 0.0710718036 -0.9897143841 -0.8665781021 0.4781023562 0.1430401504 0.4833509028 0.8754238486 0.0022308712
85.0 35.5 2347.6 0.6211603880 0.0710718036 0.7804540992 0.6654828191 0.4781023562 -0.5731934309 -0.4138748348 0.8754238486 0.2496811748
-166.6 -128.8 2107.1 0.7837810516 -0.0633767620 -0.6177949905 -0.0269891955 0.9903634787 -0.1358373612 0.6204505563 0.1231405437 0.7745175958
-141.8 -516.7 2058.8 0.7731585503 0.1843505204 -0.6068284512 -0.0928806812 0.9794181585 0.1792017967 0.6273747087 -0.0821887702 0.7743681073
-39.0 -160.7 2231.0 0.7453652620 -0.0795183182 -0.6618968844 0.0332466885 0.9960591197 -0.0822243243 0.6658267379 0.0392812788 0.7450715899
-7.9 -550.8 2215.6 0.7447802424 0.0717723370 -0.6634388566 0.0247999374 0.9905353189 0.1349989474 0.6668488383 -0.1169977859 0.7359511852
-183.2 -245.2 1972.2 0 0 0 0 0 0 0 0 0
257.2 220.0 2232.8 0 0 0 0 0 0 0 0 0
-211.3 -885.6 2089.8 0 0 0 0 0 0 0 0 0
-34.9 -923.8 2259.7 0 0 0 0 0 0 0 0 0
66.5 422.4 2143.8 3 0.7323437929 0.2847582698 -0.6185348034 -0.1836923659 0.9573018551 0.2232269794 0.6556902528 -0.0498587638 0.7533819675
9.4 230.4 2153.8 0.7323437929 0.2847582698 -0.6185348034 -0.1836923659 0.9573018551 0.2232269794 0.6556902528 -0.0498587638 0.7533819675
-42.5 41.8 2163.5 0.7365580797 0.2649503648 -0.6223210096 -0.1689704806 0.9629894495 0.2100006491 0.6549283266 -0.0495237932 0.7540664673
-95.5 254.5 2060.5 0.3589348793 0.0731551796 -0.9304913282 0.9285386801 0.0732385367 0.3639396727 0.0947718918 -0.9946277738 -0.0416395478
-191.5 6.3 2035.2 -0.0324330367 0.0684975535 -0.9971239567 0.9685205221 0.2485150099 -0.0144308954 0.2468117923 -0.9662030935 -0.0744013861
114.3 206.3 2247.1 -0.1412540972 0.0184442364 -0.9898015261 -0.8520256877 0.5068349242 0.1310366690 0.5040828586 0.8618457913 -0.0558775440
86.0 35.0 2348.4 0.6207076311 0.0184442364 0.7838250995 0.6699618101 0.5068349242 -0.5424661636 -0.4072753191 0.8618457913 0.3022393882
-162.2 -129.8 2110.5 0.7914449573 -0.0510653742 -0.6091036201 -0.0437677614 0.9892116189 -0.1398025453 0.6096714139 0.1373051256 0.7806715369
-142.2 -517.2 2056.7 0.7843736410 0.1814440340 -0.5931577086 -0.0859014839 0.9788210988 0.1858230531 0.6143117547 -0.0948015749 0.7833477855
-30.2 -161.3 2229.7 0.7541524172 -0.0516858026 -0.6546623111 0.0156315546 0.9980283380 -0.0607875511 0.6565133929 0.0356096886 0.7534734011
-10.0 -552.1 2215.8 0.7561707497 0.0618570186 -0.6514441967 0.0432091653 0.9886295795 0.1440295130 0.6529462337 -0.1370592564 0.7448999882
-183.0 -246.8 1970.7 0 0 0 0 0 0 0 0 0
258.1 220.8 2235.5 0 0 0 0 0 0 0 0 0
-210.5 -885.8 2092.4 0 0 0 0 0 0 0 0 0
-33.2 -924.3 2267.4 0 0 0 0 0 0 0 0 0
71.6 420.9 2140.0 4 0.7096219063 0.2985904813 -0.6381853223 -0.1809722632 0.9526178241 0.2444756031 0.6809448004 -0.0579913966 0.7300350666
11.8 230.1 2151.7 0.7096219063 0.2985904813 -0.6381853223 -0.1809722632 0.9526178241 0.2444756031 0.6809448004 -0.0579913966 0.7300350666
-43.3 42.5 2162.8 0.7132554054 0.2815509140 -0.6418690085 -0.1690068543 0.9578374624 0.2323448509 0.6802231073 -0.0572409444 0.7307667136
-89.8 254.1 2054.8 0.3746382296 0.0984303728 -0.9219315052 0.9242671132 0.0389896929 0.3797500730 0.0733247697 -0.9943798184 -0.0763689280
-191.4 3.2 2034.9 -0.0218869708 0.0959818065 -0.9951424003 0.9699951410 0.2431151420 0.0021146487 0.2421371639 -0.9652370214 -0.0984229445
113.4 206.1 2248.5 -0.1087191403 0.0107247736 -0.9940146804 -0.8603856564 0.4998369515 0.0994965509 0.4979123175 0.8660531044 -0.0451144017
91.3 30.8 2350.0 0.6050730944 0.0107247736 0.7960976958 0.6862982512 0.4998369515 -0.5283538103 -0.4035855234 0.8660531044 0.2950775027
-160.9 -131.5 2114.0 0.7719276547 -0.0483016260 -0.6338727474 -0.0554236397 0.9881991148 -0.1427962631 0.6332897544 0.1453599185 0.7601411343
-142.0 -518.5 2057.1 0.7666841149 0.1854190081 -0.6146667600 -0.0849672705 0.9782706499 0.1891218573 0.6363772154 -0.0927701741 0.7657791376
-27.8 -162.0 2232.4 0.7340685129 -0.0415817164 -0.6778011322 0.0061961738 0.9984921217 -0.0545449071 0.6790471077 0.0358399265 0.7332192659
-11.5 -553.1 2218.3 0.7371707559 0.0509274043 -0.6737845540 0.0515482426 0.9900112748 0.1312267482 0.6737373471 -0.1314689368 0.7271821499
-185.7 -250.2 1971.6 0 0 0 0 0 0 0 0 0
259.0 221.0 2238.1 0 0 0 0 0 0 0 0 0
-211.8 -887.0 2092.0 0 0 0 0 0 0 0 0 0
-30.7 -925.9 2267.8 0 0 0 0 0 0 0 0 0
83.3 422.1 2132.2 5 0.7358996868 0.3276339769 -0.5925433636 -0.2006120831 0.9413422346 0.2713477910 0.6466888785 -0.0808133855 0.7584607601
17.8 234.0 2148.3 0.7358996868 0.3276339769 -0.5925433636 -0.2006120831 0.9413422346 0.2713477910 0.6466888785 -0.0808133855 0.7584607601
-42.3 48.3 2163.3 0.7400982976 0.3075705171 -0.5980425477 -0.1881206483 0.9484683275 0.2549870908 0.6456509233 -0.0762113556 0.7598201632
-87.5 260.8 2056.4 0.3700290024 0.0616518222 -0.9269722700 0.9258972406 0.0572714172 0.3734089434 0.0761103556 -0.9964532256 -0.0358911641
-189.4 5.9 2035.5 -0.0050446070 0.0617982671 -0.9980759025 0.9699996710 0.2428947985 0.0101367142 0.2430538833 -0.9680821896 -0.0611696057
123.1 207.1 2240.2 -0.1266211122 0.0703828782 -0.9894510508 -0.8429930210 0.5180882215 0.1447320282 0.5228096247 0.8524264097 -0.0062686326
96.2 28.2 2351.2 0.5956420302 0.0382508449 0.8023387194 0.6926437616 0.4813617766 -0.5371549726 -0.4067618549 0.8756870031 0.2602250874
-162.9 -129.8 2112.5 0.7989858389 -0.0478502549 -0.5994430780 -0.0473252498 0.9887341261 -0.1420041025 0.5994847417 0.1418280602 0.7877200246
-144.2 -517.1 2057.0 0.7941319942 0.1729384959 -0.5826205015 -0.0768983588 0.9795468450 0.1859424859 0.6028606892 -0.1028603241 0.7911881804
-34.0 -160.2 2235.4 0.7651051283 -0.0582142584 -0.6412684917 0.0180321634 0.9974513054 -0.0690340921 0.6436528563 0.0412548780 0.7642048001
-11.2 -550.9 2219.2 0.7670612335 0.0543670319 -0.6392661929 0.0474613979 0.9888644218 0.1410483122 0.6398159862 -0.1385331601 0.7559391856
-188.0 -247.5 1971.9 0 0 0 0 0 0 0 0 0
261.4 220.2 2238.4 0 0 0 0 0 0 0 0 0
-209.3 -886.0 2095.7 0 0 0 0 0 0 0 0 0
-31.7 -923.3 2271.4 0 0 0 0 0 0 0 0 0
87.6 417.6 2129.2 6 0.7116011381 0.3270322084 -0.6218309999 -0.1853804290 0.9410952926 0.2827963829 0.6776857376 -0.0859629214 0.7303097844
22.2 229.5 2146.4 0.7116011381 0.3270322084 -0.6218309999 -0.1853804290 0.9410952926 0.2827963829 0.6776857376 -0.0859629214 0.7303097844
-38.9 44.2 2162.8 0.7147818208 0.3120745420 -0.6258565784 -0.1759868264 0.9463813305 0.2709076703 0.6768423915 -0.0834973603 0.7313771844
-79.5 254.5 2050.1 0.3985172510 0.0909688324 -0.9126383066 0.9156882167 0.0169027764 0.4015338421 0.0519531853 -0.9957102537 -0.0765630379
-184.8 12.7 2036.4 0.0265992768 0.0991200507 -0.9947199225 0.9710949063 0.2335594893 0.0492408462 0.2372070253 -0.9672772288 -0.0900424570
123.9 204.4 2242.7 -0.1132286340 0.0373751298 -0.9928657413 -0.8438063264 0.5239710212 0.1159537658 0.5245667100 0.8509156704 -0.0277911536
100.0 26.3 2353.5 0.5789024234 0.0139087206 0.8152781725 0.7040588856 0.4958252907 -0.5083880424 -0.4113065898 0.8683109283 0.2772419155
-169.2 -120.3 2120.0 0.7764401436 -0.0700212270 -0.6262888312 -0.0491414778 0.9840545654 -0.1709436774 0.6282721162 0.1635042876 0.7606185079
-141.8 -505.6 2056.0 0.7719358802 0.1752099693 -0.6110780835 -0.0759741217 0.9798051119 0.1849591136 0.6311441064 -0.0963504612 0.7696581483
-35.7 -154.3 2236.6 0.7412502170 -0.0660572574 -0.6679704785 0.0138927363 0.9964423776 -0.0831238106 0.6710850000 0.0523356088 0.7395308614
-9.8 -544.6 2216.1 0.7445286512 0.0669428557 -0.6642256379 0.0534170121 0.9857958555 0.1592267454 0.6654499769 -0.1540298164 0.7303773761
-191.7 -241.0 1974.4 0 0 0 0 0 0 0 0 0
260.5 221.5 2239.4 0 0 0 0 0 0 0 0 0
-207.8 -874.6 2092.3 0 0 0 0 0 0 0 0 0
-35.0 -915.8 2274.1 0 0 0 0 0 0 0 0 0
93.5 411.0 2115.2 7 0.7181704044 0.3414095938 -0.6063586473 -0.1731308848 0.9316357374 0.3195005357 0.6739858985 -0.1244764253 0.7281817198
25.2 224.5 2140.2 0.7181704044 0.3414095938 -0.6063586473 -0.1731308848 0.9316357374 0.3195005357 0.6739858985 -0.1244764253 0.7281817198
-38.1 40.7 2163.1 0.7213026881 0.3232830465 -0.6125442982 -0.1643157005 0.9390105009 0.3020921350 0.6728467941 -0.1172492057 0.7304312587
-77.6 247.9 2044.4 0.4172558486 0.0829065144 -0.9049994946 0.9082818627 -0.0047792974 0.4183314145 0.0303571373 -0.9965458512 -0.0772966743
-187.1 9.4 2036.4 0.0252968594 0.0914407894 -0.9954891801 0.9719396830 0.2307103723 0.0458903648 0.2338659167 -0.9687163234 -0.0830386877
127.9 201.0 2236.0 -0.1272777021 0.0553398803 -0.9903221130 -0.8245676756 0.5490117669 0.1366538405 0.5512608886 0.8339805603 -0.0242454782
101.1 27.6 2351.9 0.5975441337 0.0123996260 0.8017401695 0.6903460622 0.5006619096 -0.5222643018 -0.4078766108 0.8655540943 0.2906075120
-164.5 -125.2 2118.1 0.7845048904 -0.0562842824 -0.6175631285 -0.0494692549 0.9870185256 -0.1527981460 0.6181463599 0.1504212767 0.7715364695
-142.5 -511.7 2059.2 0.7778894901 0.1806196421 -0.6018840671 -0.0888182968 0.9797889590 0.1792343557 0.6220926046 -0.0859662071 0.7782098651
-35.5 -157.0 2240.2 0.7509134412 -0.0654971376 -0.6571446657 0.0123559451 0.9962889552 -0.0851803720 0.6602850556 0.0558434427 0.7489359975
-9.9 -547.2 2218.4 0.7545340657 0.0626866668 -0.6532600522 0.0571170077 0.9853772521 0.1605283171 0.6537705660 -0.1584363580 0.7399202585
-193.7 -244.5 1975.3 0 0 0 0 0 0 0 0 0
266.8 219.0 2238.8 0 0 0 0 0 0 0 0 0
-210.5 -880.7 2091.5 0 0 0 0 0 0 0 0 0
-33.5 -918.3 2278.0 0 0 0 0 0 0 0 0 0
102.3 406.0 2108.3 8 0.7402744889 0.3551727533 -0.5708291531 -0.1835511029 0.9235783219 0.3366185129 0.6467632055 -0.1444137841 0.7488938570
30.9 220.4 2137.3 0.7402744889 0.3551727533 -0.5708291531 -0.1835511029 0.9235783219 0.3366185129 0.6467632055 -0.1444137841 0.7488938570
-34.8 38.0 2164.2 0.7440097928 0.3362663388 -0.5773857832 -0.1735283881 0.9317245483 0.3190254867 0.6452420354 -0.1371652484 0.7515639663
-75.0 245.2 2045.4 0.4257681370 0.0553135574 -0.9031400084 0.9041929841 0.0115055274 0.4269692004 0.0340082869 -0.9984027147 -0.0451154411
-189.1 2.9 2036.3 0.0249878690 0.0621675216 -0.9977529049 0.9731853604 0.2267769128 0.0385025069 0.2286609262 -0.9719606042 -0.0548338518
136.8 195.6 2229.1 -0.1539125890 0.1059140041 -0.9823915362 -0.7810757756 0.5958980918 0.1866174042 0.6051706672 0.7960450053 -0.0089893509
104.6 32.1 2355.9 0.6141861081 0.0338857882 0.7884333730 0.6620439291 0.5216267705 -0.5381481051 -0.4295035303 0.8525006175 0.2979420424
-166.5 -128.2 2125.3 0.8069456816 -0.0560221896 -0.5879626870 -0.0549061000 0.9840650558 -0.1691190898 0.5880680084 0.1687526554 0.7910110950
-144.5 -513.5 2059.3 0.7990558147 0.1823997498 -0.5729224682 -0.1024578065 0.9802451730 0.1691799164 0.5924628377 -0.0764838159 0.8019588590
-36.2 -157.9 2246.9 0.7764665484 -0.0575909205 -0.6275213361 0.0024701769 0.9960855842 -0.0883595124 0.6301536560 0.0670581162 0.7735694051
-13.6 -548.1 2220.6 0.7800413370 0.0495222993 -0.6237652302 0.0533034913 0.9879806638 0.1450962573 0.6234534979 -0.1464299411 0.7680260539
-195.6 -251.4 1976.6 0 0 0 0 0 0 0 0 0
274.7 215.5 2236.9 0 0 0 0 0 0 0 0 0
-213.2 -882.7 2088.1 0 0 0 0 0 0 0 0 0
-32.3 -920.1 2275.7 0 0 0 0 0 0 0 0 0
112.8 399.2 2098.3 9 0.7481132150 0.3753543198 -0.5472072363 -0.1902116239 0.9113374352 0.3650803566 0.6357249022 -0.1690362692 0.7531803250
37.4 216.0 2132.3 0.7481132150 0.3753543198 -0.5472072363 -0.1902116239 0.9113374352 0.3650803566 0.6357249022 -0.1690362692 0.7531803250
-32.5 36.0 2164.1 0.7520638704 0.3574852943 -0.5537185669 -0.1803409010 0.9196779728 0.3488116562 0.6339377761 -0.1624705344 0.7561257482
-69.7 241.8 2042.0 0.4431812763 0.0415627770 -0.8954679966 0.8961934447 0.0025016572 0.4436564445 0.0206797477 -0.9991327524 -0.0361396037
-189.3 -0.1 2036.4 0.0363635533 0.0509059355 -0.9980412126 0.9734143615 0.2241978496 0.0469016768 0.2261462659 -0.9732131958 -0.0413999371
144.5 190.2 2222.6 -0.1911243796 0.1441422105 -0.9709245563 -0.7324897647 0.6375089884 0.2388327718 0.6533989906 0.7568390369 -0.0162608065
104.1 35.6 2360.5 0.6447737813 0.0522390381 0.7625862956 0.6161457896 0.5549033880 -0.5589692593 -0.4523617327 0.8302730322 0.3256002963
-167.8 -128.6 2132.8 0.8165354133 -0.0619700551 -0.5739596486 -0.0566497184 0.9808221459 -0.1864906400 0.5745091438 0.1847908497 0.7973653674
-143.5 -512.7 2060.5 0.8056208491 0.1935430020 -0.5599250793 -0.1208015159 0.9789401293 0.1645698398 0.5799844861 -0.0649410933 0.8120349050
-33.4 -160.0 2249.4 0.7888942361 -0.0453670286 -0.6128521562 -0.0090513909 0.9963052869 -0.0854039639 0.6144623756 0.0729218572 0.7855688334
-15.6 -550.3 2220.8 0.7933632731 0.0423053391 -0.6072766781 0.0557452999 0.9883418083 0.1416790932 0.6061907411 -0.1462558061 0.7817557454
-198.8 -254.5 1977.3 0 0 0 0 0 0 0 0 0
282.5 206.1 2235.3 0 0 0 0 0 0 0 0 0
-216.4 -881.4 2084.9 0 0 0 0 0 0 0 0 0
-31.6 -922.5 2275.9 0 0 0 0 0 0 0 0 0
124.4 392.0 2093.3 0 0.7497910857 0.3969144821 -0.5294074416 -0.2074716687 0.9007816315 0.3815074563 0.6283063293 -0.1762138456 0.7577465177
44.8 211.3 2128.6 0.7497910857 0.3969144821 -0.5294074416 -0.2074716687 0.9007816315 0.3815074563 0.6283063293 -0.1762138456 0.7577465177
-29.7 33.5 2162.2 0.7539456487 0.3807853460 -0.5353209376 -0.1978055388 0.9086439013 0.3677488863 0.6264494658 -0.1713732183 0.7603895664
-62.6 239.5 2039.4 0.4627025425 0.0310902949 -0.8859682679 0.8864260912 -0.0021864779 0.4628649354 0.0124534583 -0.9995141625 -0.0285709389
-188.1 -1.0 2036.0 0.0507288873 0.0430686660 -0.9977833629 0.9751588106 0.2135609537 0.0587968342 0.2156198621 -0.9759799242 -0.0311650783
152.2 183.1 2217.9 -0.2280053794 0.1754684895 -0.9577183127 -0.6996526718 0.6545312405 0.2864873409 0.6771260500 0.7353908420 -0.0264696497
103.8 34.8 2361.4 0.6587682962 0.0676784813 0.7492956519 0.5941215754 0.5642185211 -0.5733036399 -0.4615667760 0.8228469491 0.3314800262
-170.3 -127.6 2138.7 0.8204140067 -0.0648737326 -0.5680776834 -0.0621118732 0.9775508642 -0.2013365775 0.5683863163 0.2004637122 0.7979669571
-144.9 -510.4 2060.2 0.8124188185 0.1839877367 -0.5532849431 -0.1099724919 0.9802300930 0.1644841582 0.5726096034 -0.0727838948 0.8165909648
-34.4 -160.3 2253.2 0.7947788239 -0.0447716452 -0.6052455306 -0.0124929771 0.9958569407 -0.0900713950 0.6067705750 0.0791481584 0.7909266949
-16.9 -550.3 2222.2 0.7995450497 0.0490839705 -0.5985971093 0.0506753102 0.9875879884 0.1486674994 0.5984644890 -0.1492004544 0.7871337533
-201.4 -255.8 1979.6 0 0 0 0 0 0 0 0 0
286.3 199.3 2233.6 0 0 0 0 0 0 0 0 0
-214.2 -879.6 2087.6 0 0 0 0 0 0 0 0 0
-35.4 -922.3 2278.4 0 0 0 0 0 0 0 0 0
136.1 381.3 2096.8 1 0.7287231684 0.4327953160 -0.5307077765 -0.2322820425 0.8852448463 0.4029722512 0.6442108154 -0.1703813225 0.7456290126
49.6 204.6 2130.8 0.7287231684 0.4327953160 -0.5307077765 -0.2322820425 0.8852448463 0.4029722512 0.6442108154 -0.1703813225 0.7456290126
-31.9 29.7 2163.0 0.7330151200 0.4167455733 -0.5375983715 -0.2232933939 0.8939663172 0.3885411918 0.6425176263 -0.1647643894 0.7483473420
-54.7 236.4 2039.3 0.5046610832 0.0473911501 -0.8620157838 0.8632317185 -0.0136224320 0.5046240091 0.0121719623 -0.9987835288 -0.0477842577
-189.7 5.4 2036.0 0.0694739223 0.0626724511 -0.9956131577 0.9790012836 0.1874516606 0.0801145658 0.1916503161 -0.9802724123 -0.0483334064
154.0 172.8 2222.3 -0.2447671890 0.1897285730 -0.9508375525 -0.6790938973 0.6664068699 0.3077879250 0.6920408607 0.7210443616 -0.0342710279
103.9 33.7 2364.1 0.6679401398 0.0751032978 0.7404157519 0.5776305795 0.5749981999 -0.5794135332 -0.4692535698 0.8147003055 0.3406823874
-172.2 -126.4 2139.2 0.8046926856 -0.0601960756 -0.5906319618 -0.0728448182 0.9773185253 -0.1988521367 0.5892056823 0.2030393332 0.7820560932
-148.7 -509.2 2059.7 0.8022291660 0.1645948589 -0.5738788247 -0.0881536156 0.9833658338 0.1588097662 0.5904721022 -0.0768123344 0.8033943772
-36.0 -162.2 2252.4 0.7801093459 -0.0433288552 -0.6241410375 -0.0106146829 0.9965388179 -0.0824485123 0.6255531907 0.0709439144 0.7769492865
-19.1 -552.6 2224.7 0.7844452262 0.0450592749 -0.6185591221 0.0511670262 0.9892553091 0.1369519234 0.6180838346 -0.1390811056 0.7737110853
-207.9 -250.3 1985.9 0 0 0 0 0 0 0 0 0
288.9 193.8 2234.0 0 0 0 0 0 0 0 0 0
-210.6 -879.5 2088.6 0 0 0 0 0 0 0 0 0
-36.0 -925.1 2277.0 0 0 0 0 0 0 0 0 0
148.7 367.5 2087.5 2 0.7328321934 0.4731853008 -0.4889300764 -0.2608727813 0.8590679169 0.4403949678 0.6284125447 -0.1951870769 0.7529938221
54.3 196.0 2126.5 0.7328321934 0.4731853008 -0.4889300764 -0.2608727813 0.8590679169 0.4403949678 0.6284125447 -0.1951870769 0.7529938221
-33.6 25.3 2163.4 0.7405526638 0.4494161606 -0.4996066689 -0.2463762611 0.8732734323 0.4203478098 0.6252043247 -0.1881984770 0.7574304342
-51.1 231.2 2037.4 0.5267084837 0.0341901220 -0.8493581414 0.8499169350 -0.0037728329 0.5269031525 0.0148103964 -0.9994082451 -0.0310459472
-189.7 7.5 2033.5 0.1030754074 0.0524697527 -0.9932886958 0.9800618887 0.1651796699 0.1104283333 0.1698652357 -0.9848667979 -0.0343976431
159.6 160.9 2215.6 -0.2651887536 0.2463361472 -0.9321981668 -0.6297609210 0.6878507733 0.3609189987 0.7301205993 0.6827736497 -0.0272774026
105.1 31.5 2365.6 0.6686239839 0.0918068960 0.7379115820 0.5728042722 0.5691997409 -0.5898364186 -0.4741701186 0.8170576096 0.3279931843
-179.5 -125.1 2137.2 0.8151010871 -0.0706038103 -0.5750002265 -0.0550395399 0.9786179066 -0.1981858909 0.5766982436 0.1931892931 0.7937865257
-151.9 -508.3 2061.5 0.8112733960 0.1516848803 -0.5646477938 -0.0818968266 0.9857204556 0.1471327394 0.5789027214 -0.0731220171 0.8121113181
-47.2 -165.4 2253.3 0.7948931456 -0.0570226051 -0.6040639877 0.0069490508 0.9963643551 -0.0849107653 0.6067096591 0.0632973164 0.7923994064
-24.8 -555.6 2228.5 0.7970962524 0.0204202440 -0.6035069227 0.0596106499 0.9918854237 0.1122935936 0.6009027958 -0.1254842430 0.7894108891
-216.6 -248.3 1989.1 0 0 0 0 0 0 0 0 0
290.5 190.3 2234.2 0 0 0 0 0 0 0 0 0
-209.0 -879.5 2089.0 0 0 0 0 0 0 0 0 0
-32.5 -929.1 2275.7 0 0 0 0 0 0 0 0 0
161.4 353.2 2082.4 3 0.7194959521 0.5010238290 -0.4809372425 -0.2691116333 0.8395259976 0.4719904959 0.6402378082 -0.2101694643 0.7388669252
61.6 185.9 2124.3 0.7194959521 0.5010238290 -0.4809372425 -0.2691116333 0.8395259976 0.4719904959 0.6402378082 -0.2101694643 0.7388669252
-32.1 19.0 2164.5 0.7277106643 0.4788692594 -0.4910411239 -0.2549187839 0.8534726501 0.4545336366 0.6367523670 -0.2055933774 0.7431539297
-42.0 222.1 2033.5 0.5774502754 0.0422648378 -0.8153311610 0.8164234757 -0.0274827722 0.5767992735 0.0019707687 -0.9987283945 -0.0503759421
-192.5 9.5 2033.0 0.1281364858 0.0681182668 -0.9894144535 0.9769611359 0.1630116552 0.1377465576 0.1706691533 -0.9842698574 -0.0456611626
165.2 149.6 2215.0 -0.2781999707 0.2650010288 -0.9232438803 -0.6045089960 0.6986527443 0.3826920390 0.7464406490 0.6645741463 -0.0341696516
109.6 28.7 2364.3 0.6631129980 0.1004408449 0.7417498231 0.5710549355 0.5727702975 -0.5880735517 -0.4839188755 0.8135390878 0.3224541843
-188.2 -123.2 2143.8 0.8081454039 -0.0821553245 -0.5832250714 -0.0572040938 0.9745941758 -0.2165499032 0.5861984491 0.2083666772 0.7829142213
-156.0 -504.9 2062.2 0.8070657253 0.1369891018 -0.5743508339 -0.0651784241 0.9874393940 0.1439279914 0.5868532062 -0.0787240639 0.8058572412
-54.5 -167.8 2256.8 0.7897424102 -0.0679635629 -0.6096621156 0.0096905660 0.9951018691 -0.0983784646 0.6133620739 0.0717856735 0.7865327597
-27.9 -557.5 2228.7 0.7927561402 0.0114355097 -0.6094316244 0.0829809457 0.9884908795 0.1264908910 0.6038640738 -0.1508476436 0.7826833129
-225.9 -245.6 1988.5 0 0 0 0 0 0 0 0 0
293.4 187.0 2230.1 0 0 0 0 0 0 0 0 0
-207.6 -876.7 2091.8 0 0 0 0 0 0 0 0 0
-32.2 -929.6 2285.5 0 0 0 0 0 0 0 0 0
175.5 337.3 2073.8 4 0.6993929744 0.5371897817 -0.4714621902 -0.2721520364 0.8100948930 0.5193067789 0.6608954072 -0.2348901033 0.7127719522
68.4 175.8 2120.7 0.6993929744 0.5371897817 -0.4714621902 -0.2721520364 0.8100948930 0.5193067789 0.6608954072 -0.2348901033 0.7127719522
-32.4 14.6 2166.0 0.7088241577 0.5152496099 -0.4817532003 -0.2575009167 0.8248407245 0.5033199787 0.6567050815 -0.2327134758 0.7173442841
-32.6 212.4 2027.1 0.6237876415 -0.3262964189 -0.7102251053 0.7808820009 0.2214041203 0.5841262937 -0.0333515555 -0.9189727306 0.3929081261
-197.2 6.2 2035.9 0.1268250346 -0.3262964189 -0.9367209077 0.9736467600 0.2214041203 0.0547008403 0.1895451844 -0.9189727306 0.3457770348
169.3 139.3 2214.2 -0.3185365200 0.2836589217 -0.9044733644 -0.5610750914 0.7126504779 0.4210986793 0.7640217543 0.6416127682 -0.0678512454
105.9 27.5 2366.5 0.6836214066 0.1126853377 0.7210851312 0.5342179537 0.5959086418 -0.5995866060 -0.4972654581 0.7951068282 0.3471773863
-191.4 -124.9 2147.2 0.7977776527 -0.0777026638 -0.5979240537 -0.0657614246 0.9745326638 -0.2143863887 0.5993548632 0.2103530020 0.7723505497
-161.0 -506.6 2064.8 0.7986245751 0.1275093257 -0.5881667733 -0.0593233854 0.9892172217 0.1339030117 0.5988985896 -0.0720461905 0.7975775003
-60.0 -171.0 2262.3 0.7814685702 -0.0739177167 -0.6195506454 0.0078271907 0.9940410852 -0.1087248325 0.6238955259 0.0801156983 0.7773904204
-31.0 -560.3 2230.9 0.7843535542 -0.0026256952 -0.6203084588 0.0962654799 0.9883912802 0.1175398380 0.6127988696 -0.1519070864 0.7755010128
-230.4 -248.4 1986.3 0 0 0 0 0 0 0 0 0
295.3 175.5 2228.7 0 0 0 0 0 0 0 0 0
-209.0 -879.2 2091.9 0 0 0 0 0 0 0 0 0
-30.0 -932.4 2288.1 0 0 0 0 0 0 0 0 0
190.5 317.9 2064.6 5 0.6908597946 0.5716375709 -0.4426547885 -0.2862022817 0.7784743905 0.5586285591 0.6639285088 -0.2592451870 0.7014206052
76.6 162.8 2116.2 0.6908597946 0.5716375709 -0.4426547885 -0.2862022817 0.7784743905 0.5586285591 0.6639285088 -0.2592451870 0.7014206052
-30.8 7.5 2166.2 0.7007504702 0.5498577952 -0.4545384049 -0.2723249197 0.7950622439 0.5419549942 0.6593844891 -0.2559930682 0.7068802118
-23.2 201.6 2022.2 0.6679133773 -0.3234138489 -0.6702948809 0.7417458296 0.2156139761 0.6350777745 -0.0608679950 -0.9213653207 0.3839023113
-199.5 5.7 2038.3 0.1449202746 -0.3234138489 -0.9350944161 0.9734932780 0.2156139761 0.0762985721 0.1769434214 -0.9213653207 0.3460880518
176.4 124.1 2210.2 -0.3499979377 0.3219795525 -0.8796764016 -0.5131708384 0.7197208405 0.4676084220 0.7836818099 0.6150862575 -0.0866702870
106.4 21.5 2367.0 0.6853702664 0.1380354613 0.7149921656 0.5161607862 0.6005092263 -0.6107099652 -0.5136590600 0.7876133919 0.3403227031
-197.1 -123.3 2152.1 0.7967221141 -0.0827137306 -0.5986587405 -0.0687206164 0.9717652798 -0.2257205099 0.6004259586 0.2209767252 0.7685427070
-164.8 -504.0 2065.5 0.7994329333 0.1147135049 -0.5897014141 -0.0469877571 0.9905323982 0.1289871037 0.5989149213 -0.0754077956 0.7972543836
-69.1 -169.7 2270.8 0.7838990092 -0.0923892185 -0.6139760613 0.0046355096 0.9897103906 -0.1430101246 0.6208710670 0.1092594042 0.7762612104
-32.9 -557.2 2228.0 0.7884749770 -0.0099921357 -0.6149857044 0.1242550164 0.9818401337 0.1433550119 0.6023852229 -0.1894468963 0.7753978968
-237.6 -250.3 1991.7 0 0 0 0 0 0 0 0 0
296.3 164.5 2224.7 0 0 0 0 0 0 0 0 0
-208.0 -877.0 2093.9 0 0 0 0 0 0 0 0 0
-29.2 -926.6 2299.3 0 0 0 0 0 0 0 0 0
204.1 299.0 2053.9 6 0.6878731847 0.6094070077 -0.3942760229 -0.3209335208 0.7425856590 0.5878505111 0.6510239840 -0.2778302133 0.7063838840
82.7 151.1 2109.3 0.6878731847 0.6094070077 -0.3942760229 -0.3209335208 0.7425856590 0.5878505111 0.6510239840 -0.2778302133 0.7063838840
-33.2 3.4 2163.3 0.6963227391 0.5933767557 -0.4037804008 -0.3104043603 0.7562175989 0.5760070086 0.6471350193 -0.2757515907 0.7107582688
-16.4 195.3 2017.0 0.6988855004 -0.2812603414 -0.6576105356 0.7124512792 0.1927431375 0.6747319698 -0.0630254298 -0.9400758743 0.3350896835
-196.8 11.3 2033.3 0.1996553689 -0.2812603414 -0.9386321902 0.9699382782 0.1927431375 0.1485591382 0.1391311139 -0.9400758743 0.3112873733
181.7 106.9 2201.6 -0.3504701257 0.4016080797 -0.8460978866 -0.4343651533 0.7306656837 0.5267395973 0.8297575712 0.5521219373 -0.0816319212
119.1 29.4 2349.6 0.7131977677 0.1448915154 0.6858245730 0.4955267310 0.5878006816 -0.6394870281 -0.4957843721 0.7959251404 0.3474205136
-201.6 -123.3 2156.6 0.8014813066 -0.0855622813 -0.5918672085 -0.0717217848 0.9688150883 -0.2371776998 0.5937033892 0.2325432748 0.7703505158
-168.1 -502.7 2065.5 0.8060963750 0.1048994288 -0.5824128985 -0.0337588973 0.9907127023 0.1317145824 0.5908206105 -0.0865130275 0.8021512032
-75.0 -172.4 2275.8 0.7937246561 -0.0916943997 -0.6013262868 -0.0020096458 0.9881720543 -0.1533359587 0.6082739234 0.1229149848 0.7841522694
-39.1 -559.3 2227.7 0.7972173691 -0.0432243682 -0.6021429300 0.1580398083 0.9775912762 0.1390638500 0.5826387405 -0.2060266733 0.7861838937
-249.3 -243.9 1996.7 0 0 0 0 0 0 0 0 0
316.7 166.7 2212.3 0 0 0 0 0 0 0 0 0
-207.6 -875.8 2098.1 0 0 0 0 0 0 0 0 0
-22.8 -927.1 2305.2 0 0 0 0 0 0 0 0 0
213.6 281.5 2043.1 7 0.6788361669 0.6401863694 -0.3596426547 -0.3349829316 0.7058439255 0.6241560578 0.6534277797 -0.3032255769 0.6936039329
86.3 141.1 2103.4 0.6788361669 0.6401863694 -0.3596426547 -0.3349829316 0.7058439255 0.6241560578 0.6534277797 -0.3032255769 0.6936039329
-35.9 0.3 2161.6 0.6857981682 0.6258343458 -0.3715000153 -0.3271362782 0.7210513353 0.6107919216 0.6501251459 -0.2973488569 0.6992288232
-11.3 187.7 2010.7 0.7306560278 -0.2924598157 -0.6169351935 0.6774255037 0.1979576051 0.7084542513 -0.0850673765 -0.9355640411 0.3427586555
-200.3 12.4 2032.7 0.2068701386 -0.2924598157 -0.9336337447 0.9682695866 0.1979576051 0.1525345594 0.1402096748 -0.9355640411 0.3241314590
183.9 94.6 2196.1 -0.3855478764 0.4273665249 -0.8177473545 -0.4148499072 0.7113454938 0.5673509836 0.8241676688 0.5579833984 -0.0969647765
115.1 20.6 2343.1 0.7412266731 0.1461424828 0.6551529765 0.4792835414 0.5681149364 -0.6689788699 -0.4699684083 0.8098689914 0.3510582447
-211.8 -116.2 2158.7 0.7994427681 -0.0989120975 -0.5925433636 -0.0654496700 0.9661401510 -0.2495787293 0.5971662998 0.2383056730 0.7659000158
