97.2 429.7 1973.9 77 0.8208441138 -0.1719289571 -0.5446608067 0.3888398707 0.8667161465 0.3124206662 0.4183521867 -0.4682344794 0.7782916427
138.6 221.1 2086.6 0.8208441138 -0.1719289571 -0.5446608067 0.3888398707 0.8667161465 0.3124206662 0.4183521867 -0.4682344794 0.7782916427
114.8 29.3 2068.9 0.8352481127 0.1225416884 -0.5360448956 -0.1521803886 0.9882892966 -0.0111963376 0.5283954740 0.0909272432 0.8441151977
24.5 241.9 2014.4 0.4002760053 -0.7982222438 -0.4501337409 0.3057880700 0.5793898106 -0.7555137873 0.8638707995 0.1647685021 0.4760026932
-68.4 171.0 1814.0 -0.6023007631 -0.7982222438 -0.0086642914 -0.7716343403 0.5793898106 0.2624649704 -0.2044853717 0.1647685021 -0.9649026394
252.7 200.3 2158.7 0.3132115304 0.9167559147 0.2479054928 -0.7350566983 0.0687346235 0.6745125651 0.6013236642 -0.3934896886 0.6953960657
322.7 35.9 2293.3 -0.2931083143 0.9167559147 0.2713781595 -0.5534952283 0.0687346235 -0.8300111890 -0.7795707583 -0.3934896886 0.4872733355
15.0 -148.2 2003.4 0.7951462865 0.0686094910 -0.6025239825 -0.0079182237 0.9946691394 0.1028134972 0.6063659787 -0.0769808516 0.7914507389
-11.6 -534.3 2033.3 0.8023219705 0.0861672163 -0.5906391740 0.0546927936 0.9747496843 0.2164988369 0.5943804383 -0.2060054839 0.7773503661
166.2 -174.4 2095.8 0.9189595580 0.1286449581 0.3727785051 -0.1373132616 0.9905220866 -0.0033272689 -0.3696733713 -0.0481298082 0.9279143810
116.3 -558.9 2114.5 0.9188742042 -0.0762555525 0.3871114850 0.0251977574 0.9904841781 0.1353004128 -0.3937452137 -0.1145697162 0.9120517969
88.5 372.0 1867.3 0 0 0 0 0 0 0 0 0
248.3 -104.6 2095.4 0 0 0 0 0 0 0 0 0
-43.8 -897.9 2110.2 0 0 0 0 0 0 0 0 0
144.7 -928.0 2157.2 0 0 0 0 0 0 0 0 0
98.0 432.7 1973.4 78 0.8163471818 -0.1723359823 -0.5512509346 0.3907660842 0.8676301837 0.3074405491 0.4252988696 -0.4663884044 0.7756305337
140.0 221.1 2087.2 0.8163471818 -0.1723359823 -0.5512509346 0.3907660842 0.8676301837 0.3074405491 0.4252988696 -0.4663884044 0.7756305337
115.9 29.3 2069.5 0.8304295540 0.1243397221 -0.5430712104 -0.1537088901 0.9880768657 -0.0088150697 0.5355000496 0.0907951742 0.8396403790
26.6 242.1 2014.0 0.4110018909 -0.7925440073 -0.4505013525 0.2890347242 0.5819597840 -0.7601195574 0.8646018505 0.1822000444 0.4682593048
-68.9 174.9 1813.2 -0.6096218824 -0.7925440073 -0.0153366104 -0.7636172771 0.5819597840 0.2796631157 -0.2127200216 0.1822000444 -0.9599757195
253.5 200.1 2160.3 0.3063004315 0.9201635122 0.2438835949 -0.7351407409 0.0658842996 0.6747053862 0.6047711968 -0.3859513104 0.6966300607
322.0 35.6 2295.6 -0.2880795598 0.9201635122 0.2651590407 -0.5536485314 0.0658842996 -0.8301401138 -0.7813344002 -0.3859513104 0.4904672205
16.2 -148.9 2003.9 0.7901549935 0.0778477862 -0.6079430580 -0.0079175672 0.9931146502 0.1168788150 0.6128559113 -0.0875389501 0.7853308320
-14.0 -534.4 2037.9 0.7957521081 0.0675490573 -0.6018435955 0.0520640686 0.9824512005 0.1791058928 0.6033804417 -0.1738583148 0.7782707214
165.8 -176.2 2098.6 0.9237121940 0.1219000816 0.3631750345 -0.1239365488 0.9921307564 -0.0177851208 -0.3624851108 -0.0285823271 0.9315511584
118.5 -561.2 2109.7 0.9242116213 -0.0520085171 0.3783225715 -0.0042422349 0.9892233014 0.1463533044 -0.3818570971 -0.1368663609 0.9140310287
88.4 372.0 1868.1 0 0 0 0 0 0 0 0 0
248.9 -104.9 2097.3 0 0 0 0 0 0 0 0 0
-39.2 -900.8 2102.7 0 0 0 0 0 0 0 0 0
137.9 -930.0 2160.7 0 0 0 0 0 0 0 0 0
96.5 434.0 1976.2 79 0.8087539673 -0.1803244352 -0.5598214865 0.3978801966 0.8687226772 0.2949784398 0.4331378043 -0.4613068998 0.7743304372
140.5 221.7 2088.9 0.8087539673 -0.1803244352 -0.5598214865 0.3978801966 0.8687226772 0.2949784398 0.4331378043 -0.4613068998 0.7743304372
117.0 29.9 2071.0 0.8262577057 0.1212267503 -0.5500929952 -0.1521380097 0.9883011580 -0.0107193831 0.5423580408 0.0925470293 0.8350346088
27.7 242.5 2014.8 0.4096952081 -0.7923471332 -0.4520352483 0.2789216042 0.5806070566 -0.7649170756 0.8685347438 0.1873004735 0.4588746727
-67.3 177.8 1813.5 -0.6099311113 -0.7923471332 -0.0130424332 -0.7604717612 0.5806070566 0.2908231318 -0.2228603363 0.1873004735 -0.9566879272
253.4 200.9 2163.0 0.3029458821 0.9232159853 0.2364233434 -0.7348541617 0.0683359057 0.6747736931 0.6068056822 -0.3781566024 0.6991312504
321.2 36.5 2298.8 -0.2801983654 0.9232159853 0.2629849613 -0.5537407398 0.0683359057 -0.8298803568 -0.7841301560 -0.3781566024 0.4920747280
17.4 -148.7 2004.0 0.7844654322 0.0766082406 -0.6154227257 -0.0132947005 0.9941904545 0.1068110466 0.6200299859 -0.0756077170 0.7809265256
-12.4 -534.7 2033.3 0.7945157886 0.0900730565 -0.6005260348 0.0664074123 0.9701184034 0.2333675027 0.6036014557 -0.2252935320 0.7647928596
166.1 -176.3 2099.9 0.9270280004 0.1228829920 0.3542864323 -0.1214207113 0.9922487140 -0.0264477860 -0.3547902405 -0.0184998736 0.9347628951
118.4 -561.4 2107.1 0.9236221313 -0.0893861726 0.3727361560 0.0163245276 0.9807198644 0.1947358698 -0.3829564452 -0.1737776101 0.9072737694
88.7 372.4 1870.5 0 0 0 0 0 0 0 0 0
250.1 -104.1 2099.8 0 0 0 0 0 0 0 0 0
-45.9 -896.0 2117.2 0 0 0 0 0 0 0 0 0
151.7 -926.8 2171.8 0 0 0 0 0 0 0 0 0
94.5 429.0 1968.6 80 0.8047893047 -0.1875291467 -0.5631580353 0.4222081900 0.8477343917 0.3210710585 0.4171982408 -0.4961645007 0.7614239454
140.1 223.3 2089.0 0.8047893047 -0.1875291467 -0.5631580353 0.4222081900 0.8477343917 0.3210710585 0.4171982408 -0.4961645007 0.7614239454
118.0 31.1 2072.5 0.8274819255 0.1135759577 -0.5498855710 -0.1416644305 0.9898762703 -0.0087265596 0.5433275700 0.0851202980 0.8351944089
27.0 242.6 2014.8 0.4021502137 -0.7929168940 -0.4577751160 0.2724957466 0.5809842348 -0.7669441700 0.8740831017 0.1836850047 0.4497093856
-66.0 179.6 1812.7 -0.6092826128 -0.7929168940 -0.0075840675 -0.7597244382 0.5809842348 0.2920207977 -0.2271419913 0.1836850047 -0.9563819170
253.1 203.9 2163.2 0.3087078035 0.9226154089 0.2312581390 -0.7279033661 0.0726555586 0.6818195581 0.6122549772 -0.3788165748 0.6940041780
322.2 41.0 2300.2 -0.2759928405 0.9226154089 0.2694601715 -0.5617343783 0.0726555586 -0.8241211176 -0.7799246311 -0.3788165748 0.4982123673
19.5 -148.3 2004.4 0.7834458947 0.0874791965 -0.6152722836 -0.0175536666 0.9927631617 0.1187990755 0.6212120652 -0.0822723582 0.7793117762
-14.5 -533.7 2036.4 0.7916691303 0.0682760552 -0.6071229577 0.0626637936 0.9794206023 0.1918556243 0.6077278852 -0.1899308115 0.7710986137
167.5 -175.6 2101.6 0.9268674254 0.1293845028 0.3523867726 -0.1252285987 0.9915219545 -0.0346700475 -0.3538849950 -0.0119943628 0.9352120161
117.3 -560.5 2106.3 0.9248005748 -0.0753791109 0.3729099631 -0.0003644066 0.9799997211 0.1989984810 -0.3804519773 -0.1841698140 0.9062768817
88.7 372.5 1870.3 0 0 0 0 0 0 0 0 0
252.1 -101.5 2102.3 0 0 0 0 0 0 0 0 0
-39.9 -898.6 2107.1 0 0 0 0 0 0 0 0 0
145.4 -925.9 2174.9 0 0 0 0 0 0 0 0 0
93.7 428.4 1965.3 81 0.7784134746 -0.2072477490 -0.5925545096 0.4536836445 0.8381255269 0.3028477728 0.4338705540 -0.5045730472 0.7464330792
145.5 218.9 2091.4 0.7784134746 -0.2072477490 -0.5925545096 0.4536836445 0.8381255269 0.3028477728 0.4338705540 -0.5045730472 0.7464330792
119.5 27.3 2074.5 0.8029484153 0.1342449933 -0.5807341337 -0.1597529501 0.9871299863 0.0073077767 0.5742411017 0.0869062245 0.8140604496
35.9 240.7 2013.0 0.4461374879 -0.7983140945 -0.4045441449 0.2972899675 0.5585486889 -0.7743656039 0.8441445231 0.2252065986 0.4865202904
-70.7 169.6 1811.3 -0.6001944542 -0.7983140945 -0.0496106334 -0.7686844468 0.5585486889 0.3116850853 -0.2211126387 0.2252065986 -0.9488894343
255.1 197.1 2169.8 0.2678967714 0.9376116395 0.2216206342 -0.7332499027 0.0492073484 0.6781764030 0.6249607205 -0.3441845775 0.7006861567
315.0 33.2 2309.5 -0.2600543797 0.9376116395 0.2307728380 -0.5578075647 0.0492073484 -0.8285103440 -0.7881766558 -0.3441845775 0.5102102757
21.8 -148.3 2007.3 0.7603188157 0.0967272893 -0.6423076391 -0.0224714987 0.9921751618 0.1228148341 0.6491612792 -0.0789448097 0.7565430403
-15.7 -533.5 2037.9 0.7689661384 0.0616483986 -0.6363101006 0.0660449937 0.9823528528 0.1749883443 0.6358687878 -0.1765852123 0.7513245344
170.1 -173.7 2104.6 0.9378901720 0.1421514302 0.3164727986 -0.1369417012 0.9898203015 -0.0387650728 -0.3187617064 -0.0069809444 0.9478091598
114.9 -557.9 2107.3 0.9338977337 -0.1058539599 0.3415112495 0.0368181616 0.9785630107 0.2026298493 -0.3556394577 -0.1766617447 0.9177751541
81.7 364.7 1867.4 0 0 0 0 0 0 0 0 0
249.0 -108.4 2109.5 0 0 0 0 0 0 0 0 0
-38.7 -899.8 2103.8 0 0 0 0 0 0 0 0 0
154.4 -922.8 2173.2 0 0 0 0 0 0 0 0 0
93.3 426.9 1966.1 82 0.7591580749 -0.2217368633 -0.6119737029 0.4708087146 0.8362773061 0.2810328603 0.4494643509 -0.5014709234 0.7392622828
149.2 216.1 2092.5 0.7591580749 -0.2217368633 -0.6119737029 0.4708087146 0.8362773061 0.2810328603 0.4494643509 -0.5014709234 0.7392622828
121.0 24.8 2075.5 0.7859379649 0.1454453021 -0.6009551883 -0.1686761379 0.9855086207 0.0179191735 0.5948528051 0.0872834399 0.7990818024
42.0 239.1 2011.3 0.4781943262 -0.7803407907 -0.4029869437 0.2853038609 0.5719885230 -0.7690454125 0.8306213617 0.2527794242 0.4961558878
-73.0 170.5 1811.6 -0.6213534474 -0.7803407907 -0.0706270486 -0.7548340559 0.5719885230 0.3210213482 -0.2101081759 0.2527794242 -0.9444348216
256.5 193.1 2173.7 0.2419938147 0.9465853572 0.2131084353 -0.7346985340 0.0353026465 0.6774745584 0.6337641478 -0.3205150962 0.7039979100
310.6 28.8 2315.4 -0.2476773411 0.9465853572 0.2064755410 -0.5568764806 0.0353026465 -0.8298447728 -0.7928079963 -0.3205150962 0.5183874369
21.5 -150.0 2006.1 0.7446961999 0.0967867002 -0.6603482962 -0.0173752252 0.9919049740 0.1257880777 0.6671773791 -0.0822001994 0.7403495312
-16.0 -535.1 2038.0 0.7517747283 0.0673186108 -0.6559748054 0.0559316650 0.9846809506 0.1651517153 0.6570436954 -0.1608466506 0.7364929914
165.3 -178.5 2108.9 0.9473195672 0.1311040819 0.2922281921 -0.1256555617 0.9913678169 -0.0374241807 -0.2946120799 -0.0012674390 0.9556161165
114.4 -563.4 2109.4 0.9441895485 -0.0988032222 0.3142356575 0.0406058803 0.9815914035 0.1866266280 -0.3268903196 -0.1634510905 0.9308202863
84.6 362.0 1864.9 0 0 0 0 0 0 0 0 0
247.8 -112.5 2114.2 0 0 0 0 0 0 0 0 0
-41.1 -902.4 2098.0 0 0 0 0 0 0 0 0 0
151.2 -929.6 2170.4 0 0 0 0 0 0 0 0 0
95.2 425.0 1967.5 83 0.7494716048 -0.2245410681 -0.6227950454 0.4783457816 0.8340205550 0.2749454975 0.4576873183 -0.5039752126 0.7324829698
151.8 214.7 2094.6 0.7494716048 -0.2245410681 -0.6227950454 0.4783457816 0.8340205550 0.2749454975 0.4576873183 -0.5039752126 0.7324829698
122.6 23.6 2077.6 0.7758791447 0.1507958323 -0.6125946641 -0.1729085892 0.9846602082 0.0233865697 0.6067241430 0.0877777189 0.7900511622
45.9 238.3 2011.8 0.4960775971 -0.7708292603 -0.3996614516 0.2800820768 0.5777481794 -0.7666557431 0.8218643665 0.2683827281 0.5025033951
-74.9 170.1 1811.7 -0.6311512589 -0.7708292603 -0.0864310786 -0.7497785091 0.5777481794 0.3225511611 -0.1986964643 0.2683827281 -0.9425976872
257.8 191.1 2177.5 0.2276161611 0.9514431953 0.2072359920 -0.7351304293 0.0283356253 0.6773332357 0.6385719180 -0.3065174818 0.7058845162
308.7 26.7 2320.3 -0.2397092134 0.9514431953 0.1931200922 -0.5565057397 0.0283356253 -0.8303604722 -0.7955129743 -0.3065174818 0.5226912498
22.4 -151.4 2005.3 0.7349647880 0.0931025445 -0.6716834903 -0.0174874142 0.9928026795 0.1184781566 0.6778797507 -0.0753312632 0.7313030958
-13.7 -536.8 2034.5 0.7446784973 0.0901411474 -0.6613081694 0.0616515093 0.9773109555 0.2026384920 0.6645697951 -0.1916711777 0.7222251296
163.1 -181.5 2111.8 0.9526515603 0.1239359900 0.2776597142 -0.1178474575 0.9922820330 -0.0385792106 -0.2802980840 0.0040310551 0.9599045515
115.0 -566.7 2110.2 0.9503584504 -0.0911567360 0.2975050211 0.0409528613 0.9844509959 0.1708187759 -0.3084504008 -0.1501553953 0.9393144846
85.3 360.4 1862.1 0 0 0 0 0 0 0 0 0
247.8 -114.6 2118.4 0 0 0 0 0 0 0 0 0
-47.3 -901.2 2106.0 0 0 0 0 0 0 0 0 0
149.0 -934.1 2166.2 0 0 0 0 0 0 0 0 0
96.1 423.9 1964.3 84 0.7512192130 -0.2181833535 -0.6229492426 0.4818446040 0.8262942433 0.2916566133 0.4511047602 -0.5192627907 0.7258585691
151.3 214.9 2095.6 0.7512192130 -0.2181833535 -0.6229492426 0.4818446040 0.8262942433 0.2916566133 0.4511047602 -0.5192627907 0.7258585691
122.5 23.8 2077.8 0.7765219808 0.1482441425 -0.6124029160 -0.1733367592 0.9846874475 0.0185733177 0.6057788134 0.0917293429 0.7903276086
45.2 238.6 2012.9 0.4923881292 -0.7695634365 -0.4066030681 0.2807205915 0.5826078653 -0.7627345920 0.8238627911 0.2614195943 0.5029014945
-75.6 169.7 1810.7 -0.6335956454 -0.7695634365 -0.0795532912 -0.7476521730 0.5826078653 0.3187228739 -0.1989290714 0.2614195943 -0.9445036054
257.3 191.2 2178.4 0.2297709733 0.9512620568 0.2056838125 -0.7370573878 0.0320664868 0.6750689745 0.6355719566 -0.3067120314 0.7085026503
308.7 26.3 2320.6 -0.2385472953 0.9512620568 0.1954372674 -0.5537971258 0.0320664868 -0.8320339322 -0.7977492809 -0.3067120314 0.5191568136
23.8 -152.1 2006.1 0.7356260419 0.0932775885 -0.6709348559 -0.0139607172 0.9923510551 0.1226560846 0.6772439480 -0.0808622837 0.7313014865
-12.4 -537.3 2037.5 0.7403829694 0.1041507795 -0.6640675664 0.0253627263 0.9828913212 0.1824317873 0.6717066765 -0.1519119442 0.7250744104
162.8 -183.0 2114.8 0.9532745481 0.1180802882 0.2780732512 -0.1108393446 0.9929640889 -0.0416766442 -0.2810379565 0.0089078266 0.9596553445
116.9 -568.5 2111.3 0.9530351758 -0.0591768436 0.2970220447 0.0069394051 0.9847342372 0.1739263684 -0.3027801812 -0.1636967808 0.9388969541
85.2 359.4 1861.2 0 0 0 0 0 0 0 0 0
248.2 -114.2 2118.1 0 0 0 0 0 0 0 0 0
-51.2 -903.7 2094.2 0 0 0 0 0 0 0 0 0
139.0 -935.8 2172.4 0 0 0 0 0 0 0 0 0
93.9 423.9 1962.6 85 0.7476876974 -0.2209424376 -0.6262168288 0.4878248572 0.8225744963 0.2922295034 0.4505440891 -0.5239805579 0.7228100896
149.9 215.5 2095.4 0.7476876974 -0.2209424376 -0.6262168288 0.4878248572 0.8225744963 0.2922295034 0.4505440891 -0.5239805579 0.7228100896
120.4 24.5 2076.9 0.7731386423 0.1519225091 -0.6157728434 -0.1782714427 0.9837999940 0.0188914072 0.6086673141 0.0951690376 0.7876972556
44.3 239.8 2012.2 0.4920296967 -0.7667355537 -0.4123389721 0.2855812609 0.5895805359 -0.7555382848 0.8224050999 0.2539909780 0.5090564489
-76.0 170.0 1811.2 -0.6380025744 -0.7667355537 -0.0711995661 -0.7437083721 0.5895805359 0.3151073158 -0.1996261030 0.2539909780 -0.9463815093
255.5 191.1 2178.5 0.2239399254 0.9527202845 0.2053654492 -0.7397696376 0.0289801136 0.6722358465 0.6345012188 -0.3024635613 0.7112833261
305.6 25.6 2320.5 -0.2373539507 0.9527202845 0.1897028238 -0.5505051017 0.0289801136 -0.8343286514 -0.8003794551 -0.3024635613 0.5175988078
24.2 -151.9 2005.7 0.7331718802 0.0945303813 -0.6734411716 -0.0129402410 0.9920514822 0.1251654774 0.6799202561 -0.0830533132 0.7285674810
-12.5 -537.0 2038.0 0.7385110855 0.1072028875 -0.6656642556 0.0296053607 0.9811708331 0.1908593327 0.6735910773 -0.1606589556 0.7214317918
163.3 -182.9 2114.2 0.9539098144 0.1192429662 0.2753855884 -0.1149764061 0.9928640127 -0.0316462666 -0.2771940529 -0.0014751635 0.9608128071
117.0 -568.3 2114.8 0.9549726844 -0.0585507154 0.2908590436 0.0221659653 0.9916742444 0.1268495917 -0.2958645523 -0.1146907210 0.9483196735
85.9 358.8 1861.9 0 0 0 0 0 0 0 0 0
245.3 -114.1 2117.3 0 0 0 0 0 0 0 0 0
-52.5 -903.0 2097.9 0 0 0 0 0 0 0 0 0
138.8 -937.9 2157.6 0 0 0 0 0 0 0 0 0
94.8 425.9 1966.3 86 0.7535268068 -0.2154232264 -0.6211200953 0.4745298922 0.8321070671 0.2870875001 0.4549930990 -0.5110681653 0.7292397618
149.4 215.2 2095.7 0.7535268068 -0.2154232264 -0.6211200953 0.4745298922 0.8321070671 0.2870875001 0.4549930990 -0.5110681653 0.7292397618
120.3 24.2 2077.1 0.7771599293 0.1495165229 -0.6112832427 -0.1767438352 0.9841266870 0.0160072707 0.6039735079 0.0956003368 0.7912499905
43.2 239.4 2013.2 0.4823031127 -0.7792937160 -0.4001062512 0.2998522520 0.5760136247 -0.7604583502 0.8230870962 0.2467986792 0.5114861727
-76.0 165.3 1809.7 -0.6226421595 -0.7792937160 -0.0708382204 -0.7562408447 0.5760136247 0.3103354275 -0.2010386586 0.2467986792 -0.9479840994
255.5 191.1 2178.2 0.2298083901 0.9508706927 0.2074439526 -0.7399131060 0.0322341099 0.6719297171 0.6322315335 -0.3079055846 0.7109693289
307.0 25.5 2319.7 -0.2403175831 0.9508706927 0.1951726079 -0.5501481295 0.0322341099 -0.8344447017 -0.7997402549 -0.3079055846 0.5153733492
21.6 -150.5 2003.9 0.7374320030 0.0916214287 -0.6691782475 -0.0081102047 0.9918864369 0.1268680394 0.6753726602 -0.0881293789 0.7321919203
-13.9 -535.6 2038.1 0.7428932786 0.1003964767 -0.6618384123 0.0374640413 0.9809042811 0.1908488721 0.6683606505 -0.1665754914 0.7249459624
160.2 -182.4 2112.9 0.9526599646 0.1168542579 0.2806849480 -0.1115676314 0.9931473732 -0.0347987264 -0.2828279138 0.0018359991 0.9591689110
114.8 -568.0 2112.2 0.9483630657 -0.1044516861 0.2994950712 0.0499589331 0.9816268086 0.1841544956 -0.3132276535 -0.1596828699 0.9361569285
82.0 357.2 1860.8 0 0 0 0 0 0 0 0 0
246.0 -114.1 2116.7 0 0 0 0 0 0 0 0 0
-51.4 -901.6 2100.2 0 0 0 0 0 0 0 0 0
153.7 -933.4 2171.6 0 0 0 0 0 0 0 0 0
95.6 426.2 1968.6 87 0.7633399963 -0.2155796289 -0.6089643240 0.4665120244 0.8360354304 0.2888101339 0.4468541443 -0.5045495033 0.7387497425
150.1 214.6 2096.4 0.7633399963 -0.2155796289 -0.6089643240 0.4665120244 0.8360354304 0.2888101339 0.4468541443 -0.5045495033 0.7387497425
120.6 23.7 2077.1 0.7859526873 0.1520576924 -0.5992969275 -0.1811690927 0.9833797812 0.0119141694 0.5911481380 0.0992101058 0.8004381657
42.8 239.3 2015.6 0.4876140356 -0.7844659090 -0.3832046390 0.2934871912 0.5606614351 -0.7742893696 0.8222516775 0.2650887072 0.5036171079
-78.0 166.6 1811.9 -0.6147587895 -0.7844659090 -0.0817611888 -0.7593525052 0.5606614351 0.3302159309 -0.2132027894 0.2650887072 -0.9403576851
257.5 189.8 2177.1 0.2384063751 0.9461688399 0.2189221531 -0.7439513206 0.0330283158 0.6674170494 0.6242585778 -0.3219839036 0.7117777467
310.9 23.4 2316.8 -0.2529666424 0.9461688399 0.2019217163 -0.5451297164 0.0330283158 -0.8377008438 -0.7992755771 -0.3219839036 0.5074296594
21.7 -151.0 2004.5 0.7477411628 0.0960854664 -0.6570013165 -0.0103199417 0.9910364747 0.1331923604 0.6639100909 -0.0928131938 0.7420303822
-15.6 -535.8 2040.5 0.7532665730 0.0827499181 -0.6524890065 0.0425328054 0.9838486910 0.1738756299 0.6563386917 -0.1587268859 0.7375807166
160.9 -182.7 2112.7 0.9479333162 0.1158469766 0.2966510653 -0.1128956527 0.9932366014 -0.0271224454 -0.2977867424 -0.0077803447 0.9546006918
116.0 -568.3 2115.7 0.9471600652 -0.0774937123 0.3112596273 0.0381372459 0.9907011390 0.1306016892 -0.3184860945 -0.1118301228 0.9413079619
73.2 353.4 1864.3 0 0 0 0 0 0 0 0 0
246.6 -115.0 2113.9 0 0 0 0 0 0 0 0 0
-46.5 -902.9 2099.7 0 0 0 0 0 0 0 0 0
144.8 -937.0 2157.3 0 0 0 0 0 0 0 0 0
95.1 425.0 1969.3 88 0.7560887933 -0.2309932262 -0.6123495102 0.4779044986 0.8341110945 0.2754378319 0.4471432269 -0.5009000301 0.7410547137
154.0 212.5 2096.9 0.7560887933 -0.2309932262 -0.6123495102 0.4779044986 0.8341110945 0.2754378319 0.4471432269 -0.5009000301 0.7410547137
118.2 22.9 2076.9 0.7736641169 0.1846551299 -0.6060910225 -0.2091724575 0.9773944020 0.0307737198 0.5980724692 0.1029690206 0.7947997451
48.4 241.0 2015.2 0.5075195432 -0.7864986062 -0.3519146144 0.2956522107 0.5425853133 -0.7862511873 0.8093291521 0.2949935198 0.5079026818
-79.1 166.8 1811.9 -0.6090300083 -0.7864986062 -0.1024812087 -0.7606584430 0.5425853133 0.3563704789 -0.2246800661 0.2949935198 -0.9287075400
259.6 183.9 2178.6 0.2068886906 0.9498155117 0.2346220613 -0.7527941465 0.0013724306 0.6582545638 0.6248983741 -0.3128075302 0.7152995467
305.9 15.6 2318.4 -0.2637065053 0.9498155117 0.1682537347 -0.5343591571 0.0013724306 -0.8452563882 -0.8030685782 -0.3128075302 0.5071807504
20.7 -151.0 2004.9 0.7440371513 0.0899735913 -0.6620524526 -0.0067285425 0.9918501973 0.1272316724 0.6681043506 -0.0902104452 0.7385787964
-14.2 -536.0 2039.9 0.7481434345 0.0958574712 -0.6565765142 0.0300613064 0.9835974574 0.1778548658 0.6628557444 -0.1527985036 0.7329903841
161.5 -183.4 2110.8 0.9504727721 0.1178506017 0.2875981927 -0.1137253866 0.9930262566 -0.0310706422 -0.2892542481 -0.0031754149 0.9572470188
115.8 -569.0 2112.0 0.9485946298 -0.0817732811 0.3057472110 0.0284801852 0.9841809869 0.1748619378 -0.3152096272 -0.1571653634 0.9359176755
68.2 350.8 1866.3 0 0 0 0 0 0 0 0 0
239.0 -120.0 2114.5 0 0 0 0 0 0 0 0 0
-50.0 -903.1 2096.9 0 0 0 0 0 0 0 0 0
146.2 -935.4 2170.5 0 0 0 0 0 0 0 0 0
94.8 425.0 1965.1 89 0.7452584505 -0.2427231520 -0.6210276484 0.4931488633 0.8275147676 0.2683719099 0.4487694502 -0.5062655210 0.7364110351
159.0 206.1 2099.0 0.7452584505 -0.2427231520 -0.6210276484 0.4931488633 0.8275147676 0.2683719099 0.4487694502 -0.5062655210 0.7364110351
121.3 16.8 2079.1 0.7642620206 0.1944216341 -0.6149014831 -0.2162356675 0.9755342007 0.0396880582 0.6075736284 0.1026315540 0.7876046300
54.6 235.7 2016.0 0.5320875645 -0.7811151147 -0.3267139494 0.2714257240 0.5228698254 -0.8080440760 0.8020042777 0.3412716389 0.4902272820
-79.8 167.1 1813.3 -0.6079208255 -0.7811151147 -0.1424479485 -0.7615606189 0.5228698254 0.3829263151 -0.2246277928 0.3412716389 -0.9127299786
263.4 176.6 2182.0 0.1911621988 0.9533131719 0.2337755859 -0.7534593940 -0.0101278042 0.6574164629 0.6290913820 -0.3018136024 0.7163466811
306.1 8.1 2322.7 -0.2604189813 0.9533131719 0.1528920084 -0.5335791707 -0.0101278042 -0.8456894755 -0.8046584725 -0.3018136024 0.5113055110
13.1 -148.0 2003.3 0.7380827069 0.0705012456 -0.6710168123 0.0094847586 0.9933434129 0.1147996336 0.6746435761 -0.0910960585 0.7325008512
-14.3 -533.6 2038.7 0.7416189313 0.0869743153 -0.6651592851 0.0442476049 0.9830576777 0.1778756380 0.6693605185 -0.1613476425 0.7252057791
151.6 -185.5 2110.5 0.9554618597 0.0990168229 0.2780077755 -0.0987454727 0.9949994683 -0.0150145097 -0.2781042755 -0.0131062204 0.9604614973
113.2 -571.7 2115.5 0.9493344426 -0.1188664660 0.2909207046 0.0752356648 0.9847529531 0.1568478644 -0.3051289916 -0.1270134598 0.9438028932
65.8 349.4 1867.1 0 0 0 0 0 0 0 0 0
240.0 -127.3 2118.5 0 0 0 0 0 0 0 0 0
-46.7 -900.5 2098.9 0 0 0 0 0 0 0 0 0
157.4 -938.4 2162.8 0 0 0 0 0 0 0 0 0
93.4 425.7 1964.6 90 0.7353029847 -0.2509520352 -0.6295653582 0.5043132901 0.8231672049 0.2608904243 0.4527665973 -0.5093317032 0.7318357825
160.8 204.8 2101.2 0.7353029847 -0.2509520352 -0.6295653582 0.5043132901 0.8231672049 0.2608904243 0.4527665973 -0.5093317032 0.7318357825
122.3 15.7 2080.8 0.7565751076 0.1981853545 -0.6231505871 -0.2203863561 0.9744927883 0.0423515029 0.6156492233 0.1052917987 0.7809543610
57.5 234.9 2017.1 0.5454275012 -0.7757667899 -0.3173243403 0.2670449913 0.5197096467 -0.8115348816 0.7944782972 0.3578935862 0.4906285405
-80.7 167.3 1815.9 -0.6105532050 -0.7757667899 -0.1594074219 -0.7614777684 0.5197096467 0.3873673975 -0.2176611722 0.3578935862 -0.9080395103
264.1 174.7 2185.3 0.1806099564 0.9564347863 0.2293742597 -0.7547852397 -0.0147457458 0.6558062434 0.6306182146 -0.2915734351 0.7192395926
304.5 5.8 2326.4 -0.2544298470 0.9564347863 0.1431710571 -0.5318767428 -0.0147457458 -0.8466933966 -0.8076958060 -0.2915734351 0.5124571919
15.1 -153.1 2004.7 0.7306392789 0.0762986317 -0.6784871221 0.0032773414 0.9933330417 0.1152335927 0.6827558279 -0.0864178240 0.7255180478
-14.5 -538.7 2038.2 0.7368187308 0.0854916796 -0.6706633568 0.0600563660 0.9797753692 0.1908756346 0.6734176874 -0.1809183508 0.7167825103
152.0 -191.8 2113.5 0.9587354660 0.0946698785 0.2680745125 -0.0950059593 0.9954073429 -0.0117486333 -0.2679556012 -0.0142048467 0.9633265138
115.2 -578.2 2119.0 0.9558482170 -0.0932272822 0.2786806226 0.0593632609 0.9900487065 0.1275915056 -0.2878023982 -0.1054147258 0.9518705606
64.3 348.1 1867.6 0 0 0 0 0 0 0 0 0
240.0 -129.2 2121.4 0 0 0 0 0 0 0 0 0
-46.4 -904.4 2105.7 0 0 0 0 0 0 0 0 0
150.0 -947.2 2158.3 0 0 0 0 0 0 0 0 0
92.9 426.4 1966.3 91 0.7240669131 -0.2600447237 -0.6388300657 0.5110411644 0.8242890835 0.2436891645 0.4632105827 -0.5029157400 0.7297340035
163.2 203.6 2102.2 0.7240669131 -0.2600447237 -0.6388300657 0.5110411644 0.8242890835 0.2436891645 0.4632105827 -0.5029157400 0.7297340035
123.9 14.6 2081.7 0.7477252483 0.2021124512 -0.6325009465 -0.2231913507 0.9736279845 0.0472671576 0.6253738999 0.1058259010 0.7731159925
61.0 234.1 2016.8 0.5555489659 -0.7744173408 -0.3027260900 0.2613580823 0.5082652569 -0.8205841780 0.7893397808 0.3767547607 0.4847664833
-80.6 167.4 1815.5 -0.6087244749 -0.7744173408 -0.1724304259 -0.7608808875 0.5082652569 0.4033938944 -0.2247548401 0.3767547607 -0.8986328840
265.3 173.1 2187.6 0.1687530130 0.9598573446 0.2240451872 -0.7544923425 -0.0204701703 0.6559895873 0.6342426538 -0.2797406018 0.7207506299
303.1 4.3 2329.5 -0.2473304570 0.9598573446 0.1322931349 -0.5321645141 -0.0204701703 -0.8463934660 -0.8097089529 -0.2797406018 0.5158649087
16.1 -153.7 2005.2 0.7221111655 0.0774442628 -0.6874284148 0.0000442568 0.9937086701 0.1119956523 0.6917770505 -0.0809037313 0.7175647020
-14.0 -539.5 2036.6 0.7297747135 0.0899305195 -0.6777472496 0.0656735301 0.9775062799 0.2004206330 0.6805261374 -0.1907719672 0.7074533701
151.6 -193.2 2115.5 0.9625876546 0.0880628303 0.2562614679 -0.0885780230 0.9960234165 -0.0095547959 -0.2560838461 -0.0135018062 0.9665602446
117.4 -579.9 2120.7 0.9618183374 -0.0641209856 0.2660713792 0.0300859120 0.9910473228 0.1300769448 -0.2720299959 -0.1171053872 0.9551366568
63.8 348.0 1868.8 0 0 0 0 0 0 0 0 0
240.3 -130.8 2124.0 0 0 0 0 0 0 0 0 0
-47.5 -904.3 2107.8 0 0 0 0 0 0 0 0 0
141.3 -949.3 2164.4 0 0 0 0 0 0 0 0 0
92.8 425.5 1967.6 92 0.7222780585 -0.2654347420 -0.6386382580 0.5096183419 0.8285314441 0.2320016474 0.4675505757 -0.4930314720 0.7337005138
165.0 200.1 2101.7 0.7222780585 -0.2654347420 -0.6386382580 0.5096183419 0.8285314441 0.2320016474 0.4675505757 -0.4930314720 0.7337005138
123.0 11.9 2079.5 0.7427497506 0.2163130045 -0.6336650848 -0.2397406548 0.9695505500 0.0499618351 0.6251777411 0.1148061454 0.7719924450
63.5 232.8 2016.3 0.5618197322 -0.7735461593 -0.2932317853 0.2556876838 0.4994773269 -0.8277356029 0.7867543101 0.3900624514 0.4784024358
-80.5 167.3 1814.6 -0.6068196297 -0.7735461593 -0.1827463359 -0.7612515092 0.4994773269 0.4135438502 -0.2286176085 0.3900624514 -0.8919558525
266.4 167.4 2187.1 0.1558941305 0.9601621032 0.2319176793 -0.7623812556 -0.0323302485 0.6463200450 0.6280699372 -0.2775671780 0.7269694805
301.3 -3.2 2327.7 -0.2531433105 0.9601621032 0.1183522716 -0.5213149190 -0.0323302485 -0.8527517319 -0.8149535060 -0.2775671780 0.5087310076
17.7 -154.4 2005.1 0.7216851115 0.0827263519 -0.6872604489 -0.0009612059 0.9929519892 0.1185134500 0.6922208071 -0.0848687887 0.7166782022
-14.4 -539.9 2038.0 0.7278478146 0.0854632407 -0.6803922057 0.0559103154 0.9815040231 0.1830954403 0.6834556460 -0.1713065505 0.7096072435
151.7 -194.4 2117.1 0.9632351995 0.0865033790 0.2543523908 -0.0856218636 0.9962213635 -0.0145566566 -0.2546504736 -0.0077566411 0.9670020342
118.1 -581.1 2120.1 0.9640148878 -0.0362765752 0.2633615136 0.0063466309 0.9935042262 0.1136182845 -0.2657724321 -0.1078582630 0.9579830766
63.4 347.8 1868.8 0 0 0 0 0 0 0 0 0
237.1 -135.5 2120.8 0 0 0 0 0 0 0 0 0
-46.3 -906.2 2102.0 0 0 0 0 0 0 0 0 0
131.6 -951.6 2160.3 0 0 0 0 0 0 0 0 0
93.4 427.2 1967.8 93 0.7282226682 -0.2484390289 -0.6387251019 0.4998054206 0.8301944733 0.2469245642 0.4689203501 -0.4990543425 0.7287375927
160.0 204.5 2101.7 0.7282226682 -0.2484390289 -0.6387251019 0.4998054206 0.8301944733 0.2469245642 0.4689203501 -0.4990543425 0.7287375927
120.5 15.7 2079.9 0.7463335395 0.2036001533 -0.6336664557 -0.2283627987 0.9726021886 0.0435357317 0.6251692772 0.1122136712 0.7723803520
58.1 235.7 2016.3 0.5457221866 -0.7817206383 -0.3018279672 0.2819337845 0.5104766488 -0.8123588562 0.7891138196 0.3582267463 0.4989719093
-80.6 164.0 1815.7 -0.6019762754 -0.7817206383 -0.1629029065 -0.7677168250 0.5104766488 0.3873299360 -0.2196256816 0.3582267463 -0.9074349403
262.0 173.3 2187.1 0.1664309949 0.9602853656 0.2239480466 -0.7586677074 -0.0203689784 0.6511592865 0.6298603415 -0.2782752216 0.7251474857
299.2 3.5 2328.0 -0.2468972951 0.9602853656 0.1299758852 -0.5266195536 -0.0203689784 -0.8498570323 -0.8134577870 -0.2782752216 0.5107340813
14.5 -154.8 2001.2 0.7227957845 0.0784609690 -0.6865931153 0.0186130479 0.9909630418 0.1328375638 0.6908109784 -0.1087940261 0.7148035169
-15.9 -539.4 2043.4 0.7245453596 0.0750470534 -0.6851291656 0.0395183638 0.9878954291 0.1500030905 0.6880932450 -0.1357592195 0.7128093243
147.6 -197.7 2113.2 0.9640392661 0.0724245161 0.2557010353 -0.0741310045 0.9972440600 -0.0029711577 -0.2552115321 -0.0160910618 0.9667513371
119.4 -584.8 2119.4 0.9643403888 -0.0345063694 0.2624061406 0.0046843747 0.9935344458 0.1134345978 -0.2646237612 -0.1081603542 0.9582669735
63.1 347.4 1868.1 0 0 0 0 0 0 0 0 0
236.5 -130.1 2121.5 0 0 0 0 0 0 0 0 0
-43.9 -907.9 2094.0 0 0 0 0 0 0 0 0 0
132.3 -955.5 2159.8 0 0 0 0 0 0 0 0 0
93.6 424.8 1967.9 94 0.7215132713 -0.2470285445 -0.6468349695 0.5089035034 0.8226568103 0.2534818351 0.4695059359 -0.5120670795 0.7192714810
158.7 207.8 2102.9 0.7215132713 -0.2470285445 -0.6468349695 0.5089035034 0.8226568103 0.2534818351 0.4695059359 -0.5120670795 0.7192714810
123.2 18.3 2081.6 0.7471509576 0.1829119772 -0.6389903426 -0.2107014209 0.9769832492 0.0332965367 0.6303731799 0.1097586229 0.7684937716
56.7 236.6 2016.8 0.5369124413 -0.7880167365 -0.3012551367 0.2949324250 0.5098854899 -0.8081037402 0.7904049158 0.3450310528 0.5061755180
-79.3 161.9 1816.6 -0.5949139595 -0.7880167365 -0.1584520340 -0.7748900056 0.5098854899 0.3735803366 -0.2135951519 0.3450310528 -0.9139642715
260.8 179.1 2189.0 0.1782077998 0.9621446133 0.2062030584 -0.7527541518 -0.0016595559 0.6582996249 0.6337216496 -0.2725343406 0.7239626646
300.6 10.6 2330.8 -0.2311975360 0.9621446133 0.1443101615 -0.5344622135 -0.0016595559 -0.8451907635 -0.8129562736 -0.2725343406 0.5146136284
21.0 -153.6 2003.4 0.7179477215 0.0659571141 -0.6929651499 0.0326459259 0.9912150502 0.1281677037 0.6953310966 -0.1146401986 0.7094873786
-4.8 -540.4 2048.1 0.7185785174 0.0565605499 -0.6931419969 0.0430140123 0.9911642671 0.1254717559 0.6941143274 -0.1199761331 0.7097964883
147.9 -193.5 2114.1 0.9656450152 0.0729084909 0.2494274378 -0.0745159760 0.9972152710 -0.0030047807 -0.2489519417 -0.0156847779 0.9683888555
119.5 -580.6 2120.2 0.9663726091 -0.0290094335 0.2555043101 0.0040998231 0.9952281117 0.0974897370 -0.2571131885 -0.0931638852 0.9618800879
63.1 347.4 1867.7 0 0 0 0 0 0 0 0 0
242.0 -125.0 2124.5 0 0 0 0 0 0 0 0 0
-25.9 -910.1 2092.9 0 0 0 0 0 0 0 0 0
130.4 -952.0 2155.0 0 0 0 0 0 0 0 0 0
93.6 425.4 1965.9 95 0.7330792546 -0.2449305952 -0.6345106959 0.5066760778 0.8190197349 0.2692322135 0.4537335932 -0.5188599229 0.7245068550
158.3 209.1 2103.0 0.7330792546 -0.2449305952 -0.6345106959 0.5066760778 0.8190197349 0.2692322135 0.4537335932 -0.5188599229 0.7245068550
119.7 19.9 2083.2 0.7517457008 0.1987598240 -0.6287869215 -0.2185124159 0.9747082591 0.0468633734 0.6221983433 0.1021684036 0.7761641741
55.6 238.9 2018.0 0.5298271775 -0.7913951278 -0.3049210906 0.3090907931 0.5149876475 -0.7995315194 0.7897759080 0.3293652534 0.5174673796
-78.9 160.5 1817.5 -0.5921265483 -0.7913951278 -0.1519206613 -0.7796858549 0.5149876475 0.3561989367 -0.2036568522 0.3293652534 -0.9219774604
261.0 179.2 2188.0 0.1749509722 0.9585179687 0.2250233293 -0.7520039082 -0.0174335390 0.6589280367 0.6355172992 -0.2844985127 0.7177592516
300.1 10.9 2330.2 -0.2492899299 0.9585179687 0.1381950378 -0.5352070928 -0.0174335390 -0.8445409536 -0.8070984483 -0.2844985127 0.5173515677
24.2 -153.0 2004.5 0.7252938151 0.0832044706 -0.6833929420 0.0050950488 0.9919936657 0.1261846721 0.6884206533 -0.0950028822 0.7190629244
-8.2 -538.9 2041.5 0.7301199436 0.0890605077 -0.6774902940 0.0499641560 0.9818578959 0.1829171479 0.6814898849 -0.1674016863 0.7124242187
154.6 -190.2 2116.8 0.9611104131 0.0942049026 0.2596001625 -0.0917548835 0.9955480099 -0.0215675086 -0.2604762018 -0.0030908277 0.9654753208
118.1 -576.6 2118.0 0.9618650675 -0.0453962572 0.2697308362 0.0162037890 0.9938563704 0.1094850674 -0.2730439305 -0.1009392068 0.9566913247
62.8 347.0 1866.2 0 0 0 0 0 0 0 0 0
236.9 -124.9 2125.4 0 0 0 0 0 0 0 0 0
-41.3 -904.7 2103.8 0 0 0 0 0 0 0 0 0
135.0 -947.5 2155.7 0 0 0 0 0 0 0 0 0
95.1 428.2 1971.4 96 0.7445740700 -0.2400907576 -0.6228691339 0.4861059189 0.8345074058 0.2594194114 0.4575046897 -0.4959372878 0.7380620837
157.7 210.3 2100.9 0.7445740700 -0.2400907576 -0.6228691339 0.4861059189 0.8345074058 0.2594194114 0.4575046897 -0.4959372878 0.7380620837
118.2 21.3 2081.3 0.7587677836 0.2038623989 -0.6186369061 -0.2223516405 0.9737755656 0.0481752194 0.6122346520 0.1010011286 0.7841986418
54.1 240.7 2017.3 0.5307676792 -0.7857307196 -0.3176678717 0.3281629384 0.5361163616 -0.7777456641 0.7814056277 0.3085554540 0.5424009562
-80.9 157.3 1818.6 -0.6034139991 -0.7857307196 -0.1360837370 -0.7740519643 0.5361163616 0.3367829919 -0.1916640252 0.3085554540 -0.9316965342
261.4 180.0 2184.6 0.1800927222 0.9547241926 0.2367875129 -0.7536636591 -0.0207641143 0.6569321752 0.6321057677 -0.2967668474 0.7158014774
301.7 11.3 2326.0 -0.2616824806 0.9547241926 0.1415061504 -0.5331188440 -0.0207641143 -0.8457855582 -0.8045536876 -0.2967668474 0.5144150257
15.6 -149.9 2007.9 0.7344857454 0.0686628520 -0.6751415730 0.0069988472 0.9940488338 0.1087102145 0.6785880327 -0.0845713168 0.7296341658
-11.1 -536.2 2040.8 0.7394709587 0.0852559730 -0.6677680016 0.0544852763 0.9811140895 0.1855975688 0.6709799170 -0.1736275405 0.7208601832
148.5 -188.8 2119.1 0.9588239789 0.0808594227 0.2722467184 -0.0785906538 0.9967211485 -0.0192461126 -0.2729102969 -0.0029424150 0.9620350003
117.1 -575.7 2120.2 0.9576445818 -0.0651427805 0.2804875970 0.0349406786 0.9931650162 0.1113659963 -0.2858251631 -0.0968486145 0.9533752203
64.3 343.5 1864.7 0 0 0 0 0 0 0 0 0
235.3 -124.0 2121.8 0 0 0 0 0 0 0 0 0
-42.9 -902.1 2105.6 0 0 0 0 0 0 0 0 0
141.4 -946.3 2156.4 0 0 0 0 0 0 0 0 0
99.2 428.1 1966.7 97 0.7583113909 -0.2103884667 -0.6170093417 0.4740951657 0.8276195526 0.3004656732 0.4474345148 -0.5203676820 0.7273374796
153.6 213.9 2101.4 0.7583113909 -0.2103884667 -0.6170093417 0.4740951657 0.8276195526 0.3004656732 0.4474345148 -0.5203676820 0.7273374796
119.7 24.0 2081.0 0.7716374993 0.1747920960 -0.6115744114 -0.2022537589 0.9790235758 0.0246233027 0.6030496955 0.1046929657 0.7908036709
48.3 241.5 2019.0 0.5157446861 -0.7719135880 -0.3716945648 0.3280223012 0.5787004232 -0.7466640472 0.7914599180 0.2631638944 0.5516665578
-81.3 159.1 1820.2 -0.6290356517 -0.7719135880 -0.0919974372 -0.7551783323 0.5787004232 0.3079148531 -0.1844447106 0.2631638944 -0.9469556212
259.0 186.3 2183.7 0.2098934501 0.9517611265 0.2238202393 -0.7511666417 0.0104405042 0.6600300670 0.6258541942 -0.3066622913 0.7171225548
305.9 18.3 2323.7 -0.2535072565 0.9517611265 0.1728722751 -0.5363136530 0.0104405042 -0.8439542055 -0.8050476313 -0.3066622913 0.5077957511
11.5 -147.9 2007.0 0.7402927876 0.0615915395 -0.6694573164 0.0117324200 0.9944592118 0.1044662595 0.6721822619 -0.0851899683 0.7354683876
-12.4 -534.1 2040.1 0.7430758476 0.0851821378 -0.6637637615 0.0402984358 0.9843700528 0.1714398265 0.6679927707 -0.1541414261 0.7280288935
146.6 -187.6 2116.6 0.9561277032 0.0741732642 0.2834045887 -0.0755151436 0.9971253872 -0.0062028645 -0.2830499709 -0.0154706072 0.9589803815
117.8 -574.6 2122.6 0.9562149048 -0.0449162126 0.2891981006 0.0198098999 0.9958199859 0.0891635865 -0.2919941247 -0.0795305669 0.9531077147
70.0 340.8 1864.5 0 0 0 0 0 0 0 0 0
241.6 -117.8 2119.4 0 0 0 0 0 0 0 0 0
-44.2 -901.3 2097.6 0 0 0 0 0 0 0 0 0
134.5 -946.2 2152.3 0 0 0 0 0 0 0 0 0
98.2 429.1 1977.3 98 0.7636678815 -0.2039897740 -0.6125353575 0.4543398321 0.8438698053 0.2854103446 0.4586792886 -0.4962579310 0.7371169329
149.2 217.9 2101.5 0.7636678815 -0.2039897740 -0.6125353575 0.4543398321 0.8438698053 0.2854103446 0.4586792886 -0.4962579310 0.7371169329
121.0 27.0 2081.7 0.7839617133 0.1452641040 -0.6035746336 -0.1773607135 0.9841245413 0.0064846338 0.5949346423 0.1019667313 0.7972801328
42.2 242.1 2020.3 0.5005418658 -0.7739273310 -0.3879360259 0.3478835821 0.5901548266 -0.7284876704 0.7927388549 0.2296819985 0.5646337867
-82.9 155.1 1822.1 -0.6287212968 -0.7739273310 -0.0758028850 -0.7594589591 0.5901548266 0.2737506032 -0.1671276242 0.2296819985 -0.9588088989
256.2 193.7 2182.8 0.2398803979 0.9476799965 0.2106182277 -0.7434566021 0.0398155265 0.6675979495 0.6242833138 -0.3167291880 0.7141098976
309.9 27.4 2322.4 -0.2451067865 0.9476799965 0.2045123875 -0.5448982716 0.0398155265 -0.8375563025 -0.8018781543 -0.3167291880 0.5066301227
17.1 -147.9 2006.7 0.7447676659 0.0805092156 -0.6624495387 0.0008426057 0.9925814867 0.1215783209 0.6673233509 -0.0911057889 0.7391747236
-14.1 -533.3 2042.1 0.7488550544 0.0686408505 -0.6591695547 0.0475805812 0.9864868522 0.1567794681 0.6610236168 -0.1487687677 0.7354696989
154.9 -184.1 2114.7 0.9513762593 0.0971432328 0.2923122644 -0.0968242139 0.9951792955 -0.0155952284 -0.2924180925 -0.0134659763 0.9561957717
117.2 -570.3 2119.9 0.9524620771 -0.0375553519 0.3023334742 0.0037035220 0.9937270284 0.1117716208 -0.3046345711 -0.1053385362 0.9466264248
72.5 342.8 1863.4 0 0 0 0 0 0 0 0 0
247.7 -110.9 2118.9 0 0 0 0 0 0 0 0 0
-39.7 -901.4 2097.6 0 0 0 0 0 0 0 0 0
131.2 -941.0 2159.2 0 0 0 0 0 0 0 0 0
97.9 428.8 1979.2 99 0.7714569569 -0.1980820745 -0.6046632528 0.4449433088 0.8472625017 0.2901236117 0.4548402429 -0.4928587377 0.7417618632
146.6 220.6 2100.3 0.7714569569 -0.1980820745 -0.6046632528 0.4449433088 0.8472625017 0.2901236117 0.4548402429 -0.4928587377 0.7417618632
120.2 29.2 2082.3 0.7919582725 0.1364233345 -0.5951392651 -0.1647164673 0.9863168001 0.0069026761 0.5879375339 0.0925626010 0.8035929203
38.5 243.0 2020.0 0.4888402522 -0.7837910056 -0.3830233514 0.3687632382 0.5835596919 -0.7235134840 0.7906002998 0.2124375701 0.5743007660
-83.0 151.4 1823.6 -0.6160833240 -0.7837910056 -0.0781859085 -0.7737131715 0.5835596919 0.2466291636 -0.1476795673 0.2124375701 -0.9659508467
254.8 198.1 2180.6 0.2539651692 0.9438061714 0.2114985287 -0.7360578179 0.0467334725 0.6753035188 0.6274715662 -0.3271787167 0.7065646052
311.6 33.4 2321.0 -0.2480902672 0.9438061714 0.2183601409 -0.5538792014 0.0467334725 -0.8312844038 -0.7947760820 -0.3271787167 0.5111604929
22.9 -148.1 2008.6 0.7488040924 0.0974497870 -0.6555882692 -0.0212379750 0.9921520352 0.1232205108 0.6624510288 -0.0783446580 0.7449971437
-14.9 -533.2 2039.0 0.7571188211 0.0727339685 -0.6492155790 0.0580490418 0.9823612571 0.1777546108 0.6506929994 -0.1722677052 0.7395420671
163.0 -179.8 2115.2 0.9466249943 0.1174952090 0.3001598716 -0.1142962649 0.9930446744 -0.0282592475 -0.3013924956 -0.0075562405 0.9534702301
117.4 -565.2 2118.1 0.9484837651 -0.0379536599 0.3145441711 -0.0011430429 0.9923824668 0.1231900305 -0.3168236315 -0.1172032803 0.9412152767
71.3 345.2 1860.6 0 0 0 0 0 0 0 0 0
248.6 -107.1 2119.2 0 0 0 0 0 0 0 0 0
-42.1 -899.7 2103.3 0 0 0 0 0 0 0 0 0
131.6 -935.5 2161.8 0 0 0 0 0 0 0 0 0
98.4 429.8 1984.1 00 0.7855789661 -0.1827088296 -0.5911710262 0.4212826788 0.8577001691 0.2947394848 0.4531959593 -0.4805912375 0.7507632971
142.2 224.4 2099.2 0.7855789661 -0.1827088296 -0.5911710262 0.4212826788 0.8577001691 0.2947394848 0.4531959593 -0.4805912375 0.7507632971
119.7 32.4 2082.0 0.8060022593 0.1161702499 -0.5804005265 -0.1456429064 0.9893281460 -0.0042350385 0.5737146139 0.0879446790 0.8143201470
32.2 244.2 2020.8 0.4669948518 -0.7873139381 -0.4025575817 0.3841013908 0.5906679630 -0.7096319795 0.7964809537 0.1767715514 0.5782472491
-82.9 149.6 1824.5 -0.6143960357 -0.7873139381 -0.0515199080 -0.7755804062 0.5906679630 0.2226800025 -0.1448879093 0.1767715514 -0.9735292792
252.2 204.5 2177.5 0.2816290855 0.9364212751 0.2092850804 -0.7286933064 0.0668271929 0.6815718412 0.6242524385 -0.3444550931 0.7011844516
315.2 41.5 2317.1 -0.2501285076 0.9364212751 0.2460709661 -0.5613260269 0.0668271929 -0.8248922825 -0.7888908982 -0.3444550931 0.5089222193
22.9 -147.5 2011.7 0.7591269612 0.0959425420 -0.6438332200 -0.0253389720 0.9926841855 0.1180509850 0.6504492164 -0.0733016133 0.7560044527
-14.4 -532.8 2040.1 0.7660387158 0.0786632076 -0.6379630566 0.0401173867 0.9846981764 0.1695881784 0.6415413618 -0.1555045098 0.7511610985
