103.7 426.5 1961.2 7 0.7311785817 0.3242132068 -0.6002196670 -0.1667878181 0.9381052852 0.3035462499 0.6614829302 -0.1218371838 0.7399972677
38.7 238.4 1985.7 0.7311785817 0.3242132068 -0.6002196670 -0.1667878181 0.9381052852 0.3035462499 0.6614829302 -0.1218371838 0.7399972677
-16.0 51.1 2017.1 0.7428790331 0.2938714027 -0.6014734507 -0.1311408728 0.9449688196 0.2997264564 0.6564547420 -0.1437827498 0.7405360937
-62.0 257.2 1896.0 -0.0332159251 -0.4052393436 -0.9136070013 0.8881188035 0.4073034525 -0.2129526883 0.4584120810 -0.8184649944 0.3463717103
-54.9 67.5 1798.1 -0.7573017478 -0.4052393436 0.5121280551 -0.6510743499 0.4073034525 -0.6404733062 0.0509534515 -0.8184649944 -0.5722925663
139.3 219.5 2075.4 -0.0549282879 0.8149908781 -0.5768646002 -0.9474965334 0.1397257000 0.2876230180 0.3150129616 0.5623758435 0.7645261288
119.6 -119.9 2188.2 0.2458260208 0.7999085784 -0.5474630594 -0.9692848325 0.2072383314 -0.1324357837 0.0075188098 0.5632037520 0.8262838125
-147.7 -123.1 1984.8 0.6274312735 -0.2585049570 -0.7345101237 -0.0698601082 0.9207940698 -0.3837418258 0.7755317688 0.2920846045 0.5596758723
-45.2 -488.4 1868.9 0.6274312735 0.3103633523 -0.7141460180 -0.0698601082 0.9358714819 0.3453464210 0.7755317688 -0.1667908281 0.6088770628
-10.2 -150.7 2103.0 0.7077993751 -0.0821629986 -0.7016190290 0.0057152649 0.9938464761 -0.1106186435 0.7063903809 0.0742858648 0.7039135098
21.0 -527.7 2074.8 0.6735885739 0.3484933972 -0.6517904401 -0.0954470709 0.9154930115 0.3908483386 0.7329176664 -0.2010594755 0.6499282718
158.7 251.1 1783.7 0 0 0 0 0 0 0 0 0
187.2 -386.2 2190.3 0 0 0 0 0 0 0 0 0
-163.5 -844.9 1932.5 0 0 0 0 0 0 0 0 0
-101.7 -850.0 2145.6 0 0 0 0 0 0 0 0 0
90.6 437.7 1965.0 8 0.7342625260 0.2937881351 -0.6120024920 -0.1496562511 0.9493796229 0.2761908472 0.6621642709 -0.1112065986 0.7410610914
31.6 246.9 1987.4 0.7342625260 0.2937881351 -0.6120024920 -0.1496562511 0.9493796229 0.2761908472 0.6621642709 -0.1112065986 0.7410610914
-17.4 57.8 2017.0 0.7447123528 0.2652629018 -0.6124044061 -0.1140650958 0.9547052383 0.2748219669 0.6575657129 -0.1348093450 0.7412379980
-69.4 263.4 1897.6 -0.0543631427 -0.4029969275 -0.9135853052 0.8785982728 0.4154364765 -0.2355368286 0.4744572937 -0.8154789805 0.3314879537
-57.7 74.6 1795.6 -0.7289525270 -0.4029969275 0.5533729792 -0.6844668984 0.4154364765 -0.5990973115 0.0115430392 -0.8154789805 -0.5786715150
132.5 230.3 2077.2 -0.0268306620 0.8087763786 -0.5875039697 -0.9514159560 0.1596786231 0.2632687092 0.3067373335 0.5660243034 0.7651984692
122.9 -110.5 2187.1 0.2753019333 0.7916362882 -0.5454546809 -0.9613578320 0.2266897261 -0.1562143266 -0.0000159645 0.5673832297 0.8234539032
-142.3 -124.5 1985.5 0.6083880067 -0.2003349513 -0.7679387927 -0.0920508727 0.9432735443 -0.3190010786 0.7882834077 0.2647658587 0.5554352999
-62.9 -498.2 1880.6 0.6083880067 0.3048099577 -0.7327721119 -0.0920508727 0.9441755414 0.3163213432 0.7882834077 -0.1249938011 0.6024830937
-6.0 -148.2 2105.9 0.5654709935 -0.0828254223 -0.8205988407 -0.0273093507 0.9925190210 -0.1189965755 0.8243159056 0.0896991342 0.5589787960
26.2 -533.8 2071.1 0.5654709935 0.4195626080 -0.7100772858 -0.0273093507 0.8699943423 0.4923048019 0.8243159056 -0.2589923441 0.5034145713
150.9 270.5 1792.3 0 0 0 0 0 0 0 0 0
198.5 -374.7 2187.1 0 0 0 0 0 0 0 0 0
-179.2 -858.2 1928.3 0 0 0 0 0 0 0 0 0
-127.1 -851.7 2165.7 0 0 0 0 0 0 0 0 0
77.8 448.2 1967.4 9 0.7554154396 0.2612271309 -0.6009225249 -0.1344070882 0.9593687654 0.2480851710 0.6413128972 -0.1066391245 0.7598327994
25.2 254.9 1988.9 0.7554154396 0.2612271309 -0.6009225249 -0.1344070882 0.9593687654 0.2480851710 0.6413128972 -0.1066391245 0.7598327994
-17.3 64.1 2017.0 0.7642835975 0.2327694893 -0.6014058590 -0.0998781919 0.9640582204 0.2462032586 0.6370988488 -0.1281017810 0.7600624561
-78.5 269.5 1901.9 -0.0990907624 -0.4260542095 -0.8992546201 0.8584265709 0.4204589725 -0.2937994003 0.5032741427 -0.8010568619 0.3240726590
-56.9 82.7 1792.4 -0.6864582896 -0.4260542095 0.5892816186 -0.7269824743 0.4204589725 -0.5428726673 -0.0164755657 -0.8010568619 -0.5983614922
128.8 240.3 2075.8 0.0097447261 0.8176966310 -0.5755668879 -0.9557414055 0.1768758297 0.2351026982 0.2940465808 0.5478021502 0.7832301259
132.3 -102.1 2181.2 0.3041499853 0.7985786200 -0.5193890333 -0.9524084926 0.2433079481 -0.1836282313 -0.0202700999 0.5505210161 0.8345751762
-138.3 -121.4 1983.5 0.6435310245 -0.1608403176 -0.7483302951 -0.0879272521 0.9556663632 -0.2810170949 0.7603529692 0.2466418445 0.6008586884
-74.5 -500.3 1885.7 0.6435310245 0.3081119955 -0.7006674409 -0.0879272521 0.9391004443 0.3322035074 0.7603529692 -0.1521755010 0.6314316988
-1.7 -142.1 2104.1 0.6208969951 -0.0808544904 -0.7797111273 -0.0336286873 0.9910032153 -0.1295441389 0.7831705213 0.1066542342 0.6125918627
30.1 -531.6 2062.2 0.6208969951 0.4360953569 -0.6513891220 -0.0336286873 0.8450210094 0.5336745977 0.7831705213 -0.3094515800 0.5393363237
140.6 291.8 1797.1 0 0 0 0 0 0 0 0 0
215.9 -363.7 2175.6 0 0 0 0 0 0 0 0 0
-192.1 -858.7 1943.8 0 0 0 0 0 0 0 0 0
-132.7 -847.0 2177.7 0 0 0 0 0 0 0 0 0
67.4 455.3 1978.6 0 0.6717768312 0.2368630767 -0.7018630505 -0.1031239107 0.9681764841 0.2280345112 0.7335402966 -0.0808094367 0.6748247743
19.9 261.1 1994.8 0.6717768312 0.2368630767 -0.7018630505 -0.1031239107 0.9681764841 0.2280345112 0.7335402966 -0.0808094367 0.6748247743
-19.6 69.1 2019.7 0.6802383661 0.2143530995 -0.7009482980 -0.0667698011 0.9704298973 0.2319647074 0.7299435139 -0.1109891161 0.6744359732
-72.0 271.4 1895.5 -0.0805198848 -0.4267670512 -0.9007698894 0.8558717370 0.4335875213 -0.2819316685 0.5108817220 -0.7936446071 0.3303454220
-55.1 91.4 1788.1 -0.6619783044 -0.4267670512 0.6161611676 -0.7476813197 0.4335875213 -0.5029656887 -0.0525106154 -0.7936446071 -0.6061112881
111.8 250.9 2094.1 0.0047311336 0.7351428270 -0.6778957844 -0.9519766569 0.2108427584 0.2220040560 0.3061341047 0.6442906260 0.7008363008
113.5 -90.1 2203.7 0.3363445401 0.7135955095 -0.6145354509 -0.9412103891 0.2765802443 -0.1939750612 0.0315486379 0.6436496377 0.7646697760
-133.5 -118.2 1983.9 0.6335286498 -0.1140345559 -0.7652696371 -0.1021574736 0.9680916071 -0.2288285941 0.7669454813 0.2231474817 0.6016642451
-88.3 -502.1 1895.5 0.6335286498 0.3006998599 -0.7128962278 -0.1021574736 0.9458311200 0.3081677258 0.7669454813 -0.1224053949 0.6299298406
6.6 -136.4 2100.8 0.5972989202 -0.0592604391 -0.7998263240 -0.0405732170 0.9937568307 -0.1039285660 0.8009917736 0.0945279524 0.5911655426
30.0 -529.1 2063.5 0.5972989202 0.4473199844 -0.6656867266 -0.0405732170 0.8458043337 0.5319482088 0.8009917736 -0.2907230258 0.5233471990
135.1 306.3 1803.2 0 0 0 0 0 0 0 0 0
205.9 -348.7 2212.4 0 0 0 0 0 0 0 0 0
-203.1 -863.2 1942.2 0 0 0 0 0 0 0 0 0
-138.9 -848.6 2173.3 0 0 0 0 0 0 0 0 0
57.3 459.4 1984.2 1 0.5921741724 0.2125228792 -0.7772797346 -0.0696510002 0.9744837284 0.2133782059 0.8027941585 -0.0722187534 0.5918665528
14.7 264.0 1998.7 0.5921741724 0.2125228792 -0.7772797346 -0.0696510002 0.9744837284 0.2133782059 0.8027941585 -0.0722187534 0.5918665528
-21.5 71.0 2021.3 0.5984988213 0.1955865324 -0.7768816352 -0.0394273065 0.9757559896 0.2152805775 0.8001528978 -0.0982148275 0.5917002559
-66.1 270.6 1889.9 -0.0452555604 -0.4509960711 -0.8913778663 0.8441759348 0.4598438442 -0.2755188644 0.5341525078 -0.7649484873 0.3599095345
-56.9 99.0 1781.3 -0.6337171793 -0.4509960711 0.6284942627 -0.7685023546 0.4598438442 -0.4449132085 -0.0883551091 -0.7649484873 -0.6380025148
95.5 257.4 2107.4 0.0003045413 0.6539400220 -0.7565463185 -0.9488418102 0.2390697896 0.2062640935 0.3157517314 0.7177799940 0.6205584407
95.6 -82.5 2220.5 0.3593421578 0.6306040287 -0.6879038811 -0.9298849702 0.3040900826 -0.2069859356 0.0786585808 0.7140502334 0.6956616044
-123.8 -117.5 1975.5 0.5540355444 -0.0692064688 -0.8296113610 -0.1163270324 0.9803258777 -0.1594652832 0.8243255615 0.1848556697 0.5350848436
-96.3 -506.0 1902.3 0.5735495687 0.2736762166 -0.7721024752 -0.0529360548 0.9529539347 0.2984569967 0.8174586892 -0.1303078234 0.5610536337
-0.1 -129.9 2108.4 0.6177127957 -0.0824330077 -0.7820714116 -0.0542464927 0.9876555204 -0.1469484419 0.7845305800 0.1331965625 0.6056157947
32.5 -521.0 2055.7 0.6177127957 0.4525142610 -0.6431654096 -0.0542464927 0.8404271603 0.5392026901 0.7845305800 -0.2981829345 0.5436899066
126.6 321.5 1806.9 0 0 0 0 0 0 0 0 0
194.3 -338.0 2242.1 0 0 0 0 0 0 0 0 0
-200.9 -870.0 1952.0 0 0 0 0 0 0 0 0 0
-139.4 -840.3 2169.0 0 0 0 0 0 0 0 0 0
45.6 466.9 1982.0 2 0.4935035706 0.2630603313 -0.8290075660 -0.1346263736 0.9647793770 0.2260010540 0.8592612743 0.0000739556 0.5115368962
-8.1 269.7 1982.0 0.4935035706 0.2630603313 -0.8290075660 -0.1346263736 0.9647793770 0.2260010540 0.8592612743 0.0000739556 0.5115368962
-25.6 79.4 2027.5 0.5426669717 0.0948267356 -0.8345779777 0.1314025521 0.9717884064 0.1958586872 0.8296058774 -0.2159517258 0.5148970485
-80.4 251.9 1869.6 -0.1418888271 -0.4332026541 -0.8900578618 0.8300164342 0.4378846586 -0.3454414308 0.5393888354 -0.7877769470 0.2974343896
-55.6 106.7 1775.3 -0.5886574388 -0.4332026541 0.6825085282 -0.7993354797 0.4378846586 -0.4114849269 -0.1206036434 -0.7877769470 -0.6040382981
64.2 287.6 2094.3 0.0815254375 0.5730977654 -0.8154217005 -0.8951203823 0.4018981457 0.1929699183 0.4383071065 0.7141686082 0.5457564592
93.4 -33.1 2251.3 0.4518654943 0.5431554317 -0.7076720595 -0.8643726110 0.4627685845 -0.1967364252 0.2206299454 0.7005907297 0.6785978675
-109.7 -120.0 1977.6 0.5262268782 -0.0227848273 -0.8500388861 -0.1421596408 0.9832153320 -0.1143601984 0.8383769393 0.1810206324 0.5141552687
-100.7 -510.5 1905.7 0.5611864328 0.2683129311 -0.7829929590 -0.0317762047 0.9522852898 0.3035507202 0.8270792365 -0.1454679966 0.5429354906
-1.3 -116.8 2124.9 0.6526814699 -0.0774522647 -0.7536630630 -0.0866748467 0.9805964828 -0.1758351922 0.7526581883 0.1800879985 0.6333039999
30.3 -516.7 2051.5 0.6526814699 0.4519885480 -0.6080404520 -0.0866748467 0.8418298364 0.5327382088 0.7526581883 -0.2950065434 0.5886228085
115.9 339.6 1810.4 0 0 0 0 0 0 0 0 0
217.5 -270.6 2312.0 0 0 0 0 0 0 0 0 0
-203.2 -874.4 1961.3 0 0 0 0 0 0 0 0 0
-142.0 -837.6 2163.9 0 0 0 0 0 0 0 0 0
36.3 469.3 1986.4 3 0.3806607425 0.2750186622 -0.8828715086 -0.2025457323 0.9563632011 0.2105816305 0.9022597075 0.0986616910 0.4197537899
-23.4 261.8 1965.0 0.3806607425 0.2750186622 -0.8828715086 -0.2025457323 0.9563632011 0.2105816305 0.9022597075 0.0986616910 0.4197537899
-32.1 76.2 2028.7 0.4578615129 0.0474977382 -0.8877537847 0.2537891269 0.9500358105 0.1817224920 0.8520292640 -0.3085060120 0.4229304194
-84.0 227.4 1849.7 -0.2620497048 -0.4235731065 -0.8671307564 0.7921108603 0.4188575149 -0.4439805448 0.5512624383 -0.8032087088 0.2257553786
-46.0 112.5 1769.7 -0.5291414261 -0.4235731065 0.7352517843 -0.8340860605 0.4188575149 -0.3589691222 -0.1559160799 -0.8032087088 -0.5749312639
37.3 296.2 2080.3 0.1031350195 0.4799355865 -0.8712204099 -0.8385360837 0.5130625367 0.1833686680 0.5349956751 0.7116380334 0.4553580284
74.2 -4.2 2271.9 0.4881777465 0.4472531080 -0.7494311929 -0.8013669848 0.5698329210 -0.1819379330 0.3456782997 0.6893874407 0.6365936399
-91.5 -123.2 2001.0 0.4666491449 0.0336903185 -0.8838006258 -0.2224333733 0.9716265202 -0.0804072022 0.8560151458 0.2341087013 0.4609025419
-104.9 -508.2 1908.2 0.5278071761 0.2545819879 -0.8103132844 -0.0323272347 0.9593532681 0.2803502381 0.8487488031 -0.1217756793 0.5145834684
5.6 -94.4 2151.0 0.7176761627 -0.1130123809 -0.6871456504 -0.1320212632 0.9467682838 -0.2935986817 0.6837480068 0.3014266193 0.6645529866
50.7 -472.3 2030.7 0.7176761627 0.4481853545 -0.5329829454 -0.1320212632 0.8390524983 0.5277889967 0.6837480068 -0.3084165156 0.6613379717
109.1 357.0 1815.4 0 0 0 0 0 0 0 0 0
208.3 -224.3 2366.9 0 0 0 0 0 0 0 0 0
-202.1 -874.7 1954.7 0 0 0 0 0 0 0 0 0
-120.4 -792.6 2148.4 0 0 0 0 0 0 0 0 0
28.4 476.6 1988.6 4 0.3421662748 0.2614740729 -0.9025261998 -0.2414445728 0.9527182579 0.1844787747 0.9080896378 0.1547876447 0.3891195357
-32.5 254.6 1952.5 0.3421662748 0.2614740729 -0.9025261998 -0.2414445728 0.9527182579 0.1844787747 0.9080896378 0.1547876447 0.3891195357
-36.6 73.4 2028.8 0.4288718402 0.0266434290 -0.9029723406 0.3246126175 0.9282566309 0.1815660745 0.8430276513 -0.3709847927 0.3894543350
-89.8 210.9 1838.1 -0.3583737910 -0.4307160974 -0.8282824755 0.7210732102 0.4358229637 -0.5386202335 0.5929769278 -0.7902796865 0.1543903053
-44.5 119.6 1763.0 -0.5066023469 -0.4307160974 0.7468853593 -0.8414480090 0.4358229637 -0.3194112778 -0.1879342049 -0.7902796865 -0.5832141638
24.8 298.4 2067.0 0.1149431467 0.4466359317 -0.8873017430 -0.7971392870 0.5744645596 0.1859015971 0.5927537680 0.6859349608 0.4220618308
66.0 12.8 2279.3 0.5032597780 0.4128282964 -0.7591458559 -0.7606147528 0.6285579205 -0.1624197811 0.4101156294 0.6591568589 0.6303312182
-82.7 -133.1 2016.2 0.4480780959 0.0646948069 -0.8916504979 -0.2642710507 0.9623901844 -0.0629758164 0.8540414572 0.2638554871 0.4483229220
-108.3 -514.7 1911.5 0.5178948045 0.2411072254 -0.8207632303 -0.0420851633 0.9654778242 0.2570631504 0.8544084430 -0.0985897258 0.5101630092
-0.8 -84.7 2169.6 0.7714095116 -0.1065161601 -0.6273609400 -0.1436110437 0.9313142300 -0.3347083330 0.6199219823 0.3482931554 0.7031277418
41.6 -455.3 2031.0 0.7714095116 0.3909747303 -0.5020619035 -0.1436110437 0.8755953312 0.4612035155 0.6199219823 -0.2836751342 0.7315908074
104.8 367.6 1818.4 0 0 0 0 0 0 0 0 0
204.2 -196.2 2392.0 0 0 0 0 0 0 0 0 0
-200.4 -883.6 1949.2 0 0 0 0 0 0 0 0 0
-107.4 -788.9 2139.1 0 0 0 0 0 0 0 0 0
22.0 476.8 1989.7 5 0.2886985540 0.2621310949 -0.9208368063 -0.2239435911 0.9535979033 0.2012468129 0.9308611155 0.1481158286 0.3340049386
-38.7 255.9 1955.4 0.2886985540 0.2621310949 -0.9208368063 -0.2239435911 0.9535979033 0.2012468129 0.9308611155 0.1481158286 0.3340049386
-43.9 71.5 2024.9 0.3702954054 0.0333003439 -0.9283169508 0.2995285690 0.9416975975 0.1532589793 0.8792974353 -0.3348085582 0.3387318850
-88.6 215.9 1835.8 -0.3987946212 -0.4439808130 -0.8023988008 0.6826139688 0.4405734241 -0.5830379128 0.6123732328 -0.7802410722 0.1273692101
-38.5 130.2 1758.9 -0.4722148180 -0.4439808130 0.7615078688 -0.8550803661 0.4405734241 -0.2733727098 -0.2141278684 -0.7802410722 -0.5876845717
11.1 295.9 2074.9 0.0920204520 0.3933622837 -0.9147668481 -0.8167796135 0.5552856922 0.1566169858 0.5695641041 0.7327509522 0.3723879457
44.1 3.3 2279.0 0.4901734293 0.3603338301 -0.7936558127 -0.7676109672 0.6098179221 -0.1972195804 0.4129206240 0.7058907151 0.5755127072
-81.0 -139.0 2027.5 0.3985966146 0.0643812791 -0.9148638248 -0.2980230749 0.9524895549 -0.0628164485 0.8673540354 0.2976889610 0.3988462090
-106.6 -517.0 1909.4 0.4951038361 0.2654905319 -0.8272768259 -0.0258537568 0.9562494755 0.2914077640 0.8684490323 -0.1228888929 0.4803067446
-3.5 -78.7 2180.3 0.7963195443 -0.1095474660 -0.5948735476 -0.1506789029 0.9165346026 -0.3704864383 0.5858080387 0.3846604824 0.7133479118
40.0 -443.0 2027.4 0.7963195443 0.3752347231 -0.4744197428 -0.1506789029 0.8826583028 0.4452080429 0.5858080387 -0.2830428183 0.7594180107
99.7 380.3 1821.5 0 0 0 0 0 0 0 0 0
178.8 -207.6 2392.4 0 0 0 0 0 0 0 0 0
-208.0 -882.2 1956.3 0 0 0 0 0 0 0 0 0
-103.2 -779.8 2135.4 0 0 0 0 0 0 0 0 0
15.6 472.7 1991.2 6 0.3129788339 0.2509607077 -0.9160038233 -0.2819327414 0.9455346465 0.1627210230 0.9069499373 0.2073232234 0.3666863739
-41.7 256.7 1943.9 0.3129788339 0.2509607077 -0.9160038233 -0.2819327414 0.9455346465 0.1627210230 0.9069499373 0.2073232234 0.3666863739
-42.8 80.1 2031.0 0.4086250961 0.0149413515 -0.9125800133 0.3835308850 0.9044921398 0.1865421832 0.8282086849 -0.4262284338 0.3638677001
-97.2 205.1 1831.4 -0.5012381673 -0.4603319168 -0.7327037454 0.5743892193 0.4562960565 -0.6796108484 0.6471763849 -0.7615040541 0.0356966965
-37.1 136.3 1753.8 -0.4504214227 -0.4603319168 0.7649934888 -0.8592314720 0.4562960565 -0.2313335091 -0.2425733209 -0.7615040541 -0.6010571718
13.7 308.2 2056.3 0.1204329208 0.4241786897 -0.8975346088 -0.7573890686 0.6237411499 0.1931548119 0.6417614222 0.6565206647 0.3963872790
56.8 36.9 2286.2 0.5109328032 0.3897853792 -0.7661690712 -0.7241529226 0.6754257083 -0.1392935663 0.4631956518 0.6259931922 0.6273613572
-83.0 -138.6 2024.1 0.4329699576 0.0649932921 -0.8990622163 -0.2873800397 0.9553036094 -0.0693373606 0.8543709517 0.2883935273 0.4322955608
-109.2 -524.1 1907.7 0.5280836225 0.2618075907 -0.8078269958 -0.0192644726 0.9547371864 0.2968261540 0.8489738107 -0.1411866695 0.5092246532
-11.3 -76.9 2180.2 0.8047682643 -0.1053818092 -0.5841598511 -0.1383648068 0.9237019420 -0.3572531939 0.5772376060 0.3683331907 0.7287848592
31.8 -454.6 2029.6 0.8047682643 0.3621848822 -0.4702873528 -0.1383648068 0.8849130273 0.4447292387 0.5772376060 -0.2928327322 0.7622635365
95.8 389.7 1825.4 0 0 0 0 0 0 0 0 0
197.2 -162.1 2413.5 0 0 0 0 0 0 0 0 0
-209.3 -888.9 1961.6 0 0 0 0 0 0 0 0 0
-106.6 -792.5 2141.4 0 0 0 0 0 0 0 0 0
12.4 467.7 1992.5 7 0.3081819415 0.2810591161 -0.9088617563 -0.2885626554 0.9379689693 0.1922128797 0.9065073133 0.2030270249 0.3701682687
-52.1 252.5 1945.9 0.3081819415 0.2810591161 -0.9088617563 -0.2885626554 0.9379689693 0.1922128797 0.9065073133 0.2030270249 0.3701682687
-44.3 70.6 2021.1 0.3935639560 -0.0293355454 -0.9188290834 0.3453696072 0.9309921861 0.1182090044 0.8519549370 -0.3638584316 0.3765365779
-105.7 206.2 1830.1 -0.5865091681 -0.4552989602 -0.6698580980 0.4956213236 0.4523745775 -0.7414288521 0.6405985355 -0.7668507695 -0.0396659411
-31.3 143.3 1748.9 -0.4221461713 -0.4552989602 0.7838976383 -0.8680176735 0.4523745775 -0.2047010660 -0.2614151537 -0.7668507695 -0.5861757398
1.5 298.8 2061.8 0.1585356742 0.3971045911 -0.9039769769 -0.7926123738 0.5971277356 0.1233049408 0.5887547135 0.6969550848 0.4094160497
58.3 14.9 2272.7 0.5463026166 0.3601950109 -0.7561832070 -0.7289725542 0.6490824819 -0.2174649388 0.4124954641 0.6700384617 0.6171677113
-78.9 -138.0 2030.2 0.4498530626 0.0717890710 -0.8902126551 -0.3170598149 0.9446747899 -0.0840394720 0.8349283338 0.3200560510 0.4477262795
-106.8 -504.9 1905.9 0.5479329824 0.2449665517 -0.7998505235 -0.0315332897 0.9615306258 0.2728818953 0.8359277248 -0.1242990643 0.5345789194
-4.7 -70.5 2182.9 0.8206224442 -0.1565559357 -0.5496080518 -0.1494224221 0.8695041537 -0.4707817435 0.5515901446 0.4684578478 0.6901416779
55.3 -403.7 2003.4 0.8206224442 0.3682719171 -0.4369834960 -0.1494224221 0.8763370514 0.4579370022 0.5515901446 -0.3104982674 0.7741699815
91.8 396.4 1825.1 0 0 0 0 0 0 0 0 0
208.3 -185.4 2386.0 0 0 0 0 0 0 0 0 0
-200.4 -872.3 1953.4 0 0 0 0 0 0 0 0 0
-85.4 -738.5 2122.0 0 0 0 0 0 0 0 0 0
9.1 466.0 1996.6 8 0.2834273279 0.2545509934 -0.9245932698 -0.3265873790 0.9321187735 0.1565098614 0.9016704559 0.2576013207 0.3473210633
-50.1 249.3 1936.8 0.2834273279 0.2545509934 -0.9245932698 -0.3265873790 0.9321187735 0.1565098614 0.9016704559 0.2576013207 0.3473210633
-46.4 74.0 2026.5 0.3820526004 -0.0088526430 -0.9240981936 0.4083085060 0.8986770511 0.1601990610 0.8290476203 -0.4385216236 0.3469564915
-102.0 194.3 1824.0 -0.5989719629 -0.5140144825 -0.6140209436 0.3990976810 0.4731461108 -0.7854003906 0.6942288280 -0.7154871225 -0.0782592818
-32.7 148.1 1743.6 -0.4113990963 -0.5140144825 0.7526884079 -0.8679019213 0.4731461108 -0.1512579769 -0.2783828378 -0.7154871225 -0.6407660842
1.9 304.3 2049.6 0.1356898844 0.3922181726 -0.9098094106 -0.7441681027 0.6465846300 0.1677561998 0.6540657878 0.6542883515 0.3796112537
50.5 37.7 2283.9 0.5276572704 0.3565891087 -0.7709876895 -0.7000421286 0.6966528893 -0.1568941325 0.4811640978 0.6225101948 0.6172213554
-75.6 -143.9 2021.8 0.4245709777 0.0870274156 -0.9012023807 -0.3058167994 0.9506543279 -0.0522723272 0.8521828055 0.2977961302 0.4302347004
-110.2 -522.6 1903.1 0.5317884684 0.2710619271 -0.8023256660 -0.0183830392 0.9508646131 0.3090606928 0.8466776609 -0.1496057212 0.5106417537
-4.1 -76.5 2176.9 0.8326183558 -0.0854058340 -0.5472225547 -0.1447943896 0.9201098680 -0.3639126718 0.5345851183 0.3822351396 0.7537340522
30.0 -443.6 2024.4 0.8326183558 0.3249337077 -0.4485139251 -0.1447943896 0.9093574882 0.3900044858 0.5345851183 -0.2597825825 0.8041963577
87.3 401.3 1824.8 0 0 0 0 0 0 0 0 0
195.5 -154.7 2416.1 0 0 0 0 0 0 0 0 0
-213.8 -885.8 1960.2 0 0 0 0 0 0 0 0 0
-93.9 -790.1 2123.4 0 0 0 0 0 0 0 0 0
3.7 465.9 1993.2 9 0.3354193568 0.2195324600 -0.9161328077 -0.2088294178 0.9656020403 0.1549290121 0.9186316729 0.1393492967 0.3697264493
-47.8 239.5 1960.5 0.3354193568 0.2195324600 -0.9161328077 -0.2088294178 0.9656020403 0.1549290121 0.9186316729 0.1393492967 0.3697264493
-46.2 53.6 2023.5 0.3916865587 0.0010212606 -0.9200981259 0.2804565132 0.9522796273 0.1204475537 0.8763137460 -0.3052251935 0.3727087379
-100.9 201.5 1842.1 -0.5319910049 -0.6069487929 -0.5904224515 0.3221122921 0.4997958243 -0.8040197492 0.7830895185 -0.6179136634 -0.0703812316
-31.3 159.3 1739.6 -0.4054700434 -0.6069487929 0.6835255623 -0.8634387851 0.4997958243 -0.0683925897 -0.3001124263 -0.6179136634 -0.7267153859
5.4 277.6 2079.0 0.1289681196 0.4041737616 -0.9055444598 -0.8318600655 0.5411685109 0.1230670437 0.5397925973 0.7374145389 0.4060094953
51.6 -20.4 2272.3 0.5206161737 0.3690613508 -0.7699041963 -0.7683507800 0.5957181454 -0.2340022027 0.3722847402 0.7133818269 0.5937090516
-80.3 -149.9 2019.0 0.8874503970 0.0616103187 -0.4567668438 -0.1942853928 0.9486809373 -0.2495148778 0.4179532826 0.3101752102 0.8538772464
-103.8 -511.2 1900.8 0.8874503970 0.2872884274 -0.3604124486 -0.1942853928 0.9422764182 0.2727054954 0.4179532826 -0.1719897389 0.8920395374
-9.0 -92.5 2171.1 0.8117688894 -0.1795576364 -0.5556890368 -0.1412344873 0.8629442453 -0.4851598144 0.5666428208 0.4723200798 0.6751515865
55.5 -402.3 2001.6 0.8117688894 0.3585533202 -0.4609455466 -0.1412344873 0.8864275813 0.4407935143 0.5666428208 -0.2927210629 0.7702144384
85.1 407.1 1825.8 0 0 0 0 0 0 0 0 0
194.6 -231.5 2374.6 0 0 0 0 0 0 0 0 0
-213.5 -871.1 1966.5 0 0 0 0 0 0 0 0 0
-81.2 -740.2 2113.2 0 0 0 0 0 0 0 0 0
-2.6 474.9 1992.0 0 0.3756238818 0.1855125427 -0.9080153108 -0.1767231822 0.9761208892 0.1263207942 0.9097667933 0.1130182371 0.3994386792
-45.5 249.4 1965.9 0.3756238818 0.1855125427 -0.9080153108 -0.1767231822 0.9761208892 0.1263207942 0.9097667933 0.1130182371 0.3994386792
-43.7 61.1 2023.4 0.4166094065 0.0007920163 -0.9090852141 0.2495358139 0.9614896774 0.1151932552 0.8741673231 -0.2748399079 0.4003680050
-102.0 216.0 1847.2 -0.4643657804 -0.6026664376 -0.6489666104 0.3886713982 0.5197526217 -0.7607836127 0.7958008647 -0.6055166125 -0.0071161389
-36.3 161.0 1734.6 -0.4303660691 -0.6026664376 0.6719956994 -0.8506864905 0.5197526217 -0.0786748081 -0.3018568754 -0.6055166125 -0.7363640666
11.0 282.8 2084.6 0.1362264901 0.4275897741 -0.8936494589 -0.8495537639 0.5144438744 0.1166444272 0.5096084476 0.7433131933 0.4333413839
59.8 -21.6 2267.1 0.5238857269 0.3923069537 -0.7560681105 -0.7835868597 0.5699853897 -0.2472009808 0.3339690864 0.7219501138 0.6060137749
-82.7 -163.1 1994.7 0.8998941183 0.0773245394 -0.4291986227 -0.1711509675 0.9678180814 -0.1844872236 0.4011207819 0.2394767255 0.8841679692
-112.7 -538.8 1901.7 0.8892675638 0.3057399690 -0.3401855826 -0.2054936886 0.9315317273 0.3000350595 0.4086263478 -0.1969054639 0.8912085891
-10.3 -120.9 2153.8 0.8152536154 -0.0869497284 -0.5725392699 -0.1257069260 0.9385190606 -0.3215272725 0.5652957559 0.3340984285 0.7542008758
22.1 -470.6 2029.3 0.8152536154 0.3163436949 -0.4850651324 -0.1257069260 0.9143121839 0.3850078285 0.5652957559 -0.2529029846 0.7851629257
86.6 404.0 1820.8 0 0 0 0 0 0 0 0 0
203.7 -236.9 2358.9 0 0 0 0 0 0 0 0 0
-229.5 -894.6 1977.0 0 0 0 0 0 0 0 0 0
-98.4 -819.0 2125.7 0 0 0 0 0 0 0 0 0
-6.0 479.6 1992.4 1 0.4110842049 0.1514779776 -0.8989239335 -0.1122734174 0.9870030284 0.1149768010 0.9046570659 0.0536601096 0.4227483273
-38.5 267.4 1980.9 0.4110842049 0.1514779776 -0.8989239335 -0.1122734174 0.9870030284 0.1149768010 0.9046570659 0.0536601096 0.4227483273
-44.9 74.1 2015.8 0.4345143437 0.0411845110 -0.8997228146 0.1276741624 0.9860497117 0.1067953706 0.8915697336 -0.1612754762 0.4231945574
-97.2 250.2 1860.2 -0.2981839776 -0.5845418572 -0.7545840740 0.5660979152 0.5282043219 -0.6328769922 0.7685176730 -0.6158822775 0.1734058708
-45.6 152.2 1727.1 -0.4361674190 -0.5845418572 0.6841555238 -0.8446303010 0.5282043219 -0.0871770456 -0.3104152679 -0.6158822775 -0.7241073251
20.1 284.6 2101.5 0.1026106551 0.4561550915 -0.8839647174 -0.9082735181 0.4053153992 0.1037237570 0.4055986106 0.7922385931 0.4559032619
56.9 -40.8 2246.8 0.4913447797 0.4231960773 -0.7612394094 -0.8390460014 0.4644387662 -0.2833697498 0.2336281091 0.7779471278 0.5832805634
-85.4 -149.1 1985.5 0.9054465890 0.0719478875 -0.4183180630 -0.1500314176 0.9761603475 -0.1568489820 0.3970605433 0.2047792226 0.8946554661
-113.8 -535.1 1904.5 0.8912903666 0.2848705947 -0.3527749777 -0.2017011940 0.9458820820 0.2542120516 0.4061010778 -0.1554216146 0.9005143046
-6.9 -112.9 2149.8 0.7751084566 -0.1074478775 -0.6226249933 -0.1360207796 0.9339504838 -0.3305068910 0.6170131564 0.3408686221 0.7092977762
34.3 -471.3 2019.0 0.7751084566 0.3883811533 -0.4983643293 -0.1360207796 0.8728423715 0.4686624706 0.6170131564 -0.2954763472 0.7293754220
78.7 392.9 1815.6 0 0 0 0 0 0 0 0 0
191.9 -271.3 2311.0 0 0 0 0 0 0 0 0 0
-222.6 -896.1 1963.9 0 0 0 0 0 0 0 0 0
-113.2 -803.0 2131.2 0 0 0 0 0 0 0 0 0
-6.9 479.7 1989.6 2 0.3978512585 0.1825687438 -0.8991012573 -0.1581672877 0.9789759517 0.1287990063 0.9037131667 0.0909655616 0.4183632135
-44.8 276.5 1970.7 0.3978512585 0.1825687438 -0.8991012573 -0.1581672877 0.9789759517 0.1287990063 0.9037131667 0.0909655616 0.4183632135
-48.3 84.0 2012.5 0.4323077202 0.0277777873 -0.9012982249 0.1628413200 0.9806870222 0.1083313748 0.8869006634 -0.1936010718 0.4194351733
-103.3 255.0 1850.2 -0.3213150203 -0.5372037292 -0.7798517942 0.5919211507 0.5288812518 -0.6082054973 0.7391792536 -0.6570363641 0.1480447799
-48.5 154.1 1724.2 -0.4397399426 -0.5372037292 0.7197505832 -0.8403565884 0.5288812518 -0.1186819300 -0.3169062138 -0.6570363641 -0.6840129495
13.8 298.0 2091.2 0.1148254499 0.4501980245 -0.8855150342 -0.8929626942 0.4373376369 0.1065523401 0.4352386892 0.7784969807 0.4522275329
54.9 -21.9 2247.1 0.5026580691 0.4164406359 -0.7575698495 -0.8241145015 0.4955029786 -0.2744304240 0.2610941231 0.7622689605 0.5922633410
-94.5 -130.1 1960.4 0.9083567858 0.0411730260 -0.4161643386 -0.1021383926 0.9868469834 -0.1253029704 0.4055314064 0.1563261598 0.9006144404
-110.8 -520.8 1898.5 0.8880637884 0.2739189863 -0.3692033291 -0.1844723076 0.9479404688 0.2595743835 0.4210851192 -0.1624108404 0.8923620582
-14.3 -111.7 2124.6 0.7336329818 -0.0998998433 -0.6721626520 -0.1011511758 0.9620619416 -0.2533876002 0.6719754934 0.2538835406 0.6956954002
24.6 -486.0 2025.8 0.7336329818 0.3897274733 -0.5566822290 -0.1011511758 0.8726999164 0.4776644111 0.6719754934 -0.2941213250 0.6796628237
76.7 393.4 1814.4 0 0 0 0 0 0 0 0 0
193.0 -248.3 2318.9 0 0 0 0 0 0 0 0 0
-215.5 -882.8 1960.6 0 0 0 0 0 0 0 0 0
-123.9 -818.6 2137.9 0 0 0 0 0 0 0 0 0
-7.9 478.5 1990.2 3 0.3376763761 0.2202494591 -0.9151310325 -0.2093350589 0.9654619098 0.1551198065 0.9176892042 0.1391887218 0.3721196055
-53.6 278.2 1961.3 0.3376763761 0.2202494591 -0.9151310325 -0.2093350589 0.9654619098 0.1551198065 0.9176892042 0.1391887218 0.3721196055
-55.1 86.6 2008.5 0.3871301711 0.0162709467 -0.9218814969 0.1964824647 0.9754226804 0.0997257754 0.9008467197 -0.2197404057 0.3744186163
-106.0 252.3 1838.7 -0.3775068223 -0.5047798157 -0.7763285041 0.5804883838 0.5241850615 -0.6231077909 0.7214720249 -0.6858770847 0.0951353610
-44.7 158.0 1721.5 -0.4234004021 -0.5047798157 0.7522828579 -0.8427357674 0.5241850615 -0.1225824058 -0.3324582875 -0.6858770847 -0.6473361254
-1.2 304.0 2083.9 0.1130864397 0.4043061137 -0.9076056480 -0.8780096769 0.4682522714 0.0991909578 0.4650919139 0.7856693864 0.4079376757
39.3 -10.5 2250.5 0.5070716143 0.3701327443 -0.7783830166 -0.8053569198 0.5251917243 -0.2749070227 0.3070482314 0.7662736773 0.5643987656
-94.3 -124.0 1966.8 0.8893172145 0.0340835899 -0.4560188651 -0.1186020002 0.9802862406 -0.1580266207 0.4416429102 0.1946205497 0.8758278489
-107.8 -512.6 1889.6 0.8758901358 0.2828374207 -0.3909212649 -0.1672186553 0.9379066229 0.3039228916 0.4526084065 -0.2008337528 0.8687988520
-14.8 -96.7 2129.7 0.7819139957 -0.1073007137 -0.6140823364 -0.0969112143 0.9521759152 -0.2897744775 0.6158074141 0.2860901952 0.7341210246
27.4 -471.0 2017.2 0.7819139957 0.3580295146 -0.5103189349 -0.0969112143 0.8784844279 0.4678390026 0.6158074141 -0.3163542449 0.7215963006
77.1 400.3 1817.1 0 0 0 0 0 0 0 0 0
178.6 -231.8 2334.9 0 0 0 0 0 0 0 0 0
-215.8 -870.8 1966.3 0 0 0 0 0 0 0 0 0
-109.1 -806.1 2137.9 0 0 0 0 0 0 0 0 0
-10.7 474.8 1990.5 4 0.2599310279 0.2111423314 -0.9422604442 -0.3055216670 0.9436542392 0.1271737516 0.9160198569 0.2548245788 0.3097935617
-57.1 267.5 1934.5 0.2599310279 0.2111423314 -0.9422604442 -0.3055216670 0.9436542392 0.1271737516 0.9160198569 0.2548245788 0.3097935617
-58.9 83.9 2004.8 0.3345308304 0.0147471968 -0.9422693849 0.3165596128 0.9400190711 0.1270990968 0.8876255751 -0.3408029974 0.3097969890
-102.0 224.7 1814.3 -0.4676033854 -0.5330742598 -0.7051091194 0.4915923774 0.5061230063 -0.7086440921 0.7346318960 -0.6779906750 0.0253904127
-41.2 160.8 1718.6 -0.3899501860 -0.5330742598 0.7508466244 -0.8581289649 0.5061230063 -0.0863377228 -0.3339963555 -0.6779906750 -0.6548092365
-12.2 310.2 2054.7 0.0996381119 0.3542124331 -0.9298418164 -0.8097681403 0.5719177723 0.1310939193 0.5782281160 0.7398943305 0.3438147604
23.5 20.1 2261.9 0.5006316304 0.3203652203 -0.8041977882 -0.7495115995 0.6252354383 -0.2175155133 0.4331285655 0.7116507292 0.5531300902
-94.3 -124.3 1968.3 0.8364043236 0.0315206647 -0.5472058654 -0.1394709349 0.9777230024 -0.1568616480 0.5300713778 0.2075190842 0.8221679330
-106.8 -512.4 1885.9 0.8364043236 0.3043988347 -0.4558170140 -0.1394709349 0.9224343300 0.3600871563 0.5300713778 -0.2376052141 0.8139828444
-23.3 -89.5 2133.4 0.7784784436 -0.1372935772 -0.6124718785 -0.0911289454 0.9407230616 -0.3267042339 0.6210207939 0.3101461232 0.7198212147
30.9 -461.2 2010.9 0.7784784436 0.3659958541 -0.5099199414 -0.0911289454 0.8696961403 0.4851021469 0.6210207939 -0.3311730921 0.7103925347
71.3 408.3 1815.0 0 0 0 0 0 0 0 0 0
161.0 -185.8 2380.9 0 0 0 0 0 0 0 0 0
-223.0 -864.5 1976.6 0 0 0 0 0 0 0 0 0
-108.8 -793.2 2137.3 0 0 0 0 0 0 0 0 0
-10.9 469.8 1990.1 5 0.3501592278 0.1777468920 -0.9196708798 -0.1902080476 0.9748672843 0.1159942448 0.9171746969 0.1343123466 0.3751676679
-47.7 268.0 1962.3 0.3501592278 0.1777468920 -0.9196708798 -0.1902080476 0.9748672843 0.1159942448 0.9171746969 0.1343123466 0.3751676679
-57.7 76.6 2002.4 0.3911864758 0.0552433617 -0.9186518788 0.1540564001 0.9801812172 0.1245447621 0.9073256254 -0.1902444214 0.3749230504
-99.7 246.7 1840.2 -0.4746915400 -0.5159552097 -0.7130625248 0.2988599241 0.6675359011 -0.6819667220 0.8278591037 -0.5368296504 -0.1626752913
-46.4 213.1 1747.2 -0.4648241699 -0.5159552097 0.7195336819 -0.7445740104 0.6675359011 -0.0023311877 -0.4791117609 -0.5368296504 -0.6944536567
4.4 289.4 2084.5 0.0769182518 0.4194107056 -0.9045320749 -0.8953150511 0.4282731712 0.1224459484 0.4387419522 0.8004228473 0.4084467292
32.0 -31.4 2241.7 0.4740269184 0.3875637650 -0.7906281352 -0.8334689140 0.4870651066 -0.2609544098 0.2839508653 0.7826633453 0.5539042950
-99.1 -127.9 1970.6 0.8198860288 0.0221997648 -0.5720962286 -0.1404949129 0.9764956236 -0.1634547561 0.5550208092 0.2143908739 0.8037340641
-107.8 -512.1 1886.3 0.8198860288 0.3058807254 -0.4839668274 -0.1404949129 0.9269619584 0.3478544056 0.5550208092 -0.2172060907 0.8029778600
-31.0 -92.6 2130.1 0.7499963045 -0.2104755193 -0.6270610690 -0.0851111636 0.9094312787 -0.4070513844 0.6559432745 0.3586569428 0.6641563177
46.3 -426.9 1998.3 0.7499963045 0.3785272241 -0.5424229503 -0.0851111636 0.8684719205 0.4883775711 0.6559432745 -0.3201151490 0.6835676432
85.3 424.1 1882.9 0 0 0 0 0 0 0 0 0
162.2 -260.3 2319.7 0 0 0 0 0 0 0 0 0
-224.7 -866.2 1969.2 0 0 0 0 0 0 0 0 0
-98.3 -758.7 2120.6 0 0 0 0 0 0 0 0 0
-12.2 467.1 1991.0 6 0.2988856435 0.2022476494 -0.9326109886 -0.2505638599 0.9596267939 0.1278049797 0.9208067656 0.1954795420 0.3374946117
-51.4 281.2 1953.1 0.2988856435 0.2022476494 -0.9326109886 -0.2505638599 0.9596267939 0.1278049797 0.9208067656 0.1954795420 0.3374946117
-58.1 90.4 2000.1 0.3544894159 0.0398360528 -0.9342110753 0.1936380118 0.9743070006 0.1150223687 0.9147904515 -0.2216729820 0.3376677632
-98.9 255.2 1829.1 -0.4273156822 -0.4892071486 -0.7603141665 0.4771794677 0.5922526121 -0.6492585540 0.7679199576 -0.6402446628 -0.0196392126
-42.8 192.5 1728.3 -0.4278365672 -0.4892071486 0.7600212097 -0.8026520014 0.5922526121 -0.0706160367 -0.4155786633 -0.6402446628 -0.6460503936
-3.9 307.2 2077.0 0.0812837556 0.3803347349 -0.9212700129 -0.8780381680 0.4647205472 0.1143846214 0.4716375470 0.7996125817 0.3717226386
25.2 -7.3 2246.0 0.4822295606 0.3478255570 -0.8040348291 -0.8119300008 0.5221070647 -0.2611011863 0.3289746344 0.7787307501 0.5341854692
-108.3 -127.5 1947.8 0.8022336364 0.0108203748 -0.5969121456 -0.1029298529 0.9873704910 -0.1204365939 0.5880702734 0.1580583602 0.7932155132
-112.6 -517.4 1885.4 0.8076356053 0.2661596537 -0.5261974335 -0.0845129639 0.9353742003 0.3434132934 0.5835942626 -0.2328823060 0.7779354453
-33.6 -100.3 2117.3 0.7534506917 -0.1351161897 -0.6434715390 -0.0645650923 0.9587233663 -0.2769130468 0.6543266773 0.2501861155 0.7136270404
19.2 -474.9 2019.5 0.7534506917 0.3428311050 -0.5610516071 -0.0645650923 0.8877582550 0.4557594061 0.6543266773 -0.3071678877 0.6910169721
78.0 419.2 1845.7 0 0 0 0 0 0 0 0 0
157.7 -230.4 2336.4 0 0 0 0 0 0 0 0 0
-214.2 -874.5 1974.3 0 0 0 0 0 0 0 0 0
-111.7 -813.9 2136.8 0 0 0 0 0 0 0 0 0
-12.5 462.6 1990.9 7 0.1114845350 0.2654810548 -0.9576486945 -0.2790226638 0.9332543015 0.2262360305 0.9537911415 0.2419838607 0.1781186610
-64.0 281.5 1943.9 0.1114845350 0.2654810548 -0.9576486945 -0.2790226638 0.9332543015 0.2262360305 0.9537911415 0.2419838607 0.1781186610
-64.4 92.1 1998.3 0.1866865009 0.0022192677 -0.9824170470 0.2544470429 0.9657655358 0.0505336523 0.9488966465 -0.2594070733 0.1797306985
-88.4 247.9 1815.6 -0.4103777707 -0.5474807620 -0.7292838097 0.4908599257 0.5413689017 -0.6826245189 0.7685353756 -0.6381101608 0.0465705991
-36.0 185.3 1717.6 -0.3691633344 -0.5474807620 0.7509881854 -0.8405807614 0.5413689017 -0.0185390115 -0.3964118958 -0.6381101608 -0.6600553393
-39.6 315.2 2072.2 0.0694236010 0.2104677111 -0.9751326442 -0.8510766625 0.5224431753 0.0521699414 0.5204314590 0.8262907863 0.2153940350
-14.8 10.3 2258.6 0.4820694923 0.1775621623 -0.8579514623 -0.7576682568 0.5762075186 -0.3064696789 0.4399406612 0.7977823019 0.4123052955
-100.5 -118.5 1955.9 0.7065989971 0.0241168831 -0.7072030902 -0.1510176212 0.9815329909 -0.1174166128 0.6913114190 0.1897666007 0.6971923113
-110.1 -507.2 1880.7 0.7408348322 0.2621729374 -0.6184085011 -0.0456560031 0.9382049441 0.3430553973 0.6701337695 -0.2259133458 0.7070246935
-34.1 -83.5 2125.0 0.7534195781 -0.1963794380 -0.6275300980 -0.0733698159 0.9232928753 -0.3770241141 0.6534338593 0.3300991356 0.6812185645
42.9 -445.4 1995.6 0.7534195781 0.3832908273 -0.5342724919 -0.0733698159 0.8564628959 0.5109679103 0.6534338593 -0.3457737565 0.6733978987
69.9 426.5 1831.4 0 0 0 0 0 0 0 0 0
117.7 -197.8 2379.5 0 0 0 0 0 0 0 0 0
-210.2 -865.6 1967.0 0 0 0 0 0 0 0 0 0
-103.3 -772.0 2127.4 0 0 0 0 0 0 0 0 0
-11.9 462.6 1990.3 8 0.1704359800 0.2448906749 -0.9544528127 -0.2922191918 0.9376127720 0.1883885264 0.9410417080 0.2468012422 0.2313647121
-59.8 279.1 1942.0 0.1704359800 0.2448906749 -0.9544528127 -0.2922191918 0.9376127720 0.1883885264 0.9410417080 0.2468012422 0.2313647121
-58.6 90.6 2000.5 0.2423864603 -0.0021113525 -0.9701774716 0.2703213692 0.9605431557 0.0654459596 0.9317591786 -0.2781229317 0.2333934009
-92.3 243.4 1815.6 -0.4339522421 -0.5855315924 -0.6847176552 0.4445288181 0.5218958855 -0.7280238867 0.7836322784 -0.6203042865 0.0338077769
-33.7 183.4 1709.8 -0.3405149877 -0.5855315924 0.7356645465 -0.8527585864 0.5218958855 0.0206744242 -0.3960458338 -0.6203042865 -0.6770304441
-27.4 314.8 2068.5 0.0895172581 0.2620843053 -0.9608842134 -0.8417360783 0.5356305242 0.0676777139 0.5324162245 0.8027526140 0.2685540020
4.7 13.3 2259.2 0.4979574978 0.2282014340 -0.8366375566 -0.7547155619 0.5892218947 -0.2884821594 0.4271331429 0.7750752568 0.4656346440
-83.3 -121.0 1962.4 0.7406730652 0.0603173524 -0.6691526175 -0.1832989305 0.9763211608 -0.1148848161 0.6463782787 0.2077470422 0.7341908813
-107.3 -508.1 1880.1 0.7694035172 0.3126792908 -0.5570007563 -0.1067851260 0.9226905107 0.3704579771 0.6297738552 -0.2255522907 0.7433108687
-49.1 -75.7 2134.4 0.7684149742 -0.2178293914 -0.6017381549 -0.0629499108 0.9099979401 -0.4098061025 0.6368482709 0.3527804911 0.6855437160
36.9 -434.8 1995.2 0.7684149742 0.3550303876 -0.5324395299 -0.0629499108 0.8698979020 0.4891982973 0.6368482709 -0.3423902690 0.6907916665
65.8 432.6 1825.5 0 0 0 0 0 0 0 0 0
141.5 -194.1 2376.6 0 0 0 0 0 0 0 0 0
-226.6 -860.2 1966.1 0 0 0 0 0 0 0 0 0
-98.6 -766.8 2125.9 0 0 0 0 0 0 0 0 0
-13.2 463.3 1991.1 9 0.1942986548 0.2474230230 -0.9492259622 -0.2634927034 0.9452682137 0.1924566478 0.9448913336 0.2127200365 0.2488584965
-62.8 273.6 1948.4 0.1942986548 0.2474230230 -0.9492259622 -0.2634927034 0.9452682137 0.1924566478 0.9448913336 0.2127200365 0.2488584965
-58.7 83.2 2000.3 0.2552298307 -0.0153540215 -0.9667584896 0.2393118739 0.9697664976 0.0477779247 0.9367964268 -0.2435511351 0.2511877418
-97.2 242.1 1821.0 -0.4725994468 -0.6128024459 -0.6333426833 0.3724446893 0.5124474764 -0.7737457752 0.7987081409 -0.6015569568 -0.0139473844
-29.3 188.6 1706.2 -0.3237935603 -0.6128024459 0.7208542824 -0.8572273850 0.5124474764 0.0505849272 -0.4003985226 -0.6015569568 -0.6912382245
-28.4 305.2 2075.8 0.1058549732 0.2704080343 -0.9569087029 -0.8592489362 0.5092203021 0.0488463417 0.5004857779 0.8170521259 0.2862513065
9.5 -2.7 2255.1 0.5117062926 0.2355922461 -0.8262281418 -0.7646180987 0.5634346008 -0.3128906786 0.3918109238 0.7918571234 0.4684511423
-81.0 -123.9 1970.2 0.8343511224 0.0637199581 -0.5475381017 -0.1780532151 0.9712049365 -0.1582972109 0.5216850638 0.2295663804 0.8216714859
-106.3 -509.4 1879.1 0.8343511224 0.3317171931 -0.4402521253 -0.1780532151 0.9180349708 0.3542722166 0.5216850638 -0.2171991169 0.8250268102
-36.6 -75.1 2139.8 0.8231060505 -0.1685253084 -0.5423058867 -0.0758498833 0.9137713313 -0.3990848958 0.5627994537 0.3696230352 0.7393480539
30.1 -436.6 1993.6 0.8231060505 0.3289068043 -0.4629435539 -0.0758498833 0.8715720177 0.4843645990 0.5627994537 -0.3635692000 0.7423437238
65.5 439.7 1823.5 0 0 0 0 0 0 0 0 0
150.1 -212.7 2362.7 0 0 0 0 0 0 0 0 0
-233.0 -860.0 1962.0 0 0 0 0 0 0 0 0 0
-95.5 -769.3 2132.4 0 0 0 0 0 0 0 0 0
-13.1 462.6 1989.4 0 0.3006411195 0.2234170288 -0.9271999598 -0.2034534216 0.9648212790 0.1665132046 0.9317840934 0.1385812908 0.3355198801
-59.2 263.2 1960.8 0.3006411195 0.2234170288 -0.9271999598 -0.2034534216 0.9648212790 0.1665132046 0.9317840934 0.1385812908 0.3355198801
-53.7 70.5 2003.4 0.3417986929 -0.0213780850 -0.9395300150 0.1927453876 0.9800829291 0.0478194728 0.9197950363 -0.1974347085 0.3391115963
-105.3 238.0 1835.9 -0.4787375927 -0.6588456631 -0.5802867413 0.2971630394 0.5003405213 -0.8132364154 0.8261382580 -0.5617666245 -0.0437472388
-28.2 190.2 1702.9 -0.3116553426 -0.6588456631 0.6846848130 -0.8611947894 0.5003405213 0.0894590467 -0.4015152752 -0.5617666245 -0.7233282328
-13.2 288.4 2085.7 0.1362634599 0.3505745232 -0.9265688062 -0.8826358318 0.4676866829 0.0471503288 0.4498735964 0.8113979697 0.3731582165
35.6 -27.8 2246.8 0.5322510004 0.3145271540 -0.7859907746 -0.7880041599 0.5234221816 -0.3241584003 0.3094483912 0.7918976545 0.5264406800
-82.1 -138.0 1962.3 0.8760453463 0.1022958830 -0.4712537825 -0.1987965107 0.9669482708 -0.1596590579 0.4393455684 0.2335521728 0.8674265742
