71.0 410.5 2136.9 95 0.6775722504 0.3073742688 -0.6681444049 -0.2140145302 0.9515660405 0.2207256407 0.7036288977 -0.0065649617 0.7105373144
9.3 219.4 2138.2 0.6775722504 0.3073742688 -0.6681444049 -0.2140145302 0.9515660405 0.2207256407 0.7036288977 -0.0065649617 0.7105373144
-47.1 31.9 2139.8 0.6821977496 0.2878439128 -0.6721250415 -0.1991778016 0.9576439857 0.2079573423 0.7035157681 -0.0079956399 0.7106347084
-87.9 247.8 2038.0 0.3386202157 0.0998674706 -0.9356082678 0.9336692095 0.0875692964 0.3472656310 0.1166111007 -0.9911398292 -0.0635904521
-171.5 17.5 2009.2 -0.4148313403 0.0998674706 -0.9044011235 0.9090825319 0.0875692964 -0.4073088765 0.0385208651 -0.9911398292 -0.1271142662
106.5 191.0 2238.5 -0.3272342980 0.1833805591 -0.9269785881 -0.8548284769 0.3606366813 0.3731078207 0.4027231932 0.9145013690 0.0387462303
32.6 -2.0 2329.4 0.8039031625 0.1833805591 0.5657837987 0.4803999960 0.3606366813 -0.7994729877 -0.3506501913 0.9145013690 0.2018209547
-164.9 -138.8 2078.4 0.7738764286 -0.0806363672 -0.6281823516 0.0047774883 0.9925767183 -0.1215261742 0.6333186030 0.0910451040 0.7685169578
-133.3 -527.6 2042.7 0.7628977895 0.1815460622 -0.6205062270 -0.0648202673 0.9764070511 0.2059795856 0.6432614326 -0.1169199869 0.7566666603
-42.2 -174.3 2206.3 0.7101081610 -0.0870849490 -0.6986863613 0.0722747296 0.9960954189 -0.0506980680 0.7003732920 -0.0144962575 0.7136294842
-8.1 -564.5 2212.0 0.7092336416 0.0594865270 -0.7024592161 0.0561886281 0.9884936213 0.1404393464 0.7027307153 -0.1390745342 0.6977304816
-54.9 -237.9 1998.4 0 0 0 0 0 0 0 0 0
259.0 133.3 2230.7 0 0 0 0 0 0 0 0 0
-201.6 -895.3 2086.7 0 0 0 0 0 0 0 0 0
-30.5 -936.6 2264.4 0 0 0 0 0 0 0 0 0
73.0 411.1 2136.6 96 0.6685432792 0.3067086637 -0.6774803996 -0.2085386068 0.9517589211 0.2250923365 0.7138357759 -0.0092031499 0.7002526522
11.4 220.0 2138.5 0.6685432792 0.3067086637 -0.6774803996 -0.2085386068 0.9517589211 0.2250923365 0.7138357759 -0.0092031499 0.7002526522
-44.7 32.3 2140.5 0.6732519269 0.2864968479 -0.6816533804 -0.1933793724 0.9580216408 0.2116575986 0.7136779428 -0.0106811812 0.7003925443
-84.5 247.5 2036.7 0.3532118201 0.0977476686 -0.9304229021 0.9290018082 0.0807568356 0.3611564338 0.1104402095 -0.9919292927 -0.0622834899
-171.7 18.3 2009.5 -0.4070057273 0.0977476686 -0.9081804752 0.9127849340 0.0807568356 -0.4003773630 0.0342058241 -0.9919292927 -0.1220910922
107.4 192.4 2240.2 -0.3358055353 0.1914352924 -0.9222728014 -0.8543590903 0.3503771126 0.3838051558 0.3966171443 0.9168360829 0.0458959192
31.4 -0.9 2329.9 0.8094816804 0.1914352924 0.5550603271 0.4718975723 0.3503771126 -0.8090417385 -0.3493595719 0.9168360829 0.1932859868
-165.1 -137.7 2077.8 0.7662739754 -0.0736692622 -0.6382766366 0.0008951447 0.9935264587 -0.1135971993 0.6425133348 0.0864752308 0.7613794208
-136.3 -526.9 2043.9 0.7586635947 0.1618880332 -0.6310482025 -0.0519314930 0.9805792570 0.1891226768 0.6494094729 -0.1107092127 0.7523369193
-41.8 -173.7 2205.0 0.7011308670 -0.0854913443 -0.7078889012 0.0742594451 0.9961423874 -0.0467530452 0.7091551423 -0.0197874345 0.7047747374
-8.3 -563.9 2212.7 0.7001525760 0.0560907125 -0.7117866278 0.0545562916 0.9897921681 0.1316628754 0.7119058967 -0.1310165375 0.6899454594
-57.3 -238.1 1999.9 0 0 0 0 0 0 0 0 0
259.4 132.1 2231.5 0 0 0 0 0 0 0 0 0
-197.2 -896.1 2085.6 0 0 0 0 0 0 0 0 0
-29.4 -936.6 2262.1 0 0 0 0 0 0 0 0 0
76.6 412.3 2136.4 97 0.6611269116 0.3104013503 -0.6830536127 -0.2032731622 0.9504600763 0.2351714820 0.7222127318 -0.0166317280 0.6914709806
14.2 221.3 2139.8 0.6611269116 0.3104013503 -0.6830536127 -0.2032731622 0.9504600763 0.2351714820 0.7222127318 -0.0166317280 0.6914709806
-42.7 33.9 2142.5 0.6648644209 0.2905688286 -0.6881315708 -0.1914119720 0.9567527175 0.2190562636 0.7220227122 -0.0139260953 0.6917291880
-80.6 248.5 2036.9 0.3697862327 0.1063157916 -0.9230141640 0.9220747352 0.0800875798 0.3786346316 0.1141768023 -0.9911018610 -0.0684158206
-172.2 20.1 2008.6 -0.4018578529 0.1063157916 -0.9095093012 0.9151824117 0.0800875798 -0.3950027227 0.0308453739 -0.9911018610 -0.1294821650
108.9 194.0 2242.7 -0.3285044432 0.2020765245 -0.9226320386 -0.8687378764 0.3186933398 0.3791161180 0.3706471622 0.9260667562 0.0708593577
34.1 -4.0 2327.2 0.7970152497 0.2020765245 0.5691500306 0.4959967732 0.3186933398 -0.8077262640 -0.3446068466 0.9260667562 0.1537741572
-161.7 -137.8 2078.1 0.7599654198 -0.0656653717 -0.6466379166 -0.0056829685 0.9941741228 -0.1076362357 0.6499386430 0.0854746401 0.7551647425
-135.9 -527.2 2044.7 0.7501368523 0.1723292172 -0.6384335160 -0.0713056102 0.9808971286 0.1809871495 0.6574269533 -0.0902412459 0.7480950952
-40.0 -172.8 2207.1 0.6948087811 -0.0815212056 -0.7145593166 0.0649470761 0.9966076612 -0.0505470410 0.7162559628 -0.0112880124 0.6977463365
-8.0 -563.2 2211.6 0.6940102577 0.0646635965 -0.7170553207 0.0518015549 0.9888923764 0.1393144131 0.7180991173 -0.1338302195 0.6829518080
-59.2 -237.0 1999.9 0 0 0 0 0 0 0 0 0
258.5 135.6 2230.1 0 0 0 0 0 0 0 0 0
-200.8 -896.5 2078.6 0 0 0 0 0 0 0 0 0
-32.4 -935.5 2262.0 0 0 0 0 0 0 0 0 0
81.2 412.6 2136.9 98 0.6984219551 0.3169670999 -0.6416686177 -0.2228589803 0.9483217597 0.2258754522 0.6801034212 -0.0147547657 0.7329677343
17.3 221.3 2139.8 0.6984219551 0.3169670999 -0.6416686177 -0.2228589803 0.9483217597 0.2258754522 0.6801034212 -0.0147547657 0.7329677343
-40.9 34.3 2142.9 0.7033793330 0.2968385518 -0.6458671689 -0.2074885815 0.9547984600 0.2128577083 0.6798573732 -0.0157096479 0.7331761122
-82.8 250.8 2043.1 0.3536894917 0.1297248304 -0.9263234735 0.9253823757 0.0957557783 0.3667400479 0.1362761110 -0.9869155288 -0.0861772522
-170.5 21.3 2009.3 -0.3963524699 0.1297248304 -0.9088873267 0.9173562527 0.0957557783 -0.3863784969 0.0369083360 -0.9869155288 -0.1569569111
117.3 191.8 2236.6 -0.3503170609 0.1779805869 -0.9195656180 -0.8537130952 0.3431921899 0.3916542828 0.3852945864 0.9222483635 0.0317182802
36.1 -6.1 2325.8 0.7877293825 0.1779805869 0.5897502303 0.5119991302 0.3431921899 -0.7874490619 -0.3425483108 0.9222483635 0.1792166680
-159.7 -136.2 2080.0 0.7946156263 -0.0574789904 -0.6043857932 -0.0020951857 0.9952425957 -0.0974053442 0.6071092486 0.0786661059 0.7907148600
-137.2 -526.1 2049.2 0.7826805115 0.1705441773 -0.5986033082 -0.0885406137 0.9824558496 0.1641372740 0.6160939932 -0.0754663348 0.7840490937
-39.5 -170.8 2210.5 0.7341583967 -0.0793859884 -0.6743214130 0.0592146106 0.9968433380 -0.0528864898 0.6763912439 -0.0011026182 0.7365416884
-8.5 -561.3 2210.9 0.7333253622 0.0612355247 -0.6771145463 0.0444366597 0.9894890785 0.1376110017 0.6784241199 -0.1310023516 0.7228963375
-59.2 -236.4 1998.9 0 0 0 0 0 0 0 0 0
258.0 138.1 2229.4 0 0 0 0 0 0 0 0 0
-201.4 -896.0 2077.6 0 0 0 0 0 0 0 0 0
-31.5 -933.9 2260.3 0 0 0 0 0 0 0 0 0
84.9 410.6 2136.6 99 0.6950191259 0.3229618967 -0.6423737407 -0.2264666855 0.9462948442 0.2307356149 0.6823937297 -0.0148894256 0.7308331132
20.1 220.7 2139.6 0.6950191259 0.3229618967 -0.6423737407 -0.2264666855 0.9462948442 0.2307356149 0.6823937297 -0.0148894256 0.7308331132
-40.3 34.4 2143.0 0.6991841793 0.3083478212 -0.6450295448 -0.2139486670 0.9511082172 0.2227535397 0.6821784377 -0.0177425370 0.7309703827
-79.5 251.1 2042.4 0.3635260463 0.1236786619 -0.9233376384 0.9222298861 0.0923265070 0.3754568100 0.1316845417 -0.9880179167 -0.0804970711
-169.3 23.4 2009.9 -0.3868556917 0.1236786619 -0.9138086438 0.9213704467 0.0923265070 -0.3775610626 0.0376725160 -0.9880179167 -0.1496708989
119.6 190.2 2236.7 -0.3537040055 0.1916570961 -0.9155113697 -0.8543318510 0.3322849572 0.3996295333 0.3808024824 0.9235010743 0.0462082475
37.9 -7.1 2324.6 0.7792816162 0.1916570961 0.5966470838 0.5204948783 0.3322849572 -0.7865568995 -0.3490060568 0.9235010743 0.1591870189
-162.5 -134.0 2084.7 0.7928167582 -0.0659431070 -0.6058821082 -0.0055095283 0.9933131337 -0.1153197959 0.6094352007 0.0947655886 0.7871519923
-136.6 -523.0 2047.6 0.7798455954 0.1843029708 -0.5982250571 -0.0901045948 0.9787720442 0.1840827614 0.6194529533 -0.0896533057 0.7798976302
-35.5 -171.4 2207.4 0.7332161665 -0.0650821105 -0.6768739820 0.0518063232 0.9978626966 -0.0398268737 0.6780193448 -0.0058646463 0.7350206971
-10.0 -562.3 2209.7 0.7339540720 0.0552906282 -0.6769449115 0.0639823675 0.9866204262 0.1499545723 0.6761787534 -0.1533723027 0.7205964327
-60.6 -235.5 1999.3 0 0 0 0 0 0 0 0 0
257.4 139.5 2226.3 0 0 0 0 0 0 0 0 0
-206.0 -891.5 2081.4 0 0 0 0 0 0 0 0 0
-30.9 -933.8 2267.5 0 0 0 0 0 0 0 0 0
87.9 407.4 2130.9 00 0.6597532630 0.3377903998 -0.6712847948 -0.2157815993 0.9408174157 0.2613443434 0.7198360562 -0.0275718682 0.6935963035
20.1 218.6 2136.5 0.6597532630 0.3377903998 -0.6712847948 -0.2157815993 0.9408174157 0.2613443434 0.7198360562 -0.0275718682 0.6935963035
-42.9 33.3 2142.5 0.6646063924 0.3212912977 -0.6745889783 -0.2018847466 0.9464658499 0.2518827915 0.7194031477 -0.0312136877 0.6938910484
-74.5 247.2 2034.1 0.3875773847 0.0936678126 -0.9170660377 0.9162731767 0.0699930638 0.3943912685 0.1011300310 -0.9931401014 -0.0586975776
-168.4 25.3 2009.6 -0.3810679913 0.0936678126 -0.9197899699 0.9240862131 0.0699930638 -0.3757201135 0.0291860327 -0.9931401014 -0.1132292524
114.6 189.9 2238.8 -0.3367273211 0.1767191142 -0.9248703122 -0.8689615130 0.3199843168 0.3775128424 0.3626577258 0.9307955503 0.0458146371
38.9 -5.4 2320.3 0.7865556479 0.1767191142 0.5916929841 0.5225877762 0.3199843168 -0.7902607322 -0.3289866447 0.9307955503 0.1593342274
-163.9 -132.5 2084.9 0.7650068998 -0.0629155338 -0.6409415603 -0.0106141968 0.9938498735 -0.1102261692 0.6439346075 0.0911268592 0.7596341968
-139.2 -521.8 2049.2 0.7546047568 0.1734015793 -0.6328535080 -0.0804719329 0.9816268086 0.1730118245 0.6512265205 -0.0796285942 0.7546941638
-37.6 -171.2 2208.1 0.7025675178 -0.0710658580 -0.7080596685 0.0584868565 0.9974011779 -0.0420730151 0.7092095613 -0.0118530542 0.7048981190
-9.7 -561.9 2212.8 0.7014784217 0.0663747042 -0.7095931172 0.0405204110 0.9903287888 0.1326914877 0.7115378380 -0.1218332276 0.6920047402
-61.3 -234.3 2001.4 0 0 0 0 0 0 0 0 0
260.5 141.7 2227.7 0 0 0 0 0 0 0 0 0
-204.5 -891.4 2079.2 0 0 0 0 0 0 0 0 0
-34.7 -934.6 2258.6 0 0 0 0 0 0 0 0 0
93.9 404.2 2121.6 01 0.6544386744 0.3539201319 -0.6681695580 -0.2066062391 0.9337610602 0.2922398150 0.7273402810 -0.0532050319 0.6842114925
23.0 217.3 2132.3 0.6544386744 0.3539201319 -0.6681695580 -0.2066062391 0.9337610602 0.2922398150 0.7273402810 -0.0532050319 0.6842114925
-42.6 33.1 2142.8 0.6594126225 0.3350582421 -0.6729865670 -0.1930743009 0.9406412840 0.2791348100 0.7265654206 -0.0541286096 0.6849619150
-70.9 244.7 2028.8 0.4023517966 0.0586419962 -0.9136050344 0.9123794436 0.0564451106 0.4054351449 0.0753440633 -0.9966820478 -0.0307929628
-168.4 23.6 2010.6 -0.3866913021 0.0586419962 -0.9203428626 0.9217388630 0.0564451106 -0.3836813271 0.0294490140 -0.9966820478 -0.0758794472
117.0 189.8 2235.7 -0.3276733160 0.1556560397 -0.9318805933 -0.8700422645 0.3347977400 0.3618520796 0.3683159649 0.9293447733 0.0257230494
42.5 -7.8 2319.4 0.7799570560 0.1556560397 0.6061668396 0.5356704593 0.3347977400 -0.7752209902 -0.3236111104 0.9293447733 0.1777475029
-165.9 -133.9 2083.6 0.7630468607 -0.0649462342 -0.6430718899 -0.0095239012 0.9937010407 -0.1116583124 0.6462729573 0.0913250819 0.7576219440
-140.4 -523.1 2047.9 0.7538906932 0.1775750667 -0.6325471401 -0.0673230290 0.9785929322 0.1944827437 0.6535414457 -0.1040337458 0.7497069836
-45.9 -170.2 2213.5 0.7012420297 -0.0897733197 -0.7072484493 0.0654191375 0.9959573746 -0.0615565144 0.7099154592 -0.0031015691 0.7042800784
-10.7 -560.3 2214.7 0.6999775767 0.0567341708 -0.7119077444 0.0389583446 0.9923218489 0.1173867285 0.7131014466 -0.1099028215 0.6923927665
-59.7 -235.4 2002.3 0 0 0 0 0 0 0 0 0
262.2 143.1 2228.2 0 0 0 0 0 0 0 0 0
-207.3 -891.5 2087.0 0 0 0 0 0 0 0 0 0
-32.1 -933.9 2256.1 0 0 0 0 0 0 0 0 0
101.8 401.6 2110.9 02 0.6814787388 0.3668333590 -0.6332613826 -0.2078637034 0.9266876578 0.3131175637 0.7016975284 -0.0817508996 0.7077692747
28.5 216.6 2127.3 0.6814787388 0.3668333590 -0.6332613826 -0.2078637034 0.9266876578 0.3131175637 0.7016975284 -0.0817508996 0.7077692747
-39.8 34.0 2143.6 0.6865611076 0.3497241735 -0.6374377012 -0.1946724206 0.9331294894 0.3022780120 0.7005258799 -0.0834407955 0.7087320685
-69.2 244.4 2027.6 0.4015159309 0.0706696212 -0.9131214619 0.9131698012 0.0453581363 0.4050476253 0.0700420514 -0.9964680076 -0.0463213436
-168.0 19.7 2010.3 -0.3885577619 0.0706696212 -0.9187103510 0.9213121533 0.0453581363 -0.3861691058 0.0143805677 -0.9964680076 -0.0827330351
126.3 188.8 2227.0 -0.3479032516 0.1548418105 -0.9246552587 -0.8441534638 0.3773494363 0.3808048368 0.4078826606 0.9130342007 -0.0005708558
43.6 -11.8 2323.9 0.7720481753 0.1548418105 0.6164135337 0.5304134488 0.3773494363 -0.7591238618 -0.3501473963 0.9130342007 0.2092017829
-167.8 -133.6 2087.7 0.7895540595 -0.0737075284 -0.6092385650 -0.0068035391 0.9916485548 -0.1287898272 0.6136433482 0.1058315039 0.7824586630
-138.9 -522.0 2046.3 0.7756712437 0.2019062638 -0.5979698896 -0.0864051580 0.9724994302 0.2162846774 0.6251946092 -0.1160981134 0.7717855573
-48.7 -168.4 2219.0 0.7319403291 -0.1004048213 -0.6739304662 0.0680180043 0.9949096441 -0.0743527785 0.6779652834 0.0085823936 0.7350438237
-9.4 -558.0 2215.6 0.7295046449 0.0671876445 -0.6806678772 0.0187630095 0.9928233027 0.1181092337 0.6837184429 -0.0989326164 0.7230085731
-58.8 -239.1 2006.3 0 0 0 0 0 0 0 0 0
261.0 137.5 2225.3 0 0 0 0 0 0 0 0 0
-215.0 -888.1 2090.0 0 0 0 0 0 0 0 0 0
-34.7 -931.9 2252.9 0 0 0 0 0 0 0 0 0
108.5 396.5 2100.1 03 0.6769883037 0.3790229857 -0.6308948994 -0.1969852448 0.9192394614 0.3408747911 0.7091428638 -0.1064912602 0.6969763041
32.8 212.8 2121.4 0.6769883037 0.3790229857 -0.6308948994 -0.1969852448 0.9192394614 0.3408747911 0.7091428638 -0.1064912602 0.6969763041
-37.7 31.4 2142.1 0.6820591688 0.3601190150 -0.6364821792 -0.1843198687 0.9269033670 0.3269195259 0.7076873779 -0.1056621671 0.6985800266
-64.4 239.1 2020.6 0.4151600897 0.0658635050 -0.9073610306 0.9086162448 0.0197226927 0.4171660542 0.0453716218 -0.9976336956 -0.0516565740
-166.1 16.4 2009.5 -0.3843749464 0.0658635050 -0.9208245873 0.9231495857 0.0197226927 -0.3839347363 -0.0071261469 -0.9976336956 -0.0683827773
130.0 186.5 2222.2 -0.3567743003 0.1482677758 -0.9223495722 -0.8401433825 0.3808089197 0.3861911893 0.4084986746 0.9126890302 -0.0112966429
43.5 -17.0 2321.2 0.7667420506 0.1528651118 0.6234893203 0.5352343321 0.3840231299 -0.7523632050 -0.3544443846 0.9105814099 0.2126280218
-170.2 -131.1 2096.7 0.7887323499 -0.0806972012 -0.6094171405 -0.0184845868 0.9877849221 -0.1547230482 0.6144587994 0.1332999021 0.7776063085
-138.6 -517.8 2044.6 0.7795438766 0.1996689588 -0.5936695933 -0.0681246370 0.9692333937 0.2365283370 0.6226317883 -0.1439406872 0.7691623569
-46.2 -166.3 2223.2 0.7324642539 -0.0916866213 -0.6746033430 0.0541553423 0.9955967665 -0.0765131861 0.6786481738 0.0195097979 0.7342043519
-10.3 -556.2 2215.6 0.7308390141 0.0671574771 -0.6792379618 0.0257274676 0.9917300940 0.1257360876 0.6820648313 -0.1093679145 0.7230672240
-58.1 -242.9 2011.5 0 0 0 0 0 0 0 0 0
259.5 133.7 2221.3 0 0 0 0 0 0 0 0 0
-213.8 -882.6 2098.7 0 0 0 0 0 0 0 0 0
-35.6 -929.7 2256.8 0 0 0 0 0 0 0 0 0
118.0 393.5 2094.7 04 0.6659098864 0.4017017186 -0.6286491752 -0.1975136846 0.9075174332 0.3706757128 0.7194111347 -0.1226698086 0.6836664081
37.7 212.2 2119.2 0.6659098864 0.4017017186 -0.6286491752 -0.1975136846 0.9075174332 0.3706757128 0.7194111347 -0.1226698086 0.6836664081
-35.8 32.3 2142.7 0.6727682352 0.3759105206 -0.6372395158 -0.1814057678 0.9188262820 0.3504999578 0.7172690034 -0.1202063113 0.6863494515
-58.1 238.0 2017.0 0.4223220646 0.0599317662 -0.9044623971 0.9059935808 0.0036077346 0.4232760668 0.0286307428 -0.9981959462 -0.0527741723
-164.1 10.6 2009.8 -0.3796845973 0.0599317662 -0.9231726527 0.9249114394 0.0036077346 -0.3801654875 -0.0194534287 -0.9981959462 -0.0568013787
133.6 186.4 2221.4 -0.3632072508 0.1422641724 -0.9207830429 -0.8358927369 0.3867680132 0.3894788623 0.4115383029 0.9111374021 -0.0215593483
43.8 -20.4 2323.2 0.7625674009 0.1617602259 0.6263582110 0.5294071436 0.4003966749 -0.7479375601 -0.3717783093 0.9019513130 0.2196924239
-169.8 -133.4 2098.8 0.7831152678 -0.0762504414 -0.6171842217 -0.0219647326 0.9884437919 -0.1499879509 0.6214885712 0.1310141385 0.7723906040
-139.9 -520.5 2047.5 0.7722722888 0.2027657777 -0.6020644307 -0.0808190405 0.9713544846 0.2234696895 0.6301299930 -0.1239211783 0.7665374875
-46.5 -166.7 2226.7 0.7281547785 -0.0914834812 -0.6792801023 0.0449666791 0.9952935576 -0.0858412012 0.6839361191 0.0319607109 0.7288414240
-10.7 -556.5 2214.2 0.7281512618 0.0722116083 -0.6816019416 0.0449189432 0.9872695208 0.1525818706 0.6839429736 -0.1417195201 0.7156378627
-57.5 -249.3 2015.3 0 0 0 0 0 0 0 0 0
258.6 128.7 2218.4 0 0 0 0 0 0 0 0 0
-216.2 -886.1 2094.2 0 0 0 0 0 0 0 0 0
-37.9 -928.1 2267.5 0 0 0 0 0 0 0 0 0
127.5 388.5 2092.0 05 0.6451925635 0.4157718122 -0.6409838796 -0.1906883419 0.9000426531 0.3918688893 0.7398408651 -0.1306027174 0.6599836349
44.5 208.9 2118.0 0.6451925635 0.4157718122 -0.6409838796 -0.1906883419 0.9000426531 0.3918688893 0.7398408651 -0.1306027174 0.6599836349
-32.8 30.8 2143.5 0.6512668729 0.3948199153 -0.6480498910 -0.1771282107 0.9094933271 0.3760950267 0.7378868461 -0.1301503181 0.6622566581
-48.3 234.0 2013.0 0.4553433061 0.0553230494 -0.8885954022 0.8901873827 -0.0113286870 0.4554537535 0.0151304714 -0.9984042645 -0.0544063225
-163.1 9.5 2009.1 -0.3639587462 0.0553230494 -0.9297705889 0.9309079647 -0.0113286870 -0.3650780320 -0.0307303108 -0.9984042645 -0.0473774932
137.3 183.7 2223.1 -0.3863358796 0.1143731475 -0.9152395129 -0.8346298933 0.3790172935 0.3996733725 0.3926035166 0.9182944298 -0.0509687327
41.9 -22.3 2320.0 0.7669524550 0.1538540870 0.6229870915 0.5255515575 0.4064665437 -0.7473824024 -0.3682112396 0.9006186128 0.2308822572
-170.2 -131.1 2101.4 0.7675207853 -0.0691788569 -0.6372802854 -0.0332328416 0.9885285497 -0.1473326087 0.6401620507 0.1342594773 0.7564171553
-143.1 -518.3 2048.8 0.7637134194 0.1810380071 -0.6196507812 -0.0547423214 0.9745765924 0.2172642499 0.6432301998 -0.1320064962 0.7542076707
-48.6 -163.9 2231.0 0.7124832869 -0.0939013958 -0.6953776479 0.0349792615 0.9945262671 -0.0984576792 0.7008166909 0.0458256528 0.7118679881
-11.9 -553.4 2213.1 0.7151310444 0.0502567552 -0.6971814036 0.0752957761 0.9860694408 0.1483157724 0.6949231625 -0.1585600227 0.7013847232
-60.9 -252.0 2017.8 0 0 0 0 0 0 0 0 0
257.9 125.7 2216.3 0 0 0 0 0 0 0 0 0
-211.3 -885.2 2098.5 0 0 0 0 0 0 0 0 0
-30.8 -924.6 2272.8 0 0 0 0 0 0 0 0 0
139.1 383.3 2090.1 06 0.6361979842 0.4359648526 -0.6365427971 -0.1940403879 0.8889383078 0.4148939550 0.7467265129 -0.1404396743 0.6501355767
51.7 205.1 2118.3 0.6361979842 0.4359648526 -0.6365427971 -0.1940403879 0.8889383078 0.4148939550 0.7467265129 -0.1404396743 0.6501355767
-29.2 29.0 2145.8 0.6432800889 0.4133962393 -0.6444332600 -0.1791272163 0.8996041417 0.3982786238 0.7443817258 -0.1407691836 0.6527479887
-39.9 230.6 2012.2 0.4946557283 0.0484311953 -0.8677384853 0.8690631986 -0.0198738109 0.4943016768 0.0066943485 -0.9986287951 -0.0519204661
-164.8 11.2 2010.5 -0.3526228070 0.0484311953 -0.9345114231 0.9350839257 -0.0198738109 -0.3538688123 -0.0357105918 -0.9986287951 -0.0382792689
143.4 179.7 2224.3 -0.4077153802 0.1131893918 -0.9060664177 -0.8233120441 0.3835442662 0.4183911085 0.3948740065 0.9165598154 -0.0631867126
43.3 -22.4 2321.3 0.7654437423 0.1620884836 0.6227545142 0.5187184215 0.4173013866 -0.7461841106 -0.3808241785 0.8941962123 0.2353424579
-169.0 -131.2 2102.2 0.7627253532 -0.0591704175 -0.6440100074 -0.0354877450 0.9904761314 -0.1330325454 0.6457481384 0.1243217587 0.7533614635
-145.8 -519.2 2053.5 0.7589088082 0.1700849533 -0.6285924911 -0.0587034412 0.9792264700 0.1940862089 0.6485455036 -0.1103931963 0.7531281710
-51.3 -163.2 2235.5 0.7091262341 -0.0916972086 -0.6990934014 0.0281727072 0.9944003224 -0.1018543839 0.7045184374 0.0525322668 0.7077387571
-15.4 -552.7 2214.9 0.7112519145 0.0326380134 -0.7021791339 0.0718277544 0.9903183579 0.1187868640 0.6992578506 -0.1349233240 0.7020214796
-65.7 -251.4 2020.6 0 0 0 0 0 0 0 0 0
258.9 123.7 2214.0 0 0 0 0 0 0 0 0 0
-209.9 -887.8 2095.1 0 0 0 0 0 0 0 0 0
-27.7 -925.4 2265.7 0 0 0 0 0 0 0 0 0
148.9 372.6 2078.7 07 0.6639993191 0.4562746286 -0.5923836231 -0.2102465928 0.8742045760 0.4376788139 0.7175662518 -0.1660717875 0.6764014363
57.7 197.8 2111.9 0.6639993191 0.4562746286 -0.5923836231 -0.2102465928 0.8742045760 0.4376788139 0.7175662518 -0.1660717875 0.6764014363
-27.7 24.8 2144.9 0.6712548137 0.4367574155 -0.5988822579 -0.1959636956 0.8837817311 0.4248859286 0.7148532867 -0.1678475440 0.6788313389
-37.8 225.8 2010.1 0.5159006119 0.0290700831 -0.8561550975 0.8566150069 -0.0263400283 0.5152833462 -0.0075718197 -0.9992302656 -0.0384907052
-164.9 14.8 2012.0 -0.3295775056 0.0290700831 -0.9436808825 0.9434994459 -0.0263400283 -0.3303255737 -0.0344591737 -0.9992302656 -0.0187465250
153.2 169.8 2213.7 -0.4341655076 0.1773497015 -0.8832029104 -0.7878038883 0.4007326663 0.4677374661 0.4368813634 0.8988661766 -0.0342675075
46.4 -24.0 2321.2 0.7630221248 0.1836458296 0.6197350025 0.5157299042 0.4049977958 -0.7549830675 -0.3896408081 0.8956846595 0.2143106163
-168.3 -130.9 2106.0 0.7902541161 -0.0489148162 -0.6108238101 -0.0431445390 0.9898936749 -0.1350890547 0.6112585068 0.1331084073 0.7801571488
-149.2 -518.6 2053.9 0.7879539728 0.1624829024 -0.5939089060 -0.0575323887 0.9797627330 0.1917159557 0.6130403876 -0.1168943495 0.7813559771
-52.0 -163.2 2240.6 0.7413300276 -0.0841429532 -0.6658450961 0.0208578277 0.9945189357 -0.1024550945 0.6708164215 0.0620649531 0.7390217781
-19.1 -552.7 2216.2 0.7433458567 0.0341256596 -0.6680362225 0.0614111125 0.9909983277 0.1189578697 0.6660823226 -0.1294516921 0.7345588207
-72.4 -250.2 2021.7 0 0 0 0 0 0 0 0 0
261.3 121.3 2211.4 0 0 0 0 0 0 0 0 0
-210.3 -887.5 2097.9 0 0 0 0 0 0 0 0 0
-31.9 -925.9 2265.0 0 0 0 0 0 0 0 0 0
162.8 361.0 2071.5 08 0.6839119792 0.4813387692 -0.5482494235 -0.2390930653 0.8578481078 0.4548968673 0.6892741919 -0.1800267845 0.7017773390
66.7 189.8 2107.4 0.6839119792 0.4813387692 -0.5482494235 -0.2390930653 0.8578481078 0.4548968673 0.6892741919 -0.1800267845 0.7017773390
-24.5 20.5 2143.2 0.6899987459 0.4668796957 -0.5531049967 -0.2280309200 0.8654602766 0.4460722506 0.6869524717 -0.1816642582 0.7036294937
-31.4 222.4 2009.6 0.5236263275 0.0255869869 -0.8515637517 0.8518285155 -0.0324698277 0.5228134990 -0.0142729059 -0.9991451502 -0.0387977809
-162.3 9.4 2013.2 -0.3029163778 0.0255869869 -0.9526736140 0.9522309303 -0.0324698277 -0.3036477268 -0.0387025774 -0.9991451502 -0.0145290783
164.8 157.3 2205.2 -0.4675930440 0.2477356493 -0.8485186100 -0.7385085225 0.4180256426 0.5290176868 0.4857590497 0.8740032315 -0.0125109944
49.7 -24.5 2324.8 0.7559871078 0.2213803977 0.6160147786 0.5054475665 0.4005598128 -0.7642477155 -0.4159402251 0.8891245723 0.1909218729
-173.6 -130.4 2113.2 0.8100428581 -0.0556726716 -0.5837217569 -0.0400494039 0.9879049659 -0.1497991830 0.5850013494 0.1447214633 0.7980157137
-151.8 -517.3 2056.5 0.8070549965 0.1536529511 -0.5701342225 -0.0602463372 0.9819382429 0.1793535501 0.5873947740 -0.1103996783 0.8017351627
-52.5 -165.9 2242.3 0.7654576898 -0.0769648701 -0.6388669014 0.0193594992 0.9951264262 -0.0966882110 0.6431949735 0.0616425909 0.7632171512
-22.3 -555.6 2218.2 0.7673188448 0.0322411098 -0.6404547691 0.0583745465 0.9910768270 0.1198294014 0.6386033297 -0.1293336153 0.7585898638
-77.3 -258.0 2024.1 0 0 0 0 0 0 0 0 0
262.6 117.8 2207.7 0 0 0 0 0 0 0 0 0
-209.7 -887.1 2098.1 0 0 0 0 0 0 0 0 0
-34.5 -928.9 2266.9 0 0 0 0 0 0 0 0 0
174.0 346.6 2063.4 09 0.6790668964 0.5066205263 -0.5312286019 -0.2456994802 0.8387918472 0.4858600795 0.6917368770 -0.1994089037 0.6940721869
73.1 179.5 2103.1 0.6790668964 0.5066205263 -0.5312286019 -0.2456994802 0.8387918472 0.4858600795 0.6917368770 -0.1994089037 0.6940721869
-23.0 13.8 2142.9 0.6864006519 0.4915722311 -0.5359206200 -0.2333150953 0.8468415141 0.4779367447 0.6887802482 -0.2030177116 0.6959638000
-24.6 212.8 2005.0 0.5473405123 0.0105063161 -0.8368440866 0.8361721635 -0.0488438942 0.5462877750 -0.0351352505 -0.9987511635 -0.0355193280
-158.8 7.9 2013.6 -0.2760204077 0.0105063161 -0.9610943198 0.9598584175 -0.0488438942 -0.2761994004 -0.0498454273 -0.9987511635 0.0033973365
170.7 146.2 2201.2 -0.4493160248 0.2650272846 -0.8531562686 -0.7366555929 0.4303691685 0.5216521025 0.5054242015 0.8628690243 0.0018620802
75.9 -9.3 2307.9 0.7803204656 0.2199222296 0.5854350328 0.4736434221 0.4034499228 -0.7828729749 -0.4083648920 0.8881792426 0.2106555104
-178.0 -128.2 2116.9 0.8111834526 -0.0502071530 -0.5826325417 -0.0435879938 0.9883452654 -0.1458549947 0.5831651092 0.1437109262 0.7995408773
-158.3 -515.3 2060.6 0.8098293543 0.1359401196 -0.5706984401 -0.0537210293 0.9858795404 0.1586051732 0.5842006803 -0.0977846161 0.8056970239
-53.5 -169.5 2240.9 0.7682936788 -0.0693589747 -0.6363286376 0.0225577932 0.9964283705 -0.0813734233 0.6396999359 0.0481645167 0.7671142220
-26.4 -559.7 2222.1 0.7701876760 0.0145302983 -0.6376518011 0.0759029537 0.9905480146 0.1142511889 0.6332848072 -0.1363945156 0.7618049979
-81.3 -261.6 2027.6 0 0 0 0 0 0 0 0 0
295.5 124.0 2193.0 0 0 0 0 0 0 0 0 0
-209.5 -886.5 2097.4 0 0 0 0 0 0 0 0 0
-31.8 -932.7 2273.4 0 0 0 0 0 0 0 0 0
186.6 330.9 2047.8 10 0.6805048585 0.5419498086 -0.4931567013 -0.2485085428 0.8038370609 0.5404530764 0.6893160343 -0.2452273071 0.6816941500
78.5 170.6 2096.7 0.6805048585 0.5419498086 -0.4931567013 -0.2485085428 0.8038370609 0.5404530764 0.6893160343 -0.2452273071 0.6816941500
-23.2 10.8 2144.6 0.6898969412 0.5204772949 -0.5031357408 -0.2341701835 0.8181135654 0.5252185464 0.6849865317 -0.2445272803 0.6862943172
-19.8 204.0 1999.1 0.5721044540 0.0037200111 -0.8201723695 0.8179687858 -0.0759808198 0.5702227354 -0.0601961315 -0.9971023202 -0.0465118140
-159.9 3.7 2013.9 -0.2801847160 0.0037200111 -0.9599388838 0.9570913911 -0.0759808198 -0.2796480358 -0.0739772394 -0.9971023202 0.0177282728
176.7 137.2 2194.3 -0.4745945632 0.2898234427 -0.8311211467 -0.7055826783 0.4392393529 0.5560772419 0.5262253284 0.8503358960 -0.0039662085
74.0 -15.6 2308.3 0.7824169993 0.2365511209 0.5760791898 0.4577695131 0.4087118208 -0.7895579338 -0.4222211838 0.8814750314 0.2114971876
-181.1 -130.7 2120.5 0.8196545243 -0.0491420925 -0.5707464814 -0.0426473059 0.9883143902 -0.1463415027 0.5712684989 0.1442902684 0.8079805970
-161.9 -517.8 2064.0 0.8188355565 0.1365686953 -0.5575458407 -0.0486609563 0.9843046665 0.1696360707 0.5719619393 -0.1117733270 0.8126292229
-57.2 -172.9 2245.0 0.7804066539 -0.0737187862 -0.6209114790 0.0242732856 0.9958488941 -0.0877254605 0.6248010397 0.0533899665 0.7789564729
-28.3 -563.0 2224.0 0.7818670869 0.0061858753 -0.6234145164 0.0776152760 0.9912056923 0.1071779728 0.6185950041 -0.1321854144 0.7745109797
-81.2 -265.1 2034.6 0 0 0 0 0 0 0 0 0
294.2 113.3 2189.4 0 0 0 0 0 0 0 0 0
-213.3 -888.5 2106.1 0 0 0 0 0 0 0 0 0
-30.6 -936.3 2273.8 0 0 0 0 0 0 0 0 0
200.6 313.8 2034.1 11 0.6735248566 0.5785567164 -0.4600395560 -0.2658369839 0.7703313828 0.5795862675 0.6897064447 -0.2680702209 0.6726391315
85.0 159.9 2087.6 0.6735248566 0.5785567164 -0.4600395560 -0.2658369839 0.7703313828 0.5795862675 0.6897064447 -0.2680702209 0.6726391315
-24.7 7.0 2139.9 0.6814886332 0.5619447231 -0.4688191712 -0.2549919486 0.7827994823 0.5676301718 0.6859682202 -0.2672883868 0.6767603159
-12.0 196.2 1989.8 0.5822294950 -0.0332427956 -0.8123446107 0.8061797619 -0.1057725325 0.5821394324 -0.1052756906 -0.9938345551 -0.0347842164
-158.2 -6.1 2016.2 -0.2768003345 -0.0332427956 -0.9603523016 0.9564614892 -0.1057725325 -0.2720175683 -0.0925362706 -0.9938345551 0.0610733293
182.0 123.6 2185.4 -0.5060338974 0.3238622546 -0.7994016409 -0.6619381309 0.4483720362 0.6006666422 0.5529626012 0.8331121206 -0.0125146853
69.8 -23.2 2308.0 0.7798827291 0.2501849830 0.5737511516 0.4530918598 0.4067736566 -0.7932483554 -0.4318456948 0.8786026835 0.2038789839
-187.2 -127.9 2130.5 0.8199182153 -0.0580460764 -0.5695303082 -0.0513112918 0.9833909273 -0.1740961671 0.5701765418 0.1719679534 0.8033217192
-164.4 -513.0 2063.2 0.8218652010 0.1294091195 -0.5547890067 -0.0371578187 0.9839608669 0.1744713634 0.5684688687 -0.1227771938 0.8134918213
-62.5 -170.3 2254.3 0.7847013474 -0.0787999183 -0.6148450375 0.0096021071 0.9933132529 -0.1150504798 0.6197996736 0.0843764544 0.7802108526
-31.7 -559.2 2221.3 0.7878395319 -0.0078310138 -0.6158307791 0.1083639637 0.9860821366 0.1260920912 0.6062723398 -0.1660742015 0.7777230740
-80.4 -274.7 2042.2 0 0 0 0 0 0 0 0 0
289.4 104.4 2186.4 0 0 0 0 0 0 0 0 0
-213.2 -883.5 2109.4 0 0 0 0 0 0 0 0 0
-28.7 -930.3 2283.8 0 0 0 0 0 0 0 0 0
212.0 299.5 2028.2 12 0.6580262780 0.6108257174 -0.4403332770 -0.2805398703 0.7415462732 0.6094313264 0.6987838149 -0.2774907649 0.6593179107
90.1 151.5 2083.5 0.6580262780 0.6108257174 -0.4403332770 -0.2805398703 0.7415462732 0.6094313264 0.6987838149 -0.2774907649 0.6593179107
-26.7 4.7 2137.8 0.6649247408 0.5980467796 -0.4474540353 -0.2720178962 0.7518272400 0.6006346941 0.6956158280 -0.2776613832 0.6625879407
-4.6 190.2 1984.4 0.6206113100 -0.0304012708 -0.7835287452 0.7752568722 -0.1260125637 0.6189487576 -0.1175513044 -0.9915627241 -0.0546360351
-160.9 -5.0 2014.0 -0.2686249912 -0.0304012708 -0.9627649784 0.9565550089 -0.1260125637 -0.2629132271 -0.1133275926 -0.9915627241 0.0629306138
184.8 112.8 2182.7 -0.5646870136 0.3367382884 -0.7534825206 -0.6079456210 0.4477184713 0.6557059288 0.5581493378 0.8283450603 -0.0481022559
59.3 -22.2 2306.7 0.8125587702 0.2710077167 0.5160455704 0.3837545216 0.4176512063 -0.8235896826 -0.4387262166 0.8672498465 0.2353657037
-196.0 -122.8 2130.1 0.8112331629 -0.0740114152 -0.5800198913 -0.0365943387 0.9835861921 -0.1766890138 0.5835766196 0.1645614356 0.7952093482
-167.0 -508.0 2065.7 0.8108705878 0.1321210861 -0.5701165199 -0.0393183976 0.9842807055 0.1721790135 0.5839031935 -0.1171988398 0.8033190966
-72.9 -168.9 2254.2 0.7770469189 -0.1021590233 -0.6210970879 0.0331835821 0.9920178056 -0.1216530725 0.6285673380 0.0739199221 0.7742344141
-32.9 -557.3 2225.3 0.7787842751 -0.0118527021 -0.6271798611 0.1159974933 0.9852996469 0.1254162639 0.6164735556 -0.1704235077 0.7687107325
-85.4 -273.7 2045.8 0 0 0 0 0 0 0 0 0
287.5 85.5 2183.5 0 0 0 0 0 0 0 0 0
-216.8 -878.7 2109.8 0 0 0 0 0 0 0 0 0
-28.5 -928.2 2289.4 0 0 0 0 0 0 0 0 0
223.2 285.1 2019.2 13 0.6496491432 0.6402401924 -0.4099372029 -0.2945471704 0.7090817690 0.6406598687 0.7008551359 -0.2954582870 0.6492352486
95.4 143.6 2078.2 0.6496491432 0.6402401924 -0.4099372029 -0.2945471704 0.7090817690 0.6406598687 0.7008551359 -0.2954582870 0.6492352486
-27.1 2.9 2136.1 0.6575292945 0.6272580028 -0.4173758626 -0.2856614292 0.7201594710 0.6322719455 0.6971748471 -0.2965091467 0.6527093649
1.8 184.3 1978.8 0.6509743929 -0.0477348082 -0.7575973272 0.7466349006 -0.1398547143 0.6503667831 -0.1369986981 -0.9890207648 -0.0554013625
-162.0 -3.5 2013.2 -0.2610569298 -0.0477348082 -0.9641424417 0.9574814439 -0.1398547143 -0.2523291111 -0.1227949858 -0.9890207648 0.0822152346
189.0 103.0 2177.6 -0.5793250799 0.3671180010 -0.7277408838 -0.5698027611 0.4560226500 0.6836432815 0.5828440785 0.8107205033 -0.0550005175
56.5 -27.4 2310.9 0.8152649403 0.2939494848 0.4989356399 0.3559030592 0.4253201485 -0.8321272731 -0.4568107724 0.8559769392 0.2421310693
-203.6 -117.6 2129.2 0.8108066916 -0.0827448070 -0.5794357657 -0.0235611908 0.9845407009 -0.1735640019 0.5848396420 0.1543790549 0.7963225842
-171.2 -503.2 2068.7 0.8099572062 0.1082033888 -0.5764212012 -0.0315729827 0.9894530177 0.1413712949 0.5856385231 -0.0963053629 0.8048309088
-83.5 -166.7 2255.0 0.7783519030 -0.1226801574 -0.6157255173 0.0520916656 0.9899606109 -0.1313943863 0.6256634593 0.0701968968 0.7769283056
-35.5 -554.3 2227.5 0.7783868909 -0.0293728113 -0.6270973682 0.1278807521 0.9853794575 0.1125779450 0.6146221757 -0.1678228825 0.7707626820
-88.6 -272.5 2047.7 0 0 0 0 0 0 0 0 0
285.7 72.7 2182.5 0 0 0 0 0 0 0 0 0
-211.9 -875.7 2105.0 0 0 0 0 0 0 0 0 0
-24.4 -925.3 2290.7 0 0 0 0 0 0 0 0 0
232.4 269.9 2009.7 14 0.6616886258 0.6552360058 -0.3644639254 -0.3187349439 0.6858048439 0.6542780399 0.6786576509 -0.3167609572 0.6626358628
101.5 133.0 2073.0 0.6616886258 0.6552360058 -0.3644639254 -0.3187349439 0.6858048439 0.6542780399 0.6786576509 -0.3167609572 0.6626358628
-23.9 -3.7 2134.9 0.6697919369 0.6418007016 -0.3734577000 -0.3100849092 0.6987404823 0.6446774602 0.6747044921 -0.3159961998 0.6670234799
6.2 177.2 1976.9 0.6746608615 -0.0602054559 -0.7356684208 0.7229160666 -0.1474040151 0.6750292182 -0.1490809172 -0.9872422814 -0.0559242293
-161.6 -2.7 2013.9 -0.2521045208 -0.0602054559 -0.9658253789 0.9592178464 -0.1474040151 -0.2411912382 -0.1278455108 -0.9872422814 0.0949113593
196.8 88.8 2169.2 -0.6034912467 0.4292652607 -0.6719595790 -0.4952582419 0.4586619139 0.7377998233 0.6249140501 0.7780492306 -0.0642012879
56.3 -26.5 2314.7 0.8137264848 0.3346519768 0.4752443731 0.3206799328 0.4234549105 -0.8472604752 -0.4847819507 0.8418396711 0.2372603118
-209.1 -112.0 2131.1 0.8255108595 -0.0887264311 -0.5573682785 -0.0115112178 0.9847130179 -0.1738037765 0.5642687678 0.1498928964 0.8118699789
-174.3 -497.7 2072.4 0.8236722946 0.0878344551 -0.5602223277 -0.0349062197 0.9939111471 0.1045091376 0.5659907460 -0.0665260330 0.8217230439
-90.3 -163.6 2257.2 0.7959437966 -0.1285902262 -0.5915555358 0.0596308932 0.9890811443 -0.1347689480 0.6024264097 0.0719935298 0.7949209809
-40.0 -550.9 2229.0 0.7945724130 -0.0498135164 -0.6051225662 0.1430580467 0.9839296937 0.1068493947 0.5900754929 -0.1714672297 0.7889295816
-90.8 -272.1 2049.9 0 0 0 0 0 0 0 0 0
285.1 63.6 2178.4 0 0 0 0 0 0 0 0 0
-207.4 -871.7 2097.4 0 0 0 0 0 0 0 0 0
-21.2 -921.4 2293.5 0 0 0 0 0 0 0 0 0
247.3 254.9 1994.5 15 0.6707227230 0.6835712790 -0.2878564596 -0.3587614298 0.6386752129 0.6807232499 0.6491696835 -0.3533047736 0.6736130118
110.8 127.3 2065.1 0.6707227230 0.6835712790 -0.2878564596 -0.3587614298 0.6386752129 0.6807232499 0.6491696835 -0.3533047736 0.6736130118
-19.2 -1.3 2133.7 0.6815977097 0.6666785479 -0.3016028404 -0.3483171761 0.6580960751 0.6675213575 0.6435058117 -0.3499275744 0.6807723641
14.0 177.0 1973.4 0.6890015006 -0.0746180937 -0.7209085226 0.7062630653 -0.1541612148 0.6909607649 -0.1626943201 -0.9852240682 -0.0535173044
-162.0 -3.3 2014.9 -0.2473906279 -0.0746180937 -0.9660382867 0.9599548578 -0.1541612148 -0.2339251041 -0.1314705908 -0.9852240682 0.1097680479
207.6 77.7 2156.7 -0.6196686625 0.4838086367 -0.6180129051 -0.4492649436 0.4270045459 0.7847471833 0.6435617805 0.7639347911 -0.0472430810
56.1 -32.2 2314.1 0.8137254119 0.3580099940 0.4579080939 0.3206888735 0.3805229962 -0.8673874140 -0.4847779274 0.8526611924 0.1948314011
-209.7 -112.3 2135.8 0.8464174271 -0.0880909935 -0.5251833200 -0.0051022875 0.9848359227 -0.1734134257 0.5324955583 0.1494597793 0.8331328034
-175.2 -498.0 2077.3 0.8431163430 0.0894078687 -0.5302462578 -0.0525466315 0.9950597882 0.0842311531 0.5351576209 -0.0431540050 0.8436492085
-88.9 -168.3 2257.8 0.8216136098 -0.1176325232 -0.5577756763 0.0617061220 0.9910801649 -0.1181203872 0.5666952133 0.0626311377 0.8215435743
-42.8 -556.5 2233.2 0.8191171885 -0.0645897761 -0.5699782372 0.1499822736 0.9831903577 0.1041250676 0.5536716580 -0.1707772613 0.8150354624
-92.5 -273.0 2051.9 0 0 0 0 0 0 0 0 0
285.1 58.1 2177.7 0 0 0 0 0 0 0 0 0
-208.9 -872.6 2093.5 0 0 0 0 0 0 0 0 0
-18.5 -926.7 2297.5 0 0 0 0 0 0 0 0 0
250.4 246.1 1991.9 16 0.6613546014 0.6982129812 -0.2740596831 -0.3705881536 0.6218301058 0.6899214983 0.6521307230 -0.3547195196 0.6699996591
111.5 122.3 2062.5 0.6613546014 0.6982129812 -0.2740596831 -0.3705881536 0.6218301058 0.6899214983 0.6521307230 -0.3547195196 0.6699996591
-22.5 -1.9 2132.2 0.6709882617 0.6857108474 -0.2820910513 -0.3618399203 0.6348940134 0.6826283336 0.6471835971 -0.3559638262 0.6741240025
16.0 173.9 1970.3 0.6875208020 -0.0967810750 -0.7196863890 0.7030696273 -0.1592450440 0.6930614114 -0.1816817224 -0.9824838042 -0.0414404534
-158.5 -4.7 2016.4 -0.2296666354 -0.0967810750 -0.9684454799 0.9640514851 -0.1592450440 -0.2127105296 -0.1336337924 -0.9824838042 0.1298752129
206.9 70.7 2154.7 -0.6442709565 0.4907620549 -0.5865727067 -0.4177213311 0.4166541100 0.8074083328 0.6406432986 0.7652136683 -0.0634363592
49.3 -31.5 2311.5 0.8358738422 0.3497167826 0.4230994284 0.2909007668 0.3714305460 -0.8817120194 -0.4655015469 0.8600799441 0.2087361962
-210.7 -98.4 2144.2 0.8452032208 -0.0915593207 -0.5265437961 -0.0169290658 0.9801350236 -0.1976074874 0.5341768861 0.1759323776 0.8268632889
-174.8 -482.2 2075.3 0.8425499797 0.0927631557 -0.5305699706 -0.0505544879 0.9943289161 0.0935642943 0.5362403393 -0.0520099066 0.8424614072
-87.9 -161.5 2260.5 0.8222185373 -0.1093686670 -0.5585652590 0.0504983664 0.9915121794 -0.1198063642 0.5669273138 0.0703003779 0.8207626343
-45.0 -549.8 2232.9 0.8190734386 -0.0729650036 -0.5690296888 0.1537495553 0.9835133553 0.0951973647 0.5527021885 -0.1654616892 0.8167880177
-94.0 -275.5 2053.9 0 0 0 0 0 0 0 0 0
284.5 50.4 2180.5 0 0 0 0 0 0 0 0 0
-209.7 -856.6 2094.9 0 0 0 0 0 0 0 0 0
-17.6 -920.2 2295.2 0 0 0 0 0 0 0 0 0
253.9 240.2 1985.6 17 0.6617318392 0.7033035159 -0.2597597837 -0.3723865449 0.6090247631 0.7002978921 0.6507220864 -0.3666783571 0.6649118662
114.1 119.2 2058.5 0.6617318392 0.7033035159 -0.2597597837 -0.3723865449 0.6090247631 0.7002978921 0.6507220864 -0.3666783571 0.6649118662
-21.4 -1.9 2130.9 0.6703662872 0.6931003332 -0.2649922669 -0.3647943735 0.6188139915 0.6956970096 0.6461687684 -0.3697041571 0.6676711440
18.7 171.2 1966.4 0.6905075312 -0.1120601445 -0.7145920992 0.6964950562 -0.1635668427 0.6986705065 -0.1951766908 -0.9801471233 -0.0348947980
-157.7 -6.7 2016.2 -0.2322859913 -0.1120601445 -0.9661706686 0.9633442163 -0.1635668427 -0.2126353532 -0.1342055351 -0.9801471233 0.1459467858
209.6 67.2 2150.6 -0.6488244534 0.5042718649 -0.5698567629 -0.3939216733 0.4181403220 0.8185257316 0.6510396004 0.7555584311 -0.0726560429
47.2 -31.4 2313.5 0.8424847126 0.3592473865 0.4014484286 0.2623445690 0.3772684038 -0.8881688118 -0.4705261290 0.8535864949 0.2235962749
-217.0 -93.3 2143.5 0.8464968801 -0.1046299115 -0.5220111012 0.0067373076 0.9825250506 -0.1860083044 0.5323510766 0.1539384872 0.8324093223
-176.0 -478.0 2083.2 0.8431770205 0.0787710026 -0.5318341851 -0.0574608669 0.9967459440 0.0565307699 0.5345565677 -0.0171057954 0.8449595571
-95.9 -158.7 2260.5 0.8246026635 -0.1299996376 -0.5505729318 0.0718075037 0.9894188643 -0.1260712892 0.5611364841 0.0644234493 0.8252124190
-45.0 -546.2 2235.3 0.8215780258 -0.0720763355 -0.5655214787 0.1408675462 0.9868818521 0.0788703188 0.5524181724 -0.1444617510 0.8209536672
-92.4 -277.4 2053.9 0 0 0 0 0 0 0 0 0
284.3 42.4 2181.0 0 0 0 0 0 0 0 0 0
-205.7 -853.1 2089.6 0 0 0 0 0 0 0 0 0
-17.9 -917.8 2289.6 0 0 0 0 0 0 0 0 0
256.5 233.8 1983.9 18 0.6512716413 0.7118933201 -0.2627796829 -0.3603949249 0.5949116945 0.7184675336 0.6678029299 -0.3732130826 0.6440118551
114.9 115.5 2058.2 0.6512716413 0.7118933201 -0.2627796829 -0.3603949249 0.5949116945 0.7184675336 0.6678029299 -0.3732130826 0.6440118551
-22.5 -3.0 2131.7 0.6596981287 0.7018446326 -0.2687238157 -0.3532418013 0.6051857471 0.7134216428 0.6633389592 -0.3757184446 0.6471607685
20.9 165.8 1963.6 0.7016143203 -0.1318173409 -0.7002581954 0.6810809970 -0.1647976488 0.7134216428 -0.2094422579 -0.9774793983 -0.0258461069
-156.5 -6.4 2016.6 -0.2217633128 -0.1318173409 -0.9661496878 0.9659937024 -0.1647976488 -0.1992432177 -0.1329554915 -0.9774793983 0.1638807952
208.9 65.2 2152.7 -0.6509552598 0.4964102209 -0.5743119121 -0.3881291747 0.4325413704 0.8137958646 0.6523902416 0.7526518703 -0.0888937935
47.1 -31.3 2314.8 0.8398901224 0.3711476326 0.3960227966 0.2401278466 0.4002575874 -0.8843825459 -0.4867476225 0.8378802538 0.2470495105
-217.5 -90.0 2144.9 0.8401557207 -0.1089831889 -0.5312824845 0.0103443731 0.9826438427 -0.1852136701 0.5422465801 0.1501125395 0.8267011642
