79.0 458.8 1964.6 78 0.8319550753 -0.0625571683 -0.5513051152 0.0884134546 0.9958745837 0.0204186980 0.5477533937 -0.0657302290 0.8340538144
91.7 255.3 1978.1 0.8319550753 -0.0625571683 -0.5513051152 0.0884134546 0.9958745837 0.0204186980 0.5477533937 -0.0657302290 0.8340538144
109.9 57.6 1973.1 0.8338443637 -0.0922745690 -0.5442324877 0.0641150847 0.9954460263 -0.0705440417 0.5482634902 0.0239292439 0.8359632492
-29.5 245.7 1898.3 -0.4102845192 -0.8062447906 -0.4261877239 0.0967851803 0.4261978865 -0.8994376063 0.9068071842 -0.4102739990 -0.0968298465
58.3 225.0 1704.2 -0.3225478828 -0.8062447906 0.4959155619 -0.8980645537 0.4261978865 0.1087906808 -0.2990700603 -0.4102739990 -0.8615290523
213.0 264.8 2057.8 -0.1111149564 0.8491380811 -0.5163506269 -0.8232733011 0.2123783827 0.5264185667 0.5566637516 0.4835906625 0.6754742861
182.1 35.8 2212.7 0.2229967564 0.8491380811 -0.4787869751 -0.9741448164 0.2123783827 -0.0770542249 0.0362543240 0.4835906625 0.8745431304
52.7 -149.5 1914.4 0.5719234347 0.2348170727 0.7859799862 -0.1693464518 0.9713115096 -0.1669601351 -0.8026365042 -0.0376145169 0.5952812433
-40.6 -535.5 1929.3 0.5782605410 0.0760889351 0.8122962713 -0.1034693941 0.9944416285 -0.0194925610 -0.8092643619 -0.0727760270 0.5829191804
195.8 -140.1 2028.7 -0.6535499692 0.3647841513 0.6631779075 0.2221871167 0.9300569892 -0.2926208079 -0.7235366702 -0.0438927300 -0.6888890266
50.8 -509.7 2046.1 -0.6973611712 0.0115302345 0.7166271210 -0.1131422296 0.9855625033 -0.1259577870 -0.7077331543 -0.1689188629 -0.6859884858
152.7 487.9 1791.8 0 0 0 0 0 0 0 0 0
240.0 -217.1 2222.1 0 0 0 0 0 0 0 0 0
-69.7 -914.7 1957.1 0 0 0 0 0 0 0 0 0
46.4 -885.9 2110.6 0 0 0 0 0 0 0 0 0
79.4 485.5 1982.7 79 0.8718239069 -0.0106760403 -0.4897030294 -0.0117453504 0.9990193248 -0.0426900499 0.4896785617 0.0429699421 0.8708435297
81.8 256.4 1972.9 0.8718239069 -0.0106760403 -0.4897030294 -0.0117453504 0.9990193248 -0.0426900499 0.4896785617 0.0429699421 0.8708435297
105.3 59.3 1969.0 0.8649616241 -0.1183349565 -0.4876865745 0.0942029953 0.9928121567 -0.0738228410 0.4929169714 0.0179123916 0.8698919415
-43.9 242.6 1901.2 -0.4537588060 -0.7728833556 -0.4435699582 0.1164991409 0.4420423210 -0.8893967271 0.8834766150 -0.4552471042 -0.1105403602
53.2 217.7 1712.2 -0.3632857502 -0.7728833556 0.5202642083 -0.8964686394 0.4420423210 0.0307014510 -0.2537074387 -0.4552471042 -0.8534533381
207.6 270.3 2044.5 -0.0518474206 0.8719374537 -0.4868643880 -0.8182003498 0.2424367368 0.5213181973 0.5725906491 0.4253816009 0.7008497715
193.2 42.8 2203.7 0.2526994646 0.8719374537 -0.4193662703 -0.9669774771 0.2424367368 -0.0786067098 0.0331296586 0.4253816009 0.9044075012
51.9 -146.1 1918.0 0.5273932815 0.2368257344 0.8159472346 -0.1503757387 0.9712229371 -0.1846975088 -0.8362078071 -0.0252904501 0.5478292704
-42.2 -532.1 1928.1 0.5313371420 0.0482339971 0.8457862139 -0.0896397009 0.9959741235 -0.0004858357 -0.8424046636 -0.0755578801 0.5335217118
204.1 -134.2 2018.2 -0.6921367049 0.3783124089 0.6146758795 0.2261065990 0.9224084020 -0.3131111264 -0.6854360104 -0.0777334347 -0.7239716649
53.9 -500.5 2049.1 -0.7365875244 0.0417968743 0.6750495434 -0.0660681799 0.9888686538 -0.1333185434 -0.6731076241 -0.1428000629 -0.7256268263
159.4 479.7 1786.3 0 0 0 0 0 0 0 0 0
258.8 -208.2 2212.3 0 0 0 0 0 0 0 0 0
-60.6 -912.1 1956.9 0 0 0 0 0 0 0 0 0
37.9 -877.9 2103.6 0 0 0 0 0 0 0 0 0
95.5 478.7 1991.7 80 0.8428153396 0.0021350060 -0.5381986499 -0.0306411181 0.9985605478 -0.0440225415 0.5373299122 0.0535938777 0.8416675329
95.1 264.9 1980.3 0.8428153396 0.0021350060 -0.5381986499 -0.0306411181 0.9985605478 -0.0440225415 0.5373299122 0.0535938777 0.8416675329
106.1 67.2 1971.9 0.8413324952 -0.0551846512 -0.5376935005 0.0251574740 0.9976944327 -0.0630314797 0.5399321318 0.0395034216 0.8407810330
-27.1 261.2 1901.8 -0.3650187552 -0.7673214078 -0.5272372961 0.2621433139 0.4586904645 -0.8490488529 0.8933320642 -0.4481304884 0.0337175392
47.6 207.6 1719.1 -0.4164487422 -0.7673214078 0.4876354635 -0.8878477216 0.4586904645 -0.0364617631 -0.1956958473 -0.4481304884 -0.8722856045
217.2 268.7 2058.7 -0.1353060305 0.8614909053 -0.4894136488 -0.8263426423 0.1744193435 0.5354771018 0.5466718674 0.4768766463 0.6882866621
179.6 39.4 2210.4 0.1887143552 0.8614909053 -0.4714025259 -0.9818633199 0.1744193435 -0.0743123293 0.0182023235 0.4768766463 0.8787817359
49.7 -146.6 1920.2 0.5675548315 0.2222843319 0.7927617431 -0.1400307417 0.9748983383 -0.1731030643 -0.8113402128 -0.0127655361 0.5844348669
-38.6 -533.9 1925.2 0.5682875514 0.0750072673 0.8194041848 -0.1306859553 0.9914237857 -0.0001181237 -0.8123856783 -0.1070174873 0.5732161999
207.6 -129.2 2010.2 -0.6732403636 0.3782602847 0.6353476048 0.2098302394 0.9216572642 -0.3263727427 -0.7090265751 -0.0864121541 -0.6998673081
57.4 -495.3 2044.5 -0.7187172174 0.0569286682 0.6929680705 -0.0718685985 0.9852216840 -0.1554769427 -0.6915782690 -0.1615466028 -0.7040044069
168.4 465.1 1775.9 0 0 0 0 0 0 0 0 0
228.5 -215.0 2215.1 0 0 0 0 0 0 0 0 0
-67.2 -912.2 1966.1 0 0 0 0 0 0 0 0 0
35.6 -871.5 2106.2 0 0 0 0 0 0 0 0 0
101.1 481.3 1996.2 81 0.8025226593 0.0085314047 -0.5965606570 -0.0459490344 0.9978117943 -0.0475432016 0.5948496461 0.0655658841 0.8011585474
99.3 274.5 1982.7 0.8025226593 0.0085314047 -0.5965606570 -0.0459490344 0.9978117943 -0.0475432016 0.5948496461 0.0655658841 0.8011585474
104.0 76.5 1971.7 0.8022822738 -0.0230701305 -0.5964989066 -0.0129468758 0.9983454347 -0.0560252629 0.5968044400 0.0526708737 0.8006561399
-17.1 276.3 1895.9 -0.2626473606 -0.7295109630 -0.6315299869 0.4326862097 0.4959642887 -0.7528625727 0.8624378443 -0.4709916711 0.1853856146
35.5 189.6 1723.2 -0.4950871170 -0.7295109630 0.4719136357 -0.8580242991 0.4959642887 -0.1334680617 -0.1366858929 -0.4709916711 -0.8714836836
215.7 272.7 2069.4 -0.2013370544 0.8318023682 -0.5172699094 -0.8292081356 0.1363725215 0.5420483351 0.5214185119 0.5380588770 0.6622804403
159.9 42.5 2214.1 0.1527064890 0.8318023682 -0.5336530209 -0.9881669879 0.1363725215 -0.0702039078 0.0143798273 0.5380588770 0.8427845836
40.5 -132.9 1914.3 0.6195799112 0.1963091046 0.7599891424 -0.1380323768 0.9803818464 -0.1407070160 -0.7727016211 -0.0177238714 0.6345219016
-37.5 -522.3 1921.4 0.6189482808 0.0745853335 0.7818824053 -0.1467295885 0.9889360070 0.0218164530 -0.7716044784 -0.1282285303 0.6230441332
193.8 -128.2 2012.9 -0.6434614062 0.3420343101 0.6848137975 0.1743972301 0.9365982413 -0.3039232492 -0.7453475595 -0.0761332512 -0.6623146534
58.0 -500.0 2043.1 -0.6867113709 0.0751131773 0.7230390906 -0.0836461559 0.9798755050 -0.1812382340 -0.7221016884 -0.1849377900 -0.6666087508
179.9 439.9 1763.1 0 0 0 0 0 0 0 0 0
199.5 -213.7 2217.8 0 0 0 0 0 0 0 0 0
-66.0 -899.9 1970.3 0 0 0 0 0 0 0 0 0
29.3 -874.1 2113.7 0 0 0 0 0 0 0 0 0
104.8 480.7 2000.0 82 0.7668700814 0.0139543070 -0.6416506767 -0.0573367476 0.9972555637 -0.0468382984 0.6392360926 0.0727090538 0.7655655742
101.9 278.1 1985.2 0.7668700814 0.0139543070 -0.6416506767 -0.0573367476 0.9972555637 -0.0468382984 0.6392360926 0.0727090538 0.7655655742
102.6 80.0 1973.0 0.7669876218 -0.0029465132 -0.6416551471 -0.0360299274 0.9982140064 -0.0476513915 0.6406495571 0.0596668161 0.7655116320
-9.5 283.3 1892.0 -0.1492343992 -0.6973550320 -0.7010171413 0.5595046282 0.5249909163 -0.6413571835 0.8152813315 -0.4879349172 0.3118266761
20.2 171.7 1729.5 -0.5657920241 -0.6973550320 0.4399719834 -0.8211414218 0.5249909163 -0.2238555700 -0.0748744905 -0.4879349172 -0.8696627617
213.4 272.9 2078.4 -0.2494410723 0.8030487299 -0.5411948562 -0.8278422952 0.1131350547 0.5494338870 0.5024502873 0.5850753784 0.6365771294
144.1 42.8 2218.1 0.1285941154 0.8030487299 -0.5818731189 -0.9915802479 0.1131350547 -0.0630007237 0.0152375922 0.5850753784 0.8108357191
35.6 -120.4 1906.4 0.6592128277 0.1722849756 0.7319537401 -0.1442498416 0.9842945337 -0.1017657369 -0.7379907966 -0.0384989269 0.6737116575
-32.8 -511.3 1921.7 0.6575284004 0.0987881273 0.7469252348 -0.1621818393 0.9866845608 0.0122722508 -0.7357672453 -0.1292070597 0.6647948027
181.8 -122.6 2015.3 -0.6138194799 0.3102544546 0.7259254456 0.1464661062 0.9483287930 -0.2814607322 -0.7757405043 -0.0664426088 -0.6275444627
58.7 -499.1 2041.6 -0.6536738276 0.0795131996 0.7525876760 -0.0977856442 0.9772537947 -0.1881833822 -0.7504322529 -0.1966028064 -0.6310299635
185.8 411.9 1751.4 0 0 0 0 0 0 0 0 0
177.4 -214.5 2222.0 0 0 0 0 0 0 0 0 0
-70.5 -888.0 1971.0 0 0 0 0 0 0 0 0 0
28.3 -872.4 2116.7 0 0 0 0 0 0 0 0 0
106.9 481.2 2000.4 83 0.7451224327 0.0205925591 -0.6666097045 -0.0645760819 0.9970543981 -0.0413813144 0.6637939811 0.0738811865 0.7442573905
102.8 280.1 1985.5 0.7451224327 0.0205925591 -0.6666097045 -0.0645760819 0.9970543981 -0.0413813144 0.6637939811 0.0738811865 0.7442573905
101.3 81.9 1973.0 0.7453722954 0.0074696010 -0.6666065454 -0.0468112156 0.9980554581 -0.0411587730 0.6650028825 0.0618832745 0.7442725301
-5.8 286.9 1888.6 -0.0570799708 -0.6404638886 -0.7658641338 0.6653116941 0.5475560427 -0.5074867010 0.7443804145 -0.5385056734 0.3948536515
5.7 153.3 1739.0 -0.6413583159 -0.6404638886 0.4224517941 -0.7670497894 0.5475560427 -0.3343904912 -0.0171509851 -0.5385056734 -0.8424472809
211.3 273.4 2082.4 -0.2759157419 0.7849348187 -0.5547502637 -0.8253012896 0.1023761630 0.5553349853 0.4926949441 0.6110617518 0.6195604801
134.5 43.6 2219.5 0.1156399399 0.7849348187 -0.6086910367 -0.9931309223 0.1023761630 -0.0566576310 0.0178429019 0.6110617518 0.7913818359
33.3 -114.9 1902.3 0.6823868155 0.1627988666 0.7126322985 -0.1425510198 0.9858046770 -0.0887034535 -0.7169570923 -0.0410563983 0.6959072351
-31.3 -506.5 1918.6 0.6794070005 0.1034215167 0.7264365554 -0.1743628979 0.9844145775 0.0229252409 -0.7127437592 -0.1422391534 0.6868510246
173.3 -121.4 2019.4 -0.5946284533 0.2861574888 0.7513527274 0.1304670721 0.9564745426 -0.2610264421 -0.7933444381 -0.0571869463 -0.6060810685
59.7 -501.2 2042.1 -0.6320199370 0.0927791223 0.7693782449 -0.0929390565 0.9765671492 -0.1941104829 -0.7693589330 -0.1941869706 -0.6085870862
193.1 377.4 1744.0 0 0 0 0 0 0 0 0 0
164.5 -214.2 2224.2 0 0 0 0 0 0 0 0 0
-70.8 -882.5 1973.0 0 0 0 0 0 0 0 0 0
24.2 -874.2 2116.2 0 0 0 0 0 0 0 0 0
110.3 481.4 2000.6 84 0.7304133773 0.0340343937 -0.6821568608 -0.0739418715 0.9968279600 -0.0294385348 0.6789910793 0.0719422549 0.7306130528
103.5 280.9 1986.1 0.7304133773 0.0340343937 -0.6821568608 -0.0739418715 0.9968279600 -0.0294385348 0.6789910793 0.0719422549 0.7306130528
100.1 82.6 1974.7 0.7309939265 0.0171680059 -0.6821679473 -0.0513208099 0.9982353449 -0.0298716612 0.6804513335 0.0568454154 0.7305850983
-3.1 288.3 1886.8 0.0285626724 -0.5792781711 -0.8146293163 0.7416166067 0.5587037206 -0.3712882698 0.6702156663 -0.5935376287 0.4455603659
-9.0 135.6 1748.9 -0.7166030407 -0.5792781711 0.3884801865 -0.6960820556 0.5587037206 -0.4509101510 0.0441570841 -0.5935376287 -0.8035939336
210.1 273.4 2085.4 -0.2951608598 0.7732501626 -0.5612167716 -0.8192966580 0.0973644555 0.5650426149 0.4915618300 0.6265814900 0.6047831178
127.8 45.1 2222.3 0.1042279005 0.7732501626 -0.6254764199 -0.9942170382 0.0973644555 -0.0453063846 0.0258660000 0.6265814900 0.7789265513
31.8 -112.0 1899.7 0.6970331669 0.1560797095 0.6998456120 -0.1438930631 0.9866148233 -0.0767202228 -0.7024525404 -0.0472263917 0.7101620436
-30.2 -504.0 1918.4 0.6938239932 0.1158451438 0.7107658982 -0.1739936173 0.9847023487 0.0093532326 -0.6988093257 -0.1301582158 0.7033664584
168.1 -120.5 2021.3 -0.5814613104 0.2777249515 0.7647035718 0.1169342920 0.9587007165 -0.2592669129 -0.8051267266 -0.0613336042 -0.5899229646
57.7 -501.3 2045.7 -0.6104071140 0.0832797438 0.7876976728 -0.0810315832 0.9826745391 -0.1666872352 -0.7879320979 -0.1655754596 -0.5930832624
199.4 338.0 1736.0 0 0 0 0 0 0 0 0 0
154.9 -213.1 2229.0 0 0 0 0 0 0 0 0 0
-74.5 -880.2 1968.1 0 0 0 0 0 0 0 0 0
25.9 -876.6 2108.9 0 0 0 0 0 0 0 0 0
111.5 479.8 2001.2 85 0.7166400552 0.0383088849 -0.6963902712 -0.0809431151 0.9963114858 -0.0284890495 0.6927302480 0.0767843947 0.7170975804
103.8 279.8 1985.8 0.7166400552 0.0383088849 -0.6963902712 -0.0809431151 0.9963114858 -0.0284890495 0.6927302480 0.0767843947 0.7170975804
98.8 81.6 1973.3 0.7172552347 0.0255630817 -0.6963415146 -0.0617386289 0.9977279902 -0.0269657206 0.6940701008 0.0623324737 0.7172038555
-0.8 288.8 1884.5 0.1057326943 -0.5166757703 -0.8496273756 0.7970581651 0.5549133420 -0.2382634878 0.5945745707 -0.6520102024 0.4704931378
-23.1 120.9 1759.2 -0.7851523161 -0.5166757703 0.3414409459 -0.6107859015 0.5549133420 -0.5648112297 0.1023541540 -0.6520102024 -0.7512698174
208.5 270.8 2087.1 -0.3123383522 0.7619220614 -0.5673795342 -0.8187299967 0.0870092362 0.5675478578 0.4817945063 0.6417976022 0.5966321230
121.4 42.6 2221.4 0.0943083614 0.7619220614 -0.6407657266 -0.9952780008 0.0870092362 -0.0430247337 0.0229710434 0.6417976022 0.7665299773
29.8 -111.0 1900.9 0.7112140656 0.1455053091 0.6877519488 -0.1331222057 0.9885190725 -0.0714740232 -0.6902557611 -0.0407217294 0.7224186659
-28.0 -503.8 1917.1 0.7056476474 0.1235747561 0.6977038383 -0.1855579466 0.9825385809 0.0136470143 -0.6838344932 -0.1390944868 0.7162563205
163.6 -120.4 2025.6 -0.5673072934 0.2824398279 0.7735568285 0.1179074794 0.9575256109 -0.2631398141 -0.8150216341 -0.0580729842 -0.5765129924
51.4 -500.9 2048.7 -0.5873057246 0.0175771918 0.8091742992 -0.1137549803 0.9880476594 -0.1040270999 -0.8013312817 -0.1531433165 -0.5782865286
204.6 298.1 1729.6 0 0 0 0 0 0 0 0 0
145.9 -216.0 2227.3 0 0 0 0 0 0 0 0 0
-75.2 -879.2 1970.3 0 0 0 0 0 0 0 0 0
44.7 -877.5 2107.0 0 0 0 0 0 0 0 0 0
114.2 479.7 2005.5 86 0.6939182878 0.0507032238 -0.7182663679 -0.1005449370 0.9945680499 -0.0269289576 0.7129994035 0.0909045413 0.6952468753
104.0 279.8 1987.2 0.6939182878 0.0507032238 -0.7182663679 -0.1005449370 0.9945680499 -0.0269289576 0.7129994035 0.0909045413 0.6952468753
96.5 81.8 1971.9 0.6947666407 0.0379419997 -0.7182337642 -0.0814915374 0.9963297248 -0.0261960123 0.7146037221 0.0767300874 0.6953086257
2.6 291.7 1882.9 0.1727377176 -0.4745370746 -0.8631200790 0.8378354311 0.5315249562 -0.1245510653 0.5178739429 -0.7016379237 0.4893983901
-35.1 108.9 1769.9 -0.8302077055 -0.4745370746 0.2925230861 -0.5351566672 0.5315249562 -0.6565733552 0.1560850739 -0.7016379237 -0.6952278018
205.3 267.9 2091.5 -0.3385253549 0.7431190610 -0.5772128105 -0.8203582764 0.0673754588 0.5678669214 0.4608826935 0.6657586694 0.5868155956
111.0 39.2 2219.9 0.0794523209 0.7431190610 -0.6644256115 -0.9967641234 0.0673754588 -0.0438382179 0.0121889664 0.6657586694 0.7460675836
28.0 -111.0 1897.2 0.7303940058 0.1416150630 0.6681839824 -0.1317380220 0.9891096950 -0.0656288937 -0.6702012420 -0.0400902852 0.7410958409
-28.3 -504.1 1913.2 0.7265989780 0.0992372409 0.6798572540 -0.1771377325 0.9831192493 0.0458126366 -0.6638344526 -0.1537157893 0.7319120765
159.4 -122.3 2024.4 -0.5525650382 0.2666903734 0.7896506190 0.0957798958 0.9614672065 -0.2576955259 -0.8279480934 -0.0667608976 -0.5568167567
53.5 -504.3 2051.0 -0.5712166429 0.0459206849 0.8195137978 -0.0906466618 0.9887971878 -0.1185887679 -0.8157786131 -0.1420260668 -0.5606548190
205.4 263.9 1724.7 0 0 0 0 0 0 0 0 0
131.6 -219.7 2223.1 0 0 0 0 0 0 0 0 0
-66.2 -879.6 1971.9 0 0 0 0 0 0 0 0 0
35.9 -881.5 2105.1 0 0 0 0 0 0 0 0 0
116.6 480.4 2008.1 87 0.6930704117 0.0592995994 -0.7184267044 -0.1122046635 0.9933382273 -0.0262534413 0.7120839357 0.0988063067 0.6951070428
104.6 280.5 1988.2 0.6930704117 0.0592995994 -0.7184267044 -0.1122046635 0.9933382273 -0.0262534413 0.7120839357 0.0988063067 0.6951070428
95.4 82.7 1971.0 0.6940131187 0.0464740619 -0.7184607983 -0.0944822282 0.9951632023 -0.0268944837 0.7137358785 0.0865469053 0.6950473189
3.3 294.2 1884.0 0.2287279963 -0.4419712722 -0.8673781753 0.8648880720 0.5012205243 -0.0273248181 0.4468245208 -0.7439350486 0.4968988299
-48.3 99.1 1783.2 -0.8710653782 -0.4419712722 0.2142580152 -0.4378945827 0.5012205243 -0.7463419437 0.2224711776 -0.7439350486 -0.6301326752
205.9 266.7 2092.4 -0.3456583619 0.7436236143 -0.5723147988 -0.8217857480 0.0545291752 0.5671813488 0.4529772997 0.6663711667 0.5922508240
109.6 37.5 2218.7 0.0708283260 0.7436236143 -0.6648362875 -0.9974851608 0.0545291752 -0.0452758409 0.0025847885 0.6663711667 0.7456157207
25.4 -108.6 1891.1 0.7276708484 0.1288692951 0.6737120152 -0.1426874846 0.9891455770 -0.0350906290 -0.6709213257 -0.0705958456 0.7381604314
-25.8 -501.5 1919.1 0.7266121507 0.1167157963 0.6770614982 -0.1519279480 0.9883643389 -0.0073332232 -0.6700393558 -0.0975361541 0.7358899117
152.6 -123.6 2022.0 -0.5569899678 0.2527248859 0.7911335230 0.0893308371 0.9652811885 -0.2454632521 -0.8257009983 -0.0660479516 -0.5602281094
52.2 -507.1 2048.3 -0.5765476823 0.0345808603 0.8163313866 -0.1166030243 0.9853953719 -0.1240954623 -0.8087005019 -0.1667336524 -0.5640951991
201.7 224.8 1719.4 0 0 0 0 0 0 0 0 0
128.0 -221.6 2219.4 0 0 0 0 0 0 0 0 0
-70.3 -878.5 1956.3 0 0 0 0 0 0 0 0 0
39.0 -883.2 2111.9 0 0 0 0 0 0 0 0 0
117.9 479.7 2004.4 88 0.7131136656 0.0611555204 -0.6983759403 -0.1104512289 0.9935471416 -0.0257789325 0.6922928691 0.0955197886 0.7152667642
105.6 279.4 1985.2 0.7131136656 0.0611555204 -0.6983759403 -0.1104512289 0.9935471416 -0.0257789325 0.6922928691 0.0955197886 0.7152667642
95.9 81.7 1968.0 0.7139430642 0.0488708988 -0.6984961629 -0.0954605117 0.9950406551 -0.0279526841 0.6936660409 0.0866354331 0.7150676250
1.4 293.4 1883.9 0.2701007426 -0.4373524487 -0.8577694297 0.8844165802 0.4648515284 0.0414769165 0.3805954158 -0.7698284984 0.5123584867
-59.7 93.4 1797.9 -0.8879880309 -0.4373524487 0.1421272159 -0.3585221469 0.4648515284 -0.8095523119 0.2879916131 -0.7698284984 -0.5695831180
209.8 265.5 2086.5 -0.3326033056 0.7621926665 -0.5553714037 -0.8225184679 0.0536359698 0.5662036538 0.4613441229 0.6451244354 0.6090780497
117.1 36.1 2215.1 0.0708241388 0.7621926665 -0.6434643269 -0.9974885583 0.0536359698 -0.0462579243 -0.0007446172 0.6451244354 0.7640771270
22.6 -106.3 1888.3 0.7100358009 0.1145559996 0.6947849393 -0.1281690896 0.9912213087 -0.0324499086 -0.6924029589 -0.0660093576 0.7184851170
-22.9 -500.1 1914.6 0.7039253116 0.1363042146 0.6970726848 -0.1793165952 0.9837267995 -0.0112766027 -0.6872661114 -0.1170588210 0.7169117928
149.8 -123.6 2019.2 -0.5862606168 0.2371343821 0.7746391296 0.0662537292 0.9670313001 -0.2458879352 -0.8074087501 -0.0928316787 -0.5826433897
55.6 -507.7 2056.1 -0.6006167531 0.0732001066 0.7961791754 -0.0611043163 0.9886853695 -0.1369944811 -0.7971987128 -0.1309311688 -0.5893481970
193.9 195.8 1715.6 0 0 0 0 0 0 0 0 0
135.5 -223.1 2214.9 0 0 0 0 0 0 0 0 0
-74.9 -875.5 1959.2 0 0 0 0 0 0 0 0 0
27.7 -884.8 2106.0 0 0 0 0 0 0 0 0 0
120.6 481.2 2003.1 89 0.7386579514 0.0747297332 -0.6699252725 -0.1187789738 0.9927146435 -0.0202287193 0.6635329723 0.0945151448 0.7421528697
105.5 281.0 1984.0 0.7386579514 0.0747297332 -0.6699252725 -0.1187789738 0.9927146435 -0.0202287193 0.6635329723 0.0945151448 0.7421528697
93.6 83.4 1967.0 0.7397896051 0.0598675720 -0.6701695323 -0.1020708457 0.9944915771 -0.0238345042 0.6650510430 0.0860372931 0.7418252826
-2.5 295.9 1887.0 0.2789601982 -0.4489657283 -0.8488880992 0.9038829207 0.4212928116 0.0742162988 0.3243098855 -0.7879988551 0.5233363509
-66.9 87.1 1812.1 -0.8881582022 -0.4489657283 0.0980041176 -0.3071262240 0.4212928116 -0.8533380628 0.3418311179 -0.7879988551 -0.5120638013
213.4 266.1 2081.1 -0.3204580247 0.7872542739 -0.5268181562 -0.8208288550 0.0468102060 0.5692527890 0.4728071690 0.6148492098 0.6312003136
124.1 37.2 2213.0 0.0630045161 0.7872542739 -0.6134012938 -0.9980022311 0.0468102060 -0.0424308144 -0.0046903971 0.6148492098 0.7886307240
20.8 -107.2 1887.2 0.6827578545 0.1075642630 0.7226836681 -0.1204433739 0.9921418428 -0.0338811427 -0.7206490636 -0.0639098361 0.6903480291
-22.0 -501.5 1912.6 0.6761096716 0.1383490115 0.7236955762 -0.1754540503 0.9841893911 -0.0242304355 -0.7156057954 -0.1105928868 0.6896938682
151.6 -124.7 2014.3 -0.6171339750 0.2458108664 0.7474775314 0.0710955486 0.9634858966 -0.2581479847 -0.7836396694 -0.1061695591 -0.6120759249
54.0 -507.5 2056.5 -0.6308024526 0.0565016419 0.7738836408 -0.0650066137 0.9899910092 -0.1252674758 -0.7732156515 -0.1293265820 -0.6208157539
186.2 174.6 1714.7 0 0 0 0 0 0 0 0 0
140.4 -222.2 2211.7 0 0 0 0 0 0 0 0 0
-74.8 -877.3 1954.8 0 0 0 0 0 0 0 0 0
32.4 -885.4 2105.9 0 0 0 0 0 0 0 0 0
121.6 478.5 2001.9 90 0.7634689808 0.0826869160 -0.6405294538 -0.1297678649 0.9911842942 -0.0267212875 0.6326732039 0.1035210192 0.7674685717
105.0 278.6 1981.1 0.7634689808 0.0826869160 -0.6405294538 -0.1297678649 0.9911842942 -0.0267212875 0.6326732039 0.1035210192 0.7674685717
91.0 81.3 1962.4 0.7646678090 0.0700371489 -0.6406074762 -0.1141919121 0.9930714965 -0.0277345795 0.6342265606 0.0943599269 0.7673674822
-6.6 295.3 1888.5 0.2821944356 -0.4748966992 -0.8335703015 0.9186262488 0.3842495680 0.0920766592 0.2765721083 -0.7917230725 0.5446856618
-71.4 84.5 1825.1 -0.8776459694 -0.4748966992 0.0648893863 -0.2731227875 0.3842495680 -0.8819049001 0.3938800097 -0.7917230725 -0.4669402242
216.5 261.9 2073.6 -0.3073178530 0.8111307025 -0.4976170361 -0.8239535093 0.0348037109 0.5655875206 0.4760843515 0.5838284492 0.6576381922
130.8 32.1 2206.4 0.0556975007 0.8111307025 -0.5822067857 -0.9982877374 0.0348037109 -0.0470138341 -0.0178714078 0.5838284492 0.8116803169
14.0 -104.8 1889.0 0.6537325382 0.0873062015 0.7516723871 -0.1098182425 0.9937521815 -0.0199142210 -0.7487146854 -0.0695287660 0.6592359543
-20.7 -499.7 1916.6 0.6455063224 0.1501709819 0.7488459945 -0.1725751460 0.9838002324 -0.0485278666 -0.7440022826 -0.0979071558 0.6609650254
149.5 -123.6 2010.8 -0.6503064632 0.2368948311 0.7217910886 0.0705561861 0.9648628831 -0.2531035542 -0.7563883662 -0.1136680543 -0.6441709995
55.4 -506.9 2056.0 -0.6647731662 0.0714861825 0.7436171174 -0.0553948209 0.9879535437 -0.1444964260 -0.7449886203 -0.1372498870 -0.6528050303
178.0 162.1 1713.2 0 0 0 0 0 0 0 0 0
145.3 -227.2 2201.7 0 0 0 0 0 0 0 0 0
-78.1 -875.4 1954.0 0 0 0 0 0 0 0 0 0
28.1 -884.2 2108.4 0 0 0 0 0 0 0 0 0
122.3 477.6 2006.3 91 0.7353027463 0.0870580152 -0.6721240878 -0.1451036185 0.9889416695 -0.0306487866 0.6620233059 0.1200637743 0.7398039103
104.7 277.8 1982.1 0.7353027463 0.0870580152 -0.6721240878 -0.1451036185 0.9889416695 -0.0306487866 0.6620233059 0.1200637743 0.7398039103
90.5 80.8 1960.0 0.7366502285 0.0722405314 -0.6724044681 -0.1283545643 0.9911407232 -0.0341340490 0.6639816165 0.1114510372 0.7393964529
-2.7 296.5 1885.3 0.3027290702 -0.4937787354 -0.8151918054 0.9269183278 0.3515516818 0.1312775761 0.2217599750 -0.7953577638 0.5641174912
-72.5 82.7 1834.1 -0.8678445220 -0.4937787354 0.0550317094 -0.2571044862 0.3515516818 -0.9001714587 0.4251390398 -0.7953577638 -0.4320449233
212.2 259.0 2078.9 -0.3319562078 0.7860753536 -0.5214313269 -0.8285768032 0.0212138500 0.5594733357 0.4508497715 0.6177665591 0.6442817450
119.6 28.0 2204.6 0.0505508967 0.7860753536 -0.6160601974 -0.9982694983 0.0212138500 -0.0548448600 -0.0300431829 0.6177665591 0.7857874632
7.0 -105.5 1885.6 0.6835004091 0.0714713708 0.7264426947 -0.1081637889 0.9941251874 0.0039624660 -0.7218917608 -0.0812831447 0.6872156262
-21.3 -500.5 1917.9 0.6768018007 0.1504502892 0.7206275463 -0.1578438729 0.9857847691 -0.0575645454 -0.7190442681 -0.0747868493 0.6909285188
147.1 -126.5 2001.8 -0.6298915744 0.2347821146 0.7403472066 0.0363345854 0.9610806108 -0.2738683820 -0.7758327127 -0.1456071734 -0.6139072776
53.9 -508.2 2059.6 -0.6372795105 0.0561975911 0.7685809135 -0.0509027578 0.9920897484 -0.1147469804 -0.7689497471 -0.1122487858 -0.6293779016
173.1 155.4 1713.8 0 0 0 0 0 0 0 0 0
132.8 -231.4 2196.8 0 0 0 0 0 0 0 0 0
-78.8 -877.0 1946.5 0 0 0 0 0 0 0 0 0
32.4 -887.0 2102.5 0 0 0 0 0 0 0 0 0
124.1 476.1 2009.6 92 0.7357510924 0.0994173288 -0.6699153185 -0.1606663615 0.9865512848 -0.0300488267 0.6579183936 0.1297413111 0.7418292165
104.0 276.7 1983.3 0.7357510924 0.0994173288 -0.6699153185 -0.1606663615 0.9865512848 -0.0300488267 0.6579183936 0.1297413111 0.7418292165
86.9 80.3 1958.8 0.7370558977 0.0862115994 -0.6703104973 -0.1467834264 0.9885753989 -0.0342541598 0.6596993804 0.1236377060 0.7412897348
-3.6 298.1 1887.1 0.2932309508 -0.5066795349 -0.8107351065 0.9353880882 0.3273626566 0.1337265223 0.1976479143 -0.7975647449 0.5699349046
-71.2 82.5 1841.5 -0.8604697585 -0.5066795349 0.0535499789 -0.2494819909 0.3273626566 -0.9113684297 0.4442414641 -0.7975647449 -0.4080930948
211.6 255.2 2079.6 -0.3420138657 0.7883873582 -0.5113431811 -0.8293313384 0.0026265043 0.5587509871 0.4418552816 0.6151735187 0.6529360414
116.2 23.9 2202.8 0.0366728343 0.7883873582 -0.6140850782 -0.9984130859 0.0026265043 -0.0562526882 -0.0427360125 0.6151735187 0.7872325778
8.7 -104.3 1877.1 0.6778784990 0.0822089389 0.7305631042 -0.1278053671 0.9917746782 0.0069860797 -0.7239796519 -0.0981056020 0.6828094721
-24.0 -498.3 1916.0 0.6730550528 0.1309242100 0.7279118896 -0.1685578227 0.9854596257 -0.0213924721 -0.7201285958 -0.1082969382 0.6853368282
143.6 -127.9 1998.6 -0.6388650537 0.2311421335 0.7337743640 0.0269887578 0.9599441290 -0.2788886726 -0.7688452601 -0.1583685726 -0.6195129752
51.8 -509.2 2061.5 -0.6449255943 0.0512494296 0.7625250220 -0.0515478514 0.9925597906 -0.1103080511 -0.7625049353 -0.1104470119 -0.6374854445
171.5 152.8 1716.2 0 0 0 0 0 0 0 0 0
125.7 -235.4 2191.7 0 0 0 0 0 0 0 0 0
-73.9 -874.5 1957.4 0 0 0 0 0 0 0 0 0
32.2 -888.4 2103.7 0 0 0 0 0 0 0 0 0
124.5 473.2 2005.2 93 0.7626152039 0.1127731726 -0.6369460225 -0.1646408290 0.9860961437 -0.0225331634 0.6255488992 0.1220514476 0.7705790401
101.6 273.2 1980.4 0.7626152039 0.1127731726 -0.6369460225 -0.1646408290 0.9860961437 -0.0225331634 0.6255488992 0.1220514476 0.7705790401
83.0 76.7 1957.1 0.7644799352 0.0934830979 -0.6378332973 -0.1467872411 0.9886813164 -0.0310283452 0.6277132034 0.1173463389 0.7695491910
-9.9 294.6 1888.8 0.2660320699 -0.5135496855 -0.8157779574 0.9454162717 0.3042137027 0.1167992055 0.1881886274 -0.8023220897 0.5664488077
-69.6 82.6 1846.6 -0.8560156822 -0.5135496855 0.0591937825 -0.2461428940 0.3042137027 -0.9202541709 0.4545886517 -0.8023220897 -0.3868182898
213.1 251.7 2072.0 -0.3241705596 0.8141768575 -0.4816944301 -0.8276944160 0.0024566045 0.5611737370 0.4580779970 0.5806117654 0.6730932593
122.7 20.9 2199.7 0.0327532552 0.8141768575 -0.5796924233 -0.9985930324 0.0024566045 -0.0529713035 -0.0417039320 0.5806117654 0.8131117821
2.3 -102.7 1873.8 0.6473054290 0.0596933328 0.7598897219 -0.1097071245 0.9938449264 0.0153813167 -0.7542943954 -0.0933217257 0.6498700380
-21.4 -497.5 1910.9 0.6387955546 0.1301225722 0.7582930326 -0.1907270402 0.9816123247 -0.0077731716 -0.7453612685 -0.1396615207 0.6518675089
137.3 -129.6 1994.7 -0.6730797887 0.2185798287 0.7065312862 0.0189521313 0.9601113200 -0.2789751291 -0.7393270135 -0.1743822545 -0.6503740549
50.5 -511.0 2064.0 -0.6761524081 0.0523353256 0.7349006534 -0.0262466948 0.9951297045 -0.0950158387 -0.7362941504 -0.0835338980 -0.6714857221
170.9 151.7 1718.9 0 0 0 0 0 0 0 0 0
131.2 -238.6 2188.9 0 0 0 0 0 0 0 0 0
-71.1 -872.2 1964.2 0 0 0 0 0 0 0 0 0
30.5 -891.1 2095.9 0 0 0 0 0 0 0 0 0
124.3 469.8 2003.0 94 0.7635837197 0.1093878374 -0.6363758445 -0.1603484899 0.9867975712 -0.0227787402 0.6254824400 0.1194353774 0.7710427642
102.2 270.9 1978.9 0.7635837197 0.1093878374 -0.6363758445 -0.1603484899 0.9867975712 -0.0227787402 0.6254824400 0.1194353774 0.7710427642
83.8 74.4 1956.4 0.7652918696 0.0926544219 -0.6369799972 -0.1436427087 0.9892137051 -0.0286878143 0.6274513006 0.1134520844 0.7703463435
-9.5 291.9 1887.3 0.2532390952 -0.5005807877 -0.8278217316 0.9505317807 0.2878711820 0.1167026609 0.1798869222 -0.8164245486 0.5487182140
-65.7 81.0 1847.4 -0.8619293571 -0.5005807877 0.0806015879 -0.2535451949 0.2878711820 -0.9234960675 0.4390815496 -0.8164245486 -0.3750444949
213.9 249.9 2070.5 -0.3230446875 0.8147946000 -0.4814061224 -0.8260827065 0.0054267105 0.5635227561 0.4617677331 0.5797243118 0.6713346839
123.8 19.5 2199.3 0.0336539000 0.8147946000 -0.5787720680 -0.9987127185 0.0054267105 -0.0504324995 -0.0379513018 0.5797243118 0.8139284253
-5.5 -106.3 1876.4 0.6478084326 0.0462432243 0.7603984475 -0.0891370773 0.9959006906 0.0153736351 -0.7565704584 -0.0777388662 0.6492748857
-23.9 -501.9 1907.2 0.6383177638 0.1166663021 0.7608806491 -0.2106035948 0.9772028923 0.0268443841 -0.7404029369 -0.1773794591 0.6483362913
134.5 -133.2 1991.3 -0.6744706035 0.2134645432 0.7067689300 0.0128710000 0.9605442882 -0.2778291702 -0.7381895185 -0.1782907844 -0.6506063342
49.7 -514.9 2062.2 -0.6783836484 0.0479637124 0.7331405878 -0.0446935818 0.9933247566 -0.1063410491 -0.7333471775 -0.1049067080 -0.6717116237
175.8 152.1 1724.4 0 0 0 0 0 0 0 0 0
132.6 -240.0 2189.4 0 0 0 0 0 0 0 0 0
-68.4 -874.8 1974.9 0 0 0 0 0 0 0 0 0
31.4 -894.3 2102.3 0 0 0 0 0 0 0 0 0
124.8 466.9 2002.4 95 0.7460660934 0.1114379540 -0.6564807296 -0.1647290885 0.9861398935 -0.0198107604 0.6451742053 0.1229216158 0.7540825605
102.4 268.6 1977.6 0.7460660934 0.1114379540 -0.6564807296 -0.1647290885 0.9861398935 -0.0198107604 0.6451742053 0.1229216158 0.7540825605
83.3 72.1 1955.0 0.7479166389 0.0961060897 -0.6567985415 -0.1471193135 0.9888551235 -0.0228349660 0.6472840309 0.1137064025 0.7537202835
-6.8 290.1 1883.1 0.2420528829 -0.4841388166 -0.8408448100 0.9551302791 0.2713550627 0.1187121645 0.1706943363 -0.8318509459 0.5280979276
-60.3 78.8 1845.4 -0.8672844172 -0.4841388166 0.1158766225 -0.2747226357 0.2713550627 -0.9224390984 0.4151448607 -0.8318509459 -0.3683459163
211.6 247.1 2072.1 -0.3402312398 0.7996013165 -0.4948539734 -0.8229501247 0.0014244987 0.5681118369 0.4549678862 0.6005295515 0.6575473547
116.7 17.6 2199.0 0.0281012058 0.7996013165 -0.5998733640 -0.9989905357 0.0014244987 -0.0448991545 -0.0350469053 0.6005295515 0.7988341451
-4.7 -109.0 1876.3 0.6669371128 0.0455813631 0.7437185049 -0.0864359587 0.9961214066 0.0164615791 -0.7400835752 -0.0752628595 0.6682901978
-22.8 -504.8 1906.2 0.6552832723 0.1298185289 0.7441444397 -0.2232597768 0.9743956327 0.0266128369 -0.7216362357 -0.1835764647 0.6674884558
135.6 -135.4 1991.3 -0.6557751298 0.2140354216 0.7239804864 0.0126432860 0.9619492292 -0.2729355991 -0.7548503876 -0.1698308885 -0.6335285306
50.5 -517.6 2058.8 -0.6616927385 0.0576842576 0.7475528717 -0.0592253022 0.9898994565 -0.1288077086 -0.7474323511 -0.1295051575 -0.6515929103
181.5 155.4 1729.6 0 0 0 0 0 0 0 0 0
124.0 -242.0 2189.9 0 0 0 0 0 0 0 0 0
-72.4 -876.9 1976.3 0 0 0 0 0 0 0 0 0
28.5 -895.7 2108.3 0 0 0 0 0 0 0 0 0
126.4 465.4 2002.6 96 0.7266370058 0.1166367829 -0.6770483851 -0.1672873646 0.9858604074 -0.0097032962 0.6663434505 0.1203124151 0.7358745337
103.0 267.6 1978.4 0.7266370058 0.1166367829 -0.6770483851 -0.1672873646 0.9858604074 -0.0097032962 0.6663434505 0.1203124151 0.7358745337
82.5 71.2 1956.3 0.7284292579 0.1031295955 -0.6773146391 -0.1511866897 0.9884312153 -0.0120952548 0.6682316065 0.1112115011 0.7355940342
-3.4 289.6 1880.9 0.2414332777 -0.4646697342 -0.8519342542 0.9547523856 0.2708451450 0.1228445023 0.1736601442 -0.8430450559 0.5090355873
-56.9 77.9 1842.3 -0.8751240373 -0.4646697342 0.1350552291 -0.2856781483 0.2708451450 -0.9192556143 0.3905712366 -0.8430450559 -0.3697690964
209.3 245.5 2076.0 -0.3610073626 0.7829039097 -0.5066903830 -0.8170046210 -0.0035467362 0.5766202211 0.4496411681 0.6221324801 0.6409165263
108.6 17.7 2201.4 0.0187070705 0.7829039097 -0.6218612790 -0.9993973970 -0.0035467362 -0.0345294848 -0.0292388480 0.6221324801 0.7823657990
-4.3 -110.9 1873.1 0.6860184073 0.0437096581 0.7262700796 -0.0959261209 0.9949139357 0.0307320077 -0.7212328911 -0.0907509923 0.6867221594
-21.7 -506.2 1909.2 0.6755253673 0.1347175986 0.7249252796 -0.2011908740 0.9795368910 0.0054470152 -0.7093572617 -0.1495279521 0.6888059974
132.8 -137.9 1991.8 -0.6359406114 0.2201020271 0.7396855354 0.0102158794 0.9607840776 -0.2771094143 -0.7716704011 -0.1686685979 -0.6132501364
45.3 -519.7 2058.8 -0.6391542554 0.0121226581 0.7689830661 -0.0726065114 0.9944588542 -0.0760254040 -0.7656436563 -0.1044251323 -0.6347324252
186.3 157.2 1733.8 0 0 0 0 0 0 0 0 0
113.5 -242.0 2193.8 0 0 0 0 0 0 0 0 0
-73.1 -880.2 1966.3 0 0 0 0 0 0 0 0 0
40.7 -899.1 2098.6 0 0 0 0 0 0 0 0 0
128.3 464.3 2002.7 97 0.7039729357 0.1225693077 -0.6995705366 -0.1765792072 0.9842724800 -0.0052394755 0.6879258156 0.1272180527 0.7145443559
103.7 266.9 1977.2 0.7039729357 0.1225693077 -0.6995705366 -0.1765792072 0.9842724800 -0.0052394755 0.6879258156 0.1272180527 0.7145443559
81.8 70.8 1954.4 0.7060557604 0.1106466204 -0.6994587779 -0.1589715630 0.9872738123 -0.0042951414 0.6900821328 0.1142266765 0.7146599889
0.7 290.1 1876.4 0.2537642419 -0.4285894930 -0.8671301603 0.9520391822 0.2691132724 0.1456002593 0.1709534973 -0.8624900579 0.4763253033
-55.9 77.9 1838.3 -0.8918560147 -0.4285894930 0.1445818543 -0.2787739933 0.2691132724 -0.9218801856 0.3561992645 -0.8624900579 -0.3594898880
206.8 243.7 2077.9 -0.3835158050 0.7635458708 -0.5195318460 -0.8128143549 -0.0119862519 0.5823994875 0.4384614825 0.6456423402 0.6252179146
99.8 17.1 2200.2 0.0085461140 0.7635458708 -0.6456970572 -0.9995526075 -0.0119862519 -0.0274034739 -0.0286632963 0.6456423402 0.7631018162
-4.8 -111.4 1872.9 0.7067748308 0.0354400314 0.7065503001 -0.0984521434 0.9939529896 0.0486274883 -0.7005544305 -0.1039300784 0.7059900761
-18.9 -506.3 1914.2 0.6965662241 0.1562245786 0.7002780437 -0.1771156043 0.9832426310 -0.0431741513 -0.6952881217 -0.0939565152 0.7125634551
128.7 -139.1 1995.4 -0.6168379188 0.2002532780 0.7611895800 -0.0042661284 0.9662284255 -0.2576518655 -0.7870786190 -0.1621767879 -0.5951520205
49.2 -523.0 2059.9 -0.6213884950 0.0491924658 0.7819567919 -0.0692381784 0.9906747937 -0.1173434928 -0.7804373503 -0.1270571649 -0.6121879220
191.3 155.1 1739.6 0 0 0 0 0 0 0 0 0
102.1 -242.6 2192.7 0 0 0 0 0 0 0 0 0
-78.4 -881.2 1950.1 0 0 0 0 0 0 0 0 0
30.4 -900.9 2108.3 0 0 0 0 0 0 0 0 0
127.9 463.4 2002.7 98 0.6826301217 0.1179063246 -0.7211894393 -0.1763206422 0.9843146801 -0.0059691002 0.7091735601 0.1312352717 0.6927121878
104.3 266.0 1976.4 0.6826301217 0.1179063246 -0.7211894393 -0.1763206422 0.9843146801 -0.0059691002 0.7091735601 0.1312352717 0.6927121878
81.8 70.0 1953.0 0.6841984987 0.1130352914 -0.7204828262 -0.1629356146 0.9866366982 0.0000617215 0.7108617425 0.1173500791 0.6934728026
4.4 289.8 1872.6 0.2568047047 -0.3974590003 -0.8809527159 0.9499624372 0.2715268433 0.1544169486 0.1778278947 -0.8765269518 0.4473004639
-52.8 78.3 1833.0 -0.9032725096 -0.3974590003 0.1616326123 -0.2840258181 0.2715268433 -0.9195664525 0.3216023743 -0.8765269518 -0.3581513464
204.1 242.2 2080.2 -0.4012084901 0.7438476086 -0.5345301628 -0.8104081154 -0.0162673667 0.5856398940 0.4269314110 0.6681512594 0.6093467474
92.2 16.2 2199.2 0.0034920129 0.7438476086 -0.6683401465 -0.9995955229 -0.0162673667 -0.0233280044 -0.0282246154 0.6681512594 0.7434899211
-4.9 -110.9 1868.5 0.7268753052 0.0306295548 0.6860860586 -0.0999511480 0.9930862784 0.0615582168 -0.6794571280 -0.1133202389 0.7249113917
-17.1 -505.5 1913.5 0.7140163779 0.1711366326 0.6788909435 -0.1923143566 0.9803077579 -0.0448540002 -0.6731982231 -0.0985339805 0.7328678370
124.5 -140.0 1994.9 -0.5978017449 0.2058613896 0.7747607231 -0.0226260591 0.9617468715 -0.2730036080 -0.8013246059 -0.1807318032 -0.5702761412
42.7 -522.1 2066.7 -0.5988760591 0.0154141476 0.8006933928 -0.0619638413 0.9959256053 -0.0655182227 -0.7984409332 -0.0888513327 -0.5954808593
197.8 157.1 1743.8 0 0 0 0 0 0 0 0 0
93.1 -243.5 2191.9 0 0 0 0 0 0 0 0 0
-82.4 -879.6 1951.1 0 0 0 0 0 0 0 0 0
36.8 -901.8 2100.6 0 0 0 0 0 0 0 0 0
129.3 461.6 2003.2 99 0.6673448682 0.1309880167 -0.7331390977 -0.1887760609 0.9820134640 0.0036190490 0.7204265594 0.1359839588 0.6800690889
103.2 265.3 1976.1 0.6673448682 0.1309880167 -0.7331390977 -0.1887760609 0.9820134640 0.0036190490 0.7204265594 0.1359839588 0.6800690889
79.2 69.6 1951.7 0.6695082188 0.1208239645 -0.7329122424 -0.1718765348 0.9851037264 0.0053913505 0.7226459980 0.1223608628 0.6803018451
5.4 290.4 1870.6 0.2506007254 -0.3585779965 -0.8992336392 0.9465181828 0.2857509553 0.1498321891 0.2032303363 -0.8886890411 0.4110099971
-50.4 79.5 1825.3 -0.9163197279 -0.3585779965 0.1782693416 -0.2895449698 0.2857509553 -0.9135152698 0.2766258121 -0.8886890411 -0.3656636775
200.9 240.2 2081.6 -0.4170838296 0.7314043045 -0.5395264626 -0.8074333668 -0.0256634131 0.5894002914 0.4172438383 0.6814610362 0.6012640595
84.6 15.1 2197.9 -0.0060294094 0.7314043045 -0.6819174290 -0.9994959235 -0.0256634131 -0.0186884217 -0.0311691202 0.6814610362 0.7311903834
-3.3 -111.2 1864.6 0.7378759980 0.0375582427 0.6738904715 -0.1094957739 0.9918851256 0.0646111593 -0.6659952402 -0.1214631870 0.7360007167
-18.3 -505.3 1912.8 0.7256720662 0.1747359633 0.6654828787 -0.1933010966 0.9800348878 -0.0465438478 -0.6603292823 -0.0948629975 0.7449605465
122.1 -141.0 1994.8 -0.5869428515 0.1880342811 0.7874904275 -0.0312701240 0.9666660428 -0.2541238666 -0.8090242743 -0.1737811118 -0.5614978671
47.4 -525.1 2063.9 -0.5887078643 0.0448444709 0.8071010113 -0.0635167286 0.9928065538 -0.1014924794 -0.8058465719 -0.1110138372 -0.5816246867
205.7 160.4 1747.9 0 0 0 0 0 0 0 0 0
83.0 -244.6 2189.8 0 0 0 0 0 0 0 0 0
-85.0 -879.6 1949.1 0 0 0 0 0 0 0 0 0
30.2 -903.8 2106.2 0 0 0 0 0 0 0 0 0
130.7 463.5 2003.0 00 0.6261621118 0.1391869336 -0.7671688199 -0.1913440526 0.9812796116 0.0218581632 0.7558494806 0.1331064403 0.6410726905
102.9 267.7 1976.4 0.6261621118 0.1391869336 -0.7671688199 -0.1913440526 0.9812796116 0.0218581632 0.7558494806 0.1331064403 0.6410726905
78.2 72.0 1952.3 0.6286900640 0.1241455600 -0.7676826715 -0.1724694818 0.9848499894 0.0180216413 0.7582895756 0.1210718080 0.6405767202
11.2 292.8 1865.8 0.2665418684 -0.3442476988 -0.9002493620 0.9421507716 0.2900213599 0.1680461615 0.2032420486 -0.8929619789 0.4016360641
-49.1 79.6 1819.8 -0.9160395265 -0.3442476988 0.2058279216 -0.3122577071 0.2900213599 -0.9046450853 0.2517274916 -0.8929619789 -0.3731650114
194.6 242.5 2087.0 -0.4464849830 0.6941297650 -0.5646547675 -0.8002498150 -0.0274438262 0.5990384817 0.4003141522 0.7193265557 0.5677304864
70.1 19.4 2198.6 -0.0146765551 0.6941297650 -0.7197002769 -0.9996048212 -0.0274438262 -0.0060842298 -0.0239745732 0.7193265557 0.6942582726
-6.2 -110.4 1861.1 0.7715942860 0.0292356052 0.6354427934 -0.1039124876 0.9913178086 0.0805682391 -0.6275702715 -0.1281964332 0.7679331303
-17.8 -504.3 1912.1 0.7590600848 0.1752992570 0.6269752383 -0.1914332062 0.9805891514 -0.0424055606 -0.6222387552 -0.0878355131 0.7778841853
116.5 -141.9 1993.6 -0.5469634533 0.1714768559 0.8194062710 -0.0486497879 0.9706321359 -0.2355981469 -0.8357416987 -0.1687275171 -0.5225580335
48.4 -527.5 2060.7 -0.5494487882 0.0587054715 0.8334624767 -0.0844897628 0.9885115623 -0.1253251731 -0.8312445879 -0.1392788142 -0.5381764770
208.8 167.5 1749.0 0 0 0 0 0 0 0 0 0
66.3 -240.3 2192.4 0 0 0 0 0 0 0 0 0
-84.8 -878.9 1945.6 0 0 0 0 0 0 0 0 0
26.0 -904.8 2113.8 0 0 0 0 0 0 0 0 0
129.9 462.8 2006.9 01 0.6063383818 0.1439896971 -0.7820618153 -0.2116352022 0.9772203565 0.0158390515 0.7665274143 0.1559079885 0.6229995489
101.2 268.1 1975.8 0.6063383818 0.1439896971 -0.7820618153 -0.2116352022 0.9772203565 0.0158390515 0.7665274143 0.1559079885 0.6229995489
75.2 73.2 1947.4 0.6088835001 0.1313678324 -0.7823064923 -0.1935358495 0.9809919000 0.0140993241 0.7692884803 0.1428194940 0.6227341294
12.4 296.3 1863.6 0.2651413679 -0.3278264999 -0.9067689180 0.9401615858 0.2966207564 0.1676673889 0.2140006721 -0.8969648480 0.3868563175
-48.6 80.2 1814.4 -0.9194529653 -0.3278264999 0.2171082050 -0.3183604479 0.2966207564 -0.9003680944 0.2307657301 -0.8969648480 -0.3770958483
190.1 239.9 2088.0 -0.4640484452 0.6766500473 -0.5716675520 -0.8026808500 -0.0482570231 0.5944533348 0.3746498823 0.7347217202 0.5655276179
60.7 16.1 2192.5 -0.0240560807 0.6766500473 -0.7359117270 -0.9987661839 -0.0482570231 -0.0117224893 -0.0434449315 0.7347217202 0.6769760251
-4.0 -108.0 1858.8 0.7846150398 0.0310524553 0.6192051172 -0.1114375740 0.9895425439 0.0915817246 -0.6098859310 -0.1408591121 0.7798703909
