-32.1 468.6 2002.7 37 0.3912056684 0.0170721579 -0.9201449156 -0.0935190916 0.9953897595 -0.0212920234 0.9155393243 0.0943806767 0.3909986913
-35.4 273.0 1984.2 0.3912056684 0.0170721579 -0.9201449156 -0.0935190916 0.9953897595 -0.0212920234 0.9155393243 0.0943806767 0.3909986913
-38.6 75.0 1968.4 0.3914430439 0.0159928426 -0.9200633764 -0.0792183802 0.9967227578 -0.0163782779 0.9167861342 0.0792970955 0.3914270997
-90.5 284.2 1855.2 0.1818761826 -0.7891966105 -0.5865916610 0.9531726837 0.2880795002 -0.0920435041 0.2416254580 -0.5423825979 0.8046354651
-146.2 -7.9 1781.2 -0.1810797304 -0.7891966105 -0.5868380070 0.7347428799 0.2880795002 -0.6141360998 0.6537301540 -0.5423825979 0.5276911855
19.6 261.8 2113.1 0.0430400111 -0.4569221437 -0.8884648085 -0.9911905527 -0.1310200244 0.0193649717 -0.1252549589 0.8798044920 -0.4585359991
30.8 3.7 2080.5 0.7160813808 -0.4569221437 -0.5276832581 -0.6409413218 -0.1310200244 -0.7563253045 0.2764447033 0.8798044920 -0.3866812885
-78.3 -115.0 1867.1 0.9955526590 0.0599362738 -0.0726810470 -0.0589027181 0.9981309175 0.0162833165 0.0735211596 -0.0119297886 0.9972223043
-101.7 -504.5 1871.8 0.9972352386 -0.0043259962 -0.0741829202 0.0036589783 0.9999516606 -0.0091250762 0.0742188096 0.0088284146 0.9972028732
-9.5 -130.8 2037.5 0.7041829228 -0.0631448627 -0.7072051167 -0.0072974372 0.9953412414 -0.0961381793 0.7099810839 0.0728596523 0.7004415393
15.6 -526.4 2008.6 0.7041829228 0.4306342304 -0.5645179749 -0.0072974372 0.7994225621 0.6007248759 0.7099810839 -0.4189006686 0.5660822392
-93.2 -223.2 1589.6 0 0 0 0 0 0 0 0 0
215.6 -161.7 2151.8 0 0 0 0 0 0 0 0 0
-100.1 -886.8 1868.4 0 0 0 0 0 0 0 0 0
-149.0 -831.9 2168.7 0 0 0 0 0 0 0 0 0
-30.3 468.3 2006.7 38 0.4265445769 0.0122784302 -0.9043831825 -0.0969313234 0.9947696924 -0.0322112590 0.8992574811 0.1014026031 0.4255037904
-32.8 272.4 1986.8 0.4265445769 0.0122784302 -0.9043831825 -0.0969313234 0.9947696924 -0.0322112590 0.8992574811 0.1014026031 0.4255037904
-35.2 74.4 1970.2 0.4267465174 0.0124290204 -0.9042858481 -0.0806571394 0.9964439869 -0.0243676603 0.9007673860 0.0833359212 0.4262315035
-92.7 283.8 1860.1 0.1738143861 -0.7836909890 -0.5963363647 0.9510365725 0.2907386720 -0.1048828140 0.2555737495 -0.5489075184 0.7958533764
-146.1 -8.0 1781.7 -0.1845179647 -0.7836909890 -0.5931118131 0.7348375320 0.2907386720 -0.6127681136 0.6526613832 -0.5489075184 0.5222390294
27.2 261.0 2113.4 0.0447644740 -0.4220516086 -0.9054659605 -0.9903062582 -0.1380463541 0.0153867155 -0.1314902604 0.8959997892 -0.4241398871
38.9 3.1 2079.2 0.7303527594 -0.4220516086 -0.5370821953 -0.6372982264 -0.1380463541 -0.7581518292 0.2458369583 0.8959997892 -0.3697952628
-77.2 -115.8 1870.3 0.9978496432 0.0554857962 -0.0348918959 -0.0553232953 0.9984527826 0.0056062695 0.0351489782 -0.0036638791 0.9993753433
-98.7 -504.3 1871.7 0.9992997050 -0.0097939186 -0.0361136198 0.0092015034 0.9998209476 -0.0165340733 0.0362690873 0.0161901936 0.9992108941
-5.9 -130.4 2036.7 0.7111747265 -0.0573861301 -0.7006692290 -0.0123552773 0.9954886436 -0.0940729231 0.7029067278 0.0755592436 0.7072573304
16.9 -526.2 2006.7 0.7111747265 0.4403259456 -0.5480360985 -0.0123552773 0.7872587442 0.6164990067 0.7029067278 -0.4316673577 0.5653188825
-92.0 -223.5 1590.3 0 0 0 0 0 0 0 0 0
227.3 -161.3 2142.6 0 0 0 0 0 0 0 0 0
-95.0 -886.5 1865.5 0 0 0 0 0 0 0 0 0
-151.3 -827.1 2171.7 0 0 0 0 0 0 0 0 0
-31.0 470.3 2009.3 39 0.4614090621 0.0018118799 -0.8871856332 -0.1005245298 0.9936647415 -0.0502516329 0.8814740181 0.1123704761 0.4586680532
-31.3 274.0 1987.1 0.4614090621 0.0018118799 -0.8871856332 -0.1005245298 0.9936647415 -0.0502516329 0.8814740181 0.1123704761 0.4586680532
-32.7 76.1 1968.8 0.4614771008 0.0066020573 -0.8871275783 -0.0844368488 0.9957596064 -0.0365129113 0.8831247091 0.0917561278 0.4600777328
-96.2 285.9 1862.9 0.1623547673 -0.7823277116 -0.6013354659 0.9511843920 0.2861890197 -0.1155166775 0.2624675035 -0.5532262325 0.7906020284
-146.2 -7.0 1782.1 -0.1854466647 -0.7823277116 -0.5946199894 0.7408921719 0.2861890197 -0.6075974107 0.6455140114 -0.5532262325 0.5265476704
33.5 262.1 2111.2 0.0486568995 -0.3863334656 -0.9210748672 -0.9886710048 -0.1497260779 0.0105730081 -0.1419936419 0.9101255536 -0.3892419040
46.2 4.6 2074.2 0.7449137568 -0.3863334656 -0.5439209342 -0.6325330734 -0.1497260779 -0.7599236965 0.2121448070 0.9101255536 -0.3559017181
-76.5 -113.9 1869.2 0.9988572598 0.0476963334 0.0030325593 -0.0476764329 0.9988427758 -0.0063274195 -0.0033308447 0.0061756074 0.9999753833
-95.0 -501.9 1866.8 0.9998409748 -0.0177130029 0.0020548084 0.0177617203 0.9994832873 -0.0267885402 -0.0015792412 0.0268207788 0.9996390343
1.4 -131.1 2036.2 0.6737806201 -0.0394248813 -0.7378789186 -0.0210940205 0.9971424937 -0.0725389570 0.7386302948 0.0644401759 0.6710236669
17.1 -527.4 2010.6 0.6737806201 0.4678583145 -0.5719512701 -0.0210940205 0.7858875990 0.6180095077 0.7386302948 -0.4043380916 0.5393848419
-91.7 -224.5 1592.6 0 0 0 0 0 0 0 0 0
238.4 -158.6 2128.9 0 0 0 0 0 0 0 0 0
-88.2 -884.0 1856.6 0 0 0 0 0 0 0 0 0
-161.6 -827.6 2165.0 0 0 0 0 0 0 0 0 0
-31.4 468.3 2010.0 40 0.4508564472 0.0078393323 -0.8925620317 -0.1084227934 0.9930379391 -0.0460453816 0.8859869838 0.1175339296 0.4485675097
-32.9 272.4 1986.8 0.4508564472 0.0078393323 -0.8925620317 -0.1084227934 0.9930379391 -0.0460453816 0.8859869838 0.1175339296 0.4485675097
-35.5 74.7 1967.4 0.4510142207 0.0129979514 -0.8924221396 -0.0933686793 0.9950946569 -0.0326935090 0.8876195550 0.0980695114 0.4500154555
-96.3 285.6 1862.0 0.1647859365 -0.7722348571 -0.6135950685 0.9511389732 0.2891041636 -0.1084135100 0.2611135840 -0.5657491088 0.7821429372
-147.0 -7.0 1781.7 -0.1894300878 -0.7722348571 -0.6064400673 0.7451975942 0.2891041636 -0.6009153724 0.6393721700 -0.5657491088 0.5207025409
30.5 259.3 2111.6 0.0428659394 -0.3975062370 -0.9165976644 -0.9881105423 -0.1524510980 0.0199040156 -0.1476482898 0.9048466682 -0.3993150890
41.6 1.9 2073.2 0.7377852201 -0.3975062370 -0.5455838442 -0.6394143105 -0.1524510980 -0.7535967231 0.2163845450 0.9048466682 -0.3666473627
-79.5 -114.5 1866.3 0.9984288216 0.0554336682 -0.0081816819 -0.0555441044 0.9983587265 -0.0139520671 0.0073948395 0.0143845910 0.9998691678
-101.1 -502.0 1860.7 0.9999008775 -0.0105968993 -0.0092672640 0.0102806771 0.9993848801 -0.0335290246 0.0096168667 0.0334304273 0.9993947744
8.3 -129.6 2031.5 0.7313262224 -0.0249780323 -0.6815702915 -0.0252952725 0.9976482391 -0.0637034625 0.6815586090 0.0638285205 0.7289745212
18.2 -526.2 2006.1 0.7313262224 0.4418497086 -0.5195486546 -0.0252952725 0.7788183093 0.6267393231 0.6815586090 -0.4452087581 0.5807469487
-91.5 -225.4 1594.3 0 0 0 0 0 0 0 0 0
232.0 -163.1 2129.0 0 0 0 0 0 0 0 0 0
-97.0 -884.0 1847.9 0 0 0 0 0 0 0 0 0
-150.4 -823.4 2176.0 0 0 0 0 0 0 0 0 0
-31.1 468.0 2010.9 41 0.4319830537 0.0146750836 -0.9017623067 -0.1135028228 0.9928024411 -0.0382160954 0.8947110176 0.1188612729 0.4305394590
-34.0 272.4 1987.5 0.4319830537 0.0146750836 -0.9017623067 -0.1135028228 0.9928024411 -0.0382160954 0.8947110176 0.1188612729 0.4305394590
-37.5 74.7 1967.8 0.4322526753 0.0177235212 -0.9015783668 -0.0969607532 0.9949238300 -0.0269283168 0.8965245485 0.0990575477 0.4317769706
-94.8 286.1 1861.4 0.1683505625 -0.7674757838 -0.6185782552 0.9513612390 0.2907615900 -0.1018307284 0.2580114007 -0.5713481307 0.7790965438
-146.7 -6.9 1782.0 -0.1887138188 -0.7674757838 -0.6126728654 0.7492744327 0.2907615900 -0.5950172544 0.6348030567 -0.5713481307 0.5201792717
26.8 258.7 2113.6 0.0391816907 -0.4168223143 -0.9081431031 -0.9882876873 -0.1503101587 0.0263503008 -0.1474865228 0.8964741826 -0.4178297818
37.0 1.3 2075.1 0.7289031744 -0.4168223143 -0.5431016088 -0.6445245147 -0.1503101587 -0.7496632934 0.2308427095 0.8964741826 -0.3782137334
-80.7 -114.2 1865.8 0.9976614118 0.0620656163 -0.0286272243 -0.0625195503 0.9979273081 -0.0152431335 0.0276218150 0.0169972479 0.9994739294
-104.8 -501.4 1859.2 0.9995453358 -0.0045140549 -0.0298114680 0.0034884503 0.9994032383 -0.0343658589 0.0299488083 0.0342462361 0.9989646077
3.2 -131.7 2029.2 0.7274420857 -0.0325422734 -0.6853969693 -0.0138602806 0.9979740977 -0.0620937906 0.6860290766 0.0546694323 0.7255172729
16.2 -528.4 2007.5 0.7274420857 0.4328846335 -0.5323898196 -0.0138602806 0.7849988937 0.6193420887 0.6860290766 -0.4431564212 0.5770411491
-91.4 -226.3 1596.1 0 0 0 0 0 0 0 0 0
225.0 -165.0 2134.7 0 0 0 0 0 0 0 0 0
-103.1 -883.5 1846.1 0 0 0 0 0 0 0 0 0
-149.2 -828.3 2176.8 0 0 0 0 0 0 0 0 0
-32.4 469.4 2011.3 42 0.3825573921 0.0160912331 -0.9237915874 -0.1110185385 0.9934046865 -0.0286708139 0.9172375798 0.1135262251 0.3818207383
-35.6 273.3 1988.9 0.3825573921 0.0160912331 -0.9237915874 -0.1110185385 0.9934046865 -0.0286708139 0.9172375798 0.1135262251 0.3818207383
-39.3 75.5 1969.9 0.3828314543 0.0187008139 -0.9236289263 -0.0953530297 0.9952549934 -0.0193714797 0.9188840389 0.0954868272 0.3827981055
-89.3 286.7 1859.8 0.1857207268 -0.7529217005 -0.6313610077 0.9497702122 0.3022632897 -0.0810765475 0.2518815398 -0.5845903158 0.7712391615
-146.7 -6.7 1782.0 -0.1888042241 -0.7529217005 -0.6304457784 0.7517377138 0.3022632897 -0.5861120224 0.6318570375 -0.5845903158 0.5089310408
18.2 259.8 2118.1 0.0407653935 -0.4653362632 -0.8841947317 -0.9891962409 -0.1435112953 0.0299210530 -0.1408152878 0.8734223843 -0.4661591947
28.8 2.2 2081.4 0.7113340497 -0.4653362632 -0.5267504454 -0.6478669643 -0.1435112953 -0.7481129169 0.2725294232 0.8734223843 -0.4035604596
-81.3 -114.0 1865.6 0.9949747324 0.0587703027 -0.0810640231 -0.0581030361 0.9982546568 0.0105678858 0.0815436170 -0.0058047129 0.9966528416
-104.4 -506.1 1867.8 0.9965744019 -0.0022572840 -0.0826702043 0.0008334874 0.9998508096 -0.0172530711 0.0826968178 0.0171250645 0.9964275956
-1.4 -132.0 2030.3 0.6987217665 -0.0440639518 -0.7140352130 -0.0029850774 0.9979130030 -0.0645034388 0.7153873444 0.0472014062 0.6971319914
16.1 -528.7 2011.6 0.6987217665 0.4363459349 -0.5669128299 -0.0029850774 0.7942202687 0.6076226234 0.7153873444 -0.4228668511 0.5562415123
-91.4 -226.9 1596.8 0 0 0 0 0 0 0 0 0
212.4 -165.0 2151.7 0 0 0 0 0 0 0 0 0
-103.5 -888.3 1861.3 0 0 0 0 0 0 0 0 0
-150.6 -832.1 2173.1 0 0 0 0 0 0 0 0 0
-31.7 468.0 2011.6 43 0.3653687537 0.0165153239 -0.9307163358 -0.1098412648 0.9936223030 -0.0254885070 0.9243595600 0.1115437672 0.3648525774
-35.0 272.3 1989.6 0.3653687537 0.0165153239 -0.9307163358 -0.1098412648 0.9936223030 -0.0254885070 0.9243595600 0.1115437672 0.3648525774
-39.0 74.5 1971.0 0.3656550348 0.0204116534 -0.9305266142 -0.0944199711 0.9954153895 -0.0152677689 0.9259488583 0.0934430286 0.3659059107
-86.3 285.7 1859.4 0.1961668581 -0.7428435087 -0.6400797367 0.9484224916 0.3095114827 -0.0685376078 0.2490247488 -0.5936212540 0.7652453780
-146.7 -6.3 1782.8 -0.1882334054 -0.7428435087 -0.6424575448 0.7543742061 0.3095114827 -0.5788974166 0.6288781762 -0.5936212540 0.5021215677
16.4 259.0 2119.8 0.0398930386 -0.4817033410 -0.8754258752 -0.9896714091 -0.1397795975 0.0318145715 -0.1376918703 0.8651147485 -0.4823042452
26.8 1.2 2083.9 0.7039839029 -0.4817033410 -0.5218894482 -0.6496352553 -0.1397795975 -0.7472856045 0.2870204449 0.8651147485 -0.4113340378
-78.4 -113.5 1866.6 0.9926605225 0.0701823533 -0.0984860212 -0.0681134462 0.9973835945 0.0242186859 0.0999280661 -0.0173327122 0.9948436618
-106.2 -507.6 1873.4 0.9949117899 -0.0011285797 -0.1007433087 0.0002602255 0.9999626875 -0.0086321989 0.1007492915 0.0085620601 0.9948750138
-8.0 -131.1 2035.1 0.7230597734 -0.0563769378 -0.6884810328 -0.0009432843 0.9965826273 -0.0825967863 0.6907848120 0.0603718497 0.7205356359
14.4 -527.3 2011.1 0.7230597734 0.4045185745 -0.5599547029 -0.0009432843 0.8111832142 0.5847913027 0.6907848120 -0.4223108888 0.5869155526
-91.5 -227.6 1598.2 0 0 0 0 0 0 0 0 0
208.5 -166.4 2158.0 0 0 0 0 0 0 0 0 0
-105.7 -889.9 1870.1 0 0 0 0 0 0 0 0 0
-140.1 -837.1 2172.4 0 0 0 0 0 0 0 0 0
-31.5 467.6 2011.2 44 0.3826618493 0.0167884249 -0.9237359166 -0.1144653708 0.9929929972 -0.0293706711 0.9167701602 0.1169748157 0.3819022179
-34.8 272.1 1988.1 0.3826618493 0.0167884249 -0.9237359166 -0.1144653708 0.9929929972 -0.0293706711 0.9167701602 0.1169748157 0.3819022179
-38.5 74.3 1968.5 0.3829502761 0.0187761094 -0.9235781431 -0.0983431637 0.9949403405 -0.0205498971 0.9185193181 0.0986971855 0.3828592002
-88.6 285.9 1859.0 0.1882558316 -0.7528339028 -0.6307145357 0.9506212473 0.3010156155 -0.0755567923 0.2467366457 -0.5853466392 0.7723278403
-146.5 -6.3 1783.1 -0.1837758422 -0.7528339028 -0.6320344210 0.7578065395 0.3010156155 -0.5788945556 0.6260637045 -0.5853466392 0.5151830316
19.1 258.2 2117.3 0.0406843238 -0.4652266204 -0.8842561841 -0.9887389541 -0.1463016570 0.0314809829 -0.1440139413 0.8730177283 -0.4659398794
29.7 0.7 2079.8 0.7113304734 -0.4652266204 -0.5268521309 -0.6487877369 -0.1463016570 -0.7467732430 0.2703394592 0.8730177283 -0.4059021771
-76.8 -114.7 1867.5 0.9941488504 0.0725668520 -0.0800133720 -0.0710570440 0.9972391725 0.0215617809 0.0813571438 -0.0157501046 0.9965605736
-105.5 -510.0 1873.7 0.9966429472 -0.0005642585 -0.0818687454 0.0002118960 0.9999907017 -0.0043126177 0.0818704143 0.0042807925 0.9966337681
-9.6 -132.0 2037.3 0.6881970167 -0.0631270856 -0.7227723598 -0.0013764639 0.9960921407 -0.0883095115 0.7255225778 0.0617692135 0.6854207516
15.5 -528.0 2012.7 0.6881970167 0.4296926856 -0.5845930576 -0.0013764639 0.8065248728 0.5911985636 0.7255225778 -0.4060564041 0.5556394458
-92.6 -228.4 1599.7 0 0 0 0 0 0 0 0 0
213.2 -166.7 2149.5 0 0 0 0 0 0 0 0 0
-105.3 -892.3 1872.1 0 0 0 0 0 0 0 0 0
-148.6 -836.1 2167.8 0 0 0 0 0 0 0 0 0
-33.3 465.6 2012.0 45 0.3926602304 0.0118817966 -0.9196068645 -0.1194216833 0.9921095371 -0.0381729454 0.9118971229 0.1248099953 0.3909808993
-35.6 270.6 1987.4 0.3926602304 0.0118817966 -0.9196068645 -0.1194216833 0.9921095371 -0.0381729454 0.9118971229 0.1248099953 0.3909808993
-39.4 73.0 1966.4 0.3928857744 0.0188885108 -0.9193932414 -0.1048617586 0.9941877723 -0.0243856125 0.9135889411 0.1059899554 0.3925829232
-90.9 285.4 1859.0 0.1819260567 -0.7621820569 -0.6212740541 0.9522098899 0.2942043245 -0.0820981637 0.2453552634 -0.5766475201 0.7792807221
-146.6 -6.3 1783.8 -0.1814539582 -0.7621820569 -0.6214120984 0.7579653263 0.2942043245 -0.5821789503 0.6265484691 -0.5766475201 0.5243230462
19.6 255.8 2115.9 0.0400758982 -0.4556848705 -0.8892385364 -0.9875839353 -0.1533516794 0.0340760387 -0.1518941671 0.8768321276 -0.4561727941
30.0 -1.5 2076.4 0.7148095369 -0.4556848705 -0.5304701924 -0.6500705481 -0.1533516794 -0.7442389131 0.2577899098 0.8768321276 -0.4058445394
-77.4 -114.4 1864.6 0.9949896336 0.0738054439 -0.0674414709 -0.0712279305 0.9966633916 0.0398586616 0.0701582283 -0.0348552391 0.9969267249
-106.7 -510.0 1878.5 0.9975124598 -0.0002821195 -0.0704902112 0.0001305453 0.9999976754 -0.0021548844 0.0704906583 0.0021403218 0.9975101352
-7.1 -132.5 2033.1 0.6726560593 -0.0615507998 -0.7373908758 0.0038007048 0.9968086481 -0.0797376260 0.7399455309 0.0508333929 0.6707432866
17.3 -528.8 2012.9 0.6726560593 0.4434454441 -0.5923596621 0.0038007048 0.7984532714 0.6020447612 0.7399455309 -0.4072204232 0.5353990197
-93.4 -228.7 1600.0 0 0 0 0 0 0 0 0 0
214.5 -169.2 2142.9 0 0 0 0 0 0 0 0 0
-106.6 -892.3 1877.7 0 0 0 0 0 0 0 0 0
-152.1 -833.9 2168.5 0 0 0 0 0 0 0 0 0
-33.0 466.3 2012.4 46 0.3918946087 0.0110927112 -0.9199432731 -0.1128051355 0.9929617643 -0.0360816680 0.9130682349 0.1179145351 0.3903876841
-35.2 270.5 1989.1 0.3918946087 0.0110927112 -0.9199432731 -0.1128051355 0.9929617643 -0.0360816680 0.9130682349 0.1179145351 0.3903876841
-37.9 72.8 1969.2 0.3920820951 0.0136391688 -0.9198291302 -0.0977365300 0.9948484898 -0.0269091651 0.9147235751 0.1004515067 0.3913953006
-90.3 284.3 1860.5 0.1839378476 -0.7597869635 -0.6236109734 0.9511536360 0.2976136804 -0.0820541233 0.2479388118 -0.5780569911 0.7774165273
-146.7 -7.0 1784.5 -0.1805296242 -0.7597869635 -0.6246061325 0.7575538754 0.2976136804 -0.5809804201 0.6273126602 -0.5780569911 0.5218514800
20.0 256.7 2117.8 0.0453576632 -0.4561743438 -0.8887337446 -0.9881987572 -0.1507853568 0.0269619823 -0.1463074088 0.8770226836 -0.4576301873
31.8 -0.7 2079.7 0.7177534699 -0.4561743438 -0.5260559916 -0.6449426413 -0.1507853568 -0.7492080927 0.2624479532 0.8770226836 -0.4024330080
-79.2 -115.0 1861.5 0.9952329397 0.0694107860 -0.0685096830 -0.0657998770 0.9963907003 0.0536282584 0.0719847828 -0.0488646813 0.9962080121
-106.8 -510.8 1880.9 0.9973893166 -0.0001410570 -0.0722119585 0.0000634118 0.9999994040 -0.0010775327 0.0722120628 0.0010701405 0.9973887205
-7.1 -134.3 2029.1 0.6654931307 -0.0570936836 -0.7442171574 0.0135091338 0.9978282452 -0.0644696951 0.7462816834 0.0328504071 0.6648191214
15.6 -530.9 2016.1 0.6654931307 0.4257387221 -0.6130786538 0.0135091338 0.8143717647 0.5801863074 0.7462816834 -0.3943921626 0.5362074375
-93.7 -229.1 1600.6 0 0 0 0 0 0 0 0 0
217.0 -167.1 2147.4 0 0 0 0 0 0 0 0 0
-106.7 -893.2 1880.5 0 0 0 0 0 0 0 0 0
-147.1 -842.1 2166.8 0 0 0 0 0 0 0 0 0
-33.2 463.3 2010.6 47 0.3733423054 0.0116347698 -0.9276207089 -0.1081439108 0.9936498404 -0.0310620591 0.9213687778 0.1119133085 0.3722297549
-35.5 267.2 1988.5 0.3733423054 0.0116347698 -0.9276207089 -0.1081439108 0.9936498404 -0.0310620591 0.9213687778 0.1119133085 0.3722297549
-37.9 69.4 1969.2 0.3735022545 0.0123945242 -0.9275464416 -0.0949048921 0.9951744080 -0.0249178652 0.9227616787 0.0973355770 0.3728761971
-88.0 280.6 1858.7 0.1958979517 -0.7502525449 -0.6314626336 0.9499732852 0.3049311638 -0.0675852746 0.2432586700 -0.5866327882 0.7724552751
-147.5 -7.9 1784.8 -0.1816599369 -0.7502525449 -0.6357049346 0.7580646873 0.3049311638 -0.5765023232 0.6263685822 -0.5866327882 0.5133461952
17.1 253.8 2118.3 0.0475191288 -0.4738641679 -0.8793148994 -0.9887230992 -0.1474734992 0.0260420293 -0.1420160234 0.8681614399 -0.4755282700
29.4 -3.7 2081.3 0.7118151784 -0.4738641679 -0.5184321404 -0.6445604563 -0.1474734992 -0.7501955628 0.2790358067 0.8681614399 -0.4104079604
-76.6 -116.0 1865.3 0.9930146933 0.0760153159 -0.0902414024 -0.0732352287 0.9967440367 0.0337333940 0.0925118402 -0.0268889070 0.9953484535
-106.8 -512.1 1876.0 0.9956847429 -0.0000705278 -0.0928003490 0.0000205693 0.9999998808 -0.0005393010 0.0928003713 0.0005350649 0.9956845641
-4.6 -134.0 2033.1 0.6795305014 -0.0498377196 -0.7319525480 0.0035234818 0.9979001880 -0.0646746233 0.7336388230 0.0413693599 0.6782792211
15.2 -530.7 2016.7 0.6795305014 0.4141945541 -0.6055420637 0.0035234818 0.8235338330 0.5672562718 0.7336388230 -0.3876015246 0.5581569076
-94.4 -229.6 1601.6 0 0 0 0 0 0 0 0 0
213.1 -170.0 2153.3 0 0 0 0 0 0 0 0 0
-106.7 -894.4 1875.8 0 0 0 0 0 0 0 0 0
-143.1 -845.4 2164.8 0 0 0 0 0 0 0 0 0
-31.6 465.9 2011.2 48 0.3664531410 0.0203153901 -0.9302147031 -0.1099368483 0.9937036633 -0.0216070805 0.9239188433 0.1101828516 0.3663792312
-35.6 269.4 1989.4 0.3664531410 0.0203153901 -0.9302147031 -0.1099368483 0.9937036633 -0.0216070805 0.9239188433 0.1101828516 0.3663792312
-38.9 71.6 1970.9 0.3667733073 0.0167806745 -0.9301589727 -0.0927683339 0.9955136180 -0.0186199974 0.9256734848 0.0931186154 0.3666845262
-87.2 282.5 1859.2 0.1973610371 -0.7554636002 -0.6247586608 0.9508481622 0.3026344478 -0.0655756220 0.2386134863 -0.5811085105 0.7780594230
-148.0 -10.3 1785.7 -0.1837888956 -0.7554636002 -0.6288850307 0.7534357309 0.3026344478 -0.5837353468 0.6313130856 -0.5811085105 0.5135724545
16.0 256.3 2119.6 0.0434654206 -0.4804604352 -0.8759386539 -0.9895588160 -0.1413032562 0.0284027141 -0.1374193728 0.8655582666 -0.4815856814
27.3 -1.4 2083.8 0.7066374421 -0.4804604352 -0.5194432735 -0.6469186544 -0.1413032562 -0.7493528128 0.2866353691 0.8655582666 -0.4106689692
-74.6 -119.7 1865.2 0.9918890595 0.0819733888 -0.0971414745 -0.0789819509 0.9962872863 0.0342563912 0.0995889306 -0.0263061170 0.9946808815
-107.2 -515.7 1875.7 0.9949952364 -0.0000352637 -0.0999222696 0.0000083549 0.9999999404 -0.0002697158 0.0999222770 0.0002675311 0.9949952364
-6.1 -137.1 2034.5 0.6606659889 -0.0528820306 -0.7488150597 0.0060914052 0.9978604317 -0.0650955141 0.7506552935 0.0384450555 0.6595745683
14.9 -533.8 2019.2 0.6606659889 0.4297454655 -0.6154992580 0.0060914052 0.8168262243 0.5768516660 0.7506552935 -0.3848555088 0.5370315313
-94.4 -229.7 1601.8 0 0 0 0 0 0 0 0 0
209.6 -168.3 2157.8 0 0 0 0 0 0 0 0 0
-107.2 -898.0 1875.6 0 0 0 0 0 0 0 0 0
-149.3 -846.0 2166.3 0 0 0 0 0 0 0 0 0
-32.4 467.0 2011.5 49 0.3861619830 0.0188094135 -0.9222391844 -0.1109888330 0.9934759736 -0.0262111705 0.9157294035 0.1124800071 0.3857302964
-36.1 271.2 1989.3 0.3861619830 0.0188094135 -0.9222391844 -0.1109888330 0.9934759736 -0.0262111705 0.9157294035 0.1124800071 0.3857302964
-39.6 73.4 1970.5 0.3864650726 0.0178301893 -0.9221316576 -0.0945379660 0.9953126907 -0.0203756224 0.9174460769 0.0950509161 0.3863392174
-90.4 284.6 1860.3 0.1877261847 -0.7678838372 -0.6124649048 0.9528277516 0.2937723994 -0.0762694329 0.2384913564 -0.5692558289 0.7868098021
-148.4 -9.5 1786.7 -0.1798791289 -0.7678838372 -0.6148153543 0.7540056109 0.2937723994 -0.5875145197 0.6317586899 -0.5692558289 0.5261452198
18.2 257.9 2118.4 0.0414544567 -0.4618100524 -0.8860095739 -0.9891969562 -0.1437652260 0.0286516137 -0.1406089813 0.8752502799 -0.4627808034
29.0 0.2 2081.7 0.7131763697 -0.4618100524 -0.5273622274 -0.6468831301 -0.1437652260 -0.7489150763 0.2700401545 0.8752502799 -0.4012670815
-75.9 -117.8 1867.5 0.9941042066 0.0765751824 -0.0767659545 -0.0750873163 0.9969322681 0.0220886003 0.0782218948 -0.0161942206 0.9968044162
-106.4 -514.1 1873.9 0.9969177842 -0.0000176318 -0.0784534588 0.0000070831 1.0000000000 -0.0001347362 0.0784534588 0.0001337652 0.9969177842
-8.6 -134.8 2037.3 0.6779891253 -0.0733963400 -0.7313984632 0.0056974422 0.9954974055 -0.0946174487 0.7350498438 0.0599825010 0.6753545403
20.5 -530.5 2013.5 0.6779891253 0.4437413812 -0.5860242248 0.0056974422 0.7940375805 0.6078419685 0.7350498438 -0.4154490829 0.5358206034
-96.0 -229.1 1602.7 0 0 0 0 0 0 0 0 0
213.0 -166.7 2151.4 0 0 0 0 0 0 0 0 0
-106.4 -896.4 1873.9 0 0 0 0 0 0 0 0 0
-148.9 -833.7 2172.2 0 0 0 0 0 0 0 0 0
-31.4 465.5 2011.6 50 0.4296150208 0.0149656953 -0.9028881192 -0.1106481552 0.9932006598 -0.0361862928 0.8962075114 0.1154490784 0.4283498526
-34.3 269.1 1988.8 0.4296150208 0.0149656953 -0.9028881192 -0.1106481552 0.9932006598 -0.0361862928 0.8962075114 0.1154490784 0.4283498526
-36.9 71.3 1969.9 0.4298890829 0.0131536564 -0.9027858973 -0.0912672877 0.9954053164 -0.0289565790 0.8982570171 0.0948429406 0.4291143715
-94.8 282.0 1862.5 0.1764906049 -0.7735605240 -0.6086502671 0.9530819654 0.2888073623 -0.0906924158 0.2459387481 -0.5640872121 0.7882384062
-148.6 -9.0 1787.5 -0.1733597666 -0.7735605240 -0.6095494032 0.7597251534 0.2888073623 -0.5825873017 0.6267089248 -0.5640872121 0.5376258492
26.1 256.2 2115.1 0.0438721217 -0.4189452827 -0.9069509506 -0.9887318015 -0.1482654065 0.0206597000 -0.1431247443 0.8958248496 -0.4207292497
37.5 -1.3 2077.8 0.7309407592 -0.4189452827 -0.5387118459 -0.6403925419 -0.1482654065 -0.7536011934 0.2358453423 0.8958248496 -0.3766626716
-78.6 -115.8 1867.4 0.9972540140 0.0676416829 -0.0301494952 -0.0670173839 0.9975253344 0.0212587081 0.0315128602 -0.0191797931 0.9993193150
-105.5 -512.4 1875.0 0.9995009899 -0.0000088159 -0.0315883718 0.0000066988 1.0000000000 -0.0000671276 0.0315883718 0.0000668825 0.9995009899
-7.7 -133.1 2035.7 0.7037395239 -0.0549270883 -0.7083316445 0.0004452694 0.9970408082 -0.0768724605 0.7104579806 0.0537827872 0.7016814947
14.1 -529.4 2014.4 0.7037395239 0.4028825462 -0.5851806402 0.0004452694 0.8234163523 0.5674374700 0.7104579806 -0.3995887339 0.5792912245
-98.1 -230.4 1604.8 0 0 0 0 0 0 0 0 0
226.1 -166.5 2138.6 0 0 0 0 0 0 0 0 0
-105.5 -894.7 1875.0 0 0 0 0 0 0 0 0 0
-139.6 -843.6 2166.8 0 0 0 0 0 0 0 0 0
-32.3 464.6 2011.7 51 0.4352394044 0.0032674533 -0.9003088474 -0.1062786803 0.9931880236 -0.0477741323 0.8940198421 0.1164768189 0.4326218367
-33.0 268.9 1988.8 0.4352394044 0.0032674533 -0.9003088474 -0.1062786803 0.9931880236 -0.0477741323 0.8940198421 0.1164768189 0.4326218367
-34.8 71.1 1969.6 0.4353366196 0.0091697257 -0.9002210498 -0.0907368958 0.9953031540 -0.0337410867 0.8956834674 0.0963719934 0.4341239333
-94.2 281.7 1862.8 0.1774064749 -0.7777032256 -0.6030793190 0.9528272152 0.2890776992 -0.0924902111 0.2462667078 -0.5582219958 0.7923010588
-148.4 -9.5 1787.5 -0.1637740433 -0.7777032256 -0.6069231629 0.7641593814 0.2890776992 -0.5766233802 0.6238898635 -0.5582219958 0.5469457507
28.2 256.1 2114.7 0.0475531332 -0.4132306874 -0.9093838930 -0.9882938266 -0.1515893340 0.0172038432 -0.1449620575 0.8979204297 -0.4156018794
40.6 -1.3 2076.9 0.7351517081 -0.4132306874 -0.5373940468 -0.6374363899 -0.1515893340 -0.7554439306 0.2307094038 0.8979204297 -0.3748494387
-79.0 -118.3 1868.7 0.9973635077 0.0681577921 -0.0249108467 -0.0677903891 0.9975821376 0.0153080327 0.0258939788 -0.0135789569 0.9995724559
-106.1 -514.9 1874.1 0.9996631145 -0.0000044079 -0.0259559602 0.0000035385 1.0000000000 -0.0000335444 0.0259559602 0.0000334412 0.9996631145
-0.2 -135.0 2033.4 0.6928705573 -0.0380906947 -0.7200551629 -0.0047245082 0.9983425140 -0.0573581494 0.7210465074 0.0431436785 0.6915421486
15.0 -531.8 2016.2 0.6928705573 0.4212498069 -0.5852170587 -0.0047245082 0.8142390847 0.5805104375 0.7210465074 -0.3994537294 0.5661525130
-100.8 -231.6 1606.2 0 0 0 0 0 0 0 0 0
230.3 -165.8 2136.5 0 0 0 0 0 0 0 0 0
-106.1 -897.2 1874.1 0 0 0 0 0 0 0 0 0
-145.9 -842.7 2168.8 0 0 0 0 0 0 0 0 0
-30.4 465.6 2011.7 52 0.4097779095 0.0174454655 -0.9120184779 -0.1078432873 0.9937317371 -0.0294464268 0.9057880044 0.1104215682 0.4090906978
-33.8 269.7 1990.0 0.4097779095 0.0174454655 -0.9120184779 -0.1078432873 0.9937317371 -0.0294464268 0.9057880044 0.1104215682 0.4090906978
-37.4 71.8 1972.3 0.4101261199 0.0182453617 -0.9118462801 -0.0884323642 0.9958844185 -0.0198478065 0.9077314138 0.0887768269 0.4100517035
-91.5 282.2 1862.3 0.1858436018 -0.7741518617 -0.6051041484 0.9530000687 0.2919805348 -0.0808593109 0.2392760068 -0.5616371036 0.7920295000
-148.4 -9.8 1789.0 -0.1635823846 -0.7741518617 -0.6114978790 0.7648432851 0.2919805348 -0.5742492080 0.6231015325 -0.5616371036 0.5443419814
23.8 257.2 2117.6 0.0398353226 -0.4388518333 -0.8976759911 -0.9899241328 -0.1395033300 0.0242708325 -0.1358800828 0.8876643181 -0.4399871826
34.2 -0.6 2082.2 0.7211998701 -0.4388518333 -0.5359848738 -0.6439455152 -0.1395033300 -0.7522453070 0.2553525567 0.8876643181 -0.3832064569
-76.5 -118.5 1868.3 0.9957588911 0.0766242445 -0.0509212352 -0.0751311406 0.9967034459 0.0306188371 0.0530995168 -0.0266632084 0.9982331991
-107.0 -514.7 1878.9 0.9985811710 -0.0000022040 -0.0532512851 0.0000013105 1.0000000000 -0.0000168143 0.0532512851 0.0000167206 0.9985811710
3.3 -135.1 2032.6 0.7337077260 -0.0307369921 -0.6787695885 -0.0068472023 0.9985910654 -0.0526209958 0.6794306636 0.0432561040 0.7324635386
15.5 -532.1 2015.4 0.7337077260 0.4113587737 -0.5407928228 -0.0068472023 0.8003454804 0.5995000005 0.6794306636 -0.4361548722 0.5900363326
-100.9 -232.0 1608.0 0 0 0 0 0 0 0 0 0
220.3 -166.8 2148.1 0 0 0 0 0 0 0 0 0
-107.0 -897.1 1878.9 0 0 0 0 0 0 0 0 0
-141.5 -837.7 2181.9 0 0 0 0 0 0 0 0 0
-30.7 462.9 2009.8 53 0.3766502440 0.0196008757 -0.9261481166 -0.1056087911 0.9941663742 -0.0219090730 0.9203159213 0.1060614437 0.3765230477
-34.5 266.8 1988.8 0.3766502440 0.0196008757 -0.9261481166 -0.1056087911 0.9941663742 -0.0219090730 0.9203159213 0.1060614437 0.3765230477
-39.3 69.0 1971.2 0.3769667447 0.0240759552 -0.9259138107 -0.0911900103 0.9957701564 -0.0112337489 0.9217268825 0.0886688381 0.3775677085
-87.5 279.7 1859.3 0.2019546330 -0.7680314183 -0.6077352166 0.9526650906 0.2980299890 -0.0600611344 0.2272521555 -0.5668385029 0.7918652892
-149.1 -10.7 1790.0 -0.1639097631 -0.7680314183 -0.6190810204 0.7641536593 0.2980299890 -0.5720553994 0.6238611937 -0.5668385029 0.5380439758
18.5 254.0 2118.4 0.0356849432 -0.4711972177 -0.8813056946 -0.9903801084 -0.1346489191 0.0318896547 -0.1336931735 0.8716896772 -0.4714692831
27.8 -4.0 2083.6 0.7058857083 -0.4711972177 -0.5288653970 -0.6501409411 -0.1346489191 -0.7477876544 0.2811443210 0.8716896772 -0.4013913572
-78.7 -118.1 1871.4 0.9938783050 0.0674334317 -0.0875136033 -0.0667084232 0.9977098107 0.0111862030 0.0880675092 -0.0052798297 0.9961005449
-105.5 -514.7 1873.5 0.9960970283 -0.0000011020 -0.0882646739 0.0000003598 1.0000000000 -0.0000084249 0.0882646739 0.0000083603 0.9960970283
-3.5 -134.3 2037.9 0.7141929269 -0.0499612316 -0.6981635094 -0.0049790782 0.9970614314 -0.0764440373 0.6999311447 0.0580720045 0.7118455172
16.4 -530.6 2014.8 0.7141929269 0.4201028347 -0.5598589182 -0.0049790782 0.8028858900 0.5961119533 0.6999311447 -0.4229513705 0.5755071640
-101.4 -232.8 1608.7 0 0 0 0 0 0 0 0 0
209.9 -171.7 2156.1 0 0 0 0 0 0 0 0 0
-105.5 -897.0 1873.5 0 0 0 0 0 0 0 0 0
-144.1 -837.3 2176.4 0 0 0 0 0 0 0 0 0
-30.4 466.5 2011.3 54 0.3875327408 0.0191129986 -0.9216578007 -0.1051047519 0.9941816330 -0.0235768016 0.9158446193 0.1060073972 0.3872868121
-34.2 270.5 1990.4 0.3875327408 0.0191129986 -0.9216578007 -0.1051047519 0.9941816330 -0.0235768016 0.9158446193 0.1060073972 0.3872868121
-39.3 72.6 1972.6 0.3878165781 0.0256596189 -0.9213793278 -0.0924907476 0.9956505299 -0.0112021500 0.9170843959 0.0895634443 0.3885030448
-88.7 283.6 1861.4 0.1943151653 -0.7785730958 -0.5967122912 0.9535637498 0.2926313877 -0.0712957233 0.2301256806 -0.5551493764 0.7992817760
-149.0 -12.2 1790.0 -0.1580807865 -0.7785730958 -0.6073173881 0.7646450400 0.2926313877 -0.5741818547 0.6247626543 -0.5551493764 0.5490726829
20.3 257.4 2119.3 0.0335662887 -0.4609040916 -0.8868149519 -0.9902377725 -0.1354465485 0.0329147168 -0.1352865398 0.8770528436 -0.4609510899
29.1 -0.5 2084.1 0.7088195086 -0.4609040916 -0.5339871645 -0.6508459449 -0.1354465485 -0.7470300198 0.2719824612 0.8770528436 -0.3959847093
-78.7 -120.7 1869.1 0.9948229790 0.0690739378 -0.0745390803 -0.0672379434 0.9973751307 0.0268688351 0.0761993602 -0.0217178799 0.9968560338
-106.1 -517.1 1877.7 0.9970793724 -0.0000005510 -0.0763724744 0.0000002301 1.0000000000 -0.0000042100 0.0763724744 0.0000041802 0.9970793724
-9.6 -137.3 2038.0 0.7033124566 -0.0610157363 -0.7082574964 0.0022139461 0.9964928627 -0.0836484581 0.7108774185 0.0572629571 0.7009809017
14.7 -533.5 2015.3 0.7033124566 0.4228146970 -0.5714712143 0.0022139461 0.8025850058 0.5965336561 0.7108774185 -0.4208147526 0.5635319352
-103.1 -234.3 1608.6 0 0 0 0 0 0 0 0 0
212.0 -168.4 2154.3 0 0 0 0 0 0 0 0 0
-106.1 -899.4 1877.7 0 0 0 0 0 0 0 0 0
-146.9 -840.2 2176.1 0 0 0 0 0 0 0 0 0
-30.9 466.5 2010.5 55 0.3878823817 0.0038167872 -0.9217009544 -0.0910836384 0.9952554703 -0.0342096463 0.9171973467 0.0972212031 0.3863897324
-31.7 269.8 1991.3 0.3878823817 0.0038167872 -0.9217009544 -0.0910836384 0.9952554703 -0.0342096463 0.9171973467 0.0972212031 0.3863897324
-33.8 71.8 1975.2 0.3879705667 0.0106203873 -0.9216105938 -0.0789178312 0.9966440797 -0.0217370000 0.9182869196 0.0811648220 0.3875067234
-86.2 281.0 1862.2 0.2050223947 -0.7674155235 -0.6074860096 0.9507925510 0.3034648895 -0.0624703690 0.2322914004 -0.5647853613 0.7918700576
-149.3 -11.6 1790.7 -0.1573938876 -0.7674155235 -0.6215308309 0.7647710443 0.3034648895 -0.5683610439 0.6247819066 -0.5647853613 0.5391336679
22.9 258.7 2120.5 0.0485769436 -0.4599584937 -0.8866106272 -0.9907301068 -0.1349326074 0.0157191418 -0.1268628389 0.8776282668 -0.4622493386
35.5 0.7 2087.4 0.7181401849 -0.4599584937 -0.5222191215 -0.6378236413 -0.1349326074 -0.7582705617 0.2783086002 0.8776282668 -0.3902729154
-79.9 -116.8 1870.7 0.9949738979 0.0638610050 -0.0771278813 -0.0625820160 0.9978610277 0.0188898649 0.0781692341 -0.0139681045 0.9968422651
-105.3 -513.5 1876.2 0.9969280362 -0.0000002755 -0.0783228874 0.0000001109 1.0000000000 -0.0000021052 0.0783228874 0.0000020901 0.9969280362
-8.8 -133.8 2038.9 0.6876305938 -0.0671127811 -0.7229523063 -0.0010500312 0.9956258535 -0.0934242159 0.7260599732 0.0650004670 0.6845523119
17.9 -529.6 2013.0 0.6876305938 0.4364148080 -0.5802640319 -0.0010500312 0.7997917533 0.6002766490 0.7260599732 -0.4121592641 0.5504195094
-103.5 -234.3 1608.7 0 0 0 0 0 0 0 0 0
220.8 -163.9 2159.2 0 0 0 0 0 0 0 0 0
-105.3 -895.9 1876.2 0 0 0 0 0 0 0 0 0
-148.9 -835.3 2170.6 0 0 0 0 0 0 0 0 0
-31.5 464.6 2010.2 56 0.3907253146 -0.0049588182 -0.9204939604 -0.0847003758 0.9955495000 -0.0413162187 0.9166021943 0.0941094756 0.3885663748
-30.5 268.2 1991.6 0.3907253146 -0.0049588182 -0.9204939604 -0.0847003758 0.9955495000 -0.0413162187 0.9166021943 0.0941094756 0.3885663748
-30.9 70.1 1976.5 0.3907045722 0.0019797408 -0.9205139875 -0.0708247572 0.9970980287 -0.0279165357 0.9177874327 0.0761023015 0.3897109628
-85.5 278.2 1862.5 0.2083775550 -0.7617979646 -0.6133862138 0.9497427344 0.3073962927 -0.0591287911 0.2335968316 -0.5702379942 0.7875666022
-149.2 -12.1 1791.1 -0.1588409394 -0.7617979646 -0.6280393600 0.7647442222 0.3073962927 -0.5662806630 0.6244484186 -0.5702379942 0.5337534547
24.4 258.2 2120.7 0.0570606776 -0.4567842185 -0.8877456188 -0.9908928871 -0.1345384568 0.0055353967 -0.1219644099 0.8793449998 -0.4603011012
39.3 0.1 2088.9 0.7243776321 -0.4567842185 -0.5163576603 -0.6300300956 -0.1345384568 -0.7648277283 0.2798912525 0.8793449998 -0.3852444589
-71.5 -119.1 1874.8 0.9927008152 0.0935495943 -0.0761153325 -0.0931214467 0.9956126213 0.0091625554 0.0766385347 -0.0020077068 0.9970569015
-108.7 -514.7 1875.6 0.9970331788 -0.0000001377 -0.0769731030 0.0000000569 1.0000000000 -0.0000010525 0.0769731030 0.0000010450 0.9970331788
-0.3 -133.6 2043.3 0.6838499308 -0.0468675680 -0.7281158566 -0.0189259332 0.9964595437 -0.0819157138 0.7293772101 0.0697983280 0.6805417538
18.3 -529.7 2015.6 0.6838499308 0.4453543127 -0.5779349804 -0.0189259332 0.8026620746 0.5961337090 0.7293772101 -0.3967280388 0.5573291183
-103.0 -234.6 1609.4 0 0 0 0 0 0 0 0 0
226.1 -162.4 2161.1 0 0 0 0 0 0 0 0 0
-108.7 -897.1 1875.6 0 0 0 0 0 0 0 0 0
-151.9 -836.4 2167.2 0 0 0 0 0 0 0 0 0
-32.6 465.4 2011.0 57 0.3876522779 -0.0078336773 -0.9217724204 -0.0851246342 0.9953868389 -0.0442585349 0.9178668261 0.0956224576 0.3851971328
-31.1 269.3 1992.1 0.3876522779 -0.0078336773 -0.9217724204 -0.0851246342 0.9953868389 -0.0442585349 0.9178668261 0.0956224576 0.3851971328
-30.9 71.2 1977.0 0.3875883818 -0.0006426406 -0.9218323231 -0.0701054186 0.9970831871 -0.0301712267 0.9191629291 0.0763194561 0.3864127994
-85.6 279.2 1862.8 0.2079021186 -0.7677979469 -0.6060222983 0.9501006007 0.3058184385 -0.0615140051 0.2325631231 -0.5629932284 0.7930656075
-149.5 -12.8 1791.4 -0.1533287168 -0.7677979469 -0.6220744252 0.7654849291 0.3058184385 -0.5661341548 0.6249185205 -0.5629932284 0.5408470035
23.5 259.4 2121.4 0.0598317720 -0.4596050978 -0.8861057162 -0.9907289147 -0.1358076036 0.0035444987 -0.1219689623 0.8776784539 -0.4634696543
39.0 1.4 2089.7 0.7248559594 -0.4596050978 -0.5131734610 -0.6283828020 -0.1358076036 -0.7659577727 0.2823452353 0.8776784539 -0.3872489035
-67.1 -121.6 1877.2 0.9911991358 0.1050933003 -0.0804966837 -0.1053810343 0.9944316745 0.0006772547 0.0801196322 0.0078115296 0.9967546463
-108.9 -516.9 1874.1 0.9967491031 -0.0000000689 -0.0805682987 0.0000000266 1.0000000000 -0.0000005264 0.0805682987 0.0000005225 0.9967491031
4.5 -134.6 2045.6 0.7001290917 -0.0293375161 -0.7134133577 -0.0310032256 0.9969640970 -0.0714238286 0.7133429050 0.0721240118 0.6970940232
16.2 -530.9 2016.9 0.7001290917 0.4304954410 -0.5696428418 -0.0310032256 0.8153773546 0.5780990720 0.7133429050 -0.3870832026 0.5842161775
-104.9 -235.1 1609.9 0 0 0 0 0 0 0 0 0
226.1 -160.8 2162.5 0 0 0 0 0 0 0 0 0
-108.9 -899.2 1874.1 0 0 0 0 0 0 0 0 0
-148.3 -842.5 2164.8 0 0 0 0 0 0 0 0 0
-33.0 464.7 2010.9 58 0.3722040057 -0.0092465160 -0.9281048775 -0.0858039558 0.9953255057 -0.0443267450 0.9241763353 0.0961336643 0.3696707487
-31.1 268.6 1991.9 0.3722040057 -0.0092465160 -0.9281048775 -0.0858039558 0.9953255057 -0.0443267450 0.9241763353 0.0961336643 0.3696707487
-30.9 70.5 1977.0 0.3721194863 -0.0010982171 -0.9281842113 -0.0695249215 0.9971570373 -0.0290531497 0.9255773425 0.0753431767 0.3709852099
-83.5 278.5 1861.8 0.2158276141 -0.7662179470 -0.6052507758 0.9493267536 0.3096970320 -0.0535389446 0.2284668684 -0.5630255938 0.7942323685
-149.7 -12.8 1791.7 -0.1483065784 -0.7662179470 -0.6252321601 0.7673080564 0.3096970320 -0.5615389943 0.6238937974 -0.5630255938 0.5419951081
21.2 258.8 2122.1 0.0610469840 -0.4743163288 -0.8782353401 -0.9908947945 -0.1345847398 0.0038083189 -0.1200034171 0.8700063229 -0.4782135785
37.1 0.7 2090.9 0.7195208073 -0.4743163288 -0.5072610974 -0.6286921501 -0.1345847398 -0.7659198046 0.2950186729 0.8700063229 -0.3950354755
-66.3 -120.6 1877.5 0.9893556833 0.1087453961 -0.0966944098 -0.1086930111 0.9940583110 0.0058247587 0.0967532918 0.0047472478 0.9952970743
-109.6 -515.8 1875.6 0.9952521920 -0.0000000344 -0.0973299667 0.0000000088 1.0000000000 -0.0000002634 0.0973299667 0.0000002613 0.9952521920
4.8 -133.5 2046.2 0.6875218749 -0.0285448600 -0.7256023884 -0.0295338798 0.9973011613 -0.0672172680 0.7255628109 0.0676431954 0.6848233342
16.1 -530.0 2019.3 0.6875218749 0.4257619679 -0.5882520080 -0.0295338798 0.8258063197 0.5631799698 0.7255628109 -0.3698251843 0.5803343058
-106.7 -235.5 1610.6 0 0 0 0 0 0 0 0 0
222.7 -161.5 2167.0 0 0 0 0 0 0 0 0 0
-109.6 -898.1 1875.6 0 0 0 0 0 0 0 0 0
-146.6 -845.6 2160.6 0 0 0 0 0 0 0 0 0
-32.8 466.0 2011.8 59 0.3959407508 -0.0208153352 -0.9180400968 -0.0788992271 0.9952747822 -0.0565949120 0.9148802161 0.0948408842 0.3924275637
-28.6 269.7 1993.1 0.3959407508 -0.0208153352 -0.9180400968 -0.0788992271 0.9952747822 -0.0565949120 0.9148802161 0.0948408842 0.3924275637
-26.3 71.5 1978.2 0.3957014978 -0.0117369266 -0.9183042049 -0.0642542765 0.9971141815 -0.0404316671 0.9161286354 0.0750038400 0.3938054144
-84.3 278.8 1864.3 0.2143479735 -0.7671826482 -0.6045541167 0.9477692842 0.3130301833 -0.0612003058 0.2361955047 -0.5598596931 0.7942095399
-150.1 -12.1 1791.8 -0.1442404091 -0.7671826482 -0.6250003576 0.7662844062 0.3130301833 -0.5610885024 0.6261013150 -0.5598596931 0.5427285433
27.0 260.6 2121.9 0.0704815164 -0.4509662986 -0.8897537589 -0.9901308417 -0.1399449855 -0.0075025791 -0.1211331636 0.8815014362 -0.4563792050
45.4 2.7 2090.4 0.7344098091 -0.4509662986 -0.5072194934 -0.6194394231 -0.1399449855 -0.7724701762 0.2773751915 0.8815014362 -0.3821232915
-64.8 -121.4 1877.1 0.9906694889 0.1155221313 -0.0723086521 -0.1155487671 0.9932944179 0.0038287283 0.0722660869 0.0045621716 0.9973749518
-110.7 -516.3 1875.3 0.9973499775 -0.0000000172 -0.0727534145 0.0000000077 1.0000000000 -0.0000001315 0.0727534145 0.0000001306 0.9973499775
3.5 -134.2 2047.0 0.6871489286 -0.0291149355 -0.7259329557 -0.0291981790 0.9972827435 -0.0676361620 0.7259296179 0.0676720366 0.6844316721
15.0 -530.7 2020.0 0.6871489286 0.4175929427 -0.5945103168 -0.0291981790 0.8335146904 0.5517252684 0.7259296179 -0.3617587984 0.5849416852
-108.3 -233.8 1610.6 0 0 0 0 0 0 0 0 0
234.8 -157.1 2162.0 0 0 0 0 0 0 0 0 0
-110.7 -898.6 1875.3 0 0 0 0 0 0 0 0 0
-144.6 -849.2 2158.3 0 0 0 0 0 0 0 0 0
-32.4 466.9 2011.3 60 0.3564118147 -0.0116678225 -0.9342561364 -0.0791986287 0.9959459901 -0.0426519513 0.9309662580 0.0891934633 0.3540428579
-30.1 270.0 1993.7 0.3564118147 -0.0116678225 -0.9342561364 -0.0791986287 0.9959459901 -0.0426519513 0.9309662580 0.0891934633 0.3540428579
-29.2 71.8 1979.9 0.3562776148 -0.0047931452 -0.9343678355 -0.0629441291 0.9975922108 -0.0291182827 0.9322576523 0.0691871643 0.3551180661
-80.2 278.9 1862.6 0.2282911241 -0.7680696845 -0.5982910395 0.9470877051 0.3176097274 -0.0463564917 0.2256280631 -0.5560513139 0.7999368310
-150.1 -11.0 1793.6 -0.1403816640 -0.7680696845 -0.6247895360 0.7636994123 0.3176097274 -0.5620385408 0.6301239729 -0.5560513139 0.5419877768
20.0 261.1 2124.7 0.0654875189 -0.4889158905 -0.8698693514 -0.9914520383 -0.1304650456 -0.0013120372 -0.1128460690 0.8625196218 -0.4932804704
37.0 2.9 2095.3 0.7158380747 -0.4889158905 -0.4985349476 -0.6250737906 -0.1304650456 -0.7695853710 0.3112211227 0.8625196218 -0.3990003467
