120.8 440.1 2052.4 87 0.8697130680 0.0451040231 -0.4914924204 -0.0202694740 0.9982395172 0.0557404123 0.4931412935 -0.0385158733 0.8690962195
111.9 242.0 2060.0 0.8697130680 0.0451040231 -0.4914924204 -0.0202694740 0.9982395172 0.0557404123 0.4931412935 -0.0385158733 0.8690962195
105.4 48.1 2067.0 0.8700518012 0.0334794261 -0.4918221533 -0.0116617763 0.9988097548 0.0473610796 0.4928223789 -0.0354710743 0.8694066405
-6.9 243.6 1992.8 0.2603695393 -0.6606616974 -0.7040836811 0.6884145141 0.6383389235 -0.3443964124 0.6769735217 -0.3950310946 0.6210131049
-52.7 122.5 1873.7 -0.7285600901 -0.6606616974 0.1809042543 -0.6720461845 0.6383389235 -0.3753363490 0.1324921250 -0.3950310946 -0.9090633988
230.6 240.3 2127.3 0.2599900365 0.9651650190 0.0293538868 0.1808645725 -0.0785363913 0.9803673029 0.9485215545 -0.2495766580 -0.1949828416
334.7 312.7 2507.0 -0.2268843353 0.9651650190 0.1303072274 -0.7262951732 -0.0785363913 -0.6828816533 -0.6488596797 -0.2495766580 0.7188133597
17.0 -143.6 2027.9 0.8231984377 0.0652964115 -0.5639864802 -0.0370896831 0.9974274039 0.0613423586 0.5665410161 -0.0295788534 0.8235024810
-8.3 -530.8 2039.4 0.8290343285 0.0900399238 -0.5519011617 0.0142948460 0.9832168818 0.1818798333 0.5590149760 -0.1586739570 0.8138334155
172.8 -148.6 2115.6 0.9160191417 0.1442675292 0.3742937744 -0.1201188862 0.9889224768 -0.0871994495 -0.3827275932 0.0349166133 0.9232012033
116.8 -532.4 2102.1 0.9139463305 -0.0673814863 0.4002022743 -0.0192754231 0.9778003097 0.2086503357 -0.4053770900 -0.1984092742 0.8923581839
160.4 319.0 1835.0 0 0 0 0 0 0 0 0 0
277.1 128.5 2342.4 0 0 0 0 0 0 0 0 0
-41.9 -897.8 2098.6 0 0 0 0 0 0 0 0 0
142.0 -897.1 2176.1 0 0 0 0 0 0 0 0 0
117.8 436.4 2053.2 88 0.8720331788 0.0262226425 -0.4887437522 0.0004028161 0.9985249639 0.0542927310 0.4894465506 -0.0475419350 0.8707363605
112.6 238.2 2062.6 0.8720331788 0.0262226425 -0.4887437522 0.0004028161 0.9985249639 0.0542927310 0.4894465506 -0.0475419350 0.8707363605
109.7 44.3 2070.2 0.8721498847 0.0149940187 -0.4890089333 0.0060588471 0.9991225600 0.0414411351 0.4892012179 -0.0391057134 0.8712937832
-6.4 237.4 1995.8 0.2816726565 -0.6686236858 -0.6881880760 0.6304884553 0.6696275473 -0.3925343752 0.7232874632 -0.3233284652 0.6101753116
-55.5 127.5 1869.7 -0.7284648418 -0.6686236858 0.1492692232 -0.6771370173 0.6696275473 -0.3050974309 0.1040405929 -0.3233284652 -0.9405499697
231.7 239.0 2129.4 0.2605010271 0.9654161930 0.0105229430 0.1891239434 -0.0617138930 0.9800119996 0.9467688799 -0.2533040047 -0.1986598521
336.0 314.8 2508.6 -0.2161945999 0.9654161930 0.1457100511 -0.7325085998 -0.0617138930 -0.6779546738 -0.6455160975 -0.2533040047 0.7205179334
21.0 -144.7 2029.8 0.8245630860 0.0730331466 -0.5610364079 -0.0451465920 0.9969647527 0.0634277090 0.5639658570 -0.0269712657 0.8253575563
-7.3 -531.7 2040.3 0.8294123411 0.1155543551 -0.5465549827 -0.0088181328 0.9809588194 0.1940156072 0.5585672855 -0.1560993493 0.8146383166
176.8 -146.8 2118.0 0.9126642942 0.1625419110 0.3749986589 -0.1307811290 0.9854193926 -0.1088342145 -0.3872210681 0.0502863601 0.9206145406
113.7 -529.2 2098.5 0.9078181386 -0.0978434533 0.4077901840 0.0025909124 0.9736915231 0.2278555632 -0.4193560183 -0.2057948709 0.8841883540
158.6 326.6 1839.2 0 0 0 0 0 0 0 0 0
281.2 128.9 2344.8 0 0 0 0 0 0 0 0 0
-50.4 -897.7 2098.5 0 0 0 0 0 0 0 0 0
150.2 -892.3 2175.3 0 0 0 0 0 0 0 0 0
114.7 431.9 2050.6 89 0.8615000248 0.0508295074 -0.5052070022 -0.0099213663 0.9964719415 0.0833379626 0.5076606274 -0.0667833090 0.8589648604
104.7 234.8 2063.8 0.8615000248 0.0508295074 -0.5052070022 -0.0099213663 0.9964719415 0.0833379626 0.5076606274 -0.0667833090 0.8589648604
108.6 41.3 2076.1 0.8624059558 -0.0205357987 -0.5058006048 0.0497183539 0.9977820516 0.0442608297 0.5037698150 -0.0633183792 0.8615142107
-13.0 228.0 1995.1 0.2477571070 -0.6790497303 -0.6910194755 0.5622599721 0.6816317439 -0.4682327211 0.7889741063 -0.2725245953 0.5506815910
-53.4 136.3 1866.4 -0.7211815119 -0.6790497303 0.1370720267 -0.6887525916 0.6816317439 -0.2469779104 0.0742776319 -0.2725245953 -0.9592774510
222.3 241.6 2132.5 0.2360447943 0.9715152979 -0.0209969506 0.2208714485 -0.0325971283 0.9747580290 0.9463078976 -0.2347241789 -0.2222743779
316.8 330.0 2511.3 -0.1778078824 0.9715152979 0.1566600502 -0.7550628781 -0.0325971283 -0.6548416018 -0.6310819387 -0.2347241789 0.7393511534
28.8 -150.1 2034.0 0.8109111190 0.0979678184 -0.5769102573 -0.0670606047 0.9949489236 0.0746958256 0.5813140273 -0.0218837243 0.8133849502
-9.3 -536.2 2042.5 0.8167769909 0.1277885586 -0.5626237392 -0.0271640122 0.9825989604 0.1837426424 0.5763137341 -0.1347936392 0.8060354590
184.9 -149.0 2121.6 0.9178283215 0.1780695170 0.3547990918 -0.1441152245 0.9822381139 -0.1201627627 -0.3698945343 0.0591568351 0.9271885157
115.8 -530.2 2098.7 0.9145119190 -0.0908112377 0.3942349851 0.0013199464 0.9751456380 0.2215609401 -0.4045567513 -0.2020997554 0.8919022083
158.4 338.6 1844.6 0 0 0 0 0 0 0 0 0
271.7 138.6 2351.3 0 0 0 0 0 0 0 0 0
-56.9 -902.9 2092.8 0 0 0 0 0 0 0 0 0
149.7 -894.1 2174.1 0 0 0 0 0 0 0 0 0
111.9 432.7 2052.3 90 0.8584991097 0.0337164924 -0.5117054582 0.0099036833 0.9965600967 0.0822793916 0.5127193928 -0.0757045522 0.8552120328
105.0 231.2 2067.6 0.8584991097 0.0337164924 -0.5117054582 0.0099036833 0.9965600967 0.0822793916 0.5127193928 -0.0757045522 0.8552120328
110.2 37.5 2078.7 0.8586475849 -0.0267139990 -0.5118698478 0.0521869101 0.9980076551 0.0354570374 0.5099028349 -0.0571580008 0.8583309650
-12.2 224.0 1998.0 0.2510989010 -0.6866554618 -0.6822416186 0.5012659431 0.6951963902 -0.5152032971 0.8280590773 -0.2126175165 0.5187600851
-52.9 142.7 1863.6 -0.7186150551 -0.6866554618 0.1099845693 -0.6933209300 0.6951963902 -0.1897579283 0.0538374446 -0.2126175165 -0.9756512046
222.3 238.3 2137.2 0.2284271568 0.9732085466 -0.0261954404 0.2165420055 -0.0245561525 0.9759644270 0.9491736293 -0.2286091894 -0.2163498104
313.7 325.0 2517.3 -0.1686115563 0.9732085466 0.1563179940 -0.7522013783 -0.0245561525 -0.6584755778 -0.6369954944 -0.2286091894 0.7361892462
35.4 -156.6 2043.4 0.8034876585 0.1246018931 -0.5821356773 -0.1014602408 0.9922063947 0.0723349154 0.5866118073 0.0009434136 0.8098677397
-12.9 -541.5 2043.1 0.8188732862 0.0892472714 -0.5669933558 0.0102575980 0.9854042530 0.1699213982 0.5738826990 -0.1449600756 0.8060057163
189.7 -147.7 2133.6 0.9192368388 0.1928660274 0.3432292938 -0.1464582980 0.9767423272 -0.1566024721 -0.3654499054 0.0936859846 0.9261043668
114.9 -526.6 2097.2 0.9176771045 -0.0758225471 0.3900252879 -0.0094254203 0.9771922827 0.2121470124 -0.3972152472 -0.1983585954 0.8960323334
157.8 346.0 1847.8 0 0 0 0 0 0 0 0 0
271.0 134.2 2355.7 0 0 0 0 0 0 0 0 0
-46.2 -909.0 2097.1 0 0 0 0 0 0 0 0 0
143.2 -891.3 2171.2 0 0 0 0 0 0 0 0 0
109.5 430.6 2055.6 91 0.8625234962 0.0399185345 -0.5044400096 -0.0024471032 0.9972009063 0.0747286305 0.5060111284 -0.0632207841 0.8602069020
101.4 227.7 2068.5 0.8625234962 0.0399185345 -0.5044400096 -0.0024471032 0.9972009063 0.0747286305 0.5060111284 -0.0632207841 0.8602069020
108.7 34.1 2079.1 0.8625902534 -0.0377941318 -0.5044894814 0.0602665767 0.9977811575 0.0282961056 0.5023006797 -0.0548118018 0.8629540801
-16.4 219.4 1999.9 0.2253971994 -0.6928599477 -0.6849388480 0.4306348860 0.7014764547 -0.5678770542 0.8739277720 -0.1669606566 0.4564805031
-52.2 151.1 1861.2 -0.7146052718 -0.6928599477 0.0963555723 -0.6989268661 0.7014764547 -0.1393988580 0.0289927218 -0.1669606566 -0.9855371714
219.2 235.9 2137.1 0.2347299457 0.9712942839 -0.0385904089 0.2171801627 -0.0137065388 0.9760352969 0.9474886060 -0.2374857813 -0.2141631842
313.2 322.9 2516.6 -0.1663797647 0.9712942839 0.1700151265 -0.7526627183 -0.0137065388 -0.6582635641 -0.6370373368 -0.2374857813 0.7333375216
38.5 -160.8 2044.2 0.8076989651 0.1326947510 -0.5744689107 -0.1106188819 0.9911478162 0.0734127909 0.5791251063 0.0042516743 0.8152276278
-13.0 -545.4 2042.5 0.8237689137 0.1010410786 -0.5578489304 -0.0025468622 0.9846391678 0.1745830625 0.5669199824 -0.1423953474 0.8113725185
192.2 -151.4 2135.5 0.9135127068 0.2047858089 0.3515071869 -0.1556106955 0.9742468596 -0.1631818414 -0.3758721054 0.0943704098 0.9218537807
112.8 -529.5 2098.9 0.9115449190 -0.0851828903 0.4022806585 -0.0004110279 0.9781185389 0.2080478817 -0.4112003148 -0.1898103356 0.8915640116
157.5 356.2 1852.7 0 0 0 0 0 0 0 0 0
271.0 131.9 2355.0 0 0 0 0 0 0 0 0 0
-50.7 -912.8 2095.7 0 0 0 0 0 0 0 0 0
144.6 -894.5 2169.7 0 0 0 0 0 0 0 0 0
107.1 423.7 2048.3 92 0.8646878004 0.0423549935 -0.5005208254 0.0131930858 0.9941799641 0.1069214046 0.5021364093 -0.0990570486 0.8590964675
98.7 225.5 2068.0 0.8646878004 0.0423549935 -0.5005208254 0.0131930858 0.9941799641 0.1069214046 0.5021364093 -0.0990570486 0.8590964675
108.1 31.9 2077.7 0.8645273447 -0.0483303778 -0.5002565980 0.0666805729 0.9975962043 0.0188562796 0.4981427491 -0.0496591665 0.8656718731
-19.4 216.4 2000.0 0.2065543085 -0.7011747360 -0.6824142933 0.3631600440 0.7025744319 -0.6119672656 0.9085428119 -0.1214211434 0.3997584283
-51.6 159.8 1858.3 -0.7075711489 -0.7011747360 0.0877329335 -0.7066367865 0.7025744319 -0.0839856565 -0.0027503006 -0.1214211434 -0.9925972819
216.8 234.6 2136.1 0.2374776006 0.9701166749 -0.0497803651 0.2149733156 -0.0025100186 0.9766166806 0.9473071694 -0.2426260412 -0.2091452628
311.9 320.7 2515.6 -0.1619836539 0.9701166749 0.1806515753 -0.7511879206 -0.0025100186 -0.6600836515 -0.6399047375 -0.2426260412 0.7291464806
38.8 -165.0 2044.8 0.8104402423 0.1374989301 -0.5694563985 -0.1154714972 0.9904887080 0.0748229027 0.5743282437 0.0051164948 0.8186091185
-14.6 -549.4 2042.8 0.8306704164 0.0888474584 -0.5496296883 0.0203002505 0.9816957116 0.1893711090 0.5563942790 -0.1684625894 0.8136619329
193.3 -154.2 2134.8 0.9099069238 0.2090694904 0.3582727313 -0.1597166359 0.9736862183 -0.1625599861 -0.3828315437 0.0906923413 0.9193556905
112.2 -532.1 2099.6 0.9065363407 -0.0995180383 0.4102292955 0.0124531509 0.9776948690 0.2096608877 -0.4219441116 -0.1849565655 0.8875551820
155.3 366.4 1859.1 0 0 0 0 0 0 0 0 0
270.8 130.1 2353.2 0 0 0 0 0 0 0 0 0
-47.7 -915.6 2105.7 0 0 0 0 0 0 0 0 0
149.3 -897.0 2168.6 0 0 0 0 0 0 0 0 0
103.3 415.9 2020.1 93 0.8672451377 0.0088982992 -0.4978018403 0.1221741512 0.9654666781 0.2301035076 0.4826585948 -0.2603746653 0.8362091184
101.5 223.6 2072.0 0.8672451377 0.0088982992 -0.4978018403 0.1221741512 0.9654666781 0.2301035076 0.4826585948 -0.2603746653 0.8362091184
108.9 29.8 2077.8 0.8683469892 -0.0379535034 -0.4945028126 0.0476831906 0.9988374710 0.0070700790 0.4936596155 -0.0297187530 0.8691473007
-17.1 217.1 2004.6 0.2318531126 -0.7180943489 -0.6561895013 0.3204807043 0.6932986379 -0.6454681158 0.9184423089 -0.0606422760 0.3908788264
-54.5 165.3 1856.3 -0.6938697696 -0.7180943489 0.0537148938 -0.7199544311 0.6932986379 -0.0316630006 -0.0145034408 -0.0606422760 -0.9980542064
220.1 230.1 2139.4 0.2457744181 0.9684771895 -0.0405809693 0.1937068403 -0.0080509717 0.9810264111 0.9497750401 -0.2489720136 -0.1895793825
318.6 307.7 2519.9 -0.1741094291 0.9684771895 0.1781510264 -0.7366768122 -0.0080509717 -0.6761970520 -0.6534471512 -0.2489720136 0.7148564458
40.0 -167.7 2042.7 0.8163187504 0.1410004944 -0.5601272583 -0.1112563461 0.9899708629 0.0870618746 0.5667853951 -0.0087525304 0.8238189816
-14.7 -552.0 2046.1 0.8319085836 0.0843995437 -0.5484567285 0.0043016500 0.9873552918 0.1584644914 0.5548959970 -0.1341872364 0.8210263252
194.9 -155.7 2131.9 0.9073111415 0.2037259042 0.3678074181 -0.1543051004 0.9750729799 -0.1594445854 -0.3911220729 0.0879112929 0.9161305428
115.8 -534.2 2097.8 0.9054260850 -0.0773534998 0.4173967242 -0.0173560996 0.9756898284 0.2184676677 -0.4241489768 -0.2050507069 0.8820724487
147.5 375.0 1860.5 0 0 0 0 0 0 0 0 0
274.4 120.8 2354.0 0 0 0 0 0 0 0 0 0
-46.2 -920.2 2096.1 0 0 0 0 0 0 0 0 0
144.6 -898.3 2174.3 0 0 0 0 0 0 0 0 0
102.1 412.3 2005.1 94 0.8623184562 -0.0259448122 -0.5057012439 0.1995690763 0.9352651834 0.2923204601 0.4653805494 -0.3529956639 0.8116741776
107.3 223.6 2076.3 0.8623184562 -0.0259448122 -0.5057012439 0.1995690763 0.9352651834 0.2923204601 0.4653805494 -0.3529956639 0.8116741776
111.5 29.6 2080.8 0.8664827943 -0.0217181481 -0.4987343252 0.0305294450 0.9994885921 0.0095164822 0.4982725680 -0.0234719496 0.8667026758
-11.1 219.4 2008.2 0.3765891194 -0.7178276777 -0.5855801105 0.4198109508 0.6957226396 -0.5828625560 0.8257962465 -0.0263332613 0.5633534789
-80.4 142.1 1856.2 -0.6956928968 -0.7178276777 0.0271085147 -0.7182427645 0.6957226396 -0.0098646488 -0.0117788902 -0.0263332613 -0.9995838404
225.6 227.8 2144.3 0.2439892739 0.9694837928 -0.0238838866 0.1836977750 -0.0220207181 0.9827361107 0.9522207379 -0.2441644818 -0.1834648252
323.4 301.4 2525.8 -0.1825614274 0.9694837928 0.1636231244 -0.7295762300 -0.0220207181 -0.6835448742 -0.6590825915 -0.2441644818 0.7113324404
38.4 -168.3 2039.3 0.8150203824 0.1450777054 -0.5609760880 -0.1051813439 0.9891061187 0.1029853001 0.5698058009 -0.0249309018 0.8214011192
-17.9 -552.2 2049.0 0.8277965188 0.0658142716 -0.5571547151 0.0071648257 0.9917742014 0.1277991682 0.5609827042 -0.1097836196 0.8205156922
194.0 -159.8 2127.7 0.9092959166 0.1960723698 0.3670647740 -0.1541669071 0.9780029058 -0.1405092776 -0.3865404129 0.0711752698 0.9195219278
117.9 -539.4 2100.1 0.9101595283 -0.0473486260 0.4115431011 -0.0373243876 0.9800330400 0.1952999830 -0.4125730395 -0.1931147426 0.8902191520
118.0 347.0 1859.5 0 0 0 0 0 0 0 0 0
277.1 116.2 2358.5 0 0 0 0 0 0 0 0 0
-42.4 -922.1 2089.9 0 0 0 0 0 0 0 0 0
135.5 -904.9 2172.1 0 0 0 0 0 0 0 0 0
100.1 410.7 1994.0 95 0.8581496477 -0.0506119505 -0.5108988285 0.2468545586 0.9132231474 0.3241701126 0.4501577914 -0.4043041766 0.7961758971
110.6 220.3 2078.3 0.8581496477 -0.0506119505 -0.5108988285 0.2468545586 0.9132231474 0.3241701126 0.4501577914 -0.4043041766 0.7961758971
112.7 26.3 2082.9 0.8654012084 -0.0108649433 -0.5009618402 0.0212188065 0.9996626973 0.0149741974 0.5006301403 -0.0235884991 0.8653398156
-7.6 217.4 2009.9 0.4481558204 -0.7010078430 -0.5547471046 0.4257414341 0.7130261064 -0.5570798516 0.7860665321 0.0134797599 0.6179949045
-95.9 133.5 1855.0 -0.7131431103 -0.7010078430 -0.0038566624 -0.7009745836 0.7130261064 0.0151110450 -0.0078430604 0.0134797599 -0.9998784065
228.8 223.2 2146.7 0.2434010655 0.9698413014 -0.0127960024 0.1811372042 -0.0324914306 0.9829209447 0.9528616071 -0.2415618449 -0.1835827976
326.3 295.8 2528.5 -0.1886481196 0.9698413014 0.1543363333 -0.7276207209 -0.0324914306 -0.6852096915 -0.6595301032 -0.2415618449 0.7118061185
38.1 -167.1 2040.7 0.8135071397 0.1484728009 -0.5622828007 -0.1059686691 0.9885190129 0.1077072099 0.5718188286 -0.0280362237 0.8199007511
-19.5 -550.8 2051.6 0.8236634731 0.0475180782 -0.5650845766 0.0031232741 0.9960877895 0.0883136988 0.5670703650 -0.0745056793 0.8202927113
193.3 -161.6 2130.0 0.9110963941 0.1945998520 0.3633651137 -0.1519821733 0.9780271649 -0.1427036375 -0.3831510544 0.0747917444 0.9206527472
117.8 -541.2 2101.0 0.9113970399 -0.0528343394 0.4081224203 -0.0338518098 0.9787382483 0.2023006380 -0.4101334512 -0.1981918961 0.8902305961
105.3 331.3 1857.2 0 0 0 0 0 0 0 0 0
278.5 111.1 2361.1 0 0 0 0 0 0 0 0 0
-37.3 -922.2 2079.4 0 0 0 0 0 0 0 0 0
137.5 -906.5 2174.9 0 0 0 0 0 0 0 0 0
99.2 414.1 1997.5 96 0.8557113409 -0.0636639968 -0.5135222077 0.2506116033 0.9192349315 0.3036461174 0.4527162015 -0.3885280490 0.8025546670
112.8 218.3 2080.2 0.8557113409 -0.0636639968 -0.5135222077 0.2506116033 0.9192349315 0.3036461174 0.4527162015 -0.3885280490 0.8025546670
113.3 24.3 2083.0 0.8640654683 -0.0028722312 -0.5033712387 0.0096489117 0.9998944998 0.0108575216 0.5032868981 -0.0142385941 0.8640020490
-5.3 217.0 2011.5 0.4849174619 -0.7051083446 -0.5173753500 0.4288389385 0.7072882056 -0.5619969368 0.7622022033 0.0506514162 0.6453543305
-104.2 129.6 1856.1 -0.7085614204 -0.7051083446 -0.0276206788 -0.7055557966 0.7072882056 0.0439813472 -0.0114758359 0.0506514162 -0.9986504316
230.8 219.6 2149.0 0.2420261055 0.9702593684 -0.0044840146 0.1702706814 -0.0379225239 0.9846673608 0.9552126527 -0.2390787005 -0.1743849665
327.8 287.9 2531.7 -0.1924551278 0.9702593684 0.1468256265 -0.7199070454 -0.0379225239 -0.6930337548 -0.6668545008 -0.2390787005 0.7057949305
37.3 -169.7 2042.6 0.8121778369 0.1465174705 -0.5647121072 -0.1098083854 0.9890417457 0.0986838341 0.5729827881 -0.0181386974 0.8193666339
-19.6 -553.6 2049.6 0.8233255744 0.0527002327 -0.5651174188 0.0021331196 0.9953855276 0.0959328115 0.5675653815 -0.0801893994 0.8194139600
192.3 -165.8 2132.3 0.9140512347 0.1845059693 0.3612033725 -0.1401333064 0.9793614745 -0.1456493139 -0.3806218505 0.0825143158 0.9210420251
120.7 -546.0 2100.3 0.9151651263 -0.0241970886 0.4023522139 -0.0597488768 0.9790257215 0.1947787553 -0.3986262083 -0.2022948116 0.8945243955
94.7 327.6 1859.3 0 0 0 0 0 0 0 0 0
278.9 105.1 2362.4 0 0 0 0 0 0 0 0 0
-39.2 -924.9 2079.6 0 0 0 0 0 0 0 0 0
129.7 -911.3 2175.7 0 0 0 0 0 0 0 0 0
97.3 413.6 1990.2 97 0.8591582775 -0.0722001120 -0.5065907240 0.2722275853 0.9027664661 0.3330237567 0.4332887828 -0.4240280986 0.7952741981
112.9 218.3 2082.0 0.8591582775 -0.0722001120 -0.5065907240 0.2722275853 0.9027664661 0.3330237567 0.4332887828 -0.4240280986 0.7952741981
113.1 24.2 2083.4 0.8694729805 -0.0011499239 -0.4939792156 0.0046599554 0.9999718666 0.0058743632 0.4939585626 -0.0074095209 0.8694538474
-5.9 217.6 2014.5 0.4803261161 -0.6989002228 -0.5299295783 0.4052433372 0.7126739621 -0.5726025701 0.7778590322 0.0602855459 0.6255405545
-105.3 133.7 1853.4 -0.7146738172 -0.6989002228 -0.0279254336 -0.6991730332 0.7126739621 0.0570341758 -0.0199594684 0.0602855459 -0.9979816079
231.7 218.9 2149.5 0.2526967525 0.9675351381 -0.0044900421 0.1633229107 -0.0380810127 0.9858374596 0.9536613822 -0.2498512417 -0.1676436067
332.9 284.3 2531.6 -0.2010473162 0.9675351381 0.1531528085 -0.7150273919 -0.0380810127 -0.6980584860 -0.6695638895 -0.2498512417 0.6994701624
36.5 -170.7 2040.7 0.8198779225 0.1562144309 -0.5508151054 -0.1037524864 0.9866673946 0.1253910959 0.5630592108 -0.0456569493 0.8251544237
-24.1 -553.6 2058.4 0.8262374401 0.0261800829 -0.5627133250 -0.0075662830 0.9993451238 0.0353846103 0.5632711649 -0.0249784421 0.8258944750
191.3 -168.9 2130.8 0.9078689814 0.1908619255 0.3732903302 -0.1482383609 0.9789882302 -0.1400265992 -0.3921725750 0.0717898533 0.9170860648
117.2 -549.0 2103.0 0.9081428051 -0.0478024259 0.4159225523 -0.0404259712 0.9788053632 0.2007629126 -0.4167042077 -0.1991354674 0.8869625926
94.7 329.4 1859.0 0 0 0 0 0 0 0 0 0
281.9 102.8 2361.6 0 0 0 0 0 0 0 0 0
-33.9 -925.8 2067.7 0 0 0 0 0 0 0 0 0
135.0 -914.2 2177.2 0 0 0 0 0 0 0 0 0
95.3 416.2 1985.1 98 0.8583678603 -0.0902672783 -0.5050311089 0.2953515947 0.8918544650 0.3425829709 0.4194901884 -0.4432239532 0.7921997905
115.5 216.6 2084.3 0.8583678603 -0.0902672783 -0.5050311089 0.2953515947 0.8918544650 0.3425829709 0.4194901884 -0.4432239532 0.7921997905
112.5 22.7 2080.8 0.8709017038 0.0156312902 -0.4912086129 -0.0223056450 0.9997212887 -0.0077341716 0.4909507930 0.0176924281 0.8710076213
-3.4 219.7 2017.2 0.4930418730 -0.6890435219 -0.5311579704 0.3700608313 0.7186353207 -0.5887429714 0.7873783708 0.0937142000 0.6093053222
-107.6 141.5 1850.8 -0.7234337330 -0.6890435219 -0.0431591347 -0.6897464991 0.7186353207 0.0883914232 -0.0298898611 0.0937142000 -0.9951503873
234.5 213.6 2151.3 0.2581439912 0.9660362601 0.0116464514 0.1350090355 -0.0480085909 0.9896806479 0.9566264749 -0.2539077103 -0.1428167522
337.9 267.7 2534.4 -0.2149862349 0.9660362601 0.1433697194 -0.6944820881 -0.0480085909 -0.7179065347 -0.6866407394 -0.2539077103 0.6812160611
35.5 -170.4 2040.6 0.8244525790 0.1592231542 -0.5430707932 -0.1033487469 0.9858288169 0.1321386099 0.5564143658 -0.0528163351 0.8292246461
-26.3 -553.0 2061.1 0.8296915889 0.0097209523 -0.5581374764 -0.0022167265 0.9998978376 0.0141197480 0.5582177043 -0.0104777971 0.8296283484
191.2 -169.5 2129.1 0.9042597413 0.1922108531 0.3812732697 -0.1525779068 0.9794497490 -0.1319022775 -0.3987910450 0.0611000396 0.9150040746
116.6 -549.7 2105.4 0.9055094123 -0.0491632596 0.4214684963 -0.0253258757 0.9852328300 0.1693366766 -0.4235697091 -0.1640100181 0.8908925056
94.6 334.3 1859.2 0 0 0 0 0 0 0 0 0
283.3 91.5 2360.2 0 0 0 0 0 0 0 0 0
-30.0 -925.8 2065.0 0 0 0 0 0 0 0 0 0
135.0 -917.2 2166.6 0 0 0 0 0 0 0 0 0
94.5 419.7 1989.0 99 0.8535027504 -0.1111554205 -0.5090947747 0.3084249198 0.8952311873 0.3216134310 0.4200084507 -0.4315154552 0.7983654141
119.9 215.6 2087.4 0.8535027504 -0.1111554205 -0.5090947747 0.3084249198 0.8952311873 0.3216134310 0.4200084507 -0.4315154552 0.7983654141
112.8 21.8 2081.8 0.8675103188 0.0362099856 -0.4960994422 -0.0456016958 0.9989363551 -0.0068302257 0.4953244627 0.0285482667 0.8682388663
1.4 221.9 2019.7 0.5067592859 -0.6919568181 -0.5141894817 0.3548232019 0.7109976411 -0.6071102619 0.7856815457 0.1252124161 0.6058269739
-108.4 145.0 1849.5 -0.7196840644 -0.6919568181 -0.0570145249 -0.6930387020 0.7109976411 0.1190788522 -0.0418602303 0.1252124161 -0.9912464619
238.3 209.4 2155.0 0.2554908097 0.9662535191 0.0328411199 0.1194471121 -0.0652552620 0.9906937480 0.9594044089 -0.2491903752 -0.1320883185
340.7 257.3 2539.3 -0.2254009843 0.9662535191 0.1246935651 -0.6824699640 -0.0652552620 -0.7279948592 -0.6952906847 -0.2491903752 0.6741476059
31.5 -169.3 2033.5 0.8259532452 0.1519111544 -0.5428851247 -0.0852911770 0.9855968356 0.1460283697 0.5572492480 -0.0743092820 0.8270135522
-27.5 -551.8 2062.3 0.8285256028 0.0045845816 -0.5599324107 -0.0119164409 0.9998843670 -0.0094458284 0.5598243475 0.0144985123 0.8284844756
187.5 -173.3 2121.4 0.9076072574 0.1739228368 0.3820993900 -0.1442434490 0.9839302301 -0.1052384451 -0.3942624927 0.0403998420 0.9181094170
120.0 -555.1 2105.7 0.9085432887 -0.0297752582 0.4167283773 -0.0577148013 0.9789490700 0.1957746595 -0.4137851000 -0.2019211501 0.8876991272
92.6 338.6 1861.2 0 0 0 0 0 0 0 0 0
283.5 84.1 2362.9 0 0 0 0 0 0 0 0 0
-29.2 -924.7 2056.9 0 0 0 0 0 0 0 0 0
131.1 -920.1 2181.0 0 0 0 0 0 0 0 0 0
93.0 417.8 1974.0 00 0.8456530571 -0.1289546341 -0.5179204345 0.3555888534 0.8597750068 0.3665289581 0.3980294466 -0.4941230714 0.7729262114
123.1 216.5 2089.7 0.8456530571 -0.1289546341 -0.5179204345 0.3555888534 0.8597750068 0.3665289581 0.3980294466 -0.4941230714 0.7729262114
113.0 22.8 2083.3 0.8628390431 0.0524551533 -0.5027496815 -0.0617885999 0.9980874658 -0.0019070858 0.5016881227 0.0327097066 0.8644299507
5.3 224.9 2021.2 0.5168443322 -0.6889163852 -0.5081989169 0.3527396321 0.7122768760 -0.6068248153 0.7800298929 0.1343720853 0.6111443639
-109.2 146.8 1848.4 -0.7224124074 -0.6889163852 -0.0592836328 -0.6898691654 0.7122768760 0.1293916553 -0.0469136685 0.1343720853 -0.9898198247
241.0 208.0 2158.2 0.2501437962 0.9669099450 0.0501317643 0.1116282120 -0.0802338421 0.9905057549 0.9617521763 -0.2421727479 -0.1280044317
341.2 252.8 2543.5 -0.2313251495 0.9669099450 0.1075815186 -0.6760265827 -0.0802338421 -0.7324961424 -0.6996261477 -0.2421727479 0.6722169518
28.1 -167.9 2031.9 0.8249801397 0.1347388178 -0.5488653779 -0.0697214603 0.9880104661 0.1377469748 0.5608446002 -0.0753708258 0.8244832158
-24.2 -551.4 2061.2 0.8266530633 0.0225009844 -0.5622618794 -0.0277895592 0.9996134043 -0.0008537613 0.5620253086 0.0163307749 0.8269587755
183.5 -176.1 2120.6 0.9118837118 0.1645337194 0.3760276735 -0.1366487592 0.9855729342 -0.0998655483 -0.3870339394 0.0396820493 0.9212111831
119.6 -558.6 2105.2 0.9125008583 -0.0262009855 0.4082348347 -0.0632806346 0.9768931866 0.2041452378 -0.4041506350 -0.2121160626 0.8897578716
92.6 339.5 1861.5 0 0 0 0 0 0 0 0 0
282.5 81.2 2365.9 0 0 0 0 0 0 0 0 0
-32.6 -924.3 2055.1 0 0 0 0 0 0 0 0 0
129.4 -923.0 2184.3 0 0 0 0 0 0 0 0 0
93.2 421.0 1981.5 01 0.8394282460 -0.1393715739 -0.5252959132 0.3573014438 0.8698322773 0.3401874006 0.4095068872 -0.4732519090 0.7799594402
125.8 217.6 2092.2 0.8394282460 -0.1393715739 -0.5252959132 0.3573014438 0.8698322773 0.3401874006 0.4095068872 -0.4732519090 0.7799594402
111.4 24.2 2085.2 0.8547611237 0.0742298365 -0.5136860609 -0.0820144638 0.9966025949 0.0075432602 0.5125007629 0.0356820039 0.8579450846
9.1 228.8 2022.2 0.5219817758 -0.7001069188 -0.4872220457 0.3576352298 0.6982208490 -0.6201488972 0.7743591070 0.1494586617 0.6148414612
-109.1 147.8 1846.8 -0.7117170095 -0.7001069188 -0.0575256757 -0.6992362738 0.6982208490 0.1534804255 -0.0672870800 0.1494586617 -0.9864758253
242.5 206.4 2162.2 0.2402372062 0.9679094553 0.0737385005 0.1041632369 -0.1012288854 0.9893951416 0.9651093483 -0.2300086915 -0.1251395345
338.8 248.1 2548.8 -0.2373145372 0.9679094553 0.0826625377 -0.6692702174 -0.1012288854 -0.7360910773 -0.7041016817 -0.2300086915 0.6718160510
25.5 -165.3 2032.0 0.8199617267 0.1235702857 -0.5589214563 -0.0612717941 0.9897583723 0.1289343983 0.5691296458 -0.0714751482 0.8191353679
-22.4 -549.5 2059.8 0.8216923475 0.0352806635 -0.5688382983 -0.0264290497 0.9993671775 0.0238060448 0.5693181753 -0.0045273905 0.8221048117
180.1 -176.4 2121.9 0.9171589017 0.1609675139 0.3645669222 -0.1353572309 0.9862386584 -0.0949299186 -0.3748306334 0.0377190523 0.9263256788
117.6 -559.3 2107.2 0.9174138904 -0.0468073040 0.3951718509 -0.0305398405 0.9818474054 0.1871978045 -0.3967606723 -0.1838063598 0.8993309736
89.6 343.0 1865.6 0 0 0 0 0 0 0 0 0
278.5 78.3 2370.1 0 0 0 0 0 0 0 0 0
-35.6 -922.4 2061.5 0 0 0 0 0 0 0 0 0
135.0 -925.4 2175.8 0 0 0 0 0 0 0 0 0
93.6 423.0 1981.7 02 0.8327614069 -0.1478572935 -0.5335228443 0.3701879680 0.8652769327 0.3380187750 0.4116664827 -0.4789927602 0.7753041983
128.6 218.4 2095.0 0.8327614069 -0.1478572935 -0.5335228443 0.3701879680 0.8652769327 0.3380187750 0.4116664827 -0.4789927602 0.7753041983
111.7 25.3 2086.0 0.8480789661 0.0870326087 -0.5226733685 -0.0983214453 0.9951356053 0.0061700139 0.5206678510 0.0461573377 0.8525106907
12.8 231.8 2023.9 0.5275511146 -0.7074765563 -0.4702837169 0.3604958951 0.6877049208 -0.6301623583 0.7692415118 0.1629075110 0.6178418994
-109.6 148.2 1845.5 -0.7037051320 -0.7074765563 -0.0653913915 -0.7067993879 0.6877049208 0.1658207476 -0.0723443031 0.1629075110 -0.9839854836
244.4 205.0 2166.1 0.2312854528 0.9688856006 0.0881348550 0.0916717201 -0.1118917167 0.9894829392 0.9685573578 -0.2207735479 -0.1146983355
337.1 241.7 2554.1 -0.2386089861 0.9688856006 0.0657758489 -0.6593007445 -0.1118917167 -0.7435070872 -0.7130135298 -0.2207735479 0.6654853821
20.5 -161.8 2032.3 0.8156381249 0.1095063537 -0.5681045651 -0.0561310723 0.9922698736 0.1106789336 0.5758330822 -0.0583856404 0.8154798150
-22.0 -547.0 2055.0 0.8190010786 0.0390011519 -0.5724649429 -0.0015111973 0.9978304505 0.0658186376 0.5737899542 -0.0530404299 0.8172831535
173.5 -176.5 2124.1 0.9233405590 0.1442428082 0.3558598757 -0.1185182109 0.9885694981 -0.0931865945 -0.3652337193 0.0438670889 0.9298816919
117.5 -560.2 2107.1 0.9239308238 -0.0361981466 0.3808431923 -0.0278345942 0.9865140319 0.1612926871 -0.3815456331 -0.1596239060 0.9104631543
86.9 345.5 1865.7 0 0 0 0 0 0 0 0 0
276.5 74.4 2373.2 0 0 0 0 0 0 0 0 0
-36.6 -918.9 2074.8 0 0 0 0 0 0 0 0 0
131.0 -928.2 2166.7 0 0 0 0 0 0 0 0 0
92.8 424.2 1985.8 03 0.8201816678 -0.1697711945 -0.5463330150 0.3892321289 0.8654620051 0.3153947294 0.4192855358 -0.4713313282 0.7759165168
133.5 216.7 2098.9 0.8201816678 -0.1697711945 -0.5463330150 0.3892321289 0.8654620051 0.3153947294 0.4192855358 -0.4713313282 0.7759165168
112.3 24.2 2087.1 0.8367882371 0.1097718924 -0.5364099145 -0.1249116138 0.9921342134 0.0081726378 0.5330877304 0.0601650588 0.8439180255
19.3 233.7 2026.1 0.5390990376 -0.7280012965 -0.4235402048 0.3602768183 0.6538679600 -0.6653249264 0.7612968087 0.2060843259 0.6147816181
-109.0 148.0 1844.9 -0.6782357693 -0.7280012965 -0.1000516787 -0.7307667732 0.6538679600 0.1960526109 -0.0773059651 0.2060843259 -0.9754757881
247.8 199.6 2171.7 0.2172261029 0.9695227146 0.1133071780 0.0743226483 -0.1321699768 0.9884367585 0.9732877016 -0.2062929720 -0.1007682681
334.8 229.4 2561.5 -0.2421695739 0.9695227146 0.0371429175 -0.6446300745 -0.1321699768 -0.7529828548 -0.7251248360 -0.2062929720 0.6569910049
18.9 -159.0 2030.4 0.8084164262 0.1037879214 -0.5793883801 -0.0495207347 0.9928344488 0.1087540835 0.5865241289 -0.0592268482 0.8077633381
-21.4 -544.4 2053.4 0.8117628098 0.0421069898 -0.5824673176 0.0030211285 0.9970811009 0.0762901604 0.5839794874 -0.0636892244 0.8092660904
170.8 -176.6 2123.7 0.9294949770 0.1396986991 0.3413552046 -0.1147670448 0.9890970588 -0.0922797769 -0.3505247831 0.0465972610 0.9353935122
116.6 -560.6 2105.6 0.9292995334 -0.0507685468 0.3658209741 -0.0113224322 0.9861251712 0.1656167358 -0.3691533804 -0.1580495387 0.9158308506
80.3 351.9 1866.5 0 0 0 0 0 0 0 0 0
273.3 65.8 2377.5 0 0 0 0 0 0 0 0 0
-37.1 -916.3 2077.1 0 0 0 0 0 0 0 0 0
135.5 -928.5 2164.5 0 0 0 0 0 0 0 0 0
92.4 424.6 1979.9 04 0.8133354187 -0.1829183996 -0.5522919297 0.4118151367 0.8515611291 0.3244255483 0.4109669626 -0.4913089573 0.7679333687
137.5 214.6 2101.1 0.8133354187 -0.1829183996 -0.5522919297 0.4118151367 0.8515611291 0.3244255483 0.4109669626 -0.4913089573 0.7679333687
112.8 22.6 2087.6 0.8300914764 0.1274844706 -0.5428588986 -0.1446609944 0.9894184470 0.0111513892 0.5385362506 0.0692738369 0.8397498727
24.2 234.3 2027.6 0.5512344837 -0.7321089506 -0.4001961946 0.3528264463 0.6391920447 -0.6833351851 0.7560780644 0.2354781181 0.6106521487
-109.8 148.6 1843.9 -0.6699446440 -0.7321089506 -0.1232500598 -0.7381825447 0.6391920447 0.2156850994 -0.0791245401 0.2354781181 -0.9686533809
250.9 194.8 2174.6 0.2108422518 0.9685274363 0.1322879493 0.0622864999 -0.1483661979 0.9869690537 0.9755336642 -0.1998550296 -0.0916080475
335.3 219.8 2565.4 -0.2482497841 0.9685274363 0.0180720352 -0.6340852380 -0.1483661979 -0.7588961720 -0.7323305011 -0.1998550296 0.6509608626
16.1 -157.1 2027.7 0.8056905270 0.0894874260 -0.5855380297 -0.0410379879 0.9945799112 0.0955334753 0.5909134150 -0.0529411137 0.8049960136
-18.6 -543.2 2048.2 0.8095192313 0.0690439641 -0.5830193758 0.0027035440 0.9926117659 0.1213037223 0.5870871544 -0.0997739136 0.8033516407
165.9 -179.5 2123.2 0.9335916638 0.1252713352 0.3357286453 -0.1037969515 0.9912751317 -0.0812394023 -0.3429764211 0.0409968123 0.9384489655
117.3 -564.3 2107.2 0.9338527918 -0.0368295945 0.3557562828 -0.0196200013 0.9879110456 0.1537753642 -0.3571190536 -0.1505834907 0.9218408465
77.2 354.6 1865.9 0 0 0 0 0 0 0 0 0
272.3 58.9 2379.6 0 0 0 0 0 0 0 0 0
-44.4 -913.2 2085.4 0 0 0 0 0 0 0 0 0
131.0 -932.9 2163.4 0 0 0 0 0 0 0 0 0
91.9 421.3 1968.4 05 0.8159710765 -0.1943807006 -0.5444330573 0.4331012666 0.8293416500 0.3530095518 0.3829027712 -0.5238402486 0.7609052658
141.3 210.5 2101.6 0.8159710765 -0.1943807006 -0.5444330573 0.4331012666 0.8293416500 0.3530095518 0.3829027712 -0.5238402486 0.7609052658
110.9 19.6 2085.5 0.8286561370 0.1566484123 -0.5373921394 -0.1765785366 0.9841782451 0.0146021303 0.5311770439 0.0827917755 0.8432060480
28.2 234.6 2029.1 0.5572414994 -0.7383682132 -0.3798609376 0.3429453075 0.6212831736 -0.7045535445 0.7562211752 0.2623349428 0.5994246602
-110.3 149.4 1841.2 -0.6604949236 -0.7383682132 -0.1362310350 -0.7447702885 0.6212831736 0.2435660213 -0.0952033475 0.2623349428 -0.9602690935
254.4 186.4 2174.1 0.2181214839 0.9626109004 0.1606340110 0.0416563042 -0.1736305654 0.9839294553 0.9750322104 -0.2079247385 -0.0779713690
341.8 203.0 2564.7 -0.2708875537 0.9626109004 -0.0004540958 -0.6157154441 -0.1736305654 -0.7686005831 -0.7399421334 -0.2079247385 0.6397287846
13.8 -156.4 2025.9 0.8115470409 0.0896161050 -0.5773736835 -0.0352306627 0.9938750863 0.1047430411 0.5832239985 -0.0646626502 0.8097336292
-21.0 -542.2 2051.0 0.8146526217 0.0556239076 -0.5772755146 0.0070968154 0.9943591952 0.1058274284 0.5799057484 -0.0903094113 0.8096625805
162.4 -182.3 2122.4 0.9319288135 0.1172916070 0.3431492150 -0.0983229578 0.9925298691 -0.0722292960 -0.3490577340 0.0335731208 0.9364996552
116.9 -567.6 2109.3 0.9316796660 -0.0447134972 0.3605186343 -0.0094937719 0.9890606999 0.1472032517 -0.3631567955 -0.1405689716 0.9210632443
74.1 357.3 1867.8 0 0 0 0 0 0 0 0 0
273.0 46.8 2377.0 0 0 0 0 0 0 0 0 0
-41.8 -913.1 2084.7 0 0 0 0 0 0 0 0 0
133.6 -936.7 2161.8 0 0 0 0 0 0 0 0 0
92.0 424.2 1971.2 06 0.8168100119 -0.2024224699 -0.5402281880 0.4304482937 0.8373088241 0.3370878398 0.3841036856 -0.5078770518 0.7710546851
144.3 208.2 2102.3 0.8168100119 -0.2024224699 -0.5402281880 0.4304482937 0.8373088241 0.3370878398 0.3841036856 -0.5078770518 0.7710546851
110.3 18.0 2084.4 0.8261743784 0.1753169149 -0.5354436040 -0.1974519491 0.9801775217 0.0162705481 0.5276823044 0.0922820792 0.8444142342
31.5 235.1 2030.2 0.5651377439 -0.7441905141 -0.3560895920 0.3378039300 0.6025205851 -0.7230888009 0.7526671886 0.2883563042 0.5918976068
-110.9 150.0 1840.6 -0.6508262753 -0.7441905141 -0.1503515989 -0.7512183189 0.6025205851 0.2695180178 -0.1099828333 0.2883563042 -0.9511858225
257.1 181.2 2174.3 0.2207643092 0.9587590098 0.1790092140 0.0277560409 -0.1896390915 0.9814614654 0.9749321342 -0.2117030770 -0.0684769005
345.5 192.3 2564.9 -0.2838902473 0.9587590098 -0.0136931660 -0.6030801535 -0.1896390915 -0.7748104930 -0.7454532981 -0.2117030770 0.6320452094
6.3 -155.5 2021.9 0.8154796362 0.0741814226 -0.5740122795 -0.0165609773 0.9943370819 0.1049737185 0.5785487890 -0.0760977268 0.8120901585
-22.5 -541.5 2051.5 0.8167983294 0.0452158786 -0.5751487017 0.0073187021 0.9960317016 0.0886976793 0.5768768787 -0.0766574591 0.8132261038
154.7 -187.1 2117.0 0.9323980808 0.0966298580 0.3482765257 -0.0855425745 0.9952200055 -0.0471126623 -0.3511642516 0.0141352834 0.9362071753
117.2 -573.4 2111.5 0.9324764609 -0.0263502430 0.3602683544 -0.0269123036 0.9894965887 0.1420290172 -0.3602268100 -0.1421343684 0.9219731092
70.8 359.7 1871.3 0 0 0 0 0 0 0 0 0
273.5 39.3 2375.7 0 0 0 0 0 0 0 0 0
-39.3 -913.1 2080.1 0 0 0 0 0 0 0 0 0
127.0 -942.6 2164.6 0 0 0 0 0 0 0 0 0
91.4 424.7 1969.6 07 0.8102653623 -0.2084332258 -0.5477460027 0.4422535002 0.8307231069 0.3380990326 0.3845541775 -0.5161924958 0.7652864456
146.0 206.9 2104.9 0.8102653623 -0.2084332258 -0.5477460027 0.4422535002 0.8307231069 0.3380990326 0.3845541775 -0.5161924958 0.7652864456
109.8 17.4 2084.6 0.8180775642 0.1869000345 -0.5438910723 -0.2135241479 0.9768300653 0.0145070413 0.5340005159 0.1042659953 0.8390304446
34.3 236.1 2032.0 0.5633831620 -0.7459564209 -0.3551738560 0.3299021423 0.5972444415 -0.7310702205 0.7574720979 0.2946999967 0.5825700760
-108.4 152.5 1840.1 -0.6467159390 -0.7459564209 -0.1590834111 -0.7552844286 0.5972444415 0.2698971331 -0.1063198149 0.2946999967 -0.9496567845
257.7 177.8 2177.8 0.2110905498 0.9583894014 0.1921730489 0.0149398884 -0.1997436434 0.9797343016 0.9773523211 -0.2039415985 -0.0564822257
342.3 183.8 2569.3 -0.2838803232 0.9583894014 -0.0300276652 -0.5917305350 -0.1997436434 -0.7809976935 -0.7544978261 -0.2039415985 0.6238116026
2.3 -154.5 2019.2 0.8112962246 0.0650264099 -0.5810077190 -0.0054422882 0.9945921302 0.1037153974 0.5846099257 -0.0809818953 0.8072627783
-23.0 -540.5 2050.6 0.8122775555 0.0428989939 -0.5816913247 0.0138106802 0.9955974221 0.0927093625 0.5831075311 -0.0833392888 0.8081089854
150.2 -189.8 2113.7 0.9364114404 0.0846935585 0.3405298293 -0.0774864405 0.9963881373 -0.0347354785 -0.3422417641 0.0061402582 0.9395918846
117.3 -576.5 2111.3 0.9352166057 -0.0503206179 0.3504821062 -0.0063596363 0.9873027802 0.1587222964 -0.3540189862 -0.1506686658 0.9230219722
68.1 358.6 1869.1 0 0 0 0 0 0 0 0 0
270.3 33.6 2377.9 0 0 0 0 0 0 0 0 0
-39.0 -912.1 2081.7 0 0 0 0 0 0 0 0 0
136.1 -944.9 2167.5 0 0 0 0 0 0 0 0 0
91.1 423.7 1963.8 08 0.7996813655 -0.2135008872 -0.5611836314 0.4604841769 0.8178685308 0.3450295925 0.3853102922 -0.5343299508 0.7523480058
148.4 204.4 2107.0 0.7996813655 -0.2135008872 -0.5611836314 0.4604841769 0.8178685308 0.3450295925 0.3853102922 -0.5343299508 0.7523480058
110.6 15.6 2083.4 0.8069186211 0.1947175711 -0.5576445460 -0.2296337485 0.9732477665 0.0075544617 0.5441973209 0.1219581738 0.8300454617
38.2 235.8 2032.7 0.5801305771 -0.7376572490 -0.3454132974 0.3242385983 0.5981609225 -0.7328525186 0.7472066879 0.3131538332 0.5861883759
-113.3 151.2 1837.7 -0.6555203795 -0.7376572490 -0.1617245674 -0.7455877662 0.5981609225 0.2937726378 -0.1199661940 0.3131538332 -0.9420949221
258.6 173.1 2181.3 0.1949412674 0.9596661925 0.2025802433 -0.0016278266 -0.2062259465 0.9785030484 0.9808135629 -0.1910803914 -0.0386397764
336.6 172.4 2574.2 -0.2770208418 0.9596661925 -0.0479614511 -0.5776780248 -0.2062259465 -0.7897841334 -0.7678200006 -0.1910803914 0.6115069389
0.3 -153.0 2016.6 0.8032632470 0.0603396706 -0.5925598741 0.0058004241 0.9940158129 0.1090823933 0.5955958962 -0.0910589844 0.7981063724
-23.2 -538.9 2051.9 0.8031362891 0.0418550968 -0.5943233371 0.0026818758 0.9972652793 0.0738563463 0.5957892537 -0.0609106123 0.8008277416
146.8 -191.3 2112.2 0.9420310855 0.0783662200 0.3262455463 -0.0720719695 0.9969064593 -0.0313559771 -0.3276935518 0.0060251458 0.9447648525
116.4 -578.2 2109.9 0.9392388463 -0.0727267042 0.3354716599 0.0100853080 0.9827229977 0.1848075241 -0.3431161642 -0.1701950729 0.9237450361
63.5 352.3 1870.0 0 0 0 0 0 0 0 0 0
266.3 25.8 2379.4 0 0 0 0 0 0 0 0 0
-38.8 -911.0 2074.6 0 0 0 0 0 0 0 0 0
143.5 -944.8 2173.4 0 0 0 0 0 0 0 0 0
91.1 426.5 1966.4 09 0.7827790976 -0.2192609757 -0.5823929310 0.4691631198 0.8227720857 0.3208302855 0.4088310599 -0.5243765116 0.7469179630
151.0 202.1 2109.4 0.7827790976 -0.2192609757 -0.5823929310 0.4691631198 0.8227720857 0.3208302855 0.4088310599 -0.5243765116 0.7469179630
111.0 13.8 2084.6 0.7880308032 0.2060206234 -0.5801404119 -0.2419898212 0.9701498747 0.0158158857 0.5660815835 0.1279246807 0.8143628836
43.4 235.1 2032.1 0.5898986459 -0.7427279949 -0.3168196678 0.3199072480 0.5752181411 -0.7528502345 0.7414033413 0.3427524269 0.5769244432
-112.2 150.8 1836.6 -0.6446149349 -0.7427279949 -0.1811814457 -0.7527506351 0.5752181411 0.3201414943 -0.1335591972 0.3427524269 -0.9298831820
258.6 169.0 2186.7 0.1678306162 0.9613390565 0.2183120102 -0.0046627615 -0.2206765562 0.9753358960 0.9858047962 -0.1647091508 -0.0325537883
325.8 167.2 2581.5 -0.2644742131 0.9613390565 -0.0766853765 -0.5733571053 -0.2206765562 -0.7890269160 -0.7754450440 -0.1647091508 0.6095538139
0.6 -152.7 2010.9 0.7886157036 0.0525092967 -0.6126402617 0.0252020359 0.9927495718 0.1175295040 0.6143696904 -0.1081253961 0.7815745473
-19.8 -538.0 2052.9 0.7856017947 0.0761895031 -0.6140235662 -0.0300017241 0.9959129095 0.0851900578 0.6180046201 -0.0485036969 0.7846767902
145.1 -193.8 2108.4 0.9504765272 0.0752367601 0.3015523255 -0.0748166367 0.9971131086 -0.0129599450 -0.3016568422 -0.0102430070 0.9533615708
115.9 -580.9 2112.4 0.9473713040 -0.0789227933 0.3102559745 0.0259835832 0.9848943353 0.1711957753 -0.3190806210 -0.1541244090 0.9351113439
60.7 352.6 1872.4 0 0 0 0 0 0 0 0 0
258.6 21.7 2384.7 0 0 0 0 0 0 0 0 0
-48.2 -909.5 2071.0 0 0 0 0 0 0 0 0 0
145.4 -948.4 2169.9 0 0 0 0 0 0 0 0 0
91.1 426.4 1964.7 10 0.7842804193 -0.2224905491 -0.5791391730 0.4696152210 0.8229070306 0.3198211789 0.4054205120 -0.5228020549 0.7498747706
152.4 199.4 2108.9 0.7842804193 -0.2224905491 -0.5791391730 0.4696152210 0.8229070306 0.3198211789 0.4054205120 -0.5228020549 0.7498747706
109.4 12.0 2082.7 0.7846450806 0.2215950042 -0.5789885521 -0.2587357163 0.9657615423 0.0189852286 0.5633719563 0.1349083483 0.8151146173
45.3 234.8 2032.0 0.5950496793 -0.7465083599 -0.2977265716 0.3137913048 0.5568476915 -0.7690615654 0.7398992181 0.3642058372 0.5655998588
-111.9 151.9 1836.6 -0.6345957518 -0.7465083599 -0.2000337541 -0.7604027390 0.5568476915 0.3342279494 -0.1381156147 0.3642058372 -0.9210202098
259.6 164.1 2185.8 0.1687141806 0.9575029612 0.2339306623 -0.0148219578 -0.2348414361 0.9719206691 0.9855535626 -0.1674441099 -0.0254290123
327.2 158.1 2580.6 -0.2744276822 0.9575029612 -0.0887551308 -0.5631418824 -0.2348414361 -0.7922883034 -0.7794618011 -0.1674441099 0.6036570072
0.5 -152.8 2009.0 0.7901641726 0.0622641109 -0.6097243428 0.0175427496 0.9921211004 0.1240481809 0.6126441360 -0.1087146699 0.7828462720
