413.2 237.2 1855.6 7 0.7659698725 0.6250860095 -0.1501918286 -0.3696653545 0.6193956733 0.6926012635 0.5259635448 -0.4749910235 0.7055110931
291.5 116.6 1948.0 0.7659698725 0.6250860095 -0.1501918286 -0.3696653545 0.6193956733 0.6926012635 0.5259635448 -0.4749910235 0.7055110931
173.4 -6.3 2040.8 0.7778565288 0.6087242961 -0.1561856270 -0.3575986922 0.6331018806 0.6865167022 0.5167808533 -0.4781597257 0.7101414204
185.2 165.5 1877.4 0.8594173193 -0.2557890415 -0.4426893294 0.4237682223 0.8407985568 0.3368653655 0.2860460579 -0.4771055877 0.8309921026
14.8 81.4 1820.7 -0.8801892996 -0.2557890415 -0.3997983336 0.0015475512 0.8407985568 -0.5413458943 0.4746202230 -0.4771055877 -0.7396660447
397.8 67.7 2018.6 0.0978039801 0.6424101591 0.7600944638 -0.4092966020 -0.6702100635 0.6191080213 0.9071442485 -0.3716553152 0.1973870844
419.7 -23.8 2221.6 -0.7660923004 0.6424101591 -0.0202915166 -0.5487729907 -0.6702100635 -0.4996666014 -0.3345904648 -0.3716553152 0.8659800887
-15.4 -98.2 2086.3 0.8208642602 -0.0426856913 -0.5695259571 0.0195590295 0.9987192154 -0.0466628671 0.5707883239 0.0271645039 0.8206477761
1.2 -485.9 2075.7 0.8092740774 0.1523646563 -0.5673274994 -0.0854253545 0.9860351682 0.1429586560 0.5811867118 -0.0672285780 0.8109884858
123.5 -163.2 2179.0 0.8853392005 0.0154850287 0.4646877944 0.0159444604 0.9978461862 -0.0636296719 -0.4646722674 0.0637430400 0.8831854463
117.5 -550.6 2154.2 0.8858999014 -0.0400539488 0.4621439576 0.0036632698 0.9968382120 0.0793735683 -0.4638620019 -0.0686240792 0.8832455873
263.1 81.0 1686.7 0 0 0 0 0 0 0 0 0
225.2 -163.1 2136.7 0 0 0 0 0 0 0 0 0
-55.6 -853.7 2100.8 0 0 0 0 0 0 0 0 0
132.4 -922.5 2179.8 0 0 0 0 0 0 0 0 0
410.7 236.6 1857.3 8 0.7660183907 0.6232023835 -0.1575898379 -0.3622295856 0.6210063100 0.6950833797 0.5310419202 -0.4753629863 0.7014446259
289.5 115.8 1949.7 0.7660183907 0.6232023835 -0.1575898379 -0.3622295856 0.6210063100 0.6950833797 0.5310419202 -0.4753629863 0.7014446259
171.6 -7.6 2042.3 0.7772872448 0.6072185636 -0.1646517068 -0.3507221043 0.6354731917 0.6878719330 0.5223203301 -0.4769271016 0.7069101930
183.3 163.7 1878.4 0.8604304194 -0.2531286776 -0.4422503114 0.4208790660 0.8422940969 0.3367513120 0.2872634232 -0.4758849740 0.8312720656
14.7 81.2 1822.0 -0.8806729317 -0.2531286776 -0.4004261196 0.0029805431 0.8422940969 -0.5390099883 0.4737154245 -0.4758849740 -0.7410311699
395.7 67.9 2021.1 0.0954037458 0.6488624811 0.7549010515 -0.4055781066 -0.6672224998 0.6247563958 0.9090679288 -0.3657754362 0.1995088756
417.1 -22.9 2224.5 -0.7605920434 0.6488624811 -0.0218452681 -0.5549385548 -0.6672224998 -0.4968474507 -0.3369612992 -0.3657754362 0.8675628901
-14.5 -97.1 2087.3 0.8179119229 -0.0475743003 -0.5733731389 0.0187550616 0.9982504845 -0.0560735688 0.5750376582 0.0351095907 0.8173732162
4.0 -484.7 2073.7 0.8053495884 0.1603414118 -0.5707036853 -0.0874665678 0.9843288064 0.1531223655 0.5863119364 -0.0733995363 0.8067532778
124.9 -161.2 2179.9 0.8876808882 0.0240230858 0.4598320425 0.0130646219 0.9969220757 -0.0773029178 -0.4602737725 0.0746278539 0.8846347928
115.6 -548.2 2151.0 0.8862465620 -0.0793307126 0.4563700855 0.0333476588 0.9935960770 0.1079571992 -0.4620118439 -0.0804578215 0.8832166195
263.6 80.3 1688.1 0 0 0 0 0 0 0 0 0
224.0 -163.8 2139.0 0 0 0 0 0 0 0 0 0
-55.9 -852.0 2101.1 0 0 0 0 0 0 0 0 0
145.1 -918.7 2181.0 0 0 0 0 0 0 0 0 0
411.8 237.4 1855.6 9 0.7676089406 0.6236863732 -0.1476207078 -0.3694072962 0.6187528968 0.6933131814 0.5237506628 -0.4776611924 0.7053545117
290.2 116.8 1948.7 0.7676089406 0.6236863732 -0.1476207078 -0.3694072962 0.6187528968 0.6933131814 0.5237506628 -0.4776611924 0.7053545117
172.5 -6.3 2041.8 0.7796558142 0.6066902876 -0.1551247239 -0.3571385741 0.6342770457 0.6856709719 0.5143819451 -0.4791863561 0.7111902833
183.7 165.6 1878.5 0.8603641987 -0.2596290708 -0.4385956526 0.4258466065 0.8390100598 0.3386986852 0.2800501287 -0.4781786799 0.8324164152
13.9 81.6 1823.2 -0.8781461120 -0.2596290708 -0.4018110633 0.0009110902 0.8390100598 -0.5441151261 0.4783916473 -0.4781786799 -0.7365368605
396.7 68.0 2019.0 0.1006798446 0.6422322989 0.7598692179 -0.4100344181 -0.6690880060 0.6198331118 0.9064961672 -0.3739772439 0.1959736645
419.3 -23.7 2221.9 -0.7663132548 0.6422322989 -0.0173698999 -0.5494055152 -0.6690880060 -0.5004746318 -0.3330429792 -0.3739772439 0.8655769229
-15.9 -99.5 2088.1 0.8217677474 -0.0554307736 -0.5671200752 0.0310547724 0.9981347919 -0.0525595471 0.5689756870 0.0255799573 0.8219563961
5.7 -487.0 2078.2 0.8055878878 0.1730657667 -0.5666360259 -0.1056870893 0.9830231071 0.1499859095 0.5829737186 -0.0609407201 0.8102023602
123.4 -162.4 2181.7 0.8840727806 0.0197463501 0.4669318497 0.0163066238 0.9971953034 -0.0730453655 -0.4670646191 0.0721915066 0.8812712431
115.7 -549.5 2153.7 0.8820583224 -0.0805451125 0.4642042816 0.0460973233 0.9953050017 0.0851056874 -0.4688796997 -0.0536696054 0.8816299438
262.9 81.3 1687.6 0 0 0 0 0 0 0 0 0
224.8 -163.2 2137.3 0 0 0 0 0 0 0 0 0
-58.9 -853.8 2100.9 0 0 0 0 0 0 0 0 0
145.8 -920.7 2173.7 0 0 0 0 0 0 0 0 0
409.8 235.6 1854.8 0 0.7672175169 0.6265518069 -0.1371501237 -0.3808291852 0.6170652509 0.6886215210 0.5160876513 -0.4760917127 0.7120324969
288.1 115.7 1947.3 0.7672175169 0.6265518069 -0.1371501237 -0.3808291852 0.6170652509 0.6886215210 0.5160876513 -0.4760917127 0.7120324969
169.4 -7.0 2039.8 0.7782606483 0.6110333800 -0.1447362304 -0.3696822226 0.6321573853 0.6809640527 0.5075879097 -0.4764611125 0.7178714275
181.7 166.2 1877.9 0.8606194854 -0.2607190609 -0.4374467134 0.4273834825 0.8368676305 0.3420467377 0.2769068778 -0.4813295901 0.8316516280
14.2 83.0 1824.0 -0.8766884804 -0.2607190609 -0.4042806625 0.0035513178 0.8368676305 -0.5473937988 0.4810453951 -0.4813295901 -0.7327463031
394.4 65.2 2016.6 0.1005427837 0.6335169077 0.7671684623 -0.4189885855 -0.6724083424 0.6101767421 0.9024077654 -0.3827836812 0.1978305578
416.9 -28.5 2218.5 -0.7735052109 0.6335169077 -0.0186015684 -0.5385042429 -0.6724083424 -0.5078191161 -0.3342198431 -0.3827836812 0.8612628579
-15.2 -97.5 2088.7 0.8243116736 -0.0465836264 -0.5642164946 0.0249057095 0.9986280203 -0.0460632518 0.5655881763 0.0239182655 0.8243408799
2.9 -485.1 2079.4 0.8110431433 0.1606578082 -0.5624927282 -0.0915591568 0.9845603108 0.1491910219 0.5777766705 -0.0694990009 0.8132305741
124.5 -161.4 2180.9 0.8822076321 0.0206516329 0.4704074562 0.0177512690 0.9968687892 -0.0770550594 -0.4705258310 0.0763288960 0.8790786862
116.5 -548.5 2151.2 0.8826252222 -0.0639487579 0.4657073021 0.0115339542 0.9933513403 0.1145428196 -0.4699358642 -0.0957269296 0.8774945140
262.7 82.0 1687.7 0 0 0 0 0 0 0 0 0
220.5 -165.2 2133.7 0 0 0 0 0 0 0 0 0
-57.0 -852.6 2105.4 0 0 0 0 0 0 0 0 0
140.4 -918.7 2186.9 0 0 0 0 0 0 0 0 0
410.9 237.4 1858.4 1 0.7610563040 0.6304083467 -0.1529007703 -0.3763764799 0.6211096048 0.6874325871 0.5283313990 -0.4656266570 0.7099702358
288.1 116.5 1949.0 0.7610563040 0.6304083467 -0.1529007703 -0.3763764799 0.6211096048 0.6874325871 0.5283313990 -0.4656266570 0.7099702358
168.9 -6.6 2040.1 0.7727680206 0.6145735383 -0.1585211754 -0.3645670414 0.6342609525 0.6817653179 0.5195387006 -0.4690548480 0.7141898274
182.6 166.3 1878.0 0.8648063540 -0.2595705986 -0.4298058450 0.4229853749 0.8378561139 0.3450804949 0.2705426812 -0.4802294075 0.8343778253
13.6 83.7 1825.2 -0.8757902384 -0.2595705986 -0.4069576859 0.0053223097 0.8378561139 -0.5458652377 0.4826625288 -0.4802294075 -0.7324046493
393.7 66.7 2020.0 0.0897235423 0.6424142122 0.7610871792 -0.4165508151 -0.6699190140 0.6145681143 0.9046740532 -0.3721727133 0.2074906379
413.8 -26.5 2222.4 -0.7658339143 0.6424142122 -0.0283271577 -0.5432380438 -0.6699190140 -0.5060641766 -0.3440797031 -0.3721727133 0.8620305061
-18.9 -96.6 2086.8 0.8158589005 -0.0568294786 -0.5754517317 0.0322408676 0.9980815053 -0.0528566577 0.5773515701 0.0245705117 0.8161258698
3.2 -484.0 2077.3 0.8018024564 0.1639198959 -0.5746678710 -0.0891637579 0.9836948514 0.1561866403 0.5908998847 -0.0739912763 0.8033446074
120.6 -162.8 2177.7 0.8888006210 0.0095101167 0.4581954181 0.0233360995 0.9975485802 -0.0659717247 -0.4576995969 0.0693282038 0.8863998652
116.9 -550.1 2150.8 0.8892360330 -0.0668986961 0.4525305033 0.0171283744 0.9934242964 0.1132025868 -0.4571278989 -0.0929127038 0.8845345378
262.5 82.2 1688.0 0 0 0 0 0 0 0 0 0
219.4 -164.4 2135.1 0 0 0 0 0 0 0 0 0
-58.0 -851.2 2104.9 0 0 0 0 0 0 0 0 0
141.8 -920.6 2185.5 0 0 0 0 0 0 0 0 0
413.5 240.1 1856.2 2 0.7621213198 0.6298021078 -0.1500680000 -0.3755454123 0.6188409925 0.6899285913 0.5273866653 -0.4694519639 0.7081512213
290.5 119.2 1947.9 0.7621213198 0.6298021078 -0.1500680000 -0.3755454123 0.6188409925 0.6899285913 0.5273866653 -0.4694519639 0.7081512213
171.6 -3.6 2039.9 0.7750279307 0.6124711633 -0.1555982083 -0.3625432849 0.6326273084 0.6843574047 0.5175848603 -0.4739850461 0.7123510838
184.6 168.7 1877.2 0.8671057820 -0.2636980712 -0.4226001799 0.4268830717 0.8305926323 0.3576124907 0.2567068636 -0.4904887080 0.8327799439
13.4 84.4 1826.5 -0.8755124211 -0.2636980712 -0.4048967063 0.0073485491 0.8305926323 -0.5568319559 0.4831397533 -0.4904887080 -0.7252563834
396.3 69.7 2018.6 0.0936626419 0.6409306526 0.7618629932 -0.4131888449 -0.6711914539 0.6154486537 0.9058158398 -0.3724378347 0.2019598335
417.3 -22.8 2221.3 -0.7672041059 0.6409306526 -0.0246118605 -0.5445870757 -0.6711914539 -0.5029184818 -0.3388551474 -0.3724378347 0.8639833927
-19.7 -97.1 2084.6 0.8187213540 -0.0514537618 -0.5718809962 0.0266918782 0.9983106256 -0.0516079888 0.5735703111 0.0269879829 0.8187116385
0.3 -484.6 2074.1 0.8071250319 0.1510826051 -0.5707216859 -0.0802495927 0.9858049750 0.1474738717 0.5849009752 -0.0732296705 0.8077921867
118.8 -162.4 2177.7 0.8868635297 0.0045535602 0.4620090425 0.0244599842 0.9980864525 -0.0567900427 -0.4613835812 0.0616657510 0.8850551248
117.0 -549.9 2153.7 0.8865023851 -0.0691761598 0.4575240016 0.0298428573 0.9952509403 0.0926549807 -0.4617606997 -0.0684850365 0.8843567371
262.5 82.3 1689.0 0 0 0 0 0 0 0 0 0
222.6 -161.0 2135.3 0 0 0 0 0 0 0 0 0
-56.1 -852.6 2101.4 0 0 0 0 0 0 0 0 0
142.8 -921.2 2179.3 0 0 0 0 0 0 0 0 0
412.2 239.2 1859.6 3 0.7618340850 0.6293854117 -0.1532410830 -0.3769106865 0.6230934262 0.6853414774 0.5268273950 -0.4643583000 0.7119159102
289.7 118.0 1949.9 0.7618340850 0.6293854117 -0.1532410830 -0.3769106865 0.6230934262 0.6853414774 0.5268273950 -0.4643583000 0.7119159102
170.5 -5.5 2040.6 0.7730110884 0.6141225696 -0.1590827852 -0.3655920327 0.6361785531 0.6794257164 0.5184557438 -0.4670442045 0.7162914276
184.1 167.9 1879.1 0.8661919832 -0.2541148067 -0.4302755892 0.4221854210 0.8327941895 0.3580688536 0.2673404217 -0.4918124676 0.8286432028
13.9 85.0 1826.6 -0.8780377507 -0.2541148067 -0.4055556655 0.0145840552 0.8327941895 -0.5533905625 0.4783691466 -0.4918124676 -0.7275186777
395.3 68.0 2020.8 0.0900302380 0.6429274082 0.7606174350 -0.4192495644 -0.6682881713 0.6145085692 0.9033960104 -0.3742128611 0.2093808949
415.4 -25.8 2222.9 -0.7654135227 0.6429274082 -0.0280439258 -0.5427032709 -0.6682881713 -0.5087869167 -0.3458544910 -0.3742128611 0.8604356050
-16.7 -93.9 2085.6 0.8164811134 -0.0433192849 -0.5757447481 0.0179436617 0.9986035228 -0.0496889129 0.5770932436 0.0302390903 0.8161182404
0.1 -481.6 2073.8 0.8066139817 0.1446769983 -0.5730990171 -0.0728096142 0.9865176082 0.1465665847 0.5865770578 -0.0764955357 0.8062727451
122.1 -158.9 2178.3 0.8887521029 0.0126375146 0.4582139552 0.0187828094 0.9977763295 -0.0639497638 -0.4580031931 0.0654420331 0.8865384459
117.2 -546.3 2152.9 0.8891029358 -0.0566055886 0.4541935921 0.0128902281 0.9950262308 0.0987757370 -0.4575257897 -0.0819671378 0.8854103684
263.1 80.8 1690.8 0 0 0 0 0 0 0 0 0
221.2 -163.5 2135.1 0 0 0 0 0 0 0 0 0
-53.9 -849.9 2102.4 0 0 0 0 0 0 0 0 0
138.3 -917.5 2183.5 0 0 0 0 0 0 0 0 0
412.0 238.0 1856.8 4 0.7635914087 0.6305943727 -0.1388484389 -0.3850309849 0.6173002720 0.6860696673 0.5183428526 -0.4704159498 0.7141635418
288.9 117.5 1948.6 0.7635914087 0.6305943727 -0.1388484389 -0.3850309849 0.6173002720 0.6860696673 0.5183428526 -0.4704159498 0.7141635418
169.8 -4.9 2040.8 0.7762078047 0.6138030291 -0.1440391988 -0.3723782599 0.6306811571 0.6808639169 0.5087591410 -0.4748548269 0.7181065679
182.9 168.4 1879.1 0.8686383963 -0.2534235716 -0.4257273972 0.4204950333 0.8315219879 0.3629808128 0.2620137930 -0.4943153560 0.8288552761
13.1 86.3 1827.9 -0.8775149584 -0.2534235716 -0.4071166217 0.0174482428 0.8315219879 -0.5552177429 0.4792316854 -0.4943153560 -0.7252511978
394.9 66.7 2018.1 0.0976696908 0.6322396994 0.7685920000 -0.4199942350 -0.6739608049 0.6077678204 0.9022557735 -0.3821646869 0.1997114718
416.8 -27.3 2220.0 -0.7744693756 0.6322396994 -0.0216839425 -0.5359532237 -0.6739608049 -0.5084594488 -0.3360823691 -0.3821646869 0.8608128428
-18.0 -96.2 2084.8 0.8218655586 -0.0671995878 -0.5657042265 0.0489785261 0.9976765513 -0.0473563522 0.5675721169 0.0112131955 0.8232473135
8.1 -483.4 2080.4 0.8021944165 0.1834408939 -0.5681844354 -0.1235242411 0.9820341468 0.1426557302 0.5841454268 -0.0442530774 0.8104417324
120.5 -161.7 2177.7 0.8831775784 0.0132698081 0.4688510597 0.0180115476 0.9979029298 -0.0621719286 -0.4686928689 0.0633535832 0.8810864687
115.4 -549.2 2153.1 0.8828964233 -0.0628415346 0.4653437734 0.0226147659 0.9955450892 0.0915346518 -0.4690228701 -0.0702919811 0.8803843260
262.6 81.3 1691.6 0 0 0 0 0 0 0 0 0
220.2 -163.4 2134.7 0 0 0 0 0 0 0 0 0
-60.3 -849.5 2096.9 0 0 0 0 0 0 0 0 0
138.8 -920.7 2179.3 0 0 0 0 0 0 0 0 0
413.1 240.9 1854.9 5 0.7602070570 0.6315717101 -0.1523233056 -0.3691850901 0.6128757000 0.6986313462 0.5345910192 -0.4748690128 0.6990792751
289.4 120.9 1947.9 0.7602070570 0.6315717101 -0.1523233056 -0.3691850901 0.6128757000 0.6986313462 0.5345910192 -0.4748690128 0.6990792751
170.3 -1.1 2040.8 0.7734577656 0.6135484576 -0.1591269821 -0.3559775352 0.6281908751 0.6918498278 0.5244455338 -0.4784709811 0.7042886019
183.7 169.5 1876.3 0.8737199903 -0.2590577602 -0.4117067158 0.4215614498 0.8255481720 0.3751748800 0.2426917404 -0.5013574958 0.8305066824
12.1 86.7 1828.6 -0.8784031272 -0.2590577602 -0.4016180038 0.0144655984 0.8255481720 -0.5641462803 0.4777014554 -0.5013574958 -0.7214166522
395.0 72.3 2019.5 0.0905734077 0.6430907249 0.7604148984 -0.4032719731 -0.6744673848 0.6184379458 0.9105867147 -0.3626680374 0.1982516646
415.3 -18.0 2223.2 -0.7653036714 0.6430907249 -0.0272877105 -0.5491650701 -0.6744673848 -0.4934688210 -0.3357498944 -0.3626680374 0.8693352938
-18.9 -93.9 2087.4 0.8155614734 -0.0813946724 -0.5729174614 0.0525327399 0.9963841438 -0.0667752177 0.5762810111 0.0243623704 0.8168883920
12.7 -480.6 2077.9 0.7898768187 0.2101958543 -0.5761183500 -0.1378836334 0.9762442708 0.1671382636 0.5975640416 -0.0525813438 0.8000952601
120.2 -160.7 2178.5 0.8885805607 0.0060419426 0.4586807787 0.0181597210 0.9986661077 -0.0483348295 -0.4583609998 0.0512789078 0.8872855902
117.8 -548.4 2158.6 0.8888880610 -0.0317598470 0.4570221901 0.0095335227 0.9986603856 0.0508576334 -0.4580252171 -0.0408497117 0.8880001307
261.9 82.6 1692.7 0 0 0 0 0 0 0 0 0
221.1 -157.3 2138.0 0 0 0 0 0 0 0 0 0
-65.7 -844.7 2097.5 0 0 0 0 0 0 0 0 0
129.7 -920.8 2173.8 0 0 0 0 0 0 0 0 0
414.5 245.0 1857.4 6 0.7595183253 0.6308283210 -0.1587059647 -0.3702241182 0.6198255420 0.6919178963 0.5348514318 -0.4667675495 0.7043166757
290.7 123.4 1949.0 0.7595183253 0.6308283210 -0.1587059647 -0.3702241182 0.6198255420 0.6919178963 0.5348514318 -0.4667675495 0.7043166757
171.6 0.2 2040.2 0.7720029354 0.6136629581 -0.1656178832 -0.3576380908 0.6347745061 0.6849498749 0.5254583359 -0.4695520401 0.7095170617
185.2 172.2 1877.2 0.8801578879 -0.2595024705 -0.3974676430 0.4152399898 0.8266292214 0.3798156381 0.2299952805 -0.4993422031 0.8353199959
10.0 89.5 1831.4 -0.8721418977 -0.2595024705 -0.4147613049 0.0214683451 0.8266292214 -0.5623373389 0.4887817204 -0.4993422031 -0.7153669000
396.2 74.5 2020.8 0.0873208866 0.6476672888 0.7569029927 -0.4109642208 -0.6687159538 0.6196187139 0.9074599147 -0.3651657104 0.2077752203
415.7 -17.4 2223.8 -0.7613289356 0.6476672888 -0.0300888624 -0.5490670800 -0.6687159538 -0.5013424754 -0.3448240161 -0.3651657104 0.8647256494
-18.1 -91.1 2086.7 0.8124896288 -0.0701985210 -0.5787337422 0.0472652204 0.9973877072 -0.0546238124 0.5810564756 0.0170273017 0.8136851192
9.1 -478.2 2080.1 0.7913244963 0.1902266145 -0.5810502172 -0.1281475574 0.9808607697 0.1465958059 0.5978157520 -0.0415446982 0.8005562425
120.5 -154.9 2180.6 0.8909368515 0.0122312810 0.4539624751 0.0223396868 0.9972465634 -0.0707125664 -0.4535773993 0.0731418133 0.8882104754
115.7 -541.9 2152.2 0.8906755447 -0.0654977784 0.4498967528 0.0264245924 0.9953532815 0.0925938860 -0.4538708925 -0.0705827698 0.8882675767
258.3 83.4 1692.2 0 0 0 0 0 0 0 0 0
222.5 -156.8 2136.3 0 0 0 0 0 0 0 0 0
-61.8 -844.1 2095.6 0 0 0 0 0 0 0 0 0
140.1 -912.9 2178.5 0 0 0 0 0 0 0 0 0
413.7 243.5 1860.7 7 0.7608447671 0.6313315630 -0.1501188129 -0.3798764646 0.6208595037 0.6857312918 0.5261265039 -0.4647084773 0.7122057080
290.4 122.2 1951.5 0.7608447671 0.6313315630 -0.1501188129 -0.3798764646 0.6208595037 0.6857312918 0.5261265039 -0.4647084773 0.7122057080
170.9 -1.1 2042.1 0.7725551724 0.6152664423 -0.1568620950 -0.3680765331 0.6352676153 0.6789364219 0.5173761845 -0.4667786360 0.7172444463
184.8 172.5 1880.8 0.8807488084 -0.2553973794 -0.3988154531 0.4096391499 0.8334297538 0.3709320128 0.2376496196 -0.4900683463 0.8386630416
8.5 90.5 1833.3 -0.8688046932 -0.2553973794 -0.4242057800 0.0245618355 0.8334297538 -0.5520792603 0.4945453405 -0.4900683463 -0.7178146839
395.9 71.9 2022.2 0.0897083506 0.6409826279 0.7622950077 -0.4205721319 -0.6694135666 0.6123761535 0.9028130770 -0.3755353093 0.2095274627
416.0 -22.2 2224.2 -0.7670244575 0.6409826279 -0.0285430234 -0.5404439569 -0.6694135666 -0.5097115040 -0.3458233178 -0.3755353093 0.8598718047
-16.7 -91.0 2084.2 0.8155229092 -0.0626652166 -0.5753220320 0.0454348512 0.9979846478 -0.0442982577 0.5769385099 0.0099865748 0.8167265058
7.6 -478.4 2080.4 0.7970882654 0.1778761297 -0.5770704746 -0.1186414361 0.9831362963 0.1391663104 0.5920932889 -0.0424633622 0.8047499061
121.6 -155.1 2178.4 0.8884295225 0.0139940819 0.4587996900 0.0198720954 0.9974253774 -0.0689037293 -0.4585826993 0.0703334138 0.8858640790
116.2 -542.3 2151.1 0.8887167573 -0.0626061186 0.4541619122 0.0154508362 0.9941594005 0.1068100259 -0.4581962824 -0.0879066810 0.8844934106
256.0 83.5 1692.4 0 0 0 0 0 0 0 0 0
221.3 -159.4 2136.4 0 0 0 0 0 0 0 0 0
-58.7 -845.2 2096.2 0 0 0 0 0 0 0 0 0
139.5 -913.0 2183.9 0 0 0 0 0 0 0 0 0
411.0 243.4 1864.3 8 0.7651000619 0.6284849048 -0.1401021779 -0.3922590613 0.6274663210 0.6726208925 0.5106414557 -0.4596659541 0.7266033888
288.2 120.8 1954.1 0.7651000619 0.6284849048 -0.1401021779 -0.3922590613 0.6274663210 0.6726208925 0.5106414557 -0.4596659541 0.7266033888
169.1 -3.7 2043.5 0.7756683826 0.6138015985 -0.1469222009 -0.3814646900 0.6413954496 0.6656549573 0.5028153062 -0.4602818787 0.7316538095
182.3 172.9 1885.5 0.8763700128 -0.2549595833 -0.4086211622 0.4093382657 0.8413507342 0.3529463708 0.2538066506 -0.4765758812 0.8416992426
6.5 90.8 1834.6 -0.8677335978 -0.2549595833 -0.4266543984 0.0183907673 0.8413507342 -0.5401765704 0.4966891706 -0.4765758812 -0.7253794074
394.2 68.7 2022.8 0.0962114409 0.6342416406 0.7671250701 -0.4383346736 -0.6649469137 0.6047382355 0.8936476111 -0.3944402635 0.2140346169
415.7 -29.4 2222.7 -0.7727987170 0.6342416406 -0.0227959286 -0.5302096605 -0.6649469137 -0.5260449648 -0.3487977087 -0.3944402635 0.8501511812
-17.7 -91.5 2086.4 0.8193013072 -0.0685527548 -0.5692502856 0.0594317764 0.9976324439 -0.0346032716 0.5702747107 -0.0054810499 0.8214357495
8.9 -478.7 2088.5 0.7975957394 0.1874654293 -0.5733216405 -0.1611972749 0.9821545482 0.0968911052 0.5812541842 0.0151379555 0.8135812283
120.7 -157.4 2179.1 0.8841876984 0.0073569780 0.4670738876 0.0274293497 0.9973331094 -0.0676339492 -0.4663258195 0.0726126358 0.8816278577
117.8 -544.6 2150.9 0.8854347467 -0.0378267318 0.4632218182 0.0020964541 0.9969973564 0.0774075761 -0.4647589922 -0.0675682351 0.8828553557
254.0 85.6 1693.0 0 0 0 0 0 0 0 0 0
219.6 -163.9 2134.2 0 0 0 0 0 0 0 0 0
-60.9 -844.6 2082.9 0 0 0 0 0 0 0 0 0
132.0 -916.4 2176.1 0 0 0 0 0 0 0 0 0
407.5 244.5 1864.2 9 0.7681952119 0.6254789829 -0.1365730911 -0.3955405653 0.6314244866 0.6669713855 0.5034121275 -0.4583440125 0.7324595451
285.4 121.2 1953.6 0.7681952119 0.6254789829 -0.1365730911 -0.3955405653 0.6314244866 0.6669713855 0.5034121275 -0.4583440125 0.7324595451
167.3 -4.3 2042.8 0.7803353667 0.6085818410 -0.1438919008 -0.3829644620 0.6469492912 0.6593897939 0.4943833649 -0.4594396949 0.7379025817
178.8 173.5 1886.1 0.8691449165 -0.2669885755 -0.4162982106 0.4184589684 0.8456529379 0.3313052356 0.2635891140 -0.4621559978 0.8467187285
7.1 90.9 1834.0 -0.8666134477 -0.2669885755 -0.4215426147 -0.0009101563 0.8456529379 -0.5337323546 0.4989792109 -0.4621559978 -0.7330972552
392.0 68.9 2021.2 0.1038465202 0.6335841417 0.7666727304 -0.4450484812 -0.6597611904 0.6055138707 0.8894648552 -0.4040870368 0.2134617716
415.2 -30.6 2220.2 -0.7735232711 0.6335841417 -0.0152618671 -0.5298895240 -0.6597611904 -0.5328529477 -0.3476763666 -0.4040870368 0.8460702300
-19.6 -94.0 2087.8 0.8238320351 -0.0683807731 -0.5626942515 0.0466018841 0.9975069761 -0.0529917814 0.5649150610 0.0174337141 0.8249648809
7.0 -481.2 2081.0 0.8056319952 0.1758660525 -0.5657104254 -0.1232482418 0.9837822914 0.1303161234 0.5794540644 -0.0352640189 0.8142416477
119.4 -162.4 2177.8 0.8807352781 0.0121249156 0.4734536707 0.0229545385 0.9974045753 -0.0682438836 -0.4730522931 0.0709727034 0.8781710267
114.7 -549.6 2150.3 0.8810571432 -0.0636394396 0.4687092602 0.0180888455 0.9947162867 0.1010559872 -0.4726638794 -0.0805576891 0.8775530457
253.5 91.1 1692.1 0 0 0 0 0 0 0 0 0
218.9 -165.1 2131.9 0 0 0 0 0 0 0 0 0
-58.5 -847.6 2094.2 0 0 0 0 0 0 0 0 0
138.4 -920.6 2180.3 0 0 0 0 0 0 0 0 0
405.5 248.2 1863.1 0 0.7705715895 0.6203450561 -0.1462580860 -0.3858483136 0.6366958022 0.6676372886 0.5072874427 -0.4580288827 0.7299787998
284.1 123.6 1952.7 0.7705715895 0.6203450561 -0.1462580860 -0.3858483136 0.6366958022 0.6676372886 0.5072874427 -0.4580288827 0.7299787998
167.0 -2.7 2042.1 0.7825825214 0.6036351919 -0.1522798538 -0.3732152283 0.6506826282 0.6613036394 0.4982720017 -0.4606914818 0.7344987392
177.2 174.6 1884.6 0.8675587773 -0.2829458117 -0.4090029895 0.4284268320 0.8428387046 0.3256890178 0.2525712252 -0.4577822089 0.8524336815
7.4 90.7 1835.1 -0.8649606705 -0.2829458117 -0.4144691825 -0.0179763380 0.8428387046 -0.5378659368 0.5015175939 -0.4577822089 -0.7341086864
391.0 72.6 2020.7 0.1056099609 0.6410282850 0.7602165937 -0.4399921298 -0.6554619074 0.6138213277 0.8917698264 -0.3993149698 0.2128241062
414.7 -25.8 2220.3 -0.7674146295 0.6410282850 -0.0125517324 -0.5388584137 -0.6554619074 -0.5291514993 -0.3474282324 -0.3993149698 0.8484345078
-20.8 -95.6 2087.7 0.8229801059 -0.0690353885 -0.5638597608 0.0404994637 0.9971928000 -0.0629790276 0.5666246414 0.0289944727 0.8234657049
6.0 -482.7 2076.4 0.8072738051 0.1663071960 -0.5662604570 -0.1060381159 0.9847339392 0.1380399168 0.5805729628 -0.0513908155 0.8125848174
119.0 -164.2 2176.3 0.8817625046 0.0098948954 0.4715898633 0.0234230962 0.9976280332 -0.0647279248 -0.4711117148 0.0681207478 0.8794391751
115.2 -551.5 2149.8 0.8828909397 -0.0687920526 0.4645118117 0.0085862912 0.9914106727 0.1305034906 -0.4694995880 -0.1112319231 0.8758981824
254.0 95.9 1692.1 0 0 0 0 0 0 0 0 0
219.9 -162.6 2132.1 0 0 0 0 0 0 0 0 0
-56.0 -849.8 2095.6 0 0 0 0 0 0 0 0 0
140.8 -921.3 2191.3 0 0 0 0 0 0 0 0 0
406.1 251.9 1868.0 1 0.7692072392 0.6133095622 -0.1793644428 -0.3584894240 0.6465501785 0.6733930111 0.5289664865 -0.4536785185 0.7171961069
286.1 125.3 1956.8 0.7692072392 0.6133095622 -0.1793644428 -0.3584894240 0.6465501785 0.6733930111 0.5289664865 -0.4536785185 0.7171961069
170.0 -2.8 2045.2 0.7798381448 0.5977838039 -0.1857606173 -0.3470222056 0.6598194838 0.6664936543 0.5209876299 -0.4552941024 0.7219966650
179.6 172.7 1885.7 0.8786094785 -0.2804338336 -0.3865258396 0.4111380577 0.8559547067 0.3135395646 0.2429215014 -0.4343943000 0.8673469424
4.9 90.9 1837.4 -0.8651679754 -0.2804338336 -0.4157418311 -0.0293891281 0.8559547067 -0.5162149072 0.5006203055 -0.4343943000 -0.7487862706
392.5 77.9 2028.0 0.0955438316 0.6662757993 0.7395592928 -0.4260183871 -0.6441085935 0.6353207827 0.8996553421 -0.3757668436 0.2223051190
413.9 -17.4 2229.3 -0.7454643250 0.6662757993 -0.0189615209 -0.5625013709 -0.6441085935 -0.5183785558 -0.3575963378 -0.3757668436 0.8549410105
-20.3 -95.6 2086.9 0.8107777834 -0.0648628399 -0.5817492604 0.0375625119 0.9975584745 -0.0588735268 0.5841475725 0.0258813854 0.8112347126
4.8 -482.8 2076.8 0.7948372960 0.1681700051 -0.5830545425 -0.1054577753 0.9844920039 0.1401931494 0.5975887775 -0.0499431081 0.8002457619
119.9 -162.4 2176.1 0.8917152882 0.0067034801 0.4525471330 0.0215506628 0.9981272817 -0.0572492443 -0.4520834088 0.0608027168 0.8899009228
117.3 -549.9 2152.5 0.8920955062 -0.0453755334 0.4495628178 0.0137894237 0.9972154498 0.0732883215 -0.4516364634 -0.0591809675 0.8902370930
252.3 99.4 1694.2 0 0 0 0 0 0 0 0 0
224.8 -160.1 2138.5 0 0 0 0 0 0 0 0 0
-57.9 -850.1 2095.5 0 0 0 0 0 0 0 0 0
134.2 -921.4 2174.6 0 0 0 0 0 0 0 0 0
403.9 259.1 1869.5 2 0.7731705308 0.6022030711 -0.1988939643 -0.3412073255 0.6593477130 0.6699538231 0.5345885754 -0.4501244724 0.7152643204
285.6 129.6 1957.9 0.7731705308 0.6022030711 -0.1988939643 -0.3412073255 0.6593477130 0.6699538231 0.5345885754 -0.4501244724 0.7152643204
172.4 -1.5 2045.5 0.7853680849 0.5832983851 -0.2072677761 -0.3274718225 0.6756255627 0.6605242491 0.5253181458 -0.4508803189 0.7216285467
178.3 174.3 1886.2 0.8798490167 -0.2877923846 -0.3782079518 0.4141673446 0.8546208143 0.3131910861 0.2330903858 -0.4322022498 0.8711314797
3.5 92.0 1839.8 -0.8651531935 -0.2877923846 -0.4107133746 -0.0384616479 0.8546208143 -0.5178261995 0.5000306368 -0.4322022498 -0.7504469156
392.8 84.9 2029.7 0.1011762768 0.6849696636 0.7215122581 -0.4244515002 -0.6261969209 0.6540018320 0.8997801542 -0.3724164069 0.2273801416
415.4 -10.1 2231.0 -0.7284896970 0.6849696636 -0.0109211644 -0.5809933543 -0.6261969209 -0.5199270844 -0.3629730940 -0.3724164069 0.8541408181
-15.8 -99.8 2087.0 0.8089552522 -0.0499448888 -0.5857447982 0.0156591404 0.9978616238 -0.0634585992 0.5876616836 0.0421629064 0.8080074787
3.6 -487.1 2070.6 0.7976219058 0.1605002135 -0.5814111829 -0.0745041296 0.9827807546 0.1690892577 0.5985385776 -0.0915517658 0.7958453894
123.8 -161.9 2180.3 0.8935427070 0.0217280183 0.4484522045 0.0113786291 0.9974115491 -0.0709976852 -0.4488340616 0.0685422346 0.8909825683
115.4 -549.1 2153.7 0.8908165693 -0.0823675916 0.4468348622 0.0544307530 0.9956947565 0.0750280842 -0.4510910213 -0.0425147042 0.8914647698
251.1 103.0 1696.7 0 0 0 0 0 0 0 0 0
230.6 -157.5 2138.9 0 0 0 0 0 0 0 0 0
-56.2 -853.5 2104.8 0 0 0 0 0 0 0 0 0
146.1 -920.1 2169.5 0 0 0 0 0 0 0 0 0
400.8 265.6 1870.2 3 0.7828677297 0.5891666412 -0.2000019997 -0.3354122341 0.6703747511 0.6618884802 0.5240389109 -0.4510880113 0.7224284410
285.0 133.7 1959.0 0.7828677297 0.5891666412 -0.2000019997 -0.3354122341 0.6703747511 0.6618884802 0.5240389109 -0.4510880113 0.7224284410
174.2 0.4 2046.2 0.7939599156 0.5708928704 -0.2090670913 -0.3224340975 0.6869264245 0.6512820721 0.5154259801 -0.4496814907 0.7294673324
176.5 177.7 1888.5 0.8765261769 -0.2966073155 -0.3791120350 0.4222551882 0.8519072533 0.3097654581 0.2310895920 -0.4315995574 0.8719629645
0.9 93.1 1842.2 -0.8625539541 -0.2966073155 -0.4099082053 -0.0449939817 0.8519072533 -0.5217562914 0.5039604902 -0.4315995574 -0.7481614947
393.4 89.7 2029.4 0.1144582853 0.6893855929 0.7152948976 -0.4312847853 -0.6141510010 0.6609175801 0.8949261308 -0.3841432929 0.2270268500
419.0 -6.8 2229.6 -0.7243883014 0.6893855929 0.0030204088 -0.5866759419 -0.6141510010 -0.5278540254 -0.3620399833 -0.3841432929 0.8493297100
-11.1 -103.3 2085.9 0.8141940236 -0.0387692675 -0.5792970657 0.0134500852 0.9987597466 -0.0479377694 0.5804370642 0.0312390495 0.8137056828
4.0 -490.9 2073.8 0.8017461896 0.1641488671 -0.5746809840 -0.0859177113 0.9832117558 0.1609743536 0.5914568305 -0.0796853006 0.8023895621
129.5 -161.9 2180.1 0.8889803886 0.0277204067 0.4571055174 0.0073151239 0.9971793294 -0.0746987611 -0.4578868449 0.0697495192 0.8862700462
118.8 -549.1 2153.0 0.8878335357 -0.0580427498 0.4564894438 0.0315205269 0.9973540306 0.0655090436 -0.4590839148 -0.0437723361 0.8873139024
247.6 106.0 1698.1 0 0 0 0 0 0 0 0 0
235.2 -155.7 2137.7 0 0 0 0 0 0 0 0 0
-57.3 -857.7 2103.6 0 0 0 0 0 0 0 0 0
140.4 -920.9 2169.3 0 0 0 0 0 0 0 0 0
398.5 272.6 1875.6 4 0.7823638916 0.5842890143 -0.2156689763 -0.3300552666 0.6826081276 0.6520043612 0.5281763673 -0.4389219582 0.7268956304
283.6 138.4 1961.9 0.7823638916 0.5842890143 -0.2156689763 -0.3300552666 0.6826081276 0.6520043612 0.5281763673 -0.4389219582 0.7268956304
173.9 2.8 2047.1 0.7938769460 0.5652459264 -0.2241793871 -0.3162212968 0.6986591816 0.6417783499 0.5193876028 -0.4386027455 0.7333922386
175.1 181.5 1891.0 0.8714605570 -0.3038313985 -0.3850232959 0.4294956326 0.8518037796 0.2999397218 0.2368331850 -0.4267514646 0.8728076816
-0.7 94.9 1843.2 -0.8626946211 -0.3038313985 -0.4042827189 -0.0559016913 0.8518037796 -0.5208697915 0.5026261210 -0.4267514646 -0.7518311739
392.0 95.2 2032.9 0.1127992198 0.7009568810 0.7042270899 -0.4377607405 -0.6011986732 0.6685249805 0.8919876218 -0.3836920559 0.2390366495
417.2 -2.8 2232.5 -0.7131971717 0.7009568810 0.0030352655 -0.5931593776 -0.6011986732 -0.5354643464 -0.3735126257 -0.3836920559 0.8445523977
-7.7 -104.0 2087.3 0.8094552159 -0.0244310908 -0.5866731405 0.0063379030 0.9994393587 -0.0328754522 0.5871474147 0.0228929296 0.8091562390
1.8 -492.0 2078.5 0.7986181378 0.1498831362 -0.5828757286 -0.0907635838 0.9874103069 0.1295485795 0.5949546695 -0.0505559519 0.8021677136
134.5 -161.8 2179.7 0.8919348121 0.0422426313 0.4501864910 -0.0027238196 0.9961103797 -0.0880720690 -0.4521558285 0.0773283169 0.8885805607
118.1 -548.5 2149.7 0.8915784359 -0.0544059686 0.4495863318 0.0041776649 0.9937031865 0.1119666398 -0.4528470039 -0.0979488194 0.8861916065
244.7 110.8 1700.2 0 0 0 0 0 0 0 0 0
236.3 -153.3 2137.7 0 0 0 0 0 0 0 0 0
-54.1 -860.3 2097.3 0 0 0 0 0 0 0 0 0
138.4 -918.6 2186.2 0 0 0 0 0 0 0 0 0
395.1 282.0 1882.3 5 0.7856772542 0.5751934052 -0.2277361602 -0.3273715377 0.6989275813 0.6358680129 0.5249181986 -0.4250327051 0.7374334335
281.9 144.3 1966.0 0.7856772542 0.5751934052 -0.2277361602 -0.3273715377 0.6989275813 0.6358680129 0.5249181986 -0.4250327051 0.7374334335
174.2 5.4 2048.2 0.7974743247 0.5548620224 -0.2369868457 -0.3126013577 0.7159241438 0.6242859960 0.5160571933 -0.4237696528 0.7443817854
172.9 187.0 1895.5 0.8495094180 -0.3256702125 -0.4150573611 0.4585228860 0.8448872566 0.2755399346 0.2609415352 -0.4243870676 0.8670669794
0.2 93.8 1842.4 -0.8639733791 -0.3256702125 -0.3840427995 -0.0836114064 0.8448872566 -0.5283697844 0.4965471625 -0.4243870676 -0.7571898699
390.8 101.7 2036.5 0.1175362393 0.7119327188 0.6923417449 -0.4522394538 -0.5823138952 0.6755664349 0.8841180205 -0.3925077915 0.2535210848
417.1 0.5 2234.3 -0.7021849155 0.7119327188 0.0093883099 -0.5977643728 -0.5823138952 -0.5509884357 -0.3867997527 -0.3925077915 0.8344600797
-6.9 -104.5 2085.7 0.8077577949 -0.0196495019 -0.5891869068 0.0000803323 0.9994480014 -0.0332216583 0.5895144939 0.0267877243 0.8073135018
0.7 -492.5 2075.3 0.7998745441 0.1329666525 -0.5852525830 -0.0766356215 0.9897949100 0.1201375946 0.5952543020 -0.0512438118 0.8019017577
135.3 -161.2 2178.7 0.8921642900 0.0476215519 0.4491937757 -0.0076890173 0.9958842397 -0.0903077647 -0.4516455829 0.0771155059 0.8888584971
116.8 -547.8 2148.8 0.8900555968 -0.0726493225 0.4500257075 0.0298864711 0.9943947196 0.1014197171 -0.4548712373 -0.0768195018 0.8872377872
245.3 117.6 1701.6 0 0 0 0 0 0 0 0 0
238.9 -151.2 2136.1 0 0 0 0 0 0 0 0 0
-48.9 -861.8 2094.4 0 0 0 0 0 0 0 0 0
143.9 -918.4 2177.4 0 0 0 0 0 0 0 0 0
391.6 293.7 1885.6 6 0.7946611643 0.5620955229 -0.2292645574 -0.3320543468 0.7186428905 0.6109765172 0.5081865191 -0.4093910158 0.7577238679
280.7 151.9 1966.4 0.7946611643 0.5620955229 -0.2292645574 -0.3320543468 0.7186428905 0.6109765172 0.5081865191 -0.4093910158 0.7577238679
175.5 9.6 2045.8 0.8060947657 0.5424401760 -0.2365794927 -0.3170236051 0.7333906889 0.6013602018 0.4997071326 -0.4097520411 0.7631487846
170.6 195.2 1898.1 0.8360161185 -0.3351090848 -0.4344870150 0.4764622450 0.8360843658 0.2719313204 0.2721411586 -0.4343556166 0.8586468101
-1.4 97.1 1842.1 -0.8678193092 -0.3351090848 -0.3668672144 -0.0943946466 0.8360843658 -0.5404188633 0.4878312349 -0.4343556166 -0.7572026849
390.8 108.6 2034.6 0.1315342039 0.7144567966 0.6872046590 -0.4743013680 -0.5633728504 0.6764977574 0.8704808950 -0.4149247110 0.2647650540
420.3 2.6 2229.3 -0.6992680430 0.7144567966 0.0239922404 -0.5952678919 -0.5633728504 -0.5729460716 -0.3958286643 -0.4149247110 0.8192418218
-4.9 -105.5 2084.2 0.8130209446 -0.0220058747 -0.5818184018 0.0144500174 0.9997403026 -0.0176206063 0.5820550323 0.0059186374 0.8131278157
3.7 -493.5 2081.9 0.8023821115 0.1392827779 -0.5803303123 -0.0988723785 0.9899719357 0.1008953229 0.5885636806 -0.0235779658 0.8081069589
138.0 -161.5 2176.7 0.8864573836 0.0519056246 0.4598903954 -0.0113772843 0.9958346486 -0.0904649049 -0.4626704156 0.0749609768 0.8833554983
117.8 -548.1 2147.6 0.8860494494 -0.0456070080 0.4613418877 -0.0015337792 0.9948552847 0.1012944579 -0.4635881484 -0.0904595032 0.8814210892
245.1 124.0 1703.5 0 0 0 0 0 0 0 0 0
242.8 -148.5 2128.9 0 0 0 0 0 0 0 0 0
-48.3 -862.8 2090.7 0 0 0 0 0 0 0 0 0
134.8 -919.0 2181.3 0 0 0 0 0 0 0 0 0
385.4 304.1 1892.8 7 0.7975136042 0.5423845053 -0.2641800642 -0.3066398799 0.7415338755 0.5967407227 0.5195613503 -0.3949006796 0.7577000856
278.8 158.3 1970.5 0.7975136042 0.5423845053 -0.2641800642 -0.3066398799 0.7415338755 0.5967407227 0.5195613503 -0.3949006796 0.7577000856
176.9 12.1 2047.2 0.8068861365 0.5253212452 -0.2701339722 -0.2935169935 0.7534109354 0.5884043574 0.5126231909 -0.3954864144 0.7621075511
168.6 198.4 1900.4 0.8369328380 -0.3415182233 -0.4276782572 0.4726247489 0.8450303674 0.2500990331 0.2759877443 -0.4114474356 0.8686436415
-4.2 100.8 1843.4 -0.8650727868 -0.3415182233 -0.3674430549 -0.1114722043 0.8450303674 -0.5229700208 0.4891043305 -0.4114474356 -0.7690825462
388.9 118.2 2040.5 0.1311685741 0.7401376963 0.6595385075 -0.4752868116 -0.5368925929 0.6970285177 0.8699983954 -0.4048981965 0.2813542485
418.3 11.9 2235.1 -0.6718751192 0.7401376963 0.0279294066 -0.6154288054 -0.5368925929 -0.5770561099 -0.4121058583 -0.4048981965 0.8162268400
-2.0 -104.3 2080.5 0.8025611639 -0.0130131496 -0.5964278579 0.0026797066 0.9998306036 -0.0182089377 0.5965638161 0.0130155347 0.8024601340
3.0 -492.4 2075.5 0.7949031591 0.1336651444 -0.5918298960 -0.0699943900 0.9891213179 0.1293822527 0.6026854515 -0.0614215918 0.7956114411
142.4 -161.0 2170.1 0.8929341435 0.0556779876 0.4467310011 -0.0251933429 0.9969475865 -0.0738969073 -0.4494818151 0.0547304265 0.8916112781
120.8 -548.0 2148.8 0.8922024965 -0.0373242833 0.4500906765 0.0060895975 0.9974828362 0.0706461668 -0.4515945613 -0.0602898113 0.8901839852
241.5 132.5 1704.5 0 0 0 0 0 0 0 0 0
247.9 -144.2 2130.6 0 0 0 0 0 0 0 0 0
-46.8 -861.2 2098.4 0 0 0 0 0 0 0 0 0
134.7 -920.0 2171.3 0 0 0 0 0 0 0 0 0
376.7 312.0 1890.9 8 0.8199146390 0.5249533057 -0.2283944339 -0.3222193122 0.7529261708 0.5738264918 0.4731962979 -0.3968956470 0.7864853144
273.3 163.6 1969.1 0.8199146390 0.5249533057 -0.2283944339 -0.3222193122 0.7529261708 0.5738264918 0.4731962979 -0.3968956470 0.7864853144
174.4 15.1 2045.4 0.8278670311 0.5092230439 -0.2352193445 -0.3105447888 0.7652995586 0.5638071895 0.4671168625 -0.3937112391 0.7917028069
160.3 206.0 1905.4 0.8175756931 -0.3538319767 -0.4542828500 0.4939323664 0.8364539146 0.2374356687 0.2959743142 -0.4185066223 0.8586334586
-6.4 105.3 1845.0 -0.8663599491 -0.3538319767 -0.3524533808 -0.1244936436 0.8364539146 -0.5337098241 0.4836546183 -0.4185066223 -0.7687199712
386.2 121.3 2032.8 0.1676444709 0.7205196023 0.6728646159 -0.5034797788 -0.5242285728 0.6867987514 0.8475868106 -0.4539117515 0.2748830318
423.7 8.8 2222.2 -0.6905885935 0.7205196023 0.0627602190 -0.6017131209 -0.5242285728 -0.6025991440 -0.4012838006 -0.4539117515 0.7955724001
2.8 -107.7 2078.0 0.8277044296 -0.0064309305 -0.5611274242 0.0045998599 0.9999784827 -0.0046753506 0.5611454248 0.0012887005 0.8277162313
5.3 -495.9 2077.5 0.8168298602 0.1489450932 -0.5573188663 -0.0957688764 0.9876996875 0.1236027554 0.5688737035 -0.0475886241 0.8210468888
147.3 -160.3 2169.9 0.8710029721 0.0714434311 0.4860552251 -0.0320516974 0.9955254197 -0.0888924301 -0.4902310967 0.0618466735 0.8693954349
119.5 -546.7 2145.9 0.8695284724 -0.0555394441 0.4907500148 0.0053975857 0.9946661592 0.1030052975 -0.4938533008 -0.0869171768 0.8651903272
240.3 140.7 1707.3 0 0 0 0 0 0 0 0 0
248.5 -143.8 2120.4 0 0 0 0 0 0 0 0 0
-50.3 -864.3 2095.3 0 0 0 0 0 0 0 0 0
140.2 -917.6 2178.3 0 0 0 0 0 0 0 0 0
368.5 322.4 1895.4 9 0.8236585259 0.5086395741 -0.2507436872 -0.3033235669 0.7687477469 0.5630468130 0.4791465402 -0.3877018690 0.7874680161
268.2 170.8 1971.9 0.8236585259 0.5086395741 -0.2507436872 -0.3033235669 0.7687477469 0.5630468130 0.4791465402 -0.3877018690 0.7874680161
172.0 19.4 2045.9 0.8293358684 0.4956141412 -0.2580089569 -0.2945669591 0.7801934481 0.5518410206 0.4747970998 -0.3816606402 0.7930339575
155.0 211.0 1907.0 0.8072532415 -0.3681681156 -0.4612964690 0.5110744238 0.8269746900 0.2343411595 0.2952035666 -0.4249294698 0.8557392955
-8.8 107.3 1847.2 -0.8664895892 -0.3681681156 -0.3371172845 -0.1394701749 0.8269746900 -0.5446658731 0.4793160856 -0.4249294698 -0.7679134011
381.4 130.6 2036.7 0.1695187092 0.7381707430 0.6529681683 -0.5058612227 -0.5034435987 0.7004634142 0.8457942009 -0.4490529001 0.2880688012
419.3 17.5 2225.8 -0.6712538004 0.7381707430 0.0672480091 -0.6144841313 -0.5034435987 -0.6074156165 -0.4145208597 -0.4490529001 0.7915326953
1.6 -105.6 2079.9 0.8208038807 -0.0218012948 -0.5707938671 0.0107352249 0.9996836782 -0.0227453094 0.5711091757 0.0125418371 0.8207782507
10.0 -493.6 2075.1 0.8074477315 0.1628222913 -0.5670247674 -0.1030963659 0.9853127599 0.1361245066 0.5808608532 -0.0514552332 0.8123749495
149.7 -161.1 2163.5 0.8757990599 0.0695124120 0.4776442051 -0.0338959061 0.9959897995 -0.0827973038 -0.4814842045 0.0563236214 0.8746431470
122.7 -547.7 2141.7 0.8759320378 -0.0292756688 0.4815454483 -0.0381255224 0.9908346534 0.1295884103 -0.4809257090 -0.1318698078 0.8667876720
238.0 147.0 1710.6 0 0 0 0 0 0 0 0 0
249.0 -138.4 2120.7 0 0 0 0 0 0 0 0 0
-50.7 -861.3 2094.3 0 0 0 0 0 0 0 0 0
133.6 -916.9 2190.8 0 0 0 0 0 0 0 0 0
360.1 332.7 1902.2 0 0.8273374438 0.4914129972 -0.2720771432 -0.2899280190 0.7884625196 0.5424653292 0.4810971320 -0.3699190915 0.7947989702
263.2 177.2 1975.1 0.8273374438 0.4914129972 -0.2720771432 -0.2899280190 0.7884625196 0.5424653292 0.4810971320 -0.3699190915 0.7947989702
170.7 22.1 2046.0 0.8334182501 0.4772632420 -0.2786284983 -0.2799609601 0.7993049026 0.5317269564 0.4764828384 -0.3651458621 0.7997703552
149.4 215.4 1910.0 0.7884207368 -0.3982060552 -0.4688546956 0.5321819782 0.8238118887 0.1952340752 0.3085046709 -0.4034425914 0.8614284396
-9.4 108.2 1847.9 -0.8627691865 -0.3982060552 -0.3115465641 -0.1869879067 0.8238118887 -0.5351350307 0.4697497785 -0.4034425914 -0.7852191925
377.0 139.0 2040.2 0.1769939363 0.7547435164 0.6316924691 -0.5146990418 -0.4760868251 0.7130401134 0.8389028907 -0.4513352811 0.3042013049
416.6 23.9 2227.9 -0.6514232755 0.7547435164 0.0775235221 -0.6251960993 -0.4760868251 -0.6184425354 -0.4298575819 -0.4513352811 0.7819967866
1.7 -105.6 2077.4 0.8167443871 -0.0194344297 -0.5766723156 0.0005278454 0.9994573593 -0.0329351127 0.5769994259 0.0265951753 0.8163114190
9.2 -493.6 2067.1 0.8070952296 0.1568603069 -0.5692030787 -0.0750807673 0.9835032821 0.1645727158 0.5856279731 -0.0900896490 0.8055580258
