2.2 432.6 2173.8 5 0.6069208384 0.1626469493 -0.7779415846 -0.1204776317 0.9863519073 0.1122278869 0.7855776548 0.0256111119 0.6182327867
-30.2 236.7 2168.7 0.6069208384 0.1626469493 -0.7779415846 -0.1204776317 0.9863519073 0.1122278869 0.7855776548 0.0256111119 0.6182327867
-61.5 43.4 2165.7 0.6084935069 0.1599378735 -0.7772744298 -0.1108568236 0.9870070815 0.1163091883 0.7857775688 0.0153927803 0.6183176041
-116.9 252.5 2056.8 0.2872533500 -0.1081531718 -0.9517291784 0.9556055069 0.1004090086 0.2770129740 0.0656023547 -0.9890505075 0.1321945935
-193.8 -3.4 2039.2 -0.4657353759 -0.1081531718 -0.8782900572 0.8738369346 0.1004090086 -0.4757384360 0.1396408528 -0.9890505075 0.0477442034
56.6 220.9 2280.7 0.0076542217 0.1945597380 -0.9808608294 -0.9559074640 0.2893901169 0.0499428064 0.2935682833 0.9372298717 0.1881961673
58.2 20.6 2342.2 0.7135410309 0.1945597380 0.6730570197 0.6138713360 0.2893901169 -0.7344490290 -0.3376702666 0.9372298717 0.0870570838
-146.3 -140.2 2092.6 0.5377899408 0.0111909267 -0.8430045843 -0.0938968435 0.9944860935 -0.0466991067 0.8378337026 0.1042697802 0.5358754396
-150.6 -529.8 2051.8 0.5543795824 0.1503223777 -0.8185758591 -0.0014108423 0.9837215543 0.1796940416 0.8322627544 -0.0984638259 0.5455672145
-37.2 -159.3 2235.5 0.5111349821 -0.0603271499 -0.8573806882 -0.0175370686 0.9965940714 -0.0805773810 0.8593215346 0.0562218614 0.5083361268
-13.5 -549.7 2213.5 0.5213132501 0.0334789641 -0.8527083993 0.1249733493 0.9854617119 0.1150950342 0.8441647291 -0.1665663868 0.5095502734
-62.6 -249.5 1999.9 0 0 0 0 0 0 0 0 0
259.2 193.5 2247.1 0 0 0 0 0 0 0 0 0
-207.3 -900.2 2088.9 0 0 0 0 0 0 0 0 0
-26.1 -920.5 2276.2 0 0 0 0 0 0 0 0 0
3.0 434.0 2173.6 6 0.6068257689 0.1650517136 -0.7775091529 -0.1238892898 0.9858874083 0.1125944257 0.7851203680 0.0279998612 0.6187099814
-29.8 238.0 2168.0 0.6068257689 0.1650517136 -0.7775091529 -0.1238892898 0.9858874083 0.1125944257 0.7851203680 0.0279998612 0.6187099814
-61.6 44.8 2164.7 0.6085531116 0.1619861722 -0.7768034339 -0.1134704500 0.9866459966 0.1168509424 0.7853581905 0.0170342233 0.6188071370
-116.6 254.2 2056.1 0.2832970619 -0.0903968289 -0.9547623992 0.9568300247 0.0940698832 0.2750040293 0.0649548918 -0.9914531112 0.1131441146
-192.8 -3.2 2038.6 -0.4719220698 -0.0903968289 -0.8769937158 0.8726157546 0.0940698832 -0.4792625606 0.1258225143 -0.9914531112 0.0344880410
56.9 221.8 2279.9 0.0250692368 0.1930355728 -0.9808714390 -0.9527816772 0.3016312122 0.0350097306 0.3026195765 0.9336786866 0.1914824247
62.2 21.3 2343.6 0.6963816881 0.1930355728 0.6912233829 0.6282434464 0.3016312122 -0.7171671987 -0.3469333351 0.9336786866 0.0887771249
-147.8 -139.9 2091.7 0.5380365849 0.0065274523 -0.8428962231 -0.0831467137 0.9955042005 -0.0453648604 0.8388106227 0.0944920033 0.5361604095
-150.4 -529.9 2054.7 0.5487704873 0.1520395577 -0.8220309615 -0.0207576919 0.9854973555 0.1684162617 0.8357152939 -0.0753584057 0.5439678431
-37.8 -160.0 2233.7 0.5108768940 -0.0588622168 -0.8576363325 -0.0109120738 0.9971286058 -0.0749361068 0.8595846295 0.0476417169 0.5087676644
-14.8 -550.5 2215.1 0.5179580450 0.0281092748 -0.8549440503 0.1081985608 0.9892795086 0.0980768800 0.8485355377 -0.1433034241 0.5093638897
-59.8 -249.0 2003.1 0 0 0 0 0 0 0 0 0
258.3 198.2 2245.9 0 0 0 0 0 0 0 0 0
-207.6 -900.9 2083.1 0 0 0 0 0 0 0 0 0
-25.3 -922.9 2269.0 0 0 0 0 0 0 0 0 0
4.1 434.9 2173.4 7 0.6057454348 0.1661692262 -0.7781132460 -0.1247160211 0.9856897593 0.1134091318 0.7858233452 0.0283461250 0.6178010106
-29.0 238.8 2167.8 0.6057454348 0.1661692262 -0.7781132460 -0.1247160211 0.9856897593 0.1134091318 0.7858233452 0.0283461250 0.6178010106
-61.1 45.6 2164.3 0.6073166132 0.1640868336 -0.7773301005 -0.1153345034 0.9862828255 0.1180855557 0.7860435843 0.0179376565 0.6179108024
-115.6 255.2 2055.7 0.2787240446 -0.0739803836 -0.9575175047 0.9580113888 0.0912698731 0.2718160450 0.0672834516 -0.9930743575 0.0963131562
-190.6 -2.7 2037.6 -0.4726232886 -0.0739803836 -0.8781538010 0.8736624718 0.0912698731 -0.4778951108 0.1155038550 -0.9930743575 0.0214976128
57.6 222.4 2279.8 0.0385030545 0.1792869717 -0.9830430746 -0.9527689219 0.3031638563 0.0179735906 0.3012455404 0.9359208345 0.1824917942
65.7 21.4 2343.3 0.6768721938 0.1792869717 0.7139329314 0.6523639560 0.3031638563 -0.6946315169 -0.3409770429 0.9359208345 0.0882428139
-148.3 -138.2 2090.3 0.5368103385 0.0019930790 -0.8437005877 -0.0825826749 0.9953194261 -0.0501925498 0.8396515846 0.0966189280 0.5344623923
-149.1 -528.1 2052.5 0.5493409634 0.1641215831 -0.8193220496 -0.0153387114 0.9823368788 0.1864913702 0.8354575038 -0.0898800045 0.5421552658
-38.3 -158.7 2232.3 0.5092209578 -0.0587959103 -0.8586250544 -0.0031829781 0.9975281954 -0.0701952651 0.8606299162 0.0384778902 0.5077751279
-15.3 -549.5 2217.2 0.5137600303 0.0303865429 -0.8573956490 0.0828165933 0.9929490685 0.0848151520 0.8539274335 -0.1145812199 0.5076209903
-57.5 -248.8 2005.1 0 0 0 0 0 0 0 0 0
256.3 205.1 2247.3 0 0 0 0 0 0 0 0 0
-210.9 -898.0 2086.3 0 0 0 0 0 0 0 0 0
-26.7 -923.2 2260.4 0 0 0 0 0 0 0 0 0
5.5 434.7 2179.8 8 0.5780781507 0.1697061360 -0.7981387377 -0.1339558214 0.9846001863 0.1123310402 0.8049108386 0.0419792086 0.5919089913
-28.2 239.0 2171.5 0.5780781507 0.1697061360 -0.7981387377 -0.1339558214 0.9846001863 0.1123310402 0.8049108386 0.0419792086 0.5919089913
-61.0 46.0 2165.3 0.5797132850 0.1674921811 -0.7974201441 -0.1244033352 0.9853652716 0.1165291741 0.8052678704 0.0316482149 0.5920659304
-110.8 256.7 2056.8 0.2910981476 -0.0550873354 -0.9551059008 0.9537498951 0.0949612036 0.2852078080 0.0749866664 -0.9939556122 0.0801825672
-189.6 -1.5 2036.5 -0.4757155776 -0.0550873354 -0.8778724670 0.8727261424 0.0949612036 -0.4788856804 0.1097443625 -0.9939556122 0.0029016309
54.4 221.2 2286.2 0.0577708595 0.1904566884 -0.9799942970 -0.9674094915 0.2530955076 -0.0078412173 0.2465387285 0.9485087991 0.1988711506
66.4 20.0 2337.5 0.6706237793 0.1904566884 0.7169309258 0.6720671058 0.2530955076 -0.6958940029 -0.3139896691 0.9485087991 0.0417321846
-148.2 -137.1 2089.7 0.5076091886 0.0067026168 -0.8615613580 -0.0814737827 0.9958622456 -0.0402547680 0.8577266335 0.0906283557 0.5060548782
-150.8 -527.2 2054.2 0.5227103233 0.1487371624 -0.8394350410 0.0050682062 0.9841029644 0.1775263995 0.8524953127 -0.0970493108 0.5136469603
-38.4 -158.0 2231.8 0.4795971513 -0.0610718727 -0.8753609657 -0.0123191001 0.9970081449 -0.0763083622 0.8774023056 0.0473809354 0.4774099290
-14.5 -548.5 2213.2 0.4887728691 0.0270263590 -0.8719923496 0.1329181194 0.9855442047 0.1050495952 0.8622261286 -0.1672489792 0.4781149626
-55.6 -247.4 2005.6 0 0 0 0 0 0 0 0 0
255.1 209.1 2249.1 0 0 0 0 0 0 0 0 0
-206.8 -897.8 2090.7 0 0 0 0 0 0 0 0 0
-24.6 -919.0 2276.1 0 0 0 0 0 0 0 0 0
6.5 436.2 2183.1 9 0.5662364960 0.1709734648 -0.8063153028 -0.1400423795 0.9839825630 0.1103015170 0.8122588396 0.0504615679 0.5811103582
-27.5 240.7 2173.0 0.5662364960 0.1709734648 -0.8063153028 -0.1400423795 0.9839825630 0.1103015170 0.8122588396 0.0504615679 0.5811103582
-60.3 47.8 2165.1 0.5679321289 0.1680327207 -0.8057407141 -0.1301941127 0.9849547148 0.1136385426 0.8127130866 0.0403637104 0.5812643170
-108.4 259.2 2057.3 0.2984872162 -0.0447507799 -0.9533638954 0.9511183500 0.0968824998 0.2932364941 0.0792417154 -0.9942892790 0.0714814737
-188.6 3.6 2036.0 -0.4680267274 -0.0447507799 -0.8825805187 0.8772680163 0.0968824998 -0.4701219201 0.1065449268 -0.9942892790 -0.0060851704
53.4 222.1 2288.8 0.0672268346 0.1991629452 -0.9776577353 -0.9695535898 0.2442950755 -0.0169031527 0.2354704887 0.9490279555 0.2095223367
67.5 19.9 2337.9 0.6638625860 0.1991629452 0.7208471298 0.6787264347 0.2442950755 -0.6925679445 -0.3140332699 0.9490279555 0.0270012077
-146.1 -135.8 2086.3 0.4952128232 0.0041258214 -0.8687618971 -0.0708375350 0.9968507886 -0.0356447808 0.8658789396 0.0791927055 0.4939455390
-147.7 -526.2 2055.3 0.5065203309 0.1703804135 -0.8452264071 -0.0111282822 0.9814919233 0.1911799014 0.8621562123 -0.0874305889 0.4990416467
-41.4 -158.3 2231.8 0.4661778808 -0.0715993196 -0.8817889094 -0.0075344900 0.9963622093 -0.0848856941 0.8846589327 0.0462156646 0.4639425576
-13.3 -548.5 2213.7 0.4754272997 0.0358679034 -0.8790235519 0.1272684634 0.9858541489 0.1090612635 0.8705008030 -0.1637226790 0.4641371369
-56.7 -243.5 2005.9 0 0 0 0 0 0 0 0 0
254.4 211.1 2249.5 0 0 0 0 0 0 0 0 0
-211.9 -895.7 2088.2 0 0 0 0 0 0 0 0 0
-26.8 -919.5 2275.3 0 0 0 0 0 0 0 0 0
6.7 436.8 2178.2 0 0.5945668817 0.1741019040 -0.7849705219 -0.1389006078 0.9838380814 0.1130009070 0.7919575572 0.0418462791 0.6091404557
-28.1 240.6 2169.8 0.5945668817 0.1741019040 -0.7849705219 -0.1389006078 0.9838380814 0.1130009070 0.7919575572 0.0418462791 0.6091404557
-60.8 47.6 2163.2 0.5963660479 0.1672589183 -0.7850936055 -0.1285221875 0.9853287935 0.1122907624 0.7923569679 0.0339355543 0.6091130972
-113.0 258.9 2057.0 0.3031312525 -0.0637252331 -0.9508157372 0.9501481652 0.0966511220 0.2964406908 0.0730066597 -0.9932762384 0.0898463875
-191.8 11.9 2038.0 -0.4717803001 -0.0637252331 -0.8794102669 0.8741413951 0.0966511220 -0.4759573638 0.1153264865 -0.9932762384 0.0101067666
56.9 222.3 2282.7 0.0531393141 0.1786289811 -0.9824804664 -0.9641204476 0.2654366791 -0.0038860966 0.2600921988 0.9474360347 0.1863249838
68.0 20.0 2337.2 0.6603412628 0.1786289811 0.7294114828 0.6815065742 0.2654366791 -0.6819766760 -0.3154333532 0.9474360347 0.0535419770
-144.5 -133.4 2083.8 0.5254544616 0.0020054185 -0.8508193493 -0.0623845048 0.9973962903 -0.0361769125 0.8485315442 0.0720872656 0.5242114067
-145.3 -524.1 2055.5 0.5301041603 0.1899474412 -0.8263834119 -0.0391969383 0.9790338278 0.1998908818 0.8470260501 -0.0735712871 0.5264352560
-41.9 -156.9 2230.6 0.4967232049 -0.0707776621 -0.8650182486 -0.0030279576 0.9965218902 -0.0832763314 0.8679037094 0.0439845249 0.4947812557
-14.2 -547.3 2213.4 0.5052176714 0.0325055681 -0.8623795509 0.1260074079 0.9858022332 0.1109780818 0.8537430763 -0.1647342891 0.4939487576
-58.9 -234.4 2005.5 0 0 0 0 0 0 0 0 0
254.0 212.0 2248.4 0 0 0 0 0 0 0 0 0
-216.8 -892.6 2083.2 0 0 0 0 0 0 0 0 0
-26.4 -918.4 2275.4 0 0 0 0 0 0 0 0 0
8.3 438.1 2182.2 1 0.5778895617 0.1789114475 -0.7962627411 -0.1492430270 0.9823892117 0.1124185473 0.8023529053 0.0538711585 0.5944137573
-27.3 242.4 2171.5 0.5778895617 0.1789114475 -0.7962627411 -0.1492430270 0.9823892117 0.1124185473 0.8023529053 0.0538711585 0.5944137573
-60.9 49.7 2162.8 0.5799495578 0.1719334275 -0.7963023782 -0.1376967579 0.9840993285 0.1121965870 0.8029309511 0.0445798971 0.5944026113
-109.9 262.0 2057.1 0.2877555788 -0.0525375903 -0.9562617540 0.9541926980 0.1011502892 0.2815757096 0.0819328427 -0.9934829473 0.0792375430
-186.2 9.1 2035.4 -0.4723558724 -0.0525375903 -0.8798407316 0.8740090132 0.1011502892 -0.4752649963 0.1139654219 -0.9934829473 -0.0018606047
55.3 222.8 2285.9 0.0601157807 0.1924785674 -0.9794580340 -0.9697934985 0.2436494380 -0.0116417399 0.2364036292 0.9505718946 0.2013116330
67.9 19.6 2335.4 0.6599676013 0.1924785674 0.7262195349 0.6847414970 0.2436494380 -0.6868508458 -0.3091470301 0.9505718946 0.0290026683
-147.4 -133.8 2085.0 0.5082994103 -0.0075654793 -0.8611471653 -0.0599809103 0.9972220063 -0.0441651829 0.8590890765 0.0741015300 0.5064335465
-144.4 -524.4 2055.9 0.5125941038 0.1999036819 -0.8350363970 -0.0395485498 0.9769852757 0.2096083462 0.8577197790 -0.0744195208 0.5087028146
-39.6 -157.0 2228.1 0.4789596498 -0.0691240281 -0.8751111627 -0.0038659992 0.9967191219 -0.0808456168 0.8778284192 0.0421049669 0.4771210253
-12.6 -547.4 2211.6 0.4905340374 0.0449284464 -0.8702630401 0.1389036775 0.9818699956 0.1289850026 0.8602802753 -0.1841542721 0.4753999114
-53.1 -237.2 2003.3 0 0 0 0 0 0 0 0 0
253.8 212.5 2248.3 0 0 0 0 0 0 0 0 0
-219.7 -892.3 2083.9 0 0 0 0 0 0 0 0 0
-29.5 -917.1 2280.9 0 0 0 0 0 0 0 0 0
12.3 438.7 2184.2 2 0.5647569299 0.1902682185 -0.8030240536 -0.1565684825 0.9800896049 0.1221093759 0.8102689981 0.0567661338 0.5833024383
-25.6 243.1 2172.9 0.5647569299 0.1902682185 -0.8030240536 -0.1565684825 0.9800896049 0.1221093759 0.8102689981 0.0567661338 0.5833024383
-59.1 50.4 2163.0 0.5677060485 0.1709840000 -0.8052790165 -0.1405349076 0.9839629531 0.1098493859 0.8111472130 0.0508076474 0.5826309323
-106.5 263.1 2057.4 0.3067623675 -0.0346596204 -0.9511548877 0.9481766224 0.0980784819 0.3022279143 0.0828127190 -0.9945749640 0.0629502311
-186.0 17.4 2035.9 -0.4583107531 -0.0346596204 -0.8881159425 0.8828004003 0.0980784819 -0.4593952894 0.1030275375 -0.9945749640 -0.0143528944
55.3 223.1 2288.5 0.0539333224 0.2154417485 -0.9750261903 -0.9741725326 0.2257695049 -0.0040000831 0.2192693949 0.9500594735 0.2220539302
66.4 21.0 2334.0 0.6725227237 0.2154417485 0.7080240250 0.6711026430 0.2257695049 -0.7061511278 -0.3119846582 0.9500594735 0.0072516128
-147.0 -130.6 2081.5 0.4950947762 -0.0078276237 -0.8688037395 -0.0516859181 0.9979231358 -0.0384445786 0.8673002720 0.0639386252 0.4936619401
-143.9 -521.5 2056.4 0.4986551404 0.2046804875 -0.8422879577 -0.0350643583 0.9756885171 0.2163385898 0.8660909534 -0.0783440620 0.4937090874
-42.2 -155.5 2226.5 0.4646716118 -0.0744429901 -0.8823482990 0.0051820087 0.9966713786 -0.0813593268 0.8854678869 0.0332330354 0.4635106623
-13.0 -545.9 2213.5 0.4742369950 0.0515108481 -0.8788890243 0.1238187850 0.9844624400 0.1245094016 0.8716468215 -0.1678699255 0.4604905248
-56.9 -231.3 2006.9 0 0 0 0 0 0 0 0 0
255.9 210.0 2246.1 0 0 0 0 0 0 0 0 0
-221.0 -889.0 2085.9 0 0 0 0 0 0 0 0 0
-32.4 -916.6 2276.7 0 0 0 0 0 0 0 0 0
14.0 438.4 2185.3 3 0.5613945127 0.1906652004 -0.8052844405 -0.1570775360 0.9799572229 0.1225173026 0.8125040531 0.0577115528 0.5800917745
-24.0 243.1 2173.8 0.5613945127 0.1906652004 -0.8052844405 -0.1570775360 0.9799572229 0.1225173026 0.8125040531 0.0577115528 0.5800917745
-58.5 50.6 2163.5 0.5637087226 0.1764908731 -0.8068974018 -0.1447054446 0.9828979969 0.1138940528 0.8131991029 0.0525593758 0.5796073675
-104.3 263.8 2057.9 0.3070185781 -0.0269616786 -0.9513215423 0.9473742247 0.1038947180 0.3028001487 0.0906732827 -0.9942227602 0.0574404076
-182.3 23.0 2034.8 -0.4494257271 -0.0269616786 -0.8929107189 0.8871381879 0.1038947180 -0.4496573508 0.1048922241 -0.9942227602 -0.0227742232
56.4 222.5 2289.6 0.0446684286 0.2335262448 -0.9713239670 -0.9769581556 0.2133360952 0.0063628550 0.2087043524 0.9486586452 0.2376747578
65.5 21.8 2332.5 0.6795560122 0.2335262448 0.6954632401 0.6620040536 0.2133360952 -0.7184972763 -0.3161553741 0.9486586452 -0.0096215028
-143.8 -129.6 2079.7 0.4914233088 0.0096512437 -0.8708673716 -0.0479488410 0.9987218380 -0.0159889683 0.8695999384 0.0496144332 0.4912579358
-147.6 -520.7 2060.3 0.4916119576 0.1862943321 -0.8506539464 -0.0469566323 0.9810986519 0.1877246052 0.8695474267 -0.0523438193 0.4910675883
-41.2 -155.0 2226.3 0.4608072340 -0.0716414750 -0.8846039772 0.0075595523 0.9970172644 -0.0768075809 0.8874680400 0.0287062787 0.4599743485
-13.2 -545.6 2215.1 0.4670301080 0.0387534983 -0.8833917975 0.1070929393 0.9892059565 0.1000131816 0.8777322769 -0.1413141936 0.4578387737
-55.7 -226.9 2005.3 0 0 0 0 0 0 0 0 0
257.0 208.3 2243.5 0 0 0 0 0 0 0 0 0
-217.8 -890.0 2080.0 0 0 0 0 0 0 0 0 0
-27.8 -917.9 2268.3 0 0 0 0 0 0 0 0 0
15.2 436.6 2186.8 4 0.5467288494 0.1926677078 -0.8148415089 -0.1590189934 0.9793471098 0.1248688027 0.8220708966 0.0613059103 0.5660751462
-23.2 241.7 2174.6 0.5467288494 0.1926677078 -0.8148415089 -0.1590189934 0.9793471098 0.1248688027 0.8220708966 0.0613059103 0.5660751462
-58.8 49.3 2164.1 0.5491290092 0.1818628162 -0.8157102466 -0.1464504600 0.9818733931 0.1203197762 0.8228059411 0.0533900559 0.5658090711
-101.4 262.5 2057.3 0.3214848936 -0.0221913569 -0.9466546178 0.9423838854 0.1051789448 0.3175689280 0.0925208479 -0.9942056537 0.0547262169
-182.4 25.3 2034.0 -0.4522448182 -0.0221913569 -0.8916177154 0.8858320713 0.1051789448 -0.4519280195 0.1038083062 -0.9942056537 -0.0279088169
55.0 220.8 2291.8 0.0580807589 0.2459639609 -0.9675372839 -0.9793977141 0.2018020153 -0.0074913302 0.1934083700 0.9480388761 0.2526173592
66.9 20.1 2331.4 0.6765463948 0.2459639609 0.6941086054 0.6646723747 0.2018020153 -0.7193654180 -0.3170104623 0.9480388761 -0.0269570258
-144.0 -128.8 2079.7 0.4764675200 0.0084960992 -0.8791510463 -0.0545609370 0.9983116984 -0.0199223552 0.8774974942 0.0574596599 0.4761266410
-147.3 -519.8 2057.2 0.4830816090 0.1857008785 -0.8556560874 -0.0211705919 0.9794417024 0.2006133795 0.8753193617 -0.0787978917 0.4770816863
-42.1 -154.9 2226.7 0.4458625913 -0.0695455149 -0.8923956156 0.0083246650 0.9972561598 -0.0735582262 0.8950626850 0.0253679659 0.4452181756
-14.9 -545.6 2216.7 0.4513631463 0.0234361608 -0.8920325637 0.1203241274 0.9889269471 0.0868651420 0.8841907978 -0.1465407610 0.4435452521
-55.0 -224.3 2004.8 0 0 0 0 0 0 0 0 0
257.5 207.4 2242.1 0 0 0 0 0 0 0 0 0
-217.3 -888.5 2086.8 0 0 0 0 0 0 0 0 0
-23.7 -917.9 2271.9 0 0 0 0 0 0 0 0 0
17.0 435.1 2186.5 5 0.5477339625 0.1945147067 -0.8137269616 -0.1626648754 0.9787975550 0.1244808659 0.8206872940 0.0641824007 0.5677613616
-21.7 240.4 2173.8 0.5477339625 0.1945147067 -0.8137269616 -0.1626648754 0.9787975550 0.1244808659 0.8206872940 0.0641824007 0.5677613616
-58.4 48.3 2163.3 0.5502924323 0.1871111095 -0.8137368560 -0.1495267600 0.9808970094 0.1244300008 0.8214742541 0.0532025471 0.5677583218
-100.1 261.7 2056.7 0.3277012706 -0.0273678247 -0.9443849325 0.9404503107 0.1050509810 0.3232916594 0.0903607681 -0.9940901995 0.0601634197
-182.7 24.8 2033.9 -0.4553327262 -0.0273678247 -0.8899006248 0.8839944601 0.1050509810 -0.4555414915 0.1059521064 -0.9940901995 -0.0236401428
56.7 219.1 2290.8 0.0544120856 0.2445297241 -0.9681138992 -0.9808137417 0.1948577315 -0.0059079928 0.1871998012 0.9498608708 0.2504407167
67.9 17.6 2329.3 0.6737015247 0.2445297241 0.6973747015 0.6703941226 0.1948577315 -0.7159624100 -0.3109629452 0.9498608708 -0.0326553397
-144.0 -129.7 2079.3 0.4782630801 -0.0042629982 -0.8782062531 -0.0525695123 0.9980561137 -0.0334736481 0.8766418099 0.0621760860 0.4771092832
-142.4 -520.6 2054.9 0.4837510586 0.2082502097 -0.8500686884 -0.0276410226 0.9744296074 0.2229864448 0.8747690320 -0.0843731612 0.4771375954
-44.8 -156.2 2228.0 0.4476545453 -0.0806566626 -0.8905615807 0.0105980523 0.9963323474 -0.0849088728 0.8941437602 0.0285716243 0.4468674958
-13.2 -546.5 2216.8 0.4535485208 0.0411220081 -0.8902823925 0.1043255404 0.9896177053 0.0988582522 0.8851044774 -0.1377162039 0.4445495903
-54.4 -224.3 2004.1 0 0 0 0 0 0 0 0 0
257.7 206.5 2241.7 0 0 0 0 0 0 0 0 0
-220.8 -887.4 2086.7 0 0 0 0 0 0 0 0 0
-28.7 -919.1 2268.7 0 0 0 0 0 0 0 0 0
18.7 435.1 2186.4 6 0.5482460260 0.1974141300 -0.8126832247 -0.1679043919 0.9779371023 0.1242866740 0.8192889690 0.0683134124 0.5692967772
-20.6 240.3 2172.8 0.5482460260 0.1974141300 -0.8126832247 -0.1679043919 0.9779371023 0.1242866740 0.8192889690 0.0683134124 0.5692967772
-57.7 48.3 2161.9 0.5511575341 0.1897674501 -0.8125353456 -0.1531791538 0.9802563787 0.1250344366 0.8202204108 0.0555497967 0.5693441033
-99.1 262.2 2055.9 0.3356082737 -0.0222513322 -0.9417387843 0.9376937747 0.1033907160 0.3317238688 0.0899857506 -0.9943919182 0.0555637181
-183.5 26.5 2033.3 -0.4535202384 -0.0222513322 -0.8909681439 0.8853664994 0.1033907160 -0.4532510042 0.1022032797 -0.9943919182 -0.0271891989
58.0 218.5 2289.7 0.0484130457 0.2417939454 -0.9691191316 -0.9807342887 0.1953463256 -0.0002546404 0.1892522871 0.9504606724 0.2465929240
67.9 17.6 2328.5 0.6737660170 0.2417939454 0.6982657909 0.6710842848 0.1953463256 -0.7151823044 -0.3093304038 0.9504606724 -0.0306464024
-144.7 -130.3 2078.7 0.4794755876 -0.0052559604 -0.8775394559 -0.0584792010 0.9975678921 -0.0379270986 0.8756045699 0.0695029274 0.4780020714
-142.7 -521.1 2051.4 0.4909649193 0.1910680681 -0.8499684930 -0.0037379547 0.9761057496 0.2172638476 0.8711713552 -0.1034917831 0.4799478948
-45.3 -157.4 2227.2 0.4486335516 -0.0842678398 -0.8897341490 0.0121569838 0.9960281253 -0.0882051215 0.8936331272 0.0287552923 0.4478760958
-12.3 -547.5 2215.9 0.4552710354 0.0510182343 -0.8888899684 0.1036806852 0.9885269403 0.1098400429 0.8842955232 -0.1421677172 0.4447580874
-55.7 -223.0 2004.5 0 0 0 0 0 0 0 0 0
257.7 206.7 2241.3 0 0 0 0 0 0 0 0 0
-214.6 -888.5 2090.4 0 0 0 0 0 0 0 0 0
-31.5 -919.8 2269.4 0 0 0 0 0 0 0 0 0
20.3 435.0 2186.3 7 0.5503562093 0.2020541430 -0.8101124167 -0.1739251167 0.9767349362 0.1254548877 0.8166137934 0.0718540102 0.5726944208
-20.0 240.3 2172.0 0.5503562093 0.2020541430 -0.8101124167 -0.1739251167 0.9767349362 0.1254548877 0.8166137934 0.0718540102 0.5726944208
-58.5 48.6 2160.5 0.5531316996 0.1964558810 -0.8095989227 -0.1603061557 0.9787361622 0.1279745549 0.8175250888 0.0589969158 0.5728630424
-98.8 263.2 2055.5 0.3381164074 -0.0363457501 -0.9404022098 0.9372516870 0.1033289209 0.3329900801 0.0850679651 -0.9939829707 0.0690023154
-184.2 26.6 2034.0 -0.4562235773 -0.0363457501 -0.8891226053 0.8832260966 0.1033289209 -0.4574218690 0.1084974185 -0.9939829707 -0.0150395725
58.8 217.5 2288.5 0.0452143475 0.2410507053 -0.9694586992 -0.9799996018 0.1989639699 0.0037653635 0.1937949955 0.9498988986 0.2452256233
68.0 17.6 2328.1 0.6726911664 0.2410507053 0.6995578408 0.6712499261 0.1989639699 -0.7140285969 -0.3113039136 0.9498988986 -0.0279639754
-144.7 -129.8 2076.9 0.4822591245 -0.0090547753 -0.8759818077 -0.0593427643 0.9973120093 -0.0429792292 0.8740163445 0.0727103055 0.4804254770
-141.2 -520.5 2048.4 0.4971767366 0.1991189569 -0.8444921374 0.0077340738 0.9722546935 0.2337967902 0.8676148057 -0.1227696911 0.4818424582
-45.1 -157.5 2225.2 0.4509186447 -0.0848403722 -0.8885237575 0.0183405634 0.9961428046 -0.0858086497 0.8923766017 0.0223966930 0.4507353902
-11.9 -547.7 2216.4 0.4560382664 0.0554693751 -0.8882298470 0.0892124549 0.9901791811 0.1076398343 0.8854774237 -0.1283290386 0.4466110170
-55.6 -222.2 2003.5 0 0 0 0 0 0 0 0 0
257.6 206.7 2240.4 0 0 0 0 0 0 0 0 0
-216.1 -886.5 2094.6 0 0 0 0 0 0 0 0 0
-32.7 -920.6 2264.7 0 0 0 0 0 0 0 0 0
20.9 434.9 2186.3 8 0.5505591035 0.2039568126 -0.8094975352 -0.1753142029 0.9763189554 0.1267527789 0.8161798716 0.0721315145 0.5732777715
-19.8 240.4 2171.9 0.5505591035 0.2039568126 -0.8094975352 -0.1753142029 0.9763189554 0.1267527789 0.8161798716 0.0721315145 0.5732777715
-58.8 48.9 2160.1 0.5530809760 0.1992972791 -0.8089388013 -0.1630916595 0.9780802727 0.1294607669 0.8170082569 0.0603288785 0.5734613538
-98.6 263.7 2055.5 0.3401685357 -0.0352137275 -0.9397049546 0.9363469481 0.1049576029 0.3350198567 0.0868318826 -0.9938530326 0.0686755404
-184.4 27.4 2033.6 -0.4598024786 -0.0352137275 -0.8873227239 0.8812617660 0.1049576029 -0.4608270228 0.1093587056 -0.9938530326 -0.0172272548
59.1 217.2 2288.4 0.0356146879 0.2389339060 -0.9703825116 -0.9793956876 0.2014877051 0.0136661297 0.1987854391 0.9499017000 0.2411867678
66.2 19.8 2328.4 0.6797519922 0.2389339060 0.6934319139 0.6638671756 0.2014877051 -0.7201966047 -0.3117973804 0.9499017000 -0.0216587055
-147.0 -128.6 2075.0 0.4824782312 -0.0081680445 -0.8758698702 -0.0551621653 0.9976882339 -0.0396904908 0.8741692901 0.0674646795 0.4809122682
-143.8 -519.4 2048.6 0.4961270988 0.1738195568 -0.8506730795 0.0145694399 0.9779514074 0.2083237171 0.8681276441 -0.1157488674 0.4826557338
-47.0 -157.5 2222.8 0.4509716928 -0.0863342434 -0.8883529305 0.0210399050 0.9960625172 -0.0861210600 0.8922902346 0.0201472994 0.4510124326
-13.2 -547.7 2214.9 0.4574180841 0.0321003050 -0.8886721730 0.1319624484 0.9858329892 0.1035337374 0.8794058561 -0.1646295637 0.4467017949
-54.9 -220.9 2002.8 0 0 0 0 0 0 0 0 0
257.7 206.8 2240.6 0 0 0 0 0 0 0 0 0
-209.2 -887.5 2092.2 0 0 0 0 0 0 0 0 0
-25.2 -918.7 2276.9 0 0 0 0 0 0 0 0 0
21.2 434.4 2186.3 9 0.5475780368 0.2031451911 -0.8117206097 -0.1735650897 0.9765585065 0.1273131967 0.8185557127 0.0711724386 0.5700008869
-19.3 239.8 2172.1 0.5475780368 0.2031451911 -0.8117206097 -0.1735650897 0.9765585065 0.1273131967 0.8185557127 0.0711724386 0.5700008869
-58.2 48.2 2160.6 0.5502122045 0.1986369342 -0.8110548258 -0.1607485265 0.9783230424 0.1305525750 0.8194061518 0.0585442558 0.5702158809
-97.7 262.7 2055.3 0.3443727791 -0.0170763582 -0.9386776686 0.9340940118 0.1065649539 0.3407525420 0.0942113325 -0.9941591024 0.0526489951
-184.3 27.8 2031.6 -0.4611226022 -0.0170763582 -0.8871721029 0.8814080954 0.1065649539 -0.4601778388 0.1023996174 -0.9941591024 -0.0340882689
59.1 216.9 2288.9 0.0391216241 0.2405183315 -0.9698559046 -0.9802559614 0.1975072026 0.0094394377 0.1938238740 0.9503377676 0.2434963435
67.0 18.8 2328.1 0.6775629520 0.2405183315 0.6950247288 0.6669008136 0.1975072026 -0.7184944153 -0.3100834787 0.9503377676 -0.0265783072
-147.8 -128.0 2074.5 0.4793710113 -0.0119705880 -0.8775306940 -0.0541921444 0.9975950718 -0.0432120971 0.8759375811 0.0682698935 0.4775694609
-143.1 -518.7 2047.7 0.4943845868 0.1756347865 -0.8513144255 0.0211730320 0.9766504169 0.2137887031 0.8689853549 -0.1237187535 0.4791221917
-47.8 -157.5 2222.2 0.4474706948 -0.0879513472 -0.8899632096 0.0267054643 0.9960225224 -0.0850053206 0.8938997984 0.0142705087 0.4480396807
-13.4 -547.6 2216.6 0.4516595304 0.0281349309 -0.8917466402 0.1136486828 0.9895461798 0.0887823030 0.8849223852 -0.1414452046 0.4437404871
-54.4 -220.5 2002.8 0 0 0 0 0 0 0 0 0
257.9 206.7 2240.7 0 0 0 0 0 0 0 0 0
-209.3 -886.5 2094.3 0 0 0 0 0 0 0 0 0
-24.0 -920.0 2269.8 0 0 0 0 0 0 0 0 0
22.1 433.6 2186.3 0 0.5438932180 0.2042073607 -0.8139284253 -0.1742331237 0.9762824178 0.1285123229 0.8208671808 0.0719163120 0.5665730834
-18.6 239.3 2172.0 0.5438932180 0.2042073607 -0.8139284253 -0.1742331237 0.9762824178 0.1285123229 0.8208671808 0.0719163120 0.5665730834
-57.9 47.8 2160.5 0.5465193987 0.2007606775 -0.8130262494 -0.1615607142 0.9778777361 0.1328657418 0.8217144608 0.0587394014 0.5668641925
-96.5 262.3 2054.9 0.3449981213 -0.0165510513 -0.9384574294 0.9339632392 0.1053500995 0.3414879739 0.0932145938 -0.9942974448 0.0518036596
-183.7 26.0 2031.3 -0.4622638524 -0.0165510513 -0.8865879178 0.8809674382 0.1053500995 -0.4613000453 0.1010371298 -0.9942974448 -0.0341186076
59.3 216.3 2289.1 0.0404387563 0.2406167090 -0.9697774649 -0.9805767536 0.1959829777 0.0077373167 0.1919216067 0.9506283402 0.2438684553
67.5 18.3 2327.8 0.6758772135 0.2406167090 0.6966301799 0.6691028476 0.1959829777 -0.7168626785 -0.3090167940 0.9506283402 -0.0285368897
-146.9 -128.9 2075.1 0.4757840037 -0.0139823481 -0.8794509768 -0.0611100905 0.9969319105 -0.0489108004 0.8774366975 0.0770143047 0.4734698236
-141.4 -519.4 2044.9 0.4963851869 0.1862950176 -0.8478773236 0.0340997465 0.9717637897 0.2334787846 0.8674324155 -0.1448078156 0.4760165215
-47.4 -157.9 2223.3 0.4442088902 -0.0914879963 -0.8912398219 0.0230685230 0.9956106544 -0.0907041878 0.8956261873 0.0197320208 0.4443696141
-11.5 -547.9 2215.5 0.4492846131 0.0383753143 -0.8925641179 0.1099683717 0.9891038537 0.0978801101 0.8865947723 -0.1421298534 0.4401690960
-53.5 -222.2 2002.8 0 0 0 0 0 0 0 0 0
257.9 206.8 2240.8 0 0 0 0 0 0 0 0 0
-211.5 -885.2 2099.5 0 0 0 0 0 0 0 0 0
-26.0 -920.3 2269.0 0 0 0 0 0 0 0 0 0
22.2 431.9 2180.3 1 0.5577894449 0.2061003000 -0.8039860725 -0.1644279510 0.9769190550 0.1363545358 0.8135319948 0.0561406538 0.5788038373
-18.9 237.1 2169.1 0.5577894449 0.2061003000 -0.8039860725 -0.1644279510 0.9769190550 0.1363545358 0.8135319948 0.0561406538 0.5788038373
-57.7 45.3 2160.0 0.5603777170 0.1982147396 -0.8041689992 -0.1519066095 0.9790670872 0.1354695857 0.8141874671 0.0462444462 0.5787575245
-98.7 258.7 2053.1 0.3448746502 -0.0306842979 -0.9381470680 0.9346387386 0.1035125107 0.3401993215 0.0866711885 -0.9941547513 0.0643775761
-184.3 26.8 2031.6 -0.4648464024 -0.0306842979 -0.8848594427 0.8790383935 0.1035125107 -0.4653779268 0.1058738232 -0.9941547513 -0.0211447440
61.0 215.4 2285.1 0.0443263166 0.2200728506 -0.9744758010 -0.9742546082 0.2253545970 0.0065771877 0.2210500687 0.9490960240 0.2243961394
70.0 16.3 2330.3 0.6672850251 0.2200728506 0.7115466595 0.6749202609 0.2253545970 -0.7026364207 -0.3149815202 0.9490960240 0.0018441121
-146.6 -129.1 2074.7 0.4903116226 -0.0093394825 -0.8714971542 -0.0597651750 0.9972285032 -0.0443112850 0.8694956303 0.0738115162 0.4883945584
-142.9 -519.8 2045.8 0.5098629594 0.1837428808 -0.8404036760 0.0318568721 0.9722202420 0.2318899781 0.8596655726 -0.1450047493 0.4898456335
-47.8 -158.3 2223.2 0.4589129686 -0.0922533497 -0.8836787939 0.0300242305 0.9956369400 -0.0883492231 0.8879737854 0.0140128285 0.4596805573
-11.7 -548.3 2217.8 0.4619553685 0.0480291434 -0.8856017590 0.0806126967 0.9921255708 0.0958561972 0.8832320571 -0.1156720296 0.4544459879
-53.3 -220.8 2001.7 0 0 0 0 0 0 0 0 0
258.0 206.4 2241.5 0 0 0 0 0 0 0 0 0
-212.1 -885.9 2100.4 0 0 0 0 0 0 0 0 0
-29.7 -921.8 2261.3 0 0 0 0 0 0 0 0 0
22.8 431.8 2183.3 2 0.5633961558 0.2006556243 -0.8014499545 -0.1718170941 0.9773061275 0.1239015311 0.8081235290 0.0678971559 0.5850865841
-17.3 236.6 2169.7 0.5633961558 0.2006556243 -0.8014499545 -0.1718170941 0.9773061275 0.1239015311 0.8081235290 0.0678971559 0.5850865841
-55.3 44.7 2159.1 0.5664059520 0.1941450238 -0.8009319901 -0.1568994671 0.9794836044 0.1264690161 0.8090530634 0.0540329888 0.5852466226
-98.0 258.9 2054.4 0.3408243656 -0.0204066578 -0.9399054646 0.9354411960 0.1070548594 0.3368812501 0.0937468335 -0.9940436482 0.0555761345
-183.8 23.5 2030.8 -0.4686817527 -0.0204066578 -0.8831313252 0.8772125244 0.1070548594 -0.4680143297 0.1040941104 -0.9940436482 -0.0322736837
63.4 214.2 2285.0 0.0116399117 0.2101271003 -0.9776048064 -0.9743849039 0.2219690830 0.0361086279 0.2245854437 0.9521430135 0.2073283792
65.8 16.7 2330.5 0.6879249215 0.2101271003 0.6946984529 0.6584385633 0.2219690830 -0.7191581130 -0.3053161800 0.9521430135 0.0143422699
-147.1 -132.7 2077.4 0.4962239265 -0.0107062468 -0.8681285381 -0.0596365742 0.9971418381 -0.0463856906 0.8661439419 0.0747899041 0.4941671491
-142.9 -523.3 2048.1 0.5097925663 0.1922544539 -0.8385402560 0.0036692368 0.9742150307 0.2255917042 0.8602895141 -0.1180817708 0.4959421456
-45.8 -160.2 2224.5 0.4645193815 -0.0910093561 -0.8808740377 0.0249391217 0.9956550002 -0.0897168219 0.8852117062 0.0197069794 0.4647707343
-10.2 -550.2 2216.8 0.4693537354 0.0590305403 -0.8810349107 0.0894956961 0.9894448519 0.1139711961 0.8784632087 -0.1323416382 0.4591166377
-51.7 -223.6 2001.5 0 0 0 0 0 0 0 0 0
259.5 202.2 2244.5 0 0 0 0 0 0 0 0 0
-215.3 -890.1 2092.5 0 0 0 0 0 0 0 0 0
-32.4 -922.7 2266.6 0 0 0 0 0 0 0 0 0
23.6 433.7 2184.8 3 0.5634635687 0.2007844597 -0.8013703227 -0.1741280109 0.9770891666 0.1223772913 0.8075817227 0.0705858767 0.5855163336
-16.4 238.9 2170.7 0.5634635687 0.2007844597 -0.8013703227 -0.1741280109 0.9770891666 0.1223772913 0.8075817227 0.0705858767 0.5855163336
-54.5 47.2 2159.3 0.5662229657 0.1942768544 -0.8010293245 -0.1604636461 0.9792135358 0.1240657568 0.8084818721 0.0582872108 0.5856275558
-97.1 261.8 2055.5 0.3256086707 -0.0056590042 -0.9454876781 0.9399190545 0.1104713380 0.3230297565 0.1026212573 -0.9938632250 0.0412894301
-179.3 24.4 2029.6 -0.4541169405 -0.0056590042 -0.8909240961 0.8852011561 0.1104713380 -0.4519015551 0.1009788886 -0.9938632250 -0.0451575443
64.3 216.1 2285.9 -0.0069893985 0.2223077416 -0.9749515057 -0.9736589193 0.2206917107 0.0573020987 0.2279024124 0.9496706724 0.2149094045
62.9 18.1 2332.3 0.6993404627 0.2223077416 0.6793395281 0.6425957084 0.2206917107 -0.7337342501 -0.3130393922 0.9496706724 0.0114846481
-144.5 -132.9 2075.4 0.4960167706 0.0016193385 -0.8683114052 -0.0574120916 0.9978711605 -0.0309352949 0.8664128184 0.0651960000 0.4950537980
-145.1 -523.7 2049.9 0.5071251988 0.1840062588 -0.8420010209 -0.0026510553 0.9772723317 0.2119710147 0.8618683219 -0.1052636430 0.4960872233
-42.1 -161.3 2221.7 0.4637725949 -0.0842723101 -0.8819371462 0.0276024565 0.9963569045 -0.0806905925 0.8855242133 0.0130784530 0.4644091725
-9.1 -551.5 2216.5 0.4699664414 0.0705054849 -0.8798639178 0.0979086310 0.9864897728 0.1313461214 0.8772373796 -0.1478745341 0.4567140043
-51.4 -224.9 2001.1 0 0 0 0 0 0 0 0 0
259.8 199.1 2244.1 0 0 0 0 0 0 0 0 0
-214.4 -891.7 2089.5 0 0 0 0 0 0 0 0 0
-35.7 -923.0 2272.2 0 0 0 0 0 0 0 0 0
23.3 433.5 2185.5 4 0.5589841008 0.1994843781 -0.8048246503 -0.1754055768 0.9771111012 0.1203609630 0.8104132414 0.0738908723 0.5811802745
-16.5 238.6 2170.8 0.5589841008 0.1994843781 -0.8048246503 -0.1754055768 0.9771111012 0.1203609630 0.8104132414 0.0738908723 0.5811802745
-54.6 46.9 2158.6 0.5614704490 0.1947166622 -0.8042613864 -0.1630684733 0.9788979888 0.1231560037 0.8112703562 0.0620012172 0.5813744664
-96.5 261.9 2055.2 0.3363892138 0.0021459896 -0.9417206049 0.9360769987 0.1085764170 0.3346207142 0.1029667407 -0.9940857887 0.0345151238
-180.0 29.6 2029.6 -0.4483234882 0.0021459896 -0.8938688040 0.8886908293 0.1085764170 -0.4454658031 0.0960971043 -0.9940857887 -0.0505844802
63.5 215.4 2286.4 0.0260625854 0.2190562338 -0.9753640890 -0.9717942476 0.2343186289 0.0266582370 0.2343856394 0.9471584558 0.2189845443
68.9 15.5 2334.6 0.6757608056 0.2190562338 0.7038193345 0.6637949944 0.2343186289 -0.7102612257 -0.3205051422 0.9471584558 0.0129349204
-143.7 -130.1 2074.8 0.4910082221 -0.0034878978 -0.8711479306 -0.0490052328 0.9982979298 -0.0316179730 0.8697754741 0.0582154915 0.4900015593
-142.3 -521.1 2052.0 0.4941006303 0.2001432031 -0.8460539579 -0.0341930538 0.9768622518 0.2111183852 0.8687320352 -0.0753845572 0.4895117581
-41.3 -159.1 2221.0 0.4586340487 -0.0832841024 -0.8847138286 0.0260316841 0.9964302778 -0.0803059489 0.8882438540 0.0138004497 0.4591648579
-8.7 -549.4 2215.5 0.4656359851 0.0705616102 -0.8821588159 0.1039588600 0.9855533838 0.1337051988 0.8788490891 -0.1539661735 0.4515736103
-53.7 -220.7 2002.6 0 0 0 0 0 0 0 0 0
259.1 202.4 2244.4 0 0 0 0 0 0 0 0 0
-217.6 -888.8 2080.4 0 0 0 0 0 0 0 0 0
-35.3 -920.6 2273.5 0 0 0 0 0 0 0 0 0
23.0 433.1 2185.9 5 0.5532127619 0.2015688568 -0.8082855940 -0.1765625179 0.9766114950 0.1227014586 0.8141137958 0.0748329237 0.5758634806
-17.2 238.2 2171.0 0.5532127619 0.2015688568 -0.8082855940 -0.1765625179 0.9766114950 0.1227014586 0.8141137958 0.0748329237 0.5758634806
-55.8 46.5 2158.7 0.5557664633 0.1968121827 -0.8077057600 -0.1640302986 0.9784334302 0.1255470514 0.8149955273 0.0627133772 0.5760636926
-96.4 261.6 2054.8 0.3292194903 -0.0012331026 -0.9442526102 0.9386165142 0.1095313951 0.3271114230 0.1030219421 -0.9939825535 0.0372172818
-178.3 28.2 2029.2 -0.4522679448 -0.0012331026 -0.8918812275 0.8864547014 0.1095313951 -0.4496676028 0.0982434824 -0.9939825535 -0.0484444499
62.0 214.8 2287.1 0.0475887097 0.2188837975 -0.9745897651 -0.9683980942 0.2492579371 0.0086946404 0.2448273599 0.9433770776 0.2238285094
71.7 16.2 2337.3 0.6635509133 0.2188837975 0.7153950930 0.6708242297 0.2492579371 -0.6984735727 -0.3312024474 0.9433770776 0.0185627751
-143.5 -130.1 2073.2 0.4851970971 -0.0095710605 -0.8743524551 -0.0460299477 0.9982740879 -0.0364705771 0.8731924295 0.0579418167 0.4839191139
-139.8 -521.1 2050.5 0.4895877838 0.2156638652 -0.8448626399 -0.0266800653 0.9721817970 0.2327031940 0.8715457320 -0.0913876519 0.4817222357
-42.0 -159.6 2219.8 0.4528218806 -0.0841815695 -0.8876180649 0.0265113562 0.9963638783 -0.0809701309 0.8912067413 0.0131330891 0.4534071386
-9.0 -549.9 2214.7 0.4598546922 0.0656095669 -0.8855670691 0.1086968705 0.9856083393 0.1294651777 0.8813164234 -0.1557935327 0.4461050630
-50.9 -221.6 2001.5 0 0 0 0 0 0 0 0 0
258.6 205.1 2244.1 0 0 0 0 0 0 0 0 0
-220.9 -887.1 2084.9 0 0 0 0 0 0 0 0 0
-33.7 -921.1 2273.4 0 0 0 0 0 0 0 0 0
22.0 433.0 2186.1 6 0.5357043147 0.2029115111 -0.8196632266 -0.1754281819 0.9762631059 0.1270246059 0.8259817362 0.0757443979 0.5585847497
-18.3 238.8 2171.0 0.5357043147 0.2029115111 -0.8196632266 -0.1754281819 0.9762631059 0.1270246059 0.8259817362 0.0757443979 0.5585847497
-56.8 47.2 2158.4 0.5383337140 0.1963699460 -0.8195338249 -0.1625562012 0.9784063101 0.1276580840 0.8269052505 0.0644976497 0.5586302280
-95.0 262.0 2053.2 0.3312308490 -0.0096868966 -0.9435000420 0.9386815429 0.1048284993 0.3284629881 0.0957239047 -0.9944431186 0.0438153446
-177.4 28.6 2029.4 -0.4474737048 -0.0096868966 -0.8942446113 0.8889044523 0.1048284993 -0.4459370673 0.0980620682 -0.9944431186 -0.0382972732
58.4 215.7 2288.9 0.0793976188 0.2095230967 -0.9745748043 -0.9717805386 0.2341175824 -0.0288372096 0.2221230417 0.9493624568 0.2221988440
75.0 12.7 2335.2 0.6525087357 0.2095230967 0.7282392979 0.6896302104 0.2341175824 -0.6852730513 -0.3140741587 0.9493624568 0.0082703140
-144.6 -130.3 2072.7 0.4666489363 -0.0151219862 -0.8843133450 -0.0429819301 0.9982846975 -0.0397523344 0.8833975792 0.0565598793 0.4651985168
-138.6 -521.3 2050.6 0.4721051157 0.2225593328 -0.8529853821 -0.0197947621 0.9700382352 0.2421446443 0.8813199997 -0.0974330828 0.4623655081
-44.1 -159.9 2220.1 0.4338302016 -0.0893372595 -0.8965546489 0.0300707612 0.9959533811 -0.0846910328 0.9004927278 0.0097814472 0.4347611070
-9.1 -550.0 2216.2 0.4389541745 0.0643011332 -0.8962056637 0.0947007686 0.9885695577 0.1173117235 0.8935049176 -0.1363658309 0.4278473556
-51.3 -221.8 2001.8 0 0 0 0 0 0 0 0 0
258.7 206.9 2246.8 0 0 0 0 0 0 0 0 0
-222.4 -886.5 2087.3 0 0 0 0 0 0 0 0 0
-33.3 -922.3 2267.6 0 0 0 0 0 0 0 0 0
20.7 433.9 2186.7 7 0.5383142233 0.2002193034 -0.8186147213 -0.1740898341 0.9768357277 0.1244374588 0.8245669007 0.0755260438 0.5607007146
-19.1 239.7 2171.7 0.5383142233 0.2002193034 -0.8186147213 -0.1740898341 0.9768357277 0.1244374588 0.8245669007 0.0755260438 0.5607007146
-57.1 48.0 2158.7 0.5405498147 0.1937126368 -0.8187071085 -0.1629913002 0.9788069725 0.1239788458 0.8253724575 0.0664253831 0.5606673956
-96.2 262.9 2054.0 0.3319087923 -0.0079341605 -0.9432781339 0.9384275079 0.1044014320 0.3293238580 0.0958666801 -0.9945036173 0.0420973860
-177.9 31.8 2030.4 -0.4445397854 -0.0079341605 -0.8957239389 0.8904885054 0.1044014320 -0.4428662658 0.0970286354 -0.9945036173 -0.0393453129
57.9 216.5 2289.3 0.0927802026 0.2147893161 -0.9722434878 -0.9704756141 0.2378482223 -0.0400657542 0.2226406783 0.9472559094 0.2305154055
77.5 11.5 2336.3 0.6416393518 0.2147893161 0.7363182306 0.6968510151 0.2378482223 -0.6766290665 -0.3204646707 0.9472559094 0.0029366224
-143.9 -129.8 2071.0 0.4686906040 -0.0116466749 -0.8832856417 -0.0469018184 0.9981746078 -0.0380486846 0.8821163774 0.0592607632 0.4672887921
-139.3 -520.8 2047.8 0.4815413356 0.2131264061 -0.8501147628 0.0080129402 0.9688706398 0.2474377602 0.8763867617 -0.1259634197 0.4648435116
-46.6 -159.1 2220.5 0.4352430999 -0.0948860198 -0.8952988982 0.0335268863 0.9954491854 -0.0892013460 0.8996884823 0.0088076862 0.4364435971
-9.4 -549.1 2217.0 0.4382009804 0.0565248653 -0.8970980048 0.0778534785 0.9918837547 0.1005258784 0.8954991698 -0.1138927341 0.4302437901
-52.7 -219.1 2003.1 0 0 0 0 0 0 0 0 0
258.2 207.8 2246.1 0 0 0 0 0 0 0 0 0
-219.5 -885.5 2095.2 0 0 0 0 0 0 0 0 0
-30.7 -922.5 2259.9 0 0 0 0 0 0 0 0 0
20.9 434.7 2186.5 8 0.5402335525 0.1982622147 -0.8178262711 -0.1755012721 0.9770243168 0.1209246218 0.8230109215 0.0782020092 0.5626165867
-18.7 239.9 2170.9 0.5402335525 0.1982622147 -0.8178262711 -0.1755012721 0.9770243168 0.1209246218 0.8230109215 0.0782020092 0.5626165867
-55.8 48.1 2157.7 0.5429619551 0.1896142513 -0.8180701137 -0.1617383063 0.9795478582 0.1196944788 0.8240346313 0.0673237368 0.5625250936
-96.1 263.0 2053.4 0.3253554404 -0.0144695165 -0.9454810619 0.9408137202 0.1053434834 0.3221371472 0.0949391052 -0.9943306446 0.0478871949
-177.3 28.0 2029.7 -0.4532098472 -0.0144695165 -0.8912864327 0.8857280016 0.1053434834 -0.4520936310 0.1004327908 -0.9943306446 -0.0349266492
58.7 216.9 2288.3 0.0941309035 0.2101486921 -0.9731273651 -0.9663460851 0.2543405592 -0.0385496281 0.2394046187 0.9440065622 0.2270176709
78.7 11.5 2339.2 0.6365856528 0.2101486921 0.7420216799 0.6972401142 0.2543405592 -0.6701992750 -0.3295677304 0.9440065622 0.0153854704
-143.9 -129.0 2071.0 0.4706963301 -0.0148881041 -0.8821696639 -0.0445529036 0.9981809855 -0.0406179354 0.8811696768 0.0584219322 0.4691767991
-138.0 -520.0 2048.2 0.4813604355 0.2219658196 -0.8479524255 -0.0002723410 0.9674427509 0.2530898154 0.8765227199 -0.1215964928 0.4657490849
