168.0 470.5 1895.1 8 0.9059689045 0.1356289387 -0.4010301232 -0.0742958635 0.9835268259 0.1647880226 0.4167739153 -0.1194979474 0.9011213779
140.6 272.2 1919.2 0.9059689045 0.1356289387 -0.4010301232 -0.0742958635 0.9835268259 0.1647880226 0.4167739153 -0.1194979474 0.9011213779
114.1 77.4 1946.3 0.9071391225 0.1337241530 -0.3990194201 -0.0657583922 0.9815655351 0.1794574410 0.4156614840 -0.1365539879 0.8992099762
8.1 281.8 1858.5 0.2108267248 -0.6413847208 -0.7376840115 0.9215448499 0.3821168244 -0.0688609555 0.3260478377 -0.6652911901 0.6716252565
-35.4 91.6 1791.2 -0.7477767467 -0.6413847208 0.1716262102 -0.5053287745 0.3821168244 -0.7737115622 0.4306655228 -0.6652911901 -0.6098482609
273.1 262.6 1979.9 -0.1933624595 0.9435252547 -0.2690186203 -0.6855335236 0.0662283301 0.7250224948 0.7018936872 0.3246133924 0.6340121031
219.2 71.6 2175.5 0.0086503290 0.9435252547 -0.3311876059 -0.9844061732 0.0662283301 0.1629670560 0.1756975353 0.3246133924 0.9293850064
7.2 -111.6 1941.2 0.7851710320 0.1178921759 0.6079537868 -0.0704885200 0.9923458099 -0.1013962775 -0.6152542233 0.0367596596 0.7874712348
-39.7 -506.0 1926.5 0.7834709883 0.0893962309 0.6149646044 -0.0913508981 0.9954159856 -0.0283197705 -0.6146773100 -0.0339898504 0.7880460024
174.4 -123.3 2015.4 -0.4649343193 0.3236879408 0.8240523338 0.0836826265 0.9426692128 -0.3230665624 -0.8813814521 -0.0812458545 -0.4653663039
45.8 -497.8 2047.7 -0.4758680165 0.0178191271 0.8793361783 -0.0961364135 0.9927502871 -0.0721432716 -0.8742467761 -0.1188668981 -0.4707050323
182.1 238.5 1665.9 0 0 0 0 0 0 0 0 0
221.5 -184.0 2221.1 0 0 0 0 0 0 0 0 0
-73.8 -886.3 1939.5 0 0 0 0 0 0 0 0 0
39.0 -876.6 2093.0 0 0 0 0 0 0 0 0 0
156.6 472.6 1897.4 9 0.9152236581 0.1427679658 -0.3768062592 -0.0846162960 0.9823724627 0.1666864455 0.3939615786 -0.1206714213 0.9111710191
127.8 274.6 1921.8 0.9152236581 0.1427679658 -0.3768062592 -0.0846162960 0.9823724627 0.1666864455 0.3939615786 -0.1206714213 0.9111710191
100.7 79.5 1947.7 0.9165729284 0.1364091337 -0.3758810759 -0.0751222298 0.9820181727 0.1731963903 0.3927476108 -0.1305101067 0.9103386402
-6.1 285.5 1864.4 0.1583049148 -0.6249335408 -0.7644590139 0.9243669510 0.3659703135 -0.1077563390 0.3471098542 -0.6895822883 0.6356028318
-38.6 95.8 1793.2 -0.7468541265 -0.6249335408 0.2273037285 -0.5374537110 0.3659703135 -0.7597428560 0.3916023970 -0.6895822883 -0.6091992855
261.6 263.6 1979.1 -0.1806385815 0.9515243173 -0.2489401251 -0.6911245584 0.0572850369 0.7204618454 0.6997975111 0.3021918535 0.6472738981
211.3 70.9 2174.2 0.0065989690 0.9515243173 -0.3075027466 -0.9860787988 0.0572850369 0.1560994238 0.1661477089 0.3021918535 0.9386559725
4.4 -111.4 1935.3 0.7696243525 0.1096381992 0.6290133595 -0.0681973696 0.9936268330 -0.0897486433 -0.6348444223 0.0261756852 0.7721964717
-39.1 -506.3 1924.9 0.7674790025 0.0908340067 0.6346063614 -0.0947117135 0.9951139092 -0.0278927740 -0.6340392232 -0.0386975370 0.7723320723
170.8 -123.5 2011.5 -0.4904620349 0.3076620400 0.8153471947 0.0808457434 0.9476365447 -0.3089481592 -0.8677044511 -0.0856099874 -0.4896529019
48.5 -500.0 2045.5 -0.5086062551 0.0452625379 0.8598086834 -0.1106363311 0.9869028330 -0.1173982695 -0.8538613915 -0.1548355669 -0.4969372749
179.7 252.9 1678.7 0 0 0 0 0 0 0 0 0
213.0 -185.2 2217.4 0 0 0 0 0 0 0 0 0
-73.8 -886.5 1939.7 0 0 0 0 0 0 0 0 0
31.3 -876.5 2104.6 0 0 0 0 0 0 0 0 0
146.6 475.4 1908.1 0 0.8918078542 0.1381884962 -0.4307930470 -0.0792419538 0.9852008820 0.1519867182 0.4454205036 -0.1014060751 0.8895602226
118.8 277.2 1928.5 0.8918078542 0.1381884962 -0.4307930470 -0.0792419538 0.9852008820 0.1519867182 0.4454205036 -0.1014060751 0.8895602226
91.2 81.9 1951.6 0.8925493956 0.1395773143 -0.4288049936 -0.0739866868 0.9833334684 0.1660761237 0.4448387623 -0.1165052801 0.8880005479
-11.3 288.1 1863.6 0.1424251348 -0.6098596454 -0.7796065211 0.9314190745 0.3490921259 -0.1029233560 0.3349232972 -0.7114814520 0.6177543998
-40.3 98.2 1795.4 -0.7443020940 -0.6098596454 0.2721866667 -0.5606300831 0.3490921259 -0.7508852482 0.3629163802 -0.7114814520 -0.6017356515
249.0 266.4 1993.4 -0.2177557349 0.9321064949 -0.2894129753 -0.6966912150 0.0592200309 0.7149226069 0.6835231185 0.3573099673 0.6364949346
188.3 72.3 2183.8 0.0013064260 0.9321064949 -0.3621819019 -0.9870853424 0.0592200309 0.1488473713 0.1601900309 0.3573099673 0.9201460481
-10.4 -108.6 1937.6 0.8077842593 0.0683944374 0.5854970217 -0.0342393145 0.9970132113 -0.0692269579 -0.5884830356 0.0358734317 0.8077133298
-37.6 -504.5 1923.4 0.8027293682 0.0970879570 0.5883871913 -0.1100287884 0.9938315153 -0.0138781555 -0.5861051083 -0.0535991266 0.8084602356
157.6 -122.4 2009.6 -0.4526733160 0.2737588882 0.8486123681 0.0415611751 0.9571477771 -0.2866021097 -0.8907073140 -0.0944677964 -0.4446530044
48.9 -502.5 2047.1 -0.4652903676 0.0483831912 0.8838347793 -0.1086460873 0.9878332019 -0.1112724915 -0.8784650564 -0.1477992088 -0.4543726444
176.7 261.7 1689.5 0 0 0 0 0 0 0 0 0
188.6 -184.2 2225.4 0 0 0 0 0 0 0 0 0
-74.7 -884.2 1943.8 0 0 0 0 0 0 0 0 0
30.4 -879.6 2103.6 0 0 0 0 0 0 0 0 0
137.0 478.1 1913.9 1 0.8948808312 0.1255126446 -0.4282929897 -0.0758557096 0.9884527922 0.1311754137 0.4398115575 -0.0848978907 0.8940683007
111.9 280.0 1931.0 0.8948808312 0.1255126446 -0.4282929897 -0.0758557096 0.9884527922 0.1311754137 0.4398115575 -0.0848978907 0.8940683007
85.0 84.3 1952.3 0.8950087428 0.1353197694 -0.4250268936 -0.0748877525 0.9849322438 0.1558856666 0.4397171140 -0.1076897308 0.8916567564
-18.7 290.9 1866.8 0.1200934425 -0.6047478318 -0.7873103619 0.9383035898 0.3281956613 -0.1089678481 0.3242899179 -0.7256497741 0.6068512201
-43.2 99.6 1800.7 -0.7368341684 -0.6047478318 0.3022506237 -0.5763570070 0.3281956613 -0.7483984232 0.3533950150 -0.7256497741 -0.5903764367
242.5 269.0 1995.1 -0.2119519114 0.9336396456 -0.2887791097 -0.7037373185 0.0592236556 0.7079875469 0.6781077981 0.3532839417 0.6444844604
183.4 72.8 2184.2 0.0056825629 0.9336396456 -0.3581685424 -0.9885628223 0.0592236556 0.1386944354 0.1507026851 0.3532839417 0.9232980013
-18.2 -106.6 1934.0 0.8060357571 0.0471059121 0.5899893045 -0.0068179211 0.9975006580 -0.0703278705 -0.5918275118 0.0526642799 0.8043423891
-36.9 -502.7 1913.1 0.8003822565 0.0982686654 0.5913810134 -0.1578669399 0.9862046838 0.0497832820 -0.5783305764 -0.1332051605 0.8048540950
145.2 -120.2 2015.5 -0.4600637257 0.2408736646 0.8545883298 0.0377176180 0.9669310451 -0.2522333860 -0.8870844245 -0.0838103965 -0.4539350867
49.6 -504.1 2048.8 -0.4719944894 0.0522053987 0.8800544143 -0.1014344916 0.9883998632 -0.1130342931 -0.8757466674 -0.1426194459 -0.4612238705
172.0 268.0 1697.4 0 0 0 0 0 0 0 0 0
184.9 -184.0 2223.3 0 0 0 0 0 0 0 0 0
-74.3 -878.4 1963.9 0 0 0 0 0 0 0 0 0
29.7 -881.7 2103.2 0 0 0 0 0 0 0 0 0
128.1 479.3 1921.3 2 0.9036425948 0.1182452291 -0.4116407931 -0.0779761299 0.9904908538 0.1133470386 0.4211291969 -0.0703270510 0.9042700529
104.3 280.0 1935.5 0.9036425948 0.1182452291 -0.4116407931 -0.0779761299 0.9904908538 0.1133470386 0.4211291969 -0.0703270510 0.9042700529
78.8 83.9 1953.8 0.9036166072 0.1285163015 -0.4086081088 -0.0781842917 0.9873896241 0.1376552135 0.4211463332 -0.0924408063 0.9022696018
-27.6 291.4 1874.0 0.1130971909 -0.6035610437 -0.7892547846 0.9342610836 0.3349679112 -0.1222815365 0.3381793797 -0.7235403061 0.6017675400
-50.6 101.5 1805.3 -0.7353098392 -0.6035610437 0.3082750738 -0.5847120285 0.3349679112 -0.7388560772 0.3426825106 -0.7235403061 -0.5992146134
236.3 268.6 1997.0 -0.1957320720 0.9399506450 -0.2796099782 -0.7167854309 0.0574597456 0.6949223280 0.6692590117 0.3364389539 0.6624962091
181.7 68.8 2183.6 0.0131025910 0.9399506450 -0.3410588205 -0.9910753369 0.0574597456 0.1202832758 0.1326574981 0.3364389539 0.9323147535
-23.8 -104.5 1933.4 0.7947453260 0.0241000485 0.6064643860 0.0130442362 0.9983023405 -0.0567650497 -0.6068028808 0.0530246235 0.7930817604
-33.4 -501.0 1912.4 0.7864698172 0.1173594669 0.6063761115 -0.1672218889 0.9855727553 0.0261367057 -0.5945604444 -0.1219550967 0.7947483063
140.2 -118.3 2014.0 -0.4824964106 0.2349103987 0.8438094258 0.0292334538 0.9671471119 -0.2525308132 -0.8754099607 -0.0971777514 -0.4735122621
46.9 -502.4 2052.6 -0.4884907305 0.0193388872 0.8723547459 -0.0924236998 0.9929835200 -0.0737673715 -0.8676604629 -0.1166609302 -0.4832758605
164.8 272.8 1704.9 0 0 0 0 0 0 0 0 0
185.1 -188.7 2218.0 0 0 0 0 0 0 0 0 0
-78.2 -876.9 1958.9 0 0 0 0 0 0 0 0 0
39.5 -881.5 2097.1 0 0 0 0 0 0 0 0 0
120.9 481.9 1932.6 3 0.9027106762 0.1151075438 -0.4145644903 -0.0832991228 0.9920741320 0.0940751508 0.4221074581 -0.0503897816 0.9051442742
97.7 281.9 1942.7 0.9027106762 0.1151075438 -0.4145644903 -0.0832991228 0.9920741320 0.0940751508 0.4221074581 -0.0503897816 0.9051442742
73.0 85.3 1957.2 0.9028270841 0.1244498417 -0.4116011858 -0.0823362842 0.9895240068 0.1185873300 0.4220474362 -0.0731741339 0.9036157727
-34.1 293.9 1881.1 0.1121764630 -0.6139447093 -0.7813375592 0.9324582219 0.3367843032 -0.1307591945 0.3434211314 -0.7138965130 0.6102570295
-57.3 101.3 1810.2 -0.7266787887 -0.6139447093 0.3082366288 -0.5943169594 0.3367843032 -0.7303175330 0.3445653319 -0.7138965130 -0.6096117496
229.6 269.9 2004.3 -0.1943612397 0.9387783408 -0.2844624519 -0.7301971316 0.0551762991 0.6810049415 0.6550082564 0.3400746286 0.6747691631
175.4 66.2 2187.0 0.0171746053 0.9387783408 -0.3440933228 -0.9933598638 0.0551762991 0.1009544507 0.1137596518 0.3400746286 0.9334923625
-29.6 -105.1 1933.6 0.7962781787 0.0054530827 0.6049060225 0.0271190647 0.9986322522 -0.0447010659 -0.6043224335 0.0519989692 0.7950412035
-31.7 -501.8 1912.9 0.7883551717 0.1165294275 0.6040836573 -0.1590870321 0.9871147275 0.0171982255 -0.5942957997 -0.1096601859 0.7967353463
136.1 -119.4 2010.8 -0.4866868556 0.2192368209 0.8456187844 0.0163519643 0.9701129198 -0.2421022207 -0.8734234571 -0.1040004417 -0.4757261574
49.0 -504.8 2052.1 -0.4927839935 0.0361357778 0.8694010377 -0.0834803432 0.9925653338 -0.0885723606 -0.8661379814 -0.1162249371 -0.4861037135
155.4 275.3 1709.3 0 0 0 0 0 0 0 0 0
179.9 -191.8 2216.6 0 0 0 0 0 0 0 0 0
-76.2 -878.7 1954.8 0 0 0 0 0 0 0 0 0
35.2 -883.9 2096.5 0 0 0 0 0 0 0 0 0
114.6 484.3 1945.7 4 0.9122606516 0.1142414957 -0.3933565915 -0.0919308066 0.9929241538 0.0751691461 0.3991606832 -0.0324122645 0.9163079262
91.5 283.2 1952.2 0.9122606516 0.1142414957 -0.3933565915 -0.0919308066 0.9929241538 0.0751691461 0.3991606832 -0.0324122645 0.9163079262
67.3 86.3 1962.6 0.9124152660 0.1212390661 -0.3908957243 -0.0906278193 0.9912562370 0.0959047899 0.3991052210 -0.0520789661 0.9154249430
-41.8 296.4 1894.0 0.0963694379 -0.6195076704 -0.7790527344 0.9243225455 0.3460575640 -0.1608477533 0.3692435026 -0.7045952082 0.6059743166
-62.0 102.4 1816.4 -0.7262361646 -0.6195076704 0.2979786992 -0.5933830738 0.3460575640 -0.7267328501 0.3470988274 -0.7045952082 -0.6189249158
224.7 270.0 2010.5 -0.1783498973 0.9462581873 -0.2697902024 -0.7462098002 0.0486501418 0.6639307737 0.6413753033 0.3197320998 0.6974303722
175.0 62.0 2189.3 0.0210303329 0.9462581873 -0.3227277100 -0.9957846999 0.0486501418 0.0777556747 0.0892776921 0.3197320998 0.9432925582
-34.5 -103.7 1933.1 0.7821311951 -0.0112120090 0.6230129004 0.0434559025 0.9983851910 -0.0365872271 -0.6215966344 0.0556895994 0.7813554406
-30.0 -500.4 1911.0 0.7739071846 0.1215732768 0.6215204597 -0.1683861762 0.9855764508 0.0168868285 -0.6105028987 -0.1177242845 0.7832159400
131.1 -118.8 2010.5 -0.5108829141 0.2011497766 0.8357855082 0.0166838896 0.9743758440 -0.2243063152 -0.8594883680 -0.1006501094 -0.5011479259
51.1 -505.9 2050.4 -0.5183302164 0.0606784448 0.8530251384 -0.0716959238 0.9908846021 -0.1140499786 -0.8521698713 -0.1202739775 -0.5092549920
150.8 276.3 1714.7 0 0 0 0 0 0 0 0 0
180.4 -196.7 2212.5 0 0 0 0 0 0 0 0 0
-76.5 -876.8 1955.9 0 0 0 0 0 0 0 0 0
28.0 -884.3 2096.4 0 0 0 0 0 0 0 0 0
108.8 487.7 1953.2 5 0.8951233029 0.1127080098 -0.4313365221 -0.0886598900 0.9931940436 0.0755312741 0.4369138479 -0.0293675549 0.8990238309
85.9 286.1 1959.2 0.8951233029 0.1127080098 -0.4313365221 -0.0886598900 0.9931940436 0.0755312741 0.4369138479 -0.0293675549 0.8990238309
63.1 89.0 1968.4 0.8957154155 0.1150647029 -0.4294811487 -0.0834985897 0.9922793508 0.0917045027 0.4367172122 -0.0462800637 0.8984076381
-44.8 298.3 1895.4 0.1069596410 -0.6148936152 -0.7813228965 0.9259404540 0.3478784859 -0.1470199078 0.3622070551 -0.7077332735 0.6065638661
-67.3 103.4 1819.2 -0.7265917659 -0.6148936152 0.3065456152 -0.5987667441 0.3478784859 -0.7214283943 0.3369610906 -0.7077332735 -0.6209435463
216.6 273.9 2022.9 -0.1984813660 0.9316775799 -0.3042730391 -0.7485238314 0.0563165396 0.6607121825 0.6327062845 0.3588946760 0.6862050295
161.3 65.2 2199.3 0.0257012546 0.9316775799 -0.3623760045 -0.9956538081 0.0563165396 0.0741751716 0.0895151049 0.3588946760 0.9290757179
-40.5 -102.3 1936.3 0.8067605495 -0.0243560337 0.5903763175 0.0593346208 0.9974391460 -0.0399324447 -0.5878918767 0.0672456771 0.8061397076
-30.8 -498.6 1909.6 0.8007088304 0.1194278300 0.5870283842 -0.1710011363 0.9847210646 0.0329098515 -0.5741288662 -0.1267337352 0.8088971376
126.8 -118.8 2009.5 -0.4779822230 0.1980133206 0.8557591438 -0.0025946586 0.9739361405 -0.2268074304 -0.8783656955 -0.1106303260 -0.4650104046
48.2 -505.8 2053.4 -0.4813072681 0.0243038256 0.8762149215 -0.0797900110 0.9942507744 -0.0714066923 -0.8729128838 -0.1042817608 -0.4766009152
146.0 279.1 1720.3 0 0 0 0 0 0 0 0 0
168.0 -193.5 2222.6 0 0 0 0 0 0 0 0 0
-76.4 -874.8 1958.0 0 0 0 0 0 0 0 0 0
38.9 -885.4 2093.2 0 0 0 0 0 0 0 0 0
104.1 488.0 1958.0 6 0.8856005073 0.0999826193 -0.4535583854 -0.0751757994 0.9945348501 0.0724503696 0.4583233893 -0.0300654694 0.8882768154
83.8 286.2 1964.1 0.8856005073 0.0999826193 -0.4535583854 -0.0751757994 0.9945348501 0.0724503696 0.4583233893 -0.0300654694 0.8882768154
64.8 88.6 1972.8 0.8866002560 0.0955272615 -0.4525643587 -0.0650048628 0.9944635630 0.0825629458 0.4579457939 -0.0437814444 0.8879013658
-45.6 295.7 1897.2 0.1302920878 -0.6092495322 -0.7822013497 0.9157412648 0.3763606250 -0.1406078935 0.3800550699 -0.6979739666 0.6069517732
-72.4 107.3 1819.1 -0.7351577878 -0.6092495322 0.2972508073 -0.5980188251 0.3763606250 -0.7076200843 0.3192437291 -0.6979739666 -0.6410270929
213.2 276.7 2030.9 -0.1978647858 0.9215134978 -0.3341592550 -0.7524724603 0.0756794959 0.6542612910 0.6281996369 0.3809009194 0.6784391999
158.0 66.8 2206.2 0.0442716405 0.9215134978 -0.3858146071 -0.9949058294 0.0756794959 0.0665956140 0.0905670151 0.3809009194 0.9201695919
-41.9 -100.5 1937.6 0.8198912740 -0.0231575333 0.5720506907 0.0543779209 0.9978143573 -0.0375439897 -0.5699309707 0.0618889183 0.8193585873
-32.7 -497.0 1913.0 0.8136346936 0.1153953299 0.5698091984 -0.1535917073 0.9879470468 0.0192398932 -0.5607210994 -0.1031722128 0.8215517998
122.3 -115.8 2017.6 -0.4549117088 0.1841121763 0.8712967634 -0.0023163864 0.9781473279 -0.2079000026 -0.8905335069 -0.0965944007 -0.4445441961
49.1 -504.5 2056.0 -0.4573496878 0.0374965183 0.8884961009 -0.0520478524 0.9962693453 -0.0688362047 -0.8877624869 -0.0777265280 -0.4536918700
142.9 282.5 1725.6 0 0 0 0 0 0 0 0 0
169.5 -191.7 2229.7 0 0 0 0 0 0 0 0 0
-76.7 -874.4 1952.4 0 0 0 0 0 0 0 0 0
34.8 -884.8 2085.7 0 0 0 0 0 0 0 0 0
98.7 487.4 1963.4 7 0.8716247082 0.0877065733 -0.4822633564 -0.0668143928 0.9959375262 0.0603678338 0.4855988324 -0.0203959607 0.8739438057
80.9 285.3 1967.5 0.8716247082 0.0877065733 -0.4822633564 -0.0668143928 0.9959375262 0.0603678338 0.4855988324 -0.0203959607 0.8739438057
63.9 87.4 1974.6 0.8723734021 0.0861063078 -0.4811968505 -0.0582357682 0.9956603646 0.0725883842 0.4853589237 -0.0353013054 0.8736020327
-46.4 293.8 1896.7 0.1552113295 -0.6059349179 -0.7802258134 0.9118412733 0.3917361796 -0.1228343397 0.3800722957 -0.6923768520 0.6133183241
-77.8 109.0 1819.7 -0.7369450927 -0.6059349179 0.2995910943 -0.6041880250 0.3917361796 -0.6939017177 0.3030985892 -0.6923768520 -0.6547866464
208.2 276.7 2038.4 -0.2093196809 0.9081680179 -0.3625136316 -0.7582213879 0.0833626762 0.6466459632 0.6174832582 0.4102213085 0.6711429954
149.9 65.2 2210.6 0.0522617288 0.9081680179 -0.4153306782 -0.9948823452 0.0833626762 0.0570943691 0.0864743516 0.4102213085 0.9078770280
-35.4 -103.0 1939.6 0.8372985125 -0.0052049775 0.5467212200 0.0429502018 0.9974907041 -0.0562813766 -0.5450564027 0.0706060976 0.8354210258
-33.3 -499.3 1911.6 0.8308683038 0.1151765510 0.5444191694 -0.1542008668 0.9876872897 0.0263807755 -0.5346774459 -0.1058688611 0.8383983970
127.1 -114.9 2023.6 -0.4225890934 0.1994405985 0.8841051459 0.0186986756 0.9771984220 -0.2115033269 -0.9061284661 -0.0728474036 -0.4166826606
47.8 -503.1 2052.5 -0.4261908233 0.0226764139 0.9043490291 -0.0684293732 0.9960135221 -0.0572234653 -0.9020414948 -0.0862721503 -0.4229400754
137.6 285.6 1731.1 0 0 0 0 0 0 0 0 0
163.4 -193.2 2233.1 0 0 0 0 0 0 0 0 0
-77.3 -876.7 1952.0 0 0 0 0 0 0 0 0 0
39.2 -883.4 2085.5 0 0 0 0 0 0 0 0 0
94.8 488.6 1967.6 8 0.8828656077 0.0729529187 -0.4639247358 -0.0516022071 0.9969486594 0.0585709214 0.4667820632 -0.0277707148 0.8839362264
80.0 285.6 1973.2 0.8828656077 0.0729529187 -0.4639247358 -0.0516022071 0.9969486594 0.0585709214 0.4667820632 -0.0277707148 0.8839362264
66.3 87.6 1980.5 0.8834290504 0.0686170980 -0.4635135233 -0.0436667092 0.9969707727 0.0643623173 0.4665257931 -0.0366194285 0.8837492466
-49.0 292.0 1905.1 0.1584474295 -0.6268189549 -0.7628843188 0.8886933923 0.4272227883 -0.1664474607 0.4302539825 -0.6515970230 0.6247422099
-81.4 110.4 1817.2 -0.7236716151 -0.6268189549 0.2887860537 -0.6291654706 0.4272227883 -0.6493315697 0.2836373150 -0.6515970230 -0.7035418749
208.9 279.3 2041.3 -0.1833980680 0.9152666926 -0.3586810231 -0.7616671920 0.0983669758 0.6404584646 0.6214726567 0.3906544149 0.6790882349
157.8 66.9 2214.6 0.0707513243 0.9152666926 -0.3965869248 -0.9939082265 0.0983669758 0.0497033373 0.0845028684 0.3906544149 0.9166506529
-33.2 -105.0 1937.2 0.8248138428 0.0057504037 0.5653751493 0.0261614081 0.9984891415 -0.0483219102 -0.5647988319 0.0546475910 0.8234172463
-35.4 -501.7 1915.5 0.8196587563 0.1005785540 0.5639533997 -0.1443692744 0.9889582396 0.0334523134 -0.5543618202 -0.1088370234 0.8251287937
126.7 -115.7 2026.1 -0.4389413595 0.1916317642 0.8778426647 0.0286921188 0.9794831872 -0.1994730234 -0.8980574608 -0.0623697899 -0.4354339838
50.6 -504.9 2050.9 -0.4468813241 0.0532746576 0.8930055499 -0.0746956915 0.9925174117 -0.0965908170 -0.8914693594 -0.1098682955 -0.4395581186
130.5 294.6 1734.1 0 0 0 0 0 0 0 0 0
176.1 -191.3 2236.6 0 0 0 0 0 0 0 0 0
-73.9 -879.6 1957.1 0 0 0 0 0 0 0 0 0
30.2 -883.7 2092.9 0 0 0 0 0 0 0 0 0
90.2 491.4 1974.2 9 0.8911663890 0.0628690496 -0.4492993355 -0.0455503128 0.9977465272 0.0492644049 0.4513840973 -0.0234370567 0.8920219541
77.4 287.7 1979.0 0.8911663890 0.0628690496 -0.4492993355 -0.0455503128 0.9977465272 0.0492644049 0.4513840973 -0.0234370567 0.8920219541
65.6 89.4 1985.0 0.8915704489 0.0590080656 -0.4490213394 -0.0389346443 0.9977915287 0.0538165197 0.4512052834 -0.0304987356 0.8918988705
-52.8 293.3 1913.1 0.1460841149 -0.6446918249 -0.7503545284 0.8544235826 0.4645222425 -0.2327646166 0.4986178279 -0.6071174145 0.6186992526
-82.9 117.2 1810.2 -0.7115331292 -0.6446918249 0.2794514298 -0.6549680233 0.4645222425 -0.5960167646 0.2544356883 -0.6071174145 -0.7527754903
207.5 282.0 2044.8 -0.1660481393 0.9208433032 -0.3528110683 -0.7676947117 0.1038442925 0.6323457956 0.6189287901 0.3758510351 0.6896833777
161.2 67.9 2217.4 0.0810575485 0.9208433032 -0.3814148903 -0.9938086271 0.1038442925 0.0395072065 0.0759877041 0.3758510351 0.9235593677
-28.2 -106.5 1945.0 0.8147563338 0.0185226351 0.5795075893 0.0263487026 0.9972741604 -0.0689204410 -0.5792044997 0.0714226365 0.8120473623
-35.6 -502.7 1916.6 0.8090505600 0.1042494848 0.5784196258 -0.1502329707 0.9881312251 0.0320422910 -0.5682140589 -0.1128215268 0.8151098490
133.7 -114.5 2030.5 -0.4514827728 0.2236661315 0.8637920618 0.0449087769 0.9725421667 -0.2283526510 -0.8911489844 -0.0643054396 -0.4491306245
44.8 -500.7 2056.1 -0.4536172152 -0.0066541359 0.8911717534 -0.0677968264 0.9973320365 -0.0270625986 -0.8886141181 -0.0726946741 -0.4528581202
125.7 309.2 1735.7 0 0 0 0 0 0 0 0 0
182.3 -190.3 2237.2 0 0 0 0 0 0 0 0 0
-75.4 -880.3 1959.7 0 0 0 0 0 0 0 0 0
47.4 -880.7 2083.8 0 0 0 0 0 0 0 0 0
85.5 492.2 1980.5 0 0.8788845539 0.0596083701 -0.4732956290 -0.0441749990 0.9980689287 0.0436693951 0.4749847054 -0.0174725242 0.8798205853
73.3 288.4 1984.0 0.8788845539 0.0596083701 -0.4732956290 -0.0441749990 0.9980689287 0.0436693951 0.4749847054 -0.0174725242 0.8798205853
62.1 90.1 1988.8 0.8792297244 0.0562601686 -0.4730643332 -0.0382283553 0.9981321096 0.0476543419 0.4748617113 -0.0238146447 0.8797381520
-55.1 294.0 1914.7 0.1399634778 -0.6469296813 -0.7495946884 0.8259484768 0.4938100576 -0.2719573081 0.5460946560 -0.5810624957 0.6034459472
-83.7 125.1 1803.1 -0.7086942196 -0.6469296813 0.2814862728 -0.6706326604 0.4938100576 -0.5535371900 0.2190988809 -0.5810624957 -0.7838125229
201.7 282.8 2053.4 -0.1798514426 0.9099848270 -0.3736054599 -0.7715066075 0.1051350236 0.6274744272 0.6102712154 0.4010912478 0.6831506491
151.5 67.6 2223.6 0.0825846791 0.9099848270 -0.4063340425 -0.9938952923 0.1051350236 0.0334472321 0.0731564090 0.4010912478 0.9131122231
-27.8 -105.3 1949.7 0.8297796845 0.0265152398 0.5574608445 0.0231007542 0.9963828325 -0.0817777067 -0.5576127768 0.0807352439 0.8261657357
-38.3 -501.1 1917.6 0.8258975744 0.0886323154 0.5568100810 -0.1288712472 0.9910991192 0.0333884843 -0.5488947034 -0.0993322805 0.8299685121
135.6 -112.4 2032.4 -0.4263658524 0.2285296619 0.8752064705 0.0527962483 0.9721969366 -0.2281351089 -0.9030086994 -0.0510614105 -0.4265771210
44.9 -498.6 2052.7 -0.4300964773 -0.0102381678 0.9027248621 -0.1045951620 0.9937669635 -0.0385628641 -0.8967033625 -0.1110064089 -0.4284865260
123.0 320.8 1739.1 0 0 0 0 0 0 0 0 0
173.0 -190.6 2242.6 0 0 0 0 0 0 0 0 0
-72.2 -879.8 1955.5 0 0 0 0 0 0 0 0 0
48.8 -877.5 2095.0 0 0 0 0 0 0 0 0 0
82.5 496.2 1990.6 1 0.8544632196 0.0545022376 -0.5166450739 -0.0443634503 0.9985039830 0.0319634639 0.5176142454 -0.0043914481 0.8556028605
71.5 293.5 1991.5 0.8544632196 0.0545022376 -0.5166450739 -0.0443634503 0.9985039830 0.0319634639 0.5176142454 -0.0043914481 0.8556028605
61.4 95.0 1993.5 0.8547903895 0.0507151000 -0.5164895058 -0.0381539166 0.9986616969 0.0349157676 0.5175690651 -0.0101395641 0.8555813432
-53.2 299.1 1916.0 0.1231839731 -0.6594637036 -0.7415748835 0.7930480838 0.5146370530 -0.3259194195 0.5965739489 -0.5479564667 0.5863814354
-78.5 136.7 1793.8 -0.6858225465 -0.6594637036 0.3078231215 -0.7103623748 0.5146370530 -0.4801395237 0.1582174003 -0.5479564667 -0.8214079142
196.1 287.8 2067.0 -0.2044797540 0.8881826997 -0.4114845395 -0.7796567082 0.1064011827 0.6171014309 0.5918812752 0.4470014274 0.6707206964
139.1 70.5 2232.0 0.0856410861 0.8881826997 -0.4514389038 -0.9941067696 0.1064011827 0.0207498949 0.0664633363 0.4470014274 0.8920607567
-29.6 -104.7 1950.0 0.8560929298 0.0188326500 0.5164787173 0.0235046837 0.9968830943 -0.0753102526 -0.5162871480 0.0766122416 0.8529819250
-37.1 -500.9 1919.5 0.8513442874 0.0935446918 0.5161998868 -0.1152713373 0.9932825565 0.0101109594 -0.5117865205 -0.0681109577 0.8564084768
131.6 -111.8 2037.0 -0.3844091594 0.2182604969 0.8969904780 0.0466944203 0.9750025868 -0.2172317207 -0.9219811559 -0.0416214131 -0.3849914670
44.8 -499.1 2053.6 -0.3848589361 -0.0238845479 0.9226663113 -0.0937098116 0.9955104589 -0.0133176427 -0.9182059169 -0.0915883034 -0.3853693306
122.4 344.7 1747.5 0 0 0 0 0 0 0 0 0
161.4 -187.8 2249.3 0 0 0 0 0 0 0 0 0
-72.8 -880.2 1945.5 0 0 0 0 0 0 0 0 0
54.0 -879.0 2088.5 0 0 0 0 0 0 0 0 0
77.6 496.6 1990.2 2 0.8040179610 0.0294761956 -0.5938739777 -0.0063758758 0.9991405010 0.0409590974 0.5945708752 -0.0291453805 0.8035147786
71.6 294.5 1996.1 0.8040179610 0.0294761956 -0.5938739777 -0.0063758758 0.9991405010 0.0409590974 0.5945708752 -0.0291453805 0.8035147786
66.7 96.1 2002.8 0.8041999340 0.0235739276 -0.5938911438 0.0004802973 0.9991869926 0.0403121300 0.5943586826 -0.0327042565 0.8035348058
-45.2 294.4 1909.8 0.1574546248 -0.6795660853 -0.7165179849 0.7438012362 0.5588864684 -0.3666137159 0.6495904326 -0.4752219617 0.5934613347
-75.8 149.7 1783.3 -0.6706777811 -0.6795660853 0.2972899079 -0.7358039021 0.5588864684 -0.3824114799 0.0937225670 -0.4752219617 -0.8748601079
188.4 294.6 2082.4 -0.2367864102 0.8397858739 -0.4885610044 -0.7713759542 0.1432292312 0.6200520396 0.5906871557 0.5236840844 0.6138759255
122.4 79.5 2247.1 0.1051276401 0.8397858739 -0.5326423049 -0.9892169833 0.1432292312 0.0305793211 0.1019700319 0.5236840844 0.8457878232
-26.8 -99.9 1948.2 0.8987327814 0.0311691482 0.4373875856 -0.0025747532 0.9978284240 -0.0658167899 -0.4384891987 0.0580255426 0.8968613148
-39.2 -496.3 1925.1 0.8948662281 0.0833910182 0.4384750724 -0.0905165523 0.9958840013 -0.0046697618 -0.4370597303 -0.0355104394 0.8987312317
129.7 -106.9 2043.0 -0.2918652594 0.2023166269 0.9348168969 0.0475240871 0.9792325497 -0.1970914304 -0.9552780390 -0.0130978245 -0.2954188883
49.4 -495.8 2048.2 -0.2974871397 0.0163760744 0.9545853734 -0.0993713737 0.9938911200 -0.0480184816 -0.9495402575 -0.1091433391 -0.2940424979
120.4 365.0 1755.9 0 0 0 0 0 0 0 0 0
149.7 -177.3 2273.5 0 0 0 0 0 0 0 0 0
-71.1 -876.5 1938.7 0 0 0 0 0 0 0 0 0
43.1 -875.0 2089.8 0 0 0 0 0 0 0 0 0
72.7 495.6 1995.5 3 0.8138912320 0.0081484551 -0.5809600949 0.0075493893 0.9996689558 0.0245974548 0.5809682012 -0.0244055465 0.8135603070
71.0 293.0 2000.4 0.8138912320 0.0081484551 -0.5809600949 0.0075493893 0.9996689558 0.0245974548 0.5809682012 -0.0244055465 0.8135603070
70.3 94.4 2005.9 0.8139234781 0.0033817440 -0.5809623003 0.0131331217 0.9996204376 0.0242181234 0.5808236599 -0.0273415465 0.8135700822
-47.5 291.0 1915.8 0.1324886680 -0.6983962059 -0.7033416629 0.6676462293 0.5873514414 -0.4574568570 0.7325949073 -0.4089755416 0.5440989733
-73.4 160.6 1772.7 -0.6524851322 -0.6983962059 0.2941188812 -0.7573351860 0.5873514414 -0.2854149044 0.0265815463 -0.4089755416 -0.9121581316
189.6 294.9 2085.0 -0.2116189599 0.8456563354 -0.4899824560 -0.7785505056 0.1572080404 0.6075727940 0.5908269882 0.5100500584 0.6251179576
130.6 77.8 2249.7 0.1269584894 0.8456563354 -0.5184080601 -0.9874573350 0.1572080404 0.0146175995 0.0938593820 0.5100500584 0.8550084233
-11.5 -102.4 1955.4 0.8891709447 0.0719567388 0.4518819451 -0.0280207004 0.9942670465 -0.1031885073 -0.4567164183 0.0790901706 0.8860896230
-40.0 -497.0 1924.0 0.8859239221 0.0788278952 0.4570831060 -0.0927780792 0.9956537485 0.0081145689 -0.4544568658 -0.0495961830 0.8893869519
135.2 -102.3 2063.8 -0.2960296571 0.2200316042 0.9294904470 0.1088860482 0.9745365381 -0.1960163414 -0.9489521980 0.0431818925 -0.3124500811
48.0 -488.8 2046.7 -0.3020875156 -0.0058146408 0.9532624483 -0.1113286465 0.9933539629 -0.0292206984 -0.9467571378 -0.1149526238 -0.3007271588
119.1 383.9 1764.8 0 0 0 0 0 0 0 0 0
163.6 -178.6 2274.1 0 0 0 0 0 0 0 0 0
-70.1 -877.3 1942.9 0 0 0 0 0 0 0 0 0
50.2 -868.0 2090.5 0 0 0 0 0 0 0 0 0
69.4 491.4 1997.6 4 0.8461380601 0.0587089807 -0.5297203064 -0.0326036811 0.9977546930 0.0585024692 0.5319655538 -0.0322303362 0.8461523652
56.9 279.6 2004.5 0.8461380601 0.0587089807 -0.5297203064 -0.0326036811 0.9977546930 0.0585024692 0.5319655538 -0.0322303362 0.8461523652
69.4 81.8 2005.0 0.8458957076 -0.0641255677 -0.5294793248 0.0566914268 0.9979321361 -0.0302900113 0.5303267837 -0.0043947473 0.8477818966
-66.0 271.0 1927.2 0.0055505317 -0.7280616164 -0.6854892373 0.5076935291 0.5926324725 -0.6253271103 0.8615198731 -0.3445475698 0.3729216158
-67.1 174.8 1763.8 -0.6208489537 -0.7280616164 0.2906421125 -0.7831432223 0.5926324725 -0.1883439869 -0.0351179205 -0.3445475698 -0.9381117821
179.9 288.1 2081.8 -0.1227924451 0.8645789027 -0.4872631133 -0.8021421432 0.2026396394 0.5616984963 0.5843714476 0.4598265886 0.6686325669
145.8 65.3 2244.0 0.1968616843 0.8645789027 -0.4623297453 -0.9785268307 0.2026396394 -0.0377144106 0.0610792488 0.4598265886 0.8859056234
-4.9 -105.3 1958.4 0.8552980423 0.0882574171 0.5105642676 -0.0316637605 0.9924474359 -0.1185137630 -0.5171679258 0.0851982087 0.8516328931
-40.0 -499.5 1924.5 0.8520597219 0.0783312544 0.5175504088 -0.0944080204 0.9955222607 0.0047546448 -0.5148605108 -0.0529121496 0.8556395173
143.9 -102.9 2064.6 -0.3543169200 0.2444497496 0.9026094675 0.1397419125 0.9682310224 -0.2073664367 -0.9246251583 0.0526589304 -0.3772205114
46.9 -487.2 2043.7 -0.3578690290 -0.0365578569 0.9330558777 -0.1348858774 0.9907769561 -0.0129154045 -0.9239780903 -0.1304780841 -0.3594995141
116.3 406.1 1774.2 0 0 0 0 0 0 0 0 0
196.7 -188.1 2259.9 0 0 0 0 0 0 0 0 0
-69.9 -879.8 1944.7 0 0 0 0 0 0 0 0 0
60.9 -865.3 2093.5 0 0 0 0 0 0 0 0 0
64.2 490.3 1986.7 5 0.8597428203 0.0600589775 -0.5071836114 -0.0109635340 0.9950031042 0.0992402881 0.5106095076 -0.0797606036 0.8561052084
51.1 272.6 2004.1 0.8597428203 0.0600589775 -0.5071836114 -0.0109635340 0.9950031042 0.0992402881 0.5106095076 -0.0797606036 0.8561052084
70.0 75.2 2004.3 0.8580238223 -0.0961237475 -0.5045347810 0.0839049518 0.9953672886 -0.0469461828 0.5067100525 -0.0020520194 0.8621141315
-73.9 260.2 1930.2 -0.0664251596 -0.7516441345 -0.6562154889 0.3807015419 0.5888238549 -0.7129886150 0.9223091006 -0.2971826196 0.2470393628
-61.4 188.8 1757.2 -0.5889143348 -0.7516441345 0.2970033288 -0.8020334840 0.5888238549 -0.1001436189 -0.0996102914 -0.2971826196 -0.9496105909
176.0 285.0 2078.1 -0.0806732923 0.8697282672 -0.4868927598 -0.8052051663 0.2310487032 0.5461328626 0.5874831676 0.4361068904 0.6816702485
153.5 61.1 2241.4 0.2303067595 0.8697282672 -0.4364991784 -0.9715387821 0.2310487032 -0.0522391833 0.0554186702 0.4361068904 0.8981868029
4.8 -121.3 1957.0 0.8359272480 0.1197959930 0.5356066823 -0.0631521046 0.9904008508 -0.1229549423 -0.5451948643 0.0689566955 0.8354684711
-42.8 -514.5 1929.6 0.8352738619 0.0671933964 0.5457129478 -0.0735230669 0.9972407818 -0.0102546532 -0.5448962450 -0.0315570459 0.8379094601
159.1 -110.6 2054.0 -0.3816765249 0.2799917758 0.8808675408 0.1375194192 0.9596095681 -0.2454340011 -0.9140084386 0.0274600051 -0.4047647417
48.0 -491.4 2043.1 -0.3831210732 -0.0480650701 0.9224467278 -0.1383279115 0.9903692007 -0.0058476790 -0.9132817984 -0.1298405081 -0.3860800564
111.1 423.7 1786.3 0 0 0 0 0 0 0 0 0
213.3 -190.8 2255.8 0 0 0 0 0 0 0 0 0
-68.5 -895.5 1941.7 0 0 0 0 0 0 0 0 0
66.4 -869.6 2092.7 0 0 0 0 0 0 0 0 0
61.2 487.6 1973.7 6 0.8708676100 0.0585374981 -0.4880194366 0.0110591874 0.9902978539 0.1385203898 0.4913932383 -0.1260300130 0.8617709279
47.9 262.1 2002.4 0.8708676100 0.0585374981 -0.4880194366 0.0110591874 0.9902978539 0.1385203898 0.4913932383 -0.1260300130 0.8617709279
70.2 64.8 2004.0 0.8683788180 -0.1124438122 -0.4829850793 0.1026535183 0.9936175346 -0.0467592180 0.4851602316 -0.0089754034 0.8743792176
-78.7 247.0 1931.6 -0.1083908156 -0.7700736523 -0.6286795735 0.2545822263 0.5898141265 -0.7663596869 0.9609575272 -0.2431169897 0.1321166158
-58.3 199.1 1750.8 -0.5720095634 -0.7700736523 0.2824741900 -0.8071056604 0.5898141265 -0.0264514219 -0.1462377310 -0.2431169897 -0.9589101076
174.5 277.1 2073.2 -0.0533629283 0.8756572008 -0.4799759090 -0.8005700707 0.2497802079 0.5446994305 0.5968584418 0.4133210778 0.6876959205
159.6 54.2 2239.4 0.2478486449 0.8756572008 -0.4144822359 -0.9669832587 0.2497802079 -0.0505296849 0.0592827722 0.4133210778 0.9086534977
10.6 -130.0 1958.0 0.8204641938 0.1436884701 0.5533463359 -0.0798860341 0.9872187376 -0.1379033774 -0.5660890341 0.0689401329 0.8214563131
-46.5 -522.0 1930.6 0.8217500448 0.0468627773 0.5679178834 -0.0570801720 0.9983695745 0.0002099993 -0.5669820905 -0.0325894170 0.8230851889
167.4 -114.4 2050.8 -0.3967154920 0.3051547110 0.8657351732 0.1522858888 0.9519364834 -0.2657553256 -0.9052214026 0.0264099948 -0.4241187274
46.3 -492.3 2040.3 -0.4006247222 -0.0520218089 0.9147642255 -0.1654746383 0.9860777855 -0.0163929481 -0.9011758566 -0.1579377055 -0.4036554396
108.6 434.5 1793.4 0 0 0 0 0 0 0 0 0
224.0 -196.7 2254.8 0 0 0 0 0 0 0 0 0
-64.4 -903.4 1943.1 0 0 0 0 0 0 0 0 0
66.2 -868.9 2100.7 0 0 0 0 0 0 0 0 0
59.0 479.6 1960.2 7 0.8760655522 0.0573900528 -0.4787645638 0.0374905355 0.9817794561 0.1862889379 0.4807323515 -0.1811504662 0.8579515815
46.0 258.6 2001.0 0.8760655522 0.0573900528 -0.4787645638 0.0374905355 0.9817794561 0.1862889379 0.4807323515 -0.1811504662 0.8579515815
69.8 61.5 2005.0 0.8736040592 -0.1198335141 -0.4716522992 0.1153192222 0.9925786257 -0.0385895334 0.4727762938 -0.0206786040 0.8809398413
-81.4 241.7 1932.0 -0.1330928802 -0.7714610100 -0.6222010851 0.1863587797 0.5971086621 -0.7802125216 0.9734252095 -0.2197933644 0.0642976165
-55.8 205.8 1744.3 -0.5681986809 -0.7714610100 0.2863532603 -0.8019728661 0.5971086621 0.0173428077 -0.1843633205 -0.2197933644 -0.9579671621
173.5 275.5 2070.0 -0.0400264859 0.8786837459 -0.4757234156 -0.7928099632 0.2618485689 0.5503523350 0.6081531644 0.3991869092 0.6861483455
162.4 54.5 2239.5 0.2558659911 0.8786837459 -0.4030477405 -0.9642264843 0.2618485689 -0.0412622951 0.0692809671 0.3991869092 0.9142482877
13.0 -141.9 1961.2 0.8126668334 0.1551627815 0.5616912842 -0.0897263139 0.9857223630 -0.1424800903 -0.5757793188 0.0653903559 0.8149860501
-48.6 -533.4 1935.2 0.8163646460 0.0357947275 0.5764264464 -0.0288879797 0.9993589520 -0.0211452078 -0.5768138766 0.0006104047 0.8168753982
172.0 -122.9 2050.1 -0.4013420343 0.3133072555 0.8606759906 0.1615746915 0.9491576552 -0.2701728344 -0.9015643001 0.0306317322 -0.4315593839
47.5 -499.9 2037.9 -0.4101659358 -0.0468228124 0.9108081460 -0.1865408570 0.9818748832 -0.0335290805 -0.8927297592 -0.1836554259 -0.4114660025
109.6 439.1 1797.9 0 0 0 0 0 0 0 0 0
228.8 -195.8 2257.5 0 0 0 0 0 0 0 0 0
-62.3 -915.0 1935.0 0 0 0 0 0 0 0 0 0
65.4 -874.9 2108.1 0 0 0 0 0 0 0 0 0
58.3 475.5 1947.0 8 0.8721376061 0.0387947597 -0.4877201319 0.0832339749 0.9705556631 0.2260393798 0.4821286798 -0.2377323359 0.8432290554
49.5 256.1 2000.8 0.8721376061 0.0387947597 -0.4877201319 0.0832339749 0.9705556631 0.2260393798 0.4821286798 -0.2377323359 0.8432290554
67.5 58.3 2001.1 0.8722179532 -0.0904101059 -0.4806889594 0.0801736787 0.9959025383 -0.0418373086 0.4825018346 -0.0020473488 0.8758925796
-77.8 244.3 1930.4 -0.0603394732 -0.7796088457 -0.6233531833 0.2323467880 0.5963674784 -0.7683494091 0.9707595706 -0.1911959052 0.1451551169
-65.8 198.2 1737.7 -0.5595307946 -0.7796088457 0.2813100517 -0.8004125953 0.5963674784 0.0607083663 -0.2150929570 -0.1911959052 -0.9576947093
176.8 267.8 2071.2 -0.0690988526 0.8821650147 -0.4658435285 -0.8028435707 0.2280095071 0.5508664846 0.5921719074 0.4120637178 0.6924853325
157.5 44.1 2236.2 0.2268688828 0.8821650147 -0.4126928151 -0.9725127816 0.2280095071 -0.0472285114 0.0524345450 0.4120637178 0.9096450210
13.6 -146.2 1965.7 0.8177922964 0.1654899865 0.5512067080 -0.0864975154 0.9822291136 -0.1665656269 -0.5689762235 0.0885380805 0.8175739050
-52.1 -536.4 1930.5 0.8184921145 -0.0107787186 0.5744166374 -0.0301408824 0.9976415038 0.0616684258 -0.5737265944 -0.0677885488 0.8162367940
173.7 -125.0 2052.4 -0.3968170285 0.3125849068 0.8630335331 0.1657336503 0.9491746426 -0.2675814033 -0.9028115273 0.0368528403 -0.4284544885
49.5 -502.2 2037.7 -0.4113837481 -0.0326933637 0.9108756781 -0.1893660873 0.9806159139 -0.0503279418 -0.8915738463 -0.1931930780 -0.4096004665
95.5 429.0 1799.7 0 0 0 0 0 0 0 0 0
216.4 -208.4 2249.8 0 0 0 0 0 0 0 0 0
-48.0 -916.2 1956.4 0 0 0 0 0 0 0 0 0
62.0 -876.7 2111.5 0 0 0 0 0 0 0 0 0
54.8 475.0 1941.9 9 0.8670485616 0.0125962924 -0.4980643988 0.1192027479 0.9654015303 0.2319279462 0.4837535620 -0.2604634464 0.8355485201
51.9 257.4 2000.6 0.8670485616 0.0125962924 -0.4980643988 0.1192027479 0.9654015303 0.2319279462 0.4837535620 -0.2604634464 0.8355485201
66.6 59.3 2001.5 0.8686846495 -0.0738747790 -0.4898260236 0.0668019280 0.9972550869 -0.0319341719 0.4908406436 -0.0049805995 0.8712351322
-74.9 247.6 1928.9 -0.0188478343 -0.7833134532 -0.6213411093 0.2445569783 0.5989623666 -0.7625194788 0.9694517255 -0.1663251370 0.1802756339
-71.0 197.6 1730.7 -0.5546340942 -0.7833134532 0.2807151675 -0.7942410111 0.5989623666 0.1021039784 -0.2481172383 -0.1663251370 -0.9543446898
178.7 267.2 2072.3 -0.0881275311 0.8817766309 -0.4633610547 -0.8002782464 0.2143032104 0.5600257516 0.5931173563 0.4201714694 0.6867806911
154.2 44.1 2237.6 0.2101450413 0.8817766309 -0.4222664833 -0.9760192633 0.2143032104 -0.0382176638 0.0567936189 0.4201714694 0.9056657553
5.6 -146.7 1957.2 0.8259760737 0.1383280605 0.5464694500 -0.0752390325 0.9878034592 -0.1363210529 -0.5586614609 0.0714820921 0.8263096809
-49.4 -539.0 1928.8 0.8263614774 0.0313390009 0.5622673035 -0.0645039380 0.9971463084 0.0392233394 -0.5594335794 -0.0686811134 0.8260248303
165.3 -132.0 2045.6 -0.3959778249 0.2881886363 0.8718651533 0.1370196044 0.9573891759 -0.2542273402 -0.9079797268 0.0187942330 -0.4185923934
50.9 -512.3 2038.2 -0.4187987149 0.0029145256 0.9080744386 -0.1849465966 0.9787611961 -0.0884377137 -0.8890457749 -0.2049828768 -0.4093649089
88.1 425.5 1801.9 0 0 0 0 0 0 0 0 0
208.7 -209.4 2252.4 0 0 0 0 0 0 0 0 0
-61.3 -919.0 1955.0 0 0 0 0 0 0 0 0 0
49.8 -886.0 2116.4 0 0 0 0 0 0 0 0 0
52.5 472.8 1935.3 0 0.8644658923 -0.0073980978 -0.5026370287 0.1573462635 0.9536299706 0.2565776408 0.4774315357 -0.3008906841 0.8255446553
54.2 257.3 2003.3 0.8644658923 -0.0073980978 -0.5026370287 0.1573462635 0.9536299706 0.2565776408 0.4774315357 -0.3008906841 0.8255446553
68.2 59.1 2001.8 0.8684502244 -0.0704852715 -0.4907402992 0.0575322248 0.9974825382 -0.0414556488 0.4924269021 0.0077687879 0.8703191280
-72.6 248.9 1931.4 -0.0014743655 -0.7828005552 -0.6222710013 0.2133063227 0.6077041030 -0.7649811506 0.9769842625 -0.1338621974 0.1660803258
-72.3 204.2 1727.0 -0.5583155155 -0.7828005552 0.2747856081 -0.7808937430 0.6077041030 0.1445708722 -0.2801584899 -0.1338621974 -0.9505746365
181.0 265.7 2075.2 -0.0913870633 0.8820526600 -0.4622029066 -0.8075401187 0.2059465200 0.5526888371 0.5826897621 0.4237560034 0.6934720278
155.5 40.5 2237.7 0.2067930847 0.8820526600 -0.4233435392 -0.9773693681 0.2059465200 -0.0483237319 0.0445620529 0.4237560034 0.9046795368
1.7 -144.8 1957.5 0.8260695934 0.1297188997 0.5484359860 -0.0720678419 0.9894744754 -0.1254850030 -0.5589411855 0.0641347393 0.8267233372
-49.9 -537.9 1932.0 0.8278890252 0.0273764636 0.5602234602 -0.0310999528 0.9995121360 -0.0028842043 -0.5600290895 -0.0150351208 0.8283365369
160.9 -132.6 2047.5 -0.4005652666 0.2733690441 0.8745380640 0.1299928874 0.9617570043 -0.2410918027 -0.9070001841 0.0171107277 -0.4207824767
52.3 -514.7 2040.7 -0.4220690131 0.0135891419 0.9064618349 -0.1577921808 0.9835240841 -0.0882159993 -0.8927258253 -0.1802658290 -0.4129707813
87.5 427.7 1807.2 0 0 0 0 0 0 0 0 0
209.3 -213.4 2249.3 0 0 0 0 0 0 0 0 0
-60.3 -918.8 1937.7 0 0 0 0 0 0 0 0 0
47.1 -890.2 2109.5 0 0 0 0 0 0 0 0 0
73.8 461.2 1917.5 1 0.8588000536 0.0820117891 -0.5057039857 0.1400417835 0.9119284749 0.3857133389 0.4927988946 -0.4020703137 0.7716791630
55.7 260.1 2006.2 0.8588000536 0.0820117891 -0.5057039857 0.1400417835 0.9119284749 0.3857133389 0.4927988946 -0.4020703137 0.7716791630
69.3 61.9 2002.2 0.8581339717 -0.0681332946 -0.5088849664 0.0484038070 0.9974771738 -0.0519261807 0.5111390352 0.0199276526 0.8592669964
-69.6 253.0 1931.6 0.0066596097 -0.7841083407 -0.6205882430 0.1956224889 0.6096324921 -0.7681666613 0.9806566834 -0.1162853241 0.1574491411
-71.0 211.5 1723.4 -0.5575470328 -0.7841083407 0.2726085484 -0.7742417455 0.6096324921 0.1699938923 -0.2994846702 -0.1162853241 -0.9469882250
181.1 267.1 2080.9 -0.1054176763 0.8735033274 -0.4752673209 -0.8152112365 0.1977907121 0.5443431735 0.5694890618 0.4448266327 0.6912390590
151.7 39.8 2239.7 0.2034575790 0.8735033274 -0.4422633946 -0.9784388542 0.1977907121 -0.0594666973 0.0355312340 0.4448266327 0.8949115872
2.6 -144.3 1955.0 0.8375027776 0.1213282272 0.5327931643 -0.0656592175 0.9903181791 -0.1223059446 -0.5424739122 0.0674487874 0.8373605609
