100.5 428.0 1991.3 7 0.8014668822 -0.1851877123 -0.5686442852 0.3915793002 0.8811778426 0.2649363279 0.4520138204 -0.4350070059 0.7787505388
144.5 218.7 2094.6 0.8014668822 -0.1851877123 -0.5686442852 0.3915793002 0.8811778426 0.2649363279 0.4520138204 -0.4350070059 0.7787505388
111.0 28.2 2078.8 0.8054427505 0.1724115610 -0.5670416951 -0.1881172955 0.9816487432 0.0312673263 0.5620266199 0.0814863071 0.8230954409
34.4 244.4 2017.8 0.5433059931 -0.6747809052 -0.4994890392 0.1906736344 0.6785905957 -0.7093365788 0.8175953627 0.2901474237 0.4973452389
-105.5 195.3 1807.2 -0.7374736667 -0.6747809052 -0.0283423848 -0.6350858212 0.6785905957 0.3690268397 -0.2297794074 0.2901474237 -0.9289864898
254.5 193.0 2171.4 0.2502499521 0.9331868887 0.2579480112 -0.7408834696 0.0130652124 0.6715064645 0.6232709289 -0.3591538668 0.6946523190
310.5 27.2 2310.8 -0.2933738828 0.9331868887 0.2075908780 -0.5495429039 0.0130652124 -0.8353633285 -0.7822623253 -0.3591538668 0.5089932084
6.7 -148.3 2014.4 0.7248609662 0.0482417420 -0.6872040033 0.0176487304 0.9959172010 0.0885292590 0.6886690855 -0.0762996748 0.7210500836
-12.0 -535.0 2044.0 0.7272377610 0.0795449764 -0.6817608476 0.0439231768 0.9858331084 0.1618759185 0.6849788427 -0.1476673931 0.7134411931
150.3 -181.2 2115.5 0.9203370810 0.0745146424 0.3839624822 -0.0679024011 0.9972174168 -0.0307691563 -0.3851868212 0.0022460225 0.9228358865
121.4 -568.3 2114.6 0.9198716879 -0.0293483343 0.3911198974 -0.0388481393 0.9854756594 0.1653134227 -0.3902908266 -0.1672614217 0.9053710103
81.7 356.5 1865.6 0 0 0 0 0 0 0 0 0
236.0 -112.3 2112.3 0 0 0 0 0 0 0 0 0
-41.7 -902.7 2099.1 0 0 0 0 0 0 0 0 0
132.3 -935.5 2177.0 0 0 0 0 0 0 0 0 0
100.9 426.5 1984.6 8 0.7948649526 -0.1831818223 -0.5784757137 0.4092303216 0.8657317162 0.2881650925 0.4480181634 -0.4657821357 0.7631033659
145.0 218.3 2096.6 0.7948649526 -0.1831818223 -0.5784757137 0.4092303216 0.8657317162 0.2881650925 0.4480181634 -0.4657821357 0.7631033659
111.8 27.9 2079.2 0.7988290191 0.1709926724 -0.5767440796 -0.1914040893 0.9811724424 0.0257898849 0.5702952743 0.0897894651 0.8165177107
35.9 244.5 2018.7 0.5459761620 -0.6779807806 -0.4921911657 0.1890332997 0.6720197797 -0.7159998417 0.8161963224 0.2978783250 0.4950677156
-105.4 195.5 1807.5 -0.7342719436 -0.6779807806 -0.0344505869 -0.6381299496 0.6720197797 0.3757387102 -0.2315921336 0.2978783250 -0.9260851145
254.1 192.2 2174.6 0.2432245314 0.9373566508 0.2494079322 -0.7447768450 0.0157475173 0.6671277881 0.6214091182 -0.3480150998 0.7019517422
308.5 25.5 2313.6 -0.2838457823 0.9373566508 0.2019753903 -0.5446544886 0.0157475173 -0.8385126591 -0.7891660333 -0.3480150998 0.5060656667
5.6 -145.6 2012.8 0.7174214721 0.0376342945 -0.6956220865 0.0310200732 0.9958235025 0.0858678669 0.6959484220 -0.0831817016 0.7132577300
-9.0 -532.2 2045.1 0.7158129215 0.1077128351 -0.6899346709 0.0154937441 0.9853384495 0.1699062586 0.6981202364 -0.1323107630 0.7036490440
149.7 -179.2 2113.3 0.9241302013 0.0797166601 0.3736691177 -0.0745023638 0.9968162775 -0.0284020826 -0.3747435808 -0.0015920098 0.9271271229
118.7 -566.2 2113.9 0.9235507846 -0.0328943506 0.3820626438 -0.0358765349 0.9845326543 0.1714885533 -0.3817941546 -0.1720854789 0.9080858231
80.9 357.5 1866.3 0 0 0 0 0 0 0 0 0
236.5 -112.7 2113.3 0 0 0 0 0 0 0 0 0
-49.2 -899.7 2094.4 0 0 0 0 0 0 0 0 0
131.0 -933.4 2178.1 0 0 0 0 0 0 0 0 0
101.9 428.9 1986.8 9 0.7885606885 -0.1837784648 -0.5868539810 0.4081688821 0.8702013493 0.2759488225 0.4599676430 -0.4571379125 0.7612192035
146.8 216.3 2098.5 0.7885606885 -0.1837784648 -0.5868539810 0.4081688821 0.8702013493 0.2759488225 0.4599676430 -0.4571379125 0.7612192035
112.9 26.0 2080.6 0.7914975286 0.1747757196 -0.5856493115 -0.1954947114 0.9802951217 0.0283415597 0.5790626407 0.0920590758 0.8100689054
38.7 243.0 2019.4 0.5540569425 -0.6770234704 -0.4844172895 0.1791105568 0.6652162671 -0.7248494625 0.8129823804 0.3148436248 0.4898297489
-105.8 196.3 1807.5 -0.7343643308 -0.6770234704 -0.0484582856 -0.6387836933 0.6652162671 0.3865782022 -0.2294872850 0.3148436248 -0.9209826589
254.9 189.6 2177.6 0.2326513529 0.9412343502 0.2448494732 -0.7461677790 0.0112722497 0.6656625271 0.6237844229 -0.3375660777 0.7049412727
307.0 22.6 2317.2 -0.2777101099 0.9412343502 0.1922368705 -0.5430164933 0.0112722497 -0.8396463990 -0.7924709320 -0.3375660777 0.5079753399
7.2 -145.5 2010.8 0.7096149325 0.0455058366 -0.7031186819 0.0234459527 0.9958345294 0.0881129801 0.7041994929 -0.0790115669 0.7055920959
-10.5 -532.1 2041.4 0.7115672827 0.0935924351 -0.6963565350 0.0425597094 0.9835271835 0.1756783873 0.7013278008 -0.1546437293 0.6958625317
150.2 -179.8 2112.9 0.9274925590 0.0862382278 0.3637588024 -0.0832123980 0.9962424636 -0.0240139980 -0.3644628823 -0.0079964390 0.9311835766
116.7 -566.5 2116.0 0.9253808260 -0.0634254664 0.3736943901 -0.0048596933 0.9838342071 0.1790158153 -0.3790074885 -0.1674738526 0.9101130962
80.7 358.5 1865.7 0 0 0 0 0 0 0 0 0
236.5 -115.2 2116.0 0 0 0 0 0 0 0 0 0
-45.4 -899.0 2099.1 0 0 0 0 0 0 0 0 0
140.4 -933.4 2178.4 0 0 0 0 0 0 0 0 0
103.5 428.2 1984.9 0 0.7890089750 -0.1852297336 -0.5857941508 0.4113246500 0.8675119281 0.2797054648 0.4563736618 -0.4616416991 0.7606642246
149.1 214.7 2098.5 0.7890089750 -0.1852297336 -0.5857941508 0.4113246500 0.8675119281 0.2797054648 0.4563736618 -0.4616416991 0.7606642246
115.2 24.4 2081.5 0.7924628854 0.1746607125 -0.5843768120 -0.1926793158 0.9807450771 0.0318397693 0.5786858201 0.0873654857 0.8108575940
40.8 241.1 2019.4 0.5521690845 -0.6842148900 -0.4764024615 0.1543432027 0.6454206705 -0.7480710745 0.8193213344 0.3395322561 0.4619852602
-101.1 201.4 1808.9 -0.7262635827 -0.6842148900 -0.0662663728 -0.6453365088 0.6454206705 0.4086231887 -0.2368163764 0.3395322561 -0.9102943540
257.4 188.4 2177.6 0.2338358462 0.9406957030 0.2457893491 -0.7432736754 0.0099844700 0.6689129472 0.6267894506 -0.3391045928 0.7015290856
309.7 22.1 2317.8 -0.2788303196 0.9406957030 0.1932492405 -0.5466326475 0.0099844700 -0.8373129964 -0.7895862460 -0.3391045928 0.5114309788
8.1 -146.8 2010.9 0.7100520730 0.0543028712 -0.7020521760 0.0134256920 0.9957966805 0.0906023234 0.7040211558 -0.0737579018 0.7063384056
-13.0 -533.4 2039.5 0.7144228220 0.0637045577 -0.6968082786 0.0656471252 0.9853520393 0.1573908031 0.6966279149 -0.1581870466 0.6997759342
149.8 -181.8 2114.6 0.9276983738 0.0787303001 0.3649345934 -0.0754106939 0.9968788028 -0.0233636256 -0.3656349778 -0.0058455723 0.9307399988
119.3 -568.8 2116.9 0.9273321629 -0.0309036952 0.3729610741 -0.0248015542 0.9893189073 0.1436420381 -0.3734165132 -0.1424538940 0.9166607857
81.2 363.4 1868.3 0 0 0 0 0 0 0 0 0
238.9 -116.7 2117.4 0 0 0 0 0 0 0 0 0
-36.8 -900.9 2098.5 0 0 0 0 0 0 0 0 0
130.8 -937.6 2170.0 0 0 0 0 0 0 0 0 0
102.4 427.2 1982.9 1 0.7901557088 -0.1963905841 -0.5805900097 0.4218511581 0.8614578247 0.2827225626 0.4446297288 -0.4683174193 0.7635333538
151.0 214.2 2098.7 0.7901557088 -0.1963905841 -0.5805900097 0.4218511581 0.8614578247 0.2827225626 0.4446297288 -0.4683174193 0.7635333538
114.7 24.3 2082.0 0.7933416963 0.1869964898 -0.5793455243 -0.2021968961 0.9785692096 0.0389711782 0.5742172003 0.0862244144 0.8141498566
42.6 241.9 2020.2 0.5489089489 -0.6878808737 -0.4748882353 0.1441794932 0.6375289559 -0.7568150759 0.8233536482 0.3469534218 0.4491236806
-98.1 204.9 1809.3 -0.7222479582 -0.6878808737 -0.0719567537 -0.6486147642 0.6375289559 0.4157591760 -0.2401182801 0.3469534218 -0.9066237211
259.3 186.6 2177.1 0.2283622622 0.9388192892 0.2578157783 -0.7459667921 -0.0014378735 0.6659815907 0.6256070733 -0.3444070518 0.6999996901
310.4 19.7 2317.1 -0.2898880541 0.9388192892 0.1859656274 -0.5432484150 -0.0014378735 -0.8395707607 -0.7879378796 -0.3444070518 0.5104289055
10.3 -148.8 2012.8 0.7147520185 0.0609128177 -0.6967203021 0.0145015242 0.9946950078 0.1018409654 0.6992275715 -0.0828945413 0.7100769281
-13.3 -534.9 2044.9 0.7164948583 0.0707052052 -0.6939999461 0.0364424624 0.9896980524 0.1384548247 0.6966398954 -0.1244932264 0.7065368295
152.3 -183.3 2116.4 0.9249923825 0.0869498774 0.3699037731 -0.0826160461 0.9961998463 -0.0275754035 -0.3708957732 -0.0050529479 0.9286607504
118.5 -570.0 2118.4 0.9251146317 -0.0193251837 0.3791957498 -0.0358020216 0.9898142219 0.1377898157 -0.3779961467 -0.1410473585 0.9149997234
82.3 366.9 1869.2 0 0 0 0 0 0 0 0 0
236.9 -118.2 2117.1 0 0 0 0 0 0 0 0 0
-39.7 -904.0 2091.4 0 0 0 0 0 0 0 0 0
125.8 -939.3 2171.0 0 0 0 0 0 0 0 0 0
101.4 429.5 1984.4 2 0.7847485542 -0.1997211277 -0.5867547989 0.4232730567 0.8642293215 0.2719331086 0.4527799189 -0.4617566168 0.7627392411
151.1 214.4 2099.4 0.7847485542 -0.1997211277 -0.5867547989 0.4232730567 0.8642293215 0.2719331086 0.4527799189 -0.4617566168 0.7627392411
115.2 24.4 2081.5 0.7897848487 0.1849181801 -0.5848462582 -0.2036479115 0.9784411788 0.0343569331 0.5785908699 0.0919681266 0.8104162216
43.2 242.2 2020.3 0.5565332770 -0.6840754747 -0.4714991450 0.1599496156 0.6451091170 -0.7471615672 0.8152832985 0.3404041827 0.4684422910
-102.4 200.4 1807.1 -0.7265139222 -0.6840754747 -0.0649478957 -0.6441640854 0.6451091170 0.4109584689 -0.2392281443 0.3404041827 -0.9093376398
259.0 186.5 2178.4 0.2253224701 0.9411012530 0.2521074712 -0.7485047579 0.0015678513 0.6631276011 0.6236749291 -0.3381211758 0.7047720551
309.4 19.0 2318.0 -0.2837741673 0.9411012530 0.1838494092 -0.5400642157 0.0015678513 -0.8416223526 -0.7923401594 -0.3381211758 0.5078101754
7.3 -147.5 2013.8 0.7100632191 0.0576839447 -0.7017711997 0.0129480008 0.9954006672 0.0949205905 0.7040188909 -0.0764861479 0.7060504556
-15.1 -534.0 2043.5 0.7131369710 0.0574649237 -0.6986654401 0.0548853204 0.9889984727 0.1373668611 0.6988728046 -0.1363078654 0.7021374106
149.4 -183.8 2116.7 0.9278064370 0.0802553296 0.3643271923 -0.0768217668 0.9967575669 -0.0239328146 -0.3650666177 -0.0057832389 0.9309634566
118.3 -570.7 2118.9 0.9281264544 -0.0169204213 0.3718803227 -0.0270193480 0.9932698607 0.1126274094 -0.3712832034 -0.1145804450 0.9214228392
80.6 362.5 1867.3 0 0 0 0 0 0 0 0 0
237.4 -118.0 2116.9 0 0 0 0 0 0 0 0 0
-36.5 -902.9 2094.3 0 0 0 0 0 0 0 0 0
124.6 -941.3 2161.7 0 0 0 0 0 0 0 0 0
101.5 428.4 1984.7 3 0.7787418962 -0.2031192333 -0.5935517550 0.4287137389 0.8630441427 0.2671316862 0.4580017626 -0.4624904096 0.7591686249
151.9 214.0 2099.6 0.7787418962 -0.2031192333 -0.5935517550 0.4287137389 0.8630441427 0.2671316862 0.4580017626 -0.4624904096 0.7591686249
113.6 24.6 2081.1 0.7806459069 0.1976838261 -0.5928853750 -0.2153730243 0.9756400585 0.0417250767 0.5866910815 0.0951190144 0.8042051196
45.3 243.4 2019.5 0.5661505461 -0.6793524027 -0.4668552876 0.1690003276 0.6499959230 -0.7409076691 0.8067914844 0.3405665755 0.4828063250
-104.0 198.8 1806.7 -0.7307844162 -0.6793524027 -0.0665916279 -0.6413901448 0.6499959230 0.4075830579 -0.2336082608 0.3405665755 -0.9107368588
258.6 184.6 2179.8 0.2081201226 0.9445824623 0.2538699210 -0.7522687912 -0.0113033354 0.6587594151 0.6251221299 -0.3280795217 0.7082274556
305.1 16.3 2319.6 -0.2828662694 0.9445824623 0.1665851325 -0.5351819992 -0.0113033354 -0.8446611762 -0.7959691882 -0.3280795217 0.5087208748
8.6 -147.2 2011.9 0.7035074234 0.0521205030 -0.7087740898 0.0158513468 0.9959082603 0.0889687985 0.7105110884 -0.0738252401 0.6998026967
-11.7 -533.9 2040.5 0.7087448239 0.0872705951 -0.7000461817 0.0648340508 0.9800616503 0.1878181249 0.7024794221 -0.1785019487 0.6889554858
150.1 -183.7 2115.5 0.9312778711 0.0833908468 0.3546371758 -0.0803383440 0.9964941144 -0.0233511012 -0.3553411067 -0.0067445971 0.9347123504
117.7 -570.6 2118.1 0.9313361645 -0.0299600754 0.3629260063 -0.0146942614 0.9927064776 0.1196576133 -0.3638639450 -0.1167743951 0.9241032004
80.7 361.0 1865.7 0 0 0 0 0 0 0 0 0
233.3 -119.6 2117.6 0 0 0 0 0 0 0 0 0
-44.2 -899.1 2107.0 0 0 0 0 0 0 0 0 0
128.9 -941.0 2161.7 0 0 0 0 0 0 0 0 0
101.7 425.7 1976.8 4 0.7778912783 -0.2027423233 -0.5947946906 0.4463938773 0.8444766998 0.2959588468 0.4422868490 -0.4957365096 0.7474139929
152.2 215.3 2100.3 0.7778912783 -0.2027423233 -0.5947946906 0.4463938773 0.8444766998 0.2959588468 0.4422868490 -0.4957365096 0.7474139929
114.7 25.8 2081.4 0.7814245820 0.1929859370 -0.5934071541 -0.2130238414 0.9763459563 0.0370048992 0.5865120888 0.0974933282 0.8040513992
45.4 244.4 2020.2 0.5646060705 -0.6803267598 -0.4673065543 0.1768582910 0.6527579427 -0.7366330028 0.8061892390 0.3332604468 0.4888725579
-105.4 197.2 1804.9 -0.7305499315 -0.6803267598 -0.0587559082 -0.6404291391 0.6527579427 0.4046697617 -0.2369542867 0.3332604468 -0.9125733376
258.9 186.2 2180.5 0.2114546597 0.9447525740 0.2504585087 -0.7527313828 -0.0060420851 0.6583000422 0.6234439611 -0.3277285993 0.7098672986
306.2 17.8 2320.0 -0.2800114155 0.9447525740 0.1703999490 -0.5346422195 -0.0060420851 -0.8450568914 -0.7973401546 -0.3277285993 0.5067964792
5.3 -145.5 2010.1 0.7035959363 0.0458308458 -0.7091208100 0.0274343304 0.9954220057 0.0915552303 0.7100704908 -0.0838721395 0.6991175413
-12.5 -531.9 2042.7 0.7064477205 0.0867691785 -0.7024263144 0.0562998354 0.9824224710 0.1779786348 0.7055224776 -0.1652790904 0.6891450286
145.1 -184.0 2115.2 0.9321322441 0.0722331926 0.3548405766 -0.0706153885 0.9973496199 -0.0175258201 -0.3551660478 -0.0087208217 0.9347625375
117.1 -571.2 2118.6 0.9309220910 -0.0503355972 0.3617324829 0.0005908473 0.9906630516 0.1363316476 -0.3652173579 -0.1267004013 0.9222598672
79.7 359.4 1864.9 0 0 0 0 0 0 0 0 0
235.2 -117.9 2117.6 0 0 0 0 0 0 0 0 0
-44.9 -898.3 2104.3 0 0 0 0 0 0 0 0 0
135.9 -940.9 2165.9 0 0 0 0 0 0 0 0 0
102.5 427.1 1977.9 5 0.7767834663 -0.2014007866 -0.5966951847 0.4436024725 0.8475188017 0.2914253175 0.4470171332 -0.4910698533 0.7476804852
152.5 216.6 2099.8 0.7767834663 -0.2014007866 -0.5966951847 0.4436024725 0.8475188017 0.2914253175 0.4470171332 -0.4910698533 0.7476804852
113.9 27.3 2081.4 0.7776783109 0.1989282668 -0.5963589549 -0.2161219865 0.9753954411 0.0435314178 0.5903454423 0.0950328484 0.8015366197
46.2 246.1 2019.2 0.5691878200 -0.6774293184 -0.4659557045 0.1834900826 0.6570777893 -0.7311499119 0.8014715314 0.3306633830 0.4983022511
-105.6 197.2 1805.3 -0.7332141995 -0.6774293184 -0.0590457618 -0.6392571926 0.6570777893 0.3994984627 -0.2318343073 0.3306633830 -0.9148303866
258.7 187.1 2180.5 0.2040746659 0.9459897876 0.2519063950 -0.7519985437 -0.0132668847 0.6590312719 0.6267788410 -0.3239248097 0.7086755037
304.4 18.8 2320.7 -0.2803072035 0.9459897876 0.1628838927 -0.5354740024 -0.0132668847 -0.8444474936 -0.7966777682 -0.3239248097 0.5102717876
7.3 -144.6 2009.9 0.7004150748 0.0559188128 -0.7115418315 0.0159990024 0.9954456091 0.0939791277 0.7135564089 -0.0772083625 0.6963304877
-14.5 -531.1 2039.9 0.7075219750 0.0603689626 -0.7041081190 0.0947240293 0.9792523980 0.1791426241 0.7003142238 -0.1934433132 0.6871241927
147.3 -182.8 2115.0 0.9332197905 0.0780493468 0.3507264853 -0.0758609846 0.9969178438 -0.0199979562 -0.3512063324 -0.0079439683 0.9362643957
117.0 -569.8 2118.1 0.9324699044 -0.0410583392 0.3589067757 -0.0145004811 0.9884652495 0.1507522315 -0.3609565198 -0.1457762420 0.9211187363
80.3 359.3 1864.1 0 0 0 0 0 0 0 0 0
233.2 -117.1 2118.5 0 0 0 0 0 0 0 0 0
-37.0 -896.2 2112.0 0 0 0 0 0 0 0 0 0
132.3 -938.7 2172.5 0 0 0 0 0 0 0 0 0
102.5 428.0 1978.9 6 0.7880187035 -0.1896261275 -0.5857204795 0.4258371592 0.8549716473 0.2961184978 0.4446226358 -0.4827684760 0.7544834614
149.0 218.3 2097.3 0.7880187035 -0.1896261275 -0.5857204795 0.4258371592 0.8549716473 0.2961184978 0.4446226358 -0.4827684760 0.7544834614
112.3 28.6 2078.2 0.7882295251 0.1890191287 -0.5856329799 -0.2105766237 0.9770557284 0.0319304243 0.5782315135 0.0981521085 0.8099471927
41.3 247.1 2018.3 0.5565026999 -0.6768870354 -0.4817973375 0.1886546314 0.6676872373 -0.7201410532 0.8091440797 0.3098671436 0.4992676377
-105.6 197.2 1804.7 -0.7347227931 -0.6768870354 -0.0447926559 -0.6384673715 0.6676872373 0.3828226328 -0.2292201966 0.3098671436 -0.9227353334
256.7 189.5 2176.3 0.2213682830 0.9414861798 0.2541649342 -0.7532695532 -0.0004432205 0.6577118039 0.6193392277 -0.3370512426 0.7090947628
306.2 21.0 2314.9 -0.2851872444 0.9414861798 0.1796440184 -0.5340338945 -0.0004432205 -0.8454629779 -0.7959120870 -0.3370512426 0.5029119253
5.6 -142.7 2010.0 0.7097332478 0.0456084497 -0.7029925585 0.0133730359 0.9968500137 0.0781744719 0.7043435574 -0.0648841634 0.7068876624
-12.1 -529.6 2035.2 0.7187557220 0.0888248011 -0.6895653605 0.0888090357 0.9719516039 0.2177681923 0.6895673871 -0.2177617699 0.6907073259
144.9 -181.4 2115.8 0.9291844964 0.0674441308 0.3634109199 -0.0611926764 0.9977132082 -0.0287019834 -0.3645156622 0.0044313506 0.9311867356
118.7 -568.7 2114.1 0.9290663600 -0.0149053084 0.3696127534 -0.0470953472 0.9862907529 0.1581538320 -0.3669029474 -0.1643424332 0.9156275392
80.8 359.2 1862.9 0 0 0 0 0 0 0 0 0
233.8 -114.6 2112.8 0 0 0 0 0 0 0 0 0
-45.2 -892.0 2116.4 0 0 0 0 0 0 0 0 0
124.3 -936.6 2175.4 0 0 0 0 0 0 0 0 0
102.9 427.9 1979.0 7 0.7922062278 -0.1841220409 -0.5818147063 0.4213840067 0.8546627164 0.3032937944 0.4414122701 -0.4854386449 0.7546552420
147.7 219.9 2097.1 0.7922062278 -0.1841220409 -0.5818147063 0.4213840067 0.8546627164 0.3032937944 0.4414122701 -0.4854386449 0.7546552420
112.0 30.1 2077.7 0.7923338413 0.1837500334 -0.5817584991 -0.2073369473 0.9779108763 0.0264905002 0.5737755895 0.0996307135 0.8129300475
39.4 248.2 2018.7 0.5488782525 -0.6778869629 -0.4890828133 0.1948039234 0.6727191210 -0.7137929797 0.8128862977 0.2965101898 0.5012959242
-105.9 196.6 1803.4 -0.7343443036 -0.6778869629 -0.0347520933 -0.6386774778 0.6727191210 0.3735506535 -0.2298467159 0.2965101898 -0.9269585609
255.9 191.6 2175.5 0.2288936973 0.9397783279 0.2538196445 -0.7534591556 0.0059416089 0.6574678421 0.6163659692 -0.3417329788 0.7094445825
307.1 23.0 2313.4 -0.2860084176 0.9397783279 0.1871253997 -0.5337412357 0.0059416089 -0.8456269503 -0.7958136797 -0.3417329788 0.4998991191
5.0 -142.1 2007.4 0.7131245136 0.0471987762 -0.6994467378 0.0152268447 0.9964527488 0.0827654004 0.7008720040 -0.0696723983 0.7098761797
-13.3 -529.0 2034.4 0.7206807733 0.0759705678 -0.6890919209 0.0873822942 0.9760959744 0.1990000159 0.6877380013 -0.2036299109 0.6968151331
146.2 -179.9 2111.0 0.9264941812 0.0729079098 0.3691787422 -0.0726549998 0.9972501397 -0.0146080749 -0.3692286015 -0.0132883852 0.9292435646
117.9 -566.9 2116.1 0.9264597297 -0.0189573113 0.3759162128 -0.0340533294 0.9904133677 0.1338718832 -0.3748503029 -0.1368281096 0.9169325829
80.5 358.7 1861.8 0 0 0 0 0 0 0 0 0
234.5 -112.5 2111.4 0 0 0 0 0 0 0 0 0
-41.6 -893.0 2110.4 0 0 0 0 0 0 0 0 0
125.0 -936.4 2167.2 0 0 0 0 0 0 0 0 0
101.7 429.5 1982.0 8 0.7857845426 -0.1905325502 -0.5884216428 0.4227026403 0.8599479198 0.2860281169 0.4515142739 -0.4734838605 0.7562723756
148.2 219.5 2097.6 0.7857845426 -0.1905325502 -0.5884216428 0.4227026403 0.8599479198 0.2860281169 0.4515142739 -0.4734838605 0.7562723756
111.8 29.8 2078.2 0.7866907716 0.1879033446 -0.5880560875 -0.2104922384 0.9771156311 0.0306280274 0.5803539157 0.0996864513 0.8082400560
40.8 248.3 2018.3 0.5504136682 -0.6796507835 -0.4848912954 0.1958029717 0.6696684957 -0.7163834572 0.8116070032 0.2993641198 0.5016723871
-105.8 196.1 1802.2 -0.7326599956 -0.6796507835 -0.0358352289 -0.6396716237 0.6696684957 0.3773119152 -0.2324426174 0.2993641198 -0.9253926277
255.7 190.7 2176.9 0.2201683223 0.9424827099 0.2515000701 -0.7537030578 0.0006917767 0.6572147608 0.6192395091 -0.3342542350 0.7105044127
305.0 22.1 2315.4 -0.2823717594 0.9424827099 0.1788646430 -0.5334654450 0.0006917767 -0.8458215594 -0.7972959280 -0.3342542350 0.5025866032
5.4 -141.2 2007.0 0.7082612514 0.0480556823 -0.7043128610 0.0256623458 0.9952684045 0.0937139541 0.7054838538 -0.0844482854 0.7036768198
-13.3 -527.5 2039.8 0.7108940482 0.0683043823 -0.6999744177 0.0581462868 0.9861571789 0.1552838385 0.7008913159 -0.1510912627 0.6970816255
147.3 -178.3 2109.8 0.9289262295 0.0780596808 0.3619429469 -0.0790527165 0.9967971444 -0.0120889805 -0.3617273569 -0.0173828024 0.9321218729
117.0 -565.3 2116.5 0.9282389879 -0.0424487405 0.3695544899 -0.0094332965 0.9904619455 0.1374634057 -0.3718647957 -0.1310850084 0.9189849496
80.1 358.5 1861.2 0 0 0 0 0 0 0 0 0
233.3 -113.3 2113.0 0 0 0 0 0 0 0 0 0
-38.7 -895.0 2096.1 0 0 0 0 0 0 0 0 0
132.9 -934.8 2165.5 0 0 0 0 0 0 0 0 0
101.9 429.6 1987.5 9 0.7915665507 -0.1938610375 -0.5795173049 0.4092856646 0.8724016547 0.2672088146 0.4537705183 -0.4487016797 0.7699085474
148.7 218.9 2095.9 0.7915665507 -0.1938610375 -0.5795173049 0.4092856646 0.8724016547 0.2672088146 0.4537705183 -0.4487016797 0.7699085474
110.7 29.6 2075.7 0.7909386754 0.1957053393 -0.5797545910 -0.2196559012 0.9751312137 0.0295021925 0.5711105466 0.1040121019 0.8142568469
40.7 248.9 2017.8 0.5505498052 -0.6812307239 -0.4825139046 0.1990661472 0.6684564352 -0.7166160941 0.8107204437 0.2984806597 0.5036285520
-106.4 195.7 1801.3 -0.7311704159 -0.6812307239 -0.0362572372 -0.6414657831 0.6684564352 0.3764141500 -0.2321884930 0.2984806597 -0.9257417321
256.8 188.9 2173.9 0.2210082114 0.9390974641 0.2631565630 -0.7591786981 -0.0037231660 0.6508716345 0.6122116446 -0.3436308205 0.7121198773
306.2 19.0 2310.9 -0.2940180302 0.9390974641 0.1779028028 -0.5263590217 -0.0037231660 -0.8502542973 -0.7978092432 -0.3436308205 0.4953970611
4.8 -141.0 2006.9 0.7158426046 0.0463080816 -0.6967244148 0.0248079784 0.9954818487 0.0916538313 0.6978208423 -0.0828940421 0.7114595175
-13.2 -527.5 2039.1 0.7195838094 0.0772612914 -0.6900940537 0.0648322701 0.9819753170 0.1775423586 0.6913724542 -0.1724969745 0.7016044855
145.8 -178.7 2110.9 0.9259790778 0.0675373524 0.3714854419 -0.0664853752 0.9976645708 -0.0156548694 -0.3716751635 -0.0102022691 0.9283067584
119.6 -566.0 2114.8 0.9259887338 -0.0073992396 0.3774785995 -0.0494911000 0.9888019562 0.1407883465 -0.3742932975 -0.1490502506 0.9152532816
79.2 358.6 1860.3 0 0 0 0 0 0 0 0 0
231.6 -114.6 2108.4 0 0 0 0 0 0 0 0 0
-42.0 -893.6 2103.4 0 0 0 0 0 0 0 0 0
122.3 -934.7 2170.4 0 0 0 0 0 0 0 0 0
100.7 427.4 1982.7 0 0.7735182643 -0.1995000541 -0.6015557051 0.4345356524 0.8578864336 0.2742437124 0.4613548219 -0.4735299051 0.7502807379
149.3 218.3 2098.1 0.7735182643 -0.1995000541 -0.6015557051 0.4345356524 0.8578864336 0.2742437124 0.4613548219 -0.4735299051 0.7502807379
115.2 28.3 2077.9 0.7818580866 0.1754791588 -0.5982516408 -0.2031796277 0.9789032936 0.0215954278 0.5894200206 0.1046679914 0.8010172248
42.5 246.1 2017.6 0.5561586022 -0.6802020073 -0.4775069058 0.1855806559 0.6617017984 -0.7264368534 0.8100910187 0.3153980672 0.4942434728
-105.8 196.5 1801.5 -0.7313950658 -0.6802020073 -0.0488519892 -0.6413286924 0.6617017984 0.3883918822 -0.2318594903 0.3153980672 -0.9201985002
256.1 190.5 2178.7 0.2209973335 0.9464781284 0.2352432460 -0.7529451847 0.0122730359 0.6579688191 0.6198658943 -0.3225346208 0.7153584361
305.5 22.0 2317.4 -0.2664380968 0.9464781284 0.1821810752 -0.5343169570 0.0122730359 -0.8451951146 -0.8021945953 -0.3225346208 0.5024492741
1.9 -140.0 2004.3 0.6993301511 0.0336033702 -0.7140085101 0.0351610743 0.9960679412 0.0813161656 0.7139335275 -0.0819721520 0.6953988075
-11.2 -526.7 2036.1 0.7022678852 0.0946889147 -0.7055875659 0.0626939908 0.9790387750 0.1937847286 0.7091468573 -0.1803248823 0.6816110611
143.6 -179.4 2106.6 0.9341294169 0.0644398853 0.3510693908 -0.0680040419 0.9976826310 -0.0021818501 -0.3503964543 -0.0218360070 0.9363468885
118.6 -566.6 2115.1 0.9337940812 -0.0255869403 0.3568948507 -0.0354061127 0.9859371185 0.1633229852 -0.3560548127 -0.1651463062 0.9197562933
79.8 359.3 1860.4 0 0 0 0 0 0 0 0 0
237.9 -113.5 2113.8 0 0 0 0 0 0 0 0 0
-46.5 -891.9 2103.4 0 0 0 0 0 0 0 0 0
128.1 -934.4 2176.7 0 0 0 0 0 0 0 0 0
100.8 427.7 1985.3 1 0.7724403143 -0.2037491053 -0.6015166044 0.4318970144 0.8629311919 0.2623256147 0.4656188190 -0.4624241292 0.7545614839
150.2 218.3 2097.5 0.7724403143 -0.2037491053 -0.6015166044 0.4318970144 0.8629311919 0.2623256147 0.4656188190 -0.4624241292 0.7545614839
114.4 28.5 2078.5 0.7790023685 0.1848355383 -0.5991587043 -0.2067550719 0.9778413773 0.0328413099 0.5919524431 0.0982956365 0.7999564409
43.8 246.6 2016.7 0.5600579381 -0.6809273362 -0.4718824625 0.1879226863 0.6591651440 -0.7281389832 0.8068582416 0.3191225827 0.4971323609
-106.1 196.3 1800.7 -0.7305861115 -0.6809273362 -0.0508117415 -0.6416366696 0.6591651440 0.3921781182 -0.2335514873 0.3191225827 -0.9184848666
256.6 190.1 2178.4 0.2128763646 0.9469926357 0.2406004220 -0.7507948875 0.0009520060 0.6605347395 0.6252924800 -0.3212538064 0.7111998796
304.3 22.1 2318.3 -0.2704945505 0.9469926357 0.1733136177 -0.5371236205 0.0009520060 -0.8435029984 -0.7989561558 -0.3212538064 0.5083946586
11.2 -143.5 2004.8 0.6979596019 0.0557968616 -0.7139601707 0.0200290103 0.9950491786 0.0973444581 0.7158569694 -0.0822424144 0.6933866143
-10.5 -529.7 2036.7 0.7019829154 0.0877800062 -0.7067635059 0.0589259528 0.9818140268 0.1804686487 0.7097519040 -0.1683326215 0.6840441227
151.2 -179.9 2110.4 0.9337646365 0.0859503746 0.3474134505 -0.0814394876 0.9962962270 -0.0275945663 -0.3484984934 -0.0025263436 0.9373059273
117.8 -566.5 2111.4 0.9336614609 -0.0184776448 0.3576797843 -0.0491951555 0.9825863242 0.1791756451 -0.3547620177 -0.1848855019 0.9164940119
79.4 359.2 1860.0 0 0 0 0 0 0 0 0 0
235.6 -114.2 2115.5 0 0 0 0 0 0 0 0 0
-43.2 -896.0 2099.5 0 0 0 0 0 0 0 0 0
124.7 -933.1 2180.4 0 0 0 0 0 0 0 0 0
102.8 427.8 1987.2 2 0.7767233253 -0.1987834126 -0.5976504087 0.4195403159 0.8710265756 0.2555358708 0.4697731137 -0.4492191076 0.7599443197
150.4 219.1 2094.8 0.7767233253 -0.1987834126 -0.5976504087 0.4195403159 0.8710265756 0.2555358708 0.4697731137 -0.4492191076 0.7599443197
113.6 29.4 2076.1 0.7798216939 0.1896802336 -0.5965731740 -0.2094969153 0.9771156311 0.0368257724 0.5899060369 0.0962627009 0.8017134070
43.9 247.7 2014.2 0.5640614629 -0.6803770661 -0.4678907096 0.1918287873 0.6591061950 -0.7271730900 0.8031415939 0.3204154074 0.5022922754
-106.3 196.6 1800.3 -0.7312115431 -0.6803770661 -0.0491600484 -0.6398529410 0.6591061950 0.3951800466 -0.2364697605 0.3204154074 -0.9172872901
257.0 190.5 2175.4 0.2113051862 0.9460053444 0.2458130419 -0.7508436441 -0.0039054644 0.6604684591 0.6257666349 -0.3241275847 0.7094768286
304.3 22.4 2315.4 -0.2754018009 0.9460053444 0.1709613651 -0.5370579362 -0.0039054644 -0.8435363173 -0.7973221540 -0.3241275847 0.5091352463
8.7 -142.7 2006.4 0.7004060149 0.0517917760 -0.7118631005 0.0213168059 0.9954009652 0.0933943689 0.7134262919 -0.0805886239 0.6960807443
-11.4 -529.1 2037.7 0.7044637203 0.0753287449 -0.7057310939 0.0652089939 0.9832763076 0.1700454205 0.7067379951 -0.1658108532 0.6877704263
148.2 -179.8 2112.4 0.9336782694 0.0743878931 0.3503018320 -0.0698434636 0.9972292185 -0.0256077871 -0.3512361348 -0.0005568608 0.9362867475
119.4 -566.8 2112.7 0.9335034490 -0.0191194601 0.3580583036 -0.0430775359 0.9853649735 0.1649247408 -0.3559713960 -0.1693820804 0.9190179706
79.3 359.0 1860.3 0 0 0 0 0 0 0 0 0
234.4 -113.9 2113.0 0 0 0 0 0 0 0 0 0
-39.5 -896.1 2099.5 0 0 0 0 0 0 0 0 0
126.5 -934.5 2175.9 0 0 0 0 0 0 0 0 0
102.4 431.5 1988.6 3 0.7876606584 -0.1950321943 -0.5844255090 0.4085946977 0.8753224015 0.2585751712 0.4611302316 -0.4424626529 0.7691460848
149.0 222.6 2094.2 0.7876606584 -0.1950321943 -0.5844255090 0.4085946977 0.8753224015 0.2585751712 0.4611302316 -0.4424626529 0.7691460848
119.6 31.7 2076.1 0.8014209270 0.1513348222 -0.5786383152 -0.1769494116 0.9841429591 0.0123118870 0.5713260174 0.0925227106 0.8154913187
39.6 246.7 2016.1 0.5486844182 -0.6819370389 -0.4836396277 0.1885561347 0.6645308137 -0.7230804563 0.8144888282 0.3055497706 0.4932011068
-105.3 196.9 1801.0 -0.7302139997 -0.6819370389 -0.0418258309 -0.6424562931 0.6645308137 0.3816394806 -0.2324595600 0.3055497706 -0.9233644605
258.3 198.5 2172.2 0.2567697763 0.9375856519 0.2345260829 -0.7412053347 0.0353085324 0.6703491211 0.6202289462 -0.3459573686 0.7040096521
315.7 32.8 2310.8 -0.2712895870 0.9375856519 0.2175664604 -0.5481351614 0.0353085324 -0.8356441259 -0.7911698818 -0.3459573686 0.5043448210
7.0 -141.5 2004.6 0.7146215439 0.0498698615 -0.6977313757 0.0222798958 0.9953266978 0.0939595103 0.6991564035 -0.0826908723 0.7101708055
-12.4 -527.9 2036.7 0.7192206383 0.0788277164 -0.6902955174 0.0693025962 0.9804484844 0.1841680408 0.6913167238 -0.1802967191 0.6996958256
146.7 -179.0 2110.3 0.9249448776 0.0750083178 0.3726267815 -0.0744307414 0.9970985055 -0.0159579106 -0.3727425933 -0.0129747009 0.9278440475
117.6 -566.0 2115.3 0.9245885611 -0.0284581073 0.3799028099 -0.0309433509 0.9883014560 0.1493409872 -0.3797084391 -0.1498344243 0.9128916264
80.0 360.0 1860.0 0 0 0 0 0 0 0 0 0
246.9 -106.3 2110.0 0 0 0 0 0 0 0 0 0
-41.8 -893.8 2104.0 0 0 0 0 0 0 0 0 0
128.2 -934.8 2171.2 0 0 0 0 0 0 0 0 0
103.3 431.9 1989.3 4 0.7993881702 -0.1917143762 -0.5694068670 0.3971488774 0.8797550797 0.2613498867 0.4508340359 -0.4350592792 0.7794049382
149.0 222.2 2093.0 0.7993881702 -0.1917143762 -0.5694068670 0.3971488774 0.8797550797 0.2613498867 0.4508340359 -0.4350592792 0.7794049382
115.7 32.0 2074.4 0.8057444096 0.1717714518 -0.5668073297 -0.1957459301 0.9804730415 0.0188707728 0.5589807630 0.0957452059 0.8236342669
39.1 248.9 2016.6 0.5383729935 -0.6870141625 -0.4880226254 0.1791656464 0.6591882706 -0.7303221822 0.8234404325 0.3057488501 0.4779785275
-100.4 202.5 1803.4 -0.7255645394 -0.6870141625 -0.0395938493 -0.6452385187 0.6591882706 0.3861839473 -0.2392140329 0.3057488501 -0.9215716124
259.0 195.4 2169.3 0.2508245111 0.9331488013 0.2575273514 -0.7496422529 0.0189204253 0.6615727544 0.6124733090 -0.3589920402 0.7042734623
315.1 27.8 2306.3 -0.2930941880 0.9331488013 0.2081563622 -0.5381875038 0.0189204253 -0.8426127434 -0.7902215123 -0.3589920402 0.4966635704
18.6 -143.4 2006.9 0.7243067622 0.0798706785 -0.6848360300 -0.0001412489 0.9932847619 0.1156948805 0.6894778013 -0.0837018564 0.7194541693
-12.4 -528.8 2039.4 0.7297778726 0.0705657601 -0.6800328493 0.0583680309 0.9845972061 0.1648075432 0.6811882257 -0.1599650830 0.7144184709
162.0 -175.0 2109.3 0.9159386158 0.1148578674 0.3845311105 -0.1098981425 0.9933288693 -0.0349300541 -0.3859778345 -0.0102654677 0.9224509597
117.4 -560.3 2113.2 0.9169687629 -0.0179041568 0.3985570669 -0.0399876498 0.9898373485 0.1364663392 -0.3969499767 -0.1410727352 0.9069339633
81.5 364.2 1863.3 0 0 0 0 0 0 0 0 0
240.7 -108.8 2105.8 0 0 0 0 0 0 0 0 0
-38.8 -896.2 2099.1 0 0 0 0 0 0 0 0 0
124.1 -929.7 2165.9 0 0 0 0 0 0 0 0 0
103.9 430.2 1981.6 5 0.8032833934 -0.1889444739 -0.5648325086 0.4045116603 0.8691413403 0.2845411003 0.4371568263 -0.4570484757 0.7745970488
149.8 219.1 2092.6 0.8032833934 -0.1889444739 -0.5648325086 0.4045116603 0.8691413403 0.2845411003 0.4371568263 -0.4570484757 0.7745970488
113.7 29.5 2072.5 0.8042206764 0.1861381382 -0.5644303560 -0.2121100873 0.9770413637 0.0199871138 0.5551921725 0.1036473289 0.8252386451
40.0 248.1 2016.8 0.5347350836 -0.6903011203 -0.4873836339 0.1670633554 0.6517498493 -0.7398053408 0.8283406496 0.3141759336 0.4638375342
-97.3 205.2 1804.1 -0.7220408320 -0.6903011203 -0.0462759547 -0.6483241320 0.6517498493 0.3935706913 -0.2415219396 0.3141759336 -0.9181289077
259.6 190.1 2168.5 0.2415148020 0.9324135184 0.2688413262 -0.7584156394 0.0085376343 0.6517152786 0.6053728461 -0.3612923622 0.7092189789
313.7 20.5 2303.9 -0.3028292656 0.9324135184 0.1972295642 -0.5271375179 0.0085376343 -0.8497371078 -0.7939901948 -0.3612923622 0.4889246821
10.3 -140.7 2005.7 0.7282959819 0.0595155470 -0.6826733351 0.0140521722 0.9947147965 0.1017106324 0.6851186156 -0.0836684853 0.7236104608
-12.8 -526.8 2038.2 0.7321220040 0.0666635633 -0.6779036522 0.0592808835 0.9851882458 0.1609033942 0.6785891056 -0.1579876393 0.7173261046
154.5 -175.8 2105.9 0.9166219831 0.0892698839 0.3896601498 -0.0895208195 0.9958302379 -0.0175560582 -0.3896025717 -0.0187904276 0.9207913876
119.9 -562.1 2113.1 0.9167885184 -0.0171377733 0.3990051746 -0.0447234698 0.9883890748 0.1452130377 -0.3968609869 -0.1509745419 0.9053772688
82.9 366.9 1864.4 0 0 0 0 0 0 0 0 0
236.8 -113.3 2102.4 0 0 0 0 0 0 0 0 0
-37.7 -894.5 2097.2 0 0 0 0 0 0 0 0 0
126.3 -931.0 2169.5 0 0 0 0 0 0 0 0 0
103.9 427.6 1977.3 6 0.8016594052 -0.1836878061 -0.5688593984 0.4112523496 0.8601018786 0.3018216491 0.4338360429 -0.4759029150 0.7650507689
148.5 218.8 2092.8 0.8016594052 -0.1836878061 -0.5688593984 0.4112523496 0.8601018786 0.3018216491 0.4338360429 -0.4759029150 0.7650507689
113.4 29.3 2070.6 0.8027495742 0.1804823279 -0.5683478713 -0.2134990543 0.9769048095 0.0086703552 0.5567865968 0.1143816039 0.8227427006
38.8 248.0 2016.7 0.5278549194 -0.6915317178 -0.4931055009 0.1605906636 0.6513685584 -0.7415723801 0.8340142369 0.3122545183 0.4548816681
-95.7 207.1 1804.2 -0.7209714055 -0.6915317178 -0.0445432104 -0.6490515471 0.6513685584 0.3930026591 -0.2427597493 0.3122545183 -0.9184578657
258.1 189.7 2168.8 0.2428098172 0.9339753389 0.2621707022 -0.7632436156 0.0171216428 0.6458839774 0.5987508893 -0.3569270670 0.7170079947
312.4 18.9 2302.8 -0.2964293063 0.9339753389 0.1995488554 -0.5206679106 0.0171216428 -0.8535875678 -0.8006463647 -0.3569270670 0.4812156260
5.6 -141.1 2002.7 0.7258070707 0.0478533357 -0.6862318516 0.0260766260 0.9949464798 0.0969615504 0.6874039173 -0.0882699937 0.7208912969
-13.0 -527.2 2036.9 0.7300776243 0.0601594970 -0.6807109714 0.0787942782 0.9820628762 0.1713008136 0.6788063645 -0.1786990315 0.7122419477
149.6 -179.0 2102.1 0.9187469482 0.0801900923 0.3866181672 -0.0823671743 0.9965417385 -0.0109622153 -0.3861601949 -0.0217731427 0.9221747518
118.5 -565.8 2110.6 0.9183664918 -0.0267341491 0.3948269188 -0.0495778620 0.9820820093 0.1818158031 -0.3926131129 -0.1865482181 0.9005857706
83.5 368.4 1864.6 0 0 0 0 0 0 0 0 0
237.2 -113.2 2099.6 0 0 0 0 0 0 0 0 0
-35.4 -893.7 2103.6 0 0 0 0 0 0 0 0 0
128.4 -932.1 2180.1 0 0 0 0 0 0 0 0 0
104.5 429.4 1976.6 7 0.7992404699 -0.1801926941 -0.5733631253 0.4084912241 0.8626379967 0.2983129621 0.4408509731 -0.4726375937 0.7630623579
148.4 219.2 2091.8 0.7992404699 -0.1801926941 -0.5733631253 0.4084912241 0.8626379967 0.2983129621 0.4408509731 -0.4726375937 0.7630623579
113.4 29.5 2070.6 0.7992750406 0.1800898015 -0.5733472109 -0.2100076079 0.9775950909 0.0143038426 0.5630774498 0.1089745685 0.8191876411
39.2 247.9 2014.9 0.5268008709 -0.6945424080 -0.4899915159 0.1585652679 0.6466507316 -0.7461232543 0.8350676298 0.3153627217 0.4507864714
-94.4 207.7 1803.1 -0.7181046605 -0.6945424080 -0.0440063626 -0.6499046683 0.6466507316 0.3993328810 -0.2488968670 0.3153627217 -0.9157492518
257.6 190.5 2168.7 0.2389160544 0.9361248612 0.2580491304 -0.7593297362 0.0144675672 0.6505451798 0.6052581668 -0.3513700664 0.7142840028
311.0 20.6 2304.1 -0.2917426527 0.9361248612 0.1963579804 -0.5259399414 0.0144675672 -0.8503986597 -0.7989201546 -0.3513700664 0.4881246686
6.5 -141.2 1998.5 0.7218682766 0.0443159305 -0.6906101108 0.0358965322 0.9942061901 0.1013187319 0.6910988688 -0.0979292840 0.7160950899
-10.7 -527.1 2036.5 0.7256094217 0.0794553533 -0.6835041046 0.0749267340 0.9782814980 0.1932647526 0.6840153337 -0.1914474368 0.7038969398
150.3 -179.4 2098.3 0.9204530120 0.0856935307 0.3813434541 -0.0924177691 0.9957200885 -0.0006832426 -0.3797698915 -0.0346140191 0.9244331717
117.1 -565.9 2111.7 0.9194726944 -0.0440445691 0.3906789422 -0.0330912583 0.9815087914 0.1885349751 -0.3917587698 -0.1862808168 0.9010130763
83.9 369.0 1864.9 0 0 0 0 0 0 0 0 0
237.0 -112.9 2101.4 0 0 0 0 0 0 0 0 0
-40.3 -892.2 2108.0 0 0 0 0 0 0 0 0 0
133.5 -932.1 2181.2 0 0 0 0 0 0 0 0 0
104.8 432.2 1983.3 8 0.7970185280 -0.1797148585 -0.5765969157 0.3946612477 0.8776482344 0.2719853520 0.4571694732 -0.4443378150 0.7704284191
148.3 219.7 2090.9 0.7970185280 -0.1797148585 -0.5765969157 0.3946612477 0.8776482344 0.2719853520 0.4571694732 -0.4443378150 0.7704284191
114.7 29.5 2070.9 0.7992497087 0.1727547050 -0.5756350756 -0.2006817013 0.9795365334 0.0153304767 0.5665040016 0.1032665372 0.8175629973
39.1 247.1 2013.5 0.5399556756 -0.6883478761 -0.4843811393 0.1760896593 0.6551321149 -0.7347069383 0.8230676055 0.3114146888 0.4749532640
-99.9 201.7 1801.6 -0.7239277959 -0.6883478761 -0.0458892658 -0.6475996375 0.6551321149 0.3891228437 -0.2377883345 0.3114146888 -0.9200421572
257.5 192.3 2168.3 0.2427406013 0.9369403124 0.2514356673 -0.7537590861 0.0190042872 0.6568759680 0.6106752157 -0.3489724100 0.7108404040
311.8 23.6 2304.9 -0.2857947350 0.9369403124 0.2011573464 -0.5330603123 0.0190042872 -0.8458637595 -0.7963467240 -0.3489724100 0.4940143526
6.9 -141.5 1999.0 0.7193338275 0.0442738757 -0.6932522655 0.0357928239 0.9942790866 0.1006380841 0.6937418580 -0.0972058326 0.7136338949
-10.3 -527.5 2036.8 0.7226892710 0.0794861913 -0.6865873337 0.0713372454 0.9794821143 0.1884828806 0.6874818206 -0.1851938069 0.7021908760
150.1 -179.1 2099.9 0.9216880202 0.0855262801 0.3783865869 -0.0933088064 0.9956346750 0.0022428951 -0.3765429854 -0.0373740532 0.9256449342
116.9 -565.6 2114.4 0.9212132096 -0.0364965312 0.3873425722 -0.0315500461 0.9853035808 0.1678733081 -0.3877768219 -0.1668677777 0.9065231681
81.8 364.3 1861.3 0 0 0 0 0 0 0 0 0
239.2 -111.7 2102.8 0 0 0 0 0 0 0 0 0
-40.0 -893.0 2105.9 0 0 0 0 0 0 0 0 0
130.5 -933.2 2176.7 0 0 0 0 0 0 0 0 0
106.4 432.9 1994.1 9 0.8025903702 -0.1744424254 -0.5704547167 0.3670543730 0.8982379436 0.2417431325 0.4702337682 -0.4034085870 0.7849469185
147.8 220.0 2089.8 0.8025903702 -0.1744424254 -0.5704547167 0.3670543730 0.8982379436 0.2417431325 0.4702337682 -0.4034085870 0.7849469185
114.4 29.7 2070.3 0.8033969402 0.1717627794 -0.5701323748 -0.1982857287 0.9800163507 0.0158352535 0.5614589453 0.1003271267 0.8214002252
38.0 247.0 2013.1 0.5364634395 -0.6819046736 -0.4972052276 0.1705345213 0.6645979881 -0.7274802327 0.8265137672 0.3054758608 0.4728207886
-98.9 203.5 1802.1 -0.7303032875 -0.6819046736 -0.0407818928 -0.6419102550 0.6645979881 0.3824405074 -0.2336844057 0.3054758608 -0.9230796695
257.5 192.9 2166.5 0.2481662929 0.9345252514 0.2551001012 -0.7522433400 0.0199856199 0.6585822105 0.6103633642 -0.3553352356 0.7079501748
313.0 24.5 2303.1 -0.2902425528 0.9345252514 0.2059655786 -0.5350117087 0.0199856199 -0.8446082473 -0.7934240699 -0.3553352356 0.4941812456
9.6 -142.6 2000.1 0.7230936289 0.0595313646 -0.6881799102 0.0218009260 0.9938160777 0.1088775396 0.6904059052 -0.0937316120 0.7173242569
-13.5 -528.4 2036.5 0.7279069424 0.0552114323 -0.6834495068 0.0827679783 0.9823893905 0.1675127596 0.6806621552 -0.1785014272 0.7105183005
152.8 -178.6 2101.6 0.9187912345 0.0945454314 0.3832542896 -0.0979516655 0.9951339960 -0.0106671900 -0.3823979199 -0.0277394764 0.9235812426
116.1 -564.8 2112.3 0.9179235101 -0.0438891873 0.3943223953 -0.0316287018 0.9826052189 0.1829935908 -0.3954946697 -0.1804460287 0.9005682468
82.6 363.1 1860.2 0 0 0 0 0 0 0 0 0
239.4 -111.3 2101.7 0 0 0 0 0 0 0 0 0
-34.1 -895.0 2103.1 0 0 0 0 0 0 0 0 0
132.5 -931.5 2179.7 0 0 0 0 0 0 0 0 0
106.8 430.1 1992.1 0 0.8069003224 -0.1647705734 -0.5672411323 0.3601152897 0.8984261155 0.2512916923 0.4682187438 -0.4070395529 0.7842767239
145.1 221.2 2086.7 0.8069003224 -0.1647705734 -0.5672411323 0.3601152897 0.8984261155 0.2512916923 0.4682187438 -0.4070395529 0.7842767239
113.2 30.5 2069.2 0.8069757223 0.1645112485 -0.5672091842 -0.1863997877 0.9822763801 0.0197024699 0.5603974462 0.0898282602 0.8233380318
34.9 246.7 2010.1 0.5379481316 -0.6827376485 -0.4944503009 0.1850175261 0.6678755879 -0.7209096551 0.8224234581 0.2963300347 0.4856008589
-102.1 199.6 1800.7 -0.7296549082 -0.6827376485 -0.0383803695 -0.6445099115 0.6678755879 0.3722218871 -0.2284965813 0.2963300347 -0.9273498654
255.3 195.7 2163.2 0.2562592030 0.9330310822 0.2525554597 -0.7441123724 0.0236547925 0.6676355004 0.6169505119 -0.3590174019 0.7003417611
312.7 29.2 2301.3 -0.2889730930 0.9330310822 0.2143538892 -0.5452088714 0.0236547925 -0.8379664421 -0.7869191766 -0.3590174019 0.5018612146
9.1 -142.7 2000.5 0.7248319983 0.0612722188 -0.6861954927 0.0236302968 0.9932398200 0.1136498377 0.6885202527 -0.0985920429 0.7184841633
-14.7 -528.3 2038.8 0.7284349203 0.0484689362 -0.6833983660 0.0760901496 0.9855999351 0.1510066539 0.6808765531 -0.1619984061 0.7142574191
