102.8 248.3 1837.7 7 0.8664507270 -0.0080897147 -0.4991970658 0.4949142337 0.1455942541 0.8566575646 0.0657501072 -0.9893113375 0.1301539540
104.5 216.9 2051.0 0.8664507270 -0.0080897147 -0.4991970658 0.4949142337 0.1455942541 0.8566575646 0.0657501072 -0.9893113375 0.1301539540
103.0 23.0 2059.8 0.8665868044 0.0077645369 -0.4989659786 0.0159587562 0.9989362955 0.0432613157 0.4987711608 -0.0454525612 0.8655411005
-13.9 214.7 1982.9 0.7708818316 -0.5216856599 -0.3654932678 0.5809955001 0.8110855222 0.0677089095 0.2611235380 -0.2645455003 0.9283480644
-174.7 93.5 1928.4 -0.7928616405 -0.5216856599 -0.3149833381 -0.3464443386 0.8110855222 -0.4712924361 0.5013449192 -0.2645455003 -0.8238136768
222.9 219.1 2119.1 0.4205030501 0.8867288828 0.1920652837 -0.6065733433 0.1173309982 0.7863219976 0.6747192144 -0.4471524656 0.5872040987
317.0 83.4 2270.1 -0.2544804811 0.8867288828 0.3859424591 -0.6836249232 0.1173309982 -0.7203404903 -0.6840296984 -0.4471524656 0.5763314962
22.3 -171.3 2028.0 0.7345339060 0.1122629642 -0.6692211628 -0.0406417027 0.9917276502 0.1217558384 0.6773537993 -0.0622355007 0.7330201268
-21.3 -556.3 2052.1 0.7383568883 0.0376180634 -0.6733601689 0.0220238212 0.9965656400 0.0798240080 0.6740504503 -0.0737685710 0.7349926233
176.9 -167.7 2118.5 0.9100273848 0.1620706469 0.3815537095 -0.1384895593 0.9863858819 -0.0886766315 -0.3907310665 0.0278569572 0.9200832844
114.0 -550.6 2107.6 0.9082782865 -0.0722323284 0.4120837450 -0.0126325050 0.9797984958 0.1995879710 -0.4181757271 -0.1864870787 0.8890172243
26.5 181.4 1801.1 0 0 0 0 0 0 0 0 0
252.4 -90.1 2096.5 0 0 0 0 0 0 0 0 0
-35.3 -928.2 2079.7 0 0 0 0 0 0 0 0 0
140.9 -916.0 2177.2 0 0 0 0 0 0 0 0 0
103.7 247.8 1836.3 8 0.8686270118 -0.0077224560 -0.4954063892 0.4915368855 0.1391124427 0.8596739173 0.0622783974 -0.9902464747 0.1246326938
105.3 217.8 2050.1 0.8686270118 -0.0077224560 -0.4954063892 0.4915368855 0.1391124427 0.8596739173 0.0622783974 -0.9902464747 0.1246326938
105.5 23.9 2059.5 0.8720981479 -0.0007304399 -0.4893304110 0.0242419764 0.9988354445 0.0417137258 0.4887301028 -0.0482407995 0.8711003065
-13.8 214.5 1983.4 0.7687086463 -0.5180254579 -0.3751488030 0.5783869624 0.8134056926 0.0619653277 0.2730485499 -0.2646144629 0.9248911738
-174.3 93.7 1926.4 -0.7972026467 -0.5180254579 -0.3100283146 -0.3469901383 0.8134056926 -0.4668715596 0.4940301478 -0.2646144629 -0.8281989098
224.5 221.1 2116.9 0.4330410361 0.8805863261 0.1924660057 -0.6013418436 0.1231739074 0.7894403934 0.6714636683 -0.4575979412 0.5828728080
321.4 86.6 2267.1 -0.2567839026 0.8805863261 0.3982834816 -0.6875502467 0.1231739074 -0.7156136036 -0.6792176962 -0.4575979412 0.5738182664
23.9 -172.3 2023.9 0.7419492006 0.1203034744 -0.6595744491 -0.0383060388 0.9897691607 0.1374394298 0.6693608761 -0.0767073929 0.7389668226
-22.8 -556.5 2053.7 0.7445666194 0.0205009747 -0.6672332883 0.0223269854 0.9982042909 0.0555848926 0.6671746969 -0.0562839620 0.7427718639
179.1 -169.4 2113.3 0.9032816887 0.1669890881 0.3952174187 -0.1524699181 0.9859579206 -0.0681167543 -0.4010425210 0.0012698477 0.9160585403
114.3 -552.1 2112.8 0.9028491378 -0.0728759542 0.4237363338 -0.0004355141 0.9853754044 0.1703969389 -0.4299572110 -0.1540272683 0.8896136284
28.1 181.8 1801.0 0 0 0 0 0 0 0 0 0
256.2 -88.0 2094.7 0 0 0 0 0 0 0 0 0
-30.5 -929.0 2074.7 0 0 0 0 0 0 0 0 0
141.5 -919.5 2170.2 0 0 0 0 0 0 0 0 0
103.9 246.8 1835.7 9 0.8657220602 -0.0080612842 -0.5004601479 0.4970493019 0.1314757019 0.8577039838 0.0588841513 -0.9912866354 0.1178282648
105.6 218.6 2048.7 0.8657220602 -0.0080612842 -0.5004601479 0.4970493019 0.1314757019 0.8577039838 0.0588841513 -0.9912866354 0.1178282648
107.1 24.7 2058.2 0.8721585870 -0.0075317244 -0.4891652763 0.0304998066 0.9987735748 0.0390015058 0.4882715940 -0.0489349440 0.8713186979
-13.5 214.4 1982.0 0.7705740929 -0.5176928043 -0.3717657030 0.5800198913 0.8113819361 0.0723620728 0.2641826272 -0.2713918388 0.9255020022
-174.3 93.4 1926.9 -0.7989554405 -0.5176928043 -0.3060463071 -0.3450028002 0.8113819361 -0.4718394279 0.4925883114 -0.2713918388 -0.8268634677
224.8 222.7 2115.5 0.4374378026 0.8795084953 0.1873846799 -0.5979115963 0.1288232952 0.7911424041 0.6716769338 -0.4581150711 0.5822204947
322.7 88.9 2265.7 -0.2524540126 0.8795084953 0.4034003317 -0.6897336841 0.1288232952 -0.7125110626 -0.6786268950 -0.4581150711 0.5741046667
27.5 -172.1 2025.1 0.7413213849 0.1279948205 -0.6588322520 -0.0426872782 0.9886509776 0.1440385133 0.6697912812 -0.0786550716 0.7383718491
-22.2 -555.9 2055.6 0.7439408898 0.0240933932 -0.6678109765 0.0148005430 0.9985105991 0.0525122210 0.6680815220 -0.0489499532 0.7424762845
183.7 -167.8 2112.6 0.9009620547 0.1810611635 0.3943149149 -0.1646988839 0.9834676385 -0.0752706677 -0.4014245570 0.0028727853 0.9158875942
113.5 -549.5 2111.5 0.9026842713 -0.0551579855 0.4267536402 -0.0197613556 0.9853901863 0.1691617668 -0.4298494458 -0.1611329019 0.8884062171
28.5 180.9 1801.9 0 0 0 0 0 0 0 0 0
258.6 -86.1 2093.5 0 0 0 0 0 0 0 0 0
-31.2 -928.6 2073.9 0 0 0 0 0 0 0 0 0
134.0 -917.1 2171.6 0 0 0 0 0 0 0 0 0
103.9 245.1 1831.3 0 0.8605753183 -0.0120436642 -0.5091807842 0.5067704320 0.1202151030 0.8536580801 0.0509300530 -0.9926748276 0.1095575243
106.5 219.0 2047.5 0.8605753183 -0.0120436642 -0.5091807842 0.5067704320 0.1202151030 0.8536580801 0.0509300530 -0.9926748276 0.1095575243
108.6 25.2 2058.5 0.8702144027 -0.0109188715 -0.4925521910 0.0372231826 0.9983539581 0.0436324328 0.4912649989 -0.0563039333 0.8691884279
-12.4 213.9 1980.4 0.7719371915 -0.5133788586 -0.3749067485 0.5746154785 0.8157505989 0.0660909787 0.2719007134 -0.2664453089 0.9247036576
-173.2 94.1 1923.8 -0.8021894097 -0.5133788586 -0.3048512936 -0.3458818793 0.8157505989 -0.4635910988 0.4866804779 -0.2664453089 -0.8319548965
225.4 224.0 2114.6 0.4370543361 0.8807475567 0.1823930889 -0.5913901925 0.1286102682 0.7960634232 0.6776733398 -0.4557884634 0.5770751834
323.2 91.7 2266.3 -0.2474623919 0.8807475567 0.4037896693 -0.6956002712 0.1286102682 -0.7068236470 -0.6744647026 -0.4557884634 0.5808220506
30.4 -171.9 2024.0 0.7376586795 0.1299665421 -0.6625468731 -0.0452219099 0.9886052012 0.1435781717 0.6736576557 -0.0759500489 0.7351305485
-20.0 -555.7 2053.5 0.7405539155 0.0417521968 -0.6706986427 0.0031609938 0.9978405237 0.0656075850 0.6719895601 -0.0507060252 0.7388226986
186.7 -166.5 2111.5 0.9022485018 0.1862798333 0.3889054954 -0.1686612368 0.9824786782 -0.0793036073 -0.3968640268 0.0059582777 0.9178580642
114.4 -547.8 2109.2 0.9041182995 -0.0485277474 0.4245175123 -0.0345423892 0.9819765687 0.1858192384 -0.4258836508 -0.1826664209 0.8861467838
30.4 181.9 1800.2 0 0 0 0 0 0 0 0 0
260.4 -84.9 2095.1 0 0 0 0 0 0 0 0 0
-35.6 -928.1 2072.4 0 0 0 0 0 0 0 0 0
132.5 -914.2 2177.3 0 0 0 0 0 0 0 0 0
103.4 244.0 1829.1 1 0.8566842079 -0.0172954202 -0.5155512094 0.5140680075 0.1114230454 0.8504816294 0.0427348539 -0.9936225414 0.1043453813
107.2 219.7 2046.0 0.8566842079 -0.0172954202 -0.5155512094 0.5140680075 0.1114230454 0.8504816294 0.0427348539 -0.9936225414 0.1043453813
109.4 26.0 2059.0 0.8689420223 -0.0115797073 -0.4947783947 0.0432405360 0.9976795316 0.0525905788 0.4930213094 -0.0670926496 0.8674263954
-11.5 213.8 1978.7 0.7772710919 -0.5193775892 -0.3551007807 0.5774092674 0.8130281568 0.0747249424 0.2498964667 -0.2631199956 0.9318366647
-173.5 93.4 1926.6 -0.7939162850 -0.5193775892 -0.3161389232 -0.3451756537 0.8130281568 -0.4688699245 0.5005503893 -0.2631199956 -0.8247528076
225.9 225.6 2113.4 0.4358340502 0.8817811012 0.1803075671 -0.5836808085 0.1244188473 0.8023943305 0.6851024628 -0.4549528360 0.5689046383
323.4 95.0 2266.7 -0.2452185154 0.8817811012 0.4029020071 -0.7030339837 0.1244188473 -0.7001879811 -0.6675410867 -0.4549528360 0.5894122124
32.8 -172.0 2025.4 0.7343291640 0.1335216761 -0.6655318141 -0.0498509556 0.9884233475 0.1432973444 0.6769605279 -0.0720500126 0.7324842811
-19.1 -555.7 2053.3 0.7383642793 0.0532714725 -0.6722948551 0.0048278663 0.9964323044 0.0842578784 0.6743848324 -0.0654587597 0.7354727983
188.7 -165.3 2113.4 0.9033424854 0.1924923360 0.3833002448 -0.1723860204 0.9812243581 -0.0864975825 -0.3927536607 0.0120613398 0.9195646048
114.0 -546.2 2108.7 0.9064252377 -0.0401210599 0.4204563498 -0.0375750177 0.9838710427 0.1748882979 -0.4206915200 -0.1743218154 0.8902980089
28.0 181.0 1799.5 0 0 0 0 0 0 0 0 0
261.2 -83.5 2097.2 0 0 0 0 0 0 0 0 0
-39.0 -927.6 2077.8 0 0 0 0 0 0 0 0 0
128.9 -913.3 2173.8 0 0 0 0 0 0 0 0 0
102.8 244.9 1832.6 2 0.8592666388 -0.0283528436 -0.5107415915 0.5102114081 0.1190938577 0.8517634273 0.0366762653 -0.9924780726 0.1167993248
108.9 219.6 2044.0 0.8592666388 -0.0283528436 -0.5107415915 0.5102114081 0.1190938577 0.8517634273 0.0366762653 -0.9924780726 0.1167993248
111.1 26.2 2060.1 0.8755820990 -0.0111833615 -0.4829398692 0.0498429164 0.9964876175 0.0672909543 0.4804910719 -0.0829898864 0.8730641603
-10.7 212.8 1978.3 0.7846481204 -0.5128920674 -0.3482370973 0.5705772638 0.8171254992 0.0821429417 0.2424229681 -0.2631494701 0.9338005185
-174.0 94.0 1927.9 -0.7953016162 -0.5128920674 -0.3231673539 -0.3368886709 0.8171254992 -0.4677733779 0.5039855242 -0.2631494701 -0.8226487637
228.5 226.4 2109.6 0.4443591237 0.8756831288 0.1890080869 -0.5732843876 0.1158347875 0.8111271858 0.6883966327 -0.4687871635 0.5534877181
327.9 98.1 2263.6 -0.2550868690 0.8756831288 0.4100119472 -0.7133302689 0.1158347875 -0.6911890507 -0.6527562141 -0.4687871635 0.5951033235
33.8 -171.5 2027.9 0.7402308583 0.1387263387 -0.6578854918 -0.0626525953 0.9884572029 0.1379383951 0.6694273353 -0.0608880259 0.7403780818
-20.0 -555.2 2051.5 0.7461030483 0.0468521677 -0.6641800404 0.0145644480 0.9961341023 0.0866295546 0.6656711698 -0.0743079931 0.7425363660
189.5 -163.7 2116.2 0.9003256559 0.1889341176 0.3920683265 -0.1667269170 0.9818607569 -0.0902864486 -0.4020146728 0.0159188621 0.9154948592
116.2 -544.9 2110.0 0.9045652747 -0.0188377816 0.4259187579 -0.0489358455 0.9878327250 0.1476202756 -0.4235173464 -0.1543748677 0.8926373720
27.9 179.6 1800.0 0 0 0 0 0 0 0 0 0
263.2 -82.9 2098.0 0 0 0 0 0 0 0 0 0
-37.5 -927.0 2079.3 0 0 0 0 0 0 0 0 0
123.2 -913.5 2167.6 0 0 0 0 0 0 0 0 0
93.4 342.9 1966.3 3 0.8567124605 -0.1129045188 -0.5032855272 0.3513860106 0.8420504928 0.4092418253 0.3775865436 -0.5274500847 0.7610682249
110.0 218.8 2044.0 0.8567124605 -0.1129045188 -0.5032855272 0.3513860106 0.8420504928 0.4092418253 0.3775865436 -0.5274500847 0.7610682249
111.5 25.3 2058.1 0.8770001531 -0.0074592610 -0.4804322124 0.0413511246 0.9973415732 0.0599991195 0.4787074625 -0.0724856481 0.8749771118
-9.8 213.2 1978.6 0.7899008393 -0.5111151934 -0.3388479352 0.5693482161 0.8165191412 0.0955983326 0.2278140783 -0.2684356868 0.9359716773
-175.0 94.1 1930.9 -0.7918745279 -0.5111151934 -0.3342094719 -0.3259016275 0.8165191412 -0.4765339196 0.5164521933 -0.2684356868 -0.8131539822
229.9 224.5 2109.4 0.4438168108 0.8749458790 0.1936396658 -0.5822162032 0.1172736660 0.8045316339 0.6812128425 -0.4698048234 0.5614557266
329.2 94.2 2261.8 -0.2595992088 0.8749458790 0.4087516665 -0.7054068446 0.1172736660 -0.6990336776 -0.6595524549 -0.4698048234 0.5867486596
34.8 -171.7 2033.2 0.7420823574 0.1385035962 -0.6558433771 -0.0698318109 0.9890699983 0.1298615038 0.6666613221 -0.0505691953 0.7436433434
-19.0 -555.7 2052.8 0.7478501797 0.0449238978 -0.6623457670 0.0078198332 0.9970424175 0.0764541700 0.6638214588 -0.0623556972 0.7452870607
191.7 -162.8 2119.2 0.8980144858 0.1943818182 0.3946970403 -0.1691246629 0.9806921482 -0.0981824547 -0.4061611593 0.0214162618 0.9135504961
116.2 -543.5 2110.9 0.9031111598 -0.0218030047 0.4288529158 -0.0379575156 0.9907472730 0.1303036958 -0.4277258813 -0.1339569241 0.8939273357
26.0 176.8 1799.9 0 0 0 0 0 0 0 0 0
263.3 -84.8 2094.4 0 0 0 0 0 0 0 0 0
-35.7 -927.8 2076.1 0 0 0 0 0 0 0 0 0
124.4 -913.2 2160.9 0 0 0 0 0 0 0 0 0
92.1 386.9 2045.1 4 0.8501095176 -0.0885038897 -0.5191155076 0.1452761441 0.9869369864 0.0696431994 0.5061706305 -0.1346194446 0.8518620133
106.2 229.6 2066.6 0.8501095176 -0.0885038897 -0.5191155076 0.1452761441 0.9869369864 0.0696431994 0.5061706305 -0.1346194446 0.8518620133
112.4 37.1 2058.2 0.8585888147 -0.0298686717 -0.5117940307 0.0030488258 0.9985811710 -0.0531631932 0.5126557946 0.0440849513 0.8574616909
-11.1 229.5 1996.9 0.6698427796 -0.5590146184 -0.4886853099 0.6251996756 0.7796828747 -0.0349276513 0.4005446434 -0.2821298838 0.8717607260
-151.2 98.7 1913.1 -0.7778714299 -0.5590146184 -0.2870865762 -0.3753334880 0.7796828747 -0.5012179017 0.5040246248 -0.2821298838 -0.8163099289
223.5 229.7 2136.2 0.4378498793 0.8857546449 0.1540329456 -0.6478872895 0.1920808107 0.7371208072 0.6233214140 -0.4225442410 0.6579717398
321.1 85.3 2275.2 -0.2200346887 0.8857546449 0.4086849689 -0.6277961135 0.1920808107 -0.7543056607 -0.7466303110 -0.4225442410 0.5138088465
35.6 -169.4 2025.6 0.7303472161 0.1381579489 -0.6689584255 -0.0519767702 0.9877331257 0.1472469568 0.6810957193 -0.0727711022 0.7285691500
-18.5 -555.8 2054.1 0.7346990705 0.0553121045 -0.6761344671 0.0048625073 0.9962155819 0.0867804587 0.6783757210 -0.0670452267 0.7316496968
191.5 -164.6 2115.0 0.9028939605 0.1906486154 0.3852733970 -0.1700976789 0.9815708995 -0.0870939121 -0.3947775066 0.0131024607 0.9186833501
117.5 -545.7 2109.9 0.9075251222 -0.0226318538 0.4193876386 -0.0433155149 0.9881790280 0.1470578462 -0.4177582562 -0.1516246796 0.8958169222
45.8 193.7 1785.4 0 0 0 0 0 0 0 0 0
265.6 -72.8 2087.1 0 0 0 0 0 0 0 0 0
-39.1 -927.6 2079.1 0 0 0 0 0 0 0 0 0
126.0 -914.4 2166.5 0 0 0 0 0 0 0 0 0
91.3 409.3 2084.5 5 0.8478587866 -0.0705717206 -0.5255045891 0.0370804109 0.9965682030 -0.0740061626 0.5289238691 0.0432608500 0.8475659490
103.6 235.5 2077.0 0.8478587866 -0.0705717206 -0.5255045891 0.0370804109 0.9965682030 -0.0740061626 0.5289238691 0.0432608500 0.8475659490
111.6 43.8 2056.6 0.8511231542 -0.0399300121 -0.5234453082 -0.0217107181 0.9935726523 -0.1110944450 0.5245169401 0.1059194282 0.8447858095
-12.7 238.7 2005.6 0.5264252424 -0.6003342867 -0.6020591259 0.6313636899 0.7502861619 -0.1960881799 0.5694350600 -0.2768925130 0.7739988565
-119.0 111.2 1890.6 -0.7674602866 -0.6003342867 -0.2249521464 -0.4430806041 0.7502861619 -0.4906631112 0.4633403718 -0.2768925130 -0.8418112993
219.9 232.4 2148.4 0.4341764748 0.8902590871 0.1375848651 -0.6822203398 0.2252160460 0.6955955029 0.5882738829 -0.3958744109 0.7051363587
316.7 80.2 2279.6 -0.2031230330 0.8902590871 0.4076516330 -0.5816295743 0.2252160460 -0.7816551328 -0.7876852751 -0.3958744109 0.4720544517
42.2 -154.1 2002.3 0.7300761342 0.1521320194 -0.6662167311 -0.0249267481 0.9801846743 0.1965111941 0.6829110980 -0.1268615127 0.7194015980
-16.9 -535.5 2051.6 0.7331120968 0.0572067685 -0.6776975989 0.0167090613 0.9946403503 0.1020363271 0.6799025536 -0.0861277506 0.7282269597
195.5 -155.2 2095.4 0.8979709148 0.2026123852 0.3906359375 -0.1987442523 0.9787348509 -0.0507819094 -0.3926180303 -0.0320359655 0.9191434979
116.9 -534.8 2107.9 0.9053384066 -0.0283639859 0.4237427115 -0.0391877480 0.9879311323 0.1498547047 -0.4228790700 -0.1522747427 0.8933004737
75.8 223.6 1773.1 0 0 0 0 0 0 0 0 0
265.5 -66.6 2080.8 0 0 0 0 0 0 0 0 0
-38.3 -906.7 2083.8 0 0 0 0 0 0 0 0 0
127.5 -903.5 2164.7 0 0 0 0 0 0 0 0 0
88.8 422.4 2104.3 6 0.8483628631 -0.0609685890 -0.5258927941 -0.0116311973 0.9909604788 -0.1336487979 0.5292873979 0.1194994375 0.8399849534
100.0 240.1 2082.3 0.8483628631 -0.0609685890 -0.5258927941 -0.0116311973 0.9909604788 -0.1336487979 0.5292873979 0.1194994375 0.8399849534
108.5 48.5 2056.2 0.8495767713 -0.0430640019 -0.5257040858 -0.0347448997 0.9899280071 -0.1372420788 0.5263193846 0.1348632127 0.8395235538
-16.0 244.9 2010.5 0.4122980833 -0.6284060478 -0.6596333385 0.6258321404 0.7215266228 -0.2961983085 0.6620758176 -0.2906977832 0.6907607317
-99.4 118.4 1876.7 -0.7590278983 -0.6284060478 -0.1702424139 -0.4869611263 0.7215266228 -0.4922074676 0.4321405888 -0.2906977832 -0.8536681533
216.1 235.2 2154.0 0.4331411123 0.8913924694 0.1334476173 -0.6983304620 0.2382849604 0.6749480367 0.5698450208 -0.3855382800 0.7256975174
312.9 79.3 2281.3 -0.1987240613 0.8913924694 0.4073428810 -0.5590326786 0.2382849604 -0.7941679358 -0.8049790263 -0.3855382800 0.4509645700
43.7 -145.3 1988.4 0.7321143150 0.1499687135 -0.6644682288 -0.0163578782 0.9790531993 0.2029465288 0.6809853315 -0.1377107650 0.7192320228
-14.6 -525.8 2042.0 0.7377081513 0.0713040978 -0.6713437438 0.0428509712 0.9874564409 0.1519656777 0.6737585068 -0.1408740431 0.7253991961
195.9 -150.1 2082.9 0.8959726691 0.1988122612 0.3971229494 -0.2031122148 0.9786426425 -0.0316858292 -0.3949409723 -0.0522708818 0.9172182679
118.8 -529.8 2103.2 0.9029350877 -0.0089007486 0.4296848178 -0.0720021129 0.9825220704 0.1716570109 -0.4237026572 -0.1859333515 0.8865127563
94.4 242.7 1766.3 0 0 0 0 0 0 0 0 0
262.6 -62.2 2077.6 0 0 0 0 0 0 0 0 0
-41.2 -893.8 2094.5 0 0 0 0 0 0 0 0 0
122.1 -896.2 2172.6 0 0 0 0 0 0 0 0 0
86.4 430.1 2120.1 7 0.8437819481 -0.0595591441 -0.5333711505 -0.0405769870 0.9838987589 -0.1740594804 0.5351500511 0.1685108393 0.8277792931
97.7 244.2 2088.3 0.8437819481 -0.0595591441 -0.5333711505 -0.0405769870 0.9838987589 -0.1740594804 0.5351500511 0.1685108393 0.8277792931
106.9 53.2 2057.0 0.8441431522 -0.0468255915 -0.5340690613 -0.0472643897 0.9857995510 -0.1611375064 0.5340303779 0.1612655669 0.8299427629
-17.6 250.7 2015.4 0.3425889015 -0.6493619084 -0.6789417863 0.6278240681 0.6958555579 -0.3487434685 0.6989061236 -0.3067803681 0.6460773945
-88.6 120.6 1870.6 -0.7486210465 -0.6493619084 -0.1337746382 -0.5139530897 0.6958555579 -0.5016346574 0.4188302457 -0.3067803681 -0.8546736240
213.0 237.7 2161.1 0.4282795191 0.8950639367 0.1242463067 -0.7128595114 0.2501495481 0.6551766992 0.5553448796 -0.3691689372 0.7451888323
308.8 78.3 2285.3 -0.1887685955 0.8950639367 0.4040135145 -0.5374821424 0.2501495481 -0.8053186536 -0.8218755126 -0.3691689372 0.4338605404
41.1 -139.5 1982.6 0.7303801775 0.1272652149 -0.6710799932 0.0046473998 0.9815401435 0.1911996752 0.6830250621 -0.1427672356 0.7163060308
-8.4 -520.7 2038.0 0.7339574695 0.1157478467 -0.6692599654 0.0324006826 0.9782829285 0.2047259212 0.6784222126 -0.1719445884 0.7142677307
193.2 -146.2 2077.1 0.8986414075 0.1949165165 0.3930027485 -0.1997489035 0.9794175029 -0.0290125608 -0.3905688226 -0.0524299815 0.9190794826
117.5 -526.3 2097.5 0.9040086269 -0.0111510474 0.4273687303 -0.0814228058 0.9768707752 0.1977216601 -0.4196888208 -0.2135396451 0.8821916580
104.5 253.2 1762.5 0 0 0 0 0 0 0 0 0
260.9 -57.8 2077.1 0 0 0 0 0 0 0 0 0
-51.5 -885.0 2102.1 0 0 0 0 0 0 0 0 0
121.7 -890.7 2177.1 0 0 0 0 0 0 0 0 0
85.8 432.3 2129.0 8 0.8442891836 -0.0629714057 -0.5321751237 -0.0533691831 0.9782543778 -0.2004247755 0.5332236290 0.1976182312 0.8225688934
97.9 245.1 2091.2 0.8442891836 -0.0629714057 -0.5321751237 -0.0533691831 0.9782543778 -0.2004247755 0.5332236290 0.1976182312 0.8225688934
108.1 54.7 2056.4 0.8442271948 -0.0525021628 -0.5334078670 -0.0523161814 0.9823670983 -0.1794932932 0.5334261656 0.1794389933 0.8265943527
-17.5 252.3 2018.4 0.3322833776 -0.6497066021 -0.6837171316 0.6180481315 0.6975724101 -0.3625040948 0.7124634981 -0.3021160364 0.6333416700
-87.3 122.4 1868.7 -0.7478770018 -0.6497066021 -0.1362401545 -0.5153142810 0.6975724101 -0.4978392720 0.4184868038 -0.3021160364 -0.8565014005
213.2 237.9 2164.0 0.4317675233 0.8939281702 0.1202879399 -0.7206364274 0.2616745532 0.6420354843 0.5424573421 -0.3638939559 0.7571797967
309.8 76.8 2285.4 -0.1853718460 0.8939281702 0.4080804586 -0.5233455896 0.2616745532 -0.8109474778 -0.8317130804 -0.3638939559 0.4193263054
40.5 -133.3 1977.8 0.7319712043 0.1251849681 -0.6697364450 0.0109046679 0.9806975126 0.1952267736 0.6812483072 -0.1502036154 0.7164772153
-8.1 -514.1 2036.1 0.7352172136 0.1021131501 -0.6700959206 0.0391619727 0.9805372357 0.1923878342 0.6766993403 -0.1676891297 0.7169088721
191.7 -142.0 2073.5 0.8971624374 0.1980879009 0.3947920799 -0.2011821270 0.9789631963 -0.0340121388 -0.3932242990 -0.0489106961 0.9181407094
114.8 -522.0 2092.5 0.9003702998 -0.0415738784 0.4331338406 -0.0639458671 0.9719749093 0.2262204289 -0.4304001033 -0.2313792855 0.8724789023
107.0 256.3 1759.9 0 0 0 0 0 0 0 0 0
262.8 -55.9 2074.5 0 0 0 0 0 0 0 0 0
-46.2 -879.7 2098.6 0 0 0 0 0 0 0 0 0
130.3 -884.5 2178.8 0 0 0 0 0 0 0 0 0
84.0 432.7 2134.5 9 0.8355320692 -0.0644263774 -0.5456513166 -0.0637679026 0.9750196934 -0.2127679586 0.5457286835 0.2125694901 0.8105519414
96.4 245.1 2093.6 0.8355320692 -0.0644263774 -0.5456513166 -0.0637679026 0.9750196934 -0.2127679586 0.5457286835 0.2125694901 0.8105519414
107.0 54.9 2056.6 0.8353071213 -0.0543351695 -0.5470920801 -0.0600640699 0.9801288843 -0.1890493780 0.5464927554 0.1907748580 0.8154450059
-17.7 253.3 2019.0 0.3305945098 -0.6529179811 -0.6814728975 0.6234865189 0.6931610703 -0.3616521060 0.7084996700 -0.3053289652 0.6362408400
-87.4 121.9 1869.7 -0.7452203035 -0.6529179811 -0.1354429424 -0.5158029795 0.6931610703 -0.5034630299 0.4226038456 -0.3053289652 -0.8533347845
210.5 236.8 2168.2 0.4217690527 0.9001804590 0.1085636020 -0.7280187011 0.2648438811 0.6323341727 0.5404624343 -0.3457353115 0.7670511603
304.8 74.0 2289.1 -0.1721442044 0.9001804590 0.4000519514 -0.5128327608 0.2648438811 -0.8166151643 -0.8410522938 -0.3457353115 0.4160506725
42.7 -131.0 1973.8 0.7226139903 0.1271453649 -0.6794579625 0.0160370339 0.9795902371 0.2003640532 0.6910657287 -0.1556823552 0.7058265805
-6.6 -511.4 2034.2 0.7267622948 0.1085129231 -0.6782636046 0.0495532863 0.9765871167 0.2093371600 0.6850993037 -0.1857485324 0.7043694854
194.0 -140.5 2069.4 0.9002223015 0.2029292285 0.3852526248 -0.2122348696 0.9770393968 -0.0187183283 -0.3802054822 -0.0649133846 0.9226213098
115.2 -519.8 2094.6 0.9065158367 -0.0331271291 0.4208700657 -0.0572015755 0.9780852199 0.2001931220 -0.4182786047 -0.2055526674 0.8847548366
108.0 257.2 1758.8 0 0 0 0 0 0 0 0 0
261.2 -56.1 2075.8 0 0 0 0 0 0 0 0 0
-47.1 -875.6 2103.5 0 0 0 0 0 0 0 0 0
127.6 -884.6 2171.2 0 0 0 0 0 0 0 0 0
83.3 433.2 2135.2 0 0.8429521918 -0.0607695356 -0.5345452428 -0.0679703355 0.9736080766 -0.2178701460 0.5336774588 0.2199873477 0.8165745139
95.0 245.1 2092.7 0.8429521918 -0.0607695356 -0.5345452428 -0.0679703355 0.9736080766 -0.2178701460 0.5336774588 0.2199873477 0.8165745139
105.4 55.1 2055.0 0.8424972892 -0.0536705032 -0.5360202789 -0.0602070242 0.9794094563 -0.1926972866 0.5353255272 0.1946191341 0.8219184875
-20.1 253.4 2019.6 0.3176642954 -0.6606981754 -0.6801230311 0.6250002384 0.6853025556 -0.3738116026 0.7130666375 -0.3063304722 0.6306326985
-86.9 121.9 1869.6 -0.7399336100 -0.6606981754 -0.1263968498 -0.5258529782 0.6853025556 -0.5038244128 0.4194959700 -0.3063304722 -0.8545085192
210.1 236.9 2165.9 0.4299898744 0.8951620460 0.1174463779 -0.7289767265 0.2674915195 0.6301120520 0.5326364636 -0.3565574884 0.7675709724
306.3 73.8 2285.0 -0.1821656972 0.8951620460 0.4068176448 -0.5105299950 0.2674915195 -0.8171948791 -0.8403421044 -0.3565574884 0.4082792699
42.7 -129.8 1970.6 0.7326057553 0.1140754148 -0.6710258126 0.0238322895 0.9809520245 0.1927827150 0.6802358627 -0.1572258025 0.7159323692
-1.6 -510.6 2031.6 0.7341091037 0.1443209052 -0.6635173559 0.0336657874 0.9682151079 0.2478428632 0.6781964898 -0.2042815387 0.7059168816
192.4 -140.6 2068.5 0.8962950110 0.1975592673 0.3970208764 -0.2057136148 0.9783552885 -0.0224246867 -0.3928576708 -0.0615734644 0.9175356030
115.7 -520.4 2092.4 0.9012770057 -0.0232450683 0.4326193035 -0.0761218071 0.9745289683 0.2109471858 -0.4265035391 -0.2230536044 0.8765510917
109.2 261.2 1758.4 0 0 0 0 0 0 0 0 0
260.1 -55.7 2071.8 0 0 0 0 0 0 0 0 0
-55.4 -871.6 2107.8 0 0 0 0 0 0 0 0 0
124.4 -884.0 2175.6 0 0 0 0 0 0 0 0 0
82.8 433.3 2135.6 1 0.8473868966 -0.0593134090 -0.5276527405 -0.0695594698 0.9727765918 -0.2210591882 0.5263999701 0.2240258902 0.8201923370
94.3 244.9 2092.2 0.8473868966 -0.0593134090 -0.5276527405 -0.0695594698 0.9727765918 -0.2210591882 0.5263999701 0.2240258902 0.8201923370
104.9 54.9 2054.0 0.8467809558 -0.0545899794 -0.5291332006 -0.0591773577 0.9788782597 -0.1956921369 0.5286397934 0.1970210820 0.8256649971
-21.4 252.9 2020.0 0.3045764863 -0.6635873318 -0.6832898855 0.6212501526 0.6821805835 -0.3855877221 0.7219982147 -0.3070529997 0.6200298667
-85.7 121.7 1867.5 -0.7399933934 -0.6635873318 -0.1098257005 -0.5383035541 0.6821805835 -0.4948322177 0.4032853544 -0.3070529997 -0.8620204926
210.0 236.8 2164.4 0.4358551502 0.8917321563 0.1218359470 -0.7289751768 0.2703810334 0.6288793683 0.5278498530 -0.3629156947 0.7678976059
307.5 73.7 2282.5 -0.1874136031 0.8917321563 0.4119342864 -0.5092949867 0.2703810334 -0.8170145154 -0.8399373293 -0.3629156947 0.4034816623
40.4 -129.6 1969.2 0.7376333475 0.1160308644 -0.6651570797 0.0227571316 0.9802917242 0.1962401420 0.6748178601 -0.1598903388 0.7204553485
-4.6 -510.1 2031.3 0.7411593199 0.1146934405 -0.6614592075 0.0501953848 0.9730721712 0.2249689400 0.6694499850 -0.1999400258 0.7154444456
191.4 -140.4 2065.1 0.8924971223 0.1936746091 0.4073561728 -0.2088526189 0.9779194593 -0.0073591927 -0.3997868001 -0.0785093457 0.9132397175
116.2 -520.0 2095.6 0.8987340331 -0.0202358402 0.4380269945 -0.0704801679 0.9792800546 0.1898501366 -0.4327928722 -0.2014969885 0.8786861300
112.5 265.9 1759.5 0 0 0 0 0 0 0 0 0
259.9 -55.6 2069.3 0 0 0 0 0 0 0 0 0
-47.4 -873.0 2105.9 0 0 0 0 0 0 0 0 0
123.7 -885.3 2170.8 0 0 0 0 0 0 0 0 0
80.7 432.9 2137.3 2 0.8476176262 -0.0628667325 -0.5268701315 -0.0687537417 0.9715725183 -0.2265386879 0.5261343122 0.2282424718 0.8191996813
92.9 244.3 2093.0 0.8476176262 -0.0628667325 -0.5268701315 -0.0687537417 0.9715725183 -0.2265386879 0.5261343122 0.2282424718 0.8191996813
104.0 54.5 2054.1 0.8469913006 -0.0571922548 -0.5285213590 -0.0585825108 0.9780993462 -0.1997243464 0.5283690691 0.2001268864 0.8250911236
-22.8 252.3 2020.8 0.3037605584 -0.6670581698 -0.6802667975 0.6224303246 0.6795130968 -0.3883843422 0.7213251591 -0.3054428399 0.6216065288
-86.9 121.0 1868.6 -0.7368073463 -0.6670581698 -0.1102195159 -0.5410673022 0.6795130968 -0.4954877794 0.4054147601 -0.3054428399 -0.8615936041
208.6 236.3 2165.2 0.4378327727 0.8909836411 0.1202108413 -0.7294644713 0.2738959193 0.6267875433 0.5255321860 -0.3621176779 0.7698615193
306.6 73.1 2282.8 -0.1861298978 0.8909836411 0.4141302407 -0.5071173906 0.2738959193 -0.8171982169 -0.8415388465 -0.3621176779 0.4008530676
39.6 -129.8 1968.3 0.7375909090 0.1154751778 -0.6653007865 0.0221779421 0.9805946350 0.1947879642 0.6748835444 -0.1584288329 0.7207167149
-5.2 -510.5 2029.9 0.7421094775 0.1043202803 -0.6621108651 0.0593570359 0.9737052321 0.2199429572 0.6676452756 -0.2025226951 0.7164037228
191.3 -140.4 2063.1 0.8916122317 0.1972560287 0.4075753987 -0.2122434974 0.9771787524 -0.0086253947 -0.3999754488 -0.0788147226 0.9131308198
114.8 -519.8 2093.7 0.8949937820 -0.0470189750 0.4435936809 -0.0641064569 0.9705495834 0.2322150618 -0.4414481819 -0.2362682521 0.8656216264
112.3 267.3 1759.0 0 0 0 0 0 0 0 0 0
259.4 -55.6 2069.1 0 0 0 0 0 0 0 0 0
-44.1 -873.8 2105.4 0 0 0 0 0 0 0 0 0
132.3 -881.6 2181.8 0 0 0 0 0 0 0 0 0
79.7 432.2 2136.6 3 0.8520036936 -0.0657719299 -0.5193879008 -0.0651561245 0.9710428715 -0.2298486680 0.5194655061 0.2296732217 0.8230466247
92.5 243.9 2092.1 0.8520036936 -0.0657719299 -0.5193879008 -0.0651561245 0.9710428715 -0.2298486680 0.5194655061 0.2296732217 0.8230466247
104.0 54.1 2053.2 0.8513525724 -0.0594939776 -0.5212094188 -0.0550259873 0.9779399633 -0.2015083581 0.5217000246 0.2002347261 0.8292979598
-23.8 251.5 2020.8 0.3075767756 -0.6610498428 -0.6844046116 0.6245764494 0.6828910708 -0.3788984120 0.7178445458 -0.3109226525 0.6229175925
-88.5 120.0 1869.8 -0.7426283956 -0.6610498428 -0.1073135287 -0.5361772776 0.6828910708 -0.4961589575 0.4012692273 -0.3109226525 -0.8615741730
208.8 236.4 2163.4 0.4448298812 0.8870199919 0.1237818375 -0.7275336981 0.2772768438 0.6275446415 0.5223228335 -0.3692060709 0.7686779499
308.3 73.6 2280.2 -0.1907270402 0.8870199919 0.4204982221 -0.5081773996 0.2772768438 -0.8153976202 -0.8398684263 -0.3692060709 0.3978793025
39.3 -130.1 1967.9 0.7437840700 0.1029457599 -0.6604448557 0.0344978720 0.9808396697 0.1917378157 0.6675291061 -0.1653954834 0.7259815335
-0.7 -510.9 2032.1 0.7397418618 0.1599052995 -0.6536147594 0.0083736610 0.9690906405 0.2465627939 0.6728386879 -0.1878659576 0.7155379057
191.0 -140.7 2062.6 0.8880797029 0.2012925744 0.4132744670 -0.2147565782 0.9765648842 -0.0141656715 -0.4064407647 -0.0761731640 0.9104963541
112.9 -519.8 2092.2 0.8896237612 -0.0681467950 0.4515812099 -0.0487369932 0.9689913392 0.2422404587 -0.4540862143 -0.2375115752 0.8587164879
113.9 266.2 1760.4 0 0 0 0 0 0 0 0 0
259.9 -55.4 2067.1 0 0 0 0 0 0 0 0 0
-60.3 -872.0 2102.1 0 0 0 0 0 0 0 0 0
138.3 -881.2 2180.8 0 0 0 0 0 0 0 0 0
79.3 433.0 2142.3 4 0.8442636132 -0.0720026270 -0.5310692787 -0.0686008036 0.9682628512 -0.2403351665 0.5315194130 0.2393380105 0.8125296235
93.3 245.1 2095.9 0.8442636132 -0.0720026270 -0.5310692787 -0.0686008036 0.9682628512 -0.2403351665 0.5315194130 0.2393380105 0.8125296235
106.1 55.7 2055.2 0.8434910178 -0.0659273863 -0.5330821276 -0.0577124245 0.9755708575 -0.2119687647 0.5340338945 0.2095592022 0.8190804124
-22.0 253.0 2022.9 0.3226809204 -0.6531924605 -0.6849939227 0.6206408739 0.6924216151 -0.3679092526 0.7146201134 -0.3064179122 0.6288291812
-90.7 120.7 1870.6 -0.7478787303 -0.6531924605 -0.1183937341 -0.5266966224 0.6924216151 -0.4930953085 0.4040645063 -0.3064179122 -0.8618816137
208.5 237.2 2168.8 0.4393562376 0.8915671110 0.1098825857 -0.7315456271 0.2841140330 0.6197743416 0.5213512182 -0.3526858687 0.7770492435
306.8 73.5 2285.5 -0.1761294752 0.8915671110 0.4172367454 -0.4999252558 0.2841140330 -0.8181405663 -0.8479700089 -0.3526858687 0.3956760466
39.3 -130.8 1967.6 0.7335549593 0.1068180501 -0.6711832881 0.0313358381 0.9812052846 0.1904055029 0.6789073348 -0.1607050002 0.7164207697
-2.1 -511.7 2030.0 0.7330757976 0.1452231407 -0.6644622684 0.0281094983 0.9696356654 0.2429331690 0.6795658469 -0.1967661232 0.7067342997
191.9 -140.7 2061.1 0.8933119178 0.1981832683 0.4033822417 -0.2153730541 0.9765278101 -0.0028165451 -0.3944721520 -0.0843616128 0.9150272608
114.9 -519.8 2093.8 0.8968742490 -0.0564868264 0.4386637211 -0.0496649779 0.9726754427 0.2267946601 -0.4394883513 -0.2251925170 0.8695621490
114.5 265.2 1759.7 0 0 0 0 0 0 0 0 0
262.1 -53.4 2070.3 0 0 0 0 0 0 0 0 0
-56.3 -873.3 2103.4 0 0 0 0 0 0 0 0 0
136.0 -882.7 2177.9 0 0 0 0 0 0 0 0 0
78.8 433.1 2139.1 5 0.8434081674 -0.0771029741 -0.5317121148 -0.0593486764 0.9702228308 -0.2348304987 0.5339853764 0.2296143770 0.8137179017
93.7 245.7 2094.8 0.8434081674 -0.0771029741 -0.5317121148 -0.0593486764 0.9702228308 -0.2348304987 0.5339853764 0.2296143770 0.8137179017
107.2 56.2 2055.3 0.8428244591 -0.0695673078 -0.5336734653 -0.0516005531 0.9765967727 -0.2087969929 0.5357092023 0.2035170496 0.8195098639
-21.4 252.8 2021.6 0.3412936330 -0.6536732912 -0.6754479408 0.6323603988 0.6913387775 -0.3495297134 0.6954416037 -0.3078342378 0.6493065953
-94.0 118.4 1873.8 -0.7462040186 -0.6536732912 -0.1260586083 -0.5210508704 0.6913387775 -0.5005563498 0.4143495262 -0.3078342378 -0.8564768434
208.8 238.7 2168.0 0.4409784079 0.8911738396 0.1065231040 -0.7268536687 0.2849756181 0.6248781085 0.5265185237 -0.3529844582 0.7734211087
307.5 76.0 2285.8 -0.1730802655 0.8911738396 0.4193475246 -0.5056490898 0.2849756181 -0.8143143654 -0.8451995254 -0.3529844582 0.4012976289
43.3 -128.5 1966.7 0.7310842276 0.1185676754 -0.6719059348 0.0267485827 0.9790466428 0.2018716335 0.6817626953 -0.1655576974 0.7125940323
-2.7 -508.6 2030.9 0.7312120795 0.1327534169 -0.6691079140 0.0276846401 0.9742972851 0.2235583216 0.6815881729 -0.1819925606 0.7087427378
194.5 -138.8 2062.4 0.8922882080 0.2117143124 0.3987465799 -0.2261421084 0.9740309119 -0.0111156981 -0.3907448351 -0.0802549869 0.9169937968
112.3 -517.0 2093.5 0.8947805762 -0.0800584927 0.4392702878 -0.0284706447 0.9715627432 0.2350644469 -0.4455975294 -0.2228374183 0.8670561314
112.1 262.2 1759.3 0 0 0 0 0 0 0 0 0
263.6 -52.3 2071.3 0 0 0 0 0 0 0 0 0
-52.2 -872.0 2098.8 0 0 0 0 0 0 0 0 0
142.1 -879.4 2176.6 0 0 0 0 0 0 0 0 0
78.6 434.5 2138.1 6 0.8388152719 -0.0769893229 -0.5389448404 -0.0588399060 0.9713308215 -0.2303351015 0.5412271023 0.2249200791 0.8102371097
93.5 246.3 2094.5 0.8388152719 -0.0769893229 -0.5389448404 -0.0588399060 0.9713308215 -0.2303351015 0.5412271023 0.2249200791 0.8102371097
107.0 56.6 2055.8 0.8382238150 -0.0697719157 -0.5408444405 -0.0509861931 0.9774096012 -0.2051118165 0.5429375768 0.1995052099 0.8157306314
-21.1 253.3 2020.3 0.3551319838 -0.6548841596 -0.6670892239 0.6454799175 0.6879658699 -0.3317508101 0.6761929989 -0.3127773702 0.6670332551
-96.4 116.3 1876.8 -0.7449569106 -0.6548841596 -0.1271455139 -0.5180341005 0.6879658699 -0.5082751513 0.4203331172 -0.3127773702 -0.8517572284
208.0 239.3 2168.7 0.4354154170 0.8945446014 0.1010116041 -0.7256654501 0.2823641002 0.6274393797 0.5327504873 -0.3464974165 0.7720857859
305.4 77.0 2287.9 -0.1667778194 0.8945446014 0.4146988094 -0.5083644986 0.2823641002 -0.8135330677 -0.8448376656 -0.3464974165 0.4076626599
45.2 -128.8 1967.8 0.7258147597 0.1101579815 -0.6790126562 0.0316906944 0.9806917310 0.1929751933 0.6871598363 -0.1615826190 0.7083095312
2.5 -509.5 2030.5 0.7216674089 0.1693101823 -0.6712154746 0.0065968032 0.9679022431 0.2512403429 0.6922085285 -0.1857398599 0.6973866224
196.2 -138.0 2063.8 0.8960059881 0.2157553732 0.3881016076 -0.2251321077 0.9740852714 -0.0217582304 -0.3827385008 -0.0678786263 0.9213597178
112.5 -516.2 2090.1 0.8987177610 -0.0738969147 0.4322564304 -0.0381588042 0.9687828422 0.2449565977 -0.4368641376 -0.2366412282 0.8678425550
110.6 260.2 1760.0 0 0 0 0 0 0 0 0 0
263.1 -52.1 2073.4 0 0 0 0 0 0 0 0 0
-60.7 -870.4 2099.8 0 0 0 0 0 0 0 0 0
140.1 -877.7 2178.4 0 0 0 0 0 0 0 0 0
78.1 430.5 2137.0 7 0.8467751741 -0.0818609521 -0.5256145000 -0.0520805828 0.9705834389 -0.2350647300 0.5293953419 0.2264212817 0.8176025748
93.9 243.2 2093.3 0.8467751741 -0.0818609521 -0.5256145000 -0.0520805828 0.9705834389 -0.2350647300 0.5293953419 0.2264212817 0.8176025748
107.7 53.6 2054.0 0.8464555740 -0.0712890550 -0.5276654363 -0.0480168127 0.9767389894 -0.2089863867 0.5302898884 0.2022345066 0.8233430982
-21.8 249.7 2020.9 0.3585045934 -0.6546297669 -0.6655331254 0.6382393241 0.6921520829 -0.3370105028 0.6812672615 -0.3039495647 0.6659501195
-97.4 115.0 1877.1 -0.7438420653 -0.6546297669 -0.1347547472 -0.5181093216 0.6921520829 -0.5024819970 0.4222104847 -0.3039495647 -0.8540216684
209.5 236.6 2165.7 0.4466338158 0.8879710436 0.1096616089 -0.7245632410 0.2870618105 0.6265808940 0.5249060392 -0.3593089879 0.7716026902
309.4 74.5 2283.2 -0.1770165861 0.8879710436 0.4244673848 -0.5077503324 0.2870618105 -0.8122715950 -0.8431220055 -0.3593089879 0.4000528753
45.5 -128.6 1968.4 0.7349972129 0.1110006347 -0.6689229608 0.0262591410 0.9811104536 0.1916577667 0.6775614619 -0.1584332585 0.7181986570
2.4 -509.5 2029.9 0.7345443368 0.1570480466 -0.6601367593 0.0234533232 0.9663912654 0.2560035586 0.6781553030 -0.2035283595 0.7061739564
195.6 -137.7 2065.7 0.8917809725 0.2111469656 0.4001794755 -0.2177588344 0.9755576253 -0.0294688828 -0.3966203928 -0.0608628206 0.9159628749
113.7 -516.4 2089.3 0.8952332735 -0.0519104302 0.4425638318 -0.0611431822 0.9694862366 0.2373982072 -0.4413830042 -0.2395865321 0.8647423387
109.7 259.3 1759.5 0 0 0 0 0 0 0 0 0
264.5 -54.4 2069.2 0 0 0 0 0 0 0 0 0
-56.2 -870.0 2105.8 0 0 0 0 0 0 0 0 0
133.1 -878.2 2178.7 0 0 0 0 0 0 0 0 0
78.3 432.6 2136.5 8 0.8475170732 -0.0771145970 -0.5251362920 -0.0547892749 0.9713931084 -0.2310703695 0.5279327035 0.2246079296 0.8190472126
93.2 244.3 2093.0 0.8475170732 -0.0771145970 -0.5251362920 -0.0547892749 0.9713931084 -0.2310703695 0.5279327035 0.2246079296 0.8190472126
106.9 54.5 2054.3 0.8469289541 -0.0703299642 -0.5270341635 -0.0470158719 0.9774249196 -0.2059854418 0.5296232700 0.1992340088 0.8245028853
-22.5 250.7 2020.6 0.3587321639 -0.6554518342 -0.6646007299 0.6438094378 0.6892757416 -0.3322775066 0.6758850813 -0.3086776435 0.6692514420
-98.4 114.5 1877.6 -0.7437381744 -0.6554518342 -0.1312875897 -0.5180479884 0.6892757416 -0.5064831972 0.4224686921 -0.3086776435 -0.8521961570
208.9 237.9 2165.3 0.4465859234 0.8878454566 0.1108667180 -0.7232382894 0.2852526307 0.6289334893 0.5267707109 -0.3610559106 0.7695136666
308.9 76.0 2283.2 -0.1782286167 0.8878454566 0.4242227972 -0.5102238655 0.2852526307 -0.8113584518 -0.8413715959 -0.3610559106 0.4021597803
45.7 -131.8 1967.3 0.7356208563 0.1150037348 -0.6675598025 0.0273773018 0.9796303511 0.1989341974 0.6768400073 -0.1646161377 0.7174880505
1.1 -512.1 2031.2 0.7341243625 0.1536706835 -0.6613975167 0.0177075230 0.9693903923 0.2448851019 0.6787840724 -0.1914878339 0.7089319825
197.4 -140.4 2062.3 0.8924127221 0.2074242830 0.4007176757 -0.2141858041 0.9763798118 -0.0284058917 -0.3971447349 -0.0604782552 0.9157611132
116.8 -519.4 2085.8 0.8959629536 -0.0384169146 0.4424642026 -0.0784680098 0.9668868184 0.2428427935 -0.4371420741 -0.2522974312 0.8632802963
109.4 259.2 1759.5 0 0 0 0 0 0 0 0 0
263.6 -53.5 2069.6 0 0 0 0 0 0 0 0 0
-56.3 -873.8 2102.6 0 0 0 0 0 0 0 0 0
131.2 -880.2 2179.9 0 0 0 0 0 0 0 0 0
78.9 430.4 2136.2 9 0.8488645554 -0.0785056427 -0.5227483511 -0.0538143739 0.9709384441 -0.2332006544 0.5258640647 0.2260871381 0.8199704885
94.1 242.6 2092.5 0.8488645554 -0.0785056427 -0.5227483511 -0.0538143739 0.9709384441 -0.2332006544 0.5258640647 0.2260871381 0.8199704885
107.8 52.9 2053.6 0.8483300209 -0.0707398131 -0.5247209072 -0.0468377024 0.9771229029 -0.2074537575 0.5273920298 0.2005659789 0.8256094456
-21.8 248.9 2020.4 0.3641306758 -0.6569423079 -0.6601784825 0.6425595284 0.6903218627 -0.3325251937 0.6741855145 -0.3031213582 0.6734918952
-98.7 113.2 1878.1 -0.7422345281 -0.6569423079 -0.1323433071 -0.5215948224 0.6903218627 -0.5013926625 0.4207455516 -0.3031213582 -0.8550384045
210.0 236.2 2164.5 0.4486220479 0.8866460919 0.1122363955 -0.7234249711 0.2865225971 0.6281409860 0.5247804523 -0.3629925251 0.7699622512
310.4 74.3 2282.0 -0.1799079180 0.8866460919 0.4260186553 -0.5093877912 0.2865225971 -0.8114362955 -0.8415207863 -0.3629925251 0.4000989795
44.7 -131.0 1968.2 0.7366104722 0.1159707457 -0.6663001180 0.0211309176 0.9807612300 0.1940640062 0.6759870648 -0.1570291072 0.7199884057
-0.4 -511.7 2029.1 0.7371596694 0.1522094905 -0.6583524346 0.0245925337 0.9676108956 0.2512456477 0.6752709150 -0.2013987154 0.7095404863
196.4 -139.4 2063.1 0.8914946318 0.2068786323 0.4030366242 -0.2133325338 0.9765378833 -0.0293770097 -0.3996580243 -0.0597913787 0.9147122502
116.1 -518.5 2086.3 0.8948787451 -0.0361396931 0.4448437393 -0.0829088762 0.9659064412 0.2452568114 -0.4385409355 -0.2563565969 0.8613728285
109.2 259.3 1760.2 0 0 0 0 0 0 0 0 0
264.7 -55.0 2068.4 0 0 0 0 0 0 0 0 0
-57.2 -872.9 2104.3 0 0 0 0 0 0 0 0 0
129.6 -879.0 2181.9 0 0 0 0 0 0 0 0 0
80.6 428.9 2136.1 0 0.8536391258 -0.0763918608 -0.5152325034 -0.0549274385 0.9704682827 -0.2348921895 0.5179606080 0.2288135588 0.8242336512
95.4 241.1 2091.8 0.8536391258 -0.0763918608 -0.5152325034 -0.0549274385 0.9704682827 -0.2348921895 0.5179606080 0.2288135588 0.8242336512
108.9 51.4 2052.6 0.8530249596 -0.0695092678 -0.5172203183 -0.0467298627 0.9769353271 -0.2083595544 0.5197737217 0.2019055337 0.8301020265
-21.1 247.5 2020.8 0.3666386008 -0.6589300036 -0.6568009257 0.6358920336 0.6928076744 -0.3400865793 0.6791298985 -0.2929655910 0.6730183363
-98.6 113.1 1877.3 -0.7396500707 -0.6589300036 -0.1368541420 -0.5259092450 0.6928076744 -0.4933933914 0.4199253023 -0.2929655910 -0.8589726090
212.0 234.7 2162.8 0.4536902308 0.8832129240 0.1187440008 -0.7235547900 0.2872935534 0.6276391149 0.5202245712 -0.3706715405 0.7693952322
313.5 72.8 2279.2 -0.1871100664 0.8832129240 0.4300288260 -0.5088862777 0.2872935534 -0.8114783764 -0.8402526975 -0.3706715405 0.3956994116
45.6 -132.6 1967.4 0.7426797152 0.1164865270 -0.6594374180 0.0217813514 0.9800308943 0.1976487339 0.6692924500 -0.1611531526 0.7253118753
