19.4 425.4 2175.0 5 0.7433789372 0.1991517246 -0.6385345459 -0.2076511681 0.9761903882 0.0627162382 0.6358213425 0.0859705135 0.7670334578
-22.4 220.4 2157.0 0.7433789372 0.1991517246 -0.6385345459 -0.2076511681 0.9761903882 0.0627162382 0.6358213425 0.0859705135 0.7670334578
-58.3 28.6 2151.9 0.7531424165 0.1840542108 -0.6315857172 -0.1577446163 0.9825814962 0.0982354209 0.6386650801 0.0256439801 0.7690573931
-129.5 242.8 2066.4 0.2564424872 -0.0340399593 -0.9659599066 0.9582627416 0.1396165341 0.2494790256 0.1263717115 -0.9896203876 0.0684228390
-198.1 -13.5 2032.6 -0.3778449595 -0.0340399593 -0.9252429008 0.9149036407 0.1396165341 -0.3787592053 0.1420721561 -0.9896203876 -0.0216101222
84.7 197.9 2247.5 0.8315642476 0.2817980349 -0.4786342680 -0.5500974059 0.5369552970 -0.6395872831 0.0767707899 0.7951533794 0.6015291810
206.9 117.0 2258.8 -0.1478997171 0.2817980349 0.9480060935 0.8431435227 0.5369552970 -0.0280718282 -0.5169475079 0.7951533794 -0.3170117140
-156.0 -153.9 2091.0 0.7564143538 -0.0884540528 -0.6480842233 -0.0284193661 0.9854339361 -0.1676671654 0.6534750462 0.1452439874 0.7428826094
-121.0 -543.9 2033.5 0.7537872195 0.0949535146 -0.6502220035 -0.0599437654 0.9953152537 0.0758569166 0.6543787122 -0.0182032231 0.7559478283
-22.5 -181.1 2211.0 0.7188445330 -0.0751295090 -0.6910991669 0.0488620400 0.9971446991 -0.0575760715 0.6934515238 0.0076197251 0.7204629779
7.0 -572.9 2208.1 0.7128070593 0.1270997077 -0.6897476315 -0.0067237034 0.9846359491 0.1744902432 0.7013279796 -0.1197402254 0.7027100325
-101.1 -248.3 1996.2 0 0 0 0 0 0 0 0 0
165.6 352.8 2114.3 0 0 0 0 0 0 0 0 0
-156.6 -917.0 2040.4 0 0 0 0 0 0 0 0 0
-40.7 -942.3 2253.0 0 0 0 0 0 0 0 0 0
18.3 423.7 2174.6 6 0.7265337706 0.2048099935 -0.6558975577 -0.1993164569 0.9763211012 0.0840835497 0.6575877666 0.0696416348 0.7501522303
-23.7 223.7 2160.4 0.7265337706 0.2048099935 -0.6558975577 -0.1993164569 0.9763211012 0.0840835497 0.6575877666 0.0696416348 0.7501522303
-61.4 32.1 2153.0 0.7325325012 0.1933584362 -0.6526933312 -0.1698365957 0.9804027081 0.0998298824 0.6592053175 0.0377225839 0.7510162592
-127.9 247.9 2066.7 0.2901186049 -0.0603460558 -0.9550861716 0.9493175149 0.1442758590 0.2792503834 0.1209442243 -0.9876956940 0.0991446748
-202.7 3.1 2035.5 -0.4051828980 -0.0603460558 -0.9122418165 0.9007699490 0.1442758590 -0.4096315503 0.1563341320 -0.9876956940 -0.0041001993
80.6 199.5 2254.0 0.8108497858 0.3263077140 -0.4858455658 -0.5834105015 0.5165076256 -0.6267791390 0.0464200713 0.7916710973 0.6091814041
200.1 113.5 2260.9 -0.1246659532 0.3263077140 0.9370067716 0.8537130356 0.5165076256 -0.0662871078 -0.5056011081 0.7916710973 -0.3429640532
-162.2 -145.7 2087.7 0.7348443866 -0.0969136879 -0.6712760329 -0.0201969706 0.9861726761 -0.1644856334 0.6779350042 0.1344290823 0.7227261066
-124.1 -533.9 2034.8 0.7282086611 0.1610742807 -0.6661585569 -0.0655035451 0.9838976264 0.1662972718 0.6822180152 -0.0774633661 0.7270336747
-26.5 -176.5 2203.6 0.6959775090 -0.0884838328 -0.7125909925 0.0732288435 0.9959508777 -0.0521476157 0.7143198252 -0.0158886481 0.6996389627
8.2 -567.0 2209.8 0.6868922114 0.1307783872 -0.7148958445 -0.0170981251 0.9863119721 0.1640011072 0.7265581489 -0.1004277021 0.6797260642
-98.7 -228.1 1995.4 0 0 0 0 0 0 0 0 0
165.2 352.9 2119.1 0 0 0 0 0 0 0 0 0
-184.4 -902.2 2063.8 0 0 0 0 0 0 0 0 0
-41.0 -937.7 2247.6 0 0 0 0 0 0 0 0 0
16.8 423.5 2174.0 7 0.7038452625 0.2051587850 -0.6800821424 -0.1871889532 0.9771143198 0.1010341644 0.6852459908 0.0561914332 0.7261407971
-24.6 226.0 2162.6 0.7038452625 0.2051587850 -0.6800821424 -0.1871889532 0.9771143198 0.1010341644 0.6852459908 0.0561914332 0.7261407971
-63.2 34.3 2154.9 0.7074707747 0.1969489008 -0.6787460446 -0.1695463806 0.9796377420 0.1075357571 0.6861042976 0.0390005298 0.7264570594
-125.3 250.2 2065.0 0.3129210472 -0.0718946159 -0.9470541477 0.9434415102 0.1385278255 0.3012111783 0.1095378920 -0.9877455235 0.1111766398
-205.1 9.5 2037.1 -0.4506585300 -0.0718946159 -0.8897966146 0.8789474964 0.1385278255 -0.4563566148 0.1560711712 -0.9877455235 0.0007628450
76.0 201.9 2260.2 0.8230192661 0.3648094535 -0.4353772402 -0.5680131316 0.5294030905 -0.6301535368 0.0006040820 0.7659285069 0.6429255009
200.7 115.8 2260.3 -0.1191973835 0.3648094535 0.9234208465 0.8424077034 0.5294030905 -0.1004075855 -0.5254914761 0.7659285069 -0.3704217672
-165.3 -142.7 2085.3 0.7096891999 -0.0959395543 -0.6979519129 -0.0178306866 0.9879210591 -0.1539288759 0.7042891979 0.1216866225 0.6994062066
-127.7 -530.6 2037.5 0.7011555433 0.1818820983 -0.6894199252 -0.0690331459 0.9796913862 0.1882529855 0.7096586227 -0.0844018012 0.6994719505
-33.2 -174.5 2204.6 0.6700120568 -0.1035330072 -0.7350950837 0.0762063488 0.9945879579 -0.0706214905 0.7384283543 -0.0087016635 0.6742758155
7.4 -564.2 2208.0 0.6628215909 0.1215457767 -0.7388465405 0.0030464421 0.9862913489 0.1649852693 0.7487711906 -0.1116066501 0.6533648968
-89.5 -215.9 1997.1 0 0 0 0 0 0 0 0 0
167.0 354.4 2111.5 0 0 0 0 0 0 0 0 0
-195.9 -898.3 2069.2 0 0 0 0 0 0 0 0 0
-38.3 -935.3 2250.0 0 0 0 0 0 0 0 0 0
19.8 426.9 2179.6 8 0.6775093675 0.2126674354 -0.7040977478 -0.1892774999 0.9754577279 0.1124997512 0.7107426524 0.0570502318 0.7011349201
-22.9 231.1 2168.2 0.6775093675 0.2126674354 -0.7040977478 -0.1892774999 0.9754577279 0.1124997512 0.7107426524 0.0570502318 0.7011349201
-62.9 39.7 2159.2 0.6805087328 0.2042891681 -0.7036858797 -0.1752262861 0.9778556824 0.1144293249 0.7114798427 0.0454341024 0.7012361288
-119.8 256.0 2066.9 0.3286543489 -0.0547456704 -0.9428622723 0.9376078844 0.1388655007 0.3187598288 0.1134803146 -0.9887968898 0.0969687179
-204.7 13.7 2037.6 -0.4829110205 -0.0547456704 -0.8739564419 0.8630809188 0.1388655007 -0.4856003523 0.1479469091 -0.9887968898 -0.0198097322
73.9 206.1 2269.4 0.8178905845 0.4288748205 -0.3835640848 -0.5708106160 0.5210166574 -0.6345998049 -0.0723205954 0.7379756570 0.6709408760
197.7 119.7 2258.4 -0.1087457463 0.4288748205 0.8967947364 0.8407551050 0.5210166574 -0.1472158283 -0.5303821564 0.7379756570 -0.4172370434
-165.6 -141.2 2085.0 0.6831809282 -0.0821042508 -0.7256188393 -0.0205309968 0.9911069274 -0.1314746290 0.7299605012 0.1047186404 0.6754196286
-133.4 -529.9 2043.9 0.6738775373 0.1689344496 -0.7192705870 -0.0827207267 0.9846394062 0.1537611485 0.7341977358 -0.0441175997 0.6775007844
-37.9 -172.4 2209.0 0.6429816484 -0.1136473119 -0.7574027181 0.0749801248 0.9935194254 -0.0854234621 0.7622024417 -0.0018644347 0.6473360062
6.6 -561.7 2209.7 0.6352550983 0.1211670786 -0.7627381682 -0.0050761201 0.9882497191 0.1527636945 0.7722856998 -0.0931721628 0.6284057498
-80.8 -207.8 1999.6 0 0 0 0 0 0 0 0 0
167.2 355.9 2109.5 0 0 0 0 0 0 0 0 0
-196.8 -899.8 2060.5 0 0 0 0 0 0 0 0 0
-39.0 -933.6 2244.8 0 0 0 0 0 0 0 0 0
19.4 427.8 2182.9 9 0.6669822931 0.2059241384 -0.7160515785 -0.1877429485 0.9764878154 0.1059437692 0.7210320830 0.0637710243 0.6899608970
-21.9 231.9 2170.2 0.6669822931 0.2059241384 -0.7160515785 -0.1877429485 0.9764878154 0.1059437692 0.7210320830 0.0637710243 0.6899608970
-61.7 40.4 2159.7 0.6689980626 0.2030059993 -0.7150036097 -0.1781097054 0.9777354598 0.1109520346 0.7216082811 0.0531223826 0.6902604699
-117.2 257.3 2067.4 0.3393068314 -0.0498012342 -0.9393565655 0.9338201284 0.1381746680 0.3299814761 0.1133617908 -0.9891549945 0.0933889970
-202.9 21.4 2038.8 -0.4924682975 -0.0498012342 -0.8689043522 0.8582208157 0.1381746680 -0.4943326414 0.1446789503 -0.9891549945 -0.0253061838
73.3 206.5 2272.9 0.7853118777 0.4699071348 -0.4030788243 -0.6114809513 0.4868965149 -0.6237169504 -0.0968313739 0.7362873554 0.6697048545
186.0 118.8 2259.0 -0.0613069423 0.4699071348 0.8805842996 0.8501035571 0.4868965149 -0.2006382346 -0.5230347514 0.7362873554 -0.4293198586
-164.3 -135.5 2085.9 0.6716254354 -0.0792192221 -0.7366434336 -0.0275821015 0.9909044504 -0.1317102909 0.7403772473 0.1087781563 0.6633316278
-133.2 -523.9 2043.2 0.6623785496 0.1799353063 -0.7272399068 -0.0841881931 0.9824574590 0.1664022207 0.7444239259 -0.0489962474 0.6659072042
-41.4 -167.5 2214.4 0.6308703423 -0.1244298518 -0.7658458352 0.0689466447 0.9921424389 -0.1044018790 0.7728188634 0.0130615449 0.6344922781
7.3 -556.1 2209.3 0.6233853102 0.1274470836 -0.7714583278 -0.0012310275 0.9867858887 0.1620250493 0.7819138169 -0.1000543535 0.6153047085
-76.5 -199.0 2001.6 0 0 0 0 0 0 0 0 0
168.5 362.5 2109.0 0 0 0 0 0 0 0 0 0
-200.9 -893.4 2061.7 0 0 0 0 0 0 0 0 0
-40.7 -927.6 2247.0 0 0 0 0 0 0 0 0 0
17.8 426.7 2178.6 0 0.6561033130 0.2066673040 -0.7258216143 -0.1754889041 0.9771885872 0.1196079999 0.7339836955 0.0488984324 0.6774045229
-23.5 231.1 2168.8 0.6561033130 0.2066673040 -0.7258216143 -0.1754889041 0.9771885872 0.1196079999 0.7339836955 0.0488984324 0.6774045229
-63.3 39.5 2160.8 0.6579025984 0.2027140409 -0.7253076434 -0.1668939888 0.9783899784 0.1220632419 0.7343776822 0.0407437570 0.6775170565
-117.3 254.9 2064.2 0.3456710279 -0.0694739297 -0.9357804060 0.9329615831 0.1322220713 0.3348133862 0.1004700139 -0.9887824059 0.1105218455
-202.6 24.6 2039.4 -0.5064242482 -0.0694739297 -0.8594811559 0.8492870331 0.1322220713 -0.5111054778 0.1491508782 -0.9887824059 -0.0079571474
70.2 207.4 2273.4 0.7524177432 0.4904186726 -0.4397238195 -0.6533075571 0.4704929292 -0.5931488872 -0.0840043426 0.7335706949 0.6744014621
179.6 112.3 2261.2 -0.0391355678 0.4904186726 0.8706077933 0.8527864814 0.4704929292 -0.2266970724 -0.5207912922 0.7335706949 -0.4366354346
-161.8 -134.7 2084.0 0.6617012024 -0.0656704530 -0.7468861938 -0.0347599722 0.9923987389 -0.1180527806 0.7489614487 0.1040774062 0.6543887258
-136.1 -523.5 2043.3 0.6566143036 0.1697901040 -0.7348666191 -0.0662002191 0.9835452437 0.1680961251 0.7513156533 -0.0617259853 0.6570500135
-41.0 -167.0 2214.4 0.6200361848 -0.1264955103 -0.7743087411 0.0738514438 0.9919450283 -0.1029124632 0.7810897231 0.0066256290 0.6243836880
8.6 -555.6 2211.8 0.6084946990 0.1443802118 -0.7803131342 -0.0267691873 0.9864845276 0.1616529673 0.7931063175 -0.0774766281 0.6041355133
-72.5 -193.5 2001.1 0 0 0 0 0 0 0 0 0
168.3 360.0 2109.9 0 0 0 0 0 0 0 0 0
-200.0 -893.7 2066.5 0 0 0 0 0 0 0 0 0
-45.8 -926.9 2241.0 0 0 0 0 0 0 0 0 0
21.1 430.0 2175.4 1 0.6567308903 0.2195801884 -0.7214493155 -0.1762377620 0.9748678803 0.1362824738 0.7332426906 0.0376457125 0.6789241433
-23.0 234.3 2167.9 0.6567308903 0.2195801884 -0.7214493155 -0.1762377620 0.9748678803 0.1362824738 0.7332426906 0.0376457125 0.6789241433
-62.9 42.7 2161.4 0.6598245502 0.2036080807 -0.7233085632 -0.1619578153 0.9785000086 0.1277003586 0.7337582707 0.0328856409 0.6786142588
-117.0 257.4 2063.3 0.3359580636 -0.0687928274 -0.9393613338 0.9369811416 0.1259656847 0.3258818686 0.0959089622 -0.9896464944 0.1067767739
-201.5 21.6 2039.2 -0.5268735290 -0.0687928274 -0.8471551538 0.8377832770 0.1259656847 -0.5312737823 0.1432603151 -0.9896464944 -0.0087345019
71.0 211.2 2272.4 0.7035449147 0.5188765526 -0.4855838418 -0.7078347206 0.4508827925 -0.5437598228 -0.0632028282 0.7262725234 0.6844951510
175.6 106.0 2263.0 -0.0223368667 0.5188765526 0.8545572758 0.8564524651 0.4508827925 -0.2513840199 -0.5157424808 0.7262725234 -0.4544644058
-162.4 -136.9 2086.5 0.6639634371 -0.0674790367 -0.7447141409 -0.0326390900 0.9923554659 -0.1190179586 0.7470523715 0.1033303663 0.6566852927
-136.0 -525.6 2046.0 0.6572691798 0.1749562025 -0.7330672145 -0.0734924600 0.9829246998 0.1686945558 0.7500640154 -0.0570028238 0.6589040756
-43.5 -167.1 2219.2 0.6242750883 -0.1219805405 -0.7716225386 0.0631839782 0.9923822284 -0.1057604328 0.7786452174 0.0172694214 0.6272267699
4.3 -555.8 2212.4 0.6174367070 0.1173828840 -0.7778130770 -0.0079483232 0.9896838665 0.1430476904 0.7865803838 -0.0821405873 0.6120001674
-66.2 -193.6 2002.4 0 0 0 0 0 0 0 0 0
169.1 356.9 2111.9 0 0 0 0 0 0 0 0 0
-201.8 -895.7 2067.4 0 0 0 0 0 0 0 0 0
-39.9 -928.3 2243.3 0 0 0 0 0 0 0 0 0
18.7 428.1 2174.4 2 0.6552124619 0.2168472260 -0.7236531973 -0.1731528640 0.9755232334 0.1355450451 0.7353330851 0.0364918150 0.6767227054
-24.6 233.6 2167.1 0.6552124619 0.2168472260 -0.7236531973 -0.1731528640 0.9755232334 0.1355450451 0.7353330851 0.0364918150 0.6767227054
-66.3 42.3 2160.6 0.6563271880 0.2131450921 -0.7237429023 -0.1680923998 0.9764643908 0.1351377517 0.7355131507 0.0329611003 0.6767082214
-118.1 257.5 2062.3 0.3384666145 -0.0726549327 -0.9381693006 0.9367480874 0.1204492375 0.3286258876 0.0891254842 -0.9900571704 0.1088274121
-202.3 24.4 2040.1 -0.5207547545 -0.0726549327 -0.8506090045 0.8420392275 0.1204492375 -0.5257964134 0.1406569183 -0.9900571704 -0.0015462128
69.0 209.6 2271.9 0.6758958697 0.5267202258 -0.5154905915 -0.7347455621 0.4269441962 -0.5271314979 -0.0575651042 0.7350404263 0.6755751371
169.5 100.4 2263.3 0.0036536332 0.5267202258 0.8500308394 0.8635690212 0.4269441962 -0.2682670951 -0.5042174459 0.7350404263 -0.4532993436
-162.4 -134.3 2088.7 0.6615561247 -0.0669758990 -0.7468987107 -0.0364510827 0.9919541478 -0.1212365925 0.7490091920 0.1074300781 0.6537919641
-136.1 -522.8 2046.6 0.6552150846 0.1814001352 -0.7333397269 -0.0733024627 0.9814278483 0.1772742569 0.7518776059 -0.0623971485 0.6563434005
-43.1 -163.6 2221.3 0.6223414540 -0.1163795367 -0.7740458250 0.0621009469 0.9931091666 -0.0993863493 0.7802785635 0.0137832658 0.6252802610
2.5 -552.6 2215.9 0.6159119606 0.1045769528 -0.7808431983 -0.0180543419 0.9927638173 0.1187182367 0.7876080871 -0.0590223782 0.6133432388
-68.5 -192.0 2004.0 0 0 0 0 0 0 0 0 0
170.5 351.6 2116.7 0 0 0 0 0 0 0 0 0
-204.4 -892.4 2070.1 0 0 0 0 0 0 0 0 0
-36.9 -926.2 2238.1 0 0 0 0 0 0 0 0 0
18.8 428.3 2180.3 3 0.6869373322 0.2119780332 -0.6951132417 -0.1942364722 0.9752692580 0.1054610461 0.7002779841 0.0625712201 0.7111227512
-23.3 234.7 2167.9 0.6869373322 0.2119780332 -0.6951132417 -0.1942364722 0.9752692580 0.1054610461 0.7002779841 0.0625712201 0.7111227512
-64.6 43.7 2156.5 0.6878286600 0.2102518976 -0.6947559714 -0.1901174784 0.9759007692 0.1071120426 0.7005333900 0.0584105253 0.7112250924
-121.2 261.7 2068.2 0.3134435713 -0.0489691161 -0.9483433962 0.9431118965 0.1326555908 0.3048646152 0.1108741015 -0.9899517894 0.0877633989
-200.2 24.0 2040.3 -0.5167818666 -0.0489691161 -0.8547154665 0.8447958827 0.1326555908 -0.5183844566 0.1387676150 -0.9899517894 -0.0271850955
74.6 207.7 2267.6 0.6158402562 0.5348300338 -0.5785305500 -0.7878292203 0.4255953431 -0.4451895356 0.0081191640 0.7299489379 0.6834535003
164.9 92.3 2268.8 0.0205903817 0.5348300338 0.8447087407 0.8570650220 0.4255953431 -0.2903586328 -0.5147966146 0.7299489379 -0.4496209621
-167.4 -133.7 2087.7 0.6902961135 -0.0738607123 -0.7197470665 -0.0198018365 0.9924744964 -0.1208396778 0.7232559323 0.0976674780 0.6836387515
-138.5 -522.4 2049.4 0.6795223951 0.1794229448 -0.7113766074 -0.0879054889 0.9825605750 0.1638515443 0.7283693552 -0.0488068908 0.6834442019
-48.7 -164.1 2220.6 0.6504410505 -0.1282912046 -0.7486439943 0.0731345490 0.9916312695 -0.1063895002 0.7560276389 0.0144483559 0.6543802023
1.5 -552.5 2215.0 0.6439722776 0.1037239060 -0.7579848766 -0.0108679738 0.9919069409 0.1265009195 0.7649716139 -0.0732253268 0.6398878098
-67.4 -193.1 2004.6 0 0 0 0 0 0 0 0 0
170.8 341.0 2119.4 0 0 0 0 0 0 0 0 0
-206.0 -892.4 2067.8 0 0 0 0 0 0 0 0 0
-37.5 -925.9 2242.5 0 0 0 0 0 0 0 0 0
18.9 429.3 2183.3 4 0.7092425227 0.2118151039 -0.6723908186 -0.2043069750 0.9746194482 0.0915180817 0.6747100949 0.0724656135 0.7345168591
-23.1 236.2 2168.9 0.7092425227 0.2118151039 -0.6723908186 -0.2043069750 0.9746194482 0.0915180817 0.6747100949 0.0724656135 0.7345168591
-64.0 45.1 2155.9 0.7106603384 0.2084692866 -0.6719393134 -0.1977273375 0.9757768512 0.0936133936 0.6751782894 0.0663334355 0.7346659899
-124.2 264.3 2072.8 0.3094615042 -0.0276457127 -0.9505100250 0.9421414137 0.1443616599 0.3025380969 0.1288533360 -0.9891387224 0.0707205459
-201.4 29.2 2040.7 -0.5156883597 -0.0276457127 -0.8563300967 0.8456174135 0.1443616599 -0.5138977170 0.1378283054 -0.9891387224 -0.0510679372
78.1 208.1 2265.0 0.5130242705 0.5828613043 -0.6301419139 -0.8573282361 0.3841623366 -0.3426479101 0.0423605591 0.7160251141 0.6967880726
154.0 81.3 2271.3 0.0588920116 0.5828613043 0.8104346991 0.8588950038 0.3841623366 -0.3387014568 -0.5087544918 0.7160251141 -0.4779925942
-168.0 -130.2 2081.8 0.7113734484 -0.0803978667 -0.6982005239 -0.0038661363 0.9929727316 -0.1182800010 0.7028035522 0.0868405923 0.7060636282
-136.5 -519.2 2047.8 0.6968566179 0.1985023022 -0.6891934872 -0.0884442106 0.9773856997 0.1920801401 0.7117362618 -0.0728971362 0.6986541152
-43.8 -164.5 2208.2 0.6705053449 -0.1108695641 -0.7335737944 0.0940977708 0.9934943318 -0.0641451851 0.7359131575 -0.0260179732 0.6765758395
-0.4 -553.2 2218.4 0.6625608802 0.1042161658 -0.7417223454 -0.0364861675 0.9935879707 0.1070125774 0.7481188774 -0.0438397452 0.6621149778
-68.9 -188.1 2005.3 0 0 0 0 0 0 0 0 0
171.3 334.1 2121.6 0 0 0 0 0 0 0 0 0
-211.2 -887.1 2075.2 0 0 0 0 0 0 0 0 0
-39.6 -927.2 2234.9 0 0 0 0 0 0 0 0 0
17.7 429.4 2184.8 5 0.7109339833 0.2154020071 -0.6694586277 -0.2115691900 0.9733476639 0.0885033309 0.6706797481 0.0787167847 0.7375583649
-24.9 236.9 2169.2 0.7109339833 0.2154020071 -0.6694586277 -0.2115691900 0.9733476639 0.0885033309 0.6706797481 0.0787167847 0.7375583649
-66.4 46.0 2155.1 0.7125918865 0.2112816870 -0.6690088511 -0.2039996386 0.9747736454 0.0905568302 0.6712651849 0.0719475001 0.7377171516
-126.4 265.9 2073.6 0.3015400469 -0.0399988964 -0.9526141286 0.9445940256 0.1484191120 0.2927694321 0.1296756864 -0.9881153107 0.0825370252
-201.4 31.2 2041.4 -0.5185922980 -0.0399988964 -0.8540855646 0.8422037363 0.1484191120 -0.5183286667 0.1474951953 -0.9881153107 -0.0432817899
76.6 207.9 2264.8 0.4521696866 0.5923031569 -0.6668729782 -0.8898205757 0.3509746790 -0.2916094661 0.0613343194 0.7252542377 0.6857436299
145.6 72.1 2274.2 0.1004547700 0.5923031569 0.7994284034 0.8609455228 0.3509746790 -0.3682249486 -0.4986799359 0.7252542377 -0.4746836722
-169.1 -128.1 2082.0 0.7128195167 -0.0815898627 -0.6965855360 0.0033762159 0.9935979247 -0.1129235178 0.7013393641 0.0781422704 0.7085314989
-137.1 -517.3 2051.4 0.6928720474 0.2081964612 -0.6903495789 -0.1144606099 0.9770261645 0.1797738969 0.7119178772 -0.0455424823 0.7007844448
-40.7 -163.7 2203.9 0.6727361679 -0.0979411229 -0.7333713770 0.0941940397 0.9944717288 -0.0464047864 0.7338620424 -0.0378610343 0.6782426238
-2.4 -553.0 2218.7 0.6664490104 0.0920611545 -0.7398449183 -0.0312716961 0.9949253798 0.0956321955 0.7448945045 -0.0405977778 0.6659459472
-68.1 -185.3 2003.5 0 0 0 0 0 0 0 0 0
175.4 327.5 2126.2 0 0 0 0 0 0 0 0 0
-215.5 -885.0 2068.5 0 0 0 0 0 0 0 0 0
-37.0 -927.6 2234.0 0 0 0 0 0 0 0 0 0
16.7 430.0 2185.5 6 0.7351126671 0.2107274085 -0.6443627477 -0.2181750685 0.9734358191 0.0694428012 0.6418792605 0.0895356014 0.7615604997
-25.0 237.1 2167.8 0.7351126671 0.2107274085 -0.6443627477 -0.2181750685 0.9734358191 0.0694428012 0.6418792605 0.0895356014 0.7615604997
-65.7 46.2 2152.0 0.7368880510 0.2073166519 -0.6434406042 -0.2099006623 0.9749379754 0.0737404451 0.6426023245 0.0807201639 0.7619360089
-130.0 266.9 2076.3 0.2943736315 -0.0085769203 -0.9556519389 0.9444603920 0.1554552019 0.2895310521 0.1460777819 -0.9878057241 0.0538624749
-201.1 38.6 2041.0 -0.5120344758 -0.0085769203 -0.8589220643 0.8478277922 0.1554552019 -0.5069730878 0.1378721744 -0.9878057241 -0.0723266751
79.9 207.2 2259.3 0.3857176900 0.5846359134 -0.7137385607 -0.9119693637 0.3587872982 -0.1989562809 0.1397633404 0.7276486158 0.6715606451
137.3 71.5 2280.1 0.1304574907 0.5846359134 0.8007382154 0.8436502218 0.3587872982 -0.3994069993 -0.5208023787 0.7276486158 -0.4464217424
-172.2 -126.4 2080.4 0.7362107635 -0.0742790699 -0.6726635695 0.0044791689 0.9944713712 -0.1049124673 0.6767374873 0.0742247105 0.7324732542
-143.1 -516.0 2051.3 0.7232374549 0.1728710979 -0.6686128378 -0.0876379609 0.9833101630 0.1594388336 0.6850161552 -0.0567162707 0.7263168097
-43.4 -163.3 2201.7 0.6951959133 -0.1042668298 -0.7112179995 0.1068713218 0.9934199452 -0.0411747694 0.7108312845 -0.0473842733 0.7017646432
-2.6 -552.3 2220.2 0.6899337769 0.0864019021 -0.7186974883 -0.0360844620 0.9957217574 0.0850655064 0.7229725718 -0.0327557512 0.6900997758
-69.5 -179.2 2005.6 0 0 0 0 0 0 0 0 0
175.0 315.2 2129.6 0 0 0 0 0 0 0 0 0
-208.1 -886.0 2072.7 0 0 0 0 0 0 0 0 0
-35.1 -927.2 2232.6 0 0 0 0 0 0 0 0 0
16.9 430.8 2185.9 7 0.6765583754 0.2086729854 -0.7062041759 -0.2030905336 0.9746911526 0.0934419632 0.7078297734 0.0802044421 0.7018149495
-24.5 237.3 2170.0 0.6765583754 0.2086729854 -0.7062041759 -0.2030905336 0.9746911526 0.0934419632 0.7078297734 0.0802044421 0.7018149495
-65.0 46.2 2155.9 0.6781559587 0.2063877881 -0.7053428888 -0.1955829114 0.9758294225 0.0974895582 0.7084150314 0.0718398914 0.7021304965
-120.7 265.0 2069.5 0.3466736376 -0.0362570025 -0.9372848272 0.9303869605 0.1402278692 0.3386979103 0.1191532910 -0.9894551635 0.0823463500
-203.6 42.5 2041.0 -0.5056037903 -0.0362570025 -0.8620036244 0.8514626622 0.1402278692 -0.5053191781 0.1391982883 -0.9894551635 -0.0400282629
71.7 209.6 2270.5 0.3501866162 0.6134958267 -0.7078080177 -0.9286155701 0.3263312578 -0.1765816063 0.1226478145 0.7191180587 0.6839786172
127.2 62.5 2289.9 0.1776137054 0.6134958267 0.7694649100 0.8302731514 0.3263312578 -0.4518344700 -0.5282990336 0.7191180587 -0.4514082074
-172.9 -125.8 2078.1 0.6772873402 -0.0776377171 -0.7316107154 0.0033551590 0.9947320819 -0.1024538428 0.7357109189 0.0669360235 0.6739799976
-142.5 -515.5 2051.9 0.6655619740 0.1732687354 -0.7259511948 -0.0755285844 0.9833214879 0.1654517651 0.7425110340 -0.0552883446 0.6675481796
-39.8 -163.7 2194.2 0.6342138052 -0.0926160812 -0.7675904632 0.1100323200 0.9935059547 -0.0289615523 0.7652879953 -0.0660919398 0.6402859688
-3.5 -552.7 2220.0 0.6288178563 0.0825693905 -0.7731561661 -0.0222307388 0.9958483577 0.0882713124 0.7772347927 -0.0383187421 0.6280427575
-73.7 -176.3 2005.2 0 0 0 0 0 0 0 0 0
178.8 303.9 2136.3 0 0 0 0 0 0 0 0 0
-207.7 -885.7 2072.7 0 0 0 0 0 0 0 0 0
-34.6 -927.8 2234.5 0 0 0 0 0 0 0 0 0
16.8 431.4 2186.1 8 0.6528239846 0.1944871843 -0.7321171761 -0.1854191869 0.9781053066 0.0944969803 0.7344661951 0.0740586892 0.6745922565
-22.1 235.8 2171.3 0.6528239846 0.1944871843 -0.7321171761 -0.1854191869 0.9781053066 0.0944969803 0.7344661951 0.0740586892 0.6745922565
-59.3 43.9 2158.9 0.6549428701 0.1897806078 -0.7314596176 -0.1746233404 0.9797614813 0.0978474021 0.7352254987 0.0636454597 0.6748279333
-115.1 260.6 2066.8 0.3660475910 -0.0489077941 -0.9293100834 0.9245132804 0.1331048161 0.3571531177 0.1062280685 -0.9898945093 0.0939386040
-202.7 39.3 2041.4 -0.5098299980 -0.0489077941 -0.8588837981 0.8489160538 0.1331048161 -0.5114925504 0.1393375397 -0.9898945093 -0.0263422132
71.0 211.0 2275.8 0.2754730284 0.6362017989 -0.7206676602 -0.9513280392 0.2881650329 -0.1092516258 0.1381651312 0.7156872153 0.6846182942
116.7 53.1 2298.7 0.2218639255 0.6362017989 0.7389341593 0.8201149106 0.2881650329 -0.4943404198 -0.5274352431 0.7156872153 -0.4578251541
-166.6 -127.3 2078.1 0.6531646848 -0.0628164858 -0.7546058297 -0.0120814629 0.9955617189 -0.0933320001 0.7571195364 0.0700779110 0.6495068669
-142.0 -517.3 2050.6 0.6449153423 0.1813319623 -0.7424304485 -0.0611164235 0.9805699587 0.1864063591 0.7618064284 -0.0748416260 0.6434669495
-44.5 -162.5 2205.6 0.6088891029 -0.1020519510 -0.7866635323 0.0903115794 0.9941603541 -0.0590675324 0.7880976200 -0.0350792482 0.6145498753
-4.6 -551.6 2219.3 0.6050176620 0.0695991442 -0.7931643128 -0.0040221461 0.9964266419 0.0843670964 0.7962018847 -0.0478533618 0.6031356454
-71.7 -178.9 2005.6 0 0 0 0 0 0 0 0 0
181.4 292.1 2145.0 0 0 0 0 0 0 0 0 0
-210.2 -886.4 2078.8 0 0 0 0 0 0 0 0 0
-30.8 -926.9 2237.3 0 0 0 0 0 0 0 0 0
18.3 432.1 2186.2 9 0.6479650736 0.1942701638 -0.7364783883 -0.1800049692 0.9785934687 0.0997647494 0.7400942445 0.0679256991 0.6690639853
-20.5 236.7 2172.6 0.6479650736 0.1942701638 -0.7364783883 -0.1800049692 0.9785934687 0.0997647494 0.7400942445 0.0679256991 0.6690639853
-57.2 44.6 2161.4 0.6504337192 0.1869263053 -0.7362027764 -0.1673164666 0.9806975126 0.1011812165 0.7409056425 0.0573671721 0.6691545248
-113.1 260.5 2067.2 0.3703674078 -0.0500675328 -0.9275349975 0.9231479168 0.1306520700 0.3615631461 0.1030817926 -0.9901632667 0.0946090072
-203.1 36.2 2042.1 -0.5218146443 -0.0500675328 -0.8515883088 0.8419085145 0.1306520700 -0.5235647559 0.1374753714 -0.9901632667 -0.0260238796
72.0 212.9 2278.1 0.2211379856 0.6324287057 -0.7423826456 -0.9637020826 0.2584679127 -0.0668773875 0.1495869160 0.7302248478 0.6666299105
109.1 51.5 2303.1 0.2688146830 0.6324287057 0.7264795899 0.8108746409 0.2584679127 -0.5250492096 -0.5198278427 0.7302248478 -0.4433403909
-155.6 -132.2 2080.2 0.6495367289 -0.0332706049 -0.7596019506 -0.0333911143 0.9968300462 -0.0722139999 0.7595966458 0.0722696036 0.6463667750
-142.5 -522.5 2051.9 0.6425557137 0.1856675148 -0.7434041500 -0.0730964914 0.9806271195 0.1817342937 0.7627444267 -0.0624341816 0.6436792016
-37.5 -163.6 2212.7 0.6065489054 -0.0834984630 -0.7906493545 0.0642287061 0.9963654876 -0.0559503883 0.7924475670 -0.0168457404 0.6097074151
-4.8 -553.7 2219.3 0.6028321981 0.0759148523 -0.7942482829 -0.0020617549 0.9956080914 0.0935961157 0.7978653312 -0.0547852032 0.6003411412
-69.0 -180.2 2006.8 0 0 0 0 0 0 0 0 0
186.0 283.6 2154.3 0 0 0 0 0 0 0 0 0
-212.4 -891.7 2075.4 0 0 0 0 0 0 0 0 0
-33.4 -928.6 2240.0 0 0 0 0 0 0 0 0 0
18.0 431.9 2186.2 0 0.6344223619 0.1845258772 -0.7506387234 -0.1707648933 0.9805533886 0.0967181772 0.7538883090 0.0668225586 0.6535955667
-18.8 236.1 2172.9 0.6344223619 0.1845258772 -0.7506387234 -0.1707648933 0.9805533886 0.0967181772 0.7538883090 0.0668225586 0.6535955667
-55.7 44.0 2162.4 0.6358489394 0.1880472600 -0.7485548258 -0.1632553339 0.9806890488 0.1076877117 0.7543499470 0.0537324511 0.6542698145
-109.3 259.3 2065.5 0.3797787428 -0.0640434623 -0.9228578210 0.9205440283 0.1248047650 0.3701654971 0.0914703682 -0.9901122451 0.1063530222
-202.2 34.3 2043.1 -0.5268380046 -0.0640434623 -0.8475494981 0.8383968472 0.1248047650 -0.5305793881 0.1397583485 -0.9901122451 -0.0120580550
71.7 212.9 2280.3 0.1704223305 0.6235282421 -0.7629998326 -0.9672857523 0.2535346448 -0.0088611878 0.1879216880 0.7395489812 0.6463379264
101.4 44.4 2313.0 0.3040775359 0.6235282421 0.7202425599 0.7928245068 0.2535346448 -0.5542106628 -0.5281724334 0.7395489812 -0.4172542989
-152.5 -132.3 2083.3 0.6354287267 -0.0135079976 -0.7720413804 -0.0520316698 0.9968253374 -0.0602655932 0.7704044580 0.0784650892 0.6327086091
-147.2 -522.6 2052.6 0.6338453889 0.1584695429 -0.7570517659 -0.0620920248 0.9860525131 0.1544181705 0.7709634304 -0.0508703664 0.6348446012
-35.1 -162.5 2217.1 0.5928439498 -0.0825380608 -0.8010764718 0.0526434369 0.9965782166 -0.0637221262 0.8035948277 -0.0043941401 0.5951604843
-2.8 -552.7 2218.8 0.5882035494 0.0914217085 -0.8035288453 -0.0109334886 0.9943979383 0.1051342934 0.8086389899 -0.0530549921 0.5859079361
-66.8 -181.2 2007.2 0 0 0 0 0 0 0 0 0
187.7 269.4 2163.2 0 0 0 0 0 0 0 0 0
-206.9 -893.8 2071.8 0 0 0 0 0 0 0 0 0
-37.2 -927.2 2238.8 0 0 0 0 0 0 0 0 0
18.2 431.3 2186.8 1 0.6126667857 0.1953859925 -0.7658091784 -0.1770363003 0.9782654047 0.1079578325 0.7702580690 0.0694338381 0.6339411736
-20.6 236.7 2172.9 0.6126667857 0.1953859925 -0.7658091784 -0.1770363003 0.9782654047 0.1079578325 0.7702580690 0.0694338381 0.6339411736
-58.9 44.9 2161.6 0.6144596338 0.1951243877 -0.7644382119 -0.1680501252 0.9790676236 0.1148293540 0.7708427310 0.0579059348 0.6343882084
-108.1 260.6 2063.2 0.3786042929 -0.0733533204 -0.9226472974 0.9219149351 0.1182541475 0.3689021766 0.0820466727 -0.9902703166 0.1123970449
-201.3 33.8 2043.0 -0.5287163854 -0.0733533204 -0.8456230164 0.8373144269 0.1182541475 -0.5337795019 0.1391529292 -0.9902703166 -0.0011031181
66.8 212.8 2282.7 0.1499122232 0.5825498104 -0.7988504767 -0.9621338844 0.2719958723 0.0177949667 0.2276504934 0.7659333944 0.6012663841
93.7 40.5 2323.5 0.3343243301 0.5825498104 0.7408528924 0.7787497044 0.2719958723 -0.5653026700 -0.5308259130 0.7659333944 -0.3627256453
-150.0 -133.3 2083.7 0.6145632267 -0.0113545004 -0.7887858748 -0.0538880713 0.9969564676 -0.0563366711 0.7870248556 0.0771285892 0.6120809317
-145.5 -523.7 2053.5 0.6124958992 0.1656056345 -0.7729317546 -0.0664890707 0.9851364493 0.1583837867 0.7876725197 -0.0456179045 0.6144030094
-35.1 -162.8 2220.0 0.5726536512 -0.0805291086 -0.8158326149 0.0406710058 0.9967289567 -0.0698369965 0.8187879324 0.0068116761 0.5740556717
-3.6 -553.1 2217.3 0.5691835284 0.0860793367 -0.8176921606 -0.0070006419 0.9949759245 0.0998691469 0.8221806884 -0.0511195064 0.5669265389
-65.4 -181.4 2007.2 0 0 0 0 0 0 0 0 0
188.2 260.5 2173.5 0 0 0 0 0 0 0 0 0
-207.9 -894.7 2070.7 0 0 0 0 0 0 0 0 0
-36.0 -927.8 2236.6 0 0 0 0 0 0 0 0 0
18.8 431.5 2186.5 2 0.6134939194 0.1999495029 -0.7639669180 -0.1788111925 0.9774610400 0.1122342646 0.7691890597 0.0677507892 0.6354196072
-21.0 236.9 2173.0 0.6134939194 0.1999495029 -0.7639669180 -0.1788111925 0.9774610400 0.1122342646 0.7691890597 0.0677507892 0.6354196072
-59.1 45.1 2161.9 0.6158753037 0.1942951828 -0.7635096312 -0.1669917107 0.9792868495 0.1145036593 0.7699424624 0.0569798127 0.6355642676
-108.7 260.6 2063.3 0.3767405748 -0.0706889629 -0.9236176610 0.9225825071 0.1180976257 0.3672797680 0.0831144229 -0.9904827476 0.1097085699
-201.1 34.5 2043.0 -0.5290387869 -0.0706889629 -0.8456482887 0.8373677731 0.1180976257 -0.5337303877 0.1375979036 -0.9904827476 -0.0032855612
66.7 213.1 2282.7 0.1134022921 0.5073700547 -0.8542339206 -0.9605268240 0.2758084238 0.0363026895 0.2540238202 0.8163977861 0.5186198354
86.9 42.1 2327.9 0.4090397060 0.5073700547 0.7584604025 0.7567789555 0.2758084238 -0.5926342010 -0.5098746419 0.8163977861 -0.2711503506
-152.6 -131.6 2080.6 0.6156054735 -0.0227457918 -0.7877261639 -0.0361293033 0.9977176785 -0.0570442826 0.7872259021 0.0635767728 0.6133786440
-143.7 -522.4 2055.7 0.6083133221 0.1780270040 -0.7734735012 -0.0797857270 0.9832996726 0.1635727137 0.7896766067 -0.0377913117 0.6123582721
-41.6 -162.0 2219.9 0.5730165839 -0.1061600074 -0.8126389384 0.0516329184 0.9942812920 -0.0934811160 0.8179156780 0.0116073089 0.5752210617
-0.0 -551.3 2215.3 0.5688134432 0.1042741165 -0.8158297539 0.0059258365 0.9913852215 0.1308441162 0.8224452138 -0.0792603716 0.5632953644
-65.1 -180.8 2007.6 0 0 0 0 0 0 0 0 0
202.0 254.9 2184.5 0 0 0 0 0 0 0 0 0
-210.7 -892.6 2069.9 0 0 0 0 0 0 0 0 0
-39.3 -924.5 2245.2 0 0 0 0 0 0 0 0 0
19.4 431.8 2186.4 3 0.6162258387 0.1991702914 -0.7619690895 -0.1794387400 0.9775543809 0.1104047373 0.7668555379 0.0686925277 0.6381331086
-20.4 236.8 2172.7 0.6162258387 0.1991702914 -0.7619690895 -0.1794387400 0.9775543809 0.1104047373 0.7668555379 0.0686925277 0.6381331086
-57.9 44.9 2161.1 0.6186287403 0.1914799958 -0.7619933486 -0.1673996300 0.9797014594 0.1102831289 0.7676430345 0.0593331009 0.6381251812
-108.5 260.6 2063.3 0.3782872558 -0.0766184777 -0.9225119948 0.9220631719 0.1192978472 0.3681950271 0.0818431452 -0.9898977876 0.1157759354
-201.4 34.2 2043.2 -0.5298156142 -0.0766184777 -0.8446449041 0.8361781240 0.1192978472 -0.5353262424 0.1417801976 -0.9898977876 0.0008608371
67.8 212.9 2282.1 0.0925022736 0.4118897319 -0.9065264463 -0.9503145218 0.3082923889 0.0431054272 0.2972298861 0.8574978709 0.4199425578
84.3 43.1 2335.2 0.4540152848 0.4118897319 0.7900740504 0.7464770079 0.3082923889 -0.5896845460 -0.4864588082 0.8574978709 -0.1674967855
-152.8 -131.7 2081.1 0.6180389524 -0.0251696706 -0.7857444286 -0.0376819931 0.9973900318 -0.0615886264 0.7852438688 0.0676725879 0.6154775023
-142.9 -522.3 2054.6 0.6112731695 0.1836245805 -0.7698227763 -0.0764614642 0.9818632007 0.1734884679 0.7877174020 -0.0471870713 0.6142268777
-41.5 -161.8 2220.3 0.5755323768 -0.1065309718 -0.8108105063 0.0483041778 0.9941760898 -0.0963356197 0.8163511753 0.0162787307 0.5773264170
0.3 -551.2 2213.9 0.5720626712 0.0964692384 -0.8145170212 0.0076845312 0.9923852682 0.1229325905 0.8201739192 -0.0765843242 0.5669652820
-65.2 -180.7 2006.8 0 0 0 0 0 0 0 0 0
212.0 253.0 2198.4 0 0 0 0 0 0 0 0 0
-212.1 -892.1 2072.4 0 0 0 0 0 0 0 0 0
-36.1 -924.8 2242.7 0 0 0 0 0 0 0 0 0
19.8 431.3 2186.8 4 0.6150086522 0.2007313967 -0.7625426054 -0.1829512268 0.9769905210 0.1096280888 0.7670027018 0.0720858872 0.6375817060
-20.3 236.3 2172.4 0.6150086522 0.2007313967 -0.7625426054 -0.1829512268 0.9769905210 0.1096280888 0.7670027018 0.0720858872 0.6375817060
-57.9 44.4 2160.4 0.6177580953 0.1921338141 -0.7625349760 -0.1692594141 0.9794511795 0.1096662134 0.7679363489 0.0613190308 0.6375843287
-108.3 260.4 2063.0 0.3854110837 -0.0761823952 -0.9195947647 0.9192746878 0.1180499345 0.3754972816 0.0799518228 -0.9900810122 0.1155302972
-202.5 35.8 2043.5 -0.5263233185 -0.0761823952 -0.8468648195 0.8385983706 0.1180499345 -0.5318053365 0.1404865384 -0.9900810122 0.0017539960
67.7 212.1 2281.9 0.0847518593 0.3233444095 -0.9424784184 -0.9508962035 0.3088339269 0.0204455685 0.2976802588 0.8944663405 0.3336412311
83.1 39.3 2336.0 0.4822089076 0.3233444095 0.8142008185 0.7595322728 0.3088339269 -0.5724790692 -0.4365607500 0.8944663405 -0.0966680422
-151.3 -131.9 2080.1 0.6171974540 -0.0178074557 -0.7866067886 -0.0373125486 0.9979566336 -0.0518687069 0.7859230638 0.0613635369 0.6152718067
-144.3 -522.7 2056.0 0.6110255122 0.1771826893 -0.7715271115 -0.0739600286 0.9831438065 0.1672068238 0.7881482840 -0.0451054648 0.6138303876
-39.4 -162.1 2218.8 0.5748060346 -0.1009346992 -0.8120407462 0.0460482165 0.9947807789 -0.0910534412 0.8169929981 0.0149450423 0.5764539242
0.1 -551.7 2213.0 0.5725427270 0.0971184596 -0.8141024709 0.0211116560 0.9908837676 0.1330550313 0.8196030259 -0.0933667496 0.5652729869
-67.2 -179.7 2007.4 0 0 0 0 0 0 0 0 0
218.6 252.7 2213.3 0 0 0 0 0 0 0 0 0
-211.0 -893.0 2073.0 0 0 0 0 0 0 0 0 0
-36.5 -924.9 2248.1 0 0 0 0 0 0 0 0 0
20.2 430.8 2186.6 5 0.6059913635 0.2055228651 -0.7684626579 -0.1858791113 0.9758880138 0.1144182757 0.7734490633 0.0735046640 0.6295821071
-20.7 236.4 2171.9 0.6059913635 0.2055228651 -0.7684626579 -0.1858791113 0.9758880138 0.1144182757 0.7734490633 0.0735046640 0.6295821071
-59.2 44.7 2159.6 0.6088895798 0.1964726597 -0.7685388327 -0.1717885435 0.9785099626 0.1140478477 0.7744302154 0.0625836179 0.6295562983
-107.5 260.8 2061.5 0.3837143183 -0.0659447536 -0.9210942388 0.9201034904 0.1121653244 0.3752712309 0.0785676688 -0.9914990067 0.1037154421
-202.0 34.2 2042.2 -0.5329003930 -0.0659447536 -0.8436044455 0.8361272812 0.1121653244 -0.5369451046 0.1300318837 -0.9914990067 -0.0046347356
66.0 211.9 2282.3 0.0837688595 0.2468396127 -0.9654288888 -0.9456266165 0.3252522647 0.0011094298 0.3142817914 0.9128423333 0.2606641054
81.4 39.0 2339.7 0.5095781088 0.2468396127 0.8242574930 0.7576702833 0.3252522647 -0.5658150911 -0.4077571929 0.9128423333 -0.0212815981
-151.4 -132.1 2079.0 0.6086736321 -0.0245604385 -0.7930404544 -0.0324201845 0.9979161024 -0.0557885394 0.7927580476 0.0596675314 0.6066089869
-141.8 -523.0 2055.6 0.6005658507 0.1929782331 -0.7759382129 -0.0767828822 0.9798722267 0.1842683405 0.7958800793 -0.0510864928 0.6032952070
-39.7 -162.7 2217.8 0.5661658645 -0.1066790372 -0.8173590302 0.0473284125 0.9941612482 -0.0969713777 0.8229315281 0.0162175782 0.5679090619
2.1 -552.1 2211.5 0.5636764765 0.1065421700 -0.8190956116 0.0225820690 0.9892879725 0.1442198902 0.8256869316 -0.0997902304 0.5552324057
-65.1 -180.7 2008.8 0 0 0 0 0 0 0 0 0
224.6 252.0 2225.1 0 0 0 0 0 0 0 0 0
-214.5 -892.0 2074.9 0 0 0 0 0 0 0 0 0
-38.1 -924.7 2249.1 0 0 0 0 0 0 0 0 0
20.6 429.4 2186.9 6 0.6001257896 0.2068224102 -0.7727053165 -0.1904266924 0.9751627445 0.1131162718 0.7769084573 0.0792597309 0.6246048212
-20.6 235.0 2171.1 0.6001257896 0.2068224102 -0.7727053165 -0.1904266924 0.9751627445 0.1131162718 0.7769084573 0.0792597309 0.6246048212
-59.1 43.4 2157.7 0.6032251120 0.1962849945 -0.7730405331 -0.1754082143 0.9781622887 0.1114921346 0.7780433297 0.0683427975 0.6244820952
-106.6 260.0 2060.2 0.3949950933 -0.0568776689 -0.9169208407 0.9156664610 0.1051932499 0.3879294693 0.0743893534 -0.9928238988 0.0936317891
-203.0 36.5 2042.1 -0.5271557570 -0.0568776689 -0.8478630185 0.8413464427 0.1051932499 -0.5301608443 0.1193437800 -0.9928238988 -0.0075994041
65.3 210.0 2282.0 0.0754459128 0.1947859079 -0.9779398441 -0.9370066524 0.3493009210 -0.0027143045 0.3410665989 0.9165409803 0.2088690102
79.2 37.6 2344.7 0.5357332826 0.1947859079 0.8216132522 0.7448523045 0.3493009210 -0.5684926510 -0.3977245986 0.9165409803 0.0420453921
-152.7 -131.4 2077.4 0.6025936007 -0.0273641292 -0.7975789309 -0.0238000713 0.9983512163 -0.0522340536 0.7976932526 0.0504583418 0.6009487510
-142.0 -522.5 2057.6 0.5925806165 0.1908590794 -0.7825733423 -0.0804423466 0.9806889892 0.1782642156 0.8014844060 -0.0426838808 0.5964904428
-42.7 -162.5 2217.4 0.5590865016 -0.1175807342 -0.8207296133 0.0534863696 0.9929460287 -0.1058178172 0.8273823261 0.0152634652 0.5614316463
3.4 -551.4 2211.4 0.5550237298 0.1124684960 -0.8241962790 0.0138304429 0.9894329309 0.1443300247 0.8317195177 -0.0915055871 0.5476033092
-67.5 -179.7 2011.4 0 0 0 0 0 0 0 0 0
229.9 247.2 2232.9 0 0 0 0 0 0 0 0 0
-213.9 -891.8 2073.7 0 0 0 0 0 0 0 0 0
-39.0 -924.0 2245.9 0 0 0 0 0 0 0 0 0
20.8 426.8 2187.1 7 0.5987761617 0.2102951854 -0.7728149891 -0.1920884252 0.9744578600 0.1163354963 0.7775404453 0.0787898898 0.6238774061
-21.2 232.3 2171.4 0.5987761617 0.2102951854 -0.7728149891 -0.1920884252 0.9744578600 0.1163354963 0.7775404453 0.0787898898 0.6238774061
-60.1 40.8 2158.2 0.6021274328 0.1986934841 -0.7732809782 -0.1760921627 0.9777372479 0.1141112968 0.7787387967 0.0674591810 0.6237107515
-107.0 257.4 2060.4 0.3990885615 -0.0525418818 -0.9154057503 0.9134455323 0.1095176339 0.3919479549 0.0796593949 -0.9925951958 0.0917013809
-203.4 36.7 2041.1 -0.5273367763 -0.0525418818 -0.8480302095 0.8410381079 0.1095176339 -0.5297742486 0.1207096055 -0.9925951958 -0.0135629540
64.6 207.2 2282.4 0.0521453321 0.1448613256 -0.9880769253 -0.9188328385 0.3945360780 0.0093516754 0.3911866844 0.9073899388 0.1536765546
74.5 33.5 2356.3 0.5546671748 0.1448613256 0.8193653226 0.7270397544 0.3945360780 -0.5619204044 -0.4046697021 0.9073899388 0.1135162562
-152.1 -132.3 2074.0 0.6017250419 -0.0284813344 -0.7981953621 -0.0193492323 0.9985508919 -0.0502170026 0.7984688878 0.0456612967 0.6003019810
-140.9 -523.4 2056.1 0.5908468366 0.1984831542 -0.7819874883 -0.0784222782 0.9788047671 0.1891855001 0.8029632568 -0.0504544079 0.5938891768
-43.0 -164.0 2214.7 0.5579216480 -0.1210100949 -0.8210237026 0.0580376759 0.9925791621 -0.1068563685 0.8278617263 0.0119671738 0.5608045459
4.4 -552.8 2210.0 0.5539669394 0.1155197695 -0.8244851828 0.0208701529 0.9880884886 0.1524650007 0.8322770000 -0.1016677022 0.5449574590
-67.9 -179.5 2010.1 0 0 0 0 0 0 0 0 0
230.6 238.1 2242.4 0 0 0 0 0 0 0 0 0
-215.6 -892.1 2075.1 0 0 0 0 0 0 0 0 0
-39.1 -924.9 2248.3 0 0 0 0 0 0 0 0 0
20.9 425.2 2186.7 8 0.5945055485 0.2104216367 -0.7760707736 -0.1915381253 0.9744291902 0.1174770594 0.7809457779 0.0788063705 0.6196073890
-21.1 230.9 2171.0 0.5945055485 0.2104216367 -0.7760707736 -0.1915381253 0.9744291902 0.1174770594 0.7809457779 0.0788063705 0.6196073890
-60.0 39.4 2157.6 0.5977227092 0.1988100559 -0.7766608596 -0.1761919260 0.9776548147 0.1146622673 0.7821022868 0.0683051273 0.6193952560
-106.3 256.0 2059.5 0.4000903070 -0.0473953299 -0.9152494073 0.9127995372 0.1099663302 0.3933248520 0.0820048526 -0.9928046465 0.0872588903
-203.3 34.7 2039.6 -0.5280313492 -0.0473953299 -0.8479012847 0.8409373164 0.1099663302 -0.5298413634 0.1183525920 -0.9928046465 -0.0182091687
64.1 205.8 2282.4 0.0302430931 0.0925915688 -0.9952448010 -0.9182419777 0.3959191144 0.0089307632 0.3948633671 0.9136053920 0.0969952792
69.8 32.5 2356.9 0.5927924514 0.0925915688 0.8000149131 0.7152993083 0.3959191144 -0.5758427978 -0.3700594008 0.9136053920 0.1684671789
-153.4 -134.8 2074.6 0.5974156260 -0.0290865824 -0.8014041185 -0.0238132235 0.9982578754 -0.0539831296 0.8015781045 0.0513343811 0.5956822038
