-5.9 428.4 2186.8  0.7088553309 0.1853787154 -0.6805577874 -0.1938575506 0.9788922071 0.0647246093 0.6781912446 0.0860508755 0.7298300266
-43.2 231.6 2169.5 0.7088553309 0.1853787154 -0.6805577874 -0.1938575506 0.9788922071 0.0647246093 0.6781912446 0.0860508755 0.7298300266
-77.1 39.4 2154.5 0.7116875052 0.1730028987 -0.6808604002 -0.1783615202 0.9819417000 0.0630688742 0.6794763207 0.0765539631 0.7296926975
-144.6 257.0 2072.7 0.2438829988 0.1202566475 -0.9623197913 0.9442970157 0.1966369450 0.2638882697 0.2209619433 -0.9730736017 -0.0656015873
-208.7 8.8 2014.6 -0.1312183291 0.1105138585 -0.9851742983 0.9576851726 0.2709205151 -0.0971659273 0.2561657727 -0.9562367797 -0.1413872242
58.1 206.2 2266.2 0.7964107394 0.3675353229 -0.4802579880 -0.5967366099 0.6064919829 -0.5254263878 0.0981598496 0.7050427794 0.7023385167
182.5 113.0 2281.6 -0.1417910159 0.3675353229 0.9191371202 0.7857824564 0.6064919829 -0.1212988943 -0.6020309329 0.7050427794 -0.3747979105
-174.1 -137.5 2080.4 0.7517865300 -0.0665346757 -0.6560412645 -0.0031579705 0.9945217967 -0.1044816971 0.6593990326 0.0806196928 0.7474579811
-148.0 -527.3 2048.8 0.7408413887 0.1764542013 -0.6480879188 -0.0752710700 0.9806084633 0.1809454411 0.6674491167 -0.0852696002 0.7397572398
-43.2 -169.1 2201.1 0.7044341564 -0.0861644521 -0.7045198679 0.0652257130 0.9962624907 -0.0566275008 0.7067659497 -0.0060624625 0.7074214816
-9.5 -559.3 2203.4 0.7041373849 0.0820983797 -0.7053016424 0.0616177060 0.9824815392 0.1758786142 0.7073851824 -0.1673017740 0.6867432594
-173.5 -248.0 1945.9 0 0 0 0 0 0 0 0 0
142.5 334.4 2112.0 0 0 0 0 0 0 0 0 0
-214.4 -896.5 2080.9 0 0 0 0 0 0 0 0 0
-40.4 -929.2 2266.4 0 0 0 0 0 0 0 0 0
-5.6 429.3 2186.5  0.6992766857 0.1885979623 -0.6895236969 -0.1959041953 0.9782008529 0.0688815191 0.6874835491 0.0869133398 0.7209801674
-43.5 232.7 2169.1 0.6992766857 0.1885979623 -0.6895236969 -0.1959041953 0.9782008529 0.0688815191 0.6874835491 0.0869133398 0.7209801674
-78.4 40.6 2153.2 0.7014560103 0.1783339828 -0.6900409460 -0.1842700690 0.9806491137 0.0661203116 0.6884794831 0.0807733983 0.7207437754
-143.4 258.9 2071.0 0.2525066435 0.1301026344 -0.9588084817 0.9446353912 0.1814382523 0.2733938098 0.2095337957 -0.9747581482 -0.0770851895
-210.4 8.3 2015.4 -0.1240633875 0.1178279072 -0.9852536917 0.9553786516 0.2824268043 -0.0865256861 0.2680669129 -0.9520250559 -0.1476090997
56.5 206.4 2267.1 0.8155152798 0.3741730452 -0.4415079951 -0.5744189024 0.6163293719 -0.5386845469 0.0705531314 0.6929160357 0.7175581455
178.1 120.8 2277.7 -0.1312147975 0.3741730452 0.9180289507 0.7748618126 0.6163293719 -0.1404536515 -0.6183622479 0.6929160357 -0.3708039522
-175.4 -136.5 2078.0 0.7417701483 -0.0678046346 -0.6672177911 0.0089490442 0.9957881570 -0.0912459418 0.6705944538 0.0617125556 0.7392527461
-148.8 -526.7 2053.8 0.7278199196 0.1731783450 -0.6635415554 -0.0926860645 0.9835516810 0.1550333798 0.6794758439 -0.0513353236 0.7318997383
-46.7 -169.0 2200.8 0.6942090392 -0.0923708081 -0.7138217092 0.0733432323 0.9956471324 -0.0575118326 0.7160269022 -0.0124287531 0.6979619861
-10.6 -558.9 2205.7 0.6938515902 0.0650014430 -0.7171783447 0.0677549839 0.9856069088 0.1548816711 0.7169234753 -0.1560572982 0.6794607043
-177.0 -248.9 1943.2 0 0 0 0 0 0 0 0 0
140.7 341.8 2101.3 0 0 0 0 0 0 0 0 0
-214.0 -896.9 2073.2 0 0 0 0 0 0 0 0 0
-35.0 -930.0 2264.4 0 0 0 0 0 0 0 0 0
-5.9 428.6 2186.9  0.7104684711 0.1893920749 -0.6777648926 -0.1999099702 0.9777439833 0.0636610761 0.6747373939 0.0902627632 0.7325176001
-43.8 232.9 2168.8 0.7104684711 0.1893920749 -0.6777648926 -0.1999099702 0.9777439833 0.0636610761 0.6747373939 0.0902627632 0.7325176001
-78.9 40.9 2152.3 0.7126367092 0.1792936623 -0.6782349944 -0.1883954257 0.9801867604 0.0611643121 0.6757633686 0.0841884390 0.7322951555
-145.3 259.7 2072.6 0.2441409081 0.1156510487 -0.9628188014 0.9452260733 0.1934491694 0.2629165053 0.2166630626 -0.9742701054 -0.0620875321
-209.5 11.0 2015.5 -0.1154562458 0.1058905274 -0.9876523018 0.9568350911 0.2788358033 -0.0819585174 0.2667141855 -0.9544829726 -0.1335131079
57.8 206.0 2265.1 0.8196263909 0.3761511147 -0.4321145117 -0.5695933700 0.6159441471 -0.5442207456 0.0614491850 0.6921872497 0.7190972567
176.1 123.8 2274.0 -0.1289128512 0.3761511147 0.9175466299 0.7745761275 0.6159441471 -0.1436823457 -0.6192037463 0.6921872497 -0.3707607985
-176.7 -134.6 2075.1 0.7520217896 -0.0767847523 -0.6546505690 0.0127944965 0.9947049022 -0.1019726247 0.6590141058 0.0683097094 0.7490221858
-146.7 -524.3 2048.4 0.7383896708 0.1802033484 -0.6498518586 -0.0793564394 0.9801598787 0.1816292703 0.6696889400 -0.0825432464 0.7380402088
-49.9 -168.0 2199.6 0.7043992877 -0.1033062413 -0.7022460103 0.0827535838 0.9945576191 -0.0633003786 0.7049634457 -0.0135246301 0.7091146708
-9.5 -557.6 2204.9 0.7024649978 0.0770503357 -0.7075353265 0.0542801879 0.9854273200 0.1612038761 0.7096453905 -0.1516452283 0.6880458593
-178.4 -247.1 1943.6 0 0 0 0 0 0 0 0 0
139.0 346.9 2095.6 0 0 0 0 0 0 0 0 0
-214.5 -893.1 2079.5 0 0 0 0 0 0 0 0 0
-38.5 -928.6 2262.0 0 0 0 0 0 0 0 0 0
-5.2 427.8 2186.6  0.7288112044 0.1895209998 -0.6579635739 -0.2036177069 0.9774474502 0.0560030229 0.6537385583 0.0931574032 0.7509644628
-43.0 232.4 2168.0 0.7288112044 0.1895209998 -0.6579635739 -0.2036177069 0.9774474502 0.0560030229 0.6537385583 0.0931574032 0.7509644628
-78.3 40.5 2151.2 0.7311440110 0.1798775792 -0.6580824256 -0.1912562102 0.9799769521 0.0553730875 0.6548660398 0.0853766575 0.7509070039
-147.2 259.7 2074.7 0.2358033061 0.0918561742 -0.9674498439 0.9446254969 0.2121148109 0.2503797710 0.2282093763 -0.9729181528 -0.0367523059
-208.9 12.3 2014.9 -0.1027229205 0.0849886015 -0.9910725951 0.9574294686 0.2786625028 -0.0753393993 0.2697717845 -0.9566212296 -0.1099956185
61.1 205.2 2261.2 0.8228808641 0.3466629386 -0.4502131343 -0.5603286028 0.6266080141 -0.5416588187 0.0943341181 0.6979879737 0.7098689079
175.5 127.3 2274.4 -0.1279671490 0.3466629386 0.9292196631 0.7687683105 0.6266080141 -0.1278973073 -0.6265937686 0.6979879737 -0.3466887176
-178.4 -134.0 2074.8 0.7688186765 -0.0848323777 -0.6338148713 0.0211902298 0.9939968586 -0.1073368192 0.6391156316 0.0690918714 0.7660009861
-145.2 -523.3 2047.7 0.7528933287 0.1868270487 -0.6310683489 -0.0864424556 0.9786272049 0.1865916550 0.6524410248 -0.0859325230 0.7529517412
-49.6 -168.0 2196.9 0.7221238613 -0.1017790139 -0.6842355132 0.0905192718 0.9945151806 -0.0524010397 0.6858158708 -0.0240964592 0.7273760438
-9.8 -557.6 2206.3 0.7189619541 0.0789072290 -0.6905558705 0.0384698994 0.9874942303 0.1528896242 0.6939840317 -0.1364874393 0.7069351673
-181.2 -246.2 1942.1 0 0 0 0 0 0 0 0 0
138.6 349.1 2093.6 0 0 0 0 0 0 0 0 0
-215.5 -891.8 2080.0 0 0 0 0 0 0 0 0 0
-39.5 -929.4 2257.7 0 0 0 0 0 0 0 0 0
-5.2 429.1 2186.4  0.7087441087 0.1872396320 -0.6801639795 -0.1977023333 0.9782174826 0.0632799119 0.6771968007 0.0896207392 0.7303236127
-42.7 233.4 2168.5 0.7087441087 0.1872396320 -0.6801639795 -0.1977023333 0.9782174826 0.0632799119 0.6771968007 0.0896207392 0.7303236127
-77.7 41.4 2152.3 0.7108184099 0.1786075681 -0.6803208590 -0.1865970045 0.9804503322 0.0624400266 0.6781730652 0.0825623199 0.7302497625
-143.9 260.0 2071.9 0.2395755500 0.1189263538 -0.9635663629 0.9461874366 0.1937995404 0.2591738999 0.2175613195 -0.9738060832 -0.0660969913
-209.4 1.5 2012.5 -0.1152393073 0.1096388549 -0.9872685671 0.9579491019 0.2751925588 -0.0812560990 0.2627801299 -0.9551169276 -0.1367414445
58.5 206.8 2265.1 0.8207174540 0.3690376282 -0.4361582994 -0.5667399764 0.6224749088 -0.5397506952 0.0723092780 0.6901711822 0.7200244069
174.0 127.1 2275.3 -0.1217043176 0.3690376282 0.9214115739 0.7685582042 0.6224749088 -0.1477947533 -0.6280974150 0.6901711822 -0.3593847752
-179.6 -134.1 2075.3 0.7499145865 -0.0892757028 -0.6554830074 0.0181081407 0.9932510257 -0.1145622730 0.6612867713 0.0740423426 0.7464700341
-144.6 -523.2 2046.3 0.7344537973 0.1893920749 -0.6516964436 -0.0818427801 0.9779804945 0.1919789910 0.6737056971 -0.0876630545 0.7337818742
-47.5 -168.7 2193.7 0.7017005086 -0.0966922045 -0.7058802843 0.0910547003 0.9947943091 -0.0457524136 0.7066296339 -0.0321692266 0.7068520188
-9.6 -558.4 2206.3 0.6984342337 0.0778259858 -0.7114300728 0.0356198512 0.9890575409 0.1431658566 0.7147872448 -0.1253329664 0.6880194545
-178.2 -257.8 1941.4 0 0 0 0 0 0 0 0 0
138.7 350.0 2093.1 0 0 0 0 0 0 0 0 0
-215.9 -891.5 2079.4 0 0 0 0 0 0 0 0 0
-38.9 -930.8 2253.5 0 0 0 0 0 0 0 0 0
-5.6 429.7 2186.4  0.6673150659 0.1883639395 -0.7205619812 -0.1864482909 0.9789325595 0.0832348093 0.7210600376 0.0788037106 0.6883766055
-43.2 233.8 2170.6 0.6673150659 0.1883639395 -0.7205619812 -0.1864482909 0.9789325595 0.0832348093 0.7210600376 0.0788037106 0.6883766055
-78.1 41.6 2156.4 0.6695025563 0.1779071242 -0.7211902738 -0.1747407764 0.9813694954 0.0798724294 0.7219639421 0.0725465417 0.6881170273
-138.4 258.7 2067.9 0.2542278171 0.1734340191 -0.9514666796 0.9453621507 0.1630543917 0.2823183835 0.2041044384 -0.9712537527 -0.1225049868
-209.5 -5.7 2010.9 -0.1222188622 0.1601839811 -0.9794915318 0.9578567743 0.2775146663 -0.0741351619 0.2599479854 -0.9472733140 -0.1873508394
52.0 209.0 2273.3 0.8105050325 0.4282415211 -0.3996132612 -0.5857127309 0.5980417728 -0.5470709205 0.0047069415 0.6774623394 0.7355424166
172.6 121.9 2274.0 -0.1061544865 0.4282415211 0.8974075913 0.7777853608 0.5980417728 -0.1933802664 -0.6195006967 0.6774623394 -0.3965648115
-176.9 -133.8 2074.9 0.7119876742 -0.0812775046 -0.6974722147 0.0111909676 0.9944658279 -0.1044627503 0.7021027803 0.0665707961 0.7089569569
-145.0 -523.3 2048.8 0.6969388723 0.1891385317 -0.6917390227 -0.0841261297 0.9794957638 0.1830598265 0.7121790648 -0.0693881884 0.6985601187
-48.5 -167.5 2197.4 0.6623847485 -0.0977965146 -0.7427532077 0.0781679377 0.9950534105 -0.0613063723 0.7450746298 -0.0174510796 0.6667527556
-10.2 -557.2 2204.3 0.6611904502 0.0701196790 -0.7469339967 0.0597341098 0.9875409603 0.1455840468 0.7478362322 -0.1408762187 0.6487641335
-176.4 -265.6 1940.3 0 0 0 0 0 0 0 0 0
141.8 347.0 2094.7 0 0 0 0 0 0 0 0 0
-216.3 -892.2 2075.0 0 0 0 0 0 0 0 0 0
-36.6 -929.1 2257.3 0 0 0 0 0 0 0 0 0
-5.5 429.8 2179.8  0.7144858241 0.1823415756 -0.6754713655 -0.1804760545 0.9808019400 0.0738645568 0.6759722233 0.0691312253 0.7336773276
-42.0 233.5 2166.0 0.7144858241 0.1823415756 -0.6754713655 -0.1804760545 0.9808019400 0.0738645568 0.6759722233 0.0691312253 0.7336773276
-76.2 41.0 2153.6 0.7162299156 0.1747857183 -0.6756216288 -0.1708873659 0.9825797081 0.0730383024 0.6766182184 0.0631429851 0.7336217165
-143.8 257.8 2069.9 0.2332273126 0.1148133278 -0.9656204581 0.9491214752 0.1891989559 0.2517382503 0.2115972936 -0.9752033949 -0.0648454353
-209.5 -9.8 2010.2 -0.1258207709 0.1041759700 -0.9865680337 0.9571449757 0.2742331326 -0.0931108743 0.2608497441 -0.9560039639 -0.1342157274
59.7 209.2 2262.1 0.7335010767 0.4293213785 -0.5269338489 -0.6703385711 0.5850850940 -0.4564226568 0.1123491377 0.6880106330 0.7169511914
167.2 111.0 2278.6 -0.0811233670 0.4293213785 0.8995010853 0.7836911082 0.5850850940 -0.2085754722 -0.6158305407 0.6880106330 -0.3839194179
-173.4 -134.8 2077.1 0.7568657994 -0.0714439005 -0.6496537328 0.0033968366 0.9944239259 -0.1054016501 0.6535615325 0.0775681362 0.7528881431
-145.5 -524.3 2046.7 0.7429921031 0.1882788539 -0.6422723532 -0.0845393911 0.9783319831 0.1889963448 0.6639395952 -0.0861254781 0.7428099513
-52.7 -166.3 2207.3 0.7090959549 -0.1111705378 -0.6962930560 0.0783608481 0.9938004017 -0.0788690448 0.7007442117 0.0013636084 0.7134112716
-9.1 -555.4 2206.8 0.7059782147 0.0802421570 -0.7036731839 0.0291750282 0.9894226193 0.1420976967 0.7076323628 -0.1208475605 0.6961697340
-175.3 -270.0 1939.3 0 0 0 0 0 0 0 0 0
143.5 339.7 2098.9 0 0 0 0 0 0 0 0 0
-216.4 -892.7 2079.1 0 0 0 0 0 0 0 0 0
-39.3 -928.0 2252.3 0 0 0 0 0 0 0 0 0
-6.4 434.8 2170.5  0.6502458453 0.1772660464 -0.7387537360 -0.1636690497 0.9822503328 0.0916334018 0.7418845892 0.0613268837 0.6677171588
-46.9 210.2 2156.5 0.6502458453 0.1772660464 -0.7387537360 -0.1636690497 0.9822503328 0.0916334018 0.7418845892 0.0613268837 0.6677171588
-75.8 17.1 2158.2 0.6620644331 0.1448088884 -0.7353237867 -0.0913178399 0.9894317985 0.1126309559 0.7438626885 -0.0074207741 0.6682912707
-140.6 222.9 2051.5 0.2786992192 0.1909756958 -0.9411987066 0.9459568262 0.1146126539 0.3033638597 0.1658084095 -0.9748806357 -0.1487123072
-209.8 -12.1 2010.3 -0.1036078334 0.1767624915 -0.9787851572 0.9612030983 0.2707305253 -0.0528544635 0.2556443512 -0.9462874532 -0.1979544610
46.8 197.5 2261.6 0.6712240577 0.2707201838 -0.6900498867 -0.6644240022 0.6324548721 -0.3981727958 0.3286319971 0.7257488966 0.6043918729
142.6 102.6 2308.5 0.0626909584 0.2707201838 0.9606146216 0.7407179475 0.6324548721 -0.2265784889 -0.6688847542 0.7257488966 -0.1608780771
-171.6 -145.2 2083.6 0.7090303302 -0.0684646145 -0.7018465400 -0.0216958448 0.9926866889 -0.1187537760 0.7048441172 0.0994271860 0.7023595572
-145.4 -525.0 2045.6 0.6995995641 0.1873263717 -0.6895427704 -0.0769040659 0.9791575074 0.1879795790 0.7103845477 -0.0784817860 0.6994243264
-46.5 -170.5 2208.0 0.6588338614 -0.0958389938 -0.7461587191 0.0559564903 0.9953473806 -0.0784378126 0.7502045035 0.0099250646 0.6611313820
-9.3 -556.7 2204.2 0.6587858200 0.0773284882 -0.7483459115 0.0553413145 0.9870277047 0.1507102996 0.7502923608 -0.1407002509 0.6459603906
-181.6 -273.5 1940.8 0 0 0 0 0 0 0 0 0
160.4 312.0 2119.4 0 0 0 0 0 0 0 0 0
-215.9 -893.7 2075.1 0 0 0 0 0 0 0 0 0
-38.4 -928.3 2257.2 0 0 0 0 0 0 0 0 0
-5.2 433.2 2166.4  0.6546207070 0.1774084866 -0.7348455787 -0.1452520192 0.9834781885 0.1080395654 0.7418717146 0.0360128693 0.6695740819
-43.2 222.8 2158.7 0.6546207070 0.1774084866 -0.7348455787 -0.1452520192 0.9834781885 0.1080395654 0.7418717146 0.0360128693 0.6695740819
-73.8 29.6 2159.3 0.6619430184 0.1546791941 -0.7334206104 -0.1017829627 0.9879616499 0.1164987683 0.7426114082 -0.0024658220 0.6697180271
-137.2 237.1 2053.4 0.2728308141 0.1907302588 -0.9429662228 0.9474785328 0.1167450994 0.2977499366 0.1668766141 -0.9746755958 -0.1488611698
-210.0 -15.8 2008.8 -0.1044633389 0.1774975955 -0.9785612226 0.9643035531 0.2588107586 -0.0559965819 0.2433229089 -0.9494796395 -0.1981977969
50.8 208.4 2264.0 0.4314643145 0.4215579629 -0.7975759506 -0.8263741732 0.5393201113 -0.1619861722 0.3618622124 0.7289874554 0.5810620189
117.2 81.2 2319.7 0.1953544319 0.4215579629 0.8855085969 0.7310203910 0.5393201113 -0.4180227816 -0.6537934542 0.7289874554 -0.2028088868
-163.4 -167.1 2093.7 0.7106261849 -0.0270514637 -0.7030495405 -0.0572331250 0.9937262535 -0.0960858464 0.7012380362 0.1085188389 0.7046196461
-152.8 -556.7 2051.2 0.7058842182 0.1894823760 -0.6825129390 -0.0830267295 0.9790473580 0.1859378070 0.7034444213 -0.0745837390 0.7068261504
-45.6 -185.9 2229.5 0.6628703475 -0.0900594369 -0.7432981730 0.0151716955 0.9941515326 -0.1069232523 0.7485804558 0.0595991611 0.6603599191
-10.6 -573.0 2206.3 0.6664510369 0.0814644545 -0.7410846949 0.0527261309 0.9863734245 0.1558442116 0.7436820269 -0.1429370642 0.6530743241
-182.1 -273.6 1943.8 0 0 0 0 0 0 0 0 0
171.4 284.0 2138.3 0 0 0 0 0 0 0 0 0
-224.2 -925.4 2079.3 0 0 0 0 0 0 0 0 0
-41.2 -944.5 2260.1 0 0 0 0 0 0 0 0 0
-4.6 432.8 2163.8  0.6896393895 0.1721901447 -0.7033833265 -0.1440602392 0.9845266342 0.0997694582 0.7096789479 0.0325246267 0.7037740946
-40.2 229.1 2157.1 0.6896393895 0.1721901447 -0.7033833265 -0.1440602392 0.9845266342 0.0997694582 0.7096789479 0.0325246267 0.7037740946
-71.2 35.8 2155.3 0.6940672398 0.1573521495 -0.7025033832 -0.1175634041 0.9874950647 0.1050351784 0.7102460861 0.0096872104 0.7038868070
-138.9 245.7 2056.3 0.2557158768 0.1484137475 -0.9552919865 0.9510809183 0.1385782063 0.2761180997 0.1733623743 -0.9791676998 -0.1057168320
-209.9 -18.4 2008.1 -0.0934380889 0.1386978179 -0.9859169722 0.9666014910 0.2499923259 -0.0564388372 0.2386437207 -0.9582623839 -0.1574243307
58.4 212.4 2258.0 0.2357504070 0.4623608589 -0.8547772765 -0.8865062594 0.4626806676 0.0057690125 0.3981562853 0.7564053535 0.5189629793
97.5 65.6 2323.9 0.2932838798 0.4623608589 0.8367837071 0.7252486944 0.4626806676 -0.5098440647 -0.6228955984 0.7564053535 -0.1996298283
-163.6 -154.0 2093.3 0.7403272390 -0.0338072404 -0.6713960171 -0.0474859513 0.9936099648 -0.1023931429 0.6705673933 0.1076863110 0.7339911461
-150.3 -543.4 2051.1 0.7331119776 0.1799518317 -0.6558690667 -0.0908148885 0.9816257358 0.1678198874 0.6740174294 -0.0634680912 0.7359839082
-44.9 -173.6 2228.2 0.6941394210 -0.0918524712 -0.7139562964 0.0157996770 0.9935306907 -0.1124593690 0.7196671963 0.0667821988 0.6911000609
-9.0 -561.6 2202.1 0.6984044909 0.0838136077 -0.7107787728 0.0582604744 0.9831656814 0.1731791198 0.7133280635 -0.1623593867 0.6817642450
-185.1 -274.7 1944.8 0 0 0 0 0 0 0 0 0
178.4 265.7 2152.1 0 0 0 0 0 0 0 0 0
-218.1 -913.1 2075.0 0 0 0 0 0 0 0 0 0
-40.6 -931.8 2263.3 0 0 0 0 0 0 0 0 0
-4.1 432.2 2163.1  0.6951218843 0.1734972745 -0.6976419091 -0.1434984803 0.9843976498 0.1018307135 0.7044243813 0.0293257944 0.7091729641
-39.4 231.8 2157.1 0.6951218843 0.1734972745 -0.6976419091 -0.1434984803 0.9843976498 0.1018307135 0.7044243813 0.0293257944 0.7091729641
-71.3 38.6 2154.3 0.6982192993 0.1622680277 -0.6972509623 -0.1253158450 0.9866375923 0.1041257754 0.7048302889 0.0146739623 0.7092241645
-138.8 249.6 2056.8 0.2510940135 0.1427104026 -0.9573847651 0.9516314864 0.1445235163 0.2711281776 0.1770574301 -0.9791561365 -0.0995187163
-209.6 -18.8 2006.9 -0.0984717980 0.1328718662 -0.9862293601 0.9661812186 0.2501066625 -0.0627738982 0.2383216470 -0.9590577483 -0.1530067474
59.9 214.0 2257.4 0.1346014887 0.4293380976 -0.8930572271 -0.8959310651 0.4377449453 0.0754116476 0.4233083725 0.7899671793 0.4435784519
83.2 58.9 2330.6 0.3631873131 0.4293380976 0.8269001245 0.7171615958 0.4377449453 -0.5422717333 -0.5947892666 0.7899671793 -0.1489213705
-164.6 -146.6 2089.6 0.7439692020 -0.0437236540 -0.6667819023 -0.0389932320 0.9933157563 -0.1086429581 0.6670752764 0.1068269908 0.7372913957
-147.5 -535.8 2047.7 0.7356781960 0.1928087920 -0.6493091583 -0.0852843821 0.9773675799 0.1935953051 0.6719406247 -0.0870479122 0.7354716063
-39.7 -168.4 2218.2 0.6975048780 -0.0725450441 -0.7128984332 0.0268238466 0.9968082905 -0.0751912668 0.7160778046 0.0333235934 0.6972245574
-11.4 -558.0 2205.1 0.7003384233 0.0608510599 -0.7112125158 0.0645458549 0.9868794084 0.1479959935 0.7108867168 -0.1495531052 0.6872218847
-183.6 -273.8 1944.0 0 0 0 0 0 0 0 0 0
183.4 256.7 2166.5 0 0 0 0 0 0 0 0 0
-220.1 -903.8 2080.5 0 0 0 0 0 0 0 0 0
-34.3 -929.5 2261.4 0 0 0 0 0 0 0 0 0
-2.9 432.0 2162.2  0.6818978190 0.1829243004 -0.7082048059 -0.1448011249 0.9828212261 0.1144334599 0.7169713974 0.0245169289 0.6966713071
-39.7 234.3 2157.2 0.6818978190 0.1829243004 -0.7082048059 -0.1448011249 0.9828212261 0.1144334599 0.7169713974 0.0245169289 0.6966713071
-74.2 41.5 2154.4 0.6840451360 0.1762457490 -0.7078274488 -0.1330409050 0.9842396975 0.1165002584 0.7172045708 0.0144785671 0.6967122555
-137.1 253.2 2055.1 0.2536575794 0.1592217982 -0.9540997148 0.9526063204 0.1301160753 0.2749745548 0.1679256558 -0.9786307812 -0.1186707616
-209.6 -19.1 2007.1 -0.1012543961 0.1479024887 -0.9838050604 0.9660924077 0.2507059574 -0.0617409647 0.2375141382 -0.9566981792 -0.1682725549
57.7 215.3 2259.3 0.0873558745 0.4103973210 -0.9077130556 -0.8975456357 0.4277383387 0.1070126668 0.4321813881 0.8053657413 0.4057157934
73.7 51.6 2338.2 0.4077976346 0.4103973210 0.8156439662 0.7038529515 0.4277383387 -0.5671251416 -0.5816288590 0.8053657413 -0.1144286841
-166.1 -143.1 2087.9 0.7311770916 -0.0511657409 -0.6802662611 -0.0352610610 0.9930158257 -0.1125889570 0.6812758446 0.1063093767 0.7242662311
-146.1 -532.1 2046.2 0.7225516438 0.1992117912 -0.6619923115 -0.0815595686 0.9754583240 0.2045217156 0.6864890456 -0.0937856883 0.7210665941
-40.2 -166.1 2215.4 0.6843154430 -0.0777187720 -0.7250325084 0.0340706743 0.9966257811 -0.0746745020 0.7283896804 0.0263985712 0.6846543550
-9.8 -556.0 2205.1 0.6853315234 0.0753094405 -0.7243267298 0.0466736704 0.9880510569 0.1468902081 0.7267339826 -0.1344754845 0.6736275554
-182.9 -273.4 1944.6 0 0 0 0 0 0 0 0 0
186.3 246.1 2177.5 0 0 0 0 0 0 0 0 0
-221.1 -899.5 2081.6 0 0 0 0 0 0 0 0 0
-38.2 -928.0 2255.7 0 0 0 0 0 0 0 0 0
-2.4 432.1 2155.7  0.7024028301 0.1832813025 -0.6877777576 -0.1354694217 0.9830400348 0.1236136928 0.6987691522 0.0063462476 0.7153190970
-39.3 233.8 2154.4 0.7024028301 0.1832813025 -0.6877777576 -0.1354694217 0.9830400348 0.1236136928 0.6987691522 0.0063462476 0.7153190970
-74.0 41.1 2154.1 0.7038103938 0.1768002957 -0.6880353093 -0.1277791858 0.9842448831 0.1222066134 0.6988013983 0.0019062994 0.7153131962
-139.6 252.0 2054.9 0.2538917065 0.1344946325 -0.9578362107 0.9533402920 0.1324402988 0.2712965906 0.1633440554 -0.9820238352 -0.0945936665
-208.1 -5.2 2010.9 -0.0939330533 0.1239535362 -0.9878320098 0.9657906890 0.2522419989 -0.0601857193 0.2417124957 -0.9596924186 -0.1434070319
60.9 215.6 2253.9 0.0190152340 0.3619217873 -0.9320145249 -0.8830159307 0.4433125556 0.1541325003 0.4689576328 0.8200528026 0.3280124068
64.6 43.9 2345.1 0.4511362910 0.3619217873 0.8157749176 0.6865218282 0.4433125556 -0.5763347149 -0.5702313781 0.8200528026 -0.0484728329
-170.5 -139.1 2086.8 0.7495100498 -0.0626098216 -0.6590255499 -0.0225670300 0.9925223589 -0.1199587211 0.6616081595 0.1047825217 0.7424926162
-146.0 -527.9 2045.8 0.7400267124 0.1976449639 -0.6428817511 -0.0745960027 0.9740698934 0.2135960162 0.6684279442 -0.1101103500 0.7355812788
-47.1 -163.3 2216.5 0.7036830187 -0.0967138410 -0.7039009929 0.0479991175 0.9949001074 -0.0887119770 0.7088909149 0.0286384858 0.7047365308
-9.2 -552.7 2205.3 0.7029966712 0.0760980546 -0.7071101665 0.0386772603 0.9886967540 0.1448542178 0.7101406455 -0.1291811168 0.6921072602
-183.4 -259.1 1947.3 0 0 0 0 0 0 0 0 0
189.3 233.7 2187.5 0 0 0 0 0 0 0 0 0
-220.4 -894.7 2087.2 0 0 0 0 0 0 0 0 0
-37.9 -925.0 2253.9 0 0 0 0 0 0 0 0 0
-1.4 433.2 2158.5  0.6742299199 0.1849901378 -0.7149773836 -0.1357618421 0.9826675653 0.1262265146 0.7259357572 0.0119609544 0.6876584888
-38.6 235.7 2156.1 0.6742299199 0.1849901378 -0.7149773836 -0.1357618421 0.9826675653 0.1262265146 0.7259357572 0.0119609544 0.6876584888
-73.2 43.0 2154.4 0.6757013202 0.1769418716 -0.7156251073 -0.1277657747 0.9841844440 0.1227066070 0.7260190248 0.0085193748 0.6876218319
-134.8 253.9 2052.7 0.2654151320 0.1680586040 -0.9493740797 0.9514911175 0.1132862270 0.2860609889 0.1556260139 -0.9792459011 -0.1298383921
-208.7 -11.1 2009.4 -0.1123558581 0.1527156979 -0.9818625450 0.9622957110 0.2630552948 -0.0692020357 0.2477159053 -0.9526173472 -0.1765134633
57.6 217.5 2259.4 -0.0007700222 0.3413182497 -0.9399474859 -0.8956518173 0.4178114235 0.1524514258 0.4447552562 0.8419830799 0.3053805828
57.4 36.7 2349.2 0.4843777418 0.3413182497 0.8055309057 0.6894925237 0.4178114235 -0.5916364789 -0.5384963155 0.8419830799 -0.0329578146
-172.1 -140.1 2090.6 0.7232016325 -0.0649093091 -0.6875799298 -0.0276291911 0.9920575023 -0.1227133572 0.6900840998 0.1077437773 0.7156642079
-146.7 -528.7 2048.4 0.7145976424 0.1989219934 -0.6706565619 -0.0737891346 0.9748027921 0.2105103880 0.6956330538 -0.1009430587 0.7112700939
-45.0 -163.2 2216.9 0.6761637926 -0.0886105224 -0.7314032912 0.0381302610 0.9956194162 -0.0853702128 0.7357639670 0.0298356488 0.6765804887
-10.3 -553.1 2205.2 0.6777579188 0.0668746531 -0.7322376370 0.0593742579 0.9876257181 0.1451557428 0.7328839302 -0.1418565214 0.6654005051
-179.3 -263.4 1944.5 0 0 0 0 0 0 0 0 0
191.4 227.5 2200.2 0 0 0 0 0 0 0 0 0
-221.6 -895.8 2086.4 0 0 0 0 0 0 0 0 0
-35.5 -925.0 2258.6 0 0 0 0 0 0 0 0 0
-0.4 432.5 2159.9  0.6530159712 0.1927234530 -0.7324123383 -0.1376024783 0.9811760187 0.1354960948 0.7447386980 0.0123006292 0.6672428250
-39.0 235.9 2157.4 0.6530159712 0.1927234530 -0.7324123383 -0.1376024783 0.9811760187 0.1354960948 0.7447386980 0.0123006292 0.6672428250
-75.1 43.4 2155.6 0.6545426250 0.1842062175 -0.7332407832 -0.1296477467 0.9828445315 0.1311794221 0.7448257804 0.0092004901 0.6671955585
-132.2 254.4 2051.4 0.2809900343 0.1913498491 -0.9404413104 0.9487046599 0.0925978422 0.3022997379 0.1449278444 -0.9771442413 -0.1555154175
-207.8 -0.7 2012.4 -0.1057864577 0.1755577773 -0.9787689447 0.9625948668 0.2649864852 -0.0565088093 0.2494399846 -0.9481358528 -0.1970230043
54.2 217.5 2263.5 -0.0233369637 0.2987825274 -0.9540358186 -0.8906919956 0.4271618724 0.1555649638 0.4540078342 0.8533825278 0.2561545670
49.5 37.8 2355.0 0.5236873627 0.2987825274 0.7977973223 0.6741729379 0.4271618724 -0.6025143862 -0.5208093524 0.8533825278 0.0222681761
-168.9 -138.2 2087.2 0.7037740946 -0.0512407608 -0.7085735202 -0.0299485195 0.9943689108 -0.1016538367 0.7097923160 0.0927620605 0.6982765198
-148.8 -527.7 2050.9 0.6968904734 0.1880555749 -0.6920829415 -0.0686316118 0.9780675173 0.1966561079 0.7138861418 -0.0895489976 0.6945124865
-46.9 -161.4 2218.4 0.6552251577 -0.0956273004 -0.7493566871 0.0451360866 0.9951391816 -0.0875259712 0.7540840507 0.0235261917 0.6563564539
-9.4 -551.1 2209.1 0.6547124386 0.0722272098 -0.7524192929 0.0378604159 0.9910412431 0.1280772984 0.7549292445 -0.1123407111 0.6461125016
-180.1 -252.8 1947.1 0 0 0 0 0 0 0 0 0
194.4 224.4 2210.9 0 0 0 0 0 0 0 0 0
-219.6 -896.0 2084.6 0 0 0 0 0 0 0 0 0
-36.6 -924.2 2251.4 0 0 0 0 0 0 0 0 0
1.4 432.1 2154.1  0.6763937473 0.2006487101 -0.7086829543 -0.1363679618 0.9796588421 0.1472151130 0.7238060832 -0.0029337266 0.6899971962
-38.8 236.0 2154.7 0.6763937473 0.2006487101 -0.7086829543 -0.1363679618 0.9796588421 0.1472151130 0.7238060832 -0.0029337266 0.6899971962
-76.2 43.8 2155.2 0.6776461005 0.1914798617 -0.7100219727 -0.1301047504 0.9814924002 0.1405182481 0.7237876058 -0.0028444021 0.6900169253
-135.3 254.6 2051.6 0.2744668722 0.1641624868 -0.9474801421 0.9509702921 0.0997387022 0.2927588224 0.1425604522 -0.9813780189 -0.1287386715
-207.5 4.2 2014.1 -0.1062755510 0.1481005698 -0.9832454920 0.9610748291 0.2689218819 -0.0633730590 0.2550306618 -0.9517075419 -0.1709155440
57.7 217.4 2257.7 -0.0460848548 0.2402939498 -0.9696055651 -0.8665287495 0.4732985497 0.1584815830 0.4969950914 0.8474947214 0.1864097118
48.2 38.2 2360.5 0.5330007672 0.2402939498 0.8112761378 0.6653518677 0.4732985497 -0.5773174167 -0.5227016807 0.8474947214 0.0923884809
-170.3 -137.3 2086.5 0.7259134650 -0.0602412485 -0.6851427555 -0.0210361425 0.9937461615 -0.1096631736 0.6874642372 0.0940187350 0.7201064825
-146.7 -526.5 2049.7 0.7167015672 0.1900115311 -0.6709951162 -0.0739062726 0.9774421453 0.1978502274 0.6934527159 -0.0922088251 0.7145773768
-52.0 -160.8 2221.1 0.6791405082 -0.1084479690 -0.7259526253 0.0523247980 0.9936618805 -0.0994895846 0.7321408987 0.0295820776 0.6805105209
-9.6 -549.9 2209.5 0.6777191162 0.0748480111 -0.7315015793 0.0315384269 0.9909316897 0.1306127906 0.7346442342 -0.1115891933 0.6692127585
-179.7 -247.4 1947.3 0 0 0 0 0 0 0 0 0
195.8 222.5 2215.7 0 0 0 0 0 0 0 0 0
-218.2 -894.7 2084.4 0 0 0 0 0 0 0 0 0
-37.8 -923.1 2251.5 0 0 0 0 0 0 0 0 0
2.5 432.1 2157.7  0.7221245170 0.2026464492 -0.6614155769 -0.1611360461 0.9791044593 0.1240547672 0.6727342010 0.0169948954 0.7396889925
-38.0 236.2 2154.3 0.7221245170 0.2026464492 -0.6614155769 -0.1611360461 0.9791044593 0.1240547672 0.6727342010 0.0169948954 0.7396889925
-76.6 44.3 2151.8 0.7235465646 0.1968524009 -0.6616112590 -0.1541612744 0.9803478718 0.1230949089 0.6728407145 0.0129299387 0.7396743298
-140.8 258.1 2058.7 0.2499801964 0.1039085090 -0.9626592994 0.9537380934 0.1450693160 0.2633222044 0.1670137346 -0.9839501381 -0.0628370419
-207.2 4.9 2014.4 -0.1124682054 0.0912745222 -0.9894543290 0.9617318511 0.2603768110 -0.0852980092 0.2498454452 -0.9611830711 -0.1170657277
64.8 214.3 2249.9 -0.0946173370 0.3015487194 -0.9487444162 -0.8417528868 0.4845858216 0.2379678190 0.5315069556 0.8211241961 0.2079792768
45.0 37.9 2361.3 0.5579988360 0.2603894472 0.7879306078 0.6600239873 0.4362629652 -0.6115905046 -0.5029966235 0.8613198996 0.0715709403
-174.9 -136.7 2090.4 0.7676292062 -0.0763837472 -0.6363261342 -0.0071816645 0.9917847514 -0.1277160943 0.6408540010 0.1026084870 0.7607743740
-145.0 -525.1 2050.3 0.7521196008 0.1994474530 -0.6281216145 -0.1001337469 0.9766241908 0.1902062297 0.6513749361 -0.0801616684 0.7545096278
-52.5 -160.2 2221.2 0.7229533792 -0.1078547686 -0.6824263930 0.0637901127 0.9939410090 -0.0895100161 0.6879456639 0.0211795121 0.7254530787
-10.3 -549.5 2212.9 0.7201768756 0.0713400319 -0.6901129484 0.0109230746 0.9934101105 0.1140921265 0.6937045455 -0.0897046626 0.7146517038
-177.8 -246.8 1949.0 0 0 0 0 0 0 0 0 0
199.6 220.7 2222.0 0 0 0 0 0 0 0 0 0
-220.1 -892.9 2080.5 0 0 0 0 0 0 0 0 0
-37.1 -923.5 2246.7 0 0 0 0 0 0 0 0 0
6.2 435.1 2160.0  0.7417077422 0.2043391764 -0.6388388872 -0.1701489836 0.9786288142 0.1154773012 0.6487826705 0.0230473764 0.7606246471
-34.7 239.3 2155.4 0.7417077422 0.2043391764 -0.6388388872 -0.1701489836 0.9786288142 0.1154773012 0.6487826705 0.0230473764 0.7606246471
-73.8 47.5 2151.7 0.7430259585 0.1994920671 -0.6388390660 -0.1637564451 0.9797188640 0.1154764295 0.6489192843 0.0188120231 0.7606246471
-140.4 262.6 2063.1 0.2490648031 0.0761446133 -0.9654888511 0.9523140788 0.1621681899 0.2584557533 0.1762515903 -0.9838208556 -0.0321231969
-206.7 9.1 2016.2 -0.1235745698 0.0643641427 -0.9902456999 0.9607830048 0.2573955655 -0.1031676233 0.2482445687 -0.9641601443 -0.0936475173
71.0 216.0 2247.7 -0.1336592138 0.3287854493 -0.9348985553 -0.8245425224 0.4864499271 0.2889568806 0.5497861505 0.8094853759 0.2060790807
42.4 40.0 2365.1 0.5858830810 0.2669938505 0.7651505470 0.6442939043 0.4192345738 -0.6396309137 -0.4915550649 0.8677307367 0.0735999122
-180.5 -133.8 2088.7 0.7841448188 -0.0916495845 -0.6137729287 0.0119843977 0.9910865426 -0.1326796263 0.6204621196 0.0966843441 0.7782537341
-144.6 -522.0 2050.8 0.7656179667 0.2000394017 -0.6114028096 -0.1064951271 0.9767217040 0.1862082481 0.6344193816 -0.0774529651 0.7690988779
-50.1 -161.6 2209.9 0.7410995364 -0.0990443379 -0.6640494466 0.0765051842 0.9950746298 -0.0630352870 0.6670220494 -0.0040878020 0.7450267673
-11.3 -551.2 2211.5 0.7391203046 0.0569412149 -0.6711623073 0.0238683261 0.9935805798 0.1105801761 0.6731504202 -0.0977515727 0.7330164909
-174.4 -242.2 1951.2 0 0 0 0 0 0 0 0 0
204.7 218.4 2228.9 0 0 0 0 0 0 0 0 0
-219.9 -889.8 2080.0 0 0 0 0 0 0 0 0 0
-32.7 -925.3 2248.4 0 0 0 0 0 0 0 0 0
8.3 436.0 2160.6  0.7447804213 0.2081109285 -0.6340283751 -0.1754804552 0.9777660966 0.1148046479 0.6438235641 0.0257553402 0.7647404075
-33.3 240.6 2155.5 0.7447804213 0.2081109285 -0.6340283751 -0.1754804552 0.9777660966 0.1148046479 0.6438235641 0.0257553402 0.7647404075
-73.8 49.1 2151.5 0.7457469702 0.2066894025 -0.6333568692 -0.1709225774 0.9781964421 0.1179711521 0.6439307928 0.0202783495 0.7648149729
-139.4 265.0 2063.8 0.2501812577 0.0701823682 -0.9656519890 0.9526826739 0.1599983722 0.2584496439 0.1726413518 -0.9846192002 -0.0268329363
-205.2 14.6 2018.4 -0.1285099983 0.0581293441 -0.9900031090 0.9611231089 0.2533122301 -0.1098875925 0.2443922013 -0.9656365514 -0.0884226114
72.9 216.3 2247.2 -0.1282821745 0.3353744149 -0.9333100915 -0.8356056213 0.4703091681 0.2838530838 0.5341413617 0.8162924051 0.2199084461
45.8 39.7 2360.0 0.5993931293 0.2605462074 0.7568642497 0.6518920660 0.3898086548 -0.6504505873 -0.4645046890 0.8832694292 0.0638006330
-180.0 -129.6 2089.5 0.7876585722 -0.0890993997 -0.6096353531 0.0080889761 0.9908981323 -0.1343706101 0.6160588861 0.1009068340 0.7812101245
-145.1 -517.7 2050.0 0.7726012468 0.1861392558 -0.6069921851 -0.0931840986 0.9789484739 0.1815947294 0.6280159950 -0.0837382898 0.7736819983
-45.9 -159.2 2206.6 0.7447276711 -0.0905175433 -0.6612014174 0.0795831606 0.9957347512 -0.0466781929 0.6626064181 -0.0178579539 0.7487548590
-10.5 -549.1 2213.6 0.7420433164 0.0637415648 -0.6673145294 0.0057551777 0.9948265553 0.1014250144 0.6703271866 -0.0791022703 0.7378375530
-171.6 -236.9 1954.5 0 0 0 0 0 0 0 0 0
211.9 220.3 2231.3 0 0 0 0 0 0 0 0 0
-215.2 -886.4 2081.5 0 0 0 0 0 0 0 0 0
-34.5 -923.7 2243.4 0 0 0 0 0 0 0 0 0
9.3 434.5 2162.5  0.7441352010 0.2104121894 -0.6340264082 -0.1771029532 0.9772769809 0.1164658740 0.6441252232 0.0256215893 0.7644908428
-32.7 239.2 2157.3 0.7441352010 0.2104121894 -0.6340264082 -0.1771029532 0.9772769809 0.1164658740 0.6441252232 0.0256215893 0.7644908428
-73.1 47.5 2153.1 0.7454459071 0.2058472186 -0.6339852810 -0.1709453464 0.9783498049 0.1166589931 0.6442733407 0.0214138664 0.7644954920
-138.9 263.5 2065.6 0.2570965588 0.0717494264 -0.9637185335 0.9498559237 0.1648955047 0.2656749487 0.1779748797 -0.9836978912 -0.0257575475
-205.8 16.7 2019.3 -0.1392150074 0.0583151616 -0.9885436296 0.9580260515 0.2605662942 -0.1195461974 0.2506097853 -0.9636932015 -0.0921421796
73.4 214.8 2249.1 -0.1282655895 0.0453248285 -0.9907035828 -0.8492464423 0.5108866096 0.1333243698 0.5121800900 0.8584524393 -0.0270372182
46.9 38.8 2355.3 0.6132208109 0.0453248285 0.7886101007 0.6641489863 0.5108866096 -0.5458030701 -0.4276287556 0.8584524393 0.2831838429
-181.6 -127.1 2089.4 0.7868142128 -0.0901087224 -0.6105766296 0.0126522565 0.9914318323 -0.1300110072 0.6170602441 0.0945693403 0.7812127471
-146.3 -515.4 2052.4 0.7722718120 0.1777561456 -0.6099171638 -0.0924159139 0.9812788367 0.1689707190 0.6285344362 -0.0741252750 0.7742415071
-46.9 -157.9 2205.7 0.7442178130 -0.0940595418 -0.6612810493 0.0793658942 0.9954739809 -0.0522747710 0.6632050276 -0.0135793444 0.7483145595
-10.1 -547.8 2211.0 0.7414954901 0.0666656867 -0.6676377058 0.0170802101 0.9928537011 0.1181092262 0.6707404256 -0.0989808515 0.7350578904
-169.3 -234.0 1953.7 0 0 0 0 0 0 0 0 0
216.7 222.7 2236.8 0 0 0 0 0 0 0 0 0
-213.3 -885.0 2080.3 0 0 0 0 0 0 0 0 0
-35.2 -921.6 2248.3 0 0 0 0 0 0 0 0 0
8.3 433.1 2162.4  0.7310224771 0.2043069005 -0.6510490179 -0.1672074795 0.9786686301 0.1193709224 0.6615495086 0.0215974338 0.7495903969
-32.7 236.6 2158.0 0.7310224771 0.2043069005 -0.6510490179 -0.1672074795 0.9786686301 0.1193709224 0.6615495086 0.0215974338 0.7495903969
-71.2 44.6 2154.7 0.7328206897 0.1964110881 -0.6514571905 -0.1584162712 0.9803709984 0.1173753366 0.6617235541 0.0171863437 0.7495508790
-137.1 259.2 2063.8 0.2642337382 0.0922986269 -0.9600320458 0.9477265477 0.1597631872 0.2762066722 0.1788712740 -0.9828309417 -0.0452590287
-204.8 16.3 2017.9 -0.1399296075 0.0774083436 -0.9871309996 0.9570031762 0.2664081752 -0.1147678047 0.2540957928 -0.9607468843 -0.1113584191
71.7 214.0 2252.3 -0.1137715578 0.0348791517 -0.9928944707 -0.8516533971 0.5112100244 0.1155455187 0.5116077662 0.8587477803 -0.0284562130
48.5 40.8 2356.3 0.6233650446 0.0348791517 0.7811526656 0.6605017185 0.5112100244 -0.5499107242 -0.4185135067 0.8587477803 0.2956327200
-180.8 -128.6 2090.8 0.7747743130 -0.0863391086 -0.6263148785 0.0075544310 0.9918251634 -0.1273805350 0.6321927309 0.0939597115 0.7690929174
-146.9 -517.1 2054.0 0.7604737878 0.1828541160 -0.6230922937 -0.0892821848 0.9798651338 0.1785860807 0.6432015896 -0.0801789910 0.7614873648
-46.1 -159.5 2207.2 0.7306739092 -0.0889665484 -0.6769051552 0.0736321211 0.9959590435 -0.0514192656 0.6787443757 -0.0122712478 0.7342720628
-11.2 -549.6 2212.0 0.7286977172 0.0554852374 -0.6825840473 0.0170737170 0.9949308038 0.0991021544 0.6846225858 -0.0838697627 0.7240564823
-168.2 -234.1 1951.5 0 0 0 0 0 0 0 0 0
221.3 223.9 2240.4 0 0 0 0 0 0 0 0 0
-215.8 -886.2 2084.1 0 0 0 0 0 0 0 0 0
-32.1 -924.2 2243.6 0 0 0 0 0 0 0 0 0
10.5 432.9 2161.8  0.7397343516 0.2019901276 -0.6418668628 -0.1653353870 0.9792007208 0.1176016778 0.6522708535 0.0191292968 0.7577445507
-30.1 236.1 2158.0 0.7397343516 0.2019901276 -0.6418668628 -0.1653353870 0.9792007208 0.1176016778 0.6522708535 0.0191292968 0.7577445507
-67.6 43.9 2154.5 0.7415305376 0.1910889596 -0.6431310177 -0.1563765258 0.9814069271 0.1112962291 0.6524407268 0.0180410426 0.7576249838
-135.8 258.4 2065.0 0.2594892085 0.0792536363 -0.9624885321 0.9493656754 0.1618458927 0.2692780495 0.1771160811 -0.9836283922 -0.0332434252
-203.6 10.3 2018.7 -0.1375446171 0.0638656169 -0.9884344339 0.9549643993 0.2734362483 -0.1152196229 0.2629152536 -0.9597675800 -0.0985990763
75.5 213.8 2250.9 -0.1352438182 0.0108012771 -0.9907534719 -0.8499073386 0.5127077103 0.1216070578 0.5092804432 0.8584952950 -0.0601604655
48.0 40.5 2354.8 0.6368668675 0.0108012771 0.7708981037 0.6583622694 0.5127077103 -0.5510806441 -0.4011977911 0.8584952950 0.3194154203
-175.9 -133.1 2091.6 0.7833042741 -0.0761442110 -0.6169574261 -0.0032437141 0.9919556379 -0.1265443712 0.6216300726 0.1011239812 0.7767561078
-146.0 -521.6 2052.0 0.7690914273 0.1939885020 -0.6089884043 -0.0904908776 0.9762779474 0.1967048049 0.6327003837 -0.0961760804 0.7684011459
-43.5 -161.7 2211.1 0.7391336560 -0.0815083459 -0.6686088443 0.0659781322 0.9966387749 -0.0485601015 0.6703195572 -0.0082211560 0.7420270443
-11.5 -552.1 2214.4 0.7372362018 0.0552205816 -0.6733746529 0.0128098475 0.9953328371 0.0956477076 0.6755136251 -0.0791407824 0.7330880165
-167.6 -239.6 1950.0 0 0 0 0 0 0 0 0 0
224.5 223.0 2243.6 0 0 0 0 0 0 0 0 0
-219.1 -889.2 2088.2 0 0 0 0 0 0 0 0 0
-32.3 -926.9 2244.2 0 0 0 0 0 0 0 0 0
13.0 431.8 2162.0  0.7333292961 0.2049420029 -0.6482490897 -0.1653343439 0.9786185026 0.1223534644 0.6594639421 0.0174524616 0.7515335679
-28.2 235.3 2158.5 0.7333292961 0.2049420029 -0.6482490897 -0.1653343439 0.9786185026 0.1223534644 0.6594639421 0.0174524616 0.7515335679
-66.8 43.3 2155.7 0.7348856330 0.1972093731 -0.6488848329 -0.1577534229 0.9802508354 0.1192567945 0.6595884562 0.0147237014 0.7514827251
-132.9 257.8 2064.6 0.2648610473 0.0876306072 -0.9602965713 0.9490981698 0.1523653865 0.2756763101 0.1704736352 -0.9844316244 -0.0428143889
-202.5 8.6 2019.8 -0.1336223930 0.0701611638 -0.9885456562 0.9526097178 0.2841500044 -0.1085976139 0.2732759118 -0.9562093019 -0.1048050076
76.5 212.8 2252.5 -0.1316472292 0.0117981192 -0.9912264347 -0.8514440060 0.5107285380 0.1191613600 0.5076535344 0.8596610427 -0.0571905598
49.7 39.7 2355.8 0.6367270947 0.0117981192 0.7709989548 0.6590528488 0.5107285380 -0.5520921350 -0.4002848268 0.8596610427 0.3174191415
-172.0 -134.2 2092.0 0.7785497308 -0.0612736344 -0.6245845556 -0.0147951702 0.9931537509 -0.1158736944 0.6274085045 0.0994542688 0.7723130584
-148.0 -523.2 2053.0 0.7665030360 0.1857076883 -0.6148054600 -0.0906240344 0.9789785147 0.1827248633 0.6358147264 -0.0843430087 0.7672196031
-38.0 -162.5 2209.9 0.7343916297 -0.0665007606 -0.6754602790 0.0557951331 0.9977352619 -0.0375664979 0.6764287353 -0.0100988736 0.7364388704
-11.9 -553.2 2213.8 0.7331318259 0.0489912443 -0.6783196926 0.0212163478 0.9952689409 0.0948134735 0.6797555089 -0.0839022398 0.7286239266
-167.5 -240.6 1948.3 0 0 0 0 0 0 0 0 0
226.3 222.4 2244.8 0 0 0 0 0 0 0 0 0
-217.9 -891.8 2084.8 0 0 0 0 0 0 0 0 0
-30.4 -928.1 2245.4 0 0 0 0 0 0 0 0 0
14.6 429.9 2162.2  0.7342841029 0.2075142562 -0.6463472247 -0.1654914618 0.9781256318 0.1260271072 0.6583611965 0.0144252442 0.7525639534
-27.1 233.5 2159.3 0.7342841029 0.2075142562 -0.6463472247 -0.1654914618 0.9781256318 0.1260271072 0.6583611965 0.0144252442 0.7525639534
-66.1 41.6 2157.0 0.7359726429 0.1990315616 -0.6470940113 -0.1573587805 0.9799230099 0.1224301830 0.6584697962 0.0117206573 0.7525159121
-132.0 255.9 2065.4 0.2620035708 0.0881887674 -0.9610290527 0.9488963485 0.1579901874 0.2731938064 0.1759257764 -0.9834946990 -0.0422880054
-204.1 -5.3 2017.0 -0.1581142545 0.0671345368 -0.9851359725 0.9476185441 0.2907249629 -0.1322805285 0.2775230110 -0.9544485211 -0.1095856875
77.8 211.1 2253.1 -0.1306437552 -0.0034345840 -0.9914234281 -0.8558084369 0.5052383542 0.1110229418 0.5005238056 0.8629729748 -0.0689455792
51.3 37.5 2354.6 0.6356394887 -0.0034345840 0.7719783783 0.6673073769 0.5052383542 -0.5472065806 -0.3881536722 0.8629729748 0.3234413862
-171.9 -134.4 2093.2 0.7797366977 -0.0585822947 -0.6233608723 -0.0129803186 0.9938865900 -0.1096401587 0.6259729862 0.0935818776 0.7742094398
-148.9 -523.7 2056.5 0.7668681741 0.1821093559 -0.6154261827 -0.0981131420 0.9808928370 0.1679972708 0.6342610121 -0.0684503615 0.7700827718
