6.8 428.6 2225.7 5 0.5475852489 0.2088796943 -0.8102589846 -0.2321848273 0.9682448506 0.0926934481 0.8038908839 0.1373722851 0.5786952972
-35.0 234.7 2198.2 0.5475852489 0.2088796943 -0.8102589846 -0.2321848273 0.9682448506 0.0926934481 0.8038908839 0.1373722851 0.5786952972
-72.6 43.9 2174.4 0.5522738099 0.1916291416 -0.8113396168 -0.2094492018 0.9739008546 0.0874535069 0.8069229722 0.1216361523 0.5779964924
-113.7 264.5 2083.2 0.3484230638 0.0897345915 -0.9330322146 0.9193015695 0.1616145372 0.3588389456 0.1829918325 -0.9827657342 -0.0261829160
-208.9 13.5 2033.2 -0.0544592403 0.0845689923 -0.9949283004 0.9644554853 0.2624816000 -0.0304802973 0.2585726678 -0.9612239599 -0.0958575755
43.7 204.8 2313.2 -0.0306852460 0.1630485207 -0.9861407280 -0.9948816895 0.0900477841 0.0458457358 0.0962748751 0.9825001359 0.1594508588
37.2 -3.7 2333.3 0.6920763850 0.1630485207 0.7031681538 0.6992922425 0.0900477841 -0.7091416121 -0.1789432317 0.9825001359 -0.0516986214
-163.1 -126.4 2078.5 0.5009421110 -0.0362601168 -0.8647208810 -0.0134154232 0.9986766577 -0.0496489480 0.8653768301 0.0364718437 0.4997927248
-148.9 -517.5 2064.2 0.4921275973 0.1797148734 -0.8517705202 -0.0655038059 0.9833291173 0.1696262658 0.8680551052 -0.0276835486 0.4956954122
-61.8 -164.4 2223.3 0.4701957107 -0.1272588521 -0.8733391166 0.0602089725 0.9918695092 -0.1121147200 0.8805060387 0.0001330105 0.4740349054
-11.9 -552.8 2223.3 0.4712527394 0.0432760231 -0.8809359074 0.0818917304 0.9923341870 0.0925560892 0.8781882524 -0.1157586798 0.4640962481
-194.3 -244.4 1964.1 0 0 0 0 0 0 0 0 0
232.2 193.3 2282.9 0 0 0 0 0 0 0 0 0
-216.5 -887.7 2074.7 0 0 0 0 0 0 0 0 0
-28.2 -926.3 2266.9 0 0 0 0 0 0 0 0 0
6.6 430.1 2226.5 6 0.5437281728 0.2082969844 -0.8130018711 -0.2321957350 0.9682341218 0.0927782506 0.8065016270 0.1383294165 0.5748218298
-35.2 236.1 2198.8 0.5437281728 0.2082969844 -0.8130018711 -0.2321957350 0.9682341218 0.0927782506 0.8065016270 0.1383294165 0.5748218298
-72.7 45.4 2174.6 0.5481975079 0.1914712936 -0.8141365051 -0.2104852051 0.9736942649 0.0872667357 0.8094291091 0.1235242784 0.5740786195
-113.3 266.1 2083.4 0.3360800743 0.0950058773 -0.9370293617 0.9232379794 0.1634913236 0.3477100134 0.1862306744 -0.9819595218 -0.0327668600
-210.0 0.5 2029.8 -0.0650917441 0.0891362429 -0.9938902259 0.9653328657 0.2579248548 -0.0400896855 0.2527755499 -0.9620444179 -0.1028349251
43.0 206.1 2314.1 -0.0250740647 0.1666036844 -0.9857050776 -0.9943407774 0.0976682305 0.0418016016 0.1032363698 0.9811748862 0.1632118970
37.7 -3.1 2335.8 0.6906773448 0.1666036844 0.7037101984 0.6986154318 0.0976682305 -0.7087999582 -0.1868188083 0.9811748862 -0.0489346720
-160.0 -127.9 2077.6 0.4968636036 -0.0280198194 -0.8673762083 -0.0205938928 0.9988164902 -0.0440627858 0.8675842881 0.0397558473 0.4956985116
-149.0 -519.1 2062.0 0.4949423075 0.1798735559 -0.8501044512 -0.0312370695 0.9813903570 0.1894656718 0.8683642149 -0.0672198087 0.4913503230
-60.2 -165.7 2223.5 0.4656947553 -0.1233367100 -0.8763084412 0.0606154203 0.9923601151 -0.1074577719 0.8828670382 -0.0030752842 0.4696130157
-11.9 -554.4 2224.7 0.4654557407 0.0521805845 -0.8835316300 0.0559636801 0.9945278168 0.0882183015 0.8833000660 -0.0905073956 0.4599884748
-192.4 -260.6 1961.5 0 0 0 0 0 0 0 0 0
232.3 193.7 2283.2 0 0 0 0 0 0 0 0 0
-216.7 -888.4 2087.3 0 0 0 0 0 0 0 0 0
-31.5 -928.7 2258.7 0 0 0 0 0 0 0 0 0
6.8 429.6 2225.9 7 0.5402696133 0.2086733878 -0.8152080774 -0.2305471599 0.9684032798 0.0950951949 0.8092939854 0.1365668625 0.5713078976
-35.0 235.7 2198.5 0.5402696133 0.2086733878 -0.8152080774 -0.2305471599 0.9684032798 0.0950951949 0.8092939854 0.1365668625 0.5713078976
-72.9 45.0 2174.5 0.5444083810 0.1937722117 -0.8161322474 -0.2105778754 0.9733663797 0.0906360298 0.8119584322 0.1225163788 0.5707129240
-112.6 265.7 2082.8 0.3346365690 0.0988963544 -0.9371434450 0.9241143465 0.1602407843 0.3468942344 0.1844751686 -0.9821112156 -0.0377691127
-210.6 -5.0 2028.8 -0.0703074783 0.0925744995 -0.9932204485 0.9661282897 0.2541614473 -0.0447002202 0.2483002543 -0.9627211094 -0.1073082909
42.6 205.7 2314.3 -0.0170478038 0.1704433411 -0.9852200150 -0.9934736490 0.1082585976 0.0359193869 0.1127807498 0.9794024229 0.1674853861
39.0 -3.6 2338.0 0.6862657666 0.1704433411 0.7070985436 0.7002129555 0.1082585976 -0.7056783438 -0.1968276650 0.9794024229 -0.0450524613
-159.7 -126.3 2077.2 0.4934641123 -0.0280855708 -0.8693125844 -0.0231916439 0.9986982346 -0.0454304405 0.8694569468 0.0425790809 0.4921703935
-148.7 -517.5 2060.5 0.4941872358 0.1795351058 -0.8506151438 -0.0192642938 0.9804646373 0.1957497001 0.8691419959 -0.0803505033 0.4879917502
-60.6 -164.4 2223.5 0.4623147249 -0.1240567416 -0.8779948950 0.0615377352 0.9922662973 -0.1077996194 0.8845779896 -0.0041924641 0.4663734734
-12.0 -553.0 2225.2 0.4624630511 0.0493084714 -0.8852664232 0.0644870847 0.9939374328 0.0890493840 0.8842902780 -0.0982702971 0.4564795792
-191.3 -269.9 1960.7 0 0 0 0 0 0 0 0 0
232.4 193.7 2282.6 0 0 0 0 0 0 0 0 0
-216.3 -886.6 2090.8 0 0 0 0 0 0 0 0 0
-30.6 -927.3 2262.2 0 0 0 0 0 0 0 0 0
6.7 428.6 2225.6 8 0.5167138577 0.2060447186 -0.8309947848 -0.2218618989 0.9696781635 0.1024771035 0.8269124031 0.1314147413 0.5467596054
-34.5 234.9 2199.3 0.5167138577 0.2060447186 -0.8309947848 -0.2218618989 0.9696781635 0.1024771035 0.8269124031 0.1314147413 0.5467596054
-72.5 44.1 2176.3 0.5204682946 0.1939508915 -0.8315622807 -0.2036187053 0.9739586115 0.0997196063 0.8292479515 0.1174207479 0.5464066267
-108.6 263.9 2081.2 0.3476344049 0.1248913556 -0.9292752147 0.9205316305 0.1429490745 0.3635753691 0.1782464534 -0.9818185568 -0.0652724281
-210.8 -6.6 2028.8 -0.0727078840 0.1175113246 -0.9904063344 0.9667495489 0.2524133921 -0.0410224386 0.2451712042 -0.9604575038 -0.1319564581
39.6 205.9 2317.5 0.0005777311 0.1868171841 -0.9823945165 -0.9947109222 0.1010113806 0.0186238680 0.1027122810 0.9771878123 0.1858874559
39.8 -3.8 2339.1 0.6834618449 0.1868171841 0.7056764364 0.7011517286 0.1010113806 -0.7058207989 -0.2031408101 0.9771878123 -0.0619497672
-160.1 -126.6 2077.1 0.4687171280 -0.0285154972 -0.8828879595 -0.0184018221 0.9989467263 -0.0420333222 0.8831565976 0.0359484851 0.4676987231
-148.9 -517.9 2063.1 0.4652248919 0.1763959527 -0.8674389124 -0.0384083465 0.9830434322 0.1793052703 0.8843588829 -0.0501003787 0.4641113579
-61.7 -164.6 2223.9 0.4391492903 -0.1264761537 -0.8894670606 0.0554560460 0.9919694662 -0.1136714369 0.8967009187 0.0005924033 0.4426365495
-12.1 -553.2 2223.7 0.4411818981 0.0477040000 -0.8961489201 0.0916478336 0.9909702539 0.0978705809 0.8927257061 -0.1253088415 0.4328261614
-190.6 -275.4 1960.7 0 0 0 0 0 0 0 0 0
232.3 193.7 2281.9 0 0 0 0 0 0 0 0 0
-215.3 -887.9 2081.9 0 0 0 0 0 0 0 0 0
-30.1 -926.2 2270.9 0 0 0 0 0 0 0 0 0
7.0 428.4 2225.4 9 0.4943226576 0.2077992111 -0.8440761566 -0.2165892124 0.9698269367 0.1119144484 0.8418635130 0.1274959594 0.5244144797
-34.5 234.8 2200.0 0.4943226576 0.2077992111 -0.8440761566 -0.2165892124 0.9698269367 0.1119144484 0.8418635130 0.1274959594 0.5244144797
-72.8 44.0 2177.4 0.4978192151 0.1956402659 -0.8449265957 -0.1997431815 0.9738984108 0.1078173593 0.8439660668 0.1150947660 0.5239031315
-105.4 263.2 2079.8 0.3609110713 0.1460631639 -0.9210910797 0.9173741341 0.1221387386 0.3788229525 0.1678329855 -0.9817065001 -0.0899133384
-211.1 -5.6 2030.6 -0.0731481984 0.1375830621 -0.9877855182 0.9669108987 0.2524994612 -0.0364331454 0.2444027364 -0.9577655792 -0.1515004486
36.4 206.3 2320.2 0.0126308706 0.1928111017 -0.9811546206 -0.9959806800 0.0894421339 0.0047549428 0.0886733681 0.9771509767 0.1931658685
39.1 -3.2 2338.9 0.6859923601 0.1928111017 0.7015969753 0.6997498870 0.0894421339 -0.7087666392 -0.1994104087 0.9771509767 -0.0735629350
-157.5 -128.3 2078.4 0.4459855258 -0.0212561805 -0.8947877288 -0.0305893086 0.9987719655 -0.0389728919 0.8945173025 0.0447522849 0.4447876215
-149.2 -519.5 2060.9 0.4474115968 0.1766024530 -0.8767179847 -0.0227379762 0.9822384119 0.1862542778 0.8940390944 -0.0633975267 0.4434804320
-63.5 -165.1 2228.2 0.4174800217 -0.1300158501 -0.8993365765 0.0490074009 0.9914920926 -0.1205889732 0.9073635936 0.0062693390 0.4202998877
-12.5 -553.4 2225.8 0.4189924002 0.0440228768 -0.9069219232 0.0788959116 0.9932811260 0.0846642703 0.9045555592 -0.1070261151 0.4127040207
-190.5 -277.9 1961.7 0 0 0 0 0 0 0 0 0
232.4 193.9 2282.7 0 0 0 0 0 0 0 0 0
-215.7 -889.3 2084.7 0 0 0 0 0 0 0 0 0
-29.1 -927.4 2266.1 0 0 0 0 0 0 0 0 0
7.7 428.8 2225.9 0 0.4977523685 0.2041986883 -0.8429386020 -0.2158967853 0.9704686999 0.1076060683 0.8400185704 0.1284265518 0.5271389484
-33.1 234.8 2200.2 0.4977523685 0.2041986883 -0.8429386020 -0.2158967853 0.9704686999 0.1076060683 0.8400185704 0.1284265518 0.5271389484
-70.6 44.0 2177.4 0.5012088418 0.1917164624 -0.8438213468 -0.1989159882 0.9745603800 0.1032692641 0.8421532512 0.1160900965 0.5265937448
-104.5 263.2 2080.2 0.3640468419 0.1427016258 -0.9203836918 0.9158892632 0.1246336624 0.3815930486 0.1691647321 -0.9818873405 -0.0853263959
-211.2 -5.2 2030.6 -0.0728854239 0.1346057802 -0.9882150292 0.9679525495 0.2483070642 -0.0375688151 0.2403237969 -0.9592835307 -0.1483899653
38.3 206.5 2320.2 0.0043596751 0.2026018202 -0.9792515039 -0.9946806431 0.1016599089 0.0166045167 0.1029147282 0.9739701152 0.2019672990
39.2 -2.3 2341.8 0.6849980950 0.2026018202 0.6998072267 0.6960540414 0.1016599089 -0.7107559443 -0.2151427865 0.9739701152 -0.0713849664
-156.1 -128.7 2078.6 0.4487991333 -0.0174646806 -0.8934620023 -0.0306758247 0.9989187121 -0.0349349827 0.8931059837 0.0430864729 0.4477781057
-149.3 -519.9 2061.8 0.4497478306 0.1775003374 -0.8753402233 -0.0254615769 0.9822031856 0.1860877573 0.8927925825 -0.0614050291 0.4462631941
-66.2 -164.7 2231.1 0.4206411839 -0.1374188513 -0.8967592120 0.0444906801 0.9903969765 -0.1308986843 0.9061354995 0.0151639516 0.4227156043
-12.3 -552.7 2225.2 0.4222174883 0.0455617197 -0.9053488374 0.0746636242 0.9935947061 0.0848227441 0.9034144878 -0.1034102738 0.4161112607
-190.5 -279.2 1962.6 0 0 0 0 0 0 0 0 0
232.2 193.8 2281.2 0 0 0 0 0 0 0 0 0
-216.1 -889.8 2084.9 0 0 0 0 0 0 0 0 0
-29.5 -926.8 2264.1 0 0 0 0 0 0 0 0 0
7.8 429.4 2225.6 1 0.5021870732 0.1996832788 -0.8413885832 -0.2124871761 0.9716382027 0.1037708372 0.8382465839 0.1266718954 0.5303742886
-32.1 235.4 2200.3 0.5021870732 0.1996832788 -0.8413885832 -0.2124871761 0.9716382027 0.1037708372 0.8382465839 0.1266718954 0.5303742886
-68.6 44.2 2177.9 0.5056484938 0.1863897294 -0.8423647881 -0.1950270534 0.9758042097 0.0988464281 0.8404070735 0.1143023744 0.5297649503
-104.1 263.1 2080.5 0.3650618494 0.1357605904 -0.9210314155 0.9170026779 0.1183701679 0.3809128404 0.1607355922 -0.9836450219 -0.0812803954
-210.5 -4.1 2033.7 -0.0699744299 0.1273024231 -0.9893925786 0.9664049745 0.2545473576 -0.0355967246 0.2473157048 -0.9586447477 -0.1408375055
40.0 207.6 2320.0 -0.0008990618 0.2055404335 -0.9786481857 -0.9955739975 0.0917860940 0.0201919712 0.0939765647 0.9743348956 0.2045481950
39.8 -3.4 2339.9 0.6828059554 0.2055404335 0.7010914087 0.6997796297 0.0917860940 -0.7084375620 -0.2099629939 0.9743348956 -0.0811609253
-153.5 -128.9 2078.6 0.4525623322 -0.0107772239 -0.8916676641 -0.0341431536 0.9989843369 -0.0294035356 0.8910788894 0.0437512770 0.4517346919
-149.3 -520.2 2061.5 0.4556465447 0.1782306433 -0.8721353412 -0.0175234526 0.9813564420 0.1913960874 0.8899883032 -0.0719261393 0.4502749145
-62.9 -164.9 2230.8 0.4255609512 -0.1274911463 -0.8959039450 0.0357369669 0.9916213751 -0.1241368353 0.9042238593 0.0208108984 0.4265514612
-13.0 -553.3 2222.7 0.4276164472 0.0356952362 -0.9032552242 0.0808263496 0.9937079549 0.0775343627 0.9003395438 -0.1061617881 0.4220407605
-190.6 -279.7 1963.1 0 0 0 0 0 0 0 0 0
232.1 193.8 2280.8 0 0 0 0 0 0 0 0 0
-216.4 -889.8 2088.5 0 0 0 0 0 0 0 0 0
-26.4 -927.5 2262.6 0 0 0 0 0 0 0 0 0
8.0 429.1 2225.4 2 0.5052741766 0.1993552744 -0.8396162391 -0.2122714669 0.9717684388 0.1029897481 0.8364441395 0.1261885166 0.5333269835
-32.0 234.1 2200.1 0.5052741766 0.1993552744 -0.8396162391 -0.2122714669 0.9717684388 0.1029897481 0.8364441395 0.1261885166 0.5333269835
-67.7 42.8 2177.5 0.5087961555 0.1826122999 -0.8412961364 -0.1943083704 0.9763855934 0.0944217592 0.8386719823 0.1154294536 0.5322643518
-104.5 261.8 2080.6 0.3657577932 0.1311264336 -0.9214266539 0.9172389507 0.1170481890 0.3807524145 0.1577780247 -0.9844316244 -0.0774629861
-210.1 -3.3 2035.0 -0.0791308880 0.1206794679 -0.9895325899 0.9635798931 0.2636233568 -0.0449050441 0.2554447949 -0.9570471048 -0.1371450573
40.6 206.4 2319.6 -0.0123855732 0.2147765309 -0.9765846729 -0.9952014685 0.0921538770 0.0328887291 0.0970597938 0.9723058939 0.2126045376
38.0 -1.4 2339.9 0.6880438328 0.2147765309 0.6931570768 0.6922765970 0.0921538770 -0.7157239318 -0.2175978124 0.9723058939 -0.0852788612
-150.8 -129.3 2079.5 0.4552193880 -0.0035760526 -0.8903720975 -0.0383639373 0.9989844561 -0.0236265603 0.8895524144 0.0449134484 0.4546199143
-149.4 -520.6 2061.9 0.4581502676 0.1775388718 -0.8709639907 -0.0224894229 0.9818516374 0.1883123666 0.8885902166 -0.0666878894 0.4538283646
-59.4 -164.5 2231.4 0.4277171493 -0.1177827716 -0.8962060213 0.0376169644 0.9929346442 -0.1125423983 0.9031295776 0.0144237624 0.4291258156
-13.3 -553.4 2225.8 0.4283571541 0.0310206972 -0.9030768871 0.0558785275 0.9965884686 0.0607377216 0.9018801451 -0.0764800459 0.4251623750
-187.5 -278.5 1962.0 0 0 0 0 0 0 0 0 0
231.8 193.6 2278.6 0 0 0 0 0 0 0 0 0
-216.3 -890.4 2087.1 0 0 0 0 0 0 0 0 0
-24.9 -928.6 2254.6 0 0 0 0 0 0 0 0 0
8.3 427.8 2218.8 3 0.4950771928 0.2032194883 -0.8447487354 -0.1982178837 0.9730395675 0.1179137006 0.8459362984 0.1090679169 0.5220114589
-32.5 232.7 2197.0 0.4950771928 0.2032194883 -0.8447487354 -0.1982178837 0.9730395675 0.1179137006 0.8459362984 0.1090679169 0.5220114589
-68.7 41.2 2177.9 0.4989610612 0.1847158968 -0.8467100263 -0.1786852479 0.9779554009 0.1080499068 0.8480032086 0.0973818898 0.5209676623
-103.6 258.2 2076.2 0.3867618144 0.1410899609 -0.9113225937 0.9111975431 0.0935899466 0.4011982083 0.1418956816 -0.9855630398 -0.0923638046
-207.6 13.0 2038.0 -0.0571656562 0.1334725916 -0.9894024134 0.9661921859 0.2569529414 -0.0211610924 0.2514054477 -0.9571626186 -0.1436490715
38.6 207.3 2317.8 -0.0092052585 0.2082856447 -0.9780247211 -0.9945078492 0.1000667810 0.0306711830 0.1042561531 0.9729356170 0.2062205672
36.7 2.1 2339.3 0.7052029371 0.2082856447 0.6777211428 0.6739173532 0.1000667810 -0.7319986224 -0.2202821821 0.9729356170 -0.0697999224
-149.5 -130.8 2079.1 0.4453893602 -0.0012619917 -0.8953360915 -0.0395695418 0.9989941716 -0.0210921634 0.8944621682 0.0448222645 0.4448914528
-149.0 -522.2 2061.5 0.4487094581 0.1835307181 -0.8746291995 -0.0222083405 0.9806730151 0.1943892539 0.8934016824 -0.0678002387 0.4441131949
-57.5 -166.0 2230.7 0.4199493527 -0.1138380840 -0.9003795981 0.0376974680 0.9934336543 -0.1080206111 0.9067642689 0.0114211543 0.4214832187
-12.9 -555.1 2226.2 0.4209520221 0.0334376357 -0.9064663649 0.0634069517 0.9957911372 0.0661780611 0.9048640728 -0.0853340626 0.4170601368
-191.4 -261.0 1966.7 0 0 0 0 0 0 0 0 0
235.3 191.9 2277.3 0 0 0 0 0 0 0 0 0
-218.1 -891.5 2087.0 0 0 0 0 0 0 0 0 0
-25.5 -930.1 2258.3 0 0 0 0 0 0 0 0 0
8.6 426.1 2216.1 4 0.5019878745 0.2035653889 -0.8405767679 -0.1923612207 0.9738405943 0.1209612712 0.8432112932 0.1009732783 0.5280142426
-32.3 230.6 2195.8 0.5019878745 0.2035653889 -0.8405767679 -0.1923612207 0.9738405943 0.1209612712 0.8432112932 0.1009732783 0.5280142426
-68.2 38.9 2178.3 0.5060306191 0.1834997386 -0.8427697420 -0.1719651222 0.9789538383 0.1098973379 0.8451988101 0.0893155858 0.5269361734
-104.4 255.1 2075.4 0.3833805621 0.1351119131 -0.9136542678 0.9132683277 0.0920262858 0.3968275487 0.1376963407 -0.9865474701 -0.0881123468
-208.4 7.4 2038.0 -0.0687678307 0.1249732226 -0.9897740483 0.9635430574 0.2654569447 -0.0334275812 0.2585648596 -0.9559886456 -0.1386719793
39.8 206.1 2316.2 -0.0189120192 0.2000701129 -0.9795990586 -0.9956560731 0.0855700374 0.0366985574 0.0911666080 0.9760377407 0.1975827217
35.9 1.5 2335.0 0.7107822895 0.2000701129 0.6743593216 0.6729692221 0.0855700374 -0.7347041965 -0.2046972960 0.9760377407 -0.0738193616
-150.0 -134.1 2082.2 0.4525794983 -0.0022867457 -0.8917211294 -0.0450351946 0.9986619949 -0.0254179128 0.8905861378 0.0516624600 0.4518709481
-149.1 -525.3 2062.0 0.4562426507 0.1836673170 -0.8706945181 -0.0259405207 0.9807967544 0.1932998598 0.8894771934 -0.0656053722 0.4522457421
-59.8 -166.4 2235.5 0.4280006289 -0.1186830178 -0.8959519267 0.0365909301 0.9928029180 -0.1140327975 0.9030374289 0.0160223972 0.4292629957
-13.3 -555.3 2229.2 0.4284170866 0.0296836719 -0.9030933976 0.0493993387 0.9971960783 0.0562111959 0.9022297263 -0.0686940551 0.4257494807
-188.9 -265.9 1964.7 0 0 0 0 0 0 0 0 0
236.1 191.0 2277.3 0 0 0 0 0 0 0 0 0
-218.3 -894.7 2086.7 0 0 0 0 0 0 0 0 0
-24.5 -930.8 2255.1 0 0 0 0 0 0 0 0 0
8.1 426.4 2214.7 5 0.5131860375 0.2003660202 -0.8345618844 -0.1903082728 0.9747282267 0.1169941574 0.8369126916 0.0987842679 0.5383481979
-32.0 231.2 2194.9 0.5131860375 0.2003660202 -0.8345618844 -0.1903082728 0.9747282267 0.1169941574 0.8369126916 0.0987842679 0.5383481979
-68.0 39.5 2178.1 0.5170760751 0.1837010533 -0.8359941840 -0.1705175042 0.9792283177 0.1097074002 0.8387825489 0.0858245715 0.5376597643
-105.7 255.5 2075.4 0.3657976687 0.1227333918 -0.9225662947 0.9213749170 0.0921734571 0.3775875568 0.1313787252 -0.9881500602 -0.0793666318
-205.9 3.2 2039.4 -0.0668089017 0.1124172434 -0.9914125800 0.9615619183 0.2724875510 -0.0338997096 0.2663366497 -0.9555693865 -0.1263007373
41.7 207.0 2314.4 -0.0153258787 0.1940936893 -0.9808632731 -0.9944381714 0.0992723182 0.0351820365 0.1042011827 0.9759470224 0.1914927214
38.5 0.4 2336.1 0.7071770430 0.1940936893 0.6798737049 0.6753363013 0.0992723182 -0.7307981253 -0.2093359381 0.9759470224 -0.0608754046
-149.9 -137.3 2084.4 0.4641163647 -0.0033498013 -0.8857678771 -0.0509731360 0.9982346892 -0.0304835550 0.8843063712 0.0592982844 0.4631263018
-148.6 -528.3 2061.2 0.4695306420 0.1862957031 -0.8630381823 -0.0234804414 0.9797749519 0.1987201571 0.8826038837 -0.0730406865 0.4644086659
-58.4 -168.3 2237.2 0.4402446151 -0.1194057688 -0.8899027705 0.0326758996 0.9925919175 -0.1170193180 0.8972830772 0.0224387515 0.4408849478
-11.7 -557.2 2228.4 0.4405912459 0.0399052203 -0.8968204856 0.0409584939 0.9970775247 0.0644884408 0.8967729807 -0.0651454553 0.4376691878
-186.8 -271.0 1963.4 0 0 0 0 0 0 0 0 0
237.7 190.6 2277.1 0 0 0 0 0 0 0 0 0
-218.8 -897.3 2088.7 0 0 0 0 0 0 0 0 0
-26.7 -932.6 2252.9 0 0 0 0 0 0 0 0 0
7.7 425.5 2213.5 6 0.5367396474 0.1944742650 -0.8210300207 -0.1909642816 0.9758243561 0.1062989533 0.8218535185 0.0997325480 0.5609012246
-31.2 230.3 2193.5 0.5367396474 0.1944742650 -0.8210300207 -0.1909642816 0.9758243561 0.1062989533 0.8218535185 0.0997325480 0.5609012246
-66.4 38.4 2176.3 0.5402134061 0.1794876754 -0.8221639991 -0.1727978140 0.9798300862 0.1003689393 0.8235960007 0.0878474861 0.5603324771
-108.2 254.9 2076.2 0.3598903418 0.0986288190 -0.9277668595 0.9231099486 0.1067235097 0.3694294393 0.1354509145 -0.9893848896 -0.0526364893
-207.4 0.5 2038.9 -0.0759420767 0.0869673863 -0.9933123589 0.9603838325 0.2742650211 -0.0494118817 0.2681336105 -0.9577136040 -0.1043503284
45.7 205.7 2310.9 -0.0287327226 0.1755367815 -0.9840534925 -0.9921942353 0.1145020202 0.0493954420 0.1213468313 0.9777914286 0.1708766222
39.8 -0.2 2336.0 0.7059426308 0.1755367815 0.6861718893 0.6776238084 0.1145020202 -0.7264401317 -0.2060850263 0.9777914286 -0.0381160378
-150.7 -136.9 2085.5 0.4877085984 -0.0024692367 -0.8730030060 -0.0563533939 0.9978213906 -0.0343044586 0.8711857200 0.0659272596 0.4865069389
-149.7 -527.8 2059.6 0.4981500506 0.1837463230 -0.8473982811 -0.0045222444 0.9778261781 0.2093693316 0.8670790792 -0.1004652008 0.4879350960
-57.2 -167.7 2237.1 0.4637198746 -0.1144273728 -0.8785614371 0.0287054796 0.9930444956 -0.1141868606 0.8855167031 0.0277311876 0.4637791514
-12.4 -556.7 2226.2 0.4645804167 0.0347926207 -0.8848471642 0.0502574332 0.9965813160 0.0655732453 0.8841035962 -0.0749341920 0.4612435997
-185.7 -274.0 1962.2 0 0 0 0 0 0 0 0 0
238.6 190.7 2278.0 0 0 0 0 0 0 0 0 0
-218.9 -895.9 2097.5 0 0 0 0 0 0 0 0 0
-25.5 -932.0 2254.4 0 0 0 0 0 0 0 0 0
6.8 426.2 2213.4 7 0.5582457781 0.1927152574 -0.8069835305 -0.1933631152 0.9760856032 0.0993359014 0.8068285584 0.1005870029 0.5821596980
-31.8 230.9 2193.3 0.5582457781 0.1927152574 -0.8069835305 -0.1933631152 0.9760856032 0.0993359014 0.8068285584 0.1005870029 0.5821596980
-66.8 39.0 2175.7 0.5614955425 0.1788837761 -0.8079129457 -0.1762583107 0.9798027277 0.0944440216 0.8084897995 0.0893714800 0.5816845894
-111.8 256.0 2078.1 0.3386678398 0.0759771690 -0.9378334284 0.9305059910 0.1207415238 0.3458034694 0.1395086050 -0.9897722006 -0.0298059396
-205.4 -1.3 2039.5 -0.0716072693 0.0654042214 -0.9952862263 0.9594833851 0.2771445215 -0.0508191101 0.2725143433 -0.9585996270 -0.0825998262
48.2 205.8 2308.4 -0.0301053487 0.1583892554 -0.9869176745 -0.9898986220 0.1321310401 0.0514018349 0.1385439634 0.9784958959 0.1528114378
41.9 -1.5 2337.4 0.7007240653 0.1583892554 0.6956282258 0.6831426024 0.1321310401 -0.7182322741 -0.2056743503 0.9784958959 -0.0156150358
-150.4 -137.9 2084.7 0.5098239183 -0.0078940857 -0.8602425456 -0.0489928126 0.9980685711 -0.0381945148 0.8588825464 0.0616181791 0.5084525347
-147.3 -528.8 2060.5 0.5135893822 0.1961624622 -0.8353120685 -0.0306914486 0.9770931005 0.2105873972 0.8574870229 -0.0825185180 0.5078451633
-52.7 -169.1 2233.5 0.4847769737 -0.1081854776 -0.8679211736 0.0357204527 0.9939416647 -0.1039421558 0.8739081025 0.0193862263 0.4857044816
-10.4 -558.4 2225.9 0.4860222340 0.0522602685 -0.8723825216 0.0572557971 0.9941619635 0.0914538726 0.8720688820 -0.0943975672 0.4801926017
-184.9 -275.5 1961.6 0 0 0 0 0 0 0 0 0
239.3 191.0 2279.5 0 0 0 0 0 0 0 0 0
-221.1 -896.7 2091.6 0 0 0 0 0 0 0 0 0
-30.0 -932.7 2261.5 0 0 0 0 0 0 0 0 0
4.5 427.3 2213.8 8 0.5716263056 0.1894692928 -0.7983387113 -0.1966515779 0.9762519002 0.0908869058 0.7965999842 0.1050412208 0.5953106880
-33.3 232.5 2192.9 0.5716263056 0.1894692928 -0.7983387113 -0.1966515779 0.9762519002 0.0908869058 0.7965999842 0.1050412208 0.5953106880
-68.4 40.7 2174.6 0.5745614767 0.1792739928 -0.7985862494 -0.1810850054 0.9793797135 0.0895743594 0.7981774807 0.0931460187 0.5951777101
-115.2 258.3 2079.2 0.3299400210 0.0612207130 -0.9420146346 0.9329686761 0.1309745908 0.3352836072 0.1439062953 -0.9894936681 -0.0139032481
-207.1 -1.6 2039.1 -0.0788438991 0.0503268912 -0.9956158400 0.9600087404 0.2729673386 -0.0622260422 0.2686389685 -0.9607059956 -0.0698360652
48.5 206.7 2306.6 -0.0052449033 0.1454445124 -0.9893525243 -0.9856281281 0.1663029939 0.0296733268 0.1688480973 0.9752892852 0.1424819529
47.4 -5.0 2342.8 0.6825451255 0.1454445124 0.7162248492 0.6967563629 0.1663029939 -0.6977635026 -0.2205961943 0.9752892852 0.0121699087
-152.6 -137.0 2085.2 0.5235149860 -0.0143699339 -0.8518952727 -0.0491539091 0.9976831079 -0.0470356531 0.8505973816 0.0664978549 0.5215957165
-147.0 -527.8 2059.1 0.5293399692 0.1903739572 -0.8267750144 -0.0204406288 0.9770784378 0.2118959278 0.8481635451 -0.0952651799 0.5210980773
-51.1 -168.8 2231.3 0.4972122014 -0.1083891317 -0.8608320355 0.0437908284 0.9940366149 -0.0998678282 0.8665231466 0.0119589539 0.4989935756
-8.7 -558.2 2226.6 0.4967477918 0.0707659498 -0.8650050759 0.0371107683 0.9940267801 0.1026328504 0.8671011329 -0.0830836445 0.4911544323
-184.6 -275.8 1962.3 0 0 0 0 0 0 0 0 0
239.6 191.2 2280.7 0 0 0 0 0 0 0 0 0
-218.6 -895.7 2095.0 0 0 0 0 0 0 0 0 0
-35.3 -932.4 2257.9 0 0 0 0 0 0 0 0 0
4.0 430.2 2212.6 9 0.5788889527 0.1918834001 -0.7925075889 -0.1951243877 0.9762780070 0.0938491896 0.7917158604 0.1003093123 0.6025977135
-34.3 235.5 2192.5 0.5788889527 0.1918834001 -0.7925075889 -0.1951243877 0.9762780070 0.0938491896 0.7917158604 0.1003093123 0.6025977135
-69.5 43.6 2174.9 0.5818129778 0.1800843477 -0.7931351066 -0.1797499061 0.9795359373 0.0905498564 0.7932109833 0.0898828804 0.6022768617
-117.2 261.1 2079.5 0.3226228654 0.0528186820 -0.9450527430 0.9359432459 0.1310952157 0.3268399239 0.1411551535 -0.9899617434 -0.0071409713
-208.4 -3.6 2039.6 -0.0874039233 0.0400839113 -0.9953661561 0.9575696588 0.2788410485 -0.0728559121 0.2746286094 -0.9595003724 -0.0627549440
48.6 209.9 2305.6 -0.0028929666 0.1259379834 -0.9920338988 -0.9854578972 0.1681841910 0.0242246520 0.1698952317 0.9776777029 0.1236200333
48.0 -4.8 2342.6 0.6934402585 0.1259379834 0.7094224691 0.6898400784 0.1681841910 -0.7041553855 -0.2079935521 0.9776777029 0.0297486223
-155.5 -134.8 2084.3 0.5310592651 -0.0219736323 -0.8470497131 -0.0375393778 0.9980720282 -0.0494267344 0.8465027213 0.0580462441 0.5292105079
-146.9 -525.7 2061.5 0.5300548673 0.1895485669 -0.8265066147 -0.0427687541 0.9794316292 0.1971915066 0.8468840718 -0.0691736639 0.5272592902
-51.6 -167.5 2228.5 0.5052374601 -0.1036295667 -0.8567356467 0.0437825285 0.9945634007 -0.0944814160 0.8618690372 0.0102254953 0.5070278645
-11.1 -557.1 2224.5 0.5056414604 0.0441305786 -0.8616143465 0.0524617061 0.9952700734 0.0817635581 0.8611472249 -0.0865448043 0.5009346008
-183.4 -277.2 1961.1 0 0 0 0 0 0 0 0 0
243.3 189.5 2284.0 0 0 0 0 0 0 0 0 0
-218.2 -894.5 2087.6 0 0 0 0 0 0 0 0 0
-27.7 -931.7 2257.1 0 0 0 0 0 0 0 0 0
1.7 430.1 2206.9 0 0.5878643990 0.1871470213 -0.7870142460 -0.1802741736 0.9787147045 0.0980754346 0.7886169553 0.0842232928 0.6090893149
-35.6 234.7 2190.1 0.5878643990 0.1871470213 -0.7870142460 -0.1802741736 0.9787147045 0.0980754346 0.7886169553 0.0842232928 0.6090893149
-70.2 42.6 2175.3 0.5902577043 0.1768706292 -0.7875992656 -0.1673874259 0.9813106656 0.0949255675 0.7896690965 0.0758036673 0.6088321209
-119.7 258.6 2077.6 0.3096695840 0.0431548059 -0.9498643875 0.9422077537 0.1204088256 0.3126439154 0.1278641373 -0.9917859435 -0.0033738413
-205.9 -3.7 2042.0 -0.0776032358 0.0303891636 -0.9965210557 0.9556007385 0.2872566581 -0.0656566396 0.2842620611 -0.9573714733 -0.0513319522
48.5 210.9 2302.6 0.0119229164 0.1117865518 -0.9936606884 -0.9821292162 0.1879747659 0.0093625579 0.1878297478 0.9757916331 0.1120300516
51.1 -6.9 2344.3 0.6893561482 0.1117865518 0.7157456875 0.6925879121 0.1879747659 -0.6964104176 -0.2123914510 0.9757916331 0.0521595404
-157.4 -132.0 2085.6 0.5397800803 -0.0304799154 -0.8412540555 -0.0370545909 0.9975153804 -0.0599171109 0.8409901261 0.0635143891 0.5373095274
-145.5 -522.7 2060.8 0.5392346978 0.1976327598 -0.8186374307 -0.0397610404 0.9769644737 0.2096650451 0.8412163854 -0.0805087909 0.5346712470
-52.2 -164.5 2229.0 0.5145172477 -0.1070422232 -0.8507725596 0.0465618856 0.9942015409 -0.0969291329 0.8562149405 0.0102581391 0.5165179372
-10.3 -553.9 2225.0 0.5147796273 0.0474026799 -0.8560110331 0.0519128107 0.9949145913 0.0863134563 0.8557493687 -0.0888703465 0.5097009540
-183.7 -277.2 1960.6 0 0 0 0 0 0 0 0 0
245.3 188.2 2284.4 0 0 0 0 0 0 0 0 0
-219.9 -890.6 2091.1 0 0 0 0 0 0 0 0 0
-28.2 -928.6 2258.5 0 0 0 0 0 0 0 0 0
-0.6 431.0 2203.1 1 0.5899293423 0.1769492179 -0.7878276110 -0.1633762717 0.9816693664 0.0981498733 0.7907538414 0.0708108470 0.6080248356
-35.8 235.6 2189.0 0.5899293423 0.1769492179 -0.7878276110 -0.1633762717 0.9816693664 0.0981498733 0.7907538414 0.0708108470 0.6080248356
-69.0 43.0 2176.6 0.5917819738 0.1696869582 -0.7880358100 -0.1528731585 0.9834768176 0.0969697088 0.7914694548 0.0630845949 0.6079444289
-120.1 257.4 2076.2 0.3122824132 0.0448298231 -0.9489309788 0.9417070746 0.1170042381 0.3154326975 0.1251697391 -0.9921190739 -0.0056781932
-204.3 3.5 2042.5 -0.0584191903 0.0356962495 -0.9976537228 0.9592412114 0.2787871659 -0.0461948253 0.2764840722 -0.9596892595 -0.0505278334
48.5 213.9 2301.8 0.0268011857 0.0927153155 -0.9953318834 -0.9832959771 0.1817631572 -0.0095458310 0.1800296158 0.9789617062 0.0960380733
54.6 -7.0 2342.2 0.6937639713 0.0927153155 0.7142096758 0.6934534907 0.1817631572 -0.6971975565 -0.1944578886 0.9789617062 0.0618069619
-158.2 -134.5 2089.0 0.5410153270 -0.0299519524 -0.8404791951 -0.0413195677 0.9972121119 -0.0621347576 0.8399970531 0.0683440939 0.5382694602
-146.5 -525.1 2062.3 0.5386828780 0.1931234002 -0.8200756907 -0.0533567369 0.9792397022 0.1955572516 0.8408173323 -0.0615867823 0.5378041267
-51.5 -164.8 2231.8 0.5169143081 -0.1058085039 -0.8494728804 0.0395374373 0.9942237735 -0.0997793600 0.8551236391 0.0179913994 0.5181118846
-10.1 -554.2 2224.7 0.5167467594 0.0488910489 -0.8547411561 0.0360599644 0.9962391853 0.0787853152 0.8553785086 -0.0715339929 0.5130404234
-187.7 -268.9 1964.0 0 0 0 0 0 0 0 0 0
250.0 188.3 2287.4 0 0 0 0 0 0 0 0 0
-219.2 -893.8 2085.5 0 0 0 0 0 0 0 0 0
-28.5 -929.3 2251.7 0 0 0 0 0 0 0 0 0
0.4 434.9 2201.2 2 0.5907979012 0.1700762808 -0.7886899710 -0.1537577063 0.9833482504 0.0968751684 0.7920330763 0.0640335083 0.6071106195
-33.5 239.0 2188.4 0.5907979012 0.1700762808 -0.7886899710 -0.1537577063 0.9833482504 0.0968751684 0.7920330763 0.0640335083 0.6071106195
-65.2 46.1 2177.0 0.5924073458 0.1618996263 -0.7892034054 -0.1442146450 0.9850877523 0.0938307270 0.7926257849 0.0582286865 0.6069215536
-117.9 259.6 2075.5 0.3141444623 0.0447661169 -0.9483191967 0.9416074157 0.1128259599 0.3172471523 0.1211969405 -0.9926058054 -0.0067084562
-201.9 7.7 2043.1 -0.0494818985 0.0368544608 -0.9980948567 0.9590469003 0.2807969153 -0.0371776707 0.2788917720 -0.9590593576 -0.0492395200
50.9 218.4 2301.4 0.0408225730 0.0875753015 -0.9953210950 -0.9832919836 0.1803847253 -0.0244576968 0.1773988307 0.9796897173 0.0934758633
60.1 -3.6 2341.4 0.6941302419 0.0875753015 0.7145024538 0.6943506598 0.1803847253 -0.6966624260 -0.1898957640 0.9796897173 0.0644025281
-155.7 -135.7 2092.8 0.5411650538 -0.0181968324 -0.8407195210 -0.0482907221 0.9974434972 -0.0526734069 0.8395286798 0.0691039562 0.5389028192
-148.6 -526.4 2065.7 0.5384017229 0.1857108027 -0.8219702840 -0.0632329136 0.9815677404 0.1803508252 0.8403125405 -0.0451256149 0.5402207375
-48.8 -163.4 2235.8 0.5185947418 -0.0992374197 -0.8492416739 0.0235323049 0.9945220351 -0.1018438786 0.8546962738 0.0328310840 0.5180891752
-9.9 -552.9 2223.0 0.5202822089 0.0493782945 -0.8525657058 0.0529611558 0.9945397973 0.0899208412 0.8523505926 -0.0919370800 0.5148261786
-187.9 -263.5 1964.2 0 0 0 0 0 0 0 0 0
255.7 192.0 2287.9 0 0 0 0 0 0 0 0 0
-218.5 -896.0 2082.7 0 0 0 0 0 0 0 0 0
-28.5 -927.4 2257.6 0 0 0 0 0 0 0 0 0
-1.1 430.2 2193.7 3 0.6373769045 0.1646818072 -0.7527487278 -0.1442362070 0.9851264358 0.0933904946 0.7569323778 0.0490486771 0.6516498923
-33.8 234.4 2184.0 0.6373769045 0.1646818072 -0.7527487278 -0.1442362070 0.9851264358 0.0933904946 0.7569323778 0.0490486771 0.6516498923
-64.5 41.2 2175.1 0.6386327147 0.1574172974 -0.7532383800 -0.1365491301 0.9865006208 0.0903930515 0.7572995424 0.0451260917 0.6515067220
-124.7 253.8 2076.2 0.2962224483 -0.0061451453 -0.9550992250 0.9468296766 0.1333490163 0.2927996814 0.1255622506 -0.9910500646 0.0453193784
-200.4 11.7 2044.1 -0.0476379581 -0.0132333674 -0.9987770319 0.9598088861 0.2762654722 -0.0494397208 0.2765818536 -0.9609902501 -0.0004592185
57.1 214.9 2291.7 0.0150223514 0.0300689582 -0.9994349480 -0.9743003249 0.2251152098 -0.0078717507 0.2247513086 0.9738680720 0.0326779559
60.4 -4.3 2342.3 0.6953384280 0.0300689582 0.7180531621 0.6952108741 0.2251152098 -0.6826456189 -0.1821711212 0.9738680720 0.1356269866
-150.5 -133.8 2094.0 0.5896584988 -0.0031378376 -0.8076465726 -0.0559230559 0.9974337816 -0.0447043180 0.8057142496 0.0715263486 0.5879698396
-149.2 -524.5 2066.0 0.5860551000 0.1814063340 -0.7897032499 -0.0761281475 0.9826322794 0.1692286730 0.8066869974 -0.0390586816 0.5896867514
-43.4 -159.9 2237.3 0.5688978434 -0.0859950781 -0.8178998232 0.0138953198 0.9953811765 -0.0949906856 0.8222908378 0.0426750146 0.5674651265
-9.7 -549.7 2220.6 0.5709779263 0.0497532710 -0.8194563985 0.0485695228 0.9943664074 0.0942150280 0.8195274472 -0.0935953036 0.5653448105
-187.0 -259.3 1966.1 0 0 0 0 0 0 0 0 0
256.3 191.6 2291.0 0 0 0 0 0 0 0 0 0
-217.5 -894.5 2080.7 0 0 0 0 0 0 0 0 0
-28.4 -924.2 2255.8 0 0 0 0 0 0 0 0 0
-2.7 428.0 2190.0 4 0.6532864571 0.1549617797 -0.7410827279 -0.1343211979 0.9870244265 0.0879805312 0.7451003790 0.0420666300 0.6656243801
-33.5 231.9 2181.6 0.6532864571 0.1549617797 -0.7410827279 -0.1343211979 0.9870244265 0.0879805312 0.7451003790 0.0420666300 0.6656243801
-62.9 38.4 2174.0 0.6540786624 0.1505054235 -0.7413023710 -0.1291994005 0.9878333807 0.0865607783 0.7453110814 0.0391582586 0.6655659676
-126.6 250.3 2075.5 0.2852254212 -0.0256969985 -0.9581159353 0.9510336518 0.1317901462 0.2795824409 0.1190858036 -0.9909445047 0.0620286129
-199.6 6.8 2045.1 -0.0483010858 -0.0332796946 -0.9982782602 0.9589530230 0.2780470848 -0.0556676425 0.2794209719 -0.9599907398 0.0184836872
59.6 213.5 2287.8 0.0181248840 0.0255832355 -0.9995083809 -0.9658886194 0.2587286234 -0.0108928587 0.2583227456 0.9656112194 0.0293999836
63.7 -1.7 2345.3 0.6970193982 0.0255832355 0.7165957689 0.6877893806 0.2587286234 -0.6782368422 -0.2027553171 0.9656112194 0.1627429873
-152.9 -139.7 2097.9 0.6055387855 -0.0088111665 -0.7957670093 -0.0627642572 0.9962952137 -0.0587919727 0.7933369279 0.0855465457 0.6027423143
-149.5 -529.9 2064.4 0.6072158813 0.1814462692 -0.7735412717 -0.0538374707 0.9807335734 0.1877850294 0.7927107811 -0.0723805502 0.6052855849
-37.7 -164.4 2234.6 0.5848370790 -0.0710394084 -0.8080340028 0.0158749856 0.9969692230 -0.0761599466 0.8109954000 0.0317136310 0.5841923356
-9.9 -554.8 2222.2 0.5856446028 0.0505696386 -0.8089889288 0.0305338614 0.9959672689 0.0843617171 0.8099926114 -0.0741075426 0.5817387700
-186.0 -263.6 1966.3 0 0 0 0 0 0 0 0 0
260.0 192.0 2288.2 0 0 0 0 0 0 0 0 0
-217.8 -899.1 2091.7 0 0 0 0 0 0 0 0 0
-28.9 -929.8 2250.1 0 0 0 0 0 0 0 0 0
-3.9 426.8 2188.6 5 0.6564068198 0.1498441398 -0.7393759489 -0.1279025376 0.9879916906 0.0866794214 0.7434857488 0.0376710966 0.6676899195
-33.7 230.6 2181.2 0.6564068198 0.1498441398 -0.7393759489 -0.1279025376 0.9879916906 0.0866794214 0.7434857488 0.0376710966 0.6676899195
-62.1 37.0 2174.1 0.6570653915 0.1452944428 -0.7396990061 -0.1234917566 0.9887400270 0.0845158398 0.7436497211 0.0358143002 0.6676095128
-127.3 248.2 2075.2 0.2707744837 -0.0283676870 -0.9622247219 0.9551295042 0.1325580180 0.2648698688 0.1200368628 -0.9907692075 0.0629881471
-197.6 0.3 2044.1 -0.0501974039 -0.0365560241 -0.9980700612 0.9571162462 0.2837300301 -0.0585297532 0.2853220701 -0.9582071304 0.0207458511
59.9 213.0 2287.1 0.0297871288 0.0361553580 -0.9989021420 -0.9586840868 0.2838829160 -0.0183126610 0.2829091549 0.9581770301 0.0431176238
66.5 0.6 2349.8 0.6949149370 0.0361553580 0.7181824446 0.6819047928 0.2838829160 -0.6741040945 -0.2282522023 0.9581770301 0.1726199836
-151.4 -143.4 2099.0 0.6084164977 -0.0062195114 -0.7935935259 -0.0670871809 0.9959869981 -0.0592387654 0.7907772660 0.0892817900 0.6055576801
-149.0 -533.5 2064.0 0.6106460094 0.1911496967 -0.7684876323 -0.0558839217 0.9784130454 0.1989596784 0.7899293900 -0.0785478354 0.6081462502
-33.3 -166.7 2233.6 0.5883488655 -0.0557432845 -0.8066835403 0.0047342880 0.9978413582 -0.0654997155 0.8085933924 0.0347176082 0.5873426795
-11.5 -557.5 2220.0 0.5917278528 0.0406822897 -0.8051106334 0.0627647340 0.9933690429 0.0963248610 0.8036906719 -0.1075306609 0.5852507353
-183.4 -269.5 1963.7 0 0 0 0 0 0 0 0 0
262.2 192.6 2285.5 0 0 0 0 0 0 0 0 0
-221.0 -901.9 2093.6 0 0 0 0 0 0 0 0 0
-26.8 -931.4 2260.4 0 0 0 0 0 0 0 0 0
-3.8 426.5 2181.0 6 0.6880461574 0.1486923695 -0.7102696896 -0.1194403619 0.9886378646 0.0912645087 0.7157698870 0.0220406745 0.6979883313
-33.3 230.1 2176.6 0.6880461574 0.1486923695 -0.7102696896 -0.1194403619 0.9886378646 0.0912645087 0.7157698870 0.0220406745 0.6979883313
-60.9 36.3 2171.4 0.6883980036 0.1409817040 -0.7115000486 -0.1170374379 0.9896646738 0.0828619376 0.7158284783 0.0262301508 0.6977832913
-131.3 246.8 2074.7 0.2454444915 -0.0688622966 -0.9669617414 0.9625812769 0.1355038136 0.2346826792 0.1148662120 -0.9883808494 0.0995442197
-195.0 -3.0 2044.9 -0.0488724709 -0.0772098601 -0.9958162904 0.9561879635 0.2845091224 -0.0689867958 0.2886452973 -0.9555590749 0.0599224716
64.7 213.4 2278.5 0.0135620115 -0.0009596776 -0.9999075532 -0.9461830854 0.3233648837 -0.0131436866 0.3233475983 0.9462738633 0.0034774474
67.7 1.6 2350.9 0.6956542134 -0.0009596776 0.7183761597 0.6799970865 0.3233648837 -0.6580570936 -0.2316660881 0.9462738633 0.2256027162
-149.9 -145.5 2099.9 0.6414875984 -0.0027599330 -0.7671284080 -0.0682088584 0.9958276749 -0.0606203005 0.7640950084 0.0912121236 0.6386228800
-148.8 -535.6 2064.2 0.6422209144 0.1857080609 -0.7436832786 -0.0643662810 0.9798466563 0.1890967041 0.7638123035 -0.0735737309 0.6412313581
-31.2 -167.8 2234.3 0.6226705313 -0.0482723601 -0.7809937000 -0.0062642586 0.9977557659 -0.0666645542 0.7824590802 0.0464023985 0.6209707260
-12.3 -558.6 2216.1 0.6282185316 0.0306521636 -0.7774328589 0.0859306678 0.9903770685 0.1084858105 0.7732770443 -0.1349581331 0.6195392609
-181.3 -272.5 1963.5 0 0 0 0 0 0 0 0 0
263.6 193.1 2285.6 0 0 0 0 0 0 0 0 0
-218.8 -904.6 2091.9 0 0 0 0 0 0 0 0 0
-23.8 -931.3 2266.9 0 0 0 0 0 0 0 0 0
-5.8 426.3 2183.6 7 0.6888002157 0.1418066025 -0.7109466791 -0.1206751838 0.9894278049 0.0804368407 0.7148368955 0.0303887054 0.6986306310
-34.0 230.0 2177.6 0.6888002157 0.1418066025 -0.7109466791 -0.1206751838 0.9894278049 0.0804368407 0.7148368955 0.0303887054 0.6986306310
-60.8 36.1 2171.3 0.6891027689 0.1371503025 -0.7115666866 -0.1185282245 0.9900350571 0.0760371238 0.7149044871 0.0319433473 0.6984921098
-132.1 246.9 2075.8 0.2393617779 -0.0704092160 -0.9683741331 0.9637492299 0.1383088082 0.2281623483 0.1178699434 -0.9878832102 0.1009626687
-193.9 -2.0 2045.3 -0.0539022051 -0.0787198246 -0.9954384565 0.9586030245 0.2750537694 -0.0736589953 0.2795975506 -0.9582006931 0.0606350563
64.2 213.1 2279.4 0.0183231309 0.0031912266 -0.9998270273 -0.9467447996 0.3215708435 -0.0163239464 0.3214631379 0.9468801618 0.0089134621
68.3 2.0 2351.1 0.6957947612 0.0031912266 0.7182335854 0.6793739796 0.3215708435 -0.6595780253 -0.2330678552 0.9468801618 0.2215792835
-150.6 -147.0 2101.6 0.6420392990 -0.0012417433 -0.7666707039 -0.0749260634 0.9951101542 -0.0643576756 0.7630017400 0.0987637788 0.6388067603
-150.1 -536.8 2062.9 0.6472353935 0.1703602225 -0.7430099249 -0.0465614498 0.9817226529 0.1845335662 0.7608668208 -0.0848410428 0.6433379054
-26.3 -168.1 2230.9 0.6223726869 -0.0398295335 -0.7817069888 0.0045617931 0.9988721013 -0.0472625569 0.7827077508 0.0258489400 0.6218523979
-10.7 -559.3 2220.8 0.6247653961 0.0546417050 -0.7788982391 0.0406351537 0.9939212203 0.1023201495 0.7797544599 -0.0955767408 0.6187472343
-178.7 -272.1 1966.5 0 0 0 0 0 0 0 0 0
264.3 193.4 2285.4 0 0 0 0 0 0 0 0 0
-214.3 -906.4 2094.9 0 0 0 0 0 0 0 0 0
-31.3 -933.1 2256.7 0 0 0 0 0 0 0 0 0
-5.6 426.5 2184.4 8 0.6731435061 0.1441046447 -0.7253355980 -0.1206187904 0.9890903234 0.0845660418 0.7296087742 0.0305640232 0.6831814647
-34.2 230.2 2178.4 0.6731435061 0.1441046447 -0.7253355980 -0.1206187904 0.9890903234 0.0845660418 0.7296087742 0.0305640232 0.6831814647
-61.2 36.3 2172.1 0.6735708714 0.1381544918 -0.7260961533 -0.1176223531 0.9898924232 0.0792334452 0.7297035456 0.0320357978 0.6830127835
-130.1 247.0 2074.4 0.2416521609 -0.0507614501 -0.9690343142 0.9637116194 0.1292787492 0.2335527390 0.1134200692 -0.9903081656 0.0801598877
-192.5 -2.0 2045.1 -0.0538851507 -0.0591731295 -0.9967923164 0.9601926208 0.2709379792 -0.0679904670 0.2740921080 -0.9607763290 0.0422180705
61.8 213.4 2282.3 0.0304428972 0.0211216267 -0.9993132949 -0.9500770569 0.3112127185 -0.0223651379 0.3105266392 0.9501055479 0.0295413919
68.6 2.3 2351.4 0.6951563954 0.0211216267 0.7185481787 0.6784297824 0.3112127185 -0.6654920578 -0.2376776189 0.9501055479 0.2020119876
-149.9 -147.1 2100.5 0.6255766153 -0.0040299776 -0.7801523805 -0.0751197860 0.9950291514 -0.0653758496 0.7765377760 0.0995024815 0.6221641898
-148.3 -536.9 2061.5 0.6316539049 0.1732324362 -0.7556479573 -0.0426858366 0.9810075164 0.1892146170 0.7740744352 -0.0872626901 0.6270518303
