-26.2 432.1 2192.7 85 0.6505813599 0.1510485113 -0.7442635298 -0.1446564049 0.9867253304 0.0738080367 0.7455322742 0.0596443564 0.6637952328
-56.3 235.7 2180.8 0.6505813599 0.1510485113 -0.7442635298 -0.1446564049 0.9867253304 0.0738080367 0.7455322742 0.0596443564 0.6637952328
-84.4 42.2 2171.5 0.6526585817 0.1436509341 -0.7439093590 -0.1307337880 0.9884862304 0.0761819035 0.7462877631 0.0475333147 0.6639240384
-149.2 254.4 2074.5 0.2898506224 -0.0296762288 -0.9566116929 0.9496403933 0.1332336366 0.2836051583 0.1190365255 -0.9906402826 0.0667996034
-223.2 12.1 2044.1 -0.4933670461 -0.0296762288 -0.8693148494 0.8599849343 0.1332336366 -0.4926202595 0.1304410845 -0.9906402826 -0.0402119793
36.7 217.1 2287.1 0.8193089366 0.3922398984 -0.4181874096 -0.5616074800 0.4021489024 -0.7230997682 -0.1154549718 0.8272992969 0.5497690439
174.9 122.4 2267.6 -0.0293346476 0.3922398984 0.9193950891 0.9043834805 0.4021489024 -0.1427123845 -0.4257112145 0.8272992969 -0.3665321469
-169.9 -136.7 2090.4 0.6847445965 -0.0302076638 -0.7281568050 -0.0394331105 0.9961412549 -0.0784071609 0.7277154922 0.0824023709 0.6809111238
-158.1 -527.0 2058.1 0.6815523505 0.1786176562 -0.7096352577 -0.0575964600 0.9798380136 0.1913114935 0.7294992208 -0.0895163119 0.6780986190
-51.3 -162.9 2224.3 0.6312135458 -0.0907256901 -0.7702845335 0.0487266891 0.9958118200 -0.0773594230 0.7740769982 0.0112969028 0.6329907179
-15.8 -552.9 2219.9 0.6323324442 0.0621894076 -0.7721969485 0.0651448146 0.9889736772 0.1329931021 0.7719532251 -0.1344004869 0.6213088632
-84.2 -230.1 2007.4 0 0 0 0 0 0 0 0 0
166.4 385.6 2143.7 0 0 0 0 0 0 0 0 0
-225.3 -896.0 2091.8 0 0 0 0 0 0 0 0 0
-39.2 -925.3 2270.5 0 0 0 0 0 0 0 0 0
-25.3 430.6 2189.5 86 0.6370407343 0.1554660201 -0.7549896836 -0.1388456821 0.9865729213 0.0859988034 0.7582222223 0.0500423126 0.6500729322
-56.2 234.7 2179.5 0.6370407343 0.1554660201 -0.7549896836 -0.1388456821 0.9865729213 0.0859988034 0.7582222223 0.0500423126 0.6500729322
-85.4 41.2 2171.5 0.6387773156 0.1488459259 -0.7548565865 -0.1275777221 0.9880176187 0.0868623927 0.7587407231 0.0408171527 0.6501126289
-147.2 252.9 2071.5 0.2917363346 -0.0505920947 -0.9551598430 0.9506619573 0.1254879534 0.2837157845 0.1055072770 -0.9908043146 0.0847053751
-222.4 7.8 2044.2 -0.5044245124 -0.0505920947 -0.8619723320 0.8530268669 0.1254879534 -0.5065549612 0.1337948143 -0.9908043146 -0.0201427806
34.8 216.6 2287.6 0.7908352017 0.3909693062 -0.4708744287 -0.6047548652 0.3809206784 -0.6994075775 -0.0940810740 0.8378797174 0.5376861095
170.2 113.0 2271.5 -0.0007947080 0.3909693062 0.9204033613 0.9104787111 0.3809206784 -0.1610215008 -0.4135551453 0.8378797174 -0.3562719524
-171.5 -139.4 2094.7 0.6720732450 -0.0311914161 -0.7398274541 -0.0483841598 0.9951274991 -0.0859080479 0.7389022708 0.0935324281 0.6672893763
-159.3 -529.3 2058.1 0.6721342206 0.1755507588 -0.7193173766 -0.0480438769 0.9797798395 0.1942246556 0.7388689518 -0.0959862396 0.6669777036
-53.5 -163.1 2229.6 0.6186339855 -0.1015205011 -0.7790927887 0.0449580327 0.9945660830 -0.0938993171 0.7843919992 0.0230628289 0.6198365092
-13.8 -552.7 2220.5 0.6190435290 0.0775575638 -0.7815176845 0.0500768796 0.9891887307 0.1378328949 0.7837585211 -0.1244605258 0.6084671021
-80.4 -232.5 2006.6 0 0 0 0 0 0 0 0 0
170.0 376.4 2151.9 0 0 0 0 0 0 0 0 0
-225.4 -898.3 2094.2 0 0 0 0 0 0 0 0 0
-43.0 -925.1 2267.4 0 0 0 0 0 0 0 0 0
-26.3 430.8 2188.4 87 0.6249732375 0.1538727283 -0.7653310299 -0.1335312426 0.9870042205 0.0893986523 0.7691409588 0.0463238396 0.6373980641
-56.8 235.1 2179.2 0.6249732375 0.1538727283 -0.7653310299 -0.1335312426 0.9870042205 0.0893986523 0.7691409588 0.0463238396 0.6373980641
-86.3 41.6 2171.9 0.6263724566 0.1505406648 -0.7648496628 -0.1244537979 0.9879023433 0.0925215110 0.7695250511 0.0372355208 0.6375301480
-146.0 252.8 2069.6 0.3009994626 -0.0274418965 -0.9532293677 0.9479320049 0.1176642105 0.2959393263 0.1040398479 -0.9926742315 0.0614299141
-223.8 7.8 2042.7 -0.5030420423 -0.0274418965 -0.8638261557 0.8565186858 0.1176642105 -0.5025244951 0.1154316515 -0.9926742315 -0.0356855467
32.5 217.3 2288.8 0.7304841280 0.4055567384 -0.5494694710 -0.6780446172 0.3346318603 -0.6544287801 -0.0815379992 0.8506146073 0.5194287896
157.4 101.3 2274.9 0.0639671832 0.4055567384 0.9118288755 0.9179079533 0.3346318603 -0.2132288069 -0.3916033804 0.8506146073 -0.3508582711
-172.3 -140.7 2095.0 0.6601772308 -0.0365140289 -0.7502217889 -0.0457460433 0.9950088263 -0.0886834785 0.7497155070 0.0928664878 0.6552117467
-157.9 -530.4 2058.6 0.6589117050 0.1859693527 -0.7288695574 -0.0524845943 0.9779621363 0.2020776868 0.7503870726 -0.0948969275 0.6541512012
-56.8 -163.7 2232.1 0.6070416570 -0.1051628292 -0.7876809239 0.0404658318 0.9940097928 -0.1015238911 0.7936390638 0.0297550671 0.6076608300
-15.6 -553.1 2220.4 0.6092795134 0.0663219467 -0.7901771069 0.0698367506 0.9881358147 0.1367860436 0.7898741961 -0.1385243386 0.5974192023
-82.1 -233.5 2010.2 0 0 0 0 0 0 0 0 0
176.0 367.8 2161.2 0 0 0 0 0 0 0 0 0
-228.0 -898.7 2094.3 0 0 0 0 0 0 0 0 0
-40.6 -925.2 2272.6 0 0 0 0 0 0 0 0 0
-27.3 431.5 2187.3 88 0.6133581400 0.1552265286 -0.7744007707 -0.1323467195 0.9868324995 0.0929836929 0.7786373496 0.0454570912 0.6258254647
-58.1 235.5 2178.3 0.6133581400 0.1552265286 -0.7744007707 -0.1323467195 0.9868324995 0.0929836929 0.7786373496 0.0454570912 0.6258254647
-87.8 42.1 2171.1 0.6147745252 0.1515775472 -0.7740003467 -0.1232309341 0.9877663255 0.0955606252 0.7790163159 0.0366325565 0.6259325743
-145.7 253.1 2067.3 0.3064499795 -0.0440096855 -0.9508688450 0.9473246932 0.1117832512 0.3001340032 0.0930824056 -0.9927576184 0.0759474337
-224.8 8.7 2043.3 -0.5080310106 -0.0440096855 -0.8602136970 0.8531368375 0.1117832512 -0.5095704794 0.1185835227 -0.9927576184 -0.0192430746
29.5 218.0 2289.3 0.6836117506 0.4106889963 -0.6033320427 -0.7271542549 0.3123240173 -0.6113103628 -0.0626233518 0.8566144109 0.5121425986
148.2 91.6 2278.4 0.1310298294 0.4106889963 0.9023113251 0.9095326662 0.3123240173 -0.2742334604 -0.3944381773 0.8566144109 -0.3326112926
-172.4 -140.6 2095.0 0.6489418745 -0.0342652723 -0.7600659728 -0.0431425162 0.9957208037 -0.0817240030 0.7596138120 0.0858252868 0.6446866393
-158.9 -530.7 2061.4 0.6445999146 0.1804500371 -0.7429190278 -0.0678917542 0.9814174771 0.1794728488 0.7614995837 -0.0652501062 0.6448727250
-59.1 -163.1 2234.1 0.5960745215 -0.1093449071 -0.7954488397 0.0351133496 0.9932858944 -0.1102278084 0.8021609783 0.0377731174 0.5959119201
-16.3 -552.2 2219.3 0.6002238393 0.0541235320 -0.7979987264 0.0924726725 0.9863214493 0.1364507228 0.7944684625 -0.1556940526 0.5870087147
-81.7 -231.7 2009.9 0 0 0 0 0 0 0 0 0
186.2 355.3 2164.1 0 0 0 0 0 0 0 0 0
-226.9 -900.1 2086.0 0 0 0 0 0 0 0 0 0
-36.7 -923.5 2277.9 0 0 0 0 0 0 0 0 0
-28.8 431.9 2186.8 89 0.6069317460 0.1473032683 -0.7809837461 -0.1262336075 0.9880663753 0.0882607549 0.7846648693 0.0450181402 0.6182834506
-58.0 235.7 2177.9 0.6069317460 0.1473032683 -0.7809837461 -0.1262336075 0.9880663753 0.0882607549 0.7846648693 0.0450181402 0.6182834506
-85.9 42.0 2170.9 0.6085036993 0.1421235949 -0.7807202935 -0.1154943630 0.9892169237 0.0900608301 0.7851014733 0.0353664421 0.6183565855
-144.7 252.2 2066.0 0.3138495386 -0.0546134412 -0.9479007721 0.9456336498 0.1076660305 0.3068957329 0.0852960795 -0.9926859736 0.0854352489
-225.4 9.1 2044.1 -0.5102385283 -0.0546134412 -0.8582971692 0.8515592217 0.1076660305 -0.5130837560 0.1204307228 -0.9926859736 -0.0084287813
28.7 219.3 2289.7 0.6342039108 0.4009486437 -0.6610791087 -0.7729719877 0.3096588552 -0.5537378788 -0.0173114464 0.8621783853 0.5063089132
137.3 86.8 2286.8 0.1996299922 0.4009486437 0.8940850496 0.8889889717 0.3096588552 -0.3373573422 -0.4121243358 0.8621783853 -0.2946217358
-173.1 -140.2 2093.5 0.6422904730 -0.0344445482 -0.7656869292 -0.0396177582 0.9961622953 -0.0780455619 0.7654367089 0.0804627240 0.6384609342
-159.6 -530.4 2062.0 0.6384241581 0.1748197526 -0.7495683432 -0.0623180196 0.9824072719 0.1760464758 0.7671577930 -0.0656807125 0.6380869746
-62.0 -162.5 2234.3 0.5886035562 -0.1151492000 -0.8001790643 0.0387047045 0.9926827550 -0.1143805161 0.8074947596 0.0363540798 0.5887534022
-16.9 -551.3 2220.1 0.5915866494 0.0580811873 -0.8041466475 0.0805371776 0.9881559014 0.1306204349 0.8022088408 -0.1420370042 0.5799021125
-81.7 -230.8 2010.1 0 0 0 0 0 0 0 0 0
194.9 343.1 2168.0 0 0 0 0 0 0 0 0 0
-225.4 -900.4 2086.7 0 0 0 0 0 0 0 0 0
-38.7 -923.4 2273.6 0 0 0 0 0 0 0 0 0
-29.2 433.2 2186.5 90 0.5997067094 0.1447857022 -0.7870126963 -0.1201107576 0.9886402488 0.0903540105 0.7911543846 0.0403427854 0.6102845073
-57.9 236.8 2178.5 0.5997067094 0.1447857022 -0.7870126963 -0.1201107576 0.9886402488 0.0903540105 0.7911543846 0.0403427854 0.6102845073
-85.4 43.0 2172.6 0.6012426615 0.1400575638 -0.7866963148 -0.1094430536 0.9896749258 0.0925511271 0.7915361524 0.0304527637 0.6103631258
-143.6 252.4 2065.7 0.3193298280 -0.0664259642 -0.9453126788 0.9442266226 0.1069388315 0.3114484847 0.0804023668 -0.9920442104 0.0968699232
-225.8 9.2 2045.0 -0.5134617090 -0.0664259642 -0.8555376530 0.8488291502 0.1069388315 -0.5177385211 0.1258814782 -0.9920442104 0.0014752987
27.8 221.2 2291.3 0.5264583826 0.4036174119 -0.7482877374 -0.8475040197 0.3191801608 -0.4241001606 0.0676643997 0.8574479818 0.5101024508
122.4 68.9 2303.5 0.2692981660 0.4036174119 0.8743977547 0.8542155027 0.3191801608 -0.4104142785 -0.4447407722 0.8574479818 -0.2588216066
-168.7 -141.3 2093.1 0.6354078650 -0.0242007338 -0.7717973590 -0.0442613214 0.9967238903 -0.0676932186 0.7709071040 0.0771735758 0.6322550774
-159.2 -531.7 2062.8 0.6317106485 0.1763021499 -0.7548902035 -0.0657189935 0.9824692011 0.1744572073 0.7724135518 -0.0605958477 0.6322226524
-58.7 -162.2 2235.0 0.5819903016 -0.1037942246 -0.8065444827 0.0347202756 0.9940880537 -0.1028755903 0.8124541640 0.0318691507 0.5821534395
-18.1 -551.6 2222.5 0.5851883292 0.0484608263 -0.8094480634 0.0848288834 0.9890772104 0.1205418631 0.8064481616 -0.1392042637 0.5746855736
-81.2 -229.9 2009.6 0 0 0 0 0 0 0 0 0
200.2 315.8 2174.9 0 0 0 0 0 0 0 0 0
-225.6 -901.7 2085.7 0 0 0 0 0 0 0 0 0
-36.3 -924.0 2274.9 0 0 0 0 0 0 0 0 0
-28.9 434.0 2186.4 91 0.5973869562 0.1445271075 -0.7888224125 -0.1201607734 0.9886536598 0.0901404098 0.7928999066 0.0409368053 0.6079753041
-57.6 237.8 2178.3 0.5973869562 0.1445271075 -0.7888224125 -0.1201607734 0.9886536598 0.0901404098 0.7928999066 0.0409368053 0.6079753041
-84.8 43.9 2172.3 0.5990377665 0.1390418708 -0.7885563374 -0.1086427644 0.9898148179 0.0919966996 0.7933161259 0.0305614378 0.6080423594
-142.9 253.3 2065.2 0.3045563698 -0.0648528412 -0.9502839446 0.9489997625 0.1060434654 0.2969077826 0.0815160871 -0.9922443628 0.0938415453
-222.1 6.5 2044.0 -0.5080342293 -0.0648528412 -0.8588919044 0.8523215652 0.1060434654 -0.5121549368 0.1242945790 -0.9922443628 0.0014017697
27.8 222.3 2291.3 0.4502839148 0.4063211679 -0.7950770259 -0.8856461048 0.3164085448 -0.3398773968 0.1134697869 0.8571981788 0.5023304224
108.5 63.5 2311.7 0.3401430845 0.4063211679 0.8480600119 0.8183291554 0.3164085448 -0.4798156619 -0.4632926881 0.8571981788 -0.2248802632
-167.1 -140.9 2095.1 0.6335824132 -0.0181397554 -0.7734625340 -0.0608610325 0.9954584837 -0.0732005090 0.7712777257 0.0934522822 0.6296010017
-160.0 -530.8 2058.5 0.6370253563 0.1696842313 -0.7519348264 -0.0416574404 0.9816235900 0.1862251908 0.7697164416 -0.0873064846 0.6323876977
-58.5 -160.7 2238.2 0.5796300769 -0.0999734104 -0.8087238669 0.0351166166 0.9945881963 -0.0977808759 0.8141227365 0.0282770898 0.5800039768
-19.3 -550.3 2227.1 0.5804931521 0.0467406511 -0.8129224777 0.0517550483 0.9942145348 0.0941217467 0.8126186728 -0.0967098698 0.5747156739
-79.0 -233.6 2009.0 0 0 0 0 0 0 0 0 0
205.3 296.3 2179.9 0 0 0 0 0 0 0 0 0
-223.9 -900.4 2091.3 0 0 0 0 0 0 0 0 0
-36.9 -924.4 2263.5 0 0 0 0 0 0 0 0 0
-28.9 433.3 2186.3 92 0.5973998904 0.1416150481 -0.7893405557 -0.1196133196 0.9890092611 0.0869100168 0.7929728627 0.0424956046 0.6077730656
-57.0 237.1 2177.9 0.5973998904 0.1416150481 -0.7893405557 -0.1196133196 0.9890092611 0.0869100168 0.7929728627 0.0424956046 0.6077730656
-83.5 43.1 2171.7 0.5991616249 0.1349539459 -0.7891722322 -0.1070051417 0.9903462529 0.0881148130 0.7934451699 0.0316504762 0.6078181863
-142.4 252.3 2064.8 0.3098207116 -0.0648084208 -0.9485836625 0.9477142692 0.1012976319 0.3026159704 0.0764772147 -0.9927430153 0.0928039700
-222.5 7.5 2045.1 -0.5084841251 -0.0648084208 -0.8586289883 0.8526409864 0.1012976319 -0.5125838518 0.1201968268 -0.9927430153 0.0037500737
28.4 221.8 2291.0 0.3716392219 0.3964660168 -0.8394635320 -0.9137044549 0.3163278699 -0.2551095188 0.1644034535 0.8618302345 0.4798125923
95.5 56.8 2320.7 0.4157471359 0.3964660168 0.8185163140 0.7751193047 0.3163278699 -0.5469248295 -0.4757566452 0.8618302345 -0.1757960469
-166.2 -140.1 2094.6 0.6336159110 -0.0163271073 -0.7734754682 -0.0641049147 0.9952312112 -0.0735215843 0.7709872723 0.0961680189 0.6295477152
-159.8 -529.9 2056.9 0.6412482262 0.1720955670 -0.7477859259 -0.0238223262 0.9785205126 0.2047685087 0.7669636011 -0.1134934500 0.6315742731
-57.9 -159.7 2238.0 0.5793200135 -0.0969140306 -0.8093181849 0.0350075439 0.9949485660 -0.0940840170 0.8143480420 0.0261725131 0.5797863603
-19.9 -549.5 2227.8 0.5805383325 0.0455736369 -0.8129565120 0.0581535250 0.9935619235 0.0972260833 0.8121535778 -0.1037197560 0.5741505027
-79.2 -232.7 2011.2 0 0 0 0 0 0 0 0 0
212.7 275.4 2186.5 0 0 0 0 0 0 0 0 0
-224.6 -898.3 2099.7 0 0 0 0 0 0 0 0 0
-37.1 -923.5 2266.8 0 0 0 0 0 0 0 0 0
-29.0 434.1 2186.3 93 0.5913179517 0.1339955330 -0.7952284217 -0.1175912246 0.9898862839 0.0793564916 0.7978191376 0.0465869680 0.6010942459
-55.6 237.7 2177.1 0.5913179517 0.1339955330 -0.7952284217 -0.1175912246 0.9898862839 0.0793564916 0.7978191376 0.0465869680 0.6010942459
-80.9 43.6 2170.2 0.5929343104 0.1290599853 -0.7948411703 -0.1054197401 0.9910185933 0.0822728798 0.7983204722 0.0350095332 0.6012143493
-140.1 252.8 2063.3 0.3134343028 -0.0797836706 -0.9462523460 0.9473137259 0.0955235362 0.3057317734 0.0659969673 -0.9922246933 0.1055205241
-222.3 4.4 2046.0 -0.5132155418 -0.0797836706 -0.8545433879 0.8493944407 0.0955235362 -0.5190417171 0.1230400652 -0.9922246933 0.0187436473
28.9 222.7 2290.8 0.3113059402 0.3711546659 -0.8748330474 -0.9291015863 0.3122711480 -0.1981337667 0.1996468306 0.8744889498 0.4420522451
86.3 51.4 2327.6 0.4663524032 0.3711546659 0.8029692769 0.7516862154 0.3122711480 -0.5809083581 -0.4663509727 0.8744889498 -0.1333634555
-164.0 -141.2 2093.8 0.6274244785 -0.0085532181 -0.7786304355 -0.0678896010 0.9955310822 -0.0656416640 0.7757122517 0.0940460935 0.6240399480
-160.7 -531.1 2057.0 0.6365157366 0.1684566885 -0.7526420355 -0.0195847582 0.9790712595 0.2025731802 0.7710149884 -0.1142007113 0.6264934540
-55.7 -160.5 2237.2 0.5724014640 -0.0898858979 -0.8150319457 0.0334133916 0.9957048297 -0.0863450170 0.8192924857 0.0221910290 0.5729462504
-20.5 -550.6 2228.5 0.5742502213 0.0431693494 -0.8175408840 0.0679772571 0.9926461577 0.1001636013 0.8158528209 -0.1130931526 0.5670927167
-77.7 -234.9 2011.3 0 0 0 0 0 0 0 0 0
217.5 263.0 2196.4 0 0 0 0 0 0 0 0 0
-224.1 -899.8 2100.0 0 0 0 0 0 0 0 0 0
-36.8 -924.3 2271.1 0 0 0 0 0 0 0 0 0
-29.2 433.1 2186.8 94 0.5872033238 0.1315783709 -0.7986735106 -0.1157569289 0.9902082086 0.0780257806 0.8011195660 0.0466349982 0.5966846347
-55.3 237.0 2177.6 0.5872033238 0.1315783709 -0.7986735106 -0.1157569289 0.9902082086 0.0780257806 0.8011195660 0.0466349982 0.5966846347
-80.5 42.9 2171.3 0.5889484286 0.1289377362 -0.7978187799 -0.1024843827 0.9911368489 0.0845266208 0.8016462326 0.0319821425 0.5969426036
-139.2 251.6 2063.3 0.3297701776 -0.0741352811 -0.9411458969 0.9417768717 0.0951431319 0.3224967122 0.0656351820 -0.9926992059 0.1011942551
-224.4 8.2 2046.3 -0.5105595589 -0.0741352811 -0.8566404581 0.8514648080 0.0951431319 -0.5157086849 0.1197356656 -0.9926992059 0.0145473490
28.7 222.4 2291.8 0.2668523490 0.3368601799 -0.9029479623 -0.9441629648 0.2792543173 -0.1748522073 0.1932513714 0.8991897702 0.3925705850
78.6 45.8 2328.0 0.5141185522 0.3368601799 0.7888011932 0.7455163598 0.2792543173 -0.6051631570 -0.4241315126 0.8991897702 -0.1075649485
-159.8 -140.9 2091.2 0.6235685945 0.0042899703 -0.7817568779 -0.0717854053 0.9960744381 -0.0517935939 0.7784658074 0.0884155929 0.6214287281
-161.5 -531.1 2056.6 0.6342120171 0.1604904234 -0.7563186884 -0.0136219710 0.9803861976 0.1966147125 0.7730391622 -0.1143928543 0.6239588857
-52.6 -160.0 2235.5 0.5690361857 -0.0818065628 -0.8182331324 0.0281068124 0.9963927269 -0.0800721273 0.8218320012 0.0225660168 0.5692828894
-20.5 -550.3 2226.7 0.5722901821 0.0438048840 -0.8188803792 0.0824210644 0.9904432893 0.1105839387 0.8158987164 -0.1307790875 0.5632105470
-80.6 -231.7 2012.6 0 0 0 0 0 0 0 0 0
223.1 255.3 2208.8 0 0 0 0 0 0 0 0 0
-221.9 -900.3 2099.6 0 0 0 0 0 0 0 0 0
-37.0 -923.2 2275.9 0 0 0 0 0 0 0 0 0
-28.1 433.7 2186.5 95 0.5607606173 0.1291959882 -0.8178361058 -0.1092626825 0.9906595945 0.0815799460 0.8207370043 0.0436121486 0.5696392059
-53.7 237.5 2177.9 0.5607606173 0.1291959882 -0.8178361058 -0.1092626825 0.9906595945 0.0815799460 0.8207370043 0.0436121486 0.5696392059
-78.8 43.3 2171.7 0.5620809793 0.1282445788 -0.8170791268 -0.0990982205 0.9912313223 0.0874074697 0.8211239576 0.0318410173 0.5698610544
-133.8 251.6 2060.9 0.3419483602 -0.0802189484 -0.9362885356 0.9378370643 0.0921523049 0.3346185088 0.0594384037 -0.9925083518 0.1067436337
-222.6 7.9 2045.5 -0.5083965659 -0.0802189484 -0.8573784828 0.8526841402 0.0921523049 -0.5142350197 0.1202607974 -0.9925083518 0.0215515085
26.4 223.4 2294.9 0.1994810700 0.3279859722 -0.9233810306 -0.9575876594 0.2651998103 -0.1126715839 0.2079257667 0.9066941142 0.3669776618
64.2 41.9 2334.3 0.5730126500 0.3279859722 0.7510537505 0.7072125673 0.2651998103 -0.6553773284 -0.4141338766 0.9066941142 -0.0799929649
-159.0 -142.0 2092.6 0.5974122286 0.0092343213 -0.8018811345 -0.0774883777 0.9959194064 -0.0462610498 0.7981817722 0.0897733867 0.5956900120
-162.6 -532.1 2057.4 0.6100052595 0.1560482681 -0.7768799663 -0.0079439320 0.9815722108 0.1909262836 0.7923575640 -0.1102945581 0.6000038981
-52.5 -160.5 2237.5 0.5422273874 -0.0833017975 -0.8360922933 0.0236607827 0.9961925149 -0.0839083269 0.8398985863 0.0257147942 0.5421338081
-19.9 -550.7 2227.4 0.5456636548 0.0418611281 -0.8369581103 0.0824998692 0.9912163615 0.1033631340 0.8339334130 -0.1254504323 0.5374171734
-79.4 -232.3 2011.6 0 0 0 0 0 0 0 0 0
225.0 240.4 2218.0 0 0 0 0 0 0 0 0 0
-221.4 -901.7 2098.9 0 0 0 0 0 0 0 0 0
-35.7 -924.0 2274.7 0 0 0 0 0 0 0 0 0
-27.0 433.5 2186.4 96 0.5366079807 0.1313404739 -0.8335475922 -0.1073942780 0.9904096723 0.0869203508 0.8369697332 0.0428760871 0.5455669165
-53.0 237.4 2177.9 0.5366079807 0.1313404739 -0.8335475922 -0.1073942780 0.9904096723 0.0869203508 0.8369697332 0.0428760871 0.5455669165
-78.1 43.2 2172.1 0.5382716060 0.1279366761 -0.8330041170 -0.0946783125 0.9913331866 0.0910742581 0.8374363780 0.0298447348 0.5457193851
-129.7 250.8 2058.6 0.3557078540 -0.0851587728 -0.9307093620 0.9332181215 0.0864425823 0.3487572968 0.0507531762 -0.9926105142 0.1102200150
-221.0 11.3 2045.6 -0.4934729338 -0.0851587728 -0.8655821085 0.8618031144 0.0864425823 -0.4998230040 0.1173874661 -0.9926105142 0.0307330247
23.6 223.9 2297.2 0.1743465066 0.3087833822 -0.9350166321 -0.9604144096 0.2628475726 -0.0922785103 0.2172727734 0.9140918851 0.3423865736
57.6 36.8 2339.5 0.6074965000 0.3087833822 0.7318475246 0.6849806309 0.2628475726 -0.6794944406 -0.4021809101 0.9140918851 -0.0518316701
-154.7 -141.8 2091.2 0.5740984678 0.0193605479 -0.8185573220 -0.0852538645 0.9956998825 -0.0362428091 0.8143357635 0.0905921161 0.5732803345
-162.3 -531.9 2055.8 0.5919039845 0.1608982682 -0.7897856832 0.0070566395 0.9788006544 0.2046937346 0.8059775829 -0.1267322600 0.5782205462
-53.2 -159.8 2239.6 0.5191792846 -0.0857328698 -0.8503544927 0.0139466031 0.9956734180 -0.0918689296 0.8545515537 0.0358368903 0.5181287527
-19.6 -549.8 2225.6 0.5242761970 0.0398861431 -0.8506136537 0.0961559787 0.9897407293 0.1056757420 0.8461019397 -0.1371948570 0.5150622129
-82.0 -231.5 2012.5 0 0 0 0 0 0 0 0 0
228.3 229.2 2226.5 0 0 0 0 0 0 0 0 0
-222.9 -900.5 2103.5 0 0 0 0 0 0 0 0 0
-34.6 -922.5 2277.2 0 0 0 0 0 0 0 0 0
-26.5 435.4 2186.8 97 0.5238354802 0.1351299733 -0.8410328627 -0.1100479439 0.9897985458 0.0904892460 0.8446809053 0.0451524593 0.5333623886
-53.3 239.3 2177.9 0.5238354802 0.1351299733 -0.8410328627 -0.1100479439 0.9897985458 0.0904892460 0.8446809053 0.0451524593 0.5333623886
-79.6 45.3 2171.7 0.5254197121 0.1343514472 -0.8401688933 -0.0984066650 0.9904234409 0.0968376994 0.8451333046 0.0317977853 0.5336090922
-128.2 253.3 2057.5 0.3454217911 -0.0925632268 -0.9338714480 0.9372731447 0.0837972015 0.3383742273 0.0469348021 -0.9921744466 0.1157024056
-218.3 8.8 2045.3 -0.4940705299 -0.0925632268 -0.8644803762 0.8612623215 0.0837972015 -0.5012037754 0.1188340783 -0.9921744466 0.0383194946
21.5 225.3 2298.3 0.1066467091 0.2951197624 -0.9494897723 -0.9645736217 0.2624525726 -0.0267655980 0.2412969619 0.9187072515 0.3126544356
42.7 34.0 2346.1 0.6663667560 0.2951197624 0.6847332716 0.6325482726 0.2624525726 -0.7286984324 -0.3947633207 0.9187072515 -0.0117878411
-151.8 -142.4 2090.6 0.5618246198 0.0261637457 -0.8268424869 -0.0821006969 0.9963287711 -0.0242591556 0.8231722713 0.0815137327 0.5619100928
-162.0 -532.7 2058.7 0.5747513771 0.1681979448 -0.8008559942 -0.0147030186 0.9806135893 0.1953991950 0.8181959987 -0.1005309597 0.5660820603
-54.5 -159.5 2241.9 0.5065056682 -0.0851979032 -0.8580170870 0.0143236248 0.9958003759 -0.0904237330 0.8621176481 0.0335102156 0.5055988431
-21.2 -549.6 2228.8 0.5094554424 0.0332891271 -0.8598529100 0.0746238604 0.9937776327 0.0826880112 0.8572551608 -0.1062913984 0.5038012266
-79.1 -233.8 2011.8 0 0 0 0 0 0 0 0 0
229.6 211.5 2235.4 0 0 0 0 0 0 0 0 0
-225.4 -901.8 2096.5 0 0 0 0 0 0 0 0 0
-33.7 -923.7 2268.8 0 0 0 0 0 0 0 0 0
-24.8 437.6 2186.6 98 0.5184502602 0.1421615779 -0.8432077765 -0.1134817526 0.9888002276 0.0969331115 0.8475441933 0.0454337038 0.5287764668
-53.0 241.8 2177.6 0.5184502602 0.1421615779 -0.8432077765 -0.1134817526 0.9888002276 0.0969331115 0.8475441933 0.0454337038 0.5287764668
-80.7 48.0 2171.1 0.5200224519 0.1415066421 -0.8423494101 -0.1025177911 0.9893925786 0.1029193774 0.8479779959 0.0328354128 0.5290133357
-127.1 256.4 2056.7 0.3420451283 -0.0862787217 -0.9357142448 0.9385594130 0.0800602362 0.3357031047 0.0459494628 -0.9930490255 0.1083619222
-216.0 12.4 2044.8 -0.4797854722 -0.0862787217 -0.8731333613 0.8702281117 0.0800602362 -0.4861001968 0.1118433699 -0.9930490255 0.0366704352
21.1 227.2 2298.4 0.0656196773 0.2796742618 -0.9578498602 -0.9602845907 0.2785883546 0.0155561194 0.2711964548 0.9187877178 0.2868477702
34.4 32.7 2353.3 0.6935091019 0.2796742618 0.6639483571 0.6031722426 0.2785883546 -0.7473765612 -0.3939902782 0.9187877178 0.0245118048
-153.4 -139.8 2089.1 0.5570240617 0.0235014707 -0.8301637769 -0.0739133209 0.9970356822 -0.0213689078 0.8272007108 0.0732631534 0.5571099520
-162.6 -530.3 2060.4 0.5658149719 0.1590859592 -0.8090395927 -0.0240693484 0.9839790463 0.1766519845 0.8241808414 -0.0804792792 0.5605791807
-58.5 -157.6 2241.8 0.5009366870 -0.0977991000 -0.8599405289 0.0206979122 0.9946646094 -0.1010639146 0.8652364016 0.0328276493 0.5002882481
-20.2 -547.2 2228.9 0.5034571290 0.0354043506 -0.8632945418 0.0724511743 0.9939112663 0.0830131993 0.8609772325 -0.1043402851 0.4978266358
-80.9 -232.8 2013.3 0 0 0 0 0 0 0 0 0
229.2 202.1 2242.6 0 0 0 0 0 0 0 0 0
-222.5 -900.8 2090.7 0 0 0 0 0 0 0 0 0
-33.5 -921.4 2268.2 0 0 0 0 0 0 0 0 0
-24.3 437.6 2186.4 99 0.5087326765 0.1456703097 -0.8485111594 -0.1141961738 0.9882903695 0.1011998877 0.8533172011 0.0454130396 0.5194106102
-53.1 242.2 2177.4 0.5087326765 0.1456703097 -0.8485111594 -0.1141961738 0.9882903695 0.1011998877 0.8533172011 0.0454130396 0.5194106102
-81.6 48.5 2171.0 0.5102801323 0.1457930356 -0.8475603461 -0.1036994681 0.9887658954 0.1076494530 0.8537333608 0.0329601839 0.5196662545
-125.8 256.9 2055.8 0.3460583091 -0.0800198764 -0.9347943664 0.9371092916 0.0777948424 0.3402559459 0.0454949401 -0.9937528968 0.1019089222
-212.6 21.7 2044.4 -0.4551415443 -0.0800198764 -0.8868162036 0.8841039538 0.0777948424 -0.4607691467 0.1058604196 -0.9937528968 0.0353382230
19.7 227.4 2299.1 0.0482159406 0.2784750462 -0.9592324495 -0.9552271366 0.2935257554 0.0371989273 0.2919183969 0.9144912958 0.2801595330
29.5 32.9 2358.5 0.7114573717 0.2784750462 0.6451977491 0.5765867829 0.2935257554 -0.7624895573 -0.4017164409 0.9144912958 0.0482660159
-155.4 -136.5 2088.0 0.5478059649 0.0150288381 -0.8364704251 -0.0674824491 0.9973744154 -0.0262745805 0.8338793516 0.0708404481 0.5473818183
-161.3 -527.2 2060.3 0.5564370751 0.1676069051 -0.8138093948 -0.0206532869 0.9819306731 0.1881105155 0.8306330442 -0.0878638253 0.5498442650
-61.4 -155.0 2241.3 0.4920353293 -0.1017630547 -0.8646071553 0.0150668994 0.9939913154 -0.1084170416 0.8704448342 0.0403180681 0.4906121194
-21.6 -544.4 2225.5 0.4965654016 0.0331375711 -0.8673665524 0.0985175669 0.9906620979 0.0942491442 0.8623903394 -0.1322517097 0.4886638820
-84.5 -227.3 2014.5 0 0 0 0 0 0 0 0 0
229.5 195.0 2245.6 0 0 0 0 0 0 0 0 0
-224.4 -896.9 2093.4 0 0 0 0 0 0 0 0 0
-34.1 -917.3 2275.3 0 0 0 0 0 0 0 0 0
-23.5 436.7 2186.3 00 0.5090095997 0.1466173083 -0.8481819034 -0.1174126044 0.9880025983 0.1003253385 0.8527153730 0.0485206880 0.5201175213
-52.4 241.4 2176.8 0.5090095997 0.1466173083 -0.8481819034 -0.1174126044 0.9880025983 0.1003253385 0.8527153730 0.0485206880 0.5201175213
-81.2 47.8 2169.5 0.5104744434 0.1467062980 -0.8472857475 -0.1075422391 0.9884944558 0.1063641235 0.8531415462 0.0368228406 0.5203782916
-125.2 256.7 2055.2 0.3435765803 -0.0749880075 -0.9361260533 0.9378782511 0.0787375867 0.3379124403 0.0483689271 -0.9940710068 0.0973820090
-210.5 23.7 2043.2 -0.4484612942 -0.0749880075 -0.8906510472 0.8877143264 0.0787375867 -0.4536118507 0.1041431651 -0.9940710068 0.0312571637
20.3 226.1 2298.3 0.0266303122 0.2647857666 -0.9639394879 -0.9561180472 0.2881937921 0.0527500920 0.2917688489 0.9202352166 0.2608411610
25.7 31.3 2357.8 0.7250345349 0.2647857666 0.6357777715 0.5696790218 0.2881937921 -0.7696818113 -0.3870280087 0.9202352166 0.0581075549
-156.3 -135.8 2087.3 0.5480699539 0.0126280915 -0.8363371491 -0.0682516918 0.9972268939 -0.0296694133 0.8336431980 0.0733423457 0.5474119782
-161.2 -526.4 2058.6 0.5597662330 0.1647973210 -0.8120982647 -0.0054875426 0.9807407260 0.1952370852 0.8286324143 -0.1048306972 0.5498898625
-64.1 -154.5 2241.7 0.4914854169 -0.1064277291 -0.8643582463 0.0194032937 0.9935965538 -0.1113077626 0.8706696033 0.0379347466 0.4904032648
-22.4 -543.7 2226.8 0.4953562617 0.0317056067 -0.8681111336 0.0954279304 0.9912995100 0.0906572640 0.8634325266 -0.1277496964 0.4880208373
-84.2 -226.3 2013.8 0 0 0 0 0 0 0 0 0
229.8 191.6 2248.9 0 0 0 0 0 0 0 0 0
-223.3 -895.7 2098.1 0 0 0 0 0 0 0 0 0
-34.3 -917.0 2274.9 0 0 0 0 0 0 0 0 0
-22.0 435.3 2186.3 01 0.5146187544 0.1543293297 -0.8434156775 -0.1249406934 0.9866659641 0.1043076143 0.8482672572 0.0516982898 0.5270388126
-52.6 239.8 2176.1 0.5146187544 0.1543293297 -0.8434156775 -0.1249406934 0.9866659641 0.1043076143 0.8482672572 0.0516982898 0.5270388126
-82.6 46.5 2168.3 0.5162611008 0.1535329968 -0.8425568938 -0.1144098341 0.9873455167 0.1098142713 0.8487548828 0.0397039503 0.5272938013
-126.1 256.2 2055.1 0.3375477493 -0.0660507903 -0.9389882088 0.9396697283 0.0824794546 0.3319909573 0.0555189699 -0.9944015741 0.0899066851
-209.4 24.4 2041.4 -0.4459942281 -0.0660507903 -0.8925953507 0.8890471458 0.0824794546 -0.4503246844 0.1033650786 -0.9944015741 0.0219369046
21.0 223.5 2297.0 0.0203584861 0.2528681755 -0.9672865272 -0.9553756118 0.2900894582 0.0557274260 0.2946913242 0.9229874015 0.2474898547
25.1 30.2 2356.7 0.7245302796 0.2528681755 0.6411814094 0.5754505396 0.2900894582 -0.7646599412 -0.3793581128 0.9229874015 0.0646654740
-156.0 -136.1 2085.2 0.5541933775 0.0137395356 -0.8322745562 -0.0617694110 0.9977858067 -0.0246590301 0.8300929070 0.0650749803 0.5538149476
-161.4 -526.9 2059.7 0.5628864765 0.1628188342 -0.8103387356 -0.0134633593 0.9820816517 0.1879745275 0.8264245391 -0.0948984474 0.5549925566
-63.8 -155.5 2239.4 0.4966800213 -0.1081493795 -0.8611693382 0.0275980365 0.9936725497 -0.1088725179 0.8674948215 0.0303082205 0.4965220094
-21.4 -544.7 2227.6 0.5002936721 0.0379183516 -0.8650251031 0.0934806839 0.9908357263 0.0974985063 0.8607947230 -0.1296410263 0.4921642244
-83.7 -226.0 2012.3 0 0 0 0 0 0 0 0 0
229.1 192.2 2249.9 0 0 0 0 0 0 0 0 0
-222.7 -896.8 2095.5 0 0 0 0 0 0 0 0 0
-35.7 -917.9 2276.4 0 0 0 0 0 0 0 0 0
-21.6 435.1 2186.3 02 0.5117831826 0.1544966102 -0.8451087475 -0.1285466999 0.9863942862 0.1024797559 0.8494431973 0.0561885200 0.5246800184
-52.1 240.0 2175.2 0.5117831826 0.1544966102 -0.8451087475 -0.1285466999 0.9863942862 0.1024797559 0.8494431973 0.0561885200 0.5246800184
-82.1 46.7 2166.6 0.5135151744 0.1530264020 -0.8443252444 -0.1174308285 0.9872446060 0.1075083092 0.8500071764 0.0439426638 0.5249351263
-125.3 256.8 2054.0 0.3334751427 -0.0409008302 -0.9418712258 0.9406061172 0.0819112435 0.3294702172 0.0636742413 -0.9958000183 0.0657869354
-208.0 23.4 2038.2 -0.4469391108 -0.0409008302 -0.8936288953 0.8898669481 0.0819112435 -0.4488066435 0.0915548131 -0.9958000183 -0.0002130437
21.1 223.3 2296.3 0.0638067871 0.2445865273 -0.9675257802 -0.9533327818 0.3016249239 0.0133787515 0.2951021492 0.9215204120 0.2524180710
33.9 32.1 2355.5 0.6970940232 0.2445865273 0.6739712954 0.6058976650 0.3016249239 -0.7361456752 -0.3833378553 0.9215204120 0.0620665252
-159.4 -136.6 2083.8 0.5515741110 0.0006041820 -0.8341256976 -0.0522789136 0.9980587363 -0.0338470414 0.8324859738 0.0622763336 0.5505349636
-159.6 -527.5 2059.4 0.5588076115 0.1790131032 -0.8097458482 -0.0149750132 0.9784430265 0.2059732378 0.8291621208 -0.1029734612 0.5494421721
-66.0 -157.3 2237.2 0.4927685857 -0.1096817628 -0.8632201552 0.0340566300 0.9936950803 -0.1068188623 0.8694936633 0.0232386086 0.4933971167
-23.1 -546.5 2228.1 0.4962571561 0.0324313678 -0.8675696254 0.1036224216 0.9899458289 0.0962789208 0.8619694114 -0.1376787722 0.4879070818
-82.1 -227.3 2012.5 0 0 0 0 0 0 0 0 0
230.0 202.6 2247.6 0 0 0 0 0 0 0 0 0
-227.0 -895.9 2098.2 0 0 0 0 0 0 0 0 0
-35.3 -919.3 2280.0 0 0 0 0 0 0 0 0 0
-20.6 434.6 2186.3 03 0.5209025145 0.1535592377 -0.8396905065 -0.1312104315 0.9863997102 0.0989923626 0.8434716463 0.0586107858 0.5339666605
-51.0 239.3 2174.7 0.5209025145 0.1535592377 -0.8396905065 -0.1312104315 0.9863997102 0.0989923626 0.8434716463 0.0586107858 0.5339666605
-81.2 46.0 2165.7 0.5225571990 0.1537602991 -0.8386249542 -0.1205850914 0.9870451689 0.1058348641 0.8440338969 0.0458208993 0.5343287587
-125.5 256.5 2054.4 0.3318285644 -0.0192535389 -0.9431431890 0.9404887557 0.0844231322 0.3291712105 0.0732853934 -0.9962439537 0.0461217426
-207.4 24.4 2036.3 -0.4507548809 -0.0192535389 -0.8924400806 0.8886848092 0.0844231322 -0.4506795108 0.0840197653 -0.9962439537 -0.0209438093
23.4 222.2 2295.0 0.0786716044 0.2287501246 -0.9703010917 -0.9572780728 0.2890135050 -0.0094802799 0.2782615125 0.9295937419 0.2417146415
39.1 31.8 2350.3 0.6829994917 0.2287501246 0.6936750412 0.6327935457 0.2890135050 -0.7183616757 -0.3648068011 0.9295937419 0.0526444726
-158.5 -136.1 2081.1 0.5604912639 0.0062757852 -0.8281365633 -0.0433706865 0.9988214970 -0.0217844527 0.8270239234 0.0481268466 0.5601029396
-160.9 -527.3 2062.3 0.5628820062 0.1720882803 -0.8084240556 -0.0300317463 0.9816977978 0.1880626231 0.8259915113 -0.0815786794 0.5577481389
-65.6 -157.3 2234.8 0.5010112524 -0.1118848547 -0.8581780195 0.0402852818 0.9935481548 -0.1060148478 0.8645026684 0.0185426883 0.5022861362
-21.8 -546.5 2227.5 0.5042331815 0.0379176773 -0.8627346754 0.1004070640 0.9896855354 0.1021810696 0.8577104807 -0.1381477416 0.4952250719
-80.4 -226.0 2012.6 0 0 0 0 0 0 0 0 0
231.3 209.8 2247.7 0 0 0 0 0 0 0 0 0
-225.7 -896.9 2093.0 0 0 0 0 0 0 0 0 0
-36.1 -919.2 2279.6 0 0 0 0 0 0 0 0 0
-20.1 435.8 2186.3 04 0.5108373165 0.1584250331 -0.8449537158 -0.1317121834 0.9856918454 0.1051830053 0.8495275974 0.0575592965 0.5243946910
-51.5 240.7 2174.9 0.5108373165 0.1584250331 -0.8449537158 -0.1317121834 0.9856918454 0.1051830053 0.8495275974 0.0575592965 0.5243946910
-82.3 47.5 2165.9 0.5124970675 0.1571417153 -0.8441879153 -0.1213390753 0.9865006804 0.1099689975 0.8500726819 0.0460741930 0.5246461630
-124.5 258.0 2053.7 0.3302894831 -0.0007380737 -0.9438793659 0.9406134486 0.0833774209 0.3290814459 0.0784553438 -0.9965177774 0.0282329284
-207.0 23.1 2034.2 -0.4556308091 -0.0007380737 -0.8901685476 0.8870412111 0.0833774209 -0.4540992081 0.0745551214 -0.9965177774 -0.0373346210
21.5 223.4 2296.0 0.0992672890 0.2273751199 -0.9687345028 -0.9600084424 0.2780050337 -0.0331215598 0.2617820501 0.9332811832 0.2458788455
41.3 32.5 2348.1 0.6709794402 0.2273751199 0.7057529092 0.6498491764 0.2780050337 -0.7073960900 -0.3570471406 0.9332811832 0.0387761258
-158.5 -136.4 2080.4 0.5509746671 0.0095265750 -0.8344675899 -0.0393142253 0.9991209507 -0.0145517252 0.8335953951 0.0408240817 0.5508648753
-162.2 -527.7 2064.5 0.5526171923 0.1634712219 -0.8172462583 -0.0295930635 0.9838059545 0.1767769903 0.8329096437 -0.0735051781 0.5485057235
-64.0 -158.2 2233.0 0.4913187921 -0.1060296074 -0.8645018935 0.0400159135 0.9942623377 -0.0992024168 0.8700600863 0.0141461780 0.4927426577
-22.5 -547.7 2227.5 0.4941913784 0.0345220268 -0.8686674237 0.0982390270 0.9905934334 0.0952564478 0.8637846708 -0.1324119568 0.4861513078
-78.7 -226.8 2013.2 0 0 0 0 0 0 0 0 0
230.1 215.4 2247.6 0 0 0 0 0 0 0 0 0
-223.8 -898.2 2092.1 0 0 0 0 0 0 0 0 0
-35.5 -920.8 2277.4 0 0 0 0 0 0 0 0 0
-19.9 438.2 2186.8 05 0.4975539148 0.1605515629 -0.8524454832 -0.1291426867 0.9854803681 0.1102298871 0.8577658534 0.0552417785 0.5110636950
-51.7 242.6 2175.8 0.4975539148 0.1605515629 -0.8524454832 -0.1291426867 0.9854803681 0.1102298871 0.8577658534 0.0552417785 0.5110636950
-82.5 49.4 2167.1 0.4993090630 0.1570184529 -0.8520772457 -0.1182435527 0.9865893126 0.1125163883 0.8583174944 0.0445721895 0.5111793876
-122.9 259.5 2053.5 0.3338610828 0.0120694404 -0.9425449967 0.9391049743 0.0820408016 0.3336931169 0.0813546404 -0.9965558648 0.0160557590
-206.6 24.0 2033.1 -0.4639014304 0.0120694404 -0.8858045936 0.8833417892 0.0820408016 -0.4614938200 0.0671021491 -0.9965558648 -0.0487202890
19.4 225.8 2298.1 0.1201102659 0.2348148972 -0.9645908475 -0.9645106196 0.2577390671 -0.0573576428 0.2351443022 0.9372473359 0.2574385703
43.7 31.0 2345.6 0.6601427794 0.2348148972 0.7134938836 0.6654598713 0.2577390671 -0.7005239129 -0.3483886719 0.9372473359 0.0138846822
-159.4 -134.8 2080.0 0.5380580425 0.0035755527 -0.8429002166 -0.0404597670 0.9989479184 -0.0215896424 0.8419361711 0.0457200259 0.5376366377
-160.8 -526.1 2062.1 0.5406261086 0.1655026376 -0.8248225451 -0.0255742017 0.9832375646 0.1805265099 0.8408741355 -0.0765031651 0.5357965231
-66.7 -156.7 2233.7 0.4781945944 -0.1121276170 -0.8710667491 0.0407395549 0.9935809374 -0.1055331603 0.8773084879 0.0149785122 0.4796930552
-22.8 -545.9 2227.8 0.4810054302 0.0325339139 -0.8761137724 0.1002367213 0.9907175899 0.0918217823 0.8709686399 -0.1319855452 0.4732794464
-76.0 -224.9 2014.2 0 0 0 0 0 0 0 0 0
229.5 218.4 2247.5 0 0 0 0 0 0 0 0 0
-223.1 -896.4 2090.9 0 0 0 0 0 0 0 0 0
-35.1 -919.1 2277.5 0 0 0 0 0 0 0 0 0
-19.0 437.6 2187.0 06 0.4951400161 0.1639568061 -0.8532025218 -0.1311185956 0.9848860502 0.1131697297 0.8588622212 0.0558358580 0.5091542602
-51.5 242.3 2176.0 0.4951400161 0.1639568061 -0.8532025218 -0.1311185956 0.9848860502 0.1131697297 0.8588622212 0.0558358580 0.5091542602
-82.7 49.2 2167.3 0.4971466959 0.1595744044 -0.8528664708 -0.1188930646 0.9861994982 0.1152172312 0.8594821692 0.0441200361 0.5092580914
-122.3 259.3 2053.5 0.3353745341 0.0379246175 -0.9413212538 0.9375360608 0.0846359283 0.3374358118 0.0924667194 -0.9956899285 -0.0071709631
-206.0 25.5 2030.4 -0.4760152102 0.0379246175 -0.8786189556 0.8776222467 0.0846359283 -0.4718219936 0.0564690568 -0.9956899285 -0.0735714734
19.4 225.4 2298.4 0.1247521415 0.2400681376 -0.9627066851 -0.9631382823 0.2623709440 -0.0593811832 0.2383307219 0.9346275926 0.2639501393
44.4 32.4 2346.2 0.6554304957 0.2400681376 0.7160853148 0.6663957238 0.2623709440 -0.6979098916 -0.3554258943 0.9346275926 0.0119855292
-158.4 -133.1 2080.8 0.5361239314 0.0037316661 -0.8441309929 -0.0444135889 0.9987298846 -0.0237928275 0.8429700732 0.0502467938 0.5356087089
-159.9 -524.4 2061.1 0.5405148268 0.1750192791 -0.8229289055 -0.0207042638 0.9805941582 0.1949523538 0.8410797119 -0.0883364975 0.5336493254
-68.1 -154.5 2235.9 0.4766593575 -0.1176086292 -0.8711854219 0.0380592942 0.9928420782 -0.1132083610 0.8782638311 0.0208051186 0.4777235389
-22.1 -543.4 2227.8 0.4802645147 0.0366118513 -0.8763592839 0.1056419462 0.9894407988 0.0992302373 0.8707386255 -0.1402370632 0.4713255763
-71.9 -221.7 2014.5 0 0 0 0 0 0 0 0 0
229.0 220.1 2246.1 0 0 0 0 0 0 0 0 0
-225.8 -893.6 2094.4 0 0 0 0 0 0 0 0 0
-35.9 -916.1 2280.6 0 0 0 0 0 0 0 0 0
-18.3 438.1 2186.7 07 0.4979132712 0.1645477563 -0.8514730930 -0.1350565702 0.9845678806 0.1112918034 0.8566458225 0.0595833659 0.5124526620
-51.0 242.4 2174.8 0.4979132712 0.1645477563 -0.8514730930 -0.1350565702 0.9845678806 0.1112918034 0.8566458225 0.0595833659 0.5124526620
-82.2 49.3 2165.7 0.5001601577 0.1595969051 -0.8510984778 -0.1213964373 0.9860856533 0.1135691702 0.8573813438 0.0465175509 0.5125752687
-122.2 259.7 2052.6 0.3319029808 0.0593399778 -0.9414452910 0.9380860329 0.0841602609 0.3360233605 0.0991718993 -0.9946838021 -0.0277329609
-205.3 25.0 2027.8 -0.4794512987 0.0593399778 -0.8755599260 0.8763856292 0.0841602609 -0.4741995931 0.0455483645 -0.9946838021 -0.0923554525
20.3 225.1 2297.0 0.1170361191 0.2204261720 -0.9683567882 -0.9634699225 0.2617082596 -0.0568730757 0.2408906668 0.9396387935 0.2430032939
43.7 32.3 2345.2 0.6588847637 0.2204261720 0.7192239761 0.6703733802 0.2617082596 -0.6943402290 -0.3412776291 0.9396387935 0.0246677604
-158.9 -133.3 2081.0 0.5390753150 -0.0008802678 -0.8422570825 -0.0429603979 0.9986690283 -0.0285399631 0.8411612511 0.0515688881 0.5383200049
-158.6 -524.5 2060.8 0.5428088307 0.1763793826 -0.8211266398 -0.0228472054 0.9804382324 0.1954965591 0.8395454884 -0.0873568058 0.5362202525
-69.1 -154.8 2236.4 0.4788639545 -0.1235829443 -0.8691470623 0.0425205268 0.9921450019 -0.1176448241 0.8768587708 0.0193792731 0.4803572893
-20.6 -543.4 2228.8 0.4813531339 0.0438300446 -0.8754302263 0.0876626819 0.9913343191 0.0978341103 0.8721321225 -0.1238353178 0.4733396173
-70.2 -221.9 2015.0 0 0 0 0 0 0 0 0 0
229.3 221.2 2249.1 0 0 0 0 0 0 0 0 0
-225.0 -893.7 2093.7 0 0 0 0 0 0 0 0 0
-37.1 -916.7 2275.4 0 0 0 0 0 0 0 0 0
-17.5 437.5 2186.5 08 0.5008431077 0.1619724035 -0.8502476811 -0.1354151517 0.9849008322 0.1078568250 0.8548794985 0.0611170791 0.5152143240
-49.7 242.0 2174.3 0.5008431077 0.1619724035 -0.8502476811 -0.1354151517 0.9849008322 0.1078568250 0.8548794985 0.0611170791 0.5152143240
-79.9 48.7 2165.2 0.5034868717 0.1541917324 -0.8501328230 -0.1189263687 0.9869490266 0.1085730568 0.8557788730 0.0464380980 0.5152533650
-121.5 259.0 2052.4 0.3369658589 0.0660631582 -0.9391962886 0.9360432625 0.0839012489 0.3417362273 0.1013759151 -0.9942817688 -0.0335661173
-205.4 25.7 2027.1 -0.4795913100 0.0660631582 -0.8750016093 0.8764817119 0.0839012489 -0.4740679264 0.0420953035 -0.9942817688 -0.0981414616
22.1 225.1 2296.3 0.1070777550 0.2194901556 -0.9697207808 -0.9629917741 0.2655361295 -0.0462323055 0.2473483682 0.9387835860 0.2398002297
43.3 33.9 2345.4 0.6674004793 0.2194901556 0.7116183639 0.6610022187 0.2655361295 -0.7018309236 -0.3430053592 0.9387835860 0.0321354605
-158.7 -132.9 2079.1 0.5419050455 -0.0009323595 -0.8404392004 -0.0389263704 0.9988983274 -0.0262074023 0.8395377994 0.0469171703 0.5412717462
