78.2 427.2 2136.9 7 0.8711257577 -0.0838869363 -0.4838418365 -0.0434084944 0.9682889581 -0.2460329831 0.4891376495 0.2353285104 0.8398600221
94.3 240.5 2091.6 0.8711257577 -0.0838869363 -0.4838418365 -0.0434084944 0.9682889581 -0.2460329831 0.4891376495 0.2353285104 0.8398600221
108.5 51.1 2051.7 0.8706930280 -0.0729791299 -0.4863822758 -0.0380451120 0.9759727120 -0.2145457566 0.4903531671 0.2053079605 0.8469961286
-24.6 245.7 2024.6 0.3868612349 -0.6397567391 -0.6641156673 0.6135963798 0.7162010074 -0.3324989974 0.6883588433 -0.2788680196 0.6696228385
-106.7 115.6 1878.6 -0.7489187121 -0.6397567391 -0.1727196425 -0.4993715584 0.7162010074 -0.4875286222 0.4356017113 -0.2788680196 -0.8558526635
213.3 235.4 2158.5 0.4788407087 0.8669574261 0.1381898075 -0.7190800905 0.2970235348 0.6282522082 0.5036222935 -0.4002022743 0.7656387687
320.5 74.4 2271.2 -0.2102077156 0.8669574261 0.4518822432 -0.5101534724 0.2970235348 -0.8071681857 -0.8340001106 -0.4002022743 0.3798447251
43.1 -133.5 1968.3 0.7637667060 0.1048414111 -0.6369212866 0.0187761541 0.9826956391 0.1842736304 0.6452192664 -0.1527009904 0.7485816479
2.4 -515.0 2027.5 0.7642321587 0.1604491174 -0.6246641874 0.0215469468 0.9616671205 0.2733717263 0.6445812583 -0.2223790586 0.7314797044
198.6 -141.0 2057.1 0.8698528409 0.2193021327 0.4418853223 -0.2311159670 0.9725317359 -0.0277026687 -0.4358227551 -0.0780295059 0.8966436982
113.4 -518.6 2087.4 0.8711034060 -0.0732721761 0.4856027961 -0.0555001348 0.9677843451 0.2455875725 -0.4879535139 -0.2408831865 0.8389735818
101.9 254.7 1757.3 0 0 0 0 0 0 0 0 0
267.1 -55.1 2059.5 0 0 0 0 0 0 0 0 0
-57.5 -873.9 2110.5 0 0 0 0 0 0 0 0 0
140.7 -879.6 2177.2 0 0 0 0 0 0 0 0 0
77.2 428.4 2136.9 8 0.8665014505 -0.0846660361 -0.4919420183 -0.0440515466 0.9686960578 -0.2443100661 0.4972270429 0.2333658189 0.8356468678
93.5 241.2 2091.9 0.8665014505 -0.0846660361 -0.4919420183 -0.0440515466 0.9686960578 -0.2443100661 0.4972270429 0.2333658189 0.8356468678
108.0 51.8 2052.2 0.8660209775 -0.0745480433 -0.4944190979 -0.0381829627 0.9760755301 -0.2140527517 0.4985476136 0.2042525560 0.8424554467
-24.8 246.5 2023.8 0.3828438520 -0.6422455907 -0.6640415192 0.6178881526 0.7123790383 -0.3327617347 0.6867640018 -0.2829076350 0.6695658565
-106.2 115.1 1877.8 -0.7477362156 -0.6422455907 -0.1685561240 -0.5011231303 0.7123790383 -0.4913163185 0.4356216192 -0.2829076350 -0.8545157313
211.9 236.0 2160.0 0.4737983942 0.8708021641 0.1312200725 -0.7190818787 0.2965439260 0.6284767389 0.5083663464 -0.3921292424 0.7666800618
317.9 75.1 2273.7 -0.2025321275 0.8708021641 0.4479780793 -0.5103986859 0.2965439260 -0.8071895242 -0.8357475400 -0.3921292424 0.3843966126
44.7 -135.0 1967.9 0.7571397424 0.1154742688 -0.6429658532 0.0141213313 0.9811293483 0.1928360909 0.6531003118 -0.1550834030 0.7412213683
-0.2 -515.8 2028.1 0.7599498630 0.1433025599 -0.6339878440 0.0321737602 0.9659041762 0.2568928897 0.6491849422 -0.2156234980 0.7294281721
200.7 -141.8 2055.8 0.8687685132 0.2364809662 0.4351069629 -0.2531030178 0.9672258496 -0.0203227811 -0.4256526530 -0.0924710929 0.9001494050
108.9 -517.2 2091.7 0.8706878424 -0.0972087160 0.4821339250 -0.0222270302 0.9714952707 0.2360145450 -0.4913334846 -0.2162114084 0.8437085152
101.9 254.5 1756.6 0 0 0 0 0 0 0 0 0
266.5 -54.4 2061.6 0 0 0 0 0 0 0 0 0
-53.6 -876.3 2108.6 0 0 0 0 0 0 0 0 0
145.2 -879.5 2172.3 0 0 0 0 0 0 0 0 0
76.8 426.9 2136.5 9 0.8662196994 -0.0876584277 -0.4919140339 -0.0409408621 0.9687291384 -0.2447196841 0.4979831874 0.2321204096 0.8355434537
93.7 240.1 2091.7 0.8662196994 -0.0876584277 -0.4919140339 -0.0409408621 0.9687291384 -0.2447196841 0.4979831874 0.2321204096 0.8355434537
108.4 50.6 2052.3 0.8658626676 -0.0757720172 -0.4945103228 -0.0366918296 0.9761831760 -0.2138225436 0.4989344180 0.2032854557 0.8424603939
-24.6 245.1 2023.5 0.3694515824 -0.6532132626 -0.6609219909 0.6231672168 0.7017662525 -0.3452342749 0.6893243790 -0.2843175828 0.6663298011
-103.5 112.1 1876.4 -0.7405261993 -0.6532132626 -0.1579030454 -0.5137946606 0.7017662525 -0.4934968352 0.4331697226 -0.2843175828 -0.8552938104
212.0 235.1 2159.9 0.4744381607 0.8706122637 0.1301641762 -0.7180302143 0.2971922755 0.6293721795 0.5092553496 -0.3920599818 0.7661252618
318.1 74.4 2273.8 -0.2015981972 0.8706122637 0.4487676919 -0.5114254951 0.2971922755 -0.8063006401 -0.8353455067 -0.3920599818 0.3853398860
44.9 -134.3 1967.9 0.7576931119 0.1147951484 -0.6424353719 0.0227794498 0.9791558385 0.2018291354 0.6522133350 -0.1675588787 0.7392846942
0.3 -514.4 2032.9 0.7555928826 0.1405088902 -0.6397941709 0.0075719147 0.9747843742 0.2230204046 0.6549977064 -0.1733570993 0.7354762554
200.1 -141.1 2057.2 0.8708037138 0.2295661867 0.4347415864 -0.2459674180 0.9690908790 -0.0190484952 -0.4256770015 -0.0903447568 0.9003537893
111.0 -517.3 2092.3 0.8731343746 -0.0887781084 0.4793274999 -0.0286595449 0.9722276330 0.2322757691 -0.4866364598 -0.2165452540 0.8463410139
101.9 254.6 1756.2 0 0 0 0 0 0 0 0 0
267.0 -55.4 2061.8 0 0 0 0 0 0 0 0 0
-52.1 -877.9 2097.6 0 0 0 0 0 0 0 0 0
144.1 -880.1 2173.1 0 0 0 0 0 0 0 0 0
78.8 427.7 2135.7 0 0.8628337979 -0.0845372081 -0.4983686507 -0.0441828407 0.9695303440 -0.2409538329 0.5035530925 0.2299224436 0.8328084946
95.1 240.4 2091.3 0.8628337979 -0.0845372081 -0.4983686507 -0.0441828407 0.9695303440 -0.2409538329 0.5035530925 0.2299224436 0.8328084946
109.7 50.8 2052.3 0.8622910380 -0.0751838759 -0.5008009076 -0.0375692621 0.9766954184 -0.2113162875 0.5050175190 0.2010308653 0.8393711448
-22.7 245.6 2022.3 0.3702616096 -0.6590606570 -0.6546337605 0.6293789744 0.6963009238 -0.3450320959 0.6832191944 -0.2842606008 0.6726124287
-101.8 111.1 1876.3 -0.7362248302 -0.6590606570 -0.1536620110 -0.5200787783 0.6963009238 -0.4946545362 0.4330023527 -0.2842606008 -0.8553975224
212.9 235.3 2160.3 0.4694060385 0.8739281893 0.1261248142 -0.7180920243 0.2947145104 0.6304658651 0.5138111115 -0.3865137100 0.7659016252
317.9 74.6 2275.3 -0.1968288422 0.8739281893 0.4444186091 -0.5125038624 0.2947145104 -0.8065253496 -0.8358218670 -0.3865137100 0.3898832798
45.5 -135.6 1968.1 0.7525762320 0.1157418638 -0.6482536793 0.0173403081 0.9806076288 0.1952125579 0.6582767963 -0.1581532508 0.7359750271
0.6 -516.3 2029.5 0.7540175319 0.1505047232 -0.6393793225 0.0263772830 0.9656729698 0.2584182322 0.6563244462 -0.2117169648 0.7241644263
200.7 -142.2 2057.5 0.8715083003 0.2397090942 0.4277999699 -0.2555991411 0.9665572047 -0.0208877008 -0.4185000956 -0.0911414996 0.9036320448
107.6 -517.4 2092.9 0.8718564510 -0.1131549552 0.4765105844 -0.0051024803 0.9707926512 0.2398658693 -0.4897349775 -0.2115599811 0.8458144069
101.8 255.0 1756.6 0 0 0 0 0 0 0 0 0
268.0 -55.5 2063.1 0 0 0 0 0 0 0 0 0
-55.5 -876.3 2108.4 0 0 0 0 0 0 0 0 0
149.8 -879.6 2171.8 0 0 0 0 0 0 0 0 0
79.8 430.0 2136.8 1 0.8582708240 -0.0837698504 -0.5063139200 -0.0469618812 0.9696283340 -0.2400321811 0.5110437870 0.2297900617 0.8282697201
96.0 242.4 2092.4 0.8582708240 -0.0837698504 -0.5063139200 -0.0469618812 0.9696283340 -0.2400321811 0.5110437870 0.2297900617 0.8282697201
110.6 52.8 2053.3 0.8576856852 -0.0751180202 -0.5086576343 -0.0397939906 0.9766057134 -0.2113237232 0.5126321912 0.2014908344 0.8346314430
-21.2 247.8 2022.3 0.3621495068 -0.6601179242 -0.6580972672 0.6320198774 0.6928389668 -0.3471671343 0.6851266623 -0.2902041674 0.6681189537
-99.2 111.6 1874.7 -0.7369460464 -0.6601179242 -0.1454470009 -0.5225341916 0.6928389668 -0.4969227016 0.4287989438 -0.2902041674 -0.8555191159
213.2 236.9 2162.4 0.4634464085 0.8778939247 0.1204977110 -0.7195833921 0.2934921384 0.6293346286 0.5171239376 -0.3783710301 0.7677357793
316.9 75.9 2278.1 -0.1903411150 0.8778939247 0.4394001961 -0.5111766458 0.2934921384 -0.8078123331 -0.8381340504 -0.3783710301 0.3928952813
47.0 -135.4 1968.0 0.7464964390 0.1205544621 -0.6543772817 0.0133640291 0.9805353880 0.1958871633 0.6652551889 -0.1549741924 0.7303550839
0.2 -516.1 2028.2 0.7509319782 0.1405839473 -0.6452420950 0.0416224822 0.9650591612 0.2587051988 0.6590665579 -0.2211265713 0.7188423276
201.5 -142.1 2058.5 0.8755455613 0.2391406298 0.4197996557 -0.2534453869 0.9670922756 -0.0223155506 -0.4113215506 -0.0868580118 0.9073424339
108.7 -517.6 2092.2 0.8756907582 -0.1131766289 0.4694217443 -0.0059512579 0.9695411325 0.2448562682 -0.4828357100 -0.2172120064 0.8483446240
104.5 256.0 1756.2 0 0 0 0 0 0 0 0 0
268.6 -53.8 2065.4 0 0 0 0 0 0 0 0 0
-52.2 -876.1 2110.7 0 0 0 0 0 0 0 0 0
150.9 -879.4 2173.3 0 0 0 0 0 0 0 0 0
80.2 432.3 2136.9 2 0.8459190726 -0.0820440203 -0.5269626975 -0.0533150733 0.9701364040 -0.2366279960 0.5306396484 0.2282631844 0.8162827492
96.1 244.5 2092.7 0.8459190726 -0.0820440203 -0.5269626975 -0.0533150733 0.9701364040 -0.2366279960 0.5306396484 0.2282631844 0.8162827492
110.6 54.8 2053.9 0.8451781273 -0.0750390440 -0.5291909575 -0.0441310741 0.9769175053 -0.2090088129 0.5326597095 0.2000034451 0.8223577142
-19.4 250.5 2020.0 0.3604619205 -0.6618865132 -0.6572468877 0.6405915022 0.6878334284 -0.3413616121 0.6780189872 -0.2979788780 0.6719366312
-97.4 111.9 1873.2 -0.7369487882 -0.6618865132 -0.1371592879 -0.5243551135 0.6878334284 -0.5019331574 0.4265655577 -0.2979788780 -0.8539615870
211.5 238.5 2165.5 0.4475652874 0.8879970908 0.1055771932 -0.7220583558 0.2892067432 0.6284832954 0.5275576711 -0.3575201631 0.7706245780
311.6 76.9 2283.5 -0.1730515212 0.8879970908 0.4260450602 -0.5101527572 0.2892067432 -0.8100022078 -0.8424947262 -0.3575201631 0.4029664695
48.4 -133.2 1968.2 0.7310631275 0.1291130334 -0.6699824929 0.0123668322 0.9792642593 0.2022093385 0.6821977496 -0.1561133415 0.7143072486
-1.8 -513.4 2028.8 0.7369897962 0.1302535683 -0.6632345319 0.0518746488 0.9674612284 0.2476444840 0.6739102602 -0.2169165164 0.7062522173
202.0 -140.4 2060.1 0.8853582740 0.2345511764 0.4014056325 -0.2510901392 0.9678924084 -0.0117476899 -0.3912729025 -0.0903880745 0.9158250690
111.0 -516.1 2095.2 0.8902526498 -0.0986627936 0.4446525574 0.0026226181 0.9773504734 0.2116109133 -0.4554595351 -0.1872210205 0.8703475595
106.2 256.7 1755.4 0 0 0 0 0 0 0 0 0
267.7 -52.6 2069.7 0 0 0 0 0 0 0 0 0
-50.4 -874.4 2109.8 0 0 0 0 0 0 0 0 0
147.8 -880.7 2165.0 0 0 0 0 0 0 0 0 0
79.8 430.8 2135.9 3 0.8434289694 -0.0849323347 -0.5304847360 -0.0516993590 0.9700108171 -0.2374998182 0.5347473621 0.2277399451 0.8137443066
96.2 243.8 2092.0 0.8434289694 -0.0849323347 -0.5304847360 -0.0516993590 0.9700108171 -0.2374998182 0.5347473621 0.2277399451 0.8137443066
111.1 54.2 2053.0 0.8427786231 -0.0770282745 -0.5327202082 -0.0438828468 0.9765800238 -0.2106317729 0.5364685059 0.2008932382 0.8196605444
-18.9 249.8 2018.7 0.3669464588 -0.6650770307 -0.6504020095 0.6425463557 0.6867942810 -0.3397760093 0.6726696491 -0.2932338417 0.6793596148
-98.0 111.3 1873.8 -0.7327356935 -0.6650770307 -0.1441213191 -0.5243781209 0.6867942810 -0.5033301115 0.4337350130 -0.2932338417 -0.8519905210
211.3 237.8 2165.3 0.4459617734 0.8893006444 0.1013040394 -0.7221884727 0.2906594574 0.6276630759 0.5287361741 -0.3530743420 0.7718656659
311.1 76.2 2283.6 -0.1686440855 0.8893006444 0.4250924289 -0.5092055798 0.2906594574 -0.8100782633 -0.8439602256 -0.3530743420 0.4038188159
49.5 -130.8 1967.4 0.7269795537 0.1335705519 -0.6735426188 0.0052897697 0.9797796011 0.2000100017 0.6866387129 -0.1489660740 0.7115731835
-2.4 -511.2 2025.2 0.7395935655 0.1132235527 -0.6634619832 0.0889815018 0.9606475830 0.2631320059 0.6671459079 -0.2536465824 0.7004140019
200.9 -138.7 2062.8 0.8917637467 0.2203403115 0.3952310383 -0.2310460508 0.9727166891 -0.0209756084 -0.3890696168 -0.0726112872 0.9183422327
115.4 -516.3 2091.0 0.8966827989 -0.0664942712 0.4376510382 -0.0360578038 0.9743975401 0.2219217122 -0.4412026405 -0.2147741169 0.8713278770
104.4 256.2 1754.0 0 0 0 0 0 0 0 0 0
268.3 -53.1 2069.4 0 0 0 0 0 0 0 0 0
-44.6 -869.5 2119.8 0 0 0 0 0 0 0 0 0
140.1 -879.6 2171.0 0 0 0 0 0 0 0 0 0
80.8 431.2 2135.5 4 0.8398166895 -0.0840956494 -0.5363169312 -0.0534252562 0.9703299403 -0.2358082384 0.5402348042 0.2266885638 0.8104064465
97.0 243.8 2091.7 0.8398166895 -0.0840956494 -0.5363169312 -0.0534252562 0.9703299403 -0.2358082384 0.5402348042 0.2266885638 0.8104064465
112.0 54.2 2052.8 0.8391183615 -0.0770341754 -0.5384665132 -0.0449865572 0.9767016172 -0.2098337561 0.5420854688 0.2002990991 0.8161026835
-17.6 249.9 2017.6 0.3690127134 -0.6654802561 -0.6488186717 0.6450737715 0.6859487891 -0.3366810083 0.6691109538 -0.2942963243 0.6824076772
-96.9 111.4 1873.9 -0.7323500514 -0.6654802561 -0.1442202181 -0.5238641500 0.6859487891 -0.5050154924 0.4350055158 -0.2942963243 -0.8509758115
211.7 237.6 2165.7 0.4414452910 0.8920311928 0.0969863161 -0.7227306366 0.2894254327 0.6276092529 0.5317767262 -0.3471501172 0.7724637985
310.5 75.9 2284.7 -0.1637076437 0.8920311928 0.4212838709 -0.5090225339 0.2894254327 -0.8106349111 -0.8450419307 -0.3471501172 0.4066828489
50.6 -131.4 1966.0 0.7229239941 0.1383055151 -0.6769435406 0.0081925020 0.9779756665 0.2085580081 0.6908790469 -0.1563174427 0.7058690190
-3.1 -511.1 2026.7 0.7320785522 0.1085481718 -0.6725164056 0.0747052878 0.9684764147 0.2376395315 0.6771116257 -0.2242113352 0.7008916736
201.6 -139.3 2062.1 0.8939949870 0.2250625342 0.3874529898 -0.2324251533 0.9721984267 -0.0284383651 -0.3830816150 -0.0646300688 0.9214507341
114.2 -516.7 2087.2 0.8953524232 -0.0869647413 0.4367850721 -0.0337841995 0.9646610618 0.2613190711 -0.4440750778 -0.2487290949 0.8607735634
105.9 256.4 1753.4 0 0 0 0 0 0 0 0 0
268.9 -53.3 2070.2 0 0 0 0 0 0 0 0 0
-43.6 -872.3 2110.3 0 0 0 0 0 0 0 0 0
146.7 -876.3 2179.9 0 0 0 0 0 0 0 0 0
81.2 432.5 2136.2 5 0.8473782539 -0.0841310844 -0.5242823958 -0.0516319014 0.9696342945 -0.2390470207 0.5284734368 0.2296329439 0.8173031807
97.4 245.2 2091.8 0.8473782539 -0.0841310844 -0.5242823958 -0.0516319014 0.9696342945 -0.2390470207 0.5284734368 0.2296329439 0.8173031807
112.5 55.7 2052.6 0.8466191888 -0.0777834058 -0.5264843106 -0.0425090604 0.9762175679 -0.2125847042 0.5304988027 0.2023586333 0.8231779933
-18.2 251.0 2019.4 0.3622523248 -0.6672973633 -0.6507591605 0.6471524239 0.6825286746 -0.3396297097 0.6707957983 -0.2981087267 0.6790907383
-96.5 111.2 1874.5 -0.7310107350 -0.6672973633 -0.1426095217 -0.5235586166 0.6825286746 -0.5099421144 0.4376181066 -0.2981087267 -0.8483051062
213.1 239.4 2164.3 0.4512661695 0.8861519098 0.1053264663 -0.7216821313 0.2929665446 0.6271726489 0.5249131322 -0.3590340316 0.7717258334
314.1 77.9 2281.8 -0.1734415740 0.8861519098 0.4297125340 -0.5087845325 0.2929665446 -0.8095115423 -0.8432415724 -0.3590340316 0.4000477791
51.8 -131.4 1965.3 0.7320911884 0.1364703774 -0.6673967242 0.0087042544 0.9777731895 0.2094846815 0.6811510324 -0.1591710746 0.7146312594
-1.2 -511.0 2027.1 0.7390860915 0.1207287610 -0.6627037525 0.0574324839 0.9689316154 0.2405682057 0.6711581349 -0.2158613503 0.7091901302
202.1 -139.4 2062.5 0.8887021542 0.2240608931 0.4000065029 -0.2322799861 0.9722305536 -0.0285273381 -0.3952903748 -0.0675611943 0.9160682559
115.1 -516.9 2088.7 0.8917948008 -0.0685965419 0.4472097456 -0.0505425408 0.9671484232 0.2491372675 -0.4496081471 -0.2447824478 0.8590309024
106.9 256.8 1752.8 0 0 0 0 0 0 0 0 0
270.0 -51.3 2067.7 0 0 0 0 0 0 0 0 0
-46.2 -872.5 2107.7 0 0 0 0 0 0 0 0 0
140.7 -877.6 2180.0 0 0 0 0 0 0 0 0 0
81.7 434.7 2136.1 6 0.8546584249 -0.0814419612 -0.5127632618 -0.0505319498 0.9698831439 -0.2382712513 0.5167257190 0.2295514643 0.8248034120
97.5 247.1 2091.7 0.8546584249 -0.0814419612 -0.5127632618 -0.0505319498 0.9698831439 -0.2382712513 0.5167257190 0.2295514643 0.8248034120
112.2 57.5 2052.4 0.8539264202 -0.0756931379 -0.5148594379 -0.0414651036 0.9763225317 -0.2123085558 0.5187392235 0.2026445717 0.8305689692
-19.2 252.7 2020.8 0.3523354530 -0.6632685065 -0.6602534652 0.6473940015 0.6821958423 -0.3398379385 0.6758259535 -0.3077071607 0.6697578430
-96.0 111.5 1873.4 -0.7358404994 -0.6632685065 -0.1364317536 -0.5195222497 0.6821958423 -0.5144953132 0.4343217313 -0.3077071607 -0.8465700746
214.1 241.4 2162.6 0.4590322077 0.8808719516 0.1155599430 -0.7209398150 0.2933219969 0.6278598905 0.5191678405 -0.3715196550 0.7696998715
316.9 80.1 2278.7 -0.1847392619 0.8808719516 0.4358165562 -0.5095924139 0.2933219969 -0.8088744283 -0.8403493166 -0.3715196550 0.3946975172
51.8 -130.0 1965.7 0.7427965403 0.1315114647 -0.6564739943 0.0196306668 0.9758187532 0.2176978141 0.6692293882 -0.1745921969 0.7222531438
0.7 -508.8 2033.5 0.7427766919 0.1257784665 -0.6576188207 0.0194766801 0.9777213931 0.2090011984 0.6692558527 -0.1680494547 0.7237789631
203.5 -137.7 2060.8 0.8825207949 0.2275073230 0.4115791917 -0.2353423089 0.9713751674 -0.0323157348 -0.4071498811 -0.0683426857 0.9108008742
115.1 -514.8 2087.3 0.8859384060 -0.0641447753 0.4593457580 -0.0574014485 0.9676116109 0.2458308786 -0.4602370858 -0.2441581488 0.8535622954
109.1 256.3 1752.3 0 0 0 0 0 0 0 0 0
270.0 -49.3 2065.4 0 0 0 0 0 0 0 0 0
-46.2 -873.3 2096.2 0 0 0 0 0 0 0 0 0
139.1 -875.8 2178.4 0 0 0 0 0 0 0 0 0
82.0 432.1 2136.0 7 0.8612552285 -0.0797983781 -0.5018681884 -0.0516406819 0.9687378407 -0.2426523864 0.5055419803 0.2349024564 0.8302096725
97.3 245.6 2090.8 0.8612552285 -0.0797983781 -0.5018681884 -0.0516406819 0.9687378407 -0.2426523864 0.5055419803 0.2349024564 0.8302096725
111.6 56.2 2050.7 0.8605280519 -0.0736974627 -0.5040438175 -0.0424294434 0.9756714702 -0.2150928974 0.5076329112 0.2064797729 0.8364657164
-20.2 251.4 2021.5 0.3412854075 -0.6640315056 -0.6652716994 0.6401618719 0.6824526191 -0.3527763784 0.6882710457 -0.3054841459 0.6579988003
-94.6 112.0 1871.6 -0.7368174195 -0.6640315056 -0.1271307766 -0.5277895331 0.6824526191 -0.5056645274 0.4225379229 -0.3054841459 -0.8533118963
214.9 239.8 2160.2 0.4660862088 0.8758602142 0.1250302643 -0.7221617699 0.2949800789 0.6256749630 0.5111223459 -0.3819105327 0.7699988484
319.2 78.3 2274.5 -0.1951866448 0.8758602142 0.4413287640 -0.5072357655 0.2949800789 -0.8097522259 -0.8394129276 -0.3819105327 0.3866914213
50.4 -128.3 1966.5 0.7521512508 0.1236365288 -0.6472885609 0.0247579943 0.9762475491 0.2152388096 0.6585252285 -0.1779177040 0.7312248349
2.4 -507.3 2035.6 0.7486109734 0.1439008266 -0.6472048759 -0.0010375230 0.9764153361 0.2158980519 0.6630086899 -0.1609521657 0.7311045527
203.4 -135.7 2059.5 0.8742015958 0.2362134755 0.4242343009 -0.2468941212 0.9685614109 -0.0305303410 -0.4181086421 -0.0780512840 0.9050376415
111.7 -511.7 2089.8 0.8747308254 -0.0998653248 0.4742076695 -0.0244384147 0.9682010412 0.2489768863 -0.4839925170 -0.2293766290 0.8444747329
111.1 259.3 1753.6 0 0 0 0 0 0 0 0 0
269.6 -50.5 2061.5 0 0 0 0 0 0 0 0 0
-51.3 -871.4 2095.6 0 0 0 0 0 0 0 0 0
148.9 -872.8 2175.3 0 0 0 0 0 0 0 0 0
81.7 433.4 2137.0 8 0.8629194498 -0.0781968758 -0.4992547631 -0.0540114380 0.9680242538 -0.2449731082 0.5024468303 0.2383575141 0.8311033845
96.8 246.6 2091.0 0.8629194498 -0.0781968758 -0.4992547631 -0.0540114380 0.9680242538 -0.2449731082 0.5024468303 0.2383575141 0.8311033845
111.0 57.3 2050.5 0.8621097207 -0.0729835778 -0.5014382005 -0.0436035432 0.9752177596 -0.2169079334 0.5048421025 0.2088629156 0.8375623822
-21.0 252.6 2022.0 0.3329666853 -0.6662883759 -0.6672278643 0.6421697140 0.6783781648 -0.3569610417 0.6904717684 -0.3096173704 0.6537474990
-93.7 112.3 1871.2 -0.7360216379 -0.6662883759 -0.1197163388 -0.5316193700 0.6783781648 -0.5071330667 0.4191097915 -0.3096173704 -0.8535127640
214.6 240.7 2160.0 0.4676520824 0.8746758699 0.1274504364 -0.7232906222 0.2957907915 0.6239859462 0.5080868006 -0.3839920163 0.7709720731
319.3 78.8 2273.7 -0.1978498399 0.8746758699 0.4424901307 -0.5053362846 0.2957907915 -0.8106436133 -0.8399349451 -0.3839920163 0.3834833205
48.8 -129.4 1965.2 0.7552890182 0.1126325056 -0.6456410885 0.0321976505 0.9775559902 0.2082009912 0.6546005011 -0.1780400574 0.7347108126
5.1 -508.9 2034.3 0.7493921518 0.1624611020 -0.6418861151 -0.0066435314 0.9712274671 0.2380610406 0.6620931029 -0.1741366833 0.7289095521
203.0 -137.0 2056.1 0.8718678951 0.2379108071 0.4280711114 -0.2501262426 0.9677956104 -0.0284345280 -0.4210502207 -0.0822806656 0.9032976031
110.7 -512.7 2088.1 0.8711133003 -0.1062165275 0.4794576764 -0.0258045904 0.9650797248 0.2606823146 -0.4904036522 -0.2394560426 0.8379529119
112.5 261.2 1753.9 0 0 0 0 0 0 0 0 0
269.0 -49.4 2060.5 0 0 0 0 0 0 0 0 0
-55.5 -871.2 2099.3 0 0 0 0 0 0 0 0 0
150.3 -872.8 2177.4 0 0 0 0 0 0 0 0 0
81.4 435.5 2136.5 9 0.8673053384 -0.0791701302 -0.4914402962 -0.0513357632 0.9677805901 -0.2465062439 0.4951223135 0.2390246391 0.8352970481
96.7 248.3 2090.2 0.8673053384 -0.0791701302 -0.4914402962 -0.0513357632 0.9677805901 -0.2465062439 0.4951223135 0.2390246391 0.8352970481
111.0 58.9 2049.9 0.8664492369 -0.0737636611 -0.4937860668 -0.0404578894 0.9753994346 -0.2167005986 0.4976232946 0.2077376097 0.8421497345
-21.7 253.8 2022.3 0.3249264359 -0.6688391566 -0.6686381698 0.6452567577 0.6736653447 -0.3603037000 0.6914235950 -0.3143710792 0.6504646540
-92.7 112.7 1871.1 -0.7345517278 -0.6688391566 -0.1144023538 -0.5337966681 0.6736653447 -0.5111126304 0.4189210534 -0.3143710792 -0.8518661857
215.1 242.8 2158.2 0.4738168120 0.8706269860 0.1323112696 -0.7211565971 0.2973826528 0.6256969571 0.5054016113 -0.3918828666 0.7687633038
321.1 81.4 2271.3 -0.2035999745 0.8706269860 0.4478344321 -0.5073567033 0.2973826528 -0.8087970614 -0.8373387456 -0.3918828666 0.3811713457
47.9 -128.1 1964.7 0.7607432604 0.1062800288 -0.6402922869 0.0357437730 0.9781453013 0.2048269957 0.6480679512 -0.1787072122 0.7403185964
6.7 -507.8 2034.1 0.7525971532 0.1755275428 -0.6346554756 -0.0148799047 0.9681044221 0.2501048446 0.6583130360 -0.1787845790 0.7312044501
202.4 -135.9 2055.2 0.8702659607 0.2291679084 0.4360266030 -0.2430566549 0.9697015882 -0.0245410595 -0.4284397364 -0.0846219212 0.8995990753
113.4 -512.3 2088.0 0.8717337251 -0.0866603777 0.4822553694 -0.0382187329 0.9692103267 0.2432501465 -0.4884870350 -0.2304805517 0.8415813446
113.3 262.4 1753.6 0 0 0 0 0 0 0 0 0
269.4 -47.4 2058.8 0 0 0 0 0 0 0 0 0
-58.8 -869.1 2100.8 0 0 0 0 0 0 0 0 0
145.8 -874.0 2174.0 0 0 0 0 0 0 0 0 0
83.3 436.7 2136.2 0 0.8659463525 -0.0747940466 -0.4945126772 -0.0540566482 0.9689654708 -0.2412132323 0.4972070158 0.2356094122 0.8350289464
97.7 249.1 2090.6 0.8659463525 -0.0747940466 -0.4945126772 -0.0540566482 0.9689654708 -0.2412132323 0.4972070158 0.2356094122 0.8350289464
111.0 59.6 2050.9 0.8652303815 -0.0681546479 -0.4967205822 -0.0443130508 0.9764453173 -0.2111655772 0.4994123876 0.2047180831 0.8418300152
-20.5 255.2 2022.4 0.3239259124 -0.6716899276 -0.6662616730 0.6476142406 0.6708045006 -0.3614099324 0.6896867752 -0.3144104779 0.6522868872
-91.7 112.8 1870.7 -0.7318147421 -0.6716899276 -0.1152380034 -0.5347780585 0.6708045006 -0.5138421059 0.4224447608 -0.3144104779 -0.8501096964
216.0 243.1 2158.9 0.4684095085 0.8731871247 0.1346729249 -0.7225379348 0.2908672690 0.6271644235 0.5084599257 -0.3910760581 0.7671557665
320.8 81.4 2272.6 -0.2051267624 0.8731871247 0.4421167970 -0.5085489750 0.2908672690 -0.8104160428 -0.8362421989 -0.3910760581 0.3843937218
47.7 -126.8 1965.0 0.7584840655 0.1144927293 -0.6415554285 0.0224408582 0.9792739153 0.2012932599 0.6513051391 -0.1670747697 0.7401943207
3.3 -506.9 2029.9 0.7568567395 0.1614066660 -0.6333370209 0.0124678137 0.9652844667 0.2609032691 0.6534618735 -0.2053627074 0.7285696268
203.0 -134.0 2054.2 0.8711224794 0.2267425060 0.4355840087 -0.2431647927 0.9698080420 -0.0185277369 -0.4266338944 -0.0897787735 0.8999573588
114.9 -510.5 2089.0 0.8760019541 -0.0633052960 0.4781349003 -0.0507707968 0.9737372398 0.2219416350 -0.4796278477 -0.2186965942 0.8497816920
113.6 262.8 1752.2 0 0 0 0 0 0 0 0 0
268.7 -47.7 2060.4 0 0 0 0 0 0 0 0 0
-57.0 -867.0 2106.5 0 0 0 0 0 0 0 0 0
138.5 -873.8 2170.6 0 0 0 0 0 0 0 0 0
84.0 435.5 2135.6 1 0.8669503927 -0.0721319094 -0.4931470156 -0.0561210401 0.9690496922 -0.2404020578 0.4952246249 0.2360925823 0.8360698819
98.0 248.4 2090.0 0.8669503927 -0.0721319094 -0.4931470156 -0.0561210401 0.9690496922 -0.2404020578 0.4952246249 0.2360925823 0.8360698819
110.7 58.8 2050.2 0.8662304282 -0.0658598021 -0.4952851534 -0.0459694527 0.9765650630 -0.2102556974 0.4975255728 0.2048978657 0.8429028392
-20.4 254.7 2022.0 0.3246693611 -0.6697888970 -0.6678118110 0.6436126828 0.6738322377 -0.3629225791 0.6930746436 -0.3119823337 0.6498573422
-91.9 113.0 1869.4 -0.7335594893 -0.6697888970 -0.1152099818 -0.5352551341 0.6738322377 -0.5093643665 0.4187988043 -0.3119823337 -0.8528039455
216.3 242.1 2158.0 0.4681473970 0.8728832006 0.1375243962 -0.7234390974 0.2892305553 0.6268824339 0.5074188709 -0.3929639161 0.7668803334
321.1 80.2 2271.5 -0.2079091370 0.8728832006 0.4414167404 -0.5081222057 0.2892305553 -0.8112690449 -0.8358143568 -0.3929639161 0.3833976686
46.7 -126.0 1966.4 0.7601618171 0.1144136861 -0.6395807862 0.0228516739 0.9790565372 0.2023019493 0.6493318677 -0.1683977097 0.7416268587
2.3 -506.1 2031.8 0.7585198879 0.1544812024 -0.6330743432 0.0122813508 0.9679331183 0.2509075403 0.6515341401 -0.1980933696 0.7322993279
201.7 -133.9 2055.9 0.8707494140 0.2239722013 0.4377577603 -0.2404237241 0.9704953432 -0.0183095466 -0.4289427102 -0.0893043280 0.8989065289
114.8 -510.7 2090.6 0.8757488132 -0.0643003136 0.4784657061 -0.0447317921 0.9760190248 0.2130396068 -0.4806901515 -0.2079718113 0.8518713117
113.9 263.1 1752.0 0 0 0 0 0 0 0 0 0
268.3 -48.8 2059.4 0 0 0 0 0 0 0 0 0
-55.4 -867.3 2105.7 0 0 0 0 0 0 0 0 0
138.8 -874.9 2168.2 0 0 0 0 0 0 0 0 0
84.1 435.8 2136.3 2 0.8653795719 -0.0728409886 -0.4957946837 -0.0575264469 0.9683983326 -0.2426837236 0.4978040755 0.2385348529 0.8338418603
98.2 248.7 2090.2 0.8653795719 -0.0728409886 -0.4957946837 -0.0575264469 0.9683983326 -0.2426837236 0.4978040755 0.2385348529 0.8338418603
111.0 59.2 2050.1 0.8646581173 -0.0659273937 -0.4980160296 -0.0474158823 0.9762152433 -0.2115551382 0.5001181364 0.2065367401 0.8409664035
-20.0 255.2 2021.9 0.3268840611 -0.6697152853 -0.6668044925 0.6448792815 0.6738424301 -0.3606481552 0.6908527613 -0.3121182621 0.6521538496
-91.9 113.3 1869.9 -0.7332921624 -0.6697152853 -0.1173205003 -0.5336608887 0.6738424301 -0.5110209584 0.4212940633 -0.3121182621 -0.8515242338
216.3 242.2 2158.5 0.4661557972 0.8742631078 0.1355093420 -0.7246689200 0.2894638181 0.6253523827 0.5074974895 -0.3897110522 0.7684865594
320.6 80.0 2272.1 -0.2056114823 0.8742631078 0.4397589266 -0.5064215064 0.2894638181 -0.8122487068 -0.8374133706 -0.3897110522 0.3832285702
45.9 -126.6 1965.9 0.7592007518 0.1023144275 -0.6427643299 0.0305497888 0.9808765054 0.1922185719 0.6501391530 -0.1655687988 0.7415564656
6.2 -507.4 2030.2 0.7535258532 0.1741457433 -0.6339337826 -0.0035100412 0.9653297067 0.2610101402 0.6574088931 -0.1944527477 0.7280121446
201.1 -134.9 2055.0 0.8741411567 0.2158512175 0.4350694716 -0.2303921878 0.9728968143 -0.0197799783 -0.4275472462 -0.0829461142 0.9001795650
117.3 -512.6 2087.2 0.8792334199 -0.0398232006 0.4747237861 -0.0744342804 0.9727772474 0.2194628119 -0.4705402255 -0.2282947600 0.8523340821
114.1 263.2 1751.5 0 0 0 0 0 0 0 0 0
268.4 -48.5 2059.5 0 0 0 0 0 0 0 0 0
-58.8 -867.6 2102.7 0 0 0 0 0 0 0 0 0
132.2 -875.5 2172.4 0 0 0 0 0 0 0 0 0
85.2 435.7 2136.1 3 0.8658987284 -0.0699508637 -0.4953041673 -0.0594323426 0.9687736034 -0.2407186180 0.4966761172 0.2378750443 0.8347025514
98.7 248.6 2090.2 0.8658987284 -0.0699508637 -0.4953041673 -0.0594323426 0.9687736034 -0.2407186180 0.4966761172 0.2378750443 0.8347025514
111.1 59.1 2050.1 0.8651968837 -0.0634568855 -0.4974008501 -0.0491982438 0.9764310718 -0.2101472914 0.4990129471 0.2062900215 0.8416831493
-19.5 255.3 2022.0 0.3256852925 -0.6661454439 -0.6709540486 0.6436730623 0.6760167480 -0.3587288558 0.6925417781 -0.3150423467 0.6489485502
-91.3 113.4 1869.3 -0.7367540598 -0.6661454439 -0.1159471199 -0.5307877660 0.6760167480 -0.5111415982 0.4188768268 -0.3150423467 -0.8516399264
216.9 241.9 2158.4 0.4651773274 0.8744082451 0.1379138678 -0.7255457044 0.2873588502 0.6253065467 0.5071424246 -0.3909412622 0.7680960298
321.0 79.5 2271.8 -0.2078402936 0.8744082451 0.4384205639 -0.5062350035 0.2873588502 -0.8131119609 -0.8369758129 -0.3909412622 0.3829312921
46.3 -126.1 1965.2 0.7603990436 0.1053895950 -0.6408481002 0.0317544937 0.9795324802 0.1987656951 0.6486793756 -0.1714910567 0.7414889932
5.4 -506.3 2031.8 0.7554035187 0.1555969417 -0.6365179420 -0.0023623412 0.9720380902 0.2348113507 0.6552556157 -0.1758736372 0.7346485853
201.2 -134.6 2054.8 0.8734828234 0.2160071135 0.4363125563 -0.2306302041 0.9728376865 -0.0199130792 -0.4287626743 -0.0832331255 0.8995748162
117.4 -512.3 2087.1 0.8775790334 -0.0492495894 0.4768956602 -0.0694514364 0.9711583257 0.2280965894 -0.4743748307 -0.2332938910 0.8488477468
115.7 262.5 1751.6 0 0 0 0 0 0 0 0 0
268.3 -49.0 2059.4 0 0 0 0 0 0 0 0 0
-52.7 -869.0 2097.4 0 0 0 0 0 0 0 0 0
135.8 -874.7 2174.2 0 0 0 0 0 0 0 0 0
85.3 434.2 2135.5 4 0.8636200428 -0.0715984926 -0.4990331233 -0.0576651320 0.9693379402 -0.2388697118 0.5008344650 0.2350694835 0.8330109119
99.1 247.4 2090.2 0.8636200428 -0.0715984926 -0.4990331233 -0.0576651320 0.9693379402 -0.2388697118 0.5008344650 0.2350694835 0.8330109119
111.2 57.8 2050.4 0.8630955815 -0.0627727136 -0.5011243224 -0.0500694588 0.9767220616 -0.2085834146 0.5025525093 0.2051184624 0.8398615122
-18.9 254.2 2021.6 0.3291627467 -0.6638380885 -0.6715436578 0.6416609883 0.6790000200 -0.3566933274 0.6927647591 -0.3134932518 0.6494604945
-90.9 113.8 1870.0 -0.7383933067 -0.6638380885 -0.1187197268 -0.5285177231 0.6790000200 -0.5095370412 0.4188607633 -0.3134932518 -0.8522192240
217.0 240.5 2158.9 0.4619951248 0.8764264584 0.1357834786 -0.7257897854 0.2856328189 0.6258139014 0.5096956491 -0.3876732588 0.7680623531
320.4 78.1 2273.0 -0.2052431405 0.8764264584 0.4356052279 -0.5067034960 0.2856328189 -0.8134282231 -0.8373331428 -0.3876732588 0.3854641616
45.9 -126.1 1965.4 0.7571610808 0.1134184152 -0.6433065534 0.0253513791 0.9789674282 0.2024353743 0.6527360678 -0.1695849001 0.7383607030
1.8 -506.1 2031.2 0.7541441321 0.1401763707 -0.6415740252 0.0029595690 0.9762179852 0.2167709917 0.6567022800 -0.1653753519 0.7357941866
200.9 -134.9 2054.8 0.8743353486 0.2211845815 0.4319897294 -0.2346626669 0.9718133807 -0.0226308014 -0.4248189926 -0.0815849528 0.9015945196
115.0 -512.2 2086.5 0.8754879832 -0.0760994181 0.4772103429 -0.0558361262 0.9649781585 0.2563191056 -0.4800032973 -0.2510498762 0.8405776620
116.5 262.2 1752.4 0 0 0 0 0 0 0 0 0
268.3 -50.5 2060.4 0 0 0 0 0 0 0 0 0
-50.5 -870.4 2092.9 0 0 0 0 0 0 0 0 0
143.4 -872.2 2180.1 0 0 0 0 0 0 0 0 0
86.0 435.2 2136.3 5 0.8625309467 -0.0688281804 -0.5013013482 -0.0604907535 0.9695754051 -0.2372011691 0.5023755431 0.2349174470 0.8321253657
99.3 247.8 2090.9 0.8625309467 -0.0688281804 -0.5013013482 -0.0604907535 0.9695754051 -0.2372011691 0.5023755431 0.2349174470 0.8321253657
111.4 58.2 2051.2 0.8618610501 -0.0624192134 -0.5032885671 -0.0505558439 0.9768788815 -0.2077299953 0.5046182871 0.2044785619 0.8387781978
-18.5 254.7 2021.9 0.3298080266 -0.6620534658 -0.6729872823 0.6406301260 0.6805666685 -0.3555588126 0.6934116483 -0.3138697743 0.6485877633
-90.8 114.2 1869.8 -0.7399336100 -0.6620534658 -0.1190944314 -0.5270084739 0.6805666685 -0.5090099573 0.4180434942 -0.3138697743 -0.8524819016
217.0 240.9 2159.8 0.4601654112 0.8775858283 0.1345025897 -0.7259276509 0.2846863866 0.6260851622 0.5111523867 -0.3857419193 0.7680666447
320.0 78.5 2274.2 -0.2036968172 0.8775858283 0.4339939654 -0.5069488287 0.2846863866 -0.8136071563 -0.8375622630 -0.3857419193 0.3869013786
46.1 -127.3 1965.6 0.7550191879 0.1172622293 -0.6451322436 0.0198206697 0.9793480635 0.2012076378 0.6554030180 -0.1647025794 0.7371023893
0.6 -507.6 2029.5 0.7558305264 0.1334197074 -0.6410299540 0.0256348606 0.9722390771 0.2325811386 0.6542652845 -0.1922246367 0.7314277887
200.8 -136.3 2055.6 0.8736304045 0.2259283364 0.4309597611 -0.2421498895 0.9700778127 -0.0176781155 -0.4220584631 -0.0889127105 0.9021979570
113.0 -512.9 2090.1 0.8771338463 -0.0746027753 0.4744160771 -0.0423080735 0.9720159769 0.2310733944 -0.4783787429 -0.2227539271 0.8494318724
116.9 262.1 1752.4 0 0 0 0 0 0 0 0 0
268.3 -50.2 2061.6 0 0 0 0 0 0 0 0 0
-49.2 -870.3 2101.2 0 0 0 0 0 0 0 0 0
140.9 -875.5 2173.2 0 0 0 0 0 0 0 0 0
86.1 433.3 2135.6 6 0.8605180383 -0.0696400777 -0.5046374798 -0.0594819449 0.9700999856 -0.2353038341 0.5059353709 0.2325000167 0.8306462169
99.5 246.4 2090.8 0.8605180383 -0.0696400777 -0.5046374798 -0.0594819449 0.9700999856 -0.2353038341 0.5059353709 0.2325000167 0.8306462169
111.6 56.7 2051.2 0.8599588871 -0.0622075126 -0.5065580010 -0.0512240753 0.9770113230 -0.2069418430 0.5077862144 0.2039094418 0.8370030522
-18.0 253.4 2021.4 0.3353541791 -0.6595428586 -0.6727115512 0.6377132535 0.6845174432 -0.3532105088 0.6934402585 -0.3105464280 0.6501550078
-91.3 114.0 1869.9 -0.7419329882 -0.6595428586 -0.1205763295 -0.5265720487 0.6845174432 -0.5041406155 0.4150389433 -0.3105464280 -0.8551629186
217.0 239.4 2160.2 0.4575784206 0.8792706132 0.1323072612 -0.7262002826 0.2836895883 0.6262215376 0.5130839944 -0.3826270103 0.7683367729
319.4 76.9 2275.0 -0.2011283338 0.8792706132 0.4317761362 -0.5070440173 0.2836895883 -0.8138959408 -0.8381251693 -0.3826270103 0.3887708783
46.3 -126.9 1966.3 0.7525827289 0.1255781651 -0.6464126706 0.0188903082 0.9771264195 0.2118186504 0.6582267284 -0.1716219932 0.7329962254
-2.5 -506.3 2032.9 0.7540596724 0.1093388572 -0.6476411819 0.0315509066 0.9788780808 0.2019956261 0.6560477018 -0.1727504134 0.7346827388
200.7 -136.0 2056.7 0.8756582141 0.2241904885 0.4277397990 -0.2400269806 0.9706112146 -0.0173474867 -0.4190581739 -0.0874786228 0.9037353992
113.7 -512.8 2090.6 0.8809937239 -0.0623385794 0.4690032005 -0.0458509549 0.9753668308 0.2157712132 -0.4709010422 -0.2115973234 0.8564337492
117.2 262.0 1753.3 0 0 0 0 0 0 0 0 0
268.3 -51.9 2062.3 0 0 0 0 0 0 0 0 0
-43.3 -871.4 2097.3 0 0 0 0 0 0 0 0 0
136.9 -876.7 2169.6 0 0 0 0 0 0 0 0 0
85.4 433.2 2136.3 7 0.8592361212 -0.0698821843 -0.5067837238 -0.0612373278 0.9694535732 -0.2375073433 0.5079008341 0.2351089716 0.8287101388
98.9 246.1 2090.9 0.8592361212 -0.0698821843 -0.5067837238 -0.0612373278 0.9694535732 -0.2375073433 0.5079008341 0.2351089716 0.8287101388
111.0 56.5 2051.2 0.8586233258 -0.0621171072 -0.5088295341 -0.0522013567 0.9768747091 -0.2073424011 0.5099421740 0.2045906186 0.8355247974
-18.4 253.2 2021.2 0.3329735696 -0.6601487398 -0.6732994914 0.6381620169 0.6834363937 -0.3544910252 0.6941742301 -0.3116380274 0.6488481164
-91.0 114.1 1869.9 -0.7413728237 -0.6601487398 -0.1207059473 -0.5261724591 0.6834363937 -0.5060209632 0.4165439308 -0.3116380274 -0.8540332913
216.2 239.0 2160.6 0.4558086097 0.8804249763 0.1307300180 -0.7269280553 0.2834669352 0.6254774928 0.5136284232 -0.3801293671 0.7692123055
318.2 76.3 2275.5 -0.1992981136 0.8804249763 0.4302698076 -0.5061959028 0.2834669352 -0.8145012259 -0.8390744925 -0.3801293671 0.3891730905
46.6 -128.4 1966.2 0.7504027486 0.1254119277 -0.6489742398 0.0139442692 0.9786129594 0.2052370459 0.6608337760 -0.1630599052 0.7326050401
-2.1 -508.3 2029.5 0.7559162974 0.1011094004 -0.6468132734 0.0592301600 0.9733871818 0.2213801742 0.6519833803 -0.2056557387 0.7298105359
200.7 -137.5 2057.1 0.8782773614 0.2204198092 0.4243159294 -0.2328054756 0.9722470641 -0.0231778976 -0.4176487923 -0.0784264430 0.9052175283
115.1 -515.0 2087.6 0.8822998405 -0.0481193848 0.4682216048 -0.0754802376 0.9674221873 0.2416547090 -0.4645962715 -0.2485533953 0.8499244452
117.3 261.9 1752.8 0 0 0 0 0 0 0 0 0
267.6 -52.2 2062.5 0 0 0 0 0 0 0 0 0
-39.8 -871.3 2106.2 0 0 0 0 0 0 0 0 0
133.1 -875.8 2180.3 0 0 0 0 0 0 0 0 0
86.4 431.9 2136.1 8 0.8600692749 -0.0682149157 -0.5055962205 -0.0630513728 0.9692109823 -0.2380223423 0.5062660575 0.2365942448 0.8292875290
99.5 245.1 2090.5 0.8600692749 -0.0682149157 -0.5055962205 -0.0630513728 0.9692109823 -0.2380223423 0.5062660575 0.2365942448 0.8292875290
111.6 55.6 2050.5 0.8593896031 -0.0619054325 -0.5075600743 -0.0528873466 0.9765582085 -0.2086552829 0.5085788369 0.2061596811 0.8359699249
-17.9 252.4 2021.0 0.3345577717 -0.6595907211 -0.6730610728 0.6349332333 0.6855429411 -0.3562172055 0.6963698268 -0.3081735969 0.6481497884
-90.9 113.9 1869.1 -0.7415418029 -0.6595907211 -0.1227021590 -0.5265959501 0.6855429411 -0.5027201772 0.4157071710 -0.3081735969 -0.8556965590
217.0 237.9 2160.0 0.4566461742 0.8798283935 0.1318188906 -0.7276573777 0.2841277421 0.6243285537 0.5118486285 -0.3810162544 0.7699595094
319.1 75.1 2274.6 -0.2005045414 0.8798283935 0.4309290946 -0.5049452782 0.2841277421 -0.8150470257 -0.8395404816 -0.3810162544 0.3872963190
46.1 -128.5 1965.8 0.7517294288 0.1250643879 -0.6475042701 0.0156883206 0.9781838059 0.2071481645 0.6592850685 -0.1658776253 0.7333674431
-2.5 -508.2 2030.2 0.7555423975 0.1050417200 -0.6466234922 0.0474235266 0.9757013321 0.2139109224 0.6533809900 -0.1922839433 0.7322022915
200.0 -137.8 2057.2 0.8757341504 0.2265707403 0.4263277650 -0.2405248731 0.9704015851 -0.0216470920 -0.4186137319 -0.0835853294 0.9043096900
112.0 -514.6 2089.6 0.8795092106 -0.0663273335 0.4712368846 -0.0539780557 0.9699441791 0.2372649908 -0.4728106260 -0.2341132015 0.8494946361
117.4 261.8 1752.4 0 0 0 0 0 0 0 0 0
268.2 -53.1 2061.4 0 0 0 0 0 0 0 0 0
-41.6 -872.3 2101.9 0 0 0 0 0 0 0 0 0
136.7 -876.4 2177.0 0 0 0 0 0 0 0 0 0
86.4 431.2 2136.0 9 0.8580607176 -0.0688322932 -0.5089144111 -0.0627689436 0.9694898725 -0.2369588315 0.5096977949 0.2352690846 0.8275606632
99.7 244.3 2090.7 0.8580607176 -0.0688322932 -0.5089144111 -0.0627689436 0.9694898725 -0.2369588315 0.5096977949 0.2352690846 0.8275606632
111.6 54.7 2050.8 0.8574442267 -0.0616310053 -0.5108727813 -0.0535724498 0.9767149091 -0.2077450901 0.5117805600 0.2054985315 0.8341768384
-17.5 251.6 2020.8 0.3376829028 -0.6587361097 -0.6723369360 0.6326754093 0.6877174973 -0.3560427427 0.6969161034 -0.3051415086 0.6489965916
-90.8 114.2 1869.5 -0.7418048382 -0.6587361097 -0.1256673932 -0.5259262323 0.6877174973 -0.5004460216 0.4160855412 -0.3051415086 -0.8565987945
216.8 237.0 2160.6 0.4539741576 0.8815344572 0.1296321899 -0.7279149294 0.2830239832 0.6245296597 0.5138553977 -0.3778815269 0.7701676488
318.4 74.1 2275.6 -0.1979310066 0.8815344572 0.4286261201 -0.5051077008 0.2830239832 -0.8153303862 -0.8400532603 -0.3778815269 0.3892506361
46.6 -129.3 1964.9 0.7486461997 0.1306939572 -0.6499599814 0.0102181798 0.9779853821 0.2084229589 0.6628909707 -0.1626764685 0.7308295965
-4.2 -509.0 2028.1 0.7546697855 0.1027429402 -0.6480103731 0.0585503243 0.9731761813 0.2224858552 0.6534870863 -0.2058445662 0.7284110188
200.6 -138.7 2056.1 0.8786632419 0.2199678868 0.4237512052 -0.2345228344 0.9719395041 -0.0182391983 -0.4158725441 -0.0833532214 0.9055949450
115.2 -516.1 2088.4 0.8838667274 -0.0409452468 0.4659432769 -0.0769488066 0.9698597193 0.2311947346 -0.4613659382 -0.2401991040 0.8540760279
117.6 262.0 1752.6 0 0 0 0 0 0 0 0 0
268.2 -54.2 2062.4 0 0 0 0 0 0 0 0 0
-42.5 -872.1 2104.9 0 0 0 0 0 0 0 0 0
130.4 -877.9 2178.0 0 0 0 0 0 0 0 0 0
84.7 429.7 2137.5 0 0.8499371409 -0.0709788725 -0.5220813155 -0.0661576465 0.9686652422 -0.2393968254 0.5227141380 0.2380119115 0.8186087608
98.4 243.0 2091.6 0.8499371409 -0.0709788725 -0.5220813155 -0.0661576465 0.9686652422 -0.2393968254 0.5227141380 0.2380119115 0.8186087608
110.3 53.5 2051.4 0.8493777514 -0.0614788793 -0.5241925120 -0.0579439998 0.9763265252 -0.2083963603 0.5245950222 0.2073810399 0.8257076740
-17.6 251.0 2020.0 0.3400782645 -0.6548645496 -0.6749067903 0.6343331337 0.6895667911 -0.3494555354 0.6942393780 -0.3092734814 0.6499089599
-91.0 114.1 1870.2 -0.7454203963 -0.6548645496 -0.1245023236 -0.5219383240 0.6895667911 -0.5020737648 0.4146429598 -0.3092734814 -0.8558160663
214.4 235.1 2163.3 0.4436584413 0.8881226182 0.1200226992 -0.7309553027 0.2811097205 0.6218373179 0.5185282230 -0.3636146188 0.7738946676
313.7 71.6 2279.3 -0.1867988706 0.8881226182 0.4199338555 -0.5020771027 0.2811097205 -0.8178605437 -0.8444079161 -0.3636146188 0.3933950365
46.8 -130.1 1965.1 0.7396711111 0.1309949905 -0.6600961685 0.0142855914 0.9775949121 0.2100098282 0.6728168726 -0.1647680700 0.7212273479
