84.6 483.6 1996.4 8 0.9334590435 0.0496950336 -0.3552248180 -0.1210064664 0.9759267569 -0.1814509034 0.3376561701 0.2123614848 0.9170010090
69.1 178.0 1929.9 0.9334590435 0.0496950336 -0.3552248180 -0.1210064664 0.9759267569 -0.1814509034 0.3376561701 0.2123614848 0.9170010090
73.6 -20.3 1937.7 0.9356929660 -0.0211478304 -0.3521810472 0.0335395560 0.9990130663 0.0291207191 0.3512176275 -0.0390600450 0.9354787469
-67.0 173.4 1878.9 -0.3642642498 -0.8348429799 -0.4127332866 -0.4306505919 0.5439498425 -0.7201795578 0.8257430792 -0.0845918432 -0.5576671362
30.1 288.1 1658.9 -0.4001277983 -0.8348429799 0.3780674040 -0.7051428556 0.5439498425 0.4548539221 -0.5853813291 -0.0845918432 -0.8063330054
205.1 182.7 1980.9 -0.0368158594 0.9455618858 -0.3233532906 -0.7726045847 0.1782935262 0.6093386412 0.6338191628 0.2722575665 0.7239813805
194.9 -32.3 2157.3 0.1656007767 0.9455618858 -0.2801591456 -0.9837688208 0.1782935262 0.0202551708 0.0691030771 0.2722575665 0.9597398639
-2.3 -218.5 1898.4 0.8701163530 0.0993331596 0.4827322662 -0.1032072976 0.9944857955 -0.0186087731 -0.4819188416 -0.0336296968 0.8755702376
-41.8 -613.2 1911.8 0.8747878075 0.0000204476 0.4845062792 -0.0000240083 1.0000000000 0.0000011445 -0.4845062792 -0.0000126334 0.8747878075
164.7 -211.8 1970.6 -0.3890318274 0.3351814151 0.8580837250 -0.1027510092 0.9098602533 -0.4019906819 -0.9154760838 -0.2445561439 -0.3195243776
31.5 -573.3 2067.8 -0.3922080398 -0.0840231925 0.9160311222 -0.0679916739 0.9957436323 0.0622235201 -0.9173603654 -0.0378779210 -0.3962515295
145.1 490.8 1827.2 0 0 0 0 0 0 0 0 0
237.9 -287.7 2175.2 0 0 0 0 0 0 0 0 0
-41.8 -995.4 1911.8 0 0 0 0 0 0 0 0 0
63.6 -953.5 2082.2 0 0 0 0 0 0 0 0 0
83.0 483.1 1994.1 9 0.8942169547 0.0439696796 -0.4454691112 -0.1266241372 0.9793651104 -0.1575127989 0.4293511212 0.1972577572 0.8813325167
69.1 173.3 1931.7 0.8942169547 0.0439696796 -0.4454691112 -0.1266241372 0.9793651104 -0.1575127989 0.4293511212 0.1972577572 0.8813325167
74.9 -24.7 1945.2 0.8955010772 -0.0301398989 -0.4440376759 0.0569079183 0.9972689152 0.0470759980 0.4414061010 -0.0674258694 0.8947705626
-60.8 165.0 1867.7 -0.3477393985 -0.8506700397 -0.3942560256 -0.5123446584 0.5245700479 -0.6799479723 0.7852262855 -0.0344497301 -0.6182498932
29.4 297.8 1664.1 -0.4087604284 -0.8506700397 0.3305683136 -0.7012276053 0.5245700479 0.4828106463 -0.5841187835 -0.0344497301 -0.8109368086
198.9 181.6 1995.6 -0.0916688293 0.9113521576 -0.4012904465 -0.7578048706 0.1975889355 0.6218443513 0.6460097432 0.3611035943 0.6725143790
173.4 -29.2 2175.3 0.1682338268 0.9113521576 -0.3756788373 -0.9794387817 0.1975889355 0.0407219678 0.1113420352 0.3611035943 0.9258548021
-7.3 -221.5 1913.5 0.9179692864 0.0844826847 0.3875501454 -0.0687472746 0.9961544275 -0.0543153211 -0.3906484842 0.0232167803 0.9202470779
-40.8 -616.5 1904.3 0.9201461673 0.0000102238 0.3915750384 -0.0000118809 1.0000000000 0.0000018089 -0.3915750384 -0.0000063167 0.9201461673
163.5 -215.7 1977.5 -0.2922484577 0.3325566649 0.8966587186 -0.1257840842 0.9160801172 -0.3807566166 -0.9480344057 -0.2240609378 -0.2258926630
31.4 -579.6 2066.5 -0.2998347580 -0.1185045093 0.9466022253 -0.0668236762 0.9924263954 0.1030749083 -0.9516478777 -0.0323499963 -0.3054828346
148.1 501.5 1833.8 0 0 0 0 0 0 0 0 0
217.1 -283.4 2204.2 0 0 0 0 0 0 0 0 0
-40.8 -998.6 1904.3 0 0 0 0 0 0 0 0 0
76.6 -958.5 2078.9 0 0 0 0 0 0 0 0 0
82.1 486.1 1992.9 0 0.9381877184 0.0470524095 -0.3429138362 -0.1112416983 0.9791456461 -0.1699973047 0.3277638257 0.1976356953 0.9238566160
66.8 167.3 1928.6 0.9381877184 0.0470524095 -0.3429138362 -0.1112416983 0.9791456461 -0.1699973047 0.3277638257 0.1976356953 0.9238566160
73.7 -30.0 1949.5 0.9394689798 -0.0328534432 -0.3410552740 0.0667956322 0.9938555360 0.0882579759 0.3360601068 -0.1056966335 0.9358909130
-69.1 157.8 1880.1 -0.3573902845 -0.8480342031 -0.3912930191 -0.5286960006 0.5290721655 -0.6637493372 0.7699043751 -0.0303425100 -0.6374375224
30.4 305.1 1665.6 -0.4127674103 -0.8480342031 0.3323569000 -0.6953524947 0.5290721655 0.4863821268 -0.5883094668 -0.0303425100 -0.8080664277
202.7 176.7 1977.1 -0.0201785583 0.9467341900 -0.3213832378 -0.7304539680 0.2055259943 0.6513033509 0.6826637983 0.2478980273 0.6873984933
197.0 -26.1 2166.6 0.1770541072 0.9467341900 -0.2689725161 -0.9752571583 0.2055259943 0.0814402774 0.1323831379 0.2478980273 0.9596985579
-0.7 -227.9 1918.5 0.8703308105 0.1092123613 0.4802051187 -0.0727124736 0.9929103851 -0.0940310434 -0.4870700240 0.0469212085 0.8721016049
-44.1 -621.8 1899.9 0.8726407290 0.0000051119 0.4883627594 -0.0000060033 1.0000000000 0.0000002596 -0.4883627594 -0.0000031583 0.8726407290
162.3 -217.5 1998.8 -0.3496799469 0.3342456222 0.8752164245 -0.0584903248 0.9245817065 -0.3764671981 -0.9350416064 -0.1828347296 -0.3037575483
29.6 -584.5 2071.4 -0.3496799469 -0.1553388238 0.9239013791 -0.0584903248 0.9878543019 0.1439539343 -0.9350416064 -0.0037014913 -0.3545186520
151.2 508.6 1837.7 0 0 0 0 0 0 0 0 0
243.0 -279.3 2200.9 0 0 0 0 0 0 0 0 0
-44.1 -1004.0 1899.9 0 0 0 0 0 0 0 0 0
88.9 -961.4 2072.8 0 0 0 0 0 0 0 0 0
81.8 487.2 1996.8 1 0.9218922257 0.0438531563 -0.3849566877 -0.1199177131 0.9770817757 -0.1758719534 0.3684216142 0.2082981169 0.9060228467
67.3 164.3 1928.0 0.9218922257 0.0438531563 -0.3849566877 -0.1199177131 0.9770817757 -0.1758719534 0.3684216142 0.2082981169 0.9060228467
73.3 -32.6 1953.2 0.9232873917 -0.0298268534 -0.3829500377 0.0758962333 0.9914910197 0.1057604775 0.3765370250 -0.1267117858 0.9176949263
-66.7 153.3 1873.4 -0.3433572650 -0.8566889763 -0.3849543333 -0.5326635242 0.5152029991 -0.6714428067 0.7735472322 -0.0254936218 -0.6332256794
27.6 299.6 1660.9 -0.4023547769 -0.8566889763 0.3227920234 -0.6983355284 0.5152029991 0.4968836606 -0.5919781923 -0.0254936218 -0.8055506945
201.4 175.2 1982.7 -0.0511086732 0.9342796206 -0.3528589606 -0.7156230211 0.2121900469 0.6654766202 0.6966143847 0.2865256071 0.6577472687
187.2 -23.8 2176.4 0.1718448251 0.9342796206 -0.3123954237 -0.9721140862 0.2121900469 0.0998480618 0.1595732123 0.2865256071 0.9446901679
-4.8 -233.2 1940.1 0.8962734342 0.0984491631 0.4324368834 -0.0333475508 0.9872504473 -0.1556422561 -0.4422463477 0.1250773221 0.8881294131
-43.7 -624.0 1890.6 0.8967722058 0.0000025559 0.4424924552 -0.0000029909 1.0000000000 0.0000002852 -0.4424924552 -0.0000015792 0.8967722058
165.8 -221.3 2001.0 -0.3028333187 0.3424794078 0.8893817067 -0.0660851002 0.9234093428 -0.3780845106 -0.9507495761 -0.1732714623 -0.2570063472
29.8 -588.1 2069.8 -0.3003991842 -0.1428857744 0.9430503845 -0.0832565203 0.9888698459 0.1233075634 -0.9501729608 -0.0414735973 -0.3089518845
143.9 501.6 1832.1 0 0 0 0 0 0 0 0 0
231.8 -276.2 2217.8 0 0 0 0 0 0 0 0 0
-43.7 -1006.1 1890.6 0 0 0 0 0 0 0 0 0
84.3 -965.4 2085.6 0 0 0 0 0 0 0 0 0
80.5 487.4 1996.3 2 0.9419874549 0.0511968546 -0.3317205906 -0.1172153577 0.9762527347 -0.1821844131 0.3145158887 0.2104981840 0.9256188869
63.4 160.2 1925.8 0.9419874549 0.0511968546 -0.3317205906 -0.1172153577 0.9762527347 -0.1821844131 0.3145158887 0.2104981840 0.9256188869
71.0 -36.5 1952.2 0.9433018565 -0.0380608700 -0.3297469020 0.0795675218 0.9903691411 0.1133047193 0.3222586811 -0.1331176907 0.9372454286
-73.8 148.7 1879.0 -0.3646812141 -0.8536008000 -0.3719856441 -0.5529735088 0.5199607015 -0.6510461569 0.7491514683 -0.0317261107 -0.6616385579
30.8 307.3 1664.1 -0.3992424607 -0.8536008000 0.3346209228 -0.6921123266 0.5199607015 0.5006209612 -0.6013202071 -0.0317261107 -0.7983780503
200.5 171.8 1972.6 -0.0102540106 0.9490378499 -0.3149953187 -0.7093107700 0.2151354104 0.6712636948 0.7048212886 0.2303127199 0.6709567904
197.7 -25.6 2168.7 0.1818254292 0.9490378499 -0.2574231923 -0.9706448913 0.2151354104 0.1075416207 0.1574419141 0.2303127199 0.9602958560
-4.8 -236.3 1944.0 0.8711277246 0.0991546288 0.4809415936 -0.0202638321 0.9858261943 -0.1665417254 -0.4906381965 0.1353334039 0.8607897758
-44.1 -627.3 1890.3 0.8713066578 0.0000012780 0.4907389581 -0.0000015010 1.0000000000 0.0000000608 -0.4907389581 -0.0000007896 0.8713066578
163.5 -222.6 2012.6 -0.3392561376 0.3323692381 0.8800204396 -0.0251241438 0.9319661260 -0.3616738319 -0.9403584599 -0.1448098272 -0.3078247309
31.5 -592.7 2070.1 -0.3346074820 -0.1068057716 0.9362853765 -0.0718847290 0.9935543537 0.0876486748 -0.9396118522 -0.0379767194 -0.3401284516
147.0 508.8 1839.1 0 0 0 0 0 0 0 0 0
244.9 -277.8 2209.6 0 0 0 0 0 0 0 0 0
-44.1 -1009.5 1890.3 0 0 0 0 0 0 0 0 0
72.3 -971.8 2084.6 0 0 0 0 0 0 0 0 0
78.4 484.2 1990.5 3 0.9315846562 0.0458706394 -0.3606188595 -0.1137033701 0.9790008664 -0.1692005694 0.3452848196 0.1986282319 0.9172378182
63.2 160.5 1924.9 0.9315846562 0.0458706394 -0.3606188595 -0.1137033701 0.9790008664 -0.1692005694 0.3452848196 0.1986282319 0.9172378182
70.4 -36.4 1950.5 0.9325584173 -0.0359508619 -0.3592246473 0.0796815753 0.9909874797 0.1076787710 0.3521159589 -0.1290403306 0.9270182848
-72.6 148.9 1873.6 -0.3658474088 -0.8574308753 -0.3618949652 -0.5755304098 0.5140197873 -0.6360412240 0.7313825488 -0.0244124681 -0.6815303564
31.3 312.4 1665.8 -0.3957128823 -0.8574308753 0.3289735913 -0.6889262199 0.5140197873 0.5110423565 -0.6072824597 -0.0244124681 -0.7941108942
199.1 172.1 1976.1 -0.0311466400 0.9408276081 -0.3374511302 -0.7124737501 0.2158870548 0.6676630378 0.7010071874 0.2612205446 0.6635907888
190.4 -26.4 2171.4 0.1789212674 0.9408276081 -0.2878029943 -0.9710720181 0.2158870548 0.1020387411 0.1581338048 0.2612205446 0.9522381425
-7.5 -240.4 1949.1 0.8863718510 0.0920379460 0.4537333548 -0.0134025868 0.9847309589 -0.1735665649 -0.4627799690 0.1477633119 0.8740713596
-44.0 -631.4 1890.5 0.8864514828 0.0000006390 0.4628215432 -0.0000007491 1.0000000000 0.0000000542 -0.4628215432 -0.0000003948 0.8864514828
164.8 -226.0 2007.9 -0.3764168024 0.3377200961 0.8627024889 -0.0374237113 0.9248883724 -0.3783926666 -0.9256942868 -0.1747188866 -0.3355047703
30.7 -593.2 2077.3 -0.3764168024 -0.1482619494 0.9145101309 -0.0374237113 0.9887394309 0.1448923498 -0.9256942868 0.0203155521 -0.3777266443
147.3 514.3 1843.8 0 0 0 0 0 0 0 0 0
236.9 -278.7 2212.5 0 0 0 0 0 0 0 0 0
-44.0 -1013.5 1890.5 0 0 0 0 0 0 0 0 0
87.1 -969.8 2069.6 0 0 0 0 0 0 0 0 0
66.7 482.5 2005.1 4 0.9449005723 0.0189752113 -0.3268069923 -0.1005983278 0.9668426514 -0.2347237766 0.3115170300 0.2546668649 0.9154790640
60.4 158.4 1919.8 0.9449005723 0.0189752113 -0.3268069923 -0.1005983278 0.9668426514 -0.2347237766 0.3115170300 0.2546668649 0.9154790640
67.4 -38.4 1946.6 0.9434399605 -0.0350360200 -0.3296869993 0.0773829818 0.9902054667 0.1162112430 0.3223862946 -0.1351504922 0.9369105697
-77.2 147.1 1872.8 -0.3801617622 -0.8574269414 -0.3468373120 -0.5961557627 0.5138571262 -0.6168866754 0.7071600556 -0.0277476609 -0.7065088153
32.7 319.5 1668.2 -0.3908015192 -0.8574269414 0.3348032832 -0.6852798462 0.5138571262 0.5160836577 -0.6145451069 -0.0277476609 -0.7883935571
197.9 169.6 1966.8 -0.0128769539 0.9495471120 -0.3133599460 -0.7069144845 0.2129941136 0.6744667292 0.7071817517 0.2302037627 0.6685059071
194.3 -27.4 2163.9 0.1790257096 0.9495471120 -0.2575074136 -0.9707858562 0.2129941136 0.1104912907 0.1597642452 0.2302037627 0.9599383473
-7.7 -240.6 1943.9 0.8715141416 0.0932769254 0.4814172387 -0.0209362544 0.9879246354 -0.1535141021 -0.4899232686 0.1237106249 0.8629431129
-44.7 -632.9 1894.7 0.8717051744 0.0000003195 0.4900306761 -0.0000003752 1.0000000000 0.0000000155 -0.4900306761 -0.0000001974 0.8717051744
162.9 -226.0 2008.3 -0.3998063803 0.3245150745 0.8572309017 -0.0270261914 0.9306491613 -0.3649132848 -0.9162011147 -0.1690623313 -0.3633090556
34.0 -595.7 2075.4 -0.3988071382 -0.0998650491 0.9115809798 -0.0371910669 0.9949962497 0.0927326158 -0.9162803292 0.0030797604 -0.4005256891
147.3 520.3 1848.3 0 0 0 0 0 0 0 0 0
240.9 -279.7 2205.4 0 0 0 0 0 0 0 0 0
-44.7 -1015.0 1894.7 0 0 0 0 0 0 0 0 0
72.0 -974.8 2074.2 0 0 0 0 0 0 0 0 0
55.4 486.1 2017.5 5 0.9592290521 -0.0097361412 -0.2824621201 -0.0703773201 0.9596982002 -0.2720779777 0.2737273574 0.2808640301 0.9198851585
58.7 158.8 1921.7 0.9592290521 -0.0097361412 -0.2824621201 -0.0703773201 0.9596982002 -0.2720779777 0.2737273574 0.2808640301 0.9198851585
65.8 -38.0 1948.8 0.9559143782 -0.0352569930 -0.2915213406 0.0732594207 0.9900078177 0.1204887182 0.2843603194 -0.1365335882 0.9489456415
-80.7 148.1 1880.2 -0.3774708211 -0.8609511256 -0.3409969807 -0.6014423966 0.5079339743 -0.6166604757 0.7041184902 -0.0276812837 -0.7095427513
32.0 327.6 1670.1 -0.3834657669 -0.8609511256 0.3342411518 -0.6838076711 0.5079339743 0.5238417387 -0.6207745671 -0.0276812837 -0.7835002542
198.1 169.4 1963.1 0.0115672657 0.9590646029 -0.2829509676 -0.7048712969 0.2085279524 0.6779915094 0.7092408538 0.1916014999 0.6784292459
201.4 -27.1 2160.9 0.1801434755 0.9590646029 -0.2185025662 -0.9712898731 0.2085279524 0.1145077646 0.1553842425 0.1916014999 0.9690947533
-12.0 -242.2 1943.9 0.8530251980 0.0804328322 0.5156341791 -0.0072198692 0.9897757769 -0.1424493194 -0.5218198299 0.1177900359 0.8448843360
-43.9 -635.4 1897.1 0.8530474305 0.0000001597 0.5218334198 -0.0000001878 1.0000000000 0.0000000008 -0.5218334198 -0.0000000987 0.8530474305
160.7 -228.1 2002.9 -0.4344210327 0.3187890351 0.8424084187 -0.0225253217 0.9311339259 -0.3639810979 -0.9004282355 -0.1770965755 -0.3973233402
34.1 -598.0 2073.3 -0.4324782789 -0.0934515819 0.8967883587 -0.0443388522 0.9956152439 0.0823675171 -0.9005535245 -0.0041404055 -0.4347254932
144.1 527.6 1851.7 0 0 0 0 0 0 0 0 0
248.2 -279.5 2201.2 0 0 0 0 0 0 0 0 0
-43.9 -1017.5 1897.1 0 0 0 0 0 0 0 0 0
69.7 -977.9 2074.9 0 0 0 0 0 0 0 0 0
55.0 482.7 2021.1 6 0.9507367015 -0.0093772411 -0.3098576069 -0.0845183507 0.9538348913 -0.2881937623 0.2982554734 0.3001850545 0.9060533047
58.2 158.6 1919.1 0.9507367015 -0.0093772411 -0.3098576069 -0.0845183507 0.9538348913 -0.2881937623 0.2982554734 0.3001850545 0.9060533047
66.2 -38.2 1945.1 0.9465846419 -0.0398838483 -0.3199792802 0.0793724507 0.9906086922 0.1113305092 0.3125339746 -0.1307812929 0.9408606291
-79.9 147.1 1873.5 -0.3760737181 -0.8716135025 -0.3144176900 -0.6293141246 0.4893238544 -0.6037597656 0.6800972223 -0.0291906688 -0.7325405478
31.4 333.3 1672.3 -0.3657069206 -0.8716135025 0.3264175057 -0.6887629628 0.4893238544 0.5349465013 -0.6259904504 -0.0291906688 -0.7792842388
196.3 170.2 1964.7 -0.0029246286 0.9512193203 -0.3085016906 -0.7095634937 0.2154090852 0.6709087491 0.7046354413 0.2208636999 0.6743205190
195.5 -27.7 2161.2 0.1840618998 0.9512193203 -0.2475945652 -0.9707645774 0.2154090852 0.1059009880 0.1540691853 0.2208636999 0.9630586505
-14.7 -241.4 1949.9 0.8680475354 0.0701956004 0.4914937317 0.0066175768 0.9882307053 -0.1528276354 -0.4964370131 0.1359141469 0.8573666811
-42.6 -634.0 1895.9 0.8680665493 0.0000000799 0.4964478910 -0.0000000938 1.0000000000 0.0000000032 -0.4964478910 -0.0000000493 0.8680665493
160.3 -228.0 2001.9 -0.4149803221 0.3156832755 0.8533084989 -0.0408298112 0.9304700494 -0.3640856743 -0.9089137912 -0.1859288067 -0.3732374609
34.9 -597.7 2075.8 -0.4162349701 -0.0983552784 0.9039218426 -0.0284641553 0.9950545430 0.0951643065 -0.9088114500 0.0138813378 -0.4169760942
138.9 535.9 1856.4 0 0 0 0 0 0 0 0 0
243.3 -279.9 2201.3 0 0 0 0 0 0 0 0 0
-42.6 -1016.1 1895.9 0 0 0 0 0 0 0 0 0
72.4 -977.6 2070.5 0 0 0 0 0 0 0 0 0
51.2 482.9 2021.9 7 0.9444389343 -0.0251342766 -0.3277244866 -0.0780994743 0.9513561130 -0.2980303168 0.3192734718 0.3070665300 0.8965347409
59.6 162.8 1918.6 0.9444389343 -0.0251342766 -0.3277244866 -0.0780994743 0.9513561130 -0.2980303168 0.3192734718 0.3070665300 0.8965347409
67.1 -33.8 1945.8 0.9392788410 -0.0375471897 -0.3410945833 0.0817089230 0.9898780584 0.1160391346 0.3332850933 -0.1368635744 0.9328394532
-77.5 150.9 1870.0 -0.3664738536 -0.8754383326 -0.3151264489 -0.6388660669 0.4829899371 -0.5988078713 0.6764222383 -0.0181238130 -0.7362910509
30.1 338.4 1671.5 -0.3628511727 -0.8754383326 0.3192910850 -0.6815286279 0.4829899371 0.5497630835 -0.6354980469 -0.0181238130 -0.7718896866
196.7 174.8 1967.3 -0.0184546150 0.9458986521 -0.3239369988 -0.7057234049 0.2171821594 0.6743785143 0.7082470655 0.2410553247 0.6635348201
191.6 -22.0 2164.8 0.1810752898 0.9458986521 -0.2692350149 -0.9698268175 0.2171821594 0.1107606068 0.1632413566 0.2410553247 0.9566841722
-12.6 -242.3 1942.5 0.8773717880 0.0796353817 0.4731563926 -0.0170315262 0.9906778932 -0.1351562291 -0.4795088172 0.1105236784 0.8705491424
-44.2 -635.8 1898.6 0.8774990439 0.0000000399 0.4795783758 -0.0000000469 1.0000000000 0.0000000025 -0.4795783758 -0.0000000247 0.8774990439
160.8 -227.8 1999.7 -0.3910422325 0.3135688603 0.8653094769 -0.0359011963 0.9342605472 -0.3547793031 -0.9196722507 -0.1697993428 -0.3540778458
36.2 -599.0 2067.2 -0.3875201941 -0.0741158649 0.9188770056 -0.0913735107 0.9949425459 0.0417160764 -0.9173216224 -0.0677951947 -0.3923325539
137.0 539.3 1858.8 0 0 0 0 0 0 0 0 0
238.6 -274.1 2207.2 0 0 0 0 0 0 0 0 0
-44.2 -1018.0 1898.6 0 0 0 0 0 0 0 0 0
64.4 -977.7 2093.0 0 0 0 0 0 0 0 0 0
51.8 480.2 2022.9 8 0.9454082251 -0.0165970344 -0.3254655004 -0.0860190764 0.9505751133 -0.2983415127 0.3143309951 0.3100507557 0.8972538710
57.4 163.6 1919.6 0.9454082251 -0.0165970344 -0.3254655004 -0.0860190764 0.9505751133 -0.2983415127 0.3143309951 0.3100507557 0.8972538710
66.5 -33.0 1947.4 0.9396945238 -0.0461585373 -0.3388858438 0.0905794874 0.9890573621 0.1164510176 0.3298023343 -0.1401244849 0.9335927963
-79.9 150.3 1871.4 -0.3650989234 -0.8775390387 -0.3108505309 -0.6364594102 0.4789586663 -0.6045808196 0.6794278026 -0.0228880439 -0.7333852649
28.6 339.4 1669.6 -0.3563087583 -0.8775390387 0.3208883703 -0.6832777858 0.4789586663 0.5511171222 -0.6373190284 -0.0228880439 -0.7702600956
194.6 176.8 1967.7 -0.0102794394 0.9448769093 -0.3272642791 -0.7032368779 0.2258395255 0.6741323471 0.7108813524 0.2370740026 0.6621508002
191.7 -19.4 2166.0 0.1896644980 0.9448769093 -0.2668987513 -0.9677242637 0.2258395255 0.1118312180 0.1659430265 0.2370740026 0.9572141171
-11.5 -238.0 1942.5 0.8753648400 0.0818788111 0.4764790833 -0.0178275928 0.9903508425 -0.1374312341 -0.4831341803 0.1118079945 0.8683779836
-44.0 -631.5 1898.1 0.8755039573 0.0000000200 0.4832109511 -0.0000000234 1.0000000000 0.0000000012 -0.4832109511 -0.0000000123 0.8755039573
160.6 -223.1 2003.6 -0.3954176903 0.3244049549 0.8593056798 -0.0469671376 0.9271866083 -0.3716437221 -0.9172998071 -0.1873136163 -0.3513896167
31.7 -591.4 2078.0 -0.3965080678 -0.1299075633 0.9087933898 -0.0387508906 0.9914233685 0.1248120368 -0.9172130227 0.0142724263 -0.3981413841
133.8 541.1 1857.8 0 0 0 0 0 0 0 0 0
241.0 -270.8 2209.1 0 0 0 0 0 0 0 0 0
-44.0 -1013.7 1898.1 0 0 0 0 0 0 0 0 0
81.0 -967.7 2072.6 0 0 0 0 0 0 0 0 0
51.6 483.1 2029.3 9 0.9467564225 -0.0118788136 -0.3217315972 -0.0945705250 0.9449728727 -0.3131815791 0.3077478409 0.3269329667 0.8935357332
55.6 163.8 1918.8 0.9467564225 -0.0118788136 -0.3217315972 -0.0945705250 0.9449728727 -0.3131815791 0.3077478409 0.3269329667 0.8935357332
65.8 -32.8 1946.1 0.9405557513 -0.0515926294 -0.3356978595 0.0943792239 0.9891698956 0.1124077737 0.3262628019 -0.1374086887 0.9352387190
-81.8 150.0 1871.2 -0.3664319813 -0.8816175461 -0.2974527478 -0.6384701729 0.4707960784 -0.6088570356 0.6768186092 -0.0331899822 -0.7354012132
27.3 340.1 1669.7 -0.3432767689 -0.8816175461 0.3239005804 -0.6879060268 0.4707960784 0.5523915291 -0.6394891739 -0.0331899822 -0.7680833340
193.0 177.6 1966.5 -0.0039642346 0.9446981549 -0.3279172480 -0.7050077915 0.2299184799 0.6708960533 0.7091884613 0.2338438034 0.6651081443
191.9 -19.1 2164.3 0.1951164156 0.9446981549 -0.2635811269 -0.9671893716 0.2299184799 0.1080844998 0.1627094001 0.2338438034 0.9585628510
-10.4 -237.8 1945.0 0.8733038902 0.0847563446 0.4797464311 -0.0145744095 0.9888545871 -0.1481695473 -0.4869577587 0.1224050224 0.8648058772
-44.1 -630.7 1896.4 0.8733966947 0.0000000100 0.4870094657 -0.0000000117 1.0000000000 0.0000000005 -0.4870094657 -0.0000000062 0.8733966947
161.8 -221.2 2005.5 -0.3901229501 0.3359871805 0.8572728038 -0.0218056682 0.9274139404 -0.3734004796 -0.9205045104 -0.1643655151 -0.3544790447
28.4 -589.6 2070.8 -0.3827644289 -0.1432676315 0.9126695991 -0.0768134966 0.9894170165 0.1231003627 -0.9206470847 -0.0229869019 -0.3897185028
128.8 543.4 1858.7 0 0 0 0 0 0 0 0 0
242.6 -270.4 2206.6 0 0 0 0 0 0 0 0 0
-44.1 -1012.9 1896.4 0 0 0 0 0 0 0 0 0
82.9 -966.1 2079.5 0 0 0 0 0 0 0 0 0
51.5 481.2 2025.5 0 0.9391856790 -0.0239146147 -0.3425760567 -0.0864712372 0.9489605427 -0.3033095002 0.3323446810 0.3144869208 0.8891822100
59.4 166.5 1921.3 0.9391856790 -0.0239146147 -0.3425760567 -0.0864712372 0.9489605427 -0.3033095002 0.3323446810 0.3144869208 0.8891822100
69.5 -30.2 1947.6 0.9321825504 -0.0509662218 -0.3583825827 0.0948514342 0.9898372889 0.1059498638 0.3493405879 -0.1327577233 0.9275432825
-76.7 152.7 1870.2 -0.3505564332 -0.8895444870 -0.2929517925 -0.6473354101 0.4561956823 -0.6106081605 0.6768065095 -0.0244145356 -0.7357559800
27.0 344.2 1670.0 -0.3322727978 -0.8895444870 0.3135368526 -0.6827314496 0.4561956823 0.5707567334 -0.6507476568 -0.0244145356 -0.7589014173
195.5 180.4 1972.3 -0.0190383773 0.9381690025 -0.3456536531 -0.7093083262 0.2309764177 0.6659817100 0.7046412230 0.2578542233 0.6610536575
190.2 -17.5 2168.8 0.1938083917 0.9381690025 -0.2868400514 -0.9676340818 0.2309764177 0.1016570553 0.1616247892 0.2578542233 0.9525694847
-10.1 -238.0 1943.5 0.8836780787 0.0876660869 0.4598127007 -0.0226142518 0.9891544580 -0.1451277435 -0.4675485790 0.1178478822 0.8760765791
-45.0 -631.1 1896.7 0.8839040995 0.0000000050 0.4676681757 -0.0000000059 1.0000000000 0.0000000004 -0.4676681757 -0.0000000031 0.8839040995
162.3 -220.7 2003.4 -0.4110187292 0.3404377699 0.8456746936 -0.0299797766 0.9221049547 -0.3857766986 -0.9111338258 -0.1839145869 -0.3687961698
27.1 -587.0 2076.4 -0.4110187292 -0.1672082990 0.8961612582 -0.0299797766 0.9849826097 0.1700308025 -0.9111338258 0.0430191308 -0.4098591805
125.3 546.1 1862.5 0 0 0 0 0 0 0 0 0
240.6 -268.9 2210.8 0 0 0 0 0 0 0 0 0
-45.0 -1013.2 1896.7 0 0 0 0 0 0 0 0 0
90.7 -961.7 2060.1 0 0 0 0 0 0 0 0 0
43.5 482.7 2025.7 1 0.9463220239 -0.0565181598 -0.3182457387 -0.0504120365 0.9467371702 -0.3180367947 0.3192699254 0.3170086443 0.8930690289
62.3 167.5 1920.1 0.9463220239 -0.0565181598 -0.3182457387 -0.0504120365 0.9467371702 -0.3180367947 0.3192699254 0.3170086443 0.8930690289
72.3 -29.2 1946.3 0.9384994507 -0.0500682890 -0.3416313231 0.0917305276 0.9900293946 0.1068987846 0.3328727782 -0.1316624731 0.9337348342
-74.8 154.1 1871.5 -0.3428949118 -0.8927655816 -0.2922202051 -0.6466674209 0.4499730170 -0.6159103513 0.6813547611 -0.0222232360 -0.7316159010
27.0 346.0 1669.4 -0.3279263973 -0.8927655816 0.3089237213 -0.6828610301 0.4499730170 0.5755216479 -0.6528132558 -0.0222232360 -0.7571928501
199.4 180.9 1968.7 -0.0089587588 0.9433219433 -0.3317580819 -0.7093929052 0.2278318107 0.6669740677 0.7047563195 0.2413220853 0.6671447754
196.9 -17.0 2165.3 0.1934379488 0.9433219433 -0.2696765661 -0.9683020115 0.2278318107 0.1023908034 0.1580283940 0.2413220853 0.9574918747
-5.8 -235.6 1942.0 0.8737366199 0.1082437783 0.4742020965 -0.0399728417 0.9876050353 -0.1517841518 -0.4847540855 0.1136641651 0.8672335148
-48.8 -628.0 1896.8 0.8744354844 0.0000000025 0.4851418138 -0.0000000029 1.0000000000 0.0000000001 -0.4851418138 -0.0000000015 0.8744354844
165.1 -218.2 2006.0 -0.3488958180 0.3490977883 0.8697140217 -0.0456522703 0.9205971956 -0.3878359199 -0.9360489249 -0.1750187427 -0.3052553833
26.4 -583.9 2075.6 -0.3488958180 -0.1810247004 0.9195116758 -0.0456522703 0.9832848310 0.1762576401 -0.9360489249 0.0195177533 -0.3513281643
123.8 547.7 1862.2 0 0 0 0 0 0 0 0 0
247.1 -268.6 2206.4 0 0 0 0 0 0 0 0 0
-48.8 -1010.1 1896.8 0 0 0 0 0 0 0 0 0
95.4 -958.7 2068.1 0 0 0 0 0 0 0 0 0
48.9 483.0 2038.2 2 0.9482131004 -0.0393315330 -0.3151902854 -0.0746963695 0.9368638992 -0.3416233957 0.3087269664 0.3474753499 0.8854086995
62.2 166.5 1920.8 0.9482131004 -0.0393315330 -0.3151902854 -0.0746963695 0.9368638992 -0.3416233957 0.3087269664 0.3474753499 0.8854086995
71.1 -30.4 1946.4 0.9412651062 -0.0446126573 -0.3347083926 0.0848453343 0.9906801581 0.1065556780 0.3268352449 -0.1286955923 0.9362778068
-75.3 154.1 1873.1 -0.3376677632 -0.8922887444 -0.2996686101 -0.6443544030 0.4512026310 -0.6174330711 0.6861398220 -0.0153944707 -0.7273067832
24.7 344.8 1669.9 -0.3356253207 -0.8922887444 0.3019543588 -0.6857602596 0.4512026310 0.5710946321 -0.6458238959 -0.0153944707 -0.7633311749
199.7 178.9 1968.5 -0.0088232653 0.9463440180 -0.3230404556 -0.7111604214 0.2211683095 0.6673345566 0.7029743791 0.2356216609 0.6710509658
197.2 -19.5 2164.7 0.1882930547 0.9463440180 -0.2626379728 -0.9699347019 0.2211683095 0.1015441045 0.1541828513 0.2356216609 0.9595363736
-3.8 -234.3 1941.9 0.8704615831 0.1159488186 0.4783852696 -0.0421079695 0.9858386517 -0.1623240858 -0.4904319644 0.1211530566 0.8630170226
-49.9 -626.1 1893.8 0.8712342978 0.0000000012 0.4908673465 -0.0000000015 1.0000000000 0.0000000001 -0.4908673465 -0.0000000008 0.8712342978
168.3 -217.5 2003.0 -0.3361760378 0.3570923209 0.8714761734 -0.0519109555 0.9168988466 -0.3957293928 -0.9403674603 -0.1782739013 -0.2897024155
26.4 -581.9 2073.8 -0.3361760378 -0.1660202891 0.9270506501 -0.0519109555 0.9861100912 0.1577724516 -0.9403674603 0.0049152323 -0.3401248455
123.5 546.8 1860.1 0 0 0 0 0 0 0 0 0
246.1 -271.6 2204.7 0 0 0 0 0 0 0 0 0
-49.9 -1008.2 1893.8 0 0 0 0 0 0 0 0 0
89.7 -958.1 2071.9 0 0 0 0 0 0 0 0 0
47.5 482.0 2035.5 3 0.9441099167 -0.0400287956 -0.3271914124 -0.0729475245 0.9426167607 -0.3258101940 0.3214578927 0.3314684331 0.8870137930
60.8 168.1 1925.1 0.9441099167 -0.0400287956 -0.3271914124 -0.0729475245 0.9426167607 -0.3258101940 0.3214578927 0.3314684331 0.8870137930
70.1 -28.5 1952.6 0.9367012978 -0.0469162315 -0.3469718993 0.0916687623 0.9892762899 0.1137070060 0.3379163742 -0.1383159906 0.9309571385
-76.0 154.7 1875.7 -0.3386538923 -0.8912947178 -0.3015082479 -0.6274118423 0.4527130127 -0.6335655451 0.7011903524 -0.0253895875 -0.7125219107
23.7 339.4 1669.2 -0.3358703256 -0.8912947178 0.3046060205 -0.6968002319 0.4527130127 0.5563455224 -0.6337669492 -0.0253895875 -0.7731072307
197.6 181.5 1974.5 -0.0149633111 0.9423959851 -0.3341644704 -0.7047540545 0.2271336764 0.6721101403 0.7092939019 0.2455607504 0.6607587337
193.5 -15.1 2172.3 0.1901305467 0.9423959851 -0.2752093077 -0.9677203298 0.2271336764 0.1092138886 0.1654320359 0.2455607504 0.9551607966
-6.4 -235.0 1942.0 0.8773728013 0.1072093621 0.4676784873 -0.0375386290 0.9870672822 -0.1558495462 -0.4783386588 0.1191821396 0.8700504303
-49.0 -627.3 1894.6 0.8779916167 0.0000000006 0.4786760211 -0.0000000007 1.0000000000 0.0000000000 -0.4786760211 -0.0000000004 0.8779916167
166.2 -219.5 2001.9 -0.3234708905 0.3416552842 0.8824048042 -0.0604017638 0.9231826067 -0.3795859218 -0.9443083405 -0.1760837883 -0.2779861093
30.5 -586.3 2071.9 -0.3258385360 -0.1072129458 0.9393267035 -0.0391456857 0.9942271113 0.0999001190 -0.9446146488 -0.0042192796 -0.3281544447
122.8 544.9 1856.1 0 0 0 0 0 0 0 0 0
242.9 -266.6 2215.3 0 0 0 0 0 0 0 0 0
-49.0 -1009.4 1894.6 0 0 0 0 0 0 0 0 0
71.3 -965.3 2073.5 0 0 0 0 0 0 0 0 0
50.4 480.6 2032.1 4 0.9166930914 -0.0505411923 -0.3963828385 -0.0801980942 0.9485148787 -0.3064111173 0.3914614022 0.3126741052 0.8654437661
66.8 172.8 1930.7 0.9166930914 -0.0505411923 -0.3963828385 -0.0801980942 0.9485148787 -0.3064111173 0.3914614022 0.3126741052 0.8654437661
73.5 -24.3 1954.7 0.9098346829 -0.0326677226 -0.4136830270 0.0797530487 0.9920777678 0.0970626473 0.4072349072 -0.1213034466 0.9052321315
-65.7 161.2 1871.4 -0.3191215396 -0.8913809061 -0.3218718767 -0.6262935996 0.4532542229 -0.6342845559 0.7112789750 -0.0008275624 -0.7029093504
24.1 337.4 1671.2 -0.3550158441 -0.8913809061 0.2817868590 -0.6993156672 0.4532542229 0.5527370572 -0.6204203367 -0.0008275624 -0.7842690349
199.4 184.3 1990.0 -0.0690827146 0.9228038192 -0.3790259957 -0.7195437551 0.2170730978 0.6596484184 0.6910024285 0.3182961047 0.6490017176
180.1 -16.1 2182.4 0.1739087254 0.9228038192 -0.3437861204 -0.9719019532 0.2170730978 0.0910264999 0.1586263180 0.3182961047 0.9346257448
-6.4 -233.5 1949.1 0.9091365933 0.1059740931 0.4027903974 -0.0396466926 0.9847164750 -0.1695923656 -0.4146067202 0.1382133216 0.8994433284
-48.5 -624.8 1894.2 0.9098519683 0.0000000003 0.4149329662 -0.0000000004 1.0000000000 0.0000000000 -0.4149329662 -0.0000000002 0.9098519683
165.3 -216.7 2011.1 -0.2638038695 0.3444972932 0.9009600878 -0.0662633404 0.9253684282 -0.3732323647 -0.9622976184 -0.1581607610 -0.2212882340
28.5 -584.4 2073.9 -0.2677657306 -0.1439647377 0.9526676536 -0.0397081934 0.9895825386 0.1383824646 -0.9626654387 -0.0007746311 -0.2706928551
128.4 542.8 1853.5 0 0 0 0 0 0 0 0 0
225.3 -268.6 2223.6 0 0 0 0 0 0 0 0 0
-48.5 -1006.9 1894.2 0 0 0 0 0 0 0 0 0
83.4 -961.8 2074.2 0 0 0 0 0 0 0 0 0
43.9 485.9 2031.4 5 0.9208742976 -0.0580327958 -0.3855162263 -0.0672981590 0.9503519535 -0.3038126826 0.3840071857 0.3057178259 0.8712491393
62.9 175.6 1931.6 0.9208742976 -0.0580327958 -0.3855162263 -0.0672981590 0.9503519535 -0.3038126826 0.3840071857 0.3057178259 0.8712491393
67.2 -21.8 1953.6 0.9155201316 -0.0213334654 -0.4017060399 0.0638457388 0.9936412573 0.0927400663 0.3971732557 -0.1105526164 0.9110606909
-70.7 166.3 1873.7 -0.3386319876 -0.8677810431 -0.3637092412 -0.5969277620 0.4969320893 -0.6298696399 0.7273277044 0.0038141457 -0.6862797141
23.0 331.4 1672.6 -0.3946808875 -0.8677810431 0.3019652963 -0.6845178008 0.4969320893 0.5333796740 -0.6129130125 0.0038141457 -0.7901411653
196.4 184.9 1989.5 -0.0705118328 0.9292032719 -0.3627800643 -0.7253916264 0.2018772513 0.6580672860 0.6847152710 0.3095591664 0.6598015428
176.8 -17.3 2180.4 0.1630712748 0.9292032719 -0.3316459954 -0.9756370783 0.2018772513 0.0858946443 0.1467653662 0.3095591664 0.9394855499
-3.1 -228.7 1941.4 0.9016959667 0.1179469600 0.4159721732 -0.0626029149 0.9875499606 -0.1443118602 -0.4278144538 0.1040843651 0.8978536725
-50.0 -620.9 1900.1 0.9034681320 0.0000000002 0.4286552668 -0.0000000002 1.0000000000 0.0000000000 -0.4286552668 -0.0000000001 0.9034681320
163.3 -214.2 2015.9 -0.2755434513 0.3393793106 0.8993873000 -0.0516171381 0.9290326238 -0.3663796782 -0.9599018097 -0.1473773122 -0.2384710759
28.4 -583.3 2074.5 -0.2779500186 -0.1443728507 0.9496843219 -0.0353841819 0.9895089865 0.1400709748 -0.9599435925 0.0053289272 -0.2801425755
137.8 530.6 1850.9 0 0 0 0 0 0 0 0 0
219.1 -270.8 2218.5 0 0 0 0 0 0 0 0 0
-50.0 -1003.0 1900.1 0 0 0 0 0 0 0 0 0
83.5 -961.1 2072.4 0 0 0 0 0 0 0 0 0
45.1 482.6 2025.6 6 0.9212054014 -0.0557717644 -0.3850585222 -0.0645148829 0.9540768862 -0.2925322056 0.3836904764 0.2943242490 0.8753027320
63.1 175.1 1930.7 0.9212054014 -0.0557717644 -0.3850585222 -0.0645148829 0.9540768862 -0.2925322056 0.3836904764 0.2943242490 0.8753027320
70.1 -22.5 1950.2 0.9148378968 -0.0353015810 -0.4022752643 0.0717249140 0.9945371151 0.0758384615 0.3974004388 -0.0982330590 0.9123722911
-70.5 164.7 1872.7 -0.3328247666 -0.8578069210 -0.3916567564 -0.5801326036 0.5136964321 -0.6321092248 0.7434203625 0.0168312620 -0.6686126590
18.9 320.4 1673.1 -0.4214937389 -0.8578069210 0.2941264510 -0.6843453646 0.5136964321 0.5174818039 -0.5949911475 0.0168312620 -0.8035559654
196.6 185.6 1988.8 -0.0598895252 0.9265500307 -0.3713734746 -0.7344675064 0.2110479325 0.6449932456 0.6759961247 0.3113900721 0.6678813100
179.9 -19.2 2177.2 0.1768024266 0.9265500307 -0.3320330083 -0.9749822617 0.2110479325 0.0697739273 0.1347239017 0.3113900721 0.9406836033
-12.4 -225.0 1939.1 0.9037366509 0.0805646777 0.4204395413 -0.0278037768 0.9911042452 -0.1301511824 -0.4271849990 0.1059325859 0.8979372382
-44.4 -618.5 1897.1 0.9040861726 0.0000000001 0.4273502231 -0.0000000001 1.0000000000 0.0000000000 -0.4273502231 -0.0000000000 0.9040861726
155.3 -213.4 2011.9 -0.2981942594 0.3254262805 0.8973170519 -0.0497624464 0.9335073829 -0.3550882041 -0.9532071352 -0.1505379677 -0.2621725500
26.0 -584.3 2071.7 -0.2981942594 -0.1708830148 0.9390842319 -0.0497624464 0.9852892756 0.1634894013 -0.9532071352 0.0020204736 -0.3023111820
141.4 519.4 1846.1 0 0 0 0 0 0 0 0 0
225.8 -272.5 2212.2 0 0 0 0 0 0 0 0 0
-44.4 -1000.6 1897.1 0 0 0 0 0 0 0 0 0
91.2 -960.5 2070.9 0 0 0 0 0 0 0 0 0
46.1 482.6 2017.7 7 0.9026864171 -0.0576758869 -0.4264161289 -0.0567323938 0.9663733244 -0.2508066595 0.4265426695 0.2505913675 0.8690600395
64.2 179.6 1939.1 0.9026864171 -0.0576758869 -0.4264161289 -0.0567323938 0.9663733244 -0.2508066595 0.4265426695 0.2505913675 0.8690600395
73.0 -17.6 1960.9 0.8950877190 -0.0448407531 -0.4436296225 0.0884995162 0.9930025339 0.0781910196 0.4370191991 -0.1092488319 0.8927927613
-66.4 166.7 1875.4 -0.3200797141 -0.8559558392 -0.4060647786 -0.5530566573 0.5168191791 -0.6534724832 0.7692056298 0.0154135469 -0.6388154030
17.1 310.9 1674.8 -0.4302349389 -0.8559558392 0.2867708206 -0.6953880191 0.5168191791 0.4993330538 -0.5756157041 0.0154135469 -0.8175750971
194.7 192.6 2002.9 -0.0799087957 0.9086775780 -0.4097799659 -0.7293502092 0.2269180715 0.6454118490 0.6794577837 0.3504471779 0.6446114182
172.4 -10.8 2192.3 0.1838794500 0.9086775780 -0.3748244643 -0.9711209536 0.2269180715 0.0737043098 0.1520279050 0.3504471779 0.9241613746
-6.7 -226.6 1933.3 0.9187451005 0.1024260595 0.3813349307 -0.0603836104 0.9908555746 -0.1206610873 -0.3902066648 0.0878304020 0.9165285230
-47.4 -620.0 1898.5 0.9204246402 0.0000000000 0.3909199834 -0.0000000000 1.0000000000 0.0000000000 -0.3909199834 -0.0000000000 0.9204246402
161.0 -213.5 2006.2 -0.2557707429 0.3333355784 0.9074518085 -0.0659172758 0.9304765463 -0.3603724539 -0.9644875526 -0.1519894749 -0.2160160840
28.5 -583.2 2066.6 -0.2554621100 -0.1450693160 0.9558734298 -0.0680252984 0.9889254570 0.1319053769 -0.9644230008 -0.0313267522 -0.2625013590
142.3 513.4 1842.3 0 0 0 0 0 0 0 0 0
220.2 -263.1 2231.8 0 0 0 0 0 0 0 0 0
-47.4 -1002.2 1898.5 0 0 0 0 0 0 0 0 0
83.9 -960.6 2078.5 0 0 0 0 0 0 0 0 0
54.7 474.1 2013.7 8 0.9010148048 -0.0293447804 -0.4327946007 -0.0807947218 0.9688985348 -0.2338970006 0.4261977077 0.2457121760 0.8706210852
63.6 181.6 1939.5 0.9010148048 -0.0293447804 -0.4327946007 -0.0807947218 0.9688985348 -0.2338970006 0.4261977077 0.2457121760 0.8706210852
71.4 -16.1 1957.1 0.8955971599 -0.0392530672 -0.4431307912 0.0743317157 0.9953003526 0.0620644912 0.4386120141 -0.0885234550 0.8943059444
-67.2 170.8 1875.5 -0.3184818327 -0.8394302726 -0.4403704405 -0.5173975825 0.5431934595 -0.6612417102 0.7942726612 0.0172531214 -0.6073164344
12.4 299.9 1677.3 -0.4603409469 -0.8394302726 0.2888650298 -0.6938023567 0.5431934595 0.4728415906 -0.5538271666 0.0172531214 -0.8324528933
194.3 192.5 2003.5 -0.0840031803 0.9099065661 -0.4062185585 -0.7426931262 0.2146147490 0.6343086362 0.6643421054 0.3549796641 0.6577529907
170.9 -14.6 2188.8 0.1786226779 0.9099065661 -0.3743848205 -0.9750698209 0.2146147490 0.0563852601 0.1316538304 0.3549796641 0.9255574942
-0.1 -223.0 1942.6 0.9172312021 0.1271925867 0.3775036633 -0.0669394284 0.9833933711 -0.1686908603 -0.3926908076 0.1294586360 0.9105132222
-50.5 -613.2 1891.2 0.9192931056 0.0000000000 0.3935735822 -0.0000000000 1.0000000000 0.0000000000 -0.3935735822 -0.0000000000 0.9192931056
163.9 -206.8 2022.6 -0.2519547939 0.3295286596 0.9099063873 -0.0325078331 0.9368268847 -0.3482795656 -0.9671928287 -0.1173297986 -0.2253257632
33.0 -578.9 2069.2 -0.2536997795 -0.0922992826 0.9628692865 -0.0141514614 0.9956846237 0.0917162448 -0.9671794772 0.0096423831 -0.2539111376
145.8 501.1 1837.8 0 0 0 0 0 0 0 0 0
217.3 -267.9 2223.0 0 0 0 0 0 0 0 0 0
-50.5 -995.4 1891.2 0 0 0 0 0 0 0 0 0
68.2 -958.3 2065.5 0 0 0 0 0 0 0 0 0
62.4 467.6 2012.2 9 0.9229282737 0.0042426456 -0.3849485219 -0.1032928079 0.9660024643 -0.2370016724 0.3708557189 0.2584979534 0.8919892311
61.1 173.0 1933.4 0.9229282737 0.0042426456 -0.3849485219 -0.1032928079 0.9660024643 -0.2370016724 0.3708557189 0.2584979534 0.8919892311
65.8 -24.9 1949.2 0.9213822484 -0.0237176213 -0.3879332244 0.0525062308 0.9965818524 0.0637784004 0.3850945234 -0.0791331977 0.9194781780
-73.2 165.4 1877.3 -0.3450053930 -0.8286088109 -0.4408839941 -0.4982965291 0.5597598553 -0.6620947719 0.7954066992 -0.0087352851 -0.6060130596
11.5 287.6 1682.1 -0.4730734825 -0.8286088109 0.2993474305 -0.7084604502 0.5597598553 0.4298286438 -0.5237224698 -0.0087352851 -0.8518441319
195.4 180.7 1989.5 -0.0599481128 0.9336713552 -0.3530779779 -0.7465969920 0.1928435415 0.6367136836 0.6625701189 0.3017767370 0.6855155826
178.7 -27.5 2174.3 0.1653445512 0.9336713552 -0.3176775277 -0.9795767069 0.1928435415 0.0569282137 0.1144143045 0.3017767370 0.9464883208
-2.9 -220.6 1934.6 0.8943363428 0.1140268967 0.4326203465 -0.0560991019 0.9879251122 -0.1444189250 -0.4438641667 0.1048894823 0.8899341822
-48.2 -612.8 1892.9 0.8957469463 0.0000000000 0.4445642531 -0.0000000000 1.0000000000 0.0000000000 -0.4445642531 -0.0000000000 0.8957469463
161.2 -207.0 2014.9 -0.3094890416 0.3230773509 0.8943363428 -0.0194945224 0.9381593466 -0.3456544876 -0.9507031441 -0.1244109422 -0.2840518057
32.9 -579.7 2064.4 -0.3038558662 -0.1215646490 0.9449304938 -0.0685747117 0.9920440912 0.1055746078 -0.9502468705 -0.0327188708 -0.3097746968
148.2 492.4 1833.5 0 0 0 0 0 0 0 0 0
221.6 -282.0 2204.0 0 0 0 0 0 0 0 0 0
-48.2 -994.9 1892.9 0 0 0 0 0 0 0 0 0
79.2 -957.8 2076.8 0 0 0 0 0 0 0 0 0
67.4 465.0 2011.5 0 0.8718862534 0.0105047142 -0.4895957708 -0.1299521923 0.9688888788 -0.2106342316 0.4721512496 0.2472731322 0.8461260200
64.4 185.3 1940.1 0.8718862534 0.0105047142 -0.4895957708 -0.1299521923 0.9688888788 -0.2106342316 0.4721512496 0.2472731322 0.8461260200
70.7 -12.4 1958.0 0.8696060777 -0.0326438360 -0.4926658273 0.0723601356 0.9954643250 0.0617640577 0.4884150326 -0.0893597677 0.8680239320
-61.6 174.8 1869.3 -0.3180730939 -0.8248389959 -0.4674078822 -0.4667195976 0.5653647184 -0.6800996661 0.8252286315 0.0018270146 -0.5647958517
8.4 277.4 1687.8 -0.4910361767 -0.8248389959 0.2802215219 -0.7147881389 0.5653647184 0.4116316736 -0.4979572296 0.0018270146 -0.8671996593
190.4 195.8 2010.9 -0.1221927255 0.8889611363 -0.4413808286 -0.7454887629 0.2113800347 0.6321115494 0.6552217007 0.4062838852 0.6368814111
156.4 -11.7 2193.3 0.1677460074 0.8889611363 -0.4261565208 -0.9757487178 0.2113800347 0.0568586364 0.1406260878 0.4062838852 0.9028608203
-13.9 -227.7 1929.8 0.9403052330 0.0764347687 0.3316380680 -0.0440847389 0.9935991168 -0.1040061787 -0.3374649882 0.0831773728 0.9376560450
-44.2 -622.0 1896.8 0.9412202835 0.0000000000 0.3377934098 -0.0000000000 1.0000000000 0.0000000000 -0.3377934098 -0.0000000000 0.9412202835
156.0 -212.7 2007.7 -0.2137762010 0.3058764935 0.9277603626 -0.0811394081 0.9408738613 -0.3288962245 -0.9735071063 -0.1455881149 -0.1763178110
33.2 -590.2 2066.1 -0.2179773599 -0.1489284039 0.9645237923 -0.0538250208 0.9886186719 0.1404846311 -0.9744684100 -0.0212930441 -0.2235125750
149.6 483.0 1831.1 0 0 0 0 0 0 0 0 0
200.0 -265.1 2229.8 0 0 0 0 0 0 0 0 0
-44.2 -1004.2 1896.8 0 0 0 0 0 0 0 0 0
90.1 -967.4 2074.2 0 0 0 0 0 0 0 0 0
69.9 462.3 2011.1 1 0.8477852345 0.0189468954 -0.5300011635 -0.1493680477 0.9674363136 -0.2043431401 0.5088707209 0.2524043322 0.8230082989
64.6 189.5 1940.0 0.8477852345 0.0189468954 -0.5300011635 -0.1493680477 0.9674363136 -0.2043431401 0.5088707209 0.2524043322 0.8230082989
75.1 -7.8 1960.4 0.8433612585 -0.0537444316 -0.5346524715 0.0999092013 0.9933194518 0.0577462278 0.5279771686 -0.1021176353 0.8430967331
-57.9 175.0 1863.2 -0.2976219952 -0.8083328009 -0.5079559684 -0.4535226822 0.5879085064 -0.6698364019 0.8400823474 0.0310115218 -0.5415717363
1.8 266.0 1694.6 -0.5379362106 -0.8083328009 0.2392128110 -0.7161688209 0.5879085064 0.3761194646 -0.4446649253 0.0310115218 -0.8951599598
187.1 204.1 2016.7 -0.1344280690 0.8628669381 -0.4872265756 -0.7407297492 0.2391013205 0.6278136373 0.6582161784 0.4452989995 0.6070092916
149.6 -2.3 2200.1 0.1861639768 0.8628669381 -0.4698974490 -0.9694364071 0.2391013205 0.0549875014 0.1597999930 0.4452989995 0.8810066581
