301.2 221.4 1818.6 7 0.6253509521 0.7461158633 -0.2285766900 -0.3869213760 0.5508451462 0.7395008206 0.6776636839 -0.3740063608 0.6331596971
153.3 112.3 1892.7 0.6253509521 0.7461158633 -0.2285766900 -0.3869213760 0.5508451462 0.7395008206 0.6776636839 -0.3740063608 0.6331596971
8.2 -1.3 1966.4 0.6361013651 0.7317245603 -0.2448555231 -0.3787491918 0.5725702643 0.7271261215 0.6722530127 -0.3697870672 0.6413527727
64.2 165.5 1798.2 0.5862848163 -0.6175155044 -0.5243517160 0.8082962632 0.4891360700 0.3277240694 0.0541046448 -0.6159711480 0.7859085202
-86.4 -42.2 1784.3 -0.4955687821 -0.6175155044 -0.6108077765 0.3661923110 0.4891360700 -0.7916117311 0.7876006365 -0.6159711480 -0.0162711516
242.5 59.0 1987.2 -0.3661515415 0.9231419563 0.1172262952 -0.5419539213 -0.3139524460 0.7795638442 0.7564515471 0.2219072580 0.6152545810
143.2 -87.9 2192.3 -0.2596239150 0.9231419563 -0.2835566700 -0.9347753525 -0.3139524460 -0.1662193984 -0.2424674034 0.2219072580 0.9444398880
-193.4 -78.6 1988.6 0.4415669143 -0.3159686923 -0.8397514224 0.0351161622 0.9413084984 -0.3357158601 0.8965408802 0.1187521741 0.4267463088
-67.8 -452.7 1941.4 0.4523673654 -0.1082231179 -0.8852409720 -0.0488093123 0.9881178141 -0.1457421631 0.8904950619 0.1091369987 0.4417099655
-78.8 -149.7 2101.6 0.3443492055 0.2229684889 -0.9119806290 -0.2334372550 0.9612169266 0.1468640268 0.9093573093 0.1623177379 0.3830434382
-158.0 -491.3 2043.9 0.3443476856 0.2230238914 -0.9119676352 -0.2334438115 0.9612067938 0.1469199508 0.9093561769 0.1623016745 0.3830528855
40.6 -136.1 1582.4 0 0 0 0 0 0 0 0 0
75.8 -330.7 2129.3 0 0 0 0 0 0 0 0 0
-26.5 -829.5 1899.8 0 0 0 0 0 0 0 0 0
-234.3 -819.7 1988.5 0 0 0 0 0 0 0 0 0
309.8 202.3 1805.2 8 0.6205657125 0.7599801421 -0.1932056695 -0.4092761278 0.5240736008 0.7468868494 0.6688731313 -0.3844178915 0.6362637877
159.4 98.6 1881.3 0.6205657125 0.7599801421 -0.1932056695 -0.4092761278 0.5240736008 0.7468868494 0.6688731313 -0.3844178915 0.6362637877
10.9 -9.0 1957.3 0.6300374269 0.7487143278 -0.2061060369 -0.4025840759 0.5418653488 0.7377723455 0.6640624404 -0.3818491697 0.6428159475
71.0 155.2 1787.9 0.6005967855 -0.6065589190 -0.5209316611 0.7982124686 0.4925622344 0.3467553258 0.0462637246 -0.6240742803 0.7799941897
-80.3 -46.0 1776.2 -0.5050325990 -0.6065589190 -0.6140263081 0.3675296307 0.4925622344 -0.7888627052 0.7809379101 -0.6240742803 -0.0258316211
247.8 42.0 1974.7 -0.4374901354 0.8979760408 0.0473434292 -0.5128289461 -0.2924034595 0.8071596622 0.7386534214 0.3288453221 0.5884317160
131.7 -94.2 2170.8 -0.2379859835 0.8979760408 -0.3701373935 -0.9512867332 -0.2924034595 -0.0977431610 -0.1960004717 0.3288453221 0.9238206148
-195.1 -80.3 1978.4 0.4469232261 -0.3117022812 -0.8385113478 0.0471685380 0.9442391992 -0.3258641362 0.8933278918 0.1060848981 0.4367049634
-71.2 -455.6 1936.2 0.4570769072 -0.1205106825 -0.8812252283 -0.0259443875 0.9885502458 -0.1486447006 0.8890486956 0.0908049047 0.4487169385
-80.0 -153.4 2094.2 0.3471691906 0.2613130212 -0.9006603360 -0.2475341409 0.9518688321 0.1807557046 0.9045442939 0.1601913869 0.3951434195
-173.0 -492.0 2037.2 0.3471682370 0.2613403797 -0.9006527662 -0.2475375682 0.9518626928 0.1807833016 0.9045437574 0.1601831764 0.3951480687
48.1 -139.4 1577.7 0 0 0 0 0 0 0 0 0
69.9 -341.0 2119.9 0 0 0 0 0 0 0 0 0
-25.2 -832.9 1901.6 0 0 0 0 0 0 0 0 0
-262.4 -817.6 1982.4 0 0 0 0 0 0 0 0 0
315.5 182.3 1795.5 9 0.6159836054 0.7716711164 -0.1583914012 -0.4344614446 0.5005086660 0.7488219738 0.6571205258 -0.3924471140 0.6435664892
164.1 84.1 1872.5 0.6159836054 0.7716711164 -0.1583914012 -0.4344614446 0.5005086660 0.7488219738 0.6571205258 -0.3924471140 0.6435664892
13.2 -19.5 1949.5 0.6257494092 0.7602251172 -0.1746294349 -0.4279444814 0.5217666030 0.7379858494 0.6521511674 -0.3870625496 0.6518293023
76.2 144.3 1780.7 0.6080935001 -0.5975334048 -0.5226625204 0.7924499512 0.4961872101 0.3547130227 0.0473855659 -0.6298825741 0.7752435803
-74.6 -52.2 1769.0 -0.5169045925 -0.5975334048 -0.6129954457 0.3621704876 0.4961872101 -0.7890695930 0.7756559253 -0.6298825741 -0.0400724933
252.0 23.9 1964.2 -0.6005923152 0.7457720637 -0.2882931232 -0.5540438294 -0.1282127500 0.8225551248 0.5764757395 0.6537473202 0.4901939929
100.5 -115.8 2109.6 -0.1602757424 0.7457720637 -0.6466341615 -0.9870138764 -0.1282127500 0.0967732593 -0.0107359523 0.6537473202 0.7566367388
-195.3 -79.6 1972.4 0.4548654854 -0.3166351616 -0.8323698640 0.0406573005 0.9410675764 -0.3357659876 0.8896315694 0.1188864559 0.4409326911
-69.4 -453.7 1925.1 0.4581159949 -0.0914511979 -0.8841755390 0.0079819299 0.9950766563 -0.0987861529 0.8888565898 0.0381980874 0.4565905035
-80.5 -162.3 2086.4 0.3506366313 0.2917425334 -0.8899102211 -0.2675356865 0.9418445230 0.2033556551 0.8974846005 0.1667788029 0.4082967341
-184.3 -497.6 2027.0 0.3506360948 0.2917560339 -0.8899060488 -0.2675375044 0.9418410659 0.2033692598 0.8974843025 0.1667746305 0.4082991481
56.6 -144.1 1572.2 0 0 0 0 0 0 0 0 0
59.7 -366.8 2106.9 0 0 0 0 0 0 0 0 0
-34.6 -833.2 1910.5 0 0 0 0 0 0 0 0 0
-284.2 -820.0 1969.9 0 0 0 0 0 0 0 0 0
322.9 165.5 1791.6 00 0.6135845184 0.7779198885 -0.1354795992 -0.4664224684 0.4955042005 0.7327521443 0.6371531487 -0.3864146173 0.6668730378
170.8 68.7 1867.2 0.6135845184 0.7779198885 -0.1354795992 -0.4664224684 0.4955042005 0.7327521443 0.6371531487 -0.3864146173 0.6668730378
19.5 -35.4 1943.1 0.6292110682 0.7614620924 -0.1557849199 -0.4560730755 0.5240220428 0.7193039656 0.6293574572 -0.3815447092 0.6770028472
82.4 132.8 1778.7 0.6264566183 -0.5784519315 -0.5224419236 0.7768611312 0.5180092454 0.3579849601 0.0635526404 -0.6301268339 0.7738870978
-69.2 -55.3 1763.3 -0.5299930573 -0.5784519315 -0.6200812459 0.3485470414 0.5180092454 -0.7811411023 0.7730603814 -0.6301268339 -0.0729235858
259.2 4.5 1955.7 -0.7167744040 0.4811387062 -0.5047177076 -0.5487142205 0.0574613623 0.8340328932 0.4302872717 0.8747592568 0.2228208184
79.4 -133.1 2063.6 -0.1020719856 0.4811387062 -0.8706818223 -0.9873903990 0.0574613623 0.1475071311 0.1210019588 0.8747592568 0.4692065418
-195.0 -83.9 1966.7 0.4572479725 -0.3154791594 -0.8315029740 0.0391624421 0.9412028193 -0.3355645537 0.8884765506 0.1208725274 0.4427179992
-69.6 -458.0 1918.7 0.4592212141 -0.0963884071 -0.8830770850 0.0197044518 0.9949564338 -0.0983533189 0.8881033659 0.0277653821 0.4588043988
-74.1 -181.4 2076.7 0.3594737947 0.3059701025 -0.8815672994 -0.3006605804 0.9323136806 0.2009835392 0.8833922148 0.1928042173 0.4271354675
-183.1 -513.4 2008.0 0.3594734669 0.3059768379 -0.8815650940 -0.3006615937 0.9323119521 0.2009902447 0.8833920360 0.1928021014 0.4271368682
65.1 -143.6 1567.3 0 0 0 0 0 0 0 0 0
53.5 -384.4 2094.4 0 0 0 0 0 0 0 0 0
-32.8 -837.9 1908.1 0 0 0 0 0 0 0 0 0
-287.8 -832.6 1942.0 0 0 0 0 0 0 0 0 0
327.2 150.3 1781.2 01 0.6098008156 0.7862172127 -0.1000271142 -0.5069206357 0.4839289486 0.7133331895 0.6092408895 -0.3842853606 0.6936500072
174.0 56.0 1856.1 0.6098008156 0.7862172127 -0.1000271142 -0.5069206357 0.4839289486 0.7133331895 0.6092408895 -0.3842853606 0.6936500072
21.0 -45.8 1931.8 0.6266904473 0.7700974941 -0.1192011312 -0.4961099029 0.5122396946 0.7010602355 0.6009442806 -0.3802109063 0.7030687332
86.0 125.7 1771.7 0.6432377100 -0.5517230034 -0.5308926702 0.7626330256 0.5233275890 0.3801567256 0.0680895895 -0.6494073868 0.7573862076
-67.4 -56.2 1755.4 -0.5555705428 -0.5517230034 -0.6220474839 0.3501304090 0.5233275890 -0.7768763900 0.7541551590 -0.6494073868 -0.0975704119
262.0 -13.7 1940.6 -0.7647052407 0.3612054288 -0.5336258411 -0.5178227425 0.1484106928 0.8425163627 0.3835172653 0.9206002951 0.0735499561
68.7 -144.6 2037.5 -0.0725065321 0.3612054288 -0.9296630621 -0.9797944427 0.1484106928 0.1340789497 0.1864019930 0.9206002951 0.3431463242
-189.4 -97.8 1961.3 0.4645496309 -0.3041985035 -0.8316591382 0.0318117142 0.9442737103 -0.3276204467 0.8849754930 0.1257394552 0.4483390749
-68.5 -473.2 1911.3 0.4624283910 -0.0935820490 -0.8817042708 0.0558225960 0.9955145717 -0.0763842762 0.8848976493 -0.0138967615 0.4655781984
-74.7 -193.0 2062.5 0.3671190143 0.3392702341 -0.8660942912 -0.3409387469 0.9153892994 0.2140635699 0.8654388785 0.2166983038 0.4517271519
-195.4 -518.9 1985.4 0.3671188056 0.3392735422 -0.8660930991 -0.3409392834 0.9153883457 0.2140668482 0.8654386997 0.2166972160 0.4517279267
73.6 -145.0 1564.1 0 0 0 0 0 0 0 0 0
50.1 -396.1 2085.3 0 0 0 0 0 0 0 0 0
-32.7 -853.2 1916.6 0 0 0 0 0 0 0 0 0
-311.6 -832.2 1911.2 0 0 0 0 0 0 0 0 0
337.2 137.8 1770.5 02 0.5971399546 0.7971518040 -0.0892910063 -0.5001319647 0.4570322931 0.7355198860 0.6271298528 -0.3945510387 0.6715933084
181.6 48.6 1847.5 0.5971399546 0.7971518040 -0.0892910063 -0.5001319647 0.4570322931 0.7355198860 0.6271298528 -0.3945510387 0.6715933084
26.2 -47.8 1925.2 0.6135752201 0.7821559310 -0.1084322035 -0.4903282821 0.4850302041 0.7241020799 0.6189536452 -0.3911237121 0.6811156869
95.4 117.5 1760.5 0.6724087596 -0.5247408748 -0.5220282078 0.7378427386 0.5311934352 0.4164392054 0.0587752722 -0.6651920676 0.7443553805
-63.5 -56.9 1746.6 -0.5737425089 -0.5247408748 -0.6288612485 0.3565724492 0.5311934352 -0.7685633302 0.7373436093 -0.6651920676 -0.1176601201
267.9 -20.3 1934.5 -0.7840477824 0.2550810874 -0.5658645630 -0.5265422463 0.2093992978 0.8239570260 0.3286674917 0.9439733028 -0.0298680980
63.7 -157.5 2020.1 -0.0563548729 0.2550810874 -0.9652760029 -0.9713894129 0.2093992978 0.1120470464 0.2307091951 0.9439733028 0.2359823883
-189.4 -102.1 1952.4 0.4654179215 -0.2990606725 -0.8330359459 0.0338965729 0.9465188384 -0.3208630979 0.8844417334 0.1210983768 0.4506639838
-70.5 -478.4 1904.2 0.4592390358 -0.1261376292 -0.8793115616 0.0879331157 0.9914605021 -0.0963005200 0.8839498162 -0.0330956466 0.4664090574
-73.0 -189.0 2059.7 0.3557196259 0.3564912677 -0.8639314175 -0.3225819767 0.9144176245 0.2445021868 0.8771570325 0.1917144954 0.4402739406
-199.9 -514.7 1991.4 0.3557195067 0.3564929068 -0.8639308214 -0.3225822449 0.9144170880 0.2445038259 0.8771569729 0.1917139590 0.4402742684
82.1 -147.3 1559.5 0 0 0 0 0 0 0 0 0
49.1 -408.1 2079.7 0 0 0 0 0 0 0 0 0
-22.4 -856.9 1916.9 0 0 0 0 0 0 0 0 0
-322.0 -827.8 1925.7 0 0 0 0 0 0 0 0 0
345.5 122.5 1771.1 03 0.5654286146 0.8166916370 -0.1153483987 -0.4641460478 0.4306674004 0.7740116715 0.6818056703 -0.3841098249 0.6225758791
186.0 38.4 1846.2 0.5654286146 0.8166916370 -0.1153483987 -0.4641460478 0.4306674004 0.7740116715 0.6818056703 -0.3841098249 0.6225758791
26.4 -52.5 1921.7 0.5804042220 0.8030048013 -0.1353301406 -0.4559282362 0.4581365883 0.7630467415 0.6747298837 -0.3811747134 0.6320169568
104.4 102.4 1751.5 0.7196874022 -0.4797086120 -0.5019260049 0.6921649575 0.5523501039 0.4645610750 0.0543849468 -0.6817543507 0.7295569181
-59.1 -54.8 1739.1 -0.5840710998 -0.4797086120 -0.6547828317 0.3788142800 0.5523501039 -0.7425692677 0.7178862691 -0.6817543507 -0.1408912838
267.5 -25.6 1940.8 -0.8022451401 0.2118651271 -0.5581361651 -0.5032131672 0.2630502284 0.8231531382 0.3212153018 0.9412320256 -0.1044174433
58.6 -156.7 2024.5 -0.0738387704 0.2118651271 -0.9745055437 -0.9560340047 0.2630502284 0.1296283603 0.2838076353 0.9412320256 0.1831269711
-185.4 -99.2 1946.2 0.4433835745 -0.2877486050 -0.8488885164 0.0190562736 0.9498814344 -0.3120289743 0.8961293697 0.1221718714 0.4266452491
-71.0 -476.8 1897.6 0.4320816100 -0.1359767914 -0.8915244341 0.1171098426 0.9886571169 -0.0940337852 0.8941984177 -0.0637760088 0.4431048036
-80.1 -185.3 2058.9 0.3117486238 0.3542041481 -0.8816757798 -0.2726265788 0.9222475290 0.2741063535 0.9102129340 0.1549159735 0.3840748668
-206.2 -513.7 2003.7 0.3117485940 0.3542049825 -0.8816754818 -0.2726266682 0.9222472310 0.2741071880 0.9102128744 0.1549157053 0.3840750158
89.4 -151.2 1556.6 0 0 0 0 0 0 0 0 0
39.5 -403.3 2097.7 0 0 0 0 0 0 0 0 0
-19.1 -854.4 1922.0 0 0 0 0 0 0 0 0 0
-327.5 -829.5 1950.7 0 0 0 0 0 0 0 0 0
350.5 111.0 1770.5 04 0.5480757356 0.8261813521 -0.1305271834 -0.4651096165 0.4307340682 0.7733958960 0.6951878071 -0.3631700575 0.6203398108
189.5 27.0 1841.2 0.5480757356 0.8261813521 -0.1305271834 -0.4651096165 0.4307340682 0.7733958960 0.6951878071 -0.3631700575 0.6203398108
28.6 -64.0 1913.8 0.5672905445 0.8100264072 -0.1484544575 -0.4546683431 0.4583763182 0.7636542916 0.6866281033 -0.3657162786 0.6283258796
109.8 91.0 1744.8 0.7514562607 -0.4415444434 -0.4902570844 0.6576821804 0.5605421662 0.5032361746 0.0526086390 -0.7005932927 0.7116188407
-56.4 -54.5 1733.1 -0.5908454657 -0.4415444434 -0.6752334237 0.4059771299 0.5605421662 -0.7217860222 0.6971973777 -0.7005932927 -0.1519368440
269.3 -36.9 1937.7 -0.8080415726 0.1929533929 -0.5566307306 -0.5035207868 0.2643038034 0.8225632906 0.3058359921 0.9449404478 -0.1164124161
58.8 -168.0 2017.3 -0.0786664262 0.1929533929 -0.9780493975 -0.9557709098 0.2643038034 0.1290174127 0.2833965123 0.9449404478 0.1636274010
-186.3 -102.0 1935.5 0.4119809270 -0.3025595248 -0.8594937325 0.0638071075 0.9505263567 -0.3040202558 0.9089556336 0.0704087317 0.4109041691
-66.2 -479.4 1907.5 0.4125690758 -0.1216630265 -0.9027650952 0.0590483546 0.9925283194 -0.1067747027 0.9090104699 -0.0092548560 0.4166704714
-83.6 -183.4 2058.5 0.3471801579 0.0078681968 -0.9377654195 0.0148150250 0.9997940063 0.0138734672 0.9376814365 -0.0187096111 0.3469920456
-86.4 -534.0 2065.1 0.3260217607 0.1706879586 -0.9298254848 -0.1278111488 0.9824931026 0.1355421245 0.9366825223 0.0746523812 0.3421299458
94.2 -158.0 1555.5 0 0 0 0 0 0 0 0 0
38.5 -414.6 2090.5 0 0 0 0 0 0 0 0 0
-19.8 -858.0 1911.0 0 0 0 0 0 0 0 0 0
-147.0 -883.0 2038.5 0 0 0 0 0 0 0 0 0
356.5 102.0 1769.6 05 0.5319234133 0.8387679458 -0.1163002774 -0.4777495563 0.4106566608 0.7766057253 0.6991515160 -0.3575323820 0.6191589236
192.8 21.9 1839.4 0.5319234133 0.8387679458 -0.1163002774 -0.4777495563 0.4106566608 0.7766057253 0.6991515160 -0.3575323820 0.6191589236
29.0 -64.7 1911.1 0.5502135754 0.8244990110 -0.1321603805 -0.4684415460 0.4357951581 0.7685344219 0.6912507415 -0.3609486520 0.6260100007
115.4 87.7 1742.2 0.7622230649 -0.4154053926 -0.4964417219 0.6442428827 0.5614489913 0.5193516612 0.0629852340 -0.7156908512 0.6955713630
-54.4 -55.8 1728.2 -0.6059999466 -0.4154053926 -0.6783822179 0.4159526825 0.5614489913 -0.7153729200 0.6780467629 -0.7156908512 -0.1674490571
270.1 -44.0 1936.6 -0.8233207464 0.1935666203 -0.5335494280 -0.4810883403 0.2607961297 0.8369823098 0.3011594415 0.9457892776 -0.1215962246
55.7 -169.3 2015.0 -0.1062119678 0.1935666203 -0.9753209352 -0.9527853727 0.2607961297 0.1555166394 0.2844627798 0.9457892776 0.1567277610
-184.4 -113.5 1923.5 0.3835202157 -0.3214674294 -0.8657776713 0.1303160191 0.9469206333 -0.2938691080 0.9142920375 -0.0001199573 0.4050555527
-57.0 -488.8 1923.5 0.4093107283 -0.0652484372 -0.9100589752 -0.0984799415 0.9884530902 -0.1151616722 0.9070647359 0.1367594600 0.3981587887
-86.0 -187.5 2050.8 0.3333786130 -0.1301656365 -0.9337642193 0.1674976647 0.9828447104 -0.0772062838 0.9277948141 -0.1306644082 0.3494618237
-39.5 -538.6 2097.4 0.3161852062 0.1107345670 -0.9422127008 -0.0685847104 0.9932338595 0.0937154144 0.9462150931 0.0349899605 0.3216405511
101.0 -162.4 1554.4 0 0 0 0 0 0 0 0 0
28.3 -415.1 2088.4 0 0 0 0 0 0 0 0 0
-32.4 -861.6 1871.9 0 0 0 0 0 0 0 0 0
-80.3 -904.0 2084.6 0 0 0 0 0 0 0 0 0
363.8 93.9 1768.7 06 0.5177188516 0.8481121659 -0.1125744283 -0.4913240969 0.4024498761 0.7724213600 0.7004054785 -0.3445865512 0.6250538230
198.5 15.5 1835.9 0.5177188516 0.8481121659 -0.1125744283 -0.4913240969 0.4024498761 0.7724213600 0.7004054785 -0.3445865512 0.6250538230
33.1 -69.8 1905.5 0.5390764475 0.8323978782 -0.1284928173 -0.4807525873 0.4293626845 0.7645421028 0.6915732622 -0.3503733873 0.6316367388
122.7 83.1 1738.6 0.7768264413 -0.3883236945 -0.4957271218 0.6259484291 0.5621482730 0.5405347943 0.0687696859 -0.7302013636 0.6797622442
-51.3 -57.1 1723.2 -0.6155239940 -0.3883236945 -0.6858096719 0.4314778149 0.5621482730 -0.7055609226 0.6595127583 -0.7302013636 -0.1784627140
274.3 -52.1 1933.1 -0.8312460184 0.1887344271 -0.5228855610 -0.4741453230 0.2503167689 0.8441135883 0.2902003229 0.9495898485 -0.1185872778
57.8 -175.6 2008.7 -0.1194852889 0.1887344271 -0.9747320414 -0.9539303780 0.2503167689 0.1654034555 0.2752090991 0.9495898485 0.1501303464
-185.3 -108.4 1919.4 0.3852179945 -0.3113651872 -0.8687109947 0.0941387936 0.9497078657 -0.2986516654 0.9180114269 0.0332665890 0.3951561153
-61.8 -485.2 1906.2 0.3945991695 -0.1060477421 -0.9127131701 0.0173325874 0.9939998984 -0.1079989001 0.9186898470 0.0267965961 0.3940696418
-83.7 -195.9 2040.8 0.3154897988 -0.1957448870 -0.9285203815 0.2309610844 0.9649077058 -0.1249405816 0.9203929305 -0.1750345975 0.3496279716
-12.3 -547.8 2104.7 0.3052675128 0.0801004916 -0.9488918185 -0.0494683795 0.9964444637 0.0682001933 0.9509809017 0.0261208359 0.3081445694
107.0 -168.1 1553.6 0 0 0 0 0 0 0 0 0
26.9 -421.7 2079.7 0 0 0 0 0 0 0 0 0
-21.8 -860.1 1896.1 0 0 0 0 0 0 0 0 0
-42.4 -921.3 2094.9 0 0 0 0 0 0 0 0 0
369.7 87.8 1767.7 07 0.5039049983 0.8568398952 -0.1091105267 -0.5041334033 0.3943214118 0.7683489323 0.7013766766 -0.3321686387 0.6306622028
202.5 10.9 1832.5 0.5039049983 0.8568398952 -0.1091105267 -0.5041334033 0.3943214118 0.7683489323 0.7013766766 -0.3321686387 0.6306622028
35.3 -72.4 1900.0 0.5255307555 0.8418468833 -0.1229279786 -0.4937731624 0.4194715917 0.7617294192 0.6928243041 -0.3396137059 0.6361265779
128.6 80.4 1735.1 0.7863337398 -0.3662387729 -0.4975423515 0.6132276654 0.5605145097 0.5565746427 0.0750405043 -0.7427601814 0.6653392315
-48.5 -57.8 1718.2 -0.6256716251 -0.3662387729 -0.6887700558 0.4425053298 0.5605145097 -0.7000089288 0.6424360275 -0.7427601814 -0.1886354238
276.4 -58.5 1930.0 -0.8408076763 0.1837147921 -0.5092065930 -0.4638250172 0.2405249625 0.8526512384 0.2791215181 0.9530984163 -0.1170237139
57.4 -179.3 2002.7 -0.1361298412 0.1837147921 -0.9735078812 -0.9540331960 0.2405249625 0.1787970960 0.2670006156 0.9530984163 0.1425273865
-181.8 -111.1 1911.7 0.3759146333 -0.3078470528 -0.8740242720 0.0886841714 0.9508266449 -0.2967554927 0.9224008322 0.0340426117 0.3847307861
-59.5 -488.7 1898.2 0.3787936568 -0.1077282429 -0.9191898704 0.0632861927 0.9938923717 -0.0904033855 0.9233148098 -0.0239277966 0.3832978606
-84.3 -199.4 2032.2 0.3030451238 -0.2171113491 -0.9279150367 0.2553315163 0.9566001296 -0.1404350251 0.9181336761 -0.1943677962 0.3453283906
-4.1 -552.8 2104.0 0.2943279445 0.0742556006 -0.9528154135 -0.0460030138 0.9969221354 0.0634824708 0.9545966387 0.0251477119 0.2968380153
113.0 -172.0 1552.4 0 0 0 0 0 0 0 0 0
22.3 -425.5 2071.6 0 0 0 0 0 0 0 0 0
-18.6 -865.7 1907.2 0 0 0 0 0 0 0 0 0
-32.2 -930.2 2094.5 0 0 0 0 0 0 0 0 0
374.5 82.1 1767.3 08 0.4900255799 0.8646604419 -0.1106220409 -0.4825157821 0.3747387528 0.7916750312 0.7259844542 -0.3345641494 0.6008439064
205.8 9.0 1832.5 0.4900255799 0.8646604419 -0.1106220409 -0.4825157821 0.3747387528 0.7916750312 0.7259844542 -0.3345641494 0.6008439064
37.0 -70.6 1900.8 0.5128316879 0.8493092656 -0.1252094358 -0.4721956253 0.4008616805 0.7850739956 0.7169622779 -0.3434875011 0.6066147089
133.7 75.4 1731.7 0.7988194823 -0.3484366238 -0.4903869927 0.5964828730 0.5645692348 0.5704995394 0.0780744553 -0.7482336164 0.6588253379
-45.5 -58.4 1714.2 -0.6350176334 -0.3484366238 -0.6894523501 0.4449766874 0.5645692348 -0.6951671243 0.6314652562 -0.7482336164 -0.2034652382
277.9 -57.4 1933.3 -0.8478367329 0.1733532250 -0.5011202693 -0.4473774731 0.2734653056 0.8515105247 0.2846511006 0.9461318254 -0.1542996168
57.1 -173.9 2007.5 -0.1468386501 0.1733532250 -0.9738516808 -0.9427622557 0.2734653056 0.1908299178 0.2993956208 0.9461318254 0.1232756078
-180.3 -110.5 1904.0 0.3750559688 -0.3028180897 -0.8761473894 0.0867339671 0.9524577260 -0.2920642495 0.9229356647 0.0335487053 0.3834895492
-59.9 -489.0 1890.7 0.3720669150 -0.1219859198 -0.9201552272 0.1120096445 0.9899829030 -0.0859516859 0.9214228392 -0.0710864812 0.3820034862
-84.9 -192.7 2035.3 0.2892360091 -0.2255304605 -0.9303109646 0.3036196232 0.9432837367 -0.1342792809 0.9078313112 -0.2436222732 0.3413071036
-1.2 -543.1 2125.8 0.2808255851 0.0717713311 -0.9570714831 -0.0060606003 0.9973127246 0.0730107278 0.9597396851 -0.0147028537 0.2805059254
118.4 -173.2 1551.3 0 0 0 0 0 0 0 0 0
19.2 -417.1 2084.7 0 0 0 0 0 0 0 0 0
-13.5 -865.5 1917.7 0 0 0 0 0 0 0 0 0
-28.5 -922.3 2131.4 0 0 0 0 0 0 0 0 0
376.7 76.2 1767.0 09 0.4826608598 0.8688620329 -0.1100785881 -0.4887242913 0.3715008497 0.7893894315 0.7267647982 -0.3272092938 0.6039428711
207.4 3.8 1830.8 0.4826608598 0.8688620329 -0.1100785881 -0.4887242913 0.3715008497 0.7893894315 0.7267647982 -0.3272092938 0.6039428711
38.1 -76.0 1897.7 0.5084258318 0.8516506553 -0.1272571683 -0.4771462083 0.4016512632 0.7816698551 0.7168226242 -0.3367008567 0.6105717421
135.9 70.9 1730.0 0.8045781255 -0.3312835097 -0.4928542078 0.5875906944 0.5642647147 0.5799504519 0.0859721974 -0.7562119961 0.6486541629
-42.7 -59.5 1710.9 -0.6366692185 -0.3312835097 -0.6963501573 0.4578199387 0.5642647147 -0.6870270967 0.6205265522 -0.7562119961 -0.2075817585
278.8 -63.3 1931.6 -0.8499374986 0.1688117981 -0.4991079867 -0.4478220046 0.2676417232 0.8531256318 0.2775998116 0.9486150146 -0.1518811136
57.5 -179.9 2003.9 -0.1497255415 0.1688117981 -0.9742098451 -0.9442953467 0.2676417232 0.1915051639 0.2930675447 0.9486150146 0.1193353981
-178.8 -107.0 1903.2 0.3692589998 -0.3010700047 -0.8792068362 0.0842685252 0.9530187845 -0.2909536660 0.9254980087 0.0333477892 0.3772814870
-59.1 -485.9 1890.0 0.3662271500 -0.1221409813 -0.9224745035 0.1098714843 0.9900891781 -0.0874740034 0.9240161777 -0.0693182871 0.3760173619
-84.6 -199.2 2030.6 0.2829040587 -0.2320059985 -0.9306656122 0.3062743545 0.9413574934 -0.1415699869 0.9089341760 -0.2449883074 0.3373713493
1.9 -550.3 2122.0 0.2755047679 0.0680240691 -0.9588899016 -0.0085328501 0.9976269603 0.0683204681 0.9612618089 -0.0106405504 0.2754314244
121.3 -177.5 1551.0 0 0 0 0 0 0 0 0 0
18.8 -423.6 2079.5 0 0 0 0 0 0 0 0 0
-12.6 -863.4 1916.4 0 0 0 0 0 0 0 0 0
-24.0 -930.6 2126.1 0 0 0 0 0 0 0 0 0
376.5 73.2 1763.4 10 0.4893299639 0.8644490838 -0.1152562648 -0.4682921767 0.3719413877 0.8014749289 0.7357028127 -0.3382120728 0.5868167877
208.4 0.9 1829.2 0.4893299639 0.8644490838 -0.1152562648 -0.4682921767 0.3719413877 0.8014749289 0.7357028127 -0.3382120728 0.5868167877
40.3 -79.1 1898.6 0.5162103772 0.8461455107 -0.1325316131 -0.4561213255 0.4025769532 0.7936530113 0.7249001265 -0.3492414355 0.5937594175
135.9 65.1 1727.2 0.8108754754 -0.3127277493 -0.4946537614 0.5785791278 0.5553599000 0.5973454118 0.0879043639 -0.7705690861 0.6312654614
-41.2 -61.3 1708.0 -0.6374558806 -0.3127277493 -0.7041671276 0.4787161648 0.5553599000 -0.6800045371 0.6037225127 -0.7705690861 -0.2043095976
281.0 -63.2 1931.1 -0.8442175388 0.1701092273 -0.5082908273 -0.4500218332 0.2901850641 0.8445549011 0.2911649942 0.9417300224 -0.1684264690
61.1 -180.4 2007.0 -0.1389932036 0.1701092273 -0.9755735397 -0.9390388727 0.2901850641 0.1843871176 0.3144628406 0.9417300224 0.1194054261
-177.8 -112.1 1898.9 0.3773693442 -0.3041176796 -0.8747026920 0.0926250294 0.9521980286 -0.2911005020 0.9214190245 0.0288330447 0.3874992728
-56.9 -490.7 1887.4 0.3738438189 -0.1121961772 -0.9206806421 0.1256168187 0.9896349311 -0.0695921928 0.9189457297 -0.0896363556 0.3840626478
-80.6 -200.7 2034.6 0.2825550735 -0.2471228838 -0.9268726707 0.3331954777 0.9313677549 -0.1467474699 0.8995239735 -0.2673655450 0.3455029130
11.7 -548.6 2134.5 0.2794605792 0.0552920438 -0.9585638046 0.0172319580 0.9978908896 0.0625843331 0.9600025415 -0.0340077840 0.2779183686
123.0 -184.7 1552.4 0 0 0 0 0 0 0 0 0
25.2 -422.7 2088.1 0 0 0 0 0 0 0 0 0
-14.1 -868.4 1921.6 0 0 0 0 0 0 0 0 0
-9.4 -929.5 2147.5 0 0 0 0 0 0 0 0 0
376.8 72.0 1761.1 11 0.4940362573 0.8612011671 -0.1194183081 -0.4665310383 0.3784837127 0.7994365692 0.7336736321 -0.3392383158 0.5887617469
210.0 -1.3 1826.8 0.4940362573 0.8612011671 -0.1194183081 -0.4665310383 0.3784837127 0.7994365692 0.7336736321 -0.3392383158 0.5887617469
42.5 -82.6 1896.3 0.5206379890 0.8427101374 -0.1370245069 -0.4542321265 0.4092955589 0.7912966013 0.7229171991 -0.3497381210 0.5958808064
136.8 62.6 1725.1 0.8107712269 -0.3055048585 -0.4993163347 0.5786556602 0.5470597148 0.6048828959 0.0883611888 -0.7793538570 0.6203224063
-40.2 -63.7 1705.8 -0.6461957097 -0.3055048585 -0.6993553042 0.4820370078 0.5470597148 -0.6843726635 0.5916683078 -0.7793538570 -0.2062429935
283.1 -65.2 1928.5 -0.8405528069 0.1697228700 -0.5144561529 -0.4565877020 0.2891256809 0.8413881660 0.2915453017 0.9421254992 -0.1655320227
64.2 -184.1 2004.4 -0.1318984479 0.1697228700 -0.9766252637 -0.9407296777 0.2891256809 0.1772962660 0.3124586940 0.9421254992 0.1215281188
-175.3 -117.3 1901.5 0.3843601942 -0.2998220325 -0.8731402755 0.0742359981 0.9527680874 -0.2944858968 0.9201936126 0.0483702086 0.3884637356
-56.1 -496.0 1882.3 0.3759953678 -0.1123210713 -0.9197888374 0.1608154327 0.9854729176 -0.0546033122 0.9125600457 -0.1273856461 0.3885962069
-77.3 -205.5 2032.2 0.2812302411 -0.2562742829 -0.9247881174 0.3350681961 0.9292538762 -0.1556167752 0.8992434740 -0.2661029398 0.3472036421
18.6 -553.1 2131.8 0.2809036076 0.0469923280 -0.9585848451 0.0177652389 0.9983748198 0.0541488603 0.9595715404 -0.0322400965 0.2796122432
126.0 -187.7 1553.6 0 0 0 0 0 0 0 0 0
30.2 -426.8 2085.0 0 0 0 0 0 0 0 0 0
-13.2 -872.2 1930.9 0 0 0 0 0 0 0 0 0
0.6 -934.4 2144.1 0 0 0 0 0 0 0 0 0
378.3 68.9 1761.4 12 0.4874847829 0.8638952374 -0.1266631931 -0.4640201330 0.3792161047 0.8005501032 0.7396241426 -0.3314816952 0.5857268572
211.1 -4.5 1825.6 0.4874847829 0.8638952374 -0.1266631931 -0.4640201330 0.3792161047 0.8005501032 0.7396241426 -0.3314816952 0.5857268572
43.2 -85.9 1893.7 0.5143058896 0.8454548717 -0.1438594311 -0.4516427815 0.4096110165 0.7926144004 0.7290461063 -0.3426732123 0.5925089121
138.9 59.1 1723.0 0.8136799335 -0.2941738665 -0.5013847351 0.5738522410 0.5442211628 0.6119778752 0.0928362980 -0.7856748700 0.6116341949
-37.8 -65.5 1702.9 -0.6538768411 -0.2941738665 -0.6970701814 0.4849548638 0.5442211628 -0.6845743656 0.5807442665 -0.7856748700 -0.2131925523
283.4 -68.0 1928.1 -0.8426716924 0.1602534503 -0.5140264630 -0.4570480883 0.2917671204 0.8402255774 0.2846250534 0.9429691434 -0.1726203859
64.0 -187.1 2002.3 -0.1335697025 0.1602534503 -0.9779969454 -0.9401189685 0.2917671204 0.1762051582 0.3135848343 0.9429691434 0.1116860509
-172.8 -122.3 1899.5 0.3798309863 -0.2937841415 -0.8771654963 0.0629217923 0.9542387128 -0.2923513949 0.9229134917 0.0558512881 0.3809348345
-56.0 -501.7 1877.3 0.3673221469 -0.1219684258 -0.9220619202 0.1888816357 0.9804890156 -0.0544521958 0.9107130170 -0.1541590691 0.3831929266
-77.7 -208.7 2028.8 0.2718234360 -0.2560686171 -0.9276534319 0.3387750685 0.9277071953 -0.1568147093 0.9007460475 -0.2716399431 0.3389222026
18.1 -555.9 2130.4 0.2715863883 0.0452717505 -0.9613487124 0.0210608784 0.9983742237 0.0529651679 0.9621835947 -0.0346314646 0.2701913714
130.1 -190.1 1553.7 0 0 0 0 0 0 0 0 0
29.5 -429.6 2083.2 0 0 0 0 0 0 0 0 0
-9.4 -876.1 1936.2 0 0 0 0 0 0 0 0 0
0.8 -937.4 2143.6 0 0 0 0 0 0 0 0 0
380.1 69.3 1760.1 13 0.4836436212 0.8648669124 -0.1345139742 -0.4516243935 0.3782336414 0.8080685139 0.7497494221 -0.3300673962 0.5735253096
212.4 -4.1 1824.1 0.4836436212 0.8648669124 -0.1345139742 -0.4516243935 0.3782336414 0.8080685139 0.7497494221 -0.3300673962 0.5735253096
44.2 -85.2 1891.9 0.5098951459 0.8467437625 -0.1517628431 -0.4395640194 0.4081089497 0.8001440763 0.7394527793 -0.3412800729 0.5802908540
140.7 57.8 1720.1 0.8128358126 -0.2953839898 -0.5020421147 0.5758870840 0.5369510651 0.6164719462 0.0874760821 -0.7902100086 0.6065608859
-36.4 -67.7 1701.0 -0.6646929979 -0.2953839898 -0.6862444878 0.4786122143 0.5369510651 -0.6947041750 0.5736842155 -0.7902100086 -0.2155332118
284.1 -65.9 1928.1 -0.8432989717 0.1512897462 -0.5157113671 -0.4563304484 0.3053517342 0.8357768059 0.2839178145 0.9401445389 -0.1884647012
64.4 -184.8 2002.1 -0.1326593757 0.1512897462 -0.9795473218 -0.9362162948 0.3053517342 0.1739522517 0.3254236579 0.9401445389 0.1011321470
-172.1 -125.9 1894.9 0.3763316274 -0.2970151305 -0.8775855899 0.0628361180 0.9532219172 -0.2956681550 0.9243517518 0.0561252050 0.3773908317
-54.0 -504.9 1872.6 0.3641174138 -0.1094718874 -0.9248969555 0.2101723850 0.9771102667 -0.0329103507 0.9073290825 -0.1824045777 0.3787908256
-77.4 -206.6 2027.6 0.2628903687 -0.2577759027 -0.9297527671 0.3527081907 0.9226260781 -0.1560707241 0.8980454206 -0.2869019508 0.3334691823
19.1 -552.0 2135.0 0.2634255290 0.0415596254 -0.9637840986 0.0355888195 0.9979727864 0.0527611710 0.9640230536 -0.0481985770 0.2614124417
134.3 -190.6 1553.7 0 0 0 0 0 0 0 0 0
30.2 -426.3 2086.0 0 0 0 0 0 0 0 0 0
-12.2 -878.1 1942.3 0 0 0 0 0 0 0 0 0
3.2 -933.4 2153.5 0 0 0 0 0 0 0 0 0
380.5 67.0 1761.9 14 0.4761421978 0.8671393991 -0.1461434066 -0.4365053773 0.3773342371 0.8167508245 0.7633817196 -0.3250971437 0.5581757426
212.4 -6.2 1825.0 0.4761421978 0.8671393991 -0.1461434066 -0.4365053773 0.3773342371 0.8167508245 0.7633817196 -0.3250971437 0.5581757426
43.8 -86.9 1892.4 0.5036643744 0.8486022353 -0.1618531942 -0.4239394665 0.4060277045 0.8095781803 0.7527267337 -0.3391396999 0.5642576814
141.6 53.5 1719.1 0.8178198338 -0.2915303707 -0.4961660802 0.5687128901 0.5412109494 0.6193999648 0.0879566148 -0.7887336612 0.6084101200
-34.6 -69.1 1700.1 -0.6680662632 -0.2915303707 -0.6846148968 0.4749365151 0.5412109494 -0.6939207911 0.5728200674 -0.7887336612 -0.2231063396
283.2 -65.8 1930.9 -0.8443005085 0.1394486725 -0.5174077153 -0.4552421272 0.3226989806 0.8298313022 0.2826858163 0.9361727834 -0.2089719921
63.3 -184.4 2004.5 -0.1319764853 0.1394486725 -0.9813950658 -0.9309189916 0.3226989806 0.1710415781 0.3405466974 0.9361727834 0.0872267410
-171.0 -126.0 1892.0 0.3731833398 -0.2935839891 -0.8800810575 0.0572502837 0.9540903568 -0.2939965725 0.9259895086 0.0593297295 0.3728583753
-54.2 -505.3 1868.4 0.3581102192 -0.1158062145 -0.9264696240 0.2374646962 0.9709457755 -0.0295778923 0.9029770494 -0.2094116807 0.3752054870
-78.7 -206.5 2028.9 0.2512230277 -0.2590201199 -0.9326283336 0.3700762987 0.9160266519 -0.1547214836 0.8943883777 -0.3062740564 0.3259841800
18.2 -549.4 2143.5 0.2525101006 0.0374372937 -0.9668697715 0.0540485270 0.9971453547 0.0527250171 0.9660835266 -0.0655714869 0.2497658432
136.7 -190.9 1553.2 0 0 0 0 0 0 0 0 0
29.2 -424.6 2092.4 0 0 0 0 0 0 0 0 0
-10.0 -876.2 1948.4 0 0 0 0 0 0 0 0 0
3.9 -930.5 2168.6 0 0 0 0 0 0 0 0 0
377.9 66.0 1764.4 15 0.4746126831 0.8652056456 -0.1617466211 -0.4227091670 0.3852331340 0.8203123808 0.7720490694 -0.3209588826 0.5485668778
210.6 -8.5 1826.4 0.4746126831 0.8652056456 -0.1617466211 -0.4227091670 0.3852331340 0.8203123808 0.7720490694 -0.3209588826 0.5485668778
42.3 -90.6 1893.2 0.5017669201 0.8467685580 -0.1766721010 -0.4100531340 0.4126846492 0.8133558631 0.7616340518 -0.3356701136 0.5542916059
140.0 49.2 1719.3 0.8176587820 -0.2815999389 -0.5021311045 0.5668330193 0.5463059545 0.6166442633 0.1006701961 -0.7888290882 0.6063119769
-32.3 -70.3 1698.1 -0.6722045541 -0.2815999389 -0.6847207546 0.4743295014 0.5463059545 -0.6903342605 0.5684650540 -0.7888290882 -0.2336581945
281.1 -66.2 1933.6 -0.8413622379 0.1269978583 -0.5253390670 -0.4624241292 0.3340036869 0.8213437200 0.2797740996 0.9339770079 -0.2222912163
62.0 -186.7 2006.5 -0.1239711344 0.1269978583 -0.9841253757 -0.9288731813 0.3340036869 0.1601129472 0.3490355015 0.9339770079 0.0765580833
-171.1 -128.7 1890.8 0.3676339984 -0.2958543897 -0.8816549182 0.0596842505 0.9535977244 -0.2951087952 0.9280533791 0.0558711141 0.3682327867
-53.5 -507.9 1868.6 0.3534229100 -0.1104595587 -0.9289192557 0.2405335009 0.9703472853 -0.0238708425 0.9040110111 -0.2149996907 0.3695121706
-80.0 -210.2 2029.8 0.2385320663 -0.2672381103 -0.9336413741 0.3824416399 0.9095538259 -0.1626351029 0.8926594257 -0.3182696700 0.3191607296
20.0 -550.7 2149.0 0.2429681420 0.0260339733 -0.9696848392 0.0671549514 0.9967899919 0.0435883030 0.9677069187 -0.0757097080 0.2404399067
139.5 -191.5 1552.8 0 0 0 0 0 0 0 0 0
30.0 -426.3 2096.5 0 0 0 0 0 0 0 0 0
-11.3 -878.7 1950.7 0 0 0 0 0 0 0 0 0
10.1 -931.7 2177.9 0 0 0 0 0 0 0 0 0
375.4 66.8 1762.6 16 0.4901896417 0.8543939590 -0.1724095643 -0.3996461034 0.3961034417 0.8266710639 0.7745947838 -0.3363227844 0.5356210470
210.2 -9.8 1827.6 0.4901896417 0.8543939590 -0.1724095643 -0.3996461034 0.3961034417 0.8266710639 0.7745947838 -0.3363227844 0.5356210470
44.3 -94.0 1897.6 0.5177497268 0.8347713351 -0.1873286664 -0.3862742186 0.4234651327 0.8194324374 0.7633658648 -0.3519006968 0.5416995883
137.4 44.5 1720.2 0.8132055998 -0.2817911208 -0.5092056394 0.5713785291 0.5527980924 0.6065813303 0.1105586588 -0.7842245102 0.6105479002
-30.5 -73.4 1697.4 -0.6749027967 -0.2817911208 -0.6819823384 0.4667587876 0.5527980924 -0.6903263927 0.5715263486 -0.7842245102 -0.2415564954
283.0 -64.1 1935.0 -0.8289384246 0.1298413277 -0.5440609455 -0.4740769863 0.3531030715 0.8065786958 0.2968368530 0.9265308380 -0.2311459184
67.1 -187.6 2012.3 -0.1016089767 0.1298413277 -0.9863147736 -0.9247832894 0.3531030715 0.1417535841 0.3666762710 0.9265308380 0.0841966569
-172.0 -135.0 1890.1 0.3802672327 -0.3033997416 -0.8736964464 0.0701220855 0.9514014125 -0.2998636663 0.9222145677 0.0527629107 0.3830617964
-51.4 -513.3 1869.1 0.3679000735 -0.1035769284 -0.9240786433 0.2415142059 0.9703153968 -0.0126062827 0.8979534507 -0.2185402662 0.3819943964
-74.1 -213.5 2037.5 0.2399473041 -0.2889771760 -0.9267780185 0.4030062258 0.8981701732 -0.1757167429 0.8831824660 -0.3313345611 0.3319731057
34.0 -549.7 2161.6 0.2515788376 0.0049636867 -0.9678241014 0.0892064720 0.9956111908 0.0282947738 0.9637169242 -0.0934545323 0.2500319183
141.3 -192.2 1551.9 0 0 0 0 0 0 0 0 0
40.8 -426.2 2106.9 0 0 0 0 0 0 0 0 0
-11.8 -884.2 1952.6 0 0 0 0 0 0 0 0 0
32.1 -930.1 2197.3 0 0 0 0 0 0 0 0 0
375.7 67.2 1760.7 17 0.4960863888 0.8497118354 -0.1785722673 -0.3862303197 0.4001505971 0.8310870528 0.7776402831 -0.3433209658 0.5266937613
211.0 -10.3 1827.2 0.4960863888 0.8497118354 -0.1785722673 -0.3862303197 0.4001505971 0.8310870528 0.7776402831 -0.3433209658 0.5266937613
46.2 -95.5 1898.6 0.5239310861 0.8292687535 -0.1944468021 -0.3724898100 0.4283750057 0.8232534528 0.7659944892 -0.3588986397 0.5333331227
137.3 42.0 1719.5 0.8138675690 -0.2831364274 -0.5073986053 0.5705557466 0.5546395183 0.6056740880 0.1099349335 -0.7824376822 0.6129482985
-30.0 -75.2 1696.9 -0.6788244843 -0.2831364274 -0.6775183082 0.4604246616 0.5546395183 -0.6930974722 0.5720195770 -0.7824376822 -0.2461399138
284.6 -62.7 1935.0 -0.8230562806 0.1287016124 -0.5531855226 -0.4795179665 0.3644949794 0.7982518077 0.3043696284 0.9222685695 -0.2382851392
70.3 -187.6 2014.3 -0.0908194259 0.1287016124 -0.9875159264 -0.9217626452 0.3644949794 0.1322763860 0.3769687712 0.9222685695 0.0855291113
-169.1 -142.7 1897.5 0.3900041878 -0.2941600680 -0.8725632429 0.0593363419 0.9536597729 -0.2949782908 0.9188992977 0.0632680655 0.3893857002
-52.1 -521.8 1872.4 0.3764864504 -0.1123498380 -0.9195843935 0.2260148823 0.9737650752 -0.0264367275 0.8984293342 -0.1978866905 0.3920020759
-70.6 -214.8 2040.2 0.2381360680 -0.2994047105 -0.9239307642 0.4151306450 0.8913985491 -0.1818657517 0.8780419827 -0.3402431607 0.3365662098
41.5 -548.5 2167.6 0.2533123195 -0.0058255643 -0.9673669934 0.1023431942 0.9945314527 0.0208101831 0.9619556665 -0.1042749062 0.2525232732
142.4 -192.1 1551.6 0 0 0 0 0 0 0 0 0
46.8 -425.4 2111.5 0 0 0 0 0 0 0 0 0
-9.2 -894.0 1948.0 0 0 0 0 0 0 0 0 0
43.7 -928.6 2207.4 0 0 0 0 0 0 0 0 0
384.8 64.7 1756.2 18 0.4864874482 0.8615981340 -0.1448398978 -0.4198005497 0.3759080172 0.8261117935 0.7662228346 -0.3410891294 0.5445739031
217.5 -8.3 1822.5 0.4864874482 0.8615981340 -0.1448398978 -0.4198005497 0.3759080172 0.8261117935 0.7662228346 -0.3410891294 0.5445739031
49.9 -89.0 1892.5 0.5121968389 0.8431538343 -0.1635421216 -0.4080021977 0.4064239264 0.8175290823 0.7557702065 -0.3520102501 0.5521776676
145.5 49.1 1716.1 0.8100500107 -0.3014326096 -0.5029486418 0.5797629952 0.5400508642 0.6100982428 0.0877143443 -0.7858011127 0.6122276783
-29.6 -76.2 1697.2 -0.6802501082 -0.3014326096 -0.6681303382 0.4556846619 0.5400508642 -0.7075991631 0.5741178393 -0.7858011127 -0.2300114483
289.4 -65.6 1928.8 -0.8389112353 0.1439692974 -0.5248817205 -0.4565230310 0.3389394879 0.8226218820 0.2963354290 0.9297273159 -0.2186148614
71.0 -184.5 2006.0 -0.1227780059 0.1439692974 -0.9819360375 -0.9261377454 0.3389394879 0.1654957384 0.3566432297 0.9297273159 0.0917210802
-166.7 -146.4 1899.7 0.3865521252 -0.2880024612 -0.8761461377 0.0515084974 0.9552502036 -0.2912798226 0.9208280444 0.0674658641 0.3840885758
-52.2 -526.2 1872.9 0.3691871166 -0.1254056543 -0.9208552241 0.2451144308 0.9689089656 -0.0336791053 0.8964484334 -0.2132810056 0.3884474337
-70.7 -207.1 2031.8 0.2549990118 -0.2680908144 -0.9290332794 0.3867292702 0.9088811278 -0.1561269164 0.8862369657 -0.3194721341 0.3354423344
29.6 -547.1 2151.3 0.2591628432 0.0295616221 -0.9653811455 0.0717923120 0.9961767197 0.0497777499 0.9631617069 -0.0822074935 0.2560496926
142.9 -191.8 1551.6 0 0 0 0 0 0 0 0 0
39.3 -423.4 2098.0 0 0 0 0 0 0 0 0 0
-4.2 -896.5 1954.4 0 0 0 0 0 0 0 0 0
18.3 -927.6 2182.7 0 0 0 0 0 0 0 0 0
386.5 59.5 1758.5 19 0.4736209512 0.8702177405 -0.1356625855 -0.4391570687 0.3668622077 0.8200933933 0.7634292841 -0.3288362324 0.5559158921
218.1 -11.5 1822.1 0.4736209512 0.8702177405 -0.1356625855 -0.4391570687 0.3668622077 0.8200933933 0.7634292841 -0.3288362324 0.5559158921
48.7 -90.4 1889.9 0.5001916885 0.8521986008 -0.1535115540 -0.4273711741 0.3971444368 0.8121762276 0.7531017065 -0.3406373858 0.5628534555
147.8 48.6 1716.2 0.8185930252 -0.2933968902 -0.4937851429 0.5678136945 0.5429332852 0.6187172532 0.0865626782 -0.7868555784 0.6110361814
-29.1 -74.1 1697.5 -0.6776396632 -0.2933968902 -0.6743313670 0.4624667764 0.5429332852 -0.7009621263 0.5717770457 -0.7868555784 -0.2322268188
288.4 -71.5 1928.1 -0.8484230638 0.1433850825 -0.5095282793 -0.4465051591 0.3231068850 0.8344070315 0.2842736244 0.9354371428 -0.2101091594
67.4 -187.8 2002.1 -0.1406894326 0.1433850825 -0.9796158671 -0.9289496541 0.3231068850 0.1807056367 0.3424311280 0.9354371428 0.0877397954
-164.5 -132.3 1893.2 0.3733339906 -0.2780110538 -0.8850601912 0.0590784512 0.9592285156 -0.2763881385 0.9258139729 0.0508970954 0.3745370507
-54.0 -513.6 1873.0 0.3565248549 -0.1260502636 -0.9257436991 0.2367309183 0.9707096815 -0.0410024524 0.9037967324 -0.2045337558 0.3759221137
-74.8 -208.4 2026.7 0.2555080950 -0.2507316172 -0.9337286949 0.3695706427 0.9177694917 -0.1453158259 0.8933829665 -0.3079493344 0.3271605968
19.0 -551.9 2141.9 0.2538946867 0.0467545167 -0.9661011696 0.0535257533 0.9966212511 0.0622982867 0.9657496810 -0.0675284937 0.2505342662
143.4 -191.8 1552.0 0 0 0 0 0 0 0 0 0
31.1 -427.5 2090.5 0 0 0 0 0 0 0 0 0
-5.9 -884.7 1951.1 0 0 0 0 0 0 0 0 0
1.2 -932.6 2167.7 0 0 0 0 0 0 0 0 0
386.6 59.5 1751.1 20 0.4813203514 0.8695027232 -0.1108861417 -0.4755607545 0.3653045595 0.8002465367 0.7363237739 -0.3324418664 0.5893298984
218.1 -11.3 1815.6 0.4813203514 0.8695027232 -0.1108861417 -0.4755607545 0.3653045595 0.8002465367 0.7363237739 -0.3324418664 0.5893298984
48.5 -90.0 1882.8 0.5045862794 0.8534266353 -0.1305975616 -0.4652773440 0.3962203562 0.7915342450 0.7272617817 -0.3386332095 0.5970073938
147.2 54.1 1713.3 0.8080905676 -0.3074840903 -0.5024372339 0.5846469402 0.5228494406 0.6203357577 0.0719556436 -0.7950358391 0.6022793651
-28.9 -73.3 1697.6 -0.6771267056 -0.3074840903 -0.6685454249 0.4667907357 0.5228494406 -0.7132565379 0.5688636303 -0.7950358391 -0.2105045915
289.0 -76.7 1917.8 -0.8513919711 0.1636788994 -0.4983381927 -0.4433515370 0.2831506431 0.8504499793 0.2803055048 0.9450052381 -0.1685048789
67.2 -192.2 1990.8 -0.1512408704 0.1636788994 -0.9748514891 -0.9393975735 0.2831506431 0.1932818443 0.3076659739 0.9450052381 0.1109356210
-166.5 -130.1 1888.6 0.3728633225 -0.2897127569 -0.8814983964 0.0716872141 0.9561617970 -0.2839287519 0.9251129031 0.0426744521 0.3772863746
