92.4 495.8 1926.1 8 0.8266351223 0.0937919691 -0.5548670888 0.1193445101 0.9343642592 0.3357384801 0.5499375463 -0.3437535465 0.7611847520
68.7 259.6 2013.0 0.8266351223 0.0937919691 -0.5548670888 0.1193445101 0.9343642592 0.3357384801 0.5499375463 -0.3437535465 0.7611847520
77.4 61.9 1996.1 0.8232412934 -0.0439906642 -0.5659846663 -0.0121639902 0.9953972697 -0.0950592682 0.5675613284 0.0851413459 0.8189170361
-51.6 261.4 1930.1 0.0061379592 -0.8896517158 -0.4565984905 0.0078473352 0.4566358924 -0.8896190524 0.9999503493 0.0018773640 0.0097842077
-53.0 259.5 1694.6 -0.3953658938 -0.8896517158 0.2284855694 -0.7682108879 0.4566358924 0.4487044811 -0.5035254359 0.0018773640 -0.8639783859
188.9 257.9 2095.9 -0.1637365818 0.8468289375 -0.5060346127 -0.8486019373 0.1406704783 0.5099868774 0.5030558109 0.5129254460 0.6955877542
143.2 21.2 2236.2 0.1755682081 0.8468289375 -0.5020523071 -0.9842656255 0.1406704783 -0.1069249362 -0.0199231952 0.5129254460 0.8582019210
10.0 -134.9 1929.2 0.8612257242 0.1383973658 0.4890157282 -0.1305891424 0.9901627302 -0.0502421036 -0.4911585152 -0.0205903500 0.8708268404
-45.0 -528.3 1937.4 0.8705148101 0.0596485138 0.4885141253 -0.0381758921 0.9978212714 -0.0538078099 -0.4906593263 0.0281910319 0.8708953261
162.6 -135.8 2030.9 -0.3570003510 0.2831177711 0.8901657462 0.0750494748 0.9585746527 -0.2747767270 -0.9310845137 -0.0312889181 -0.3634593189
50.1 -516.6 2043.3 -0.3695563674 0.0152856614 0.9290825725 -0.1469736844 0.9863165617 -0.0746882632 -0.9175112247 -0.1641522199 -0.3622529805
50.0 459.6 1825.8 0 0 0 0 0 0 0 0 0
188.8 -234.5 2231.0 0 0 0 0 0 0 0 0 0
-67.8 -909.2 1926.7 0 0 0 0 0 0 0 0 0
44.3 -893.2 2106.0 0 0 0 0 0 0 0 0 0
92.8 503.8 1926.9 9 0.8110123873 0.0947127566 -0.5773113966 0.1274969131 0.9344748855 0.3324172497 0.5709671378 -0.3431999385 0.7457951307
68.4 263.2 2015.3 0.8110123873 0.0947127566 -0.5773113966 0.1274969131 0.9344748855 0.3324172497 0.5709671378 -0.3431999385 0.7457951307
77.2 65.5 1996.7 0.8071482182 -0.0440769047 -0.5887010694 -0.0197183620 0.9946395755 -0.1015052944 0.5900194049 0.0935380384 0.8019524217
-49.4 266.0 1929.2 0.0214739330 -0.8913191557 -0.4528675377 0.0114373323 0.4531613588 -0.8913550973 0.9997040033 0.0139613030 0.0199254695
-54.5 263.4 1695.4 -0.3914034665 -0.8913191557 0.2288088351 -0.7535769343 0.4531613588 0.4762001038 -0.5281336308 0.0139613030 -0.8490465283
186.3 260.3 2101.5 -0.1794216931 0.8325524926 -0.5240841508 -0.8530480266 0.1336874068 0.5044172406 0.4900172949 0.5375723839 0.6862208247
136.2 22.4 2238.1 0.1739225090 0.8325524926 -0.5259346962 -0.9844536185 0.1336874068 -0.1139245033 -0.0245372728 0.5375723839 0.8428605199
10.6 -134.8 1927.1 0.8749019504 0.1343048811 0.4653050005 -0.1231506839 0.9908929467 -0.0544524230 -0.4683806598 -0.0096620955 0.8834739327
-42.7 -528.6 1930.9 0.8806466460 0.0727850124 0.4681493640 -0.0650886893 0.9973461032 -0.0326214544 -0.4692812860 -0.0017432540 0.8830469847
161.6 -137.0 2031.2 -0.3349381089 0.2764659822 0.9007680416 0.0710070506 0.9606732130 -0.2684492469 -0.9395607710 -0.0259530079 -0.3413971066
51.7 -518.7 2041.5 -0.3455513120 0.0040217438 0.9383912683 -0.1647881716 0.9841915369 -0.0648992956 -0.9238176942 -0.1770618111 -0.3394259214
45.1 455.0 1829.7 0 0 0 0 0 0 0 0 0
181.4 -233.4 2231.7 0 0 0 0 0 0 0 0 0
-70.5 -909.3 1931.6 0 0 0 0 0 0 0 0 0
50.2 -894.6 2109.1 0 0 0 0 0 0 0 0 0
90.3 511.6 1927.9 0 0.8058525920 0.0789066628 -0.5868350267 0.1343777925 0.9408496022 0.3110380173 0.5766664743 -0.3295083940 0.7475827932
69.5 263.7 2014.7 0.8058525920 0.0789066628 -0.5868350267 0.1343777925 0.9408496022 0.3110380173 0.5766664743 -0.3295083940 0.7475827932
77.7 66.0 1996.0 0.8028107882 -0.0414569713 -0.5947908163 -0.0228345487 0.9947100878 -0.1001520008 0.5957964063 0.0939848870 0.7976173759
-47.8 267.0 1927.7 0.0308238342 -0.8985050321 -0.4378797114 0.0013256454 0.4381242394 -0.8989134431 0.9995239377 0.0271274857 0.0146957682
-54.9 266.7 1695.3 -0.3834324181 -0.8985050321 0.2137015015 -0.7532541752 0.4381242394 0.4905663133 -0.5344040990 0.0271274857 -0.8447936773
186.7 260.3 2101.7 -0.1858324856 0.8290964365 -0.5273190141 -0.8527464271 0.1305330098 0.5057516098 0.4881494045 0.5436545014 0.6827517748
134.9 22.5 2237.9 0.1708198488 0.8290964365 -0.5323716998 -0.9850098491 0.1305330098 -0.1127685383 -0.0240039155 0.5436545014 0.8389658332
12.0 -130.3 1924.0 0.8783802390 0.1339457184 0.4588100910 -0.1217464507 0.9909675121 -0.0562241003 -0.4621968865 -0.0064723613 0.8867537379
-41.2 -524.1 1926.6 0.8814551830 0.0867635906 0.4642292559 -0.0912563354 0.9957447648 -0.0128299100 -0.4633670151 -0.0310548712 0.8856221437
160.0 -133.9 2032.2 -0.3245079219 0.2857444882 0.9016899467 0.0844232216 0.9582235813 -0.2732769847 -0.9421079159 -0.0125569720 -0.3350746036
46.4 -514.6 2037.2 -0.3202731311 -0.0604255721 0.9453961253 -0.1939506382 0.9810066819 -0.0030032799 -0.9272584915 -0.1843220592 -0.3259096742
40.0 453.2 1827.5 0 0 0 0 0 0 0 0 0
179.3 -233.5 2231.6 0 0 0 0 0 0 0 0 0
-74.4 -904.2 1938.5 0 0 0 0 0 0 0 0 0
69.5 -888.6 2107.5 0 0 0 0 0 0 0 0 0
81.3 525.1 1943.3 1 0.8036981225 0.0434013046 -0.5934523344 0.1127135903 0.9681761861 0.2234514952 0.5842644572 -0.2464776933 0.7732294202
69.6 264.6 2009.6 0.8036981225 0.0434013046 -0.5934523344 0.1127135903 0.9681761861 0.2234514952 0.5842644572 -0.2464776933 0.7732294202
80.4 67.0 1991.5 0.8043674827 -0.0540580004 -0.5916677117 -0.0105602294 0.9943939447 -0.1052098274 0.5940382481 0.0908755064 0.7992873192
-47.9 266.2 1922.8 0.0162483416 -0.9039318562 -0.4273678064 -0.0671954304 0.4254707396 -0.9024740458 0.9976075292 0.0433808714 -0.0538268946
-51.7 282.0 1687.8 -0.3780368268 -0.9039318562 0.1999885291 -0.7474606633 0.4254707396 0.5101736784 -0.5462514758 0.0433808714 -0.8364970684
187.1 263.1 2096.4 -0.1737802923 0.8285722733 -0.5322296619 -0.8534206152 0.1429715455 0.5012308359 0.4913996756 0.5413198471 0.6822749972
138.6 25.0 2233.5 0.1834402829 0.8285722733 -0.5289779902 -0.9828020334 0.1429715455 -0.1168729737 -0.0212089047 0.5413198471 0.8405492306
12.4 -129.5 1922.7 0.8769350648 0.1374064535 0.4605478644 -0.1265449673 0.9904597402 -0.0545520782 -0.4636498988 -0.0104413806 0.8859569430
-42.2 -523.2 1926.8 0.8795739412 0.0781143084 0.4693057537 -0.0976949483 0.9950629473 0.0174753331 -0.4656237066 -0.0612196475 0.8828628063
159.6 -133.7 2031.9 -0.3258415461 0.2871009707 0.9007776380 0.0834482834 0.9577910900 -0.2750865519 -0.9417343736 -0.0144662792 -0.3360461891
45.5 -514.3 2037.7 -0.3238750994 -0.0515414290 0.9446948767 -0.1866276860 0.9823758006 -0.0103853727 -0.9275101423 -0.1796697825 -0.3277861178
44.2 471.6 1826.4 0 0 0 0 0 0 0 0 0
186.3 -230.4 2227.9 0 0 0 0 0 0 0 0 0
-72.1 -903.0 1950.2 0 0 0 0 0 0 0 0 0
65.2 -889.3 2106.3 0 0 0 0 0 0 0 0 0
77.1 530.9 1952.5 2 0.8609260321 0.0424707681 -0.5069542527 0.0461835638 0.9858695269 0.1610229462 0.5066295266 -0.1620417982 0.8467992544
65.3 255.6 1997.8 0.8609260321 0.0424707681 -0.5069542527 0.0461835638 0.9858695269 0.1610229462 0.5066295266 -0.1620417982 0.8467992544
76.4 58.0 1981.0 0.8611970544 -0.0555292889 -0.5052288175 0.0050736968 0.9949038625 -0.1007006094 0.5082458854 0.0841596872 0.8570899963
-59.9 254.9 1924.0 -0.0392327942 -0.9084411860 -0.4161675274 -0.1518778950 0.4170705080 -0.8960944414 0.9876202941 0.0280503575 -0.1543349773
-50.5 291.3 1687.4 -0.3579329848 -0.9084411860 0.2159134001 -0.7414594889 0.4170705080 0.5256329775 -0.5675577521 0.0280503575 -0.8228555918
190.4 256.3 2071.6 -0.1119925827 0.8782474995 -0.4649075270 -0.8500461578 0.1576402336 0.5025644898 0.5146641135 0.4514763653 0.7288963795
159.2 19.7 2214.9 0.1908622533 0.8782474995 -0.4384666085 -0.9811977744 0.1576402336 -0.1113573685 -0.0286793541 0.4514763653 0.8918220401
17.4 -129.6 1919.0 0.8232212067 0.1522491574 0.5469250679 -0.1439502686 0.9878647327 -0.0583236143 -0.5491676927 -0.0307167787 0.8351475000
-43.1 -522.1 1931.2 0.8284987211 0.0708513185 0.5554907322 -0.0882253051 0.9960902333 0.0045369780 -0.5529974103 -0.0527672172 0.8315103650
164.9 -131.5 2028.0 -0.4115260839 0.3035548627 0.8593606353 0.1019564793 0.9523184896 -0.2875662744 -0.9056771994 -0.0307236407 -0.4228532910
44.3 -509.9 2040.2 -0.4180888534 -0.0370412171 0.9076506495 -0.1829116791 0.9821364880 -0.0441731662 -0.8898005486 -0.1844882071 -0.4173955619
40.3 479.4 1831.4 0 0 0 0 0 0 0 0 0
208.8 -235.2 2207.4 0 0 0 0 0 0 0 0 0
-70.2 -902.5 1951.4 0 0 0 0 0 0 0 0 0
58.4 -884.9 2110.6 0 0 0 0 0 0 0 0 0
73.4 534.6 1956.2 3 0.8736103773 0.0361201242 -0.4852836728 0.0247085355 0.9926626682 0.1183652654 0.4859983325 -0.1153957769 0.8663079143
63.1 251.2 1989.1 0.8736103773 0.0361201242 -0.4852836728 0.0247085355 0.9926626682 0.1183652654 0.4859983325 -0.1153957769 0.8663079143
74.4 53.3 1975.6 0.8736975193 -0.0562176406 -0.4832102954 0.0160840619 0.9960954189 -0.0868059471 0.4862035811 0.0680701584 0.8711903095
-64.1 248.9 1918.3 -0.0626385137 -0.9136582017 -0.4016280472 -0.2019548714 0.4056968093 -0.8914170265 0.9773896933 0.0252736993 -0.2099299729
-49.4 296.5 1687.8 -0.3436000049 -0.9136582017 0.2171812803 -0.7375997901 0.4056968093 0.5397746563 -0.5812792778 0.0252736993 -0.8133115172
190.4 253.5 2059.9 -0.0967954919 0.8888091445 -0.4479385018 -0.8404775262 0.1680758893 0.5151194334 0.5331305265 0.4263435006 0.7307551503
163.4 19.4 2208.4 0.1932357103 0.8888091445 -0.4155457020 -0.9810202718 0.1680758893 -0.0966939703 -0.0160992760 0.4263435006 0.9044180512
8.9 -140.2 1917.9 0.8124584556 0.1341191679 0.5673828125 -0.1312414855 0.9902755022 -0.0461534522 -0.5680553913 -0.0369663984 0.8221597075
-44.4 -533.6 1932.6 0.8177295327 0.0671074018 0.5716773272 -0.0735066235 0.9972235560 -0.0119167650 -0.5708897710 -0.0322773792 0.8203920126
166.0 -139.3 2010.6 -0.4412783980 0.3064401150 0.8434262872 0.0636933371 0.9482117891 -0.3111873865 -0.8951070309 -0.0835996345 -0.4379435480
44.4 -515.5 2043.8 -0.4450138509 -0.0321168639 0.8949475884 -0.1557105780 0.9869089723 -0.0420102142 -0.8818825483 -0.1580479294 -0.4441891313
38.1 484.4 1835.9 0 0 0 0 0 0 0 0 0
213.6 -235.5 2204.2 0 0 0 0 0 0 0 0 0
-70.0 -914.5 1945.0 0 0 0 0 0 0 0 0 0
56.7 -892.4 2104.2 0 0 0 0 0 0 0 0 0
72.1 535.6 1959.0 4 0.8943020105 0.0489880256 -0.4447742403 -0.0035315766 0.9947308302 0.1024600789 0.4474499822 -0.0900594965 0.8897627592
58.1 250.2 1984.8 0.8943020105 0.0489880256 -0.4447742403 -0.0035315766 0.9947308302 0.1024600789 0.4474499822 -0.0900594965 0.8897627592
72.9 52.3 1974.8 0.8937069178 -0.0739536285 -0.4425142407 0.0439209603 0.9960049391 -0.0777505264 0.4464962780 0.0500505269 0.8933845758
-72.1 243.8 1919.8 -0.1028154194 -0.9123333097 -0.3963293135 -0.2357489616 0.4094386399 -0.8813526034 0.9663598537 0.0028175863 -0.2571782172
-47.4 300.6 1687.0 -0.3301036656 -0.9123333097 0.2422385216 -0.7314488292 0.4094386399 0.5452913046 -0.5966692567 0.0028175863 -0.8024823070
188.3 256.5 2049.8 -0.0556713641 0.9029754996 -0.4260703027 -0.8305068016 0.1949912757 0.5217632055 0.5542193651 0.3829015493 0.7390719056
172.7 25.2 2204.1 0.2130592614 0.9029754996 -0.3731500506 -0.9770269990 0.1949912757 -0.0860037580 -0.0048982892 0.3829015493 0.9237761497
5.7 -146.0 1917.6 0.7885135412 0.1295921952 0.6012089849 -0.1332325339 0.9903278947 -0.0387271345 -0.6004127264 -0.0495637245 0.7981528640
-45.8 -539.5 1937.3 0.7966653109 0.0640608072 0.6010162830 -0.0499224886 0.9979439378 -0.0401945561 -0.6023554206 0.0020173816 0.7982254624
165.5 -143.1 2006.5 -0.4742916822 0.3191308677 0.8204894066 0.0582088009 0.9413132071 -0.3324773610 -0.8784413338 -0.1099315360 -0.4650332332
38.8 -516.8 2050.1 -0.4689074755 -0.0734590292 0.8801872134 -0.1343082488 0.9908769131 0.0111461682 -0.8729760051 -0.1129898801 -0.4744957685
36.9 487.3 1839.2 0 0 0 0 0 0 0 0 0
228.1 -228.6 2202.9 0 0 0 0 0 0 0 0 0
-70.2 -920.6 1936.5 0 0 0 0 0 0 0 0 0
66.8 -894.6 2093.2 0 0 0 0 0 0 0 0 0
71.3 539.8 1963.4 5 0.8808840513 0.0424595699 -0.4714238346 -0.0072311200 0.9970594645 0.0762900263 0.4732768238 -0.0637937486 0.8786008358
59.0 252.1 1981.8 0.8808840513 0.0424595699 -0.4714238346 -0.0072311200 0.9970594645 0.0762900263 0.4732768238 -0.0637937486 0.8786008358
75.1 54.2 1976.7 0.8795971274 -0.0809156522 -0.4687873423 0.0594812483 0.9964017272 -0.0603790991 0.4719861150 0.0252252240 0.8812450171
-69.2 243.4 1913.0 -0.1047783270 -0.9131131172 -0.3940126300 -0.2483743280 0.4076651633 -0.8787031770 0.9629806280 0.0057935663 -0.2695083320
-43.8 303.6 1679.9 -0.3272702098 -0.9131131172 0.2431432754 -0.7244171500 0.4076651633 0.5559036732 -0.6067240238 0.0057935663 -0.7948914766
187.3 260.8 2050.6 -0.0684187710 0.8899039030 -0.4509877264 -0.8178919554 0.2088237554 0.5361393094 0.5712894201 0.4055412114 0.7135577798
168.2 32.9 2209.7 0.2180079818 0.8899039030 -0.4006788731 -0.9756518602 0.2088237554 -0.0670532286 0.0240003392 0.4055412114 0.9137616158
5.9 -149.5 1923.9 0.8088993430 0.1308280230 0.5732066631 -0.1268573701 0.9908011556 -0.0471203774 -0.5740984678 -0.0345998444 0.8180549145
-46.0 -543.2 1937.7 0.8134251237 0.0674419254 0.5777466297 -0.0758533403 0.9970728159 -0.0095950384 -0.5767025352 -0.0360191651 0.8161597848
169.4 -141.5 2005.5 -0.4433596730 0.3232637346 0.8360219598 0.0489288568 0.9400399923 -0.3375363052 -0.8950073719 -0.1087443829 -0.4325927496
41.0 -514.9 2048.7 -0.4429595768 -0.0451746695 0.8954027295 -0.1444845796 0.9892719984 -0.0215665977 -0.8848226070 -0.1389250159 -0.4447345436
40.4 490.1 1836.1 0 0 0 0 0 0 0 0 0
224.9 -220.5 2216.0 0 0 0 0 0 0 0 0 0
-71.8 -923.8 1951.4 0 0 0 0 0 0 0 0 0
58.2 -892.2 2101.7 0 0 0 0 0 0 0 0 0
70.2 543.0 1960.6 6 0.8953669071 0.0501413681 -0.4424973428 -0.0203735065 0.9972128272 0.0717741102 0.4448628724 -0.0552489385 0.8938929439
55.3 246.2 1977.0 0.8953669071 0.0501413681 -0.4424973428 -0.0203735065 0.9972128272 0.0717741102 0.4448628724 -0.0552489385 0.8938929439
73.8 48.5 1974.6 0.8932597637 -0.0927937031 -0.4398594499 0.0780793652 0.9956173301 -0.0514752232 0.4427082837 0.0116367983 0.8965901732
-75.0 234.9 1912.5 -0.1408379227 -0.9124000072 -0.3843057454 -0.2841644287 0.4090958238 -0.8671165705 0.9483750463 -0.0129168788 -0.3168878257
-39.8 305.8 1675.6 -0.3162787557 -0.9124000072 0.2597960532 -0.7247202396 0.4090958238 0.5544557571 -0.6121668816 -0.0129168788 -0.7906230688
185.6 257.6 2041.5 -0.0396723002 0.8995423913 -0.4350282848 -0.8089974523 0.2266178876 0.5423720479 0.5864718556 0.3734539151 0.7187370658
174.5 32.2 2205.0 0.2313626558 0.8995423913 -0.3705331683 -0.9723168015 0.2266178876 -0.0569595173 0.0327319466 0.3734539151 0.9270710945
10.6 -149.1 1928.5 0.7917575836 0.1433759034 0.5937704444 -0.1274090111 0.9894455075 -0.0690259859 -0.5974001288 -0.0209998488 0.8016683459
-46.3 -542.3 1936.9 0.7973830104 0.0608568639 0.6003971696 -0.0628257617 0.9978674054 -0.0177064259 -0.6001943350 -0.0236016046 0.7995059490
171.7 -138.2 2014.9 -0.4560103118 0.3309869468 0.8261369467 0.0758661479 0.9393484592 -0.3344679773 -0.8867349625 -0.0898450166 -0.4534632862
40.2 -511.4 2050.6 -0.4541845024 -0.0568376146 0.8890927434 -0.1347778291 0.9908605218 -0.0055065700 -0.8806539774 -0.1223309934 -0.4576939344
42.0 493.3 1834.0 0 0 0 0 0 0 0 0 0
234.6 -220.4 2213.5 0 0 0 0 0 0 0 0 0
-69.6 -923.3 1945.9 0 0 0 0 0 0 0 0 0
61.9 -889.6 2097.3 0 0 0 0 0 0 0 0 0
72.3 546.0 1959.7 7 0.9080967903 0.0412310772 -0.4167256057 -0.0183522850 0.9981033802 0.0587610342 0.4183579981 -0.0457128398 0.9071311355
59.8 244.4 1973.5 0.9080967903 0.0412310772 -0.4167256057 -0.0183522850 0.9981033802 0.0587610342 0.4183579981 -0.0457128398 0.9071311355
74.7 46.4 1974.2 0.9066311717 -0.0746022388 -0.4152763188 0.0692785233 0.9972072840 -0.0278942697 0.4161975384 -0.0034799154 0.9092675447
-72.5 234.4 1912.8 -0.1334656179 -0.9175398350 -0.3745765090 -0.3039779067 0.3976402879 -0.8657249212 0.9432837963 -0.0016815260 -0.3319831491
-39.4 309.7 1678.8 -0.3115565777 -0.9175398350 0.2470893115 -0.7215197682 0.3976402879 0.5668257475 -0.6183378696 -0.0016815260 -0.7859105468
192.1 254.5 2034.2 -0.0373561159 0.9136058092 -0.4048813879 -0.7977196574 0.2167633772 0.5627228022 0.6018702984 0.3440029919 0.7207038999
181.7 32.1 2202.0 0.2149165869 0.9136058092 -0.3451597989 -0.9756410122 0.2167633772 -0.0337384045 0.0439944044 0.3440029919 0.9379373193
10.4 -156.4 1931.8 0.7756036520 0.1483113915 0.6135492921 -0.1305082738 0.9886808395 -0.0740118995 -0.6175812483 -0.0226693675 0.7861803174
-48.5 -549.3 1940.8 0.7833979130 0.0443491116 0.6199361682 -0.0354446210 0.9990155101 -0.0266772751 -0.6205089688 -0.0010744814 0.7841985822
174.0 -142.1 2012.8 -0.4796168804 0.3307171762 0.8127692342 0.0682608634 0.9375111461 -0.3411939740 -0.8748189211 -0.1081620678 -0.4722212255
42.7 -514.6 2055.8 -0.4832392633 -0.0199501738 0.8752610087 -0.1019197553 0.9942247272 -0.0336090252 -0.8695356250 -0.1054475829 -0.4824817479
41.0 495.9 1838.4 0 0 0 0 0 0 0 0 0
237.5 -221.3 2213.4 0 0 0 0 0 0 0 0 0
-65.4 -930.8 1941.2 0 0 0 0 0 0 0 0 0
50.3 -894.0 2096.0 0 0 0 0 0 0 0 0 0
73.8 548.9 1958.7 8 0.9114283323 0.0479699895 -0.4086529911 -0.0252899677 0.9978340268 0.0607265644 0.4106808901 -0.0450130925 0.9106673598
59.0 241.4 1972.6 0.9114283323 0.0479699895 -0.4086529911 -0.0252899677 0.9978340268 0.0607265644 0.4106808901 -0.0450130925 0.9106673598
73.4 43.2 1972.6 0.9103265405 -0.0721087083 -0.4075609744 0.0657825992 0.9973967671 -0.0295350812 0.4086297452 0.0000761482 0.9127002358
-73.9 231.8 1912.9 -0.1473060101 -0.9188099504 -0.3661819398 -0.3139534295 0.3945101500 -0.8635942340 0.9379414320 -0.0122485328 -0.3465772569
-37.2 310.0 1679.4 -0.3023339510 -0.9188099504 0.2537370026 -0.7234039903 0.3945101500 0.5666113496 -0.6207099557 -0.0122485328 -0.7839446068
191.9 251.0 2032.2 -0.0344300233 0.9170691371 -0.3972389698 -0.7992936373 0.2133403569 0.5617967248 0.5999535322 0.3368532658 0.7256621718
182.3 28.1 2199.6 0.2127046734 0.9170691371 -0.3372550309 -0.9763274789 0.2133403569 -0.0356452949 0.0392609090 0.3368532658 0.9407382607
6.5 -158.0 1936.8 0.7727169394 0.1445948929 0.6180621982 -0.1121966168 0.9894902706 -0.0912190005 -0.6247563362 0.0011419769 0.7808189392
-50.9 -551.1 1936.3 0.7751485109 0.0311431307 0.6310110092 -0.0637619942 0.9975409508 0.0290937293 -0.6285532713 -0.0627864823 0.7752281427
172.6 -145.4 2013.0 -0.4837983549 0.3419338167 0.8056180477 0.0806490332 0.9340192080 -0.3479997516 -0.8714556098 -0.1033893898 -0.4794535935
36.8 -516.5 2054.1 -0.4781373441 -0.0776148587 0.8748489022 -0.1294675618 0.9914344549 0.0171992779 -0.8686903119 -0.1050409451 -0.4840904772
40.9 496.7 1839.7 0 0 0 0 0 0 0 0 0
237.6 -225.6 2209.8 0 0 0 0 0 0 0 0 0
-62.8 -931.5 1960.3 0 0 0 0 0 0 0 0 0
66.4 -894.5 2094.2 0 0 0 0 0 0 0 0 0
76.7 545.2 1944.2 9 0.8957271576 0.0611809865 -0.4403745830 -0.0163617134 0.9943518639 0.1048648059 0.4443030357 -0.0867249742 0.8916689754
58.0 241.0 1970.8 0.8957271576 0.0611809865 -0.4403745830 -0.0163617134 0.9943518639 0.1048648059 0.4443030357 -0.0867249742 0.8916689754
74.6 43.0 1970.4 0.8947097659 -0.0835735425 -0.4387594461 0.0740879774 0.9964993000 -0.0387313329 0.4404603839 0.0021465044 0.8977694511
-72.6 230.2 1906.5 -0.1568032503 -0.9197835922 -0.3597373068 -0.3043672144 0.3915185928 -0.8683742285 0.9395601749 -0.0266716592 -0.3413433433
-33.7 305.6 1673.8 -0.2952999175 -0.9197835922 0.2584494948 -0.7352972031 0.3915185928 0.5532189608 -0.6100295186 -0.0266716592 -0.7919296622
188.6 251.8 2035.1 -0.0460851379 0.9022430182 -0.4287583232 -0.8026926517 0.2220394611 0.5535187125 0.5946096778 0.3696701229 0.7139911056
175.7 27.9 2200.9 0.2223705053 0.9022430182 -0.3694711030 -0.9740433693 0.2220394611 -0.0440222770 0.0423183739 0.3696701229 0.9281988740
4.3 -160.9 1935.1 0.7937382460 0.1347354501 0.5931491256 -0.1115978062 0.9908629656 -0.0757396743 -0.5979343653 -0.0060766679 0.8015220165
-49.2 -554.6 1937.5 0.7956390381 0.0543180183 0.6033307910 -0.0828548223 0.9963696599 0.0195609219 -0.6000779867 -0.0655523017 0.7972511053
171.2 -148.9 2010.0 -0.4604320228 0.3290984929 0.8244370818 0.0613828115 0.9383196235 -0.3402769566 -0.8855701685 -0.1060681492 -0.4522334039
40.4 -521.7 2052.2 -0.4585588276 -0.0565591305 0.8868623376 -0.1440727264 0.9895015359 -0.0113890003 -0.8769075274 -0.1329952031 -0.4618933201
42.7 496.0 1831.8 0 0 0 0 0 0 0 0 0
233.5 -225.2 2211.9 0 0 0 0 0 0 0 0 0
-69.9 -934.8 1962.6 0 0 0 0 0 0 0 0 0
62.0 -899.2 2102.9 0 0 0 0 0 0 0 0 0
79.6 540.7 1936.5 0 0.8643149734 0.0495760739 -0.5005016327 0.0155426031 0.9920220375 0.1251030117 0.5027107596 -0.1159075052 0.8566489220
64.7 242.5 1971.3 0.8643149734 0.0495760739 -0.5005016327 0.0155426031 0.9920220375 0.1251030117 0.5027107596 -0.1159075052 0.8566489220
78.1 44.2 1970.1 0.8639651537 -0.0671455413 -0.4990548193 0.0551583245 0.9977254272 -0.0387491398 0.5005215406 0.0059508770 0.8657036424
-61.1 234.4 1898.4 -0.1211670786 -0.9283992648 -0.3512738943 -0.2721805573 0.3713920414 -0.8876855969 0.9545869827 -0.0119483471 -0.2976927161
-32.1 299.7 1669.5 -0.2893633544 -0.9283992648 0.2331172675 -0.7427703738 0.3713920414 0.5570997596 -0.6037888527 -0.0119483471 -0.7970547080
190.5 250.5 2044.3 -0.0992062241 0.8788223863 -0.4667218924 -0.8073471785 0.2030921429 0.5540254116 0.5816774964 0.4317693710 0.6893667579
162.9 25.6 2206.3 0.2028293908 0.8788223863 -0.4318928719 -0.9780749083 0.2030921429 -0.0460771844 0.0472203828 0.4317693710 0.9007471800
9.3 -161.7 1929.7 0.8281441331 0.1477685869 0.5406863689 -0.1351785809 0.9888041019 -0.0631916076 -0.5439706445 -0.0207574647 0.8388474584
-49.4 -554.6 1937.9 0.8325905204 0.0451234505 0.5520479083 -0.0730298162 0.9969179630 0.0286561269 -0.5490534306 -0.0641747788 0.8333198428
173.2 -148.2 2010.4 -0.4132825434 0.3421565294 0.8438758254 0.0365697704 0.9322109818 -0.3600629568 -0.9098682404 -0.1179473922 -0.3977791369
37.3 -518.6 2057.2 -0.4057564735 -0.0805891082 0.9104213715 -0.1151708513 0.9926733971 0.0365406051 -0.9066958427 -0.0900274143 -0.4120651484
43.0 492.4 1826.1 0 0 0 0 0 0 0 0 0
215.6 -228.5 2218.5 0 0 0 0 0 0 0 0 0
-66.6 -935.3 1962.4 0 0 0 0 0 0 0 0 0
68.0 -897.1 2091.6 0 0 0 0 0 0 0 0 0
81.5 529.1 1932.6 1 0.8270967603 0.0506831892 -0.5597696900 0.0452644750 0.9866847992 0.1562185884 0.5602338910 -0.1545455754 0.8137896657
66.9 245.8 1977.0 0.8270967603 0.0506831892 -0.5597696900 0.0452644750 0.9866847992 0.1562185884 0.5602338910 -0.1545455754 0.8137896657
80.1 47.5 1974.4 0.8270788789 -0.0660690814 -0.5581894517 0.0475768968 0.9977328181 -0.0475993305 0.5600687265 0.0128114773 0.8283470869
-53.4 238.9 1895.5 -0.0879359692 -0.9347807765 -0.3441687524 -0.2419006377 0.3552041948 -0.9029474258 0.9663081169 0.0038530813 -0.2573592961
-33.0 295.0 1671.5 -0.2915619612 -0.9347807765 0.2029199153 -0.7610088587 0.3552041948 0.5428586602 -0.5795318484 0.0038530813 -0.8149405122
187.3 252.7 2058.5 -0.1403311640 0.8468168378 -0.5130383968 -0.8140523434 0.1962670684 0.5466241837 0.5635830760 0.4943485260 0.6618108749
148.2 26.0 2215.5 0.1977047920 0.8468168378 -0.4937752783 -0.9789850712 0.1962670684 -0.0553850681 0.0500108190 0.4943485260 0.8678239584
12.5 -159.0 1923.0 0.8608539701 0.1556869000 0.4844502509 -0.1499925554 0.9873821735 -0.0507808104 -0.4862434566 -0.0289490689 0.8733437061
-49.4 -551.4 1934.5 0.8648767471 0.0404862389 0.5003489256 -0.0901940688 0.9930544496 0.0755506977 -0.4938149750 -0.1104705483 0.8625212908
170.5 -148.9 2014.6 -0.3569206297 0.3269493580 0.8750495911 0.0255967751 0.9398201704 -0.3407093585 -0.9337839484 -0.0992077515 -0.3438100517
40.6 -522.3 2054.0 -0.3521870077 -0.0588107184 0.9340800643 -0.1113044322 0.9935730100 0.0205900613 -0.9292876720 -0.0967157036 -0.3564694226
42.6 492.4 1821.8 0 0 0 0 0 0 0 0 0
199.6 -228.4 2228.5 0 0 0 0 0 0 0 0 0
-64.9 -930.3 1976.7 0 0 0 0 0 0 0 0 0
63.0 -901.5 2090.9 0 0 0 0 0 0 0 0 0
85.0 517.5 1925.2 2 0.8354163170 0.0792528093 -0.5438736081 0.0329859406 0.9805355668 0.1935508251 0.5486268997 -0.1796357036 0.8165411949
63.1 246.4 1974.9 0.8354163170 0.0792528093 -0.5438736081 0.0329859406 0.9805355668 0.1935508251 0.5486268997 -0.1796357036 0.8165411949
77.6 48.2 1972.5 0.8354870081 -0.0728088692 -0.5446653366 0.0546707436 0.9972791672 -0.0494506769 0.5467838645 0.0115381368 0.8371942639
-58.7 238.4 1895.2 -0.1210749522 -0.9299079180 -0.3472924829 -0.2276553959 0.3665536344 -0.9021149874 0.9661852121 -0.0301605221 -0.2560790181
-31.0 290.6 1673.7 -0.2946703732 -0.9299079180 0.2200922519 -0.7915931344 0.3665536344 0.4888954461 -0.5353033543 -0.0301605221 -0.8441212177
184.9 254.3 2054.6 -0.1260142028 0.8531481028 -0.5062201023 -0.8131195307 0.2034953237 0.5453680158 0.5682930946 0.4803415537 0.6680680513
149.8 27.7 2213.0 0.2053743899 0.8531481028 -0.4795411527 -0.9774400592 0.2034953237 -0.0565738976 0.0493184626 0.4803415537 0.8756938577
17.8 -155.0 1920.7 0.8508192301 0.1649680436 0.4988909364 -0.1657180190 0.9852280021 -0.0431658737 -0.4986423254 -0.0459488593 0.8655891418
-47.8 -546.5 1938.9 0.8593670130 0.0645192564 0.5072727203 -0.0816369206 0.9965952635 0.0115450444 -0.5048007369 -0.0513336137 0.8617082238
168.9 -146.4 2023.0 -0.3610439897 0.3275975287 0.8731134534 0.0522632822 0.9419023395 -0.3317959607 -0.9310831428 -0.0741611645 -0.3571895063
38.7 -520.5 2052.5 -0.3499744833 -0.0926134735 0.9321698546 -0.1323083341 0.9900121689 0.0486863293 -0.9273685217 -0.1062948629 -0.3587325513
46.0 497.2 1813.4 0 0 0 0 0 0 0 0 0
203.1 -226.3 2225.8 0 0 0 0 0 0 0 0 0
-72.4 -926.3 1958.5 0 0 0 0 0 0 0 0 0
74.1 -898.4 2093.0 0 0 0 0 0 0 0 0 0
89.5 503.3 1917.0 3 0.8456014991 0.1114355400 -0.5220538974 0.0343470871 0.9645839334 0.2615302503 0.5327085853 -0.2390813977 0.8118261099
60.3 250.1 1979.7 0.8456014991 0.1114355400 -0.5220538974 0.0343470871 0.9645839334 0.2615302503 0.5327085853 -0.2390813977 0.8118261099
76.4 52.2 1973.9 0.8458967209 -0.0812431276 -0.5271226764 0.0535215400 0.9962716699 -0.0676626712 0.5306544900 0.0290232170 0.8470911980
-63.1 242.3 1902.3 -0.1238168404 -0.9142694473 -0.3857211471 -0.1252073497 0.3999998868 -0.9079224467 0.9843741655 -0.0641209707 -0.1639999747
-33.9 271.9 1669.9 -0.3152270615 -0.9142694473 0.2544470727 -0.8018720150 0.3999998868 0.4438483715 -0.5075758100 -0.0641209707 -0.8592178226
183.7 258.0 2057.2 -0.1076356992 0.8609211445 -0.4972215593 -0.8229314685 0.2034755498 0.5304540992 0.5578515530 0.4662750661 0.6865778565
153.7 28.6 2212.7 0.2147329301 0.8609211445 -0.4611989856 -0.9762262106 0.2034755498 -0.0746998712 0.0295320190 0.4662750661 0.8841467500
15.6 -155.0 1920.2 0.8401865959 0.1555703431 0.5195038915 -0.1612249911 0.9863105416 -0.0346130058 -0.5177769065 -0.0546756275 0.8537667394
-46.2 -546.9 1941.9 0.8486385345 0.0807288736 0.5227767229 -0.0867096931 0.9961478710 -0.0130700367 -0.5218180418 -0.0342380740 0.8523694277
168.6 -145.0 2020.3 -0.3820694685 0.3203860819 0.8668193221 0.0585286058 0.9444864988 -0.3232949972 -0.9222783446 -0.0727874190 -0.3796111941
41.3 -520.2 2049.2 -0.3801281452 -0.0469540283 0.9237412810 -0.1342853904 0.9909306169 -0.0048904056 -0.9151338935 -0.1259039342 -0.3829858601
48.7 482.0 1802.9 0 0 0 0 0 0 0 0 0
209.5 -225.1 2220.4 0 0 0 0 0 0 0 0 0
-77.0 -926.9 1955.0 0 0 0 0 0 0 0 0 0
59.2 -898.2 2097.2 0 0 0 0 0 0 0 0 0
92.7 491.0 1903.4 4 0.8609099984 0.1512854397 -0.4857434630 0.0217963271 0.9429202676 0.3323045671 0.5082901716 -0.2966717482 0.8084719777
54.7 253.8 1978.0 0.8609099984 0.1512854397 -0.4857434630 0.0217963271 0.9429202676 0.3323045671 0.5082901716 -0.2966717482 0.8084719777
76.0 56.4 1973.4 0.8622696400 -0.1075039580 -0.4949080646 0.0819459558 0.9939499497 -0.0731328651 0.4997759163 0.0225045308 0.8658623695
-71.1 241.8 1905.1 -0.1431958079 -0.8930056095 -0.4266566634 -0.0684367940 0.4390020370 -0.8958758712 0.9873253703 -0.0990866646 -0.1239776984
-37.7 257.8 1674.6 -0.3480380774 -0.8930056095 0.2853251696 -0.8132366538 0.4390020370 0.3819991052 -0.4663856626 -0.0990866646 -0.8790143728
180.4 265.8 2050.9 -0.0652357265 0.8709782362 -0.4869714677 -0.8196923137 0.2315356880 0.5239234567 0.5690771937 0.4333452880 0.6988297701
162.2 37.4 2209.5 0.2425052524 0.8709782362 -0.4273032844 -0.9696648717 0.2315356880 -0.0783665255 0.0306804255 0.4333452880 0.9007055759
15.1 -150.6 1919.5 0.8233489394 0.1516302675 0.5469046831 -0.1593459994 0.9866487980 -0.0336593576 -0.5447066426 -0.0594336763 0.8365179896
-45.2 -542.7 1943.2 0.8313908577 0.0876997560 0.5487239957 -0.0908014774 0.9956358075 -0.0215508994 -0.5482192636 -0.0319077298 0.8357257247
170.0 -140.8 2016.7 -0.4121383429 0.3249420226 0.8512077928 0.0497301742 0.9408719540 -0.3350922465 -0.9097630978 -0.0957736596 -0.4039288461
40.9 -514.6 2054.8 -0.4109842181 -0.0371416323 0.9108855724 -0.0904960185 0.9958968163 -0.0002230815 -0.9071397185 -0.0825231969 -0.4126590192
53.2 470.1 1796.3 0 0 0 0 0 0 0 0 0
225.2 -214.4 2217.4 0 0 0 0 0 0 0 0 0
-78.7 -922.9 1955.3 0 0 0 0 0 0 0 0 0
55.1 -894.4 2086.3 0 0 0 0 0 0 0 0 0
96.9 476.4 1883.1 5 0.8710774779 0.1613803357 -0.4638754725 0.0558878854 0.9057727456 0.4200622737 0.4879555404 -0.3918317854 0.7799789906
57.0 252.6 1979.9 0.8710774779 0.1613803357 -0.4638754725 0.0558878854 0.9057727456 0.4200622737 0.4879555404 -0.3918317854 0.7799789906
73.9 54.8 1973.4 0.8711987138 -0.0853713080 -0.4834506512 0.0589217842 0.9958283901 -0.0696711987 0.4873817861 0.0322116874 0.8725946546
-70.1 244.0 1908.7 -0.1073592603 -0.8766073585 -0.4690773487 0.0380680971 0.4678338170 -0.8829962611 0.9934912324 -0.1126547009 -0.0168555193
-45.1 235.1 1676.8 -0.3841837347 -0.8766073585 0.2897627056 -0.8213843703 0.4678338170 0.3262809515 -0.4215810895 -0.1126547009 -0.8997656703
184.1 261.2 2051.0 -0.0748295709 0.8821123838 -0.4650572538 -0.8226291537 0.2089915425 0.5287758112 0.5636327267 0.4221377075 0.7100126147
163.2 31.9 2208.1 0.2216146141 0.8821123838 -0.4156496823 -0.9749377966 0.2089915425 -0.0762815922 0.0195783302 0.4221377075 0.9063202739
18.5 -148.6 1923.1 0.8127821088 0.1601099521 0.5601339340 -0.1648176014 0.9854074717 -0.0425126031 -0.5587668419 -0.0577664487 0.8273105025
-45.2 -540.2 1946.0 0.8249909878 0.0755570307 0.5600723028 -0.0622050501 0.9971413612 -0.0428916700 -0.5617120266 0.0005459139 0.8273326159
176.4 -133.5 2014.6 -0.4253565967 0.3425818682 0.8376809955 0.0639058650 0.9346468449 -0.3497874439 -0.9027667642 -0.0952516720 -0.4194512069
40.2 -504.8 2052.4 -0.4215849638 -0.0589408912 0.9048713446 -0.1139924675 0.9934139252 0.0115985470 -0.8995953798 -0.0982587412 -0.4255271554
55.0 449.1 1786.6 0 0 0 0 0 0 0 0 0
220.8 -221.3 2213.2 0 0 0 0 0 0 0 0 0
-74.0 -920.8 1945.8 0 0 0 0 0 0 0 0 0
62.7 -884.0 2089.9 0 0 0 0 0 0 0 0 0
102.6 460.3 1865.4 6 0.8545212746 0.1913115829 -0.4829009175 0.0864058062 0.8643878698 0.4953459501 0.5121791363 -0.4650090635 0.7221074104
56.9 253.9 1976.5 0.8545212746 0.1913115829 -0.4829009175 0.0864058062 0.8643878698 0.4953459501 0.5121791363 -0.4650090635 0.7221074104
74.4 56.1 1976.9 0.8540125489 -0.0887458250 -0.5126273036 0.0771781281 0.9960520864 -0.0438610502 0.5144959688 -0.0021057301 0.8574901819
-67.7 242.6 1901.4 -0.0613553487 -0.8646633029 -0.4985908866 0.1475189477 0.4861902893 -0.8613113165 0.9871543050 -0.1263976544 0.0977238491
-54.2 210.0 1683.5 -0.4214355648 -0.8646633029 0.2734033763 -0.8389897346 0.4861902893 0.2443670630 -0.3442212939 -0.1263976544 -0.9303414822
181.5 265.2 2051.5 -0.0924499258 0.8667009473 -0.4901861548 -0.8048346043 0.2248066962 0.5492751598 0.5862544179 0.4452992380 0.6767675877
155.7 40.9 2214.9 0.2226693183 0.8667009473 -0.4463718534 -0.9731724262 0.2248066962 -0.0489624776 0.0579115562 0.4452992380 0.8935070634
11.1 -148.4 1922.4 0.8351171017 0.1419530660 0.5314402580 -0.1569609046 0.9874566197 -0.0171077568 -0.5272026658 -0.0691283643 0.8469229937
-45.3 -540.7 1949.8 0.8491132259 0.0689648986 0.5236893892 -0.0400284305 0.9969903827 -0.0663917884 -0.5266919732 0.0354116783 0.8493182659
170.7 -137.6 2011.7 -0.3921385705 0.3245393336 0.8607563972 0.0410013422 0.9409365058 -0.3360912502 -0.9189919829 -0.0965021774 -0.3822840452
41.7 -511.4 2050.0 -0.3881123364 -0.0574991778 0.9198166728 -0.1383365393 0.9903789759 0.0035396845 -0.9111706018 -0.1258704513 -0.3923325241
55.3 427.9 1772.9 0 0 0 0 0 0 0 0 0
213.5 -211.7 2229.9 0 0 0 0 0 0 0 0 0
-71.7 -921.3 1936.3 0 0 0 0 0 0 0 0 0
63.7 -889.5 2098.1 0 0 0 0 0 0 0 0 0
107.0 440.5 1842.6 7 0.8455044627 0.2269655764 -0.4833309948 0.1318623573 0.7883841991 0.6008848548 0.5174307227 -0.5717840195 0.6366541386
53.6 255.0 1977.1 0.8455044627 0.2269655764 -0.4833309948 0.1318623573 0.7883841991 0.6008848548 0.5174307227 -0.5717840195 0.6366541386
76.2 57.8 1981.2 0.8439944386 -0.1143648624 -0.5240172148 0.1079708412 0.9932293892 -0.0428683497 0.5253719091 -0.0203979276 0.8506281376
-69.6 239.2 1900.5 -0.0199350901 -0.8467587829 -0.5316033363 0.2670279443 0.5078849196 -0.8189926744 0.9634825587 -0.1582796574 0.2159835398
-65.3 181.9 1693.7 -0.4663099647 -0.8467587829 0.2560362220 -0.8518202305 0.5078849196 0.1282777488 -0.2386572510 -0.1582796574 -0.9581180811
176.7 270.8 2053.8 -0.0803435370 0.8538511395 -0.5142792463 -0.7968467474 0.2549392879 0.5477601886 0.5988156199 0.4538107216 0.6599057913
154.3 48.6 2220.7 0.2469728440 0.8538511395 -0.4581949711 -0.9658840299 0.2549392879 -0.0455415733 0.0779261738 0.4538107216 0.8876842260
13.7 -148.8 1930.2 0.8454834223 0.1541798115 0.5112595558 -0.1523116380 0.9872685671 -0.0458473600 -0.5118191838 -0.0391075984 0.8582025766
-47.6 -540.9 1945.7 0.8548253775 0.0559125505 0.5158947110 -0.0565489009 0.9982945919 -0.0144947479 -0.5158253908 -0.0167828016 0.8565293550
170.1 -134.5 2024.4 -0.3656066358 0.3257401288 0.8719089031 0.0568633378 0.9428285360 -0.3283914924 -0.9290308356 -0.0704824552 -0.3632270396
40.8 -509.1 2052.4 -0.3614063561 -0.0570561327 0.9306610823 -0.1380683333 0.9903972149 0.0071019032 -0.9221293926 -0.1259281486 -0.3658134937
55.3 402.2 1755.4 0 0 0 0 0 0 0 0 0
218.4 -202.1 2241.0 0 0 0 0 0 0 0 0 0
-68.9 -921.6 1952.1 0 0 0 0 0 0 0 0 0
62.5 -887.3 2100.5 0 0 0 0 0 0 0 0 0
114.1 415.9 1821.7 8 0.8308921456 0.2719408274 -0.4854548872 0.1901065856 0.6812061667 0.7069778442 0.5229510069 -0.6797105074 0.5143111348
52.7 262.3 1975.0 0.8308921456 0.2719408274 -0.4854548872 0.1901065856 0.6812061667 0.7069778442 0.5229510069 -0.6797105074 0.5143111348
76.4 65.2 1982.3 0.8244826198 -0.1194573864 -0.5531350374 0.1197680160 0.9921580553 -0.0357488804 0.5530678630 -0.0367735550 0.8323242664
-67.6 244.7 1894.3 0.0604888536 -0.8085287213 -0.5853395462 0.4134289026 0.5540423393 -0.7225742936 0.9085249901 -0.1982886046 0.3677825332
-80.0 159.6 1707.3 -0.5411363244 -0.8085287213 0.2311986387 -0.8324186802 0.5540423393 -0.0107820351 -0.1193762496 -0.1982886046 -0.9728468060
173.0 279.8 2055.7 -0.0964230672 0.8359913826 -0.5402045250 -0.7900856137 0.2658045590 0.5523700714 0.6053654552 0.4800690413 0.6348751187
146.1 59.5 2224.5 0.2496920377 0.8359913826 -0.4886432588 -0.9632978439 0.2658045590 -0.0374863930 0.0985453054 0.4800690413 0.8716779947
21.5 -149.3 1937.2 0.8642268777 0.1692722887 0.4737707973 -0.1501049995 0.9855633378 -0.0783158913 -0.4801878333 -0.0034326678 0.8771589398
-45.7 -540.6 1938.5 0.8694959283 0.0719050318 0.4886783659 -0.0955319628 0.9951477647 0.0235502962 -0.4846137762 -0.0671612918 0.8721461296
176.1 -129.5 2033.4 -0.3242524564 0.3358862102 0.8843306899 0.0689664930 0.9407455921 -0.3320261538 -0.9434531927 -0.0466711074 -0.3282039762
42.7 -503.1 2051.9 -0.3234438598 -0.0360961258 0.9455586672 -0.1276413947 0.9918034077 -0.0058003417 -0.9375989437 -0.1225685105 -0.3254000843
59.1 373.7 1738.0 0 0 0 0 0 0 0 0 0
211.0 -190.7 2250.1 0 0 0 0 0 0 0 0 0
-73.1 -919.9 1964.1 0 0 0 0 0 0 0 0 0
56.5 -882.0 2098.8 0 0 0 0 0 0 0 0 0
119.4 381.2 1798.7 9 0.8260048628 0.2986440361 -0.4780457616 0.2758728266 0.5253913403 0.8048963547 0.4915385842 -0.7967281342 0.3515880108
54.0 266.3 1973.1 0.8260048628 0.2986440361 -0.4780457616 0.2758728266 0.5253913403 0.8048963547 0.4915385842 -0.7967281342 0.3515880108
77.2 69.4 1985.3 0.8086991906 -0.1171874627 -0.5764310360 0.1312345117 0.9911987185 -0.0173946526 0.5733961463 -0.0615806058 0.8169606328
-64.0 247.1 1889.4 0.1744067818 -0.7523028851 -0.6353130341 0.5505813956 0.6094208360 -0.5704966187 0.8163592219 -0.2502930462 0.5204910636
-99.0 136.7 1725.7 -0.6348325014 -0.7523028851 0.1761478633 -0.7721393108 0.6094208360 -0.1800196767 0.0280811433 -0.2502930462 -0.9677628279
172.0 285.5 2056.7 -0.1144503430 0.8224397302 -0.5572199225 -0.7767769098 0.2755729556 0.5662836432 0.6192888618 0.4976469278 0.6073127985
140.1 68.9 2229.4 0.2456219941 0.8224397302 -0.5130913854 -0.9611045718 0.2755729556 -0.0183715783 0.1262845844 0.4976469278 0.8581373692
24.5 -142.8 1939.0 0.8762264252 0.1841155440 0.4453411102 -0.1666295230 0.9828896523 -0.0785017610 -0.4521745443 -0.0054216585 0.8919129968
-48.7 -533.2 1941.2 0.8866299987 0.0505167507 0.4597122371 -0.0608051680 0.9981207848 0.0075914208 -0.4584648311 -0.0346836597 0.8880354762
175.5 -120.8 2040.3 -0.2900521755 0.3344672024 0.8966612816 0.0693514347 0.9418221712 -0.3288790286 -0.9544947147 -0.0332073309 -0.2963733375
42.6 -495.0 2053.5 -0.2870539427 -0.0425052829 0.9569709301 -0.1075050533 0.9941332340 0.0119085787 -0.9518627524 -0.0994608030 -0.2899394035
62.7 333.3 1718.6 0 0 0 0 0 0 0 0 0
203.9 -180.7 2262.2 0 0 0 0 0 0 0 0 0
-67.9 -913.9 1954.4 0 0 0 0 0 0 0 0 0
58.9 -874.7 2091.5 0 0 0 0 0 0 0 0 0
121.0 340.6 1778.7 0 0.8184223771 0.3091066778 -0.4843943715 0.3801298440 0.3409202993 0.8598108292 0.4309131205 -0.8878211379 0.1615161449
52.9 265.5 1974.3 0.8184223771 0.3091066778 -0.4843943715 0.3801298440 0.3409202993 0.8598108292 0.4309131205 -0.8878211379 0.1615161449
77.1 68.8 1988.3 0.7846414447 -0.1221018806 -0.6078066826 0.1397059411 0.9900196195 -0.0185325202 0.6040033698 -0.0703728199 0.7938687205
-61.6 245.1 1886.2 0.3270379603 -0.6965046525 -0.6386919618 0.6695388556 0.6477352977 -0.3635336161 0.6669061780 -0.3087398112 0.6781709790
-126.3 112.5 1754.1 -0.7126733661 -0.6965046525 0.0835343376 -0.6745504737 0.6477352977 -0.3541477919 0.1925574541 -0.3087398112 -0.9314512014
167.4 285.9 2062.4 -0.1325762868 0.8002797365 -0.5847870111 -0.7752547860 0.2838887572 0.5642580986 0.6175788045 0.5281661749 0.5827837586
130.4 69.7 2234.6 0.2476986498 0.8002797365 -0.5460748076 -0.9586727023 0.2838887572 -0.0188097022 0.1399714798 0.5281661749 0.8375252485
26.2 -139.5 1945.0 0.8947862983 0.1831108779 0.4072197080 -0.1599994451 0.9829658866 -0.0904338285 -0.4168424904 0.0157640204 0.9088420272
-46.5 -530.0 1938.8 0.9047201872 0.0574288405 0.4221176803 -0.0628282428 0.9980237484 -0.0011214012 -0.4213478565 -0.0255063586 0.9065403342
174.4 -115.4 2050.1 -0.2449659258 0.3265037835 0.9129003286 0.0864796489 0.9451941252 -0.3148480654 -0.9656671286 0.0018202515 -0.2597762942
44.8 -490.7 2049.3 -0.2435593903 -0.0317270607 0.9693669081 -0.1155233905 0.9932986498 0.0034843762 -0.9629814029 -0.1111359000 -0.2455924302
53.6 282.8 1705.5 0 0 0 0 0 0 0 0 0
194.8 -179.3 2271.0 0 0 0 0 0 0 0 0 0
-68.4 -911.0 1948.5 0 0 0 0 0 0 0 0 0
56.9 -870.2 2091.8 0 0 0 0 0 0 0 0 0
117.7 294.9 1761.3 1 0.8118050694 0.2871621847 -0.5084391236 0.4854204655 0.1520889550 0.8609505892 0.3245604336 -0.9457308650 -0.0159278233
52.5 260.4 1976.1 0.8118050694 0.2871621847 -0.5084391236 0.4854204655 0.1520889550 0.8609505892 0.3245604336 -0.9457308650 -0.0159278233
77.5 63.6 1987.6 0.7622686028 -0.1261408329 -0.6348504424 0.1339662373 0.9903346896 -0.0359193012 0.6332452893 -0.0576683693 0.7717996836
-58.8 240.9 1883.7 0.4169275463 -0.6850355268 -0.5974091887 0.7366850376 0.6396673322 -0.2193648070 0.5324158072 -0.3486431837 0.7713503242
-140.9 95.7 1778.8 -0.7285090685 -0.6850355268 -0.0009517801 -0.6008691192 0.6396673322 -0.4793558717 0.3289846182 -0.3486431837 -0.8776201010
163.7 279.9 2068.5 -0.1483985186 0.7795238495 -0.6085396409 -0.7866359353 0.2798738182 0.5503403544 0.5993177295 0.5603688359 0.5716686249
122.3 60.6 2235.6 0.2494464815 0.7795238495 -0.5745598674 -0.9593319297 0.2798738182 -0.0367823578 0.1321315318 0.5603688359 0.8176356554
29.4 -140.7 1947.0 0.9072464705 0.1898823828 0.3752978444 -0.1608251184 0.9810991883 -0.1076090112 -0.3886374831 0.0372705795 0.9206366539
