150.9 429.8 2100.3 37 0.5621755719 0.1455463469 -0.8141098619 -0.1759141684 0.9829096198 0.0542485155 0.8080921173 0.1127162799 0.5781714320
122.2 236.5 2078.1 0.5621755719 0.1455463469 -0.8141098619 -0.1759141684 0.9829096198 0.0542485155 0.8080921173 0.1127162799 0.5781714320
95.8 45.0 2060.1 0.5652217269 0.1360440999 -0.8136438727 -0.1546117365 0.9863002300 0.0575072393 0.8103206754 0.0932945609 0.5785123110
45.1 257.6 1967.6 0.4906882048 -0.6485199332 -0.5819338560 0.7105439901 0.6843804717 -0.1635560840 0.5043335557 -0.3332345486 0.7966193557
-65.6 97.2 1853.8 -0.7371241450 -0.6485199332 -0.1899208575 -0.4554070830 0.6843804717 -0.5694099665 0.4992518425 -0.3332345486 -0.7998139262
199.3 215.4 2188.7 -0.1617692560 0.9663906097 0.1997996569 0.0875752121 -0.1876088530 0.9783319831 0.9829350114 0.1757615358 -0.0542825162
134.6 250.4 2582.0 0.0120181767 0.9663906097 -0.2567971349 -0.6499719024 -0.1876088530 -0.7364370227 -0.7598631978 0.1757615358 0.6258720160
16.9 -132.2 1971.0 0.5129260421 0.0435213521 -0.8573288918 0.0985901281 0.9891188741 0.1091964096 0.8527525067 -0.1405338347 0.5030540228
0.1 -516.1 2025.6 0.5176818371 0.1269957721 -0.8460955024 0.1324089915 0.9651158452 0.2258744687 0.8452652693 -0.2289617658 0.4828075767
120.5 -160.5 2113.9 0.9972566366 0.0326508321 -0.0664310381 -0.0339284763 0.9992586374 -0.0181958769 0.0657876730 0.0203998629 0.9976251125
107.8 -548.4 2106.0 0.9962781072 -0.0644595325 -0.0572269261 0.0751470625 0.9747396111 0.2103225440 0.0422240607 -0.2138401717 0.9759556651
141.6 225.2 1713.4 0 0 0 0 0 0 0 0 0
137.7 85.5 2389.2 0 0 0 0 0 0 0 0 0
-47.3 -876.3 2111.0 0 0 0 0 0 0 0 0 0
131.9 -912.0 2185.8 0 0 0 0 0 0 0 0 0
146.2 416.4 2106.1 38 0.5521863103 0.1327566952 -0.8230831623 -0.1866434067 0.9818682075 0.0331529491 0.8125604391 0.1353164464 0.5669523478
120.1 223.8 2079.6 0.5521863103 0.1327566952 -0.8230831623 -0.1866434067 0.9818682075 0.0331529491 0.8125604391 0.1353164464 0.5669523478
95.3 32.6 2057.4 0.5548219085 0.1282700598 -0.8220216036 -0.1667828858 0.9851344824 0.0411527641 0.8150804639 0.1142666787 0.5679674149
44.4 246.6 1968.3 0.5033099055 -0.6420156360 -0.5783554912 0.6858196259 0.7039648294 -0.1846210808 0.5256715417 -0.3037259281 0.7946194410
-65.5 96.9 1853.6 -0.7371509671 -0.6420156360 -0.2107709050 -0.4578704536 0.7039648294 -0.5429440141 0.4969538450 -0.3037259281 -0.8128883243
195.9 201.0 2190.9 -0.1760616899 0.9650582671 0.1940741688 0.0673490465 -0.1848825663 0.9804501534 0.9820724726 0.1856904179 -0.0324450135
125.4 228.0 2584.0 0.0269948822 0.9650582671 -0.2606410980 -0.6347287297 -0.1848825663 -0.7502918839 -0.7722633481 0.1856904179 0.6075593233
18.9 -132.6 1969.5 0.5008528829 0.0542954430 -0.8638277650 0.0973264500 0.9881677628 0.1185412705 0.8600429893 -0.1434450299 0.4896423221
-2.2 -516.2 2025.2 0.5070270896 0.1158951819 -0.8541029692 0.1440265775 0.9655951262 0.2165233046 0.8498116732 -0.2327966988 0.4728909135
120.0 -160.3 2114.5 0.9965426326 0.0245434456 -0.0793746933 -0.0248179641 0.9996889234 -0.0024736831 0.0792892873 0.0044350489 0.9968417883
110.5 -548.3 2112.7 0.9960069060 -0.0497014001 -0.0741623864 0.0613727719 0.9844692945 0.1644795984 0.0648357272 -0.1683743596 0.9835885167
141.7 225.5 1713.9 0 0 0 0 0 0 0 0 0
132.3 67.0 2388.1 0 0 0 0 0 0 0 0 0
-45.4 -876.6 2112.0 0 0 0 0 0 0 0 0 0
129.0 -915.3 2175.5 0 0 0 0 0 0 0 0 0
141.7 407.6 2108.1 39 0.5426246524 0.1322604120 -0.8294972181 -0.1943320334 0.9805006981 0.0292129535 0.8171863556 0.1453462243 0.5577462912
115.7 215.3 2079.5 0.5426246524 0.1322604120 -0.8294972181 -0.1943320334 0.9805006981 0.0292129535 0.8171863556 0.1453462243 0.5577462912
92.8 24.0 2055.8 0.5460343957 0.1181658581 -0.8293873072 -0.1675648540 0.9854021668 0.0300760791 0.8208339810 0.1225535795 0.5578639507
41.2 238.2 1967.5 0.5059647560 -0.6394816637 -0.5788461566 0.6733290553 0.7122509480 -0.1983094215 0.5390989184 -0.2894163132 0.7909554839
-65.8 95.9 1853.5 -0.7367182970 -0.6394816637 -0.2197937965 -0.4600899220 0.7122509480 -0.5301092863 0.4955435097 -0.2894163132 -0.8189473748
190.3 192.4 2191.6 -0.1888875812 0.9642505646 0.1858557016 0.0589735918 -0.1777825058 0.9823011160 0.9802262783 0.1965050548 -0.0232844129
114.7 216.0 2584.2 0.0422294512 0.9642505646 -0.2616056800 -0.6289808750 -0.1777825058 -0.7568199635 -0.7762730122 0.1965050548 0.5989874601
20.7 -143.6 1962.3 0.4905937910 0.0581879355 -0.8694434166 0.1220213249 0.9833496809 0.1346631497 0.8628027439 -0.1721555442 0.4753250778
-1.8 -525.2 2029.1 0.4923631847 0.1360808015 -0.8596862555 0.1342849135 0.9640004039 0.2295010537 0.8599686027 -0.2284407765 0.4563647211
120.1 -173.5 2108.2 0.9954462647 0.0276489593 -0.0912263244 -0.0262371488 0.9995172620 0.0166392718 0.0916423425 -0.0141699826 0.9956911802
109.4 -561.5 2113.7 0.9936657548 -0.0733094886 -0.0851710960 0.0882065147 0.9784042239 0.1869352609 0.0696276277 -0.1932638139 0.9786731005
141.8 225.5 1713.9 0 0 0 0 0 0 0 0 0
125.4 56.4 2387.2 0 0 0 0 0 0 0 0 0
-52.6 -885.0 2114.4 0 0 0 0 0 0 0 0 0
136.7 -926.2 2185.8 0 0 0 0 0 0 0 0 0
142.8 403.5 2110.0 40 0.5087810755 0.1412068456 -0.8492363691 -0.2014574856 0.9785954356 0.0420220047 0.8369926810 0.1497050375 0.5263379812
115.2 211.9 2080.7 0.5087810755 0.1412068456 -0.8492363691 -0.2014574856 0.9785954356 0.0420220047 0.8369926810 0.1497050375 0.5263379812
91.5 20.9 2055.7 0.5124782324 0.1223731786 -0.8499357700 -0.1739275455 0.9840700626 0.0368141904 0.8409014344 0.1289607733 0.5255985856
45.2 235.7 1965.9 0.5220137239 -0.6386249661 -0.5653846860 0.6662660241 0.7191731930 -0.1971789002 0.5325328708 -0.2737665176 0.8009123802
-65.7 94.0 1852.7 -0.7353087068 -0.6386249661 -0.2268904150 -0.4654145241 0.7191731930 -0.5159256458 0.4926564991 -0.2737665176 -0.8260396123
185.1 188.2 2195.5 -0.2259460837 0.9543005228 0.1955987811 0.0593523346 -0.1869321764 0.9805782437 0.9723300338 0.2331670672 -0.0144033693
94.7 211.9 2584.7 0.0663203001 0.9543005228 -0.2913968563 -0.6282945275 -0.1869321764 -0.7551836967 -0.7751436234 0.2331670672 0.5871843696
21.0 -152.2 1958.5 0.4597623050 0.0649565235 -0.8856631517 0.1393883675 0.9796806574 0.1442107707 0.8770344853 -0.1897538155 0.4413660467
-4.2 -532.4 2032.2 0.4600824118 0.1191825569 -0.8798407316 0.1419763118 0.9683230519 0.2054099292 0.8764513135 -0.2194220424 0.4285872877
118.8 -182.2 2105.5 0.9914283156 0.0201283097 -0.1290921420 -0.0171577595 0.9995627403 0.0240821838 0.1295204163 -0.0216608271 0.9913401604
111.0 -570.2 2113.9 0.9893546104 -0.0772627667 -0.1233206242 0.1015236601 0.9735840559 0.2045164555 0.1042614952 -0.2148592472 0.9710638523
141.8 225.4 1713.7 0 0 0 0 0 0 0 0 0
111.5 52.5 2388.0 0 0 0 0 0 0 0 0 0
-48.7 -893.7 2114.0 0 0 0 0 0 0 0 0 0
139.8 -933.3 2194.1 0 0 0 0 0 0 0 0 0
143.7 404.4 2105.5 41 0.5268021822 0.1519214362 -0.8363009691 -0.1896144897 0.9801081419 0.0586034395 0.8285685182 0.1277023703 0.5451295972
114.0 212.6 2080.5 0.5268021822 0.1519214362 -0.8363009691 -0.1896144897 0.9801081419 0.0586034395 0.8285685182 0.1277023703 0.5451295972
88.7 21.5 2058.3 0.5300771594 0.1308249235 -0.8377965689 -0.1668555140 0.9848020077 0.0482102185 0.8313708305 0.1142358333 0.5438498855
41.6 235.4 1967.0 0.5121399760 -0.6381716728 -0.5748474002 0.6676518917 0.7168327570 -0.2009770572 0.5403273106 -0.2808695734 0.7931952477
-66.3 94.7 1853.1 -0.7368142009 -0.6381716728 -0.2232525498 -0.4628696442 0.7168327570 -0.5214427114 0.4928047061 -0.2808695734 -0.8235628605
186.4 189.8 2194.0 -0.2038745731 0.9581973553 0.2007311285 0.0722804368 -0.1897454411 0.9791691303 0.9763250947 0.2141366154 -0.0305746514
104.7 218.7 2584.9 0.0455016010 0.9581973553 -0.2824666798 -0.6378577948 -0.1897454411 -0.7464141846 -0.7688088417 0.2141366154 0.6025599241
21.9 -154.5 1955.4 0.4799505174 0.0625896156 -0.8750600219 0.1469373703 0.9776266217 0.1505176127 0.8649028540 -0.2008200288 0.4600156844
-2.4 -534.0 2033.3 0.4758152366 0.1411104202 -0.8681519032 0.1170621067 0.9681048989 0.2215161026 0.8717203140 -0.2070284188 0.4441203773
113.6 -185.7 2105.9 0.9942478538 0.0044029066 -0.1070134416 -0.0016918497 0.9996756315 0.0254113954 0.1070906147 -0.0250841733 0.9939327836
111.9 -573.7 2115.6 0.9925649762 -0.0617343076 -0.1048981100 0.0806096047 0.9791421890 0.1865010709 0.0911966562 -0.1935702264 0.9768386483
141.9 225.5 1713.9 0 0 0 0 0 0 0 0 0
116.3 56.9 2389.8 0 0 0 0 0 0 0 0 0
-55.1 -895.2 2110.6 0 0 0 0 0 0 0 0 0
134.9 -938.9 2187.8 0 0 0 0 0 0 0 0 0
160.2 429.2 2096.7 42 0.5950276256 0.1891755611 -0.7811239958 -0.1943043917 0.9769332409 0.0885844082 0.7798640132 0.0990656540 0.6180599332
123.0 237.1 2077.2 0.5950276256 0.1891755611 -0.7811239958 -0.1943043917 0.9769332409 0.0885844082 0.7798640132 0.0990656540 0.6180599332
92.9 46.3 2059.3 0.5993990302 0.1561455727 -0.7850728631 -0.1694899648 0.9833081365 0.0661685020 0.7823004127 0.0934006348 0.6158590317
41.4 260.4 1970.8 0.4627383947 -0.6583581567 -0.5936647058 0.7225972414 0.6680592895 -0.1776234508 0.5135430098 -0.3467872441 0.7848644257
-65.0 94.1 1852.7 -0.7332366705 -0.6583581567 -0.1700839102 -0.4651029706 0.6680592895 -0.5808408260 0.4960274100 -0.3467872441 -0.7960498929
204.5 213.8 2183.7 -0.1147376150 0.9705848098 0.2116609812 0.0824978054 -0.2030223906 0.9756925702 0.9899643660 0.1294102073 -0.0567768104
158.8 246.7 2578.6 -0.0332617089 0.9705848098 -0.2384507358 -0.6454262733 -0.2030223906 -0.7363469601 -0.7630980015 0.1294102073 0.6331937909
15.6 -153.1 1962.2 0.5558143854 0.0509659834 -0.8297426105 0.1162413061 0.9835481048 0.1382791251 0.8231393099 -0.1733078957 0.5407457948
-4.2 -536.2 2029.7 0.5592262149 0.1347450763 -0.8179913163 0.1393679976 0.9573790431 0.2529860139 0.8172163367 -0.2554782331 0.5166123509
110.9 -184.3 2110.6 0.9998417497 -0.0019792260 -0.0176796485 0.0022207755 0.9999043345 0.0136534022 0.0176509339 -0.0136905042 0.9997504950
111.6 -572.8 2115.9 0.9972943664 -0.0713328719 -0.0177638587 0.0733611882 0.9812031984 0.1784891784 0.0046978090 -0.1793094277 0.9837815166
141.9 225.4 1712.7 0 0 0 0 0 0 0 0 0
150.3 83.5 2385.5 0 0 0 0 0 0 0 0 0
-54.4 -893.1 2124.9 0 0 0 0 0 0 0 0 0
138.2 -938.8 2182.8 0 0 0 0 0 0 0 0 0
174.9 446.0 2098.3 43 0.6188015938 0.2129941732 -0.7561204433 -0.2118019015 0.9721308947 0.1005062908 0.7564552426 0.0979542956 0.6466686726
132.9 254.2 2079.0 0.6188015938 0.2129941732 -0.7561204433 -0.2118019015 0.9721308947 0.1005062908 0.7564552426 0.0979542956 0.6466686726
98.7 64.1 2061.2 0.6242076755 0.1771250665 -0.7609149218 -0.1847528815 0.9798017144 0.0765174776 0.7590988874 0.0928184316 0.6443241239
47.9 279.6 1975.6 0.4574233294 -0.6600555778 -0.5958947539 0.7406126261 0.6536796689 -0.1555499732 0.4921959043 -0.3701749742 0.7878538370
-64.1 98.3 1855.1 -0.7331683040 -0.6600555778 -0.1636792272 -0.4531886578 0.6536796689 -0.6060717106 0.5070347786 -0.3701749742 -0.7783869505
218.0 228.9 2182.4 -0.0772619694 0.9706864357 0.2275926322 0.0785476863 -0.2216392308 0.9719600677 0.9939119220 0.0929724202 -0.0591208898
187.1 260.3 2579.5 -0.0727478564 0.9706864357 -0.2290754616 -0.6396092772 -0.2216392308 -0.7360543609 -0.7652500868 0.0929724202 0.6369838715
9.2 -128.5 1971.8 0.5868573189 0.0230536386 -0.8093621135 0.0914916024 0.9913045764 0.0945753381 0.8045046926 -0.1295520663 0.5796451569
0.3 -513.4 2022.1 0.5912261605 0.1350353956 -0.7951207757 0.1206708401 0.9599745870 0.2527594864 0.7974272370 -0.2453859150 0.5512672663
116.3 -159.6 2111.2 0.9996241927 0.0202016421 0.0185314044 -0.0200579818 0.9997675419 -0.0079056835 -0.0186868031 0.0075310096 0.9997970462
108.5 -547.7 2108.3 0.9963622689 -0.0822422653 0.0223268736 0.0761427954 0.9768027067 0.2001469284 -0.0382694863 -0.1977188140 0.9795114398
141.9 225.6 1712.7 0 0 0 0 0 0 0 0 0
168.7 98.4 2385.8 0 0 0 0 0 0 0 0 0
-50.1 -871.5 2113.7 0 0 0 0 0 0 0 0 0
139.2 -912.2 2182.1 0 0 0 0 0 0 0 0 0
181.5 457.9 2103.2 44 0.6156725883 0.2102642953 -0.7594314814 -0.2176174819 0.9716321826 0.0925935283 0.7573571801 0.1082582846 0.6439644694
140.1 266.4 2081.8 0.6156725883 0.2102642953 -0.7594314814 -0.2176174819 0.9716321826 0.0925935283 0.7573571801 0.1082582846 0.6439644694
103.6 76.7 2063.2 0.6204535365 0.1881081611 -0.7613492608 -0.1942262799 0.9774211645 0.0832108408 0.7598115206 0.0962455794 0.6429799795
55.5 293.0 1978.2 0.4698228836 -0.6559802890 -0.5907252431 0.7466495037 0.6522893906 -0.1305107176 0.4709362686 -0.3797477782 0.7962478399
-63.7 103.6 1858.7 -0.7345632315 -0.6559802890 -0.1735128313 -0.4360625744 0.6522893906 -0.6199741960 0.5198714137 -0.3797477782 -0.7651962638
224.7 239.8 2185.5 -0.0785136521 0.9677948356 0.2391834408 0.0765743032 -0.2333606482 0.9693704844 0.9939677715 0.0944241211 -0.0557862222
193.3 270.5 2583.2 -0.0784198716 0.9677948356 -0.2392141968 -0.6358903050 -0.2333606482 -0.7356536388 -0.7677850127 0.0944241211 0.6337115169
8.6 -109.0 1975.6 0.5863913894 -0.0001203791 -0.8100278378 0.0952910483 0.9930666685 0.0688350424 0.8044033647 -0.1175526753 0.5823372006
8.6 -494.5 2021.3 0.5853804350 0.1690735966 -0.7929337025 0.0895005688 0.9585611224 0.2704630494 0.8058035970 -0.2292917818 0.5459907055
120.2 -142.5 2111.2 0.9995738864 0.0244188923 0.0159938168 -0.0240442008 0.9994413257 -0.0232149512 -0.0165517647 0.0228205007 0.9996025562
110.7 -530.5 2102.3 0.9980313182 -0.0590488017 0.0211370047 0.0534765460 0.9772747159 0.2051204145 -0.0327687748 -0.2035862654 0.9785084724
141.9 225.7 1713.2 0 0 0 0 0 0 0 0 0
173.4 109.2 2388.5 0 0 0 0 0 0 0 0 0
-54.4 -851.9 2106.8 0 0 0 0 0 0 0 0 0
132.7 -895.1 2178.3 0 0 0 0 0 0 0 0 0
183.8 464.4 2091.6 45 0.6885903478 0.2218701839 -0.6903744936 -0.2163028419 0.9715467095 0.0964885205 0.6921390295 0.0828889087 0.7169888616
140.0 272.5 2075.2 0.6885903478 0.2218701839 -0.6903744936 -0.2163028419 0.9715467095 0.0964885205 0.6921390295 0.0828889087 0.7169888616
102.9 82.7 2059.8 0.6936243773 0.1918039918 -0.6943316460 -0.1925762743 0.9781900048 0.0778376535 0.6941178441 0.0797217116 0.7154333591
45.7 298.8 1980.9 0.4372212291 -0.6560084224 -0.6152158380 0.7626376152 0.6330070496 -0.1329883933 0.4766774774 -0.4110414088 0.7770608664
-63.5 108.2 1861.7 -0.7371091247 -0.6560084224 -0.1622439176 -0.4202584326 0.6330070496 -0.6501422524 0.5292003155 -0.4110414088 -0.7422883511
234.2 246.2 2169.5 0.0200022832 0.9737288356 0.2268304229 0.0747727454 -0.2276973575 0.9708567858 0.9969999790 -0.0024586194 -0.0773628503
242.2 276.0 2566.8 -0.1507146060 0.9737288356 -0.1706963331 -0.6363496184 -0.2276973575 -0.7370299101 -0.7565343976 -0.0024586194 0.6539493203
11.7 -95.4 1976.7 0.6628125310 -0.0120871691 -0.7486878633 0.0883877799 0.9941422343 0.0621997006 0.7435503602 -0.1074015945 0.6599982977
16.4 -481.2 2018.4 0.6552856565 0.2019410580 -0.7278876901 0.0505819432 0.9497098327 0.3090188801 0.7536857128 -0.2393136024 0.6121166945
122.7 -130.4 2112.6 0.9929668307 0.0298896842 0.1145579815 -0.0250111949 0.9987276793 -0.0437889062 -0.1157210618 0.0406157002 0.9924510121
111.1 -518.0 2096.8 0.9918935895 -0.0461734757 0.1183855236 0.0190391820 0.9751316309 0.2208071649 -0.1256369054 -0.2167632431 0.9681059122
142.0 225.4 1714.2 0 0 0 0 0 0 0 0 0
204.0 115.0 2375.3 0 0 0 0 0 0 0 0 0
-58.9 -835.4 2107.6 0 0 0 0 0 0 0 0 0
128.3 -881.9 2177.7 0 0 0 0 0 0 0 0 0
142.0 444.7 2054.1 46 0.7260603905 0.1337276399 -0.6745021939 -0.0982503295 0.9910180569 0.0907199904 0.6805756092 0.0004018660 0.7326777577
115.9 251.2 2054.0 0.7260603905 0.1337276399 -0.6745021939 -0.0982503295 0.9910180569 0.0907199904 0.6805756092 0.0004018660 0.7326777577
93.2 59.7 2054.3 0.7276809812 0.1190226749 -0.6755101681 -0.0855301172 0.9928884506 0.0828079283 0.6805622578 -0.0024812873 0.7326860428
17.3 262.9 1961.9 0.4013262391 -0.6567634940 -0.6384347677 0.7709324360 0.6185813546 -0.1517245173 0.4945709705 -0.4312990308 0.7545731664
-63.1 108.4 1862.8 -0.7397348881 -0.6567634940 -0.1464717835 -0.4173883498 0.6185813546 -0.6656907201 0.5278060436 -0.4312990308 -0.7317116261
214.4 239.6 2146.1 0.0423938259 0.9878213406 0.1497057378 0.1554278582 -0.1545368284 0.9756846428 0.9869371653 -0.0180945639 -0.1600863636
231.3 301.5 2539.0 -0.1227025017 0.9878213406 -0.0956720412 -0.7022160292 -0.1545368284 -0.6949899793 -0.7013107538 -0.0180945639 0.7126259804
6.1 -102.9 1985.7 0.6838238835 -0.0336584486 -0.7288703918 0.0889514536 0.9953301549 0.0374906957 0.7242047787 -0.0904711112 0.6836245060
18.7 -475.9 2019.6 0.6714496613 0.2056283951 -0.7119497061 0.0244553052 0.9540588260 0.2986195683 0.7406465411 -0.2179189324 0.6355737448
127.7 -124.4 2106.2 0.9878624082 0.0453445800 0.1485656500 -0.0397381037 0.9983893037 -0.0404922962 -0.1501624733 0.0340970978 0.9880731702
110.1 -511.9 2093.0 0.9862570763 -0.0563843772 0.1552990526 0.0189140029 0.9723163843 0.2329015136 -0.1641318202 -0.2267634422 0.9600203633
142.8 224.5 1715.9 0 0 0 0 0 0 0 0 0
200.3 124.3 2362.0 0 0 0 0 0 0 0 0 0
-58.0 -831.7 2100.9 0 0 0 0 0 0 0 0 0
131.1 -874.8 2177.6 0 0 0 0 0 0 0 0 0
90.4 420.4 2004.7 47 0.7604935169 0.0080514885 -0.6492955685 0.0658483654 0.9938122630 0.0894491300 0.6459981203 -0.1107805371 0.7552576065
88.9 228.9 2026.0 0.7604935169 0.0080514885 -0.6492955685 0.0658483654 0.9938122630 0.0894491300 0.6459981203 -0.1107805371 0.7552576065
89.0 39.1 2047.4 0.7605267167 0.0027124211 -0.6493009925 0.0719776973 0.9934759140 0.0884577259 0.6453047991 -0.1140096560 0.7553697824
-13.2 219.2 1939.6 0.3207188547 -0.6769071221 -0.6625225544 0.7964124680 0.5713464618 -0.1982181370 0.5127052069 -0.4640689492 0.7223388553
-62.8 96.0 1860.3 -0.7323971987 -0.6769071221 -0.0734241903 -0.4599134624 0.5713464618 -0.6797373295 0.5020697117 -0.4640689492 -0.7297711968
191.0 238.6 2112.5 0.0602283590 0.9977948070 0.0278939735 0.2691177726 -0.0431415811 0.9621405602 0.9612222314 -0.0504413806 -0.2711226642
214.9 345.3 2493.8 -0.0651102513 0.9977948070 0.0128912404 -0.7837916613 -0.0431415811 -0.6195235848 -0.6176012754 -0.0504413806 0.7848721743
6.9 -130.8 1995.9 0.7135996819 -0.0132493004 -0.7004284263 0.0663252398 0.9966078997 0.0487206243 0.6974069476 -0.0812231004 0.7120578289
11.9 -510.9 2026.8 0.7003646493 0.2204932570 -0.6788755655 0.0024623617 0.9503402710 0.3112030625 0.7137809992 -0.2196272761 0.6650418043
135.2 -139.5 2115.0 0.9787952304 0.0666736066 0.1936867982 -0.0559784733 0.9966165423 -0.0601825267 -0.1970440447 0.0480640791 0.9792157412
109.3 -526.3 2096.4 0.9763504267 -0.0695073456 0.2047157139 0.0202165842 0.9721121788 0.2336433530 -0.2152465582 -0.2239791453 0.9505273700
142.7 225.0 1719.4 0 0 0 0 0 0 0 0 0
198.6 148.6 2338.8 0 0 0 0 0 0 0 0 0
-70.3 -865.4 2108.8 0 0 0 0 0 0 0 0 0
135.2 -889.1 2180.0 0 0 0 0 0 0 0 0 0
118.7 406.2 2052.3 48 0.7114818692 0.2016732991 -0.6731429696 -0.2781030238 0.9605314732 -0.0061676404 0.6453311443 0.1915912628 0.7394866347
79.9 221.3 2015.5 0.7114818692 0.2016732991 -0.6731429696 -0.2781030238 0.9605314732 -0.0061676404 0.6453311443 0.1915912628 0.7394866347
90.7 32.8 2049.4 0.7444162965 -0.0550009757 -0.6654466987 0.1582479477 0.9827409387 0.0958012789 0.6486924887 -0.1766216010 0.7402721643
-20.6 199.8 1928.1 0.2768992186 -0.6999239922 -0.6583564281 0.8280361295 0.5214266181 -0.2060835958 0.4875274301 -0.4880785346 0.7239450216
-58.1 87.6 1862.0 -0.7139899135 -0.6999239922 -0.0180211738 -0.4935859144 0.5214266181 -0.6960511804 0.4965796471 -0.4880785346 -0.7177659869
180.4 242.8 2102.8 0.0310151037 0.9992307425 -0.0239991732 0.3307506442 0.0123977736 0.9436367750 0.9432083964 -0.0372047313 -0.3301116824
192.7 374.4 2478.0 -0.0108718444 0.9992307425 0.0376789048 -0.8239502907 0.0123977736 -0.5665264130 -0.5665577650 -0.0372047313 0.8231816888
22.5 -160.4 2012.9 0.6980056763 0.0596538894 -0.7136031985 0.0005700080 0.9964775443 0.0838584080 0.7160919905 -0.0589404069 0.6955129504
-0.3 -542.7 2035.5 0.7017401457 0.1548648179 -0.6953974962 0.0228279717 0.9706993103 0.2392106503 0.7120671868 -0.1837382168 0.6776434183
156.0 -144.4 2125.5 0.9770727754 0.1219511181 0.1745184213 -0.1072170362 0.9900131822 -0.0915339515 -0.1839381903 0.0707239881 0.9803901315
108.7 -528.0 2098.1 0.9749596715 -0.0851487964 0.2054343969 0.0323228613 0.9682413936 0.2479190379 -0.2200201005 -0.2350708395 0.9467485547
142.6 226.4 1722.4 0 0 0 0 0 0 0 0 0
190.0 167.1 2335.5 0 0 0 0 0 0 0 0 0
-58.0 -903.9 2103.9 0 0 0 0 0 0 0 0 0
140.5 -889.3 2185.8 0 0 0 0 0 0 0 0 0
143.2 409.0 2059.1 49 0.6948746443 0.1953608841 -0.6920862198 -0.2165493965 0.9745664001 0.0576770194 0.6857518554 0.1097925603 0.7195067406
105.3 220.0 2037.9 0.6948746443 0.1953608841 -0.6920862198 -0.2165493965 0.9745664001 0.0576770194 0.6857518554 0.1097925603 0.7195067406
94.6 30.0 2052.7 0.7244050503 0.0572898909 -0.6869899631 0.0136758238 0.9951505065 0.0974088535 0.6892389059 -0.0799586177 0.7201085687
8.1 218.2 1945.4 0.3869782984 -0.7019717693 -0.5978991389 0.7886829376 0.5879216194 -0.1797982603 0.4777311385 -0.4019748271 0.7811461091
-58.6 82.3 1863.0 -0.7074166536 -0.7019717693 -0.0824457109 -0.5102419257 0.5879216194 -0.6276952624 0.4890959859 -0.4019748271 -0.7740809917
202.5 221.7 2130.4 0.0167125370 0.9956353307 0.0918202549 0.2342042178 -0.0931763947 0.9677119851 0.9720437527 0.0053317705 -0.2347392142
209.1 314.8 2516.4 -0.0675318241 0.9956353307 -0.0644183308 -0.7586874962 -0.0931763947 -0.6447568536 -0.6479449868 0.0053317705 0.7616684437
28.6 -166.5 2017.8 0.6752932072 0.0916504413 -0.7318328023 -0.0146991024 0.9937245846 0.1108847409 0.7374028563 -0.0641224310 0.6724026203
-7.2 -554.1 2042.8 0.6817018986 0.1182176918 -0.7220160365 0.0320938453 0.9810776114 0.1909364313 0.7309257984 -0.1533339918 0.6650083661
159.1 -147.7 2134.0 0.9821394086 0.1341269761 0.1319548637 -0.1192455366 0.9861956239 -0.1148854345 -0.1455425471 0.0970984921 0.9845756888
108.2 -522.0 2097.2 0.9820644259 -0.0808638707 0.1703245491 0.0392539911 0.9712547064 0.2347838879 -0.1844140440 -0.2238869965 0.9570088983
142.6 227.4 1724.0 0 0 0 0 0 0 0 0 0
192.2 124.4 2353.8 0 0 0 0 0 0 0 0 0
-51.2 -919.3 2099.8 0 0 0 0 0 0 0 0 0
138.4 -884.5 2180.8 0 0 0 0 0 0 0 0 0
158.3 410.1 2062.6 50 0.6855652332 0.1959442198 -0.7011463642 -0.1858808398 0.9782890677 0.0916451216 0.7038811445 0.0675009638 0.7071032524
120.1 219.4 2049.4 0.6855652332 0.1959442198 -0.7011463642 -0.1858808398 0.9782890677 0.0916451216 0.7038811445 0.0675009638 0.7071032524
97.4 28.9 2055.0 0.7053002715 0.1190815270 -0.6988355517 -0.0624257922 0.9923939109 0.1061005816 0.7061547637 -0.0312074050 0.7073694468
25.0 227.9 1954.0 0.4561080933 -0.6841235161 -0.5691576600 0.7517991066 0.6384347081 -0.1649218798 0.4761969447 -0.3526700139 0.8055186868
-61.0 86.2 1864.3 -0.7170246840 -0.6841235161 -0.1336063743 -0.5001261234 0.6384347081 -0.5850427151 0.4855404198 -0.3526700139 -0.7999214530
215.2 210.8 2144.8 0.0075532235 0.9876739383 0.1563431323 0.1870596707 -0.1549832374 0.9700458050 0.9823195338 0.0219185203 -0.1859245747
218.2 285.4 2536.2 -0.0982151777 0.9876739383 -0.1218769997 -0.7226646543 -0.1549832374 -0.6735993028 -0.6841853857 0.0219185203 0.7289786935
16.7 -159.5 2002.8 0.6681814790 0.0687272847 -0.7408171892 0.0428981148 0.9905087948 0.1305837631 0.7427605987 -0.1190333143 0.6588913202
-10.0 -544.3 2049.0 0.6653205156 0.0994500592 -0.7399042249 0.0109898830 0.9896755815 0.1429037452 0.7464769483 -0.1032082587 0.6573585272
143.6 -161.8 2124.9 0.9902245998 0.0834484026 0.1117660105 -0.0755638406 0.9944637418 -0.0730207264 -0.1172407046 0.0638614520 0.9910480976
111.6 -542.9 2100.5 0.9899422526 -0.0525309928 0.1313577592 0.0221935473 0.9746745229 0.2225242555 -0.1397204846 -0.2173708677 0.9660373330
142.7 228.3 1726.4 0 0 0 0 0 0 0 0 0
193.5 103.3 2363.8 0 0 0 0 0 0 0 0 0
-47.0 -912.7 2087.4 0 0 0 0 0 0 0 0 0
131.2 -906.5 2181.6 0 0 0 0 0 0 0 0 0
168.2 410.9 2058.8 51 0.7019656301 0.2097634971 -0.6806199551 -0.1799043864 0.9768772125 0.1155218631 0.6891144514 0.0413541496 0.7234715819
127.2 219.8 2050.7 0.7019656301 0.2097634971 -0.6806199551 -0.1799043864 0.9768772125 0.1155218631 0.6891144514 0.0413541496 0.7234715819
97.2 29.3 2052.1 0.7155430317 0.1554629207 -0.6810502410 -0.1068665907 0.9878075123 0.1132072136 0.6903460622 -0.0082231080 0.7234325409
30.2 234.4 1957.0 0.4771693349 -0.6755174994 -0.5621259212 0.7465413809 0.6490604877 -0.1462751776 0.4636651874 -0.3498522341 0.8140135407
-62.5 89.3 1866.9 -0.7228486538 -0.6755174994 -0.1454853863 -0.4893277884 0.6490604877 -0.5824764371 0.4879018068 -0.3498522341 -0.7997219563
224.2 205.2 2144.3 0.0354429930 0.9812923074 0.1892331839 0.1598444730 -0.1924807876 0.9681946635 0.9865057468 -0.0040678368 -0.1636762470
238.4 269.0 2538.2 -0.1403859109 0.9812923074 -0.1317467093 -0.7009274364 -0.1924807876 -0.6867691875 -0.6992800236 -0.0040678368 0.7148362994
10.5 -155.1 1996.0 0.6876019239 0.0379007347 -0.7250980139 0.0622443631 0.9918836951 0.1108711660 0.7234150171 -0.1213684902 0.6796619892
-4.2 -540.1 2043.1 0.6821640730 0.1327151954 -0.7190541625 0.0166338664 0.9803192019 0.1967171282 0.7310099602 -0.1461540014 0.6665309072
135.0 -168.7 2121.5 0.9891747236 0.0639716461 0.1320643574 -0.0572994314 0.9969105721 -0.0537227206 -0.1350930780 0.0455739424 0.9897842407
110.3 -553.0 2103.9 0.9877814651 -0.0595446117 0.1440216005 0.0294604804 0.9788129330 0.2026259899 -0.1530354917 -0.1959072500 0.9686074853
142.8 228.4 1728.3 0 0 0 0 0 0 0 0 0
202.9 92.0 2361.6 0 0 0 0 0 0 0 0 0
-53.6 -905.0 2097.5 0 0 0 0 0 0 0 0 0
132.5 -918.2 2177.0 0 0 0 0 0 0 0 0 0
178.1 413.0 2057.4 52 0.7283113003 0.2167861164 -0.6500511169 -0.1799832284 0.9758499861 0.1237855181 0.6611873507 0.0268439092 0.7497404218
135.6 221.7 2052.1 0.7283113003 0.2167861164 -0.6500511169 -0.1799832284 0.9758499861 0.1237855181 0.6611873507 0.0268439092 0.7497404218
100.9 31.4 2051.8 0.7374097705 0.1786670238 -0.6513869166 -0.1348936111 0.9839084744 0.1171655878 0.6618387699 0.0014688782 0.7496448159
35.3 240.2 1962.1 0.4900650084 -0.6680396795 -0.5599636436 0.7393954992 0.6587979794 -0.1388507485 0.4616607130 -0.3459886909 0.8167993426
-62.8 92.1 1869.6 -0.7270428538 -0.6680396795 -0.1585296094 -0.4788034260 0.6587979794 -0.5802865624 0.4920934439 -0.3459886909 -0.7988340855
235.8 203.3 2142.1 0.0766922832 0.9755098820 0.2061522305 0.1423650235 -0.2153565586 0.9661023617 0.9868386388 -0.0447437316 -0.1553946733
266.5 260.2 2536.5 -0.1838163733 0.9755098820 -0.1207972988 -0.6864688993 -0.2153565586 -0.6945372224 -0.7035424709 -0.0447437316 0.7092432976
2.7 -151.2 1991.1 0.7163074613 0.0105660949 -0.6977047920 0.0799692869 0.9920542240 0.0971252248 0.6931872368 -0.1253664792 0.7097708583
-1.4 -536.1 2039.8 0.7078902125 0.1458631307 -0.6910972595 0.0122699356 0.9757571816 0.2185115963 0.7062159181 -0.1631619483 0.6889392734
129.8 -171.5 2114.2 0.9840764403 0.0519530289 0.1699837297 -0.0482193679 0.9984977245 -0.0260227155 -0.1710803211 0.0174118336 0.9851031899
109.7 -557.6 2107.4 0.9819650650 -0.0661645457 0.1771068126 0.0329171792 0.9822885990 0.1844601929 -0.1861747205 -0.1753036231 0.9667510390
143.8 228.1 1729.8 0 0 0 0 0 0 0 0 0
220.0 86.5 2358.5 0 0 0 0 0 0 0 0 0
-55.8 -899.8 2100.6 0 0 0 0 0 0 0 0 0
134.4 -924.1 2172.9 0 0 0 0 0 0 0 0 0
183.5 414.2 2061.7 53 0.7728047967 0.2094840109 -0.5990736485 -0.1836976856 0.9773802161 0.1048002541 0.6074767113 0.0290583037 0.7938058376
142.4 222.3 2056.0 0.7728047967 0.2094840109 -0.5990736485 -0.1836976856 0.9773802161 0.1048002541 0.6074767113 0.0290583037 0.7938058376
106.2 32.0 2053.3 0.7783581614 0.1862569004 -0.5995556712 -0.1561964154 0.9824022651 0.1024132520 0.6080799699 0.0139342546 0.7937534451
36.6 243.6 1973.3 0.4769089222 -0.6637469530 -0.5761925578 0.7288546562 0.6650278568 -0.1628151983 0.4912521839 -0.3423126042 0.8009328246
-61.9 93.1 1871.9 -0.7286998034 -0.6637469530 -0.1686314046 -0.4717769325 0.6650278568 -0.5789338946 0.4964101911 -0.3423126042 -0.7977461815
248.2 201.0 2138.6 0.1437637061 0.9685314298 0.2031719089 0.1173155084 -0.2205365896 0.9682978392 0.9826337695 -0.1153708696 -0.1453289241
305.6 247.9 2530.8 -0.2362035364 0.9685314298 -0.0784520060 -0.6683344841 -0.2205365896 -0.7104172111 -0.7053629160 -0.1153708696 0.6993945241
0.1 -146.6 1992.0 0.7611255646 0.0116095552 -0.6485006213 0.0609092973 0.9941419959 0.0892846808 0.6457382441 -0.1074565724 0.7559597492
-4.4 -532.4 2033.7 0.7581394315 0.1232732683 -0.6403345466 0.0352780111 0.9727772474 0.2290413380 0.6511375308 -0.1962350011 0.7331519127
131.5 -171.3 2110.2 0.9702768922 0.0509408675 0.2365750819 -0.0493099429 0.9987013936 -0.0128095401 -0.2369204015 0.0007632975 0.9715287685
111.8 -558.2 2109.9 0.9679138064 -0.0677012578 0.2419904768 0.0171687882 0.9785890579 0.2051064372 -0.2506951988 -0.1943706721 0.9483522177
145.3 227.2 1730.7 0 0 0 0 0 0 0 0 0
245.9 78.8 2352.4 0 0 0 0 0 0 0 0 0
-50.3 -894.9 2106.9 0 0 0 0 0 0 0 0 0
137.1 -923.4 2182.4 0 0 0 0 0 0 0 0 0
188.5 415.0 2063.3 54 0.7912515998 0.2212010175 -0.5700798035 -0.1988120973 0.9746888280 0.1022519320 0.5782686472 0.0324317515 0.8152015209
145.0 223.1 2056.9 0.7912515998 0.2212010175 -0.5700798035 -0.1988120973 0.9746888280 0.1022519320 0.5782686472 0.0324317515 0.8152015209
106.3 33.2 2052.5 0.7962330580 0.1992736459 -0.5712293386 -0.1756585091 0.9796696901 0.0969089717 0.5789274573 0.0231791623 0.8150495291
36.5 247.1 1978.1 0.4659637511 -0.6616086364 -0.5874962211 0.7283545732 0.6638108492 -0.1698669046 0.5023717880 -0.3487537503 0.7911974192
-60.9 94.8 1873.1 -0.7307509184 -0.6616086364 -0.1681579798 -0.4664765298 0.6638108492 -0.5845979452 0.4984001517 -0.3487537503 -0.7937052846
253.4 199.2 2135.8 0.1785070151 0.9611560106 0.2105097324 0.0994580761 -0.2304761708 0.9679818153 0.9788990617 -0.1518546492 -0.1367363483
324.8 238.9 2526.9 -0.2685288787 0.9611560106 -0.0638070926 -0.6536710262 -0.2304761708 -0.7208293676 -0.7075355053 -0.1518546492 0.6901693344
0.4 -144.3 1996.2 0.7832028866 0.0132058309 -0.6216259599 0.0485194400 0.9954276681 0.0822777972 0.6198702455 -0.0946011543 0.7789810896
-4.8 -530.7 2032.9 0.7822327018 0.1163649485 -0.6120222211 0.0401853137 0.9709300399 0.2359660864 0.6216889620 -0.2091746926 0.7548170686
139.1 -172.5 2104.7 0.9602024555 0.0693337843 0.2705624402 -0.0704334378 0.9975004792 -0.0056553353 -0.2702782750 -0.0136263771 0.9626858234
112.3 -559.2 2110.0 0.9587478042 -0.0547195785 0.2789415419 0.0000057121 0.9813007712 0.1924807727 -0.2842580080 -0.1845389307 0.9408202767
146.1 226.9 1731.9 0 0 0 0 0 0 0 0 0
256.8 73.4 2347.7 0 0 0 0 0 0 0 0 0
-48.2 -892.8 2110.9 0 0 0 0 0 0 0 0 0
132.7 -925.4 2178.8 0 0 0 0 0 0 0 0 0
194.1 417.1 2058.6 55 0.8076167703 0.2280633152 -0.5438219309 -0.2034415156 0.9733257890 0.1060588509 0.5535040498 0.0249810498 0.8324717879
149.0 224.7 2053.7 0.8076167703 0.2280633152 -0.5438219309 -0.2034415156 0.9733257890 0.1060588509 0.5535040498 0.0249810498 0.8324717879
108.8 34.9 2049.6 0.8119559884 0.2068544179 -0.5458376408 -0.1839715242 0.9781322479 0.0970145538 0.5539692640 0.0216470305 0.8322556615
38.3 249.8 1978.2 0.4672597945 -0.6586356163 -0.5898028612 0.7339360714 0.6609182954 -0.1566040814 0.4929565489 -0.3597027957 0.7922169566
-59.4 96.3 1875.1 -0.7353352308 -0.6586356163 -0.1596284360 -0.4639283419 0.6609182954 -0.5898792148 0.4940168262 -0.3597027957 -0.7915562391
259.7 199.6 2129.2 0.2086741328 0.9545252919 0.2129237950 0.0935839862 -0.2362068594 0.9671857953 0.9734973907 -0.1819003969 -0.1386185437
343.2 237.0 2518.6 -0.2942498624 0.9545252919 -0.0479421578 -0.6483072042 -0.2362068594 -0.7238121629 -0.7022213340 -0.1819003969 0.6883294582
-3.7 -141.0 1996.3 0.8018819094 0.0010979979 -0.5974815488 0.0535438694 0.9958426952 0.0736914650 0.5950785279 -0.0910833254 0.7984893918
-4.1 -527.6 2031.6 0.7992414236 0.1297988743 -0.5868265629 0.0324938558 0.9656401277 0.2578435540 0.6001310349 -0.2251475006 0.7675619125
138.5 -172.6 2099.7 0.9514169097 0.0666247904 0.3006111383 -0.0720294118 0.9973785281 0.0069187805 -0.2993621230 -0.0282354858 0.9537217021
112.7 -559.5 2110.6 0.9503909349 -0.0459427051 0.3076464236 -0.0115475608 0.9831396341 0.1824912876 -0.3108435571 -0.1769906282 0.9338365197
148.9 227.7 1735.1 0 0 0 0 0 0 0 0 0
268.6 72.7 2340.6 0 0 0 0 0 0 0 0 0
-52.5 -887.8 2115.6 0 0 0 0 0 0 0 0 0
129.8 -926.4 2176.7 0 0 0 0 0 0 0 0 0
200.8 418.8 2055.3 56 0.8139762878 0.2504220307 -0.5241482258 -0.2203098983 0.9679782391 0.1203400865 0.5374999046 0.0175210685 0.8430817723
151.2 227.4 2051.8 0.8139762878 0.2504220307 -0.5241482258 -0.2203098983 0.9679782391 0.1203400865 0.5374999046 0.0175210685 0.8430817723
107.2 38.4 2049.0 0.8191552162 0.2269845158 -0.5267472863 -0.1992455572 0.9737823009 0.1097688749 0.5378530622 0.0150343124 0.8429045677
39.5 254.6 1978.4 0.4660452902 -0.6613640189 -0.5877069235 0.7413176894 0.6544846296 -0.1486539692 0.4829595089 -0.3663980365 0.7953003049
-59.2 97.7 1876.2 -0.7322601080 -0.6613640189 -0.1624585688 -0.4575848877 0.6544846296 -0.6018853784 0.5043919683 -0.3663980365 -0.7818831205
263.0 200.1 2125.2 0.2303263247 0.9456741214 0.2294563800 0.0912097171 -0.2557377815 0.9624338746 0.9688295126 -0.2007452101 -0.1451578140
355.2 236.6 2513.0 -0.3214783072 0.9456741214 -0.0484989807 -0.6434395909 -0.2557377815 -0.7215148807 -0.6947209835 -0.2007452101 0.6906982660
-4.0 -138.4 1995.8 0.8149064183 -0.0031132486 -0.5795841813 0.0610472187 0.9948842525 0.0804895237 0.5763685703 -0.1009734347 0.8109276295
-2.8 -524.6 2035.0 0.8047566414 0.1575258076 -0.5723219514 -0.0179606117 0.9701664448 0.2417735904 0.5933331251 -0.1842896491 0.7835771441
141.2 -171.4 2094.9 0.9441891313 0.0736071989 0.3210746348 -0.0831845105 0.9964025617 0.0161940772 -0.3187275827 -0.0419987068 0.9469154477
112.6 -558.0 2111.2 0.9433295131 -0.0441788994 0.3289036453 -0.0184034221 0.9826096892 0.1847687215 -0.3313468099 -0.1803507507 0.9261116982
148.1 227.2 1733.4 0 0 0 0 0 0 0 0 0
273.7 73.5 2336.8 0 0 0 0 0 0 0 0 0
-61.5 -886.2 2103.7 0 0 0 0 0 0 0 0 0
129.1 -924.8 2178.5 0 0 0 0 0 0 0 0 0
205.2 415.9 2055.1 57 0.8163391352 0.2608835101 -0.5152962208 -0.2275190055 0.9652889371 0.1282666177 0.5308724046 0.0125306211 0.8473591208
153.6 225.1 2052.7 0.8163391352 0.2608835101 -0.5152962208 -0.2275190055 0.9652889371 0.1282666177 0.5308724046 0.0125306211 0.8473591208
107.4 36.7 2050.6 0.8215134740 0.2381351292 -0.5180804133 -0.2074398845 0.9711700678 0.1174625456 0.5311161280 0.0109734777 0.8472279906
41.5 253.5 1980.1 0.4722457528 -0.6596783400 -0.5846439004 0.7366666794 0.6595913768 -0.1492026895 0.4840518534 -0.3602273464 0.7974522710
-58.5 97.5 1877.7 -0.7302711010 -0.6596783400 -0.1775630713 -0.4493273795 0.6595913768 -0.6025314331 0.5145959854 -0.3602273464 -0.7780920267
265.8 196.8 2125.2 0.2398443967 0.9409305453 0.2390070558 0.0906482339 -0.2668233812 0.9594728947 0.9665700197 -0.2084586173 -0.1492897868
361.8 233.1 2512.2 -0.3347914815 0.9409305453 -0.0506396517 -0.6410590410 -0.2668233812 -0.7196169496 -0.6906214356 -0.2084586173 0.6925222278
-10.2 -132.7 1998.0 0.8205208778 -0.0137234656 -0.5714517832 0.0630321652 0.9957874417 0.0665910169 0.5681306720 -0.0906591639 0.8179293871
-4.9 -519.2 2033.2 0.8148053288 0.1244284958 -0.5662241578 0.0081695281 0.9741340280 0.2258232981 0.5796770453 -0.1886278093 0.7927131057
136.4 -168.4 2094.2 0.9420000911 0.0627062023 0.3297025561 -0.0723959208 0.9972279668 0.0171808917 -0.3277112544 -0.0400535204 0.9439285398
112.1 -555.4 2109.8 0.9405313134 -0.0525968522 0.3356104493 -0.0190606155 0.9782140255 0.2067220658 -0.3391717672 -0.2008255124 0.9190384150
148.5 224.9 1731.8 0 0 0 0 0 0 0 0 0
276.9 70.4 2337.1 0 0 0 0 0 0 0 0 0
-51.2 -882.4 2103.5 0 0 0 0 0 0 0 0 0
131.7 -920.5 2184.7 0 0 0 0 0 0 0 0 0
207.8 410.5 2054.6 58 0.8211416602 0.2622357905 -0.5069110394 -0.2251629233 0.9649966955 0.1344733089 0.5244311690 0.0037159384 0.8514447212
156.0 220.0 2053.8 0.8211416602 0.2622357905 -0.5069110394 -0.2251629233 0.9649966955 0.1344733089 0.5244311690 0.0037159384 0.8514447212
109.3 31.6 2052.9 0.8257099986 0.2409830391 -0.5100296140 -0.2075918764 0.9705176950 0.1224784255 0.5245079994 0.0047463500 0.8513922691
43.3 248.3 1982.2 0.4856608212 -0.6463087201 -0.5885733962 0.7186021805 0.6785671115 -0.1521763057 0.4977394044 -0.3490440249 0.7939922810
-57.6 99.1 1878.8 -0.7363746762 -0.6463087201 -0.2000935227 -0.4346768558 0.6785671115 -0.5921171308 0.5184673667 -0.3490440249 -0.7806150317
268.8 191.6 2125.5 0.2488914877 0.9382464290 0.2403053194 0.0940617770 -0.2703562379 0.9581544399 0.9639530182 -0.2158729434 -0.1555424929
368.5 229.3 2511.6 -0.3428454697 0.9382464290 -0.0463745780 -0.6429368258 -0.2703562379 -0.7166168690 -0.6849008799 -0.2158729434 0.6959235668
-12.4 -133.2 2000.9 0.8257480264 -0.0205940474 -0.5636630654 0.0675883666 0.9957453609 0.0626341105 0.5599749684 -0.0898170546 0.8236266971
-4.4 -519.8 2035.8 0.8181101680 0.1288072616 -0.5604501963 -0.0099658594 0.9776210785 0.2101373523 0.5749751329 -0.1663301438 0.8010854721
134.7 -170.4 2096.0 0.9391013384 0.0619325861 0.3380133510 -0.0713639855 0.9973293543 0.0155343767 -0.3361485600 -0.0387103334 0.9410130978
110.7 -557.6 2111.1 0.9369248152 -0.0639351755 0.3436337411 -0.0069050193 0.9795508385 0.2010781467 -0.3494626880 -0.1907679141 0.9173240662
151.0 222.2 1731.9 0 0 0 0 0 0 0 0 0
281.5 66.1 2337.8 0 0 0 0 0 0 0 0 0
-52.4 -884.4 2097.8 0 0 0 0 0 0 0 0 0
134.5 -923.1 2182.3 0 0 0 0 0 0 0 0 0
211.8 406.6 2050.3 59 0.8311583400 0.2804535031 -0.4801266789 -0.2438901663 0.9598655105 0.1384765804 0.4996932745 0.0020022022 0.8662000895
156.5 217.3 2049.9 0.8311583400 0.2804535031 -0.4801266789 -0.2438901663 0.9598655105 0.1384765804 0.4996932745 0.0020022022 0.8662000895
107.4 29.5 2049.1 0.8374109268 0.2530979514 -0.4844423234 -0.2213045806 0.9674310684 0.1228875667 0.4997671545 0.0043019122 0.8661491275
42.2 247.5 1981.6 0.4719428122 -0.6448444128 -0.6012035012 0.7254225016 0.6715674996 -0.1508617252 0.5010311007 -0.3649284542 0.7847260833
-54.5 98.9 1879.0 -0.7405788302 -0.6448444128 -0.1889938414 -0.4309376180 0.6715674996 -0.6027352810 0.5155925751 -0.3649284542 -0.7752364278
270.9 187.1 2118.1 0.2768937647 0.9283934236 0.2478213757 0.0843286440 -0.2803883851 0.9561752081 0.9571930170 -0.2438605279 -0.1559279561
381.8 220.8 2501.4 -0.3698717058 0.9283934236 -0.0357842669 -0.6340647340 -0.2803883851 -0.7206554413 -0.6790853143 -0.2438605279 0.6923692822
-11.4 -138.2 2005.0 0.8417341709 -0.0176452789 -0.5396038294 0.0632136613 0.9958123565 0.0660442114 0.5361787677 -0.0897020027 0.8393246531
-4.6 -524.7 2039.9 0.8328630924 0.1414961964 -0.5350868106 -0.0176194496 0.9730578661 0.2298868001 0.5531985164 -0.1820362955 0.8129170537
136.4 -175.4 2099.0 0.9286782146 0.0663659647 0.3649004996 -0.0761213154 0.9970214963 0.0123976730 -0.3629908562 -0.0392901525 0.9309639931
110.7 -562.4 2114.2 0.9268098474 -0.0592762530 0.3708231151 -0.0060106125 0.9849956632 0.1724745333 -0.3754827976 -0.1620799750 0.9125474095
154.8 220.7 1733.3 0 0 0 0 0 0 0 0 0
287.9 60.0 2329.1 0 0 0 0 0 0 0 0 0
-57.4 -887.8 2107.8 0 0 0 0 0 0 0 0 0
132.8 -929.9 2174.7 0 0 0 0 0 0 0 0 0
215.9 405.6 2041.1 60 0.7901450992 0.2982336581 -0.5354692936 -0.2346108109 0.9542666674 0.1852913946 0.5662406087 -0.0207802057 0.8239780068
157.0 217.1 2045.2 0.7901450992 0.2982336581 -0.5354692936 -0.2346108109 0.9542666674 0.1852913946 0.5662406087 -0.0207802057 0.8239780068
104.7 30.3 2048.7 0.7969612479 0.2687354982 -0.5409564972 -0.2115608454 0.9630375504 0.1667353660 0.5657691360 -0.0184364077 0.8243575692
48.4 245.8 1968.2 0.5042660832 -0.6407634020 -0.5789110065 0.7408095002 0.6654821634 -0.0912946910 0.4437532723 -0.3828259706 0.8102637529
-52.8 97.2 1879.2 -0.7450939417 -0.6407634020 -0.1850872785 -0.4188240767 0.6654821634 -0.6178348064 0.5190582275 -0.3828259706 -0.7642138600
265.5 188.4 2122.3 0.2120745927 0.9378747940 0.2746182382 0.1224727631 -0.3043017089 0.9446697235 0.9695487618 -0.1667072028 -0.1793987751
350.2 237.3 2509.5 -0.3335019052 0.9378747940 -0.0957459435 -0.6580142975 -0.3043017089 -0.6887798309 -0.6751249433 -0.1667072028 0.7186202407
-16.7 -138.4 2003.5 0.8034229279 -0.0314155333 -0.5945793986 0.0903397352 0.9934774637 0.0695792437 0.5885154009 -0.1096157059 0.8010206223
-4.5 -524.0 2046.1 0.7918454409 0.1422963887 -0.5939129591 -0.0325572342 0.9809300900 0.1916147918 0.6098531485 -0.1323931366 0.7813777328
