-19.1 429.5 2193.6 05 0.7778362632 0.1345991045 -0.6138842106 -0.1658286154 0.9861357212 0.0061012697 0.6061943769 0.0970537812 0.7893725038
-46.4 229.2 2173.9 0.7778362632 0.1345991045 -0.6138842106 -0.1658286154 0.9861357212 0.0061012697 0.6061943769 0.0970537812 0.7893725038
-71.8 35.7 2161.7 0.7812269926 0.1297007650 -0.6106243134 -0.1404814273 0.9896143079 0.0304702055 0.6082345843 0.0619772337 0.7913339734
-157.7 249.2 2087.4 0.2164243162 -0.3920244277 -0.8941349983 0.9638859630 0.2313791662 0.1318616122 0.1551912427 -0.8903822303 0.4279429317
-211.6 9.1 2048.7 -0.1891683191 -0.3704467714 -0.9093869328 0.9640200138 0.1060814112 -0.2437461466 0.1867640167 -0.9227762222 0.3370508552
64.8 209.2 2260.3 0.8963696957 -0.0203349404 -0.4428406060 -0.3766934276 0.4917171597 -0.7850581408 0.2337164283 0.8705174923 0.4331003129
206.2 149.7 2297.2 -0.2090848088 -0.0203349404 0.9776860476 0.8493534327 0.4917171597 0.1918672472 -0.4846466184 0.8705174923 -0.0855390355
-168.7 -149.5 2098.6 0.8459627032 -0.0394895002 -0.5317778587 -0.0171176307 0.9947291017 -0.1010990441 0.5329672694 0.0946287960 0.8408277631
-153.1 -540.8 2061.4 0.8352605104 0.1598135680 -0.5261173844 -0.1028384045 0.9853507280 0.1360448599 0.5401519537 -0.0595278256 0.8394595385
-28.8 -174.2 2210.8 0.7888576984 -0.0458475649 -0.6128634214 0.0382192619 0.9989430904 -0.0255351327 0.6133863926 -0.0032796019 0.7897761464
-10.8 -565.8 2212.1 0.7914155722 0.0665171444 -0.6076486111 0.0697983503 0.9777268767 0.1979352832 0.6072804928 -0.1990619302 0.7691454887
-158.5 -261.5 1996.3 0 0 0 0 0 0 0 0 0
152.0 370.1 2171.4 0 0 0 0 0 0 0 0 0
-213.2 -911.4 2083.8 0 0 0 0 0 0 0 0 0
-35.8 -933.8 2287.0 0 0 0 0 0 0 0 0 0
-21.1 427.8 2196.9 06 0.7692644596 0.1315409690 -0.6252432466 -0.1624927074 0.9866800308 0.0076593831 0.6179225445 0.0957053825 0.7803923488
-47.5 229.4 2177.7 0.7692644596 0.1315409690 -0.6252432466 -0.1624927074 0.9866800308 0.0076593831 0.6179225445 0.0957053825 0.7803923488
-72.1 35.7 2163.7 0.7718171477 0.1258408278 -0.6232675314 -0.1428935230 0.9894747734 0.0228291247 0.6195802689 0.0714409873 0.7816753983
-157.5 249.7 2089.5 0.2281148285 -0.3767903745 -0.8977709413 0.9593910575 0.2441308796 0.1413112730 0.1659288704 -0.8935486078 0.4171791971
-212.3 18.9 2049.6 -0.1248052493 -0.3652723134 -0.9224964976 0.9727857709 0.1378919482 -0.1862087101 0.1952217221 -0.9206312895 0.3381220698
62.4 209.0 2265.9 0.9117047787 0.2451189011 -0.3297136128 -0.4098721743 0.4874330461 -0.7709823847 -0.0282690451 0.8380487561 0.5448624492
203.1 145.7 2261.5 -0.2117839754 0.2451189011 0.9460783601 0.8704639077 0.4874330461 0.0685685724 -0.4443424046 0.8380487561 -0.3165976703
-167.6 -144.1 2094.0 0.8371289372 -0.0421838984 -0.5453766584 -0.0127421562 0.9952476025 -0.0965392441 0.5468572378 0.0877650678 0.8326130509
-151.1 -534.7 2059.6 0.8247761130 0.1699151248 -0.5393266082 -0.1059986576 0.9833356738 0.1476998180 0.5554355383 -0.0646513924 0.8290425539
-26.7 -170.3 2204.3 0.7782691121 -0.0396073200 -0.6266804934 0.0489127785 0.9988002181 -0.0023815867 0.6260229349 -0.0287991688 0.7792726755
-11.2 -561.6 2215.6 0.7783903480 0.0595728606 -0.6249476671 0.0508931875 0.9862226248 0.1574001759 0.6257143021 -0.1543243527 0.7646343112
-177.4 -253.7 1994.9 0 0 0 0 0 0 0 0 0
146.1 380.1 2141.9 0 0 0 0 0 0 0 0 0
-215.0 -904.9 2083.9 0 0 0 0 0 0 0 0 0
-33.6 -932.5 2273.6 0 0 0 0 0 0 0 0 0
-18.9 427.3 2197.6 07 0.7337412238 0.1422018111 -0.6643812656 -0.2044555545 0.9787399173 -0.0163142420 0.6479365230 0.1478068680 0.7472157478
-50.7 208.7 2164.6 0.7337412238 0.1422018111 -0.6643812656 -0.2044555545 0.9787399173 -0.0163142420 0.6479365230 0.1478068680 0.7472157478
-75.9 15.0 2164.0 0.7483103871 0.1274876744 -0.6509826779 -0.0980009064 0.9918363690 0.0815871507 0.6560696363 0.0027443776 0.7546953559
-157.2 222.5 2071.5 0.2606479228 -0.3404282033 -0.9034219980 0.9601610303 0.1890747845 0.2057704926 0.1007642373 -0.9210642576 0.3761478364
-212.8 17.9 2050.0 -0.0741210505 -0.3386104405 -0.9380027056 0.9770593643 0.1636510640 -0.1362838596 0.1996522844 -0.9265858531 0.3187125325
55.9 194.9 2257.7 0.9423790574 0.2419258952 -0.2310705334 -0.3219118416 0.4677092135 -0.8231772780 -0.0910740942 0.8501293659 0.5186381936
203.8 144.4 2243.4 -0.2362774462 0.2419258952 0.9410870671 0.8781789541 0.4677092135 0.1002488732 -0.4159022868 0.8501293659 -0.3229633570
-166.7 -146.8 2094.4 0.8186582923 -0.0432150625 -0.5726526380 -0.0183543377 0.9946863055 -0.1013028845 0.5739875436 0.0934431106 0.8135150075
-149.8 -534.6 2058.0 0.8064365387 0.1798035651 -0.5633211732 -0.1007938385 0.9805057645 0.1686685979 0.5826668739 -0.0792412162 0.8088387847
-27.1 -170.7 2205.6 0.7570754290 -0.0397381447 -0.6521178484 0.0475294814 0.9988536239 -0.0056879087 0.6515963078 -0.0266886465 0.7580962777
-11.5 -562.0 2216.0 0.7579706907 0.0555637516 -0.6499177814 0.0619758107 0.9857231975 0.1565526277 0.6493376493 -0.1589414775 0.7437056899
-192.0 -255.9 1994.0 0 0 0 0 0 0 0 0 0
139.0 385.1 2129.4 0 0 0 0 0 0 0 0 0
-217.5 -903.8 2087.8 0 0 0 0 0 0 0 0 0
-32.4 -933.0 2275.9 0 0 0 0 0 0 0 0 0
-18.3 428.1 2197.9 08 0.7257614732 0.1355054826 -0.6744690537 -0.2283398807 0.9722777605 -0.0503675044 0.6489462256 0.1905629784 0.7365830541
-51.4 190.2 2151.3 0.7257614732 0.1355054826 -0.6744690537 -0.2283398807 0.9722777605 -0.0503675044 0.6489462256 0.1905629784 0.7365830541
-69.8 -3.2 2166.1 0.7499873042 0.0930601582 -0.6548731327 -0.0200600307 0.9927982092 0.1181071326 0.6611479521 -0.0754420757 0.7464528680
-158.1 193.0 2057.7 0.2604164481 -0.3354960084 -0.9053318501 0.9640403390 0.1418322474 0.2247439027 0.0530045666 -0.9313034415 0.3603671193
-214.4 -15.8 2046.2 -0.0623889156 -0.3379815519 -0.9390825629 0.9757045507 0.1773420274 -0.1286484152 0.2100195885 -0.9242933989 0.3187059760
55.2 187.4 2244.9 0.9584897161 0.1995930225 -0.2036174983 -0.2737589777 0.4445668459 -0.8528870344 -0.0797087103 0.8732255697 0.4807531238
203.6 145.1 2232.6 -0.2496463656 0.1995930225 0.9475438595 0.8848201632 0.4445668459 0.1394760907 -0.3934081197 0.8732255697 -0.2875884175
-168.8 -170.8 2104.8 0.8227907419 -0.0320943445 -0.5674375296 -0.0370278545 0.9932560921 -0.1098694950 0.5671370029 0.1114105955 0.8160535097
-156.2 -558.9 2061.2 0.8152222037 0.1665852070 -0.5546730161 -0.0882984251 0.9822932482 0.1652373224 0.5723776221 -0.0857283771 0.8154964447
-33.5 -187.3 2222.6 0.7596430182 -0.0533923022 -0.6481449008 0.0324754529 0.9984951019 -0.0441910513 0.6495289803 0.0125206243 0.7602337599
-12.6 -578.2 2217.7 0.7628564239 0.0516899824 -0.6444984674 0.0780559033 0.9821463227 0.1711603403 0.6418390870 -0.1808776706 0.7452018857
-196.9 -289.6 1987.3 0 0 0 0 0 0 0 0 0
134.5 389.9 2123.7 0 0 0 0 0 0 0 0 0
-218.9 -928.8 2093.5 0 0 0 0 0 0 0 0 0
-32.1 -947.9 2285.7 0 0 0 0 0 0 0 0 0
-18.9 429.8 2198.6 09 0.7297672033 0.1376528442 -0.6696950793 -0.2532672286 0.9642640352 -0.0777852759 0.6350555420 0.2263769507 0.7385512590
-55.1 176.2 2139.1 0.7297672033 0.1376528442 -0.6696950793 -0.2532672286 0.9642640352 -0.0777852759 0.6350555420 0.2263769507 0.7385512590
-70.7 -16.0 2167.1 0.7616441250 0.0798055977 -0.6430624127 0.0326771922 0.9863942266 0.1611168236 0.6471710801 -0.1437271535 0.7486735582
-163.5 171.5 2047.4 0.2085516900 -0.3509843051 -0.9128615260 0.9779476523 0.0854936168 0.1905499399 0.0111638010 -0.9324703217 0.3610740900
-210.9 -50.8 2044.9 -0.0855940729 -0.3623453677 -0.9281052947 0.9677928686 0.1911134720 -0.1638676375 0.2367501110 -0.9122397900 0.3343170881
53.2 180.8 2230.7 0.9723333716 0.1107686684 -0.2056651711 -0.2334230989 0.4266924858 -0.8737546206 -0.0090288511 0.8975877762 0.4407432973
203.5 144.8 2229.3 -0.2546530366 0.1107686684 0.9606675506 0.8851802945 0.4266924858 0.1854436398 -0.3893682957 0.8975877762 -0.2067087889
-155.8 -195.4 2121.6 0.8347476721 0.0072540399 -0.5505848527 -0.0902865827 0.9881830812 -0.1238650009 0.5431801081 0.1531064510 0.8255384564
-158.6 -581.4 2061.8 0.8297563195 0.1728072315 -0.5306996107 -0.1210697368 0.9839485288 0.1311006099 0.5448362827 -0.0445298925 0.8373592496
-20.5 -198.4 2240.2 0.7750064135 -0.0206050426 -0.6316173077 -0.0212551914 0.9980528951 -0.0586396754 0.6315957904 0.0588712730 0.7730594873
-12.4 -588.6 2217.2 0.7849434614 0.0567855313 -0.6169595718 0.0793198198 0.9783861637 0.1909683496 0.6144689322 -0.1988364905 0.7634736300
-186.9 -322.3 1978.4 0 0 0 0 0 0 0 0 0
132.7 390.9 2121.1 0 0 0 0 0 0 0 0 0
-223.7 -951.6 2078.6 0 0 0 0 0 0 0 0 0
-33.8 -956.9 2292.0 0 0 0 0 0 0 0 0 0
-22.7 431.1 2199.9 10 0.7413794994 0.1157959998 -0.6610202193 -0.1955705583 0.9795262218 -0.0477546416 0.6419568658 0.1646804065 0.7488469481
-49.4 205.1 2161.9 0.7413794994 0.1157959998 -0.6610202193 -0.1955705583 0.9795262218 -0.0477546416 0.6419568658 0.1646804065 0.7488469481
-66.5 11.6 2170.0 0.7574502826 0.0874781087 -0.6470059156 -0.0394412242 0.9953042865 0.0883957371 0.6517004371 -0.0414366722 0.7573437095
-157.2 210.7 2069.9 0.1733144075 -0.3509255648 -0.9202246070 0.9805630445 0.1487377584 0.1279576868 0.0919685289 -0.9245151877 0.3698830307
-207.7 -74.6 2043.1 -0.1474645734 -0.3543858826 -0.9233985543 0.9606866837 0.1707229912 -0.2189401984 0.2352346629 -0.9193825722 0.3152782023
58.4 199.4 2254.0 0.9212018847 0.3244863451 -0.2146991044 -0.3506395221 0.4531805515 -0.8195604086 -0.1686387211 0.8302626014 0.5312485099
202.6 144.5 2227.6 -0.2556048036 0.3244863451 0.9107001424 0.8871124983 0.4531805515 0.0875143260 -0.3843144178 0.8302626014 -0.4036910236
-153.7 -191.6 2124.9 0.8313965201 0.0251373667 -0.5551108122 -0.1014082506 0.9890640378 -0.1070921347 0.5463480949 0.1453288347 0.8248534799
-164.0 -595.7 2065.6 0.8286795616 0.1389439404 -0.5422036052 -0.1220820993 0.9902442694 0.0671730936 0.5462473035 0.0105283819 0.8375577927
-17.3 -199.5 2247.5 0.7698175907 -0.0131464535 -0.6381285787 -0.0384350941 0.9970186353 -0.0669070035 0.6371056437 0.0760327205 0.7670171857
-12.1 -594.7 2217.4 0.7817834020 0.0698668286 -0.6196235418 0.0666741580 0.9786395431 0.1944716275 0.6199752092 -0.1933475733 0.7604258657
-166.3 -343.9 1977.2 0 0 0 0 0 0 0 0 0
131.3 391.8 2120.5 0 0 0 0 0 0 0 0 0
-216.2 -967.7 2061.6 0 0 0 0 0 0 0 0 0
-38.4 -963.2 2290.2 0 0 0 0 0 0 0 0 0
-24.4 429.8 2193.6 11 0.7016935349 0.1095440164 -0.7040072680 -0.1784991473 0.9836259484 -0.0248596296 0.6897566319 0.1431085467 0.7097575068
-50.3 196.9 2159.7 0.7016935349 0.1095440164 -0.7040072680 -0.1784991473 0.9836259484 -0.0248596296 0.6897566319 0.1431085467 0.7097575068
-72.2 3.2 2160.8 0.7131561637 0.1131343320 -0.6918156743 -0.0767212212 0.9935591221 0.0833913386 0.6967941523 -0.0063941055 0.7172426581
-151.6 207.9 2061.1 0.2471843213 -0.2995643020 -0.9214993715 0.9674081802 0.1302440315 0.2171587497 0.0549667887 -0.9451442957 0.3219952285
-212.4 -30.1 2047.6 -0.1832146496 -0.2986986339 -0.9365956783 0.9653025866 0.1256668121 -0.2289078236 0.1860734522 -0.9460375309 0.2653105557
51.0 186.0 2258.3 0.9522529244 0.2818631232 -0.1173353642 -0.2396488190 0.4519404769 -0.8592544794 -0.1891635358 0.8463468552 0.4979098141
206.9 146.7 2227.4 -0.2754269838 0.2818631232 0.9190719128 0.8830983043 0.4519404769 0.1260442883 -0.3798385561 0.8463468552 -0.3733894527
-151.5 -169.2 2113.1 0.7939224839 0.0254336596 -0.6074867845 -0.0850210562 0.9939522743 -0.0694999322 0.6020452380 0.1068267301 0.7912834883
-161.7 -565.8 2070.5 0.7892366052 0.1314577609 -0.5998536944 -0.1253430396 0.9907390475 0.0522044338 0.6011611223 0.0339858308 0.7984048128
-16.4 -184.4 2233.2 0.7263185978 -0.0106005594 -0.6872764230 -0.0262175500 0.9987261891 -0.0431112573 0.6868579984 0.0493312143 0.7251155376
-12.2 -575.9 2213.8 0.7368911505 0.0465133339 -0.6744093299 0.0898154899 0.9820494652 0.1658675671 0.6700183749 -0.1827987432 0.7194859385
-161.1 -300.5 1995.5 0 0 0 0 0 0 0 0 0
130.0 393.1 2121.4 0 0 0 0 0 0 0 0 0
-211.1 -938.4 2057.7 0 0 0 0 0 0 0 0 0
-29.7 -945.6 2282.7 0 0 0 0 0 0 0 0 0
-26.0 429.2 2190.4 12 0.6793646216 0.1147646308 -0.7247708440 -0.1913843006 0.9812211990 -0.0240217131 0.7084036469 0.1550292671 0.6885710955
-54.8 183.3 2151.6 0.6793646216 0.1147646308 -0.7247708440 -0.1913843006 0.9812211990 -0.0240217131 0.7084036469 0.1550292671 0.6885710955
-72.2 -10.4 2164.8 0.6976879239 0.0886878148 -0.7108910084 -0.0135138603 0.9937603474 0.1107145548 0.7162743211 -0.0676373243 0.6945331097
-153.9 185.2 2050.2 0.2950295508 -0.3590678275 -0.8854534626 0.9554576278 0.1182712615 0.2703934610 0.0076341103 -0.9257873297 0.3779676259
-219.7 -27.8 2048.5 -0.2104970962 -0.3590678275 -0.9092641473 0.9561179876 0.1182712615 -0.2680491209 0.2037876397 -0.9257873297 0.3184154332
44.3 181.4 2253.0 0.9753009081 0.2161400616 -0.0455155931 -0.1404162198 0.4476367533 -0.8831220865 -0.1705036014 0.8677008748 0.4669300914
207.2 158.0 2224.5 -0.2909285128 0.2161400616 0.9320107698 0.8778653741 0.4476367533 0.1702167392 -0.3804116249 0.8677008748 -0.3199721575
-156.4 -182.3 2100.9 0.7807607055 0.0101367766 -0.6247479320 -0.0619329661 0.9962000847 -0.0612352043 0.6217532158 0.0865025371 0.7784216404
-160.4 -573.0 2066.9 0.7737195492 0.1471397877 -0.6162045002 -0.1176561490 0.9891073704 0.0884514526 0.6225071549 0.0040636347 0.7826035619
-30.0 -197.0 2223.9 0.7105075717 -0.0434218086 -0.7023485899 0.0198038444 0.9989328980 -0.0417238548 0.7034108043 0.0157359131 0.7106093168
-13.0 -587.9 2217.7 0.7137108445 0.0571392514 -0.6981059313 0.0632845685 0.9873304963 0.1455111653 0.6975756884 -0.1480322331 0.7010524869
-160.7 -295.8 1991.3 0 0 0 0 0 0 0 0 0
126.0 403.1 2118.3 0 0 0 0 0 0 0 0 0
-215.7 -945.0 2065.4 0 0 0 0 0 0 0 0 0
-34.5 -959.4 2273.4 0 0 0 0 0 0 0 0 0
-26.2 429.1 2188.4 13 0.6853293777 0.1270370930 -0.7170671225 -0.2108699530 0.9771005511 -0.0284315795 0.6970348358 0.1706929058 0.6964240074
-59.1 176.0 2144.1 0.6853293777 0.1270370930 -0.7170671225 -0.2108699530 0.9771005511 -0.0284315795 0.6970348358 0.1706929058 0.6964240074
-73.7 -17.2 2167.7 0.7102543116 0.0749469176 -0.6999441385 0.0318561420 0.9898755550 0.1383168846 0.7032240033 -0.1205376834 0.7006759048
-160.1 171.4 2044.4 0.2404736727 -0.3703288734 -0.8972340226 0.9706523418 0.0893303156 0.2232803553 -0.0025369599 -0.9245953560 0.3809421659
-216.3 -55.2 2045.0 -0.1999834925 -0.3786998987 -0.9036553502 0.9556846023 0.1279664487 -0.2651254535 0.2160405368 -0.9166302085 0.3363264799
41.9 180.5 2243.9 0.9905731678 0.1364620328 0.0119540254 -0.0532785729 0.4641966224 -0.8841283321 -0.1261989623 0.8751568794 0.4670912325
209.4 171.5 2222.5 -0.3160018623 0.1364620328 0.9388934970 0.8576676846 0.4641966224 0.2211958766 -0.4056463242 0.8751568794 -0.2637260854
-151.4 -202.4 2114.4 0.7910856009 0.0315570086 -0.6108909249 -0.0968449339 0.9925343394 -0.0741396248 0.6039905548 0.1178124771 0.7882357836
-163.8 -591.1 2068.3 0.7868622541 0.1350003630 -0.6021816134 -0.1313964725 0.9900549054 0.0502619706 0.6029782295 0.0395752937 0.7967754006
-26.8 -205.2 2242.1 0.7260996103 -0.0364453569 -0.6866229773 -0.0149278715 0.9975233674 -0.0687338114 0.6874274611 0.0601574145 0.7237572670
-12.5 -595.3 2218.5 0.7318874598 0.0630816668 -0.6784994006 0.0506397001 0.9879176021 0.1464733034 0.6795412898 -0.1415609866 0.7198500633
-160.1 -323.4 1984.4 0 0 0 0 0 0 0 0 0
120.9 411.7 2108.9 0 0 0 0 0 0 0 0 0
-214.6 -963.5 2053.4 0 0 0 0 0 0 0 0 0
-36.3 -967.2 2271.8 0 0 0 0 0 0 0 0 0
-26.5 428.6 2187.3 14 0.6942180395 0.1284371167 -0.7082126737 -0.2218616605 0.9742242694 -0.0407982282 0.6847179532 0.1854481101 0.7048193812
-60.8 168.8 2137.9 0.6942180395 0.1284371167 -0.7082126737 -0.2218616605 0.9742242694 -0.0407982282 0.6847179532 0.1854481101 0.7048193812
-72.1 -23.5 2170.2 0.7223286629 0.0584479086 -0.6890755892 0.0727580860 0.9844688773 0.1597726047 0.6877118349 -0.1655441523 0.7068575025
-163.6 158.5 2040.2 0.2125482857 -0.3827892542 -0.8990526199 0.9770046473 0.0673515573 0.2023009658 -0.0168860406 -0.9213773012 0.3883023262
-213.9 -72.8 2044.2 -0.2282065153 -0.3962897658 -0.8893122077 0.9471967220 0.1209616661 -0.2969624400 0.2252558619 -0.9101223350 0.3477601111
42.0 179.1 2235.5 0.9962797761 0.0832043812 -0.0224429145 -0.0571413971 0.4428561330 -0.8947699666 -0.0645097941 0.8927236199 0.4459630251
212.2 169.3 2224.5 -0.3245963454 0.0832043812 0.9421858788 0.8590191603 0.4428561330 0.2568356395 -0.3958829641 0.8927236199 -0.2152236402
-151.9 -212.9 2128.4 0.8015292287 0.0364151970 -0.5968456864 -0.1186514124 0.9879820347 -0.0990624800 0.5860654116 0.1502180547 0.7962172031
-166.1 -599.7 2069.5 0.7987304330 0.1281778961 -0.5878776312 -0.1420117319 0.9896018505 0.0228210464 0.5846899748 0.0652576610 0.8086279035
-24.3 -207.4 2254.3 0.7412123680 -0.0333631374 -0.6704410315 -0.0380903259 0.9950644970 -0.0916284770 0.6701890826 0.0934534743 0.7362833023
-11.2 -596.6 2217.8 0.7500858307 0.0728204101 -0.6573191285 0.0456485040 0.9858480096 0.1613069624 0.6597632170 -0.1509996951 0.7361464500
-149.8 -338.6 1981.0 0 0 0 0 0 0 0 0 0
121.0 410.5 2113.3 0 0 0 0 0 0 0 0 0
-214.4 -972.0 2045.0 0 0 0 0 0 0 0 0 0
-38.6 -967.8 2274.6 0 0 0 0 0 0 0 0 0
-27.0 429.3 2187.8 15 0.6988696456 0.1286734641 -0.7035796642 -0.2319406420 0.9712984562 -0.0527530089 0.6765978932 0.2000561953 0.7086555958
-62.0 164.7 2133.3 0.6988696456 0.1286734641 -0.7035796642 -0.2319406420 0.9712984562 -0.0527530089 0.6765978932 0.2000561953 0.7086555958
-72.3 -27.1 2169.7 0.7287580967 0.0529986992 -0.6827172041 0.0892714113 0.9811387658 0.1714565605 0.6789273024 -0.1858974844 0.7102815509
-165.8 152.0 2036.8 0.1784067899 -0.3906872272 -0.9030694962 0.9837988615 0.0543820485 0.1708285213 -0.0176297519 -0.9189156890 0.3940597773
-209.9 -91.1 2041.1 -0.2934836149 -0.3932335079 -0.8713408113 0.9369702339 0.0624669306 -0.3437799811 0.1896158010 -0.9173141718 0.3501150906
41.7 177.4 2229.8 0.9982956052 0.0428179316 -0.0396546423 -0.0541411638 0.4258454740 -0.9031745791 -0.0217853189 0.9037821889 0.4274378717
213.8 168.1 2226.1 -0.3295174539 0.0428179316 0.9431780577 0.8600126505 0.4258454740 0.2811296880 -0.3896107078 0.9037821889 -0.1771474779
-148.4 -222.1 2140.8 0.8057528734 0.0485082828 -0.5902620554 -0.1503360868 0.9807490110 -0.1246213913 0.5728537440 0.1891517192 0.7975338101
-167.4 -605.8 2066.8 0.8096720576 0.1273705214 -0.5728943348 -0.1223936826 0.9913478494 0.0474254303 0.5739781857 0.0317196064 0.8182560205
-18.3 -209.1 2264.4 0.7491308451 -0.0173101332 -0.6621958613 -0.0675418377 0.9924525619 -0.1023521349 0.6589697003 0.1214010641 0.7423076630
-11.5 -597.4 2216.9 0.7670528293 0.0625037700 -0.6385321021 0.0793767199 0.9783517718 0.1911208630 0.6366547942 -0.1972843707 0.7454860806
-127.7 -353.5 1988.0 0 0 0 0 0 0 0 0 0
121.2 409.8 2116.6 0 0 0 0 0 0 0 0 0
-215.3 -978.8 2054.8 0 0 0 0 0 0 0 0 0
-35.0 -965.4 2291.1 0 0 0 0 0 0 0 0 0
-29.7 431.1 2193.5 16 0.7179081440 0.1326339841 -0.6833857894 -0.2573130131 0.9627168775 -0.0834640265 0.6468368173 0.2357635498 0.7252707481
-67.0 160.4 2127.2 0.7179081440 0.1326339841 -0.6833857894 -0.2573130131 0.9627168775 -0.0834640265 0.6468368173 0.2357635498 0.7252707481
-76.3 -30.3 2169.8 0.7519981265 0.0481625497 -0.6574034095 0.1080214456 0.9748399258 0.1949833184 0.6502539515 -0.2176407427 0.7278751731
-174.1 145.1 2034.8 0.1190969273 -0.4215542972 -0.8989481926 0.9926655293 0.0316219702 0.1166841760 -0.0207622014 -0.9062516093 0.4222284853
-203.7 -101.5 2039.9 -0.3253301978 -0.4134149253 -0.8504400849 0.9326746464 0.0079068169 -0.3606321216 0.1558149755 -0.9105084538 0.3830092549
40.1 175.7 2219.7 0.9974883795 -0.0315504000 -0.0634154156 -0.0449875258 0.4093287587 -0.9112771749 0.0547089130 0.9118412733 0.4068813026
214.8 167.8 2229.3 -0.3257458806 -0.0315504000 0.9449307919 0.8582744002 0.4093287587 0.3095399737 -0.3965534568 0.9118412733 -0.1062582508
-148.3 -226.9 2144.9 0.8237827420 0.0503912307 -0.5646615624 -0.1548786014 0.9781544209 -0.1386598945 0.5453389883 0.2016796321 0.8135912418
-168.1 -609.8 2065.9 0.8295771480 0.1276254952 -0.5436115265 -0.1151464432 0.9917056561 0.0571070835 0.5463909507 0.0152202034 0.8373919725
-16.8 -210.9 2267.2 0.7716510296 -0.0116819795 -0.6359388232 -0.0705389977 0.9920918941 -0.1038167253 0.6321225166 0.1249687746 0.7647247314
-12.3 -599.3 2218.3 0.7861739397 0.0594123229 -0.6151428223 0.0586193390 0.9837116003 0.1699273437 0.6152188778 -0.1696517169 0.7698857188
-112.5 -362.9 1996.3 0 0 0 0 0 0 0 0 0
123.2 409.2 2117.7 0 0 0 0 0 0 0 0 0
-216.1 -983.1 2060.2 0 0 0 0 0 0 0 0 0
-34.6 -969.4 2282.1 0 0 0 0 0 0 0 0 0
-32.0 431.3 2189.9 17 0.7261604071 0.1312251091 -0.6748859882 -0.2455585897 0.9663732648 -0.0763128623 0.6421775818 0.2211394161 0.7339654565
-69.0 159.0 2127.6 0.7261604071 0.1312251091 -0.6748859882 -0.2455585897 0.9663732648 -0.0763128623 0.6421775818 0.2211394161 0.7339654565
-79.8 -32.2 2167.9 0.7586601973 0.0553764142 -0.6491287351 0.0929126367 0.9769992232 0.1919370145 0.6448270679 -0.2059272379 0.7360652685
-177.1 145.8 2035.8 0.0851857364 -0.4306707978 -0.8984798789 0.9963561893 0.0330135487 0.0786410123 -0.0042063775 -0.9019050598 0.4319137931
-198.9 -110.2 2036.9 -0.3465752900 -0.4095617533 -0.8438866735 0.9290617704 -0.0258251578 -0.3690221012 0.1293438226 -0.9119167924 0.3894585073
39.1 172.2 2219.4 0.9982563257 -0.0374850892 -0.0455978252 -0.0267115086 0.4019907713 -0.9152539968 0.0526382811 0.9148761034 0.4002885222
215.6 167.5 2228.7 -0.3324052691 -0.0374850892 0.9423914552 0.8583686352 0.4019907713 0.3187581003 -0.3907813132 0.9148761034 -0.1014478132
-153.4 -230.6 2153.8 0.8278584480 0.0323693343 -0.5600023270 -0.1525969654 0.9736785293 -0.1693053097 0.5397819281 0.2256154865 0.8110074997
-166.1 -611.8 2065.4 0.8337640762 0.1486111879 -0.5317444801 -0.1169933528 0.9887781739 0.0928992182 0.5395832062 -0.0152454581 0.8417942524
-17.7 -211.2 2271.0 0.7764177322 -0.0120190075 -0.6301040053 -0.0763171911 0.9906671047 -0.1129350886 0.6255807281 0.1357725710 0.7682542205
-13.0 -599.2 2217.8 0.7929061651 0.0394227132 -0.6080671549 0.0816569701 0.9820296764 0.1701466441 0.6038476229 -0.1845632493 0.7754382491
-101.7 -370.7 2000.6 0 0 0 0 0 0 0 0 0
122.1 409.0 2118.7 0 0 0 0 0 0 0 0 0
-222.0 -983.8 2071.2 0 0 0 0 0 0 0 0 0
-27.8 -968.8 2287.3 0 0 0 0 0 0 0 0 0
-33.1 433.2 2194.6 18 0.7280532122 0.1204073131 -0.6748633981 -0.1975898296 0.9795324802 -0.0383974425 0.6564273238 0.1613015234 0.7369430065
-62.0 198.4 2155.9 0.7280532122 0.1204073131 -0.6748633981 -0.1975898296 0.9795324802 -0.0383974425 0.6564273238 0.1613015234 0.7369430065
-77.5 5.6 2169.6 0.7468253374 0.0805593655 -0.6601227522 -0.0132212462 0.9942380786 0.1063760072 0.6648887396 -0.0707166567 0.7435873151
-168.2 200.4 2062.3 0.0917533860 -0.4161968529 -0.9046333432 0.9924858212 0.1120755672 0.0491010435 0.0809516013 -0.9023410082 0.4233528078
-196.7 -107.6 2037.1 -0.3403890729 -0.3729619980 -0.8631538749 0.9325256944 -0.0162160248 -0.3607393801 0.1205451488 -0.9277049303 0.3533163965
44.2 196.4 2249.6 0.9788288474 0.1816736758 -0.0942803696 -0.1653006077 0.4300084710 -0.8875631690 -0.1207055077 0.8843570352 0.4509354532
216.1 167.3 2228.4 -0.3673045933 0.1816736758 0.9121853113 0.8639052510 0.4300084710 0.2622220814 -0.3446085453 0.8843570352 -0.3148929179
-158.3 -207.5 2137.4 0.8174154758 0.0174373500 -0.5757845640 -0.1135504171 0.9848076701 -0.1313780099 0.5647461414 0.1727710068 0.8069770336
-165.5 -614.1 2066.0 0.8156144023 0.1573888212 -0.5567781329 -0.1252160668 0.9875013828 0.0957179219 0.5648841262 -0.0083513455 0.8251280189
-22.4 -206.6 2260.0 0.7601886988 -0.0239999071 -0.6492589116 -0.0491787493 0.9943249226 -0.0943365321 0.6478384137 0.1036433056 0.7546942830
-12.9 -603.6 2218.6 0.7744020224 0.0510336682 -0.6306322813 0.0852768198 0.9792272449 0.1839615554 0.6269205809 -0.1962385178 0.7539635897
-101.1 -369.4 2003.3 0 0 0 0 0 0 0 0 0
152.2 317.4 2168.5 0 0 0 0 0 0 0 0 0
-224.7 -985.8 2069.2 0 0 0 0 0 0 0 0 0
-32.1 -972.2 2292.5 0 0 0 0 0 0 0 0 0
-34.6 432.9 2196.9 19 0.7461006045 0.1161457375 -0.6556249261 -0.1712163091 0.9850233793 -0.0203444380 0.6434429884 0.1274326891 0.7548125982
-60.0 217.3 2169.0 0.7461006045 0.1161457375 -0.6556249261 -0.1712163091 0.9850233793 -0.0203444380 0.6434429884 0.1274326891 0.7548125982
-78.7 23.8 2168.9 0.7566008568 0.0954288021 -0.6468759775 -0.0729279742 0.9954360723 0.0615510680 0.6497974396 0.0006057648 0.7601072192
-167.7 227.7 2077.3 0.1390623003 -0.4298239350 -0.8921396136 0.9828252196 0.1702642441 0.0711663142 0.1213104874 -0.8867138624 0.4461191595
-206.2 -44.4 2043.7 -0.3094176948 -0.3777089715 -0.8726950288 0.9438294172 -0.0100715514 -0.3302796185 0.1159601808 -0.9258695841 0.3596091270
47.6 206.9 2260.8 0.8877994418 0.2508747578 -0.3858419955 -0.4599587917 0.4548513889 -0.7625930309 -0.0158145875 0.8545010686 0.5192088485
247.3 103.5 2257.2 -0.4086823165 0.2508747578 0.8775196075 0.8499721289 0.4548513889 0.2658149898 -0.3324547112 0.8545010686 -0.3991262615
-164.6 -173.9 2117.3 0.8262937069 0.0161440596 -0.5630081296 -0.0813732222 0.9925237894 -0.0909663886 0.5573303699 0.1209787354 0.8214298487
-171.8 -615.1 2063.5 0.8187259436 0.1640450358 -0.5502518415 -0.1340417266 0.9864457846 0.0946441218 0.5583195090 -0.0037308913 0.8296176195
-25.8 -184.3 2239.5 0.7672161460 -0.0348437950 -0.6404414773 -0.0162330829 0.9971485138 -0.0736971647 0.6411831975 0.0669379905 0.7644628286
-12.1 -578.4 2213.0 0.7772431970 0.0398124270 -0.6279394627 0.0990821719 0.9777998924 0.1846348792 0.6213499308 -0.2057238072 0.7560436726
-119.3 -309.4 2011.2 0 0 0 0 0 0 0 0 0
159.5 286.0 2185.8 0 0 0 0 0 0 0 0 0
-233.5 -986.5 2064.9 0 0 0 0 0 0 0 0 0
-27.0 -946.5 2290.5 0 0 0 0 0 0 0 0 0
-31.8 431.4 2198.1 20 0.7583144307 0.1202684417 -0.6406986713 -0.1632144898 0.9865583181 -0.0079851504 0.6311262250 0.1106265560 0.7677509189
-57.0 225.1 2175.0 0.7583144307 0.1202684417 -0.6406986713 -0.1632144898 0.9865583181 -0.0079851504 0.6311262250 0.1106265560 0.7677509189
-78.0 31.4 2167.7 0.7648521662 0.1070893109 -0.6352425218 -0.1062757820 0.9935504794 0.0395335145 0.6353791356 0.0372736007 0.7713002563
-165.8 240.2 2085.0 0.1807163954 -0.4396381378 -0.8798067570 0.9725521803 0.2131879777 0.0932370201 0.1465736628 -0.8725073934 0.4660975933
-212.6 -11.7 2047.0 -0.3107883334 -0.3815732598 -0.8705242276 0.9402500987 0.0105829844 -0.3403201401 0.1390698105 -0.9242780209 0.3554852307
51.9 210.0 2265.0 0.8329910040 0.2959440351 -0.4674859941 -0.5531238317 0.4659135640 -0.6906363368 0.0134183615 0.8338714838 0.5517954826
265.0 68.5 2268.4 -0.4228573143 0.2959440351 0.8565096855 0.8466789722 0.4659135640 0.2570199668 -0.3229959607 0.8338714838 -0.4475845397
-167.5 -158.1 2106.6 0.8341319561 0.0196673442 -0.5512141585 -0.0711524934 0.9948506951 -0.0721761137 0.5469563007 0.0994246677 0.8312361240
-176.6 -616.5 2060.8 0.8239792585 0.1708019823 -0.5402637124 -0.1424059719 0.9853050709 0.0943104029 0.5484330058 -0.0007730291 0.8361941576
-29.2 -174.1 2225.3 0.7738092542 -0.0423042774 -0.6320044398 0.0185175836 0.9988516569 -0.0441873744 0.6331479549 0.0224894043 0.7737039924
-12.6 -566.7 2216.5 0.7775067091 0.0398106687 -0.6276133060 0.0766727105 0.9845482111 0.1574362367 0.6241831779 -0.1705285311 0.7624404430
-125.4 -275.7 2007.9 0 0 0 0 0 0 0 0 0
165.4 267.9 2192.4 0 0 0 0 0 0 0 0 0
-240.9 -987.6 2061.1 0 0 0 0 0 0 0 0 0
-27.5 -937.3 2280.6 0 0 0 0 0 0 0 0 0
-28.1 430.2 2198.7 21 0.7605097890 0.1318348050 -0.6358022094 -0.1644575447 0.9863532782 0.0078076418 0.6281548738 0.0986246839 0.7718125582
-55.0 229.0 2178.6 0.7605097890 0.1318348050 -0.6358022094 -0.1644575447 0.9863532782 0.0078076418 0.6281548738 0.0986246839 0.7718125582
-79.4 35.5 2167.8 0.7648179531 0.1246243864 -0.6320776939 -0.1312460601 0.9906769395 0.0365195014 0.6307360530 0.0550269373 0.7740439773
-163.9 247.7 2089.0 0.2093209028 0.0091105234 -0.9778045416 0.9644330740 0.1631374657 0.2079784423 0.1614113450 -0.9865612984 0.0253615920
-216.6 4.9 2048.3 -0.3318967223 0.0091105234 -0.9432717562 0.9311659336 0.1631374657 -0.3260615468 0.1509123743 -0.9865612984 -0.0626281947
53.9 210.3 2268.2 0.7996966243 0.3215259612 -0.5070565939 -0.5996925831 0.4688512683 -0.6484961510 0.0292257983 0.8226782680 0.5677555203
271.4 47.2 2276.1 -0.4172756374 0.3215259612 0.8500012159 0.8500591516 0.4688512683 0.2399539202 -0.3213727474 0.8226782680 -0.4689562917
-172.7 -148.9 2101.9 0.8351287246 0.0330674276 -0.5490596890 -0.0760668889 0.9955434203 -0.0557418168 0.5447695255 0.0883168578 0.8339222670
-188.2 -615.8 2060.5 0.8228155971 0.1858416796 -0.5370635986 -0.1558639854 0.9825795889 0.1012113243 0.5465170145 0.0004306114 0.8374478817
-30.0 -170.8 2216.7 0.7744708061 -0.0452276394 -0.6309908032 0.0358526409 0.9989759326 -0.0275986549 0.6315928698 -0.0012483347 0.7752992511
-12.2 -562.7 2217.2 0.7757335305 0.0506830625 -0.6290220022 0.0569957979 0.9870688319 0.1498218179 0.6284814477 -0.1520734280 0.7628136873
-123.4 -256.6 2006.0 0 0 0 0 0 0 0 0 0
168.9 256.1 2197.1 0 0 0 0 0 0 0 0 0
-258.1 -985.8 2060.3 0 0 0 0 0 0 0 0 0
-31.3 -934.3 2274.4 0 0 0 0 0 0 0 0 0
-26.4 430.5 2199.0 22 0.7536535859 0.1327443123 -0.6437276006 -0.1598774195 0.9870014191 0.0163526330 0.6375308037 0.0905932859 0.7650799751
-53.1 231.7 2180.7 0.7536535859 0.1327443123 -0.6437276006 -0.1598774195 0.9870014191 0.0163526330 0.6375308037 0.0905932859 0.7650799751
-78.0 38.0 2168.7 0.7566796541 0.1271190494 -0.6413084865 -0.1368555129 0.9899811149 0.0347565599 0.6393015385 0.0614670217 0.7664955258
-160.9 251.1 2089.8 0.2296555340 0.0153424293 -0.9731510282 0.9594444633 0.1643766761 0.2290123999 0.1634769440 -0.9862782955 0.0230298061
-217.7 13.8 2049.3 -0.3617928922 0.0153424293 -0.9321322441 0.9204708934 0.1643766761 -0.3545611799 0.1477809697 -0.9862782955 -0.0735925734
54.7 212.2 2271.7 0.7863708138 0.3201203346 -0.5283406973 -0.6157166362 0.4755690396 -0.6282731295 0.0501394719 0.8193638325 0.5710770488
275.2 39.5 2285.8 -0.4147326946 0.3201203346 0.8517744541 0.8479468822 0.4755690396 0.2341370732 -0.3301255107 0.8193638325 -0.4686791003
-171.2 -144.6 2099.8 0.8285422921 0.0331259593 -0.5589457154 -0.0716582090 0.9963130355 -0.0471745916 0.5553222299 0.0791391954 0.8278612494
-186.8 -616.0 2062.4 0.8154936433 0.1880318373 -0.5473701954 -0.1558511108 0.9821628332 0.1051980779 0.5573872328 -0.0004801132 0.8302525282
-34.8 -169.4 2213.5 0.7660350800 -0.0578559488 -0.6401897669 0.0466331802 0.9983188510 -0.0344210900 0.6411049366 -0.0034863213 0.7674452662
-12.1 -560.7 2214.8 0.7677926421 0.0493385084 -0.6387958527 0.0752298310 0.9831911325 0.1663600206 0.6362664104 -0.1757865101 0.7511752248
-116.2 -244.6 2007.8 0 0 0 0 0 0 0 0 0
171.1 252.3 2202.9 0 0 0 0 0 0 0 0 0
-257.7 -985.9 2062.6 0 0 0 0 0 0 0 0 0
-30.7 -930.8 2281.0 0 0 0 0 0 0 0 0 0
-25.1 431.5 2199.1 23 0.7522298098 0.1373564899 -0.6444249153 -0.1602670103 0.9867997169 0.0232544057 0.6391124725 0.0857874006 0.7643139362
-52.6 233.9 2181.9 0.7522298098 0.1373564899 -0.6444249153 -0.1602670103 0.9867997169 0.0232544057 0.6391124725 0.0857874006 0.7643139362
-78.8 40.3 2169.3 0.7544669509 0.1340948939 -0.6424937248 -0.1439847946 0.9888762832 0.0373100862 0.6403499246 0.0643600971 0.7653821111
-160.1 254.4 2090.8 0.2354128808 0.0054784408 -0.9718800187 0.9579514265 0.1674751639 0.2329830974 0.1640421450 -0.9858610630 0.0341777317
-218.3 17.5 2050.2 -0.3961013854 0.0054784408 -0.9181904197 0.9055988193 0.1674751639 -0.3896701932 0.1516393125 -0.9858610630 -0.0712984130
54.9 213.4 2273.1 0.8178563714 0.0985198468 -0.5669257641 -0.4303868115 0.7586884499 -0.4890388548 0.3819399774 0.6439608932 0.6628998518
253.1 109.1 2365.7 -0.3833477497 0.0985198468 0.9183345437 0.6261022687 0.7586884499 0.1799660325 -0.6789996028 0.6439608932 -0.3525250256
-173.2 -140.9 2099.3 0.8271508217 0.0389988124 -0.5606251955 -0.0741236657 0.9964446425 -0.0400468893 0.5570701957 0.0746804103 0.8271007538
-191.7 -614.4 2063.8 0.8132621050 0.1945576519 -0.5484086871 -0.1604390740 0.9808899164 0.1100650281 0.5593425035 -0.0015255352 0.8289352655
-34.6 -167.7 2214.2 0.7647489309 -0.0580223948 -0.6417105794 0.0464973301 0.9983102083 -0.0348530449 0.6426484585 -0.0031839982 0.7661545873
-11.8 -558.9 2215.4 0.7654739022 0.0506797470 -0.6414680481 0.0593578331 0.9870815277 0.1488178819 0.6407232881 -0.1519923508 0.7525768876
-107.1 -236.7 2007.6 0 0 0 0 0 0 0 0 0
164.7 253.5 2209.1 0 0 0 0 0 0 0 0 0
-265.0 -983.8 2064.4 0 0 0 0 0 0 0 0 0
-30.9 -930.5 2272.6 0 0 0 0 0 0 0 0 0
-25.6 431.4 2199.2 24 0.7440768480 0.1352138668 -0.6542682052 -0.1565023810 0.9873336554 0.0260617975 0.6495049596 0.0830025524 0.7558134198
-52.6 234.1 2182.6 0.7440768480 0.1352138668 -0.6542682052 -0.1565023810 0.9873336554 0.0260617975 0.6495049596 0.0830025524 0.7558134198
-78.5 40.5 2169.9 0.7459544539 0.1323587745 -0.6527121663 -0.1426336467 0.9890627861 0.0375555083 0.6505441070 0.0650840178 0.7566745877
-158.9 254.5 2090.0 0.2438532859 0.0097531471 -0.9697631001 0.9564986825 0.1627010405 0.2421541810 0.1601432264 -0.9866272211 0.0303463098
-218.0 22.8 2051.2 -0.4060552716 0.0097531471 -0.9137964845 0.9023066163 0.1627010405 -0.3992130756 0.1447820514 -0.9866272211 -0.0748659372
53.7 213.8 2275.3 0.9131833911 0.1178743765 -0.3901304007 -0.3887350261 0.5394155383 -0.7469376922 0.1223976016 0.8337484598 0.5384072065
228.5 139.4 2298.7 -0.3507566750 0.1178743765 0.9290184975 0.8080980182 0.5394155383 0.2366610467 -0.4732307792 0.8337484598 -0.2844576538
-171.8 -140.6 2098.6 0.8197772503 0.0366222560 -0.5715103149 -0.0703142509 0.9968391061 -0.0369818844 0.5683494806 0.0705022290 0.8197610974
-189.3 -615.3 2065.0 0.8058166504 0.1934885681 -0.5596621037 -0.1577504128 0.9811004996 0.1120565832 0.5707664490 -0.0020101354 0.8211100101
-36.9 -166.1 2214.5 0.7560096979 -0.0646996573 -0.6513549685 0.0483263060 0.9979042411 -0.0430316888 0.6527740359 0.0010547930 0.7575519681
-11.6 -557.0 2214.1 0.7573815584 0.0516493805 -0.6509266496 0.0707537606 0.9845058918 0.1604431272 0.6491279602 -0.1675721854 0.7419922352
-103.9 -230.6 2010.5 0 0 0 0 0 0 0 0 0
146.1 329.3 2187.5 0 0 0 0 0 0 0 0 0
-262.2 -984.9 2065.7 0 0 0 0 0 0 0 0 0
-31.0 -927.7 2277.2 0 0 0 0 0 0 0 0 0
-25.7 431.9 2199.7 25 0.7345378399 0.1319939345 -0.6656063199 -0.1543997228 0.9876800179 0.0254735127 0.6607683897 0.0840581656 0.7458682060
-52.1 234.5 2182.9 0.7345378399 0.1319939345 -0.6656063199 -0.1543997228 0.9876800179 0.0254735127 0.6607683897 0.0840581656 0.7458682060
-77.7 40.8 2169.5 0.7360151410 0.1307519227 -0.6642180681 -0.1432858557 0.9890293479 0.0359173194 0.6616274714 0.0687373728 0.7466754913
-157.0 254.9 2088.7 0.2577401102 -0.0219061878 -0.9659659266 0.9547153711 0.1595536023 0.2511198819 0.1486222595 -0.9869461656 0.0620375387
-219.3 24.1 2052.7 -0.4255852997 -0.0219061878 -0.9046531320 0.8917843699 0.1595536023 -0.4233949184 0.1536156237 -0.9869461656 -0.0483680665
52.8 214.1 2277.2 0.9374129176 0.2452371716 -0.2472160310 -0.3413924277 0.5073441267 -0.7912352085 -0.0686166659 0.8261117339 0.5593130589
216.2 154.5 2265.2 -0.4236758351 0.2452371716 0.8719848394 0.8225390315 0.5073441267 0.2569657862 -0.3793788254 0.8261117339 -0.4166665971
-169.8 -140.1 2096.3 0.8110855222 0.0346757770 -0.5838988423 -0.0695210248 0.9968802929 -0.0373693146 0.5807814598 0.0709029585 0.8109658957
-186.3 -615.4 2062.5 0.7970860600 0.1927765310 -0.5722683668 -0.1575219184 0.9812414646 0.1111398190 0.5829585791 0.0015568095 0.8125003576
-37.0 -166.0 2215.9 0.7459333539 -0.0619437583 -0.6631337404 0.0474640243 0.9980781078 -0.0398406908 0.6643271446 -0.0017564960 0.7474398613
-12.8 -557.0 2216.5 0.7467010617 0.0559591390 -0.6628016829 0.0599523261 0.9867370725 0.1508496851 0.6624523997 -0.1523761302 0.7334427834
-99.7 -226.3 2009.6 0 0 0 0 0 0 0 0 0
150.3 282.4 2206.2 0 0 0 0 0 0 0 0 0
-258.9 -984.9 2061.9 0 0 0 0 0 0 0 0 0
-33.8 -928.5 2273.9 0 0 0 0 0 0 0 0 0
-26.4 431.8 2199.5 26 0.7346518636 0.1355782002 -0.6647595167 -0.1558348387 0.9873528481 0.0291521661 0.6603046060 0.0821759999 0.7464883924
-53.4 234.8 2183.1 0.7346518636 0.1355782002 -0.6647595167 -0.1558348387 0.9873528481 0.0291521661 0.6603046060 0.0821759999 0.7464883924
-79.6 41.2 2169.7 0.7360934019 0.1337240636 -0.6635392904 -0.1452573091 0.9886598587 0.0381057672 0.6611102819 0.0683345199 0.7471703887
-158.3 255.5 2088.9 0.2593705654 -0.0424951725 -0.9648424983 0.9550686479 0.1596497893 0.2497115731 0.1434253752 -0.9862586260 0.0819942653
-221.0 24.9 2054.3 -0.4530449212 -0.0424951725 -0.8904742599 0.8767476082 0.1596497893 -0.4536800385 0.1614432484 -0.9862586260 -0.0350709893
51.5 214.1 2277.3 0.9363073111 0.2975213528 -0.1865734756 -0.3071605265 0.4362670481 -0.8457679749 -0.1702381819 0.8492067456 0.4998668432
210.0 162.1 2248.5 -0.5095715523 0.2975213528 0.8073523641 0.8247575164 0.4362670481 0.3597861528 -0.2451771796 0.8492067456 -0.4676922560
-172.3 -139.4 2096.7 0.8113433719 0.0375336260 -0.5833636522 -0.0711088181 0.9968627095 -0.0347601324 0.5802288055 0.0696846992 0.8114669323
-190.2 -614.9 2063.4 0.7970534563 0.1956277490 -0.5713453889 -0.1593582779 0.9806780219 0.1134703532 0.5825038552 0.0006066813 0.8128277063
-36.8 -165.8 2215.8 0.7466576695 -0.0585453883 -0.6626271605 0.0440910459 0.9982846379 -0.0385194644 0.6637456417 -0.0004550708 0.7479582429
-13.8 -556.9 2216.0 0.7480575442 0.0445285961 -0.6621382833 0.0696095601 0.9869776368 0.1450160593 0.6599730253 -0.1545715183 0.7352164388
-93.8 -221.2 2009.0 0 0 0 0 0 0 0 0 0
147.9 262.8 2218.6 0 0 0 0 0 0 0 0 0
-263.9 -984.3 2063.2 0 0 0 0 0 0 0 0 0
-30.6 -928.5 2274.2 0 0 0 0 0 0 0 0 0
-26.0 431.8 2199.4 27 0.7453993559 0.1342463344 -0.6529607177 -0.1530998200 0.9878050089 0.0283151641 0.6487990618 0.0788620636 0.7568622828
-52.8 234.8 2183.7 0.7453993559 0.1342463344 -0.6529607177 -0.1530998200 0.9878050089 0.0283151641 0.6487990618 0.0788620636 0.7568622828
-78.5 41.0 2170.8 0.7468568683 0.1312408000 -0.6519054174 -0.1422465593 0.9891700745 0.0361734293 0.6495927572 0.0657149330 0.7574369907
-159.2 255.0 2091.1 0.2471635938 -0.0172891691 -0.9688194990 0.9560963511 0.1668153107 0.2409407496 0.1574482620 -0.9858365655 0.0577607825
-218.5 25.8 2053.3 -0.4583774507 -0.0172891691 -0.8885894418 0.8749434948 0.1668153107 -0.4545839131 0.1560897082 -0.9858365655 -0.0613373332
53.7 214.5 2276.2 0.9301376939 0.3264780641 -0.1680949777 -0.2947390676 0.3907184303 -0.8720481396 -0.2190268040 0.8606690168 0.4596477747
207.0 165.9 2240.1 -0.6146473289 0.3264780641 0.7180673480 0.7795097232 0.3907184303 0.4895955026 -0.1207199544 0.8606690168 -0.4946468472
-173.6 -139.0 2096.8 0.8210845590 0.0015931317 -0.5708043575 -0.0397160500 0.9977320433 -0.0543456152 0.5694231987 0.0672924370 0.8192856312
-174.3 -572.0 2067.6 0.8090795875 0.1607557833 -0.5652856231 -0.1389145851 0.9869173765 0.0818342343 0.5710455179 0.0123160053 0.8208259940
-39.3 -165.5 2216.1 0.7567896247 -0.0676820353 -0.6501450539 0.0470533855 0.9976853728 -0.0490903705 0.6519627571 0.0065595554 0.7582226396
-12.8 -556.3 2213.5 0.7589360476 0.0470501259 -0.6494631171 0.0819560513 0.9825530648 0.1669512093 0.6459870338 -0.1799327284 0.7418388724
-89.7 -220.0 2009.5 0 0 0 0 0 0 0 0 0
136.0 255.9 2226.2 0 0 0 0 0 0 0 0 0
-234.8 -943.5 2063.0 0 0 0 0 0 0 0 0 0
-30.5 -926.2 2281.3 0 0 0 0 0 0 0 0 0
-26.2 431.1 2199.3 28 0.7421073914 0.1339686215 -0.6567564607 -0.1541355103 0.9876723886 0.0273038950 0.6523180604 0.0809670687 0.7536082864
-52.9 234.0 2183.2 0.7421073914 0.1339686215 -0.6567564607 -0.1541355103 0.9876723886 0.0273038950 0.6523180604 0.0809670687 0.7536082864
-78.6 40.3 2169.7 0.7434222102 0.1314364970 -0.6557803750 -0.1443435401 0.9889234900 0.0345732383 0.6530607939 0.0689551532 0.7541596293
-158.8 254.6 2090.1 0.2662926018 -0.0342468545 -0.9632836580 0.9524828792 0.1626585573 0.2575239539 0.1478669494 -0.9860879183 0.0759343132
-222.5 26.9 2054.8 -0.4693605304 -0.0342468545 -0.8823422790 0.8684710264 0.1626585573 -0.4682950974 0.1595581472 -0.9860879183 -0.0466031060
53.1 213.4 2276.2 0.9284169078 0.3317761719 -0.1672322154 -0.2893200517 0.3631960452 -0.8856537342 -0.2331007272 0.8706395626 0.4331868589
204.2 166.3 2238.3 -0.6619932055 0.3317761719 0.6720785499 0.7471511960 0.3631960452 0.5566450953 -0.0594146922 0.8706395626 -0.4883202612
