152.1 443.8 2084.5  0.8421614170 -0.0071880477 -0.5391775966 0.0194183476 0.9996668696 0.0170031730 0.5388757586 -0.0247893538 0.8420204520
153.7 223.6 2089.9 0.8421614170 -0.0071880477 -0.5391775966 0.0194183476 0.9996668696 0.0170031730 0.5388757586 -0.0247893538 0.8420204520
126.9 31.5 2084.5 0.8322438002 0.1381345540 -0.5369255543 -0.1312762201 0.9900216460 0.0512219481 0.5386434793 0.0278564151 0.8420732021
40.0 241.6 2016.4 0.6271471381 -0.6199763417 -0.4715037942 0.3342431188 0.7609874606 -0.5560392141 0.7035396099 0.1911214888 0.6844739318
-94.3 170.0 1865.8 -0.7313348651 -0.6199763417 -0.2842159569 -0.6487008929 0.7609874606 0.0092301760 0.2105622888 0.1911214888 -0.9587158561
267.3 205.7 2163.5 0.3755344152 0.8243937492 0.4234960079 -0.4770764112 -0.2198065817 0.8509307504 0.7945892215 -0.5215937495 0.3107538521
334.8 120.0 2306.2 -0.4965258837 0.8243937492 0.2717296481 -0.7232354879 -0.2198065817 -0.6546872854 -0.4799921513 -0.5215937495 0.7053704858
23.7 -149.7 2033.3 0.8088735938 0.0794695839 -0.5825874209 -0.0603846088 0.9968127608 0.0521342941 0.5848736763 -0.0069907368 0.8110942245
-7.2 -536.6 2036.0 0.8223140836 0.0905806497 -0.5617781878 0.0388786979 0.9759985209 0.2142786831 0.5677041411 -0.1980455816 0.7990556359
173.8 -172.6 2128.4 0.8315454721 0.1440530121 0.5364520550 -0.1085388958 0.9893077612 -0.0974136218 -0.5447489023 0.0227779411 0.8382897973
117.8 -556.6 2119.5 0.8267008066 -0.0896538123 0.5554529428 0.0002950799 0.9872919917 0.1589163393 -0.5626417398 -0.1312123537 0.8162215352
114.4 355.1 1805.7 0 0 0 0 0 0 0 0 0
208.9 -63.4 2184.5 0 0 0 0 0 0 0 0 0
-41.0 -900.9 2109.9 0 0 0 0 0 0 0 0 0
151.1 -922.9 2168.2 0 0 0 0 0 0 0 0 0
138.0 449.0 2081.2  0.9012572765 0.0067389430 -0.4332318902 0.0005572205 0.9998601675 0.0167120658 0.4332839549 -0.0153032765 0.9011275172
136.6 240.9 2084.4 0.9012572765 0.0067389430 -0.4332318902 0.0005572205 0.9998601675 0.0167120658 0.4332839549 -0.0153032765 0.9011275172
120.4 47.8 2081.1 0.8975025415 0.0841722786 -0.4329020977 -0.0818891376 0.9963535666 0.0239537824 0.4333397746 0.0139513984 0.9011226296
15.1 251.9 2025.7 0.5373939276 -0.6523199081 -0.5344964862 0.4108609855 0.7560009956 -0.5095642805 0.7364788055 0.0542329811 0.6742831469
-98.2 165.2 1870.4 -0.7237228155 -0.6523199081 -0.2251754999 -0.6425287724 0.7560009956 -0.1249770746 0.2517579496 0.0542329811 -0.9662694931
258.1 229.9 2143.1 0.3599391282 0.8273169994 0.4312659800 -0.5259226561 -0.2018846869 0.8262251019 0.7706161141 -0.5242033005 0.3624385595
333.9 119.2 2305.3 -0.4939874411 0.8273169994 0.2674377263 -0.7057558894 -0.2018846869 -0.6790811419 -0.5078238249 -0.5242033005 0.6836123466
25.5 -148.9 2030.9 0.8732463717 0.0795349255 -0.4807441831 -0.0653415397 0.9967918992 0.0462210625 0.4828781188 -0.0089498069 0.8756418228
-5.4 -535.9 2034.3 0.8815525174 0.1238331571 -0.4555552006 -0.0110969599 0.9701524377 0.2422417551 0.4719555676 -0.2084935457 0.8566144705
174.6 -172.5 2127.4 0.7611624599 0.1421494037 0.6327916384 -0.0891255736 0.9893544316 -0.1150411814 -0.6424082518 0.0311671086 0.7657285929
119.4 -556.5 2115.3 0.7603676319 -0.0693865269 0.6457759738 -0.0771250948 0.9775962234 0.1958503276 -0.6448975205 -0.1987237930 0.7379810810
108.2 348.5 1798.6 0 0 0 0 0 0 0 0 0
208.6 -59.7 2176.6 0 0 0 0 0 0 0 0 0
-51.6 -897.8 2112.1 0 0 0 0 0 0 0 0 0
145.2 -919.4 2189.0 0 0 0 0 0 0 0 0 0
132.1 449.8 2079.1  0.9218609929 0.0239761677 -0.3867782950 -0.0214335434 0.9997109771 0.0108860573 0.3869275153 -0.0017454025 0.9221084714
127.2 247.7 2079.4 0.9218609929 0.0239761677 -0.3867782950 -0.0214335434 0.9997109771 0.0108860573 0.3869275153 -0.0017454025 0.9221084714
114.8 54.2 2075.6 0.9198805094 0.0644226149 -0.3868714869 -0.0661848262 0.9977687597 0.0087800184 0.3865739107 0.0175284557 0.9220918417
2.3 256.6 2026.9 0.4969274700 -0.6626748443 -0.5602902174 0.4713085592 0.7482218146 -0.4669393897 0.7286503315 -0.0320345685 0.6841362715
-101.9 157.9 1874.3 -0.7242424488 -0.6626748443 -0.1906172335 -0.6293761134 0.7482218146 -0.2098806798 0.2817066014 -0.0320345685 -0.9589656591
252.1 238.9 2132.0 0.3604806662 0.8421276212 0.4010919333 -0.5333241224 -0.1666989028 0.8293231130 0.7652574778 -0.5128669739 0.3890352845
333.4 118.7 2304.4 -0.4731439948 0.8421276212 0.2587582171 -0.6847142577 -0.1666989028 -0.7094912529 -0.5543474555 -0.5128669739 0.6554893851
24.5 -138.1 2039.2 0.8969764113 0.0678766593 -0.4368364811 -0.0641854331 0.9976676702 0.0232250169 0.4373940527 0.0072062453 0.8992410898
-1.8 -525.4 2036.4 0.8996579051 0.1316219568 -0.4162826836 -0.0455190353 0.9765557647 0.2103969753 0.4342161119 -0.1703365296 0.8845574260
183.9 -152.5 2116.2 0.7220882177 0.1624203324 0.6724643111 -0.1176904216 0.9867202044 -0.1119472980 -0.6817166805 0.0016932159 0.7316143513
120.9 -535.3 2115.5 0.7216195464 -0.0305717587 0.6916145086 -0.0979259461 0.9844716787 0.1456914395 -0.6853289008 -0.1728607863 0.7074202299
103.6 336.4 1794.3 0 0 0 0 0 0 0 0 0
213.5 -54.8 2164.0 0 0 0 0 0 0 0 0 0
-50.9 -889.5 2099.9 0 0 0 0 0 0 0 0 0
132.3 -901.4 2179.8 0 0 0 0 0 0 0 0 0
127.2 451.3 2079.5  0.9247811437 0.0300627705 -0.3793099821 -0.0302443337 0.9995275140 0.0054814685 0.3792955577 0.0064028190 0.9252533913
121.2 251.8 2078.3 0.9247811437 0.0300627705 -0.3793099821 -0.0302443337 0.9995275140 0.0054814685 0.3792955577 0.0064028190 0.9252533913
111.8 58.1 2074.4 0.9239375591 0.0481983870 -0.3794948161 -0.0517832153 0.9986580610 0.0007622003 0.3790223002 0.0189472362 0.9251935482
-4.7 258.8 2026.6 0.4749142230 -0.6703887582 -0.5701187849 0.5089728236 0.7377336621 -0.4435039163 0.7179158330 -0.0795486420 0.6915698647
-104.1 152.3 1876.4 -0.7197403312 -0.6703887582 -0.1804238856 -0.6204529405 0.7377336621 -0.2660586834 0.3114675283 -0.0795486420 -0.9469213486
247.0 244.8 2129.9 0.3814898729 0.8325476646 0.4016588926 -0.5411452651 -0.1511331350 0.8272367120 0.7494179606 -0.5329382420 0.3928734660
335.7 119.0 2304.2 -0.4772654474 0.8325476646 0.2812153697 -0.6840891838 -0.1511331350 -0.7135690451 -0.5515792370 -0.5329382420 0.6416674852
20.4 -133.4 2037.4 0.9014576674 0.0513456352 -0.4298112094 -0.0494313911 0.9986552596 0.0156261194 0.4300355613 0.0071598799 0.9027835727
0.5 -521.0 2034.6 0.9027338028 0.1224924102 -0.4123921096 -0.0396061987 0.9781996012 0.2038549483 0.4283724725 -0.1676934808 0.8879053593
184.2 -145.1 2106.2 0.7152793407 0.1640280187 0.6793160439 -0.1243655011 0.9864249825 -0.1072332412 -0.6876835823 -0.0077817580 0.7259688377
120.6 -527.9 2109.3 0.7148460150 -0.0290294513 0.6986790895 -0.1050031111 0.9833536148 0.1482902169 -0.6913533807 -0.1793681383 0.6998982430
99.7 328.0 1788.1 0 0 0 0 0 0 0 0 0
214.7 -54.5 2164.3 0 0 0 0 0 0 0 0 0
-45.2 -886.0 2097.1 0 0 0 0 0 0 0 0 0
131.4 -894.3 2176.1 0 0 0 0 0 0 0 0 0
125.5 450.8 2072.8  0.9325664639 0.0375832394 -0.3590366840 -0.0341172442 0.9992899895 0.0159871075 0.3593825996 -0.0026596978 0.9331865311
118.0 252.7 2073.3 0.9325664639 0.0375832394 -0.3590366840 -0.0341172442 0.9992899895 0.0159871075 0.3593825996 -0.0026596978 0.9331865311
109.0 58.9 2071.4 0.9320409894 0.0465029962 -0.3593565226 -0.0466041304 0.9988782406 0.0083868606 0.3593434095 0.0089305993 0.9331626892
-9.1 259.1 2024.3 0.4659656584 -0.6848219633 -0.5602632761 0.5372551680 0.7220997810 -0.4358082116 0.7030169964 -0.0979326665 0.7043977976
-105.3 148.2 1879.2 -0.7033820748 -0.6848219633 -0.1904536486 -0.6198982000 0.7220997810 -0.3070799708 0.3478216231 -0.0979326665 -0.9324319363
245.1 246.4 2122.3 0.3801110387 0.8298107982 0.4085702598 -0.5471357107 -0.1544305384 0.8226747513 0.7457600832 -0.5362511277 0.3953183591
335.7 116.0 2300.0 -0.4835345745 0.8298107982 0.2785827816 -0.6786924601 -0.1544305384 -0.7180025578 -0.5527846217 -0.5362511277 0.6378588676
20.0 -131.1 2036.6 0.9102456570 0.0538716987 -0.4105491936 -0.0519841313 0.9985234141 0.0157686882 0.4107924700 0.0069886618 0.9117020965
-0.9 -518.7 2033.9 0.9123454690 0.1101091355 -0.3943370879 -0.0345743559 0.9804372191 0.1937716156 0.4079588056 -0.1631527096 0.8983044028
185.0 -140.2 2104.3 0.7014566064 0.1699796915 0.6921455860 -0.1233251467 0.9854421616 -0.1170243770 -0.7019612193 -0.0032714356 0.7122076750
119.1 -522.7 2105.6 0.7004263997 -0.0453851670 0.7122801542 -0.0945117325 0.9832896590 0.1555922627 -0.7074393034 -0.1762997657 0.6844326258
93.8 323.6 1780.8 0 0 0 0 0 0 0 0 0
213.0 -56.2 2159.7 0 0 0 0 0 0 0 0 0
-42.0 -884.6 2094.8 0 0 0 0 0 0 0 0 0
136.0 -889.4 2171.3 0 0 0 0 0 0 0 0 0
124.7 450.0 2069.4  0.9367080927 0.0406028628 -0.3477490246 -0.0358367004 0.9991549253 0.0201295279 0.3482724428 -0.0063933143 0.9373715520
116.7 252.0 2070.6 0.9367080927 0.0406028628 -0.3477490246 -0.0358367004 0.9991549253 0.0201295279 0.3482724428 -0.0063933143 0.9373715520
108.6 58.1 2069.8 0.9365232587 0.0416323170 -0.3481249511 -0.0403283387 0.9991260171 0.0109946290 0.3482784033 0.0037425752 0.9373836517
-11.2 257.5 2023.1 0.4797288179 -0.6915507317 -0.5400165319 0.5574393868 0.7155084014 -0.4210808277 0.6775851250 -0.0990218967 0.7287476063
-109.5 143.2 1884.2 -0.6902825236 -0.6915507317 -0.2127620429 -0.6142523289 0.7155084014 -0.3327789307 0.3823665380 -0.0990218967 -0.9186895490
244.5 246.5 2118.2 0.3907881379 0.8245853782 0.4090764821 -0.5294621587 -0.1621731967 0.8326882124 0.7529637814 -0.5419951677 0.3732113838
338.4 119.2 2299.1 -0.4874313772 0.8245853782 0.2871751487 -0.6899655461 -0.1621731967 -0.7054412961 -0.5351244807 -0.5419951677 0.6479838490
16.7 -130.8 2037.4 0.9154237509 0.0381033942 -0.4006838202 -0.0444894880 0.9989877343 -0.0066434080 0.4000250995 0.0239077508 0.9161922932
1.9 -518.5 2028.2 0.9181362391 0.1243163571 -0.3762595952 -0.0248923153 0.9657339454 0.2583375871 0.3954822421 -0.2278231233 0.8897698522
183.4 -139.1 2101.7 0.6944943666 0.1626408696 0.7008748055 -0.1174981594 0.9866763949 -0.1125337854 -0.7098392248 -0.0041974159 0.7043512464
120.3 -522.1 2103.3 0.6940094233 -0.0469389334 0.7184341550 -0.1064568684 0.9802132845 0.1668799222 -0.7120518684 -0.1922984868 0.6752802730
86.4 317.5 1775.7 0 0 0 0 0 0 0 0 0
214.7 -55.8 2163.3 0 0 0 0 0 0 0 0 0
-44.4 -878.1 2113.0 0 0 0 0 0 0 0 0 0
137.8 -887.8 2175.1 0 0 0 0 0 0 0 0 0
124.7 449.7 2067.7 0 0.9360894561 0.0435475297 -0.3490561247 -0.0381242968 0.9990220070 0.0223952290 0.3496900201 -0.0076564192 0.9368341565
116.1 251.8 2069.2 0.9360894561 0.0435475297 -0.3490561247 -0.0381242968 0.9990220070 0.0223952290 0.3496900201 -0.0076564192 0.9368341565
108.2 57.8 2068.8 0.9360659719 0.0406286344 -0.3494707942 -0.0386815593 0.9991727471 0.0125519261 0.3496916592 0.0017686437 0.9368631840
-11.8 257.0 2021.4 0.5079528093 -0.6861554384 -0.5207443237 0.5810921192 0.7192208767 -0.3808585703 0.6358583570 -0.1091422588 0.7640497684
-115.5 138.3 1891.5 -0.6881686449 -0.6861554384 -0.2358274609 -0.5931144357 0.7192208767 -0.3618516028 0.4178984761 -0.1091422588 -0.9019140005
243.9 246.5 2116.9 0.3798562288 0.8421415687 0.3827621341 -0.5358168483 -0.1369886994 0.8331472874 0.7540620565 -0.5215665698 0.3991976082
334.7 118.5 2297.1 -0.4488001168 0.8421415687 0.2989583015 -0.7142492533 -0.1369886994 -0.6863542199 -0.5370534658 -0.5215665698 0.6629795432
16.7 -132.2 2037.9 0.9147853255 0.0394221209 -0.4020120800 -0.0456740409 0.9989385605 -0.0059741135 0.4013498724 0.0238265470 0.9156148434
1.4 -520.0 2028.6 0.9184336662 0.1213365868 -0.3765063584 -0.0193939302 0.9644621611 0.2635082006 0.3950993121 -0.2347128540 0.8881477118
184.4 -139.4 2100.2 0.6957960725 0.1682787091 0.6982478499 -0.1172044128 0.9857370257 -0.1207711175 -0.7086119652 0.0021943396 0.7055949569
119.1 -522.1 2099.4 0.6966846585 -0.0543918312 0.7153125405 -0.1316908449 0.9704797268 0.2020559460 -0.7051865458 -0.2349693775 0.6689554453
80.1 306.9 1772.7 0 0 0 0 0 0 0 0 0
220.9 -62.6 2160.9 0 0 0 0 0 0 0 0 0
-43.8 -879.6 2116.1 0 0 0 0 0 0 0 0 0
139.3 -883.9 2187.0 0 0 0 0 0 0 0 0 0
124.2 450.1 2072.3 1 0.9294553399 0.0422395207 -0.3665086627 -0.0409430079 0.9990974069 0.0113140494 0.3666557670 0.0044900640 0.9303458333
115.9 252.2 2071.4 0.9294553399 0.0422395207 -0.3665086627 -0.0409430079 0.9990974069 0.0113140494 0.3666557670 0.0044900640 0.9303458333
108.8 58.3 2069.2 0.9295664430 0.0365519673 -0.3668380678 -0.0381249115 0.9992685914 0.0029593271 0.3666779399 0.0112347780 0.9302800894
-11.1 257.5 2021.3 0.5100929141 -0.6961841583 -0.5051067472 0.6087664366 0.7070779800 -0.3597834110 0.6076253653 -0.1239690781 0.7844890356
-116.3 131.9 1896.0 -0.6767048836 -0.6961841583 -0.2395790815 -0.5887749195 0.7070779800 -0.3916437328 0.4420572817 -0.1239690781 -0.8883788586
242.8 247.0 2121.5 0.3824997246 0.8500002623 0.3622063994 -0.5435868502 -0.1099722162 0.8321174383 0.7471327186 -0.5151753426 0.4199846685
334.6 116.6 2300.8 -0.4350403249 0.8500002623 0.2970512211 -0.6980173588 -0.1099722162 -0.7075859904 -0.5687808990 -0.5151753426 0.6411572695
16.5 -132.7 2037.1 0.9073848128 0.0379344672 -0.4185854197 -0.0449619628 0.9989646077 -0.0069343313 0.4178889990 0.0251125302 0.9081509709
1.8 -520.5 2027.4 0.9114648104 0.1248198748 -0.3919845521 -0.0165473111 0.9632102847 0.2682388723 0.4110451043 -0.2380040139 0.8799977303
184.2 -139.6 2099.7 0.7071146965 0.1698782891 0.6863892078 -0.1211060733 0.9854643941 -0.1191352084 -0.6966506243 0.0011163499 0.7174096704
118.2 -522.2 2099.3 0.7065844536 -0.0639496893 0.7047331333 -0.1126348898 0.9730470777 0.2012281120 -0.6986070275 -0.2215622067 0.6803370118
76.3 299.5 1770.2 0 0 0 0 0 0 0 0 0
224.3 -60.4 2156.6 0 0 0 0 0 0 0 0 0
-44.8 -879.8 2116.2 0 0 0 0 0 0 0 0 0
142.1 -885.1 2182.0 0 0 0 0 0 0 0 0 0
122.9 449.2 2074.6 2 0.9221937656 0.0355423763 -0.3850914240 -0.0363191403 0.9993264079 0.0052588764 0.3850189447 0.0091364868 0.9228634238
115.8 251.3 2072.8 0.9221937656 0.0355423763 -0.3850914240 -0.0363191403 0.9993264079 0.0052588764 0.3850189447 0.0091364868 0.9228634238
110.0 57.4 2069.8 0.9222682714 0.0302646216 -0.3853638768 -0.0340564623 0.9994153380 -0.0030160202 0.3850472867 0.0159057099 0.9227597713
-10.1 256.0 2020.2 0.5007594228 -0.7102523446 -0.4947541058 0.6275129914 0.6915841699 -0.3576852977 0.5962109566 -0.1313503385 0.7920098305
-113.2 126.8 1897.5 -0.6612894535 -0.7102523446 -0.2413251996 -0.5915280581 0.6915841699 -0.4144946933 0.4612925053 -0.1313503385 -0.8774715662
241.8 246.7 2125.4 0.3878183663 0.8435512185 0.3715080321 -0.5491331816 -0.1122683063 0.8281597495 0.7403037548 -0.5251829624 0.4196822643
334.7 115.2 2302.7 -0.4502919614 0.8435512185 0.2926746309 -0.6807826161 -0.1122683063 -0.7238306403 -0.5777301788 -0.5251829624 0.6248285770
18.5 -132.3 2034.2 0.8989539146 0.0424955115 -0.4359771013 -0.0454472192 0.9989600182 0.0036615760 0.4356792867 0.0165223591 0.8999503255
2.0 -520.1 2027.8 0.9036192894 0.1220551431 -0.4105784595 -0.0126631064 0.9657351971 0.2592203915 0.4281492531 -0.2290373743 0.8742025495
185.0 -139.1 2099.9 0.7204656601 0.1703324467 0.6722470522 -0.1208188906 0.9853720069 -0.1201864257 -0.6828850508 0.0053700525 0.7305061221
118.8 -521.6 2097.8 0.7207278013 -0.0603704453 0.6905844212 -0.1249216497 0.9685810804 0.2150470912 -0.6818695068 -0.2412593663 0.6905417442
74.2 294.5 1766.7 0 0 0 0 0 0 0 0 0
220.5 -57.5 2156.2 0 0 0 0 0 0 0 0 0
-43.6 -880.4 2113.3 0 0 0 0 0 0 0 0 0
141.4 -883.0 2187.8 0 0 0 0 0 0 0 0 0
123.4 451.3 2076.8 3 0.9113664031 0.0337034203 -0.4102138579 -0.0358979367 0.9993526936 0.0023534764 0.4100276232 0.0125809526 0.9119863510
116.8 253.1 2074.3 0.9113664031 0.0337034203 -0.4102138579 -0.0358979367 0.9993526936 0.0023534764 0.4100276232 0.0125809526 0.9119863510
111.6 59.1 2070.8 0.9114916325 0.0265896618 -0.4104582369 -0.0317453034 0.9994794726 -0.0057490808 0.4100917280 0.0182703603 0.9118612409
-7.7 257.4 2018.3 0.5124742985 -0.7253662944 -0.4595800638 0.6522783637 0.6769192815 -0.3410471976 0.5584827065 -0.1249962151 0.8200445175
-113.8 122.3 1902.6 -0.6400662065 -0.7253662944 -0.2532963455 -0.5964426398 0.6769192815 -0.4313194156 0.4843257368 -0.1249962151 -0.8659125566
241.2 248.7 2130.3 0.3878469467 0.8522906899 0.3509634137 -0.5638103485 -0.0818535015 0.8218380809 0.7291725278 -0.5166242123 0.4487836957
333.1 115.3 2303.0 -0.4103853703 0.8522906899 0.3243214786 -0.7170380950 -0.0818535015 -0.6922112107 -0.5634183288 -0.5166242123 0.6447163820
21.5 -133.6 2032.2 0.8864872456 0.0502738506 -0.4600140452 -0.0511466414 0.9986351728 0.0105744377 0.4599178135 0.0141540691 0.8878486753
2.0 -521.3 2026.7 0.8944675922 0.1211755350 -0.4304000437 0.0015357148 0.9617394805 0.2739612758 0.4471301138 -0.2457104623 0.8600587249
186.7 -139.7 2101.2 0.7380335331 0.1729240417 0.6522298455 -0.1245720685 0.9849070907 -0.1201658472 -0.6631653905 0.0074368026 0.7484359741
119.6 -522.1 2098.3 0.7379214168 -0.0435072742 0.6734827757 -0.1220088303 0.9728769064 0.1965308636 -0.6637663841 -0.2271951884 0.7125984430
67.7 291.5 1765.3 0 0 0 0 0 0 0 0 0
229.1 -66.4 2160.2 0 0 0 0 0 0 0 0 0
-43.2 -880.2 2118.4 0 0 0 0 0 0 0 0 0
135.8 -885.1 2183.0 0 0 0 0 0 0 0 0 0
123.4 451.2 2077.4 4 0.9003880024 0.0299124587 -0.4340583682 -0.0325458199 0.9994693398 0.0013655224 0.4338688552 0.0128972866 0.9008837342
117.5 253.6 2074.8 0.9003880024 0.0299124587 -0.4340583682 -0.0325458199 0.9994693398 0.0013655224 0.4338688552 0.0128972866 0.9008837342
113.1 59.6 2071.3 0.9004982114 0.0226840787 -0.4342677295 -0.0283585973 0.9995760918 -0.0065913303 0.4339341223 0.0182507038 0.9007597566
-5.5 257.5 2015.6 0.5213502049 -0.7308853269 -0.4404549897 0.6656225920 0.6712912321 -0.3260592520 0.5339854956 -0.1231857538 0.8364716172
-114.0 118.9 1904.4 -0.6333808899 -0.7308853269 -0.2542347312 -0.5999097228 0.6712912321 -0.4352888763 0.4888117909 -0.1231857538 -0.8636482358
240.4 249.7 2134.1 0.3916358948 0.8580030203 0.3323434293 -0.5745172501 -0.0541070104 0.8167021275 0.7187149525 -0.5107868910 0.4717473090
332.0 115.4 2302.2 -0.3983497620 0.8580030203 0.3242657781 -0.6978854537 -0.0541070104 -0.7141627073 -0.5952087045 -0.5107868910 0.6203413010
24.9 -132.1 2030.5 0.8740377426 0.0560571402 -0.4826133549 -0.0521232523 0.9984076619 0.0215704553 0.4830540419 0.0063019837 0.8755678535
3.1 -519.7 2028.1 0.8816435933 0.1196558401 -0.4564942718 -0.0006936770 0.9676489234 0.2522994876 0.4719153047 -0.2221215665 0.8532044888
188.1 -137.8 2104.0 0.7541314960 0.1822452098 0.6309298277 -0.1308680028 0.9831585884 -0.1275645345 -0.6435520649 0.0136319129 0.7652809024
117.3 -519.5 2098.7 0.7524167895 -0.0622753575 0.6557368040 -0.0969370455 0.9742120504 0.2037501335 -0.6515153050 -0.2168702036 0.7269766927
65.3 288.8 1766.0 0 0 0 0 0 0 0 0 0
231.1 -61.5 2151.4 0 0 0 0 0 0 0 0 0
-41.6 -880.7 2111.0 0 0 0 0 0 0 0 0 0
140.6 -883.0 2179.6 0 0 0 0 0 0 0 0 0
123.0 451.9 2077.7 5 0.8889502883 0.0272584856 -0.4571918249 -0.0311599039 0.9995139241 -0.0009938256 0.4569424987 0.0151295140 0.8893675804
117.6 254.5 2074.7 0.8889502883 0.0272584856 -0.4571918249 -0.0311599039 0.9995139241 -0.0009938256 0.4569424987 0.0151295140 0.8893675804
114.1 60.4 2070.7 0.8890760541 0.0181205031 -0.4574007392 -0.0256200973 0.9996197224 -0.0101980669 0.4570420086 0.0207855087 0.8892021775
-3.8 258.0 2012.3 0.5280441046 -0.7341765761 -0.4267952740 0.6755408049 0.6676950455 -0.3127746284 0.5146008730 -0.1231588051 0.8485386372
-114.3 116.6 1904.6 -0.6301975846 -0.7341765761 -0.2526573539 -0.6026440263 0.6676950455 -0.4370394945 0.4895622432 -0.1231588051 -0.8632269502
239.0 251.0 2137.1 0.4000155330 0.8518300056 0.3381910622 -0.5813087821 -0.0494685099 0.8121778965 0.7085673213 -0.5214772224 0.4753880799
332.9 114.5 2303.5 -0.4107055068 0.8518300056 0.3251255155 -0.6809838414 -0.0494685099 -0.7306256890 -0.6062853932 -0.5214772224 0.6003994346
28.1 -131.9 2028.9 0.8610764742 0.0601374693 -0.5049067140 -0.0562677197 0.9981524348 0.0229261201 0.5053526163 0.0086688064 0.8628693819
4.7 -519.4 2025.6 0.8701515794 0.1377372295 -0.4731433988 -0.0024551339 0.9613431096 0.2753423154 0.4927780330 -0.2384279072 0.8368524313
189.3 -137.0 2106.6 0.7696841359 0.1887054443 0.6098988056 -0.1338808239 0.9817848206 -0.1348128170 -0.6242293119 0.0221095327 0.7809282541
116.1 -518.1 2098.1 0.7665862441 -0.0761406720 0.6376112700 -0.0783381090 0.9744397998 0.2105474323 -0.6373450160 -0.2113520205 0.7410274148
64.0 287.1 1766.0 0 0 0 0 0 0 0 0 0
228.8 -58.2 2149.8 0 0 0 0 0 0 0 0 0
-46.7 -878.1 2114.5 0 0 0 0 0 0 0 0 0
144.5 -881.8 2176.9 0 0 0 0 0 0 0 0 0
120.0 453.0 2079.8 6 0.8676850796 0.0149949649 -0.4968881309 -0.0245717689 0.9996168613 -0.0127419755 0.4965066910 0.0232654419 0.8677210808
117.1 255.9 2075.2 0.8676850796 0.0149949649 -0.4968881309 -0.0245717689 0.9996168613 -0.0127419755 0.4965066910 0.0232654419 0.8677210808
115.6 61.9 2070.0 0.8677344918 0.0075354935 -0.4969708622 -0.0201828592 0.9995945692 -0.0200835243 0.4966180325 0.0274574589 0.8675348163
-1.3 258.7 2007.5 0.5399689674 -0.7384532094 -0.4038816690 0.6842862964 0.6645519733 -0.3002048135 0.4900875986 -0.1142693982 0.8641508222
-114.3 115.5 1904.9 -0.6217851043 -0.7384532094 -0.2609025240 -0.6055200696 0.6645519733 -0.4378539920 0.4967179596 -0.1142693982 -0.8603567481
235.4 253.1 2143.0 0.4145412743 0.8398283124 0.3504910469 -0.6084306836 -0.0306315552 0.7930156589 0.6767330766 -0.5419872403 0.4982792437
331.0 112.9 2299.0 -0.4109552801 0.8398283124 0.3546888828 -0.6882141829 -0.0306315552 -0.7248606682 -0.5978937745 -0.5419872403 0.5905699134
31.0 -131.3 2025.7 0.8367424607 0.0782262310 -0.5419803262 -0.0690613538 0.9969160557 0.0372677967 0.5432242155 0.0062463470 0.8395644426
0.6 -518.3 2023.3 0.8544152379 0.1018836871 -0.5095039606 0.0433741510 0.9631788135 0.2653399408 0.5177772045 -0.2488097996 0.8185355663
190.2 -135.9 2107.6 0.7957998514 0.1845586300 0.5767500997 -0.1365213096 0.9825847149 -0.1260526031 -0.5899698734 0.0215739720 0.8071369529
118.6 -517.4 2099.2 0.7947842479 -0.0406474769 0.6055293083 -0.0941307172 0.9774236679 0.1891624629 -0.5995476246 -0.2073422521 0.7730147839
61.8 287.0 1764.2 0 0 0 0 0 0 0 0 0
226.7 -61.7 2147.3 0 0 0 0 0 0 0 0 0
-37.4 -877.5 2116.1 0 0 0 0 0 0 0 0 0
133.7 -881.9 2176.5 0 0 0 0 0 0 0 0 0
119.1 449.4 2079.4 7 0.8503208160 0.0086090956 -0.5261942744 -0.0157403369 0.9998348951 -0.0090777520 0.5260292888 0.0160014778 0.8503159285
117.4 252.9 2076.3 0.8503208160 0.0086090956 -0.5261942744 -0.0157403369 0.9998348951 -0.0090777520 0.5260292888 0.0160014778 0.8503159285
116.5 58.8 2072.1 0.8503246307 0.0044676354 -0.5262395740 -0.0151556293 0.9997571111 -0.0160015617 0.5260402560 0.0215820130 0.8501857519
1.4 255.0 2004.5 0.5651000142 -0.7306768894 -0.3831099570 0.6735088229 0.6767612696 -0.2972879112 0.4764953852 -0.0900305063 0.8745551109
-115.9 115.2 1905.6 -0.6218849421 -0.7306768894 -0.2817275822 -0.6053364873 0.6767612696 -0.4190011322 0.4968167543 -0.0900305063 -0.8631730080
233.4 250.8 2148.0 0.4393687844 0.8187236786 0.3696573973 -0.6108604074 -0.0294079203 0.7911919355 0.6586384177 -0.5734341145 0.4872049689
333.7 111.5 2298.3 -0.4236219227 0.8187236786 0.3876028955 -0.7050962448 -0.0294079203 -0.7085015774 -0.5686684251 -0.5734341145 0.5897368193
36.6 -130.3 2020.3 0.8176468611 0.0876173973 -0.5690138936 -0.0664765462 0.9961090684 0.0578582436 0.5718693137 -0.0094815316 0.8202899694
2.6 -517.0 2023.9 0.8359541297 0.1092889234 -0.5378072262 0.0454535149 0.9628157616 0.2663076222 0.5469137430 -0.2470661849 0.7999022603
191.8 -134.0 2109.1 0.8151214719 0.1880149543 0.5479301214 -0.1415983737 0.9818394780 -0.1262581348 -0.5617178082 0.0253296960 0.8269410729
118.8 -515.2 2099.3 0.8140617609 -0.0437463820 0.5791284442 -0.0726552680 0.9816547036 0.1762816459 -0.5762158632 -0.1855808794 0.7959491611
60.6 287.0 1764.5 0 0 0 0 0 0 0 0 0
226.2 -67.3 2154.1 0 0 0 0 0 0 0 0 0
-38.2 -876.2 2116.1 0 0 0 0 0 0 0 0 0
135.2 -881.4 2168.5 0 0 0 0 0 0 0 0 0
119.9 447.2 2078.7 8 0.8389809728 0.0051605818 -0.5441363454 -0.0134741366 0.9998454452 -0.0112926848 0.5439939499 0.0168061145 0.8389208317
118.9 250.7 2075.4 0.8389809728 0.0051605818 -0.5441363454 -0.0134741366 0.9998454452 -0.0112926848 0.5439939499 0.0168061145 0.8389208317
118.6 56.6 2071.3 0.8389826417 0.0015900473 -0.5441558361 -0.0129672084 0.9997701645 -0.0170715451 0.5440036058 0.0213789139 0.8388104439
4.3 252.5 2001.1 0.5878623128 -0.7162837982 -0.3759726882 0.6584875584 0.6936629415 -0.2919347584 0.4699064493 -0.0759559050 0.8794422150
-117.2 116.4 1904.0 -0.6312542558 -0.7162837982 -0.2974148989 -0.5977240205 0.6936629415 -0.4019425213 0.4942106009 -0.0759559050 -0.8660176396
233.4 248.9 2149.6 0.4521145225 0.8057965040 0.3824715018 -0.6089920402 -0.0344344601 0.7924284935 0.6517063379 -0.5911905169 0.4751553535
334.9 112.2 2295.9 -0.4274294674 0.8057965040 0.4098731875 -0.7247759104 -0.0344344601 -0.6881236434 -0.5403738618 -0.5911905169 0.5987402201
39.6 -133.9 2020.9 0.8053418398 0.0944988653 -0.5852302313 -0.0656876415 0.9953586459 0.0703300089 0.5891600847 -0.0181973055 0.8078113794
2.9 -520.2 2027.9 0.8218769431 0.1266413182 -0.5554100275 0.0297204126 0.9641163349 0.2638113499 0.5688892603 -0.2333274931 0.7886211276
191.8 -136.6 2115.0 0.8280985951 0.1881228685 0.5280743241 -0.1351334304 0.9812202454 -0.1376437992 -0.5440511107 0.0426221527 0.8379688263
118.7 -517.5 2098.5 0.8271057010 -0.0423327908 0.5604498982 -0.0707021058 0.9814018607 0.1784701794 -0.5575817227 -0.1872386932 0.8087300658
61.9 286.0 1763.8 0 0 0 0 0 0 0 0 0
226.5 -71.6 2158.9 0 0 0 0 0 0 0 0 0
-44.3 -880.0 2115.0 0 0 0 0 0 0 0 0 0
134.5 -883.7 2168.4 0 0 0 0 0 0 0 0 0
119.2 446.5 2079.3 9 0.8299468160 0.0049540368 -0.5578204989 -0.0132680917 0.9998530149 -0.0108610261 0.5576846600 0.0164152887 0.8298905492
118.2 250.0 2076.1 0.8299468160 0.0049540368 -0.5578204989 -0.0132680917 0.9998530149 -0.0108610261 0.5576846600 0.0164152887 0.8298905492
118.3 55.9 2072.3 0.8299530745 -0.0004733556 -0.5578330159 -0.0104977274 0.9998093247 -0.0164670888 0.5577344894 0.0195228904 0.8297898173
4.9 251.5 1999.9 0.5911397338 -0.7091971040 -0.3841786981 0.6481221318 0.7011834979 -0.2971184254 0.4800952971 -0.0733562037 0.8741437793
-116.8 118.1 1901.1 -0.6390843391 -0.7091971040 -0.2976754010 -0.5954573750 0.7011834979 -0.3921379149 0.4868281782 -0.0733562037 -0.8704121113
231.6 248.6 2152.3 0.4811787605 0.7795310020 0.4009967744 -0.5924906135 -0.0479359813 0.8041498661 0.6460819244 -0.6245266795 0.4387990236
337.0 118.7 2293.8 -0.4241615236 0.7795310020 0.4608887136 -0.7740578055 -0.0479359813 -0.6312976480 -0.4700229168 -0.6245266795 0.6237346530
43.1 -136.3 2018.4 0.7952504754 0.1065355837 -0.5968474150 -0.0673267692 0.9938694835 0.0876954868 0.6025311947 -0.0295560658 0.7975478768
1.8 -522.0 2029.9 0.8108173609 0.1116226688 -0.5745568275 0.0317264907 0.9718212485 0.2335742265 0.5844387412 -0.2076147050 0.7844281197
193.3 -138.6 2115.8 0.8359969854 0.1929364204 0.5136969686 -0.1406974941 0.9802206159 -0.1391823739 -0.5303897262 0.0440801643 0.8466071486
118.4 -519.1 2098.7 0.8349364996 -0.0434758402 0.5486263037 -0.0773271024 0.9777181745 0.1951607764 -0.5448867083 -0.2053705454 0.8129707575
65.0 287.4 1762.7 0 0 0 0 0 0 0 0 0
229.8 -76.9 2175.0 0 0 0 0 0 0 0 0 0
-39.9 -884.6 2107.4 0 0 0 0 0 0 0 0 0
134.7 -884.0 2175.4 0 0 0 0 0 0 0 0 0
119.8 448.1 2078.6 0 0.8237919211 0.0074936263 -0.5668427944 -0.0153368963 0.9998412132 -0.0090712542 0.5666847825 0.0161664356 0.8237760663
118.3 250.9 2075.5 0.8237919211 0.0074936263 -0.5668427944 -0.0153368963 0.9998412132 -0.0090712542 0.5666847825 0.0161664356 0.8237760663
118.0 56.8 2072.1 0.8238108754 0.0013388305 -0.5668631792 -0.0110475682 0.9998452067 -0.0136937499 0.5667571425 0.0175435189 0.8236981034
5.8 252.4 1998.0 0.5944761038 -0.7011638284 -0.3936590850 0.6425426006 0.7085509896 -0.2917096317 0.4834637940 -0.0795283169 0.8717442155
-117.2 119.5 1898.1 -0.6511699557 -0.7011638284 -0.2904255092 -0.5909304619 0.7085509896 -0.3856898248 0.4762130380 -0.0795283169 -0.8757262230
230.8 249.4 2152.9 0.4909927845 0.7788300514 0.3903202116 -0.5875852704 -0.0347204730 0.8084169626 0.6431714892 -0.6262733340 0.4405815601
337.6 121.6 2292.7 -0.4022484422 0.7788300514 0.4812691212 -0.7937582135 -0.0347204730 -0.6072416306 -0.4562281370 -0.6262733340 0.6321689487
44.1 -137.2 2018.6 0.7875738144 0.1163251549 -0.6051412821 -0.0759563521 0.9928578138 0.0920001715 0.6115211844 -0.0264925957 0.7907844186
-1.1 -522.6 2028.9 0.8082242012 0.0936329365 -0.5813832879 0.0583981462 0.9696671963 0.2373504341 0.5859721303 -0.2257840633 0.7782404423
192.7 -139.1 2118.5 0.8416880369 0.1901395768 0.5053792596 -0.1421313584 0.9809592962 -0.1323539019 -0.5209221840 0.0395704471 0.8526864648
118.9 -519.9 2103.1 0.8405005932 -0.0510840416 0.5393970609 -0.0539391115 0.9827105403 0.1771175265 -0.5391190648 -0.1779619902 0.8232133389
67.9 287.4 1762.7 0 0 0 0 0 0 0 0 0
235.7 -79.4 2177.2 0 0 0 0 0 0 0 0 0
-36.0 -884.4 2113.1 0 0 0 0 0 0 0 0 0
138.0 -886.6 2169.5 0 0 0 0 0 0 0 0 0
118.8 451.2 2078.8 1 0.8184274435 0.0141356969 -0.5744360089 -0.0192716680 0.9998102188 -0.0028540145 0.5742866397 0.0134061435 0.8185445070
116.0 254.0 2076.2 0.8184274435 0.0141356969 -0.5744360089 -0.0192716680 0.9998102188 -0.0028540145 0.5742866397 0.0134061435 0.8185445070
114.6 59.9 2073.4 0.8184833527 0.0069248616 -0.5744885206 -0.0139639992 0.9998717308 -0.0078423275 0.5743605494 0.0144409714 0.8184750676
4.2 255.9 1997.7 0.5813588500 -0.7028157711 -0.4099657536 0.6536216140 0.7034752369 -0.2791081667 0.4845623672 -0.1057004780 0.8683471084
-117.3 119.3 1896.5 -0.6583934426 -0.7028157711 -0.2693846822 -0.5869864225 0.7034752369 -0.4007112384 0.4711316228 -0.1057004780 -0.8757067919
227.8 252.1 2154.6 0.5076693296 0.7528335452 0.4189432859 -0.5877698064 -0.0528922938 0.8072973490 0.6299194098 -0.6560823321 0.4156410396
338.5 123.8 2292.1 -0.4324759245 0.7528335452 0.4961917102 -0.7911599278 -0.0528922938 -0.6093179584 -0.4324702919 -0.6560823321 0.6184864044
44.0 -136.3 2017.9 0.7817883492 0.1137860641 -0.6130740047 -0.0757891834 0.9932594299 0.0877022743 0.6189208627 -0.0221002363 0.7851423621
-0.2 -521.9 2026.5 0.8053770065 0.0990609899 -0.5844269395 0.0678938702 0.9640324712 0.2569665313 0.5888618827 -0.2466339469 0.7696839571
191.5 -138.3 2119.4 0.8473477364 0.1923029423 0.4949963689 -0.1398335546 0.9800318480 -0.1413653940 -0.5122972131 0.0505685396 0.8573181629
116.9 -518.7 2099.8 0.8432113528 -0.0836686119 0.5310312510 -0.0471851081 0.9724826217 0.2281471938 -0.5355073810 -0.2174330652 0.8160604835
70.0 286.3 1762.4 0 0 0 0 0 0 0 0 0
229.0 -76.6 2182.5 0 0 0 0 0 0 0 0 0
-37.2 -881.6 2118.5 0 0 0 0 0 0 0 0 0
148.1 -881.2 2180.8 0 0 0 0 0 0 0 0 0
119.7 448.6 2072.4 2 0.8264297247 0.0140257487 -0.5628651381 -0.0106902737 0.9999003410 0.0092199557 0.5629383922 -0.0016024627 0.8264973164
117.0 252.2 2072.7 0.8264297247 0.0140257487 -0.5628651381 -0.0106902737 0.9999003410 0.0092199557 0.5629383922 -0.0016024627 0.8264973164
114.5 58.1 2072.0 0.8264055252 0.0125588793 -0.5629353523 -0.0125109805 0.9999139905 0.0039412258 0.5629364252 0.0037858218 0.8264915347
4.1 254.0 1995.8 0.5931479335 -0.6941107512 -0.4079041481 0.6468597054 0.7125163078 -0.2718328536 0.4793204665 -0.1026196703 0.8716198206
-118.3 120.4 1896.9 -0.6643056870 -0.6941107512 -0.2773233056 -0.5790770054 0.7125163078 -0.3962200582 0.4726179838 -0.1026196703 -0.8752722144
229.9 250.5 2149.6 0.4851084054 0.7899078131 0.3751205802 -0.5714109540 -0.0383777767 0.8197662234 0.6619360447 -0.6120234728 0.4327446222
336.7 124.7 2295.4 -0.4116505682 0.7899078131 0.4545210898 -0.7729294300 -0.0383777767 -0.6333302259 -0.4828290343 -0.6120234728 0.6263412833
40.0 -133.0 2019.1 0.7909451127 0.0998437181 -0.6036862731 -0.0651331395 0.9947301149 0.0791815445 0.6084106565 -0.0233082678 0.7932800055
1.2 -519.1 2028.2 0.8064994812 0.1106223688 -0.5807936192 0.0345020257 0.9718601704 0.2330179513 0.5902271867 -0.2079674155 0.7799880505
186.6 -135.5 2122.0 0.8444979787 0.1756442934 0.5059369802 -0.1225097924 0.9829976559 -0.1367732733 -0.5213583112 0.0535225160 0.8516576886
118.4 -517.0 2101.2 0.8425698280 -0.0573768653 0.5355221033 -0.0634900555 0.9767952561 0.2045485079 -0.5348318219 -0.2063467354 0.8193753362
71.0 285.5 1762.2 0 0 0 0 0 0 0 0 0
232.5 -71.0 2173.1 0 0 0 0 0 0 0 0 0
-40.0 -881.5 2105.7 0 0 0 0 0 0 0 0 0
139.8 -881.2 2178.2 0 0 0 0 0 0 0 0 0
118.8 450.5 2075.2 3 0.8181127310 0.0172310174 -0.5747997165 -0.0191432051 0.9998130202 0.0027252894 0.5747391582 0.0087739145 0.8182896376
115.4 253.6 2073.5 0.8181127310 0.0172310174 -0.5747997165 -0.0191432051 0.9998130202 0.0027252894 0.5747391582 0.0087739145 0.8182896376
113.1 59.5 2071.2 0.8181521297 0.0117534120 -0.5748816729 -0.0164232403 0.9998608232 -0.0029309208 0.5747672319 0.0118393591 0.8182312846
3.6 255.8 1994.9 0.5873814821 -0.6934948564 -0.4171905220 0.6535449028 0.7104983926 -0.2609042823 0.4773489833 -0.1194024086 0.8705636263
-118.5 119.9 1895.7 -0.6714030504 -0.6934948564 -0.2613099515 -0.5772252083 0.7104983926 -0.4024960995 0.4647892714 -0.1194024086 -0.8773334622
227.1 251.3 2152.0 0.4818577468 0.7987573147 0.3602774739 -0.5825601816 -0.0151076280 0.8126471639 0.6545507908 -0.6014636159 0.4580444694
335.7 120.0 2299.5 -0.4221784770 0.7987573147 0.4286631346 -0.7263245583 -0.0151076280 -0.6871858835 -0.5424186587 -0.6014636159 0.5865351558
38.1 -134.8 2020.8 0.7825039029 0.0945977494 -0.6154176593 -0.0650196448 0.9954022169 0.0703338385 0.6192415357 -0.0150222667 0.7850568295
1.4 -521.2 2026.7 0.7998222709 0.1095837653 -0.5901488662 0.0439436771 0.9698646069 0.2396489233 0.5986261368 -0.2176098675 0.7709038258
186.1 -137.1 2121.7 0.8514599800 0.1735850275 0.4948577285 -0.1213209629 0.9832317829 -0.1361489743 -0.5101932883 0.0558887832 0.8582419753
118.8 -518.8 2100.0 0.8490056992 -0.0653882325 0.5243221521 -0.0581388250 0.9747275114 0.2156992555 -0.5251753926 -0.2136133611 0.8237475753
73.0 284.6 1763.1 0 0 0 0 0 0 0 0 0
229.0 -63.6 2162.4 0 0 0 0 0 0 0 0 0
-39.5 -883.1 2107.8 0 0 0 0 0 0 0 0 0
143.2 -882.4 2179.7 0 0 0 0 0 0 0 0 0
121.8 451.2 2076.6 4 0.8162864447 0.0294142421 -0.5768979788 -0.0319383480 0.9994732141 0.0057686241 0.5767637491 0.0137163177 0.8167958260
116.0 253.9 2073.9 0.8162864447 0.0294142421 -0.5768979788 -0.0319383480 0.9994732141 0.0057686241 0.5767637491 0.0137163177 0.8167958260
111.7 59.8 2071.0 0.8164216280 0.0222448595 -0.5770276785 -0.0267067924 0.9996430278 0.0007502525 0.5768383741 0.0147980349 0.8167242408
4.5 257.5 1995.1 0.5836908221 -0.6916361451 -0.4253756404 0.6558197141 0.7104539871 -0.2552560866 0.4787541628 -0.1299790740 0.8682740927
-117.9 120.1 1894.7 -0.6770492196 -0.6916361451 -0.2514831126 -0.5751060247 0.7104539871 -0.4055960774 0.4591920972 -0.1299790740 -0.8787764311
227.5 250.2 2152.7 0.4802977145 0.7893165946 0.3824832141 -0.5854357481 -0.0362252295 0.8099091053 0.6531302333 -0.6129168272 0.4446952641
336.2 117.7 2300.5 -0.4557197690 0.7893165946 0.4114593565 -0.7035421729 -0.0362252295 -0.7097296119 -0.5452961922 -0.6129168272 0.5718260407
37.6 -133.1 2017.4 0.7817345858 0.0930899158 -0.6166241169 -0.0591172166 0.9954049587 0.0753265917 0.6208028197 -0.0224323031 0.7836457491
1.4 -519.5 2026.1 0.7998337150 0.1139896363 -0.5892982483 0.0507538654 0.9654403925 0.2556343079 0.5980719924 -0.2343741059 0.7664063573
184.1 -136.1 2120.3 0.8542793393 0.1646343023 0.4930540919 -0.1129668057 0.9846500158 -0.1330522448 -0.5073906779 0.0579650439 0.8597643375
120.2 -518.3 2097.8 0.8532633781 -0.0438052639 0.5196371078 -0.0785194188 0.9743129611 0.2110661119 -0.5155349970 -0.2208965868 0.8279060125
75.0 283.9 1763.9 0 0 0 0 0 0 0 0 0
220.9 -60.4 2162.5 0 0 0 0 0 0 0 0 0
-41.1 -879.8 2113.5 0 0 0 0 0 0 0 0 0
136.6 -881.8 2180.3 0 0 0 0 0 0 0 0 0
119.6 448.1 2076.8 5 0.8116909266 0.0236838162 -0.5836068392 -0.0271079857 0.9996284246 0.0028644442 0.5834578276 0.0134953633 0.8120313287
115.0 251.7 2074.1 0.8116909266 0.0236838162 -0.5836068392 -0.0271079857 0.9996284246 0.0028644442 0.5834578276 0.0134953633 0.8120313287
111.5 57.7 2070.8 0.8117447495 0.0180568248 -0.5837331414 -0.0245279837 0.9996940494 -0.0031849521 0.5834970474 0.0169031657 0.8119392991
4.1 255.1 1994.4 0.5845392942 -0.6895895600 -0.4275278151 0.6517320871 0.7129176855 -0.2588312924 0.4832794964 -0.1273365319 0.8661561012
-116.9 120.3 1894.4 -0.6785386205 -0.6895895600 -0.2530840337 -0.5745970607 0.7129176855 -0.4019783735 0.4576281905 -0.1273365319 -0.8799782991
225.9 248.4 2153.8 0.4869107008 0.7865504026 0.3798110187 -0.5694012046 -0.0439058468 0.8208864331 0.6623444557 -0.6159632802 0.4264845252
338.4 116.7 2307.0 -0.4777766764 0.7865504026 0.3912389278 -0.6752228141 -0.0439058468 -0.7363059521 -0.5619640350 -0.6159632802 0.5520739555
34.2 -131.8 2016.4 0.7780925632 0.0789579526 -0.6231673956 -0.0421960577 0.9963976145 0.0735614151 0.6267307997 -0.0309423823 0.7786212564
3.6 -518.6 2028.5 0.7892771959 0.1357414573 -0.5988453627 0.0243062936 0.9675882459 0.2513607740 0.6135557890 -0.2129490376 0.7603959441
180.5 -136.6 2119.8 0.8591943979 0.1549128741 0.4876341224 -0.1065561473 0.9863424897 -0.1255956143 -0.5004306436 0.0559506342 0.8639668226
120.4 -519.5 2098.1 0.8577052951 -0.0527591109 0.5114275217 -0.0637756959 0.9761211276 0.2076541185 -0.5101708770 -0.2107226849 0.8338595033
76.2 283.7 1764.2 0 0 0 0 0 0 0 0 0
217.4 -54.3 2164.6 0 0 0 0 0 0 0 0 0
-47.1 -879.5 2107.9 0 0 0 0 0 0 0 0 0
140.1 -883.8 2176.7 0 0 0 0 0 0 0 0 0
119.3 448.0 2076.9 6 0.8006788492 0.0213847067 -0.5987120271 -0.0237668883 0.9997098446 0.0039231805 0.5986221433 0.0110883135 0.8009547591
115.1 250.9 2074.7 0.8006788492 0.0213847067 -0.5987120271 -0.0237668883 0.9997098446 0.0039231805 0.5986221433 0.0110883135 0.8009547591
112.4 56.9 2072.8 0.8007988334 0.0138918431 -0.5987722874 -0.0169666540 0.9998559356 0.0005059769 0.5986930728 0.0097539769 0.8009191751
5.7 253.3 1992.9 0.5904796720 -0.6880770326 -0.4217626750 0.6479397416 0.7157424092 -0.2605510354 0.4811526239 -0.1194267124 0.8684638143
-116.3 119.5 1893.5 -0.6781170368 -0.6880770326 -0.2582774758 -0.5756677985 0.7157424092 -0.3953723907 0.4569068253 -0.1194267124 -0.8814609647
224.4 248.6 2156.5 0.4920773208 0.7950326800 0.3546589017 -0.5523036718 -0.0298023038 0.8331100941 0.6729193926 -0.6058340073 0.4244344532
339.9 119.0 2314.4 -0.4753868878 0.7950326800 0.3767364323 -0.6509608030 -0.0298023038 -0.7585260868 -0.5918254256 -0.6058340073 0.5317027569
35.2 -134.2 2015.3 0.7657610774 0.0871708319 -0.6371901035 -0.0424289666 0.9954605699 0.0851938501 0.6417240500 -0.0382028148 0.7659835219
1.4 -520.6 2030.1 0.7773700953 0.1220367625 -0.6170921922 0.0320014246 0.9720582366 0.2325483710 0.6282290220 -0.2005239725 0.7517436147
180.7 -138.6 2119.8 0.8673558831 0.1601511687 0.4712169468 -0.1159611866 0.9857835174 -0.1215889230 -0.4839905202 0.0508179888 0.8735964298
118.5 -521.3 2100.1 0.8648093939 -0.0665357262 0.4976722896 -0.0456668921 0.9766498208 0.2099278271 -0.5000192523 -0.2042746991 0.8415774703
76.7 283.2 1763.5 0 0 0 0 0 0 0 0 0
219.5 -45.9 2164.4 0 0 0 0 0 0 0 0 0
-44.1 -883.3 2104.9 0 0 0 0 0 0 0 0 0
143.3 -885.7 2176.3 0 0 0 0 0 0 0 0 0
119.2 448.8 2076.9 7 0.7970881462 0.0216347482 -0.6034752727 -0.0230878852 0.9997191429 0.0053450256 0.6034214497 0.0096725114 0.7973638177
114.9 251.6 2075.0 0.7970881462 0.0216347482 -0.6034752727 -0.0230878852 0.9997191429 0.0053450256 0.6034214497 0.0096725114 0.7973638177
112.3 57.5 2073.4 0.7972130179 0.0137771247 -0.6035408974 -0.0160379615 0.9998700619 0.0016397604 0.6034850478 0.0083723273 0.7973303795
6.0 253.8 1992.6 0.5897241235 -0.6886036396 -0.4219602942 0.6496616602 0.7148698568 -0.2586518526 0.4797553122 -0.1215981841 0.8689354062
-115.9 119.4 1893.3 -0.6780501604 -0.6886036396 -0.2570467293 -0.5753280520 0.7148698568 -0.3974401653 0.4574337006 -0.1215981841 -0.8808906078
223.8 249.4 2157.5 0.4822142422 0.7928683758 0.3725978732 -0.5669345856 -0.0418136008 0.8227009177 0.6678732038 -0.6079567075 0.4293414056
335.3 118.3 2311.9 -0.4731596410 0.7928683758 0.3840308785 -0.6709414721 -0.0418136008 -0.7403304577 -0.5709268451 -0.6079567075 0.5517528057
37.9 -135.7 2017.3 0.7605093122 0.0967631415 -0.6420767307 -0.0566964783 0.9949530363 0.0827885270 0.6468470693 -0.0265579540 0.7621571422
