388.7 58.0 1768.1 57 0.4270364940 0.8908139467 -0.1552104950 -0.4526767731 0.3592002094 0.8161243200 0.7827666402 -0.2782546878 0.5566424131
216.8 -11.3 1821.8 0.4270364940 0.8908139467 -0.1552104950 -0.4526767731 0.3592002094 0.8161243200 0.7827666402 -0.2782546878 0.5566424131
42.2 -86.6 1879.9 0.4494440556 0.8781496286 -0.1638698131 -0.4433320165 0.3785223961 0.8125131130 0.7755364776 -0.2925304472 0.5594364405
153.6 51.0 1712.8 0.7942253947 -0.3667789102 -0.4844370186 0.6043061018 0.5599932671 0.5667641759 0.0634043366 -0.7428867817 0.6664076447
-32.0 -90.2 1697.9 -0.4990878105 -0.3667789102 -0.7851016521 0.5554558039 0.5599932671 -0.6147165298 0.6651167274 -0.7428867817 -0.0757563487
279.9 -73.7 1930.8 -0.8725634217 0.1012902781 -0.4778842926 -0.4276492596 0.3144492209 0.8474891186 0.2361127436 0.9438548684 -0.2310601622
52.6 -185.1 1992.3 -0.1804700792 0.1012902781 -0.9783510566 -0.9271860123 0.3144492209 0.2035874277 0.3282631636 0.9438548684 0.0371662527
-173.6 -119.2 1867.3 0.3924445510 -0.2889426053 -0.8732121587 0.1246451586 0.9573242664 -0.2607561648 0.9112907648 -0.0065093334 0.4117119908
-58.8 -499.8 1869.9 0.3898567259 -0.0514870211 -0.9194350839 0.1913742125 0.9811673760 0.0262021050 0.9007706046 -0.1861712188 0.3923679590
-91.1 -202.4 2009.1 0.2612711191 0.6928176284 -0.6721169353 -0.0512065813 0.7052704096 0.7070866823 0.9639062881 -0.1503245085 0.2197435945
-366.5 -482.8 2068.9 0.2612711191 0.6928176284 -0.6721169353 -0.0512065813 0.7052704096 0.7070866823 0.9639062881 -0.1503245085 0.2197435945
94.8 -231.2 1529.0 0 0 0 0 0 0 0 0 0
6.1 -424.3 2077.0 0 0 0 0 0 0 0 0 0
-39.1 -874.8 1941.1 0 0 0 0 0 0 0 0 0
-631.4 -752.4 2126.4 0 0 0 0 0 0 0 0 0
388.4 59.1 1763.9 58 0.4443705082 0.8835684061 -0.1477895081 -0.4547871947 0.3646327853 0.8125340343 0.7718182802 -0.2938533723 0.5638676882
217.4 -11.5 1820.8 0.4443705082 0.8835684061 -0.1477895081 -0.4547871947 0.3646327853 0.8125340343 0.7718182802 -0.2938533723 0.5638676882
44.5 -88.3 1881.6 0.4665727913 0.8700198531 -0.1592963040 -0.4452750385 0.3866596520 0.8076041341 0.7642250657 -0.3058754504 0.5678030252
151.8 51.2 1713.3 0.7883007526 -0.3668922782 -0.4939351678 0.6116455793 0.5545175076 0.5642694235 0.0668696165 -0.7469272614 0.6615346670
-31.6 -91.1 1697.8 -0.5064573884 -0.3668922782 -0.7803146243 0.5544325709 0.5545175076 -0.6205762029 0.6603827477 -0.7469272614 -0.0774224773
282.9 -74.1 1928.3 -0.8651210070 0.1162817776 -0.4878977537 -0.4353704154 0.3088901341 0.8456000686 0.2490346879 0.9439626336 -0.2166016996
57.6 -187.5 1993.1 -0.1680059731 0.1162817776 -0.9789037704 -0.9305970669 0.3088901341 0.1964076310 0.3252123296 0.9439626336 0.0563160926
-173.6 -121.2 1866.9 0.4057888687 -0.2905190289 -0.8665645123 0.1289345622 0.9568500519 -0.2604109943 0.9048266411 -0.0060582398 0.4257370234
-58.1 -501.6 1869.4 0.4031324983 -0.0511682853 -0.9137099981 0.2007888108 0.9790526032 0.0337613113 0.8928426504 -0.1970730275 0.4049619436
-85.7 -206.0 2012.4 0.2791309655 0.6848703027 -0.6730813980 -0.0557593629 0.7113190889 0.7006539702 0.9586327672 -0.1580436379 0.2367391288
-357.9 -488.8 2075.3 0.2791309655 0.6848703027 -0.6730813980 -0.0557593629 0.7113190889 0.7006539702 0.9586327672 -0.1580436379 0.2367391288
97.0 -231.8 1530.2 0 0 0 0 0 0 0 0 0
14.3 -427.6 2077.1 0 0 0 0 0 0 0 0 0
-38.5 -875.8 1944.7 0 0 0 0 0 0 0 0 0
-619.7 -760.7 2135.7 0 0 0 0 0 0 0 0 0
389.0 59.1 1761.4 59 0.4455910921 0.8819081187 -0.1539047807 -0.4345161021 0.3633616567 0.8241140842 0.7827160358 -0.3003438115 0.5451139808
218.1 -11.3 1819.6 0.4455910921 0.8819081187 -0.1539047807 -0.4345161021 0.3633616567 0.8241140842 0.7827160358 -0.3003438115 0.5451139808
45.8 -88.1 1882.0 0.4693937004 0.8672310114 -0.1660718769 -0.4243121445 0.3864776492 0.8188982010 0.7743570209 -0.3139193356 0.5493867993
152.1 48.4 1710.6 0.7951703072 -0.3712283373 -0.4794722795 0.6043047905 0.5505877137 0.5759070516 0.0501985177 -0.7476915717 0.6621460915
-31.5 -91.2 1699.0 -0.5032119155 -0.3712283373 -0.7803635597 0.5574387908 0.5505877137 -0.6213816404 0.6603330374 -0.7476915717 -0.0701251924
284.1 -71.0 1928.5 -0.8619044423 0.1130755097 -0.4943022132 -0.4364145398 0.3309409022 0.8366722465 0.2581919730 0.9368522167 -0.2358916402
59.6 -184.7 1995.7 -0.1610088348 0.1130755097 -0.9804540277 -0.9243339300 0.3309409022 0.1899602115 0.3459521830 0.9368522167 0.0512351207
-171.3 -124.4 1872.3 0.4144346714 -0.2856860757 -0.8640760183 0.1182669178 0.9583068490 -0.2601171732 0.9023618102 0.0056099705 0.4309427738
-57.7 -505.4 1870.1 0.4112965763 -0.0569015853 -0.9097237587 0.1934849024 0.9807551503 0.0261322819 0.8907293081 -0.1867659390 0.4143908322
-83.6 -203.9 2015.3 0.2788016498 0.6794738173 -0.6786640882 -0.0319512784 0.7128567696 0.7005814314 0.9598170519 -0.1736390591 0.2204556912
-353.7 -487.2 2084.4 0.2788016498 0.6794738173 -0.6786640882 -0.0319512784 0.7128567696 0.7005814314 0.9598170519 -0.1736390591 0.2204556912
96.4 -232.9 1531.2 0 0 0 0 0 0 0 0 0
18.1 -423.1 2085.0 0 0 0 0 0 0 0 0 0
-35.9 -880.2 1941.5 0 0 0 0 0 0 0 0 0
-613.4 -759.7 2150.7 0 0 0 0 0 0 0 0 0
391.7 57.9 1756.1 60 0.4509550631 0.8808515668 -0.1440138370 -0.4084675014 0.3471357226 0.8441866636 0.7935954928 -0.3218652904 0.5163418651
220.9 -9.4 1818.5 0.4509550631 0.8808515668 -0.1440138370 -0.4084675014 0.3471357226 0.8441866636 0.7935954928 -0.3218652904 0.5163418651
48.9 -83.5 1884.8 0.4746131301 0.8655925989 -0.1596614569 -0.3987103403 0.3731395900 0.8377332091 0.7847117186 -0.3339405060 0.5222176909
154.1 46.6 1708.1 0.7994039059 -0.3743265569 -0.4699287713 0.5995287895 0.5477578640 0.5835465789 0.0389701836 -0.7482252121 0.6622992754
-31.0 -92.2 1699.1 -0.5060063004 -0.3743265569 -0.7770696282 0.5555096269 0.5477578640 -0.6255960464 0.6598231792 -0.7482252121 -0.0692269057
287.6 -65.5 1928.8 -0.8608363271 0.1214340180 -0.4941807687 -0.4249758422 0.3626314700 0.8293937445 0.2799221277 0.9239870906 -0.2605597973
63.4 -176.1 2001.7 -0.1604284793 0.1214340180 -0.9795491099 -0.9114668369 0.3626314700 0.1942332834 0.3788018823 0.9239870906 0.0525066704
-169.7 -126.0 1873.3 0.4326631129 -0.2759252787 -0.8582935929 0.1114643589 0.9610814452 -0.2527808249 0.8946386576 0.0136997858 0.4465803206
-60.0 -508.1 1867.9 0.4279067218 -0.0698718131 -0.9011180997 0.2071937025 0.9780399799 0.0225521494 0.8797537088 -0.1963562071 0.4329868555
-79.6 -194.2 2023.1 0.2864147425 0.6798837185 -0.6750738621 0.0002446836 0.7045403123 0.7096639276 0.9581056833 -0.2034233809 0.2016243637
-349.8 -474.2 2103.9 0.2864147425 0.6798837185 -0.6750738621 0.0002446836 0.7045403123 0.7096639276 0.9581056833 -0.2034233809 0.2016243637
97.4 -233.2 1531.7 0 0 0 0 0 0 0 0 0
22.0 -411.3 2099.5 0 0 0 0 0 0 0 0 0
-33.3 -882.0 1942.9 0 0 0 0 0 0 0 0 0
-609.6 -743.4 2181.7 0 0 0 0 0 0 0 0 0
391.0 57.3 1758.9 61 0.4431007206 0.8856974840 -0.1385702640 -0.4203985631 0.3418165743 0.8404917717 0.7917870879 -0.3141677976 0.5238051414
219.2 -9.0 1819.9 0.4431007206 0.8856974840 -0.1385702640 -0.4203985631 0.3418165743 0.8404917717 0.7917870879 -0.3141677976 0.5238051414
46.2 -82.3 1884.7 0.4674400985 0.8703880906 -0.1546749175 -0.4105509520 0.3686897159 0.8339759111 0.7829097509 -0.3263318539 0.5296790004
153.4 48.7 1709.8 0.7954241633 -0.3738967478 -0.4769713283 0.6045176387 0.5454708338 0.5805342197 0.0431141183 -0.7501084805 0.6599078774
-31.2 -91.6 1699.7 -0.5037065744 -0.3738967478 -0.7787688375 0.5596717000 0.5454708338 -0.6238822937 0.6580632925 -0.7501084805 -0.0654978380
284.9 -66.7 1930.0 -0.8658396602 0.1203543767 -0.4856300354 -0.4200360477 0.3524974585 0.8362507224 0.2718297839 0.9280411601 -0.2546530962
59.4 -176.1 2000.8 -0.1702181548 0.1203543767 -0.9780289531 -0.9136642218 0.3524974585 0.2023936510 0.3691116869 0.9280411601 0.0499620251
-166.7 -121.1 1879.2 0.4321354926 -0.2681332529 -0.8610246778 0.0893530399 0.9628077745 -0.2549847364 0.8973711133 0.0332527868 0.4400219321
-60.2 -503.8 1866.0 0.4266264141 -0.0715522692 -0.9015931487 0.2084803879 0.9777999520 0.0210509989 0.8800715208 -0.1969453990 0.4320725501
-83.9 -193.2 2021.4 0.2820196450 0.6868967414 -0.6698042750 -0.0116044311 0.7005339861 0.7135246396 0.9593384266 -0.1934552640 0.2055353969
-356.9 -471.6 2098.3 0.2820196450 0.6868967414 -0.6698042750 -0.0116044311 0.7005339861 0.7135246396 0.9593384266 -0.1934552640 0.2055353969
96.7 -233.8 1532.6 0 0 0 0 0 0 0 0 0
15.4 -411.9 2096.0 0 0 0 0 0 0 0 0 0
-32.8 -877.6 1941.3 0 0 0 0 0 0 0 0 0
-619.5 -739.4 2172.2 0 0 0 0 0 0 0 0 0
390.1 56.9 1763.9 62 0.4357207417 0.8870688677 -0.1524999887 -0.4190626442 0.3498765528 0.8378382325 0.7965763807 -0.3011564612 0.5241858959
218.4 -10.9 1822.1 0.4357207417 0.8870688677 -0.1524999887 -0.4190626442 0.3498765528 0.8378382325 0.7965763807 -0.3011564612 0.5241858959
45.4 -86.1 1884.5 0.4611971974 0.8708371520 -0.1701169461 -0.4085053504 0.3785898089 0.8305378556 0.7876677513 -0.3135480583 0.5303462148
153.6 46.6 1711.3 0.7983599901 -0.3665448129 -0.4777721763 0.6000565290 0.5508232117 0.5801085830 0.0505322292 -0.7498257756 0.6597028375
-30.9 -92.1 1699.7 -0.5062468052 -0.3665448129 -0.7806145549 0.5580960512 0.5508232117 -0.6205824614 0.6574519277 -0.7498257756 -0.0742852837
283.3 -68.3 1932.9 -0.8650480509 0.1044972688 -0.4906854331 -0.4296992123 0.3504915535 0.8321744204 0.2589410543 0.9307180047 -0.2582896352
58.0 -180.2 2000.4 -0.1657983810 0.1044972688 -0.9806075692 -0.9166057110 0.3504915535 0.1923268288 0.3637923002 0.9307180047 0.0376718678
-169.7 -117.9 1877.8 0.4177544117 -0.2791400850 -0.8646166921 0.0959799215 0.9598678946 -0.2635174394 0.9034761190 0.0270997211 0.4277808964
-58.7 -499.5 1867.0 0.4145380855 -0.0526904427 -0.9085053205 0.1973366141 0.9797728658 0.0332181640 0.8883785605 -0.1930515468 0.4165509045
-85.4 -198.8 2019.0 0.2694716156 0.6821287870 -0.6797686219 -0.0120125227 0.7082063556 0.7059032917 0.9629334211 -0.1820551753 0.1990355998
-356.5 -480.3 2091.4 0.2694716156 0.6821287870 -0.6797686219 -0.0120125227 0.7082063556 0.7059032917 0.9629334211 -0.1820551753 0.1990355998
97.6 -233.8 1532.7 0 0 0 0 0 0 0 0 0
15.2 -416.7 2094.2 0 0 0 0 0 0 0 0 0
-38.6 -874.0 1940.8 0 0 0 0 0 0 0 0 0
-617.2 -751.0 2161.0 0 0 0 0 0 0 0 0 0
389.1 56.8 1765.3 63 0.4341697395 0.8874159455 -0.1548857093 -0.4426866174 0.3599257767 0.8212684989 0.7845541239 -0.2880041003 0.5491160154
217.2 -13.0 1821.1 0.4341697395 0.8874159455 -0.1548857093 -0.4426866174 0.3599257767 0.8212684989 0.7845541239 -0.2880041003 0.5491160154
44.1 -90.4 1880.4 0.4590227604 0.8713037968 -0.1735734642 -0.4320940375 0.3896561861 0.8133036494 0.7762685418 -0.2983248234 0.5553462505
152.7 47.8 1711.9 0.7954943180 -0.3682024181 -0.4812647402 0.6037551165 0.5493159890 0.5776951313 0.0516576953 -0.7501192689 0.6592818499
-31.7 -92.2 1700.0 -0.5038540363 -0.3682024181 -0.7813821435 0.5601636171 0.5493159890 -0.6200553775 0.6575316191 -0.7501192689 -0.0705215111
281.7 -73.7 1930.3 -0.8652208447 0.1004270539 -0.4912303984 -0.4390276670 0.3214680254 0.8389952183 0.2421726882 0.9415798783 -0.2340505719
56.4 -188.1 1993.4 -0.1654849350 0.1004270539 -0.9810857177 -0.9277853370 0.3214680254 0.1894009709 0.3344086707 0.9415798783 0.0399766266
-170.0 -123.9 1874.5 0.4031768143 -0.2844714820 -0.8697841167 0.1059658751 0.9585759044 -0.2643926442 0.9089663029 0.0144295422 0.4166198373
-56.9 -504.9 1868.8 0.4008440375 -0.0442843474 -0.9150753617 0.1920076460 0.9807089567 0.0366473235 0.8957996964 -0.1903913319 0.4016142488
-87.0 -207.4 2010.9 0.2658621967 0.6816716194 -0.6816458702 -0.0416622274 0.7145575881 0.6983349919 0.9631103277 -0.1572619975 0.2183738053
-357.9 -491.4 2073.4 0.2658621967 0.6816716194 -0.6816458702 -0.0416622274 0.7145575881 0.6983349919 0.9631103277 -0.1572619975 0.2183738053
96.3 -234.6 1532.8 0 0 0 0 0 0 0 0 0
13.7 -427.4 2079.6 0 0 0 0 0 0 0 0 0
-40.0 -879.8 1941.6 0 0 0 0 0 0 0 0 0
-618.4 -764.5 2133.5 0 0 0 0 0 0 0 0 0
389.3 54.5 1768.0 64 0.4177929759 0.8963400126 -0.1484036297 -0.4655198455 0.3514659107 0.8122579455 0.7802181244 -0.2702708244 0.5641040206
215.7 -13.5 1820.4 0.4177929759 0.8963400126 -0.1484036297 -0.4655198455 0.3514659107 0.8122579455 0.7802181244 -0.2702708244 0.5641040206
40.6 -88.9 1876.3 0.4424960911 0.8814709783 -0.1649428010 -0.4553655088 0.3793116510 0.8054594398 0.7725538611 -0.2813033760 0.5692353845
153.5 50.5 1711.7 0.7893006206 -0.3761370182 -0.4853096306 0.6120005250 0.5457857847 0.5723401308 0.0495967641 -0.7487581968 0.6609851122
-31.1 -92.7 1700.1 -0.4991358817 -0.3761370182 -0.7806307077 0.5614725351 0.5457857847 -0.6219859123 0.6600090861 -0.7487581968 -0.0612306595
277.9 -77.5 1929.0 -0.8756625056 0.0958075076 -0.4733245075 -0.4276914001 0.3013071120 0.8522288799 0.2242659628 0.9487017393 -0.2228672951
49.9 -188.9 1987.5 -0.1859627068 0.0958075076 -0.9778746367 -0.9308877587 0.3013071120 0.2065478414 0.3144294024 0.9487017393 0.0331541486
-171.2 -128.2 1868.5 0.3836025596 -0.2872590423 -0.8776851892 0.1202582046 0.9578374028 -0.2609319389 0.9156347513 -0.0054546767 0.4019741416
-57.0 -508.9 1870.7 0.3812468350 -0.0480488054 -0.9232237935 0.1861786544 0.9821780324 0.0257657394 0.9055320621 -0.1817076653 0.3833979368
-94.0 -206.0 2003.1 0.2544460595 0.6961759925 -0.6712645888 -0.0650831088 0.7048631310 0.7063513398 0.9648944736 -0.1360403150 0.2246589363
-370.7 -486.1 2057.1 0.2544460595 0.6961759925 -0.6712645888 -0.0650831088 0.7048631310 0.7063513398 0.9648944736 -0.1360403150 0.2246589363
95.5 -235.2 1532.7 0 0 0 0 0 0 0 0 0
1.9 -429.1 2068.6 0 0 0 0 0 0 0 0 0
-38.7 -884.4 1940.1 0 0 0 0 0 0 0 0 0
-636.7 -755.4 2109.1 0 0 0 0 0 0 0 0 0
389.7 55.2 1763.4 65 0.4335204363 0.8916220069 -0.1306531876 -0.4861043096 0.3534656763 0.7992275357 0.7587902546 -0.2829703987 0.5866559148
217.3 -13.1 1818.1 0.4335204363 0.8916220069 -0.1306531876 -0.4861043096 0.3534656763 0.7992275357 0.7587902546 -0.2829703987 0.5866559148
42.9 -88.5 1876.4 0.4571700394 0.8774324059 -0.1452857703 -0.4763056338 0.3795029819 0.7931647897 0.7510848641 -0.2934107482 0.5914233923
153.0 53.9 1712.5 0.7820803523 -0.3760329485 -0.4969401658 0.6206334233 0.5419734120 0.5666383505 0.0562536791 -0.7515743971 0.6572453380
-30.9 -92.0 1699.3 -0.4976443052 -0.3760329485 -0.7816324830 0.5660791993 0.5419734120 -0.6211434603 0.6571944356 -0.7515743971 -0.0568455607
281.5 -80.1 1923.7 -0.8733439445 0.1205217242 -0.4719585180 -0.4265846014 0.2785028815 0.8605008721 0.2351508588 0.9528434873 -0.1918161064
54.1 -191.2 1985.0 -0.1855577230 0.1205217242 -0.9752142429 -0.9366027713 0.2785028815 0.2126297057 0.2972264886 0.9528434873 0.0612026230
-175.2 -122.5 1861.4 0.3934278190 -0.2970366776 -0.8700481653 0.1381706148 0.9547224641 -0.2634652257 0.9089133143 -0.0165605452 0.4166561067
-57.1 -502.0 1868.0 0.3914614618 -0.0461758301 -0.9190351963 0.1931746900 0.9806088209 0.0330129005 0.8996896148 -0.1904576123 0.3927905858
-89.6 -207.6 2003.6 0.2767325342 0.6980307102 -0.6604333520 -0.0892470255 0.7029722929 0.7055954337 0.9567936659 -0.1363195032 0.2568324804
-367.0 -487.1 2057.8 0.2767325342 0.6980307102 -0.6604333520 -0.0892470255 0.7029722929 0.7055954337 0.9567936659 -0.1363195032 0.2568324804
95.2 -235.4 1532.9 0 0 0 0 0 0 0 0 0
6.2 -432.8 2061.7 0 0 0 0 0 0 0 0 0
-39.5 -876.9 1940.8 0 0 0 0 0 0 0 0 0
-633.8 -755.8 2109.9 0 0 0 0 0 0 0 0 0
389.2 55.0 1761.1 66 0.4369390011 0.8900551796 -0.1299466789 -0.4745165706 0.3508133292 0.8073190451 0.7641454935 -0.2910873294 0.5756299496
216.9 -12.9 1817.4 0.4369390011 0.8900551796 -0.1299466789 -0.4745165706 0.3508133292 0.8073190451 0.7641454935 -0.2910873294 0.5756299496
42.7 -87.3 1877.5 0.4594022930 0.8767502904 -0.1423320472 -0.4653006494 0.3740452826 0.8022377491 0.7566008568 -0.3023226857 0.5797897577
152.4 52.5 1711.0 0.7837395072 -0.3719677925 -0.4973855615 0.6182610393 0.5435838699 0.5676881671 0.0592090599 -0.7524337173 0.6560013294
-31.5 -92.5 1697.1 -0.5002043247 -0.3719677925 -0.7819435000 0.5654583573 0.5435838699 -0.6203010678 0.6557838917 -0.7524337173 -0.0615707114
281.5 -78.4 1923.9 -0.8729210496 0.1242579073 -0.4717719555 -0.4220132828 0.2928553820 0.8579863310 0.2447725385 0.9480483532 -0.2032011598
54.1 -188.3 1987.6 -0.1854353547 0.1242579073 -0.9747685194 -0.9317662716 0.2928553820 0.2145863324 0.3121302724 0.9480483532 0.0614735931
-173.4 -120.3 1865.9 0.4023281038 -0.2943389714 -0.8668890595 0.1338844448 0.9556432366 -0.2623375654 0.9056528211 -0.0105171856 0.4238895476
-56.4 -500.2 1870.1 0.4007763565 -0.0409824625 -0.9152588248 0.1834179610 0.9823635221 0.0363284163 0.8976280689 -0.1824344695 0.4012250006
-89.4 -204.3 2007.0 0.2800780535 0.6982535720 -0.6587854028 -0.0749881044 0.7000675201 0.7101283073 0.9570439458 -0.1494902968 0.2484342754
-367.0 -482.6 2066.4 0.2800780535 0.6982535720 -0.6587854028 -0.0749881044 0.7000675201 0.7101283073 0.9570439458 -0.1494902968 0.2484342754
94.8 -235.3 1531.6 0 0 0 0 0 0 0 0 0
6.3 -428.7 2068.1 0 0 0 0 0 0 0 0 0
-40.7 -875.8 1939.8 0 0 0 0 0 0 0 0 0
-633.9 -750.2 2123.6 0 0 0 0 0 0 0 0 0
391.2 53.5 1759.9 67 0.4415082037 0.8900026679 -0.1138671264 -0.4854034781 0.3436503410 0.8039203286 0.7546217442 -0.2996659279 0.5837348700
219.1 -13.0 1817.9 0.4415082037 0.8900026679 -0.1138671264 -0.4854034781 0.3436503410 0.8039203286 0.7546217442 -0.2996659279 0.5837348700
45.1 -86.3 1879.8 0.4659155011 0.8756680489 -0.1269971132 -0.4755544066 0.3688507974 0.7986220121 0.7461706996 -0.3116963208 0.5882810950
153.6 53.9 1712.9 0.7834541202 -0.3671867549 -0.5013716817 0.6177250743 0.5483303070 0.5636928678 0.0679367259 -0.7513372898 0.6564120650
-33.1 -93.3 1696.7 -0.4977307320 -0.3671867549 -0.7857722044 0.5665532351 0.5483303070 -0.6151026487 0.6567202806 -0.7513372898 -0.0648899972
284.6 -79.9 1922.8 -0.8730787635 0.1402485073 -0.4669730663 -0.4163720608 0.2838932276 0.8637354374 0.2537080944 0.9485436082 -0.1894655973
57.2 -188.3 1988.9 -0.1892558932 0.1402485073 -0.9718603492 -0.9326617122 0.2838932276 0.2225909680 0.3071226180 0.9485436082 0.0770759434
-173.7 -118.9 1868.2 0.4148789644 -0.2941167355 -0.8610289097 0.1274437457 0.9557694793 -0.2650713027 0.9009070396 0.0002397552 0.4340119660
-56.8 -498.9 1868.1 0.4123065472 -0.0515595414 -0.9095849991 0.1954314411 0.9801610708 0.0330271572 0.8898369670 -0.1913788170 0.4142031968
-86.2 -203.3 2010.2 0.2929544747 0.7021826506 -0.6489354372 -0.0853200704 0.6952040195 0.7137309313 0.9523119926 -0.1537234485 0.2635734081
-365.4 -479.7 2071.4 0.2929544747 0.7021826506 -0.6489354372 -0.0853200704 0.6952040195 0.7137309313 0.9523119926 -0.1537234485 0.2635734081
92.7 -236.4 1530.8 0 0 0 0 0 0 0 0 0
8.4 -429.0 2068.2 0 0 0 0 0 0 0 0 0
-37.1 -873.6 1941.3 0 0 0 0 0 0 0 0 0
-633.8 -745.4 2130.1 0 0 0 0 0 0 0 0 0
391.3 55.0 1763.9 68 0.4389221966 0.8895642161 -0.1265811920 -0.4594300985 0.3432580829 0.8192056417 0.7721860409 -0.3014123440 0.5593561530
220.1 -11.1 1821.9 0.4389221966 0.8895642161 -0.1265811920 -0.4594300985 0.3432580829 0.8192056417 0.7721860409 -0.3014123440 0.5593561530
45.9 -84.2 1883.8 0.4606382251 0.8763768673 -0.1406271011 -0.4506905973 0.3674365580 0.8135529160 0.7646505237 -0.3113742769 0.5642301440
155.3 52.3 1714.3 0.7899178863 -0.3573605120 -0.4983204007 0.6086428761 0.5559326410 0.5661207438 0.0747233853 -0.7504880428 0.6566460729
-32.7 -92.6 1696.6 -0.4920211136 -0.3573605120 -0.7938568592 0.5709443688 0.5559326410 -0.6041203737 0.6572197080 -0.7504880428 -0.0694976225
284.8 -74.5 1929.4 -0.8726961613 0.1263795793 -0.4716244340 -0.4165266454 0.3113063872 0.8541626930 0.2547684014 0.9418686628 -0.2190354168
57.5 -183.0 1995.8 -0.1854077131 0.1263795793 -0.9745010138 -0.9253367782 0.3113063872 0.2164259851 0.3307201862 0.9418686628 0.0592250638
-171.7 -116.0 1873.4 0.4155378640 -0.2899992168 -0.8621071577 0.1149130911 0.9569556117 -0.2665163279 0.9022877812 0.0116802342 0.4309760034
-56.4 -496.5 1868.7 0.4133350551 -0.0444859266 -0.9094917178 0.1913626790 0.9807443619 0.0389971435 0.8902440667 -0.1901616454 0.4138889611
-86.1 -198.5 2015.8 0.2820065320 0.6984429955 -0.6577610970 -0.0563688241 0.6964650154 0.7153733373 0.9577550888 -0.1646627486 0.2357781082
-363.7 -475.4 2081.3 0.2820065320 0.6984429955 -0.6577610970 -0.0563688241 0.6964650154 0.7153733373 0.9577550888 -0.1646627486 0.2357781082
91.6 -236.9 1530.5 0 0 0 0 0 0 0 0 0
9.7 -421.7 2081.1 0 0 0 0 0 0 0 0 0
-39.4 -871.4 1941.4 0 0 0 0 0 0 0 0 0
-630.7 -741.7 2144.2 0 0 0 0 0 0 0 0 0
390.4 54.0 1765.3 69 0.4392293990 0.8887110949 -0.1314160675 -0.4458363652 0.3426288962 0.8269433975 0.7799406648 -0.3046277761 0.5467123985
218.4 -12.3 1824.3 0.4392293990 0.8887110949 -0.1314160675 -0.4458363652 0.3426288962 0.8269433975 0.7799406648 -0.3046277761 0.5467123985
44.6 -85.6 1886.8 0.4616954923 0.8747578859 -0.1470914334 -0.4367765486 0.3685182333 0.8206220269 0.7720515132 -0.3146314025 0.5522169471
153.5 49.1 1715.7 0.7982451320 -0.3494402170 -0.4906080067 0.5975813270 0.5615496635 0.5723273158 0.0755066052 -0.7500356436 0.6570732594
-35.3 -92.2 1697.8 -0.4950760901 -0.3494402170 -0.7954817414 0.5689676404 0.5615496635 -0.6007809639 0.6566395760 -0.7500356436 -0.0791896507
283.3 -73.7 1932.9 -0.8706343770 0.1222068816 -0.4765094817 -0.4183878601 0.3255328834 0.8479268551 0.2587420046 0.9376000166 -0.2322902381
56.5 -182.7 2000.3 -0.1803178936 0.1222068816 -0.9759871364 -0.9216769338 0.3255328834 0.2110449821 0.3435070515 0.9376000166 0.0539358631
-170.5 -115.9 1875.6 0.4189028144 -0.2864368856 -0.8616694808 0.1100475118 0.9579627514 -0.2649469078 0.9013378620 0.0161624178 0.4328149855
-56.7 -496.8 1869.1 0.4168769717 -0.0431414135 -0.9079385400 0.1813975722 0.9827287793 0.0365929678 0.8906787038 -0.1799526215 0.4175027609
-87.0 -198.9 2020.2 0.2801165879 0.6943809986 -0.6628496647 -0.0408842154 0.6984957457 0.7144453526 0.9590950012 -0.1730279028 0.2240494788
-363.0 -476.6 2089.0 0.2801165879 0.6943809986 -0.6628496647 -0.0408842154 0.6984957457 0.7144453526 0.9590950012 -0.1730279028 0.2240494788
90.8 -237.2 1530.5 0 0 0 0 0 0 0 0 0
10.0 -420.5 2088.9 0 0 0 0 0 0 0 0 0
-40.2 -872.4 1937.9 0 0 0 0 0 0 0 0 0
-628.5 -743.6 2155.1 0 0 0 0 0 0 0 0 0
386.2 55.6 1767.0 70 0.4379643500 0.8866807818 -0.1482715458 -0.4219824076 0.3483948410 0.8369897604 0.7937997580 -0.3040036857 0.5267482400
214.5 -11.9 1825.9 0.4379643500 0.8866807818 -0.1482715458 -0.4219824076 0.3483948410 0.8369897604 0.7937997580 -0.3040036857 0.5267482400
41.1 -85.6 1889.0 0.4608633220 0.8728142381 -0.1606246382 -0.4126201570 0.3709740639 0.8319392204 0.7857159972 -0.3171333075 0.5311090946
149.8 46.2 1715.4 0.8009489775 -0.3454200029 -0.4890457690 0.5940504670 0.5604187250 0.5770917535 0.0747313574 -0.7527388930 0.6540637016
-37.3 -92.6 1697.9 -0.5069568157 -0.3454200029 -0.7897340059 0.5635691285 0.5604187250 -0.6068943143 0.6522151232 -0.7527388930 -0.0894400328
279.3 -69.9 1936.5 -0.8677002788 0.1114293858 -0.4844375849 -0.4221262336 0.3494594395 0.8364732862 0.2624989748 0.9303019047 -0.2561887801
53.3 -179.8 2004.8 -0.1723177135 0.1114293858 -0.9787185788 -0.9151567221 0.3494594395 0.2009134889 0.3644101322 0.9303019047 0.0417573042
-171.7 -118.8 1878.6 0.4207571149 -0.2872621119 -0.8604905009 0.1041951478 0.9575659633 -0.2687206566 0.9011697173 0.0234071929 0.4328340292
-57.4 -499.5 1869.3 0.4187363088 -0.0420595333 -0.9071333408 0.1831511855 0.9823109508 0.0389981382 0.8894467950 -0.1824724823 0.4190325141
-90.2 -197.2 2024.1 0.2733884454 0.6876559854 -0.6725979447 -0.0144425919 0.7020919323 0.7119398713 0.9617952704 -0.1849220693 0.2018753588
-363.6 -476.3 2097.6 0.2733884454 0.6876559854 -0.6725979447 -0.0144425919 0.7020919323 0.7119398713 0.9617952704 -0.1849220693 0.2018753588
92.1 -236.5 1531.4 0 0 0 0 0 0 0 0 0
8.8 -415.9 2098.8 0 0 0 0 0 0 0 0 0
-41.4 -875.0 1939.0 0 0 0 0 0 0 0 0 0
-626.5 -744.7 2168.3 0 0 0 0 0 0 0 0 0
384.0 57.0 1771.9 71 0.4296989143 0.8879056573 -0.1642630547 -0.4164945185 0.3562977016 0.8364115357 0.8011810780 -0.2909904718 0.5229085684
212.8 -11.7 1828.0 0.4296989143 0.8879056573 -0.1642630547 -0.4164945185 0.3562977016 0.8364115357 0.8011810780 -0.2909904718 0.5229085684
39.4 -86.6 1889.7 0.4564696252 0.8728609085 -0.1724797785 -0.4053517878 0.3765834272 0.8329914808 0.7920387387 -0.3103203177 0.5257146358
148.7 45.3 1716.6 0.7996784449 -0.3476382494 -0.4895529151 0.5957221985 0.5612565279 0.5745486021 0.0750297010 -0.7510916591 0.6559205651
-38.4 -94.1 1699.0 -0.5138826370 -0.3476382494 -0.7842654586 0.5559810400 0.5612565279 -0.6130874157 0.6533067226 -0.7510916591 -0.0951397121
277.0 -68.7 1939.4 -0.8668030500 0.0995305479 -0.4886165559 -0.4279374778 0.3545223176 0.8313744068 0.2559726238 0.9297352433 -0.2647081614
51.2 -180.2 2006.1 -0.1685108095 0.0995305479 -0.9806619287 -0.9148728848 0.3545223176 0.1931876689 0.3668946028 0.9297352433 0.0313169584
-174.7 -121.5 1880.0 0.4134674668 -0.2970318794 -0.8607071042 0.1039624885 0.9545117021 -0.2794624269 0.9045642614 0.0260673705 0.4255397022
-56.6 -501.0 1869.6 0.4116107225 -0.0397519991 -0.9104924202 0.1825348139 0.9824004769 0.0396279022 0.8928928375 -0.1825078279 0.4116226733
-92.3 -198.6 2024.1 0.2640929818 0.6836773753 -0.6803236008 -0.0079138866 0.7068783045 0.7072909474 0.9644647837 -0.1814065576 0.1920921355
-364.1 -479.7 2096.2 0.2640929818 0.6836773753 -0.6803236008 -0.0079138866 0.7068783045 0.7072909474 0.9644647837 -0.1814065576 0.1920921355
92.7 -236.0 1532.3 0 0 0 0 0 0 0 0 0
7.7 -416.2 2100.8 0 0 0 0 0 0 0 0 0
-41.4 -876.6 1939.4 0 0 0 0 0 0 0 0 0
-625.4 -749.9 2165.5 0 0 0 0 0 0 0 0 0
383.4 58.1 1769.3 72 0.4348935485 0.8854935765 -0.1636115313 -0.4183945060 0.3595929146 0.8340497613 0.7973792553 -0.2942686975 0.5268703103
212.3 -11.4 1826.2 0.4348935485 0.8854935765 -0.1636115313 -0.4183945060 0.3595929146 0.8340497613 0.7973792553 -0.2942686975 0.5268703103
39.2 -87.0 1887.9 0.4593551159 0.8711539507 -0.1734465063 -0.4080897570 0.3804178536 0.8299066424 0.7889585495 -0.3104401231 0.5302558541
147.7 46.1 1715.2 0.7977173328 -0.3504471779 -0.4907482862 0.5988808870 0.5557146072 0.5766480565 0.0706313178 -0.7539018989 0.6531792879
-39.2 -94.3 1698.7 -0.5109939575 -0.3504471779 -0.7849025130 0.5611394644 0.5557146072 -0.6134360433 0.6511587501 -0.7539018989 -0.0873170793
276.8 -68.8 1937.2 -0.8650870323 0.1007467210 -0.4914005697 -0.4314844906 0.3501481116 0.8313948512 0.2558232844 0.9312606454 -0.2594379485
51.5 -181.2 2003.8 -0.1652684957 0.1007467210 -0.9810894132 -0.9171286821 0.3501481116 0.1904502809 0.3627138436 0.9312606454 0.0345292501
-176.0 -124.3 1878.8 0.4130909443 -0.3026166260 -0.8589406610 0.1074726954 0.9527843595 -0.2839921713 0.9043259621 0.0250019263 0.4261096418
-55.7 -503.1 1868.8 0.4116734266 -0.0342196226 -0.9106887579 0.1861383617 0.9813859463 0.0472670384 0.8921196461 -0.1889726967 0.4103800952
-91.9 -200.1 2022.0 0.2663044930 0.6813836694 -0.6817610860 -0.0120565081 0.7096018791 0.7044996619 0.9638135433 -0.1793917716 0.1971852928
-362.8 -482.2 2093.4 0.2663044930 0.6813836694 -0.6817610860 -0.0120565081 0.7096018791 0.7044996619 0.9638135433 -0.1793917716 0.1971852928
91.1 -237.4 1532.6 0 0 0 0 0 0 0 0 0
8.9 -417.8 2097.4 0 0 0 0 0 0 0 0 0
-42.6 -878.3 1941.1 0 0 0 0 0 0 0 0 0
-623.3 -753.5 2162.0 0 0 0 0 0 0 0 0 0
381.6 57.5 1765.6 73 0.4416891932 0.8837022185 -0.1548580825 -0.4151880443 0.3543476760 0.8378881812 0.7953172922 -0.3057909310 0.5234141350
210.5 -11.1 1824.8 0.4416891932 0.8837022185 -0.1548580825 -0.4151880443 0.3543476760 0.8378881812 0.7953172922 -0.3057909310 0.5234141350
37.8 -85.9 1888.5 0.4652487934 0.8694196939 -0.1662917882 -0.4053694606 0.3762730658 0.8331231475 0.7869048119 -0.3201999366 0.5274967551
145.1 45.9 1714.1 0.7930441499 -0.3600383103 -0.4913791120 0.6057464480 0.5514158607 0.5735955238 0.0644378811 -0.7525377274 0.6553890109
-39.4 -95.1 1699.1 -0.5116885304 -0.3600383103 -0.7800943851 0.5577664375 0.5514158607 -0.6203525066 0.6535070539 -0.7525377274 -0.0813358873
275.9 -68.2 1935.5 -0.8639903069 0.1101128235 -0.4913205504 -0.4276371598 0.3546331525 0.8314816952 0.2657953501 0.9284990430 -0.2593112886
50.9 -179.5 2004.7 -0.1646379977 0.1101128235 -0.9801884890 -0.9147664309 0.3546331525 0.1934882551 0.3689128757 0.9284990430 0.0423414186
-176.2 -125.2 1877.3 0.4214669466 -0.2975967824 -0.8566222787 0.1110304371 0.9544469118 -0.2769536674 0.9000210166 0.0216156710 0.4353101254
-57.8 -504.7 1868.7 0.4188357890 -0.0482761636 -0.9067777991 0.1986699104 0.9792649150 0.0396292359 0.8860625625 -0.1967476010 0.4197422266
-92.4 -197.9 2024.3 0.2749100029 0.6817536950 -0.6779648662 -0.0078863725 0.7067088485 0.7074605227 0.9614376426 -0.1891413033 0.1996579170
-363.4 -478.9 2099.5 0.2749100029 0.6817536950 -0.6779648662 -0.0078863725 0.7067088485 0.7074605227 0.9614376426 -0.1891413033 0.1996579170
91.1 -237.4 1532.4 0 0 0 0 0 0 0 0 0
8.4 -415.6 2099.9 0 0 0 0 0 0 0 0 0
-39.4 -879.0 1943.9 0 0 0 0 0 0 0 0 0
-624.1 -749.1 2171.8 0 0 0 0 0 0 0 0 0
381.1 58.0 1766.2 74 0.4372797012 0.8864346147 -0.1517240107 -0.4167740941 0.3492420316 0.8392433524 0.7969227433 -0.3037494421 0.5221593976
209.6 -9.6 1825.0 0.4372797012 0.8864346147 -0.1517240107 -0.4167740941 0.3492420316 0.8392433524 0.7969227433 -0.3037494421 0.5221593976
36.4 -83.9 1887.9 0.4608944952 0.8718282580 -0.1658064127 -0.4070643783 0.3737038672 0.8334530592 0.7885904312 -0.3166400492 0.5271282792
144.8 47.7 1714.0 0.7901310325 -0.3708323240 -0.4880330861 0.6101003289 0.5523489118 0.5680565238 0.0589108169 -0.7465882897 0.6626729965
-40.0 -95.0 1700.2 -0.5110666156 -0.3708323240 -0.7754316926 0.5498622060 0.5523489118 -0.6265478730 0.6606530547 -0.7465882897 -0.0783804059
274.4 -66.9 1935.9 -0.8663424850 0.1075424328 -0.4877348542 -0.4250661135 0.3539796770 0.8330769539 0.2622393370 0.9290495515 -0.2609549761
48.7 -177.6 2004.2 -0.1689036489 0.1075424328 -0.9797480106 -0.9143797755 0.3539796770 0.1964892149 0.3679417968 0.9290495515 0.0385461673
-177.7 -123.5 1879.9 0.4194933474 -0.2991817594 -0.8570388556 0.1054511666 0.9537955523 -0.2813433409 0.9016126394 0.0276459064 0.4316599369
-58.8 -502.8 1868.9 0.4164141119 -0.0527038835 -0.9076461792 0.1961967349 0.9800055027 0.0331065096 0.8877534270 -0.1918632388 0.4184284508
-94.7 -195.5 2023.2 0.2710831165 0.6846618652 -0.6765738130 -0.0090662315 0.7046779394 0.7094693780 0.9625132680 -0.1861911863 0.1972335875
-366.9 -475.7 2097.3 0.2710831165 0.6846618652 -0.6765738130 -0.0090662315 0.7046779394 0.7094693780 0.9625132680 -0.1861911863 0.1972335875
90.6 -235.4 1531.5 0 0 0 0 0 0 0 0 0
5.2 -413.5 2099.1 0 0 0 0 0 0 0 0 0
-38.6 -877.4 1942.3 0 0 0 0 0 0 0 0 0
-628.6 -745.1 2168.4 0 0 0 0 0 0 0 0 0
382.7 60.0 1765.5 75 0.4365854263 0.8862759471 -0.1546225995 -0.4131188989 0.3501698971 0.8406627178 0.7992033362 -0.3031435907 0.5190163851
210.5 -8.1 1824.4 0.4365854263 0.8862759471 -0.1546225995 -0.4131188989 0.3501698971 0.8406627178 0.7992033362 -0.3031435907 0.5190163851
37.1 -82.3 1887.1 0.4589957893 0.8724004030 -0.1680489480 -0.4038989544 0.3733745813 0.8351389170 0.7913207412 -0.3154504597 0.5237389803
146.0 48.8 1713.0 0.7915121913 -0.3733556271 -0.4838533401 0.6087194085 0.5521995425 0.5696809292 0.0544899926 -0.7454403043 0.6643414497
-39.9 -94.2 1700.2 -0.5094472170 -0.3733556271 -0.7752864957 0.5494952798 0.5521995425 -0.6270012856 0.6622073054 -0.7454403043 -0.0761593431
275.0 -64.9 1935.7 -0.8667137027 0.1045719981 -0.4877212644 -0.4249214232 0.3573149443 0.8317258358 0.2612453401 0.9281113744 -0.2652548850
49.3 -175.6 2003.8 -0.1691486239 0.1045719981 -0.9800272584 -0.9132407308 0.3573149443 0.1957481802 0.3706481755 0.9281113744 0.0350600816
-179.2 -120.8 1878.5 0.4185444117 -0.3040120900 -0.8558021188 0.1035285369 0.9521381259 -0.2876017690 0.9022762179 0.0317741744 0.4299860299
-58.4 -499.4 1865.9 0.4163254797 -0.0431361794 -0.9081918001 0.1986854523 0.9790489674 0.0445780084 0.8872413635 -0.1990034729 0.4161735475
-94.2 -193.6 2022.4 0.2683336437 0.6845707297 -0.6777610183 -0.0054688812 0.7046346664 0.7095491886 0.9633105397 -0.1866893321 0.1928210258
-366.4 -473.8 2096.7 0.2683336437 0.6845707297 -0.6777610183 -0.0054688812 0.7046346664 0.7095491886 0.9633105397 -0.1866893321 0.1928210258
90.1 -234.5 1531.2 0 0 0 0 0 0 0 0 0
5.6 -411.2 2099.4 0 0 0 0 0 0 0 0 0
-41.9 -873.7 1942.0 0 0 0 0 0 0 0 0 0
-628.1 -743.1 2168.1 0 0 0 0 0 0 0 0 0
383.3 57.7 1762.1 76 0.4383491874 0.8882419467 -0.1373909563 -0.4313626587 0.3420090675 0.8348389268 0.7885279059 -0.3066856563 0.5330737829
210.8 -8.8 1821.7 0.4383491874 0.8882419467 -0.1373909563 -0.4313626587 0.3420090675 0.8348389268 0.7885279059 -0.3066856563 0.5330737829
37.0 -81.3 1885.4 0.4616125524 0.8744064569 -0.1494227648 -0.4220363796 0.3646364808 0.8300153613 0.7802557945 -0.3200836778 0.5373521447
145.9 50.6 1711.9 0.7891538739 -0.3799177110 -0.4825958312 0.6123951077 0.5468283296 0.5709211826 0.0469940007 -0.7460839748 0.6641914248
-40.0 -93.7 1700.9 -0.5088151693 -0.3799177110 -0.7725086808 0.5500417948 0.5468283296 -0.6312153935 0.6622394919 -0.7460839748 -0.0692639500
275.7 -68.2 1931.5 -0.8701134920 0.1203899607 -0.4779212475 -0.4154839218 0.3424071968 0.8426923752 0.2650953829 0.9318066239 -0.2479130328
49.1 -176.4 2000.5 -0.1788943410 0.1203899607 -0.9764748216 -0.9157843590 0.3424071968 0.2099911124 0.3596328199 0.9318066239 0.0489965379
-178.4 -119.5 1877.2 0.4227253795 -0.3014072776 -0.8546677232 0.1083044261 0.9531165361 -0.2825580239 0.8997629881 0.0268801525 0.4355503023
-58.6 -498.4 1866.5 0.4205290973 -0.0442670584 -0.9061985016 0.1876878738 0.9814479947 0.0391552113 0.8876534104 -0.1865483671 0.4210357964
-94.4 -192.5 2020.6 0.2790605426 0.6931022406 -0.6646310687 -0.0231954511 0.6967902184 0.7168998122 0.9599933028 -0.1846420467 0.2105234712
-370.0 -469.5 2094.0 0.2790605426 0.6931022406 -0.6646310687 -0.0231954511 0.6967902184 0.7168998122 0.9599933028 -0.1846420467 0.2105234712
89.9 -234.1 1531.8 0 0 0 0 0 0 0 0 0
2.9 -412.7 2093.3 0 0 0 0 0 0 0 0 0
-41.7 -873.6 1937.9 0 0 0 0 0 0 0 0 0
-635.0 -735.9 2164.6 0 0 0 0 0 0 0 0 0
383.7 59.9 1765.0 77 0.4371888936 0.8876568079 -0.1446765810 -0.4344435930 0.3492866158 0.8302153945 0.7874799371 -0.3001071513 0.5383410454
211.8 -7.8 1823.1 0.4371888936 0.8876568079 -0.1446765810 -0.4344435930 0.3492866158 0.8302153945 0.7874799371 -0.3001071513 0.5383410454
38.1 -81.6 1885.6 0.4607062936 0.8737478256 -0.1559309363 -0.4248221517 0.3713388741 0.8256110549 0.7792790532 -0.3141213059 0.5422655940
147.0 52.0 1713.5 0.7904786468 -0.3758521378 -0.4836100340 0.6103928685 0.5486908555 0.5712783337 0.0506362207 -0.7467754483 0.6631458402
-40.5 -92.8 1701.4 -0.5088394284 -0.3758521378 -0.7744789124 0.5513057113 0.5486908555 -0.6284905672 0.6611689925 -0.7467754483 -0.0719861016
276.5 -67.6 1932.7 -0.8689679503 0.1148652881 -0.4813529849 -0.4217944145 0.3367951214 0.8418185711 0.2588130832 0.9345453382 -0.2442146242
50.2 -177.4 2000.1 -0.1755099893 0.1148652881 -0.9777536392 -0.9190918803 0.3367951214 0.2045462728 0.3527979255 0.9345453382 0.0464608446
-179.1 -115.1 1877.4 0.4174565375 -0.3070001006 -0.8552666306 0.1078985259 0.9512891769 -0.2888022959 0.9022682309 0.0282803942 0.4302467406
-57.0 -493.3 1866.2 0.4162259996 -0.0322270244 -0.9086899161 0.1758522838 0.9833564162 0.0456741489 0.8920941353 -0.1788059622 0.4149656892
-93.3 -194.4 2019.5 0.2753013670 0.6901618242 -0.6692427397 -0.0281945802 0.7016400099 0.7119736075 0.9609444141 -0.1771382838 0.2126212716
-367.7 -473.4 2090.0 0.2753013670 0.6901618242 -0.6692427397 -0.0281945802 0.7016400099 0.7119736075 0.9609444141 -0.1771382838 0.2126212716
89.6 -233.8 1532.4 0 0 0 0 0 0 0 0 0
4.9 -414.5 2091.2 0 0 0 0 0 0 0 0 0
-44.7 -869.2 1934.5 0 0 0 0 0 0 0 0 0
-631.5 -741.6 2157.7 0 0 0 0 0 0 0 0 0
382.6 60.9 1766.9 78 0.4305906296 0.8888020515 -0.1569159925 -0.4281338453 0.3541982770 0.8314114213 0.7945395708 -0.2908169329 0.5330407023
210.5 -7.8 1823.2 0.4305906296 0.8888020515 -0.1569159925 -0.4281338453 0.3541982770 0.8314114213 0.7945395708 -0.2908169329 0.5330407023
36.7 -82.4 1884.2 0.4549663365 0.8746875525 -0.1671148539 -0.4180478156 0.3754868507 0.8271914124 0.7862834334 -0.3064822555 0.5364950895
146.5 51.1 1712.6 0.7976804376 -0.3703683615 -0.4759550095 0.6014310122 0.5468660593 0.5824245214 0.0445720255 -0.7508427501 0.6589753628
-41.4 -90.6 1702.1 -0.5019267201 -0.3703683615 -0.7815988660 0.5623334646 0.5468660593 -0.6202569008 0.6571534276 -0.7508427501 -0.0662161484
274.4 -66.6 1933.8 -0.8689836264 0.1025613025 -0.4840956926 -0.4261769652 0.3420473337 0.8374823928 0.2514769435 0.9340689182 -0.2535242736
48.1 -177.6 1999.3 -0.1733932495 0.1025613025 -0.9794977903 -0.9184972048 0.3420473337 0.1984098852 0.3553838134 0.9340689182 0.0348935723
-177.8 -116.5 1876.5 0.4098473489 -0.3042786121 -0.8599067926 0.1060602963 0.9522233605 -0.2863945961 0.9059671164 0.0261760931 0.4225381017
-56.8 -495.1 1866.1 0.4091652632 -0.0246309154 -0.9121277928 0.1821540743 0.9817192554 0.0552011132 0.8940938115 -0.1887341589 0.4061720371
-95.5 -195.4 2017.2 0.2650546730 0.6874799728 -0.6761044860 -0.0217568427 0.7052690387 0.7086058259 0.9639878869 -0.1731093824 0.2018922567
-368.8 -475.8 2086.1 0.2650546730 0.6874799728 -0.6761044860 -0.0217568427 0.7052690387 0.7086058259 0.9639878869 -0.1731093824 0.2018922567
87.0 -234.3 1534.1 0 0 0 0 0 0 0 0 0
3.4 -414.5 2091.0 0 0 0 0 0 0 0 0 0
-47.4 -870.3 1938.3 0 0 0 0 0 0 0 0 0
-631.6 -745.5 2152.2 0 0 0 0 0 0 0 0 0
385.1 60.2 1766.8 79 0.4245044291 0.8933113813 -0.1476169080 -0.4245216846 0.3403765857 0.8390024304 0.7997357845 -0.2934936881 0.5237213969
212.0 -5.7 1823.7 0.4245044291 0.8933113813 -0.1476169080 -0.4245216846 0.3403765857 0.8390024304 0.7997357845 -0.2934936881 0.5237213969
37.3 -78.2 1884.7 0.4481467605 0.8793198466 -0.1611242890 -0.4151228368 0.3643206954 0.8336327076 0.7917307019 -0.3067034185 0.5282949209
149.0 52.7 1712.3 0.8011426330 -0.3608911335 -0.4774180949 0.5965102315 0.5460810065 0.5881930590 0.0484352857 -0.7560113668 0.6527640224
-41.6 -89.3 1700.8 -0.5008512735 -0.3608911335 -0.7867054939 0.5703343749 0.5460810065 -0.6136075854 0.6510504484 -0.7560113668 -0.0676767528
275.0 -64.1 1935.1 -0.8739038706 0.1024883538 -0.4751716852 -0.4155654907 0.3496145308 0.8396874666 0.2521851063 0.9312710762 -0.2629388869
47.4 -172.4 2000.7 -0.1834198684 0.1024883538 -0.9776775241 -0.9135059118 0.3496145308 0.2080303133 0.3631309569 0.9312710762 0.0294974633
-178.9 -118.7 1873.0 0.4070560634 -0.3042637408 -0.8612368703 0.1122171208 0.9524037242 -0.2834333777 0.9064837098 0.0187277533 0.4218253195
-58.0 -497.4 1865.5 0.4055928290 -0.0344843157 -0.9134031534 0.1952679455 0.9794883728 0.0497286394 0.8929529190 -0.1985279322 0.4040071368
-96.4 -188.7 2018.3 0.2613447905 0.6948187947 -0.6700192094 -0.0154781574 0.6970712543 0.7168347836 0.9651213884 -0.1769703776 0.1929304600
-372.6 -465.8 2088.6 0.2613447905 0.6948187947 -0.6700192094 -0.0154781574 0.6970712543 0.7168347836 0.9651213884 -0.1769703776 0.1929304600
86.1 -234.7 1534.7 0 0 0 0 0 0 0 0 0
0.1 -408.1 2094.4 0 0 0 0 0 0 0 0 0
-44.8 -871.8 1941.4 0 0 0 0 0 0 0 0 0
-638.3 -732.3 2156.3 0 0 0 0 0 0 0 0 0
385.3 60.3 1762.8 80 0.4232815206 0.8967086673 -0.1294076890 -0.4702266753 0.3395267427 0.8146216869 0.7744156718 -0.2839633524 0.5653717518
210.4 -5.9 1818.2 0.4232815206 0.8967086673 -0.1294076890 -0.4702266753 0.3395267427 0.8146216869 0.7744156718 -0.2839633524 0.5653717518
34.7 -78.3 1876.3 0.4446878433 0.8839165568 -0.1447212845 -0.4617606997 0.3646905124 0.8085653186 0.7674827576 -0.2927325666 0.5703313947
147.9 59.0 1710.3 0.7908447981 -0.3716342747 -0.4862638116 0.6107851863 0.5296378732 0.5885789990 0.0388076119 -0.7624773383 0.6458500624
-43.7 -89.0 1700.9 -0.5032300353 -0.3716342747 -0.7801586390 0.5752507448 0.5296378732 -0.6233540773 0.6448612809 -0.7624773383 -0.0527467914
272.9 -70.8 1926.1 -0.8796077967 0.1125478148 -0.4621938467 -0.4132117927 0.3006043732 0.8595888615 0.2356823385 0.9470850229 -0.2179078609
43.8 -178.4 1987.5 -0.1970846504 0.1125478148 -0.9739048481 -0.9274508357 0.3006043732 0.2224228531 0.3177932501 0.9470850229 0.0451380536
-178.6 -112.5 1873.0 0.4000401497 -0.3007628322 -0.8657422066 0.1016614884 0.9533529282 -0.2842237055 0.9108418226 0.0256882478 0.4119554460
