63.6 449.3 2106.9 02 0.9664803743 0.2047923505 0.1548411995 -0.1944583803 0.9776970744 -0.0793372691 -0.1676354408 0.0465677455 0.9847486019
13.7 211.3 2095.5 0.9664803743 0.2047923505 0.1548411995 -0.1944583803 0.9776970744 -0.0793372691 -0.1676354408 0.0465677455 0.9847486019
33.2 18.5 2106.5 0.9815394282 -0.1002209038 0.1628991663 0.0893870145 0.9933513999 0.0725460872 -0.1690867543 -0.0566457696 0.9839720130
-120.3 199.1 2118.6 0.4914234877 -0.8324133158 -0.2561075091 0.5468054414 0.0660154372 0.8346530795 -0.6778692603 -0.5502091050 0.4876096845
-209.5 99.8 2241.7 -0.2833974361 -0.8324133158 -0.4762079120 0.8025079370 0.0660154372 -0.5929780006 0.5250398517 -0.5502091050 0.6493096948
147.8 223.5 2072.4 0.3705761433 0.8627438545 0.3440150917 -0.5450637937 0.5019049644 -0.6715629697 -0.7520496845 0.0613550283 0.6562444568
220.3 116.9 1925.3 -0.5001572967 0.8627438545 0.0742680132 0.8649035692 0.5019049644 -0.0057574818 -0.0422427207 0.0613550283 -0.9972217083
-34.1 -182.1 2130.8 0.9941211939 0.0084199915 0.1079450101 -0.0074770991 0.9999303222 -0.0091367066 -0.1080144197 0.0082758786 0.9941148758
-37.4 -570.1 2127.6 0.9933037162 0.0403082632 0.1082728282 -0.0478003137 0.9965724945 0.0675157607 -0.1051802859 -0.0722391307 0.9918258786
141.4 -165.2 2099.9 0.9866209626 0.0394072831 0.1581965387 -0.0433920138 0.9988199472 0.0218126718 -0.1571502835 -0.0283853058 0.9871667027
126.2 -552.8 2111.0 0.9822827578 -0.0948850363 0.1616089344 0.0735444501 0.9883470535 0.1332717091 -0.1723711938 -0.1190250590 0.9778144956
-137.6 -103.8 2108.4 0 0 0 0 0 0 0 0 0
86.3 348.5 1914.0 0 0 0 0 0 0 0 0 0
-52.4 -941.9 2154.5 0 0 0 0 0 0 0 0 0
161.6 -921.6 2155.4 0 0 0 0 0 0 0 0 0
63.7 450.8 2109.9 03 0.9745608568 0.1379172206 0.1766635925 -0.1285836995 0.9896770716 -0.0632891208 -0.1835685670 0.0389630385 0.9822344184
33.4 233.0 2101.3 0.9745608568 0.1379172206 0.1766635925 -0.1285836995 0.9896770716 -0.0632891208 -0.1835685670 0.0389630385 0.9822344184
38.1 39.7 2105.1 0.9830672145 -0.0247613844 0.1815647781 0.0209518243 0.9995188713 0.0228701886 -0.1820437163 -0.0186788198 0.9831129909
-100.6 230.1 2126.4 0.5347437859 -0.7855858207 -0.3112940788 0.6252139211 0.1199965179 0.7711733580 -0.5684686303 -0.6070055366 0.5553265810
-209.4 102.8 2242.1 -0.2825227082 -0.7855858207 -0.5504869223 0.8032178283 0.1199965179 -0.5834740996 0.5244254470 -0.6070055366 0.5970947742
167.3 235.9 2076.3 0.2657500207 0.8632795215 0.4290983379 -0.5984510779 0.4966843724 -0.6286183000 -0.7557997108 -0.0897390395 0.6486244202
220.4 116.3 1925.3 -0.5024622679 0.8632795215 -0.0477508269 0.8625355363 0.4966843724 -0.0966286659 -0.0597004592 -0.0897390395 -0.9941744208
-36.7 -178.2 2131.4 0.9924646020 -0.0032774387 0.1224879995 0.0045829639 0.9999356270 -0.0103781745 -0.1224461049 0.0108613288 0.9924157262
-35.4 -570.4 2127.1 0.9911183715 0.0536593087 0.1216761693 -0.0637992099 0.9946677089 0.0810296908 -0.1166793555 -0.0880728513 0.9892568588
140.6 -166.2 2102.4 0.9835442901 0.0352611244 0.1771926433 -0.0407601744 0.9987907410 0.0274895784 -0.1760090590 -0.0342596211 0.9837921858
126.9 -554.0 2115.7 0.9794735312 -0.0922556072 0.1792218536 0.0756965876 0.9923874736 0.0971449837 -0.1868197024 -0.0815844610 0.9790006876
-137.7 -101.1 2109.0 0 0 0 0 0 0 0 0 0
85.5 347.9 1909.3 0 0 0 0 0 0 0 0 0
-55.4 -941.5 2160.0 0 0 0 0 0 0 0 0 0
161.3 -924.1 2146.1 0 0 0 0 0 0 0 0 0
64.0 455.3 2105.9 04 0.9739140272 0.0947689638 0.2061802596 -0.0895774737 0.9953858852 -0.0343918726 -0.2084882110 0.0150256203 0.9779094458
44.2 247.3 2102.8 0.9739140272 0.0947689638 0.2061802596 -0.0895774737 0.9953858852 -0.0343918726 -0.2084882110 0.0150256203 0.9779094458
41.7 53.7 2105.3 0.9779344201 0.0125683704 0.2085338235 -0.0148452716 0.9998460412 0.0093570752 -0.2083841115 -0.0122463470 0.9779704213
-89.1 249.2 2131.4 0.5330248475 -0.7644063234 -0.3627223074 0.6900426745 0.1446614116 0.7091644406 -0.4896178544 -0.6282961369 0.6045811176
-206.5 97.2 2239.2 -0.2818403542 -0.7644063234 -0.5798697472 0.8014858365 0.1446614116 -0.5802530050 0.5274338722 -0.6282961369 0.5718894601
177.4 245.3 2074.2 0.2075071335 0.8576043248 0.4705907702 -0.6389692426 0.4830853641 -0.5986208320 -0.7407152653 -0.1764749289 0.6482263803
219.4 116.0 1924.3 -0.5000860691 0.8576043248 -0.1201199144 0.8633989096 0.4830853641 -0.1455020010 -0.0667549744 -0.1764749289 -0.9820389152
-45.7 -153.5 2124.6 0.9884683490 -0.0293172207 0.1485624760 0.0301507041 0.9995397329 -0.0033608074 -0.1483955681 0.0078013148 0.9888973236
-34.3 -543.4 2121.5 0.9878513217 0.0566016622 0.1447273195 -0.0715384483 0.9923946261 0.1001757532 -0.1379565001 -0.1093123183 0.9843875170
130.6 -151.7 2092.4 0.9783489108 0.0218399968 0.2058068812 -0.0317324735 0.9984878898 0.0448889695 -0.2045153081 -0.0504478365 0.9775625467
122.2 -539.3 2112.0 0.9721141458 -0.1108160615 0.2066733688 0.0922163278 0.9909458160 0.0975835547 -0.2156159282 -0.0758036971 0.9735314846
-135.0 -106.2 2105.3 0 0 0 0 0 0 0 0 0
85.3 347.4 1906.4 0 0 0 0 0 0 0 0 0
-55.4 -913.7 2162.3 0 0 0 0 0 0 0 0 0
163.5 -908.9 2140.2 0 0 0 0 0 0 0 0 0
64.5 450.6 2104.0 05 0.9771718979 0.1343210042 0.1645995080 -0.1286271811 0.9906794429 -0.0448250882 -0.1690863073 0.0226298422 0.9853414297
34.7 230.7 2098.9 0.9771718979 0.1343210042 0.1645995080 -0.1286271811 0.9906794429 -0.0448250882 -0.1690863073 0.0226298422 0.9853414297
42.1 37.5 2106.5 0.9848822355 -0.0386667289 0.1688547134 0.0317166671 0.9985426068 0.0436659083 -0.1702970415 -0.0376502685 0.9846732020
-99.4 226.3 2122.3 0.5090896487 -0.7994691730 -0.3188679814 0.6543155313 0.1187834442 0.7468343973 -0.5591948628 -0.5888459682 0.5835765004
-203.7 92.3 2236.8 -0.2794830501 -0.7994691730 -0.5317314267 0.7941468358 0.1187834442 -0.5960044265 0.5396480560 -0.5888459682 0.6016979218
168.8 235.2 2075.6 0.2509780824 0.8657398820 0.4330178499 -0.5998646617 0.4901883304 -0.6323589087 -0.7597185969 -0.1010439023 0.6423532963
218.8 115.7 1924.2 -0.4969319701 0.8657398820 -0.0596077591 0.8659225106 0.4901883304 -0.0994667485 -0.0568933003 -0.1010439023 -0.9932538867
-46.5 -143.0 2126.7 0.9930431843 -0.0355054997 0.1122703552 0.0384090468 0.9989784956 -0.0238051396 -0.1113104597 0.0279517286 0.9933925271
-32.8 -526.2 2115.9 0.9926080108 0.0590927638 0.1060063690 -0.0717565641 0.9901857376 0.1199298054 -0.0978790149 -0.1266499460 0.9871066213
126.6 -141.2 2089.1 0.9862390161 0.0160551928 0.1645444632 -0.0228859466 0.9989494681 0.0397016555 -0.1637341827 -0.0429210775 0.9855703712
120.3 -529.0 2105.8 0.9793902040 -0.1160599813 0.1653023362 0.0968695730 0.9880622029 0.1197888181 -0.1772316843 -0.1013072282 0.9789411426
-132.7 -109.2 2099.8 0 0 0 0 0 0 0 0 0
85.6 347.9 1909.0 0 0 0 0 0 0 0 0 0
-54.9 -895.7 2163.2 0 0 0 0 0 0 0 0 0
163.6 -897.6 2143.6 0 0 0 0 0 0 0 0 0
64.3 447.8 2102.5 06 0.9717976451 0.1731092781 0.1601329148 -0.1664452404 0.9845579863 -0.0542364046 -0.1670489609 0.0260534473 0.9856042862
24.3 220.0 2096.4 0.9717976451 0.1731092781 0.1601329148 -0.1664452404 0.9845579863 -0.0542364046 -0.1670489609 0.0260534473 0.9856042862
37.6 27.0 2107.3 0.9836345911 -0.0689356700 0.1664658040 0.0586099178 0.9960855246 0.0661702231 -0.1703756601 -0.0553307757 0.9838244915
-109.9 211.9 2119.8 0.5069845319 -0.8153263927 -0.2796595991 0.5901744962 0.0918822363 0.8020297885 -0.6282203197 -0.5716646314 0.5277677178
-207.0 98.9 2240.1 -0.2877889574 -0.8153263927 -0.5024145246 0.7924202085 0.0918822363 -0.6030156612 0.5378175378 -0.5716646314 0.6196384430
158.4 228.0 2073.1 0.3116484284 0.8736316562 0.3736883998 -0.5764889121 0.4864674509 -0.6565135121 -0.7553381920 -0.0108258026 0.6552457213
219.7 114.6 1924.4 -0.4861147702 0.8736316562 0.0214520283 0.8715853095 0.4864674509 -0.0607327260 -0.0634937435 -0.0108258026 -0.9979234934
-37.6 -160.9 2129.4 0.9934883714 -0.0121503379 0.1132839397 0.0164421573 0.9991789460 -0.0370284654 -0.1127410233 0.0386499837 0.9928724170
-32.9 -546.4 2114.5 0.9918040633 0.0667493865 0.1089461297 -0.0830277130 0.9848136306 0.1524745971 -0.0971140489 -0.1602704674 0.9822841883
137.4 -152.9 2098.7 0.9858257174 0.0455331206 0.1614754945 -0.0479233712 0.9987911582 0.0109367250 -0.1607823074 -0.0185201541 0.9868161082
119.7 -540.3 2105.9 0.9772920012 -0.1318315715 0.1658940315 0.1098375693 0.9846787453 0.1354380995 -0.1812073439 -0.1141411737 0.9767987132
-133.9 -102.2 2103.6 0 0 0 0 0 0 0 0 0
89.4 348.2 1907.4 0 0 0 0 0 0 0 0 0
-57.8 -913.7 2174.3 0 0 0 0 0 0 0 0 0
168.9 -907.7 2148.5 0 0 0 0 0 0 0 0 0
64.8 446.1 2101.7 07 0.9646847248 0.2104003429 0.1584775150 -0.2033531070 0.9772879481 -0.0596304536 -0.1674244255 0.0252976920 0.9855602980
14.3 211.8 2095.6 0.9646847248 0.2104003429 0.1584775150 -0.2033531070 0.9772879481 -0.0596304536 -0.1674244255 0.0252976920 0.9855602980
35.7 19.6 2107.1 0.9800112844 -0.1105880886 0.1653727293 0.0990611985 0.9921424389 0.0764215440 -0.1725246161 -0.0585119538 0.9832657576
-119.3 198.2 2119.3 0.4918387830 -0.8287082911 -0.2670901418 0.5561591983 0.0629982352 0.8286846280 -0.6699116230 -0.5561238527 0.4918787181
-205.7 100.6 2236.9 -0.2811659873 -0.8287082911 -0.4839299917 0.8122975230 0.0629982352 -0.5798309445 0.5109974742 -0.5561238527 0.6554447412
147.9 225.3 2072.0 0.3691465557 0.8694679141 0.3282625675 -0.5627800822 0.4902149737 -0.6655582786 -0.7396008372 0.0609489121 0.6702804565
220.9 114.0 1925.8 -0.4865926802 0.8694679141 0.0851649120 0.8711764216 0.4902149737 -0.0272193868 -0.0654155016 0.0609489121 -0.9959949851
-36.6 -172.3 2133.5 0.9932056069 0.0003693603 0.1163723320 0.0021672046 0.9997628331 -0.0216696896 -0.1163527369 0.0217746589 0.9929692149
-36.8 -559.2 2125.1 0.9921125770 0.0477332249 0.1159058958 -0.0562167950 0.9958864450 0.0710621029 -0.1120370924 -0.0770174637 0.9907149076
138.8 -160.6 2102.8 0.9857859015 0.0425975807 0.1625162959 -0.0453281663 0.9988858700 0.0131294485 -0.1617759615 -0.0203093924 0.9866185188
122.3 -548.3 2110.7 0.9787452221 -0.1206839830 0.1658108085 0.1037403494 0.9887962937 0.1073302031 -0.1769061536 -0.0878476501 0.9802994728
-134.4 -105.5 2107.2 0 0 0 0 0 0 0 0 0
90.5 347.5 1908.3 0 0 0 0 0 0 0 0 0
-54.5 -929.4 2153.7 0 0 0 0 0 0 0 0 0
167.3 -917.2 2143.5 0 0 0 0 0 0 0 0 0
64.0 445.5 2101.8 08 0.9609077573 0.2160532027 0.1731394082 -0.2071339786 0.9759293199 -0.0682455376 -0.1837164909 0.0297146160 0.9825300574
11.1 206.8 2094.6 0.9609077573 0.2160532027 0.1731394082 -0.2071339786 0.9759293199 -0.0682455376 -0.1837164909 0.0297146160 0.9825300574
35.6 14.8 2107.4 0.9754981995 -0.1260461211 0.1803208441 0.1115179136 0.9898053408 0.0885953903 -0.1896496266 -0.0663156435 0.9796097279
-122.0 191.5 2120.5 0.5047223568 -0.8286309242 -0.2421283573 0.5114328265 0.0610535704 0.8571516275 -0.6954795718 -0.5564559698 0.4546041787
-208.7 103.6 2240.0 -0.2815891206 -0.8286309242 -0.4838164449 0.8136581779 0.0610535704 -0.5781287551 0.5085940957 -0.5564559698 0.6570302844
144.3 222.0 2068.6 0.3991743922 0.8667893410 0.2988914251 -0.5554369688 0.4879718423 -0.6733300090 -0.7294858694 0.1027607545 0.6762326360
221.7 114.3 1927.2 -0.4834126234 0.8667893410 0.1224275902 0.8728182316 0.4879718423 -0.0084736738 -0.0670861080 0.1027607545 -0.9924412966
-30.3 -182.1 2134.0 0.9907698631 0.0264464617 0.1329496950 -0.0258061271 0.9996455908 -0.0065374817 -0.1330754608 0.0030462234 0.9911012053
-40.5 -569.4 2132.8 0.9905302525 0.0295382328 0.1340796649 -0.0354797207 0.9984814525 0.0421417989 -0.1326312572 -0.0464998335 0.9900740981
144.8 -163.8 2103.0 0.9824966192 0.0548448041 0.1780236959 -0.0584491044 0.9981767535 0.0150611373 -0.1768730879 -0.0252028424 0.9839109182
123.5 -551.2 2112.8 0.9766033888 -0.1142967492 0.1821595132 0.0966801196 0.9899877906 0.1028453037 -0.1920905709 -0.0828278661 0.9778756499
-137.3 -102.9 2111.0 0 0 0 0 0 0 0 0 0
92.3 347.9 1909.2 0 0 0 0 0 0 0 0 0
-51.5 -941.1 2150.1 0 0 0 0 0 0 0 0 0
166.1 -920.7 2143.7 0 0 0 0 0 0 0 0 0
65.2 443.1 2102.9 09 0.9707233310 0.2085125595 0.1192424223 -0.1995684057 0.9763865471 -0.0827151388 -0.1336738318 0.0564964935 0.9894136786
13.4 200.6 2088.9 0.9707233310 0.2085125595 0.1192424223 -0.1995684057 0.9763865471 -0.0827151388 -0.1336738318 0.0564964935 0.9894136786
38.9 9.6 2109.9 0.9829335213 -0.1328421235 0.1272580773 0.1169590801 0.9852291942 0.1250760853 -0.1419937462 -0.1080574840 0.9839519262
-120.7 184.5 2108.3 0.5011485219 -0.8399469852 -0.2081805766 0.4418436587 0.0415172167 0.8961308599 -0.7440593243 -0.5410779715 0.3919315338
-211.1 104.8 2242.6 -0.2945338488 -0.8399469852 -0.4557837546 0.8025544882 0.0415172167 -0.5951324701 0.5188025832 -0.5410779715 0.6618750095
147.4 216.7 2069.5 0.3972310722 0.8575965762 0.3267040551 -0.5230993032 0.5040903687 -0.6872117519 -0.7540388107 0.1020832062 0.6488485336
222.7 117.6 1926.6 -0.5004094839 0.8575965762 0.1188208982 0.8636502624 0.5040903687 -0.0010721106 -0.0608159080 0.1020832062 -0.9929151535
-27.1 -187.4 2137.3 0.9962606430 0.0344280526 0.0792432204 -0.0333739072 0.9993364215 -0.0145892557 -0.0796929151 0.0118900454 0.9967485666
-40.5 -574.9 2132.7 0.9961844087 0.0322615393 0.0810917318 -0.0358263887 0.9984369278 0.0428968258 -0.0795810595 -0.0456383713 0.9957830906
147.3 -167.1 2103.3 0.9904967546 0.0595356934 0.1239824146 -0.0628007576 0.9977703691 0.0225918908 -0.1223609522 -0.0301633850 0.9920272231
124.2 -554.4 2115.0 0.9855359197 -0.1119430885 0.1272307783 0.1022278517 0.9914984107 0.0805007443 -0.1351606101 -0.0663298443 0.9886010289
-136.4 -98.9 2110.9 0 0 0 0 0 0 0 0 0
89.3 347.8 1910.4 0 0 0 0 0 0 0 0 0
-52.5 -947.1 2149.7 0 0 0 0 0 0 0 0 0
166.0 -924.5 2139.8 0 0 0 0 0 0 0 0 0
63.0 445.2 2101.9 10 0.9799118042 0.1345782131 0.1471787244 -0.1276592314 0.9902623296 -0.0555307083 -0.1532187611 0.0356264748 0.9875499010
33.1 225.1 2094.0 0.9799118042 0.1345782131 0.1471787244 -0.1276592314 0.9902623296 -0.0555307083 -0.1532187611 0.0356264748 0.9875499010
42.3 32.7 2105.0 0.9871403575 -0.0485549420 0.1523032486 0.0393522419 0.9972457290 0.0628681108 -0.1549363285 -0.0560661741 0.9863322377
-101.2 219.7 2115.5 0.5587192178 -0.7944502234 -0.2380791456 0.5022665262 0.0956890956 0.8594020605 -0.6599705815 -0.5997436047 0.4524890780
-214.7 117.6 2249.6 -0.2935327590 -0.7944502234 -0.5316835046 0.8040133119 0.0956890956 -0.5868613124 0.5171084404 -0.5997436047 0.6106606722
167.4 230.6 2072.6 0.2813054919 0.8698754311 0.4051961601 -0.5881889462 0.4899284244 -0.6434313655 -0.7582222819 -0.0573311076 0.6494706273
221.9 116.6 1925.6 -0.4932707548 0.8698754311 -0.0008230672 0.8641728163 0.4899284244 -0.1147845015 -0.0994449779 -0.0573311076 -0.9933900833
-28.6 -181.4 2137.8 0.9949624538 0.0285559315 0.0960948914 -0.0262048151 0.9993277192 -0.0256405361 -0.0967624709 0.0229932237 0.9950418472
-40.0 -579.3 2128.7 0.9947071075 0.0298045464 0.0983332694 -0.0365344062 0.9970593452 0.0673641041 -0.0960363448 -0.0706000999 0.9928709269
148.8 -167.0 2112.6 0.9878985286 0.0578756928 0.1438988149 -0.0579278544 0.9983134270 -0.0038307407 -0.1438778192 -0.0045513660 0.9895849824
126.1 -557.8 2114.4 0.9839134812 -0.1000641137 0.1479914188 0.0898142755 0.9931751490 0.0744077861 -0.1544269621 -0.0599190816 0.9861856103
-140.2 -86.5 2118.4 0 0 0 0 0 0 0 0 0
90.8 346.3 1899.2 0 0 0 0 0 0 0 0 0
-51.1 -951.1 2155.0 0 0 0 0 0 0 0 0 0
163.5 -928.5 2136.8 0 0 0 0 0 0 0 0 0
63.5 450.0 2107.5 11 0.9799323082 0.0901504532 0.1777794957 -0.0826861709 0.9953716397 -0.0489727817 -0.1813715845 0.0332901068 0.9828510284
44.5 241.0 2100.5 0.9799323082 0.0901504532 0.1777794957 -0.0826861709 0.9953716397 -0.0489727817 -0.1813715845 0.0332901068 0.9828510284
45.6 47.8 2103.8 0.9835413694 -0.0065668356 0.1805635691 0.0034655945 0.9998410940 0.0174854584 -0.1806496978 -0.0165719111 0.9834078550
-89.4 240.4 2125.4 0.5938388109 -0.7470526695 -0.2987771332 0.5649200678 0.1227204949 0.8159687519 -0.5729055405 -0.6533391476 0.4949012399
-214.9 121.1 2246.4 -0.2977360189 -0.7470526695 -0.5943614841 0.8169574738 0.1227204949 -0.5634892583 0.4938964844 -0.6533391476 0.5737719536
178.5 241.7 2075.6 0.2086411715 0.8716596961 0.4434841573 -0.6280748844 0.4670165777 -0.6224286556 -0.7496604323 -0.1486770064 0.6449064612
220.5 115.0 1924.4 -0.4847327173 0.8716596961 -0.0724121034 0.8662893772 0.4670165777 -0.1773083806 -0.1207349151 -0.1486770064 -0.9814877510
-39.2 -158.2 2127.2 0.9923744798 -0.0014596413 0.1232507229 0.0014947765 0.9999988675 -0.0001926024 -0.1232503057 0.0003753660 0.9923755527
-38.6 -551.1 2127.1 0.9919712543 0.0298743304 0.1228841841 -0.0381996594 0.9970907569 0.0659608543 -0.1205561459 -0.0701254010 0.9902265668
137.7 -154.3 2099.2 0.9840816259 0.0300002620 0.1751666814 -0.0374700874 0.9985170364 0.0394929610 -0.1737221181 -0.0454278067 0.9837464094
126.0 -543.1 2116.9 0.9802560210 -0.0909718201 0.1755625308 0.0828224644 0.9951424599 0.0532157607 -0.1795508713 -0.0376245491 0.9830289483
-139.3 -86.2 2121.1 0 0 0 0 0 0 0 0 0
92.0 344.7 1892.4 0 0 0 0 0 0 0 0 0
-49.8 -923.1 2153.2 0 0 0 0 0 0 0 0 0
159.9 -914.5 2130.9 0 0 0 0 0 0 0 0 0
64.0 451.0 2104.7 12 0.9753369689 0.1618835628 0.1500384659 -0.1559901685 0.9864755869 -0.0503284372 -0.1561566293 0.0256826580 0.9873983264
27.7 229.7 2098.9 0.9753369689 0.1618835628 0.1500384659 -0.1559901685 0.9864755869 -0.0503284372 -0.1561566293 0.0256826580 0.9873983264
41.8 37.1 2105.5 0.9852991104 -0.0734734088 0.1542315185 0.0674828142 0.9967615604 0.0437310748 -0.1569451243 -0.0326802097 0.9870665073
-106.4 220.4 2120.6 0.5374402404 -0.7985779643 -0.2709819376 0.5521621108 0.0903571621 0.8288260102 -0.6373970509 -0.5950704217 0.4895060658
-213.0 110.8 2247.0 -0.2972676456 -0.7985779643 -0.5233594775 0.8004614115 0.0903571621 -0.5925344825 0.5204742551 -0.5950704217 0.6123706102
161.7 239.0 2077.3 0.2823337913 0.8716205359 0.4007059932 -0.6026176810 0.4861426055 -0.6328643560 -0.7464178205 -0.0627935082 0.6625083685
219.2 116.3 1925.4 -0.4901576936 0.8716205359 -0.0048047481 0.8656532764 0.4861426055 -0.1196232662 -0.1019302979 -0.0627935082 -0.9928077459
-41.3 -145.7 2122.7 0.9948703647 -0.0178682823 0.0995677561 0.0192598961 0.9997295737 -0.0130328424 -0.0993079543 0.0148836533 0.9949454069
-34.4 -533.5 2117.0 0.9941784143 0.0489124283 0.0960046425 -0.0612046719 0.9896774888 0.1295857579 -0.0886752754 -0.1347073019 0.9869096279
133.5 -144.0 2089.5 0.9886686206 0.0283135418 0.1474202126 -0.0359689780 0.9981250167 0.0495247319 -0.1457415819 -0.0542661026 0.9878332615
122.5 -532.1 2110.6 0.9832560420 -0.1055497900 0.1485488266 0.0921206400 0.9912471771 0.0945665538 -0.1572300792 -0.0792987272 0.9843730927
-137.6 -92.2 2115.0 0 0 0 0 0 0 0 0 0
89.6 345.2 1898.5 0 0 0 0 0 0 0 0 0
-52.6 -902.0 2167.1 0 0 0 0 0 0 0 0 0
161.9 -901.7 2140.2 0 0 0 0 0 0 0 0 0
64.3 447.5 2102.3 13 0.9703985453 0.1850602925 0.1551753879 -0.1790370345 0.9824641943 -0.0520562045 -0.1620877981 0.0227331221 0.9865144491
22.0 222.6 2097.1 0.9703985453 0.1850602925 0.1551753879 -0.1790370345 0.9824641943 -0.0520562045 -0.1620877981 0.0227331221 0.9865144491
40.6 30.0 2105.0 0.9823917150 -0.0964892060 0.1599884927 0.0886621177 0.9945212007 0.0553767011 -0.1644552052 -0.0402166918 0.9855643511
-111.9 210.4 2119.7 0.5297297239 -0.8071755767 -0.2604879737 0.5335450172 0.0783838034 0.8421316743 -0.6593300700 -0.5850842595 0.4721867144
-213.7 107.9 2246.4 -0.3039800227 -0.8071755767 -0.5060274005 0.7944383025 0.0783838034 -0.6022655368 0.5257983804 -0.5850842595 0.6174240708
155.9 234.7 2074.6 0.3255062103 0.8624894619 0.3875018060 -0.5807716250 0.5057753325 -0.6378837228 -0.7461568117 -0.0174149331 0.6655424237
220.3 119.8 1926.9 -0.5051026940 0.8624894619 0.0313556790 0.8581904173 0.5057753325 -0.0877526030 -0.0915446207 -0.0174149331 -0.9956486821
-32.2 -161.6 2125.9 0.9942232966 0.0059321653 0.1071673110 -0.0027491022 0.9995513558 -0.0298251603 -0.1072961539 0.0293582566 0.9937935472
-34.5 -549.3 2114.5 0.9926337600 0.0582037717 0.1062569842 -0.0754514858 0.9831840992 0.1663012058 -0.0947908238 -0.1730934381 0.9803332686
143.3 -148.9 2097.2 0.9868371487 0.0547008365 0.1521848738 -0.0602485836 0.9976677299 0.0320812538 -0.1500750631 -0.0408278964 0.9878312349
122.0 -536.4 2113.1 0.9813598990 -0.1130671799 0.1553980857 0.0988453627 0.9904218316 0.0964061618 -0.1648100317 -0.0792487636 0.9831364751
-136.5 -93.7 2112.9 0 0 0 0 0 0 0 0 0
87.7 345.1 1902.9 0 0 0 0 0 0 0 0 0
-56.1 -915.6 2179.0 0 0 0 0 0 0 0 0 0
164.2 -905.9 2142.7 0 0 0 0 0 0 0 0 0
65.1 446.1 2101.2 14 0.9699658751 0.2003349364 0.1379569173 -0.1948855966 0.9794425368 -0.0520755537 -0.1455534250 0.0236256924 0.9890682697
18.5 218.3 2095.7 0.9699658751 0.2003349364 0.1379569173 -0.1948855966 0.9794425368 -0.0520755537 -0.1455534250 0.0236256924 0.9890682697
39.1 25.8 2105.3 0.9838694334 -0.1068212017 0.1434925497 0.0983829275 0.9930439591 0.0646876097 -0.1494044214 -0.0495269448 0.9875349998
-115.8 204.9 2116.1 0.5155870318 -0.8206310868 -0.2464438528 0.5167343020 0.0683661699 0.8534118533 -0.6834878922 -0.5673540831 0.4592969418
-213.3 107.2 2245.4 -0.2989989817 -0.8206310868 -0.4869950712 0.7947089076 0.0683661699 -0.6031283736 0.5282399058 -0.5673540831 0.6317214370
152.7 231.8 2075.2 0.3349087834 0.8619230986 0.3806897998 -0.5585390925 0.5069873929 -0.6565042734 -0.7588611245 0.0072389091 0.6512122750
218.6 121.9 1925.8 -0.5055037737 0.8619230986 0.0394277126 0.8603358269 0.5069873929 -0.0527833141 -0.0654845089 0.0072389091 -0.9978273511
-28.6 -170.5 2127.5 0.9956642985 0.0166448820 0.0915183648 -0.0152315749 0.9997540712 -0.0161197521 -0.0917641670 0.0146558918 0.9956728816
-35.1 -558.4 2121.9 0.9936755300 0.0630037561 0.0929486156 -0.0743677095 0.9894471169 0.1243535429 -0.0841329992 -0.1304794550 0.9878748655
146.8 -154.3 2097.8 0.9888729453 0.0613316186 0.1355314404 -0.0665280670 0.9972000718 0.0341464020 -0.1330577135 -0.0427831002 0.9901844263
123.0 -541.5 2114.4 0.9843966961 -0.1094409302 0.1377890706 0.1001805514 0.9923274517 0.0724573955 -0.1446616948 -0.0575230382 0.9878077507
-137.4 -94.5 2111.3 0 0 0 0 0 0 0 0 0
86.2 347.2 1908.7 0 0 0 0 0 0 0 0 0
-58.5 -927.1 2170.5 0 0 0 0 0 0 0 0 0
163.9 -911.8 2135.9 0 0 0 0 0 0 0 0 0
65.5 445.3 2100.6 15 0.9639733434 0.2193279713 0.1505012214 -0.2124531865 0.9752945900 -0.0605322346 -0.1600594372 0.0263769981 0.9867548943
12.0 207.8 2094.1 0.9639733434 0.2193279713 0.1505012214 -0.2124531865 0.9752945900 -0.0605322346 -0.1600594372 0.0263769981 0.9867548943
38.4 15.9 2104.1 0.9783306122 -0.1359589696 0.1561548114 0.1258901358 0.9893767834 0.0727000460 -0.1643801630 -0.0514663309 0.9850534797
-121.5 190.6 2116.6 0.5311027765 -0.8226109743 -0.2030789256 0.4271405935 0.0529406965 0.9026340246 -0.7317655087 -0.5661346912 0.3794874847
-213.9 116.2 2244.0 -0.2930141091 -0.8226109743 -0.4872924387 0.8138056993 0.0529406965 -0.5787205696 0.5018594861 -0.5661346912 0.6539331675
145.5 225.0 2071.6 0.3798380196 0.8539400101 0.3556817472 -0.5230925679 0.5153982639 -0.6787774563 -0.7629529834 0.0717710108 0.6424575448
218.4 124.6 1925.3 -0.5127323866 0.8539400101 0.0888364762 0.8569086790 0.5153982639 -0.0084912544 -0.0530371889 0.0717710108 -0.9960100055
-28.2 -175.5 2128.3 0.9938708544 0.0293819867 0.1065712273 -0.0276392624 0.9994595647 -0.0177932736 -0.1070364341 0.0147386650 0.9941458702
-39.7 -563.4 2122.6 0.9933634996 0.0334609784 0.1100424305 -0.0503956303 0.9866416454 0.1549146175 -0.1033888534 -0.1594321877 0.9817800522
147.7 -157.7 2101.4 0.9869862795 0.0623935051 0.1482065022 -0.0664862767 0.9975264072 0.0228186585 -0.1464161575 -0.0323753990 0.9886931777
123.5 -545.0 2114.0 0.9826455712 -0.1084171534 0.1505105346 0.1001611054 0.9930740595 0.0614136048 -0.1561264098 -0.0452725030 0.9866990447
-139.6 -90.2 2116.7 0 0 0 0 0 0 0 0 0
85.0 347.6 1911.5 0 0 0 0 0 0 0 0 0
-52.1 -931.0 2182.0 0 0 0 0 0 0 0 0 0
164.0 -915.6 2130.9 0 0 0 0 0 0 0 0 0
66.0 445.5 2100.3 16 0.9588464499 0.2379774302 0.1548554152 -0.2312503159 0.9710199833 -0.0603613853 -0.1647323370 0.0220669359 0.9860914350
6.4 202.2 2094.7 0.9588464499 0.2379774302 0.1548554152 -0.2312503159 0.9710199833 -0.0603613853 -0.1647323370 0.0220669359 0.9860914350
36.6 10.8 2104.8 0.9746935368 -0.1554505527 0.1606474668 0.1446358114 0.9864825606 0.0770237371 -0.1704493016 -0.0518391654 0.9840018749
-126.7 182.4 2118.0 0.5131488442 -0.8345190287 -0.2006396651 0.4217801988 0.0415903255 0.9057437181 -0.7475156784 -0.5494071841 0.3733256161
-212.9 111.6 2243.6 -0.2942301929 -0.8345190287 -0.4658397138 0.8094247580 0.0415903255 -0.5857489109 0.5081930161 -0.5494071841 0.6632431746
139.5 221.9 2071.4 0.4069190025 0.8448673487 0.3472982645 -0.4855898619 0.5220994353 -0.7011523843 -0.7737050056 0.1166677177 0.6227111816
216.6 129.9 1924.8 -0.5214575529 0.8448673487 0.1195037216 0.8524121642 0.5220994353 0.0283844564 -0.0384117216 0.1166677177 -0.9924279451
-22.8 -187.2 2128.8 0.9926317930 0.0446125120 0.1126578376 -0.0423108228 0.9988456368 -0.0227409340 -0.1135423258 0.0178067293 0.9933735728
-40.1 -574.9 2121.9 0.9925851226 0.0263146870 0.1186689138 -0.0441266671 0.9876900315 0.1500706226 -0.1132590473 -0.1541943401 0.9815276265
152.2 -164.6 2099.3 0.9854519367 0.0727837980 0.1535807699 -0.0775238723 0.9966745973 0.0250961501 -0.1512434483 -0.0366372243 0.9878173470
124.0 -551.5 2113.5 0.9817631841 -0.1063738018 0.1575616896 0.0941483900 0.9920803905 0.0831416696 -0.1651579589 -0.0667912513 0.9840029478
-138.2 -93.8 2114.7 0 0 0 0 0 0 0 0 0
80.9 351.7 1914.8 0 0 0 0 0 0 0 0 0
-49.9 -943.2 2179.4 0 0 0 0 0 0 0 0 0
163.7 -921.7 2138.4 0 0 0 0 0 0 0 0 0
67.1 445.3 2100.6 17 0.9573178291 0.2379246652 0.1641169637 -0.2291658372 0.9708189964 -0.0706645101 -0.1761406958 0.0300383978 0.9839065671
7.8 203.3 2093.1 0.9573178291 0.2379246652 0.1641169637 -0.2291658372 0.9708189964 -0.0706645101 -0.1761406958 0.0300383978 0.9839065671
39.4 12.3 2106.0 0.9718064666 -0.1629194170 0.1704391688 0.1485225558 0.9844176769 0.0941426158 -0.1831209958 -0.0661743432 0.9808606505
-125.0 183.0 2118.2 0.5158717036 -0.8337343335 -0.1968842894 0.4345431924 0.0566068739 0.8988703489 -0.7382740378 -0.5492565036 0.3914954662
-213.0 108.8 2244.2 -0.2893457413 -0.8337343335 -0.4702830017 0.8024293184 0.0566068739 -0.5940563083 0.5219063759 -0.5492565036 0.6526339054
140.5 223.5 2068.1 0.4028672874 0.8426368237 0.3572969437 -0.4903632104 0.5283386111 -0.6931105256 -0.7728142738 0.1040262878 0.6260484457
215.9 131.7 1923.4 -0.5277519226 0.8426368237 0.1069629639 0.8486624360 0.5283386111 0.0251080822 -0.0353556685 0.1040262878 -0.9939459562
-20.6 -193.5 2130.1 0.9911791682 0.0498117171 0.1228112504 -0.0482239574 0.9987104535 -0.0158690587 -0.1234433502 0.0098066367 0.9923031926
-39.9 -581.2 2126.3 0.9912437201 0.0339300670 0.1276112795 -0.0463828743 0.9943082929 0.0959145799 -0.1236305758 -0.1009937078 0.9871756434
153.9 -167.6 2099.5 0.9837262630 0.0765599534 0.1625460535 -0.0816628486 0.9963479638 0.0249377675 -0.1600431949 -0.0378059112 0.9863857627
124.2 -554.4 2114.2 0.9804081321 -0.1049175560 0.1667098999 0.0921391919 0.9923110008 0.0826395303 -0.1740984023 -0.0656599477 0.9825367928
-139.6 -94.8 2111.7 0 0 0 0 0 0 0 0 0
78.0 353.5 1914.1 0 0 0 0 0 0 0 0 0
-52.5 -951.6 2163.9 0 0 0 0 0 0 0 0 0
163.4 -924.7 2138.7 0 0 0 0 0 0 0 0 0
67.6 446.7 2100.3 18 0.9559549689 0.2444919944 0.1624001265 -0.2367602289 0.9693460464 -0.0656725019 -0.1734783202 0.0243300628 0.9845371246
5.2 199.3 2094.1 0.9559549689 0.2444919944 0.1624001265 -0.2367602289 0.9693460464 -0.0656725019 -0.1734783202 0.0243300628 0.9845371246
36.9 8.2 2106.8 0.9720577598 -0.1628865749 0.1690316498 0.1487783492 0.9844780564 0.0931015760 -0.1815729588 -0.0653518587 0.9812035561
-127.5 179.0 2118.9 0.5008093119 -0.8475815654 -0.1754864752 0.4118758440 0.0550424345 0.9095760584 -0.7612807155 -0.5278027654 0.3766641319
-212.5 109.1 2248.1 -0.2803659737 -0.8475815654 -0.4505556226 0.7980123162 0.0550424345 -0.6001222730 0.5334522724 -0.5278027654 0.6609485149
138.0 219.6 2069.3 0.4129801691 0.8403214812 0.3511511981 -0.4711768329 0.5270944238 -0.7072226405 -0.7793841958 0.1266146004 0.6136195660
215.8 130.8 1922.4 -0.5281043053 0.8403214812 0.1223340854 0.8487104774 0.5270944238 0.0431512855 -0.0282206628 0.1266146004 -0.9915504456
-16.0 -192.0 2135.2 0.9911776185 0.0548675060 0.1206503734 -0.0514666103 0.9981894493 -0.0311280806 -0.1221398562 0.0246439911 0.9922068715
-37.3 -579.5 2125.6 0.9911126494 0.0412152298 0.1264795363 -0.0530653559 0.9943624735 0.0918003395 -0.1219829395 -0.0976961628 0.9877123237
158.0 -165.4 2102.3 0.9831715822 0.0869322643 0.1606747359 -0.0910260305 0.9956806898 0.0182818379 -0.1583914459 -0.0325997658 0.9868381023
124.3 -552.0 2115.0 0.9804638028 -0.1055817381 0.1659616977 0.0928597301 0.9922427535 0.0826523080 -0.1734008640 -0.0656264350 0.9826623797
-141.4 -93.4 2112.7 0 0 0 0 0 0 0 0 0
76.6 354.5 1914.9 0 0 0 0 0 0 0 0 0
-52.7 -950.3 2162.0 0 0 0 0 0 0 0 0 0
163.7 -922.3 2139.5 0 0 0 0 0 0 0 0 0
67.4 446.1 2101.1 19 0.9539600611 0.2402176559 0.1795985401 -0.2298118323 0.9701862931 -0.0769748017 -0.1927347481 0.0321570151 0.9807238579
7.0 202.1 2093.0 0.9539600611 0.2402176559 0.1795985401 -0.2298118323 0.9701862931 -0.0769748017 -0.1927347481 0.0321570151 0.9807238579
38.2 11.0 2106.3 0.9692189693 -0.1604491025 0.1867369264 0.1441366374 0.9846966267 0.0979652330 -0.1995976567 -0.0680341348 0.9775132537
-125.4 182.4 2120.3 0.5281156301 -0.8303468227 -0.1778146029 0.3950238526 0.0548647307 0.9170311093 -0.7516980767 -0.5545394421 0.3569817245
-213.0 116.9 2245.0 -0.2835033536 -0.8303468227 -0.4797395170 0.8151346445 0.0548647307 -0.5766674876 0.5051547885 -0.5545394421 0.6612901092
139.4 221.8 2065.8 0.4116896689 0.8430384398 0.3461181819 -0.4938086569 0.5255702138 -0.6927690506 -0.7659403682 0.1142897159 0.6326715350
216.0 129.9 1923.2 -0.5265033841 0.8430384398 0.1099106520 0.8498249650 0.5255702138 0.0396671779 -0.0243248101 0.1142897159 -0.9931496382
-18.6 -196.2 2135.7 0.9891577363 0.0512723587 0.1376156658 -0.0468840823 0.9982889295 -0.0349442437 -0.1391718686 0.0281133857 0.9898691177
-38.5 -583.7 2124.8 0.9888853431 0.0409683436 0.1429245621 -0.0541374274 0.9945141673 0.0895025209 -0.1384737343 -0.0962452963 0.9856783748
155.5 -169.5 2103.2 0.9809834957 0.0792895183 0.1771568954 -0.0824996457 0.9965323806 0.0108164661 -0.1756849438 -0.0252261553 0.9841231704
124.8 -556.4 2112.9 0.9772048593 -0.1073618829 0.1831503808 0.0913290605 0.9913877845 0.0938575864 -0.1916497797 -0.0749911368 0.9785942435
-141.1 -89.9 2116.9 0 0 0 0 0 0 0 0 0
75.9 356.0 1916.8 0 0 0 0 0 0 0 0 0
-53.8 -954.8 2160.7 0 0 0 0 0 0 0 0 0
164.8 -926.4 2140.9 0 0 0 0 0 0 0 0 0
67.6 447.6 2101.0 20 0.9565930367 0.2269483060 0.1828230619 -0.2142289579 0.9729176760 -0.0868167207 -0.1975747049 0.0438822769 0.9793051481
9.6 198.9 2089.8 0.9565930367 0.2269483060 0.1828230619 -0.2142289579 0.9729176760 -0.0868167207 -0.1975747049 0.0438822769 0.9793051481
38.2 7.9 2108.1 0.9704450369 -0.1470663100 0.1913319081 0.1252231747 0.9846364260 0.1216975376 -0.2062899768 -0.0941415802 0.9739516377
-123.0 181.8 2118.0 0.5204995275 -0.8338012695 -0.1839992404 0.4181847274 0.0610516705 0.9063079953 -0.7444472909 -0.5486785769 0.3804603219
-211.0 111.1 2243.8 -0.2792473435 -0.8338012695 -0.4762314260 0.8107047081 0.0610516705 -0.5822633505 0.5145666003 -0.5486785769 0.6589180827
142.1 216.0 2061.7 0.4180147648 0.8451579809 0.3331240118 -0.5017884374 0.5204930902 -0.6908655763 -0.7572793365 0.1216342375 0.6416643262
217.9 125.1 1924.4 -0.5200669169 0.8451579809 0.1234438047 0.8532903790 0.5204930902 0.0313437022 -0.0377612710 0.1216342375 -0.9918564558
-17.5 -193.0 2137.3 0.9889495373 0.0529474355 0.1384751797 -0.0474028438 0.9979482293 -0.0430385992 -0.1404698342 0.0359988883 0.9894303083
-38.1 -580.4 2123.4 0.9885930419 0.0408673286 0.1449609697 -0.0572404303 0.9922108054 0.1106400043 -0.1393102854 -0.1176755652 0.9832319617
156.1 -167.2 2101.6 0.9808212519 0.0780325159 0.1786073744 -0.0814781934 0.9966025352 0.0120271519 -0.1770620495 -0.0263490919 0.9838469028
125.8 -554.1 2111.8 0.9777659774 -0.0993422270 0.1846747547 0.0822601616 0.9917826653 0.0979815051 -0.1928909272 -0.0806116089 0.9779033065
-140.1 -94.6 2113.3 0 0 0 0 0 0 0 0 0
79.1 352.9 1914.4 0 0 0 0 0 0 0 0 0
-53.3 -950.7 2167.3 0 0 0 0 0 0 0 0 0
162.9 -924.3 2141.9 0 0 0 0 0 0 0 0 0
67.8 449.1 2094.5 21 0.9511052966 0.2428426445 0.1908563226 -0.2354475409 0.9699791670 -0.0608673133 -0.1999078393 0.0129545750 0.9797290564
5.5 200.2 2091.2 0.9511052966 0.2428426445 0.1908563226 -0.2354475409 0.9699791670 -0.0608673133 -0.1999078393 0.0129545750 0.9797290564
33.9 8.9 2106.8 0.9689400196 -0.1464960724 0.1992337853 0.1266098171 0.9859234691 0.1092012599 -0.2124268264 -0.0805845186 0.9738485217
-126.9 182.9 2120.2 0.5000662804 -0.8437243700 -0.1950973421 0.4491967857 0.0601105615 0.8914084435 -0.7403755784 -0.5334003568 0.4090575278
-209.8 108.5 2242.9 -0.2745262086 -0.8437243700 -0.4612641335 0.8055946827 0.0601105615 -0.5894098282 0.5250262618 -0.5334003568 0.6631979346
137.8 217.5 2062.2 0.4426080883 0.8402721882 0.3131144941 -0.5009588003 0.5213117003 -0.6908504963 -0.7437326908 0.1489185542 0.6516785622
219.6 124.9 1924.7 -0.5218505859 0.8402721882 0.1470190734 0.8521637321 0.5213117003 0.0452892669 -0.0385874473 0.1489185542 -0.9880962968
-20.2 -194.4 2144.8 0.9880971313 0.0482332483 0.1460741758 -0.0398650691 0.9974209666 -0.0596840084 -0.1485762000 0.0531503372 0.9874715805
-38.9 -581.5 2124.2 0.9875171781 0.0400684774 0.1523298621 -0.0585645400 0.9911723137 0.1189439967 -0.1462192386 -0.1263803691 0.9811462164
153.6 -172.0 2107.9 0.9798337221 0.0719601065 0.1864070147 -0.0730488449 0.9973278046 -0.0010305048 -0.1859830618 -0.0126070948 0.9824720621
125.7 -559.1 2112.8 0.9756732583 -0.1047610417 0.1925792694 0.0873011500 0.9914445281 0.0970372707 -0.2010973841 -0.0778642818 0.9764717221
-140.1 -96.0 2109.6 0 0 0 0 0 0 0 0 0
81.4 350.6 1914.5 0 0 0 0 0 0 0 0 0
-53.9 -951.4 2171.4 0 0 0 0 0 0 0 0 0
164.8 -929.2 2141.9 0 0 0 0 0 0 0 0 0
68.2 450.2 2097.7 22 0.9451738000 0.2548463047 0.2042054981 -0.2449404299 0.9667983055 -0.0728370026 -0.2159877717 0.0188254435 0.9762145877
2.6 201.4 2092.9 0.9451738000 0.2548463047 0.2042054981 -0.2449404299 0.9667983055 -0.0728370026 -0.2159877717 0.0188254435 0.9762145877
31.6 9.9 2106.1 0.9654202461 -0.1496391296 0.2134757787 0.1309416294 0.9864076376 0.0992687717 -0.2254286259 -0.0678832158 0.9718918800
-129.3 183.5 2123.7 0.4932757318 -0.8444947004 -0.2085851580 0.4699593484 0.0569422208 0.8808494806 -0.7319954038 -0.5325282216 0.4249663949
-209.1 107.4 2242.2 -0.2727918327 -0.8444947004 -0.4608832002 0.8099449277 0.0569422208 -0.5837352276 0.5192050338 -0.5325282216 0.6684607863
134.5 219.3 2062.1 0.4608071744 0.8374316692 0.2938790917 -0.5026077628 0.5191552043 -0.6912766099 -0.7314657569 0.1708392948 0.6601300836
220.7 125.3 1925.3 -0.5157352090 0.8374316692 0.1809015274 0.8540930748 0.5191552043 0.0316684879 -0.0673957691 0.1708392948 -0.9829912186
-24.5 -193.8 2141.5 0.9862975478 0.0314062648 0.1619591862 -0.0249215644 0.9988102317 -0.0419168510 -0.1630829573 0.0373062119 0.9859067798
-36.7 -581.4 2127.0 0.9851869941 0.0475667417 0.1647545099 -0.0642674863 0.9931517839 0.0975663289 -0.1589853168 -0.1067094281 0.9814972281
149.1 -171.1 2103.5 0.9775565863 0.0573028922 0.2027299851 -0.0618419126 0.9979557395 0.0161210559 -0.2013917714 -0.0282964539 0.9791019559
126.9 -558.4 2114.4 0.9737925529 -0.0947496369 0.2067620009 0.0756785497 0.9922761321 0.0982897952 -0.2144779116 -0.0800664201 0.9734416008
-139.9 -98.2 2110.4 0 0 0 0 0 0 0 0 0
86.1 348.2 1907.7 0 0 0 0 0 0 0 0 0
-54.4 -952.0 2166.8 0 0 0 0 0 0 0 0 0
162.2 -928.8 2144.3 0 0 0 0 0 0 0 0 0
66.5 450.2 2099.9 23 0.9490808249 0.2442742735 0.1989362687 -0.2329281271 0.9692848921 -0.0789385214 -0.2121085674 0.0285811853 0.9768280387
4.5 203.9 2092.6 0.9490808249 0.2442742735 0.1989362687 -0.2329281271 0.9692848921 -0.0789385214 -0.2121085674 0.0285811853 0.9768280387
32.0 12.3 2105.7 0.9677534699 -0.1419047415 0.2081255019 0.1240083277 0.9875563979 0.0967178047 -0.2192603797 -0.0677896962 0.9733085036
-127.7 187.0 2122.5 0.4969061017 -0.8396513462 -0.2192484587 0.4802457094 0.0556349680 0.8753678203 -0.7228059173 -0.5402687192 0.4308843315
-210.0 107.5 2242.2 -0.2798132300 -0.8396513462 -0.4654998481 0.8082559705 0.0556349680 -0.5861971378 0.5180993080 -0.5402687192 0.6630858183
136.7 220.9 2062.6 0.4454056025 0.8384981751 0.3139023483 -0.4989003837 0.5235621929 -0.6906381249 -0.7434462309 0.1510080844 0.6515246034
219.7 127.9 1924.1 -0.5200139284 0.8384981751 0.1628076434 0.8516562581 0.5235621929 0.0237530675 -0.0653230250 0.1510080844 -0.9863718748
-25.8 -193.2 2139.4 0.9872922897 0.0309442207 0.1558731049 -0.0261438079 0.9991214275 -0.0327539220 -0.1567496955 0.0282625761 0.9872338772
-37.8 -581.0 2128.5 0.9867064357 0.0365255997 0.1583551019 -0.0495549925 0.9956320524 0.0791270286 -0.1547732502 -0.0859224349 0.9842065573
147.2 -169.8 2099.1 0.9789267778 0.0507226810 0.1978120059 -0.0582670644 0.9977717400 0.0325032324 -0.1957225800 -0.0433442108 0.9797009230
127.5 -557.0 2115.9 0.9757327437 -0.0886905789 0.2001987696 0.0729358792 0.9937285781 0.0847579390 -0.2064604610 -0.0680994242 0.9760822654
-139.0 -97.7 2110.7 0 0 0 0 0 0 0 0 0
85.3 347.9 1907.2 0 0 0 0 0 0 0 0 0
-51.4 -952.6 2160.5 0 0 0 0 0 0 0 0 0
160.6 -928.0 2141.3 0 0 0 0 0 0 0 0 0
66.3 448.5 2102.9 24 0.9473772049 0.2484846413 0.2018213570 -0.2343574464 0.9678346515 -0.0915024355 -0.2180666476 0.0393889844 0.9751386642
3.9 205.6 2093.0 0.9473772049 0.2484846413 0.2018213570 -0.2343574464 0.9678346515 -0.0915024355 -0.2180666476 0.0393889844 0.9751386642
34.1 14.3 2106.0 0.9650559425 -0.1555106491 0.2109111398 0.1370737702 0.9855535030 0.0994741917 -0.2233334929 -0.0670877770 0.9724306464
-127.9 186.9 2123.5 0.5224727988 -0.8325512409 -0.1840666980 0.4086462855 0.0550306961 0.9110322595 -0.7483517528 -0.5512077808 0.3689710200
-213.3 120.1 2245.9 -0.2732024491 -0.8325512409 -0.4818908870 0.8248267174 0.0550306961 -0.5627011061 0.4949963093 -0.5512077808 0.6716759801
135.7 224.4 2062.5 0.4334988892 0.8394606709 0.3276957870 -0.4946078658 0.5256134272 -0.6921658516 -0.7532873154 0.1379722208 0.6430566907
216.7 132.0 1921.8 -0.5242802501 0.8394606709 0.1429546326 0.8501453996 0.5256134272 0.0313572660 -0.0488156863 0.1379722208 -0.9892323613
-27.1 -190.5 2138.5 0.9868305922 0.0218447614 0.1602752954 -0.0155198118 0.9990545511 -0.0406094044 -0.1610108614 0.0375871584 0.9862366319
-35.6 -578.3 2123.9 0.9856947660 0.0473346561 0.1617568284 -0.0629541203 0.9936887622 0.0928407684 -0.1563413590 -0.1016959101 0.9824537039
146.2 -168.3 2099.3 0.9783725739 0.0476419032 0.2012892067 -0.0548393801 0.9980344176 0.0303299297 -0.1994485706 -0.0407125466 0.9790621996
127.8 -555.7 2115.1 0.9752892256 -0.0851537436 0.2038620263 0.0674396530 0.9934422374 0.0923279226 -0.2103872150 -0.0762980431 0.9746362567
-144.0 -89.2 2120.3 0 0 0 0 0 0 0 0 0
81.8 350.7 1909.3 0 0 0 0 0 0 0 0 0
-53.3 -949.1 2161.9 0 0 0 0 0 0 0 0 0
159.5 -926.6 2143.5 0 0 0 0 0 0 0 0 0
64.5 447.6 2102.4 25 0.9573711157 0.2195573002 0.1877103299 -0.2068371773 0.9746667743 -0.0851060078 -0.2016406804 0.0426525548 0.9785304070
10.5 208.1 2092.0 0.9573711157 0.2195573002 0.1877103299 -0.2068371773 0.9746667743 -0.0851060078 -0.2016406804 0.0426525548 0.9785304070
35.5 16.2 2105.5 0.9720849395 -0.1289806813 0.1959970742 0.1121822298 0.9891778827 0.0945635363 -0.2060728371 -0.0699364021 0.9760342836
-122.2 192.8 2120.1 0.5174818039 -0.8280208707 -0.2158565074 0.4625340402 0.0584411211 0.8846732974 -0.7199130654 -0.5576433539 0.4132300615
-211.3 113.2 2244.0 -0.2803048193 -0.8280208707 -0.4856033921 0.8182079792 0.0584411211 -0.5719442964 0.5019610524 -0.5576433539 0.6611119509
143.3 223.4 2063.8 0.3897453249 0.8434474468 0.3697228432 -0.4862887859 0.5294242501 -0.6951497793 -0.7820625305 0.0911393091 0.6164996624
215.0 134.0 1919.9 -0.5279555321 0.8434474468 0.0992942378 0.8482561707 0.5294242501 0.0130926818 -0.0415257886 0.0911393091 -0.9949719906
-22.2 -189.2 2139.1 0.9889859557 0.0427631177 0.1416969895 -0.0373157114 0.9984669089 -0.0408819169 -0.1432279944 0.0351441205 0.9890655279
