-24.5 454.6 1854.8 15 0.9957385659 0.0916524380 -0.0102227563 -0.0920497105 0.9810172915 -0.1706808507 -0.0056146150 0.1708945036 0.9852733612
-50.1 180.9 1807.2 0.9957385659 0.0916524380 -0.0102227563 -0.0920497105 0.9810172915 -0.1706808507 -0.0056146150 0.1708945036 0.9852733612
-51.4 -8.4 1857.2 0.9999122620 0.0068552019 0.0113366162 -0.0095256809 0.9667346478 0.2556039393 -0.0092072831 -0.2556895018 0.9667150974
-192.6 182.3 1808.5 0.1143145934 -0.7604688406 -0.6392333508 0.9889163971 0.0257417690 0.1462247819 -0.0947443992 -0.6488639712 0.7549827695
-223.5 -85.2 1834.1 -0.2471328378 -0.7604688406 -0.6005101800 0.9125524163 0.0257417690 -0.4081487656 0.3258426189 -0.6488639712 0.6876060963
92.4 179.5 1805.8 0.6584868431 0.4695905447 0.5881155133 0.2506377995 0.6000101566 -0.7597160339 -0.7096307278 0.6476669908 0.2774016559
225.8 230.3 1662.1 -0.8054230809 0.4695905447 0.3616329134 0.5916125774 0.6000101566 0.5385000706 0.0358911045 0.6476669908 -0.7610777020
-139.6 -196.6 1908.0 0.9693328738 0.0318764932 -0.2436752915 -0.1005256698 0.9562324882 -0.2747980356 0.2242506444 0.2908664048 0.9301120043
-152.1 -571.1 1794.1 0.9742680788 0.0000000000 -0.2253923714 0.0000000000 1.0000000000 0.0000000000 0.2253923714 0.0000000000 0.9742680788
41.1 -195.0 1907.3 0.8977863193 -0.0380614027 -0.4387835860 -0.0546569377 0.9789294600 -0.1967477500 0.4370266795 0.2006200105 0.8767892122
56.0 -578.3 1828.7 0.8991303444 0.0000000000 -0.4376809299 0.0000000000 1.0000000000 0.0000000000 0.4376809299 0.0000000000 0.8991303444
-153.9 -342.3 1742.3 0 0 0 0 0 0 0 0 0
20.3 381.3 1671.2 0 0 0 0 0 0 0 0 0
-152.1 -947.8 1794.1 0 0 0 0 0 0 0 0 0
56.0 -955.0 1828.7 0 0 0 0 0 0 0 0 0
-25.4 455.1 1854.6 16 0.9967799783 0.0801772028 0.0011175824 -0.0788730234 0.9828866124 -0.1664721966 -0.0144457314 0.1658480018 0.9860455394
-47.9 179.9 1808.1 0.9967799783 0.0801772028 0.0011175824 -0.0788730234 0.9828866124 -0.1664721966 -0.0144457314 0.1658480018 0.9860455394
-49.0 -9.1 1859.5 0.9997852445 0.0055247075 0.0199729744 -0.0105681065 0.9649876952 0.2620822489 -0.0178257469 -0.2622370422 0.9648388624
-190.3 181.4 1810.7 0.1228219494 -0.7540749311 -0.6452021003 0.9884409904 0.0347264595 0.1475753039 -0.0888772532 -0.6558697224 0.7496237159
-223.2 -83.3 1834.5 -0.2396550179 -0.7540749311 -0.6115034819 0.9152003527 0.0347264595 -0.4015001059 0.3239965141 -0.6558697224 0.6818072796
94.6 178.4 1805.6 0.6556771398 0.4656549394 0.5943508744 0.2437632233 0.6144728065 -0.7503350377 -0.7146096826 0.6368584037 0.2893862426
226.8 227.5 1661.5 -0.7993874550 0.4656549394 0.3796645701 0.6007965803 0.6144728065 0.5113381147 0.0048135552 0.6368584037 -0.7709657550
-143.1 -196.8 1908.2 0.9714679122 0.0234344900 -0.2360103279 -0.0896580592 0.9575493336 -0.2739721239 0.2195711285 0.2873153687 0.9323295355
-152.3 -571.9 1795.6 0.9753962159 0.0000000000 -0.2204589993 0.0000000000 1.0000000000 0.0000000000 0.2204589993 0.0000000000 0.9753962159
37.6 -198.6 1906.5 0.9009234905 -0.0522517152 -0.4308209121 -0.0397279970 0.9786268473 -0.2017701864 0.4321557581 0.1988951415 0.8795920014
58.1 -581.8 1828.6 0.9016352892 0.0000000000 -0.4324972034 0.0000000000 1.0000000000 0.0000000000 0.4324972034 0.0000000000 0.9016352892
-155.7 -341.2 1743.2 0 0 0 0 0 0 0 0 0
23.1 380.6 1662.8 0 0 0 0 0 0 0 0 0
-152.3 -948.5 1795.6 0 0 0 0 0 0 0 0 0
58.1 -958.5 1828.6 0 0 0 0 0 0 0 0 0
-24.5 452.5 1850.9 17 0.9964828491 0.0825909302 -0.0141652059 -0.0837868154 0.9846424460 -0.1531634331 0.0012977525 0.1538115889 0.9880993366
-47.2 181.6 1808.6 0.9964828491 0.0825909302 -0.0141652059 -0.0837868154 0.9846424460 -0.1531634331 0.0012977525 0.1538115889 0.9880993366
-47.4 -6.7 1862.3 0.9999911785 0.0007570243 0.0041336208 -0.0018612592 0.9616857767 0.2741478682 -0.0037677076 -0.2741531432 0.9616786838
-189.7 181.8 1809.1 0.1241988391 -0.7585416436 -0.6396790147 0.9878135324 0.0335758477 0.1519771814 -0.0938032568 -0.6507589817 0.7534677386
-223.2 -84.4 1834.4 -0.2387555093 -0.7585416436 -0.6063088179 0.9149006009 0.0335758477 -0.4022805095 0.3255038261 -0.6507589817 0.6859737635
95.3 181.3 1808.0 0.6519203782 0.4787380993 0.5880558491 0.2143743783 0.6275107265 -0.7485144734 -0.7273537517 0.6140359640 0.3064578474
228.1 225.0 1659.9 -0.7882322073 0.4787380993 0.3866520226 0.6152148843 0.6275107265 0.4772221446 -0.0141638778 0.6140359640 -0.7891509533
-140.4 -197.1 1912.5 0.9684684277 0.0313552618 -0.2471552342 -0.1039858982 0.9523777962 -0.2866417170 0.2263974398 0.3033041358 0.9256083369
-152.7 -570.1 1793.7 0.9737473726 0.0000000000 -0.2276314795 0.0000000000 1.0000000000 0.0000000000 0.2276314795 0.0000000000 0.9737473726
40.3 -199.0 1909.2 0.8967141509 -0.0411115959 -0.4406967163 -0.0568426922 0.9767350554 -0.2067788988 0.4389449656 0.2104719430 0.8735152483
56.4 -581.5 1826.8 0.8981663585 0.0000000000 -0.4396558106 0.0000000000 1.0000000000 0.0000000000 0.4396558106 0.0000000000 0.8981663585
-155.9 -342.1 1742.7 0 0 0 0 0 0 0 0 0
27.4 381.6 1656.3 0 0 0 0 0 0 0 0 0
-152.7 -946.7 1793.7 0 0 0 0 0 0 0 0 0
56.4 -958.2 1826.8 0 0 0 0 0 0 0 0 0
-25.1 454.9 1852.6 18 0.9959259629 0.0891306996 -0.0136813717 -0.0901707709 0.9829523563 -0.1602306217 -0.0008333311 0.1608114988 0.9869847894
-49.8 182.3 1808.0 0.9959259629 0.0891306996 -0.0136813717 -0.0901707709 0.9829523563 -0.1602306217 -0.0008333311 0.1608114988 0.9869847894
-48.3 -5.9 1862.1 0.9999623299 -0.0073002838 0.0046991389 0.0057170056 0.9610202312 0.2764188647 -0.0065339040 -0.2763815820 0.9610257745
-192.3 181.5 1808.9 0.1111154482 -0.7718891501 -0.6259716153 0.9893888235 0.0265887119 0.1428384930 -0.0936117023 -0.6352008581 0.7666529417
-222.3 -85.7 1834.2 -0.2356562614 -0.7718891501 -0.5904686451 0.9159859419 0.0265887119 -0.4003283679 0.3247089386 -0.6352008581 0.7007738352
92.7 183.2 1807.1 0.6572184563 0.4831117094 0.5785040855 0.2033366710 0.6254400611 -0.7533119321 -0.7257534266 0.6127216220 0.3128164411
228.1 225.0 1657.6 -0.7897477746 0.4831117094 0.3780231774 0.6134219170 0.6254400611 0.4822222292 -0.0034636396 0.6127216220 -0.7902911901
-137.9 -194.9 1916.3 0.9692878723 0.0398923829 -0.2426718026 -0.1125886664 0.9492567182 -0.2936588526 0.2186430693 0.3119620681 0.9245944619
-153.6 -566.7 1794.2 0.9754903316 0.0000000000 -0.2200421691 0.0000000000 1.0000000000 0.0000000000 0.2200421691 0.0000000000 0.9754903316
42.8 -195.2 1915.6 0.8992715478 -0.0302000474 -0.4363468885 -0.0726374462 0.9734491706 -0.2170727104 0.4313171208 0.2269024402 0.8732014894
54.6 -576.4 1826.8 0.9016533494 0.0000000000 -0.4324595034 0.0000000000 1.0000000000 0.0000000000 0.4324595034 0.0000000000 0.9016533494
-155.9 -343.8 1742.8 0 0 0 0 0 0 0 0 0
28.0 380.5 1656.7 0 0 0 0 0 0 0 0 0
-153.6 -943.4 1794.2 0 0 0 0 0 0 0 0 0
54.6 -953.1 1826.8 0 0 0 0 0 0 0 0 0
-24.9 454.3 1853.4 19 0.9967010617 0.0806793869 -0.0088193044 -0.0810257643 0.9829133153 -0.1652763337 -0.0046657827 0.1654457003 0.9862078428
-47.2 183.0 1807.8 0.9967010617 0.0806793869 -0.0088193044 -0.0810257643 0.9829133153 -0.1652763337 -0.0046657827 0.1654457003 0.9862078428
-42.7 -5.1 1861.9 0.9997330904 -0.0226886161 0.0043587927 0.0206001680 0.9608145356 0.2764255404 -0.0104597043 -0.2762619853 0.9610254765
-189.6 180.1 1809.3 0.1254248172 -0.7577547431 -0.6403720379 0.9876626134 0.0343674310 0.1527788788 -0.0937609747 -0.6516337991 0.7527166009
-223.6 -87.0 1834.6 -0.2414195538 -0.7577547431 -0.6062378883 0.9129895568 0.0343674310 -0.4065328538 0.3288870454 -0.6516337991 0.6835252047
95.3 186.0 1806.3 0.6446212530 0.5001221299 0.5782225728 0.1904881001 0.6274113655 -0.7550293207 -0.7403902411 0.5968524218 0.3091754019
224.9 224.3 1657.4 -0.7847257853 0.5001221299 0.3661738634 0.6198140383 0.6274113655 0.4713656008 0.0059987069 0.5968524218 -0.8023285866
-137.3 -194.6 1916.9 0.9712309837 0.0392533131 -0.2348821163 -0.1117958203 0.9460343719 -0.3041720688 0.2102667987 0.3216801584 0.9232062101
-152.7 -565.1 1790.9 0.9773578048 0.0000000000 -0.2115932256 0.0000000000 1.0000000000 0.0000000000 0.2115932256 0.0000000000 0.9773578048
43.5 -193.5 1915.7 0.9025597572 -0.0259657986 -0.4297809899 -0.0765392110 0.9726061821 -0.2194971591 0.4237070680 0.2310044020 0.8758477569
53.6 -574.5 1825.2 0.9052151442 0.0000000000 -0.4249536395 0.0000000000 1.0000000000 0.0000000000 0.4249536395 0.0000000000 0.9052151442
-155.5 -344.2 1742.0 0 0 0 0 0 0 0 0 0
27.1 380.6 1658.9 0 0 0 0 0 0 0 0 0
-152.7 -941.8 1790.9 0 0 0 0 0 0 0 0 0
53.6 -951.1 1825.2 0 0 0 0 0 0 0 0 0
-25.1 454.5 1853.9 20 0.9951205850 0.0976989642 -0.0137836896 -0.0986371487 0.9816622734 -0.1631252468 -0.0024062390 0.1636888683 0.9865090847
-52.4 179.5 1808.0 0.9951205850 0.0976989642 -0.0137836896 -0.0986371487 0.9816622734 -0.1631252468 -0.0024062390 0.1636888683 0.9865090847
-46.4 -9.2 1860.3 0.9995252490 -0.0307932049 0.0010183615 0.0294020921 0.9632056952 0.2671521604 -0.0092073623 -0.2669953704 0.9636538029
-194.9 175.3 1809.3 0.1011936218 -0.7825558782 -0.6143013239 0.9904708862 0.0212648120 0.1360707283 -0.0934199467 -0.6222170591 0.7772507071
-221.6 -86.3 1834.0 -0.2336467952 -0.7825558782 -0.5770748854 0.9163364768 0.0212648120 -0.3998440802 0.3251717389 -0.6222170591 0.7121160626
90.0 183.7 1806.7 0.6593744159 0.4993235469 0.5620510578 0.1927913129 0.6102941632 -0.7683570385 -0.7266752720 0.6149935126 0.3061471283
225.1 223.2 1657.8 -0.7889443636 0.4993235469 0.3581100106 0.6136518121 0.6102941632 0.5009714961 0.0315943994 0.6149935126 -0.7878989577
-128.7 -195.1 1916.9 0.9701209664 0.0707410350 -0.2320797741 -0.1396729946 0.9449814558 -0.2958066165 0.1983854175 0.3193834722 0.9266269207
-156.4 -565.1 1791.9 0.9797245264 0.0000000000 -0.2003493011 0.0000000000 1.0000000000 0.0000000000 0.2003493011 0.0000000000 0.9797245264
52.1 -191.4 1915.0 0.9032097459 0.0075498372 -0.4291329980 -0.1034827605 0.9741792083 -0.2006644756 0.4165374637 0.2256499678 0.8806694150
49.1 -572.8 1826.7 0.9080850482 0.0000000000 -0.4187858105 0.0000000000 1.0000000000 0.0000000000 0.4187858105 0.0000000000 0.9080850482
-155.8 -344.5 1742.4 0 0 0 0 0 0 0 0 0
24.3 379.4 1665.8 0 0 0 0 0 0 0 0 0
-156.4 -941.8 1791.9 0 0 0 0 0 0 0 0 0
49.1 -949.4 1826.7 0 0 0 0 0 0 0 0 0
-26.3 455.1 1854.6 21 0.9936335087 0.1097560674 0.0254174899 -0.1042691022 0.9813534617 -0.1614723504 -0.0426661149 0.1577940881 0.9865498543
-57.9 173.1 1809.2 0.9936335087 0.1097560674 0.0254174899 -0.1042691022 0.9813534617 -0.1614723504 -0.0426661149 0.1577940881 0.9865498543
-50.6 -15.8 1860.3 0.9984514713 -0.0374152660 0.0411675349 0.0253380053 0.9646761417 0.2622173727 -0.0495242737 -0.2607682347 0.9641303420
-200.0 169.5 1816.3 0.0820640922 -0.8067741990 -0.5851332545 0.9947257042 0.0300555993 0.0980685651 -0.0615326539 -0.5900949836 0.8049854636
-221.6 -92.5 1832.5 -0.2337246984 -0.8014628887 -0.5504816175 0.9160003066 0.0083609382 -0.4010903835 0.3260615766 -0.5979861021 0.7321860790
84.3 176.7 1802.2 0.6729016304 0.5040303469 0.5414395332 0.2120015621 0.5698362589 -0.7939407825 -0.7087021470 0.6490300894 0.2765885293
221.0 219.8 1658.3 -0.7805067301 0.5040303469 0.3698143959 0.6222824454 0.5698362589 0.5367040634 0.0597814843 0.6490300894 -0.7584102154
-130.7 -200.4 1913.4 0.9784101248 0.0666930974 -0.1956162006 -0.1242683232 0.9461343288 -0.2989770472 0.1651394963 0.3168310523 0.9339951873
-156.8 -571.0 1789.3 0.9860533476 0.0000000000 -0.1664295495 0.0000000000 1.0000000000 0.0000000000 0.1664295495 0.0000000000 0.9860533476
50.0 -195.1 1911.8 0.9190623760 -0.0034844941 -0.3940967023 -0.0879396796 0.9729366302 -0.2136842161 0.3841756880 0.2310458571 0.8938829899
51.3 -576.1 1821.3 0.9226368666 0.0000000000 -0.3856698573 0.0000000000 1.0000000000 0.0000000000 0.3856698573 0.0000000000 0.9226368666
-155.8 -350.6 1740.6 0 0 0 0 0 0 0 0 0
21.2 379.0 1673.6 0 0 0 0 0 0 0 0 0
-156.8 -947.6 1789.3 0 0 0 0 0 0 0 0 0
51.3 -952.8 1821.3 0 0 0 0 0 0 0 0 0
-27.0 456.3 1853.9 22 0.9927610159 0.1145568490 0.0360870771 -0.1073656902 0.9811183810 -0.1608706415 -0.0538345277 0.1558315903 0.9863155484
-59.9 174.5 1809.2 0.9927610159 0.1145568490 0.0360870771 -0.1073656902 0.9811183810 -0.1608706415 -0.0538345277 0.1558315903 0.9863155484
-51.5 -14.6 1859.4 0.9977538586 -0.0427839831 0.0515441634 0.0280585159 0.9656346440 0.2583842874 -0.0608275384 -0.2563576698 0.9646661282
-202.0 170.5 1817.8 0.0753498822 -0.8133438230 -0.5768831372 0.9959564209 0.0330038853 0.0835553929 -0.0489198752 -0.5808463693 0.8125419021
-222.4 -99.4 1831.1 -0.2453215718 -0.8047174215 -0.5405989289 0.9112597704 -0.0011390244 -0.4118304253 0.3307913542 -0.5936569571 0.7335860729
82.2 178.5 1800.5 0.6801048517 0.5133966804 0.5233367085 0.1930901110 0.5632057786 -0.8034397364 -0.7072295547 0.6474744081 0.2839071751
219.3 217.4 1658.0 -0.7670415640 0.5133966804 0.3848001063 0.6394913793 0.5632057786 0.5233067870 0.0519422814 0.6474744081 -0.7603150010
-133.4 -207.1 1915.8 0.9810029268 0.0590276979 -0.1847946048 -0.1155880913 0.9428808093 -0.3124343157 0.1557970047 0.3278590143 0.9317917228
-156.5 -576.3 1787.4 0.9876226783 0.0000000000 -0.1568483114 0.0000000000 1.0000000000 0.0000000000 0.1568483114 0.0000000000 0.9876226783
46.9 -202.5 1906.8 0.9234104156 -0.0167184826 -0.3834497035 -0.0675472543 0.9763789177 -0.2052352875 0.3778234422 0.2154173851 0.9004691839
53.5 -584.8 1822.5 0.9255242348 0.0000000000 -0.3786883354 0.0000000000 1.0000000000 0.0000000000 0.3786883354 0.0000000000 0.9255242348
-153.3 -356.1 1737.9 0 0 0 0 0 0 0 0 0
22.4 381.6 1671.4 0 0 0 0 0 0 0 0 0
-156.5 -953.0 1787.4 0 0 0 0 0 0 0 0 0
53.5 -961.5 1822.5 0 0 0 0 0 0 0 0 0
-27.4 456.4 1853.6 23 0.9922327995 0.1189583614 0.0363723338 -0.1120162532 0.9816038013 -0.1546168029 -0.0540961847 0.1493415833 0.9873047471
-61.2 177.3 1811.1 0.9922327995 0.1189583614 0.0363723338 -0.1120162532 0.9816038013 -0.1546168029 -0.0540961847 0.1493415833 0.9873047471
-47.6 -11.0 1863.0 0.9964563847 -0.0696860701 0.0471016839 0.0545623749 0.9617181420 0.2685537636 -0.0640130043 -0.2650321424 0.9621124268
-203.1 169.5 1820.3 0.0765604973 -0.8134956360 -0.5765095949 0.9961475134 0.0376092941 0.0792190656 -0.0427622460 -0.5803536773 0.8132410645
-223.8 -99.7 1831.8 -0.2499794215 -0.8022559881 -0.5421214104 0.9119204879 -0.0068854867 -0.4103092253 0.3254402578 -0.5969404578 0.7333148718
80.7 185.1 1802.0 0.6678767204 0.5460997224 0.5056834817 0.1471205652 0.5691599846 -0.8089576364 -0.7295863032 0.6146804094 0.2997862101
213.9 214.4 1656.6 -0.7419002056 0.5460997224 0.3890490830 0.6693552732 0.5691599846 0.4775148332 0.0393395610 0.6146804094 -0.7877946496
-133.3 -206.3 1915.0 0.9829373956 0.0618000999 -0.1732479185 -0.1123083383 0.9475639462 -0.2991811931 0.1456740648 0.3135335743 0.9383367300
-157.5 -577.4 1792.3 0.9891956449 0.0000000000 -0.1466015428 0.0000000000 1.0000000000 0.0000000000 0.1466015428 0.0000000000 0.9891956449
47.0 -201.2 1904.1 0.9265195131 -0.0166650712 -0.3758774102 -0.0588577054 0.9802993536 -0.1885443926 0.3716144562 0.1968133450 0.9072856307
53.5 -585.0 1827.0 0.9281285405 0.0000000000 -0.3722598255 0.0000000000 1.0000000000 0.0000000000 0.3722598255 0.0000000000 0.9281285405
-153.4 -356.6 1740.1 0 0 0 0 0 0 0 0 0
25.7 384.1 1666.5 0 0 0 0 0 0 0 0 0
-157.5 -954.0 1792.3 0 0 0 0 0 0 0 0 0
53.5 -961.7 1827.0 0 0 0 0 0 0 0 0 0
-27.5 454.6 1854.9 24 0.9922878146 0.1199415699 0.0312883295 -0.1135516316 0.9807932973 -0.1585891843 -0.0497088209 0.1538132727 0.9868487716
-61.1 180.2 1811.9 0.9922878146 0.1199415699 0.0312883295 -0.1135516316 0.9807932973 -0.1585891843 -0.0497088209 0.1538132727 0.9868487716
-46.8 -8.3 1863.1 0.9964631796 -0.0730672404 0.0415006168 0.0595469959 0.9624685645 0.2647800446 -0.0592897870 -0.2613723278 0.9634153843
-203.0 171.7 1820.4 0.0669286773 -0.8112795949 -0.5808149576 0.9970756173 0.0328608155 0.0689955503 -0.0368886292 -0.5837342143 0.8111063838
-221.3 -100.0 1830.4 -0.2507757843 -0.8002775908 -0.5446717143 0.9140906930 -0.0105422623 -0.4053727686 0.3186686635 -0.5995370150 0.7341700196
80.9 188.7 1803.4 0.6510998607 0.5739003420 0.4966964722 0.1149107292 0.5723355412 -0.8119282722 -0.7502429485 0.5857221484 0.3067002594
210.4 211.5 1654.2 -0.7236551642 0.5739003420 0.3833556771 0.6892451644 0.5723355412 0.4442669749 0.0355568938 0.5857221484 -0.8097316027
-124.0 -204.2 1920.7 0.9796997905 0.0952709988 -0.1763852686 -0.1468944103 0.9399028420 -0.3082283437 0.1364197880 0.3278812468 0.9348173738
-161.3 -572.1 1792.4 0.9904439449 0.0000000000 -0.1379158795 0.0000000000 1.0000000000 0.0000000000 0.1379158795 0.0000000000 0.9904439449
56.1 -194.4 1909.1 0.9251803756 0.0188025087 -0.3790616393 -0.0964897275 0.9776074886 -0.1870116293 0.3670572042 0.2095950395 0.9062775373
48.7 -577.0 1827.1 0.9295175076 0.0000000000 -0.3687779307 0.0000000000 1.0000000000 0.0000000000 0.3687779307 0.0000000000 0.9295175076
-150.6 -357.5 1740.6 0 0 0 0 0 0 0 0 0
28.2 385.1 1663.2 0 0 0 0 0 0 0 0 0
-161.3 -948.8 1792.4 0 0 0 0 0 0 0 0 0
48.7 -953.6 1827.1 0 0 0 0 0 0 0 0 0
-27.0 452.9 1853.6 25 0.9930418134 0.1175189763 0.0075645489 -0.1149856597 0.9814924002 -0.1531371027 -0.0254210625 0.1512017399 0.9881759882
-60.1 176.1 1811.0 0.9930418134 0.1175189763 0.0075645489 -0.1149856597 0.9814924002 -0.1531371027 -0.0254210625 0.1512017399 0.9881759882
-47.7 -12.7 1861.4 0.9977936149 -0.0636205375 0.0189818665 0.0565518774 0.9642143250 0.2590223849 -0.0347817317 -0.2573774159 0.9656847715
-202.3 168.1 1815.9 0.0624630675 -0.7979424000 -0.5994883776 0.9969413280 0.0216146614 0.0751053095 -0.0469719693 -0.6023460031 0.7968518734
-218.9 -97.5 1828.4 -0.2282528877 -0.7934942245 -0.5641520619 0.9255613685 0.0029215571 -0.3785863817 0.3020542860 -0.6085708141 0.7337607145
82.0 184.2 1806.0 0.6269804239 0.5909636021 0.5075998902 0.1223521531 0.5687903166 -0.8133311272 -0.7693669796 0.5720486045 0.2843147218
207.4 208.7 1652.1 -0.7108274698 0.5909636021 0.3814267218 0.7024505734 0.5687903166 0.4278326333 0.0358816907 0.5720486045 -0.8194345236
-122.5 -202.1 1919.6 0.9754566550 0.0946056098 -0.1988318264 -0.1527121514 0.9411998391 -0.3013667464 0.1586294919 0.3243342340 0.9325470328
-159.5 -570.7 1792.6 0.9870338440 0.0000000000 -0.1605121791 0.0000000000 1.0000000000 0.0000000000 0.1605121791 0.0000000000 0.9870338440
57.6 -191.4 1908.9 0.9155156016 0.0251780245 -0.4014938176 -0.1100838780 0.9756242633 -0.1898390949 0.3869273067 0.2179986387 0.8959708810
47.7 -573.4 1823.5 0.9211138487 0.0000000000 -0.3892933130 0.0000000000 1.0000000000 0.0000000000 0.3892933130 0.0000000000 0.9211138487
-154.6 -358.2 1743.4 0 0 0 0 0 0 0 0 0
27.8 386.2 1661.2 0 0 0 0 0 0 0 0 0
-159.5 -947.4 1792.6 0 0 0 0 0 0 0 0 0
47.7 -950.0 1823.5 0 0 0 0 0 0 0 0 0
-25.6 452.8 1853.9 26 0.9931873679 0.1162837446 -0.0075493664 -0.1160791516 0.9815943837 -0.1516511440 -0.0102241477 0.1514943242 0.9884052277
-58.5 175.0 1811.1 0.9931873679 0.1162837446 -0.0075493664 -0.1160791516 0.9815943837 -0.1516511440 -0.0102241477 0.1514943242 0.9884052277
-51.3 -13.3 1864.0 0.9992823601 -0.0365946889 0.0097748330 0.0325816385 0.9620576501 0.2708939016 -0.0193172302 -0.2703810036 0.9625595808
-200.8 170.4 1813.8 0.0622354336 -0.7884705663 -0.6119157672 0.9969395399 0.0200477671 0.0755625069 -0.0473112650 -0.6147456765 0.7873051167
-217.7 -100.4 1826.6 -0.2245509028 -0.7856371403 -0.5764990449 0.9280120134 0.0080680754 -0.3724628985 0.2972719371 -0.6186349392 0.7272689939
83.8 179.7 1808.3 0.6034072042 0.6046236157 0.5199326873 0.1332038790 0.5664241910 -0.8132775426 -0.7862292528 0.5599946380 0.2612462342
204.5 206.3 1651.1 -0.7169408798 0.6046236157 0.3470245898 0.6933229566 0.5664241910 0.4454962611 0.0727944449 0.5599946380 -0.8252920508
-125.4 -206.6 1914.9 0.9714981318 0.0871016607 -0.2204647660 -0.1489706933 0.9477773905 -0.2820031643 0.1843885779 0.3068083525 0.9337395430
-159.5 -577.8 1794.7 0.9824607968 0.0000000000 -0.1864692718 0.0000000000 1.0000000000 0.0000000000 0.1864692718 0.0000000000 0.9824607968
55.0 -196.4 1908.6 0.9070409536 0.0153221693 -0.4207634926 -0.1050069854 0.9759918451 -0.1908229440 0.4077379405 0.2172673345 0.8868735433
49.0 -578.6 1823.5 0.9120834470 0.0000000000 -0.4100046456 0.0000000000 1.0000000000 0.0000000000 0.4100046456 0.0000000000 0.9120834470
-154.5 -361.8 1742.9 0 0 0 0 0 0 0 0 0
22.6 382.2 1669.6 0 0 0 0 0 0 0 0 0
-159.5 -954.4 1794.7 0 0 0 0 0 0 0 0 0
49.0 -955.3 1823.5 0 0 0 0 0 0 0 0 0
-28.1 453.2 1853.6 27 0.9947452545 0.1016973481 -0.0118123610 -0.1023197919 0.9835197926 -0.1490619183 -0.0035415108 0.1494872719 0.9887573123
-57.1 172.9 1811.0 0.9947452545 0.1016973481 -0.0118123610 -0.1023197919 0.9835197926 -0.1490619183 -0.0035415108 0.1494872719 0.9887573123
-48.3 -15.4 1863.8 0.9989991188 -0.0447277166 0.0004611120 0.0429414660 0.9618870616 0.2700543404 -0.0125224516 -0.2697642446 0.9628449678
-199.4 166.8 1812.8 0.0683420077 -0.7840075493 -0.6169777513 0.9961851835 0.0199906994 0.0849438012 -0.0542627610 -0.6204293370 0.7823829055
-217.6 -98.2 1827.2 -0.2252422720 -0.7815814018 -0.5817185044 0.9279857278 0.0098016877 -0.3724867404 0.2968305349 -0.6237262487 0.7230886221
85.2 179.0 1809.2 0.5982980132 0.6023513675 0.5284054875 0.1283997148 0.5788624883 -0.8052526116 -0.7909191251 0.5496281385 0.2689905167
203.3 204.4 1653.1 -0.7218335867 0.6023513675 0.3407772779 0.6889632940 0.5788624883 0.4361741245 0.0654669032 0.5496281385 -0.8328403234
-134.5 -204.6 1918.6 0.9729918242 0.0512189642 -0.2250854969 -0.1200373173 0.9451358914 -0.3038243651 0.1971748024 0.3226372898 0.9257577062
-154.5 -574.5 1792.3 0.9800783992 0.0000000000 -0.1986108869 0.0000000000 1.0000000000 0.0000000000 0.1986108869 0.0000000000 0.9800783992
46.1 -198.7 1915.1 0.9052511454 -0.0149404192 -0.4246141315 -0.0870551988 0.9716563225 -0.2197849005 0.4158626795 0.2359253913 0.8782923222
51.9 -579.0 1822.8 0.9087010622 0.0000000000 -0.4174475074 0.0000000000 1.0000000000 0.0000000000 0.4174475074 0.0000000000 0.9087010622
-154.2 -359.6 1743.6 0 0 0 0 0 0 0 0 0
19.9 379.5 1669.7 0 0 0 0 0 0 0 0 0
-154.5 -951.2 1792.3 0 0 0 0 0 0 0 0 0
51.9 -955.7 1822.8 0 0 0 0 0 0 0 0 0
-29.6 455.7 1853.9 28 0.9948333502 0.1011294276 -0.0089151850 -0.1013181508 0.9834467173 -0.1502238214 -0.0064244391 0.1503509432 0.9886118174
-58.7 172.7 1810.7 0.9948333502 0.1011294276 -0.0089151850 -0.1013181508 0.9834467173 -0.1502238214 -0.0064244391 0.1503509432 0.9886118174
-48.9 -15.3 1864.5 0.9987461567 -0.0500092022 0.0022795587 0.0474483892 0.9601571560 0.2754032016 -0.0159614291 -0.2749497294 0.9613261223
-201.1 165.9 1812.9 0.0618921705 -0.7858003378 -0.6153756380 0.9967710376 0.0170634966 0.0784623548 -0.0511552840 -0.6182448268 0.7843191028
-217.6 -100.7 1826.6 -0.2380176038 -0.7818793058 -0.5762051940 0.9235710502 0.0014134182 -0.3834246993 0.3006062508 -0.6234282255 0.7217846513
83.6 179.5 1808.4 0.6194179654 0.5942167640 0.5130573511 0.1010741889 0.5877244473 -0.8027228713 -0.7785277367 0.5490778089 0.3039871156
205.6 199.4 1655.1 -0.7239256501 0.5942167640 0.3504826725 0.6882957220 0.5877244473 0.4252399206 0.0466974452 0.5490778089 -0.8344656229
-129.9 -207.7 1917.8 0.9726651311 0.0719635114 -0.2207800299 -0.1379935443 0.9438080192 -0.3003068864 0.1867628247 0.3225642443 0.9279396534
-158.0 -577.1 1791.5 0.9820603728 0.0000000000 -0.1885668188 0.0000000000 1.0000000000 0.0000000000 0.1885668188 0.0000000000 0.9820603728
50.7 -199.9 1915.5 0.9071368575 0.0021694824 -0.4208302200 -0.1015154421 0.9715847969 -0.2138167769 0.4084083736 0.2366818339 0.8815805912
49.8 -580.3 1822.8 0.9118474722 0.0000000000 -0.4105291665 0.0000000000 1.0000000000 0.0000000000 0.4105291665 0.0000000000 0.9118474722
-150.6 -360.8 1742.0 0 0 0 0 0 0 0 0 0
21.7 374.2 1666.9 0 0 0 0 0 0 0 0 0
-158.0 -953.8 1791.5 0 0 0 0 0 0 0 0 0
49.8 -957.0 1822.8 0 0 0 0 0 0 0 0 0
-30.4 455.0 1854.6 29 0.9960407019 0.0871614665 0.0174854584 -0.0833388269 0.9839771986 -0.1576182395 -0.0309435278 0.1555369645 0.9873452783
-55.4 172.2 1809.9 0.9960407019 0.0871614665 0.0174854584 -0.0833388269 0.9839771986 -0.1576182395 -0.0309435278 0.1555369645 0.9873452783
-50.0 -16.6 1861.4 0.9991533756 -0.0278186481 0.0303085987 0.0188630987 0.9644969702 0.2634194195 -0.0365605243 -0.2626246810 0.9642051458
-197.7 169.5 1815.2 0.0733983815 -0.7989755869 -0.5968674421 0.9962695241 0.0315058343 0.0803397447 -0.0453846864 -0.6005375981 0.7983074784
-217.7 -101.4 1827.5 -0.2359684557 -0.7909261584 -0.5645836592 0.9236708283 -0.0020472109 -0.3831814229 0.3019123971 -0.6119081974 0.7310385108
86.9 174.9 1804.7 0.6195622087 0.5879380703 0.5200687051 0.1282941550 0.5777950883 -0.8060356379 -0.7743921876 0.5661110282 0.2825509608
205.0 199.4 1657.1 -0.7200935483 0.5879380703 0.3685024679 0.6926710606 0.5777950883 0.4316939116 0.0408903845 0.5661110282 -0.8233141899
-129.4 -207.6 1919.8 0.9747303128 0.0755400211 -0.2102249116 -0.1392201483 0.9413937926 -0.3072385192 0.1746956259 0.3287422359 0.9281217456
-159.0 -576.3 1791.1 0.9843161106 0.0000000000 -0.1764136404 0.0000000000 1.0000000000 0.0000000000 0.1764136404 0.0000000000 0.9843161106
51.1 -199.1 1916.9 0.9127658010 0.0025148599 -0.4084755182 -0.0994183868 0.9712792635 -0.2161771357 0.3962001503 0.2379290760 0.8868005276
50.1 -579.4 1823.7 0.9173104167 0.0000000000 -0.3981728256 0.0000000000 1.0000000000 0.0000000000 0.3981728256 0.0000000000 0.9173104167
-151.2 -361.6 1742.4 0 0 0 0 0 0 0 0 0
21.6 375.8 1667.5 0 0 0 0 0 0 0 0 0
-159.0 -952.9 1791.1 0 0 0 0 0 0 0 0 0
50.1 -956.1 1823.7 0 0 0 0 0 0 0 0 0
-29.2 454.9 1854.4 30 0.9940809011 0.0977545753 0.0474048108 -0.0894294754 0.9840365648 -0.1538650244 -0.0616890751 0.1487148851 0.9869540930
-57.3 172.4 1811.8 0.9940809011 0.0977545753 0.0474048108 -0.0894294754 0.9840365648 -0.1538650244 -0.0616890751 0.1487148851 0.9869540930
-54.7 -16.9 1861.7 0.9977903366 -0.0137672694 0.0649990365 -0.0032593431 0.9669761062 0.2548462749 -0.0663610548 -0.2544949949 0.9647945166
-199.4 172.8 1821.2 0.0739710703 -0.8166952729 -0.5723085403 0.9967038035 0.0413733050 0.0697837994 -0.0333137996 -0.5755841136 0.8170637488
-219.4 -97.0 1830.2 -0.2278826982 -0.8064237237 -0.5456649065 0.9250093102 -0.0043211249 -0.3799198866 0.3040185273 -0.5913223028 0.7469341755
84.8 171.9 1802.3 0.6259360313 0.5781442523 0.5234054923 0.1451313943 0.5730637908 -0.8065573573 -0.7662512064 0.5808159113 0.2747943997
205.1 199.8 1654.9 -0.7145434618 0.5781442523 0.3939249814 0.6992660165 0.5730637908 0.4273463488 0.0213236846 0.5808159113 -0.8137556314
-134.8 -207.1 1916.2 0.9804688096 0.0555665456 -0.1886618286 -0.1117092296 0.9468438029 -0.3016750813 0.1618702412 0.3168582618 0.9345580935
-156.6 -577.9 1792.1 0.9866442680 0.0000000000 -0.1628897786 0.0000000000 1.0000000000 0.0000000000 0.1628897786 0.0000000000 0.9866442680
45.7 -203.7 1909.5 0.9220538139 -0.0188490842 -0.3866024911 -0.0664983913 0.9762482047 -0.2061975151 0.3813066185 0.2158336490 0.8988999128
53.1 -585.9 1825.1 0.9240992665 0.0000000000 -0.3821524978 0.0000000000 1.0000000000 0.0000000000 0.3821524978 0.0000000000 0.9240992665
-155.2 -357.6 1744.6 0 0 0 0 0 0 0 0 0
23.3 377.8 1660.3 0 0 0 0 0 0 0 0 0
-156.6 -954.5 1792.1 0 0 0 0 0 0 0 0 0
53.1 -962.5 1825.1 0 0 0 0 0 0 0 0 0
-30.5 457.4 1853.9 31 0.9946425557 0.0900475606 0.0507705994 -0.0818419904 0.9859827757 -0.1453956217 -0.0631514564 0.1404615045 0.9880700707
-56.0 178.3 1814.1 0.9946425557 0.0900475606 0.0507705994 -0.0818419904 0.9859827757 -0.1453956217 -0.0631514564 0.1404615045 0.9880700707
-49.5 -10.6 1865.1 0.9974760413 -0.0335972458 0.0625523329 0.0160859358 0.9649903178 0.2617916763 -0.0691578761 -0.2601247132 0.9630951881
-198.1 176.0 1824.0 0.0905930027 -0.8167496324 -0.5698359013 0.9951040149 0.0515395515 0.0843305066 -0.0395078287 -0.5746857524 0.8174200058
-222.7 -94.9 1834.7 -0.2383722067 -0.8041679859 -0.5445113182 0.9172480106 -0.0021908593 -0.3983106017 0.3191156685 -0.5943980813 0.7381436825
86.1 180.6 1804.2 0.6215533018 0.5888074636 0.5166984797 0.1020969674 0.5930692554 -0.7986520529 -0.7766902447 0.5491581559 0.3085086644
206.1 200.3 1654.2 -0.7124768496 0.5888074636 0.3816837966 0.7016687393 0.5930692554 0.3948795795 0.0061431243 0.5491581559 -0.8356958628
-142.1 -206.0 1917.6 0.9830966592 0.0318300240 -0.1802993119 -0.0865835622 0.9485200644 -0.3046522439 0.1613204181 0.3151135743 0.9352428317
-154.6 -577.4 1794.2 0.9868025184 0.0000000000 -0.1619285345 0.0000000000 1.0000000000 0.0000000000 0.1619285345 0.0000000000 0.9868025184
38.1 -206.5 1905.5 0.9236143231 -0.0469870195 -0.3804323375 -0.0320132710 0.9795365334 -0.1987039894 0.3819838762 0.1957047433 0.9032098055
56.5 -589.9 1829.0 0.9240880013 0.0000000000 -0.3821797669 0.0000000000 1.0000000000 0.0000000000 0.3821797669 0.0000000000 0.9240880013
-155.6 -353.2 1744.8 0 0 0 0 0 0 0 0 0
25.6 378.1 1655.8 0 0 0 0 0 0 0 0 0
-154.6 -954.0 1794.2 0 0 0 0 0 0 0 0 0
56.5 -966.6 1829.0 0 0 0 0 0 0 0 0 0
-31.2 456.7 1854.6 32 0.9942132235 0.0942939669 0.0514659286 -0.0855432674 0.9847241640 -0.1516596228 -0.0649803355 0.1463794410 0.9870920181
-57.7 180.0 1813.4 0.9942132235 0.0942939669 0.0514659286 -0.0855432674 0.9847241640 -0.1516596228 -0.0649803355 0.1463794410 0.9870920181
-47.2 -8.5 1865.5 0.9967511296 -0.0533960536 0.0602997728 0.0352920219 0.9625106454 0.2689381242 -0.0723994076 -0.2659362555 0.9612680078
-199.7 174.9 1823.8 0.0873693824 -0.7532746792 -0.6518771648 0.9948123693 0.0317480378 0.0966457427 -0.0521049723 -0.6569393277 0.7521408200
-223.1 -92.1 1837.8 -0.2509084940 -0.7532746792 -0.6079655886 0.9094238281 0.0317480378 -0.4146569669 0.3316523135 -0.6569393277 0.6770800948
84.3 185.0 1803.1 0.6277685761 0.5936773419 0.5034419298 0.0808335394 0.5935477018 -0.8007290363 -0.7741915584 0.5433675647 0.3246215880
206.4 200.7 1652.5 -0.7118002176 0.5936773419 0.3753499985 0.7023028135 0.5935477018 0.3930290937 0.0105443345 0.5433675647 -0.8394286633
-133.0 -201.0 1922.3 0.9830011129 0.0651012883 -0.1716702580 -0.1163549200 0.9441770911 -0.3082063794 0.1420224905 0.3229418993 0.9357019663
-158.5 -570.6 1795.9 0.9897235632 0.0000000000 -0.1429937482 0.0000000000 1.0000000000 0.0000000000 0.1429937482 0.0000000000 0.9897235632
47.2 -198.1 1909.8 0.9272656441 -0.0092396690 -0.3742901385 -0.0649856925 0.9805495143 -0.1852011234 0.3687212169 0.1960541457 0.9086294174
50.8 -581.8 1833.1 0.9292298555 0.0000000000 -0.3695022762 0.0000000000 1.0000000000 0.0000000000 0.3695022762 0.0000000000 0.9292298555
-152.4 -348.3 1744.3 0 0 0 0 0 0 0 0 0
26.1 378.6 1655.2 0 0 0 0 0 0 0 0 0
-158.5 -947.2 1795.9 0 0 0 0 0 0 0 0 0
50.8 -958.4 1833.1 0 0 0 0 0 0 0 0 0
-32.8 457.1 1854.9 33 0.9934269190 0.0998664051 0.0559428185 -0.0906819776 0.9848527312 -0.1477898955 -0.0698546842 0.1417454630 0.9874353409
-61.3 175.5 1814.4 0.9934269190 0.0998664051 0.0559428185 -0.0906819776 0.9848527312 -0.1477898955 -0.0698546842 0.1417454630 0.9874353409
-51.4 -13.2 1865.7 0.9964987636 -0.0509239808 0.0663097203 0.0316189565 0.9637413621 0.2649580836 -0.0773981437 -0.2619337440 0.9619772434
-203.3 171.0 1825.4 0.0756775066 -0.7583999634 -0.6473811865 0.9959021211 0.0252471752 0.0868420824 -0.0495164841 -0.6513003111 0.7572027445
-223.4 -93.3 1838.6 -0.2606529891 -0.7583999634 -0.5974023342 0.9041214585 0.0252471752 -0.4265289903 0.3385622799 -0.6513003111 0.6791049242
80.6 180.0 1803.4 0.6367618442 0.5808022618 0.5071519017 0.1071410924 0.5847046375 -0.8041400909 -0.7635805011 0.5663825274 0.3100898266
206.1 201.2 1652.9 -0.7223258615 0.5808022618 0.3753851950 0.6910117865 0.5847046375 0.4249978065 0.0273502227 0.5663825274 -0.8236885071
-126.8 -200.1 1924.2 0.9820002317 0.0853122920 -0.1685152203 -0.1358474940 0.9388756156 -0.3163194656 0.1312288940 0.3335181773 0.9335655570
-160.2 -567.6 1793.6 0.9911887646 0.0000000000 -0.1324567944 0.0000000000 1.0000000000 0.0000000000 0.1324567944 0.0000000000 0.9911887646
53.3 -193.7 1911.1 0.9288365841 0.0100684250 -0.3703529239 -0.0853899196 0.9785357714 -0.1875534356 0.3605152071 0.2058309019 0.9097595215
49.3 -576.7 1830.5 0.9322414398 0.0000000000 -0.3618367612 0.0000000000 1.0000000000 0.0000000000 0.3618367612 0.0000000000 0.9322414398
-150.0 -348.0 1743.2 0 0 0 0 0 0 0 0 0
22.8 376.5 1659.8 0 0 0 0 0 0 0 0 0
-160.2 -944.3 1793.6 0 0 0 0 0 0 0 0 0
49.3 -953.4 1830.5 0 0 0 0 0 0 0 0 0
-31.6 453.4 1853.6 34 0.9926550984 0.1078609750 0.0547895245 -0.0989348367 0.9844028950 -0.1454746127 -0.0696259961 0.1389855146 0.9878437519
-62.3 173.7 1814.1 0.9926550984 0.1078609750 0.0547895245 -0.0989348367 0.9844028950 -0.1454746127 -0.0696259961 0.1389855146 0.9878437519
-53.5 -15.1 1865.6 0.9966671467 -0.0449612923 0.0680666268 0.0253260657 0.9637117982 0.2657406926 -0.0775446519 -0.2631311715 0.9616386294
-204.3 170.0 1825.2 0.0699784234 -0.7534855008 -0.6537297368 0.9965428710 0.0233853925 0.0797209367 -0.0447808430 -0.6570484638 0.7525171041
-223.1 -97.7 1837.2 -0.2664255202 -0.7534855008 -0.6010632515 0.9027749300 0.0233853925 -0.4294770360 0.3376608193 -0.6570484638 0.6739974022
79.7 177.3 1803.0 0.6524331570 0.5708398819 0.4984705150 0.1106750146 0.5789252520 -0.8078345060 -0.7497212887 0.5822262168 0.3145323396
207.9 199.0 1655.8 -0.7270514965 0.5708398819 0.3814943433 0.6858903170 0.5789252520 0.4409081638 0.0308312289 0.5822262168 -0.8124420047
-131.5 -204.8 1924.0 0.9826322198 0.0697786063 -0.1719442606 -0.1245538294 0.9348733425 -0.3324126601 0.1375508010 0.3480557203 0.9273278713
-158.8 -570.8 1787.7 0.9903442264 0.0000000000 -0.1386303455 0.0000000000 1.0000000000 0.0000000000 0.1386303455 0.0000000000 0.9903442264
48.6 -199.0 1910.0 0.9283984900 -0.0097431978 -0.3714584410 -0.0696652904 0.9773666859 -0.1997527033 0.3649973273 0.2113278657 0.9067069292
52.5 -581.7 1827.3 0.9306595922 0.0000000000 -0.3658862710 0.0000000000 1.0000000000 0.0000000000 0.3658862710 0.0000000000 0.9306595922
-148.1 -352.0 1742.1 0 0 0 0 0 0 0 0 0
23.4 373.1 1663.6 0 0 0 0 0 0 0 0 0
-158.8 -947.4 1787.7 0 0 0 0 0 0 0 0 0
52.5 -958.3 1827.3 0 0 0 0 0 0 0 0 0
-32.1 455.2 1853.4 35 0.9928571582 0.1041607112 0.0581825972 -0.0950617418 0.9853229523 -0.1417813897 -0.0720966980 0.1352377385 0.9881866574
-61.9 173.9 1814.8 0.9928571582 0.1041607112 0.0581825972 -0.0950617418 0.9853229523 -0.1417813897 -0.0720966980 0.1352377385 0.9881866574
-52.7 -14.8 1866.6 0.9964331985 -0.0468016416 0.0702174157 0.0264257714 0.9633139968 0.2670727670 -0.0801408589 -0.2642646134 0.9611148238
-203.9 170.1 1826.2 0.0738501400 -0.7474611998 -0.6601878405 0.9964005947 0.0276775062 0.0801233575 -0.0416167453 -0.6637286544 0.7468147874
-223.9 -99.9 1837.5 -0.2686348557 -0.7474611998 -0.6075665355 0.9012015462 0.0276775062 -0.4325155914 0.3401045501 -0.6637286544 0.6661779881
80.1 177.7 1803.4 0.6624935865 0.5654069781 0.4913421869 0.0970417559 0.5856279731 -0.8047501445 -0.7427550554 0.5808225274 0.3331066966
209.7 196.6 1658.2 -0.7300179005 0.5654069781 0.3839124441 0.6830765605 0.5856279731 0.4364015460 0.0219146237 0.5808225274 -0.8137351871
-134.8 -206.1 1924.2 0.9837927222 0.0598133504 -0.1690391153 -0.1136307940 0.9372259378 -0.3296900988 0.1387079805 0.3435547650 0.9288327098
-158.2 -573.1 1789.7 0.9902062416 0.0000000000 -0.1396122426 0.0000000000 1.0000000000 0.0000000000 0.1396122426 0.0000000000 0.9902062416
45.4 -201.5 1910.2 0.9292455316 -0.0217333641 -0.3688230813 -0.0576213300 0.9775278568 -0.2027783394 0.3649418950 0.2096829414 0.9071110487
53.9 -584.3 1828.1 0.9307920337 0.0000000000 -0.3655492365 0.0000000000 1.0000000000 0.0000000000 0.3655492365 0.0000000000 0.9307920337
-148.2 -353.8 1741.7 0 0 0 0 0 0 0 0 0
24.6 369.8 1663.7 0 0 0 0 0 0 0 0 0
-158.2 -949.8 1789.7 0 0 0 0 0 0 0 0 0
53.9 -961.0 1828.1 0 0 0 0 0 0 0 0 0
-32.6 453.8 1854.9 36 0.9925778508 0.1048573181 0.0615968928 -0.0946992859 0.9842219353 -0.1494629979 -0.0762973055 0.1425204724 0.9868468046
-62.5 172.8 1814.2 0.9925778508 0.1048573181 0.0615968928 -0.0946992859 0.9842219353 -0.1494629979 -0.0762973055 0.1425204724 0.9868468046
-53.3 -15.7 1866.5 0.9961497188 -0.0468682982 0.0740885213 0.0252140388 0.9625581503 0.2699001729 -0.0839642733 -0.2669928968 0.9600337744
-204.5 169.2 1826.1 0.0754334331 -0.7501541376 -0.6569463611 0.9960712194 0.0260376800 0.0846413076 -0.0463886708 -0.6607501507 0.7491710782
-224.9 -100.0 1838.7 -0.2743420005 -0.7501541376 -0.6016687155 0.8969178796 0.0260376800 -0.4414298534 0.3468064964 -0.6607501507 0.6656834483
79.5 176.4 1802.2 0.6723535061 0.5577391982 0.4866905510 0.0978415459 0.5847561955 -0.8052870035 -0.7337355018 0.5890561342 0.3385928273
209.9 195.4 1659.8 -0.7248836160 0.5577391982 0.4043151438 0.6888667941 0.5847561955 0.4283954799 0.0025071655 0.5890561342 -0.8080882430
-133.6 -205.8 1925.6 0.9841035604 0.0628494248 -0.1661027074 -0.1155826822 0.9367576838 -0.3303416967 0.1348362118 0.3442890346 0.9291309118
-158.2 -572.7 1790.7 0.9907436967 0.0000000000 -0.1357459873 0.0000000000 1.0000000000 0.0000000000 0.1357459873 0.0000000000 0.9907436967
46.5 -201.0 1911.1 0.9306714535 -0.0165026039 -0.3654837012 -0.0636292174 0.9764566422 -0.2061158121 0.3602804244 0.2150815427 0.9077102542
53.0 -583.5 1826.9 0.9325611591 0.0000000000 -0.3610119820 0.0000000000 1.0000000000 0.0000000000 0.3610119820 0.0000000000 0.9325611591
-147.6 -352.6 1741.0 0 0 0 0 0 0 0 0 0
26.3 369.9 1660.4 0 0 0 0 0 0 0 0 0
-158.2 -949.4 1790.7 0 0 0 0 0 0 0 0 0
53.0 -960.1 1826.9 0 0 0 0 0 0 0 0 0
-31.8 452.3 1854.1 37 0.9919404387 0.1099871248 0.0629042611 -0.0996402204 0.9838120937 -0.1489484161 -0.0782683790 0.1414801627 0.9868421555
-63.0 172.7 1813.9 0.9919404387 0.1099871248 0.0629042611 -0.0996402204 0.9838120937 -0.1489484161 -0.0782683790 0.1414801627 0.9868421555
-54.4 -15.8 1866.3 0.9960442185 -0.0442035645 0.0770843178 0.0217723660 0.9624510407 0.2705807090 -0.0861505121 -0.2678320408 0.9596062303
-205.0 169.6 1826.1 0.0711104423 -0.7501437664 -0.6574401855 0.9966140389 0.0261575952 0.0779503733 -0.0412769318 -0.6607572436 0.7494638562
-224.4 -102.5 1837.4 -0.2728105783 -0.7501437664 -0.6023775339 0.8979791999 0.0261575952 -0.4392597377 0.3452647030 -0.6607572436 0.6664774418
78.9 175.8 1801.6 0.6670098901 0.5624732971 0.4885914624 0.0972101763 0.5844768882 -0.8055662513 -0.7386798859 0.5848166943 0.3351737261
206.8 194.4 1660.0 -0.7072766423 0.5624732971 0.4282330871 0.7064658999 0.5844768882 0.3991149068 -0.0258008540 0.5848166943 -0.8107550144
-134.2 -206.5 1926.3 0.9841260910 0.0645012483 -0.1653343737 -0.1169582829 0.9364041090 -0.3308595717 0.1334789395 0.3449447453 0.9290837049
-159.5 -573.3 1791.2 0.9909269810 0.0000000000 -0.1344013512 0.0000000000 1.0000000000 0.0000000000 0.1344013512 0.0000000000 0.9909269810
45.9 -202.0 1911.2 0.9312033653 -0.0182991512 -0.3640403748 -0.0645865127 0.9746515751 -0.2142028064 0.3587322831 0.2229784727 0.9064170122
53.1 -583.7 1823.8 0.9331517220 0.0000000000 -0.3594828248 0.0000000000 1.0000000000 0.0000000000 0.3594828248 0.0000000000 0.9331517220
-147.5 -355.5 1740.1 0 0 0 0 0 0 0 0 0
27.9 373.1 1653.5 0 0 0 0 0 0 0 0 0
-159.5 -950.0 1791.2 0 0 0 0 0 0 0 0 0
53.1 -960.4 1823.8 0 0 0 0 0 0 0 0 0
-30.5 450.8 1852.7 38 0.9920783043 0.1033077613 0.0714715123 -0.0918498337 0.9846637249 -0.1483273506 -0.0856987685 0.1405876875 0.9863522649
-59.7 172.6 1813.0 0.9920783043 0.1033077613 0.0714715123 -0.0918498337 0.9846637249 -0.1483273506 -0.0856987685 0.1405876875 0.9863522649
-53.8 -15.8 1866.1 0.9957282543 -0.0298958141 0.0873582661 0.0049373480 0.9620168805 0.2729452252 -0.0922000483 -0.2713479400 0.9580550194
-201.6 171.9 1826.1 0.0831580162 -0.7392013073 -0.6683308482 0.9956637621 0.0335707217 0.0867562890 -0.0416940115 -0.6726472974 0.7387876511
-224.4 -101.2 1837.5 -0.2678101361 -0.7392013073 -0.6179475188 0.9017453194 0.0335707217 -0.4309622347 0.3393127918 -0.6726472974 0.6575807333
82.2 173.3 1799.8 0.6496812105 0.5736051798 0.4988901913 0.1084108651 0.5796412230 -0.8076280951 -0.7524369955 0.5787858963 0.3143970072
204.5 193.8 1658.2 -0.6960329413 0.5736051798 0.4318741262 0.7174363136 0.5796412230 0.3863951564 -0.0286937989 0.5787858963 -0.8149745464
-135.7 -206.3 1926.6 0.9844263792 0.0588854477 -0.1656417847 -0.1117347851 0.9370115995 -0.3309450448 0.1357204169 0.3442989886 0.9289984703
