134.5 505.1 2229.3  0.9983846545 0.0213391930 -0.0526564270 -0.0236973446 0.9987249970 -0.0445734598 0.0516381264 0.0457492732 0.9976174235
129.8 282.5 2219.1 0.9983846545 0.0213391930 -0.0526564270 -0.0236973446 0.9987249970 -0.0445734598 0.0516381264 0.0457492732 0.9976174235
129.1 84.1 2208.6 0.9986027479 0.0031060390 -0.0527528301 -0.0058768257 0.9986062646 -0.0524503477 0.0525163934 0.0526870824 0.9972292185
-16.1 283.4 2211.4 0.7635557055 -0.3400158286 -0.5489735007 -0.0581727810 0.8104676008 -0.5828878284 0.6431162953 0.4770026505 0.5990574956
-188.8 296.5 2066.0 -0.9214476347 -0.3400158286 -0.1879455447 -0.3884890079 0.8104676008 0.4384273887 0.0032515293 0.4770026505 -0.8788958192
275.6 281.6 2226.8 0.7274916768 0.4250254035 0.5386179686 -0.6138042808 0.0523677766 0.7877194285 0.3065945506 -0.9036653042 0.2989795208
438.8 143.9 2295.6 -0.4650314152 0.4250254035 0.7765946388 -0.8438740969 0.0523677766 -0.5339794755 -0.2676233649 -0.9036653042 0.3343152702
40.8 -113.5 2193.2 0.9979073405 0.0626032948 0.0161810126 -0.0642865002 0.9874470234 0.1442760229 -0.0069457400 -0.1450143158 0.9894051552
15.9 -505.8 2250.8 0.9999015331 0.0034285246 0.0136074349 -0.0048225666 0.9945890307 0.1037755534 -0.0131780086 -0.1038309559 0.9945076704
223.7 -112.5 2206.5 0.9730513096 0.1228324175 -0.1951495260 -0.1091242954 0.9908400774 0.0795479119 0.2031330317 -0.0561086461 0.9775422215
174.9 -506.2 2228.8 0.9780198932 -0.0500219539 -0.2024224252 0.0547183938 0.9983454943 0.0176684428 0.2012037039 -0.0283563193 0.9791389108
60.8 401.7 2065.1 0 0 0 0 0 0 0 0 0
318.8 -74.0 2226.5 0 0 0 0 0 0 0 0 0
14.6 -885.7 2290.5 0 0 0 0 0 0 0 0 0
194.0 -887.4 2239.7 0 0 0 0 0 0 0 0 0
135.2 505.2 2227.5  0.9982546568 0.0238808692 -0.0540125296 -0.0262338221 0.9987183809 -0.0432820395 0.0529096946 0.0446234532 0.9976018071
129.8 279.0 2217.4 0.9982546568 0.0238808692 -0.0540125296 -0.0262338221 0.9987183809 -0.0432820395 0.0529096946 0.0446234532 0.9976018071
129.7 80.5 2208.0 0.9985376000 0.0002471776 -0.0540608801 -0.0028072749 0.9988774657 -0.0472850129 0.0539885089 0.0473676287 0.9974174500
-16.1 279.4 2209.5 0.7605385780 -0.3394796848 -0.5534750223 -0.0795799866 0.7972639203 -0.5983622074 0.6443974972 0.4991230667 0.5793341398
-187.1 297.3 2064.7 -0.9217209816 -0.3394796848 -0.1875738651 -0.3877811432 0.7972639203 0.4625970721 -0.0074964305 0.4991230667 -0.8664987087
275.6 278.6 2225.3 0.7218312025 0.4261248410 0.5453231335 -0.6245602965 0.0616524145 0.7785392404 0.2981344163 -0.9025611281 0.3106432855
439.3 136.9 2292.9 -0.4921435416 0.4261248410 0.7590865493 -0.8213319778 0.0616524145 -0.5671091080 -0.2884587944 -0.9025611281 0.3196481168
37.0 -113.8 2193.4 0.9984759688 0.0533528700 0.0141129224 -0.0548422337 0.9878067970 0.1457051933 -0.0061670509 -0.1462571174 0.9892274141
15.8 -506.3 2251.5 0.9999221563 0.0012801550 0.0124132279 -0.0026907311 0.9934433103 0.1142942160 -0.0121855233 -0.1143187135 0.9933694005
220.1 -114.9 2203.0 0.9740456939 0.1124006063 -0.1964716762 -0.0968707502 0.9914897680 0.0869718865 0.2045753598 -0.0656822324 0.9766446352
175.4 -508.9 2229.1 0.9774072766 -0.0560801849 -0.2037892044 0.0610230714 0.9979732037 0.0180474520 0.2023640573 -0.0300755538 0.9788484573
64.8 403.2 2066.7 0 0 0 0 0 0 0 0 0
312.0 -75.7 2218.3 0 0 0 0 0 0 0 0 0
15.3 -885.8 2295.2 0 0 0 0 0 0 0 0 0
196.8 -890.0 2240.6 0 0 0 0 0 0 0 0 0
134.8 505.6 2227.1  0.9975800514 0.0126171568 -0.0683727488 -0.0152941784 0.9991310239 -0.0387723893 0.0678241402 0.0397242643 0.9969061613
132.1 291.8 2218.6 0.9975800514 0.0126171568 -0.0683727488 -0.0152941784 0.9991310239 -0.0387723893 0.0678241402 0.0397242643 0.9969061613
132.3 93.2 2210.2 0.9976578355 -0.0010907694 -0.0683930516 -0.0018069011 0.9991036654 -0.0422917344 0.0683778822 0.0423162580 0.9967616796
-13.6 292.0 2208.7 0.7757559419 -0.3329551518 -0.5360443592 -0.0121113081 0.8414587379 -0.5401855707 0.6309168339 0.4255443811 0.6487340927
-190.7 294.8 2064.6 -0.9235488772 -0.3329551518 -0.1902585030 -0.3820680380 0.8414587379 0.3820617199 0.0328852609 0.4255443811 -0.9043398499
277.8 291.5 2228.6 0.7153482437 0.4136722088 0.5631626248 -0.6386733651 0.0600856543 0.7671284676 0.2835017443 -0.9084409475 0.3071835935
441.8 145.1 2293.6 -0.4798711836 0.4136722088 0.7736917734 -0.8335701823 0.0600856543 -0.5491361022 -0.2736501396 -0.9084409475 0.3159914613
38.1 -117.7 2193.7 0.9984095097 0.0563748851 -0.0005604640 -0.0556986444 0.9878739715 0.1449231207 0.0087236911 -0.1446613967 0.9894427657
15.7 -510.3 2251.2 0.9999963641 0.0002897331 -0.0026860342 0.0000008740 0.9941979647 0.1075660363 0.0027016152 -0.1075656489 0.9941943288
221.2 -118.3 2203.6 0.9713451266 0.1104741693 -0.2104378492 -0.0926015973 0.9913506508 0.0929990709 0.2188916951 -0.0708473101 0.9731737375
177.3 -512.2 2231.7 0.9743512869 -0.0505141206 -0.2192896008 0.0531160012 0.9985704422 0.0059817475 0.2186739594 -0.0174761098 0.9756414890
62.4 399.5 2055.6 0 0 0 0 0 0 0 0 0
317.3 -71.0 2222.6 0 0 0 0 0 0 0 0 0
15.6 -890.2 2292.3 0 0 0 0 0 0 0 0 0
196.6 -893.7 2238.4 0 0 0 0 0 0 0 0 0
135.1 504.2 2226.5  0.9972370267 0.0069860225 -0.0739558265 -0.0096430313 0.9993184805 -0.0356310941 0.0736565068 0.0362458043 0.9966247678
133.6 296.7 2218.9 0.9972370267 0.0069860225 -0.0739558265 -0.0096430313 0.9993184805 -0.0356310941 0.0736565068 0.0362458043 0.9966247678
133.6 98.1 2211.2 0.9972606301 -0.0001623185 -0.0739674196 -0.0027319002 0.9992344975 -0.0390254371 0.0739171281 0.0391206034 0.9964967966
-12.1 297.1 2208.1 0.7840447426 -0.3243623376 -0.5292096734 0.0190793928 0.8647866845 -0.5017768145 0.6204109788 0.3833184540 0.6842200756
-193.2 292.7 2064.8 -0.9234095216 -0.3243623376 -0.2051923275 -0.3773786724 0.8647866845 0.3312541544 0.0700012147 0.3833184540 -0.9209597111
279.3 296.3 2229.7 0.7030180693 0.4333086908 0.5639230013 -0.6544275880 0.0837834850 0.7514684200 0.2783703804 -0.8973426819 0.3424704671
440.1 146.6 2293.4 -0.4789358675 0.4333086908 0.7634553313 -0.8220363259 0.0837834850 -0.5632376671 -0.3080207109 -0.8973426819 0.3160685599
41.0 -105.1 2195.6 0.9979542494 0.0637072921 -0.0053514913 -0.0620859526 0.9857103229 0.1565902382 0.0152509604 -0.1559376568 0.9876491427
15.7 -496.8 2257.5 0.9999501109 -0.0000664579 -0.0099881412 0.0009073779 0.9964475632 0.0842109397 0.0099470625 -0.0842157975 0.9963979125
224.0 -105.5 2208.1 0.9698945284 0.1112331599 -0.2166374624 -0.0940238386 0.9916536212 0.0882190838 0.2246422023 -0.0651941225 0.9722579718
179.8 -499.5 2234.0 0.9734330773 -0.0343899131 -0.2263745219 0.0334370211 0.9994084835 -0.0080436133 0.2265172303 0.0002606297 0.9740071297
59.6 396.0 2045.7 0 0 0 0 0 0 0 0 0
319.6 -60.3 2215.9 0 0 0 0 0 0 0 0 0
15.7 -877.5 2289.7 0 0 0 0 0 0 0 0 0
192.9 -881.3 2233.9 0 0 0 0 0 0 0 0 0
134.5 503.8 2226.6  0.9973018765 0.0030426064 -0.0733465403 -0.0058140545 0.9992758632 -0.0376018286 0.0731790215 0.0379268155 0.9965974092
133.9 299.4 2218.8 0.9973018765 0.0030426064 -0.0733465403 -0.0058140545 0.9992758632 -0.0376018286 0.0731790215 0.0379268155 0.9965974092
134.0 100.8 2210.7 0.9973061085 -0.0003431856 -0.0733512640 -0.0026790244 0.9991514683 -0.0410995185 0.0733031332 0.0411853082 0.9964589477
-11.8 299.8 2208.1 0.7792015672 -0.3304626644 -0.5325779915 0.0418600887 0.8752545118 -0.4818477333 0.6253740191 0.3531627357 0.6958329082
-191.4 290.1 2064.0 -0.9182367921 -0.3304626644 -0.2182557732 -0.3846787214 0.8752545118 0.2931753397 0.0941458419 0.3531627357 -0.9308128953
279.6 299.0 2229.6 0.7031697631 0.4249323905 0.5700743198 -0.6540896893 0.0722294003 0.7529605627 0.2787812054 -0.9023388028 0.3287334442
440.9 149.0 2293.5 -0.4625349045 0.4249323905 0.7781348825 -0.8395382762 0.0722294003 -0.5384778380 -0.2850208879 -0.9023388028 0.3233384192
42.2 -100.2 2196.6 0.9979054332 0.0645078644 -0.0048495401 -0.0630013943 0.9861399531 0.1534888893 0.0146835661 -0.1528618634 0.9881384969
16.6 -492.1 2257.4 0.9999302030 0.0076428098 -0.0090113068 -0.0068069813 0.9959733486 0.0893908963 0.0096582193 -0.0893233195 0.9959558249
225.1 -100.7 2210.2 0.9687231779 0.1168403402 -0.2189148366 -0.1058496684 0.9924896359 0.0613197461 0.2244353294 -0.0362297967 0.9738152623
178.7 -495.0 2224.6 0.9738358855 -0.0448892787 -0.2227749377 0.0522855632 0.9982559085 0.0274113938 0.2211559266 -0.0383421108 0.9744844437
58.3 394.7 2038.4 0 0 0 0 0 0 0 0 0
322.7 -65.6 2220.6 0 0 0 0 0 0 0 0 0
13.6 -872.6 2291.5 0 0 0 0 0 0 0 0 0
195.8 -876.1 2239.2 0 0 0 0 0 0 0 0 0
134.6 501.5 2219.7  0.9982881546 0.0098506231 -0.0576516651 -0.0107117966 0.9998353124 -0.0146476021 0.0574978851 0.0152400807 0.9982293248
132.4 283.4 2216.4 0.9982881546 0.0098506231 -0.0576516651 -0.0107117966 0.9998353124 -0.0146476021 0.0574978851 0.0152400807 0.9982293248
131.4 84.9 2205.9 0.9983080029 0.0049950583 -0.0579324290 -0.0080397306 0.9985916018 -0.0524422079 0.0575888865 0.0528192371 0.9969421625
-13.4 284.5 2208.0 0.7641017437 -0.3349563181 -0.5513191223 -0.0279975329 0.8366070986 -0.5470874906 0.6444878578 0.4334661067 0.6298750043
-186.5 290.9 2061.9 -0.9167690277 -0.3349563181 -0.2175748646 -0.3955991268 0.8366070986 0.3789325953 0.0550988019 0.4334661067 -0.8994838595
278.3 282.2 2224.8 0.7230699658 0.4361613393 0.5356613398 -0.6225241423 0.0753564313 0.7789641023 0.2993885279 -0.8967077136 0.3260089457
438.1 144.6 2291.0 -0.4553811848 0.4361613393 0.7761386633 -0.8409892917 0.0753564313 -0.5357782841 -0.2921728194 -0.8967077136 0.3324911296
42.6 -97.5 2195.8 0.9980386496 0.0615758076 0.0112837227 -0.0625525117 0.9880325198 0.1409924477 -0.0024669617 -0.1414217353 0.9899463654
18.1 -490.1 2252.0 0.9998216033 0.0157579817 0.0104158819 -0.0169545412 0.9917486906 0.1270712316 -0.0083275512 -0.1272251457 0.9918389320
225.5 -98.0 2209.2 0.9728578329 0.1137350798 -0.2015241235 -0.1022948548 0.9925398231 0.0663357377 0.2075654268 -0.0439203605 0.9772346616
180.3 -492.3 2226.7 0.9775964618 -0.0366509557 -0.2072723806 0.0403411761 0.9990933537 0.0136036798 0.2065858692 -0.0216605216 0.9781886935
62.3 398.2 2047.0 0 0 0 0 0 0 0 0 0
320.7 -72.2 2215.7 0 0 0 0 0 0 0 0 0
12.1 -868.8 2300.5 0 0 0 0 0 0 0 0 0
194.3 -873.9 2234.9 0 0 0 0 0 0 0 0 0
135.7 502.6 2222.7  0.9990439415 0.0208427738 -0.0384284407 -0.0223653801 0.9989641905 -0.0396272317 0.0375626944 0.0404488109 0.9984753132
131.0 274.5 2213.5 0.9990439415 0.0208427738 -0.0384284407 -0.0223653801 0.9989641905 -0.0396272317 0.0375626944 0.0404488109 0.9984753132
130.5 76.1 2203.6 0.9992535114 0.0025527566 -0.0385469496 -0.0044704885 0.9987518787 -0.0497466400 0.0383718461 0.0498818271 0.9980177283
-15.0 275.2 2207.9 0.7445583940 -0.3441920280 -0.5719830990 -0.0721253753 0.8103368282 -0.5815085173 0.6636495590 0.4742215276 0.5785180926
-183.1 291.5 2058.0 -0.9122388959 -0.3441920280 -0.2221531570 -0.4081346691 0.8103368282 0.4204524755 0.0353025012 0.4742215276 -0.8796975017
276.9 273.9 2219.1 0.7461056113 0.4455460012 0.4947880507 -0.5782234669 0.0651270449 0.8132749200 0.3301272988 -0.8928869963 0.3062168062
438.9 148.3 2290.8 -0.4476794004 0.4455460012 0.7752882838 -0.8474909663 0.0651270449 -0.5267993212 -0.2852055728 -0.8928869963 0.3484401703
38.9 -112.8 2190.1 0.9979923964 0.0552846491 0.0308998153 -0.0595929474 0.9848934412 0.1625840664 -0.0214446224 -0.1640990674 0.9862107635
16.9 -504.1 2255.3 0.9995537996 0.0074283234 0.0289303809 -0.0110675180 0.9917459488 0.1277401149 -0.0277426932 -0.1280032992 0.9913856387
222.0 -114.2 2200.7 0.9778991938 0.1040453911 -0.1813496351 -0.0902178362 0.9924641848 0.0829192102 0.1886103749 -0.0647256598 0.9799166918
180.6 -508.5 2226.4 0.9810187817 -0.0479108430 -0.1879009008 0.0519011617 0.9985180497 0.0163712390 0.1868380755 -0.0258127674 0.9820515513
64.9 402.5 2048.4 0 0 0 0 0 0 0 0 0
323.1 -71.0 2217.0 0 0 0 0 0 0 0 0 0
14.1 -882.9 2304.2 0 0 0 0 0 0 0 0 0
198.9 -889.9 2236.2 0 0 0 0 0 0 0 0 0
135.1 502.8 2218.2  0.9993937612 0.0234838892 -0.0257015023 -0.0242259689 0.9992871881 -0.0289529227 0.0250032544 0.0295580141 0.9992502928
129.6 269.2 2211.3 0.9993937612 0.0234838892 -0.0257015023 -0.0242259689 0.9992871881 -0.0289529227 0.0250032544 0.0295580141 0.9992502928
130.1 70.7 2202.2 0.9996622801 -0.0023445890 -0.0258807838 0.0011545804 0.9989453554 -0.0458999164 0.0259611066 0.0458545350 0.9986107349
-16.4 269.0 2207.5 0.7454388142 -0.3254101574 -0.5817466378 -0.0954802856 0.8116148114 -0.5763375163 0.6597002745 0.4851697087 0.5739389658
-185.8 290.7 2057.7 -0.9153057933 -0.3254101574 -0.2373258322 -0.3991492391 0.8116148114 0.4265692234 0.0538071990 0.4851697087 -0.8727629185
275.6 269.4 2215.1 0.7627648711 0.4391217530 0.4747228920 -0.5504734516 0.0556561239 0.8329954147 0.3393651843 -0.8967019916 0.2841773927
438.1 152.1 2287.4 -0.4281098545 0.4391217530 0.7898696065 -0.8645179272 0.0556561239 -0.4995108843 -0.2633071840 -0.8967019916 0.3558017015
38.3 -122.0 2190.2 0.9976126552 0.0546320640 0.0422406904 -0.0609538145 0.9841106534 0.1667658240 -0.0324587524 -0.1689424217 0.9850913286
16.6 -513.0 2257.3 0.9991763234 0.0088726636 0.0395979844 -0.0135641946 0.9927014709 0.1198322549 -0.0382457450 -0.1202706620 0.9920041561
221.6 -122.8 2197.2 0.9802244306 0.1041051969 -0.1682917774 -0.0882633030 0.9911615252 0.0990376174 0.1771146655 -0.0822251067 0.9807494283
180.2 -516.6 2229.9 0.9823483825 -0.0552258119 -0.1787225455 0.0542044863 0.9984736443 -0.0105964560 0.1790349483 0.0007218477 0.9838424325
62.1 398.9 2043.1 0 0 0 0 0 0 0 0 0
327.1 -71.9 2219.2 0 0 0 0 0 0 0 0 0
13.2 -892.3 2303.2 0 0 0 0 0 0 0 0 0
201.3 -897.9 2229.6 0 0 0 0 0 0 0 0 0
134.4 503.1 2216.0  0.9997770786 0.0128532341 -0.0167503599 -0.0132087739 0.9996860623 -0.0212908871 0.0164714456 0.0215073917 0.9996330142
131.6 285.0 2211.3 0.9997770786 0.0128532341 -0.0167503599 -0.0132087739 0.9996860623 -0.0212908871 0.0164714456 0.0215073917 0.9996330142
131.8 86.4 2204.8 0.9998580813 -0.0009804848 -0.0168182012 0.0004298310 0.9994646907 -0.0327139571 0.0168412738 0.0327020884 0.9993232489
-14.5 285.0 2208.9 0.7549420595 -0.3218690157 -0.5713692307 -0.0258509461 0.8559831977 -0.5163568854 0.6552817822 0.4045899808 0.6378971338
-188.0 290.9 2058.2 -0.9260389209 -0.3218690157 -0.1971098185 -0.3735895157 0.8559831977 0.3573843539 0.0536917411 0.4045899808 -0.9129206538
277.6 285.1 2213.8 0.7274764180 0.4406507611 0.5259324312 -0.6068379879 0.0555000752 0.7928854823 0.3201963007 -0.8959612846 0.3077786267
437.2 152.0 2284.0 -0.4199857414 0.4406507611 0.7933718562 -0.8693668842 0.0555000752 -0.4910406768 -0.2604096532 -0.8959612846 0.3597779572
38.9 -127.9 2190.7 0.9970922470 0.0565447100 0.0510852709 -0.0646582469 0.9825368524 0.1744726449 -0.0403276570 -0.1772684008 0.9833359718
16.4 -518.4 2261.2 0.9988600016 0.0085357660 0.0469657928 -0.0134193609 0.9944163561 0.1046710163 -0.0458101071 -0.1051819474 0.9933972955
222.2 -127.7 2195.5 0.9812887907 0.1070351154 -0.1600492746 -0.0909579620 0.9903432727 0.1046270058 0.1697024852 -0.0881115496 0.9815484881
179.7 -521.2 2230.5 0.9822760224 -0.0722088367 -0.1729732603 0.0681472719 0.9972445369 -0.0293134134 0.1746133268 0.0170062073 0.9844902158
62.4 391.9 2043.7 0 0 0 0 0 0 0 0 0
328.2 -73.6 2216.4 0 0 0 0 0 0 0 0 0
13.1 -898.3 2301.4 0 0 0 0 0 0 0 0 0
207.2 -902.1 2224.0 0 0 0 0 0 0 0 0 0
135.1 503.0 2214.4  0.9997051954 0.0066301781 -0.0233561676 -0.0070917141 0.9997801185 -0.0197336972 0.0232201926 0.0198935159 0.9995324016
133.7 293.6 2210.2 0.9997051954 0.0066301781 -0.0233561676 -0.0070917141 0.9997801185 -0.0197336972 0.0232201926 0.0198935159 0.9995324016
133.8 95.0 2204.5 0.9997265339 -0.0000566103 -0.0233861357 -0.0006182473 0.9995836020 -0.0288489237 0.0233780313 0.0288554914 0.9993101954
-12.3 293.7 2206.8 0.7742264271 -0.2999358773 -0.5573256612 0.0128369657 0.8878389001 -0.4599752724 0.6327784657 0.3489706516 0.6912386417
-191.3 290.7 2060.5 -0.9329240918 -0.2999358773 -0.1992263198 -0.3493884206 0.8878389001 0.2994491160 0.0870653540 0.3489706516 -0.9330804348
279.8 293.5 2213.6 0.7103028297 0.4356376529 0.5528921485 -0.6360262632 0.0607030988 0.7692760825 0.3015633821 -0.8980728984 0.3201945722
440.5 149.6 2281.9 -0.4466328621 0.4356376529 0.7814978957 -0.8516590595 0.0607030988 -0.5205689073 -0.2742187679 -0.8980728984 0.3439027667
40.3 -112.2 2196.8 0.9973005652 0.0592640825 0.0433513820 -0.0652515963 0.9860505462 0.1531225443 -0.0336719863 -0.1555379480 0.9872558713
16.8 -504.0 2258.6 0.9991040826 0.0111348908 0.0408295989 -0.0156370755 0.9936230183 0.1116636768 -0.0393258668 -0.1122020856 0.9929069281
223.7 -112.1 2199.9 0.9799745083 0.1065783054 -0.1681993008 -0.0921332017 0.9915350080 0.0914862975 0.1765259504 -0.0741575062 0.9814984798
181.3 -506.1 2229.3 0.9827883244 -0.0473912433 -0.1785530001 0.0455905050 0.9988595843 -0.0141772032 0.1790212542 0.0057928683 0.9838281274
60.1 384.9 2037.0 0 0 0 0 0 0 0 0 0
324.6 -71.4 2210.7 0 0 0 0 0 0 0 0 0
12.5 -883.6 2301.4 0 0 0 0 0 0 0 0 0
199.4 -887.6 2227.1 0 0 0 0 0 0 0 0 0
133.7 501.2 2207.6  0.9999648929 -0.0013391484 -0.0082730176 0.0013086016 0.9999923110 -0.0036966610 0.0082779042 0.0036857051 0.9999589324
134.0 295.7 2206.8 0.9999648929 -0.0013391484 -0.0082730176 0.0013086016 0.9999923110 -0.0036966610 0.0082779042 0.0036857051 0.9999589324
134.6 97.1 2204.1 0.9999623299 -0.0026951041 -0.0082528945 0.0025821065 0.9999032021 -0.0136720743 0.0082889432 0.0136502497 0.9998724461
-12.1 295.4 2205.6 0.7783131599 -0.2816628218 -0.5611547232 0.0224546306 0.9056494236 -0.4234322906 0.6274746060 0.3169623911 0.7112035155
-192.0 290.2 2060.5 -0.9366126060 -0.2816628218 -0.2083814740 -0.3312466145 0.9056494236 0.2647164166 0.1141597927 0.3169623911 -0.9415425658
280.1 296.1 2208.0 0.7077987194 0.4408130646 0.5520007610 -0.6340227127 0.0518369973 0.7715750933 0.3115063310 -0.8961008787 0.3161756396
445.8 147.6 2281.0 -0.4626196921 0.4408130646 0.7691988349 -0.8424007893 0.0518369973 -0.5363523364 -0.2763040662 -0.8961008787 0.3473604620
42.1 -103.6 2196.6 0.9964283109 0.0625130683 0.0567695759 -0.0705068856 0.9858729243 0.1519320309 -0.0464698523 -0.1553920209 0.9867593050
17.2 -495.3 2258.4 0.9984045029 0.0180141404 0.0535152629 -0.0233890023 0.9945532084 0.1015722305 -0.0513940379 -0.1026618481 0.9933877587
225.5 -103.7 2200.9 0.9810425639 0.1143181026 -0.1564826965 -0.1027079150 0.9914572239 0.0803965852 0.1643366814 -0.0628004670 0.9844031334
180.0 -497.7 2225.8 0.9853003025 -0.0515105836 -0.1628803313 0.0558981076 0.9981836677 0.0224667937 0.1614272147 -0.0312412418 0.9863899946
59.8 379.2 2029.8 0 0 0 0 0 0 0 0 0
325.7 -71.1 2209.2 0 0 0 0 0 0 0 0 0
10.4 -875.4 2297.6 0 0 0 0 0 0 0 0 0
199.7 -878.7 2237.8 0 0 0 0 0 0 0 0 0
135.7 498.3 2203.7  0.9997834563 0.0005873275 -0.0208011698 -0.0004869777 0.9999881983 0.0048289760 0.0208037607 -0.0048178006 0.9997719526
135.6 295.0 2204.6 0.9997834563 0.0005873275 -0.0208011698 -0.0004869777 0.9999881983 0.0048289760 0.0208037607 -0.0048178006 0.9997719526
135.5 96.3 2203.6 0.9997835159 0.0002301210 -0.0208052676 -0.0003382849 0.9999864697 -0.0051955008 0.0208037887 0.0052014142 0.9997700453
-10.4 295.0 2201.6 0.7863619924 -0.2805318236 -0.5503968596 0.0264100600 0.9053986669 -0.4237401783 0.6172011495 0.3186771870 0.7193799615
-190.9 289.0 2060.0 -0.9376796484 -0.2805318236 -0.2050823569 -0.3294460475 0.9053986669 0.2678031921 0.1105539799 0.3186771870 -0.9413940310
281.6 294.9 2207.7 0.7118304968 0.4068953693 0.5724801421 -0.6420798898 0.0466468334 0.7652172446 0.2846589684 -0.9122830033 0.2944639623
446.9 145.8 2273.8 -0.4704156518 0.4068953693 0.7830359340 -0.8453872204 0.0466468334 -0.5321131945 -0.2530405521 -0.9122830033 0.3220407665
43.4 -101.8 2200.6 0.9968703985 0.0661860034 0.0432292148 -0.0714898333 0.9881792068 0.1356134862 -0.0337424986 -0.1382795274 0.9898182750
17.1 -494.5 2255.6 0.9988158941 0.0250510555 0.0417045914 -0.0296265986 0.9931550622 0.1129836291 -0.0385887660 -0.1140854061 0.9927212000
226.8 -101.4 2202.1 0.9779476523 0.1209854260 -0.1702377647 -0.1095450670 0.9911409616 0.0750965327 0.1778152138 -0.0547917709 0.9825373292
178.7 -495.2 2223.9 0.9826068282 -0.0573239885 -0.1766290665 0.0619024858 0.9978712797 0.0205166861 0.1750769764 -0.0310936142 0.9840636253
59.5 377.0 2030.5 0 0 0 0 0 0 0 0 0
324.8 -73.7 2208.1 0 0 0 0 0 0 0 0 0
7.6 -874.0 2299.2 0 0 0 0 0 0 0 0 0
200.6 -876.4 2235.8 0 0 0 0 0 0 0 0 0
137.2 498.8 2202.2  0.9994142056 0.0011883874 -0.0342029929 -0.0009809704 0.9999810457 0.0060804319 0.0342095681 -0.0060433182 0.9993963838
136.9 296.5 2203.4 0.9994142056 0.0011883874 -0.0342029929 -0.0009809704 0.9999810457 0.0060804319 0.0342095681 -0.0060433182 0.9993963838
136.1 97.8 2202.6 0.9994059801 0.0039980439 -0.0342298187 -0.0041463980 0.9999822974 -0.0042641773 0.0342121646 0.0044035749 0.9994049072
-9.1 297.2 2198.4 0.7905395031 -0.2858363390 -0.5416131616 0.0371019691 0.9051242471 -0.4235251844 0.6112861037 0.3147184849 0.7261415720
-188.0 288.8 2060.0 -0.9405758977 -0.2858363390 -0.1833426803 -0.3278291225 0.9051242471 0.2706995010 0.0885721594 0.3147184849 -0.9450435042
282.9 295.9 2208.4 0.7037943602 0.4030864537 0.5849741697 -0.6555513144 0.0512224510 0.7534114122 0.2737261057 -0.9137272835 0.3002939224
447.3 142.8 2272.4 -0.4768767059 0.4030864537 0.7810953259 -0.8404108882 0.0512224510 -0.5395236611 -0.2574843168 -0.9137272835 0.3143314421
43.8 -102.4 2200.7 0.9975809455 0.0625668466 0.0302920472 -0.0660757050 0.9888247848 0.1336394846 -0.0215921272 -0.1353177875 0.9905669689
19.0 -495.3 2254.4 0.9985455275 0.0453942157 0.0290901437 -0.0484482460 0.9922171831 0.1147073433 -0.0236566905 -0.1159498692 0.9929733276
227.2 -102.4 2204.5 0.9760040045 0.1162833124 -0.1841042191 -0.1052931100 0.9920846820 0.0684199557 0.1906030923 -0.0473932438 0.9805225134
181.0 -496.7 2223.3 0.9809859991 -0.0473468900 -0.1882145107 0.0543588176 0.9979999661 0.0322666131 0.1863103509 -0.0418842137 0.9815977812
62.4 376.0 2036.5 0 0 0 0 0 0 0 0 0
323.4 -75.5 2205.5 0 0 0 0 0 0 0 0 0
1.6 -874.4 2298.7 0 0 0 0 0 0 0 0 0
199.1 -877.9 2239.3 0 0 0 0 0 0 0 0 0
136.7 498.7 2201.5  0.9995182753 0.0015911974 -0.0309957005 -0.0014208413 0.9999837875 0.0055173715 0.0310039762 -0.0054706736 0.9995042682
136.3 296.7 2202.6 0.9995182753 0.0015911974 -0.0309957005 -0.0014208413 0.9999837875 0.0055173715 0.0310039762 -0.0054706736 0.9995042682
135.3 98.0 2201.8 0.9995059371 0.0050269342 -0.0310264919 -0.0051468886 0.9999795556 -0.0037875427 0.0310068186 0.0039453614 0.9995113611
-9.7 297.5 2198.1 0.7908682227 -0.2812690437 -0.5435211658 0.0337622836 0.9068261981 -0.4201503694 0.6110544801 0.3139330447 0.7266762853
-187.8 289.9 2060.4 -0.9435008168 -0.2812690437 -0.1751968414 -0.3210504353 0.9068261981 0.2731169164 0.0820537508 0.3139330447 -0.9458928108
282.3 296.0 2207.1 0.7028495669 0.3839702010 0.5988066196 -0.6625713706 0.0470574759 0.7475190759 0.2588467002 -0.9221456051 0.2874819934
446.3 141.4 2267.5 -0.4777094722 0.3839702010 0.7901648879 -0.8445267081 0.0470574759 -0.5334419012 -0.2420089543 -0.9221456051 0.3017932773
43.7 -100.5 2198.5 0.9975749850 0.0612250865 0.0330997892 -0.0649344996 0.9899049401 0.1259832382 -0.0250523072 -0.1278270483 0.9914799929
19.4 -493.9 2249.3 0.9979674220 0.0534107722 0.0347613133 -0.0581271723 0.9865151644 0.1530002356 -0.0261207018 -0.1547098309 0.9876145720
227.0 -101.2 2204.8 0.9763893485 0.1137314439 -0.1836544573 -0.1071806476 0.9932096004 0.0452432297 0.1875529438 -0.0244908053 0.9819491506
181.8 -495.9 2214.5 0.9823989272 -0.0499481149 -0.1799931824 0.0645865053 0.9949828982 0.0764039457 0.1752739102 -0.0866842866 0.9806961417
64.3 375.7 2038.5 0 0 0 0 0 0 0 0 0
322.2 -78.0 2204.6 0 0 0 0 0 0 0 0 0
-1.0 -870.5 2308.4 0 0 0 0 0 0 0 0 0
200.9 -875.6 2247.6 0 0 0 0 0 0 0 0 0
136.3 498.2 2200.6  0.9997925758 -0.0203654747 -0.0001122898 0.0203653835 0.9997230768 0.0117925741 -0.0001279027 -0.0117924158 0.9999304414
140.7 283.1 2203.2 0.9997925758 -0.0203654747 -0.0001122898 0.0203653835 0.9997230768 0.0117925741 -0.0001279027 -0.0117924158 0.9999304414
134.5 84.7 2197.1 0.9995270967 0.0307482332 -0.0003334013 -0.0307439268 0.9990534782 -0.0307734273 -0.0006131428 0.0307691246 0.9995263219
-5.2 287.5 2203.3 0.7890267968 -0.2763852775 -0.5486783385 -0.0109317256 0.8866335154 -0.4623434842 0.6142615676 0.3707993925 0.6965562105
-188.5 290.0 2060.6 -0.9450457692 -0.2763852775 -0.1746414602 -0.3208522499 0.8866335154 0.3330688179 0.0627876520 0.3707993925 -0.9265881181
286.6 278.6 2203.0 0.7195792794 0.3899016976 0.5746149421 -0.6355016232 0.0362200662 0.7712495327 0.2798988819 -0.9201439023 0.2738463581
445.2 138.6 2264.7 -0.4810161591 0.3899016976 0.7852389216 -0.8440559506 0.0362200662 -0.5350305438 -0.2370507270 -0.9201439023 0.3116763830
42.7 -100.2 2198.2 0.9961657524 0.0535938740 0.0691483542 -0.0623523220 0.9893597960 0.1314510256 -0.0613676310 -0.1352585703 0.9889080524
21.4 -493.4 2251.9 0.9952089787 0.0690420941 0.0692259222 -0.0777904242 0.9880741239 0.1328841895 -0.0592257380 -0.1376326531 0.9887110591
226.0 -101.2 2203.9 0.9831288457 0.1095081195 -0.1465115696 -0.1005242914 0.9926490784 0.0673994347 0.1528153569 -0.0515343547 0.9869101644
182.5 -495.5 2224.3 0.9872136116 -0.0489932969 -0.1516870409 0.0524423718 0.9984465837 0.0188192111 0.1505293846 -0.0265334100 0.9882494211
65.5 376.3 2043.7 0 0 0 0 0 0 0 0 0
320.2 -80.7 2203.1 0 0 0 0 0 0 0 0 0
-5.0 -870.7 2304.5 0 0 0 0 0 0 0 0 0
201.2 -876.1 2234.5 0 0 0 0 0 0 0 0 0
136.8 502.4 2206.2  0.9996650219 -0.0130967014 0.0223230515 0.0132302996 0.9998953938 -0.0058475970 -0.0222441331 0.0061409785 0.9997336864
139.6 293.9 2204.9 0.9996650219 -0.0130967014 0.0223230515 0.0132302996 0.9998953938 -0.0058475970 -0.0222441331 0.0061409785 0.9997336864
136.5 95.4 2198.8 0.9996382594 0.0150359310 0.0222984441 -0.0143361203 0.9994097948 -0.0312184114 -0.0227546804 0.0308874454 0.9992638230
-6.4 295.9 2208.3 0.7781402469 -0.2852535546 -0.5595785379 0.0246822312 0.9041196704 -0.4265658557 0.6276053786 0.3181164265 0.7105726004
-188.8 290.1 2061.1 -0.9456329346 -0.2852535546 -0.1562329531 -0.3195868134 0.9041196704 0.2836052179 0.0603538938 0.3181164265 -0.9461286068
285.5 291.8 2201.6 0.6991561651 0.3822519779 0.6042053103 -0.6645258665 0.0356289260 0.7464153767 0.2637915611 -0.9233710170 0.2789265215
449.7 135.7 2263.5 -0.5105282068 0.3822519779 0.7702236176 -0.8247602582 0.0356289260 -0.5643589497 -0.2431695759 -0.9233710170 0.2970766723
36.7 -110.9 2191.2 0.9950935841 0.0411805883 0.0899609327 -0.0553309917 0.9854093194 0.1609562933 -0.0820200741 -0.1651442051 0.9828530550
20.4 -502.3 2256.8 0.9939584136 0.0656198412 0.0879812017 -0.0756240189 0.9904044867 0.1156717986 -0.0795466080 -0.1216264442 0.9893833399
219.9 -116.5 2191.0 0.9875177145 0.0982290879 -0.1231253073 -0.0872555375 0.9919689894 0.0915638506 0.1311307251 -0.0796775594 0.9881579876
180.9 -510.4 2222.7 0.9901412129 -0.0550489612 -0.1288020164 0.0596103407 0.9977141619 0.0318281278 0.1267554909 -0.0391922742 0.9911594391
66.1 376.3 2044.8 0 0 0 0 0 0 0 0 0
317.1 -78.4 2200.4 0 0 0 0 0 0 0 0 0
-4.7 -880.6 2303.2 0 0 0 0 0 0 0 0 0
201.9 -891.2 2237.6 0 0 0 0 0 0 0 0 0
136.5 502.7 2209.5  0.9994933605 -0.0064611579 0.0311656855 0.0069911270 0.9998323321 -0.0169259943 -0.0310510974 0.0171353016 0.9993709326
137.8 298.2 2206.0 0.9994933605 -0.0064611579 0.0311656855 0.0069911270 0.9998323321 -0.0169259943 -0.0310510974 0.0171353016 0.9993709326
135.9 99.6 2199.5 0.9994684458 0.0096488167 0.0311403964 -0.0086268410 0.9994251132 -0.0327874571 -0.0314388536 0.0325013846 0.9989771247
-8.1 299.4 2210.6 0.7710040808 -0.2884891331 -0.5677382946 0.0357581787 0.9097116590 -0.4136980474 0.6358255148 0.2986615896 0.7117072344
-188.9 291.0 2061.5 -0.9467769861 -0.2884891331 -0.1427843273 -0.3175462484 0.9097116590 0.2675613761 0.0527040139 0.2986615896 -0.9529026747
283.8 296.9 2201.4 0.7000616789 0.3766215146 0.6066876054 -0.6670603752 0.0417070761 0.7438352704 0.2548412085 -0.9254278541 0.2804268301
453.7 135.1 2263.2 -0.5290594697 0.3766215146 0.7604290843 -0.8103558421 0.0417070761 -0.5844518542 -0.2518323958 -0.9254278541 0.2831318974
41.9 -101.8 2194.8 0.9937132001 0.0556106418 0.0971675217 -0.0699438825 0.9860619903 0.1509621888 -0.0874180943 -0.1568093896 0.9837524295
19.8 -493.6 2257.1 0.9931898117 0.0681949258 0.0944643170 -0.0780368298 0.9914326072 0.1047454700 -0.0865118951 -0.1114038303 0.9900024533
225.1 -104.4 2190.6 0.9867013097 0.1152972654 -0.1145733744 -0.1047847047 0.9900515079 0.0939051583 0.1242605522 -0.0806508064 0.9889665246
179.3 -497.7 2222.6 0.9907981753 -0.0604606271 -0.1210931242 0.0652632192 0.9972152114 0.0360914432 0.1185737923 -0.0436622612 0.9919847846
66.5 376.7 2047.3 0 0 0 0 0 0 0 0 0
316.3 -75.4 2197.8 0 0 0 0 0 0 0 0 0
-6.2 -872.3 2299.6 0 0 0 0 0 0 0 0 0
202.4 -878.6 2239.3 0 0 0 0 0 0 0 0 0
136.4 501.3 2204.6  0.9985971451 -0.0043651331 0.0527696237 0.0047756890 0.9999592900 -0.0076565659 -0.0527340509 0.0078978362 0.9985773563
137.3 297.8 2203.0 0.9985971451 -0.0043651331 0.0527696237 0.0047756890 0.9999592900 -0.0076565659 -0.0527340509 0.0078978362 0.9985773563
135.9 99.1 2198.7 0.9985828400 0.0070539247 0.0527504161 -0.0059031667 0.9997418523 -0.0219392274 -0.0528915599 0.0215967409 0.9983667135
-8.5 298.6 2210.7 0.7684723735 -0.2855482101 -0.5726363659 0.0347821116 0.9122256637 -0.4082089961 0.6389369369 0.2937798500 0.7109521627
-187.6 290.5 2061.8 -0.9456343651 -0.2855482101 -0.1556852609 -0.3179882467 0.9122256637 0.2583173513 0.0682580322 0.2937798500 -0.9534328580
283.1 296.9 2195.3 0.7011699677 0.3717167974 0.6084301472 -0.6635456085 0.0279447753 0.7476137280 0.2608981431 -0.9279254675 0.2662450969
454.0 135.2 2258.9 -0.5336998105 0.3717167974 0.7595993280 -0.8114250898 0.0279447753 -0.5837879777 -0.2382306457 -0.9279254675 0.2867062092
42.3 -98.1 2195.9 0.9915302396 0.0560005568 0.1171826199 -0.0733815134 0.9860032797 0.1497086734 -0.1071586758 -0.1570397168 0.9817614555
20.1 -489.9 2258.3 0.9916980267 0.0588912070 0.1143103689 -0.0706190094 0.9923344254 0.1014164686 -0.1074615791 -0.1086469963 0.9882549644
225.6 -99.7 2190.2 0.9884434938 0.1182225272 -0.0948838070 -0.1094650403 0.9896548390 0.0927396640 0.1048661396 -0.0812814534 0.9911591411
178.6 -492.9 2222.5 0.9929410815 -0.0587204881 -0.1030529886 0.0613066591 0.9978741407 0.0221075173 0.1015357450 -0.0282692965 0.9944301844
66.7 376.0 2043.4 0 0 0 0 0 0 0 0 0
315.4 -75.6 2197.0 0 0 0 0 0 0 0 0 0
-2.4 -869.1 2299.9 0 0 0 0 0 0 0 0 0
201.1 -874.1 2233.3 0 0 0 0 0 0 0 0 0
135.7 499.7 2202.2  0.9981652498 -0.0042621978 0.0603988580 0.0044442508 0.9999859929 -0.0028801584 -0.0603857338 0.0031433017 0.9981701374
136.5 296.6 2201.6 0.9981652498 -0.0042621978 0.0603988580 0.0044442508 0.9999859929 -0.0028801584 -0.0603857338 0.0031433017 0.9981701374
136.0 97.9 2198.5 0.9981700778 0.0026913506 0.0604088530 -0.0017514137 0.9998766780 -0.0156071484 -0.0604434088 0.0154727874 0.9980517030
-9.2 296.8 2210.4 0.7670521140 -0.2678055465 -0.5830190778 0.0178484358 0.9172725081 -0.3978600204 0.6413365006 0.2947733700 0.7083756924
-187.6 292.7 2061.2 -0.9474691749 -0.2678055465 -0.1748779714 -0.3062607646 0.9172725081 0.2545888722 0.0922304392 0.2947733700 -0.9511057734
282.3 296.3 2192.7 0.7009060979 0.3517357111 0.6204938889 -0.6677232385 0.0177432131 0.7441980839 0.2507514954 -0.9359312057 0.2472984344
452.9 133.8 2253.8 -0.5364634991 0.3517357111 0.7671303153 -0.8155287504 0.0177432131 -0.5784444809 -0.2170709372 -0.9359312057 0.2773320079
43.0 -99.0 2199.3 0.9909586906 0.0532136448 0.1231631488 -0.0706107840 0.9874158502 0.1415063739 -0.1140831783 -0.1489236206 0.9822458029
21.9 -491.3 2258.5 0.9903469682 0.0675189197 0.1210541353 -0.0802889019 0.9913399220 0.1039177477 -0.1129893810 -0.1126339287 0.9871914983
226.1 -100.1 2189.6 0.9883587956 0.1242133826 -0.0878514647 -0.1155273095 0.9884701371 0.0978786871 0.0989963934 -0.0865900218 0.9913132191
176.7 -492.8 2224.0 0.9924632907 -0.0729578212 -0.0984570011 0.0743342713 0.9971793294 0.0103801740 0.0974219739 -0.0176206715 0.9950871468
66.5 374.8 2036.5 0 0 0 0 0 0 0 0 0
313.6 -78.1 2197.4 0 0 0 0 0 0 0 0 0
-3.9 -870.1 2301.5 0 0 0 0 0 0 0 0 0
204.6 -873.8 2230.7 0 0 0 0 0 0 0 0 0
134.6 500.8 2201.5  0.9982270598 -0.0019449178 0.0594888851 0.0020097827 0.9999974370 -0.0010305537 -0.0594867282 0.0011482863 0.9982284307
135.0 298.3 2201.2 0.9982270598 -0.0019449178 0.0594888851 0.0020097827 0.9999974370 -0.0010305537 -0.0594867282 0.0011482863 0.9982284307
134.5 99.6 2198.9 0.9982254505 0.0027551351 0.0594845526 -0.0020608390 0.9999290705 -0.0117300674 -0.0595126487 0.0115866633 0.9981603026
-10.8 298.6 2209.9 0.7634213567 -0.2593075335 -0.5915635228 0.0149081051 0.9227038026 -0.3852213323 0.6457287073 0.2852671146 0.7082775831
-187.8 295.2 2060.2 -0.9502505660 -0.2593075335 -0.1725787222 -0.2965306640 0.9227038026 0.2463478744 0.0953591838 0.2852671146 -0.9536924362
280.8 298.0 2192.6 0.6962388158 0.3261719942 0.6394242048 -0.6802012920 0.0152361169 0.7328670621 0.2292983681 -0.9451876283 0.2324705869
450.6 132.1 2248.5 -0.5345252752 0.3261719942 0.7796759605 -0.8217031956 0.0152361169 -0.5697119832 -0.1977033317 -0.9451876283 0.2598724961
44.0 -100.6 2200.9 0.9908794761 0.0572729558 0.1219739020 -0.0743158758 0.9873427749 0.1401122510 -0.1124054044 -0.1478989571 0.9825939536
21.2 -493.0 2259.7 0.9906817079 0.0652941614 0.1195259914 -0.0773939714 0.9920172691 0.0995586812 -0.1120712459 -0.1078815535 0.9878267050
227.0 -100.9 2189.8 0.9877108932 0.1280059665 -0.0896752700 -0.1194981188 0.9883195162 0.0945767984 0.1007342115 -0.0826985091 0.9914703965
176.2 -493.7 2222.7 0.9918786883 -0.0798819214 -0.0989724994 0.0823013484 0.9963945150 0.0206021369 0.0969699174 -0.0285803899 0.9948768616
66.3 374.5 2034.7 0 0 0 0 0 0 0 0 0
311.8 -81.3 2197.1 0 0 0 0 0 0 0 0 0
-3.7 -872.1 2300.9 0 0 0 0 0 0 0 0 0
206.7 -874.4 2233.6 0 0 0 0 0 0 0 0 0
136.1 499.7 2200.6  0.9983600378 0.0045836400 0.0570632108 -0.0045975344 0.9999894500 0.0001122074 -0.0570620932 -0.0003743735 0.9983705878
135.2 297.8 2200.7 0.9983600378 0.0045836400 0.0570632108 -0.0045975344 0.9999894500 0.0001122074 -0.0570620932 -0.0003743735 0.9983705878
133.5 99.1 2199.1 0.9983399510 0.0082063461 0.0570084974 -0.0077373190 0.9999344349 -0.0084431851 -0.0570740476 0.0079880767 0.9983379841
-10.7 298.9 2209.0 0.7610859871 -0.2532397807 -0.5971747637 0.0015914304 0.9213673472 -0.3886896372 0.6486490369 0.2948758900 0.7016428113
-187.0 298.5 2058.8 -0.9543600678 -0.2532397807 -0.1583238840 -0.2878218591 0.9213673472 0.2612293065 0.0797208101 0.2948758900 -0.9522041678
281.0 296.6 2192.4 0.6913467646 0.3157127798 0.6498962641 -0.6881090999 0.0134080341 0.7254833579 0.2203305364 -0.9487600923 0.2265144438
446.0 132.4 2245.0 -0.5189717412 0.3157127798 0.7943511605 -0.8346446157 0.0134080341 -0.5506256223 -0.1844902337 -0.9487600923 0.2565495968
42.4 -98.9 2202.1 0.9909498096 0.0594781004 0.1203365102 -0.0765373558 0.9868287444 0.1425168365 -0.1102748960 -0.1504372656 0.9824500084
18.8 -491.0 2261.9 0.9914820194 0.0574967787 0.1168654487 -0.0679766163 0.9938195348 0.0877605230 -0.1110972166 -0.0949570984 0.9892626405
225.5 -99.2 2191.2 0.9883063436 0.1219023317 -0.0915993601 -0.1128478199 0.9887406826 0.0982712209 0.1025475115 -0.0867852867 0.9909350872
177.0 -492.2 2225.7 0.9926025867 -0.0684976205 -0.1002403349 0.0714289322 0.9971081018 0.0259477161 0.0981730968 -0.0329158306 0.9946248531
66.4 374.9 2037.6 0 0 0 0 0 0 0 0 0
311.2 -84.4 2197.0 0 0 0 0 0 0 0 0 0
-3.2 -870.8 2298.2 0 0 0 0 0 0 0 0 0
203.2 -873.1 2238.2 0 0 0 0 0 0 0 0 0
135.6 500.4 2207.2  0.9986357689 0.0060884645 0.0518605337 -0.0051774848 0.9998302460 -0.0176822171 -0.0519593880 0.0173895881 0.9984977841
134.4 298.9 2203.7 0.9986357689 0.0060884645 0.0518605337 -0.0051774848 0.9998302460 -0.0176822171 -0.0519593880 0.0173895881 0.9984977841
132.7 100.3 2199.3 0.9986190796 0.0086137718 0.0518243089 -0.0074499282 0.9997166395 -0.0226089060 -0.0520043708 0.0221915971 0.9984002709
-11.5 300.0 2211.3 0.7411643267 -0.2547929287 -0.6210926175 -0.0112215998 0.9203447104 -0.3909471333 0.6712298989 0.2967257202 0.6792674661
-183.1 302.6 2055.9 -0.9584177732 -0.2547929287 -0.1285143048 -0.2811307609 0.9203447104 0.2719027102 0.0489985682 0.2967257202 -0.9537048936
280.3 297.8 2196.1 0.6826602817 0.2926717997 0.6695656180 -0.7045625448 0.0205863286 0.7093432546 0.1938208640 -0.9559913278 0.2202590555
443.8 129.0 2242.5 -0.5187445283 0.2926717997 0.8032728434 -0.8364434838 0.0205863286 -0.5476663709 -0.1768229455 -0.9559913278 0.2341243774
40.4 -98.9 2202.8 0.9919037819 0.0517366529 0.1159748137 -0.0679321364 0.9877671599 0.1403613389 -0.1072942838 -0.1471033543 0.9832845926
19.8 -491.5 2261.2 0.9913890958 0.0657365546 0.1132536009 -0.0762322918 0.9929304719 0.0909819901 -0.1064721048 -0.0988321304 0.9893916845
223.5 -100.3 2192.3 0.9885032177 0.1167735979 -0.0960483104 -0.1082510203 0.9900754094 0.0896235108 0.1055607274 -0.0781958029 0.9913336039
177.1 -493.8 2223.4 0.9927442670 -0.0639170483 -0.1018502787 0.0682129860 0.9968977571 0.0392663144 0.0990245268 -0.0459289216 0.9940244555
66.7 375.8 2043.1 0 0 0 0 0 0 0 0 0
309.1 -88.3 2196.6 0 0 0 0 0 0 0 0 0
-5.3 -870.9 2299.0 0 0 0 0 0 0 0 0 0
201.5 -874.7 2240.9 0 0 0 0 0 0 0 0 0
135.3 498.5 2210.5  0.9962308407 0.0145425098 0.0855138674 -0.0106283147 0.9988825321 -0.0460510626 -0.0860880017 0.0449686199 0.9952721596
132.2 282.6 2200.8 0.9962308407 0.0145425098 0.0855138674 -0.0106283147 0.9988825321 -0.0460510626 -0.0860880017 0.0449686199 0.9952721596
130.2 84.0 2195.5 0.9962685704 0.0098353596 0.0857452303 -0.0075373063 0.9996047616 -0.0270836130 -0.0859777182 0.0263362639 0.9959489107
-13.3 283.7 2213.3 0.7172802091 -0.2517293692 -0.6497241259 -0.0915772319 0.8903142214 -0.4460428059 0.6907407045 0.3794376254 0.6155521274
-179.7 305.0 2053.1 -0.9601151347 -0.2517293692 -0.1217016652 -0.2790395916 0.8903142214 0.3598298132 0.0177729968 0.3794376254 -0.9250466228
277.6 281.5 2188.2 0.7078201175 0.2978468537 0.6405293941 -0.6719655395 0.0042767022 0.7405700684 0.2178371251 -0.9546040893 0.2031699568
441.9 125.6 2238.8 -0.5303237438 0.2978468537 0.7937530875 -0.8307418227 0.0042767022 -0.5566415191 -0.1691885740 -0.9546040893 0.2451657951
39.4 -97.7 2199.6 0.9873020053 0.0523615442 0.1499767154 -0.0746323839 0.9863241911 0.1469511092 -0.1402310729 -0.1562782377 0.9777076840
18.6 -489.7 2261.7 0.9869900942 0.0658469424 0.1466789097 -0.0795159861 0.9928201437 0.0893606022 -0.1397416592 -0.0998613536 0.9851395488
222.6 -99.1 2190.1 0.9913594127 0.1157531962 -0.0617067777 -0.1099952608 0.9898744822 0.0897194520 0.0714672729 -0.0821567699 0.9940536618
176.6 -492.5 2222.7 0.9956069589 -0.0628584996 -0.0693946257 0.0645606369 0.9976586699 0.0225622114 0.0678139254 -0.0269432552 0.9973341227
67.1 376.7 2048.5 0 0 0 0 0 0 0 0 0
304.1 -90.2 2194.8 0 0 0 0 0 0 0 0 0
-6.6 -869.1 2299.9 0 0 0 0 0 0 0 0 0
200.6 -873.6 2233.0 0 0 0 0 0 0 0 0 0
133.3 496.5 2212.1  0.9950617552 0.0165512785 0.0978681147 -0.0111642396 0.9984052777 -0.0553374887 -0.0986279473 0.0539715923 0.9936596751
129.6 274.4 2200.1 0.9950617552 0.0165512785 0.0978681147 -0.0111642396 0.9984052777 -0.0553374887 -0.0986279473 0.0539715923 0.9936596751
127.7 75.7 2194.6 0.9951205254 0.0094460249 0.0982136726 -0.0066477153 0.9995636344 -0.0287803616 -0.0984426737 0.0279870313 0.9947490692
-15.7 275.3 2214.5 0.7026724815 -0.2437864095 -0.6684456468 -0.1352749914 0.8765610456 -0.4618889689 0.6985356808 0.4149806499 0.5829570889
-178.8 306.7 2052.4 -0.9617626667 -0.2437864095 -0.1248230934 -0.2735811770 0.8765610456 0.3959723413 0.0128823882 0.4149806499 -0.9097390175
274.9 273.4 2185.7 0.7450238466 0.2909074128 0.6002602577 -0.6280539632 0.0027975098 0.7781647444 0.2246946543 -0.9567471147 0.1847897619
444.4 130.6 2236.8 -0.5244081020 0.2909074128 0.8002305627 -0.8359342217 0.0027975098 -0.5488224626 -0.1618951708 -0.9567471147 0.2417124212
36.9 -113.9 2198.2 0.9853579402 0.0506011955 0.1628167778 -0.0769240335 0.9841681123 0.1596740782 -0.1521593779 -0.1698606461 0.9736502767
16.8 -505.0 2265.7 0.9856396914 0.0585874617 0.1583726108 -0.0723232329 0.9939713478 0.0824030787 -0.1525900513 -0.0926737636 0.9839348793
