-87.6 443.5 1832.4 5 0.9916889071 -0.1275979877 -0.0164885782 0.1283177733 0.9902300835 0.0545796603 0.0093632303 -0.0562418215 0.9983732700
-58.8 219.9 1845.1 0.9916889071 -0.1275979877 -0.0164885782 0.1283177733 0.9902300835 0.0545796603 0.0093632303 -0.0562418215 0.9983732700
-49.9 25.2 1863.6 0.9987658858 -0.0454568602 -0.0200080574 0.0471585058 0.9943652749 0.0949410945 0.0155795934 -0.0957674831 0.9952818155
-200.7 213.2 1842.9 0.1216229051 -0.8904595375 -0.4385085106 0.9874247313 0.0635911599 0.1447363198 -0.1009965613 -0.4505973756 0.8869958520
-231.5 -37.5 1868.5 -0.1261090934 -0.8904595375 -0.4372394681 0.9169223905 0.0635911599 -0.3939662874 0.3786155879 -0.4505973756 0.8084628582
83.1 226.5 1847.3 0.6935458779 0.4642162919 0.5509059429 0.0417446084 0.7375280857 -0.6740249991 -0.7192019820 0.4904645979 0.4921310544
249.9 236.6 1674.4 -0.8480193019 0.4642162919 0.2556686401 0.5299340487 0.7375280857 0.4185954928 0.0057560308 0.4904645979 -0.8714421391
-131.5 -153.0 1891.3 0.9969590306 0.0557694435 -0.0544288792 -0.0662685856 0.9742310047 -0.2155977935 0.0410025343 0.2185490876 0.9749641418
-153.3 -533.5 1806.0 0.9991553426 0.0000000000 -0.0410928652 -0.0000000000 1.0000000000 -0.0000000000 0.0410928652 0.0000000000 0.9991553426
48.4 -142.5 1881.0 0.9535994530 0.0006200132 -0.3010776043 -0.0323469676 0.9944207668 -0.1004043445 0.2993355691 0.1054844707 0.9482991099
48.2 -529.4 1839.9 0.9540987015 0.0000000000 -0.2994922698 0.0000000000 1.0000000000 0.0000000000 0.2994922698 0.0000000000 0.9540987015
-196.0 -295.7 1761.8 0 0 0 0 0 0 0 0 0
35.8 370.3 1675.8 0 0 0 0 0 0 0 0 0
-153.3 -910.1 1806.0 0 0 0 0 0 0 0 0 0
48.2 -906.0 1839.9 0 0 0 0 0 0 0 0 0
-87.7 445.0 1833.8 6 0.9900854230 -0.1371847391 -0.0301865395 0.1377245486 0.9903317094 0.0165860560 0.0276193339 -0.0205790382 0.9994066358
-53.9 200.7 1838.9 0.9900854230 -0.1371847391 -0.0301865395 0.1377245486 0.9903317094 0.0165860560 0.0276193339 -0.0205790382 0.9994066358
-54.8 7.1 1865.5 0.9992575049 0.0043100305 -0.0382873416 0.0009903302 0.9905220270 0.1373502314 0.0385164395 -0.1372861564 0.9897822738
-195.9 200.5 1833.3 0.1362563521 -0.8843259215 -0.4465444088 0.9839777350 0.0684892610 0.1646116078 -0.1149868071 -0.4618191421 0.8794891238
-230.9 -52.3 1862.8 -0.1268280149 -0.8843259215 -0.4493131936 0.9167407155 0.0684892610 -0.3935678601 0.3788153827 -0.4618191421 0.8020111918
88.1 200.9 1844.5 0.6757342815 0.4515770674 0.5826330781 0.1349546909 0.7012462020 -0.7000293136 -0.7246863842 0.5516628623 0.4129136503
246.4 232.5 1674.8 -0.8484318852 0.4515770674 0.2761185765 0.5288356543 0.7012462020 0.4781073630 0.0222752132 0.5516628623 -0.8337696791
-130.9 -174.4 1880.5 0.9941002727 0.0631839633 -0.0881611481 -0.0787164643 0.9794605970 -0.1856357753 0.0746211708 0.1914803088 0.9786556959
-155.6 -557.3 1805.6 0.9971945286 0.0000000000 -0.0748534352 -0.0000000000 1.0000000000 -0.0000000000 0.0748534352 0.0000000000 0.9971945286
49.1 -166.6 1883.6 0.9443665743 0.0024488801 -0.3288856447 -0.0427628569 0.9923981428 -0.1154004410 0.3261029124 0.1230444089 0.9372923374
48.1 -554.0 1835.6 0.9452311993 0.0000000000 -0.3264015019 0.0000000000 1.0000000000 0.0000000000 0.3264015019 0.0000000000 0.9452311993
-195.1 -310.5 1756.1 0 0 0 0 0 0 0 0 0
31.7 366.3 1680.4 0 0 0 0 0 0 0 0 0
-155.6 -933.9 1805.6 0 0 0 0 0 0 0 0 0
48.1 -930.7 1835.6 0 0 0 0 0 0 0 0 0
-89.1 443.0 1833.6 7 0.9930466413 -0.1176365986 -0.0044709677 0.1176149398 0.9930475354 -0.0048339744 0.0050085359 0.0042745094 0.9999783039
-58.4 183.6 1832.4 0.9930466413 -0.1176365986 -0.0044709677 0.1176149398 0.9930475354 -0.0048339744 0.0050085359 0.0042745094 0.9999783039
-58.6 -9.2 1865.1 0.9998926520 0.0012854300 -0.0145949190 0.0011754013 0.9858955145 0.1673578769 0.0146041922 -0.1673570722 0.9857881665
-200.6 183.4 1830.3 0.1260592043 -0.8733338118 -0.4705285728 0.9854958653 0.0559275486 0.1602185518 -0.1136087701 -0.4839009941 0.8677170277
-232.0 -61.9 1858.6 -0.1484309137 -0.8733338118 -0.4639572501 0.9155938625 0.0559275486 -0.3981958628 0.3737058938 -0.4839009941 0.7913177013
83.9 183.7 1834.6 0.7007987499 0.4318112433 0.5678205490 0.1936557740 0.6509298682 -0.7340216041 -0.6865701675 0.6243631244 0.3725481033
245.8 228.4 1676.0 -0.8472979665 0.4318112433 0.3092333376 0.5300685167 0.6509298682 0.5434314013 0.0333705619 0.6243631244 -0.7804210782
-145.7 -186.9 1888.5 0.9976632595 0.0121384207 -0.0672357827 -0.0263855960 0.9761960506 -0.2152791470 0.0630221516 0.2165501565 0.9742351770
-150.5 -568.3 1803.9 0.9980107546 0.0000000000 -0.0630441010 -0.0000000000 1.0000000000 -0.0000000000 0.0630441010 0.0000000000 0.9980107546
34.4 -187.0 1895.8 0.9508386850 -0.0595721863 -0.3039028347 0.0043182750 0.9837788939 -0.1793332249 0.3096564710 0.1692046374 0.9356722832
57.6 -570.6 1829.8 0.9508475661 0.0000000000 -0.3096593618 0.0000000000 1.0000000000 0.0000000000 0.3096593618 0.0000000000 0.9508475661
-190.2 -319.8 1753.3 0 0 0 0 0 0 0 0 0
30.0 363.4 1684.5 0 0 0 0 0 0 0 0 0
-150.5 -945.0 1803.9 0 0 0 0 0 0 0 0 0
57.6 -947.2 1829.8 0 0 0 0 0 0 0 0 0
-89.3 441.2 1829.9 8 0.9936639071 -0.1113062426 0.0155875236 0.1113384813 0.9937818050 -0.0012133416 -0.0153555442 0.0029411449 0.9998777509
-59.6 176.6 1829.1 0.9936639071 -0.1113062426 0.0155875236 0.1113384813 0.9937818050 -0.0012133416 -0.0153555442 0.0029411449 0.9998777509
-59.3 -14.9 1868.8 0.9999915361 -0.0011975733 0.0039354004 0.0003732309 0.9791526794 0.2031252980 -0.0040966151 -0.2031221092 0.9791448712
-202.0 176.6 1829.7 0.1113678366 -0.8400598764 -0.5309394002 0.9904068708 0.0498450063 0.1288785338 -0.0818010047 -0.5401989222 0.8375521898
-230.8 -79.7 1850.9 -0.1785439700 -0.8400598764 -0.5122709274 0.9148916006 0.0498450063 -0.4006106257 0.3620710373 -0.5401989222 0.7596641779
82.7 176.6 1828.6 0.7141937017 0.4114662707 0.5662357211 0.2203099430 0.6357058883 -0.7398253679 -0.6643725634 0.6531259418 0.3633670211
245.7 226.9 1677.0 -0.8483294249 0.4114662707 0.3332156539 0.5291116238 0.6357058883 0.5620666742 0.0194443185 0.6531259418 -0.7569996119
-149.0 -202.3 1896.3 0.9987500906 0.0032813072 -0.0498748757 -0.0156069640 0.9684245586 -0.2488178313 0.0474836081 0.2492852211 0.9672653079
-150.3 -580.9 1798.8 0.9988717437 0.0000000000 -0.0474893898 -0.0000000000 1.0000000000 -0.0000000000 0.0474893898 0.0000000000 0.9988717437
31.4 -202.3 1899.1 0.9564154744 -0.0682358891 -0.2839248776 0.0150355427 0.9825320840 -0.1854847372 0.2916220427 0.1731314957 0.9407348633
58.1 -586.2 1831.4 0.9565235972 0.0000000000 -0.2916550040 0.0000000000 1.0000000000 0.0000000000 0.2916550040 0.0000000000 0.9565235972
-180.6 -337.3 1748.9 0 0 0 0 0 0 0 0 0
28.9 362.1 1682.0 0 0 0 0 0 0 0 0 0
-150.3 -957.6 1798.8 0 0 0 0 0 0 0 0 0
58.1 -962.9 1831.4 0 0 0 0 0 0 0 0 0
-88.8 440.2 1828.1 9 0.9934063554 -0.0846729428 0.0772938877 0.0808749646 0.9954177737 0.0510163307 -0.0812594146 -0.0444288030 0.9957022667
-69.2 208.8 1838.4 0.9934063554 -0.0846729428 0.0772938877 0.0808749646 0.9954177737 0.0510163307 -0.0812594146 -0.0444288030 0.9957022667
-64.9 15.6 1867.9 0.9971479774 -0.0234165750 0.0717465058 0.0122103794 0.9881787896 0.1528186947 -0.0744768679 -0.1515067965 0.9856464267
-210.8 206.8 1848.9 0.0618619435 -0.8772608042 -0.4760111570 0.9980221987 0.0597078726 0.0196638610 0.0111712795 -0.4762861431 0.8792193532
-229.3 -90.4 1845.6 -0.2070260495 -0.8654010296 -0.4563127458 0.9113332629 -0.0009477858 -0.4116683304 0.3558257222 -0.5010790229 0.7888649106
72.5 210.7 1827.9 0.7617233992 0.4290517569 0.4854812920 0.0524357706 0.7060304284 -0.7062376142 -0.6457770467 0.5634142756 0.5153021812
249.6 222.9 1677.8 -0.8485673666 0.4290517569 0.3095932901 0.5288302898 0.7060304284 0.4710197151 -0.0164904464 0.5634142756 -0.8260099292
-149.5 -200.1 1906.4 0.9997217655 0.0103932312 0.0211750418 -0.0042617489 0.9625089765 -0.2712162435 -0.0231999829 0.2710505426 0.9622854590
-153.6 -581.8 1798.9 0.9997308254 0.0000000000 0.0232001934 -0.0000000000 1.0000000000 -0.0000000000 -0.0232001934 0.0000000000 0.9997308254
30.6 -194.8 1900.2 0.9735537171 -0.0667417869 -0.2184917480 0.0259884838 0.9825212359 -0.1843275130 0.2269751281 0.1737744659 0.9582717419
57.4 -589.0 1830.4 0.9738826752 0.0000000000 -0.2270518243 0.0000000000 1.0000000000 0.0000000000 0.2270518243 0.0000000000 0.9738826752
-171.0 -346.9 1745.4 0 0 0 0 0 0 0 0 0
33.9 357.3 1673.6 0 0 0 0 0 0 0 0 0
-153.6 -958.5 1798.9 0 0 0 0 0 0 0 0 0
57.4 -965.7 1830.4 0 0 0 0 0 0 0 0 0
-88.9 440.9 1827.2 0 0.9921507239 -0.0775653720 0.0980845392 0.0696708113 0.9942349195 0.0815037936 -0.1038409472 -0.0740304142 0.9918349385
-72.2 225.8 1843.2 0.9921507239 -0.0775653720 0.0980845392 0.0696708113 0.9942349195 0.0815037936 -0.1038409472 -0.0740304142 0.9918349385
-64.0 31.9 1867.4 0.9945295453 -0.0428738296 0.0952513590 0.0304543115 0.9912792444 0.1282105148 -0.0999175757 -0.1246083304 0.9871622324
-213.6 221.3 1857.4 0.0679875091 -0.8900336623 -0.4507968426 0.9976760745 0.0626810417 0.0267110951 0.0044826414 -0.4515652657 0.8922268152
-233.0 -63.5 1856.1 -0.2060329318 -0.8761426806 -0.4358032048 0.9130001068 -0.0118625406 -0.4077868462 0.3521097302 -0.4819058776 0.8023624420
69.3 230.3 1829.0 0.7657793760 0.4643552899 0.4449225664 -0.0398776121 0.7247918248 -0.6878128648 -0.6418657899 0.5089704990 0.5735480189
248.9 220.9 1678.5 -0.8351956010 0.4643552899 0.2946566045 0.5495664477 0.7247918248 0.4155159891 -0.0206176434 0.5089704990 -0.8605369925
-150.6 -175.6 1902.8 0.9986756444 0.0067250128 0.0510070585 0.0056216135 0.9712202549 -0.2381167859 -0.0511404276 0.2380881906 0.9698961973
-153.2 -558.2 1809.0 0.9986914396 0.0000000000 0.0511412360 -0.0000000000 1.0000000000 -0.0000000000 -0.0511412360 0.0000000000 0.9986914396
28.9 -170.5 1886.6 0.9782515764 -0.0649708509 -0.1969839036 0.0416436568 0.9918595552 -0.1203346476 0.2031986117 0.1095144227 0.9729937911
54.6 -562.8 1843.3 0.9791008830 0.0000000000 -0.2033750266 0.0000000000 1.0000000000 0.0000000000 0.2033750266 0.0000000000 0.9791008830
-175.0 -320.6 1756.9 0 0 0 0 0 0 0 0 0
36.8 360.4 1673.3 0 0 0 0 0 0 0 0 0
-153.2 -934.8 1809.0 0 0 0 0 0 0 0 0 0
54.6 -939.5 1843.3 0 0 0 0 0 0 0 0 0
-88.2 440.8 1822.7 1 0.9951984286 -0.0908472538 0.0364255570 0.0875358656 0.9926117063 0.0840205178 -0.0437894687 -0.0804285482 0.9957980514
-66.9 207.1 1841.7 0.9951984286 -0.0908472538 0.0364255570 0.0875358656 0.9926117063 0.0840205178 -0.0437894687 -0.0804285482 0.9957980514
-53.4 13.2 1864.1 0.9970397353 -0.0690722838 0.0337762944 0.0646968186 0.9910362959 0.1168820933 -0.0415468477 -0.1143508703 0.9925712943
-208.5 197.8 1847.5 0.1021197513 -0.8225087523 -0.5595095754 0.9929950237 0.0506806634 0.1067347527 -0.0594339520 -0.5664899349 0.8219226003
-233.9 -49.4 1862.3 -0.1941042095 -0.8225087523 -0.5346053839 0.9112089276 0.0506806634 -0.4088151157 0.3633481562 -0.5664899349 0.7396399379
74.8 216.3 1835.8 0.7318412662 0.4703777730 0.4931055903 0.0233538449 0.7058495879 -0.7079766989 -0.6810748577 0.5296424627 0.5055847168
245.7 221.8 1676.8 -0.8274777532 0.4703777730 0.3066354990 0.5613430738 0.7058495879 0.4320535958 -0.0132101253 0.5296424627 -0.8481181264
-142.4 -170.0 1898.0 0.9996278882 0.0271237548 0.0028915328 -0.0256951060 0.9719140530 -0.2339292020 -0.0091553601 0.2337678671 0.9722493291
-152.9 -544.9 1807.8 0.9999580383 0.0000000000 0.0091583831 -0.0000000000 1.0000000000 -0.0000000000 -0.0091583831 0.0000000000 0.9999580383
35.3 -158.9 1881.2 0.9667533040 -0.0462757125 -0.2514888644 0.0208307225 0.9944720864 -0.1029140428 0.2548610866 0.0942537934 0.9623731375
53.4 -547.6 1844.3 0.9669631124 0.0000000000 -0.2549163997 0.0000000000 1.0000000000 0.0000000000 0.2549163997 0.0000000000 0.9669631124
-179.3 -306.1 1760.0 0 0 0 0 0 0 0 0 0
34.7 364.9 1673.4 0 0 0 0 0 0 0 0 0
-152.9 -921.6 1807.8 0 0 0 0 0 0 0 0 0
53.4 -924.2 1844.3 0 0 0 0 0 0 0 0 0
-87.4 441.8 1820.0 2 0.9951944351 -0.0977725163 0.0053475662 0.0970389172 0.9920855761 0.0796845630 -0.0130962040 -0.0787827075 0.9968057871
-63.5 199.8 1839.2 0.9951944351 -0.0977725163 0.0053475662 0.0970389172 0.9920855761 0.0796845630 -0.0130962040 -0.0787827075 0.9968057871
-50.5 6.9 1868.8 0.9977321625 -0.0673065409 -0.0006063506 0.0666257739 0.9862800837 0.1510384083 -0.0095678410 -0.1507362723 0.9885277152
-205.4 190.2 1840.6 0.1004581153 -0.8316552043 -0.5461298227 0.9933504462 0.0528090894 0.1023038030 -0.0562408753 -0.5527755022 0.8314301968
-231.7 -69.1 1855.2 -0.1925314367 -0.8316552043 -0.5208466649 0.9062944055 0.0528090894 -0.4193347991 0.3762474060 -0.5527755022 0.7435570359
78.4 209.4 1837.9 0.7073410749 0.4775060117 0.5212068558 0.0644726157 0.6906874776 -0.7202736735 -0.7039260268 0.5430827141 0.4577655494
242.4 224.3 1674.7 -0.8257295489 0.4775060117 0.3002643585 0.5639985800 0.6906874776 0.4526107311 0.0087355301 0.5430827141 -0.8396337628
-128.2 -189.1 1889.0 0.9959194660 0.0845722929 -0.0314948149 -0.0895555615 0.9692559838 -0.2291781604 0.0111444164 0.2310635298 0.9728748202
-161.0 -565.3 1799.3 0.9999374151 0.0000000000 -0.0111893769 -0.0000000000 1.0000000000 -0.0000000000 0.0111893769 0.0000000000 0.9999374151
50.6 -174.7 1882.1 0.9585787058 0.0230921023 -0.2838900983 -0.0507743135 0.9945974946 -0.0905414820 0.2802655995 0.1012054607 0.9545724988
41.6 -562.9 1842.6 0.9598167539 0.0000000000 -0.2806275487 0.0000000000 1.0000000000 0.0000000000 0.2806275487 0.0000000000 0.9598167539
-177.4 -324.4 1749.3 0 0 0 0 0 0 0 0 0
31.4 368.4 1676.9 0 0 0 0 0 0 0 0 0
-161.0 -942.0 1799.3 0 0 0 0 0 0 0 0 0
41.6 -939.6 1842.6 0 0 0 0 0 0 0 0 0
-86.4 441.2 1819.6 3 0.9948567748 -0.1011143550 -0.0059880787 0.1012836024 0.9923007488 0.0712803006 -0.0012654873 -0.0715201870 0.9974383712
-61.4 195.6 1837.3 0.9948567748 -0.1011143550 -0.0059880787 0.1012836024 0.9923007488 0.0712803006 -0.0012654873 -0.0715201870 0.9974383712
-48.2 3.2 1870.5 0.9976168275 -0.0674951822 -0.0143209128 0.0689456835 0.9832167625 0.1689121425 0.0026798050 -0.1694969535 0.9855270386
-203.4 185.7 1836.9 0.1004658267 -0.8231661320 -0.5588418245 0.9933151603 0.0508923307 0.1036096215 -0.0568471663 -0.5655152798 0.8227763176
-229.9 -77.0 1852.0 -0.2025016099 -0.8231661320 -0.5304626822 0.9041674733 0.0508923307 -0.4241358042 0.3761307001 -0.5655152798 0.7339742184
80.7 205.5 1837.7 0.6938344240 0.4893561006 0.5283222198 0.0781160519 0.6781708002 -0.7307408452 -0.7158852220 0.5482836366 0.4323117137
239.4 223.3 1674.0 -0.8241308928 0.4893561006 0.2851996124 0.5652266741 0.6781708002 0.4696841240 0.0364287272 0.5482836366 -0.8354986906
-126.7 -193.5 1898.5 0.9952649474 0.0849098042 -0.0473080277 -0.0940734893 0.9639059901 -0.2490692139 0.0244520698 0.2523402870 0.9673295617
-159.8 -569.2 1800.1 0.9996983409 0.0000000000 -0.0245609917 -0.0000000000 1.0000000000 -0.0000000000 0.0245609917 0.0000000000 0.9996983409
52.9 -180.0 1897.1 0.9541550875 0.0266440809 -0.2981243432 -0.0715540200 0.9874547124 -0.1407594234 0.2906338573 0.1556383222 0.9440914392
42.5 -565.5 1836.3 0.9566071630 0.0000000000 -0.2913807631 0.0000000000 1.0000000000 0.0000000000 0.2913807631 0.0000000000 0.9566071630
-172.9 -331.7 1746.0 0 0 0 0 0 0 0 0 0
28.0 368.3 1683.3 0 0 0 0 0 0 0 0 0
-159.8 -945.9 1800.1 0 0 0 0 0 0 0 0 0
42.5 -942.2 1836.3 0 0 0 0 0 0 0 0 0
-88.1 444.6 1823.0 4 0.9944617748 -0.1050315574 0.0037572987 0.1047168821 0.9932599664 0.0496894456 -0.0089509338 -0.0490208007 0.9987576604
-61.5 193.5 1835.4 0.9944617748 -0.1050315574 0.0037572987 0.1047168821 0.9932599664 0.0496894456 -0.0089509338 -0.0490208007 0.9987576604
-49.2 1.4 1870.9 0.9979597330 -0.0634080172 -0.0074726078 0.0637108311 0.9813550115 0.1813374907 -0.0041649700 -0.1814436018 0.9833925366
-203.7 184.4 1835.9 0.0956729949 -0.8085126877 -0.5806495547 0.9941310883 0.0480165929 0.0969422534 -0.0504982285 -0.5865164995 0.8083614707
-229.2 -80.6 1849.4 -0.2119507194 -0.8085126877 -0.5489846468 0.9060168862 0.0480165929 -0.4205089808 0.3663472235 -0.5865164995 0.7223489881
80.6 202.6 1834.8 0.6932530403 0.4862366617 0.5319531560 0.0839013234 0.6786421537 -0.7296611667 -0.7157938480 0.5504713655 0.4296748340
238.3 221.7 1671.9 -0.8331409693 0.4862366617 0.2635337710 0.5500295758 0.6786421537 0.4867363870 0.0578239411 0.5504713655 -0.8328490853
-124.8 -196.2 1903.1 0.9947469234 0.0921179876 -0.0446417145 -0.1005340964 0.9612720013 -0.2566106319 0.0192743745 0.2597506642 0.9654833674
-160.8 -571.8 1801.6 0.9998123646 0.0000000000 -0.0193725228 -0.0000000000 1.0000000000 -0.0000000000 0.0193725228 0.0000000000 0.9998123646
55.1 -183.0 1903.8 0.9551601410 0.0327810943 -0.2942694426 -0.0835647136 0.9832950234 -0.1617028117 0.2840528786 0.1790426075 0.9419435859
42.3 -567.4 1833.8 0.9585126638 0.0000000000 -0.2850498855 0.0000000000 1.0000000000 0.0000000000 0.2850498855 0.0000000000 0.9585126638
-169.5 -335.9 1746.2 0 0 0 0 0 0 0 0 0
24.1 363.1 1686.8 0 0 0 0 0 0 0 0 0
-160.8 -948.5 1801.6 0 0 0 0 0 0 0 0 0
42.3 -944.1 1833.8 0 0 0 0 0 0 0 0 0
-87.0 442.1 1820.1 5 0.9952099919 -0.0964748040 0.0158025119 0.0952919722 0.9934184551 0.0635550991 -0.0218299720 -0.0617448129 0.9978532195
-62.4 188.6 1835.9 0.9952099919 -0.0964748040 0.0158025119 0.0952919722 0.9934184551 0.0635550991 -0.0218299720 -0.0617448129 0.9978532195
-47.6 -3.5 1870.7 0.9971194267 -0.0756280050 0.0057664323 0.0733843073 0.9811627865 0.1787016988 -0.0191726610 -0.1777637601 0.9838864207
-204.4 178.1 1838.6 0.0874988064 -0.8167742491 -0.5702838898 0.9956510663 0.0533253364 0.0763891861 -0.0319821388 -0.5744877458 0.8178880811
-227.4 -83.3 1847.0 -0.2126880884 -0.8133205771 -0.5415472984 0.9093359113 0.0380750857 -0.4143168628 0.3575918674 -0.5805686712 0.7314834595
79.7 199.1 1833.1 0.6900582910 0.4886318445 0.5339087248 0.0882573724 0.6753768325 -0.7321726680 -0.7183524370 0.5523631573 0.4229240119
236.4 219.1 1670.0 -0.8334532380 0.4886318445 0.2580593824 0.5485674739 0.6753768325 0.4928893149 0.0665540770 0.5523631573 -0.8309425116
-126.8 -196.8 1906.6 0.9961475134 0.0828842074 -0.0286413059 -0.0875615329 0.9580024481 -0.2730646133 0.0048056962 0.2745205164 0.9615692496
-159.2 -571.6 1799.2 0.9999883771 0.0000000000 -0.0048242258 -0.0000000000 1.0000000000 -0.0000000000 0.0048242258 0.0000000000 0.9999883771
53.5 -185.0 1906.0 0.9601233006 0.0244449023 -0.2785061896 -0.0756854713 0.9816990495 -0.1747531891 0.2691374421 0.1888634861 0.9444022775
43.9 -569.1 1832.1 0.9628850818 0.0000000000 -0.2699116170 0.0000000000 1.0000000000 0.0000000000 0.2699116170 0.0000000000 0.9628850818
-167.5 -339.5 1746.3 0 0 0 0 0 0 0 0 0
22.1 360.1 1687.2 0 0 0 0 0 0 0 0 0
-159.2 -948.3 1799.2 0 0 0 0 0 0 0 0 0
43.9 -945.8 1832.1 0 0 0 0 0 0 0 0 0
-86.8 441.0 1818.7 6 0.9953278899 -0.0913097784 0.0313838981 0.0890568271 0.9937750101 0.0669336095 -0.0373002291 -0.0638259426 0.9972637296
-63.3 185.6 1835.1 0.9953278899 -0.0913097784 0.0313838981 0.0890568271 0.9937750101 0.0669336095 -0.0373002291 -0.0638259426 0.9972637296
-47.9 -6.3 1871.0 0.9966725111 -0.0787186697 0.0211501811 0.0734490678 0.9798531532 0.1857228875 -0.0353439301 -0.1835514307 0.9823744893
-205.3 175.1 1840.1 0.0800152719 -0.8247786760 -0.5597656965 0.9967355728 0.0601432249 0.0538604259 -0.0107568195 -0.5622480512 0.8268986940
-226.7 -90.7 1843.0 -0.2169483900 -0.8175894022 -0.5333675146 0.9103331566 0.0278296284 -0.4129394889 0.3524583876 -0.5751287341 0.7382411957
78.7 196.1 1830.1 0.7020854950 0.4786645472 0.5272155404 0.0834493786 0.6799675822 -0.7284780741 -0.7071861029 0.5554496646 0.4374511242
237.3 214.9 1670.3 -0.8331415057 0.4786645472 0.2770478725 0.5513878465 0.6799675822 0.4833378792 0.0429731235 0.5554496646 -0.8304390311
-122.8 -202.4 1907.1 0.9951822758 0.0969031602 -0.0148984892 -0.0971729904 0.9547234774 -0.2811769843 -0.0130230021 0.2812700868 0.9595402479
-160.7 -576.1 1797.0 0.9999144077 0.0000000000 0.0130849257 -0.0000000000 1.0000000000 -0.0000000000 -0.0130849257 0.0000000000 0.9999144077
57.3 -189.0 1903.7 0.9639871120 0.0352392346 -0.2636038959 -0.0819404051 0.9823185205 -0.1683333963 0.2530110478 0.1838710457 0.9498298764
43.5 -573.5 1831.7 0.9672397375 0.0000000000 -0.2538647354 0.0000000000 1.0000000000 0.0000000000 0.2538647354 0.0000000000 0.9672397375
-165.5 -347.1 1743.7 0 0 0 0 0 0 0 0 0
23.3 356.6 1681.3 0 0 0 0 0 0 0 0 0
-160.7 -952.8 1797.0 0 0 0 0 0 0 0 0 0
43.5 -950.2 1831.7 0 0 0 0 0 0 0 0 0
-87.0 440.2 1819.0 7 0.9958199263 -0.0866722614 0.0288202818 0.0849132612 0.9947281480 0.0574949794 -0.0336515643 -0.0548074208 0.9979296923
-64.5 182.4 1833.2 0.9958199263 -0.0866722614 0.0288202818 0.0849132612 0.9947281480 0.0574949794 -0.0336515643 -0.0548074208 0.9979296923
-50.2 -9.3 1870.6 0.9971641898 -0.0731029883 0.0178750511 0.0683082044 0.9788783193 0.1926947534 -0.0315840617 -0.1909272969 0.9810959101
-206.6 172.6 1837.7 0.0688342378 -0.8227522373 -0.5642167926 0.9975804687 0.0512369573 0.0469896831 -0.0097521171 -0.5660861135 0.8242884278
-225.0 -93.2 1840.3 -0.2124102563 -0.8170800805 -0.5359683037 0.9154914618 0.0253957026 -0.4015351236 0.3416976631 -0.5759645700 0.7426355481
77.6 192.1 1828.7 0.7070571184 0.4791201353 0.5201097131 0.0802928582 0.6763449311 -0.7321957350 -0.7025833130 0.5594652891 0.4397445917
236.5 210.1 1670.8 -0.8215095997 0.4791201353 0.3091373742 0.5700119138 0.6763449311 0.4665232301 0.0144371586 0.5594652891 -0.8287280202
-122.5 -204.9 1910.1 0.9951102138 0.0964098349 -0.0214659087 -0.0985234901 0.9535292387 -0.2847369015 -0.0069830641 0.2854594886 0.9583653212
-160.3 -578.3 1798.3 0.9999753833 0.0000000000 0.0070172050 -0.0000000000 1.0000000000 -0.0000000000 -0.0070172050 0.0000000000 0.9999753833
57.6 -191.5 1903.8 0.9625325203 0.0348025076 -0.2689237297 -0.0835345015 0.9815558195 -0.1719597876 0.2579790354 0.1879812926 0.9476865530
44.0 -575.9 1830.1 0.9659084678 0.0000000000 -0.2588838637 0.0000000000 1.0000000000 0.0000000000 0.2588838637 0.0000000000 0.9659084678
-165.1 -351.1 1744.0 0 0 0 0 0 0 0 0 0
25.7 356.4 1674.5 0 0 0 0 0 0 0 0 0
-160.3 -954.9 1798.3 0 0 0 0 0 0 0 0 0
44.0 -952.6 1830.1 0 0 0 0 0 0 0 0 0
-86.6 441.9 1818.6 8 0.9957436919 -0.0852006972 0.0351474620 0.0828651339 0.9945500493 0.0632738918 -0.0403468870 -0.0600920767 0.9973770976
-64.3 181.0 1834.4 0.9957436919 -0.0852006972 0.0351474620 0.0828651339 0.9945500493 0.0632738918 -0.0403468870 -0.0600920767 0.9973770976
-47.4 -10.5 1871.6 0.9959844947 -0.0862823278 0.0238808673 0.0800955519 0.9779500365 0.1928689629 -0.0399954803 -0.1901817471 0.9809338450
-206.2 169.6 1840.1 0.0674205273 -0.8269419670 -0.5582306385 0.9977055788 0.0593377426 0.0325975828 0.0061678351 -0.5591475368 0.8290452361
-224.2 -96.1 1838.4 -0.2131009251 -0.8188181520 -0.5330335498 0.9165719151 0.0213923771 -0.3992971778 0.3383546472 -0.5736542344 0.7459470034
77.6 192.4 1828.7 0.7014418840 0.4770974219 0.5294877887 0.0771736950 0.6876945496 -0.7218866944 -0.7085361481 0.5472241044 0.4455583990
235.9 209.8 1668.8 -0.8234205842 0.4770974219 0.3071751893 0.5674109459 0.6876945496 0.4529028833 0.0048360876 0.5472241044 -0.8369721770
-126.0 -207.3 1910.8 0.9961550236 0.0870077536 -0.0102373036 -0.0862695798 0.9538694620 -0.2875598073 -0.0152548812 0.2873373032 0.9577079415
-160.1 -580.8 1798.3 0.9998827577 0.0000000000 0.0153119676 -0.0000000000 1.0000000000 -0.0000000000 -0.0153119676 0.0000000000 0.9998827577
54.2 -194.9 1905.1 0.9656401277 0.0215234458 -0.2589901984 -0.0703452528 0.9810094833 -0.1807539016 0.2501814067 0.1927619427 0.9488161802
45.8 -579.1 1829.6 0.9680382013 0.0000000000 -0.2508027256 0.0000000000 1.0000000000 0.0000000000 0.2508027256 0.0000000000 0.9680382013
-164.1 -354.3 1743.1 0 0 0 0 0 0 0 0 0
25.9 354.5 1670.0 0 0 0 0 0 0 0 0 0
-160.1 -957.5 1798.3 0 0 0 0 0 0 0 0 0
45.8 -955.7 1829.6 0 0 0 0 0 0 0 0 0
-85.8 442.9 1818.0 9 0.9961483479 -0.0837528855 0.0259597115 0.0820996612 0.9948595166 0.0592805780 -0.0307911839 -0.0569209680 0.9979037642
-63.7 179.9 1833.0 0.9961483479 -0.0837528855 0.0259597115 0.0820996612 0.9948595166 0.0592805780 -0.0307911839 -0.0569209680 0.9979037642
-49.5 -11.7 1871.2 0.9972640872 -0.0723673999 0.0150750633 0.0679995939 0.9780761003 0.1968329102 -0.0289888456 -0.1952693015 0.9803211689
-205.8 170.2 1837.1 0.0638245791 -0.8207284808 -0.5677421689 0.9979593754 0.0535530224 0.0347725563 0.0018654839 -0.5688029528 0.8224716783
-223.0 -99.2 1836.6 -0.2136416435 -0.8139768839 -0.5401840806 0.9175777435 0.0225735810 -0.3969150484 0.3352735639 -0.5804584622 0.7420644164
78.4 189.6 1828.9 0.6895919442 0.4828872383 0.5397062898 0.0900706425 0.6822720766 -0.7255288363 -0.7185751796 0.5489305258 0.4269953668
234.5 210.0 1666.3 -0.8221870065 0.4828872383 0.3013775051 0.5689907670 0.6822720766 0.4590798318 0.0160623174 0.5489305258 -0.8357136250
-120.5 -209.3 1912.5 0.9940102100 0.1063023061 -0.0253678467 -0.1090740114 0.9504802823 -0.2910155952 -0.0068239891 0.2920394540 0.9563819170
-162.1 -581.5 1798.1 0.9999764562 0.0000000000 0.0068649482 -0.0000000000 1.0000000000 -0.0000000000 -0.0068649482 0.0000000000 0.9999764562
59.5 -194.8 1905.2 0.9615464807 0.0392965674 -0.2718163431 -0.0886355713 0.9811536074 -0.1717014462 0.2599462867 0.1891915202 0.9469078779
44.1 -579.0 1831.2 0.9653459787 0.0000000000 -0.2609734535 0.0000000000 1.0000000000 0.0000000000 0.2609734535 0.0000000000 0.9653459787
-162.8 -357.7 1742.2 0 0 0 0 0 0 0 0 0
26.2 354.1 1670.4 0 0 0 0 0 0 0 0 0
-162.1 -958.2 1798.1 0 0 0 0 0 0 0 0 0
44.1 -955.7 1831.2 0 0 0 0 0 0 0 0 0
-85.2 443.5 1817.6 0 0.9963705540 -0.0825705752 0.0206844378 0.0813603923 0.9952339530 0.0537575968 -0.0250246506 -0.0518795922 0.9983397722
-63.6 183.0 1831.2 0.9963705540 -0.0825705752 0.0206844378 0.0813603923 0.9952339530 0.0537575968 -0.0250246506 -0.0518795922 0.9983397722
-51.2 -7.9 1872.6 0.9979381561 -0.0635617524 0.0089082317 0.0602219366 0.9752917886 0.2125542015 -0.0221984424 -0.2115794718 0.9771086574
-205.8 174.5 1834.3 0.0651530474 -0.8161124587 -0.5742085576 0.9978074431 0.0465706438 0.0470270105 -0.0116380649 -0.5760135651 0.8173573017
-223.6 -97.9 1837.5 -0.2163134217 -0.8104963303 -0.5443383455 0.9177191854 0.0214640144 -0.3966494203 0.3331665695 -0.5853503346 0.7391650677
78.6 191.6 1828.0 0.6808523536 0.5008367896 0.5344179869 0.0878959373 0.6685142517 -0.7384869456 -0.7271274924 0.5497737527 0.4111379981
231.5 211.4 1664.7 -0.8177267909 0.5008367896 0.2836994529 0.5736525655 0.6685142517 0.4732984900 0.0473881550 0.5497737527 -0.8339683414
-125.5 -209.4 1912.1 0.9952582121 0.0903133750 -0.0361185595 -0.0968877822 0.9532849789 -0.2861127555 0.0085914731 0.2882555127 0.9575150013
-160.8 -582.7 1799.2 0.9999627471 0.0000000000 -0.0086320844 -0.0000000000 1.0000000000 0.0000000000 0.0086320844 0.0000000000 0.9999627471
54.8 -197.0 1906.8 0.9592948556 0.0241093915 -0.2813754976 -0.0776205286 0.9804853201 -0.1806200892 0.2715298831 0.1951084286 0.9424458742
45.4 -581.0 1830.4 0.9621977806 0.0000000000 -0.2723515928 0.0000000000 1.0000000000 0.0000000000 0.2723515928 0.0000000000 0.9621977806
-162.6 -356.4 1743.7 0 0 0 0 0 0 0 0 0
24.2 356.8 1676.7 0 0 0 0 0 0 0 0 0
-160.8 -959.3 1799.2 0 0 0 0 0 0 0 0 0
45.4 -957.7 1830.4 0 0 0 0 0 0 0 0 0
-84.7 443.2 1817.9 1 0.9963814020 -0.0807212517 0.0266106706 0.0791751742 0.9953547120 0.0547751114 -0.0309085716 -0.0524700023 0.9981440306
-63.6 183.1 1831.7 0.9963814020 -0.0807212517 0.0266106706 0.0791751742 0.9953547120 0.0547751114 -0.0309085716 -0.0524700023 0.9981440306
-50.1 -7.6 1874.2 0.9975078106 -0.0691265762 0.0141292745 0.0643741861 0.9736482501 0.2187808603 -0.0288805142 -0.2173260599 0.9756717086
-205.7 173.9 1835.8 0.0695357919 -0.8193833828 -0.5690128803 0.9974385500 0.0475198850 0.0534621924 -0.0167666059 -0.5712729096 0.8205888867
-224.3 -92.8 1840.3 -0.2303705961 -0.8114029169 -0.5371728539 0.9112682939 0.0137563460 -0.4115833044 0.3413494229 -0.5843252540 0.7362367511
78.6 192.2 1827.5 0.6737014055 0.5125783682 0.5323436856 0.0808364451 0.6649164557 -0.7425305247 -0.7345691919 0.5432766080 0.4065201581
228.4 210.2 1664.2 -0.8157553673 0.5125783682 0.2679675519 0.5745676756 0.6649164557 0.4772400558 0.0664468855 0.5432766080 -0.8369201422
-128.9 -204.4 1916.0 0.9967260361 0.0749485120 -0.0303295441 -0.0805862397 0.9513258934 -0.2974641323 0.0065587871 0.2989344001 0.9542511106
-158.3 -576.9 1799.0 0.9999783635 0.0000000000 -0.0065801884 -0.0000000000 1.0000000000 0.0000000000 0.0065801884 0.0000000000 0.9999783635
51.5 -193.5 1912.0 0.9613783956 0.0107371155 -0.2750206292 -0.0676476657 0.9778044224 -0.1982985735 0.2667872310 0.2092444748 0.9407663345
47.3 -576.4 1830.1 0.9635856748 0.0000000000 -0.2673997879 0.0000000000 1.0000000000 0.0000000000 0.2673997879 0.0000000000 0.9635856748
-159.4 -349.5 1744.1 0 0 0 0 0 0 0 0 0
22.1 355.5 1681.0 0 0 0 0 0 0 0 0 0
-158.3 -953.6 1799.0 0 0 0 0 0 0 0 0 0
47.3 -953.0 1830.1 0 0 0 0 0 0 0 0 0
-84.0 440.8 1819.6 2 0.9962332249 -0.0813836008 0.0299335942 0.0798628777 0.9956054688 0.0489048846 -0.0337821059 -0.0463300906 0.9983547926
-63.0 182.8 1831.6 0.9962332249 -0.0813836008 0.0299335942 0.0798628777 0.9956054688 0.0489048846 -0.0337821059 -0.0463300906 0.9983547926
-47.6 -7.4 1875.8 0.9968200922 -0.0781739503 0.0154450862 0.0726296753 0.9710687399 0.2274873257 -0.0327818245 -0.2256421596 0.9736585617
-205.0 172.4 1836.3 0.0701457188 -0.8204851151 -0.5673480034 0.9975001216 0.0528206453 0.0469408706 -0.0085465983 -0.5692223907 0.8221391439
-223.7 -94.0 1838.6 -0.2412724793 -0.8091305494 -0.5358127952 0.9083614349 0.0060354569 -0.4181424677 0.3415656984 -0.5875979662 0.7335267663
79.1 193.1 1826.9 0.6730382442 0.5245379210 0.5214205980 0.0653551742 0.6600596905 -0.7483648062 -0.7367144823 0.5377557278 0.4099641442
226.5 207.5 1665.6 -0.8095095754 0.5245379210 0.2637313306 0.5823146105 0.6600596905 0.4745849967 0.0748594105 0.5377557278 -0.8397707343
-126.7 -204.1 1919.4 0.9963356256 0.0813967958 -0.0262665953 -0.0855292752 0.9469583631 -0.3097654283 -0.0003405415 0.3108769059 0.9504501224
-158.6 -575.0 1797.6 0.9999999404 0.0000000000 0.0003417939 0.0000000000 1.0000000000 0.0000000000 -0.0003417939 0.0000000000 0.9999999404
53.6 -192.5 1914.2 0.9626039267 0.0179561581 -0.2703169584 -0.0743965134 0.9769608974 -0.2000315189 0.2604973018 0.2126617730 0.9417622685
46.6 -575.1 1830.9 0.9652789831 0.0000000000 -0.2612212002 0.0000000000 1.0000000000 0.0000000000 0.2612212002 0.0000000000 0.9652789831
-155.8 -349.9 1742.4 0 0 0 0 0 0 0 0 0
21.1 355.2 1684.6 0 0 0 0 0 0 0 0 0
-158.6 -951.6 1797.6 0 0 0 0 0 0 0 0 0
46.6 -951.8 1830.9 0 0 0 0 0 0 0 0 0
-84.7 439.4 1818.9 3 0.9959011078 -0.0886608735 0.0178965908 0.0879860744 0.9954886436 0.0355076715 -0.0209639929 -0.0337874778 0.9992091656
-61.3 177.2 1827.8 0.9959011078 -0.0886608735 0.0178965908 0.0879860744 0.9954886436 0.0355076715 -0.0209639929 -0.0337874778 0.9992091656
-47.7 -12.6 1874.2 0.9975845218 -0.0694438443 0.0016383439 0.0670683086 0.9690629244 0.2375267148 -0.0180824269 -0.2368430942 0.9713796377
-203.5 167.6 1830.4 0.0658837929 -0.8119024634 -0.5800635815 0.9976530671 0.0427351333 0.0534982830 -0.0186462924 -0.5822268724 0.8128125072
-220.9 -95.8 1835.3 -0.2415163070 -0.8021679521 -0.5460737348 0.9128583074 0.0030822908 -0.4082648158 0.3291800916 -0.5970905423 0.7315212488
80.8 186.7 1825.3 0.6869165301 0.5054156780 0.5222074986 0.0829380155 0.6593509316 -0.7472466826 -0.7219882011 0.5566069484 0.4110008776
230.5 204.8 1668.0 -0.8180046082 0.5054156780 0.2746331692 0.5714282990 0.6593509316 0.4885959923 0.0658644438 0.5566069484 -0.8281609416
-122.4 -204.1 1922.9 0.9943754673 0.0960720405 -0.0445827246 -0.1053237617 0.9412944913 -0.3207359910 0.0111517152 0.3236276209 0.9461188316
-160.1 -572.7 1796.2 0.9999371171 0.0000000000 -0.0112140877 0.0000000000 1.0000000000 0.0000000000 0.0112140877 0.0000000000 0.9999371171
57.8 -191.0 1917.0 0.9574580193 0.0336972959 -0.2865984142 -0.0983384922 0.9718131423 -0.2142632008 0.2713000476 0.2333316803 0.9337840080
44.6 -571.5 1825.7 0.9621213675 0.0000000000 -0.2726214230 0.0000000000 1.0000000000 0.0000000000 0.2726214230 0.0000000000 0.9621213675
-152.8 -353.0 1742.6 0 0 0 0 0 0 0 0 0
21.9 350.5 1684.7 0 0 0 0 0 0 0 0 0
-160.1 -949.4 1796.2 0 0 0 0 0 0 0 0 0
44.6 -948.2 1825.7 0 0 0 0 0 0 0 0 0
-85.1 439.0 1818.1 4 0.9954805970 -0.0900438353 0.0301741734 0.0888551995 0.9952940941 0.0386579148 -0.0335130841 -0.0358020701 0.9987968206
-61.1 174.5 1827.6 0.9954805970 -0.0900438353 0.0301741734 0.0888551995 0.9952940941 0.0386579148 -0.0335130841 -0.0358020701 0.9987968206
-48.4 -16.0 1871.5 0.9977696538 -0.0649315938 0.0154810101 0.0597908236 0.9724713564 0.2252210081 -0.0296787992 -0.2237930596 0.9741846919
-203.3 165.9 1831.9 0.0592555292 -0.8192374706 -0.5703847408 0.9982421994 0.0479929559 0.0347725675 -0.0011125390 -0.5714426041 0.8206412792
-219.1 -100.2 1832.2 -0.2418402582 -0.8064745069 -0.5395481586 0.9155884385 -0.0055619823 -0.4020782113 0.3212648630 -0.5912427306 0.7397438288
81.0 183.0 1823.4 0.6993525624 0.4994033575 0.5113729239 0.0823673904 0.6543571949 -0.7516862750 -0.7100151777 0.5678141713 0.4164918363
232.3 200.8 1669.8 -0.8118218780 0.4994033575 0.3025583625 0.5823246241 0.6543571949 0.4824051261 0.0429334976 0.5678141713 -0.8220363259
-124.3 -208.5 1922.2 0.9950638413 0.0929815993 -0.0346756093 -0.0992109925 0.9400902390 -0.3261709511 0.0022703072 0.3280011117 0.9446746111
-160.7 -576.6 1793.7 0.9999973774 0.0000000000 -0.0022815634 0.0000000000 1.0000000000 0.0000000000 0.0022815634 0.0000000000 0.9999973774
56.0 -196.3 1918.9 0.9605401158 0.0246544089 -0.2770467103 -0.0925765634 0.9676102400 -0.2348616123 0.2622828782 0.2512420416 0.9317108393
46.4 -575.2 1820.6 0.9646828771 0.0000000000 -0.2634140849 0.0000000000 1.0000000000 0.0000000000 0.2634140849 0.0000000000 0.9646828771
-151.0 -358.1 1741.7 0 0 0 0 0 0 0 0 0
24.8 349.7 1680.8 0 0 0 0 0 0 0 0 0
-160.7 -953.3 1793.7 0 0 0 0 0 0 0 0 0
46.4 -951.9 1820.6 0 0 0 0 0 0 0 0 0
-84.9 438.6 1817.7 5 0.9947116375 -0.0721090436 0.0731371567 0.0660349950 0.9944158792 0.0823193043 -0.0786647126 -0.0770543590 0.9939187765
-68.1 207.2 1835.6 0.9947116375 -0.0721090436 0.0731371567 0.0660349950 0.9944158792 0.0823193043 -0.0786647126 -0.0770543590 0.9939187765
-57.4 14.8 1869.0 0.9961780906 -0.0557697788 0.0672234371 0.0433498397 0.9838259220 0.1738024503 -0.0758290887 -0.1702240705 0.9824834466
-209.9 200.8 1846.5 0.0282477494 -0.8470767140 -0.5307194591 0.9983949065 0.0499817990 -0.0266355593 0.0490886755 -0.5291152000 0.8471289277
-218.4 -102.1 1831.6 -0.2390571982 -0.8305146098 -0.5030875802 0.9177612662 -0.0240472462 -0.3964038193 0.3171212971 -0.5564774871 0.7679628134
73.7 213.5 1824.8 0.7229669690 0.5197818875 0.4551324844 -0.0700371042 0.7105150223 -0.7001879811 -0.6873235106 0.4743366539 0.5500828624
234.5 198.0 1671.9 -0.8094573021 0.5197818875 0.2731404603 0.5871303678 0.7105150223 0.3878741860 0.0075395661 0.4743366539 -0.8803112507
-128.6 -203.3 1916.2 0.9966819882 0.0806074217 0.0112914480 -0.0730451420 0.9469975233 -0.3128259480 -0.0359090678 0.3109632134 0.9497433305
-160.8 -581.1 1792.1 0.9993516207 0.0000000000 0.0360052511 0.0000000000 1.0000000000 0.0000000000 -0.0360052511 0.0000000000 0.9993516207
51.5 -192.8 1908.7 0.9722764492 0.0134590948 -0.2334466726 -0.0609521456 0.9784165025 -0.1974486709 0.2257505953 0.2062037736 0.9521117210
46.1 -582.8 1826.5 0.9740875959 0.0000000000 -0.2261711210 0.0000000000 1.0000000000 0.0000000000 0.2261711210 0.0000000000 0.9740875959
-151.1 -360.6 1742.2 0 0 0 0 0 0 0 0 0
27.5 348.1 1673.8 0 0 0 0 0 0 0 0 0
-160.8 -957.8 1792.1 0 0 0 0 0 0 0 0 0
46.1 -959.4 1826.5 0 0 0 0 0 0 0 0 0
-84.7 439.0 1817.5 6 0.9966648221 -0.0587508902 0.0566354580 0.0532836802 0.9941798449 0.0936335996 -0.0618068874 -0.0903035700 0.9939945340
-70.3 196.4 1839.5 0.9966648221 -0.0587508902 0.0566354580 0.0532836802 0.9941798449 0.0936335996 -0.0618068874 -0.0903035700 0.9939945340
-53.3 3.3 1863.9 0.9946976900 -0.0875303298 0.0539901815 0.0799438953 0.9883535504 0.1294847131 -0.0646952242 -0.1244819611 0.9901104569
-211.9 185.0 1848.6 0.0616743080 -0.8441689610 -0.5325176716 0.9980945587 0.0511608459 0.0344934911 -0.0018742795 -0.5336303711 0.8457157612
-227.6 -69.6 1849.1 -0.2304738462 -0.8318763375 -0.5048401356 0.9117630124 -0.0033637385 -0.4107029140 0.3399558663 -0.5549508929 0.7592493296
71.2 207.9 1830.4 0.7158332467 0.5239374042 0.4615976512 -0.0479397178 0.6963735223 -0.7160766125 -0.6966236830 0.4904625714 0.5236047506
232.4 197.1 1673.6 -0.7998911738 0.5239374042 0.2926836312 0.6001403332 0.6963735223 0.3935676813 0.0023876838 0.4904625714 -0.8714590073
-133.1 -186.8 1905.0 0.9980440140 0.0591947772 0.0201033112 -0.0519723482 0.9643689394 -0.2594058514 -0.0347424820 0.2578536570 0.9655591249
-155.9 -557.9 1805.8 0.9993946552 0.0000000000 0.0347894989 0.0000000000 1.0000000000 0.0000000000 -0.0347894989 0.0000000000 0.9993946552
43.5 -172.0 1893.0 0.9715051055 -0.0203836914 -0.2361405790 -0.0129468115 0.9902438521 -0.1387424320 0.2366648316 0.1378462464 0.9617630243
51.4 -559.5 1839.1 0.9715865254 0.0000000000 -0.2366846800 0.0000000000 1.0000000000 0.0000000000 0.2366846800 0.0000000000 0.9715865254
-162.7 -326.4 1753.4 0 0 0 0 0 0 0 0 0
27.5 350.8 1674.2 0 0 0 0 0 0 0 0 0
-155.9 -934.6 1805.8 0 0 0 0 0 0 0 0 0
51.4 -936.1 1839.1 0 0 0 0 0 0 0 0 0
-82.9 439.6 1817.9 7 0.9976481795 -0.0511579290 0.0456178896 0.0469289012 0.9948900938 0.0893944278 -0.0499580204 -0.0870433897 0.9949510694
-70.3 195.3 1839.3 0.9976481795 -0.0511579290 0.0456178896 0.0469289012 0.9948900938 0.0893944278 -0.0499580204 -0.0870433897 0.9949510694
-50.9 2.4 1865.8 0.9941657186 -0.0994464606 0.0417716876 0.0927284881 0.9858030081 0.1399782449 -0.0550989956 -0.1352881640 0.9892730713
-211.9 182.0 1847.1 0.0597282536 -0.8380923867 -0.5422487855 0.9982023835 0.0528421216 0.0282790978 0.0049530794 -0.5429630876 0.8397419453
-227.8 -83.8 1845.8 -0.2212889642 -0.8303135633 -0.5114788413 0.9062954783 0.0185617246 -0.4222368896 0.3600829542 -0.5569872856 0.7484018803
71.2 208.5 1831.4 0.7063837647 0.5333591700 0.4653492868 -0.0493365750 0.6929327250 -0.7193123102 -0.7061075568 0.4851517975 0.5157905221
229.1 197.5 1673.7 -0.7979186177 0.5333591700 0.2808094025 0.6025362611 0.6929327250 0.3959726691 0.0166136473 0.4851517975 -0.8742721081
-124.2 -199.6 1892.0 0.9949691296 0.0991594121 0.0142784556 -0.0929711089 0.9670202136 -0.2371250242 -0.0373207331 0.2346045971 0.9713742137
-162.7 -574.7 1801.0 0.9992972612 0.0000000000 0.0374830812 0.0000000000 1.0000000000 0.0000000000 -0.0374830812 0.0000000000 0.9992972612
53.7 -181.7 1881.3 0.9692575336 0.0263753645 -0.2446305901 -0.0485331304 0.9951986670 -0.0849950016 0.2412142605 0.0942547396 0.9658839107
43.4 -570.6 1844.5 0.9704011083 0.0000000000 -0.2414988428 0.0000000000 1.0000000000 0.0000000000 0.2414988428 0.0000000000 0.9704011083
-165.5 -339.1 1744.3 0 0 0 0 0 0 0 0 0
24.8 351.7 1677.9 0 0 0 0 0 0 0 0 0
-162.7 -951.4 1801.0 0 0 0 0 0 0 0 0 0
43.4 -947.2 1844.5 0 0 0 0 0 0 0 0 0
-83.7 443.1 1817.6 8 0.9983258843 -0.0505440570 0.0281194132 0.0483047031 0.9959898591 0.0753049627 -0.0318128690 -0.0738205984 0.9967640042
-70.9 191.5 1836.2 0.9983258843 -0.0505440570 0.0281194132 0.0483047031 0.9959898591 0.0753049627 -0.0318128690 -0.0738205984 0.9967640042
-51.5 -1.1 1865.1 0.9947987199 -0.0993579999 0.0224376619 0.0948949009 0.9840672016 0.1503552496 -0.0370191634 -0.1474439949 0.9883773923
-212.6 178.0 1841.5 0.0579865500 -0.8280158043 -0.5576983094 0.9981770515 0.0387213081 0.0462956205 -0.0167386997 -0.5593661666 0.8287516832
-228.0 -86.4 1845.9 -0.2217944860 -0.8247197866 -0.5202350020 0.9047650695 0.0248852279 -0.4251832962 0.3636032641 -0.5649937987 0.7406582832
70.8 205.1 1831.0 0.7005618215 0.5411768556 0.4651243985 -0.0289257281 0.6728080511 -0.7392514348 -0.7130051851 0.5044372678 0.4869975746
226.2 198.7 1672.8 -0.7931905985 0.5411768556 0.2792423666 0.6076235771 0.6728080511 0.4220461547 0.0405251011 0.5044372678 -0.8624967933
-120.4 -200.1 1896.2 0.9942847490 0.1066589281 -0.0046611256 -0.1047422439 0.9661063552 -0.2359396517 -0.0206619278 0.2350794226 0.9717565179
