-49.2 447.7 1866.1 5 0.9802262187 -0.0098648611 -0.1976340413 0.0053020120 0.9997073412 -0.0236032344 0.1978090405 0.0220886506 0.9799916744
-46.8 204.0 1860.7 0.9802262187 -0.0098648611 -0.1976340413 0.0053020120 0.9997073412 -0.0236032344 0.1978090405 0.0220886506 0.9799916744
-44.2 8.9 1875.2 0.9799437523 -0.0142657999 -0.1987628639 0.0286757536 0.9971480966 0.0698093697 0.1972001344 -0.0741089284 0.9775581956
-186.2 199.7 1832.6 0.1728520393 -0.5902412534 -0.7885032892 0.9793050885 0.0174203478 0.2016385645 -0.1052793935 -0.8070389032 0.5810373425
-230.0 -48.4 1859.3 -0.0135142533 -0.6080527902 -0.7937815785 0.9530307651 0.2323869318 -0.1942386031 0.3025718033 -0.7591232657 0.5763524771
92.7 208.2 1888.8 0.2959833145 0.9085634947 0.2947986126 -0.2758899927 0.3767895401 -0.8842592239 -0.9144827127 0.1803939939 0.3621869981
159.3 146.0 1682.8 -0.3953134418 0.9085634947 0.1350541860 0.9150840640 0.3767895401 0.1437038332 0.0796770528 0.1803939939 -0.9803619385
-124.1 -179.0 1865.0 0.9654704332 0.1026007980 -0.2394576520 -0.1233532801 0.9896511436 -0.0733112320 0.2294577658 0.1003177091 0.9681350589
-164.2 -566.0 1825.8 0.9729006290 0.0000000064 -0.2312236577 -0.0000000164 1.0000000000 -0.0000000414 0.2312236577 0.0000000441 0.9729006290
53.7 -172.3 1894.4 0.8732550144 0.0269772485 -0.4865160584 -0.0791377351 0.9930617213 -0.0869803876 0.4807939827 0.1144578457 0.8693311214
43.2 -560.9 1849.6 0.8760024309 0.0000000000 -0.4823066294 0.0000000000 1.0000000000 0.0000000000 0.4823066294 0.0000000000 0.8760024309
-226.2 -316.9 1774.0 0 0 0 0 0 0 0 0 0
59.2 377.8 1703.0 0 0 0 0 0 0 0 0 0
-164.2 -942.7 1825.8 0 0 0 0 0 0 0 0 0
43.2 -937.6 1849.6 0 0 0 0 0 0 0 0 0
-49.9 448.0 1869.7 6 0.9811306000 -0.0086823730 -0.1931511164 -0.0008335583 0.9987919927 -0.0491310358 0.1933443695 0.0483649634 0.9799381495
-47.8 200.4 1857.7 0.9811306000 -0.0086823730 -0.1931511164 -0.0008335583 0.9987919927 -0.0491310358 0.1933443695 0.0483649634 0.9799381495
-44.7 5.7 1876.8 0.9806864858 -0.0161532015 -0.1949181706 0.0348216817 0.9950819016 0.0927332416 0.1924616098 -0.0977296159 0.9764258265
-187.4 195.4 1830.3 0.1635532379 -0.5900342464 -0.7906389236 0.9816646576 0.0178038105 0.1897826791 -0.0979019031 -0.8071818948 0.5821276903
-229.6 -57.6 1855.5 -0.0161044151 -0.6075775623 -0.7940970659 0.9543919563 0.2274582088 -0.1933874637 0.2981217802 -0.7609942555 0.5762040615
91.9 205.4 1885.1 0.3022443950 0.9036376476 0.3034589589 -0.2665042281 0.3857582211 -0.8832701445 -0.9152179360 0.1860903502 0.3574165106
159.5 145.8 1680.4 -0.4058986604 0.9036376476 0.1366941929 0.9099913239 0.3857582211 0.1520079374 0.0846291929 0.1860903502 -0.9788811207
-129.9 -189.0 1871.8 0.9670343399 0.0851081386 -0.2400023788 -0.1116560474 0.9887773991 -0.0992583260 0.2288612425 0.1227839291 0.9656845331
-163.2 -575.9 1823.7 0.9731193781 0.0000000032 -0.2303013355 -0.0000000082 1.0000000000 -0.0000000207 0.2303013355 0.0000000220 0.9731193781
46.9 -183.5 1907.4 0.8751752973 -0.0041468269 -0.4837881625 -0.0793493316 0.9851920009 -0.1519880146 0.4772545099 0.1714044213 0.8618866801
48.5 -568.5 1840.5 0.8779435754 0.0000000000 -0.4787641168 0.0000000000 1.0000000000 0.0000000000 0.4787641168 0.0000000000 0.8779435754
-225.0 -326.4 1771.5 0 0 0 0 0 0 0 0 0
56.9 375.9 1701.8 0 0 0 0 0 0 0 0 0
-163.2 -952.5 1823.7 0 0 0 0 0 0 0 0 0
48.5 -945.2 1840.5 0 0 0 0 0 0 0 0 0
-51.4 449.8 1871.0 7 0.9828186631 0.0121388305 -0.1841741651 -0.0242869742 0.9976640344 -0.0638483539 0.1829688996 0.0672243834 0.9808176756
-54.5 196.1 1853.9 0.9828186631 0.0121388305 -0.1841741651 -0.0242869742 0.9976640344 -0.0638483539 0.1829688996 0.0672243834 0.9808176756
-48.6 1.6 1875.3 0.9821605682 -0.0298972912 -0.1856523454 0.0495052785 0.9935624599 0.1018963978 0.1814107746 -0.1092693955 0.9773179293
-194.4 189.1 1828.0 0.1405784190 -0.5982324481 -0.7888951898 0.9850698113 0.0045371843 0.1720954329 -0.0993737131 -0.8013097644 0.5899385810
-230.2 -61.8 1853.4 -0.0265084244 -0.6193516254 -0.7846661210 0.9533858299 0.2203628868 -0.2061448395 0.3005874157 -0.7535541058 0.5846395493
85.5 203.2 1879.7 0.3301721513 0.8992543221 0.2869286835 -0.2679502964 0.3807614148 -0.8849990964 -0.9050906301 0.2153194249 0.3666722476
158.1 144.3 1680.6 -0.4050119817 0.8992543221 0.1652483046 0.9107152820 0.3807614148 0.1600576639 0.0810123682 0.2153194249 -0.9731775522
-130.1 -192.3 1878.5 0.9693753719 0.0833853409 -0.2309940904 -0.1142157093 0.9857536554 -0.1234685034 0.2174078077 0.1460704803 0.9650892615
-162.8 -578.1 1821.3 0.9757607579 0.0000000016 -0.2188399136 -0.0000000040 1.0000000000 -0.0000000104 0.2188399136 0.0000000110 0.9757607579
47.0 -185.9 1913.3 0.8813623786 -0.0045534158 -0.4724189043 -0.0829394609 0.9829325676 -0.1642089635 0.4651036561 0.1839097738 0.8659421206
48.8 -570.4 1841.4 0.8844095469 0.0000000000 -0.4667116702 0.0000000000 1.0000000000 0.0000000000 0.4667116702 0.0000000000 0.8844095469
-222.7 -330.4 1768.7 0 0 0 0 0 0 0 0 0
55.5 375.0 1701.2 0 0 0 0 0 0 0 0 0
-162.8 -954.8 1821.3 0 0 0 0 0 0 0 0 0
48.8 -947.1 1841.4 0 0 0 0 0 0 0 0 0
-51.5 449.5 1866.6 8 0.9869721532 0.0292598195 -0.1582082808 -0.0372809470 0.9981527328 -0.0479714870 0.1565123945 0.0532446764 0.9862397909
-59.2 188.2 1852.7 0.9869721532 0.0292598195 -0.1582082808 -0.0372809470 0.9981527328 -0.0479714870 0.1565123945 0.0532446764 0.9862397909
-46.3 -6.1 1871.8 0.9848021865 -0.0659173951 -0.1606846005 0.0805844739 0.9929842949 0.0865348950 0.1538531333 -0.0981684402 0.9832050800
-199.4 176.7 1830.8 0.1262739748 -0.6182120442 -0.7758020163 0.9887263179 0.0149958236 0.1489810497 -0.0804680958 -0.7858682871 0.6131361127
-230.9 -69.6 1850.8 -0.0516889542 -0.6404946446 -0.7662211657 0.9505379796 0.2037515044 -0.2344415486 0.3062772751 -0.7404403687 0.5982828140
81.0 199.8 1874.6 0.3496803641 0.9010255337 0.2566643953 -0.2571486235 0.3557449877 -0.8985099196 -0.9008874893 0.2481903881 0.3560945392
156.6 144.2 1679.8 -0.3866375387 0.9010255337 0.1966326088 0.9180472493 0.3557449877 0.1750279218 0.0877535641 0.2481903881 -0.9647283554
-131.5 -197.4 1880.2 0.9764816761 0.0838423297 -0.1986302584 -0.1123051494 0.9842323065 -0.1366538405 0.1840409487 0.1557471752 0.9705007672
-164.3 -582.7 1819.2 0.9826984406 0.0000000008 -0.1852126420 -0.0000000018 1.0000000000 -0.0000000053 0.1852126420 0.0000000055 0.9826984406
45.9 -188.4 1913.0 0.8970115185 -0.0066894926 -0.4419565499 -0.0756223947 0.9828201532 -0.1683620811 0.4354900718 0.1844445318 0.8810951114
48.6 -573.1 1840.8 0.8995874524 0.0000000000 -0.4367406666 0.0000000000 1.0000000000 0.0000000000 0.4367406666 0.0000000000 0.8995874524
-216.3 -337.3 1764.5 0 0 0 0 0 0 0 0 0
58.2 377.7 1702.2 0 0 0 0 0 0 0 0 0
-164.3 -959.4 1819.2 0 0 0 0 0 0 0 0 0
48.6 -949.8 1840.8 0 0 0 0 0 0 0 0 0
-51.5 448.8 1864.5 9 0.9881040454 0.0384911150 -0.1488918364 -0.0461943224 0.9977481365 -0.0486283079 0.1466847956 0.0549277887 0.9876570702
-61.6 186.7 1850.0 0.9881040454 0.0384911150 -0.1488918364 -0.0461943224 0.9977481365 -0.0486283079 0.1466847956 0.0549277887 0.9876570702
-46.5 -7.0 1873.6 0.9853875041 -0.0770104602 -0.1519236863 0.0939700529 0.9897211194 0.1078043878 0.1420600116 -0.1205053777 0.9824954867
-201.9 173.3 1829.8 0.1091820449 -0.6226058602 -0.7748814225 0.9921495914 0.0204358827 0.1233755425 -0.0609789491 -0.7822687030 0.6199493408
-230.3 -84.8 1845.7 -0.0956297740 -0.6465924382 -0.7568178177 0.9466855526 0.1758979261 -0.2699006200 0.3076383770 -0.7422789931 0.5952986479
78.8 200.1 1870.3 0.3537421227 0.9016474485 0.2487938851 -0.2657939494 0.3519272208 -0.8974969387 -0.8967831731 0.2513545752 0.3641439378
154.5 143.2 1678.3 -0.3811129034 0.9016474485 0.2044133991 0.9213017821 0.3519272208 0.1653792113 0.0771751031 0.2513545752 -0.9648134112
-122.4 -207.7 1877.0 0.9750592709 0.1173707619 -0.1883707196 -0.1419452131 0.9822363853 -0.1227322221 0.1706193984 0.1464095116 0.9743989110
-168.3 -592.1 1819.7 0.9850332141 0.0000000004 -0.1723646820 -0.0000000009 1.0000000000 -0.0000000026 0.1723646820 0.0000000028 0.9850332141
55.4 -193.1 1904.8 0.9017891288 0.0255911052 -0.4314180017 -0.0878483504 0.9882590771 -0.1250064671 0.4231537282 0.1506288350 0.8934494257
45.4 -579.6 1845.9 0.9052890539 0.0000000000 -0.4247960448 0.0000000000 1.0000000000 0.0000000000 0.4247960448 0.0000000000 0.9052890539
-203.4 -351.2 1759.1 0 0 0 0 0 0 0 0 0
57.6 377.5 1698.0 0 0 0 0 0 0 0 0 0
-168.3 -968.8 1819.7 0 0 0 0 0 0 0 0 0
45.4 -956.3 1845.9 0 0 0 0 0 0 0 0 0
-51.8 450.8 1863.4 0 0.9894109964 0.0414763018 -0.1390882730 -0.0489914902 0.9974937439 -0.0510493629 0.1366223544 0.0573229417 0.9889633060
-62.8 185.6 1848.1 0.9894109964 0.0414763018 -0.1390882730 -0.0489914902 0.9974937439 -0.0510493629 0.1366223544 0.0573229417 0.9889633060
-45.6 -7.4 1875.8 0.9857720733 -0.0878874138 -0.1432800293 0.1065285876 0.9860236645 0.1280977279 0.1300193220 -0.1415385753 0.9813570976
-203.2 170.4 1829.6 0.0989424214 -0.6278550029 -0.7720158696 0.9938285351 0.0232470371 0.1084641367 -0.0501526706 -0.7779830694 0.6262803674
-229.2 -89.9 1842.8 -0.1421755552 -0.6518033147 -0.7449420094 0.9401904345 0.1464372575 -0.3075680733 0.3095611632 -0.7441159487 0.5919994116
77.6 200.8 1866.6 0.3599508405 0.8989495039 0.2496500760 -0.2773652077 0.3585959077 -0.8913346529 -0.8907883763 0.2515924275 0.3784142137
154.3 141.7 1677.0 -0.3883005381 0.8989495039 0.2027621120 0.9181615710 0.3585959077 0.1684881747 0.0787526891 0.2515924275 -0.9646238685
-120.4 -209.2 1884.2 0.9746026397 0.1300268173 -0.1823258251 -0.1569817215 0.9773181081 -0.1421479285 0.1597072929 0.1671595722 0.9729086757
-171.3 -591.8 1818.8 0.9868379235 0.0000000002 -0.1617122889 -0.0000000004 1.0000000000 -0.0000000013 0.1617122889 0.0000000014 0.9868379235
57.6 -192.2 1909.9 0.9058737755 0.0343309715 -0.4221540689 -0.1026750654 0.9847796559 -0.1402384043 0.4109142125 0.1703829914 0.8956110477
44.2 -577.6 1843.2 0.9106867909 0.0000000000 -0.4130974710 0.0000000000 1.0000000000 0.0000000000 0.4130974710 0.0000000000 0.9106867909
-189.2 -354.4 1755.7 0 0 0 0 0 0 0 0 0
55.8 374.6 1696.9 0 0 0 0 0 0 0 0 0
-171.3 -968.4 1818.8 0 0 0 0 0 0 0 0 0
44.2 -954.3 1843.2 0 0 0 0 0 0 0 0 0
-51.6 450.6 1863.8 1 0.9902650714 0.0400781631 -0.1332997382 -0.0482462272 0.9971138239 -0.0586202405 0.1305656284 0.0644807890 0.9893406034
-62.5 179.4 1846.3 0.9902650714 0.0400781631 -0.1332997382 -0.0482462272 0.9971138239 -0.0586202405 0.1305656284 0.0644807890 0.9893406034
-42.9 -13.3 1874.5 0.9852027893 -0.1002523080 -0.1390140504 0.1184585467 0.9844707251 0.1295569241 0.1238668859 -0.1441072524 0.9817790389
-202.9 162.6 1828.6 0.0939709395 -0.6313287616 -0.7698009014 0.9947340488 0.0277671255 0.0986565575 -0.0409095660 -0.7750180364 0.6306135654
-227.2 -94.9 1839.2 -0.1822043210 -0.6527120471 -0.7353696823 0.9330099225 0.1212603524 -0.3388044536 0.3103129566 -0.7478387952 0.5868926644
77.9 196.3 1863.9 0.3754798174 0.8893723488 0.2608290017 -0.2563490868 0.3700973690 -0.8929238915 -0.8906739354 0.2684116066 0.3669538498
157.0 142.3 1676.2 -0.4038184583 0.8893723488 0.2143537253 0.9111878872 0.3700973690 0.1810097992 0.0816533491 0.2684116066 -0.9598374367
-117.4 -210.0 1891.7 0.9738674760 0.1406999975 -0.1782852411 -0.1707411706 0.9711968899 -0.1662048846 0.1497650445 0.1923021525 0.9698403478
-172.5 -590.2 1816.4 0.9883809686 0.0000000001 -0.1519969702 -0.0000000002 1.0000000000 -0.0000000007 0.1519969702 0.0000000007 0.9883809686
60.7 -190.8 1915.2 0.9081863761 0.0489365757 -0.4156954587 -0.1237557679 0.9801338911 -0.1549906433 0.3998524845 0.1922051013 0.8962004185
41.6 -574.4 1840.0 0.9152219296 0.0000000000 -0.4029500782 0.0000000000 1.0000000000 0.0000000000 0.4029500782 0.0000000000 0.9152219296
-175.9 -357.4 1752.0 0 0 0 0 0 0 0 0 0
55.0 372.4 1696.8 0 0 0 0 0 0 0 0 0
-172.5 -966.8 1816.4 0 0 0 0 0 0 0 0 0
41.6 -951.1 1840.0 0 0 0 0 0 0 0 0 0
-51.4 452.4 1863.0 2 0.9900992513 0.0401654616 -0.1344998181 -0.0492146350 0.9966940284 -0.0646446943 0.1314586848 0.0706240162 0.9888027310
-62.4 179.8 1843.7 0.9900992513 0.0401654616 -0.1344998181 -0.0492146350 0.9966940284 -0.0646446943 0.1314586848 0.0706240162 0.9888027310
-46.5 -12.8 1875.1 0.9869650602 -0.0812548995 -0.1389157027 0.1018437445 0.9837012291 0.1481882334 0.1246105283 -0.1604043096 0.9791540504
-203.0 165.3 1826.0 0.0783185363 -0.6287772655 -0.7736312747 0.9965270162 0.0273592435 0.0786468536 -0.0282853898 -0.7771040201 0.6287362576
-224.2 -104.2 1833.6 -0.1964737773 -0.6490990520 -0.7348935008 0.9310136437 0.1116217300 -0.3474970460 0.3075900972 -0.7524699569 0.5823893547
78.2 194.3 1861.5 0.3633085787 0.8966164589 0.2531517148 -0.2482848465 0.3550693691 -0.9012659788 -0.8979763389 0.2645839155 0.3516160250
154.5 142.2 1673.0 -0.3935973346 0.8966164589 0.2028793842 0.9128196836 0.3550693691 0.2017077655 0.1088182479 0.2645839155 -0.9582034945
-112.2 -216.8 1891.5 0.9687349200 0.1634584069 -0.1866388172 -0.1948225498 0.9669736028 -0.1643358022 0.1536127329 0.1955592781 0.9685864449
-176.2 -595.3 1814.9 0.9876599312 0.0000000000 -0.1566136926 -0.0000000001 1.0000000000 -0.0000000003 0.1566136926 0.0000000003 0.9876599312
65.8 -195.3 1913.9 0.9046490192 0.0717423633 -0.4200751781 -0.1351986378 0.9831225276 -0.1232536286 0.4041428566 0.1682948619 0.8990802765
37.7 -580.1 1848.0 0.9130319953 0.0000000000 -0.4078878760 0.0000000000 1.0000000000 0.0000000000 0.4078878760 0.0000000000 0.9130319953
-168.9 -366.3 1747.0 0 0 0 0 0 0 0 0 0
54.7 373.5 1700.6 0 0 0 0 0 0 0 0 0
-176.2 -972.0 1814.9 0 0 0 0 0 0 0 0 0
37.7 -956.8 1848.0 0 0 0 0 0 0 0 0 0
-51.0 451.8 1863.7 3 0.9904002547 0.0396319143 -0.1324262023 -0.0497277044 0.9960309863 -0.0738201216 0.1289749593 0.0796967149 0.9884401560
-61.8 180.0 1841.9 0.9904002547 0.0396319143 -0.1324262023 -0.0497277044 0.9960309863 -0.0738201216 0.1289749593 0.0796967149 0.9884401560
-46.2 -11.9 1877.2 0.9873413444 -0.0794042274 -0.1373026073 0.1022770777 0.9803804159 0.1685039699 0.1212288588 -0.1804138422 0.9760913849
-202.5 165.4 1824.6 0.0749753341 -0.6287060976 -0.7740202546 0.9968177080 0.0261773691 0.0752937272 -0.0270758141 -0.7772022486 0.6286680698
-222.7 -103.7 1831.9 -0.1960669756 -0.6474907994 -0.7364193201 0.9341219664 0.1051154435 -0.3411259651 0.2982849479 -0.7547889948 0.5842257142
78.9 194.6 1859.2 0.3601934910 0.8977432251 0.2536095381 -0.2559391856 0.3565245867 -0.8985462189 -0.8970817924 0.2587418854 0.3581855297
153.8 141.4 1672.7 -0.3926337659 0.8977432251 0.1997395456 0.9139075875 0.3565245867 0.1940698922 0.1030128673 0.2587418854 -0.9604378939
-119.8 -214.6 1895.2 0.9724802971 0.1344882101 -0.1902497709 -0.1681411713 0.9703724384 -0.1735104769 0.1612780243 0.2007243484 0.9662810564
-172.4 -594.4 1816.7 0.9865255356 0.0000000000 -0.1636073142 -0.0000000001 1.0000000000 -0.0000000002 0.1636073142 0.0000000002 0.9865255356
58.6 -196.2 1917.8 0.9054656625 0.0438355803 -0.4221497476 -0.1193745434 0.9808017612 -0.1542000920 0.4072857797 0.1900168210 0.8933151364
41.5 -579.9 1843.4 0.9119870067 0.0000000000 -0.4102191329 0.0000000000 1.0000000000 0.0000000000 0.4102191329 0.0000000000 0.9119870067
-167.5 -366.8 1748.0 0 0 0 0 0 0 0 0 0
54.2 373.3 1698.8 0 0 0 0 0 0 0 0 0
-172.4 -971.1 1816.7 0 0 0 0 0 0 0 0 0
41.5 -956.6 1843.4 0 0 0 0 0 0 0 0 0
-52.6 451.7 1859.0 4 0.9917575121 0.0388750769 -0.1220892072 -0.0469931774 0.9968214035 -0.0643326864 0.1192001998 0.0695397854 0.9904319644
-63.1 183.1 1840.2 0.9917575121 0.0388750769 -0.1220892072 -0.0469931774 0.9968214035 -0.0643326864 0.1192001998 0.0695397854 0.9904319644
-47.6 -8.2 1878.8 0.9887319207 -0.0789681971 -0.1271738112 0.1019765213 0.9772401452 0.1860174686 0.1095898896 -0.1968901604 0.9742814302
-204.0 168.6 1824.6 0.0590557195 -0.6359636784 -0.7694560885 0.9979920983 0.0199349467 0.0601194017 -0.0228946898 -0.7714614868 0.6358640194
-220.0 -102.9 1830.8 -0.1872447729 -0.6557974219 -0.7313475013 0.9363715053 0.1058652028 -0.3346655369 0.2968970239 -0.7474772930 0.5942472816
77.8 197.7 1855.9 0.3651171327 0.8972983360 0.2480830550 -0.2841379941 0.3611730039 -0.8881552219 -0.8865410686 0.2537908554 0.3868270218
153.6 138.7 1672.0 -0.3924634457 0.8972983360 0.2020598054 0.9159107208 0.3611730039 0.1751044989 0.0841424316 0.2537908554 -0.9635923505
-119.9 -213.1 1901.6 0.9736663699 0.1300172657 -0.1872681081 -0.1675791889 0.9651000500 -0.2012438327 0.1545673013 0.2273265868 0.9614736438
-170.8 -590.9 1812.6 0.9876328707 0.0000000000 -0.1567844450 -0.0000000000 1.0000000000 -0.0000000001 0.1567844450 0.0000000001 0.9876328707
58.6 -194.6 1923.5 0.9085355401 0.0430446900 -0.4155842960 -0.1289102882 0.9750297070 -0.1808290929 0.3974232972 0.2178627551 0.8913980722
41.7 -576.2 1838.3 0.9161798954 0.0000000000 -0.4007672071 0.0000000000 1.0000000000 0.0000000000 0.4007672071 0.0000000000 0.9161798954
-167.3 -366.6 1747.2 0 0 0 0 0 0 0 0 0
53.7 371.7 1693.4 0 0 0 0 0 0 0 0 0
-170.8 -967.5 1812.6 0 0 0 0 0 0 0 0 0
41.7 -952.9 1838.3 0 0 0 0 0 0 0 0 0
-53.0 454.9 1860.1 5 0.9991518855 0.0267544389 -0.0313007981 -0.0275571030 0.9992949367 -0.0254995152 0.0305965040 0.0263404474 0.9991846681
-59.2 221.7 1854.0 0.9991518855 0.0267544389 -0.0313007981 -0.0275571030 0.9992949367 -0.0254995152 0.0305965040 0.0263404474 0.9991846681
-52.9 28.2 1876.0 0.9988190532 -0.0365863815 -0.0319672786 0.0398864336 0.9931789637 0.1095653176 0.0277406331 -0.1107109934 0.9934654236
-200.8 215.6 1850.4 0.0633904189 -0.7001412511 -0.7111848593 0.9962230325 0.0867654756 0.0033787449 0.0593406893 -0.7087129354 0.7029969096
-220.9 -100.3 1831.6 -0.1963897794 -0.6993705034 -0.6872495413 0.9326586127 0.0830799192 -0.3510635495 0.3026201427 -0.7099145055 0.6359578967
82.3 227.9 1857.6 0.3290980458 0.9045781493 0.2709849179 -0.4154577851 0.3964054286 -0.8186926246 -0.8479913473 0.1568473428 0.5062702894
154.4 136.8 1671.8 -0.4107699394 0.9045781493 0.1140456647 0.9088973999 0.3964054286 0.1294922680 0.0719275624 0.1568473428 -0.9850001931
-127.2 -193.4 1901.4 0.9890840054 0.1008663327 -0.1074189544 -0.1223894283 0.9683163166 -0.2176795602 0.0820589811 0.2284503132 0.9700911045
-168.0 -584.8 1809.1 0.9965761304 0.0000000000 -0.0826805606 -0.0000000000 1.0000000000 -0.0000000000 0.0826805606 0.0000000000 0.9965761304
52.0 -179.7 1915.8 0.9386179447 0.0257391147 -0.3439968824 -0.0931380391 0.9790861607 -0.1808743775 0.3321470320 0.2018111348 0.9213851690
41.7 -570.5 1835.2 0.9427157640 0.0000000000 -0.3335971236 0.0000000000 1.0000000000 0.0000000000 0.3335971236 0.0000000000 0.9427157640
-165.6 -363.0 1746.3 0 0 0 0 0 0 0 0 0
50.5 366.7 1690.0 0 0 0 0 0 0 0 0 0
-168.0 -961.4 1809.1 0 0 0 0 0 0 0 0 0
41.7 -947.2 1835.2 0 0 0 0 0 0 0 0 0
-52.3 454.6 1857.2 6 0.9956368208 -0.0024073799 -0.0932819173 0.0019124977 0.9999836087 -0.0053942660 0.0932933763 0.0051923287 0.9956251383
-51.7 217.2 1856.0 0.9956368208 -0.0024073799 -0.0932819173 0.0019124977 0.9999836087 -0.0053942660 0.0932933763 0.0051923287 0.9956251383
-47.1 22.5 1870.2 0.9952560663 -0.0240171663 -0.0942790136 0.0306885205 0.9970774651 0.0699621215 0.0923231840 -0.0725235119 0.9930844903
-192.9 212.7 1843.1 0.1336434186 -0.6587599516 -0.7403882742 0.9905821085 0.0663499087 0.1197697520 -0.0297748242 -0.7494217753 0.6614230275
-228.7 -52.7 1851.0 -0.1848200262 -0.6701393127 -0.7188566327 0.9294424057 0.1184912473 -0.3494232297 0.3193404675 -0.7327162623 0.6009563208
89.5 221.6 1868.9 0.2824404538 0.9093059301 0.3055980206 -0.3785847127 0.3983690441 -0.8354493976 -0.8814198971 0.1202699840 0.4567648470
153.0 136.5 1670.7 -0.4080297947 0.9093059301 0.0816973820 0.9103006124 0.3983690441 0.1124937460 0.0697455183 0.1202699840 -0.9902881980
-136.9 -166.5 1890.1 0.9845739603 0.0638142675 -0.1629165560 -0.0914601386 0.9814862013 -0.1682852507 0.1491613388 0.1805896461 0.9721822143
-161.9 -551.3 1819.3 0.9887179732 0.0000000000 -0.1497891545 -0.0000000000 1.0000000000 -0.0000000000 0.1497891545 0.0000000000 0.9887179732
40.8 -156.5 1894.6 0.9153192043 -0.0138710234 -0.4024901688 -0.0368745588 0.9923220277 -0.1180563346 0.4010374248 0.1229008734 0.9077799320
46.3 -547.0 1846.2 0.9159421325 0.0000000000 -0.4013103545 0.0000000000 1.0000000000 0.0000000000 0.4013103545 0.0000000000 0.9159421325
-176.6 -314.5 1761.1 0 0 0 0 0 0 0 0 0
50.1 366.0 1688.3 0 0 0 0 0 0 0 0 0
-161.9 -927.9 1819.3 0 0 0 0 0 0 0 0 0
46.3 -923.7 1846.2 0 0 0 0 0 0 0 0 0
-51.7 453.7 1855.7 7 0.9922257066 -0.0058936756 -0.1243119836 0.0056705484 0.9999816418 -0.0021486538 0.1243223622 0.0014270324 0.9922408462
-50.2 213.8 1855.4 0.9922257066 -0.0058936756 -0.1243119836 0.0056705484 0.9999816418 -0.0021486538 0.1243223622 0.0014270324 0.9922408462
-49.1 19.0 1871.6 0.9921556711 -0.0065782461 -0.1248351410 0.0168740768 0.9965224266 0.0815983564 0.1238642484 -0.0830647498 0.9888164401
-191.2 211.4 1837.9 0.1411580443 -0.6373543739 -0.7575313449 0.9879613519 0.0417660363 0.1489561200 -0.0632987544 -0.7694380879 0.6355771422
-228.9 -52.4 1854.8 -0.1356419623 -0.6623020172 -0.7368563414 0.9300143719 0.1712957770 -0.3251631260 0.3415765762 -0.7293927670 0.5927155018
90.7 216.3 1872.9 0.2774018645 0.9018600583 0.3312048912 -0.3411795795 0.4147365987 -0.8435579538 -0.8981339931 0.1210042238 0.4227449298
153.1 139.5 1670.9 -0.4253255427 0.9018600583 0.0758066550 0.9014769793 0.4147365987 0.1238257810 0.0802337304 0.1210042238 -0.9894041419
-132.5 -173.6 1873.5 0.9772579670 0.0853992179 -0.1940974742 -0.1114494279 0.9855559468 -0.1275087744 0.1804047823 0.1462410092 0.9726601243
-165.9 -559.4 1816.3 0.9833843708 0.0000000000 -0.1815357208 -0.0000000000 1.0000000000 -0.0000000000 0.1815357208 0.0000000000 0.9833843708
45.7 -166.8 1889.9 0.9013670683 0.0077912584 -0.4329857826 -0.0585079938 0.9928618670 -0.1039330512 0.4290853143 0.1190149635 0.8953888416
42.6 -556.6 1843.2 0.9029138088 0.0000000000 -0.4298216403 0.0000000000 1.0000000000 0.0000000000 0.4298216403 0.0000000000 0.9029138088
-190.8 -314.0 1758.7 0 0 0 0 0 0 0 0 0
45.9 366.7 1691.2 0 0 0 0 0 0 0 0 0
-165.9 -936.1 1816.3 0 0 0 0 0 0 0 0 0
42.6 -933.2 1843.2 0 0 0 0 0 0 0 0 0
-51.0 453.3 1854.5 8 0.9917962551 0.0089012934 -0.1275184751 -0.0088996626 0.9999602437 0.0005825610 0.1275185943 0.0005570897 0.9918360114
-53.2 211.5 1854.4 0.9917962551 0.0089012934 -0.1275184751 -0.0088996626 0.9999602437 0.0005825610 0.1275185943 0.0005570897 0.9918360114
-51.9 16.7 1872.6 0.9918254018 -0.0067800130 -0.1274219602 0.0185467992 0.9956427217 0.0913870484 0.1262471378 -0.0930032656 0.9876295328
-194.3 208.8 1836.4 0.1380125880 -0.6362555623 -0.7590331435 0.9873147011 0.0276401360 0.1563510895 -0.0784994811 -0.7709830403 0.6319991946
-230.8 -51.9 1857.2 -0.0966340154 -0.6623216867 -0.7429615259 0.9376612306 0.1897942275 -0.2911520898 0.3338461816 -0.7247813940 0.6026927829
88.0 214.2 1872.3 0.2916786075 0.8925858736 0.3438226581 -0.3287393451 0.4311022162 -0.8402864337 -0.8982505202 0.1320655346 0.4191713929
153.7 140.1 1669.9 -0.4435028136 0.8925858736 0.0812137946 0.8922384977 0.4311022162 0.1343925297 0.0849454254 0.1320655346 -0.9875945449
-137.5 -176.7 1875.4 0.9779128432 0.0685802773 -0.1974418014 -0.0953297988 0.9870087504 -0.1293287128 0.1860073954 0.1452942938 0.9717462659
-164.3 -563.2 1818.5 0.9823868871 0.0000000000 -0.1868583858 -0.0000000000 1.0000000000 -0.0000000000 0.1868583858 0.0000000000 0.9823868871
40.9 -173.0 1897.6 0.9002659321 -0.0128973685 -0.4351492524 -0.0488748066 0.9902474880 -0.1304653734 0.4325881004 0.1387213767 0.8908557296
46.0 -561.2 1843.2 0.9013431668 0.0000000000 -0.4331057072 0.0000000000 1.0000000000 0.0000000000 0.4331057072 0.0000000000 0.9013431668
-203.6 -315.6 1763.3 0 0 0 0 0 0 0 0 0
42.8 363.1 1691.1 0 0 0 0 0 0 0 0 0
-164.3 -939.9 1818.5 0 0 0 0 0 0 0 0 0
46.0 -937.8 1843.2 0 0 0 0 0 0 0 0 0
-51.8 452.9 1854.9 9 0.9971283078 0.0069067897 -0.0754153952 -0.0054107793 0.9997848868 0.0200232659 0.0755374730 -0.0195577089 0.9969511628
-53.3 232.9 1859.2 0.9971283078 0.0069067897 -0.0754153952 -0.0054107793 0.9997848868 0.0200232659 0.0755374730 -0.0195577089 0.9969511628
-53.3 37.6 1872.3 0.9971628785 -0.0007206239 -0.0752709061 0.0057543977 0.9977577925 0.0666799918 0.0750540867 -0.0669239536 0.9949311614
-195.1 231.9 1848.6 0.1295370758 -0.6736983657 -0.7275649309 0.9909696579 0.0623308420 0.1187181026 -0.0346304588 -0.7363731265 0.6756888032
-232.4 -53.4 1858.5 -0.0797669142 -0.6897711158 -0.7196200490 0.9413058758 0.1854198128 -0.2820686996 0.3279946446 -0.6998823285 0.6344952583
88.5 233.8 1869.8 0.2911360860 0.8875716925 0.3570102155 -0.4121145606 0.4531300962 -0.7904648781 -0.8633663058 0.0830037296 0.4977037311
155.8 138.6 1670.4 -0.4584982991 0.8875716925 0.0446744300 0.8864036798 0.4531300962 0.0946658850 0.0637794286 0.0830037296 -0.9945061803
-140.2 -179.5 1878.7 0.9873784781 0.0565401986 -0.1479424089 -0.0783928856 0.9861254692 -0.1463253200 0.1376165152 0.1560761034 0.9781114459
-162.4 -565.6 1817.6 0.9904264808 0.0000000000 -0.1380413324 -0.0000000000 1.0000000000 -0.0000000000 0.1380413324 0.0000000000 0.9904264808
38.6 -175.8 1901.4 0.9204713702 -0.0253630374 -0.3899860978 -0.0360116996 0.9881417155 -0.1492617726 0.3891472518 0.1514352411 0.9086428285
48.5 -563.0 1842.1 0.9210688472 0.0000000000 -0.3893998265 0.0000000000 1.0000000000 0.0000000000 0.3893998265 0.0000000000 0.9210688472
-210.0 -318.3 1766.2 0 0 0 0 0 0 0 0 0
41.6 359.4 1686.3 0 0 0 0 0 0 0 0 0
-162.4 -942.3 1817.6 0 0 0 0 0 0 0 0 0
48.5 -939.6 1842.1 0 0 0 0 0 0 0 0 0
-52.1 453.0 1854.1 0 0.9988075495 0.0083074830 -0.0481090434 -0.0066620144 0.9993906617 0.0342627950 0.0483643673 -0.0339014344 0.9982542396
-53.8 243.9 1861.2 0.9988075495 0.0083074830 -0.0481090434 -0.0066620144 0.9993906617 0.0342627950 0.0483643673 -0.0339014344 0.9982542396
-54.8 48.5 1872.1 0.9988386035 0.0044758487 -0.0479724109 -0.0018029438 0.9984505773 0.0556166321 0.0481470115 -0.0554655492 0.9972990751
-196.0 244.1 1854.4 0.1348167360 -0.6933811903 -0.7078467011 0.9903619885 0.0714079812 0.1186760068 -0.0317418054 -0.7170240283 0.6963253617
-233.7 -32.7 1863.2 -0.0674564019 -0.7056860924 -0.7053061724 0.9455128312 0.1804662049 -0.2709935009 0.3185202777 -0.6851562262 0.6550616622
88.3 243.8 1868.0 0.2961335778 0.8758292198 0.3810880780 -0.4488987327 0.4797931910 -0.7538490891 -0.8430864811 0.0521700643 0.5352414846
157.8 138.4 1670.1 -0.4820621014 0.8758292198 0.0232235137 0.8748900890 0.4797931910 0.0660745576 0.0467275418 0.0521700643 -0.9975444078
-143.3 -158.1 1878.4 0.9915614128 0.0457638763 -0.1212916747 -0.0621048063 0.9889559150 -0.1345704347 0.1137936562 0.1409676522 0.9834526777
-161.2 -545.3 1823.2 0.9934791923 0.0000000000 -0.1140137389 -0.0000000000 1.0000000000 -0.0000000000 0.1140137389 0.0000000000 0.9934791923
36.5 -156.8 1891.8 0.9295325279 -0.0311013907 -0.3674261272 -0.0113021787 0.9935653806 -0.1126947775 0.3685668409 0.1089061797 0.9231998324
48.6 -545.6 1849.2 0.9295918941 0.0000000000 -0.3685903847 0.0000000000 1.0000000000 0.0000000000 0.3685903847 0.0000000000 0.9295918941
-214.7 -298.9 1773.5 0 0 0 0 0 0 0 0 0
38.1 355.7 1681.7 0 0 0 0 0 0 0 0 0
-161.2 -922.0 1823.2 0 0 0 0 0 0 0 0 0
48.6 -922.3 1849.2 0 0 0 0 0 0 0 0 0
-51.7 453.6 1853.7 1 0.9931849837 -0.0196264517 -0.1148840338 0.0219501145 0.9995785952 0.0189960692 0.1144627929 -0.0213883277 0.9931972623
-47.3 229.3 1858.5 0.9931849837 -0.0196264517 -0.1148840338 0.0219501145 0.9995785952 0.0189960692 0.1144627929 -0.0213883277 0.9931972623
-44.1 33.9 1870.8 0.9931422472 -0.0172063764 -0.1156393886 0.0242705122 0.9979056716 0.0599599406 0.1143655106 -0.0623553731 0.9914798737
-188.4 225.7 1842.3 0.1828284413 -0.6459604502 -0.7411537766 0.9786748886 0.0477738567 0.1997825503 -0.0936438516 -0.7618744969 0.6409196854
-234.4 -20.6 1865.8 -0.0537480488 -0.6626565456 -0.7469922900 0.9487378001 0.1994442046 -0.2451910377 0.3114607334 -0.7218783498 0.6179675460
93.8 232.8 1874.7 0.2667960823 0.8761882782 0.4013899863 -0.3956835270 0.4793501198 -0.7833632827 -0.8787800670 0.0501748472 0.4745819867
155.6 141.0 1670.9 -0.4815160632 0.8761882782 0.0208885446 0.8751205206 0.4793501198 0.0662383959 0.0480243824 0.0501748472 -0.9975851774
-143.8 -149.7 1877.7 0.9824693203 0.0343119837 -0.1832394600 -0.0609340779 0.9880328774 -0.1416970491 0.1761846989 0.1503785402 0.9728027582
-157.1 -533.7 1819.3 0.9842983484 0.0000000000 -0.1765127033 -0.0000000000 1.0000000000 -0.0000000000 0.1765127033 0.0000000000 0.9842983484
34.3 -146.9 1887.1 0.9039809108 -0.0417959765 -0.4255251586 -0.0050897812 0.9940884113 -0.1084541306 0.4275425673 0.1002062932 0.8984242082
50.6 -536.2 1847.9 0.9039925933 0.0000000000 -0.4275481105 0.0000000000 1.0000000000 0.0000000000 0.4275481105 0.0000000000 0.9039925933
-219.3 -287.8 1778.1 0 0 0 0 0 0 0 0 0
34.9 360.4 1682.9 0 0 0 0 0 0 0 0 0
-157.1 -910.4 1819.3 0 0 0 0 0 0 0 0 0
50.6 -912.8 1847.9 0 0 0 0 0 0 0 0 0
-51.6 454.8 1853.5 2 0.9949226975 -0.0181647204 -0.0989892334 0.0217806567 0.9991297722 0.0355711095 0.0982569456 -0.0375465564 0.9944525361
-47.8 243.5 1861.4 0.9949226975 -0.0181647204 -0.0989892334 0.0217806567 0.9991297722 0.0355711095 0.0982569456 -0.0375465564 0.9944525361
-44.7 48.1 1872.6 0.9949299693 -0.0158369914 -0.0993154794 0.0213540606 0.9982724786 0.0547363050 0.0982770547 -0.0565795787 0.9935494065
-189.3 240.5 1847.5 0.1548051983 -0.6565235257 -0.7382494211 0.9865545034 0.0630955622 0.1507621109 -0.0523986183 -0.7516620159 0.6574637890
-232.5 -34.7 1862.1 -0.0205147564 -0.6683797240 -0.7435373068 0.9504562020 0.2176903635 -0.2219097912 0.3101809025 -0.7112520337 0.6307997704
93.8 246.6 1875.4 0.2700108588 0.8685080409 0.4156776369 -0.4438116252 0.4953783751 -0.7467473149 -0.8544737697 0.0171473119 0.5192115307
158.5 140.2 1670.5 -0.4956704974 0.8685080409 -0.0021258027 0.8678318858 0.4953783751 0.0383160822 0.0343309045 0.0171473119 -0.9992634058
-129.2 -165.1 1872.5 0.9819402695 0.0897210389 -0.1665635854 -0.1119692847 0.9852537513 -0.1293749958 0.1524997354 0.1456885189 0.9775063396
-164.1 -548.9 1815.7 0.9881541133 0.0000000000 -0.1534647793 -0.0000000000 1.0000000000 -0.0000000000 0.1534647793 0.0000000000 0.9881541133
48.7 -159.1 1893.4 0.9114229679 0.0183047634 -0.4110634029 -0.0713160336 0.9909179807 -0.1139983460 0.4052433968 0.1332161129 0.9044507742
41.5 -546.3 1841.4 0.9137495756 0.0000000000 -0.4062778652 0.0000000000 1.0000000000 0.0000000000 0.4062778652 0.0000000000 0.9137495756
-226.7 -302.2 1774.7 0 0 0 0 0 0 0 0 0
34.9 356.6 1679.0 0 0 0 0 0 0 0 0 0
-164.1 -925.6 1815.7 0 0 0 0 0 0 0 0 0
41.5 -923.0 1841.4 0 0 0 0 0 0 0 0 0
-51.7 455.4 1849.4 3 0.9950850606 -0.0127700074 -0.0981971994 0.0180709232 0.9984158874 0.0532838814 0.0973612070 -0.0547965057 0.9937394857
-49.0 250.9 1860.6 0.9950850606 -0.0127700074 -0.0981971994 0.0180709232 0.9984158874 0.0532838814 0.0973612070 -0.0547965057 0.9937394857
-46.9 55.4 1872.2 0.9951030016 -0.0108071379 -0.0982505381 0.0165475998 0.9981909990 0.0578010008 0.0974481404 -0.0591437593 0.9934816957
-190.7 248.5 1846.7 0.1382849813 -0.6602111459 -0.7382401228 0.9881489277 0.0418298617 0.1476885527 -0.0666251481 -0.7499142885 0.6581714153
-228.5 -21.1 1864.9 0.0011934944 -0.6719106436 -0.7406312823 0.9532378912 0.2245973796 -0.2022216469 0.3022187054 -0.7057564259 0.6407586932
92.7 253.3 1874.5 0.2793644965 0.8637592196 0.4193750918 -0.4673354030 0.5038567185 -0.7264475226 -0.8387807012 0.0069548092 0.5444249511
160.4 140.0 1671.1 -0.5038835406 0.8637592196 -0.0046232962 0.8635139465 0.5038567185 0.0217254367 0.0210950263 0.0069548092 -0.9997532964
-130.9 -150.1 1874.6 0.9829183221 0.0802249685 -0.1656367481 -0.1003413573 0.9880638719 -0.1168820783 0.1542828232 0.1315057576 0.9792359471
-162.3 -536.0 1823.3 0.9879041910 0.0000000000 -0.1550654173 -0.0000000000 1.0000000000 -0.0000000000 0.1550654173 0.0000000000 0.9879041910
48.1 -145.4 1892.6 0.9116107821 0.0139689120 -0.4108169973 -0.0620705746 0.9926402569 -0.1039832830 0.4063409865 0.1202919334 0.9057686329
42.6 -533.7 1845.5 0.9133719802 0.0000000000 -0.4071260095 0.0000000000 1.0000000000 0.0000000000 0.4071260095 0.0000000000 0.9133719802
-228.8 -289.5 1779.8 0 0 0 0 0 0 0 0 0
35.3 354.3 1676.3 0 0 0 0 0 0 0 0 0
-162.3 -912.7 1823.3 0 0 0 0 0 0 0 0 0
42.6 -910.4 1845.5 0 0 0 0 0 0 0 0 0
-52.8 454.5 1847.8 4 0.9842002988 -0.0346233547 -0.1736405790 0.0405567065 0.9987043142 0.0307383575 0.1723513305 -0.0372949876 0.9843292832
-45.0 231.2 1856.2 0.9842002988 -0.0346233547 -0.1736405790 0.0405567065 0.9987043142 0.0307383575 0.1723513305 -0.0372949876 0.9843292832
-44.2 35.9 1870.8 0.9846507311 -0.0046586827 -0.1744742393 0.0176699683 0.9971684217 0.0730953515 0.1736396700 -0.0750563443 0.9819449186
-184.9 228.6 1831.5 0.1775219142 -0.6063165665 -0.7751556039 0.9737609625 -0.0057468521 0.2275005579 -0.1423920691 -0.7952026129 0.5893872380
-229.4 -15.7 1867.2 0.0123243723 -0.6238908172 -0.7814143300 0.9522240162 0.2458089739 -0.1812385470 0.3051517308 -0.7418478131 0.5971132517
94.8 233.8 1880.8 0.2775539756 0.8622863293 0.4235871136 -0.3741553426 0.5031193495 -0.7790241838 -0.8848568201 0.0577338859 0.4622718096
160.8 144.9 1670.5 -0.5048944950 0.8622863293 0.0392912515 0.8629273176 0.5031193495 0.0471947901 0.0209272336 0.0577338859 -0.9981126189
-134.5 -141.9 1874.9 0.9680898190 0.0644246563 -0.2421809733 -0.0961117670 0.9879414439 -0.1213845834 0.2314404547 0.1407876164 0.9626079798
-159.7 -528.3 1819.9 0.9725923538 0.0000000000 -0.2325168848 -0.0000000000 1.0000000000 -0.0000000000 0.2325168848 0.0000000000 0.9725923538
45.0 -138.5 1892.6 0.8774446249 -0.0001376909 -0.4796779156 -0.0632337555 0.9912397265 -0.1159540564 0.4754917622 0.1320751011 0.8697492480
45.1 -526.5 1840.9 0.8792041540 0.0000000000 -0.4764452577 0.0000000000 1.0000000000 0.0000000000 0.4764452577 0.0000000000 0.8792041540
-232.9 -283.8 1781.3 0 0 0 0 0 0 0 0 0
34.7 360.3 1675.7 0 0 0 0 0 0 0 0 0
-159.7 -904.9 1819.9 0 0 0 0 0 0 0 0 0
45.1 -903.1 1840.9 0 0 0 0 0 0 0 0 0
-53.9 453.3 1847.6 5 0.9931762218 -0.0274474360 -0.1133475527 0.0327043161 0.9984613061 0.0447821431 0.1119439900 -0.0481835119 0.9925456643
-48.1 242.6 1857.7 0.9931762218 -0.0274474360 -0.1133475527 0.0327043161 0.9984613061 0.0447821431 0.1119439900 -0.0481835119 0.9925456643
-46.0 47.2 1870.5 0.9934453964 -0.0115961311 -0.1137181148 0.0189417489 0.9977874756 0.0637287870 0.1127275079 -0.0654650927 0.9914669991
-189.2 239.8 1841.7 0.1484667063 -0.6483345032 -0.7467395663 0.9857195616 0.0363433026 0.1644266993 -0.0794645250 -0.7604876757 0.6444717646
-229.9 -30.3 1863.5 0.0216818545 -0.6589161158 -0.7519038916 0.9511694312 0.2452205271 -0.1874663085 0.3079068363 -0.7111233473 0.6320577264
92.9 245.4 1873.7 0.3270506263 0.8509141207 0.4110755026 -0.4506871104 0.5227858424 -0.7235856056 -0.8306136131 0.0513826981 0.5544734597
172.9 135.2 1670.7 -0.5223858953 0.8509141207 0.0553008988 0.8524253964 0.5227858424 0.0081219804 -0.0219994169 0.0513826981 -0.9984366894
-132.0 -161.2 1869.8 0.9805771708 0.0732035711 -0.1819604635 -0.0977317020 0.9867240191 -0.1297081709 0.1700496674 0.1449721754 0.9747133851
-160.7 -547.4 1813.1 0.9852939844 0.0000000000 -0.1708676517 -0.0000000000 1.0000000000 -0.0000000000 0.1708676517 0.0000000000 0.9852939844
45.2 -157.7 1901.1 0.9051799178 0.0052934326 -0.4249955714 -0.0790076554 0.9845903516 -0.1560117006 0.4176207185 0.1747965664 0.8916496634
43.2 -542.8 1832.8 0.9080184102 0.0000000000 -0.4189302921 0.0000000000 1.0000000000 0.0000000000 0.4189302921 0.0000000000 0.9080184102
-236.0 -298.2 1776.8 0 0 0 0 0 0 0 0 0
53.9 329.4 1665.7 0 0 0 0 0 0 0 0 0
-160.7 -924.0 1813.1 0 0 0 0 0 0 0 0 0
43.2 -919.5 1832.8 0 0 0 0 0 0 0 0 0
-55.0 454.3 1854.9 6 0.9978314042 -0.0223984979 -0.0618932247 0.0245023295 0.9991402030 0.0334439427 0.0610909164 -0.0348879471 0.9975222945
-50.4 249.5 1862.1 0.9978314042 -0.0223984979 -0.0618932247 0.0245023295 0.9991402030 0.0334439427 0.0610909164 -0.0348879471 0.9975222945
-47.8 53.9 1870.6 0.9979693294 -0.0143190995 -0.0620655008 0.0169959739 0.9989382625 0.0428187177 0.0613864809 -0.0437866300 0.9971531630
-192.2 246.9 1853.4 0.1384477764 -0.6856395006 -0.7146542668 0.9892138839 0.0608834289 0.1332257986 -0.0478342660 -0.7253907323 0.6866732836
-229.9 -22.3 1866.4 0.0236912500 -0.6927533150 -0.7207853794 0.9515880942 0.2366436124 -0.1961628795 0.3064617515 -0.6812434793 0.6648222208
91.4 252.0 1870.8 0.3462231457 0.8361736536 0.4253741205 -0.4769072831 0.5473309755 -0.6877413988 -0.8078916669 0.0352479704 0.5882759690
176.8 134.4 1671.5 -0.5460224748 0.8361736536 0.0517017357 0.8367874622 0.5473309755 -0.0146796079 -0.0405726619 0.0352479704 -0.9985546470
-133.3 -150.1 1873.1 0.9892764688 0.0668158829 -0.1298759431 -0.0840928927 0.9876153469 -0.1324550658 0.1194173768 0.1419563144 0.9826433063
-159.4 -536.8 1817.5 0.9927929640 0.0000000000 -0.1198418662 -0.0000000000 1.0000000000 -0.0000000000 0.1198418662 0.0000000000 0.9927929640
45.6 -146.4 1893.4 0.9259470701 0.0067819110 -0.3775923550 -0.0543491915 0.9918237925 -0.1154631823 0.3737220168 0.1274346411 0.9187449217
43.0 -534.3 1843.6 0.9273176789 0.0000000000 -0.3742752075 0.0000000000 1.0000000000 0.0000000000 0.3742752075 0.0000000000 0.9273176789
-236.5 -290.4 1780.1 0 0 0 0 0 0 0 0 0
47.4 332.7 1661.9 0 0 0 0 0 0 0 0 0
-159.4 -913.4 1817.5 0 0 0 0 0 0 0 0 0
43.0 -910.9 1843.6 0 0 0 0 0 0 0 0 0
-55.0 452.8 1854.6 7 0.9986440539 -0.0155657884 -0.0496763103 0.0174626671 0.9991258383 0.0379820280 0.0490416624 -0.0387980081 0.9980428815
-51.9 251.6 1862.4 0.9986440539 -0.0155657884 -0.0496763103 0.0174626671 0.9991258383 0.0379820280 0.0490416624 -0.0387980081 0.9980428815
-50.0 55.9 1870.6 0.9987146258 -0.0098484950 -0.0497203059 0.0119151212 0.9990698695 0.0414412357 0.0492659248 -0.0419803932 0.9979030490
-194.0 249.8 1855.4 0.1329024434 -0.6943461895 -0.7072625756 0.9902936220 0.0637339130 0.1235171407 -0.0406870469 -0.7168133259 0.6960769892
-230.3 -20.8 1866.5 0.0185570437 -0.7016710639 -0.7122593522 0.9514101148 0.2313929200 -0.2031652778 0.3073669672 -0.6738805771 0.6718708873
90.2 253.3 1869.4 0.3566110730 0.8285376430 0.4316872358 -0.4586432278 0.5578125119 -0.6917308569 -0.8139256239 0.0486884750 0.5789253116
177.3 141.3 1670.6 -0.5571448207 0.8285376430 0.0558119901 0.8299561143 0.5578125119 0.0042483951 -0.0276126694 0.0486884750 -0.9984322786
-135.0 -143.4 1873.6 0.9911325574 0.0595944934 -0.1187633425 -0.0757138506 0.9877833724 -0.1362037659 0.1091954559 0.1439880282 0.9835363626
-158.4 -530.2 1817.2 0.9939857125 0.0000000000 -0.1095097959 -0.0000000000 1.0000000000 -0.0000000000 0.1095097959 0.0000000000 0.9939857125
44.8 -140.1 1884.7 0.9302877784 -0.0002986072 -0.3668304980 -0.0369219594 0.9948452115 -0.0944444761 0.3649677634 0.1014046371 0.9254813194
44.9 -529.3 1845.0 0.9309225082 0.0000000000 -0.3652167916 0.0000000000 1.0000000000 0.0000000000 0.3652167916 0.0000000000 0.9309225082
-235.5 -288.8 1779.9 0 0 0 0 0 0 0 0 0
41.3 344.0 1663.9 0 0 0 0 0 0 0 0 0
-158.4 -906.9 1817.2 0 0 0 0 0 0 0 0 0
44.9 -906.0 1845.0 0 0 0 0 0 0 0 0 0
-54.7 449.9 1850.4 8 0.9932737947 -0.0103332112 -0.1153271794 0.0141924946 0.9993646741 0.0326929614 0.1149160862 -0.0341098420 0.9927893877
-52.4 227.9 1858.0 0.9932737947 -0.0103332112 -0.1153271794 0.0141924946 0.9993646741 0.0326929614 0.1149160862 -0.0341098420 0.9927893877
-48.0 32.2 1866.0 0.9930565357 -0.0227946937 -0.1154085249 0.0272989310 0.9989199638 0.0375995450 0.1144268066 -0.0404890031 0.9926062226
-193.5 224.0 1841.8 0.1505998969 -0.6515923142 -0.7434696555 0.9833583832 0.0214339551 0.1804074645 -0.1016166210 -0.7582664490 0.6439767480
-230.6 -17.9 1866.7 0.0167501159 -0.6646261215 -0.7469883561 0.9515892863 0.2399233878 -0.1921316683 0.3069157004 -0.7076078653 0.6364698410
88.7 231.8 1874.3 0.3688355088 0.8181675076 0.4410921633 -0.3445659280 0.5610916018 -0.7526291013 -0.8632697463 0.1256110072 0.4888631403
176.2 150.0 1669.4 -0.5653616190 0.8181675076 0.1047290564 0.8248407841 0.5610916018 0.0693825111 -0.0019960806 0.1256110072 -0.9920775890
-137.3 -144.7 1872.7 0.9822309017 0.0532406680 -0.1799662709 -0.0769737512 0.9888371825 -0.1275774986 0.1711650342 0.1391632408 0.9753646255
