134.9 491.4 2207.2 81 0.9994136095 -0.0111311423 0.0323808938 0.0122304242 0.9993486404 -0.0339508988 -0.0319818892 0.0343270227 0.9988988042
137.4 266.2 2199.5 0.9994136095 -0.0111311423 0.0323808938 0.0122304242 0.9993486404 -0.0339508988 -0.0319818892 0.0343270227 0.9988988042
132.4 67.7 2190.3 0.9991495013 0.0256493744 0.0322867148 -0.0241195615 0.9986078143 -0.0469114929 -0.0334450155 0.0460928530 0.9983771443
-8.5 269.7 2204.3 0.6297009587 -0.4880152047 -0.6044152975 -0.1149737313 0.7109301090 -0.6938007474 0.7682823539 0.5063788891 0.3915644288
-150.1 295.6 2031.6 -0.8380526900 -0.4880152047 -0.2439444214 -0.5437960625 0.7109301090 0.4459419549 -0.0441990159 0.5063788891 -0.8611776233
283.4 262.6 2194.6 0.4641488492 0.4703686535 0.7505459189 -0.8768823743 0.1243605092 0.4643401802 0.1250727922 -0.8736634254 0.4701797664
397.1 47.8 2225.2 -0.4637720287 0.4703686535 0.7507787943 -0.8074437380 0.1243605092 -0.5766879916 -0.3646231890 -0.8736634254 0.3221213222
33.2 -128.5 2180.7 0.9955254197 0.0430064388 0.0841399655 -0.0580097623 0.9810400009 0.1849199384 -0.0745919272 -0.1889734417 0.9791450500
16.1 -518.4 2255.8 0.9965459108 0.0154144932 0.0816001296 -0.0259524882 0.9912131429 0.1297031939 -0.0788838193 -0.1313729137 0.9881895185
216.5 -133.7 2175.9 0.9904153347 0.0865350738 -0.1076526716 -0.0737271309 0.9903032780 0.1177442521 0.1167978048 -0.1086787879 0.9871915579
182.1 -527.2 2219.1 0.9922176600 -0.0527516417 -0.1127891839 0.0593966506 0.9966405630 0.0563881770 0.1094357073 -0.0626486391 0.9920176268
67.6 436.8 2043.0 0 0 0 0 0 0 0 0 0
276.6 -162.0 2130.5 0 0 0 0 0 0 0 0 0
10.2 -897.2 2306.0 0 0 0 0 0 0 0 0 0
202.2 -908.0 2243.0 0 0 0 0 0 0 0 0 0
137.1 492.5 2203.5 82 0.9999046326 -0.0025946333 -0.0135663459 0.0023014976 0.9997645020 -0.0215787031 0.0136191398 0.0215454213 0.9996750951
137.7 278.7 2198.9 0.9999046326 -0.0025946333 -0.0135663459 0.0023014976 0.9997645020 -0.0215787031 0.0136191398 0.0215454213 0.9996750951
134.3 80.1 2192.8 0.9997713566 0.0164757259 -0.0136296069 -0.0168877617 0.9993863106 -0.0306895208 0.0131156100 0.0309126768 0.9994360209
-8.2 281.1 2197.0 0.9178990126 -0.1093674749 -0.3814449012 -0.1275780648 0.8288959861 -0.5446606874 0.3757463098 0.5486075282 0.7468898892
-177.8 304.7 2127.5 -0.8084424138 -0.1093674749 -0.5783248544 -0.3952902853 0.8288959861 0.3958245218 0.4360808134 0.5486075282 -0.7133465409
283.6 276.3 2200.8 0.4439423084 0.4536964893 0.7727060914 -0.8909323812 0.1314140260 0.4347066581 0.0956804678 -0.8814135790 0.4625531137
397.2 48.2 2225.3 -0.4686052501 0.4536964893 0.7580030560 -0.8061037064 0.1314140260 -0.5769983530 -0.3613943756 -0.8814135790 0.3041451275
35.6 -128.5 2184.2 0.9984198809 0.0428428203 0.0363617949 -0.0486370064 0.9829500318 0.1773234904 -0.0281447899 -0.1788118333 0.9834806323
18.6 -519.1 2255.3 0.9983894229 0.0452929623 0.0341631100 -0.0493088774 0.9905852675 0.1277084947 -0.0280571766 -0.1291873604 0.9912232161
218.9 -132.9 2178.1 0.9835806489 0.0918170437 -0.1553665251 -0.0738118067 0.9902735353 0.1179412827 0.1646843702 -0.1045368761 0.9807910323
182.4 -526.4 2219.6 0.9852342606 -0.0550679862 -0.1621141285 0.0622563809 0.9972743988 0.0395969599 0.1594917476 -0.0491049215 0.9859772325
-3.0 390.2 2033.2 0 0 0 0 0 0 0 0 0
275.5 -161.3 2131.4 0 0 0 0 0 0 0 0 0
1.3 -897.5 2304.6 0 0 0 0 0 0 0 0 0
203.4 -907.5 2238.4 0 0 0 0 0 0 0 0 0
137.1 493.5 2209.6 83 0.9999758601 -0.0038158430 -0.0058038882 0.0036086722 0.9993703961 -0.0352962464 0.0059349192 0.0352744497 0.9993600249
137.9 285.4 2202.3 0.9999758601 -0.0038158430 -0.0058038882 0.0036086722 0.9993703961 -0.0352962464 0.0059349192 0.0352744497 0.9993600249
135.9 86.9 2193.7 0.9999346733 0.0098344488 -0.0058271531 -0.0100761922 0.9990233779 -0.0430210494 0.0053983741 0.0430769511 0.9990571737
-8.0 286.8 2201.5 0.9717271924 0.1682904959 -0.1656036526 -0.2209092975 0.8956122398 -0.3861059248 0.0833387077 0.4117729962 0.9074677229
-170.5 323.7 2187.6 -0.6293616891 0.1682904959 -0.7586713433 -0.2238817811 0.8956122398 0.3843899667 0.7441645265 0.4117729962 -0.5259868503
283.9 283.9 2203.1 0.4412380755 0.4722432196 0.7630827427 -0.8919321895 0.1371442825 0.4308693707 0.0988227054 -0.8707340360 0.4817222059
396.1 57.2 2228.2 -0.4401940703 0.4722432196 0.7636854649 -0.8191361427 0.1371442825 -0.5569626689 -0.3677569330 -0.8707340360 0.3264614046
39.4 -116.9 2185.5 0.9977135062 0.0524022803 0.0426815338 -0.0588415563 0.9841749072 0.1671450883 -0.0332473107 -0.1692743599 0.9850080013
18.6 -508.0 2252.7 0.9984441400 0.0372867957 0.0414600857 -0.0429139659 0.9885922074 0.1443741024 -0.0356038697 -0.1459286958 0.9886542559
222.6 -119.9 2187.9 0.9827070236 0.1082973331 -0.1501951665 -0.0955522209 0.9913797975 0.0896430314 0.1586085558 -0.0737413540 0.9845839143
179.6 -513.7 2217.2 0.9852434397 -0.0715487003 -0.1554869860 0.0785451382 0.9961347580 0.0393211804 0.1520726085 -0.0509536788 0.9870550632
-32.1 372.9 2023.9 0 0 0 0 0 0 0 0 0
281.8 -155.5 2132.7 0 0 0 0 0 0 0 0 0
4.4 -885.6 2308.5 0 0 0 0 0 0 0 0 0
206.9 -894.3 2236.6 0 0 0 0 0 0 0 0 0
140.2 497.9 2211.7 84 0.9999567270 0.0046444386 -0.0080588274 -0.0049370541 0.9993149042 -0.0366782360 0.0078829564 0.0367164351 0.9992946386
139.2 292.9 2204.2 0.9999567270 0.0046444386 -0.0080588274 -0.0049370541 0.9993149042 -0.0366782360 0.0078829564 0.0367164351 0.9992946386
136.9 94.4 2195.5 0.9999030232 0.0113173416 -0.0081150606 -0.0116616571 0.9989758134 -0.0437182002 0.0076119755 0.0438085981 0.9990109205
-6.8 294.6 2203.0 0.9682301879 0.2500459254 -0.0027135327 -0.2341065407 0.9025887847 -0.3612860441 -0.0878889039 0.3504433036 0.9324510694
-166.8 333.2 2217.6 -0.5462005138 0.2500459254 -0.7994635701 -0.1673592180 0.9025887847 0.3966413736 0.8207654357 0.3504433036 -0.4511469603
285.2 291.2 2205.3 0.4332399368 0.4691483676 0.7695472240 -0.8968477845 0.1398472488 0.4196508527 0.0892594382 -0.8719762564 0.4813420773
395.9 62.1 2228.1 -0.4299086034 0.4691483676 0.7714132667 -0.8263216615 0.1398472488 -0.5455595851 -0.3638284206 -0.8719762564 0.3275459111
42.3 -110.7 2184.7 0.9973592758 0.0602783971 0.0405089483 -0.0660893768 0.9845547676 0.1621239036 -0.0301107094 -0.1643729955 0.9859385490
18.3 -502.0 2250.0 0.9986739159 0.0327540413 0.0397181623 -0.0383416116 0.9880558252 0.1492502242 -0.0343552120 -0.1505751610 0.9880014658
225.6 -112.5 2185.7 0.9811460972 0.1195254251 -0.1518750042 -0.1063145623 0.9900355339 0.0923410431 0.1613987535 -0.0744535327 0.9840767980
178.1 -505.9 2215.3 0.9849515557 -0.0705182105 -0.1577899158 0.0779766366 0.9960877299 0.0415798277 0.1542404741 -0.0532580428 0.9865968823
-34.2 373.9 2018.4 0 0 0 0 0 0 0 0 0
284.2 -152.5 2133.6 0 0 0 0 0 0 0 0 0
5.8 -879.5 2307.5 0 0 0 0 0 0 0 0 0
205.1 -886.5 2235.6 0 0 0 0 0 0 0 0 0
137.7 497.0 2206.2 85 0.9998047352 0.0034695626 -0.0194542967 -0.0039241510 0.9997190237 -0.0233777091 0.0193677209 0.0234494861 0.9995374084
137.0 293.4 2201.5 0.9998047352 0.0034695626 -0.0194542967 -0.0039241510 0.9997190237 -0.0233777091 0.0193677209 0.0234494861 0.9995374084
135.8 94.8 2195.2 0.9997916818 0.0060512046 -0.0194929410 -0.0066633332 0.9994817972 -0.0314922296 0.0192922745 0.0316155553 0.9993138909
-9.0 294.4 2198.6 0.9425535202 0.3289823830 0.0579950511 -0.2636321485 0.8391783834 -0.4756866395 -0.2051607072 0.4330707788 0.8777008653
-165.0 338.0 2232.6 -0.5648647547 0.3289823830 -0.7567684054 -0.1926384568 0.8391783834 0.5085962415 0.8023828864 0.4330707788 -0.4106476009
283.0 292.5 2204.3 0.4473927617 0.4608687460 0.7664461732 -0.8890993595 0.1365806162 0.4368616045 0.0966541618 -0.8768954873 0.4708632827
396.7 66.6 2228.8 -0.4160563648 0.4608687460 0.7838986516 -0.8395228982 0.1365806162 -0.5258774161 -0.3494258225 -0.8768954873 0.3300846219
43.0 -103.1 2186.1 0.9974753261 0.0657531470 0.0268233325 -0.0690624118 0.9861426353 0.1508412510 -0.0165333450 -0.1523129046 0.9881940484
16.9 -494.9 2246.6 0.9993500113 0.0238171741 0.0270617511 -0.0277190935 0.9876165986 0.1544186175 -0.0230488181 -0.1550683826 0.9876348376
226.3 -105.2 2187.5 0.9787257910 0.1210554764 -0.1656545848 -0.1076886728 0.9903306961 0.0874546766 0.1746396869 -0.0677550212 0.9822984338
178.2 -498.7 2214.4 0.9833282232 -0.0644069761 -0.1700510681 0.0739665031 0.9959819913 0.0504857898 0.1661161631 -0.0622221865 0.9841411710
-16.9 388.5 2022.3 0 0 0 0 0 0 0 0 0
288.6 -151.4 2138.1 0 0 0 0 0 0 0 0 0
7.8 -872.3 2305.8 0 0 0 0 0 0 0 0 0
202.9 -879.3 2238.2 0 0 0 0 0 0 0 0 0
139.0 497.4 2203.0 86 0.9995908141 0.0233957395 -0.0164583810 -0.0234887768 0.9997090697 -0.0054824040 0.0163253285 0.0058667478 0.9998494983
134.0 282.4 2201.7 0.9995908141 0.0233957395 -0.0164583810 -0.0234887768 0.9997090697 -0.0054824040 0.0163253285 0.0058667478 0.9998494983
131.8 84.0 2192.0 0.9997919202 0.0109565565 -0.0172064770 -0.0117882481 0.9987290502 -0.0490026809 0.0166477077 0.0491953194 0.9986504316
-12.1 284.1 2199.3 0.9094201922 0.4155093133 -0.0175201427 -0.3367843926 0.7110917568 -0.6171910167 -0.2439901829 0.5671864748 0.7866182327
-164.0 340.4 2240.1 -0.6217290759 0.4155093133 -0.6639314890 -0.2331216037 0.7110917568 0.6633270979 0.7477347851 0.5671864748 -0.3452422321
280.0 280.7 2204.2 0.4775866568 0.4458190501 0.7570708990 -0.8728882074 0.1428041458 0.4665546119 0.0998860598 -0.8836585283 0.4573515356
396.0 68.6 2228.4 -0.4045235217 0.4458190501 0.7985023856 -0.8484910727 0.1428041458 -0.5095781684 -0.3412091136 -0.8836585283 0.3205058277
42.9 -103.2 2187.1 0.9975556135 0.0625256300 0.0311993603 -0.0665568933 0.9861865044 0.1516783535 -0.0212846044 -0.1533841342 0.9879373908
18.0 -495.1 2248.1 0.9992794394 0.0207652710 0.0317709818 -0.0256127845 0.9866695404 0.1607085466 -0.0280103013 -0.1614064872 0.9864904284
226.2 -104.4 2190.7 0.9791787267 0.1220970973 -0.1621766537 -0.1109429747 0.9909033179 0.0761725828 0.1700018346 -0.0565942116 0.9838172793
177.7 -498.1 2213.2 0.9846994877 -0.0611125939 -0.1631937623 0.0730010197 0.9950199127 0.0678691268 0.1582333893 -0.0787440091 0.9842568636
8.8 405.2 2032.2 0 0 0 0 0 0 0 0 0
290.9 -151.8 2139.8 0 0 0 0 0 0 0 0 0
10.1 -872.1 2309.8 0 0 0 0 0 0 0 0 0
201.0 -878.3 2243.3 0 0 0 0 0 0 0 0 0
136.6 494.2 2200.9 87 0.9999250770 0.0119139059 0.0028072495 -0.0119152945 0.9999288917 0.0004785634 -0.0028013485 -0.0005119768 0.9999959469
134.0 277.8 2201.0 0.9999250770 0.0119139059 0.0028072495 -0.0119152945 0.9999288917 0.0004785634 -0.0028013485 -0.0005119768 0.9999959469
130.8 79.4 2191.0 0.9998669624 0.0161775555 0.0020899673 -0.0160512701 0.9985924959 -0.0505513214 -0.0029048224 0.0505110472 0.9987192750
-12.0 280.2 2201.4 0.8972082734 0.4336085916 -0.0836713463 -0.3633233011 0.6170872450 -0.6979967952 -0.2510249019 0.6566482186 0.7111958861
-163.6 341.6 2243.8 -0.6750766635 0.4336085916 -0.5968710780 -0.2602283359 0.6170872450 0.7426200509 0.6903279424 0.6566482186 -0.3037439585
280.1 275.5 2200.6 0.4713736176 0.4544628263 0.7558243871 -0.8752640486 0.1358647496 0.4641698599 0.1082580537 -0.8803433180 0.4618180096
395.8 60.6 2227.1 -0.4070895314 0.4544628263 0.7923014760 -0.8473752737 0.1358647496 -0.5133185387 -0.3409300447 -0.8803433180 0.3297914267
37.9 -113.4 2180.7 0.9973143339 0.0511489771 0.0524202697 -0.0594708994 0.9832997918 0.1720022261 -0.0427470990 -0.1746577621 0.9837008715
17.6 -504.1 2250.1 0.9981338382 0.0321892351 0.0518909208 -0.0402129740 0.9859923720 0.1618701816 -0.0459535755 -0.1636548042 0.9854468107
221.3 -115.5 2183.7 0.9844158292 0.1048465967 -0.1411830783 -0.0930803642 0.9918038845 0.0875280276 0.1492029428 -0.0730226040 0.9861065745
179.6 -509.6 2212.7 0.9883126616 -0.0578687824 -0.1410293132 0.0708703697 0.9935088158 0.0889810920 0.1349646300 -0.0979359373 0.9859985113
30.9 416.5 2044.9 0 0 0 0 0 0 0 0 0
290.0 -159.6 2138.6 0 0 0 0 0 0 0 0 0
5.3 -880.8 2312.6 0 0 0 0 0 0 0 0 0
201.7 -889.1 2250.1 0 0 0 0 0 0 0 0 0
135.7 492.9 2206.8 88 0.9998489022 0.0081946198 0.0153299021 -0.0077444487 0.9995436668 -0.0291979350 -0.0155621720 0.0290748030 0.9994561076
133.9 276.6 2200.5 0.9998489022 0.0081946198 0.0153299021 -0.0077444487 0.9995436668 -0.0291979350 -0.0155621720 0.0290748030 0.9994561076
131.7 78.1 2191.8 0.9998214841 0.0112455664 0.0151851736 -0.0105665857 0.9989722967 -0.0440765359 -0.0156652331 0.0439082086 0.9989127517
-12.1 278.2 2202.8 0.8910744190 0.4366889298 -0.1236492395 -0.3769922554 0.5604667664 -0.7373966575 -0.2527116537 0.7036901116 0.6640459299
-163.4 342.1 2245.7 -0.7027355433 0.4366889298 -0.5616632104 -0.2758455873 0.5604667664 0.7808880806 0.6557987332 0.7036901116 -0.2734012008
279.9 275.1 2198.2 0.4631263316 0.4519647360 0.7623922229 -0.8799901605 0.1320922971 0.4562553763 0.1055052131 -0.8822014928 0.4588999450
395.2 56.0 2224.5 -0.4087226391 0.4519647360 0.7928894758 -0.8483893871 0.1320922971 -0.5126276016 -0.3364241719 -0.8822014928 0.3294529915
35.9 -117.5 2181.2 0.9969454408 0.0448201224 0.0639606863 -0.0554831252 0.9828054309 0.1761111468 -0.0549675860 -0.1791219562 0.9822901487
18.1 -508.1 2252.4 0.9974789619 0.0347816050 0.0618543550 -0.0426715799 0.9904378057 0.1311950386 -0.0566997156 -0.1335037202 0.9894250631
219.3 -120.5 2180.7 0.9867003560 0.0998817235 -0.1282421947 -0.0872266665 0.9910778403 0.1007779315 0.1371638775 -0.0882514790 0.9866092205
179.6 -514.2 2215.7 0.9899363518 -0.0533371419 -0.1310769469 0.0631748512 0.9953964353 0.0720758513 0.1266292036 -0.0796312764 0.9887486696
44.0 423.5 2052.2 0 0 0 0 0 0 0 0 0
289.0 -164.5 2137.1 0 0 0 0 0 0 0 0 0
4.8 -886.4 2303.4 0 0 0 0 0 0 0 0 0
200.0 -894.5 2246.2 0 0 0 0 0 0 0 0 0
134.6 493.4 2203.8 89 0.9999024868 0.0129355155 -0.0052566193 -0.0130144730 0.9997986555 -0.0152749335 0.0050579715 0.0153418565 0.9998695254
131.7 275.5 2200.5 0.9999024868 0.0129355155 -0.0052566193 -0.0130144730 0.9997986555 -0.0152749335 0.0050579715 0.0153418565 0.9998695254
131.3 77.0 2190.9 0.9999819398 0.0024002693 -0.0055078655 -0.0026620207 0.9988428950 -0.0480187200 0.0053862347 0.0480325148 0.9988312721
-14.3 275.9 2199.7 0.8773502111 0.4560883343 -0.1491308212 -0.3920067549 0.5020057559 -0.7709221244 -0.2767440379 0.7348290086 0.6192246079
-163.2 342.4 2246.6 -0.7121296525 0.4560883343 -0.5337178707 -0.2893278897 0.5020057559 0.8150334954 0.6396567225 0.7348290086 -0.2255341262
277.8 275.1 2201.2 0.4748778343 0.4403701127 0.7619482875 -0.8746945858 0.1407924443 0.4637746215 0.0969559327 -0.8867083192 0.4520485699
396.3 56.8 2225.4 -0.4110799730 0.4403701127 0.7981775403 -0.8464027643 0.1407924443 -0.5135950446 -0.3385492563 -0.8867083192 0.3148535490
37.7 -119.4 2184.5 0.9979373813 0.0487817340 0.0417295732 -0.0551954284 0.9839419127 0.1697402894 -0.0327792503 -0.1716934592 0.9846049547
18.4 -510.4 2252.8 0.9985442162 0.0364408568 0.0397675894 -0.0413543768 0.9905601144 0.1306921989 -0.0346296504 -0.1321465075 0.9906250834
221.1 -121.3 2181.6 0.9831674695 0.1056405455 -0.1490696371 -0.0908314139 0.9905365109 0.1028936505 0.1585286558 -0.0876214802 0.9834587574
179.1 -514.9 2216.5 0.9869624376 -0.0548592508 -0.1513130814 0.0677670836 0.9943660498 0.0815090537 0.1459890604 -0.0907004178 0.9851195812
49.5 428.9 2055.5 0 0 0 0 0 0 0 0 0
289.5 -163.1 2137.5 0 0 0 0 0 0 0 0 0
4.4 -888.8 2303.2 0 0 0 0 0 0 0 0 0
200.1 -894.9 2251.1 0 0 0 0 0 0 0 0 0
134.8 493.0 2202.3 90 0.9994277358 0.0213057566 -0.0262731761 -0.0214928724 0.9997454882 -0.0068602101 0.0261203256 0.0074209701 0.9996312857
130.1 272.8 2200.6 0.9994277358 0.0213057566 -0.0262731761 -0.0214928724 0.9997454882 -0.0068602101 0.0261203256 0.0074209701 0.9996312857
131.8 74.4 2190.5 0.9996120334 -0.0083845826 -0.0265619569 0.0070073991 0.9986472130 -0.0515232943 0.0269580260 0.0513171740 0.9983184934
-15.8 271.8 2196.7 0.9199802876 -0.0685713887 -0.3859200478 -0.2444738150 0.6692156196 -0.7017000318 0.3063802719 0.7398975492 0.5989012718
-171.5 313.2 2144.9 -0.8127398491 -0.0685713887 -0.5785774589 -0.4675824940 0.6692156196 0.5775093436 0.3475924730 0.7398975492 -0.5759609938
276.1 273.9 2204.6 0.4825870991 0.4227745235 0.7670537233 -0.8725408316 0.1560313553 0.4629543722 0.0760408863 -0.8927014470 0.4441867471
395.6 57.8 2223.4 -0.4138615727 0.4227745235 0.8062135577 -0.8431017995 0.1560313553 -0.5146198869 -0.3433627784 -0.8927014470 0.2918665707
39.1 -121.2 2180.9 0.9982872605 0.0550653189 0.0197575241 -0.0577760786 0.9810231924 0.1850820929 -0.0091909850 -0.1859066039 0.9825244546
17.3 -511.0 2254.8 0.9995286465 0.0263653919 0.0157291871 -0.0279862657 0.9931150675 0.1137505695 -0.0126218144 -0.1141371503 0.9933848381
222.5 -121.7 2181.9 0.9795424938 0.1066658720 -0.1706427336 -0.0898007378 0.9905474186 0.1036901250 0.1800899208 -0.0862450376 0.9798619151
180.1 -515.3 2216.2 0.9833302498 -0.0493917279 -0.1749916524 0.0610370599 0.9962204695 0.0618003048 0.1712778509 -0.0714510828 0.9826284647
47.3 439.1 2051.3 0 0 0 0 0 0 0 0 0
288.1 -161.3 2134.2 0 0 0 0 0 0 0 0 0
7.2 -890.4 2298.4 0 0 0 0 0 0 0 0 0
199.0 -895.9 2243.5 0 0 0 0 0 0 0 0 0
134.0 491.8 2200.5 91 0.9988801479 0.0275482368 -0.0384646431 -0.0274715014 0.9996194243 0.0025221575 0.0385194831 -0.0014626515 0.9992567897
128.0 271.5 2200.8 0.9988801479 0.0275482368 -0.0384646431 -0.0274715014 0.9996194243 0.0025221575 0.0385194831 -0.0014626515 0.9992567897
131.6 73.1 2190.7 0.9990876317 -0.0180103388 -0.0387245007 0.0159878787 0.9985234141 -0.0519168004 0.0396023579 0.0512503088 0.9979003072
-17.9 269.1 2195.1 0.8146263361 -0.3229649067 -0.4817442894 -0.1753899604 0.6545464993 -0.7353960276 0.5528311133 0.6835660934 0.4765660167
-171.3 302.2 2091.0 -0.8257225752 -0.3229649067 -0.4624672234 -0.5478222966 0.6545464993 0.5210178494 0.1344358027 0.6835660934 -0.7174011469
273.9 273.8 2206.6 0.4875472188 0.4154510796 0.7679180503 -0.8704418540 0.1627512574 0.4645890296 0.0680343807 -0.8949370980 0.4409749210
395.5 56.7 2223.6 -0.4210672081 0.4154510796 0.8062895536 -0.8376934528 0.1627512574 -0.5213268995 -0.3478104472 -0.8949370980 0.2794914246
41.8 -124.7 2177.8 0.9982207417 0.0593436062 0.0057996358 -0.0593770705 0.9804498553 0.1875964701 0.0054463996 -0.1876070648 0.9822290540
18.3 -514.3 2252.4 0.9993740916 0.0352998674 0.0023103098 -0.0353010483 0.9909129739 0.1297894418 0.0022922340 -0.1297897547 0.9915388823
225.1 -123.4 2182.8 0.9773835540 0.1063862517 -0.1827656925 -0.0865239352 0.9897713661 0.1134293452 0.1929635704 -0.0950503722 0.9765912294
182.8 -516.7 2220.6 0.9810090065 -0.0367235243 -0.1904539317 0.0444502644 0.9983461499 0.0364566855 0.1888001412 -0.0442300662 0.9810189605
49.7 448.7 2055.0 0 0 0 0 0 0 0 0 0
286.1 -161.0 2133.2 0 0 0 0 0 0 0 0 0
4.8 -892.8 2302.0 0 0 0 0 0 0 0 0 0
196.9 -898.0 2237.5 0 0 0 0 0 0 0 0 0
134.3 492.9 2200.1 92 0.9984919429 0.0309479628 -0.0453444421 -0.0312636979 0.9994915128 -0.0062703607 0.0451273285 0.0076785395 0.9989517331
127.3 265.5 2198.4 0.9984919429 0.0309479628 -0.0453444421 -0.0312636979 0.9994915128 -0.0062703607 0.0451273285 0.0076785395 0.9989517331
130.8 67.1 2189.0 0.9988009334 -0.0177595466 -0.0456208028 0.0155591704 0.9987192750 -0.0481422506 0.0464173593 0.0473747030 0.9977980852
-18.6 263.2 2191.6 0.7552298307 -0.4231884480 -0.5005391836 -0.1696061343 0.6114655733 -0.7728800774 0.6331363916 0.6685966253 0.3900216520
-170.4 297.3 2064.3 -0.8152024150 -0.4231884480 -0.3954194784 -0.5790174603 0.6114655733 0.5393038988 0.0135582238 0.6685966253 -0.7435016632
273.2 267.8 2205.2 0.5007032752 0.3978422284 0.7687768340 -0.8629115820 0.1592173278 0.4796180725 0.0684097335 -0.9035327435 0.4230232835
395.4 57.3 2221.9 -0.4257495403 0.3978422284 0.8126862049 -0.8403255939 0.1592173278 -0.5181724429 -0.3355446160 -0.9035327435 0.2665303051
43.5 -126.8 2176.9 0.9980719686 0.0620653853 -0.0004489102 -0.0607533604 0.9784024358 0.1975796223 0.0127020702 -0.1971714199 0.9802867174
18.9 -515.6 2255.3 0.9991196394 0.0416055918 -0.0053790123 -0.0406687669 0.9920353293 0.1192141399 0.0102961445 -0.1188904345 0.9928539991
226.7 -123.9 2184.2 0.9753264189 0.1116148084 -0.1904745400 -0.0922663733 0.9899020195 0.1076148599 0.2005625367 -0.0873852149 0.9757758379
182.4 -517.3 2218.9 0.9803498387 -0.0347116105 -0.1941889077 0.0498491563 0.9960399866 0.0736162513 0.1908645779 -0.0818498284 0.9781979918
51.9 455.3 2060.6 0 0 0 0 0 0 0 0 0
284.7 -161.1 2134.7 0 0 0 0 0 0 0 0 0
3.0 -894.6 2300.7 0 0 0 0 0 0 0 0 0
195.6 -897.5 2250.1 0 0 0 0 0 0 0 0 0
133.7 488.9 2200.5 93 0.9982866645 0.0261923317 -0.0523225367 -0.0269141179 0.9995514154 -0.0131382234 0.0519549474 0.0145239290 0.9985437989
127.8 262.8 2197.2 0.9982866645 0.0261923317 -0.0523225367 -0.0269141179 0.9995514154 -0.0131382234 0.0519549474 0.0145239290 0.9985437989
131.4 64.3 2188.1 0.9984595180 -0.0180729609 -0.0524592064 0.0156212449 0.9987832904 -0.0467752293 0.0532407463 0.0458836965 0.9975270033
-18.1 260.5 2189.4 0.7273035645 -0.4805556238 -0.4899957180 -0.1537813991 0.5816897154 -0.7987416983 0.6688653231 0.6562799215 0.3491645157
-167.7 292.1 2051.7 -0.7964012027 -0.4805556238 -0.3671667576 -0.6027901769 0.5816897154 0.5461511016 -0.0488788560 0.6562799215 -0.7529326081
273.6 265.0 2204.9 0.4957886636 0.3996986747 0.7709958553 -0.8659403324 0.1601745337 0.4738052487 0.0658854321 -0.9025436640 0.4255279303
395.2 52.8 2221.1 -0.4469219446 0.3996986747 0.8003135324 -0.8256027699 0.1601745337 -0.5410398841 -0.3444427848 -0.9025436640 0.2584068179
42.8 -132.8 2175.3 0.9981755614 0.0600143634 -0.0066225175 -0.0573372059 0.9765482545 0.2075233012 0.0189215876 -0.2067649662 0.9782076478
18.9 -520.9 2257.5 0.9989279509 0.0445362180 -0.0126276398 -0.0429130308 0.9932016134 0.1082083583 0.0173609834 -0.1075504646 0.9940480590
226.0 -130.0 2183.9 0.9737334847 0.1123355404 -0.1980499923 -0.0937065929 0.9904558063 0.1010761932 0.2075142115 -0.0798626840 0.9749665856
181.3 -523.6 2215.6 0.9788694978 -0.0430613719 -0.1999006420 0.0610077493 0.9945539832 0.0845007822 0.1951732635 -0.0949107260 0.9761656523
52.6 458.9 2065.3 0 0 0 0 0 0 0 0 0
279.1 -161.7 2131.6 0 0 0 0 0 0 0 0 0
1.9 -900.4 2298.6 0 0 0 0 0 0 0 0 0
197.8 -903.4 2251.8 0 0 0 0 0 0 0 0 0
133.6 489.2 2201.1 94 0.9984001517 0.0266467519 -0.0498702601 -0.0276654940 0.9994201064 -0.0198501777 0.0493123978 0.0211981069 0.9985584021
127.5 261.6 2196.3 0.9984001517 0.0266467519 -0.0498702601 -0.0276654940 0.9994201064 -0.0198501777 0.0493123978 0.0211981069 0.9985584021
130.6 63.1 2187.0 0.9986240864 -0.0157403201 -0.0500222631 0.0133533543 0.9987725019 -0.0476991236 0.0507116616 0.0469655283 0.9976084232
-18.4 259.7 2188.9 0.7034485340 -0.5176683068 -0.4870109856 -0.1428992450 0.5682075024 -0.8103826642 0.6962327361 0.6396560073 0.3257302940
-165.7 289.6 2043.1 -0.7827360630 -0.5176683068 -0.3454616368 -0.6163946986 0.5682075024 0.5451585650 -0.0859174132 0.6396560073 -0.7638444901
273.4 263.6 2203.7 0.5005127192 0.4058986306 0.7646785975 -0.8626801372 0.1597732753 0.4798494875 0.0725950301 -0.8998437524 0.4301292300
396.7 51.0 2221.6 -0.4727467895 0.4058986306 0.7821488380 -0.8059338927 0.1597732753 -0.5700377822 -0.3563440442 -0.8998437524 0.2515951395
43.4 -135.6 2174.1 0.9979088306 0.0645512342 -0.0033354326 -0.0623837523 0.9753404260 0.2117058486 0.0169190560 -0.2110550553 0.9773277640
17.8 -523.2 2257.9 0.9995368123 0.0289756004 -0.0093043055 -0.0276463479 0.9923415780 0.1203904897 0.0127214361 -0.1200774983 0.9926829934
226.5 -132.7 2183.8 0.9743330479 0.1141829565 -0.1940034628 -0.0936155692 0.9892784357 0.1120907143 0.2047222853 -0.0910519436 0.9745759964
181.2 -525.9 2220.0 0.9787916541 -0.0450270288 -0.1998485476 0.0578653179 0.9965872169 0.0588682182 0.1965158582 -0.0691840202 0.9780567884
52.8 461.6 2067.0 0 0 0 0 0 0 0 0 0
274.0 -158.3 2129.1 0 0 0 0 0 0 0 0 0
6.7 -902.3 2303.8 0 0 0 0 0 0 0 0 0
198.4 -906.5 2246.4 0 0 0 0 0 0 0 0 0
134.8 490.4 2207.4 95 0.9981037378 0.0365431085 -0.0495328344 -0.0388691090 0.9981459379 -0.0468385369 0.0477293730 0.0486750156 0.9976736307
126.4 260.3 2196.2 0.9981037378 0.0365431085 -0.0495328344 -0.0388691090 0.9981459379 -0.0468385369 0.0477293730 0.0486750156 0.9976736307
130.9 61.9 2186.9 0.9985133410 -0.0227348655 -0.0495397598 0.0203644074 0.9986473918 -0.0478399657 0.0505603887 0.0467599966 0.9976257682
-19.5 257.4 2188.8 0.6986212134 -0.5428956151 -0.4660394192 -0.1290677339 0.5450460911 -0.8284119368 0.7037541866 0.6388967633 0.3107104301
-168.6 284.9 2038.6 -0.7683587670 -0.5428956151 -0.3389529288 -0.6294316649 0.5450460911 0.5538415909 -0.1159332320 0.6388967633 -0.7605066895
272.3 263.3 2203.6 0.5107827187 0.3946262896 0.7637873292 -0.8569365144 0.1624016315 0.4891681671 0.0689983144 -0.9043759108 0.4211216271
398.9 50.8 2220.7 -0.4992773533 0.3946262896 0.7713574171 -0.7883725762 0.1624016315 -0.5933754444 -0.3594312370 -0.9043759108 0.2300290912
42.2 -136.6 2173.0 0.9978319407 0.0656362250 -0.0048217536 -0.0631710887 0.9757511020 0.2095689625 0.0184601471 -0.2088100016 0.9777820110
16.1 -524.4 2256.0 0.9998171926 0.0168060046 -0.0091198301 -0.0153060500 0.9893034697 0.1450669616 0.0114602754 -0.1449008584 0.9893798232
225.4 -134.1 2182.3 0.9750314355 0.1087652445 -0.1936075240 -0.0864112750 0.9889574051 0.1204007268 0.2045650035 -0.1006646156 0.9736630917
182.1 -527.1 2222.3 0.9784554243 -0.0447185673 -0.2015570402 0.0543086268 0.9976277947 0.0423011072 0.1991872489 -0.0523360334 0.9785628915
45.6 460.4 2070.9 0 0 0 0 0 0 0 0 0
269.3 -153.9 2127.4 0 0 0 0 0 0 0 0 0
9.7 -902.2 2311.3 0 0 0 0 0 0 0 0 0
199.2 -908.2 2242.3 0 0 0 0 0 0 0 0 0
135.3 491.6 2204.1 96 0.9967315793 0.0367342681 -0.0719492584 -0.0396774448 0.9984150529 -0.0399130732 0.0703690425 0.0426373854 0.9966093898
126.7 258.4 2194.1 0.9967315793 0.0367342681 -0.0719492584 -0.0396774448 0.9984150529 -0.0399130732 0.0703690425 0.0426373854 0.9966093898
129.7 59.9 2186.7 0.9972952008 -0.0150896264 -0.0719346628 0.0123363631 0.9991798997 -0.0385663249 0.0724576265 0.0375745967 0.9966634512
-19.0 256.6 2183.6 0.7126013637 -0.5542078018 -0.4301778078 -0.1224590465 0.5054938197 -0.8540958762 0.6907988191 0.6613090634 0.2923478186
-170.0 282.5 2037.1 -0.7513849735 -0.5542078018 -0.3581540883 -0.6456630230 0.5054938197 0.5723593831 -0.1361613870 0.6613090634 -0.7376519442
272.3 260.2 2204.7 0.5261980891 0.3819605410 0.7597510815 -0.8480079174 0.1692660898 0.5022265911 0.0632306486 -0.9085456133 0.4129730463
401.1 52.7 2220.2 -0.5063362718 0.3819605410 0.7731298208 -0.7840800285 0.1692660898 -0.5971327424 -0.3589458168 -0.9085456133 0.2137820572
43.9 -138.4 2173.0 0.9974566102 0.0669006258 -0.0245896019 -0.0599668361 0.9741422534 0.2178322822 0.0385268852 -0.2158036828 0.9756764174
17.3 -525.6 2258.8 0.9991969466 0.0260381419 -0.0304548331 -0.0218647197 0.9912549853 0.1301362514 0.0335770138 -0.1293658614 0.9910283089
227.0 -134.7 2182.3 0.9695553184 0.1167338043 -0.2152574360 -0.0923843607 0.9884741306 0.1199335828 0.2267767042 -0.0963958204 0.9691646695
180.6 -527.5 2220.6 0.9734335542 -0.0607012361 -0.2207769901 0.0780702084 0.9944300652 0.0708091557 0.2152490616 -0.0861641169 0.9727505445
38.4 461.6 2074.9 0 0 0 0 0 0 0 0 0
269.6 -150.9 2127.0 0 0 0 0 0 0 0 0 0
7.3 -904.2 2308.2 0 0 0 0 0 0 0 0 0
203.8 -907.2 2253.5 0 0 0 0 0 0 0 0 0
137.0 492.2 2202.4 97 0.9982582927 0.0047743288 -0.0588017553 -0.0075454391 0.9988666177 -0.0469948426 0.0585107431 0.0473566726 0.9971628785
135.8 257.3 2191.3 0.9982582927 0.0047743288 -0.0588017553 -0.0075454391 0.9988666177 -0.0469948426 0.0585107431 0.0473566726 0.9971628785
132.4 58.8 2186.4 0.9981375337 0.0171329305 -0.0585482121 -0.0185569916 0.9995428920 -0.0238663163 0.0581125505 0.0249083452 0.9979992509
-9.9 260.1 2182.8 0.7359998822 -0.5470876098 -0.3987472057 -0.0974525660 0.4972529411 -0.8621151447 0.6699307561 0.6733755469 0.3126630187
-170.6 281.3 2036.5 -0.7518725991 -0.5470876098 -0.3679438829 -0.6455082893 0.4972529411 0.5797055364 -0.1341885328 0.6733755469 -0.7270205021
281.6 254.6 2199.8 0.5070661306 0.4029591680 0.7619106770 -0.8578627706 0.1504162550 0.4913719594 0.0833990872 -0.9027728438 0.4219546616
401.6 51.6 2219.6 -0.5123195052 0.4029591680 0.7583881617 -0.7803021669 0.1504162550 -0.6070448756 -0.3586882055 -0.9027728438 0.2373687327
41.2 -139.8 2172.5 0.9981957078 0.0598682128 -0.0045985910 -0.0574693829 0.9747676253 0.2156973630 0.0173959732 -0.2150439024 0.9764494300
17.4 -527.2 2258.0 0.9995795488 0.0274153557 -0.0094395727 -0.0258795265 0.9903818369 0.1359195560 0.0130750639 -0.1356181204 0.9906749129
224.1 -137.5 2185.8 0.9735346437 0.1069893464 -0.2019495368 -0.0878473967 0.9909490347 0.1015030891 0.2109814435 -0.0810760334 0.9741219282
181.6 -531.3 2218.0 0.9770612717 -0.0577134676 -0.2049889863 0.0739633515 0.9946213961 0.0725096315 0.1997016519 -0.0860080272 0.9760747552
37.2 459.7 2073.6 0 0 0 0 0 0 0 0 0
268.5 -151.2 2126.4 0 0 0 0 0 0 0 0 0
6.9 -905.6 2309.8 0 0 0 0 0 0 0 0 0
203.6 -911.2 2250.9 0 0 0 0 0 0 0 0 0
134.9 489.1 2200.6 98 0.9989250302 -0.0145299630 -0.0440188684 0.0126062557 0.9989665151 -0.0436685979 0.0446078777 0.0430667438 0.9980758429
138.2 261.4 2190.8 0.9989250302 -0.0145299630 -0.0440188684 0.0126062557 0.9989665151 -0.0436685979 0.0446078777 0.0430667438 0.9980758429
133.4 62.9 2188.3 0.9987493753 0.0239860751 -0.0438669100 -0.0245146379 0.9996327162 -0.0115511632 0.0435737297 0.0126120988 0.9989706278
-7.7 265.0 2184.4 0.7403341532 -0.5466272235 -0.3912851214 -0.0641490445 0.5219599605 -0.8505543470 0.6691713333 0.6547949910 0.3513591886
-171.5 279.2 2036.3 -0.7625957131 -0.5466272235 -0.3458995223 -0.6333086491 0.5219599605 0.5713824630 -0.1317875087 0.6547949910 -0.7442281842
284.0 257.8 2197.2 0.4749606848 0.4077320099 0.7798506021 -0.8764042854 0.1390554309 0.4610629976 0.0795476735 -0.9024512172 0.4233839512
399.8 44.1 2216.6 -0.5289925337 0.4077320099 0.7442590594 -0.7696089149 0.1390554309 -0.6231899261 -0.3575877249 -0.9024512172 0.2402349114
37.6 -138.0 2176.1 0.9987659454 0.0485390276 0.0105166938 -0.0496651530 0.9756743312 0.2135250419 0.0001034294 -0.2137838453 0.9768809676
18.3 -525.7 2261.1 0.9992681146 0.0379541740 0.0047606737 -0.0382379256 0.9944702983 0.0978096500 -0.0010220640 -0.0979201049 0.9951937795
220.5 -141.4 2186.8 0.9774992466 0.0929174125 -0.1893714368 -0.0770444646 0.9929990172 0.0895382538 0.1963653117 -0.0729335621 0.9778145552
183.6 -535.9 2215.8 0.9811400175 -0.0373958722 -0.1896464676 0.0546514690 0.9947438836 0.0865896866 0.1854115725 -0.0953210667 0.9780268073
37.1 452.5 2072.4 0 0 0 0 0 0 0 0 0
262.4 -155.8 2123.7 0 0 0 0 0 0 0 0 0
3.8 -905.4 2298.5 0 0 0 0 0 0 0 0 0
197.9 -915.9 2252.2 0 0 0 0 0 0 0 0 0
133.5 487.2 2200.2 99 0.9991167784 -0.0202892777 -0.0367966741 0.0188111663 0.9990193844 -0.0400805101 0.0375737958 0.0393529236 0.9985187054
138.0 264.5 2191.4 0.9991167784 -0.0202892777 -0.0367966741 0.0188111663 0.9990193844 -0.0400805101 0.0375737958 0.0393529236 0.9985187054
133.3 65.9 2189.1 0.9990403056 0.0238386001 -0.0367448069 -0.0242529698 0.9996467233 -0.0108726854 0.0364726372 0.0117534213 0.9992655516
-7.9 268.0 2186.1 0.7308257818 -0.5567066669 -0.3949321210 -0.0470055677 0.5361781716 -0.8427950144 0.6809435487 0.6345003247 0.3656845093
-170.7 278.5 2034.4 -0.7657970190 -0.5567066669 -0.3219203055 -0.6272399426 0.5361781716 0.5648743510 -0.1418626606 0.6345003247 -0.7597922683
283.9 260.9 2196.7 0.4646981657 0.4045738280 0.7876392603 -0.8819957376 0.1327785701 0.4521652162 0.0783526078 -0.9048148394 0.4185343683
399.1 42.3 2216.2 -0.5512989163 0.4045738280 0.7296502590 -0.7539976239 0.1327785701 -0.6433175206 -0.3571513593 -0.9048148394 0.2318470180
37.1 -133.4 2181.8 0.9986199737 0.0499628671 0.0161826629 -0.0521239899 0.9805836082 0.1890473664 -0.0064231060 -0.1896299869 0.9818345904
17.3 -523.0 2257.2 0.9995264411 0.0278791115 0.0130261946 -0.0293127988 0.9914246798 0.1273494065 -0.0093641030 -0.1276709288 0.9917723536
220.2 -138.0 2189.8 0.9785192609 0.0942860022 -0.1833308190 -0.0806523710 0.9934889078 0.0804676414 0.1897241026 -0.0639530718 0.9797524214
182.8 -532.7 2215.3 0.9815041423 -0.0522348918 -0.1841769516 0.0663765594 0.9952317476 0.0714695677 0.1795655489 -0.0823727101 0.9802912474
36.6 448.3 2072.8 0 0 0 0 0 0 0 0 0
255.9 -153.5 2123.4 0 0 0 0 0 0 0 0 0
6.6 -901.6 2305.9 0 0 0 0 0 0 0 0 0
202.7 -912.9 2246.7 0 0 0 0 0 0 0 0 0
132.2 486.2 2200.0 00 0.9986465573 -0.0341734216 -0.0392078608 0.0323940627 0.9984546900 -0.0451540053 0.0406903364 0.0438227914 0.9982103109
140.1 257.0 2189.9 0.9986465573 -0.0341734216 -0.0392078608 0.0323940627 0.9984546900 -0.0451540053 0.0406903364 0.0438227914 0.9982103109
131.4 58.6 2186.6 0.9982765317 0.0437957160 -0.0390626304 -0.0444103703 0.9989006519 -0.0150082149 0.0383623913 0.0167171340 0.9991240501
-5.7 263.5 2184.3 0.7337449789 -0.5516933799 -0.3965510130 -0.0707989931 0.5183942914 -0.8522058725 0.6757261157 0.6533771753 0.3413098752
-169.0 279.3 2033.9 -0.7663114667 -0.5516933799 -0.3292433023 -0.6242949963 0.5183942914 0.5843997598 -0.1517316401 0.6533771753 -0.7416709065
285.9 250.5 2195.5 0.4917887449 0.3982254267 0.7743127942 -0.8658280373 0.1295773387 0.4832717180 0.0921176895 -0.9080893397 0.4085194170
402.2 45.8 2217.3 -0.5643387437 0.3982254267 0.7231447101 -0.7458370328 0.1295773387 -0.6534040570 -0.3539052606 -0.9080893397 0.2238857448
36.9 -130.5 2183.4 0.9987140894 0.0471752025 0.0185653176 -0.0498961583 0.9794880748 0.1952268928 -0.0089746388 -0.1959021986 0.9805823565
18.2 -519.7 2261.3 0.9994114041 0.0312267933 0.0142041715 -0.0325531885 0.9938901663 0.1054635867 -0.0108240973 -0.1058639064 0.9943217039
220.1 -134.9 2190.1 0.9784023166 0.0964720249 -0.1828168929 -0.0814195499 0.9927747846 0.0881423652 0.1899992675 -0.0713538304 0.9791879058
181.8 -529.5 2218.5 0.9810109138 -0.0552227534 -0.1859248728 0.0665182397 0.9962643981 0.0550687946 0.1821892709 -0.0663904846 0.9810195565
36.7 446.9 2074.6 0 0 0 0 0 0 0 0 0
255.6 -147.9 2125.4 0 0 0 0 0 0 0 0 0
6.3 -899.2 2301.7 0 0 0 0 0 0 0 0 0
202.9 -910.1 2243.8 0 0 0 0 0 0 0 0 0
133.9 491.6 2206.9 01 0.9993030429 -0.0186961647 -0.0323094577 0.0164669845 0.9975538850 -0.0679344013 0.0335005410 0.0673550144 0.9971665144
138.3 258.6 2191.1 0.9993030429 -0.0186961647 -0.0323094577 0.0164669845 0.9975538850 -0.0679344013 0.0335005410 0.0673550144 0.9971665144
131.1 60.1 2188.3 0.9988352656 0.0362648629 -0.0318279974 -0.0367005579 0.9992389679 -0.0132131055 0.0313246027 0.0143658202 0.9994060397
-7.6 264.0 2186.6 0.7173633575 -0.5666086078 -0.4053941965 -0.0821504965 0.5090264678 -0.8568216562 0.6918389201 0.6479558349 0.3186097443
-166.3 282.1 2033.6 -0.7553104758 -0.5666086078 -0.3293338418 -0.6351521611 0.5090264678 0.5809249878 -0.1615174711 0.6479558349 -0.7443556786
284.2 253.2 2195.7 0.4878864586 0.3856568038 0.7830936313 -0.8693490624 0.1337563097 0.4757535756 0.0787338912 -0.9128954411 0.4005282819
402.1 43.1 2214.7 -0.5581908822 0.3856568038 0.7346371412 -0.7539958954 0.1337563097 -0.6431170106 -0.3462848067 -0.9128954411 0.2161220908
31.2 -135.8 2179.8 0.9991272092 0.0341095552 0.0241104849 -0.0382317714 0.9792709351 0.1989138722 -0.0168258343 -0.1996620446 0.9797203541
17.6 -524.9 2259.1 0.9994646311 0.0249645896 0.0211479682 -0.0272475239 0.9929198623 0.1156186014 -0.0181118660 -0.1161329299 0.9930685163
214.2 -143.9 2186.8 0.9810043573 0.0822786540 -0.1756719798 -0.0656426996 0.9929692745 0.0985040292 0.1825416535 -0.0851013064 0.9795082211
181.5 -538.5 2220.6 0.9820490479 -0.0547831357 -0.1804949790 0.0622410737 0.9974147677 0.0359139033 0.1780608892 -0.0465034172 0.9829199910
35.7 452.0 2076.8 0 0 0 0 0 0 0 0 0
257.1 -152.7 2124.8 0 0 0 0 0 0 0 0 0
8.1 -904.2 2303.5 0 0 0 0 0 0 0 0 0
202.5 -919.5 2238.4 0 0 0 0 0 0 0 0 0
134.1 493.3 2203.8 02 0.9998472333 -0.0034412870 -0.0171373095 0.0025209335 0.9985678792 -0.0534395687 0.0172966681 0.0533882007 0.9984239936
134.9 258.9 2191.3 0.9998472333 -0.0034412870 -0.0171373095 0.0025209335 0.9985678792 -0.0534395687 0.0172966681 0.0533882007 0.9984239936
130.0 60.3 2186.9 0.9995636344 0.0242928620 -0.0168052800 -0.0246539507 0.9994621277 -0.0216240026 0.0162709337 0.0220288821 0.9996249080
-11.1 262.5 2188.9 0.6996099949 -0.5814527273 -0.4152813852 -0.1009982973 0.4948909283 -0.8630656600 0.7073508501 0.6457520723 0.2875049114
-164.3 284.6 2034.0 -0.7427354455 -0.5814527273 -0.3320494294 -0.6468343735 0.4948909283 0.5802484155 -0.1730587631 0.6457520723 -0.7436766624
280.9 255.3 2193.7 0.4874825478 0.4002197683 0.7760057449 -0.8684917092 0.1307464391 0.4781500995 0.0899051428 -0.9070443511 0.4113241732
400.7 41.7 2215.8 -0.5545648932 0.4002197683 0.7295765281 -0.7534189224 0.1307464391 -0.6444107890 -0.3532954752 -0.9070443511 0.2290257812
32.3 -135.1 2182.6 0.9987807870 0.0333067700 0.0364369899 -0.0398983806 0.9792880416 0.1985018849 -0.0290708523 -0.1997136474 0.9794229865
19.0 -524.3 2261.9 0.9984565377 0.0446670912 0.0330062956 -0.0478179045 0.9936535954 0.1018133983 -0.0282491166 -0.1032345444 0.9942557812
215.5 -141.8 2188.3 0.9838624001 0.0780984387 -0.1609827131 -0.0614360310 0.9924656153 0.1060077325 0.1680488437 -0.0944068804 0.9812476635
184.4 -536.2 2225.8 0.9852119684 -0.0295793042 -0.1687672436 0.0288691670 0.9995610118 -0.0066604735 0.1688901782 0.0016898084 0.9856334329
34.1 457.4 2080.2 0 0 0 0 0 0 0 0 0
256.6 -154.0 2124.0 0 0 0 0 0 0 0 0 0
2.0 -903.8 2301.3 0 0 0 0 0 0 0 0 0
195.7 -917.6 2225.2 0 0 0 0 0 0 0 0 0
133.6 493.3 2202.3 03 0.9999191165 0.0059242733 -0.0112542771 -0.0064369016 0.9989173412 -0.0460732877 0.0109691415 0.0461420044 0.9988746643
132.2 258.4 2191.4 0.9999191165 0.0059242733 -0.0112542771 -0.0064369016 0.9989173412 -0.0460732877 0.0109691415 0.0461420044 0.9988746643
129.1 59.8 2186.2 0.9998138547 0.0158281773 -0.0110347699 -0.0161096826 0.9995345473 -0.0259065814 0.0106195798 0.0260795262 0.9996034503
-13.8 260.8 2189.9 0.6879769564 -0.5893710852 -0.4234730601 -0.1124176681 0.4899226725 -0.8644871712 0.7169727683 0.6423531175 0.2707997859
-163.9 285.3 2033.5 -0.7347251177 -0.5893710852 -0.3358880281 -0.6556550264 0.4899226725 0.5745365620 -0.1740560681 0.6423531175 -0.7463825941
278.2 256.1 2193.0 0.5006547570 0.3930941820 0.7712469101 -0.8606554270 0.1304970086 0.4921816587 0.0928283408 -0.9101908803 0.4036525786
401.7 43.8 2215.9 -0.5527094603 0.3930941820 0.7348395586 -0.7575506568 0.1304970086 -0.6395995021 -0.3473172188 -0.9101908803 0.2256618440
33.5 -136.0 2181.0 0.9985587597 0.0352798477 0.0404445045 -0.0427787527 0.9782778025 0.2028361708 -0.0324099325 -0.2042739987 0.9783771038
19.5 -524.8 2262.2 0.9982110262 0.0477171913 0.0360245816 -0.0506875329 0.9949507713 0.0866241604 -0.0317092240 -0.0882951915 0.9955894947
216.8 -140.5 2184.0 0.9843430519 0.0812248364 -0.1564328969 -0.0660020560 0.9927789569 0.1001684666 0.1634394526 -0.0882752389 0.9825960398
184.6 -535.1 2219.1 0.9867962003 -0.0224749744 -0.1604000032 0.0307058804 0.9983255863 0.0490218438 0.1590296626 -0.0532997921 0.9858340025
32.8 460.9 2080.1 0 0 0 0 0 0 0 0 0
258.1 -153.0 2125.6 0 0 0 0 0 0 0 0 0
1.3 -904.9 2295.9 0 0 0 0 0 0 0 0 0
193.1 -915.7 2239.4 0 0 0 0 0 0 0 0 0
133.8 492.7 2201.5 04 0.9998806119 0.0105160801 -0.0113187656 -0.0109855207 0.9990469217 -0.0422441363 0.0108637353 0.0423634350 0.9990432262
131.3 259.0 2191.6 0.9998806119 0.0105160801 -0.0113187656 -0.0109855207 0.9990469217 -0.0422441363 0.0108637353 0.0423634350 0.9990432262
128.8 60.4 2186.1 0.9998571873 0.0127011947 -0.0111482581 -0.0130044697 0.9995353818 -0.0275665447 0.0107929502 0.0277075861 0.9995577931
-14.8 260.9 2190.0 0.6956483722 -0.5697299838 -0.4375854731 -0.1019890457 0.5246310830 -0.8451985121 0.7111058831 0.6325898767 0.3068525195
-166.5 283.1 2034.9 -0.7552940845 -0.5697299838 -0.3239422739 -0.6376571059 0.5246310830 0.5640528798 -0.1514076889 0.6325898767 -0.7595431209
277.3 257.1 2193.2 0.5080234408 0.3999957442 0.7628339529 -0.8557193279 0.1333391368 0.4999651313 0.0982683003 -0.9067657590 0.4100234807
402.3 46.6 2217.4 -0.5502120256 0.3999957442 0.7329871655 -0.7563088536 0.1333391368 -0.6404823065 -0.3539260626 -0.9067657590 0.2291555256
34.2 -137.3 2180.1 0.9984756112 0.0386275686 0.0394247733 -0.0456329994 0.9795486331 0.1959644258 -0.0310488530 -0.1974647790 0.9798181653
