169.0 505.4 2266.2 91 0.9933001995 0.1140933558 -0.0183683783 -0.1155556142 0.9788793921 -0.1686475128 -0.0012611329 0.1696401834 0.9855052829
141.4 269.0 2225.3 0.9933001995 0.1140933558 -0.0183683783 -0.1155556142 0.9788793921 -0.1686475128 -0.0012611329 0.1696401834 0.9855052829
130.9 71.1 2212.2 0.9984946251 0.0540068336 -0.0095792357 -0.0545190983 0.9963705540 -0.0653712824 0.0060139727 0.0657951236 0.9978150129
-4.2 277.1 2224.4 0.4924223423 -0.2832572758 -0.8229736090 -0.4173895717 0.7528821230 -0.5088757277 0.7637448311 0.5940823555 0.2525073290
-123.9 378.5 2038.8 -0.9503550529 -0.2832572758 -0.1288045198 -0.3035476208 0.7528821230 0.5839754939 -0.0684406906 0.5940823555 -0.8014873862
287.0 260.9 2226.1 0.5039639473 0.3817000389 0.7748066783 -0.8615064621 0.1578918397 0.4825731218 0.0618625283 -0.9107004404 0.4084088504
405.5 58.3 2240.7 -0.4998711944 0.3817000389 0.7774534822 -0.7935119271 0.1578918397 -0.5877150297 -0.3470844030 -0.9107004404 0.2239579707
32.9 -111.1 2192.0 0.9982231855 0.0386574976 0.0453442298 -0.0445280485 0.9896302819 0.1365620643 -0.0395948738 -0.1383385062 0.9895932078
17.5 -505.4 2247.1 0.9969621897 0.0632204190 0.0454921238 -0.0690370575 0.9876913428 0.1403556466 -0.0360588320 -0.1430699229 0.9890555143
215.4 -123.2 2201.5 0.9848728776 0.0835554525 -0.1518021375 -0.0711688399 0.9938117862 0.0852829218 0.1579886079 -0.0731892511 0.9847248197
182.2 -518.1 2230.6 0.9864681959 -0.0445217751 -0.1577920914 0.0464275554 0.9988862276 0.0084105320 0.1572418958 -0.0156226233 0.9874365330
116.1 455.2 2056.1 0 0 0 0 0 0 0 0 0
275.7 -147.8 2150.5 0 0 0 0 0 0 0 0 0
-6.6 -882.5 2301.7 0 0 0 0 0 0 0 0 0
199.2 -899.7 2236.5 0 0 0 0 0 0 0 0 0
167.3 497.5 2260.0 92 0.9931178689 0.1167437285 -0.0093715098 -0.1167203337 0.9799627066 -0.1613984704 -0.0096585285 0.1613815427 0.9868448377
139.6 265.0 2221.7 0.9931178689 0.1167437285 -0.0093715098 -0.1167203337 0.9799627066 -0.1613984704 -0.0096585285 0.1613815427 0.9868448377
127.9 66.9 2214.0 0.9982305765 0.0594422705 0.0015264831 -0.0593373626 0.9974725842 -0.0390841179 -0.0038458738 0.0389243849 0.9992347360
-6.1 273.7 2222.3 0.4798743129 -0.3178515136 -0.8177353144 -0.4252959192 0.7309521437 -0.5336968899 0.7673617005 0.6038869619 0.2155842036
-121.3 375.8 2038.1 -0.9391697049 -0.3178515136 -0.1301178634 -0.3301307261 0.7309521437 0.5972626805 -0.0947309136 0.6038869619 -0.7914206386
285.3 256.3 2221.1 0.5114486217 0.3920185864 0.7646840811 -0.8558220267 0.1522337347 0.4943617284 0.0773882791 -0.9072741270 0.4133578837
404.7 56.4 2239.2 -0.4963788092 0.3920185864 0.7745511532 -0.7953327298 0.1522337347 -0.5867459178 -0.3479281366 -0.9072741270 0.2362196147
29.0 -121.2 2198.3 0.9979789853 0.0294697303 0.0562984906 -0.0368257277 0.9902359247 0.1344497204 -0.0517865904 -0.1362512261 0.9893198609
17.3 -515.2 2252.5 0.9964416027 0.0629953593 0.0559979118 -0.0695677847 0.9897854328 0.1244393885 -0.0475868136 -0.1278922409 0.9906457663
211.7 -131.9 2199.6 0.9869791865 0.0762821883 -0.1416090727 -0.0633177534 0.9935654998 0.0939067379 0.1478613019 -0.0837176219 0.9854584932
181.4 -526.7 2232.9 0.9871721864 -0.0569164231 -0.1491698325 0.0550769493 0.9983468056 -0.0164369550 0.1498587579 0.0080102850 0.9886749387
117.1 459.6 2062.1 0 0 0 0 0 0 0 0 0
275.8 -150.2 2148.8 0 0 0 0 0 0 0 0 0
-6.8 -893.3 2301.3 0 0 0 0 0 0 0 0 0
203.2 -908.0 2229.8 0 0 0 0 0 0 0 0 0
167.7 495.4 2255.4 93 0.9923831820 0.1229054630 -0.0083573163 -0.1227405369 0.9807050228 -0.1521590054 -0.0105051100 0.1520258188 0.9883207083
138.6 263.2 2219.4 0.9923831820 0.1229054630 -0.0083573163 -0.1227405369 0.9807050228 -0.1521590054 -0.0105051100 0.1520258188 0.9883207083
126.7 65.0 2214.1 0.9981949329 0.0599700511 0.0032440079 -0.0598628037 0.9978510141 -0.0266426336 -0.0048347968 0.0264003463 0.9996397495
-7.2 272.0 2220.1 0.4717544019 -0.3368782699 -0.8148379326 -0.4350374341 0.7148909569 -0.5474242568 0.7669355869 0.6127347946 0.1906982958
-119.4 375.5 2037.6 -0.9330842495 -0.3368782699 -0.1259635091 -0.3405455351 0.7148909569 0.6107042432 -0.1156828031 0.6127347946 -0.7817758918
284.3 254.4 2218.7 0.5198104382 0.3858953416 0.7621560693 -0.8498506546 0.1428414732 0.5072969198 0.0868960172 -0.9114170671 0.4022039175
405.4 56.4 2238.9 -0.5109765530 0.3858953416 0.7681065798 -0.7894625068 0.1428414732 -0.5969466567 -0.3400764167 -0.9114170671 0.2316612452
24.8 -125.4 2206.5 0.9980805516 0.0229001045 0.0575395338 -0.0300380662 0.9915211797 0.1264256090 -0.0541565083 -0.1279113144 0.9903059006
15.7 -519.7 2257.3 0.9970165491 0.0521594137 0.0568983406 -0.0576483570 0.9933631420 0.0995306149 -0.0513292551 -0.1025137603 0.9934063554
207.7 -136.7 2205.9 0.9876927733 0.0649562404 -0.1422802955 -0.0551001430 0.9958704114 0.0721532851 0.1463795453 -0.0634256154 0.9871931076
181.9 -532.3 2231.1 0.9868249297 -0.0667203218 -0.1473940164 0.0652491152 0.9977592230 -0.0147995763 0.1480511874 0.0049872613 0.9889671206
118.2 462.2 2067.1 0 0 0 0 0 0 0 0 0
272.7 -148.7 2150.6 0 0 0 0 0 0 0 0 0
-4.2 -899.1 2296.5 0 0 0 0 0 0 0 0 0
207.4 -913.5 2229.2 0 0 0 0 0 0 0 0 0
168.4 492.2 2255.6 94 0.9918981791 0.1263838261 -0.0128515530 -0.1267734617 0.9782784581 -0.1640115380 -0.0081560081 0.1643119901 0.9863746762
138.6 261.6 2216.8 0.9918981791 0.1263838261 -0.0128515530 -0.1267734617 0.9782784581 -0.1640115380 -0.0081560081 0.1643119901 0.9863746762
126.7 63.3 2213.9 0.9981874824 0.0601686426 0.0012337322 -0.0601438917 0.9980801344 -0.0147903897 -0.0021212811 0.0146893794 0.9998898506
-7.2 270.4 2217.2 0.4671449661 -0.3486518562 -0.8125376701 -0.4462626576 0.7003619671 -0.5570841432 0.7632988691 0.6228442788 0.1715802699
-118.1 376.3 2036.0 -0.9295012951 -0.3486518562 -0.1202882752 -0.3436639309 0.7003619671 0.6256102920 -0.1338748485 0.6228442788 -0.7708064318
284.4 252.8 2216.5 0.5303041935 0.3892872036 0.7531486750 -0.8416911960 0.1352283806 0.5227515697 0.1016534269 -0.9111359715 0.3993717730
407.1 58.1 2240.0 -0.5176120400 0.3892872036 0.7619273067 -0.7861000896 0.1352283806 -0.6031251550 -0.3378230929 -0.9111359715 0.2360228598
23.4 -127.6 2209.3 0.9983397722 0.0179569926 0.0547283702 -0.0232128613 0.9950169325 0.0969663784 -0.0527144298 -0.0980757996 0.9937818050
16.2 -523.0 2248.2 0.9972479939 0.0489651412 0.0556669086 -0.0570199117 0.9864570498 0.1537895054 -0.0473826900 -0.1565403938 0.9865343571
206.4 -138.7 2208.4 0.9874881506 0.0599589944 -0.1458493620 -0.0519219637 0.9969477057 0.0583043918 0.1489000469 -0.0500021130 0.9875872731
182.6 -534.9 2228.3 0.9872869849 -0.0569982715 -0.1483765841 0.0597001575 0.9981207252 0.0138164237 0.1473102272 -0.0224988814 0.9888344407
119.1 464.0 2070.1 0 0 0 0 0 0 0 0 0
272.6 -146.2 2152.3 0 0 0 0 0 0 0 0 0
-2.4 -899.3 2308.0 0 0 0 0 0 0 0 0 0
204.3 -916.1 2236.9 0 0 0 0 0 0 0 0 0
169.7 492.6 2249.7 95 0.9910195470 0.1320140213 -0.0212732572 -0.1336911172 0.9813421965 -0.1381816268 0.0026344310 0.1397847533 0.9901784062
138.2 259.1 2216.4 0.9910195470 0.1320140213 -0.0212732572 -0.1336911172 0.9813421965 -0.1381816268 0.0026344310 0.1397847533 0.9901784062
127.1 60.7 2213.6 0.9983792901 0.0561201759 -0.0094479807 -0.0562470742 0.9983221889 -0.0137487659 0.0086605456 0.0142579051 0.9998608232
-7.6 267.3 2215.1 0.4683300555 -0.3379839361 -0.8163539767 -0.4636451602 0.6925042272 -0.5526943803 0.7521303892 0.6373419762 0.1676159203
-119.0 377.6 2036.2 -0.9335499406 -0.3379839361 -0.1193790659 -0.3325791657 0.6925042272 0.6401789188 -0.1336996704 0.6373419762 -0.7588936687
284.1 250.8 2217.7 0.5436581969 0.3840054870 0.7463079691 -0.8328663707 0.1368852407 0.5362798572 0.1037758589 -0.9131277204 0.3942440152
408.5 60.2 2241.4 -0.5169659257 0.3840054870 0.7650398612 -0.7875350714 0.1368852407 -0.6008751988 -0.3354620337 -0.9131277204 0.2316527665
23.2 -129.4 2211.2 0.9989362359 0.0147713395 0.0436829738 -0.0190340318 0.9949216843 0.0988361835 -0.0420011953 -0.0995625108 0.9941444397
17.4 -524.8 2250.7 0.9973399043 0.0579202287 0.0442537479 -0.0635848641 0.9881518483 0.1396884769 -0.0356386378 -0.1421307474 0.9892061353
206.3 -140.5 2210.8 0.9858528376 0.0584029146 -0.1571092010 -0.0509251617 0.9973886013 0.0512108058 0.1596897990 -0.0424855053 0.9862526059
183.1 -536.8 2227.7 0.9846732020 -0.0694984123 -0.1599644423 0.0701887682 0.9975328445 -0.0013374981 0.1596627384 -0.0099107083 0.9871218801
118.8 462.3 2070.2 0 0 0 0 0 0 0 0 0
274.1 -144.4 2154.2 0 0 0 0 0 0 0 0 0
-4.7 -902.0 2305.0 0 0 0 0 0 0 0 0 0
209.6 -917.9 2231.5 0 0 0 0 0 0 0 0 0
170.4 490.0 2252.2 96 0.9911522865 0.1314932108 -0.0180747546 -0.1327180862 0.9800354838 -0.1480418295 -0.0017525955 0.1491308510 0.9888159037
139.5 259.6 2217.2 0.9911522865 0.1314932108 -0.0180747546 -0.1327180862 0.9800354838 -0.1480418295 -0.0017525955 0.1491308510 0.9888159037
127.3 61.3 2213.6 0.9980971217 0.0614307038 -0.0053346446 -0.0615150183 0.9979541302 -0.0174214020 0.0042535216 0.0177164115 0.9998340011
-6.3 268.6 2216.5 0.4675385356 -0.2851498723 -0.8367181420 -0.4718538523 0.7199096680 -0.5090029240 0.7475036383 0.6327871680 0.2020364404
-119.1 382.4 2036.2 -0.9523490071 -0.2851498723 -0.1082631052 -0.2873742878 0.7199096680 0.6317800879 -0.1022123545 0.6327871680 -0.7675499916
285.3 250.6 2217.8 0.5434416533 0.3888646960 0.7439458370 -0.8325742483 0.1365103722 0.5368286967 0.1071974114 -0.9111252427 0.3979441524
409.2 60.6 2242.2 -0.5184049606 0.3888646960 0.7616039515 -0.7851200104 0.1365103722 -0.6041121483 -0.3388847113 -0.9111252427 0.2345378101
24.4 -132.5 2209.9 0.9987130165 0.0152431084 0.0483734161 -0.0198142547 0.9952349663 0.0954714194 -0.0466876328 -0.0963070318 0.9942561388
18.4 -528.0 2248.2 0.9965884089 0.0661167875 0.0493975841 -0.0736707300 0.9824585915 0.1713118404 -0.0372044891 -0.1743665636 0.9839777350
207.5 -142.8 2211.5 0.9861305952 0.0652948022 -0.1525876820 -0.0582460724 0.9970381856 0.0502214842 0.1554149538 -0.0406373069 0.9870130420
181.6 -539.0 2227.7 0.9857273102 -0.0628309399 -0.1561855227 0.0622059070 0.9980237484 -0.0088913748 0.1564355195 -0.0009511915 0.9876877069
120.4 454.6 2061.9 0 0 0 0 0 0 0 0 0
274.5 -143.4 2154.2 0 0 0 0 0 0 0 0 0
-6.9 -903.0 2314.8 0 0 0 0 0 0 0 0 0
205.6 -920.3 2228.0 0 0 0 0 0 0 0 0 0
174.6 496.3 2260.0 97 0.9887106419 0.1481361389 -0.0225164387 -0.1497900486 0.9733877778 -0.1734336317 -0.0037745635 0.1748484224 0.9845881462
138.7 260.6 2217.7 0.9887106419 0.1481361389 -0.0225164387 -0.1497900486 0.9733877778 -0.1734336317 -0.0037745635 0.1748484224 0.9845881462
127.6 62.3 2213.4 0.9984154701 0.0558663197 -0.0067412769 -0.0559964664 0.9982106686 -0.0209732968 0.0055575138 0.0213175528 0.9997572899
-7.1 268.8 2216.8 0.4613955021 -0.2543498278 -0.8499531746 -0.4708981514 0.7417296171 -0.4775899351 0.7519103289 0.6205992103 0.2224578559
-118.0 382.0 2036.1 -0.9618383050 -0.2543498278 -0.1008627489 -0.2609354854 0.7417296171 0.6178591251 -0.0823394582 0.6205992103 -0.7797928452
284.6 252.4 2218.5 0.5419407487 0.3919656873 0.7434131503 -0.8337780237 0.1397971958 0.5341075659 0.1054247841 -0.9092962146 0.4025741816
409.6 60.1 2242.8 -0.5260463357 0.3919656873 0.7547437549 -0.7768069506 0.1397971958 -0.6140258312 -0.3461880982 -0.9092962146 0.2309418768
23.5 -131.4 2209.7 0.9987893701 0.0162487775 0.0464305691 -0.0207662415 0.9949171543 0.0985323563 -0.0445935391 -0.0993772596 0.9940500855
17.1 -526.8 2249.2 0.9970688224 0.0602049865 0.0472132862 -0.0666724965 0.9864084125 0.1501773745 -0.0375301540 -0.1528850049 0.9875310659
206.6 -142.7 2210.5 0.9863196611 0.0581227168 -0.1542572677 -0.0513667874 0.9975529313 0.0474299416 0.1566365510 -0.0388573818 0.9868916273
183.5 -539.1 2226.0 0.9863697290 -0.0512930043 -0.1563452333 0.0534571782 0.9985233545 0.0096663069 0.1556185484 -0.0178923272 0.9876551628
124.0 447.7 2056.8 0 0 0 0 0 0 0 0 0
272.9 -141.8 2152.8 0 0 0 0 0 0 0 0 0
-5.9 -903.4 2307.6 0 0 0 0 0 0 0 0 0
203.1 -920.6 2232.8 0 0 0 0 0 0 0 0 0
176.2 497.0 2271.9 98 0.9889472127 0.1226731986 -0.0832747072 -0.1350267977 0.9771644473 -0.1640654057 0.0612466522 0.1734963506 0.9829282165
149.1 281.3 2233.6 0.9889472127 0.1226731986 -0.0832747072 -0.1350267977 0.9771644473 -0.1640654057 0.0612466522 0.1734963506 0.9829282165
134.6 84.4 2216.1 0.9943239689 0.0754515082 -0.0750131011 -0.0815522596 0.9932984114 -0.0818990469 0.0683309883 0.0875516683 0.9938136339
4.2 293.5 2223.8 0.5022300482 -0.2433411777 -0.8297891617 -0.3622370362 0.8121344447 -0.4574078619 0.7852065563 0.5303043127 0.3197311461
-117.8 381.5 2033.0 -0.9670036435 -0.2433411777 -0.0754256621 -0.2456495017 0.8121344447 0.5292389989 -0.0675298721 0.5303043127 -0.8451136351
294.0 269.2 2243.4 0.4879181087 0.3275731206 0.8090931773 -0.8728606701 0.1906182617 0.4491980970 -0.0070827124 -0.9253975153 0.3789317906
410.4 60.9 2241.7 -0.5304606557 0.3275731206 0.7818614841 -0.7733988166 0.1906182617 -0.6045815945 -0.3470817506 -0.9253975153 0.1522291750
25.6 -126.3 2205.9 0.9996944666 0.0183256604 -0.0165888723 -0.0162981804 0.9932274222 0.1150377691 0.0185846649 -0.1147322506 0.9932225943
18.2 -525.9 2252.0 0.9985994101 0.0504050665 -0.0160785988 -0.0476128273 0.9886763096 0.1423102915 0.0230696891 -0.1413454264 0.9896914959
208.1 -141.2 2209.7 0.9745516181 0.0634401739 -0.2149989009 -0.0522766747 0.9969917536 0.0572236218 0.2179824263 -0.0445279442 0.9749363661
182.9 -537.4 2227.4 0.9740791917 -0.0610154308 -0.2178229988 0.0644735992 0.9978806376 0.0087973792 0.2168245763 -0.0226131771 0.9759486318
126.0 443.4 2050.1 0 0 0 0 0 0 0 0 0
272.6 -140.0 2151.5 0 0 0 0 0 0 0 0 0
-1.0 -903.5 2306.0 0 0 0 0 0 0 0 0 0
206.2 -918.7 2236.0 0 0 0 0 0 0 0 0 0
174.3 496.0 2263.8 99 0.9916667342 0.0997502878 -0.0815289989 -0.1095133796 0.9860084653 -0.1256748438 0.0678521767 0.1335560828 0.9887157679
153.4 289.7 2235.9 0.9916667342 0.0997502878 -0.0815289989 -0.1095133796 0.9860084653 -0.1256748438 0.0678521767 0.1335560828 0.9887157679
137.8 92.6 2218.4 0.9937840104 0.0799031556 -0.0775167122 -0.0861908123 0.9929413199 -0.0814780295 0.0704591945 0.0876527950 0.9936560988
8.4 302.4 2225.7 0.4952439964 -0.2447964847 -0.8335514665 -0.3296577036 0.8347645402 -0.4410146773 0.8037780523 0.4931965172 0.3327130973
-111.6 382.3 2030.8 -0.9676470160 -0.2447964847 -0.0611056611 -0.2423991263 0.8347645402 0.4943791926 -0.0700134486 0.4931965172 -0.8670958877
298.4 276.9 2246.1 0.4467850924 0.3234797716 0.8341126442 -0.8942230940 0.1899747252 0.4053080678 -0.0273513626 -0.9269683957 0.3741409779
406.3 61.1 2239.5 -0.5188597441 0.3234797716 0.7912935019 -0.7836154699 0.1899747252 -0.5914865732 -0.3416597247 -0.9269683957 0.1549135298
29.4 -102.6 2191.1 0.9995231628 0.0253310706 -0.0176560450 -0.0226929728 0.9904114604 0.1362723857 0.0209386740 -0.1358067393 0.9905140400
19.3 -498.5 2245.4 0.9989309311 0.0428467803 -0.0173521433 -0.0398127474 0.9881713986 0.1480955034 0.0234923065 -0.1472463459 0.9888208508
211.0 -120.2 2204.8 0.9733839631 0.0770852640 -0.2158274353 -0.0629165545 0.9954344034 0.0717765838 0.2203749716 -0.0562870540 0.9737898111
180.4 -515.7 2227.2 0.9720778465 -0.0773046836 -0.2215595245 0.0764533728 0.9969956875 -0.0124291796 0.2218547314 -0.0048568440 0.9750676155
134.1 443.8 2048.6 0 0 0 0 0 0 0 0 0
271.4 -142.5 2150.7 0 0 0 0 0 0 0 0 0
2.9 -876.0 2301.6 0 0 0 0 0 0 0 0 0
209.9 -896.6 2229.0 0 0 0 0 0 0 0 0 0
172.9 489.2 2245.8 00 0.9906843901 0.1240514293 -0.0561756939 -0.1277763098 0.9894387722 -0.0684407800 0.0470922329 0.0749811381 0.9960723519
147.0 282.3 2230.1 0.9906843901 0.1240514293 -0.0561756939 -0.1277763098 0.9894387722 -0.0684407800 0.0470922329 0.0749811381 0.9960723519
137.3 84.5 2217.0 0.9972050190 0.0497978255 -0.0556984991 -0.0532853939 0.9965906739 -0.0629893541 0.0523718707 0.0657812208 0.9964587092
1.5 290.2 2222.6 0.4492194057 -0.2449403554 -0.8591892719 -0.3812474608 0.8171733022 -0.4322941303 0.8079927564 0.5217586160 0.2737071812
-107.2 382.4 2027.0 -0.9643419385 -0.2449403554 -0.1002437621 -0.2609823346 0.8171733022 0.5139222145 -0.0439637713 0.5217586160 -0.8519595861
292.5 274.4 2237.7 0.4610551894 0.3463747799 0.8169777393 -0.8873664141 0.1768620610 0.4257941544 0.0029919790 -0.9212732315 0.3889045119
404.2 59.3 2238.4 -0.4924649894 0.3463747799 0.7984377146 -0.8015806079 0.1768620610 -0.5711290240 -0.3390380144 -0.9212732315 0.1905489266
31.2 -95.4 2193.9 0.9994466305 0.0330990516 -0.0033031919 -0.0324387886 0.9918254614 0.1234096214 0.0073609315 -0.1232341826 0.9923503399
18.0 -490.7 2243.0 0.9991239309 0.0417950824 -0.0021329490 -0.0409304984 0.9865362644 0.1583378315 0.0087219747 -0.1581118107 0.9873827100
213.2 -112.5 2207.4 0.9762998223 0.0804334357 -0.2009206116 -0.0701552704 0.9958616495 0.0577740110 0.2047360986 -0.0423091166 0.9779024124
181.2 -508.2 2224.2 0.9776238799 -0.0564515665 -0.2026445270 0.0650075153 0.9972419739 0.0358116105 0.2000640035 -0.0481837019 0.9785973430
138.8 449.0 2038.2 0 0 0 0 0 0 0 0 0
276.3 -148.8 2150.3 0 0 0 0 0 0 0 0 0
2.1 -867.6 2303.4 0 0 0 0 0 0 0 0 0
202.7 -888.8 2242.6 0 0 0 0 0 0 0 0 0
156.8 481.6 2240.2 01 0.9965894818 0.0696523488 -0.0442490242 -0.0722530037 0.9955692291 -0.0601786114 0.0398613848 0.0631704926 0.9972063899
142.7 278.8 2227.3 0.9965894818 0.0696523488 -0.0442490242 -0.0722530037 0.9955692291 -0.0601786114 0.0398613848 0.0631704926 0.9972063899
136.6 80.7 2215.7 0.9985452890 0.0310643688 -0.0440717787 -0.0335433036 0.9978293180 -0.0566705167 0.0422156788 0.0580663905 0.9974197149
-3.1 283.7 2221.2 0.4107788503 -0.2625563443 -0.8731122017 -0.4050385356 0.8053985238 -0.4327550828 0.8168258667 0.5314106941 0.2244952470
-103.2 382.4 2022.1 -0.9616506696 -0.2625563443 -0.0793230906 -0.2636834383 0.8053985238 0.5308523774 -0.0754919499 0.5314106941 -0.8437438011
288.4 273.8 2233.4 0.4700481594 0.3729680777 0.7999684811 -0.8822818995 0.1726992875 0.4378968477 0.0251675695 -0.9116302729 0.4102399647
403.1 58.6 2239.5 -0.4828347266 0.3729680777 0.7923164964 -0.8028851748 0.1726992875 -0.5705701709 -0.3496369720 -0.9116302729 0.2160653323
36.3 -107.8 2198.7 0.9989158511 0.0463472195 0.0043598725 -0.0465337113 0.9915248156 0.1212977320 0.0012988909 -0.1213691086 0.9926065803
17.8 -502.4 2247.0 0.9988943338 0.0467332862 0.0051131183 -0.0469924174 0.9893991351 0.1374085099 0.0013626367 -0.1374968588 0.9905012846
218.9 -118.2 2208.6 0.9767799973 0.0950903222 -0.1919861436 -0.0852747485 0.9946222901 0.0587765463 0.1965427846 -0.0410401821 0.9796359539
181.1 -513.4 2224.9 0.9789103270 -0.0615712218 -0.1947911978 0.0683918223 0.9972519875 0.0284788813 0.1925024241 -0.0412003957 0.9804311991
142.6 449.8 2041.4 0 0 0 0 0 0 0 0 0
277.7 -150.0 2148.7 0 0 0 0 0 0 0 0 0
-0.0 -880.3 2299.6 0 0 0 0 0 0 0 0 0
204.6 -894.3 2240.6 0 0 0 0 0 0 0 0 0
157.9 472.5 2236.1 02 0.9978687763 0.0638813078 -0.0133081321 -0.0645569786 0.9961827397 -0.0587565452 0.0095038870 0.0594904535 0.9981836081
145.1 271.9 2224.2 0.9978687763 0.0638813078 -0.0133081321 -0.0645569786 0.9961827397 -0.0587565452 0.0095038870 0.0594904535 0.9981836081
136.3 73.8 2212.8 0.9989206195 0.0445383824 -0.0131892329 -0.0452163592 0.9973741770 -0.0565703064 0.0106350509 0.0571056120 0.9983115196
-0.7 278.6 2222.6 0.3956210017 -0.2859805226 -0.8727537990 -0.4199001789 0.7888244390 -0.4488204420 0.8168034554 0.5440322757 0.1919922531
-99.1 383.0 2019.6 -0.9565741420 -0.2859805226 -0.0564005114 -0.2684291899 0.7888244390 0.5529029965 -0.1136293784 0.5440322757 -0.8313345909
290.9 265.3 2225.7 0.4785868824 0.4044082463 0.7793642282 -0.8756837845 0.1548507363 0.4573828876 0.0642842948 -0.9013741016 0.4282432795
403.4 59.3 2240.8 -0.4846945703 0.4044082463 0.7755805254 -0.7994883657 0.1548507363 -0.5803788900 -0.3548092246 -0.9013741016 0.2482643574
39.0 -114.1 2200.1 0.9980646372 0.0502578020 0.0366207212 -0.0540401936 0.9923595190 0.1109152585 -0.0307665672 -0.1126795858 0.9931549430
19.0 -508.7 2244.9 0.9980046749 0.0496867783 0.0389599651 -0.0552452654 0.9859258533 0.1577914804 -0.0305714868 -0.1596289873 0.9867035747
222.0 -120.6 2207.9 0.9816576242 0.1041037664 -0.1597208232 -0.0946931019 0.9933519363 0.0654609278 0.1654737145 -0.0491357557 0.9849894047
180.6 -515.3 2227.5 0.9840883613 -0.0661383867 -0.1649115682 0.0693498254 0.9974971414 0.0137862395 0.1635870188 -0.0250034686 0.9862120152
145.6 451.6 2048.6 0 0 0 0 0 0 0 0 0
277.5 -148.4 2148.6 0 0 0 0 0 0 0 0 0
0.1 -885.3 2305.9 0 0 0 0 0 0 0 0 0
205.9 -896.3 2237.0 0 0 0 0 0 0 0 0 0
164.4 467.6 2231.6 03 0.9973144531 0.0728877932 -0.0071581313 -0.0731504261 0.9961370230 -0.0485808067 0.0035895314 0.0489739627 0.9987936020
149.8 268.3 2221.8 0.9973144531 0.0728877932 -0.0071581313 -0.0731504261 0.9961370230 -0.0485808067 0.0035895314 0.0489739627 0.9987936020
137.2 70.3 2212.3 0.9979692698 0.0633030385 -0.0070790304 -0.0635684431 0.9968500733 -0.0474232621 0.0040546954 0.0477769598 0.9988498092
4.1 277.6 2221.2 0.4396258891 -0.2850030661 -0.8517642617 -0.4015361667 0.7859163284 -0.4702172577 0.8034287691 0.5487338305 0.2310701162
-106.6 378.8 2018.8 -0.9557262063 -0.2850030661 -0.0732166693 -0.2767257094 0.7859163284 0.5529543161 -0.1000514925 0.5487338305 -0.8299884796
295.5 259.0 2222.4 0.4667540789 0.4101576507 0.7835249305 -0.8811858892 0.1403728724 0.4514497221 0.0751799047 -0.9011471272 0.4269447327
403.8 54.6 2239.8 -0.5063773394 0.4101576507 0.7585200667 -0.7867354751 0.1403728724 -0.6011179090 -0.3530287445 -0.9011471272 0.2516039312
36.0 -120.0 2200.5 0.9980251193 0.0428437963 0.0459375009 -0.0481770672 0.9913483262 0.1220963001 -0.0403089970 -0.1240683049 0.9914546013
18.9 -514.0 2249.8 0.9975626469 0.0525469147 0.0459087975 -0.0577852502 0.9909162521 0.1214323416 -0.0391108803 -0.1237892210 0.9915374517
219.0 -128.4 2202.5 0.9841826558 0.0944776759 -0.1498614997 -0.0813342258 0.9924739003 0.0915438086 0.1573824733 -0.0779069662 0.9844598770
181.5 -522.7 2233.4 0.9855093956 -0.0614250675 -0.1581082940 0.0618044138 0.9980850816 -0.0025211440 0.1579603851 -0.0072871791 0.9874185324
135.7 448.9 2044.2 0 0 0 0 0 0 0 0 0
272.2 -149.8 2148.1 0 0 0 0 0 0 0 0 0
-1.1 -892.4 2297.0 0 0 0 0 0 0 0 0 0
204.9 -903.9 2236.2 0 0 0 0 0 0 0 0 0
164.4 480.6 2235.2 04 0.9970440865 0.0766013786 -0.0059471228 -0.0768281296 0.9947699308 -0.0673065186 0.0007602473 0.0675644651 0.9977146387
148.1 268.0 2220.7 0.9970440865 0.0766013786 -0.0059471228 -0.0768281296 0.9947699308 -0.0673065186 0.0007602473 0.0675644651 0.9977146387
137.9 69.8 2213.4 0.9986813664 0.0511828735 -0.0039838776 -0.0512947962 0.9980093837 -0.0366899557 0.0020980500 0.0368459262 0.9993187785
2.2 275.5 2220.4 0.4601345062 -0.3032761514 -0.8344458342 -0.3908875287 0.7746641040 -0.4970939755 0.7971720099 0.5549045801 0.2379028350
-113.1 373.5 2020.5 -0.9475160837 -0.3032761514 -0.1011773571 -0.3069859743 0.7746641040 0.5528608561 -0.0892910361 0.5549045801 -0.8271082640
293.9 260.5 2221.0 0.4521141946 0.4172754884 0.7883361578 -0.8886708617 0.1348955482 0.4382548034 0.0765299425 -0.8987126350 0.4318087697
403.0 46.0 2239.5 -0.5349278450 0.4172754884 0.7346654534 -0.7629945278 0.1348955482 -0.6321728826 -0.3628933728 -0.8987126350 0.2462195158
33.2 -121.8 2202.4 0.9982452989 0.0367841087 0.0464033447 -0.0420374088 0.9921413064 0.1178495362 -0.0417036861 -0.1195934191 0.9919466972
18.6 -516.1 2249.9 0.9977493882 0.0486005582 0.0461972281 -0.0535317436 0.9922304749 0.1123077944 -0.0403800756 -0.1145280525 0.9925990105
216.1 -133.5 2203.2 0.9851419330 0.0832212418 -0.1502316445 -0.0718654096 0.9942405224 0.0795059055 0.1559829712 -0.0675281435 0.9854487777
183.1 -528.5 2230.0 0.9860724807 -0.0598447621 -0.1551763862 0.0631895140 0.9978616834 0.0167077221 0.1538446993 -0.0262805447 0.9877454638
127.3 451.4 2043.2 0 0 0 0 0 0 0 0 0
264.1 -152.0 2145.3 0 0 0 0 0 0 0 0 0
0.0 -895.1 2293.7 0 0 0 0 0 0 0 0 0
205.9 -909.7 2240.1 0 0 0 0 0 0 0 0 0
167.8 484.4 2238.0 05 0.9949655533 0.0991147459 -0.0148265744 -0.1000603586 0.9907563925 -0.0915953144 0.0056110774 0.0926177353 0.9956859350
145.8 263.9 2217.4 0.9949655533 0.0991147459 -0.0148265744 -0.1000603586 0.9907563925 -0.0915953144 0.0056110774 0.0926177353 0.9956859350
137.7 65.5 2212.4 0.9991307855 0.0404378772 -0.0101216333 -0.0406757444 0.9988715649 -0.0245160833 0.0091188336 0.0249064788 0.9996482134
-0.2 269.9 2216.0 0.4629556835 -0.3252291083 -0.8245593309 -0.4048479199 0.7499672174 -0.5231131315 0.7885240912 0.5759993196 0.2155332565
-115.5 370.7 2019.6 -0.9392527938 -0.3252291083 -0.1096822098 -0.3268425465 0.7499672174 0.5750852823 -0.1047764122 0.5759993196 -0.8107075095
291.7 258.0 2218.7 0.4774178863 0.4190748632 0.7723007202 -0.8731294870 0.1276572645 0.4704769254 0.0985752642 -0.8989326358 0.4268524945
406.5 48.1 2242.4 -0.5449639559 0.4190748632 0.7262166142 -0.7565299869 0.1276572645 -0.6413782239 -0.3614923358 -0.8989326358 0.2474740893
36.2 -123.7 2205.9 0.9983597994 0.0426681787 0.0381732360 -0.0468358397 0.9921516180 0.1159376726 -0.0329267867 -0.1175353825 0.9925226569
19.3 -518.1 2252.6 0.9976106882 0.0576551221 0.0380635187 -0.0616362058 0.9916369915 0.1133890525 -0.0312077347 -0.1154642180 0.9928212762
219.3 -133.2 2206.3 0.9830367565 0.0901190639 -0.1597412229 -0.0810316131 0.9947481155 0.0625306070 0.1645374894 -0.0485257953 0.9851764441
183.5 -528.4 2225.6 0.9850659370 -0.0587861314 -0.1618311405 0.0659010559 0.9970656633 0.0389495641 0.1590665728 -0.0490327328 0.9860494733
123.3 453.8 2046.3 0 0 0 0 0 0 0 0 0
264.9 -148.4 2148.5 0 0 0 0 0 0 0 0 0
-2.8 -896.9 2296.7 0 0 0 0 0 0 0 0 0
206.0 -909.2 2244.3 0 0 0 0 0 0 0 0 0
172.8 492.1 2245.4 06 0.9923761487 0.1210555360 -0.0231337510 -0.1230432913 0.9838980436 -0.1296342611 0.0070683062 0.1314923912 0.9912919998
144.7 263.7 2214.8 0.9923761487 0.1210555360 -0.0231337510 -0.1230432913 0.9838980436 -0.1296342611 0.0070683062 0.1314923912 0.9912919998
138.1 65.1 2211.8 0.9993457794 0.0332558528 -0.0142135490 -0.0334684551 0.9993273616 -0.0149909481 0.0137054520 0.0154568460 0.9997866154
-1.3 268.6 2212.8 0.4685702324 -0.3134509325 -0.8259482384 -0.4038182795 0.7555495501 -0.5158252120 0.7857307196 0.5752333403 0.2274508178
-118.0 369.2 2017.0 -0.9440655112 -0.3134509325 -0.1024149135 -0.3132728636 0.7555495501 0.5753303170 -0.1029582694 0.5752333403 -0.8114839792
290.7 258.8 2216.8 0.4916214049 0.4275302887 0.7586344481 -0.8631473184 0.1239307970 0.4895078242 0.1152612492 -0.8954657912 0.4299486578
409.1 50.8 2244.6 -0.5417940617 0.4275302887 0.7236553431 -0.7578176260 0.1239307970 -0.6405884624 -0.3635541797 -0.8954657912 0.2568450272
38.1 -129.2 2206.6 0.9982960820 0.0480609722 0.0330912247 -0.0518479571 0.9907807708 0.1251609027 -0.0267707948 -0.1266633570 0.9915844202
19.0 -523.0 2257.0 0.9981651306 0.0522296280 0.0306348931 -0.0544084497 0.9956809878 0.0752268136 -0.0265735127 -0.0767555758 0.9966957569
221.3 -136.7 2208.3 0.9812623858 0.0974505171 -0.1662154198 -0.0901954249 0.9946342111 0.0506706759 0.1702614427 -0.0347293578 0.9847867489
182.6 -531.9 2222.1 0.9831426144 -0.0728228614 -0.1677123606 0.0797907114 0.9961906075 0.0351804569 0.1645115316 -0.0479692928 0.9852080345
121.8 448.8 2043.2 0 0 0 0 0 0 0 0 0
268.4 -146.1 2150.1 0 0 0 0 0 0 0 0 0
1.6 -854.8 2282.6 0 0 0 0 0 0 0 0 0
210.4 -912.4 2240.4 0 0 0 0 0 0 0 0 0
172.7 493.9 2248.1 07 0.9922191501 0.1186616570 -0.0376906171 -0.1229536831 0.9815082550 -0.1467104256 0.0195847526 0.1502030939 0.9884611368
144.3 258.8 2212.1 0.9922191501 0.1186616570 -0.0376906171 -0.1229536831 0.9815082550 -0.1467104256 0.0195847526 0.1502030939 0.9884611368
137.5 60.3 2210.6 0.9990530014 0.0342142656 -0.0268780589 -0.0344034098 0.9993861914 -0.0066063353 0.0266355295 0.0075247763 0.9996168613
-1.6 263.8 2208.2 0.4669658840 -0.3139418364 -0.8266700506 -0.4214145243 0.7428610325 -0.5201607943 0.7774012089 0.5912681222 0.2145911008
-117.2 368.1 2015.8 -0.9455852509 -0.3139418364 -0.0854931325 -0.3007122278 0.7428610325 0.5981050134 -0.1242606863 0.5912681222 -0.7968446016
290.2 253.8 2216.0 0.5147696733 0.4359521270 0.7382126451 -0.8467435241 0.1236402541 0.5174344778 0.1343038529 -0.8914363980 0.4327858984
410.4 56.2 2247.3 -0.5243378878 0.4359521270 0.7314475775 -0.7701460719 0.1236402541 -0.6257700324 -0.3632421196 -0.8914363980 0.2709175348
39.9 -130.3 2207.5 0.9983189106 0.0542780906 0.0203284081 -0.0564230233 0.9903439879 0.1266302168 -0.0132588716 -0.1275643259 0.9917416573
18.3 -523.9 2258.1 0.9980441332 0.0599455275 0.0177334044 -0.0611733533 0.9949515462 0.0795568898 -0.0128747988 -0.0804860964 0.9966725707
223.1 -136.5 2210.0 0.9783474207 0.1034517139 -0.1792598814 -0.0954685211 0.9940403700 0.0526263751 0.1836358458 -0.0343732014 0.9823932052
182.0 -531.5 2223.6 0.9800102711 -0.0806084722 -0.1818849444 0.0868867561 0.9958575368 0.0268046577 0.1789708138 -0.0420722328 0.9829543829
124.1 444.9 2047.5 0 0 0 0 0 0 0 0 0
274.2 -143.9 2153.0 0 0 0 0 0 0 0 0 0
-3.2 -879.8 2286.9 0 0 0 0 0 0 0 0 0
212.8 -912.0 2239.7 0 0 0 0 0 0 0 0 0
171.4 494.9 2243.9 08 0.9925624728 0.1180977970 -0.0295404755 -0.1210697517 0.9829826951 -0.1381561756 0.0127218375 0.1407050937 0.9899697900
142.7 255.8 2209.7 0.9925624728 0.1180977970 -0.0295404755 -0.1210697517 0.9829826951 -0.1381561756 0.0127218375 0.1407050937 0.9899697900
135.9 57.3 2206.7 0.9992164969 0.0341264494 -0.0200454630 -0.0344204791 0.9993020892 -0.0145108234 0.0195362698 0.0151894279 0.9996937513
-3.3 260.9 2206.8 0.4457408488 -0.3430157602 -0.8268344998 -0.3596307635 0.7772307992 -0.5163119435 0.8197443485 0.5274964571 0.2230844945
-112.6 349.0 2005.8 -0.9382952452 -0.3430157602 -0.0440712534 -0.3098568916 0.7772307992 0.5476322174 -0.1535929441 0.5274964571 -0.8355576992
288.6 250.8 2212.5 0.5106687546 0.4714254141 0.7190101147 -0.8467828631 0.1309272498 0.5155742764 0.1489168108 -0.8721330762 0.4660554230
407.4 53.9 2247.2 -0.5000425577 0.4714254141 0.7264403105 -0.7749052048 0.1309272498 -0.6183688045 -0.3866255879 -0.8721330762 0.2998408079
39.1 -135.2 2206.7 0.9981446266 0.0546447560 0.0268572941 -0.0573776029 0.9917579293 0.1145600602 -0.0203758273 -0.1158885136 0.9930531979
17.4 -529.3 2252.7 0.9984232783 0.0485975854 0.0280935671 -0.0520057976 0.9891918898 0.1370939463 -0.0211274959 -0.1383388191 0.9901595712
222.3 -141.5 2211.5 0.9800264835 0.0989794508 -0.1724851727 -0.0924580172 0.9946782589 0.0454613008 0.1760669947 -0.0286056418 0.9839624763
183.0 -536.7 2222.9 0.9832090735 -0.0584230423 -0.1728776991 0.0665351972 0.9969205856 0.0415026136 0.1699206233 -0.0523081943 0.9840685129
126.6 428.0 2045.0 0 0 0 0 0 0 0 0 0
277.5 -147.4 2146.8 0 0 0 0 0 0 0 0 0
-0.6 -894.6 2303.8 0 0 0 0 0 0 0 0 0
205.3 -917.6 2242.9 0 0 0 0 0 0 0 0 0
168.7 493.9 2241.8 09 0.9928262234 0.1168464720 -0.0253563263 -0.1192161217 0.9836174250 -0.1352191716 0.0091410419 0.1372720301 0.9904912114
140.3 255.1 2208.5 0.9928262234 0.1168464720 -0.0253563263 -0.1192161217 0.9836174250 -0.1352191716 0.0091410419 0.1372720301 0.9904912114
135.1 56.5 2204.4 0.9995153546 0.0260188542 -0.0170902107 -0.0263671391 0.9994425178 -0.0204803273 0.0165478084 0.0209210217 0.9996441603
-5.7 259.0 2206.1 0.4347995222 -0.3465587199 -0.8311716914 -0.3239821792 0.8009819984 -0.5034514666 0.8402290940 0.4881852865 0.2359877527
-111.8 338.0 2001.2 -0.9372377396 -0.3465587199 -0.0385035276 -0.3170395195 0.8009819984 0.5078521371 -0.1451599449 0.4881852865 -0.8605833650
286.3 251.3 2210.9 0.5084595084 0.4715288877 0.7205063701 -0.8490061760 0.1348617673 0.5108824372 0.1437270641 -0.8714773655 0.4689026773
406.5 50.6 2244.9 -0.5031033754 0.4715288877 0.7242565155 -0.7704907060 0.1348617673 -0.6230219603 -0.3914473653 -0.8714773655 0.2954592109
37.4 -138.1 2201.9 0.9983432889 0.0492208451 0.0297997780 -0.0527195558 0.9899750352 0.1310346872 -0.0230513979 -0.1323886365 0.9909297824
17.9 -531.5 2254.5 0.9985818863 0.0443680249 0.0294217467 -0.0476774089 0.9912053943 0.1234451309 -0.0236859787 -0.1246728301 0.9919151664
220.7 -144.4 2205.4 0.9813018441 0.0929782018 -0.1685283035 -0.0848357156 0.9948811531 0.0549036115 0.1727704704 -0.0395797938 0.9841665626
183.8 -539.8 2221.2 0.9842932224 -0.0560843833 -0.1673958302 0.0680943504 0.9954342842 0.0668862984 0.1628802717 -0.0772344396 0.9836182594
126.6 418.6 2038.1 0 0 0 0 0 0 0 0 0
275.8 -149.6 2143.2 0 0 0 0 0 0 0 0 0
1.2 -903.9 2301.3 0 0 0 0 0 0 0 0 0
205.2 -920.0 2250.7 0 0 0 0 0 0 0 0 0
165.8 497.0 2240.3 10 0.9954072833 0.0848177895 -0.0443884172 -0.0891222358 0.9903421998 -0.1062052697 0.0349516273 0.1096734852 0.9933529496
147.0 277.6 2216.0 0.9954072833 0.0848177895 -0.0443884172 -0.0891222358 0.9903421998 -0.1062052697 0.0349516273 0.1096734852 0.9933529496
140.0 79.3 2206.6 0.9985368252 0.0355543420 -0.0407447144 -0.0374211892 0.9982398152 -0.0460102782 0.0390371308 0.0474676713 0.9981096983
1.2 283.1 2210.3 0.4647137821 -0.3414904177 -0.8169610500 -0.2003722638 0.8581489921 -0.4726851881 0.8624917865 0.3833596706 0.3303684592
-112.5 332.1 1999.3 -0.9397443533 -0.3414904177 -0.0162726361 -0.3188080490 0.8581489921 0.4024198651 -0.1234581843 0.3833596706 -0.9153105617
292.9 272.1 2221.7 0.4628138840 0.4640478194 0.7552899718 -0.8808364868 0.1449593008 0.4506815970 0.0996515155 -0.8738686442 0.4758394361
408.7 51.7 2246.6 -0.5146842003 0.4640478194 0.7209436893 -0.7587854266 0.1449593008 -0.6350051165 -0.3991802335 -0.8738686442 0.2775044739
38.3 -139.4 2198.6 0.9986969233 0.0500227399 0.0101083675 -0.0509602614 0.9881317019 0.1449095011 -0.0027396283 -0.1452358067 0.9893932939
18.4 -532.3 2256.4 0.9989796281 0.0444003120 0.0082640052 -0.0450355187 0.9930742979 0.1085135713 -0.0033887345 -0.1087750196 0.9940606356
221.6 -144.5 2201.7 0.9774035811 0.0971335247 -0.1877426356 -0.0865645111 0.9942066073 0.0637166277 0.1928439885 -0.0460250080 0.9801494479
183.0 -539.6 2220.0 0.9806723595 -0.0537265614 -0.1881359220 0.0660162941 0.9960325360 0.0596746840 0.1841833889 -0.0709413514 0.9803284407
126.0 413.0 2030.6 0 0 0 0 0 0 0 0 0
275.0 -145.5 2142.9 0 0 0 0 0 0 0 0 0
1.6 -908.6 2297.6 0 0 0 0 0 0 0 0 0
203.5 -920.1 2247.1 0 0 0 0 0 0 0 0 0
165.2 497.9 2240.5 11 0.9955895543 0.0676736087 -0.0649750084 -0.0734649599 0.9931076765 -0.0913237408 0.0583469756 0.0956943482 0.9936992526
150.9 287.8 2220.3 0.9955895543 0.0676736087 -0.0649750084 -0.0734649599 0.9931076765 -0.0913237408 0.0583469756 0.0956943482 0.9936992526
142.5 89.8 2207.7 0.9971034527 0.0421940014 -0.0632802323 -0.0460411981 0.9970982671 -0.0606234968 0.0605386607 0.0633613989 0.9961528182
5.2 294.6 2211.5 0.4686355889 -0.3247969151 -0.8215154409 -0.1449940354 0.8890635371 -0.4342151582 0.8714111447 0.3226034939 0.3695531785
-109.3 330.1 1998.4 -0.9457836151 -0.3247969151 -0.0005182733 -0.3055051863 0.8890635371 0.3409290910 -0.1102719456 0.3226034939 -0.9400888681
296.5 281.1 2229.1 0.4451429844 0.4683378637 0.7632216811 -0.8913962245 0.1506554782 0.4274526238 0.0852087215 -0.8706104755 0.4845378399
407.0 59.7 2250.3 -0.4964894950 0.4683378637 0.7308610082 -0.7702000737 0.1506554782 -0.6197538376 -0.4003624022 -0.8706104755 0.2859150171
41.5 -115.4 2193.5 0.9977776408 0.0660334527 -0.0089111542 -0.0637824982 0.9852194190 0.1589793861 0.0192773994 -0.1580577046 0.9872416854
15.2 -507.0 2256.3 0.9998139739 0.0143936295 -0.0128372740 -0.0130406488 0.9949139357 0.0998810083 0.0142096328 -0.0996950194 0.9949165583
224.6 -122.4 2200.7 0.9729787707 0.1020518690 -0.2071176320 -0.0896445289 0.9936184883 0.0684557781 0.2127819508 -0.0480390526 0.9759180546
184.0 -517.3 2219.8 0.9777903557 -0.0300140698 -0.2074250281 0.0444845855 0.9968635440 0.0654533654 0.2048099339 -0.0732268840 0.9760587811
131.9 408.0 2026.5 0 0 0 0 0 0 0 0 0
278.0 -140.4 2146.3 0 0 0 0 0 0 0 0 0
9.8 -885.4 2294.3 0 0 0 0 0 0 0 0 0
195.5 -898.1 2247.7 0 0 0 0 0 0 0 0 0
163.8 500.3 2240.1 12 0.9958047271 0.0637371242 -0.0656549111 -0.0690204948 0.9942704439 -0.0816236362 0.0600762814 0.0858127326 0.9944983721
150.6 294.6 2222.4 0.9958047271 0.0637371242 -0.0656549111 -0.0690204948 0.9942704439 -0.0816236362 0.0600762814 0.0858127326 0.9944983721
140.7 96.7 2208.3 0.9966444373 0.0499331132 -0.0648583472 -0.0543163046 0.9962278008 -0.0676749051 0.0612344705 0.0709706843 0.9955970645
5.1 302.5 2213.5 0.4684962332 -0.3309971690 -0.8191167116 -0.1063597500 0.8992882967 -0.4242265224 0.8770398498 0.2858695686 0.3861083984
-110.3 328.7 1997.6 -0.9435460567 -0.3309971690 0.0127167292 -0.3113316000 0.8992882967 0.3071696460 -0.1131082848 0.2858695686 -0.9515697956
296.2 286.6 2231.3 0.4334030151 0.4678951800 0.7702180743 -0.8979881406 0.1521224082 0.4128875136 0.0760206431 -0.8705933690 0.4860946536
404.9 61.3 2250.4 -0.4693676829 0.4678951800 0.7488445044 -0.7918976545 0.1521224082 -0.5914024711 -0.3906304240 -0.8705933690 0.2991237342
42.8 -104.0 2189.5 0.9979578853 0.0633946583 -0.0078216093 -0.0612390079 0.9843851924 0.1650319695 0.0181616209 -0.1642159671 0.9862571955
17.6 -495.2 2254.8 0.9994272590 0.0318553336 -0.0114170220 -0.0304275621 0.9936046004 0.1087384224 0.0148079041 -0.1083287522 0.9940048456
225.6 -112.5 2200.6 0.9729129076 0.1044324264 -0.2062385231 -0.0905146375 0.9930040240 0.0758294687 0.2127147317 -0.0551078618 0.9755591154
184.1 -507.2 2222.5 0.9772707224 -0.0323757045 -0.2095082998 0.0424298681 0.9981444478 0.0436729155 0.2077056020 -0.0515696704 0.9768310785
129.5 407.8 2026.3 0 0 0 0 0 0 0 0 0
283.1 -144.3 2149.0 0 0 0 0 0 0 0 0 0
5.5 -873.9 2296.1 0 0 0 0 0 0 0 0 0
196.5 -888.5 2242.2 0 0 0 0 0 0 0 0 0
163.1 499.8 2239.0 13 0.9957798123 0.0664379522 -0.0633133352 -0.0711963326 0.9945530891 -0.0761261657 0.0579108074 0.0803125799 0.9950860143
149.1 289.4 2222.0 0.9957798123 0.0664379522 -0.0633133352 -0.0711963326 0.9945530891 -0.0761261657 0.0579108074 0.0803125799 0.9950860143
138.9 91.5 2207.0 0.9966835976 0.0514156930 -0.0630734637 -0.0559327975 0.9958296418 -0.0720751360 0.0591046363 0.0753639787 0.9954028726
3.5 297.6 2213.3 0.4630079269 -0.3423301280 -0.8175779581 -0.1238985881 0.8883524537 -0.4421300888 0.8776518703 0.3060064912 0.3689000010
-110.5 328.1 1997.2 -0.9393891096 -0.3423301280 0.0189252980 -0.3170400858 0.8883524537 0.3321377337 -0.1305130869 0.3060064912 -0.9430410266
294.7 281.2 2230.6 0.4418866038 0.4594729841 0.7704679370 -0.8940048814 0.1546085030 0.4205371141 0.0741045550 -0.8746318221 0.4790905416
402.4 63.2 2248.7 -0.4491507709 0.4594729841 0.7662559152 -0.8090978861 0.1546085030 -0.5669716001 -0.3789778352 -0.8746318221 0.3023160994
39.5 -96.2 2188.6 0.9987371564 0.0498887636 -0.0059331325 -0.0483370535 0.9863746762 0.1572529823 0.0136974491 -0.1567676067 0.9875405431
19.6 -488.2 2250.9 0.9992861152 0.0370916501 -0.0071729906 -0.0358138792 0.9905151725 0.1326541007 0.0120253153 -0.1323025078 0.9911364317
222.2 -106.3 2199.8 0.9744955897 0.0949159637 -0.2033452392 -0.0798375756 0.9935007095 0.0811315179 0.2097243071 -0.0628277212 0.9757398963
184.5 -501.1 2224.7 0.9777112007 -0.0349574685 -0.2070235759 0.0443318523 0.9981827140 0.0408156775 0.2052205503 -0.0490836836 0.9774841666
127.8 408.5 2030.3 0 0 0 0 0 0 0 0 0
285.8 -146.8 2150.3 0 0 0 0 0 0 0 0 0
5.5 -866.1 2301.3 0 0 0 0 0 0 0 0 0
197.9 -882.4 2243.5 0 0 0 0 0 0 0 0 0
161.7 500.0 2239.9 14 0.9960026741 0.0749678835 -0.0485644639 -0.0792318583 0.9925257564 -0.0928166136 0.0412432142 0.0962934420 0.9944981337
144.9 278.5 2218.4 0.9960026741 0.0749678835 -0.0485644639 -0.0792318583 0.9925257564 -0.0928166136 0.0412432142 0.0962934420 0.9944981337
137.2 80.4 2204.0 0.9981114864 0.0392131433 -0.0472844653 -0.0424946696 0.9966049194 -0.0705180019 0.0443587005 0.0723941624 0.9963891506
-0.8 284.7 2211.9 0.4440349936 -0.3556606174 -0.8223980069 -0.1747912914 0.8658281565 -0.4688172936 0.8787951469 0.3519192934 0.3222916126
-109.9 327.6 1996.1 -0.9344494343 -0.3556606174 0.0176009964 -0.3223346770 0.8658281565 0.3826774061 -0.1513427198 0.3519192934 -0.9237143397
290.7 272.2 2224.8 0.4558752775 0.4819773734 0.7482482791 -0.8851183057 0.1571796536 0.4380184114 0.0935055539 -0.8619700670 0.4982613325
401.1 57.8 2247.5 -0.4490929544 0.4819773734 0.7523385882 -0.8004078865 0.1571796536 -0.5784823298 -0.3970677257 -0.8619700670 0.3151902258
37.3 -101.2 2186.6 0.9990096092 0.0439999513 0.0066159503 -0.0444923602 0.9863741398 0.1583871841 0.0004432258 -0.1585246772 0.9873549342
