-72.1 445.6 1846.7 4 0.9861098528 -0.0576262325 0.1557772309 0.0504533425 0.9974931479 0.0496172309 -0.1582459658 -0.0410685576 0.9865452647
-60.6 246.5 1854.9 0.9861098528 -0.0576262325 0.1557772309 0.0504533425 0.9974931479 0.0496172309 -0.1582459658 -0.0410685576 0.9865452647
-51.0 51.0 1862.4 0.9865494370 -0.0488926694 0.1559798270 0.0422182679 0.9980571270 0.0458217412 -0.1579171121 -0.0386202149 0.9866968393
-201.1 240.5 1877.4 0.1014825925 -0.8742153645 -0.4748144448 0.9948168993 0.0922354311 0.0428019129 0.0063766241 -0.4766970575 0.8790445328
-228.2 -24.4 1875.7 -0.0461247601 -0.8773456216 -0.4776371121 0.9306179285 0.1360474527 -0.3397666514 0.3630740941 -0.4601693153 0.8101983666
80.0 252.5 1832.4 0.7133880854 0.5088696480 0.4817978144 -0.0229576733 0.7041291595 -0.7097006440 -0.7003930211 0.4952310622 0.5139998198
246.0 247.2 1669.4 -0.7957559824 0.5088696480 0.3283657730 0.6042010784 0.7041291595 0.3730190098 -0.0413938873 0.4952310622 -0.8677746058
-135.6 -145.3 1886.2 0.9851825237 0.0500570759 0.1640418023 -0.0163897723 0.9795607924 -0.2004795820 -0.1707243323 0.1948203593 0.9658665657
-155.2 -529.0 1809.9 0.9853148460 0.0000000000 0.1707472801 0.0000000000 1.0000000000 0.0000000000 -0.1707472801 0.0000000000 0.9853148460
42.2 -139.3 1854.2 0.9950289726 -0.0284764655 -0.0954275727 0.0269719213 0.9994912744 -0.0170195699 0.0958636850 0.0143610993 0.9952908754
53.4 -530.8 1848.6 0.9953911304 0.0000000000 -0.0958985761 0.0000000000 1.0000000000 0.0000000000 0.0958985761 0.0000000000 0.9953911304
-215.2 -286.4 1773.4 0 0 0 0 0 0 0 0 0
47.1 398.2 1659.1 0 0 0 0 0 0 0 0 0
-155.2 -905.7 1809.9 0 0 0 0 0 0 0 0 0
53.4 -907.5 1848.6 0 0 0 0 0 0 0 0 0
-71.2 445.0 1846.0 5 0.9934595823 -0.0888245702 0.0717509836 0.0883068815 0.9960394502 0.0103616249 -0.0723871738 -0.0039577507 0.9973687530
-51.4 223.8 1846.8 0.9934595823 -0.0888245702 0.0717509836 0.0883068815 0.9960394502 0.0103616249 -0.0723871738 -0.0039577507 0.9973687530
-45.1 28.5 1858.9 0.9971020818 -0.0332268849 0.0684353188 0.0288119987 0.9975004792 0.0645182878 -0.0704080090 -0.0623595640 0.9955672026
-193.0 219.6 1856.8 0.1421783715 -0.8286470175 -0.5414143205 0.9875054955 0.0811918452 0.1350583881 -0.0679572970 -0.5538520217 0.8298372030
-228.4 -26.3 1873.7 -0.0401736796 -0.8354723454 -0.5480620265 0.9333943129 0.1643738747 -0.3189925551 0.3565965295 -0.5243731141 0.7732216716
90.1 228.1 1836.9 0.6822195053 0.4873396456 0.5450473428 0.0870948881 0.6859930754 -0.7223765850 -0.7259414792 0.5402902365 0.4255530834
246.7 248.1 1670.2 -0.8029950261 0.4873396456 0.3430729210 0.5951600075 0.6859930754 0.4185667038 -0.0313615091 0.5402902365 -0.8408941031
-130.6 -148.2 1884.3 0.9948076010 0.0692492798 0.0745812878 -0.0535260513 0.9792802334 -0.1953080297 -0.0865609199 0.1903018653 0.9779020548
-157.7 -531.7 1809.7 0.9962357283 0.0000000000 0.0866851881 0.0000000000 1.0000000000 0.0000000000 -0.0866851881 0.0000000000 0.9962357283
47.7 -140.5 1855.7 0.9830530286 -0.0032142808 -0.1832933128 0.0006768075 0.9999030828 -0.0139046628 0.1833202392 0.0135449665 0.9829599261
49.0 -532.1 1850.4 0.9830532670 0.0000000000 -0.1833202839 0.0000000000 1.0000000000 0.0000000000 0.1833202839 0.0000000000 0.9830532670
-217.1 -289.2 1773.3 0 0 0 0 0 0 0 0 0
45.8 397.0 1662.4 0 0 0 0 0 0 0 0 0
-157.7 -908.4 1809.7 0 0 0 0 0 0 0 0 0
49.0 -908.8 1850.4 0 0 0 0 0 0 0 0 0
-71.4 446.0 1845.1 6 0.9953543544 -0.0927074999 0.0259823501 0.0934104621 0.9952536225 -0.0272889156 -0.0233291406 0.0295891631 0.9992898703
-49.1 206.3 1838.0 0.9953543544 -0.0927074999 0.0259823501 0.0934104621 0.9952536225 -0.0272889156 -0.0233291406 0.0295891631 0.9992898703
-44.5 12.4 1862.0 0.9995267987 -0.0256443992 0.0169865023 0.0233489294 0.9920369983 0.1237637177 -0.0200250838 -0.1233085319 0.9921663404
-191.1 202.7 1840.8 0.1522903740 -0.7969858646 -0.5844836831 0.9826035500 0.0584926382 0.1762637049 -0.1062916815 -0.6011590362 0.7920289636
-229.0 -41.8 1867.2 -0.0452886932 -0.8085476756 -0.5866852403 0.9342070222 0.1737430543 -0.3115615547 0.3538448811 -0.5621956587 0.7474823594
92.9 209.9 1835.2 0.6668734550 0.4615561068 0.5850176811 0.1813240796 0.6609708667 -0.7281751633 -0.7227733731 0.5916785002 0.3570927083
245.9 251.5 1669.4 -0.8115905523 0.4615561068 0.3581713438 0.5839114189 0.6609708667 0.4713438153 -0.0191892013 0.5916785002 -0.8059455752
-128.6 -169.4 1877.3 0.9965962768 0.0800146163 0.0198370963 -0.0751983672 0.9809775352 -0.1789643168 -0.0337795056 0.1768634468 0.9836555719
-159.9 -553.6 1808.0 0.9994260669 0.0000000000 0.0338754207 0.0000000000 1.0000000000 0.0000000000 -0.0338754207 0.0000000000 0.9994260669
50.9 -164.0 1864.6 0.9720304012 0.0108492086 -0.2346042991 -0.0225124322 0.9986367822 -0.0470935516 0.2337735593 0.0510578752 0.9709495306
46.7 -554.9 1844.7 0.9722768068 0.0000000000 -0.2338328212 0.0000000000 1.0000000000 0.0000000000 0.2338328212 0.0000000000 0.9722768068
-216.2 -304.9 1767.6 0 0 0 0 0 0 0 0 0
44.2 396.6 1664.6 0 0 0 0 0 0 0 0 0
-159.9 -930.3 1808.0 0 0 0 0 0 0 0 0 0
46.7 -931.5 1844.7 0 0 0 0 0 0 0 0 0
-71.5 445.2 1846.2 7 0.9952349067 -0.0930046961 0.0292854626 0.0942467377 0.9945604801 -0.0443512425 -0.0250012893 0.0468999632 0.9985866547
-48.5 198.5 1834.6 0.9952349067 -0.0930046961 0.0292854626 0.0942467377 0.9945604801 -0.0443512425 -0.0250012893 0.0468999632 0.9985866547
-46.5 5.0 1862.8 0.9997510910 -0.0111037809 0.0193512961 0.0081829699 0.9894034863 0.1449611634 -0.0207558572 -0.1447667331 0.9892480969
-190.7 197.2 1837.5 0.1509188712 -0.7945972085 -0.5880806446 0.9846598506 0.0681340694 0.1606321037 -0.0875694826 -0.6033018231 0.7926906943
-229.6 -56.7 1860.0 -0.0612567216 -0.8047811389 -0.5904023051 0.9339215755 0.1625031382 -0.3184073567 0.3521904647 -0.5708940625 0.7416480780
93.8 199.8 1831.7 0.6714707017 0.4431940615 0.5938906670 0.2246116996 0.6420106292 -0.7330565453 -0.7061704397 0.6256207824 0.3315447569
247.2 251.1 1670.3 -0.8152033091 0.4431940615 0.3728573024 0.5789366961 0.6420106292 0.5026476383 -0.0166079085 0.6256207824 -0.7799504995
-129.9 -183.8 1887.8 0.9966406822 0.0808576494 0.0130133107 -0.0763172507 0.9745783806 -0.2106482834 -0.0297150165 0.2089475095 0.9774752855
-161.6 -565.3 1806.0 0.9995558262 0.0000000000 0.0298019312 0.0000000000 1.0000000000 0.0000000000 -0.0298019312 0.0000000000 0.9995558262
50.2 -179.2 1884.2 0.9717127085 0.0052371835 -0.2361079752 -0.0323450528 0.9932844043 -0.1110851318 0.2339405864 0.1155797616 0.9653564692
48.1 -567.3 1839.0 0.9722214341 0.0000000000 -0.2340630591 0.0000000000 1.0000000000 0.0000000000 0.2340630591 0.0000000000 0.9722214341
-212.4 -319.7 1760.8 0 0 0 0 0 0 0 0 0
44.1 395.4 1666.1 0 0 0 0 0 0 0 0 0
-161.6 -941.9 1806.0 0 0 0 0 0 0 0 0 0
48.1 -943.9 1839.0 0 0 0 0 0 0 0 0 0
-73.2 444.9 1846.2 8 0.9955688715 -0.0925951749 0.0163938943 0.0934631750 0.9935597777 -0.0640594065 -0.0103567215 0.0653077736 0.9978114367
-48.8 183.6 1829.1 0.9955688715 -0.0925951749 0.0163938943 0.0934631750 0.9935597777 -0.0640594065 -0.0103567215 0.0653077736 0.9978114367
-43.6 -9.3 1861.1 0.9996173382 -0.0275431033 0.0025662500 0.0267509967 0.9861310124 0.1637985110 -0.0070421784 -0.1636671871 0.9864904881
-191.1 179.7 1830.1 0.1570201218 -0.8726711869 -0.4623739123 0.9818609357 0.0875628367 0.1681720316 -0.1062721089 -0.4803932905 0.8705909252
-230.1 -63.9 1856.4 -0.1025091559 -0.8726711869 -0.4774273038 0.9290184975 0.0875628367 -0.3595237732 0.3555509448 -0.4803932905 0.8017517328
93.5 187.5 1828.1 0.6736191511 0.4220679700 0.6067090034 0.2776387334 0.6162668467 -0.7369748354 -0.6849481463 0.6648862958 0.2979467511
247.7 251.1 1671.2 -0.8153926134 0.4220679700 0.3962241113 0.5786066651 0.6162668467 0.5342559814 -0.0186874401 0.6648862958 -0.7467107773
-134.7 -189.4 1892.9 0.9979463816 0.0640490055 0.0008765118 -0.0621898696 0.9720757604 -0.2262766361 -0.0153448302 0.2257574350 0.9740626812
-159.8 -569.9 1804.6 0.9998818040 0.0000000000 0.0153745906 0.0000000000 1.0000000000 0.0000000000 -0.0153745906 0.0000000000 0.9998818040
45.7 -187.7 1889.3 0.9688932300 -0.0120822489 -0.2471839488 -0.0220709853 0.9906089306 -0.1349327564 0.2464929074 0.1361910403 0.9595276117
50.4 -575.1 1836.0 0.9691293240 0.0000000000 -0.2465529740 0.0000000000 1.0000000000 0.0000000000 0.2465529740 0.0000000000 0.9691293240
-201.2 -325.4 1756.4 0 0 0 0 0 0 0 0 0
44.0 395.6 1666.5 0 0 0 0 0 0 0 0 0
-159.8 -946.6 1804.6 0 0 0 0 0 0 0 0 0
50.4 -951.8 1836.0 0 0 0 0 0 0 0 0 0
-73.4 443.7 1846.3 9 0.9943414927 -0.0752327070 0.0750004500 0.0764275938 0.9969879389 -0.0131869931 -0.0737824440 0.0188444778 0.9970963001
-56.1 214.2 1841.9 0.9943414927 -0.0752327070 0.0750004500 0.0764275938 0.9969879389 -0.0131869931 -0.0737824440 0.0188444778 0.9970963001
-49.4 19.9 1862.1 0.9970008135 -0.0363099463 0.0683442429 0.0289596971 0.9939845204 0.1056223959 -0.0717682689 -0.1033263877 0.9920549393
-197.8 209.7 1852.1 0.1089312509 -0.9037567377 -0.4139538109 0.9939793944 0.1039676741 0.0345785879 0.0117871817 -0.4152282476 0.9096409082
-229.7 -81.9 1848.7 -0.1593023390 -0.8928550482 -0.4212275445 0.9212654829 0.0189017355 -0.3884747326 0.3548135459 -0.4499473274 0.8195454478
85.7 218.6 1831.7 0.7061411142 0.4532391429 0.5440027118 0.1416854113 0.6623037457 -0.7357166409 -0.6937506199 0.5965970159 0.4034625292
247.8 251.2 1672.4 -0.8109235764 0.4532391429 0.3701043129 0.5842471719 0.6623037457 0.4690511525 -0.0325291269 0.5965970159 -0.8018814325
-130.8 -193.6 1892.0 0.9940786958 0.0836852193 0.0693134591 -0.0654448196 0.9702987075 -0.2328892648 -0.0867441520 0.2269740552 0.9700300097
-164.4 -583.3 1800.9 0.9962143898 0.0000000000 0.0869305134 0.0000000000 1.0000000000 0.0000000000 -0.0869305134 0.0000000000 0.9962143898
49.0 -187.0 1885.7 0.9830729365 0.0027744351 -0.1831937134 -0.0250760596 0.9925133586 -0.1195342988 0.1814905554 0.1221047118 0.9757825732
47.9 -587.1 1836.4 0.9833821654 0.0000000000 -0.1815476418 0.0000000000 1.0000000000 0.0000000000 0.1815476418 0.0000000000 0.9833821654
-184.9 -340.9 1748.9 0 0 0 0 0 0 0 0 0
45.0 397.2 1664.3 0 0 0 0 0 0 0 0 0
-164.4 -960.0 1800.9 0 0 0 0 0 0 0 0 0
47.9 -963.7 1836.4 0 0 0 0 0 0 0 0 0
-73.7 445.9 1845.3 0 0.9933083653 -0.0623238198 0.0972326323 0.0605443493 0.9979414344 0.0211483724 -0.0983505175 -0.0151199689 0.9950369596
-60.3 231.9 1848.5 0.9933083653 -0.0623238198 0.0972326323 0.0605443493 0.9979414344 0.0211483724 -0.0983505175 -0.0151199689 0.9950369596
-53.2 37.1 1863.5 0.9948266745 -0.0378835499 0.0942590609 0.0303290952 0.9963071346 0.0803260356 -0.0969540104 -0.0770516843 0.9923018217
-201.9 227.4 1862.3 0.0997393951 -0.9159845710 -0.3886185288 0.9949094653 0.0974581987 0.0256330166 0.0143946148 -0.3891968727 0.9210421443
-230.4 -57.5 1858.2 -0.1600958407 -0.9046555758 -0.3949273229 0.9207609892 0.0073338696 -0.3900581896 0.3557646573 -0.4260803759 0.8317974806
81.2 236.5 1834.7 0.7178151608 0.4738749266 0.5100823045 0.0582159273 0.6892137527 -0.7222155333 -0.6937956214 0.5481121540 0.4671410024
247.7 250.0 1673.8 -0.8063388467 0.4738749266 0.3539212048 0.5897789598 0.6892137527 0.4208862185 -0.0444799438 0.5481121540 -0.8352212906
-133.8 -171.5 1887.8 0.9929445386 0.0655629486 0.0988058895 -0.0445888340 0.9785318375 -0.2012146115 -0.1098769307 0.1953893155 0.9745512009
-159.8 -559.4 1810.4 0.9939330816 0.0000000000 0.1099863201 0.0000000000 1.0000000000 0.0000000000 -0.1099863201 0.0000000000 0.9939330816
45.6 -165.1 1872.3 0.9873977304 -0.0096017178 -0.1579667479 -0.0009283997 0.9977892041 -0.0664518923 0.1582555771 0.0657611042 0.9852058887
49.5 -560.9 1846.3 0.9873981476 0.0000000000 -0.1582556367 0.0000000000 1.0000000000 0.0000000000 0.1582556367 0.0000000000 0.9873981476
-185.4 -316.6 1758.1 0 0 0 0 0 0 0 0 0
45.9 397.6 1662.7 0 0 0 0 0 0 0 0 0
-159.8 -936.1 1810.4 0 0 0 0 0 0 0 0 0
49.5 -937.6 1846.3 0 0 0 0 0 0 0 0 0
-73.1 443.7 1845.3 1 0.9947300553 -0.0994499549 0.0249373335 0.0992837772 0.9950284362 0.0078187129 -0.0255909264 -0.0053016362 0.9996584654
-50.8 220.2 1846.5 0.9947300553 -0.0994499549 0.0249373335 0.0992837772 0.9950284362 0.0078187129 -0.0255909264 -0.0053016362 0.9996584654
-45.2 25.2 1862.0 0.9993690848 -0.0291793477 0.0202490576 0.0274631083 0.9963841438 0.0804016218 -0.0225219075 -0.0797947869 0.9965568781
-192.7 216.2 1849.6 0.1486819983 -0.8832278252 -0.4447497129 0.9873018265 0.1071438193 0.1172830686 -0.0559354834 -0.4565400779 0.8879427910
-231.5 -41.3 1864.2 -0.1418732256 -0.8764166832 -0.4601801038 0.9212281704 0.0532166883 -0.3853656352 0.3622301519 -0.4786039293 0.7998297215
91.2 224.2 1843.3 0.6738902926 0.4775649607 0.5637407303 0.1075205281 0.6915035248 -0.7143263817 -0.7309659719 0.5419912934 0.4146494865
247.0 249.1 1674.2 -0.8082340360 0.4775649607 0.3445134163 0.5876591802 0.6915035248 0.4200947285 -0.0376097299 0.5419912934 -0.8395420909
-136.4 -157.8 1886.9 0.9983743429 0.0509421527 0.0255641341 -0.0449565426 0.9795307517 -0.1962102652 -0.0350362286 0.1947420239 0.9802285433
-156.5 -543.8 1810.2 0.9993848205 0.0000000000 0.0350716896 0.0000000000 1.0000000000 0.0000000000 -0.0350716896 0.0000000000 0.9993848205
43.0 -151.7 1868.1 0.9726305604 -0.0222163834 -0.2312925309 0.0089726606 0.9982672334 -0.0581549406 0.2321837395 0.0544879660 0.9711445570
51.7 -545.2 1846.7 0.9726697206 0.0000000000 -0.2321930975 0.0000000000 1.0000000000 0.0000000000 0.2321930975 0.0000000000 0.9726697206
-191.5 -300.7 1762.3 0 0 0 0 0 0 0 0 0
44.7 396.2 1664.8 0 0 0 0 0 0 0 0 0
-156.5 -920.5 1810.2 0 0 0 0 0 0 0 0 0
51.7 -921.8 1846.7 0 0 0 0 0 0 0 0 0
-72.9 442.9 1844.8 2 0.9955264330 -0.0943055823 0.0057937172 0.0944085717 0.9953059554 -0.0212847218 -0.0037592535 0.0217364803 0.9997566938
-50.4 205.8 1839.6 0.9955264330 -0.0943055823 0.0057937172 0.0944085717 0.9953059554 -0.0212847218 -0.0037592535 0.0217364803 0.9997566938
-44.9 12.1 1865.3 0.9995726943 -0.0289985836 -0.0036833575 0.0292311367 0.9909018278 0.1313738674 -0.0001598103 -0.1314253956 0.9913260341
-192.6 201.5 1839.6 0.1510241926 -0.8510016203 -0.5029790998 0.9847047925 0.0847911909 0.1522067487 -0.0868799835 -0.5182728171 0.8507909179
-230.9 -48.7 1861.7 -0.1377102435 -0.8510016203 -0.5067861080 0.9163164496 0.0847911909 -0.3913753629 0.3760320544 -0.5182728171 0.7681100965
91.8 210.1 1839.6 0.6699381471 0.4608346224 0.5820775628 0.1677663177 0.6697805524 -0.7233591080 -0.7232131958 0.5822588801 0.3713990450
244.6 248.4 1674.6 -0.8095610142 0.4608346224 0.3636514843 0.5860823393 0.6697805524 0.4559621811 -0.0334435403 0.5822588801 -0.8123152852
-130.0 -171.0 1879.3 0.9970073700 0.0773065537 0.0001330906 -0.0759632140 0.9799992442 -0.1839323044 -0.0143496012 0.1833717525 0.9829388857
-160.3 -555.8 1807.3 0.9998964667 0.0000000000 0.0143911829 0.0000000000 1.0000000000 0.0000000000 -0.0143911829 0.0000000000 0.9998964667
50.0 -165.7 1874.7 0.9672355056 0.0084824227 -0.2537390888 -0.0288065653 0.9966540933 -0.0764907375 0.2522412837 0.0812939107 0.9642435312
46.7 -557.0 1842.7 0.9676370621 0.0000000000 -0.2523460090 0.0000000000 1.0000000000 0.0000000000 0.2523460090 0.0000000000 0.9676370621
-192.2 -306.7 1755.8 0 0 0 0 0 0 0 0 0
42.5 394.7 1666.3 0 0 0 0 0 0 0 0 0
-160.3 -932.5 1807.3 0 0 0 0 0 0 0 0 0
46.7 -933.6 1842.7 0 0 0 0 0 0 0 0 0
-73.7 444.2 1844.5 3 0.9958426356 -0.0904341042 0.0109147271 0.0908566490 0.9947092533 -0.0479432382 -0.0065212762 0.0487355962 0.9987904429
-50.4 188.1 1832.0 0.9958426356 -0.0904341042 0.0109147271 0.0908566490 0.9947092533 -0.0479432382 -0.0065212762 0.0487355962 0.9987904429
-47.3 -3.9 1868.0 0.9998657703 -0.0163033120 -0.0016213314 0.0163228251 0.9827339649 0.1843028218 -0.0014114089 -0.1843045503 0.9828681946
-192.7 185.8 1832.1 0.1462126523 -0.8401088715 -0.5223398209 0.9851211309 0.0754403323 0.1544187665 -0.0903230906 -0.5371459723 0.8386393189
-229.6 -62.8 1854.9 -0.1552774608 -0.8401088715 -0.5197172165 0.9153881669 0.0754403323 -0.3954405487 0.3714207411 -0.5371459723 0.7573115826
92.0 190.5 1831.8 0.6713953018 0.4383532703 0.5975573063 0.2463259101 0.6284741163 -0.7377966046 -0.6989648342 0.6425470114 0.3139768243
243.6 246.2 1673.9 -0.8039593697 0.4383532703 0.4018653333 0.5938048363 0.6284741163 0.5024102926 -0.0323287547 0.6425470114 -0.7655639648
-129.8 -183.7 1890.8 0.9967843294 0.0795287192 -0.0098077180 -0.0797112286 0.9715902805 -0.2228416651 -0.0081932284 0.2229068577 0.9748052955
-160.9 -564.5 1803.5 0.9999662042 0.0000000000 0.0082193827 0.0000000000 1.0000000000 0.0000000000 -0.0082193827 0.0000000000 0.9999662042
50.5 -178.1 1890.5 0.9666140079 0.0085161477 -0.2560953498 -0.0454054922 0.9893236756 -0.1384810656 0.2521818876 0.1454858780 0.9566807747
47.2 -565.3 1833.5 0.9676119685 0.0000000000 -0.2524422407 0.0000000000 1.0000000000 0.0000000000 0.2524422407 0.0000000000 0.9676119685
-185.9 -320.7 1750.3 0 0 0 0 0 0 0 0 0
42.6 394.7 1665.8 0 0 0 0 0 0 0 0 0
-160.9 -941.1 1803.5 0 0 0 0 0 0 0 0 0
47.2 -942.0 1833.5 0 0 0 0 0 0 0 0 0
-74.7 441.8 1844.4 4 0.9962940812 -0.0858176202 0.0057808505 0.0860118717 0.9941945672 -0.0646457970 -0.0001995417 0.0649034455 0.9978915453
-52.0 179.0 1827.2 0.9962940812 -0.0858176202 0.0057808505 0.0860118717 0.9941945672 -0.0646457970 -0.0001995417 0.0649034455 0.9978915453
-47.0 -12.2 1867.9 0.9996234775 -0.0256942511 -0.0096304659 0.0271354988 0.9777763486 0.2078872323 0.0040749353 -0.2080702782 0.9781053662
-194.4 175.1 1826.7 0.1317958832 -0.8018549681 -0.5828022957 0.9879797101 0.0583437644 0.1431504786 -0.0807830393 -0.5946634412 0.7999058962
-228.2 -78.7 1847.4 -0.2007181644 -0.8018549681 -0.5627973676 0.9110887647 0.0583437644 -0.4080603719 0.3600409329 -0.5946634412 0.7188503742
90.4 182.9 1827.8 0.6786036491 0.4244126379 0.5994756222 0.2769311368 0.6080924273 -0.7439978123 -0.6802986860 0.6708930731 0.2951206267
243.4 245.4 1674.5 -0.8015676737 0.4244126379 0.4211450517 0.5969375968 0.6080924273 0.5233441591 -0.0339812301 0.6708930731 -0.7407751083
-134.5 -197.1 1904.0 0.9979673028 0.0611068867 -0.0180903208 -0.0637221858 0.9607914686 -0.2698504925 0.0008913021 0.2704547346 0.9627322555
-158.5 -573.0 1798.2 0.9999995828 0.0000000000 -0.0008931172 0.0000000000 1.0000000000 0.0000000000 0.0008931172 0.0000000000 0.9999995828
46.0 -194.0 1903.7 0.9655515552 -0.0120610911 -0.2599321306 -0.0384849422 0.9813204408 -0.1884914935 0.2573501170 0.1920017302 0.9470513463
50.7 -577.7 1828.6 0.9662674069 0.0000000000 -0.2575409114 0.0000000000 1.0000000000 0.0000000000 0.2575409114 0.0000000000 0.9662674069
-171.8 -335.1 1746.1 0 0 0 0 0 0 0 0 0
42.7 394.9 1665.9 0 0 0 0 0 0 0 0 0
-158.5 -949.7 1798.2 0 0 0 0 0 0 0 0 0
50.7 -954.4 1828.6 0 0 0 0 0 0 0 0 0
-74.0 444.3 1844.3 5 0.9941096306 -0.0688153580 0.0837287679 0.0696150362 0.9975516796 -0.0066655818 -0.0830650702 0.0124551002 0.9964662790
-58.1 213.9 1841.5 0.9941096306 -0.0688153580 0.0837287679 0.0696150362 0.9975516796 -0.0066655818 -0.0830650702 0.0124551002 0.9964662790
-52.2 20.6 1867.1 0.9964993596 -0.0337668434 0.0764778778 0.0232968628 0.9907246232 0.1338731349 -0.0802889839 -0.1316227913 0.9880430698
-199.6 210.1 1852.9 0.0896301121 -0.8503404856 -0.5185436010 0.9952142835 0.0968119353 0.0132641941 0.0389221236 -0.5172508359 0.8549482822
-226.7 -91.1 1841.1 -0.2429274321 -0.8278530240 -0.5056141019 0.9062100649 -0.0077202339 -0.4227573276 0.3460774720 -0.5608919263 0.7520841956
83.3 217.7 1830.1 0.7121521831 0.4606936276 0.5297175050 0.1205040812 0.6631371975 -0.7387339473 -0.6916053891 0.5899240971 0.4167391360
243.3 244.8 1674.7 -0.8010863066 0.4606936276 0.3821283579 0.5968317986 0.6631371975 0.4517087936 -0.0453041643 0.5899240971 -0.8061867356
-133.9 -194.5 1904.9 0.9956694245 0.0638750270 0.0675452575 -0.0430163369 0.9606621265 -0.2743681371 -0.0824134424 0.2702744305 0.9592495561
-159.5 -579.9 1796.5 0.9965919256 0.0000000000 0.0824897960 0.0000000000 1.0000000000 0.0000000000 -0.0824897960 0.0000000000 0.9965919256
45.7 -186.5 1898.0 0.9837499261 -0.0098038381 -0.1792762130 -0.0202401020 0.9860876799 -0.1649892330 0.1783995926 0.1659367085 0.9698652625
49.7 -584.2 1831.0 0.9839515090 0.0000000000 -0.1784361452 0.0000000000 1.0000000000 0.0000000000 0.1784361452 0.0000000000 0.9839515090
-158.4 -346.0 1743.7 0 0 0 0 0 0 0 0 0
42.6 394.3 1663.3 0 0 0 0 0 0 0 0 0
-159.5 -956.5 1796.5 0 0 0 0 0 0 0 0 0
49.7 -960.9 1831.0 0 0 0 0 0 0 0 0 0
-74.7 445.7 1845.3 6 0.9901885986 -0.0562588349 0.1279119700 0.0532062240 0.9982141256 0.0271605868 -0.1292115599 -0.0200883895 0.9914135337
-62.7 232.0 1849.6 0.9901885986 -0.0562588349 0.1279119700 0.0532062240 0.9982141256 0.0271605868 -0.1292115599 -0.0200883895 0.9914135337
-56.7 37.6 1867.9 0.9916280508 -0.0332511179 0.1247722656 0.0211510528 0.9950520396 0.0970777646 -0.1273828298 -0.0936259702 0.9874248505
-203.6 228.7 1867.7 0.0915184692 -0.8753445745 -0.4747591615 0.9948698282 0.1010113955 0.0055379332 0.0431084856 -0.4728303850 0.8800983429
-230.0 -58.7 1855.3 -0.2220317572 -0.8548024893 -0.4690571725 0.9099395275 -0.0088234469 -0.4146470428 0.3503026068 -0.5188784599 0.7797776461
78.2 235.4 1831.5 0.7269951701 0.4782345295 0.4927166998 0.0347216055 0.6910516024 -0.7219709754 -0.6857641339 0.5419773459 0.4857860804
243.2 243.3 1675.8 -0.8035934567 0.4782345295 0.3543010652 0.5932885408 0.6910516024 0.4128637314 -0.0473946221 0.5419773459 -0.8390555978
-136.8 -169.5 1898.3 0.9919671416 0.0484046601 0.1168684363 -0.0198763311 0.9720576406 -0.2338993400 -0.1249246746 0.2296975404 0.9652113318
-156.0 -554.5 1807.3 0.9921631217 0.0000000000 0.1249493584 0.0000000000 1.0000000000 0.0000000000 -0.1249493584 0.0000000000 0.9921631217
42.2 -163.2 1880.0 0.9906554222 -0.0222455151 -0.1345623285 0.0101005873 0.9958658218 -0.0902730152 0.1360141933 0.0880702958 0.9867845774
51.0 -557.8 1845.1 0.9907059073 0.0000000000 -0.1360211372 0.0000000000 1.0000000000 0.0000000000 0.1360211372 0.0000000000 0.9907059073
-167.5 -314.8 1756.7 0 0 0 0 0 0 0 0 0
41.6 392.2 1663.9 0 0 0 0 0 0 0 0 0
-156.0 -931.1 1807.3 0 0 0 0 0 0 0 0 0
51.0 -934.4 1845.1 0 0 0 0 0 0 0 0 0
-74.7 446.9 1844.8 7 0.9923405647 -0.1190787628 0.0328704081 0.1188723817 0.9928759336 0.0081701409 -0.0336091258 -0.0042001787 0.9994262457
-47.5 219.6 1845.8 0.9923405647 -0.1190787628 0.0328704081 0.1188723817 0.9928759336 0.0081701409 -0.0336091258 -0.0042001787 0.9994262457
-56.0 25.4 1861.5 0.9986281991 0.0429133512 0.0300034564 -0.0452739298 0.9955192804 0.0830155462 -0.0263065454 -0.0842600390 0.9960964918
-188.5 226.0 1849.5 0.1575523764 -0.7762882113 -0.6103718877 0.9861370921 0.0910918191 0.1386936903 -0.0520663895 -0.6237618923 0.7798783183
-231.2 -41.1 1863.6 -0.1918230355 -0.7762882113 -0.6004835963 0.9084437490 0.0910918191 -0.4079611003 0.3713945448 -0.6237618923 0.6877406836
93.6 213.3 1842.0 0.6563918591 0.4909985363 0.5727740526 0.1210397854 0.6808487177 -0.7223533392 -0.7446469665 0.5434753299 0.3874732256
240.9 240.5 1674.9 -0.8032971621 0.4909985363 0.3370966017 0.5952435732 0.6808487177 0.4267670214 -0.0199697986 0.5434753299 -0.8391875625
-140.5 -156.1 1896.8 0.9993314147 0.0363767296 0.0036747323 -0.0346082821 0.9735590219 -0.2257989198 -0.0117913950 0.2255207747 0.9741669893
-154.8 -539.5 1808.0 0.9999303818 0.0000000000 0.0117984628 0.0000000000 1.0000000000 0.0000000000 -0.0117984628 0.0000000000 0.9999303818
36.5 -154.6 1872.6 0.9695770144 -0.0487542152 -0.2398820817 0.0300655868 0.9962636828 -0.0809612423 0.2429330051 0.0712859631 0.9674202204
55.5 -543.5 1844.8 0.9700155258 0.0000000000 -0.2430428714 0.0000000000 1.0000000000 0.0000000000 0.2430428714 0.0000000000 0.9700155258
-177.2 -296.7 1759.1 0 0 0 0 0 0 0 0 0
38.7 390.3 1669.9 0 0 0 0 0 0 0 0 0
-154.8 -916.2 1808.0 0 0 0 0 0 0 0 0 0
55.5 -920.2 1844.8 0 0 0 0 0 0 0 0 0
-75.2 448.0 1845.0 8 0.9837754369 -0.1781031787 -0.0215666909 0.1779613644 0.9840021133 -0.0083406772 0.0227071717 0.0043673161 0.9997326136
-32.7 212.9 1844.0 0.9837754369 -0.1781031787 -0.0215666909 0.1779613644 0.9840021133 -0.0083406772 0.0227071717 0.0043673161 0.9997326136
-53.3 19.6 1861.1 0.9941344857 0.1051336601 -0.0253677648 -0.1023118049 0.9902534485 0.0945007652 0.0350557268 -0.0913510472 0.9952015281
-173.3 227.3 1839.0 0.2251368761 -0.7755354047 -0.5897951126 0.9683449864 0.1111258641 0.2235151380 -0.1078024134 -0.6214466095 0.7760043144
-233.9 -33.8 1868.1 -0.1792841703 -0.7755354047 -0.6053115129 0.9050868750 0.1111258641 -0.4104494750 0.3855838478 -0.6214466095 0.6820037961
107.9 198.4 1849.0 0.5787755251 0.5114318132 0.6351821423 0.1954167634 0.6692238450 -0.7169042826 -0.7917267084 0.5390518904 0.2873880267
236.2 241.7 1673.4 -0.7995994091 0.5114318132 0.3147670627 0.6003873944 0.6692238450 0.4378063977 0.0132585159 0.5390518904 -0.8421682119
-154.2 -163.4 1879.2 0.9976634979 -0.0142847681 -0.0668097809 0.0023961230 0.9846114516 -0.1747412235 0.0682778135 0.1741728485 0.9823451042
-148.6 -549.1 1810.9 0.9976663589 0.0000000000 -0.0682780072 0.0000000000 1.0000000000 0.0000000000 0.0682780072 0.0000000000 0.9976663589
23.8 -172.8 1873.8 0.9482799768 -0.1068218574 -0.2989217639 0.0754972100 0.9905527830 -0.1144787595 0.3083266020 0.0859901533 0.9473860860
65.5 -559.5 1840.2 0.9509940743 0.0000000000 -0.3092091084 0.0000000000 1.0000000000 0.0000000000 0.3092091084 0.0000000000 0.9509940743
-183.5 -288.6 1759.5 0 0 0 0 0 0 0 0 0
35.1 392.8 1676.8 0 0 0 0 0 0 0 0 0
-148.6 -925.8 1810.9 0 0 0 0 0 0 0 0 0
65.5 -936.2 1840.2 0 0 0 0 0 0 0 0 0
-75.0 445.3 1844.7 9 0.9832566381 -0.1822018921 -0.0029764203 0.1820786446 0.9829865694 -0.0241820030 0.0073317881 0.0232351739 0.9997031689
-30.3 204.3 1839.0 0.9832566381 -0.1822018921 -0.0029764203 0.1820786446 0.9829865694 -0.0241820030 0.0073317881 0.0232351739 0.9997031689
-55.9 12.2 1863.5 0.9913883209 0.1307681799 -0.0069915853 -0.1287770867 0.9832068682 0.1293086112 0.0237836260 -0.1272946894 0.9915797710
-171.0 222.6 1835.5 0.2424573153 -0.7972168326 -0.5528650284 0.9598560929 0.1142762899 0.2561586499 -0.1410346329 -0.5927783847 0.7929205894
-233.5 -24.9 1871.9 -0.1565892249 -0.7972168326 -0.5830309391 0.9091691375 0.1142762899 -0.4004402757 0.3858643472 -0.5927783847 0.7069105506
110.3 186.0 1842.4 0.5690884590 0.5030516386 0.6504439712 0.2577891052 0.6420001984 -0.7220668197 -0.7808220983 0.5785973072 0.2356736660
233.8 241.9 1673.1 -0.7960610390 0.5030516386 0.3364906013 0.6048523188 0.6420001984 0.4711575508 0.0209895447 0.5785973072 -0.8153432608
-163.2 -163.7 1874.9 0.9975529909 -0.0423067734 -0.0556613617 0.0326956920 0.9860060811 -0.1634716243 0.0617983975 0.1612517238 0.9849765897
-146.7 -549.8 1811.7 0.9980866313 0.0000000000 -0.0618314557 0.0000000000 1.0000000000 0.0000000000 0.0618314557 0.0000000000 0.9980866313
14.6 -182.7 1880.9 0.9500199556 -0.1392325014 -0.2794215679 0.1026858762 0.9845998883 -0.1414875239 0.2948181033 0.1057233214 0.9496867061
69.0 -567.5 1839.6 0.9550685883 0.0000000000 -0.2963848412 0.0000000000 1.0000000000 0.0000000000 0.2963848412 0.0000000000 0.9550685883
-189.4 -280.9 1763.2 0 0 0 0 0 0 0 0 0
33.5 394.0 1678.3 0 0 0 0 0 0 0 0 0
-146.7 -926.5 1811.7 0 0 0 0 0 0 0 0 0
69.0 -944.1 1839.6 0 0 0 0 0 0 0 0 0
-75.2 445.7 1848.5 0 0.9906030297 -0.1150464341 0.0739594176 0.1142955273 0.9933435917 0.0143205421 -0.0751146376 -0.0057327417 0.9971584082
-49.7 225.9 1849.7 0.9906030297 -0.1150464341 0.0739594176 0.1142955273 0.9933435917 0.0143205421 -0.0751146376 -0.0057327417 0.9971584082
-60.2 32.0 1865.9 0.9960657954 0.0519760214 0.0717735365 -0.0579094887 0.9948465824 0.0832269117 -0.0670778528 -0.0870558470 0.9939425588
-190.4 233.8 1859.0 0.1646319628 -0.8183614016 -0.5506186485 0.9854474068 0.1125236824 0.1274041533 -0.0423050001 -0.5635805130 0.8249771595
-234.2 -28.5 1870.3 -0.1416426003 -0.8183614016 -0.5569757223 0.9109038711 0.1125236824 -0.3969793022 0.3875454962 -0.5635805130 0.7295104265
91.0 217.9 1840.5 0.6582475305 0.5130335689 0.5509144664 0.0937293544 0.6702710390 -0.7361735702 -0.7469437718 0.5362212658 0.3931179643
238.5 238.9 1673.1 -0.7973104715 0.5130335689 0.3179506660 0.6035102606 0.6702710390 0.4318704307 0.0084508955 0.5362212658 -0.8440351486
-170.7 -167.8 1885.8 0.9966932535 -0.0698794797 0.0414662361 0.0767250955 0.9773777723 -0.1970937699 -0.0267553665 0.1996235251 0.9795073271
-143.4 -550.2 1807.7 0.9996398687 0.0000000000 0.0268344674 0.0000000000 1.0000000000 0.0000000000 -0.0268344674 0.0000000000 0.9996398687
12.3 -181.9 1883.9 0.9692610502 -0.1501565725 -0.1948999166 0.1230435371 0.9818227291 -0.1445143521 0.2130569518 0.1160909683 0.9701183438
72.2 -573.4 1837.6 0.9766826034 0.0000000000 -0.2146883011 0.0000000000 1.0000000000 0.0000000000 0.2146883011 0.0000000000 0.9766826034
-194.4 -285.0 1761.1 0 0 0 0 0 0 0 0 0
38.4 390.4 1675.2 0 0 0 0 0 0 0 0 0
-143.4 -926.8 1807.7 0 0 0 0 0 0 0 0 0
72.2 -950.0 1837.6 0 0 0 0 0 0 0 0 0
-76.2 447.0 1846.9 1 0.9915309548 -0.0837342888 0.0992722213 0.0801095217 0.9959847331 0.0399608202 -0.1022197083 -0.0316697396 0.9942575693
-58.7 238.2 1853.5 0.9915309548 -0.0837342888 0.0992722213 0.0801095217 0.9959847331 0.0399608202 -0.1022197083 -0.0316697396 0.9942575693
-59.7 43.5 1866.8 0.9951706529 0.0042667482 0.0980671197 -0.0111934440 0.9974707365 0.0701910108 -0.0975195989 -0.0709497407 0.9927014112
-199.7 239.6 1867.2 0.1330647320 -0.8365154862 -0.5315407515 0.9910477400 0.1064205691 0.0806166530 -0.0108702118 -0.5375095010 0.8431876302
-235.4 -26.4 1870.1 -0.1325467080 -0.8357035518 -0.5329455137 0.9170043468 0.1006924510 -0.3859586716 0.3762106299 -0.5398708582 0.7529973388
82.3 236.8 1839.8 0.6928619146 0.5222476721 0.4971918464 -0.0059868968 0.6936619878 -0.7202758193 -0.7210454345 0.4960750341 0.4837386012
240.5 235.4 1675.2 -0.7941749692 0.5222476721 0.3107145131 0.6075403690 0.6936619878 0.3869467676 -0.0134487916 0.4960750341 -0.8681755066
-159.9 -156.6 1887.9 0.9965039492 -0.0276298206 0.0788445473 0.0425017625 0.9801400304 -0.1936986595 -0.0719268322 0.1963725239 0.9778876901
-149.1 -539.9 1811.1 0.9974052310 0.0000000000 0.0719918907 0.0000000000 1.0000000000 0.0000000000 -0.0719918907 0.0000000000 0.9974052310
20.9 -162.1 1873.0 0.9798402786 -0.1015923917 -0.1720234603 0.0890534669 0.9928792715 -0.0791218132 0.1788366884 0.0622074567 0.9819102287
60.9 -553.4 1848.5 0.9837488532 0.0000000000 -0.1795500815 0.0000000000 1.0000000000 0.0000000000 0.1795500815 0.0000000000 0.9837488532
-198.0 -284.7 1764.2 0 0 0 0 0 0 0 0 0
42.0 387.3 1671.9 0 0 0 0 0 0 0 0 0
-149.1 -916.6 1811.1 0 0 0 0 0 0 0 0 0
60.9 -930.1 1848.5 0 0 0 0 0 0 0 0 0
-76.8 447.4 1845.6 2 0.9921757579 -0.0694262385 0.1037655026 0.0641883537 0.9965295792 0.0529961959 -0.1070847213 -0.0459210053 0.9931888580
-62.6 244.0 1854.9 0.9921757579 -0.0694262385 0.1037655026 0.0641883537 0.9965295792 0.0529961959 -0.1070847213 -0.0459210053 0.9931888580
-58.6 49.0 1867.1 0.9944384098 -0.0210243426 0.1032001376 0.0143009946 0.9977526069 0.0654614791 -0.1043444946 -0.0636215433 0.9925041795
-203.9 241.8 1869.7 0.1120880172 -0.8423607349 -0.5271287560 0.9936799407 0.0917935967 0.0646071732 -0.0060355016 -0.5310389400 0.8473259211
-234.0 -25.3 1871.3 -0.1152005494 -0.8446597457 -0.5227606893 0.9191099405 0.1089796051 -0.3786295652 0.3767834306 -0.5240928531 0.7637806535
78.6 246.1 1840.2 0.7072501779 0.5285522938 0.4694993496 -0.0531319678 0.7019684315 -0.7102233768 -0.7049639225 0.4773602188 0.5245503783
241.9 233.9 1677.4 -0.7921050191 0.5285522938 0.3052902222 0.6100554466 0.7019684315 0.3675222695 -0.0200493746 0.4773602188 -0.8784789443
-150.2 -150.1 1888.8 0.9958941936 0.0017480470 0.0905080363 0.0165848434 0.9793677330 -0.2014045566 -0.0889927149 0.2020786852 0.9753176570
-150.8 -533.3 1809.7 0.9960311651 0.0000000000 0.0890049562 0.0000000000 1.0000000000 0.0000000000 -0.0890049562 0.0000000000 0.9960311651
29.8 -149.6 1869.9 0.9834933877 -0.0739517212 -0.1651421189 0.0629676655 0.9955016375 -0.0707922205 0.1696344465 0.0592250675 0.9837258458
58.9 -540.6 1846.6 0.9854489565 0.0000000000 -0.1699717492 0.0000000000 1.0000000000 0.0000000000 0.1699717492 0.0000000000 0.9854489565
-201.6 -284.2 1765.2 0 0 0 0 0 0 0 0 0
44.2 386.2 1672.4 0 0 0 0 0 0 0 0 0
-150.8 -909.9 1809.7 0 0 0 0 0 0 0 0 0
58.9 -917.3 1846.6 0 0 0 0 0 0 0 0 0
-76.4 447.8 1844.9 3 0.9949836135 -0.0971372053 0.0239161309 0.0966212973 0.9950811267 0.0218593776 -0.0259218495 -0.0194389150 0.9994749427
-54.5 223.1 1849.3 0.9949836135 -0.0971372053 0.0239161309 0.0966212973 0.9950811267 0.0218593776 -0.0259218495 -0.0194389150 0.9994749427
-55.7 27.8 1860.9 0.9997360110 0.0061732042 0.0221318696 -0.0075126020 0.9981122017 0.0609559081 -0.0217137951 -0.0611060821 0.9978950620
-196.2 224.1 1852.3 0.1468875110 -0.8851352334 -0.4415423572 0.9857642055 0.0940713063 0.1393538266 -0.0818105191 -0.4557259977 0.8863525391
-233.4 -25.4 1873.1 -0.0964970812 -0.8851352334 -0.4552185535 0.9209571481 0.0940713063 -0.3781381547 0.3775264323 -0.4557259977 0.8060940504
87.3 222.0 1846.3 0.6705341935 0.5222734213 0.5268912315 0.0537086911 0.6741744280 -0.7366167307 -0.7399319410 0.5222253203 0.4240064025
239.6 234.2 1678.2 -0.7916792631 0.5222734213 0.3169770241 0.6109292507 0.6741744280 0.4150352478 0.0030640443 0.5222253203 -0.8528020382
-144.4 -147.9 1888.2 0.9997823834 0.0202190615 0.0051330128 -0.0187810510 0.9795420766 -0.2003612667 -0.0090791192 0.2002212703 0.9797086120
-152.3 -530.6 1810.0 0.9999587536 0.0000000000 0.0090807211 0.0000000000 1.0000000000 0.0000000000 -0.0090807211 0.0000000000 0.9999587536
35.1 -146.0 1869.2 0.9672697783 -0.0565638915 -0.2473655343 0.0400275663 0.9966458082 -0.0713790134 0.2505732775 0.0591413230 0.9662894607
57.1 -534.4 1846.2 0.9680455923 0.0000000000 -0.2507742643 0.0000000000 1.0000000000 0.0000000000 0.2507742643 0.0000000000 0.9680455923
-206.2 -284.8 1766.7 0 0 0 0 0 0 0 0 0
40.1 388.2 1679.0 0 0 0 0 0 0 0 0 0
-152.3 -907.3 1810.0 0 0 0 0 0 0 0 0 0
57.1 -911.0 1846.2 0 0 0 0 0 0 0 0 0
-75.8 446.6 1845.6 4 0.9944658279 -0.1047839820 -0.0076163779 0.1046230793 0.9943282008 -0.0191152263 0.0095761493 0.0182125904 0.9997882843
-50.3 204.5 1841.2 0.9944658279 -0.1047839820 -0.0076163779 0.1046230793 0.9943282008 -0.0191152263 0.0095761493 0.0182125904 0.9997882843
-58.1 10.8 1864.4 0.9991710186 0.0388154611 -0.0122724837 -0.0370478369 0.9919514060 0.1210778207 0.0168733988 -0.1205227822 0.9925671220
-192.2 209.6 1838.6 0.1638429463 -0.8958400488 -0.4130690992 0.9786003232 0.0947582126 0.1826536059 -0.1244867295 -0.4341560304 0.8921948075
-233.5 -37.1 1870.0 -0.0837583840 -0.8958400488 -0.4364116192 0.9234825969 0.0947582126 -0.3717536330 0.3743853867 -0.4341560304 0.8193559051
91.5 199.4 1843.7 0.6473026872 0.4989282191 0.5762550235 0.1567433178 0.6527235508 -0.7412040830 -0.7459428906 0.5701075196 0.3443060517
236.0 234.4 1677.2 -0.8015668988 0.4989282191 0.3294862509 0.5976569653 0.6527235508 0.4655728340 0.0172239933 0.5701075196 -0.8213895559
-146.9 -167.0 1874.2 0.9992360473 0.0121918255 -0.0371307246 -0.0180166662 0.9868174195 -0.1608316898 0.0346804149 0.1613777876 0.9862831831
-151.7 -552.7 1811.1 0.9993982315 0.0000000000 -0.0346860439 0.0000000000 1.0000000000 0.0000000000 0.0346860439 0.0000000000 0.9993982315
33.0 -168.7 1870.3 0.9574649930 -0.0659437627 -0.2809131444 0.0456608124 0.9958950877 -0.0781538337 0.2849137783 0.0620028414 0.9565457702
58.8 -557.8 1846.0 0.9584646821 0.0000000000 -0.2852112353 0.0000000000 1.0000000000 0.0000000000 0.2852112353 0.0000000000 0.9584646821
-209.9 -297.2 1764.5 0 0 0 0 0 0 0 0 0
34.1 385.0 1681.5 0 0 0 0 0 0 0 0 0
-151.7 -929.4 1811.1 0 0 0 0 0 0 0 0 0
58.8 -934.5 1846.0 0 0 0 0 0 0 0 0 0
-73.5 444.1 1845.9 5 0.9948734641 -0.0985052586 -0.0228791740 0.0974140912 0.9942389131 -0.0447157770 0.0271521043 0.0422577895 0.9987377524
-48.8 195.0 1835.4 0.9948734641 -0.0985052586 -0.0228791740 0.0974140912 0.9942389131 -0.0447157770 0.0271521043 0.0422577895 0.9987377524
-55.9 2.4 1867.4 0.9989429116 0.0351534151 -0.0296183061 -0.0297682006 0.9856928587 0.1659019142 0.0350265726 -0.1648448706 0.9856973886
-190.9 199.0 1830.3 0.1710415781 -0.9097282290 -0.3783376515 0.9749436975 0.1008414999 0.1982820183 -0.1422306150 -0.4027723670 0.9041818976
-234.4 -48.8 1866.5 -0.0549237654 -0.9097282290 -0.4115555584 0.9323064685 0.1008414999 -0.3473264575 0.3574745655 -0.4027723670 0.8426069021
93.3 190.9 1840.4 0.6343693733 0.5020347834 0.5878235698 0.1853051633 0.6394864917 -0.7461360693 -0.7504914999 0.5822526217 0.3126409948
232.5 231.5 1675.7 -0.7984371185 0.5020347834 0.3323540986 0.6014321446 0.6394864917 0.4788907766 0.0278838798 0.5822526217 -0.8125296235
-156.0 -179.8 1885.9 0.9985103011 -0.0156876370 -0.0522596799 0.0050173700 0.9801179171 -0.1983524859 0.0543323308 0.1977947950 0.9787365198
-149.8 -562.9 1808.6 0.9985228777 0.0000000000 -0.0543330163 0.0000000000 1.0000000000 0.0000000000 0.0543330163 0.0000000000 0.9985228777
24.1 -186.4 1889.1 0.9528120160 -0.1015243456 -0.2860805392 0.0586004108 0.9862045050 -0.1548116058 0.2978510857 0.1307419240 0.9456169009
63.7 -571.1 1838.1 0.9544522166 0.0000000000 -0.2983638048 0.0000000000 1.0000000000 0.0000000000 0.2983638048 0.0000000000 0.9544522166
-218.9 -311.3 1765.8 0 0 0 0 0 0 0 0 0
31.2 383.2 1682.7 0 0 0 0 0 0 0 0 0
-149.8 -939.6 1808.6 0 0 0 0 0 0 0 0 0
63.7 -947.7 1838.1 0 0 0 0 0 0 0 0 0
-75.5 450.9 1846.1 6 0.9938345551 -0.1073849127 -0.0275919586 0.1057554707 0.9928728342 -0.0549481101 0.0332959071 0.0516913310 0.9981079102
-47.1 188.9 1832.5 0.9938345551 -0.1073849127 -0.0275919586 0.1057554707 0.9928728342 -0.0549481101 0.0332959071 0.0516913310 0.9981079102
-51.0 -3.2 1869.2 0.9990750551 0.0192140695 -0.0384683385 -0.0116210021 0.9819735885 0.1886605024 0.0413998291 -0.1880389750 0.9812886715
-189.4 190.4 1826.6 0.1707501709 -0.9028221965 -0.3946599066 0.9762228131 0.1007246673 0.1919468939 -0.1335419267 -0.4180509746 0.8985543847
-233.1 -59.6 1860.8 -0.0557812937 -0.9028221965 -0.4263807237 0.9365333319 0.1007246673 -0.3357973397 0.3461123407 -0.4180509746 0.8399045467
95.1 187.3 1838.4 0.6281261444 0.5108666420 0.5869180560 0.1866232306 0.6333601475 -0.7510170937 -0.7554001212 0.5812660456 0.3024905026
230.7 227.6 1675.3 -0.7920908332 0.5108666420 0.3340769708 0.6095659137 0.6333601475 0.4767434001 0.0319612511 0.5812660456 -0.8130856752
-153.1 -187.7 1896.3 0.9985190034 -0.0095854765 -0.0535529964 -0.0031341636 0.9725862145 -0.2325215191 0.0543137379 0.2323449999 0.9711157680
-149.3 -568.0 1805.4 0.9985238910 0.0000000000 -0.0543140024 0.0000000000 1.0000000000 0.0000000000 0.0543140024 0.0000000000 0.9985238910
27.2 -193.0 1902.6 0.9551640749 -0.0847890154 -0.2836766541 0.0306982957 0.9813147783 -0.1899444610 0.2944813073 0.1727197319 0.9399194717
60.3 -576.1 1835.2 0.9556144476 0.0000000000 -0.2946201563 0.0000000000 1.0000000000 0.0000000000 0.2946201563 0.0000000000 0.9556144476
-217.4 -323.3 1763.3 0 0 0 0 0 0 0 0 0
29.7 382.3 1683.4 0 0 0 0 0 0 0 0 0
-149.3 -944.7 1805.4 0 0 0 0 0 0 0 0 0
60.3 -952.8 1835.2 0 0 0 0 0 0 0 0 0
-75.9 451.7 1847.2 7 0.9951257706 -0.0805774033 0.0568502136 0.0808388367 0.9967244864 -0.0023103000 -0.0564778447 0.0068947445 0.9983800650
-57.3 221.6 1845.6 0.9951257706 -0.0805774033 0.0568502136 0.0808388367 0.9967244864 -0.0023103000 -0.0564778447 0.0068947445 0.9983800650
-55.4 27.8 1868.8 0.9986128807 -0.0128237456 0.0510669053 0.0065661189 0.9926466942 0.1208696142 -0.0522413962 -0.1203666478 0.9913539886
-198.9 220.1 1852.9 0.1138312295 -0.9402071834 -0.3210185468 0.9934346080 0.1040081233 0.0476442948 -0.0114069702 -0.3243343532 0.9458737373
-232.0 -68.6 1856.2 -0.0961707681 -0.9355953932 -0.3397241235 0.9343944788 0.0327589475 -0.3547306359 0.3430133462 -0.3515510559 0.8710646629
84.3 223.0 1838.3 0.6752700210 0.5488218665 0.4927524328 -0.0021433902 0.6695322990 -0.7427798510 -0.7375674844 0.5005208254 0.4532914460
232.6 222.5 1676.3 -0.7820253968 0.5488218665 0.2953487635 0.6227674484 0.6695322990 0.4048298597 0.0244339406 0.5005208254 -0.8653796315
-145.6 -187.6 1900.3 0.9989012480 0.0212022904 0.0417941660 -0.0104410443 0.9700762033 -0.2425760478 -0.0456866957 0.2418731451 0.9692317247
-154.0 -572.8 1804.3 0.9989557266 0.0000000000 0.0456891842 0.0000000000 1.0000000000 0.0000000000 -0.0456891842 0.0000000000 0.9989557266
