-45.0 488.7 2254.5 2 0.9671733975 -0.0666181073 -0.2452298999 0.1040234342 0.9842578173 0.1428834796 0.2318508178 -0.1637027413 0.9588778019
-31.2 284.6 2288.5 0.9671733975 -0.0666181073 -0.2452298999 0.1040234342 0.9842578173 0.1428834796 0.2318508178 -0.1637027413 0.9588778019
-23.5 88.0 2316.5 0.9688984752 -0.0386601761 -0.2444200516 0.0716859773 0.9892184734 0.1277025938 0.2368478179 -0.1412523389 0.9612236619
-167.5 274.5 2255.1 0.1281322390 -0.8192317486 -0.5589646697 0.5631498694 0.5240339637 -0.6389449239 0.8163604140 -0.2329114228 0.5284959078
-195.5 151.8 2077.2 -0.5420137644 -0.8192317486 0.1872977316 -0.8402168155 0.5240339637 -0.1393704861 0.0160263535 -0.2329114228 -0.9723659158
105.2 294.7 2321.8 0.1809549183 0.7039477229 0.6868136525 -0.9834902883 0.1284879893 0.1274269819 0.0014546228 -0.6985331178 0.7155762911
156.2 17.0 2322.2 0.0685123876 0.7006776929 0.7101808786 -0.9611555934 0.2371335626 -0.1412360370 -0.2673686445 -0.6729179025 0.6897068620
-100.8 -115.0 2319.6 0.9599124789 0.0806208849 -0.2684553862 -0.0898912698 0.9956996441 -0.0224006176 0.2654949725 0.0456344299 0.9630316496
-132.8 -510.8 2301.5 0.9642127752 -0.0787648559 -0.2531597018 0.1142269373 0.9851004481 0.1285661906 0.2392612547 -0.1528828293 0.9588435292
77.1 -101.0 2362.5 0.9875932932 -0.1421834677 -0.0666587725 0.1177058220 0.9512399435 -0.2851104140 0.1039464697 0.2737269998 0.9561739564
133.5 -478.2 2253.9 0.9875932932 -0.0819020495 -0.1339835227 0.1177058220 0.9508638978 0.2863619030 0.1039464697 -0.2985797226 0.9487071633
-50.1 377.1 2072.9 0 0 0 0 0 0 0 0 0
175.8 -257.3 2245.9 0 0 0 0 0 0 0 0 0
-102.7 -887.1 2359.8 0 0 0 0 0 0 0 0 0
164.3 -836.4 2366.4 0 0 0 0 0 0 0 0 0
-46.8 488.6 2254.1 3 0.9677582979 -0.0603224635 -0.2445507497 0.0989086702 0.9839220047 0.1487097889 0.2316483110 -0.1681033224 0.9581651092
-34.4 286.5 2288.7 0.9677582979 -0.0603224635 -0.2445507497 0.0989086702 0.9839220047 0.1487097889 0.2316483110 -0.1681033224 0.9581651092
-21.5 90.2 2317.0 0.9678727388 -0.0648974776 -0.2429211438 0.0971069187 0.9876378179 0.1230520159 0.2319323421 -0.1426880211 0.9622097015
-170.6 272.8 2256.0 0.1235316843 -0.8237192035 -0.5533774495 0.5804588199 0.5122762918 -0.6329617500 0.8048648834 -0.2430219799 0.5414174199
-197.0 148.7 2083.9 -0.5339436531 -0.8237192035 0.1907637715 -0.8450396061 0.5122762918 -0.1532353461 0.0284991451 -0.2430219799 -0.9696020484
101.7 300.2 2321.3 0.1753022671 0.7029796243 0.6892668605 -0.9843988419 0.1144194454 0.1336678416 0.0151002342 -0.7019457817 0.7120702863
152.1 17.5 2325.6 0.0740145221 0.6995244026 0.7107654214 -0.9564883113 0.2514969707 -0.1479169130 -0.2822268307 -0.6688908339 0.6877012849
-104.8 -115.2 2322.9 0.9621319175 0.0675611943 -0.2640789151 -0.0820349455 0.9956507087 -0.0441575795 0.2599470317 0.0641491190 0.9634897113
-131.6 -511.0 2297.4 0.9672191143 -0.0683606267 -0.2445690185 0.1101045310 0.9807428718 0.1613082737 0.2288321853 -0.1829486042 0.9561200738
73.0 -102.1 2366.3 0.9828906655 -0.1674562842 -0.0767092332 0.1366599500 0.9422269464 -0.3058306873 0.1234907731 0.2901150584 0.9489906430
139.5 -476.0 2251.2 0.9828906655 -0.0941289589 -0.1583213508 0.1366599500 0.9489736557 0.2842060328 0.1234907731 -0.3009796739 0.9456009865
-53.4 375.9 2076.3 0 0 0 0 0 0 0 0 0
173.2 -255.6 2245.1 0 0 0 0 0 0 0 0 0
-105.5 -885.6 2367.2 0 0 0 0 0 0 0 0 0
175.2 -836.1 2365.4 0 0 0 0 0 0 0 0 0
-48.0 486.3 2252.0 4 0.9652440548 -0.0695541725 -0.2519248426 0.1129566208 0.9802806377 0.1621439606 0.2356792688 -0.1849650741 0.9540666938
-34.1 289.2 2289.2 0.9652440548 -0.0695541725 -0.2519248426 0.1129566208 0.9802806377 0.1621439606 0.2356792688 -0.1849650741 0.9540666938
-17.1 93.3 2317.8 0.9648445845 -0.0854774937 -0.2485326976 0.1180225536 0.9858397841 0.1191244051 0.2348309606 -0.1442690045 0.9612704515
-169.8 272.6 2256.1 0.1290639788 -0.8274673223 -0.5464799404 0.5964211226 0.5050447583 -0.6238682866 0.7922274470 -0.2454132736 0.5587020516
-197.0 146.8 2089.0 -0.5239897370 -0.8274673223 0.2018233091 -0.8516061902 0.5050447583 -0.1403449178 0.0142010311 -0.2454132736 -0.9693145156
101.7 305.8 2322.2 0.1968708783 0.7017472982 0.6846842766 -0.9803617597 0.1326981187 0.1458835006 0.0115170404 -0.6999585032 0.7140906453
157.7 26.7 2325.5 0.0419439711 0.7008730173 0.7120518088 -0.9612759948 0.2225971222 -0.1624777615 -0.2723769546 -0.6776633263 0.6830689907
-97.4 -114.9 2324.1 0.9600802660 0.0860484242 -0.2661608458 -0.1026332676 0.9935108423 -0.0490159392 0.2602159381 0.0743761882 0.9626815915
-131.6 -509.8 2294.5 0.9687891603 -0.0601582229 -0.2404757589 0.1036114618 0.9795695543 0.1723603755 0.2251938581 -0.1918969005 0.9552294612
80.1 -97.1 2366.6 0.9855200648 -0.1592680067 -0.0581710748 0.1351990700 0.9451673627 -0.2972874343 0.1023297757 0.2851180434 0.9530143142
143.4 -472.5 2253.4 0.9855200648 -0.0990524143 -0.1376182735 0.1351990700 0.9488753676 0.2852309942 0.1023297757 -0.2997067273 0.9485275149
-55.4 377.0 2085.2 0 0 0 0 0 0 0 0 0
169.7 -247.6 2247.7 0 0 0 0 0 0 0 0 0
-108.6 -884.1 2367.9 0 0 0 0 0 0 0 0 0
181.1 -834.0 2367.6 0 0 0 0 0 0 0 0 0
-46.2 483.7 2245.9 5 0.9625298381 -0.0807221234 -0.2588827908 0.1340629011 0.9714917541 0.1955273300 0.2357190996 -0.2229074538 0.9459115863
-29.9 286.9 2291.0 0.9625298381 -0.0807221234 -0.2588827908 0.1340629011 0.9714917541 0.1955273300 0.2357190996 -0.2229074538 0.9459115863
-10.8 91.3 2320.6 0.9629389048 -0.0958982632 -0.2520955801 0.1295330077 0.9842417240 0.1203721911 0.2365795076 -0.1485657692 0.9601866007
-165.4 268.7 2257.7 0.1542565078 -0.8264113069 -0.5415249467 0.6055386662 0.5121613741 -0.6091088653 0.7807226181 -0.2339552939 0.5794282556
-197.3 143.5 2096.2 -0.5366123319 -0.8264113069 0.1705624461 -0.8422428966 0.5121613741 -0.1682784408 0.0517117120 -0.2339552939 -0.9708711505
105.6 305.2 2324.3 0.2018387020 0.7009323239 0.6840723753 -0.9794135094 0.1421538889 0.1433229595 0.0032161411 -0.6989178658 0.7151947021
161.6 33.3 2325.2 0.0163467694 0.7013090253 0.7126699090 -0.9626578093 0.2036732584 -0.1783456206 -0.2702271938 -0.6831418872 0.6784500480
-88.6 -113.4 2325.0 0.9577882886 0.1065009460 -0.2670190036 -0.1210050061 0.9919082522 -0.0384168066 0.2607669234 0.0691058040 0.9629252553
-130.9 -507.7 2297.5 0.9675971270 -0.0683956146 -0.2430592924 0.1056022942 0.9839998484 0.1435008049 0.2293554842 -0.1645185798 0.9593381286
88.4 -91.8 2368.1 0.9901479483 -0.1388113350 -0.0183969401 0.1278165132 0.9496381283 -0.2860951126 0.0571836792 0.2809250355 0.9580246210
143.6 -469.1 2256.4 0.9901479483 -0.1064591184 -0.0909587294 0.1278165132 0.9524402618 0.2766233385 0.0571836792 -0.2855240703 0.9566640258
-53.0 369.9 2082.3 0 0 0 0 0 0 0 0 0
166.3 -241.5 2248.1 0 0 0 0 0 0 0 0 0
-104.8 -883.6 2360.4 0 0 0 0 0 0 0 0 0
184.2 -832.5 2365.4 0 0 0 0 0 0 0 0 0
-44.5 483.4 2250.3 6 0.9657046795 -0.1038600728 -0.2379654944 0.1469659805 0.9742099643 0.1712190062 0.2140455395 -0.2003198266 0.9560630322
-23.1 282.4 2291.7 0.9657046795 -0.1038600728 -0.2379654944 0.1469659805 0.9742099643 0.1712190062 0.2140455395 -0.2003198266 0.9560630322
-8.9 86.2 2319.8 0.9697217941 -0.0716091245 -0.2334775329 0.1020578668 0.9873862863 0.1210475042 0.2218644172 -0.1412106156 0.9647982717
-159.5 268.1 2260.5 0.1754088998 -0.8213071823 -0.5428501368 0.6123848557 0.5227659941 -0.5930434465 0.7708544135 -0.2284081131 0.5946539044
-195.6 142.0 2101.7 -0.5509007573 -0.8213071823 0.1481987685 -0.8307760954 0.5227659941 -0.1911199242 0.0794948786 -0.2284081131 -0.9703145623
113.3 296.8 2322.9 0.1966438591 0.6912528872 0.6953421235 -0.9804750085 0.1386446208 0.1394506246 -0.0000097955 -0.7091876864 0.7050197721
167.0 29.0 2322.9 -0.0200809799 0.6930345893 0.7206245661 -0.9610509276 0.1853335798 -0.2050185800 -0.2756409049 -0.6966738701 0.6623198986
-80.1 -116.2 2328.4 0.9593256116 0.1231146902 -0.2540415823 -0.1396509856 0.9890344143 -0.0480476581 0.2453404963 0.0815705061 0.9659991264
-129.0 -509.3 2296.0 0.9728437066 -0.0592577606 -0.2237490565 0.0952772945 0.9834995866 0.1537880599 0.2109439671 -0.1709299386 0.9624373317
96.6 -92.4 2371.8 0.9905844331 -0.1030575261 0.0901199430 0.1239894629 0.9544441700 -0.2714091837 -0.0580436923 0.2800276577 0.9582355618
137.5 -471.5 2260.6 0.9905844331 -0.1354041249 0.0202034991 0.1239894629 0.9498912096 0.2869378626 -0.0580436923 -0.2817311585 0.9577361345
-48.7 363.5 2080.5 0 0 0 0 0 0 0 0 0
161.3 -245.2 2244.2 0 0 0 0 0 0 0 0 0
-106.4 -885.1 2361.3 0 0 0 0 0 0 0 0 0
189.2 -834.2 2368.1 0 0 0 0 0 0 0 0 0
-40.4 482.8 2253.1 7 0.9729005694 -0.0809047148 -0.2166077793 0.1162562594 0.9809258580 0.1557850540 0.1998724192 -0.1767453700 0.9637489915
-23.9 283.2 2289.0 0.9729005694 -0.0809047148 -0.2166077793 0.1162562594 0.9809258580 0.1557850540 0.1998724192 -0.1767453700 0.9637489915
-11.1 86.9 2317.2 0.9746406674 -0.0642633364 -0.2143496871 0.0926573798 0.9878001809 0.1251614094 0.2036913782 -0.1418484747 0.9687047005
-161.0 270.2 2260.4 0.1486115903 -0.8137903214 -0.5618361831 0.6240587234 0.5179038644 -0.5850865841 0.7671149373 -0.2636680901 0.5848194957
-191.7 141.2 2101.8 -0.5580673218 -0.8137903214 0.1621915996 -0.8230187297 0.5179038644 -0.2332718074 0.1058346927 -0.2636680901 -0.9587899446
113.2 296.2 2317.7 0.2007016391 0.6789626479 0.7062072158 -0.9796104431 0.1324181855 0.1510922313 0.0090713073 -0.7221323848 0.6916953921
170.0 19.0 2320.2 -0.0554951690 0.6818962097 0.7293406725 -0.9566855431 0.1727638543 -0.2343190908 -0.2857850194 -0.7107532620 0.6427726746
-83.6 -119.3 2327.5 0.9650459886 0.1112117916 -0.2373145521 -0.1263582110 0.9907464385 -0.0495494604 0.2296080589 0.0778041556 0.9701683521
-127.8 -513.2 2296.6 0.9757307172 -0.0612851754 -0.2102229446 0.0941228122 0.9842042923 0.1499426663 0.1977130622 -0.1660904288 0.9660866857
94.3 -100.6 2368.2 0.9896761775 -0.1013648510 0.1013225466 0.1226058528 0.9648939967 -0.2322656959 -0.0742219388 0.2422905564 0.9673604965
134.5 -483.8 2272.0 0.9867237806 -0.1576820016 0.0388916992 0.1416622251 0.9527504444 0.2686976790 -0.0794228762 -0.2596209049 0.9624390602
-45.0 357.6 2074.0 0 0 0 0 0 0 0 0 0
154.2 -254.0 2238.7 0 0 0 0 0 0 0 0 0
-104.4 -889.4 2360.1 0 0 0 0 0 0 0 0 0
194.7 -847.6 2371.1 0 0 0 0 0 0 0 0 0
-34.6 485.3 2266.4 8 0.9797182679 -0.0646833256 -0.1896528900 0.0882702544 0.9890011549 0.1186804920 0.1798902899 -0.1330141574 0.9746521115
-21.5 285.8 2293.2 0.9797182679 -0.0646833256 -0.1896528900 0.0882702544 0.9890011549 0.1186804920 0.1798902899 -0.1330141574 0.9746521115
-10.4 88.7 2316.1 0.9804191589 -0.0565107651 -0.1886395067 0.0768149942 0.9918021560 0.1021175086 0.1813223213 -0.1146083027 0.9767226577
-159.4 275.0 2267.8 0.1336875260 -0.8147912025 -0.5641302466 0.6235439181 0.5115988851 -0.5911510587 0.7702730894 -0.2727304995 0.5764524937
-187.9 142.1 2103.6 -0.5584763885 -0.8147912025 0.1556260437 -0.8188937902 0.5115988851 -0.2601529956 0.1323522627 -0.2727304995 -0.9529433250
116.4 296.7 2318.7 0.1950933486 0.6629340649 0.7228118777 -0.9807239771 0.1400577873 0.1362507492 -0.0109101674 -0.7354605794 0.6774796844
171.2 21.2 2315.7 -0.0687708631 0.6644697785 0.7441441417 -0.9597229958 0.1596048027 -0.2312099785 -0.2724010348 -0.7300727367 0.6267307401
-87.8 -118.0 2326.8 0.9729303718 0.0938656330 -0.2111769915 -0.1068184301 0.9929818511 -0.0507632233 0.2049299926 0.0719466731 0.9761287570
-125.1 -512.7 2298.2 0.9806294441 -0.0531953201 -0.1885102093 0.0815704614 0.9858980775 0.1461206377 0.1780789196 -0.1586670727 0.9711398482
91.0 -101.0 2364.2 0.9878882766 -0.1010445878 0.1177569181 0.1238393262 0.9706861377 -0.2059907764 -0.0934907570 0.2180788219 0.9714428186
131.1 -486.6 2277.5 0.9827051163 -0.1756132990 0.0587422512 0.1548702866 0.9533287883 0.2591898441 -0.1015178636 -0.2456097603 0.9640383720
-43.2 354.3 2069.3 0 0 0 0 0 0 0 0 0
151.5 -252.7 2237.9 0 0 0 0 0 0 0 0 0
-104.7 -889.5 2358.9 0 0 0 0 0 0 0 0 0
198.2 -850.7 2371.4 0 0 0 0 0 0 0 0 0
-27.9 486.9 2280.1 9 0.9847757220 -0.0520679317 -0.1658484638 0.0661738366 0.9945399761 0.0806926340 0.1607414186 -0.0904389694 0.9828443527
-17.5 287.1 2298.3 0.9847757220 -0.0520679317 -0.1658484638 0.0661738366 0.9945399761 0.0806926340 0.1607414186 -0.0904389694 0.9828443527
-8.3 89.4 2314.4 0.9851062298 -0.0469065905 -0.1654251665 0.0595279932 0.9956135154 0.0721810386 0.1613137722 -0.0809534192 0.9835773706
-156.0 278.7 2275.6 0.1189988032 -0.8219736814 -0.5569547415 0.6333420277 0.4948424399 -0.5949864388 0.7646679878 -0.2819401920 0.5794761181
-182.0 140.7 2109.0 -0.5419427752 -0.8219736814 0.1750923246 -0.8317918181 0.4948424399 -0.2515022159 0.1200850904 -0.2819401920 -0.9518872499
121.1 295.6 2320.9 0.1909656823 0.6493458748 0.7361263633 -0.9811417460 0.1490992457 0.1230052635 -0.0298829265 -0.7457340956 0.6655731797
174.6 20.6 2312.5 -0.0574849769 0.6512195468 0.7567090392 -0.9584563971 0.1761160940 -0.2243756503 -0.2793864608 -0.7381708622 0.6140415072
-89.1 -115.4 2322.3 0.9788073301 0.0851269364 -0.1862515658 -0.0947504193 0.9945555925 -0.0433764420 0.1815450341 0.0601045899 0.9815441370
-123.0 -510.7 2298.4 0.9848313928 -0.0458755605 -0.1673397422 0.0699490681 0.9875447750 0.1409340799 0.1587900668 -0.1505015492 0.9757740498
90.7 -101.3 2355.5 0.9864482880 -0.0988185927 0.1309756339 0.1211687401 0.9770018458 -0.1754582077 -0.1106249020 0.1889505982 0.9757355452
129.9 -489.4 2280.4 0.9809429646 -0.1787110269 0.0762449801 0.1536597311 0.9537160993 0.2584845722 -0.1189101115 -0.2418428361 0.9630017877
-42.6 354.6 2078.2 0 0 0 0 0 0 0 0 0
158.2 -253.0 2232.8 0 0 0 0 0 0 0 0 0
-105.4 -888.3 2355.9 0 0 0 0 0 0 0 0 0
198.2 -853.8 2372.8 0 0 0 0 0 0 0 0 0
-20.2 486.2 2285.9 0 0.9875959754 -0.0773314536 -0.1366531551 0.0870012864 0.9940022826 0.0662588552 0.1307096481 -0.0773259774 0.9884005785
-4.5 283.8 2301.7 0.9875959754 -0.0773314536 -0.1366531551 0.0870012864 0.9940022826 0.0662588552 0.1307096481 -0.0773259774 0.9884005785
8.4 86.0 2316.0 0.9884878397 -0.0654612109 -0.1364058703 0.0745760277 0.9952350259 0.0628140345 0.1316440254 -0.0722635165 0.9886596203
-143.5 273.2 2283.2 0.1414781213 -0.8406338096 -0.5227988958 0.5987206101 0.4932350218 -0.6310728192 0.7883638740 -0.2237274945 0.5730867386
-173.8 144.8 2114.1 -0.5150907636 -0.8406338096 0.1673805863 -0.8557449579 0.4932350218 -0.1562683731 0.0488065220 -0.2237274945 -0.9734289646
134.5 294.3 2320.2 0.1746901721 0.6285713911 0.7578794956 -0.9839545488 0.1398119032 0.1108427122 -0.0362880118 -0.7650821209 0.6429094672
182.8 22.3 2310.1 -0.0578015372 0.6315298676 0.7731940746 -0.9590623975 0.1799473017 -0.2186739147 -0.2772333026 -0.7541810274 0.5952752829
-89.4 -113.9 2315.7 0.9855130911 0.0699655786 -0.1544950008 -0.0770081207 0.9962248206 -0.0400728993 0.1511080414 0.0513897352 0.9871805310
-117.2 -509.9 2295.3 0.9904887080 -0.0181638598 -0.1363898516 0.0414252579 0.9846230149 0.1697098166 0.1312099993 -0.1737456471 0.9760104418
91.3 -102.9 2345.3 0.9828295708 -0.0933993533 0.1591307372 0.1156369820 0.9838321805 -0.1367564648 -0.1437849700 0.1528096944 0.9777398109
128.4 -493.6 2284.6 0.9759079814 -0.1887506247 0.1094387993 0.1548437029 0.9525458813 0.2620682716 -0.1537110358 -0.2388086170 0.9588239789
-40.8 365.8 2101.4 0 0 0 0 0 0 0 0 0
166.3 -251.6 2231.0 0 0 0 0 0 0 0 0 0
-110.3 -886.1 2361.7 0 0 0 0 0 0 0 0 0
200.5 -857.7 2375.8 0 0 0 0 0 0 0 0 0
-12.4 485.5 2289.9 1 0.9892181158 -0.0942927077 -0.1120552644 0.1014615074 0.9930233955 0.0600837059 0.1056080461 -0.0708051845 0.9918838739
7.0 280.7 2304.5 0.9892181158 -0.0942927077 -0.1120552644 0.1014615074 0.9930233955 0.0600837059 0.1056080461 -0.0708051845 0.9918838739
19.0 82.7 2316.7 0.9919029474 -0.0605663955 -0.1116252691 0.0669725612 0.9962619543 0.0545600764 0.1079035029 -0.0615941323 0.9922514558
-132.5 271.2 2289.3 0.1652135998 -0.8428093195 -0.5122274160 0.5782645941 0.5035050511 -0.6419444680 0.7989458442 -0.1901450306 0.5705527067
-167.8 147.6 2118.5 -0.5137074590 -0.8428093195 0.1605524719 -0.8579500914 0.5035050511 -0.1020016819 0.0051289918 -0.1901450306 -0.9817426205
146.5 290.2 2319.6 0.1809176654 0.6096346974 0.7717605233 -0.9824867249 0.1476098895 0.1137154326 -0.0445946082 -0.7788175941 0.6256632209
195.4 24.8 2307.6 -0.0707935169 0.6122084260 0.7875208259 -0.9579705596 0.1783009022 -0.2247247547 -0.2779940665 -0.7703308463 0.5738551021
-69.3 -118.6 2318.3 0.9863986373 0.1000127047 -0.1304421574 -0.1070768163 0.9930769801 -0.0482981913 0.1247086748 0.0616086051 0.9902788401
-109.0 -513.2 2293.8 0.9945709705 0.0105920518 -0.1035198048 0.0087520517 0.9827669859 0.1846415251 0.1036915779 -0.1845451146 0.9773387909
112.0 -104.8 2342.4 0.9821724892 -0.0536623597 0.1801597923 0.0755945593 0.9902309775 -0.1171669140 -0.1721123606 0.1286972165 0.9766342044
133.3 -497.9 2291.3 0.9725263715 -0.1792125106 0.1485776603 0.1386481524 0.9586005807 0.2487200052 -0.1870003641 -0.2212867439 0.9571118355
-34.7 369.9 2117.2 0 0 0 0 0 0 0 0 0
175.1 -248.8 2228.2 0 0 0 0 0 0 0 0 0
-113.1 -888.6 2364.3 0 0 0 0 0 0 0 0 0
201.8 -864.3 2375.9 0 0 0 0 0 0 0 0 0
-2.6 483.8 2299.8 2 0.9931254387 -0.0771236494 -0.0880559161 0.0806296691 0.9960581660 0.0369734727 0.0848572850 -0.0438192151 0.9954290986
13.0 281.6 2308.7 0.9931254387 -0.0771236494 -0.0880559161 0.0806296691 0.9960581660 0.0369734727 0.0848572850 -0.0438192151 0.9954290986
24.6 83.4 2316.4 0.9944074750 -0.0586770475 -0.0878109485 0.0618086606 0.9975297451 0.0333772898 0.0856355578 -0.0386181027 0.9955778122
-126.9 272.9 2296.7 0.1400446296 -0.8351659179 -0.5318697691 0.5817906260 0.5040617585 -0.6383113861 0.8011910915 -0.2200447321 0.5564827919
-157.5 145.5 2121.3 -0.5191351771 -0.8351659179 0.1816496253 -0.8545978069 0.5040617585 -0.1248371601 0.0126971165 -0.2200447321 -0.9754071236
152.9 290.4 2320.7 0.1754838079 0.5928218961 0.7859819531 -0.9825900197 0.1549440920 0.1025143042 -0.0610105358 -0.7902876139 0.6096910834
201.7 16.7 2303.8 -0.0650687963 0.5962091088 0.8001879454 -0.9545398355 0.1965717524 -0.2240831405 -0.2908947468 -0.7783920765 0.5563146472
-60.0 -121.5 2319.0 0.9892067909 0.1016392410 -0.1055433974 -0.1078833491 0.9926283360 -0.0552279465 0.0991520360 0.0660182387 0.9928798676
-100.4 -516.0 2292.8 0.9957138300 0.0525466949 -0.0761106834 -0.0363905765 0.9791368842 0.1999168098 0.0850277394 -0.1962902099 0.9768522978
121.9 -109.1 2338.8 0.9786875844 -0.0401063673 0.2014004290 0.0620463900 0.9926574230 -0.1038336679 -0.1957572401 0.1141168922 0.9739899635
137.8 -503.4 2293.5 0.9699164033 -0.1702502370 0.1740029752 0.1224578395 0.9589710832 0.2556921840 -0.2103954703 -0.2266920060 0.9509702921
-23.4 366.4 2118.1 0 0 0 0 0 0 0 0 0
183.2 -255.9 2220.7 0 0 0 0 0 0 0 0 0
-120.5 -889.9 2367.8 0 0 0 0 0 0 0 0 0
202.9 -870.0 2380.1 0 0 0 0 0 0 0 0 0
6.0 486.4 2303.8 3 0.9956359267 -0.0796963200 -0.0485551730 0.0807822794 0.9965141416 0.0208263807 0.0467261337 -0.0246578902 0.9986033440
22.5 280.6 2308.9 0.9956359267 -0.0796963200 -0.0485551730 0.0807822794 0.9965141416 0.0208263807 0.0467261337 -0.0246578902 0.9986033440
34.8 82.5 2318.8 0.9968114495 -0.0618596710 -0.0504017211 0.0642289892 0.9968358278 0.0468289070 0.0473454185 -0.0499168411 0.9976305366
-117.7 271.6 2302.2 0.1379578412 -0.8458935022 -0.5152007341 0.5616943836 0.4952552915 -0.6627379656 0.8157616258 -0.1979554594 0.5434579849
-147.9 148.6 2123.5 -0.5077556372 -0.8458935022 0.1632434130 -0.8613760471 0.4952552915 -0.1129312888 0.0146806836 -0.1979554594 -0.9801010489
162.6 289.7 2315.5 0.1834201515 0.5619771481 0.8065598011 -0.9817023873 0.1474163681 0.1205358431 -0.0511617325 -0.8139103651 0.5787334442
213.5 17.4 2301.3 -0.0805224478 0.5662919879 0.8202618361 -0.9550707340 0.1916552782 -0.2260710746 -0.2852297723 -0.8016119003 0.5254163742
-55.0 -120.5 2316.2 0.9930154085 0.0968134105 -0.0674358681 -0.0993635580 0.9944162965 -0.0355405249 0.0636185259 0.0419929549 0.9970903993
-93.5 -515.8 2299.5 0.9966384172 0.0645383671 -0.0504648350 -0.0575337522 0.9898831844 0.1296962202 0.0583246760 -0.1263568103 0.9902687669
127.3 -109.1 2331.9 0.9700036049 -0.0502768680 0.2378345281 0.0725161061 0.9936786890 -0.0856975242 -0.2320225090 0.1003737450 0.9675177932
147.3 -504.0 2292.0 0.9691610932 -0.1336865574 0.2070136070 0.0787383541 0.9640141129 0.2539233267 -0.2335101813 -0.2297926843 0.9448112845
-16.1 372.2 2119.7 0 0 0 0 0 0 0 0 0
190.5 -255.4 2219.9 0 0 0 0 0 0 0 0 0
-115.5 -853.9 2342.7 0 0 0 0 0 0 0 0 0
198.4 -872.3 2379.8 0 0 0 0 0 0 0 0 0
15.5 485.8 2306.3 4 0.9949439168 -0.0943542570 -0.0344080515 0.0951021165 0.9952505231 0.0207843650 0.0322835371 -0.0239515547 0.9991917014
35.2 278.8 2311.3 0.9949439168 -0.0943542570 -0.0344080515 0.0951021165 0.9952505231 0.0207843650 0.0322835371 -0.0239515547 0.9991917014
48.3 80.7 2320.5 0.9971640110 -0.0659293607 -0.0362945981 0.0675110593 0.9967376590 0.0442301966 0.0332601257 -0.0465550460 0.9983618259
-105.1 269.3 2306.6 0.1357481331 -0.8492078185 -0.5103121400 0.5358974338 0.4961628020 -0.6831079125 0.8332985044 -0.1807443649 0.5224415064
-135.1 151.0 2122.6 -0.5096456409 -0.8492078185 0.1382293701 -0.8596894145 0.4961628020 -0.1214766055 0.0345746092 -0.1807443649 -0.9829221964
175.4 288.3 2315.9 0.1792753786 0.5498682261 0.8157850504 -0.9819471240 0.1508661658 0.1141016781 -0.0603334792 -0.8215134740 0.5669881105
224.6 19.0 2299.4 -0.0876309127 0.5541620851 0.8277832866 -0.9541071653 0.1921842843 -0.2296621799 -0.2863570154 -0.8099194765 0.5118887424
-44.3 -121.5 2324.4 0.9927636981 0.1076909155 -0.0531307794 -0.1098202243 0.9931889772 -0.0389246941 0.0485770702 0.0444778576 0.9978286624
-87.1 -516.3 2306.7 0.9958847165 0.0811146945 -0.0404239185 -0.0779144615 0.9941133261 0.0752865523 0.0462928005 -0.0718271136 0.9963422418
138.4 -109.7 2333.0 0.9670600295 -0.0342508256 0.2522335351 0.0597868040 0.9937488437 -0.0942805335 -0.2474275976 0.1062551737 0.9630625248
152.0 -504.7 2290.8 0.9676279426 -0.1158078015 0.2242424488 0.0551527552 0.9640617371 0.2598906755 -0.2462809384 -0.2391098887 0.9392402172
-2.8 374.0 2113.6 0 0 0 0 0 0 0 0 0
199.6 -253.4 2217.6 0 0 0 0 0 0 0 0 0
-112.7 -830.1 2329.4 0 0 0 0 0 0 0 0 0
196.3 -873.0 2382.2 0 0 0 0 0 0 0 0 0
26.7 484.9 2307.5 5 0.9968445301 -0.0778267607 -0.0156196244 0.0781689137 0.9966830015 0.0226408634 0.0138057489 -0.0237903893 0.9996216297
42.6 281.6 2312.4 0.9968445301 -0.0778267607 -0.0156196244 0.0781689137 0.9966830015 0.0226408634 0.0138057489 -0.0237903893 0.9996216297
54.9 83.4 2319.2 0.9979446530 -0.0619581379 -0.0163617712 0.0624749064 0.9974932671 0.0332283527 0.0142619889 -0.0341822580 0.9993138313
-97.8 272.8 2310.4 0.1263949126 -0.8464930654 -0.5171787143 0.5586899519 0.4915541410 -0.6680120230 0.8196889162 -0.2045092136 0.5350571275
-126.4 146.3 2124.7 -0.5151057243 -0.8464930654 0.1345940977 -0.8532729149 0.4915541410 -0.1740685701 0.0811875537 -0.2045092136 -0.9754919410
183.0 290.4 2314.4 0.1907635033 0.5351135135 0.8229597807 -0.9799479246 0.1529556215 0.1276972294 -0.0575438179 -0.8308177590 0.5535617471
236.7 14.2 2298.2 -0.0912804082 0.5406556726 0.8362770677 -0.9504995346 0.2031721026 -0.2350993007 -0.2970159352 -0.8163409233 0.4953473508
-30.1 -123.7 2326.7 0.9911099672 0.1290690899 -0.0322824530 -0.1302862167 0.9907104969 -0.0389648192 0.0269534104 0.0428243801 0.9987189770
-81.4 -517.4 2309.7 0.9950385094 0.0971618295 -0.0214006621 -0.0961567983 0.9944005609 0.0438336097 0.0255397838 -0.0415583104 0.9988095760
152.8 -111.3 2332.8 0.9623956680 -0.0230514649 0.2706717849 0.0529946499 0.9931807518 -0.1038436592 -0.2664322555 0.1142828465 0.9570544958
162.0 -506.1 2287.4 0.9673129916 -0.0751194432 0.2422038317 0.0053329687 0.9609317780 0.2767339051 -0.2535294592 -0.2663966417 0.9299224019
6.5 366.6 2103.8 0 0 0 0 0 0 0 0 0
210.7 -257.3 2213.3 0 0 0 0 0 0 0 0 0
-110.9 -820.2 2322.3 0 0 0 0 0 0 0 0 0
190.7 -872.9 2389.1 0 0 0 0 0 0 0 0 0
36.8 483.4 2308.7 6 0.9974479079 -0.0711286813 -0.0061980165 0.0712558180 0.9971805215 0.0235290918 0.0045069479 -0.0239106864 0.9997039437
51.1 282.7 2313.5 0.9974479079 -0.0711286813 -0.0061980165 0.0712558180 0.9971805215 0.0235290918 0.0045069479 -0.0239106864 0.9997039437
63.5 84.4 2319.2 0.9980264902 -0.0624535494 -0.0065286090 0.0626150519 0.9976317286 0.0284659024 0.0047353506 -0.0288185142 0.9995734692
-89.3 273.9 2312.8 0.1367868334 -0.8488788605 -0.5105820298 0.5773479342 0.4871514440 -0.6552501917 0.8049588203 -0.2051538825 0.5567343831
-120.2 143.4 2130.9 -0.5114561319 -0.8488788605 0.1334814131 -0.8549893498 0.4871514440 -0.1779794693 0.0860573500 -0.2051538825 -0.9749389887
191.5 291.5 2314.1 0.1983988136 0.5272731185 0.8262088299 -0.9784973860 0.1550609171 0.1360107511 -0.0563978814 -0.8354275823 0.5466992855
247.3 16.3 2298.3 -0.0922347680 0.5330957770 0.8410122991 -0.9495555162 0.2071478367 -0.2354444414 -0.2997283041 -0.8203040361 0.4870977998
-24.4 -120.7 2324.7 0.9921009541 0.1235016063 -0.0219774637 -0.1243064553 0.9914340377 -0.0400801860 0.0168392379 0.0424955338 0.9989547133
-73.5 -514.8 2307.8 0.9926390052 0.1205236614 -0.0119116958 -0.1199580804 0.9919615984 0.0402776599 0.0166703556 -0.0385522731 0.9991174936
158.7 -109.2 2327.3 0.9596621394 -0.0301591046 0.2795334756 0.0565695912 0.9946097136 -0.0868989229 -0.2754059136 0.0992067084 0.9561954141
170.7 -504.5 2287.8 0.9665145874 -0.0442486778 0.2527679205 -0.0225248188 0.9665898085 0.2553365529 -0.2556211948 -0.2524800599 0.9332264662
11.5 363.6 2108.8 0 0 0 0 0 0 0 0 0
221.0 -254.9 2212.7 0 0 0 0 0 0 0 0 0
-110.3 -817.8 2319.6 0 0 0 0 0 0 0 0 0
187.6 -873.6 2384.2 0 0 0 0 0 0 0 0 0
45.8 479.1 2301.2 7 0.9941215515 -0.1072391495 -0.0149031524 0.1079714596 0.9921565652 0.0629885271 0.0080314241 -0.0642273650 0.9979029894
67.5 278.5 2314.2 0.9941215515 -0.1072391495 -0.0149031524 0.1079714596 0.9921565652 0.0629885271 0.0080314241 -0.0642273650 0.9979029894
78.9 80.1 2320.7 0.9982827306 -0.0572682843 -0.0123256799 0.0576351136 0.9978308082 0.0318097696 0.0104772523 -0.0324655361 0.9994179606
-73.0 270.4 2312.7 0.1678915620 -0.8425397873 -0.5117999315 0.5762878060 0.5051020384 -0.6424673200 0.7998154759 -0.1870792210 0.5703477859
-110.4 142.0 2134.6 -0.5205065608 -0.8425397873 0.1385627836 -0.8528461456 0.5051020384 -0.1323834956 0.0415500142 -0.1870792210 -0.9814656973
208.0 286.6 2315.7 0.1768857837 0.5336807966 0.8269801736 -0.9824653268 0.1460531950 0.1158895493 -0.0589350834 -0.8329785466 0.5501576066
255.7 21.9 2299.8 -0.0793303773 0.5407180190 0.8374549150 -0.9496867061 0.2143508345 -0.2283613831 -0.3029882610 -0.8134357333 0.4965081811
-15.6 -119.7 2324.5 0.9914388657 0.1278457940 -0.0265400372 -0.1284968257 0.9914079905 -0.0244692732 0.0231837109 0.0276701003 0.9993482232
-66.5 -513.8 2313.5 0.9901355505 0.1385617852 -0.0207897127 -0.1381535083 0.9902100563 0.0199410394 0.0233492479 -0.0168721601 0.9995849729
167.5 -108.2 2325.4 0.9610641003 -0.0386830792 0.2736044824 0.0659738854 0.9936396480 -0.0912561566 -0.2683341801 0.1057537720 0.9575034976
182.8 -503.2 2283.3 0.9701121449 0.0015631492 0.2426518947 -0.0673534125 0.9624211192 0.2630762458 -0.2331220806 -0.2715569139 0.9337617159
23.3 361.0 2123.9 0 0 0 0 0 0 0 0 0
233.0 -249.4 2213.3 0 0 0 0 0 0 0 0 0
-108.5 -814.1 2318.6 0 0 0 0 0 0 0 0 0
182.2 -870.5 2386.9 0 0 0 0 0 0 0 0 0
54.7 481.3 2305.0 8 0.9914700389 -0.1293065250 -0.0163381584 0.1299053282 0.9905752540 0.0434195064 0.0105697503 -0.0451715551 0.9989233017
81.5 275.7 2314.4 0.9914700389 -0.1293065250 -0.0163381584 0.1299053282 0.9905752540 0.0434195064 0.0105697503 -0.0451715551 0.9989233017
91.5 77.3 2321.6 0.9986232519 -0.0500689894 -0.0156416222 0.0506009236 0.9980807900 0.0356973074 0.0138242738 -0.0364396423 0.9992402196
-59.0 268.6 2312.4 0.1825035065 -0.8451494575 -0.5024091005 0.5754409432 0.5061467886 -0.6424041986 0.7972202897 -0.1718657464 0.5787071586
-99.3 141.5 2136.3 -0.5190050006 -0.8451494575 0.1278914511 -0.8539574146 0.5061467886 -0.1207153946 0.0372906998 -0.1718657464 -0.9844143391
222.1 282.8 2316.3 0.1634176224 0.5386770368 0.8265118003 -0.9851986766 0.1330530494 0.1080761403 -0.0517517738 -0.8319398761 0.5524470806
267.4 9.7 2302.0 -0.0812263116 0.5499373078 0.8312467933 -0.9416223168 0.2310524732 -0.2448717803 -0.3267257512 -0.8026105762 0.4990656674
-1.3 -123.6 2326.1 0.9873428345 0.1555645764 -0.0308842361 -0.1563470066 0.9873915911 -0.0247678887 0.0266418289 0.0292830560 0.9992160797
-63.1 -516.0 2314.5 0.9887880087 0.1473659575 -0.0241156090 -0.1469545960 0.9889788628 0.0180328023 0.0265072491 -0.0142867193 0.9995465279
181.8 -113.0 2328.1 0.9627509117 -0.0144311786 0.2700043917 0.0453981608 0.9930264354 -0.1088003740 -0.2665513754 0.1170053631 0.9566922784
187.6 -507.6 2281.6 0.9693407416 0.0109684616 0.2454755157 -0.0783772394 0.9606220126 0.2665752769 -0.2328852713 -0.2776419520 0.9320297241
33.9 360.7 2126.8 0 0 0 0 0 0 0 0 0
244.2 -259.1 2208.7 0 0 0 0 0 0 0 0 0
-107.7 -814.6 2318.8 0 0 0 0 0 0 0 0 0
183.4 -874.5 2387.6 0 0 0 0 0 0 0 0 0
65.4 475.5 2299.9 9 0.9912676811 -0.1302295625 -0.0207039099 0.1313831657 0.9888062477 0.0707155988 0.0112628946 -0.0728182271 0.9972816110
92.0 273.8 2314.7 0.9912676811 -0.1302295625 -0.0207039099 0.1313831657 0.9888062477 0.0707155988 0.0112628946 -0.0728182271 0.9972816110
103.5 75.4 2322.3 0.9981685281 -0.0579071715 -0.0175014976 0.0585214607 0.9976038337 0.0369034633 0.0153225856 -0.0378600918 0.9991655946
-48.5 265.5 2312.6 0.1972986162 -0.8494507074 -0.4893942773 0.5837048888 0.5028629899 -0.6375087500 0.7876304984 -0.1598822623 0.5950427055
-91.7 137.7 2140.1 -0.5187848210 -0.8494507074 0.0964147300 -0.8512543440 0.5028629899 -0.1499827951 0.0789195895 -0.1598822623 -0.9839763045
232.4 282.0 2316.9 0.1719080210 0.5388421416 0.8246797919 -0.9838280082 0.1366528720 0.1157947555 -0.0502997711 -0.8312491179 0.5536197424
280.8 5.5 2302.8 -0.1077217311 0.5495393276 0.8284941316 -0.9401988983 0.2145552933 -0.2645600140 -0.3231439590 -0.8074481487 0.4935640395
9.8 -125.8 2327.6 0.9857375026 0.1652287543 -0.0319528170 -0.1659586579 0.9858937263 -0.0217097178 0.0279150121 0.0267029293 0.9992535710
-55.9 -517.7 2317.0 0.9846021533 0.1727044880 -0.0270520318 -0.1725640893 0.9849700332 0.0074585802 0.0279335715 -0.0026755247 0.9996061921
193.1 -116.5 2330.1 0.9630284309 -0.0072968043 0.2693010271 0.0361672342 0.9940856099 -0.1024000049 -0.2669610977 0.1083539873 0.9575966001
196.0 -511.6 2287.1 0.9677042365 0.0391119532 0.2490357608 -0.1053188220 0.9602705836 0.2584344149 -0.2290338427 -0.2763162255 0.9333770871
42.1 357.2 2119.7 0 0 0 0 0 0 0 0 0
250.0 -262.9 2210.5 0 0 0 0 0 0 0 0 0
-107.5 -811.9 2317.8 0 0 0 0 0 0 0 0 0
181.0 -878.4 2392.6 0 0 0 0 0 0 0 0 0
76.3 479.1 2303.8 0 0.9942567945 -0.1028844789 -0.0294660311 0.1043620855 0.9930726886 0.0539925024 0.0237069204 -0.0567575470 0.9981064796
97.0 278.4 2315.3 0.9942567945 -0.1028844789 -0.0294660311 0.1043620855 0.9930726886 0.0539925024 0.0237069204 -0.0567575470 0.9981064796
110.0 80.2 2323.0 0.9974879026 -0.0650539473 -0.0280328318 0.0660705492 0.9971284270 0.0370079577 0.0255448185 -0.0387671366 0.9989216924
-43.3 269.1 2311.7 0.1864242107 -0.8449158669 -0.5013613105 0.6056596637 0.5006403327 -0.6184946895 0.7735776305 -0.1883519441 0.6050629616
-84.4 135.7 2141.2 -0.5234593749 -0.8449158669 0.1100340188 -0.8463241458 0.5006403327 -0.1819195747 0.0986192748 -0.1883519441 -0.9771375656
237.4 287.7 2318.9 0.1951789409 0.5445077419 0.8157306314 -0.9795367122 0.1498816907 0.1343252212 -0.0491219647 -0.8252555728 0.5626190901
292.7 10.4 2305.0 -0.1294864863 0.5510324836 0.8243764043 -0.9412164092 0.1932905167 -0.2770386934 -0.3120014668 -0.8117893338 0.4936123192
23.4 -128.3 2328.4 0.9838504791 0.1745969653 -0.0394227318 -0.1749690771 0.9845545888 -0.0061682733 0.0377368703 0.0129664177 0.9992035627
-46.0 -519.6 2323.2 0.9778938890 0.2050617933 -0.0409050472 -0.2057942301 0.9784873128 -0.0145348748 0.0370445214 0.0226315875 0.9990572929
206.6 -117.5 2331.2 0.9655086994 0.0092331609 0.2602070272 0.0159553383 0.9953947663 -0.0945234299 -0.2598814368 0.0954148844 0.9609149694
202.9 -513.2 2293.3 0.9659284949 0.0647786409 0.2505710721 -0.1206005961 0.9692897797 0.2143195570 -0.2289926410 -0.2372363955 0.9440769553
50.5 353.8 2115.8 0 0 0 0 0 0 0 0 0
255.7 -258.3 2215.9 0 0 0 0 0 0 0 0 0
-106.5 -808.3 2316.6 0 0 0 0 0 0 0 0 0
178.2 -883.2 2383.8 0 0 0 0 0 0 0 0 0
84.7 475.9 2306.3 1 0.9954789877 -0.0944555625 -0.0099894321 0.0948288292 0.9943351150 0.0480128229 0.0053977650 -0.0487430394 0.9987967610
103.7 276.3 2316.1 0.9954789877 -0.0944555625 -0.0099894321 0.0948288292 0.9943351150 0.0480128229 0.0053977650 -0.0487430394 0.9987967610
118.4 78.2 2323.8 0.9972041249 -0.0741629153 -0.0091516664 0.0744600371 0.9964950681 0.0381215662 0.0062923846 -0.0386964157 0.9992312193
-36.6 265.9 2315.2 0.1688510031 -0.8468983769 -0.5042345524 0.5900128484 0.4966448843 -0.6365757585 0.7895404696 -0.1900184005 0.5835399032
-73.5 137.1 2142.9 -0.5230906606 -0.8468983769 0.0955995843 -0.8423363566 0.4966448843 -0.2093162835 0.1297905743 -0.1900184005 -0.9731636047
244.0 286.8 2317.0 0.2028703839 0.5312434435 0.8225715756 -0.9788004160 0.1341794729 0.1547435522 -0.0281657241 -0.8365263343 0.5472023487
299.8 17.5 2309.2 -0.1303005517 0.5407510996 0.8310295343 -0.9415310025 0.1951831877 -0.2746322751 -0.3107106984 -0.8182247877 0.4837014377
31.4 -124.1 2328.4 0.9853789210 0.1693669558 -0.0185270458 -0.1693121344 0.9855521917 0.0045000189 0.0190215260 -0.0012973697 0.9998182058
-35.9 -515.8 2328.9 0.9731030464 0.2288600951 -0.0263344087 -0.2297990918 0.9723719358 -0.0410512835 0.0162118375 0.0459987558 0.9988099337
214.4 -111.9 2333.1 0.9601075649 0.0107287932 0.2794251442 0.0142835742 0.9960775971 -0.0873238444 -0.2792659998 0.0878314674 0.9561883211
210.2 -507.9 2298.2 0.9582283497 0.0861180425 0.2727308571 -0.1368063986 0.9754348397 0.1726582348 -0.2511622012 -0.2027573287 0.9464707971
61.1 353.8 2109.5 0 0 0 0 0 0 0 0 0
262.6 -251.3 2220.5 0 0 0 0 0 0 0 0 0
-105.2 -810.0 2315.0 0 0 0 0 0 0 0 0 0
177.3 -880.2 2375.6 0 0 0 0 0 0 0 0 0
92.6 475.8 2307.5 2 0.9957955480 -0.0916024446 -0.0004175281 0.0915199295 0.9946833849 0.0472133718 -0.0039095525 -0.0470530801 0.9988847375
110.9 276.6 2317.0 0.9957955480 -0.0916024446 -0.0004175281 0.0915199295 0.9946833849 0.0472133718 -0.0039095525 -0.0470530801 0.9988847375
127.0 78.7 2325.2 0.9967459440 -0.0806072131 0.0000802976 0.0805345923 0.9958891869 0.0414590016 -0.0034218621 -0.0413176268 0.9991402030
-29.3 265.3 2317.4 0.1604406536 -0.8547065854 -0.4936957359 0.5909521580 0.4838021994 -0.6455315351 0.7905911207 -0.1881810427 0.5827122331
-64.0 137.6 2146.6 -0.5111745000 -0.8547065854 0.0904285982 -0.8475396037 0.4838021994 -0.2182018757 0.1427490115 -0.1881810427 -0.9717050195
251.2 288.0 2316.5 0.2219930291 0.5232609510 0.8227496743 -0.9749522209 0.1309629530 0.1797688901 -0.0136836870 -0.8420490623 0.5392273068
311.9 21.4 2312.7 -0.1028826758 0.5335710645 0.8394742608 -0.9454856515 0.2097023726 -0.2491621524 -0.3089854717 -0.8193453550 0.4829090536
41.7 -126.7 2330.9 0.9824768305 0.1861224174 -0.0098847728 -0.1860987693 0.9825255871 0.0032694931 0.0103205685 -0.0013726573 0.9999458194
-32.3 -517.3 2331.4 0.9717536569 0.2351116836 -0.0204278883 -0.2358787358 0.9703646302 -0.0524760894 0.0074847587 0.0558123402 0.9984132051
224.6 -113.0 2332.0 0.9571693540 0.0181417633 0.2889597714 0.0069290791 0.9963137507 -0.0855039135 -0.2894457579 0.0838439539 0.9535152316
217.4 -509.1 2298.7 0.9523143768 0.1109045744 0.2842490375 -0.1632393748 0.9722539186 0.1675565690 -0.2577794492 -0.2059671730 0.9439953566
67.8 356.2 2109.8 0 0 0 0 0 0 0 0 0
282.5 -248.5 2224.5 0 0 0 0 0 0 0 0 0
-103.7 -811.9 2314.5 0 0 0 0 0 0 0 0 0
175.1 -880.4 2377.4 0 0 0 0 0 0 0 0 0
100.3 474.6 2300.7 3 0.9940604568 -0.1084775403 0.0087407259 0.1072156727 0.9899379611 0.0923454091 -0.0186701789 -0.0908597782 0.9956886768
122.6 271.1 2319.3 0.9940604568 -0.1084775403 0.0087407259 0.1072156727 0.9899379611 0.0923454091 -0.0186701789 -0.0908597782 0.9956886768
141.1 73.3 2326.3 0.9955759645 -0.0928500444 0.0144011946 0.0922737196 0.9950631857 0.0365356803 -0.0177224372 -0.0350451954 0.9992285967
-17.4 258.1 2321.8 0.1787903607 -0.8626563549 -0.4731363654 0.5763770938 0.4815629721 -0.6602170467 0.7973853350 -0.1546645314 0.5833141804
-56.0 133.7 2149.8 -0.5002595782 -0.8626563549 0.0745944604 -0.8574513793 0.4815629721 -0.1813126653 0.1204885915 -0.1546645314 -0.9805923700
262.7 284.1 2316.9 0.2184268981 0.5121558905 0.8306539655 -0.9757267833 0.1283275038 0.1774521023 -0.0157126058 -0.8492516875 0.5277544260
320.7 25.0 2312.7 -0.0621548891 0.5209231973 0.8513376713 -0.9523732662 0.2241826057 -0.2067059577 -0.2985330224 -0.8236389756 0.4821792543
51.5 -126.7 2333.7 0.9799773097 0.1990314275 0.0055683460 -0.1990438253 0.9799889922 0.0017615361 -0.0051063169 -0.0028346102 0.9999829531
-27.6 -516.3 2334.8 0.9693629146 0.2454647571 -0.0090864701 -0.2454865575 0.9668456912 -0.0703262016 -0.0084773907 0.0704022199 0.9974826574
234.4 -111.9 2333.1 0.9522255063 0.0297175236 0.3039463758 -0.0018233568 0.9957897663 -0.0916482657 -0.3053902686 0.0867156163 0.9482706189
222.6 -507.8 2298.6 0.9448291659 0.1280623078 0.3014928401 -0.1839787066 0.9689872265 0.1649714410 -0.2710160911 -0.2113380879 0.9390881062
73.8 356.3 2118.5 0 0 0 0 0 0 0 0 0
303.0 -246.8 2227.5 0 0 0 0 0 0 0 0 0
-102.8 -812.4 2313.2 0 0 0 0 0 0 0 0 0
173.7 -878.0 2379.3 0 0 0 0 0 0 0 0 0
107.9 474.3 2297.7 4 0.9913595319 -0.1311483383 0.0025222315 0.1301450729 0.9858141541 0.1059845984 -0.0163861550 -0.1047405824 0.9943645597
134.6 273.6 2319.0 0.9913595319 -0.1311483383 0.0025222315 0.1301450729 0.9858141541 0.1059845984 -0.0163861550 -0.1047405824 0.9943645597
149.6 75.5 2327.2 0.9971008897 -0.0755309910 0.0092158709 0.0750841498 0.9963011146 0.0417906344 -0.0123382704 -0.0409775153 0.9990838766
-5.7 263.0 2320.8 0.2098138481 -0.8504118919 -0.4824704528 0.5914515853 0.5033233762 -0.6299607754 0.7785648108 -0.1531834006 0.6085816622
-50.4 136.9 2154.8 -0.5206093788 -0.8504118919 0.0759304613 -0.8470709324 0.5033233762 -0.1706940234 0.1069426537 -0.1531834006 -0.9823940992
274.9 284.1 2317.3 0.2014148831 0.5159153342 0.8326243758 -0.9790880084 0.1308735758 0.1557523608 -0.0286134966 -0.8465834260 0.5314863920
329.2 19.9 2309.6 -0.0276098512 0.5208699107 0.8531894684 -0.9604310393 0.2228157669 -0.1671087146 -0.2771459520 -0.8240434527 0.4941077232
68.2 -133.0 2334.9 0.9718924761 0.2354250401 0.0000877977 -0.2354172766 0.9718572497 0.0084958170 0.0019148013 -0.0082776900 0.9999638796
-25.3 -519.1 2338.1 0.9678165913 0.2507718503 -0.0210844837 -0.2516560853 0.9645920992 -0.0789383575 0.0005424083 0.0817038864 0.9966564775
250.9 -116.1 2331.6 0.9526854753 0.0650724322 0.2969106734 -0.0399974622 0.9951594472 -0.0897658542 -0.3013147414 0.0736429542 0.9506766796
225.0 -511.5 2302.3 0.9433783293 0.1330476254 0.3038679063 -0.1851187050 0.9712874293 0.1494382471 -0.2752606869 -0.1972284317 0.9409210682
84.0 355.7 2127.2 0 0 0 0 0 0 0 0 0
321.4 -254.0 2230.6 0 0 0 0 0 0 0 0 0
-101.7 -812.9 2313.3 0 0 0 0 0 0 0 0 0
174.2 -882.6 2377.7 0 0 0 0 0 0 0 0 0
116.8 474.2 2303.8 5 0.9906548858 -0.1360381097 0.0098270634 0.1349981278 0.9882546067 0.0716120228 -0.0194536056 -0.0696161687 0.9973841310
144.6 271.6 2318.0 0.9906548858 -0.1360381097 0.0098270634 0.1349981278 0.9882546067 0.0716120228 -0.0194536056 -0.0696161687 0.9973841310
157.8 73.5 2328.9 0.9977461696 -0.0661146566 0.0114623606 0.0653813854 0.9963124990 0.0555580445 -0.0150932940 -0.0546834022 0.9983896613
4.2 262.4 2320.1 0.2254770249 -0.8483552337 -0.4790130258 0.5801661611 0.5119099021 -0.6335262060 0.7826668024 -0.1350615472 0.6076109409
-42.6 141.8 2157.5 -0.5255916119 -0.8483552337 0.0636146292 -0.8449953198 0.5119099021 -0.1546970457 0.0986730978 -0.1350615472 -0.9859117866
285.0 280.8 2315.9 0.1920123696 0.5141586065 0.8359259367 -0.9810989499 0.1213989928 0.1506889462 -0.0240025464 -0.8490601778 0.5277506113
337.1 14.9 2309.4 -0.0102368230 0.5184817314 0.8550274372 -0.9616380930 0.2293088585 -0.1505642682 -0.2741301954 -0.8237682581 0.4962444305
73.1 -129.4 2336.4 0.9731430411 0.2302010655 0.0003806587 -0.2301786393 0.9730222821 0.0156647153 0.0032356451 -0.0153316278 0.9998772144
