145.8 484.7 2162.8 1 0.9946490526 0.0180900842 -0.1017152220 -0.0093771331 0.9962944984 0.0854945257 0.1028849185 -0.0840832517 0.9911330342
142.2 283.9 2179.7 0.9946490526 0.0180900842 -0.1017152220 -0.0093771331 0.9962944984 0.0854945257 0.1028849185 -0.0840832517 0.9911330342
138.1 85.6 2192.3 0.9945598841 0.0205961950 -0.1021099761 -0.0139742848 0.9977778196 0.0651470572 0.1032248512 -0.0633657351 0.9926376343
-3.1 285.9 2164.6 0.6680449843 -0.6732716560 -0.3168929815 0.5710389614 0.7368961573 -0.3617990315 0.4771062732 0.0607397780 0.8767441511
-139.1 169.7 2067.5 -0.7280894518 -0.6732716560 -0.1288060099 -0.6750468016 0.7368961573 -0.0359987430 0.1191535890 0.0607397780 -0.9910162091
287.4 281.8 2194.8 0.5228186250 0.4768946469 0.7065636516 -0.8219406009 0.0622753762 0.5661585331 0.2259964496 -0.8767515421 0.4245377779
412.5 85.2 2248.9 -0.4643477201 0.4768946469 0.7462926507 -0.8290787935 0.0622753762 -0.5556528568 -0.3114635348 -0.8767515421 0.3664658070
42.1 -110.2 2195.8 0.9975579977 0.0548488721 -0.0432390943 -0.0476047322 0.9869705439 0.1536974907 0.0511058457 -0.1512637734 0.9871714711
20.3 -502.4 2255.9 0.9972313046 0.0588166229 -0.0455008745 -0.0534045361 0.9922519326 0.1121787578 0.0517463088 -0.1094382182 0.9926457405
224.6 -113.1 2213.4 0.9583500624 0.1078588217 -0.2644458413 -0.0940908119 0.9934896827 0.0642274991 0.2696517110 -0.0366705023 0.9622594118
181.7 -507.9 2227.9 0.9617030025 -0.0494058169 -0.2696041465 0.0550636575 0.9983921647 0.0134586450 0.2685057223 -0.0277886093 0.9628771544
47.0 342.2 2037.0 0 0 0 0 0 0 0 0 0
291.9 -130.2 2167.9 0 0 0 0 0 0 0 0 0
-2.2 -881.5 2297.7 0 0 0 0 0 0 0 0 0
200.6 -889.4 2238.5 0 0 0 0 0 0 0 0 0
146.9 485.1 2163.8 2 0.9917585254 0.0215075389 -0.1263029575 -0.0110203531 0.9964759946 0.0831510052 0.1276462376 -0.0810738131 0.9885005951
142.6 284.1 2180.1 0.9917585254 0.0215075389 -0.1263029575 -0.0110203531 0.9964759946 0.0831510052 0.1276462376 -0.0810738131 0.9885005951
137.9 85.9 2192.4 0.9916590452 0.0235036500 -0.1267275065 -0.0154270800 0.9978087544 0.0643407479 0.1279620528 -0.0618490539 0.9898486733
-2.2 286.4 2161.4 0.6769015789 -0.6543724537 -0.3370473683 0.5604089499 0.7550310493 -0.3403967023 0.4772274494 0.0415307134 0.8777979016
-140.8 171.7 2063.8 -0.7480626106 -0.6543724537 -0.1104492247 -0.6543995142 0.7550310493 -0.0411024466 0.1102889031 0.0415307134 -0.9930315018
287.4 281.9 2198.8 0.5118127465 0.4672203958 0.7209388614 -0.8343868852 0.0705220252 0.5466490388 0.2045635134 -0.8813238740 0.4259366393
411.1 80.1 2248.3 -0.4718514681 0.4672203958 0.7477040291 -0.8231009245 0.0705220252 -0.5634993315 -0.3160080016 -0.8813238740 0.3512936234
42.8 -111.4 2195.4 0.9960532784 0.0566260926 -0.0683475509 -0.0465844385 0.9889861941 0.1404855698 0.0755499378 -0.1367471814 0.9877208471
20.3 -504.4 2249.8 0.9960780144 0.0561971180 -0.0683404729 -0.0461500287 0.9889889956 0.1406092495 0.0754898116 -0.1369038671 0.9877036810
225.2 -113.9 2214.4 0.9507014155 0.1134580448 -0.2886071503 -0.1001371816 0.9931289554 0.0605595149 0.2934950888 -0.0286737084 0.9555304646
180.1 -508.6 2225.8 0.9542219043 -0.0614233762 -0.2927245796 0.0711346641 0.9972098470 0.0226365067 0.2905174196 -0.0424231142 0.9559288025
51.4 339.8 2035.4 0 0 0 0 0 0 0 0 0
288.5 -133.7 2166.2 0 0 0 0 0 0 0 0 0
-1.2 -882.2 2302.1 0 0 0 0 0 0 0 0 0
203.6 -889.6 2242.0 0 0 0 0 0 0 0 0 0
147.1 483.7 2157.3 3 0.9933875203 0.0216986649 -0.1127403975 -0.0104176123 0.9949626327 0.0997036994 0.1143359169 -0.0978699252 0.9886094928
142.7 283.2 2177.0 0.9933875203 0.0216986649 -0.1127403975 -0.0104176123 0.9949626327 0.0997036994 0.1143359169 -0.0978699252 0.9886094928
138.0 85.1 2191.6 0.9932799935 0.0236944612 -0.1132848859 -0.0151371509 0.9970073700 0.0758099779 0.1147421449 -0.0735857189 0.9906661510
-2.4 285.4 2160.2 0.6782291532 -0.6459088326 -0.3504382670 0.5482143760 0.7623010278 -0.3440321386 0.4893528521 0.0412173271 0.8711113334
-138.1 175.7 2062.3 -0.7566790581 -0.6459088326 -0.1011858732 -0.6464324594 0.7623010278 -0.0319719464 0.0977850556 0.0412173271 -0.9943536520
287.7 281.0 2193.7 0.4996269643 0.4887418151 0.7151952982 -0.8361569643 0.0564078093 0.5455819964 0.2263061404 -0.8706030250 0.4368477166
410.0 76.4 2249.1 -0.4773156047 0.4887418151 0.7302747965 -0.8180195093 0.0564078093 -0.5724178553 -0.3209577501 -0.8706030250 0.3728760183
42.3 -111.0 2193.0 0.9967071414 0.0594492406 -0.0551425144 -0.0507856049 0.9878283143 0.1470239162 0.0632117987 -0.1437393427 0.9875946641
18.7 -503.6 2250.1 0.9973281026 0.0468686819 -0.0560355410 -0.0391262621 0.9904687405 0.1320634484 0.0616910905 -0.1295181215 0.9896561503
224.1 -113.8 2216.4 0.9544173479 0.1123141050 -0.2765377462 -0.0983947441 0.9931032658 0.0637520924 0.2817907929 -0.0336362384 0.9588860869
179.5 -508.5 2229.8 0.9569015503 -0.0578233935 -0.2845977545 0.0557251461 0.9983262420 -0.0154714342 0.2850160301 -0.0010546126 0.9585221410
57.5 342.9 2037.0 0 0 0 0 0 0 0 0 0
286.0 -136.1 2165.7 0 0 0 0 0 0 0 0 0
0.8 -882.0 2299.6 0 0 0 0 0 0 0 0 0
201.6 -889.7 2230.2 0 0 0 0 0 0 0 0 0
147.0 483.4 2160.0 4 0.9924123883 0.0240321215 -0.1205823049 -0.0130172502 0.9957368374 0.0913167745 0.1222627759 -0.0890542492 0.9884943962
142.1 282.4 2178.0 0.9924123883 0.0240321215 -0.1205823049 -0.0130172502 0.9957368374 0.0913167745 0.1222627759 -0.0890542492 0.9884943962
137.3 84.2 2191.0 0.9923380017 0.0242437702 -0.1211508512 -0.0160889942 0.9975664020 0.0678414330 0.1225007474 -0.0653724372 0.9903131127
-2.8 284.8 2160.1 0.6724131703 -0.6473366022 -0.3589092493 0.5382499695 0.7604920864 -0.3632337749 0.5080821514 0.0510602891 0.8597937822
-136.7 177.6 2058.9 -0.7560090423 -0.6473366022 -0.0969831347 -0.6491565108 0.7604920864 -0.0157365091 0.0839417279 0.0510602891 -0.9951615930
287.1 280.1 2195.9 0.5027088523 0.4820897281 0.7175467014 -0.8366016746 0.0623065494 0.5442568660 0.2176728100 -0.8739035130 0.4346391261
409.9 75.6 2249.1 -0.4798794091 0.4820897281 0.7330110669 -0.8157572150 0.0623065494 -0.5750287771 -0.3228868544 -0.8739035130 0.3633685410
42.2 -111.6 2195.7 0.9963480830 0.0571862161 -0.0634056255 -0.0484209694 0.9900580049 0.1320629120 0.0703274235 -0.1285104603 0.9892113805
19.5 -505.0 2246.8 0.9966040850 0.0552057475 -0.0610951222 -0.0440332778 0.9842687249 0.1711027920 0.0695798770 -0.1678315252 0.9833571315
224.4 -114.4 2216.7 0.9517392516 0.1155626997 -0.2843195498 -0.1042884216 0.9930509925 0.0545311309 0.2886455953 -0.0222481806 0.9571774602
178.4 -509.1 2225.6 0.9544965625 -0.0698625445 -0.2899233997 0.0739110261 0.9972602725 0.0030238419 0.2889178395 -0.0243147817 0.9570450783
59.7 346.3 2037.1 0 0 0 0 0 0 0 0 0
285.2 -136.3 2165.2 0 0 0 0 0 0 0 0 0
-1.6 -880.8 2310.8 0 0 0 0 0 0 0 0 0
205.1 -889.8 2234.9 0 0 0 0 0 0 0 0 0
146.6 484.1 2161.4 5 0.9918759465 0.0223799292 -0.1252246499 -0.0117074605 0.9962846637 0.0853221118 0.1266689003 -0.0831628889 0.9884527922
142.0 282.3 2178.2 0.9918759465 0.0223799292 -0.1252246499 -0.0117074605 0.9962846637 0.0853221118 0.1266689003 -0.0831628889 0.9884527922
137.7 84.1 2190.3 0.9918220639 0.0219905358 -0.1257195324 -0.0141296871 0.9979084134 0.0630801469 0.1268437356 -0.0607879050 0.9900583029
-2.9 284.4 2159.7 0.6750287414 -0.6362250447 -0.3735691607 0.5206135511 0.7695282102 -0.3698484898 0.5227788687 0.0551731884 0.8506810069
-134.9 182.6 2057.5 -0.7662872672 -0.6362250447 -0.0895632431 -0.6386073828 0.7695282102 -0.0026394248 0.0706007034 0.0551731884 -0.9959776402
286.9 280.3 2196.8 0.5009731650 0.4859610796 0.7161478400 -0.8383108974 0.0668312237 0.5410808325 0.2150831968 -0.8714215159 0.4408671260
409.9 74.5 2249.6 -0.4821130633 0.4859610796 0.7289779186 -0.8111486435 0.0668312237 -0.5810089707 -0.3310662508 -0.8714215159 0.3619664907
41.5 -112.5 2192.7 0.9962078333 0.0546284169 -0.0677175820 -0.0451046154 0.9898242950 0.1349570453 0.0744009987 -0.1313908994 0.9885347486
19.8 -505.9 2244.9 0.9963107109 0.0559234507 -0.0650960431 -0.0433257036 0.9825329185 0.1809751391 0.0740797594 -0.1774871349 0.9813309908
223.5 -115.5 2215.2 0.9508810043 0.1132920980 -0.2880802453 -0.1016861424 0.9932956100 0.0549885668 0.2923786044 -0.0229938142 0.9560261965
178.5 -510.3 2224.3 0.9540255666 -0.0619393438 -0.2932553291 0.0667924061 0.9977453947 0.0065539232 0.2921881974 -0.0258398391 0.9560117126
62.9 347.4 2039.2 0 0 0 0 0 0 0 0 0
284.6 -136.3 2163.5 0 0 0 0 0 0 0 0 0
-1.5 -881.2 2312.7 0 0 0 0 0 0 0 0 0
202.2 -891.4 2234.2 0 0 0 0 0 0 0 0 0
145.4 482.3 2155.6 6 0.9937679768 0.0196075030 -0.1097304448 -0.0036636610 0.9896212220 0.1436536014 0.1114082709 -0.1423563212 0.9835257530
141.3 273.1 2185.7 0.9937679768 0.0196075030 -0.1097304448 -0.0036636610 0.9896212220 0.1436536014 0.1114082709 -0.1423563212 0.9835257530
135.6 74.7 2188.7 0.9932118058 0.0285368636 -0.1127652153 -0.0266424548 0.9994780421 0.0182713103 0.1132277548 -0.0151429391 0.9934536815
-3.8 277.0 2169.2 0.6640619040 -0.6309790611 -0.4011074305 0.4688326716 0.7693077922 -0.4340063334 0.5824239850 0.1001548171 0.8066915870
-133.1 185.7 2055.8 -0.7708773613 -0.6309790611 -0.0872557014 -0.6362487078 0.7693077922 0.0579060800 0.0305889659 0.1001548171 -0.9945015311
286.3 269.3 2202.2 0.5254477859 0.4677646160 0.7107045054 -0.8262361884 0.0811608359 0.5574465394 0.2030723989 -0.8801188469 0.4291298389
410.2 74.6 2250.0 -0.4827839732 0.4677646160 0.7403485179 -0.8106364608 0.0811608359 -0.5798977613 -0.3313429654 -0.8801188469 0.3400039077
42.3 -112.9 2190.8 0.9971690774 0.0547851473 -0.0515011884 -0.0472631492 0.9893918037 0.1373681873 0.0584805906 -0.1345451921 0.9891802669
20.6 -506.1 2244.2 0.9972096086 0.0567081794 -0.0485505238 -0.0465666577 0.9808375835 0.1891801953 0.0583482459 -0.1863914728 0.9807413816
224.3 -115.5 2214.0 0.9568304420 0.1063770801 -0.2704799175 -0.0941864029 0.9938812852 0.0576965772 0.2749625444 -0.0297303107 0.9609951973
182.0 -510.5 2225.8 0.9597750902 -0.0476544499 -0.2766963840 0.0479753129 0.9988327622 -0.0056137871 0.2766409218 -0.0078866230 0.9609410167
65.4 349.5 2047.9 0 0 0 0 0 0 0 0 0
284.7 -136.1 2163.9 0 0 0 0 0 0 0 0 0
-1.1 -880.9 2315.4 0 0 0 0 0 0 0 0 0
200.2 -892.0 2228.8 0 0 0 0 0 0 0 0 0
146.7 483.7 2159.2 7 0.9981948137 0.0328805372 -0.0502589084 -0.0262279566 0.9914630055 0.1277231723 0.0540294535 -0.1261744201 0.9905356169
139.2 257.5 2188.0 0.9981948137 0.0328805372 -0.0502589084 -0.0262279566 0.9914630055 0.1277231723 0.0540294535 -0.1261744201 0.9905356169
133.0 59.1 2185.0 0.9980533123 0.0299312044 -0.0547145568 -0.0307130273 0.9994370341 -0.0135043850 0.0542795509 0.0151585462 0.9984107018
-6.4 261.9 2180.1 0.6485358477 -0.6270338297 -0.4315434992 0.3865689337 0.7596989274 -0.5228977203 0.6557177305 0.1722966135 0.7350837588
-131.5 187.3 2053.6 -0.7716957331 -0.6270338297 -0.1063685939 -0.6359779239 0.7596989274 0.1356085539 -0.0042230575 0.1722966135 -0.9850360751
284.7 253.2 2195.8 0.5510084629 0.4737099111 0.6870142221 -0.8018192053 0.0724003017 0.5931645036 0.2312478572 -0.8776999116 0.4197229147
410.5 70.2 2248.6 -0.4875288606 0.4737099111 0.7334265709 -0.8084175587 0.0724003017 -0.5841397643 -0.3298131227 -0.8776999116 0.3476581573
38.8 -121.3 2181.3 0.9988326430 0.0474162735 0.0092249084 -0.0482847095 0.9856073260 0.1620087475 -0.0014102861 -0.1622650474 0.9867461920
19.9 -512.8 2245.8 0.9985677600 0.0524939783 0.0103328871 -0.0534995794 0.9812722206 0.1850476265 -0.0004254887 -0.1853354126 0.9826752543
220.9 -126.1 2202.1 0.9721092582 0.1048972458 -0.2097622156 -0.0928686857 0.9934604168 0.0664216504 0.2153578997 -0.0450887606 0.9754937291
179.2 -520.9 2220.0 0.9740555286 -0.0726338699 -0.2143364549 0.0789305940 0.9966598153 0.0209554657 0.2120984495 -0.0373294912 0.9765350819
67.3 351.1 2054.7 0 0 0 0 0 0 0 0 0
283.8 -139.9 2162.9 0 0 0 0 0 0 0 0 0
-0.1 -887.8 2316.6 0 0 0 0 0 0 0 0 0
207.0 -901.4 2234.2 0 0 0 0 0 0 0 0 0
147.1 483.8 2161.0 8 0.9982689023 0.0538585894 -0.0236307867 -0.0506757572 0.9915758967 0.1192023680 0.0298517905 -0.1177985072 0.9925886989
134.6 253.1 2188.4 0.9982689023 0.0538585894 -0.0236307867 -0.0506757572 0.9915758967 0.1192023680 0.0298517905 -0.1177985072 0.9925886989
130.4 54.6 2185.1 0.9993807673 0.0204165317 -0.0286574680 -0.0208683778 0.9996612072 -0.0155575797 0.0283301268 0.0161459818 0.9994682074
-11.3 256.1 2184.2 0.6267873049 -0.6287845969 -0.4601821601 0.3513361514 0.7552105188 -0.5533714890 0.6954858303 0.1851675808 0.6942711473
-131.3 188.8 2051.1 -0.7700986266 -0.6287845969 -0.1076011732 -0.6377734542 0.7552105188 0.1513343900 -0.0138951940 0.1851675808 -0.9826087356
280.4 250.2 2192.5 0.5699384809 0.4768684208 0.6691536903 -0.7841796279 0.0724307597 0.6162921786 0.2454229742 -0.8759853244 0.4152315855
412.2 68.7 2249.3 -0.4916023016 0.4768684208 0.7286450863 -0.8041746020 0.0724307597 -0.5899635553 -0.3341113031 -0.8759853244 0.3478783667
35.5 -136.6 2177.0 0.9986126423 0.0399272516 0.0343301035 -0.0457555465 0.9806297421 0.1904513985 -0.0260609202 -0.1917579770 0.9810961485
19.6 -526.0 2253.2 0.9979998469 0.0541656166 0.0325951725 -0.0584271401 0.9871946573 0.1484351903 -0.0241376944 -0.1500427425 0.9883848429
218.2 -142.0 2186.9 0.9795538783 0.0870168209 -0.1813898683 -0.0691015571 0.9922928810 0.1028583795 0.1889422834 -0.0882209986 0.9780173302
183.7 -535.9 2221.9 0.9816812277 -0.0407664515 -0.1861185133 0.0500212796 0.9977202415 0.0453014411 0.1838474274 -0.0537814610 0.9814823866
66.6 352.7 2054.7 0 0 0 0 0 0 0 0 0
284.5 -140.3 2162.5 0 0 0 0 0 0 0 0 0
-1.0 -903.0 2310.5 0 0 0 0 0 0 0 0 0
199.3 -916.8 2242.5 0 0 0 0 0 0 0 0 0
147.1 485.8 2161.9 9 0.9978715181 0.0456143208 -0.0466020666 -0.0408782735 0.9943500161 0.0979642197 0.0508073345 -0.0958506912 0.9940981865
137.2 269.7 2182.7 0.9978715181 0.0456143208 -0.0466020666 -0.0408782735 0.9943500161 0.0979642197 0.0508073345 -0.0958506912 0.9940981865
131.7 71.3 2186.0 0.9984055758 0.0271177515 -0.0495067723 -0.0262379255 0.9994875193 0.0183361266 0.0499786399 -0.0170079358 0.9986054897
-8.5 273.5 2175.4 0.6234799027 -0.6374273300 -0.4527241886 0.4348060191 0.7639370561 -0.4768059254 0.6497819424 0.1004316956 0.7534566522
-130.1 188.7 2048.7 -0.7677081823 -0.6374273300 -0.0656545311 -0.6407973766 0.7639370561 0.0760190561 0.0016993055 0.1004316956 -0.9949424863
283.0 266.0 2190.0 0.5390895605 0.4946519732 0.6816904545 -0.8036361337 0.0598391481 0.5921049118 0.2520940900 -0.8670286536 0.4297788441
413.8 70.9 2251.2 -0.4926658273 0.4946519732 0.7159607410 -0.8025423288 0.0598391481 -0.5935866237 -0.3364612758 -0.8670286536 0.3674984276
34.7 -142.1 2179.3 0.9992600083 0.0357024856 0.0143086221 -0.0378508978 0.9788851738 0.2008758038 -0.0068347338 -0.2012687474 0.9795122147
20.5 -531.0 2259.3 0.9980164170 0.0619849823 0.0110038295 -0.0628250092 0.9918261766 0.1110581383 -0.0040299492 -0.1115291640 0.9937530160
217.8 -145.8 2184.5 0.9752483368 0.0858726427 -0.2037560642 -0.0652105957 0.9922203422 0.1060486361 0.2112775892 -0.0901367068 0.9732611179
183.7 -539.9 2220.3 0.9771466851 -0.0463522188 -0.2074508816 0.0601726025 0.9963339567 0.0608103722 0.2038716674 -0.0719035119 0.9763535261
65.8 352.2 2048.2 0 0 0 0 0 0 0 0 0
285.8 -137.6 2163.7 0 0 0 0 0 0 0 0 0
-3.2 -909.6 2301.9 0 0 0 0 0 0 0 0 0
201.4 -920.4 2247.8 0 0 0 0 0 0 0 0 0
146.6 485.6 2162.8 0 0.9970386028 0.0383240543 -0.0666732565 -0.0324584544 0.9956849217 0.0869366527 0.0697173253 -0.0845150873 0.9939802289
138.6 277.0 2180.5 0.9970386028 0.0383240543 -0.0666732565 -0.0324584544 0.9956849217 0.0869366527 0.0697173253 -0.0845150873 0.9939802289
132.6 78.6 2186.9 0.9972136021 0.0296182130 -0.0684674531 -0.0273201540 0.9990394711 0.0342605598 0.0694164261 -0.0322945565 0.9970648885
-7.0 280.9 2170.4 0.6203669906 -0.6404201388 -0.4527768195 0.4721992016 0.7659143209 -0.4363521338 0.6262369156 0.0568976067 0.7775538564
-129.6 187.6 2046.6 -0.7654542327 -0.6404201388 -0.0627841502 -0.6425788403 0.7659143209 0.0216261633 0.0342374519 0.0568976067 -0.9977927804
284.2 273.1 2190.7 0.5302097201 0.4898163080 0.6920676827 -0.8117939234 0.0577180088 0.5810845494 0.2446798980 -0.8699129820 0.4282325506
413.4 75.2 2250.3 -0.4878541231 0.4898163080 0.7225499153 -0.8088139892 0.0577180088 -0.5852252245 -0.3283570111 -0.8699129820 0.3680123091
34.7 -124.8 2184.8 0.9992604852 0.0380933993 -0.0052294470 -0.0364848487 0.9822926521 0.1837662160 0.0121371271 -0.1834395230 0.9829560518
19.6 -515.1 2257.7 0.9990482926 0.0428816751 -0.0079797963 -0.0417202078 0.9928314686 0.1120046452 0.0127255395 -0.1115651280 0.9936756492
217.7 -129.5 2194.0 0.9707865715 0.0845665857 -0.2245482653 -0.0650349930 0.9935389757 0.0930094048 0.2309629470 -0.0756887868 0.9700140953
184.1 -524.2 2224.1 0.9723256826 -0.0435366035 -0.2295371294 0.0514744036 0.9982616901 0.0287054423 0.2278883755 -0.0397263281 0.9728764892
64.7 350.7 2037.9 0 0 0 0 0 0 0 0 0
286.6 -134.9 2165.0 0 0 0 0 0 0 0 0 0
3.2 -894.2 2300.3 0 0 0 0 0 0 0 0 0
200.7 -905.4 2239.2 0 0 0 0 0 0 0 0 0
142.2 487.3 2174.8 1 0.9930714965 0.0260887928 -0.1145791113 -0.0204163436 0.9985201955 0.0504044481 0.1157245487 -0.0477159359 0.9921345711
136.8 282.5 2184.6 0.9930714965 0.0260887928 -0.1145791113 -0.0204163436 0.9985201955 0.0504044481 0.1157245487 -0.0477159359 0.9921345711
132.6 84.0 2187.9 0.9930930734 0.0215615220 -0.1153311580 -0.0195122249 0.9996315837 0.0188684780 0.1156954989 -0.0164877884 0.9931478500
-8.0 285.4 2167.7 0.5128299594 -0.7034086585 -0.4921602309 0.5457281470 0.7096557021 -0.4456114173 0.6627112627 -0.0400628000 0.7478026152
-113.6 173.1 2031.3 -0.7106183767 -0.7034086585 0.0154198026 -0.7033479214 0.7096557021 -0.0411153398 0.0179781336 -0.0400628000 -0.9990354180
281.7 279.7 2201.5 0.5355021954 0.4684136212 0.7027276158 -0.8197465539 0.0881790221 0.5658975244 0.2031082958 -0.8790979385 0.4312005341
412.4 79.6 2251.0 -0.4873607457 0.4684136212 0.7369316220 -0.8041430712 0.0881790221 -0.5878591537 -0.3403431475 -0.8790979385 0.3336965740
35.2 -117.3 2187.0 0.9979475737 0.0367640108 -0.0524309166 -0.0266224034 0.9828549623 0.1824482530 0.0582395159 -0.1806779653 0.9818164706
20.6 -507.9 2258.7 0.9966626167 0.0600572415 -0.0552882478 -0.0542798266 0.9934403896 0.1006473601 0.0609701835 -0.0973104164 0.9933847785
218.0 -122.3 2199.7 0.9585722685 0.0899907574 -0.2702608109 -0.0708433241 0.9942898154 0.0798060596 0.2758993804 -0.0573536977 0.9594738483
182.3 -517.3 2222.5 0.9602133036 -0.0500095040 -0.2747535408 0.0593073331 0.9979106188 0.0256327018 0.2728976011 -0.0409077592 0.9611729383
64.5 349.4 2026.8 0 0 0 0 0 0 0 0 0
285.8 -129.4 2162.6 0 0 0 0 0 0 0 0 0
-2.3 -887.3 2295.9 0 0 0 0 0 0 0 0 0
201.4 -898.5 2238.1 0 0 0 0 0 0 0 0 0
140.7 486.9 2182.3 2 0.9952383637 -0.0005004580 -0.0974696279 0.0026372070 0.9997590184 0.0217946060 0.0974352360 -0.0219478756 0.9949998260
140.8 269.4 2187.1 0.9952383637 -0.0005004580 -0.0974696279 0.0026372070 0.9997590184 0.0217946060 0.0974352360 -0.0219478756 0.9949998260
134.5 70.9 2187.1 0.9947123528 0.0314710625 -0.0977597237 -0.0313211642 0.9995046854 0.0030679596 0.0978078544 0.0000102113 0.9952053428
-4.4 274.0 2172.8 0.4656853080 -0.7424197197 -0.4816119969 0.4945980310 0.6696423292 -0.5540323853 0.7338324189 0.0198004022 0.6790419221
-101.9 170.4 2019.1 -0.6696822047 -0.7424197197 0.0184020791 -0.7410035133 0.6696423292 0.0499287695 -0.0493909158 0.0198004022 -0.9985832572
286.0 264.8 2201.3 0.5564695001 0.4882855713 0.6722491384 -0.7966287732 0.0836769044 0.5986491442 0.2360600084 -0.8686629534 0.4355459809
412.1 84.3 2254.8 -0.4814924300 0.4882855713 0.7278339267 -0.8043432236 0.0836769044 -0.5882432461 -0.3481335938 -0.8686629534 0.3524594009
37.4 -112.8 2180.6 0.9986593127 0.0408617146 -0.0317797326 -0.0335462317 0.9784238338 0.2038663626 0.0394243784 -0.2025269568 0.9784827828
21.1 -501.5 2261.0 0.9974344373 0.0616976470 -0.0363029428 -0.0582638979 0.9943213463 0.0890525952 0.0415911265 -0.0867089778 0.9953651428
219.3 -116.4 2201.8 0.9631061554 0.0973253772 -0.2509070039 -0.0786394626 0.9934018850 0.0834773928 0.2573759556 -0.0606664009 0.9644051194
180.6 -511.1 2225.9 0.9646353722 -0.0531645678 -0.2581708133 0.0550465658 0.9984837770 0.0000616122 0.2577760816 -0.0142708495 0.9660992622
68.5 359.0 2031.7 0 0 0 0 0 0 0 0 0
287.0 -124.7 2164.4 0 0 0 0 0 0 0 0 0
-2.4 -881.4 2294.2 0 0 0 0 0 0 0 0 0
200.9 -892.5 2231.3 0 0 0 0 0 0 0 0 0
136.8 485.2 2186.5 3 0.9938892126 -0.0271618776 -0.1069879830 0.0295438077 0.9993482828 0.0207415577 0.1063548774 -0.0237756427 0.9940439463
142.7 268.6 2191.7 0.9938892126 -0.0271618776 -0.1069879830 0.0295438077 0.9993482828 0.0207415577 0.1063548774 -0.0237756427 0.9940439463
134.6 70.2 2188.6 0.9934030771 0.0407152958 -0.1072036326 -0.0421397984 0.9990505576 -0.0110552879 0.1066517308 0.0154998964 0.9941756129
-2.3 274.8 2176.1 0.4304978848 -0.7700084448 -0.4709124565 0.4816438556 0.6372210383 -0.6016381979 0.7633418441 0.0321918912 0.6451921463
-94.3 171.9 2013.1 -0.6371986270 -0.7700084448 0.0326330774 -0.7654406428 0.6372210383 0.0897217467 -0.0898809880 0.0321918912 -0.9954321384
287.8 262.5 2207.2 0.5599641204 0.4756284654 0.6783935428 -0.8002197742 0.0983147621 0.5915932655 0.2146824896 -0.8741348982 0.4356600344
413.2 83.2 2255.3 -0.4826542735 0.4756284654 0.7354062796 -0.8016189337 0.0983147621 -0.5896959305 -0.3527774811 -0.8741348982 0.3338207304
37.1 -124.8 2178.2 0.9982883334 0.0439081453 -0.0386322662 -0.0352689736 0.9789110422 0.2012194395 0.0466527231 -0.1995124966 0.9787840843
19.7 -513.8 2257.4 0.9976319671 0.0544228554 -0.0420547538 -0.0489630885 0.9913903475 0.1214405298 0.0483018160 -0.1190938279 0.9917073846
219.4 -130.5 2196.1 0.9614700079 0.0970839411 -0.2571967840 -0.0757260397 0.9929025769 0.0917063653 0.2642745376 -0.0686964244 0.9619978070
180.8 -525.1 2223.4 0.9628936648 -0.0565144271 -0.2638975978 0.0627149418 0.9979168773 0.0151237398 0.2624931335 -0.0311128739 0.9644321203
69.9 369.1 2036.2 0 0 0 0 0 0 0 0 0
287.8 -125.1 2163.7 0 0 0 0 0 0 0 0 0
-1.1 -892.4 2302.9 0 0 0 0 0 0 0 0 0
202.4 -906.3 2235.3 0 0 0 0 0 0 0 0 0
136.7 486.6 2187.6 4 0.9948561192 -0.0373669825 -0.0941541493 0.0392910317 0.9990534782 0.0186641794 0.0933676064 -0.0222675856 0.9953826666
145.1 261.8 2192.7 0.9948561192 -0.0373669825 -0.0941541493 0.0392910317 0.9990534782 0.0186641794 0.0933676064 -0.0222675856 0.9953826666
134.3 63.6 2186.4 0.9940453172 0.0541989021 -0.0945326239 -0.0569119416 0.9980342984 -0.0262415726 0.0929245353 0.0314653479 0.9951758385
-0.1 270.1 2179.1 0.4178476930 -0.7845167518 -0.4581885636 0.4487912655 0.6167343855 -0.6467033029 0.7899301648 0.0645924509 0.6097853184
-89.6 174.0 2009.9 -0.6198248267 -0.7845167518 0.0187250115 -0.7767480016 0.6167343855 0.1276764870 -0.1117127016 0.0645924509 -0.9916390777
290.2 253.5 2206.2 0.5594375730 0.4964093268 0.6637825966 -0.7939105630 0.0907806456 0.6012195349 0.2381923646 -0.8633288145 0.4448907077
411.7 81.1 2257.9 -0.4775343835 0.4964093268 0.7249404788 -0.8019639254 0.0907806456 -0.5904343128 -0.3589076698 -0.8633288145 0.3547514975
35.5 -124.4 2175.8 0.9990147352 0.0382897295 -0.0224367511 -0.0329003371 0.9782920480 0.2046025246 0.0297838692 -0.2036627531 0.9785879850
20.3 -513.2 2256.7 0.9981890321 0.0546614528 -0.0251151118 -0.0508178547 0.9896526933 0.1341831833 0.0321898870 -0.1326638758 0.9906382561
217.6 -132.2 2195.3 0.9663400650 0.0911324248 -0.2405861914 -0.0665784851 0.9918862581 0.1083002388 0.2485038042 -0.0886370018 0.9645669460
181.4 -526.3 2230.5 0.9655154347 -0.0694344640 -0.2509159148 0.0637858734 0.9974948168 -0.0305850282 0.2524109781 0.0135254264 0.9675256014
70.9 375.1 2038.8 0 0 0 0 0 0 0 0 0
287.6 -127.3 2164.7 0 0 0 0 0 0 0 0 0
-0.6 -891.2 2307.4 0 0 0 0 0 0 0 0 0
207.9 -907.0 2225.4 0 0 0 0 0 0 0 0 0
135.9 486.7 2187.2 5 0.9958565235 -0.0402785949 -0.0815315545 0.0420878902 0.9989016056 0.0205950420 0.0806124583 -0.0239411984 0.9964579344
145.2 257.5 2192.7 0.9958565235 -0.0402785949 -0.0815315545 0.0420878902 0.9989016056 0.0205950420 0.0806124583 -0.0239411984 0.9964579344
134.1 59.3 2185.2 0.9950705767 0.0558432452 -0.0819518417 -0.0587359220 0.9977173209 -0.0333197229 0.0799040943 0.0379689932 0.9960791469
-0.1 266.1 2181.0 0.4075390995 -0.7890968919 -0.4596063495 0.4198976457 0.6088650823 -0.6730298996 0.8109240532 0.0812983736 0.5794762373
-87.4 176.1 2007.4 -0.6142286062 -0.7890968919 0.0070246845 -0.7805905938 0.6088650823 0.1412857920 -0.1157652661 0.0812983736 -0.9899439216
290.5 248.9 2204.4 0.5578609705 0.5018538237 0.6610097289 -0.7916895151 0.0827971473 0.6052870154 0.2490358949 -0.8609804511 0.4435017109
411.1 77.8 2258.2 -0.4821440876 0.5018538237 0.7181084752 -0.7996379137 0.0827971473 -0.5947468877 -0.3579333425 -0.8609804511 0.3613812029
32.4 -129.5 2171.7 0.9994964004 0.0303259436 -0.0093446299 -0.0276846010 0.9772443175 0.2103023976 0.0155096054 -0.2099377811 0.9775917530
20.3 -517.8 2255.1 0.9979656339 0.0627199337 -0.0114373118 -0.0604750887 0.9880720377 0.1416205168 0.0201833174 -0.1406407356 0.9898549318
214.6 -139.9 2188.7 0.9702338576 0.0838551298 -0.2271883339 -0.0592084825 0.9918044209 0.1132180318 0.2348203063 -0.0963964909 0.9672471881
181.3 -534.0 2227.0 0.9688742161 -0.0764383301 -0.2354569584 0.0777030289 0.9969688654 -0.0039165304 0.2350426316 -0.0145010939 0.9718768597
71.6 378.3 2037.4 0 0 0 0 0 0 0 0 0
285.8 -130.0 2165.2 0 0 0 0 0 0 0 0 0
-3.6 -895.3 2308.8 0 0 0 0 0 0 0 0 0
210.5 -914.6 2232.5 0 0 0 0 0 0 0 0 0
135.9 488.3 2187.5 6 0.9963430762 -0.0245752931 -0.0818323344 0.0264246054 0.9994176030 0.0215928406 0.0812540278 -0.0236762632 0.9964121580
141.5 259.6 2192.9 0.9963430762 -0.0245752931 -0.0818323344 0.0264246054 0.9994176030 0.0215928406 0.0812540278 -0.0236762632 0.9964121580
132.6 61.3 2186.5 0.9955974817 0.0447888970 -0.0823382586 -0.0472682305 0.9984780550 -0.0284120701 0.0809404030 0.0321789682 0.9961993694
-3.9 266.5 2181.1 0.3888635337 -0.7817927003 -0.4874272346 0.4196403921 0.6213006973 -0.6617305875 0.8201750517 0.0527787246 0.5696730018
-86.8 177.1 2006.3 -0.6229477525 -0.7817927003 0.0271333065 -0.7745658755 0.6213006973 0.1184613854 -0.1094701886 0.0527787246 -0.9925878644
286.9 252.7 2204.7 0.5660762787 0.4992478490 0.6559795737 -0.7856065035 0.0856213421 0.6127735972 0.2497600317 -0.8622183800 0.4406805634
413.6 76.9 2260.6 -0.4923763275 0.4992478490 0.7129636407 -0.7907850146 0.0856213421 -0.6060758829 -0.3636269867 -0.8622183800 0.3526397943
31.7 -133.6 2170.3 0.9995377064 0.0277981516 -0.0123120956 -0.0244108234 0.9751895070 0.2200215906 0.0181228202 -0.2196193188 0.9754173160
20.7 -521.1 2257.6 0.9978246093 0.0641282424 -0.0152836349 -0.0620269999 0.9917871952 0.1118518859 0.0223309789 -0.1106605679 0.9936073422
214.2 -144.3 2185.0 0.9703676701 0.0763866082 -0.2292416394 -0.0508549176 0.9920289516 0.1152921543 0.2362211198 -0.1002177149 0.9665174484
183.8 -538.6 2224.8 0.9709727764 -0.0458333828 -0.2347576022 0.0551170073 0.9979299903 0.0331346430 0.2327529639 -0.0451119728 0.9714890718
74.1 377.2 2034.6 0 0 0 0 0 0 0 0 0
285.7 -128.6 2166.1 0 0 0 0 0 0 0 0 0
-3.8 -899.9 2299.9 0 0 0 0 0 0 0 0 0
201.3 -919.4 2242.0 0 0 0 0 0 0 0 0 0
136.3 490.7 2187.6 7 0.9966505766 -0.0159763154 -0.0802018493 0.0176187307 0.9996484518 0.0198127534 0.0798571184 -0.0211594477 0.9965817332
140.0 260.5 2192.5 0.9966505766 -0.0159763154 -0.0802018493 0.0176187307 0.9996484518 0.0198127534 0.0798571184 -0.0211594477 0.9965817332
132.1 62.0 2187.4 0.9959549308 0.0395111814 -0.0807010010 -0.0414566174 0.9988852739 -0.0225745104 0.0797190964 0.0258287862 0.9964826703
-5.5 266.5 2180.9 0.3846403658 -0.7811241150 -0.4918302000 0.4313614964 0.6231709123 -0.6523689628 0.8160753846 0.0387708172 0.5766435266
-88.0 174.0 2005.8 -0.6240411997 -0.7811241150 0.0204381160 -0.7771663070 0.6231709123 0.0875817686 -0.0811486691 0.0387708172 -0.9959476590
285.5 254.4 2204.1 0.5777890682 0.5009515285 0.6443658471 -0.7731242776 0.0828709677 0.6288173795 0.2616077960 -0.8614986539 0.4351797402
415.4 80.7 2262.9 -0.4903973937 0.5009515285 0.7131325006 -0.7930126190 0.0828709677 -0.6035423875 -0.3614434600 -0.8614986539 0.3566211760
32.4 -132.8 2172.7 0.9994432926 0.0309322327 -0.0125020379 -0.0276424717 0.9775581956 0.2088439912 0.0186814815 -0.2083821297 0.9778690338
20.1 -521.3 2255.5 0.9978107810 0.0643703341 -0.0151704047 -0.0620453991 0.9905665517 0.1221812069 0.0228921417 -0.1209724694 0.9923918843
215.0 -141.4 2187.5 0.9703946710 0.0767202824 -0.2290157229 -0.0520102978 0.9923400879 0.1120538637 0.2358582914 -0.0968252942 0.9669517875
184.5 -535.8 2226.0 0.9712349176 -0.0367342606 -0.2352728546 0.0419481732 0.9989718199 0.0171929616 0.2343993783 -0.0265676696 0.9717772603
73.3 374.9 2026.8 0 0 0 0 0 0 0 0 0
287.9 -125.4 2169.0 0 0 0 0 0 0 0 0 0
-4.5 -899.7 2301.7 0 0 0 0 0 0 0 0 0
198.5 -917.2 2236.2 0 0 0 0 0 0 0 0 0
136.3 491.4 2186.7 8 0.9962196350 -0.0099652046 -0.0862969011 0.0122579103 0.9995847344 0.0260786209 0.0860011876 -0.0270378534 0.9959281087
138.6 261.1 2192.9 0.9962196350 -0.0099652046 -0.0862969011 0.0122579103 0.9995847344 0.0260786209 0.0860011876 -0.0270378534 0.9959281087
132.3 62.5 2188.2 0.9957190156 0.0317499861 -0.0868077800 -0.0336745046 0.9992164969 -0.0207957979 0.0860795006 0.0236299802 0.9960079789
-6.9 266.0 2180.4 0.3756012619 -0.7869468927 -0.4895286560 0.4286282361 0.6158195734 -0.6610931158 0.8217064738 0.0384816118 0.5686102509
-87.0 174.5 2005.0 -0.6166584492 -0.7869468927 0.0211423021 -0.7828167081 0.6158195734 0.0892425328 -0.0832489729 0.0384816118 -0.9957855344
284.0 256.2 2205.5 0.5931122899 0.5007147193 0.6304780841 -0.7592860460 0.0874205008 0.6448584199 0.2677733600 -0.8611866832 0.4320358336
417.1 85.8 2265.6 -0.4823870659 0.5007147193 0.7187402248 -0.7978996634 0.0874205008 -0.5964174271 -0.3614675999 -0.8611866832 0.3573495746
33.0 -132.7 2174.9 0.9992806315 0.0317878686 -0.0206814483 -0.0271163620 0.9801625609 0.1963316053 0.0265121441 -0.1956295669 0.9803194404
20.3 -522.2 2252.7 0.9975939989 0.0655245259 -0.0226441994 -0.0619165637 0.9890245199 0.1341523826 0.0311859380 -0.1324275583 0.9907019734
215.6 -140.3 2189.5 0.9682233930 0.0788540617 -0.2373298556 -0.0578465611 0.9938690066 0.0942241997 0.2433047444 -0.0775013641 0.9668486714
184.3 -535.2 2220.3 0.9693461061 -0.0463849977 -0.2412809879 0.0576465279 0.9975425005 0.0398225933 0.2388408631 -0.0525108874 0.9696378708
71.9 376.2 2026.5 0 0 0 0 0 0 0 0 0
291.7 -121.5 2171.6 0 0 0 0 0 0 0 0 0
-4.7 -900.0 2303.3 0 0 0 0 0 0 0 0 0
202.0 -916.1 2240.4 0 0 0 0 0 0 0 0 0
135.3 490.5 2185.7 9 0.9961000085 -0.0170304086 -0.0865719840 0.0193237588 0.9994823337 0.0257219970 0.0860891119 -0.0272945780 0.9959135056
139.3 255.6 2192.1 0.9961000085 -0.0170304086 -0.0865719840 0.0193237588 0.9994823337 0.0257219970 0.0860891119 -0.0272945780 0.9959135056
132.5 57.1 2187.0 0.9956128001 0.0344531797 -0.0869951248 -0.0365664698 0.9990707040 -0.0228160210 0.0861281976 0.0258970261 0.9959474206
-6.1 260.9 2179.6 0.3836315572 -0.7872481942 -0.4827702045 0.4160431027 0.6140466332 -0.6707121730 0.8244603872 0.0564531460 0.5630968809
-87.2 172.9 2005.2 -0.6165718436 -0.7872481942 0.0089128036 -0.7825369835 0.6140466332 0.1028716266 -0.0864583775 0.0564531460 -0.9946547151
284.8 250.3 2204.7 0.6089915633 0.5098413825 0.6076109409 -0.7389172316 0.0862096399 0.6682583690 0.2883238494 -0.8559378982 0.4292315245
418.1 88.5 2267.9 -0.4708140790 0.5098413825 0.7199971080 -0.8047693372 0.0862096399 -0.5872939825 -0.3614974618 -0.8559378982 0.3697160184
34.6 -132.9 2175.7 0.9990788698 0.0380171277 -0.0199033059 -0.0331577882 0.9783433080 0.2043156922 0.0272397622 -0.2034675330 0.9787026644
19.5 -521.7 2256.5 0.9984346628 0.0508955233 -0.0231918264 -0.0478524342 0.9919933677 0.1168727949 0.0289544407 -0.1155800596 0.9928760529
217.3 -139.1 2191.4 0.9680725932 0.0807561129 -0.2373054326 -0.0605114140 0.9939739108 0.0914013013 0.2432566285 -0.0741234124 0.9671255946
185.2 -534.1 2220.9 0.9700759649 -0.0358806401 -0.2401358783 0.0503748246 0.9972426295 0.0544929095 0.2375185043 -0.0649590641 0.9692085981
72.3 375.4 2027.5 0 0 0 0 0 0 0 0 0
295.8 -120.6 2173.9 0 0 0 0 0 0 0 0 0
0.1 -900.7 2300.7 0 0 0 0 0 0 0 0 0
198.9 -915.0 2245.7 0 0 0 0 0 0 0 0 0
132.6 487.3 2184.2 0 0.9933128953 -0.0628361627 -0.0968560129 0.0659346431 0.9973987937 0.0291259009 0.0947739109 -0.0353172980 0.9948721528
147.2 255.5 2192.5 0.9933128953 -0.0628361627 -0.0968560129 0.0659346431 0.9973987937 0.0291259009 0.0947739109 -0.0353172980 0.9948721528
134.7 57.3 2188.1 0.9933097363 0.0628845170 -0.0968571007 -0.0647020489 0.9977805614 -0.0157368612 0.0956525281 0.0218984298 0.9951738715
2.1 264.9 2178.5 0.4143320322 -0.7903842926 -0.4512445927 0.4332163930 0.6073070765 -0.6659592390 0.8004077077 0.0804416835 0.5940341949
-86.7 172.0 2006.9 -0.6126028895 -0.7903842926 -0.0032303671 -0.7842221856 0.6073070765 0.1271759719 -0.0985560566 0.0804416835 -0.9918749332
292.2 246.0 2206.4 0.6050308943 0.5204242468 0.6025747061 -0.7369152308 0.0794508085 0.6712998748 0.3014856875 -0.8502035737 0.4315787256
417.8 93.1 2269.0 -0.4461026192 0.5204242468 0.7281147242 -0.8236894608 0.0794508085 -0.5614474416 -0.3500401676 -0.8502035737 0.3932247758
34.3 -138.1 2174.0 0.9990535378 0.0368683748 -0.0230806731 -0.0312131513 0.9772214890 0.2099141181 0.0302941222 -0.2089950293 0.9774473906
19.7 -526.5 2257.0 0.9977468252 0.0616570376 -0.0264515225 -0.0581676364 0.9914373159 0.1169125885 0.0334335119 -0.1151105389 0.9927898645
217.0 -144.8 2189.8 0.9668343067 0.0793314353 -0.2427713722 -0.0536106192 0.9923972487 0.1107861921 0.2497144789 -0.0940967724 0.9637367129
185.4 -539.1 2227.1 0.9675533772 -0.0385895334 -0.2497024536 0.0416623317 0.9991070032 0.0070301844 0.2492081821 -0.0172052644 0.9682970643
72.1 375.3 2032.4 0 0 0 0 0 0 0 0 0
302.0 -120.8 2178.1 0 0 0 0 0 0 0 0 0
-3.9 -905.2 2301.0 0 0 0 0 0 0 0 0 0
200.2 -920.4 2233.7 0 0 0 0 0 0 0 0 0
132.5 485.7 2187.0 1 0.9909918904 -0.0663123876 -0.1163519919 0.0696128383 0.9972724319 0.0245310832 0.1144079119 -0.0324096940 0.9929050803
147.5 258.9 2194.4 0.9909918904 -0.0663123876 -0.1163519919 0.0696128383 0.9972724319 0.0245310832 0.1144079119 -0.0324096940 0.9929050803
134.6 60.7 2189.5 0.9910802841 0.0650248304 -0.1163254082 -0.0674066544 0.9975865483 -0.0166559499 0.1149616092 0.0243484899 0.9930714965
2.8 268.7 2177.6 0.4130441248 -0.7931681275 -0.4475252926 0.4519554675 0.6051445007 -0.6553902626 0.7906521559 0.0684435964 0.6084280610
-86.0 171.5 2007.6 -0.6089081764 -0.7931681275 0.0107311346 -0.7860403657 0.6051445007 0.1262566447 -0.1066366285 0.0684435964 -0.9919395447
292.3 249.0 2211.2 0.5784819126 0.5081948638 0.6380412579 -0.7709395885 0.0850934908 0.6311982274 0.2664785385 -0.8570280671 0.4410125911
413.8 87.0 2267.2 -0.4478415251 0.5081948638 0.7356466055 -0.8238803148 0.0850934908 -0.5603395104 -0.3473604023 -0.8570280671 0.3805833459
31.1 -135.0 2174.9 0.9987653494 0.0269270036 -0.0417455658 -0.0177814886 0.9784525633 0.2057047188 0.0463850684 -0.2047084421 0.9777233005
20.4 -523.8 2256.3 0.9969431758 0.0647115633 -0.0437808894 -0.0587392151 0.9902722239 0.1261374205 0.0515175462 -0.1231801808 0.9910461903
213.3 -146.8 2192.5 0.9623584151 0.0713516548 -0.2622503042 -0.0470742136 0.9940994978 0.0977248922 0.2676757276 -0.0817011446 0.9600388408
184.9 -541.8 2224.9 0.9629688859 -0.0436168611 -0.2660611272 0.0556526780 0.9977320433 0.0378629304 0.2638062537 -0.0512678400 0.9632122517
71.8 375.2 2035.3 0 0 0 0 0 0 0 0 0
297.5 -127.0 2176.9 0 0 0 0 0 0 0 0 0
-4.3 -902.2 2303.3 0 0 0 0 0 0 0 0 0
201.6 -922.6 2244.5 0 0 0 0 0 0 0 0 0
130.7 483.2 2187.4 2 0.9904288650 -0.0731907636 -0.1170201674 0.0769918710 0.9966301918 0.0282929409 0.1145550534 -0.0370317474 0.9927264452
147.2 258.2 2195.7 0.9904288650 -0.0731907636 -0.1170201674 0.0769918710 0.9966301918 0.0282929409 0.1145550534 -0.0370317474 0.9927264452
135.2 59.9 2189.8 0.9913190007 0.0605633669 -0.1166991219 -0.0635931045 0.9977242351 -0.0224124752 0.1150761694 0.0296391714 0.9929143786
2.4 267.5 2178.9 0.3691745996 -0.8052014709 -0.4640697539 0.4636723995 0.5923365355 -0.6588970423 0.8054303527 0.0280717239 0.5920252800
-77.8 166.7 2003.9 -0.5911881328 -0.8052014709 0.0463381372 -0.7981403470 0.5923365355 0.1100429073 -0.1160544828 0.0280717239 -0.9928460717
292.0 248.9 2212.6 0.5619283319 0.4980599284 0.6604338884 -0.7914967537 0.0917551592 0.6042465568 0.2403527647 -0.8622744679 0.4457726479
411.7 80.3 2263.8 -0.4678298533 0.4980599284 0.7301174998 -0.8088212609 0.0917551592 -0.5808521509 -0.3562912047 -0.8622744679 0.3599156439
30.8 -131.4 2174.1 0.9987660646 0.0252230577 -0.0427797921 -0.0155171361 0.9767885208 0.2136430442 0.0471755415 -0.2127156109 0.9759746790
20.8 -519.5 2258.7 0.9965825677 0.0691392049 -0.0451987498 -0.0638472587 0.9919273853 0.1095606610 0.0524088144 -0.1063004285 0.9929519296
212.6 -143.7 2195.2 0.9621647596 0.0702947080 -0.2632445097 -0.0481509566 0.9948084354 0.0896528438 0.2681799829 -0.0735853314 0.9605543613
184.6 -539.0 2224.5 0.9627339244 -0.0379085988 -0.2677803040 0.0434199721 0.9989489317 0.0146878920 0.2669420540 -0.0257675461 0.9633680582
73.7 371.3 2033.6 0 0 0 0 0 0 0 0 0
290.2 -129.8 2171.2 0 0 0 0 0 0 0 0 0
-5.6 -898.5 2299.3 0 0 0 0 0 0 0 0 0
199.1 -920.4 2234.3 0 0 0 0 0 0 0 0 0
129.0 482.6 2187.6 3 0.9896417856 -0.0789289027 -0.1199141219 0.0828345641 0.9961717129 0.0279350895 0.1172501668 -0.0375787653 0.9923911691
146.7 258.5 2196.0 0.9896417856 -0.0789289027 -0.1199141219 0.0828345641 0.9961717129 0.0279350895 0.1172501668 -0.0375787653 0.9923911691
134.3 60.3 2189.4 0.9908671975 0.0625205785 -0.1194713339 -0.0660564974 0.9974805713 -0.0258652586 0.1175532192 0.0335208923 0.9925006628
2.0 268.2 2178.9 0.3392600417 -0.8133591413 -0.4725986421 0.4784640074 0.5817542672 -0.6577493548 0.8099226952 -0.0029733726 0.5865290761
-72.3 163.5 2001.7 -0.5771446228 -0.8133591413 0.0731501877 -0.8075359464 0.5817542672 0.0971992612 -0.1216133386 -0.0029733726 -0.9925730824
291.4 248.9 2213.2 0.5667686462 0.4963684678 0.6575649381 -0.7889732122 0.0971483737 0.6066988111 0.2372648120 -0.8626589775 0.4466820657
413.7 78.7 2264.4 -0.4913865030 0.4963684678 0.7156518698 -0.7877570987 0.0971483737 -0.6082770228 -0.3714539707 -0.8626589775 0.3432803750
32.2 -132.5 2173.4 0.9984670281 0.0317604057 -0.0453312062 -0.0220789853 0.9795493484 0.1999890953 0.0507558845 -0.1986816376 0.9787489176
19.6 -521.7 2252.3 0.9972093701 0.0585076548 -0.0463719107 -0.0500077307 0.9846894145 0.1669909656 0.0554321781 -0.1642059982 0.9848673344
214.0 -144.1 2194.5 0.9614192247 0.0761500150 -0.2643374801 -0.0498527512 0.9932416677 0.1048128903 0.2705324888 -0.0875911787 0.9587178826
183.8 -538.8 2229.3 0.9614017010 -0.0469802245 -0.2711081207 0.0473888814 0.9988638163 -0.0050426098 0.2710370123 -0.0079995375 0.9625356793
74.8 369.3 2032.6 0 0 0 0 0 0 0 0 0
286.1 -125.8 2167.9 0 0 0 0 0 0 0 0 0
-2.7 -897.3 2315.0 0 0 0 0 0 0 0 0 0
201.7 -920.3 2232.4 0 0 0 0 0 0 0 0 0
128.2 485.6 2188.2 4 0.9885295033 -0.0940318406 -0.1181839257 0.0972498581 0.9950222969 0.0217506494 0.1155503839 -0.0329945274 0.9927535057
149.7 258.7 2195.7 0.9885295033 -0.0940318406 -0.1181839257 0.0972498581 0.9950222969 0.0217506494 0.1155503839 -0.0329945274 0.9927535057
135.6 60.6 2190.1 0.9905254245 0.0707571730 -0.1176981032 -0.0735826641 0.9970919490 -0.0198311992 0.1159526333 0.0283038467 0.9928513765
5.0 269.5 2178.7 0.3233211040 -0.8138275743 -0.4828541577 0.4974280298 0.5802423358 -0.6448908448 0.8050023317 -0.0316783674 0.5924252272
-65.8 160.6 2002.6 -0.5732593536 -0.8138275743 0.0951756537 -0.8105725646 0.5802423358 0.0793155953 -0.1197741628 -0.0316783674 -0.9922956228
294.4 248.0 2212.6 0.5732539892 0.5040926337 0.6459647417 -0.7790192962 0.0909318998 0.6203711033 0.2539857030 -0.8588492274 0.4448249936
415.9 82.9 2266.5 -0.4873290956 0.5040926337 0.7130224109 -0.7910550237 0.0909318998 -0.6049490571 -0.3697868586 -0.8588492274 0.3544512689
31.0 -131.8 2171.9 0.9986987114 0.0294560120 -0.0416323803 -0.0201566387 0.9778512716 0.2083280236 0.0468467884 -0.2072177529 0.9771725535
19.3 -520.4 2254.3 0.9979777932 0.0464853942 -0.0433519222 -0.0395864137 0.9881525636 0.1482816935 0.0497312471 -0.1462657005 0.9879944921
