-54.5 445.6 1862.5 45 0.9999569058 -0.0017474202 -0.0091152871 0.0020338304 0.9995014668 0.0315068178 0.0090556871 -0.0315239988 0.9994619489
-54.1 247.9 1868.7 0.9999569058 -0.0017474202 -0.0091152871 0.0020338304 0.9995014668 0.0315068178 0.0090556871 -0.0315239988 0.9994619489
-54.0 52.1 1874.2 0.9999582767 -0.0006881703 -0.0091107180 0.0009408243 0.9996142983 0.0277563464 0.0090881027 -0.0277637579 0.9995731711
-196.6 247.7 1867.4 0.1296390295 -0.8725785017 -0.4709570110 0.9915087819 0.1091913506 0.0706226081 -0.0101993354 -0.4761134386 0.8793247342
-231.7 -20.3 1870.2 0.0313138328 -0.8721653223 -0.4882079959 0.9603685141 0.1616053134 -0.2271034867 0.2769688070 -0.4617481232 0.8426606655
88.4 248.0 1870.0 0.3776998222 0.8870536685 0.2654780447 -0.4644444287 0.4295374751 -0.7744604349 -0.8010207415 0.1692137420 0.5742233992
171.3 146.0 1694.1 -0.4264347851 0.8870536685 0.1768872738 0.9027727842 0.4295374751 0.0223357081 -0.0561667457 0.1692137420 -0.9839776158
-145.3 -144.7 1878.9 0.9925090075 0.0108050071 -0.1216926873 -0.0298398621 0.9873530269 -0.1557034850 0.1184712648 0.1581684053 0.9802792072
-149.5 -531.4 1816.9 0.9929511547 0.0000000000 -0.1185240448 0.0000000000 1.0000000000 0.0000000000 0.1185240448 0.0000000000 0.9929511547
35.5 -144.8 1880.4 0.9288742542 -0.0548794195 -0.3663070798 0.0179079268 0.9944601655 -0.1035775393 0.3699620664 0.0896507055 0.9247112274
57.0 -534.3 1845.3 0.9290232062 0.0000000000 -0.3700214028 0.0000000000 1.0000000000 0.0000000000 0.3700214028 0.0000000000 0.9290232062
-240.5 -290.9 1792.2 0 0 0 0 0 0 0 0 0
67.1 366.7 1680.4 0 0 0 0 0 0 0 0 0
-149.5 -908.1 1816.9 0 0 0 0 0 0 0 0 0
57.0 -911.0 1845.3 0 0 0 0 0 0 0 0 0
-53.7 445.0 1863.9 46 0.9998914599 -0.0050951783 -0.0138235250 0.0054860013 0.9995820522 0.0283832960 0.0136731295 -0.0284560528 0.9995015264
-52.7 247.5 1869.5 0.9998914599 -0.0050951783 -0.0138235250 0.0054860013 0.9995820522 0.0283832960 0.0136731295 -0.0284560528 0.9995015264
-52.3 51.7 1874.6 0.9999026656 -0.0019374022 -0.0138149550 0.0022954263 0.9996606708 0.0259471051 0.0137599977 -0.0259762928 0.9995678663
-195.2 247.2 1867.5 0.1381361485 -0.8697140217 -0.4738311172 0.9903184175 0.1146691740 0.0782333240 -0.0137067996 -0.4800505042 0.8771337271
-232.2 -18.3 1871.2 0.0184417348 -0.8697352409 -0.4931738973 0.9580319524 0.1565005630 -0.2401714474 0.2860675752 -0.4680471718 0.8361203074
89.8 247.8 1871.5 0.3702448308 0.8835427165 0.2868293226 -0.4373539686 0.4382075071 -0.7852997780 -0.8195366263 0.1653072238 0.5486649871
171.2 151.7 1691.4 -0.4397362769 0.8835427165 0.1611964852 0.8976511955 0.4382075071 0.0468667336 -0.0292287488 0.1653072238 -0.9858089089
-144.2 -143.8 1878.8 0.9918562174 0.0185555816 -0.1260038167 -0.0380484350 0.9873210788 -0.1541084945 0.1215466484 0.1576477140 0.9799865484
-151.5 -530.5 1817.0 0.9925749302 0.0000000000 -0.1216347218 0.0000000000 1.0000000000 0.0000000000 0.1216347218 0.0000000000 0.9925749302
36.5 -143.6 1880.4 0.9273780584 -0.0519185662 -0.3705055416 0.0136353392 0.9943566918 -0.1052088365 0.3738769591 0.0925163999 0.9228525162
56.9 -533.1 1844.2 0.9274643064 0.0000000000 -0.3739117086 0.0000000000 1.0000000000 0.0000000000 0.3739117086 0.0000000000 0.9274643064
-237.4 -288.1 1790.6 0 0 0 0 0 0 0 0 0
64.5 369.5 1684.3 0 0 0 0 0 0 0 0 0
-151.5 -907.2 1817.0 0 0 0 0 0 0 0 0 0
56.9 -909.8 1844.2 0 0 0 0 0 0 0 0 0
-53.4 443.4 1863.6 47 0.9945240617 -0.0386361554 -0.0971039310 0.0392987505 0.9992154241 0.0049195825 0.0968376696 -0.0087087061 0.9952620864
-45.0 226.5 1865.5 0.9945240617 -0.0386361554 -0.0971039310 0.0392987505 0.9992154241 0.0049195825 0.0968376696 -0.0087087061 0.9952620864
-42.4 30.7 1870.1 0.9951451421 -0.0131559977 -0.0975350067 0.0153283086 0.9996501207 0.0215563327 0.0972172841 -0.0229467247 0.9949986339
-186.3 224.3 1851.7 0.1796122640 -0.8274111152 -0.5320998430 0.9808994532 0.1095776111 0.1607138813 -0.0746702179 -0.5508026481 0.8312886357
-231.1 -20.2 1870.3 0.0134231187 -0.8283500671 -0.5600500107 0.9566880465 0.1735342592 -0.2337387353 0.2908053398 -0.5326556563 0.7948020101
96.3 228.6 1879.3 0.3436374664 0.8821793199 0.3219827414 -0.3356010914 0.4355813265 -0.8352489471 -0.8770890236 0.1789650619 0.4457424283
170.9 155.8 1688.9 -0.4425635338 0.8821793199 0.1609257907 0.8967365623 0.4355813265 0.0783097148 -0.0010130574 0.1789650619 -0.9838548899
-141.1 -146.5 1877.2 0.9783432484 0.0269881524 -0.2052222341 -0.0595798753 0.9862203002 -0.1543366164 0.1982290745 0.1632212996 0.9664698839
-151.6 -530.5 1813.6 0.9800843000 0.0000000000 -0.1985818446 0.0000000000 1.0000000000 0.0000000000 0.1985818446 0.0000000000 0.9800843000
38.5 -143.9 1880.9 0.8943150640 -0.0411438607 -0.4455420673 -0.0044456506 0.9948970079 -0.1007979214 0.4474156797 0.0921258256 0.8895684481
54.6 -533.6 1844.8 0.8943238854 0.0000000000 -0.4474201202 0.0000000000 1.0000000000 0.0000000000 0.4474201202 0.0000000000 0.8943238854
-234.9 -289.8 1788.4 0 0 0 0 0 0 0 0 0
63.2 374.0 1688.7 0 0 0 0 0 0 0 0 0
-151.6 -907.1 1813.6 0 0 0 0 0 0 0 0 0
54.6 -910.2 1844.8 0 0 0 0 0 0 0 0 0
-53.2 444.0 1862.4 48 0.9962460399 -0.0295973588 -0.0813501924 0.0313623324 0.9992977381 0.0205042399 0.0806861967 -0.0229786001 0.9964746237
-47.0 237.0 1867.2 0.9962460399 -0.0295973588 -0.0813501924 0.0313623324 0.9992977381 0.0205042399 0.0806861967 -0.0229786001 0.9964746237
-44.1 41.3 1872.7 0.9965658188 -0.0147158476 -0.0814865604 0.0169387218 0.9995011687 0.0266552437 0.0810536593 -0.0279439818 0.9963179231
-188.8 234.6 1855.7 0.1497161984 -0.8357470036 -0.5283104777 0.9882147908 0.1092545316 0.1072146297 -0.0318839960 -0.5381360054 0.8422547579
-230.0 -37.0 1864.4 0.0187323727 -0.8363980055 -0.5478023887 0.9565614462 0.1744195670 -0.2335979342 0.2909283042 -0.5196308494 0.8033334017
94.7 239.4 1878.7 0.3585777879 0.8787975311 0.3148600757 -0.3800292015 0.4454982579 -0.8106226921 -0.8526428342 0.1710152477 0.4937145114
174.8 154.5 1688.3 -0.4509945512 0.8787975311 0.1559449583 0.8924956918 0.4454982579 0.0705885515 -0.0074401586 0.1710152477 -0.9852402806
-129.0 -167.0 1865.5 0.9792522788 0.0768257082 -0.1875173748 -0.0993761793 0.9885010719 -0.1139736995 0.1766050160 0.1302437633 0.9756265879
-159.0 -552.9 1814.7 0.9841237664 0.0000000000 -0.1774835736 0.0000000000 1.0000000000 0.0000000000 0.1774835736 0.0000000000 0.9841237664
49.8 -163.7 1883.4 0.9022749066 0.0069734165 -0.4311048687 -0.0510296635 0.9945687056 -0.0907139853 0.4281308353 0.1038480923 0.8977302313
47.1 -552.8 1842.8 0.9034519792 0.0000000000 -0.4286893606 0.0000000000 1.0000000000 0.0000000000 0.4286893606 0.0000000000 0.9034519792
-235.2 -306.5 1782.5 0 0 0 0 0 0 0 0 0
64.6 372.6 1686.5 0 0 0 0 0 0 0 0 0
-159.0 -929.6 1814.7 0 0 0 0 0 0 0 0 0
47.1 -929.5 1842.8 0 0 0 0 0 0 0 0 0
-53.3 444.8 1862.4 49 0.9976966381 -0.0209300257 -0.0645239502 0.0226512905 0.9994037151 0.0260612126 0.0639400110 -0.0274627358 0.9975758195
-49.1 242.8 1867.9 0.9976966381 -0.0209300257 -0.0645239502 0.0226512905 0.9994037151 0.0260612126 0.0639400110 -0.0274627358 0.9975758195
-46.5 47.0 1873.3 0.9978261590 -0.0133616664 -0.0645320639 0.0151005546 0.9995338321 0.0265339538 0.0641474426 -0.0274507422 0.9975628257
-191.2 240.7 1858.8 0.1366706640 -0.8462257981 -0.5149980783 0.9900690913 0.0994038135 0.0994087905 -0.0329295099 -0.5234699249 0.8514075875
-228.1 -26.9 1867.7 0.0266272090 -0.8466371894 -0.5315039158 0.9586060643 0.1724075675 -0.2266054004 0.2834878564 -0.5034690499 0.8161823153
92.9 244.9 1877.0 0.3746779561 0.8759442568 0.3038717806 -0.4081236720 0.4501046538 -0.7942548990 -0.8324971199 0.1735725403 0.5261378884
178.2 152.1 1687.6 -0.4520963430 0.8759442568 0.1683167368 0.8914583921 0.4501046538 0.0520357266 -0.0301797483 0.1735725403 -0.9843585491
-131.0 -156.3 1870.7 0.9831066132 0.0634414256 -0.1716873199 -0.0849848539 0.9889847636 -0.1211887375 0.1621077508 0.1337322742 0.9776690602
-155.8 -543.0 1818.4 0.9866762161 0.0000000000 -0.1626963466 0.0000000000 1.0000000000 0.0000000000 0.1626963466 0.0000000000 0.9866762161
48.7 -153.0 1885.5 0.9093686342 -0.0008420106 -0.4159904122 -0.0407769494 0.9950016141 -0.0911537334 0.4139878750 0.0998551622 0.9047889113
49.0 -542.5 1846.4 0.9101256132 0.0000000000 -0.4143325090 0.0000000000 1.0000000000 0.0000000000 0.4143325090 0.0000000000 0.9101256132
-235.6 -297.0 1787.8 0 0 0 0 0 0 0 0 0
68.5 368.4 1680.3 0 0 0 0 0 0 0 0 0
-155.8 -919.7 1818.4 0 0 0 0 0 0 0 0 0
49.0 -919.2 1846.4 0 0 0 0 0 0 0 0 0
-52.7 445.9 1862.3 50 0.9985349178 -0.0133203622 -0.0524454862 0.0148889665 0.9994499683 0.0296330266 0.0520219170 -0.0303704720 0.9981840253
-50.1 246.3 1868.4 0.9985349178 -0.0133203622 -0.0524454862 0.0148889665 0.9994499683 0.0296330266 0.0520219170 -0.0303704720 0.9981840253
-48.4 50.5 1874.0 0.9985900521 -0.0083064400 -0.0524299815 0.0097950576 0.9995543361 0.0281996988 0.0521723740 -0.0286734924 0.9982263446
-192.3 244.9 1861.0 0.1354067177 -0.8522425890 -0.5053192973 0.9903232455 0.1007628366 0.0954288691 -0.0304111354 -0.5133512020 0.8576396108
-229.2 -24.5 1869.2 0.0135595063 -0.8531576395 -0.5214769840 0.9564785361 0.1630989164 -0.2419660240 0.2914874852 -0.4955005944 0.8182384968
92.2 247.7 1875.8 0.3689414561 0.8809719086 0.2962611318 -0.4223774076 0.4428492785 -0.7908741236 -0.8279369473 0.1666522473 0.5354880691
176.0 151.8 1687.8 -0.4418354928 0.8809719086 0.1693217158 0.8959576488 0.4428492785 0.0338296965 -0.0451809838 0.1666522473 -0.9849800467
-133.9 -150.2 1872.8 0.9855759740 0.0499517731 -0.1616937220 -0.0725110620 0.9879447818 -0.1367744058 0.1529123485 0.1465261430 0.9773166776
-153.4 -536.8 1815.5 0.9881772399 0.0000000000 -0.1533159316 0.0000000000 1.0000000000 0.0000000000 0.1533159316 0.0000000000 0.9881772399
46.2 -147.4 1884.5 0.9139648080 -0.0139012970 -0.4055552483 -0.0289957467 0.9946212173 -0.0994380414 0.4047561586 0.1026422456 0.9086456895
51.7 -536.8 1844.3 0.9143492579 0.0000000000 -0.4049264193 0.0000000000 1.0000000000 0.0000000000 0.4049264193 0.0000000000 0.9143492579
-233.0 -294.0 1787.1 0 0 0 0 0 0 0 0 0
70.8 365.0 1677.0 0 0 0 0 0 0 0 0 0
-153.4 -913.5 1815.5 0 0 0 0 0 0 0 0 0
51.7 -913.5 1844.3 0 0 0 0 0 0 0 0 0
-51.9 445.0 1863.8 51 0.9989511967 -0.0068838983 -0.0452670343 0.0080728540 0.9996258020 0.0261352286 0.0450701825 -0.0264732521 0.9986329675
-50.6 246.6 1869.0 0.9989511967 -0.0068838983 -0.0452670343 0.0080728540 0.9996258020 0.0261352286 0.0450701825 -0.0264732521 0.9986329675
-49.9 50.8 1873.9 0.9989692569 -0.0034826086 -0.0452574603 0.0045855218 0.9996944666 0.0242888294 0.0451590456 -0.0244713239 0.9986800551
-192.9 246.0 1862.6 0.1349027604 -0.8556851149 -0.4996040463 0.9905810356 0.1045281738 0.0884478688 -0.0234608296 -0.5068301558 0.8617266417
-229.4 -22.2 1869.0 0.0074074818 -0.8565238714 -0.5160542130 0.9567547441 0.1561482251 -0.2454345822 0.2908015251 -0.4919192493 0.8206399679
91.8 247.3 1875.5 0.3656871021 0.8849636316 0.2882920206 -0.4177054763 0.4328455627 -0.7988534570 -0.8317421675 0.1717092395 0.5279402137
174.4 152.9 1687.5 -0.4325363338 0.8849636316 0.1724866927 0.9006747603 0.4328455627 0.0378114432 -0.0411983505 0.1717092395 -0.9842858315
-137.0 -146.2 1874.9 0.9868013263 0.0446762182 -0.1556507945 -0.0672801286 0.9874145389 -0.1431292146 0.1472973824 0.1517122984 0.9773877859
-154.5 -532.8 1815.5 0.9890424013 0.0000000000 -0.1476318985 0.0000000000 1.0000000000 0.0000000000 0.1476318985 0.0000000000 0.9890424013
43.4 -144.3 1884.4 0.9163113236 -0.0255758669 -0.3996490836 -0.0161928050 0.9947761297 -0.1007881984 0.4001391232 0.0988248065 0.9111105204
53.4 -533.9 1845.7 0.9164314866 0.0000000000 -0.4001915753 0.0000000000 1.0000000000 0.0000000000 0.4001915753 0.0000000000 0.9164314866
-231.5 -291.8 1787.0 0 0 0 0 0 0 0 0 0
71.7 366.7 1677.7 0 0 0 0 0 0 0 0 0
-154.5 -909.4 1815.5 0 0 0 0 0 0 0 0 0
53.4 -910.6 1845.7 0 0 0 0 0 0 0 0 0
-51.7 445.6 1867.5 52 0.9995479584 -0.0029440925 -0.0299205650 0.0034850948 0.9998310804 0.0180452541 0.0298623834 -0.0181413721 0.9993893504
-51.1 247.5 1871.1 0.9995479584 -0.0029440925 -0.0299205650 0.0034850948 0.9998310804 0.0180452541 0.0298623834 -0.0181413721 0.9993893504
-51.0 51.7 1874.5 0.9995521307 -0.0006108229 -0.0299192388 0.0011288295 0.9998497367 0.0172996689 0.0299041755 -0.0173256937 0.9994025826
-193.6 247.3 1866.9 0.1354161948 -0.8627359867 -0.4871848226 0.9907314777 0.1126183048 0.0759490430 -0.0106580444 -0.4929540455 0.8699900508
-230.3 -21.3 1869.8 0.0036009131 -0.8633335829 -0.5046208501 0.9550929666 0.1524824649 -0.2540601194 0.2962844372 -0.4810449481 0.8251128793
91.3 247.7 1875.4 0.3635318875 0.8890106082 0.2783966959 -0.4036913514 0.4196604192 -0.8129689097 -0.8395700455 0.1831537932 0.5114458203
173.3 156.6 1686.1 -0.4234066010 0.8890106082 0.1743187457 0.9057168365 0.4196604192 0.0596834421 -0.0200954620 0.1831537932 -0.9828788638
-139.4 -145.4 1874.6 0.9894744158 0.0340372883 -0.1406477690 -0.0535566099 0.9890639186 -0.1374201924 0.1344322115 0.1435063779 0.9804763794
-152.8 -532.7 1818.4 0.9908965826 0.0000000000 -0.1346254200 0.0000000000 1.0000000000 0.0000000000 0.1346254200 0.0000000000 0.9908965826
41.1 -144.5 1882.7 0.9217797518 -0.0352619365 -0.3861070871 -0.0049402332 0.9947065711 -0.1026375517 0.3876824379 0.0965166762 0.9167261720
54.9 -534.1 1844.9 0.9217910171 0.0000000000 -0.3876871765 0.0000000000 1.0000000000 0.0000000000 0.3876871765 0.0000000000 0.9217910171
-231.3 -290.4 1786.3 0 0 0 0 0 0 0 0 0
71.4 374.6 1681.2 0 0 0 0 0 0 0 0 0
-152.8 -909.4 1818.4 0 0 0 0 0 0 0 0 0
54.9 -910.8 1844.9 0 0 0 0 0 0 0 0 0
-50.8 447.1 1869.4 53 0.9998213053 0.0000498422 -0.0189053193 0.0001969629 0.9999147654 0.0130527075 0.0189043581 -0.0130540980 0.9997360706
-50.9 249.1 1872.0 0.9998213053 0.0000498422 -0.0189053193 0.0001969629 0.9999147654 0.0130527075 0.0189043581 -0.0130540980 0.9997360706
-51.2 53.2 1874.4 0.9998199344 0.0016130523 -0.0189060997 -0.0013841795 0.9999256730 0.0121126100 0.0189242326 -0.0120842597 0.9997478724
-193.3 249.3 1869.3 0.1323094666 -0.8680739403 -0.4784786701 0.9912079573 0.1153811887 0.0647610575 -0.0010099503 -0.4828403592 0.8757078052
-229.3 -20.6 1869.6 0.0025365320 -0.8684961200 -0.4956895113 0.9555907249 0.1481788903 -0.2547338605 0.2946860790 -0.4730301797 0.8303027153
91.6 248.9 1874.7 0.3635476530 0.8915297389 0.2701996863 -0.4033155143 0.4120821655 -0.8170219660 -0.8397438526 0.1880507022 0.5093792677
173.8 157.7 1684.8 -0.4186640382 0.8915297389 0.1729022712 0.9081264734 0.4120821655 0.0741252378 -0.0051650899 0.1880507022 -0.9821457267
-141.2 -144.3 1875.2 0.9911448956 0.0247312933 -0.1304615438 -0.0444148444 0.9876572490 -0.1502013803 0.1251366138 0.1546657532 0.9800098538
-150.9 -531.1 1814.7 0.9921239018 0.0000000000 -0.1252602190 0.0000000000 1.0000000000 0.0000000000 0.1252602190 0.0000000000 0.9921239018
39.4 -144.1 1880.6 0.9253807664 -0.0426859334 -0.3766275346 0.0064483071 0.9952676296 -0.0969572961 0.3789839149 0.0872938111 0.9212768078
56.1 -533.9 1846.4 0.9254000187 0.0000000000 -0.3789918125 0.0000000000 1.0000000000 0.0000000000 0.3789918125 0.0000000000 0.9254000187
-230.1 -289.8 1786.6 0 0 0 0 0 0 0 0 0
71.3 380.0 1683.5 0 0 0 0 0 0 0 0 0
-150.9 -907.7 1814.7 0 0 0 0 0 0 0 0 0
56.1 -910.5 1846.4 0 0 0 0 0 0 0 0 0
-50.3 448.3 1870.3 54 0.9998931885 -0.0000697005 -0.0146136358 0.0002137454 0.9999514222 0.0098555489 0.0146122389 -0.0098576201 0.9998446703
-50.3 250.2 1872.3 0.9998931885 -0.0000697005 -0.0146136358 0.0002137454 0.9999514222 0.0098555489 0.0146122389 -0.0098576201 0.9998446703
-50.7 54.3 1874.2 0.9998914599 0.0018605945 -0.0146137234 -0.0017180929 0.9999509454 0.0097577255 0.0146311605 -0.0097315591 0.9998456240
-192.8 250.4 1870.2 0.1368057579 -0.8695555925 -0.4745073318 0.9905968308 0.1207954362 0.0642371476 0.0014605460 -0.4788334668 0.8779045343
-229.9 -18.3 1869.8 0.0056223799 -0.8697179556 -0.4935170412 0.9577785134 0.1465505511 -0.2473524511 0.2874520719 -0.4712893069 0.8338211179
92.2 249.9 1874.4 0.3571966588 0.8927814364 0.2745029628 -0.4050168693 0.4128724039 -0.8157804608 -0.8416483402 0.1802157164 0.5090681911
172.5 158.9 1685.2 -0.4150109887 0.8927814364 0.1752346903 0.9094012380 0.4128724039 0.0502566695 -0.0274813455 0.1802157164 -0.9832431674
-141.9 -142.5 1875.0 0.9917489886 0.0217601974 -0.1263344586 -0.0412596650 0.9872320294 -0.1538524777 0.1213735640 0.1577955633 0.9799841642
-150.4 -529.2 1813.2 0.9925942421 0.0000000000 -0.1214770079 0.0000000000 1.0000000000 0.0000000000 0.1214770079 0.0000000000 0.9925942421
38.9 -142.7 1878.4 0.9265744686 -0.0477187820 -0.3730719090 0.0147238746 0.9957606196 -0.0907967463 0.3758230209 0.0786368847 0.9233489633
57.5 -532.7 1847.6 0.9266749024 0.0000000000 -0.3758637607 0.0000000000 1.0000000000 0.0000000000 0.3758637607 0.0000000000 0.9266749024
-231.5 -288.1 1788.8 0 0 0 0 0 0 0 0 0
71.0 381.1 1678.5 0 0 0 0 0 0 0 0 0
-150.4 -905.8 1813.2 0 0 0 0 0 0 0 0 0
57.5 -909.4 1847.6 0 0 0 0 0 0 0 0 0
-50.8 448.6 1871.3 55 0.9999657869 -0.0011974381 -0.0081842411 0.0012459806 0.9999816418 0.0059287013 0.0081769917 -0.0059386962 0.9999489188
-50.6 250.4 1872.5 0.9999657869 -0.0011974381 -0.0081842411 0.0012459806 0.9999816418 0.0059287013 0.0081769917 -0.0059386962 0.9999489188
-50.7 54.6 1873.8 0.9999662042 0.0007714487 -0.0081844432 -0.0007151748 0.9999760985 0.0068764128 0.0081895525 -0.0068703271 0.9999428391
-193.1 250.5 1871.3 0.1326314062 -0.8729775548 -0.4693815708 0.9911490083 0.1195401624 0.0577389635 0.0057051326 -0.4728851020 0.8811056614
-228.9 -17.5 1869.8 0.0216591973 -0.8728009462 -0.4875955284 0.9581678510 0.1573401392 -0.2390782237 0.2853860557 -0.4620201290 0.8396976590
92.0 250.3 1873.7 0.3702164292 0.8861518502 0.2787018716 -0.4192287326 0.4271101058 -0.8011393547 -0.8289674520 0.1797551215 0.5296235085
175.5 155.7 1686.6 -0.4266191125 0.8861518502 0.1809173226 0.9033904076 0.4271101058 0.0382452160 -0.0433805510 0.1797551215 -0.9827544093
-141.4 -141.4 1874.8 0.9924754500 0.0255095847 -0.1197569892 -0.0437642820 0.9873532653 -0.1523752958 0.1143554226 0.1564698219 0.9810402989
-151.4 -528.1 1813.5 0.9934272766 0.0000000000 -0.1144650951 0.0000000000 1.0000000000 0.0000000000 0.1144650951 0.0000000000 0.9934272766
39.3 -141.7 1877.4 0.9290214777 -0.0460918620 -0.3671438694 0.0133158602 0.9957333207 -0.0913115740 0.3697861135 0.0799415782 0.9256713986
57.4 -531.7 1846.1 0.9291038513 0.0000000000 -0.3698188961 0.0000000000 1.0000000000 0.0000000000 0.3698188961 0.0000000000 0.9291038513
-235.0 -287.4 1789.4 0 0 0 0 0 0 0 0 0
71.2 376.7 1676.0 0 0 0 0 0 0 0 0 0
-151.4 -904.8 1813.5 0 0 0 0 0 0 0 0 0
57.4 -908.4 1846.1 0 0 0 0 0 0 0 0 0
-51.3 447.4 1867.3 56 0.9998145700 -0.0033156525 -0.0189690404 0.0036542458 0.9998341203 0.0178430639 0.0189067330 -0.0179090723 0.9996608496
-50.7 249.5 1870.8 0.9998145700 -0.0033156525 -0.0189690404 0.0036542458 0.9998341203 0.0178430639 0.0189067330 -0.0179090723 0.9996608496
-50.5 53.7 1874.1 0.9998195767 -0.0010356591 -0.0189658199 0.0013460986 0.9998652339 0.0163629204 0.0189463180 -0.0163854994 0.9996862411
-193.2 249.3 1868.1 0.1312786490 -0.8680840135 -0.4787442386 0.9913382530 0.1131081954 0.0667457432 -0.0037910179 -0.4833597541 0.8754135966
-228.5 -17.7 1869.2 0.0204082411 -0.8680968881 -0.4959751368 0.9580037594 0.1589014828 -0.2387029082 0.2860284150 -0.4702745378 0.8348829746
91.8 249.7 1873.5 0.3734748662 0.8836122751 0.2823931277 -0.4226330519 0.4330700338 -0.7961354256 -0.8257710338 0.1779879034 0.5351845026
177.1 153.2 1685.1 -0.4328560829 0.8836122751 0.1785075665 0.9004793167 0.4330700338 0.0398412272 -0.0421020836 0.1779879034 -0.9831315875
-141.3 -141.2 1874.4 0.9911291599 0.0262384042 -0.1302861720 -0.0463521481 0.9870076776 -0.1538417935 0.1245568916 0.1585161388 0.9794683456
-151.5 -527.8 1812.3 0.9921956062 0.0000000000 -0.1246909127 0.0000000000 1.0000000000 0.0000000000 0.1246909127 0.0000000000 0.9921956062
39.5 -141.4 1875.9 0.9252616167 -0.0461315252 -0.3765140474 0.0123129934 0.9957070351 -0.0917382538 0.3791297078 0.0802458674 0.9218574762
57.6 -531.4 1844.5 0.9253317714 0.0000000000 -0.3791584671 0.0000000000 1.0000000000 0.0000000000 0.3791584671 0.0000000000 0.9253317714
-234.3 -287.6 1788.6 0 0 0 0 0 0 0 0 0
71.4 373.1 1674.8 0 0 0 0 0 0 0 0 0
-151.5 -904.5 1812.3 0 0 0 0 0 0 0 0 0
57.6 -908.0 1844.5 0 0 0 0 0 0 0 0 0
-50.3 450.0 1869.3 57 0.9999903440 -0.0003052486 -0.0043786298 0.0003585700 0.9999257326 0.0121820401 0.0043745860 -0.0121834930 0.9999161959
-50.2 251.8 1871.7 0.9999903440 -0.0003052486 -0.0043786298 0.0003585700 0.9999257326 0.0121820401 0.0043745860 -0.0121834930 0.9999161959
-50.5 56.0 1873.8 0.9999898076 0.0010956695 -0.0043791784 -0.0010483488 0.9999411702 0.0107935648 0.0043907473 -0.0107888645 0.9999321699
-192.7 252.0 1871.1 0.1333989799 -0.8744658828 -0.4663841128 0.9910511374 0.1199507490 0.0585619770 0.0047326707 -0.4700225890 0.8826416731
-229.3 -19.4 1869.8 0.0158365071 -0.8745026588 -0.4847621620 0.9550700784 0.1567347497 -0.2515459955 0.2959567010 -0.4589982033 0.8376933932
92.3 251.7 1872.3 0.3769241571 0.8794164658 0.2907830775 -0.4334470928 0.4449108541 -0.7836950421 -0.8185669184 0.1693545282 0.5488781929
178.5 152.6 1685.1 -0.4447250366 0.8794164658 0.1698418707 0.8947204351 0.4449108541 0.0391107388 -0.0411698669 0.1693545282 -0.9846948981
-140.7 -142.3 1875.5 0.9929191470 0.0244710166 -0.1162440851 -0.0423602909 0.9871597886 -0.1540167928 0.1109825373 0.1578503698 0.9812064767
-150.2 -529.0 1813.7 0.9938111901 0.0000000000 -0.1110822484 0.0000000000 1.0000000000 0.0000000000 0.1110822484 0.0000000000 0.9938111901
40.1 -142.0 1879.0 0.9307460785 -0.0423527695 -0.3632051349 0.0071443832 0.9951864481 -0.0977389663 0.3655963242 0.0883752853 0.9265684485
56.7 -531.9 1844.4 0.9307698607 0.0000000000 -0.3656056523 0.0000000000 1.0000000000 0.0000000000 0.3656056523 0.0000000000 0.9307698607
-233.7 -288.4 1786.4 0 0 0 0 0 0 0 0 0
70.1 370.5 1675.1 0 0 0 0 0 0 0 0 0
-150.2 -905.7 1813.7 0 0 0 0 0 0 0 0 0
56.7 -908.5 1844.4 0 0 0 0 0 0 0 0 0
-51.1 447.7 1871.3 58 0.9999990463 0.0005883436 0.0012406384 -0.0005977022 0.9999712706 0.0075565912 -0.0012361569 -0.0075573260 0.9999706745
-51.2 250.5 1872.8 0.9999990463 0.0005883436 0.0012406384 -0.0005977022 0.9999712706 0.0075565912 -0.0012361569 -0.0075573260 0.9999706745
-51.4 54.6 1874.0 0.9999988079 0.0009452611 0.0012397416 -0.0009531608 0.9999791384 0.0063870209 -0.0012336783 -0.0063881949 0.9999788404
-193.7 250.6 1872.9 0.1367356479 -0.8770007491 -0.4606224000 0.9906014800 0.1226812154 0.0604812391 0.0034676220 -0.4645631909 0.8855331540
-230.5 -16.0 1872.0 0.0101523744 -0.8770931363 -0.4802130759 0.9545813203 0.1515124440 -0.2565512359 0.2977775633 -0.4557978213 0.8387948871
91.3 250.4 1872.6 0.3667538166 0.8847681880 0.2875359356 -0.4190688729 0.4330576956 -0.7980239987 -0.8305858970 0.1721809953 0.5296043754
174.3 155.6 1684.7 -0.4362938404 0.8847681880 0.1638076752 0.8995684981 0.4330576956 0.0568991825 -0.0205955934 0.1721809953 -0.9848499894
-141.1 -139.8 1875.5 0.9935919046 0.0235499274 -0.1105464622 -0.0402735844 0.9876236320 -0.1515837163 0.1056085154 0.1550644636 0.9822432995
-150.3 -526.6 1814.8 0.9943986535 0.0000000000 -0.1056942642 0.0000000000 1.0000000000 0.0000000000 0.1056942642 0.0000000000 0.9943986535
39.7 -139.9 1876.3 0.9324265122 -0.0449502319 -0.3585530221 0.0138635561 0.9959524870 -0.0888056904 0.3610936105 0.0778339580 0.9292756915
57.3 -530.0 1845.8 0.9325161576 0.0000000000 -0.3611283302 0.0000000000 1.0000000000 0.0000000000 0.3611283302 0.0000000000 0.9325161576
-233.4 -284.9 1788.1 0 0 0 0 0 0 0 0 0
68.2 374.1 1679.7 0 0 0 0 0 0 0 0 0
-150.3 -903.3 1814.8 0 0 0 0 0 0 0 0 0
57.3 -906.7 1845.8 0 0 0 0 0 0 0 0 0
-50.5 448.8 1871.3 59 0.9999922514 0.0018668473 0.0034590198 -0.0018911153 0.9999735355 0.0070259185 -0.0034458118 -0.0070324056 0.9999693632
-50.9 251.4 1872.7 0.9999922514 0.0018668473 0.0034590198 -0.0018911153 0.9999735355 0.0070259185 -0.0034458118 -0.0070324056 0.9999693632
-51.3 55.6 1873.7 0.9999911189 0.0024247349 0.0034555038 -0.0024433304 0.9999824762 0.0053873919 -0.0034423803 -0.0053957868 0.9999794960
-193.4 251.8 1873.2 0.1323243678 -0.8781622648 -0.4596970081 0.9911520481 0.1220877320 0.0520793535 0.0103892433 -0.4625209868 0.8865474463
-229.3 -17.6 1870.3 0.0119503560 -0.8782300353 -0.4780891240 0.9543462992 0.1527298391 -0.2567034960 0.2984631956 -0.4531948864 0.8399607539
91.7 251.1 1872.2 0.3540538549 0.8935731649 0.2759943902 -0.4153231680 0.4146424234 -0.8096778989 -0.8379454017 0.1720427275 0.5179274082
171.2 157.8 1684.0 -0.4183153212 0.8935731649 0.1629089862 0.9081595540 0.4146424234 0.0576010011 -0.0160782654 0.1720427275 -0.9849582911
-142.0 -141.1 1875.4 0.9938330650 0.0225235540 -0.1085748076 -0.0388972089 0.9877471328 -0.1511377841 0.1038402990 0.1544289887 0.9825318456
-150.8 -528.1 1814.9 0.9945857525 0.0000000000 -0.1039189398 0.0000000000 1.0000000000 0.0000000000 0.1039189398 0.0000000000 0.9945857525
38.8 -141.3 1875.2 0.9327821136 -0.0517080314 -0.3567125499 0.0217257310 0.9959228039 -0.0875546187 0.3597854376 0.0739195421 0.9301023483
59.0 -531.4 1846.2 0.9330022931 0.0000000000 -0.3598703742 0.0000000000 1.0000000000 0.0000000000 0.3598703742 0.0000000000 0.9330022931
-232.7 -286.4 1786.2 0 0 0 0 0 0 0 0 0
69.2 379.1 1680.1 0 0 0 0 0 0 0 0 0
-150.8 -904.7 1814.9 0 0 0 0 0 0 0 0 0
59.0 -908.1 1846.2 0 0 0 0 0 0 0 0 0
-50.2 447.7 1872.3 60 0.9999901056 0.0024317212 0.0037207238 -0.0024454300 0.9999902248 0.0036843033 -0.0037117281 -0.0036933655 0.9999862909
-50.7 250.4 1873.0 0.9999901056 0.0024317212 0.0037207238 -0.0024454300 0.9999902248 0.0036843033 -0.0037117281 -0.0036933655 0.9999862909
-51.3 54.5 1873.6 0.9999879599 0.0031992265 0.0037185752 -0.0032100978 0.9999905825 0.0029212311 -0.0037091945 -0.0029331329 0.9999887943
-193.2 250.8 1873.5 0.1305812746 -0.8785576224 -0.4594398737 0.9913699031 0.1211207956 0.0501540042 0.0115845418 -0.4620240629 0.8867917061
-228.5 -17.2 1870.4 0.0072621736 -0.8786928058 -0.4773323536 0.9550345540 0.1475860178 -0.2571523786 0.2964055240 -0.4540013969 0.8402538300
91.9 249.9 1872.5 0.3501782715 0.8954554200 0.2748359442 -0.4073372185 0.4097971320 -0.8161756396 -0.8434758782 0.1738560796 0.5082543492
170.1 158.9 1684.1 -0.4113177359 0.8954554200 0.1702272892 0.9110341072 0.4097971320 0.0456416085 -0.0288886316 0.1738560796 -0.9843472242
-142.2 -140.1 1875.1 0.9939499497 0.0184713341 -0.1082694754 -0.0342264734 0.9887627363 -0.1455224156 0.1043648273 0.1483476907 0.9834129214
-149.5 -527.4 1817.0 0.9945326447 0.0000000000 -0.1044260114 0.0000000000 1.0000000000 0.0000000000 0.1044260114 0.0000000000 0.9945326447
38.6 -140.5 1874.5 0.9326185584 -0.0526685938 -0.3569995165 0.0253712535 0.9964136481 -0.0807228014 0.3599707484 0.0662260577 0.9306101203
59.2 -530.8 1848.5 0.9329188466 0.0000000000 -0.3600866497 0.0000000000 1.0000000000 0.0000000000 0.3600866497 0.0000000000 0.9329188466
-230.5 -286.3 1786.9 0 0 0 0 0 0 0 0 0
69.7 381.2 1677.1 0 0 0 0 0 0 0 0 0
-149.5 -904.0 1817.0 0 0 0 0 0 0 0 0 0
59.2 -907.5 1848.5 0 0 0 0 0 0 0 0 0
-49.3 448.4 1871.8 61 0.9999818802 0.0051151561 0.0031824037 -0.0051267459 0.9999802113 0.0036445472 -0.0031636984 -0.0036607964 0.9999883175
-50.3 251.0 1872.5 0.9999818802 0.0051151561 0.0031824037 -0.0051267459 0.9999802113 0.0036445472 -0.0031636984 -0.0036607964 0.9999883175
-51.6 55.1 1873.3 0.9999748468 0.0063328426 0.0031850152 -0.0063458821 0.9999714494 0.0041007367 -0.0031589549 -0.0041208453 0.9999865294
-192.8 251.9 1873.0 0.1316860765 -0.8780615330 -0.4600724876 0.9912179708 0.1222867817 0.0503274612 0.0120701790 -0.4626595676 0.8864538670
-228.6 -16.9 1869.7 0.0144868968 -0.8780200481 -0.4784046113 0.9569485784 0.1508912891 -0.2479540706 0.2898957133 -0.4542165101 0.8424059749
92.2 250.1 1872.1 0.3464429080 0.8980330825 0.2711344063 -0.4089018404 0.4046974778 -0.8179359436 -0.8442609906 0.1725007445 0.5074119568
169.3 159.0 1684.1 -0.4055447280 0.8980330825 0.1704993248 0.9135177732 0.4046974778 0.0412940234 -0.0319172442 0.1725007445 -0.9844921231
-142.3 -141.1 1874.5 0.9938762188 0.0166432820 -0.1092386916 -0.0322810337 0.9891977906 -0.1429882944 0.1056788787 0.1456390023 0.9836773872
-148.8 -528.6 1817.4 0.9943944812 0.0000000000 -0.1057339832 0.0000000000 1.0000000000 0.0000000000 0.1057339832 0.0000000000 0.9943944812
38.5 -141.6 1873.8 0.9323608875 -0.0516827442 -0.3578157425 0.0255777873 0.9966788292 -0.0773117617 0.3606230617 0.0629303306 0.9305862784
58.7 -532.1 1849.2 0.9326660037 0.0000000000 -0.3607410789 0.0000000000 1.0000000000 0.0000000000 0.3607410789 0.0000000000 0.9326660037
-232.6 -286.5 1788.0 0 0 0 0 0 0 0 0 0
70.5 381.8 1676.3 0 0 0 0 0 0 0 0 0
-148.8 -905.2 1817.4 0 0 0 0 0 0 0 0 0
58.7 -908.7 1849.2 0 0 0 0 0 0 0 0 0
-48.9 446.4 1868.0 62 0.9998919964 0.0079335487 -0.0123695256 -0.0077850958 0.9998976588 0.0120038260 0.0124634923 -0.0119062318 0.9998514652
-50.5 249.0 1870.4 0.9998919964 0.0079335487 -0.0123695256 -0.0077850958 0.9998976588 0.0120038260 0.0124634923 -0.0119062318 0.9998514652
-52.3 53.2 1872.8 0.9998797774 0.0093589136 -0.0123652061 -0.0092042862 0.9998794794 0.0125033082 0.0124807330 -0.0123879919 0.9998453856
-193.0 250.3 1868.6 0.1374277174 -0.8709989190 -0.4716720283 0.9904693365 0.1164318547 0.0735806152 -0.0091709848 -0.4772886932 0.8786987066
-229.8 -14.7 1871.1 0.0072882306 -0.8713700175 -0.4905723035 0.9537609220 0.1534713656 -0.2584310472 0.3004778922 -0.4660051763 0.8321972489
92.0 247.7 1872.2 0.3493666053 0.8960207701 0.2740251124 -0.3976075649 0.4065878689 -0.8225536942 -0.8484404683 0.1784183383 0.4983128607
169.7 159.3 1683.4 -0.4067956209 0.8960207701 0.1779441237 0.9127649665 0.4065878689 0.0393248461 -0.0371140428 0.1784183383 -0.9832544923
-143.2 -140.2 1874.4 0.9919997454 0.0172714740 -0.1250527650 -0.0348640382 0.9895525575 -0.1398936361 0.1213301122 0.1431342959 0.9822380543
-150.0 -527.8 1818.3 0.9926031828 0.0000000000 -0.1214039177 0.0000000000 1.0000000000 0.0000000000 0.1214039177 0.0000000000 0.9926031828
37.6 -141.3 1873.8 0.9266587496 -0.0517273508 -0.3723275363 0.0269290563 0.9970768690 -0.0715018287 0.3749377728 0.0562313646 0.9253430367
57.8 -531.9 1851.8 0.9269949794 0.0000000000 -0.3750737906 0.0000000000 1.0000000000 0.0000000000 0.3750737906 0.0000000000 0.9269949794
-231.8 -283.4 1786.4 0 0 0 0 0 0 0 0 0
70.3 382.3 1674.3 0 0 0 0 0 0 0 0 0
-150.0 -904.5 1818.3 0 0 0 0 0 0 0 0 0
57.8 -908.5 1851.8 0 0 0 0 0 0 0 0 0
-46.8 445.4 1865.7 63 0.9950800538 -0.0425462015 -0.0894731805 0.0423859917 0.9990944862 -0.0036907436 0.0895491913 -0.0001198240 0.9959824085
-37.8 233.6 1865.7 0.9950800538 -0.0425462015 -0.0894731805 0.0423859917 0.9990944862 -0.0036907436 0.0895491913 -0.0001198240 0.9959824085
-42.1 38.0 1871.9 0.9957212210 0.0214942116 -0.0898732990 -0.0184752028 0.9992411733 0.0342899337 0.0905421376 -0.0324827880 0.9953627586
-179.2 236.2 1852.8 0.2000780106 -0.8277360201 -0.5242345333 0.9767812490 0.1266825199 0.1727714390 -0.0765977949 -0.5466302037 0.8338633776
-230.4 -13.8 1872.4 0.0088697495 -0.8284239769 -0.5600312948 0.9526392221 0.1772485226 -0.2471062988 0.3039734960 -0.5313159823 0.7907612920
103.7 231.1 1878.6 0.2975867093 0.8972822428 0.3260777891 -0.3015859723 0.4124157727 -0.8596273065 -0.9058079720 0.1574731618 0.3933371902
168.4 165.6 1681.7 -0.4199469090 0.8972822428 0.1361219287 0.9074002504 0.4124157727 0.0808580741 0.0164136868 0.1574731618 -0.9873868227
-144.6 -141.8 1874.1 0.9791312218 0.0119559802 -0.2028770298 -0.0409754775 0.9893808961 -0.1394507289 0.1990553737 0.1448535472 0.9692236185
-149.2 -529.4 1817.3 0.9799542427 0.0000000000 -0.1992226988 0.0000000000 1.0000000000 0.0000000000 0.1992226988 0.0000000000 0.9799542427
36.2 -143.5 1876.3 0.8952524066 -0.0571920872 -0.4418734610 0.0206535738 0.9959883690 -0.0870667621 0.4450803697 0.0688204616 0.8928422332
58.6 -533.6 1849.4 0.8954434395 0.0000000000 -0.4451753199 0.0000000000 1.0000000000 0.0000000000 0.4451753199 0.0000000000 0.8954434395
-232.9 -282.2 1786.8 0 0 0 0 0 0 0 0 0
64.4 390.4 1685.8 0 0 0 0 0 0 0 0 0
-149.2 -906.0 1817.3 0 0 0 0 0 0 0 0 0
58.6 -910.2 1849.4 0 0 0 0 0 0 0 0 0
-43.0 443.3 1869.5 64 0.9896085262 -0.0569679998 -0.1320211738 0.0517684110 0.9977547526 -0.0424903929 0.1341453493 0.0352143310 0.9903357625
-30.5 225.0 1861.8 0.9896085262 -0.0569679998 -0.1320211738 0.0517684110 0.9977547526 -0.0424903929 0.1341453493 0.0352143310 0.9903357625
-39.6 29.8 1873.0 0.9901279211 0.0453021079 -0.1326440275 -0.0370511226 0.9972602129 0.0640257820 0.1351811141 -0.0584791005 0.9890936613
-171.2 230.1 1842.5 0.2103493065 -0.8035646081 -0.5568097234 0.9723045230 0.1126093566 0.2048000842 -0.1018681228 -0.5844681263 0.8049968481
-226.3 -24.5 1869.2 0.0350638442 -0.8038021326 -0.5938625336 0.9547036886 0.2026343346 -0.2178994566 0.2954849601 -0.5593223572 0.7744979858
110.2 219.8 1881.0 0.2684343755 0.8957703114 0.3543141186 -0.2221403420 0.4154628813 -0.8820681572 -0.9373348355 0.1580699682 0.3105112612
167.9 172.1 1679.6 -0.4286697209 0.8957703114 0.1176341474 0.9014772177 0.4154628813 0.1213649213 0.0598424748 0.1580699682 -0.9856128693
-136.2 -156.1 1870.0 0.9675651789 0.0437119864 -0.2488109916 -0.0763805434 0.9894384742 -0.1231972426 0.2407979667 0.1382056773 0.9606849551
-153.3 -543.5 1815.9 0.9703999758 0.0000000000 -0.2415034622 0.0000000000 1.0000000000 0.0000000000 0.2415034622 0.0000000000 0.9703999758
43.2 -159.3 1886.4 0.8766149879 -0.0332481079 -0.4800423682 -0.0280301068 0.9923877716 -0.1199198961 0.4803752899 0.1185792163 0.8690100908
56.2 -547.4 1840.0 0.8769595623 0.0000000000 -0.4805641174 0.0000000000 1.0000000000 0.0000000000 0.4805641174 0.0000000000 0.8769595623
-236.2 -293.4 1786.0 0 0 0 0 0 0 0 0 0
60.8 397.3 1694.6 0 0 0 0 0 0 0 0 0
-153.3 -920.1 1815.9 0 0 0 0 0 0 0 0 0
56.2 -924.0 1840.0 0 0 0 0 0 0 0 0 0
-44.2 444.5 1871.4 65 0.9855601192 -0.0658177361 -0.1560103297 0.0551997982 0.9959159493 -0.0714453384 0.1600755453 0.0618019365 0.9851681590
-29.3 219.7 1857.4 0.9855601192 -0.0658177361 -0.1560103297 0.0551997982 0.9959159493 -0.0714453384 0.1600755453 0.0618019365 0.9851681590
-41.5 25.0 1873.1 0.9857854247 0.0614666305 -0.1563615501 -0.0478759520 0.9948580265 0.0892492607 0.1610433906 -0.0804946646 0.9836593270
-169.5 226.4 1834.5 0.2118388563 -0.7904546261 -0.5747223496 0.9692796469 0.0947239920 0.2269897461 -0.1249851063 -0.6051518917 0.7862378359
-225.3 -28.6 1867.4 0.0422924012 -0.7909556627 -0.6104100943 0.9565826058 0.2083997726 -0.2037626952 0.2883765996 -0.5752900839 0.7654281259
110.9 213.0 1880.4 0.2771382630 0.8865742087 0.3703789413 -0.1800766885 0.4265740514 -0.8863447309 -0.9438043833 0.1789434254 0.2778713405
170.1 174.6 1678.8 -0.4427383840 0.8865742087 0.1340481192 0.8945720792 0.4265740514 0.1333241463 0.0610203035 0.1789434254 -0.9819652438
-137.9 -162.2 1872.1 0.9605464339 0.0362023339 -0.2757533193 -0.0727469623 0.9896778464 -0.1234733686 0.2684369385 0.1386621147 0.9532651305
-152.0 -549.7 1817.8 0.9630982280 0.0000000000 -0.2691500783 0.0000000000 1.0000000000 0.0000000000 0.2691500783 0.0000000000 0.9630982280
40.6 -168.6 1896.6 0.8641465306 -0.0407178029 -0.5015902519 -0.0392822772 0.9882223010 -0.1478973776 0.5017047524 0.1475086212 0.8523693681
56.6 -555.3 1838.8 0.8648140430 0.0000000000 -0.5020922422 0.0000000000 1.0000000000 0.0000000000 0.5020922422 0.0000000000 0.8648140430
-237.2 -298.1 1786.1 0 0 0 0 0 0 0 0 0
58.7 399.9 1694.1 0 0 0 0 0 0 0 0 0
-152.0 -926.4 1817.8 0 0 0 0 0 0 0 0 0
56.6 -931.9 1838.8 0 0 0 0 0 0 0 0 0
-41.4 441.9 1871.8 66 0.9818626046 -0.0632038265 -0.1787487268 0.0475416556 0.9947528839 -0.0905898139 0.1835364252 0.0804487392 0.9797154665
-26.9 213.5 1853.4 0.9818626046 -0.0632038265 -0.1787487268 0.0475416556 0.9947528839 -0.0905898139 0.1835364252 0.0804487392 0.9797154665
-44.5 19.7 1873.9 0.9803371429 0.0892726183 -0.1759816259 -0.0686239600 0.9903842807 0.1201237738 0.1850132048 -0.1056852415 0.9770367146
-166.4 223.1 1826.9 0.2209096402 -0.7782441974 -0.5878221989 0.9634100199 0.0803258121 0.2557124794 -0.1517894417 -0.6228031516 0.7675129771
-224.8 -31.3 1867.0 0.0405241139 -0.7801184058 -0.6243180633 0.9548971057 0.2141880393 -0.2056574672 0.2941586375 -0.5878254175 0.7536125779
112.6 203.8 1879.8 0.2845923603 0.8801807165 0.3798539937 -0.1399734318 0.4301449060 -0.8918423653 -0.9483747482 0.2006420642 0.2456178814
172.8 174.2 1679.3 -0.4481026530 0.8801807165 0.1564796716 0.8924394250 0.4301449060 0.1361148804 0.0524967685 0.2006420642 -0.9782570601
-142.6 -165.4 1874.1 0.9531831741 0.0201846417 -0.3017191589 -0.0616482981 0.9897860289 -0.1285421848 0.2960428298 0.1411247253 0.9446917176
-150.5 -553.1 1818.9 0.9549996257 0.0000000000 -0.2966070175 0.0000000000 1.0000000000 0.0000000000 0.2966070175 0.0000000000 0.9549996257
35.3 -173.9 1903.3 0.8508867621 -0.0642224774 -0.5214088559 -0.0362588763 0.9829537272 -0.1802422702 0.5240963697 0.1722714603 0.8340536356
60.4 -558.5 1835.9 0.8514466286 0.0000000000 -0.5244412422 0.0000000000 1.0000000000 0.0000000000 0.5244412422 0.0000000000 0.8514466286
-236.2 -300.3 1784.2 0 0 0 0 0 0 0 0 0
59.2 400.5 1692.6 0 0 0 0 0 0 0 0 0
-150.5 -929.7 1818.9 0 0 0 0 0 0 0 0 0
60.4 -935.2 1835.9 0 0 0 0 0 0 0 0 0
-45.5 447.0 1871.1 67 0.9957814217 -0.0325495563 -0.0857896581 0.0288921315 0.9986340404 -0.0435349271 0.0870895162 0.0408726260 0.9953616858
-38.5 234.2 1862.3 0.9957814217 -0.0325495563 -0.0857896581 0.0288921315 0.9986340404 -0.0435349271 0.0870895162 0.0408726260 0.9953616858
-47.9 39.4 1873.2 0.9953294992 0.0455694161 -0.0851037055 -0.0403900407 0.9972820878 0.0616208799 0.0876804218 -0.0578957349 0.9944648147
-179.5 239.5 1849.8 0.1730242074 -0.8312854171 -0.5282301903 0.9831973314 0.1140956879 0.1424963027 -0.0581863187 -0.5440098047 0.8370589614
-227.0 -30.5 1865.7 0.0241210032 -0.8315257430 -0.5549622774 0.9577839971 0.1782971323 -0.2255215347 0.2864751518 -0.5260941982 0.8007227182
102.5 228.9 1874.9 0.3528810441 0.8691056371 0.3465982080 -0.2592780888 0.4467511475 -0.8562641740 -0.8990271688 0.2122940719 0.3829900622
178.6 173.0 1681.1 -0.4633594155 0.8691056371 0.1730704904 0.8855405450 0.4467511475 0.1274024844 0.0334067754 0.2122940719 -0.9766346216
-150.6 -168.0 1877.7 0.9786934853 -0.0084839622 -0.2051513195 -0.0229843501 0.9883395433 -0.1505214274 0.2040361762 0.1520296037 0.9670864940
-147.3 -554.9 1818.2 0.9789521098 0.0000000000 -0.2040901035 0.0000000000 1.0000000000 0.0000000000 0.2040901035 0.0000000000 0.9789521098
29.3 -173.1 1904.5 0.8954463601 -0.0895415246 -0.4360712767 -0.0006430891 0.9793012142 -0.2024072260 0.4451690018 0.1815252304 0.8768541217
64.8 -561.4 1832.5 0.8954465389 0.0000000000 -0.4451690912 0.0000000000 1.0000000000 0.0000000000 0.4451690912 0.0000000000 0.8954465389
-233.8 -300.3 1785.1 0 0 0 0 0 0 0 0 0
61.3 397.1 1689.6 0 0 0 0 0 0 0 0 0
-147.3 -931.6 1818.2 0 0 0 0 0 0 0 0 0
64.8 -938.0 1832.5 0 0 0 0 0 0 0 0 0
-46.4 448.4 1872.7 68 0.9991855025 -0.0121894032 -0.0384674557 0.0112911137 0.9996604323 -0.0234834291 0.0387406461 0.0230299626 0.9989838600
-43.9 243.3 1867.9 0.9991855025 -0.0121894032 -0.0384674557 0.0112911137 0.9996604323 -0.0234834291 0.0387406461 0.0230299626 0.9989838600
-49.6 48.0 1873.1 0.9989078641 0.0270759687 -0.0380778573 -0.0259861425 0.9992464781 0.0288305152 0.0388297774 -0.0278095324 0.9988588095
-185.6 246.7 1862.3 0.1510853022 -0.8575280309 -0.4917508662 0.9883269072 0.1211876795 0.0923228189 -0.0195752550 -0.4999592304 0.8658276796
-226.6 -21.2 1867.6 0.0237642340 -0.8573253155 -0.5142261982 0.9592609406 0.1644016802 -0.2297619581 0.2815203965 -0.4878170192 0.8263055086
97.9 240.0 1873.5 0.3827392459 0.8620851040 0.3321443796 -0.3148197234 0.4597058296 -0.8303969502 -0.8685615659 0.2132599056 0.4473488629
182.3 170.5 1682.0 -0.4695354402 0.8620851040 0.1906454712 0.8828986883 0.4597058296 0.0957100615 -0.0051306151 0.2132599056 -0.9769820571
-146.8 -152.1 1876.1 0.9877040386 0.0005147796 -0.1563343704 -0.0224826597 0.9900676012 -0.1387829781 0.1547101438 0.1405913234 0.9779053330
