77.4 453.8 2078.8 72 0.9992235303 0.0265851654 -0.0290776603 -0.0247073453 0.9976990819 0.0631355271 0.0306892246 -0.0623680726 0.9975812435
72.0 250.8 2091.5 0.9992235303 0.0265851654 -0.0290776603 -0.0247073453 0.9976990819 0.0631355271 0.0306892246 -0.0623680726 0.9975812435
68.7 57.0 2101.4 0.9994276762 0.0168565884 -0.0293295309 -0.0153286811 0.9985521436 0.0515615083 0.0301562175 -0.0510824136 0.9982390404
-64.6 252.9 2087.3 0.7187067866 -0.5840430260 -0.3772987723 0.3055883050 0.7527366281 -0.5830980539 0.6245609522 0.3037784398 0.7194736004
-217.0 188.1 1954.8 -0.7465689182 -0.5840430260 -0.3186355233 -0.6450343728 0.7527366281 0.1315988004 0.1629892588 0.3037784398 -0.9386975765
208.5 248.7 2095.6 0.7117479444 0.4728916585 0.5194115639 -0.5555381775 -0.0735669658 0.8282302022 0.4298746884 -0.8780440688 0.2103482187
375.6 118.3 2196.5 -0.6856321692 0.4728916585 0.5534274578 -0.6566250920 -0.0735669658 -0.7506206632 -0.3142482638 -0.8780440688 0.3609524071
-21.6 -143.6 2106.8 0.9977762699 0.0251232944 -0.0617363937 -0.0239038002 0.9995058179 0.0204131622 0.0622187331 -0.0188920349 0.9978837371
-31.3 -531.5 2114.2 0.9965245724 0.0592663251 -0.0585340858 -0.0511053316 0.9899005294 0.1322315037 0.0657797977 -0.1287805438 0.9894890785
157.4 -144.5 2114.9 0.9962570667 0.0812686533 -0.0294486862 -0.0818778053 0.9964395761 -0.0201040395 0.0277100094 0.0224399865 0.9993640780
125.9 -531.3 2106.2 0.9963189363 -0.0838442147 -0.0178542547 0.0853770077 0.9892480969 0.1187391207 0.0077066985 -0.1198263764 0.9927649498
-23.6 355.3 1912.6 0 0 0 0 0 0 0 0 0
199.8 -50.0 2115.9 0 0 0 0 0 0 0 0 0
-53.4 -900.9 2162.2 0 0 0 0 0 0 0 0 0
157.1 -900.5 2150.9 0 0 0 0 0 0 0 0 0
77.3 454.2 2077.9 73 0.9991257191 0.0305454284 -0.0285434220 -0.0279954746 0.9959169030 0.0858239830 0.0310484059 -0.0849498585 0.9959013462
70.9 248.1 2095.4 0.9991257191 0.0305454284 -0.0285434220 -0.0279954746 0.9959169030 0.0858239830 0.0310484059 -0.0849498585 0.9959013462
68.3 54.2 2100.7 0.9994601607 0.0137392366 -0.0298432112 -0.0129265673 0.9995449185 0.0272556264 0.0302041005 -0.0268551409 0.9991829395
-65.6 249.9 2091.3 0.7017905712 -0.5952888727 -0.3913070261 0.2924706340 0.7416287065 -0.6036951542 0.6495774984 0.3092217445 0.6945725083
-214.9 187.7 1953.1 -0.7443017960 -0.5952888727 -0.3027308583 -0.6539457440 0.7416287065 0.1494718492 0.1355349720 0.3092217445 -0.9412822127
207.5 246.3 2099.6 0.7235629559 0.4539703429 0.5199688077 -0.5559918880 -0.0631077588 0.8287885785 0.4090594947 -0.8887791038 0.2067413777
374.6 117.9 2194.0 -0.6905282736 0.4539703429 0.5630999804 -0.6553059220 -0.0631077588 -0.7527227998 -0.3061778545 -0.8887791038 0.3410671353
-24.1 -135.4 2108.6 0.9979789257 0.0125176106 -0.0623010807 -0.0133283781 0.9998316169 -0.0126151536 0.0621326752 0.0134200295 0.9979776740
-29.0 -523.3 2103.4 0.9956516623 0.0725054666 -0.0584868789 -0.0602244139 0.9800003171 0.1896637976 0.0710688233 -0.1853167415 0.9801055789
154.9 -138.1 2114.0 0.9962520003 0.0816914216 -0.0284335036 -0.0824903548 0.9961939454 -0.0281599909 0.0260248538 0.0303999372 0.9991989732
123.2 -524.9 2102.2 0.9951738119 -0.0968177170 -0.0159807522 0.0980397910 0.9879016280 0.1201605424 0.0041537420 -0.1211473718 0.9926258326
-23.8 355.5 1918.4 0 0 0 0 0 0 0 0 0
197.5 -50.1 2115.5 0 0 0 0 0 0 0 0 0
-56.0 -888.4 2172.5 0 0 0 0 0 0 0 0 0
159.4 -893.6 2147.4 0 0 0 0 0 0 0 0 0
76.0 454.0 2078.4 74 0.9993583560 0.0269400571 -0.0236039925 -0.0249796659 0.9965025783 0.0797407329 0.0256696604 -0.0790999457 0.9965361357
70.4 244.8 2095.0 0.9993583560 0.0269400571 -0.0236039925 -0.0249796659 0.9965025783 0.0797407329 0.0256696604 -0.0790999457 0.9965361357
68.0 50.8 2100.7 0.9996260405 0.0119736698 -0.0245847665 -0.0112483054 0.9995034337 0.0294338688 0.0249249898 -0.0291463248 0.9992643595
-66.2 246.3 2091.6 0.6942004561 -0.6037212014 -0.3919265270 0.2822361887 0.7292155623 -0.6233677864 0.6621392965 0.3221263885 0.6766137481
-212.4 186.9 1952.2 -0.7396177649 -0.6037212014 -0.2974663973 -0.6631305814 0.7292155623 0.1688268036 0.1149927974 0.3221263885 -0.9396867752
206.9 243.2 2098.4 0.7286323309 0.4536221325 0.5131489635 -0.5472939610 -0.0648305938 0.8344257474 0.4117817283 -0.8888329268 0.2010269910
374.1 117.7 2192.9 -0.6924191713 0.4536221325 0.5610549450 -0.6535249949 -0.0648305938 -0.7541233897 -0.3057135344 -0.8888329268 0.3413433433
-23.9 -138.6 2103.2 0.9982868433 0.0132978857 -0.0569789372 -0.0138947163 0.9998525381 -0.0100912331 0.0568363443 0.0108656511 0.9983243942
-29.1 -526.7 2099.0 0.9955409169 0.0785827339 -0.0521827154 -0.0647385642 0.9715195298 0.2279446125 0.0686090365 -0.2235499620 0.9722747803
155.1 -140.9 2108.6 0.9959781170 0.0867237672 -0.0225082804 -0.0871582329 0.9960114360 -0.0190966353 0.0207623728 0.0209816117 0.9995642304
121.5 -527.6 2100.4 0.9944356084 -0.1050212830 -0.0082667805 0.1051324159 0.9843616486 0.1413482875 -0.0067070774 -0.1414308846 0.9899253845
-23.7 356.1 1922.8 0 0 0 0 0 0 0 0 0
196.5 -49.9 2114.5 0 0 0 0 0 0 0 0 0
-58.4 -888.7 2182.3 0 0 0 0 0 0 0 0 0
160.7 -894.9 2153.2 0 0 0 0 0 0 0 0 0
77.3 452.4 2079.2 75 0.9988505244 0.0278270189 -0.0390287861 -0.0248062816 0.9968103170 0.0758540481 0.0410150886 -0.0747987032 0.9963548183
71.4 242.0 2095.0 0.9988505244 0.0278270189 -0.0390287861 -0.0248062816 0.9968103170 0.0758540481 0.0410150886 -0.0747987032 0.9963548183
68.7 48.0 2101.3 0.9991098642 0.0136524653 -0.0399132743 -0.0123261809 0.9993698001 0.0332884640 0.0403425917 -0.0327668525 0.9986484647
-65.1 243.6 2089.5 0.6991388202 -0.6057306528 -0.3798622191 0.2804128528 0.7210192680 -0.6336401701 0.6577032208 0.3364841938 0.6739472151
-211.2 185.0 1952.0 -0.7342622876 -0.6057306528 -0.3065114319 -0.6694470644 0.7210192680 0.1788066775 0.1126919687 0.3364841938 -0.9349218607
207.9 240.3 2100.5 0.7379943728 0.4468295872 0.5056753755 -0.5392663479 -0.0599575713 0.8399981260 0.4056550860 -0.8926076293 0.1967118233
371.4 120.8 2190.4 -0.6789894700 0.4468295872 0.5825088620 -0.6723896861 -0.0599575713 -0.7377650142 -0.2947294116 -0.8926076293 0.3411541581
-23.8 -142.2 2104.1 0.9973436594 0.0088110082 -0.0723045990 -0.0090756249 0.9999532700 -0.0033320151 0.0722718611 0.0039793737 0.9973770380
-27.3 -530.3 2102.6 0.9938886762 0.0860951841 -0.0690862611 -0.0710512698 0.9779209495 0.1965257525 0.0844808221 -0.1904160529 0.9780617356
155.3 -144.2 2108.6 0.9957156181 0.0841786936 -0.0382664390 -0.0849675313 0.9961933494 -0.0194751695 0.0364813767 0.0226431359 0.9990777969
122.6 -531.0 2099.8 0.9943841100 -0.1028999761 -0.0247362740 0.1053154320 0.9851790667 0.1353917271 0.0104378527 -0.1372364908 0.9904833436
-23.5 356.1 1923.2 0 0 0 0 0 0 0 0 0
197.3 -51.6 2114.8 0 0 0 0 0 0 0 0 0
-59.4 -894.9 2173.6 0 0 0 0 0 0 0 0 0
161.0 -898.7 2151.0 0 0 0 0 0 0 0 0 0
78.4 451.1 2078.6 76 0.9982702732 0.0308778025 -0.0500302538 -0.0268669855 0.9965167046 0.0789468884 0.0522936918 -0.0774661675 0.9956225753
71.8 239.1 2095.1 0.9982702732 0.0308778025 -0.0500302538 -0.0268669855 0.9965167046 0.0789468884 0.0522936918 -0.0774661675 0.9956225753
69.3 45.1 2102.0 0.9986114502 0.0132856853 -0.0509770662 -0.0114487195 0.9992804527 0.0361594521 0.0514207855 -0.0355256200 0.9980450273
-64.6 240.6 2088.0 0.6997150779 -0.6101472974 -0.3716437221 0.2812948227 0.7134740353 -0.6417382956 0.6567130089 0.3444925249 0.6708598137
-210.6 181.9 1951.0 -0.7276166677 -0.6101472974 -0.3135190904 -0.6766615510 0.7134740353 0.1818900257 0.1127080172 0.3444925249 -0.9319988489
208.3 237.5 2102.1 0.7461997867 0.4410606921 0.4986495674 -0.5289562941 -0.0619891249 0.8463820815 0.4042167068 -0.8953338861 0.1870455593
368.8 123.7 2189.0 -0.6583677530 0.4410606921 0.6099323034 -0.7003322840 -0.0619891249 -0.7111202478 -0.2758380175 -0.8953338861 0.3497006893
-23.4 -144.9 2104.1 0.9962863922 0.0217225365 -0.0833161473 -0.0217858087 0.9997626543 0.0001497589 0.0832996219 0.0016659069 0.9965231419
-31.9 -533.0 2103.4 0.9948957562 0.0642354041 -0.0778221488 -0.0488021597 0.9813188910 0.1860955656 0.0883222669 -0.1813478023 0.9794448018
155.6 -147.1 2111.3 0.9948793650 0.0879261121 -0.0498402566 -0.0891521350 0.9957540631 -0.0229299217 0.0476124957 0.0272558704 0.9984939694
121.4 -533.7 2100.7 0.9938343167 -0.1051171869 -0.0352664776 0.1089615226 0.9847999215 0.1352646500 0.0205117837 -0.1382733434 0.9901816845
-23.5 355.9 1922.1 0 0 0 0 0 0 0 0 0
200.1 -55.7 2118.4 0 0 0 0 0 0 0 0 0
-55.8 -898.9 2171.1 0 0 0 0 0 0 0 0 0
160.7 -901.3 2152.4 0 0 0 0 0 0 0 0 0
78.2 452.3 2083.3 77 0.9983950257 0.0226889756 -0.0518896654 -0.0196499825 0.9981030822 0.0583447963 0.0531150214 -0.0572315268 0.9969469905
73.6 247.1 2095.0 0.9983950257 0.0226889756 -0.0518896654 -0.0196499825 0.9981030822 0.0583447963 0.0531150214 -0.0572315268 0.9969469905
70.7 53.1 2101.2 0.9985203743 0.0146462563 -0.0523697920 -0.0129461018 0.9993827343 0.0326575562 0.0528157763 -0.0319312513 0.9980936050
-62.9 248.9 2087.8 0.6773622036 -0.6339495778 -0.3732136488 0.3387545943 0.7191299796 -0.6067103148 0.6530128717 0.2845347822 0.7018647790
-207.2 176.7 1948.7 -0.7180146575 -0.6339495778 -0.2873376012 -0.6839814782 0.7191299796 0.1225618199 0.1289350539 0.2845347822 -0.9499556422
210.0 245.4 2102.3 0.7282398343 0.4521783292 0.5149771571 -0.5548171997 -0.0521151833 0.8303384185 0.4022991657 -0.8904036880 0.2129239440
367.0 125.7 2189.0 -0.6306064725 0.4521783292 0.6307696104 -0.7246698737 -0.0521151833 -0.6871227026 -0.2778293192 -0.8904036880 0.3605441749
-22.8 -147.9 2104.2 0.9961267114 0.0242897216 -0.0845077261 -0.0237748753 0.9996921420 0.0070934989 0.0846540108 -0.0050568632 0.9963975549
-32.2 -535.9 2106.2 0.9953997135 0.0537163168 -0.0793345571 -0.0393976979 0.9842862487 0.1721289605 0.0873340517 -0.1682115197 0.9818745852
156.1 -149.9 2113.5 0.9950634837 0.0854766145 -0.0504221357 -0.0863939226 0.9961277246 -0.0162985269 0.0488337427 0.0205742344 0.9985949993
122.9 -536.6 2105.5 0.9947735667 -0.0937762335 -0.0403933413 0.0973099172 0.9905274510 0.0968822837 0.0309254564 -0.1003066003 0.9944758415
-22.4 352.8 1915.5 0 0 0 0 0 0 0 0 0
205.5 -59.9 2117.8 0 0 0 0 0 0 0 0 0
-52.3 -903.1 2169.0 0 0 0 0 0 0 0 0 0
157.9 -906.1 2142.9 0 0 0 0 0 0 0 0 0
78.6 453.0 2086.1 78 0.9984940290 0.0228654854 -0.0498684272 -0.0205670670 0.9987239242 0.0461256653 0.0508594736 -0.0450305529 0.9976901412
74.0 251.7 2095.2 0.9984940290 0.0228654854 -0.0498684272 -0.0205670670 0.9987239242 0.0461256653 0.0508594736 -0.0450305529 0.9976901412
70.2 57.7 2100.6 0.9985459447 0.0195607282 -0.0502328016 -0.0181206800 0.9994161725 0.0289646592 0.0507700443 -0.0280122906 0.9983174205
-62.4 254.2 2088.3 0.6554257870 -0.6509216428 -0.3830378652 0.3724882007 0.7197836637 -0.5858020782 0.6570156217 0.2412726879 0.7142254114
-204.8 173.3 1945.5 -0.7106283903 -0.6509216428 -0.2670361400 -0.6895252466 0.7197836637 0.0804140717 0.1398649812 0.2412726879 -0.9603255987
210.4 249.2 2102.1 0.7196602225 0.4533729255 0.5258727074 -0.5679456592 -0.0513010770 0.8214657307 0.3994081616 -0.8898433447 0.2205718309
367.0 125.7 2189.0 -0.6320214868 0.4533729255 0.6284917593 -0.7224581838 -0.0513010770 -0.6895087957 -0.2803623080 -0.8898433447 0.3599663675
-21.6 -139.7 2102.7 0.9961515665 0.0307576545 -0.0820729509 -0.0293897521 0.9994090796 0.0178235415 0.0825726613 -0.0153428465 0.9964669347
-33.5 -527.7 2108.7 0.9959691167 0.0458557047 -0.0770892948 -0.0335055217 0.9874276519 0.1544796526 0.0832038745 -0.1512740403 0.9849839211
157.3 -142.0 2112.2 0.9940918088 0.0971251056 -0.0484584421 -0.0981514156 0.9949850440 -0.0192637276 0.0463444293 0.0239061769 0.9986394048
119.6 -528.3 2102.9 0.9929348230 -0.1134498045 -0.0347795151 0.1167709678 0.9863114953 0.1164223701 0.0210953392 -0.1196610555 0.9925906658
-22.0 350.6 1909.6 0 0 0 0 0 0 0 0 0
205.0 -59.4 2117.1 0 0 0 0 0 0 0 0 0
-50.6 -896.1 2165.1 0 0 0 0 0 0 0 0 0
161.9 -896.2 2147.5 0 0 0 0 0 0 0 0 0
79.2 453.5 2087.0 79 0.9985097051 0.0239685532 -0.0490291156 -0.0219106153 0.9988735914 0.0420891084 0.0499827005 -0.0409521237 0.9979101419
74.4 254.4 2095.2 0.9985097051 0.0239685532 -0.0490291156 -0.0219106153 0.9988735914 0.0420891084 0.0499827005 -0.0409521237 0.9979101419
69.9 60.4 2100.8 0.9985134006 0.0232240278 -0.0493117012 -0.0217548590 0.9993094206 0.0301241409 0.0499772467 -0.0290065892 0.9983290434
-62.0 257.3 2088.4 0.6325380206 -0.6727371812 -0.3838233054 0.4039941132 0.7093747854 -0.5775605440 0.6608210206 0.2102666348 0.7204883695
-200.4 169.0 1943.9 -0.6954834461 -0.6727371812 -0.2524429560 -0.7032582164 0.7093747854 0.0470666066 0.1474132091 0.2102666348 -0.9664663672
210.8 251.4 2102.0 0.7143080235 0.4581179023 0.5290482640 -0.5713351965 -0.0548316315 0.8188831210 0.4041535854 -0.8871986866 0.2225722075
369.6 124.4 2191.9 -0.6516438723 0.4581179023 0.6045562625 -0.6995453835 -0.0548316315 -0.7124813795 -0.2932516932 -0.8871986866 0.3562049568
-23.0 -134.7 2101.5 0.9964504838 0.0213864036 -0.0814191550 -0.0205544233 0.9997277260 0.0110430568 0.0816331655 -0.0093303351 0.9966187477
-31.3 -522.8 2105.1 0.9957804680 0.0500663072 -0.0769068748 -0.0362070017 0.9844219089 0.1720540971 0.0843229219 -0.1685435474 0.9820808172
155.9 -137.9 2110.6 0.9942077994 0.0959039330 -0.0485105477 -0.0972485319 0.9949163795 -0.0261563733 0.0457554385 0.0307224505 0.9984801412
118.7 -524.2 2098.7 0.9922405481 -0.1203299239 -0.0312950239 0.1236267462 0.9816288948 0.1453311890 0.0132324090 -0.1480724066 0.9888879657
-21.9 349.4 1906.0 0 0 0 0 0 0 0 0 0
202.6 -54.8 2116.7 0 0 0 0 0 0 0 0 0
-50.0 -890.1 2168.0 0 0 0 0 0 0 0 0 0
163.5 -890.3 2153.9 0 0 0 0 0 0 0 0 0
77.4 452.6 2088.0 80 0.9988824725 0.0213615634 -0.0421597250 -0.0197111480 0.9990376830 0.0391816162 0.0429561324 -0.0383068137 0.9983422756
73.2 254.6 2095.6 0.9988824725 0.0213615634 -0.0421597250 -0.0197111480 0.9990376830 0.0391816162 0.0429561324 -0.0383068137 0.9983422756
68.8 60.6 2101.2 0.9988454580 0.0226465724 -0.0423664190 -0.0213936884 0.9993270040 0.0297958571 0.0430126823 -0.0288550816 0.9986577630
-63.3 257.5 2089.7 0.6031671762 -0.6923174262 -0.3960883617 0.4128837585 0.6958895326 -0.5875923634 0.6824341416 0.1908779740 0.7055842876
-195.7 166.9 1939.9 -0.6841034889 -0.6923174262 -0.2295626253 -0.7171227336 0.6958895326 0.0383763388 0.1331816167 0.1908779740 -0.9725370407
209.6 251.7 2101.5 0.7173092365 0.4479348063 0.5336869955 -0.5734275579 -0.0555758886 0.8173690438 0.3957881629 -0.8923372626 0.2169930488
366.8 126.0 2188.2 -0.6463215351 0.4479348063 0.6177563667 -0.7097437382 -0.0555758886 -0.7022643089 -0.2802362740 -0.8923372626 0.3538388014
-24.1 -131.6 2102.0 0.9970418215 0.0186029430 -0.0745755807 -0.0182237234 0.9998173118 0.0057623419 0.0746691525 -0.0043862513 0.9971987009
-31.3 -519.8 2103.7 0.9960089922 0.0553440675 -0.0700225979 -0.0415345654 0.9818201661 0.1852133870 0.0790000558 -0.1815658361 0.9802004099
154.8 -135.5 2111.0 0.9947761297 0.0930418670 -0.0419953950 -0.0943863392 0.9950450063 -0.0312518254 0.0388795808 0.0350523628 0.9986289144
118.7 -521.8 2097.3 0.9926258326 -0.1189221144 -0.0234831795 0.1211493909 0.9798072577 0.1590614319 0.0040930682 -0.1607334614 0.9869893789
-21.4 349.6 1906.0 0 0 0 0 0 0 0 0 0
201.1 -55.9 2116.4 0 0 0 0 0 0 0 0 0
-52.0 -886.2 2171.5 0 0 0 0 0 0 0 0 0
163.1 -887.4 2157.3 0 0 0 0 0 0 0 0 0
75.1 452.7 2088.0 81 0.9993024468 0.0177597255 -0.0328513831 -0.0165214241 0.9991567135 0.0375889353 0.0334912501 -0.0370199643 0.9987531304
71.6 255.0 2095.3 0.9993024468 0.0177597255 -0.0328513831 -0.0165214241 0.9991567135 0.0375889353 0.0334912501 -0.0370199643 0.9987531304
67.6 61.0 2101.0 0.9992425442 0.0206340831 -0.0329943933 -0.0196409896 0.9993525743 0.0301448926 0.0335950442 -0.0294740163 0.9990008473
-64.9 257.7 2090.7 0.5767933130 -0.7065073848 -0.4100693166 0.4251104593 0.6882628798 -0.5878565311 0.6975604296 0.1647469550 0.6973291039
-191.3 164.5 1937.9 -0.6792556643 -0.7065073848 -0.1986431032 -0.7248168588 0.6882628798 0.0305732973 0.1151184216 0.1647469550 -0.9795948863
208.1 252.3 2099.9 0.7179370522 0.4437113702 0.5363643169 -0.5713390112 -0.0645729303 0.8181699514 0.3976659179 -0.8938403130 0.2071503103
366.7 126.1 2187.7 -0.6524181366 0.4437113702 0.6143865585 -0.7070627809 -0.0645729303 -0.7041963935 -0.2727872133 -0.8938403130 0.3558603227
-25.1 -131.5 2102.9 0.9976924658 0.0185338166 -0.0653167814 -0.0187056754 0.9998229742 -0.0020205374 0.0652677715 0.0032376694 0.9978625178
-32.3 -519.6 2101.7 0.9967870116 0.0529408753 -0.0601078384 -0.0396733508 0.9782336950 0.2036783695 0.0695824251 -0.2006392628 0.9771909714
153.8 -135.3 2110.7 0.9952916503 0.0912829414 -0.0325868838 -0.0923134834 0.9952266216 -0.0316580050 0.0295414981 0.0345171578 0.9989674091
118.4 -521.7 2097.3 0.9928427339 -0.1184651479 -0.0151433516 0.1193845421 0.9809977412 0.1529405415 -0.0032625312 -0.1536537856 0.9881193638
-19.4 347.9 1908.7 0 0 0 0 0 0 0 0 0
199.5 -55.2 2117.8 0 0 0 0 0 0 0 0 0
-52.1 -884.7 2176.6 0 0 0 0 0 0 0 0 0
162.6 -887.8 2154.6 0 0 0 0 0 0 0 0 0
74.2 448.8 2088.5 82 0.9994362593 -0.0086598592 -0.0324379466 0.0097431680 0.9993949533 0.0333885364 0.0321291797 -0.0336857587 0.9989159107
76.0 245.0 2095.3 0.9994362593 -0.0086598592 -0.0324379466 0.0097431680 0.9993949533 0.0333885364 0.0321291797 -0.0336857587 0.9989159107
69.3 51.1 2101.4 0.9988797903 0.0344360843 -0.0324548408 -0.0333954357 0.9989272952 0.0320789479 0.0335246958 -0.0309591703 0.9989582896
-60.5 249.6 2090.8 0.5682046413 -0.7168629766 -0.4040433466 0.4037358165 0.6707076430 -0.6222127080 0.7170361876 0.1904173791 0.6705224514
-184.2 161.7 1934.7 -0.6669726968 -0.7168629766 -0.2031131238 -0.7392610908 0.6707076430 0.0603678934 0.0929540247 0.1904173791 -0.9772925973
212.4 240.5 2099.9 0.7311776876 0.4582236111 0.5053813457 -0.5386875272 -0.0667208433 0.8398595452 0.4185629487 -0.8863292336 0.1980545521
366.3 127.2 2188.0 -0.6427280307 0.4582236111 0.6139476895 -0.7136553526 -0.0667208433 -0.6973122358 -0.2785618305 -0.8863292336 0.3698970973
-25.9 -131.2 2103.7 0.9977752566 0.0133340070 -0.0653200224 -0.0136290677 0.9998988509 -0.0040736189 0.0652590990 0.0049548070 0.9978560805
-31.1 -519.4 2101.8 0.9963805079 0.0587069876 -0.0614768416 -0.0460186005 0.9805942178 0.1905708909 0.0714716762 -0.1870520413 0.9797465801
153.1 -134.8 2109.8 0.9951471090 0.0927749723 -0.0327870473 -0.0937202796 0.9951884151 -0.0285750497 0.0299782418 0.0315091908 0.9990537763
117.1 -521.1 2097.5 0.9917638302 -0.1271920502 -0.0150568150 0.1279785931 0.9794252515 0.1560372710 -0.0050996756 -0.1566790640 0.9876363873
-16.2 347.9 1911.2 0 0 0 0 0 0 0 0 0
201.5 -55.8 2116.6 0 0 0 0 0 0 0 0 0
-53.0 -885.4 2171.6 0 0 0 0 0 0 0 0 0
164.6 -886.7 2156.0 0 0 0 0 0 0 0 0 0
72.3 452.3 2088.2 83 0.9996435046 -0.0029689209 -0.0265336614 0.0039261980 0.9993405342 0.0360988751 0.0264089871 -0.0361901820 0.9989959002
72.9 251.5 2095.5 0.9996435046 -0.0029689209 -0.0265336614 0.0039261980 0.9993405342 0.0360988751 0.0264089871 -0.0361901820 0.9989959002
68.7 57.5 2101.6 0.9994155765 0.0215063095 -0.0265703071 -0.0206484944 0.9992697835 0.0321478918 0.0272422880 -0.0315804668 0.9991298914
-63.6 254.3 2091.8 0.5305575728 -0.7356274128 -0.4211424887 0.4308470786 0.6619051099 -0.6133942008 0.7299859524 0.1439929157 0.6681216955
-179.3 160.4 1932.7 -0.6573542953 -0.7356274128 -0.1635163873 -0.7488710880 0.6619051099 0.0327680521 0.0841272473 0.1439929157 -0.9859962463
209.4 248.7 2099.2 0.7184373140 0.4466558695 0.5332413316 -0.5686826110 -0.0642926916 0.8200405836 0.4005594552 -0.8923928142 0.2078151554
367.5 123.5 2187.4 -0.6600471735 0.4466558695 0.6040167809 -0.6970339417 -0.0642926916 -0.7141499519 -0.2801454067 -0.8923928142 0.3537705243
-26.9 -139.8 2104.4 0.9981436133 0.0152544603 -0.0589625426 -0.0154245114 0.9998781085 -0.0024299689 0.0589182861 0.0033349264 0.9982572198
-32.8 -527.9 2103.1 0.9967893958 0.0585059673 -0.0546617359 -0.0464936718 0.9787455797 0.1997385323 0.0651858300 -0.1965558380 0.9783233404
152.1 -145.7 2110.4 0.9960405231 0.0849703327 -0.0261401869 -0.0857107341 0.9959082603 -0.0286420956 0.0235994998 0.0307691824 0.9992478490
119.1 -532.4 2098.4 0.9933648705 -0.1146671772 -0.0088100694 0.1145013496 0.9789447784 0.1689868122 -0.0107526695 -0.1688743234 0.9855789542
-14.3 348.4 1911.6 0 0 0 0 0 0 0 0 0
198.3 -55.2 2115.6 0 0 0 0 0 0 0 0 0
-54.6 -893.3 2176.4 0 0 0 0 0 0 0 0 0
161.9 -897.7 2161.5 0 0 0 0 0 0 0 0 0
73.3 450.5 2088.6 84 0.9993712306 -0.0172505286 -0.0309761968 0.0182613619 0.9992999434 0.0326517634 0.0303912517 -0.0331969000 0.9989866614
76.8 244.7 2095.4 0.9993712306 -0.0172505286 -0.0309761968 0.0182613619 0.9992999434 0.0326517634 0.0303912517 -0.0331969000 0.9989866614
68.5 50.9 2101.0 0.9986086488 0.0426527299 -0.0310087167 -0.0417211317 0.9986760020 0.0300940033 0.0322512537 -0.0287584141 0.9990659952
-59.6 250.4 2091.0 0.5122549534 -0.7460615039 -0.4254257381 0.4122638702 0.6481584311 -0.6402571201 0.7534144521 0.1525872201 0.6395965815
-171.3 160.5 1926.7 -0.6479339600 -0.7460615039 -0.1535375565 -0.7594782710 0.6481584311 0.0555284806 0.0580890030 0.1525872201 -0.9865813851
213.2 239.0 2099.8 0.7297520638 0.4579865932 0.5076516867 -0.5376352668 -0.0743129477 0.8398963809 0.4223863482 -0.8858475685 0.1919997185
370.5 123.1 2190.9 -0.6665795445 0.4579865932 0.5881496668 -0.6880084872 -0.0743129477 -0.7218877673 -0.2869077623 -0.8858475685 0.3646341264
-25.0 -134.6 2105.3 0.9978311062 0.0155193675 -0.0639705062 -0.0154360235 0.9998792410 0.0017968946 0.0639906675 -0.0008055471 0.9979501963
-31.0 -522.8 2105.6 0.9961361885 0.0638462007 -0.0603025034 -0.0523896404 0.9830946922 0.1754428744 0.0704844296 -0.1716057658 0.9826410413
154.1 -138.3 2110.2 0.9955838323 0.0886645764 -0.0308449510 -0.0893136486 0.9957958460 -0.0203407444 0.0289117694 0.0230057910 0.9993171692
119.6 -524.9 2101.2 0.9938917756 -0.1091819629 -0.0160749834 0.1103582829 0.9838057756 0.1412347853 0.0003943694 -0.1421461105 0.9898456335
-8.0 351.9 1912.1 0 0 0 0 0 0 0 0 0
199.6 -53.3 2117.3 0 0 0 0 0 0 0 0 0
-54.8 -889.6 2169.6 0 0 0 0 0 0 0 0 0
160.4 -891.9 2154.3 0 0 0 0 0 0 0 0 0
74.3 451.3 2094.8 85 0.9990691543 0.0006401352 -0.0431319773 0.0001921318 0.9998139143 0.0192889161 0.0431362987 -0.0192792471 0.9988831878
74.2 250.0 2098.7 0.9990691543 0.0006401352 -0.0431319773 0.0001921318 0.9998139143 0.0192889161 0.0431362987 -0.0192792471 0.9988831878
67.5 56.1 2101.6 0.9984716773 0.0344987027 -0.0431753993 -0.0337996185 0.9992871284 0.0168184843 0.0437248386 -0.0153334672 0.9989259243
-62.2 254.6 2092.7 0.4789202511 -0.7584292889 -0.4420638680 0.4326922894 0.6420940757 -0.6328448653 0.7638146281 0.1118045971 0.6356783509
-167.5 159.5 1924.7 -0.6395871639 -0.7584292889 -0.1253528744 -0.7662299871 0.6420940757 0.0246337969 0.0618053488 0.1118045971 -0.9918063283
210.6 245.4 2104.6 0.7293388844 0.4381728768 0.5254229903 -0.5615960956 -0.0551820099 0.8255693913 0.3907359838 -0.8971953392 0.2058297843
371.2 121.7 2190.7 -0.6693192720 0.4381728768 0.6000135541 -0.6862745881 -0.0551820099 -0.7252462506 -0.2846732736 -0.8971953392 0.3376412988
-29.2 -139.1 2103.7 0.9970766306 0.0088239303 -0.0758972019 -0.0099097556 0.9998536706 -0.0139418365 0.0757630691 0.0146532012 0.9970181584
-32.6 -527.3 2098.0 0.9960693121 0.0516682975 -0.0719463080 -0.0353370719 0.9766043425 0.2121208161 0.0812229961 -0.2087446600 0.9745914340
149.7 -146.6 2109.5 0.9962600470 0.0758628994 -0.0413617082 -0.0766566023 0.9968959689 -0.0179513413 0.0398714766 0.0210548528 0.9989829659
120.2 -533.6 2101.3 0.9933393002 -0.1118095592 -0.0278504640 0.1147598922 0.9817059636 0.1519327760 0.0103534292 -0.1541169137 0.9879983664
-5.4 353.7 1909.0 0 0 0 0 0 0 0 0 0
199.6 -54.3 2117.7 0 0 0 0 0 0 0 0 0
-51.9 -891.5 2175.8 0 0 0 0 0 0 0 0 0
162.0 -900.0 2158.8 0 0 0 0 0 0 0 0 0
73.0 451.8 2092.4 86 0.9990960956 -0.0069570779 -0.0419349521 0.0084139416 0.9993635416 0.0346652716 0.0416670963 -0.0349867791 0.9985187650
74.5 247.7 2099.5 0.9990960956 -0.0069570779 -0.0419349521 0.0084139416 0.9993635416 0.0346652716 0.0416670963 -0.0349867791 0.9985187650
67.8 53.8 2101.7 0.9985102415 0.0345421508 -0.0422390550 -0.0340365507 0.9993407726 0.0126313036 0.0426475219 -0.0111748148 0.9990276694
-61.9 252.4 2093.7 0.4638761580 -0.7659277320 -0.4451669753 0.4263791740 0.6334992051 -0.6456621289 0.7765434384 0.1096973270 0.6204407811
-164.8 157.8 1921.5 -0.6312744617 -0.7659277320 -0.1218495443 -0.7733554840 0.6334992051 0.0244969707 0.0584286824 0.1096973270 -0.9922462106
210.9 243.1 2105.4 0.7326344848 0.4372439981 0.5215979218 -0.5536999106 -0.0627739877 0.8303468227 0.3958069384 -0.8971494436 0.1961115748
369.8 123.0 2191.2 -0.6660206318 0.4372439981 0.6043460965 -0.6929489970 -0.0627739877 -0.7182486653 -0.2761127055 -0.8971494436 0.3447965384
-28.6 -134.8 2100.7 0.9971838593 0.0039528795 -0.0748914853 -0.0044723791 0.9999670982 -0.0067702602 0.0748622641 0.0070861368 0.9971687198
-30.1 -523.0 2097.9 0.9949450493 0.0696203113 -0.0723693892 -0.0535205156 0.9774082303 0.2044717520 0.0849698260 -0.1995649189 0.9761936069
150.3 -140.9 2108.5 0.9963008761 0.0764212534 -0.0392975621 -0.0767666474 0.9970219731 -0.0073544593 0.0386184976 0.0103439968 0.9992004633
120.6 -527.9 2104.5 0.9934071302 -0.1108373255 -0.0292815268 0.1135644540 0.9863501787 0.1192329526 0.0156663768 -0.1217721999 0.9924344420
-4.5 354.2 1906.6 0 0 0 0 0 0 0 0 0
199.0 -54.7 2120.4 0 0 0 0 0 0 0 0 0
-56.1 -887.6 2172.4 0 0 0 0 0 0 0 0 0
161.9 -895.9 2150.0 0 0 0 0 0 0 0 0 0
72.5 452.1 2090.7 87 0.9992434978 -0.0104897143 -0.0374481529 0.0119331758 0.9991860986 0.0385325290 0.0370134786 -0.0389502570 0.9985554218
74.7 246.0 2098.7 0.9992434978 -0.0104897143 -0.0374481529 0.0119331758 0.9991860986 0.0385325290 0.0370134786 -0.0389502570 0.9985554218
67.7 52.1 2102.9 0.9986345768 0.0362136327 -0.0376507267 -0.0353715606 0.9991142154 0.0227961577 0.0384429060 -0.0214332659 0.9990308881
-61.7 250.8 2093.5 0.4552697241 -0.7696292400 -0.4476608932 0.4210985899 0.6291279793 -0.6533558965 0.7844778299 0.1089437976 0.6105127335
-162.3 157.8 1920.2 -0.6277392507 -0.7696292400 -0.1166798845 -0.7767541409 0.6291279793 0.0291716922 0.0509551950 0.1089437976 -0.9927410483
211.1 241.1 2104.0 0.7331902385 0.4706002176 0.4908844233 -0.5247285366 -0.0676331818 0.8485786319 0.4325413704 -0.8797506690 0.1973493695
371.9 126.1 2198.8 -0.6637932658 0.4706002176 0.5813036561 -0.6840145588 -0.0676331818 -0.7263262272 -0.3024938703 -0.8797506690 0.3667918444
-28.4 -137.1 2100.0 0.9975171089 0.0027212335 -0.0703715906 -0.0029353888 0.9999913573 -0.0029399716 0.0703629777 0.0031392400 0.9975165129
-29.4 -525.4 2098.8 0.9952226281 0.0698177889 -0.0682448149 -0.0543875545 0.9769667387 0.2063443065 0.0810794160 -0.2016468644 0.9760966301
150.5 -143.2 2107.7 0.9967067242 0.0728809536 -0.0355543569 -0.0732052103 0.9972856045 -0.0079034474 0.0348818377 0.0104801832 0.9993364811
122.2 -530.4 2103.6 0.9942092299 -0.1045039296 -0.0250379797 0.1069018245 0.9855594635 0.1313187033 0.0109530976 -0.1332348734 0.9910239577
-2.8 355.1 1907.3 0 0 0 0 0 0 0 0 0
201.8 -49.3 2121.3 0 0 0 0 0 0 0 0 0
-55.5 -889.9 2174.1 0 0 0 0 0 0 0 0 0
161.2 -898.2 2153.3 0 0 0 0 0 0 0 0 0
72.0 452.6 2095.3 88 0.9993430376 -0.0155205484 -0.0327512920 0.0159530547 0.9997884035 0.0129860314 0.0325428098 -0.0134999827 0.9993791580
75.3 240.4 2098.2 0.9993430376 -0.0155205484 -0.0327512920 0.0159530547 0.9997884035 0.0129860314 0.0325428098 -0.0134999827 0.9993791580
69.2 46.4 2102.5 0.9989716411 0.0314400904 -0.0326683968 -0.0306839533 0.9992552996 0.0233950485 0.0333796106 -0.0223685950 0.9991924167
-61.2 244.6 2093.6 0.4523448646 -0.7719202042 -0.4466803372 0.3971574306 0.6227993965 -0.6740822792 0.7985299826 0.1275152266 0.5882939696
-159.6 158.2 1920.0 -0.6232712269 -0.7719202042 -0.1251886636 -0.7809239626 0.6227993965 0.0477358848 0.0411191359 0.1275152266 -0.9909839034
211.7 236.2 2102.7 0.7364168763 0.4899826646 0.4664838016 -0.4989722967 -0.0722555816 0.8636004925 0.4568553269 -0.8687324524 0.1912775487
372.9 127.0 2202.7 -0.6649392843 0.4899826646 0.5637133718 -0.6754127145 -0.0722555816 -0.7338915467 -0.3188627064 -0.8687324524 0.3789860904
-28.8 -138.7 2103.6 0.9978199005 0.0094553763 -0.0653145388 -0.0103073353 0.9998660088 -0.0127193099 0.0651855171 0.0133647993 0.9977836609
-32.5 -526.9 2098.4 0.9963530302 0.0593471155 -0.0613070987 -0.0444428138 0.9742911458 0.2208656967 0.0728387013 -0.2173355371 0.9733754396
150.1 -145.0 2110.5 0.9967980981 0.0738819018 -0.0305789821 -0.0742006898 0.9971988201 -0.0094236750 0.0297970846 0.0116624832 0.9994879365
121.4 -532.2 2105.9 0.9934637547 -0.1120458618 -0.0218070280 0.1137408018 0.9878123403 0.1062534079 0.0096359970 -0.1080392525 0.9940999150
-1.4 356.4 1909.6 0 0 0 0 0 0 0 0 0
202.5 -46.2 2121.0 0 0 0 0 0 0 0 0 0
-54.6 -890.4 2179.5 0 0 0 0 0 0 0 0 0
163.2 -900.7 2146.3 0 0 0 0 0 0 0 0 0
73.6 450.9 2091.6 89 0.9995781183 -0.0133740744 -0.0257810354 0.0138553353 0.9997313619 0.0185798928 0.0255256221 -0.0189292599 0.9994949102
76.5 234.7 2095.7 0.9995781183 -0.0133740744 -0.0257810354 0.0138553353 0.9997313619 0.0185798928 0.0255256221 -0.0189292599 0.9994949102
69.3 40.8 2101.3 0.9989734292 0.0373376608 -0.0256519280 -0.0365813002 0.9988996387 0.0293478221 0.0267194808 -0.0283793136 0.9992400408
-60.0 239.7 2092.1 0.4568150938 -0.7684225440 -0.4481592774 0.3769954741 0.6235520244 -0.6848775744 0.8057259917 0.1439083666 0.5745398402
-157.5 159.2 1920.1 -0.6269548535 -0.7684225440 -0.1282746494 -0.7786209583 0.6235520244 0.0702299923 0.0260196105 0.1439083666 -0.9892488718
213.0 229.7 2099.4 0.7381601930 0.5019890666 0.4506956041 -0.4760553837 -0.0857668519 0.8752229810 0.4780071080 -0.8606108427 0.1756649166
370.9 127.9 2201.6 -0.6538103819 0.5019890666 0.5661615729 -0.6890229583 -0.0857668519 -0.7196467519 -0.3126968741 -0.8606108427 0.4019572139
-26.4 -144.8 2103.9 0.9981322289 0.0177275743 -0.0584614165 -0.0179189686 0.9998356700 -0.0027511984 0.0584030375 0.0037936282 0.9982858896
-33.3 -532.9 2102.4 0.9966590405 0.0616832301 -0.0535345934 -0.0495548397 0.9777210951 0.2039749473 0.0649237335 -0.2006405741 0.9775112867
152.6 -150.3 2109.9 0.9962594509 0.0828662440 -0.0245014317 -0.0831914172 0.9964544177 -0.0125626605 0.0233735386 0.0145539772 0.9996208549
120.4 -537.1 2104.2 0.9925284386 -0.1212938428 -0.0132323559 0.1220033839 0.9851966500 0.1204271913 -0.0015706044 -0.1211418062 0.9926339388
1.6 356.8 1913.5 0 0 0 0 0 0 0 0 0
203.3 -48.8 2121.5 0 0 0 0 0 0 0 0 0
-56.3 -897.8 2177.3 0 0 0 0 0 0 0 0 0
165.7 -904.8 2149.4 0 0 0 0 0 0 0 0 0
71.9 450.3 2089.8 90 0.9993926287 -0.0199059006 -0.0286025833 0.0205025505 0.9995750785 0.0207203627 0.0281779729 -0.0212942045 0.9993760586
76.3 232.2 2094.5 0.9993926287 -0.0199059006 -0.0286025833 0.0205025505 0.9995750785 0.0207203627 0.0281779729 -0.0212942045 0.9993760586
69.7 38.3 2101.6 0.9990309477 0.0335503183 -0.0284876619 -0.0324706547 0.9987670183 0.0375517346 0.0297124088 -0.0365903340 0.9988885522
-60.2 236.6 2090.4 0.4502838552 -0.7707276940 -0.4508029521 0.3702712655 0.6206065416 -0.6911922097 0.8124922514 0.1443133205 0.5648274422
-155.3 158.4 1918.9 -0.6247672439 -0.7707276940 -0.1250789762 -0.7805539370 0.6206065416 0.0747197121 0.0200362857 0.1443133205 -0.9893291593
212.8 227.7 2098.5 0.7405052781 0.5003030896 0.4487190247 -0.4704984128 -0.0908257961 0.8777140379 0.4798783064 -0.8610734344 0.1681348383
371.7 126.7 2201.5 -0.6614797115 0.5003030896 0.5586961508 -0.6817907691 -0.0908257961 -0.7258870602 -0.3124195337 -0.8610734344 0.4011814594
-27.5 -149.8 2104.4 0.9980938435 0.0089099901 -0.0610683858 -0.0080540767 0.9998660684 0.0142475106 0.0611871518 -0.0137285031 0.9980319142
-30.9 -537.9 2109.7 0.9953243136 0.0763819739 -0.0591211356 -0.0661048070 0.9849610329 0.1596305966 0.0704249144 -0.1549760252 0.9854048491
151.5 -156.4 2109.2 0.9967380166 0.0760272220 -0.0270769615 -0.0761377737 0.9970925450 -0.0030741892 0.0267645158 0.0051257410 0.9996286035
122.0 -543.5 2107.2 0.9923099279 -0.1224450842 -0.0181179624 0.1237089559 0.9859699607 0.1120682731 0.0041415580 -0.1134478152 0.9935353398
3.5 356.8 1913.8 0 0 0 0 0 0 0 0 0
202.1 -48.1 2121.4 0 0 0 0 0 0 0 0 0
-59.4 -905.1 2167.5 0 0 0 0 0 0 0 0 0
167.7 -911.4 2149.5 0 0 0 0 0 0 0 0 0
73.6 450.5 2090.4 91 0.9952269197 -0.0778579712 -0.0588346459 0.0784579888 0.9968856573 0.0079546040 0.0580320843 -0.0125326840 0.9982360601
91.3 223.6 2093.2 0.9952269197 -0.0778579712 -0.0588346459 0.0784579888 0.9968856573 0.0079546040 0.0580320843 -0.0125326840 0.9982360601
73.8 30.7 2100.7 0.9942036867 0.0901351646 -0.0586066358 -0.0875706375 0.9951436520 0.0449502505 0.0623736158 -0.0395574830 0.9972686172
-44.3 235.5 2084.7 0.5055575967 -0.7630080581 -0.4027781487 0.3607445955 0.6109999418 -0.7046576738 0.7837569118 0.2109449953 0.5841466784
-153.3 157.7 1915.6 -0.6218719482 -0.7630080581 -0.1763348877 -0.7829049230 0.6109999418 0.1172131002 0.0183060654 0.2109449953 -0.9773265123
226.9 211.7 2101.8 0.7406701446 0.5219297409 0.4230805337 -0.4317381680 -0.1127533317 0.8949239254 0.5147911310 -0.8455034494 0.1418239623
369.2 128.7 2200.7 -0.6469335556 0.5219297409 0.5559374094 -0.6983589530 -0.1127533317 -0.7068107724 -0.3062217534 -0.8455034494 0.4374382198
-26.3 -152.7 2106.0 0.9954711795 0.0227596182 -0.0922994390 -0.0204893444 0.9994655848 0.0254704133 0.0928298160 -0.0234639067 0.9954054952
-35.1 -540.6 2115.1 0.9947096109 0.0513482876 -0.0889725536 -0.0382499807 0.9889654517 0.1431234330 0.0953399241 -0.1389630586 0.9856975079
152.7 -158.5 2111.3 0.9952096939 0.0773271546 -0.0598182641 -0.0774014071 0.9969994426 0.0010782534 0.0597221553 0.0035569298 0.9982087016
122.7 -545.5 2109.9 0.9921474457 -0.1127201617 -0.0541998371 0.1164563671 0.9906127453 0.0715843290 0.0456220508 -0.0773341209 0.9959608912
4.4 356.3 1911.0 0 0 0 0 0 0 0 0 0
203.4 -50.3 2122.2 0 0 0 0 0 0 0 0 0
-54.2 -909.4 2166.9 0 0 0 0 0 0 0 0 0
164.8 -915.0 2138.8 0 0 0 0 0 0 0 0 0
74.0 451.5 2089.7 92 0.9910864830 -0.1119003147 -0.0722901225 0.1121513173 0.9936909676 -0.0005903545 0.0719000995 -0.0075223399 0.9973834753
100.0 221.0 2091.4 0.9910864830 -0.1119003147 -0.0722901225 0.1121513173 0.9936909676 -0.0005903545 0.0719000995 -0.0075223399 0.9973834753
77.4 28.7 2101.6 0.9905892015 0.1163066104 -0.0721516460 -0.1119456962 0.9917902350 0.0618082844 0.0787480101 -0.0531495512 0.9954767227
-35.2 236.2 2080.6 0.5368884802 -0.7581030726 -0.3701762557 0.3730745912 0.6068879366 -0.7017851472 0.7566809654 0.2386769950 0.6086601615
-152.1 155.0 1915.8 -0.6163569093 -0.7581030726 -0.2130347937 -0.7863583565 0.6068879366 0.1154449508 0.0417690761 0.2386769950 -0.9702003002
235.1 205.7 2102.2 0.7321539521 0.5393118262 0.4160448015 -0.4166184068 -0.1286514997 0.8999321461 0.5388688445 -0.8322208524 0.1304945350
368.5 129.9 2200.4 -0.6411243081 0.5393118262 0.5459875464 -0.7034768462 -0.1286514997 -0.6989771724 -0.3067245781 -0.8322208524 0.4618749917
-32.5 -154.3 2102.6 0.9942757487 0.0074544419 -0.1065842733 -0.0039328323 0.9994405508 0.0332127064 0.1067722291 -0.0326034091 0.9937488437
-35.4 -542.2 2115.3 0.9929813147 0.0549227148 -0.1047456414 -0.0375402905 0.9862026572 0.1612298340 0.1121556088 -0.1561660320 0.9813426137
145.2 -169.9 2113.8 0.9956673384 0.0534894243 -0.0760616511 -0.0537832454 0.9985509515 -0.0018183248 0.0758541748 0.0059012887 0.9971014857
124.5 -557.5 2111.5 0.9912977815 -0.1104462221 -0.0716261864 0.1158707365 0.9903059006 0.0766041875 0.0624711923 -0.0842369422 0.9944855571
4.8 355.2 1905.2 0 0 0 0 0 0 0 0 0
204.1 -50.5 2121.7 0 0 0 0 0 0 0 0 0
-55.9 -910.1 2173.6 0 0 0 0 0 0 0 0 0
165.7 -927.0 2143.0 0 0 0 0 0 0 0 0 0
73.7 452.0 2088.8 93 0.9963913560 -0.0544234999 -0.0651329532 0.0559238344 0.9982048869 0.0214364771 0.0638493896 -0.0250016041 0.9976463318
85.4 237.8 2094.2 0.9963913560 -0.0544234999 -0.0651329532 0.0559238344 0.9982048869 0.0214364771 0.0638493896 -0.0250016041 0.9976463318
72.2 44.7 2102.6 0.9955866337 0.0677371770 -0.0649536550 -0.0646640807 0.9967373610 0.0483033396 0.0680136681 -0.0438899919 0.9967185259
-50.4 246.6 2084.9 0.4594154060 -0.7829324603 -0.4194689989 0.4378639460 0.6105167270 -0.6599579453 0.7727953196 0.1195245087 0.6232987046
-150.2 151.5 1916.9 -0.6073907614 -0.7829324603 -0.1345112175 -0.7917127609 0.6105167270 0.0214528516 0.0653252080 0.1195245087 -0.9906798005
221.1 229.0 2103.5 0.7273454666 0.5110959411 0.4579842389 -0.4862223566 -0.0871747285 0.8694759011 0.4843102694 -0.8550915122 0.1851001382
369.7 129.7 2202.5 -0.6434158683 0.5110959411 0.5699096322 -0.6984371543 -0.0871747285 -0.7103422284 -0.3133713305 -0.8550915122 0.4130579829
-33.8 -153.6 2104.7 0.9951983690 0.0017513765 -0.0978627354 -0.0005711857 0.9999268055 0.0120863719 0.0978767350 -0.0119724395 0.9951265454
-34.5 -541.7 2109.4 0.9940579534 0.0508155674 -0.0962628648 -0.0333312489 0.9839643240 0.1752234250 0.1036233008 -0.1709736735 0.9798113108
143.5 -173.6 2118.9 0.9968662858 0.0440721028 -0.0656904057 -0.0449678004 0.9989137053 -0.0122187966 0.0650805384 0.0151344594 0.9977652431
126.3 -561.3 2113.0 0.9930068851 -0.1007650197 -0.0615121089 0.1053570658 0.9914770126 0.0766368061 0.0532655343 -0.0825816095 0.9951598048
4.5 353.1 1900.3 0 0 0 0 0 0 0 0 0
204.8 -49.4 2122.1 0 0 0 0 0 0 0 0 0
-53.4 -908.8 2173.2 0 0 0 0 0 0 0 0 0
164.0 -931.4 2143.8 0 0 0 0 0 0 0 0 0
72.7 450.6 2091.9 94 0.9979518652 -0.0248743463 -0.0589354075 0.0261313990 0.9994450808 0.0206553955 0.0583889149 -0.0221531540 0.9980480671
77.8 245.0 2096.5 0.9979518652 -0.0248743463 -0.0589354075 0.0261313990 0.9994450808 0.0206553955 0.0583889149 -0.0221531540 0.9980480671
70.0 51.4 2102.1 0.9974671602 0.0399494395 -0.0588501841 -0.0381161571 0.9987623692 0.0319520049 0.0600538105 -0.0296279322 0.9977553487
-58.3 250.2 2088.2 0.4194707572 -0.7913147211 -0.4448205531 0.4629726410 0.6079852581 -0.6449885964 0.7808333039 0.0646140948 0.6213890910
-149.4 149.6 1918.6 -0.6027238369 -0.7913147211 -0.1026888490 -0.7934550643 0.6079852581 -0.0279811304 0.0845751837 0.0646140948 -0.9943199158
213.9 239.8 2104.7 0.7244755030 0.4994619787 0.4750505388 -0.5142730474 -0.0672395974 0.8549866080 0.4589754939 -0.8637225032 0.2081463933
369.1 129.6 2203.1 -0.6424793601 0.4994619787 0.5811695457 -0.6975612044 -0.0672395974 -0.7133633494 -0.3172202408 -0.8637225032 0.3916053474
-29.9 -142.7 2104.9 0.9957883954 0.0116189308 -0.0909418315 -0.0098138675 0.9997463822 0.0202706233 0.0911542848 -0.0192927606 0.9956498742
-34.4 -530.7 2112.4 0.9947770834 0.0498670600 -0.0890611559 -0.0377938487 0.9904700518 0.1324413270 0.0948168710 -0.1283836216 0.9871815443
148.1 -154.2 2117.1 0.9967359900 0.0571799576 -0.0569891557 -0.0574769154 0.9983404279 -0.0035840441 0.0566896386 0.0068479069 0.9983683825
125.9 -541.7 2114.5 0.9944518209 -0.0905477777 -0.0535410531 0.0934729353 0.9941061735 0.0549153164 0.0482530333 -0.0596152768 0.9970545173
4.0 351.6 1897.1 0 0 0 0 0 0 0 0 0
204.4 -49.3 2121.7 0 0 0 0 0 0 0 0 0
-53.0 -900.0 2160.2 0 0 0 0 0 0 0 0 0
159.7 -912.7 2136.7 0 0 0 0 0 0 0 0 0
72.0 450.3 2089.9 95 0.9986159205 -0.0087094475 -0.0518684983 0.0104644932 0.9993785024 0.0336615816 0.0515430905 -0.0341577679 0.9980864525
73.7 248.8 2096.8 0.9986159205 -0.0087094475 -0.0518684983 0.0104644932 0.9993785024 0.0336615816 0.0515430905 -0.0341577679 0.9980864525
68.9 55.0 2103.0 0.9983414412 0.0249720644 -0.0518721268 -0.0232671332 0.9991773367 0.0332158618 0.0526589230 -0.0319538563 0.9981011748
-62.6 252.0 2089.6 0.3935792744 -0.7985946536 -0.4553481340 0.4785942435 0.6009056568 -0.6402030587 0.7848839760 0.0340436660 0.6187068224
-147.9 148.3 1919.5 -0.5962863564 -0.7985946536 -0.0817873105 -0.7976065874 0.6009056568 -0.0523078069 0.0909191892 0.0340436660 -0.9952762127
210.0 245.7 2104.0 0.7191435099 0.4935384393 0.4891343415 -0.5256188512 -0.0740409717 0.8474920392 0.4544858634 -0.8665666580 0.2061670125
368.5 129.9 2204.2 -0.6409891844 0.4935384393 0.5878373384 -0.7044015527 -0.0740409717 -0.7059294581 -0.3048792779 -0.8665666580 0.3951086998
-27.0 -138.8 2102.4 0.9963868260 0.0136676328 -0.0838240907 -0.0122916512 0.9997814894 0.0169092938 0.0840368792 -0.0158178620 0.9963371158
