-30.9 451.5 1855.1 95 0.9888011813 0.1482774764 -0.0169135332 -0.1492388099 0.9822514653 -0.1136213914 -0.0002341516 0.1148731187 0.9933801293
-71.9 179.9 1823.3 0.9888011813 0.1482774764 -0.0169135332 -0.1492388099 0.9822514653 -0.1136213914 -0.0002341516 0.1148731187 0.9933801293
-48.6 -10.3 1863.8 0.9928107858 -0.1190784946 -0.0121259503 0.1190043315 0.9711474180 0.2066656500 -0.0128333494 -0.2066229284 0.9783364534
-213.4 163.0 1825.1 0.0136220269 -0.8192623258 -0.5732570887 0.9998868704 0.0148195876 0.0025806155 0.0063812328 -0.5732274055 0.8193714619
-217.0 -107.0 1823.4 -0.2255022228 -0.8116018176 -0.5389353037 0.9322399497 -0.0190792624 -0.3613373041 0.2829795182 -0.5838993788 0.7609100342
69.6 196.9 1821.5 0.7815454602 0.4779351950 0.4009546936 0.0827053785 0.5576609969 -0.8259382844 -0.6183417439 0.6786693931 0.3963096142
228.2 213.7 1696.0 -0.7679116130 0.4779351950 0.4264852703 0.6403899789 0.5576609969 0.5281239748 0.0145748286 0.6786693931 -0.7342992425
-116.1 -210.1 1912.9 0.9863027334 0.1322015822 -0.0986392945 -0.1549643725 0.9475407004 -0.2795580626 0.0565067232 0.2910144627 0.9550484419
-167.9 -581.2 1798.9 0.9983628988 0.0000000000 -0.0571976677 -0.0000000000 1.0000000000 -0.0000000000 0.0571976677 0.0000000000 0.9983628988
63.4 -189.1 1909.2 0.9336719513 0.0587127954 -0.3532838523 -0.1286184788 0.9756294489 -0.1777764261 0.3342363834 0.2114236951 0.9184694290
40.4 -571.1 1826.4 0.9414918423 0.0000000000 -0.3370357454 0.0000000000 1.0000000000 0.0000000000 0.3370357454 0.0000000000 0.9414918423
-153.5 -369.6 1743.7 0 0 0 0 0 0 0 0 0
25.8 382.4 1699.9 0 0 0 0 0 0 0 0 0
-167.9 -957.9 1798.9 0 0 0 0 0 0 0 0 0
40.4 -947.8 1826.4 0 0 0 0 0 0 0 0 0
-31.3 451.6 1854.7 96 0.9886356592 0.1497143507 -0.0136057986 -0.1502905041 0.9822025299 -0.1126541272 -0.0035022884 0.1134187058 0.9935411215
-72.2 183.0 1823.6 0.9886356592 0.1497143507 -0.0136057986 -0.1502905041 0.9822025299 -0.1126541272 -0.0035022884 0.1134187058 0.9935411215
-50.4 -7.7 1862.8 0.9937418699 -0.1114495248 -0.0074864500 0.1106871292 0.9735022783 0.2001041472 -0.0150134359 -0.1996805370 0.9797460437
-213.8 167.2 1825.8 0.0146955829 -0.8209804296 -0.5707672238 0.9998730421 0.0155795403 0.0033344959 0.0061547346 -0.5707437396 0.8211051822
-217.8 -106.4 1824.1 -0.2190779448 -0.8143768311 -0.5373967290 0.9333243370 -0.0143433660 -0.3587477505 0.2844477892 -0.5801591873 0.7632200122
69.4 198.8 1821.5 0.7913022637 0.4826339781 0.3753733635 0.0456072837 0.5656298399 -0.8233971000 -0.6097218394 0.6686757803 0.4255725741
230.6 208.0 1697.4 -0.7634413838 0.4826339781 0.4292105436 0.6458599567 0.5656298399 0.5127648115 0.0047034197 0.6686757803 -0.7435392141
-115.0 -211.2 1905.4 0.9861648083 0.1365969628 -0.0939158723 -0.1565107256 0.9539228082 -0.2559994459 0.0546197407 0.2671564817 0.9621040225
-168.5 -584.7 1800.8 0.9984697104 0.0000000000 -0.0553012602 -0.0000000000 1.0000000000 -0.0000000000 0.0553012602 0.0000000000 0.9984697104
64.5 -189.7 1903.1 0.9347715974 0.0595005713 -0.3502310216 -0.1196891069 0.9809835553 -0.1527931243 0.3344796002 0.1847455055 0.9241171479
41.2 -573.7 1830.7 0.9415399432 0.0000000000 -0.3369014561 0.0000000000 1.0000000000 0.0000000000 0.3369014561 0.0000000000 0.9415399432
-156.1 -369.3 1744.0 0 0 0 0 0 0 0 0 0
27.5 379.8 1698.6 0 0 0 0 0 0 0 0 0
-168.5 -961.4 1800.8 0 0 0 0 0 0 0 0 0
41.2 -950.4 1830.7 0 0 0 0 0 0 0 0 0
-31.0 450.1 1854.5 97 0.9895614982 0.1431208104 -0.0168653149 -0.1440977156 0.9842650890 -0.1022649780 0.0019636925 0.1036277413 0.9946142435
-69.9 182.7 1826.3 0.9895614982 0.1431208104 -0.0168653149 -0.1440977156 0.9842650890 -0.1022649780 0.0019636925 0.1036277413 0.9946142435
-48.6 -7.9 1865.8 0.9939946532 -0.1088186651 -0.0115398848 0.1089032963 0.9733822346 0.2016609460 -0.0107117556 -0.2017066330 0.9793874025
-211.6 167.2 1827.8 0.0279315934 -0.8181428909 -0.5743361712 0.9995890260 0.0265695229 0.0107645113 0.0064529297 -0.5744008422 0.8185487390
-219.1 -102.1 1826.1 -0.2158669382 -0.8111786246 -0.5434985757 0.9321990609 -0.0055934661 -0.3619028032 0.2905277610 -0.5847717524 0.7573873997
71.7 198.2 1824.8 0.7865931988 0.4864412844 0.3803235888 0.0214825049 0.5940049291 -0.8041744828 -0.6170977950 0.6407284737 0.4567902684
233.9 202.7 1697.6 -0.7565973401 0.4864412844 0.4369614720 0.6531409025 0.5940049291 0.4696435630 -0.0311032496 0.6407284737 -0.7671372890
-118.4 -208.3 1903.2 0.9869167209 0.1282784790 -0.0976732224 -0.1488958299 0.9575281739 -0.2469205856 0.0618502721 0.2582331896 0.9641007185
-168.6 -583.3 1802.1 0.9980419874 0.0000000000 -0.0625474975 -0.0000000000 1.0000000000 -0.0000000000 0.0625474975 0.0000000000 0.9980419874
61.3 -188.3 1900.5 0.9337907434 0.0479781628 -0.3545884788 -0.1072593182 0.9829322100 -0.1494647264 0.3413653970 0.1776016951 0.9229990840
42.5 -573.2 1831.0 0.9392089248 0.0000000000 -0.3433461487 0.0000000000 1.0000000000 0.0000000000 0.3433461487 0.0000000000 0.9392089248
-158.3 -364.8 1744.3 0 0 0 0 0 0 0 0 0
32.6 376.4 1689.3 0 0 0 0 0 0 0 0 0
-168.6 -960.0 1802.1 0 0 0 0 0 0 0 0 0
42.5 -949.9 1831.0 0 0 0 0 0 0 0 0 0
-30.8 448.5 1854.4 98 0.9889043570 0.1466142535 -0.0239253677 -0.1483266354 0.9834023714 -0.1044938341 0.0082079777 0.1068831757 0.9942377210
-70.4 182.3 1825.5 0.9889043570 0.1466142535 -0.0239253677 -0.1483266354 0.9834023714 -0.1044938341 0.0082079777 0.1068831757 0.9942377210
-49.1 -8.6 1863.5 0.9939021468 -0.1087599322 -0.0181612596 0.1102145910 0.9748520255 0.1936911196 -0.0033612922 -0.1945116520 0.9808944464
-212.1 166.6 1825.9 0.0237161666 -0.8147381544 -0.5793437958 0.9997156858 0.0178959649 0.0157573074 -0.0024701636 -0.5795528293 0.8149309158
-218.4 -100.9 1826.6 -0.2114813030 -0.8114877343 -0.5447598696 0.9306246638 0.0031440950 -0.3659614623 0.2986860275 -0.5843610168 0.7545256019
71.2 198.0 1825.0 0.7828949690 0.4800378084 0.3957766294 0.0219289623 0.6144529581 -0.7886486650 -0.6217672825 0.6261080503 0.4705254138
235.2 202.6 1694.7 -0.7590972781 0.4800378084 0.4396987855 0.6486828327 0.6144529581 0.4490636289 -0.0546066947 0.6261080503 -0.7778218389
-117.2 -208.4 1906.3 0.9861112237 0.1289786547 -0.1046381816 -0.1524793208 0.9527999759 -0.2625304163 0.0658384338 0.2748393714 0.9592333436
-167.7 -581.5 1798.7 0.9977785945 0.0000000000 -0.0666174144 -0.0000000000 1.0000000000 -0.0000000000 0.0666174144 0.0000000000 0.9977785945
62.5 -188.7 1904.4 0.9312093854 0.0545741096 -0.3603757918 -0.1183086932 0.9804492593 -0.1572331488 0.3447493315 0.1890525669 0.9194601774
41.2 -572.7 1830.3 0.9377956986 0.0000000000 -0.3471876681 0.0000000000 1.0000000000 0.0000000000 0.3471876681 0.0000000000 0.9377956986
-158.9 -363.0 1742.4 0 0 0 0 0 0 0 0 0
36.1 372.8 1680.4 0 0 0 0 0 0 0 0 0
-167.7 -958.2 1798.7 0 0 0 0 0 0 0 0 0
41.2 -949.3 1830.3 0 0 0 0 0 0 0 0 0
-30.3 449.3 1853.8 99 0.9893950224 0.1428051442 -0.0265371166 -0.1447648853 0.9844118953 -0.0998818651 0.0118598090 0.1026642621 0.9946453571
-69.1 182.3 1826.0 0.9893950224 0.1428051442 -0.0265371166 -0.1447648853 0.9844118953 -0.0998818651 0.0118598090 0.1026642621 0.9946453571
-49.9 -8.4 1866.4 0.9950069189 -0.0978777558 -0.0195239224 0.0997995883 0.9735024571 0.2057498693 -0.0011317502 -0.2066710293 0.9784098268
-210.9 168.1 1826.1 0.0247652736 -0.8124394417 -0.5825194120 0.9996911287 0.0213386770 0.0127399052 0.0020797914 -0.5826550126 0.8127169609
-217.6 -101.8 1825.6 -0.2014222741 -0.8105031252 -0.5500125289 0.9330100417 0.0121895056 -0.3596438766 0.2981968820 -0.5856074691 0.7537522912
72.7 196.5 1825.8 0.7612131834 0.4874823987 0.4276860356 0.0503227413 0.6131076217 -0.7883949876 -0.6465462446 0.6216589808 0.4421741962
232.1 207.0 1690.5 -0.7631816864 0.4874823987 0.4241634309 0.6450805068 0.6131076217 0.4560374916 -0.0377475806 0.6216589808 -0.7823778987
-117.7 -209.5 1901.9 0.9856535196 0.1279334426 -0.1100918725 -0.1516890973 0.9574722052 -0.2454329729 0.0740108266 0.2586116195 0.9631419778
-167.8 -584.4 1800.7 0.9971927404 0.0000000000 -0.0748772845 -0.0000000000 1.0000000000 -0.0000000000 0.0748772845 0.0000000000 0.9971927404
62.0 -189.6 1901.3 0.9292880297 0.0519069955 -0.3656902909 -0.1142561883 0.9819130301 -0.1509713382 0.3512395918 0.1820782423 0.9184107184
41.7 -574.1 1830.0 0.9354137778 0.0000000000 -0.3535549045 0.0000000000 1.0000000000 0.0000000000 0.3535549045 0.0000000000 0.9354137778
-160.8 -364.7 1741.6 0 0 0 0 0 0 0 0 0
34.0 374.4 1680.7 0 0 0 0 0 0 0 0 0
-167.8 -961.1 1800.7 0 0 0 0 0 0 0 0 0
41.7 -950.8 1830.0 0 0 0 0 0 0 0 0 0
-32.1 453.4 1854.1 00 0.9906107187 0.1302651018 -0.0414899737 -0.1338309944 0.9859777689 -0.0996849388 0.0279227234 0.1043016165 0.9941536784
-68.2 180.0 1825.1 0.9906107187 0.1302651018 -0.0414899737 -0.1338309944 0.9859777689 -0.0996849388 0.0279227234 0.1043016165 0.9941536784
-47.9 -10.2 1867.1 0.9939455986 -0.1033781394 -0.0372174531 0.1089386791 0.9713219404 0.2113433927 0.0143018421 -0.2141182423 0.9767030478
-209.8 164.5 1823.1 0.0275298841 -0.8029134870 -0.5954595208 0.9995932579 0.0176764559 0.0223793909 -0.0074431007 -0.5958334208 0.8030735254
-217.1 -100.5 1825.1 -0.2023837715 -0.8024927378 -0.5612897873 0.9332144260 0.0157282930 -0.3589755297 0.2969033718 -0.5964545608 0.7457146645
73.5 195.5 1827.2 0.7359812856 0.5078303218 0.4477051795 0.0761789158 0.5949844122 -0.8001189232 -0.6727022529 0.6229782701 0.3992114365
227.1 211.4 1686.7 -0.7622842789 0.5078303218 0.4012867510 0.6472342610 0.5949844122 0.4765304923 0.0032372552 0.6229782701 -0.7822324634
-120.7 -208.0 1907.0 0.9852914214 0.1159809455 -0.1254961342 -0.1452930272 0.9551635981 -0.2579776049 0.0899488479 0.2724168301 0.9579656720
-166.1 -582.1 1800.3 0.9958587885 0.0000000000 -0.0909135640 0.0000000000 1.0000000000 0.0000000000 0.0909135640 0.0000000000 0.9958587885
59.2 -190.0 1906.8 0.9240216017 0.0437026732 -0.3798343241 -0.1145375147 0.9794614911 -0.1659409255 0.3647810221 0.1968382746 0.9100492001
42.1 -573.6 1829.7 0.9301429987 0.0000000000 -0.3671975732 0.0000000000 1.0000000000 0.0000000000 0.3671975732 0.0000000000 0.9301429987
-160.1 -363.4 1741.4 0 0 0 0 0 0 0 0 0
30.5 378.4 1687.5 0 0 0 0 0 0 0 0 0
-166.1 -958.7 1800.3 0 0 0 0 0 0 0 0 0
42.1 -950.2 1829.7 0 0 0 0 0 0 0 0 0
-32.2 454.4 1857.2 01 0.9908270240 0.1232996285 -0.0553085320 -0.1288371682 0.9853999615 -0.1113010794 0.0407776423 0.1174059138 0.9922464490
-66.7 178.9 1824.3 0.9908270240 0.1232996285 -0.0553085320 -0.1288371682 0.9853999615 -0.1113010794 0.0407776423 0.1174059138 0.9922464490
-47.9 -11.2 1867.4 0.9941100478 -0.0957815945 -0.0507060476 0.1045476496 0.9708064198 0.2158811092 0.0285483208 -0.2199107856 0.9751021862
-208.3 164.0 1820.3 0.0315715298 -0.7939314842 -0.6071869731 0.9994379282 0.0182258170 0.0281358678 -0.0112714721 -0.6077340245 0.7940606475
-216.8 -104.6 1823.3 -0.2157540172 -0.7913945317 -0.5719658136 0.9323788881 0.0070157223 -0.3614144325 0.2900341451 -0.6112654805 0.7363659143
75.0 193.8 1828.4 0.7141743898 0.5328807235 0.4538645744 0.0804580897 0.5816146731 -0.8094756603 -0.6953282952 0.6146239042 0.3724997342
220.7 210.3 1686.5 -0.7558664680 0.5328807235 0.3803998530 0.6536934376 0.5816146731 0.4841582775 0.0367524885 0.6146239042 -0.7879636288
-117.5 -210.3 1907.7 0.9817341566 0.1260656714 -0.1424973607 -0.1606878638 0.9504210353 -0.2662315965 0.1018698215 0.2842662632 0.9533179998
-166.9 -582.5 1796.4 0.9946594834 0.0000000000 -0.1032110155 0.0000000000 1.0000000000 0.0000000000 0.1032110155 0.0000000000 0.9946594834
62.1 -190.6 1910.3 0.9170922637 0.0583257787 -0.3943854272 -0.1340416223 0.9767612815 -0.1672428995 0.3754658699 0.2062412351 0.9035983086
39.3 -573.1 1829.5 0.9254437685 0.0000000000 -0.3788850307 0.0000000000 1.0000000000 0.0000000000 0.3788850307 0.0000000000 0.9254437685
-156.0 -367.3 1741.6 0 0 0 0 0 0 0 0 0
24.2 380.3 1696.1 0 0 0 0 0 0 0 0 0
-166.9 -959.2 1796.4 0 0 0 0 0 0 0 0 0
39.3 -949.8 1829.5 0 0 0 0 0 0 0 0 0
-34.1 455.3 1861.2 02 0.9912669659 0.1219297200 -0.0502291918 -0.1275964081 0.9830246568 -0.1318394095 0.0333013944 0.1370971203 0.9899976850
-68.6 177.5 1822.5 0.9912669659 0.1219297200 -0.0502291918 -0.1275964081 0.9830246568 -0.1318394095 0.0333013944 0.1370971203 0.9899976850
-52.0 -12.4 1867.5 0.9954605103 -0.0847081766 -0.0433918163 0.0923902541 0.9695410132 0.2268354297 0.0228553265 -0.2298147082 0.9729660153
-210.4 164.3 1819.2 0.0220549759 -0.7969732285 -0.6036118865 0.9996240139 0.0077405842 0.0263043977 -0.0162915904 -0.6039650440 0.7968443036
-216.3 -104.3 1823.6 -0.2164236903 -0.7958238721 -0.5655308366 0.9326505661 0.0027383349 -0.3607705832 0.2886584699 -0.6055219769 0.7416329384
73.3 190.7 1825.7 0.7205961347 0.5356545448 0.4402447045 0.0889631212 0.5582711101 -0.8248751163 -0.6876239777 0.6335673928 0.3546344936
218.3 208.6 1687.4 -0.7504691482 0.5356545448 0.3871308267 0.6586889029 0.5582711101 0.5044425726 0.0540830083 0.6335673928 -0.7717949152
-119.0 -210.8 1907.9 0.9822868109 0.1208500341 -0.1432056278 -0.1560680419 0.9506083131 -0.2683032453 0.1037080064 0.2859005630 0.9526308179
-166.4 -583.1 1795.9 0.9944728017 0.0000000000 -0.1049945801 0.0000000000 1.0000000000 0.0000000000 0.1049945801 0.0000000000 0.9944728017
60.7 -191.9 1913.1 0.9174638987 0.0562798455 -0.3938179612 -0.1362213790 0.9745415449 -0.1780801266 0.3737696409 0.2170285136 0.9017732143
38.6 -573.5 1828.1 0.9260965586 0.0000000000 -0.3772865534 0.0000000000 1.0000000000 0.0000000000 0.3772865534 0.0000000000 0.9260965586
-155.4 -367.1 1742.3 0 0 0 0 0 0 0 0 0
20.3 382.3 1701.7 0 0 0 0 0 0 0 0 0
-166.4 -959.8 1795.9 0 0 0 0 0 0 0 0 0
38.6 -950.2 1828.1 0 0 0 0 0 0 0 0 0
-35.2 457.3 1862.2 03 0.9921306968 0.1181148291 -0.0415402651 -0.1227295101 0.9830874205 -0.1359285265 0.0247825366 0.1399570853 0.9898473620
-68.9 176.9 1822.3 0.9921306968 0.1181148291 -0.0415402651 -0.1227295101 0.9830874205 -0.1359285265 0.0247825366 0.1399570853 0.9898473620
-50.9 -12.6 1868.3 0.9951103330 -0.0917518139 -0.0365650840 0.0977609754 0.9677361846 0.2322272658 0.0140780834 -0.2346663922 0.9719740152
-210.7 163.0 1820.3 0.0212353747 -0.8017979264 -0.5972177982 0.9996758103 0.0086343698 0.0239535216 -0.0140492842 -0.5975328684 0.8017213345
-216.4 -104.1 1824.1 -0.2232677639 -0.7993714213 -0.5578143597 0.9292168617 -0.0016692987 -0.3695311546 0.2944614589 -0.6008349061 0.7431620955
72.9 190.9 1824.4 0.7389893532 0.5206190348 0.4276102781 0.0642328560 0.5773664117 -0.8139546514 -0.6706480980 0.6289704442 0.3932268023
222.2 203.9 1688.9 -0.7551026344 0.5206190348 0.3984667957 0.6551818252 0.5773664117 0.4872214794 0.0235954486 0.6289704442 -0.7770710588
-125.4 -210.6 1910.4 0.9857148528 0.0996115878 -0.1358079165 -0.1346439272 0.9504765868 -0.2801165283 0.1011793837 0.2944007516 0.9503109455
-164.4 -582.8 1795.1 0.9947732091 0.0000000000 -0.1021091864 0.0000000000 1.0000000000 0.0000000000 0.1021091864 0.0000000000 0.9947732091
54.6 -193.9 1914.6 0.9217972755 0.0302844308 -0.3864875734 -0.1158883050 0.9728837609 -0.2001676112 0.3699455261 0.2293033451 0.9003112316
42.7 -574.8 1824.8 0.9280502200 0.0000000000 -0.3724550307 0.0000000000 1.0000000000 0.0000000000 0.3724550307 0.0000000000 0.9280502200
-153.5 -365.8 1741.1 0 0 0 0 0 0 0 0 0
20.9 378.6 1695.1 0 0 0 0 0 0 0 0 0
-164.4 -959.4 1795.1 0 0 0 0 0 0 0 0 0
42.7 -951.5 1824.8 0 0 0 0 0 0 0 0 0
-33.7 454.9 1861.8 04 0.9916338921 0.1244416013 -0.0343011506 -0.1279714704 0.9825429320 -0.1350283176 0.0168992132 0.1382882148 0.9902478456
-68.9 177.2 1822.7 0.9916338921 0.1244416013 -0.0343011506 -0.1279714704 0.9825429320 -0.1350283176 0.0168992132 0.1382882148 0.9902478456
-50.7 -12.5 1868.1 0.9952606559 -0.0930000842 -0.0284122825 0.0970526114 0.9682563543 0.2303483933 0.0060879537 -0.2320141792 0.9726933241
-210.8 163.3 1821.8 0.0220264327 -0.8065885901 -0.5907027125 0.9997405410 0.0143374456 0.0177014545 -0.0058086226 -0.5909393430 0.8066951036
-216.7 -105.3 1823.4 -0.2314804047 -0.8012881279 -0.5516830087 0.9260730743 -0.0077845319 -0.3772639632 0.2980025411 -0.5982279778 0.7438533306
72.9 191.0 1823.5 0.7405174971 0.5240117908 0.4207677245 0.0505990125 0.5808565021 -0.8124318123 -0.6701294780 0.6229104400 0.4036199450
223.7 201.3 1687.1 -0.7496856451 0.5240117908 0.4042068124 0.6616528034 0.5808565021 0.4741532207 0.0136757027 0.6229104400 -0.7821736336
-122.9 -210.9 1913.0 0.9855439663 0.1102624163 -0.1286286563 -0.1433094144 0.9475110769 -0.2858061790 0.0903633907 0.3001082242 0.9496154785
-166.1 -582.0 1795.4 0.9958229065 0.0000000000 -0.0913058594 0.0000000000 1.0000000000 0.0000000000 0.0913058594 0.0000000000 0.9958229065
57.0 -193.3 1915.5 0.9245523214 0.0389715321 -0.3790569603 -0.1219323650 0.9727110863 -0.1973972917 0.3610200286 0.2287234366 0.9040741920
41.7 -574.2 1826.0 0.9315028191 0.0000000000 -0.3637340665 0.0000000000 1.0000000000 0.0000000000 0.3637340665 0.0000000000 0.9315028191
-151.5 -366.2 1739.4 0 0 0 0 0 0 0 0 0
21.7 379.5 1690.8 0 0 0 0 0 0 0 0 0
-166.1 -958.7 1795.4 0 0 0 0 0 0 0 0 0
41.7 -950.9 1826.0 0 0 0 0 0 0 0 0 0
-32.7 453.4 1857.5 05 0.9919220209 0.1239642426 -0.0268991068 -0.1263216585 0.9846504331 -0.1204421669 0.0115556968 0.1228671819 0.9923558235
-67.4 177.9 1823.1 0.9919220209 0.1239642426 -0.0268991068 -0.1263216585 0.9846504331 -0.1204421669 0.0115556968 0.1228671819 0.9923558235
-45.9 -12.0 1865.6 0.9936525226 -0.1098000556 -0.0244659353 0.1124927849 0.9700379372 0.2153410017 0.0000884317 -0.2167263627 0.9762324095
-209.0 161.9 1823.1 0.0311959237 -0.8110013604 -0.5842120051 0.9995109439 0.0240535028 0.0199811812 -0.0021524194 -0.5845496058 0.8113551140
-217.4 -106.2 1823.7 -0.2448683679 -0.8004860282 -0.5470480919 0.9225642681 -0.0188432112 -0.3853830695 0.2981855869 -0.5990551710 0.7431138754
74.2 194.0 1823.2 0.7332386374 0.5257956386 0.4311612844 0.0385667458 0.6009082794 -0.7983869910 -0.6788768172 0.6020367146 0.4203309715
226.2 202.0 1682.5 -0.7525711656 0.5257956386 0.3964537680 0.6585109234 0.6009082794 0.4530701935 -0.0000100470 0.6020367146 -0.7984684110
-122.4 -210.9 1913.0 0.9869295359 0.1129336730 -0.1149610579 -0.1416818351 0.9479795098 -0.2850633264 0.0767874792 0.2976253033 0.9515896440
-166.7 -582.2 1796.4 0.9969869256 0.0000000000 -0.0775699839 0.0000000000 1.0000000000 0.0000000000 0.0775699839 0.0000000000 0.9969869256
57.5 -193.3 1914.1 0.9288742542 0.0432256274 -0.3678642809 -0.1190621927 0.9753025770 -0.1860353053 0.3507374525 0.2166021317 0.9110800028
40.5 -575.3 1829.3 0.9355288744 0.0000000000 -0.3532502055 0.0000000000 1.0000000000 0.0000000000 0.3532502055 0.0000000000 0.9355288744
-148.4 -366.1 1739.7 0 0 0 0 0 0 0 0 0
23.2 379.6 1682.5 0 0 0 0 0 0 0 0 0
-166.7 -958.9 1796.4 0 0 0 0 0 0 0 0 0
40.5 -952.0 1829.3 0 0 0 0 0 0 0 0 0
-31.6 452.4 1855.4 06 0.9914380908 0.1286173463 -0.0225412026 -0.1303521693 0.9850083590 -0.1129904687 0.0076707383 0.1149613485 0.9933403730
-67.3 179.4 1823.5 0.9914380908 0.1286173463 -0.0225412026 -0.1303521693 0.9850083590 -0.1129904687 0.0076707383 0.1149613485 0.9933403730
-48.1 -10.9 1865.5 0.9950463176 -0.0978763551 -0.0174092036 0.0993322209 0.9718379378 0.2136917412 -0.0039964449 -0.2143624723 0.9767460227
-209.1 165.2 1824.1 0.0277079754 -0.8135595918 -0.5808210373 0.9996137619 0.0237905532 0.0143628437 0.0021330235 -0.5809946656 0.8139045835
-216.6 -106.3 1823.5 -0.2381013483 -0.8033323288 -0.5458616018 0.9265875816 -0.0194300357 -0.3755768538 0.2911069393 -0.5952138901 0.7489840984
74.5 193.5 1823.0 0.7227923274 0.5248069763 0.4496097267 0.0531457476 0.6064643264 -0.7933325768 -0.6890187263 0.5973095298 0.4104565084
224.4 204.5 1680.1 -0.7571239471 0.5248069763 0.3890256286 0.6532683372 0.6064643264 0.4532565475 0.0019420374 0.5973095298 -0.8020084500
-114.2 -212.1 1908.0 0.9834910631 0.1421256661 -0.1120072752 -0.1675484180 0.9490339756 -0.2669495344 0.0683583245 0.2813091278 0.9571793675
-169.8 -583.7 1797.9 0.9975931644 0.0000000000 -0.0693385080 0.0000000000 1.0000000000 0.0000000000 0.0693385080 0.0000000000 0.9975931644
65.4 -191.8 1908.0 0.9286075830 0.0674824715 -0.3648754954 -0.1337682605 0.9780853391 -0.1595464945 0.3461127877 0.1969648451 0.9172844887
39.0 -574.7 1830.9 0.9370290041 0.0000000000 -0.3492516279 0.0000000000 1.0000000000 0.0000000000 0.3492516279 0.0000000000 0.9370290041
-149.5 -367.3 1741.5 0 0 0 0 0 0 0 0 0
22.0 379.2 1680.6 0 0 0 0 0 0 0 0 0
-169.8 -960.3 1797.9 0 0 0 0 0 0 0 0 0
39.0 -951.4 1830.9 0 0 0 0 0 0 0 0 0
-30.3 450.6 1853.3 07 0.9911857843 0.1295064539 -0.0279066563 -0.1317728311 0.9855017662 -0.1068745926 0.0136611089 0.1096099168 0.9938808084
-66.1 178.6 1823.1 0.9911857843 0.1295064539 -0.0279066563 -0.1317728311 0.9855017662 -0.1068745926 0.0136611089 0.1096099168 0.9938808084
-47.6 -11.3 1867.2 0.9952886105 -0.0944351181 -0.0219676830 0.0969564542 0.9697036147 0.2242195159 0.0001279437 -0.2252930403 0.9742910266
-207.9 164.7 1823.1 0.0317658111 -0.8103578091 -0.5850735903 0.9994856715 0.0231784713 0.0221623685 -0.0043983371 -0.5854766965 0.8106772900
-216.4 -103.0 1824.2 -0.2248173505 -0.8029863238 -0.5519692898 0.9307793975 -0.0093801878 -0.3654609323 0.2882825732 -0.5959236026 0.7495120168
75.8 192.4 1823.1 0.6994723082 0.5449285507 0.4623757601 0.0620591119 0.5982288122 -0.7989186049 -0.7119600773 0.5875160694 0.3846267164
218.3 205.0 1678.1 -0.7478349805 0.5449285507 0.3792040050 0.6636437774 0.5982288122 0.4491093755 0.0178817548 0.5875160694 -0.8090148568
-118.9 -210.2 1907.9 0.9857867956 0.1183002144 -0.1192871258 -0.1467471719 0.9520141482 -0.2685784400 0.0817901418 0.2822661400 0.9558432102
-165.2 -582.9 1797.3 0.9965757132 0.0000000000 -0.0826852918 0.0000000000 1.0000000000 0.0000000000 0.0826852918 0.0000000000 0.9965757132
61.0 -192.3 1907.1 0.9272559285 0.0505024679 -0.3710066080 -0.1193938479 0.9790177941 -0.1651341021 0.3548823893 0.1974174827 0.9138297439
41.2 -575.6 1829.8 0.9339364171 0.0000000000 -0.3574391603 0.0000000000 1.0000000000 0.0000000000 0.3574391603 0.0000000000 0.9339364171
-153.1 -365.2 1743.0 0 0 0 0 0 0 0 0 0
21.3 379.9 1682.8 0 0 0 0 0 0 0 0 0
-165.2 -959.6 1797.3 0 0 0 0 0 0 0 0 0
41.2 -952.3 1829.8 0 0 0 0 0 0 0 0 0
-29.8 450.0 1853.3 08 0.9902701974 0.1352963001 -0.0325546339 -0.1380130947 0.9848157763 -0.1053103358 0.0178122204 0.1087786555 0.9939063787
-67.3 176.9 1823.1 0.9902701974 0.1352963001 -0.0325546339 -0.1380130947 0.9848157763 -0.1053103358 0.0178122204 0.1087786555 0.9939063787
-49.1 -12.9 1868.2 0.9953584671 -0.0928526893 -0.0252971742 0.0961815417 0.9687274694 0.2287273407 0.0032681182 -0.2300988138 0.9731617570
-209.2 163.2 1822.7 0.0270383880 -0.8083283305 -0.5881106853 0.9996090531 0.0176752619 0.0216632728 -0.0071160267 -0.5884665251 0.8084902763
-216.4 -102.8 1824.6 -0.2273053229 -0.8023336530 -0.5518994927 0.9286990762 -0.0080809668 -0.3707461655 0.2930022478 -0.5968211293 0.7469633818
74.5 190.6 1823.6 0.6889319420 0.5523177385 0.4693803489 0.0670591816 0.5962304473 -0.8000077009 -0.7217172980 0.5826271176 0.3737242520
213.8 204.1 1677.7 -0.7454310656 0.5523177385 0.3731992245 0.6661143303 0.5962304473 0.4481081963 0.0249853451 0.5826271176 -0.8123554587
-119.0 -210.0 1911.3 0.9851623774 0.1185683012 -0.1240833253 -0.1487979591 0.9503611326 -0.2732635140 0.0855235830 0.2876722813 0.9539027214
-165.5 -582.2 1798.7 0.9962530136 0.0000000000 -0.0864863768 0.0000000000 1.0000000000 0.0000000000 0.0864863768 0.0000000000 0.9962530136
60.9 -192.5 1911.3 0.9254837632 0.0485473014 -0.3756633103 -0.1262321323 0.9745903611 -0.1850381941 0.3571347296 0.2186706215 0.9080957770
41.9 -574.1 1825.7 0.9329466820 0.0000000000 -0.3600145876 0.0000000000 1.0000000000 0.0000000000 0.3600145876 0.0000000000 0.9329466820
-152.3 -364.4 1742.0 0 0 0 0 0 0 0 0 0
19.4 377.9 1684.2 0 0 0 0 0 0 0 0 0
-165.5 -958.8 1798.7 0 0 0 0 0 0 0 0 0
41.9 -950.7 1825.7 0 0 0 0 0 0 0 0 0
-29.6 451.7 1857.8 09 0.9887375832 0.1479872018 -0.0223099422 -0.1495993882 0.9815201163 -0.1193240508 0.0042392248 0.1213177294 0.9926046729
-70.8 178.5 1824.0 0.9887375832 0.1479872018 -0.0223099422 -0.1495993882 0.9815201163 -0.1193240508 0.0042392248 0.1213177294 0.9926046729
-51.2 -10.5 1871.6 0.9949414730 -0.0995710269 -0.0133048994 0.0998152792 0.9649513960 0.2427049130 -0.0113277957 -0.2428052276 0.9700089097
-212.5 164.3 1825.6 0.0137037747 -0.8159533739 -0.5779552460 0.9998946190 0.0139538618 0.0040083192 0.0047941059 -0.5779492855 0.8160586357
-216.2 -104.1 1824.4 -0.2303572446 -0.8091461062 -0.5405720472 0.9277839065 -0.0150640570 -0.3728137910 0.2935175896 -0.5874144435 0.7541828156
71.0 192.7 1822.4 0.6976397634 0.5575720072 0.4499023855 0.0530440770 0.5860407948 -0.8085434437 -0.7144823670 0.5879366994 0.3792694807
210.9 203.3 1679.1 -0.7409330010 0.5575720072 0.3743417561 0.6707118154 0.5860407948 0.4546447694 0.0341176577 0.5879366994 -0.8081871271
-120.9 -211.3 1913.0 0.9872717261 0.1113892421 -0.1135209128 -0.1397975236 0.9481403232 -0.2854585648 0.0758367404 0.2976951301 0.9516440630
-164.6 -582.6 1796.4 0.9970627427 0.0000000000 -0.0765888318 0.0000000000 1.0000000000 0.0000000000 0.0765888318 0.0000000000 0.9970627427
59.0 -193.9 1913.6 0.9304820299 0.0418944806 -0.3639341891 -0.1201859862 0.9733648300 -0.1952338815 0.3460614979 0.2254014015 0.9107335806
42.6 -575.1 1825.3 0.9372759461 0.0000000000 -0.3485882878 0.0000000000 1.0000000000 0.0000000000 0.3485882878 0.0000000000 0.9372759461
-151.3 -365.5 1741.7 0 0 0 0 0 0 0 0 0
18.3 377.7 1688.0 0 0 0 0 0 0 0 0 0
-164.6 -959.3 1796.4 0 0 0 0 0 0 0 0 0
42.6 -951.7 1825.3 0 0 0 0 0 0 0 0 0
-32.5 455.1 1859.5 10 0.9897792935 0.1386033595 -0.0335561410 -0.1417402327 0.9820492268 -0.1244549602 0.0157039054 0.1279391944 0.9916576743
-71.3 179.9 1823.7 0.9897792935 0.1386033595 -0.0335561410 -0.1417402327 0.9820492268 -0.1244549602 0.0157039054 0.1279391944 0.9916576743
-51.0 -8.8 1872.1 0.9942408204 -0.1037334800 -0.0269165393 0.1071679145 0.9633354545 0.2459672093 0.0004146220 -0.2474352419 0.9689043164
-213.0 164.6 1823.6 0.0083557069 -0.8089259863 -0.5878511071 0.9999650717 0.0066280570 0.0050927992 -0.0002233868 -0.5878731608 0.8089531064
-215.2 -104.8 1823.7 -0.2312293202 -0.8044624925 -0.5471500158 0.9272202849 -0.0119180502 -0.3743267655 0.2946108580 -0.5938839316 0.7486696839
70.4 195.1 1823.7 0.6958233118 0.5692874789 0.4378831685 0.0213885158 0.5929888487 -0.8049265146 -0.7178944349 0.5694522858 0.4004392624
209.2 199.4 1680.5 -0.7330216169 0.5692874789 0.3722782433 0.6797469854 0.5929888487 0.4316343367 0.0249671694 0.5694522858 -0.8216451406
-121.7 -208.5 1920.1 0.9860047698 0.1097912118 -0.1254610866 -0.1436520517 0.9414111376 -0.3051379919 0.0846089870 0.3188902736 0.9440075755
-164.7 -577.1 1795.3 0.9963385463 0.0000000000 -0.0854957253 0.0000000000 1.0000000000 0.0000000000 0.0854957253 0.0000000000 0.9963385463
58.2 -190.4 1918.1 0.9266787171 0.0346502103 -0.3742538095 -0.1231592968 0.9687597752 -0.2152586728 0.3551032543 0.2455684692 0.9019965529
44.6 -569.8 1821.9 0.9337877035 0.0000000000 -0.3578274250 0.0000000000 1.0000000000 0.0000000000 0.3578274250 0.0000000000 0.9337877035
-150.1 -366.0 1740.7 0 0 0 0 0 0 0 0 0
17.5 377.1 1687.1 0 0 0 0 0 0 0 0 0
-164.7 -953.8 1795.3 0 0 0 0 0 0 0 0 0
44.6 -946.5 1821.9 0 0 0 0 0 0 0 0 0
-32.4 453.6 1858.4 11 0.9885544777 0.1456591040 -0.0392875709 -0.1492716521 0.9821106195 -0.1147895902 0.0218645949 0.1193402782 0.9926126599
-72.9 180.9 1825.3 0.9885544777 0.1456591040 -0.0392875709 -0.1492716521 0.9821106195 -0.1147895902 0.0218645949 0.1193402782 0.9926126599
-51.0 -7.7 1873.2 0.9931717515 -0.1118725091 -0.0330824368 0.1165652722 0.9631314278 0.2424672991 0.0047373087 -0.2446679324 0.9695953727
-214.4 164.3 1824.6 0.0070640575 -0.8066024780 -0.5910520554 0.9999748468 0.0060567283 0.0036858134 0.0006068553 -0.5910632014 0.8066250086
-216.3 -104.7 1824.4 -0.2345771044 -0.8018916249 -0.5494937897 0.9264519811 -0.0132383844 -0.3761801720 0.2943813205 -0.5973228812 0.7460194826
68.7 197.5 1825.9 0.6865881681 0.5901046991 0.4247035980 -0.0120555302 0.5933091640 -0.8048844337 -0.7269465923 0.5475040674 0.4144730568
206.4 195.1 1680.1 -0.7150002718 0.5901046991 0.3749013841 0.6990004182 0.5933091640 0.3992276192 0.0131536666 0.5475040674 -0.8366996050
-120.5 -207.2 1920.6 0.9852689505 0.1160314828 -0.1256256253 -0.1495226026 0.9410120845 -0.3035443723 0.0829945356 0.3178567290 0.9444993138
-166.0 -575.7 1796.1 0.9964709878 0.0000000000 -0.0839381441 0.0000000000 1.0000000000 0.0000000000 0.0839381441 0.0000000000 0.9964709878
59.2 -187.8 1920.6 0.9257611036 0.0406486094 -0.3759176731 -0.1342317015 0.9647771120 -0.2262454033 0.3534801900 0.2599092722 0.8986094594
43.3 -565.6 1818.8 0.9342157841 0.0000000000 -0.3567084074 0.0000000000 1.0000000000 0.0000000000 0.3567084074 0.0000000000 0.9342157841
-150.2 -365.8 1741.5 0 0 0 0 0 0 0 0 0
18.6 378.7 1683.5 0 0 0 0 0 0 0 0 0
-166.0 -952.4 1796.1 0 0 0 0 0 0 0 0 0
43.3 -942.3 1818.8 0 0 0 0 0 0 0 0 0
-32.2 453.1 1859.8 12 0.9875042439 0.1488770396 -0.0516814105 -0.1540893167 0.9809166789 -0.1185702756 0.0330427662 0.1250521988 0.9915997982
-73.8 179.4 1824.9 0.9875042439 0.1488770396 -0.0516814105 -0.1540893167 0.9809166789 -0.1185702756 0.0330427662 0.1250521988 0.9915997982
-51.9 -9.5 1872.2 0.9927356243 -0.1116384193 -0.0448649824 0.1191454902 0.9640644789 0.2374533266 0.0167438183 -0.2410738468 0.9703623056
-215.2 162.4 1822.6 0.0038537781 -0.7998079062 -0.6002436280 0.9999690652 -0.0010355290 0.0077999709 -0.0068600485 -0.6002551317 0.7997791767
-216.3 -104.3 1824.4 -0.2406229973 -0.7966827154 -0.5544341207 0.9240949154 -0.0133086219 -0.3819312751 0.2968992889 -0.6042512059 0.7394127846
67.7 196.3 1827.3 0.6755531430 0.6032244563 0.4239672720 -0.0216401126 0.5909919739 -0.8063871264 -0.7369936705 0.5355826616 0.4123003185
204.8 191.9 1677.8 -0.7092739344 0.6032244563 0.3647612631 0.7046096921 0.5909919739 0.3927513957 0.0213462599 0.5355826616 -0.8442129493
-118.8 -206.9 1920.7 0.9830796719 0.1235728264 -0.1352189481 -0.1599806249 0.9387527108 -0.3052040339 0.0892222300 0.3216722906 0.9426379800
-167.2 -574.6 1794.7 0.9959067702 0.0000000000 -0.0903863981 0.0000000000 1.0000000000 0.0000000000 0.0903863981 0.0000000000 0.9959067702
60.7 -185.8 1921.5 0.9215376973 0.0490176640 -0.3851825595 -0.1441376060 0.9643043876 -0.2221291810 0.3605449796 0.2602196932 0.8957081437
41.5 -563.5 1819.6 0.9312622547 0.0000000000 -0.3643496335 0.0000000000 1.0000000000 0.0000000000 0.3643496335 0.0000000000 0.9312622547
-148.5 -364.7 1740.7 0 0 0 0 0 0 0 0 0
17.9 377.6 1683.4 0 0 0 0 0 0 0 0 0
-167.2 -951.2 1794.7 0 0 0 0 0 0 0 0 0
41.5 -940.1 1819.6 0 0 0 0 0 0 0 0 0
-33.6 453.4 1862.6 13 0.9873643517 0.1506504714 -0.0491534956 -0.1559165567 0.9789812565 -0.1314751804 0.0283135530 0.1374777555 0.9901000857
-75.4 181.5 1824.4 0.9873643517 0.1506504714 -0.0491534956 -0.1559165567 0.9789812565 -0.1314751804 0.0283135530 0.1374777555 0.9901000857
-53.3 -7.1 1872.3 0.9927415848 -0.1127402559 -0.0418782458 0.1195473894 0.9630789757 0.2412204891 0.0131367976 -0.2444760501 0.9695663452
-216.9 164.5 1822.5 -0.0025921375 -0.8017026186 -0.5977174640 0.9999938011 -0.0035085820 0.0003692681 -0.0023931840 -0.5977128148 0.8017067313
-216.2 -107.4 1823.2 -0.2407589257 -0.7985339761 -0.5517051816 0.9246751070 -0.0159575753 -0.3804225922 0.2949764729 -0.6017381549 0.7422264218
66.1 198.5 1826.3 0.6717185378 0.6156044602 0.4120987058 -0.0346314162 0.5817702413 -0.8126155734 -0.7399965525 0.5315773487 0.4121051133
202.3 191.5 1676.2 -0.7039797902 0.6156044602 0.3541801572 0.7091395259 0.5817702413 0.3983270526 0.0391604416 0.5315773487 -0.8461039662
-119.7 -209.0 1917.9 0.9838473797 0.1208312288 -0.1320762485 -0.1559663266 0.9407283068 -0.3011722565 0.0878568590 0.3169069588 0.9443787336
-167.1 -577.5 1793.7 0.9960365295 0.0000000000 -0.0889453366 0.0000000000 1.0000000000 0.0000000000 0.0889453366 0.0000000000 0.9960365295
59.7 -187.5 1920.9 0.9228587151 0.0438015386 -0.3826398253 -0.1396425813 0.9639616013 -0.2264463007 0.3589314222 0.2624107599 0.8957169652
42.6 -565.1 1818.1 0.9319903851 0.0000000000 -0.3624830246 0.0000000000 1.0000000000 0.0000000000 0.3624830246 0.0000000000 0.9319903851
-148.3 -367.9 1740.1 0 0 0 0 0 0 0 0 0
17.5 377.7 1686.4 0 0 0 0 0 0 0 0 0
-167.1 -954.2 1793.7 0 0 0 0 0 0 0 0 0
42.6 -941.7 1818.1 0 0 0 0 0 0 0 0 0
-33.8 451.3 1863.9 14 0.9893528223 0.1287874728 -0.0677845627 -0.1367206722 0.9820991755 -0.1295709014 0.0498840585 0.1374588907 0.9892505407
-69.5 178.8 1825.8 0.9893528223 0.1287874728 -0.0677845627 -0.1367206722 0.9820991755 -0.1295709014 0.0498840585 0.1374588907 0.9892505407
-49.6 -10.8 1870.6 0.9928582311 -0.1014161557 -0.0628278926 0.1130366847 0.9681060910 0.2235917300 0.0381482542 -0.2290967405 0.9726558328
-211.0 162.7 1820.4 0.0266652182 -0.7877416015 -0.6154283881 0.9994801283 0.0098476848 0.0307004414 -0.0181234702 -0.6159271002 0.7875946760
-218.2 -106.0 1825.2 -0.2406883389 -0.7848981023 -0.5709676743 0.9220933318 -0.0012643030 -0.3869654834 0.3030065894 -0.6196235418 0.7240536213
71.9 194.9 1831.2 0.6326794624 0.6362296343 0.4415071309 -0.0237370711 0.5857822895 -0.8101207614 -0.7740499377 0.5020666718 0.3857146502
200.7 190.1 1673.7 -0.7027528286 0.6362296343 0.3183555305 0.7085647583 0.5857822895 0.3934400976 0.0638312250 0.5020666718 -0.8624700904
-121.0 -206.6 1919.0 0.9818516374 0.1116752923 -0.1532839835 -0.1537759453 0.9418363571 -0.2988264859 0.1109968871 0.3169746697 0.9419165254
-164.7 -575.5 1794.8 0.9936706424 0.0000000000 -0.1123330072 0.0000000000 1.0000000000 0.0000000000 0.1123330072 0.0000000000 0.9936706424
58.5 -185.0 1921.3 0.9140434265 0.0392491892 -0.4037129283 -0.1392391324 0.9651882052 -0.2214141637 0.3809686303 0.2585948110 0.8876889348
43.1 -563.0 1820.0 0.9230349064 0.0000000000 -0.3847162426 0.0000000000 1.0000000000 0.0000000000 0.3847162426 0.0000000000 0.9230349064
-150.3 -365.8 1739.9 0 0 0 0 0 0 0 0 0
16.1 376.2 1690.4 0 0 0 0 0 0 0 0 0
-164.7 -952.1 1794.8 0 0 0 0 0 0 0 0 0
43.1 -939.7 1820.0 0 0 0 0 0 0 0 0 0
-35.2 452.8 1868.6 15 0.9887369871 0.1249683350 -0.0823531821 -0.1364172697 0.9788493514 -0.1524606943 0.0615585968 0.1619779170 0.9848724008
-70.1 179.4 1823.4 0.9887369871 0.1249683350 -0.0823531821 -0.1364172697 0.9788493514 -0.1524606943 0.0615585968 0.1619779170 0.9848724008
-51.1 -8.4 1875.3 0.9923591614 -0.0968859345 -0.0763961002 0.1135685071 0.9592666626 0.2586690784 0.0482228324 -0.2653688490 0.9629402757
-211.5 163.2 1816.5 0.0251733717 -0.7786162496 -0.6269952059 0.9990695119 -0.0023767666 0.0430633873 -0.0350200720 -0.6274958849 0.7778319716
-218.3 -105.7 1825.9 -0.2367011607 -0.7801923752 -0.5790271163 0.9238774776 0.0037089833 -0.3826704621 0.3007041812 -0.6255286932 0.7199242115
71.3 195.6 1830.2 0.6436843276 0.6325355768 0.4307774603 -0.0400047451 0.5899349451 -0.8064591289 -0.7642447948 0.5018720031 0.4050363004
202.4 187.4 1674.5 -0.7068317533 0.6325355768 0.3166822195 0.7046049833 0.5899349451 0.3943457603 0.0626158193 0.5018720031 -0.8626724482
-119.4 -210.5 1912.0 0.9785131812 0.1181691289 -0.1689614952 -0.1626336873 0.9460633397 -0.2802043259 0.1267367750 0.3016624451 0.9449537396
-165.7 -581.1 1793.9 0.9917163849 0.0000000000 -0.1284468472 0.0000000000 1.0000000000 0.0000000000 0.1284468472 0.0000000000 0.9917163849
60.0 -190.1 1918.9 0.9073110223 0.0478513502 -0.4177283049 -0.1496285498 0.9652106166 -0.2144288421 0.3929350972 0.2570577264 0.8829061985
41.3 -568.2 1818.2 0.9176415801 0.0000000000 -0.3974090219 0.0000000000 1.0000000000 0.0000000000 0.3974090219 0.0000000000 0.9176415801
-151.6 -366.0 1741.2 0 0 0 0 0 0 0 0 0
17.5 371.8 1690.9 0 0 0 0 0 0 0 0 0
-165.7 -957.7 1793.9 0 0 0 0 0 0 0 0 0
41.3 -944.9 1818.2 0 0 0 0 0 0 0 0 0
-35.5 454.6 1863.9 16 0.9884418249 0.1240455210 -0.0871520489 -0.1353692263 0.9809919596 -0.1390321851 0.0682491437 0.1492229253 0.9864454269
-70.1 181.2 1822.3 0.9884418249 0.1240455210 -0.0871520489 -0.1353692263 0.9809919596 -0.1390321851 0.0682491437 0.1492229253 0.9864454269
-50.3 -5.9 1876.6 0.9914652109 -0.1011020243 -0.0823110491 0.1198135242 0.9555004835 0.2695617378 0.0513950065 -0.2771230638 0.9594588876
-211.4 164.1 1815.0 0.0183684286 -0.7755631208 -0.6310027242 0.9992133975 -0.0079443101 0.0388513282 -0.0351445377 -0.6312200427 0.7748071551
-216.3 -106.1 1824.5 -0.2307323217 -0.7802006602 -0.5814202428 0.9247405529 0.0100521762 -0.3804653287 0.3026838601 -0.6254485250 0.7191638350
71.2 198.3 1829.7 0.6494379044 0.6318734288 0.4230441153 -0.0607863441 0.5976923704 -0.7994177938 -0.7579811215 0.4934569299 0.4265733957
204.0 185.8 1674.7 -0.7067492604 0.6318734288 0.3181845546 0.7056769729 0.5976923704 0.3805046976 0.0502543189 0.4934569299 -0.8683171868
-121.9 -206.4 1922.8 0.9785704613 0.1068555266 -0.1760164052 -0.1577176005 0.9385233521 -0.3070814908 0.1323821694 0.3282617629 0.9352642298
-163.7 -573.8 1794.3 0.9909732342 0.0000000000 -0.1340600252 0.0000000000 1.0000000000 0.0000000000 0.1340600252 0.0000000000 0.9909732342
57.5 -185.8 1931.6 0.9056740999 0.0361624509 -0.4224295616 -0.1558627188 0.9549843073 -0.2524119020 0.3942857981 0.2944439352 0.8705409169
43.3 -559.6 1816.3 0.9168795347 0.0000000000 -0.3991640806 0.0000000000 1.0000000000 0.0000000000 0.3991640806 0.0000000000 0.9168795347
-151.3 -366.7 1739.3 0 0 0 0 0 0 0 0 0
20.2 369.3 1687.7 0 0 0 0 0 0 0 0 0
-163.7 -950.5 1794.3 0 0 0 0 0 0 0 0 0
43.3 -936.3 1816.3 0 0 0 0 0 0 0 0 0
-35.8 454.5 1867.6 17 0.9888640642 0.1237699538 -0.0826367289 -0.1351547986 0.9793241024 -0.1505242139 0.0622977652 0.1600167304 0.9851465225
-70.3 181.3 1823.0 0.9888640642 0.1237699538 -0.0826367289 -0.1351547986 0.9793241024 -0.1505242139 0.0622977652 0.1600167304 0.9851465225
-48.7 -6.0 1875.6 0.9906850457 -0.1103532985 -0.0797829330 0.1276201755 0.9567846060 0.2612972558 0.0475000702 -0.2690451741 0.9619555473
-211.5 163.1 1816.2 0.0152761564 -0.7785512209 -0.6273950934 0.9994462132 -0.0066622179 0.0326023810 -0.0295624658 -0.6275457144 0.7780182958
-215.6 -105.8 1824.1 -0.2284292877 -0.7823927999 -0.5793803334 0.9263054132 0.0084924474 -0.3766778111 0.2996303737 -0.6227273345 0.7227947712
70.9 199.5 1829.7 0.6546820998 0.6267578006 0.4225707054 -0.0701159835 0.6069682240 -0.7916269898 -0.7526453733 0.4886350632 0.4413169622
204.8 185.2 1675.8 -0.7085897923 0.6267578006 0.3241530359 0.7048313618 0.6069682240 0.3671543896 0.0333662964 0.4886350632 -0.8718500137
-120.1 -203.8 1926.2 0.9782894254 0.1201608926 -0.1688525677 -0.1692011803 0.9335650802 -0.3159543574 0.1196695119 0.3376648724 0.9336282015
-167.2 -569.3 1794.0 0.9926012158 0.0000000000 -0.1214202046 0.0000000000 1.0000000000 0.0000000000 0.1214202046 0.0000000000 0.9926012158
59.1 -182.1 1935.5 0.9084863067 0.0400762819 -0.4159886241 -0.1619102955 0.9514052272 -0.2619410753 0.3852761388 0.3053227067 0.8708273768
43.4 -554.6 1815.9 0.9206336141 0.0000000000 -0.3904276490 0.0000000000 1.0000000000 0.0000000000 0.3904276490 0.0000000000 0.9206336141
-151.2 -366.7 1739.7 0 0 0 0 0 0 0 0 0
21.8 367.2 1684.4 0 0 0 0 0 0 0 0 0
-167.2 -946.0 1794.0 0 0 0 0 0 0 0 0 0
43.4 -931.3 1815.9 0 0 0 0 0 0 0 0 0
-35.9 456.1 1870.4 18 0.9881322384 0.1317833215 -0.0789166763 -0.1429099739 0.9770788550 -0.1577771008 0.0563154221 0.1671826243 0.9843162894
-72.6 183.6 1823.8 0.9881322384 0.1317833215 -0.0789166763 -0.1429099739 0.9770788550 -0.1577771008 0.0563154221 0.1671826243 0.9843162894
-49.7 -3.9 1875.3 0.9902313948 -0.1170488298 -0.0757719576 0.1327336431 0.9577440619 0.2551628649 0.0427036285 -0.2627277672 0.9639245272
-213.8 164.7 1817.7 0.0034321032 -0.7820551395 -0.6231998205 0.9997501969 -0.0110795563 0.0194096155 -0.0220841672 -0.6231107712 0.7818217278
-214.7 -106.7 1823.7 -0.2342851460 -0.7853830457 -0.5729606748 0.9247601628 0.0017578409 -0.3805464506 0.2998819053 -0.6190075874 0.7258791327
68.5 202.6 1829.9 0.6506854892 0.6334559917 0.4187384546 -0.0832734555 0.6076461673 -0.7898301482 -0.7547674775 0.4790612161 0.4481365979
203.7 185.3 1673.1 -0.7105515003 0.6334559917 0.3063496351 0.7019210458 0.6076461673 0.3715817630 0.0492285118 0.4790612161 -0.8763999939
-116.6 -204.9 1924.0 0.9783041477 0.1304486990 -0.1609476060 -0.1762258708 0.9324452281 -0.3154208958 0.1089285836 0.3369407058 0.9352034926
