134.6 496.9 2204.0 41 0.9989278316 0.0264777523 -0.0379755236 -0.0279883109 0.9988150597 -0.0398131311 0.0368763655 0.0408333130 0.9984852672
128.2 257.8 2194.2 0.9989278316 0.0264777523 -0.0379755236 -0.0279883109 0.9988150597 -0.0398131311 0.0368763655 0.0408333130 0.9984852672
127.3 59.2 2188.3 0.9992743134 0.0045276955 -0.0378195569 -0.0056552640 0.9995410442 -0.0297608636 0.0376674533 0.0299531464 0.9988412857
-17.8 258.6 2188.7 0.6387259364 -0.3661161363 -0.6767482162 -0.2215104699 0.7548086643 -0.6174114943 0.7368597388 0.5442635417 0.4010173380
-162.5 308.8 2021.8 -0.8874791861 -0.3661161363 -0.2798922956 -0.4591302276 0.7548086643 0.4684690833 0.0397510380 0.5442635417 -0.8379719853
274.2 257.0 2199.7 0.5179701447 0.3773289919 0.7676781416 -0.8522824049 0.1511165500 0.5007778406 0.0729491264 -0.9136666059 0.3998647332
401.5 47.4 2217.7 -0.5382451415 0.3773289919 0.7536013126 -0.7670612931 0.1511165500 -0.6235228777 -0.3491548896 -0.9136666059 0.2080967128
32.7 -137.5 2181.0 0.9990941882 0.0404512472 0.0132083707 -0.0422564968 0.9797095060 0.1959173828 -0.0050152647 -0.1962980628 0.9805314541
16.7 -526.8 2259.0 0.9996706247 0.0236330833 0.0100087933 -0.0246556774 0.9926115870 0.1188038737 -0.0071271425 -0.1190115139 0.9928672910
216.0 -139.7 2187.4 0.9790684581 0.0883313864 -0.1833644062 -0.0720171779 0.9929818511 0.0938116089 0.1903640330 -0.0786425993 0.9785585403
180.9 -534.3 2218.7 0.9811366200 -0.0545175709 -0.1854690611 0.0684401616 0.9952309132 0.0695079640 0.1807951480 -0.0808903351 0.9801886678
65.8 426.9 2011.5 0 0 0 0 0 0 0 0 0
261.7 -151.9 2126.9 0 0 0 0 0 0 0 0 0
7.6 -906.1 2304.5 0 0 0 0 0 0 0 0 0
201.8 -914.5 2249.6 0 0 0 0 0 0 0 0 0
136.0 497.5 2203.4 42 0.9992322922 0.0297448039 -0.0254968014 -0.0307066031 0.9987981915 -0.0381998233 0.0243299138 0.0389534160 0.9989447594
129.0 261.1 2194.2 0.9992322922 0.0297448039 -0.0254968014 -0.0307066031 0.9987981915 -0.0381998233 0.0243299138 0.0389534160 0.9989447594
126.8 62.5 2189.2 0.9996206164 0.0110680414 -0.0252204910 -0.0116905440 0.9996272922 -0.0246701408 0.0249380413 0.0249556229 0.9993774891
-17.1 262.8 2190.5 0.6420304775 -0.3587169647 -0.6775832176 -0.2034766674 0.7723706365 -0.6016982794 0.7391847968 0.5241810083 0.4228949547
-163.0 309.1 2022.5 -0.8886610270 -0.3587169647 -0.2856636941 -0.4544290304 0.7723706365 0.4437767863 0.0614479892 0.5241810083 -0.8493871093
275.0 259.4 2197.8 0.5119844079 0.3859916925 0.7673867345 -0.8551176786 0.1442412734 0.4979640245 0.0815211385 -0.9111558199 0.4039176106
401.6 48.0 2218.0 -0.5427074432 0.3859916925 0.7459752560 -0.7631915212 0.1442412734 -0.6298676133 -0.3507240713 -0.9111558199 0.2163047642
34.8 -138.9 2178.9 0.9983352423 0.0508862063 0.0271535702 -0.0553781055 0.9772737026 0.2046201229 -0.0161241293 -0.2057831883 0.9784647822
14.6 -527.2 2260.6 0.9996125698 0.0164019521 0.0224885717 -0.0189104658 0.9930339456 0.1163010001 -0.0204243530 -0.1166812107 0.9929593801
218.1 -139.9 2185.8 0.9812799692 0.0893156454 -0.1706234515 -0.0737241134 0.9926822782 0.0956378654 0.1779168397 -0.0812684521 0.9806839824
182.6 -534.4 2218.1 0.9840257168 -0.0420366563 -0.1729923636 0.0546093360 0.9961505532 0.0685703754 0.1694439650 -0.0769220144 0.9825333357
65.5 425.9 2006.7 0 0 0 0 0 0 0 0 0
260.5 -150.4 2126.8 0 0 0 0 0 0 0 0 0
8.3 -906.7 2305.2 0 0 0 0 0 0 0 0 0
198.6 -915.0 2247.5 0 0 0 0 0 0 0 0 0
136.6 498.0 2201.6 43 0.9994077086 0.0314927846 -0.0138713410 -0.0319502018 0.9989079237 -0.0340907238 0.0127825802 0.0345137231 0.9993224740
129.2 263.6 2193.5 0.9994077086 0.0314927846 -0.0138713410 -0.0319502018 0.9989079237 -0.0340907238 0.0127825802 0.0345137231 0.9993224740
126.9 64.9 2190.1 0.9998458028 0.0112276804 -0.0135009894 -0.0114534572 0.9997938871 -0.0167636424 0.0133099901 0.0169156920 0.9997683167
-16.9 265.3 2191.5 0.6466562748 -0.3696407676 -0.6672341228 -0.1773846596 0.7778834105 -0.6028532982 0.7418695092 0.5081959963 0.4374545515
-163.1 305.4 2023.7 -0.8835613728 -0.3696407676 -0.2875499129 -0.4635215998 0.7778834105 0.4243172705 0.0668353513 0.5081959963 -0.8586441875
275.2 261.9 2195.4 0.5144572854 0.3983517289 0.7593744397 -0.8523069024 0.1400747448 0.5039364696 0.0943747982 -0.9064739347 0.4115804136
402.4 51.2 2218.7 -0.5351045132 0.3983517289 0.7449691892 -0.7671753764 0.1400747448 -0.6259561181 -0.3537020683 -0.9064739347 0.2306510061
32.9 -135.1 2182.0 0.9984256029 0.0418115444 0.0373907499 -0.0480700545 0.9813283086 0.1862364709 -0.0289057679 -0.1877406538 0.9817932248
16.3 -525.0 2256.6 0.9991798401 0.0195355080 0.0354685038 -0.0243824311 0.9895916581 0.1418232024 -0.0323287472 -0.1425716877 0.9892563820
216.2 -137.2 2186.6 0.9835262895 0.0822419971 -0.1609730721 -0.0697297826 0.9941982031 0.0819005147 0.1667748094 -0.0693266913 0.9835547805
183.6 -532.3 2214.1 0.9867972136 -0.0299226604 -0.1591723710 0.0467744768 0.9935599566 0.1032023653 0.1550592035 -0.1092850119 0.9818418622
64.9 425.1 2006.5 0 0 0 0 0 0 0 0 0
263.3 -148.1 2126.8 0 0 0 0 0 0 0 0 0
8.8 -903.0 2311.0 0 0 0 0 0 0 0 0 0
195.0 -911.7 2255.8 0 0 0 0 0 0 0 0 0
137.0 499.6 2207.2 44 0.9994974136 0.0263121109 -0.0176805872 -0.0269586872 0.9989372492 -0.0373851173 0.0166781154 0.0378429741 0.9991444945
131.3 281.3 2198.9 0.9994974136 0.0263121109 -0.0176805872 -0.0269586872 0.9989372492 -0.0373851173 0.0166781154 0.0378429741 0.9991444945
128.4 82.7 2192.7 0.9997427464 0.0143643627 -0.0175538622 -0.0149065955 0.9994032383 -0.0311594903 0.0170958024 0.0314131416 0.9993602633
-14.8 283.5 2196.4 0.6599968076 -0.3900426328 -0.6420833468 -0.0835437477 0.8112601042 -0.5786859989 0.7466087937 0.4355729520 0.5028434396
-165.4 302.5 2026.0 -0.8850131035 -0.3900426328 -0.2542018294 -0.4608797431 0.8112601042 0.3597872853 0.0658914298 0.4355729520 -0.8977385759
277.3 279.1 2201.4 0.4824388325 0.3996612132 0.7794380784 -0.8729987144 0.1466531754 0.4651516378 0.0715960115 -0.9048556685 0.4196549058
402.6 52.5 2220.0 -0.5346521735 0.3996612132 0.7445924878 -0.7645295262 0.1466531754 -0.6276841760 -0.3600578606 -0.9048556685 0.2271443754
33.0 -132.7 2185.5 0.9985380769 0.0415821411 0.0345344171 -0.0472109206 0.9820528030 0.1826017052 -0.0263216514 -0.1839651614 0.9825802445
16.5 -522.9 2258.6 0.9991582036 0.0259819925 0.0317468867 -0.0295634288 0.9925594330 0.1181177571 -0.0284417365 -0.1189568713 0.9924919605
216.4 -134.8 2188.0 0.9830983281 0.0833674595 -0.1629953980 -0.0697459131 0.9937123060 0.0875863582 0.1692723930 -0.0747377351 0.9827314615
183.3 -529.7 2217.7 0.9856277108 -0.0381070152 -0.1645779610 0.0499356650 0.9964113832 0.0683427528 0.1613830179 -0.0755788162 0.9839935899
62.7 421.3 2009.0 0 0 0 0 0 0 0 0 0
263.6 -146.2 2126.4 0 0 0 0 0 0 0 0 0
6.6 -902.0 2304.1 0 0 0 0 0 0 0 0 0
197.8 -910.1 2246.5 0 0 0 0 0 0 0 0 0
137.5 498.9 2203.5 45 0.9992560744 0.0294810701 -0.0248635989 -0.0297602974 0.9994972348 -0.0109359846 0.0245286934 0.0116677973 0.9996310472
130.9 275.8 2200.9 0.9992560744 0.0294810701 -0.0248635989 -0.0297602974 0.9994972348 -0.0109359846 0.0245286934 0.0116677973 0.9996310472
128.4 77.5 2190.4 0.9995874166 0.0127568757 -0.0257354137 -0.0140868286 0.9985384941 -0.0521765426 0.0250321925 0.0525175445 0.9983062148
-15.1 277.9 2197.2 0.6451349854 -0.4015474617 -0.6500464678 -0.1026657298 0.7974984050 -0.5945217013 0.7571397424 0.4502842426 0.4732689857
-162.8 301.4 2023.8 -0.8844152093 -0.4015474617 -0.2378430665 -0.4653494656 0.7974984050 0.3839871585 0.0354903936 0.4502842426 -0.8921796679
276.9 273.8 2204.5 0.5039562583 0.3911016881 0.7701087594 -0.8608948588 0.1552733779 0.4845103323 0.0699154288 -0.9071546793 0.4149484336
401.1 61.6 2221.7 -0.5038756132 0.3911016881 0.7701615095 -0.7886958122 0.1552733779 -0.5948522091 -0.3522332907 -0.9071546793 0.2302217931
33.9 -114.5 2184.8 0.9989532232 0.0369989462 0.0268977601 -0.0412347578 0.9829167128 0.1793723553 -0.0198016707 -0.1802937090 0.9834134579
19.2 -505.1 2256.5 0.9988295436 0.0417215489 0.0244717654 -0.0442896895 0.9922586083 0.1160229743 -0.0194416605 -0.1169710159 0.9929450154
217.3 -117.3 2188.0 0.9813651443 0.0925539657 -0.1683929712 -0.0766703859 0.9921781421 0.0985099226 0.1761933118 -0.0837634504 0.9807851911
180.5 -511.5 2221.3 0.9833306670 -0.0531552508 -0.1738830507 0.0602685697 0.9975370169 0.0358839296 0.1715473533 -0.0457654521 0.9841123223
65.4 421.5 2014.7 0 0 0 0 0 0 0 0 0
270.3 -143.2 2130.3 0 0 0 0 0 0 0 0 0
3.3 -884.2 2301.2 0 0 0 0 0 0 0 0 0
200.8 -892.4 2238.7 0 0 0 0 0 0 0 0 0
137.5 497.3 2202.1 46 0.9994503260 0.0306413043 -0.0126540419 -0.0308849458 0.9993321300 -0.0195297003 0.0120471753 0.0199097842 0.9997292161
130.5 268.5 2197.6 0.9994503260 0.0306413043 -0.0126540419 -0.0308849458 0.9993321300 -0.0195297003 0.0120471753 0.0199097842 0.9997292161
127.1 70.0 2188.6 0.9997620583 0.0173223354 -0.0132572483 -0.0178985950 0.9988419414 -0.0446593873 0.0124682905 0.0448860489 0.9989143014
-15.5 271.1 2195.7 0.6399811506 -0.4053386152 -0.6527823210 -0.1306689233 0.7797600627 -0.6122906804 0.7571986318 0.4771528244 0.4460665882
-161.3 300.9 2023.3 -0.8775729537 -0.4053386152 -0.2560591996 -0.4781031907 0.7797600627 0.4042172134 0.0358199030 0.4771528244 -0.8780900240
276.6 265.8 2199.4 0.5088938475 0.4072271585 0.7584148049 -0.8560336232 0.1465304196 0.4957169592 0.0907385647 -0.9014959335 0.4231685698
399.9 58.3 2221.4 -0.4916027784 0.4072271585 0.7697355151 -0.7966985703 0.1465304196 -0.5863447785 -0.3515652120 -0.9014959335 0.2524025440
34.2 -119.6 2177.7 0.9983975291 0.0396603085 0.0403656401 -0.0467542857 0.9799729586 0.1935639977 -0.0318804309 -0.1951410919 0.9802569151
18.5 -509.0 2255.2 0.9985863566 0.0377390422 0.0374308601 -0.0420855358 0.9915015101 0.1230995804 -0.0324670933 -0.1245008558 0.9916881919
217.6 -122.2 2182.3 0.9833233953 0.0954014063 -0.1548343003 -0.0781789273 0.9904282093 0.1137543321 0.1642045826 -0.0997525156 0.9813696146
179.7 -515.8 2221.9 0.9844577909 -0.0641072094 -0.1635026485 0.0675108656 0.9976006150 0.0153404651 0.1621268988 -0.0261402447 0.9864236116
65.5 424.4 2014.0 0 0 0 0 0 0 0 0 0
272.3 -148.6 2130.1 0 0 0 0 0 0 0 0 0
4.0 -887.8 2302.8 0 0 0 0 0 0 0 0 0
204.1 -896.7 2231.9 0 0 0 0 0 0 0 0 0
136.8 497.6 2200.9 47 0.9995278120 0.0277178027 -0.0132633504 -0.0279883277 0.9993945956 -0.0206650607 0.0126825310 0.0210265219 0.9996984601
130.4 267.0 2196.1 0.9995278120 0.0277178027 -0.0132633504 -0.0279883277 0.9993945956 -0.0206650607 0.0126825310 0.0210265219 0.9996984601
127.9 68.5 2188.8 0.9998266697 0.0127343470 -0.0135810552 -0.0132209389 0.9992512465 -0.0363620892 0.0131078381 0.0365353413 0.9992464185
-15.6 269.0 2194.2 0.6387735009 -0.4017415643 -0.6561799645 -0.1403572708 0.7776951790 -0.6127724051 0.7564841509 0.4835223854 0.4403837025
-161.0 300.9 2022.0 -0.8757635951 -0.4017415643 -0.2676598430 -0.4806042910 0.7776951790 0.4052279592 0.0453608632 0.4835223854 -0.8741558790
276.5 265.1 2198.0 0.4985447526 0.4036078453 0.7671726346 -0.8626846671 0.1442032158 0.4847479761 0.0850193202 -0.9034966230 0.4200780392
399.4 52.4 2219.0 -0.4909474850 0.4036078453 0.7720565200 -0.7991589904 0.1442032158 -0.5835669041 -0.3468652070 -0.9034966230 0.2517506182
32.0 -126.8 2178.6 0.9986892343 0.0334815532 0.0387138426 -0.0404084548 0.9799993038 0.1948551089 -0.0314154886 -0.1961640567 0.9800677299
18.7 -516.2 2256.5 0.9983289838 0.0445957370 0.0367481485 -0.0492934510 0.9890877604 0.1388365477 -0.0301556271 -0.1404159963 0.9896332622
215.4 -130.1 2180.9 0.9837846160 0.0881182328 -0.1562147290 -0.0700791553 0.9906030893 0.1174498722 0.1650962681 -0.1045979783 0.9807152748
180.4 -523.7 2222.4 0.9843631983 -0.0667584613 -0.1630104184 0.0733166784 0.9967101812 0.0345462672 0.1601678878 -0.0459574573 0.9860193729
65.5 425.2 2010.3 0 0 0 0 0 0 0 0 0
271.8 -155.2 2128.8 0 0 0 0 0 0 0 0 0
1.7 -894.1 2310.2 0 0 0 0 0 0 0 0 0
205.9 -904.4 2240.0 0 0 0 0 0 0 0 0 0
136.9 498.5 2200.4 48 0.9992063642 0.0285040699 -0.0278242771 -0.0289482679 0.9994577169 -0.0156942774 0.0273618381 0.0164872855 0.9994896054
130.2 264.2 2196.5 0.9992063642 0.0285040699 -0.0278242771 -0.0289482679 0.9994577169 -0.0156942774 0.0273618381 0.0164872855 0.9994896054
127.3 65.7 2189.7 0.9994968772 0.0144867143 -0.0282160062 -0.0154411420 0.9993057251 -0.0339068882 0.0277052168 0.0343255140 0.9990265965
-15.8 266.5 2192.4 0.6422564983 -0.3854081333 -0.6625459790 -0.1523047239 0.7829837799 -0.6031083465 0.7512056231 0.4882591665 0.4441769421
-161.0 300.9 2022.6 -0.8752171397 -0.3854081333 -0.2923277915 -0.4778195620 0.7829837799 0.3982774317 0.0753885433 0.4882591665 -0.8694363236
276.2 262.0 2200.5 0.4999221861 0.3952575624 0.7706161737 -0.8629564643 0.1519497633 0.4818894267 0.0733755082 -0.9059153795 0.4170531332
398.4 51.0 2218.5 -0.4943636358 0.3952575624 0.7741938233 -0.7960247397 0.1519497633 -0.5858803988 -0.3492122293 -0.9059153795 0.2395163774
33.7 -128.9 2180.4 0.9987503290 0.0436468087 0.0243452452 -0.0473961793 0.9817162156 0.1843552440 -0.0158536043 -0.1852787286 0.9825581312
16.4 -519.0 2254.0 0.9993789792 0.0266773589 0.0230223108 -0.0299254432 0.9874982238 0.1547635645 -0.0186058078 -0.1553563923 0.9876832366
217.1 -131.3 2182.8 0.9812719226 0.0896938667 -0.1704711765 -0.0701592192 0.9906082749 0.1173583195 0.1793964654 -0.1032002941 0.9783489108
181.5 -525.0 2223.8 0.9825259447 -0.0557555407 -0.1775782704 0.0622835904 0.9975644946 0.0313973874 0.1753952056 -0.0419089608 0.9836056828
65.2 424.4 2003.2 0 0 0 0 0 0 0 0 0
270.0 -155.8 2127.7 0 0 0 0 0 0 0 0 0
6.2 -896.2 2313.3 0 0 0 0 0 0 0 0 0
202.8 -906.1 2239.8 0 0 0 0 0 0 0 0 0
135.9 496.3 2202.1 49 0.9990203381 0.0166091919 -0.0410186984 -0.0172953159 0.9997154474 -0.0164292529 0.0407341495 0.0171225891 0.9990233183
132.2 278.1 2198.3 0.9990203381 0.0166091919 -0.0410186984 -0.0172953159 0.9997154474 -0.0164292529 0.0407341495 0.0171225891 0.9990233183
130.7 79.5 2192.4 0.9991225004 0.0076682079 -0.0411749743 -0.0088787777 0.9995312691 -0.0292986911 0.0409310088 0.0296385661 0.9987223148
-13.7 279.4 2192.3 0.6523258090 -0.3896227181 -0.6501270533 -0.0951514915 0.8088732362 -0.5802329779 0.7519422770 0.4403615296 0.4905757010
-161.4 300.9 2022.1 -0.8751280308 -0.3896227181 -0.2869583368 -0.4741446376 0.8088732362 0.3477225602 0.0966323018 0.4403615296 -0.8926051259
278.2 276.8 2204.3 0.4680285752 0.3951854408 0.7904288173 -0.8820728660 0.1544337273 0.4450816214 0.0538209081 -0.9055267572 0.4208617508
398.9 49.4 2218.2 -0.5106533170 0.3951854408 0.7635847330 -0.7824828029 0.1544337273 -0.6032171249 -0.3563058674 -0.9055267572 0.2303637266
32.8 -131.5 2180.3 0.9991670847 0.0395513996 0.0100404527 -0.0407268964 0.9818798304 0.1850764006 -0.0025384873 -0.1853311658 0.9826728702
17.0 -521.7 2254.0 0.9995698929 0.0278871916 0.0090767993 -0.0289861262 0.9865005612 0.1611722410 -0.0044596260 -0.1613660157 0.9868845344
216.1 -134.3 2185.4 0.9785558581 0.0901193172 -0.1852213591 -0.0708213747 0.9915926456 0.1082973331 0.1934238225 -0.0928573534 0.9767112136
180.3 -528.4 2222.3 0.9788126945 -0.0756162032 -0.1902837008 0.0863488242 0.9950716496 0.0487471223 0.1856598407 -0.0641450807 0.9805181623
64.9 423.6 1997.1 0 0 0 0 0 0 0 0 0
266.2 -153.9 2125.6 0 0 0 0 0 0 0 0 0
6.4 -898.6 2315.6 0 0 0 0 0 0 0 0 0
209.1 -908.4 2246.8 0 0 0 0 0 0 0 0 0
136.7 494.8 2202.9 50 0.9985349178 0.0172643866 -0.0512835346 -0.0182654895 0.9996504188 -0.0191167835 0.0509355664 0.0200254936 0.9985011220
132.9 272.5 2198.5 0.9985349178 0.0172643866 -0.0512835346 -0.0182654895 0.9996504188 -0.0191167835 0.0509355664 0.0200254936 0.9985011220
130.0 74.0 2190.4 0.9985626936 0.0144393453 -0.0516146384 -0.0165136680 0.9990635514 -0.0399907678 0.0509888679 0.0407856330 0.9978660345
-13.0 275.0 2191.0 0.6599051952 -0.3893813789 -0.6425786018 -0.1087821797 0.7967078090 -0.5944939256 0.7434322834 0.4622107446 0.4833938777
-161.6 299.5 2023.7 -0.8720676899 -0.3893813789 -0.2964456975 -0.4803920090 0.7967078090 0.3667153120 0.0933885053 0.4622107446 -0.8818388581
278.7 270.1 2205.9 0.4885637760 0.3940098584 0.7784996033 -0.8704510331 0.1585683227 0.4660161436 0.0601695739 -0.9053244591 0.4204370379
398.6 56.5 2220.7 -0.5034401417 0.3940098584 0.7689630985 -0.7868629694 0.1585683227 -0.5964081883 -0.3569238782 -0.9053244591 0.2302021086
37.6 -118.3 2182.8 0.9983714819 0.0570127182 0.0019982618 -0.0563750379 0.9806302190 0.1875799000 0.0087348837 -0.1873870790 0.9822472930
14.9 -508.0 2257.3 0.9998728633 0.0158655662 -0.0015946943 -0.0155401230 0.9919748902 0.1254764646 0.0035726519 -0.1254357249 0.9920952916
220.8 -119.9 2190.3 0.9752463102 0.1020466536 -0.1961661577 -0.0874190107 0.9928029776 0.0818548650 0.2031073570 -0.0626799986 0.9771482348
180.3 -514.3 2215.2 0.9781889319 -0.0630613640 -0.1979134083 0.0772012249 0.9949234724 0.0645542666 0.1928378195 -0.0784254223 0.9780915380
64.9 424.2 1999.4 0 0 0 0 0 0 0 0 0
267.8 -147.9 2127.9 0 0 0 0 0 0 0 0 0
8.8 -886.7 2305.2 0 0 0 0 0 0 0 0 0
204.3 -894.3 2245.2 0 0 0 0 0 0 0 0 0
136.0 492.3 2200.3 51 0.9987142086 0.0248674359 -0.0441763215 -0.0254065040 0.9996089339 -0.0116832787 0.0438685119 0.0127906222 0.9989554286
130.4 267.3 2197.5 0.9987142086 0.0248674359 -0.0441763215 -0.0254065040 0.9996089339 -0.0116832787 0.0438685119 0.0127906222 0.9989554286
129.1 68.8 2188.9 0.9989794493 0.0066929902 -0.0446689203 -0.0086107105 0.9990431666 -0.0428785123 0.0443391949 0.0432193838 0.9980812073
-15.5 268.6 2191.0 0.6463696361 -0.3962175548 -0.6520873904 -0.1411657631 0.7777591348 -0.6125054359 0.7498523593 0.4879573286 0.4467875361
-160.7 300.3 2022.6 -0.8730576038 -0.3962175548 -0.2842219174 -0.4836601913 0.7777591348 0.4014517665 0.0619939603 0.4879573286 -0.8706631660
276.3 266.1 2203.9 0.4986222684 0.3949039280 0.7716389894 -0.8642444015 0.1579218656 0.4776424468 0.0667642057 -0.9050478339 0.4200368524
398.8 53.7 2220.3 -0.5057283640 0.3949039280 0.7670004964 -0.7850627303 0.1579218656 -0.5989467502 -0.3576525748 -0.9050478339 0.2301587909
35.6 -123.0 2177.6 0.9986174703 0.0520356521 0.0074435314 -0.0524915829 0.9796686769 0.1936333328 0.0027836417 -0.1937563568 0.9810457230
14.9 -512.3 2254.6 0.9999220371 0.0112376828 0.0054462785 -0.0119498102 0.9876860380 0.1559921056 -0.0036262234 -0.1560450196 0.9877432585
218.7 -126.0 2186.9 0.9769335985 0.0989468470 -0.1892359704 -0.0832658485 0.9925351739 0.0891110674 0.1966406107 -0.0712987036 0.9778798223
179.4 -520.3 2215.2 0.9800683260 -0.0634831637 -0.1882445216 0.0832376108 0.9916041493 0.0989584029 0.1803818494 -0.1126550213 0.9771239758
66.6 426.1 2006.5 0 0 0 0 0 0 0 0 0
267.4 -150.3 2127.4 0 0 0 0 0 0 0 0 0
10.6 -889.4 2314.2 0 0 0 0 0 0 0 0 0
203.6 -899.0 2258.3 0 0 0 0 0 0 0 0 0
135.6 492.0 2200.1 52 0.9988957047 0.0212407149 -0.0419071503 -0.0220860168 0.9995597601 -0.0198119786 0.0414678790 0.0207156613 0.9989250898
130.7 262.5 2195.3 0.9988957047 0.0212407149 -0.0419071503 -0.0220860168 0.9995597601 -0.0198119786 0.0414678790 0.0207156613 0.9989250898
128.9 64.0 2188.3 0.9990689158 0.0092592724 -0.0421377532 -0.0107347500 0.9993322492 -0.0349251032 0.0417862348 0.0353449248 0.9985011816
-15.3 264.1 2189.2 0.6284217834 -0.3971184790 -0.6688669324 -0.1757895499 0.7651206255 -0.6194259524 0.7577493787 0.5068405867 0.4110091925
-154.5 303.1 2021.3 -0.8822779059 -0.3971184790 -0.2527499795 -0.4703548253 0.7651206255 0.4397235811 0.0187618583 0.5068405867 -0.8618355989
276.6 261.0 2201.4 0.4961815774 0.4077785015 0.7664989233 -0.8646170497 0.1517443359 0.4789686799 0.0790012628 -0.9003834724 0.4278649688
396.5 52.1 2220.5 -0.5111238360 0.4077785015 0.7566168904 -0.7791830897 0.1517443359 -0.6081507802 -0.3628031313 -0.9003834724 0.2401739657
36.1 -128.9 2176.2 0.9987636209 0.0484567471 0.0110958200 -0.0497080609 0.9758964777 0.2124976069 -0.0005314283 -0.2127864361 0.9770985842
16.9 -516.7 2260.8 0.9996480346 0.0257144347 0.0065229014 -0.0263131894 0.9923707247 0.1204490513 -0.0033758569 -0.1205782965 0.9926980734
219.3 -130.5 2184.3 0.9777032137 0.0978401974 -0.1858056039 -0.0795432031 0.9914423823 0.1035128832 0.1943432689 -0.0864253044 0.9771189094
180.5 -524.4 2218.7 0.9803329110 -0.0564255826 -0.1891126186 0.0705470592 0.9951338768 0.0687875524 0.1843110025 -0.0807760432 0.9795430899
75.7 425.8 2016.4 0 0 0 0 0 0 0 0 0
263.7 -150.3 2126.2 0 0 0 0 0 0 0 0 0
7.1 -895.5 2306.8 0 0 0 0 0 0 0 0 0
202.0 -904.4 2249.5 0 0 0 0 0 0 0 0 0
135.8 491.1 2200.9 53 0.9990573525 0.0256867167 -0.0349945873 -0.0267079733 0.9992215037 -0.0290352833 0.0342215225 0.0299425460 0.9989656210
129.9 260.3 2194.0 0.9990573525 0.0256867167 -0.0349945873 -0.0267079733 0.9992215037 -0.0290352833 0.0342215225 0.0299425460 0.9989656210
127.0 61.7 2188.1 0.9992840290 0.0143799931 -0.0349947810 -0.0153996712 0.9994594455 -0.0290450528 0.0345581993 0.0295631662 0.9989653230
-16.1 262.5 2188.9 0.6058514714 -0.4182343781 -0.6767747402 -0.1933889389 0.7477360964 -0.6352097392 0.7717154622 0.5157235265 0.3721351027
-149.4 305.1 2019.1 -0.8827655315 -0.4182343781 -0.2140210122 -0.4683691263 0.7477360964 0.4706602693 -0.0368150622 0.5157235265 -0.8559637666
275.8 258.0 2199.0 0.5112394691 0.4091690779 0.7557876110 -0.8543983698 0.1468709558 0.4984298646 0.0929388404 -0.9005607367 0.4246796370
399.6 51.2 2221.5 -0.5225055814 0.4091690779 0.7480431795 -0.7714067101 0.1468709558 -0.6191612482 -0.3632074594 -0.9005607367 0.2388948649
35.4 -133.6 2177.4 0.9984809756 0.0517521203 0.0189067088 -0.0545793027 0.9759884477 0.2108735591 -0.0075395750 -0.2115851492 0.9773305058
14.8 -521.5 2261.5 0.9997641444 0.0163215231 0.0143281948 -0.0179871116 0.9919834137 0.1250812262 -0.0121718151 -0.1253094524 0.9920430183
218.6 -135.6 2185.1 0.9792562723 0.0946436897 -0.1791639030 -0.0776419118 0.9919884801 0.0996524394 0.1871600002 -0.0836746544 0.9787592888
181.0 -529.8 2218.3 0.9817669392 -0.0533392578 -0.1824517697 0.0659775659 0.9957721829 0.0639119148 0.1782713830 -0.0747843310 0.9811353683
81.7 427.7 2028.8 0 0 0 0 0 0 0 0 0
263.8 -149.2 2127.2 0 0 0 0 0 0 0 0 0
8.6 -900.3 2309.3 0 0 0 0 0 0 0 0 0
201.4 -910.1 2246.9 0 0 0 0 0 0 0 0 0
135.5 489.2 2200.8 54 0.9998472929 0.0147931222 -0.0093019083 -0.0150868315 0.9993630648 -0.0323404931 0.0088175666 0.0324758925 0.9994336367
132.1 257.9 2193.3 0.9998472929 0.0147931222 -0.0093019083 -0.0150868315 0.9993630648 -0.0323404931 0.0088175666 0.0324758925 0.9994336367
127.8 59.3 2187.2 0.9997239113 0.0215907414 -0.0092690513 -0.0218645819 0.9992945194 -0.0305355750 0.0086032264 0.0307298098 0.9994906783
-13.9 261.0 2192.1 0.6015238166 -0.4295501411 -0.6735396981 -0.1930014640 0.7400117517 -0.6443081498 0.7751899958 0.5175608397 0.3622308969
-148.0 304.1 2019.3 -0.8779749274 -0.4295501411 -0.2112976462 -0.4763329625 0.7400117517 0.4748573303 -0.0476122834 0.5175608397 -0.8543207049
278.1 254.7 2194.6 0.5177993774 0.4316746294 0.7386073470 -0.8469843864 0.1371454000 0.5136230588 0.1204214394 -0.8915425539 0.4366354644
401.8 52.2 2223.4 -0.5288386345 0.4316746294 0.7307439446 -0.7622142434 0.1371454000 -0.6326299310 -0.3733084500 -0.8915425539 0.2565007508
32.5 -135.5 2179.1 0.9981326461 0.0411316864 0.0451603159 -0.0493695512 0.9785744548 0.1998865455 -0.0359710604 -0.2017428279 0.9787777662
16.2 -524.3 2259.2 0.9989438057 0.0186374970 0.0419993550 -0.0238431748 0.9916069508 0.1270714551 -0.0392785557 -0.1279386431 0.9910039902
215.8 -138.3 2185.4 0.9845380783 0.0842372030 -0.1535867602 -0.0703657418 0.9931177497 0.0936259478 0.1604165137 -0.0813710615 0.9836896062
182.3 -533.0 2217.8 0.9867265224 -0.0414558426 -0.1570099741 0.0501100346 0.9974116087 0.0515659042 0.1544658691 -0.0587492213 0.9862498641
83.6 429.7 2031.9 0 0 0 0 0 0 0 0 0
264.4 -145.8 2126.4 0 0 0 0 0 0 0 0 0
9.1 -903.2 2308.1 0 0 0 0 0 0 0 0 0
198.2 -914.0 2240.2 0 0 0 0 0 0 0 0 0
136.3 487.7 2201.3 55 0.9997531176 0.0221385173 -0.0018881635 -0.0221888348 0.9992077947 -0.0330363698 0.0011552916 0.0330701098 0.9994523525
131.2 258.1 2193.7 0.9997531176 0.0221385173 -0.0018881635 -0.0221888348 0.9992077947 -0.0330363698 0.0011552916 0.0330701098 0.9994523525
127.6 59.5 2188.5 0.9998338223 0.0181457121 -0.0017489501 -0.0181852356 0.9994931221 -0.0261292942 0.0012739289 0.0261567570 0.9996570349
-14.8 260.8 2193.5 0.5912726521 -0.4297937155 -0.6824030876 -0.1883520037 0.7491643429 -0.6350404024 0.7841684818 0.5040140152 0.3620078862
-147.2 302.9 2018.0 -0.8795443773 -0.4297937155 -0.2041544169 -0.4735784531 0.7491643429 0.4631157815 -0.0460990369 0.5040140152 -0.8624643683
277.2 255.5 2193.9 0.5221574903 0.4101170301 0.7477670312 -0.8458424807 0.1368728727 0.5155737996 0.1090965793 -0.9017038345 0.4183636010
403.5 51.0 2220.3 -0.5368515253 0.4101170301 0.7372885942 -0.7630167603 0.1368728727 -0.6317209005 -0.3599942923 -0.9017038345 0.2394457608
31.8 -137.3 2180.4 0.9979324937 0.0386122651 0.0513795502 -0.0480121188 0.9793151021 0.1965622306 -0.0427270569 -0.1986226887 0.9791442156
16.5 -526.5 2259.3 0.9982895851 0.0323198475 0.0487166606 -0.0384844765 0.9905766845 0.1314409524 -0.0440094396 -0.1330909729 0.9901262522
215.2 -141.3 2181.9 0.9857317805 0.0822196230 -0.1468767226 -0.0687612593 0.9931496978 0.0944753662 0.1536383033 -0.0830279440 0.9846327305
182.5 -536.0 2214.9 0.9878696203 -0.0446519107 -0.1487273723 0.0557972752 0.9958695769 0.0716273785 0.1449147761 -0.0790570974 0.9862807393
86.0 428.5 2030.2 0 0 0 0 0 0 0 0 0
264.0 -147.2 2126.7 0 0 0 0 0 0 0 0 0
4.1 -904.9 2310.1 0 0 0 0 0 0 0 0 0
199.5 -916.4 2245.1 0 0 0 0 0 0 0 0 0
136.4 487.4 2200.5 56 0.9997073412 0.0236980692 0.0048563480 -0.0235262811 0.9991846085 -0.0328124948 -0.0056299805 0.0326886401 0.9994497299
130.9 254.9 2192.9 0.9997073412 0.0236980692 0.0048563480 -0.0235262811 0.9991846085 -0.0328124948 -0.0056299805 0.0326886401 0.9994497299
127.9 56.3 2187.4 0.9998745322 0.0150450049 0.0049532056 -0.0149016045 0.9995020032 -0.0278157853 -0.0053692274 0.0277384855 0.9996007681
-15.2 257.1 2193.7 0.6136813760 -0.4210038483 -0.6679453254 -0.1824311763 0.7474789619 -0.6387441158 0.7681888342 0.5138394237 0.3819096684
-153.9 298.3 2020.1 -0.8712394238 -0.4210038483 -0.2523839474 -0.4908582866 0.7474789619 0.4475860894 0.0002162211 0.5138394237 -0.8578863740
276.9 252.7 2192.1 0.5263901353 0.4094738364 0.7451473475 -0.8429988027 0.1371871531 0.5201275349 0.1107539833 -0.9019483924 0.4173999429
403.1 50.6 2218.7 -0.5360078812 0.4094738364 0.7382592559 -0.7638326287 0.1371871531 -0.6306658387 -0.3595208526 -0.9019483924 0.2392361015
32.3 -137.4 2183.2 0.9976266026 0.0384276658 0.0571354739 -0.0487979874 0.9799984694 0.1929295063 -0.0485788472 -0.1952597052 0.9795477390
17.1 -526.9 2260.8 0.9981799722 0.0269826278 0.0539316684 -0.0330587514 0.9927977324 0.1151511371 -0.0504361577 -0.1167244762 0.9918828607
215.7 -140.8 2183.4 0.9869259000 0.0786931366 -0.1406577677 -0.0660464466 0.9935264587 0.0924283415 0.1470206827 -0.0819299817 0.9857344627
184.4 -535.6 2216.0 0.9890949726 -0.0393239073 -0.1419323534 0.0505091399 0.9958212972 0.0760837719 0.1383473575 -0.0824229568 0.9869480729
77.4 428.7 2020.0 0 0 0 0 0 0 0 0 0
263.9 -147.9 2125.3 0 0 0 0 0 0 0 0 0
6.7 -906.2 2305.4 0 0 0 0 0 0 0 0 0
199.4 -916.1 2247.5 0 0 0 0 0 0 0 0 0
137.9 487.3 2201.6 57 0.9995481372 0.0299389753 0.0026842933 -0.0298289601 0.9989619255 -0.0344284922 -0.0037122606 0.0343328640 0.9994035363
131.0 259.6 2193.8 0.9995481372 0.0299389753 0.0026842933 -0.0298289601 0.9989619255 -0.0344284922 -0.0037122606 0.0343328640 0.9994035363
127.9 61.0 2189.8 0.9998701215 0.0158315282 0.0030098804 -0.0157675389 0.9996713996 -0.0202112757 -0.0033288666 0.0201611929 0.9997912049
-15.0 261.9 2194.3 0.6301612258 -0.4170336425 -0.6549654603 -0.1471099406 0.7641210556 -0.6280745864 0.7624011636 0.4921401739 0.4201696813
-158.1 295.4 2021.2 -0.8666949272 -0.4170336425 -0.2737204731 -0.4973997772 0.7641210556 0.4107462466 0.0378605723 0.4921401739 -0.8696922660
277.1 257.3 2193.3 0.5097786188 0.3952494264 0.7641358972 -0.8553315401 0.1374780536 0.4995075166 0.0923781395 -0.9082277417 0.4081526697
402.3 47.2 2216.0 -0.5479925871 0.3952494264 0.7372123599 -0.7582325339 0.1374780536 -0.6373250484 -0.3532528877 -0.9082277417 0.2243540138
33.2 -141.0 2182.4 0.9977171421 0.0389548130 0.0551636405 -0.0489826389 0.9797695279 0.1940422952 -0.0464887731 -0.1963013858 0.9794409275
17.7 -530.3 2260.4 0.9981111288 0.0316186771 0.0526723899 -0.0384225957 0.9902865291 0.1336273551 -0.0479356386 -0.1353987604 0.9896309376
216.6 -143.7 2181.4 0.9862300754 0.0832871869 -0.1428758949 -0.0700760484 0.9929947257 0.0951359421 0.1497986168 -0.0838137493 0.9851576686
183.5 -538.3 2214.7 0.9885227680 -0.0440991931 -0.1444920748 0.0554532260 0.9956014156 0.0755166560 0.1405262798 -0.0826624855 0.9866201282
71.6 427.2 2011.2 0 0 0 0 0 0 0 0 0
259.9 -149.8 2124.3 0 0 0 0 0 0 0 0 0
5.6 -908.7 2312.1 0 0 0 0 0 0 0 0 0
200.3 -918.8 2246.3 0 0 0 0 0 0 0 0 0
139.0 491.7 2201.2 58 0.9993951917 0.0346705206 -0.0026765559 -0.0347334929 0.9989781976 -0.0289151911 0.0016713165 0.0289906692 0.9995782971
131.0 261.7 2194.5 0.9993951917 0.0346705206 -0.0026765559 -0.0347334929 0.9989781976 -0.0289151911 0.0016713165 0.0289906692 0.9995782971
128.6 63.1 2190.8 0.9999246001 0.0120349284 -0.0024383422 -0.0120785004 0.9997518063 -0.0187209845 0.0022124313 0.0187490247 0.9998217821
-15.0 263.5 2194.2 0.6416650414 -0.4109629989 -0.6475919485 -0.1355217099 0.7702997327 -0.6231149435 0.7549170852 0.4875938296 0.4385800064
-160.6 294.2 2023.0 -0.8647998571 -0.4109629989 -0.2884971201 -0.4986521900 0.7702997327 0.3974724412 0.0588827878 0.4875938296 -0.8710827231
277.1 260.0 2194.9 0.5062366128 0.3903652728 0.7689859867 -0.8579770923 0.1378378272 0.4948495030 0.0871767178 -0.9102833271 0.4047030210
402.7 47.2 2216.5 -0.5559912324 0.3903652728 0.7338179350 -0.7527780533 0.1378378272 -0.6436815858 -0.3524188101 -0.9102833271 0.2172217965
33.0 -136.2 2186.1 0.9981566072 0.0361150764 0.0487754494 -0.0447127558 0.9810304642 0.1886265129 -0.0410379432 -0.1904596835 0.9808368683
18.7 -526.1 2261.8 0.9983237982 0.0347692855 0.0462672263 -0.0402354486 0.9915899634 0.1230056882 -0.0416012965 -0.1246610880 0.9913268685
216.4 -139.1 2185.5 0.9853655696 0.0827629417 -0.1490133852 -0.0695477575 0.9933441281 0.0918180421 0.1556207091 -0.0801107883 0.9845630527
183.5 -533.9 2217.3 0.9876472950 -0.0416892357 -0.1510455906 0.0522795878 0.9963935614 0.0668335184 0.1477146149 -0.0739045516 0.9862649441
68.4 426.3 2007.4 0 0 0 0 0 0 0 0 0
258.2 -148.4 2124.9 0 0 0 0 0 0 0 0 0
5.4 -904.9 2309.4 0 0 0 0 0 0 0 0 0
199.5 -914.6 2245.6 0 0 0 0 0 0 0 0 0
140.1 493.4 2201.0 59 0.9992223382 0.0393756069 0.0020794719 -0.0392878875 0.9987043738 -0.0323422924 -0.0033502751 0.0322354399 0.9994747043
131.1 263.9 2193.6 0.9992223382 0.0393756069 0.0020794719 -0.0392878875 0.9987043738 -0.0323422924 -0.0033502751 0.0322354399 0.9994747043
128.5 65.2 2190.5 0.9999128580 0.0129602477 0.0025191745 -0.0129195461 0.9997956157 -0.0155517897 -0.0027202144 0.0155178877 0.9998759031
-15.0 265.7 2194.0 0.6483001113 -0.4114588499 -0.6406313777 -0.1264648288 0.7715229392 -0.6235053539 0.7508085966 0.4852359593 0.4481433630
-161.7 294.4 2024.0 -0.8643386364 -0.4114588499 -0.2891719043 -0.4992175698 0.7715229392 0.3943781555 0.0608323775 0.4852359593 -0.8722645640
277.2 262.0 2193.2 0.5053200126 0.4085547626 0.7600886226 -0.8571343422 0.1357044280 0.4968953431 0.0998615623 -0.9025892019 0.4187605083
403.2 48.1 2218.1 -0.5435183644 0.4085547626 0.7332603931 -0.7582663298 0.1357044280 -0.6376648545 -0.3600277007 -0.9025892019 0.2360354662
34.5 -134.5 2186.9 0.9978663325 0.0375253819 0.0534286648 -0.0466572568 0.9822841287 0.1814965159 -0.0456714034 -0.1836020947 0.9819390774
19.6 -524.9 2259.9 0.9975771904 0.0475327447 0.0507970527 -0.0531355627 0.9919039011 0.1153395623 -0.0449033901 -0.1177592501 0.9920264482
218.0 -136.7 2187.3 0.9860092402 0.0846602917 -0.1435911059 -0.0705993846 0.9924445152 0.1003474221 0.1510016471 -0.0888060406 0.9845364094
184.3 -531.1 2222.6 0.9880418777 -0.0379935391 -0.1494312584 0.0424956307 0.9987304211 0.0270503163 0.1482138038 -0.0330770239 0.9884020090
66.8 426.4 2007.9 0 0 0 0 0 0 0 0 0
262.0 -148.9 2124.6 0 0 0 0 0 0 0 0 0
1.5 -903.8 2304.8 0 0 0 0 0 0 0 0 0
198.8 -912.4 2235.2 0 0 0 0 0 0 0 0 0
140.2 492.2 2201.4 60 0.9990247488 0.0428505689 0.0106457453 -0.0423983522 0.9983162880 -0.0395853296 -0.0123240743 0.0390953645 0.9991594553
130.4 264.1 2192.4 0.9990247488 0.0428505689 0.0106457453 -0.0423983522 0.9983162880 -0.0395853296 -0.0123240743 0.0390953645 0.9991594553
127.4 65.4 2190.3 0.9998168945 0.0153128812 0.0114763398 -0.0151861338 0.9998236299 -0.0110511743 -0.0116435410 0.0108748693 0.9998731017
-15.7 266.3 2194.1 0.6453049779 -0.4146236181 -0.6416141391 -0.1266143471 0.7702253461 -0.6250773668 0.7533593178 0.4846031070 0.4445329607
-161.2 294.8 2024.2 -0.8693976998 -0.4146236181 -0.2687654495 -0.4925687313 0.7702253461 0.4051283598 0.0390341729 0.4846031070 -0.8738628030
276.5 261.8 2190.7 0.5094726086 0.4124895036 0.7551755309 -0.8534022570 0.1298289299 0.5048257113 0.1101916730 -0.9016633630 0.4181637466
402.8 50.2 2218.1 -0.5410844088 0.4124895036 0.7328575253 -0.7613571286 0.1298289299 -0.6352005601 -0.3571596742 -0.9016633630 0.2438034117
34.2 -132.3 2187.7 0.9973302484 0.0382517315 0.0622028224 -0.0485787205 0.9835359454 0.1740608811 -0.0545205809 -0.1766179204 0.9827683568
19.0 -523.2 2257.9 0.9971985817 0.0444242768 0.0601782352 -0.0516200587 0.9909577966 0.1238465309 -0.0541323014 -0.1266059875 0.9904749393
217.6 -134.7 2187.2 0.9868875742 0.0869477764 -0.1359887868 -0.0753650963 0.9932540655 0.0881275237 0.1427339017 -0.0767231509 0.9867829680
183.1 -529.4 2217.7 0.9891120791 -0.0471137501 -0.1394187957 0.0542150028 0.9973949790 0.0475810654 0.1368138939 -0.0546215959 0.9890897274
68.4 425.0 2013.9 0 0 0 0 0 0 0 0 0
262.2 -147.6 2125.3 0 0 0 0 0 0 0 0 0
2.1 -901.8 2306.2 0 0 0 0 0 0 0 0 0
201.1 -910.3 2238.5 0 0 0 0 0 0 0 0 0
139.3 493.9 2201.1 61 0.9992938638 0.0350528061 -0.0135310059 -0.0355358608 0.9986726642 -0.0372838676 0.0122061418 0.0377383754 0.9992130995
131.1 260.3 2192.2 0.9992938638 0.0350528061 -0.0135310059 -0.0355358608 0.9986726642 -0.0372838676 0.0122061418 0.0377383754 0.9992130995
127.6 61.7 2190.1 0.9997612238 0.0176933557 -0.0128223160 -0.0178276096 0.9997866154 -0.0104328552 0.0126349879 0.0106589561 0.9998633862
-14.9 263.0 2190.4 0.6344990134 -0.4259655476 -0.6449529529 -0.1617361158 0.7427889705 -0.6496968865 0.7558124065 0.5165442228 0.4024048448
-155.1 298.7 2023.3 -0.8745347261 -0.4259655476 -0.2318240106 -0.4843329191 0.7427889705 0.4622620642 -0.0247114077 0.5165442228 -0.8559038639
277.1 257.7 2194.1 0.5199234486 0.3967215717 0.7564995289 -0.8485254049 0.1378343701 0.5108878016 0.0984085798 -0.9075316191 0.4082916677
403.4 51.7 2218.0 -0.5366368294 0.3967215717 0.7447367907 -0.7672901750 0.1378343701 -0.6263126135 -0.3511220515 -0.9075316191 0.2304335684
32.6 -131.9 2189.2 0.9985985756 0.0360139944 0.0387794971 -0.0422442406 0.9838094711 0.1741675735 -0.0318791680 -0.1755616963 0.9839521646
18.3 -522.9 2259.0 0.9987953305 0.0324872062 0.0367764793 -0.0367122218 0.9920045733 0.1207439527 -0.0325598046 -0.1219486445 0.9920021892
216.0 -134.7 2187.1 0.9833968282 0.0851700827 -0.1602396667 -0.0726170465 0.9939305186 0.0826372728 0.1663053185 -0.0696290955 0.9836128950
182.2 -529.7 2214.7 0.9857110977 -0.0499001779 -0.1608836949 0.0626328066 0.9952097535 0.0750648528 0.1563672721 -0.0840688646 0.9841147065
76.3 426.9 2029.9 0 0 0 0 0 0 0 0 0
263.9 -147.6 2126.7 0 0 0 0 0 0 0 0 0
5.9 -901.9 2305.6 0 0 0 0 0 0 0 0 0
201.2 -909.7 2246.8 0 0 0 0 0 0 0 0 0
139.0 490.3 2201.4 62 0.9992461205 0.0360111929 -0.0145045575 -0.0365913995 0.9984494448 -0.0419493578 0.0129714217 0.0424484760 0.9990144372
130.7 260.5 2191.6 0.9992461205 0.0360111929 -0.0145045575 -0.0365913995 0.9984494448 -0.0419493578 0.0129714217 0.0424484760 0.9990144372
126.1 61.8 2189.8 0.9996408224 0.0231343061 -0.0135291126 -0.0232571661 0.9996890426 -0.0089954622 0.0133168017 0.0093068806 0.9998680353
-15.3 263.9 2189.7 0.6217336655 -0.4258899391 -0.6573165059 -0.1744314283 0.7428700924 -0.6463108063 0.7635580897 0.5164898634 0.3875787556
-151.3 302.0 2022.7 -0.8794252276 -0.4258899391 -0.2126712203 -0.4740623534 0.7428700924 0.4726614952 -0.0433146879 0.5164898634 -0.8551970720
276.8 257.1 2193.6 0.5162516236 0.3850717843 0.7649862766 -0.8517927527 0.1379640996 0.5053859949 0.0890692398 -0.9125161171 0.3992255330
402.4 49.8 2215.3 -0.5375251770 0.3850717843 0.7501909137 -0.7702119350 0.1379640996 -0.6226873398 -0.3432787359 -0.9125161171 0.2224276960
32.4 -135.4 2186.8 0.9986239672 0.0351716541 0.0388982408 -0.0413126387 0.9845046401 0.1704225391 -0.0323014557 -0.1717950255 0.9846029878
18.5 -526.6 2255.1 0.9986665249 0.0354639292 0.0375169143 -0.0401448458 0.9903782010 0.1324365288 -0.0324592106 -0.1337660402 0.9904811978
215.8 -138.6 2189.2 0.9829824567 0.0885495767 -0.1609485447 -0.0765895247 0.9939229488 0.0790643990 0.1669715643 -0.0653919429 0.9837908149
180.6 -533.6 2215.1 0.9853090048 -0.0562885739 -0.1612381339 0.0692306906 0.9947165251 0.0758037120 0.1561193466 -0.0858527049 0.9840000272
82.6 428.1 2034.2 0 0 0 0 0 0 0 0 0
262.7 -150.4 2126.1 0 0 0 0 0 0 0 0 0
4.9 -905.1 2306.2 0 0 0 0 0 0 0 0 0
202.1 -913.6 2247.9 0 0 0 0 0 0 0 0 0
139.3 491.9 2202.1 63 0.9992015362 0.0374834687 -0.0138311731 -0.0380703472 0.9982640743 -0.0449381098 0.0121227279 0.0454287827 0.9988940358
130.6 260.7 2191.6 0.9992015362 0.0374834687 -0.0138311731 -0.0380703472 0.9982640743 -0.0449381098 0.0121227279 0.0454287827 0.9988940358
125.6 62.1 2189.9 0.9995948672 0.0254847165 -0.0126720145 -0.0255892854 0.9996392131 -0.0081594260 0.0124595026 0.0084803887 0.9998863935
-15.4 264.5 2189.7 0.6171213388 -0.4246434569 -0.6624493599 -0.1761311144 0.7459730506 -0.6422631741 0.7669022679 0.5130322576 0.3855629861
-151.2 303.2 2021.0 -0.8805112839 -0.4246434569 -0.2106604874 -0.4721335471 0.7459730506 0.4696957469 -0.0423061624 0.5130322576 -0.8573261499
276.6 257.0 2193.4 0.5125905871 0.3798776269 0.7700284719 -0.8544488549 0.1372475773 0.5010790825 0.0846641883 -0.9147983789 0.3949378431
401.3 49.1 2214.0 -0.5360184312 0.3798776269 0.7539079785 -0.7733232379 0.1372475773 -0.6189784408 -0.3386081159 -0.9147983789 0.2202009708
29.9 -134.7 2186.7 0.9988469481 0.0260748863 0.0403098688 -0.0327755660 0.9838964939 0.1757084280 -0.0350791626 -0.1768270135 0.9836166501
19.5 -525.7 2257.0 0.9979709983 0.0504818074 0.0387998857 -0.0548341163 0.9911603928 0.1208068430 -0.0323583595 -0.1226892844 0.9919174910
213.2 -139.0 2189.2 0.9840241075 0.0781813860 -0.1599507779 -0.0660820305 0.9946324229 0.0796209723 0.1653171033 -0.0677790865 0.9839086533
182.1 -534.2 2216.1 0.9854180813 -0.0551057532 -0.1609799862 0.0665111467 0.9955779314 0.0663387701 0.1566124856 -0.0760783926 0.9847256541
84.0 429.4 2032.3 0 0 0 0 0 0 0 0 0
262.1 -151.8 2126.0 0 0 0 0 0 0 0 0 0
0.2 -904.4 2303.9 0 0 0 0 0 0 0 0 0
203.2 -914.6 2245.2 0 0 0 0 0 0 0 0 0
139.2 491.9 2201.4 64 0.9989077449 0.0405034088 -0.0232968610 -0.0413393937 0.9984746575 -0.0365977138 0.0217789933 0.0375208184 0.9990584850
129.7 259.6 2192.7 0.9989077449 0.0405034088 -0.0232968610 -0.0413393937 0.9984746575 -0.0365977138 0.0217789933 0.0375208184 0.9990584850
125.7 61.0 2189.4 0.9995364547 0.0203115586 -0.0226781033 -0.0206830371 0.9996536970 -0.0162679106 0.0223398246 0.0167294219 0.9996104240
-16.3 262.6 2189.4 0.6399378181 -0.3990727365 -0.6566738486 -0.1790823340 0.7535854578 -0.6324859262 0.7472677827 0.5223503709 0.4107809663
-157.8 302.2 2024.1 -0.8794854879 -0.3990727365 -0.2593188882 -0.4757086337 0.7535854578 0.4536631107 0.0143743772 0.5223503709 -0.8526098132
275.8 256.6 2196.0 0.5160672069 0.3533976078 0.7802466154 -0.8541733027 0.1445462108 0.4994941056 0.0637383386 -0.9242383242 0.3764583766
400.6 50.0 2211.4 -0.5329871178 0.3533976078 0.7687879205 -0.7808355093 0.1445462108 -0.6077846885 -0.3259150684 -0.9242383242 0.1989041567
28.8 -134.2 2187.1 0.9992642403 0.0239890181 0.0299248546 -0.0291131251 0.9823736548 0.1846466959 -0.0249678958 -0.1853820533 0.9823492765
