-77.5 442.1 1785.4  0.9985123277 -0.0226136222 -0.0496164858 0.0301855542 0.9870398045 0.1576109678 0.0454092920 -0.1588741988 0.9862540364
-72.3 214.5 1822.0 0.9985123277 -0.0226136222 -0.0496164858 0.0301855542 0.9870398045 0.1576109678 0.0454092920 -0.1588741988 0.9862540364
-62.6 21.6 1854.3 0.9975236654 -0.0496830940 -0.0497811660 0.0571548901 0.9851171970 0.1621031761 0.0409864932 -0.1645469815 0.9855173230
-214.2 206.4 1816.2 0.1293490976 -0.9152602553 -0.3815330267 0.9659199119 0.0293023624 0.2571771741 -0.2242042273 -0.4017959833 0.8878583312
-246.6 -35.3 1872.3 -0.1440222263 -0.9152602553 -0.3762396276 0.9076415300 0.0293023624 -0.4187220931 0.3942644000 -0.4017959833 0.8265080452
69.6 222.6 1827.8 0.7598681450 0.5067864060 0.4071460962 -0.2021719217 0.7794737220 -0.5929141641 -0.6178405285 0.3682230711 0.6947552562
226.7 180.8 1700.1 -0.7781789303 0.5067864060 0.3709516525 0.5974351168 0.7794737220 0.1883931160 -0.1936720014 0.3682230711 -0.9093420506
-148.2 -158.0 1886.0 0.9995570779 0.0292169396 0.0056594168 -0.0272631198 0.9752315879 -0.2194994837 -0.0119323451 0.2192479670 0.9755961895
-159.5 -536.6 1800.9 0.9999287724 0.0000000000 0.0119367829 0.0000000000 1.0000000000 0.0000000000 -0.0119367829 0.0000000000 0.9999287724
31.1 -148.1 1885.6 0.9725241065 -0.0394426547 -0.2294366211 0.0056634299 0.9892597198 -0.1460586786 0.2327333540 0.1407461762 0.9623022676
46.5 -535.2 1830.6 0.9725396633 0.0000000000 -0.2327370793 0.0000000000 1.0000000000 0.0000000000 0.2327370793 0.0000000000 0.9725396633
-206.0 -290.8 1761.3 0 0 0 0 0 0 0 0 0
26.5 334.5 1650.3 0 0 0 0 0 0 0 0 0
-159.5 -913.3 1800.9 0 0 0 0 0 0 0 0 0
46.5 -911.8 1830.6 0 0 0 0 0 0 0 0 0
-76.7 440.2 1785.3  0.9998549819 0.0062911473 -0.0158239752 -0.0037439298 0.9877297282 0.1561280489 0.0166120343 -0.1560461670 0.9876100421
-78.2 205.6 1822.4 0.9998549819 0.0062911473 -0.0158239752 -0.0037439298 0.9877297282 0.1561280489 0.0166120343 -0.1560461670 0.9876100421
-62.6 13.8 1857.9 0.9966903329 -0.0795470700 -0.0167527311 0.0812670216 0.9801055193 0.1810767502 0.0020153204 -0.1818388849 0.9833262563
-220.0 194.1 1822.1 0.0947642103 -0.9304865599 -0.3538566232 0.9821131229 0.0292877201 0.1860000491 -0.1627068967 -0.3651533723 0.9166185260
-244.1 -55.9 1863.6 -0.1306630522 -0.9304865599 -0.3422307968 0.9046994448 0.0292877201 -0.4250424504 0.4055194557 -0.3651533723 0.8379839063
63.6 217.1 1822.6 0.7669693828 0.5058822632 0.3947671354 -0.1713974923 0.7543594837 -0.6336912513 -0.6183695197 0.4183596969 0.6652776003
219.8 182.2 1696.7 -0.7729892731 0.5058822632 0.3828454912 0.6116965413 0.7543594837 0.2382626086 -0.1682703048 0.4183596969 -0.8925582767
-142.2 -178.1 1882.6 0.9969039559 0.0634242967 0.0464745089 -0.0514614433 0.9731767774 -0.2242290527 -0.0594494827 0.2211431861 0.9734276533
-166.9 -557.4 1796.4 0.9982266426 0.0000000000 0.0595283583 0.0000000000 1.0000000000 0.0000000000 -0.0595283583 0.0000000000 0.9982266426
37.2 -166.2 1890.2 0.9820711613 -0.0107890703 -0.1882015318 -0.0224771053 0.9845367074 -0.1737305224 0.1871657073 0.1748459637 0.9666425586
41.4 -551.3 1821.9 0.9823193550 0.0000000000 -0.1872130036 0.0000000000 1.0000000000 0.0000000000 0.1872130036 0.0000000000 0.9823193550
-207.3 -310.7 1749.4 0 0 0 0 0 0 0 0 0
22.8 338.1 1653.8 0 0 0 0 0 0 0 0 0
-166.9 -934.0 1796.4 0 0 0 0 0 0 0 0 0
41.4 -927.9 1821.9 0 0 0 0 0 0 0 0 0
-78.0 443.1 1788.3  0.9996771812 0.0195910800 -0.0161771588 -0.0175049696 0.9925809503 0.1203186885 0.0184143130 -0.1199966669 0.9926034808
-82.9 192.8 1818.6 0.9996771812 0.0195910800 -0.0161771588 -0.0175049696 0.9925809503 0.1203186885 0.0184143130 -0.1199966669 0.9926034808
-63.5 1.7 1856.5 0.9948825836 -0.0992130712 -0.0191150624 0.1010365412 0.9759917259 0.1929553747 -0.0004875529 -0.1938992739 0.9810213447
-224.5 178.4 1818.7 0.0755533352 -0.9186053276 -0.3878864944 0.9852228165 0.0088051800 0.1710510403 -0.1537129879 -0.3950780928 0.9056962132
-243.8 -72.1 1857.8 -0.1685445011 -0.9186053276 -0.3574310839 0.8955311179 0.0088051800 -0.4449118376 0.4118456244 -0.3950780928 0.8211555481
58.7 207.1 1818.5 0.7892579436 0.4941110909 0.3645904362 -0.1347512305 0.7186281085 -0.6822138429 -0.5990943313 0.4893136919 0.6337649822
217.2 180.1 1698.2 -0.7704789639 0.4941110909 0.4027609825 0.6226858497 0.7186281085 0.3095737994 -0.1364715248 0.4893136919 -0.8613638282
-136.6 -186.2 1893.1 0.9953892231 0.0822989196 0.0492668822 -0.0671305656 0.9646001458 -0.2550295889 -0.0685115010 0.2505463660 0.9656773210
-168.7 -562.8 1795.3 0.9976396561 0.0000000000 0.0686663985 0.0000000000 1.0000000000 0.0000000000 -0.0686663985 0.0000000000 0.9976396561
43.0 -170.8 1893.6 0.9829741716 0.0095692640 -0.1834943891 -0.0407046303 0.9851710796 -0.1666767001 0.1791783869 0.1713079661 0.9687872529
39.3 -556.3 1826.5 0.9837895036 0.0000000000 -0.1793270111 0.0000000000 1.0000000000 0.0000000000 0.1793270111 0.0000000000 0.9837895036
-196.3 -324.2 1741.8 0 0 0 0 0 0 0 0 0
19.6 339.8 1663.2 0 0 0 0 0 0 0 0 0
-168.7 -939.5 1795.3 0 0 0 0 0 0 0 0 0
39.3 -933.0 1826.5 0 0 0 0 0 0 0 0 0
-79.6 445.1 1786.8  0.9997747540 0.0207225457 0.0045873732 -0.0211076643 0.9934030771 0.1127156243 -0.0022213561 -0.1127870604 0.9936167002
-85.0 182.1 1816.6 0.9997747540 0.0207225457 0.0045873732 -0.0211076643 0.9934030771 0.1127156243 -0.0022213561 -0.1127870604 0.9936167002
-61.9 -9.1 1851.8 0.9929881692 -0.1182075590 0.0012072353 0.1160377190 0.9766094685 0.1810226887 -0.0225772467 -0.1796133071 0.9834781885
-226.4 165.6 1819.9 0.0706519485 -0.8729115725 -0.4827356637 0.9899240136 0.0018221259 0.1415878534 -0.1227140650 -0.4878750741 0.8642448783
-244.6 -88.5 1851.4 -0.2187204659 -0.8729115725 -0.4361040890 0.8924106956 0.0018221259 -0.4512203336 0.3946700990 -0.4878750741 0.7785971165
56.4 198.7 1813.4 0.8148383498 0.4686945975 0.3411214352 -0.1065733135 0.6995478868 -0.7065938115 -0.5698075294 0.5394052863 0.6199687719
215.8 177.8 1701.9 -0.7751300931 0.4686945975 0.4236728251 0.6185581684 0.6995478868 0.3577967286 -0.1286820620 0.5394052863 -0.8321555257
-133.7 -198.8 1894.4 0.9929008484 0.0914321467 0.0760789886 -0.0684868544 0.9624122977 -0.2628158331 -0.0972491726 0.2557396591 0.9618418813
-169.5 -575.2 1794.4 0.9952376485 0.0000000000 0.0974780470 0.0000000000 1.0000000000 0.0000000000 -0.0974780470 0.0000000000 0.9952376485
45.8 -180.2 1894.3 0.9872682095 0.0189725924 -0.1579286754 -0.0453678593 0.9852070808 -0.1652538031 0.1524571627 0.1703147143 0.9735243917
38.4 -565.9 1827.7 0.9882858396 0.0000000000 -0.1526142955 0.0000000000 1.0000000000 0.0000000000 0.1526142955 0.0000000000 0.9882858396
-183.1 -339.4 1740.4 0 0 0 0 0 0 0 0 0
15.2 337.9 1668.6 0 0 0 0 0 0 0 0 0
-169.5 -951.9 1794.4 0 0 0 0 0 0 0 0 0
38.4 -942.6 1827.7 0 0 0 0 0 0 0 0 0
-80.0 446.0 1785.0  0.9990668297 0.0204555336 0.0380406380 -0.0245393459 0.9936076403 0.1101893038 -0.0355434865 -0.1110199690 0.9931823611
-85.5 179.9 1814.8 0.9990668297 0.0204555336 0.0380406380 -0.0245393459 0.9936076403 0.1101893038 -0.0355434865 -0.1110199690 0.9931823611
-61.3 -10.8 1851.9 0.9917981029 -0.1233218908 0.0335886031 0.1144965366 0.9740275741 0.1953481138 -0.0568069257 -0.1899001151 0.9801586270
-226.7 163.6 1822.9 0.0674287751 -0.8261698484 -0.5593717694 0.9939744473 0.0070641665 0.1093839258 -0.0864182040 -0.5633769035 0.8216680288
-244.8 -103.6 1846.1 -0.2551310360 -0.8261698484 -0.5023460984 0.8868389130 0.0070641665 -0.4620247483 0.3852595687 -0.5633769035 0.7308772206
55.7 196.2 1806.7 0.8395626545 0.4540801942 0.2982376218 -0.1174920797 0.6877483726 -0.7163782716 -0.5304056406 0.5664038658 0.6307587028
217.4 173.6 1704.5 -0.7747425437 0.4540801942 0.4399831295 0.6187299490 0.6877483726 0.3797043860 -0.1301814467 0.5664038658 -0.8137809634
-128.4 -210.9 1888.9 0.9875007868 0.1151910201 0.1075788215 -0.0856655836 0.9651877284 -0.2471315861 -0.1323011070 0.2348268330 0.9629915953
-173.4 -588.5 1797.0 0.9911442995 0.0000000000 0.1327892393 0.0000000000 1.0000000000 0.0000000000 -0.1327892393 0.0000000000 0.9911442995
50.9 -189.8 1884.8 0.9913309216 0.0406786688 -0.1249331236 -0.0555077903 0.9915072918 -0.1176100522 0.1190878898 0.1235252395 0.9851698279
35.0 -577.5 1836.5 0.9928616285 0.0000000000 -0.1192717776 0.0000000000 1.0000000000 0.0000000000 0.1192717776 0.0000000000 0.9928616285
-173.1 -353.0 1737.7 0 0 0 0 0 0 0 0 0
16.6 334.0 1670.8 0 0 0 0 0 0 0 0 0
-173.4 -965.2 1797.0 0 0 0 0 0 0 0 0 0
35.0 -954.2 1836.5 0 0 0 0 0 0 0 0 0
-79.3 444.9 1785.7  0.9980810285 0.0286443662 0.0548976399 -0.0344745442 0.9935114384 0.1083813831 -0.0514369160 -0.1100659743 0.9925924540
-86.9 182.4 1814.7 0.9980810285 0.0286443662 0.0548976399 -0.0344745442 0.9935114384 0.1083813831 -0.0514369160 -0.1100659743 0.9925924540
-64.6 -7.5 1856.7 0.9922626019 -0.1136320904 0.0500272736 0.0999627858 0.9701572061 0.2209127396 -0.0736370981 -0.2142025828 0.9740096927
-228.2 168.2 1825.2 0.0623823591 -0.8157675266 -0.5750058889 0.9952560067 0.0077489866 0.0969816968 -0.0746588036 -0.5783280134 0.8123809695
-245.5 -107.2 1845.9 -0.2623142600 -0.8157675266 -0.5154750347 0.8862027526 0.0077489866 -0.4632328749 0.3818847537 -0.5783280134 0.7209027410
54.4 196.6 1804.3 0.8479230404 0.4491417110 0.2815993428 -0.1334956884 0.6949900985 -0.7065179348 -0.5130354762 0.5614805818 0.6492566466
218.7 170.7 1704.9 -0.7676414251 0.4491417110 0.4571634233 0.6217268109 0.6949900985 0.3611710072 -0.1555070877 0.5614805818 -0.8127466440
-126.7 -211.9 1894.2 0.9867205024 0.1169521883 0.1127155051 -0.0835793614 0.9606051445 -0.2650514245 -0.1392734349 0.2521109879 0.9576236010
-172.5 -587.9 1795.5 0.9901850820 0.0000000000 0.1397624463 0.0000000000 1.0000000000 0.0000000000 -0.1397624463 0.0000000000 0.9901850820
52.4 -191.2 1883.9 0.9925425053 0.0442962348 -0.1135659143 -0.0572665632 0.9918725491 -0.1136192977 0.1076100096 0.1192755103 0.9870123863
35.1 -579.4 1837.2 0.9941740036 0.0000000000 -0.1077868938 0.0000000000 1.0000000000 0.0000000000 0.1077868938 0.0000000000 0.9941740036
-171.6 -356.7 1738.4 0 0 0 0 0 0 0 0 0
20.4 331.3 1664.7 0 0 0 0 0 0 0 0 0
-172.5 -964.6 1795.5 0 0 0 0 0 0 0 0 0
35.1 -956.1 1837.2 0 0 0 0 0 0 0 0 0
-78.8 443.6 1785.0 0 0.9981433153 0.0083576925 0.0603334866 -0.0169436093 0.9895436764 0.1432346851 -0.0585055128 -0.1439910084 0.9878479838
-80.7 214.1 1818.4 0.9981433153 0.0083576925 0.0603334866 -0.0169436093 0.9895436764 0.1432346851 -0.0585055128 -0.1439910084 0.9878479838
-68.3 22.7 1856.0 0.9962540865 -0.0633575320 0.0588520467 0.0506815240 0.9792402983 0.1962645948 -0.0700651407 -0.1925466955 0.9787832499
-222.5 206.9 1828.4 0.0799327865 -0.7858738899 -0.6131989956 0.9947382808 0.0233409125 0.0997542217 -0.0640816167 -0.6179461479 0.7836045623
-247.4 -103.5 1848.4 -0.2810925543 -0.7858738899 -0.5508077741 0.8765991330 0.0233409125 -0.4806549549 0.3905905485 -0.6179461479 0.6823353767
61.0 221.3 1808.3 0.8006349802 0.5321545005 0.2753093541 -0.2799279094 0.7384982109 -0.6134009957 -0.5297395587 0.4140435159 0.7402323484
217.8 166.5 1704.6 -0.7512166500 0.5321545005 0.3904934525 0.6374140382 0.7384982109 0.2198267579 -0.1713969260 0.4140435159 -0.8939748406
-134.9 -198.3 1902.4 0.9910501242 0.0897700414 0.0987974480 -0.0594112314 0.9593876600 -0.2757637501 -0.1195403710 0.2674260139 0.9561346173
-170.7 -580.3 1795.9 0.9928038716 0.0000000000 0.1197519004 0.0000000000 1.0000000000 0.0000000000 -0.1197519004 0.0000000000 0.9928038716
46.7 -187.0 1891.4 0.9922272563 0.0214647464 -0.1225736290 -0.0393215343 0.9886234403 -0.1451808959 0.1180628911 0.1488722265 0.9817831516
38.2 -575.1 1832.9 0.9929952621 0.0000000000 -0.1181542724 0.0000000000 1.0000000000 0.0000000000 0.1181542724 0.0000000000 0.9929952621
-168.3 -350.3 1738.4 0 0 0 0 0 0 0 0 0
25.1 330.0 1660.6 0 0 0 0 0 0 0 0 0
-170.7 -956.9 1795.9 0 0 0 0 0 0 0 0 0
38.2 -951.8 1832.9 0 0 0 0 0 0 0 0 0
-77.5 442.4 1784.6 1 0.9997131228 -0.0128669264 -0.0202006660 0.0157281980 0.9887771606 0.1485675573 0.0180623494 -0.1488426626 0.9886959195
-74.4 204.1 1820.5 0.9997131228 -0.0128669264 -0.0202006660 0.0157281980 0.9887771606 0.1485675573 0.0180623494 -0.1488426626 0.9886959195
-63.2 11.6 1853.2 0.9982128143 -0.0560106598 -0.0208317805 0.0587059334 0.9842675328 0.1666462719 0.0111700790 -0.1675713956 0.9857966900
-216.1 196.0 1818.9 0.1241345406 -0.8300223947 -0.5437402129 0.9784161448 0.0111541869 0.2063430399 -0.1652043611 -0.5576184988 0.8134919405
-249.1 -64.5 1862.9 -0.2463579774 -0.8300223947 -0.5003704429 0.8896433711 0.0111541869 -0.4565196931 0.3845027983 -0.5576184988 0.7356759906
67.3 212.3 1822.1 0.7541844249 0.5552225709 0.3506191373 -0.2307029217 0.7239374518 -0.6501467228 -0.6148024797 0.4094416499 0.6740738153
213.2 167.7 1703.1 -0.7366522551 0.5552225709 0.3860975504 0.6565864682 0.7239374518 0.2116809189 -0.1619804353 0.4094416499 -0.8978418112
-144.5 -176.9 1895.4 0.9982116222 0.0523680523 0.0288286768 -0.0441876017 0.9711909890 -0.2341697663 -0.0402611680 0.2324771285 0.9717682004
-164.8 -552.0 1805.6 0.9991875887 0.0000000000 0.0403005295 0.0000000000 1.0000000000 0.0000000000 -0.0403005295 0.0000000000 0.9991875887
34.0 -164.3 1887.1 0.9795927405 -0.0236687269 -0.1995941103 -0.0023447033 0.9916288853 -0.1290992498 0.2009789050 0.1269326806 0.9713370204
43.3 -551.9 1837.5 0.9795954823 0.0000000000 -0.2009794563 0.0000000000 1.0000000000 0.0000000000 0.2009794563 0.0000000000 0.9795954823
-179.8 -314.8 1754.7 0 0 0 0 0 0 0 0 0
23.5 336.7 1661.4 0 0 0 0 0 0 0 0 0
-164.8 -928.7 1805.6 0 0 0 0 0 0 0 0 0
43.3 -928.5 1837.5 0 0 0 0 0 0 0 0 0
-78.2 444.2 1784.9 2 0.9993181229 -0.0028784780 -0.0368097909 0.0079179760 0.9904693961 0.1375050545 0.0360631682 -0.1377027482 0.9898168445
-77.5 194.1 1819.7 0.9993181229 -0.0028784780 -0.0368097909 0.0079179760 0.9904693961 0.1375050545 0.0360631682 -0.1377027482 0.9898168445
-62.8 3.5 1860.6 0.9963800907 -0.0752474666 -0.0395545624 0.0818332732 0.9750063419 0.2065574229 0.0230230261 -0.2090465873 0.9776346087
-219.2 182.5 1816.5 0.1125280634 -0.8715287447 -0.4772578776 0.9786918163 0.0141900498 0.2048436850 -0.1717548370 -0.4901390374 0.8545548320
-248.3 -70.6 1861.0 -0.2097823173 -0.8715287447 -0.4432031512 0.8926920891 0.0141900498 -0.4504436851 0.3988636732 -0.4901390374 0.7750299573
64.2 205.7 1822.9 0.7637911439 0.5438433886 0.3476455212 -0.2010706514 0.7122706175 -0.6724887490 -0.6133462787 0.4437396526 0.6533769369
212.9 166.6 1703.5 -0.7418718934 0.5438433886 0.3922504783 0.6552241445 0.7122706175 0.2516980469 -0.1425041705 0.4437396526 -0.8847528696
-141.3 -187.9 1882.6 0.9967437387 0.0785171911 0.0183574799 -0.0729855672 0.9752830863 -0.2085570246 -0.0342790522 0.2065380812 0.9778379202
-171.8 -567.0 1802.3 0.9994091392 0.0000000000 0.0343707167 0.0000000000 1.0000000000 0.0000000000 -0.0343707167 0.0000000000 0.9994091392
37.8 -175.8 1886.9 0.9776452780 -0.0055640475 -0.2101872861 -0.0248356517 0.9895959496 -0.1417146474 0.2087889910 0.1437667906 0.9673356414
40.0 -562.9 1830.6 0.9779469371 0.0000000000 -0.2088534236 0.0000000000 1.0000000000 0.0000000000 0.2088534236 0.0000000000 0.9779469371
-189.3 -321.8 1748.7 0 0 0 0 0 0 0 0 0
22.3 334.9 1666.9 0 0 0 0 0 0 0 0 0
-171.8 -943.7 1802.3 0 0 0 0 0 0 0 0 0
40.0 -939.6 1830.6 0 0 0 0 0 0 0 0 0
-78.8 445.6 1788.6 3 0.9992911220 0.0070903334 -0.0369733423 -0.0028253978 0.9934593439 0.1141515225 0.0375408828 -0.1139661297 0.9927750826
-80.6 188.5 1818.1 0.9992911220 0.0070903334 -0.0369733423 -0.0028253978 0.9934593439 0.1141515225 0.0375408828 -0.1139661297 0.9927750826
-63.3 -1.5 1861.8 0.9952175021 -0.0884907469 -0.0413707197 0.0954720229 0.9707574248 0.2202615887 0.0206698179 -0.2231579423 0.9745631218
-222.3 174.9 1815.2 0.0958999246 -0.8786828518 -0.4676747024 0.9830132127 0.0097386157 0.1832763851 -0.1564873159 -0.4773066044 0.8646907806
-247.5 -83.3 1856.3 -0.2095129043 -0.8786828518 -0.4289764464 0.8905038238 0.0097386157 -0.4548715651 0.4038654864 -0.4773066044 0.7804300785
61.0 202.0 1821.0 0.7787129283 0.5278332233 0.3391138911 -0.1832392514 0.7083060741 -0.6817080975 -0.6000245810 0.4687159359 0.6482868791
213.1 166.3 1703.8 -0.7558376789 0.5278332233 0.3874293864 0.6434468031 0.7083060741 0.2903079987 -0.1211843863 0.4687159359 -0.8749969602
-137.5 -195.4 1898.3 0.9961792231 0.0854778290 0.0179015454 -0.0783994198 0.9656054378 -0.2479106635 -0.0384766944 0.2455599904 0.9686174989
-170.9 -571.9 1802.5 0.9992549419 0.0000000000 0.0385954902 0.0000000000 1.0000000000 0.0000000000 -0.0385954902 0.0000000000 0.9992549419
41.9 -179.8 1903.5 0.9782739282 0.0106276907 -0.2070439905 -0.0534183346 0.9778854847 -0.2022038698 0.2003163546 0.2088707238 0.9572076201
37.7 -561.7 1821.9 0.9796726704 0.0000000000 -0.2006027699 0.0000000000 1.0000000000 0.0000000000 0.2006027699 0.0000000000 0.9796726704
-188.5 -334.0 1742.6 0 0 0 0 0 0 0 0 0
19.8 330.9 1672.8 0 0 0 0 0 0 0 0 0
-170.9 -948.5 1802.5 0 0 0 0 0 0 0 0 0
37.7 -938.4 1821.9 0 0 0 0 0 0 0 0 0
-80.4 445.6 1786.4 4 0.9995596409 0.0132258721 -0.0265638754 -0.0101164654 0.9934346676 0.1139528528 0.0278965998 -0.1136339381 0.9931309819
-83.9 183.1 1816.5 0.9995596409 0.0132258721 -0.0265638754 -0.0101164654 0.9934346676 0.1139528528 0.0278965998 -0.1136339381 0.9931309819
-62.6 -6.4 1860.7 0.9935636520 -0.1086848825 -0.0319188237 0.1130851805 0.9680098295 0.2239837050 0.0065540937 -0.2261516303 0.9740700722
-225.4 167.0 1815.6 0.0837806091 -0.8433864117 -0.5307354331 0.9873250723 -0.0017898596 0.1587009877 -0.1347962022 -0.5373044610 0.8325465918
-247.5 -93.2 1851.1 -0.2498270571 -0.8433864117 -0.4756950438 0.8866325021 -0.0017898596 -0.4624711871 0.3891904950 -0.5373044610 0.7482209802
57.6 199.2 1817.4 0.8012448549 0.5050727129 0.3207931221 -0.1690117717 0.7053570151 -0.6884086728 -0.5739700794 0.4973661005 0.6505269408
213.4 166.3 1705.7 -0.7588596940 0.5050727129 0.4111369252 0.6374456882 0.7053570151 0.3100555241 -0.1333977282 0.4973661005 -0.8572234511
-135.7 -200.4 1903.0 0.9955397248 0.0884022117 0.0329500027 -0.0760528296 0.9586644769 -0.2741867304 -0.0558267124 0.2704578638 0.9611118436
-170.2 -575.0 1797.4 0.9984313846 0.0000000000 0.0559888668 0.0000000000 1.0000000000 0.0000000000 -0.0559888668 0.0000000000 0.9984313846
43.9 -182.8 1907.3 0.9814610481 0.0215945132 -0.1904411763 -0.0631252825 0.9746136665 -0.2148101479 0.1809678525 0.2228494436 0.9579085112
35.4 -563.9 1820.1 0.9834223986 0.0000000000 -0.1813294888 0.0000000000 1.0000000000 0.0000000000 0.1813294888 0.0000000000 0.9834223986
-177.2 -342.7 1741.6 0 0 0 0 0 0 0 0 0
19.9 328.9 1671.7 0 0 0 0 0 0 0 0 0
-170.2 -951.6 1797.4 0 0 0 0 0 0 0 0 0
35.4 -940.6 1820.1 0 0 0 0 0 0 0 0 0
-80.3 445.0 1788.9 5 0.9992730021 0.0085700713 -0.0371488035 -0.0046427585 0.9945095778 0.1045426503 0.0378407761 -0.1042941809 0.9938263297
-82.6 178.0 1816.9 0.9992730021 0.0085700713 -0.0371488035 -0.0046427585 0.9945095778 0.1045426503 0.0378407761 -0.1042941809 0.9938263297
-61.0 -11.7 1860.0 0.9930186868 -0.1098626778 -0.0429431312 0.1166073680 0.9692099690 0.2168750018 0.0177944414 -0.2203684151 0.9752544165
-224.0 161.4 1814.3 0.0840763375 -0.8150916696 -0.5731986761 0.9891346693 -0.0013505563 0.1470060199 -0.1205975190 -0.5793303847 0.8061218858
-246.4 -101.6 1846.4 -0.2712272108 -0.8150916696 -0.5119192600 0.8845243454 -0.0013505563 -0.4664920270 0.3795423806 -0.5793303847 0.7213347554
58.9 194.6 1819.4 0.7974126339 0.5010885000 0.3362192810 -0.1463355422 0.7011230588 -0.6978627443 -0.5854220390 0.5072837472 0.6324114203
213.3 166.3 1706.0 -0.7539270520 0.5010885000 0.4248580337 0.6414610147 0.7011230588 0.3113747835 -0.1418514252 0.5072837472 -0.8500243425
-131.0 -206.3 1904.1 0.9942201972 0.1047230288 0.0236488655 -0.0937890857 0.9544097185 -0.2833825350 -0.0522473827 0.2795266509 0.9587153196
-172.0 -579.6 1794.8 0.9986220598 0.0000000000 0.0524787046 0.0000000000 1.0000000000 0.0000000000 -0.0524787046 0.0000000000 0.9986220598
48.4 -185.6 1905.5 0.9793199897 0.0363435782 -0.1990263760 -0.0765089020 0.9772071838 -0.1980214268 0.1872932017 0.2091536373 0.9597791433
34.2 -568.0 1823.7 0.9821988940 0.0000000000 -0.1878437996 0.0000000000 1.0000000000 0.0000000000 0.1878437996 0.0000000000 0.9821988940
-170.0 -350.6 1739.6 0 0 0 0 0 0 0 0 0
21.1 329.8 1669.9 0 0 0 0 0 0 0 0 0
-172.0 -956.2 1794.8 0 0 0 0 0 0 0 0 0
34.2 -944.7 1823.7 0 0 0 0 0 0 0 0 0
-80.1 443.3 1791.6 6 0.9990099669 0.0134708937 -0.0423983447 -0.0093626436 0.9953715205 0.0956445336 0.0434905216 -0.0951528847 0.9945122004
-83.7 177.3 1817.0 0.9990099669 0.0134708937 -0.0423983447 -0.0093626436 0.9953715205 0.0956445336 0.0434905216 -0.0951528847 0.9945122004
-60.4 -11.7 1862.5 0.9916866422 -0.1187713295 -0.0495074093 0.1269989163 0.9653391838 0.2280164212 0.0207096282 -0.2324082255 0.9723978043
-225.0 159.2 1814.1 0.0751712769 -0.8031353354 -0.5910354257 0.9912845492 -0.0041185403 0.1316737831 -0.1081860736 -0.5957823992 0.7958260775
-245.2 -107.8 1843.2 -0.2833127081 -0.8031353354 -0.5241254568 0.8823243380 -0.0041185403 -0.4706238210 0.3758160174 -0.5957823992 0.7097927332
57.6 195.4 1819.9 0.7928426266 0.5076208115 0.3372264206 -0.1508164257 0.6995687485 -0.6984683275 -0.5904700756 0.5029161572 0.6312054992
213.2 165.8 1704.1 -0.7509301305 0.5076208115 0.4224039018 0.6454091072 0.6995687485 0.3066768050 -0.1398250461 0.5029161572 -0.8529503345
-129.2 -212.1 1901.4 0.9933041334 0.1134873182 0.0216211416 -0.1030842215 0.9551426768 -0.2776259184 -0.0521582961 0.2735381722 0.9604459405
-173.6 -586.0 1794.3 0.9986242056 0.0000000000 0.0524376482 0.0000000000 1.0000000000 0.0000000000 -0.0524376482 0.0000000000 0.9986242056
50.2 -191.0 1904.7 0.9786503315 0.0403463878 -0.2015333921 -0.0807153806 0.9772119522 -0.1963206232 0.1890200227 0.2083960772 0.9596053958
34.4 -573.6 1823.1 0.9818539023 0.0000000000 -0.1896387786 0.0000000000 1.0000000000 0.0000000000 0.1896387786 0.0000000000 0.9818539023
-165.4 -356.2 1737.4 0 0 0 0 0 0 0 0 0
22.0 330.2 1668.5 0 0 0 0 0 0 0 0 0
-173.6 -962.7 1794.3 0 0 0 0 0 0 0 0 0
34.4 -950.2 1823.1 0 0 0 0 0 0 0 0 0
-79.3 441.1 1792.4 7 0.9992666245 0.0244646389 -0.0294572078 -0.0216586888 0.9955168366 0.0920710191 0.0315776318 -0.0913654864 0.9953166246
-85.9 172.6 1817.1 0.9992666245 0.0244646389 -0.0294572078 -0.0216586888 0.9955168366 0.0920710191 0.0315776318 -0.0913654864 0.9953166246
-60.5 -16.5 1861.0 0.9908612370 -0.1298741400 -0.0364236273 0.1347338408 0.9657640457 0.2216902822 0.0063847937 -0.2245718092 0.9744366407
-227.1 153.4 1816.2 0.0593269169 -0.7974349856 -0.6004812717 0.9941143394 -0.0074276323 0.1080812961 -0.0906479582 -0.6033591628 0.7923008800
-242.9 -111.6 1840.3 -0.2894273698 -0.7974349856 -0.5294612646 0.8820978999 -0.0074276323 -0.4710075259 0.3716652393 -0.6033591628 0.7055655122
55.2 191.8 1818.0 0.8017364144 0.4981313348 0.3302784860 -0.1345992088 0.6888892651 -0.7122602463 -0.5823244452 0.5265897512 0.6193556786
212.9 165.3 1703.4 -0.7485165000 0.4981313348 0.4377079308 0.6481899023 0.6888892651 0.3244709671 -0.1399031281 0.5265897512 -0.8385286927
-126.7 -212.3 1906.1 0.9922717810 0.1183033437 0.0374295749 -0.1023582369 0.9509210587 -0.2920136750 -0.0701387674 0.2859256864 0.9556814432
-173.1 -584.6 1794.1 0.9975111485 0.0000000000 0.0705091059 0.0000000000 1.0000000000 0.0000000000 -0.0705091059 0.0000000000 0.9975111485
52.5 -189.3 1909.9 0.9815950394 0.0457260199 -0.1854191869 -0.0844513327 0.9747536778 -0.2066960186 0.1712866426 0.2185506821 0.9606750011
34.6 -571.0 1824.3 0.9851142764 0.0000000000 -0.1719007492 0.0000000000 1.0000000000 0.0000000000 0.1719007492 0.0000000000 0.9851142764
-161.4 -360.0 1735.6 0 0 0 0 0 0 0 0 0
22.4 330.3 1667.8 0 0 0 0 0 0 0 0 0
-173.1 -961.3 1794.1 0 0 0 0 0 0 0 0 0
34.6 -947.7 1824.3 0 0 0 0 0 0 0 0 0
-79.0 442.0 1792.3 8 0.9993051887 0.0323628187 -0.0184888430 -0.0305733141 0.9954714179 0.0900105089 0.0213181097 -0.0893827006 0.9957692027
-87.8 171.9 1816.6 0.9993051887 0.0323628187 -0.0184888430 -0.0305733141 0.9954714179 0.0900105089 0.0213181097 -0.0893827006 0.9957692027
-61.8 -16.1 1864.9 0.9908323288 -0.1324845254 -0.0264410544 0.1349096447 0.9600077271 0.2453253120 -0.0071181906 -0.2466434091 0.9690801501
-228.9 152.7 1817.6 0.0470058024 -0.7915880680 -0.6092444658 0.9960483909 -0.0088656275 0.0883684382 -0.0753527358 -0.6109908223 0.7880432606
-241.7 -117.8 1838.1 -0.2950007021 -0.7915880680 -0.5351288915 0.8811981678 -0.0088656275 -0.4726639688 0.3694109023 -0.6109908223 0.7001612782
53.4 191.1 1815.6 0.8120494485 0.4883782268 0.3194721043 -0.1305784434 0.6856011748 -0.7161706090 -0.5687925816 0.5398497581 0.6205136776
212.9 165.4 1703.9 -0.7582843304 0.4883782268 0.4318466783 0.6395787597 0.6856011748 0.3476925194 -0.1262691170 0.5398497581 -0.8322369456
-124.6 -217.8 1904.4 0.9908273220 0.1277086437 0.0441777296 -0.1093445867 0.9497765303 -0.2932035923 -0.0794036090 0.2856835425 0.9550287724
-174.6 -589.8 1792.5 0.9968042970 0.0000000000 0.0798825920 0.0000000000 1.0000000000 0.0000000000 -0.0798825920 0.0000000000 0.9968042970
54.4 -193.4 1905.6 0.9829801321 0.0534120873 -0.1757761091 -0.0870865434 0.9779440761 -0.1898455173 0.1617591679 0.2019221038 0.9659510255
33.5 -576.4 1826.5 0.9867289662 0.0000000000 -0.1623760760 0.0000000000 1.0000000000 0.0000000000 0.1623760760 0.0000000000 0.9867289662
-158.6 -366.0 1734.0 0 0 0 0 0 0 0 0 0
20.1 328.1 1671.8 0 0 0 0 0 0 0 0 0
-174.6 -966.4 1792.5 0 0 0 0 0 0 0 0 0
33.5 -953.1 1826.5 0 0 0 0 0 0 0 0 0
-80.1 442.2 1792.8 9 0.9994585514 0.0284863245 -0.0164672602 -0.0270324238 0.9962136745 0.0826293677 0.0187587161 -0.0821394771 0.9964442849
-87.9 169.3 1815.3 0.9994585514 0.0284863245 -0.0164672602 -0.0270324238 0.9962136745 0.0826293677 0.0187587161 -0.0821394771 0.9964442849
-62.1 -18.8 1863.3 0.9909583330 -0.1318212450 -0.0249951668 0.1339209527 0.9604566097 0.2441072166 -0.0081717456 -0.2452474535 0.9694260955
-229.1 150.2 1816.5 0.0478857756 -0.7865589857 -0.6156557202 0.9959262609 -0.0095498972 0.0896641687 -0.0764056072 -0.6174412966 0.7828974128
-242.0 -118.4 1837.1 -0.2962211668 -0.7865589857 -0.5418283939 0.8831635118 -0.0095498972 -0.4689680040 0.3636965752 -0.6174412966 0.6974890828
53.3 188.3 1814.2 0.8186571598 0.4828107953 0.3109569550 -0.1256762147 0.6789647937 -0.7233341336 -0.5603623390 0.5530827641 0.6165171862
212.4 163.9 1705.3 -0.7597588301 0.4828107953 0.4354999661 0.6388437152 0.6789647937 0.3617810607 -0.1210173443 0.5530827641 -0.8242901564
-125.4 -216.2 1913.8 0.9915590286 0.1225899085 0.0422190167 -0.1031595096 0.9431793094 -0.3158652782 -0.0785420015 0.3088437915 0.9478642941
-173.4 -585.5 1792.9 0.9968775511 0.0000000000 0.0789632797 0.0000000000 1.0000000000 0.0000000000 -0.0789632797 0.0000000000 0.9968775511
53.7 -191.9 1912.5 0.9831123948 0.0497786403 -0.1761024147 -0.0878855363 0.9724878669 -0.2157394290 0.1605182439 0.2275729626 0.9604396820
34.2 -572.6 1823.4 0.9869312644 0.0000000000 -0.1611417830 0.0000000000 1.0000000000 0.0000000000 0.1611417830 0.0000000000 0.9869312644
-158.6 -367.2 1734.6 0 0 0 0 0 0 0 0 0
18.2 327.2 1674.3 0 0 0 0 0 0 0 0 0
-173.4 -962.2 1792.9 0 0 0 0 0 0 0 0 0
34.2 -949.3 1823.4 0 0 0 0 0 0 0 0 0
-82.2 444.0 1793.0 0 0.9993023276 0.0060565886 0.0368540548 -0.0104743056 0.9926110506 0.1208865941 -0.0358495787 -0.1211882755 0.9919819832
-83.7 209.5 1821.7 0.9993023276 0.0060565886 0.0368540548 -0.0104743056 0.9926110506 0.1208865941 -0.0358495787 -0.1211882755 0.9919819832
-69.0 18.8 1861.3 0.9965234399 -0.0761097744 0.0338871814 0.0676391795 0.9765718579 0.2042848617 -0.0486413427 -0.2012825459 0.9783247709
-225.2 199.8 1828.8 0.0526124202 -0.7466858625 -0.6630928516 0.9982781410 0.0220802501 0.0543435439 -0.0259363037 -0.6648102403 0.7465618849
-242.1 -120.8 1837.1 -0.2975878417 -0.7466858625 -0.5948963165 0.8827615380 0.0220802501 -0.4693021476 0.3635567427 -0.6648102403 0.6525747776
57.9 219.2 1814.5 0.7856790423 0.5500186682 0.2831746638 -0.2852426767 0.7282638550 -0.6231119037 -0.5489490032 0.4087924659 0.7290704250
212.5 163.1 1706.5 -0.7562836409 0.5500186682 0.3542803228 0.6419731379 0.7282638550 0.2397962958 -0.1261171103 0.4087924659 -0.9038712382
-134.2 -199.5 1909.4 0.9928176999 0.0962451473 0.0710628107 -0.0710239783 0.9521452785 -0.2972792685 -0.0962738097 0.2900969684 0.9521423578
-173.5 -588.4 1790.9 0.9953312874 0.0000000000 0.0965175554 0.0000000000 1.0000000000 0.0000000000 -0.0965175554 0.0000000000 0.9953312874
47.3 -184.5 1906.1 0.9888300896 0.0361898318 -0.1445869952 -0.0643335879 0.9786883593 -0.1950134784 0.1344481111 0.2021369934 0.9700847268
32.9 -576.4 1825.2 0.9908827543 0.0000000000 -0.1347272098 0.0000000000 1.0000000000 0.0000000000 0.1347272098 0.0000000000 0.9908827543
-158.3 -369.5 1734.7 0 0 0 0 0 0 0 0 0
18.7 327.7 1674.2 0 0 0 0 0 0 0 0 0
-173.5 -965.0 1790.9 0 0 0 0 0 0 0 0 0
32.9 -953.1 1825.2 0 0 0 0 0 0 0 0 0
-84.4 443.6 1795.2 1 0.9991810918 -0.0081565930 0.0396309830 0.0024592078 0.9899018407 0.1417333484 -0.0403868407 -0.1415198296 0.9891112447
-82.6 228.0 1826.0 0.9991810918 -0.0081565930 0.0396309830 0.0024592078 0.9899018407 0.1417333484 -0.0403868407 -0.1415198296 0.9891112447
-73.2 35.9 1860.7 0.9980664849 -0.0487497747 0.0385581180 0.0411014892 0.9830031395 0.1789288521 -0.0466254912 -0.1769980937 0.9831061959
-224.6 222.1 1832.8 0.0722715184 -0.8027430773 -0.5919293761 0.9945617914 0.0133802844 0.1032852232 -0.0749913156 -0.5961749554 0.7993445992
-246.0 -73.6 1855.1 -0.2556149662 -0.8027430773 -0.5387620926 0.8955221772 0.0133802844 -0.4448156655 0.3642814755 -0.5961749554 0.7154540420
59.4 233.9 1819.2 0.7514312863 0.5861124396 0.3030234277 -0.3562825322 0.7469816208 -0.5613209009 -0.5553501248 0.3138321638 0.7701269984
211.4 161.9 1706.9 -0.7504456639 0.5861124396 0.3054561913 0.6465141177 0.7469816208 0.1550417691 -0.1372982562 0.3138321638 -0.9394990802
-148.4 -168.3 1904.1 0.9966243505 0.0460038781 0.0679968148 -0.0274129938 0.9671899080 -0.2525711060 -0.0773850828 0.2498545051 0.9651861191
-166.7 -554.4 1804.4 0.9969990253 0.0000000000 0.0774141774 0.0000000000 1.0000000000 0.0000000000 -0.0774141774 0.0000000000 0.9969990253
32.4 -160.6 1894.1 0.9886009693 -0.0176725779 -0.1495183855 -0.0056414749 0.9880416393 -0.1540841311 0.1504534483 0.1531712413 0.9766792655
39.4 -550.9 1833.6 0.9886167049 0.0000000000 -0.1504558474 0.0000000000 1.0000000000 0.0000000000 0.1504558474 0.0000000000 0.9886167049
-174.1 -325.7 1752.5 0 0 0 0 0 0 0 0 0
18.5 328.0 1671.6 0 0 0 0 0 0 0 0 0
-166.7 -931.1 1804.4 0 0 0 0 0 0 0 0 0
39.4 -927.5 1833.6 0 0 0 0 0 0 0 0 0
-83.9 443.5 1798.2 2 0.9991784096 -0.0158982016 0.0372797251 0.0101149995 0.9885620475 0.1504750699 -0.0392456055 -0.1499743611 0.9879106879
-80.6 237.3 1829.5 0.9991784096 -0.0158982016 0.0372797251 0.0101149995 0.9885620475 0.1504750699 -0.0392456055 -0.1499743611 0.9879106879
-74.0 44.3 1860.8 0.9987332821 -0.0340873301 0.0370119736 0.0277032088 0.9865565300 0.1610549688 -0.0420043394 -0.1598256081 0.9862511754
-222.8 233.3 1835.6 0.0818514302 -0.8610658646 -0.5018624663 0.9907099009 0.0154251410 0.1351146251 -0.1086012945 -0.5082594156 0.8543290496
-246.2 -49.8 1866.6 -0.2137733698 -0.8610658646 -0.4613746107 0.8959376812 0.0154251410 -0.4439118803 0.3893541396 -0.5082594156 0.7681638598
61.6 241.2 1823.4 0.7252283096 0.6082097292 0.3226837218 -0.3907718062 0.7494781613 -0.5343967676 -0.5668697357 0.2614639699 0.7812139988
210.4 161.1 1707.1 -0.7402893305 0.6082097292 0.2864482999 0.6544386744 0.7494781613 0.0999624357 -0.1538886130 0.2614639699 -0.9528666735
-155.9 -155.1 1899.1 0.9980009794 0.0152509371 0.0613309368 0.0003304703 0.9691736698 -0.2463783771 -0.0631978288 0.2459061146 0.9672312140
-162.0 -538.1 1801.9 0.9980010390 0.0000000000 0.0631978363 0.0000000000 1.0000000000 0.0000000000 -0.0631978363 0.0000000000 0.9980010390
24.8 -149.9 1890.0 0.9864503741 -0.0508330241 -0.1559861451 0.0255377777 0.9867749214 -0.1600719541 0.1620601565 0.1539194882 0.9747026563
44.7 -537.8 1829.5 0.9867721796 0.0000000000 -0.1621130258 0.0000000000 1.0000000000 0.0000000000 0.1621130258 0.0000000000 0.9867721796
-186.0 -301.8 1757.1 0 0 0 0 0 0 0 0 0
20.3 329.1 1667.6 0 0 0 0 0 0 0 0 0
-162.0 -914.8 1801.9 0 0 0 0 0 0 0 0 0
44.7 -914.5 1829.5 0 0 0 0 0 0 0 0 0
-85.3 441.7 1798.2 3 0.9963922501 -0.0656819493 -0.0537430532 0.0730734915 0.9860263467 0.1497072428 0.0431590043 -0.1530943215 0.9872686863
-70.6 220.4 1832.6 0.9963922501 -0.0656819493 -0.0537430532 0.0730734915 0.9860263467 0.1497072428 0.0431590043 -0.1530943215 0.9872686863
-63.1 27.1 1862.7 0.9978309870 -0.0379146226 -0.0538131706 0.0456667729 0.9874718189 0.1510429531 0.0474122502 -0.1531728059 0.9870613813
-212.1 213.9 1825.9 0.1235393211 -0.8923372626 -0.4341339171 0.9757534862 0.0295805093 0.2168642730 -0.1806741655 -0.4503989518 0.8743555546
-243.9 -37.0 1872.4 -0.1746507734 -0.8923372626 -0.4162106812 0.8974968195 0.0295805093 -0.4400278330 0.4049649537 -0.4503989518 0.7957035899
71.0 226.8 1839.3 0.6805176139 0.6115066409 0.4036773741 -0.3239113092 0.7452277541 -0.5828524828 -0.6572497487 0.2658857107 0.7052145600
209.5 160.9 1705.5 -0.7402715087 0.6115066409 0.2793882191 0.6575024128 0.7452277541 0.1110231802 -0.1403164566 0.2658857107 -0.9537379742
-157.2 -151.2 1895.1 0.9997406006 0.0098154601 -0.0205511581 -0.0143745374 0.9718658328 -0.2350961864 0.0176653918 0.2353306115 0.9717548490
-161.0 -531.1 1803.1 0.9998438954 0.0000000000 -0.0176672172 0.0000000000 1.0000000000 0.0000000000 0.0176672172 0.0000000000 0.9998438954
22.2 -145.0 1887.8 0.9687039852 -0.0634359419 -0.2399760634 0.0247198958 0.9866406322 -0.1610253155 0.2469849288 0.1500536799 0.9573308229
47.0 -532.0 1829.0 0.9690001011 0.0000000000 -0.2470604181 0.0000000000 1.0000000000 0.0000000000 0.2470604181 0.0000000000 0.9690001011
-194.8 -289.5 1758.5 0 0 0 0 0 0 0 0 0
19.7 329.5 1669.5 0 0 0 0 0 0 0 0 0
-161.0 -907.8 1803.1 0 0 0 0 0 0 0 0 0
47.0 -908.7 1829.0 0 0 0 0 0 0 0 0 0
-85.8 440.8 1794.8 4 0.9914041758 -0.0855369270 -0.0990012512 0.1002035514 0.9829488397 0.1541777402 0.0841252729 -0.1627727300 0.9830706716
-65.8 211.3 1832.8 0.9914041758 -0.0855369270 -0.0990012512 0.1002035514 0.9829488397 0.1541777402 0.0841252729 -0.1627727300 0.9830706716
-57.5 18.1 1863.8 0.9941807985 -0.0425923690 -0.0989467800 0.0575245693 0.9864976406 0.1533404887 0.0910796300 -0.1581400335 0.9832071066
-207.0 203.1 1819.8 0.1343431473 -0.8985361457 -0.4178333580 0.9749416709 0.0444005206 0.2179846466 -0.1773150712 -0.4366478920 0.8819852471
-242.0 -50.3 1865.9 -0.1515840441 -0.8985361457 -0.4118920565 0.9022569656 0.0444005206 -0.4289066494 0.4036763608 -0.4366478920 0.8039801121
75.4 219.4 1845.7 0.6529641151 0.6123670936 0.4456954598 -0.2778469622 0.7411088943 -0.6111944914 -0.7045842409 0.2752529085 0.6540618539
206.9 163.5 1703.8 -0.7421337366 0.6123670936 0.2724776268 0.6588784456 0.7411088943 0.1289838701 -0.1229501218 0.2752529085 -0.9534773827
-145.2 -170.3 1888.0 0.9966827035 0.0546212308 -0.0603333637 -0.0667430833 0.9727866054 -0.2218817919 0.0465720333 0.2251725793 0.9732052088
-166.6 -550.6 1800.0 0.9989100695 0.0000000000 -0.0466761142 0.0000000000 1.0000000000 0.0000000000 0.0466761142 0.0000000000 0.9989100695
33.8 -161.5 1896.7 0.9602769017 -0.0157665852 -0.2786031663 -0.0387254953 0.9812121391 -0.1890056282 0.2763487697 0.1922867745 0.9416247606
40.0 -545.4 1821.5 0.9609977603 0.0000000000 -0.2765562236 0.0000000000 1.0000000000 0.0000000000 0.2765562236 0.0000000000 0.9609977603
-199.3 -304.3 1752.3 0 0 0 0 0 0 0 0 0
16.3 332.7 1672.2 0 0 0 0 0 0 0 0 0
-166.6 -927.2 1800.0 0 0 0 0 0 0 0 0 0
40.0 -922.0 1821.5 0 0 0 0 0 0 0 0 0
-87.5 442.2 1798.5 5 0.9962323308 -0.0773785934 -0.0391620472 0.0825606361 0.9844385386 0.1551273316 0.0265490953 -0.1577761173 0.9871179461
-70.7 228.9 1832.7 0.9962323308 -0.0773785934 -0.0391620472 0.0825606361 0.9844385386 0.1551273316 0.0265490953 -0.1577761173 0.9871179461
-60.3 35.5 1861.8 0.9978370667 -0.0531911589 -0.0386247374 0.0583261549 0.9874134064 0.1470129341 0.0303187966 -0.1489477903 0.9883801341
-212.4 220.6 1828.4 0.1066050306 -0.8888959885 -0.4455325603 0.9872669578 0.0414232798 0.1535839289 -0.1180647165 -0.4562323987 0.8819935918
-242.7 -60.4 1862.0 -0.1607753187 -0.8888959885 -0.4289699197 0.9043483734 0.0414232798 -0.4247801006 0.3953546584 -0.4562323987 0.7972118258
71.0 237.2 1837.0 0.6686199307 0.6198090911 0.4108333290 -0.3628185391 0.7541828752 -0.5473306775 -0.6490840316 0.2168982625 0.7291399240
208.0 162.9 1704.1 -0.7492979169 0.6198090911 0.2332151234 0.6508914828 0.7541828752 0.0868820325 -0.1220365763 0.2168982625 -0.9685361385
-138.6 -180.2 1886.4 0.9971382022 0.0755937919 0.0009824459 -0.0736972764 0.9748548865 -0.2103012502 -0.0168552119 0.2096270025 0.9776361585
-168.2 -561.6 1804.4 0.9998571873 0.0000000000 0.0169011708 0.0000000000 1.0000000000 0.0000000000 -0.0169011708 0.0000000000 0.9998571873
40.2 -169.6 1902.9 0.9754461646 0.0060242130 -0.2201556563 -0.0516331755 0.9780215025 -0.2020096630 0.2141000330 0.2084168792 0.9543184042
37.9 -552.3 1821.3 0.9767490029 0.0000000000 -0.2143859863 0.0000000000 1.0000000000 0.0000000000 0.2143859863 0.0000000000 0.9767490029
-197.5 -315.0 1750.7 0 0 0 0 0 0 0 0 0
15.7 329.9 1672.7 0 0 0 0 0 0 0 0 0
-168.2 -938.2 1804.4 0 0 0 0 0 0 0 0 0
37.9 -928.9 1821.3 0 0 0 0 0 0 0 0 0
-88.2 441.1 1800.4 6 0.9972475767 -0.0732080042 -0.0117401900 0.0741426572 0.9853631854 0.1535000950 0.0003309158 -0.1539480537 0.9880788922
-73.0 236.1 1832.4 0.9972475767 -0.0732080042 -0.0117401900 0.0741426572 0.9853631854 0.1535000950 0.0003309158 -0.1539480537 0.9880788922
-61.4 42.7 1860.4 0.9981848001 -0.0592121966 -0.0110006128 0.0601762757 0.9879668951 0.1424788833 0.0024317536 -0.1428822428 0.9897367358
-214.9 227.5 1832.1 0.0979298651 -0.9026946425 -0.4189894497 0.9870437980 0.0343312696 0.1567352563 -0.1270996332 -0.4289099872 0.8943611979
-242.0 -45.7 1867.3 -0.1467616409 -0.9026946425 -0.4044792056 0.9124702215 0.0343312696 -0.4077002406 0.3819151223 -0.4289099872 0.8186434507
69.0 244.7 1832.8 0.6764383912 0.6239550114 0.3912943900 -0.4023596942 0.7580749989 -0.5132533312 -0.6168774366 0.1897431314 0.7638453841
208.3 161.9 1705.7 -0.7507877350 0.6239550114 0.2167901546 0.6488839388 0.7580749989 0.0653599873 -0.1235615090 0.1897431314 -0.9740277529
-139.8 -163.1 1888.1 0.9974130392 0.0653101951 0.0300307665 -0.0580136627 0.9780360460 -0.2001995742 -0.0424462445 0.1979394704 0.9792947769
-165.4 -545.9 1810.7 0.9990956783 0.0000000000 0.0425178558 0.0000000000 1.0000000000 0.0000000000 -0.0425178558 0.0000000000 0.9990956783
39.8 -152.4 1893.6 0.9813031554 0.0013670872 -0.1924637407 -0.0316374600 0.9875183702 -0.1542935371 0.1898505539 0.1574977934 0.9690981507
39.3 -538.5 1832.1 0.9817945957 0.0000000000 -0.1899456382 0.0000000000 1.0000000000 0.0000000000 0.1899456382 0.0000000000 0.9817945957
-200.7 -302.6 1759.7 0 0 0 0 0 0 0 0 0
15.8 328.2 1674.0 0 0 0 0 0 0 0 0 0
-165.4 -922.6 1810.7 0 0 0 0 0 0 0 0 0
39.3 -915.2 1832.1 0 0 0 0 0 0 0 0 0
-89.1 438.3 1798.3 7 0.9950881600 -0.0714024976 -0.0685657784 0.0808670297 0.9858246446 0.1470045894 0.0570973344 -0.1518272310 0.9867565036
-72.9 214.7 1832.8 0.9950881600 -0.0714024976 -0.0685657784 0.0808670297 0.9858246446 0.1470045894 0.0570973344 -0.1518272310 0.9867565036
-59.8 21.4 1860.8 0.9954438806 -0.0668571815 -0.0679827631 0.0757903531 0.9874323606 0.1386837214 0.0578563735 -0.1432042867 0.9880005717
-214.4 203.9 1824.5 0.1002951488 -0.9278244972 -0.3592807055 0.9784714580 0.0265150927 0.2046716958 -0.1803730428 -0.3720735013 0.9105091095
-239.3 -38.9 1869.3 -0.1270198077 -0.9278244972 -0.3507245481 0.9154007435 0.0265150927 -0.4016695917 0.3819783628 -0.3720735013 0.8459632397
68.6 225.5 1841.0 0.6831820011 0.6015459895 0.4140106142 -0.3130153418 0.7534494996 -0.5782172680 -0.6597603559 0.2654359639 0.7030362487
208.6 161.4 1705.8 -0.7519840598 0.6015459895 0.2695595920 0.6462130547 0.7534494996 0.1213363931 -0.1301101148 0.2654359639 -0.9553089142
-139.7 -157.8 1887.8 0.9977557063 0.0636288673 -0.0208537690 -0.0665210113 0.9774957895 -0.2001923770 0.0076464559 0.2011303008 0.9795346260
