9.3 491.6 2292.6 2 0.9908070564 -0.0342817716 -0.1308670491 0.0338532291 0.9994117022 -0.0054985997 0.1309785545 0.0010177795 0.9913846850
16.2 291.7 2292.4 0.9908070564 -0.0342817716 -0.1308670491 0.0338532291 0.9994117022 -0.0054985997 0.1309785545 0.0010177795 0.9913846850
22.7 93.0 2292.3 0.9908464551 -0.0329998545 -0.1308981329 0.0326821841 0.9994553328 -0.0045749401 0.1309778094 0.0002550257 0.9913852811
-123.3 287.1 2273.9 0.0856192261 -0.8228615522 -0.5617545247 0.5945045352 0.4946450889 -0.6339484453 0.7995209098 -0.2796874344 0.5315460563
-142.4 154.4 2095.4 -0.5203145742 -0.8228615522 0.2284109741 -0.8537176251 0.4946450889 -0.1627649367 0.0209506452 -0.2796874344 -0.9598624706
155.6 296.3 2310.8 0.1912240833 0.6308373809 0.7519823909 -0.9794937372 0.1721628308 0.1046514362 -0.0634453893 -0.7565739751 0.6508229375
207.8 29.2 2293.5 -0.0575565733 0.6308404803 0.7737748623 -0.9619852304 0.1722144485 -0.2119588405 -0.2669674158 -0.7565596104 0.5969471335
-62.7 -110.1 2279.5 0.9859058261 0.0989410281 -0.1349088848 -0.0966231078 0.9950402975 0.0236383770 0.1365785748 -0.0102698971 0.9905760288
-102.1 -505.7 2283.6 0.9925031662 0.0336733498 -0.1174888015 -0.0118987868 0.9833520055 0.1813208908 0.1216385290 -0.1785635799 0.9763806462
119.1 -104.2 2303.8 0.9550628662 0.0403897092 0.2936385870 -0.0277736131 0.9985082150 -0.0470098630 -0.2950992584 0.0367419720 0.9547598958
103.0 -501.2 2289.2 0.9541125894 -0.0434674099 0.2962765098 0.0084136939 0.9929091930 0.1185770035 -0.2993299067 -0.1106430292 0.9477128983
-8.3 374.5 2090.0 0 0 0 0 0 0 0 0 0
191.3 -245.6 2217.2 0 0 0 0 0 0 0 0 0
-114.3 -863.0 2348.5 0 0 0 0 0 0 0 0 0
116.5 -810.4 2323.6 0 0 0 0 0 0 0 0 0
9.7 493.3 2293.2 3 0.9913091063 -0.0332475901 -0.1272825450 0.0328546800 0.9994466901 -0.0051857033 0.1273845434 0.0009588074 0.9918529391
16.3 293.0 2293.0 0.9913091063 -0.0332475901 -0.1272825450 0.0328546800 0.9994466901 -0.0051857033 0.1273845434 0.0009588074 0.9918529391
22.8 94.3 2293.0 0.9913251400 -0.0326337665 -0.1273165196 0.0323681496 0.9994673729 -0.0041551753 0.1273843050 -0.0000018706 0.9918534160
-123.2 288.5 2275.0 0.0788722262 -0.8129661679 -0.5769447088 0.5863516331 0.5058814287 -0.6326735020 0.8062077761 -0.2883920968 0.5165840387
-140.9 156.7 2093.9 -0.5320522785 -0.8129661679 0.2366566360 -0.8465819955 0.5058814287 -0.1654777825 0.0148076341 -0.2883920968 -0.9573978782
155.8 297.6 2310.9 0.1906705499 0.6281770468 0.7543463111 -0.9795892835 0.1715712845 0.1047286689 -0.0636360124 -0.7589182258 0.6480691433
207.8 30.6 2293.6 -0.0585278645 0.6282501817 0.7758067846 -0.9617753029 0.1727650017 -0.2124630660 -0.2675122321 -0.7585868239 0.5941239595
-61.6 -108.7 2280.2 0.9870477915 0.0933752060 -0.1304520369 -0.0898016393 0.9954119325 0.0330258049 0.1329373121 -0.0208832398 0.9909043908
-98.7 -504.4 2288.5 0.9918298721 0.0432817787 -0.1200008169 -0.0266771056 0.9902569056 0.1366734654 0.1247471049 -0.1323555559 0.9833210111
120.2 -102.7 2304.3 0.9539250135 0.0441550389 0.2967782915 -0.0295258407 0.9981259704 -0.0535984412 -0.2985887527 0.0423662663 0.9534410834
102.6 -499.5 2287.4 0.9529477358 -0.0442242995 0.2998914123 0.0064937421 0.9920520186 0.1256608367 -0.3030651510 -0.1178007945 0.9456608891
-3.5 375.3 2090.0 0 0 0 0 0 0 0 0 0
191.1 -244.1 2217.2 0 0 0 0 0 0 0 0 0
-113.4 -839.1 2333.3 0 0 0 0 0 0 0 0 0
116.5 -809.5 2324.2 0 0 0 0 0 0 0 0 0
9.2 491.8 2292.5 4 0.9922739863 -0.0335422903 -0.1194454953 0.0335832015 0.9994345307 -0.0016709242 0.1194339991 -0.0023533476 0.9928393364
15.9 292.1 2292.9 0.9922739863 -0.0335422903 -0.1194454953 0.0335832015 0.9994345307 -0.0016709242 0.1194339991 -0.0023533476 0.9928393364
22.6 93.4 2293.1 0.9922800660 -0.0335248485 -0.1194000840 0.0334027447 0.9994373918 -0.0030243702 0.1194343045 -0.0009872684 0.9928416014
-123.7 287.4 2276.1 0.0728213787 -0.8114825487 -0.5798215866 0.5729498267 0.5098981857 -0.6416637301 0.8163489103 -0.2854818404 0.5020703077
-140.2 157.7 2091.2 -0.5398312211 -0.8114825487 0.2237817496 -0.8411619663 0.5098981857 -0.1801399142 0.0320744924 -0.2854818404 -0.9578472376
155.6 296.8 2309.8 0.1913488954 0.6222926974 0.7590371370 -0.9796016812 0.1694307625 0.1080450118 -0.0613686107 -0.7642283440 0.6420193911
207.5 30.9 2293.1 -0.0587653257 0.6224991679 0.7804110646 -0.9622629285 0.1727512479 -0.2102548182 -0.2657004297 -0.7633163333 0.5888560414
-61.7 -107.4 2281.3 0.9881049991 0.0904319063 -0.1243806854 -0.0893210620 0.9958974719 0.0144903185 0.1251807958 -0.0032081418 0.9921287894
-97.6 -503.3 2282.6 0.9925504327 0.0579758361 -0.1071560234 -0.0375138447 0.9822206497 0.1839437485 0.1159151495 -0.1785536110 0.9770784378
120.3 -101.4 2304.7 0.9516203403 0.0418796279 0.3044090271 -0.0271789711 0.9982576966 -0.0523722991 -0.3060719669 0.0415650196 0.9511005878
103.6 -498.3 2288.1 0.9508287311 -0.0406114347 0.3070430458 0.0026953691 0.9924134016 0.1229159832 -0.3097054362 -0.1160444543 0.9437246323
-0.8 374.9 2083.0 0 0 0 0 0 0 0 0 0
190.8 -244.0 2217.2 0 0 0 0 0 0 0 0 0
-118.5 -856.6 2346.8 0 0 0 0 0 0 0 0 0
116.3 -809.0 2324.5 0 0 0 0 0 0 0 0 0
9.9 494.4 2292.6 5 0.9914988279 -0.0328156836 -0.1259093732 0.0328717455 0.9994582534 -0.0016329736 0.1258947551 -0.0025197698 0.9920403957
16.5 294.5 2293.1 0.9914988279 -0.0328156836 -0.1259093732 0.0328717455 0.9994582534 -0.0016329736 0.1258947551 -0.0025197698 0.9920403957
23.0 95.8 2293.4 0.9915035367 -0.0328015983 -0.1258762330 0.0327293240 0.9994607568 -0.0026428578 0.1258950382 -0.0014994408 0.9920424223
-123.0 289.9 2275.4 0.0728803799 -0.8118044734 -0.5793634057 0.5772836208 0.5080406666 -0.6392482519 0.8132847548 -0.2878683507 0.5056676269
-139.7 157.9 2089.6 -0.5434476137 -0.8118044734 0.2136309594 -0.8376941681 0.5080406666 -0.2004074156 0.0541584194 -0.2878683507 -0.9561373591
156.1 299.1 2310.8 0.1875871420 0.6275442839 0.7556449175 -0.9803078175 0.1679385602 0.1038904116 -0.0617060997 -0.7602531314 0.6466896534
207.5 30.1 2293.9 -0.0516253524 0.6281804442 0.7763531208 -0.9614358544 0.1790221781 -0.2087873220 -0.2701405585 -0.7571924329 0.5947130919
-61.8 -108.3 2282.4 0.9866863489 0.0961117670 -0.1311965585 -0.0954844132 0.9953692555 0.0110790180 0.1316538453 0.0015957095 0.9912944436
-100.0 -504.1 2281.7 0.9926310182 0.0473464094 -0.1115438789 -0.0252443124 0.9811099768 0.1917967200 0.1185176894 -0.1875675172 0.9750753641
120.3 -102.2 2304.3 0.9535373449 0.0431242324 0.2981725633 -0.0288759563 0.9982280135 -0.0520286560 -0.2998878956 0.0410012491 0.9530929327
103.2 -499.1 2288.0 0.9525494576 -0.0442839153 0.3011452258 0.0080363993 0.9926741719 0.1205545589 -0.3042777181 -0.1124140546 0.9459271431
0.3 373.7 2075.6 0 0 0 0 0 0 0 0 0
192.8 -244.5 2216.8 0 0 0 0 0 0 0 0 0
-117.5 -868.1 2351.3 0 0 0 0 0 0 0 0 0
116.9 -807.9 2323.0 0 0 0 0 0 0 0 0 0
11.0 492.3 2286.7 6 0.9940894842 -0.0309643317 -0.1040543988 0.0326403268 0.9993628263 0.0144424848 0.1035408974 -0.0177534912 0.9944667220
17.2 292.6 2290.3 0.9940894842 -0.0309643317 -0.1040543988 0.0326403268 0.9993628263 0.0144424848 0.1035408974 -0.0177534912 0.9944667220
23.3 93.9 2292.8 0.9941290617 -0.0302011948 -0.1039004922 0.0313470587 0.9994642138 0.0094129173 0.1035605446 -0.0126146292 0.9945431352
-122.7 288.2 2275.7 0.0823331997 -0.8226342201 -0.5625781417 0.5800491571 0.4985854924 -0.6441704035 0.8104099035 -0.2732863426 0.5182183981
-141.4 156.3 2091.4 -0.5355808139 -0.8226342201 0.1908562928 -0.8408645988 0.4985854924 -0.2106162906 0.0781020001 -0.2732863426 -0.9587568045
157.1 297.0 2304.8 0.1885330677 0.6137005687 0.7666987181 -0.9815554619 0.1429451704 0.1269470453 -0.0316884145 -0.7764910460 0.6293309927
207.9 32.7 2296.3 -0.0501978472 0.6164296865 0.7858082652 -0.9609955549 0.1844445467 -0.2060769796 -0.2719700038 -0.7655028701 0.5831274390
-61.4 -105.9 2282.2 0.9893339872 0.0948555022 -0.1105474383 -0.0944081470 0.9954902530 0.0092859939 0.1109297276 0.0012496299 0.9938274622
-99.1 -501.7 2281.7 0.9944673181 0.0521820709 -0.0911688581 -0.0338003635 0.9806907773 0.1926218867 0.0994598642 -0.1884746403 0.9770286679
120.5 -99.9 2305.3 0.9468387365 0.0457539968 0.3184382617 -0.0297640432 0.9980480075 -0.0549021251 -0.3203286827 0.0425054505 0.9463523626
102.3 -496.8 2288.4 0.9457120299 -0.0472190827 0.3215572834 0.0094272578 0.9929587245 0.1180851087 -0.3248689771 -0.1086431071 0.9394981861
-3.6 372.6 2071.3 0 0 0 0 0 0 0 0 0
193.5 -241.8 2218.6 0 0 0 0 0 0 0 0 0
-118.8 -871.1 2352.7 0 0 0 0 0 0 0 0 0
117.2 -808.6 2322.5 0 0 0 0 0 0 0 0 0
11.0 494.2 2289.7 7 0.9920973182 -0.0304019898 -0.1217317581 0.0307540838 0.9995264411 0.0010141222 0.1216432825 -0.0047498569 0.9925625324
17.1 294.5 2290.7 0.9920973182 -0.0304019898 -0.1217317581 0.0307540838 0.9995264411 0.0010141222 0.1216432825 -0.0047498569 0.9925625324
23.1 95.8 2291.1 0.9921167493 -0.0300639085 -0.1216573194 0.0301115867 0.9995455146 -0.0014469754 0.1216455251 -0.0022277264 0.9925711155
-122.5 290.3 2273.6 0.0729134902 -0.8161193132 -0.5732651353 0.5985262990 0.4955890775 -0.6294106245 0.7977780700 -0.2972217202 0.5246040225
-139.0 155.1 2093.4 -0.5307164788 -0.8161193132 0.2286685556 -0.8462924361 0.4955890775 -0.1953986436 0.0461429656 -0.2972217202 -0.9536928535
156.7 298.7 2307.8 0.1868605912 0.6279197335 0.7555130124 -0.9816566110 0.1489878744 0.1189661920 -0.0378610604 -0.7638844252 0.6442415118
207.9 29.9 2297.4 -0.0502866618 0.6299046874 0.7750427723 -0.9610784054 0.1805623770 -0.2091065347 -0.2716607451 -0.7553921342 0.5963078737
-61.9 -107.6 2285.8 0.9872830510 0.0941341519 -0.1281049997 -0.0948661715 0.9954899549 0.0003890178 0.1275638640 0.0117687611 0.9917605519
-99.3 -503.4 2281.1 0.9931029081 0.0482503325 -0.1068573445 -0.0262908377 0.9798306823 0.1980925798 0.1142601371 -0.1939169616 0.9743412137
120.5 -101.9 2304.8 0.9520411491 0.0482479744 0.3021420538 -0.0343602970 0.9981015325 -0.0511148944 -0.3040346205 0.0382817909 0.9518915415
101.3 -498.8 2289.6 0.9507161379 -0.0503071211 0.3059543669 0.0149005326 0.9930227399 0.1169780344 -0.3097044528 -0.1066540182 0.9448323250
-1.8 373.8 2081.5 0 0 0 0 0 0 0 0 0
193.5 -244.6 2219.8 0 0 0 0 0 0 0 0 0
-117.6 -875.3 2354.7 0 0 0 0 0 0 0 0 0
117.0 -809.0 2322.9 0 0 0 0 0 0 0 0 0
10.6 495.2 2291.3 8 0.9909372926 -0.0323363766 -0.1303750575 0.0320958681 0.9994770288 -0.0039461046 0.1304344684 -0.0002741584 0.9914568663
17.0 295.3 2291.3 0.9909372926 -0.0323363766 -0.1303750575 0.0320958681 0.9994770288 -0.0039461046 0.1304344684 -0.0002741584 0.9914568663
23.5 96.6 2291.3 0.9909315705 -0.0325772800 -0.1303586960 0.0322725885 0.9994692206 -0.0044497326 0.1304344684 0.0002023677 0.9914569259
-122.4 290.8 2273.0 0.0718811154 -0.8207486272 -0.5667493343 0.6098454595 0.4857977629 -0.6261700988 0.7892538309 -0.3006196916 0.5354495049
-138.6 153.2 2094.9 -0.5161247849 -0.8207486272 0.2449221611 -0.8561300635 0.4857977629 -0.1761869937 0.0256225877 -0.3006196916 -0.9533998370
156.5 299.8 2309.7 0.1893076003 0.6339556575 0.7498418689 -0.9810613990 0.1540036350 0.1174793094 -0.0410016924 -0.7578806281 0.6511034966
208.1 32.3 2298.5 -0.0428210758 0.6357163787 0.7707340717 -0.9606078267 0.1858258396 -0.2066429853 -0.2745886445 -0.7492218614 0.6027169228
-61.9 -105.7 2280.4 0.9860141277 0.0966469944 -0.1357775480 -0.0964244306 0.9953062534 0.0082304357 0.1359356940 0.0049769478 0.9907051325
-100.3 -501.4 2278.4 0.9924514890 0.0452116281 -0.1139996871 -0.0210590046 0.9785842299 0.2047667503 0.1208161339 -0.2008203566 0.9721494913
120.1 -100.2 2302.7 0.9552016854 0.0392929427 0.2933357358 -0.0206512641 0.9975806475 -0.0663804486 -0.2952343524 0.0573489591 0.9537021518
104.5 -496.7 2279.9 0.9559254050 -0.0186351761 0.2930176258 -0.0441516750 0.9775121212 0.2062053978 -0.2902709544 -0.2100542039 0.9336059093
-4.8 375.2 2088.2 0 0 0 0 0 0 0 0 0
195.9 -242.1 2220.1 0 0 0 0 0 0 0 0 0
-117.5 -874.1 2354.9 0 0 0 0 0 0 0 0 0
110.9 -834.6 2352.6 0 0 0 0 0 0 0 0 0
10.7 495.2 2293.0 9 0.9915169477 -0.0331132933 -0.1256887019 0.0323940516 0.9994450212 -0.0077625578 0.1258759946 0.0036251412 0.9920393825
17.3 295.1 2292.3 0.9915169477 -0.0331132933 -0.1256887019 0.0323940516 0.9994450212 -0.0077625578 0.1258759946 0.0036251412 0.9920393825
23.9 96.4 2291.8 0.9915180802 -0.0329493098 -0.1257230341 0.0323604569 0.9994536638 -0.0067237718 0.1258758903 0.0025982866 0.9920426011
-122.2 290.5 2274.6 0.0685086697 -0.8266598582 -0.5585159659 0.6144452691 0.4760142565 -0.6291799545 0.7859793901 -0.3000732064 0.5405483246
-137.7 151.7 2097.0 -0.5043921471 -0.8266598582 0.2494435161 -0.8632395864 0.4760142565 -0.1680115163 0.0201497041 -0.3000732064 -0.9537033439
156.9 299.6 2310.0 0.1890424192 0.6302720904 0.7530072927 -0.9809372425 0.1563504040 0.1153978780 -0.0450009368 -0.7604680061 0.6478142738
208.1 33.7 2297.8 -0.0303951316 0.6315571070 0.7747333050 -0.9637349844 0.1870734394 -0.1903111935 -0.2651244104 -0.7524221539 0.6029676199
-60.9 -105.0 2279.3 0.9863369465 0.0993645638 -0.1314007491 -0.0997838750 0.9950032830 0.0034059857 0.1310826242 0.0097522261 0.9913234711
-100.4 -500.6 2275.4 0.9932715297 0.0466681942 -0.1059894189 -0.0217852052 0.9741666913 0.2247769386 0.1137412935 -0.2209555358 0.9686287045
120.9 -99.1 2303.2 0.9539943337 0.0410823859 0.2969966829 -0.0152775431 0.9959419966 -0.0886911824 -0.2994351089 0.0800735056 0.9507506490
104.6 -495.0 2271.4 0.9559694529 -0.0224306155 0.2926078141 -0.0586049408 0.9623993039 0.2652415335 -0.2875550687 -0.2707110643 0.9187097549
-6.6 376.0 2091.8 0 0 0 0 0 0 0 0 0
199.4 -241.5 2222.1 0 0 0 0 0 0 0 0 0
-118.2 -872.3 2359.7 0 0 0 0 0 0 0 0 0
112.7 -844.7 2369.7 0 0 0 0 0 0 0 0 0
10.9 492.9 2291.9 0 0.9925302267 -0.0584086515 -0.1071084812 0.0582938269 0.9982905984 -0.0042053135 0.1071710140 -0.0020698623 0.9942384362
22.9 287.8 2292.3 0.9925302267 -0.0584086515 -0.1071084812 0.0582938269 0.9982905984 -0.0042053135 0.1071710140 -0.0020698623 0.9942384362
27.2 89.0 2292.2 0.9940149784 -0.0213032570 -0.1071465388 0.0210761782 0.9997726083 -0.0032513847 0.1071914360 0.0009736858 0.9942378998
-116.9 284.8 2277.2 0.0931511298 -0.8227845430 -0.5606678724 0.5743851066 0.5043724179 -0.6447404027 0.8132678270 -0.2619809806 0.5195780396
-137.8 156.2 2095.1 -0.5202006102 -0.8227845430 0.2289473712 -0.8539813757 0.5043724179 -0.1277664453 -0.0103504853 -0.2619809806 -0.9650175571
162.8 290.7 2307.4 0.1735083610 0.6191785336 0.7658412457 -0.9841039777 0.1389103979 0.1106494814 -0.0378715172 -0.7728660107 0.6334381700
208.1 33.5 2297.5 -0.0248383917 0.6216067076 0.7829356194 -0.9634186029 0.1941693127 -0.1847236454 -0.2668475211 -0.7588829994 0.5940446258
-60.5 -105.3 2279.7 0.9885960221 0.0995361283 -0.1130062267 -0.0996983647 0.9950087070 0.0042290194 0.1128631160 0.0070857438 0.9935852885
-100.1 -500.9 2276.9 0.9951341748 0.0434255823 -0.0884430707 -0.0227868240 0.9747337699 0.2222043723 0.0958578065 -0.2191078365 0.9709804654
121.4 -99.4 2302.8 0.9481968284 0.0455939434 0.3143945634 -0.0223222859 0.9967634678 -0.0772292465 -0.3168981969 0.0662105232 0.9461457133
103.3 -495.6 2276.5 0.9486837983 -0.0344059058 0.3143490255 -0.0341727585 0.9770879745 0.2100745887 -0.3143744469 -0.2100365162 0.9257717729
-2.9 377.6 2097.8 0 0 0 0 0 0 0 0 0
201.1 -241.7 2221.3 0 0 0 0 0 0 0 0 0
-116.7 -873.2 2360.6 0 0 0 0 0 0 0 0 0
114.9 -824.8 2347.3 0 0 0 0 0 0 0 0 0
13.0 490.8 2293.3 1 0.9934132695 -0.0424275175 -0.1064425781 0.0416166559 0.9990853071 -0.0098285312 0.1067622155 0.0053340090 0.9942702651
21.6 288.2 2292.3 0.9934132695 -0.0424275175 -0.1064425781 0.0416166559 0.9990853071 -0.0098285312 0.1067622155 0.0053340090 0.9942702651
26.5 89.4 2290.9 0.9940188527 -0.0243536439 -0.1064585447 0.0234909058 0.9996803403 -0.0093506472 0.1066522375 0.0067939120 0.9942731857
-118.3 284.9 2277.2 0.0867462382 -0.8176053166 -0.5692070127 0.5615220666 0.5120805502 -0.6499742270 0.8229022026 -0.2632394731 0.5035245419
-137.9 158.0 2091.3 -0.5304186940 -0.8176053166 0.2240033150 -0.8477342129 0.5120805502 -0.1382760704 -0.0016524880 -0.2632394731 -0.9647291303
161.5 291.5 2307.3 0.1703380197 0.6183656454 0.7672085166 -0.9842286110 0.1444878280 0.1020651460 -0.0477387086 -0.7724941373 0.6332249045
208.7 18.5 2294.0 -0.0200298186 0.6202973723 0.7841109633 -0.9640621543 0.1958278418 -0.1795428097 -0.2649206817 -0.7595279217 0.5940828323
-59.8 -111.6 2282.1 0.9881331921 0.1052924097 -0.1118313670 -0.1056045890 0.9944032431 0.0031450086 0.1115366220 0.0087022176 0.9937222004
-101.6 -507.0 2278.7 0.9953688979 0.0418950096 -0.0865190551 -0.0221835300 0.9758481979 0.2173205912 0.0935341120 -0.2143948674 0.9722583294
122.6 -107.8 2301.8 0.9474854469 0.0477557518 0.3162131608 -0.0299212970 0.9976879358 -0.0610200614 -0.3183961213 0.0483541116 0.9467236996
103.6 -504.4 2282.6 0.9471566677 -0.0373616256 0.3185880482 -0.0199902970 0.9843881130 0.1748724729 -0.3201478124 -0.1720003039 0.9316229224
-0.6 377.3 2091.7 0 0 0 0 0 0 0 0 0
203.0 -256.8 2218.4 0 0 0 0 0 0 0 0 0
-117.6 -879.9 2360.6 0 0 0 0 0 0 0 0 0
115.4 -814.9 2336.9 0 0 0 0 0 0 0 0 0
12.9 492.5 2293.1 2 0.9928718805 -0.0377054140 -0.1130653992 0.0369107425 0.9992769957 -0.0091143288 0.1133273095 0.0048760320 0.9935457706
20.5 290.8 2292.1 0.9928718805 -0.0377054140 -0.1130653992 0.0369107425 0.9992769957 -0.0091143288 0.1133273095 0.0048760320 0.9935457706
26.2 92.1 2290.8 0.9931729436 -0.0287420116 -0.1130550951 0.0278542917 0.9995675683 -0.0094241928 0.1132770777 0.0062107840 0.9935440421
-119.2 286.8 2276.1 0.0839549601 -0.8145681024 -0.5739603043 0.5634759665 0.5138688087 -0.6468644738 0.8218554854 -0.2691053450 0.5021313429
-138.4 158.4 2088.8 -0.5366483331 -0.8145681024 0.2201985717 -0.8437008262 0.5138688087 -0.1552667171 0.0133221364 -0.2691053450 -0.9630185962
160.3 294.7 2308.0 0.1723161191 0.6223685145 0.7635211349 -0.9836602807 0.1497560292 0.0999279171 -0.0521499068 -0.7682646513 0.6380046010
208.2 21.4 2293.5 -0.0154230725 0.6236242652 0.7815720439 -0.9662112594 0.1918428093 -0.1721399575 -0.2572896481 -0.7578186393 0.5995939970
-59.9 -111.5 2279.8 0.9875460863 0.1036162600 -0.1183909774 -0.1038871482 0.9945814610 0.0038978013 0.1181533486 0.0084500434 0.9929593801
-101.1 -506.9 2276.4 0.9946890473 0.0473771356 -0.0913731828 -0.0249376688 0.9722436070 0.2326381952 0.0998587161 -0.2291240245 0.9682615399
122.5 -107.1 2299.4 0.9491627812 0.0492397696 0.3109107614 -0.0377975814 0.9983716607 -0.0427245833 -0.3125082254 0.0288009085 0.9494783282
102.9 -504.0 2287.9 0.9483790398 -0.0396128967 0.3146553636 -0.0059337602 0.9897783399 0.1424906403 -0.3170835376 -0.1370022297 0.9384499788
0.2 376.3 2085.4 0 0 0 0 0 0 0 0 0
203.8 -254.6 2220.0 0 0 0 0 0 0 0 0 0
-119.2 -878.5 2364.0 0 0 0 0 0 0 0 0 0
115.2 -809.4 2330.2 0 0 0 0 0 0 0 0 0
12.9 491.6 2292.4 3 0.9929294586 -0.0341587923 -0.1136848405 0.0333320573 0.9994022846 -0.0091656251 0.1139299795 0.0053114695 0.9934746027
19.7 291.3 2291.4 0.9929294586 -0.0341587923 -0.1136848405 0.0333320573 0.9994022846 -0.0091656251 0.1139299795 0.0053114695 0.9934746027
25.6 92.6 2290.2 0.9930757284 -0.0295882449 -0.1136888042 0.0287459586 0.9995458722 -0.0090412945 0.1139046922 0.0057105958 0.9934752584
-120.0 287.2 2275.3 0.0855094716 -0.8124601841 -0.5767118931 0.5644820929 0.5164756179 -0.6439043880 0.8210043311 -0.2704836130 0.5027827621
-139.6 158.2 2087.7 -0.5425817966 -0.8124601841 0.2133388966 -0.8395807743 0.5164756179 -0.1683955789 0.0266303532 -0.2704836130 -0.9623562098
159.5 295.3 2307.4 0.1773476899 0.6229305863 0.7619089484 -0.9830416441 0.1488314569 0.1071368083 -0.0466572233 -0.7679887414 0.6387616396
208.0 26.2 2294.6 -0.0119076204 0.6243724823 0.7810359597 -0.9645468593 0.1987715214 -0.1736065000 -0.2636428177 -0.7554130554 0.5998696089
-59.2 -109.2 2279.2 0.9872214794 0.1060240269 -0.1189648807 -0.1061914489 0.9943333864 0.0049489373 0.1188154593 0.0077473558 0.9928861260
-101.3 -504.6 2276.1 0.9945303202 0.0472495221 -0.0931501985 -0.0256821532 0.9750721455 0.2203968614 0.1012418047 -0.2167990655 0.9709522724
123.1 -104.1 2300.0 0.9491283298 0.0544888377 0.3101392686 -0.0423411466 0.9980542064 -0.0457717963 -0.3120298684 0.0303116571 0.9495886564
101.4 -500.9 2288.0 0.9478792548 -0.0486825295 0.3148887753 0.0078219688 0.9915165305 0.1297450066 -0.3185337484 -0.1205195561 0.9402187467
0.7 375.2 2080.8 0 0 0 0 0 0 0 0 0
204.6 -249.3 2219.3 0 0 0 0 0 0 0 0 0
-119.4 -877.3 2359.0 0 0 0 0 0 0 0 0 0
116.7 -811.2 2325.7 0 0 0 0 0 0 0 0 0
13.0 492.7 2292.6 4 0.9930621386 -0.0470191427 -0.1077812761 0.0456815772 0.9988456964 -0.0148469359 0.1083549559 0.0098203113 0.9940637350
22.7 288.0 2290.6 0.9930621386 -0.0470191427 -0.1077812761 0.0456815772 0.9988456964 -0.0148469359 0.1083549559 0.0098203113 0.9940637350
28.3 89.2 2291.4 0.9936999083 -0.0285381116 -0.1083792523 0.0288127922 0.9995843768 0.0009690108 0.1083065495 -0.0040856148 0.9941091537
-117.2 283.9 2275.3 0.0955018625 -0.8119055033 -0.5759243369 0.5562881827 0.5233227611 -0.6455050707 0.8254833817 -0.2587329745 0.5016317368
-138.5 159.6 2091.0 -0.5388965011 -0.8119055033 0.2244994044 -0.8422783017 0.5233227611 -0.1292307377 -0.0125625003 -0.2587329745 -0.9658672214
162.5 292.0 2305.8 0.1689959317 0.6191614866 0.7668633461 -0.9847128987 0.1393788308 0.1044703275 -0.0422005169 -0.7727953196 0.6332507730
207.9 27.6 2294.5 -0.0094554834 0.6209974289 0.7837556005 -0.9646784067 0.2006854713 -0.1706484407 -0.2632606030 -0.7576856613 0.5971652269
-59.6 -108.8 2278.6 0.9880019426 0.1030776352 -0.1150094643 -0.1035313830 0.9946240783 0.0020371848 0.1146011725 0.0098943459 0.9933623075
-100.6 -504.3 2274.7 0.9947182536 0.0539740548 -0.0873064473 -0.0318160690 0.9708218575 0.2376819700 0.0975876674 -0.2336488366 0.9674113989
122.6 -103.5 2299.5 0.9478601813 0.0490402244 0.3148907125 -0.0377089754 0.9984065890 -0.0419804305 -0.3164477050 0.0279173702 0.9481990933
103.1 -500.5 2288.4 0.9467704296 -0.0456210487 0.3186604977 0.0057878275 0.9921591878 0.1248463616 -0.3218575418 -0.1163564846 0.9396110177
0.8 377.4 2094.2 0 0 0 0 0 0 0 0 0
205.2 -247.9 2219.3 0 0 0 0 0 0 0 0 0
-121.2 -875.3 2364.0 0 0 0 0 0 0 0 0 0
117.5 -812.5 2325.0 0 0 0 0 0 0 0 0 0
13.7 492.7 2293.2 5 0.9933481812 -0.0537942648 -0.1018113568 0.0512985922 0.9983189702 -0.0269760769 0.1030913666 0.0215738583 0.9944378734
24.9 284.1 2288.7 0.9933481812 -0.0537942648 -0.1018113568 0.0512985922 0.9983189702 -0.0269760769 0.1030913666 0.0215738583 0.9944378734
28.9 85.4 2291.9 0.9944466352 -0.0200178009 -0.1033207923 0.0215653032 0.9996710420 0.0138822580 0.1030089185 -0.0160333086 0.9945511818
-115.0 281.0 2274.2 0.1039320081 -0.8147854805 -0.5703707337 0.5458491445 0.5261202455 -0.6521090269 0.8314125538 -0.2435613871 0.4994306862
-138.0 160.2 2090.1 -0.5361993909 -0.8147854805 0.2204878032 -0.8436086178 0.5261202455 -0.1073406264 -0.0285435077 -0.2435613871 -0.9694653749
164.9 287.1 2303.2 0.1648488343 0.6156063676 0.7706190348 -0.9857425094 0.1295356303 0.1073884070 -0.0337136313 -0.7773347497 0.6281831264
209.0 23.4 2294.2 -0.0112501122 0.6184220910 0.7857655883 -0.9625651240 0.2061278373 -0.1760104746 -0.2708169222 -0.7583307028 0.5929526091
-57.2 -112.1 2282.3 0.9874623418 0.1117054671 -0.1115345731 -0.1123113781 0.9936726689 0.0008554106 0.1109244153 0.0116819162 0.9937601686
-101.6 -507.2 2277.6 0.9954391122 0.0456072129 -0.0837912112 -0.0259135012 0.9745654464 0.2225997448 0.0918121785 -0.2194131762 0.9713023901
125.2 -106.8 2302.2 0.9465130568 0.0522603393 0.3184051812 -0.0382785611 0.9980145693 -0.0500162207 -0.3203868568 0.0351529121 0.9466342926
104.4 -503.6 2288.2 0.9456148148 -0.0414735787 0.3226337731 0.0004544489 0.9920063019 0.1261873990 -0.3252882063 -0.1191780567 0.9380747080
0.8 378.6 2097.5 0 0 0 0 0 0 0 0 0
205.8 -251.5 2216.8 0 0 0 0 0 0 0 0 0
-119.0 -879.7 2361.5 0 0 0 0 0 0 0 0 0
117.3 -812.7 2325.3 0 0 0 0 0 0 0 0 0
13.2 494.1 2294.0 6 0.9909516573 -0.0443772450 -0.1266706437 0.0420197025 0.9988912940 -0.0212247223 0.1274721026 0.0157100111 0.9917177558
22.3 289.7 2290.8 0.9909516573 -0.0443772450 -0.1266706437 0.0420197025 0.9988912940 -0.0212247223 0.1274721026 0.0157100111 0.9917177558
27.7 91.0 2291.5 0.9914779067 -0.0270628054 -0.1274330318 0.0272984356 0.9996273518 0.0001026146 0.1273827553 -0.0035804624 0.9918471575
-117.2 285.9 2272.8 0.0939132199 -0.8100897074 -0.5787357092 0.5573472977 0.5244561434 -0.6436689496 0.8249511123 -0.2621077597 0.5007546544
-138.4 160.1 2086.6 -0.5382464528 -0.8100897074 0.2324767709 -0.8424945474 0.5244561434 -0.1230799407 -0.0222180784 -0.2621077597 -0.9647828341
161.8 293.5 2308.7 0.1665286720 0.6326264739 0.7563411593 -0.9846305251 0.1476391107 0.0933028758 -0.0526396632 -0.7602542043 0.6474894881
208.6 16.3 2293.9 -0.0094188107 0.6345839500 0.7727965713 -0.9599980116 0.2105465978 -0.1845913231 -0.2798483670 -0.7436217666 0.6072162390
-58.3 -115.3 2285.6 0.9843260646 0.1151805595 -0.1335500032 -0.1155554205 0.9932886362 0.0049668481 0.1332257837 0.0105434293 0.9910296202
-104.1 -510.3 2281.4 0.9935155511 0.0371801518 -0.1074452102 -0.0143263116 0.9784257412 0.2061013579 0.1127900407 -0.2032256126 0.9726138711
124.2 -111.4 2304.5 0.9539538026 0.0458282568 0.2964319587 -0.0336914919 0.9983765483 -0.0459253192 -0.2980553806 0.0338233970 0.9539491534
105.9 -508.3 2291.1 0.9529206157 -0.0444490053 0.2999442518 0.0101445336 0.9933170080 0.1149714291 -0.3030500710 -0.1065158471 0.9470031857
0.9 378.2 2092.4 0 0 0 0 0 0 0 0 0
205.9 -257.9 2214.0 0 0 0 0 0 0 0 0 0
-118.3 -884.2 2359.1 0 0 0 0 0 0 0 0 0
119.3 -807.1 2323.1 0 0 0 0 0 0 0 0 0
12.0 494.1 2293.9 7 0.9895950556 -0.0412856452 -0.1378302127 0.0394361056 0.9990919828 -0.0161240790 0.1383707523 0.0105208214 0.9903246164
20.4 292.2 2291.8 0.9895950556 -0.0412856452 -0.1378302127 0.0394361056 0.9990919828 -0.0161240790 0.1383707523 0.0105208214 0.9903246164
26.7 93.5 2291.7 0.9898799062 -0.0320254713 -0.1382467300 0.0316702537 0.9994869828 -0.0047689844 0.1383285373 0.0003424128 0.9903863668
-118.9 287.7 2272.3 0.0889746025 -0.8015189171 -0.5913129449 0.5643485785 0.5297471285 -0.6331498027 0.8207278252 -0.2773723602 0.4994701147
-139.2 159.3 2085.5 -0.5505183935 -0.8015189171 0.2334458828 -0.8348154426 0.5297471285 -0.1498372108 -0.0035699259 -0.2773723602 -0.9607558846
159.6 296.6 2311.2 0.1768574268 0.6392444968 0.7483901978 -0.9825583100 0.1590541899 0.0963377282 -0.0574512370 -0.7523750663 0.6562249064
208.6 24.8 2295.3 -0.0069510476 0.6403567195 0.7680462003 -0.9615906477 0.2064812481 -0.1808559448 -0.2743994594 -0.7398031950 0.6143258214
-57.9 -110.2 2280.5 0.9837278128 0.1079377681 -0.1436281651 -0.1080688387 0.9941194057 0.0069116373 0.1435295641 0.0087225586 0.9896075726
-100.8 -505.5 2277.1 0.9920154810 0.0471892282 -0.1169550940 -0.0202954579 0.9750058055 0.2212504148 0.1244725361 -0.2171101719 0.9681785703
124.0 -105.2 2303.9 0.9569841027 0.0455113761 0.2865486145 -0.0351603813 0.9985333681 -0.0411682352 -0.2880019844 0.0293221902 0.9571807981
105.9 -502.2 2292.3 0.9557706118 -0.0482074283 0.2901355326 0.0166494604 0.9937620759 0.1102713943 -0.2936415672 -0.1005635560 0.9506111741
3.2 375.2 2086.4 0 0 0 0 0 0 0 0 0
206.6 -249.9 2217.0 0 0 0 0 0 0 0 0 0
-118.8 -878.1 2360.1 0 0 0 0 0 0 0 0 0
120.9 -810.0 2323.4 0 0 0 0 0 0 0 0 0
11.6 492.6 2286.8 8 0.9907982349 -0.0358447134 -0.1305142045 0.0372379981 0.9992723465 0.0082497708 0.1301235259 -0.0130339460 0.9914121032
18.8 292.2 2289.4 0.9907982349 -0.0358447134 -0.1305142045 0.0372379981 0.9992723465 0.0082497708 0.1301235259 -0.0130339460 0.9914121032
25.0 93.5 2292.4 0.9909431934 -0.0312713012 -0.1305898428 0.0329222865 0.9994027615 0.0105022825 0.1301834285 -0.0147064812 0.9913808703
-120.7 287.6 2271.1 0.0848907232 -0.8016318679 -0.5917600393 0.5658939481 0.5276119709 -0.6335531473 0.8200960755 -0.2810906470 0.4984279871
-139.9 159.3 2085.3 -0.5513238907 -0.8016318679 0.2311456800 -0.8342670202 0.5276119709 -0.1600754708 0.0063663623 -0.2810906470 -0.9596601129
158.2 296.8 2307.8 0.1824157685 0.6322575808 0.7529773116 -0.9820869565 0.1539455205 0.1086552218 -0.0472193994 -0.7593095899 0.6490140557
208.0 28.6 2294.9 0.0007559991 0.6332201362 0.7739713788 -0.9631885290 0.2085245997 -0.1696623564 -0.2688257098 -0.7453520894 0.6100680232
-57.7 -108.1 2279.0 0.9840818048 0.1121820658 -0.1378337443 -0.1125159562 0.9936352968 0.0053916536 0.1375613213 0.0102026677 0.9904407263
-102.3 -503.2 2274.9 0.9931746125 0.0426095836 -0.1085756421 -0.0163461585 0.9725441933 0.2321433723 0.1154861450 -0.2287840992 0.9666026831
123.9 -102.3 2304.3 0.9551109672 0.0425714664 0.2931734920 -0.0312305745 0.9985756874 -0.0432582311 -0.2945974767 0.0321604349 0.9550800920
107.0 -499.4 2291.6 0.9541452527 -0.0430580825 0.2962310910 0.0102625294 0.9937242866 0.1113857254 -0.2991680801 -0.1032380834 0.9485991597
2.5 374.9 2083.7 0 0 0 0 0 0 0 0 0
208.2 -246.5 2218.1 0 0 0 0 0 0 0 0 0
-118.6 -874.9 2362.3 0 0 0 0 0 0 0 0 0
120.4 -807.3 2323.6 0 0 0 0 0 0 0 0 0
9.6 490.4 2283.8 9 0.9914190173 -0.0340831727 -0.1262007654 0.0365782417 0.9991774559 0.0175056625 0.1255003214 -0.0219716486 0.9918502569
16.4 290.7 2288.2 0.9914190173 -0.0340831727 -0.1262007654 0.0365782417 0.9991774559 0.0175056625 0.1255003214 -0.0219716486 0.9918502569
22.6 92.1 2292.4 0.9915113449 -0.0313387997 -0.1261867881 0.0337579846 0.9992840886 0.0170783270 0.1255612373 -0.0211931653 0.9918594956
-123.2 286.0 2270.5 0.0811882243 -0.8120616674 -0.5778964758 0.5692420006 0.5137231350 -0.6419128180 0.8181515932 -0.2768471837 0.5039678812
-141.6 156.8 2084.9 -0.5385994911 -0.8120616674 0.2246473134 -0.8423968554 0.5137231350 -0.1626533121 0.0166779924 -0.2768471837 -0.9607692361
155.9 295.5 2305.9 0.1880148202 0.6286079288 0.7546538711 -0.9814127088 0.1503318995 0.1192868873 -0.0384638608 -0.7630546093 0.6451884508
207.3 27.1 2295.3 0.0065866876 0.6295822859 0.7769058943 -0.9622758627 0.2153150290 -0.1663268656 -0.2719959617 -0.7465022206 0.6072500348
-59.7 -108.2 2283.4 0.9841243625 0.1144693270 -0.1356320679 -0.1165259853 0.9931608438 -0.0072962339 0.1338692605 0.0229850616 0.9907324314
-105.2 -503.0 2274.2 0.9942557812 0.0329130627 -0.1018438712 -0.0067803906 0.9690018892 0.2469601631 0.1068151221 -0.2448510230 0.9636589289
122.1 -102.1 2307.3 0.9539813399 0.0436122082 0.2966776192 -0.0288662352 0.9981287122 -0.0539061464 -0.2984733880 0.0428614914 0.9534550309
104.8 -499.0 2290.2 0.9524536729 -0.0544212312 0.2997838259 0.0205147769 0.9931406975 0.1151115075 -0.3039920330 -0.1034883782 0.9470369816
-2.7 374.1 2080.6 0 0 0 0 0 0 0 0 0
209.2 -247.7 2217.7 0 0 0 0 0 0 0 0 0
-117.8 -873.4 2367.8 0 0 0 0 0 0 0 0 0
121.7 -806.6 2322.3 0 0 0 0 0 0 0 0 0
7.2 489.8 2281.8 0 0.9890080690 -0.0631638244 -0.1336911917 0.0673392713 0.9973663688 0.0269397907 0.1316374689 -0.0356463380 0.9906567931
20.2 285.1 2289.1 0.9890080690 -0.0631638244 -0.1336911917 0.0673392713 0.9973663688 0.0269397907 0.1316374689 -0.0356463380 0.9906567931
25.0 86.4 2293.4 0.9907860160 -0.0239565149 -0.1333011538 0.0265885741 0.9994844198 0.0180000253 0.1328012049 -0.0213784613 0.9909120798
-119.2 281.4 2270.4 0.1034148186 -0.8212270737 -0.5611518621 0.5600201488 0.5143278241 -0.6494954228 0.8219993114 -0.2470888942 0.5130928159
-142.5 155.6 2085.8 -0.5310233235 -0.8212270737 0.2088068426 -0.8473564982 0.5143278241 -0.1321129501 0.0010995651 -0.2470888942 -0.9689921737
159.6 288.9 2307.8 0.1769616753 0.6358112693 0.7512845993 -0.9835376143 0.1426118612 0.1109755710 -0.0365825780 -0.7585551143 0.6505811810
207.1 24.8 2298.0 0.0015167049 0.6375434399 0.7704129219 -0.9601364136 0.2162807435 -0.1770896167 -0.2795278132 -0.7394328713 0.6124566793
-62.1 -109.7 2285.1 0.9829856753 0.1153740436 -0.1429266036 -0.1174879745 0.9930536151 -0.0064115813 0.1411940455 0.0230946504 0.9897125363
-108.0 -504.5 2275.9 0.9938302040 0.0225244071 -0.1086007878 0.0051674205 0.9686948061 0.2482009083 0.1107915938 -0.2472307533 0.9626017809
119.8 -103.5 2308.2 0.9564736485 0.0374422856 0.2894067168 -0.0227995589 0.9982911944 -0.0538036153 -0.2909266949 0.0448633954 0.9556928873
105.0 -500.4 2290.3 0.9549341202 -0.0557082072 0.2915431261 0.0218977500 0.9927750826 0.1179750413 -0.2960089445 -0.1062742546 0.9492546916
-5.6 374.0 2085.5 0 0 0 0 0 0 0 0 0
207.6 -249.4 2218.1 0 0 0 0 0 0 0 0 0
-116.6 -874.8 2370.4 0 0 0 0 0 0 0 0 0
122.1 -805.1 2322.9 0 0 0 0 0 0 0 0 0
2.8 488.2 2274.8 1 0.9855544567 -0.0864726603 -0.1456189454 0.0957425535 0.9937213659 0.0578892604 0.1396988183 -0.0709949508 0.9876456857
20.7 282.6 2289.5 0.9855544567 -0.0864726603 -0.1456189454 0.0957425535 0.9937213659 0.0578892604 0.1396988183 -0.0709949508 0.9876456857
24.7 83.9 2294.3 0.9894235730 -0.0201456491 -0.1436495781 0.0234102439 0.9995038509 0.0210720599 0.1431537867 -0.0242120642 0.9894042611
-118.6 279.3 2269.3 0.1065350100 -0.8217917085 -0.5597398877 0.5524875522 0.5169659257 -0.6538376808 0.8266848326 -0.2395927161 0.5091046691
-142.4 155.7 2084.4 -0.5253747702 -0.8217917085 0.2205442190 -0.8502478004 0.5169659257 -0.0991206020 -0.0325573608 -0.2395927161 -0.9703274369
159.9 285.8 2309.6 0.1707076579 0.6425407529 0.7469941378 -0.9841475487 0.1481879950 0.0974367559 -0.0480884835 -0.7517856956 0.6576517224
206.7 15.9 2296.4 -0.0002667484 0.6441478133 0.7649009824 -0.9592206478 0.2160407007 -0.1822693646 -0.2826581597 -0.7337574363 0.6178222895
-61.2 -114.7 2285.4 0.9811248183 0.1175372452 -0.1535550207 -0.1197235584 0.9927945137 -0.0050367583 0.1518565714 0.0233258419 0.9881272912
-107.9 -509.4 2276.1 0.9926141500 0.0237507131 -0.1189664006 0.0062157460 0.9694030285 0.2453957647 0.1211547181 -0.2443227768 0.9620955586
120.6 -109.8 2309.8 0.9594111443 0.0411725566 0.2789894342 -0.0265095569 0.9980714917 -0.0561296903 -0.2807623744 0.0464555621 0.9586523771
104.3 -506.6 2291.3 0.9575039148 -0.0609833524 0.2818994820 0.0284294225 0.9925872087 0.1181627363 -0.2870157659 -0.1051270366 0.9521398544
-6.8 375.1 2092.8 0 0 0 0 0 0 0 0 0
206.7 -258.1 2215.7 0 0 0 0 0 0 0 0 0
-117.0 -880.0 2369.5 0 0 0 0 0 0 0 0 0
122.6 -805.0 2322.9 0 0 0 0 0 0 0 0 0
-1.6 487.8 2276.8 2 0.9838426113 -0.0885096565 -0.1556271315 0.0968901291 0.9941799641 0.0471004471 0.1505525410 -0.0614181571 0.9866923094
16.6 284.3 2289.4 0.9838426113 -0.0885096565 -0.1556271315 0.0968901291 0.9941799641 0.0471004471 0.1505525410 -0.0614181571 0.9866923094
23.6 85.7 2295.9 0.9873762727 -0.0354464501 -0.1543749273 0.0400739685 0.9988327622 0.0269668847 0.1532388479 -0.0328128785 0.9876442552
-122.4 278.6 2267.8 0.0928097293 -0.8223930001 -0.5612986088 0.5485708714 0.5126901865 -0.6604685783 0.8309370279 -0.2466141582 0.4987234771
-143.1 156.3 2082.5 -0.5235821605 -0.8223930001 0.2225566506 -0.8516243100 0.5126901865 -0.1090172604 -0.0244475864 -0.2466141582 -0.9688053131
155.5 289.9 2310.9 0.1801375151 0.6464784145 0.7413609624 -0.9820990562 0.1603966653 0.0987641737 -0.0550629199 -0.7458810806 0.6637992859
206.5 12.0 2295.3 -0.0006776790 0.6476643085 0.7619255185 -0.9581299424 0.2177439183 -0.1859424114 -0.2863329053 -0.7301496863 0.6203989983
-62.1 -117.0 2286.0 0.9797407389 0.1156554446 -0.1634988934 -0.1165760458 0.9931737781 0.0039856639 0.1628437787 0.0151551375 0.9865354896
-108.1 -511.9 2279.9 0.9908133149 0.0232294798 -0.1332267225 0.0077913338 0.9736958146 0.2277186066 0.1350120902 -0.2266646475 0.9645698071
119.5 -112.7 2312.2 0.9621407986 0.0412560068 0.2694124281 -0.0279711187 0.9982044697 -0.0529662929 -0.2711138725 0.0434252657 0.9615672231
103.1 -509.6 2295.0 0.9597189426 -0.0682631582 0.2725428939 0.0401942320 0.9934160113 0.1072805226 -0.2780717909 -0.0920045003 0.9561439753
-7.2 377.2 2088.9 0 0 0 0 0 0 0 0 0
206.3 -261.7 2213.5 0 0 0 0 0 0 0 0 0
-117.0 -884.1 2366.6 0 0 0 0 0 0 0 0 0
123.3 -804.7 2322.3 0 0 0 0 0 0 0 0 0
-6.7 489.2 2279.3 3 0.9824965000 -0.0715783089 -0.1719801724 0.0788504183 0.9962425828 0.0358233303 0.1687698066 -0.0487570055 0.9844488502
7.8 287.7 2289.1 0.9824965000 -0.0715783089 -0.1719801724 0.0788504183 0.9962425828 0.0358233303 0.1687698066 -0.0487570055 0.9844488502
16.6 89.3 2296.4 0.9841824174 -0.0442156531 -0.1715514511 0.0498093963 0.9983537793 0.0284385085 0.1700116247 -0.0365335532 0.9847646356
-130.7 280.7 2265.2 0.0555957332 -0.8024422526 -0.5941342711 0.5510143042 0.5208930969 -0.6519613862 0.8326417804 -0.2911302149 0.4711166322
-143.1 157.4 2078.9 -0.5380199552 -0.8024422526 0.2581102252 -0.8425731659 0.5208930969 -0.1368972659 -0.0245956797 -0.2911302149 -0.9563671947
146.3 294.7 2313.1 0.2105427831 0.6547756195 0.7259067297 -0.9763373733 0.1783371121 0.1223159954 -0.0493665747 -0.7344826460 0.6768295169
206.6 15.1 2298.9 -0.0033690070 0.6554325223 0.7552462220 -0.9570989013 0.2167155296 -0.1923437417 -0.2897419333 -0.7234933376 0.6265836358
-59.9 -116.5 2288.4 0.9760943651 0.1210566759 -0.1805132478 -0.1222162321 0.9924922585 0.0047267452 0.1797301918 0.0174478982 0.9835612178
-108.1 -511.1 2281.4 0.9883174300 0.0234214459 -0.1505989283 0.0097663971 0.9763582349 0.2159379572 0.1520960778 -0.2148860544 0.9647231698
121.2 -109.1 2316.5 0.9663744569 0.0473934412 0.2527334988 -0.0323779695 0.9974725842 -0.0632461309 -0.2550922036 0.0529364534 0.9654665589
102.4 -505.7 2295.4 0.9639742374 -0.0682106167 0.2571012080 0.0423815064 0.9936000109 0.1047034636 -0.2625976503 -0.0900351033 0.9606956840
-2.8 377.1 2085.3 0 0 0 0 0 0 0 0 0
205.6 -258.2 2216.2 0 0 0 0 0 0 0 0 0
-117.0 -884.3 2363.6 0 0 0 0 0 0 0 0 0
123.0 -806.5 2322.7 0 0 0 0 0 0 0 0 0
-11.3 488.2 2280.0 4 0.9822549820 -0.0609010048 -0.1773871034 0.0680458993 0.9970864654 0.0344718210 0.1747709066 -0.0459305830 0.9835372567
0.9 288.2 2289.2 0.9822549820 -0.0609010048 -0.1773871034 0.0680458993 0.9970864654 0.0344718210 0.1747709066 -0.0459305830 0.9835372567
10.5 89.8 2297.4 0.9830014110 -0.0479206555 -0.1772337258 0.0543610118 0.9980192780 0.0316599682 0.1753655225 -0.0407564007 0.9836594462
-137.4 280.5 2264.6 0.0517499261 -0.8152093887 -0.5768497586 0.5631304979 0.5008526444 -0.6572903991 0.8247460127 -0.2908269465 0.4849883318
-149.0 153.9 2079.2 -0.5230270028 -0.8152093887 0.2487497032 -0.8523142934 0.5008526444 -0.1506882161 -0.0017445044 -0.2908269465 -0.9567740560
139.3 295.8 2313.9 0.2155865729 0.6583796144 0.7211509943 -0.9755641222 0.1772802174 0.1297936887 -0.0423922911 -0.7315107584 0.6805107594
200.7 17.7 2301.8 0.0156243639 0.6584116817 0.7524958253 -0.9581949711 0.2248919159 -0.1768784225 -0.2856890559 -0.7182741165 0.6344005466
-64.9 -113.8 2288.1 0.9762269258 0.1127611175 -0.1851104945 -0.1116549373 0.9936113358 0.0164235141 0.1857798100 0.0046354239 0.9825804830
-109.7 -508.8 2286.3 0.9866448045 0.0158640239 -0.1621121317 0.0159076061 0.9811040163 0.1928258687 0.1621078700 -0.1928294599 0.9677488804
115.6 -104.6 2319.3 0.9682124257 0.0381048135 0.2472099215 -0.0224633534 0.9975807667 -0.0657875314 -0.2491186857 0.0581431389 0.9667260647
100.5 -501.2 2296.2 0.9654166698 -0.0736318529 0.2500979602 0.0491589755 0.9934932590 0.1027351618 -0.2560352087 -0.0868876800 0.9627546668
-12.9 375.8 2079.6 0 0 0 0 0 0 0 0 0
205.2 -255.9 2220.2 0 0 0 0 0 0 0 0 0
-115.8 -883.8 2360.0 0 0 0 0 0 0 0 0 0
123.2 -806.9 2322.9 0 0 0 0 0 0 0 0 0
-16.0 488.6 2273.4 5 0.9798671603 -0.0623173378 -0.1896757931 0.0769790933 0.9945062399 0.0709331334 0.1842133999 -0.0841061175 0.9792811275
-3.4 287.9 2290.4 0.9798671603 -0.0623173378 -0.1896757931 0.0769790933 0.9945062399 0.0709331334 0.1842133999 -0.0841061175 0.9792811275
8.0 89.7 2300.7 0.9805253148 -0.0573745370 -0.1878251284 0.0660282597 0.9970100522 0.0401404686 0.1849604994 -0.0517605096 0.9813818932
-141.4 278.6 2264.4 0.0725666881 -0.8178591132 -0.5708243847 0.5531018376 0.5092620850 -0.6593409181 0.8299472332 -0.2678778470 0.4893148541
-157.5 155.4 2079.5 -0.5306648612 -0.8178591132 0.2224887013 -0.8475347161 0.5092620850 -0.1494558156 0.0089287385 -0.2678778470 -0.9634115100
134.6 297.2 2316.4 0.2083923370 0.6648247838 0.7173427343 -0.9771167636 0.1734724492 0.1230860129 -0.0426085666 -0.7265778184 0.6857618093
194.0 18.4 2304.2 0.0402953252 0.6636605859 0.7469477654 -0.9553369880 0.2446204424 -0.1658072174 -0.2927584052 -0.7069056034 0.6438765526
-70.2 -113.6 2289.4 0.9752191305 0.1013406813 -0.1966665983 -0.1005901769 0.9948318601 0.0138278445 0.1970515251 0.0062975502 0.9803729057
