-49.4 453.5 1801.5 6 0.9920780659 0.1083935350 -0.0634972975 -0.1028235108 0.9910395145 0.0852528438 0.0721691847 -0.0780484602 0.9943339825
-79.7 176.1 1823.3 0.9920780659 0.1083935350 -0.0634972975 -0.1028235108 0.9910395145 0.0852528438 0.0721691847 -0.0780484602 0.9943339825
-58.4 -12.8 1870.0 0.9920262098 -0.1088474616 -0.0635315180 0.1207866967 0.9650192261 0.2326982170 0.0359805226 -0.2385164946 0.9704716802
-221.0 158.9 1818.2 0.0716369674 -0.7838425636 -0.6168135405 0.9928281903 -0.0033024638 0.1195042059 -0.0957094878 -0.6209508181 0.7779844403
-240.4 -109.2 1844.1 -0.3064928949 -0.7838425636 -0.5400489569 0.8717460036 -0.0033024638 -0.4899469316 0.3822577894 -0.6209508181 0.6843238473
61.6 193.3 1828.4 0.7060930729 0.6605075598 0.2552692294 -0.2781017125 0.5901857018 -0.7578524351 -0.6512234807 0.4641235471 0.6004142761
191.0 142.3 1709.0 -0.6144787073 0.6605075598 0.4314461052 0.7801284790 0.5901857018 0.2075583190 -0.1175394654 0.4641235471 -0.8779372573
-129.6 -212.6 1906.4 0.9943027496 0.1054093242 -0.0158417746 -0.1057757363 0.9573513269 -0.2688679099 -0.0131750414 0.2690117657 0.9630467892
-170.8 -587.4 1801.0 0.9999122024 0.0000000000 0.0132493703 0.0000000000 1.0000000000 0.0000000000 -0.0132493703 0.0000000000 0.9999122024
49.8 -193.1 1915.5 0.9731322527 0.0218426418 -0.2292083502 -0.0735946372 0.9727755189 -0.2197534740 0.2181682885 0.2307177037 0.9482467771
41.2 -573.9 1825.2 0.9757783413 0.0000000000 -0.2187615186 0.0000000000 1.0000000000 0.0000000000 0.2187615186 0.0000000000 0.9757783413
-154.0 -354.7 1736.4 0 0 0 0 0 0 0 0 0
31.8 344.5 1678.6 0 0 0 0 0 0 0 0 0
-170.8 -964.0 1801.0 0 0 0 0 0 0 0 0 0
41.2 -950.6 1825.2 0 0 0 0 0 0 0 0 0
-48.5 453.2 1801.9 7 0.9904599786 0.1214580461 -0.0650922656 -0.1167507842 0.9905613065 0.0718159303 0.0732005015 -0.0635312274 0.9952916503
-82.6 175.3 1819.7 0.9904599786 0.1214580461 -0.0650922656 -0.1167507842 0.9905613065 0.0718159303 0.0732005015 -0.0635312274 0.9952916503
-60.6 -12.7 1869.6 0.9916072488 -0.1121919081 -0.0642497167 0.1248053312 0.9603737593 0.2492105365 0.0337443352 -0.2551376820 0.9663157463
-223.9 157.5 1814.9 0.0590919890 -0.7811584473 -0.6215300560 0.9933491945 -0.0156212216 0.1140759513 -0.0988204554 -0.6241373420 0.7750400901
-240.0 -114.0 1841.9 -0.3200502992 -0.7811584473 -0.5360590219 0.8683615327 -0.0156212216 -0.4956855774 0.3788350821 -0.6241373420 0.6833275557
58.7 193.1 1824.5 0.7287948132 0.6450731158 0.2296493053 -0.2871071994 0.5923628211 -0.7527787089 -0.6216329932 0.4826872349 0.6169160604
191.7 140.7 1711.0 -0.6303509474 0.6450731158 0.4319008887 0.7695768476 0.5923628211 0.2384485900 -0.1020252407 0.4826872349 -0.8698298335
-126.7 -212.6 1913.3 0.9934517145 0.1125552952 -0.0196209289 -0.1133196056 0.9487968087 -0.2948614657 -0.0145719452 0.2951540649 0.9553385377
-170.7 -584.1 1797.8 0.9998924136 0.0000000000 0.0146664176 0.0000000000 1.0000000000 0.0000000000 -0.0146664176 0.0000000000 0.9998924136
52.6 -190.8 1919.8 0.9729202986 0.0305815004 -0.2291089445 -0.0854219124 0.9686075449 -0.2334576696 0.2147771716 0.2467066199 0.9449902773
40.6 -570.1 1823.2 0.9764894843 0.0000000000 -0.2155650854 0.0000000000 1.0000000000 0.0000000000 0.2155650854 0.0000000000 0.9764894843
-149.9 -358.6 1735.2 0 0 0 0 0 0 0 0 0
28.1 340.4 1684.6 0 0 0 0 0 0 0 0 0
-170.7 -960.7 1797.8 0 0 0 0 0 0 0 0 0
40.6 -946.7 1823.2 0 0 0 0 0 0 0 0 0
-47.7 454.3 1805.1 8 0.9897445440 0.1220818609 -0.0741734952 -0.1180001050 0.9913683534 0.0571381450 0.0805087835 -0.0477996878 0.9956071377
-82.1 175.4 1818.5 0.9897445440 0.1220818609 -0.0741734952 -0.1180001050 0.9913683534 0.0571381450 0.0805087835 -0.0477996878 0.9956071377
-60.7 -12.2 1870.3 0.9913520217 -0.1091544628 -0.0728453100 0.1244268194 0.9582482576 0.2574455738 0.0417025574 -0.2642831206 0.9635431170
-223.3 157.7 1812.6 0.0636961907 -0.7617670298 -0.6447121501 0.9927313328 -0.0177371819 0.1190373152 -0.1021140814 -0.6476081610 0.7551002502
-240.9 -115.6 1840.7 -0.3422679901 -0.7617670298 -0.5500578284 0.8597500324 -0.0177371819 -0.5104069114 0.3790546954 -0.6476081610 0.6610001326
59.2 193.2 1824.5 0.7352385521 0.6459240317 0.2054419219 -0.3100075722 0.5899934769 -0.7455219626 -0.6027599573 0.4844479263 0.6340273023
193.0 136.7 1714.7 -0.6278567314 0.6459240317 0.4342557788 0.7715488076 0.5899934769 0.2379498780 -0.1025105268 0.4844479263 -0.8687933087
-128.2 -212.0 1916.5 0.9936921000 0.1078440174 -0.0307513755 -0.1120735481 0.9453859329 -0.3060800433 -0.0039369836 0.3075957298 0.9515089989
-170.5 -582.2 1796.1 0.9999921322 0.0000000000 0.0039619445 0.0000000000 1.0000000000 0.0000000000 -0.0039619445 0.0000000000 0.9999921322
51.0 -189.5 1922.6 0.9707783461 0.0285181552 -0.2382774055 -0.0871296525 0.9670434594 -0.2392391562 0.2236019373 0.2530092299 0.9412696362
39.8 -568.2 1823.5 0.9744843245 0.0000000000 -0.2244555503 0.0000000000 1.0000000000 0.0000000000 0.2244555503 0.0000000000 0.9744843245
-144.5 -357.8 1734.0 0 0 0 0 0 0 0 0 0
28.6 338.8 1687.9 0 0 0 0 0 0 0 0 0
-170.5 -958.9 1796.1 0 0 0 0 0 0 0 0 0
39.8 -944.9 1823.5 0 0 0 0 0 0 0 0 0
-47.0 457.9 1803.7 9 0.9894143343 0.1253613085 -0.0731013119 -0.1212709919 0.9909261465 0.0579543859 0.0797032341 -0.0484758317 0.9956392646
-83.0 173.2 1817.6 0.9894143343 0.1253613085 -0.0731013119 -0.1212709919 0.9909261465 0.0579543859 0.0797032341 -0.0484758317 0.9956392646
-60.7 -14.0 1870.5 0.9908764362 -0.1139908358 -0.0719028935 0.1290838867 0.9560765624 0.2631633878 0.0387464538 -0.2700439095 0.9620680809
-224.2 154.9 1812.1 0.0564996228 -0.7611426711 -0.6461188793 0.9932050705 -0.0230994243 0.1140620857 -0.1017424986 -0.6481729746 0.7546656728
-239.6 -115.7 1839.8 -0.3442949057 -0.7611426711 -0.5496569872 0.8613242507 -0.0230994243 -0.5075302720 0.3736062050 -0.6481729746 0.6635436416
58.2 191.6 1823.1 0.7476035953 0.6394920945 0.1792726964 -0.3158104420 0.5797596574 -0.7510942221 -0.5842539072 0.5049045682 0.6353886724
194.3 134.1 1716.7 -0.6207224727 0.6394920945 0.4536005259 0.7768530846 0.5797596574 0.2457194328 -0.1058436409 0.5049045682 -0.8566612601
-128.9 -211.1 1918.2 0.9937829971 0.1077457741 -0.0280402079 -0.1111431345 0.9453275800 -0.3065990806 -0.0065275724 0.3078094125 0.9514256716
-171.1 -581.3 1797.7 0.9999784231 0.0000000000 0.0065682665 0.0000000000 1.0000000000 0.0000000000 -0.0065682665 0.0000000000 0.9999784231
50.3 -188.6 1925.8 0.9714412689 0.0282384101 -0.2355938703 -0.0886156335 0.9642282128 -0.2498223484 0.2201116681 0.2635650337 0.9391934276
39.2 -566.3 1822.5 0.9752780795 0.0000000000 -0.2209810317 0.0000000000 1.0000000000 0.0000000000 0.2209810317 0.0000000000 0.9752780795
-142.7 -358.3 1734.6 0 0 0 0 0 0 0 0 0
31.3 338.1 1688.9 0 0 0 0 0 0 0 0 0
-171.1 -958.0 1797.7 0 0 0 0 0 0 0 0 0
39.2 -942.9 1822.5 0 0 0 0 0 0 0 0 0
-44.9 458.2 1806.5 0 0.9876430631 0.1314200759 -0.0853809863 -0.1279032826 0.9907444715 0.0454542004 0.0905643329 -0.0339720175 0.9953110218
-83.0 170.8 1816.3 0.9876430631 0.1314200759 -0.0853809863 -0.1279032826 0.9907444715 0.0454542004 0.0905643329 -0.0339720175 0.9953110218
-59.7 -16.0 1870.4 0.9893048406 -0.1192533746 -0.0839915872 0.1376687735 0.9536724687 0.2674997151 0.0482002273 -0.2762017846 0.9598902464
-224.0 151.2 1809.5 0.0539846607 -0.7505573034 -0.6585965157 0.9933018088 -0.0271158088 0.1123222262 -0.1021626443 -0.6602487564 0.7440660596
-238.7 -119.3 1837.3 -0.3537486196 -0.7505573034 -0.5581448078 0.8604193330 -0.0271158088 -0.5088647008 0.3667975962 -0.6602487564 0.6553862095
58.0 190.4 1823.2 0.7490139604 0.6359566450 0.1858418584 -0.2938691676 0.5702742338 -0.7670907378 -0.5938172936 0.5199485421 0.6140314341
193.8 137.1 1715.5 -0.6107404232 0.6359566450 0.4717576802 0.7837789655 0.5702742338 0.2459224463 -0.1126352251 0.5199485421 -0.8467389345
-127.9 -212.9 1919.9 0.9927139878 0.1149700060 -0.0360677913 -0.1204847619 0.9432623386 -0.3094181716 -0.0015524207 0.3115093708 0.9502418041
-173.0 -582.3 1797.8 0.9999987483 0.0000000000 0.0015638127 0.0000000000 1.0000000000 0.0000000000 -0.0015638127 0.0000000000 0.9999987483
51.2 -189.6 1926.9 0.9694067836 0.0322095081 -0.2433373928 -0.0961133838 0.9620038271 -0.2555599511 0.2258600444 0.2711295187 0.9356687665
38.6 -566.3 1820.7 0.9739155769 0.0000000000 -0.2269105464 0.0000000000 1.0000000000 0.0000000000 0.2269105464 0.0000000000 0.9739155769
-139.1 -361.7 1734.0 0 0 0 0 0 0 0 0 0
33.2 343.3 1685.9 0 0 0 0 0 0 0 0 0
-173.0 -959.0 1797.8 0 0 0 0 0 0 0 0 0
38.6 -943.0 1820.7 0 0 0 0 0 0 0 0 0
-43.2 459.6 1803.9 1 0.9870830178 0.1374786943 -0.0822601095 -0.1333486736 0.9896089435 0.0537797809 0.0887989104 -0.0421158336 0.9951587915
-83.3 170.9 1816.2 0.9870830178 0.1374786943 -0.0822601095 -0.1333486736 0.9896089435 0.0537797809 0.0887989104 -0.0421158336 0.9951587915
-61.6 -15.6 1871.8 0.9906346202 -0.1111887023 -0.0792474672 0.1289982945 0.9523699880 0.2763165832 0.0447496250 -0.2839515507 0.9577938318
-224.5 152.5 1809.8 0.0513350442 -0.7319934368 -0.6793749332 0.9943450689 -0.0258622337 0.1030001715 -0.0929656029 -0.6808206439 0.7265264392
-238.7 -123.2 1835.6 -0.3692482412 -0.7319934368 -0.5725743175 0.8548533916 -0.0258622337 -0.5182246566 0.3645290136 -0.6808206439 0.6352966428
57.8 189.2 1822.5 0.7438432574 0.6341737509 0.2109997869 -0.2612942755 0.5665090084 -0.7815323472 -0.6151605844 0.5262045264 0.5870998502
192.1 142.1 1711.5 -0.6125976443 0.6341737509 0.4717497230 0.7833778262 0.5665090084 0.2557082176 -0.1050870419 0.5262045264 -0.8438397646
-125.7 -215.2 1920.2 0.9918950200 0.1211602241 -0.0382680409 -0.1270442605 0.9409821033 -0.3137075007 -0.0019993293 0.3160266578 0.9487482309
-173.2 -583.7 1796.4 0.9999979734 0.0000000000 0.0020156621 0.0000000000 1.0000000000 0.0000000000 -0.0020156621 0.0000000000 0.9999979734
53.1 -190.3 1928.9 0.9689291120 0.0402448289 -0.2440423965 -0.1053325981 0.9598696828 -0.2599140108 0.2237886935 0.2775438726 0.9342847466
37.3 -566.2 1820.2 0.9743493795 0.0000000000 -0.2250405848 0.0000000000 1.0000000000 0.0000000000 0.2250405848 0.0000000000 0.9743493795
-134.7 -364.0 1732.9 0 0 0 0 0 0 0 0 0
30.5 348.7 1683.8 0 0 0 0 0 0 0 0 0
-173.2 -960.4 1796.4 0 0 0 0 0 0 0 0 0
37.3 -942.9 1820.2 0 0 0 0 0 0 0 0 0
-40.7 456.7 1802.1 2 0.9857243299 0.1426143497 -0.0894913152 -0.1375954002 0.9886708856 0.0599782355 0.0970312208 -0.0468084104 0.9941800237
-82.6 166.6 1815.8 0.9857243299 0.1426143497 -0.0894913152 -0.1375954002 0.9886708856 0.0599782355 0.0970312208 -0.0468084104 0.9941800237
-60.1 -19.8 1871.5 0.9896666408 -0.1144590601 -0.0863655731 0.1341287047 0.9519212246 0.2754187584 0.0506890528 -0.2841568589 0.9574369192
-223.6 147.5 1808.6 0.0534588322 -0.7255101800 -0.6861320138 0.9939785004 -0.0271547902 0.1061574221 -0.0956500620 -0.6876754761 0.7196898460
-238.1 -122.8 1834.6 -0.3715838194 -0.7255101800 -0.5792757869 0.8565127254 -0.0271547902 -0.5154110789 0.3582058847 -0.6876754761 0.6314989924
58.5 185.7 1823.0 0.7403613329 0.6307561994 0.2324041575 -0.2340637147 0.5659930706 -0.7904846668 -0.6301422715 0.5308468938 0.5666764975
191.0 143.8 1710.3 -0.6123710275 0.6307561994 0.4766007662 0.7832324505 0.5659930706 0.2572912872 -0.1074646562 0.5308468938 -0.8406264782
-129.3 -213.8 1923.3 0.9934333563 0.1058840305 -0.0433438271 -0.1142303348 0.9392674565 -0.3236171305 0.0064455620 0.3264432251 0.9451948404
-170.8 -581.7 1795.5 0.9999789596 0.0000000000 -0.0064880308 0.0000000000 1.0000000000 0.0000000000 0.0064880308 0.0000000000 0.9999789596
49.8 -190.5 1931.4 0.9682397842 0.0275394861 -0.2485020161 -0.0966358781 0.9578951597 -0.2703670859 0.2305931151 0.2857943773 0.9301335216
39.0 -565.7 1819.5 0.9727926850 0.0000000000 -0.2316774130 0.0000000000 1.0000000000 0.0000000000 0.2316774130 0.0000000000 0.9727926850
-133.5 -364.1 1733.7 0 0 0 0 0 0 0 0 0
28.4 351.7 1681.7 0 0 0 0 0 0 0 0 0
-170.8 -958.3 1795.5 0 0 0 0 0 0 0 0 0
39.0 -942.3 1819.5 0 0 0 0 0 0 0 0 0
-39.8 458.6 1801.2 3 0.9854520559 0.1458323896 -0.0872763023 -0.1408050209 0.9881404638 0.0612570234 0.0951744989 -0.0480769165 0.9942989349
-82.8 166.7 1815.4 0.9854520559 0.1458323896 -0.0872763023 -0.1408050209 0.9881404638 0.0612570234 0.0951744989 -0.0480769165 0.9942989349
-60.4 -19.3 1872.3 0.9899164438 -0.1142925099 -0.0836816505 0.1335389018 0.9500299692 0.2821531594 0.0472520851 -0.2904828191 0.9557127953
-223.9 147.7 1808.6 0.0515808202 -0.7167611718 -0.6954084039 0.9947246313 -0.0249518137 0.0995000973 -0.0886695087 -0.6968721747 0.7116929889
-238.1 -126.5 1833.1 -0.3756375015 -0.7167611718 -0.5874946117 0.8557815552 -0.0249518137 -0.5167352557 0.3557166755 -0.6968721747 0.6227638125
58.3 185.8 1822.1 0.7450678349 0.6298714876 0.2193987221 -0.2462033033 0.5654288530 -0.7871938348 -0.6198853254 0.5324961543 0.5763592720
192.9 141.3 1710.1 -0.6164713502 0.6298714876 0.4724669456 0.7809900641 0.5654288530 0.2652259171 -0.1000881866 0.5324961543 -0.8404940367
-127.2 -218.4 1922.5 0.9922262430 0.1169850528 -0.0424456857 -0.1244381890 0.9367946386 -0.3270029426 0.0015084354 0.3297427595 0.9440696239
-173.0 -585.3 1793.4 0.9999988675 0.0000000000 -0.0015202517 0.0000000000 1.0000000000 0.0000000000 0.0015202517 0.0000000000 0.9999988675
51.7 -194.1 1931.7 0.9684345126 0.0361416899 -0.2466339767 -0.1046463251 0.9569672346 -0.2706711590 0.2262381166 0.2879366577 0.9305422306
37.6 -569.0 1818.9 0.9737811089 0.0000000000 -0.2274871469 0.0000000000 1.0000000000 0.0000000000 0.2274871469 0.0000000000 0.9737811089
-132.3 -367.6 1732.9 0 0 0 0 0 0 0 0 0
29.1 348.8 1683.5 0 0 0 0 0 0 0 0 0
-173.0 -962.0 1793.4 0 0 0 0 0 0 0 0 0
37.6 -945.6 1818.9 0 0 0 0 0 0 0 0 0
-40.9 459.3 1803.7 4 0.9862689972 0.1436524689 -0.0814706534 -0.1397638172 0.9888390899 0.0516070239 0.0879748464 -0.0395117588 0.9953387380
-83.2 168.3 1815.4 0.9862689972 0.1436524689 -0.0814706534 -0.1397638172 0.9888390899 0.0516070239 0.0879748464 -0.0395117588 0.9953387380
-60.8 -16.8 1875.2 0.9903819561 -0.1144498363 -0.0777483732 0.1326404512 0.9452629089 0.2981351614 0.0393711329 -0.3055802584 0.9513520002
-224.4 149.4 1809.7 0.0469676368 -0.7059451342 -0.7067074776 0.9958279729 -0.0223201308 0.0884785801 -0.0782348290 -0.7079147100 0.7019516230
-237.4 -126.5 1831.4 -0.3764940500 -0.7059451342 -0.5999113917 0.8584187627 -0.0223201308 -0.5124636889 0.3483811319 -0.7079147100 0.6143999696
57.9 187.2 1821.0 0.7587730289 0.6272724271 0.1754785776 -0.2872455418 0.5640383363 -0.7741774321 -0.5845968127 0.5370195508 0.6081583500
195.5 135.2 1715.0 -0.6158142090 0.6272724271 0.4767621160 0.7813459039 0.5640383363 0.2671315372 -0.1013478711 0.5370195508 -0.8374596238
-127.5 -217.5 1924.9 0.9925817251 0.1148533151 -0.0398779213 -0.1215780899 0.9361844659 -0.3298141956 -0.0005471624 0.3322158158 0.9432032108
-172.5 -584.2 1794.8 0.9999998212 0.0000000000 0.0005512516 0.0000000000 1.0000000000 0.0000000000 -0.0005512516 0.0000000000 0.9999998212
51.4 -193.3 1933.4 0.9694810510 0.0342617854 -0.2427604944 -0.1042843834 0.9537721276 -0.2818572223 0.2218812555 0.2985713482 0.9282369614
38.0 -566.9 1816.5 0.9747961164 0.0000000000 -0.2230976969 0.0000000000 1.0000000000 0.0000000000 0.2230976969 0.0000000000 0.9747961164
-131.3 -368.3 1733.3 0 0 0 0 0 0 0 0 0
31.0 343.9 1687.9 0 0 0 0 0 0 0 0 0
-172.5 -960.8 1794.8 0 0 0 0 0 0 0 0 0
38.0 -943.6 1816.5 0 0 0 0 0 0 0 0 0
-42.2 460.1 1806.5 5 0.9852731228 0.1359517127 -0.1037012413 -0.1325697452 0.9904112816 0.0388683975 0.1079911068 -0.0245483425 0.9938487411
-82.1 169.6 1813.7 0.9852731228 0.1359517127 -0.1037012413 -0.1325697452 0.9904112816 0.0388683975 0.1079911068 -0.0245483425 0.9938487411
-61.4 -15.6 1873.9 0.9893655777 -0.1059152037 -0.0996882245 0.1312149614 0.9456506968 0.2975354791 0.0627567098 -0.3074519336 0.9494919181
-223.1 150.9 1804.8 0.0466488898 -0.7101568580 -0.7024963498 0.9945431948 -0.0326772034 0.0990756452 -0.0933148637 -0.7032847404 0.7047573328
-236.1 -125.6 1830.7 -0.3770985007 -0.7101568580 -0.5945367217 0.8612046838 -0.0326772034 -0.5072067976 0.3407685757 -0.7032847404 0.6239129305
58.9 188.3 1822.6 0.7630292773 0.6279165745 0.1533203125 -0.3151789904 0.5685411096 -0.7598837018 -0.5643124580 0.5314901471 0.6317195892
197.4 131.1 1720.2 -0.6104730964 0.6279165745 0.4827456474 0.7833828330 0.5685411096 0.2511421144 -0.1167644486 0.5314901471 -0.8389781117
-127.9 -213.9 1931.5 0.9916437268 0.1120632365 -0.0639108941 -0.1272639334 0.9309237599 -0.3423226476 0.0211343858 0.3475956619 0.9374063015
-171.8 -578.5 1795.3 0.9997729659 0.0000000000 -0.0213076398 0.0000000000 1.0000000000 0.0000000000 0.0213076398 0.0000000000 0.9997729659
51.2 -189.9 1938.6 0.9636560678 0.0321615376 -0.2652030587 -0.1118340120 0.9501202703 -0.2911436856 0.2426111698 0.3102211058 0.9191858768
38.6 -562.0 1817.1 0.9697393179 0.0000000000 -0.2441426963 0.0000000000 1.0000000000 0.0000000000 0.2441426963 0.0000000000 0.9697393179
-129.8 -368.2 1734.7 0 0 0 0 0 0 0 0 0
33.2 341.8 1688.8 0 0 0 0 0 0 0 0 0
-171.8 -955.1 1795.3 0 0 0 0 0 0 0 0 0
38.6 -938.7 1817.1 0 0 0 0 0 0 0 0 0
-42.2 460.8 1807.4 6 0.9860218763 0.1287650168 -0.1057376489 -0.1252087802 0.9913383126 0.0396367982 0.1099256128 -0.0258434676 0.9936037660
-80.1 169.1 1815.0 0.9860218763 0.1287650168 -0.1057376489 -0.1252087802 0.9913383126 0.0396367982 0.1099256128 -0.0258434676 0.9936037660
-57.7 -16.7 1872.5 0.9879909158 -0.1143356487 -0.1039292067 0.1395695210 0.9489654303 0.2828160226 0.0662892684 -0.2939250171 0.9535270333
-220.9 149.2 1805.5 0.0541015156 -0.7016948462 -0.7104205489 0.9943548441 -0.0271762181 0.1025667340 -0.0912770927 -0.7119591236 0.6962633729
-235.8 -124.9 1830.7 -0.3782250583 -0.7016948462 -0.6037964225 0.8610519171 -0.0271762181 -0.5077903867 0.3399049938 -0.7119591236 0.6144744158
60.7 189.0 1824.5 0.7617496252 0.6292926073 0.1540400237 -0.3110270798 0.5637825131 -0.7651218772 -0.5683305860 0.5349206328 0.6251881123
200.1 132.0 1720.4 -0.6008034945 0.6292926073 0.4929766357 0.7895135880 0.5637825131 0.2425233871 -0.1253134161 0.5349206328 -0.8355575800
-130.0 -212.6 1928.4 0.9927696586 0.1042423174 -0.0595138669 -0.1181907207 0.9354841709 -0.3330170214 0.0209598150 0.3376431763 0.9410408139
-170.9 -579.0 1796.2 0.9997771978 0.0000000000 -0.0211077612 0.0000000000 1.0000000000 0.0000000000 0.0211077612 0.0000000000 0.9997771978
48.8 -188.9 1939.8 0.9643062949 0.0256014224 -0.2635488212 -0.1058188230 0.9496399760 -0.2949344516 0.2427257448 0.3122955561 0.9184528589
38.8 -560.9 1817.4 0.9697510004 0.0000000000 -0.2440962344 0.0000000000 1.0000000000 0.0000000000 0.2440962344 0.0000000000 0.9697510004
-129.2 -367.5 1734.9 0 0 0 0 0 0 0 0 0
39.1 343.7 1686.8 0 0 0 0 0 0 0 0 0
-170.9 -955.7 1796.2 0 0 0 0 0 0 0 0 0
38.8 -937.6 1817.4 0 0 0 0 0 0 0 0 0
-40.5 460.6 1803.8 7 0.9832445383 0.1310511082 -0.1267112046 -0.1250310689 0.9906611443 0.0543845110 0.1326550245 -0.0376304388 0.9904477000
-79.5 166.2 1815.0 0.9832445383 0.1310511082 -0.1267112046 -0.1250310689 0.9906611443 0.0543845110 0.1326550245 -0.0376304388 0.9904477000
-59.1 -20.4 1870.9 0.9868760705 -0.1038480178 -0.1236576289 0.1344017833 0.9527136683 0.2725304663 0.0895085633 -0.2855736017 0.9541676641
-220.1 147.1 1802.3 0.0589770116 -0.7094564438 -0.7022772431 0.9930835366 -0.0298486203 0.1135525852 -0.1015226170 -0.7041169405 0.7027890682
-236.3 -125.8 1830.2 -0.3737870157 -0.7094564438 -0.5974569917 0.8629344106 -0.0298486203 -0.5044335723 0.3400403857 -0.7041169405 0.6233713627
61.1 185.3 1827.8 0.7555707097 0.6280608177 0.1861518174 -0.2634755373 0.5515433550 -0.7914420962 -0.5997445583 0.5489439964 0.5822086930
200.0 136.9 1717.6 -0.5902717113 0.6280608177 0.5070689321 0.7973453999 0.5515433550 0.2450310886 -0.1257760823 0.5489439964 -0.8263418674
-124.6 -215.2 1924.1 0.9889448285 0.1256228387 -0.0787849054 -0.1444442570 0.9362431169 -0.3202883601 0.0335262939 0.3281275332 0.9440382719
-173.8 -581.8 1795.6 0.9994258285 0.0000000000 -0.0338816121 0.0000000000 1.0000000000 0.0000000000 0.0338816121 0.0000000000 0.9994258285
54.0 -190.0 1936.1 0.9576821923 0.0474378578 -0.2838917077 -0.1291941702 0.9522296786 -0.2767083943 0.2572036684 0.3016758561 0.9180620909
35.4 -562.9 1818.0 0.9657760262 0.0000000000 -0.2593774199 0.0000000000 1.0000000000 0.0000000000 0.2593774199 0.0000000000 0.9657760262
-131.0 -369.0 1734.4 0 0 0 0 0 0 0 0 0
43.5 348.3 1684.2 0 0 0 0 0 0 0 0 0
-173.8 -958.5 1795.6 0 0 0 0 0 0 0 0 0
35.4 -939.5 1818.0 0 0 0 0 0 0 0 0 0
-38.5 459.9 1802.6 8 0.9811221361 0.1430674195 -0.1301193535 -0.1364369392 0.9889161587 0.0585645661 0.1370557994 -0.0397059061 0.9897671938
-80.8 167.3 1814.3 0.9811221361 0.1430674195 -0.1301193535 -0.1364369392 0.9889161587 0.0585645661 0.1370557994 -0.0397059061 0.9897671938
-62.3 -19.5 1870.2 0.9876878262 -0.0943973511 -0.1247475445 0.1256351322 0.9537798166 0.2729833126 0.0932127908 -0.2852949798 0.9538962841
-221.5 149.4 1801.0 0.0616977625 -0.7126775384 -0.6987732649 0.9919632077 -0.0337006077 0.1219559759 -0.1104643717 -0.7006818056 0.7048706412
-238.7 -125.9 1831.7 -0.3807603419 -0.7126775384 -0.5891623497 0.8574848175 -0.0337006077 -0.5134044290 0.3460366726 -0.7006818056 0.6239420176
59.9 185.2 1827.6 0.7568595409 0.6204752326 0.2053635418 -0.2412818968 0.5572778583 -0.7944963574 -0.6074098349 0.5517716408 0.5714904666
199.5 140.7 1715.6 -0.5976135731 0.6204752326 0.5078075528 0.7915878892 0.5572778583 0.2506591380 -0.1274621338 0.5517716408 -0.8241974711
-127.9 -219.1 1918.7 0.9897562265 0.1158287525 -0.0834647417 -0.1361703873 0.9415548444 -0.3081105351 0.0428985693 0.3163197339 0.9476822019
-173.3 -587.8 1794.9 0.9990620613 0.0000000000 -0.0433019064 0.0000000000 1.0000000000 0.0000000000 0.0433019064 0.0000000000 0.9990620613
50.4 -194.8 1934.9 0.9563953876 0.0328393094 -0.2902230024 -0.1195818335 0.9505860806 -0.2865070105 0.2664732635 0.3087193966 0.9130631685
37.6 -567.1 1814.0 0.9633077979 0.0000000000 -0.2683992088 0.0000000000 1.0000000000 0.0000000000 0.2683992088 0.0000000000 0.9633077979
-131.4 -367.5 1734.2 0 0 0 0 0 0 0 0 0
43.0 348.1 1682.2 0 0 0 0 0 0 0 0 0
-173.3 -964.5 1794.9 0 0 0 0 0 0 0 0 0
37.6 -943.7 1814.0 0 0 0 0 0 0 0 0 0
-38.4 458.0 1802.4 9 0.9820271134 0.1487100720 -0.1162239909 -0.1424788088 0.9879627228 0.0602452718 0.1237840503 -0.0426030383 0.9913942218
-81.8 169.3 1814.9 0.9820271134 0.1487100720 -0.1162239909 -0.1424788088 0.9879627228 0.0602452718 0.1237840503 -0.0426030383 0.9913942218
-64.0 -17.3 1871.5 0.9898136258 -0.0907529593 -0.1096947268 0.1182877347 0.9530047178 0.2789086401 0.0792278051 -0.2890430987 0.9540320039
-222.9 152.5 1803.6 0.0618095770 -0.7111306190 -0.7003376484 0.9924026132 -0.0309994314 0.1190634593 -0.1063797399 -0.7023761868 0.7038117647
-240.0 -122.3 1833.0 -0.3797822595 -0.7111306190 -0.5916575789 0.8576656580 -0.0309994314 -0.5132724643 0.3466627002 -0.7023761868 0.6216853261
59.2 186.1 1826.2 0.7592248917 0.6140874028 0.2155787647 -0.2269834131 0.5602796078 -0.7965960503 -0.6099640131 0.5558627844 0.5647658706
197.6 144.8 1715.0 -0.6095060706 0.6140874028 0.5013970733 0.7841027975 0.5602796078 0.2669636011 -0.1169835553 0.5558627844 -0.8230015039
-133.1 -217.6 1917.6 0.9924357533 0.0998969525 -0.0713569820 -0.1163991019 0.9504356384 -0.2883111238 0.0390188210 0.2944361567 0.9548742771
-172.2 -589.7 1802.3 0.9992280006 0.0000000000 -0.0392858647 0.0000000000 1.0000000000 0.0000000000 0.0392858647 0.0000000000 0.9992280006
45.5 -194.9 1934.4 0.9597638845 0.0144634778 -0.2804355621 -0.0992106199 0.9517322183 -0.2904531956 0.2626985908 0.3065886796 0.9148731232
39.8 -567.6 1814.4 0.9645223618 0.0000000000 -0.2640010715 0.0000000000 1.0000000000 0.0000000000 0.2640010715 0.0000000000 0.9645223618
-133.0 -364.0 1735.4 0 0 0 0 0 0 0 0 0
38.8 349.0 1684.5 0 0 0 0 0 0 0 0 0
-172.2 -966.4 1802.3 0 0 0 0 0 0 0 0 0
39.8 -944.3 1814.4 0 0 0 0 0 0 0 0 0
-38.4 461.4 1805.3 0 0.9830448031 0.1527244300 -0.1014800817 -0.1485367119 0.9877577424 0.0476596244 0.1075165272 -0.0317780264 0.9936953187
-83.4 170.2 1814.7 0.9830448031 0.1527244300 -0.1014800817 -0.1485367119 0.9877577424 0.0476596244 0.1075165272 -0.0317780264 0.9936953187
-62.8 -15.9 1872.1 0.9898368120 -0.1051979214 -0.0956894234 0.1284247935 0.9502483010 0.2837872505 0.0610748865 -0.2931919694 0.9541007876
-224.4 151.9 1806.0 0.0551780574 -0.7211160660 -0.6906134486 0.9933150411 -0.0305928886 0.1113071516 -0.1013932377 -0.6921384931 0.7146074176
-239.5 -119.8 1833.7 -0.3689128160 -0.7211160660 -0.5864255428 0.8625698686 -0.0305928886 -0.5050122142 0.3462319672 -0.6921384931 0.6332991123
57.6 188.5 1823.4 0.7695119381 0.6061826944 0.2009822428 -0.2409927696 0.5670667291 -0.7876279354 -0.5914167762 0.5576538444 0.5824502707
198.3 144.5 1715.3 -0.6275027394 0.6061826944 0.4886540771 0.7718080878 0.5670667291 0.2876587808 -0.1027256921 0.5576538444 -0.8236926794
-135.7 -214.7 1920.9 0.9944716692 0.0905019492 -0.0532498360 -0.1023339257 0.9489692450 -0.2983036935 0.0235353913 0.3021038175 0.9529844522
-171.1 -586.3 1802.6 0.9997200966 0.0000000000 -0.0236596018 0.0000000000 1.0000000000 0.0000000000 0.0236596018 0.0000000000 0.9997200966
43.2 -193.3 1935.2 0.9651803374 0.0053643207 -0.2615304291 -0.0851426795 0.9517899752 -0.2946974039 0.2473411858 0.3067035377 0.9191057086
41.1 -566.1 1815.1 0.9686979055 0.0000000000 -0.2482426018 0.0000000000 1.0000000000 0.0000000000 0.2482426018 0.0000000000 0.9686979055
-135.6 -362.8 1736.2 0 0 0 0 0 0 0 0 0
36.0 344.0 1688.8 0 0 0 0 0 0 0 0 0
-171.1 -962.9 1802.6 0 0 0 0 0 0 0 0 0
41.1 -942.7 1815.1 0 0 0 0 0 0 0 0 0
-37.8 460.9 1808.3 1 0.9840126038 0.1534666270 -0.0903724506 -0.1502942294 0.9877923727 0.0409612097 0.0955554023 -0.0267238915 0.9950653315
-82.3 174.1 1816.1 0.9840126038 0.1534666270 -0.0903724506 -0.1502942294 0.9877923727 0.0409612097 0.0955554023 -0.0267238915 0.9950653315
-63.5 -12.4 1872.8 0.9918769598 -0.0961719677 -0.0832527578 0.1160142869 0.9523584843 0.2820532024 0.0521608517 -0.2894206047 0.9557797909
-223.7 157.6 1808.6 0.0548809581 -0.7132691741 -0.6987382770 0.9945821762 -0.0228247903 0.1014168561 -0.0882860720 -0.7005184889 0.7081521153
-239.0 -120.2 1833.3 -0.3662541211 -0.7132691741 -0.5975826383 0.8642908931 -0.0228247903 -0.5024741888 0.3447596431 -0.7005184889 0.6248316765
59.0 190.6 1823.5 0.7637692690 0.6207122803 0.1771235019 -0.2803997695 0.5662045479 -0.7751054168 -0.5814055800 0.5423362851 0.6064972281
196.8 140.0 1718.6 -0.6194829941 0.6207122803 0.4805799425 0.7781693339 0.5662045479 0.2717810571 -0.1034086943 0.5423362851 -0.8337733150
-131.6 -213.6 1924.0 0.9935042858 0.1021727622 -0.0500996038 -0.1128664166 0.9408808351 -0.3193813264 0.0145056844 0.3229612708 0.9463009834
-171.6 -581.9 1797.5 0.9998934269 0.0000000000 -0.0145989694 0.0000000000 1.0000000000 0.0000000000 0.0145989694 0.0000000000 0.9998934269
47.3 -190.4 1935.0 0.9663815498 0.0197732560 -0.2563508451 -0.0949682742 0.9539833665 -0.2844235897 0.2389304638 0.2992069125 0.9237897396
39.5 -564.0 1817.8 0.9707691073 0.0000000000 -0.2400152534 0.0000000000 1.0000000000 0.0000000000 0.2400152534 0.0000000000 0.9707691073
-135.8 -363.7 1736.2 0 0 0 0 0 0 0 0 0
35.7 342.4 1691.7 0 0 0 0 0 0 0 0 0
-171.6 -958.6 1797.5 0 0 0 0 0 0 0 0 0
39.5 -940.6 1817.8 0 0 0 0 0 0 0 0 0
-37.5 463.0 1809.3 2 0.9839507341 0.1546536386 -0.0890124962 -0.1517743468 0.9876730442 0.0382951424 0.0938377231 -0.0241707191 0.9952940345
-82.3 176.8 1816.3 0.9839507341 0.1546536386 -0.0890124962 -0.1517743468 0.9876730442 0.0382951424 0.0938377231 -0.0241707191 0.9952940345
-63.7 -10.3 1871.0 0.9921302795 -0.0947837755 -0.0818143487 0.1137157455 0.9555741549 0.2719315886 0.0524049737 -0.2790951133 0.9588324428
-223.7 160.6 1808.8 0.0577696078 -0.7321837544 -0.6786528230 0.9935865998 -0.0240204800 0.1104931831 -0.0972028822 -0.6806834936 0.7261002660
-239.7 -114.5 1835.8 -0.3542940617 -0.7321837544 -0.5817067027 0.8669610023 -0.0240204800 -0.4977967739 0.3505058289 -0.6806834936 0.6432850361
59.1 193.0 1823.8 0.7616447806 0.6298824549 0.1521358937 -0.3028183579 0.5535464287 -0.7758139968 -0.5728859305 0.5448251367 0.6123457551
196.4 138.4 1720.5 -0.5998761654 0.6298824549 0.4933525026 0.7922928929 0.5535464287 0.2566287220 -0.1114476100 0.5448251367 -0.8311107159
-134.3 -209.4 1924.7 0.9945495725 0.0925090089 -0.0480961576 -0.1029723883 0.9438822269 -0.3138199747 0.0163659323 0.3170621097 0.9482635856
-170.5 -579.0 1800.6 0.9998646379 0.0000000000 -0.0164533947 0.0000000000 1.0000000000 0.0000000000 0.0164533947 0.0000000000 0.9998646379
45.0 -188.4 1934.1 0.9666391611 0.0140503738 -0.2557563186 -0.0890549421 0.9546375275 -0.2841414809 0.2401622981 0.2974386513 0.9240412712
39.5 -562.4 1817.6 0.9704952240 0.0000000000 -0.2411203384 0.0000000000 1.0000000000 0.0000000000 0.2411203384 0.0000000000 0.9704952240
-139.9 -358.8 1737.0 0 0 0 0 0 0 0 0 0
39.4 345.9 1691.3 0 0 0 0 0 0 0 0 0
-170.5 -955.7 1800.6 0 0 0 0 0 0 0 0 0
39.5 -939.0 1817.6 0 0 0 0 0 0 0 0 0
-37.3 460.3 1808.8 3 0.9844188094 0.1570473164 -0.0790931880 -0.1538275480 0.9870581031 0.0453148559 0.0851861462 -0.0324420892 0.9958367348
-82.0 178.9 1818.0 0.9844188094 0.1570473164 -0.0790931880 -0.1538275480 0.9870581031 0.0453148559 0.0851861462 -0.0324420892 0.9958367348
-64.0 -8.7 1871.2 0.9931573868 -0.0921512544 -0.0717393607 0.1080804989 0.9579726458 0.2657197714 0.0442379378 -0.2716552019 0.9613773823
-223.6 163.5 1811.7 0.0587249920 -0.7250751853 -0.6861613393 0.9944381714 -0.0177092664 0.1038224101 -0.0874304622 -0.6884419918 0.7200024724
-239.9 -112.4 1836.0 -0.3509771824 -0.7250751853 -0.5925208926 0.8696027398 -0.0177092664 -0.4934343398 0.3472838700 -0.6884419918 0.6367428899
59.5 194.3 1824.3 0.7508330345 0.6441060305 0.1462092996 -0.3093317449 0.5385043025 -0.7837901115 -0.5835782886 0.5432683229 0.6035692692
196.1 138.1 1718.2 -0.5777935982 0.6441060305 0.5012803078 0.8079260588 0.5385043025 0.2393084615 -0.1158015877 0.5432683229 -0.8315344453
-134.8 -207.7 1920.9 0.9949173927 0.0927548930 -0.0391905755 -0.1002575085 0.9487115145 -0.2998247147 0.0093703410 0.3022299707 0.9531889558
-171.2 -579.3 1802.5 0.9999556541 0.0000000000 -0.0094177919 0.0000000000 1.0000000000 0.0000000000 0.0094177919 0.0000000000 0.9999556541
44.5 -187.2 1930.3 0.9685291052 0.0086999498 -0.2487482578 -0.0792878941 0.9581100345 -0.2752064466 0.2359339148 0.2862681746 0.9286472201
41.1 -562.4 1818.2 0.9715878963 0.0000000000 -0.2366790324 0.0000000000 1.0000000000 0.0000000000 0.2366790324 0.0000000000 0.9715878963
-141.0 -357.4 1738.2 0 0 0 0 0 0 0 0 0
44.7 349.7 1687.9 0 0 0 0 0 0 0 0 0
-171.2 -955.9 1802.5 0 0 0 0 0 0 0 0 0
41.1 -939.1 1818.2 0 0 0 0 0 0 0 0 0
-35.7 458.3 1809.5 4 0.9836980104 0.1627664119 -0.0764548182 -0.1595110148 0.9860788584 0.0469539464 0.0830330104 -0.0339931175 0.9959668517
-81.6 180.2 1819.1 0.9836980104 0.1627664119 -0.0764548182 -0.1595110148 0.9860788584 0.0469539464 0.0830330104 -0.0339931175 0.9959668517
-64.0 -8.0 1870.6 0.9935913682 -0.0898566097 -0.0685709119 0.1046414301 0.9606079459 0.2574538887 0.0427358299 -0.2629792988 0.9638544917
-223.2 165.2 1813.0 0.0611170605 -0.7197102308 -0.6915792823 0.9945519567 -0.0147089800 0.1031990126 -0.0844458118 -0.6941187382 0.7148902416
-240.1 -110.8 1836.5 -0.3535827100 -0.7197102308 -0.5974918008 0.8681710362 -0.0147089800 -0.4960470796 0.3482216597 -0.6941187382 0.6300324202
60.0 195.1 1825.2 0.7379350662 0.6538122296 0.1672763079 -0.3086529672 0.5473854542 -0.7778833508 -0.6001542807 0.5223971009 0.6057360172
195.2 138.5 1715.3 -0.5816567540 0.6538122296 0.4839472771 0.8051640391 0.5473854542 0.2282104045 -0.1156989485 0.5223971009 -0.8448165655
-135.7 -206.1 1920.4 0.9953736067 0.0884681121 -0.0374795869 -0.0956997648 0.9475533366 -0.3049331605 0.0085370466 0.3071092069 0.9516360164
-170.4 -577.2 1800.2 0.9999632239 0.0000000000 -0.0085764108 0.0000000000 1.0000000000 0.0000000000 0.0085764108 0.0000000000 0.9999632239
43.8 -186.5 1928.4 0.9689418077 0.0071804356 -0.2471846789 -0.0756238550 0.9602944851 -0.2685432732 0.2354418337 0.2788958549 0.9310125113
41.0 -562.7 1819.2 0.9717243910 0.0000000000 -0.2361179739 0.0000000000 1.0000000000 0.0000000000 0.2361179739 0.0000000000 0.9717243910
-140.5 -355.4 1738.4 0 0 0 0 0 0 0 0 0
42.8 349.5 1684.9 0 0 0 0 0 0 0 0 0
-170.4 -953.9 1800.2 0 0 0 0 0 0 0 0 0
41.0 -939.3 1819.2 0 0 0 0 0 0 0 0 0
-35.5 458.7 1809.9 5 0.9836848974 0.1665339172 -0.0680476725 -0.1636496782 0.9854453802 0.0460025072 0.0747182444 -0.0341159888 0.9966209531
-82.4 181.5 1819.5 0.9836848974 0.1665339172 -0.0680476725 -0.1636496782 0.9854453802 0.0460025072 0.0747182444 -0.0341159888 0.9966209531
-64.9 -6.9 1870.2 0.9942238927 -0.0891380906 -0.0597769991 0.1015116572 0.9618378878 0.2540930808 0.0348464102 -0.2586934865 0.9653307199
-224.0 167.0 1814.5 0.0580784827 -0.7293998599 -0.6816177368 0.9949126244 -0.0140077444 0.0997630432 -0.0823150724 -0.6839442253 0.7248755693
-240.1 -108.7 1837.4 -0.3455258012 -0.7293998599 -0.5904132128 0.8704295158 -0.0140077444 -0.4920936823 0.3506626785 -0.6839442253 0.6397312284
59.3 196.0 1824.5 0.7349694371 0.6576167345 0.1654089987 -0.3123995662 0.5448727608 -0.7781518102 -0.6018525362 0.5202440619 0.6059039831
194.3 138.6 1713.9 -0.5818701386 0.6576167345 0.4785053432 0.8059936166 0.5448727608 0.2312746793 -0.1086344197 0.5202440619 -0.8470800519
-136.2 -205.6 1918.3 0.9957868457 0.0869656056 -0.0290791169 -0.0916735083 0.9515346289 -0.2935605645 0.0021401125 0.2949895263 0.9554980993
-170.3 -578.2 1802.7 0.9999976754 0.0000000000 -0.0021491623 0.0000000000 1.0000000000 0.0000000000 0.0021491623 0.0000000000 0.9999976754
43.4 -186.6 1926.0 0.9707105756 0.0070470632 -0.2401485443 -0.0717192590 0.9624933004 -0.2616542578 0.2292974740 0.2712138295 0.9348078370
40.7 -563.6 1819.8 0.9732167721 0.0000000000 -0.2298894823 0.0000000000 1.0000000000 0.0000000000 0.2298894823 0.0000000000 0.9732167721
-142.8 -353.9 1738.6 0 0 0 0 0 0 0 0 0
41.9 349.7 1685.5 0 0 0 0 0 0 0 0 0
-170.3 -954.9 1802.7 0 0 0 0 0 0 0 0 0
40.7 -940.3 1819.8 0 0 0 0 0 0 0 0 0
-36.2 462.8 1809.6 6 0.9845432639 0.1663084924 -0.0549182147 -0.1640129238 0.9854772091 0.0439818874 0.0614352114 -0.0342947766 0.9975216985
-84.1 179.0 1819.5 0.9845432639 0.1663084924 -0.0549182147 -0.1640129238 0.9854772091 0.0439818874 0.0614352114 -0.0342947766 0.9975216985
-63.0 -9.0 1870.0 0.9929640889 -0.1079767793 -0.0486135706 0.1168458685 0.9600515962 0.2542597651 0.0192173850 -0.2581511140 0.9659134150
-225.6 162.3 1816.7 0.0543840490 -0.7331126332 -0.6779294014 0.9952881336 -0.0147819538 0.0958280265 -0.0802738592 -0.6799466014 0.7288544178
-240.3 -107.3 1838.5 -0.3462642133 -0.7331126332 -0.5853605270 0.8685978055 -0.0147819538 -0.4952972829 0.3544559181 -0.6799466014 0.6418984532
57.4 195.6 1822.2 0.7495106459 0.6440824270 0.1529432088 -0.3185793757 0.5534605384 -0.7695379257 -0.5802938938 0.5280522704 0.6200159192
194.7 137.2 1715.9 -0.6003028154 0.6440824270 0.4741247892 0.7935554385 0.5534605384 0.2528856397 -0.0995301604 0.5280522704 -0.8433590531
-137.3 -204.5 1917.7 0.9966593981 0.0810779333 -0.0098174829 -0.0803591311 0.9520967603 -0.2950493991 -0.0145748015 0.2948526740 0.9554315805
-169.1 -577.4 1802.2 0.9998930693 0.0000000000 0.0146220895 0.0000000000 1.0000000000 0.0000000000 -0.0146220895 0.0000000000 0.9998930693
42.4 -186.1 1924.0 0.9751518965 0.0063541145 -0.2214462906 -0.0626198798 0.9667311907 -0.2480112612 0.2125031501 0.2557155788 0.9431076050
39.9 -564.7 1823.8 0.9770694375 0.0000000000 -0.2129210085 0.0000000000 1.0000000000 0.0000000000 0.2129210085 0.0000000000 0.9770694375
-142.8 -352.0 1738.6 0 0 0 0 0 0 0 0 0
38.1 344.3 1689.9 0 0 0 0 0 0 0 0 0
-169.1 -954.0 1802.2 0 0 0 0 0 0 0 0 0
39.9 -941.4 1823.8 0 0 0 0 0 0 0 0 0
-36.6 464.9 1808.9 7 0.9841895700 0.1680017263 -0.0560916364 -0.1658977717 0.9853191972 0.0402994193 0.0620385371 -0.0303567890 0.9976119995
-86.4 172.7 1817.9 0.9841895700 0.1680017263 -0.0560916364 -0.1658977717 0.9853191972 0.0402994193 0.0620385371 -0.0303567890 0.9976119995
-62.3 -14.3 1870.8 0.9910835624 -0.1231466308 -0.0508756787 0.1322978735 0.9548753500 0.2659142315 0.0158334896 -0.2702739537 0.9626532793
-227.6 153.8 1815.7 0.0461948365 -0.7302659154 -0.6815993786 0.9956783056 -0.0213698447 0.0903769433 -0.0805648714 -0.6828286648 0.7261227965
-239.9 -110.2 1837.1 -0.3564868569 -0.7302659154 -0.5827767849 0.8645592928 -0.0213698447 -0.5020762086 0.3541952968 -0.6828286648 0.6389762759
54.8 191.5 1820.2 0.7711649537 0.6237190962 0.1275895536 -0.3169153035 0.5499116778 -0.7727624774 -0.5521496534 0.5554922819 0.6217387319
195.0 133.9 1719.8 -0.6043530703 0.6237190962 0.4957135320 0.7899712920 0.5499116778 0.2711871862 -0.1034540385 0.5554922819 -0.8250609636
-131.6 -207.6 1918.8 0.9947640896 0.1020506471 -0.0054876818 -0.0988988951 0.9477284551 -0.3033641875 -0.0257576797 0.3023185134 0.9528588653
-171.5 -578.7 1800.4 0.9996649623 0.0000000000 0.0258845799 0.0000000000 1.0000000000 0.0000000000 -0.0258845799 0.0000000000 0.9996649623
47.9 -186.5 1922.3 0.9759844542 0.0282082856 -0.2160060704 -0.0807804391 0.9677490592 -0.2386132479 0.2023088038 0.2503318787 0.9467867017
36.8 -565.4 1824.2 0.9791845083 0.0000000000 -0.2029721290 0.0000000000 1.0000000000 0.0000000000 0.2029721290 0.0000000000 0.9791845083
-139.5 -353.8 1737.3 0 0 0 0 0 0 0 0 0
36.3 341.3 1692.7 0 0 0 0 0 0 0 0 0
-171.5 -955.4 1800.4 0 0 0 0 0 0 0 0 0
36.8 -942.1 1824.2 0 0 0 0 0 0 0 0 0
-37.2 466.5 1809.1 8 0.9839296937 0.1603209227 -0.0786098912 -0.1576408893 0.9867169857 0.0392295755 0.0838550329 -0.0262070131 0.9961332679
-84.8 173.5 1816.9 0.9839296937 0.1603209227 -0.0786098912 -0.1576408893 0.9867169857 0.0392295755 0.0838550329 -0.0262070131 0.9961332679
-62.5 -13.4 1871.0 0.9908115864 -0.1138015613 -0.0730864182 0.1294898242 0.9542026520 0.2696843743 0.0390487537 -0.2766703367 0.9601711631
-225.9 155.1 1811.3 0.0440143906 -0.7150571346 -0.6976790428 0.9960716963 -0.0223016012 0.0856961533 -0.0768370107 -0.6987102032 0.7112665772
-238.0 -118.4 1832.4 -0.3677775264 -0.7150571346 -0.5945022702 0.8619920611 -0.0223016012 -0.5064309835 0.3488687575 -0.6987102032 0.6245756149
56.4 192.0 1822.4 0.7659081221 0.6304134727 0.1263473183 -0.3318001926 0.5558697581 -0.7621794343 -0.5507208109 0.5418373346 0.6349164844
196.3 131.4 1721.8 -0.6071370244 0.6304134727 0.4836977422 0.7880182862 0.5558697581 0.2646431625 -0.1020383537 0.5418373346 -0.8342664242
-127.8 -213.2 1922.3 0.9927653670 0.1158786938 -0.0314497612 -0.1198355928 0.9398489594 -0.3198802769 -0.0075092837 0.3213348687 0.9469358325
-173.1 -581.2 1796.5 0.9999713898 0.0000000000 0.0075637903 0.0000000000 1.0000000000 0.0000000000 -0.0075637903 0.0000000000 0.9999713898
51.4 -189.3 1925.2 0.9699093103 0.0414859392 -0.2399060130 -0.1035289392 0.9621269107 -0.2521776855 0.2203582078 0.2694266737 0.9374707937
35.1 -566.0 1819.7 0.9751493335 0.0000000000 -0.2215487063 0.0000000000 1.0000000000 0.0000000000 0.2215487063 0.0000000000 0.9751493335
-134.4 -361.2 1734.1 0 0 0 0 0 0 0 0 0
35.7 339.9 1694.8 0 0 0 0 0 0 0 0 0
-173.1 -957.9 1796.5 0 0 0 0 0 0 0 0 0
35.1 -942.7 1819.7 0 0 0 0 0 0 0 0 0
-36.7 465.6 1809.2 9 0.9831726551 0.1562921852 -0.0945744738 -0.1529777944 0.9873628616 0.0413803197 0.0998467430 -0.0262162015 0.9946573973
-82.5 176.6 1816.9 0.9831726551 0.1562921852 -0.0945744738 -0.1529777944 0.9873628616 0.0413803197 0.0998467430 -0.0262162015 0.9946573973
-64.0 -10.6 1871.3 0.9917180538 -0.0942321941 -0.0872675702 0.1146101132 0.9559623003 0.2701861858 0.0579642728 -0.2779502571 0.9588450193
-223.8 160.3 1808.6 0.0522465669 -0.7073124051 -0.7049677372 0.9951274991 -0.0222325362 0.0960573629 -0.0836157873 -0.7065514326 0.7027044296
-238.4 -118.5 1832.0 -0.3732751012 -0.7073124051 -0.6003122926 0.8605433106 -0.0222325362 -0.5088918805 0.3465990424 -0.7065514326 0.6169717908
58.8 193.0 1825.1 0.7549161911 0.6409862041 0.1387019455 -0.3243415058 0.5487227440 -0.7705231905 -0.5700036287 0.5366936326 0.6221380830
196.0 134.0 1721.5 -0.5930120349 0.6409862041 0.4873124659 0.7979708314 0.5487227440 0.2492908984 -0.1076074094 0.5366936326 -0.8368874192
-129.8 -211.9 1921.7 0.9928156137 0.1073998585 -0.0527491830 -0.1184812188 0.9439811110 -0.3079965711 0.0167154428 0.3120335937 0.9499239922
