64.0 442.0 2085.5  0.9921949506 -0.1114093810 -0.0560102761 0.1117693931 0.9937285781 0.0033267990 0.0552883781 -0.0095610674 0.9984246492
89.2 217.1 2087.6 0.9921949506 -0.1114093810 -0.0560102761 0.1117693931 0.9937285781 0.0033267990 0.0552883781 -0.0095610674 0.9984246492
74.4 23.7 2096.7 0.9954592586 0.0763446167 -0.0568542033 -0.0734596997 0.9959822893 0.0512144193 0.0605357252 -0.0468053743 0.9970680475
-46.8 227.1 2079.3 0.6213093400 -0.6875739098 -0.3757883012 0.1175591052 0.5559555292 -0.8228567839 0.7746964693 0.4670712650 0.4262509346
-173.3 203.2 1921.6 -0.6388568878 -0.6875739098 -0.3451144099 -0.7689120173 0.5559555292 0.3157336414 -0.0252219569 0.4670712650 -0.8838598728
225.2 207.0 2095.9 0.8131170869 0.4165230989 0.4066313803 -0.4246526659 -0.0533334762 0.9037840962 0.3981340230 -0.9075593948 0.1335112900
376.8 127.9 2170.1 -0.5785678029 0.4165230989 0.7012615800 -0.7855807543 -0.0533334762 -0.6164563298 -0.2193675786 -0.9075593948 0.3580695689
-28.2 -162.1 2097.7 0.9841828346 0.0074985670 -0.1769970655 0.0022276707 0.9985009432 0.0546888262 0.1771418303 -0.0542180948 0.9826907516
-31.1 -549.7 2118.7 0.9838651419 0.0304175019 -0.1763070226 -0.0109999841 0.9938616157 0.1100823209 0.1785732061 -0.1063667834 0.9781603813
150.0 -175.3 2110.0 0.9982191324 0.0546018146 -0.0240249895 -0.0534693003 0.9975326061 0.0454947427 0.0264498051 -0.0441291220 0.9986756444
128.8 -562.6 2127.1 0.9961339235 -0.0837880671 -0.0263958853 0.0838622600 0.9964758754 0.0017145074 0.0261592064 -0.0039214976 0.9996501207
-1.8 409.6 1928.3 0 0 0 0 0 0 0 0 0
215.4 -91.3 2108.9 0 0 0 0 0 0 0 0 0
-42.5 -920.6 2158.4 0 0 0 0 0 0 0 0 0
160.1 -934.3 2128.6 0 0 0 0 0 0 0 0 0
63.2 439.0 2087.7  0.9921092987 -0.1143996492 -0.0513022020 0.1138174832 0.9934010506 -0.0141389249 0.0525811501 0.0081882710 0.9985830784
89.0 214.8 2085.9 0.9921092987 -0.1143996492 -0.0513022020 0.1138174832 0.9934010506 -0.0141389249 0.0525811501 0.0081882710 0.9985830784
75.1 21.4 2095.4 0.9960255623 0.0717750266 -0.0527394749 -0.0689847618 0.9962115288 0.0529493727 0.0563401170 -0.0491007082 0.9972035289
-47.1 224.2 2078.2 0.6149313450 -0.6841006279 -0.3922573030 0.0945449620 0.5577916503 -0.8245785236 0.7828925252 0.4699732363 0.4076818526
-170.9 205.2 1920.5 -0.6473952532 -0.6841006279 -0.3359847367 -0.7611573339 0.5577916503 0.3309199214 -0.0389730223 0.4699732363 -0.8818198442
225.1 205.4 2093.6 0.8082353473 0.4211285412 0.4115900695 -0.4303902388 -0.0545738637 0.9009916186 0.4018953443 -0.9053576589 0.1371410936
374.9 125.6 2168.0 -0.5780943632 0.4211285412 0.6988974810 -0.7853129506 -0.0545738637 -0.6166889668 -0.2215638012 -0.9053576589 0.3622665405
-29.6 -163.0 2100.4 0.9849268198 -0.0014117713 -0.1729659587 0.0093071666 0.9989506006 0.0448445901 0.1727211475 -0.0457784608 0.9839063883
-29.1 -550.8 2118.1 0.9838711619 0.0470482670 -0.1725805700 -0.0264092851 0.9924234152 0.1199930459 0.1769184619 -0.1134999618 0.9776592255
148.8 -176.2 2111.2 0.9984585643 0.0515984930 -0.0204482544 -0.0508361533 0.9980508685 0.0361952633 0.0222760197 -0.0350999609 0.9991354942
128.7 -563.6 2124.8 0.9960647225 -0.0860253349 -0.0213237051 0.0864370093 0.9960722923 0.0191992000 0.0195883345 -0.0209668037 0.9995882511
3.7 410.4 1931.0 0 0 0 0 0 0 0 0 0
213.6 -93.4 2106.2 0 0 0 0 0 0 0 0 0
-46.6 -921.1 2160.5 0 0 0 0 0 0 0 0 0
160.8 -935.3 2132.7 0 0 0 0 0 0 0 0 0
64.1 442.1 2093.8  0.9930520654 -0.1047570631 -0.0536060110 0.1025240794 0.9938074946 -0.0428424329 0.0577621050 0.0370488614 0.9976426959
88.3 212.2 2085.3 0.9930520654 -0.1047570631 -0.0536060110 0.1025240794 0.9938074946 -0.0428424329 0.0577621050 0.0370488614 0.9976426959
75.2 18.8 2095.5 0.9961655140 0.0676670894 -0.0554563627 -0.0645353645 0.9963179827 0.0564413443 0.0590713955 -0.0526460260 0.9968645573
-47.8 221.0 2077.2 0.6176978350 -0.6827436686 -0.3902697861 0.1086131111 0.5655730367 -0.8175147176 0.7788790464 0.4625886679 0.4235081375
-171.6 199.2 1921.1 -0.6526374221 -0.6827436686 -0.3285201490 -0.7567136884 0.5655730367 0.3278895020 -0.0380623229 0.4625886679 -0.8857555985
224.4 203.4 2093.3 0.7872404456 0.4332345128 0.4388169348 -0.4639709890 -0.0525900163 0.8842879534 0.4061814547 -0.8997455835 0.1596072614
370.0 117.6 2168.4 -0.5814359784 0.4332345128 0.6886509061 -0.7790863514 -0.0525900163 -0.6247069240 -0.2344284505 -0.8997455835 0.3681048155
-28.1 -165.8 2099.9 0.9843818545 0.0124866804 -0.1756030619 -0.0035976409 0.9986999631 0.0508476049 0.1760096848 -0.0494217016 0.9831470251
-32.9 -553.5 2119.1 0.9845907688 -0.0108670918 -0.1745363921 0.0305921547 0.9933800697 0.1107253283 0.1721777171 -0.1143585816 0.9784052968
150.4 -178.2 2110.0 0.9981679916 0.0558961295 -0.0231585354 -0.0549744777 0.9977380037 0.0386867598 0.0252685919 -0.0373427570 0.9989829659
128.7 -565.5 2124.5 0.9958419204 -0.0876235515 -0.0249185748 0.0878234729 0.9961111546 0.0070431652 0.0242045242 -0.0092023155 0.9996646643
4.9 403.9 1931.4 0 0 0 0 0 0 0 0 0
207.8 -99.7 2103.1 0 0 0 0 0 0 0 0 0
-28.9 -923.6 2161.7 0 0 0 0 0 0 0 0 0
161.4 -937.2 2127.9 0 0 0 0 0 0 0 0 0
64.2 441.3 2091.4  0.9906433225 -0.1262801588 -0.0517598093 0.1242388040 0.9914076328 -0.0409346521 0.0564843044 0.0341210626 0.9978202581
93.6 210.3 2083.5 0.9906433225 -0.1262801588 -0.0517598093 0.1242388040 0.9914076328 -0.0409346521 0.0564843044 0.0341210626 0.9978202581
76.8 17.3 2095.1 0.9947767258 0.0867045745 -0.0538668111 -0.0831657052 0.9944272637 0.0647910610 0.0591843091 -0.0599727705 0.9964439273
-42.3 221.6 2075.4 0.6380867958 -0.6799484491 -0.3612690866 0.1326094419 0.5592395663 -0.8183311224 0.7584589720 0.4742586017 0.4470109642
-172.2 194.7 1921.0 -0.6520964503 -0.6799484491 -0.3353212178 -0.7569535375 0.5592395663 0.3380420208 -0.0423262641 0.4742586017 -0.8793675303
229.5 198.9 2091.5 0.8003345728 0.4441337585 0.4027527571 -0.4227396250 -0.0583276525 0.9043722153 0.4251538515 -0.8940598965 0.1410713047
373.1 123.1 2167.8 -0.5779703259 0.4441337585 0.6846134067 -0.7811418772 -0.0583276525 -0.6216230989 -0.2361519188 -0.8940598965 0.3806431293
-27.2 -168.8 2100.4 0.9847032428 0.0094341105 -0.1739841104 0.0023323935 0.9977299571 0.0673016086 0.1742240936 -0.0666779131 0.9824459553
-30.9 -556.1 2126.3 0.9844228625 0.0250092726 -0.1740290672 -0.0143363848 0.9979534149 0.0623173080 0.1752314121 -0.0588516369 0.9827667475
151.3 -180.4 2111.0 0.9980669022 0.0577485934 -0.0229699239 -0.0570356436 0.9979040623 0.0305689685 0.0246870946 -0.0291997697 0.9992687106
128.9 -567.8 2122.3 0.9958698750 -0.0877371207 -0.0233527645 0.0882930309 0.9958066940 0.0239440054 0.0211540610 -0.0259070005 0.9994404912
4.7 399.9 1932.5 0 0 0 0 0 0 0 0 0
211.9 -94.8 2102.0 0 0 0 0 0 0 0 0 0
-40.2 -927.5 2148.2 0 0 0 0 0 0 0 0 0
161.6 -939.4 2132.0 0 0 0 0 0 0 0 0 0
62.5 438.8 2088.2  0.9873541594 -0.1473528296 -0.0584710166 0.1456800699 0.9888163209 -0.0319312178 0.0625222474 0.0230093598 0.9977782965
96.9 208.4 2082.8 0.9873541594 -0.1473528296 -0.0584710166 0.1456800699 0.9888163209 -0.0319312178 0.0625222474 0.0230093598 0.9977782965
78.1 15.6 2094.8 0.9934480190 0.0966312364 -0.0610195510 -0.0924716219 0.9934133887 0.0676670969 0.0671563968 -0.0615811683 0.9958402514
-38.8 221.1 2073.6 0.6549800038 -0.6779716015 -0.3337000012 0.1390756667 0.5422216058 -0.8286457062 0.7427375913 0.4963368177 0.4494336247
-172.6 192.7 1922.0 -0.6422919035 -0.6779716015 -0.3575130701 -0.7653501034 0.5422216058 0.3467490971 -0.0412347466 0.4963368177 -0.8671501875
232.6 195.8 2092.0 0.8079821467 0.4463148415 0.3846660256 -0.4011029899 -0.0615832768 0.9139605761 0.4316031337 -0.8927544951 0.1292600334
374.7 125.3 2167.9 -0.5823308825 0.4463148415 0.6794805527 -0.7774882913 -0.0615832768 -0.6258749962 -0.2374926507 -0.8927544951 0.3828663826
-29.2 -168.3 2101.4 0.9834622741 -0.0028694370 -0.1810905188 0.0139140468 0.9981164932 0.0597486161 0.1805779785 -0.0612802096 0.9816498160
-28.1 -555.7 2125.2 0.9825515747 0.0423137546 -0.1811132133 -0.0291209072 0.9967662692 0.0748931020 0.1836965382 -0.0683121532 0.9806064367
149.1 -183.2 2112.0 0.9982470870 0.0509517565 -0.0301101804 -0.0497541204 0.9979892373 0.0392690711 0.0320504643 -0.0377021320 0.9987748861
129.3 -570.6 2126.7 0.9956778884 -0.0873077661 -0.0316679738 0.0876153857 0.9961184859 0.0084571298 0.0308066811 -0.0111951791 0.9994626641
2.2 400.9 1933.2 0 0 0 0 0 0 0 0 0
212.2 -91.6 2101.7 0 0 0 0 0 0 0 0 0
-43.8 -927.2 2150.7 0 0 0 0 0 0 0 0 0
161.9 -942.4 2130.9 0 0 0 0 0 0 0 0 0
61.9 438.5 2088.1  0.9828938246 -0.1650032401 -0.0818148851 0.1630590111 0.9861617088 -0.0299478900 0.0856242031 0.0160949416 0.9961975217
100.1 210.4 2084.4 0.9828938246 -0.1650032401 -0.0818148851 0.1630590111 0.9861617088 -0.0299478900 0.0856242031 0.0160949416 0.9961975217
78.1 17.9 2095.9 0.9899638891 0.1133414879 -0.0844111741 -0.1076253057 0.9917625785 0.0694538280 0.0915878415 -0.0596720017 0.9940075278
-35.1 225.1 2071.8 0.6613685489 -0.6865980029 -0.3019516468 0.1664031595 0.5268493295 -0.8335105181 0.7313696742 0.5010119677 0.4626936615
-171.7 190.7 1920.8 -0.6235050559 -0.6865980029 -0.3739312887 -0.7811198831 0.5268493295 0.3350843191 -0.0330627821 0.5010119677 -0.8648085594
235.3 195.7 2096.9 0.7952917218 0.4350534379 0.4221842587 -0.4494599104 -0.0441876128 0.8922069669 0.4068129957 -0.8993197083 0.1603970230
371.5 118.7 2166.5 -0.5917956829 0.4350534379 0.6786061525 -0.7667925358 -0.0441876128 -0.6403722763 -0.2486101538 -0.8993197083 0.3597457707
-29.6 -168.9 2100.7 0.9788879156 -0.0084154168 -0.2042244375 0.0203213505 0.9982087016 0.0562713332 0.2033850700 -0.0592334419 0.9773054123
-26.4 -556.4 2123.7 0.9772393107 0.0568677299 -0.2043756396 -0.0406541042 0.9957468510 0.0826765597 0.2082080394 -0.0724860728 0.9753949046
148.3 -185.5 2112.7 0.9973407388 0.0485980287 -0.0543110259 -0.0467041023 0.9982736707 0.0356139354 0.0559480377 -0.0329826809 0.9978887439
129.5 -573.0 2125.5 0.9943565130 -0.0905055329 -0.0553526506 0.0914056376 0.9957160950 0.0139464764 0.0538532920 -0.0189273134 0.9983694553
-2.4 402.8 1929.7 0 0 0 0 0 0 0 0 0
206.5 -95.2 2097.2 0 0 0 0 0 0 0 0 0
-47.6 -927.8 2150.7 0 0 0 0 0 0 0 0 0
163.3 -944.7 2132.6 0 0 0 0 0 0 0 0 0
60.1 438.2 2086.5 0 0.9808526635 -0.1746836901 -0.0861023143 0.1733668000 0.9845979810 -0.0226001330 0.0887240395 0.0072401194 0.9960299134
100.3 211.3 2084.9 0.9808526635 -0.1746836901 -0.0861023143 0.1733668000 0.9845979810 -0.0226001330 0.0887240395 0.0072401194 0.9960299134
77.9 18.8 2096.1 0.9893285036 0.1154891476 -0.0888330862 -0.1095985770 0.9916082025 0.0685666129 0.0960063189 -0.0580989271 0.9936836958
-34.8 226.3 2071.7 0.6549437642 -0.6987333298 -0.2877853215 0.1699189097 0.5072492957 -0.8448820710 0.7363261580 0.5044500828 0.4509477615
-170.8 191.0 1918.8 -0.5973370671 -0.6987333298 -0.3936497569 -0.8017090559 0.5072492957 0.3161656857 -0.0212369375 0.5044500828 -0.8631796837
235.5 196.3 2098.0 0.7860897779 0.4492433369 0.4245507419 -0.4682959914 -0.0154503165 0.8834365606 0.4034374356 -0.8932758570 0.1982335150
369.0 116.8 2166.5 -0.5773696303 0.4492433369 0.6817805171 -0.7680288553 -0.0154503165 -0.6402288675 -0.2770848274 -0.8932758570 0.3539523780
-32.5 -164.9 2099.2 0.9779290557 -0.0131349312 -0.2085240781 0.0237539429 0.9985405803 0.0485023558 0.2075826824 -0.0523851328 0.9768137932
-27.4 -552.6 2119.6 0.9765296578 0.0523428582 -0.2089259773 -0.0271796193 0.9922139049 0.1215435565 0.2136611938 -0.1130123585 0.9703489542
144.8 -184.2 2115.6 0.9973866343 0.0412818901 -0.0592929609 -0.0399013050 0.9989085197 0.0242828652 0.0602306873 -0.0218535382 0.9979452491
128.7 -572.0 2124.1 0.9938801527 -0.0932905078 -0.0591530502 0.0950501412 0.9950881600 0.0276599880 0.0562820844 -0.0331132188 0.9978656173
-11.1 405.3 1924.5 0 0 0 0 0 0 0 0 0
208.1 -97.4 2089.3 0 0 0 0 0 0 0 0 0
-47.0 -922.5 2161.7 0 0 0 0 0 0 0 0 0
163.6 -943.4 2136.5 0 0 0 0 0 0 0 0 0
59.9 437.8 2087.7 1 0.9802568555 -0.1769836843 -0.0881659836 0.1752033979 0.9841453433 -0.0275993217 0.0916527733 0.0116074448 0.9957233667
100.5 212.2 2085.1 0.9802568555 -0.1769836843 -0.0881659836 0.1752033979 0.9841453433 -0.0275993217 0.0916527733 0.0116074448 0.9957233667
78.6 19.6 2096.4 0.9894639850 0.1123476848 -0.0913181305 -0.1062836424 0.9919548631 0.0687704980 0.0983096659 -0.0583403111 0.9934443235
-34.7 226.7 2071.7 0.6527957916 -0.6914203763 -0.3095084727 0.1457733661 0.5155928135 -0.8443424702 0.7433758974 0.5060651302 0.4373674989
-169.5 196.6 1918.1 -0.6056361198 -0.6914203763 -0.3938816190 -0.7955617905 0.5155928135 0.3181909919 -0.0169212017 0.5060651302 -0.8623293042
235.6 197.6 2098.5 0.7780975103 0.4602619708 0.4274613261 -0.4810565710 -0.0009597684 0.8766890168 0.4039168954 -0.8877826333 0.2206652611
368.1 115.7 2167.3 -0.5677906871 0.4602619708 0.6824753881 -0.7690588832 -0.0009597684 -0.6391772032 -0.2935339510 -0.8877826333 0.3545135260
-33.1 -163.8 2098.8 0.9774289131 -0.0105474712 -0.2110010833 0.0227635242 0.9981963634 0.0555508099 0.2100345939 -0.0591000952 0.9759060740
-29.0 -551.4 2121.7 0.9761001468 0.0509490296 -0.2112644017 -0.0288335253 0.9938975573 0.1064718366 0.2153998017 -0.0978356823 0.9716126323
144.1 -183.5 2116.0 0.9973458052 0.0389940701 -0.0614884160 -0.0372936167 0.9988960028 0.0285645649 0.0625343770 -0.0261956230 0.9976989627
129.0 -571.3 2126.1 0.9939568639 -0.0905524790 -0.0620487779 0.0915876031 0.9956980348 0.0140404431 0.0605104491 -0.0196384937 0.9979743361
-8.7 407.8 1922.6 0 0 0 0 0 0 0 0 0
209.8 -98.7 2085.4 0 0 0 0 0 0 0 0 0
-48.0 -922.1 2158.2 0 0 0 0 0 0 0 0 0
162.8 -942.9 2133.5 0 0 0 0 0 0 0 0 0
63.5 438.9 2088.9 2 0.9824360013 -0.1633006483 -0.0902904570 0.1611401737 0.9864517450 -0.0307706613 0.0940920413 0.0156807862 0.9954400063
100.8 213.6 2085.3 0.9824360013 -0.1633006483 -0.0902904570 0.1611401737 0.9864517450 -0.0307706613 0.0940920413 0.0156807862 0.9954400063
78.1 21.2 2096.6 0.9887788892 0.1171995029 -0.0926313698 -0.1109817475 0.9913781881 0.0696590692 0.0999967232 -0.0585970245 0.9932608008
-34.3 228.8 2071.6 0.6370738745 -0.7005262375 -0.3215585053 0.1403027475 0.5155931115 -0.8452684879 0.7579261065 0.4933829606 0.4267566800
-164.9 200.0 1916.2 -0.6108101606 -0.7005262375 -0.3690175414 -0.7907178402 0.5155931115 0.3300439417 -0.0409415327 0.4933829606 -0.8688481450
235.9 198.5 2098.9 0.7733042836 0.4652953446 0.4306979179 -0.4890350103 0.0053678378 0.8722476363 0.4035408497 -0.8851392269 0.2316966802
367.6 115.2 2167.7 -0.5657914877 0.4652953446 0.6807203889 -0.7672227025 0.0053678378 -0.6413583755 -0.3020750582 -0.8851392269 0.3539480865
-31.8 -163.4 2098.9 0.9771393538 -0.0111611513 -0.2123067230 0.0227470379 0.9983771443 0.0522074252 0.2113794833 -0.0558432750 0.9758074880
-27.5 -551.0 2120.6 0.9751843214 0.0618175007 -0.2125890702 -0.0379508920 0.9926899076 0.1145707741 0.2181175053 -0.1036596820 0.9704017043
145.5 -182.5 2116.5 0.9971116185 0.0422765315 -0.0630956367 -0.0406311452 0.9988056421 0.0271373820 0.0641675517 -0.0244953521 0.9976384640
129.1 -570.2 2126.0 0.9939929843 -0.0892574638 -0.0633324906 0.0907762423 0.9956388474 0.0215174984 0.0611356907 -0.0271373279 0.9977604747
-2.9 409.6 1927.1 0 0 0 0 0 0 0 0 0
209.8 -98.8 2083.4 0 0 0 0 0 0 0 0 0
-50.5 -921.4 2159.3 0 0 0 0 0 0 0 0 0
162.4 -941.9 2136.2 0 0 0 0 0 0 0 0 0
65.6 438.7 2083.9 3 0.9841393828 -0.1585864425 -0.0794982538 0.1581250578 0.9873448610 -0.0121060358 0.0804120526 -0.0006566397 0.9967615008
101.9 212.8 2084.1 0.9841393828 -0.1585864425 -0.0794982538 0.1581250578 0.9873448610 -0.0121060358 0.0804120526 -0.0006566397 0.9967615008
78.9 20.5 2097.6 0.9896174669 0.1184848770 -0.0813544840 -0.1120619178 0.9905203581 0.0794455111 0.0899963602 -0.0695039257 0.9935138822
-33.3 228.1 2071.8 0.6438155770 -0.7034544349 -0.3010869920 0.1782914698 0.5205656290 -0.8349991441 0.7441194057 0.4839042127 0.4605681598
-167.9 190.8 1916.2 -0.6102657318 -0.7034544349 -0.3643179834 -0.7913873196 0.5205656290 0.3204957247 -0.0358027406 0.4839042127 -0.8743882775
237.1 197.4 2096.4 0.7627512217 0.4738763571 0.4400588572 -0.4961890876 -0.0075592715 0.8681815863 0.4147372544 -0.8805589676 0.2293664217
367.7 112.5 2167.4 -0.5791279078 0.4738763571 0.6633641720 -0.7559642196 -0.0075592715 -0.6545692682 -0.3051703572 -0.8805589676 0.3626113534
-33.3 -161.3 2099.1 0.9795104861 -0.0107115349 -0.2011081725 0.0207935441 0.9986267090 0.0480869040 0.2003169060 -0.0512833782 0.9783880115
-29.1 -549.0 2119.0 0.9782733321 0.0493638888 -0.2013566047 -0.0253622420 0.9924398661 0.1200829074 0.2057620883 -0.1123670489 0.9721294045
143.9 -181.2 2117.0 0.9978784919 0.0385575555 -0.0524582416 -0.0374299735 0.9990501404 0.0223104469 0.0532686487 -0.0202996042 0.9983738661
128.9 -569.1 2124.9 0.9946486354 -0.0885952413 -0.0531508513 0.0889391676 0.9960284829 0.0041359640 0.0525733344 -0.0088410228 0.9985779524
-6.2 400.5 1925.7 0 0 0 0 0 0 0 0 0
206.2 -98.3 2082.3 0 0 0 0 0 0 0 0 0
-47.5 -919.4 2160.9 0 0 0 0 0 0 0 0 0
162.0 -940.8 2128.2 0 0 0 0 0 0 0 0 0
67.5 441.1 2086.9 4 0.9859306812 -0.1487285942 -0.0762918591 0.1470644027 0.9887578487 -0.0270180497 0.0794525295 0.0154181076 0.9967194200
101.8 212.6 2083.4 0.9859306812 -0.1487285942 -0.0762918591 0.1470644027 0.9887578487 -0.0270180497 0.0794525295 0.0154181076 0.9967194200
78.7 20.5 2097.8 0.9898085594 0.1191776320 -0.0779471695 -0.1126108766 0.9900967479 0.0838283598 0.0871657059 -0.0741963312 0.9934269190
-33.4 228.0 2071.5 0.6449567676 -0.7030677795 -0.2995437682 0.1950959414 0.5304477811 -0.8249622583 0.7388967276 0.4736251831 0.4792815447
-169.7 186.8 1915.4 -0.6144225001 -0.7030677795 -0.3580232561 -0.7884426117 0.5304477811 0.3114215136 -0.0290377848 0.4736251831 -0.8802477121
237.1 197.3 2095.3 0.7605733275 0.4825963080 0.4343144596 -0.4944666922 -0.0029513133 0.8691915870 0.4207504392 -0.8758379221 0.2363831252
368.3 111.9 2167.9 -0.5823078156 0.4825963080 0.6542311311 -0.7480500937 -0.0029513133 -0.6636356711 -0.3183372915 -0.8758379221 0.3627248108
-32.7 -161.7 2103.0 0.9802024961 -0.0129971411 -0.1975705773 0.0201562773 0.9992094040 0.0342680961 0.1969689876 -0.0375719629 0.9796895385
-27.7 -549.6 2117.6 0.9787164330 0.0544749387 -0.1978551596 -0.0273251534 0.9901326895 0.1374431700 0.2033900619 -0.1291114688 0.9705476165
144.6 -181.8 2119.1 0.9979801774 0.0399242565 -0.0494126491 -0.0390507504 0.9990655780 0.0185190681 0.0501058400 -0.0165520627 0.9986067414
129.1 -569.7 2125.5 0.9948763847 -0.0881173313 -0.0495609567 0.0889475644 0.9959263802 0.0147991320 0.0480550043 -0.0191316325 0.9986614585
-6.9 395.6 1923.0 0 0 0 0 0 0 0 0 0
205.9 -96.7 2079.1 0 0 0 0 0 0 0 0 0
-48.0 -919.1 2165.7 0 0 0 0 0 0 0 0 0
162.0 -941.4 2132.7 0 0 0 0 0 0 0 0 0
70.5 442.6 2088.0 5 0.9884316325 -0.1264137775 -0.0838001147 0.1246990114 0.9918691516 -0.0254114438 0.0863311067 0.0146676833 0.9961585402
99.7 212.9 2084.6 0.9884316325 -0.1264137775 -0.0838001147 0.1246990114 0.9918691516 -0.0254114438 0.0863311067 0.0146676833 0.9961585402
77.2 20.5 2097.0 0.9896370769 0.1162322834 -0.0843118280 -0.1100833416 0.9911448359 0.0742537454 0.0921959132 -0.0642029345 0.9936689138
-35.5 227.9 2072.0 0.6354966164 -0.6942213774 -0.3379359543 0.1530586928 0.5422668457 -0.8261474967 0.7567807436 0.4732899070 0.4508653581
-167.0 196.3 1915.4 -0.6349557042 -0.6942213774 -0.3389512300 -0.7710610628 0.5422668457 0.3337836564 -0.0479177348 0.4732899070 -0.8796024919
235.0 197.8 2097.2 0.7689641714 0.4686589241 0.4348022044 -0.4922183752 0.0000325616 0.8704717755 0.4079401791 -0.8833792210 0.2307075709
367.8 112.8 2167.6 -0.5771033168 0.4686589241 0.6688128114 -0.7570959330 0.0000325616 -0.6533036828 -0.3061983883 -0.8833792210 0.3548009694
-33.1 -161.6 2104.4 0.9789873362 -0.0064551937 -0.2038188428 0.0142564662 0.9992198348 0.0368304625 0.2034220845 -0.0389622897 0.9783155918
-30.6 -549.6 2119.5 0.9782966971 0.0385844596 -0.2035848349 -0.0129898451 0.9919974804 0.1255877614 0.2068013847 -0.1202175617 0.9709690809
144.3 -181.8 2120.0 0.9977651834 0.0373018868 -0.0554361865 -0.0366327614 0.9992437363 0.0130381100 0.0558806099 -0.0109781921 0.9983770847
129.8 -569.8 2124.3 0.9947626591 -0.0859918296 -0.0552508309 0.0871009231 0.9960371256 0.0179851241 0.0534853041 -0.0227033272 0.9983105063
0.6 399.7 1928.0 0 0 0 0 0 0 0 0 0
206.9 -98.3 2082.2 0 0 0 0 0 0 0 0 0
-45.0 -919.8 2164.4 0 0 0 0 0 0 0 0 0
161.9 -941.6 2132.7 0 0 0 0 0 0 0 0 0
69.9 441.2 2086.5 6 0.9847753048 -0.1458530724 -0.0945753232 0.1448732466 0.9893010259 -0.0171821602 0.0960695297 0.0032191330 0.9953694344
103.5 213.2 2085.7 0.9847753048 -0.1458530724 -0.0945753232 0.1448732466 0.9893010259 -0.0171821602 0.0960695297 0.0032191330 0.9953694344
78.8 21.0 2097.0 0.9872906208 0.1271021664 -0.0954056308 -0.1206652820 0.9901886582 0.0704719573 0.1034267172 -0.0580641516 0.9929408431
-31.4 229.7 2071.6 0.6279127598 -0.7020097971 -0.3360175490 0.1406828910 0.5270079970 -0.8381353617 0.7654631734 0.4790039957 0.4296758175
-163.0 200.2 1911.1 -0.6259859204 -0.7020097971 -0.3395937383 -0.7773526907 0.5270079970 0.3434900045 -0.0621647388 0.4790039957 -0.8756087422
238.4 196.7 2099.8 0.7724351883 0.4591961503 0.4387286305 -0.4938791096 0.0000035427 0.8695305586 0.3992835283 -0.8883349299 0.2267901152
367.2 114.4 2166.4 -0.5693396330 0.4591961503 0.6819026470 -0.7676177621 0.0000035427 -0.6409079432 -0.2943048775 -0.8883349299 0.3524850905
-34.0 -162.0 2101.2 0.9765723348 -0.0059727146 -0.2151063532 0.0161021072 0.9988405108 0.0453686453 0.2145859748 -0.0477694310 0.9755362272
-31.7 -549.8 2119.8 0.9756720066 0.0432741418 -0.2149220109 -0.0169906337 0.9923024774 0.1226665974 0.2185759395 -0.1160307080 0.9688970447
143.3 -181.8 2117.7 0.9971330166 0.0356025882 -0.0667693838 -0.0343624465 0.9992166162 0.0196312536 0.0674159974 -0.0172806121 0.9975752831
129.5 -569.7 2124.5 0.9939959645 -0.0866916329 -0.0667572916 0.0881991461 0.9959026575 0.0199704394 0.0647524968 -0.0257384740 0.9975693822
2.2 405.4 1927.6 0 0 0 0 0 0 0 0 0
208.4 -99.7 2084.3 0 0 0 0 0 0 0 0 0
-47.9 -920.2 2163.1 0 0 0 0 0 0 0 0 0
161.8 -941.5 2134.1 0 0 0 0 0 0 0 0 0
69.8 440.8 2086.7 7 0.9877652526 -0.1339749992 -0.0798153952 0.1331292093 0.9909719229 -0.0158497673 0.0812182873 0.0050300905 0.9966836572
100.6 212.9 2085.6 0.9877652526 -0.1339749992 -0.0798153952 0.1331292093 0.9909719229 -0.0158497673 0.0812182873 0.0050300905 0.9966836572
78.1 20.6 2098.8 0.9899749756 0.1159393787 -0.0806696340 -0.1096900031 0.9908990860 0.0780202299 0.0889810845 -0.0683894232 0.9936826825
-34.7 227.9 2073.4 0.6059824824 -0.7088402510 -0.3610134423 0.1015690491 0.5190641880 -0.8486790061 0.7889670134 0.4776168466 0.3865400553
-161.6 206.7 1908.2 -0.6203249693 -0.7088402510 -0.3357714117 -0.7810511589 0.5190641880 0.3471764326 -0.0718057230 0.4776168466 -0.8756289482
235.8 197.9 2097.7 0.7701284885 0.4643914104 0.4373130798 -0.4918774366 -0.0041769282 0.8706544042 0.4061510563 -0.8856202364 0.2252068967
367.0 114.1 2166.9 -0.5696666241 0.4643914104 0.6781007051 -0.7670706511 -0.0041769282 -0.6415489912 -0.2950974703 -0.8856202364 0.3586004972
-34.3 -160.4 2099.0 0.9797056913 -0.0041320086 -0.2003987581 0.0154886516 0.9983587265 0.0551355369 0.1998420358 -0.0571205057 0.9781617522
-32.7 -547.9 2121.2 0.9788499475 0.0412753485 -0.2003724426 -0.0210957360 0.9945790768 0.1018205807 0.2034889162 -0.0954400674 0.9744144082
142.6 -182.0 2117.5 0.9980730414 0.0343542211 -0.0516716167 -0.0333727673 0.9992480278 0.0197386723 0.0523108654 -0.0179762114 0.9984690547
129.3 -569.9 2124.5 0.9948226213 -0.0873707831 -0.0519065298 0.0881478190 0.9960242510 0.0128697865 0.0505757220 -0.0173786022 0.9985690117
2.2 412.8 1927.2 0 0 0 0 0 0 0 0 0
208.1 -99.8 2084.6 0 0 0 0 0 0 0 0 0
-48.1 -919.1 2156.8 0 0 0 0 0 0 0 0 0
161.9 -941.7 2131.0 0 0 0 0 0 0 0 0 0
66.7 441.0 2094.3 8 0.9850026965 -0.1520500332 -0.0815502703 0.1477963030 0.9874359369 -0.0559151508 0.0890275687 0.0430237465 0.9950995445
102.0 211.2 2084.3 0.9850026965 -0.1520500332 -0.0815502703 0.1477963030 0.9874359369 -0.0559151508 0.0890275687 0.0430237465 0.9950995445
78.3 19.1 2099.1 0.9889546037 0.1223245561 -0.0836989656 -0.1150352955 0.9895451665 0.0869901404 0.0934649333 -0.0764009655 0.9926868677
-33.1 226.9 2071.6 0.6109789610 -0.7103934288 -0.3493507206 0.0752886385 0.4914383888 -0.8676519394 0.7880585790 0.5038149357 0.3537430465
-161.4 211.1 1906.0 -0.6006284356 -0.7103934288 -0.3668605089 -0.7964570522 0.4914383888 0.3523414433 -0.0700116977 0.5038149357 -0.8609697223
237.1 195.5 2097.1 0.7690597773 0.4694335759 0.4337961972 -0.4826252759 -0.0184862614 0.8756318092 0.4190702438 -0.8827742338 0.2123434544
367.3 113.8 2168.0 -0.5720720887 0.4694335759 0.6725813150 -0.7679287791 -0.0184862614 -0.6402683854 -0.2881299555 -0.8827742338 0.3710670173
-33.1 -161.9 2104.1 0.9790599942 -0.0066148862 -0.2034643590 0.0156489126 0.9989600778 0.0428242944 0.2029694915 -0.0451115482 0.9781453609
-30.5 -549.7 2121.6 0.9780898094 0.0438814983 -0.2035059929 -0.0236929897 0.9946448207 0.1005996540 0.2068306506 -0.0935738310 0.9738916755
144.3 -181.5 2120.0 0.9976762533 0.0390219465 -0.0558511689 -0.0385654531 0.9992134571 0.0092283785 0.0561673492 -0.0070530088 0.9983964562
129.1 -569.5 2122.8 0.9946183562 -0.0875289887 -0.0554350205 0.0887418240 0.9958577752 0.0198038276 0.0534719862 -0.0246166550 0.9982658625
-2.7 421.5 1924.5 0 0 0 0 0 0 0 0 0
207.8 -100.4 2087.7 0 0 0 0 0 0 0 0 0
-46.9 -920.9 2156.5 0 0 0 0 0 0 0 0 0
161.8 -941.2 2132.0 0 0 0 0 0 0 0 0 0
69.2 442.2 2092.7 9 0.9873301983 -0.1326182187 -0.0871294290 0.1288676113 0.9905297160 -0.0473709404 0.0925865397 0.0355425961 0.9950700998
100.1 211.5 2084.4 0.9873301983 -0.1326182187 -0.0871294290 0.1288676113 0.9905297160 -0.0473709404 0.0925865397 0.0355425961 0.9950700998
77.7 19.3 2099.2 0.9893695116 0.1155584678 -0.0882846564 -0.1079321206 0.9903646111 0.0867677405 0.0974607393 -0.0763166100 0.9923090339
-35.1 226.3 2071.1 0.6020867229 -0.7116202116 -0.3620611131 0.0640303046 0.4950400293 -0.8665076494 0.7958590984 0.4985298514 0.3436222970
-160.4 212.9 1905.4 -0.6069594026 -0.7116202116 -0.3538317978 -0.7905557752 0.4950400293 0.3604954481 -0.0813749507 0.4985298514 -0.8630446792
235.2 196.8 2097.7 0.7700968385 0.4668763578 0.4347151816 -0.4852747917 -0.0135877496 0.8742561340 0.4140763283 -0.8842182159 0.2160994411
367.2 113.6 2168.6 -0.5703281760 0.4668763578 0.6758344769 -0.7687759995 -0.0135877496 -0.6393737793 -0.2893254459 -0.8842182159 0.3666728139
-34.0 -162.6 2105.6 0.9781672955 -0.0079170652 -0.2076681703 0.0168624166 0.9990028143 0.0413404405 0.2071337998 -0.0439396538 0.9773253798
-30.9 -550.4 2122.6 0.9772179723 0.0433016196 -0.2077739835 -0.0227933880 0.9947159886 0.1001025513 0.2110107094 -0.0930861384 0.9730413556
143.2 -183.2 2122.3 0.9975384474 0.0360490382 -0.0601457767 -0.0359858051 0.9993500113 0.0021345038 0.0601836294 0.0000351447 0.9981873035
129.2 -571.2 2122.3 0.9943357110 -0.0882935151 -0.0591674335 0.0901044905 0.9955196381 0.0286675189 0.0563711859 -0.0338363871 0.9978363514
0.1 422.0 1926.9 0 0 0 0 0 0 0 0 0
208.1 -100.8 2087.9 0 0 0 0 0 0 0 0 0
-47.1 -921.8 2157.4 0 0 0 0 0 0 0 0 0
162.1 -942.8 2135.0 0 0 0 0 0 0 0 0 0
68.2 441.3 2091.8 0 0.9886297584 -0.1296144277 -0.0762316883 0.1262151599 0.9908478856 -0.0478557572 0.0817368031 0.0376900285 0.9959410429
98.1 212.7 2083.1 0.9886297584 -0.1296144277 -0.0762316883 0.1262151599 0.9908478856 -0.0478557572 0.0817368031 0.0376900285 0.9959410429
77.5 20.4 2099.1 0.9912666678 0.1064390317 -0.0778531134 -0.0992697626 0.9909095764 0.0907946900 0.0868095011 -0.0822732896 0.9928218722
-37.3 226.3 2071.3 0.5917592645 -0.7165268660 -0.3693375289 0.0559128970 0.4935499132 -0.8679183125 0.8041732907 0.4929479957 0.3321258128
-159.4 214.7 1905.3 -0.6095325947 -0.7165268660 -0.3392037749 -0.7866306901 0.4935499132 0.3709725440 -0.0983977988 0.4929479957 -0.8644768000
233.5 199.2 2095.0 0.7622909546 0.4766204655 0.4378874302 -0.4916894734 -0.0135183483 0.8706656694 0.4208965898 -0.8790052533 0.2240443528
367.6 112.7 2169.0 -0.5798777342 0.4766204655 0.6607379913 -0.7563450933 -0.0135183483 -0.6540331841 -0.3027935028 -0.8790052533 0.3683285415
-33.4 -163.3 2105.3 0.9803724885 -0.0063622203 -0.1970516294 0.0160276871 0.9987428784 0.0474945642 0.1965017468 -0.0497206450 0.9792420268
-30.9 -551.0 2124.6 0.9793327451 0.0451537110 -0.1971511245 -0.0287347883 0.9959355593 0.0853622630 0.2002042383 -0.0779329613 0.9766497612
143.9 -182.6 2122.7 0.9980839491 0.0378651470 -0.0489350446 -0.0375789218 0.9992707968 0.0067562237 0.0491551906 -0.0049043521 0.9987791181
129.2 -570.6 2124.6 0.9949216247 -0.0883269534 -0.0482630171 0.0895729959 0.9956839681 0.0242913309 0.0459091328 -0.0284910332 0.9985392690
2.2 423.3 1931.4 0 0 0 0 0 0 0 0 0
205.9 -98.3 2084.5 0 0 0 0 0 0 0 0 0
-47.8 -922.8 2153.7 0 0 0 0 0 0 0 0 0
162.1 -942.3 2135.3 0 0 0 0 0 0 0 0 0
69.7 444.1 2096.4 1 0.9881854653 -0.1307595521 -0.0799465105 0.1253971010 0.9897188544 -0.0687909573 0.0881196409 0.0579531640 0.9944226146
100.2 212.9 2082.9 0.9881854653 -0.1307595521 -0.0799465105 0.1253971010 0.9897188544 -0.0687909573 0.0881196409 0.0579531640 0.9944226146
77.5 20.8 2098.5 0.9898074865 0.1171005592 -0.0810470805 -0.1096745357 0.9898197651 0.0907099321 0.0908441842 -0.0808965713 0.9925739765
-35.0 227.9 2070.4 0.6046136618 -0.7108297348 -0.3593930900 0.0740806460 0.4994319975 -0.8631800413 0.7930664420 0.4952663779 0.3546221554
-160.0 212.6 1906.5 -0.6195001006 -0.7108297348 -0.3330776095 -0.7779970765 0.4994319975 0.3811669052 -0.1045951545 0.4952663779 -0.8624216318
235.5 198.0 2095.3 0.7587656379 0.4781515896 0.4423186779 -0.4948489964 -0.0184144843 0.8687838316 0.4235554338 -0.8780842423 0.2226405591
368.0 111.5 2169.3 -0.5929176807 0.4781515896 0.6479349136 -0.7443396449 -0.0184144843 -0.6675472856 -0.3072574139 -0.8780842423 0.3668254614
-32.0 -163.1 2107.3 0.9796304107 -0.0095354505 -0.2005824596 0.0158139560 0.9994331002 0.0297223758 0.2001853287 -0.0322889462 0.9792258739
-28.3 -551.0 2119.8 0.9779438376 0.0583441481 -0.2005538791 -0.0330392197 0.9913160801 0.1272824705 0.2062384784 -0.1178489551 0.9713791013
145.6 -180.9 2122.8 0.9976781011 0.0427395962 -0.0530259758 -0.0424547605 0.9990773201 0.0064870026 0.0532543026 -0.0042207353 0.9985720515
129.0 -568.7 2124.4 0.9947373867 -0.0879301205 -0.0525905713 0.0889106765 0.9959012270 0.0166011862 0.0509152710 -0.0211896840 0.9984781742
4.3 418.9 1934.2 0 0 0 0 0 0 0 0 0
202.7 -96.1 2083.6 0 0 0 0 0 0 0 0 0
-50.1 -920.7 2163.7 0 0 0 0 0 0 0 0 0
161.8 -940.5 2132.4 0 0 0 0 0 0 0 0 0
71.4 443.1 2092.7 2 0.9893444180 -0.1196325719 -0.0829798654 0.1157172248 0.9919973016 -0.0505061895 0.0883579850 0.0403658189 0.9952705503
99.0 214.3 2083.4 0.9893444180 -0.1196325719 -0.0829798654 0.1157172248 0.9919973016 -0.0505061895 0.0883579850 0.0403658189 0.9952705503
76.8 22.1 2099.6 0.9899493456 0.1142336652 -0.0833723396 -0.1063494310 0.9899163246 0.0935707912 0.0932205766 -0.0837637484 0.9921156764
-36.2 228.8 2070.6 0.5871535540 -0.7245032191 -0.3610343933 0.0993036255 0.5071101785 -0.8561413884 0.8033613563 0.4668343961 0.3696973324
-157.9 208.2 1904.2 -0.6177580357 -0.7245032191 -0.3057288229 -0.7781407237 0.5071101785 0.3705890179 -0.1134547219 0.4668343961 -0.8770368695
234.3 199.7 2096.1 0.7605801821 0.4762033522 0.4413028359 -0.4984419644 -0.0072598029 0.8668926954 0.4160209596 -0.8793052435 0.2318380624
368.0 112.1 2169.2 -0.5814933181 0.4762033522 0.6596179605 -0.7527068853 -0.0072598029 -0.6583157182 -0.3087034523 -0.8793052435 0.3626630902
-33.9 -161.5 2106.1 0.9791080356 -0.0159056932 -0.2027177960 0.0232611168 0.9991526604 0.0339532644 0.2020059824 -0.0379593559 0.9786483645
-27.7 -549.4 2120.8 0.9777275920 0.0520479716 -0.2033218145 -0.0266783070 0.9917247295 0.1255799532 0.2081754655 -0.1173586994 0.9710251689
143.5 -181.1 2122.4 0.9977803826 0.0371725820 -0.0552492626 -0.0369124711 0.9993021488 0.0057213563 0.0554233827 -0.0036692701 0.9984561801
129.0 -569.1 2123.8 0.9946359992 -0.0875695720 -0.0550522394 0.0883012563 0.9960331321 0.0109971547 0.0538708344 -0.0157993492 0.9984229207
5.8 414.4 1934.3 0 0 0 0 0 0 0 0 0
205.8 -97.8 2083.1 0 0 0 0 0 0 0 0 0
-47.1 -919.4 2164.6 0 0 0 0 0 0 0 0 0
161.7 -940.9 2129.7 0 0 0 0 0 0 0 0 0
71.1 442.3 2088.8 3 0.9882927537 -0.1290045083 -0.0814570412 0.1259080023 0.9911485314 -0.0420916937 0.0861660466 0.0313428231 0.9957876205
101.1 212.3 2081.6 0.9882927537 -0.1290045083 -0.0814570412 0.1259080023 0.9911485314 -0.0420916937 0.0861660466 0.0313428231 0.9957876205
77.0 20.4 2098.4 0.9889248013 0.1238265410 -0.0818211660 -0.1157403663 0.9885200262 0.0971202925 0.0929079279 -0.0865746588 0.9919037223
-34.0 228.1 2068.9 0.5915089250 -0.7249382734 -0.3529613316 0.1139241830 0.5085062385 -0.8534885049 0.7982095480 0.4646352530 0.3833740056
-157.1 204.4 1902.9 -0.6160624027 -0.7249382734 -0.3081098199 -0.7803770304 0.5085062385 0.3639135361 -0.1071390659 0.4646352530 -0.8789967299
236.2 196.4 2094.2 0.7607092857 0.4894205332 0.4263671041 -0.4830393195 -0.0119310254 0.8755173683 0.4335831702 -0.8719663024 0.2273333222
367.6 113.0 2169.2 -0.5755997896 0.4894205332 0.6550973058 -0.7555665374 -0.0119310254 -0.6549632549 -0.3127364814 -0.8719663024 0.3766572773
-34.0 -160.5 2107.5 0.9793868661 -0.0125251412 -0.2016047686 0.0175245441 0.9995810986 0.0230322629 0.2012318373 -0.0260905288 0.9791961312
-29.2 -548.5 2117.7 0.9777086973 0.0590134487 -0.2015021294 -0.0278318953 0.9876465797 0.1542065144 0.2081131488 -0.1451608688 0.9672731161
143.3 -179.6 2124.2 0.9978065491 0.0371286161 -0.0548052303 -0.0370200127 0.9993100166 0.0029958540 0.0548786484 -0.0009603923 0.9984925985
128.9 -567.5 2124.6 0.9946728349 -0.0876065716 -0.0543238930 0.0885829553 0.9959430099 0.0158290975 0.0527167693 -0.0205569435 0.9983978868
6.4 411.4 1931.3 0 0 0 0 0 0 0 0 0
207.0 -97.8 2081.9 0 0 0 0 0 0 0 0 0
-51.2 -917.0 2171.8 0 0 0 0 0 0 0 0 0
161.6 -939.3 2132.3 0 0 0 0 0 0 0 0 0
71.3 440.7 2089.4 4 0.9881752133 -0.1265626997 -0.0865539759 0.1229779497 0.9913618565 -0.0455861613 0.0915758163 0.0344028845 0.9952036738
100.5 211.3 2081.4 0.9881752133 -0.1265626997 -0.0865539759 0.1229779497 0.9913618565 -0.0455861613 0.0915758163 0.0344028845 0.9952036738
76.5 19.4 2098.3 0.9885199666 0.1236961484 -0.0867616683 -0.1151069477 0.9885208011 0.0978623331 0.0978709012 -0.0867519975 0.9914107919
-34.5 227.1 2068.1 0.5998611450 -0.7214517593 -0.3459392190 0.1288976669 0.5138586164 -0.8481360078 0.7896530628 0.4641731083 0.4012372494
-159.5 200.2 1903.6 -0.6099975705 -0.7214517593 -0.3277350664 -0.7888652682 0.5138586164 0.3371067345 -0.0747967809 0.4641731083 -0.8825807571
235.6 195.6 2094.8 0.7647839189 0.4841855466 0.4250528514 -0.4781279266 -0.0156875476 0.8781501055 0.4318556190 -0.8748247027 0.2195050418
367.3 113.3 2169.2 -0.5683405399 0.4841855466 0.6652468443 -0.7658289075 -0.0156875476 -0.6428530216 -0.3008240461 -0.8748247027 0.3797191679
-35.6 -161.1 2106.8 0.9782392979 -0.0190180037 -0.2066063285 0.0266289916 0.9990629554 0.0341196954 0.2057638317 -0.0388789438 0.9778290391
-28.2 -549.0 2121.9 0.9764370322 0.0593951792 -0.2074677944 -0.0359756202 0.9927269816 0.1148865893 0.2127825916 -0.1047157422 0.9714721441
141.6 -181.9 2123.5 0.9976906180 0.0322062969 -0.0598015375 -0.0321710221 0.9994812012 0.0015527891 0.0598205216 0.0003746736 0.9982090592
129.1 -569.9 2123.3 0.9943649173 -0.0878726467 -0.0593027323 0.0890102014 0.9958887696 0.0168160312 0.0575812533 -0.0219998192 0.9980983734
1.6 408.4 1923.3 0 0 0 0 0 0 0 0 0
208.8 -100.3 2085.3 0 0 0 0 0 0 0 0 0
-50.4 -919.1 2161.0 0 0 0 0 0 0 0 0 0
161.9 -941.7 2131.6 0 0 0 0 0 0 0 0 0
70.8 440.7 2090.2 5 0.9844055772 -0.1336643249 -0.1143658310 0.1287370771 0.9904441237 -0.0494688861 0.1198851913 0.0339743234 0.9922062755
101.7 211.4 2082.3 0.9844055772 -0.1336643249 -0.1143658310 0.1287370771 0.9904441237 -0.0494688861 0.1198851913 0.0339743234 0.9922062755
75.3 19.7 2097.7 0.9840495586 0.1364297420 -0.1141637564 -0.1258771867 0.9874809384 0.0950596780 0.1257034987 -0.0791728273 0.9889035821
-32.7 228.6 2065.2 0.6142990589 -0.7145040035 -0.3348442912 0.1455459893 0.5196707249 -0.8418780565 0.7755340338 0.4684296548 0.4232264161
-160.8 198.2 1903.4 -0.6087806821 -0.7145040035 -0.3447753787 -0.7917469144 0.5196707249 0.3210594952 -0.0502286293 0.4684296548 -0.8820718527
236.1 194.2 2099.5 0.7720322013 0.4769818187 0.4200650454 -0.4807820022 0.0059915963 0.8768196702 0.4157102108 -0.8788927197 0.2339499742
367.3 112.5 2170.1 -0.5662093759 0.4769818187 0.6722315550 -0.7627316117 0.0059915963 -0.6466873884 -0.3124858737 -0.8788927197 0.3604166210
-36.0 -162.1 2106.3 0.9718971252 -0.0249427669 -0.2340808809 0.0313376151 0.9992293119 0.0236388221 0.2333108485 -0.0303100385 0.9719297290
-26.4 -550.0 2118.1 0.9688134193 0.0773980245 -0.2353935540 -0.0451118909 0.9891829491 0.1395781487 0.2436503619 -0.1246061400 0.9618252516
141.1 -182.8 2123.9 0.9955798388 0.0319065675 -0.0883330926 -0.0319747888 0.9994884729 0.0006429497 0.0883084238 0.0021843240 0.9960907698
128.7 -570.8 2123.0 0.9920035601 -0.0907468125 -0.0877153948 0.0927904099 0.9954947233 0.0194999240 0.0855506584 -0.0274831410 0.9959546924
-1.2 405.8 1916.5 0 0 0 0 0 0 0 0 0
209.4 -100.2 2083.0 0 0 0 0 0 0 0 0 0
-55.2 -919.0 2164.6 0 0 0 0 0 0 0 0 0
162.6 -942.4 2133.3 0 0 0 0 0 0 0 0 0
73.0 448.2 2095.1 6 0.9903354049 -0.0997622833 -0.0963496715 0.0937237889 0.9934546947 -0.0652966946 0.1022331789 0.0556353740 0.9932034612
96.9 210.4 2081.8 0.9903354049 -0.0997622833 -0.0963496715 0.0937237889 0.9934546947 -0.0652966946 0.1022331789 0.0556353740 0.9932034612
73.1 18.2 2094.1 0.9879699945 0.1222148463 -0.0947567672 -0.1152863801 0.9904624224 0.0754534602 0.1030745506 -0.0636215881 0.9926368594
-38.0 226.1 2067.7 0.5971942544 -0.7141003609 -0.3652665913 0.1271997690 0.5339425802 -0.8358980417 0.7919464707 0.4527316689 0.4097008407
-162.4 199.6 1902.8 -0.6145105362 -0.7141003609 -0.3353169560 -0.7878911495 0.5339425802 0.3068107069 -0.0400536321 0.4527316689 -0.8907467127
231.8 194.7 2095.8 0.7706247568 0.4860266149 0.4122082293 -0.4734407067 0.0036306691 0.8808181882 0.4266044796 -0.8739364743 0.2329026610
367.2 111.5 2170.8 -0.5657820702 0.4860266149 0.6660846472 -0.7608456612 0.0036306691 -0.6489226818 -0.3178120255 -0.8739364743 0.3677370846
-39.3 -160.7 2101.7 0.9762763977 -0.0216641892 -0.2154414207 0.0327471457 0.9983100295 0.0480069667 0.2140372992 -0.0539231598 0.9753360152
-30.9 -548.1 2122.7 0.9747951031 0.0543183759 -0.2163884640 -0.0304651819 0.9932317734 0.1120828092 0.2210120559 -0.1026654616 0.9698522687
136.9 -183.2 2124.2 0.9975119233 0.0207876228 -0.0673636720 -0.0213481151 0.9997431040 -0.0076111383 0.0671881512 0.0090302881 0.9976994395
128.9 -571.3 2120.7 0.9937198758 -0.0900250748 -0.0664551258 0.0923873857 0.9951638579 0.0333680250 0.0631297827 -0.0392980874 0.9972313046
-2.9 404.2 1913.2 0 0 0 0 0 0 0 0 0
209.4 -100.7 2082.2 0 0 0 0 0 0 0 0 0
-51.2 -918.5 2160.9 0 0 0 0 0 0 0 0 0
162.5 -942.8 2135.4 0 0 0 0 0 0 0 0 0
75.0 452.1 2098.0 7 0.9934897423 -0.0796805471 -0.0814196691 0.0733295232 0.9942351580 -0.0782252699 0.0871833265 0.0717455372 0.9936053753
94.4 210.7 2080.6 0.9934897423 -0.0796805471 -0.0814196691 0.0733295232 0.9942351580 -0.0782252699 0.0871833265 0.0717455372 0.9936053753
73.6 18.5 2096.5 0.9910904765 0.1071766540 -0.0790747181 -0.0998819619 0.9908231497 0.0910663977 0.0881092474 -0.0823569000 0.9927003980
-41.0 224.4 2068.6 0.5805839300 -0.7220933437 -0.3761695623 0.1189517975 0.5322795510 -0.8381699920 0.8054643273 0.4418819845 0.3949272633
-160.7 199.8 1902.4 -0.6103360057 -0.7220933437 -0.3256857395 -0.7908807397 0.5322795510 0.3019703925 -0.0446949452 0.4418819845 -0.8959590793
229.7 197.1 2092.6 0.7626254559 0.4918523729 0.4200996161 -0.4776002169 -0.0098338053 0.8785222173 0.4362344146 -0.8706230521 0.2274092883
366.9 111.2 2171.1 -0.5678634644 0.4918523729 0.6600093246 -0.7616149187 -0.0098338053 -0.6479552388 -0.3122079074 -0.8706230521 0.3801863492
-39.1 -163.7 2097.1 0.9796901345 -0.0171697382 -0.1997809559 0.0311527550 0.9972624779 0.0670600012 0.1980826557 -0.0719217509 0.9775431156
