77.4 494.3 2308.7 2 0.9926575422 -0.1087442487 0.0529686250 0.1054347232 0.9925091863 0.0617174357 -0.0592832603 -0.0556795485 0.9966871738
100.3 285.6 2320.4 0.9926575422 -0.1087442487 0.0529686250 0.1054347232 0.9925091863 0.0617174357 -0.0592832603 -0.0556795485 0.9966871738
95.2 86.9 2320.5 0.9981254339 0.0256341118 0.0555744208 -0.0256323591 0.9996711612 -0.0007444493 -0.0555752292 -0.0006814497 0.9984542727
-40.2 289.2 2328.2 0.3179056942 -0.8002611995 -0.5084466338 0.5590542555 0.5913410187 -0.5811834335 0.7657638788 -0.0994877070 0.6353800893
-111.2 164.3 2157.2 -0.5966323614 -0.8002611995 0.0600980483 -0.8018247485 0.5913410187 -0.0859819353 0.0332695656 -0.0994877070 -0.9944824576
240.7 282.0 2312.6 0.1210880131 0.4945875704 0.8606513739 -0.9911511540 0.1077400744 0.0775338560 -0.0543793663 -0.8624240160 0.5032570362
273.9 11.0 2297.7 -0.0548862144 0.5039300323 0.8619988561 -0.9580534101 0.2166212499 -0.1876404732 -0.2812849283 -0.8361397982 0.4709023535
1.3 -109.1 2324.1 0.9962770939 0.0746503323 0.0431198664 -0.0767288655 0.9958596230 0.0487468205 -0.0393023677 -0.0518738776 0.9978799820
-28.4 -505.0 2344.7 0.9977233410 0.0500966646 0.0451493710 -0.0534337796 0.9956735969 0.0760188177 -0.0411457494 -0.0782582536 0.9960836768
184.5 -112.7 2313.5 0.9428742528 0.0193342548 0.3325873315 -0.0065630889 0.9991987944 -0.0394801497 -0.3330841959 0.0350420140 0.9422457218
176.8 -509.9 2299.5 0.9451003671 -0.0121056940 0.3265558183 -0.0621973537 0.9743816257 0.2161293924 -0.3208063841 -0.2245748937 0.9201354980
42.4 370.8 2148.6 0 0 0 0 0 0 0 0 0
258.8 -252.5 2220.4 0 0 0 0 0 0 0 0 0
-43.1 -797.9 2367.8 0 0 0 0 0 0 0 0 0
181.4 -882.4 2385.4 0 0 0 0 0 0 0 0 0
77.6 496.6 2308.7 3 0.9936218858 -0.1064302996 0.0372578166 0.1040009484 0.9926432967 0.0619924590 -0.0435815975 -0.0577222146 0.9973809719
100.2 285.8 2321.0 0.9936218858 -0.1064302996 0.0372578166 0.1040009484 0.9926432967 0.0619924590 -0.0435815975 -0.0577222146 0.9973809719
95.3 87.1 2320.7 0.9988988042 0.0246606749 0.0399122201 -0.0245731249 0.9996944070 -0.0026827247 -0.0399661809 0.0016990026 0.9991995692
-40.3 289.3 2326.6 0.3194270432 -0.8078802824 -0.4952735007 0.5660076737 0.5818387866 -0.5840367079 0.7600011230 -0.0937714875 0.6431214809
-111.6 163.1 2157.1 -0.5871030092 -0.8078802824 0.0513763912 -0.8084225655 0.5818387866 -0.0889752805 0.0419885926 -0.0937714875 -0.9947079420
240.8 282.3 2315.4 0.1185237318 0.5066648722 0.8539571762 -0.9905239940 0.1204266995 0.0660274625 -0.0693854466 -0.8536908627 0.5161371231
273.1 12.6 2296.5 -0.0563863367 0.5139074326 0.8559905291 -0.9597292542 0.2084290832 -0.1883535832 -0.2752096355 -0.8321396708 0.4814594388
-1.5 -109.5 2325.8 0.9971628189 0.0700755268 0.0274895933 -0.0713321790 0.9963084459 0.0477618426 -0.0240411777 -0.0495872274 0.9984804392
-29.4 -505.6 2345.5 0.9985408783 0.0452536382 0.0294662509 -0.0473804399 0.9959812164 0.0760032684 -0.0259084068 -0.0772884935 0.9966720939
181.7 -114.2 2315.6 0.9480583668 0.0129431924 0.3178329766 -0.0003758424 0.9992167354 -0.0395702608 -0.3180961907 0.0373954624 0.9473206401
176.5 -511.5 2300.7 0.9503105283 -0.0166573562 0.3108576238 -0.0526448302 0.9755858183 0.2132153362 -0.3068199158 -0.2189858258 0.9262325764
39.5 371.0 2146.3 0 0 0 0 0 0 0 0 0
257.6 -251.3 2220.8 0 0 0 0 0 0 0 0 0
-42.6 -796.9 2368.1 0 0 0 0 0 0 0 0 0
182.9 -884.4 2384.4 0 0 0 0 0 0 0 0 0
78.8 497.9 2309.3 4 0.9945769906 -0.0997018889 0.0296003800 0.0978105515 0.9934164286 0.0596401021 -0.0353517346 -0.0564214401 0.9977809787
100.1 286.3 2321.3 0.9945769906 -0.0997018889 0.0296003800 0.0978105515 0.9934164286 0.0596401021 -0.0353517346 -0.0564214401 0.9977809787
95.6 87.5 2321.3 0.9992324710 0.0226972830 0.0319270641 -0.0226902422 0.9997423887 -0.0005828996 -0.0319320671 -0.0001419806 0.9994900227
-40.5 289.5 2325.8 0.3196510077 -0.8114435077 -0.4892675281 0.5636817217 0.5778974295 -0.5901672840 0.7616338730 -0.0871435851 0.6421213746
-112.7 162.3 2153.9 -0.5823307037 -0.8114435077 0.0495018512 -0.8121184707 0.5778974295 -0.0806109309 0.0368042216 -0.0871435851 -0.9955156446
240.7 283.1 2316.8 0.1201395318 0.5122271180 0.8504057527 -0.9897881150 0.1280012727 0.0627311841 -0.0767204016 -0.8492579460 0.5223742723
273.6 12.3 2295.8 -0.0713133514 0.5188568830 0.8518813848 -0.9590957165 0.1988984048 -0.2014319599 -0.2739522159 -0.8314005733 0.4834493101
-1.2 -109.4 2324.0 0.9972534180 0.0714680031 0.0194409564 -0.0723656714 0.9961118102 0.0502439737 -0.0157745313 -0.0515128300 0.9985477328
-29.6 -505.5 2344.5 0.9987903833 0.0441126302 0.0217231847 -0.0457573831 0.9955676198 0.0821669176 -0.0180022996 -0.0830615237 0.9963818192
182.1 -113.9 2316.7 0.9505263567 0.0146124074 0.3103001118 -0.0026282922 0.9992355704 -0.0390041023 -0.3106328547 0.0362588651 0.9498381615
176.3 -511.2 2302.2 0.9523582458 -0.0160078593 0.3045611382 -0.0490635112 0.9775728583 0.2048025280 -0.3010091484 -0.2099882215 0.9302141666
37.8 372.1 2144.4 0 0 0 0 0 0 0 0 0
254.0 -251.5 2220.5 0 0 0 0 0 0 0 0 0
-42.5 -795.3 2368.6 0 0 0 0 0 0 0 0 0
182.4 -884.9 2382.5 0 0 0 0 0 0 0 0 0
81.3 495.1 2309.0 5 0.9956566691 -0.0893916786 0.0260186549 0.0877804235 0.9944735169 0.0575932115 -0.0310232174 -0.0550591350 0.9980010390
100.1 286.6 2320.6 0.9956566691 -0.0893916786 0.0260186549 0.0877804235 0.9944735169 0.0575932115 -0.0310232174 -0.0550591350 0.9980010390
95.3 87.8 2321.1 0.9993271828 0.0238637179 0.0278515834 -0.0239234231 0.9997121692 0.0018124207 -0.0278003160 -0.0024775064 0.9996104240
-40.6 289.9 2324.5 0.3246143162 -0.8106912971 -0.4872424304 0.5652824044 0.5793002844 -0.5872537494 0.7583411932 -0.0847986042 0.6463187337
-113.7 162.5 2153.6 -0.5837813616 -0.8106912971 0.0444855839 -0.8108291030 0.5793002844 -0.0834702775 0.0418981165 -0.0847986042 -0.9955168366
240.7 283.2 2316.7 0.1196155101 0.5157510638 0.8483471870 -0.9900258780 0.1260280758 0.0629734397 -0.0744369477 -0.8474183083 0.5256817937
273.1 14.9 2296.5 -0.0705103725 0.5226979852 0.8495970368 -0.9585756063 0.2001319528 -0.2026820779 -0.2759730220 -0.8286941648 0.4869341552
-0.6 -109.1 2324.3 0.9973154664 0.0715849698 0.0154097890 -0.0723004714 0.9960059524 0.0523902439 -0.0115978885 -0.0533637367 0.9985077977
-29.1 -505.2 2345.5 0.9989007115 0.0434652418 0.0175549015 -0.0447681807 0.9956007600 0.0823097453 -0.0139000602 -0.0830051601 0.9964521527
182.7 -113.3 2318.4 0.9518111944 0.0169234164 0.3062173426 -0.0026337407 0.9988905787 -0.0470182896 -0.3066733181 0.0439460389 0.9507997632
176.0 -510.5 2300.9 0.9537315965 -0.0166155566 0.3001999557 -0.0499004312 0.9758760929 0.2125461251 -0.2964895368 -0.2176920623 0.9298946857
37.4 372.5 2142.7 0 0 0 0 0 0 0 0 0
253.7 -248.7 2220.6 0 0 0 0 0 0 0 0 0
-41.7 -793.5 2369.5 0 0 0 0 0 0 0 0 0
182.4 -883.5 2384.2 0 0 0 0 0 0 0 0 0
80.9 495.1 2310.4 6 0.9972193241 -0.0539561138 0.0514042303 0.0516654216 0.9976547956 0.0448955521 -0.0537060648 -0.0421148874 0.9976682663
91.9 291.1 2319.0 0.9972193241 -0.0539561138 0.0514042303 0.0516654216 0.9976547956 0.0448955521 -0.0537060648 -0.0421148874 0.9976682663
91.1 92.3 2321.6 0.9986274242 0.0043171006 0.0521975830 -0.0050005359 0.9999033809 0.0129697360 -0.0521365479 -0.0132129509 0.9985525608
-48.6 291.8 2326.4 0.2890181839 -0.8079640269 -0.5134808421 0.5701700449 0.5761412978 -0.5856341124 0.7690088153 -0.1235124841 0.6271921992
-114.2 162.2 2151.6 -0.5850041509 -0.8079640269 0.0704573840 -0.8094107509 0.5761412978 -0.1136462390 0.0512286685 -0.1235124841 -0.9910198450
232.4 290.3 2311.7 0.1487760097 0.4935293794 0.8569098115 -0.9875545502 0.1188501269 0.1030078009 -0.0510064662 -0.8615702987 0.5050692558
274.0 14.5 2297.4 -0.0802691057 0.5030809641 0.8605035543 -0.9552101493 0.2078669071 -0.2106298655 -0.2848340869 -0.8388687968 0.4638627768
-1.1 -108.7 2324.1 0.9968850613 0.0689017177 0.0383756794 -0.0710261688 0.9958409667 0.0570615493 -0.0342844352 -0.0596094877 0.9976328611
-28.5 -504.7 2347.8 0.9981495142 0.0460754223 0.0396812409 -0.0489938706 0.9959017634 0.0760212094 -0.0360159092 -0.0778246671 0.9963163137
182.3 -113.1 2319.0 0.9438102841 0.0151991984 0.3301379979 -0.0027154253 0.9992648363 -0.0382421203 -0.3304765522 0.0351968445 0.9431576729
176.2 -510.4 2305.0 0.9454801083 -0.0144123547 0.3253607452 -0.0480366722 0.9819222689 0.1830876470 -0.3221176863 -0.1887349784 0.9276956916
36.6 371.0 2138.4 0 0 0 0 0 0 0 0 0
251.9 -248.2 2219.1 0 0 0 0 0 0 0 0 0
-41.9 -793.7 2370.4 0 0 0 0 0 0 0 0 0
181.7 -885.7 2377.1 0 0 0 0 0 0 0 0 0
79.0 494.8 2309.1 7 0.9949893355 -0.0861733854 0.0506987944 0.0837252066 0.9953039289 0.0485814549 -0.0546471402 -0.0440932624 0.9975317121
96.9 288.6 2318.2 0.9949893355 -0.0861733854 0.0506987944 0.0837252066 0.9953039289 0.0485814549 -0.0546471402 -0.0440932624 0.9975317121
94.0 89.8 2320.3 0.9985380769 0.0143927606 0.0521015190 -0.0149120893 0.9998428226 0.0095926384 -0.0519552641 -0.0103555573 0.9985957146
-43.6 290.7 2325.5 0.3011421859 -0.8046066165 -0.5117827058 0.5569446683 0.5840501189 -0.5905066133 0.7740322948 -0.1072082147 0.6240035295
-112.2 163.9 2149.3 -0.5903449059 -0.8046066165 0.0640393794 -0.8062397242 0.5840501189 -0.0941434801 0.0383462608 -0.1072082147 -0.9934968352
237.4 286.4 2310.9 0.1384563297 0.4967878461 0.8567565084 -0.9896290302 0.1028248370 0.1003065407 -0.0382647738 -0.8617591858 0.5058724284
273.5 28.2 2300.9 -0.0757635161 0.5078510642 0.8581067324 -0.9563257694 0.2066450715 -0.2067336291 -0.2823134363 -0.8362925053 0.4700149000
-1.3 -106.0 2329.0 0.9969857931 0.0674609095 0.0383193940 -0.0692798942 0.9964268208 0.0483101122 -0.0349234305 -0.0508192591 0.9980970621
-28.2 -502.1 2349.2 0.9981050491 0.0470937192 0.0396034867 -0.0496907160 0.9964898229 0.0673715174 -0.0362916961 -0.0692117810 0.9969416261
181.8 -106.9 2319.4 0.9440434575 0.0148124434 0.3294882476 0.0004018169 0.9989386201 -0.0460594706 -0.3298207819 0.0436145365 0.9430355430
176.0 -504.1 2302.0 0.9461240172 -0.0153160151 0.3234420419 -0.0506667197 0.9795742631 0.1945949048 -0.3198159039 -0.2004986703 0.9260227084
38.2 369.3 2139.6 0 0 0 0 0 0 0 0 0
252.7 -234.8 2223.3 0 0 0 0 0 0 0 0 0
-41.9 -793.8 2369.4 0 0 0 0 0 0 0 0 0
181.8 -878.5 2378.7 0 0 0 0 0 0 0 0 0
77.8 493.7 2301.4 8 0.9934698343 -0.1018097997 0.0515023805 0.0976078510 0.9921314120 0.0784088969 -0.0590799265 -0.0728698373 0.9955900311
99.0 287.4 2316.6 0.9934698343 -0.1018097997 0.0515023805 0.0976078510 0.9921314120 0.0784088969 -0.0590799265 -0.0728698373 0.9955900311
94.5 88.7 2319.6 0.9982841611 0.0224546585 0.0540786311 -0.0232297294 0.9996356368 0.0137465615 -0.0537502542 -0.0149792070 0.9984420538
-41.5 290.7 2324.1 0.3145570755 -0.7960773706 -0.5170248747 0.5530719161 0.5963734984 -0.5817646384 0.7714695334 -0.1029537693 0.6278815269
-112.4 166.1 2150.3 -0.6017425656 -0.7960773706 0.0645500422 -0.7981433272 0.5963734984 -0.0854743943 0.0295482967 -0.1029537693 -0.9942471385
239.4 284.2 2309.0 0.1297787726 0.4953761399 0.8589295149 -0.9907553196 0.0993069038 0.0924228728 -0.0395135507 -0.8629835844 0.5036844611
274.0 20.6 2298.5 -0.0821095631 0.5071136355 0.8579590917 -0.9560474157 0.2030591369 -0.2115190625 -0.2814806402 -0.8376172781 0.4681515992
-0.4 -107.6 2327.1 0.9966831803 0.0704153851 0.0407966897 -0.0726122707 0.9958351254 0.0551346727 -0.0367444493 -0.0579141378 0.9976451397
-28.4 -503.5 2350.1 0.9980347753 0.0469762012 0.0414702073 -0.0495998040 0.9966723919 0.0646837428 -0.0382936150 -0.0666135401 0.9970437288
182.8 -110.3 2317.5 0.9435836077 0.0163372178 0.3307310641 0.0012850445 0.9985939860 -0.0529940948 -0.3311318457 0.0504293628 0.9422359467
176.3 -507.3 2297.5 0.9464195371 -0.0194246359 0.3223550618 -0.0567323007 0.9726653099 0.2251747549 -0.3179175258 -0.2313977331 0.9194474220
40.8 369.3 2142.8 0 0 0 0 0 0 0 0 0
251.4 -242.4 2221.1 0 0 0 0 0 0 0 0 0
-42.1 -794.7 2369.6 0 0 0 0 0 0 0 0 0
183.7 -879.0 2385.9 0 0 0 0 0 0 0 0 0
78.6 493.8 2305.6 9 0.9934114814 -0.1019602269 0.0523238927 0.0991134793 0.9935884476 0.0543927401 -0.0575343110 -0.0488483682 0.9971477389
99.9 286.4 2315.8 0.9934114814 -0.1019602269 0.0523238927 0.0991134793 0.9935884476 0.0543927401 -0.0575343110 -0.0488483682 0.9971477389
94.4 87.7 2318.8 0.9981640577 0.0277463272 0.0538395494 -0.0285217743 0.9994994402 0.0136882924 -0.0534327999 -0.0151987607 0.9984557629
-40.6 290.4 2323.3 0.3140967488 -0.7971580625 -0.5156376958 0.5521612167 0.5952054262 -0.5838223100 0.7723090053 -0.1013384536 0.6271119118
-111.4 166.0 2149.2 -0.5994931459 -0.7971580625 0.0717423260 -0.8002256751 0.5952054262 -0.0732759014 0.0157110542 -0.1013384536 -0.9947279692
240.4 282.4 2308.3 0.1256079823 0.4958423972 0.8592804670 -0.9912079573 0.0990314186 0.0877474174 -0.0415868759 -0.8627474308 0.5039220452
274.1 16.2 2297.1 -0.0844619498 0.5071439147 0.8577128053 -0.9571539760 0.1979895830 -0.2113205045 -0.2769881189 -0.8388117552 0.4686922133
-1.5 -107.8 2327.5 0.9969326854 0.0666244477 0.0410661697 -0.0689910278 0.9958596826 0.0591923892 -0.0369524844 -0.0618440248 0.9974015355
-28.0 -503.8 2352.0 0.9979675412 0.0489037670 0.0408562459 -0.0511570014 0.9971160889 0.0560573302 -0.0379970074 -0.0580334812 0.9975912571
181.6 -112.1 2317.6 0.9438060522 0.0134701142 0.3302252293 0.0033774294 0.9987238050 -0.0503915511 -0.3304826021 0.0486751609 0.9425560832
176.3 -509.2 2298.2 0.9468504786 -0.0200758372 0.3210469782 -0.0567241013 0.9719898105 0.2280748934 -0.3166331947 -0.2341639251 0.9191902280
41.0 369.3 2145.3 0 0 0 0 0 0 0 0 0
250.9 -247.1 2220.9 0 0 0 0 0 0 0 0 0
-42.3 -795.8 2369.0 0 0 0 0 0 0 0 0 0
183.9 -880.7 2387.7 0 0 0 0 0 0 0 0 0
77.9 492.5 2307.2 0 0.9931448698 -0.1079882309 0.0447415337 0.1057972834 0.9931921363 0.0487474017 -0.0497010872 -0.0436796993 0.9978085160
100.4 286.0 2316.3 0.9931448698 -0.1079882309 0.0447415337 0.1057972834 0.9931921363 0.0487474017 -0.0497010872 -0.0436796993 0.9978085160
94.8 87.3 2319.9 0.9985443354 0.0281286091 0.0460219197 -0.0289281271 0.9994403124 0.0167996101 -0.0455236137 -0.0181064829 0.9987991452
-40.2 290.1 2322.7 0.3268084526 -0.7988191843 -0.5050585866 0.5499575734 0.5953444242 -0.5857573152 0.7685980201 -0.0863303691 0.6338802576
-113.5 166.7 2150.2 -0.5997383595 -0.7988191843 0.0469241589 -0.7993360162 0.5953444242 -0.0814058334 0.0370924994 -0.0863303691 -0.9955758452
240.9 282.0 2309.9 0.1230447665 0.5014865398 0.8563709855 -0.9911643267 0.1051685363 0.0808259323 -0.0495301634 -0.8587495685 0.5099959970
274.2 13.8 2296.5 -0.0862631947 0.5123403668 0.8544390202 -0.9558265209 0.1993266195 -0.2160197794 -0.2809880972 -0.8353300095 0.4725139737
-2.7 -108.4 2326.7 0.9973050356 0.0652885512 0.0334675722 -0.0673669875 0.9955903292 0.0652806461 -0.0290579125 -0.0673593283 0.9973055720
-28.7 -504.2 2353.5 0.9984710813 0.0443515107 0.0329924189 -0.0462150201 0.9972435832 0.0580467395 -0.0303270184 -0.0594827347 0.9977685213
180.5 -113.6 2316.9 0.9463689327 0.0107334657 0.3229096532 0.0023442863 0.9991936088 -0.0400835648 -0.3230794668 0.0386908315 0.9455806017
176.2 -510.9 2301.5 0.9487827420 -0.0175277069 0.3154427409 -0.0516289771 0.9764350653 0.2095446736 -0.3116821945 -0.2150983512 0.9255198240
38.7 369.5 2140.8 0 0 0 0 0 0 0 0 0
250.5 -249.1 2219.2 0 0 0 0 0 0 0 0 0
-41.6 -794.6 2370.8 0 0 0 0 0 0 0 0 0
182.9 -884.1 2383.8 0 0 0 0 0 0 0 0 0
77.6 494.3 2307.5 1 0.9960196614 -0.0690603927 0.0563516133 0.0664532483 0.9966867566 0.0468990132 -0.0594037697 -0.0429675914 0.9973088503
91.7 291.1 2316.2 0.9960196614 -0.0690603927 0.0563516133 0.0664532483 0.9966867566 0.0468990132 -0.0594037697 -0.0429675914 0.9973088503
91.5 92.4 2321.3 0.9983693361 0.0011818479 0.0570726171 -0.0026521923 0.9996663332 0.0256938264 -0.0570232086 -0.0258032959 0.9980393648
-48.8 291.4 2324.3 0.2884376049 -0.8123573661 -0.5068325996 0.5637247562 0.5719417334 -0.5959002376 0.7739626169 -0.1138340607 0.6229154468
-113.6 164.8 2150.4 -0.5805460811 -0.8123573661 0.0551521704 -0.8116201162 0.5719417334 -0.1189766750 0.0651077479 -0.1138340607 -0.9913641214
232.1 290.7 2308.2 0.1484953016 0.4890138209 0.8595432639 -0.9880881906 0.1088635996 0.1087678149 -0.0403840132 -0.8654560447 0.4993545115
273.5 15.3 2297.0 -0.0867594555 0.4997109473 0.8618362546 -0.9558668733 0.2019948363 -0.2133462429 -0.2806979418 -0.8423105478 0.4601321816
-2.4 -108.7 2327.6 0.9969325662 0.0658142343 0.0423553586 -0.0681921318 0.9960203767 0.0573866814 -0.0384099409 -0.0600989535 0.9974531531
-28.6 -504.7 2351.5 0.9980258942 0.0459979326 0.0427604131 -0.0486629531 0.9967929125 0.0635277703 -0.0397011302 -0.0654832125 0.9970635772
180.8 -114.0 2319.3 0.9422214031 0.0117248874 0.3347855806 0.0027374465 0.9990844131 -0.0426942930 -0.3349796534 0.0411439314 0.9413266182
176.1 -511.3 2302.9 0.9447339177 -0.0166035537 0.3274173439 -0.0534868464 0.9775289297 0.2039027214 -0.3234454393 -0.2101463526 0.9226166606
34.6 372.0 2133.8 0 0 0 0 0 0 0 0 0
249.7 -247.6 2219.7 0 0 0 0 0 0 0 0 0
-42.1 -796.7 2370.7 0 0 0 0 0 0 0 0 0
182.5 -884.9 2383.3 0 0 0 0 0 0 0 0 0
77.0 495.0 2308.6 2 0.9964838028 -0.0529027134 0.0649718344 0.0503450632 0.9979147315 0.0403922610 -0.0669732094 -0.0369792208 0.9970692396
87.7 293.4 2316.1 0.9964838028 -0.0529027134 0.0649718344 0.0503450632 0.9979147315 0.0403922610 -0.0669732094 -0.0369792208 0.9970692396
90.7 94.7 2321.1 0.9977418184 -0.0150750363 0.0654524565 0.0133792991 0.9995653629 0.0262694210 -0.0658200234 -0.0253343917 0.9975098372
-52.7 291.5 2325.4 0.2730281949 -0.8197377324 -0.5034735799 0.5700471997 0.5594381094 -0.6017268300 0.7749205232 -0.1227153093 0.6200315952
-114.1 163.2 2151.0 -0.5704151988 -0.8197377324 0.0515420623 -0.8167335391 0.5594381094 -0.1413342208 0.0870223939 -0.1227153093 -0.9886192679
228.1 295.3 2306.8 0.1675010175 0.4818382263 0.8601019382 -0.9855707884 0.1034012735 0.1340090334 -0.0243649594 -0.8701379895 0.4922055006
273.3 29.4 2300.3 -0.0815856233 0.4921314418 0.8666893244 -0.9590746760 0.1978073269 -0.2026030570 -0.2711448371 -0.8477492929 0.4558525681
-0.3 -106.0 2331.7 0.9962456822 0.0709599704 0.0495909415 -0.0733068213 0.9961906672 0.0472251773 -0.0460509360 -0.0506832339 0.9976525307
-28.5 -502.1 2351.8 0.9977683425 0.0435043238 0.0506533496 -0.0466280244 0.9969730377 0.0622136109 -0.0477934666 -0.0644366369 0.9967766404
182.8 -106.5 2321.2 0.9389626384 0.0164149757 0.3436272442 0.0014761229 0.9986595511 -0.0517391898 -0.3440159261 0.0490884036 0.9376797676
176.3 -503.6 2301.7 0.9415171742 -0.0175513495 0.3365076482 -0.0546486266 0.9774686098 0.2038839608 -0.3325040936 -0.2103499174 0.9193443060
32.3 372.9 2128.6 0 0 0 0 0 0 0 0 0
250.8 -234.4 2225.7 0 0 0 0 0 0 0 0 0
-41.3 -795.3 2370.8 0 0 0 0 0 0 0 0 0
183.0 -877.2 2382.1 0 0 0 0 0 0 0 0 0
76.5 494.8 2301.2 3 0.9942554235 -0.0770299137 0.0743141547 0.0706863329 0.9939118028 0.0845150650 -0.0803719014 -0.0787765682 0.9936470985
92.6 287.1 2317.7 0.9942554235 -0.0770299137 0.0743141547 0.0706863329 0.9939118028 0.0845150650 -0.0803719014 -0.0787765682 0.9936470985
93.3 88.4 2320.9 0.9970213175 -0.0034006855 0.0770517662 0.0021233803 0.9998590946 0.0166531019 -0.0770975426 -0.0164398868 0.9968879819
-47.6 286.8 2328.5 0.2917211652 -0.8260053992 -0.4823005795 0.5483601689 0.5575676560 -0.6232330203 0.7837090492 -0.0826641619 0.6156027317
-113.6 162.9 2151.5 -0.5634475350 -0.8260053992 0.0155559629 -0.8208104968 0.5575676560 -0.1240499988 0.0937924683 -0.0826641619 -0.9921540022
232.9 287.4 2306.8 0.1584866345 0.4751433432 0.8655176163 -0.9871832132 0.0928951502 0.1297683865 -0.0187438037 -0.8749909997 0.4837761521
273.1 36.9 2302.1 -0.0692332163 0.4861949384 0.8711034656 -0.9604376554 0.2036290616 -0.1899861693 -0.2697522938 -0.8497939110 0.4528620541
2.2 -105.1 2332.2 0.9950416684 0.0779010057 0.0618341491 -0.0806123838 0.9958332777 0.0426344872 -0.0582552366 -0.0474076904 0.9971754551
-28.8 -501.1 2351.0 0.9971314073 0.0416675657 0.0631887615 -0.0454750694 0.9971580505 0.0600656085 -0.0605063960 -0.0627668202 0.9961923957
185.2 -102.7 2320.1 0.9349932075 0.0220416412 0.3539799750 -0.0052336780 0.9988157749 -0.0483702086 -0.3546269238 0.0433732010 0.9340013266
176.4 -499.8 2302.8 0.9369613528 -0.0169418920 0.3490220308 -0.0535167456 0.9800829291 0.1912417412 -0.3453105092 -0.1978646517 0.9173931479
31.0 373.6 2127.4 0 0 0 0 0 0 0 0 0
254.1 -227.2 2227.9 0 0 0 0 0 0 0 0 0
-41.0 -794.1 2369.5 0 0 0 0 0 0 0 0 0
182.9 -874.5 2378.5 0 0 0 0 0 0 0 0 0
76.2 493.3 2297.5 4 0.9928024411 -0.0958759487 0.0717711225 0.0881150216 0.9906199574 0.1044406220 -0.0811112523 -0.0973647907 0.9919380546
96.4 284.7 2318.0 0.9928024411 -0.0958759487 0.0717711225 0.0881150216 0.9906199574 0.1044406220 -0.0811112523 -0.0973647907 0.9919380546
95.4 86.0 2321.0 0.9971048832 0.0048865336 0.0758809224 -0.0060061850 0.9998763204 0.0145341810 -0.0758005157 -0.0149478577 0.9970109463
-43.9 285.5 2328.7 0.3139441311 -0.8156557679 -0.4859473109 0.5365353823 0.5746771097 -0.6179611683 0.7833063602 -0.0667226687 0.6180446744
-114.6 164.8 2152.3 -0.5783500671 -0.8156557679 0.0147269880 -0.8128862977 0.5746771097 -0.0946680903 0.0687533095 -0.0667226687 -0.9953999519
236.7 283.9 2307.3 0.1408351511 0.4763677120 0.8678935766 -0.9895597696 0.0948354304 0.1085251346 -0.0306091886 -0.8741167188 0.4847504795
273.7 23.9 2299.3 -0.0634606555 0.4875938892 0.8707611561 -0.9588553905 0.2121337205 -0.1886679232 -0.2767111063 -0.8469070196 0.4540698826
2.5 -110.5 2331.3 0.9950133562 0.0786546543 0.0613343343 -0.0815457404 0.9956006408 0.0461482257 -0.0574347302 -0.0509196557 0.9970498681
-28.8 -506.4 2351.5 0.9970936775 0.0431347229 0.0627982020 -0.0472027510 0.9967808723 0.0648059845 -0.0598006546 -0.0675818846 0.9959199429
185.4 -110.1 2317.1 0.9355406761 0.0182143729 0.3527490497 -0.0058848578 0.9993346930 -0.0359936655 -0.3531699777 0.0315976590 0.9350254536
178.2 -507.5 2304.6 0.9373024702 -0.0119061833 0.3483135402 -0.0549487136 0.9818678498 0.1814281046 -0.3441579938 -0.1891923845 0.9196529388
32.9 372.0 2134.8 0 0 0 0 0 0 0 0 0
256.2 -239.8 2223.2 0 0 0 0 0 0 0 0 0
-41.2 -793.6 2371.0 0 0 0 0 0 0 0 0 0
182.7 -882.8 2376.9 0 0 0 0 0 0 0 0 0
74.1 489.1 2293.1 5 0.9900342226 -0.1230083480 0.0685649961 0.1141757071 0.9861230254 0.1205207780 -0.0824385807 -0.1114912406 0.9903401136
99.6 284.3 2316.3 0.9900342226 -0.1230083480 0.0685649961 0.1141757071 0.9861230254 0.1205207780 -0.0824385807 -0.1114912406 0.9903401136
96.0 85.6 2320.8 0.9971088767 0.0180577394 0.0738093257 -0.0196788926 0.9995795488 0.0212961007 -0.0733937323 -0.0226870179 0.9970449805
-40.7 287.1 2326.6 0.3310802281 -0.8048982024 -0.4924680591 0.5444582105 0.5892128944 -0.5969870090 0.7706822753 -0.0704776719 0.6333101392
-114.4 166.0 2155.1 -0.5927180648 -0.8048982024 0.0287086740 -0.8040112257 0.5892128944 -0.0799630955 0.0474466309 -0.0704776719 -0.9963843226
239.9 281.6 2306.0 0.1298553497 0.4785627723 0.8683981299 -0.9910716414 0.0893587321 0.0989548415 -0.0302428547 -0.8734945059 0.4858936965
274.7 15.9 2297.9 -0.0585239865 0.4889955223 0.8703207970 -0.9620146155 0.2052440345 -0.1800075918 -0.2666510642 -0.8477961421 0.4584091604
3.0 -112.2 2330.9 0.9951372743 0.0782515034 0.0598203950 -0.0815446824 0.9951649308 0.0547472648 -0.0552471019 -0.0593590811 0.9967067242
-28.1 -507.9 2354.5 0.9969733953 0.0495684408 0.0598914027 -0.0529152155 0.9970471263 0.0556505956 -0.0569560379 -0.0586513318 0.9966524243
185.9 -113.3 2317.0 0.9364165068 0.0214933138 0.3502315879 -0.0119219692 0.9994947910 -0.0294620097 -0.3506878912 0.0234132614 0.9361996651
177.4 -510.7 2307.7 0.9376985431 -0.0126871997 0.3472181559 -0.0517575592 0.9830825925 0.1756980568 -0.3435732126 -0.1827229857 0.9211784601
36.6 370.7 2143.1 0 0 0 0 0 0 0 0 0
258.6 -248.7 2224.5 0 0 0 0 0 0 0 0 0
-42.4 -795.8 2371.4 0 0 0 0 0 0 0 0 0
182.2 -886.6 2377.5 0 0 0 0 0 0 0 0 0
74.5 491.7 2294.0 6 0.9898734689 -0.1294677556 0.0582120679 0.1219888180 0.9855457544 0.1175512150 -0.0725897476 -0.1092596054 0.9913591743
101.7 284.7 2316.9 0.9898734689 -0.1294677556 0.0582120679 0.1219888180 0.9855457544 0.1175512150 -0.0725897476 -0.1092596054 0.9913591743
96.8 86.0 2320.9 0.9976785779 0.0247636903 0.0634362772 -0.0259854719 0.9994909763 0.0185077619 -0.0629456714 -0.0201132204 0.9978142381
-38.7 288.4 2325.8 0.3405977190 -0.7988829613 -0.4957612455 0.5491992831 0.5970273018 -0.5847551227 0.7631338835 -0.0731054470 0.6420920491
-114.3 166.5 2156.4 -0.6007195115 -0.7988829613 0.0303659718 -0.7980851531 0.5970273018 -0.0813538060 0.0468628556 -0.0731054470 -0.9962226152
242.1 281.1 2308.0 0.1198224649 0.4877957404 0.8646952510 -0.9920557737 0.0924414918 0.0853225514 -0.0383137427 -0.8680494428 0.4949971437
274.5 13.0 2297.7 -0.0525218435 0.4979107380 0.8656364083 -0.9607905149 0.2111308277 -0.1797368973 -0.2722554505 -0.8411353230 0.4672989249
1.0 -111.2 2332.0 0.9960928559 0.0729628578 0.0497543775 -0.0755895749 0.9957225323 0.0531305000 -0.0456649996 -0.0566838235 0.9973472953
-28.1 -507.1 2354.6 0.9975297451 0.0495401770 0.0498012006 -0.0522076078 0.9971876144 0.0537696332 -0.0469973832 -0.0562368110 0.9973106980
183.9 -114.9 2318.6 0.9402529597 0.0120963231 0.3402618170 -0.0026212430 0.9995962381 -0.0282923542 -0.3404666483 0.0257100593 0.9399050474
179.1 -512.3 2308.3 0.9419106245 -0.0051443479 0.3358241916 -0.0559117682 0.9835288525 0.1718860716 -0.3311770260 -0.1806778461 0.9261086583
38.7 369.7 2144.5 0 0 0 0 0 0 0 0 0
260.1 -251.3 2222.8 0 0 0 0 0 0 0 0 0
-42.3 -794.3 2370.8 0 0 0 0 0 0 0 0 0
181.1 -888.3 2377.4 0 0 0 0 0 0 0 0 0
75.0 492.1 2302.4 7 0.9887285829 -0.1424491405 0.0460868776 0.1385573149 0.9872136116 0.0788108036 -0.0567241237 -0.0715368241 0.9958236814
104.9 285.2 2317.4 0.9887285829 -0.1424491405 0.0460868776 0.1385573149 0.9872136116 0.0788108036 -0.0567241237 -0.0715368241 0.9958236814
98.4 86.6 2322.5 0.9982602000 0.0326667912 0.0490856804 -0.0339023024 0.9991235137 0.0245521907 -0.0482406169 -0.0261735916 0.9984927773
-35.6 290.0 2324.1 0.3484496772 -0.8058633804 -0.4787138999 0.5598967075 0.5885436535 -0.5832083821 0.7517303228 -0.0648115873 0.6562781334
-114.3 163.6 2154.5 -0.5918615460 -0.8058633804 0.0168558136 -0.8038125634 0.5885436535 -0.0866126046 0.0598775484 -0.0648115873 -0.9960994720
245.3 280.5 2310.6 0.1074834689 0.4993814230 0.8596891761 -0.9929145575 0.0979916975 0.0672180951 -0.0506749339 -0.8608227372 0.5063756108
274.4 12.2 2296.9 -0.0475950465 0.5083037615 0.8598616123 -0.9612709284 0.2106432021 -0.1777291447 -0.2714644074 -0.8350189924 0.4785920680
0.3 -110.3 2330.7 0.9967035055 0.0727479309 0.0359152481 -0.0748882219 0.9952401519 0.0623603687 -0.0312077086 -0.0648444220 0.9974072576
-28.6 -506.0 2356.4 0.9983459711 0.0458565652 0.0346771069 -0.0474131405 0.9978392720 0.0454833992 -0.0325164683 -0.0470523201 0.9983630180
183.4 -115.0 2319.1 0.9452570677 0.0103282994 0.3261630833 0.0021390836 0.9992814064 -0.0378426090 -0.3263195455 0.0364686847 0.9445557594
179.3 -512.3 2304.6 0.9475372434 -0.0023425652 0.3196367323 -0.0634863824 0.9786720276 0.1953727901 -0.3132771850 -0.2054155767 0.9271795154
37.2 369.4 2139.1 0 0 0 0 0 0 0 0 0
261.3 -252.2 2222.2 0 0 0 0 0 0 0 0 0
-41.9 -795.4 2370.1 0 0 0 0 0 0 0 0 0
180.2 -886.4 2383.1 0 0 0 0 0 0 0 0 0
75.7 492.5 2304.6 8 0.9877188206 -0.1519191265 0.0364985876 0.1488021314 0.9858861566 0.0767232329 -0.0476391762 -0.0703499094 0.9963841438
107.8 284.1 2319.4 0.9877188206 -0.1519191265 0.0364985876 0.1488021314 0.9858861566 0.0767232329 -0.0476391762 -0.0703499094 0.9963841438
100.1 85.5 2321.9 0.9984436631 0.0385838859 0.0402682126 -0.0390438214 0.9991802573 0.0106982384 -0.0398224220 -0.0122538134 0.9991316199
-32.7 289.6 2325.1 0.3596631289 -0.8095467091 -0.4639790058 0.5560448170 0.5852708817 -0.5901458859 0.7493040562 -0.0457394011 0.6606445909
-114.5 163.1 2154.6 -0.5870553851 -0.8095467091 -0.0002991201 -0.8070459962 0.5852708817 -0.0783244818 0.0635823905 -0.0457394011 -0.9969278574
248.3 278.6 2313.8 0.0957175940 0.5081499219 0.8559332490 -0.9935306907 0.1015641838 0.0508083217 -0.0611139163 -0.8552592397 0.5145840645
274.0 11.5 2297.4 -0.0396171622 0.5158299208 0.8557744622 -0.9623953700 0.2106513530 -0.1715260744 -0.2687483430 -0.8303887844 0.4880869389
0.3 -108.9 2332.2 0.9969751239 0.0722527504 0.0286374055 -0.0740079284 0.9950785637 0.0658894926 -0.0237357710 -0.0678095818 0.9974159002
-28.5 -504.5 2359.1 0.9986571670 0.0446545966 0.0262641981 -0.0455212295 0.9984055161 0.0333802253 -0.0247317404 -0.0345309824 0.9990975857
183.4 -115.1 2323.3 0.9481756091 0.0139335291 0.3174411654 0.0033211207 0.9985489249 -0.0537495390 -0.3177294433 0.0520182624 0.9467534423
177.9 -512.1 2302.6 0.9507641196 -0.0113755027 0.3097065687 -0.0579974614 0.9751405716 0.2138625085 -0.3044402301 -0.2212949842 0.9264689088
36.4 370.7 2138.3 0 0 0 0 0 0 0 0 0
263.1 -253.2 2223.5 0 0 0 0 0 0 0 0 0
-41.5 -796.6 2369.2 0 0 0 0 0 0 0 0 0
182.2 -884.8 2387.2 0 0 0 0 0 0 0 0 0
74.9 493.2 2307.7 9 0.9924173951 -0.0959064364 0.0768744648 0.0913421810 0.9939589500 0.0608458705 -0.0822455660 -0.0533626191 0.9951824546
94.6 289.3 2318.6 0.9924173951 -0.0959064364 0.0768744648 0.0913421810 0.9939589500 0.0608458705 -0.0822455660 -0.0533626191 0.9951824546
93.9 90.7 2322.7 0.9968902469 0.0035533898 0.0787224174 -0.0052181860 0.9997668862 0.0209520683 -0.0786296129 -0.0212977007 0.9966763854
-45.5 290.1 2329.7 0.3037356138 -0.8185682297 -0.4875354171 0.5621362329 0.5671200752 -0.6019781828 0.7692512870 -0.0912191197 0.6324014068
-114.5 162.3 2154.9 -0.5740236640 -0.8185682297 0.0210452434 -0.8134562373 0.5671200752 -0.1290882826 0.0937323868 -0.0912191197 -0.9914097786
234.7 288.6 2307.5 0.1419187784 0.4726663828 0.8697387576 -0.9893419147 0.0966498107 0.1089098081 -0.0325820819 -0.8759254217 0.4813451171
275.0 7.8 2298.3 -0.0381713137 0.4822352231 0.8752097487 -0.9590777755 0.2282253355 -0.1675798893 -0.2805579603 -0.8457909822 0.4537894130
0.8 -109.5 2327.9 0.9950165749 0.0760200918 0.0645207614 -0.0801894888 0.9946777225 0.0646982566 -0.0592589974 -0.0695497245 0.9958168268
-29.4 -505.0 2355.6 0.9971532226 0.0416876860 0.0628299639 -0.0444217101 0.9980971217 0.0427644365 -0.0609276593 -0.0454337075 0.9971076250
184.0 -116.7 2320.6 0.9344394803 0.0169877708 0.3557165563 -0.0004930493 0.9989223480 -0.0464098155 -0.3561216295 0.0431917757 0.9334408641
177.3 -513.9 2303.5 0.9374755025 -0.0159130506 0.3476873040 -0.0641768053 0.9739223123 0.2176158130 -0.3420833647 -0.2263229638 0.9120070934
33.5 372.1 2130.7 0 0 0 0 0 0 0 0 0
264.5 -255.9 2221.1 0 0 0 0 0 0 0 0 0
-41.7 -800.2 2369.0 0 0 0 0 0 0 0 0 0
183.4 -886.1 2390.0 0 0 0 0 0 0 0 0 0
74.9 492.1 2300.7 0 0.9917240739 -0.0943322703 0.0870906636 0.0857602805 0.9915420413 0.0974143296 -0.0955433697 -0.0891392156 0.9914260507
94.4 287.3 2319.1 0.9917240739 -0.0943322703 0.0870906636 0.0857602805 0.9915420413 0.0974143296 -0.0955433697 -0.0891392156 0.9914260507
93.9 88.6 2321.9 0.9958525896 0.0025722035 0.0909448639 -0.0038399729 0.9998978376 0.0137677509 -0.0909001604 -0.0140598770 0.9957607388
-45.6 287.9 2331.9 0.2981757820 -0.8184863329 -0.4910920262 0.5510318875 0.5677094460 -0.6116124988 0.7793940306 -0.0882393271 0.6202892065
-113.8 162.0 2153.9 -0.5739303231 -0.8184863329 0.0261563435 -0.8149288297 0.5677094460 -0.1166060865 0.0805912763 -0.0882393271 -0.9928337336
234.5 286.8 2306.3 0.1499819160 0.4650410116 0.8724920154 -0.9886128902 0.0814705342 0.1265191138 -0.0122458087 -0.8815324306 0.4719646573
274.1 25.3 2303.1 -0.0304503329 0.4750818610 0.8794145584 -0.9606496692 0.2291117609 -0.1570350826 -0.2760887444 -0.8495910764 0.4494107068
1.9 -107.4 2334.0 0.9941576123 0.0768098012 0.0758348405 -0.0804441944 0.9956929684 0.0460900106 -0.0719680563 -0.0519212075 0.9960545897
-28.6 -503.3 2354.7 0.9960967898 0.0448703431 0.0760121047 -0.0486326963 0.9976438284 0.0483903289 -0.0736617148 -0.0518981256 0.9959319830
184.6 -108.4 2319.6 0.9298889041 0.0162953734 0.3674794436 -0.0035167548 0.9993664622 -0.0354165621 -0.3678237498 0.0316411294 0.9293570518
178.1 -505.7 2307.0 0.9322724342 -0.0104518933 0.3616058826 -0.0635181293 0.9793244004 0.1920654476 -0.3561369181 -0.2020258605 0.9123333097
34.1 372.0 2133.1 0 0 0 0 0 0 0 0 0
265.8 -239.0 2227.2 0 0 0 0 0 0 0 0 0
-41.9 -797.8 2370.0 0 0 0 0 0 0 0 0 0
182.1 -880.0 2384.2 0 0 0 0 0 0 0 0 0
75.6 488.1 2297.3 1 0.9907979965 -0.0999697819 0.0912436619 0.0893685967 0.9894894958 0.1136827618 -0.1016494855 -0.1044823304 0.9893183708
96.0 285.9 2318.6 0.9907979965 -0.0999697819 0.0912436619 0.0893685967 0.9894894958 0.1136827618 -0.1016494855 -0.1044823304 0.9893183708
94.4 87.1 2321.4 0.9953610301 0.0081333453 0.0958659723 -0.0094756214 0.9998632073 0.0135546746 -0.0957426131 -0.0144001851 0.9953019619
-44.0 287.2 2332.1 0.3089388907 -0.8129845262 -0.4935715795 0.5431030393 0.5768252015 -0.6101735830 0.7807661891 -0.0795538798 0.6197381020
-114.0 164.1 2155.2 -0.5820327401 -0.8129845262 0.0171477366 -0.8090353608 0.5768252015 -0.1128471866 0.0818517730 -0.0795538798 -0.9934643507
236.0 284.5 2305.1 0.1430992633 0.4623349011 0.8750823140 -0.9896987081 0.0707482323 0.1244634613 -0.0043667243 -0.8838784695 0.4676962495
273.6 24.8 2304.0 -0.0226684548 0.4735775292 0.8804603815 -0.9579079747 0.2418102175 -0.1547260731 -0.2861790955 -0.8469073772 0.4481622279
2.1 -109.7 2332.9 0.9937633872 0.0762916952 0.0813257173 -0.0805794671 0.9954522848 0.0508102737 -0.0770794675 -0.0570465736 0.9953916073
-28.2 -505.5 2355.6 0.9955875874 0.0475059524 0.0809231699 -0.0513081737 0.9976425767 0.0455718674 -0.0785674676 -0.0495228022 0.9956780076
184.7 -110.5 2316.2 0.9281322956 0.0177217480 0.3718284667 -0.0048940410 0.9993607402 -0.0354144499 -0.3722183704 0.0310495514 0.9276256561
177.7 -507.8 2303.9 0.9308245182 -0.0125738513 0.3652500808 -0.0672424734 0.9764537215 0.2049793601 -0.3592271805 -0.2153601348 0.9080615640
34.6 370.7 2134.3 0 0 0 0 0 0 0 0 0
267.3 -238.6 2225.3 0 0 0 0 0 0 0 0 0
-42.2 -798.8 2370.2 0 0 0 0 0 0 0 0 0
182.5 -881.0 2386.2 0 0 0 0 0 0 0 0 0
77.6 488.2 2296.0 2 0.9915351272 -0.1050130278 0.0763569400 0.0956256837 0.9884409904 0.1176442057 -0.0878285021 -0.1093466803 0.9901158810
99.2 285.8 2318.4 0.9915351272 -0.1050130278 0.0763569400 0.0956256837 0.9884409904 0.1176442057 -0.0878285021 -0.1093466803 0.9901158810
95.1 87.0 2320.5 0.9965105653 0.0202157255 0.0809814036 -0.0210302621 0.9997363687 0.0092179496 -0.0807737038 -0.0108888447 0.9966729879
-41.0 288.7 2329.8 0.2998444140 -0.8080649376 -0.5070743561 0.5410274863 0.5818245411 -0.6072638631 0.7857369781 -0.0922564939 0.6116421819
-109.0 166.2 2151.8 -0.5876390934 -0.8080649376 0.0413683653 -0.8071214557 0.5818245411 -0.1001757756 0.0568793975 -0.0922564939 -0.9941093922
239.4 282.8 2307.0 0.1310930103 0.4745814502 0.8703947663 -0.9911299348 0.0820650235 0.1045314968 -0.0218202565 -0.8763776422 0.4811300337
274.2 19.2 2301.2 -0.0285789818 0.4842011034 0.8744898438 -0.9610210061 0.2273667753 -0.1572988480 -0.2749942243 -0.8448985815 0.4588295221
1.5 -110.8 2333.1 0.9952055216 0.0712796673 0.0669713318 -0.0745532364 0.9960745573 0.0477209091 -0.0633069128 -0.0524850413 0.9966130257
-26.9 -506.8 2353.9 0.9964139462 0.0514419228 0.0671785250 -0.0548957400 0.9972081184 0.0506200306 -0.0643869862 -0.0541263185 0.9964560270
184.1 -112.5 2315.5 0.9337865710 0.0188729726 0.3573324680 -0.0037878444 0.9990735054 -0.0428688973 -0.3578104675 0.0386768803 0.9329929352
176.6 -509.7 2300.1 0.9366271496 -0.0153999003 0.3499891758 -0.0653951317 0.9737876654 0.2178555578 -0.3441701233 -0.2269370109 0.9110689163
39.3 369.9 2137.5 0 0 0 0 0 0 0 0 0
266.4 -245.1 2225.6 0 0 0 0 0 0 0 0 0
-41.8 -795.9 2369.6 0 0 0 0 0 0 0 0 0
182.5 -882.0 2386.9 0 0 0 0 0 0 0 0 0
77.2 489.6 2302.4 3 0.9875709414 -0.1456141174 0.0591620915 0.1409471184 0.9870479703 0.0766173378 -0.0695523843 -0.0673263371 0.9953038096
108.0 281.2 2316.6 0.9875709414 -0.1456141174 0.0591620915 0.1409471184 0.9870479703 0.0766173378 -0.0695523843 -0.0673263371 0.9953038096
99.2 82.7 2319.5 0.9970667362 0.0442442372 0.0624530166 -0.0450866669 0.9989092350 0.0121441353 -0.0618475899 -0.0149243120 0.9979740381
-32.3 287.5 2325.3 0.3300282955 -0.8068310022 -0.4900052249 0.5362006426 0.5874456763 -0.6061323285 0.7768977880 -0.0627003089 0.6264970303
-107.3 165.5 2148.6 -0.5904921889 -0.8068310022 0.0185138024 -0.8052060008 0.5874456763 -0.0809373707 0.0544269234 -0.0627003089 -0.9965472221
248.2 274.8 2307.9 0.1004520580 0.4916496575 0.8649797440 -0.9944402575 0.0772162750 0.0715973005 -0.0315897241 -0.8673627973 0.4966727495
274.4 15.5 2299.7 -0.0298099741 0.5005598664 0.8651885390 -0.9646187425 0.2124381512 -0.1561431736 -0.2619580626 -0.8392316699 0.4765166640
-0.3 -109.7 2330.1 0.9963859320 0.0684854537 0.0502471142 -0.0715332255 0.9955344200 0.0615969934 -0.0458042361 -0.0649687201 0.9968355298
-27.5 -505.5 2355.9 0.9976037741 0.0487378389 0.0491047949 -0.0509608239 0.9976825714 0.0450836606 -0.0467937179 -0.0474780500 0.9977756143
182.5 -113.6 2315.3 0.9407815337 0.0104617588 0.3388518989 0.0027066481 0.9992600679 -0.0383659713 -0.3390025496 0.0370111503 0.9400571585
178.4 -510.9 2300.5 0.9437362552 -0.0082919290 0.3305950761 -0.0664493516 0.9745416045 0.2141335309 -0.3239542246 -0.2240534127 0.9191592336
42.0 369.2 2134.8 0 0 0 0 0 0 0 0 0
266.2 -249.8 2227.6 0 0 0 0 0 0 0 0 0
-41.7 -796.4 2369.8 0 0 0 0 0 0 0 0 0
181.5 -883.5 2386.2 0 0 0 0 0 0 0 0 0
77.4 490.4 2305.1 4 0.9819777608 -0.1875709891 0.0231702346 0.1862675399 0.9812563062 0.0494013652 -0.0320021994 -0.0441951789 0.9985102415
118.3 276.3 2314.7 0.9819777608 -0.1875709891 0.0231702346 0.1862675399 0.9812563062 0.0494013652 -0.0320021994 -0.0441951789 0.9985102415
102.5 78.4 2319.7 0.9965549111 0.0792192146 0.0245496314 -0.0798128024 0.9965155125 0.0242228881 -0.0225451700 -0.0260988120 0.9994050860
-21.7 287.5 2317.9 0.3821802437 -0.8073012829 -0.4496697783 0.5458614826 0.5898637772 -0.5950596333 0.7456362844 -0.0180373844 0.6661089659
-108.5 163.6 2148.6 -0.5899998546 -0.8073012829 -0.0128370132 -0.8060683012 0.5898637772 -0.0481100008 0.0464113541 -0.0180373844 -0.9987595677
258.3 265.1 2311.6 0.0590639375 0.5249390602 0.8490880132 -0.9966648817 0.0789874718 0.0204965081 -0.0563078970 -0.8474667668 0.5278536677
273.7 6.7 2297.0 -0.0347290188 0.5335947871 0.8450269103 -0.9648669958 0.2024373114 -0.1674838811 -0.2604334950 -0.8211551309 0.5078175664
-1.0 -111.7 2328.1 0.9975921512 0.0680250451 0.0135101918 -0.0687830001 0.9953681231 0.0671652928 -0.0088786921 -0.0679328367 0.9976503849
-28.1 -507.5 2355.1 0.9987280369 0.0489348881 0.0121507654 -0.0494577959 0.9976555705 0.0472996086 -0.0098076779 -0.0478403941 0.9988068342
181.8 -120.0 2316.8 0.9536077976 0.0016793062 0.3010471165 0.0098979790 0.9992689490 -0.0369273350 -0.3008890450 0.0381939523 0.9528940320
181.1 -517.3 2301.6 0.9563660622 0.0020469511 0.2921639085 -0.0664352849 0.9753046036 0.2106353641 -0.2845176458 -0.2208545059 0.9328842163
41.8 368.9 2136.8 0 0 0 0 0 0 0 0 0
264.1 -258.7 2225.4 0 0 0 0 0 0 0 0 0
-42.3 -797.6 2369.0 0 0 0 0 0 0 0 0 0
180.4 -890.1 2386.0 0 0 0 0 0 0 0 0 0
78.3 492.8 2306.9 5 0.9926586151 -0.1081781015 0.0540959947 0.1058114916 0.9933739305 0.0448576622 -0.0585901663 -0.0388043672 0.9975276589
100.8 285.8 2315.0 0.9926586151 -0.1081781015 0.0540959947 0.1058114916 0.9933739305 0.0448576622 -0.0585901663 -0.0388043672 0.9975276589
94.7 87.4 2320.3 0.9980290532 0.0305164848 0.0548335761 -0.0319756828 0.9991521239 0.0259339213 -0.0539956726 -0.0276361480 0.9981586337
-39.3 290.2 2322.6 0.3136092424 -0.8110377192 -0.4938289523 0.5650575757 0.5773584843 -0.5893785954 0.7631245852 -0.0942072049 0.6393479705
-110.3 162.2 2149.7 -0.5835884213 -0.8110377192 0.0405259430 -0.8096851110 0.5773584843 -0.1052007750 0.0619237982 -0.0942072049 -0.9936249256
240.9 281.3 2307.4 0.1112069935 0.4949276745 0.8617886305 -0.9929419160 0.0913064703 0.0756937116 -0.0412239656 -0.8641236424 0.5015883446
273.1 -6.2 2295.5 -0.0434240289 0.5048364401 0.8621221185 -0.9600218534 0.2177731395 -0.1758774519 -0.2765363753 -0.8352933526 0.4751974344
-4.5 -112.3 2326.8 0.9973698258 0.0594630614 0.0414441787 -0.0619567521 0.9961676598 0.0617364570 -0.0376143120 -0.0641418248 0.9972316623
