-42.6 460.2 1857.7 15 0.9872930050 0.1134258360 -0.1112973541 -0.1226092204 0.9892698526 -0.0794490278 0.1010915413 0.0920855477 0.9906062484
-74.5 182.2 1831.8 0.9872930050 0.1134258360 -0.1112973541 -0.1226092204 0.9892698526 -0.0794490278 0.1010915413 0.0920855477 0.9906062484
-53.1 -7.6 1874.8 0.9878238440 -0.1093185097 -0.1106954440 0.1305496395 0.9694647789 0.2075930685 0.0846215710 -0.2195166349 0.9719319344
-215.3 163.6 1819.8 0.0393249802 -0.7630270123 -0.6451691985 0.9971905947 -0.0112269940 0.0740596429 -0.0637528226 -0.6462690830 0.7604418993
-225.9 -107.1 1837.1 -0.2726571560 -0.7675594091 -0.5800954103 0.9032446742 0.0034522500 -0.4291120470 0.3313716054 -0.6409685016 0.6923526525
66.3 200.9 1843.9 0.6234358549 0.6991566420 0.3500109911 -0.2230676413 0.5880993009 -0.7774188519 -0.7493787408 0.4065946639 0.5226014256
187.9 157.3 1697.7 -0.6309227943 0.6991566420 0.3363278806 0.7750065923 0.5880993009 0.2313093692 -0.0360727012 0.4065946639 -0.9128962159
-116.9 -207.2 1911.6 0.9722623229 0.1292407364 -0.1949431002 -0.1772380322 0.9509580135 -0.2535065413 0.1526193172 0.2810261846 0.9474869967
-167.5 -579.6 1801.5 0.9879027605 0.0000000000 -0.1550744623 -0.0000000000 1.0000000000 -0.0000000000 0.1550744623 0.0000000000 0.9879027605
61.7 -182.5 1924.5 0.9074588418 0.0548575744 -0.4165442586 -0.1540246755 0.9658502936 -0.2083496600 0.3908898532 0.2532268465 0.8849188089
40.2 -560.7 1825.4 0.9184182882 0.0000000000 -0.3956106603 0.0000000000 1.0000000000 0.0000000000 0.3956106603 0.0000000000 0.9184182882
-149.1 -361.6 1743.7 0 0 0 0 0 0 0 0 0
26.2 356.0 1688.5 0 0 0 0 0 0 0 0 0
-167.5 -956.2 1801.5 0 0 0 0 0 0 0 0 0
40.2 -937.4 1825.4 0 0 0 0 0 0 0 0 0
-42.4 458.5 1856.5 16 0.9961111546 0.0879806280 -0.0046879714 -0.0880996436 0.9952448606 -0.0415469594 0.0010103517 0.0417983979 0.9991255403
-63.6 219.4 1846.4 0.9961111546 0.0879806280 -0.0046879714 -0.0880996436 0.9952448606 -0.0415469594 0.0010103517 0.0417983979 0.9991255403
-58.2 26.7 1870.7 0.9994648695 -0.0327098332 -0.0001827405 0.0324936733 0.9921871424 0.1204525083 -0.0037586684 -0.1203939915 0.9927190542
-204.7 214.2 1847.6 0.0707691461 -0.8209083676 -0.5666579008 0.9970009327 0.0760484189 0.0143439677 0.0313183554 -0.5659735799 0.8238282800
-227.7 -109.2 1837.5 -0.2865067422 -0.7935609818 -0.5368192196 0.8972395658 -0.0257566422 -0.4407921731 0.3359687924 -0.6079453826 0.7193937302
77.6 224.6 1845.3 0.5688718557 0.7417315841 0.3552733064 -0.3610135913 0.6133499742 -0.7024748921 -0.7389546633 0.2713597119 0.6166927218
190.7 152.8 1698.3 -0.6200158596 0.7417315841 0.2557628453 0.7813419104 0.6133499742 0.1153542623 -0.0713102296 0.2713597119 -0.9598326683
-130.1 -189.9 1903.6 0.9890559316 0.0926336944 -0.1148364469 -0.1177016646 0.9647104144 -0.2355422825 0.0889647603 0.2464809269 0.9650556445
-167.9 -583.1 1803.2 0.9959789515 0.0000000000 -0.0895874873 -0.0000000000 1.0000000000 0.0000000000 0.0895874873 0.0000000000 0.9959789515
49.4 -174.9 1911.6 0.9379034042 0.0209564660 -0.3462629020 -0.0944464356 0.9758922458 -0.1967591047 0.3337919116 0.2172443271 0.9172719717
41.0 -563.8 1825.0 0.9421147108 0.0000000000 -0.3352907002 0.0000000000 1.0000000000 0.0000000000 0.3352907002 0.0000000000 0.9421147108
-147.0 -361.9 1742.8 0 0 0 0 0 0 0 0 0
32.3 352.5 1680.1 0 0 0 0 0 0 0 0 0
-167.9 -959.7 1803.2 0 0 0 0 0 0 0 0 0
41.0 -940.5 1825.0 0 0 0 0 0 0 0 0 0
-42.7 457.7 1859.9 17 0.9973422885 0.0726572350 -0.0054124324 -0.0727222785 0.9972676635 -0.0129866414 0.0044540707 0.0133457305 0.9999009967
-58.7 238.9 1857.0 0.9973422885 0.0726572350 -0.0054124324 -0.0727222785 0.9972676635 -0.0129866414 0.0044540707 0.0133457305 0.9999009967
-61.3 44.8 1871.0 0.9999389648 0.0108775394 -0.0019330911 -0.0107153049 0.9974825978 0.0700975284 0.0026907134 -0.0700725317 0.9975382686
-200.4 240.1 1857.0 0.1131195650 -0.8182989955 -0.5635519028 0.9935811162 0.0927362069 0.0647811070 -0.0007486439 -0.5672625303 0.8235366940
-233.6 -51.2 1857.3 -0.2386363149 -0.8002591729 -0.5501254201 0.9109400511 0.0118352445 -0.4123689532 0.3365129232 -0.5995374918 0.7261638045
83.1 237.6 1856.9 0.5168336630 0.7657447457 0.3827766478 -0.4173908532 0.6157744527 -0.6682863832 -0.7474408746 0.1856254041 0.6378678083
191.8 149.8 1699.6 -0.6072597504 0.7657447457 0.2118267566 0.7873106599 0.6157744527 0.0310442857 -0.1066655144 0.1856254041 -0.9768140316
-147.0 -159.6 1892.4 0.9916886091 0.0363987423 -0.1234049872 -0.0590311140 0.9809563756 -0.1850403696 0.1143196672 0.1907871664 0.9749519229
-161.5 -550.3 1816.4 0.9934210181 0.0000000000 -0.1145193726 -0.0000000000 1.0000000000 0.0000000000 0.1145193726 0.0000000000 0.9934210181
32.6 -157.3 1887.2 0.9317879081 -0.0462692194 -0.3600423038 -0.0003221740 0.9917376041 -0.1282824874 0.3630030453 0.1196480691 0.9240742326
50.7 -546.3 1840.3 0.9317879677 0.0000000000 -0.3630030453 0.0000000000 1.0000000000 0.0000000000 0.3630030453 0.0000000000 0.9317879677
-166.4 -307.5 1762.6 0 0 0 0 0 0 0 0 0
37.1 350.4 1672.4 0 0 0 0 0 0 0 0 0
-161.5 -926.9 1816.4 0 0 0 0 0 0 0 0 0
50.7 -922.9 1840.3 0 0 0 0 0 0 0 0 0
-42.8 454.0 1857.1 18 0.9977613091 0.0566780455 -0.0354965627 -0.0561685972 0.9983057380 0.0151892500 0.0362973176 -0.0131614534 0.9992543459
-54.6 245.5 1859.8 0.9977613091 0.0566780455 -0.0354965627 -0.0561685972 0.9983057380 0.0151892500 0.0362973176 -0.0131614534 0.9992543459
-59.8 50.6 1870.4 0.9990985990 0.0255849734 -0.0338739827 -0.0237125363 0.9982283711 0.0545694679 0.0352101289 -0.0537170395 0.9979352355
-196.5 248.7 1855.1 0.1499171704 -0.7555684447 -0.6376841664 0.9877765775 0.0866136104 0.1295973361 -0.0426875278 -0.6493183970 0.7593177557
-237.4 -20.7 1866.7 -0.1911990196 -0.7555684447 -0.6265454888 0.9188999534 0.0866136104 -0.3848647773 0.3450590670 -0.6493183970 0.6777313948
87.3 242.2 1864.6 0.4801620543 0.7785719037 0.4040670395 -0.4277106225 0.6099798679 -0.6670743823 -0.7658380866 0.1474800408 0.6258926988
190.6 150.2 1699.9 -0.5988143086 0.7785719037 0.1877423525 0.7924140096 0.6099798679 -0.0021536329 -0.1161958054 0.1474800408 -0.9822159410
-156.1 -143.7 1883.4 0.9875693321 0.0091963504 -0.1569148302 -0.0359622948 0.9850274920 -0.1686048359 0.1530148834 0.1721519828 0.9731136560
-159.8 -532.6 1815.4 0.9882085323 0.0000000000 -0.1531139165 -0.0000000000 1.0000000000 0.0000000000 0.1531139165 0.0000000000 0.9882085323
23.9 -147.4 1881.4 0.9158661366 -0.0852810889 -0.3923217356 0.0366635248 0.9908622503 -0.1297989041 0.3998062015 0.1044945195 0.9106239080
57.3 -535.5 1840.5 0.9164823294 0.0000000000 -0.4000751674 0.0000000000 1.0000000000 0.0000000000 0.4000751674 0.0000000000 0.9164823294
-183.6 -279.1 1769.7 0 0 0 0 0 0 0 0 0
39.6 350.0 1670.6 0 0 0 0 0 0 0 0 0
-159.8 -909.2 1815.4 0 0 0 0 0 0 0 0 0
57.3 -912.2 1840.5 0 0 0 0 0 0 0 0 0
-42.8 452.7 1856.7 19 0.9934245348 0.0570660718 -0.0992530286 -0.0572554953 0.9983591437 0.0009412198 0.0991438776 0.0047477507 0.9950617552
-55.8 225.2 1855.6 0.9934245348 0.0570660718 -0.0992530286 -0.0572554953 0.9983591437 0.0009412198 0.0991438776 0.0047477507 0.9950617552
-51.9 30.2 1866.3 0.9949418306 -0.0204983857 -0.0983390585 0.0255949199 0.9983783960 0.0508476533 0.0971372947 -0.0531074367 0.9938530922
-196.9 221.5 1841.9 0.1742548048 -0.8295921087 -0.5304830074 0.9764673710 0.0760597214 0.2018077672 -0.1270697415 -0.5531653166 0.8233233690
-238.1 -9.4 1872.0 -0.1461075991 -0.8295921087 -0.5389151573 0.9265918732 0.0760597214 -0.3682966530 0.3465257287 -0.5531653166 0.7575803995
85.3 228.9 1869.3 0.4862262905 0.7801386118 0.3936593831 -0.3662764132 0.5909662843 -0.7187492251 -0.7933634520 0.2052866369 0.5730897188
189.1 150.7 1700.0 -0.5832619667 0.7801386118 0.2262502313 0.8057327867 0.5909662843 0.0394152366 -0.1029569060 0.2052866369 -0.9732714295
-151.3 -147.2 1875.6 0.9779036641 0.0074513196 -0.2089231908 -0.0406489521 0.9870682955 -0.1550607979 0.2050660551 0.1601270288 0.9655606151
-154.2 -527.8 1813.8 0.9787125587 0.0000000000 -0.2052356750 -0.0000000000 1.0000000000 0.0000000000 0.2052356750 0.0000000000 0.9787125587
24.0 -144.9 1882.3 0.8922175169 -0.0903609097 -0.4424734712 0.0311278589 0.9897527099 -0.1393578053 0.4505318403 0.1105642319 0.8858875036
59.4 -532.6 1839.0 0.8926501274 0.0000000000 -0.4507502615 0.0000000000 1.0000000000 0.0000000000 0.4507502615 0.0000000000 0.8926501274
-197.0 -269.9 1774.5 0 0 0 0 0 0 0 0 0
42.5 353.1 1674.1 0 0 0 0 0 0 0 0 0
-154.2 -904.4 1813.8 0 0 0 0 0 0 0 0 0
59.4 -909.3 1839.0 0 0 0 0 0 0 0 0 0
-43.4 453.7 1860.0 20 0.9965714812 0.0366667807 -0.0741676316 -0.0361266620 0.9993101358 0.0086113410 0.0744322166 -0.0059023881 0.9972085953
-51.2 240.5 1861.2 0.9965714812 0.0366667807 -0.0741676316 -0.0361266620 0.9993101358 0.0086113410 0.0744322166 -0.0059023881 0.9972085953
-50.4 45.1 1868.4 0.9972677827 -0.0043734028 -0.0737417191 0.0069685364 0.9993640184 0.0349717364 0.0735418722 -0.0353900567 0.9966639876
-192.9 239.4 1850.9 0.1532731056 -0.8408724666 -0.5190769434 0.9866626859 0.1010885686 0.1275846660 -0.0548096858 -0.5317091346 0.8451516032
-235.6 -35.4 1866.1 -0.0929723606 -0.8417262435 -0.5318393111 0.9352881908 0.1093517691 -0.3365682065 0.3414558768 -0.5287145972 0.7770899534
90.5 241.5 1871.6 0.4548373520 0.8000754118 0.3911550641 -0.4212737381 0.5802593827 -0.6970132589 -0.7846345901 0.1522442997 0.6009744406
190.3 149.1 1699.5 -0.5732706785 0.8000754118 0.1767485142 0.8143024445 0.5802593827 0.0145089384 -0.0909517407 0.1522442997 -0.9841490984
-137.8 -164.1 1868.2 0.9806059599 0.0610751249 -0.1862303019 -0.0839755014 0.9894960523 -0.1176676750 0.1770875752 0.1310244054 0.9754345417
-161.8 -553.2 1816.7 0.9840819240 0.0000000000 -0.1777153015 0.0000000000 1.0000000000 0.0000000000 0.1777153015 0.0000000000 0.9840819240
41.0 -161.8 1884.9 0.9048064351 -0.0200777203 -0.4253495038 -0.0293386392 0.9935747385 -0.1093089506 0.4248111844 0.1113826185 0.8984037638
48.9 -550.0 1841.3 0.9051961303 0.0000000000 -0.4249941409 0.0000000000 1.0000000000 0.0000000000 0.4249941409 0.0000000000 0.9051961303
-209.5 -298.2 1770.2 0 0 0 0 0 0 0 0 0
45.8 354.4 1676.6 0 0 0 0 0 0 0 0 0
-161.8 -929.9 1816.7 0 0 0 0 0 0 0 0 0
48.9 -926.7 1841.3 0 0 0 0 0 0 0 0 0
-43.7 452.3 1862.6 21 0.9972992539 0.0298768226 -0.0670939609 -0.0290647801 0.9994924068 0.0130469799 0.0674497038 -0.0110616712 0.9976613522
-49.8 247.0 1864.9 0.9972992539 0.0298768226 -0.0670939609 -0.0290647801 0.9994924068 0.0130469799 0.0674497038 -0.0110616712 0.9976613522
-51.7 51.4 1870.1 0.9977201819 0.0093859741 -0.0668303743 -0.0076309671 0.9996205568 0.0264676493 0.0670534447 -0.0258973278 0.9974132180
-191.8 248.0 1855.4 0.1581769437 -0.8450957537 -0.5106791854 0.9855999351 0.1038226783 0.1334675252 -0.0597727597 -0.5244368315 0.8493487239
-234.9 -20.6 1871.7 -0.0547127649 -0.8466657400 -0.5293048620 0.9453577399 0.1267116815 -0.3004045188 0.3214113116 -0.5168184638 0.7934692502
92.2 245.9 1874.4 0.4297436476 0.8184390068 0.3814157248 -0.4571155012 0.5614758134 -0.6897755861 -0.7786949277 0.1220756397 0.6154118180
186.7 145.3 1703.1 -0.5511223674 0.8184390068 0.1625474989 0.8271881342 0.5614758134 -0.0224663671 -0.1096538380 0.1220756397 -0.9864448905
-139.7 -149.5 1868.8 0.9823731780 0.0482537411 -0.1805948615 -0.0686917230 0.9917002320 -0.1086833924 0.1738515794 0.1191730201 0.9775343537
-158.6 -538.7 1822.1 0.9846991301 0.0000000000 -0.1742632091 0.0000000000 1.0000000000 0.0000000000 0.1742632091 0.0000000000 0.9846991301
40.0 -149.3 1881.6 0.9065566659 -0.0249665845 -0.4213451147 -0.0155888563 0.9955875278 -0.0925336555 0.4217961729 0.0904552862 0.9021673203
49.7 -538.8 1846.3 0.9066668153 0.0000000000 -0.4218474329 0.0000000000 1.0000000000 0.0000000000 0.4218474329 0.0000000000 0.9066668153
-219.5 -286.4 1781.3 0 0 0 0 0 0 0 0 0
47.5 354.3 1675.4 0 0 0 0 0 0 0 0 0
-158.6 -915.3 1822.1 0 0 0 0 0 0 0 0 0
49.7 -915.4 1846.3 0 0 0 0 0 0 0 0 0
-45.4 454.8 1863.0 22 0.9979362488 0.0245120302 -0.0593502484 -0.0234768298 0.9995609522 0.0180772264 0.0597673021 -0.0166465640 0.9980735183
-50.4 252.5 1866.3 0.9979362488 0.0245120302 -0.0593502484 -0.0234768298 0.9995609522 0.0180772264 0.0597673021 -0.0166465640 0.9980735183
-53.1 56.8 1870.9 0.9981487989 0.0137888845 -0.0592353158 -0.0123805739 0.9996334314 0.0240764432 0.0595455915 -0.0232985057 0.9979536533
-192.5 254.2 1857.9 0.1623192132 -0.8486824036 -0.5033792257 0.9848838449 0.1080850661 0.1353565454 -0.0604669377 -0.5177410245 0.8533979058
-236.3 -11.3 1874.2 -0.0332123637 -0.8500234485 -0.5256967545 0.9503121376 0.1360361874 -0.2800018489 0.3095219135 -0.5088755488 0.8032695055
91.8 250.7 1874.8 0.4207162261 0.8338268399 0.3573942184 -0.4917120039 0.5406618714 -0.6825716496 -0.7623760104 0.1114339456 0.6374679208
185.5 141.2 1704.9 -0.5279488564 0.8338268399 0.1612537801 0.8400087357 0.5406618714 -0.0454980470 -0.1251212656 0.1114339456 -0.9858636260
-143.7 -142.8 1869.2 0.9844006896 0.0254979655 -0.1740837395 -0.0466394648 0.9918632507 -0.1184569225 0.1696468592 0.1247282475 0.9775800705
-153.7 -531.6 1820.3 0.9854730964 0.0000000000 -0.1698316634 0.0000000000 1.0000000000 0.0000000000 0.1698316634 0.0000000000 0.9854730964
36.3 -144.7 1881.1 0.9090284109 -0.0422132239 -0.4145906568 -0.0022152513 0.9943528771 -0.1061012000 0.4167282879 0.0973674282 0.9038015008
52.9 -533.9 1843.0 0.9090306163 0.0000000000 -0.4167293012 0.0000000000 1.0000000000 0.0000000000 0.4167293012 0.0000000000 0.9090306163
-226.9 -278.7 1787.1 0 0 0 0 0 0 0 0 0
52.7 352.5 1673.5 0 0 0 0 0 0 0 0 0
-153.7 -908.2 1820.3 0 0 0 0 0 0 0 0 0
52.9 -910.5 1843.0 0 0 0 0 0 0 0 0 0
-46.1 454.1 1858.6 23 0.9969522953 0.0217684619 -0.0749148652 -0.0194064621 0.9992957711 0.0321139768 0.0755611807 -0.0305622723 0.9966726899
-50.4 253.2 1864.8 0.9969522953 0.0217684619 -0.0749148652 -0.0194064621 0.9992957711 0.0321139768 0.0755611807 -0.0305622723 0.9966726899
-53.6 57.6 1871.1 0.9970607162 0.0161428824 -0.0748951435 -0.0136896772 0.9993565083 0.0331537500 0.0753821507 -0.0320310108 0.9966401458
-192.5 255.2 1854.0 0.1666498929 -0.8410555124 -0.5146390796 0.9828602672 0.0999691263 0.1548929662 -0.0788255557 -0.5316312313 0.8432999253
-236.6 -5.1 1874.9 -0.0153092723 -0.8428760767 -0.5378898978 0.9545103312 0.1478931904 -0.2589163184 0.2977846265 -0.5173853040 0.8022697568
91.6 251.3 1875.5 0.4040188491 0.8472530842 0.3448637426 -0.4846736491 0.5180056095 -0.7048132420 -0.7757965326 0.1176114678 0.6199252605
181.2 143.8 1703.4 -0.5070093274 0.8472530842 0.1584416479 0.8546563387 0.5180056095 -0.0351111665 -0.1118217036 0.1176114678 -0.9867438674
-146.0 -137.4 1870.2 0.9816123247 0.0172872301 -0.1901010722 -0.0422994196 0.9908308983 -0.1283154786 0.1861398071 0.1339972168 0.9733430743
-152.8 -525.7 1817.7 0.9824916720 0.0000000000 -0.1863065511 0.0000000000 1.0000000000 0.0000000000 0.1863065511 0.0000000000 0.9824916720
34.3 -139.9 1880.8 0.9022750258 -0.0500103012 -0.4282508492 0.0014121925 0.9935878515 -0.1130539328 0.4311587214 0.1014009640 0.8965600729
53.9 -529.0 1841.1 0.9022759199 0.0000000000 -0.4311591387 0.0000000000 1.0000000000 0.0000000000 0.4311591387 0.0000000000 0.9022759199
-232.3 -273.8 1791.1 0 0 0 0 0 0 0 0 0
52.8 360.2 1675.0 0 0 0 0 0 0 0 0 0
-152.8 -902.3 1817.7 0 0 0 0 0 0 0 0 0
53.9 -905.6 1841.1 0 0 0 0 0 0 0 0 0
-46.2 453.7 1860.9 24 0.9948069453 0.0180402137 -0.1001681983 -0.0150836008 0.9994301796 0.0301958416 0.1006558612 -0.0285281371 0.9945122004
-49.8 253.6 1866.7 0.9948069453 0.0180402137 -0.1001681983 -0.0150836008 0.9994301796 0.0301958416 0.1006558612 -0.0285281371 0.9945122004
-52.8 57.8 1872.2 0.9948483706 0.0155347520 -0.1001766697 -0.0126172723 0.9994794726 0.0296914782 0.1005857736 -0.0282745622 0.9945265651
-191.5 255.4 1852.3 0.1712674201 -0.8280636668 -0.5338333845 0.9816171527 0.0970948562 0.1643177867 -0.0842331126 -0.5521622896 0.8294706941
-236.8 -4.5 1874.6 0.0060809371 -0.8297459483 -0.5581080914 0.9574565887 0.1658587307 -0.2361520678 0.2885133326 -0.5329282284 0.7954543233
91.9 251.8 1881.0 0.3848980963 0.8576774001 0.3409441113 -0.4733890295 0.5005651116 -0.7248016596 -0.7923107147 0.1175755709 0.5986816287
178.7 145.1 1702.4 -0.4935095310 0.8576774001 0.1443529576 0.8655700088 0.5005651116 -0.0149379624 -0.0850700065 0.1175755709 -0.9894134998
-146.9 -136.7 1870.5 0.9766539931 0.0104313334 -0.2145650983 -0.0402743667 0.9900007844 -0.1351901740 0.2110093981 0.1406755000 0.9673083425
-151.0 -524.5 1815.4 0.9774470329 0.0000000000 -0.2111807466 0.0000000000 1.0000000000 0.0000000000 0.2111807466 0.0000000000 0.9774470329
33.2 -139.3 1884.1 0.8912732005 -0.0520472862 -0.4504700005 -0.0029278032 0.9927101731 -0.1204904765 0.4534573257 0.1087088138 0.8846235275
53.6 -528.1 1841.5 0.8912770152 0.0000000000 -0.4534592927 0.0000000000 1.0000000000 0.0000000000 0.4534592927 0.0000000000 0.8912770152
-238.5 -274.0 1793.4 0 0 0 0 0 0 0 0 0
53.8 364.2 1680.9 0 0 0 0 0 0 0 0 0
-151.0 -901.2 1815.4 0 0 0 0 0 0 0 0 0
53.6 -904.7 1841.5 0 0 0 0 0 0 0 0 0
-45.8 452.9 1857.1 25 0.9876821041 0.0366498418 -0.1521211118 -0.0317986980 0.9989089370 0.0342020020 0.1532086432 -0.0289434511 0.9877699018
-53.7 236.7 1863.4 0.9876821041 0.0366498418 -0.1521211118 -0.0317986980 0.9989089370 0.0342020020 0.1532086432 -0.0289434511 0.9877699018
-49.8 41.2 1872.3 0.9881531596 -0.0206994750 -0.1520684808 0.0272001214 0.9987972975 0.0407928415 0.1510412097 -0.0444458574 0.9875277877
-194.2 232.8 1841.9 0.1795400232 -0.8007600307 -0.5714443922 0.9739461541 0.0628797486 0.2178877145 -0.1385435015 -0.5956756473 0.7911865711
-237.7 -2.8 1875.4 0.0215519127 -0.8045698404 -0.5934668779 0.9579827189 0.1864384562 -0.2179673463 0.2860150039 -0.5638334155 0.7747821212
86.8 240.6 1884.8 0.3923434615 0.8662070632 0.3094381392 -0.4336868823 0.4708765745 -0.7682388425 -0.8111611009 0.1672142446 0.5604079962
175.3 142.8 1701.9 -0.4682293534 0.8662070632 0.1744896472 0.8817375302 0.4708765745 0.0285333768 -0.0574472807 0.1672142446 -0.9842454791
-145.8 -136.7 1868.7 0.9657802582 0.0182466190 -0.2587190568 -0.0498722866 0.9919718504 -0.1162092090 0.2545216084 0.1251354665 0.9589368701
-152.9 -525.2 1819.7 0.9669835567 0.0000000000 -0.2548387051 0.0000000000 1.0000000000 0.0000000000 0.2548387051 0.0000000000 0.9669835567
34.0 -139.0 1886.8 0.8701471686 -0.0519763865 -0.4900431931 -0.0132475756 0.9915955067 -0.1286966056 0.4926138222 0.1184768677 0.8621454835
54.4 -527.4 1840.4 0.8702235222 0.0000000000 -0.4926570654 0.0000000000 1.0000000000 0.0000000000 0.4926570654 0.0000000000 0.8702235222
-243.7 -272.5 1794.9 0 0 0 0 0 0 0 0 0
58.5 362.7 1687.5 0 0 0 0 0 0 0 0 0
-152.9 -901.9 1819.7 0 0 0 0 0 0 0 0 0
54.4 -904.0 1840.4 0 0 0 0 0 0 0 0 0
-45.9 453.6 1859.7 26 0.9927806258 0.0168731697 -0.1187514439 -0.0132937692 0.9994350076 0.0308698546 0.1192052215 -0.0290683396 0.9924440384
-49.4 246.0 1865.7 0.9927806258 0.0168731697 -0.1187514439 -0.0132937692 0.9994350076 0.0308698546 0.1192052215 -0.0290683396 0.9924440384
-47.0 50.4 1872.7 0.9928447008 -0.0125978040 -0.1187463328 0.0166576635 0.9993079305 0.0332590267 0.1182451621 -0.0349990837 0.9923674464
-190.7 243.6 1848.9 0.1618582159 -0.8167722225 -0.5537915230 0.9839771986 0.0910609290 0.1532865018 -0.0747713745 -0.5697289109 0.8184242249
-234.9 -25.4 1869.4 0.0355698764 -0.8176009059 -0.5746855736 0.9570353627 0.1934610754 -0.2160004228 0.2877814174 -0.5423113108 0.7893543839
91.8 248.4 1882.5 0.3622772098 0.8797762394 0.3078131378 -0.4757082164 0.4585202336 -0.7506403327 -0.8015341163 0.1255106479 0.5846282244
173.4 141.3 1702.0 -0.4556263387 0.8797762394 0.1356405914 0.8886168003 0.4585202336 0.0109259337 -0.0525815748 0.1255106479 -0.9906978607
-134.9 -156.7 1867.6 0.9721238017 0.0571160130 -0.2274050266 -0.0848177671 0.9898573160 -0.1139670014 0.2185891867 0.1300780177 0.9671083093
-157.3 -544.1 1816.6 0.9756395817 0.0000000000 -0.2193797231 0.0000000000 1.0000000000 0.0000000000 0.2193797231 0.0000000000 0.9756395817
43.3 -151.7 1894.7 0.8866853714 -0.0143938381 -0.4621492028 -0.0558876880 0.9888506532 -0.1380250156 0.4589832723 0.1482132077 0.8759949803
48.9 -538.6 1836.8 0.8880733848 0.0000000000 -0.4597017467 0.0000000000 1.0000000000 0.0000000000 0.4597017467 0.0000000000 0.8880733848
-244.9 -295.0 1788.3 0 0 0 0 0 0 0 0 0
60.8 360.9 1689.0 0 0 0 0 0 0 0 0 0
-157.3 -920.8 1816.6 0 0 0 0 0 0 0 0 0
48.9 -915.3 1836.8 0 0 0 0 0 0 0 0 0
-47.0 451.4 1856.5 27 0.9931539297 0.0060739797 -0.1166550368 -0.0012943242 0.9991581440 0.0410046838 0.1168058813 -0.0405729748 0.9923256636
-48.3 248.5 1864.7 0.9931539297 0.0060739797 -0.1166550368 -0.0012943242 0.9991581440 0.0410046838 0.1168058813 -0.0405729748 0.9923256636
-46.7 52.9 1872.9 0.9931377172 -0.0083253114 -0.1166542768 0.0131125087 0.9991003871 0.0403303318 0.1162135676 -0.0415832028 0.9923533797
-189.7 246.7 1848.2 0.1510047019 -0.8195096254 -0.5528123975 0.9851142168 0.0782826692 0.1530419290 -0.0821437091 -0.5676933527 0.8191316724
-230.0 -16.4 1870.1 0.0410183594 -0.8204411864 -0.5702576637 0.9585208893 0.1934269071 -0.2093412429 0.2820553482 -0.5380170345 0.7943440676
93.1 250.4 1881.3 0.3479261696 0.8891648650 0.2972089946 -0.4869173169 0.4422867596 -0.7531892061 -0.8011609912 0.1173380166 0.5868329406
171.2 141.2 1701.6 -0.4382966757 0.8891648650 0.1314603090 0.8968727589 0.4422867596 -0.0012894253 -0.0592896678 0.1173380166 -0.9913206100
-134.2 -146.7 1869.0 0.9724235535 0.0572163947 -0.2260944098 -0.0834316462 0.9906281233 -0.1081438884 0.2177878618 0.1240250915 0.9680837989
-156.6 -534.6 1820.5 0.9758257866 0.0000000000 -0.2185498476 0.0000000000 1.0000000000 0.0000000000 0.2185498476 0.0000000000 0.9758257866
45.0 -143.7 1890.3 0.8872704506 -0.0077847368 -0.4611838460 -0.0497060753 0.9924211502 -0.1123813614 0.4585634768 0.1226363033 0.8801590204
48.0 -532.1 1842.3 0.8883685470 0.0000000000 -0.4591310024 0.0000000000 1.0000000000 0.0000000000 0.4591310024 0.0000000000 0.8883685470
-241.6 -286.4 1790.7 0 0 0 0 0 0 0 0 0
62.7 363.2 1686.9 0 0 0 0 0 0 0 0 0
-156.6 -911.3 1820.5 0 0 0 0 0 0 0 0 0
48.0 -908.7 1842.3 0 0 0 0 0 0 0 0 0
-48.3 452.2 1859.4 28 0.9959633350 0.0012108128 -0.0897529572 0.0021061418 0.9993184805 0.0368525758 0.0897364095 -0.0368928462 0.9952819943
-48.5 251.6 1866.8 0.9959633350 0.0012108128 -0.0897529572 0.0021061418 0.9993184805 0.0368525758 0.0897364095 -0.0368928462 0.9952819943
-47.3 55.9 1874.0 0.9959447384 -0.0062356293 -0.0897506028 0.0094933510 0.9993097186 0.0359165110 0.0894646868 -0.0366228931 0.9953164458
-190.3 250.3 1854.1 0.1460814923 -0.8333606720 -0.5330761075 0.9873697162 0.0894159153 0.1307894439 -0.0613292903 -0.5454491377 0.8358970881
-229.7 -15.6 1870.6 0.0310460329 -0.8343424201 -0.5503715873 0.9567171931 0.1842140853 -0.2252938747 0.2893584371 -0.5195555091 0.8039488792
93.3 253.0 1879.5 0.3440684378 0.8946933150 0.2848522067 -0.5027037263 0.4317614138 -0.7489132285 -0.7930358648 0.1144811437 0.5983211398
170.3 140.5 1702.1 -0.4259718955 0.8946933150 0.1344313920 0.9018484354 0.4317614138 -0.0158592444 -0.0722314492 0.1144811437 -0.9907959700
-134.8 -143.9 1870.6 0.9781651497 0.0536645725 -0.2007810026 -0.0790313482 0.9895579219 -0.1205368564 0.1922158748 0.1337729543 0.9721922874
-155.8 -531.4 1818.3 0.9812343717 0.0000000000 -0.1928189844 0.0000000000 1.0000000000 0.0000000000 0.1928189844 0.0000000000 0.9812343717
44.6 -141.5 1891.6 0.8990819454 -0.0121819945 -0.4376108348 -0.0465682372 0.9912799001 -0.1232703179 0.4352965057 0.1312088817 0.8906745911
49.4 -529.6 1840.2 0.9000583887 0.0000000000 -0.4357692599 0.0000000000 1.0000000000 0.0000000000 0.4357692599 0.0000000000 0.9000583887
-238.4 -285.1 1789.1 0 0 0 0 0 0 0 0 0
65.0 363.6 1684.2 0 0 0 0 0 0 0 0 0
-155.8 -908.1 1818.3 0 0 0 0 0 0 0 0 0
49.4 -906.3 1840.2 0 0 0 0 0 0 0 0 0
-50.1 451.1 1863.3 29 0.9976117611 -0.0023799329 -0.0690301433 0.0043848422 0.9995725155 0.0289070029 0.0689318404 -0.0291406531 0.9971956611
-49.6 251.9 1869.1 0.9976117611 -0.0023799329 -0.0690301433 0.0043848422 0.9995725155 0.0289070029 0.0689318404 -0.0291406531 0.9971956611
-48.3 56.2 1874.4 0.9975918531 -0.0068527181 -0.0690187439 0.0086957617 0.9996126294 0.0264385827 0.0688108355 -0.0269750860 0.9972649813
-191.7 250.7 1859.3 0.1459541619 -0.8436155319 -0.5167303681 0.9882755876 0.1006708741 0.1147899106 -0.0448188484 -0.5274260640 0.8484179378
-231.0 -15.3 1871.4 0.0116177285 -0.8447614908 -0.5350168943 0.9563236833 0.1656750292 -0.2408252358 0.2920788229 -0.5088514686 0.8097901940
92.5 253.2 1878.9 0.3455876410 0.8959767818 0.2789171338 -0.5016674399 0.4275934696 -0.7519931197 -0.7930315137 0.1199558899 0.5972533822
169.8 141.0 1701.6 -0.4227694273 0.8959767818 0.1359838545 0.9039438963 0.4275934696 -0.0070153880 -0.0644314364 0.1199558899 -0.9906862378
-136.1 -140.6 1873.1 0.9822633862 0.0499585457 -0.1807285249 -0.0748246908 0.9882199168 -0.1335014850 0.1719299853 0.1446565688 0.9744303823
-155.6 -527.7 1816.5 0.9850246906 0.0000000000 -0.1724133193 0.0000000000 1.0000000000 0.0000000000 0.1724133193 0.0000000000 0.9850246906
43.8 -138.9 1889.3 0.9077330828 -0.0178229846 -0.4191693366 -0.0357724540 0.9921709895 -0.1196539998 0.4180202484 0.1236086115 0.8999888897
50.8 -527.4 1840.9 0.9083144665 0.0000000000 -0.4182879925 0.0000000000 1.0000000000 0.0000000000 0.4182879925 0.0000000000 0.9083144665
-234.2 -284.6 1789.1 0 0 0 0 0 0 0 0 0
65.0 365.0 1685.6 0 0 0 0 0 0 0 0 0
-155.6 -904.3 1816.5 0 0 0 0 0 0 0 0 0
50.8 -904.1 1840.9 0 0 0 0 0 0 0 0 0
-50.2 449.8 1862.8 30 0.9923877120 0.0386593863 -0.1169275120 -0.0380413830 0.9992479086 0.0075132842 0.1171300337 -0.0030080068 0.9931120276
-58.9 227.1 1863.5 0.9923877120 0.0386593863 -0.1169275120 -0.0380413830 0.9992479086 0.0075132842 0.1171300337 -0.0030080068 0.9931120276
-46.2 32.2 1872.8 0.9909370542 -0.0653793141 -0.1173427925 0.0703279302 0.9967793226 0.0385349765 0.1144454777 -0.0464382134 0.9923435450
-199.6 217.0 1847.3 0.1346873790 -0.8212515116 -0.5544414520 0.9850881100 0.0505236760 0.1644651443 -0.1070548296 -0.5683250427 0.8158099651
-231.5 -15.7 1872.6 0.0062485188 -0.8269639611 -0.5622202158 0.9551789165 0.1713389158 -0.2414047867 0.2959632576 -0.5355124474 0.7909691334
81.9 237.1 1879.7 0.3924258351 0.8847714663 0.2513591647 -0.4244578183 0.4166432619 -0.8038929701 -0.8159886599 0.2087770104 0.5390497446
168.2 143.8 1700.3 -0.4192028046 0.8847714663 0.2035889626 0.9072549343 0.4166432619 0.0574183241 -0.0340218768 0.2087770104 -0.9773713350
-133.8 -146.9 1873.1 0.9745884538 0.0508038364 -0.2181658000 -0.0812598094 0.9877818823 -0.1329803467 0.2087443173 0.1473292261 0.9668091536
-153.3 -527.5 1816.3 0.9778221846 0.0000000000 -0.2094369382 0.0000000000 1.0000000000 0.0000000000 0.2094369382 0.0000000000 0.9778221846
43.2 -138.8 1885.9 0.8906825781 -0.0200644992 -0.4541827142 -0.0338842645 0.9933171272 -0.1103312224 0.4533612132 0.1136597469 0.8840503693
51.0 -527.8 1841.4 0.8911943436 0.0000000000 -0.4536216855 0.0000000000 1.0000000000 0.0000000000 0.4536216855 0.0000000000 0.8911943436
-233.2 -284.8 1789.2 0 0 0 0 0 0 0 0 0
63.7 369.9 1691.8 0 0 0 0 0 0 0 0 0
-153.3 -904.2 1816.3 0 0 0 0 0 0 0 0 0
51.0 -904.5 1841.4 0 0 0 0 0 0 0 0 0
-50.0 448.5 1863.0 31 0.9949676394 0.0089676958 -0.0997947901 -0.0078019984 0.9998967648 0.0120651051 0.0998926833 -0.0112257898 0.9949349165
-51.9 237.8 1865.4 0.9949676394 0.0089676958 -0.0997947901 -0.0078019984 0.9998967648 0.0120651051 0.0998926833 -0.0112257898 0.9949349165
-43.3 42.5 1871.6 0.9939799309 -0.0446577072 -0.1000480950 0.0475039929 0.9985260963 0.0262486637 0.0987284258 -0.0308433287 0.9946362972
-193.3 231.0 1851.4 0.1418320537 -0.8268337846 -0.5442697406 0.9888101816 0.0926567614 0.1169148982 -0.0462389141 -0.5547617674 0.8307234049
-233.1 -46.4 1864.4 -0.0033878465 -0.8293549418 -0.5587118864 0.9546266198 0.1636962593 -0.2487801462 0.2977860868 -0.5342040658 0.7911697030
89.5 244.6 1879.4 0.3546959758 0.8957931995 0.2678531706 -0.4563632011 0.4159063399 -0.7866095304 -0.8160412908 0.1567689031 0.5563273430
168.0 143.5 1698.6 -0.4164259434 0.8957931995 0.1553834379 0.9086373448 0.4159063399 0.0374177173 -0.0311064217 0.1567689031 -0.9871453047
-122.0 -169.8 1871.5 0.9737764001 0.1012935564 -0.2037135065 -0.1292285174 0.9832088351 -0.1288425475 0.1872420013 0.1517894268 0.9705155492
-161.5 -553.5 1812.3 0.9820106626 0.0000000000 -0.1888253242 0.0000000000 1.0000000000 0.0000000000 0.1888253242 0.0000000000 0.9820106626
55.8 -156.2 1892.5 0.8965527415 0.0340339467 -0.4416275024 -0.0901198909 0.9902048111 -0.1066434011 0.4336721897 0.1354108602 0.8908379674
42.4 -543.4 1839.5 0.9002158046 0.0000000000 -0.4354440570 0.0000000000 1.0000000000 0.0000000000 0.4354440570 0.0000000000 0.9002158046
-232.1 -315.3 1780.5 0 0 0 0 0 0 0 0 0
64.3 370.0 1690.9 0 0 0 0 0 0 0 0 0
-161.5 -930.2 1812.3 0 0 0 0 0 0 0 0 0
42.4 -920.1 1839.5 0 0 0 0 0 0 0 0 0
-51.0 447.1 1864.2 32 0.9961113930 -0.0001884183 -0.0881026611 0.0016168102 0.9998683929 0.0161417332 0.0880880281 -0.0162214097 0.9959806204
-50.9 243.2 1867.5 0.9961113930 -0.0001884183 -0.0881026611 0.0016168102 0.9998683929 0.0161417332 0.0880880281 -0.0162214097 0.9959806204
-45.7 47.6 1872.2 0.9957328439 -0.0272310227 -0.0881733000 0.0292152558 0.9993463755 0.0212917887 0.0875358656 -0.0237769391 0.9958775640
-192.7 239.0 1855.0 0.1354343444 -0.8345025778 -0.5341001749 0.9897968769 0.0898719952 0.1105674282 -0.0442681573 -0.5436252952 0.8381597996
-229.7 -31.3 1867.1 0.0084406491 -0.8362548351 -0.5482760668 0.9586399198 0.1627608389 -0.2334918380 0.2844965458 -0.5236284733 0.8030410409
90.8 247.3 1879.9 0.3457275629 0.8998281956 0.2660483122 -0.4715862572 0.4117473364 -0.7797887921 -0.8112205863 0.1441297382 0.5666990280
168.1 141.9 1698.5 -0.4093814790 0.8998281956 0.1507184803 0.9111465216 0.4117473364 0.0166180432 -0.0471045487 0.1441297382 -0.9884370565
-123.9 -157.5 1868.7 0.9773185849 0.0892197490 -0.1920629442 -0.1109651402 0.9881982207 -0.1055981740 0.1803748161 0.1245153546 0.9756848216
-158.7 -543.7 1820.1 0.9833917618 0.0000000000 -0.1814956814 0.0000000000 1.0000000000 0.0000000000 0.1814956814 0.0000000000 0.9833917618
55.1 -148.5 1886.7 0.9012163281 0.0283582192 -0.4324406385 -0.0723682120 0.9936932921 -0.0856534764 0.4272843897 0.1084872708 0.8975848556
44.0 -537.3 1844.2 0.9035855532 0.0000000000 -0.4284076691 0.0000000000 1.0000000000 0.0000000000 0.4284076691 0.0000000000 0.9035855532
-232.0 -301.3 1787.0 0 0 0 0 0 0 0 0 0
66.5 368.1 1686.8 0 0 0 0 0 0 0 0 0
-158.7 -920.4 1820.1 0 0 0 0 0 0 0 0 0
44.0 -913.9 1844.2 0 0 0 0 0 0 0 0 0
-51.7 446.6 1863.2 33 0.9968754649 -0.0042925365 -0.0788724497 0.0061675990 0.9997037649 0.0235451423 0.0787480175 -0.0239580274 0.9966066480
-50.8 246.1 1868.0 0.9968754649 -0.0042925365 -0.0788724497 0.0061675990 0.9997037649 0.0235451423 0.0787480175 -0.0239580274 0.9966066480
-47.5 50.4 1873.3 0.9967395067 -0.0169250742 -0.0788915381 0.0189778656 0.9994986653 0.0253436528 0.0784230456 -0.0267582126 0.9965609908
-192.8 243.4 1856.9 0.1395505071 -0.8387497067 -0.5263312459 0.9892517924 0.0946517438 0.1114535108 -0.0436634347 -0.5362275243 0.8429433703
-230.7 -25.5 1868.7 0.0102249244 -0.8399951458 -0.5424975753 0.9599123597 0.1602223068 -0.2299935371 0.2801136672 -0.5183984637 0.8079600334
91.2 248.8 1879.2 0.3459121287 0.9047494531 0.2485421449 -0.4779992700 0.3978717029 -0.7830803394 -0.8073794246 0.1520740241 0.5700982213
168.4 142.0 1698.8 -0.3918800950 0.9047494531 0.1669083536 0.9174371362 0.3978717029 -0.0026893192 -0.0688412711 0.1520740241 -0.9859687686
-130.1 -150.8 1869.0 0.9804452658 0.0641417354 -0.1860454530 -0.0877451822 0.9887002707 -0.1215423122 0.1761472672 0.1354901791 0.9749946594
-155.2 -537.5 1816.0 0.9842415452 0.0000000000 -0.1768293083 0.0000000000 1.0000000000 0.0000000000 0.1768293083 0.0000000000 0.9842415452
49.5 -145.3 1884.9 0.9049751163 0.0055521512 -0.4254283011 -0.0487467051 0.9946833253 -0.0907131061 0.4226627946 0.1028313264 0.9004342556
47.3 -534.6 1844.6 0.9060522318 0.0000000000 -0.4231658578 0.0000000000 1.0000000000 0.0000000000 0.4231658578 0.0000000000 0.9060522318
-233.6 -295.9 1789.8 0 0 0 0 0 0 0 0 0
71.3 369.4 1681.7 0 0 0 0 0 0 0 0 0
-155.2 -914.2 1816.0 0 0 0 0 0 0 0 0 0
47.3 -911.3 1844.6 0 0 0 0 0 0 0 0 0
-52.2 445.6 1863.7 34 0.9976703525 -0.0054875505 -0.0679985881 0.0071907104 0.9996659160 0.0248275995 0.0678396225 -0.0252587181 0.9973764420
-51.1 246.7 1868.8 0.9976703525 -0.0054875505 -0.0679985881 0.0071907104 0.9996659160 0.0248275995 0.0678396225 -0.0252587181 0.9973764420
-48.7 50.9 1873.6 0.9976072907 -0.0125436829 -0.0679881796 0.0141823897 0.9996191263 0.0236739535 0.0676653236 -0.0245815422 0.9974052310
-193.3 244.6 1859.1 0.1410260797 -0.8441568017 -0.5172146559 0.9891866446 0.0989012122 0.1082973629 -0.0402668007 -0.5268945694 0.8489762545
-231.3 -22.1 1870.0 0.0141593851 -0.8449787498 -0.5346123576 0.9602365494 0.1605859250 -0.2283810377 0.2788283527 -0.5101206303 0.8136532903
91.0 248.7 1878.4 0.3499126732 0.9060313702 0.2380508631 -0.4766186774 0.3909522295 -0.7873950601 -0.8064711690 0.1620600224 0.5686306357
168.9 142.6 1698.9 -0.3844806254 0.9060313702 0.1768665165 0.9204090238 0.3909522295 -0.0018973744 -0.0708654374 0.1620600224 -0.9842330217
-134.1 -147.1 1871.5 0.9829834104 0.0508181266 -0.1765253246 -0.0745222718 0.9886618257 -0.1303620934 0.1678990871 0.1412988454 0.9756252170
-154.0 -534.0 1816.2 0.9857243299 0.0000000000 -0.1683672518 0.0000000000 1.0000000000 0.0000000000 0.1683672518 0.0000000000 0.9857243299
45.8 -143.5 1885.7 0.9092612267 -0.0108302161 -0.4160849452 -0.0335279331 0.9945071340 -0.0991537273 0.4148733020 0.1041071117 0.9039036632
50.1 -532.9 1844.9 0.9097727537 0.0000000000 -0.4151066840 0.0000000000 1.0000000000 0.0000000000 0.4151066840 0.0000000000 0.9097727537
-235.3 -292.6 1791.4 0 0 0 0 0 0 0 0 0
73.3 371.5 1681.2 0 0 0 0 0 0 0 0 0
-154.0 -910.7 1816.2 0 0 0 0 0 0 0 0 0
50.1 -909.5 1844.9 0 0 0 0 0 0 0 0 0
-52.6 444.8 1863.5 35 0.9983826280 -0.0011262681 -0.0568408519 0.0027920024 0.9995687008 0.0292343311 0.0567834079 -0.0293457489 0.9979551435
-52.4 247.0 1869.3 0.9983826280 -0.0011262681 -0.0568408519 0.0027920024 0.9995687008 0.0292343311 0.0567834079 -0.0293457489 0.9979551435
-51.6 51.2 1874.5 0.9983755350 -0.0040437202 -0.0568328016 0.0055358591 0.9996434450 0.0261220243 0.0567069091 -0.0263942089 0.9980419278
-194.6 246.2 1861.2 0.1373814493 -0.8499410748 -0.5086516738 0.9898362160 0.0987500772 0.1023360267 -0.0367502011 -0.5175409317 0.8548688889
-231.8 -21.4 1871.2 0.0043644365 -0.8512048125 -0.5248154402 0.9567173123 0.1562712789 -0.2455021739 0.2909862101 -0.5010285378 0.8150444031
89.9 247.8 1877.4 0.3560504913 0.8997785449 0.2522432804 -0.4569580853 0.4031044543 -0.7929036021 -0.8151180148 0.1670491099 0.5546866059
169.0 146.3 1696.3 -0.4024161100 0.8997785449 0.1687006205 0.9146049619 0.4031044543 0.0316952802 -0.0394852422 0.1670491099 -0.9851576090
-136.3 -146.2 1872.3 0.9851165414 0.0394428372 -0.1673009694 -0.0623420700 0.9890300035 -0.1339146793 0.1601836979 0.1423514634 0.9767687917
-151.8 -533.4 1816.6 0.9870365262 0.0000000000 -0.1604958922 0.0000000000 1.0000000000 0.0000000000 0.1604958922 0.0000000000 0.9870365262
43.9 -143.5 1884.6 0.9132784605 -0.0175939072 -0.4069556892 -0.0246744137 0.9948425889 -0.0983836278 0.4065878093 0.0998930410 0.9081342220
50.8 -533.1 1845.5 0.9135565758 0.0000000000 -0.4067116380 0.0000000000 1.0000000000 0.0000000000 0.4067116380 0.0000000000 0.9135565758
-233.0 -290.9 1789.2 0 0 0 0 0 0 0 0 0
69.7 371.9 1686.6 0 0 0 0 0 0 0 0 0
-151.8 -910.1 1816.6 0 0 0 0 0 0 0 0 0
50.8 -909.8 1845.5 0 0 0 0 0 0 0 0 0
-53.3 445.6 1863.4 36 0.9927619696 -0.0161922593 -0.1190018803 0.0172112975 0.9998234510 0.0075403978 0.1188587770 -0.0095339967 0.9928653836
-49.8 229.4 1865.5 0.9927619696 -0.0161922593 -0.1190018803 0.0172112975 0.9998234510 0.0075403978 0.1188587770 -0.0095339967 0.9928653836
-48.8 33.6 1869.4 0.9928671718 -0.0048511806 -0.1191271245 0.0072176075 0.9997849464 0.0194413122 0.1190071926 -0.0201624539 0.9926886559
-191.0 228.4 1848.5 0.1673189998 -0.8184520602 -0.5496731400 0.9815205336 0.0857740939 0.1710563004 -0.0928536654 -0.5681364536 0.8176791668
-233.1 -18.4 1871.9 -0.0089012235 -0.8216921091 -0.5698621869 0.9553443193 0.1613402814 -0.2475612164 0.2953608036 -0.5466181636 0.7835627198
91.4 230.4 1882.4 0.3526266217 0.8930566311 0.2794716060 -0.3656356633 0.4064090252 -0.8373423815 -0.8613739014 0.1930844188 0.4698439837
168.4 150.6 1694.4 -0.4135091901 0.8930566311 0.1773698032 0.9104917645 0.4064090252 0.0763965622 -0.0038582317 0.1930844188 -0.9811745882
-141.0 -145.0 1874.6 0.9734069109 0.0252956394 -0.2276821136 -0.0588110089 0.9881685972 -0.1416478604 0.2214052379 0.1512712240 0.9633777738
-150.9 -532.0 1815.3 0.9750946760 0.0000000000 -0.2217891216 0.0000000000 1.0000000000 0.0000000000 0.2217891216 0.0000000000 0.9750946760
39.4 -144.0 1884.8 0.8859091997 -0.0320951156 -0.4627470076 -0.0170472506 0.9946767092 -0.1016248167 0.4635453522 0.0979189277 0.8806461096
52.0 -533.6 1846.5 0.8860379457 0.0000000000 -0.4636127353 0.0000000000 1.0000000000 0.0000000000 0.4636127353 0.0000000000 0.8860379457
-230.5 -287.5 1788.7 0 0 0 0 0 0 0 0 0
66.2 375.7 1693.4 0 0 0 0 0 0 0 0 0
-150.9 -908.6 1815.3 0 0 0 0 0 0 0 0 0
52.0 -910.2 1846.5 0 0 0 0 0 0 0 0 0
-53.3 444.6 1864.3 37 0.9851356745 -0.0198136717 -0.1706313640 0.0161926355 0.9996137619 -0.0225871336 0.1710129976 0.0194884203 0.9850760102
-48.7 213.4 1859.8 0.9851356745 -0.0198136717 -0.1706313640 0.0161926355 0.9996137619 -0.0225871336 0.1710129976 0.0194884203 0.9850760102
-49.6 18.1 1871.7 0.9852121472 0.0038498675 -0.1712957621 0.0066284160 0.9981427193 0.0605567433 0.1712107509 -0.0607966594 0.9833568335
-188.7 212.3 1835.5 0.1721936464 -0.7877624631 -0.5914217234 0.9771195650 0.0605007000 0.2039045841 -0.1248469502 -0.6130007505 0.7801559567
-232.4 -35.4 1867.1 -0.0075429170 -0.7944233418 -0.6073175669 0.9539590478 0.1763929874 -0.2425853461 0.2998420298 -0.5811858773 0.7565168142
91.4 214.5 1884.2 0.3563286066 0.8860019445 0.2966993153 -0.2751447558 0.4029613137 -0.8728788495 -0.8929307461 0.2293964624 0.3873654306
168.1 155.3 1691.9 -0.4156261683 0.8860019445 0.2055612952 0.9095035195 0.4029613137 0.1021055579 0.0076324721 0.2293964624 -0.9733031392
-137.4 -162.9 1862.7 0.9594194293 0.0388072543 -0.2792997658 -0.0688723698 0.9927362800 -0.0986471176 0.2734428048 0.1138799936 0.9551232457
-152.5 -551.4 1818.1 0.9617030025 0.0000000000 -0.2740936279 0.0000000000 1.0000000000 0.0000000000 0.2740936279 0.0000000000 0.9617030025
41.8 -161.6 1884.1 0.8607310653 -0.0250372738 -0.5084438920 -0.0294509064 0.9946677089 -0.0988370180 0.5082073212 0.1000462249 0.8554040194
51.6 -551.2 1844.9 0.8611046076 0.0000000000 -0.5084278584 0.0000000000 1.0000000000 0.0000000000 0.5084278584 0.0000000000 0.8611046076
-230.3 -304.2 1782.7 0 0 0 0 0 0 0 0 0
65.8 379.1 1693.7 0 0 0 0 0 0 0 0 0
-152.5 -928.0 1818.1 0 0 0 0 0 0 0 0 0
51.6 -927.8 1844.9 0 0 0 0 0 0 0 0 0
-54.2 445.2 1863.3 38 0.9954883456 -0.0089060571 -0.0944648385 0.0094242394 0.9999428988 0.0050407378 0.0944145545 -0.0059082550 0.9955154657
-52.3 231.2 1864.6 0.9954883456 -0.0089060571 -0.0944648385 0.0094242394 0.9999428988 0.0050407378 0.0944145545 -0.0059082550 0.9955154657
-53.5 35.7 1873.5 0.9955075979 0.0051396526 -0.0945418030 -0.0007998340 0.9989464283 0.0458844304 0.0946780220 -0.0456026830 0.9944629073
-193.6 231.2 1851.2 0.1352718621 -0.8300543427 -0.5410280228 0.9898130894 0.0887399390 0.1113341302 -0.0444025807 -0.5505769849 0.8336026669
-231.8 -48.5 1863.7 0.0013307657 -0.8322843313 -0.5543473959 0.9575901628 0.1607853919 -0.2391006798 0.2881307006 -0.5305194259 0.7972012758
89.0 231.3 1878.0 0.3719424903 0.8860500455 0.2767202258 -0.3488271534 0.4096744955 -0.8429035544 -0.8602199554 0.2169841379 0.4614536762
169.3 156.0 1692.3 -0.4159630537 0.8860500455 0.2046705484 0.9092026949 0.4096744955 0.0742785111 -0.0180338230 0.2169841379 -0.9760085344
-139.6 -176.9 1868.2 0.9779295325 0.0368170217 -0.2056655586 -0.0623592846 0.9909188151 -0.1191269308 0.1994119734 0.1293229014 0.9713446498
