-47.7 454.3 1837.4 25 0.9938428998 -0.0181288142 -0.1093049943 0.0221355092 0.9991225600 0.0355547369 0.1085645184 -0.0377553478 0.9933722019
-43.7 230.1 1845.9 0.9938428998 -0.0181288142 -0.1093049943 0.0221355092 0.9991225600 0.0355547369 0.1085645184 -0.0377553478 0.9933722019
-37.5 34.6 1856.3 0.9934869409 -0.0310588647 -0.1096313968 0.0365902558 0.9981377125 0.0488082692 0.1079113036 -0.0525018163 0.9927732348
-184.8 224.9 1830.5 0.1496007144 -0.8953658938 -0.4194515347 0.9760637879 0.0660046637 0.2072266042 -0.1578578651 -0.4404127002 0.8838085532
-221.0 -10.8 1868.6 0.0458799340 -0.8951641321 -0.4433692098 0.9610617757 0.1606263071 -0.2248542607 0.2724982202 -0.4157888889 0.8676775694
97.5 235.2 1861.2 0.4266914725 0.7411342263 0.5183188915 -0.3268190622 0.6607382894 -0.6757323742 -0.8432815075 0.1189327613 0.5241481662
193.3 161.8 1671.9 -0.6586986184 0.7411342263 0.1297542751 0.7498977184 0.6607382894 0.0328379720 -0.0613962673 0.1189327613 -0.9910022616
-126.6 -143.8 1869.2 0.9563976526 0.0563997962 -0.2865704894 -0.0920024663 0.9894032478 -0.1123241782 0.2771987021 0.1337917745 0.9514518380
-148.2 -523.4 1817.9 0.9604712129 0.0000000000 -0.2783793807 0.0000000000 1.0000000000 0.0000000000 0.2783793807 0.0000000000 0.9604712129
51.9 -133.8 1879.5 0.8516783118 -0.0176755395 -0.5237668157 -0.0429198854 0.9937211275 -0.1033255458 0.5223044753 0.1104801372 0.8455721140
58.8 -522.3 1836.3 0.8524638414 0.0000000000 -0.5227862000 0.0000000000 1.0000000000 0.0000000000 0.5227862000 0.0000000000 0.8524638414
-233.9 -281.6 1791.9 0 0 0 0 0 0 0 0 0
30.1 347.5 1656.7 0 0 0 0 0 0 0 0 0
-148.2 -900.0 1817.9 0 0 0 0 0 0 0 0 0
58.8 -898.9 1836.3 0 0 0 0 0 0 0 0 0
-48.0 455.2 1840.8 26 0.9899464846 -0.0177713204 -0.1403214633 0.0184541885 0.9998233318 0.0035666544 0.1402332932 -0.0061203158 0.9900995493
-43.8 215.4 1842.3 0.9899464846 -0.0177713204 -0.1403214633 0.0184541885 0.9998233318 0.0035666544 0.1402332932 -0.0061203158 0.9900995493
-35.5 20.7 1860.4 0.9888243079 -0.0428496487 -0.1427947879 0.0553778820 0.9948452115 0.0849486887 0.1384186894 -0.0919070020 0.9861000776
-184.4 207.4 1822.7 0.1595191211 -0.8773125410 -0.4526326656 0.9726788998 0.0613400899 0.2239044160 -0.1686696261 -0.4759832621 0.8631283045
-224.2 -35.5 1864.8 0.0310856216 -0.8790125251 -0.4757842422 0.9564931393 0.1643168479 -0.2410827726 0.2900941372 -0.4475901425 0.8458773494
96.8 223.3 1861.9 0.4280862510 0.7358503938 0.5246583223 -0.2624066472 0.6567388773 -0.7069913745 -0.8648033738 0.1649794579 0.4742329121
191.6 165.2 1670.5 -0.6584799886 0.7358503938 0.1578867733 0.7508135438 0.6567388773 0.0705198646 -0.0517983064 0.1649794579 -0.9849358797
-119.7 -167.9 1854.6 0.9447091222 0.0949863493 -0.3138507903 -0.1153924838 0.9922050834 -0.0470490791 0.3069353402 0.0806637183 0.9483059049
-156.4 -551.7 1823.4 0.9510622025 0.0000000000 -0.3089994490 0.0000000000 1.0000000000 0.0000000000 0.3089994490 0.0000000000 0.9510622025
58.3 -158.0 1876.4 0.8351274729 0.0134589262 -0.5498918295 -0.0608706735 0.9958217740 -0.0680717155 0.5466780663 0.0903208405 0.8324573636
53.1 -547.4 1841.0 0.8366789222 0.0000000000 -0.5476936698 0.0000000000 1.0000000000 0.0000000000 0.5476936698 0.0000000000 0.8366789222
-233.0 -304.9 1783.1 0 0 0 0 0 0 0 0 0
28.0 351.7 1657.7 0 0 0 0 0 0 0 0 0
-156.4 -928.4 1823.4 0 0 0 0 0 0 0 0 0
53.1 -924.0 1841.0 0 0 0 0 0 0 0 0 0
-49.0 452.6 1842.6 27 0.9895437360 -0.0054513426 -0.1441302449 0.0033031527 0.9998799562 -0.0151395993 0.1441954672 0.0145052113 0.9894428849
-47.7 205.7 1839.0 0.9895437360 -0.0054513426 -0.1441302449 0.0033031527 0.9998799562 -0.0151395993 0.1441954672 0.0145052113 0.9894428849
-36.5 12.0 1864.2 0.9872789383 -0.0572139099 -0.1483471543 0.0752217248 0.9900684357 0.1187696531 0.1400785595 -0.1284177154 0.9817774296
-188.2 194.9 1819.1 0.1471001357 -0.8732796907 -0.4644826353 0.9750334024 0.0490482971 0.2165735662 -0.1663472205 -0.4847441018 0.8586918712
-225.1 -49.7 1860.8 0.0140466029 -0.8769938946 -0.4802961946 0.9548757672 0.1542843431 -0.2537885308 0.2966731787 -0.4550583363 0.8395873904
92.9 216.4 1858.8 0.4466192126 0.7287523746 0.5190869570 -0.2256151289 0.6531454921 -0.7228407860 -0.8658112288 0.2057207078 0.4561248720
190.6 167.0 1669.3 -0.6587557793 0.7287523746 0.1869781315 0.7507052422 0.6531454921 0.0992101282 -0.0498243086 0.2057207078 -0.9773415327
-115.8 -180.9 1864.9 0.9404169321 0.1094983742 -0.3219100833 -0.1376009881 0.9882990122 -0.0658108220 0.3109372258 0.1061847508 0.9444801807
-158.4 -565.5 1823.5 0.9494483471 0.0000000000 -0.3139233291 0.0000000000 1.0000000000 0.0000000000 0.3139233291 0.0000000000 0.9494483471
62.1 -169.1 1890.9 0.8327453136 0.0257530343 -0.5530569553 -0.0943467319 0.9909079075 -0.0959176347 0.5455583334 0.1320540756 0.8276036382
52.0 -556.6 1839.3 0.8364765048 0.0000000000 -0.5480027795 0.0000000000 1.0000000000 0.0000000000 0.5480027795 0.0000000000 0.8364765048
-229.1 -318.6 1777.3 0 0 0 0 0 0 0 0 0
26.6 354.0 1656.9 0 0 0 0 0 0 0 0 0
-158.4 -942.1 1823.5 0 0 0 0 0 0 0 0 0
52.0 -933.3 1839.3 0 0 0 0 0 0 0 0 0
-47.8 449.6 1842.9 28 0.9988902211 -0.0057811821 -0.0467433967 0.0065167774 0.9998570681 0.0155998301 0.0466465317 -0.0158871338 0.9987851381
-46.5 227.4 1846.4 0.9988902211 -0.0057811821 -0.0467433967 0.0065167774 0.9998570681 0.0155998301 0.0466465317 -0.0158871338 0.9987851381
-40.7 32.8 1864.2 0.9983357787 -0.0318134241 -0.0480999723 0.0359439179 0.9955069423 0.0876011625 0.0450969636 -0.0891842768 0.9949936867
-187.9 222.0 1840.2 0.1300808489 -0.9134597182 -0.3855778873 0.9899220467 0.0976959765 0.1025177091 -0.0559763908 -0.3950276375 0.9169622660
-225.5 -64.1 1856.4 -0.0197863933 -0.9138602018 -0.4055466056 0.9478172660 0.1119501442 -0.2985123396 0.3181995451 -0.3902905583 0.8639573455
94.9 232.7 1852.7 0.4433131516 0.7420970798 0.5027577877 -0.3067370951 0.6526149511 -0.6928247213 -0.8422504663 0.1529238373 0.5169414878
192.1 165.5 1668.1 -0.6523923874 0.7420970798 0.1538704783 0.7556032538 0.6526149511 0.0561913401 -0.0587187409 0.1529238373 -0.9864919782
-116.1 -184.5 1875.4 0.9657290578 0.1112065613 -0.2345217764 -0.1406645477 0.9836074710 -0.1128263697 0.2181303352 0.1419486105 0.9655411839
-160.0 -572.7 1819.4 0.9754274487 0.0000000000 -0.2203209251 0.0000000000 1.0000000000 0.0000000000 0.2203209251 0.0000000000 0.9754274487
62.0 -171.4 1898.0 0.8795427084 0.0257502273 -0.4751226306 -0.1020150483 0.9855200052 -0.1354371011 0.4647553563 0.1675923765 0.8694338799
51.9 -559.4 1832.0 0.8841555119 0.0000000000 -0.4671927392 0.0000000000 1.0000000000 0.0000000000 0.4671927392 0.0000000000 0.8841555119
-219.9 -330.8 1766.8 0 0 0 0 0 0 0 0 0
30.9 352.2 1653.6 0 0 0 0 0 0 0 0 0
-160.0 -949.3 1819.4 0 0 0 0 0 0 0 0 0
51.9 -936.1 1832.0 0 0 0 0 0 0 0 0 0
-47.8 447.7 1845.1 29 0.9981213808 0.0054980121 -0.0610200949 -0.0056103328 0.9999828935 -0.0016695342 0.0610098690 0.0020087408 0.9981351495
-49.1 214.4 1844.6 0.9981213808 0.0054980121 -0.0610200949 -0.0056103328 0.9999828935 -0.0016695342 0.0610098690 0.0020087408 0.9981351495
-41.6 19.3 1857.9 0.9972974062 -0.0392026417 -0.0621375740 0.0432113521 0.9969791174 0.0645398945 0.0594197288 -0.0670505166 0.9959786534
-190.8 208.1 1836.2 0.1300945133 -0.9116151929 -0.3899143040 0.9860727191 0.0778614134 0.1469630748 -0.1036144868 -0.4036029577 0.9090482593
-223.7 -41.2 1862.4 -0.0459334403 -0.9121598601 -0.4072524309 0.9485451579 0.0880321562 -0.3041586280 0.3132925928 -0.4002683461 0.8611811399
92.6 220.6 1853.0 0.4536667764 0.7360228896 0.5024507642 -0.2527216971 0.6469182968 -0.7194640040 -0.8545865417 0.1994167119 0.4794943035
191.0 165.8 1667.7 -0.6509853005 0.7360228896 0.1857106239 0.7571913004 0.6469182968 0.0903219134 -0.0536606014 0.1994167119 -0.9784444571
-124.5 -167.3 1875.4 0.9667656422 0.0754450783 -0.2442789823 -0.1056171507 0.9879819155 -0.1128572673 0.2328286916 0.1349065751 0.9631152749
-153.8 -551.3 1822.9 0.9722033143 0.0000000000 -0.2341382653 0.0000000000 1.0000000000 0.0000000000 0.2341382653 0.0000000000 0.9722033143
54.0 -156.8 1883.9 0.8744461536 -0.0034518882 -0.4851102829 -0.0468036346 0.9947096109 -0.0914449468 0.4828595221 0.1026686057 0.8696584702
55.3 -546.4 1843.7 0.8754054904 0.0000000000 -0.4833892882 0.0000000000 1.0000000000 0.0000000000 0.4833892882 0.0000000000 0.8754054904
-210.8 -308.2 1774.2 0 0 0 0 0 0 0 0 0
29.4 353.8 1654.4 0 0 0 0 0 0 0 0 0
-153.8 -928.0 1822.9 0 0 0 0 0 0 0 0 0
55.3 -923.0 1843.7 0 0 0 0 0 0 0 0 0
-47.6 446.6 1844.7 30 0.9971377850 0.0142661203 -0.0742475539 -0.0152419619 0.9998045564 -0.0125930719 0.0740533918 0.0136887068 0.9971603155
-51.1 204.6 1841.4 0.9971377850 0.0142661203 -0.0742475539 -0.0152419619 0.9998045564 -0.0125930719 0.0740533918 0.0136887068 0.9971603155
-39.3 10.5 1862.1 0.9951921105 -0.0606674626 -0.0768903047 0.0683006346 0.9925513864 0.1008798331 0.0701974556 -0.1056464761 0.9919229746
-192.6 194.8 1831.5 0.1273194104 -0.9042238593 -0.4076383114 0.9858231544 0.0700817108 0.1524509937 -0.1092818379 -0.4212692678 0.9003275633
-224.9 -55.5 1859.2 -0.0446747467 -0.9058711529 -0.4211906493 0.9459833503 0.0971641541 -0.3093130589 0.3211224377 -0.4122578502 0.8525983095
90.5 214.4 1851.3 0.4654288292 0.7297987938 0.5007691383 -0.2146616280 0.6419704556 -0.7360667586 -0.8586596251 0.2350907773 0.4554513395
190.6 168.2 1666.6 -0.6545598507 0.7297987938 0.1973451674 0.7553831935 0.6419704556 0.1314158589 -0.0307826344 0.2350907773 -0.9714858532
-123.9 -180.7 1864.6 0.9633979201 0.0837178454 -0.2546679080 -0.1081617475 0.9906185269 -0.0835219175 0.2452864945 0.1080101728 0.9634149075
-156.6 -567.1 1822.4 0.9690832496 0.0000000000 -0.2467340082 0.0000000000 1.0000000000 0.0000000000 0.2467340082 0.0000000000 0.9690832496
55.3 -170.9 1875.5 0.8690180779 0.0050976695 -0.4947540760 -0.0337335952 0.9982305765 -0.0489666574 0.4936290383 0.0592427440 0.8676523566
53.3 -561.5 1852.3 0.8695129156 0.0000000000 -0.4939101636 0.0000000000 1.0000000000 0.0000000000 0.4939101636 0.0000000000 0.8695129156
-212.4 -321.9 1768.8 0 0 0 0 0 0 0 0 0
27.7 356.2 1658.9 0 0 0 0 0 0 0 0 0
-156.6 -943.8 1822.4 0 0 0 0 0 0 0 0 0
53.3 -938.2 1852.3 0 0 0 0 0 0 0 0 0
-48.2 444.6 1847.0 31 0.9999888539 -0.0012093988 -0.0045635388 0.0012290782 0.9999899268 0.0043119513 0.0045582778 -0.0043175123 0.9999802709
-47.9 224.6 1847.9 0.9999888539 -0.0012093988 -0.0045635388 0.0012290782 0.9999899268 0.0043119513 0.0045582778 -0.0043175123 0.9999802709
-40.3 29.7 1860.9 0.9991525412 -0.0407440811 -0.0058460361 0.0410394371 0.9970175028 0.0653594881 0.0031655880 -0.0655440167 0.9978446364
-189.8 218.6 1847.6 0.1259516329 -0.9289656281 -0.3480790257 0.9915335178 0.1067134589 0.0739835575 -0.0315834656 -0.3544503748 0.9345412850
-226.0 -66.2 1856.7 -0.0276277903 -0.9286319017 -0.3699722290 0.9500436783 0.0907162204 -0.2986429334 0.3108918369 -0.3597406149 0.8797345757
94.0 230.7 1848.3 0.4533219635 0.7436160445 0.4914614558 -0.2999970019 0.6464880705 -0.7014663219 -0.8393455744 0.1705531180 0.5161498189
191.9 165.9 1666.9 -0.6475308537 0.7436160445 0.1665501744 0.7598930597 0.6464880705 0.0679393038 -0.0571519434 0.1705531180 -0.9836896062
-118.4 -187.2 1875.0 0.9759483337 0.1048800796 -0.1911152899 -0.1296837032 0.9839905500 -0.1222486049 0.1752341986 0.1440928578 0.9739251733
-159.7 -574.2 1818.3 0.9842599630 0.0000000000 -0.1767265797 0.0000000000 1.0000000000 0.0000000000 0.1767265797 0.0000000000 0.9842599630
60.7 -174.0 1885.4 0.8998667598 0.0253028758 -0.4354303181 -0.0654872060 0.9948371649 -0.0775267929 0.4312206209 0.0982789025 0.8968779445
50.8 -565.5 1846.7 0.9018025994 0.0000000000 -0.4321482480 0.0000000000 1.0000000000 0.0000000000 0.4321482480 0.0000000000 0.9018025994
-218.2 -333.7 1769.1 0 0 0 0 0 0 0 0 0
31.9 353.6 1652.8 0 0 0 0 0 0 0 0 0
-159.7 -950.9 1818.3 0 0 0 0 0 0 0 0 0
50.8 -942.2 1846.7 0 0 0 0 0 0 0 0 0
-49.3 444.5 1850.6 32 0.9996184111 -0.0056609404 0.0270359721 0.0052366327 0.9998624325 0.0157392938 -0.0271213520 -0.0155917099 0.9995105267
-48.1 235.7 1853.9 0.9996184111 -0.0056609404 0.0270359721 0.0052366327 0.9998624325 0.0157392938 -0.0271213520 -0.0155917099 0.9995105267
-43.3 40.4 1863.2 0.9993212819 -0.0255430993 0.0265430119 0.0242676679 0.9985854030 0.0473106690 -0.0277139246 -0.0466344208 0.9985275269
-190.2 232.1 1857.9 0.1179226115 -0.9405221343 -0.3186101317 0.9928979874 0.1065872312 0.0528466403 -0.0157436617 -0.3225791752 0.9464115500
-223.0 -44.4 1862.3 -0.0057003014 -0.9405121803 -0.3397121429 0.9537016749 0.0970416665 -0.2846682370 0.3007001877 -0.3256067336 0.8964148760
94.0 239.3 1849.9 0.4408438206 0.7640455365 0.4710532129 -0.3463906646 0.6289646029 -0.6960007548 -0.8280520439 0.1436592042 0.5419334173
190.9 163.2 1667.9 -0.6258386970 0.7640455365 0.1567174047 0.7766427398 0.6289646029 0.0350661799 -0.0717775375 0.1436592042 -0.9870207906
-123.2 -167.7 1872.9 0.9836121202 0.0828915685 -0.1601129174 -0.1017376408 0.9883347154 -0.1133310273 0.1488509625 0.1277632862 0.9805712104
-155.7 -555.5 1822.8 0.9887424707 0.0000000000 -0.1496273428 0.0000000000 1.0000000000 0.0000000000 0.1496273428 0.0000000000 0.9887424707
56.6 -159.7 1872.2 0.9132948518 0.0074919634 -0.4072301388 -0.0272264350 0.9987174273 -0.0426869392 0.4063880444 0.0500731841 0.9123274684
53.6 -551.3 1852.6 0.9136335254 0.0000000000 -0.4065387547 0.0000000000 1.0000000000 0.0000000000 0.4065387547 0.0000000000 0.9136335254
-221.4 -313.0 1777.6 0 0 0 0 0 0 0 0 0
35.8 355.7 1650.1 0 0 0 0 0 0 0 0 0
-155.7 -932.2 1822.8 0 0 0 0 0 0 0 0 0
53.6 -928.0 1852.6 0 0 0 0 0 0 0 0 0
-50.5 444.0 1853.0 33 0.9990677238 -0.0090825688 0.0422042459 0.0082529793 0.9997701049 0.0197893754 -0.0423742831 -0.0194226149 0.9989129901
-48.7 240.9 1856.9 0.9990677238 -0.0090825688 0.0422042459 0.0082529793 0.9997701049 0.0197893754 -0.0423742831 -0.0194226149 0.9989129901
-45.1 45.3 1863.8 0.9989395142 -0.0188991930 0.0419837497 0.0174106862 0.9992165565 0.0355414599 -0.0426225588 -0.0347728021 0.9984859228
-190.9 238.3 1863.0 0.1213713288 -0.9452468753 -0.3029477000 0.9924915433 0.1109088510 0.0515725166 -0.0151491808 -0.3069324493 0.9516107440
-223.8 -30.9 1867.1 0.0049142707 -0.9453282952 -0.3260832131 0.9537816644 0.1024083868 -0.2825119495 0.3004602194 -0.3096238673 0.9021400809
93.5 243.4 1850.8 0.4370025992 0.7704645991 0.4641261101 -0.3710885644 0.6244795322 -0.6872543693 -0.8193424344 0.1281000674 0.5588097572
190.8 160.8 1668.3 -0.6214742064 0.7704645991 0.1419651806 0.7805455327 0.6244795322 0.0278205909 -0.0672195628 0.1281000674 -0.9894806147
-128.9 -156.6 1874.6 0.9874450564 0.0591133125 -0.1464848965 -0.0782570913 0.9886068702 -0.1285781413 0.1372152865 0.1384273320 0.9808210135
-152.1 -544.1 1820.3 0.9904826880 0.0000000000 -0.1376373917 0.0000000000 1.0000000000 0.0000000000 0.1376373917 0.0000000000 0.9904826880
51.2 -151.9 1868.9 0.9191411138 -0.0136511186 -0.3936917782 -0.0060335095 0.9987943172 -0.0487190932 0.3938821554 0.0471550673 0.9179505706
56.5 -543.2 1850.4 0.9191578627 0.0000000000 -0.3938893378 0.0000000000 1.0000000000 0.0000000000 0.3938893378 0.0000000000 0.9191578627
-225.2 -299.5 1782.5 0 0 0 0 0 0 0 0 0
37.5 353.3 1651.7 0 0 0 0 0 0 0 0 0
-152.1 -920.7 1820.3 0 0 0 0 0 0 0 0 0
56.5 -919.9 1850.4 0 0 0 0 0 0 0 0 0
-50.0 442.0 1853.6 34 0.9993169308 -0.0070646517 0.0362733714 0.0062656337 0.9997362494 0.0220942870 -0.0364198945 -0.0218519196 0.9990976453
-48.6 241.7 1858.0 0.9993169308 -0.0070646517 0.0362733714 0.0062656337 0.9997362494 0.0220942870 -0.0364198945 -0.0218519196 0.9990976453
-46.5 46.0 1864.0 0.9992849231 -0.0109303789 0.0361959152 0.0098205190 0.9994804263 0.0306996908 -0.0365126692 -0.0303222761 0.9988730550
-190.9 240.3 1863.2 0.1197627261 -0.9438891411 -0.3077826202 0.9926491976 0.1083963513 0.0538309626 -0.0174479522 -0.3119671047 0.9499326944
-223.0 -26.0 1867.9 0.0162522439 -0.9438436627 -0.3299925029 0.9560160041 0.1113371626 -0.2713621259 0.2928638458 -0.3110678792 0.9041391015
93.7 243.1 1852.8 0.4332017899 0.7753314972 0.4595620334 -0.3755523860 0.6187957525 -0.6899653673 -0.8193269372 0.1263046265 0.5592409968
191.1 158.7 1668.6 -0.6174579263 0.7753314972 0.1326904595 0.7847303152 0.6187957525 0.0359188765 -0.0542592593 0.1263046265 -0.9905064702
-131.9 -151.6 1874.3 0.9871425629 0.0444164425 -0.1535470486 -0.0653286949 0.9888317585 -0.1339546889 0.1458824128 0.1422634125 0.9790196419
-149.3 -539.0 1818.6 0.9892558455 0.0000000000 -0.1461947113 0.0000000000 1.0000000000 0.0000000000 0.1461947113 0.0000000000 0.9892558455
48.4 -148.2 1866.3 0.9163216352 -0.0260376632 -0.3995957077 0.0059057581 0.9986540079 -0.0515296869 0.4003995657 0.0448578522 0.9152420163
58.6 -539.4 1848.7 0.9163376093 0.0000000000 -0.4004065394 0.0000000000 1.0000000000 0.0000000000 0.4004065394 0.0000000000 0.9163376093
-227.6 -295.3 1785.4 0 0 0 0 0 0 0 0 0
39.8 351.0 1655.3 0 0 0 0 0 0 0 0 0
-149.3 -915.6 1818.6 0 0 0 0 0 0 0 0 0
58.6 -916.1 1848.7 0 0 0 0 0 0 0 0 0
-49.6 441.6 1853.4 35 0.9994921088 -0.0040895976 0.0316035226 0.0033147035 0.9996935129 0.0245328471 -0.0316941664 -0.0244156308 0.9991993308
-48.8 242.6 1858.3 0.9994921088 -0.0040895976 0.0316035226 0.0033147035 0.9996935129 0.0245328471 -0.0316941664 -0.0244156308 0.9991993308
-47.8 46.8 1864.2 0.9994878769 -0.0051786662 0.0315772779 0.0042249663 0.9995351434 0.0301943757 -0.0317189619 -0.0300455000 0.9990451336
-191.2 241.9 1862.8 0.1174800098 -0.9427939653 -0.3119903505 0.9928831458 0.1053312197 0.0555731580 -0.0195317119 -0.3162987232 0.9484585524
-222.8 -25.3 1868.1 0.0178842582 -0.9427168369 -0.3331142664 0.9592961669 0.1100920215 -0.2600588202 0.2818350494 -0.3149043024 0.9063135982
93.6 243.2 1853.8 0.4314705431 0.7865166664 0.4418423474 -0.3793885708 0.6025617123 -0.7021279335 -0.8184726834 0.1353175938 0.5583831072
191.0 157.6 1669.1 -0.6045582891 0.7865166664 0.1260982454 0.7959761024 0.6025617123 0.0578048378 -0.0305175111 0.1353175938 -0.9903321862
-134.8 -150.4 1873.2 0.9867801666 0.0321150310 -0.1588505059 -0.0531536415 0.9900851250 -0.1300238073 0.1530998051 0.1367484033 0.9787033796
-147.3 -538.3 1819.6 0.9881771207 0.0000000000 -0.1533165425 0.0000000000 1.0000000000 0.0000000000 0.1533165425 0.0000000000 0.9881771207
45.7 -148.6 1866.4 0.9139692783 -0.0374597609 -0.4040506184 0.0157817416 0.9982579350 -0.0568504967 0.4054763615 0.0455829836 0.9129682779
60.4 -539.6 1848.5 0.9140831232 0.0000000000 -0.4055268764 0.0000000000 1.0000000000 0.0000000000 0.4055268764 0.0000000000 0.9140831232
-227.8 -295.5 1788.7 0 0 0 0 0 0 0 0 0
43.3 352.0 1661.7 0 0 0 0 0 0 0 0 0
-147.3 -914.9 1819.6 0 0 0 0 0 0 0 0 0
60.4 -916.3 1848.5 0 0 0 0 0 0 0 0 0
-50.5 441.0 1855.4 36 0.9994409680 -0.0041430620 0.0331756733 0.0034113138 0.9997503161 0.0220830776 -0.0332588814 -0.0219575595 0.9992055297
-49.7 243.2 1859.7 0.9994409680 -0.0041430620 0.0331756733 0.0034113138 0.9997503161 0.0220830776 -0.0332588814 -0.0219575595 0.9992055297
-48.7 47.4 1864.7 0.9994381666 -0.0048797796 0.0331587233 0.0040235878 0.9996580482 0.0258388594 -0.0332734734 -0.0256909262 0.9991160631
-192.1 242.6 1864.5 0.1234435067 -0.9424670339 -0.3106727898 0.9922811389 0.1134990305 0.0499611385 -0.0118256668 -0.3144421279 0.9492029548
-225.5 -25.9 1867.7 0.0057162810 -0.9426733851 -0.3336677849 0.9601461887 0.0984171480 -0.2615978122 0.2794399261 -0.3188744783 0.9056668282
92.8 243.8 1855.0 0.4310475588 0.7933232188 0.4299258590 -0.3806860149 0.5918692350 -0.7104709148 -0.8180930018 0.1425800025 0.5571308732
190.7 157.3 1669.1 -0.5967264175 0.7933232188 0.1206474453 0.8023753762 0.5918692350 0.0767109543 -0.0105509283 0.1425800025 -0.9897270203
-137.2 -149.2 1872.9 0.9872290492 0.0268969890 -0.1570201367 -0.0465789251 0.9913070798 -0.1230472401 0.1523455828 0.1287896484 0.9799000025
-147.7 -537.5 1822.5 0.9883017540 0.0000000000 -0.1525111049 0.0000000000 1.0000000000 0.0000000000 0.1525111049 0.0000000000 0.9883017540
43.5 -148.4 1867.1 0.9142658114 -0.0465462804 -0.4024319351 0.0219537541 0.9976103306 -0.0655104220 0.4045195282 0.0510590486 0.9131029248
61.7 -539.2 1847.1 0.9144862294 0.0000000000 -0.4046170413 0.0000000000 1.0000000000 0.0000000000 0.4046170413 0.0000000000 0.9144862294
-227.1 -296.4 1788.9 0 0 0 0 0 0 0 0 0
45.1 353.1 1666.5 0 0 0 0 0 0 0 0 0
-147.7 -914.2 1822.5 0 0 0 0 0 0 0 0 0
61.7 -915.8 1847.1 0 0 0 0 0 0 0 0 0
-50.2 441.5 1854.3 37 0.9987137914 -0.0120382560 -0.0492524095 0.0117230108 0.9999089241 -0.0066844895 0.0493283942 0.0060985056 0.9987639785
-47.6 225.8 1853.0 0.9987137914 -0.0120382560 -0.0492524095 0.0117230108 0.9999089241 -0.0066844895 0.0493283942 0.0060985056 0.9987639785
-46.5 30.2 1862.2 0.9987424016 -0.0062704394 -0.0497421920 0.0086013796 0.9988679290 0.0467856824 0.0493925139 -0.0471546948 0.9976657033
-189.4 224.5 1846.0 0.1474704891 -0.9136228561 -0.3788742721 0.9851915836 0.1018135622 0.1379546970 -0.0874640271 -0.3936080039 0.9151080847
-227.0 -26.6 1868.3 0.0044859811 -0.9136767983 -0.4064167142 0.9598065615 0.1179876402 -0.2546570897 0.2806264162 -0.3889390528 0.8774822950
94.3 227.2 1860.0 0.4186155498 0.7925207615 0.4434769750 -0.3153825700 0.5847944021 -0.7473616004 -0.8516424298 0.1729922742 0.4947512746
188.3 156.4 1668.8 -0.5945246816 0.7925207615 0.1358351558 0.8040580153 0.5847944021 0.1072670892 0.0055757649 0.1729922742 -0.9849073887
-138.1 -148.7 1872.8 0.9710720181 0.0246652383 -0.2375096083 -0.0551493056 0.9909259081 -0.1225740835 0.2323310971 0.1321267486 0.9636206627
-147.8 -536.9 1821.0 0.9725521207 0.0000000000 -0.2326852232 0.0000000000 1.0000000000 0.0000000000 0.2326852232 0.0000000000 0.9725521207
42.5 -147.9 1866.7 0.8783394098 -0.0480196998 -0.4756195843 0.0200299770 0.9977650642 -0.0637468696 0.4776177108 0.0464647412 0.8773382306
61.3 -538.8 1848.5 0.8785156608 0.0000000000 -0.4777135551 0.0000000000 1.0000000000 0.0000000000 0.4777135551 0.0000000000 0.8785156608
-228.3 -297.0 1789.2 0 0 0 0 0 0 0 0 0
42.4 353.7 1670.1 0 0 0 0 0 0 0 0 0
-147.8 -913.5 1821.0 0 0 0 0 0 0 0 0 0
61.3 -915.4 1848.5 0 0 0 0 0 0 0 0 0
-50.5 441.7 1849.8 38 0.9951276779 -0.0202032365 -0.0965023190 0.0189470425 0.9997236133 -0.0139159830 0.0967567936 0.0120197460 0.9952355027
-45.9 216.7 1847.1 0.9951276779 -0.0202032365 -0.0965023190 0.0189470425 0.9997236133 -0.0139159830 0.0967567936 0.0120197460 0.9952355027
-43.4 21.5 1861.7 0.9950922132 -0.0138447899 -0.0979788229 0.0210292675 0.9971336722 0.0726784840 0.0966917649 -0.0743822157 0.9925311208
-187.3 213.6 1833.4 0.1535235643 -0.8943209648 -0.4202623963 0.9800273180 0.0834016874 0.1805286705 -0.1263999790 -0.4395840466 0.8892631531
-227.0 -40.1 1866.1 0.0116489315 -0.8951351643 -0.4456425905 0.9572877288 0.1387480050 -0.2536715269 0.2889023423 -0.4236531556 0.8585181832
95.5 219.9 1860.8 0.4180720150 0.7905433178 0.4475008547 -0.3050397933 0.5861845016 -0.7505587339 -0.8556672931 0.1772820503 0.4862145185
188.0 152.4 1671.6 -0.5957653522 0.7905433178 0.1417915970 0.8031579256 0.5861845016 0.1064194366 0.0010131391 0.1772820503 -0.9841595888
-135.4 -166.2 1867.0 0.9586208463 0.0362449177 -0.2823691368 -0.0687942430 0.9919596910 -0.1062230095 0.2762487531 0.1212529689 0.9534066916
-149.6 -554.7 1819.5 0.9608973861 0.0000000000 -0.2769047618 0.0000000000 1.0000000000 0.0000000000 0.2769047618 0.0000000000 0.9608973861
44.5 -164.5 1875.9 0.8568329215 -0.0395109728 -0.5140780807 -0.0104883900 0.9955174327 -0.0939947963 0.5154874921 0.0859296843 0.8525776863
59.9 -554.1 1842.3 0.8568800092 0.0000000000 -0.5155158639 0.0000000000 1.0000000000 0.0000000000 0.5155158639 0.0000000000 0.8568800092
-230.3 -309.7 1784.7 0 0 0 0 0 0 0 0 0
39.6 352.4 1671.8 0 0 0 0 0 0 0 0 0
-149.6 -931.4 1819.5 0 0 0 0 0 0 0 0 0
59.9 -930.8 1842.3 0 0 0 0 0 0 0 0 0
-52.7 444.5 1851.5 39 0.9915218353 -0.0390163176 -0.1239442229 0.0343175381 0.9986172915 -0.0398225859 0.1253265738 0.0352315046 0.9914897680
-43.6 211.6 1843.3 0.9915218353 -0.0390163176 -0.1239442229 0.0343175381 0.9986172915 -0.0398225859 0.1253265738 0.0352315046 0.9914897680
-38.2 17.0 1863.1 0.9912786484 -0.0288751293 -0.1285802424 0.0414571054 0.9944907427 0.0962783694 0.1250918061 -0.1007692590 0.9870144725
-184.6 205.6 1825.6 0.1654608995 -0.8790046573 -0.4471839368 0.9746431708 0.0764816999 0.2102883458 -0.1506430507 -0.4706392884 0.8693706393
-227.8 -48.6 1864.9 0.0097740730 -0.8808916807 -0.4732169807 0.9535143971 0.1507518142 -0.2609295845 0.3011890054 -0.4486688375 0.8414163589
97.4 217.6 1861.1 0.4102585018 0.8036436439 0.4310972989 -0.3105012476 0.5675581694 -0.7625396252 -0.8574829102 0.1789821088 0.4823779166
185.8 150.7 1676.2 -0.5757828355 0.8036436439 0.1504360586 0.8175706267 0.5675581694 0.0972415209 -0.0072336961 0.1789821088 -0.9838257432
-130.6 -175.6 1867.6 0.9494251609 0.0563055165 -0.3089038134 -0.0897084996 0.9914260507 -0.0950093344 0.3009057641 0.1179155558 0.9463359118
-152.7 -563.9 1821.4 0.9532686472 0.0000000000 -0.3021239042 0.0000000000 1.0000000000 0.0000000000 0.3021239042 0.0000000000 0.9532686472
48.8 -171.6 1885.0 0.8437547684 -0.0229824521 -0.5362365842 -0.0426805653 0.9930460453 -0.1097175553 0.5350291729 0.1154615954 0.8369064331
57.7 -560.3 1839.8 0.8445243239 0.0000000000 -0.5355171561 0.0000000000 1.0000000000 0.0000000000 0.5355171561 0.0000000000 0.8445243239
-230.5 -317.2 1780.0 0 0 0 0 0 0 0 0 0
40.6 356.9 1674.3 0 0 0 0 0 0 0 0 0
-152.7 -940.6 1821.4 0 0 0 0 0 0 0 0 0
57.7 -936.9 1839.8 0 0 0 0 0 0 0 0 0
-55.9 450.5 1848.4 40 0.9962524176 -0.0386967026 -0.0773539394 0.0388917662 0.9992429018 0.0010162711 0.0772560462 -0.0040208939 0.9970031977
-47.6 234.7 1849.3 0.9962524176 -0.0386967026 -0.0773539394 0.0388917662 0.9992429018 0.0010162711 0.0772560462 -0.0040208939 0.9970031977
-41.4 39.7 1863.5 0.9962736964 -0.0326779373 -0.0798180327 0.0382980667 0.9968166351 0.0699270964 0.0772788748 -0.0727234036 0.9943537116
-189.3 229.1 1838.3 0.1365175694 -0.9012838602 -0.4111572802 0.9867164493 0.0868205652 0.1373055130 -0.0880543441 -0.4244402647 0.9011641741
-228.2 -52.6 1863.5 0.0008639906 -0.9022101760 -0.4312958419 0.9532545209 0.1310666502 -0.2722633481 0.3021672666 -0.4108994901 0.8601491451
94.1 240.4 1860.2 0.4136276841 0.8114202619 0.4129277170 -0.4152994752 0.5717650652 -0.7075387239 -0.8102089167 0.1211689487 0.5734802485
186.2 147.9 1679.8 -0.5750041008 0.8114202619 0.1047257483 0.8180919290 0.5717650652 0.0617276542 -0.0097914515 0.1211689487 -0.9925836325
-122.6 -180.0 1871.5 0.9616935253 0.0844554678 -0.2607927918 -0.1145068109 0.9881463051 -0.1022501141 0.2490658611 0.1281958222 0.9599645734
-155.7 -568.2 1821.1 0.9680609703 0.0000000000 -0.2507149577 0.0000000000 1.0000000000 0.0000000000 0.2507149577 0.0000000000 0.9680609703
56.1 -171.6 1892.8 0.8690741658 0.0038244685 -0.4946670532 -0.0723389983 0.9902030826 -0.1194357947 0.4893640578 0.1395822912 0.8608365655
54.6 -561.0 1837.9 0.8713570237 0.0000000000 -0.4906495214 0.0000000000 1.0000000000 0.0000000000 0.4906495214 0.0000000000 0.8713570237
-228.5 -321.1 1778.3 0 0 0 0 0 0 0 0 0
40.9 354.5 1677.3 0 0 0 0 0 0 0 0 0
-155.7 -944.9 1821.1 0 0 0 0 0 0 0 0 0
54.6 -937.7 1837.9 0 0 0 0 0 0 0 0 0
-57.7 452.6 1847.3 41 0.9842739701 -0.0971806645 -0.1475148499 0.0996668562 0.9949751496 0.0095390314 0.1458466053 -0.0240913611 0.9890138507
-35.9 229.9 1852.7 0.9842739701 -0.0971806645 -0.1475148499 0.0996668562 0.9949751496 0.0095390314 0.1458466053 -0.0240913611 0.9890138507
-46.4 35.4 1863.6 0.9874148369 0.0537364408 -0.1487423331 -0.0443352722 0.9968463182 0.0658162609 0.1518099755 -0.0583934225 0.9866833091
-175.6 236.1 1831.3 0.1827674061 -0.8709056377 -0.4562011659 0.9737778902 0.0964174718 0.2060589790 -0.1354721487 -0.4818994701 0.8656905890
-226.0 -32.4 1868.6 -0.0013424319 -0.8720093369 -0.4894874394 0.9555455446 0.1432023942 -0.2577320039 0.2948404849 -0.4680735171 0.8330523968
103.8 223.6 1874.2 0.3667292297 0.8171443939 0.4447299242 -0.3336155415 0.5617519617 -0.7570570707 -0.8684528470 0.1292661279 0.4786229432
184.1 150.5 1683.9 -0.5655878186 0.8171443939 0.1112900078 0.8246458173 0.5617519617 0.0662873089 -0.0083510801 0.1292661279 -0.9915747643
-125.3 -158.2 1870.7 0.9378725886 0.0712708607 -0.3395812809 -0.1068914086 0.9904263616 -0.0873486772 0.3301048577 0.1182202548 0.9365119934
-153.3 -546.8 1824.4 0.9432769418 0.0000000000 -0.3320070207 0.0000000000 1.0000000000 0.0000000000 0.3320070207 0.0000000000 0.9432769418
49.5 -155.6 1885.8 0.8240336180 -0.0135422777 -0.5663790107 -0.0457033478 0.9948670268 -0.0902820453 0.5646944642 0.1002808586 0.8191848993
54.8 -541.1 1846.9 0.8248955607 0.0000000000 -0.5652851462 0.0000000000 1.0000000000 0.0000000000 0.5652851462 0.0000000000 0.8248955607
-225.6 -301.6 1785.6 0 0 0 0 0 0 0 0 0
40.0 360.8 1681.8 0 0 0 0 0 0 0 0 0
-153.3 -923.4 1824.4 0 0 0 0 0 0 0 0 0
54.8 -917.7 1846.9 0 0 0 0 0 0 0 0 0
-58.7 453.3 1846.3 42 0.9687755108 -0.1329824328 -0.2092597783 0.1336812824 0.9909648299 -0.0108657172 0.2088140249 -0.0174476746 0.9777997136
-27.1 217.6 1850.5 0.9687755108 -0.1329824328 -0.2092597783 0.1336812824 0.9909648299 -0.0108657172 0.2088140249 -0.0174476746 0.9777997136
-42.6 23.2 1863.0 0.9741017222 0.0792364627 -0.2117721140 -0.0630906075 0.9946374297 0.0819507241 0.2171299607 -0.0664675087 0.9738771319
-165.1 226.4 1819.7 0.2466165721 -0.8921560645 -0.3784677386 0.9483945370 0.1418581605 0.2835913599 -0.1993190199 -0.4288750589 0.8811005354
-228.3 -16.6 1870.7 0.0209270455 -0.8921560645 -0.4512422979 0.9613713622 0.1418581605 -0.2358842641 0.2744579911 -0.4288750589 0.8606619239
110.9 208.7 1881.3 0.3559786081 0.8013650775 0.4807215631 -0.2415331900 0.5758396983 -0.7810699940 -0.9027407765 0.1619340032 0.3985428810
187.0 157.1 1688.3 -0.5826762915 0.8013650775 0.1352861226 0.8126791120 0.5758396983 0.0892258510 -0.0064006429 0.1619340032 -0.9867808223
-145.6 -154.7 1860.7 0.9152559042 0.0007174091 -0.4028722942 -0.0374356322 0.9958232641 -0.0832739621 0.4011298716 0.0912987664 0.9114600420
-145.9 -544.0 1825.0 0.9158979058 0.0000000000 -0.4014112353 0.0000000000 1.0000000000 0.0000000000 0.4014112353 0.0000000000 0.9158979058
29.2 -164.9 1888.5 0.7813077569 -0.1052345410 -0.6152104735 -0.0049297884 0.9846123457 -0.1746831685 0.6241264939 0.1395141631 0.7687664628
70.0 -546.6 1834.4 0.7813172340 0.0000000000 -0.6241341233 0.0000000000 1.0000000000 0.0000000000 0.6241341233 0.0000000000 0.7813172340
-234.2 -287.3 1793.5 0 0 0 0 0 0 0 0 0
37.9 365.1 1686.7 0 0 0 0 0 0 0 0 0
-145.9 -920.6 1825.0 0 0 0 0 0 0 0 0 0
70.0 -923.2 1834.4 0 0 0 0 0 0 0 0 0
-59.9 461.8 1846.3 43 0.9842255712 -0.0958919451 -0.1486768126 0.0994618833 0.9949004054 0.0167476553 0.1463126689 -0.0312711447 0.9887440205
-38.9 243.8 1853.1 0.9842255712 -0.0958919451 -0.1486768126 0.0994618833 0.9949004054 0.0167476553 0.1463126689 -0.0312711447 0.9887440205
-42.1 48.9 1863.8 0.9885007739 0.0158371367 -0.1503841579 -0.0069781439 0.9982184768 0.0592550524 0.1510546654 -0.0575242639 0.9868502617
-178.8 244.6 1831.7 0.1777728945 -0.9218583703 -0.3443455994 0.9736078382 0.1138706356 0.1977910697 -0.1431245059 -0.3704194427 0.9177716374
-227.1 -20.1 1870.6 0.0519780368 -0.9205008149 -0.3872680962 0.9596288800 0.1533791125 -0.2357694358 0.2764247954 -0.3593788147 0.8913115263
101.0 242.9 1874.6 0.4247805476 0.7808794975 0.4580269456 -0.3745288253 0.6121974587 -0.6963780522 -0.8241903186 0.1242635772 0.5525114536
195.1 160.0 1692.1 -0.6156094670 0.7808794975 0.1060763672 0.7879385352 0.6121974587 0.0660839826 -0.0133360568 0.1242635772 -0.9921596050
-144.2 -162.1 1856.9 0.9417766929 0.0097480817 -0.3360975981 -0.0362668447 0.9966931343 -0.0727152601 0.3342773318 0.0806707367 0.9390159249
-148.1 -555.4 1825.1 0.9423967004 0.0000000000 -0.3344973922 0.0000000000 1.0000000000 0.0000000000 0.3344973922 0.0000000000 0.9423967004
34.2 -163.0 1891.1 0.8256061077 -0.0873097107 -0.5574509501 -0.0072339433 0.9862366915 -0.1651812196 0.5642005205 0.1404071897 0.8136114478
69.3 -560.3 1834.5 0.8256277442 0.0000000000 -0.5642153025 0.0000000000 1.0000000000 0.0000000000 0.5642153025 0.0000000000 0.8256277442
-241.8 -290.3 1792.8 0 0 0 0 0 0 0 0 0
37.5 361.6 1688.7 0 0 0 0 0 0 0 0 0
-148.1 -932.0 1825.1 0 0 0 0 0 0 0 0 0
69.3 -937.0 1834.5 0 0 0 0 0 0 0 0 0
-60.5 465.2 1845.8 44 0.9908821583 -0.0712469369 -0.1143524274 0.0755688250 0.9965638518 0.0339099057 0.1115435138 -0.0422421992 0.9928613305
-45.6 256.4 1854.6 0.9908821583 -0.0712469369 -0.1143524274 0.0755688250 0.9965638518 0.0339099057 0.1115435138 -0.0422421992 0.9928613305
-43.1 61.2 1864.9 0.9932632446 -0.0129772173 -0.1151506305 0.0191677064 0.9984202385 0.0528165810 0.1142833084 -0.0546679422 0.9919429421
-186.5 253.6 1838.4 0.1401695609 -0.9374955297 -0.3185193837 0.9823242426 0.0913642347 0.1633758992 -0.1240629032 -0.3357896507 0.9337310791
-224.3 -11.3 1871.8 0.0633798465 -0.9353800416 -0.3479183018 0.9627590179 0.1491177976 -0.2255193442 0.2628270984 -0.3206680715 0.9099966288
95.3 259.3 1870.9 0.4844869077 0.7550258636 0.4418239295 -0.4219046235 0.6441076398 -0.6380610466 -0.7663347125 0.1227246523 0.6306105852
204.7 164.0 1697.9 -0.6466253996 0.7550258636 0.1086809188 0.7624468803 0.6441076398 0.0616449974 -0.0234586373 0.1227246523 -0.9921634793
-133.3 -143.8 1861.2 0.9534124136 0.0421195962 -0.2987151742 -0.0657178238 0.9954222441 -0.0693952143 0.2944248319 0.0857931674 0.9518159032
-149.8 -534.9 1827.5 0.9554778934 0.0000000000 -0.2950626910 0.0000000000 1.0000000000 0.0000000000 0.2950626910 0.0000000000 0.9554778934
45.9 -139.7 1886.0 0.8485586047 -0.0419904962 -0.5274325609 -0.0214970578 0.9932866693 -0.1136640236 0.5286645293 0.1077888310 0.8419592381
62.6 -533.7 1843.2 0.8487547040 0.0000000000 -0.5287867188 0.0000000000 1.0000000000 0.0000000000 0.5287867188 0.0000000000 0.8487547040
-242.2 -282.4 1797.8 0 0 0 0 0 0 0 0 0
39.4 358.9 1692.0 0 0 0 0 0 0 0 0 0
-149.8 -911.6 1827.5 0 0 0 0 0 0 0 0 0
62.6 -910.3 1843.2 0 0 0 0 0 0 0 0 0
-58.1 467.5 1846.5 45 0.9942527413 -0.0528613552 -0.0930975154 0.0569490232 0.9975011945 0.0418105200 0.0906547233 -0.0468720384 0.9947787523
-47.3 263.4 1856.1 0.9942527413 -0.0528613552 -0.0930975154 0.0569490232 0.9975011945 0.0418105200 0.0906547233 -0.0468720384 0.9947787523
-43.0 68.1 1865.9 0.9953879118 -0.0220412314 -0.0933652446 0.0266998354 0.9984445572 0.0489448309 0.0921412185 -0.0512119308 0.9944281578
-188.8 259.6 1843.0 0.1260529310 -0.9454264641 -0.3004653156 0.9856734872 0.0851478577 0.1455941349 -0.1120645776 -0.3145132661 0.9426149726
-222.8 -6.8 1873.3 0.0534063838 -0.9439202547 -0.3258256614 0.9611556530 0.1370746940 -0.2395628840 0.2707906961 -0.3003749847 0.9145749211
94.2 267.3 1869.2 0.5310080051 0.7219837904 0.4435875118 -0.4261453748 0.6800060272 -0.5966506004 -0.7324142456 0.1277934611 0.6687586904
215.4 170.0 1702.1 -0.6823547482 0.7219837904 0.1145923138 0.7303524613 0.6800060272 0.0646301359 -0.0312615559 0.1277934611 -0.9913079739
-129.6 -134.9 1865.1 0.9591078758 0.0559276752 -0.2774601579 -0.0834888369 0.9925686717 -0.0885270983 0.2704471350 0.1080718637 0.9566497803
-151.5 -524.1 1822.7 0.9624681473 0.0000000000 -0.2713946700 0.0000000000 1.0000000000 0.0000000000 0.2713946700 0.0000000000 0.9624681473
50.0 -128.7 1884.5 0.8611143827 -0.0251371115 -0.5077894926 -0.0385301039 0.9926780462 -0.1144802719 0.5069491863 0.1181457862 0.8538407683
59.9 -519.9 1837.9 0.8617542386 0.0000000000 -0.5073259473 0.0000000000 1.0000000000 0.0000000000 0.5073259473 0.0000000000 0.8617542386
-237.9 -277.5 1797.0 0 0 0 0 0 0 0 0 0
40.9 356.8 1694.1 0 0 0 0 0 0 0 0 0
-151.5 -900.8 1822.7 0 0 0 0 0 0 0 0 0
59.9 -896.6 1837.9 0 0 0 0 0 0 0 0 0
-55.0 469.1 1841.4 46 0.9821996689 -0.0507775396 -0.1808463335 0.0561567172 0.9981152415 0.0247462783 0.1792489290 -0.0344615243 0.9832000136
-43.2 238.3 1849.4 0.9821996689 -0.0507775396 -0.1808463335 0.0561567172 0.9981152415 0.0247462783 0.1792489290 -0.0344615243 0.9832000136
-37.5 43.3 1864.2 0.9826970696 -0.0306344945 -0.1826690882 0.0439702198 0.9966189265 0.0694068596 0.1799252182 -0.0762379169 0.9807215333
-182.5 231.9 1823.9 0.1633648127 -0.9139743447 -0.3714334667 0.9637807012 0.0674021840 0.2580381036 -0.2108047754 -0.4001347721 0.8918820024
-222.2 -2.1 1875.1 0.0491657518 -0.9132573605 -0.4044054151 0.9603250027 0.1545084864 -0.2321702540 0.2745152414 -0.3769457936 0.8846203685
96.1 244.8 1874.9 0.5709979534 0.6741032004 0.4685576260 -0.2883739769 0.6990740299 -0.6543210149 -0.7686363459 0.2384961098 0.5935636759
224.2 180.0 1702.4 -0.7166963816 0.6741032004 0.1786931008 0.6971588731 0.6990740299 0.1589496434 -0.0177712459 0.2384961098 -0.9709808230
-126.9 -134.6 1866.5 0.9298766851 0.0677310750 -0.3615824282 -0.1060354412 0.9905363917 -0.0871441290 0.3522582054 0.1193738431 0.9282585979
-153.1 -517.6 1820.3 0.9351487160 0.0000000000 -0.3542553782 0.0000000000 1.0000000000 0.0000000000 0.3542553782 0.0000000000 0.9351487160
52.3 -127.1 1885.3 0.8143156767 -0.0184505470 -0.5801289082 -0.0618085004 0.9910548925 -0.1182791144 0.5771219134 0.1321734339 0.8058910966
59.5 -512.8 1833.9 0.8158755898 0.0000000000 -0.5782274604 0.0000000000 1.0000000000 0.0000000000 0.5782274604 0.0000000000 0.8158755898
-236.1 -272.6 1797.7 0 0 0 0 0 0 0 0 0
41.5 357.8 1697.8 0 0 0 0 0 0 0 0 0
-153.1 -894.3 1820.3 0 0 0 0 0 0 0 0 0
59.5 -889.5 1833.9 0 0 0 0 0 0 0 0 0
-52.0 472.2 1838.8 47 0.9845033884 -0.0089166071 -0.1751387864 0.0098081436 0.9999429584 0.0042255190 0.1750911176 -0.0058778240 0.9845346808
-49.7 206.9 1840.4 0.9845033884 -0.0089166071 -0.1751387864 0.0098081436 0.9999429584 0.0042255190 0.1750911176 -0.0058778240 0.9845346808
-42.5 13.4 1866.5 0.9833450913 -0.0370459519 -0.1779325157 0.0599629842 0.9903178811 0.1251993626 0.1715716273 -0.1337835342 0.9760456681
-189.4 198.3 1816.1 0.1534570605 -0.9731007814 -0.1718305647 0.9593304396 0.1050172150 0.2620237768 -0.2369303852 -0.2050517052 0.9496408701
-224.9 -23.2 1870.8 0.0436222106 -0.9731007814 -0.2262120992 0.9579502344 0.1050172150 -0.2670256197 0.2835989892 -0.2050517052 0.9367632866
90.1 215.5 1864.7 0.6550595760 0.6027428508 0.4556291997 -0.1297225505 0.6837835908 -0.7180613279 -0.7443581223 0.4112675786 0.5261083841
231.8 187.4 1703.7 -0.7436615825 0.6027428508 0.2892550826 0.6682227850 0.6837835908 0.2931181788 -0.0211129803 0.4112675786 -0.9112701416
-119.3 -158.2 1862.5 0.9274529815 0.1049886048 -0.3588987589 -0.1379751414 0.9881334305 -0.0674917698 0.3475539982 0.1121145487 0.9309331775
-160.1 -542.5 1818.9 0.9364091158 0.0000000000 -0.3509102166 0.0000000000 1.0000000000 0.0000000000 0.3509102166 0.0000000000 0.9364091158
57.3 -148.8 1895.9 0.8185122609 0.0050579081 -0.5744668245 -0.1103950441 0.9827099442 -0.1486408710 0.5637824535 0.1850826591 0.8049184680
55.3 -531.8 1823.8 0.8235459328 0.0000000000 -0.5672495961 0.0000000000 1.0000000000 0.0000000000 0.5672495961 0.0000000000 0.8235459328
-237.2 -293.1 1790.9 0 0 0 0 0 0 0 0 0
42.3 357.7 1698.3 0 0 0 0 0 0 0 0 0
-160.1 -919.2 1818.9 0 0 0 0 0 0 0 0 0
55.3 -908.5 1823.8 0 0 0 0 0 0 0 0 0
-45.2 472.5 1842.1 48 0.9869621992 0.0215370785 -0.1595047116 -0.0250444133 0.9994860291 -0.0200111959 0.1589917541 0.0237449966 0.9869943261
-51.3 191.8 1835.4 0.9869621992 0.0215370785 -0.1595047116 -0.0250444133 0.9994860291 -0.0200111959 0.1589917541 0.0237449966 0.9869943261
-37.9 -0.7 1866.6 0.9841871858 -0.0682701692 -0.1634464711 0.0927780345 0.9847235084 0.1473492384 0.1508900225 -0.1601834744 0.9754862785
-191.3 178.6 1814.0 0.1543822140 -0.9567113519 -0.2467176020 0.9666537046 0.0946197733 0.2379657179 -0.2043201327 -0.2752281725 0.9394161701
-228.4 -54.0 1863.2 0.0098584257 -0.9567113519 -0.2908715308 0.9556691051 0.0946197733 -0.2788255513 0.2942777574 -0.2752281725 0.9152322412
88.7 205.0 1856.8 0.6971615553 0.5373816490 0.4745383859 -0.0225570835 0.6780327559 -0.7346854806 -0.7165590525 0.5014902949 0.4848201573
238.7 200.1 1702.6 -0.7783617973 0.5373816490 0.3246133327 0.6276476979 0.6780327559 0.3825309277 -0.0145333782 0.5014902949 -0.8650411963
-123.6 -186.9 1877.0 0.9335811734 0.0958059281 -0.3453221619 -0.1442061812 0.9825758338 -0.1172574237 0.3280712366 0.1592669189 0.9311301112
