89.5 479.9 2297.4 2 0.9872066975 -0.1442090720 0.0680195391 0.1397764832 0.9879825115 0.0659776479 -0.0767166913 -0.0556260459 0.9955000281
119.0 277.7 2308.7 0.9872066975 -0.1442090720 0.0680195391 0.1397764832 0.9879825115 0.0659776479 -0.0767166913 -0.0556260459 0.9955000281
122.3 79.1 2315.9 0.9973784685 -0.0168683100 0.0703678057 0.0142883696 0.9992128611 0.0370072685 -0.0709366649 -0.0359048098 0.9968343973
-21.4 275.7 2318.7 0.2198333591 -0.8904101253 -0.3985512257 0.5537865758 0.4502403140 -0.7004313469 0.8031150103 -0.0667341352 0.5920749903
-70.2 152.6 2140.2 -0.4542042911 -0.8904101253 0.0294663068 -0.8884318471 0.4502403140 -0.0892887488 0.0662366897 -0.0667341352 -0.9955698252
259.4 279.7 2298.8 0.1571733356 0.4707838893 0.8681353927 -0.9868041873 0.1095028967 0.1192752942 -0.0389104560 -0.8754265308 0.4817824662
303.4 3.2 2287.8 -0.0578281358 0.4800136387 0.8753529787 -0.9593319297 0.2159471959 -0.1817940623 -0.2762936354 -0.8502668738 0.4480045736
34.5 -119.9 2328.1 0.9904114604 0.1248627454 0.0591140315 -0.1264358014 0.9916928411 0.0236488283 -0.0556701049 -0.0308961999 0.9979710579
-15.1 -514.2 2340.4 0.9933830500 0.0938661620 0.0661762580 -0.0990793332 0.9918202758 0.0804724097 -0.0580813177 -0.0864966288 0.9945576191
217.6 -118.2 2316.2 0.9358552694 0.0619815551 0.3468907177 -0.0265420154 0.9940117002 -0.1060014144 -0.3513835669 0.0899948031 0.9318962097
193.0 -513.3 2280.4 0.9383181334 0.0185609255 0.3452746272 -0.1176635325 0.9561043382 0.2683650553 -0.3251374662 -0.2924380302 0.8993139863
49.0 385.8 2122.8 0 0 0 0 0 0 0 0 0
287.3 -264.2 2210.8 0 0 0 0 0 0 0 0 0
-41.6 -793.8 2364.8 0 0 0 0 0 0 0 0 0
185.9 -878.7 2392.1 0 0 0 0 0 0 0 0 0
89.5 479.3 2295.6 3 0.9897942543 -0.1300889552 0.0581735075 0.1256095171 0.9892421961 0.0749809518 -0.0673018768 -0.0669085681 0.9954866767
116.1 277.7 2309.2 0.9897942543 -0.1300889552 0.0581735075 0.1256095171 0.9892421961 0.0749809518 -0.0673018768 -0.0669085681 0.9954866767
120.4 79.0 2315.5 0.9978771806 -0.0217825510 0.0613727346 0.0197773632 0.9992566109 0.0330925174 -0.0620479472 -0.0318084769 0.9975661635
-24.4 274.9 2317.9 0.2117968798 -0.8858382106 -0.4128350317 0.5569954515 0.4565097690 -0.6937974095 0.8030554652 -0.0830031186 0.5900952220
-71.0 152.2 2141.0 -0.4598343670 -0.8858382106 0.0619924068 -0.8876357675 0.4565097690 -0.0608402602 0.0255944896 -0.0830031186 -0.9962205887
256.5 280.5 2300.5 0.1645113230 0.4775593877 0.8630602956 -0.9854319096 0.1178296357 0.1226380914 -0.0431271046 -0.8706625104 0.4899865687
302.6 4.5 2288.4 -0.0676086321 0.4854854643 0.8716266155 -0.9607252479 0.2039876133 -0.1881382912 -0.2691394389 -0.8501134515 0.4526268244
34.2 -120.9 2329.5 0.9910640717 0.1236957386 0.0499138273 -0.1246992946 0.9920400977 0.0175072886 -0.0473509431 -0.0235750638 0.9986000657
-15.0 -515.3 2338.9 0.9939331412 0.0929200351 0.0588453263 -0.0979929268 0.9910939336 0.0901674256 -0.0499428883 -0.0953868181 0.9941866398
217.2 -118.2 2316.5 0.9386686087 0.0612311587 0.3393404782 -0.0265706386 0.9940254688 -0.1058650762 -0.3437952995 0.0903557315 0.9346874356
192.9 -513.4 2280.6 0.9407939911 0.0173096322 0.3385365903 -0.1113796905 0.9590309262 0.2604884803 -0.3201580942 -0.2827720940 0.9041785002
50.5 386.8 2134.2 0 0 0 0 0 0 0 0 0
283.7 -263.3 2213.4 0 0 0 0 0 0 0 0 0
-41.6 -798.7 2366.1 0 0 0 0 0 0 0 0 0
186.2 -880.0 2388.6 0 0 0 0 0 0 0 0 0
87.1 482.5 2294.7 4 0.9893608093 -0.1336821169 0.0573955104 0.1293715090 0.9888901114 0.0732079446 -0.0665444434 -0.0650037304 0.9956637621
114.8 277.6 2308.1 0.9893608093 -0.1336821169 0.0573955104 0.1293715090 0.9888901114 0.0732079446 -0.0665444434 -0.0650037304 0.9956637621
118.8 78.9 2315.0 0.9979727864 -0.0202864185 0.0603224449 0.0181709006 0.9992074966 0.0354142897 -0.0609930716 -0.0342463851 0.9975504875
-25.7 275.0 2316.7 0.2083138078 -0.8834196925 -0.4197320640 0.5629535913 0.4592316449 -0.6871604919 0.7998053432 -0.0931446478 0.5929886103
-71.4 151.5 2141.3 -0.4621681571 -0.8834196925 0.0772673413 -0.8867164850 0.4592316449 -0.0532932021 0.0115966555 -0.0931446478 -0.9955850244
255.2 280.1 2299.6 0.1678201258 0.4788008034 0.8617343903 -0.9851185083 0.1143657714 0.1283043623 -0.0371206924 -0.8704425693 0.4908684194
302.0 5.3 2289.2 -0.0817927048 0.4874278009 0.8693239093 -0.9599584341 0.1959626824 -0.2001960874 -0.2679361701 -0.8508893847 0.4518820941
33.2 -121.4 2327.5 0.9911748767 0.1227943227 0.0499391109 -0.1243185177 0.9918288589 0.0286437180 -0.0460137650 -0.0345992893 0.9983414412
-15.7 -515.8 2341.3 0.9942184091 0.0909781903 0.0570330843 -0.0957087949 0.9916365743 0.0865838528 -0.0486788489 -0.0915418267 0.9946107268
216.3 -117.8 2316.2 0.9392549992 0.0615057088 0.3376642466 -0.0247966852 0.9934017658 -0.1119735613 -0.3423232734 0.0967987701 0.9345826507
191.8 -512.7 2277.7 0.9420692325 0.0126424897 0.3351801634 -0.1127269715 0.9530982375 0.2808849812 -0.3159085214 -0.3023969531 0.8993096948
51.6 387.5 2138.2 0 0 0 0 0 0 0 0 0
279.2 -262.2 2214.5 0 0 0 0 0 0 0 0 0
-41.4 -796.4 2367.2 0 0 0 0 0 0 0 0 0
187.0 -877.0 2393.2 0 0 0 0 0 0 0 0 0
87.0 480.2 2294.2 5 0.9909644723 -0.1234233305 0.0524989478 0.1193573847 0.9900456667 0.0745882541 -0.0611822866 -0.0676481724 0.9958315492
112.4 277.0 2308.1 0.9909644723 -0.1234233305 0.0524989478 0.1193573847 0.9900456667 0.0745882541 -0.0611822866 -0.0676481724 0.9958315492
117.0 78.3 2313.7 0.9981613159 -0.0235867221 0.0558363497 0.0219681747 0.9993255138 0.0294258241 -0.0564927496 -0.0281450972 0.9980062246
-28.1 273.9 2316.1 0.2108612806 -0.8790241480 -0.4276143610 0.5816693902 0.4644044936 -0.6678242087 0.7856196761 -0.1079119146 0.6092263460
-75.1 144.4 2141.2 -0.4719599783 -0.8790241480 0.0676041022 -0.8796548843 0.4644044936 -0.1026435271 0.0588304922 -0.1079119146 -0.9924182296
252.8 280.0 2300.2 0.1745464206 0.4819963574 0.8586111069 -0.9837509394 0.1225975454 0.1311637312 -0.0420431793 -0.8675536513 0.4955633283
301.6 4.9 2288.4 -0.0881863907 0.4884412885 0.8681291938 -0.9624246359 0.1829293519 -0.2006878853 -0.2568305433 -0.8532068729 0.4539560676
31.3 -121.4 2327.4 0.9914638996 0.1220372245 0.0458933748 -0.1233129725 0.9920253754 0.0260676574 -0.0423461683 -0.0315043926 0.9986061454
-17.3 -515.8 2339.9 0.9947772026 0.0865712091 0.0540717654 -0.0913542733 0.9914335012 0.0933491662 -0.0455272049 -0.0978013128 0.9941640496
214.4 -118.0 2316.2 0.9410389662 0.0532157458 0.3340863883 -0.0155866193 0.9933217168 -0.1143199429 -0.3379389048 0.1023722440 0.9355838895
193.2 -513.0 2275.5 0.9442353845 0.0276409276 0.3281090260 -0.1269712895 0.9499693513 0.2853708267 -0.3038056195 -0.3111176491 0.9005042911
49.7 376.9 2125.7 0 0 0 0 0 0 0 0 0
277.1 -263.3 2216.8 0 0 0 0 0 0 0 0 0
-41.8 -796.9 2367.6 0 0 0 0 0 0 0 0 0
182.7 -876.0 2394.4 0 0 0 0 0 0 0 0 0
87.9 483.3 2301.5 6 0.9950951934 -0.0874089524 0.0463171005 0.0853672698 0.9953612685 0.0443665013 -0.0499802753 -0.0401949286 0.9979410768
105.5 281.9 2309.6 0.9950951934 -0.0874089524 0.0463171005 0.0853672698 0.9953612685 0.0443665013 -0.0499802753 -0.0401949286 0.9979410768
112.7 83.3 2313.6 0.9982156754 -0.0358887240 0.0477232151 0.0348889343 0.9991573095 0.0216205288 -0.0484589338 -0.0199169386 0.9986265898
-34.9 277.0 2316.4 0.1976998150 -0.8735243082 -0.4448258877 0.6078743935 0.4652448297 -0.6434562802 0.7690276504 -0.1431870759 0.6229718924
-79.8 139.1 2142.0 -0.4824536145 -0.8735243082 0.0647596121 -0.8665903807 0.4652448297 -0.1804671288 0.1275133491 -0.1431870759 -0.9814468026
246.0 286.8 2302.8 0.1929999590 0.4865013957 0.8520959020 -0.9799572825 0.1392447799 0.1424592435 -0.0493432842 -0.8625121713 0.5036247969
301.5 5.1 2288.6 -0.0987903476 0.4902797043 0.8659482002 -0.9626918435 0.1732143164 -0.2078971118 -0.2519223690 -0.8541795015 0.4548763633
30.1 -122.4 2324.5 0.9924243689 0.1163691655 0.0393971689 -0.1176527143 0.9925392866 0.0319932811 -0.0353802070 -0.0363860950 0.9987112880
-16.1 -517.0 2339.0 0.9952558875 0.0850977078 0.0471602753 -0.0894262567 0.9910710454 0.0988996476 -0.0383230485 -0.1026478261 0.9939792752
213.3 -118.4 2314.1 0.9430270195 0.0510831885 0.3287712336 -0.0168088619 0.9941962361 -0.1062608212 -0.3322912753 0.0946805552 0.9384125471
193.0 -513.6 2276.5 0.9461690187 0.0243964363 0.3227522671 -0.1229946315 0.9494565725 0.2887984514 -0.2993936241 -0.3129489422 0.9013469815
47.0 366.9 2108.5 0 0 0 0 0 0 0 0 0
274.0 -263.2 2218.4 0 0 0 0 0 0 0 0 0
-40.4 -799.6 2368.2 0 0 0 0 0 0 0 0 0
183.7 -876.6 2396.1 0 0 0 0 0 0 0 0 0
87.9 482.9 2296.6 7 0.9949293733 -0.0686312169 0.0735207200 0.0648680627 0.9965167642 0.0524072684 -0.0768614039 -0.0473723859 0.9959157705
101.7 282.6 2306.2 0.9949293733 -0.0686312169 0.0735207200 0.0648680627 0.9965167642 0.0524072684 -0.0768614039 -0.0473723859 0.9959157705
110.0 84.1 2312.7 0.9963692427 -0.0413432382 0.0744253099 0.0387470052 0.9986004829 0.0359965675 -0.0758093670 -0.0329821147 0.9965767264
-38.5 277.1 2316.8 0.1881593168 -0.8775467873 -0.4410302937 0.6010373235 0.4580315948 -0.6549512744 0.7767562270 -0.1418404877 0.6136212945
-81.4 139.9 2139.5 -0.4766704142 -0.8775467873 0.0519323647 -0.8653801680 0.4580315948 -0.2032835335 0.1546041518 -0.1418404877 -0.9777417183
241.9 288.0 2295.5 0.2120792121 0.4665922523 0.8586699367 -0.9772101641 0.1094325334 0.1818924546 -0.0090968143 -0.8776766062 0.4791670442
301.8 12.0 2292.9 -0.1018066630 0.4757530987 0.8736672401 -0.9600083232 0.1832585484 -0.2116607577 -0.2608052492 -0.8602762818 0.4380699992
28.2 -118.5 2322.0 0.9916040897 0.1120715216 0.0645079017 -0.1143359840 0.9929090142 0.0325419456 -0.0604034513 -0.0396443009 0.9973864555
-16.3 -513.3 2337.8 0.9938986897 0.0838117450 0.0717007443 -0.0906047225 0.9911103845 0.0974220037 -0.0628982410 -0.1033240333 0.9926570058
211.4 -112.1 2313.1 0.9341370463 0.0433579609 0.3542711735 -0.0106161851 0.9955300689 -0.0938467011 -0.3567565978 0.0839046761 0.9304218292
194.2 -507.9 2279.8 0.9370734692 0.0339057818 0.3474819362 -0.1293496490 0.9581621885 0.2553309202 -0.3242868483 -0.2842105031 0.9022541046
44.0 367.6 2098.8 0 0 0 0 0 0 0 0 0
273.4 -255.6 2220.2 0 0 0 0 0 0 0 0 0
-40.3 -797.1 2367.4 0 0 0 0 0 0 0 0 0
181.2 -874.0 2388.4 0 0 0 0 0 0 0 0 0
86.2 483.7 2295.7 8 0.9949135780 -0.0600282438 0.0808927566 0.0560859628 0.9971652627 0.0501576960 -0.0836743265 -0.0453656204 0.9954599738
98.2 283.9 2304.8 0.9949135780 -0.0600282438 0.0808927566 0.0560859628 0.9971652627 0.0501576960 -0.0836743265 -0.0453656204 0.9954599738
107.1 85.5 2311.8 0.9956898689 -0.0443050526 0.0814786553 0.0412377529 0.9983898401 0.0389513336 -0.0830731988 -0.0354234539 0.9959136844
-41.9 278.2 2316.5 0.1712344140 -0.8817939758 -0.4394521415 0.6072577238 0.4457019567 -0.6577140689 0.7758330107 -0.1542374343 0.6117957234
-81.1 139.1 2138.8 -0.4668171704 -0.8817939758 0.0672394410 -0.8714195490 0.4457019567 -0.2048846334 0.1506972909 -0.1542374343 -0.9764738083
238.3 289.7 2293.1 0.2172914892 0.4629825354 0.8593204021 -0.9760627151 0.0946958214 0.1957914680 0.0092739780 -0.8812944293 0.4724766016
299.6 14.6 2295.7 -0.0898751840 0.4753839970 0.8751757145 -0.9580847621 0.1987380385 -0.2063413411 -0.2720220685 -0.8570374846 0.4375965595
26.8 -118.0 2326.2 0.9916516542 0.1085938662 0.0695299581 -0.1100050807 0.9937892556 0.0167884808 -0.0672750026 -0.0242969729 0.9974386096
-16.3 -513.1 2335.9 0.9932848215 0.0847329497 0.0787759125 -0.0927067101 0.9902698398 0.1037839651 -0.0692154914 -0.1103900895 0.9914752841
209.6 -110.9 2312.3 0.9316546917 0.0419382192 0.3609165847 -0.0072237756 0.9952580929 -0.0970010534 -0.3632731736 0.0877643004 0.9275397658
192.9 -506.6 2277.4 0.9357131720 0.0213295985 0.3521163464 -0.1213726997 0.9566944838 0.2645833492 -0.3312243223 -0.2903114259 0.8977804184
42.6 370.0 2098.9 0 0 0 0 0 0 0 0 0
274.6 -252.4 2219.9 0 0 0 0 0 0 0 0 0
-40.6 -796.7 2367.5 0 0 0 0 0 0 0 0 0
184.8 -872.2 2388.4 0 0 0 0 0 0 0 0 0
84.7 482.5 2294.2 9 0.9937114716 -0.0681776553 0.0888216272 0.0627768189 0.9960846901 0.0622446425 -0.0927175507 -0.0562772751 0.9941007495
98.5 280.3 2305.7 0.9937114716 -0.0681776553 0.0888216272 0.0627768189 0.9960846901 0.0622446425 -0.0927175507 -0.0562772751 0.9941007495
104.9 81.7 2311.8 0.9954003096 -0.0321219862 0.0902575701 0.0291842669 0.9990063906 0.0336818397 -0.0912498161 -0.0308928136 0.9953487515
-41.6 276.2 2318.5 0.1745694578 -0.8745166063 -0.4524889588 0.6036971211 0.4580987990 -0.6524533033 0.7778658867 -0.1592678577 0.6079131961
-81.5 138.2 2140.7 -0.4786577523 -0.8745166063 0.0781505853 -0.8681391478 0.4580987990 -0.1909971535 0.1312294900 -0.1592678577 -0.9784746170
238.6 284.4 2292.8 0.2116904408 0.4593991935 0.8626352549 -0.9771067500 0.0803327709 0.1970002353 0.0212038662 -0.8845897317 0.4658877254
296.6 16.3 2298.6 -0.0751726329 0.4741195440 0.8772455454 -0.9569280744 0.2130994350 -0.1971733123 -0.2804242373 -0.8542829156 0.4376790524
24.6 -116.8 2326.5 0.9915997982 0.1031234190 0.0780733973 -0.1043591648 0.9944683909 0.0119060250 -0.0764137357 -0.0199536867 0.9968765378
-16.4 -512.2 2334.4 0.9923771024 0.0870393068 0.0872458294 -0.0959305838 0.9899909496 0.1035142690 -0.0773627758 -0.1110947356 0.9907941222
207.2 -109.2 2311.2 0.9292126298 0.0374275744 0.3676452637 -0.0004801214 0.9949793816 -0.1000788882 -0.3695451617 0.0928180516 0.9245653749
192.4 -504.8 2274.3 0.9349941015 0.0146169132 0.3543619514 -0.1228228360 0.9506684542 0.2848578691 -0.3327170014 -0.3098641634 0.8906646967
44.3 366.4 2106.2 0 0 0 0 0 0 0 0 0
275.7 -250.3 2220.5 0 0 0 0 0 0 0 0 0
-41.3 -795.3 2366.2 0 0 0 0 0 0 0 0 0
186.8 -868.1 2392.8 0 0 0 0 0 0 0 0 0
86.3 484.4 2295.0 0 0.9934583902 -0.0652564690 0.0937123746 0.0602913238 0.9966713786 0.0548736192 -0.0969813019 -0.0488646142 0.9940859675
99.8 278.9 2305.1 0.9934583902 -0.0652564690 0.0937123746 0.0602913238 0.9966713786 0.0548736192 -0.0969813019 -0.0488646142 0.9940859675
104.8 80.3 2312.0 0.9952078462 -0.0250141155 0.0945281908 0.0216127224 0.9990875721 0.0368370526 -0.0953633785 -0.0346175134 0.9948404431
-40.3 275.9 2318.5 0.1833315790 -0.8686247468 -0.4603048265 0.6045672297 0.4688476622 -0.6439567804 0.7751696706 -0.1602275968 0.6110966802
-82.2 137.7 2141.3 -0.4872834384 -0.8686247468 0.0896987170 -0.8669144511 0.4688476622 -0.1692371964 0.1049485952 -0.1602275968 -0.9814850688
239.8 282.0 2291.7 0.2004896849 0.4570566118 0.8665466905 -0.9793603420 0.0703574866 0.1894811988 0.0256355926 -0.8866505027 0.4617290795
295.5 9.8 2298.8 -0.0663565099 0.4731844664 0.8784607649 -0.9559677243 0.2220884711 -0.1918395311 -0.2858715057 -0.8525099158 0.4376120865
20.0 -119.5 2326.3 0.9922952056 0.0930998921 0.0817476586 -0.0942890123 0.9954862595 0.0107998932 -0.0803732052 -0.0184245873 0.9965945482
-17.0 -515.3 2333.7 0.9924343824 0.0828611106 0.0905982181 -0.0926430523 0.9896364808 0.1097127199 -0.0805683881 -0.1172759756 0.9898257852
202.6 -114.2 2309.6 0.9281415939 0.0261964723 0.3713043928 0.0042475522 0.9967100620 -0.0809379593 -0.3722031116 0.0766990185 0.9249768257
192.2 -510.4 2279.1 0.9340861440 0.0087025044 0.3569417298 -0.1133931354 0.9551784396 0.2734522223 -0.3385633230 -0.2959026694 0.8932057619
45.2 364.3 2113.9 0 0 0 0 0 0 0 0 0
277.0 -256.6 2219.1 0 0 0 0 0 0 0 0 0
-40.6 -796.3 2367.0 0 0 0 0 0 0 0 0 0
188.9 -875.5 2392.2 0 0 0 0 0 0 0 0 0
83.9 483.0 2294.4 1 0.9925204515 -0.0873582065 0.0852741972 0.0822812840 0.9947194457 0.0613438338 -0.0901827887 -0.0538685396 0.9944673181
101.9 278.5 2305.5 0.9925204515 -0.0873582065 0.0852741972 0.0822812840 0.9947194457 0.0613438338 -0.0901827887 -0.0538685396 0.9944673181
105.6 79.9 2312.7 0.9960690141 -0.0189588983 0.0865281671 0.0157317463 0.9991604686 0.0378267281 -0.0871726796 -0.0363167934 0.9955310225
-38.3 276.3 2317.7 0.1936423630 -0.8655756116 -0.4618241191 0.6054756641 0.4758311212 -0.6379529238 0.7719467878 -0.1560885608 0.6162260175
-82.7 137.5 2140.8 -0.4925128520 -0.8655756116 0.0906088874 -0.8652769923 0.4758311212 -0.1577355564 0.0934175178 -0.1560885608 -0.9833155870
242.0 280.7 2293.2 0.1896480918 0.4636603296 0.8654782772 -0.9816564918 0.0719444379 0.1765630543 0.0195989348 -0.8830872178 0.4687993228
295.0 6.6 2298.7 -0.0632650331 0.4784028828 0.8758585453 -0.9579757452 0.2169267237 -0.1876841038 -0.2797857523 -0.8509250879 0.4445744753
18.4 -120.3 2327.6 0.9932627082 0.0896192566 0.0734680444 -0.0906382054 0.9958269596 0.0106479460 -0.0722071975 -0.0172352195 0.9972407222
-17.2 -516.2 2334.5 0.9932630658 0.0818221793 0.0820584521 -0.0906339064 0.9897753000 0.1101378873 -0.0722077116 -0.1168331727 0.9905230999
201.0 -116.3 2310.1 0.9314388633 0.0213809181 0.3632691801 0.0077444739 0.9968816042 -0.0785306022 -0.3638154268 0.0759597868 0.9283686876
192.5 -512.6 2279.9 0.9372842312 0.0187609252 0.3480608463 -0.1204002127 0.9545148611 0.2727731168 -0.3271117806 -0.2975725234 0.8969105482
45.6 362.9 2116.5 0 0 0 0 0 0 0 0 0
277.4 -260.4 2220.7 0 0 0 0 0 0 0 0 0
-40.3 -795.1 2367.4 0 0 0 0 0 0 0 0 0
185.4 -877.5 2393.7 0 0 0 0 0 0 0 0 0
85.7 484.2 2294.6 2 0.9943434000 -0.0657978281 0.0833777562 0.0614865795 0.9966857433 0.0532633364 -0.0866060257 -0.0478354357 0.9950935245
99.0 282.3 2304.3 0.9943434000 -0.0657978281 0.0833777562 0.0614865795 0.9966857433 0.0532633364 -0.0866060257 -0.0478354357 0.9950935245
105.0 83.8 2311.6 0.9960020185 -0.0302570574 0.0840505585 0.0270287115 0.9988623857 0.0392857045 -0.0851436108 -0.0368568599 0.9956867695
-41.2 278.5 2316.3 0.1792177707 -0.8634337187 -0.4715540409 0.6159803867 0.4722167552 -0.6305390596 0.7671043873 -0.1774642169 0.6164878607
-82.3 137.2 2140.3 -0.4927715659 -0.8634337187 0.1079740077 -0.8648079038 0.4722167552 -0.1706418097 0.0963507593 -0.1774642169 -0.9793993235
239.2 286.1 2292.3 0.1998069584 0.4646069109 0.8626804948 -0.9796336889 0.0768646598 0.1854983121 0.0198741555 -0.8821747303 0.4705027044
296.3 6.1 2298.0 -0.0718486607 0.4780434668 0.8753926158 -0.9603959918 0.2037350386 -0.1900831312 -0.2692161500 -0.8543807268 0.4444729388
18.0 -120.2 2327.9 0.9936335683 0.0871552229 0.0713880211 -0.0883014351 0.9960082769 0.0130546950 -0.0699652731 -0.0192752481 0.9973632097
-16.6 -516.2 2335.6 0.9930574894 0.0872289315 0.0789173022 -0.0951097310 0.9901927710 0.1023345962 -0.0692168102 -0.1091299355 0.9916146994
200.8 -117.3 2311.9 0.9319000244 0.0193175953 0.3622004986 0.0089966580 0.9970425367 -0.0763236061 -0.3626036942 0.0743845627 0.9289701581
193.1 -513.7 2282.3 0.9375258684 0.0174311940 0.3474785686 -0.1158555895 0.9573844671 0.2645609379 -0.3280589581 -0.2882900536 0.8995922208
45.8 362.0 2115.2 0 0 0 0 0 0 0 0 0
276.2 -261.6 2222.9 0 0 0 0 0 0 0 0 0
-41.3 -795.7 2366.4 0 0 0 0 0 0 0 0 0
186.4 -879.7 2392.5 0 0 0 0 0 0 0 0 0
86.2 483.0 2293.7 3 0.9947813749 -0.0555754714 0.0855648369 0.0510975905 0.9972508550 0.0536640175 -0.0883120075 -0.0490118079 0.9948863387
97.4 282.5 2303.5 0.9947813749 -0.0555754714 0.0855648369 0.0510975905 0.9972508550 0.0536640175 -0.0883120075 -0.0490118079 0.9948863387
104.5 84.0 2311.4 0.9956513643 -0.0356296673 0.0860749260 0.0320602246 0.9985818863 0.0425017215 -0.0874671862 -0.0395573154 0.9953817129
-42.7 278.0 2315.8 0.1858526468 -0.8578516841 -0.4791130424 0.6027693152 0.4846181273 -0.6338883638 0.7759690285 -0.1709848195 0.6071541905
-85.3 140.0 2138.1 -0.5077751279 -0.8578516841 0.0790882707 -0.8505434990 0.4846181273 -0.2042573541 0.1368949115 -0.1709848195 -0.9757171869
237.5 287.0 2291.2 0.2040150017 0.4631046057 0.8625033498 -0.9786082506 0.0725990161 0.1924975961 0.0265296306 -0.8833252788 0.4680092633
294.9 11.9 2298.7 -0.0566104986 0.4753984511 0.8779473901 -0.9627456665 0.2068968117 -0.1741105914 -0.2644164264 -0.8550965190 0.4459752440
19.6 -117.3 2326.7 0.9932624102 0.0897964686 0.0732558668 -0.0909625515 0.9957728982 0.0127333682 -0.0718027949 -0.0193111170 0.9972319007
-16.1 -513.2 2334.4 0.9930145144 0.0857685208 0.0810302347 -0.0938743800 0.9903264642 0.1021813899 -0.0714824423 -0.1090742722 0.9914600849
202.4 -112.3 2311.1 0.9308614135 0.0223138444 0.3646903932 0.0040674806 0.9974386692 -0.0714111254 -0.3653497398 0.0679572374 0.9283864498
193.5 -508.9 2284.1 0.9354712963 0.0186401065 0.3529107869 -0.1130709723 0.9619024992 0.2489147037 -0.3348259628 -0.2727565169 0.9019398093
45.6 359.3 2102.8 0 0 0 0 0 0 0 0 0
279.1 -256.4 2225.0 0 0 0 0 0 0 0 0 0
-40.5 -794.9 2365.5 0 0 0 0 0 0 0 0 0
186.4 -876.6 2388.4 0 0 0 0 0 0 0 0 0
86.2 483.7 2293.7 4 0.9955027699 -0.0507419892 0.0799970925 0.0468111932 0.9976380467 0.0502701662 -0.0823589489 -0.0462993309 0.9955266714
96.4 283.5 2303.0 0.9955027699 -0.0507419892 0.0799970925 0.0468111932 0.9976380467 0.0502701662 -0.0823589489 -0.0462993309 0.9955266714
104.3 85.0 2310.9 0.9959774613 -0.0396757908 0.0803415626 0.0363317654 0.9984285831 0.0426656678 -0.0819081068 -0.0395750925 0.9958538413
-43.8 278.4 2314.6 0.1900549978 -0.8543348908 -0.4837261140 0.5979630351 0.4915058911 -0.6331367493 0.7786650658 -0.1689195335 0.6042738557
-87.3 141.5 2136.3 -0.5162829757 -0.8543348908 0.0596973151 -0.8399363160 0.4915058911 -0.2300629765 0.1672092527 -0.1689195335 -0.9713430405
236.6 288.6 2291.5 0.2102768868 0.4661968946 0.8593276739 -0.9774269462 0.0818190277 0.1947877556 0.0205000881 -0.8808893561 0.4728780687
295.9 12.7 2297.3 -0.0569966696 0.4776418209 0.8767038584 -0.9620295167 0.2085039467 -0.1761400700 -0.2669280767 -0.8534544110 0.4476214945
20.2 -117.4 2327.3 0.9935771227 0.0907308161 0.0676200092 -0.0917834565 0.9956990480 0.0126198446 -0.0661841631 -0.0187451877 0.9976313114
-15.9 -513.3 2334.7 0.9936559200 0.0831986889 0.0756693855 -0.0908502489 0.9904149771 0.1040402129 -0.0662880838 -0.1102547646 0.9916903377
202.9 -111.6 2311.2 0.9327526689 0.0236808788 0.3597382903 0.0030370539 0.9972888231 -0.0735242739 -0.3605040908 0.0696725100 0.9301518798
193.5 -508.1 2283.5 0.9369632006 0.0193778276 0.3488903642 -0.1108907536 0.9633389115 0.2442977726 -0.3313657045 -0.2675867379 0.9047619104
45.3 357.1 2093.3 0 0 0 0 0 0 0 0 0
280.0 -255.4 2222.9 0 0 0 0 0 0 0 0 0
-39.5 -794.5 2366.0 0 0 0 0 0 0 0 0 0
186.1 -876.4 2385.8 0 0 0 0 0 0 0 0 0
83.5 482.8 2295.3 5 0.9939418435 -0.0867767781 0.0674493015 0.0834858641 0.9952451587 0.0501721092 -0.0714823604 -0.0442370959 0.9964604378
101.1 280.5 2304.2 0.9939418435 -0.0867767781 0.0674493015 0.0834858641 0.9952451587 0.0501721092 -0.0714823604 -0.0442370959 0.9964604378
109.2 82.0 2311.5 0.9968401790 -0.0407882519 0.0681612864 0.0381867364 0.9985075593 0.0390442125 -0.0696521103 -0.0363179818 0.9969100356
-39.2 275.1 2314.1 0.1992847174 -0.8597556353 -0.4702189267 0.5730788708 0.4914852679 -0.6557612419 0.7949001193 -0.1387893409 0.5906533003
-84.2 145.4 2134.2 -0.5086003542 -0.8597556353 0.0463243760 -0.8486384153 0.4914852679 -0.1955891401 0.1453911215 -0.1387893409 -0.9795911908
241.4 285.9 2294.4 0.1991963387 0.4753975272 0.8569235802 -0.9799472690 0.0922497660 0.1766162068 0.0049119079 -0.8749212623 0.4842403233
296.3 15.7 2295.8 -0.0507193729 0.4846178293 0.8732542992 -0.9636148810 0.2060201615 -0.1702997535 -0.2624382973 -0.8501183987 0.4565357566
20.8 -116.8 2326.3 0.9939834476 0.0941109434 0.0560356155 -0.0950942561 0.9953531027 0.0151421148 -0.0543501861 -0.0203796774 0.9983139634
-16.6 -512.6 2334.4 0.9945090413 0.0819143280 0.0651294217 -0.0889773145 0.9894660711 0.1141926423 -0.0550893396 -0.1193606555 0.9913214445
203.6 -110.2 2311.2 0.9369791746 0.0269701760 0.3483426273 0.0024945845 0.9964743257 -0.0838612840 -0.3493762314 0.0794452503 0.9336084127
192.8 -506.3 2279.7 0.9414976835 0.0214000642 0.3363392949 -0.1161675975 0.9574285746 0.2642643750 -0.3163655698 -0.2878760397 0.9039027691
47.1 364.5 2096.6 0 0 0 0 0 0 0 0 0
282.2 -252.9 2222.7 0 0 0 0 0 0 0 0 0
-40.2 -797.2 2368.7 0 0 0 0 0 0 0 0 0
184.7 -872.3 2389.7 0 0 0 0 0 0 0 0 0
83.4 481.0 2295.5 6 0.9930464029 -0.0993328989 0.0631809831 0.0963813663 0.9941781759 0.0481701232 -0.0675980374 -0.0417456962 0.9968389273
103.7 278.3 2304.0 0.9930464029 -0.0993328989 0.0631809831 0.0963813663 0.9941781759 0.0481701232 -0.0675980374 -0.0417456962 0.9968389273
110.6 79.7 2310.9 0.9973455071 -0.0348038189 0.0639584512 0.0325062834 0.9988004565 0.0366187133 -0.0651561990 -0.0344424583 0.9972804785
-36.7 273.7 2313.2 0.2108666301 -0.8616315722 -0.4616560042 0.5827467442 0.4899823964 -0.6483235955 0.7848194242 -0.1323187202 0.6054339409
-84.0 143.0 2137.2 -0.5053882003 -0.8616315722 0.0466236398 -0.8522664309 0.4899823964 -0.1831917614 0.1349990368 -0.1323187202 -0.9819709659
244.0 282.8 2294.9 0.1985086203 0.4771312773 0.8561192155 -0.9800578952 0.1046501547 0.1689228266 -0.0089946436 -0.8725789785 0.4883902073
298.8 12.4 2292.4 -0.0543230809 0.4844990373 0.8731034994 -0.9655313492 0.1974231899 -0.1696270704 -0.2545550168 -0.8522234559 0.4570743442
25.9 -120.0 2325.1 0.9928967953 0.1068014503 0.0524342768 -0.1079695523 0.9939537048 0.0199666079 -0.0499847792 -0.0254860874 0.9984247684
-16.6 -515.2 2335.2 0.9948166609 0.0807882324 0.0617504455 -0.0871554688 0.9902648926 0.1085330546 -0.0523811020 -0.1133523732 0.9921730757
208.8 -113.0 2312.3 0.9382469654 0.0416918509 0.3434449732 -0.0096212430 0.9954727292 -0.0945595354 -0.3458324671 0.0854158252 0.9344003797
192.2 -508.8 2278.3 0.9418721199 0.0153928697 0.3356188238 -0.1111224443 0.9570003748 0.2679592073 -0.3170626760 -0.2896780968 0.9030824304
46.7 363.3 2102.3 0 0 0 0 0 0 0 0 0
283.7 -256.7 2221.4 0 0 0 0 0 0 0 0 0
-39.4 -794.6 2367.2 0 0 0 0 0 0 0 0 0
186.4 -874.6 2389.1 0 0 0 0 0 0 0 0 0
82.1 480.8 2295.6 7 0.9920070171 -0.1117562875 0.0585888103 0.1093373448 0.9930744767 0.0429929346 -0.0629877821 -0.0362433456 0.9973559976
105.0 277.2 2303.1 0.9920070171 -0.1117562875 0.0585888103 0.1093373448 0.9930744767 0.0429929346 -0.0629877821 -0.0362433456 0.9973559976
111.5 78.6 2309.8 0.9977170229 -0.0326359719 0.0591238886 0.0305643193 0.9988982081 0.0356112197 -0.0602209568 -0.0337228365 0.9976152778
-35.4 272.9 2311.6 0.2181644291 -0.8616847992 -0.4581523240 0.5910316110 0.4902352095 -0.6405864954 0.7765860558 -0.1310293227 0.6162348986
-83.9 141.4 2138.8 -0.5042761564 -0.8616847992 0.0566113144 -0.8560732603 0.4902352095 -0.1637315154 0.1133321077 -0.1310293227 -0.9848792553
245.5 281.5 2294.6 0.1964357048 0.4808410704 0.8545202613 -0.9804227948 0.1083849296 0.1643894464 -0.0135719208 -0.8700830936 0.4927181900
300.1 8.9 2290.8 -0.0454696603 0.4872752726 0.8720638156 -0.9662504792 0.2001256198 -0.1622029692 -0.2535597980 -0.8500073552 0.4617303014
26.0 -121.9 2323.7 0.9932924509 0.1048232168 0.0488083735 -0.1063852608 0.9938545823 0.0305815618 -0.0453027710 -0.0355689265 0.9983398914
-15.7 -517.0 2337.8 0.9947379231 0.0859779194 0.0557162054 -0.0910992846 0.9911019206 0.0970458984 -0.0468766317 -0.1016109437 0.9937191606
209.0 -115.9 2311.7 0.9398731589 0.0420250036 0.3389281332 -0.0121981353 0.9958978295 -0.0896588489 -0.3413057327 0.0801336616 0.9365302920
192.3 -511.8 2279.9 0.9431517124 0.0139600318 0.3320693076 -0.1078873202 0.9578734040 0.2661557794 -0.3143647909 -0.2868513465 0.9049260020
46.2 362.4 2109.5 0 0 0 0 0 0 0 0 0
287.4 -260.4 2220.2 0 0 0 0 0 0 0 0 0
-39.8 -794.7 2366.3 0 0 0 0 0 0 0 0 0
187.0 -878.0 2389.5 0 0 0 0 0 0 0 0 0
82.2 481.1 2295.2 8 0.9919224977 -0.1169264391 0.0491722524 0.1149087623 0.9924860001 0.0420413613 -0.0537185185 -0.0360514522 0.9979051352
106.2 277.1 2302.6 0.9919224977 -0.1169264391 0.0491722524 0.1149087623 0.9924860001 0.0420413613 -0.0537185185 -0.0360514522 0.9979051352
112.2 78.5 2309.6 0.9983044863 -0.0304772742 0.0495913364 0.0286890790 0.9989261627 0.0363795646 -0.0506468341 -0.0348951519 0.9981068373
-34.3 273.1 2309.8 0.2274617106 -0.8610672355 -0.4547795355 0.6004234552 0.4916954935 -0.6306561828 0.7666503787 -0.1296101809 0.6288468838
-84.5 140.7 2140.7 -0.5052413344 -0.8610672355 0.0573972538 -0.8560760021 0.4916954935 -0.1592778713 0.1089269817 -0.1296101809 -0.9855638742
246.7 281.2 2295.5 0.1929329038 0.4875270426 0.8515247107 -0.9809432030 0.1161451787 0.1557586193 -0.0229639485 -0.8653482795 0.5006445646
300.6 7.1 2289.1 -0.0420256518 0.4936259687 0.8686583042 -0.9643552899 0.2072995156 -0.1644560099 -0.2612521946 -0.8446065784 0.4673189223
26.5 -122.8 2322.0 0.9931184053 0.1098691821 0.0405539647 -0.1116003245 0.9928128123 0.0432214588 -0.0355137922 -0.0474498607 0.9982420802
-17.2 -517.5 2340.9 0.9957022667 0.0805732384 0.0456610471 -0.0844192579 0.9923822880 0.0897261947 -0.0380836837 -0.0931952447 0.9949192405
209.6 -117.2 2311.0 0.9430504441 0.0425444134 0.3299178779 -0.0150980111 0.9962397814 -0.0853129104 -0.3323069215 0.0754732713 0.9401467443
192.7 -513.3 2281.0 0.9456310868 0.0226967204 0.3244482875 -0.1129656360 0.9583775997 0.2622044683 -0.3049927950 -0.2846001983 0.9088355899
46.0 361.7 2112.5 0 0 0 0 0 0 0 0 0
288.9 -261.7 2216.3 0 0 0 0 0 0 0 0 0
-39.9 -796.6 2367.1 0 0 0 0 0 0 0 0 0
184.0 -879.6 2389.8 0 0 0 0 0 0 0 0 0
84.2 479.8 2296.5 9 0.9950842261 -0.0867363140 0.0477930419 0.0851009190 0.9957484007 0.0352553539 -0.0506477654 -0.0310148150 0.9982348680
101.7 278.5 2302.8 0.9950842261 -0.0867363140 0.0477930419 0.0851009190 0.9957484007 0.0352553539 -0.0506477654 -0.0310148150 0.9982348680
110.0 80.0 2309.0 0.9979820848 -0.0416588448 0.0479194261 0.0400877967 0.9986413717 0.0332922004 -0.0492412336 -0.0313040353 0.9982962012
-38.7 272.9 2309.7 0.2074887305 -0.8597394228 -0.4666867554 0.6011206508 0.4884259701 -0.6325298548 0.7717527747 -0.1492922455 0.6181499958
-84.7 139.9 2138.9 -0.5054906011 -0.8597394228 0.0729887635 -0.8555239439 0.4884259701 -0.1718105227 0.1120626777 -0.1492922455 -0.9824224114
242.1 284.2 2295.8 0.2064028829 0.4866584241 0.8488588929 -0.9780563712 0.1277485043 0.1645783186 -0.0283470247 -0.8642013073 0.5023470521
300.8 6.3 2287.8 -0.0396867208 0.4916110635 0.8699100614 -0.9646711946 0.2080750167 -0.1615990251 -0.2604504228 -0.8455905318 0.4659852087
26.7 -122.7 2321.1 0.9934763908 0.1070764884 0.0392335281 -0.1087783128 0.9930845499 0.0441632979 -0.0342333578 -0.0481429510 0.9982536435
-15.9 -517.5 2340.3 0.9951100945 0.0883331820 0.0441937707 -0.0920443833 0.9916322827 0.0905164257 -0.0358283669 -0.0941415951 0.9949139357
209.9 -117.4 2311.8 0.9431888461 0.0419966169 0.3295922279 -0.0139094740 0.9961008430 -0.0871185735 -0.3319657743 0.0775848106 0.9400953650
193.2 -513.5 2281.0 0.9454249740 0.0327895246 0.3241858482 -0.1215131730 0.9586318135 0.2574094832 -0.3023345172 -0.2827541828 0.9102988243
45.8 360.6 2110.0 0 0 0 0 0 0 0 0 0
289.7 -262.6 2215.2 0 0 0 0 0 0 0 0 0
-40.9 -798.8 2367.0 0 0 0 0 0 0 0 0 0
180.7 -880.0 2389.1 0 0 0 0 0 0 0 0 0
83.3 480.9 2295.1 0 0.9958314300 -0.0746946260 0.0523493029 0.0727835819 0.9966421127 0.0375101306 -0.0549753271 -0.0335435979 0.9979240894
98.3 280.5 2301.9 0.9958314300 -0.0746946260 0.0523493029 0.0727835819 0.9966421127 0.0375101306 -0.0549753271 -0.0335435979 0.9979240894
108.4 82.1 2308.4 0.9973488450 -0.0504116118 0.0524779782 0.0485883616 0.9981892705 0.0354584083 -0.0541704707 -0.0328145847 0.9979923368
-42.0 273.7 2309.5 0.1965737939 -0.8578495979 -0.4748187661 0.6016389132 0.4879142642 -0.6324320436 0.7742024064 -0.1613498926 0.6120268703
-85.7 140.1 2137.5 -0.5095796585 -0.8578495979 0.0665031150 -0.8482522964 0.4879142642 -0.2059314251 0.1442103684 -0.1613498926 -0.9763040543
238.7 287.4 2294.3 0.2142112553 0.4821001589 0.8495251536 -0.9764958620 0.1269404143 0.1741895527 -0.0238622576 -0.8668711185 0.4979608655
301.3 1.9 2287.3 -0.0455428213 0.4875344634 0.8719151616 -0.9640287161 0.2073511928 -0.1662953496 -0.2618673742 -0.8481248021 0.4605538547
26.7 -122.2 2319.7 0.9935771823 0.1045689359 0.0432405546 -0.1063730940 0.9934487343 0.0417663045 -0.0385898165 -0.0460976772 0.9981912971
-14.9 -517.2 2338.1 0.9942635894 0.0950697735 0.0490063988 -0.0994766355 0.9902890325 0.0971188471 -0.0392974280 -0.1014367267 0.9940655231
209.8 -114.9 2310.7 0.9413931370 0.0418262705 0.3347081244 -0.0131590618 0.9960808754 -0.0874627680 -0.3370545805 0.0779324025 0.9382541180
193.2 -510.9 2279.7 0.9439265728 0.0288515314 0.3288923800 -0.1190863922 0.9588676691 0.2576648593 -0.3079302609 -0.2823833227 0.9085364938
45.5 358.5 2100.4 0 0 0 0 0 0 0 0 0
288.6 -267.8 2214.0 0 0 0 0 0 0 0 0 0
-41.9 -798.3 2366.8 0 0 0 0 0 0 0 0 0
182.2 -877.5 2387.7 0 0 0 0 0 0 0 0 0
85.8 482.0 2296.0 1 0.9965115786 -0.0677872822 0.0486781597 0.0659642369 0.9970932007 0.0381302834 -0.0511214063 -0.0347862504 0.9980864525
99.4 282.2 2302.9 0.9965115786 -0.0677872822 0.0486781597 0.0659642369 0.9970932007 0.0381302834 -0.0511214063 -0.0347862504 0.9980864525
110.2 83.8 2309.7 0.9973277450 -0.0544127636 0.0487502813 0.0526393130 0.9979296327 0.0369528234 -0.0506600551 -0.0342878960 0.9981272221
-41.0 274.8 2310.1 0.1881010085 -0.8679529428 -0.4596474171 0.5810390115 0.4756593704 -0.6604104042 0.7918407321 -0.1428492069 0.5937864780
-83.1 144.6 2132.7 -0.4930729270 -0.8679529428 0.0594711229 -0.8597360253 0.4756593704 -0.1860165745 0.1331656426 -0.1428492069 -0.9807451367
239.8 289.6 2295.8 0.2159009874 0.4839959443 0.8480181098 -0.9760450721 0.1308920681 0.1737909317 -0.0268847346 -0.8652254939 0.5006616116
301.4 11.0 2288.1 -0.0426760837 0.4895306230 0.8709411621 -0.9620543122 0.2150117904 -0.1679924726 -0.2695000768 -0.8450619578 0.4617791772
26.9 -120.8 2319.9 0.9927376509 0.1139204279 0.0386540070 -0.1152985469 0.9926956892 0.0355171934 -0.0343255326 -0.0397160053 0.9986212254
-18.4 -515.5 2335.7 0.9958471060 0.0783639699 0.0463423803 -0.0828020275 0.9912064075 0.1032164246 -0.0378464162 -0.1066250205 0.9935787320
209.9 -111.9 2310.0 0.9424492121 0.0415177681 0.3317616582 -0.0145838009 0.9964205623 -0.0832666084 -0.3340311944 0.0736362040 0.9396812320
193.4 -508.1 2280.7 0.9446534514 0.0288177617 0.3268017173 -0.1162364110 0.9609153271 0.2512584925 -0.3067880571 -0.2753384411 0.9110816717
44.9 367.8 2098.2 0 0 0 0 0 0 0 0 0
289.4 -258.7 2212.6 0 0 0 0 0 0 0 0 0
-40.9 -800.4 2366.3 0 0 0 0 0 0 0 0 0
182.4 -875.4 2385.9 0 0 0 0 0 0 0 0 0
86.0 485.1 2294.9 2 0.9956934452 -0.0794079974 0.0478425175 0.0770873427 0.9958419204 0.0485434681 -0.0514983237 -0.0446463600 0.9976745844
102.1 282.4 2304.0 0.9956934452 -0.0794079974 0.0478425175 0.0770873427 0.9958419204 0.0485434681 -0.0514983237 -0.0446463600 0.9976745844
112.3 84.0 2310.8 0.9975097775 -0.0511152074 0.0485956594 0.0493408144 0.9980950356 0.0370381102 -0.0503962934 -0.0345481262 0.9981315732
-38.3 275.5 2311.0 0.1898128241 -0.8744140267 -0.4465100169 0.5646868944 0.4692591727 -0.6789141893 0.8031810522 -0.1232717410 0.5828415751
-80.8 149.0 2131.2 -0.4827258885 -0.8744140267 0.0487423316 -0.8669661880 0.4692591727 -0.1678256541 0.1238763183 -0.1232717410 -0.9846109748
242.5 289.4 2296.9 0.2047215253 0.4845448136 0.8504736423 -0.9782990217 0.1296411157 0.1616298556 -0.0319394432 -0.8651066422 0.5005700588
301.7 6.6 2287.6 -0.0483829342 0.4913996756 0.8695892692 -0.9584920406 0.2220721394 -0.1788210124 -0.2809841335 -0.8421462774 0.4602581859
29.5 -119.4 2321.2 0.9918006659 0.1221864820 0.0374425165 -0.1232287735 0.9920132160 0.0269152094 -0.0338547938 -0.0313085169 0.9989362359
-19.1 -513.8 2333.7 0.9960267544 0.0753376558 0.0474857092 -0.0801556408 0.9907588363 0.1094163954 -0.0388037153 -0.1127879098 0.9928610921
212.5 -109.8 2311.9 0.9424760342 0.0487325117 0.3307023644 -0.0180340968 0.9952880740 -0.0952705070 -0.3337869048 0.0838262513 0.9389140010
193.2 -505.5 2278.6 0.9449510574 0.0276833680 0.3260385692 -0.1211003065 0.9552500844 0.2698739469 -0.3039773703 -0.2945010364 0.9060170650
45.2 375.2 2098.9 0 0 0 0 0 0 0 0 0
288.0 -263.6 2208.4 0 0 0 0 0 0 0 0 0
-41.0 -802.4 2366.5 0 0 0 0 0 0 0 0 0
182.6 -870.6 2391.2 0 0 0 0 0 0 0 0 0
86.5 484.9 2294.8 3 0.9947738051 -0.0885112733 0.0508997105 0.0861794651 0.9952023625 0.0463175252 -0.0547551364 -0.0416889526 0.9976291656
104.5 282.2 2303.3 0.9947738051 -0.0885112733 0.0508997105 0.0861794651 0.9952023625 0.0463175252 -0.0547551364 -0.0416889526 0.9976291656
113.7 83.7 2310.5 0.9976080656 -0.0461869016 0.0514284037 0.0442335978 0.9982793331 0.0384930857 -0.0531177893 -0.0361261517 0.9979345798
-35.9 276.0 2310.8 0.1971802413 -0.8765194416 -0.4391282797 0.5574818254 0.4687014818 -0.6852247119 0.8064329028 -0.1096932590 0.5810623169
-79.4 152.8 2132.6 -0.4782168269 -0.8765194416 0.0549759008 -0.8738990426 0.4687014818 -0.1289161295 0.0872302130 -0.1096932590 -0.9901304245
244.9 288.4 2295.8 0.2025627047 0.4825595617 0.8521177173 -0.9787769318 0.1273570657 0.1605486423 -0.0310489237 -0.8665543795 0.4981159568
301.9 13.4 2287.1 -0.0463446826 0.4896055162 0.8707115650 -0.9584264755 0.2238830924 -0.1769040078 -0.2815507650 -0.8427115679 0.4588750899
30.9 -119.0 2322.3 0.9912546873 0.1258742362 0.0396215655 -0.1268694401 0.9916366339 0.0236844551 -0.0363089293 -0.0285040922 0.9989340305
-19.1 -513.2 2333.6 0.9960369468 0.0732474327 0.0504503660 -0.0784402117 0.9908211827 0.1100931838 -0.0419232473 -0.1136142164 0.9926400185
214.0 -109.9 2313.1 0.9415669441 0.0526827574 0.3326803148 -0.0218134541 0.9951563478 -0.0958540365 -0.3361187875 0.0829960853 0.9381555319
193.0 -505.6 2280.1 0.9435867071 0.0234683454 0.3302929103 -0.1132747307 0.9601818323 0.2553813457 -0.3111478686 -0.2783882618 0.9086731672
45.9 381.9 2109.7 0 0 0 0 0 0 0 0 0
288.7 -257.6 2207.5 0 0 0 0 0 0 0 0 0
-40.3 -799.9 2366.5 0 0 0 0 0 0 0 0 0
184.1 -872.6 2386.5 0 0 0 0 0 0 0 0 0
87.9 480.8 2294.3 4 0.9944201112 -0.0898297653 0.0553101115 0.0874073505 0.9951663613 0.0447645001 -0.0590639450 -0.0396802090 0.9974652529
106.0 279.7 2302.3 0.9944201112 -0.0898297653 0.0553101115 0.0874073505 0.9951663613 0.0447645001 -0.0590639450 -0.0396802090 0.9974652529
112.4 81.2 2310.2 0.9979358912 -0.0322932340 0.0555081703 0.0300074555 0.9986864924 0.0415308252 -0.0567764267 -0.0397794433 0.9975941181
-34.4 275.5 2310.3 0.2149190605 -0.8693686724 -0.4449807405 0.5831830502 0.4797180295 -0.6555669904 0.7833946943 -0.1186113879 0.6101016402
-81.8 146.8 2137.4 -0.4903661609 -0.8693686724 0.0611480437 -0.8671689034 0.4797180295 -0.1337484270 0.0869428813 -0.1186113879 -0.9891270399
246.5 284.0 2294.3 0.1973490864 0.4799474478 0.8548121452 -0.9798567891 0.1237543076 0.1567341685 -0.0305625256 -0.8685247898 0.4947025478
301.2 12.3 2285.9 -0.0424467213 0.4869723320 0.8723853827 -0.9592067003 0.2244097143 -0.1719383448 -0.2795009613 -0.8440961242 0.4575816393
31.4 -118.8 2322.6 0.9912052155 0.1253850013 0.0423183478 -0.1262363791 0.9918355346 0.0180737060 -0.0397066697 -0.0232568663 0.9989407063
-18.5 -513.1 2331.8 0.9952925444 0.0797630697 0.0550508983 -0.0859222859 0.9889893532 0.1204882339 -0.0448342413 -0.1246511415 0.9911871552
214.4 -110.7 2312.8 0.9407946467 0.0557338484 0.3343638480 -0.0229087863 0.9945894480 -0.1013262570 -0.3382020593 0.0876673311 0.9369812012
192.3 -506.1 2278.0 0.9430551529 0.0191425513 0.3320850730 -0.1118744686 0.9584374428 0.2624534070 -0.3132587373 -0.2846598923 0.9060009718
46.7 374.2 2114.6 0 0 0 0 0 0 0 0 0
289.2 -259.3 2206.7 0 0 0 0 0 0 0 0 0
-41.6 -799.4 2367.9 0 0 0 0 0 0 0 0 0
185.0 -872.5 2386.8 0 0 0 0 0 0 0 0 0
87.2 481.3 2294.0 5 0.9934806228 -0.0933130831 0.0654895604 0.0906860083 0.9949931502 0.0420080200 -0.0690815598 -0.0357951671 0.9969686270
106.2 278.3 2301.3 0.9934806228 -0.0933130831 0.0654895604 0.0906860083 0.9949931502 0.0420080200 -0.0690815598 -0.0357951671 0.9969686270
111.8 79.8 2311.0 0.9974906445 -0.0280678701 0.0649973601 0.0248304699 0.9984359145 0.0500914156 -0.0663016587 -0.0483518019 0.9966273904
-34.2 274.8 2310.7 0.2227497101 -0.8648108244 -0.4499830902 0.5946705341 0.4862937927 -0.6402228475 0.7724956274 -0.1249822304 0.6225993633
-83.6 142.9 2139.3 -0.4981046617 -0.8648108244 0.0631976947 -0.8622596860 0.4862937927 -0.1415152550 0.0916512758 -0.1249822304 -0.9879167676
246.6 281.8 2292.0 0.1996438205 0.4715598822 0.8589375019 -0.9795616865 0.1179845706 0.1629066616 -0.0245211255 -0.8739055395 0.4854768813
301.6 11.7 2285.3 -0.0419345982 0.4797667861 0.8763933778 -0.9573637843 0.2316415906 -0.1726172417 -0.2858251631 -0.8462659121 0.4495975375
27.3 -120.1 2323.4 0.9918345809 0.1171137393 0.0504829064 -0.1180911437 0.9928602576 0.0168237276 -0.0481521785 -0.0226479378 0.9985831976
