123.1 496.0 2195.5 1 0.9892767072 -0.0195378140 -0.1447408050 0.0158023946 0.9995128512 -0.0269126371 0.1451961100 0.0243367944 0.9891035557
127.0 294.1 2190.6 0.9892767072 -0.0195378140 -0.1447408050 0.0158023946 0.9995128512 -0.0269126371 0.1451961100 0.0243367944 0.9891035557
130.9 95.5 2185.3 0.9892796278 -0.0196642783 -0.1447037458 0.0156537406 0.9994625449 -0.0288021881 0.1451923549 0.0262282621 0.9890557528
-17.5 291.8 2169.3 0.2893640399 -0.8580683470 -0.4242489040 0.6102576852 0.5068295598 -0.6088590622 0.7374646068 -0.0827192217 0.6703010201
-83.4 152.8 2001.4 -0.5081189275 -0.8580683470 0.0743897408 -0.8612645268 0.5068295598 -0.0367039591 -0.0062084133 -0.0827192217 -0.9965535402
271.6 296.3 2211.8 0.5105541945 0.4989748597 0.7002560496 -0.8439448476 0.1349044293 0.5191895962 0.1645949185 -0.8560519218 0.4899833202
397.7 87.8 2252.4 -0.3592709005 0.4989748597 0.7886371017 -0.8667237163 0.1349044293 -0.4801987112 -0.3459977508 -0.8560519218 0.3840061128
43.9 -106.6 2168.8 0.9945300817 0.0474022292 -0.0930747092 -0.0289426893 0.9812626839 0.1904885024 0.1003603190 -0.1867527217 0.9772672057
25.1 -496.6 2243.0 0.9931201935 0.0696575865 -0.0941283032 -0.0531057343 0.9843331575 0.1681311131 0.1043652147 -0.1619756520 0.9812602997
225.4 -103.3 2195.2 0.9486533403 0.1044411808 -0.2985781133 -0.0803265497 0.9925174117 0.0919613093 0.3059485257 -0.0632556528 0.9499443173
183.9 -497.7 2220.3 0.9523929358 -0.0358624086 -0.3027566969 0.0533198528 0.9973453283 0.0495917834 0.3001745045 -0.0633738041 0.9517768025
43.8 368.3 2003.0 0 0 0 0 0 0 0 0 0
304.4 -137.4 2162.5 0 0 0 0 0 0 0 0 0
-1.5 -872.6 2304.9 0 0 0 0 0 0 0 0 0
197.6 -878.6 2244.5 0 0 0 0 0 0 0 0 0
123.3 494.6 2191.6 2 0.9927918315 -0.0176618639 -0.1185431108 0.0159788020 0.9997578263 -0.0151334302 0.1187816858 0.0131301684 0.9928335547
126.9 292.7 2189.0 0.9927918315 -0.0176618639 -0.1185431108 0.0159788020 0.9997578263 -0.0151334302 0.1187816858 0.0131301684 0.9928335547
130.1 94.1 2185.1 0.9928321838 -0.0159979947 -0.1184413880 0.0135821728 0.9996834993 -0.0211759862 0.1187426746 0.0194155071 0.9927352071
-18.1 290.8 2171.6 0.2875983417 -0.8555005789 -0.4305878580 0.6022034883 0.5111187100 -0.6132769585 0.7447403073 -0.0829240903 0.6621823311
-84.0 152.8 2001.0 -0.5114231706 -0.8555005789 0.0810249895 -0.8591157794 0.5111187100 -0.0260337070 -0.0191415325 -0.0829240903 -0.9963720441
271.9 294.7 2206.3 0.5112032294 0.5101995468 0.6916412711 -0.8386160135 0.1199490502 0.5313524008 0.1881340593 -0.8516505361 0.4891798794
397.9 88.0 2252.7 -0.3678420186 0.5101995468 0.7774243951 -0.8646556735 0.1199490502 -0.4878347814 -0.3421443999 -0.8516505361 0.3970246315
44.1 -104.6 2166.8 0.9963790178 0.0520360880 -0.0672388971 -0.0389646292 0.9823673368 0.1828556806 0.0755683854 -0.1795736253 0.9808377624
23.4 -495.0 2238.2 0.9961283803 0.0572683737 -0.0666979030 -0.0434327163 0.9802387357 0.1929913461 0.0764321685 -0.1893472821 0.9789308906
225.6 -101.7 2193.4 0.9562497735 0.1045917422 -0.2732159793 -0.0807266757 0.9919848442 0.0972071961 0.2811931968 -0.0708985403 0.9570286274
184.0 -495.9 2221.6 0.9600504041 -0.0328360833 -0.2778938115 0.0485292412 0.9975804687 0.0497811921 0.2755868137 -0.0612784289 0.9593210220
43.9 367.7 2005.8 0 0 0 0 0 0 0 0 0
302.3 -136.7 2163.8 0 0 0 0 0 0 0 0 0
1.6 -869.4 2310.5 0 0 0 0 0 0 0 0 0
196.6 -877.0 2245.0 0 0 0 0 0 0 0 0 0
123.3 492.5 2189.7 3 0.9938879013 -0.0168460719 -0.1091012508 0.0160597544 0.9998383522 -0.0080819707 0.1092197672 0.0062804339 0.9939978123
126.7 290.7 2188.4 0.9938879013 -0.0168460719 -0.1091012508 0.0160597544 0.9998383522 -0.0080819707 0.1092197672 0.0062804339 0.9939978123
129.6 92.0 2185.5 0.9939386249 -0.0145242149 -0.1089728624 0.0128263151 0.9997854233 -0.0162657835 0.1091857329 0.0147694703 0.9939116240
-18.4 288.8 2172.5 0.2885470092 -0.8546135426 -0.4317132533 0.5962817073 0.5131747127 -0.6173328161 0.7491253018 -0.0792931840 0.6576654911
-84.2 153.0 2001.8 -0.5123798251 -0.8546135426 0.0842771530 -0.8581764102 0.5131747127 -0.0136003029 -0.0316259041 -0.0792931840 -0.9963495135
271.9 292.5 2204.4 0.5098124146 0.5262386203 0.6805617213 -0.8374435306 0.1224873513 0.5326210856 0.1969255656 -0.8414688110 0.5031406879
396.7 87.6 2252.6 -0.3572371304 0.5262386203 0.7716570497 -0.8661625385 0.1224873513 -0.4845196605 -0.3494911790 -0.8414688110 0.4120511115
42.3 -105.8 2170.4 0.9975655675 0.0383691713 -0.0582304597 -0.0276795737 0.9842894673 0.1743792444 0.0640064180 -0.1723429263 0.9829552770
27.0 -496.9 2238.9 0.9950571656 0.0809983611 -0.0574497283 -0.0684536174 0.9785959721 0.1940723658 0.0719396099 -0.1891804487 0.9793035388
224.3 -103.3 2192.2 0.9587916732 0.1030932069 -0.2647458017 -0.0806337819 0.9922660589 0.0943731442 0.2724274993 -0.0691367239 0.9596891999
183.3 -497.7 2219.6 0.9625009894 -0.0393064171 -0.2684154212 0.0566582382 0.9967534542 0.0572053678 0.2652954757 -0.0702681690 0.9616031647
44.1 367.8 2009.8 0 0 0 0 0 0 0 0 0
303.9 -137.5 2161.8 0 0 0 0 0 0 0 0 0
-3.9 -870.7 2311.1 0 0 0 0 0 0 0 0 0
198.4 -878.5 2246.5 0 0 0 0 0 0 0 0 0
122.9 490.7 2188.7 4 0.9936729074 -0.0142249418 -0.1114081666 0.0138345351 0.9998951554 -0.0042765997 0.1114573181 0.0027082611 0.9937655330
125.8 289.2 2188.2 0.9936729074 -0.0142249418 -0.1114081666 0.0138345351 0.9998951554 -0.0042765997 0.1114573181 0.0027082611 0.9937655330
128.2 90.5 2185.7 0.9937142134 -0.0121551584 -0.1112847850 0.0107038785 0.9998497963 -0.0136293257 0.1114337370 0.0123524759 0.9936950803
-19.4 287.6 2171.9 0.2861833274 -0.8548558354 -0.4328055084 0.5972798467 0.5123582482 -0.6170459986 0.7492368817 -0.0819177181 0.6572165489
-84.0 152.7 2002.7 -0.5109473467 -0.8548558354 0.0903013721 -0.8587291241 0.5123582482 -0.0085591963 -0.0389497764 -0.0819177181 -0.9958776832
270.9 290.7 2204.5 0.5097909570 0.5261412859 0.6806529760 -0.8376684189 0.1233027577 0.5320789814 0.1960223168 -0.8414105773 0.5035905838
395.6 85.8 2252.4 -0.3522065878 0.5261412859 0.7740322351 -0.8689864874 0.1233027577 -0.4792273939 -0.3475816250 -0.8414105773 0.4137816131
41.4 -107.8 2172.6 0.9972714186 0.0425913483 -0.0602962412 -0.0316979215 0.9847091436 0.1712985486 0.0666700974 -0.1689198911 0.9833723307
24.5 -499.2 2239.7 0.9959440827 0.0681417137 -0.0587540120 -0.0546961017 0.9770268798 0.2059777975 0.0714399293 -0.2019287646 0.9767912030
223.7 -105.5 2192.6 0.9581507444 0.1021702737 -0.2674104273 -0.0805498287 0.9926210642 0.0906377658 0.2746976912 -0.0653047860 0.9593104124
183.1 -500.0 2218.5 0.9615305662 -0.0451218300 -0.2709666789 0.0620666891 0.9965943694 0.0542902872 0.2675941885 -0.0690197796 0.9610565305
44.1 368.1 2012.5 0 0 0 0 0 0 0 0 0
304.1 -140.0 2162.1 0 0 0 0 0 0 0 0 0
-1.6 -872.4 2316.8 0 0 0 0 0 0 0 0 0
200.3 -880.8 2244.9 0 0 0 0 0 0 0 0 0
125.1 489.1 2189.7 5 0.9919009805 -0.0119971167 -0.1264454722 0.0112714609 0.9999156594 -0.0064528370 0.1265122294 0.0049753506 0.9919525981
127.5 287.9 2188.7 0.9919009805 -0.0119971167 -0.1264454722 0.0112714609 0.9999156594 -0.0064528370 0.1265122294 0.0049753506 0.9919525981
129.6 89.2 2186.0 0.9919280410 -0.0106962835 -0.1263501048 0.0088892486 0.9998500943 -0.0148570118 0.1264900863 0.0136139290 0.9918744564
-17.4 286.6 2170.3 0.2965541184 -0.8565379381 -0.4223723412 0.5975567698 0.5114166141 -0.6175588965 0.7449708581 -0.0692518428 0.6634927392
-84.0 152.4 2003.0 -0.5106223226 -0.8565379381 0.0748838559 -0.8592792153 0.5114166141 -0.0096073002 -0.0300678313 -0.0692518428 -0.9971460104
272.4 289.2 2207.2 0.5031372905 0.5083342791 0.6988913417 -0.8455930948 0.1226360872 0.5195504427 0.1783960164 -0.8523828983 0.4915467799
394.4 84.1 2250.5 -0.3481657803 0.5083342791 0.7876400352 -0.8760376573 0.1226360872 -0.4663887322 -0.3336744905 -0.8523828983 0.4026222825
39.5 -109.2 2173.1 0.9963454604 0.0405998528 -0.0751492828 -0.0277676675 0.9859807491 0.1645323187 0.0807757303 -0.1618442982 0.9835048318
23.4 -501.0 2237.4 0.9953621626 0.0625821427 -0.0730592087 -0.0457401313 0.9760077000 0.2128774673 0.0846286789 -0.2085484415 0.9743436575
221.7 -107.2 2193.5 0.9549250603 0.0929079428 -0.2819331288 -0.0706810430 0.9936069250 0.0880310833 0.2883094847 -0.0641357601 0.9553869367
184.8 -502.1 2219.0 0.9581331015 -0.0297250450 -0.2847759724 0.0475908183 0.9972946644 0.0560219623 0.2823403180 -0.0672292188 0.9569556713
44.1 367.9 2010.5 0 0 0 0 0 0 0 0 0
303.9 -143.5 2163.8 0 0 0 0 0 0 0 0 0
-0.6 -873.9 2317.1 0 0 0 0 0 0 0 0 0
196.2 -883.1 2244.7 0 0 0 0 0 0 0 0 0
123.9 488.1 2189.8 6 0.9968393445 -0.0213353112 -0.0765256807 0.0208908506 0.9997599721 -0.0066038906 0.0766482055 0.0049843313 0.9970457554
128.6 270.8 2188.7 0.9968393445 -0.0213353112 -0.0765256807 0.0208908506 0.9997599721 -0.0066038906 0.0766482055 0.0049843313 0.9970457554
129.9 72.2 2185.1 0.9970576167 -0.0067097410 -0.0763614178 0.0053255716 0.9998180866 -0.0183157735 0.0764704198 0.0178552140 0.9969119430
-16.9 270.1 2177.5 0.2953262627 -0.8485081792 -0.4391084611 0.5220420957 0.5282457471 -0.6696479917 0.8001589775 -0.0314684771 0.5989618301
-81.3 156.3 2003.1 -0.5262306929 -0.8485081792 0.0558130965 -0.8485543132 0.5282457471 0.0301996171 -0.0551076531 -0.0314684771 -0.9979844093
274.0 271.6 2199.8 0.5208253860 0.5398318172 0.6613036990 -0.8241651058 0.1160915121 0.5543236136 0.2224697471 -0.8337292075 0.5053739548
394.4 81.1 2251.3 -0.3545819521 0.5398318172 0.7634482980 -0.8669255376 0.1160915121 -0.4847296774 -0.3503023684 -0.8337292075 0.4268300235
40.8 -110.3 2171.7 0.9986034036 0.0468763486 -0.0243691020 -0.0418280587 0.9832581878 0.1773521453 0.0322747380 -0.1760851443 0.9838457108
22.2 -501.0 2241.7 0.9980500340 0.0575476103 -0.0241753198 -0.0522290505 0.9820194244 0.1814109683 0.0341804028 -0.1797945648 0.9831101894
222.7 -108.7 2194.9 0.9675980210 0.0970477164 -0.2331004739 -0.0787239373 0.9931202531 0.0866876170 0.2399096340 -0.0655281767 0.9685811400
184.1 -503.4 2221.0 0.9706729650 -0.0386822782 -0.2372712493 0.0498993248 0.9978936911 0.0414509736 0.2351680845 -0.0520750135 0.9705587029
52.1 371.4 2017.1 0 0 0 0 0 0 0 0 0
302.3 -144.1 2160.3 0 0 0 0 0 0 0 0 0
0.2 -876.1 2310.4 0 0 0 0 0 0 0 0 0
198.9 -884.6 2240.9 0 0 0 0 0 0 0 0 0
125.5 487.0 2189.8 7 0.9989591837 -0.0126503017 -0.0438241437 0.0121222185 0.9998509288 -0.0122949276 0.0439731479 0.0117508844 0.9989635944
128.4 260.8 2187.1 0.9989591837 -0.0126503017 -0.0438241437 0.0121222185 0.9998509288 -0.0122949276 0.0439731479 0.0117508844 0.9989635944
128.3 62.2 2181.8 0.9990432858 0.0001922048 -0.0437323377 -0.0013755135 0.9996336699 -0.0270294975 0.0437111221 0.0270637907 0.9986775517
-17.4 261.0 2180.7 0.2815653980 -0.8454219699 -0.4538531303 0.4757362008 0.5337586403 -0.6991257668 0.8333042860 -0.0190647561 0.5524857640
-78.0 158.6 2001.5 -0.5308684707 -0.8454219699 0.0586546659 -0.8436929584 0.5337586403 0.0573056675 -0.0797549039 -0.0190647561 -0.9966321588
274.1 260.6 2193.5 0.5302424431 0.5451059341 0.6493862271 -0.8120636344 0.1063572615 0.5737950802 0.2437121421 -0.8315934539 0.4990558326
396.1 73.8 2249.5 -0.3926209509 0.5451059341 0.7407484651 -0.8440364003 0.1063572615 -0.5256336331 -0.3653099835 -0.8315934539 0.4183311462
39.9 -127.0 2174.6 0.9986878633 0.0503388196 0.0094096707 -0.0512092113 0.9830695987 0.1759310663 -0.0003941988 -0.1761820912 0.9843575358
19.9 -517.7 2244.6 0.9990282655 0.0431915559 0.0087772692 -0.0440458693 0.9855460525 0.1635814905 -0.0015850643 -0.1638091207 0.9864907861
222.5 -126.0 2188.6 0.9754970670 0.0963572115 -0.1977898031 -0.0760324001 0.9912483692 0.1079153046 0.2064572424 -0.0902326256 0.9742861390
184.2 -519.8 2224.5 0.9774410129 -0.0508722030 -0.2049905658 0.0575409420 0.9979860783 0.0266994070 0.2032194734 -0.0378924459 0.9783996940
58.0 374.7 2021.9 0 0 0 0 0 0 0 0 0
294.2 -145.3 2154.7 0 0 0 0 0 0 0 0 0
3.4 -894.1 2307.2 0 0 0 0 0 0 0 0 0
203.7 -901.1 2238.9 0 0 0 0 0 0 0 0 0
124.3 489.7 2188.3 8 0.9992498159 -0.0229929946 -0.0311619677 0.0225522611 0.9996416569 -0.0144217908 0.0314823985 0.0137081994 0.9994102716
129.7 256.4 2185.1 0.9992498159 -0.0229929946 -0.0311619677 0.0225522611 0.9996416569 -0.0144217908 0.0314823985 0.0137081994 0.9994102716
128.1 57.8 2182.9 0.9994812608 0.0080337888 -0.0311875809 -0.0083803711 0.9999043941 -0.0109980656 0.0310962424 0.0112537239 0.9994530678
-16.2 257.7 2180.5 0.2638704479 -0.8523222208 -0.4515741467 0.4650799036 0.5225764513 -0.7145729661 0.8450284600 -0.0214633755 0.5342904329
-72.4 158.8 2000.8 -0.5183649659 -0.8523222208 0.0696030632 -0.8494907618 0.5225764513 0.0726588145 -0.0983016491 -0.0214633755 -0.9949252009
275.6 255.2 2189.6 0.5372141600 0.5550596714 0.6350666881 -0.7979300618 0.0904546157 0.5959241390 0.2733287513 -0.8268777132 0.4914923012
399.4 71.3 2252.6 -0.4342348874 0.5550596714 0.7094708085 -0.8163556457 0.0904546157 -0.5704221129 -0.3807932138 -0.8268777132 0.4138475657
36.7 -136.3 2172.4 0.9988855124 0.0408708863 0.0236062314 -0.0447403565 0.9792266488 0.1977711171 -0.0150327701 -0.1986068487 0.9799639583
20.5 -525.4 2251.3 0.9986527562 0.0471914299 0.0215786900 -0.0498967916 0.9874817133 0.1496335268 -0.0142471418 -0.1505086422 0.9885060191
219.7 -136.6 2180.4 0.9788424373 0.0879931450 -0.1847285926 -0.0658748522 0.9902625084 0.1226404905 0.1937213242 -0.1078767553 0.9751074910
184.8 -530.0 2223.3 0.9800559878 -0.0518474653 -0.1918386668 0.0594057664 0.9976596236 0.0338558294 0.1896343529 -0.0445769317 0.9808423519
61.1 377.4 2026.1 0 0 0 0 0 0 0 0 0
286.8 -140.5 2153.9 0 0 0 0 0 0 0 0 0
2.4 -902.6 2308.8 0 0 0 0 0 0 0 0 0
204.6 -911.2 2240.3 0 0 0 0 0 0 0 0 0
124.1 489.8 2188.5 9 0.9980217814 -0.0157859139 -0.0608548261 0.0152304107 0.9998381138 -0.0095814280 0.0609962270 0.0086356299 0.9981006384
127.5 271.6 2186.6 0.9980217814 -0.0157859139 -0.0608548261 0.0152304107 0.9998381138 -0.0095814280 0.0609962270 0.0086356299 0.9981006384
127.6 72.9 2184.4 0.9981474876 -0.0002742998 -0.0608401373 -0.0004207283 0.9999347925 -0.0114107374 0.0608392991 0.0114151957 0.9980822802
-18.2 271.6 2177.7 0.2648922503 -0.8514897227 -0.4525454342 0.5330120921 0.5203906894 -0.6671518683 0.8035733700 -0.0644888282 0.5917017460
-75.7 155.9 2003.3 -0.5154939294 -0.8514897227 0.0960797444 -0.8532538414 0.5203906894 0.0339317024 -0.0788915008 -0.0644888282 -0.9947951436
273.2 271.5 2195.5 0.5292248726 0.5261251330 0.6656676531 -0.8155930638 0.0991285071 0.5700714588 0.2339422703 -0.8446099162 0.4815652668
403.0 71.4 2252.9 -0.4663250446 0.5261251330 0.7111492753 -0.7969152331 0.0991285071 -0.5959023833 -0.3840143681 -0.8446099162 0.3730510175
34.9 -140.1 2177.8 0.9991148114 0.0414272062 -0.0073095863 -0.0392235741 0.9802075624 0.1940480322 0.0152037796 -0.1935895532 0.9809647799
18.4 -529.6 2254.7 0.9994826317 0.0307164397 -0.0095397606 -0.0290699732 0.9896193147 0.1407426745 0.0137638450 -0.1403925270 0.9900002480
218.1 -141.7 2183.5 0.9726170897 0.0873325542 -0.2153810412 -0.0641246960 0.9915813804 0.1124916077 0.2233920097 -0.0956000164 0.9700291753
183.4 -535.7 2221.5 0.9729398489 -0.0664922670 -0.2212845087 0.0768151507 0.9963068962 0.0383660868 0.2179162353 -0.0543259010 0.9744543433
55.7 373.4 2023.4 0 0 0 0 0 0 0 0 0
282.0 -135.3 2153.3 0 0 0 0 0 0 0 0 0
6.7 -907.7 2308.4 0 0 0 0 0 0 0 0 0
208.8 -916.3 2242.2 0 0 0 0 0 0 0 0 0
124.7 490.7 2187.6 0 0.9963064194 -0.0118758511 -0.0850441828 0.0115300780 0.9999231696 -0.0045558400 0.0850917548 0.0035584464 0.9963667393
127.2 280.3 2186.9 0.9963064194 -0.0118758511 -0.0850441828 0.0115300780 0.9999231696 -0.0045558400 0.0850917548 0.0035584464 0.9963667393
127.9 81.6 2185.1 0.9963746071 -0.0034051624 -0.0850058496 0.0026006231 0.9999507666 -0.0095734596 0.0850342587 0.0093176840 0.9963344336
-18.2 279.9 2174.5 0.2438036352 -0.8572044969 -0.4536080360 0.5740649700 0.5045354366 -0.6448979378 0.7816707492 -0.1031720266 0.6150986552
-71.7 154.0 2003.0 -0.4992528260 -0.8572044969 0.1262817383 -0.8633115292 0.5045354366 0.0117144138 -0.0737552568 -0.1031720266 -0.9919252396
272.7 280.7 2199.3 0.5269628763 0.5157028437 0.6755447388 -0.8227083087 0.1101177037 0.5576962233 0.2132161111 -0.8496615291 0.4823009670
403.5 76.4 2252.3 -0.4670528769 0.5157028437 0.7182703018 -0.7952634692 0.1101177037 -0.5961796045 -0.3865457773 -0.8496615291 0.3586888313
36.1 -125.8 2176.6 0.9987651110 0.0381808057 -0.0317875817 -0.0313478410 0.9806993604 0.1929924339 0.0385426693 -0.1917576343 0.9806852341
21.0 -515.5 2252.8 0.9982213974 0.0491878279 -0.0336836055 -0.0438960493 0.9887499213 0.1429919749 0.0403381251 -0.1412590742 0.9891505241
219.1 -125.8 2187.7 0.9662334919 0.0919255391 -0.2407125533 -0.0703559592 0.9928204417 0.0967347696 0.2478767484 -0.0765328109 0.9657638669
182.6 -520.3 2218.2 0.9682959914 -0.0481727608 -0.2451168150 0.0611502938 0.9970860481 0.0456076264 0.2422055155 -0.0591506474 0.9684202075
53.3 370.2 2021.5 0 0 0 0 0 0 0 0 0
282.3 -130.1 2151.9 0 0 0 0 0 0 0 0 0
2.2 -893.2 2306.8 0 0 0 0 0 0 0 0 0
201.0 -901.2 2240.8 0 0 0 0 0 0 0 0 0
122.9 491.1 2188.7 1 0.9962697029 -0.0435164049 -0.0745185688 0.0440909117 0.9990090132 0.0060811383 0.0741800889 -0.0093440451 0.9972010851
132.7 264.9 2190.8 0.9962697029 -0.0435164049 -0.0745185688 0.0440909117 0.9990090132 0.0060811383 0.0741800889 -0.0093440451 0.9972010851
128.6 66.6 2182.1 0.9970498085 0.0205316711 -0.0739603862 -0.0237159021 0.9988176823 -0.0424354076 0.0730016753 0.0440642498 0.9963579178
-12.8 268.3 2180.2 0.2469334751 -0.8589828014 -0.4485225081 0.5173557997 0.5082330704 -0.6885071397 0.8193697929 -0.0620302744 0.5698994994
-66.5 155.9 2002.2 -0.5015647411 -0.8589828014 0.1028659567 -0.8596103191 0.5082330704 0.0526240431 -0.0974830240 -0.0620302744 -0.9933022261
278.3 261.5 2201.4 0.5486113429 0.5099187493 0.6625771523 -0.8057262301 0.1108596846 0.5818207264 0.2232282162 -0.8530492187 0.4716737866
401.9 79.9 2251.7 -0.4498806596 0.5099187493 0.7332054973 -0.8108685613 0.1108596846 -0.5746322870 -0.3742986917 -0.8530492187 0.3636034727
37.3 -117.3 2175.4 0.9988957047 0.0446366966 -0.0146593507 -0.0411223024 0.9815590382 0.1866836995 0.0227219611 -0.1858747303 0.9823107123
19.5 -507.4 2249.3 0.9992648959 0.0348693058 -0.0159326419 -0.0319092087 0.9868472219 0.1584749669 0.0212489963 -0.1578500718 0.9872344136
219.8 -117.1 2190.9 0.9694525599 0.0964797363 -0.2255069911 -0.0787098184 0.9931355119 0.0865251422 0.2323069274 -0.0661324039 0.9703916907
181.5 -511.5 2217.1 0.9723727703 -0.0449718870 -0.2290604711 0.0574632399 0.9971855879 0.0481548570 0.2262501866 -0.0599870272 0.9722203612
60.2 373.0 2026.8 0 0 0 0 0 0 0 0 0
285.1 -130.6 2154.5 0 0 0 0 0 0 0 0 0
6.2 -884.4 2309.6 0 0 0 0 0 0 0 0 0
198.7 -892.5 2240.0 0 0 0 0 0 0 0 0 0
124.0 491.0 2189.7 2 0.9962654114 -0.0525666811 -0.0684976801 0.0531076267 0.9985701442 0.0060990765 0.0680791289 -0.0097140484 0.9976326227
136.2 259.0 2192.0 0.9962654114 -0.0525666811 -0.0684976801 0.0531076267 0.9985701442 0.0060990765 0.0680791289 -0.0097140484 0.9976326227
128.9 60.8 2181.4 0.9970176816 0.0364240557 -0.0680365711 -0.0399318933 0.9979035854 -0.0509300679 0.0660388544 0.0534950085 0.9963820577
-9.4 264.8 2182.4 0.2731695771 -0.8432520628 -0.4629302025 0.4889949262 0.5361441374 -0.6880649924 0.8284095526 -0.0384121053 0.5588042140
-68.7 158.8 2002.7 -0.5315473080 -0.8432520628 0.0798966587 -0.8423748016 0.5361441374 0.0543523133 -0.0886688232 -0.0384121053 -0.9953202009
281.8 253.2 2201.6 0.5307185054 0.5067224503 0.6793895960 -0.8204746842 0.1061796024 0.5617358685 0.2125068605 -0.8555455804 0.4721044302
401.1 68.8 2249.4 -0.4695899785 0.5067224503 0.7229921222 -0.7982525229 0.1061796024 -0.5928902030 -0.3771978021 -0.8555455804 0.3546316028
33.1 -129.5 2166.7 0.9993290901 0.0364673063 -0.0033936421 -0.0348775499 0.9758371115 0.2156975716 0.0111775510 -0.2154344916 0.9764543176
18.6 -517.2 2252.3 0.9994348288 0.0330909789 -0.0059175035 -0.0318580754 0.9885606170 0.1474212557 0.0107281236 -0.1471494138 0.9890561104
215.8 -134.0 2180.0 0.9729612470 0.0867348909 -0.2140641510 -0.0625775233 0.9911389351 0.1171649992 0.2223296165 -0.1006013975 0.9697674513
181.4 -527.5 2219.9 0.9734529853 -0.0619099289 -0.2203553617 0.0717535540 0.9967379570 0.0369436480 0.2173493803 -0.0517741852 0.9747198224
67.0 373.7 2025.3 0 0 0 0 0 0 0 0 0
279.1 -138.5 2151.4 0 0 0 0 0 0 0 0 0
6.0 -894.9 2308.5 0 0 0 0 0 0 0 0 0
205.1 -908.3 2239.7 0 0 0 0 0 0 0 0 0
123.7 490.1 2188.7 3 0.9975839257 -0.0549959540 -0.0424464904 0.0552663878 0.9984579682 0.0052233147 0.0420937724 -0.0075565591 0.9990850687
136.6 254.9 2190.5 0.9975839257 -0.0549959540 -0.0424464904 0.0552663878 0.9984579682 0.0052233147 0.0420937724 -0.0075565591 0.9990850687
129.7 56.6 2181.9 0.9985164404 0.0346956886 -0.0419653729 -0.0364628024 0.9984476566 -0.0421032831 0.0404394269 0.0435709953 0.9982315302
-9.2 260.3 2184.6 0.2729488313 -0.8372350931 -0.4738526642 0.4618121088 0.5461225510 -0.6989132166 0.8439363241 -0.0280633457 0.5357088447
-67.9 160.9 2003.0 -0.5422844291 -0.8372350931 0.0704628229 -0.8357741833 0.5461225510 0.0568477698 -0.0860762894 -0.0280633457 -0.9958932400
282.4 249.6 2196.4 0.5250875950 0.5222975016 0.6719287634 -0.8178076744 0.0911619961 0.5682253838 0.2355283499 -0.8478766084 0.4750069678
402.9 62.0 2250.4 -0.4899630547 0.5222975016 0.6979552507 -0.7816925645 0.0911619961 -0.6169652939 -0.3858664632 -0.8478766084 0.3636100888
30.3 -133.7 2164.8 0.9993422031 0.0293122791 0.0213541389 -0.0333865471 0.9735321403 0.2260984629 -0.0141614797 -0.2266626656 0.9738703370
18.6 -520.5 2254.8 0.9992841482 0.0326033495 0.0191898253 -0.0351950787 0.9872136712 0.1554684490 -0.0138756670 -0.1560325325 0.9876544476
213.0 -141.1 2176.8 0.9786804914 0.0762752444 -0.1907001883 -0.0567426719 0.9927593470 0.1058730856 0.1973948926 -0.0927950889 0.9759222865
182.7 -535.4 2213.6 0.9802887440 -0.0503660776 -0.1910425127 0.0707441494 0.9923281074 0.1013911366 0.1844701767 -0.1129077300 0.9763311744
70.3 373.9 2024.9 0 0 0 0 0 0 0 0 0
275.6 -141.0 2150.2 0 0 0 0 0 0 0 0 0
6.2 -897.7 2314.4 0 0 0 0 0 0 0 0 0
201.9 -913.8 2256.7 0 0 0 0 0 0 0 0 0
124.7 490.4 2188.3 4 0.9960992932 -0.0338487923 -0.0814891756 0.0342096165 0.9994100928 0.0030353949 0.0813383535 -0.0058112680 0.9966695905
132.1 271.2 2189.5 0.9960992932 -0.0338487923 -0.0814891756 0.0342096165 0.9994100928 0.0030353949 0.0813383535 -0.0058112680 0.9966695905
129.5 72.7 2184.5 0.9966166019 0.0127323456 -0.0811984539 -0.0147652877 0.9995911121 -0.0244855843 0.0808534995 0.0256016590 0.9963971376
-13.3 273.3 2177.8 0.2707800865 -0.8470745683 -0.4573213160 0.5423531532 0.5267373919 -0.6545233130 0.7953183055 -0.0707977712 0.6020435691
-72.2 155.3 2004.8 -0.5243743658 -0.8470745683 0.0865802616 -0.8500113487 0.5267373919 0.0053328918 -0.0501224212 -0.0707977712 -0.9962306023
277.5 269.1 2201.3 0.5181766152 0.4934878349 0.6985433102 -0.8322477937 0.1026941165 0.5448095798 0.1971206069 -0.8636687398 0.4639178514
405.3 63.8 2249.9 -0.4974609911 0.4934878349 0.7134439945 -0.7812193036 0.1026941165 -0.6157518029 -0.3771325052 -0.8636687398 0.3344359100
31.3 -138.4 2169.5 0.9992200732 0.0319383480 -0.0232197251 -0.0262880102 0.9768368602 0.2123646140 0.0294644590 -0.2115885913 0.9769145846
18.6 -526.5 2253.6 0.9988378882 0.0411677472 -0.0250628609 -0.0368193388 0.9873242378 0.1543864608 0.0311009139 -0.1532842368 0.9876925945
214.4 -145.1 2176.9 0.9693777561 0.0793489516 -0.2324015349 -0.0542650595 0.9921786785 0.1124131829 0.2395037264 -0.0963595584 0.9661018848
182.8 -539.3 2215.2 0.9703181386 -0.0562450215 -0.2352003008 0.0758894384 0.9942677617 0.0753157660 0.2296159416 -0.0909294710 0.9690244198
59.9 369.6 2017.4 0 0 0 0 0 0 0 0 0
276.1 -139.1 2152.0 0 0 0 0 0 0 0 0 0
2.9 -903.8 2312.2 0 0 0 0 0 0 0 0 0
204.3 -918.8 2249.9 0 0 0 0 0 0 0 0 0
124.7 490.8 2187.5 5 0.9931716919 -0.0192084517 -0.1150697693 0.0196613036 0.9998027682 0.0028016621 0.1149932593 -0.0050449530 0.9933534861
128.8 280.2 2188.6 0.9931716919 -0.0192084517 -0.1150697693 0.0196613036 0.9998027682 0.0028016621 0.1149932593 -0.0050449530 0.9933534861
128.0 81.6 2185.8 0.9933664203 0.0034498344 -0.1149399951 -0.0050538029 0.9998938441 -0.0136663495 0.1148806438 0.0141565772 0.9932784438
-16.2 280.9 2171.8 0.2519258559 -0.8544856906 -0.4542990327 0.5899657607 0.5077258945 -0.6278175116 0.7671204805 -0.1098574102 0.6320265532
-70.8 153.0 2005.5 -0.5060084462 -0.8544856906 0.1175145954 -0.8613495827 0.5077258945 -0.0170674268 -0.0450813286 -0.1098574102 -0.9929244518
273.7 279.5 2205.3 0.5197065473 0.4946156144 0.6966063976 -0.8337599635 0.1157222465 0.5398635864 0.1864121258 -0.8613731861 0.4725323021
403.6 71.2 2251.9 -0.4745582342 0.4946156144 0.7281138897 -0.7943479419 0.1157222465 -0.5963385701 -0.3792173564 -0.8613731861 0.3379799724
35.6 -124.5 2172.2 0.9973081946 0.0433833711 -0.0591116771 -0.0305616353 0.9787614942 0.2027113140 0.0666505322 -0.2003591061 0.9774527550
18.4 -513.4 2251.8 0.9976721406 0.0300376918 -0.0612210743 -0.0203468800 0.9879899025 0.1531730890 0.0650867671 -0.1515708715 0.9863011837
218.2 -127.2 2186.9 0.9590125680 0.0897209346 -0.2687844634 -0.0677816868 0.9936470985 0.0898394734 0.2751373649 -0.0679385141 0.9590014219
182.5 -521.8 2213.9 0.9618245959 -0.0417794585 -0.2704587877 0.0631309599 0.9954957366 0.0707303211 0.2662855089 -0.0851044878 0.9601297975
54.2 365.7 2016.6 0 0 0 0 0 0 0 0 0
280.3 -135.2 2153.4 0 0 0 0 0 0 0 0 0
6.9 -890.9 2309.7 0 0 0 0 0 0 0 0 0
198.5 -902.0 2246.4 0 0 0 0 0 0 0 0 0
125.1 490.0 2188.1 6 0.9902768731 -0.0139191970 -0.1384123266 0.0141660701 0.9998993278 0.0007986004 0.1383872777 -0.0027515942 0.9903743863
128.0 283.7 2188.7 0.9902768731 -0.0139191970 -0.1384123266 0.0141660701 0.9998993278 0.0007986004 0.1383872777 -0.0027515942 0.9903743863
128.5 85.0 2186.5 0.9903854728 -0.0027571544 -0.1383075267 0.0011401995 0.9999300838 -0.0117688784 0.1383303106 0.0114980284 0.9903194308
-16.6 283.5 2168.5 0.2471345961 -0.8418214321 -0.4798553586 0.6083070040 0.5202581882 -0.5994114280 0.7542460561 -0.1437640786 0.6406596303
-69.7 152.7 2006.4 -0.5161921978 -0.8418214321 0.1577413380 -0.8538278341 0.5202581882 -0.0175906084 -0.0672580674 -0.1437640786 -0.9873237610
272.5 283.9 2208.9 0.5217595696 0.5024579167 0.6894222498 -0.8331569433 0.1264388859 0.5383890271 0.1833480597 -0.8553065062 0.4845969975
402.0 77.1 2254.4 -0.4601203501 0.5024579167 0.7320008874 -0.7984278202 0.1264388859 -0.5886647701 -0.3883326650 -0.8553065062 0.3429992795
36.3 -116.6 2172.6 0.9956062436 0.0418098979 -0.0837864056 -0.0246980824 0.9803486466 0.1957204491 0.0903229415 -0.1927911341 0.9770738482
19.7 -506.2 2249.2 0.9957823753 0.0350602232 -0.0847834200 -0.0200599469 0.9849455357 0.1716971099 0.0895267874 -0.1692721993 0.9814947248
218.3 -117.5 2193.6 0.9522011876 0.0890570655 -0.2922016084 -0.0661623031 0.9939789772 0.0873404667 0.2982205153 -0.0638329610 0.9523601532
182.9 -512.4 2219.0 0.9541960359 -0.0419841371 -0.2962215841 0.0558299944 0.9977002740 0.0384346657 0.2939266860 -0.0532122552 0.9543456435
57.7 363.5 2023.0 0 0 0 0 0 0 0 0 0
282.5 -130.3 2153.5 0 0 0 0 0 0 0 0 0
6.3 -882.5 2313.9 0 0 0 0 0 0 0 0 0
198.9 -893.3 2239.3 0 0 0 0 0 0 0 0 0
123.9 494.2 2187.5 7 0.9856231213 -0.0147448517 -0.1683141589 0.0151087623 0.9998854399 0.0008815819 0.1682818830 -0.0034119261 0.9857330322
126.9 289.5 2188.1 0.9856231213 -0.0147448517 -0.1683141589 0.0151087623 0.9998854399 0.0008815819 0.1682818830 -0.0034119261 0.9857330322
128.9 90.8 2186.8 0.9857007861 -0.0101771886 -0.1681975126 0.0088772876 0.9999246597 -0.0084785586 0.1682711244 0.0068641845 0.9857168794
-17.0 288.1 2163.6 0.2413167804 -0.8323754668 -0.4989161491 0.6345320344 0.5243226290 -0.5678510666 0.7342583537 -0.1795462668 0.6546967626
-68.5 152.6 2006.7 -0.5203934908 -0.8323754668 0.1906350106 -0.8508673906 0.5243226290 -0.0333231762 -0.0722168609 -0.1795462668 -0.9810952544
270.8 290.8 2212.7 0.5169546008 0.5071845651 0.6895807981 -0.8389116526 0.1399561763 0.5259653330 0.1702504158 -0.8503975868 0.4978340268
401.2 79.1 2255.7 -0.4480673373 0.5071845651 0.7362061143 -0.8000692725 0.1399561763 -0.5833536386 -0.3989045620 -0.8503975868 0.3430730104
38.2 -113.8 2171.6 0.9924364686 0.0424780138 -0.1151760668 -0.0199964754 0.9816322923 0.1897317916 0.1211199835 -0.1859936267 0.9750570655
21.4 -503.9 2245.5 0.9921847582 0.0466712937 -0.1157205254 -0.0256482344 0.9838933349 0.1769071221 0.1221131310 -0.1725565195 0.9774009585
219.7 -113.5 2196.9 0.9428833127 0.0889761522 -0.3210207820 -0.0611977912 0.9935342073 0.0956276953 0.3274537027 -0.0705199912 0.9422319531
184.4 -508.3 2224.9 0.9446834922 -0.0314900018 -0.3264681399 0.0421912074 0.9987777472 0.0257477742 0.3252583146 -0.0380975828 0.9448574781
60.0 362.7 2024.6 0 0 0 0 0 0 0 0 0
284.8 -128.7 2152.0 0 0 0 0 0 0 0 0 0
3.5 -879.8 2311.4 0 0 0 0 0 0 0 0 0
196.4 -889.8 2239.5 0 0 0 0 0 0 0 0 0
124.3 492.8 2187.1 8 0.9951028824 -0.0315273926 -0.0936819315 0.0311456919 0.9994995594 -0.0055341106 0.0938095227 0.0025892209 0.9955868125
131.3 269.6 2186.5 0.9951028824 -0.0315273926 -0.0936819315 0.0311456919 0.9994995594 -0.0055341106 0.0938095227 0.0025892209 0.9955868125
128.0 71.0 2183.4 0.9954800606 0.0160433222 -0.0936061591 -0.0175521728 0.9997286201 -0.0153181124 0.0933349952 0.0168918669 0.9954914451
-13.6 272.1 2173.0 0.2600607276 -0.8411158919 -0.4742283225 0.5652704835 0.5307908654 -0.6314510107 0.7828395367 -0.1038516760 0.6134958267
-68.9 152.0 2006.6 -0.5247986913 -0.8411158919 0.1308067590 -0.8473980427 0.5307908654 0.0133264782 -0.0806401372 -0.1038516760 -0.9913182855
276.2 267.1 2200.1 0.5410943627 0.5511636138 0.6351657510 -0.8039336801 0.1173655465 0.5830231905 0.2467945814 -0.8261016607 0.5066047907
400.1 83.0 2256.6 -0.4368056059 0.5511636138 0.7109286189 -0.8029710650 0.1173655465 -0.5843482018 -0.4055100083 -0.8261016607 0.3913024962
40.6 -108.7 2170.1 0.9983822703 0.0439688787 -0.0360504277 -0.0363467783 0.9811075926 0.1900177747 0.0437242202 -0.1884000599 0.9811185598
23.1 -498.6 2245.0 0.9975650311 0.0591000617 -0.0370291322 -0.0520879999 0.9844221473 0.1679283082 0.0463768691 -0.1655906290 0.9851034880
220.2 -111.0 2198.7 0.9643529058 0.0929326713 -0.2477640212 -0.0749471933 0.9938856959 0.0810808167 0.2537841797 -0.0596213005 0.9654216170
183.7 -502.1 2222.2 0.9670304060 -0.0364058577 -0.2520451248 0.0459216535 0.9984332323 0.0319737047 0.2504861951 -0.0424938761 0.9671871066
63.9 366.4 2027.0 0 0 0 0 0 0 0 0 0
286.7 -125.6 2151.3 0 0 0 0 0 0 0 0 0
0.5 -874.7 2308.2 0 0 0 0 0 0 0 0 0
197.6 -883.5 2238.4 0 0 0 0 0 0 0 0 0
123.2 492.5 2186.4 9 0.9976893663 -0.0337057374 -0.0589898266 0.0338796489 0.9994240403 0.0019501706 0.0588901192 -0.0039442191 0.9982566833
131.0 258.8 2187.4 0.9976893663 -0.0337057374 -0.0589898266 0.0338796489 0.9994240403 0.0019501706 0.0588901192 -0.0039442191 0.9982566833
127.9 60.3 2182.9 0.9981532097 0.0153760957 -0.0587687120 -0.0167036131 0.9996147752 -0.0221647434 0.0584052652 0.0231054593 0.9980255365
-14.4 261.2 2178.9 0.2456121594 -0.8450797200 -0.4748841822 0.5133200288 0.5289521217 -0.6758048534 0.8222999573 -0.0777816772 0.5637134314
-66.1 153.2 2005.8 -0.5223647952 -0.8450797200 0.1139093041 -0.8478881121 0.5289521217 0.0359914564 -0.0906682089 -0.0777816772 -0.9928389788
276.5 256.5 2195.9 0.5566543937 0.5606630445 0.6130194664 -0.7844512463 0.1118570641 0.6100199223 0.2734450400 -0.8204541206 0.5020785332
401.0 81.0 2257.0 -0.4315507710 0.5606630445 0.7066971660 -0.8061586618 0.1118570641 -0.5810303092 -0.4048112929 -0.8204541206 0.4037113488
33.8 -126.0 2171.7 0.9995942116 0.0284447838 -0.0015159060 -0.0275798626 0.9797645211 0.1982442439 0.0071242456 -0.1981219798 0.9801514745
22.5 -515.3 2250.5 0.9976919293 0.0678406805 -0.0029148234 -0.0666404217 0.9864746928 0.1497554332 0.0130349109 -0.1492155492 0.9887187481
215.2 -131.1 2187.7 0.9743372798 0.0764428228 -0.2117152363 -0.0558511689 0.9932566881 0.1015962213 0.2180538774 -0.0871644467 0.9720364809
185.0 -523.7 2222.1 0.9762549996 -0.0190498922 -0.2157852352 0.0291959886 0.9986079335 0.0439295880 0.2146479934 -0.0491865426 0.9754521847
67.3 369.7 2028.9 0 0 0 0 0 0 0 0 0
288.9 -128.4 2151.8 0 0 0 0 0 0 0 0 0
-3.4 -892.2 2307.5 0 0 0 0 0 0 0 0 0
192.3 -905.2 2240.9 0 0 0 0 0 0 0 0 0
122.8 493.4 2193.6 0 0.9987022281 -0.0328588374 -0.0389114656 0.0317648686 0.9990916252 -0.0284066405 0.0398095287 0.0271337572 0.9988387823
130.7 253.4 2187.1 0.9987022281 -0.0328588374 -0.0389114656 0.0317648686 0.9990916252 -0.0284066405 0.0398095287 0.0271337572 0.9988387823
128.2 54.7 2182.8 0.9991614819 0.0125161037 -0.0389833897 -0.0133552309 0.9996830821 -0.0213397350 0.0387039445 0.0218424723 0.9990119934
-15.1 255.3 2181.4 0.2304058671 -0.8455055952 -0.4816984236 0.4803523719 0.5293248296 -0.6993402839 0.8462710977 -0.0702528879 0.5281001925
-62.8 155.8 2006.1 -0.5200592279 -0.8455055952 0.1210729256 -0.8461578488 0.5293248296 0.0619043373 -0.1164273694 -0.0702528879 -0.9907114506
276.4 251.4 2192.7 0.5606526732 0.5565011501 0.6131680012 -0.7770788074 0.0978064984 0.6217575669 0.2860369980 -0.8250699043 0.4872807264
401.1 78.6 2256.3 -0.4248018861 0.5565011501 0.7140376568 -0.8199391365 0.0978064984 -0.5640334487 -0.3837227821 -0.8250699043 0.4147486985
33.5 -136.8 2173.1 0.9993962049 0.0301226880 0.0173167046 -0.0330321603 0.9782777429 0.2046496868 -0.0107759489 -0.2050981373 0.9786821008
21.5 -525.6 2254.6 0.9977982044 0.0645938814 0.0150471684 -0.0660175681 0.9890598059 0.1319181174 -0.0063614459 -0.1326210350 0.9911463857
215.9 -140.8 2183.2 0.9782040715 0.0758283958 -0.1933050752 -0.0581850223 0.9937393069 0.0953768417 0.1993271112 -0.0820505545 0.9764918685
185.8 -534.7 2215.7 0.9808247089 -0.0274986327 -0.1929421276 0.0475553162 0.9938399196 0.1001035422 0.1890008748 -0.1073594540 0.9760904908
70.7 373.0 2036.0 0 0 0 0 0 0 0 0 0
290.8 -134.4 2156.7 0 0 0 0 0 0 0 0 0
-3.2 -903.5 2305.2 0 0 0 0 0 0 0 0 0
196.3 -913.8 2256.6 0 0 0 0 0 0 0 0 0
124.4 494.9 2190.7 1 0.9991940856 -0.0242927447 -0.0319540463 0.0238024890 0.9995943904 -0.0156345200 0.0323208906 0.0148613332 0.9993670583
130.3 250.6 2187.0 0.9991940856 -0.0242927447 -0.0319540463 0.0238024890 0.9995943904 -0.0156345200 0.0323208906 0.0148613332 0.9993670583
128.5 51.9 2183.2 0.9994485974 0.0091154063 -0.0319280028 -0.0097274017 0.9997709394 -0.0190653987 0.0317468978 0.0193654634 0.9993082881
-15.6 252.0 2182.4 0.2166183740 -0.8470768929 -0.4853217304 0.4580112100 0.5271996856 -0.7157417536 0.8621497750 -0.0672399774 0.5021718740
-60.1 157.9 2005.3 -0.5150586963 -0.8470768929 0.1310543567 -0.8455204964 0.5271996856 0.0845906809 -0.1407466382 -0.0672399774 -0.9877596498
276.2 249.2 2191.7 0.5559068918 0.5435573459 0.6288982034 -0.7847300768 0.0936339349 0.6127246022 0.2741647363 -0.8341331482 0.4785975218
401.8 71.9 2253.6 -0.4390704334 0.5435573459 0.7153758407 -0.8152377605 0.0936339349 -0.5715068579 -0.3776302040 -0.8341331482 0.4020165801
34.1 -142.7 2175.0 0.9990061522 0.0381734669 0.0230106469 -0.0419238806 0.9800523520 0.1942672580 -0.0151357837 -0.1950388849 0.9806787372
19.0 -532.1 2252.5 0.9988915324 0.0419785231 0.0212966502 -0.0447148941 0.9875750542 0.1506521106 -0.0147078875 -0.1514374018 0.9883574247
217.0 -145.6 2181.8 0.9787917733 0.0844556168 -0.1866383702 -0.0667265505 0.9928154945 0.0993227884 0.1936858296 -0.0847625881 0.9773950577
183.5 -539.6 2215.4 0.9816833138 -0.0415381268 -0.1859367192 0.0623450726 0.9922491312 0.1074932814 0.1800304800 -0.1171166003 0.9766640663
72.6 375.7 2041.6 0 0 0 0 0 0 0 0 0
287.7 -139.9 2155.5 0 0 0 0 0 0 0 0 0
2.9 -909.3 2310.3 0 0 0 0 0 0 0 0 0
199.4 -918.4 2260.1 0 0 0 0 0 0 0 0 0
123.5 496.3 2188.7 2 0.9991282225 -0.0327848904 -0.0258437246 0.0325426608 0.9994229078 -0.0097384239 0.0261480846 0.0088889105 0.9996185303
131.7 247.1 2186.5 0.9991282225 -0.0327848904 -0.0258437246 0.0325426608 0.9994229078 -0.0097384239 0.0261480846 0.0088889105 0.9996185303
130.0 48.4 2182.5 0.9996308088 0.0087646693 -0.0257180016 -0.0092854919 0.9997528195 -0.0202022363 0.0255345777 0.0204335824 0.9994651079
-14.3 248.4 2182.8 0.2366247773 -0.8464211226 -0.4770534039 0.4417143464 0.5310384631 -0.7231090069 0.8653884530 -0.0396158323 0.4995332062
-62.5 158.3 2006.2 -0.5221648812 -0.8464211226 0.1044751257 -0.8422669172 0.5310384631 0.0926529393 -0.1339037120 -0.0396158323 -0.9902021885
277.7 245.7 2190.2 0.5530209541 0.5503938794 0.6254873276 -0.7836829424 0.0887574703 0.6147871017 0.2828583717 -0.8301739097 0.4804190099
403.0 68.2 2254.3 -0.4599077106 0.5503938794 0.6968152523 -0.7976434827 0.0887574703 -0.5965626240 -0.3901919723 -0.8301739097 0.3981978297
35.1 -145.9 2176.5 0.9988529682 0.0378987342 0.0292643290 -0.0430003889 0.9788427949 0.2000443786 -0.0210637487 -0.2010732889 0.9793497324
20.0 -534.9 2256.4 0.9985945225 0.0458789617 0.0265357513 -0.0489718169 0.9901802540 0.1309382170 -0.0202678666 -0.1320536882 0.9910353422
218.2 -147.9 2182.2 0.9798731208 0.0868957490 -0.1797159910 -0.0680247545 0.9917515516 0.1086345986 0.1876734942 -0.0942229852 0.9777017236
183.7 -541.7 2219.6 0.9813400507 -0.0579528250 -0.1833388358 0.0709657893 0.9953438044 0.0652266815 0.1787051111 -0.0770203397 0.9808834791
72.9 376.7 2040.9 0 0 0 0 0 0 0 0 0
283.5 -138.9 2153.0 0 0 0 0 0 0 0 0 0
2.5 -913.1 2306.8 0 0 0 0 0 0 0 0 0
205.8 -921.6 2249.0 0 0 0 0 0 0 0 0 0
123.8 495.4 2188.7 3 0.9982895255 -0.0416102260 -0.0410686135 0.0414049923 0.9991254210 -0.0058357688 0.0412755236 0.0041253413 0.9991393089
134.2 244.5 2187.7 0.9982895255 -0.0416102260 -0.0410686135 0.0414049923 0.9991254210 -0.0058357688 0.0412755236 0.0041253413 0.9991393089
130.9 45.9 2183.2 0.9990288019 0.0164760128 -0.0408654436 -0.0173851475 0.9996069670 -0.0219923295 0.0404870361 0.0226814225 0.9989225864
-11.7 247.1 2181.8 0.2656290829 -0.8317615390 -0.4874566495 0.4336275458 0.5546672344 -0.7101488709 0.8610507250 -0.0227384306 0.5080104470
-66.0 158.4 2005.7 -0.5499017239 -0.8317615390 0.0760322735 -0.8288417459 0.5546672344 0.0732499883 -0.1030991301 -0.0227384306 -0.9944111705
280.1 242.0 2193.6 0.5688357353 0.5344393253 0.6251404285 -0.7771107554 0.1003731564 0.6213083863 0.2693043351 -0.8392257690 0.4724143744
405.5 70.8 2253.0 -0.4713136554 0.5344393253 0.7015967965 -0.7888231874 0.1003731564 -0.6063688993 -0.3944888711 -0.8392257690 0.3742708862
36.6 -149.4 2176.1 0.9988892078 0.0441725999 0.0164040215 -0.0465829074 0.9781487584 0.2026204914 -0.0070952997 -0.2031595707 0.9791199565
19.0 -538.1 2256.8 0.9991571307 0.0387310609 0.0135976952 -0.0402619503 0.9892197847 0.1407948285 -0.0079979766 -0.1412236243 0.9899454117
219.8 -151.2 2180.7 0.9767115116 0.0919084549 -0.1938748211 -0.0727003738 0.9919191003 0.1039766818 0.2018644661 -0.0874604508 0.9755005836
183.3 -545.3 2215.4 0.9790717959 -0.0577832945 -0.1951396316 0.0765646771 0.9929842353 0.0901119784 0.1885636151 -0.1031669006 0.9766270518
75.2 371.3 2032.2 0 0 0 0 0 0 0 0 0
283.0 -134.1 2150.5 0 0 0 0 0 0 0 0 0
4.2 -916.0 2310.8 0 0 0 0 0 0 0 0 0
205.4 -924.3 2254.8 0 0 0 0 0 0 0 0 0
123.6 496.4 2194.8 4 0.9963855743 -0.0306891333 -0.0792080760 0.0297280550 0.9994697571 -0.0132846907 0.0795737728 0.0108819716 0.9967696071
130.6 269.0 2192.3 0.9963855743 -0.0306891333 -0.0792080760 0.0297280550 0.9994697571 -0.0132846907 0.0795737728 0.0108819716 0.9967696071
131.0 70.3 2187.5 0.9968710542 -0.0016616494 -0.0790274739 -0.0002715826 0.9997011423 -0.0244457498 0.0790444687 0.0243907217 0.9965726733
-14.9 269.0 2180.7 0.2361637056 -0.8002269864 -0.5512381792 0.5173692107 0.5837420225 -0.6257590652 0.8225301504 -0.1374120861 0.5518714786
-65.2 158.8 2005.5 -0.5765280128 -0.8002269864 0.1650826037 -0.8119180799 0.5837420225 -0.0058601564 -0.0916761905 -0.1374120861 -0.9862623215
276.1 268.9 2203.8 0.5403602719 0.5157439709 0.6648450494 -0.8151688576 0.1249927729 0.5655763149 0.2085917592 -0.8475759029 0.4879595637
407.5 70.6 2254.6 -0.4810574949 0.5157439709 0.7089371085 -0.7763769627 0.1249927729 -0.6177504659 -0.4072130919 -0.8475759029 0.3402830362
36.1 -151.1 2175.0 0.9987440109 0.0435249917 -0.0248177741 -0.0375729837 0.9783130288 0.2036956996 0.0331454054 -0.2025073767 0.9787196517
