69.2 452.3 2087.1 2 0.9991087317 -0.0420182385 -0.0040287189 0.0420530364 0.9990749955 0.0089818463 0.0036475910 -0.0091432612 0.9999515414
78.5 231.8 2089.2 0.9991087317 -0.0420182385 -0.0040287189 0.0420530364 0.9990749955 0.0089818463 0.0036475910 -0.0091432612 0.9999515414
70.3 38.9 2109.1 0.9991158843 0.0418465734 -0.0040368051 -0.0412101075 0.9938421249 0.1028569788 0.0083161592 -0.1025996879 0.9946879745
-58.0 237.4 2088.0 0.9092717171 0.0639042929 -0.4112678170 -0.3714052737 0.5705454350 -0.7324861884 0.1878379583 0.8187760115 0.5425152183
-263.5 321.3 2045.6 -0.8979300261 0.0639042929 -0.4354743659 -0.3251449764 0.5705454350 0.7541608810 0.2966520190 0.8187760115 -0.4915316999
214.9 226.1 2090.3 0.7443001866 0.4379828572 0.5041708350 -0.5288252831 -0.0745396391 0.8454511762 0.4078738391 -0.8958877325 0.1761365235
369.0 116.7 2174.7 -0.6054623723 0.4379828572 0.6645196676 -0.7611032724 -0.0745396391 -0.6443335414 -0.2326739877 -0.8958877325 0.3784811199
-27.5 -152.0 2126.2 0.9910576344 0.0038090472 -0.1333799809 -0.0087556019 0.9992945790 -0.0365193188 0.1331467777 0.0373605713 0.9903919101
-29.0 -539.9 2111.7 0.9895582199 0.0630049556 -0.1296336055 -0.0399543345 0.9840609431 0.1732851267 0.1384851933 -0.1662963033 0.9763029218
151.5 -159.8 2128.4 0.9982131124 0.0592418201 -0.0078114448 -0.0593170747 0.9981912374 -0.0097822770 0.0072177961 0.0102281487 0.9999216199
128.5 -547.3 2124.4 0.9965107441 -0.0832724497 -0.0056575369 0.0833937079 0.9961661100 0.0264296867 0.0034349819 -0.0268092696 0.9996346831
-34.6 404.2 1970.0 0 0 0 0 0 0 0 0 0
200.1 -95.6 2109.8 0 0 0 0 0 0 0 0 0
-52.5 -907.1 2173.8 0 0 0 0 0 0 0 0 0
159.6 -918.9 2134.4 0 0 0 0 0 0 0 0 0
68.9 450.8 2089.1 3 0.9985036850 -0.0546765663 -0.0009148314 0.0546738543 0.9985004663 -0.0027628099 0.0010645206 0.0027086586 0.9999957681
80.9 231.4 2088.5 0.9985036850 -0.0546765663 -0.0009148314 0.0546738543 0.9985004663 -0.0027628099 0.0010645206 0.0027086586 0.9999957681
71.6 38.5 2107.7 0.9988515377 0.0478958711 -0.0012625114 -0.0475333706 0.9939117432 0.0993980691 0.0060155820 -0.0992239043 0.9950469732
-55.5 237.9 2087.6 0.9150013328 0.0764854848 -0.3961345255 -0.3665645421 0.5677559376 -0.7370777726 0.1685319692 0.8196359873 0.5475342870
-263.4 321.2 2049.3 -0.8972445726 0.0764854848 -0.4348587096 -0.3193310201 0.5677559376 0.7587363720 0.3049259484 0.8196359873 -0.4849917591
217.4 224.9 2089.3 0.7378523946 0.4377498925 0.5137596130 -0.5369592309 -0.0804969445 0.8397588730 0.4089604318 -0.8954860568 0.1756590009
367.6 115.6 2172.5 -0.6051208377 0.4377498925 0.6649840474 -0.7630206943 -0.0804969445 -0.6413420439 -0.2272182256 -0.8954860568 0.3827226162
-27.3 -150.4 2128.2 0.9913009405 0.0071160551 -0.1314222217 -0.0113080274 0.9994498491 -0.0311782751 0.1311280578 0.0323931798 0.9908360839
-30.1 -538.4 2115.7 0.9902622104 0.0537828729 -0.1284062415 -0.0361976288 0.9901087284 0.1355522126 0.1344265342 -0.1295842379 0.9824140668
151.7 -157.8 2129.7 0.9977988601 0.0660268441 -0.0061560501 -0.0661357865 0.9976181984 -0.0195956789 0.0048475470 0.0199596807 0.9997890592
126.1 -545.0 2122.0 0.9954622984 -0.0951389298 -0.0018527986 0.0951250494 0.9944355488 0.0452682115 -0.0024642802 -0.0452390462 0.9989731312
-34.5 402.6 1971.6 0 0 0 0 0 0 0 0 0
198.8 -97.3 2109.2 0 0 0 0 0 0 0 0 0
-50.1 -907.6 2164.0 0 0 0 0 0 0 0 0 0
161.6 -916.0 2138.9 0 0 0 0 0 0 0 0 0
69.3 449.6 2088.5 4 0.9986795187 -0.0507207289 -0.0081649870 0.0507270359 0.9987124205 0.0005669375 0.0081257178 -0.0009803744 0.9999665022
80.4 231.0 2088.7 0.9986795187 -0.0507207289 -0.0081649870 0.0507270359 0.9987124205 0.0005669375 0.0081257178 -0.0009803744 0.9999665022
70.4 38.0 2106.9 0.9986257553 0.0517759845 -0.0081154900 -0.0507859439 0.9942715168 0.0940472558 0.0129383905 -0.0935058594 0.9955346584
-56.0 238.0 2087.0 0.9152120948 0.0824947432 -0.3944380879 -0.3710885942 0.5541277528 -0.7451413870 0.1570988446 0.8283339143 0.5377572775
-262.6 321.7 2051.5 -0.8927413225 0.0824947432 -0.4429532588 -0.3283380866 0.5541277528 0.7649421692 0.3085564077 0.8283339143 -0.4676065743
216.8 224.1 2090.5 0.7412573695 0.4286240637 0.5165452361 -0.5397143364 -0.0769131258 0.8383274078 0.3990564048 -0.9002031684 0.1743221283
367.7 114.2 2171.7 -0.6063336134 0.4286240637 0.6698066592 -0.7631571293 -0.0769131258 -0.6416195035 -0.2234966159 -0.9002031684 0.3737425208
-27.1 -150.2 2126.4 0.9903292656 0.0049945298 -0.1386468261 -0.0099056959 0.9993467927 -0.0347547345 0.1383826733 0.0357920267 0.9897318482
-29.1 -538.2 2112.5 0.9894979000 0.0505988970 -0.1354016513 -0.0302420389 0.9884678721 0.1483803838 0.1413480639 -0.1427272558 0.9796171188
151.8 -158.7 2127.5 0.9976930618 0.0667294785 -0.0124809369 -0.0668691024 0.9976997375 -0.0111255683 0.0117098242 0.0119344918 0.9998602271
125.9 -546.0 2122.9 0.9952794909 -0.0965902060 -0.0094404202 0.0968590826 0.9947119355 0.0341537185 0.0060915840 -0.0349068865 0.9993720055
-35.2 405.4 1972.9 0 0 0 0 0 0 0 0 0
198.6 -98.7 2109.4 0 0 0 0 0 0 0 0 0
-48.0 -907.0 2165.8 0 0 0 0 0 0 0 0 0
162.0 -917.2 2135.9 0 0 0 0 0 0 0 0 0
69.5 450.2 2088.7 5 0.9985710382 -0.0467183664 -0.0259473864 0.0466845967 0.9989078641 -0.0019060074 0.0260080937 0.0006919405 0.9996615052
79.7 232.3 2088.6 0.9985710382 -0.0467183664 -0.0259473864 0.0466845967 0.9989078641 -0.0019060074 0.0260080937 0.0006919405 0.9996615052
71.4 39.2 2106.7 0.9987573028 0.0424228050 -0.0261553768 -0.0397732072 0.9947181344 0.0946249664 0.0300314855 -0.0934670940 0.9951693416
-56.8 237.7 2084.5 0.9131555557 0.0931691676 -0.3968203962 -0.3811875582 0.5400038958 -0.7503944635 0.1443709135 0.8364898562 0.5286224484
-261.7 323.3 2052.1 -0.8913515806 0.0931691676 -0.4436347783 -0.3291074038 0.5400038958 0.7746509910 0.3117381036 0.8364898562 -0.4506706595
216.1 226.9 2092.7 0.7398726344 0.4192845225 0.5261073112 -0.5527611971 -0.0668741539 0.8306521177 0.3834625781 -0.9053884745 0.1822858453
367.8 113.5 2171.3 -0.6070520878 0.4192845225 0.6750468612 -0.7621943951 -0.0668741539 -0.6438847780 -0.2248277366 -0.9053884745 0.3601724207
-29.2 -150.4 2123.9 0.9878845215 -0.0014497942 -0.1551840901 -0.0025437949 0.9996707439 -0.0255328510 0.1551700234 0.0256182645 0.9875555634
-28.6 -538.5 2113.9 0.9856866598 0.0708130598 -0.1529943347 -0.0473876595 0.9872952104 0.1516658366 0.1617904902 -0.1422449499 0.9765194654
149.8 -159.5 2126.2 0.9978617430 0.0585143976 -0.0291197319 -0.0586850233 0.9982638359 -0.0050390349 0.0287743192 0.0067371521 0.9995632172
127.1 -547.1 2123.6 0.9960600734 -0.0843886212 -0.0272569675 0.0851101801 0.9960192442 0.0264946260 0.0249126181 -0.0287100840 0.9992772937
-35.3 406.9 1972.9 0 0 0 0 0 0 0 0 0
198.5 -99.1 2108.6 0 0 0 0 0 0 0 0 0
-55.0 -906.9 2167.0 0 0 0 0 0 0 0 0 0
158.6 -918.8 2134.3 0 0 0 0 0 0 0 0 0
69.3 450.9 2088.4 6 0.9981814623 -0.0401861817 -0.0449315906 0.0401825421 0.9991918802 -0.0009845945 0.0449348465 -0.0008226616 0.9989895821
78.1 231.2 2088.5 0.9981814623 -0.0401861817 -0.0449315906 0.0401825421 0.9991918802 -0.0009845945 0.0449348465 -0.0008226616 0.9989895821
72.7 38.1 2106.9 0.9985730648 0.0279121492 -0.0455268845 -0.0234509073 0.9951300621 0.0957406163 0.0479774959 -0.0945363566 0.9943646193
-58.2 234.4 2082.0 0.9008153081 0.1113588884 -0.4196796119 -0.4137724042 0.5131541491 -0.7519742250 0.1316213012 0.8510417342 0.5083343387
-261.3 327.7 2052.3 -0.8928207755 0.1113588884 -0.4364289939 -0.3244228065 0.5131541491 0.7946211100 0.3124434650 0.8510417342 -0.4220272899
214.5 228.0 2095.1 0.7460401654 0.3949564099 0.5361282825 -0.5545495152 -0.0772196278 0.8285601735 0.3686447740 -0.9154488444 0.1614139378
367.9 114.0 2170.9 -0.6110850573 0.3949564099 0.6859916449 -0.7661375403 -0.0772196278 -0.6380206347 -0.1990183294 -0.9154488444 0.3497786820
-26.3 -150.3 2122.2 0.9850103855 0.0032517340 -0.1724643558 -0.0070796874 0.9997419715 -0.0215851627 0.1723496616 0.0224826038 0.9847792387
-27.5 -538.4 2113.5 0.9820905924 0.0835934579 -0.1688496768 -0.0554961301 0.9847725630 0.1647519320 0.1800507158 -0.1524308175 0.9717749953
152.7 -157.4 2127.6 0.9967384934 0.0652212948 -0.0475242920 -0.0659839362 0.9977130294 -0.0146575626 0.0464596190 0.0177455973 0.9987625480
127.3 -544.7 2120.7 0.9959337115 -0.0789863840 -0.0433259383 0.0810504928 0.9955460429 0.0481543615 0.0393294282 -0.0514701419 0.9978998303
-34.4 410.1 1972.9 0 0 0 0 0 0 0 0 0
197.5 -99.6 2115.4 0 0 0 0 0 0 0 0 0
-58.7 -905.9 2170.4 0 0 0 0 0 0 0 0 0
156.8 -916.2 2139.9 0 0 0 0 0 0 0 0 0
68.0 451.0 2087.7 7 0.9979074001 -0.0551722161 -0.0337180421 0.0550335497 0.9984718561 -0.0050275167 0.0339438915 0.0031613726 0.9994187355
80.4 227.1 2087.0 0.9979074001 -0.0551722161 -0.0337180421 0.0550335497 0.9984718561 -0.0050275167 0.0339438915 0.0031613726 0.9994187355
72.7 34.1 2105.7 0.9986287355 0.0393451229 -0.0345344059 -0.0358037986 0.9945644140 0.0977737159 0.0381936096 -0.0964031816 0.9946092963
-56.0 232.0 2081.7 0.8972104788 0.1175029203 -0.4256834984 -0.4234440327 0.5024987459 -0.7537838817 0.1253336221 0.8565559387 0.5006030798
-259.4 328.0 2053.3 -0.8894068003 0.1175029203 -0.4417563081 -0.3304361999 0.5024987459 0.7989411354 0.3158599138 0.8565559387 -0.4080986083
216.8 222.2 2092.2 0.7510608435 0.4123691916 0.5156154037 -0.5285493135 -0.0924661458 0.8438516855 0.3956554234 -0.9063121080 0.1485097557
369.7 114.6 2172.7 -0.6193414927 0.4123691916 0.6681075692 -0.7580316663 -0.0924661458 -0.6456299424 -0.2044605613 -0.9063121080 0.3698570430
-22.1 -153.0 2121.0 0.9863388538 0.0242900550 -0.1629284173 -0.0269265361 0.9995394945 -0.0139927678 0.1625134945 0.0181887075 0.9865386486
-31.5 -540.9 2113.9 0.9858586192 0.0592871532 -0.1567413807 -0.0355582088 0.9880355000 0.1500716805 0.1637633741 -0.1423760206 0.9761714339
156.7 -157.2 2129.6 0.9967107773 0.0717065707 -0.0377601534 -0.0721771494 0.9973284006 -0.0112484414 0.0368526839 0.0139368633 0.9992235303
128.9 -544.4 2124.2 0.9972844720 -0.0651658103 -0.0343083329 0.0664008185 0.9971368909 0.0361798890 0.0318524130 -0.0383597426 0.9987562299
-33.5 411.9 1973.1 0 0 0 0 0 0 0 0 0
197.0 -96.8 2115.7 0 0 0 0 0 0 0 0 0
-53.7 -909.6 2167.1 0 0 0 0 0 0 0 0 0
153.2 -916.5 2138.5 0 0 0 0 0 0 0 0 0
68.9 449.8 2087.8 8 0.9969245195 -0.0782037303 0.0050621559 0.0782809407 0.9967783689 -0.0174632818 -0.0036801537 0.0178058445 0.9998347163
86.9 220.2 2083.7 0.9969245195 -0.0782037303 0.0050621559 0.0782809407 0.9967783689 -0.0174632818 -0.0036801537 0.0178058445 0.9998347163
71.5 28.3 2106.5 0.9967654943 0.0801966786 0.0051966463 -0.0802546740 0.9899303913 0.1166060120 0.0042070965 -0.1166459098 0.9931646585
-49.0 231.2 2083.1 0.9000132084 0.1215472221 -0.4185719192 -0.4191871583 0.5044711232 -0.7548450232 0.1194081232 0.8548305035 0.5049816966
-257.4 328.3 2055.4 -0.8852121234 0.1215472221 -0.4490276277 -0.3345057964 0.5044711232 0.7959992290 0.3232729435 0.8548305035 -0.4059056640
222.9 209.2 2084.4 0.7490245104 0.4526245892 0.4838318825 -0.4884726405 -0.1161005199 0.8648208976 0.4476123452 -0.8841106296 0.1341325939
369.1 113.8 2171.8 -0.6096041203 0.4526245892 0.6507793665 -0.7638938427 -0.1161005199 -0.6348124743 -0.2117759138 -0.8841106296 0.4165324867
-24.3 -155.7 2121.0 0.9914448261 0.0205310229 -0.1289016604 -0.0211783443 0.9997690320 -0.0036530131 0.1287968904 0.0063516847 0.9916506410
-32.3 -543.8 2118.5 0.9902360439 0.0616857745 -0.1250095367 -0.0453188531 0.9905065298 0.1297804713 0.1318283677 -0.1228480190 0.9836308360
154.5 -162.2 2127.9 0.9977977872 0.0661480799 -0.0048991623 -0.0662178695 0.9976800084 -0.0158043839 0.0038423666 0.0160939917 0.9998630881
128.9 -549.5 2121.6 0.9973479509 -0.0727786720 -0.0005961880 0.0727204755 0.9961493015 0.0489728935 -0.0029702899 -0.0488863662 0.9987999201
-33.0 413.0 1973.5 0 0 0 0 0 0 0 0 0
199.1 -99.2 2112.7 0 0 0 0 0 0 0 0 0
-55.3 -913.4 2164.4 0 0 0 0 0 0 0 0 0
156.0 -921.2 2139.9 0 0 0 0 0 0 0 0 0
69.8 451.9 2088.9 9 0.9966816902 -0.0796600804 0.0167282969 0.0800549537 0.9964908957 -0.0244353302 -0.0147230746 0.0256934296 0.9995614290
88.5 217.2 2082.8 0.9966816902 -0.0796600804 0.0167282969 0.0800549537 0.9964908957 -0.0244353302 -0.0147230746 0.0256934296 0.9995614290
70.0 25.8 2108.4 0.9952436090 0.0957435444 0.0179808754 -0.0972733945 0.9867285490 0.1300177574 -0.0052938838 -0.1311483979 0.9913486242
-47.3 230.5 2083.5 0.9058014154 0.1215673462 -0.4058881700 -0.4094603956 0.4974382520 -0.7647858262 0.1089313254 0.8589392304 0.5003572702
-256.6 325.1 2058.3 -0.8823639750 0.1215673462 -0.4545934498 -0.3421663344 0.4974382520 0.7971683741 0.3230418265 0.8589392304 -0.3973253369
224.4 203.9 2082.2 0.7509927154 0.4718065560 0.4619615972 -0.4714998007 -0.1066255122 0.8753964305 0.4622746706 -0.8752311468 0.1423817128
367.9 113.8 2170.5 -0.5969564319 0.4718065560 0.6488772035 -0.7691658139 -0.1066255122 -0.6300912499 -0.2280943096 -0.8752311468 0.4265482426
-33.2 -156.5 2128.9 0.9929012060 -0.0054181893 -0.1188182682 0.0019409923 0.9995669723 -0.0293610524 0.1189258993 0.0289220009 0.9924818277
-31.1 -544.3 2117.6 0.9910396338 0.0622100234 -0.1181961000 -0.0469353050 0.9906779528 0.1278836578 0.1250499189 -0.1211902052 0.9847210050
145.1 -170.9 2129.7 0.9989769459 0.0449651182 0.0048162946 -0.0448830090 0.9988644123 -0.0159805287 -0.0055293920 0.0157480109 0.9998607039
127.7 -558.6 2123.6 0.9959746599 -0.0893253535 0.0074444832 0.0889307037 0.9951258302 0.0426141508 -0.0112147219 -0.0417805724 0.9990638494
-33.9 411.5 1976.8 0 0 0 0 0 0 0 0 0
201.4 -100.7 2106.9 0 0 0 0 0 0 0 0 0
-54.3 -914.0 2162.9 0 0 0 0 0 0 0 0 0
161.0 -930.0 2139.2 0 0 0 0 0 0 0 0 0
71.8 451.3 2088.9 0 0.9964264035 -0.0825187117 0.0180301946 0.0829852894 0.9961883426 -0.0268745143 -0.0157438200 0.0282747168 0.9994761944
91.3 216.0 2082.3 0.9964264035 -0.0825187117 0.0180301946 0.0829852894 0.9961883426 -0.0268745143 -0.0157438200 0.0282747168 0.9994761944
69.8 24.7 2106.5 0.9936589599 0.1106143072 0.0201581977 -0.1122627184 0.9860041142 0.1232597828 -0.0062417705 -0.1247412041 0.9921696782
-44.4 231.3 2083.1 0.9137530327 0.1259475648 -0.3862545490 -0.3945781887 0.5015640259 -0.7698971033 0.0967647135 0.8559034467 0.5080018044
-256.8 323.1 2060.6 -0.8747386336 0.1259475648 -0.4679418504 -0.3508201241 0.5015640259 0.7907962799 0.3343016505 0.8559034467 -0.3945524991
226.9 200.6 2081.4 0.7504180670 0.4858143628 0.4481709003 -0.4631582499 -0.0972438082 0.8809245825 0.4715476334 -0.8686357737 0.1520354152
367.6 113.8 2169.8 -0.5858323574 0.4858143628 0.6486793160 -0.7737621069 -0.0972438082 -0.6259679198 -0.2410241663 -0.8686357737 0.4328733087
-37.6 -156.8 2134.4 0.9927598834 -0.0165664535 -0.1189679652 0.0103051765 0.9985384941 -0.0530535653 0.1196730062 0.0514434651 0.9914796948
-31.1 -544.2 2114.4 0.9912041426 0.0560290962 -0.1198961511 -0.0383150950 0.9886524677 0.1452525705 0.1266739964 -0.1393811107 0.9821031690
140.6 -174.3 2133.5 0.9994781613 0.0319482647 0.0047655371 -0.0318299383 0.9992257357 -0.0231245421 -0.0055006365 0.0229607895 0.9997212291
128.2 -562.1 2124.6 0.9960061908 -0.0890538245 0.0064077121 0.0888378769 0.9956392646 0.0284661017 -0.0089147855 -0.0277831666 0.9995742440
-36.5 411.4 1976.4 0 0 0 0 0 0 0 0 0
204.3 -102.0 2102.6 0 0 0 0 0 0 0 0 0
-52.0 -913.2 2166.4 0 0 0 0 0 0 0 0 0
161.4 -933.7 2134.9 0 0 0 0 0 0 0 0 0
72.1 452.3 2088.4 1 0.9965174198 -0.0790669769 0.0264857709 0.0797958374 0.9964264035 -0.0276945736 -0.0242013950 0.0297115780 0.9992654920
90.9 215.4 2081.4 0.9965174198 -0.0790669769 0.0264857709 0.0797958374 0.9964264035 -0.0276945736 -0.0242013950 0.0297115780 0.9992654920
69.0 24.4 2107.9 0.9931771755 0.1128889769 0.0292437654 -0.1158105806 0.9842160344 0.1338157803 -0.0136758564 -0.1362895221 0.9905746579
-44.7 231.2 2083.2 0.9230991602 0.1322356313 -0.3611116707 -0.3761526048 0.5057756305 -0.7763376832 0.0799819678 0.8524698019 0.5166218281
-259.7 318.8 2064.6 -0.8607001305 0.1322356313 -0.4916391373 -0.3679770827 0.5057756305 0.7802460194 0.3518354297 0.8524698019 -0.3866614401
226.6 199.5 2079.5 0.7493690848 0.4968148172 0.4377453327 -0.4571384788 -0.0900950655 0.8848204613 0.4790306091 -0.8631673455 0.1595987231
367.6 113.5 2169.7 -0.5785175562 0.4968148172 0.6469098926 -0.7757642865 -0.0900950655 -0.6245579123 -0.2520062625 -0.8631673455 0.4375327826
-40.6 -156.6 2131.3 0.9936088920 -0.0225047171 -0.1106113419 0.0187555123 0.9992175698 -0.0348198153 0.1113084108 0.0325227045 0.9932535887
-31.9 -544.3 2118.7 0.9922614098 0.0519486964 -0.1127766892 -0.0379049890 0.9916477203 0.1232803240 0.1182390004 -0.1180515140 0.9859429002
137.3 -176.7 2130.2 0.9996560216 0.0223919600 0.0136563880 -0.0223366898 0.9997417331 -0.0041864375 -0.0137466034 0.0038799588 0.9998979568
128.7 -564.7 2128.7 0.9960172772 -0.0880790949 0.0138443410 0.0880284533 0.9961090088 0.0042269211 -0.0141627761 -0.0029913904 0.9998952150
-43.9 411.0 1976.4 0 0 0 0 0 0 0 0 0
206.3 -102.9 2099.4 0 0 0 0 0 0 0 0 0
-51.2 -914.3 2162.7 0 0 0 0 0 0 0 0 0
161.5 -936.4 2129.8 0 0 0 0 0 0 0 0 0
70.6 451.2 2088.2 2 0.9953233004 -0.0913104042 0.0315275863 0.0921948925 0.9953516722 -0.0278407987 -0.0288388841 0.0306172762 0.9991150498
92.3 214.4 2080.9 0.9953233004 -0.0913104042 0.0315275863 0.0921948925 0.9953516722 -0.0278407987 -0.0288388841 0.0306172762 0.9991150498
69.8 23.4 2106.9 0.9926843047 0.1159976870 0.0335018039 -0.1194134280 0.9842354059 0.1304648370 -0.0178400446 -0.1335109621 0.9908867478
-43.3 230.7 2083.4 0.9300617576 0.1439745277 -0.3380184472 -0.3625759780 0.5083234310 -0.7811183929 0.0593615435 0.8490456939 0.5249738693
-263.4 316.5 2069.3 -0.8631961942 0.1439745277 -0.4839045703 -0.3550431132 0.5083234310 0.7845709920 0.3589382768 0.8490456939 -0.3876656890
227.9 198.1 2078.5 0.7475631833 0.5035293698 0.4331367612 -0.4515652955 -0.0929165706 0.8873867989 0.4870708883 -0.8589672446 0.1579153687
367.4 113.8 2169.4 -0.5766564012 0.5035293698 0.6433705091 -0.7764852047 -0.0929165706 -0.6232473254 -0.2540435493 -0.8589672446 0.4445640445
-41.8 -156.3 2135.6 0.9940397143 -0.0223025084 -0.1067128479 0.0170540791 0.9986113310 -0.0498450249 0.1076763272 0.0477280468 0.9930397272
-33.2 -543.8 2117.0 0.9929805398 0.0460197628 -0.1089579463 -0.0325296596 0.9919353127 0.1224996522 0.1137166396 -0.1180954054 0.9864694476
136.1 -177.0 2133.1 0.9996713996 0.0189030152 0.0173123293 -0.0186749566 0.9997379184 -0.0132414605 -0.0175580960 0.0129138026 0.9997624159
128.8 -565.1 2128.1 0.9960052371 -0.0875377357 0.0176268723 0.0874888971 0.9961592555 0.0035246238 -0.0178677104 -0.0019683880 0.9998384118
-46.3 405.8 1979.0 0 0 0 0 0 0 0 0 0
206.6 -102.8 2098.5 0 0 0 0 0 0 0 0 0
-50.3 -914.0 2161.1 0 0 0 0 0 0 0 0 0
161.4 -936.9 2128.8 0 0 0 0 0 0 0 0 0
68.3 450.8 2089.6 3 0.9941396713 -0.1028079912 0.0334194712 0.1039496213 0.9939863682 -0.0344318151 -0.0296786353 0.0377039760 0.9988481402
92.8 214.0 2080.6 0.9941396713 -0.1028079912 0.0334194712 0.1039496213 0.9939863682 -0.0344318151 -0.0296786353 0.0377039760 0.9988481402
70.2 22.9 2106.4 0.9926530123 0.1159694269 0.0345126688 -0.1195094883 0.9843003154 0.1298859566 -0.0189080313 -0.1330562681 0.9909281135
-42.9 230.3 2083.2 0.9330931306 0.1458509266 -0.3287318945 -0.3559103310 0.5057094693 -0.7858662605 0.0516235158 0.8502854705 0.5237839222
-264.4 314.9 2070.9 -0.8574432731 0.1458509266 -0.4934760034 -0.3640972674 0.5057094693 0.7821068168 0.3636265099 0.8502854705 -0.3805132806
228.4 197.7 2078.0 0.7476733923 0.5048977137 0.4313499331 -0.4476498365 -0.0965830833 0.8889777064 0.4905039370 -0.8577587008 0.1538047791
367.3 114.5 2169.2 -0.5719019771 0.5048977137 0.6465341449 -0.7817418575 -0.0965830833 -0.6160774231 -0.2486118376 -0.8577587008 0.4499357343
-41.7 -157.0 2134.4 0.9942763448 -0.0146098426 -0.1058354378 0.0099855233 0.9989775419 -0.0440923721 0.1063714027 0.0427831784 0.9934056401
-36.0 -544.7 2117.8 0.9939802289 0.0243687741 -0.1068149805 -0.0120986179 0.9934014082 0.1140494347 0.1088893935 -0.1120705679 0.9877161980
136.2 -178.4 2131.2 0.9996286035 0.0201019086 0.0183998607 -0.0199282970 0.9997556210 -0.0095706945 -0.0185877532 0.0092004621 0.9997848868
128.4 -566.5 2127.6 0.9959763288 -0.0876528621 0.0186593495 0.0876041725 0.9961495399 0.0034128127 -0.0188866463 -0.0017644436 0.9998200536
-48.4 406.6 1979.3 0 0 0 0 0 0 0 0 0
207.8 -103.6 2099.8 0 0 0 0 0 0 0 0 0
-45.1 -915.4 2159.6 0 0 0 0 0 0 0 0 0
161.1 -938.3 2128.3 0 0 0 0 0 0 0 0 0
68.3 450.4 2083.3 4 0.9951796532 -0.0930860639 0.0308623649 0.0933133289 0.9956187010 -0.0060040052 -0.0301682595 0.0088549340 0.9995056391
90.5 213.2 2081.2 0.9951796532 -0.0930860639 0.0308623649 0.0933133289 0.9956187010 -0.0060040052 -0.0301682595 0.0088549340 0.9995056391
69.2 22.0 2106.7 0.9934191108 0.1099715903 0.0320121385 -0.1132120788 0.9851775765 0.1288727969 -0.0173652954 -0.1316488534 0.9911442995
-45.2 228.7 2083.5 0.9306157231 0.1455756873 -0.3358006775 -0.3618721366 0.5033518672 -0.7846562862 0.0547990128 0.8517304063 0.5211068988
-263.4 313.5 2070.7 -0.8527197838 0.1455756873 -0.5016738772 -0.3727056384 0.5033518672 0.7795687318 0.3660047054 0.8517304063 -0.3749611974
226.2 197.7 2078.8 0.7549854517 0.4959378839 0.4290018082 -0.4439802468 -0.0948559642 0.8910016418 0.4825748503 -0.8631616235 0.1485717595
367.5 114.7 2169.1 -0.5733029842 0.4959378839 0.6522033811 -0.7823487520 -0.0948559642 -0.6155751944 -0.2434216738 -0.8631616235 0.4423775971
-41.2 -157.4 2134.0 0.9940462112 -0.0192493591 -0.1072457433 0.0144240912 0.9988561869 -0.0455880985 0.1080006212 0.0437697545 0.9931868315
-33.7 -545.2 2117.0 0.9936766624 0.0272113830 -0.1089324355 -0.0152195059 0.9938769341 0.1094393879 0.1112434343 -0.1070894673 0.9880064726
136.7 -178.8 2130.6 0.9996470809 0.0205817260 0.0167967863 -0.0204342715 0.9997515678 -0.0089036925 -0.0169758666 0.0085573196 0.9998192787
128.7 -566.9 2127.3 0.9959646463 -0.0880501792 0.0173662044 0.0877173319 0.9959626794 0.0190787185 -0.0189759769 -0.0174784120 0.9996671677
-49.1 407.2 1978.7 0 0 0 0 0 0 0 0 0
207.6 -103.6 2101.2 0 0 0 0 0 0 0 0 0
-43.9 -916.1 2156.9 0 0 0 0 0 0 0 0 0
161.5 -938.7 2133.8 0 0 0 0 0 0 0 0 0
68.5 449.2 2080.1 5 0.9933727384 -0.1030195281 0.0509666465 0.1027819440 0.9946773648 0.0072677974 -0.0514440946 -0.0019811806 0.9986739159
93.0 213.0 2080.6 0.9933727384 -0.1030195281 0.0509666465 0.1027819440 0.9946773648 0.0072677974 -0.0514440946 -0.0019811806 0.9986739159
71.0 21.9 2107.1 0.9922373891 0.1131473556 0.0516005866 -0.1190492213 0.9841908216 0.1311322302 -0.0359475575 -0.1362573206 0.9900210500
-42.6 229.2 2085.5 0.9335245490 0.1452224106 -0.3277840614 -0.3539162278 0.5192404389 -0.7779027224 0.0572298318 0.8421993852 0.5361202359
-264.0 313.2 2071.9 -0.8498991728 0.1452224106 -0.5065391064 -0.3703300953 0.5192404389 0.7702239752 0.3748693764 0.8421993852 -0.3875217736
228.5 196.7 2075.7 0.7456049919 0.5124831796 0.4259509742 -0.4398073852 -0.1017720699 0.8923070431 0.5006422400 -0.8526449800 0.1495121121
367.6 114.7 2169.0 -0.5759935379 0.5124831796 0.6368613839 -0.7771748900 -0.1017720699 -0.6210005283 -0.2534376085 -0.8526449800 0.4569090903
-41.2 -159.1 2133.8 0.9957243800 -0.0252055861 -0.0888685212 0.0227665231 0.9993386865 -0.0283535030 0.0895244181 0.0262090471 0.9956397414
-31.4 -547.0 2123.7 0.9946133494 0.0496141240 -0.0910097212 -0.0427538715 0.9962030053 0.0758399144 0.0944268852 -0.0715403706 0.9929579496
136.8 -179.4 2130.7 0.9991333485 0.0210467596 0.0359112285 -0.0210602079 0.9997782111 -0.0000038118 -0.0359033421 -0.0007524894 0.9993549585
128.6 -567.5 2131.0 0.9957834482 -0.0845538378 0.0355801843 0.0851479098 0.9962474108 -0.0155237392 -0.0341340713 0.0184878614 0.9992462397
-50.4 406.3 1977.7 0 0 0 0 0 0 0 0 0
206.9 -102.1 2098.4 0 0 0 0 0 0 0 0 0
-49.9 -918.5 2150.4 0 0 0 0 0 0 0 0 0
160.2 -939.2 2124.1 0 0 0 0 0 0 0 0 0
66.8 450.0 2079.5 6 0.9920554757 -0.1123192385 0.0566594303 0.1118407696 0.9936589599 0.0115561616 -0.0575981289 -0.0051275189 0.9983266592
93.5 213.9 2080.8 0.9920554757 -0.1123192385 0.0566594303 0.1118407696 0.9936589599 0.0115561616 -0.0575981289 -0.0051275189 0.9983266592
71.0 23.1 2108.4 0.9916766882 0.1155168414 0.0568611957 -0.1223307401 0.9830877185 0.1362854838 -0.0401562750 -0.1421070099 0.9890364408
-42.0 230.6 2086.2 0.9368611574 0.1411187947 -0.3199635744 -0.3448667228 0.5244541764 -0.7784695029 0.0579495579 0.8396626115 0.5400078893
-264.3 312.5 2072.5 -0.8494936228 0.1411187947 -0.5083759427 -0.3713890016 0.5244541764 0.7661710382 0.3747409880 0.8396626115 -0.3931104839
228.9 197.2 2075.3 0.7442574501 0.5080080628 0.4335996509 -0.4416744113 -0.1126316860 0.8900774121 0.5010035634 -0.8539565802 0.1405472010
367.0 115.3 2168.2 -0.5763962269 0.5080080628 0.6400743723 -0.7811755538 -0.1126316860 -0.6140674949 -0.2398585826 -0.8539565802 0.4617639780
-39.8 -158.5 2136.7 0.9963465333 -0.0172895994 -0.0836338252 0.0135607058 0.9988971949 -0.0449503548 0.0843187645 0.0436519980 0.9954822063
-33.1 -546.2 2119.8 0.9954133630 0.0432282798 -0.0853434727 -0.0326682068 0.9920575023 0.1214687899 0.0899165198 -0.1181236431 0.9889194965
138.0 -179.8 2130.3 0.9989024997 0.0232110973 0.0406827554 -0.0232204087 0.9997303486 -0.0002437289 -0.0406774431 -0.0007012088 0.9991720915
128.9 -567.9 2130.6 0.9954739213 -0.0858582184 0.0407433957 0.0858328789 0.9963067174 0.0023740698 -0.0407967530 0.0011337984 0.9991668463
-51.1 405.7 1978.4 0 0 0 0 0 0 0 0 0
206.3 -102.6 2101.3 0 0 0 0 0 0 0 0 0
-49.2 -915.9 2163.8 0 0 0 0 0 0 0 0 0
161.0 -939.7 2130.1 0 0 0 0 0 0 0 0 0
65.6 447.6 2080.3 7 0.9925425649 -0.1103198454 0.0518537946 0.1100031957 0.9938911200 0.0089301728 -0.0525222011 -0.0031594934 0.9986147881
91.6 213.1 2081.0 0.9925425649 -0.1103198454 0.0518537946 0.1100031957 0.9938911200 0.0089301728 -0.0525222011 -0.0031594934 0.9986147881
70.2 22.0 2107.4 0.9925343394 0.1103914380 0.0518582091 -0.1163424924 0.9845442772 0.1309081912 -0.0366055593 -0.1359641850 0.9900372624
-44.0 229.0 2086.0 0.9324269295 0.1499010473 -0.3288004100 -0.3569462895 0.5238287449 -0.7734292150 0.0562972575 0.8385303020 0.5419386625
-263.0 312.9 2072.8 -0.8459421396 0.1499010473 -0.5117729306 -0.3710492253 0.5238287449 0.7667632699 0.3830200136 0.8385303020 -0.3875081837
227.2 197.2 2076.0 0.7515163422 0.5023198128 0.4276657999 -0.4404139221 -0.1006481051 0.8921353817 0.4911810160 -0.8588042855 0.1455899328
367.0 115.3 2167.4 -0.5743011236 0.5023198128 0.6464155316 -0.7813284993 -0.1006481051 -0.6159510612 -0.2443439066 -0.8588042855 0.4502791166
-40.2 -156.8 2139.5 0.9957205057 -0.0292644445 -0.0876602456 0.0250258967 0.9984819293 -0.0490669459 0.0889630839 0.0466631874 0.9949412346
-28.9 -544.3 2121.4 0.9933556914 0.0703867152 -0.0910506845 -0.0611248724 0.9930279851 0.1007926986 0.0975103453 -0.0945575386 0.9907323718
137.5 -178.7 2132.3 0.9991359711 0.0200186446 0.0364223793 -0.0198017713 0.9997840524 -0.0063054403 -0.0365407392 0.0055787647 0.9993165731
129.7 -566.8 2130.2 0.9964593649 -0.0755057633 0.0369806886 0.0747147277 0.9969549775 0.0223266147 -0.0385538712 -0.0194845628 0.9990665317
-50.7 406.0 1976.6 0 0 0 0 0 0 0 0 0
206.9 -102.6 2099.2 0 0 0 0 0 0 0 0 0
-55.1 -914.5 2156.7 0 0 0 0 0 0 0 0 0
157.9 -938.8 2137.5 0 0 0 0 0 0 0 0 0
66.8 444.5 2079.1 8 0.9929080606 -0.0980350301 0.0672511682 0.0973587558 0.9951608777 0.0132687110 -0.0682265311 -0.0066271205 0.9976478219
89.6 212.8 2080.7 0.9929080606 -0.0980350301 0.0672511682 0.0973587558 0.9951608777 0.0132687110 -0.0682265311 -0.0066271205 0.9976478219
68.6 21.7 2106.9 0.9917820096 0.1084614098 0.0678565726 -0.1164804995 0.9848791361 0.1282394826 -0.0529214926 -0.1350895762 0.9894191027
-45.8 228.7 2087.9 0.9333868623 0.1355689615 -0.3322799802 -0.3529747128 0.5139672160 -0.7818225622 0.0647901297 0.8470293880 0.5275826454
-264.5 311.4 2072.7 -0.8433874249 0.1355689615 -0.5199218392 -0.3887687027 0.5139672160 0.7646545768 0.3708862066 0.8470293880 -0.3807685077
225.1 196.9 2073.4 0.7528973222 0.5055203438 0.4214200079 -0.4320137203 -0.1034466028 0.8959146142 0.4964975119 -0.8565909266 0.1405070275
366.9 115.5 2167.0 -0.5699384212 0.5055203438 0.6477803588 -0.7853958607 -0.1034466028 -0.6102885604 -0.2415025830 -0.8565909266 0.4559917748
-40.1 -158.7 2137.1 0.9969794750 -0.0300026797 -0.0716366991 0.0263807364 0.9983510971 -0.0509816334 0.0730481595 0.0489378124 0.9961270094
-28.5 -546.2 2118.1 0.9935485125 0.0842625573 -0.0759025812 -0.0737782866 0.9885429144 0.1316800267 0.0861286521 -0.1252305359 0.9883821011
137.7 -179.5 2130.5 0.9983946085 0.0208062846 0.0526806116 -0.0207366906 0.9997832179 -0.0018673782 -0.0527080446 0.0007719588 0.9986096621
129.6 -567.7 2130.2 0.9955748320 -0.0777341574 0.0528030545 0.0776280388 0.9969741106 0.0040607615 -0.0529589392 0.0000562053 0.9985966682
-52.7 409.0 1979.6 0 0 0 0 0 0 0 0 0
208.0 -103.5 2099.6 0 0 0 0 0 0 0 0 0
-59.9 -914.8 2164.8 0 0 0 0 0 0 0 0 0
158.6 -939.7 2130.2 0 0 0 0 0 0 0 0 0
67.9 446.8 2084.0 9 0.9934465885 -0.0881663710 0.0727362186 0.0889505073 0.9960070252 -0.0076063774 -0.0717751533 0.0140264528 0.9973222017
88.6 213.4 2080.8 0.9934465885 -0.0881663710 0.0727362186 0.0889505073 0.9960070252 -0.0076063774 -0.0717751533 0.0140264528 0.9973222017
67.8 22.1 2106.8 0.9915117025 0.1069009155 0.0740050972 -0.1156670228 0.9851897359 0.1265794337 -0.0593776070 -0.1340649277 0.9891920686
-46.9 229.2 2088.9 0.9334446788 0.1277432591 -0.3352054656 -0.3510626256 0.5173702836 -0.7804377079 0.0737296864 0.8461735249 0.5277824402
-265.4 311.4 2071.6 -0.8420999050 0.1277432591 -0.5239746571 -0.3941504955 0.5173702836 0.7595876455 0.3681211472 0.8461735249 -0.3853273988
224.0 197.6 2072.6 0.7518417239 0.5096198916 0.4183557928 -0.4316639900 -0.0991731882 0.8965661526 0.4983976185 -0.8546649814 0.1454220116
366.7 115.7 2167.2 -0.5697752833 0.5096198916 0.6447044015 -0.7832132578 -0.0991731882 -0.6137928367 -0.2488636374 -0.8546649814 0.4556474984
-41.3 -159.1 2137.8 0.9973372221 -0.0322833098 -0.0653926209 0.0290189758 0.9983140826 -0.0502683371 0.0669052005 0.0482368581 0.9965926409
-28.8 -546.7 2119.1 0.9941739440 0.0819503441 -0.0700166076 -0.0728078857 0.9895560741 0.1244098544 0.0794807896 -0.1185872778 0.9897574782
136.4 -180.0 2128.4 0.9980937839 0.0180186350 0.0590264685 -0.0179819427 0.9998376369 -0.0011527719 -0.0590376556 0.0000891639 0.9982557297
129.4 -568.1 2128.3 0.9948191643 -0.0825613812 0.0593161993 0.0817869306 0.9965313077 0.0153716849 -0.0603795573 -0.0104407575 0.9981209040
-54.1 410.2 1979.3 0 0 0 0 0 0 0 0 0
207.7 -102.8 2097.8 0 0 0 0 0 0 0 0 0
-59.3 -915.8 2163.4 0 0 0 0 0 0 0 0 0
160.2 -940.0 2132.2 0 0 0 0 0 0 0 0 0
68.1 447.0 2086.5 0 0.9940856695 -0.0838089734 0.0690632910 0.0851371586 0.9962323904 -0.0165126007 -0.0674191862 0.0222947933 0.9974756241
87.7 213.5 2081.3 0.9940856695 -0.0838089734 0.0690632910 0.0851371586 0.9962323904 -0.0165126007 -0.0674191862 0.0222947933 0.9974756241
67.1 22.1 2106.5 0.9917951226 0.1065320745 0.0706635341 -0.1146513298 0.9857534170 0.1230659112 -0.0565463565 -0.1301578432 0.9898794889
-47.8 229.1 2089.0 0.9346155524 0.1222341880 -0.3339948058 -0.3480990231 0.5069844723 -0.7885390520 0.0729437545 0.8532441258 0.5163851976
-266.4 310.6 2071.9 -0.8428881168 0.1222341880 -0.5240214467 -0.4008732736 0.5069844723 0.7630644441 0.3589433134 0.8532441258 -0.3783307672
223.2 197.8 2073.6 0.7719990611 0.4924893379 0.4018354416 -0.4101944268 -0.0969126970 0.9068343043 0.4855491817 -0.8649058938 0.1271998584
369.5 120.1 2165.6 -0.5655155778 0.4924893379 0.6615484953 -0.7910290956 -0.0969126970 -0.6040536761 -0.2333775461 -0.8649058938 0.4443790317
-41.7 -158.8 2138.1 0.9971576929 -0.0311531145 -0.0686005130 0.0274484660 0.9981473684 -0.0542991757 0.0701650158 0.0522618592 0.9961654544
-29.6 -546.3 2117.8 0.9949043989 0.0695288032 -0.0730135441 -0.0602593645 0.9906656742 0.1222716495 0.0808334127 -0.1172488481 0.9898073673
135.9 -179.5 2127.5 0.9982905984 0.0172743183 0.0558338687 -0.0172776673 0.9998506308 -0.0004227494 -0.0558328331 -0.0005426523 0.9984399676
129.2 -567.7 2127.7 0.9948363304 -0.0846254975 0.0560282841 0.0841360018 0.9963930845 0.0110427458 -0.0567606948 -0.0062717288 0.9983680844
-54.9 411.2 1981.8 0 0 0 0 0 0 0 0 0
211.8 -100.6 2100.5 0 0 0 0 0 0 0 0 0
-55.6 -915.9 2161.6 0 0 0 0 0 0 0 0 0
160.8 -939.6 2130.0 0 0 0 0 0 0 0 0 0
68.4 449.6 2082.2 1 0.9943611622 -0.0803258345 0.0692357644 0.0803385004 0.9967642426 0.0026059863 -0.0692210570 0.0029710059 0.9975969195
87.3 214.4 2081.5 0.9943611622 -0.0803258345 0.0692357644 0.0803385004 0.9967642426 0.0026059863 -0.0692210570 0.0029710059 0.9975969195
66.8 23.0 2106.4 0.9918909073 0.1055818126 0.0707454756 -0.1136066914 0.9861134291 0.1211357489 -0.0569733344 -0.1281906068 0.9901117086
-48.2 229.9 2089.3 0.9340114594 0.1269891858 -0.3339107633 -0.3489350975 0.5246968269 -0.7764905095 0.0765960068 0.8417642117 0.5343838334
-265.7 311.2 2071.5 -0.8393360972 0.1269891858 -0.5285722613 -0.3953836262 0.5246968269 0.7538998723 0.3730773330 0.8417642117 -0.3901875317
222.9 198.9 2073.8 0.7630969286 0.4971067607 0.4129987359 -0.4251485169 -0.0951766446 0.9001056552 0.4867564142 -0.8624536395 0.1387151927
368.8 117.6 2166.8 -0.5701698661 0.4971067607 0.6540575027 -0.7850744724 -0.0951766446 -0.6120452881 -0.2420008630 -0.8624536395 0.4445326626
-42.5 -159.0 2136.9 0.9970096350 -0.0353875123 -0.0686984211 0.0322616287 0.9984161854 -0.0460899994 0.0702206269 0.0437358506 0.9965722561
-28.7 -546.6 2119.9 0.9947800040 0.0707731023 -0.0735113770 -0.0619752817 0.9913434386 0.1157464907 0.0810667574 -0.1105864048 0.9905548096
135.2 -179.5 2126.7 0.9983043671 0.0158142801 0.0560204871 -0.0156605951 0.9998723269 -0.0031813460 -0.0560636446 0.0022986373 0.9984245300
129.1 -567.7 2125.9 0.9946607351 -0.0863343775 0.0565364771 0.0846474767 0.9959101677 0.0315861665 -0.0590322278 -0.0266318489 0.9979007840
-54.4 410.7 1977.6 0 0 0 0 0 0 0 0 0
209.8 -101.4 2099.3 0 0 0 0 0 0 0 0 0
-55.2 -916.6 2161.2 0 0 0 0 0 0 0 0 0
161.3 -939.4 2135.8 0 0 0 0 0 0 0 0 0
66.6 447.3 2080.1 2 0.9935836792 -0.0879156291 0.0711497143 0.0872981027 0.9961129427 0.0117487758 -0.0719060525 -0.0054621571 0.9973964691
87.1 214.3 2081.4 0.9935836792 -0.0879156291 0.0711497143 0.0872981027 0.9961129427 0.0117487758 -0.0719060525 -0.0054621571 0.9973964691
66.6 22.9 2106.6 0.9917590618 0.1058656797 0.0721558183 -0.1141707003 0.9858376980 0.1228375360 -0.0581296496 -0.1300633103 0.9898002148
-48.4 229.9 2089.3 0.9269611835 0.1240743250 -0.3540459573 -0.3637344837 0.5283406973 -0.7671722770 0.0918705016 0.8399176598 0.5348814130
-262.7 314.0 2068.1 -0.8443545103 0.1240743250 -0.5212206841 -0.3884114325 0.5283406973 0.7549785972 0.3690555692 0.8399176598 -0.3979149759
222.6 198.7 2073.4 0.7748351693 0.4959001839 0.3920630515 -0.4060156345 -0.0849872977 0.9099057317 0.4845428169 -0.8642107248 0.1354920864
370.7 121.1 2166.0 -0.5620675683 0.4959001839 0.6619388461 -0.7900232673 -0.0849872977 -0.6071576476 -0.2448331863 -0.8642107248 0.4395413101
-42.5 -158.3 2136.4 0.9970503449 -0.0368378162 -0.0673322529 0.0338492468 0.9984133244 -0.0450001843 0.0688831285 0.0425883010 0.9967153072
-28.2 -545.9 2119.9 0.9948129654 0.0712075084 -0.0726406276 -0.0616357848 0.9900594950 0.1264249533 0.0809209421 -0.1212919131 0.9893129468
135.2 -178.6 2126.2 0.9982197285 0.0159619674 0.0574680492 -0.0162032563 0.9998617172 0.0037351239 -0.0574004836 -0.0046596439 0.9983403683
129.0 -566.8 2128.0 0.9946438670 -0.0860441253 0.0572712682 0.0866586417 0.9962032437 -0.0083295265 -0.0563371144 0.0132479621 0.9983239174
-50.1 411.8 1975.2 0 0 0 0 0 0 0 0 0
213.9 -99.3 2097.7 0 0 0 0 0 0 0 0 0
-54.8 -915.4 2165.1 0 0 0 0 0 0 0 0 0
161.1 -938.4 2123.1 0 0 0 0 0 0 0 0 0
67.2 445.5 2078.5 3 0.9954052567 -0.0793470219 0.0535952970 0.0783277452 0.9967093468 0.0208614506 -0.0550742261 -0.0165675990 0.9983447790
85.6 214.7 2082.4 0.9954052567 -0.0793470219 0.0535952970 0.0783277452 0.9967093468 0.0208614506 -0.0550742261 -0.0165675990 0.9983447790
67.2 22.9 2105.5 0.9940159917 0.0947704166 0.0543212965 -0.1004767641 0.9883520603 0.1143008173 -0.0428562239 -0.1190748662 0.9919599295
-50.2 228.4 2088.2 0.9277855754 0.1270271391 -0.3508248031 -0.3624995053 0.5295588970 -0.7669168711 0.0883631408 0.8387082219 0.5373643637
-264.5 312.2 2067.8 -0.8406210542 0.1270271391 -0.5265172124 -0.3913621008 0.5295588970 0.7525975704 0.3744221926 0.8387082219 -0.3954447508
221.4 201.0 2076.5 0.7692719102 0.4875982404 0.4128784835 -0.4331976473 -0.0769514218 0.8980079293 0.4696386755 -0.8696702719 0.1520298421
369.1 117.8 2166.7 -0.5721608400 0.4875982404 0.6594542861 -0.7805544734 -0.0769514218 -0.6203331351 -0.2517274022 -0.8696702719 0.4246255755
-42.8 -158.3 2137.1 0.9960284233 -0.0312522762 -0.0833703801 0.0274412781 0.9985425472 -0.0464725606 0.0847012475 0.0440002009 0.9954344034
-30.7 -545.9 2120.0 0.9949898720 0.0482561551 -0.0875588730 -0.0366760194 0.9909204841 0.1293500662 0.0930058137 -0.1254906803 0.9877256751
134.9 -178.7 2126.7 0.9990375638 0.0151573746 0.0411599986 -0.0152780032 0.9998798370 0.0026177275 -0.0411153771 -0.0032440508 0.9991491437
129.0 -566.9 2127.9 0.9953619838 -0.0868985578 0.0412697792 0.0865596756 0.9961971641 0.0099319946 -0.0419759117 -0.0063136318 0.9990986586
-52.1 411.0 1973.2 0 0 0 0 0 0 0 0 0
209.5 -99.9 2096.5 0 0 0 0 0 0 0 0 0
-48.7 -915.7 2166.8 0 0 0 0 0 0 0 0 0
161.4 -938.6 2130.3 0 0 0 0 0 0 0 0 0
67.9 448.9 2078.3 4 0.9960200191 -0.0764863193 0.0457604155 0.0755035356 0.9968840480 0.0228355024 -0.0473644286 -0.0192895439 0.9986913800
85.7 216.2 2082.8 0.9960200191 -0.0764863193 0.0457604155 0.0755035356 0.9968840480 0.0228355024 -0.0473644286 -0.0192895439 0.9986913800
68.2 24.2 2105.0 0.9948073030 0.0905925333 0.0463835634 -0.0952460617 0.9892932773 0.1105757058 -0.0358696133 -0.1144193709 0.9927847385
-50.2 229.3 2087.6 0.9321217537 0.1232084632 -0.3405417502 -0.3515514135 0.5336278081 -0.7691898346 0.0869518593 0.8366965055 0.5407202244
-265.6 310.5 2067.6 -0.8382299542 0.1232084632 -0.5312157869 -0.3953565359 0.5336278081 0.7476192713 0.3755845428 0.8366965055 -0.3985915482
221.6 203.2 2077.9 0.7609430552 0.4934812486 0.4212386012 -0.4504719973 -0.0654195547 0.8903905153 0.4669482708 -0.8672926426 0.1725189388
368.2 116.5 2167.8 -0.5632554889 0.4934812486 0.6627363563 -0.7838582397 -0.0654195547 -0.6174840331 -0.2613608837 -0.8672926426 0.4236672819
-40.2 -160.0 2132.5 0.9955972433 -0.0218271092 -0.0911574215 0.0192863084 0.9994031191 -0.0286612585 0.0917285979 0.0267769806 0.9954239726
-31.7 -547.9 2122.1 0.9947482944 0.0419984944 -0.0933381617 -0.0312154889 0.9929761887 0.1141221449 0.0974755287 -0.1106092110 0.9890723825
137.9 -178.0 2124.8 0.9991726875 0.0222559758 0.0340391025 -0.0228528380 0.9995900393 0.0172472112 -0.0336412936 -0.0180108305 0.9992716908
129.2 -566.0 2131.8 0.9960107803 -0.0828691497 0.0330940299 0.0836800635 0.9962055683 -0.0239178073 -0.0309864078 0.0265917052 0.9991660118
-54.2 410.2 1972.8 0 0 0 0 0 0 0 0 0
211.1 -102.2 2094.9 0 0 0 0 0 0 0 0 0
-47.4 -918.5 2163.4 0 0 0 0 0 0 0 0 0
160.2 -937.6 2121.9 0 0 0 0 0 0 0 0 0
68.3 449.7 2079.1 5 0.9963788986 -0.0771954954 0.0356370397 0.0765138268 0.9968656301 0.0201131012 -0.0370779820 -0.0173135437 0.9991623759
86.1 219.0 2083.1 0.9963788986 -0.0771954954 0.0356370397 0.0765138268 0.9968656301 0.0201131012 -0.0370779820 -0.0173135437 0.9991623759
70.6 26.7 2104.3 0.9961629510 0.0798813254 0.0357537456 -0.0832748190 0.9908211827 0.1064835414 -0.0269195233 -0.1090523452 0.9936714172
-50.0 230.4 2086.8 0.9361947179 0.1255881935 -0.3282788694 -0.3420543373 0.5404064059 -0.7687390447 0.0808594599 0.8319786787 0.5488836169
-265.9 309.3 2068.1 -0.8339638114 0.1255881935 -0.5373378992 -0.3967107534 0.5404064059 0.7420117855 0.3835687637 0.8319786787 -0.4008571804
222.2 207.6 2079.4 0.7524452806 0.4897223711 0.4404521585 -0.4740116000 -0.0616795421 0.8783556223 0.4573172927 -0.8696939945 0.1857235879
367.8 115.9 2167.9 -0.5621187091 0.4897223711 0.6664792299 -0.7848384976 -0.0616795421 -0.6166231632 -0.2608660161 -0.8696939945 0.4190241992
-38.5 -159.3 2130.4 0.9947852492 -0.0179692619 -0.1003965139 0.0155850938 0.9995787740 -0.0244816430 0.1007941365 0.0227892883 0.9946462512
