74.2 450.2 2087.2 02 0.9964475036 0.0162899122 -0.0826260373 -0.0128667234 0.9990434051 0.0417945050 0.0832278207 -0.0405829027 0.9957038760
70.9 252.3 2095.3 0.9964475036 0.0162899122 -0.0826260373 -0.0128667234 0.9990434051 0.0417945050 0.0832278207 -0.0405829027 0.9957038760
67.9 58.3 2101.5 0.9964420795 0.0159186050 -0.0827632695 -0.0132010449 0.9993588924 0.0332795270 0.0832399800 -0.0320685580 0.9960134029
-65.2 254.1 2083.9 0.3344305158 -0.8152393103 -0.4728013873 0.5581909418 0.5755710602 -0.5976125598 0.7593280673 -0.0640535727 0.6475477219
-136.2 135.5 1922.6 -0.5790662169 -0.8152393103 -0.0081985053 -0.8085904121 0.5755710602 -0.1220634207 0.1042297184 -0.0640535727 -0.9924884439
207.1 250.5 2106.7 0.7255809307 0.4639249742 0.5082380772 -0.5542883873 -0.0436613373 0.8311787248 0.4077949226 -0.8847978711 0.2254683822
371.9 124.6 2199.3 -0.6595321894 0.4639249742 0.5914312601 -0.6838358045 -0.0436613373 -0.7283284068 -0.3120670319 -0.8847978711 0.3460445702
-22.4 -134.5 2099.7 0.9931860566 0.0192509256 -0.1149386391 -0.0196812227 0.9998028874 -0.0026099549 0.1148657426 0.0048543038 0.9933691621
-29.9 -522.6 2097.9 0.9914355278 0.0730507225 -0.1082554385 -0.0491217971 0.9766452312 0.2091677338 0.1210070103 -0.2020586133 0.9718691111
156.0 -136.1 2116.0 0.9919726849 0.0958954170 -0.0824270174 -0.0990246385 0.9944782257 -0.0347439013 0.0786400959 0.0426273085 0.9959912896
118.8 -522.2 2099.5 0.9901551008 -0.1244151965 -0.0641388372 0.1324561834 0.9809721708 0.1419470310 0.0452580415 -0.1490451694 0.9877941608
10.4 340.3 1896.2 0 0 0 0 0 0 0 0 0
202.8 -50.7 2119.3 0 0 0 0 0 0 0 0 0
-57.1 -887.2 2173.3 0 0 0 0 0 0 0 0 0
165.2 -888.4 2155.1 0 0 0 0 0 0 0 0 0
74.1 449.1 2088.1 03 0.9955750108 0.0170042589 -0.0924185812 -0.0133810285 0.9991226792 0.0396838263 0.0930122957 -0.0382715687 0.9949291348
70.8 252.0 2095.7 0.9955750108 0.0170042589 -0.0924185812 -0.0133810285 0.9991226792 0.0396838263 0.0930122957 -0.0382715687 0.9949291348
67.4 58.0 2101.5 0.9955533743 0.0174854323 -0.0925621539 -0.0146368816 0.9994008541 0.0313644372 0.0930551142 -0.0298701487 0.9952127934
-65.2 254.0 2082.9 0.3339189291 -0.8121144772 -0.4785062671 0.5648720264 0.5787991285 -0.5881420970 0.7545977235 -0.0739030316 0.6520127654
-135.7 134.9 1923.8 -0.5834755898 -0.8121144772 -0.0051318230 -0.8044292927 0.5787991285 -0.1337351948 0.1115785837 -0.0739030316 -0.9910038114
206.8 250.0 2108.4 0.7310692072 0.4594394863 0.5044335127 -0.5492834449 -0.0422669426 0.8345664740 0.4047536552 -0.8872028589 0.2214624286
372.1 125.7 2199.9 -0.6611796021 0.4594394863 0.5930909514 -0.6832564473 -0.0422669426 -0.7289541364 -0.3098421693 -0.8872028589 0.3418610096
-24.5 -134.5 2100.3 0.9921416640 0.0089309905 -0.1248006448 -0.0099576935 0.9999215007 -0.0076053571 0.1247229278 0.0087883184 0.9921526909
-28.0 -522.6 2096.9 0.9896163344 0.0800130218 -0.1194046810 -0.0518711396 0.9735571742 0.2224764675 0.1340482980 -0.2139726877 0.9675984383
154.0 -136.8 2115.2 0.9916341901 0.0902625024 -0.0922732726 -0.0939354077 0.9949177504 -0.0362595990 0.0885314345 0.0446239859 0.9950733185
119.0 -523.1 2097.9 0.9899077415 -0.1212226301 -0.0734009296 0.1313332170 0.9793317914 0.1538209170 0.0532372892 -0.1619084924 0.9853686690
12.2 338.7 1895.5 0 0 0 0 0 0 0 0 0
202.6 -49.5 2120.5 0 0 0 0 0 0 0 0 0
-57.8 -886.0 2176.7 0 0 0 0 0 0 0 0 0
164.2 -888.6 2158.3 0 0 0 0 0 0 0 0 0
72.8 450.3 2094.5 04 0.9948557019 0.0143350996 -0.1002825201 -0.0121928509 0.9996848702 0.0219425615 0.1005654708 -0.0206069537 0.9947170019
70.0 253.1 2098.6 0.9948557019 0.0143350996 -0.1002825201 -0.0121928509 0.9996848702 0.0219425615 0.1005654708 -0.0206069537 0.9947170019
66.9 59.1 2101.6 0.9948261976 0.0157901328 -0.1003566980 -0.0141514866 0.9997550249 0.0170192495 0.1006008461 -0.0155109987 0.9948059320
-65.9 255.1 2084.9 0.3280811310 -0.8090918660 -0.4875787795 0.5642288923 0.5818030238 -0.5857909322 0.7576335073 -0.0829190686 0.6473916173
-135.6 135.3 1924.0 -0.5876311064 -0.8090918660 0.0077433735 -0.8027873039 0.5818030238 -0.1305287927 0.1011046767 -0.0829190686 -0.9914143085
205.9 251.2 2112.3 0.7356674075 0.4527342319 0.5038106441 -0.5528419614 -0.0284193028 0.8328013420 0.3913556337 -0.8911924958 0.2293833345
370.5 127.5 2199.9 -0.6512081623 0.4527342319 0.6090645194 -0.6932710409 -0.0284193028 -0.7201163769 -0.3087121546 -0.8911924958 0.3323744237
-25.2 -134.7 2098.9 0.9911675453 0.0082779452 -0.1323571503 -0.0088601802 0.9999535084 -0.0038106162 0.1323194504 0.0049496670 0.9911947846
-28.4 -522.9 2097.0 0.9894055128 0.0692610741 -0.1275918484 -0.0415411219 0.9771789312 0.2083162218 0.1391082704 -0.2008088976 0.9697033763
153.2 -137.3 2115.6 0.9917457104 0.0829099193 -0.0978076681 -0.0858086199 0.9959774017 -0.0258050095 0.0952747315 0.0339847505 0.9948707223
121.0 -524.0 2102.4 0.9902212024 -0.1109591797 -0.0845576003 0.1207299009 0.9852978587 0.1208816767 0.0699014887 -0.1299082339 0.9890589714
13.2 338.5 1898.4 0 0 0 0 0 0 0 0 0
203.5 -50.3 2120.8 0 0 0 0 0 0 0 0 0
-54.3 -887.6 2171.9 0 0 0 0 0 0 0 0 0
162.4 -891.6 2150.9 0 0 0 0 0 0 0 0 0
71.2 451.1 2091.3 05 0.9959254861 0.0194031708 -0.0880681723 -0.0156118367 0.9989298582 0.0435365215 0.0888186693 -0.0419842266 0.9951626062
67.3 251.2 2099.7 0.9959254861 0.0194031708 -0.0880681723 -0.0156118367 0.9989298582 0.0435365215 0.0888186693 -0.0419842266 0.9951626062
66.9 57.1 2101.7 0.9960798025 0.0023776619 -0.0884271115 -0.0014462720 0.9999428391 0.0105954316 0.0884472504 -0.0104260063 0.9960262775
-68.7 251.4 2087.6 0.3070615828 -0.8162474036 -0.4893397391 0.5483475327 0.5719942451 -0.6100308299 0.7778355479 -0.0810112059 0.6232246757
-133.2 136.3 1924.3 -0.5775349140 -0.8162474036 0.0139163462 -0.8113254905 0.5719942451 -0.1207208857 0.0905780345 -0.0810112059 -0.9925889373
203.4 251.0 2111.7 0.7394573092 0.4560134113 0.4952318966 -0.5458460450 -0.0244320426 0.8375292420 0.3940240741 -0.8896374702 0.2308466583
368.6 129.1 2199.8 -0.6415770054 0.4560134113 0.6167906523 -0.7018078566 -0.0244320426 -0.7119472027 -0.3095880151 -0.8896374702 0.3357088268
-25.2 -133.7 2095.6 0.9926015139 0.0187613368 -0.1199591309 -0.0161413569 0.9996103048 0.0227751695 0.1203396693 -0.0206703655 0.9925175309
-32.5 -521.6 2103.6 0.9918776751 0.0529611856 -0.1156450287 -0.0319781825 0.9838205576 0.1762796044 0.1231099367 -0.1711496860 0.9775232673
153.0 -136.2 2113.6 0.9932134748 0.0798541754 -0.0845595896 -0.0819992721 0.9963850975 -0.0222005546 0.0824811086 0.0289837141 0.9961710572
122.0 -523.1 2102.4 0.9919808507 -0.1032272056 -0.0729254708 0.1110780090 0.9873222709 0.1133861095 0.0602964126 -0.1205772683 0.9908710718
13.4 342.2 1901.3 0 0 0 0 0 0 0 0 0
204.1 -50.9 2120.4 0 0 0 0 0 0 0 0 0
-52.3 -888.6 2167.5 0 0 0 0 0 0 0 0 0
160.5 -891.5 2147.4 0 0 0 0 0 0 0 0 0
71.1 451.4 2095.6 06 0.9945136309 0.0124745620 -0.1038605347 -0.0098205609 0.9996130466 0.0260257944 0.1041450053 -0.0248630382 0.9942513108
68.6 253.0 2100.5 0.9945136309 0.0124745620 -0.1038605347 -0.0098205609 0.9996130466 0.0260257944 0.1041450053 -0.0248630382 0.9942513108
67.8 58.9 2102.2 0.9945681095 0.0041968077 -0.1040033847 -0.0032896227 0.9999550581 0.0088926451 0.1040360257 -0.0085022096 0.9945371747
-67.3 253.4 2086.3 0.3087631762 -0.8197634816 -0.4823413491 0.5537269115 0.5672465563 -0.6096047163 0.7733381391 -0.0788618922 0.6290699244
-132.1 137.1 1923.9 -0.5723538995 -0.8197634816 0.0199725833 -0.8162625432 0.5672465563 -0.1093012989 0.0782718286 -0.0788618922 -0.9938079715
204.4 252.5 2114.8 0.7398945093 0.4419034123 0.5072253346 -0.5603006482 -0.0124873752 0.8281952143 0.3723161817 -0.8969756961 0.2383594215
370.4 126.8 2198.3 -0.6584593654 0.4419034123 0.6092230082 -0.6835803986 -0.0124873752 -0.7297683954 -0.3148795366 -0.8969756961 0.3102989495
-22.8 -136.8 2095.7 0.9905171394 0.0235563330 -0.1353546381 -0.0202542171 0.9994639158 0.0257217363 0.1358879954 -0.0227363184 0.9904632568
-31.9 -524.8 2104.6 0.9899280667 0.0548858941 -0.1304988712 -0.0321138650 0.9848181009 0.1705931127 0.1378808022 -0.1646840870 0.9766616821
155.7 -137.1 2111.6 0.9908210635 0.0911493599 -0.0998269096 -0.0935548544 0.9954196811 -0.0196765866 0.0975761563 0.0288352687 0.9948102236
120.3 -523.5 2100.4 0.9898141026 -0.1140586957 -0.0851977691 0.1244160086 0.9839087129 0.1282355338 0.0692004487 -0.1375292987 0.9880774021
13.7 345.1 1904.0 0 0 0 0 0 0 0 0 0
201.6 -48.4 2117.6 0 0 0 0 0 0 0 0 0
-52.4 -892.3 2166.0 0 0 0 0 0 0 0 0 0
162.8 -890.7 2151.7 0 0 0 0 0 0 0 0 0
70.6 451.9 2097.8 07 0.9936411977 0.0080964379 -0.1123012751 -0.0062478059 0.9998393059 0.0168035459 0.1124192774 -0.0159950592 0.9935321212
69.0 254.1 2101.0 0.9936411977 0.0080964379 -0.1123012751 -0.0062478059 0.9998393059 0.0168035459 0.1124192774 -0.0159950592 0.9935321212
68.2 60.0 2102.4 0.9936586618 0.0043053366 -0.1123562008 -0.0034340057 0.9999625087 0.0079474542 0.1123862043 -0.0075112255 0.9936361909
-66.7 254.6 2085.6 0.3108526766 -0.8152934909 -0.4885357320 0.5615996122 0.5722313523 -0.5976262689 0.7667962909 -0.0885877460 0.6357481480
-132.0 136.7 1924.6 -0.5783182383 -0.8152934909 0.0290611926 -0.8123586178 0.5722313523 -0.1123596579 0.0749763697 -0.0885877460 -0.9932425618
204.8 253.6 2116.3 0.7382783294 0.4170274734 0.5301256180 -0.5781468749 -0.0135574210 0.8158200979 0.3474065363 -0.9087927341 0.2310939729
369.3 124.8 2193.7 -0.6659064293 0.4170274734 0.6185925603 -0.6850810647 -0.0135574210 -0.7283406258 -0.2953515351 -0.9087927341 0.2947255969
-22.1 -134.9 2094.5 0.9894724488 0.0164316036 -0.1437856108 -0.0138250133 0.9997218251 0.0191087555 0.1440595984 -0.0169197489 0.9894243479
-28.5 -523.0 2101.1 0.9874123931 0.0774187818 -0.1379241347 -0.0470158122 0.9762676954 0.2114021480 0.1510173827 -0.2022565007 0.9676187634
156.0 -135.5 2113.1 0.9897068739 0.0941424891 -0.1077843681 -0.0964441150 0.9952043891 -0.0163324475 0.1057299003 0.0265595037 0.9940401316
119.5 -521.9 2102.8 0.9885057211 -0.1178488135 -0.0947000831 0.1282529831 0.9853345156 0.1125478968 0.0800476298 -0.1233998090 0.9891232848
15.8 344.3 1905.5 0 0 0 0 0 0 0 0 0
198.6 -50.8 2118.0 0 0 0 0 0 0 0 0 0
-57.4 -887.0 2176.5 0 0 0 0 0 0 0 0 0
163.5 -889.6 2148.9 0 0 0 0 0 0 0 0 0
70.7 450.1 2099.9 08 0.9938434362 0.0030768588 -0.1107506678 -0.0021735055 0.9999634027 0.0082764477 0.1107720807 -0.0079847770 0.9938137531
70.1 252.8 2101.5 0.9938434362 0.0030768588 -0.1107506678 -0.0021735055 0.9999634027 0.0082764477 0.1107720807 -0.0079847770 0.9938137531
69.2 58.7 2102.1 0.9938367605 0.0043856362 -0.1107666939 -0.0039689178 0.9999842048 0.0039823381 0.1107824072 -0.0035181702 0.9938384295
-65.7 253.4 2086.3 0.3158330321 -0.8145021200 -0.4866577387 0.5619387627 0.5738533735 -0.5957492590 0.7645092010 -0.0853145495 0.6389421821
-132.0 135.4 1925.8 -0.5798344016 -0.8145021200 0.0194509979 -0.8101246357 0.5738533735 -0.1199598014 0.0865454897 -0.0853145495 -0.9925881624
205.9 252.3 2116.6 0.7396140099 0.4076280594 0.5355469584 -0.5795374513 -0.0188668165 0.8147271872 0.3422097266 -0.9129531384 0.2222815603
367.5 125.7 2191.4 -0.6499548554 0.4076280594 0.6414031982 -0.7082535028 -0.0188668165 -0.7057060599 -0.2755643427 -0.9129531384 0.3009665608
-21.7 -133.8 2093.8 0.9896290898 0.0202205814 -0.1422160715 -0.0183597710 0.9997279644 0.0143845715 0.1424682438 -0.0116243362 0.9897311330
-29.5 -521.9 2098.3 0.9890017509 0.0602243096 -0.1350871474 -0.0295819435 0.9754352570 0.2182910889 0.1449151933 -0.2118941247 0.9664887190
156.4 -134.4 2113.9 0.9899397492 0.0931268334 -0.1065209806 -0.0961657017 0.9950820804 -0.0237456467 0.1037857607 0.0337504260 0.9940268993
120.2 -520.7 2100.8 0.9894477129 -0.1128349900 -0.0908925682 0.1241176948 0.9837243557 0.1299274713 0.0747528747 -0.1398378164 0.9873486757
16.7 343.2 1903.6 0 0 0 0 0 0 0 0 0
200.9 -55.8 2120.8 0 0 0 0 0 0 0 0 0
-52.0 -885.8 2177.3 0 0 0 0 0 0 0 0 0
162.3 -887.9 2153.0 0 0 0 0 0 0 0 0 0
69.3 451.1 2101.4 09 0.9930446744 0.0018519129 -0.1177236214 -0.0014423523 0.9999926090 0.0035641014 0.1177293509 -0.0033695130 0.9930400252
68.9 254.3 2102.1 0.9930446744 0.0018519129 -0.1177236214 -0.0014423523 0.9999926090 0.0035641014 0.1177293509 -0.0033695130 0.9930400252
68.3 60.2 2102.5 0.9930409789 0.0031858622 -0.1177260429 -0.0028997487 0.9999924302 0.0026015376 0.1177334413 -0.0022420576 0.9930427074
-66.8 254.7 2086.0 0.3040179014 -0.8183596730 -0.4877095222 0.5748232603 0.5658265352 -0.5911163092 0.7597047687 -0.1006368250 0.6424335837
-131.3 132.7 1924.8 -0.5743046403 -0.8183596730 0.0214864705 -0.8116986156 0.5658265352 -0.1448643804 0.1063935533 -0.1006368250 -0.9892181754
204.6 253.9 2118.2 0.7412077188 0.4246140122 0.5199173689 -0.5721551776 -0.0054463078 0.8201273084 0.3510691822 -0.9053580761 0.2389082462
368.2 127.6 2195.7 -0.6437567472 0.4246140122 0.6366162300 -0.7049558759 -0.0054463078 -0.7092302442 -0.2976818979 -0.9053580761 0.3028402328
-20.6 -135.0 2092.9 0.9885429740 0.0245751683 -0.1489254832 -0.0212848466 0.9994937181 0.0236476716 0.1494312286 -0.0202068835 0.9885656238
-30.2 -523.0 2100.7 0.9880406857 0.0597493537 -0.1421463788 -0.0301850904 0.9789840579 0.2016904354 0.1512099206 -0.1949876696 0.9690796733
157.4 -135.7 2112.7 0.9892132878 0.0928691626 -0.1132800430 -0.0960913599 0.9950994849 -0.0233120695 0.1105599403 0.0339458436 0.9932895899
121.4 -522.1 2099.6 0.9906613231 -0.0961684659 -0.0966529697 0.1091064364 0.9842675924 0.1389716864 0.0817676932 -0.1482193470 0.9855684042
15.9 340.7 1897.5 0 0 0 0 0 0 0 0 0
203.2 -53.1 2119.4 0 0 0 0 0 0 0 0 0
-52.5 -888.3 2173.5 0 0 0 0 0 0 0 0 0
157.3 -889.4 2154.9 0 0 0 0 0 0 0 0 0
68.5 451.4 2095.7 10 0.9950160384 -0.0005204709 -0.0997135043 0.0023772989 0.9998259544 0.0185037162 0.0996865183 -0.0186485425 0.9948441386
68.6 254.6 2099.4 0.9950160384 -0.0005204709 -0.0997135043 0.0023772989 0.9998259544 0.0185037162 0.0996865183 -0.0186485425 0.9948441386
68.3 60.5 2102.4 0.9950147271 0.0016035968 -0.0997149125 -0.0000173368 0.9998734593 0.0159067828 0.0997278020 -0.0158257559 0.9948889017
-67.4 254.6 2085.7 0.2972499132 -0.8181493878 -0.4922134280 0.5787823200 0.5644015670 -0.5886101723 0.7593770623 -0.1099200994 0.6412987113
-130.9 130.9 1923.5 -0.5745987892 -0.8181493878 0.0216278955 -0.8096832633 0.5644015670 -0.1608223915 0.1193699241 -0.1099200994 -0.9867463708
204.5 254.6 2113.0 0.7308313251 0.4282707274 0.5314788818 -0.5780253410 -0.0257809628 0.8156114221 0.3630045354 -0.9032826424 0.2287098020
364.5 128.0 2192.5 -0.6341333985 0.4282707274 0.6437849402 -0.7207111716 -0.0257809628 -0.6927558780 -0.2800896764 -0.9032826424 0.3250080943
-21.3 -133.6 2092.4 0.9908753037 0.0306882765 -0.1312414259 -0.0271508135 0.9992204309 0.0286592636 0.1320186108 -0.0248344447 0.9909361005
-33.2 -521.6 2102.0 0.9910390973 0.0495401956 -0.1240453199 -0.0240127333 0.9796261191 0.1993893087 0.1313958168 -0.1946239471 0.9720373750
156.6 -134.2 2113.5 0.9907013178 0.0954518393 -0.0969529971 -0.0986132994 0.9947220087 -0.0283465348 0.0937355533 0.0376438051 0.9948852062
119.6 -520.4 2098.9 0.9900583625 -0.1156453937 -0.0800658837 0.1256847084 0.9829163551 0.1344575137 0.0631486773 -0.1431838423 0.9876794219
15.5 337.1 1893.1 0 0 0 0 0 0 0 0 0
201.9 -56.7 2120.7 0 0 0 0 0 0 0 0 0
-51.7 -887.1 2174.7 0 0 0 0 0 0 0 0 0
162.7 -887.2 2152.3 0 0 0 0 0 0 0 0 0
68.8 450.0 2091.3 11 0.9955384135 -0.0020453301 -0.0943347886 0.0049491841 0.9995207191 0.0305587482 0.0942270756 -0.0308892895 0.9950714111
69.2 253.5 2097.4 0.9955384135 -0.0020453301 -0.0943347886 0.0049491841 0.9995207191 0.0305587482 0.0942270756 -0.0308892895 0.9950714111
69.1 59.5 2102.5 0.9955403209 0.0009079854 -0.0943323448 0.0015763220 0.9996539354 0.0262578372 0.0943235457 -0.0262894351 0.9951944351
-66.8 253.3 2084.5 0.3097443581 -0.8121491671 -0.4944412708 0.5769773126 0.5738753080 -0.5811749697 0.7557483912 -0.1052657142 0.6463462710
-132.2 131.4 1924.9 -0.5832780004 -0.8121491671 0.0141600007 -0.8029649854 0.5738753080 -0.1609793752 0.1226131916 -0.1052657142 -0.9868561625
205.2 253.7 2110.3 0.7316968441 0.4506421089 0.5114111900 -0.5562641025 -0.0388430804 0.8300972581 0.3939415514 -0.8918592334 0.2222546637
363.5 133.4 2195.5 -0.6112612486 0.4506421089 0.6506007910 -0.7415333986 -0.0388430804 -0.6697905660 -0.2765644789 -0.8918592334 0.3579094410
-21.1 -133.6 2096.6 0.9916646481 0.0242410395 -0.1265449524 -0.0225594826 0.9996373653 0.0147047210 0.1268555075 -0.0117273638 0.9918518662
-30.5 -521.6 2101.1 0.9905911088 0.0651980713 -0.1203264222 -0.0414927229 0.9809230566 0.1899165064 0.1304131597 -0.1831369251 0.9743989110
157.1 -133.6 2114.4 0.9911096692 0.0953416005 -0.0927984565 -0.0985939279 0.9946414232 -0.0311070699 0.0893353894 0.0399798825 0.9951988459
120.1 -519.7 2098.9 0.9907264709 -0.1130696610 -0.0753410235 0.1226320565 0.9828777313 0.1375236660 0.0585012622 -0.1454875767 0.9876289368
16.2 335.8 1893.7 0 0 0 0 0 0 0 0 0
206.9 -56.6 2124.6 0 0 0 0 0 0 0 0 0
-54.9 -887.7 2169.5 0 0 0 0 0 0 0 0 0
162.3 -886.6 2153.2 0 0 0 0 0 0 0 0 0
68.1 447.1 2087.7 12 0.9975690246 0.0086395722 -0.0691478550 -0.0048824977 0.9985116720 0.0543196127 0.0695142373 -0.0538499467 0.9961264729
66.4 246.5 2098.5 0.9975690246 0.0086395722 -0.0691478550 -0.0048824977 0.9985116720 0.0543196127 0.0695142373 -0.0538499467 0.9961264729
67.9 52.4 2103.1 0.9975759387 -0.0076658539 -0.0691629872 0.0092954999 0.9996859431 0.0232714135 0.0689628720 -0.0238579065 0.9973338842
-69.8 245.2 2089.0 0.2973946333 -0.8104178309 -0.5047566891 0.5425931811 0.5784649849 -0.6090738177 0.7855883837 -0.0927422568 0.6117595434
-131.7 132.2 1925.5 -0.5858253241 -0.8104178309 0.0056168544 -0.8016799092 0.5784649849 -0.1506239623 0.1188191995 -0.0927422568 -0.9885751605
202.7 247.8 2107.9 0.7466975451 0.4601403177 0.4803265929 -0.5233195424 -0.0393483788 0.8512275219 0.4105842113 -0.8869738579 0.2114191055
364.8 134.1 2197.0 -0.6115926504 0.4601403177 0.6436033845 -0.7382395267 -0.0393483788 -0.6733899713 -0.2845291495 -0.8869738579 0.3637589514
-20.3 -134.7 2099.2 0.9945508242 0.0235690288 -0.1015538871 -0.0235309098 0.9997218847 0.0015734429 0.1015627235 0.0008247864 0.9948288202
-29.4 -522.8 2098.8 0.9927096367 0.0751630291 -0.0942234024 -0.0535337999 0.9753575325 0.2140370756 0.1079891771 -0.2074325383 0.9722706079
158.1 -134.4 2116.1 0.9930257797 0.0965892002 -0.0676044449 -0.0993469208 0.9943005443 -0.0386862345 0.0634824634 0.0451327227 0.9969618917
120.6 -520.5 2098.5 0.9926940799 -0.1106855497 -0.0480333306 0.1167511269 0.9816422462 0.1508231461 0.0304576047 -0.1553291827 0.9873931408
16.7 335.4 1895.4 0 0 0 0 0 0 0 0 0
208.0 -55.1 2124.1 0 0 0 0 0 0 0 0 0
-57.5 -886.7 2176.2 0 0 0 0 0 0 0 0 0
161.9 -886.9 2156.5 0 0 0 0 0 0 0 0 0
68.7 451.8 2088.3 13 0.9953024387 0.0048167035 -0.0966944993 -0.0001936350 0.9988586307 0.0477636307 0.0968142003 -0.0475205369 0.9941673875
67.7 252.4 2097.8 0.9953024387 0.0048167035 -0.0966944993 -0.0001936350 0.9988586307 0.0477636307 0.0968142003 -0.0475205369 0.9941673875
68.2 58.3 2103.5 0.9953085184 -0.0027063061 -0.0967144519 0.0055232118 0.9995679259 0.0288701709 0.0965945348 -0.0292689018 0.9948933721
-68.2 251.6 2084.6 0.2914532721 -0.8214612007 -0.4901596606 0.5636535287 0.5614800453 -0.6058340073 0.7728840113 -0.0997079164 0.6266646981
-128.9 134.2 1923.7 -0.5698964596 -0.8214612007 0.0204821359 -0.8145654202 0.5614800453 -0.1456823945 0.1081721187 -0.0997079164 -0.9891193509
203.6 253.1 2111.0 0.7396419644 0.4339962006 0.5143705010 -0.5549807549 -0.0390054323 0.8309482336 0.3806916177 -0.9000699520 0.2120094746
365.2 131.9 2194.1 -0.6236717105 0.4339962006 0.6501391530 -0.7339743972 -0.0390054323 -0.6780561209 -0.2689148486 -0.9000699520 0.3428686857
-19.9 -142.4 2101.5 0.9912743568 0.0262205321 -0.1291805357 -0.0258014742 0.9996550083 0.0049167220 0.1292648762 -0.0015407722 0.9916089177
-30.1 -530.5 2102.1 0.9892591834 0.0813162774 -0.1214656681 -0.0555592254 0.9777886271 0.2020954341 0.1352013946 -0.1931762248 0.9718042612
158.7 -140.8 2113.9 0.9909654260 0.0957668722 -0.0938950852 -0.0978330150 0.9950464368 -0.0176436715 0.0917402878 0.0266703069 0.9954257607
121.6 -527.0 2103.5 0.9906345010 -0.1098260209 -0.0811265856 0.1182391569 0.9871553183 0.1074425802 0.0682845488 -0.1160286665 0.9908958673
15.0 340.0 1896.4 0 0 0 0 0 0 0 0 0
205.3 -56.3 2125.2 0 0 0 0 0 0 0 0 0
-60.5 -895.4 2174.2 0 0 0 0 0 0 0 0 0
162.5 -895.2 2146.8 0 0 0 0 0 0 0 0 0
67.5 451.9 2089.1 14 0.9941504002 -0.0018866863 -0.1079883203 0.0063687614 0.9991316199 0.0411753654 0.1078168601 -0.0416222550 0.9932991266
67.9 254.0 2097.4 0.9941504002 -0.0018866863 -0.1079883203 0.0063687614 0.9991316199 0.0411753654 0.1078168601 -0.0416222550 0.9932991266
68.7 60.0 2103.3 0.9941466451 -0.0042942748 -0.1079535857 0.0075691864 0.9995228648 0.0299448613 0.1077734903 -0.0305867065 0.9937048554
-67.9 253.0 2082.7 0.2870063186 -0.8261379004 -0.4848953485 0.5716301203 0.5538914204 -0.6053456068 0.7686783075 -0.1034427956 0.6312156916
-127.5 134.4 1923.2 -0.5630265474 -0.8261379004 0.0222986080 -0.8187260628 0.5538914204 -0.1513007581 0.1126442850 -0.1034427956 -0.9882362485
203.6 255.1 2112.1 0.7372897863 0.4386295378 0.5138170123 -0.5586709976 -0.0317785963 0.8287803531 0.3798559308 -0.8981059194 0.2216195464
367.1 131.2 2196.3 -0.6313654780 0.4386295378 0.6395168304 -0.7220796347 -0.0317785963 -0.6910796762 -0.2828050256 -0.8981059194 0.3367893398
-20.4 -136.2 2100.5 0.9895415306 0.0357737318 -0.1397417337 -0.0324989483 0.9991426468 0.0256473124 0.1405394226 -0.0208376218 0.9898557663
-34.3 -524.0 2108.5 0.9898936749 0.0468545221 -0.1338474154 -0.0255898014 0.9873650670 0.1563820690 0.1394834816 -0.1513764858 0.9785854816
157.8 -135.2 2117.8 0.9901459217 0.0913445652 -0.1061471179 -0.0948408544 0.9950883985 -0.0283603203 0.1030352041 0.0381479412 0.9939458966
122.4 -521.5 2103.0 0.9914742112 -0.0914571062 -0.0928141028 0.1012136787 0.9891459942 0.1065174192 0.0820649266 -0.1150033325 0.9899694920
14.7 341.2 1894.8 0 0 0 0 0 0 0 0 0
205.2 -53.9 2123.8 0 0 0 0 0 0 0 0 0
-51.7 -892.0 2165.0 0 0 0 0 0 0 0 0 0
156.5 -890.5 2145.9 0 0 0 0 0 0 0 0 0
67.5 452.6 2089.1 15 0.9927417636 -0.0040306463 -0.1201979965 0.0089029334 0.9991589785 0.0400261059 0.1199355721 -0.0408057012 0.9919427037
68.3 255.2 2097.1 0.9927417636 -0.0040306463 -0.1201979965 0.0089029334 0.9991589785 0.0400261059 0.1199355721 -0.0408057012 0.9919427037
69.0 61.1 2103.2 0.9927475452 -0.0036561261 -0.1201619729 0.0073921247 0.9995025396 0.0306603368 0.1199901029 -0.0313262269 0.9922807217
-67.3 254.2 2080.7 0.2900790572 -0.8212605715 -0.4913097322 0.5815449953 0.5589933991 -0.5910429955 0.7600391507 -0.1142695397 0.6397522688
-127.5 133.6 1923.1 -0.5697718859 -0.8212605715 0.0298519116 -0.8139976859 0.5589933991 -0.1579055637 0.1129945964 -0.1142695397 -0.9870029092
203.9 256.2 2113.5 0.7342429161 0.4430172741 0.5144152641 -0.5636216402 -0.0246046744 0.8256665468 0.3784415722 -0.8961753845 0.2316283137
367.8 130.4 2198.0 -0.6346627474 0.4430172741 0.6331973672 -0.7146303058 -0.0246046744 -0.6990694404 -0.2941202223 -0.8961753845 0.3322092295
-19.5 -134.7 2099.6 0.9879455566 0.0280531421 -0.1522385329 -0.0259324405 0.9995372891 0.0158982202 0.1526140869 -0.0117586600 0.9882159233
-30.4 -522.7 2104.1 0.9874542952 0.0611420497 -0.1455875039 -0.0344263427 0.9831731915 0.1794026643 0.1541067809 -0.1721398830 0.9729434252
158.5 -133.3 2118.9 0.9882771969 0.0954640284 -0.1191419587 -0.1003663018 0.9943050146 -0.0358342417 0.1150425673 0.0473720022 0.9922303557
121.5 -519.3 2100.5 0.9896643162 -0.1002458930 -0.1025443748 0.1125173867 0.9861477017 0.1218709350 0.0889068395 -0.1321493387 0.9872345924
16.2 338.8 1894.6 0 0 0 0 0 0 0 0 0
205.0 -52.8 2122.6 0 0 0 0 0 0 0 0 0
-53.2 -889.3 2168.3 0 0 0 0 0 0 0 0 0
158.9 -887.3 2149.8 0 0 0 0 0 0 0 0 0
69.5 454.5 2089.5 16 0.9917106628 0.0022488856 -0.1284713596 0.0028929783 0.9992025495 0.0398228019 0.1284584701 -0.0398643613 0.9909133315
69.0 256.8 2097.4 0.9917106628 0.0022488856 -0.1284713596 0.0028929783 0.9992025495 0.0398228019 0.1284584701 -0.0398643613 0.9909133315
68.5 62.8 2103.6 0.9917075634 0.0025194520 -0.1284901947 0.0015977253 0.9994888306 0.0319295973 0.1285049617 -0.0318701155 0.9911966324
-66.4 256.6 2079.8 0.2889990211 -0.8203442693 -0.4934721887 0.5934659243 0.5579902530 -0.5800388455 0.7511842251 -0.1252282858 0.6481050253
-127.2 131.8 1921.8 -0.5708181858 -0.8203442693 0.0346673205 -0.8122366071 0.5579902530 -0.1700545251 0.1201592311 -0.1252282858 -0.9848246574
204.5 257.1 2115.0 0.7312992215 0.4464215338 0.5156638622 -0.5646234155 -0.0278901309 0.8248772621 0.3826249242 -0.8943880200 0.2316640317
368.9 130.1 2201.0 -0.6395356059 0.4464215338 0.6258609891 -0.7090293169 -0.0278901309 -0.7046272755 -0.2971054614 -0.8943880200 0.3343626857
-19.2 -133.5 2098.5 0.9863896370 0.0356824473 -0.1605063379 -0.0328059457 0.9992507100 0.0205366705 0.1611188799 -0.0149915973 0.9868211150
-33.1 -521.4 2104.3 0.9871766567 0.0444751829 -0.1533109099 -0.0178838205 0.9851709008 0.1706412733 0.1586267501 -0.1657112986 0.9733331203
158.6 -132.2 2120.0 0.9868285060 0.0971806049 -0.1293267459 -0.1042755619 0.9933280349 -0.0492541678 0.1236773357 0.0620910376 0.9903780222
120.9 -517.8 2095.9 0.9887886643 -0.1046834663 -0.1064817011 0.1206674427 0.9802235365 0.1568476111 0.0879565179 -0.1679380089 0.9818658233
16.7 336.6 1891.5 0 0 0 0 0 0 0 0 0
205.0 -51.7 2124.8 0 0 0 0 0 0 0 0 0
-49.7 -888.9 2166.2 0 0 0 0 0 0 0 0 0
159.9 -883.4 2158.5 0 0 0 0 0 0 0 0 0
70.0 453.4 2089.7 17 0.9914914966 0.0036512937 -0.1301204264 0.0014902505 0.9992226362 0.0393944755 0.1301631182 -0.0392531976 0.9907152653
69.3 256.5 2097.5 0.9914914966 0.0036512937 -0.1301204264 0.0014902505 0.9992226362 0.0393944755 0.1301631182 -0.0392531976 0.9907152653
68.3 62.5 2103.8 0.9914812446 0.0051485356 -0.1301477849 -0.0008343260 0.9994490147 0.0331813581 0.1302469075 -0.0327901058 0.9909391999
-66.2 256.6 2079.7 0.2923555374 -0.8184176087 -0.4946926832 0.5949132442 0.5606592894 -0.5759682059 0.7487365603 -0.1259117275 0.6507993340
-128.0 130.9 1921.5 -0.5737603903 -0.8184176087 0.0314906389 -0.8093366027 0.5606592894 -0.1750298589 0.1255919933 -0.1259117275 -0.9840593934
204.7 256.4 2115.3 0.7315250039 0.4434637725 0.5178909302 -0.5651381612 -0.0305598527 0.8244301081 0.3814315498 -0.8957711458 0.2282629907
368.0 130.2 2200.4 -0.6390914321 0.4434637725 0.6284123063 -0.7114979625 -0.0305598527 -0.7020233274 -0.2921177149 -0.8957711458 0.3350540996
-20.8 -131.4 2098.2 0.9862653613 0.0307228453 -0.1622860730 -0.0280144587 0.9994278550 0.0189515781 0.1627754718 -0.0141449282 0.9865617156
-32.7 -519.3 2103.7 0.9864653945 0.0521014519 -0.1554718763 -0.0243642218 0.9842240810 0.1752409488 0.1621494740 -0.1690811813 0.9721723795
156.9 -131.1 2121.3 0.9865669608 0.0971641243 -0.1313192993 -0.1043890864 0.9933145046 -0.0492866710 0.1256524771 0.0623329021 0.9901141524
119.2 -516.7 2097.1 0.9872882962 -0.1148370877 -0.1098827645 0.1302327067 0.9808084965 0.1451004595 0.0911110342 -0.1575663090 0.9832963347
17.0 335.3 1889.8 0 0 0 0 0 0 0 0 0
204.1 -52.3 2125.5 0 0 0 0 0 0 0 0 0
-52.1 -886.6 2166.8 0 0 0 0 0 0 0 0 0
162.0 -882.6 2155.9 0 0 0 0 0 0 0 0 0
69.9 451.2 2092.9 18 0.9915794730 0.0037225934 -0.1294462234 -0.0000066249 0.9995881915 0.0286952462 0.1294997483 -0.0284527596 0.9911711812
69.2 254.4 2098.5 0.9915794730 0.0037225934 -0.1294462234 -0.0000066249 0.9995881915 0.0286952462 0.1294997483 -0.0284527596 0.9911711812
68.3 60.3 2103.5 0.9915732741 0.0048444578 -0.1294566691 -0.0014555454 0.9996541142 0.0262597688 0.1295391023 -0.0258500539 0.9912372828
-66.3 254.6 2080.8 0.2920519710 -0.8194006085 -0.4932425916 0.5912579894 0.5600543618 -0.5803043842 0.7517443895 -0.1221545786 0.6480421424
-127.8 130.0 1922.4 -0.5728000998 -0.8194006085 0.0219696872 -0.8081582785 0.5600543618 -0.1822618395 0.1370412409 -0.1221545786 -0.9830045700
204.7 254.2 2116.2 0.7444522381 0.4377010763 0.5041911006 -0.5474362373 -0.0321659148 0.8362289667 0.3822360933 -0.8985450268 0.2156674415
367.9 134.1 2200.0 -0.6278293133 0.4377010763 0.6436210871 -0.7263098359 -0.0321659148 -0.6866144538 -0.2798292041 -0.8985450268 0.3381012976
-21.6 -131.5 2098.5 0.9864118099 0.0290613230 -0.1617009044 -0.0280620996 0.9995703697 0.0084603792 0.1618773043 -0.0038077508 0.9868035316
-32.9 -519.5 2100.0 0.9870323539 0.0490061864 -0.1528577358 -0.0169419982 0.9787434936 0.2043873221 0.1596247554 -0.1991471946 0.9668817520
156.1 -131.6 2121.9 0.9870799780 0.0933321342 -0.1302391589 -0.1008518338 0.9935218692 -0.0523752756 0.1245071590 0.0648334473 0.9900982976
119.8 -517.3 2096.7 0.9877381325 -0.1122476310 -0.1085071340 0.1279820800 0.9802114964 0.1510164887 0.0894086957 -0.1630517095 0.9825580120
17.1 334.4 1887.7 0 0 0 0 0 0 0 0 0
206.9 -52.1 2128.2 0 0 0 0 0 0 0 0 0
-51.1 -884.7 2174.3 0 0 0 0 0 0 0 0 0
161.7 -883.2 2157.5 0 0 0 0 0 0 0 0 0
67.8 449.4 2091.4 19 0.9933837056 -0.0036777142 -0.1147834361 0.0074944301 0.9994326234 0.0328376405 0.1145975441 -0.0334806144 0.9928476214
68.5 252.6 2098.0 0.9933837056 -0.0036777142 -0.1147834361 0.0074944301 0.9994326234 0.0328376405 0.1145975441 -0.0334806144 0.9928476214
68.7 58.6 2103.6 0.9933913946 -0.0007140669 -0.1147738919 0.0040105367 0.9995859265 0.0284930766 0.1147060245 -0.0287650824 0.9929829240
-67.2 252.1 2082.3 0.2903778553 -0.8188891411 -0.4950769842 0.5825167298 0.5617327690 -0.5874781609 0.7591804862 -0.1177999601 0.6401314139
-128.2 129.7 1922.9 -0.5737825632 -0.8188891411 0.0139319571 -0.8062016368 0.5617327690 -0.1857288778 0.1442653388 -0.1177999601 -0.9825022817
204.2 253.1 2113.7 0.7485322356 0.4537175596 0.4835699201 -0.5260165334 -0.0377296396 0.8496370316 0.4037401676 -0.8903464675 0.2104210854
367.4 138.5 2201.7 -0.6067411304 0.4537175596 0.6526910067 -0.7448402643 -0.0377296396 -0.6661752462 -0.2776296139 -0.8903464675 0.3608392179
-21.5 -133.6 2096.9 0.9887510538 0.0297246464 -0.1465872228 -0.0262645558 0.9993301630 0.0254839901 0.1472465396 -0.0213472731 0.9888694286
-33.1 -521.5 2105.2 0.9889105558 0.0485263057 -0.1403607428 -0.0231323726 0.9839060903 0.1771826148 0.1466998011 -0.1719708741 0.9741176367
156.1 -133.9 2120.1 0.9891522527 0.0919297561 -0.1145722196 -0.0974593237 0.9942830205 -0.0436223522 0.1099070236 0.0543152764 0.9924566746
120.5 -519.9 2099.0 0.9890976548 -0.1111927480 -0.0965507925 0.1234951988 0.9834558368 0.1325277388 0.0802173167 -0.1430064291 0.9864655733
17.0 333.6 1886.4 0 0 0 0 0 0 0 0 0
211.8 -52.4 2130.5 0 0 0 0 0 0 0 0 0
-51.2 -888.5 2169.3 0 0 0 0 0 0 0 0 0
162.0 -886.9 2152.4 0 0 0 0 0 0 0 0 0
67.6 451.6 2090.2 20 0.9915452600 -0.0032006232 -0.1297219992 0.0078106192 0.9993552566 0.0350443497 0.1295261979 -0.0357612669 0.9909309149
68.2 254.8 2097.2 0.9915452600 -0.0032006232 -0.1297219992 0.0078106192 0.9993552566 0.0350443497 0.1295261979 -0.0357612669 0.9909309149
68.4 60.7 2103.3 0.9915508032 -0.0012705954 -0.1297126561 0.0053193234 0.9995092154 0.0308713708 0.1296097785 -0.0313005149 0.9910709262
-67.2 254.0 2079.5 0.2836281061 -0.8197427392 -0.4975710809 0.5907291174 0.5580953360 -0.5827252269 0.7553768754 -0.1286524683 0.6425374150
-126.6 130.4 1921.4 -0.5719138384 -0.8197427392 0.0306015387 -0.8096546531 0.5580953360 -0.1816284060 0.1318099797 -0.1286524683 -0.9828909636
203.7 255.5 2114.9 0.7509239316 0.4473412335 0.4857973456 -0.5275948048 -0.0360520631 0.8487308025 0.3971862793 -0.8936364055 0.2089425623
367.2 140.6 2201.5 -0.6028871536 0.4473412335 0.6606155634 -0.7501986027 -0.0360520631 -0.6602289677 -0.2715310752 -0.8936364055 0.3573301136
-20.2 -135.8 2098.9 0.9863904715 0.0307605490 -0.1615166813 -0.0269312449 0.9993031025 0.0258449521 0.1621991247 -0.0211433694 0.9865314960
-32.1 -523.8 2107.1 0.9859333634 0.0610673130 -0.1555834413 -0.0348185711 0.9854835868 0.1661619097 0.1634719968 -0.1584073752 0.9737474322
157.8 -135.1 2119.4 0.9870091677 0.0952551737 -0.1293806434 -0.1012670696 0.9940265417 -0.0406966098 0.1247312278 0.0532699265 0.9907595515
120.8 -521.0 2098.7 0.9879842401 -0.1096701249 -0.1089019403 0.1253133565 0.9808487892 0.1491049081 0.0904639736 -0.1609601676 0.9828062057
17.0 333.7 1888.4 0 0 0 0 0 0 0 0 0
212.6 -51.8 2131.8 0 0 0 0 0 0 0 0 0
-54.9 -891.5 2166.2 0 0 0 0 0 0 0 0 0
161.8 -887.1 2158.8 0 0 0 0 0 0 0 0 0
68.2 451.4 2089.6 21 0.9896569252 -0.0023864398 -0.1434343755 0.0080024945 0.9992230535 0.0385900438 0.1432308555 -0.0393387377 0.9889071584
68.6 255.0 2097.3 0.9896569252 -0.0023864398 -0.1434343755 0.0080024945 0.9992230535 0.0385900438 0.1432308555 -0.0393387377 0.9889071584
68.6 61.0 2104.0 0.9896605611 0.0001517181 -0.1434294134 0.0047952589 0.9994053841 0.0341443680 0.1433493048 -0.0344791152 0.9890713692
-66.6 254.3 2077.7 0.2792809308 -0.8247116208 -0.4917854369 0.6011850834 0.5495402813 -0.5801568627 0.7487179637 -0.1336273402 0.6492804289
-125.1 128.3 1920.8 -0.5642741919 -0.8247116208 0.0380182378 -0.8154310584 0.5495402813 -0.1818727404 0.1291000098 -0.1336273402 -0.9825868607
203.8 255.6 2116.9 0.7529729009 0.4274711609 0.5003001690 -0.5357266068 -0.0432918705 0.8432809711 0.3821372092 -0.9029918313 0.1964100599
365.5 140.6 2198.9 -0.6022295952 0.4274711609 0.6742313504 -0.7585883141 -0.0432918705 -0.6501303911 -0.2487232536 -0.9029918313 0.3503462672
-20.1 -133.8 2097.8 0.9840872288 0.0276669115 -0.1755187511 -0.0249736775 0.9995343089 0.0175351687 0.1759221554 -0.0128727881 0.9843199253
-30.9 -521.8 2102.8 0.9832674861 0.0719466954 -0.1673579365 -0.0371636562 0.9786068201 0.2023549825 0.1783363968 -0.1927494407 0.9649060965
157.5 -132.8 2121.0 0.9845964909 0.0990801528 -0.1440587342 -0.1067583784 0.9931939840 -0.0465651192 0.1384645998 0.0612273291 0.9884729385
119.0 -518.4 2097.2 0.9853642583 -0.1179792732 -0.1230370924 0.1348859221 0.9809769392 0.1396068186 0.1042258367 -0.1541595459 0.9825333357
17.0 333.6 1888.2 0 0 0 0 0 0 0 0 0
211.1 -53.9 2135.2 0 0 0 0 0 0 0 0 0
-57.7 -886.8 2174.7 0 0 0 0 0 0 0 0 0
163.1 -884.5 2154.8 0 0 0 0 0 0 0 0 0
68.4 452.0 2088.8 22 0.9883959889 -0.0013770967 -0.1518931389 0.0078444723 0.9990873337 0.0419874489 0.1516966820 -0.0426917449 0.9875047207
68.7 255.3 2097.2 0.9883959889 -0.0013770967 -0.1518931389 0.0078444723 0.9990873337 0.0419874489 0.1516966820 -0.0426917449 0.9875047207
68.6 61.3 2104.4 0.9883972406 0.0004014527 -0.1518906355 0.0052605267 0.9993061423 0.0368730053 0.1518000364 -0.0372442007 0.9877092838
-66.3 254.6 2076.4 0.2755793631 -0.8343539834 -0.4773986638 0.6072944999 0.5360817313 -0.5863528848 0.7451505661 -0.1283348352 0.6544316411
-123.7 128.1 1921.3 -0.5503287911 -0.8343539834 0.0314912088 -0.8234019279 0.5360817313 -0.1860795170 0.1383743286 -0.1283348352 -0.9820299149
203.7 256.0 2117.9 0.7538536787 0.4200766385 0.5052130818 -0.5412879586 -0.0387968197 0.8399417400 0.3724405468 -0.9066589475 0.1981353015
365.2 140.1 2197.7 -0.5979562998 0.4200766385 0.6826301217 -0.7633646727 -0.0387968197 -0.6448016763 -0.2443822324 -0.9066589475 0.3438704610
-20.1 -133.5 2097.9 0.9826301336 0.0237985440 -0.1840424985 -0.0211820267 0.9996448755 0.0161701404 0.1843619645 -0.0119908741 0.9827852845
-29.3 -521.6 2102.5 0.9813520908 0.0763285980 -0.1764144599 -0.0398680046 0.9786457419 0.2016507685 0.1880389750 -0.1908570975 0.9634391069
157.2 -132.6 2123.5 0.9835526943 0.0962056965 -0.1528677791 -0.1045465618 0.9933861494 -0.0474766120 0.1472892016 0.0626775473 0.9871055484
119.9 -518.3 2099.2 0.9845358133 -0.1139732897 -0.1330387443 0.1315992773 0.9824442267 0.1322306544 0.1156323776 -0.1476936191 0.9822503328
15.4 336.3 1886.3 0 0 0 0 0 0 0 0 0
211.9 -55.6 2135.0 0 0 0 0 0 0 0 0 0
-57.8 -886.7 2173.7 0 0 0 0 0 0 0 0 0
162.4 -885.0 2154.3 0 0 0 0 0 0 0 0 0
69.2 453.4 2088.9 23 0.9872466922 0.0011943546 -0.1591935158 0.0055330019 0.9991102815 0.0418090522 0.1591018140 -0.0421566665 0.9863617420
69.0 256.2 2097.2 0.9872466922 0.0011943546 -0.1591935158 0.0055330019 0.9991102815 0.0418090522 0.1591018140 -0.0421566665 0.9863617420
68.6 62.3 2104.3 0.9872444868 0.0018144000 -0.1592013091 0.0040692086 0.9993208647 0.0366232619 0.1591596454 -0.0368039384 0.9865666032
-65.9 255.7 2075.4 0.2777776122 -0.8312477469 -0.4815254509 0.6132217050 0.5392726660 -0.5771864057 0.7394583821 -0.1349524111 0.6595370770
-123.8 127.8 1921.2 -0.5542687774 -0.8312477469 0.0425826050 -0.8226081133 0.5392726660 -0.1802800894 0.1268937886 -0.1349524111 -0.9826931357
203.9 256.8 2118.9 0.7530029416 0.4202031791 0.5063751936 -0.5472134352 -0.0274881106 0.8365415931 0.3654367328 -0.9070135951 0.2092421949
365.0 139.7 2197.2 -0.5852082968 0.4202031791 0.6935132146 -0.7721189857 -0.0274881106 -0.6348831654 -0.2477165610 -0.9070135951 0.3405331373
-20.0 -133.2 2098.0 0.9811729789 0.0281015523 -0.1910755187 -0.0235835966 0.9993868470 0.0258784350 0.1916855872 -0.0208849739 0.9812341332
-30.9 -521.1 2106.1 0.9803674817 0.0685423389 -0.1848824173 -0.0363357700 0.9843797684 0.1722677946 0.1938021481 -0.1621678919 0.9675444961
157.1 -132.2 2125.2 0.9824416637 0.0950214416 -0.1605595052 -0.1043562144 0.9932456017 -0.0507242307 0.1546551287 0.0665889755 0.9857219458
120.2 -517.8 2099.4 0.9837960601 -0.1119680852 -0.1400303841 0.1310372949 0.9820971489 0.1353309005 0.1223706901 -0.1514872015 0.9808552861
16.4 335.8 1889.1 0 0 0 0 0 0 0 0 0
215.0 -58.3 2133.6 0 0 0 0 0 0 0 0 0
-56.5 -888.4 2166.6 0 0 0 0 0 0 0 0 0
162.0 -884.4 2155.9 0 0 0 0 0 0 0 0 0
70.3 454.3 2094.4 24 0.9870200157 0.0034601802 -0.1605598629 0.0009626409 0.9996224046 0.0274602845 0.1605942696 -0.0272584110 0.9866440296
69.6 257.0 2099.8 0.9870200157 0.0034601802 -0.1605598629 0.0009626409 0.9996224046 0.0274602845 0.1605942696 -0.0272584110 0.9866440296
69.0 62.9 2104.4 0.9870193601 0.0030636068 -0.1605721563 0.0007516434 0.9997189641 0.0236942228 0.1605996192 -0.0235073492 0.9867396355
-65.2 256.9 2077.9 0.2575077713 -0.8403236270 -0.4770177603 0.6247488856 0.5213929415 -0.5812385082 0.7371421456 -0.1483428925 0.6592540145
-120.0 123.9 1921.0 -0.5391864181 -0.8403236270 0.0559837259 -0.8321869373 0.5213929415 -0.1887175739 0.1293943226 -0.1483428925 -0.9804343581
204.5 257.1 2121.7 0.7554582357 0.4229677916 0.5003809333 -0.5445350409 -0.0193935409 0.8385138512 0.3643684983 -0.9059371352 0.2156697810
365.1 141.3 2199.2 -0.5874349475 0.4229677916 0.6899409294 -0.7670966983 -0.0193935409 -0.6412383318 -0.2578427494 -0.9059371352 0.3358496130
-20.2 -132.1 2097.2 0.9810674787 0.0247124899 -0.1920830160 -0.0199495647 0.9994446635 0.0266910475 0.1926359385 -0.0223537479 0.9810156226
-29.8 -520.1 2105.9 0.9801906943 0.0673128739 -0.1862663478 -0.0342906713 0.9839478731 0.1751307100 0.1950649172 -0.1652742922 0.9667647481
156.7 -131.4 2125.7 0.9822050929 0.0975334346 -0.1605005115 -0.1064510942 0.9931628108 -0.0479139984 0.1547299176 0.0641468242 0.9858720899
118.9 -517.0 2100.8 0.9831880927 -0.1152961105 -0.1415908188 0.1328570843 0.9836520553 0.1215633005 0.1252603233 -0.1383309364 0.9824329019
16.8 335.1 1888.1 0 0 0 0 0 0 0 0 0
214.4 -55.4 2133.1 0 0 0 0 0 0 0 0 0
-54.9 -887.3 2167.6 0 0 0 0 0 0 0 0 0
161.9 -884.1 2152.5 0 0 0 0 0 0 0 0 0
70.4 455.1 2098.2 25 0.9869971275 0.0039872350 -0.1606885046 -0.0010949103 0.9998358488 0.0180841014 0.1607342362 -0.0176730175 0.9868394732
69.6 257.5 2101.7 0.9869971275 0.0039872350 -0.1606885046 -0.0010949103 0.9998358488 0.0180841014 0.1607342362 -0.0176730175 0.9868394732
69.0 63.4 2104.7 0.9869984984 0.0032295273 -0.1606968939 -0.0007055979 0.9998755455 0.0157607347 0.1607277989 -0.0154424356 0.9868779778
-65.2 257.6 2079.7 0.2532375753 -0.8420037627 -0.4763405919 0.6402212381 0.5150054097 -0.5699879527 0.7252499461 -0.1606209874 0.6694874167
-120.0 119.0 1922.8 -0.5380340815 -0.8420037627 0.0393570773 -0.8233964443 0.5150054097 -0.2383018434 0.1803819537 -0.1606209874 -0.9703933597
204.5 257.4 2123.6 0.7611191869 0.4154008329 0.4981362820 -0.5386609435 -0.0229890160 0.8422089219 0.3613059521 -0.9093479514 0.2062628269
365.4 143.5 2200.1 -0.5798599720 0.4154008329 0.7008599043 -0.7769280076 -0.0229890160 -0.6291696429 -0.2452455014 -0.9093479514 0.3360669315
-20.0 -131.2 2094.5 0.9811807871 0.0209317580 -0.1919533014 -0.0154798888 0.9994342923 0.0298580211 0.1924697012 -0.0263247024 0.9809497595
