146.2 494.0 2194.0 1 0.9927608371 0.0271775946 -0.1169925481 -0.0237631891 0.9992527962 0.0304816384 0.1177335456 -0.0274808612 0.9926649332
140.6 287.3 2199.7 0.9927608371 0.0271775946 -0.1169925481 -0.0237631891 0.9992527962 0.0304816384 0.1177335456 -0.0274808612 0.9926649332
135.4 88.7 2201.1 0.9927343130 0.0257450305 -0.1175404489 -0.0247654431 0.9996453524 0.0097872401 0.1177507415 -0.0068051880 0.9930198789
-4.2 290.8 2182.5 0.4357789159 -0.6776709557 -0.5923333168 0.5991125703 0.7095303535 -0.3709862232 0.6716850996 -0.1932063550 0.7151995897
-93.1 168.7 2045.5 -0.7220734954 -0.6776709557 0.1391829848 -0.6917724609 0.7095303535 -0.1342292726 -0.0077912714 -0.1932063550 -0.9811272025
285.4 283.7 2216.9 0.4730610549 0.4014025033 0.7842762470 -0.8754180074 0.1138455272 0.4697685242 0.0992799252 -0.9087987542 0.4052508771
403.5 65.2 2241.7 -0.5274421573 0.4014025033 0.7487862110 -0.7824672461 0.1138455272 -0.6121962070 -0.3309830725 -0.9087987542 0.2540373802
36.8 -114.0 2195.3 0.9964791536 0.0440023951 -0.0713656396 -0.0314376876 0.9852022529 0.1684880108 0.0777234659 -0.1656512171 0.9831168652
19.3 -505.5 2261.2 0.9965652823 0.0370107554 -0.0740800053 -0.0291929804 0.9941525459 0.1039636582 0.0774945989 -0.1014439538 0.9918183684
219.2 -118.7 2210.6 0.9557316899 0.0953706801 -0.2783546746 -0.0774581432 0.9941946268 0.0746810511 0.2838611007 -0.0498142168 0.9575706124
181.3 -513.7 2230.4 0.9575457573 -0.0455521680 -0.2846596241 0.0477442257 0.9988592863 0.0007625714 0.2843001783 -0.0143210497 0.9586283565
96.9 350.7 2047.6 0 0 0 0 0 0 0 0 0
266.5 -138.0 2155.7 0 0 0 0 0 0 0 0 0
5.1 -885.4 2299.9 0 0 0 0 0 0 0 0 0
198.7 -895.2 2235.9 0 0 0 0 0 0 0 0 0
146.2 496.0 2190.4 2 0.9908995628 0.0253163092 -0.1322012842 -0.0205789506 0.9991004467 0.0370787904 0.1330210567 -0.0340207927 0.9905291200
141.1 291.1 2197.4 0.9908995628 0.0253163092 -0.1322012842 -0.0205789506 0.9991004467 0.0370787904 0.1330210567 -0.0340207927 0.9905291200
136.2 92.5 2201.0 0.9908746481 0.0242066327 -0.1325951368 -0.0215837006 0.9995425940 0.0211834274 0.1330472678 -0.0181282274 0.9909439087
-3.6 294.2 2177.9 0.4375015199 -0.6766326427 -0.5922505260 0.6159859300 0.7053383589 -0.3507977724 0.6550982594 -0.2113434672 0.7253828049
-92.6 168.9 2044.6 -0.7202326059 -0.6766326427 0.1530794501 -0.6936718822 0.7053383589 -0.1460036039 -0.0091820089 -0.2113434672 -0.9773687124
285.7 288.0 2216.8 0.4695191681 0.4116945565 0.7810629606 -0.8762753606 0.1089370847 0.4693338275 0.1081354693 -0.9047874212 0.4119058549
402.7 69.6 2243.7 -0.5097826123 0.4116945565 0.7554000616 -0.7954332232 0.1089370847 -0.5961700082 -0.3277310133 -0.9047874212 0.2719413042
39.3 -107.7 2191.6 0.9949902296 0.0502281934 -0.0864384174 -0.0338118337 0.9827443361 0.1818523705 0.0940809846 -0.1780186892 0.9795193076
19.4 -498.2 2262.4 0.9951874614 0.0378422029 -0.0903873742 -0.0289406590 0.9947814345 0.0978382379 0.0936180949 -0.0947515219 0.9910892248
221.2 -112.1 2213.2 0.9501797557 0.1016896367 -0.2946483791 -0.0852157846 0.9940218329 0.0682556182 0.2998278141 -0.0397464111 0.9531649947
180.8 -507.1 2229.0 0.9525946975 -0.0445319079 -0.3009655774 0.0465299413 0.9989167452 -0.0005299418 0.3006631732 -0.0134990914 0.9536348581
96.6 351.1 2047.0 0 0 0 0 0 0 0 0 0
270.3 -137.0 2158.6 0 0 0 0 0 0 0 0 0
4.9 -878.3 2298.6 0 0 0 0 0 0 0 0 0
197.8 -888.8 2234.2 0 0 0 0 0 0 0 0 0
147.4 494.2 2189.1 3 0.9939979911 0.0146527588 -0.1084127501 -0.0085104574 0.9983434081 0.0569038987 0.1090669483 -0.0556397177 0.9924759865
144.2 275.2 2201.3 0.9939979911 0.0146527588 -0.1084127501 -0.0085104574 0.9983434081 0.0569038987 0.1090669483 -0.0556397177 0.9924759865
135.4 76.9 2198.4 0.9929238558 0.0438359156 -0.1103661060 -0.0451903306 0.9989303350 -0.0097994898 0.1098184809 0.0147176282 0.9938426614
-0.8 281.7 2185.3 0.4503180087 -0.6891111135 -0.5677495599 0.5588704348 0.7134474516 -0.4226778448 0.6963315010 -0.1269590110 0.7064020634
-91.8 168.8 2044.5 -0.7172262073 -0.6891111135 0.1035012379 -0.6965201497 0.7134474516 -0.0765007138 -0.0211252086 -0.1269590110 -0.9916830063
289.1 268.7 2217.3 0.5020930767 0.4154876769 0.7584671974 -0.8550320268 0.1069605872 0.5074245334 0.1297025383 -0.9032881260 0.4089594483
402.8 75.0 2246.6 -0.4768500924 0.4154876769 0.7745863199 -0.8200479150 0.1069605872 -0.5622106791 -0.3164418340 -0.9032881260 0.2897156477
40.5 -104.1 2192.4 0.9968256950 0.0527124256 -0.0596649647 -0.0414249487 0.9833906889 0.1767109632 0.0679888353 -0.1736784130 0.9824526906
19.6 -494.9 2261.4 0.9970760942 0.0414618626 -0.0641883165 -0.0357957333 0.9955617189 0.0870372429 0.0675121620 -0.0844850913 0.9941349626
222.2 -108.0 2216.8 0.9561783671 0.1103584468 -0.2711899579 -0.1003311947 0.9936660528 0.0506100319 0.2750574946 -0.0211834051 0.9611943960
178.3 -502.8 2225.2 0.9597494602 -0.0600562431 -0.2743615508 0.0684017166 0.9974380136 0.0209436305 0.2724008560 -0.0388674401 0.9613984823
96.8 351.9 2050.1 0 0 0 0 0 0 0 0 0
279.0 -137.8 2164.5 0 0 0 0 0 0 0 0 0
3.7 -875.3 2293.7 0 0 0 0 0 0 0 0 0
201.2 -883.8 2240.1 0 0 0 0 0 0 0 0 0
149.3 492.2 2189.9 4 0.9954200387 0.0151976943 -0.0943821296 -0.0095083527 0.9981265664 0.0604395904 0.0951238573 -0.0592653602 0.9936996698
145.9 268.5 2203.2 0.9954200387 0.0151976943 -0.0943821296 -0.0095083527 0.9981265664 0.0604395904 0.0951238573 -0.0592653602 0.9936996698
134.8 70.3 2197.4 0.9936948419 0.0555779524 -0.0973738655 -0.0581656583 0.9980198741 -0.0239387788 0.0958505869 0.0294516552 0.9949599504
0.8 276.9 2189.2 0.4493827522 -0.6913015842 -0.5658244491 0.5286265016 0.7163644433 -0.4553855062 0.7201452255 -0.0944674090 0.6873621941
-90.6 169.3 2042.7 -0.7177364230 -0.6913015842 0.0834057331 -0.6958779693 0.7163644433 -0.0507528894 -0.0246633478 -0.0944674090 -0.9952223897
291.0 260.1 2217.2 0.4896366596 0.4248102903 0.7614408731 -0.8627110720 0.1094030887 0.4937210977 0.1264338195 -0.8986474276 0.4200563133
402.2 64.2 2245.9 -0.4854690135 0.4248102903 0.7641047239 -0.8103343248 0.1094030887 -0.5756642222 -0.3281435072 -0.8986474276 0.2911265492
35.6 -117.4 2185.5 0.9981459975 0.0426209606 -0.0434517525 -0.0338768363 0.9821260571 0.1851508170 0.0505664013 -0.1833355278 0.9817489982
18.6 -507.7 2258.4 0.9980996251 0.0408007763 -0.0461784042 -0.0350203738 0.9921903014 0.1197164133 0.0507022850 -0.1178717241 0.9917336106
217.5 -125.6 2205.6 0.9622404575 0.0969267786 -0.2543588877 -0.0813647285 0.9941501021 0.0710308626 0.2597557008 -0.0476529337 0.9644978642
179.0 -520.4 2224.5 0.9637317657 -0.0655383840 -0.2587003112 0.0740913525 0.9969759583 0.0234402120 0.2563817501 -0.0417575315 0.9656732082
98.1 352.4 2049.1 0 0 0 0 0 0 0 0 0
276.1 -146.2 2160.6 0 0 0 0 0 0 0 0 0
3.0 -886.6 2303.4 0 0 0 0 0 0 0 0 0
204.1 -901.3 2240.4 0 0 0 0 0 0 0 0 0
150.5 490.7 2188.8 5 0.9954151511 0.0312119760 -0.0904126987 -0.0268144701 0.9984165430 0.0494512543 0.0918129981 -0.0468001626 0.9946758747
143.9 277.1 2198.9 0.9954151511 0.0312119760 -0.0904126987 -0.0268144701 0.9984165430 0.0494512543 0.0918129981 -0.0468001626 0.9946758747
134.0 78.8 2198.3 0.9944909811 0.0495927148 -0.0923484042 -0.0496565327 0.9987650514 0.0016079810 0.0923141018 0.0029865790 0.9957254529
-1.4 284.4 2185.4 0.4263675809 -0.6809256673 -0.5954417586 0.5625375509 0.7150978446 -0.4149536788 0.7083517313 -0.1580355614 0.6879408360
-89.4 168.2 2039.1 -0.7211559415 -0.6809256673 0.1275709271 -0.6923071146 0.7150978446 -0.0966743827 -0.0253976341 -0.1580355614 -0.9871067405
289.1 269.9 2212.3 0.4612148106 0.4365779459 0.7724510431 -0.8775726557 0.0959689319 0.4697405696 0.1309470832 -0.8945332170 0.4273911715
401.2 56.6 2244.1 -0.5044518709 0.4365779459 0.7449349165 -0.7971754074 0.0959689319 -0.5960716009 -0.3317223191 -0.8945332170 0.2996174991
32.6 -122.6 2182.8 0.9986014962 0.0346993580 -0.0398877226 -0.0256911833 0.9778954983 0.2075097859 0.0462064818 -0.2061948180 0.9774193764
18.8 -511.1 2264.7 0.9976485372 0.0527056418 -0.0438125059 -0.0487452298 0.9950139523 0.0870125741 0.0481801070 -0.0846723169 0.9952433109
214.8 -133.2 2200.3 0.9642298222 0.0824809149 -0.2519082129 -0.0658997521 0.9951097369 0.0735786036 0.2567451298 -0.0543459989 0.9649499655
182.0 -528.5 2221.9 0.9662783146 -0.0344958939 -0.2551788688 0.0439188071 0.9985440373 0.0313196927 0.2537269294 -0.0414706916 0.9663864970
99.8 349.9 2045.8 0 0 0 0 0 0 0 0 0
270.2 -150.4 2158.0 0 0 0 0 0 0 0 0 0
-1.3 -891.0 2297.1 0 0 0 0 0 0 0 0 0
195.2 -909.9 2237.8 0 0 0 0 0 0 0 0 0
152.0 488.1 2189.3 6 0.9936934114 0.0394459218 -0.1049637273 -0.0349223316 0.9983947277 0.0445916802 0.1065541953 -0.0406448841 0.9934757948
143.8 280.6 2197.8 0.9936934114 0.0394459218 -0.1049637273 -0.0349223316 0.9983947277 0.0445916802 0.1065541953 -0.0406448841 0.9934757948
134.1 82.2 2199.7 0.9931392074 0.0488059446 -0.1062659845 -0.0474640876 0.9987584949 0.0151215009 0.1068720743 -0.0099739376 0.9942227602
-1.2 287.5 2182.2 0.4089912474 -0.6834053993 -0.6047174931 0.5893510580 0.7037542462 -0.3967307508 0.6967004538 -0.1941314787 0.6905950308
-86.5 164.7 2037.0 -0.7156511545 -0.6834053993 0.1442238539 -0.6983497143 0.7037542462 -0.1305283904 -0.0122943427 -0.1941314787 -0.9808984995
288.9 273.7 2213.3 0.4680600762 0.4460633397 0.7628546953 -0.8725178242 0.0963996202 0.4789777696 0.1401155293 -0.8897947073 0.4343190491
401.7 63.4 2247.1 -0.4978041649 0.4460633397 0.7437866330 -0.7994877100 0.0963996202 -0.5928966999 -0.3361702263 -0.8897947073 0.3086340129
32.9 -115.0 2189.3 0.9975230098 0.0437007397 -0.0551183932 -0.0327106044 0.9819071293 0.1865164936 0.0622720532 -0.1842515320 0.9809044600
15.6 -505.1 2262.5 0.9977200031 0.0332965516 -0.0587042421 -0.0272738263 0.9945564866 0.1005661786 0.0617331900 -0.0987357944 0.9931969643
215.3 -124.1 2206.1 0.9601522684 0.0817501545 -0.2672536373 -0.0668335184 0.9956799150 0.0644579679 0.2713685334 -0.0440279655 0.9614679813
182.8 -519.7 2223.6 0.9622101784 -0.0310718380 -0.2705293596 0.0382988974 0.9990355372 0.0214753766 0.2696011662 -0.0310248025 0.9624721408
100.1 346.8 2040.2 0 0 0 0 0 0 0 0 0
272.3 -144.3 2159.8 0 0 0 0 0 0 0 0 0
2.9 -884.9 2300.2 0 0 0 0 0 0 0 0 0
194.7 -901.3 2235.5 0 0 0 0 0 0 0 0 0
151.9 487.2 2188.0 7 0.9935061932 0.0397244990 -0.1066178903 -0.0351574793 0.9983959198 0.0443790853 0.1082098037 -0.0403424799 0.9933091998
143.8 282.0 2196.3 0.9935061932 0.0397244990 -0.1066178903 -0.0351574793 0.9983959198 0.0443790853 0.1082098037 -0.0403424799 0.9933091998
135.3 83.5 2200.1 0.9932846427 0.0428125449 -0.1074836776 -0.0405196063 0.9989040494 0.0234279465 0.1083688959 -0.0189154241 0.9939307570
-1.3 287.9 2180.5 0.3938895762 -0.6872520447 -0.6103569865 0.5988611579 0.6956370473 -0.3968051970 0.6972920895 -0.2092216611 0.6855727434
-84.0 162.2 2034.2 -0.7087973356 -0.6872520447 0.1590313017 -0.7052189708 0.6956370473 -0.1369499564 -0.0165089294 -0.2092216611 -0.9777289033
288.9 276.1 2212.1 0.4707882404 0.4603928924 0.7525933981 -0.8687704206 0.0933981389 0.4863277674 0.1536110342 -0.8827883005 0.4439464808
402.6 66.2 2249.2 -0.4953860044 0.4603928924 0.7366349697 -0.7981733084 0.0933981389 -0.5951437950 -0.3428003192 -0.8827883005 0.3212051988
33.3 -111.9 2192.0 0.9973006845 0.0446628593 -0.0582805835 -0.0339765958 0.9843466878 0.1729367971 0.0650921538 -0.1704898030 0.9832071066
15.5 -503.0 2259.7 0.9973874092 0.0382396653 -0.0612869971 -0.0317844786 0.9941688776 0.1030437872 0.0648699850 -0.1008266062 0.9927869439
215.4 -120.5 2211.5 0.9594477415 0.0841981992 -0.2690179348 -0.0683145300 0.9953514934 0.0678861067 0.2734832764 -0.0467553437 0.9607397318
182.0 -516.1 2230.1 0.9611334205 -0.0344210677 -0.2739301324 0.0366213992 0.9993249178 0.0029212579 0.2736446559 -0.0128394235 0.9617451429
99.9 345.2 2038.5 0 0 0 0 0 0 0 0 0
273.9 -141.1 2160.2 0 0 0 0 0 0 0 0 0
0.9 -882.7 2298.2 0 0 0 0 0 0 0 0 0
195.1 -897.8 2235.0 0 0 0 0 0 0 0 0 0
153.1 486.7 2188.4 8 0.9917476773 0.0411950946 -0.1214063615 -0.0363283493 0.9984555840 0.0420317166 0.1229503602 -0.0372743644 0.9917125702
144.7 282.8 2196.0 0.9917476773 0.0411950946 -0.1214063615 -0.0363283493 0.9984555840 0.0420317166 0.1229503602 -0.0372743644 0.9917125702
136.2 84.3 2200.3 0.9916046858 0.0427081957 -0.1220498905 -0.0397325121 0.9988532066 0.0267126355 0.1230507717 -0.0216390248 0.9921644330
-0.1 288.6 2178.0 0.3921307325 -0.6879866123 -0.6106618643 0.6086961627 0.6917760372 -0.3885034025 0.6897263527 -0.2193633914 0.6900414824
-82.2 161.2 2033.7 -0.7039486766 -0.6879866123 0.1764388829 -0.7096156478 0.6917760372 -0.1337591708 -0.0300316755 -0.2193633914 -0.9751809239
289.5 277.0 2214.0 0.4838460684 0.4685484469 0.7391585112 -0.8607782722 0.1023379117 0.4985857606 0.1579676270 -0.8774903417 0.4528321028
405.3 71.1 2251.8 -0.4874795675 0.4685484469 0.7367672920 -0.7984131575 0.1023379117 -0.5933493376 -0.3534121215 -0.8774903417 0.3242075741
35.6 -111.2 2193.9 0.9962309003 0.0465085953 -0.0732185021 -0.0337815396 0.9854888916 0.1663444340 0.0798924640 -0.1632440388 0.9833456278
17.2 -502.8 2258.8 0.9960236549 0.0465491936 -0.0759604946 -0.0384391285 0.9937353730 0.1049400494 0.0803695098 -0.1016029194 0.9915732741
217.8 -118.6 2213.8 0.9545832276 0.0927077159 -0.2831538916 -0.0757300928 0.9946434498 0.0703520179 0.2881593406 -0.0457135886 0.9564906955
181.0 -513.9 2232.0 0.9558447003 -0.0488585718 -0.2897821367 0.0476725735 0.9988007545 -0.0111545781 0.2899796069 -0.0031526166 0.9570276141
100.0 344.9 2041.5 0 0 0 0 0 0 0 0 0
278.7 -136.4 2160.0 0 0 0 0 0 0 0 0 0
-0.6 -882.5 2297.6 0 0 0 0 0 0 0 0 0
199.6 -895.5 2233.2 0 0 0 0 0 0 0 0 0
154.1 486.8 2187.6 9 0.9974414110 0.0306803659 -0.0645702556 -0.0277697761 0.9985782504 0.0455011539 0.0658744425 -0.0435916372 0.9968752861
147.2 262.6 2197.4 0.9974414110 0.0306803659 -0.0645702556 -0.0277697761 0.9985782504 0.0455011539 0.0658744425 -0.0435916372 0.9968752861
136.4 64.4 2193.9 0.9963342547 0.0530816205 -0.0670853928 -0.0541669689 0.9984271526 -0.0144632673 0.0662121400 0.0180440620 0.9976423979
1.9 270.3 2187.8 0.3857301772 -0.7188372612 -0.5783470273 0.5377153754 0.6845441461 -0.4922006726 0.7497162223 -0.1211294085 0.6505791545
-77.4 159.7 2033.6 -0.6843703389 -0.7188372612 0.1221074760 -0.7274416089 0.6845441461 -0.0472015627 -0.0496577136 -0.1211294085 -0.9913938642
292.5 254.9 2207.0 0.5035998821 0.4948269427 0.7081902623 -0.8401033282 0.0892689377 0.5350303054 0.2015280277 -0.8643941879 0.4606615901
403.7 69.3 2251.5 -0.4687297940 0.4948269427 0.7317367792 -0.8101794124 0.0892689377 -0.5793448091 -0.3519967794 -0.8643941879 0.3590555787
36.8 -110.5 2193.3 0.9986127019 0.0505129844 -0.0148679214 -0.0472334400 0.9841277003 0.1710604727 0.0232727081 -0.1701208949 0.9851483703
16.7 -501.6 2260.9 0.9993454814 0.0309474841 -0.0187298842 -0.0290462244 0.9951068163 0.0944392979 0.0215608925 -0.0938334614 0.9953544140
218.3 -121.2 2212.6 0.9693712592 0.0963080972 -0.2259294540 -0.0831945539 0.9942861795 0.0668854862 0.2310801595 -0.0460407659 0.9718447328
180.3 -513.0 2230.8 0.9711044431 -0.0492035523 -0.2335276306 0.0455862917 0.9987424612 -0.0208653137 0.2342606038 0.0096167410 0.9721262455
99.3 347.6 2046.4 0 0 0 0 0 0 0 0 0
281.9 -141.1 2160.0 0 0 0 0 0 0 0 0 0
4.9 -881.7 2296.8 0 0 0 0 0 0 0 0 0
199.1 -894.6 2227.1 0 0 0 0 0 0 0 0 0
154.2 487.8 2187.7 0 0.9976893067 0.0217738766 -0.0643576011 -0.0181707609 0.9982625842 0.0560504198 0.0654662177 -0.0547514781 0.9963515401
149.2 258.4 2200.3 0.9976893067 0.0217738766 -0.0643576011 -0.0181707609 0.9982625842 0.0560504198 0.0654662177 -0.0547514781 0.9963515401
137.7 60.2 2194.9 0.9960560203 0.0575836711 -0.0675020814 -0.0592567176 0.9979766607 -0.0230489392 0.0660382584 0.0269579869 0.9974528551
3.8 267.0 2190.6 0.3730817437 -0.7258592248 -0.5778740048 0.5220572948 0.6791236401 -0.5159915090 0.7669851184 -0.1091763303 0.6323087215
-72.8 159.7 2033.1 -0.6764287353 -0.7258592248 0.1247899607 -0.7335607409 0.6791236401 -0.0260712020 -0.0658237934 -0.1091763303 -0.9918406010
294.6 249.8 2209.9 0.4779941142 0.4974920154 0.7238945365 -0.8590523601 0.0929158702 0.5033841729 0.1831683218 -0.8624780178 0.4717849195
401.7 57.4 2250.9 -0.4700387716 0.4974920154 0.7290852070 -0.8067656159 0.0929158702 -0.5835202932 -0.3580402434 -0.8624780178 0.3576853871
34.4 -129.0 2184.3 0.9989669919 0.0436397083 -0.0126680732 -0.0402796380 0.9794371724 0.1976875812 0.0210346095 -0.1969731152 0.9801832438
17.1 -518.1 2262.6 0.9989149570 0.0432730839 -0.0172155183 -0.0414938144 0.9948086739 0.0929189622 0.0211470369 -0.0921038091 0.9955248237
216.7 -140.4 2194.7 0.9709264636 0.0904453620 -0.2216335386 -0.0686254948 0.9921795130 0.1042609662 0.2293301821 -0.0860200226 0.9695402384
180.9 -532.8 2228.7 0.9722279310 -0.0474754721 -0.2291701883 0.0511933081 0.9986356497 0.0103017865 0.2283684313 -0.0217476636 0.9733318686
100.7 347.9 2050.0 0 0 0 0 0 0 0 0 0
279.6 -152.2 2157.9 0 0 0 0 0 0 0 0 0
0.6 -898.2 2297.7 0 0 0 0 0 0 0 0 0
199.1 -914.2 2237.1 0 0 0 0 0 0 0 0 0
155.3 488.7 2188.2 1 0.9919722080 0.0347112864 -0.1215987727 -0.0288279615 0.9983424544 0.0498131290 0.1231262907 -0.0459077954 0.9913285971
147.8 272.8 2198.1 0.9919722080 0.0347112864 -0.1215987727 -0.0288279615 0.9983424544 0.0498131290 0.1231262907 -0.0459077954 0.9913285971
137.6 74.5 2197.8 0.9910646677 0.0503020361 -0.1235332862 -0.0501466542 0.9987323284 0.0043687862 0.1235964447 0.0018650314 0.9923307896
3.3 280.0 2180.2 0.3596266806 -0.7163547277 -0.5979168415 0.5838491321 0.6726033688 -0.4546700716 0.7278659344 -0.1855817437 0.6601292491
-70.9 159.6 2030.1 -0.6721807122 -0.7163547277 0.1871067435 -0.7365838885 0.6726033688 -0.0710551888 -0.0749479011 -0.1855817437 -0.9797664285
292.3 265.7 2216.1 0.4301827550 0.4784913957 0.7654990554 -0.8930616975 0.1017226428 0.4382844567 0.1318467706 -0.8721802831 0.4710816741
397.6 47.1 2248.4 -0.4725154936 0.4784913957 0.7401182652 -0.8073677421 0.1017226428 -0.5812140703 -0.3533927500 -0.8721802831 0.3382530212
34.8 -132.7 2183.6 0.9966580868 0.0416256562 -0.0702848360 -0.0269037932 0.9796889424 0.1987102032 0.0771287158 -0.1961552054 0.9775348306
18.3 -521.9 2261.5 0.9958532453 0.0534919128 -0.0735859498 -0.0448676199 0.9924402833 0.1142332554 0.0791402161 -0.1104579344 0.9907249212
217.3 -144.3 2194.8 0.9555681944 0.0887623802 -0.2810882926 -0.0690248162 0.9944519997 0.0793772265 0.2865745425 -0.0564482883 0.9563935399
182.1 -538.3 2217.2 0.9589713812 -0.0420060344 -0.2803736329 0.0690496489 0.9937877059 0.0872819349 0.2749654949 -0.1030605808 0.9559144974
101.5 348.4 2049.3 0 0 0 0 0 0 0 0 0
274.8 -162.7 2156.6 0 0 0 0 0 0 0 0 0
-2.1 -901.1 2303.7 0 0 0 0 0 0 0 0 0
198.1 -916.7 2256.4 0 0 0 0 0 0 0 0 0
155.6 487.8 2188.0 2 0.9876232743 0.0402068235 -0.1516038477 -0.0335505642 0.9983680844 0.0462118275 0.1532144845 -0.0405534804 0.9873604774
147.2 279.0 2196.5 0.9876232743 0.0402068235 -0.1516038477 -0.0335505642 0.9983680844 0.0462118275 0.1532144845 -0.0405534804 0.9873604774
137.7 80.6 2198.9 0.9871278405 0.0472435653 -0.1527960896 -0.0448643267 0.9988126755 0.0189837869 0.1535115391 -0.0118843317 0.9880753756
3.2 285.4 2174.1 0.3533249199 -0.7037984133 -0.6163029075 0.6152694821 0.6710860729 -0.4136265814 0.7047020793 -0.2330477834 0.6701371074
-70.0 158.0 2028.2 -0.6795792580 -0.7037984133 0.2069779187 -0.7315849066 0.6710860729 -0.1201123595 -0.0543651097 -0.2330477834 -0.9709444642
291.2 272.5 2218.9 0.4305491745 0.4757750630 0.7669846416 -0.8937489986 0.1062434241 0.4358039200 0.1258575767 -0.8731268048 0.4709665179
397.0 53.0 2249.8 -0.4721736610 0.4757750630 0.7420849800 -0.8066651225 0.1062434241 -0.5813808441 -0.3554481566 -0.8731268048 0.3336258233
36.7 -119.4 2186.2 0.9939040542 0.0450810082 -0.1006104946 -0.0248795804 0.9807510376 0.1936709285 0.1074047312 -0.1899871677 0.9758939743
18.8 -509.1 2261.7 0.9931221008 0.0533339009 -0.1042305008 -0.0422915854 0.9935280681 0.1054203808 0.1091784090 -0.1002872363 0.9889502525
218.0 -128.8 2208.4 0.9457241297 0.0908867493 -0.3120023310 -0.0744022727 0.9951490164 0.0643643662 0.3163386881 -0.0376572572 0.9478986263
182.0 -523.6 2223.3 0.9481362700 -0.0439438634 -0.3148119450 0.0567859933 0.9978819489 0.0317334570 0.3127506673 -0.0479645506 0.9486234188
103.8 345.1 2042.1 0 0 0 0 0 0 0 0 0
274.3 -156.6 2157.4 0 0 0 0 0 0 0 0 0
-1.6 -888.7 2300.0 0 0 0 0 0 0 0 0 0
198.7 -903.7 2241.6 0 0 0 0 0 0 0 0 0
155.8 488.3 2187.9 3 0.9837767482 0.0458212756 -0.1734464318 -0.0379411243 0.9981032610 0.0484804772 0.1753388941 -0.0411132164 0.9836493134
146.4 282.5 2196.4 0.9837767482 0.0458212756 -0.1734464318 -0.0379411243 0.9981032610 0.0484804772 0.1753388941 -0.0411132164 0.9836493134
137.3 84.0 2200.5 0.9836320281 0.0454791114 -0.1743549109 -0.0411063954 0.9987450242 0.0286109988 0.1754373014 -0.0209755935 0.9842671156
2.8 288.4 2170.8 0.3520346284 -0.6961041093 -0.6257081032 0.6314372420 0.6700871587 -0.3902181387 0.6909114718 -0.2577250898 0.6754399538
-70.5 156.8 2026.8 -0.6850551367 -0.6961041093 0.2147988081 -0.7273474932 0.6700871587 -0.1481511593 -0.0408052951 -0.2577250898 -0.9653562307
290.0 276.5 2222.0 0.4426372349 0.4628629386 0.7680040002 -0.8883758783 0.1099256501 0.4457629621 0.1219037995 -0.8795875311 0.4598534405
399.0 57.8 2252.0 -0.4769136012 0.4628629386 0.7472023368 -0.8055461645 0.1099256501 -0.5822471380 -0.3516373038 -0.8795875311 0.3204324245
37.7 -113.8 2187.2 0.9913076758 0.0461937562 -0.1231877208 -0.0229288153 0.9826635122 0.1839745790 0.1295505613 -0.1795508713 0.9751811028
19.4 -504.3 2258.6 0.9904525876 0.0567889325 -0.1256131530 -0.0406037606 0.9909620881 0.1278495044 0.1317383051 -0.1215285063 0.9838067889
218.5 -122.1 2215.1 0.9373005033 0.0957641229 -0.3351074159 -0.0845978931 0.9952681065 0.0477975868 0.3380990028 -0.0164513197 0.9409667253
180.5 -517.2 2221.6 0.9402105212 -0.0487755910 -0.3370833397 0.0612448640 0.9977722168 0.0264508352 0.3350422382 -0.0455139764 0.9411031604
104.5 342.7 2037.2 0 0 0 0 0 0 0 0 0
275.0 -151.6 2160.6 0 0 0 0 0 0 0 0 0
-2.3 -882.8 2305.0 0 0 0 0 0 0 0 0 0
199.1 -897.9 2239.0 0 0 0 0 0 0 0 0 0
156.4 487.3 2188.8 4 0.9820709229 0.0500766262 -0.1817389727 -0.0428168625 0.9981287718 0.0436545014 0.1835849732 -0.0350903235 0.9823773503
146.2 283.2 2196.0 0.9820709229 0.0500766262 -0.1817389727 -0.0428168625 0.9981287718 0.0436545014 0.1835849732 -0.0350903235 0.9823773503
136.4 84.8 2200.4 0.9820056558 0.0489907265 -0.1823864877 -0.0441323929 0.9985567927 0.0306040552 0.1836225837 -0.0220042020 0.9827505350
2.8 289.6 2169.2 0.3702947199 -0.6919569969 -0.6197397113 0.6305232644 0.6771614552 -0.3793320656 0.6821452975 -0.2502956688 0.6870442629
-74.5 158.1 2026.8 -0.6895387769 -0.6919569969 0.2138498724 -0.7226089239 0.6771614552 -0.1388839036 -0.0487091951 -0.2502956688 -0.9669433832
289.6 276.8 2222.8 0.4477887452 0.4663691521 0.7628794312 -0.8847373128 0.1076992899 0.4534763396 0.1293257922 -0.8780094981 0.4608407021
398.5 61.6 2254.3 -0.4656831622 0.4663691521 0.7520897985 -0.8139960766 0.1076992899 -0.5707987547 -0.3472024500 -0.8780094981 0.3294689357
38.0 -110.6 2188.7 0.9902250171 0.0484661199 -0.1307878047 -0.0239899848 0.9828948975 0.1825982183 0.1374004930 -0.1776757240 0.9744498134
18.8 -501.3 2259.3 0.9893290401 0.0577664450 -0.1337576509 -0.0422709137 0.9923586845 0.1159200072 0.1394318491 -0.1090289727 0.9842110872
218.3 -118.2 2220.7 0.9340934753 0.0984133035 -0.3431970477 -0.0881698057 0.9950718880 0.0453659706 0.3459703624 -0.0121164387 0.9381672144
179.2 -513.5 2225.5 0.9368153811 -0.0557889305 -0.3453469872 0.0677740797 0.9974420071 0.0227179583 0.3431961834 -0.0446881056 0.9382000566
103.1 344.2 2039.4 0 0 0 0 0 0 0 0 0
277.5 -149.9 2164.0 0 0 0 0 0 0 0 0 0
-3.3 -880.4 2300.9 0 0 0 0 0 0 0 0 0
200.5 -894.3 2242.6 0 0 0 0 0 0 0 0 0
157.8 489.0 2194.3 5 0.9819683433 0.0539311171 -0.1811894625 -0.0495255813 0.9983588457 0.0287547372 0.1824428737 -0.0192627273 0.9830277562
146.8 285.4 2198.2 0.9819683433 0.0539311171 -0.1811894625 -0.0495255813 0.9983588457 0.0287547372 0.1824428737 -0.0192627273 0.9830277562
136.7 87.0 2200.0 0.9820148945 0.0511502177 -0.1817425936 -0.0486404598 0.9986497164 0.0182428043 0.1824303120 -0.0090746619 0.9831768870
3.4 292.5 2171.6 0.3607410192 -0.7023246288 -0.6136823893 0.6331921220 0.6675347686 -0.3917461932 0.6847873330 -0.2472599000 0.6855135560
-72.7 158.9 2027.1 -0.6760709286 -0.7023246288 0.2228636891 -0.7342322469 0.6675347686 -0.1236944124 -0.0618956313 -0.2472599000 -0.9669702649
290.3 278.4 2224.9 0.4410309494 0.4789109528 0.7590362430 -0.8882461190 0.1118315905 0.4455474317 0.1284933239 -0.8707112074 0.4747119844
397.7 62.0 2256.2 -0.4601313174 0.4789109528 0.7476118207 -0.8127102852 0.1118315905 -0.5718353391 -0.3574648201 -0.8707112074 0.3377586603
36.6 -109.6 2187.9 0.9906200171 0.0435788818 -0.1295101047 -0.0201934110 0.9840632081 0.1766686589 0.1351451427 -0.1723962724 0.9757127166
19.3 -500.6 2256.4 0.9898830652 0.0544574857 -0.1310185790 -0.0358326733 0.9894282222 0.1405267417 0.1372862160 -0.1344103068 0.9813696146
216.6 -117.7 2221.5 0.9352014065 0.0944633707 -0.3412842453 -0.0834607705 0.9954108000 0.0468150266 0.3441403508 -0.0152976336 0.9387935996
179.1 -513.2 2227.6 0.9369181991 -0.0561231077 -0.3450137079 0.0613274835 0.9981089234 0.0041791289 0.3441267312 -0.0250743236 0.9385883212
100.9 347.5 2043.0 0 0 0 0 0 0 0 0 0
278.2 -149.2 2163.3 0 0 0 0 0 0 0 0 0
-1.5 -878.6 2307.8 0 0 0 0 0 0 0 0 0
200.5 -894.4 2237.2 0 0 0 0 0 0 0 0 0
158.9 488.6 2198.5 6 0.9809536934 0.0581308976 -0.1853394359 -0.0556960329 0.9982796311 0.0183213335 0.1860856265 -0.0076497076 0.9825037718
147.1 285.8 2200.1 0.9809536934 0.0581308976 -0.1853394359 -0.0556960329 0.9982796311 0.0183213335 0.1860856265 -0.0076497076 0.9825037718
136.1 87.4 2200.3 0.9810284376 0.0556001663 -0.1857198477 -0.0543835871 0.9984522462 0.0116426190 0.1860797256 -0.0013216283 0.9825337529
3.8 293.7 2172.9 0.3437256813 -0.7118263841 -0.6124997139 0.6355592608 0.6564982533 -0.4062936306 0.6913154721 -0.2496262938 0.6780631542
-69.3 158.6 2025.9 -0.6616001725 -0.7118263841 0.2357719094 -0.7460504174 0.6564982533 -0.1114397421 -0.0754580945 -0.2496262938 -0.9653977156
290.4 277.8 2227.3 0.4370365143 0.4865862131 0.7564607859 -0.8909993172 0.1192354709 0.4380674958 0.1229606420 -0.8654575348 0.4856582284
396.2 62.2 2257.0 -0.4510546625 0.4865862131 0.7481868267 -0.8141076565 0.1192354709 -0.5683411360 -0.3657573760 -0.8654575348 0.3423518240
36.4 -106.9 2185.1 0.9903199673 0.0441530310 -0.1315935999 -0.0178749692 0.9807315469 0.1945408583 0.1376475543 -0.1903054565 0.9720272422
18.9 -496.7 2260.7 0.9900203943 0.0419316515 -0.1345414221 -0.0256932899 0.9924128652 0.1202353239 0.1385623068 -0.1155786067 0.9835863113
216.5 -115.9 2218.5 0.9340906739 0.0940768868 -0.3444185853 -0.0830270052 0.9954511523 0.0467285812 0.3472479582 -0.0150526864 0.9376525283
179.1 -511.4 2224.5 0.9365582466 -0.0557000786 -0.3460579515 0.0699380338 0.9971359968 0.0287827291 0.3434636295 -0.0511593148 0.9377715588
100.6 350.2 2045.3 0 0 0 0 0 0 0 0 0
279.0 -149.4 2162.0 0 0 0 0 0 0 0 0 0
2.9 -875.7 2304.9 0 0 0 0 0 0 0 0 0
200.4 -892.3 2244.1 0 0 0 0 0 0 0 0 0
161.7 489.5 2200.1 7 0.9797017574 0.0656658188 -0.1894001812 -0.0635192245 0.9978291392 0.0173884053 0.1901308298 -0.0050048982 0.9817460179
148.3 287.0 2201.2 0.9797017574 0.0656658188 -0.1894001812 -0.0635192245 0.9978291392 0.0173884053 0.1901308298 -0.0050048982 0.9817460179
135.8 88.7 2201.1 0.9798189998 0.0628028661 -0.1897645444 -0.0616985075 0.9980259538 0.0117278015 0.1901264638 0.0002170662 0.9817596078
5.2 296.0 2173.4 0.3534254730 -0.7099605203 -0.6091358662 0.6319742799 0.6613036394 -0.4040866494 0.6897093058 -0.2421436906 0.6823983192
-70.8 160.1 2025.0 -0.6639646292 -0.7099605203 0.2347488850 -0.7431585789 0.6613036394 -0.1019452438 -0.0828631967 -0.2421436906 -0.9666954875
291.5 278.0 2228.9 0.4355426133 0.4905079901 0.7547877431 -0.8924698830 0.1258749068 0.4331893325 0.1174740046 -0.8622977734 0.4925875068
396.8 62.1 2257.4 -0.4530663788 0.4905079901 0.7444009185 -0.8084279895 0.1258749068 -0.5749780536 -0.3757327199 -0.8622977734 0.3395107090
35.0 -106.0 2183.5 0.9899944663 0.0439859591 -0.1340755224 -0.0166769400 0.9799867868 0.1983626932 0.1401174217 -0.1941419989 0.9709150195
17.6 -495.5 2260.7 0.9895541668 0.0434473343 -0.1374585032 -0.0282918047 0.9934902787 0.1103477180 0.1413580030 -0.1053060964 0.9843416810
215.0 -116.0 2217.7 0.9332111478 0.0898054987 -0.3479252458 -0.0775737464 0.9957837462 0.0489592962 0.3508551121 -0.0186994951 0.9362430573
179.3 -511.7 2225.1 0.9347235560 -0.0535726547 -0.3513144851 0.0602500476 0.9981505275 0.0080940677 0.3502311110 -0.0287324302 0.9362225533
100.7 352.1 2046.4 0 0 0 0 0 0 0 0 0
279.1 -148.0 2159.7 0 0 0 0 0 0 0 0 0
1.0 -875.0 2300.9 0 0 0 0 0 0 0 0 0
199.7 -893.0 2236.1 0 0 0 0 0 0 0 0 0
162.0 488.7 2200.5 8 0.9811204672 0.0668817610 -0.1814647317 -0.0645605102 0.9977390170 0.0186752789 0.1823034883 -0.0066072424 0.9832201004
148.4 286.5 2201.8 0.9811204672 0.0668817610 -0.1814647317 -0.0645605102 0.9977390170 0.0186752789 0.1823034883 -0.0066072424 0.9832201004
135.9 88.2 2202.0 0.9813034534 0.0629910231 -0.1818670481 -0.0617483407 0.9980135560 0.0124928216 0.1822927147 -0.0010292603 0.9832437634
5.1 295.5 2175.2 0.3424806297 -0.7132928371 -0.6114903092 0.6314854026 0.6566731930 -0.4123184383 0.6956530809 -0.2449361235 0.6753318310
-68.7 159.6 2025.5 -0.6648312807 -0.7132928371 0.2218394876 -0.7445718646 0.6566731930 -0.1199713275 -0.0601013564 -0.2449361235 -0.9676746130
291.7 277.5 2228.4 0.4333246052 0.4855943620 0.7592284679 -0.8936437368 0.1223796159 0.4317685366 0.1167502701 -0.8655757308 0.4869784713
397.0 60.4 2256.8 -0.4677682221 0.4855943620 0.7385059595 -0.8000998497 0.1223796159 -0.5872507095 -0.3755437136 -0.8655757308 0.3312786818
33.5 -103.9 2183.6 0.9912266135 0.0372082666 -0.1268279254 -0.0132897282 0.9827520847 0.1844496727 0.1315034628 -0.1811459213 0.9746245146
18.7 -494.4 2255.6 0.9904007316 0.0507380515 -0.1285768002 -0.0334025249 0.9904773831 0.1335622370 0.1341291070 -0.1279853582 0.9826642871
213.2 -115.2 2218.5 0.9364491701 0.0840082094 -0.3405959606 -0.0721848533 0.9962708354 0.0472626910 0.3432962596 -0.0196732376 0.9390211105
179.8 -511.2 2226.3 0.9373035431 -0.0545542687 -0.3442177474 0.0579780526 0.9983177781 -0.0003470462 0.3436576128 -0.0196317863 0.9388898015
101.2 349.8 2040.8 0 0 0 0 0 0 0 0 0
275.5 -147.5 2159.2 0 0 0 0 0 0 0 0 0
-0.7 -872.8 2304.5 0 0 0 0 0 0 0 0 0
200.7 -892.6 2233.8 0 0 0 0 0 0 0 0 0
162.3 486.5 2201.6 9 0.9825754166 0.0614026748 -0.1754288375 -0.0600827783 0.9981109500 0.0128303878 0.1758852601 -0.0020665713 0.9844084978
149.9 285.1 2202.0 0.9825754166 0.0614026748 -0.1754288375 -0.0600827783 0.9981109500 0.0128303878 0.1758852601 -0.0020665713 0.9844084978
138.2 86.7 2201.3 0.9826736450 0.0587405339 -0.1757896990 -0.0584501065 0.9982669353 0.0068340371 0.1758864820 0.0035592976 0.9844040275
6.3 293.6 2176.3 0.3461343944 -0.7184930444 -0.6032899618 0.6232612133 0.6567354202 -0.4245515764 0.7012392282 -0.2290553153 0.6751275659
-68.5 158.8 2024.7 -0.6689857841 -0.7184930444 0.1903307140 -0.7426368594 0.6567354202 -0.1311070025 -0.0307974573 -0.2290553153 -0.9729260802
293.4 276.5 2227.7 0.4337669015 0.4868394136 0.7581778765 -0.8923751712 0.1158047989 0.4361832440 0.1245505586 -0.8657809496 0.4846757054
398.1 61.3 2257.8 -0.4806768596 0.4868394136 0.7293401957 -0.7920826674 0.1158047989 -0.5993281603 -0.3762376904 -0.8657809496 0.3299523890
33.4 -104.5 2185.5 0.9920212626 0.0348554440 -0.1211563647 -0.0112543739 0.9816681147 0.1902657002 0.1255671382 -0.1873840839 0.9742279649
19.5 -494.6 2260.0 0.9910206795 0.0508229993 -0.1236730665 -0.0376722887 0.9936050177 0.1064416915 0.1282918751 -0.1008268744 0.9865977764
213.4 -115.8 2218.9 0.9384853244 0.0852372944 -0.3346340060 -0.0745027438 0.9962135553 0.0448095948 0.3371863961 -0.0171219949 0.9412822127
179.5 -511.8 2225.7 0.9393464327 -0.0578797944 -0.3380505443 0.0618846901 0.9980827570 0.0010718530 0.3373403847 -0.0219269935 0.9411273599
101.0 347.0 2032.5 0 0 0 0 0 0 0 0 0
273.2 -144.5 2160.0 0 0 0 0 0 0 0 0 0
0.1 -874.1 2298.5 0 0 0 0 0 0 0 0 0
201.6 -893.1 2234.1 0 0 0 0 0 0 0 0 0
164.3 485.5 2202.2 0 0.9831532836 0.0659156665 -0.1704839617 -0.0648869202 0.9978251457 0.0116053214 0.1708781570 -0.0003476310 0.9852920771
151.0 284.6 2202.3 0.9831532836 0.0659156665 -0.1704839617 -0.0648869202 0.9978251457 0.0116053214 0.1708781570 -0.0003476310 0.9852920771
138.5 86.2 2201.4 0.9833012223 0.0628042072 -0.1708048880 -0.0625926033 0.9980171323 0.0066291457 0.1708825529 0.0041726762 0.9852825403
7.4 293.7 2177.3 0.3490758836 -0.7179118991 -0.6022861004 0.6128152609 0.6611234546 -0.4328663051 0.7089453340 -0.2179869264 0.6707296371
-69.6 158.5 2020.9 -0.6744374037 -0.7179118991 0.1724432558 -0.7381256223 0.6611234546 -0.1344856322 -0.0174574386 -0.2179869264 -0.9757955670
294.7 275.4 2227.2 0.4341841042 0.4896151125 0.7561489344 -0.8918365240 0.1153561100 0.4374021292 0.1269322932 -0.8642742634 0.4867424369
398.9 61.4 2257.7 -0.4882348180 0.4896151125 0.7224290967 -0.7849787474 0.1153561100 -0.6086881757 -0.3813595474 -0.8642742634 0.3280166090
36.4 -106.3 2184.5 0.9922195673 0.0472575352 -0.1151824743 -0.0238486528 0.9801718593 0.1967088133 0.1221945956 -0.1924313903 0.9736727476
17.6 -495.8 2260.9 0.9920187593 0.0415848643 -0.1190356985 -0.0289634746 0.9939589500 0.1058618575 0.1227188483 -0.1015692651 0.9872303605
216.7 -117.0 2216.7 0.9394822121 0.0933034271 -0.3296478093 -0.0827431604 0.9955108166 0.0459546447 0.3324556649 -0.0158974677 0.9429848790
179.6 -512.7 2223.1 0.9415846467 -0.0540979765 -0.3324030638 0.0625658259 0.9979308844 0.0148162860 0.3309137225 -0.0347478576 0.9430210590
99.9 344.0 2025.3 0 0 0 0 0 0 0 0 0
272.0 -142.6 2158.6 0 0 0 0 0 0 0 0 0
1.8 -875.5 2299.7 0 0 0 0 0 0 0 0 0
200.3 -894.0 2236.3 0 0 0 0 0 0 0 0 0
165.9 484.9 2201.5 1 0.9831451774 0.0708022341 -0.1685602665 -0.0689594448 0.9974785447 0.0167688392 0.1693225205 -0.0048623807 0.9855486751
151.7 283.8 2202.5 0.9831451774 0.0708022341 -0.1685602665 -0.0689594448 0.9974785447 0.0167688392 0.1693225205 -0.0048623807 0.9855486751
138.3 85.5 2202.1 0.9833147526 0.0672160164 -0.1690387130 -0.0665081963 0.9977372289 0.0098523572 0.1693184525 0.0015544906 0.9855601788
8.0 293.5 2177.7 0.3473528624 -0.7232506871 -0.5968705416 0.6020060182 0.6600097418 -0.4494173229 0.7189817429 -0.2032132596 0.6646575332
-69.5 159.1 2017.2 -0.6678211093 -0.7232506871 0.1758505851 -0.7433737516 0.6600097418 -0.1085478738 -0.0375557691 -0.2032132596 -0.9784139991
295.3 274.1 2227.2 0.4397474825 0.5063636899 0.7417668104 -0.8872815371 0.1170068532 0.4461399615 0.1391172707 -0.8543449044 0.5007405877
400.4 62.1 2260.4 -0.4942163825 0.5063636899 0.7066441774 -0.7725117207 0.1170068532 -0.6241273880 -0.3987176418 -0.8543449044 0.3333451748
35.9 -106.3 2184.9 0.9926500320 0.0428377651 -0.1131847426 -0.0210092552 0.9820533991 0.1874292791 0.1191825122 -0.1836737543 0.9757353663
18.8 -496.6 2257.9 0.9922215939 0.0457185395 -0.1157849804 -0.0315160677 0.9920726418 0.1216495410 0.1204287559 -0.1170542166 0.9857967496
216.2 -117.8 2216.3 0.9400636554 0.0941566378 -0.3277420700 -0.0822016150 0.9953519106 0.0501743294 0.3309429586 -0.0202261377 0.9434340000
178.8 -513.4 2224.3 0.9412515163 -0.0616633743 -0.3320289552 0.0655424595 0.9978496432 0.0004853851 0.3312850595 -0.0222188644 0.9432690740
98.7 346.4 2026.6 0 0 0 0 0 0 0 0 0
272.0 -138.6 2156.9 0 0 0 0 0 0 0 0 0
1.4 -875.6 2302.6 0 0 0 0 0 0 0 0 0
202.4 -894.7 2232.8 0 0 0 0 0 0 0 0 0
168.3 484.5 2201.6 2 0.9828931093 0.0759585202 -0.1677839309 -0.0736648142 0.9970852733 0.0198617298 0.1688035429 -0.0071621854 0.9856237173
153.0 283.6 2203.1 0.9828931093 0.0759585202 -0.1677839309 -0.0736648142 0.9970852733 0.0198617298 0.1688035429 -0.0071621854 0.9856237173
138.7 85.4 2203.1 0.9831124544 0.0717658028 -0.1683436334 -0.0707033053 0.9974215031 0.0123049328 0.1687926203 -0.0001946817 0.9856515527
9.3 294.0 2178.4 0.3513699472 -0.7261078358 -0.5910215974 0.5953944921 0.6604762077 -0.4574675858 0.7225265503 -0.1911506504 0.6643921137
-69.9 159.7 2015.4 -0.6655969620 -0.7261078358 0.1724763513 -0.7449200749 0.6604762077 -0.0941554010 -0.0455495566 -0.1911506504 -0.9805032611
296.6 273.3 2227.7 0.4443415701 0.4962233901 0.7458705902 -0.8857165575 0.1184206009 0.4488682747 0.1344124973 -0.8600807786 0.4921324849
402.4 62.3 2259.7 -0.5013473630 0.4962233901 0.7088111043 -0.7697042227 0.1184206009 -0.6273212433 -0.3952293396 -0.8600807786 0.3225753903
34.8 -106.6 2186.3 0.9930259585 0.0384279490 -0.1114575937 -0.0160790943 0.9806981087 0.1948656738 0.1167945415 -0.1917145401 0.9744765759
19.5 -496.3 2262.5 0.9919219017 0.0549425520 -0.1143337637 -0.0422828011 0.9929933548 0.1103466898 0.1195953935 -0.1046209484 0.9872949719
215.1 -118.8 2217.4 0.9402882457 0.0904320404 -0.3281464279 -0.0818004757 0.9958439469 0.0400436334 0.3304038644 -0.0108100232 0.9437777400
179.2 -514.6 2221.7 0.9425037503 -0.0574171096 -0.3292262256 0.0704834387 0.9971232414 0.0278804339 0.3266783059 -0.0494824089 0.9438393712
98.0 347.6 2026.9 0 0 0 0 0 0 0 0 0
272.2 -137.7 2157.1 0 0 0 0 0 0 0 0 0
-1.5 -875.7 2302.5 0 0 0 0 0 0 0 0 0
201.1 -895.5 2240.6 0 0 0 0 0 0 0 0 0
168.0 485.2 2201.2 3 0.9833154678 0.0768422633 -0.1648814976 -0.0744961575 0.9970131516 0.0203753617 0.1659547091 -0.0077523710 0.9861028790
152.6 284.4 2202.8 0.9833154678 0.0768422633 -0.1648814976 -0.0744961575 0.9970131516 0.0203753617 0.1659547091 -0.0077523710 0.9861028790
137.9 86.2 2202.9 0.9834707379 0.0735361576 -0.1654622257 -0.0724373460 0.9972924590 0.0126738716 0.1659462154 -0.0004787372 0.9861347079
8.9 295.0 2178.5 0.3416447937 -0.7254050374 -0.5975502729 0.5909090042 0.6602108479 -0.4636250436 0.7308251262 -0.1947027594 0.6542059779
-69.0 160.3 2011.9 -0.6608350873 -0.7254050374 0.1925734580 -0.7471321821 0.6602108479 -0.0769101679 -0.0713480636 -0.1947027594 -0.9782639146
296.2 273.8 2227.0 0.4435400665 0.5070869923 0.7390094995 -0.8856585622 0.1215654686 0.4481414557 0.1374086589 -0.8532787561 0.5030250549
402.8 61.0 2260.0 -0.4978402257 0.5070869923 0.7035750747 -0.7668396831 0.1215654686 -0.6302211881 -0.4051073790 -0.8532787561 0.3283342421
34.3 -106.3 2187.7 0.9931346178 0.0437740423 -0.1084780321 -0.0224403609 0.9814143777 0.1905839890 0.1148045361 -0.1868412644 0.9756588936
16.9 -496.3 2261.9 0.9929404259 0.0390322283 -0.1120079607 -0.0277486704 0.9945413470 0.1005855948 0.1153226271 -0.0967674255 0.9886034131
214.6 -119.3 2218.6 0.9411579967 0.0894537345 -0.3259135485 -0.0827644393 0.9959765077 0.0343631245 0.3276761472 -0.0053670797 0.9447748661
179.0 -515.1 2220.8 0.9432042241 -0.0584073067 -0.3270388246 0.0692266226 0.9973685741 0.0215302575 0.3249207437 -0.0429472253 0.9447656274
98.0 349.1 2029.9 0 0 0 0 0 0 0 0 0
273.4 -138.2 2154.8 0 0 0 0 0 0 0 0 0
2.0 -876.3 2298.9 0 0 0 0 0 0 0 0 0
201.4 -896.1 2237.2 0 0 0 0 0 0 0 0 0
169.5 484.3 2203.0 4 0.9814495444 0.0822216272 -0.1731945574 -0.0810669363 0.9966139197 0.0137423864 0.1737380326 0.0005528929 0.9847917557
153.0 283.7 2202.9 0.9814495444 0.0822216272 -0.1731945574 -0.0810669363 0.9966139197 0.0137423864 0.1737380326 0.0005528929 0.9847917557
137.3 85.6 2201.9 0.9816381931 0.0790779144 -0.1735889316 -0.0787355751 0.9968560934 0.0088684000 0.1737444699 0.0049620634 0.9847782850
9.6 295.2 2177.5 0.3657841980 -0.7150934935 -0.5956872106 0.5766057968 0.6765304208 -0.4580745995 0.7305666804 -0.1759202629 0.6597911716
-73.7 164.0 2011.2 -0.6784850359 -0.7150934935 0.1682242453 -0.7323024273 0.6765304208 -0.0777161643 -0.0582344867 -0.1759202629 -0.9826804399
296.4 272.2 2228.2 0.4461164474 0.5081199408 0.7367457151 -0.8849661946 0.1276801080 0.4478087127 0.1334727854 -0.8517698646 0.5066291690
402.7 61.2 2260.1 -0.4997955263 0.5081199408 0.7014403343 -0.7617010474 0.1276801080 -0.6352238059 -0.4123298824 -0.8517698646 0.3232215643
33.1 -105.3 2187.7 0.9923719764 0.0426147431 -0.1156799719 -0.0208270233 0.9828197360 0.1833891869 0.1215076372 -0.1795810163 0.9762102962
16.2 -495.9 2259.1 0.9923919439 0.0346807204 -0.1181330532 -0.0202592853 0.9924263358 0.1211592034 0.1214402467 -0.1178441346 0.9855785370
