76.4 486.0 2308.7 2 0.9775516987 -0.2091991901 -0.0250680465 0.2096587569 0.9776207805 0.0173447728 0.0208785310 -0.0222111475 0.9995352626
121.4 275.9 2313.5 0.9775516987 -0.2091991901 -0.0250680465 0.2096587569 0.9776207805 0.0173447728 0.0208785310 -0.0222111475 0.9995352626
104.1 78.0 2319.9 0.9958745241 0.0868787915 -0.0261907410 -0.0859284922 0.9956701994 0.0354562439 0.0291577354 -0.0330594406 0.9990279675
-18.6 287.9 2309.4 0.3798131645 -0.8407564163 -0.3858374953 0.5813806057 0.5413760543 -0.6073784232 0.7195404768 0.0063718772 0.6944212317
-104.3 156.9 2147.2 -0.5401402712 -0.8407564163 -0.0371094011 -0.8395277858 0.5413760543 -0.0458815917 0.0586653836 0.0063718772 -0.9982573390
261.4 263.8 2317.6 0.0453594364 0.5669603348 0.8224952817 -0.9962726831 0.0861456543 -0.0044386885 -0.0733709559 -0.8192282319 0.5687545538
273.6 -4.4 2297.8 -0.0985609442 0.5794076324 0.8090565801 -0.9525464177 0.1803591549 -0.2452057749 -0.2879948616 -0.7948316336 0.5341362953
-4.9 -111.6 2324.5 0.9974872470 0.0587517545 -0.0395901576 -0.0558715798 0.9959599376 0.0703003705 0.0435604826 -0.0679117590 0.9967399240
-28.2 -507.5 2351.5 0.9978882074 0.0506822504 -0.0406254530 -0.0485164262 0.9974346161 0.0526335239 0.0431888215 -0.0505513698 0.9977871776
177.7 -126.2 2326.6 0.9678586125 0.0012015189 0.2514921129 0.0106748547 0.9988911152 -0.0458540693 -0.2512683272 0.0470648967 0.9667725563
177.3 -523.3 2307.9 0.9695190191 -0.0161888730 0.2444807738 -0.0326455981 0.9803832173 0.1943785846 -0.2428316176 -0.1964349449 0.9499716163
33.9 371.7 2132.2 0 0 0 0 0 0 0 0 0
246.5 -266.4 2218.6 0 0 0 0 0 0 0 0 0
-42.9 -797.5 2366.2 0 0 0 0 0 0 0 0 0
183.4 -898.1 2383.0 0 0 0 0 0 0 0 0 0
78.2 489.7 2308.7 3 0.9785941839 -0.2030853778 -0.0333123617 0.2035896182 0.9789767861 0.0124802208 0.0300774779 -0.0189951230 0.9993670583
122.7 275.0 2312.9 0.9785941839 -0.2030853778 -0.0333123617 0.2035896182 0.9789767861 0.0124802208 0.0300774779 -0.0189951230 0.9993670583
104.7 77.1 2320.0 0.9952800274 0.0905763879 -0.0348371603 -0.0891994461 0.9952406883 0.0392361768 0.0382252298 -0.0359435268 0.9986224771
-17.2 287.5 2307.5 0.3819796443 -0.8573175669 -0.3451060355 0.5759709477 0.5128708482 -0.6365696788 0.7227371931 0.0443856083 0.6896962523
-102.5 159.0 2146.3 -0.5091191530 -0.8573175669 -0.0761858672 -0.8574796915 0.5128708482 -0.0411342308 0.0743386075 0.0443856083 -0.9962447882
262.7 262.4 2318.3 0.0406908728 0.5738772154 0.8179298043 -0.9954148531 0.0942045376 -0.0165754259 -0.0865649581 -0.8135050535 0.5750791430
273.8 -8.6 2294.7 -0.1163571328 0.5822597742 0.8046332002 -0.9559766650 0.1540767550 -0.2497379035 -0.2693876028 -0.7982693315 0.5386987925
-4.5 -112.0 2323.7 0.9967166781 0.0649707168 -0.0483189262 -0.0614732914 0.9956051707 0.0706499144 0.0526967458 -0.0674476251 0.9963302016
-30.3 -507.8 2350.5 0.9979969263 0.0398615636 -0.0491244718 -0.0369795114 0.9976173043 0.0582428686 0.0513290726 -0.0563096032 0.9970930815
178.1 -127.8 2329.1 0.9700655937 0.0011457567 0.2428403348 0.0093906019 0.9990639687 -0.0422260314 -0.2426614165 0.0432424396 0.9691467881
177.6 -525.0 2311.9 0.9714362621 -0.0148878805 0.2368332297 -0.0298870187 0.9824068546 0.1843461394 -0.2354111224 -0.1861587465 0.9539006948
28.6 379.7 2127.1 0 0 0 0 0 0 0 0 0
241.8 -271.4 2220.6 0 0 0 0 0 0 0 0 0
-42.0 -800.9 2367.1 0 0 0 0 0 0 0 0 0
183.3 -900.5 2383.0 0 0 0 0 0 0 0 0 0
78.6 490.3 2307.8 4 0.9792917371 -0.1998932064 -0.0321000330 0.2004742920 0.9795681834 0.0160059296 0.0282446947 -0.0221097060 0.9993565083
123.2 271.8 2312.7 0.9792917371 -0.1998932064 -0.0321000330 0.2004742920 0.9795681834 0.0160059296 0.0282446947 -0.0221097060 0.9993565083
105.0 74.0 2319.6 0.9952253103 0.0917429179 -0.0333144404 -0.0904595926 0.9951679707 0.0381800458 0.0366562158 -0.0349841379 0.9987154007
-16.8 284.6 2307.5 0.3791248798 -0.8648369908 -0.3291220665 0.5522646904 0.4968581200 -0.6694294214 0.7424742579 0.0720348284 0.6659901738
-100.7 162.4 2143.3 -0.4949747920 -0.8648369908 -0.0840056613 -0.8678300381 0.4968581200 -0.0017532361 0.0432551578 0.0720348284 -0.9964637160
263.2 259.1 2317.8 0.0405307524 0.5728113651 0.8186845183 -0.9954490662 0.0938735008 -0.0163988806 -0.0862462446 -0.8142940998 0.5740092993
274.2 -10.7 2294.5 -0.1329921037 0.5805549622 0.8032864332 -0.9542680979 0.1439405829 -0.2620180547 -0.2677413821 -0.8013969660 0.5348621011
-4.5 -112.5 2323.6 0.9969033003 0.0629982799 -0.0470639281 -0.0598811209 0.9960908890 0.0649399310 0.0509710535 -0.0619205870 0.9967787266
-29.6 -508.5 2348.2 0.9979825020 0.0425572433 -0.0471151397 -0.0394945592 0.9971597195 0.0641299337 0.0497105122 -0.0621397607 0.9968287349
178.0 -128.9 2330.6 0.9697198272 0.0022327071 0.2442100048 0.0096676257 0.9988234639 -0.0475204475 -0.2440287918 0.0484424494 0.9685572982
177.1 -526.0 2311.3 0.9712346196 -0.0152406748 0.2376363873 -0.0318573974 0.9806622863 0.1930973679 -0.2359839827 -0.1951133311 0.9519675970
27.0 386.3 2132.2 0 0 0 0 0 0 0 0 0
237.6 -273.1 2220.9 0 0 0 0 0 0 0 0 0
-42.1 -800.5 2366.4 0 0 0 0 0 0 0 0 0
182.9 -900.9 2385.9 0 0 0 0 0 0 0 0 0
77.8 490.4 2308.8 5 0.9785133004 -0.2035122663 -0.0330825374 0.2038202286 0.9789888263 0.0061838557 0.0311289430 -0.0127938753 0.9994335175
123.5 270.4 2311.6 0.9785133004 -0.2035122663 -0.0330825374 0.2038202286 0.9789888263 0.0061838557 0.0311289430 -0.0127938753 0.9994335175
104.8 72.7 2319.4 0.9949645400 0.0938803852 -0.0351012349 -0.0923660621 0.9948164821 0.0425283387 0.0389118642 -0.0390720256 0.9984784722
-16.5 283.4 2306.2 0.3833806515 -0.8622291684 -0.3310289383 0.5469768643 0.5007646680 -0.6708584428 0.7442013025 0.0761289597 0.6636028886
-100.1 164.1 2143.8 -0.5003364086 -0.8622291684 -0.0788945481 -0.8654412627 0.5007646680 0.0156901758 0.0259790774 0.0761289597 -0.9967594743
263.5 257.4 2317.1 0.0390871726 0.5745105743 0.8175633550 -0.9958593249 0.0896015987 -0.0153526198 -0.0820752308 -0.8135780096 0.5756340027
274.2 -14.1 2294.7 -0.1413410604 0.5821982026 0.8006671667 -0.9536882043 0.1368504316 -0.2678633332 -0.2655211985 -0.8014469147 0.5358930230
-4.6 -115.5 2323.2 0.9968798161 0.0616934076 -0.0492395312 -0.0585840940 0.9963383675 0.0622712784 0.0529009625 -0.0591923296 0.9968438745
-29.1 -511.7 2346.7 0.9978381991 0.0442330837 -0.0486036129 -0.0406443365 0.9965401888 0.0724960864 0.0516421795 -0.0703639016 0.9961836934
178.0 -132.1 2329.9 0.9702077508 0.0037586733 0.2422452271 0.0105114803 0.9982850552 -0.0575885326 -0.2420462370 0.0584191978 0.9685044289
176.5 -529.0 2306.7 0.9721152782 -0.0171579085 0.2338750362 -0.0357583463 0.9748110175 0.2201472670 -0.2317612320 -0.2223715037 0.9470151067
29.4 388.2 2137.1 0 0 0 0 0 0 0 0 0
235.3 -276.4 2221.7 0 0 0 0 0 0 0 0 0
-41.8 -798.6 2367.0 0 0 0 0 0 0 0 0 0
183.1 -901.6 2391.7 0 0 0 0 0 0 0 0 0
77.6 489.0 2301.8 6 0.9785048366 -0.2027374208 -0.0377600640 0.2040209472 0.9783779383 0.0339419506 0.0300623104 -0.0409162082 0.9987102151
123.1 269.4 2311.0 0.9785048366 -0.2027374208 -0.0377600640 0.2040209472 0.9783779383 0.0339419506 0.0300623104 -0.0409162082 0.9987102151
104.2 71.6 2318.9 0.9947049022 0.0953706428 -0.0382954553 -0.0936788395 0.9946393967 0.0437804908 0.0422655419 -0.0399611965 0.9983069301
-16.9 282.5 2305.0 0.3849182427 -0.8570755124 -0.3424317837 0.5552173853 0.5114049911 -0.6558952332 0.7372730374 0.0623419620 0.6727123260
-100.9 161.3 2144.0 -0.5114257336 -0.8570755124 -0.0621715449 -0.8591625690 0.5114049911 0.0174541418 0.0168353207 0.0623419620 -0.9979128242
263.1 256.2 2316.9 0.0400615185 0.5771170259 0.8156782389 -0.9956276417 0.0919971019 -0.0161911175 -0.0843842030 -0.8114631772 0.5782791972
274.1 -16.0 2293.8 -0.1449379921 0.5823411345 0.7999198437 -0.9565163255 0.1243544295 -0.2638417482 -0.2531194985 -0.8033770919 0.5389951468
-5.1 -116.6 2323.6 0.9966608882 0.0623638630 -0.0527055413 -0.0592498109 0.9965149760 0.0587140657 0.0561834984 -0.0553952157 0.9968825579
-29.9 -512.8 2345.6 0.9978467822 0.0404958427 -0.0515933372 -0.0364902876 0.9964135289 0.0763448998 0.0544999503 -0.0742978603 0.9957457185
177.5 -133.6 2330.7 0.9710137844 0.0008269538 0.2390219867 0.0120699080 0.9985486269 -0.0524880625 -0.2387184799 0.0538516045 0.9695944786
177.1 -530.6 2309.3 0.9727405906 -0.0155482553 0.2313742191 -0.0326845758 0.9785971045 0.2031734139 -0.2295811325 -0.2051973939 0.9514129162
31.6 383.9 2139.6 0 0 0 0 0 0 0 0 0
234.2 -279.0 2224.2 0 0 0 0 0 0 0 0 0
-41.4 -796.5 2366.8 0 0 0 0 0 0 0 0 0
183.1 -904.6 2387.7 0 0 0 0 0 0 0 0 0
77.6 491.1 2305.3 7 0.9917477965 -0.1265561879 -0.0204892717 0.1271554083 0.9913918972 0.0312028881 0.0163639802 -0.0335507169 0.9993030429
104.4 281.4 2312.4 0.9917477965 -0.1265561879 -0.0204892717 0.1271554083 0.9913918972 0.0312028881 0.0163639802 -0.0335507169 0.9993030429
98.3 83.2 2318.6 0.9993202090 0.0306072831 -0.0205498543 -0.0299307406 0.9990248084 0.0324596241 0.0215233136 -0.0318224840 0.9992617369
-36.0 285.6 2309.3 0.3032615185 -0.8699212074 -0.3889338374 0.6001259089 0.4913991094 -0.6311702132 0.7401900887 -0.0419996306 0.6710847020
-102.6 153.7 2146.7 -0.4931892753 -0.8699212074 0.0011840870 -0.8669630885 0.4913991094 -0.0830777884 0.0716892704 -0.0419996306 -0.9965423346
244.7 277.2 2315.4 0.0967183039 0.5554026365 0.8259379268 -0.9926163554 0.1148549169 0.0390022621 -0.0732010677 -0.8236117363 0.5624102950
273.1 -14.7 2293.9 -0.1440960318 0.5582548380 0.8170605302 -0.9564815164 0.1331363469 -0.2596493065 -0.2537309229 -0.8189177513 0.5147760510
-6.1 -117.5 2323.0 0.9976379871 0.0587695874 -0.0355608091 -0.0566081144 0.9966511726 0.0590080209 0.0389095992 -0.0568556115 0.9976239204
-29.4 -513.8 2345.6 0.9985561967 0.0412742049 -0.0343796872 -0.0384576470 0.9961399436 0.0789060667 0.0375037678 -0.0774699748 0.9962890744
176.5 -134.7 2330.7 0.9650681615 -0.0018962129 0.2619920075 0.0166350901 0.9983996153 -0.0540505722 -0.2614702284 0.0565207489 0.9635552764
177.2 -531.7 2308.2 0.9674797654 -0.0163364448 0.2524202168 -0.0378564559 0.9773218036 0.2083482742 -0.2500994503 -0.2111284882 0.9449206591
24.2 376.5 2128.2 0 0 0 0 0 0 0 0 0
233.5 -277.8 2224.1 0 0 0 0 0 0 0 0 0
-41.2 -797.2 2367.6 0 0 0 0 0 0 0 0 0
183.5 -905.3 2388.9 0 0 0 0 0 0 0 0 0
79.1 491.7 2307.0 8 0.9937435985 -0.1112161800 -0.0102269379 0.1114612818 0.9933809638 0.0277595483 0.0070719346 -0.0287257824 0.9995623231
102.6 282.3 2313.1 0.9937435985 -0.1112161800 -0.0102269379 0.1114612818 0.9933809638 0.0277595483 0.0070719346 -0.0287257824 0.9995623231
99.0 83.9 2319.0 0.9997860789 0.0179115199 -0.0103427721 -0.0175916236 0.9993880391 0.0302334987 0.0108779706 -0.0300450847 0.9994893670
-38.0 284.8 2311.5 0.2908382416 -0.8691959977 -0.3998892307 0.5861390233 0.4922080040 -0.6435621977 0.7562103868 -0.0472181812 0.6526226401
-101.4 157.0 2146.7 -0.4941495061 -0.8691959977 0.0177352224 -0.8680922389 0.4922080040 -0.0643982738 0.0472453050 -0.0472181812 -0.9977666736
243.1 279.9 2314.6 0.1111483127 0.5464400649 0.8300899267 -0.9919613004 0.1118400395 0.0591995418 -0.0604882874 -0.8299970031 0.5544782281
272.9 13.4 2298.4 -0.1167249903 0.5504724979 0.8266530633 -0.9624143243 0.1428206861 -0.2309997678 -0.2452221960 -0.8225461841 0.5131118894
0.7 -112.3 2322.8 0.9967966676 0.0759068429 -0.0251912717 -0.0741406158 0.9951349497 0.0648812205 0.0299936440 -0.0628056899 0.9975749850
-29.5 -507.9 2347.7 0.9987937808 0.0425092392 -0.0245755371 -0.0406172760 0.9965088964 0.0729404837 0.0275903866 -0.0718543157 0.9970334768
183.7 -117.7 2326.8 0.9619241953 0.0157769602 0.2728606462 -0.0036303070 0.9989820123 -0.0449636839 -0.2732922733 0.0422610864 0.9610022306
177.4 -514.9 2310.0 0.9629821181 -0.0150417257 0.2691453695 -0.0368190035 0.9817453027 0.1866024435 -0.2670390308 -0.1896044761 0.9448493719
26.1 380.9 2134.5 0 0 0 0 0 0 0 0 0
240.9 -251.2 2231.0 0 0 0 0 0 0 0 0 0
-41.8 -796.2 2368.5 0 0 0 0 0 0 0 0 0
183.1 -890.1 2382.4 0 0 0 0 0 0 0 0 0
78.7 489.1 2305.9 9 0.9926944375 -0.1206448823 -0.0016087494 0.1206285879 0.9921017885 0.0343917385 -0.0025531442 -0.0343345478 0.9994071126
103.9 282.2 2313.1 0.9926944375 -0.1206448823 -0.0016087494 0.1206285879 0.9921017885 0.0343917385 -0.0025531442 -0.0343345478 0.9994071126
98.9 83.7 2318.8 0.9996847510 0.0250715464 -0.0013476282 -0.0250220578 0.9992675781 0.0289510079 0.0020724877 -0.0289081614 0.9995799065
-36.7 285.7 2312.8 0.2935536504 -0.8569016457 -0.4237285256 0.5905209184 0.5111220479 -0.6245312691 0.7517388463 -0.0668871254 0.6560600996
-101.6 155.2 2146.6 -0.5136902332 -0.8569016457 0.0429179408 -0.8575105667 0.5111220479 -0.0585655272 0.0282485895 -0.0668871254 -0.9973605871
244.5 278.7 2313.4 0.1091091707 0.5399854779 0.8345722556 -0.9923053980 0.1086005270 0.0594638847 -0.0585253574 -0.8346385956 0.5476797819
273.7 13.1 2297.7 -0.0941571370 0.5463810563 0.8322272301 -0.9621496201 0.1647957265 -0.2170494944 -0.2557392120 -0.8211638927 0.5101835728
3.8 -113.0 2323.9 0.9962632060 0.0847930536 -0.0164251104 -0.0837097242 0.9947936535 0.0581225976 0.0212679878 -0.0565304644 0.9981743097
-29.9 -508.5 2346.3 0.9990069270 0.0420289412 -0.0147892218 -0.0407659933 0.9961765409 0.0772683546 0.0179801844 -0.0765887275 0.9969006181
187.0 -116.2 2325.9 0.9594403505 0.0256013200 0.2807467580 -0.0102037853 0.9983690381 -0.0561703444 -0.2817268968 0.0510274172 0.9581367970
176.9 -513.1 2305.6 0.9603794813 -0.0172140729 0.2781634331 -0.0394074880 0.9796746373 0.1966841370 -0.2758953869 -0.1998531371 0.9401810765
31.2 376.9 2139.3 0 0 0 0 0 0 0 0 0
247.8 -251.4 2227.4 0 0 0 0 0 0 0 0 0
-42.1 -797.4 2368.5 0 0 0 0 0 0 0 0 0
183.4 -887.6 2382.0 0 0 0 0 0 0 0 0 0
77.5 487.3 2299.8 0 0.9859032631 -0.1664153337 -0.0173397455 0.1671341211 0.9843614101 0.0556668900 0.0078047528 -0.0577802323 0.9982988238
113.2 276.6 2312.2 0.9859032631 -0.1664153337 -0.0173397455 0.1671341211 0.9843614101 0.0556668900 0.0078047528 -0.0577802323 0.9982988238
102.3 78.3 2317.5 0.9983785152 0.0546946004 -0.0157743115 -0.0542408153 0.9981383681 0.0278880261 0.0172702689 -0.0269871950 0.9994865656
-27.2 284.2 2309.8 0.3336866796 -0.8525660038 -0.4022242725 0.5865496993 0.5218013525 -0.6194213033 0.7379787564 -0.0292318910 0.6741905212
-101.5 153.7 2145.5 -0.5223354101 -0.8525660038 0.0172305964 -0.8526126742 0.5218013525 -0.0278381761 0.0147429341 -0.0292318910 -0.9994639158
253.5 269.0 2314.6 0.0785881132 0.5551770329 0.8280110955 -0.9946785569 0.0991743803 0.0279109515 -0.0666219667 -0.8257983327 0.5600165725
273.9 11.0 2297.4 -0.0689727068 0.5637521744 0.8230590820 -0.9599784017 0.1869802177 -0.2085182220 -0.2714483738 -0.8045009971 0.5282933712
2.3 -112.6 2324.3 0.9963310957 0.0799551755 -0.0305206161 -0.0783060715 0.9955793023 0.0518649407 0.0345325656 -0.0492847040 0.9981876016
-29.5 -508.4 2343.9 0.9987335205 0.0420714431 -0.0275928713 -0.0394960307 0.9953340888 0.0880347267 0.0311678723 -0.0868334249 0.9957351685
185.6 -117.2 2324.7 0.9639914036 0.0224694218 0.2649824619 -0.0101085100 0.9988000393 -0.0479199328 -0.2657412291 0.0435158275 0.9630617499
176.7 -514.2 2307.4 0.9648000598 -0.0162062161 0.2624846697 -0.0370232239 0.9797889590 0.1965778768 -0.2603653669 -0.1993763894 0.9447004199
33.7 374.4 2141.7 0 0 0 0 0 0 0 0 0
255.0 -252.9 2222.7 0 0 0 0 0 0 0 0 0
-41.7 -796.4 2369.0 0 0 0 0 0 0 0 0 0
182.9 -888.8 2383.6 0 0 0 0 0 0 0 0 0
77.6 490.3 2304.8 1 0.9844840169 -0.1737191826 -0.0247551613 0.1743783504 0.9842931628 0.0275539495 0.0195796844 -0.0314431861 0.9993137717
115.7 274.6 2311.7 0.9844840169 -0.1737191826 -0.0247551613 0.1743783504 0.9842931628 0.0275539495 0.0195796844 -0.0314431861 0.9993137717
103.5 76.3 2317.6 0.9978174567 0.0611228980 -0.0249869060 -0.0603221841 0.9976775646 0.0316332355 0.0268623903 -0.0300569274 0.9991871715
-24.7 283.1 2307.9 0.3469565511 -0.8500735760 -0.3962272406 0.5862625241 0.5263346434 -0.6158474684 0.7320637703 -0.0186208747 0.6809815764
-101.6 153.0 2145.5 -0.5265339017 -0.8500735760 0.0117010996 -0.8501179218 0.5263346434 -0.0164729375 0.0078445161 -0.0186208747 -0.9997958541
256.1 266.1 2315.5 0.0696426705 0.5629002452 0.8235855699 -0.9947486520 0.1012559906 0.0149103329 -0.0749999434 -0.8202990890 0.5669959784
274.9 -3.7 2295.1 -0.0678269789 0.5718998313 0.8175145984 -0.9575287700 0.1928501427 -0.2143536806 -0.2802466452 -0.7973327041 0.5345301032
-0.1 -115.0 2321.2 0.9965044260 0.0737177581 -0.0393019170 -0.0713297799 0.9957036376 0.0590454303 0.0434857570 -0.0560356341 0.9974813461
-29.4 -510.9 2343.5 0.9983863831 0.0432383828 -0.0368121043 -0.0396840610 0.9949359894 0.0923446044 0.0406185202 -0.0907347426 0.9950463772
182.9 -124.9 2324.4 0.9666211605 0.0146412095 0.2557911575 -0.0050032381 0.9992541671 -0.0382892564 -0.2561610043 0.0357314199 0.9659734964
177.1 -522.2 2310.2 0.9674235582 -0.0150803123 0.2527137399 -0.0325461514 0.9825326204 0.1832223833 -0.2510625422 -0.1854785085 0.9500343800
34.7 373.2 2143.5 0 0 0 0 0 0 0 0 0
256.3 -266.9 2218.1 0 0 0 0 0 0 0 0 0
-41.7 -793.6 2369.3 0 0 0 0 0 0 0 0 0
182.9 -897.8 2381.1 0 0 0 0 0 0 0 0 0
76.1 491.0 2300.3 2 0.9832979441 -0.1797850430 -0.0283278748 0.1809002161 0.9825373888 0.0435358509 0.0200061016 -0.0479332283 0.9986501932
115.9 273.8 2310.9 0.9832979441 -0.1797850430 -0.0283278748 0.1809002161 0.9825373888 0.0435358509 0.0200061016 -0.0479332283 0.9986501932
103.7 75.5 2317.8 0.9977371693 0.0611634031 -0.0279202629 -0.0601218902 0.9975149632 0.0367319286 0.0300975293 -0.0349701904 0.9989350438
-24.5 282.2 2306.7 0.3480025828 -0.8573769331 -0.3792083859 0.5678468943 0.5146231651 -0.6424273252 0.7459518313 0.0082340799 0.6659490466
-100.7 157.8 2143.3 -0.5145382881 -0.8573769331 -0.0124549763 -0.8574032784 0.5146231651 -0.0047515566 0.0104834940 0.0082340799 -0.9999111295
256.3 265.3 2315.1 0.0680450872 0.5651316047 0.8221898079 -0.9949368834 0.0995317250 0.0139287068 -0.0739624202 -0.8189747930 0.5690429211
274.9 -7.1 2294.9 -0.0627837405 0.5736017227 0.8167247176 -0.9593927860 0.1907988787 -0.2077527940 -0.2749975324 -0.7966033220 0.5383303165
-0.1 -116.4 2321.1 0.9963588119 0.0738788843 -0.0425566174 -0.0712753385 0.9956653714 0.0597519055 0.0467865579 -0.0565010980 0.9973056912
-29.5 -512.3 2343.6 0.9981170297 0.0465556756 -0.0399363935 -0.0426033773 0.9945963025 0.0946742073 0.0441282094 -0.0927945152 0.9947069287
182.9 -127.5 2326.0 0.9674189091 0.0145237111 0.2527640760 -0.0028062640 0.9989070892 -0.0466561764 -0.2531654537 0.0444267429 0.9664023519
177.1 -524.6 2308.4 0.9683777690 -0.0163617004 0.2489513904 -0.0329320580 0.9807332158 0.1925562024 -0.2473054379 -0.1946656257 0.9491813779
32.7 380.2 2140.5 0 0 0 0 0 0 0 0 0
257.6 -270.9 2219.3 0 0 0 0 0 0 0 0 0
-42.7 -794.9 2369.9 0 0 0 0 0 0 0 0 0
183.4 -899.5 2382.8 0 0 0 0 0 0 0 0 0
77.0 488.6 2297.5 3 0.9838502407 -0.1754000932 -0.0356861502 0.1771615446 0.9826826453 0.0543012321 0.0255437195 -0.0597464964 0.9978867173
115.4 273.4 2310.6 0.9838502407 -0.1754000932 -0.0356861502 0.1771615446 0.9826826453 0.0543012321 0.0255437195 -0.0597464964 0.9978867173
103.2 75.1 2318.3 0.9974741936 0.0618484728 -0.0349287838 -0.0604003742 0.9973279238 0.0410949327 0.0373771116 -0.0388814248 0.9985445142
-24.9 281.9 2305.4 0.3439863026 -0.8607248068 -0.3752681911 0.5531886220 0.5087032914 -0.6596994400 0.7587198019 0.0193334669 0.6511301398
-99.7 161.6 2140.5 -0.5088529587 -0.8607248068 -0.0148819266 -0.8608465195 0.5087032914 0.0128178718 -0.0034621756 0.0193334669 -0.9998071194
255.8 264.9 2315.9 0.0702879801 0.5706906319 0.8181514144 -0.9949477315 0.0990477055 0.0163872652 -0.0716839656 -0.8151697516 0.5747692585
275.1 -8.0 2296.2 -0.0678740367 0.5795800090 0.8120837808 -0.9579881430 0.1894830167 -0.2153017819 -0.2786606848 -0.7925800681 0.5423698425
0.0 -117.3 2322.0 0.9951681495 0.0849767476 -0.0491861664 -0.0815149173 0.9943111539 0.0685614645 0.0547324829 -0.0642207786 0.9964336753
-33.8 -512.6 2347.5 0.9983513355 0.0312217698 -0.0481645130 -0.0272780582 0.9963837266 0.0804695785 0.0505027398 -0.0790230781 0.9955927134
183.1 -128.3 2327.5 0.9691765308 0.0156075787 0.2458724082 -0.0041499468 0.9988839626 -0.0470493212 -0.2463323176 0.0445787385 0.9681596756
176.9 -525.4 2309.8 0.9699382186 -0.0149073936 0.2428943068 -0.0308230296 0.9825573564 0.1833875924 -0.2413914204 -0.1853613704 0.9525604248
32.5 385.2 2141.4 0 0 0 0 0 0 0 0 0
256.4 -271.5 2219.6 0 0 0 0 0 0 0 0 0
-42.6 -795.5 2370.0 0 0 0 0 0 0 0 0 0
182.6 -901.1 2380.7 0 0 0 0 0 0 0 0 0
69.6 493.3 2303.2 4 0.9784285426 -0.2020669580 -0.0429712348 0.2031189650 0.9789142609 0.0216696281 0.0376864374 -0.0299304556 0.9988412857
115.2 272.3 2309.9 0.9784285426 -0.2020669580 -0.0429712348 0.2031189650 0.9789142609 0.0216696281 0.0376864374 -0.0299304556 0.9988412857
99.4 74.4 2318.6 0.9958444238 0.0794162303 -0.0445751958 -0.0772928596 0.9958765507 0.0474948958 0.0481632575 -0.0438521840 0.9978764057
-24.9 283.2 2303.1 0.3518683016 -0.8663578033 -0.3544189930 0.5693453550 0.4986269474 -0.6536183953 0.7429902554 0.0282008033 0.6687078476
-102.5 157.5 2139.1 -0.4983339310 -0.8663578033 -0.0329760425 -0.8668163419 0.4986269474 -0.0007693032 0.0171092357 0.0282008033 -0.9994558692
255.4 261.5 2316.7 0.0701014027 0.5798745155 0.8116842508 -0.9950248003 0.0983918086 0.0156436823 -0.0707917139 -0.8087425828 0.5838869214
274.5 -10.3 2297.4 -0.1278926283 0.5894955397 0.7975829244 -0.9490549564 0.1607742161 -0.2710098326 -0.2879898548 -0.7916101813 0.5389018059
-0.7 -117.6 2322.6 0.9944064617 0.0875629112 -0.0590637624 -0.0835317299 0.9942109585 0.0675797239 0.0646393150 -0.0622680150 0.9959641099
-35.5 -512.9 2347.4 0.9979879260 0.0246212985 -0.0584288687 -0.0202193391 0.9969958663 0.0747691616 0.0600942522 -0.0734373257 0.9954876304
182.4 -128.7 2329.5 0.9719582796 0.0147296833 0.2346916199 -0.0012967881 0.9983568192 -0.0572881810 -0.2351498306 0.0553773753 0.9703803062
176.5 -525.6 2307.5 0.9729619026 -0.0162105523 0.2303959727 -0.0323369838 0.9781476855 0.2053810656 -0.2286906391 -0.2072782665 0.9511762857
27.0 382.8 2134.7 0 0 0 0 0 0 0 0 0
239.4 -270.8 2218.3 0 0 0 0 0 0 0 0 0
-42.5 -797.0 2368.3 0 0 0 0 0 0 0 0 0
182.7 -899.5 2386.7 0 0 0 0 0 0 0 0 0
65.0 494.9 2299.0 5 0.9729322791 -0.2246627510 -0.0541240685 0.2266876847 0.9733504057 0.0346645117 0.0448938608 -0.0459954850 0.9979323149
116.6 271.3 2309.5 0.9729322791 -0.2246627510 -0.0541240685 0.2266876847 0.9733504057 0.0346645117 0.0448938608 -0.0459954850 0.9979323149
98.2 73.6 2318.4 0.9941871166 0.0924631879 -0.0551595837 -0.0897328854 0.9947059751 0.0500802472 0.0594981462 -0.0448395051 0.9972208142
-23.3 284.0 2301.2 0.3557393849 -0.8605855703 -0.3644749522 0.5680238008 0.5087817311 -0.6469080448 0.7421579361 0.0231002104 0.6698268056
-101.7 158.8 2137.7 -0.5089756250 -0.8605855703 -0.0183392912 -0.8607755899 0.5087817311 0.0143704265 -0.0030362846 0.0231002104 -0.9997285604
256.4 258.7 2317.9 0.0605705269 0.5898860693 0.8052115440 -0.9956375957 0.0930625498 0.0067187212 -0.0709717646 -0.8021058440 0.5929495692
272.9 -11.7 2298.6 -0.1323745996 0.5993653536 0.7894543409 -0.9491493106 0.1528755873 -0.2752174437 -0.2856440842 -0.7857418060 0.5486503839
-7.7 -116.5 2322.9 0.9952315688 0.0679495856 -0.0699784160 -0.0635576174 0.9959759116 0.0631852075 0.0739902258 -0.0584362485 0.9955453873
-34.7 -512.4 2346.1 0.9973094463 0.0253450014 -0.0687858313 -0.0197736602 0.9965583682 0.0805008188 0.0705893934 -0.0789240822 0.9943782687
175.0 -130.7 2331.7 0.9748298526 -0.0027917109 0.2229325324 0.0184918121 0.9974887371 -0.0683689862 -0.2221818268 0.0707705542 0.9724334478
176.1 -527.2 2303.6 0.9772247672 -0.0186573025 0.2113851458 -0.0334212370 0.9701642990 0.2401337475 -0.2095585763 -0.2417293936 0.9474450350
30.4 382.3 2138.5 0 0 0 0 0 0 0 0 0
236.5 -272.6 2220.1 0 0 0 0 0 0 0 0 0
-42.0 -798.8 2368.8 0 0 0 0 0 0 0 0 0
183.2 -897.8 2395.9 0 0 0 0 0 0 0 0 0
62.5 495.1 2303.9 6 0.9682307839 -0.2437359542 -0.0558738820 0.2446417660 0.9695631266 0.0098847207 0.0517639965 -0.0232397765 0.9983888865
118.8 271.2 2309.2 0.9682307839 -0.2437359542 -0.0558738820 0.2446417660 0.9695631266 0.0098847207 0.0517639965 -0.0232397765 0.9983888865
102.1 73.4 2318.5 0.9946933389 0.0840944946 -0.0592725687 -0.0810695887 0.9953657985 0.0517170727 0.0633470118 -0.0466374271 0.9969012737
-21.2 282.6 2300.3 0.3628145456 -0.8528690934 -0.3754729331 0.5691590309 0.5218536258 -0.6353950500 0.7378506660 0.0168267656 0.6747542024
-101.7 156.3 2136.6 -0.5220705271 -0.8528690934 -0.0075283628 -0.8528021574 0.5218536258 0.0199332479 -0.0130717484 0.0168267656 -0.9997729659
258.8 259.8 2318.2 0.0417668745 0.5925692916 0.8044359088 -0.9961598516 0.0867060572 -0.0121487193 -0.0769484267 -0.8008393645 0.5939151645
270.3 -15.0 2296.9 -0.1302996725 0.6014171243 0.7882381678 -0.9528348446 0.1438251883 -0.2672453821 -0.2740944624 -0.7858827710 0.5543108582
-11.4 -115.9 2321.8 0.9956941009 0.0556669906 -0.0741243586 -0.0508043580 0.9965290427 0.0659455433 0.0775380656 -0.0618957505 0.9950662255
-33.5 -512.0 2346.5 0.9968635440 0.0294929259 -0.0734389946 -0.0237325467 0.9966621399 0.0781107321 0.0754975826 -0.0761228427 0.9942361116
171.0 -132.3 2332.8 0.9754160047 -0.0124717504 0.2200183868 0.0292058531 0.9969064593 -0.0729697496 -0.2184276879 0.0776016861 0.9727627039
175.9 -528.6 2301.9 0.9786574244 -0.0191666856 0.2046027333 -0.0329232439 0.9681560397 0.2481732219 -0.2028440386 -0.2496127486 0.9468620420
33.7 377.5 2139.9 0 0 0 0 0 0 0 0 0
234.5 -276.9 2221.6 0 0 0 0 0 0 0 0 0
-42.0 -796.4 2368.2 0 0 0 0 0 0 0 0 0
183.3 -898.6 2397.3 0 0 0 0 0 0 0 0 0
60.6 496.7 2305.8 7 0.9676362276 -0.2465281934 -0.0538885705 0.2469315827 0.9690325260 0.0008555722 0.0520088561 -0.0141346725 0.9985466003
117.9 271.7 2309.1 0.9676362276 -0.2465281934 -0.0538885705 0.2469315827 0.9690325260 0.0008555722 0.0520088561 -0.0141346725 0.9985466003
103.8 73.6 2317.4 0.9958011508 0.0708826035 -0.0579289198 -0.0682596117 0.9966033101 0.0460708030 0.0609977692 -0.0419231541 0.9972571135
-22.3 281.3 2300.5 0.3697009087 -0.8446747661 -0.3870992064 0.5693695545 0.5351808071 -0.6240190268 0.7342612147 0.0102978954 0.6787889600
-104.6 154.4 2136.9 -0.5352779627 -0.8446747661 -0.0014324185 -0.8445668817 0.5351808071 0.0169783235 -0.0135745574 0.0102978954 -0.9998548031
258.0 262.1 2317.7 0.0518449359 0.5902360082 0.8055641055 -0.9959970713 0.0893751159 -0.0013841337 -0.0728143528 -0.8022677302 0.5925070047
272.4 -14.5 2297.5 -0.1407573670 0.5975204706 0.7894027233 -0.9529774189 0.1343619823 -0.2716263831 -0.2683680356 -0.7905163765 0.5505110621
-5.9 -117.1 2322.0 0.9951664209 0.0656355098 -0.0730462596 -0.0614062324 0.9963845015 0.0587132014 0.0766358301 -0.0539439134 0.9955987930
-32.0 -513.2 2343.4 0.9968863726 0.0342651792 -0.0710176826 -0.0278843865 0.9956440330 0.0889687911 0.0737568587 -0.0867114887 0.9934993982
176.6 -131.9 2333.6 0.9748413563 0.0012969725 0.2228961587 0.0151273804 0.9972925782 -0.0719629079 -0.2223860323 0.0735242516 0.9721823931
176.1 -528.4 2304.3 0.9769210815 -0.0179858189 0.2128418982 -0.0329022333 0.9718852043 0.2331450433 -0.2110511959 -0.2347672880 0.9488633871
34.8 374.5 2140.4 0 0 0 0 0 0 0 0 0
233.7 -276.5 2223.7 0 0 0 0 0 0 0 0 0
-41.8 -799.4 2368.3 0 0 0 0 0 0 0 0 0
183.0 -899.8 2394.1 0 0 0 0 0 0 0 0 0
60.8 497.2 2307.3 8 0.9686155915 -0.2405086458 -0.0627649054 0.2407124341 0.9705864787 -0.0044073393 0.0619787686 -0.0108392751 0.9980186224
116.7 272.0 2309.8 0.9686155915 -0.2405086458 -0.0627649054 0.2407124341 0.9705864787 -0.0044073393 0.0619787686 -0.0108392751 0.9980186224
103.4 73.8 2317.5 0.9955155849 0.0668243095 -0.0669567883 -0.0640275925 0.9970178008 0.0430809148 0.0696359575 -0.0386006385 0.9968253970
-23.4 281.0 2300.0 0.3731172681 -0.8405874372 -0.3926783502 0.5744745731 0.5416653156 -0.6136592031 0.7285344601 0.0033831210 0.6850007772
-106.0 154.0 2138.9 -0.5416544676 -0.8405874372 0.0048184977 -0.8404822350 0.5416653156 0.0137227383 -0.0141451741 0.0033831210 -0.9998942018
256.7 263.0 2319.6 0.0616937727 0.5965142846 0.8002278209 -0.9949024916 0.1008298323 0.0015406299 -0.0797678307 -0.7962437272 0.5996941328
273.8 -12.2 2297.6 -0.1443196982 0.6006701589 0.7863632441 -0.9539028406 0.1268714368 -0.2719797194 -0.2631371319 -0.7893661857 0.5546709299
-1.7 -118.3 2320.2 0.9933223724 0.0831749290 -0.0799535289 -0.0763130710 0.9934237599 0.0853554159 0.0865271688 -0.0786839426 0.9931374192
-34.7 -513.1 2351.4 0.9962569475 0.0270195436 -0.0821102634 -0.0221845061 0.9979974031 0.0592370257 0.0835463852 -0.0571937226 0.9948612452
181.0 -130.8 2331.4 0.9766178727 0.0127455089 0.2146045864 0.0029729374 0.9973449111 -0.0727621540 -0.2149621844 0.0716988221 0.9739869237
176.0 -527.3 2302.9 0.9777957797 -0.0172513817 0.2088487297 -0.0306647308 0.9740996957 0.2240301371 -0.2073043138 -0.2254600078 0.9519415498
35.9 374.2 2142.6 0 0 0 0 0 0 0 0 0
234.1 -274.5 2225.2 0 0 0 0 0 0 0 0 0
-42.4 -797.6 2367.7 0 0 0 0 0 0 0 0 0
182.6 -899.6 2389.0 0 0 0 0 0 0 0 0 0
62.3 495.0 2308.5 9 0.9695137143 -0.2356776446 -0.0670759231 0.2355975360 0.9718070030 -0.0092155291 0.0673567504 -0.0068683415 0.9977053404
116.6 271.2 2310.1 0.9695137143 -0.2356776446 -0.0670759231 0.2355975360 0.9718070030 -0.0092155291 0.0673567504 -0.0068683415 0.9977053404
100.3 73.2 2317.9 0.9940797091 0.0819804668 -0.0713074282 -0.0789030641 0.9958680272 0.0449573584 0.0746984109 -0.0390648246 0.9964407086
-23.3 282.3 2299.6 0.3659604788 -0.8563625813 -0.3643021286 0.5801679492 0.5160154104 -0.6301850677 0.7276524305 0.0192664042 0.6856753826
-104.0 154.3 2139.1 -0.5155493617 -0.8563625813 -0.0291883051 -0.8565070629 0.5160154104 -0.0111213140 0.0245854929 0.0192664042 -0.9995120764
256.5 260.1 2320.6 0.0626926646 0.6011521220 0.7966716886 -0.9944012165 0.1056598499 -0.0014761179 -0.0850635841 -0.7921187878 0.6044104695
273.4 -8.7 2297.6 -0.1278611720 0.6054178476 0.7855703235 -0.9560666680 0.1354354769 -0.2599880099 -0.2637954652 -0.7842999697 0.5615028739
-1.2 -118.5 2318.8 0.9926217794 0.0885151699 -0.0828680769 -0.0804830641 0.9921504259 0.0957078338 0.0906891972 -0.0883321986 0.9919540882
-36.4 -512.9 2353.9 0.9959234595 0.0248137526 -0.0867221430 -0.0203930512 0.9984650016 0.0514948666 0.0878668055 -0.0495164134 0.9949007630
181.4 -130.3 2331.6 0.9778803587 0.0132613294 0.2087442577 0.0009291771 0.9977028370 -0.0677359477 -0.2091630101 0.0664316118 0.9756217003
176.1 -526.9 2305.1 0.9786933661 -0.0153927375 0.2047495842 -0.0264653899 0.9794110656 0.2001338452 -0.2036146075 -0.2012884319 0.9581357241
30.9 378.4 2132.6 0 0 0 0 0 0 0 0 0
238.3 -271.7 2225.1 0 0 0 0 0 0 0 0 0
-43.6 -802.0 2368.2 0 0 0 0 0 0 0 0 0
182.0 -901.2 2382.1 0 0 0 0 0 0 0 0 0
62.8 495.6 2308.7 0 0.9712364078 -0.2290177494 -0.0651973486 0.2288559228 0.9734085202 -0.0100406194 0.0657631382 -0.0051689842 0.9978218675
115.8 270.7 2309.9 0.9712364078 -0.2290177494 -0.0651973486 0.2288559228 0.9734085202 -0.0100406194 0.0657631382 -0.0051689842 0.9978218675
98.3 72.9 2318.9 0.9937012196 0.0878113955 -0.0696206465 -0.0843182579 0.9951007366 0.0516230613 0.0738126487 -0.0454276092 0.9962369204
-24.1 282.6 2299.5 0.3695209026 -0.8605578542 -0.3505630791 0.5787144303 0.5082964301 -0.6377494335 0.7270102501 0.0327858366 0.6858434081
-105.5 155.1 2139.4 -0.5071355104 -0.8605578542 -0.0474734828 -0.8610343933 0.5082964301 -0.0159532614 0.0378593057 0.0327858366 -0.9987450838
255.6 258.8 2320.2 0.0598980710 0.6002438664 0.7975710034 -0.9945875406 0.1038442329 -0.0034579791 -0.0848987773 -0.7930470705 0.6032151580
272.0 -12.8 2297.1 -0.1239908189 0.6059398055 0.7857882380 -0.9544481635 0.1437600553 -0.2614607215 -0.2713944316 -0.7824128866 0.5605132580
-7.2 -117.5 2318.8 0.9944120049 0.0657142401 -0.0826222226 -0.0590318702 0.9949746728 0.0808742195 0.0875216126 -0.0755449533 0.9932940006
-33.3 -512.9 2348.8 0.9959722161 0.0327263288 -0.0834762231 -0.0270858612 0.9973291755 0.0678295866 0.0854730830 -0.0652953610 0.9941986203
175.2 -131.9 2332.5 0.9777621627 -0.0024466985 0.2097025961 0.0166720711 0.9976740479 -0.0660950914 -0.2090531290 0.0681214556 0.9755287170
176.2 -528.6 2305.4 0.9794277549 -0.0159213226 0.2011660635 -0.0266562365 0.9779392481 0.2071817815 -0.2000267953 -0.2082819194 0.9573964477
27.7 381.1 2129.4 0 0 0 0 0 0 0 0 0
237.9 -275.3 2222.4 0 0 0 0 0 0 0 0 0
-42.8 -802.0 2367.7 0 0 0 0 0 0 0 0 0
182.3 -902.4 2385.0 0 0 0 0 0 0 0 0 0
61.2 498.6 2308.7 1 0.9718928933 -0.2270565480 -0.0622059405 0.2269466668 0.9738663435 -0.0089199394 0.0626056045 -0.0054482054 0.9980234504
114.3 270.8 2310.0 0.9718928933 -0.2270565480 -0.0622059405 0.2269466668 0.9738663435 -0.0089199394 0.0626056045 -0.0054482054 0.9980234504
97.7 72.8 2317.6 0.9943005443 0.0836976767 -0.0660390183 -0.0809152648 0.9957606196 0.0437432453 0.0694202632 -0.0381503664 0.9968577623
-25.6 282.2 2300.2 0.3635090888 -0.8651979566 -0.3453890383 0.5743671656 0.5000473857 -0.6481164694 0.7334599495 0.0372161195 0.6787130833
-104.7 157.1 2140.6 -0.4977512956 -0.8651979566 -0.0606308430 -0.8654553890 0.5000473857 -0.0306521952 0.0568385161 0.0372161195 -0.9976894855
254.3 259.4 2319.8 0.0599692054 0.5970920920 0.7999279499 -0.9941600561 0.1077540964 -0.0059006973 -0.0897187740 -0.7949025631 0.6000670791
270.7 -12.5 2295.2 -0.1306384951 0.6008834839 0.7885890007 -0.9561588168 0.1339137852 -0.2604369819 -0.2620952129 -0.7880393863 0.5570457578
-10.3 -117.2 2321.1 0.9952767491 0.0551425703 -0.0798965469 -0.0503751151 0.9968958497 0.0605059676 0.0829849914 -0.0561953858 0.9949651361
-32.2 -513.4 2343.5 0.9964175820 0.0317888558 -0.0783675388 -0.0248815864 0.9958456755 0.0875916481 0.0808264166 -0.0853279531 0.9930691123
172.0 -132.7 2334.7 0.9768626094 -0.0109066758 0.2135894001 0.0250378847 0.9976633787 -0.0635676831 -0.2123970091 0.0674447268 0.9748531580
176.4 -529.3 2307.9 0.9789131284 -0.0148403216 0.2037372887 -0.0253166296 0.9808549881 0.1930868179 -0.2027022094 -0.1941731572 0.9597961307
26.5 385.3 2125.6 0 0 0 0 0 0 0 0 0
234.7 -275.5 2223.1 0 0 0 0 0 0 0 0 0
-41.4 -799.0 2367.9 0 0 0 0 0 0 0 0 0
182.0 -904.2 2382.1 0 0 0 0 0 0 0 0 0
62.0 499.3 2308.8 2 0.9724663496 -0.2240961194 -0.0639543533 0.2241649330 0.9745315909 -0.0061902124 0.0637127385 -0.0083165504 0.9979336262
114.8 270.0 2310.7 0.9724663496 -0.2240961194 -0.0639543533 0.2241649330 0.9745315909 -0.0061902124 0.0637127385 -0.0083165504 0.9979336262
99.4 71.9 2316.8 0.9947393537 0.0774014145 -0.0671016872 -0.0751050264 0.9965220094 0.0360987075 0.0696623996 -0.0308691300 0.9970929027
-25.2 280.6 2300.9 0.3710216880 -0.8578246832 -0.3556398451 0.5774919987 0.5130522251 -0.6350436211 0.7272179127 0.0302358065 0.6857404113
-106.5 154.1 2141.6 -0.5116257668 -0.8578246832 -0.0487427190 -0.8580585122 0.5130522251 -0.0226499476 0.0444372445 0.0302358065 -0.9985545278
254.8 259.4 2320.5 0.0589928553 0.5975418687 0.7996646762 -0.9940013289 0.1090629026 -0.0081667621 -0.0920937285 -0.7943859100 0.6003913283
270.9 -12.1 2295.4 -0.1374661177 0.6003819704 0.7878099680 -0.9558906555 0.1280185580 -0.2643564045 -0.2595691085 -0.7894002199 0.5563012958
-10.2 -117.7 2318.8 0.9952321649 0.0548648871 -0.0806401446 -0.0500187837 0.9968876839 0.0609352663 0.0837323740 -0.0566112138 0.9948788881
-32.0 -514.0 2341.3 0.9962709546 0.0355954543 -0.0785950124 -0.0278866757 0.9948849678 0.0970888063 0.0816489235 -0.0945350081 0.9921675920
172.3 -132.5 2331.5 0.9769929051 -0.0103029516 0.2130227983 0.0225234125 0.9982311726 -0.0550198741 -0.2120791227 0.0585520267 0.9754968286
176.4 -529.4 2308.2 0.9788806438 -0.0148319397 0.2038938701 -0.0253367964 0.9808731079 0.1929923147 -0.2028564513 -0.1940824687 0.9597818851
29.0 381.3 2129.8 0 0 0 0 0 0 0 0 0
233.1 -275.0 2224.0 0 0 0 0 0 0 0 0 0
-42.2 -799.6 2368.4 0 0 0 0 0 0 0 0 0
182.1 -904.4 2382.4 0 0 0 0 0 0 0 0 0
60.8 495.9 2301.3 3 0.9708801508 -0.2298999727 -0.0673627332 0.2320595831 0.9723511934 0.0261055045 0.0594985820 -0.0409774855 0.9973869920
114.6 268.7 2310.8 0.9708801508 -0.2298999727 -0.0673627332 0.2320595831 0.9723511934 0.0261055045 0.0594985820 -0.0409774855 0.9973869920
97.9 70.7 2316.4 0.9941568971 0.0839020684 -0.0679154396 -0.0817724094 0.9960859418 0.0335574672 0.0704651549 -0.0278077759 0.9971265793
-25.4 280.2 2300.9 0.3604248762 -0.8545128107 -0.3740344942 0.5875805020 0.5194160938 -0.6204482913 0.7244605422 0.0038496458 0.6893054843
-104.8 150.6 2141.2 -0.5191810727 -0.8545128107 -0.0160906259 -0.8543088436 0.5194160938 -0.0190621708 0.0246465988 0.0038496458 -0.9996888041
254.5 257.2 2320.8 0.0669713020 0.5989678502 0.7979676127 -0.9940077662 0.1093009859 0.0013812765 -0.0863913074 -0.7932785153 0.6026987433
272.8 -14.5 2297.1 -0.1516483277 0.6028321385 0.7833237648 -0.9491419792 0.1324113607 -0.2856515050 -0.2759208679 -0.7868040204 0.5520933270
-7.3 -119.3 2316.6 0.9949444532 0.0597207509 -0.0807398781 -0.0543174073 0.9962368608 0.0675404444 0.0844696090 -0.0628134087 0.9944442511
-31.0 -515.4 2341.6 0.9960926175 0.0397087596 -0.0788839534 -0.0319042243 0.9946901798 0.0978443846 0.0823503733 -0.0949453413 0.9920704365
175.3 -133.1 2329.4 0.9773495793 -0.0026889835 0.2116141915 0.0142783104 0.9984787107 -0.0532573350 -0.2111490667 0.0550725274 0.9759011865
176.3 -530.1 2307.5 0.9788216949 -0.0153328311 0.2041395605 -0.0262650680 0.9795436263 0.1995105445 -0.2030226588 -0.2006469965 0.9583958387
32.2 376.2 2134.7 0 0 0 0 0 0 0 0 0
231.1 -275.5 2221.3 0 0 0 0 0 0 0 0 0
-42.4 -799.6 2368.7 0 0 0 0 0 0 0 0 0
182.2 -904.5 2384.2 0 0 0 0 0 0 0 0 0
61.1 493.2 2305.0 4 0.9683219194 -0.2405249923 -0.0670849159 0.2413846403 0.9704171419 0.0048961937 0.0639226958 -0.0209343601 0.9977352619
117.1 267.6 2309.9 0.9683219194 -0.2405249923 -0.0670849159 0.2413846403 0.9704171419 0.0048961937 0.0639226958 -0.0209343601 0.9977352619
98.2 69.9 2317.5 0.9930305481 0.0947701335 -0.0700638369 -0.0917560682 0.9947614670 0.0450602993 0.0739671811 -0.0383174717 0.9965242743
-22.7 280.5 2299.5 0.3746013045 -0.8501682281 -0.3699835837 0.5980537534 0.5264865160 -0.6042711735 0.7085235119 0.0050906888 0.7056688666
-104.2 150.3 2145.2 -0.5261511207 -0.8501682281 -0.0194667932 -0.8499047160 0.5264865160 -0.0217698477 0.0287570357 0.0050906888 -0.9995734692
256.8 254.7 2320.3 0.0547650456 0.6022639871 0.7964162827 -0.9957929254 0.0916285440 -0.0008160610 -0.0734659433 -0.7930210233 0.6047482491
271.6 -14.4 2300.5 -0.1526041627 0.6110702157 0.7767271996 -0.9445044398 0.1411612481 -0.2966224551 -0.2909009457 -0.7788881063 0.5556167364
-10.0 -119.8 2315.4 0.9952698946 0.0504351780 -0.0830307603 -0.0446060896 0.9965052605 0.0706223175 0.0863024443 -0.0665845945 0.9940414429
-30.1 -516.0 2341.9 0.9957173467 0.0433374755 -0.0816625953 -0.0353315286 0.9946520329 0.0970516726 0.0854318440 -0.0937507749 0.9919235110
172.4 -134.8 2328.4 0.9779646397 -0.0091940751 0.2085679770 0.0216577481 0.9981074929 -0.0575535968 -0.2076441050 0.0608024970 0.9763129354
176.1 -531.7 2304.2 0.9801375270 -0.0173164941 0.1975616664 -0.0282497983 0.9738312960 0.2255094945 -0.1962967664 -0.2266113907 0.9539994001
33.8 373.3 2137.7 0 0 0 0 0 0 0 0 0
229.6 -274.2 2220.5 0 0 0 0 0 0 0 0 0
-42.4 -800.0 2368.7 0 0 0 0 0 0 0 0 0
182.7 -903.9 2390.8 0 0 0 0 0 0 0 0 0
61.2 493.6 2306.9 5 0.9683806300 -0.2349413335 -0.0839135200 0.2359611988 0.9717597365 0.0023086658 0.0810013786 -0.0220360029 0.9964703918
115.3 269.9 2312.0 0.9683806300 -0.2349413335 -0.0839135200 0.2359611988 0.9717597365 0.0023086658 0.0810013786 -0.0220360029 0.9964703918
99.6 71.9 2317.7 0.9930900931 0.0792608559 -0.0865437090 -0.0764292926 0.9964406490 0.0355609208 0.0890542567 -0.0287007242 0.9956131577
-24.4 280.7 2299.4 0.3637113571 -0.8481833935 -0.3850961030 0.5923079848 0.5296528935 -0.6071565747 0.7189473510 -0.0072657554 0.6950265765
-103.4 152.1 2143.3 -0.5296814442 -0.8481833935 0.0047425786 -0.8481923938 0.5296528935 -0.0061228047 0.0026813408 -0.0072657554 -0.9999700189
255.1 259.1 2324.5 0.0593248308 0.6133188605 0.7876043320 -0.9943618178 0.1057769433 -0.0074715768 -0.0878928378 -0.7827203870 0.6161360145
271.7 -20.4 2299.8 -0.1611740440 0.6189741492 0.7686962485 -0.9415877461 0.1369211823 -0.3076770306 -0.2956949472 -0.7733845115 0.5607503653
-11.7 -119.5 2318.3 0.9939789772 0.0453959033 -0.0997244492 -0.0390375257 0.9971336722 0.0648116097 0.1023807824 -0.0605283864 0.9929020405
