64.0 486.6 2313.1 2 0.9837013483 -0.1265958399 -0.1276916713 0.1340872943 0.9896120429 0.0518520772 0.1198009476 -0.0681287870 0.9904575944
89.7 286.0 2326.9 0.9837013483 -0.1265958399 -0.1276916713 0.1340872943 0.9896120429 0.0518520772 0.1198009476 -0.0681287870 0.9904575944
93.0 87.4 2326.3 0.9921935797 -0.0166459400 -0.1235914677 0.0161398444 0.9998567700 -0.0050950642 0.1236585826 0.0030605425 0.9923201203
-49.7 283.7 2309.6 0.1326416135 -0.8168241978 -0.5614307523 0.6687281132 0.4918379188 -0.5575824380 0.7315797210 -0.3014858663 0.6114714742
-79.2 134.9 2146.8 -0.5206968784 -0.8168241978 0.2483405322 -0.8535458446 0.4918379188 -0.1719154418 0.0182814021 -0.3014858663 -0.9532953501
229.2 288.2 2344.3 0.1815184802 0.6346859932 0.7511489391 -0.9826765656 0.1461086720 0.1140131280 -0.0373868346 -0.7588319778 0.6502124667
275.1 39.4 2334.8 -0.0440099165 0.6383716464 0.7684690952 -0.9536126256 0.2024524510 -0.2227914035 -0.2978021502 -0.7426268458 0.5998493433
9.9 -113.4 2317.5 0.9858905673 0.0979775786 -0.1357208043 -0.0918257982 0.9944741726 0.0508836806 0.1399562955 -0.0377030708 0.9894396067
-29.0 -508.8 2332.5 0.9905357361 0.0475233495 -0.1287651807 -0.0322510265 0.9924663901 0.1181960106 0.1334121823 -0.1129245609 0.9846061468
191.9 -102.0 2337.4 0.9844735861 0.0308849905 0.1727943420 -0.0130732115 0.9945659637 -0.1032842249 -0.1750452965 0.0994216129 0.9795277119
179.6 -497.4 2297.8 0.9847848415 -0.0032107977 0.1737484783 -0.0346451215 0.9761307240 0.2144027352 -0.1702896208 -0.2171600908 0.9611675143
57.2 358.6 2142.0 0 0 0 0 0 0 0 0 0
263.0 -222.7 2253.0 0 0 0 0 0 0 0 0 0
-43.0 -799.9 2365.6 0 0 0 0 0 0 0 0 0
180.8 -870.6 2380.9 0 0 0 0 0 0 0 0 0
63.9 490.4 2318.0 3 0.9864299893 -0.0970466211 -0.1324306726 0.1020014063 0.9942966700 0.0311416872 0.1286531836 -0.0442272089 0.9907029271
83.4 290.5 2326.8 0.9864299893 -0.0970466211 -0.1324306726 0.1020014063 0.9942966700 0.0311416872 0.1286531836 -0.0442272089 0.9907029271
91.1 92.0 2327.2 0.9907584786 -0.0384054668 -0.1300870478 0.0382950120 0.9992608428 -0.0033513897 0.1301196069 -0.0016612669 0.9914969206
-55.9 285.1 2308.6 0.1090932935 -0.8056751490 -0.5822252631 0.6765927672 0.4892860949 -0.5502920151 0.7282313108 -0.3338962197 0.5984917879
-80.0 135.3 2147.3 -0.5322819948 -0.8056751490 0.2599297464 -0.8453366160 0.4892860949 -0.2144879848 0.0456276201 -0.3338962197 -0.9415048957
222.7 295.9 2345.1 0.1935522109 0.6356946826 0.7472816110 -0.9800649881 0.1600886732 0.1176614240 -0.0448345765 -0.7551581860 0.6540076137
275.8 27.3 2332.8 -0.0388587154 0.6385891438 0.7685661316 -0.9520153999 0.2100091726 -0.2226271480 -0.3035732210 -0.7403377891 0.5997860432
5.4 -112.6 2314.3 0.9859617352 0.0859900713 -0.1431262493 -0.0787031204 0.9953336120 0.0558286570 0.1472590715 -0.0437804386 0.9881285429
-28.7 -508.3 2331.7 0.9892885089 0.0480279066 -0.1378460079 -0.0323199481 0.9929538369 0.1140093952 0.1423503608 -0.1083330140 0.9838700891
187.2 -109.7 2336.9 0.9854322672 0.0231494009 0.1684855074 -0.0075844289 0.9956889153 -0.0924451053 -0.1698991954 0.0898205191 0.9813595414
178.0 -505.5 2301.2 0.9857415557 -0.0112069119 0.1678926498 -0.0233894698 0.9789672494 0.2026722133 -0.1666327268 -0.2037093341 0.9647465944
59.6 357.1 2135.4 0 0 0 0 0 0 0 0 0
265.1 -234.5 2249.4 0 0 0 0 0 0 0 0 0
-42.9 -800.9 2363.6 0 0 0 0 0 0 0 0 0
182.3 -879.7 2379.1 0 0 0 0 0 0 0 0 0
64.0 488.3 2313.4 4 0.9852878451 -0.0802518949 -0.1508888453 0.0864984393 0.9956267476 0.0352904461 0.1473968327 -0.0478228964 0.9879206419
80.1 288.7 2323.0 0.9852878451 -0.0802518949 -0.1508888453 0.0864984393 0.9956267476 0.0352904461 0.1473968327 -0.0478228964 0.9879206419
89.9 90.3 2326.5 0.9875566959 -0.0495354943 -0.1492582262 0.0516370498 0.9986134768 0.0102353003 0.1485442668 -0.0178151932 0.9887452722
-58.8 281.4 2302.1 0.1076751128 -0.8179201484 -0.5651661158 0.6877217889 0.4717954993 -0.5517678857 0.7179448605 -0.3292653561 0.6133021116
-82.1 132.9 2147.1 -0.5254557133 -0.8179201484 0.2343138754 -0.8456629515 0.4717954993 -0.2495259047 0.0935440361 -0.3292653561 -0.9395923615
219.0 296.0 2343.8 0.2168609053 0.6457360983 0.7321176529 -0.9756672978 0.1682007611 0.1406478882 -0.0323213302 -0.7448042631 0.6664997339
276.2 38.4 2335.3 -0.0370859988 0.6473102570 0.7613239288 -0.9556314945 0.1998085231 -0.2164369822 -0.2922208607 -0.7355719209 0.6111799479
7.9 -110.0 2315.6 0.9820100069 0.0931527913 -0.1642525196 -0.0854880735 0.9949207306 0.0531468019 0.1683690101 -0.0381490588 0.9849855304
-29.2 -505.6 2330.7 0.9864370227 0.0446915589 -0.1579386890 -0.0262695365 0.9928010106 0.1168591604 0.1620243192 -0.1111252308 0.9805096984
189.5 -103.0 2339.4 0.9882107377 0.0300844740 0.1501147002 -0.0164506026 0.9956919551 -0.0912516117 -0.1522132605 0.0877063498 0.9844484329
177.5 -498.9 2304.5 0.9881975651 -0.0125878453 0.1526666731 -0.0153740104 0.9834361076 0.1806019694 -0.1524113119 -0.1808175296 0.9716356397
55.5 354.3 2122.6 0 0 0 0 0 0 0 0 0
266.0 -224.4 2254.9 0 0 0 0 0 0 0 0 0
-42.6 -804.2 2364.1 0 0 0 0 0 0 0 0 0
182.4 -874.7 2373.6 0 0 0 0 0 0 0 0 0
63.9 489.9 2311.1 5 0.9855443835 -0.0716722012 -0.1535102427 0.0777291581 0.9964008331 0.0338172205 0.1505339742 -0.0452605933 0.9875681996
78.3 290.2 2320.1 0.9855443835 -0.0716722012 -0.1535102427 0.0777291581 0.9964008331 0.0338172205 0.1505339742 -0.0452605933 0.9875681996
89.2 91.8 2325.5 0.9867804646 -0.0548024178 -0.1525155157 0.0582353398 0.9981382489 0.0181300230 0.1512379944 -0.0267721470 0.9881347418
-60.5 282.0 2298.9 0.1028774902 -0.8233833909 -0.5580824018 0.7013157010 0.4579180479 -0.5463216901 0.7053881884 -0.3351877630 0.6245611310
-82.7 130.7 2146.7 -0.5193303227 -0.8233833909 0.2287701964 -0.8461388946 0.4579180479 -0.2726904452 0.1197707728 -0.3351877630 -0.9345074296
217.1 298.4 2341.4 0.2190777212 0.6478162408 0.7296156883 -0.9754509330 0.1625621766 0.1485564858 -0.0223706141 -0.7442497015 0.6675267220
275.6 38.1 2335.4 -0.0305843838 0.6497821212 0.7595049739 -0.9552588463 0.2046428174 -0.2135459930 -0.2941856086 -0.7320550084 0.6144512296
9.1 -112.9 2316.5 0.9809107780 0.0965092927 -0.1688195318 -0.0894180462 0.9947816133 0.0491326004 0.1726803184 -0.0330991820 0.9844216108
-29.2 -508.4 2329.6 0.9857999086 0.0467383899 -0.1612885892 -0.0270890668 0.9921674728 0.1219423488 0.1657246649 -0.1158416048 0.9793447256
190.2 -103.4 2343.7 0.9887722135 0.0285059419 0.1466864198 -0.0125093982 0.9939805269 -0.1088403761 -0.1489060521 0.1057833806 0.9831769466
178.9 -498.6 2301.6 0.9888912439 -0.0078431387 0.1484338790 -0.0218147319 0.9801360369 0.1971230656 -0.1470314413 -0.1981713176 0.9690768123
53.0 351.9 2115.4 0 0 0 0 0 0 0 0 0
267.2 -224.6 2254.5 0 0 0 0 0 0 0 0 0
-43.1 -803.1 2364.0 0 0 0 0 0 0 0 0 0
181.9 -873.2 2377.4 0 0 0 0 0 0 0 0 0
64.4 490.2 2310.4 6 0.9852861166 -0.0647324100 -0.1581804007 0.0707241222 0.9969649315 0.0325422995 0.1555937827 -0.0432506427 0.9868738055
77.4 290.8 2319.1 0.9852861166 -0.0647324100 -0.1581804007 0.0707241222 0.9969649315 0.0325422995 0.1555937827 -0.0432506427 0.9868738055
88.5 92.4 2325.6 0.9859082699 -0.0559896119 -0.1576387882 0.0604424551 0.9978928566 0.0235924590 0.1559856832 -0.0327880755 0.9872149825
-61.3 282.3 2297.1 0.0982885808 -0.8225752711 -0.5600975752 0.7116074562 0.4515374601 -0.5382645726 0.6956681609 -0.3456643224 0.6297316551
-82.4 129.5 2147.8 -0.5143375993 -0.8225752711 0.2425422817 -0.8500336409 0.4515374601 -0.2712133825 0.1135764942 -0.3456643224 -0.9314593673
216.1 299.3 2341.0 0.2270785570 0.6500152349 0.7252002954 -0.9737090468 0.1653439403 0.1566909999 -0.0180559400 -0.7417152524 0.6704717875
276.0 42.5 2336.3 -0.0303060152 0.6517805457 0.7578018308 -0.9552674294 0.2042533755 -0.2138800919 -0.2941864729 -0.7303853035 0.6164346337
9.5 -111.9 2316.9 0.9794252515 0.1017617211 -0.1742718518 -0.0941449031 0.9942281246 0.0514509939 0.1785017103 -0.0339855999 0.9833524823
-30.9 -507.2 2330.5 0.9849818945 0.0440246686 -0.1669505388 -0.0242085494 0.9926083088 0.1189230680 0.1709520370 -0.1130954400 0.9787669778
190.6 -101.2 2344.7 0.9894352555 0.0326183178 0.1412582546 -0.0156515650 0.9926992059 -0.1195963174 -0.1441279948 0.1161219031 0.9827221632
177.6 -495.9 2298.5 0.9894755483 -0.0131137408 0.1441048533 -0.0183648746 0.9764505625 0.2149581462 -0.1435301751 -0.2153422982 0.9659331441
51.9 351.6 2118.1 0 0 0 0 0 0 0 0 0
267.7 -220.2 2255.3 0 0 0 0 0 0 0 0 0
-44.0 -802.5 2364.1 0 0 0 0 0 0 0 0 0
182.6 -869.1 2380.8 0 0 0 0 0 0 0 0 0
65.5 486.8 2309.6 7 0.9862145185 -0.1064994559 -0.1266441792 0.1151106060 0.9913705587 0.0627216399 0.1188714951 -0.0764350817 0.9899632335
86.9 288.0 2324.9 0.9862145185 -0.1064994559 -0.1266441792 0.1151106060 0.9913705587 0.0627216399 0.1188714951 -0.0764350817 0.9899632335
94.1 89.4 2326.9 0.9917802811 -0.0369923450 -0.1224882975 0.0378975309 0.9992687702 0.0050676665 0.1222112700 -0.0096680159 0.9924570322
-52.6 282.6 2307.8 0.1342031360 -0.8304307461 -0.5407164693 0.6883822083 0.4706301987 -0.5519394875 0.7128250003 -0.2981475592 0.6348137856
-82.5 129.2 2149.0 -0.5124226213 -0.8304307461 0.2186499834 -0.8552544117 0.4706301987 -0.2169034034 0.0772199705 -0.2981475592 -0.9513911605
226.3 293.3 2342.1 0.1959365010 0.6315101981 0.7502024770 -0.9802771211 0.1462669969 0.1329014003 -0.0258012824 -0.7614465356 0.6477140188
276.1 44.3 2335.5 -0.0292047709 0.6343930960 0.7724587321 -0.9575694203 0.2039114982 -0.2036686838 -0.2867192328 -0.7456309199 0.6015202403
9.2 -111.5 2317.8 0.9846601486 0.1063682437 -0.1383120865 -0.1022512466 0.9940865636 0.0365587696 0.1413828880 -0.0218553785 0.9897137284
-33.1 -506.7 2326.5 0.9911548495 0.0370267667 -0.1274404079 -0.0200504493 0.9910469055 0.1320002079 0.1311869621 -0.1282774061 0.9830233455
190.1 -100.4 2346.4 0.9842883348 0.0280143581 0.1743319780 -0.0078196470 0.9932807088 -0.1154655293 -0.1763952821 0.1122881621 0.9778937101
178.9 -495.3 2301.8 0.9845450521 -0.0168326516 0.1743205488 -0.0190137401 0.9792129397 0.2019419521 -0.1740961522 -0.2021354437 0.9637591839
51.7 353.1 2128.8 0 0 0 0 0 0 0 0 0
268.1 -219.1 2256.7 0 0 0 0 0 0 0 0 0
-44.2 -802.8 2364.8 0 0 0 0 0 0 0 0 0
185.4 -869.6 2379.0 0 0 0 0 0 0 0 0 0
65.3 486.0 2309.2 8 0.9837039709 -0.1468536705 -0.1037325934 0.1548210084 0.9852104783 0.0734221861 0.0914161205 -0.0882856846 0.9918915033
94.9 287.4 2327.0 0.9837039709 -0.1468536705 -0.1037325934 0.1548210084 0.9852104783 0.0734221861 0.0914161205 -0.0882856846 0.9918915033
95.3 88.8 2327.8 0.9951390624 -0.0022736974 -0.0984536931 0.0025963145 0.9999916553 0.0031488466 0.0984457135 -0.0033891569 0.9951366782
-44.9 287.0 2313.2 0.1702693999 -0.8334233165 -0.5257507563 0.6854283214 0.4834903479 -0.5444493294 0.7079522014 -0.2676614225 0.6535755992
-83.8 130.5 2151.5 -0.5168436766 -0.8334233165 0.1956480294 -0.8533921242 0.4834903479 -0.1948305070 0.0677823648 -0.2676614225 -0.9611258507
234.8 287.8 2340.8 0.1602464020 0.6188017130 0.7690289617 -0.9866624475 0.1229954660 0.1066270769 -0.0286060572 -0.7758585811 0.6302580237
276.9 28.4 2333.3 -0.0348538682 0.6244658232 0.7802740932 -0.9548400640 0.2097073048 -0.2104836106 -0.2950690091 -0.7523730993 0.5889558196
10.5 -112.7 2317.7 0.9867091775 0.1163390279 -0.1134469658 -0.1132293418 0.9930039048 0.0335018151 0.1165508479 -0.0202110242 0.9929790497
-35.8 -507.5 2325.8 0.9945467710 0.0260842331 -0.1009766832 -0.0123094236 0.9908090830 0.1347063333 0.1035623252 -0.1327287853 0.9857270718
192.3 -105.7 2340.1 0.9801878929 0.0340007693 0.1951298416 -0.0154578062 0.9952828288 -0.0957763866 -0.1974658519 0.0908625722 0.9760897756
178.8 -501.3 2304.0 0.9803037047 -0.0205642786 0.1964224577 -0.0203796830 0.9787217975 0.2041772008 -0.1964416951 -0.2041586787 0.9590255022
51.7 354.2 2133.7 0 0 0 0 0 0 0 0 0
267.3 -234.3 2252.1 0 0 0 0 0 0 0 0 0
-43.5 -801.8 2365.2 0 0 0 0 0 0 0 0 0
186.7 -875.4 2382.0 0 0 0 0 0 0 0 0 0
65.5 488.0 2309.0 9 0.9836539626 -0.1527013183 -0.0954313204 0.1604193598 0.9838650823 0.0792155415 0.0817952231 -0.0932297111 0.9922790527
97.1 284.9 2328.2 0.9836539626 -0.1527013183 -0.0954313204 0.1604193598 0.9838650823 0.0792155415 0.0817952231 -0.0932297111 0.9922790527
97.0 86.2 2328.3 0.9959987998 0.0003898545 -0.0893655568 -0.0003727006 0.9999998808 0.0002086383 0.0893656239 -0.0001744969 0.9959988594
-43.0 285.0 2315.7 0.1815704405 -0.8351888657 -0.5191258788 0.6744707823 0.4899328351 -0.5523178577 0.7156265378 -0.2498506308 0.6522678137
-84.2 131.9 2153.3 -0.5191151500 -0.8351888657 0.1816011220 -0.8523059487 0.4899328351 -0.1831403226 0.0639844090 -0.2498506308 -0.9661680460
237.1 284.9 2340.8 0.1491956711 0.6128803492 0.7759628296 -0.9882674813 0.1183602065 0.0965311378 -0.0326810889 -0.7812609076 0.6233485341
276.7 22.7 2332.1 -0.0373354517 0.6190294623 0.7844798565 -0.9553868771 0.2080525905 -0.2096427083 -0.2929880619 -0.7573088408 0.5836448669
4.5 -110.1 2319.6 0.9885229468 0.1083835512 -0.1052396894 -0.1066093817 0.9940496087 0.0223566219 0.1070365608 -0.0108804945 0.9941955209
-38.6 -505.3 2323.9 0.9956362247 0.0192192160 -0.0913189501 -0.0060131685 0.9897415638 0.1427428722 0.0931255594 -0.1415708512 0.9855380654
186.9 -109.6 2337.6 0.9786169529 0.0235380232 0.2043399215 -0.0071304939 0.9967159033 -0.0806631371 -0.2055675089 0.0774812698 0.9755709171
177.5 -505.8 2306.8 0.9787750244 -0.0325285159 0.2023396343 -0.0115741938 0.9769732356 0.2130478323 -0.2046105266 -0.2108678222 0.9558604956
51.7 355.0 2136.5 0 0 0 0 0 0 0 0 0
266.5 -240.1 2251.5 0 0 0 0 0 0 0 0 0
-44.3 -800.5 2366.1 0 0 0 0 0 0 0 0 0
190.0 -879.2 2387.4 0 0 0 0 0 0 0 0 0
65.4 485.3 2305.9 0 0.9841552377 -0.1577677578 -0.0809185579 0.1644050330 0.9828762412 0.0832181647 0.0664037839 -0.0952030122 0.9932405949
98.8 276.8 2326.1 0.9841552377 -0.1577677578 -0.0809185579 0.1644050330 0.9828762412 0.0832181647 0.0664037839 -0.0952030122 0.9932405949
97.2 78.1 2326.0 0.9971778989 0.0080307638 -0.0746443346 -0.0080432156 0.9999676347 0.0001338005 0.0746429935 0.0004669576 0.9972102046
-41.4 277.9 2315.6 0.1908705384 -0.8415136337 -0.5053941011 0.6537325978 0.4930439889 -0.5740568638 0.7322582603 -0.2208220661 0.6442325115
-83.9 132.5 2152.6 -0.5195136070 -0.8415136337 0.1481902450 -0.8506682515 0.4930439889 -0.1824039370 0.0804310963 -0.2208220661 -0.9719920158
239.1 275.7 2336.6 0.1431541443 0.6026922464 0.7850279808 -0.9892675281 0.1105952486 0.0954906642 -0.0292688813 -0.7902725935 0.6120560169
276.7 15.7 2328.9 -0.0396796204 0.6092083454 0.7920168638 -0.9578809738 0.2024219781 -0.2036894858 -0.2844109535 -0.7667402029 0.5755170584
5.5 -112.5 2320.2 0.9896333218 0.1118349880 -0.0901045501 -0.1100318506 0.9936197996 0.0247520544 0.0922978073 -0.0145810870 0.9956246614
-38.9 -507.5 2326.0 0.9969440103 0.0158144198 -0.0765021667 -0.0049620070 0.9901366830 0.1400168687 0.0779618844 -0.1392093748 0.9871892929
188.2 -112.5 2336.6 0.9756137133 0.0245145056 0.2181213051 -0.0066547566 0.9965902567 -0.0822406858 -0.2193936706 0.0787835941 0.9724503160
178.4 -508.7 2305.3 0.9759835601 -0.0319393165 0.2154900134 -0.0164500121 0.9755638242 0.2190996408 -0.2172221392 -0.2173824608 0.9516088367
51.6 354.3 2131.7 0 0 0 0 0 0 0 0 0
265.8 -247.8 2250.7 0 0 0 0 0 0 0 0 0
-43.6 -800.3 2367.2 0 0 0 0 0 0 0 0 0
190.6 -881.7 2388.4 0 0 0 0 0 0 0 0 0
64.0 488.8 2307.8 1 0.9902197123 -0.1191958636 -0.0725070536 0.1243357584 0.9896922708 0.0710619912 0.0632893816 -0.0793822035 0.9948331118
88.6 284.5 2324.2 0.9902197123 -0.1191958636 -0.0725070536 0.1243357584 0.9896922708 0.0710619912 0.0632893816 -0.0793822035 0.9948331118
94.7 86.1 2328.5 0.9971718192 -0.0306413937 -0.0686257705 0.0320514292 0.9992951751 0.0195405446 0.0679786503 -0.0216848347 0.9974510670
-51.6 280.0 2314.7 0.1460973769 -0.8337051868 -0.5325328112 0.6658892632 0.4809770286 -0.5703091621 0.7316057682 -0.2712872028 0.6254248619
-83.8 132.9 2153.0 -0.5201267004 -0.8337051868 0.1854828447 -0.8489866853 0.4809770286 -0.2188212126 0.0932193920 -0.2712872028 -0.9579735994
228.8 289.0 2333.7 0.1663812399 0.5919156075 0.7886400819 -0.9856307507 0.1234693155 0.1152706444 -0.0291423574 -0.7964867949 0.6039532423
277.3 2.1 2325.2 -0.0455427058 0.5971667767 0.8008231521 -0.9592598677 0.1976150274 -0.2019127607 -0.2788302898 -0.7773931623 0.5638381839
4.1 -120.0 2319.1 0.9909119606 0.1031909287 -0.0862851441 -0.1009993553 0.9944519401 0.0294018984 0.0888404399 -0.0204199497 0.9958365560
-36.9 -515.3 2327.3 0.9969397783 0.0223055016 -0.0749239475 -0.0120928017 0.9908952713 0.1340909153 0.0772327483 -0.1327745318 0.9881325960
187.1 -121.4 2332.8 0.9736893773 0.0209719669 0.2269123495 -0.0068197697 0.9979918599 -0.0629737228 -0.2277773619 0.0597693510 0.9718770981
178.7 -518.1 2309.1 0.9739932418 -0.0341619514 0.2239869535 -0.0146226557 0.9770299196 0.2125999480 -0.2261047810 -0.2103461921 0.9511209726
51.5 353.7 2128.8 0 0 0 0 0 0 0 0 0
264.8 -261.7 2248.5 0 0 0 0 0 0 0 0 0
-43.3 -800.0 2365.4 0 0 0 0 0 0 0 0 0
191.8 -891.6 2389.5 0 0 0 0 0 0 0 0 0
63.1 488.5 2308.3 2 0.9911392331 -0.0949774757 -0.0928560421 0.1007577851 0.9931198359 0.0596728846 0.0865495950 -0.0685001090 0.9938898087
82.4 286.7 2322.2 0.9911392331 -0.0949774757 -0.0928560421 0.1007577851 0.9931198359 0.0596728846 0.0865495950 -0.0685001090 0.9938898087
92.1 88.4 2329.0 0.9946891665 -0.0486981943 -0.0906750858 0.0515559986 0.9982359409 0.0294447113 0.0890812278 -0.0339631811 0.9954451323
-57.4 279.5 2309.7 0.1193380356 -0.8290446401 -0.5462998152 0.6789112091 0.4696280956 -0.5643837452 0.7244570255 -0.3035366237 0.6188921928
-83.2 132.8 2153.3 -0.5183689594 -0.8290446401 0.2097108811 -0.8490270972 0.4696280956 -0.2420793027 0.1022084206 -0.3035366237 -0.9473220110
222.3 294.0 2334.7 0.1909140497 0.6057660580 0.7723984122 -0.9814764857 0.1306190342 0.1401518583 -0.0159906875 -0.7848478556 0.6194821596
275.6 20.1 2330.2 -0.0346402004 0.6096141338 0.7919411063 -0.9609186053 0.1974557787 -0.1940273643 -0.2746551633 -0.7677121162 0.5789496303
9.4 -115.3 2326.6 0.9878105521 0.1097042635 -0.1104324833 -0.1082651094 0.9939411879 0.0189633612 0.1118437573 -0.0067762225 0.9937027097
-34.2 -510.4 2329.3 0.9947161078 0.0326402299 -0.0973369405 -0.0196963996 0.9911748767 0.1310894638 0.1007567197 -0.1284796149 0.9865804911
192.2 -109.4 2339.0 0.9778416753 0.0359799899 0.2062307000 -0.0198012851 0.9965994954 -0.0799838081 -0.2084072232 0.0741278678 0.9752289653
177.9 -505.5 2309.5 0.9770156741 -0.0462709256 0.2080849409 0.0035769707 0.9795786142 0.2010297030 -0.2131373882 -0.1956648529 0.9572291970
51.3 353.2 2126.7 0 0 0 0 0 0 0 0 0
266.1 -244.2 2254.7 0 0 0 0 0 0 0 0 0
-43.7 -799.9 2366.8 0 0 0 0 0 0 0 0 0
195.6 -880.0 2384.3 0 0 0 0 0 0 0 0 0
61.1 488.1 2310.0 3 0.9863695502 -0.1387252212 -0.0884895176 0.1445981562 0.9874315262 0.0637991801 0.0785267875 -0.0757249892 0.9940318465
89.8 283.7 2325.7 0.9863695502 -0.1387252212 -0.0884895176 0.1445981562 0.9874315262 0.0637991801 0.0785267875 -0.0757249892 0.9940318465
93.0 85.1 2330.0 0.9962454438 -0.0160466991 -0.0850736946 0.0178045537 0.9996425509 0.0199443810 0.0847232416 -0.0213841982 0.9961750507
-50.3 281.2 2313.9 0.1512215734 -0.8338629007 -0.5308527946 0.6770833135 0.4786455333 -0.5589782000 0.7202015519 -0.2749020159 0.6369761825
-83.4 132.9 2156.1 -0.5183507800 -0.8338629007 0.1896975785 -0.8502070904 0.4786455333 -0.2191947848 0.0919804946 -0.2749020159 -0.9570624232
229.9 286.2 2337.6 0.1733490676 0.6059744954 0.7763665318 -0.9846903086 0.1212927699 0.1251919121 -0.0183045398 -0.7861825228 0.6177232265
275.1 29.2 2332.8 -0.0282102190 0.6107382178 0.7913298607 -0.9594869018 0.2054718286 -0.1927853823 -0.2803373933 -0.7647091746 0.5801989436
10.6 -114.6 2327.7 0.9883514643 0.1104062349 -0.1047468558 -0.1095956862 0.9938848615 0.0134804035 0.1055946276 -0.0018435728 0.9944075346
-33.3 -509.8 2328.4 0.9954504967 0.0306761749 -0.0902068913 -0.0181107353 0.9904125333 0.1369488388 0.0935431048 -0.1346920729 0.9864622355
192.9 -105.1 2343.9 0.9773266912 0.0363729708 0.2085894942 -0.0184077676 0.9960005283 -0.0874305591 -0.2109353542 0.0816085488 0.9740874171
178.5 -501.1 2311.5 0.9768281579 -0.0369883887 0.2108047158 -0.0011468243 0.9840342402 0.1779755801 -0.2140220851 -0.1740933210 0.9611899257
51.4 354.0 2132.2 0 0 0 0 0 0 0 0 0
267.4 -234.7 2255.7 0 0 0 0 0 0 0 0 0
-42.4 -802.9 2368.2 0 0 0 0 0 0 0 0 0
192.6 -877.2 2378.0 0 0 0 0 0 0 0 0 0
60.8 485.6 2309.4 4 0.9768400192 -0.1853787303 -0.1068563312 0.1939796358 0.9780107737 0.0765951574 0.0903075337 -0.0955491662 0.9913197756
99.2 283.1 2329.2 0.9768400192 -0.1853787303 -0.1068563312 0.1939796358 0.9780107737 0.0765951574 0.0903075337 -0.0955491662 0.9913197756
94.6 84.6 2331.4 0.9945487976 0.0230284352 -0.1016977131 -0.0217404552 0.9996690154 0.0137551771 0.1019808128 -0.0114692403 0.9947202206
-40.6 286.2 2314.9 0.1893495470 -0.8362862468 -0.5145600438 0.6805847883 0.4895164371 -0.5451403856 0.7077789903 -0.2469796538 0.6618534327
-82.7 134.9 2157.6 -0.5148882270 -0.8362862468 0.1884553879 -0.8559740782 0.4895164371 -0.1663792729 0.0468886904 -0.2469796538 -0.9678855538
239.0 280.0 2343.5 0.1366261244 0.6218245029 0.7711468935 -0.9896419048 0.1203079522 0.0783255473 -0.0440703593 -0.7738606334 0.6318207979
274.7 21.0 2332.0 -0.0334342234 0.6272184253 0.7781254649 -0.9565752745 0.2054850161 -0.2067357302 -0.2895615697 -0.7512476444 0.5931113958
4.8 -115.0 2326.5 0.9883812070 0.0938888118 -0.1195303500 -0.0915682018 0.9954906106 0.0247731134 0.1213172600 -0.0135401003 0.9925214052
-32.5 -510.8 2331.9 0.9933785200 0.0368020870 -0.1088333353 -0.0223871786 0.9911533594 0.1308199316 0.1126849726 -0.1275172383 0.9854143262
187.5 -111.8 2342.0 0.9816294312 0.0235727932 0.1893356442 -0.0092932424 0.9970678687 -0.0759558827 -0.1905709803 0.0728009865 0.9789702296
178.1 -508.1 2313.1 0.9814647436 -0.0323752351 0.1888883561 -0.0038380660 0.9821088910 0.1882748753 -0.1916043609 -0.1855101138 0.9637809992
51.6 358.0 2145.3 0 0 0 0 0 0 0 0 0
265.6 -242.1 2252.3 0 0 0 0 0 0 0 0 0
-43.3 -800.3 2369.2 0 0 0 0 0 0 0 0 0
190.5 -883.5 2384.0 0 0 0 0 0 0 0 0 0
59.3 487.0 2309.1 5 0.9733592868 -0.1913123876 -0.1263774931 0.2015921474 0.9766561985 0.0741838291 0.1092350781 -0.0976842344 0.9892044663
98.8 285.5 2329.3 0.9733592868 -0.1913123876 -0.1263774931 0.2015921474 0.9766561985 0.0741838291 0.1092350781 -0.0976842344 0.9892044663
93.8 86.9 2330.1 0.9923634529 0.0250757951 -0.1207725778 -0.0243418403 0.9996752143 0.0075488696 0.1209226474 -0.0045513953 0.9926515222
-40.7 288.9 2312.3 0.1918263584 -0.8282445073 -0.5265108347 0.6887567639 0.4957849681 -0.5289719701 0.6991543174 -0.2611671388 0.6655636430
-83.1 137.0 2158.1 -0.5158640742 -0.8282445073 0.2188498676 -0.8566141129 0.4957849681 -0.1428617388 0.0098219793 -0.2611671388 -0.9652436376
238.3 282.1 2346.2 0.1316045672 0.6352898479 0.7609776855 -0.9891016483 0.1352755129 0.0581240840 -0.0660160184 -0.7603337169 0.6461691260
274.3 11.7 2328.2 -0.0359165408 0.6389905810 0.7683755755 -0.9575235248 0.1981196851 -0.2095167339 -0.2861095667 -0.7432628274 0.6047327518
-1.1 -111.9 2324.3 0.9876148701 0.0773489401 -0.1365064234 -0.0722423494 0.9965031743 0.0419822596 0.1392763555 -0.0316007584 0.9897491932
-31.8 -507.9 2336.9 0.9905771613 0.0421335250 -0.1303137243 -0.0268784314 0.9928056002 0.1166817844 0.1342924088 -0.1120796800 0.9845830202
181.2 -115.9 2343.0 0.9853878021 0.0048451032 0.1702569127 0.0104297595 0.9960030913 -0.0887076780 -0.1700062156 0.0891872048 0.9813987613
179.3 -511.7 2307.5 0.9857322574 -0.0401382744 0.1634649932 0.0027966499 0.9749230742 0.2225246131 -0.1682975441 -0.2188925296 0.9611253738
52.2 361.5 2155.5 0 0 0 0 0 0 0 0 0
264.4 -251.7 2249.5 0 0 0 0 0 0 0 0 0
-44.1 -797.3 2369.6 0 0 0 0 0 0 0 0 0
194.6 -884.2 2391.1 0 0 0 0 0 0 0 0 0
58.0 490.3 2315.9 6 0.9823557138 -0.1433453709 -0.1201220229 0.1493996382 0.9878430367 0.0429635607 0.1125030741 -0.0601516888 0.9918290377
87.0 290.4 2328.1 0.9823557138 -0.1433453709 -0.1201220229 0.1493996382 0.9878430367 0.0429635607 0.1125030741 -0.0601516888 0.9918290377
92.8 92.0 2330.0 0.9927049279 -0.0293514561 -0.1169418693 0.0303030089 0.9995204806 0.0063669635 0.1166989133 -0.0098642064 0.9931183457
-52.5 286.1 2311.7 0.1636272073 -0.8138270974 -0.5575944185 0.7095153928 0.4897874594 -0.5066519380 0.6854298115 -0.3127197921 0.6575654149
-88.1 131.6 2162.4 -0.5286241770 -0.8138270974 0.2413336486 -0.8474769592 0.4897874594 -0.2046729922 0.0483662412 -0.3127197921 -0.9486132264
226.4 294.6 2344.5 0.1689149588 0.6277315617 0.7598820925 -0.9845190048 0.1440630406 0.0998405814 -0.0467978418 -0.7649829388 0.6423480511
274.5 14.7 2331.2 -0.0370002240 0.6312130690 0.7747264504 -0.9560118318 0.2033847272 -0.2113671750 -0.2909852564 -0.7484682798 0.5959218144
-2.1 -109.5 2319.9 0.9883378148 0.0732671544 -0.1334926784 -0.0655195117 0.9959518313 0.0615400597 0.1374611408 -0.0520759933 0.9891372919
-31.2 -505.3 2340.6 0.9903616905 0.0477197729 -0.1300253272 -0.0338678062 0.9937105179 0.1067350730 0.1343009174 -0.1013026536 0.9857489467
179.8 -114.0 2342.1 0.9838154912 -0.0041345945 0.1791368574 0.0196600482 0.9961887002 -0.0849798545 -0.1781027466 0.0871263370 0.9801471233
181.5 -510.0 2307.4 0.9850310087 -0.0306571107 0.1696290374 -0.0071792249 0.9759076834 0.2180656642 -0.1722275466 -0.2160192430 0.9610792398
50.1 353.2 2149.8 0 0 0 0 0 0 0 0 0
264.3 -248.3 2251.2 0 0 0 0 0 0 0 0 0
-45.3 -798.4 2370.5 0 0 0 0 0 0 0 0 0
193.2 -882.9 2390.0 0 0 0 0 0 0 0 0 0
55.4 490.0 2312.4 7 0.9857357740 -0.1330376565 -0.1030822843 0.1412061155 0.9870239496 0.0764492974 0.0915740505 -0.0899146572 0.9917305708
82.3 290.8 2330.5 0.9857357740 -0.1330376565 -0.1030822843 0.1412061155 0.9870239496 0.0764492974 0.0915740505 -0.0899146572 0.9917305708
92.7 92.5 2332.0 0.9939921498 -0.0522123277 -0.0961948112 0.0527087338 0.9986065030 0.0026249010 0.0959237143 -0.0076794378 0.9953590631
-57.4 283.3 2317.0 0.1354154348 -0.8115847707 -0.5683246255 0.6912576556 0.4883251488 -0.5326362848 0.7098066807 -0.3207315505 0.6271409392
-87.1 131.7 2161.3 -0.5269652605 -0.8115847707 0.2522653341 -0.8488990664 0.4883251488 -0.2022595555 0.0409632660 -0.3207315505 -0.9462839365
222.0 298.2 2344.0 0.1876564026 0.6096758842 0.7701171637 -0.9812751412 0.1510136276 0.1195573807 -0.0434069373 -0.7781324983 0.6265984774
273.7 27.7 2332.0 -0.0311524160 0.6118236780 0.7903804779 -0.9618927836 0.1965612769 -0.1900681108 -0.2716463804 -0.7661824226 0.5823854208
7.8 -109.1 2321.3 0.9884459972 0.1002632901 -0.1136737987 -0.0935776979 0.9936349988 0.0627111420 0.1192378923 -0.0513492450 0.9915369749
-32.1 -504.0 2341.7 0.9931069016 0.0436307229 -0.1087890044 -0.0316199884 0.9934526682 0.1097815782 0.1128665730 -0.1055849344 0.9879842997
189.6 -103.5 2342.6 0.9793573618 0.0152962264 0.2015570253 0.0019447292 0.9963735342 -0.0850644633 -0.2021272629 0.0837004781 0.9757760167
183.5 -499.6 2309.4 0.9803084135 -0.0141248107 0.1969668269 -0.0292402450 0.9760606289 0.2155242562 -0.1952958107 -0.2170395851 0.9564273953
50.8 353.9 2150.6 0 0 0 0 0 0 0 0 0
265.1 -236.8 2257.3 0 0 0 0 0 0 0 0 0
-45.0 -798.2 2372.9 0 0 0 0 0 0 0 0 0
188.9 -872.6 2392.3 0 0 0 0 0 0 0 0 0
53.3 488.3 2310.6 8 0.9788602591 -0.1136417836 -0.1700533777 0.1259047836 0.9900320768 0.0631224141 0.1611849517 -0.0831985548 0.9834111333
76.0 290.1 2327.2 0.9788602591 -0.1136417836 -0.1700533777 0.1259047836 0.9900320768 0.0631224141 0.1611849517 -0.0831985548 0.9834111333
89.9 92.0 2333.0 0.9836551547 -0.0703248903 -0.1657618582 0.0741122663 0.9971089363 0.0167670529 0.1641034931 -0.0287779849 0.9860232472
-61.9 279.6 2304.2 0.1372329146 -0.8057690263 -0.5761106014 0.7245627046 0.4782370031 -0.4962844551 0.6754080653 -0.3493216932 0.6494600177
-90.7 127.5 2162.4 -0.5381946564 -0.8057690263 0.2471493036 -0.8374587297 0.4782370031 -0.2644848526 0.0949177444 -0.3493216932 -0.9321829081
214.0 300.6 2350.2 0.2166801840 0.6503715515 0.7280566692 -0.9740725756 0.1937291175 0.1168402359 -0.0650562122 -0.7344970107 0.6754863858
273.6 32.8 2332.3 -0.0243606828 0.6501380801 0.7594254613 -0.9650961757 0.1828514487 -0.1874958277 -0.2607602179 -0.7374861240 0.6229913831
12.0 -110.7 2324.6 0.9763313532 0.1133595556 -0.1841921061 -0.1010214686 0.9920477867 0.0750720352 0.1912375093 -0.0546878241 0.9800190926
-33.1 -505.0 2346.4 0.9823731780 0.0458911136 -0.1812098324 -0.0279004369 0.9945346117 0.1006107628 0.1848365813 -0.0937814787 0.9782844782
194.1 -101.0 2342.2 0.9906890988 0.0232734606 0.1341397166 -0.0128835309 0.9968849421 -0.0778098255 -0.1355327666 0.0753571540 0.9879029393
184.9 -497.3 2312.3 0.9908025861 -0.0014882294 0.1353071034 -0.0263027120 0.9787486196 0.2033699453 -0.1327342987 -0.2050584108 0.9697074890
49.3 345.4 2137.7 0 0 0 0 0 0 0 0 0
266.9 -232.6 2260.6 0 0 0 0 0 0 0 0 0
-46.6 -798.2 2374.0 0 0 0 0 0 0 0 0 0
185.4 -871.4 2390.6 0 0 0 0 0 0 0 0 0
50.6 489.9 2316.7 9 0.9875909090 -0.1075139791 -0.1144768894 0.1130760983 0.9926450849 0.0432375707 0.1089862809 -0.0556456298 0.9924845099
72.1 291.1 2327.8 0.9875909090 -0.1075139791 -0.1144768894 0.1130760983 0.9926450849 0.0432375707 0.1089862809 -0.0556456298 0.9924845099
88.1 93.1 2334.0 0.9903617501 -0.0808715597 -0.1124426425 0.0838224962 0.9962430596 0.0217609610 0.1102603599 -0.0309764482 0.9934198856
-66.8 279.3 2312.4 0.1189759672 -0.8082755804 -0.5766587257 0.7202223539 0.4700400829 -0.5102372766 0.6834650636 -0.3546165526 0.6380616426
-92.6 123.5 2164.5 -0.5406830907 -0.8082755804 0.2331360281 -0.8309751153 0.4700400829 -0.2975612283 0.1309281886 -0.3546165526 -0.9257996082
211.1 302.9 2343.3 0.2216496617 0.6148432493 0.7568614483 -0.9746281505 0.1644922644 0.1517966837 -0.0311666839 -0.7713041306 0.6357032061
271.9 35.3 2334.7 -0.0144321341 0.6158545613 0.7877276540 -0.9636172652 0.2017185837 -0.1753605604 -0.2668959200 -0.7615988255 0.5905368924
13.7 -112.8 2323.8 0.9846354723 0.1144929677 -0.1318497360 -0.1047675833 0.9913939834 0.0784966424 0.1397023499 -0.0634770021 0.9881568551
-31.8 -507.0 2349.1 0.9901087284 0.0516641028 -0.1304437667 -0.0399901606 0.9950859547 0.0905801430 0.1344825029 -0.0844677240 0.9873092771
193.6 -99.2 2353.8 0.9819800258 0.0260794181 0.1871766001 -0.0062006926 0.9943454862 -0.1060121581 -0.1888829470 0.1029411927 0.9765891433
183.3 -494.3 2312.9 0.9823534489 -0.0190466680 0.1860615164 -0.0202089828 0.9781680703 0.2068305612 -0.1859388649 -0.2069408298 0.9605218768
47.8 339.2 2130.5 0 0 0 0 0 0 0 0 0
268.0 -229.7 2261.3 0 0 0 0 0 0 0 0 0
-47.0 -799.9 2373.9 0 0 0 0 0 0 0 0 0
190.6 -868.2 2392.0 0 0 0 0 0 0 0 0 0
49.6 492.0 2319.7 0 0.9907704592 -0.0995451808 -0.0920037627 0.1028461605 0.9941871762 0.0318507105 0.0882983804 -0.0410189740 0.9952491522
69.5 293.0 2327.9 0.9907704592 -0.0995451808 -0.0920037627 0.1028461605 0.9941871762 0.0318507105 0.0882983804 -0.0410189740 0.9952491522
86.2 95.0 2333.8 0.9922993779 -0.0839485303 -0.0910745859 0.0862628371 0.9960345030 0.0217726026 0.0888856500 -0.0294612925 0.9956060052
-69.9 280.8 2315.5 0.1067481786 -0.8101246953 -0.5764571428 0.7210324407 0.4622815251 -0.5161472559 0.6846291423 -0.3605464995 0.6334738731
-93.3 122.6 2165.3 -0.5367817879 -0.8101246953 0.2357187420 -0.8321706653 0.4622815251 -0.3062478900 0.1391305476 -0.3605464995 -0.9223062992
208.9 305.1 2340.4 0.2321776599 0.5997746587 0.7657440305 -0.9725261331 0.1568421721 0.1720273197 -0.0169233214 -0.7846469879 0.6197118163
272.6 38.5 2335.8 -0.0165904928 0.6012843847 0.7988628745 -0.9635468125 0.2037603706 -0.1733759940 -0.2670248747 -0.7726181746 0.5759851336
13.5 -112.5 2330.0 0.9863777161 0.1207486913 -0.1117082760 -0.1133886948 0.9910769463 0.0700678155 0.1191720963 -0.0564468801 0.9912677407
-34.5 -506.5 2352.5 0.9928404093 0.0442698225 -0.1109419465 -0.0358999744 0.9964355230 0.0763379261 0.1139259562 -0.0718085617 0.9908907413
194.7 -97.1 2350.2 0.9775356650 0.0295400880 0.2086898535 -0.0096473880 0.9953631163 -0.0957039669 -0.2105492800 0.0915407240 0.9732878804
183.0 -492.8 2313.8 0.9778032899 -0.0246346574 0.2080716938 -0.0186436959 0.9788953662 0.2035097629 -0.2086938173 -0.2028717399 0.9567078948
45.4 337.6 2129.3 0 0 0 0 0 0 0 0 0
268.0 -226.6 2262.3 0 0 0 0 0 0 0 0 0
-47.4 -798.8 2373.5 0 0 0 0 0 0 0 0 0
192.4 -867.0 2391.3 0 0 0 0 0 0 0 0 0
47.9 492.0 2314.3 1 0.9865937233 -0.0975871161 -0.1308037490 0.1034733057 0.9938685298 0.0389694236 0.1261988133 -0.0519816838 0.9906420708
67.5 293.2 2324.7 0.9865937233 -0.0975871161 -0.1308037490 0.1034733057 0.9938685298 0.0389694236 0.1261988133 -0.0519816838 0.9906420708
84.4 95.4 2333.7 0.9877530932 -0.0857136920 -0.1303727180 0.0908921733 0.9952701330 0.0342920236 0.1268167794 -0.0457219146 0.9908718467
-71.3 280.4 2306.8 0.1003792435 -0.8003237844 -0.5911055803 0.7412285209 0.4564663172 -0.4921572506 0.6637049317 -0.3887419701 0.6390426159
-92.7 122.6 2165.6 -0.5342711806 -0.8003237844 0.2720957696 -0.8371924162 0.4564663172 -0.3012429774 0.1168893948 -0.3887419701 -0.9139018059
206.2 306.1 2342.5 0.2439050823 0.6235181689 0.7427889109 -0.9695455432 0.1742872298 0.1720620990 -0.0221747719 -0.7621344924 0.6470388174
272.9 41.3 2336.4 -0.0175380055 0.6241813302 0.7810826302 -0.9631038904 0.1992841363 -0.1808776110 -0.2685578167 -0.7554360032 0.5976564288
11.9 -110.9 2331.5 0.9814591408 0.1156777367 -0.1528286636 -0.1065319479 0.9920654297 0.0667618513 0.1593388915 -0.0492428951 0.9859950542
-34.0 -505.3 2351.1 0.9874606133 0.0455090255 -0.1511636525 -0.0335252658 0.9961581826 0.0809011161 0.1542646289 -0.0748188645 0.9851926565
193.7 -95.1 2347.8 0.9848207235 0.0333064348 0.1703492403 -0.0191846304 0.9962908626 -0.0838834122 -0.1725112647 0.0793420374 0.9818068743
180.5 -491.1 2316.2 0.9841788411 -0.0383410379 0.1729795486 0.0047226972 0.9816350341 0.1907099932 -0.1771147996 -0.1868758202 0.9662855268
45.2 338.7 2135.4 0 0 0 0 0 0 0 0 0
268.0 -223.6 2262.5 0 0 0 0 0 0 0 0 0
-47.5 -799.4 2373.2 0 0 0 0 0 0 0 0 0
195.1 -866.3 2387.6 0 0 0 0 0 0 0 0 0
47.3 494.9 2318.5 2 0.9911850691 -0.0904328823 -0.0968196392 0.0937537625 0.9951339364 0.0303089526 0.0936075822 -0.0391189866 0.9948403239
65.4 296.1 2326.3 0.9911850691 -0.0904328823 -0.0968196392 0.0937537625 0.9951339364 0.0303089526 0.0936075822 -0.0391189866 0.9948403239
81.3 98.2 2334.1 0.9920284152 -0.0805523992 -0.0969066024 0.0839328542 0.9959790111 0.0313216634 0.0939939097 -0.0392056294 0.9948005080
-74.0 284.3 2313.1 0.0832982361 -0.7968487740 -0.5984090567 0.7375784516 0.4530977607 -0.5006799698 0.6701040268 -0.3996678889 0.6254807711
-92.5 121.0 2164.7 -0.5362743139 -0.7968487740 0.2782838047 -0.8351135254 0.4530977607 -0.3119100332 0.1224553511 -0.3996678889 -0.9084438682
204.8 308.0 2339.5 0.2432798445 0.6037471890 0.7591470480 -0.9699537158 0.1531758159 0.1890157312 -0.0021652502 -0.7823212147 0.6228714585
271.7 41.2 2338.9 -0.0120729711 0.6058352590 0.7954984903 -0.9596751928 0.2164295465 -0.1793929040 -0.2808519304 -0.7655859590 0.5787920952
10.9 -110.8 2331.2 0.9865012765 0.1115220264 -0.1199084595 -0.1050884724 0.9927276969 0.0587206073 0.1255850941 -0.0453269556 0.9910468459
-33.4 -505.5 2349.2 0.9918695688 0.0520041399 -0.1161478385 -0.0414410941 0.9949352145 0.0915780291 0.1203220114 -0.0860201642 0.9890010953
191.9 -94.1 2354.4 0.9788165092 0.0323976651 0.2021599114 -0.0124670826 0.9950000644 -0.0990932882 -0.2043595165 0.0944738016 0.9743263721
179.0 -489.6 2316.9 0.9784076214 -0.0394221172 0.2028902918 -0.0004684569 0.9812159538 0.1929119080 -0.2066841871 -0.1888415217 0.9600107074
45.9 336.5 2133.1 0 0 0 0 0 0 0 0 0
268.4 -222.7 2261.7 0 0 0 0 0 0 0 0 0
-48.8 -799.8 2374.7 0 0 0 0 0 0 0 0 0
194.0 -864.7 2389.1 0 0 0 0 0 0 0 0 0
48.3 494.1 2320.6 3 0.9931300282 -0.0836220905 -0.0818537846 0.0860561356 0.9959332943 0.0266684238 0.0792908370 -0.0335292332 0.9962874651
65.0 294.7 2327.4 0.9931300282 -0.0836220905 -0.0818537846 0.0860561356 0.9959332943 0.0266684238 0.0792908370 -0.0335292332 0.9962874651
80.4 96.7 2334.2 0.9935970306 -0.0777510330 -0.0819742233 0.0802912042 0.9963737130 0.0281553976 0.0794878528 -0.0345569290 0.9962366819
-74.7 283.4 2316.2 0.0828868747 -0.8008998036 -0.5930339694 0.7229550481 0.4579035938 -0.5173588991 0.6859050393 -0.3858546615 0.6169687510
-93.4 121.0 2162.1 -0.5418451428 -0.8008998036 0.2548790872 -0.8284811378 0.4579035938 -0.3224023581 0.1415019184 -0.3858546615 -0.9116432071
204.7 306.1 2338.5 0.2446526140 0.5960534811 0.7647649050 -0.9695244431 0.1398566514 0.2011528462 0.0129403891 -0.7906708717 0.6121047139
271.3 42.3 2342.0 -0.0137371924 0.5996727347 0.8001274467 -0.9562055469 0.2261015922 -0.1858735681 -0.2923733890 -0.7676396966 0.5703043938
6.4 -107.5 2333.3 0.9886574745 0.1077229306 -0.1046525389 -0.1020454839 0.9930766821 0.0581839569 0.1101957485 -0.0468446873 0.9928053617
-36.4 -502.4 2352.0 0.9940713048 0.0379928984 -0.1018760353 -0.0295173749 0.9960748553 0.0834484398 0.1046466008 -0.0799465925 0.9912908673
188.2 -92.1 2350.6 0.9756833315 0.0302502271 0.2170874029 -0.0130485781 0.9966902733 -0.0802387744 -0.2187961489 0.0754549503 0.9728488326
176.2 -488.3 2320.6 0.9746761322 -0.0519338921 0.2175070047 0.0120265689 0.9834245443 0.1809185594 -0.2232975364 -0.1737211496 0.9591450095
46.0 334.1 2125.7 0 0 0 0 0 0 0 0 0
267.5 -220.6 2261.6 0 0 0 0 0 0 0 0 0
-47.8 -799.0 2375.8 0 0 0 0 0 0 0 0 0
196.0 -864.2 2387.0 0 0 0 0 0 0 0 0 0
47.6 494.7 2322.7 4 0.9934121370 -0.0834382996 -0.0785520449 0.0848494396 0.9962839484 0.0147956423 0.0770256147 -0.0213632677 0.9968001842
64.3 294.8 2327.0 0.9934121370 -0.0834382996 -0.0785520449 0.0848494396 0.9962839484 0.0147956423 0.0770256147 -0.0213632677 0.9968001842
79.9 96.7 2332.5 0.9937843084 -0.0783412829 -0.0790911093 0.0802647546 0.9965430498 0.0214359537 0.0771383718 -0.0276509430 0.9966368675
-75.5 283.5 2316.2 0.0906071141 -0.7962689996 -0.5981187224 0.7209506035 0.4667769670 -0.5122006536 0.6870375276 -0.3848050237 0.6163639426
-95.8 122.2 2162.4 -0.5453574061 -0.7962689996 0.2618032694 -0.8291760683 0.4667769670 -0.3075487912 0.1226878315 -0.3848050237 -0.9148074985
204.1 306.2 2337.8 0.2392842472 0.5984870195 0.7645628452 -0.9705969095 0.1262195408 0.2049639225 0.0261654891 -0.7911269665 0.6110920310
269.6 40.4 2345.0 -0.0086693987 0.6036582589 0.7971960306 -0.9518371224 0.2393626273 -0.1916029006 -0.3064815998 -0.7604618669 0.5725092292
4.7 -108.8 2333.8 0.9886356592 0.1107791364 -0.1016243622 -0.1058146358 0.9929712415 0.0530225001 0.1067838594 -0.0416665897 0.9934088588
-39.3 -503.6 2350.4 0.9948562980 0.0259882119 -0.0979061052 -0.0175759904 0.9961552620 0.0858241543 0.0997601002 -0.0836618990 0.9914880991
186.9 -94.0 2348.4 0.9751325250 0.0261566117 0.2200735807 -0.0081303660 0.9965645075 -0.0824204683 -0.2214733511 0.0785816014 0.9719951153
176.5 -490.2 2317.2 0.9747065306 -0.0448669977 0.2189386934 0.0024234222 0.9817052484 0.1903913915 -0.2234755605 -0.1850451529 0.9569832683
44.5 335.5 2130.8 0 0 0 0 0 0 0 0 0
267.2 -221.4 2260.7 0 0 0 0 0 0 0 0 0
-47.0 -799.5 2375.3 0 0 0 0 0 0 0 0 0
193.7 -865.5 2387.9 0 0 0 0 0 0 0 0 0
47.6 493.0 2315.7 5 0.9871781468 -0.1392421424 -0.0780444071 0.1444773376 0.9873049855 0.0659933090 0.0678645894 -0.0764228031 0.9947632551
76.1 290.9 2331.4 0.9871781468 -0.1392421424 -0.0780444071 0.1444773376 0.9873049855 0.0659933090 0.0678645894 -0.0764228031 0.9947632551
85.2 92.5 2333.5 0.9963214397 -0.0455450602 -0.0725893974 0.0461993515 0.9989051223 0.0073593566 0.0721747354 -0.0106858676 0.9973347783
-64.0 284.4 2321.3 0.1211987063 -0.8163315654 -0.5647243857 0.6990218163 0.4741166830 -0.5353334546 0.7047548294 -0.3298729360 0.6280958652
-91.5 125.8 2161.3 -0.5198401213 -0.8163315654 0.2517320812 -0.8520212173 0.4741166830 -0.2219756991 0.0618554018 -0.3298729360 -0.9419966936
216.2 297.4 2341.5 0.2004848421 0.6003118753 0.7742296457 -0.9795097709 0.1073821038 0.1703811288 0.0191434026 -0.7925242782 0.6095398068
268.6 41.4 2346.5 -0.0017000870 0.6072936654 0.7944756150 -0.9483875036 0.2509571612 -0.1938599944 -0.3171092868 -0.7538002729 0.5755230784
4.3 -108.7 2330.9 0.9901095033 0.1060260609 -0.0918782428 -0.1010456830 0.9932318926 0.0572733097 0.0973288640 -0.0474229492 0.9941217899
