-60.0 447.5 1846.5 5 0.9974967241 -0.0388939716 -0.0590553805 0.0380888395 0.9991662502 -0.0146989236 0.0595778413 0.0124127772 0.9981464744
-50.3 197.5 1843.3 0.9974967241 -0.0388939716 -0.0590553805 0.0380888395 0.9991662502 -0.0146989236 0.0595778413 0.0124127772 0.9981464744
-53.5 3.2 1863.3 0.9980520606 0.0154578229 -0.0604412146 -0.0091550387 0.9946186543 0.1031983644 0.0617111810 -0.1024439931 0.9928227067
-192.2 198.7 1834.7 0.1512336880 -0.9667657018 -0.2061368674 0.9862685204 0.1335772127 0.0971158668 -0.0663531050 -0.2179934978 0.9736919999
-230.8 -52.9 1851.6 -0.1508010477 -0.9559495449 -0.2518323660 0.9349470139 -0.0551603362 -0.3504731953 0.3211435378 -0.2883016169 0.9020803571
91.6 196.2 1852.0 0.6829608679 0.5384527445 0.4935920537 0.0769421905 0.6189432144 -0.7816579938 -0.7263913155 0.5718198419 0.3812842667
239.1 212.9 1695.2 -0.7519234419 0.5384527445 0.3803679943 0.6592274308 0.6189432144 0.4269993901 -0.0055071935 0.5718198419 -0.8203607202
-140.4 -175.9 1874.5 0.9940223098 0.0357981436 -0.1031411365 -0.0513306111 0.9870279431 -0.1521216780 0.0963575095 0.1565066427 0.9829653502
-154.5 -564.5 1812.9 0.9953293204 0.0008031349 -0.0965346172 -0.0009016059 0.9999991059 -0.0009764436 0.0965337455 0.0010589191 0.9953291416
38.5 -177.4 1883.8 0.9395455718 -0.0357224271 -0.3405554593 0.0022882740 0.9951763153 -0.0980755910 0.3424162269 0.0913672000 0.9350952506
52.4 -566.0 1848.1 0.9395480156 0.0000000000 -0.3424171209 0.0000000000 1.0000000000 0.0000000000 0.3424171209 0.0000000000 0.9395480156
-188.3 -316.0 1761.2 0 0 0 0 0 0 0 0 0
47.2 381.1 1693.8 0 0 0 0 0 0 0 0 0
-154.8 -941.1 1812.5 0 0 0 0 0 0 0 0 0
52.4 -942.6 1848.1 0 0 0 0 0 0 0 0 0
-62.5 447.9 1846.9 6 0.9978188276 -0.0433293879 -0.0498015657 0.0416431576 0.9985397458 -0.0344123505 0.0512199104 0.0322633944 0.9981661439
-51.4 189.9 1838.5 0.9978188276 -0.0433293879 -0.0498015657 0.0416431576 0.9985397458 -0.0344123505 0.0512199104 0.0322633944 0.9981661439
-56.7 -3.8 1864.7 0.9983170629 0.0272957832 -0.0511665046 -0.0201707613 0.9906501770 0.1349273026 0.0543710552 -0.1336681694 0.9895335436
-193.4 192.8 1830.8 0.1537784934 -0.9677354693 -0.1996001154 0.9845042825 0.1328293234 0.1144885495 -0.0842818841 -0.2141130418 0.9731660485
-232.9 -59.7 1852.4 -0.1225099713 -0.9609481692 -0.2481328100 0.9345781207 -0.0275615677 -0.3546887040 0.3339985311 -0.2753523886 0.9014577270
90.7 187.0 1846.3 0.6860080361 0.5240726471 0.5047186017 0.1301463991 0.5941099524 -0.7937854528 -0.7158595920 0.6102304459 0.3393580019
238.1 215.0 1692.5 -0.7542725801 0.5240726471 0.3955006003 0.6565048695 0.5941099524 0.4647953510 0.0086157136 0.6102304459 -0.7921770811
-147.2 -188.4 1876.9 0.9950249791 0.0138043780 -0.0986649618 -0.0301305018 0.9856728315 -0.1659555733 0.0949604586 0.1681027710 0.9811849594
-152.7 -575.4 1810.9 0.9954754710 0.0004015449 -0.0950182527 -0.0004500335 0.9999997616 -0.0004888804 0.0950180292 0.0005294298 0.9954754114
32.3 -191.5 1887.7 0.9413623214 -0.0607409105 -0.3318848610 0.0211462732 0.9923492074 -0.1216382384 0.3367341161 0.1074875221 0.9354445934
56.1 -579.4 1845.7 0.9415728450 0.0000000000 -0.3368094265 0.0000000000 1.0000000000 0.0000000000 0.3368094265 0.0000000000 0.9415728450
-198.4 -322.8 1758.4 0 0 0 0 0 0 0 0 0
46.0 382.2 1694.7 0 0 0 0 0 0 0 0 0
-152.8 -952.0 1810.7 0 0 0 0 0 0 0 0 0
56.1 -956.1 1845.7 0 0 0 0 0 0 0 0 0
-64.9 448.2 1846.6 7 0.9971789718 -0.0612944365 -0.0433248319 0.0595246293 0.9973835349 -0.0410238095 0.0457260050 0.0383291878 0.9982184172
-48.9 186.6 1836.5 0.9971789718 -0.0612944365 -0.0433248319 0.0595246293 0.9973835349 -0.0410238095 0.0457260050 0.0383291878 0.9982184172
-57.0 -5.9 1869.7 0.9981092811 0.0413656123 -0.0454615168 -0.0329966731 0.9846348763 0.1714799553 0.0518563688 -0.1696556509 0.9841381311
-191.0 191.3 1829.1 0.1608328819 -0.9664379358 -0.2003258914 0.9833582640 0.1395311356 0.1163512170 -0.0844945386 -0.2157052159 0.9727959633
-233.1 -66.0 1851.2 -0.1148969084 -0.9609265327 -0.2518311143 0.9370526671 -0.0206910279 -0.3485744894 0.3297438323 -0.2760291398 0.9028161168
93.3 181.9 1843.9 0.6816327572 0.5187844038 0.5159839988 0.1540516019 0.5876314640 -0.7943282723 -0.7152935266 0.6209283471 0.3206292987
238.3 214.7 1691.7 -0.7535166740 0.5187844038 0.4038259089 0.6573868394 0.5876314640 0.4717327654 0.0074268118 0.6209283471 -0.7838321328
-152.5 -194.6 1885.4 0.9951533675 0.0004796199 -0.0983336791 -0.0193004534 0.9814903140 -0.1905366480 0.0964221656 0.1915110797 0.9767426848
-152.7 -579.4 1810.4 0.9953383207 0.0002007667 -0.0964448228 -0.0002253605 0.9999999404 -0.0002441105 0.0964447632 0.0002647074 0.9953383207
27.5 -199.1 1895.2 0.9420491457 -0.0803550035 -0.3257091641 0.0316456631 0.9878459573 -0.1521805376 0.3339789510 0.1330542564 0.9331423640
58.9 -585.4 1843.1 0.9425212145 0.0000000000 -0.3341463208 0.0000000000 1.0000000000 0.0000000000 0.3341463208 0.0000000000 0.9425212145
-200.7 -329.8 1758.4 0 0 0 0 0 0 0 0 0
46.2 382.3 1693.6 0 0 0 0 0 0 0 0 0
-152.8 -956.1 1810.3 0 0 0 0 0 0 0 0 0
58.9 -962.1 1843.1 0 0 0 0 0 0 0 0 0
-66.9 446.7 1848.9 8 0.9988655448 -0.0461535007 0.0117228050 0.0461889766 0.9989288449 -0.0027735943 -0.0115822377 0.0033119123 0.9999274611
-56.3 216.4 1848.2 0.9988655448 -0.0461535007 0.0117228050 0.0461889766 0.9989288449 -0.0027735943 -0.0115822377 0.0033119123 0.9999274611
-58.4 22.3 1868.8 0.9999095201 0.0093134213 0.0097057549 -0.0102933086 0.9942746758 0.1063573435 -0.0086596357 -0.1064476296 0.9942805767
-198.4 217.6 1849.3 0.1211865321 -0.9816622734 -0.1471494883 0.9925978780 0.1186555400 0.0258908458 -0.0079559647 -0.1491978914 0.9887753725
-233.4 -68.4 1851.6 -0.1416962445 -0.9729651809 -0.1823759377 0.9316480160 -0.0688013658 -0.3567888737 0.3345954120 -0.2204658240 0.9162099957
85.9 215.2 1847.1 0.7030560970 0.5537310839 0.4461995065 -0.0155179920 0.6392440796 -0.7688473463 -0.7109650373 0.5336186886 0.4580172598
240.6 211.8 1690.6 -0.7534292936 0.5537310839 0.3545789421 0.6575031281 0.6392440796 0.3988190293 -0.0058239908 0.5336186886 -0.8457051516
-154.6 -191.7 1896.1 0.9993582368 -0.0029100296 -0.0357027352 -0.0050759497 0.9751331210 -0.2215616852 0.0354596712 0.2216007262 0.9744925499
-153.4 -576.2 1808.7 0.9993710518 0.0001003819 -0.0354607813 -0.0001050121 1.0000000000 -0.0001287090 0.0354607664 0.0001323518 0.9993710518
27.0 -190.4 1898.2 0.9590749145 -0.0829069614 -0.2707429826 0.0382192396 0.9853274822 -0.1663400382 0.2805612385 0.1491849720 0.9481714964
60.2 -584.6 1838.5 0.9597761631 0.0000000000 -0.2807663679 0.0000000000 1.0000000000 0.0000000000 0.2807663679 0.0000000000 0.9597761631
-193.5 -330.7 1757.4 0 0 0 0 0 0 0 0 0
49.2 378.9 1689.1 0 0 0 0 0 0 0 0 0
-153.5 -952.9 1808.6 0 0 0 0 0 0 0 0 0
60.2 -961.3 1838.5 0 0 0 0 0 0 0 0 0
-68.5 444.0 1848.6 9 0.9985214472 -0.0393978059 0.0374532305 0.0385496207 0.9989895225 0.0231054742 -0.0383256897 -0.0216275044 0.9990312457
-60.1 230.1 1853.2 0.9985214472 -0.0393978059 0.0374532305 0.0385496207 0.9989895225 0.0231054742 -0.0383256897 -0.0216275044 0.9990312457
-58.8 35.2 1868.0 0.9993121028 -0.0081438711 0.0361803025 0.0053539621 0.9970514178 0.0765493587 -0.0366970301 -0.0763029903 0.9964091182
-202.3 229.1 1858.4 0.1157307178 -0.9863182306 -0.1173998117 0.9932805896 0.1149531901 0.0133956401 0.0002831184 -0.1181612387 0.9929943681
-234.4 -46.3 1858.3 -0.1549119949 -0.9761621356 -0.1520189643 0.9295845628 -0.0919303522 -0.3569612205 0.3344768584 -0.1966120601 0.9216663837
82.1 231.0 1848.1 0.7085815072 0.5673831701 0.4195099175 -0.0933335200 0.6646572948 -0.7412958741 -0.6994291544 0.4861141741 0.5239197612
243.2 209.8 1689.1 -0.7550142407 0.5673831701 0.3286788464 0.6555352807 0.6646572948 0.3584748209 -0.0150661953 0.4861141741 -0.8737654090
-150.5 -169.1 1889.0 0.9999392033 0.0098108761 -0.0050292169 -0.0105858734 0.9818456769 -0.1893859953 0.0030798719 0.1894277185 0.9818898439
-154.3 -554.8 1814.6 0.9999952316 0.0000501906 -0.0030807434 -0.0000503942 1.0000000000 -0.0000660205 0.0030807401 0.0000661754 0.9999952316
30.5 -167.0 1884.0 0.9666004777 -0.0632847250 -0.2483516037 0.0362422317 0.9930481315 -0.1119905040 0.2537123859 0.0992492586 0.9621744156
55.5 -559.6 1844.8 0.9672359228 0.0000000000 -0.2538791895 0.0000000000 1.0000000000 0.0000000000 0.2538791895 0.0000000000 0.9672359228
-190.7 -308.1 1764.1 0 0 0 0 0 0 0 0 0
51.3 376.4 1685.2 0 0 0 0 0 0 0 0 0
-154.4 -931.5 1814.6 0 0 0 0 0 0 0 0 0
55.5 -936.2 1844.8 0 0 0 0 0 0 0 0 0
-69.5 442.1 1846.9 0 0.9976968169 -0.0619685762 -0.0275854636 0.0621232092 0.9980570078 0.0047835079 0.0272354390 -0.0064861882 0.9996079803
-55.1 209.4 1848.5 0.9976968169 -0.0619685762 -0.0275854636 0.0621232092 0.9980570078 0.0047835079 0.0272354390 -0.0064861882 0.9996079803
-53.2 14.4 1864.0 0.9994891882 -0.0102193421 -0.0302814674 0.0125936409 0.9967724681 0.0792844221 0.0293734986 -0.0796252787 0.9963920116
-197.1 207.5 1844.2 0.1458204687 -0.9740688801 -0.1729917824 0.9870617986 0.1314627975 0.0917962566 -0.0666738972 -0.1841393560 0.9806361794
-233.5 -38.7 1860.9 -0.1398067176 -0.9653276205 -0.2204466164 0.9283497334 -0.0503486805 -0.3682821989 0.3444137573 -0.2561399043 0.9032006860
86.9 211.3 1852.7 0.6854380965 0.5523803234 0.4743949473 0.0045241709 0.6482807994 -0.7613879442 -0.7281168103 0.5240305662 0.4418573081
241.7 212.3 1688.2 -0.7583596110 0.5523803234 0.3460732698 0.6517992616 0.6482807994 0.3935603201 -0.0069576665 0.5240305662 -0.8516710401
-146.9 -162.4 1884.7 0.9974963069 0.0175218042 -0.0685134605 -0.0296926126 0.9830550551 -0.1808896065 0.0641829893 0.1824710667 0.9811140895
-153.7 -544.9 1813.7 0.9979362488 0.0000250952 -0.0642122328 -0.0000271681 1.0000000000 -0.0000314079 0.0642122328 0.0000330876 0.9979362488
33.8 -159.5 1878.0 0.9486033320 -0.0536640771 -0.3118843734 0.0262506530 0.9954643846 -0.0914416537 0.3153769076 0.0785546899 0.9457095861
54.7 -548.0 1847.4 0.9489303827 0.0000000000 -0.3154856265 0.0000000000 1.0000000000 0.0000000000 0.3154856265 0.0000000000 0.9489303827
-194.1 -300.2 1763.9 0 0 0 0 0 0 0 0 0
48.8 378.2 1686.5 0 0 0 0 0 0 0 0 0
-153.7 -921.5 1813.7 0 0 0 0 0 0 0 0 0
54.7 -924.6 1847.4 0 0 0 0 0 0 0 0 0
-70.5 443.0 1845.6 1 0.9952710271 -0.0767364353 -0.0595575981 0.0760576576 0.9970108867 -0.0135848308 0.0604220256 0.0089907767 0.9981324077
-51.8 199.9 1843.4 0.9952710271 -0.0767364353 -0.0595575981 0.0760576576 0.9970108867 -0.0135848308 0.0604220256 0.0089907767 0.9981324077
-51.4 5.9 1867.6 0.9978756309 -0.0031929857 -0.0650693625 0.0112342024 0.9922695756 0.1235917211 0.0641717240 -0.1240601689 0.9901974797
-193.7 198.1 1834.3 0.1479299814 -0.9663553238 -0.2104140818 0.9854615331 0.1260507554 0.1139157340 -0.0835602209 -0.2242065221 0.9709526896
-232.0 -57.2 1855.9 -0.1240244731 -0.9587938786 -0.2556016743 0.9274978638 -0.0204679873 -0.3732677102 0.3526551425 -0.2833643556 0.8918178082
90.1 201.7 1852.6 0.6684907079 0.5468021631 0.5041106939 0.0595100150 0.6363219023 -0.7691248059 -0.7413358092 0.5441524386 0.3928350508
240.8 215.1 1685.5 -0.7621585131 0.5468021631 0.3465859890 0.6473293900 0.6363219023 0.4195939898 0.0088946475 0.5441524386 -0.8389392495
-141.1 -182.9 1876.1 0.9936047792 0.0426473953 -0.1045502871 -0.0592483729 0.9851379395 -0.1612228751 0.0961207226 0.1663862616 0.9813645482
-157.8 -567.3 1811.2 0.9953532219 0.0000125476 -0.0962907746 -0.0000140823 1.0000000000 -0.0000152587 0.0962907746 0.0000165438 0.9953532219
39.2 -179.6 1881.4 0.9388800859 -0.0305861942 -0.3428828120 -0.0076933168 0.9939319491 -0.1097275689 0.3441583216 0.1056589410 0.9329476357
51.1 -568.0 1840.2 0.9389079213 0.0000000000 -0.3441685140 0.0000000000 1.0000000000 0.0000000000 0.3441685140 0.0000000000 0.9389079213
-197.1 -318.4 1756.6 0 0 0 0 0 0 0 0 0
46.9 379.7 1687.8 0 0 0 0 0 0 0 0 0
-157.8 -944.0 1811.2 0 0 0 0 0 0 0 0 0
51.1 -944.7 1840.2 0 0 0 0 0 0 0 0 0
-72.0 443.7 1845.4 2 0.9939360619 -0.0860393718 -0.0684713796 0.0843007490 0.9960498214 -0.0278941467 0.0706009045 0.0219528098 0.9972630739
-50.4 194.5 1839.9 0.9939360619 -0.0860393718 -0.0684713796 0.0843007490 0.9960498214 -0.0278941467 0.0706009045 0.0219528098 0.9972630739
-49.9 1.2 1870.2 0.9970504642 -0.0034722839 -0.0766699687 0.0152695598 0.9879796505 0.1538278461 0.0752142370 -0.1545448452 0.9851186275
-192.4 192.2 1829.2 0.1492125243 -0.9629790187 -0.2245152295 0.9844511151 0.1233910471 0.1250224710 -0.0926908404 -0.2396791875 0.9664172530
-231.5 -65.8 1853.5 -0.1079173535 -0.9571743608 -0.2686468661 0.9308144450 -0.0023661235 -0.3654844165 0.3491966426 -0.2895025015 0.8912070394
91.5 196.8 1850.7 0.6629154086 0.5427809358 0.5156859756 0.0886028782 0.6270651817 -0.7739113569 -0.7434330583 0.5587289929 0.3675991893
240.4 216.7 1683.7 -0.7646015286 0.5427809358 0.3475245535 0.6441994309 0.6270651817 0.4379456043 0.0197879877 0.5587289929 -0.8291141987
-140.8 -189.9 1885.7 0.9919734597 0.0456607044 -0.1179140061 -0.0672346428 0.9802393317 -0.1860386878 0.1070892885 0.1924733520 0.9754413962
-158.7 -573.0 1810.5 0.9942231774 0.0000062738 -0.1073326692 -0.0000071254 1.0000000000 -0.0000075507 0.1073326692 0.0000082719 0.9942231774
39.3 -187.2 1897.3 0.9358782172 -0.0303603578 -0.3510131836 -0.0264789127 0.9874017239 -0.1560024172 0.3513273001 0.1552937031 0.9232838154
51.1 -573.0 1836.6 0.9362064600 0.0000000000 -0.3514505327 0.0000000000 1.0000000000 0.0000000000 0.3514505327 0.0000000000 0.9362064600
-201.1 -328.0 1755.2 0 0 0 0 0 0 0 0 0
45.8 380.6 1688.7 0 0 0 0 0 0 0 0 0
-158.7 -949.6 1810.5 0 0 0 0 0 0 0 0 0
51.1 -949.7 1836.6 0 0 0 0 0 0 0 0 0
-74.1 443.7 1845.9 3 0.9954797626 -0.0739605352 -0.0595805831 0.0706321746 0.9959204197 -0.0561575629 0.0634909645 0.0516954139 0.9966425896
-54.5 180.0 1832.2 0.9954797626 -0.0739605352 -0.0595805831 0.0706321746 0.9959204197 -0.0561575629 0.0634909645 0.0516954139 0.9966425896
-52.1 -11.8 1870.3 0.9974366426 -0.0123421540 -0.0704828426 0.0258125067 0.9807513356 0.1935471892 0.0667373538 -0.1948703974 0.9785559177
-196.6 176.3 1822.7 0.1359296888 -0.8705006838 -0.4730239511 0.9841222763 0.0636359081 0.1656920761 -0.1141337603 -0.4880358577 0.8653290868
-230.7 -71.1 1851.4 -0.1258810014 -0.8705006838 -0.4757966995 0.9298353791 0.0636359081 -0.3624314964 0.3457746208 -0.4880358577 0.8014118075
87.6 183.7 1841.6 0.6850315332 0.5190109611 0.5112332702 0.1492595375 0.5868726969 -0.7958027124 -0.7130591869 0.6214563847 0.3245589733
240.6 217.0 1682.3 -0.7666262388 0.5190109611 0.3780368865 0.6411510706 0.5868726969 0.4944751859 0.0347784981 0.6214563847 -0.7826764584
-139.3 -193.8 1893.4 0.9922973514 0.0525312535 -0.1121890619 -0.0755173340 0.9744168520 -0.2116811723 0.0981990397 0.2185228914 0.9708783031
-159.9 -574.9 1807.9 0.9951390028 0.0000031369 -0.0984805375 -0.0000035290 1.0000000000 -0.0000038069 0.0984805375 0.0000041359 0.9951390028
40.8 -190.7 1907.0 0.9398148656 -0.0231776685 -0.3408970237 -0.0428753719 0.9818110466 -0.1849561632 0.3389832973 0.1884406358 0.9217268825
49.8 -574.5 1833.3 0.9406799078 0.0000000000 -0.3392952979 0.0000000000 1.0000000000 0.0000000000 0.3392952979 0.0000000000 0.9406799078
-195.3 -333.0 1754.0 0 0 0 0 0 0 0 0 0
45.3 380.4 1691.2 0 0 0 0 0 0 0 0 0
-159.9 -951.5 1807.9 0 0 0 0 0 0 0 0 0
49.8 -951.2 1833.3 0 0 0 0 0 0 0 0 0
-76.2 444.2 1845.6 4 0.9969956279 -0.0617341027 0.0467827320 0.0617896393 0.9980891347 0.0002594248 -0.0467093512 0.0026320429 0.9989050627
-61.9 213.4 1845.0 0.9969956279 -0.0617341027 0.0467827320 0.0617896393 0.9980891347 0.0002594248 -0.0467093512 0.0026320429 0.9989050627
-57.2 19.7 1869.5 0.9987568855 -0.0282987654 0.0410349183 0.0228664745 0.9916027188 0.1272839159 -0.0442923121 -0.1261873543 0.9910171032
-203.3 209.6 1851.2 0.0850543156 -0.9201470613 -0.3822239935 0.9960689545 0.0880508199 0.0096808644 0.0247473177 -0.3815448284 0.9240189791
-228.8 -88.2 1843.8 -0.1749740392 -0.9063512683 -0.3845925331 0.9222307205 -0.0140853552 -0.3863833547 0.3447819352 -0.4222901165 0.8383295536
79.5 217.2 1838.7 0.7261141539 0.5390242338 0.4268619418 -0.0120786177 0.6307271123 -0.7759107351 -0.6874680519 0.5582438111 0.4644905329
244.7 214.4 1682.3 -0.7749425173 0.5390242338 0.3300257325 0.6310462952 0.6307271123 0.4516235888 0.0352798849 0.5582438111 -0.8289265037
-140.5 -194.4 1899.4 0.9990165830 0.0442946702 -0.0019617125 -0.0433744341 0.9671723247 -0.2503923178 -0.0091937315 0.2502311468 0.9681424499
-158.3 -582.7 1798.9 0.9999576807 0.0000015684 0.0092023015 -0.0000015493 1.0000000000 -0.0000020823 -0.0092023015 0.0000020680 0.9999576807
39.1 -185.7 1901.8 0.9711184502 -0.0269233435 -0.2370739132 -0.0170798618 0.9832198620 -0.1816232502 0.2379856706 0.1804268807 0.9543631077
50.0 -582.9 1828.9 0.9712601304 0.0000000000 -0.2380203903 0.0000000000 1.0000000000 0.0000000000 0.2380203903 0.0000000000 0.9712601304
-179.5 -347.7 1746.8 0 0 0 0 0 0 0 0 0
48.2 374.4 1691.2 0 0 0 0 0 0 0 0 0
-158.3 -959.4 1798.9 0 0 0 0 0 0 0 0 0
50.0 -959.6 1828.9 0 0 0 0 0 0 0 0 0
-78.3 441.7 1843.4 5 0.9943153262 -0.0560676903 0.0905173868 0.0530885495 0.9979764819 0.0349929966 -0.0922961980 -0.0299886372 0.9952799082
-66.2 227.1 1849.9 0.9943153262 -0.0560676903 0.0905173868 0.0530885495 0.9979764819 0.0349929966 -0.0922961980 -0.0299886372 0.9952799082
-59.6 32.6 1868.3 0.9954945445 -0.0362780541 0.0876040086 0.0276413560 0.9948160052 0.0978627428 -0.0907001346 -0.0950003341 0.9913367033
-207.5 222.8 1862.8 0.0846605003 -0.9378937483 -0.3364340365 0.9959691763 0.0896941498 0.0005815819 0.0296307039 -0.3351271749 0.9417068362
-231.4 -58.7 1854.4 -0.1817548871 -0.9216836691 -0.3427307308 0.9203907847 -0.0367491320 -0.3892689943 0.3461878002 -0.3861977458 0.8549884558
75.1 231.4 1837.0 0.7419868708 0.5429721475 0.3932388127 -0.0737980381 0.6491464972 -0.7570750713 -0.6663402915 0.5327194929 0.5217284560
247.0 214.3 1682.5 -0.7796192765 0.5429721475 0.3120497465 0.6254082918 0.6491464972 0.4329818487 0.0325310826 0.5327194929 -0.8456664085
-142.4 -170.5 1896.5 0.9982396960 0.0361651480 0.0470058396 -0.0248471219 0.9746781588 -0.2222276181 -0.0538524613 0.2206684798 0.9738610387
-156.8 -556.9 1809.0 0.9985480309 0.0000007842 0.0538690649 -0.0000007274 1.0000000000 -0.0000010747 -0.0538690649 0.0000010340 0.9985480309
36.6 -163.7 1883.7 0.9803550839 -0.0345492028 -0.1941912025 0.0139061045 0.9941964746 -0.1066772044 0.1967498213 0.1018811017 0.9751459956
50.3 -557.9 1843.3 0.9804499149 0.0000000000 -0.1967688352 0.0000000000 1.0000000000 0.0000000000 0.1967688352 0.0000000000 0.9804499149
-180.2 -317.9 1756.9 0 0 0 0 0 0 0 0 0
48.9 373.3 1690.8 0 0 0 0 0 0 0 0 0
-156.8 -933.6 1809.0 0 0 0 0 0 0 0 0 0
50.3 -934.6 1843.3 0 0 0 0 0 0 0 0 0
-79.7 438.3 1842.8 6 0.9920387268 -0.0538901314 0.1138198897 0.0481194034 0.9974421263 0.0528552197 -0.1163771376 -0.0469574779 0.9920944571
-68.5 232.1 1852.6 0.9920387268 -0.0538901314 0.1138198897 0.0481194034 0.9974421263 0.0528552197 -0.1163771376 -0.0469574779 0.9920944571
-60.9 37.3 1867.8 0.9928389788 -0.0404128246 0.1124170721 0.0312031396 0.9961016178 0.0825104862 -0.1153133065 -0.0784118623 0.9902294874
-209.7 227.5 1869.0 0.0806590989 -0.9466465712 -0.3120166361 0.9961228967 0.0875868723 -0.0082285209 0.0351180620 -0.3101432323 0.9500409961
-232.0 -47.7 1859.3 -0.1681520045 -0.9327920675 -0.3187850118 0.9178779721 -0.0302282386 -0.3957098424 0.3594786823 -0.3591451347 0.8612722158
72.6 236.8 1836.1 0.7513594031 0.5376017094 0.3826792240 -0.0877098516 0.6561253071 -0.7495375872 -0.6540381908 0.5296073556 0.5401389003
248.7 216.3 1682.9 -0.7825549841 0.5376017094 0.3139938414 0.6221335530 0.6561253071 0.4271409512 0.0236124210 0.5296073556 -0.8479142189
-142.8 -161.7 1894.2 0.9969466329 0.0289227068 0.0725321099 -0.0122110937 0.9751917720 -0.2210245579 -0.0771253482 0.2194639891 0.9725673199
-154.2 -546.0 1807.7 0.9970209599 0.0000003921 0.0771310925 -0.0000003511 1.0000000000 -0.0000005457 -0.0771310925 0.0000005170 0.9970209599
36.2 -155.2 1875.5 0.9844959974 -0.0405504815 -0.1706553847 0.0259281658 0.9958658814 -0.0870565400 0.1734800637 0.0812820345 0.9814773798
52.2 -547.7 1843.4 0.9848271012 0.0000000000 -0.1735384017 0.0000000000 1.0000000000 0.0000000000 0.1735384017 0.0000000000 0.9848271012
-184.6 -306.2 1758.0 0 0 0 0 0 0 0 0 0
50.0 374.2 1688.9 0 0 0 0 0 0 0 0 0
-154.2 -922.6 1807.7 0 0 0 0 0 0 0 0 0
52.2 -924.3 1843.4 0 0 0 0 0 0 0 0 0
-80.5 437.3 1843.6 7 0.9943286180 -0.0974409059 0.0426136144 0.0961382911 0.9948655367 0.0316223986 -0.0454761311 -0.0273462553 0.9985910654
-58.5 212.8 1849.7 0.9943286180 -0.0974409059 0.0426136144 0.0961382911 0.9948655367 0.0316223986 -0.0454761311 -0.0273462553 0.9985910654
-52.6 17.7 1864.3 0.9987264276 -0.0310752708 0.0397479124 0.0279866718 0.9967125654 0.0760313123 -0.0419799387 -0.0748220682 0.9963128567
-200.3 208.7 1855.7 0.1252003908 -0.9193592668 -0.3729656935 0.9919726849 0.1092732996 0.0636357591 -0.0177489314 -0.3779390156 0.9256603718
-232.2 -43.8 1860.2 -0.1480126530 -0.9090412855 -0.3895333111 0.9217243791 0.0159769114 -0.3875163794 0.3584919274 -0.4163996875 0.8355206847
83.3 216.8 1843.8 0.7139917612 0.5263680816 0.4616843164 0.0103302468 0.6514124274 -0.7586535215 -0.7000778913 0.5464416742 0.4596655667
247.9 219.2 1682.4 -0.7845209241 0.5263680816 0.3278162479 0.6198760867 0.6514124274 0.4375105500 0.0167480204 0.5464416742 -0.8373296857
-142.9 -159.1 1893.1 0.9996570945 0.0261837468 0.0003940710 -0.0254641045 0.9754727483 -0.2186422795 -0.0061092796 0.2185572684 0.9758049846
-153.2 -542.4 1807.3 0.9999813437 0.0000001961 0.0061112549 -0.0000001945 1.0000000000 -0.0000002597 -0.0061112549 0.0000002585 0.9999813437
36.1 -152.7 1871.1 0.9690571427 -0.0433214307 -0.2430051714 0.0242556706 0.9964262247 -0.0809097216 0.2456418574 0.0725118890 0.9666447639
53.1 -544.2 1842.6 0.9693423510 0.0000000000 -0.2457141429 0.0000000000 1.0000000000 0.0000000000 0.2457141429 0.0000000000 0.9693423510
-190.5 -303.3 1759.3 0 0 0 0 0 0 0 0 0
47.9 377.2 1686.6 0 0 0 0 0 0 0 0 0
-153.2 -919.0 1807.3 0 0 0 0 0 0 0 0 0
53.1 -920.8 1842.6 0 0 0 0 0 0 0 0 0
-79.6 435.8 1839.4 8 0.9932817221 -0.1155628636 -0.0060486537 0.1156697497 0.9930405021 0.0221614148 0.0034455212 -0.0227121748 0.9997361302
-52.5 203.1 1844.7 0.9932817221 -0.1155628636 -0.0060486537 0.1156697497 0.9930405021 0.0221614148 0.0034455212 -0.0227121748 0.9997361302
-50.1 8.7 1866.3 0.9998380542 -0.0135719534 -0.0118172104 0.0147997849 0.9937200546 0.1109116077 0.0102377115 -0.1110685393 0.9937599897
-194.5 200.8 1843.2 0.1388781965 -0.8969677687 -0.4197161794 0.9889955521 0.1037961245 0.1054239422 -0.0509969667 -0.4297384918 0.9015121460
-230.7 -57.1 1856.5 -0.1328113079 -0.8905299902 -0.4351062775 0.9239965677 0.0475836284 -0.3794287741 0.3585966229 -0.4524291456 0.8165270090
89.5 205.4 1846.2 0.6826329231 0.5137351155 0.5197004676 0.0878202990 0.6483497024 -0.7562606931 -0.7254652977 0.5618886948 0.3974684775
247.2 225.6 1678.7 -0.7944336534 0.5137351155 0.3239620924 0.6067857742 0.6483497024 0.4598409235 0.0261956956 0.5618886948 -0.8267979622
-136.6 -179.3 1882.4 0.9970884323 0.0532822348 -0.0545495264 -0.0630369186 0.9784797430 -0.1964782476 0.0429068059 0.1993448287 0.9789896011
-157.5 -563.0 1804.3 0.9990754128 0.0000000980 -0.0429923199 -0.0000001035 1.0000000000 -0.0000001249 0.0429923199 0.0000001292 0.9990754128
43.2 -173.9 1874.3 0.9557874203 -0.0107909692 -0.2938604653 -0.0139778443 0.9965295792 -0.0820572004 0.2937261164 0.0825367793 0.9523196220
47.5 -564.6 1841.9 0.9558808208 0.0000000000 -0.2937548161 0.0000000000 1.0000000000 0.0000000000 0.2937548161 0.0000000000 0.9558808208
-193.3 -317.4 1755.5 0 0 0 0 0 0 0 0 0
46.2 379.1 1685.3 0 0 0 0 0 0 0 0 0
-157.5 -939.6 1804.3 0 0 0 0 0 0 0 0 0
47.5 -941.3 1841.9 0 0 0 0 0 0 0 0 0
-80.5 435.4 1837.3 9 0.9916042089 -0.1293034256 -0.0013242336 0.1293075830 0.9915972948 0.0037815985 0.0008241328 -0.0039210822 0.9999919534
-48.7 191.5 1838.3 0.9916042089 -0.1293034256 -0.0013242336 0.1293075830 0.9915972948 0.0037815985 0.0008241328 -0.0039210822 0.9999919534
-55.3 -1.4 1868.4 0.9994088411 0.0332745276 -0.0086457236 -0.0315387622 0.9874626398 0.1546702087 0.0136839077 -0.1543061137 0.9879283309
-190.7 195.9 1836.2 0.1522229761 -0.8431839943 -0.5156248212 0.9855508804 0.0902885944 0.1433088332 -0.0742806718 -0.5299894214 0.8447446823
-230.8 -63.5 1855.8 -0.1278605908 -0.8431839943 -0.5221996307 0.9238358736 0.0902885944 -0.3719881773 0.3608031273 -0.5299894214 0.7674192786
93.4 187.2 1840.4 0.6790437102 0.4799171090 0.5554990172 0.1923123747 0.6139866710 -0.7655301094 -0.7084599733 0.6266577244 0.3246298134
249.4 231.4 1677.6 -0.8068837523 0.4799171090 0.3444099426 0.5893176198 0.6139866710 0.5250953436 0.0405391306 0.6266577244 -0.7782394290
-137.8 -186.9 1886.9 0.9962845445 0.0505576208 -0.0697213486 -0.0638091564 0.9770309925 -0.2033195645 0.0578405671 0.2070129961 0.9766268730
-157.6 -569.8 1805.8 0.9983189702 0.0000000490 -0.0579586811 -0.0000000527 1.0000000000 -0.0000000617 0.0579586811 0.0000000646 0.9983189702
42.4 -183.8 1888.5 0.9537332058 -0.0152374310 -0.3002678454 -0.0207173415 0.9930102825 -0.1161954030 0.2999395728 0.1170401722 0.9467512369
48.3 -572.8 1842.6 0.9539379478 0.0000000000 -0.3000039458 0.0000000000 1.0000000000 0.0000000000 0.3000039458 0.0000000000 0.9539379478
-194.8 -323.7 1754.1 0 0 0 0 0 0 0 0 0
45.5 380.3 1687.8 0 0 0 0 0 0 0 0 0
-157.6 -946.4 1805.8 0 0 0 0 0 0 0 0 0
48.3 -949.4 1842.6 0 0 0 0 0 0 0 0 0
-81.3 437.0 1835.8 0 0.9914390445 -0.1303056777 0.0083086509 0.1303479224 0.9914568663 -0.0047614342 -0.0076172277 0.0058036875 0.9999541640
-48.4 186.8 1834.3 0.9914390445 -0.1303056777 0.0083086509 0.1303479224 0.9914568663 -0.0047614342 -0.0076172277 0.0058036875 0.9999541640
-55.6 -5.3 1870.1 0.9993308783 0.0365705490 -0.0006093223 -0.0358412825 0.9824525714 0.1830366105 0.0072923796 -0.1828922927 0.9831058979
-190.7 191.8 1833.2 0.1588106304 -0.8231813312 -0.5451161861 0.9836259484 0.0842705518 0.1593060791 -0.0852005556 -0.5614899397 0.8230856061
-232.4 -66.9 1855.6 -0.1554558277 -0.8231813312 -0.5460823774 0.9176831841 0.0842705518 -0.3882731795 0.3656378984 -0.5614899397 0.7423193455
93.8 181.7 1835.5 0.6819632053 0.4599605501 0.5686496496 0.2366526723 0.5968990922 -0.7666204572 -0.6920416355 0.6573794484 0.2982123494
251.0 236.3 1675.9 -0.8174103498 0.4599605501 0.3468091488 0.5738006830 0.5968990922 0.5607711077 0.0509225279 0.6573794484 -0.7518371940
-152.0 -191.3 1897.1 0.9978590012 -0.0000611082 -0.0654020235 -0.0159891769 0.9694272280 -0.2448576093 0.0634174645 0.2453791052 0.9673506618
-152.0 -570.4 1801.2 0.9979865551 0.0000000245 -0.0634255782 -0.0000000265 1.0000000000 -0.0000000307 0.0634255782 0.0000000323 0.9979865551
28.2 -196.8 1899.6 0.9542230964 -0.0723399892 -0.2902157903 0.0221803319 0.9847537875 -0.1725340039 0.2982722223 0.1581988484 0.9412793517
56.4 -581.6 1837.8 0.9544578791 0.0000000000 -0.2983456254 0.0000000000 1.0000000000 0.0000000000 0.2983456254 0.0000000000 0.9544578791
-188.7 -325.3 1752.7 0 0 0 0 0 0 0 0 0
45.1 380.8 1688.8 0 0 0 0 0 0 0 0 0
-152.0 -947.0 1801.2 0 0 0 0 0 0 0 0 0
56.4 -958.2 1837.8 0 0 0 0 0 0 0 0 0
-82.2 438.0 1836.0 1 0.9905573130 -0.1357246190 0.0193671174 0.1359080821 0.9906851053 -0.0084876558 -0.0180347320 0.0110396566 0.9997764230
-47.4 184.0 1833.2 0.9905573130 -0.1357246190 0.0193671174 0.1359080821 0.9906851053 -0.0084876558 -0.0180347320 0.0110396566 0.9997764230
-54.5 -7.7 1872.1 0.9993090034 0.0360890515 0.0088924961 -0.0371365286 0.9793720841 0.1986231804 -0.0015409399 -0.1988161653 0.9800356030
-189.7 189.3 1833.4 0.1566262543 -0.7910660505 -0.5913398266 0.9848435521 0.0799252018 0.1539322287 -0.0745076016 -0.6064870358 0.7915946841
-231.3 -71.8 1853.1 -0.1878384650 -0.7910660505 -0.5821779966 0.9117954373 0.0799252018 -0.4027915299 0.3651653826 -0.6064870358 0.7062773705
94.9 178.7 1833.0 0.6864769459 0.4444665611 0.5754988194 0.2615536451 0.5875409245 -0.7657580376 -0.6784829497 0.6761990190 0.2870814502
253.2 239.0 1676.5 -0.8249314427 0.4444665611 0.3491956592 0.5627148747 0.5875409245 0.5815046430 0.0532926247 0.6761990190 -0.7347888947
-153.0 -194.1 1905.1 0.9983940721 -0.0017282958 -0.0566244982 -0.0136328908 0.9628309608 -0.2697605193 0.0549860448 0.2700992525 0.9612610936
-152.4 -570.8 1799.4 0.9984868169 0.0000000123 -0.0549911559 -0.0000000131 1.0000000000 -0.0000000155 0.0549911559 0.0000000162 0.9984868169
27.4 -200.5 1906.5 0.9575296640 -0.0719763860 -0.2792066634 0.0184802320 0.9816707969 -0.1896865219 0.2877419591 0.1764706671 0.9413090348
55.5 -584.5 1837.4 0.9576932192 0.0000000000 -0.2877911329 0.0000000000 1.0000000000 0.0000000000 0.2877911329 0.0000000000 0.9576932192
-178.4 -328.5 1750.3 0 0 0 0 0 0 0 0 0
44.9 381.2 1690.0 0 0 0 0 0 0 0 0 0
-152.4 -947.5 1799.4 0 0 0 0 0 0 0 0 0
55.5 -961.2 1837.4 0 0 0 0 0 0 0 0 0
-84.0 438.4 1836.7 2 0.9905556440 -0.1027306244 0.0908069536 0.0994890556 0.9942526221 0.0395426266 -0.0943472907 -0.0301348753 0.9950831532
-60.6 212.4 1843.5 0.9905556440 -0.1027306244 0.0908069536 0.0994890556 0.9942526221 0.0395426266 -0.0943472907 -0.0301348753 0.9950831532
-59.1 19.0 1870.3 0.9963178635 -0.0102640213 0.0851195157 -0.0017106773 0.9902306199 0.1394289583 -0.0857190564 -0.1390611827 0.9865669012
-202.0 212.3 1855.5 0.0975999460 -0.8409756422 -0.5321975350 0.9951099157 0.0906213149 0.0392943434 0.0151828546 -0.5334301591 0.8457078338
-230.3 -76.1 1851.1 -0.2150810510 -0.8283190131 -0.5173274875 0.9054066539 0.0294153914 -0.4235250652 0.3660312593 -0.5594839454 0.7436388731
80.8 212.5 1831.5 0.7495906949 0.4536900818 0.4819534421 0.1115488037 0.6311312318 -0.7676133513 -0.6524344087 0.6291571259 0.4224814773
257.2 238.8 1678.0 -0.8312889934 0.4536900818 0.3211290836 0.5541293025 0.6311312318 0.5427836776 0.0435809828 0.6291571259 -0.7760553956
-151.8 -195.9 1911.1 0.9994722605 0.0033144699 0.0323147662 0.0062692291 0.9563981295 -0.2919988036 -0.0318736061 0.2920472920 0.9558725953
-153.1 -570.2 1796.8 0.9994918704 0.0000000061 0.0318742320 -0.0000000059 1.0000000000 -0.0000000083 -0.0318742320 0.0000000081 0.9994918704
29.6 -192.6 1902.9 0.9777861834 -0.0648290366 -0.1993272454 0.0286952108 0.9834154248 -0.1790828705 0.2076312602 0.1693850160 0.9634303451
55.6 -585.6 1835.2 0.9781889915 0.0000000000 -0.2077167928 0.0000000000 1.0000000000 0.0000000000 0.2077167928 0.0000000000 0.9781889915
-169.7 -331.0 1748.1 0 0 0 0 0 0 0 0 0
47.7 378.4 1689.0 0 0 0 0 0 0 0 0 0
-153.1 -946.9 1796.8 0 0 0 0 0 0 0 0 0
55.6 -962.3 1835.2 0 0 0 0 0 0 0 0 0
-84.8 438.0 1836.0 3 0.9866152406 -0.1597600132 0.0326658115 0.1578369439 0.9859435558 0.0547977649 -0.0409611389 -0.0489084385 0.9979630113
-48.5 214.1 1847.1 0.9866152406 -0.1597600132 0.0326658115 0.1578369439 0.9859435558 0.0547977649 -0.0409611389 -0.0489084385 0.9979630113
-61.6 20.8 1867.9 0.9973140359 0.0667430535 0.0301673710 -0.0696329325 0.9917181730 0.1079178751 -0.0227147620 -0.1097286567 0.9937019944
-189.7 224.0 1850.3 0.1475152224 -0.7545486689 -0.6394494772 0.9886191487 0.0931923613 0.1180987805 -0.0295194704 -0.6495933533 0.7597085238
-231.7 -57.0 1858.7 -0.2039487362 -0.7545486689 -0.6237477660 0.9075475335 0.0931923613 -0.4094785750 0.3671000302 -0.6495933533 0.6657822728
92.7 204.3 1843.8 0.6990242600 0.4588020444 0.5485122800 0.1463067681 0.6590597034 -0.7377226353 -0.6999709606 0.5959370732 0.3935728669
256.8 238.6 1679.4 -0.8307310343 0.4588020444 0.3152564466 0.5561334491 0.6590597034 0.5063160658 0.0245260336 0.5959370732 -0.8026564717
-147.2 -174.3 1904.7 0.9987216592 0.0165970735 -0.0477450378 -0.0281660352 0.9670547843 -0.2530053556 0.0419729203 0.2540267110 0.9662860036
-153.7 -552.7 1805.3 0.9991180301 0.0000000031 -0.0419895798 -0.0000000032 1.0000000000 -0.0000000039 0.0419895798 0.0000000040 0.9991180301
30.7 -171.1 1886.3 0.9595082402 -0.0576119274 -0.2757259607 0.0257795379 0.9927130342 -0.1177126467 0.2804984152 0.1058381647 0.9540015459
53.3 -561.3 1844.7 0.9598272443 0.0000000000 -0.2805916667 0.0000000000 1.0000000000 0.0000000000 0.2805916667 0.0000000000 0.9598272443
-174.2 -312.5 1755.4 0 0 0 0 0 0 0 0 0
47.3 378.9 1685.6 0 0 0 0 0 0 0 0 0
-153.7 -929.3 1805.3 0 0 0 0 0 0 0 0 0
53.3 -938.0 1844.7 0 0 0 0 0 0 0 0 0
-84.6 438.2 1835.6 4 0.9893980026 -0.1269162893 0.0705962479 0.1215731874 0.9897110462 0.0754456371 -0.0794451609 -0.0660631582 0.9946477413
-57.6 227.1 1849.7 0.9893980026 -0.1269162893 0.0705962479 0.1215731874 0.9897110462 0.0754456371 -0.0794451609 -0.0660631582 0.9946477413
-56.6 33.1 1867.8 0.9975859523 -0.0054237233 0.0692305341 -0.0012456798 0.9953871965 0.0959313363 -0.0694314912 -0.0957859904 0.9929775000
-198.8 227.2 1859.5 0.1383167654 -0.7804852724 -0.6096811891 0.9899713397 0.0911000147 0.1079702079 -0.0287271906 -0.6185010076 0.7852587104
-235.5 -35.6 1867.2 -0.1858585775 -0.7804852724 -0.5969080925 0.9107840657 0.0911000147 -0.4027073085 0.3686854541 -0.6185010076 0.6939218640
83.7 227.0 1839.9 0.7344885468 0.4556922317 0.5028629303 0.0613944381 0.6933481097 -0.7179826498 -0.6758381724 0.5582230687 0.4812793136
258.1 241.6 1679.4 -0.8384009004 0.4556922317 0.2990460694 0.5450027585 0.6933481097 0.4714237750 0.0074811187 0.5582230687 -0.8296571970
-160.5 -166.1 1891.9 0.9992861152 -0.0356100313 0.0126186116 0.0374940075 0.9757726192 -0.2155503482 -0.0046371412 0.2158695906 0.9764111638
-146.6 -547.3 1807.6 0.9999892116 0.0000000015 0.0046404041 -0.0000000015 1.0000000000 -0.0000000020 -0.0046404041 0.0000000020 0.9999892116
21.9 -171.6 1883.5 0.9682329893 -0.1095628887 -0.2247685343 0.0821178332 0.9883638024 -0.1280374974 0.2361812443 0.1055126116 0.9659634829
65.2 -562.8 1841.7 0.9715141058 0.0000000000 -0.2369816303 0.0000000000 1.0000000000 0.0000000000 0.2369816303 0.0000000000 0.9715141058
-183.2 -292.1 1763.3 0 0 0 0 0 0 0 0 0
46.9 378.9 1681.3 0 0 0 0 0 0 0 0 0
-146.6 -923.9 1807.6 0 0 0 0 0 0 0 0 0
65.2 -939.4 1841.7 0 0 0 0 0 0 0 0 0
-84.9 437.5 1831.4 5 0.9884923100 -0.1455854326 0.0410827659 0.1424038708 0.9871909022 0.0719395503 -0.0510298796 -0.0652613491 0.9965625405
-51.2 208.6 1846.6 0.9884923100 -0.1455854326 0.0410827659 0.1424038708 0.9871909022 0.0719395503 -0.0510298796 -0.0652613491 0.9965625405
-48.1 14.6 1869.0 0.9991661310 -0.0163123012 0.0374285616 0.0118441349 0.9931039810 0.1166369170 -0.0390730686 -0.1160963550 0.9924691319
-193.0 206.8 1852.1 0.1672338098 -0.8054470420 -0.5685840845 0.9837217331 0.0978517383 0.1507202536 -0.0657602400 -0.5845340490 0.8086999059
-234.3 -35.9 1868.4 -0.1716249287 -0.8054470420 -0.5672740936 0.9055088162 0.0978517383 -0.4128908515 0.3880704641 -0.5845340490 0.7125456333
90.7 210.4 1841.0 0.7113378048 0.4261528850 0.5589206219 0.1569510549 0.6788274050 -0.7173281312 -0.6851021051 0.5979858041 0.4159904718
258.9 247.5 1679.0 -0.8457981944 0.4261528850 0.3209659457 0.5334953070 0.6788274050 0.5045553446 -0.0028627808 0.5979858041 -0.8015015721
-143.3 -160.8 1892.7 0.9989107251 0.0444995165 -0.0140400548 -0.0465805903 0.9687125683 -0.2437748760 0.0027529136 0.2441633344 0.9697301984
-160.7 -538.3 1797.5 0.9999961853 0.0000000008 -0.0027559050 -0.0000000008 1.0000000000 -0.0000000010 0.0027559050 0.0000000010 0.9999961853
37.7 -160.8 1879.6 0.9660421610 -0.0441780500 -0.2545796633 0.0224925689 0.9959129691 -0.0874725133 0.2574035525 0.0787759796 0.9630876184
54.9 -548.6 1848.9 0.9662866592 0.0000000000 -0.2574687004 0.0000000000 1.0000000000 0.0000000000 0.2574687004 0.0000000000 0.9662866592
-186.0 -290.9 1759.1 0 0 0 0 0 0 0 0 0
46.0 381.8 1678.3 0 0 0 0 0 0 0 0 0
-160.7 -915.0 1797.5 0 0 0 0 0 0 0 0 0
54.9 -925.3 1848.9 0 0 0 0 0 0 0 0 0
-85.0 438.6 1833.9 6 0.9886408448 -0.1481585354 0.0252653491 0.1473446786 0.9885832071 0.0315084681 -0.0296451487 -0.0274278447 0.9991841316
-48.7 196.7 1840.6 0.9886408448 -0.1481585354 0.0252653491 0.1473446786 0.9885832071 0.0315084681 -0.0296451487 -0.0274278447 0.9991841316
-47.1 3.3 1869.0 0.9998314381 -0.0086672138 0.0161856711 0.0062117795 0.9892622828 0.1460190117 -0.0172774512 -0.1458938569 0.9891493917
-190.9 195.7 1843.0 0.1549614519 -0.8227697611 -0.5468426347 0.9857993722 0.0925263539 0.1401372403 -0.0647033304 -0.5607929826 0.8254239559
-230.6 -56.6 1859.6 -0.1648028493 -0.8227697611 -0.5439576507 0.9054376483 0.0925263539 -0.4142723083 0.3911811709 -0.5607929826 0.7297180891
93.5 197.6 1838.1 0.6998066902 0.3952785432 0.5950003862 0.2331228256 0.6609651446 -0.7132872939 -0.6752216816 0.6378713846 0.3703993857
260.5 253.3 1677.0 -0.8607331514 0.3952785432 0.3207698762 0.5090218782 0.6609651446 0.5513817072 0.0059316554 0.6378713846 -0.7701200247
-134.0 -180.4 1895.2 0.9964631200 0.0742279068 -0.0393885337 -0.0819489956 0.9621022940 -0.2600837350 0.0185903292 0.2623916864 0.9647823572
-163.0 -556.1 1792.8 0.9998260140 0.0000000004 -0.0186530668 -0.0000000004 1.0000000000 -0.0000000005 0.0186530668 0.0000000005 0.9998260140
46.8 -178.1 1887.9 0.9614959359 -0.0010873149 -0.2748169303 -0.0334007181 0.9921167493 -0.1207836792 0.2727818191 0.1253121048 0.9538799524
47.3 -564.9 1839.0 0.9620327353 0.0000000000 -0.2729340792 0.0000000000 1.0000000000 0.0000000000 0.2729340792 0.0000000000 0.9620327353
-184.1 -311.6 1749.4 0 0 0 0 0 0 0 0 0
45.1 380.6 1678.5 0 0 0 0 0 0 0 0 0
-163.0 -932.8 1792.8 0 0 0 0 0 0 0 0 0
47.3 -941.5 1839.0 0 0 0 0 0 0 0 0 0
-86.0 438.9 1835.1 7 0.9913792014 -0.1186457574 0.0555915870 0.1153360754 0.9915497303 0.0593863241 -0.0621677600 -0.0524626523 0.9966859221
-59.7 219.3 1846.7 0.9913792014 -0.1186457574 0.0555915870 0.1153360754 0.9915497303 0.0593863241 -0.0621677600 -0.0524626523 0.9966859221
-52.4 25.2 1868.5 0.9979477525 -0.0383703299 0.0512643754 0.0323179029 0.9929460883 0.1140771285 -0.0552799366 -0.1121862531 0.9921483397
-201.6 214.6 1854.5 0.0979242101 -0.8469913602 -0.5225098133 0.9951874018 0.0814498961 0.0544785634 -0.0035844995 -0.5253300071 0.8508910537
-229.5 -68.6 1855.5 -0.1826636642 -0.8425904512 -0.5066313744 0.9042474031 0.0583154820 -0.4230081737 0.3859670758 -0.5353883505 0.7512581348
82.2 224.1 1838.9 0.7386838794 0.4001857042 0.5423998237 0.1291397661 0.7057569623 -0.6965845227 -0.6615656018 0.5846011639 0.4696514010
261.9 255.5 1678.0 -0.8714359999 0.4001857042 0.2836383581 0.4904895425 0.7057569623 0.5112016201 0.0043958416 0.5846011639 -0.8113089204
-135.3 -190.7 1899.0 0.9979672432 0.0634106100 0.0063635814 -0.0594382770 0.9621429443 -0.2659850717 -0.0229889508 0.2650661469 0.9639561176
-160.1 -567.0 1795.4 0.9997347593 0.0000000002 0.0230296683 -0.0000000002 1.0000000000 -0.0000000003 -0.0230296683 0.0000000003 0.9997347593
45.7 -182.6 1892.4 0.9720385671 -0.0100592403 -0.2346057445 -0.0237709600 0.9897345901 -0.1409269273 0.2336150408 0.1425632089 0.9618210793
49.7 -575.4 1835.8 0.9723132849 0.0000000000 -0.2336810678 0.0000000000 1.0000000000 0.0000000000 0.2336810678 0.0000000000 0.9723132849
-178.1 -323.3 1746.8 0 0 0 0 0 0 0 0 0
44.0 378.2 1679.1 0 0 0 0 0 0 0 0 0
-160.1 -943.7 1795.4 0 0 0 0 0 0 0 0 0
49.7 -952.1 1835.8 0 0 0 0 0 0 0 0 0
-86.5 439.0 1835.2 8 0.9922809005 -0.0989922881 0.0746937171 0.0933973193 0.9927989841 0.0750138760 -0.0815816447 -0.0674586445 0.9943810701
-65.7 230.4 1849.3 0.9922809005 -0.0989922881 0.0746937171 0.0933973193 0.9927989841 0.0750138760 -0.0815816447 -0.0674586445 0.9943810701
-55.4 35.9 1867.8 0.9959281087 -0.0530302972 0.0729043558 0.0457295813 0.9940956831 0.0984003544 -0.0776920989 -0.0946657881 0.9924728274
-207.4 223.8 1860.4 0.0833784714 -0.8606550097 -0.5023155808 0.9965131283 0.0704458803 0.0447092168 -0.0030931474 -0.5042918921 0.8635277152
-230.7 -54.8 1861.2 -0.1750883311 -0.8565304279 -0.4854891002 0.9098659754 0.0476249456 -0.4121598601 0.3761488795 -0.5138943791 0.7709893584
76.1 237.0 1838.3 0.7647902966 0.4064977765 0.4998553693 0.0590042919 0.7283848524 -0.6826229095 -0.6415717602 0.5515569448 0.5330765247
263.9 251.5 1680.7 -0.8718433380 0.4064977765 0.2732191682 0.4897664785 0.7283848524 0.4791495800 -0.0042354623 0.5515569448 -0.8341264725
-134.8 -171.9 1895.2 0.9977449179 0.0573005900 0.0349526778 -0.0476729795 0.9715678692 -0.2319118530 -0.0472475849 0.2297225744 0.9721086621
