-58.3 457.1 1836.7 95 0.9952114820 -0.0150853014 -0.0965741202 0.0079714144 0.9972538352 -0.0736287534 0.0974196270 0.0725063458 0.9925987124
-53.9 165.2 1815.5 0.9952114820 -0.0150853014 -0.0965741202 0.0079714144 0.9972538352 -0.0736287534 0.0974196270 0.0725063458 0.9925987124
-38.5 -22.3 1868.8 0.9905070066 -0.0786950514 -0.1127072275 0.1061044335 0.9589704871 0.2629020512 0.0873938128 -0.2723650634 0.9582169056
-194.9 150.1 1803.1 0.1047824994 -0.8066592813 -0.5816540718 0.9867794514 0.0116178971 0.1616519839 -0.1236404702 -0.5909025669 0.7972121239
-222.5 -110.4 1835.8 -0.2173447013 -0.8066592813 -0.5496017933 0.9239148498 0.0116178971 -0.3824217618 0.3148692548 -0.5909025669 0.7427593470
87.1 180.4 1827.9 0.5845083594 0.6535003781 0.4809232950 -0.0296231359 0.6095092893 -0.7922253013 -0.8108467460 0.4488158226 0.3756220043
202.7 174.5 1667.5 -0.6925700903 0.6535003781 0.3054241538 0.7207420468 0.6095092893 0.3301958740 0.0296242740 0.4488158226 -0.8931331038
-113.3 -219.2 1909.6 0.9477297664 0.1348537207 -0.2891760170 -0.2070890665 0.9494453073 -0.2359402031 0.2427393794 0.2834927440 0.9277442694
-166.0 -590.1 1798.8 0.9687297940 0.0000000113 -0.2481180578 -0.0000000110 1.0000000000 0.0000000027 0.2481180578 0.0000000001 0.9687297940
65.4 -200.5 1924.6 0.8627082109 0.0409998186 -0.5040372610 -0.1600380540 0.9676156640 -0.1952119172 0.4797106981 0.2490760684 0.8413315415
49.4 -578.6 1827.3 0.8739730120 0.0000000000 -0.4859744906 0.0000000000 1.0000000000 0.0000000000 0.4859744906 0.0000000000 0.8739730120
-161.7 -369.0 1747.7 0 0 0 0 0 0 0 0 0
25.7 358.7 1675.1 0 0 0 0 0 0 0 0 0
-166.0 -966.8 1798.8 0 0 0 0 0 0 0 0 0
49.4 -955.2 1827.3 0 0 0 0 0 0 0 0 0
-58.1 455.0 1838.0 96 0.9997903109 -0.0143780112 -0.0145822698 0.0140700229 0.9996802807 -0.0210078191 0.0148796579 0.0207982417 0.9996729493
-54.5 209.8 1832.9 0.9997903109 -0.0143780112 -0.0145822698 0.0140700229 0.9996802807 -0.0210078191 0.0148796579 0.0207982417 0.9996729493
-46.0 18.2 1864.4 0.9985852838 -0.0491228439 -0.0203568023 0.0517480075 0.9858330488 0.1595473886 0.0122309858 -0.1603751034 0.9869803786
-196.1 201.8 1831.6 0.0733837262 -0.8557192087 -0.5122103691 0.9973037839 0.0628949925 0.0378075391 -0.0001371703 -0.5136038065 0.8580274582
-219.4 -114.8 1831.7 -0.2429144084 -0.8346526623 -0.4943152070 0.9189711213 -0.0348318554 -0.3927834332 0.3106198311 -0.5496741533 0.7754828334
87.0 217.8 1834.2 0.5713862181 0.6932322383 0.4392571747 -0.2259685397 0.6474404931 -0.7278454900 -0.7889588475 0.3166225553 0.5265872478
206.6 170.5 1669.1 -0.6804403663 0.6932322383 0.2375498414 0.7327533960 0.6474404931 0.2095071077 -0.0085623031 0.3166225553 -0.9485129714
-119.8 -199.4 1903.7 0.9715918899 0.1109358072 -0.2090514153 -0.1591801792 0.9599940181 -0.2303761542 0.1751311421 0.2571084201 0.9503811598
-164.9 -589.8 1799.1 0.9841400981 0.0000000057 -0.1773929745 -0.0000000056 1.0000000000 0.0000000010 0.1773929745 0.0000000001 0.9841400981
59.2 -184.3 1911.9 0.8987892270 0.0285749603 -0.4374487400 -0.1181174442 0.9767544866 -0.1788825989 0.4221684635 0.2124480754 0.8812716007
47.7 -577.0 1826.5 0.9051254392 0.0000000000 -0.4251446128 0.0000000000 1.0000000000 0.0000000000 0.4251446128 0.0000000000 0.9051254392
-151.3 -372.7 1744.5 0 0 0 0 0 0 0 0 0
33.9 356.5 1666.9 0 0 0 0 0 0 0 0 0
-164.9 -966.5 1799.1 0 0 0 0 0 0 0 0 0
47.7 -953.7 1826.5 0 0 0 0 0 0 0 0 0
-57.8 453.8 1836.6 97 0.9996038079 -0.0117263384 0.0255886205 0.0112582464 0.9997680187 0.0183610041 -0.0257979911 -0.0180656444 0.9995039105
-55.2 232.1 1840.6 0.9996038079 -0.0117263384 0.0255886205 0.0112582464 0.9997680187 0.0183610041 -0.0257979911 -0.0180656444 0.9995039105
-50.9 38.6 1862.3 0.9993860126 -0.0256649442 0.0238519553 0.0228675958 0.9935636520 0.1109427139 -0.0265457742 -0.1103291586 0.9935405254
-197.1 228.4 1844.8 0.0919708833 -0.8770433664 -0.4715255201 0.9956395626 0.0735794455 0.0573404543 -0.0155954780 -0.4747431278 0.8799862266
-224.5 -67.5 1849.4 -0.2167051882 -0.8590098023 -0.4638330042 0.9217566848 -0.0235401560 -0.3870535791 0.3215641081 -0.5114176869 0.7968992591
86.7 235.8 1836.5 0.5502570868 0.7227621078 0.4181292355 -0.3286329508 0.6477997303 -0.6872814894 -0.7676050663 0.2407704890 0.5939798355
205.5 164.8 1670.8 -0.6596745849 0.7227621078 0.2060204446 0.7505347729 0.6477997303 0.1305870861 -0.0390765890 0.2407704890 -0.9697951078
-130.8 -168.4 1889.7 0.9834274650 0.0684295297 -0.1678923368 -0.0994068161 0.9779462218 -0.1836831272 0.1516203284 0.1973286718 0.9685415030
-158.0 -557.6 1811.2 0.9883227348 0.0000000028 -0.1523750573 -0.0000000028 1.0000000000 0.0000000004 0.1523750573 0.0000000000 0.9883227348
48.9 -160.3 1887.6 0.9145587683 -0.0116900261 -0.4042840302 -0.0347049385 0.9936273098 -0.1072395518 0.4029612839 0.1121075228 0.9083248973
53.5 -552.3 1843.4 0.9151100516 0.0000000000 -0.4032041728 0.0000000000 1.0000000000 0.0000000000 0.4032041728 0.0000000000 0.9151100516
-163.5 -326.6 1759.0 0 0 0 0 0 0 0 0 0
39.3 353.9 1660.9 0 0 0 0 0 0 0 0 0
-158.0 -934.3 1811.2 0 0 0 0 0 0 0 0 0
53.5 -928.9 1843.4 0 0 0 0 0 0 0 0 0
-57.4 452.8 1836.5 98 0.9986808896 -0.0096851010 0.0504246876 0.0076217875 0.9991320968 0.0409513898 -0.0507775396 -0.0405130461 0.9978879094
-55.4 242.8 1845.0 0.9986808896 -0.0096851010 0.0504246876 0.0076217875 0.9991320968 0.0409513898 -0.0507775396 -0.0405130461 0.9978879094
-52.8 48.2 1861.6 0.9986352324 -0.0155330421 0.0498640575 0.0112367580 0.9962909222 0.0853120908 -0.0510042645 -0.0846353471 0.9951057434
-197.4 240.9 1852.4 0.1045398787 -0.8885987401 -0.4466135800 0.9943839908 0.0859479755 0.0617525242 -0.0164876785 -0.4505610168 0.8925933838
-226.9 -39.5 1857.1 -0.1617060006 -0.8786519170 -0.4492459595 0.9323441386 0.0131583652 -0.3613327146 0.3233970106 -0.4772814810 0.8170781732
86.6 244.6 1837.5 0.5384806991 0.7384487987 0.4058718085 -0.3754439354 0.6414734721 -0.6689944863 -0.7543742061 0.2078584880 0.6226671934
204.7 162.3 1672.1 -0.6478800774 0.7384487987 0.1869351715 0.7604109645 0.6414734721 0.1014245152 -0.0450171418 0.2078584880 -0.9771224856
-138.4 -152.3 1884.0 0.9889368415 0.0336223356 -0.1444765925 -0.0593233630 0.9823387265 -0.1774580479 0.1359584033 0.1840656400 0.9734655619
-151.7 -539.9 1811.4 0.9906815886 0.0000000014 -0.1361982673 -0.0000000014 1.0000000000 0.0000000002 0.1361982673 0.0000000000 0.9906815886
41.6 -148.6 1876.9 0.9223469496 -0.0458107926 -0.3836371899 0.0091560418 0.9952585697 -0.0968324691 0.3862541616 0.0858005360 0.9183931351
59.6 -539.5 1843.2 0.9223856330 0.0000000000 -0.3862703741 0.0000000000 1.0000000000 0.0000000000 0.3862703741 0.0000000000 0.9223856330
-181.5 -301.5 1766.2 0 0 0 0 0 0 0 0 0
41.9 353.4 1660.8 0 0 0 0 0 0 0 0 0
-151.7 -916.6 1811.4 0 0 0 0 0 0 0 0 0
59.6 -916.2 1843.2 0 0 0 0 0 0 0 0 0
-56.2 452.9 1835.9 99 0.9995399117 -0.0209625997 -0.0219199006 0.0216115732 0.9993221760 0.0298012123 0.0212803334 -0.0302612260 0.9993154407
-51.3 222.3 1842.8 0.9995399117 -0.0209625997 -0.0219199006 0.0216115732 0.9993221760 0.0298012123 0.0212803334 -0.0302612260 0.9993154407
-46.1 27.3 1856.9 0.9993632436 -0.0273631755 -0.0229002573 0.0289123412 0.9971066713 0.0703015924 0.0209103264 -0.0709189251 0.9972628951
-193.2 218.1 1840.0 0.1475581825 -0.8556998372 -0.4959883094 0.9840687513 0.0767360404 0.1603754908 -0.0991730988 -0.5117512941 0.8533904552
-230.0 -27.3 1864.7 -0.1151896864 -0.8556706309 -0.5045385361 0.9360522628 0.0764984190 -0.3434445560 0.3324718177 -0.5118357539 0.7921406031
90.5 226.5 1845.7 0.5109317899 0.7439869046 0.4306184053 -0.2868492901 0.6197864413 -0.7304671407 -0.8103494048 0.2496962994 0.5300807357
200.6 164.7 1671.1 -0.6355443001 0.7439869046 0.2063176483 0.7717518806 0.6197864413 0.1423508376 -0.0219657291 0.2496962994 -0.9680750370
-138.6 -151.2 1878.9 0.9772779942 0.0291951988 -0.2099414021 -0.0647649541 0.9842301011 -0.1646105349 0.2018248141 0.1744670868 0.9637572169
-149.9 -531.7 1811.5 0.9793340564 0.0000000007 -0.2022494227 -0.0000000007 1.0000000000 0.0000000001 0.2022494227 0.0000000000 0.9793340564
39.5 -144.2 1871.4 0.8919497132 -0.0579009876 -0.4484118819 0.0206209365 0.9959437847 -0.0875830725 0.4516641498 0.0688730255 0.8895257115
62.2 -533.7 1844.5 0.8921393752 0.0000000000 -0.4517602026 0.0000000000 1.0000000000 0.0000000000 0.4517602026 0.0000000000 0.8921393752
-197.7 -290.4 1771.2 0 0 0 0 0 0 0 0 0
40.7 358.8 1665.6 0 0 0 0 0 0 0 0 0
-149.9 -908.4 1811.5 0 0 0 0 0 0 0 0 0
62.2 -910.3 1844.5 0 0 0 0 0 0 0 0 0
-56.1 451.2 1840.6 00 0.9943110347 -0.0387623236 -0.0992122740 0.0366526954 0.9990633726 -0.0229995809 0.1000108644 0.0192323402 0.9948004484
-46.6 205.4 1835.8 0.9943110347 -0.0387623236 -0.0992122740 0.0366526954 0.9990633726 -0.0229995809 0.1000108644 0.0192323402 0.9948004484
-43.9 11.0 1856.8 0.9945899844 -0.0155631080 -0.1027061790 0.0264178216 0.9941012263 0.1051893532 0.1004632637 -0.1073335484 0.9891343117
-187.6 201.4 1821.6 0.1646405309 -0.8935630918 -0.4176582992 0.9745999575 0.0822003707 0.2083220482 -0.1518172324 -0.4413479865 0.8844000697
-229.6 -46.9 1860.3 -0.0756031200 -0.8935630918 -0.4425258338 0.9415009022 0.0822003707 -0.3268320560 0.3284208477 -0.4413479865 0.8350758553
94.4 209.4 1850.1 0.4884630740 0.7407022119 0.4612635374 -0.1952734143 0.6080012321 -0.7695471048 -0.8504540920 0.2858228385 0.4416255951
198.9 167.7 1668.3 -0.6335234642 0.7407022119 0.2236251831 0.7737126946 0.6080012321 0.1780537069 -0.0040796227 0.2858228385 -0.9582737684
-130.1 -172.1 1867.0 0.9553335905 0.0679497197 -0.2876118124 -0.1077283993 0.9863149524 -0.1248096824 0.2751950622 0.1502188444 0.9495798945
-156.5 -555.6 1808.6 0.9609258175 0.0000000004 -0.2768059671 -0.0000000003 1.0000000000 0.0000000001 0.2768059671 0.0000000000 0.9609258175
48.9 -164.5 1871.7 0.8546975255 -0.0157935210 -0.5188860297 -0.0185452066 0.9979701638 -0.0609228313 0.5187949538 0.0616934411 0.8526697755
55.1 -554.7 1847.5 0.8548445106 0.0000000000 -0.5188841820 0.0000000000 1.0000000000 0.0000000000 0.5188841820 0.0000000000 0.8548445106
-208.3 -311.6 1767.9 0 0 0 0 0 0 0 0 0
39.3 362.5 1667.2 0 0 0 0 0 0 0 0 0
-156.5 -932.2 1808.6 0 0 0 0 0 0 0 0 0
55.1 -931.4 1847.5 0 0 0 0 0 0 0 0 0
-55.7 450.4 1842.4 01 0.9989879131 -0.0280882753 -0.0351314023 0.0283911545 0.9995636344 0.0081522623 0.0348870903 -0.0091414331 0.9993494749
-49.5 228.6 1844.5 0.9989879131 -0.0280882753 -0.0351314023 0.0283911545 0.9995636344 0.0081522623 0.0348870903 -0.0091414331 0.9993494749
-46.9 33.6 1858.9 0.9992172122 -0.0151423989 -0.0365460180 0.0177987255 0.9971371889 0.0734893680 0.0353285894 -0.0740823150 0.9966261387
-191.2 225.8 1839.5 0.1324400604 -0.9203181863 -0.3680680394 0.9892517328 0.0995120406 0.1071373150 -0.0619732141 -0.3783012331 0.9236056805
-229.3 -59.0 1857.3 -0.0430134311 -0.9197692871 -0.3900952339 0.9484999776 0.0850612000 -0.3051432371 0.3138433397 -0.3831305802 0.8687424064
92.3 231.4 1849.4 0.4912471771 0.7480233908 0.4462479651 -0.3011771441 0.6266011596 -0.7187929153 -0.8172934055 0.2187052965 0.5331035852
200.8 164.9 1668.8 -0.6382423639 0.7480233908 0.1819552183 0.7695269585 0.6266011596 0.1232852265 -0.0217931196 0.2187052965 -0.9755475521
-130.9 -181.1 1868.0 0.9725117087 0.0677113011 -0.2227918506 -0.0964681283 0.9879750609 -0.1208271533 0.2119314224 0.1389981210 0.9673492312
-157.7 -572.2 1813.0 0.9770686626 0.0000000002 -0.2129244953 -0.0000000002 1.0000000000 0.0000000000 0.2129244953 0.0000000000 0.9770686626
47.6 -173.0 1881.7 0.8867035508 -0.0195522234 -0.4619247913 -0.0279901829 0.9950025678 -0.0958456993 0.4614903629 0.0979160815 0.8817250729
55.4 -569.0 1842.7 0.8870511055 0.0000000000 -0.4616712630 0.0000000000 1.0000000000 0.0000000000 0.4616712630 0.0000000000 0.8870511055
-217.2 -325.8 1769.1 0 0 0 0 0 0 0 0 0
40.7 358.0 1663.3 0 0 0 0 0 0 0 0 0
-157.7 -948.9 1813.0 0 0 0 0 0 0 0 0 0
55.4 -945.7 1842.7 0 0 0 0 0 0 0 0 0
-55.6 450.8 1843.4 02 0.9997739792 -0.0212539509 0.0005324680 0.0212321337 0.9994173050 0.0267257057 -0.0011001845 -0.0267083589 0.9996426702
-51.2 241.0 1849.0 0.9997739792 -0.0212539509 0.0005324680 0.0212321337 0.9994173050 0.0267257057 -0.0011001845 -0.0267083589 0.9996426702
-48.8 45.6 1860.5 0.9999086857 -0.0135149714 -0.0000269930 0.0134931216 0.9981745481 0.0588686280 -0.0007686641 -0.0588636175 0.9982657433
-193.3 238.9 1849.1 0.1294421703 -0.9336206913 -0.3340616226 0.9902111292 0.1039650291 0.0931300372 -0.0522174016 -0.3428464830 0.9379390478
-229.7 -39.9 1863.8 -0.0307212081 -0.9331761003 -0.3581041396 0.9504880309 0.0835697576 -0.2993136048 0.3092389703 -0.3495689631 0.8844053149
90.9 243.0 1848.8 0.4913043380 0.7522868514 0.4389584959 -0.3588207960 0.6340416670 -0.6850100756 -0.7936420441 0.1790409684 0.5814436078
201.8 162.0 1669.6 -0.6385259628 0.7522868514 0.1623241305 0.7686128020 0.6340416670 0.0850029066 -0.0389737040 0.1790409684 -0.9830693603
-134.3 -160.8 1869.9 0.9810401797 0.0502872393 -0.1871666908 -0.0737475827 0.9899615645 -0.1205711886 0.1792246401 0.1320882738 0.9749006033
-154.1 -550.6 1817.9 0.9837188721 0.0000000001 -0.1797140092 -0.0000000001 1.0000000000 0.0000000000 0.1797140092 0.0000000000 0.9837188721
45.3 -155.7 1874.0 0.9019737840 -0.0281034876 -0.4308752120 0.0002717381 0.9979164004 -0.0645194501 0.4317906499 0.0580777675 0.9001020789
56.4 -549.5 1851.1 0.9019738436 0.0000000000 -0.4317906797 0.0000000000 1.0000000000 0.0000000000 0.4317906797 0.0000000000 0.9019738436
-221.0 -307.5 1776.8 0 0 0 0 0 0 0 0 0
42.1 354.3 1659.9 0 0 0 0 0 0 0 0 0
-154.1 -927.3 1817.9 0 0 0 0 0 0 0 0 0
56.4 -926.1 1851.1 0 0 0 0 0 0 0 0 0
-55.5 450.8 1844.3 03 0.9995997548 -0.0203621555 0.0196387358 0.0196543373 0.9991733432 0.0355854370 -0.0203470979 -0.0351852067 0.9991736412
-51.3 246.6 1851.5 0.9995997548 -0.0203621555 0.0196387358 0.0196543373 0.9991733432 0.0355854370 -0.0203470979 -0.0351852067 0.9991736412
-48.7 51.1 1861.2 0.9997100234 -0.0142783383 0.0193894133 0.0132943084 0.9986624718 0.0499647520 -0.0200768933 -0.0496924967 0.9985627532
-193.6 244.6 1854.4 0.1227516830 -0.9405222535 -0.3167806268 0.9916605949 0.1036126912 0.0766396970 -0.0392588452 -0.3235465288 0.9453974962
-227.3 -28.3 1865.2 -0.0082022548 -0.9404969811 -0.3397030830 0.9573373199 0.0907463804 -0.2743543684 0.2888562679 -0.3274607658 0.8996285200
90.9 248.6 1848.6 0.4891154468 0.7552661300 0.4362787306 -0.3856155574 0.6359017491 -0.6685279608 -0.7823469043 0.1587514579 0.6022717357
202.2 160.8 1670.6 -0.6368239522 0.7552661300 0.1550106555 0.7692727447 0.6359017491 0.0620359741 -0.0517178737 0.1587514579 -0.9859631062
-136.6 -149.9 1871.9 0.9850405455 0.0367476083 -0.1683589220 -0.0594580583 0.9894773364 -0.1319067180 0.1617400646 0.1399437636 0.9768602252
-151.0 -538.4 1817.0 0.9867863655 0.0000000000 -0.1620267332 -0.0000000000 1.0000000000 0.0000000000 0.1620267332 0.0000000000 0.9867863655
43.6 -146.5 1870.6 0.9096341133 -0.0412310250 -0.4133591652 0.0126551557 0.9973507524 -0.0716331825 0.4152176082 0.0599288605 0.9077460170
59.8 -538.5 1847.1 0.9097069502 0.0000000000 -0.4152508378 0.0000000000 1.0000000000 0.0000000000 0.4152508378 0.0000000000 0.9097069502
-225.0 -297.8 1783.9 0 0 0 0 0 0 0 0 0
43.0 353.1 1657.6 0 0 0 0 0 0 0 0 0
-151.0 -915.1 1817.0 0 0 0 0 0 0 0 0 0
59.8 -915.2 1847.1 0 0 0 0 0 0 0 0 0
-55.2 450.5 1844.3 04 0.9992201924 -0.0236782059 0.0315960795 0.0223464221 0.9988736510 0.0418577008 -0.0325516053 -0.0411190018 0.9986238480
-50.5 249.5 1852.6 0.9992201924 -0.0236782059 0.0315960795 0.0223464221 0.9988736510 0.0418577008 -0.0325516053 -0.0411190018 0.9986238480
-47.0 53.9 1861.9 0.9993371964 -0.0183168706 0.0314587988 0.0167817380 0.9986876249 0.0483876504 -0.0323038250 -0.0478276461 0.9983330965
-192.8 247.0 1857.2 0.1156108975 -0.9449517727 -0.3061050773 0.9927095771 0.0993445292 0.0682519078 -0.0340848975 -0.3117640913 0.9495480061
-224.1 -22.2 1866.4 0.0146573512 -0.9448695779 -0.3271187842 0.9585384130 0.1063914001 -0.2643576860 0.2845861316 -0.3096811175 0.9072532058
91.8 251.9 1848.0 0.4886333346 0.7515903115 0.4431134462 -0.4039430916 0.6450417042 -0.6486533284 -0.7733482122 0.1379610300 0.6187886000
203.3 159.8 1671.6 -0.6438404322 0.7515903115 0.1434628069 0.7628625035 0.6450417042 0.0442945771 -0.0592481196 0.1379610300 -0.9886639714
-136.3 -145.1 1872.7 0.9870408177 0.0375434943 -0.1560156792 -0.0592377670 0.9888229966 -0.1368210167 0.1491351575 0.1442899406 0.9782326221
-151.0 -532.9 1816.1 0.9887772202 0.0000000000 -0.1493975073 -0.0000000000 1.0000000000 0.0000000000 0.1493975073 0.0000000000 0.9887772202
44.1 -142.2 1868.5 0.9146535397 -0.0412019901 -0.4021334052 0.0140367774 0.9974293709 -0.0702684373 0.4039948583 0.0586266182 0.9128806591
60.3 -533.6 1845.5 0.9147436619 0.0000000000 -0.4040346742 0.0000000000 1.0000000000 0.0000000000 0.4040346742 0.0000000000 0.9147436619
-228.3 -292.1 1786.3 0 0 0 0 0 0 0 0 0
42.5 350.2 1656.8 0 0 0 0 0 0 0 0 0
-151.0 -909.6 1816.1 0 0 0 0 0 0 0 0 0
60.3 -910.3 1845.5 0 0 0 0 0 0 0 0 0
-53.9 449.7 1844.3 05 0.9992793202 -0.0200757068 0.0322155729 0.0186577365 0.9988692403 0.0437277891 -0.0330570117 -0.0430952013 0.9985239506
-49.9 250.1 1852.9 0.9992793202 -0.0200757068 0.0322155729 0.0186577365 0.9988692403 0.0437277891 -0.0330570117 -0.0430952013 0.9985239506
-46.6 54.5 1861.8 0.9993333220 -0.0172493681 0.0321769826 0.0157661494 0.9988265038 0.0457932130 -0.0329291299 -0.0452553742 0.9984325767
-192.3 247.9 1857.6 0.1186242029 -0.9452402592 -0.3040545583 0.9920094013 0.0995711759 0.0774783418 -0.0429605804 -0.3108157814 0.9494987726
-224.2 -18.8 1869.1 0.0216134991 -0.9450154305 -0.3263106942 0.9561616778 0.1148793548 -0.2693652511 0.2920406759 -0.3061838448 0.9060704708
92.4 252.4 1848.2 0.4832325280 0.7555027008 0.4423821568 -0.4040436149 0.6407158971 -0.6528643966 -0.7766820788 0.1367436200 0.6148708463
202.4 160.5 1671.5 -0.6406922936 0.7555027008 0.1368541270 0.7661628127 0.6407158971 0.0497759432 -0.0500787571 0.1367436200 -0.9893398285
-133.7 -142.9 1874.2 0.9869506359 0.0416558012 -0.1555417031 -0.0637411997 0.9881227016 -0.1398234516 0.1478698403 0.1479132622 0.9778835177
-150.0 -530.2 1816.2 0.9889617562 0.0000000000 -0.1481711417 -0.0000000000 1.0000000000 0.0000000000 0.1481711417 0.0000000000 0.9889617562
46.8 -139.6 1868.0 0.9152576327 -0.0304452702 -0.4017170072 0.0029334284 0.9976176023 -0.0689238831 0.4028583765 0.0619047023 0.9131664634
58.7 -530.7 1843.8 0.9152615666 0.0000000000 -0.4028601050 0.0000000000 1.0000000000 0.0000000000 0.4028601050 0.0000000000 0.9152615666
-230.3 -288.1 1786.9 0 0 0 0 0 0 0 0 0
43.5 350.4 1659.1 0 0 0 0 0 0 0 0 0
-150.0 -906.9 1816.2 0 0 0 0 0 0 0 0 0
58.7 -907.4 1843.8 0 0 0 0 0 0 0 0 0
-53.6 452.1 1840.8 06 0.9996868968 -0.0225563832 0.0108302915 0.0219327789 0.9982671142 0.0546046644 -0.0120432079 -0.0543500297 0.9984493256
-49.1 252.7 1851.6 0.9996868968 -0.0225563832 0.0108302915 0.0219327789 0.9982671142 0.0546046644 -0.0120432079 -0.0543500297 0.9984493256
-45.4 57.1 1861.8 0.9997571111 -0.0191650465 0.0108843427 0.0185741205 0.9984734058 0.0520178527 -0.0118646510 -0.0518030524 0.9985868335
-191.6 250.0 1853.3 0.1155186892 -0.9392848611 -0.3231088817 0.9916073680 0.0900382325 0.0927787423 -0.0580535121 -0.3311148584 0.9418029189
-222.8 -17.9 1869.0 0.0341753997 -0.9386731982 -0.3431102633 0.9572201371 0.1294460595 -0.2587919533 0.2873353362 -0.3195877373 0.9029408097
93.3 255.3 1849.9 0.4750734568 0.7501978874 0.4599003494 -0.4110499620 0.6513165236 -0.6378281116 -0.7780380249 0.1139731854 0.6177920103
202.1 161.2 1671.7 -0.6510714889 0.7501978874 0.1153646484 0.7577087283 0.6513165236 0.0407948755 -0.0445346721 0.1139731854 -0.9924851656
-133.5 -142.4 1873.6 0.9834802747 0.0423640758 -0.1759881079 -0.0673483834 0.9880675077 -0.1385164112 0.1680200100 0.1480806768 0.9745980501
-150.1 -529.6 1815.6 0.9857183099 0.0000000000 -0.1684023589 -0.0000000000 1.0000000000 0.0000000000 0.1684023589 0.0000000000 0.9857183099
47.0 -139.4 1867.5 0.9066698551 -0.0319042541 -0.4206327200 0.0032117739 0.9976290464 -0.0687454641 0.4218287170 0.0609784611 0.9046226740
59.5 -530.4 1843.6 0.9066745043 0.0000000000 -0.4218308926 0.0000000000 1.0000000000 0.0000000000 0.4218308926 0.0000000000 0.9066745043
-232.4 -287.5 1788.1 0 0 0 0 0 0 0 0 0
41.4 348.2 1660.7 0 0 0 0 0 0 0 0 0
-150.1 -906.2 1815.6 0 0 0 0 0 0 0 0 0
59.5 -907.0 1843.6 0 0 0 0 0 0 0 0 0
-53.0 451.0 1840.0 07 0.9997061491 -0.0240310654 0.0031760011 0.0237986390 0.9979309440 0.0597282834 -0.0046047643 -0.0596351512 0.9982095957
-48.2 252.6 1851.9 0.9997061491 -0.0240310654 0.0031760011 0.0237986390 0.9979309440 0.0597282834 -0.0046047643 -0.0596351512 0.9982095957
-44.3 57.1 1862.7 0.9997889400 -0.0202815756 0.0032787914 0.0200702567 0.9982792139 0.0550977625 -0.0043906188 -0.0550203249 0.9984755516
-190.7 249.7 1852.5 0.1212691739 -0.9363729358 -0.3293926418 0.9904057384 0.0919912010 0.1031219438 -0.0662593693 -0.3387378752 0.9385448098
-223.1 -15.1 1870.2 0.0309263784 -0.9358698130 -0.3509861231 0.9582579732 0.1276168674 -0.2558429539 0.2842274606 -0.3284229636 0.9007514119
94.2 255.5 1851.3 0.4687591195 0.7569640279 0.4552695751 -0.4143458903 0.6436114311 -0.6434918642 -0.7801168561 0.1130036116 0.6153436899
202.2 160.0 1671.5 -0.6433819532 0.7569640279 0.1143030524 0.7643141747 0.6436114311 0.0398521721 -0.0434000939 0.1130036116 -0.9926462770
-132.0 -140.0 1873.0 0.9819586873 0.0468715765 -0.1831942797 -0.0728031918 0.9878228307 -0.1374983937 0.1745187193 0.1483548731 0.9734135866
-150.4 -527.1 1814.9 0.9845714569 0.0000000000 -0.1749830693 -0.0000000000 1.0000000000 0.0000000000 0.1749830693 0.0000000000 0.9845714569
48.6 -136.6 1870.8 0.9039231539 -0.0229981523 -0.4270760715 -0.0103956675 0.9970767498 -0.0756956711 0.4275684953 0.0728628114 0.9010417461
57.6 -527.2 1842.2 0.9039720297 0.0000000000 -0.4275915921 0.0000000000 1.0000000000 0.0000000000 0.4275915921 0.0000000000 0.9039720297
-231.8 -285.0 1790.2 0 0 0 0 0 0 0 0 0
42.8 349.4 1660.8 0 0 0 0 0 0 0 0 0
-150.4 -903.7 1814.9 0 0 0 0 0 0 0 0 0
57.6 -903.9 1842.2 0 0 0 0 0 0 0 0 0
-52.3 450.7 1837.7 08 0.9996623397 -0.0234030653 -0.0112891020 0.0240892898 0.9975904822 0.0650611371 0.0097392704 -0.0653111115 0.9978173971
-47.6 251.8 1850.7 0.9996623397 -0.0234030653 -0.0112891020 0.0240892898 0.9975904822 0.0650611371 0.0097392704 -0.0653111115 0.9978173971
-43.7 56.4 1862.3 0.9997334480 -0.0202139299 -0.0111566987 0.0208381508 0.9980402589 0.0590032004 0.0099421479 -0.0592199564 0.9981954694
-190.1 248.9 1849.3 0.1202595532 -0.9320085645 -0.3419030011 0.9896591306 0.0854287371 0.1152246296 -0.0781820044 -0.3522242904 0.9326444268
-222.2 -15.4 1870.1 0.0350571238 -0.9314005971 -0.3623035550 0.9602956772 0.1317935288 -0.2458915114 0.2767727673 -0.3392983079 0.8990403414
94.8 254.8 1852.1 0.4665975869 0.7548302412 0.4609967470 -0.4123632014 0.6467533708 -0.6416125894 -0.7824597359 0.1092767790 0.6130377650
202.5 159.7 1671.6 -0.6463944316 0.7548302412 0.1113801599 0.7617620826 0.6467533708 0.0377967209 -0.0435053892 0.1092767790 -0.9930588603
-130.7 -140.2 1873.8 0.9788883924 0.0549908988 -0.1968591660 -0.0814337209 0.9883142114 -0.1288547069 0.1874728799 0.1421653479 0.9719274044
-152.2 -527.4 1818.1 0.9821503162 0.0000000000 -0.1880975962 -0.0000000000 1.0000000000 0.0000000000 0.1880975962 0.0000000000 0.9821503162
50.0 -136.6 1873.0 0.8978687525 -0.0223836992 -0.4396938384 -0.0163186379 0.9963284135 -0.0840437338 0.4399606586 0.0826354474 0.8942068815
58.8 -526.9 1840.6 0.8979883194 0.0000000000 -0.4400192499 0.0000000000 1.0000000000 0.0000000000 0.4400192499 0.0000000000 0.8979883194
-232.1 -286.0 1792.2 0 0 0 0 0 0 0 0 0
41.8 349.0 1660.7 0 0 0 0 0 0 0 0 0
-152.2 -904.1 1818.1 0 0 0 0 0 0 0 0 0
58.8 -903.5 1840.6 0 0 0 0 0 0 0 0 0
-53.0 451.3 1837.5 09 0.9996464252 -0.0253932830 -0.0078840125 0.0258509666 0.9975682497 0.0647252053 0.0062212553 -0.0649061352 0.9978719950
-48.0 252.6 1850.4 0.9996464252 -0.0253932830 -0.0078840125 0.0258509666 0.9975682497 0.0647252053 0.0062212553 -0.0649061352 0.9978719950
-43.5 57.1 1861.9 0.9997060299 -0.0229779538 -0.0077336212 0.0233917274 0.9980121255 0.0585207306 0.0063735610 -0.0586844310 0.9982562661
-190.4 249.2 1849.5 0.1120393872 -0.9338291883 -0.3397208452 0.9910796285 0.0801815689 0.1064523160 -0.0721689239 -0.3486172855 0.9344825745
-220.4 -15.7 1868.8 0.0408231430 -0.9330099821 -0.3575273156 0.9611355662 0.1344521493 -0.2411245853 0.2730419636 -0.3337887526 0.9022378325
94.5 255.9 1851.3 0.4680312872 0.7536317110 0.4615039527 -0.4176174700 0.6488618255 -0.6360613108 -0.7788082957 0.1049644798 0.6184174418
202.7 159.4 1671.3 -0.6481204033 0.7536317110 0.1094492152 0.7601648569 0.6488618255 0.0335817710 -0.0457091294 0.1049644798 -0.9934249520
-130.1 -141.0 1873.0 0.9796488285 0.0555862114 -0.1928687394 -0.0810087249 0.9886486530 -0.1265361458 0.1836457700 0.1395850331 0.9730314612
-151.9 -528.3 1818.3 0.9828791618 0.0000000000 -0.1842513233 -0.0000000000 1.0000000000 0.0000000000 0.1842513233 0.0000000000 0.9828791618
50.6 -137.2 1874.7 0.8995782137 -0.0185230933 -0.4363666773 -0.0188956540 0.9965142608 -0.0812542513 0.4363507032 0.0813399851 0.8960925341
57.9 -527.6 1842.9 0.8997388482 0.0000000000 -0.4364286363 0.0000000000 1.0000000000 0.0000000000 0.4364286363 0.0000000000 0.8997388482
-231.9 -286.5 1791.9 0 0 0 0 0 0 0 0 0
41.3 348.6 1659.9 0 0 0 0 0 0 0 0 0
-151.9 -904.9 1818.3 0 0 0 0 0 0 0 0 0
57.9 -904.2 1842.9 0 0 0 0 0 0 0 0 0
-52.5 450.8 1836.4 10 0.9997458458 -0.0213087332 -0.0073611778 0.0217570104 0.9974874854 0.0674193949 0.0059060603 -0.0675624162 0.9976975918
-48.2 252.5 1849.8 0.9997458458 -0.0213087332 -0.0073611778 0.0217570104 0.9974874854 0.0674193949 0.0059060603 -0.0675624162 0.9976975918
-44.9 57.0 1861.7 0.9998274446 -0.0171112195 -0.0072331470 0.0175195429 0.9979980588 0.0607696511 0.0061788242 -0.0608858839 0.9981256127
-190.7 250.0 1848.9 0.1135519594 -0.9341024756 -0.3384650350 0.9902770519 0.0788563937 0.1145995781 -0.0803576186 -0.3481871486 0.9339745045
-221.0 -14.4 1870.4 0.0324501060 -0.9336730242 -0.3566533923 0.9598190188 0.1286284477 -0.2494037151 0.2787373066 -0.3342295289 0.9003311396
94.3 255.0 1850.7 0.4640196264 0.7575642467 0.4591102600 -0.4216873050 0.6447008848 -0.6376053095 -0.7790157795 0.1022604108 0.6186090708
200.7 158.3 1672.0 -0.6422757506 0.7575642467 0.1165260896 0.7641579509 0.6447008848 0.0205769576 -0.0595361069 0.1022604108 -0.9929744601
-129.3 -140.5 1872.8 0.9793809652 0.0569847226 -0.1938185245 -0.0830739141 0.9881247878 -0.1292600930 0.1841510385 0.1426961422 0.9724845290
-151.7 -527.5 1816.9 0.9827780724 0.0000000000 -0.1847897917 -0.0000000000 1.0000000000 0.0000000000 0.1847897917 0.0000000000 0.9827780724
51.4 -136.2 1873.9 0.8995426893 -0.0151950298 -0.4365684986 -0.0248879083 0.9959887862 -0.0859471485 0.4361233115 0.0881784037 0.8955562711
57.3 -526.4 1839.4 0.8998214006 0.0000000000 -0.4362584352 0.0000000000 1.0000000000 0.0000000000 0.4362584352 0.0000000000 0.8998214006
-230.2 -284.8 1791.9 0 0 0 0 0 0 0 0 0
41.7 347.4 1657.3 0 0 0 0 0 0 0 0 0
-151.7 -904.2 1816.9 0 0 0 0 0 0 0 0 0
57.3 -903.0 1839.4 0 0 0 0 0 0 0 0 0
-51.0 451.4 1836.3 11 0.9998080134 -0.0184840709 -0.0065025198 0.0188743919 0.9976268411 0.0662147030 0.0052631712 -0.0663247183 0.9977841973
-47.4 253.1 1849.5 0.9998080134 -0.0184840709 -0.0065025198 0.0188743919 0.9976268411 0.0662147030 0.0052631712 -0.0663247183 0.9977841973
-44.8 57.6 1861.4 0.9998930693 -0.0131419795 -0.0064125606 0.0135063231 0.9980745316 0.0605379902 0.0056046243 -0.0606181286 0.9981452823
-189.9 251.2 1848.7 0.1156978905 -0.9339627624 -0.3381236494 0.9904624224 0.0828370750 0.1101007536 -0.0748208240 -0.3476372063 0.9346390963
-220.9 -14.6 1868.8 0.0344063826 -0.9333856106 -0.3572219908 0.9610511661 0.1289738715 -0.2444307953 0.2742204964 -0.3348986208 0.9014688134
95.2 255.0 1850.3 0.4496264756 0.7588492632 0.4711515903 -0.4227860272 0.6454537511 -0.6361143589 -0.7868214846 0.0868175328 0.6110439301
197.3 159.0 1671.5 -0.6437355280 0.7588492632 0.0987542197 0.7635937333 0.6454537511 0.0177237857 -0.0502915978 0.0868175328 -0.9949539900
-131.9 -140.0 1873.1 0.9798650146 0.0480471663 -0.1937937886 -0.0740212128 0.9888651371 -0.1290992498 0.1854330599 0.1408446878 0.9725108743
-150.7 -527.4 1817.9 0.9825605154 0.0000000000 -0.1859431714 -0.0000000000 1.0000000000 0.0000000000 0.1859431714 0.0000000000 0.9825605154
48.8 -136.9 1874.2 0.8994613886 -0.0253099017 -0.4362666905 -0.0162613522 0.9956914783 -0.0912912041 0.4366976023 0.0892072022 0.8951744437
58.8 -526.9 1839.3 0.8995802999 0.0000000000 -0.4367553592 0.0000000000 1.0000000000 0.0000000000 0.4367553592 0.0000000000 0.8995802999
-230.6 -285.3 1791.5 0 0 0 0 0 0 0 0 0
39.6 346.0 1659.2 0 0 0 0 0 0 0 0 0
-150.7 -904.0 1817.9 0 0 0 0 0 0 0 0 0
58.8 -903.5 1839.3 0 0 0 0 0 0 0 0 0
-50.0 451.7 1835.8 12 0.9998446703 -0.0167372357 -0.0055277115 0.0170760211 0.9975168109 0.0683274716 0.0043703718 -0.0684112459 0.9976476431
-46.6 253.2 1849.4 0.9998446703 -0.0167372357 -0.0055277115 0.0170760211 0.9975168109 0.0683274716 0.0043703718 -0.0684112459 0.9976476431
-44.2 57.7 1861.6 0.9999097586 -0.0122827366 -0.0054364959 0.0125965867 0.9979932308 0.0620551966 0.0046633785 -0.0621180795 0.9980579019
-189.1 251.4 1848.7 0.1134476140 -0.9345145822 -0.3373605609 0.9906536341 0.0805156007 0.1101026386 -0.0757297352 -0.3466983438 0.9349145889
-219.4 -13.1 1869.0 0.0416593514 -0.9336472154 -0.3557631075 0.9612300396 0.1345956028 -0.2406674176 0.2725826204 -0.3319441378 0.9030569196
95.9 255.0 1850.1 0.4418845773 0.7586962581 0.4786627293 -0.4228565991 0.6467482448 -0.6347510815 -0.7911576033 0.0780810267 0.6066077948
195.6 159.5 1671.5 -0.6451755762 0.7586962581 0.0901580080 0.7625664473 0.6467482448 0.0144604864 -0.0473384187 0.0780810267 -0.9958224893
-132.6 -139.1 1872.7 0.9802520275 0.0425912589 -0.1931113005 -0.0684969276 0.9892075658 -0.1295245588 0.1855105311 0.1401942372 0.9725900292
-149.3 -526.6 1817.8 0.9825597405 0.0000000000 -0.1859472692 -0.0000000000 1.0000000000 0.0000000000 0.1859472692 0.0000000000 0.9825597405
48.2 -136.7 1873.8 0.8997663856 -0.0287697203 -0.4354224801 -0.0133474823 0.9955429435 -0.0933601484 0.4361677170 0.0898141190 0.8953720927
59.4 -526.6 1838.6 0.8998465538 0.0000000000 -0.4362065792 0.0000000000 1.0000000000 0.0000000000 0.4362065792 0.0000000000 0.8998465538
-231.2 -283.9 1792.2 0 0 0 0 0 0 0 0 0
38.4 345.3 1659.9 0 0 0 0 0 0 0 0 0
-149.3 -903.2 1817.8 0 0 0 0 0 0 0 0 0
59.4 -903.3 1838.6 0 0 0 0 0 0 0 0 0
-48.4 449.8 1837.5 13 0.9998633265 -0.0159681868 -0.0042849812 0.0162075032 0.9978631735 0.0632961392 0.0032651005 -0.0633569360 0.9979856014
-45.3 251.2 1850.2 0.9998633265 -0.0159681868 -0.0042849812 0.0162075032 0.9978631735 0.0632961392 0.0032651005 -0.0633569360 0.9979856014
-42.7 55.6 1861.4 0.9999085069 -0.0128615042 -0.0041965400 0.0130804889 0.9982786179 0.0571725257 0.0034539914 -0.0572221875 0.9983555079
-187.8 249.3 1849.7 0.1213288009 -0.9339837432 -0.3360857666 0.9902004004 0.0902956724 0.1065357029 -0.0691555291 -0.3457181156 0.9357865453
-219.9 -13.2 1868.0 0.0433937982 -0.9329756498 -0.3573141098 0.9615195990 0.1361186951 -0.2386455983 0.2712876797 -0.3332087994 0.9029811025
97.2 253.0 1850.6 0.4321447611 0.7592890859 0.4865501225 -0.4149827957 0.6464444995 -0.6402333975 -0.8006498814 0.0747635737 0.5944495201
194.6 159.5 1670.2 -0.6452346444 0.7592890859 0.0845714882 0.7627955079 0.6464444995 0.0158900712 -0.0426056162 0.0747635737 -0.9962906837
-132.2 -138.9 1873.3 0.9805146456 0.0429707542 -0.1916887313 -0.0690686181 0.9888916016 -0.1316163689 0.1839037240 0.1422914416 0.9725906253
-149.0 -526.3 1817.6 0.9828618169 0.0000000000 -0.1843439639 -0.0000000000 1.0000000000 0.0000000000 0.1843439639 0.0000000000 0.9828618169
48.6 -136.6 1874.2 0.9003619552 -0.0262696128 -0.4343480766 -0.0162540134 0.9954491258 -0.0938983262 0.4348380864 0.0916023776 0.8958374858
58.9 -526.6 1838.3 0.9004809260 0.0000000000 -0.4348955452 0.0000000000 1.0000000000 0.0000000000 0.4348955452 0.0000000000 0.9004809260
-232.2 -284.1 1791.6 0 0 0 0 0 0 0 0 0
37.8 345.0 1659.9 0 0 0 0 0 0 0 0 0
-149.0 -902.9 1817.6 0 0 0 0 0 0 0 0 0
58.9 -903.2 1838.3 0 0 0 0 0 0 0 0 0
-47.8 452.0 1840.4 14 0.9998443723 -0.0148976846 0.0094500938 0.0143458815 0.9983281493 0.0559918880 -0.0102684442 -0.0558476038 0.9983865023
-44.8 253.0 1851.5 0.9998443723 -0.0148976846 0.0094500938 0.0143458815 0.9983281493 0.0559918880 -0.0102684442 -0.0558476038 0.9983865023
-42.3 57.4 1861.5 0.9998743534 -0.0126735857 0.0095206983 0.0121733667 0.9986307025 0.0508780926 -0.0101524694 -0.0507558025 0.9986594915
-187.3 251.2 1853.0 0.1236591116 -0.9377913475 -0.3244315386 0.9909262657 0.0993472487 0.0905277953 -0.0526648015 -0.3326823115 0.9415672421
-220.6 -15.3 1867.2 0.0425287224 -0.9368703365 -0.3470810950 0.9607045650 0.1337229013 -0.2432384938 0.2742956281 -0.3230977356 0.9057426453
97.7 254.7 1850.1 0.4334532022 0.7594395280 0.4851494133 -0.4284578860 0.6472825408 -0.6304356456 -0.7928065062 0.0653982610 0.6059545875
195.9 157.6 1670.4 -0.6457648277 0.7594395280 0.0789903104 0.7622077465 0.6472825408 0.0080388933 -0.0450239964 0.0653982610 -0.9968429804
-130.6 -141.1 1872.3 0.9828073382 0.0488982238 -0.1780413389 -0.0724395216 0.9890962243 -0.1282232851 0.1698301286 0.1389160007 0.9756331444
-149.8 -528.5 1817.8 0.9853961468 0.0000000000 -0.1702774763 -0.0000000000 1.0000000000 0.0000000000 0.1702774763 0.0000000000 0.9853961468
50.2 -138.7 1872.9 0.9061277509 -0.0225476921 -0.4224027693 -0.0162068587 0.9959946275 -0.0879323408 0.4226935506 0.0865237564 0.9021329284
59.0 -528.9 1839.0 0.9062467813 0.0000000000 -0.4227490723 0.0000000000 1.0000000000 0.0000000000 0.4227490723 0.0000000000 0.9062467813
-232.5 -286.0 1789.9 0 0 0 0 0 0 0 0 0
37.4 344.7 1659.4 0 0 0 0 0 0 0 0 0
-149.8 -905.2 1817.8 0 0 0 0 0 0 0 0 0
59.0 -905.5 1839.0 0 0 0 0 0 0 0 0 0
-48.6 453.4 1839.3 15 0.9997265935 -0.0187099129 0.0140250651 0.0178301614 0.9980134964 0.0604247041 -0.0151277455 -0.0601581149 0.9980742335
-44.9 253.7 1851.4 0.9997265935 -0.0187099129 0.0140250651 0.0178301614 0.9980134964 0.0604247041 -0.0151277455 -0.0601581149 0.9980742335
-41.8 58.2 1861.8 0.9997766614 -0.0157010164 0.0141466605 0.0149252163 0.9984632730 0.0533699058 -0.0149628827 -0.0531468429 0.9984745979
-187.3 251.6 1853.5 0.1237884536 -0.9391568303 -0.3204073012 0.9909104705 0.0998583585 0.0901371911 -0.0526576117 -0.3286528885 0.9429816604
-220.5 -13.7 1867.6 0.0365825333 -0.9384805560 -0.3433889449 0.9596590400 0.1288481504 -0.2499053031 0.2787762880 -0.3203941584 0.9053349495
97.6 255.9 1849.2 0.4355227649 0.7615654469 0.4799354374 -0.4388974011 0.6451398730 -0.6254307628 -0.7859319448 0.0617469139 0.6152221560
196.6 156.1 1670.6 -0.6429495811 0.7615654469 0.0814492106 0.7640641332 0.6451398730 -0.0007551236 -0.0531212054 0.0617469139 -0.9966772199
-130.2 -139.3 1872.3 0.9835077524 0.0516487136 -0.1733346581 -0.0752654597 0.9883117080 -0.1325709224 0.1644615531 0.1434306353 0.9758996367
-150.5 -526.5 1816.2 0.9863053560 0.0000000000 -0.1649293751 -0.0000000000 1.0000000000 0.0000000000 0.1649293751 0.0000000000 0.9863053560
50.5 -137.1 1870.5 0.9082379937 -0.0192528050 -0.4180108309 -0.0153897805 0.9967283607 -0.0793457925 0.4181708694 0.0784979612 0.9049702883
58.1 -527.5 1839.8 0.9083455801 0.0000000000 -0.4182204008 0.0000000000 1.0000000000 0.0000000000 0.4182204008 0.0000000000 0.9083455801
-230.8 -284.1 1789.1 0 0 0 0 0 0 0 0 0
38.3 344.3 1657.5 0 0 0 0 0 0 0 0 0
-150.5 -903.1 1816.2 0 0 0 0 0 0 0 0 0
58.1 -904.2 1839.8 0 0 0 0 0 0 0 0 0
-49.5 453.6 1838.3 16 0.9996938705 -0.0228377376 0.0095189223 0.0222050697 0.9978307486 0.0619737916 -0.0109136142 -0.0617434531 0.9980323911
-44.9 253.8 1850.7 0.9996938705 -0.0228377376 0.0095189223 0.0222050697 0.9978307486 0.0619737916 -0.0109136142 -0.0617434531 0.9980323911
-41.0 58.3 1861.4 0.9997535944 -0.0199826080 0.0096676247 0.0194212031 0.9982951283 0.0550418161 -0.0107510220 -0.0548404977 0.9984372258
-187.4 251.0 1852.2 0.1242853403 -0.9378600121 -0.3239933848 0.9904823899 0.0978019163 0.0968474448 -0.0591421761 -0.3329464495 0.9410892129
-220.6 -13.5 1868.0 0.0371345915 -0.9371314049 -0.3469953239 0.9580206871 0.1321665496 -0.2544175982 0.2842839062 -0.3229809999 0.9026992321
97.6 256.6 1849.1 0.4379847050 0.7604064941 0.4795324802 -0.4445081949 0.6468288302 -0.6196974516 -0.7813973427 0.0582618825 0.6213080883
197.4 155.2 1671.0 -0.6431062818 0.7604064941 0.0905334055 0.7624514699 0.6468288302 -0.0167397615 -0.0712886378 0.0582618825 -0.9957526922
-129.1 -138.7 1873.5 0.9827088118 0.0540673696 -0.1770877987 -0.0788358599 0.9875723720 -0.1359622478 0.1675359011 0.1475721747 0.9747585058
-150.3 -525.6 1815.7 0.9857769608 0.0000000000 -0.1680589616 -0.0000000000 1.0000000000 0.0000000000 0.1680589616 0.0000000000 0.9857769608
51.7 -136.0 1870.8 0.9067429304 -0.0139870085 -0.4214518070 -0.0225313883 0.9964150190 -0.0815444142 0.4210814834 0.0834357142 0.9031770825
57.1 -526.3 1838.2 0.9069731832 0.0000000000 -0.4211883843 0.0000000000 1.0000000000 0.0000000000 0.4211883843 0.0000000000 0.9069731832
-231.0 -283.4 1787.9 0 0 0 0 0 0 0 0 0
38.8 343.3 1653.4 0 0 0 0 0 0 0 0 0
-150.3 -902.2 1815.7 0 0 0 0 0 0 0 0 0
57.1 -903.0 1838.2 0 0 0 0 0 0 0 0 0
-48.6 453.9 1837.3 17 0.9997708797 -0.0204077438 0.0064547360 0.0199526548 0.9977450371 0.0640834197 -0.0077479789 -0.0639399514 0.9979236722
-44.6 254.5 1850.1 0.9997708797 -0.0204077438 0.0064547360 0.0199526548 0.9977450371 0.0640834197 -0.0077479789 -0.0639399514 0.9979236722
-41.3 59.0 1861.5 0.9998390675 -0.0166961588 0.0065589710 0.0162844453 0.9981559515 0.0584763959 -0.0075232070 -0.0583601780 0.9982672334
-187.1 252.1 1851.1 0.1256489456 -0.9368900061 -0.3262658715 0.9898003936 0.0961313471 0.1051377952 -0.0671381727 -0.3361485302 0.9394128919
-220.9 -14.0 1869.2 0.0378308520 -0.9361296892 -0.3496140838 0.9544195533 0.1375042796 -0.2649073601 0.2960610986 -0.3236568272 0.8986623883
97.9 256.8 1849.0 0.4424743652 0.7545763850 0.4845935404 -0.4421403110 0.6536885500 -0.6141687036 -0.7802104950 0.0574955828 0.6228690743
198.4 156.4 1671.9 -0.6496512294 0.7545763850 0.0925620869 0.7565178871 0.6536885500 -0.0192861781 -0.0750596672 0.0574955828 -0.9955201149
-127.4 -139.0 1873.1 0.9817739129 0.0592625253 -0.1805768013 -0.0835029632 0.9880256057 -0.1297405660 0.1707257628 0.1424545944 0.9749663472
-150.7 -526.0 1817.3 0.9852147102 0.0000000000 -0.1713241041 -0.0000000000 1.0000000000 0.0000000000 0.1713241041 0.0000000000 0.9852147102
53.3 -135.5 1871.2 0.9053225517 -0.0076030837 -0.4246566892 -0.0283654798 0.9965251088 -0.0783140138 0.4237765074 0.0829450339 0.9019609690
56.3 -525.9 1838.7 0.9056869745 0.0000000000 -0.4239470959 0.0000000000 1.0000000000 0.0000000000 0.4239470959 0.0000000000 0.9056869745
-231.5 -282.9 1785.8 0 0 0 0 0 0 0 0 0
38.2 343.0 1653.4 0 0 0 0 0 0 0 0 0
-150.7 -902.7 1817.3 0 0 0 0 0 0 0 0 0
56.3 -902.5 1838.7 0 0 0 0 0 0 0 0 0
-48.7 454.1 1836.8 18 0.9997614026 -0.0198484641 0.0091192620 0.0191926602 0.9975610971 0.0671079382 -0.0104290107 -0.0669169053 0.9977040291
-44.8 254.8 1850.2 0.9997614026 -0.0198484641 0.0091192620 0.0191926602 0.9975610971 0.0671079382 -0.0104290107 -0.0669169053 0.9977040291
-41.6 59.3 1862.0 0.9998278618 -0.0160923824 0.0092356475 0.0155033907 0.9980389476 0.0606457256 -0.0101934699 -0.0604920983 0.9981166124
-187.3 252.6 1851.6 0.1247311831 -0.9377962947 -0.3240065873 0.9898819923 0.0953553021 0.1050759777 -0.0676441193 -0.3338345289 0.9402014613
-220.7 -12.9 1869.7 0.0356963240 -0.9371181130 -0.3471821547 0.9557598233 0.1335100979 -0.2621033788 0.2919741273 -0.3224666417 0.9004256725
97.7 257.0 1848.7 0.4445382953 0.7531945705 0.4848542213 -0.4418737590 0.6552238464 -0.6127228141 -0.7791875601 0.0581344068 0.6240890026
198.4 157.0 1672.2 -0.6516393423 0.7531945705 0.0898000523 0.7552883625 0.6552238464 -0.0148709994 -0.0700398907 0.0581344068 -0.9958487749
-128.4 -138.0 1873.6 0.9825309515 0.0532465242 -0.1783193648 -0.0773774311 0.9883276820 -0.1312291771 0.1692504585 0.1427346170 0.9751825929
