-30.2 461.2 1820.8 8 0.9815666080 0.1840066761 -0.0516573749 -0.1822764426 0.9825712442 0.0364556089 0.0574651286 -0.0263676867 0.9979992509
-79.0 200.9 1827.8 0.9815666080 0.1840066761 -0.0516573749 -0.1822764426 0.9825712442 0.0364556089 0.0574651286 -0.0263676867 0.9979992509
-62.4 9.1 1863.8 0.9953956008 -0.0849639177 -0.0443706848 0.0916439965 0.9792430401 0.1807885319 0.0280891806 -0.1840224266 0.9825205803
-220.7 187.8 1823.8 0.0755302981 -0.7814601660 -0.6193667650 0.9946950078 0.0155457463 0.1016864926 -0.0698354244 -0.6237614155 0.7784886956
-241.3 -82.4 1842.8 -0.2622826695 -0.7814601660 -0.5661517382 0.8988937736 0.0155457463 -0.4378907979 0.3509954810 -0.6237614155 0.6983723044
62.7 214.0 1831.8 0.6519440413 0.7483096719 0.1224813014 -0.5278675556 0.5638511777 -0.6351595521 -0.5443572402 0.3494345546 0.7626078129
178.2 120.5 1735.4 -0.5681416988 0.7483096719 0.3424144983 0.8166904449 0.5638511777 0.1228353977 -0.1011519060 0.3494345546 -0.9314846992
-137.0 -189.7 1897.7 0.9968310595 0.0795464367 0.0004250255 -0.0770999938 0.9674612880 -0.2409860492 -0.0195807777 0.2401896119 0.9705284834
-168.2 -568.7 1803.6 0.9998071194 0.0000000000 0.0196392369 0.0000000000 1.0000000000 0.0000000000 -0.0196392369 0.0000000000 0.9998071194
42.7 -174.0 1910.0 0.9744523168 -0.0029568269 -0.2245749980 -0.0434502624 0.9785410762 -0.2014186233 0.2203514129 0.2060306966 0.9534131289
43.8 -557.2 1829.3 0.9753734469 0.0000000000 -0.2205597162 0.0000000000 1.0000000000 0.0000000000 0.2205597162 0.0000000000 0.9753734469
-167.4 -335.7 1743.9 0 0 0 0 0 0 0 0 0
23.9 342.2 1708.0 0 0 0 0 0 0 0 0 0
-168.2 -945.3 1803.6 0 0 0 0 0 0 0 0 0
43.8 -933.9 1829.3 0 0 0 0 0 0 0 0 0
-30.9 466.2 1819.6 9 0.9814988375 0.1893060207 -0.0286933668 -0.1882432997 0.9814590812 0.0360900760 0.0349934325 -0.0300210342 0.9989365339
-82.1 201.0 1827.7 0.9814988375 0.1893060207 -0.0286933668 -0.1882432997 0.9814590812 0.0360900760 0.0349934325 -0.0300210342 0.9989365339
-64.3 9.1 1862.5 0.9956125021 -0.0910357684 -0.0216390155 0.0934331566 0.9797878265 0.1768786013 0.0050993655 -0.1781243384 0.9839947820
-223.9 187.7 1826.9 0.0652497187 -0.7865946889 -0.6140124202 0.9960302711 0.0140032265 0.0879067406 -0.0605488196 -0.6173108220 0.7843858600
-241.7 -83.8 1843.4 -0.2605745792 -0.7865946889 -0.5597943068 0.8988328576 0.0140032265 -0.4380678236 0.3524207473 -0.6173108220 0.7033683062
59.7 214.3 1828.4 0.6263902187 0.7738727927 0.0935743749 -0.5914722681 0.5500423312 -0.5895880461 -0.5077360272 0.3139655590 0.8022654057
170.0 110.2 1739.0 -0.5420489311 0.7738727927 0.3275727034 0.8316110969 0.5500423312 0.0766581222 -0.1208552048 0.3139655590 -0.9417110085
-135.7 -191.0 1897.3 0.9965160489 0.0799859092 0.0236226227 -0.0718050227 0.9669018984 -0.2448360771 -0.0424241982 0.2422868609 0.9692766666
-167.1 -569.7 1802.3 0.9990950227 0.0000000000 0.0425339900 0.0000000000 1.0000000000 0.0000000000 -0.0425339900 0.0000000000 0.9990950227
44.1 -174.4 1902.3 0.9794316888 0.0003052333 -0.2017758042 -0.0364340134 0.9838291407 -0.1753645986 0.1984593868 0.1791091412 0.9636045694
44.0 -559.6 1832.2 0.9800823927 0.0000000000 -0.1985912323 0.0000000000 1.0000000000 0.0000000000 0.1985912323 0.0000000000 0.9800823927
-168.2 -337.0 1744.1 0 0 0 0 0 0 0 0 0
21.7 337.7 1705.9 0 0 0 0 0 0 0 0 0
-167.1 -946.4 1802.3 0 0 0 0 0 0 0 0 0
44.0 -936.3 1832.2 0 0 0 0 0 0 0 0 0
-34.1 467.4 1816.4 0 0.9828352928 0.1844850779 -0.0003007039 -0.1843513399 0.9821822643 0.0365051404 0.0070299995 -0.0358231030 0.9993334413
-84.9 196.7 1826.3 0.9828352928 0.1844850779 -0.0003007039 -0.1843513399 0.9821822643 0.0365051404 0.0070299995 -0.0358231030 0.9993334413
-62.7 5.1 1859.9 0.9934807420 -0.1139060929 0.0046321168 0.1113803238 0.9785082936 0.1735393256 -0.0242997520 -0.1718920469 0.9848160744
-226.4 180.8 1829.7 0.0616436005 -0.7834750414 -0.6183582544 0.9964686036 0.0129204951 0.0829665065 -0.0570126958 -0.6212888956 0.7815047503
-242.7 -83.2 1844.8 -0.2660779059 -0.7834750414 -0.5615775585 0.8965255618 0.0129204951 -0.4428035319 0.3541813791 -0.6212888956 0.6989675760
56.5 212.6 1822.8 0.5957469940 0.8006302714 0.0638490841 -0.6489368677 0.5266619921 -0.5490974784 -0.4732509553 0.2856891453 0.8333157897
160.2 99.7 1740.5 -0.5149894953 0.8006302714 0.3062303066 0.8485945463 0.5266619921 0.0501442775 -0.1211328432 0.2856891453 -0.9506358504
-136.4 -191.2 1896.9 0.9952247143 0.0789516419 0.0573970750 -0.0628479868 0.9682189822 -0.2420787513 -0.0746854544 0.2373154610 0.9685574174
-167.4 -570.5 1803.9 0.9971960783 0.0000000000 0.0748333931 0.0000000000 1.0000000000 0.0000000000 -0.0748333931 0.0000000000 0.9971960783
43.4 -174.3 1897.8 0.9854673147 -0.0028855752 -0.1698407084 -0.0247512199 0.9867451787 -0.1603787839 0.1680522859 0.1622518003 0.9723336697
44.6 -560.7 1834.3 0.9857693315 0.0000000000 -0.1681037843 0.0000000000 1.0000000000 0.0000000000 0.1681037843 0.0000000000 0.9857693315
-167.8 -335.8 1745.1 0 0 0 0 0 0 0 0 0
19.3 331.8 1707.4 0 0 0 0 0 0 0 0 0
-167.4 -947.2 1803.9 0 0 0 0 0 0 0 0 0
44.6 -937.4 1834.3 0 0 0 0 0 0 0 0 0
-36.5 466.2 1812.8 1 0.9889491200 0.1337126940 0.0640353858 -0.1378750652 0.9882677794 0.0657055974 -0.0544984341 -0.0738083795 0.9957822561
-68.4 230.2 1830.5 0.9889491200 0.1337126940 0.0640353858 -0.1378750652 0.9882677794 0.0657055974 -0.0544984341 -0.0738083795 0.9957822561
-63.9 37.4 1858.9 0.9973688126 -0.0240250397 0.0683975816 0.0139340227 0.9894275665 0.1443571001 -0.0711426362 -0.1430242062 0.9871589541
-209.6 228.1 1840.8 0.1029138714 -0.7045592070 -0.7021431923 0.9946590066 0.0672950000 0.0782616660 -0.0078892531 -0.7064472437 0.7077217102
-242.5 -90.1 1843.3 -0.2726346850 -0.7045592070 -0.6551844478 0.8934273720 0.0672950000 -0.4441384673 0.3570124805 -0.7064472437 0.6111255288
72.9 232.3 1820.2 0.4394952059 0.8706406951 0.2209721655 -0.7980359197 0.4913799167 -0.3488330543 -0.4122895300 -0.0230332576 0.9107616544
153.5 85.9 1744.5 -0.4893234670 0.8706406951 0.0504705384 0.8602922559 0.4913799167 -0.1358051896 -0.1430377364 -0.0230332576 -0.9894492030
-140.6 -176.3 1895.1 0.9937880635 0.0716122612 0.0851877630 -0.0507565588 0.9728701711 -0.2257151902 -0.0990406126 0.2199892253 0.9704616070
-170.0 -575.5 1804.8 0.9950706363 0.0000000000 0.0991684347 0.0000000000 1.0000000000 0.0000000000 -0.0991684347 0.0000000000 0.9950706363
44.0 -170.8 1889.5 0.9905973077 0.0092937034 -0.1364938170 -0.0271662381 0.9911851287 -0.1296690404 0.1340855211 0.1321578324 0.9821178317
40.3 -564.0 1837.1 0.9909630418 0.0000000000 -0.1341350377 0.0000000000 1.0000000000 0.0000000000 0.1341350377 0.0000000000 0.9909630418
-165.7 -341.8 1742.7 0 0 0 0 0 0 0 0 0
19.2 322.0 1705.3 0 0 0 0 0 0 0 0 0
-170.0 -952.1 1804.8 0 0 0 0 0 0 0 0 0
40.3 -940.7 1837.1 0 0 0 0 0 0 0 0 0
-41.8 466.2 1811.6 2 0.9913172722 0.0932814404 0.0926747918 -0.1015105993 0.9908946157 0.0884505957 -0.0835801512 -0.0970900804 0.9917600155
-62.3 248.4 1832.9 0.9913172722 0.0932814404 0.0926747918 -0.1015105993 0.9908946157 0.0884505957 -0.0835801512 -0.0970900804 0.9917600155
-64.7 54.8 1858.6 0.9954331517 0.0115153678 0.0947640091 -0.0236525312 0.9914957881 0.1279713213 -0.0924844742 -0.1296283007 0.9872401357
-203.6 251.7 1846.2 0.1329789013 -0.7201154828 -0.6809921861 0.9906539321 0.0755298883 0.1135781407 -0.0303541142 -0.6897310615 0.7234291434
-242.6 -38.9 1855.1 -0.2175455093 -0.7210913301 -0.6578003168 0.9171192646 0.0796145350 -0.3905813396 0.3340152800 -0.6882505417 0.6440069675
79.0 245.1 1819.6 0.3050689101 0.8861321211 0.3488593698 -0.8702737093 0.4081614614 -0.2757315040 -0.3867254853 -0.2194860280 0.8956948519
138.7 74.6 1743.9 -0.4438260794 0.8861321211 -0.1333728284 0.8837304115 0.4081614614 -0.2289644927 -0.1484551430 -0.2194860280 -0.9642546177
-154.2 -146.6 1893.5 0.9947899580 0.0201478805 0.0999349728 -0.0001338315 0.9805332422 -0.1963530034 -0.1019456610 0.1953166127 0.9754273295
-162.3 -539.1 1815.3 0.9947899580 0.0000000000 0.1019456685 0.0000000000 1.0000000000 0.0000000000 -0.1019456685 0.0000000000 0.9947899580
27.5 -151.3 1879.8 0.9912056923 -0.0540928394 -0.1207692623 0.0420415848 0.9940789938 -0.1001968160 0.1254741251 0.0942383185 0.9876109362
48.8 -542.1 1842.8 0.9920828342 0.0000000000 -0.1255851537 0.0000000000 1.0000000000 0.0000000000 0.1255851537 0.0000000000 0.9920828342
-181.4 -296.8 1761.2 0 0 0 0 0 0 0 0 0
18.3 314.5 1703.6 0 0 0 0 0 0 0 0 0
-162.3 -915.8 1815.3 0 0 0 0 0 0 0 0 0
48.8 -918.7 1842.8 0 0 0 0 0 0 0 0 0
-47.2 464.2 1810.4 3 0.9960210323 0.0562440902 0.0691280663 -0.0633762032 0.9923732281 0.1057298928 -0.0626541600 -0.1096902713 0.9919891357
-59.0 255.4 1833.5 0.9960210323 0.0562440902 0.0691280663 -0.0633762032 0.9923732281 0.1057298928 -0.0626541600 -0.1096902713 0.9919891357
-61.9 61.4 1857.5 0.9974672198 0.0143562872 0.0696640909 -0.0227203276 0.9924169183 0.1207991019 -0.0674015954 -0.1220759302 0.9902294874
-200.9 258.6 1843.2 0.1488977075 -0.7052268386 -0.6931699514 0.9868022799 0.0608530715 0.1500604302 -0.0636451170 -0.7063653469 0.7049803138
-241.9 -13.2 1860.7 -0.1589292139 -0.7168605328 -0.6788611412 0.9307159185 0.1206324846 -0.3452762365 0.3294076324 -0.6867013574 0.6480215192
82.8 252.2 1823.8 0.2181537747 0.8792361021 0.4235007167 -0.8938773274 0.3541743457 -0.2748523355 -0.3916531801 -0.3185976148 0.8631936908
128.2 65.9 1742.2 -0.4135695398 0.8792361021 -0.2364406139 0.8994123340 0.3541743457 -0.2561601400 -0.1414840519 -0.3185976148 -0.9372714758
-159.3 -131.6 1892.5 0.9971626997 -0.0021104780 0.0752472803 0.0177621096 0.9779780507 -0.2079505324 -0.0731513128 0.2086970508 0.9752407074
-158.5 -518.7 1809.9 0.9973199964 0.0000000000 0.0731628537 0.0000000000 1.0000000000 0.0000000000 -0.0731628537 0.0000000000 0.9973199964
21.2 -139.4 1875.3 0.9861132503 -0.0775672719 -0.1468465924 0.0646792203 0.9937849045 -0.0905989334 0.1529614329 0.0798428878 0.9850015044
51.6 -529.3 1844.0 0.9881824255 0.0000000000 -0.1532823890 0.0000000000 1.0000000000 0.0000000000 0.1532823890 0.0000000000 0.9881824255
-197.2 -274.7 1768.1 0 0 0 0 0 0 0 0 0
16.2 309.5 1703.9 0 0 0 0 0 0 0 0 0
-158.5 -895.4 1809.9 0 0 0 0 0 0 0 0 0
51.6 -905.9 1844.0 0 0 0 0 0 0 0 0 0
-51.1 462.5 1811.3 4 0.9973540902 0.0270375069 0.0674818233 -0.0345710404 0.9929826856 0.1130940318 -0.0639505014 -0.1151277125 0.9912900329
-56.7 257.8 1835.1 0.9973540902 0.0270375069 0.0674818233 -0.0345710404 0.9929826856 0.1130940318 -0.0639505014 -0.1151277125 0.9912900329
-58.2 63.4 1857.7 0.9976878762 0.0078383088 0.0675086528 -0.0155596491 0.9932873249 0.1146220490 -0.0661570504 -0.1154074445 0.9911127090
-198.7 260.0 1844.5 0.1515523046 -0.7045646906 -0.6932679415 0.9862949848 0.0615105890 0.1530967802 -0.0652232617 -0.7069689035 0.7042307258
-239.6 -6.3 1862.1 -0.0959526375 -0.7179162502 -0.6894848347 0.9424118996 0.1574380249 -0.2950814962 0.3203949332 -0.6780925393 0.6614662409
85.3 255.6 1825.6 0.1604837626 0.8749907613 0.4567670524 -0.9037851691 0.3162832856 -0.2883353829 -0.3967585862 -0.3665461242 0.8415619731
120.3 58.5 1739.1 -0.3852383494 0.8749907613 -0.2932279110 0.9134060144 0.3162832856 -0.2562309802 -0.1314566731 -0.3665461242 -0.9210662842
-156.0 -128.1 1887.6 0.9971035123 0.0104604075 0.0753336698 0.0051094703 0.9790464640 -0.2035729438 -0.0758846179 0.2033682168 0.9761571884
-160.2 -513.6 1807.5 0.9971165061 0.0000000000 0.0758856088 0.0000000000 1.0000000000 0.0000000000 -0.0758856088 0.0000000000 0.9971165061
24.5 -134.0 1875.2 0.9866119027 -0.0674886182 -0.1484661698 0.0550414212 0.9947380424 -0.0864100680 0.1535166353 0.0770814121 0.9851350784
51.0 -523.9 1845.0 0.9881098270 0.0000000000 -0.1537497193 0.0000000000 1.0000000000 0.0000000000 0.1537497193 0.0000000000 0.9881098270
-212.7 -270.9 1772.2 0 0 0 0 0 0 0 0 0
17.1 303.4 1703.9 0 0 0 0 0 0 0 0 0
-160.2 -890.3 1807.5 0 0 0 0 0 0 0 0 0
51.0 -900.6 1845.0 0 0 0 0 0 0 0 0 0
-55.9 458.2 1814.3 5 0.9973160028 0.0046756389 0.0730680078 -0.0125395926 0.9941216111 0.1075406671 -0.0721356645 -0.1081682742 0.9915120006
-56.8 256.0 1836.3 0.9973160028 0.0046756389 0.0730680078 -0.0125395926 0.9941216111 0.1075406671 -0.0721356645 -0.1081682742 0.9915120006
-56.3 61.3 1857.0 0.9973239303 -0.0025301874 0.0730655566 -0.0051892442 0.9944303632 0.1052678227 -0.0729249567 -0.1053652763 0.9917560816
-198.9 256.7 1846.7 0.1444232464 -0.7098258734 -0.6894121766 0.9877715707 0.0620666482 0.1430213451 -0.0587307550 -0.7016373277 0.7101097107
-237.4 -6.8 1862.4 -0.0385220274 -0.7213735580 -0.6914739609 0.9490875602 0.1900961250 -0.2511896491 0.3126480877 -0.6659457088 0.6773237586
85.2 255.3 1825.9 0.1134780645 0.8782082200 0.4646214545 -0.8994123936 0.2894839942 -0.3275002241 -0.4221138358 -0.3807221949 0.8227214217
110.6 54.2 1731.5 -0.3544109464 0.8782082200 -0.3211592138 0.9284065962 0.2894839942 -0.2329382449 -0.1115978211 -0.3807221949 -0.9179305434
-150.5 -128.3 1886.4 0.9961882830 0.0232105441 0.0840846673 -0.0063362797 0.9806573391 -0.1956297606 -0.0869989246 0.1943512857 0.9770663977
-159.7 -513.4 1810.0 0.9962082505 0.0000000000 0.0870006680 0.0000000000 1.0000000000 0.0000000000 -0.0870006680 0.0000000000 0.9962082505
29.9 -132.0 1874.3 0.9885699749 -0.0497796834 -0.1423072070 0.0390686169 0.9962579012 -0.0770961717 0.1456125081 0.0706552193 0.9868155122
49.4 -522.3 1846.6 0.9893253446 0.0000000000 -0.1457237601 0.0000000000 1.0000000000 0.0000000000 0.1457237601 0.0000000000 0.9893253446
-226.6 -273.3 1774.6 0 0 0 0 0 0 0 0 0
17.3 298.7 1702.1 0 0 0 0 0 0 0 0 0
-159.7 -890.0 1810.0 0 0 0 0 0 0 0 0 0
49.4 -899.0 1846.6 0 0 0 0 0 0 0 0 0
-57.7 452.3 1811.8 6 0.9976403117 -0.0071868021 0.0682797506 -0.0010732820 0.9927522540 0.1201741844 -0.0686485395 -0.1199638993 0.9904019833
-56.2 250.7 1836.2 0.9976403117 -0.0071868021 0.0682797506 -0.0010732820 0.9927522540 0.1201741844 -0.0686485395 -0.1199638993 0.9904019833
-55.2 56.1 1857.7 0.9976469278 -0.0054519093 0.0683434829 -0.0021147060 0.9939120412 0.1101560593 -0.0685279742 -0.1100413799 0.9915618300
-198.4 251.0 1845.9 0.1417886764 -0.7062730193 -0.6935952902 0.9882832170 0.0610067993 0.1399085671 -0.0564996116 -0.7053060532 0.7066478729
-235.9 -10.9 1860.9 -0.0082397778 -0.7161795497 -0.6978673935 0.9507196546 0.2107025385 -0.2274566442 0.3099422455 -0.6653504968 0.6791498661
85.9 250.5 1826.4 0.0843830779 0.8882233500 0.4515958428 -0.8843476772 0.2755904198 -0.3768011928 -0.4591391087 -0.3675720990 0.8087533712
104.7 53.5 1724.1 -0.3305672407 0.8882233500 -0.3190369904 0.9390122294 0.2755904198 -0.2056841403 -0.0947699174 -0.3675720990 -0.9251537323
-146.3 -132.2 1884.2 0.9963255525 0.0296925455 0.0803354979 -0.0134663368 0.9806241989 -0.1954350621 -0.0845818967 0.1936351210 0.9774207473
-157.9 -516.8 1808.3 0.9964158535 0.0000000000 0.0845895633 0.0000000000 1.0000000000 0.0000000000 -0.0845895633 0.0000000000 0.9964158535
34.1 -133.6 1871.0 0.9884966016 -0.0363330655 -0.1468140483 0.0272512119 0.9976157546 -0.0634047613 0.1487676948 0.0586745292 0.9871299267
48.3 -524.4 1848.0 0.9888638258 0.0000000000 -0.1488229781 0.0000000000 1.0000000000 0.0000000000 0.1488229781 0.0000000000 0.9888638258
-233.6 -278.2 1773.8 0 0 0 0 0 0 0 0 0
19.1 296.8 1699.5 0 0 0 0 0 0 0 0 0
-157.9 -893.5 1808.3 0 0 0 0 0 0 0 0 0
48.3 -901.0 1848.0 0 0 0 0 0 0 0 0 0
-60.7 449.8 1811.5 7 0.9966660142 -0.0126334494 0.0806055367 0.0027109995 0.9925216436 0.1220389009 -0.0815445036 -0.1214135066 0.9892467856
-58.1 249.3 1836.1 0.9966660142 -0.0126334494 0.0806055367 0.0027109995 0.9925216436 0.1220389009 -0.0815445036 -0.1214135066 0.9892467856
-56.3 54.7 1857.8 0.9966930747 -0.0093334103 0.0807205439 0.0002643612 0.9937487841 0.1116392016 -0.0812579170 -0.1112486795 0.9904649854
-200.1 249.3 1847.6 0.1312817633 -0.7144129872 -0.6872984767 0.9904658198 0.0653310642 0.1212817132 -0.0417432897 -0.6966677308 0.7161784172
-235.4 -16.6 1858.8 0.0042811874 -0.7224839330 -0.6913744211 0.9515796900 0.2154566199 -0.2192589939 0.3073723018 -0.6569591761 0.6884234548
83.9 249.4 1824.5 0.0736867562 0.9000568986 0.4294971824 -0.8726775646 0.2666462362 -0.4090643525 -0.4827049971 -0.3446699381 0.8051077724
100.4 54.0 1716.4 -0.3096264303 0.9000568986 -0.3066415787 0.9478766322 0.2666462362 -0.1744410843 -0.0752420872 -0.3446699381 -0.9357036352
-144.4 -138.0 1885.5 0.9950504303 0.0353588909 0.0928675607 -0.0154678626 0.9782738090 -0.2067392766 -0.0981599689 0.2042795420 0.9739786983
-158.3 -521.4 1805.4 0.9951694608 0.0000000000 0.0981717184 0.0000000000 1.0000000000 0.0000000000 -0.0981717184 0.0000000000 0.9951694608
36.0 -138.6 1873.1 0.9906773567 -0.0263523366 -0.1336558908 0.0164800826 0.9970893860 -0.0744388551 0.1352284998 0.0715422258 0.9882282019
46.3 -529.1 1845.0 0.9908119440 0.0000000000 -0.1352468729 0.0000000000 1.0000000000 0.0000000000 0.1352468729 0.0000000000 0.9908119440
-236.6 -284.4 1772.3 0 0 0 0 0 0 0 0 0
21.7 294.9 1697.3 0 0 0 0 0 0 0 0 0
-158.3 -898.1 1805.4 0 0 0 0 0 0 0 0 0
46.3 -905.8 1845.0 0 0 0 0 0 0 0 0 0
-62.2 445.0 1809.9 8 0.9965456128 -0.0161025524 0.0814710632 0.0052887597 0.9913360476 0.1312435269 -0.0828785598 -0.1303592771 0.9879967570
-59.0 245.1 1836.2 0.9965456128 -0.0161025524 0.0814710632 0.0052887597 0.9913360476 0.1312435269 -0.0828785598 -0.1303592771 0.9879967570
-57.0 50.5 1858.8 0.9966076612 -0.0101353154 0.0816731304 0.0005981642 0.9932537079 0.1159598678 -0.0822974294 -0.1155176312 0.9898902774
-201.0 245.0 1847.9 0.1256346107 -0.7150840759 -0.6876559258 0.9912732840 0.0625953823 0.1160133556 -0.0399152189 -0.6962302327 0.7167078853
-234.4 -18.3 1858.5 0.0080941673 -0.7237696648 -0.6899941564 0.9489665627 0.2231103629 -0.2228996009 0.3152728379 -0.6529772282 0.6886391044
83.1 245.1 1824.5 0.0664032325 0.9093844295 0.4106222391 -0.8464624882 0.2692298889 -0.4593653381 -0.5282914639 -0.3170729578 0.7876375318
97.7 58.3 1707.9 -0.2978374362 0.9093844295 -0.2903667986 0.9535777569 0.2692298889 -0.1349248141 -0.0445231013 -0.3170729578 -0.9473555088
-144.6 -139.7 1887.0 0.9950183034 0.0342677422 0.0936178863 -0.0135107683 0.9767553806 -0.2139306962 -0.0987726972 0.2116001099 0.9723525047
-158.1 -522.5 1804.1 0.9951091409 0.0000000000 0.0987817124 0.0000000000 1.0000000000 0.0000000000 -0.0987817124 0.0000000000 0.9951091409
35.6 -139.8 1872.3 0.9907061458 -0.0299121160 -0.1326898336 0.0212376174 0.9975727201 -0.0663146079 0.1343513578 0.0628802776 0.9889367223
47.3 -530.5 1847.6 0.9909296632 0.0000000000 -0.1343816668 0.0000000000 1.0000000000 0.0000000000 0.1343816668 0.0000000000 0.9909296632
-236.6 -285.5 1769.8 0 0 0 0 0 0 0 0 0
22.8 298.0 1696.7 0 0 0 0 0 0 0 0 0
-158.1 -899.1 1804.1 0 0 0 0 0 0 0 0 0
47.3 -907.2 1847.6 0 0 0 0 0 0 0 0 0
-62.1 444.4 1809.1 9 0.9959095120 -0.0157342833 0.0889760032 0.0035423271 0.9907635450 0.1355547011 -0.0902870372 -0.1346850395 0.9867665172
-58.9 245.0 1836.2 0.9959095120 -0.0157342833 0.0889760032 0.0035423271 0.9907635450 0.1355547011 -0.0902870372 -0.1346850395 0.9867665172
-57.4 50.6 1859.8 0.9959869385 -0.0078631267 0.0891525373 -0.0029684983 0.9926825762 0.1207164153 -0.0894493833 -0.1204966232 0.9886755943
-200.8 245.5 1848.9 0.1231773645 -0.7196226120 -0.6833525300 0.9916797280 0.0633075014 0.1120870858 -0.0373990610 -0.6914734244 0.7214331627
-234.1 -22.0 1859.0 -0.0079478109 -0.7313600779 -0.6819452047 0.9412950277 0.2246933877 -0.2519454658 0.3374914527 -0.6439141035 0.6866397858
83.0 244.6 1823.5 0.0606530197 0.9129163027 0.4036149383 -0.8316697478 0.2698175907 -0.4853080809 -0.5519480705 -0.3062389493 0.7756100893
96.4 61.0 1701.6 -0.2940809131 0.9129163027 -0.2830198705 0.9551345706 0.2698175907 -0.1221326590 -0.0351331569 -0.3062389493 -0.9513061643
-145.1 -144.0 1888.9 0.9944413304 0.0346012861 0.0994443223 -0.0116720824 0.9748671651 -0.2224808484 -0.1046431288 0.2200834304 0.9698520899
-158.7 -525.9 1802.7 0.9945091009 0.0000000000 0.1046502590 0.0000000000 1.0000000000 0.0000000000 -0.1046502590 0.0000000000 0.9945091009
35.1 -143.9 1874.0 0.9915296435 -0.0344586112 -0.1252259314 0.0246486086 0.9965650439 -0.0790604725 0.1275200993 0.0753041580 0.9889731407
48.6 -534.2 1844.5 0.9918310046 0.0000000000 -0.1275588572 0.0000000000 1.0000000000 0.0000000000 0.1275588572 0.0000000000 0.9918310046
-231.8 -287.0 1764.0 0 0 0 0 0 0 0 0 0
22.7 300.5 1692.8 0 0 0 0 0 0 0 0 0
-158.7 -902.5 1802.7 0 0 0 0 0 0 0 0 0
48.6 -910.9 1844.5 0 0 0 0 0 0 0 0 0
-60.9 443.1 1808.7 0 0.9966370463 -0.0493876338 0.0653868690 0.0423720330 0.9936066866 0.1046440005 -0.0701369494 -0.1015215144 0.9923579097
-49.7 216.2 1831.9 0.9966370463 -0.0493876338 0.0653868690 0.0423720330 0.9936066866 0.1046440005 -0.0701369494 -0.1015215144 0.9923579097
-50.8 21.8 1855.9 0.9978687167 0.0057368502 0.0650004670 -0.0136670703 0.9924083948 0.1222244203 -0.0638058260 -0.1228522956 0.9903717041
-191.8 218.1 1841.0 0.1719636768 -0.7017338276 -0.6913740635 0.9817114472 0.0638854131 0.1793358475 -0.0816773102 -0.7095690966 0.6998860836
-233.8 -21.5 1860.9 -0.0337902457 -0.7175998092 -0.6956354380 0.9345471859 0.2240107805 -0.2764791250 0.3542312086 -0.6594464779 0.6630615592
92.5 214.2 1822.8 0.0113517987 0.9170110822 0.3987002075 -0.7661941051 0.2641783655 -0.5857955217 -0.6425089836 -0.2988319099 0.7056073546
94.7 65.4 1698.0 -0.2846775055 0.9170110822 -0.2793732882 0.9582586288 0.2641783655 -0.1093167663 -0.0264403038 -0.2988319099 -0.9539394379
-145.3 -147.5 1890.5 0.9969555140 0.0298343673 0.0720388815 -0.0129773626 0.9745053053 -0.2239887118 -0.0768848360 0.2223719060 0.9719256163
-156.8 -525.2 1804.3 0.9970394969 0.0000000000 0.0768913105 0.0000000000 1.0000000000 0.0000000000 -0.0768913105 0.0000000000 0.9970394969
35.0 -149.0 1875.0 0.9878468513 -0.0369029827 -0.1509860307 0.0236021858 0.9957559109 -0.0889553726 0.1536279619 0.0843106881 0.9845253229
49.2 -534.1 1842.4 0.9881221056 0.0000000000 -0.1536707729 0.0000000000 1.0000000000 0.0000000000 0.1536707729 0.0000000000 0.9881221056
-224.3 -284.6 1761.2 0 0 0 0 0 0 0 0 0
22.8 307.4 1691.3 0 0 0 0 0 0 0 0 0
-156.8 -901.9 1804.3 0 0 0 0 0 0 0 0 0
49.2 -910.7 1842.4 0 0 0 0 0 0 0 0 0
-59.9 441.7 1809.0 1 0.9981608391 -0.0349545591 0.0495285504 0.0302726720 0.9952695966 0.0923147425 -0.0525210798 -0.0906455964 0.9944972992
-51.4 200.4 1831.0 0.9981608391 -0.0349545591 0.0495285504 0.0302726720 0.9952695966 0.0923147425 -0.0525210798 -0.0906455964 0.9944972992
-55.8 6.3 1857.0 0.9985426068 0.0220228005 0.0492717475 -0.0283550601 0.9908765554 0.1317562014 -0.0459205769 -0.1329612732 0.9900568724
-193.7 204.4 1837.5 0.1557937860 -0.6889442205 -0.7078729868 0.9856819510 0.0616397187 0.1569445431 -0.0644929409 -0.7221886516 0.6886829734
-233.0 -44.0 1853.7 -0.0551236570 -0.7082598805 -0.7037963271 0.9295851588 0.2208857387 -0.2950948179 0.3644624054 -0.6705053449 0.6462118626
90.8 196.4 1824.4 0.0093876813 0.9231079221 0.3844262958 -0.7032564878 0.2793976665 -0.6537333131 -0.7108741999 -0.2642132640 0.6518045664
92.5 66.9 1693.6 -0.2967564464 0.9231079221 -0.2445553690 0.9545603991 0.2793976665 -0.1036890820 -0.0273880195 -0.2642132640 -0.9640753269
-141.8 -173.3 1885.2 0.9973512292 0.0514605120 0.0514042862 -0.0388807356 0.9744621515 -0.2211600691 -0.0614725426 0.2185756266 0.9738818407
-161.8 -552.9 1800.0 0.9981058836 0.0000000000 0.0615190566 0.0000000000 1.0000000000 0.0000000000 -0.0615190566 0.0000000000 0.9981058836
38.6 -176.2 1874.0 0.9852841496 -0.0222383030 -0.1694713831 0.0086867148 0.9967337251 -0.0802895650 0.1707033515 0.0776358917 0.9822591543
47.3 -564.1 1843.8 0.9853213429 0.0000000000 -0.1707097888 0.0000000000 1.0000000000 0.0000000000 0.1707097888 0.0000000000 0.9853213429
-217.4 -305.8 1751.1 0 0 0 0 0 0 0 0 0
16.8 310.5 1686.6 0 0 0 0 0 0 0 0 0
-161.8 -929.6 1800.0 0 0 0 0 0 0 0 0 0
47.3 -940.8 1843.8 0 0 0 0 0 0 0 0 0
-60.3 439.1 1813.1 2 0.9953343272 -0.0406089313 0.0875242576 0.0354781486 0.9976035357 0.0594006479 -0.0897267088 -0.0560183041 0.9943897724
-50.2 190.1 1827.1 0.9953343272 -0.0406089313 0.0875242576 0.0354781486 0.9976035357 0.0594006479 -0.0897267088 -0.0560183041 0.9943897724
-61.1 -2.3 1860.7 0.9944895506 0.0563987456 0.0883725435 -0.0705196932 0.9836279750 0.1658401787 -0.0775725320 -0.1711583287 0.9821850061
-191.7 200.2 1838.0 0.1558918655 -0.7070452571 -0.6897715330 0.9868810773 0.0817983747 0.1391932964 -0.0419937707 -0.7024216056 0.7105212808
-232.5 -57.9 1849.0 -0.0793422312 -0.7216137648 -0.6877342463 0.9304872155 0.1938996762 -0.3107997179 0.3576287925 -0.6645874381 0.6560679674
91.3 180.0 1816.2 -0.0050933473 0.9230725765 0.3845921457 -0.6647174954 0.2842023075 -0.6909267306 -0.7470774651 -0.2591642439 0.6121349335
90.5 69.2 1691.7 -0.3041685224 0.9230725765 -0.2354114950 0.9517940879 0.2842023075 -0.1153997853 -0.0396178849 -0.2591642439 -0.9650203586
-150.2 -186.1 1886.8 0.9968412519 0.0273007806 0.0745804161 -0.0110160997 0.9775133133 -0.2105857730 -0.0786525086 0.2090989947 0.9747263193
-160.8 -567.9 1805.2 0.9969016910 0.0000000000 0.0786572844 0.0000000000 1.0000000000 0.0000000000 -0.0786572844 0.0000000000 0.9969016910
30.3 -191.5 1878.7 0.9888389111 -0.0570104793 -0.1376494020 0.0445046611 0.9947378635 -0.0922818333 0.1421861053 0.0851258337 0.9861727357
52.6 -579.6 1845.5 0.9898196459 0.0000000000 -0.1423271149 0.0000000000 1.0000000000 0.0000000000 0.1423271149 0.0000000000 0.9898196459
-210.1 -319.9 1748.3 0 0 0 0 0 0 0 0 0
12.8 312.3 1681.6 0 0 0 0 0 0 0 0 0
-160.8 -944.5 1805.2 0 0 0 0 0 0 0 0 0
52.6 -956.3 1845.5 0 0 0 0 0 0 0 0 0
-59.6 438.8 1815.2 3 0.9979314208 -0.0473969392 0.0434332825 0.0456675291 0.9981563091 0.0399807133 -0.0452481695 -0.0379145183 0.9982560277
-47.7 188.4 1824.7 0.9979314208 -0.0473969392 0.0434332825 0.0456675291 0.9981563091 0.0399807133 -0.0452481695 -0.0379145183 0.9982560277
-58.1 -3.6 1861.1 0.9976201057 0.0532067753 0.0438541099 -0.0603904352 0.9811906815 0.1833515614 -0.0332736969 -0.1855635792 0.9820687175
-189.6 197.0 1829.4 0.1619077772 -0.6773695350 -0.7176046371 0.9841642380 0.0576663874 0.1676165313 -0.0721566677 -0.7333792448 0.6759794950
-232.6 -64.1 1848.5 -0.1201931015 -0.6980627179 -0.7058768272 0.9268749356 0.1757874489 -0.3316650093 0.3556072414 -0.6941233277 0.6258883476
94.2 179.8 1820.0 -0.0393847935 0.9172477722 0.3963651657 -0.6447638273 0.2797132730 -0.7113649249 -0.7633665204 -0.2835788727 0.5803917646
87.5 70.5 1690.6 -0.3003422320 0.9172477722 -0.2616315186 0.9533230066 0.2797132730 -0.1137353927 -0.0311417300 -0.2835788727 -0.9584431052
-161.6 -188.7 1901.1 0.9993328452 -0.0118329441 0.0345521718 0.0199279506 0.9694823027 -0.2443500906 -0.0306063369 0.2448756248 0.9690712690
-157.0 -567.4 1805.4 0.9995313287 0.0000000000 0.0306124147 0.0000000000 1.0000000000 0.0000000000 -0.0306124147 0.0000000000 0.9995313287
17.9 -201.7 1887.3 0.9785650969 -0.1099323928 -0.1741414070 0.0870282948 0.9871365428 -0.1341176033 0.1866452098 0.1160875708 0.9755445719
60.8 -586.9 1842.0 0.9822920561 0.0000000000 -0.1873560697 0.0000000000 1.0000000000 0.0000000000 0.1873560697 0.0000000000 0.9822920561
-198.8 -324.9 1748.5 0 0 0 0 0 0 0 0 0
10.8 313.9 1682.6 0 0 0 0 0 0 0 0 0
-157.0 -944.0 1805.4 0 0 0 0 0 0 0 0 0
60.8 -963.5 1842.0 0 0 0 0 0 0 0 0 0
-58.8 436.7 1820.7 4 0.9987263680 -0.0495302863 0.0096091330 0.0494966246 0.9987673759 0.0037100483 -0.0097810486 -0.0032297035 0.9999469519
-46.4 185.7 1821.6 0.9987263680 -0.0495302863 0.0096091330 0.0494966246 0.9987673759 0.0037100483 -0.0097810486 -0.0032297035 0.9999469519
-54.7 -6.0 1860.3 0.9990622997 0.0423689112 0.0089074420 -0.0432936661 0.9793403149 0.1975303143 -0.0003542727 -0.1977307349 0.9802563190
-188.5 191.9 1821.6 0.1654270440 -0.8135727048 -0.5574346185 0.9813579917 0.0797266960 0.1748719662 -0.0978286341 -0.5759714842 0.8115949631
-232.2 -67.0 1847.4 -0.1560197920 -0.8135727048 -0.5601404309 0.9242987633 0.0797266960 -0.3732498884 0.3483240604 -0.5759714842 0.7395452857
95.8 179.6 1821.5 -0.0577380434 0.9102655649 0.4099791050 -0.6220055819 0.2884157300 -0.7279597521 -0.7808811069 -0.2970402837 0.5495377183
86.0 74.0 1688.9 -0.3060410023 0.9102655649 -0.2788466513 0.9519217014 0.2884157300 -0.1032544822 -0.0135652479 -0.2970402837 -0.9547685981
-158.5 -190.4 1900.4 0.9999679923 -0.0026614803 0.0075484430 0.0043946039 0.9707927108 -0.2398796082 -0.0066895387 0.2399050891 0.9707732797
-157.5 -570.1 1806.5 0.9999776483 0.0000000000 0.0066896030 0.0000000000 1.0000000000 0.0000000000 -0.0066896030 0.0000000000 0.9999776483
21.5 -201.4 1894.5 0.9754102230 -0.0917081758 -0.2004108876 0.0620908476 0.9868292809 -0.1493744403 0.2114701867 0.1332576722 0.9682576060
57.4 -587.1 1842.4 0.9772959352 0.0000000000 -0.2118790001 0.0000000000 1.0000000000 0.0000000000 0.2118790001 0.0000000000 0.9772959352
-188.3 -327.1 1749.4 0 0 0 0 0 0 0 0 0
7.6 318.0 1685.4 0 0 0 0 0 0 0 0 0
-157.5 -946.8 1806.5 0 0 0 0 0 0 0 0 0
57.4 -963.7 1842.4 0 0 0 0 0 0 0 0 0
-57.5 436.4 1819.0 5 0.9990192652 -0.0436555892 0.0073936800 0.0435957648 0.9990167022 0.0080676861 -0.0077386093 -0.0077374410 0.9999400973
-46.5 184.6 1821.0 0.9990192652 -0.0436555892 0.0073936800 0.0435957648 0.9990167022 0.0080676861 -0.0077386093 -0.0077374410 0.9999400973
-55.3 -6.2 1864.1 0.9989743829 0.0446530841 0.0075007356 -0.0452091359 0.9744807482 0.2198712230 0.0025086063 -0.2199848294 0.9755000472
-188.8 191.0 1820.6 0.1588085890 -0.7974694371 -0.5820844173 0.9831933975 0.0739598647 0.1669153422 -0.0900589973 -0.5988091230 0.7958121300
-231.3 -72.2 1844.7 -0.1714012772 -0.7974694371 -0.5785015821 0.9238006473 0.0739598647 -0.3756625056 0.3423652649 -0.5988091230 0.7240259647
95.8 178.1 1821.3 -0.0779705420 0.9093976021 0.4085542858 -0.5901380181 0.2881925106 -0.7541102171 -0.8035283089 -0.2999017835 0.5141995549
82.5 77.5 1684.3 -0.2993369102 0.9093976021 -0.2887791991 0.9541034698 0.2881925106 -0.0814352259 0.0091670072 -0.2999017835 -0.9539260268
-153.2 -193.9 1899.1 0.9998586774 0.0159926843 0.0051818173 -0.0143431071 0.9723076820 -0.2332637906 -0.0087688351 0.2331565022 0.9723997116
-159.4 -574.4 1807.9 0.9999615550 0.0000000000 0.0087697376 0.0000000000 1.0000000000 0.0000000000 -0.0087697376 0.0000000000 0.9999615550
27.2 -201.7 1899.1 0.9772563577 -0.0705257580 -0.1999903917 0.0389976352 0.9867622256 -0.1574148983 0.2084447742 0.1460355520 0.9670699835
54.8 -587.7 1841.9 0.9780002832 0.0000000000 -0.2086034566 0.0000000000 1.0000000000 0.0000000000 0.2086034566 0.0000000000 0.9780002832
-183.0 -332.3 1748.3 0 0 0 0 0 0 0 0 0
6.1 320.9 1686.7 0 0 0 0 0 0 0 0 0
-159.4 -951.1 1807.9 0 0 0 0 0 0 0 0 0
54.8 -964.4 1841.9 0 0 0 0 0 0 0 0 0
-56.6 435.5 1822.6 6 0.9992197752 -0.0392312370 0.0045508253 0.0392779633 0.9991712570 -0.0106781581 -0.0041281367 0.0108485743 0.9999326468
-46.7 184.6 1819.9 0.9992197752 -0.0392312370 0.0045508253 0.0392779633 0.9991712570 -0.0106781581 -0.0041281367 0.0108485743 0.9999326468
-53.3 -6.0 1864.3 0.9994235635 0.0337250680 0.0038893188 -0.0337300003 0.9734703898 0.2263132930 0.0038462942 -0.2263140231 0.9740468264
-189.1 189.4 1819.4 0.1569610238 -0.7907680273 -0.5916494727 0.9830226302 0.0674527586 0.1706360728 -0.0950251594 -0.6083880663 0.7879303098
-231.1 -73.4 1844.8 -0.1885728687 -0.7907680273 -0.5823454261 0.9187257886 0.0674527586 -0.3890925348 0.3469627500 -0.6083880663 0.7137792706
95.7 179.8 1820.5 -0.1038251966 0.9044704437 0.4137070477 -0.5822584629 0.2819527388 -0.7625468373 -0.8063469529 -0.3200560212 0.4973618090
77.8 79.9 1682.1 -0.2911642194 0.9044704437 -0.3116995096 0.9564686418 0.2819527388 -0.0753018260 0.0197762512 -0.3200560212 -0.9471921921
-154.2 -192.9 1906.9 0.9999358654 0.0092300354 0.0065605002 -0.0072427266 0.9666361213 -0.2560510635 -0.0087049771 0.2559871376 0.9666410089
-157.9 -571.3 1806.7 0.9999620914 0.0000000000 0.0087052053 0.0000000000 1.0000000000 0.0000000000 -0.0087052053 0.0000000000 0.9999620914
26.2 -201.1 1907.4 0.9776952863 -0.0749180317 -0.1962121725 0.0367216915 0.9808028936 -0.1915130764 0.2067932338 0.1800361872 0.9616774321
55.5 -584.8 1837.0 0.9783551693 0.0000000000 -0.2069328129 0.0000000000 1.0000000000 0.0000000000 0.2069328129 0.0000000000 0.9783551693
-178.0 -332.1 1747.1 0 0 0 0 0 0 0 0 0
3.9 322.8 1687.1 0 0 0 0 0 0 0 0 0
-157.9 -948.0 1806.7 0 0 0 0 0 0 0 0 0
55.5 -961.5 1837.0 0 0 0 0 0 0 0 0 0
-57.4 433.7 1827.5 7 0.9987196922 -0.0477587618 0.0166769065 0.0483401492 0.9981675148 -0.0363985077 -0.0149079990 0.0371580720 0.9991981983
-45.5 184.1 1818.2 0.9987196922 -0.0477587618 0.0166769065 0.0483401492 0.9981675148 -0.0363985077 -0.0149079990 0.0371580720 0.9991981983
-51.2 -6.3 1863.3 0.9994808435 0.0289536547 0.0141322035 -0.0314315446 0.9726148844 0.2302874029 -0.0070775300 -0.2306120545 0.9730200171
-187.9 188.6 1819.2 0.1599617004 -0.7733134031 -0.6135133505 0.9827048182 0.0660140589 0.1730126441 -0.0932924896 -0.6305779219 0.7704985142
-231.0 -76.1 1844.3 -0.2056480646 -0.7733134031 -0.5997459888 0.9146786332 0.0660140589 -0.3987545371 0.3479538858 -0.6305779219 0.6937575340
96.9 179.7 1817.2 -0.1281489283 0.8889187574 0.4397741854 -0.5782908201 0.2932681441 -0.7612972856 -0.8057031631 -0.3518767953 0.4764715433
75.1 81.1 1679.8 -0.3022887111 0.8889187574 -0.3441584408 0.9527316689 0.2932681441 -0.0793485492 0.0303962883 -0.3518767953 -0.9355526567
-150.3 -193.6 1908.2 0.9996850491 0.0178213455 0.0176683813 -0.0125177307 0.9643272161 -0.2644169629 -0.0217503663 0.2641125321 0.9642465711
-157.2 -571.2 1804.8 0.9997633696 0.0000000000 0.0217520706 0.0000000000 1.0000000000 0.0000000000 -0.0217520706 0.0000000000 0.9997633696
30.3 -199.7 1908.9 0.9811332226 -0.0573307052 -0.1846369654 0.0205630157 0.9805485606 -0.1951964796 0.1922362596 0.1877170503 0.9632276893
52.8 -583.4 1835.5 0.9813407063 0.0000000000 -0.1922769248 0.0000000000 1.0000000000 0.0000000000 0.1922769248 0.0000000000 0.9813407063
-173.1 -333.7 1746.3 0 0 0 0 0 0 0 0 0
-2.3 325.0 1687.6 0 0 0 0 0 0 0 0 0
-157.2 -947.8 1804.8 0 0 0 0 0 0 0 0 0
52.8 -960.1 1835.5 0 0 0 0 0 0 0 0 0
-58.1 434.6 1827.4 8 0.9986965656 -0.0463143997 0.0214500539 0.0471223742 0.9981339574 -0.0388333537 -0.0196114834 0.0397935137 0.9990154505
-46.5 185.1 1817.4 0.9986965656 -0.0463143997 0.0214500539 0.0471223742 0.9981339574 -0.0388333537 -0.0196114834 0.0397935137 0.9990154505
-50.3 -5.4 1862.9 0.9996548295 0.0193724148 0.0177453235 -0.0229651742 0.9724131823 0.2321319878 -0.0127588296 -0.2324593961 0.9725224376
-188.9 188.3 1819.2 0.1547275633 -0.7703261375 -0.6185927391 0.9836804271 0.0619243272 0.1689326912 -0.0918273255 -0.6346361041 0.7673361301
-230.6 -76.6 1844.0 -0.2115554661 -0.7703261375 -0.6015329957 0.9140804410 0.0619243272 -0.4007771015 0.3459786177 -0.6346361041 0.6910396218
96.0 181.8 1815.6 -0.1188063249 0.8829054236 0.4542720616 -0.6049180627 0.2984421849 -0.7382454872 -0.7873749137 -0.3625056148 0.4986285865
75.9 79.4 1682.3 -0.3086380363 0.8829054236 -0.3538652658 0.9506755471 0.2984421849 -0.0845474526 0.0309609175 -0.3625056148 -0.9314671755
-147.2 -194.0 1909.1 0.9992341995 0.0297398027 0.0254285131 -0.0220240410 0.9646217227 -0.2627163231 -0.0323420279 0.2619550824 0.9645379782
-158.8 -571.7 1806.6 0.9994766116 0.0000000000 0.0323498733 0.0000000000 1.0000000000 0.0000000000 -0.0323498733 0.0000000000 0.9994766116
33.5 -199.6 1907.9 0.9829143882 -0.0466447212 -0.1780551374 0.0132206492 0.9827497602 -0.1844671518 0.1835880727 0.1789613962 0.9665755033
51.8 -584.4 1837.8 0.9830002785 0.0000000000 -0.1836041063 0.0000000000 1.0000000000 0.0000000000 0.1836041063 0.0000000000 0.9830002785
-171.0 -334.1 1746.5 0 0 0 0 0 0 0 0 0
-3.6 324.0 1690.3 0 0 0 0 0 0 0 0 0
-158.8 -948.4 1806.6 0 0 0 0 0 0 0 0 0
51.8 -961.1 1837.8 0 0 0 0 0 0 0 0 0
-59.3 435.0 1826.8 9 0.9972943068 -0.0313088745 0.0665121600 0.0331188701 0.9991056919 -0.0262867268 -0.0656296685 0.0284184087 0.9974392653
-51.4 185.0 1819.7 0.9972943068 -0.0313088745 0.0665121600 0.0331188701 0.9991056919 -0.0262867268 -0.0656296685 0.0284184087 0.9974392653
-52.3 -6.3 1861.1 0.9979903698 0.0040487689 0.0632362887 -0.0173482858 0.9772850871 0.2112176418 -0.0609447137 -0.2118902206 0.9753913283
-193.5 187.4 1828.4 0.1358100623 -0.7568971515 -0.6392670274 0.9891609550 0.0672341213 0.1305380911 -0.0558233522 -0.6500663757 0.7578241229
-230.0 -78.1 1843.4 -0.2170096934 -0.7568971515 -0.6164523959 0.9123983979 0.0672341213 -0.4037434459 0.3470388949 -0.6500663757 0.6760012507
90.6 182.6 1811.0 -0.0801212415 0.8882472515 0.4523244798 -0.6345350742 0.3045119345 -0.7103785872 -0.7687299848 -0.3439321518 0.5392261744
77.3 77.4 1683.5 -0.3116595745 0.8882472515 -0.3374687433 0.9495195746 0.3045119345 -0.0753995106 0.0357898511 -0.3439321518 -0.9383121729
-144.4 -193.7 1909.6 0.9962850809 0.0450382978 0.0733999684 -0.0239553694 0.9636382461 -0.2661342919 -0.0827172473 0.2633872926 0.9611373544
-162.1 -571.1 1806.5 0.9965710640 0.0000000000 0.0827409923 0.0000000000 1.0000000000 0.0000000000 -0.0827409923 0.0000000000 0.9965710640
36.3 -197.9 1907.3 0.9906042814 -0.0363928601 -0.1318282038 0.0119988751 0.9833539724 -0.1813035756 0.1362319440 0.1780183166 0.9745513797
50.5 -583.0 1837.6 0.9906756282 0.0000000000 -0.1362417638 0.0000000000 1.0000000000 0.0000000000 0.1362417638 0.0000000000 0.9906756282
-168.8 -335.2 1745.6 0 0 0 0 0 0 0 0 0
-3.2 322.8 1692.8 0 0 0 0 0 0 0 0 0
-162.1 -947.8 1806.5 0 0 0 0 0 0 0 0 0
50.5 -959.6 1837.6 0 0 0 0 0 0 0 0 0
-59.0 432.0 1827.0 0 0.9931197762 -0.0135945445 0.1163112298 0.0166631415 0.9995371699 -0.0254510548 -0.1159114093 0.0272140577 0.9928866625
-55.7 186.6 1820.4 0.9931197762 -0.0135945445 0.1163112298 0.0166631415 0.9995371699 -0.0254510548 -0.1159114093 0.0272140577 0.9928866625
-55.6 -5.0 1860.8 0.9934086800 -0.0008689499 0.1146231368 -0.0228443425 0.9784107804 0.2054031789 -0.1123270020 -0.2066677809 0.9719418883
-197.0 189.8 1836.3 0.1181291118 -0.7883343697 -0.6037999988 0.9927337766 0.0797246769 0.0901309401 -0.0229155626 -0.6100597382 0.7920239568
-229.2 -80.8 1842.6 -0.2163170874 -0.7819302082 -0.5846298933 0.9124540687 0.0511111207 -0.4059743583 0.3473246992 -0.6212671399 0.7024191618
85.7 183.4 1804.4 -0.0520013086 0.8912955523 0.4504310489 -0.6627696157 0.3065896630 -0.6831831336 -0.7470155954 -0.3340584338 0.5747805238
77.2 75.8 1683.1 -0.3095409870 0.8912955523 -0.3313255906 0.9497823119 0.3065896630 -0.0625805780 0.0458032079 -0.3340584338 -0.9414387941
-143.3 -196.1 1908.0 0.9913128018 0.0509318560 0.1212635860 -0.0165119730 0.9628771544 -0.2694344819 -0.1304847300 0.2650915384 0.9553534389
-163.3 -573.3 1804.2 0.9914479852 0.0000000000 0.1305025220 0.0000000000 1.0000000000 0.0000000000 -0.1305025220 0.0000000000 0.9914479852
36.9 -199.2 1897.1 0.9958815575 -0.0350428969 -0.0836174041 0.0220743380 0.9882481098 -0.1512561888 0.0879351944 0.1487874538 0.9849516153
50.6 -586.1 1838.8 0.9961243272 0.0000000000 -0.0879566222 0.0000000000 1.0000000000 0.0000000000 0.0879566222 0.0000000000 0.9961243272
-168.2 -337.8 1744.7 0 0 0 0 0 0 0 0 0
-3.1 322.2 1695.0 0 0 0 0 0 0 0 0 0
-163.3 -949.9 1804.2 0 0 0 0 0 0 0 0 0
50.6 -962.7 1838.8 0 0 0 0 0 0 0 0 0
-59.5 432.2 1827.2 1 0.9962336421 -0.0279595945 0.0820778906 0.0296246056 0.9993778467 -0.0191382598 -0.0814917237 0.0214977041 0.9964421391
-52.6 186.3 1821.9 0.9962336421 -0.0279595945 0.0820778906 0.0296246056 0.9993778467 -0.0191382598 -0.0814917237 0.0214977041 0.9964421391
-52.7 -5.2 1862.7 0.9968855381 -0.0000358791 0.0788620263 -0.0164196119 0.9779902697 0.2080032974 -0.0771337599 -0.2086503655 0.9749438167
-194.5 188.6 1832.8 0.1324633807 -0.7531222105 -0.6444069743 0.9901813865 0.0712546706 0.1202645227 -0.0446568765 -0.6540104747 0.7551662326
-230.3 -78.9 1844.9 -0.2233791798 -0.7531222105 -0.6187961102 0.9073603749 0.0712546706 -0.4142703414 0.3560883105 -0.6540104747 0.6674364805
89.2 184.0 1810.9 -0.0648113042 0.8886007071 0.4540795684 -0.6358912587 0.3139077723 -0.7050561905 -0.7690525055 -0.3344408572 0.5447086692
78.0 74.3 1678.3 -0.3105095029 0.8886007071 -0.3375983238 0.9483385086 0.3139077723 -0.0459998138 0.0650992617 -0.3344408572 -0.9401656389
-145.1 -194.6 1911.3 0.9950583577 0.0442074873 0.0889077336 -0.0181917530 0.9614298940 -0.2744479477 -0.0976112038 0.2714743316 0.9574830532
