154.6 485.2 2146.3 41 0.9979788661 0.0337633938 0.0538356006 -0.0422590002 0.9853158593 0.1654292196 -0.0474596173 -0.1673699021 0.9847511649
146.7 254.8 2185.5 0.9979788661 0.0337633938 0.0538356006 -0.0422590002 0.9853158593 0.1654292196 -0.0474596173 -0.1673699021 0.9847511649
138.4 56.6 2196.6 0.9978944063 0.0418039002 0.0495898761 -0.0444740467 0.9975488186 0.0540225580 -0.0472099669 -0.0561142750 0.9973075986
1.0 261.3 2192.4 0.6698801517 -0.1631275266 -0.7243272662 -0.1834023595 0.9089780450 -0.3743293583 0.7194610238 0.3835991323 0.5789884329
-163.0 306.2 2016.2 -0.9797290564 -0.1631275266 -0.1162773743 -0.1950683594 0.9089780450 0.3683845997 0.0455999151 0.3835991323 -0.9223732352
292.4 248.2 2178.6 0.6971999407 0.4667131305 0.5441425443 -0.5319399238 -0.1720371544 0.8291218877 0.4805747867 -0.8675149083 0.1283190697
442.9 133.3 2282.4 -0.5661233068 0.4667131305 0.6794727445 -0.8117170334 -0.1720371544 -0.5581385493 -0.1435960382 -0.8675149083 0.4762332439
41.7 -134.3 2218.8 0.9953892231 0.0565759987 0.0774557590 -0.0653024390 0.9911924005 0.1152096614 -0.0702554509 -0.1197365075 0.9903168082
19.3 -528.2 2266.4 0.9960396290 0.0443444476 0.0770621896 -0.0525791869 0.9927219748 0.1083442718 -0.0716968626 -0.1119670570 0.9911220670
224.6 -138.9 2205.8 0.9869429469 0.1089634299 -0.1186193228 -0.1013268307 0.9924833179 0.0686277524 0.1252056062 -0.0557123609 0.9905653596
181.3 -533.3 2227.9 0.9902201295 -0.0681788400 -0.1217199489 0.0735161901 0.9964953065 0.0399056636 0.1185726374 -0.0484637767 0.9917619824
87.9 356.1 2004.6 0 0 0 0 0 0 0 0 0
293.9 -80.3 2244.6 0 0 0 0 0 0 0 0 0
2.3 -907.4 2309.1 0 0 0 0 0 0 0 0 0
207.3 -913.9 2246.4 0 0 0 0 0 0 0 0 0
155.4 483.4 2141.6 42 0.9985295534 0.0297621079 0.0453090258 -0.0376032367 0.9823076725 0.1834600270 -0.0390472487 -0.1848940253 0.9819824100
148.4 252.8 2185.0 0.9985295534 0.0297621079 0.0453090258 -0.0376032367 0.9823076725 0.1834600270 -0.0390472487 -0.1848940253 0.9819824100
138.7 54.6 2195.6 0.9980052710 0.0487667210 0.0400912873 -0.0508209057 0.9973570704 0.0519239567 -0.0374531671 -0.0538578555 0.9978459477
2.7 260.2 2190.4 0.6705904007 -0.1450064480 -0.7275174260 -0.1943027228 0.9121377468 -0.3609032333 0.7159294486 0.3833768666 0.5834956765
-161.6 307.8 2015.1 -0.9836072326 -0.1450064480 -0.1071913093 -0.1748692691 0.9121377468 0.3707093596 0.0440179929 0.3833768666 -0.9225424528
294.1 245.3 2179.5 0.7034458518 0.4581993520 0.5433390141 -0.5263207555 -0.1779294014 0.8314611316 0.4776509404 -0.8708584905 0.1159961373
445.9 131.8 2282.5 -0.5834824443 0.4581993520 0.6705234051 -0.7993139029 -0.1779294014 -0.5739672780 -0.1436856091 -0.8708584905 0.4700638056
38.7 -137.5 2212.1 0.9963984489 0.0479596741 0.0699285045 -0.0573807210 0.9885399938 0.1396284252 -0.0624305867 -0.1431380957 0.9877316952
19.6 -530.2 2268.9 0.9964730740 0.0506443530 0.0669067577 -0.0559345260 0.9952469468 0.0797170624 -0.0625515282 -0.0831783041 0.9945695996
221.6 -145.7 2203.4 0.9869257212 0.0980259180 -0.1279397905 -0.0899196565 0.9936466813 0.0676811114 0.1337614506 -0.0552919246 0.9894698858
182.6 -540.5 2225.4 0.9893945456 -0.0640987381 -0.1303450614 0.0702146888 0.9966100454 0.0428753011 0.1271549463 -0.0515727252 0.9905412197
89.0 352.3 2003.9 0 0 0 0 0 0 0 0 0
292.3 -78.5 2244.7 0 0 0 0 0 0 0 0 0
0.3 -910.3 2300.7 0 0 0 0 0 0 0 0 0
207.1 -921.3 2245.1 0 0 0 0 0 0 0 0 0
155.9 481.9 2140.2 43 0.9978766441 0.0411831923 0.0504596159 -0.0499999225 0.9808462262 0.1882570386 -0.0417400971 -0.1903802752 0.9808226824
146.3 253.0 2184.6 0.9978766441 0.0411831923 0.0504596159 -0.0499999225 0.9808462262 0.1882570386 -0.0417400971 -0.1903802752 0.9808226824
139.0 54.8 2195.0 0.9983026981 0.0369242392 0.0450364277 -0.0392053612 0.9979357123 0.0508654937 -0.0430652909 -0.0525448322 0.9976895452
0.5 258.8 2190.9 0.6583766341 -0.1355630755 -0.7403802276 -0.2041308135 0.9146242738 -0.3489885926 0.7244796753 0.3809003532 0.5744946599
-160.3 308.6 2013.9 -0.9831849337 -0.1355630755 -0.1223522425 -0.1716631055 0.9146242738 0.3660521805 0.0622831732 0.3809003532 -0.9225159883
292.1 247.3 2178.3 0.7036860585 0.4566515684 0.5443301201 -0.5280852318 -0.1763964444 0.8306685686 0.4753440022 -0.8719825745 0.1170232370
447.6 130.7 2283.3 -0.5938267112 0.4566515684 0.6624493599 -0.7902745605 -0.1763964444 -0.5868138075 -0.1511157155 -0.8719825745 0.4656290412
37.6 -138.9 2209.8 0.9962350726 0.0455657095 0.0737529546 -0.0554303899 0.9889113903 0.1377741247 -0.0666573569 -0.1413435787 0.9877139330
19.4 -531.8 2265.9 0.9962172508 0.0488935485 0.0718374252 -0.0557934791 0.9936788678 0.0974135548 -0.0666204393 -0.1010531187 0.9926479459
220.5 -148.2 2202.9 0.9875839353 0.0962646529 -0.1241415367 -0.0900784135 0.9944406748 0.0545305088 0.1287007630 -0.0426709801 0.9907650352
182.3 -543.4 2219.8 0.9903705120 -0.0648992807 -0.1222879514 0.0742397755 0.9945328236 0.0734366775 0.1168533936 -0.0818081498 0.9897740483
89.6 352.3 1998.0 0 0 0 0 0 0 0 0 0
291.3 -77.3 2243.5 0 0 0 0 0 0 0 0 0
0.8 -911.4 2304.5 0 0 0 0 0 0 0 0 0
207.1 -923.2 2251.1 0 0 0 0 0 0 0 0 0
156.1 482.3 2145.0 44 0.9968197346 0.0376769006 0.0702197328 -0.0483252853 0.9864600897 0.1567201018 -0.0633642375 -0.1596150845 0.9851436615
147.8 267.2 2179.8 0.9968197346 0.0376769006 0.0702197328 -0.0483252853 0.9864600897 0.1567201018 -0.0633642375 -0.1596150845 0.9851436615
140.6 69.3 2194.9 0.9970719814 0.0366525501 0.0671125352 -0.0415974446 0.9964029193 0.0738303289 -0.0641650558 -0.0764058605 0.9950100183
2.2 273.4 2189.1 0.6744480729 -0.1434041262 -0.7242617011 -0.1465146840 0.9354517460 -0.3216574490 0.7236388922 0.3230562210 0.6099027991
-161.1 308.8 2013.9 -0.9797715545 -0.1434041262 -0.1395814419 -0.1802331358 0.9354517460 0.3040494919 0.0869697481 0.3230562210 -0.9423751831
293.5 261.1 2170.4 0.6681166291 0.4486380219 0.5935857892 -0.5742994547 -0.1962877512 0.7947648764 0.4730753601 -0.8718916774 0.1265094727
450.0 126.6 2281.2 -0.6193704009 0.4486380219 0.6442858577 -0.7715939283 -0.1962877512 -0.6050735116 -0.1449935585 -0.8718916774 0.4677411914
40.1 -139.9 2209.4 0.9940676093 0.0535978936 0.0946404487 -0.0665319189 0.9880152345 0.1392817497 -0.0860409960 -0.1447520852 0.9857199192
18.8 -532.5 2266.9 0.9946446419 0.0476160869 0.0917318389 -0.0557127707 0.9945765138 0.0878273696 -0.0870523378 -0.0924676582 0.9919030070
223.2 -147.1 2201.5 0.9892942309 0.1012966260 -0.1050521433 -0.0966301784 0.9941326380 0.0486101322 0.1093598008 -0.0379385129 0.9932779670
183.0 -542.2 2216.6 0.9931485057 -0.0580101870 -0.1014441028 0.0665915906 0.9942921400 0.0833588615 0.0960294083 -0.0895430520 0.9913427234
87.2 354.5 1991.9 0 0 0 0 0 0 0 0 0
287.1 -76.4 2243.1 0 0 0 0 0 0 0 0 0
0.7 -912.5 2302.2 0 0 0 0 0 0 0 0 0
205.1 -922.0 2250.8 0 0 0 0 0 0 0 0 0
158.5 482.2 2148.9 45 0.9971017838 0.0431723446 0.0626435727 -0.0513562113 0.9894394279 0.1355437934 -0.0561302751 -0.1383680999 0.9887889624
149.4 274.4 2177.9 0.9971017838 0.0431723446 0.0626435727 -0.0513562113 0.9894394279 0.1355437934 -0.0561302751 -0.1383680999 0.9887889624
140.8 76.7 2195.0 0.9972341061 0.0433602892 0.0603656881 -0.0483206548 0.9953526258 0.0832961574 -0.0564734004 -0.0859826803 0.9946947694
3.7 281.5 2186.2 0.6878097057 -0.1526361704 -0.7096619010 -0.1120316684 0.9436070919 -0.3115357459 0.7171936035 0.2937819362 0.6319220662
-161.9 308.5 2013.4 -0.9779517651 -0.1526361704 -0.1425222158 -0.1870820522 0.9436070919 0.2731408477 0.0927938074 0.2937819362 -0.9513577223
295.0 267.3 2169.7 0.6766508222 0.4411100745 0.5895469189 -0.5667147040 -0.1991804987 0.7994758487 0.4700830877 -0.8750708699 0.1152078956
456.7 131.9 2282.0 -0.6287615299 0.4411100745 0.6403755546 -0.7643414140 -0.1991804987 -0.6132775545 -0.1429725736 -0.8750708699 0.4623957276
42.0 -124.8 2216.0 0.9946783781 0.0567642897 0.0859811082 -0.0659745410 0.9919188619 0.1083712056 -0.0791346654 -0.1134670600 0.9903852344
19.4 -518.8 2261.1 0.9953130484 0.0432523526 0.0864936784 -0.0532943308 0.9916553497 0.1173856333 -0.0806947127 -0.1214450821 0.9893125892
224.8 -132.5 2204.2 0.9878205061 0.1084202155 -0.1116052344 -0.1019515470 0.9928468466 0.0621371977 0.1175438315 -0.0500020720 0.9918080568
181.7 -527.0 2224.1 0.9911069870 -0.0672999024 -0.1147938669 0.0714532882 0.9969158173 0.0324539393 0.1122556701 -0.0403677262 0.9928590655
85.7 355.8 1990.0 0 0 0 0 0 0 0 0 0
291.3 -69.2 2244.4 0 0 0 0 0 0 0 0 0
2.9 -897.5 2307.4 0 0 0 0 0 0 0 0 0
207.4 -907.4 2239.5 0 0 0 0 0 0 0 0 0
158.6 482.1 2149.8 46 0.9956060052 0.0351461694 0.0867950991 -0.0465556420 0.9900025725 0.1331443936 -0.0812478587 -0.1366001517 0.9872888327
150.8 262.7 2180.1 0.9956060052 0.0351461694 0.0867950991 -0.0465556420 0.9900025725 0.1331443936 -0.0812478587 -0.1366001517 0.9872888327
140.7 65.2 2199.0 0.9950735569 0.0511067361 0.0849510282 -0.0588039495 0.9941384792 0.0907238275 -0.0798164830 -0.0952723399 0.9922462106
5.5 271.3 2191.7 0.6745932102 -0.1660781801 -0.7192649245 -0.1479753405 0.9241627455 -0.3521740437 0.7232062221 0.3440076709 0.5988584161
-161.7 308.0 2012.4 -0.9783646464 -0.1660781801 -0.1233719960 -0.1980665773 0.9241627455 0.3266387582 0.0597682334 0.3440076709 -0.9370626807
296.1 254.1 2168.4 0.7037864923 0.4553006887 0.5453310013 -0.5109206438 -0.2089639157 0.8338429928 0.4936037958 -0.8654683232 0.0855565295
459.8 135.3 2283.2 -0.6292045116 0.4553006887 0.6299229860 -0.7632657886 -0.2089639157 -0.6113587022 -0.1467208564 -0.8654683232 0.4789964855
40.8 -116.6 2217.2 0.9924988151 0.0544821918 0.1094430238 -0.0649408549 0.9934149384 0.0943897590 -0.1035797745 -0.1007890478 0.9895012975
19.1 -511.3 2257.3 0.9931429625 0.0372084528 0.1108265966 -0.0505656339 0.9914532900 0.1202640980 -0.1054045558 -0.1250434667 0.9865363836
223.6 -125.5 2206.9 0.9904133677 0.1060451195 -0.0885197073 -0.1009785831 0.9930844903 0.0598875582 0.0942583308 -0.0503748469 0.9942724705
181.5 -520.2 2226.9 0.9937984943 -0.0618194640 -0.0924278721 0.0641690046 0.9976816177 0.0226654615 0.0908124223 -0.0284559056 0.9954614043
85.3 358.0 1997.4 0 0 0 0 0 0 0 0 0
294.2 -65.6 2244.6 0 0 0 0 0 0 0 0 0
4.9 -890.1 2305.1 0 0 0 0 0 0 0 0 0
205.1 -901.1 2237.8 0 0 0 0 0 0 0 0 0
159.4 481.8 2149.8 47 0.9952254295 0.0414777026 0.0883515701 -0.0532380342 0.9893850088 0.1352146119 -0.0818053335 -0.1392726749 0.9868692756
149.8 254.3 2181.8 0.9952254295 0.0414777026 0.0883515701 -0.0532380342 0.9893850088 0.1352146119 -0.0818053335 -0.1392726749 0.9868692756
138.7 56.8 2200.5 0.9947111607 0.0560167506 0.0860917196 -0.0636989027 0.9939709902 0.0892418027 -0.0805736333 -0.0942537636 0.9922822714
4.5 263.6 2193.6 0.6579695344 -0.1866611093 -0.7295434475 -0.1714743525 0.9062033296 -0.3865127265 0.7332616448 0.3794116080 0.5642465949
-160.5 306.6 2009.7 -0.9772469997 -0.1866611093 -0.1007269248 -0.2108682990 0.9062033296 0.3665106893 0.0228657778 0.3794116080 -0.9249454141
295.1 245.0 2170.0 0.7280744910 0.4475261867 0.5192570090 -0.4753731489 -0.2161365300 0.8528220057 0.4938905835 -0.8677588105 0.0553784370
461.7 136.2 2283.1 -0.6340047717 0.4475261867 0.6306807995 -0.7610210776 -0.2161365300 -0.6116632819 -0.1374221593 -0.8677588105 0.4776084423
39.4 -126.9 2225.3 0.9927951097 0.0505326502 0.1086476371 -0.0570189320 0.9967190623 0.0574449562 -0.1053883284 -0.0632260442 0.9924191236
19.3 -522.7 2250.4 0.9928114414 0.0370729417 0.1138028353 -0.0565890893 0.9832278490 0.1733800918 -0.1054664031 -0.1785737425 0.9782577753
221.8 -137.7 2210.7 0.9913236499 0.0964975208 -0.0892506987 -0.0929786041 0.9947482944 0.0427879840 0.0929109156 -0.0341183357 0.9950897098
183.5 -533.0 2224.2 0.9948964715 -0.0442604236 -0.0906752571 0.0469725132 0.9985037446 0.0279964767 0.0893004462 -0.0321128406 0.9954869151
85.3 359.6 2003.9 0 0 0 0 0 0 0 0 0
294.8 -64.1 2246.9 0 0 0 0 0 0 0 0 0
5.2 -897.9 2318.5 0 0 0 0 0 0 0 0 0
200.4 -914.4 2236.5 0 0 0 0 0 0 0 0 0
158.9 482.5 2149.8 48 0.9952411056 0.0440447181 0.0869206190 -0.0558176562 0.9888529181 0.1380371451 -0.0798719004 -0.1422319561 0.9866055846
148.6 252.3 2182.9 0.9952411056 0.0440447181 0.0869206190 -0.0558176562 0.9888529181 0.1380371451 -0.0798719004 -0.1422319561 0.9866055846
138.8 54.6 2200.0 0.9952273965 0.0492141582 0.0842641890 -0.0561100133 0.9950906038 0.0815254673 -0.0798382908 -0.0858644396 0.9931027889
3.2 260.5 2194.5 0.6400848627 -0.2130750269 -0.7381669283 -0.1665720046 0.8994359970 -0.4040651619 0.7500301003 0.3815939426 0.5402230024
-156.2 302.0 2007.7 -0.9721533656 -0.2130750269 -0.0975544974 -0.2341682762 0.8994359970 0.3690259159 0.0091138249 0.3815939426 -0.9242851138
294.0 244.1 2171.2 0.7124800086 0.4482913315 0.5398213267 -0.5013782978 -0.2129767835 0.8386064172 0.4909093976 -0.8681450486 0.0730218366
457.4 129.1 2283.8 -0.6407513618 0.4482913315 0.6232756376 -0.7537465692 -0.2129767835 -0.6216968894 -0.1459580809 -0.8681450486 0.4743632078
36.4 -134.9 2226.7 0.9930216670 0.0472224019 0.1080648601 -0.0552301295 0.9958490729 0.0723484755 -0.1041998193 -0.0778120384 0.9915077686
17.6 -530.4 2257.6 0.9935293198 0.0230883434 0.1112046465 -0.0391365401 0.9887493849 0.1443708688 -0.1066202447 -0.1477888525 0.9832550883
218.8 -146.6 2211.9 0.9919839501 0.0882432088 -0.0904490799 -0.0851748660 0.9956695437 0.0372473039 0.0933442190 -0.0292447396 0.9952043295
183.7 -542.2 2223.5 0.9949678183 -0.0435741879 -0.0902239531 0.0473184288 0.9980872869 0.0397840217 0.0883178264 -0.0438530743 0.9951265454
85.2 360.1 2005.4 0 0 0 0 0 0 0 0 0
288.8 -69.3 2245.4 0 0 0 0 0 0 0 0 0
8.8 -907.8 2314.0 0 0 0 0 0 0 0 0 0
200.4 -923.5 2240.3 0 0 0 0 0 0 0 0 0
159.1 482.7 2149.8 49 0.9954153895 0.0468521863 0.0833849534 -0.0580291152 0.9888543487 0.1371121705 -0.0760315657 -0.1413223147 0.9870396256
148.1 250.2 2183.0 0.9954153895 0.0468521863 0.0833849534 -0.0580291152 0.9888543487 0.1371121705 -0.0760315657 -0.1413223147 0.9870396256
138.3 52.5 2199.5 0.9955372810 0.0491246395 0.0805746689 -0.0555092916 0.9953268766 0.0790136158 -0.0763166174 -0.0831336454 0.9936118722
2.7 258.4 2194.1 0.6260355115 -0.2280789465 -0.7456939816 -0.1654390395 0.8956534863 -0.4128374755 0.7620429397 0.3818178177 0.5229777098
-153.1 299.5 2004.5 -0.9693680406 -0.2280789465 -0.0911350548 -0.2455950528 0.8956534863 0.3707936406 -0.0029447931 0.3818178177 -0.9242329001
293.5 242.1 2171.8 0.7058812380 0.4512057900 0.5460265875 -0.5131024718 -0.2057162523 0.8333106637 0.4883211553 -0.8683859706 0.0863035843
455.8 124.2 2284.1 -0.6502935886 0.4512057900 0.6111723185 -0.7421948910 -0.2057162523 -0.6378303170 -0.1620646715 -0.8683859706 0.4686585963
37.8 -138.0 2224.3 0.9931914806 0.0508892573 0.1047900915 -0.0592301860 0.9951855540 0.0780862272 -0.1003118381 -0.0837613121 0.9914240241
17.6 -533.4 2257.6 0.9939845204 0.0140548702 0.1086148694 -0.0313850194 0.9866924882 0.1595397443 -0.1049271598 -0.1619889289 0.9811981916
220.3 -148.3 2209.7 0.9913772941 0.0912474394 -0.0940477103 -0.0882517621 0.9954638481 0.0355430283 0.0968643054 -0.0269366745 0.9949330091
184.1 -543.9 2220.4 0.9949384332 -0.0393193066 -0.0924745798 0.0443101302 0.9976347685 0.0525500588 0.0901896209 -0.0563816316 0.9943273664
86.7 360.3 2005.2 0 0 0 0 0 0 0 0 0
284.7 -71.1 2241.4 0 0 0 0 0 0 0 0 0
12.2 -910.2 2319.5 0 0 0 0 0 0 0 0 0
199.1 -925.1 2241.9 0 0 0 0 0 0 0 0 0
158.6 482.3 2149.8 50 0.9972879887 0.0374858417 0.0633361489 -0.0462288111 0.9886766672 0.1427630633 -0.0572673790 -0.1453038454 0.9877282977
149.8 249.4 2184.0 0.9972879887 0.0374858417 0.0633361489 -0.0462288111 0.9886766672 0.1427630633 -0.0572673790 -0.1453038454 0.9877282977
139.9 51.4 2197.1 0.9969676733 0.0497604534 0.0598281808 -0.0535182469 0.9965813160 0.0629405826 -0.0564916953 -0.0659516230 0.9962223768
4.2 257.3 2192.2 0.6141166091 -0.2473611683 -0.7494486570 -0.1681610793 0.8867930770 -0.4304880202 0.7710918784 0.3903979361 0.5029978156
-148.4 299.1 2000.6 -0.9660837054 -0.2473611683 -0.0741266012 -0.2565551996 0.8867930770 0.3844184279 -0.0293552354 0.3903979361 -0.9201781154
295.4 241.6 2175.7 0.7287555933 0.4608776271 0.5064652562 -0.4778802395 -0.1874410510 0.8581936359 0.4904546440 -0.8674431443 0.0836456046
461.4 132.8 2287.4 -0.6417386532 0.4608776271 0.6129953861 -0.7455343604 -0.1874410510 -0.6395657659 -0.1798610538 -0.8674431443 0.4638882875
37.3 -140.2 2223.0 0.9950046539 0.0519548729 0.0852436870 -0.0591652542 0.9946770668 0.0843626335 -0.0804068893 -0.0889846757 0.9927821755
16.6 -535.5 2258.4 0.9960974455 0.0066099563 0.0880126581 -0.0189210568 0.9900002480 0.1397907883 -0.0862085447 -0.1409105361 0.9862617850
219.9 -150.4 2209.0 0.9898308516 0.0859214887 -0.1133683771 -0.0824754462 0.9959869385 0.0347534344 0.1158994958 -0.0250499137 0.9929450154
185.7 -546.2 2219.0 0.9934394360 -0.0360249542 -0.1085370779 0.0457797945 0.9949997067 0.0887681320 0.1047964916 -0.0931545720 0.9901211858
91.9 362.9 2008.0 0 0 0 0 0 0 0 0 0
292.5 -63.4 2240.1 0 0 0 0 0 0 0 0 0
14.1 -913.6 2312.2 0 0 0 0 0 0 0 0 0
199.5 -926.2 2254.6 0 0 0 0 0 0 0 0 0
157.4 480.3 2148.3 51 0.9982109666 0.0319519863 0.0505359583 -0.0393729061 0.9873743057 0.1534332484 -0.0449954085 -0.1551485062 0.9868659377
150.0 251.1 2184.3 0.9982109666 0.0319519863 0.0505359583 -0.0393729061 0.9873743057 0.1534332484 -0.0449954085 -0.1551485062 0.9868659377
137.9 53.1 2195.5 0.9970939159 0.0608196668 0.0458770022 -0.0632616803 0.9965457320 0.0538015924 -0.0424463376 -0.0565474965 0.9974972010
4.3 260.4 2190.5 0.6054267883 -0.2603603601 -0.7521109581 -0.1294904053 0.9001675248 -0.4158493876 0.7852965593 0.3491575122 0.5112713575
-145.2 292.3 1996.5 -0.9622921944 -0.2603603601 -0.0787797570 -0.2714370191 0.9001675248 0.3406177163 -0.0177683700 0.3491575122 -0.9368955493
295.6 241.8 2178.1 0.7203181982 0.4541314840 0.5243150592 -0.5031727552 -0.1781949103 0.8456144333 0.4774504006 -0.8729324937 0.1001495495
457.7 128.6 2285.5 -0.6417744756 0.4541314840 0.6179726124 -0.7450360656 -0.1781949103 -0.6427813172 -0.1817876548 -0.8729324937 0.4527052641
38.7 -141.7 2215.4 0.9958400130 0.0537412353 0.0735832155 -0.0616219752 0.9920863509 0.1093956679 -0.0671218485 -0.1134749278 0.9912709594
17.3 -535.8 2260.5 0.9972721338 0.0078804707 0.0733906850 -0.0156462677 0.9942590594 0.1058493704 -0.0721352100 -0.1067089140 0.9916701913
221.5 -151.5 2205.0 0.9877417684 0.0920922533 -0.1260366291 -0.0872804895 0.9952469468 0.0431934148 0.1294153482 -0.0316634029 0.9910848141
184.9 -547.0 2217.6 0.9915689826 -0.0473523214 -0.1206181869 0.0595357977 0.9932553768 0.0994949564 0.1150933430 -0.1058372110 0.9877003431
96.2 360.5 2001.0 0 0 0 0 0 0 0 0 0
288.8 -67.5 2237.7 0 0 0 0 0 0 0 0 0
14.3 -915.4 2301.2 0 0 0 0 0 0 0 0 0
203.0 -926.4 2258.0 0 0 0 0 0 0 0 0 0
157.2 482.5 2148.5 52 0.9976315498 0.0315125100 0.0611417182 -0.0401292555 0.9885789752 0.1452625841 -0.0558658317 -0.1473720968 0.9875021577
149.9 251.9 2182.9 0.9976315498 0.0315125100 0.0611417182 -0.0401292555 0.9885789752 0.1452625841 -0.0558658317 -0.1473720968 0.9875021577
140.2 53.9 2195.4 0.9971293211 0.0490330681 0.0576965101 -0.0525081716 0.9967957735 0.0603412949 -0.0545529164 -0.0631976128 0.9965089560
4.3 259.6 2190.9 0.5844647288 -0.2660609186 -0.7665589452 -0.1134400368 0.9086433649 -0.4018688798 0.8034502864 0.3218366504 0.5008879900
-140.9 287.8 1991.3 -0.9602276683 -0.2660609186 -0.0847019032 -0.2791608572 0.9086433649 0.3105421662 -0.0056593069 0.3218366504 -0.9467782974
295.5 244.2 2174.9 0.7033309937 0.4559078515 0.5454114079 -0.5252788067 -0.1836445481 0.8308771253 0.4789652526 -0.8708747029 0.1103158444
455.7 124.6 2284.0 -0.6477406621 0.4559078515 0.6103933454 -0.7395185828 -0.1836445481 -0.6476008892 -0.1831509173 -0.8708747029 0.4561063647
34.4 -139.1 2210.6 0.9954988360 0.0423105471 0.0848050192 -0.0522472933 0.9915657640 0.1186065376 -0.0790714473 -0.1225034967 0.9893131852
17.6 -533.1 2259.3 0.9963024259 0.0157182254 0.0844652653 -0.0250599198 0.9935374856 0.1107036546 -0.0821793452 -0.1124110147 0.9902576804
217.3 -150.7 2202.8 0.9901185632 0.0814200416 -0.1141752973 -0.0764156505 0.9959415793 0.0475501455 0.1175834611 -0.0383555032 0.9923220277
184.9 -546.5 2218.1 0.9925797582 -0.0542677119 -0.1088137776 0.0663063601 0.9916886687 0.1102587804 0.1019259021 -0.1166556850 0.9879283905
103.1 358.7 1992.8 0 0 0 0 0 0 0 0 0
285.2 -70.0 2235.8 0 0 0 0 0 0 0 0 0
11.6 -912.5 2302.2 0 0 0 0 0 0 0 0 0
205.6 -925.3 2262.6 0 0 0 0 0 0 0 0 0
156.4 482.2 2147.6 53 0.9976276159 0.0247243643 0.0642483383 -0.0342592895 0.9878123403 0.1518324167 -0.0597113445 -0.1536733210 0.9863159060
150.6 251.7 2183.5 0.9976276159 0.0247243643 0.0642483383 -0.0342592895 0.9878123403 0.1518324167 -0.0597113445 -0.1536733210 0.9863159060
141.6 53.5 2195.6 0.9970956445 0.0456950590 0.0609282292 -0.0492539853 0.9970862865 0.0582490936 -0.0580890104 -0.0610808767 0.9964410663
5.0 258.9 2192.0 0.5634573102 -0.2674599588 -0.7816527486 -0.1016378254 0.9165149927 -0.3868721128 0.8198692203 0.2974314094 0.4892330468
-134.6 284.1 1988.9 -0.9602394700 -0.2674599588 -0.0800330192 -0.2791584134 0.9165149927 0.2864800990 -0.0032704961 0.2974314094 -0.9547376037
296.3 244.5 2175.0 0.7209787965 0.4619958103 0.5164779425 -0.4931619763 -0.1815076023 0.8507915735 0.4868068099 -0.8681099415 0.0969756320
461.0 131.8 2286.2 -0.6432654262 0.4619958103 0.6105484962 -0.7424287796 -0.1815076023 -0.6448677778 -0.1871070266 -0.8681099415 0.4597565532
39.0 -139.4 2213.0 0.9949947000 0.0484103225 0.0874184445 -0.0577155538 0.9925540090 0.1072635502 -0.0815748647 -0.1117720678 0.9903799891
19.8 -533.8 2257.4 0.9955771565 0.0313810483 0.0885517076 -0.0428698175 0.9904575348 0.1309812963 -0.0835963786 -0.1341981739 0.9874221683
221.9 -149.0 2203.0 0.9894521236 0.0926797539 -0.1113325730 -0.0887139067 0.9952507019 0.0400729515 0.1145177782 -0.0297735203 0.9929749370
185.1 -544.5 2214.8 0.9934451580 -0.0507546440 -0.1024240106 0.0640108809 0.9893668890 0.1305976361 0.0947064906 -0.1362978369 0.9861305952
111.1 355.5 1989.7 0 0 0 0 0 0 0 0 0
291.7 -63.6 2237.0 0 0 0 0 0 0 0 0 0
7.8 -912.0 2308.6 0 0 0 0 0 0 0 0 0
204.4 -922.5 2266.9 0 0 0 0 0 0 0 0 0
157.7 482.7 2149.2 54 0.9979019761 0.0315483697 0.0565366447 -0.0398095399 0.9876499176 0.1515348256 -0.0510577373 -0.1534675956 0.9868337512
150.3 252.5 2185.0 0.9979019761 0.0315483697 0.0565366447 -0.0398095399 0.9876499176 0.1515348256 -0.0510577373 -0.1534675956 0.9868337512
142.4 54.2 2194.0 0.9978094101 0.0400672592 0.0526398197 -0.0423750058 0.9981551766 0.0434811078 -0.0508005396 -0.0456164703 0.9976664782
4.6 258.7 2192.4 0.5413298607 -0.2934508324 -0.7879394889 -0.0855528191 0.9130318165 -0.3988152146 0.8364464641 0.2833010256 0.4691458344
-129.1 279.8 1985.8 -0.9549102783 -0.2934508324 -0.0450880900 -0.2939342558 0.9130318165 0.2827994227 -0.0418208651 0.2833010256 -0.9581187367
296.1 246.3 2177.6 0.7065132856 0.4523203075 0.5442842245 -0.5280352831 -0.1751372516 0.8309667110 0.4711875618 -0.8744903207 0.1151042879
457.5 125.7 2285.2 -0.6504645944 0.4523203075 0.6101657152 -0.7356146574 -0.1751372516 -0.6543684006 -0.1891213804 -0.8744903207 0.4466540217
41.1 -140.1 2213.1 0.9954444766 0.0522053763 0.0797800496 -0.0609589554 0.9918875098 0.1115491614 -0.0733093694 -0.1159043089 0.9905513525
20.3 -534.2 2259.1 0.9957542419 0.0441698320 0.0807620287 -0.0544938967 0.9899545312 0.1304623336 -0.0741882399 -0.1343094707 0.9881584048
223.9 -149.1 2202.4 0.9876453280 0.1044080183 -0.1168576404 -0.0989553034 0.9937559962 0.0515444204 0.1215096340 -0.0393439233 0.9918102026
182.4 -544.0 2218.1 0.9913092852 -0.0659195557 -0.1138440743 0.0752559975 0.9939694405 0.0797577426 0.1078999341 -0.0876320451 0.9902920127
116.3 355.4 1996.5 0 0 0 0 0 0 0 0 0
286.3 -67.9 2235.4 0 0 0 0 0 0 0 0 0
3.4 -912.4 2310.5 0 0 0 0 0 0 0 0 0
207.6 -923.3 2251.5 0 0 0 0 0 0 0 0 0
158.7 480.5 2151.0 55 0.9982416630 0.0376382470 0.0457929932 -0.0442852639 0.9870646596 0.1540849060 -0.0394011587 -0.1558419168 0.9869958758
150.0 252.5 2187.0 0.9982416630 0.0376382470 0.0457929932 -0.0442852639 0.9870646596 0.1540849060 -0.0394011587 -0.1558419168 0.9869958758
143.0 54.1 2194.5 0.9985243082 0.0350464024 0.0414837711 -0.0365619846 0.9986698031 0.0363576151 -0.0401543863 -0.0378206931 0.9984774590
4.1 257.9 2192.8 0.5260045528 -0.2921380103 -0.7987331152 -0.0827259719 0.9171255827 -0.3899193108 0.8464488387 0.2711752951 0.4582448006
-125.1 278.2 1984.9 -0.9561377764 -0.2921380103 -0.0213519838 -0.2864089608 0.9171255827 0.2772193551 -0.0614038631 0.2711752951 -0.9605693817
295.8 247.2 2181.1 0.7274946570 0.4350974858 0.5305108428 -0.5098891854 -0.1745230258 0.8423507214 0.4590910375 -0.8833073378 0.0948869362
460.2 131.9 2284.9 -0.6415760517 0.4350974858 0.6317201257 -0.7484003305 -0.1745230258 -0.6398739219 -0.1681578159 -0.8833073378 0.4375969172
42.9 -140.2 2207.7 0.9957265854 0.0600321814 0.0701761097 -0.0693293661 0.9879192710 0.1385961771 -0.0610081032 -0.1428691596 0.9878594875
19.1 -532.7 2264.5 0.9971576929 0.0326989740 0.0678771213 -0.0395047516 0.9940532446 0.1014766917 -0.0641552880 -0.1038697362 0.9925196171
225.9 -148.0 2198.4 0.9860546589 0.1072270647 -0.1272735447 -0.1015433371 0.9935559034 0.0503545776 0.1318527609 -0.0367285870 0.9905886650
183.3 -542.9 2213.0 0.9911634922 -0.0548435412 -0.1207772270 0.0680907965 0.9917683601 0.1084394604 0.1138358340 -0.1157050505 0.9867389202
120.4 351.7 2000.7 0 0 0 0 0 0 0 0 0
291.4 -65.0 2240.6 0 0 0 0 0 0 0 0 0
6.6 -912.3 2304.2 0 0 0 0 0 0 0 0 0
204.3 -921.4 2257.2 0 0 0 0 0 0 0 0 0
158.4 479.5 2149.9 56 0.9960206151 0.0312703215 0.0834568292 -0.0432043895 0.9884490371 0.1452648193 -0.0779503435 -0.1482924670 0.9858666658
151.1 250.8 2184.2 0.9960206151 0.0312703215 0.0834568292 -0.0432043895 0.9884490371 0.1452648193 -0.0779503435 -0.1482924670 0.9858666658
139.5 52.9 2197.1 0.9950715303 0.0591783412 0.0795650259 -0.0640298054 0.9961503744 0.0598719269 -0.0757156089 -0.0646713823 0.9950300455
5.9 260.2 2195.2 0.5395945907 -0.2978543341 -0.7874772549 -0.0636219829 0.9182295799 -0.3909049332 0.8395176530 0.2610310614 0.4765216410
-128.9 276.1 1985.4 -0.9545809627 -0.2978543341 -0.0076111769 -0.2886736989 0.9182295799 0.2711492479 -0.0737741739 0.2610310614 -0.9625072479
296.4 241.3 2173.2 0.7332232594 0.4461252093 0.5131822228 -0.4741109610 -0.2055908591 0.8561256528 0.4874448180 -0.8710365891 0.0607688501
461.6 134.5 2283.0 -0.6393726468 0.4461252093 0.6262387037 -0.7542328238 -0.2055908591 -0.6235906482 -0.1494505405 -0.8710365891 0.4679314494
44.5 -141.0 2205.7 0.9919028282 0.0669092238 0.1079441383 -0.0805472136 0.9885779023 0.1273809671 -0.0981882289 -0.1350441426 0.9859625697
17.9 -533.8 2259.4 0.9938882589 0.0240521114 0.1077385321 -0.0374747328 0.9915304780 0.1243500933 -0.1038351581 -0.1276275814 0.9863718748
227.6 -147.7 2198.3 0.9898743033 0.1079716161 -0.0921466500 -0.1035315543 0.9932821393 0.0516898856 0.0971086621 -0.0416264012 0.9944028854
184.7 -542.5 2214.9 0.9952763915 -0.0419144742 -0.0875673667 0.0500632636 0.9944033623 0.0930356681 0.0831777453 -0.0969801098 0.9918045998
112.4 349.0 2004.1 0 0 0 0 0 0 0 0 0
293.3 -63.9 2243.7 0 0 0 0 0 0 0 0 0
8.7 -912.4 2308.1 0 0 0 0 0 0 0 0 0
200.7 -922.1 2251.9 0 0 0 0 0 0 0 0 0
159.9 479.6 2150.3 57 0.9962502122 0.0359260328 0.0787073821 -0.0473636724 0.9877547622 0.1486513615 -0.0724031329 -0.1518218219 0.9857524633
151.5 249.9 2185.6 0.9962502122 0.0359260328 0.0787073821 -0.0473636724 0.9877547622 0.1486513615 -0.0724031329 -0.1518218219 0.9857524633
140.3 51.9 2197.1 0.9956232309 0.0567450970 0.0742589384 -0.0607899316 0.9967215657 0.0533916093 -0.0709857717 -0.0576721206 0.9958086610
6.2 258.8 2196.0 0.5217936635 -0.3172214627 -0.7918976545 -0.0635026619 0.9112702608 -0.4068831205 0.8507048488 0.2625966370 0.4553506672
-125.0 274.8 1982.1 -0.9482372999 -0.3172214627 0.0147147393 -0.3004848063 0.9112702608 0.2815942764 -0.1027368531 0.2625966370 -0.9594207406
296.9 241.0 2175.3 0.7375432849 0.4401983321 0.5121087432 -0.4696815908 -0.2104931176 0.8573749661 0.4852103889 -0.8728792071 0.0515052751
462.5 135.5 2284.2 -0.6394729018 0.4401983321 0.6303172708 -0.7559220195 -0.2104931176 -0.6198987961 -0.1402009726 -0.8728792071 0.4673602581
36.7 -139.0 2217.0 0.9937141538 0.0482950397 0.1009939611 -0.0579240732 0.9938199520 0.0946927592 -0.0957966223 -0.0999475121 0.9903703928
17.5 -533.6 2256.6 0.9944425821 0.0204787049 0.1032697037 -0.0353169776 0.9889509082 0.1439751387 -0.0991802439 -0.1468221694 0.9841781259
219.0 -150.8 2203.1 0.9911286831 0.0895126238 -0.0982416347 -0.0863090307 0.9956033230 0.0363971144 0.1010676995 -0.0275950842 0.9944967628
183.5 -546.3 2214.1 0.9944376349 -0.0505112745 -0.0924252644 0.0596424043 0.9933123589 0.0988601670 0.0868136063 -0.1038227305 0.9907997847
113.3 350.3 2007.9 0 0 0 0 0 0 0 0 0
294.2 -63.4 2247.3 0 0 0 0 0 0 0 0 0
9.7 -911.3 2312.7 0 0 0 0 0 0 0 0 0
202.8 -925.8 2253.8 0 0 0 0 0 0 0 0 0
162.8 477.8 2152.5 58 0.9961060286 0.0395328887 0.0788034797 -0.0503295138 0.9888558984 0.1401105672 -0.0723863095 -0.1435311139 0.9869949818
153.7 251.0 2185.5 0.9961060286 0.0395328887 0.0788034797 -0.0503295138 0.9888558984 0.1401105672 -0.0723863095 -0.1435311139 0.9869949818
143.1 52.9 2197.6 0.9957542419 0.0535108708 0.0749006867 -0.0578364506 0.9967075586 0.0568245575 -0.0716133490 -0.0609152839 0.9955706000
8.3 259.4 2195.9 0.5155599117 -0.3343224823 -0.7889400721 -0.0637424141 0.9032252431 -0.4244067967 0.8544793129 0.2690960765 0.4443561733
-122.0 275.5 1980.1 -0.9418509007 -0.3343224823 0.0338438675 -0.3099450767 0.9032252431 0.2968471944 -0.1298113316 0.2690960765 -0.9543250799
299.1 242.5 2175.0 0.7076387405 0.4520956576 0.5430072546 -0.5053562522 -0.2132738233 0.8361395597 0.4938243032 -0.8660968542 0.0775485560
458.6 128.6 2286.3 -0.6458699107 0.4520956576 0.6151923537 -0.7479687333 -0.2132738233 -0.6285356283 -0.1529538184 -0.8660968542 0.4759005606
37.9 -140.5 2215.1 0.9933664203 0.0534739010 0.1018020585 -0.0641150773 0.9924768806 0.1043019220 -0.0954587609 -0.1101370752 0.9893217087
16.6 -534.8 2258.9 0.9946056604 0.0098182736 0.1032628715 -0.0234991238 0.9909554124 0.1321180463 -0.1010317281 -0.1338319331 0.9858405590
220.4 -151.7 2202.1 0.9915100336 0.0874988213 -0.0961866304 -0.0824937224 0.9950814843 0.0548423454 0.1005121693 -0.0464419425 0.9938513041
185.6 -547.1 2220.6 0.9948240519 -0.0349879414 -0.0953988880 0.0411823131 0.9971154928 0.0637548193 0.0928930640 -0.0673535764 0.9933953881
117.4 354.3 2013.1 0 0 0 0 0 0 0 0 0
288.7 -68.2 2246.1 0 0 0 0 0 0 0 0 0
12.9 -913.3 2310.0 0 0 0 0 0 0 0 0 0
199.0 -927.7 2246.3 0 0 0 0 0 0 0 0 0
164.4 477.6 2151.7 59 0.9959438443 0.0479306467 0.0761478916 -0.0587521344 0.9874033928 0.1469107568 -0.0681471527 -0.1507887244 0.9862143397
153.3 249.8 2186.4 0.9959438443 0.0479306467 0.0761478916 -0.0587521344 0.9874033928 0.1469107568 -0.0681471527 -0.1507887244 0.9862143397
142.3 51.7 2196.9 0.9959254861 0.0555920638 0.0710066929 -0.0591041818 0.9970799088 0.0483564027 -0.0681111217 -0.0523561649 0.9963030219
7.8 258.4 2196.4 0.4933317900 -0.3598107994 -0.7919343114 -0.0669211298 0.8920371532 -0.4469801784 0.8672631383 0.2735066712 0.4159913361
-116.9 275.4 1977.1 -0.9310331941 -0.3598107994 0.0609375015 -0.3241242468 0.8920371532 0.3149812222 -0.1676921695 0.2735066712 -0.9471396208
298.8 241.1 2176.5 0.7242575884 0.4404581487 0.5305162668 -0.4858518541 -0.2199678272 0.8459090590 0.4892840385 -0.8704084158 0.0546840429
460.4 132.7 2285.7 -0.6390711069 0.4404581487 0.6305431724 -0.7577544451 -0.2199678272 -0.6143471003 -0.1318949759 -0.8704084158 0.4743342102
41.2 -139.8 2216.3 0.9935715199 0.0559610017 0.0984076113 -0.0660749599 0.9925136566 0.1027170271 -0.0919227451 -0.1085589901 0.9898308516
19.0 -534.1 2259.4 0.9946237206 0.0280892216 0.0996725857 -0.0405795127 0.9912520051 0.1255896837 -0.0952729359 -0.1289591491 0.9870626330
223.8 -150.4 2203.2 0.9902825952 0.0970932543 -0.0995655432 -0.0922507495 0.9943692684 0.0521489717 0.1040682271 -0.0424572229 0.9936634898
185.2 -545.5 2220.0 0.9943196177 -0.0429811329 -0.0973707438 0.0503338166 0.9959604740 0.0743590444 0.0937813744 -0.0788377002 0.9924664497
120.7 358.1 2019.9 0 0 0 0 0 0 0 0 0
292.2 -66.6 2251.0 0 0 0 0 0 0 0 0 0
8.2 -912.8 2308.7 0 0 0 0 0 0 0 0 0
201.6 -925.9 2250.1 0 0 0 0 0 0 0 0 0
166.9 476.9 2152.2 60 0.9947171211 0.0659216419 0.0786902159 -0.0766785145 0.9868050814 0.1426050216 -0.0682511479 -0.1478855014 0.9866466522
151.7 249.2 2186.3 0.9947171211 0.0659216419 0.0786902159 -0.0766785145 0.9868050814 0.1426050216 -0.0682511479 -0.1478855014 0.9866466522
139.9 51.3 2199.3 0.9955056906 0.0596972182 0.0735160410 -0.0642308965 0.9960731864 0.0609313063 -0.0695899278 -0.0653794631 0.9954309464
6.3 258.6 2196.5 0.4880510569 -0.3314445615 -0.8074346185 -0.0628495291 0.9093455076 -0.4112671912 0.8705493212 0.2514662743 0.4229758978
-117.4 274.6 1975.8 -0.9426332712 -0.3314445615 0.0398379825 -0.3079157174 0.9093455076 0.2797832787 -0.1289591342 0.2514662743 -0.9592362642
297.2 239.9 2176.2 0.7359060049 0.4400798976 0.5145599842 -0.4667011797 -0.2208981812 0.8563842773 0.4905428588 -0.8703641295 0.0428255089
461.6 135.6 2285.8 -0.6344825029 0.4400798976 0.6354224086 -0.7623788714 -0.2208981812 -0.6082618833 -0.1273201704 -0.8703641295 0.4756636322
39.9 -141.0 2213.5 0.9935042858 0.0530004352 0.1006985530 -0.0638216659 0.9921574593 0.1074724942 -0.0942127332 -0.1132011339 0.9890952706
18.9 -535.3 2258.5 0.9944801927 0.0255820025 0.1017583460 -0.0385589041 0.9910654426 0.1276811957 -0.0975828394 -0.1309000999 0.9865813255
222.6 -151.9 2201.0 0.9906356335 0.0948489532 -0.0982075632 -0.0899035856 0.9945058823 0.0536225960 0.1027540490 -0.0442912430 0.9937202334
184.9 -547.1 2218.6 0.9947592020 -0.0346520320 -0.0961944759 0.0419105254 0.9963405728 0.0744913295 0.0932611823 -0.0781324953 0.9925712347
123.1 353.1 2008.7 0 0 0 0 0 0 0 0 0
294.6 -65.0 2252.3 0 0 0 0 0 0 0 0 0
9.1 -913.9 2308.5 0 0 0 0 0 0 0 0 0
198.1 -927.7 2248.5 0 0 0 0 0 0 0 0 0
169.7 475.2 2152.5 61 0.9943189025 0.0790197775 0.0713145435 -0.0884220675 0.9861795306 0.1401123852 -0.0592572950 -0.1456221789 0.9875640273
151.4 247.6 2186.1 0.9943189025 0.0790197775 0.0713145435 -0.0884220675 0.9861795306 0.1401123852 -0.0592572950 -0.1456221789 0.9875640273
138.7 49.7 2197.2 0.9958320260 0.0640430003 0.0649388433 -0.0674533546 0.9963790178 0.0517581142 -0.0613889545 -0.0559227318 0.9965460300
6.0 257.5 2195.1 0.4891557992 -0.3136989772 -0.8138301969 -0.0649683550 0.9173842072 -0.3926643729 0.8697733879 0.2449472696 0.4283632934
-117.3 273.9 1975.8 -0.9493095279 -0.3136989772 0.0201102421 -0.2975496650 0.9173842072 0.2643300891 -0.1013688967 0.2449472696 -0.9642225504
296.9 237.8 2177.1 0.7454431057 0.4358644485 0.5043181181 -0.4550350606 -0.2201196849 0.8628385663 0.4870910048 -0.8726794720 0.0342468955
462.3 136.8 2285.2 -0.6337432861 0.4358644485 0.6390552521 -0.7635509968 -0.2201196849 -0.6070726514 -0.1239327341 -0.8726794720 0.4723041058
36.7 -140.7 2218.7 0.9949125051 0.0407835133 0.0921182185 -0.0494217314 0.9943892956 0.0935277864 -0.0877869800 -0.0976046026 0.9913459420
20.5 -535.8 2257.5 0.9946607947 0.0431249551 0.0937558860 -0.0556495525 0.9892308116 0.1353716999 -0.0869083107 -0.1398663968 0.9863489866
219.3 -152.5 2205.9 0.9906370640 0.0845086947 -0.1072218120 -0.0805831775 0.9959272742 0.0404380001 0.1102024913 -0.0314191058 0.9934124351
185.7 -548.2 2218.4 0.9933688045 -0.0489408337 -0.1040348709 0.0571158752 0.9953852296 0.0771101415 0.0997809395 -0.0825408474 0.9915799499
123.0 349.2 2001.5 0 0 0 0 0 0 0 0 0
295.6 -64.2 2252.6 0 0 0 0 0 0 0 0 0
4.1 -913.7 2310.9 0 0 0 0 0 0 0 0 0
204.4 -928.5 2250.0 0 0 0 0 0 0 0 0 0
170.2 476.5 2150.6 62 0.9956614375 0.0718381256 0.0591405518 -0.0793978125 0.9873294234 0.1373920888 -0.0485212170 -0.1414916366 0.9887496233
154.6 262.5 2181.3 0.9956614375 0.0718381256 0.0591405518 -0.0793978125 0.9873294234 0.1373920888 -0.0485212170 -0.1414916366 0.9887496233
141.4 64.9 2197.6 0.9962740541 0.0664171353 0.0550165884 -0.0706167743 0.9944273233 0.0782790333 -0.0495109297 -0.0818724632 0.9954122305
9.1 272.8 2188.5 0.5196430087 -0.2798524797 -0.8072507381 0.0000459370 0.9448433518 -0.3275226355 0.8543834686 0.1701577604 0.4909940660
-120.5 272.8 1975.5 -0.9600429535 -0.2798524797 0.0002494604 -0.2753757238 0.9448433518 0.1773112863 -0.0498567075 0.1701577604 -0.9841547608
300.1 252.2 2174.1 0.7120526433 0.4547835886 0.5349326134 -0.4956371188 -0.2140636444 0.8417366743 0.4973176420 -0.8644933105 0.0729830340
464.0 138.2 2288.5 -0.6335662603 0.4547835886 0.6259118915 -0.7599563003 -0.2140636444 -0.6137126088 -0.1451214403 -0.8644933105 0.4812391698
34.7 -142.1 2213.9 0.9958527684 0.0398810916 0.0817722902 -0.0485371426 0.9930995107 0.1067593619 -0.0769503415 -0.1102856025 0.9909166098
18.8 -536.7 2257.8 0.9960998297 0.0301796161 0.0829115808 -0.0413076691 0.9898518920 0.1359666884 -0.0779667571 -0.1388612837 0.9872379303
217.4 -154.5 2202.7 0.9902296662 0.0743534565 -0.1179691777 -0.0680373535 0.9960703850 0.0566984490 0.1217213348 -0.0481181741 0.9913972616
187.8 -550.3 2221.8 0.9926394224 -0.0302212927 -0.1172762066 0.0381441787 0.9970961213 0.0659117624 0.1149437055 -0.0699000210 0.9909096360
118.7 341.4 1987.9 0 0 0 0 0 0 0 0 0
297.2 -61.8 2250.3 0 0 0 0 0 0 0 0 0
7.3 -914.9 2310.8 0 0 0 0 0 0 0 0 0
199.4 -931.2 2248.5 0 0 0 0 0 0 0 0 0
170.6 477.1 2149.7 63 0.9969573617 0.0663157254 0.0409668311 -0.0712790787 0.9883072376 0.1347892284 -0.0315491706 -0.1372991800 0.9900270700
156.7 269.9 2178.5 0.9969573617 0.0663157254 0.0409668311 -0.0712790787 0.9883072376 0.1347892284 -0.0315491706 -0.1372991800 0.9900270700
143.5 72.6 2197.6 0.9970741868 0.0661961213 0.0382254943 -0.0695322603 0.9931602478 0.0937976316 -0.0317550004 -0.0961811021 0.9948571920
11.1 280.1 2183.1 0.5225490332 -0.2977731526 -0.7989203334 0.0433363430 0.9450947642 -0.3239102662 0.8515071869 0.1346367151 0.5067627430
-117.8 269.4 1973.1 -0.9543806314 -0.2977731526 0.0221067499 -0.2914517820 0.9450947642 0.1478233635 -0.0649107993 0.1346367151 -0.9887666702
302.3 259.8 2173.8 0.6977038383 0.4377146363 0.5671113133 -0.5285147429 -0.2199034542 0.8199479580 0.4836129546 -0.8718075156 0.0779111460
463.9 137.4 2285.8 -0.6373081803 0.4377146363 0.6342272162 -0.7598511577 -0.2199034542 -0.6117750406 -0.1283141226 -0.8718075156 0.4727442265
36.8 -126.1 2218.4 0.9968901873 0.0467619896 0.0634292215 -0.0521529391 0.9949131608 0.0861848146 -0.0590763949 -0.0892248154 0.9942579865
18.2 -521.4 2253.8 0.9976546764 0.0174645558 0.0661830157 -0.0270710941 0.9887417555 0.1471626312 -0.0628677830 -0.1486091167 0.9868956208
219.5 -139.1 2209.3 0.9869905710 0.0836795419 -0.1372857392 -0.0791329592 0.9961296916 0.0382573456 0.1399557590 -0.0268958118 0.9897924066
186.3 -534.8 2220.0 0.9900776744 -0.0396402963 -0.1348141283 0.0490202010 0.9965491891 0.0669833496 0.1316936612 -0.0729273334 0.9886042476
119.6 341.9 1989.2 0 0 0 0 0 0 0 0 0
296.2 -62.5 2252.1 0 0 0 0 0 0 0 0 0
11.6 -899.2 2310.6 0 0 0 0 0 0 0 0 0
201.4 -915.5 2247.8 0 0 0 0 0 0 0 0 0
171.5 477.5 2149.2 64 0.9966196418 0.0780606121 0.0256096311 -0.0807957202 0.9877556562 0.1334572583 -0.0148783028 -0.1350752711 0.9907236099
154.4 260.0 2179.0 0.9966196418 0.0780606121 0.0256096311 -0.0807957202 0.9877556562 0.1334572583 -0.0148783028 -0.1350752711 0.9907236099
140.1 62.7 2198.3 0.9971834421 0.0714643300 0.0227615573 -0.0733284056 0.9927023053 0.0957345143 -0.0157538485 -0.0971339345 0.9951466322
8.7 270.7 2181.3 0.5107753873 -0.3155113757 -0.7997255921 0.0131195048 0.9329749346 -0.3597022295 0.8596140742 0.1732350439 0.4806799889
-115.7 267.5 1971.8 -0.9485179782 -0.3155113757 0.0276803989 -0.3047517836 0.9329749346 0.1915311068 -0.0862553641 0.1732350439 -0.9810961485
300.0 249.3 2176.7 0.7255736589 0.4285073578 0.5384461880 -0.4959962070 -0.2167233080 0.8408440948 0.4770016968 -0.8771616220 0.0552892983
463.7 137.3 2284.3 -0.6380801201 0.4285073578 0.6397148967 -0.7599269748 -0.2167233080 -0.6128148437 -0.1239545196 -0.8771616220 0.4639211297
38.9 -118.3 2219.6 0.9978813529 0.0440114513 0.0479145050 -0.0480833463 0.9950085282 0.0874412730 -0.0438269265 -0.0895599052 0.9950166941
