116.4 490.5 2207.5 1 0.9987264276 -0.0257257372 0.0434015132 0.0257984046 0.9996665716 -0.0011149439 -0.0433583595 0.0022332137 0.9990571141
122.3 264.6 2207.0 0.9987264276 -0.0257257372 0.0434015132 0.0257984046 0.9996665716 -0.0011149439 -0.0433583595 0.0022332137 0.9990571141
119.4 66.2 2197.5 0.9989425540 0.0143763442 0.0436708964 -0.0122511163 0.9987456799 -0.0485483743 -0.0443140678 0.0479620174 0.9978656769
-23.7 266.4 2213.5 0.6835260391 -0.3485845029 -0.6413119435 -0.0778054148 0.8387979269 -0.5388547182 0.7257674932 0.4182187617 0.5462184548
-181.1 284.3 2046.4 -0.9274078012 -0.3485845029 -0.1356600225 -0.3732570112 0.8387979269 0.3963550031 -0.0243718643 0.4182187617 -0.9080193043
268.2 262.8 2200.6 0.6500822902 0.3129563034 0.6924242377 -0.7416820526 0.0631883964 0.6677685976 0.1652292162 -0.9476632476 0.2731917500
411.7 99.1 2237.0 -0.4781665206 0.3129563034 0.8206187487 -0.8516237736 0.0631883964 -0.5203307867 -0.2146943808 -0.9476632476 0.2363064587
24.0 -128.3 2196.1 0.9939407110 0.0229898375 0.1074864045 -0.0389962383 0.9880259633 0.1492783576 -0.1027674675 -0.1525654048 0.9829357266
14.9 -520.9 2256.7 0.9933158159 0.0439416021 0.1067374274 -0.0566547662 0.9912576079 0.1191580817 -0.1005682871 -0.1244087890 0.9871212840
207.1 -130.5 2185.5 0.9913344979 0.0756249800 -0.1074093133 -0.0689578652 0.9955329299 0.0644901618 0.1118065715 -0.0565246046 0.9921211004
177.1 -526.1 2208.0 0.9931804538 -0.0499606729 -0.1053399891 0.0596768074 0.9940430522 0.0911978185 0.1001561806 -0.0968622491 0.9902456403
59.7 381.3 2052.7 0 0 0 0 0 0 0 0 0
287.5 -122.2 2181.3 0 0 0 0 0 0 0 0 0
-1.9 -899.4 2304.2 0 0 0 0 0 0 0 0 0
196.2 -905.9 2245.0 0 0 0 0 0 0 0 0 0
114.8 491.7 2204.2 2 0.9989268780 -0.0366643853 0.0282980315 0.0362038687 0.9992062449 0.0166182742 -0.0288848672 -0.0155759426 0.9994613528
123.2 262.7 2207.7 0.9989268780 -0.0366643853 0.0282980315 0.0362038687 0.9992062449 0.0166182742 -0.0288848672 -0.0155759426 0.9994613528
120.8 64.3 2196.9 0.9994989038 0.0122852242 0.0291712955 -0.0106687211 0.9984328151 -0.0549374036 -0.0298004970 0.0545986556 0.9980635643
-22.8 264.3 2212.1 0.6903141141 -0.3366039395 -0.6404406428 -0.0891366377 0.8388753533 -0.5369756222 0.7179979682 0.4277685583 0.5490837097
-181.3 284.8 2047.2 -0.9300599694 -0.3366039395 -0.1472625434 -0.3672211170 0.8388753533 0.4017919898 -0.0117098596 0.4277685583 -0.9038124681
269.2 261.2 2203.4 0.6496387720 0.3071031868 0.6954545975 -0.7442722917 0.0703916997 0.6641564369 0.1550103277 -0.9490693808 0.2742975652
412.4 97.1 2237.5 -0.4864789844 0.3071031868 0.8179399967 -0.8455070853 0.0703916997 -0.5293040276 -0.2201271504 -0.9490693808 0.2254138440
25.0 -131.1 2192.0 0.9954149127 0.0211078376 0.0932933688 -0.0358561836 0.9865688086 0.1593622714 -0.0886765346 -0.1619767249 0.9828020930
16.6 -523.2 2256.4 0.9940534234 0.0573871844 0.0925443396 -0.0689181462 0.9895503521 0.1266507506 -0.0843091533 -0.1322755963 0.9876209497
208.2 -133.4 2183.9 0.9898218513 0.0742522627 -0.1214053035 -0.0666637868 0.9956284761 0.0654204711 0.1257321984 -0.0566612780 0.9904447794
178.7 -529.1 2206.4 0.9921289086 -0.0404408686 -0.1185106933 0.0527937934 0.9932770133 0.1030224562 0.1135476306 -0.1084681824 0.9875938296
60.7 380.3 2050.2 0 0 0 0 0 0 0 0 0
285.9 -122.6 2180.3 0 0 0 0 0 0 0 0 0
-5.4 -901.1 2306.9 0 0 0 0 0 0 0 0 0
194.1 -908.6 2247.9 0 0 0 0 0 0 0 0 0
112.9 496.0 2208.5 3 0.9987958074 -0.0342656225 0.0351121277 0.0343495347 0.9994083047 -0.0017892387 -0.0350300446 0.0029931692 0.9993817806
120.3 279.8 2207.8 0.9987958074 -0.0342656225 0.0351121277 0.0343495347 0.9994083047 -0.0017892387 -0.0350300446 0.0029931692 0.9993817806
121.9 81.3 2199.1 0.9993193746 -0.0080777444 0.0359935649 0.0096380524 0.9990117550 -0.0433891714 -0.0356075093 0.0437065475 0.9984096289
-25.6 278.4 2213.0 0.6865603328 -0.3433730304 -0.6408820748 -0.0058216904 0.8788306713 -0.4770982265 0.7270495296 0.3312877417 0.6013712883
-182.0 279.7 2047.4 -0.9292607307 -0.3433730304 -0.1362697184 -0.3690809906 0.8788306713 0.3023835719 0.0159276482 0.3312877417 -0.9433953166
266.3 281.2 2202.6 0.6197895408 0.3147070408 0.7189022303 -0.7700980306 0.0676023290 0.6343334913 0.1510297507 -0.9467784166 0.2842544615
413.5 98.3 2238.5 -0.4795710444 0.3147070408 0.8191282749 -0.8494611979 0.0676023290 -0.5233025551 -0.2200619876 -0.9467784166 0.2349112928
26.7 -133.1 2188.8 0.9948754311 0.0330876894 0.0955408216 -0.0490445867 0.9842504263 0.1698402911 -0.0884164646 -0.1736557037 0.9808293581
13.5 -524.2 2257.8 0.9946459532 0.0435662009 0.0937092006 -0.0546265468 0.9914018512 0.1189046800 -0.0877232477 -0.1233870685 0.9884737134
210.0 -135.0 2183.3 0.9901108742 0.0768695027 -0.1173519716 -0.0690093189 0.9951824546 0.0696391985 0.1221397519 -0.0608521476 0.9906457067
179.4 -530.5 2207.5 0.9926210046 -0.0360146388 -0.1157863438 0.0465472415 0.9948905706 0.0895886645 0.1119682342 -0.0943171233 0.9892256260
55.1 373.9 2043.3 0 0 0 0 0 0 0 0 0
288.9 -122.4 2181.3 0 0 0 0 0 0 0 0 0
-3.1 -902.9 2304.9 0 0 0 0 0 0 0 0 0
193.2 -910.7 2243.5 0 0 0 0 0 0 0 0 0
111.3 497.4 2204.6 4 0.9984337091 -0.0344539732 0.0440795012 0.0342159681 0.9993956089 0.0061428235 -0.0442645065 -0.0046249791 0.9990091324
118.5 287.8 2205.6 0.9984337091 -0.0344539732 0.0440795012 0.0342159681 0.9993956089 0.0061428235 -0.0442645065 -0.0046249791 0.9990091324
122.2 89.3 2200.7 0.9988259077 -0.0182760656 0.0448636077 0.0193482321 0.9995346665 -0.0235815868 -0.0444117524 0.0244219322 0.9987147450
-27.4 285.0 2212.1 0.6874421835 -0.3392724395 -0.6421195269 0.0340293758 0.8982477784 -0.4381699562 0.7254413962 0.2793655992 0.6290386319
-185.7 277.2 2045.0 -0.9313046932 -0.3392724395 -0.1325360388 -0.3625764251 0.8982477784 0.2483732253 0.0347840190 0.2793655992 -0.9595545530
264.4 290.6 2199.1 0.6078545451 0.3270284832 0.7235780358 -0.7764094472 0.0537803173 0.6279299259 0.1664367318 -0.9434829354 0.2865986228
411.2 103.1 2239.3 -0.4587239027 0.3270284832 0.8262110949 -0.8638330698 0.0537803173 -0.5008993149 -0.2082422376 -0.9434829354 0.2578276992
31.9 -118.0 2193.7 0.9941748977 0.0389674716 0.1004881188 -0.0529367179 0.9886884093 0.1403316855 -0.0938830674 -0.1448337436 0.9849919677
16.4 -510.7 2251.2 0.9936070442 0.0518526584 0.1002811715 -0.0652321726 0.9886803627 0.1351145208 -0.0921399742 -0.1407923102 0.9857422113
215.2 -116.2 2187.1 0.9880477786 0.1065651774 -0.1113798246 -0.0993276164 0.9926844835 0.0686405376 0.1178797111 -0.0567570403 0.9914045930
172.8 -510.6 2209.7 0.9916634560 -0.0668242276 -0.1101732403 0.0758431852 0.9939206243 0.0798101127 0.1041702032 -0.0875006616 0.9907028675
51.1 369.4 2036.1 0 0 0 0 0 0 0 0 0
292.1 -121.3 2185.2 0 0 0 0 0 0 0 0 0
-3.4 -888.4 2305.0 0 0 0 0 0 0 0 0 0
198.4 -890.2 2243.1 0 0 0 0 0 0 0 0 0
107.9 497.2 2209.2 5 0.9983446002 -0.0400239937 0.0413049273 0.0403602608 0.9991582632 -0.0073391967 -0.0409764126 0.0089941258 0.9991196394
116.2 291.0 2207.3 0.9983446002 -0.0400239937 0.0413049273 0.0403602608 0.9991582632 -0.0073391967 -0.0409764126 0.0089941258 0.9991196394
122.0 92.5 2201.5 0.9986852407 -0.0293466188 0.0420299955 0.0305477064 0.9991347194 -0.0282255653 -0.0411653034 0.0294723772 0.9987175465
-29.7 286.5 2213.4 0.6824946404 -0.3578775227 -0.6372791529 0.0724244043 0.9007443786 -0.4282689691 0.7272934318 0.2461367249 0.6406722665
-184.3 270.1 2048.7 -0.9218547344 -0.3578775227 -0.1486858726 -0.3827888072 0.9007443786 0.2052616626 0.0604694188 0.2461367249 -0.9673469663
262.0 295.4 2201.3 0.6015775800 0.3255352378 0.7294732332 -0.7826600671 0.0574762449 0.6197900176 0.1598361135 -0.9437813759 0.2893598676
407.8 105.8 2240.1 -0.4424145818 0.3255352378 0.8356411457 -0.8728874326 0.0574762449 -0.4845245481 -0.2057593316 -0.9437813759 0.2587272823
34.2 -111.0 2199.9 0.9943136573 0.0481312759 0.0949934646 -0.0588242076 0.9918313622 0.1131825820 -0.0887698680 -0.1181268990 0.9890227318
15.1 -505.0 2246.9 0.9943062663 0.0435327105 0.0972621664 -0.0589912124 0.9849929810 0.1621998996 -0.0887415558 -0.1670139879 0.9819527864
217.4 -107.5 2191.8 0.9870635271 0.1109699905 -0.1157204732 -0.1049051061 0.9928321838 0.0572636127 0.1212455556 -0.0443831570 0.9916297793
173.3 -502.0 2209.4 0.9915907383 -0.0623641647 -0.1133954376 0.0714415535 0.9944036007 0.0778305903 0.1079069972 -0.0852772444 0.9904967546
48.8 366.9 2033.4 0 0 0 0 0 0 0 0 0
292.9 -121.0 2186.6 0 0 0 0 0 0 0 0 0
-1.5 -881.2 2310.6 0 0 0 0 0 0 0 0 0
197.1 -881.9 2242.0 0 0 0 0 0 0 0 0 0
104.6 495.2 2211.5 6 0.9981005788 -0.0449711233 0.0421043374 0.0455148518 0.9988910556 -0.0120450389 -0.0415159687 0.0139385331 0.9990406036
113.7 291.3 2208.6 0.9981005788 -0.0449711233 0.0421043374 0.0455148518 0.9988910556 -0.0120450389 -0.0415159687 0.0139385331 0.9990406036
120.9 92.8 2202.4 0.9984387755 -0.0358753949 0.0428131558 0.0371585190 0.9988721013 -0.0295603648 -0.0417043790 0.0311050881 0.9986456633
-32.1 285.9 2214.7 0.6755045652 -0.3802073002 -0.6317721009 0.1022502780 0.8968308568 -0.4303942919 0.7302318215 0.2261344343 0.6446896195
-183.9 262.9 2050.6 -0.9118608236 -0.3802073002 -0.1547649801 -0.4043819904 0.8968308568 0.1793587953 0.0706044957 0.2261344343 -0.9715339541
259.6 296.7 2202.5 0.6020888090 0.3320663273 0.7260998487 -0.7823743224 0.0639198124 0.6195197105 0.1593094766 -0.9410877824 0.2982855439
405.5 107.1 2241.2 -0.4241304696 0.3320663273 0.8425231576 -0.8810359240 0.0639198124 -0.4687109292 -0.2094970345 -0.9410877824 0.2654520273
36.3 -108.8 2199.4 0.9941936135 0.0511029996 0.0946967974 -0.0613866448 0.9921362400 0.1090752631 -0.0883780494 -0.1142550558 0.9895125628
16.0 -503.0 2244.8 0.9939585328 0.0502651259 0.0975695103 -0.0662226230 0.9835753441 0.1679110825 -0.0875268951 -0.1733579785 0.9809617996
219.4 -103.2 2191.8 0.9860587120 0.1200240850 -0.1152495593 -0.1140524670 0.9918321967 0.0571049862 0.1211621985 -0.0431643724 0.9916937947
171.7 -497.3 2209.0 0.9912089705 -0.0665344596 -0.1143588796 0.0742338300 0.9951568246 0.0644376352 0.1095177010 -0.0723604560 0.9913474917
47.0 365.3 2032.7 0 0 0 0 0 0 0 0 0
295.4 -121.8 2186.7 0 0 0 0 0 0 0 0 0
-3.2 -878.7 2311.0 0 0 0 0 0 0 0 0 0
197.2 -877.5 2236.6 0 0 0 0 0 0 0 0 0
103.5 496.7 2212.6 7 0.9984304309 -0.0462984443 0.0315146856 0.0467722565 0.9988008142 -0.0144668939 -0.0308071002 0.0159182008 0.9993985891
113.0 293.5 2209.4 0.9984304309 -0.0462984443 0.0315146856 0.0467722565 0.9988008142 -0.0144668939 -0.0308071002 0.0159182008 0.9993985891
120.7 95.0 2203.1 0.9987239838 -0.0389142595 0.0321882814 0.0398902856 0.9987458587 -0.0302572418 -0.0309704747 0.0315026343 0.9990237355
-32.9 287.6 2213.9 0.6682441235 -0.4025390446 -0.6256293654 0.1291674078 0.8909718990 -0.4352986217 0.7326428890 0.2100748420 0.6473816633
-183.3 258.6 2049.0 -0.9057792425 -0.4025390446 -0.1323867291 -0.4208658636 0.8909718990 0.1704143435 0.0493544228 0.2100748420 -0.9764387608
258.9 299.3 2204.9 0.6376576424 0.3458706439 0.6883068085 -0.7520514131 0.0860737711 0.6534599662 0.1667674631 -0.9343258739 0.3149981201
408.6 122.7 2244.0 -0.4060748518 0.3458706439 0.8458585739 -0.8839640617 0.0860737711 -0.4595637619 -0.2317558527 -0.9343258739 0.2707848251
36.5 -109.0 2200.1 0.9950646162 0.0529817119 0.0839006752 -0.0621436276 0.9919146895 0.1106497273 -0.0773599073 -0.1153175235 0.9903117418
15.4 -503.2 2245.9 0.9954674840 0.0389829017 0.0867454484 -0.0530438982 0.9846615791 0.1662163585 -0.0789353177 -0.1700643003 0.9822664261
219.6 -102.2 2192.4 0.9843065739 0.1217163652 -0.1277720630 -0.1173071042 0.9922276735 0.0415128954 0.1318317652 -0.0258728452 0.9909343719
171.2 -496.5 2202.7 0.9903631806 -0.0657784790 -0.1218768209 0.0768354982 0.9931207299 0.0883603767 0.1152261868 -0.0968733281 0.9886043072
46.5 365.4 2036.5 0 0 0 0 0 0 0 0 0
304.6 -103.4 2184.7 0 0 0 0 0 0 0 0 0
0.5 -879.4 2310.9 0 0 0 0 0 0 0 0 0
196.3 -875.8 2239.7 0 0 0 0 0 0 0 0 0
100.4 493.7 2206.7 8 0.9970417023 -0.0686531365 0.0345633440 0.0681460127 0.9975526929 0.0156439822 -0.0355527662 -0.0132423490 0.9992800355
115.1 279.8 2209.5 0.9970417023 -0.0686531365 0.0345633440 0.0681460127 0.9975526929 0.0156439822 -0.0355527662 -0.0132423490 0.9992800355
120.8 81.5 2199.3 0.9988723397 -0.0287557133 0.0377780423 0.0306377579 0.9982680082 -0.0502222776 -0.0362684317 0.0513230786 0.9980233312
-30.8 275.3 2214.8 0.6647790670 -0.4256407022 -0.6139208674 0.1010376215 0.8654822707 -0.4906443357 0.7401757836 0.2641409636 0.6183602214
-180.7 252.6 2047.9 -0.8943141699 -0.4256407022 -0.1379569322 -0.4468467832 0.8654822707 0.2264252901 0.0230234545 0.2641409636 -0.9642092586
261.0 284.3 2204.2 0.6576954722 0.3355048299 0.6744428873 -0.7334510088 0.0811207071 0.6748844385 0.1717157215 -0.9385392666 0.2994290888
407.2 121.3 2242.4 -0.3897420168 0.3355048299 0.8576349020 -0.8950687647 0.0811207071 -0.4384875894 -0.2166866511 -0.9385392666 0.2686837316
36.8 -107.1 2199.7 0.9943047166 0.0533356182 0.0922680721 -0.0638300106 0.9913350344 0.1148069575 -0.0853452682 -0.1200425774 0.9890934825
15.7 -501.1 2247.4 0.9945493340 0.0449531265 0.0940786302 -0.0587491430 0.9870238900 0.1494400203 -0.0861400589 -0.1541525126 0.9842849374
220.0 -99.8 2194.0 0.9857618213 0.1184251979 -0.1193697229 -0.1143811643 0.9926231503 0.0402028896 0.1232501864 -0.0259768255 0.9920355678
173.0 -494.2 2204.3 0.9917973280 -0.0590369068 -0.1133700013 0.0693423897 0.9935952425 0.0892194510 0.1073766574 -0.0963489562 0.9895388484
46.5 366.1 2042.1 0 0 0 0 0 0 0 0 0
306.7 -109.4 2186.5 0 0 0 0 0 0 0 0 0
-1.5 -878.1 2306.3 0 0 0 0 0 0 0 0 0
195.5 -873.9 2241.2 0 0 0 0 0 0 0 0 0
97.8 493.8 2209.7 9 0.9956536293 -0.0877451822 0.0312194545 0.0877446532 0.9961420298 0.0013895098 -0.0312209334 0.0013558697 0.9995115995
117.4 271.0 2209.4 0.9956536293 -0.0877451822 0.0312194545 0.0877446532 0.9961420298 0.0013895098 -0.0312209334 0.0013558697 0.9995115995
120.1 72.7 2197.2 0.9993186593 -0.0134343691 0.0343755223 0.0155089712 0.9980286360 -0.0608141907 -0.0334907547 0.0613058880 0.9975569844
-28.5 268.7 2214.3 0.6584168077 -0.4533885419 -0.6007713079 0.1011021286 0.8442474008 -0.5263313055 0.7458322048 0.2858061194 0.6017052531
-176.8 245.9 2046.4 -0.8812964559 -0.4533885419 -0.1332492679 -0.4725589156 0.8442474008 0.2528524995 -0.0021450708 0.2858061194 -0.9582850337
263.4 273.2 2204.5 0.6470446587 0.3229617178 0.6906728148 -0.7426273823 0.0617258325 0.6668541431 0.1727360040 -0.9443969727 0.2797795832
405.6 110.0 2242.5 -0.4014728367 0.3229617178 0.8570386767 -0.8947026730 0.0617258325 -0.4423766434 -0.1957721412 -0.9443969727 0.2641734481
34.9 -119.6 2192.5 0.9944368005 0.0488015339 0.0933479220 -0.0612538047 0.9888734818 0.1355626881 -0.0856936127 -0.1405264437 0.9863614440
15.6 -512.5 2248.3 0.9945893288 0.0435141660 0.0943325162 -0.0579267368 0.9860751629 0.1558855474 -0.0862357169 -0.1605064720 0.9832604527
218.2 -114.0 2185.8 0.9867338538 0.1123446301 -0.1171965376 -0.1052042097 0.9922945499 0.0654491335 0.1236463413 -0.0522513092 0.9909497499
173.5 -508.2 2206.6 0.9909200668 -0.0697838739 -0.1149246842 0.0798334032 0.9931522608 0.0852950737 0.1081854850 -0.0936954245 0.9897055626
47.0 365.9 2047.0 0 0 0 0 0 0 0 0 0
301.8 -121.6 2191.8 0 0 0 0 0 0 0 0 0
-1.1 -889.3 2309.7 0 0 0 0 0 0 0 0 0
200.2 -887.7 2242.4 0 0 0 0 0 0 0 0 0
94.5 495.1 2211.7 0 0.9934523106 -0.1079986468 0.0372667126 0.1085366458 0.9940110445 -0.0127227055 -0.0356694870 0.0166842062 0.9992243648
119.4 265.9 2207.9 0.9934523106 -0.1079986468 0.0372667126 0.1085366458 0.9940110445 -0.0127227055 -0.0356694870 0.0166842062 0.9992243648
120.0 67.6 2196.5 0.9992055297 -0.0028284448 0.0397526249 0.0051100869 0.9983375072 -0.0574121810 -0.0395241491 0.0575697087 0.9975588322
-26.5 265.2 2213.7 0.6512411237 -0.4969386756 -0.5735302567 0.1405841857 0.8216893077 -0.5523248315 0.7457352281 0.2790673673 0.6049796343
-171.7 233.9 2047.4 -0.8563891649 -0.4969386756 -0.1401769966 -0.5163090229 0.8216893077 0.2413537502 -0.0047560721 0.2790673673 -0.9602597356
265.4 266.7 2202.1 0.6269021630 0.3473357856 0.6973891258 -0.7570000887 0.0598789267 0.6506653428 0.1842404306 -0.9358271360 0.3004714549
404.7 98.5 2243.1 -0.4246307909 0.3473357856 0.8360900283 -0.8797376752 0.0598789267 -0.4716738164 -0.2138933688 -0.9358271360 0.2801379263
31.1 -127.0 2188.1 0.9941616654 0.0359955020 0.1017198041 -0.0520974770 0.9856804013 0.1603744030 -0.0944904611 -0.1647374332 0.9818009734
16.8 -518.5 2253.6 0.9933259487 0.0562885404 0.1006735489 -0.0694813132 0.9887110591 0.1327507943 -0.0920647085 -0.1388597339 0.9860233665
214.4 -124.2 2182.0 0.9886013865 0.1036107913 -0.1092342362 -0.0949216858 0.9921048880 0.0819620043 0.1168639660 -0.0706590489 0.9906311631
173.2 -518.3 2210.0 0.9911871552 -0.0790814757 -0.1062737331 0.0907497406 0.9897952676 0.1098625809 0.0965011418 -0.1185387000 0.9882490039
47.4 365.9 2048.6 0 0 0 0 0 0 0 0 0
294.6 -129.5 2187.6 0 0 0 0 0 0 0 0 0
-4.7 -896.2 2306.6 0 0 0 0 0 0 0 0 0
203.4 -896.4 2255.3 0 0 0 0 0 0 0 0 0
92.3 492.8 2210.3 1 0.9917492867 -0.1195019782 0.0463968664 0.1199885905 0.9927443266 -0.0078384960 -0.0451235101 0.0133409174 0.9988923073
120.0 263.1 2207.2 0.9917492867 -0.1195019782 0.0463968664 0.1199885905 0.9927443266 -0.0078384960 -0.0451235101 0.0133409174 0.9988923073
119.5 64.7 2195.7 0.9987801909 0.0023185094 0.0493228287 0.0005247045 0.9983422756 -0.0575540885 -0.0493745022 0.0575097613 0.9971232414
-25.9 263.0 2214.4 0.6155615449 -0.5462921262 -0.5680218935 0.1770931333 0.7982098460 -0.5757595301 0.7679336071 0.2538226843 0.5880919099
-161.6 224.0 2045.1 -0.8269851208 -0.5462921262 -0.1328927428 -0.5620902777 0.7982098460 0.2165999711 -0.0122505678 0.2538226843 -0.9671731591
265.9 263.2 2200.0 0.6137286425 0.3538159132 0.7057984471 -0.7661381960 0.0509569123 0.6406525373 0.1907077432 -0.9339259863 0.3023456037
405.6 88.8 2243.4 -0.4773876667 0.3538159132 0.8043104410 -0.8488194942 0.0509569123 -0.5262213349 -0.2271706462 -0.9339259863 0.2759996355
28.9 -131.2 2188.7 0.9929950833 0.0368709229 0.1122555509 -0.0550269373 0.9850550890 0.1632132083 -0.1045600772 -0.1682469994 0.9801837206
14.3 -522.6 2255.5 0.9930179715 0.0401678234 0.1109138206 -0.0544668362 0.9901395440 0.1290623248 -0.1046360061 -0.1342023313 0.9854141474
212.2 -130.3 2181.4 0.9905173182 0.0945176706 -0.0997087285 -0.0870931000 0.9932689667 0.0763648823 0.1062554121 -0.0669567958 0.9920819402
174.6 -524.9 2208.0 0.9925944805 -0.0740153566 -0.0963222757 0.0846318901 0.9901815057 0.1112567708 0.0871418267 -0.1185847893 0.9891127348
47.7 366.3 2048.2 0 0 0 0 0 0 0 0 0
282.0 -131.1 2184.5 0 0 0 0 0 0 0 0 0
-1.1 -900.9 2306.8 0 0 0 0 0 0 0 0 0
202.9 -903.3 2253.3 0 0 0 0 0 0 0 0 0
89.6 493.7 2211.5 2 0.9872117639 -0.1478363276 0.0596437007 0.1493174285 0.9885627627 -0.0211662631 -0.0558324009 0.0298014283 0.9979953170
125.1 256.2 2204.4 0.9872117639 -0.1478363276 0.0596437007 0.1493174285 0.9885627627 -0.0211662631 -0.0558324009 0.0298014283 0.9979953170
124.8 57.8 2193.2 0.9980613589 0.0016825834 0.0622152723 0.0018155607 0.9984219670 -0.0561272018 -0.0622115359 0.0561313443 0.9964833260
-20.7 255.9 2213.4 0.6065614223 -0.5911734104 -0.5315988064 0.1993270814 0.7603699565 -0.6181473732 0.7696440816 0.2689823210 0.5790479183
-153.7 212.2 2044.7 -0.7878578901 -0.5911734104 -0.1726092249 -0.6157888174 0.7603699565 0.2064985186 0.0091704372 0.2689823210 -0.9631014466
270.9 256.5 2195.3 0.6104174852 0.3793532252 0.6953284144 -0.7626326084 0.0443435870 0.6453101039 0.2139670998 -0.9241887331 0.3163752556
407.2 86.1 2243.1 -0.5050204396 0.3793532252 0.7752712369 -0.8270165324 0.0443435870 -0.5604259372 -0.2469777018 -0.9241887331 0.2913369834
27.5 -133.7 2188.9 0.9916982055 0.0318478756 0.1245810464 -0.0521771200 0.9851630926 0.1634967923 -0.1175256222 -0.1686397642 0.9786461592
14.8 -525.2 2255.9 0.9909493923 0.0527602844 0.1234328970 -0.0688664019 0.9891075492 0.1300910860 -0.1152247712 -0.1374140680 0.9837889075
210.7 -133.6 2179.8 0.9925412536 0.0845327824 -0.0878409818 -0.0786202773 0.9945330024 0.0687238723 0.0931701735 -0.0613051988 0.9937610626
177.1 -528.8 2204.2 0.9948913455 -0.0598401502 -0.0813043416 0.0710305572 0.9872328043 0.1425695568 0.0717349276 -0.1476163119 0.9864398241
46.1 368.4 2042.4 0 0 0 0 0 0 0 0 0
276.3 -128.3 2179.0 0 0 0 0 0 0 0 0 0
-5.3 -903.1 2308.4 0 0 0 0 0 0 0 0 0
199.9 -905.8 2260.5 0 0 0 0 0 0 0 0 0
86.0 493.1 2214.6 3 0.9791468978 -0.1957359910 0.0543944724 0.1982262433 0.9791274667 -0.0448966473 -0.0444712341 0.0547428243 0.9975096583
134.5 250.6 2201.1 0.9791468978 -0.1957359910 0.0543944724 0.1982262433 0.9791274667 -0.0448966473 -0.0444712341 0.0547428243 0.9975096583
124.6 52.6 2191.9 0.9972489476 0.0500622429 0.0546652041 -0.0474221110 0.9976933599 -0.0485705175 -0.0569706596 0.0458445586 0.9973227382
-11.0 257.5 2209.4 0.6002150774 -0.6331156492 -0.4887805283 0.2445923239 0.7271116972 -0.6414695382 0.7615224719 0.2654677331 0.5912786722
-142.8 203.8 2042.2 -0.7561007142 -0.6331156492 -0.1657596231 -0.6543638706 0.7271116972 0.2076451033 -0.0109376060 0.2654677331 -0.9640576839
280.0 243.7 2192.8 0.6129859686 0.4116805792 0.6743643284 -0.7488788366 0.0306671448 0.6619970202 0.2518504858 -0.9108120799 0.3270974159
405.9 89.9 2244.5 -0.4670937955 0.4116805792 0.7825231552 -0.8510754704 0.0306671448 -0.5241469741 -0.2397788912 -0.9108120799 0.3360468149
32.9 -140.8 2187.8 0.9906702638 0.0475830734 0.1277038902 -0.0687648803 0.9835614562 0.1669678539 -0.1176597849 -0.1741916388 0.9776571393
14.0 -531.6 2257.0 0.9908607006 0.0489362068 0.1256992370 -0.0650544837 0.9897017479 0.1275081933 -0.1181649938 -0.1345201582 0.9838401079
215.9 -140.4 2176.3 0.9916422963 0.0933367014 -0.0890721455 -0.0859184861 0.9927739501 0.0837730318 0.0962476060 -0.0754199401 0.9924959540
178.9 -534.9 2206.3 0.9953315258 -0.0451608822 -0.0852970779 0.0555075444 0.9908390045 0.1231137961 0.0789557397 -0.1272736788 0.9887200594
50.1 370.7 2045.0 0 0 0 0 0 0 0 0 0
284.8 -130.8 2182.4 0 0 0 0 0 0 0 0 0
-4.7 -909.7 2308.4 0 0 0 0 0 0 0 0 0
196.1 -913.3 2254.9 0 0 0 0 0 0 0 0 0
82.0 490.0 2215.2 4 0.9720505476 -0.2284302711 0.0541970618 0.2312360406 0.9714641571 -0.0527943633 -0.0405906737 0.0638511032 0.9971336126
138.7 248.9 2199.4 0.9720505476 -0.2284302711 0.0541970618 0.2312360406 0.9714641571 -0.0527943633 -0.0405906737 0.0638511032 0.9971336126
123.5 51.1 2191.7 0.9956272244 0.0766517073 0.0533939302 -0.0744325519 0.9963250160 -0.0423818566 -0.0564463511 0.0382222831 0.9976737499
-6.6 259.8 2207.6 0.5597463250 -0.6684624553 -0.4897366762 0.2553689480 0.7013813853 -0.6654704213 0.7883341908 0.2474310547 0.5633001924
-129.9 203.6 2034.0 -0.7327654958 -0.6684624553 -0.1273288727 -0.6780343652 0.7013813853 0.2198489159 -0.0576546565 0.2474310547 -0.9671885967
284.0 238.1 2191.1 0.5725870132 0.4312795401 0.6972388625 -0.7790025473 0.0211273246 0.6266646981 0.2555368841 -0.9019709229 0.3480651081
396.8 84.5 2241.5 -0.4292619526 0.4312795401 0.7935566306 -0.8745153546 0.0211273246 -0.4845374823 -0.2257368267 -0.9019709229 0.3680914342
23.3 -141.1 2188.0 0.9908410311 0.0242206119 0.1328437179 -0.0487694964 0.9815665483 0.1847936660 -0.1259191334 -0.1895798594 0.9737575650
13.7 -531.0 2263.3 0.9902383089 0.0504463166 0.1299358010 -0.0625150576 0.9939284921 0.0905429497 -0.1245793402 -0.0977820382 0.9873796701
206.0 -149.8 2177.6 0.9935524464 0.0706999525 -0.0886288807 -0.0641898662 0.9951701164 0.0742701814 0.0934517160 -0.0681022480 0.9932919145
177.9 -545.1 2204.7 0.9952214360 -0.0509436950 -0.0833008885 0.0627449825 0.9873183966 0.1458268762 0.0748155415 -0.1503567398 0.9857968688
56.7 376.2 2048.7 0 0 0 0 0 0 0 0 0
285.5 -142.2 2183.0 0 0 0 0 0 0 0 0 0
-5.6 -910.5 2300.7 0 0 0 0 0 0 0 0 0
197.3 -922.2 2262.1 0 0 0 0 0 0 0 0 0
79.4 491.9 2214.0 5 0.9707574248 -0.2271784544 0.0775882006 0.2308377177 0.9720905423 -0.0418802425 -0.0659084693 0.0585658401 0.9961054921
136.3 248.5 2199.3 0.9707574248 -0.2271784544 0.0775882006 0.2308377177 0.9720905423 -0.0418802425 -0.0659084693 0.0585658401 0.9961054921
124.1 50.5 2191.0 0.9950716496 0.0612836219 0.0779533014 -0.0577978715 0.9972580671 -0.0462143570 -0.0805717409 0.0414810628 0.9958853126
-8.9 257.0 2211.1 0.5249640942 -0.6851354837 -0.5049773455 0.2553920746 0.6927683949 -0.6744233966 0.8119037151 0.2250808328 0.5386566520
-125.3 200.3 2031.1 -0.7189594507 -0.6851354837 -0.1169900671 -0.6927753687 0.6927683949 0.2003353387 -0.0562098250 0.2250808328 -0.9727173448
281.5 240.1 2187.6 0.6455866098 0.4514164627 0.6159879565 -0.7053141594 0.0431541875 0.7075801492 0.2928308845 -0.8912692666 0.3462501764
409.7 100.1 2245.7 -0.4440930188 0.4514164627 0.7739538550 -0.8554763794 0.0431541875 -0.5160405636 -0.2663485706 -0.8912692666 0.3670116663
17.0 -139.8 2189.3 0.9881911278 0.0065682502 0.1530856192 -0.0346044786 0.9828358293 0.1812079251 -0.1492678076 -0.1843655109 0.9714568853
14.4 -530.3 2262.5 0.9871153235 0.0501565337 0.1519463956 -0.0651931241 0.9932778478 0.0956505761 -0.1461274922 -0.1043240055 0.9837495685
199.5 -153.5 2179.0 0.9963393211 0.0548669547 -0.0655561686 -0.0497950241 0.9958142638 0.0766450167 0.0694870427 -0.0731000677 0.9949009418
177.7 -549.1 2208.0 0.9966893792 -0.0506361388 -0.0636100322 0.0575016961 0.9921329021 0.1112018228 0.0574787706 -0.1144913658 0.9917600155
56.9 376.0 2045.3 0 0 0 0 0 0 0 0 0
297.4 -116.3 2178.3 0 0 0 0 0 0 0 0 0
-4.7 -909.7 2302.4 0 0 0 0 0 0 0 0 0
197.0 -927.9 2251.7 0 0 0 0 0 0 0 0 0
76.5 492.4 2213.9 6 0.9704377651 -0.2291007042 0.0759175196 0.2322225869 0.9720289707 -0.0351045020 -0.0657515600 0.0516964942 0.9964959621
134.3 247.0 2200.8 0.9704377651 -0.2291007042 0.0759175196 0.2322225869 0.9720289707 -0.0351045020 -0.0657515600 0.0516964942 0.9964959621
120.0 49.1 2191.5 0.9944164157 0.0718457550 0.0772927105 -0.0679166839 0.9963183403 -0.0523177050 -0.0807669535 0.0467761196 0.9956347942
-10.9 256.9 2212.6 0.5068746209 -0.6846584082 -0.5237565637 0.2472655028 0.6975387335 -0.6725321412 0.8257952929 0.2113825679 0.5228570700
-124.2 201.6 2028.0 -0.7213505507 -0.6846584082 -0.1043849885 -0.6900134087 0.6975387335 0.1931869537 -0.0594545044 0.2113825679 -0.9755934477
279.5 237.1 2189.0 0.6932480931 0.4372485280 0.5729056001 -0.6504433751 0.0372538604 0.7586405873 0.3103715479 -0.8985688090 0.3102315664
409.5 115.1 2247.2 -0.4069896638 0.4372485280 0.8019807935 -0.8827809691 0.0372538604 -0.4683053792 -0.2346427143 -0.8985688090 0.3708327413
20.8 -142.3 2190.1 0.9877336025 0.0204059165 0.1548091471 -0.0474409536 0.9837761521 0.1730141491 -0.1487670392 -0.1782361865 0.9726768136
12.7 -533.1 2260.9 0.9874163270 0.0395697206 0.1531118751 -0.0564149171 0.9926261306 0.1072880253 -0.1477375031 -0.1145757437 0.9823675752
203.1 -152.9 2175.4 0.9963631630 0.0561014079 -0.0641337410 -0.0505789258 0.9951211810 0.0847092271 0.0685731545 -0.0811573341 0.9943395853
180.8 -548.3 2207.6 0.9976023436 -0.0311283898 -0.0618110187 0.0386745669 0.9914142489 0.1249083206 0.0573921278 -0.1269993484 0.9902410507
60.4 378.2 2043.2 0 0 0 0 0 0 0 0 0
305.3 -110.9 2187.1 0 0 0 0 0 0 0 0 0
-2.5 -912.4 2304.7 0 0 0 0 0 0 0 0 0
192.7 -926.9 2256.1 0 0 0 0 0 0 0 0 0
74.5 489.1 2207.8 7 0.9686885476 -0.2395396233 0.0652935281 0.2404831648 0.9706289172 -0.0068796212 -0.0617278479 0.0223662034 0.9978423715
134.4 246.5 2202.2 0.9686885476 -0.2395396233 0.0652935281 0.2404831648 0.9706289172 -0.0068796212 -0.0617278479 0.0223662034 0.9978423715
125.8 48.3 2191.6 0.9965924025 0.0432541035 0.0702328086 -0.0393240005 0.9976330400 -0.0564084649 -0.0725064650 0.0534544140 0.9959344268
-11.1 252.2 2212.8 0.5031799078 -0.6755475402 -0.5389299393 0.2062554806 0.6994880438 -0.6842332482 0.8392071724 0.2331351638 0.4913036823
-124.4 205.7 2023.8 -0.7298698425 -0.6755475402 -0.1045253202 -0.6792406440 0.6994880438 0.2221455276 -0.0769556537 0.2331351638 -0.9693945646
279.9 240.7 2191.7 0.6661145687 0.4006316662 0.6291149855 -0.6930521727 0.0207652841 0.7205883265 0.2756267488 -0.9160038829 0.2914907038
402.5 113.1 2242.4 -0.3808259964 0.4006316662 0.8333461881 -0.9055215120 0.0207652841 -0.4237919152 -0.1870891303 -0.9160038829 0.3548726439
14.6 -142.6 2189.6 0.9899340272 -0.0011063074 0.1415250599 -0.0240761060 0.9840779305 0.1760992110 -0.1394665092 -0.1777339727 0.9741456509
15.0 -533.6 2260.2 0.9886906147 0.0501597039 0.1413322985 -0.0668833926 0.9909736514 0.1161803901 -0.1342290044 -0.1243192479 0.9831212163
196.9 -155.1 2174.8 0.9965044260 0.0373782516 -0.0747112110 -0.0309739523 0.9958897233 0.0851135254 0.0775855258 -0.0825019032 0.9935662746
182.0 -550.8 2207.6 0.9968625307 -0.0287025608 -0.0737645924 0.0367170982 0.9932862520 0.1097008586 0.0701206625 -0.1120650992 0.9912237525
63.0 380.2 2043.6 0 0 0 0 0 0 0 0 0
304.5 -120.1 2194.2 0 0 0 0 0 0 0 0 0
-4.1 -912.2 2307.7 0 0 0 0 0 0 0 0 0
193.0 -930.2 2250.4 0 0 0 0 0 0 0 0 0
73.4 486.5 2203.3 8 0.9697802663 -0.2344359756 0.0675725937 0.2341391146 0.9721240997 0.0123922480 -0.0685941353 0.0038036290 0.9976373911
130.8 248.4 2202.4 0.9697802663 -0.2344359756 0.0675725937 0.2341391146 0.9721240997 0.0123922480 -0.0685941353 0.0038036290 0.9976373911
123.5 50.2 2191.3 0.9965269566 0.0369184017 0.0746398270 -0.0326137207 0.9977784157 -0.0580914132 -0.0766186491 0.0554553755 0.9955170751
-14.7 253.2 2213.5 0.4911296666 -0.6600065231 -0.5684919357 0.1811096221 0.7157308459 -0.6744840145 0.8520510197 0.2282997370 0.4710501730
-125.6 212.3 2021.2 -0.7456753850 -0.6600065231 -0.0914309099 -0.6611033082 0.7157308459 0.2251039296 -0.0831301361 0.2282997370 -0.9700353742
276.3 243.7 2191.2 0.5814523697 0.3986195326 0.7092359662 -0.7775532603 0.0157293230 0.6286203265 0.2394245416 -0.9169815183 0.3190937638
393.3 87.3 2239.3 -0.4019903541 0.3986195326 0.8243216872 -0.8956902027 0.0157293230 -0.4444003403 -0.1901126802 -0.9169815183 0.3507165611
25.9 -146.2 2187.6 0.9893056154 0.0207490642 0.1443740129 -0.0474820174 0.9817274213 0.1842734665 -0.1379124224 -0.1891579479 0.9722136855
17.6 -536.2 2262.8 0.9875633121 0.0670180023 0.1422228813 -0.0822769478 0.9911399484 0.1042692140 -0.1339748800 -0.1146741062 0.9843274951
208.6 -153.4 2174.4 0.9952433705 0.0666646510 -0.0710384324 -0.0604286082 0.9944100976 0.0865845904 0.0764134675 -0.0818799883 0.9937085509
182.1 -548.4 2206.9 0.9971019030 -0.0321900994 -0.0689318702 0.0401538052 0.9922662973 0.1174534410 0.0646179318 -0.1198809296 0.9906831384
64.8 381.1 2042.4 0 0 0 0 0 0 0 0 0
289.3 -144.3 2190.2 0 0 0 0 0 0 0 0 0
-8.0 -914.8 2306.6 0 0 0 0 0 0 0 0 0
194.4 -927.5 2252.7 0 0 0 0 0 0 0 0 0
71.8 485.2 2204.0 9 0.9724068642 -0.2242385298 0.0643580854 0.2238250822 0.9745336175 0.0136569813 -0.0657815412 0.0011248118 0.9978334308
126.3 248.1 2203.8 0.9724068642 -0.2242385298 0.0643580854 0.2238250822 0.9745336175 0.0136569813 -0.0657815412 0.0011248118 0.9978334308
117.2 49.9 2192.9 0.9964392185 0.0457447842 0.0708259270 -0.0416832082 0.9974576235 -0.0577994548 -0.0732898861 0.0546413884 0.9958127141
-19.2 254.1 2214.5 0.4742645323 -0.6561869383 -0.5869342685 0.1632630080 0.7206702828 -0.6737800241 0.8651117682 0.2237253040 0.4489194155
-127.6 216.8 2016.7 -0.7496924400 -0.6561869383 -0.0859063715 -0.6563620567 0.7206702828 0.2232110351 -0.0845579952 0.2237253040 -0.9709773064
271.9 242.0 2193.1 0.5745111108 0.3970604837 0.7157373428 -0.7876955271 0.0305821672 0.6153051853 0.2224245667 -0.9172827601 0.3303325772
391.5 77.9 2239.4 -0.4102587104 0.3970604837 0.8209937811 -0.8881200552 0.0305821672 -0.4585929513 -0.2071969062 -0.9172827601 0.3400907815
24.8 -145.0 2187.3 0.9895520806 0.0186867397 0.1429598629 -0.0458853208 0.9808261395 0.1894060969 -0.1366793811 -0.1939869523 0.9714359641
17.4 -534.7 2264.4 0.9878513217 0.0658376515 0.1407663822 -0.0806887224 0.9914513230 0.1025360897 -0.1328122765 -0.1126486734 0.9847188592
207.5 -151.0 2173.3 0.9954326749 0.0616763160 -0.0728688389 -0.0544125251 0.9937196374 0.0977779254 0.0784417838 -0.0933663622 0.9925369620
183.0 -545.8 2210.4 0.9970322251 -0.0273531023 -0.0719618425 0.0353460684 0.9930504560 0.1122561172 0.0683911890 -0.1144665331 0.9910701513
64.6 385.2 2038.4 0 0 0 0 0 0 0 0 0
285.2 -152.3 2185.7 0 0 0 0 0 0 0 0 0
-7.8 -913.6 2307.5 0 0 0 0 0 0 0 0 0
193.5 -925.2 2254.1 0 0 0 0 0 0 0 0 0
71.9 486.0 2202.4 0 0.9746963978 -0.2147974074 0.0618785098 0.2140368372 0.9766457081 0.0187466573 -0.0644601136 -0.0050280183 0.9979076385
124.1 248.9 2203.6 0.9746963978 -0.2147974074 0.0618785098 0.2140368372 0.9766457081 0.0187466573 -0.0644601136 -0.0050280183 0.9979076385
114.5 50.6 2193.7 0.9965198636 0.0482843108 0.0679467395 -0.0447084047 0.9975825548 -0.0532000922 -0.0703512132 0.0499771573 0.9962695241
-21.5 255.4 2213.9 0.4753169715 -0.6393350363 -0.6044207811 0.1579273194 0.7378276587 -0.6562539935 0.8655245304 0.2164741158 0.4516704679
-130.0 219.3 2016.3 -0.7650186419 -0.6393350363 -0.0774412081 -0.6387103200 0.7378276587 0.2183105201 -0.0824352950 0.2164741158 -0.9728018045
269.6 242.3 2193.3 0.5588352084 0.3908715546 0.7313840985 -0.8027448654 0.0336593650 0.5953719616 0.2080960423 -0.9198296070 0.3325801790
389.4 70.3 2237.9 -0.4303418994 0.3908715546 0.8136493564 -0.8766996264 0.0336593650 -0.4798591435 -0.2149502188 -0.9198296070 0.3281919360
16.8 -144.5 2188.8 0.9900361896 -0.0004593484 0.1408125460 -0.0270839054 0.9807021022 0.1936228573 -0.1381841004 -0.1955073923 0.9709181190
16.9 -534.1 2266.4 0.9878576994 0.0671073645 0.1401206404 -0.0805089772 0.9924738407 0.0922712684 -0.1328739822 -0.1024318561 0.9858256578
199.5 -152.1 2175.3 0.9962160587 0.0431912653 -0.0754192770 -0.0354689062 0.9942653775 0.1008877903 0.0793442503 -0.0978310034 0.9920350909
182.3 -547.1 2214.2 0.9967532158 -0.0267861895 -0.0759311318 0.0335295312 0.9954695106 0.0889731944 0.0732038692 -0.0912302583 0.9931355715
65.7 382.7 2037.3 0 0 0 0 0 0 0 0 0
277.7 -157.1 2182.2 0 0 0 0 0 0 0 0 0
-8.7 -913.3 2305.6 0 0 0 0 0 0 0 0 0
192.6 -927.4 2249.0 0 0 0 0 0 0 0 0 0
71.0 482.1 2200.6 1 0.9744781852 -0.2123838514 0.0727008432 0.2111955732 0.9771552682 0.0237484369 -0.0760837942 -0.0077882372 0.9970710278
121.0 252.2 2202.4 0.9744781852 -0.2123838514 0.0727008432 0.2111955732 0.9771552682 0.0237484369 -0.0760837942 -0.0077882372 0.9970710278
115.5 53.8 2195.2 0.9965302348 0.0276051108 0.0785207301 -0.0246393252 0.9989550710 -0.0384921618 -0.0795012638 0.0364239067 0.9961690903
-24.5 255.8 2214.0 0.4723966122 -0.6299758554 -0.6164185405 0.1550129205 0.7478562593 -0.6455091238 0.8676476479 0.2093834877 0.4509391487
-132.1 220.5 2016.5 -0.7734462023 -0.6299758554 -0.0700813904 -0.6285020113 0.7478562593 0.2137669027 -0.0822571889 0.2093834877 -0.9743676186
266.6 248.6 2190.8 0.5437995791 0.4071733057 0.7338200808 -0.8118847013 0.0339137912 0.5828319192 0.2124269903 -0.9127210975 0.3490200937
388.6 66.3 2238.5 -0.4504804611 0.4071733057 0.7945295572 -0.8618494272 0.0339137912 -0.5060291290 -0.2329870611 -0.9127210975 0.3356445730
13.5 -143.5 2190.2 0.9891536236 -0.0130971204 0.1462994665 -0.0147377588 0.9821410179 0.1875681877 -0.1461433023 -0.1876898855 0.9712953568
18.7 -533.7 2264.8 0.9847968221 0.0927374735 0.1468842179 -0.1076665670 0.9894270897 0.0971699134 -0.1363199353 -0.1115071401 0.9843693376
196.3 -151.7 2177.3 0.9969062209 0.0385631211 -0.0684896633 -0.0316054597 0.9944939613 0.0999144912 0.0719655678 -0.0974407345 0.9926360250
180.9 -546.9 2216.0 0.9968407750 -0.0374726839 -0.0700300708 0.0416098908 0.9974149466 0.0585836880 0.0676537529 -0.0613125525 0.9958231449
65.7 381.2 2037.5 0 0 0 0 0 0 0 0 0
271.7 -157.3 2178.0 0 0 0 0 0 0 0 0 0
-16.7 -911.7 2307.4 0 0 0 0 0 0 0 0 0
195.3 -927.8 2239.4 0 0 0 0 0 0 0 0 0
70.7 480.6 2200.2 2 0.9763104916 -0.2058861852 0.0665488541 0.2044762522 0.9784874320 0.0274195075 -0.0707625151 -0.0131622907 0.9974063635
118.0 255.9 2203.2 0.9763104916 -0.2058861852 0.0665488541 0.2044762522 0.9784874320 0.0274195075 -0.0707625151 -0.0131622907 0.9974063635
115.0 57.4 2196.3 0.9972416162 0.0152725251 0.0726354718 -0.0127010159 0.9992806315 -0.0357340090 -0.0731289685 0.0347128958 0.9967182279
-27.7 257.8 2213.9 0.4613202512 -0.6293985844 -0.6253327727 0.1633420438 0.7530134916 -0.6374088526 0.8720682263 0.1919064820 0.4501876235
-132.6 220.6 2015.4 -0.7752983570 -0.6293985844 -0.0526298545 -0.6252291799 0.7530134916 0.2050833255 -0.0894481614 0.1919064820 -0.9773284793
263.7 254.1 2192.5 0.5544547439 0.3875972331 0.7364429832 -0.8070491552 0.0344564356 0.5894781351 0.2031048834 -0.9211846590 0.3319145441
389.4 71.0 2238.6 -0.4419022501 0.3875972331 0.8090060353 -0.8700515032 0.0344564356 -0.4917551875 -0.2184784263 -0.9211846590 0.3220031857
18.7 -142.4 2195.2 0.9904254675 0.0019519561 0.1380345523 -0.0259873681 0.9846595526 0.1725404114 -0.1355802566 -0.1744755805 0.9752826691
17.9 -533.6 2264.5 0.9873136878 0.0796773285 0.1373435408 -0.0920712203 0.9919989109 0.0863772109 -0.1293623298 -0.0979267880 0.9867500663
201.4 -146.9 2180.6 0.9957339168 0.0524979271 -0.0758810192 -0.0444415361 0.9935613275 0.1042153165 0.0808635354 -0.1003984585 0.9916558266
180.6 -541.7 2220.5 0.9954944849 -0.0513361581 -0.0797202513 0.0536317714 0.9981977344 0.0269253682 0.0781943202 -0.0310795940 0.9964535832
65.7 380.5 2038.3 0 0 0 0 0 0 0 0 0
274.7 -154.9 2181.8 0 0 0 0 0 0 0 0 0
-12.5 -912.6 2301.9 0 0 0 0 0 0 0 0 0
200.2 -922.9 2232.4 0 0 0 0 0 0 0 0 0
70.2 480.3 2200.5 3 0.9751014113 -0.2098123729 0.0718051046 0.2084207982 0.9776818752 0.0264374558 -0.0757494494 -0.0108135240 0.9970682263
118.0 257.7 2202.9 0.9751014113 -0.2098123729 0.0718051046 0.2084207982 0.9776818752 0.0264374558 -0.0757494494 -0.0108135240 0.9970682263
114.7 59.2 2194.6 0.9967681766 0.0166404005 0.0785897374 -0.0132881049 0.9989872575 -0.0429876447 -0.0792254806 0.0418044068 0.9959797859
-27.6 259.7 2214.5 0.4532568157 -0.6290731430 -0.6315261126 0.1639454514 0.7552278638 -0.6346279979 0.8761735559 0.1841136515 0.4454458654
-131.6 222.1 2013.5 -0.7770469189 -0.6290731430 -0.0215660911 -0.6175094843 0.7552278638 0.2198018879 -0.1219841465 0.1841136515 -0.9753060937
263.6 255.8 2191.4 0.5585244298 0.3955258429 0.7291157842 -0.8016342521 0.0315071978 0.5969839096 0.2131501734 -0.9179142714 0.3346645832
390.4 73.7 2239.8 -0.4521351457 0.3955258429 0.7994580269 -0.8632463217 0.0315071978 -0.5037987232 -0.2244540751 -0.9179142714 0.3271906972
20.5 -140.0 2196.1 0.9895270467 0.0072468193 0.1441657543 -0.0333154276 0.9832400084 0.1792461276 -0.1404505670 -0.1821718365 0.9731839895
17.6 -530.7 2268.5 0.9871990085 0.0722486228 0.1421910673 -0.0810913146 0.9950523376 0.0574023239 -0.1373403072 -0.0681979805 0.9881734252
203.4 -142.3 2182.7 0.9958246946 0.0584092177 -0.0701534525 -0.0519423522 0.9945216775 0.0907119140 0.0750675425 -0.0866892263 0.9934031367
180.2 -537.5 2217.1 0.9963923693 -0.0445947573 -0.0722045749 0.0486182943 0.9973042011 0.0549599417 0.0695590004 -0.0582721308 0.9958744645
67.8 380.5 2044.8 0 0 0 0 0 0 0 0 0
273.0 -150.5 2181.5 0 0 0 0 0 0 0 0 0
-10.0 -910.7 2294.5 0 0 0 0 0 0 0 0 0
197.2 -918.3 2239.4 0 0 0 0 0 0 0 0 0
69.8 480.9 2200.6 4 0.9718484282 -0.2040901333 0.1177191511 0.2034184188 0.9789296985 0.0178221688 -0.1188760996 0.0066257967 0.9928869605
116.9 254.6 2199.1 0.9718484282 -0.2040901333 0.1177191511 0.2034184188 0.9789296985 0.0178221688 -0.1188760996 0.0066257967 0.9928869605
111.2 56.1 2195.1 0.9921709299 0.0294007175 0.1213772744 -0.0267261807 0.9993640780 -0.0236047450 -0.1219940782 0.0201759897 0.9923257232
-27.9 258.5 2216.9 0.4567435682 -0.6312863231 -0.6267877221 0.1715925634 0.7538611293 -0.6342313290 0.8728924990 0.1821289808 0.4526452720
-133.5 218.9 2014.9 -0.7754933834 -0.6312863231 -0.0093592322 -0.6164213419 0.7538611293 0.2274161875 -0.1365091652 0.1821289808 -0.9737526774
261.7 250.6 2181.3 0.5821546316 0.4334225953 0.6879250407 -0.7688239217 0.0181115195 0.6392040253 0.2645860910 -0.9010087848 0.3437693715
393.5 76.5 2241.2 -0.4791762531 0.4334225953 0.7632398009 -0.8421210051 0.0181115195 -0.5389844179 -0.2474314570 -0.9010087848 0.3563156724
19.9 -138.0 2193.6 0.9821229577 0.0035208797 0.1882075965 -0.0378750451 0.9830737710 0.1792524159 -0.1843908280 -0.1831762791 0.9656326771
18.6 -528.7 2266.4 0.9795100689 0.0764920861 0.1863035113 -0.0882068947 0.9945597053 0.0554127991 -0.1810513139 -0.0707106441 0.9809283614
