160.7 498.9 2254.8 31 0.9980421066 0.0533200912 -0.0326934643 -0.0577732809 0.9861775041 -0.1552938819 0.0239612758 0.1568786353 0.9873271585
148.7 277.9 2219.6 0.9980421066 0.0533200912 -0.0326934643 -0.0577732809 0.9861775041 -0.1552938819 0.0239612758 0.1568786353 0.9873271585
138.7 80.6 2198.5 0.9982702732 0.0505323820 -0.0300498139 -0.0534259267 0.9930455089 -0.1049110964 0.0245394241 0.1063350663 0.9940274954
3.0 285.7 2216.1 0.5559321642 -0.4604792595 -0.6920247674 -0.1417405158 0.7678250074 -0.6247834563 0.8190537691 0.4454251528 0.3615900874
-130.1 319.6 2020.0 -0.8754071593 -0.4604792595 -0.1470414549 -0.4759277403 0.7678250074 0.4288793504 -0.0845879316 0.4454251528 -0.8913143873
294.5 270.1 2223.2 0.4305507839 0.4592364430 0.7769992948 -0.9012642503 0.1725280285 0.3974377811 0.0484637655 -0.8713988662 0.4881754816
397.6 54.3 2234.8 -0.4286730587 0.4592364430 0.7780368328 -0.8161380887 0.1725280285 -0.5515003800 -0.3875022233 -0.8713988662 0.3008422554
39.9 -104.5 2175.2 0.9978375435 0.0560593978 0.0343166031 -0.0611646958 0.9831062555 0.1725137532 -0.0240658503 -0.1742396504 0.9844091535
17.6 -495.1 2244.5 0.9992690086 0.0180117562 0.0337201431 -0.0232509542 0.9865040183 0.1620778441 -0.0303457491 -0.1627433896 0.9862016439
222.8 -113.5 2182.8 0.9812834263 0.1048732698 -0.1615068763 -0.0884800479 0.9904681444 0.1055659577 0.1710384488 -0.0892999843 0.9812091589
181.2 -507.0 2218.2 0.9840710163 -0.0612639114 -0.1668861210 0.0709039345 0.9961044788 0.0524264537 0.1630241573 -0.0634242371 0.9845813513
92.1 440.4 2041.5 0 0 0 0 0 0 0 0 0
286.2 -157.7 2134.1 0 0 0 0 0 0 0 0 0
10.8 -871.9 2306.6 0 0 0 0 0 0 0 0 0
204.6 -887.6 2242.5 0 0 0 0 0 0 0 0 0
160.0 494.7 2255.3 32 0.9983201623 0.0568575636 -0.0111389523 -0.0579300858 0.9828135371 -0.1752757877 0.0009817590 0.1756266356 0.9844563603
146.9 268.5 2214.9 0.9983201623 0.0568575636 -0.0111389523 -0.0579300858 0.9828135371 -0.1752757877 0.0009817590 0.1756266356 0.9844563603
136.4 70.9 2197.5 0.9985728860 0.0530384257 -0.0062564476 -0.0533825681 0.9947405457 -0.0874161944 0.0015871247 0.0876254290 0.9961522222
1.1 276.3 2214.6 0.5382001996 -0.4649298787 -0.7029799223 -0.1943096817 0.7431665063 -0.6402712464 0.8201124072 0.4811899066 0.3096319735
-127.3 322.7 2018.9 -0.8758257031 -0.4649298787 -0.1294972599 -0.4655647278 0.7431665063 0.4805756807 -0.1271959692 0.4811899066 -0.8673393130
292.7 260.7 2215.1 0.4396765232 0.4725070894 0.7638204098 -0.8946111202 0.1549092531 0.4191349149 0.0797213763 -0.8676059842 0.4908200800
397.1 48.4 2234.0 -0.4388317168 0.4725070894 0.7643060684 -0.8123674989 0.1549092531 -0.5621940494 -0.3840387762 -0.8676059842 0.3158703148
37.2 -111.8 2175.2 0.9973052144 0.0451778136 0.0578040630 -0.0553546771 0.9804646969 0.1887454540 -0.0481477380 -0.1914365441 0.9803233147
19.2 -501.4 2251.3 0.9979099035 0.0338749625 0.0550296716 -0.0408185199 0.9906206131 0.1304018050 -0.0500961728 -0.1323754787 0.9899328947
220.2 -121.7 2179.7 0.9859496355 0.0935967192 -0.1383580118 -0.0772526711 0.9898698330 0.1191208586 0.1481057405 -0.1067586392 0.9831923842
183.0 -514.9 2222.1 0.9882288575 -0.0444505066 -0.1463825554 0.0489886366 0.9984195232 0.0275424365 0.1449269354 -0.0343893133 0.9888445735
95.1 440.9 2051.2 0 0 0 0 0 0 0 0 0
283.1 -162.7 2134.2 0 0 0 0 0 0 0 0 0
6.3 -879.6 2301.8 0 0 0 0 0 0 0 0 0
200.0 -896.2 2235.2 0 0 0 0 0 0 0 0 0
160.5 493.6 2255.0 33 0.9981204867 0.0610643812 -0.0051649236 -0.0609987825 0.9818665385 -0.1794915646 -0.0058892760 0.1794692576 0.9837459326
146.2 262.6 2212.8 0.9981204867 0.0610643812 -0.0051649236 -0.0609987825 0.9818665385 -0.1794915646 -0.0058892760 0.1794692576 0.9837459326
135.6 64.9 2196.8 0.9985738993 0.0533843413 0.0005595156 -0.0531656444 0.9953278303 -0.0805972442 -0.0048595318 0.0804525539 0.9967465997
0.3 270.4 2213.5 0.5348683000 -0.4597046375 -0.7089341283 -0.2271907032 0.7298921347 -0.6447029114 0.8138183355 0.5058943629 0.2859555185
-126.9 324.5 2020.0 -0.8783578277 -0.4597046375 -0.1309931725 -0.4577168822 0.7298921347 0.5076935887 -0.1377782077 0.5058943629 -0.8515210152
292.0 254.9 2212.1 0.4413821101 0.4607128501 0.7700165510 -0.8934105039 0.1456236690 0.4249840081 0.0836629719 -0.8755212426 0.4758813977
396.7 42.9 2232.0 -0.4575606883 0.4607128501 0.7605141997 -0.8062880039 0.1456236690 -0.5733178854 -0.3748837709 -0.8755212426 0.3048355877
34.4 -121.9 2179.9 0.9971637726 0.0395137593 0.0640556365 -0.0508519970 0.9811617136 0.1863751858 -0.0554845594 -0.1891039312 0.9803882837
18.7 -511.7 2255.1 0.9975795150 0.0322773792 0.0615899190 -0.0399453752 0.9910159707 0.1276392192 -0.0569167323 -0.1297904998 0.9899064898
217.5 -131.7 2180.2 0.9871864319 0.0890274718 -0.1324277222 -0.0735265240 0.9903277159 0.1176640764 0.1416221708 -0.1064194292 0.9841839671
182.1 -525.2 2222.5 0.9891869426 -0.0460981838 -0.1392270029 0.0516828150 0.9979866147 0.0367643945 0.1372519135 -0.0435625017 0.9895777702
96.0 440.6 2055.0 0 0 0 0 0 0 0 0 0
277.9 -166.6 2134.6 0 0 0 0 0 0 0 0 0
6.4 -890.3 2304.7 0 0 0 0 0 0 0 0 0
199.7 -906.4 2239.2 0 0 0 0 0 0 0 0 0
160.3 493.4 2253.9 34 0.9982531667 0.0590175763 -0.0027433005 -0.0585563183 0.9821395874 -0.1788098365 -0.0078586191 0.1786581129 0.9838798046
146.2 259.8 2211.4 0.9982531667 0.0590175763 -0.0027433005 -0.0585563183 0.9821395874 -0.1788098365 -0.0078586191 0.1786581129 0.9838798046
135.7 61.9 2196.7 0.9985936880 0.0529210791 0.0031622373 -0.0525393151 0.9958391786 -0.0744577721 -0.0070894654 0.0741869211 0.9972191453
0.3 267.5 2212.4 0.5360594988 -0.4553838670 -0.7108204961 -0.2492744774 0.7190895677 -0.6486697197 0.8065373302 0.5249149799 0.2719592154
-125.0 325.8 2023.8 -0.8794023395 -0.4553838670 -0.1388416737 -0.4552600384 0.7190895677 0.5250223875 -0.1392471194 0.5249149799 -0.8396871686
292.1 252.1 2210.4 0.4465096593 0.4671917558 0.7631257772 -0.8895197511 0.1394339651 0.4351009130 0.0968699157 -0.8730922341 0.4778349102
398.4 40.3 2233.4 -0.4871217906 0.4671917558 0.7378646135 -0.7835059762 0.1394339651 -0.6055381894 -0.3857858479 -0.8730922341 0.2981262207
33.4 -128.0 2181.3 0.9970681667 0.0386752114 0.0660246238 -0.0501403995 0.9820284247 0.1819509268 -0.0578010678 -0.1847279817 0.9810884595
18.1 -518.2 2254.7 0.9975116253 0.0284084026 0.0645252317 -0.0375334918 0.9887292385 0.1449336559 -0.0596806519 -0.1469948590 0.9873351455
216.6 -137.8 2180.4 0.9879156947 0.0826418772 -0.1311217993 -0.0682779178 0.9915280938 0.1104996800 0.1391428560 -0.1002116427 0.9851887822
183.7 -531.8 2220.2 0.9897685647 -0.0446624942 -0.1355116963 0.0525543317 0.9970896840 0.0552285463 0.1326506585 -0.0617852062 0.9892352819
97.3 440.9 2059.0 0 0 0 0 0 0 0 0 0
271.9 -163.1 2133.3 0 0 0 0 0 0 0 0 0
7.2 -896.0 2310.9 0 0 0 0 0 0 0 0 0
200.8 -912.7 2243.8 0 0 0 0 0 0 0 0 0
160.7 496.4 2253.3 35 0.9978414774 0.0654193684 -0.0057157809 -0.0654239058 0.9828437567 -0.1724466085 -0.0056636287 0.1724483222 0.9850022793
144.8 257.1 2211.3 0.9978414774 0.0654193684 -0.0057157809 -0.0654239058 0.9828437567 -0.1724466085 -0.0056636287 0.1724483222 0.9850022793
134.8 59.2 2197.0 0.9987468719 0.0500466339 0.0001294722 -0.0499064438 0.9961361289 -0.0722644031 -0.0037455622 0.0721673891 0.9973855019
-1.1 264.4 2211.9 0.5245561600 -0.4654392302 -0.7128865123 -0.2689170539 0.7038878202 -0.6574386358 0.8077898622 0.5365707874 0.2440641671
-123.5 327.2 2023.5 -0.8755245209 -0.4654392302 -0.1297041327 -0.4550006390 0.7038878202 0.5454505682 -0.1625769287 0.5365707874 -0.8280462027
290.7 249.8 2210.8 0.4656477869 0.4483417571 0.7629953027 -0.8800060749 0.1433909833 0.4528005719 0.0936027691 -0.8822860718 0.4613131583
401.5 40.3 2233.1 -0.5213332772 0.4483417571 0.7260863185 -0.7598349452 0.1433909833 -0.6341056228 -0.3884102404 -0.8822860718 0.2659112215
33.6 -131.1 2182.6 0.9972982407 0.0382564105 0.0627106279 -0.0497435778 0.9798757434 0.1933110505 -0.0540532395 -0.1959082186 0.9791313410
18.4 -520.5 2260.4 0.9977138042 0.0328149199 0.0590793155 -0.0389477611 0.9936197400 0.1058435813 -0.0552291274 -0.1079026088 0.9926261902
216.8 -140.8 2181.3 0.9873584509 0.0826546997 -0.1352461576 -0.0687428415 0.9921473265 0.1044895872 0.1428206712 -0.0938714743 0.9852869511
183.9 -535.0 2218.6 0.9898095727 -0.0374193937 -0.1373928040 0.0484871976 0.9957646728 0.0781131312 0.1338879615 -0.0839789137 0.9874318242
99.0 442.8 2064.8 0 0 0 0 0 0 0 0 0
266.2 -156.9 2132.3 0 0 0 0 0 0 0 0 0
5.9 -899.9 2301.6 0 0 0 0 0 0 0 0 0
198.2 -915.4 2250.7 0 0 0 0 0 0 0 0 0
161.4 495.4 2254.5 36 0.9980919957 0.0614576191 -0.0059422287 -0.0615316704 0.9820604920 -0.1782442480 -0.0051188394 0.1782698035 0.9839683175
146.3 255.2 2210.9 0.9980919957 0.0614576191 -0.0059422287 -0.0615316704 0.9820604920 -0.1782442480 -0.0051188394 0.1782698035 0.9839683175
135.6 57.2 2197.4 0.9985505342 0.0538199991 0.0004694075 -0.0536626726 0.9962264895 -0.0682137385 -0.0041388995 0.0680896714 0.9976705909
0.5 263.0 2211.5 0.5310831666 -0.4464797974 -0.7201433778 -0.2881657481 0.7040740848 -0.6490302086 0.7968131304 0.5522096753 0.2452616841
-124.8 331.0 2023.6 -0.8850793839 -0.4464797974 -0.1314926296 -0.4381913841 0.7040740848 0.5588094592 -0.1569165885 0.5522096753 -0.8188050389
292.2 247.3 2210.3 0.4692140520 0.4467820525 0.7617243528 -0.8777237535 0.1410512775 0.4579361975 0.0971554741 -0.8834536672 0.4583344460
403.5 39.1 2233.4 -0.5381634235 0.4467820525 0.7146788836 -0.7464788556 0.1410512775 -0.6502875686 -0.3913431764 -0.8834536672 0.2576046884
33.3 -134.2 2183.0 0.9973598719 0.0349281915 0.0636652857 -0.0463386327 0.9811424017 0.1876495779 -0.0559104532 -0.1901043206 0.9801706076
19.4 -524.1 2258.6 0.9970601797 0.0469033830 0.0605893917 -0.0531861521 0.9928753972 0.1066289023 -0.0551564582 -0.1095379516 0.9924511313
216.5 -143.3 2182.3 0.9873386621 0.0826047584 -0.1354210675 -0.0700134113 0.9929883480 0.0952482373 0.1423394978 -0.0845609754 0.9861992002
183.6 -538.0 2215.9 0.9897690415 -0.0449418686 -0.1354160905 0.0581621490 0.9937472343 0.0953080133 0.1302860528 -0.1022090092 0.9861941338
100.6 442.6 2063.6 0 0 0 0 0 0 0 0 0
263.8 -154.7 2131.8 0 0 0 0 0 0 0 0 0
1.5 -903.3 2300.4 0 0 0 0 0 0 0 0 0
200.8 -917.6 2255.0 0 0 0 0 0 0 0 0 0
160.9 493.4 2254.7 37 0.9977992177 0.0576728247 -0.0327202789 -0.0619655661 0.9866599441 -0.1505403668 0.0236017015 0.1522365808 0.9880622625
148.1 273.7 2220.8 0.9977992177 0.0576728247 -0.0327202789 -0.0619655661 0.9866599441 -0.1505403668 0.0236017015 0.1522365808 0.9880622625
137.6 76.2 2202.3 0.9981503487 0.0532008484 -0.0294209793 -0.0556921028 0.9942378402 -0.0915942118 0.0243785623 0.0930633098 0.9953616858
2.3 281.9 2217.2 0.5502300262 -0.4210771620 -0.7210692763 -0.2024841458 0.7704848647 -0.6044446230 0.8100907803 0.4785886705 0.3386824429
-128.8 330.1 2024.1 -0.8938530087 -0.4210771620 -0.1540155411 -0.4420914948 0.7704848647 0.4592474401 -0.0747119859 0.4785886705 -0.8748548627
293.8 265.5 2224.3 0.4352942109 0.4091406167 0.8019494414 -0.8997521996 0.1669686288 0.4031965733 0.0310636982 -0.8970649242 0.4408056438
403.6 38.7 2232.1 -0.5478310585 0.4091406167 0.7297157645 -0.7412624359 0.1669686288 -0.6501165032 -0.3878287077 -0.8970649242 0.2118099630
33.4 -135.8 2184.3 0.9987932444 0.0338520184 0.0355816111 -0.0399851501 0.9811783433 0.1889186800 -0.0285166278 -0.1901134402 0.9813479185
19.9 -525.8 2259.8 0.9978600144 0.0567213334 0.0325281247 -0.0598107800 0.9928236008 0.1035568118 -0.0264208093 -0.1052807346 0.9940915108
216.5 -145.7 2183.5 0.9834786057 0.0796177909 -0.1625757664 -0.0642901883 0.9931604266 0.0974635929 0.1692236513 -0.0854013339 0.9818706512
184.9 -540.4 2217.4 0.9862633944 -0.0314194262 -0.1621643603 0.0485157482 0.9935421944 0.1025674418 0.1578945220 -0.1090260446 0.9814186692
96.5 441.6 2042.9 0 0 0 0 0 0 0 0 0
261.3 -153.8 2131.4 0 0 0 0 0 0 0 0 0
-1.8 -905.0 2300.0 0 0 0 0 0 0 0 0 0
196.9 -919.9 2259.1 0 0 0 0 0 0 0 0 0
161.2 495.3 2253.7 38 0.9964065552 0.0546279699 -0.0647281781 -0.0624966025 0.9899905324 -0.1265423596 0.0571675301 0.1301329285 0.9898471236
149.6 285.2 2226.1 0.9964065552 0.0546279699 -0.0647281781 -0.0624966025 0.9899905324 -0.1265423596 0.0571675301 0.1301329285 0.9898471236
139.2 87.8 2206.1 0.9965971112 0.0529868752 -0.0631392077 -0.0589843281 0.9935100675 -0.0972552449 0.0575761832 0.1006485224 0.9932546616
4.2 293.8 2217.7 0.5672823191 -0.4287406802 -0.7031160593 -0.1408186108 0.7907140255 -0.5957695842 0.8113943934 0.4369813800 0.3881834447
-130.1 327.1 2025.6 -0.8890383244 -0.4287406802 -0.1605996639 -0.4552579522 0.7907140255 0.4092816710 -0.0484872907 0.4369813800 -0.8981627226
295.1 276.5 2234.5 0.4357398450 0.3953185380 0.8086124063 -0.9000537395 0.1855539680 0.3943006098 0.0058330945 -0.8996071219 0.4366611838
404.7 50.2 2236.0 -0.5205067396 0.3953185380 0.7568328381 -0.7617089152 0.1855539680 -0.6207811236 -0.3858396113 -0.8996071219 0.2045355588
35.6 -116.2 2181.6 0.9989893436 0.0448403656 0.0031088435 -0.0446533188 0.9821559787 0.1826902479 0.0051385281 -0.1826444268 0.9831656218
17.8 -506.5 2254.1 0.9996111989 0.0278807171 0.0004133838 -0.0277184844 0.9919643402 0.1234441698 0.0030316501 -0.1234076247 0.9923514128
218.6 -126.5 2186.0 0.9769871831 0.0867630690 -0.1948543936 -0.0689673498 0.9929565191 0.0963372588 0.2018404603 -0.0806816742 0.9760895967
184.1 -521.1 2218.1 0.9797692299 -0.0352995656 -0.1969928592 0.0501901098 0.9962046146 0.0711149424 0.1937348694 -0.0795633271 0.9778223038
93.6 441.7 2037.8 0 0 0 0 0 0 0 0 0
269.5 -147.5 2135.8 0 0 0 0 0 0 0 0 0
7.1 -885.3 2301.3 0 0 0 0 0 0 0 0 0
197.6 -901.6 2248.5 0 0 0 0 0 0 0 0 0
161.0 493.3 2254.7 39 0.9969010353 0.0524956323 -0.0585882440 -0.0601771735 0.9885800481 -0.1381599754 0.0506663732 0.1412574947 0.9886754751
149.8 281.8 2224.5 0.9969010353 0.0524956323 -0.0585882440 -0.0601771735 0.9885800481 -0.1381599754 0.0506663732 0.1412574947 0.9886754751
139.4 84.4 2204.4 0.9970352054 0.0522389337 -0.0564966314 -0.0576374047 0.9934588075 -0.0985774547 0.0509774946 0.1015415192 0.9935243130
4.2 290.3 2217.1 0.5625526309 -0.4329571426 -0.7043313384 -0.1563374698 0.7808391452 -0.6048544049 0.8118455410 0.4503758252 0.3715756536
-128.8 327.2 2025.2 -0.8899942636 -0.4329571426 -0.1430325657 -0.4495717287 0.7808391452 0.4337920249 -0.0761279389 0.4503758252 -0.8895876408
295.4 273.4 2232.0 0.4387973249 0.4167699516 0.7960902452 -0.8982148170 0.1779689938 0.4019169211 0.0258275084 -0.8914201260 0.4524412453
402.1 54.9 2238.3 -0.4836411774 0.4167699516 0.7696713805 -0.7869123220 0.1779689938 -0.5908434987 -0.3832234442 -0.8914201260 0.2418882698
37.4 -104.2 2180.8 0.9989832044 0.0442156605 0.0088071125 -0.0450701304 0.9843191504 0.1705418527 -0.0011283888 -0.1707653850 0.9853110909
19.8 -495.4 2248.7 0.9993609786 0.0349504203 0.0074933432 -0.0356589146 0.9893234968 0.1413062215 -0.0024746289 -0.1414831281 0.9899376035
220.0 -115.1 2191.4 0.9773174524 0.0948404148 -0.1893564761 -0.0796227753 0.9930708408 0.0864323378 0.1962416768 -0.0693947449 0.9780969024
182.4 -509.7 2218.9 0.9805203080 -0.0376737379 -0.1927709579 0.0480102487 0.9976328015 0.0492318310 0.1904598922 -0.0575277917 0.9800079465
95.4 440.5 2044.4 0 0 0 0 0 0 0 0 0
276.6 -149.3 2138.8 0 0 0 0 0 0 0 0 0
6.5 -873.2 2302.7 0 0 0 0 0 0 0 0 0
196.7 -890.7 2240.9 0 0 0 0 0 0 0 0 0
160.5 493.1 2253.8 40 0.9970010519 0.0539440177 -0.0554877147 -0.0611905865 0.9884703159 -0.1384994984 0.0473767407 0.1414794773 0.9888068438
148.7 277.1 2222.8 0.9970010519 0.0539440177 -0.0554877147 -0.0611905865 0.9884703159 -0.1384994984 0.0473767407 0.1414794773 0.9888068438
138.4 79.6 2203.5 0.9972360134 0.0519156680 -0.0531516410 -0.0567912050 0.9938794971 -0.0947537273 0.0479071252 0.0975103751 0.9940807819
3.1 285.4 2215.8 0.5586934686 -0.4152726829 -0.7179207802 -0.1977912933 0.7739281654 -0.6015927196 0.8054441214 0.4781043828 0.3502512872
-128.1 331.9 2026.7 -0.8982304931 -0.4152726829 -0.1439813077 -0.4320247471 0.7739281654 0.4630224705 -0.0808494017 0.4781043828 -0.8745739460
294.4 268.8 2229.8 0.4451075494 0.4587852657 0.7690223455 -0.8938518167 0.1759127527 0.4124119580 0.0539276935 -0.8709596992 0.4883861244
401.3 54.2 2242.8 -0.4684906006 0.4587852657 0.7550050616 -0.7849984169 0.1759127527 -0.5939967632 -0.4053319693 -0.8709596992 0.2777322531
37.7 -107.7 2179.5 0.9986764193 0.0500729866 0.0117518036 -0.0513436794 0.9840604663 0.1702611595 -0.0030390006 -0.1706391871 0.9853289127
17.8 -498.8 2247.3 0.9995291233 0.0288884435 0.0103435284 -0.0300692189 0.9893222451 0.1426088512 -0.0061133355 -0.1428527236 0.9897250533
220.5 -118.3 2188.8 0.9781343341 0.0935466513 -0.1857478023 -0.0769338757 0.9925258160 0.0947295204 0.1932211220 -0.0783678964 0.9780204892
183.3 -512.7 2220.0 0.9810948968 -0.0360246934 -0.1901446581 0.0454715639 0.9979264140 0.0455544032 0.1881092936 -0.0533393659 0.9806986451
96.5 439.9 2046.9 0 0 0 0 0 0 0 0 0
279.6 -149.6 2137.6 0 0 0 0 0 0 0 0 0
6.7 -876.7 2301.9 0 0 0 0 0 0 0 0 0
197.1 -894.0 2240.4 0 0 0 0 0 0 0 0 0
159.7 493.8 2253.8 41 0.9977309704 0.0523524135 -0.0423332490 -0.0580474101 0.9874392152 -0.1469500065 0.0341083221 0.1490739137 0.9882376194
148.0 273.0 2220.4 0.9977309704 0.0523524135 -0.0423332490 -0.0580474101 0.9874392152 -0.1469500065 0.0341083221 0.1490739137 0.9882376194
137.7 75.3 2202.8 0.9978994131 0.0515882336 -0.0391847081 -0.0548357628 0.9947060347 -0.0869074762 0.0344938636 0.0888736397 0.9954454303
2.2 281.0 2215.4 0.5540368557 -0.4139939547 -0.7222549319 -0.2264909595 0.7598969340 -0.6093099117 0.8010898829 0.5011643171 0.3272449970
-127.4 334.0 2028.0 -0.8994908929 -0.4139939547 -0.1397324800 -0.4260178506 0.7598969340 0.4909842014 -0.0970822051 0.5011643171 -0.8598891497
293.7 265.0 2225.5 0.4484244287 0.4651329815 0.7632606626 -0.8911300302 0.1664423496 0.4221187532 0.0693024397 -0.8694528341 0.4891307652
401.4 50.9 2242.1 -0.4734593332 0.4651329815 0.7479889989 -0.7831123471 0.1664423496 -0.5991927981 -0.4032014012 -0.8694528341 0.2854476869
36.7 -112.6 2179.7 0.9985163808 0.0485398509 0.0246760063 -0.0520125814 0.9843456745 0.1683992893 -0.0161156431 -0.1694329232 0.9854099751
17.4 -503.8 2247.0 0.9994111657 0.0246466827 0.0238712635 -0.0279979538 0.9879646301 0.1521250606 -0.0198345855 -0.1527038366 0.9880729318
219.6 -123.1 2188.5 0.9805929065 0.0932311937 -0.1724686772 -0.0766329095 0.9919787645 0.1005265117 0.1804574728 -0.0853588060 0.9798719287
182.5 -517.3 2222.4 0.9832354784 -0.0414004102 -0.1775782704 0.0497654937 0.9978386164 0.0429121666 0.1754178852 -0.0510300361 0.9831706285
97.3 440.4 2052.2 0 0 0 0 0 0 0 0 0
278.4 -152.4 2137.4 0 0 0 0 0 0 0 0 0
8.0 -881.3 2305.4 0 0 0 0 0 0 0 0 0
198.4 -898.6 2241.9 0 0 0 0 0 0 0 0 0
159.6 494.1 2253.8 42 0.9969714284 0.0495421141 -0.0599462576 -0.0571442433 0.9895226359 -0.1325877011 0.0527495034 0.1356117427 0.9893568158
149.1 284.3 2225.0 0.9969714284 0.0495421141 -0.0599462576 -0.0571442433 0.9895226359 -0.1325877011 0.0527495034 0.1356117427 0.9893568158
139.4 86.9 2204.6 0.9971038103 0.0488233492 -0.0583119020 -0.0544754378 0.9935313463 -0.0996389985 0.0530699901 0.1025269926 0.9933135509
3.4 292.2 2217.3 0.5815114379 -0.4128550887 -0.7009958029 -0.1575463265 0.7882024050 -0.5949085355 0.7981375456 0.4563854337 0.3933049142
-133.0 329.2 2030.0 -0.9034748673 -0.4128550887 -0.1152556911 -0.4178211391 0.7882024050 0.4518434107 -0.0957010463 0.4563854337 -0.8846206069
294.7 276.3 2232.8 0.4347911477 0.4514046907 0.7792242765 -0.8993899226 0.1741173565 0.4009749293 0.0453255102 -0.8751668334 0.4816935360
402.6 53.2 2244.0 -0.4610817134 0.4514046907 0.7639616728 -0.7941814065 0.1741173565 -0.5822018981 -0.3958276510 -0.8751668334 0.2782149017
36.0 -117.3 2181.9 0.9987807870 0.0489677116 0.0062567969 -0.0493149348 0.9839514494 0.1714863777 0.0022409114 -0.1715858579 0.9851666093
16.5 -508.3 2250.1 0.9999190569 0.0119155208 0.0044553499 -0.0124087203 0.9907327890 0.1352574825 -0.0028023978 -0.1353018284 0.9908004403
219.0 -127.4 2188.3 0.9777660370 0.0887015238 -0.1900148541 -0.0698633492 0.9921567440 0.1036539972 0.1977187842 -0.0880742818 0.9762941003
183.7 -521.7 2223.3 0.9801449776 -0.0354460068 -0.1950881779 0.0445994586 0.9980908036 0.0427273400 0.1932011992 -0.0505798161 0.9798545837
71.5 423.8 2051.6 0 0 0 0 0 0 0 0 0
282.8 -153.1 2141.2 0 0 0 0 0 0 0 0 0
12.0 -886.8 2301.8 0 0 0 0 0 0 0 0 0
197.3 -903.1 2242.6 0 0 0 0 0 0 0 0 0
160.6 495.6 2254.3 43 0.9967713356 0.0589886270 -0.0544719398 -0.0658777431 0.9886766076 -0.1348285824 0.0459017791 0.1379817575 0.9893705249
148.0 283.0 2224.6 0.9967713356 0.0589886270 -0.0544719398 -0.0658777431 0.9886766076 -0.1348285824 0.0459017791 0.1379817575 0.9893705249
139.0 85.5 2204.9 0.9976072311 0.0450152569 -0.0524726696 -0.0499421507 0.9940584302 -0.0967143476 0.0478072762 0.0991035327 0.9939280152
2.2 290.3 2217.6 0.5710484982 -0.4250801504 -0.7022894621 -0.1756290793 0.7724246979 -0.6103397012 0.8019090295 0.4718759954 0.3664354980
-131.6 331.4 2029.7 -0.8990803361 -0.4250801504 -0.1046969593 -0.4206118584 0.7724246979 0.4758631885 -0.1214094907 0.4718759954 -0.8732655644
293.7 275.7 2231.6 0.4492113292 0.4469946921 0.7735663652 -0.8917703032 0.1716501713 0.4186668694 0.0543590784 -0.8779134154 0.4757238030
402.8 59.0 2244.8 -0.4464146793 0.4469946921 0.7751836777 -0.8076676130 0.1716501713 -0.5641003847 -0.3852102757 -0.8779134154 0.2843959928
38.3 -105.5 2179.4 0.9983073473 0.0570566542 0.0112682749 -0.0581552088 0.9814582467 0.1826409847 -0.0006384576 -0.1829871535 0.9831150770
15.6 -495.6 2252.1 0.9999384880 0.0081711076 0.0075041228 -0.0089991791 0.9929828048 0.1179161072 -0.0064879595 -0.1179763824 0.9929952025
221.2 -115.6 2189.1 0.9785610437 0.0858201385 -0.1872248352 -0.0715404600 0.9940819740 0.0817495510 0.1931325942 -0.0666027740 0.9789095521
187.1 -510.6 2215.6 0.9825436473 -0.0140063846 -0.1855042130 0.0332893766 0.9943042397 0.1012465358 0.1830295324 -0.1056544632 0.9774135947
79.5 430.2 2058.2 0 0 0 0 0 0 0 0 0
286.8 -150.8 2144.7 0 0 0 0 0 0 0 0 0
12.5 -874.9 2297.2 0 0 0 0 0 0 0 0 0
192.4 -889.8 2255.9 0 0 0 0 0 0 0 0 0
158.1 495.7 2255.0 44 0.9976088405 0.0477077588 -0.0500054285 -0.0541665778 0.9890918136 -0.1369792223 0.0429249890 0.1393603086 0.9893109202
147.6 278.3 2224.4 0.9976088405 0.0477077588 -0.0500054285 -0.0541665778 0.9890918136 -0.1369792223 0.0429249890 0.1393603086 0.9893109202
138.2 80.8 2204.5 0.9977272153 0.0471607521 -0.0481275432 -0.0516925119 0.9938698411 -0.0977273062 0.0432236195 0.0999930277 0.9940488338
1.8 285.9 2218.1 0.5641143918 -0.4172349274 -0.7125236392 -0.2096786052 0.7622619271 -0.6123656631 0.7986299992 0.4948452413 0.3425176740
-129.7 334.8 2031.9 -0.9012119770 -0.4172349274 -0.1171834022 -0.4172477424 0.7622619271 0.4948344529 -0.1171377674 0.4948452413 -0.8610498905
293.3 270.8 2230.7 0.4599550664 0.4436284006 0.7691782713 -0.8860572577 0.1728991270 0.4301260114 0.0578258559 -0.8793746233 0.4726060033
403.4 58.7 2244.5 -0.4395011961 0.4436284006 0.7810457945 -0.8131546378 0.1728991270 -0.5557745695 -0.3815995455 -0.8793746233 0.2847491205
38.6 -107.5 2180.8 0.9983881116 0.0546006560 0.0154915266 -0.0564537607 0.9834875464 0.1719453037 -0.0058473968 -0.1725427061 0.9849846959
16.9 -498.3 2249.4 0.9996922016 0.0208752975 0.0134073067 -0.0224902909 0.9906609654 0.1344807744 -0.0104747685 -0.1347409189 0.9908254743
221.6 -116.7 2189.6 0.9791933298 0.0889862999 -0.1823783219 -0.0746651068 0.9936684370 0.0839535296 0.1886942834 -0.0685894415 0.9796376824
186.2 -511.5 2216.8 0.9830878377 -0.0152851082 -0.1824956089 0.0308287088 0.9961023331 0.0826419666 0.1805211157 -0.0868704170 0.9797273278
88.0 435.5 2060.2 0 0 0 0 0 0 0 0 0
289.2 -152.5 2145.4 0 0 0 0 0 0 0 0 0
8.9 -876.8 2300.9 0 0 0 0 0 0 0 0 0
192.1 -891.8 2250.0 0 0 0 0 0 0 0 0 0
156.5 497.5 2262.9 45 0.9978497028 0.0414577946 -0.0507665053 -0.0496182293 0.9838803411 -0.1718066931 0.0428254381 0.1739562005 0.9838217497
147.2 275.8 2223.7 0.9978497028 0.0414577946 -0.0507665053 -0.0496182293 0.9838803411 -0.1718066931 0.0428254381 0.1739562005 0.9838217497
137.8 78.2 2204.4 0.9977614284 0.0472621657 -0.0473120920 -0.0515863150 0.9941598773 -0.0947894305 0.0425558276 0.0970178917 0.9943724275
1.4 283.3 2217.5 0.5602558851 -0.4054169655 -0.7223229408 -0.2281205058 0.7627928257 -0.6050687432 0.7962878942 0.5037699938 0.3348752260
-128.9 336.4 2032.2 -0.9048123360 -0.4054169655 -0.1301988214 -0.4133405685 0.7627928257 0.4972893298 -0.1022948176 0.5037699938 -0.8577596545
292.9 268.2 2229.9 0.4465656579 0.4456910491 0.7758470178 -0.8931620121 0.1703952253 0.4162055850 0.0532984771 -0.8788201809 0.4741669595
401.1 52.0 2242.8 -0.4472858012 0.4456910491 0.7754320502 -0.8079980016 0.1703952253 -0.5640076995 -0.3835031092 -0.8788201809 0.2839021087
37.4 -111.9 2180.7 0.9986149669 0.0501676798 0.0158527996 -0.0521088913 0.9846878648 0.1663563848 -0.0072643454 -0.1669520438 0.9859382510
17.4 -503.3 2247.0 0.9995814562 0.0249872953 0.0145810517 -0.0268005989 0.9895838499 0.1414407641 -0.0108949505 -0.1417723447 0.9898393154
220.4 -121.4 2188.6 0.9792796969 0.0898668095 -0.1814807951 -0.0748735070 0.9933153987 0.0878549442 0.1881629080 -0.0724464580 0.9794622064
184.6 -516.2 2217.4 0.9829074740 -0.0331015401 -0.1810998321 0.0504507199 0.9944757819 0.0920470953 0.1770524979 -0.0996103957 0.9791476727
92.9 437.7 2057.3 0 0 0 0 0 0 0 0 0
284.9 -158.0 2143.2 0 0 0 0 0 0 0 0 0
7.9 -881.3 2301.2 0 0 0 0 0 0 0 0 0
197.3 -895.9 2255.4 0 0 0 0 0 0 0 0 0
156.7 495.0 2257.8 46 0.9976357818 0.0501529388 -0.0469844528 -0.0568326823 0.9864744544 -0.1537471265 0.0386380926 0.1560538858 0.9869925380
145.4 274.1 2222.9 0.9976357818 0.0501529388 -0.0469844528 -0.0568326823 0.9864744544 -0.1537471265 0.0386380926 0.1560538858 0.9869925380
136.7 76.5 2204.0 0.9980652332 0.0438307412 -0.0440988094 -0.0477810651 0.9945261478 -0.0929231495 0.0397845283 0.0948504508 0.9946961999
-0.4 281.1 2217.1 0.5579305291 -0.3937889338 -0.7305092812 -0.2436085045 0.7637581825 -0.5977694392 0.7933274508 0.5114721060 0.3301936686
-130.6 338.0 2031.8 -0.9088498950 -0.3937889338 -0.1375578195 -0.4067817926 0.7637581825 0.5012005568 -0.0923063308 0.5114721060 -0.8543276787
291.2 267.1 2228.7 0.4519838095 0.4343386889 0.7791408896 -0.8904946446 0.1685377061 0.4226279259 0.0522490516 -0.8848417401 0.4629525840
401.1 50.7 2241.4 -0.4565268159 0.4343386889 0.7764877081 -0.8056325316 0.1685377061 -0.5679360032 -0.3775440156 -0.8848417401 0.2729753852
36.9 -114.6 2181.2 0.9985223413 0.0512645096 0.0180292707 -0.0535663404 0.9843847752 0.1676821858 -0.0091515947 -0.1684001684 0.9856762290
16.5 -505.8 2248.1 0.9997913837 0.0120211234 0.0165135581 -0.0141964285 0.9902390242 0.1386546046 -0.0146855870 -0.1388601065 0.9902030826
219.9 -124.1 2189.0 0.9801013470 0.0858327001 -0.1789808720 -0.0706979632 0.9934924841 0.0892999247 0.1854810119 -0.0748693869 0.9797915220
185.8 -518.9 2218.8 0.9834001064 -0.0190072171 -0.1804520339 0.0324690230 0.9968801737 0.0719422400 0.1785216331 -0.0766071081 0.9809492230
95.8 439.3 2054.8 0 0 0 0 0 0 0 0 0
282.5 -158.7 2143.3 0 0 0 0 0 0 0 0 0
11.9 -884.2 2301.2 0 0 0 0 0 0 0 0 0
193.1 -899.6 2248.0 0 0 0 0 0 0 0 0 0
157.2 496.6 2259.3 47 0.9972624779 0.0468207449 -0.0572303198 -0.0543450303 0.9889523387 -0.1379124522 0.0501408949 0.1406451017 0.9887895584
147.2 286.6 2229.4 0.9972624779 0.0468207449 -0.0572303198 -0.0543450303 0.9889523387 -0.1379124522 0.0501408949 0.1406451017 0.9887895584
138.6 89.3 2207.9 0.9974952936 0.0435188897 -0.0557603650 -0.0492371842 0.9931825399 -0.1056603193 0.0507820025 0.1081411541 0.9928376675
1.5 293.8 2222.0 0.5416942239 -0.3865322769 -0.7464315891 -0.2018826157 0.8021837473 -0.5619115829 0.8159722686 0.4550758302 0.3565041721
-125.5 341.2 2030.7 -0.9085867405 -0.3865322769 -0.1583128870 -0.4159096777 0.8021837473 0.4283927679 -0.0385916121 0.4550758302 -0.8896160126
293.0 279.4 2236.9 0.4228070378 0.4169535935 0.8046017289 -0.9060701132 0.1783704907 0.3836937249 0.0164652765 -0.8912540078 0.4532054961
400.4 49.1 2241.0 -0.4659906328 0.4169535935 0.7803860903 -0.7999342680 0.1783704907 -0.5729652047 -0.3780977428 -0.8912540078 0.2504164875
36.5 -116.7 2181.5 0.9986763000 0.0508753136 0.0075693945 -0.0514191389 0.9837997556 0.1717385948 0.0012904858 -0.1719004810 0.9851135015
16.3 -507.7 2249.9 0.9999333620 0.0104374401 0.0049322746 -0.0109565919 0.9926273823 0.1207095236 -0.0036360123 -0.1207555234 0.9926756024
219.6 -125.5 2188.8 0.9780844450 0.0874363482 -0.1889595091 -0.0709653348 0.9932035804 0.0922526047 0.1957415044 -0.0768212602 0.9776419401
184.8 -520.2 2219.4 0.9809931517 -0.0324896500 -0.1913031489 0.0456469804 0.9968552589 0.0647762194 0.1885969937 -0.0722774342 0.9793912172
103.5 446.0 2040.4 0 0 0 0 0 0 0 0 0
279.3 -158.7 2142.8 0 0 0 0 0 0 0 0 0
12.3 -887.0 2296.0 0 0 0 0 0 0 0 0 0
197.2 -901.0 2247.0 0 0 0 0 0 0 0 0 0
157.5 496.2 2263.5 48 0.9966564178 0.0426685326 -0.0696808547 -0.0521605201 0.9886848927 -0.1406467706 0.0628912151 0.1438110918 0.9876047373
148.7 292.1 2233.8 0.9966564178 0.0426685326 -0.0696808547 -0.0521605201 0.9886848927 -0.1406467706 0.0628912151 0.1438110918 0.9876047373
140.5 95.1 2209.3 0.9967759252 0.0412444435 -0.0688233301 -0.0493399091 0.9914972186 -0.1204109639 0.0632718578 0.1234184876 0.9903355837
3.1 299.3 2224.6 0.5624664426 -0.3768550158 -0.7359427810 -0.1693001837 0.8187354803 -0.5486435294 0.8093015552 0.4331887960 0.3967095912
-129.9 339.3 2033.3 -0.9132309556 -0.3768550158 -0.1548855752 -0.4066144228 0.8187354803 0.4053849578 -0.0259610508 0.4331887960 -0.9009292126
294.3 284.8 2243.1 0.4295937419 0.4053362012 0.8069397807 -0.9030154943 0.1893733293 0.3856173158 0.0034917970 -0.8943378925 0.4473784864
401.7 59.1 2244.0 -0.4490736127 0.4053362012 0.7962634563 -0.8108838797 0.1893733293 -0.5537192822 -0.3752335310 -0.8943378925 0.2436380386
38.5 -103.5 2181.8 0.9986821413 0.0510549732 -0.0052324850 -0.0494976416 0.9850997329 0.1647073328 0.0135636479 -0.1642312706 0.9863286018
18.2 -495.1 2247.1 0.9997121096 0.0227059163 -0.0077525135 -0.0216567293 0.9930412769 0.1157582030 0.0103269620 -0.1155569851 0.9932471514
221.5 -112.6 2191.1 0.9747220278 0.0971201956 -0.2012079358 -0.0812115148 0.9929896593 0.0858847946 0.2081385553 -0.0673734024 0.9757761955
182.9 -507.2 2217.9 0.9785140157 -0.0379185267 -0.2026634663 0.0532531030 0.9960712194 0.0707545131 0.1991843432 -0.0800267383 0.9766889811
102.3 442.7 2039.9 0 0 0 0 0 0 0 0 0
285.0 -151.5 2146.5 0 0 0 0 0 0 0 0 0
9.5 -874.5 2291.2 0 0 0 0 0 0 0 0 0
197.4 -887.8 2248.5 0 0 0 0 0 0 0 0 0
158.3 497.1 2265.6 49 0.9972129464 0.0585205667 -0.0462780483 -0.0652412474 0.9848941565 -0.1603968143 0.0361924656 0.1629690081 0.9859671593
145.8 286.3 2230.8 0.9972129464 0.0585205667 -0.0462780483 -0.0652412474 0.9848941565 -0.1603968143 0.0361924656 0.1629690081 0.9859671593
139.6 89.1 2207.7 0.9985269308 0.0314629972 -0.0442049317 -0.0363637432 0.9927188158 -0.1148349047 0.0402700156 0.1162732020 0.9924005866
-0.0 291.6 2224.9 0.5562424660 -0.3723158836 -0.7429503798 -0.2039525062 0.8055171967 -0.5563681126 0.8056039214 0.4610021412 0.3721280992
-129.4 339.1 2037.6 -0.9129269123 -0.3723158836 -0.1671685874 -0.4073204994 0.8055171967 0.4303859770 -0.0255823545 0.4610021412 -0.8870301843
291.6 281.0 2236.6 0.4429169595 0.4143172204 0.7950885892 -0.8961903453 0.1790410429 0.4059398174 0.0258343797 -0.8923483491 0.4506074190
400.4 61.0 2243.0 -0.4410887063 0.4143172204 0.7961042523 -0.8181198835 0.1790410429 -0.5464651585 -0.3689452410 -0.8923483491 0.2599881887
40.9 -97.4 2179.0 0.9981188178 0.0594041981 0.0151651921 -0.0610743798 0.9850323200 0.1611871719 -0.0053630094 -0.1618101448 0.9868073463
17.3 -488.9 2243.3 0.9997373819 0.0188164655 0.0130819967 -0.0203237217 0.9917330146 0.1266989410 -0.0105898213 -0.1269315481 0.9918549657
223.8 -106.5 2190.6 0.9781741500 0.1037972420 -0.1800041199 -0.0897655338 0.9923769236 0.0844406337 0.1873966306 -0.0664394796 0.9800348282
182.5 -500.8 2217.0 0.9825485945 -0.0392790660 -0.1818115413 0.0522077382 0.9963943362 0.0668780655 0.1785290837 -0.0752029121 0.9810565114
100.4 441.6 2044.0 0 0 0 0 0 0 0 0 0
285.8 -151.6 2147.1 0 0 0 0 0 0 0 0 0
10.1 -867.8 2291.8 0 0 0 0 0 0 0 0 0
197.5 -881.6 2245.7 0 0 0 0 0 0 0 0 0
160.0 500.5 2266.7 50 0.9974143505 0.0518838018 -0.0497259945 -0.0588774756 0.9867099524 -0.1514495015 0.0412073582 0.1539856493 0.9872134328
149.2 295.8 2234.8 0.9974143505 0.0518838018 -0.0497259945 -0.0588774756 0.9867099524 -0.1514495015 0.0412073582 0.1539856493 0.9872134328
142.0 98.8 2209.5 0.9981575012 0.0363993272 -0.0485458113 -0.0422274843 0.9912567139 -0.1250077188 0.0435711667 0.1268273592 0.9909673929
3.4 302.0 2228.4 0.5735107064 -0.3730810881 -0.7293119431 -0.1586656272 0.8228289485 -0.5456901789 0.8036856651 0.4286758900 0.4127060771
-132.3 339.5 2038.2 -0.9164832234 -0.3730810881 -0.1444610208 -0.3987762034 0.8228289485 0.4048827887 -0.0321874022 0.4286758900 -0.9028847814
295.0 289.6 2241.1 0.4117449224 0.4186722636 0.8094316721 -0.9112638831 0.1813431978 0.3697469532 0.0080178604 -0.8898472786 0.4561880231
399.6 58.1 2243.1 -0.4371639490 0.4186722636 0.7959907055 -0.8186105490 0.1813431978 -0.5449691415 -0.3725109696 -0.8898472786 0.2634528279
41.8 -104.8 2180.8 0.9979440570 0.0626641363 0.0134491576 -0.0640336797 0.9837335944 0.1678329110 -0.0027132838 -0.1683490574 0.9857237339
16.9 -495.8 2247.7 0.9998029470 0.0160175804 0.0117287114 -0.0175107718 0.9898774028 0.1408406943 -0.0093540587 -0.1410183161 0.9899628162
224.9 -111.5 2188.2 0.9778194427 0.1064791232 -0.1803643405 -0.0892064571 0.9908452034 0.1013311222 0.1895027906 -0.0829938799 0.9783663750
182.6 -505.2 2221.2 0.9813823700 -0.0477366298 -0.1860373020 0.0571853220 0.9973145127 0.0457554981 0.1833534837 -0.0555422418 0.9814767241
99.0 440.1 2046.3 0 0 0 0 0 0 0 0 0
286.0 -154.6 2146.4 0 0 0 0 0 0 0 0 0
10.8 -874.0 2301.6 0 0 0 0 0 0 0 0 0
200.8 -886.3 2242.4 0 0 0 0 0 0 0 0 0
159.3 502.3 2273.7 51 0.9969945550 0.0441809893 -0.0636384785 -0.0538561754 0.9857462645 -0.1593857855 0.0556895696 0.1623340994 0.9851630926
150.3 301.1 2240.6 0.9969945550 0.0441809893 -0.0636384785 -0.0538561754 0.9857462645 -0.1593857855 0.0556895696 0.1623340994 0.9851630926
143.1 104.6 2211.8 0.9973533750 0.0363833606 -0.0629486516 -0.0450629704 0.9887714386 -0.1424792111 0.0570579581 0.1449387670 0.9877941012
4.6 307.7 2232.3 0.5811741352 -0.3829747736 -0.7180299163 -0.1277916729 0.8284425139 -0.5453001261 0.8036827445 0.4086726010 0.4325283766
-134.1 338.2 2040.5 -0.9141575694 -0.3829747736 -0.1328392625 -0.4035071731 0.8284425139 0.3884133399 -0.0387028083 0.4086726010 -0.9118601084
295.9 294.5 2248.9 0.4097312391 0.4001370966 0.8197625279 -0.9120817184 0.1945547909 0.3609091043 -0.0150756016 -0.8955661654 0.4446729124
399.8 63.4 2245.1 -0.4285125434 0.4001370966 0.8101032972 -0.8240861893 0.1945547909 -0.5320060253 -0.3704848289 -0.8955661654 0.2463782728
43.3 -94.2 2180.3 0.9980801940 0.0619297698 0.0008072619 -0.0611847118 0.9838824272 0.1680232882 0.0096113924 -0.1677501053 0.9857826829
18.7 -485.3 2247.0 0.9996043444 0.0280874521 -0.0014988976 -0.0276477095 0.9909600616 0.1312775910 0.0051726005 -0.1311842054 0.9913445115
226.3 -102.0 2188.3 0.9753208160 0.1103281006 -0.1912513077 -0.0902816504 0.9897603989 0.1105603501 0.2014908940 -0.0905653238 0.9752944708
182.5 -495.3 2224.3 0.9787383080 -0.0427093282 -0.2006172389 0.0474223718 0.9986990690 0.0187437832 0.1995557100 -0.0278590024 0.9794903994
98.4 440.8 2050.4 0 0 0 0 0 0 0 0 0
288.4 -150.8 2148.8 0 0 0 0 0 0 0 0 0
7.9 -863.9 2297.1 0 0 0 0 0 0 0 0 0
198.8 -876.8 2234.9 0 0 0 0 0 0 0 0 0
159.6 503.7 2276.8 52 0.9977965951 0.0416068025 -0.0516804531 -0.0506636314 0.9807491302 -0.1885850877 0.0428391360 0.1907878667 0.9806960821
150.7 294.0 2235.9 0.9977965951 0.0416068025 -0.0516804531 -0.0506636314 0.9807491302 -0.1885850877 0.0428391360 0.1907878667 0.9806960821
141.8 97.3 2209.5 0.9977837801 0.0448410697 -0.0491605625 -0.0509547964 0.9900537729 -0.1311376393 0.0427912474 0.1333519667 0.9901444912
4.9 301.5 2229.7 0.5790052414 -0.4009326398 -0.7099337578 -0.1588955224 0.7985539436 -0.5805720091 0.7996906638 0.4489594996 0.3986604810
-132.0 339.0 2040.6 -0.9085675478 -0.4009326398 -0.1172946021 -0.4093560278 0.7985539436 0.4412927330 -0.0832625926 0.4489594996 -0.8896643519
296.4 286.5 2242.2 0.4224781394 0.4316241443 0.7970023751 -0.9061346650 0.1809676439 0.3823226690 0.0207880475 -0.8837144971 0.4675644934
398.9 66.7 2247.2 -0.4089635313 0.4316241443 0.8040207624 -0.8339439034 0.1809676439 -0.5213330984 -0.3705217242 -0.8837144971 0.2859411538
44.4 -87.7 2177.8 0.9980030656 0.0611990541 0.0156398993 -0.0629434288 0.9842844605 0.1649914980 -0.0052967859 -0.1656464338 0.9861710072
20.1 -478.8 2243.6 0.9992455244 0.0364046767 0.0135287596 -0.0378662236 0.9906472564 0.1310884207 -0.0086299973 -0.1315017939 0.9912783504
227.3 -96.0 2188.2 0.9775668383 0.1128476411 -0.1778440028 -0.0948331058 0.9897526503 0.1067539677 0.1880685091 -0.0874936432 0.9782510400
182.5 -489.3 2223.0 0.9815154672 -0.0427173600 -0.1865544617 0.0481464006 0.9985356927 0.0246664248 0.1852276027 -0.0331924036 0.9821349382
99.0 443.1 2061.8 0 0 0 0 0 0 0 0 0
292.6 -149.9 2151.0 0 0 0 0 0 0 0 0 0
6.2 -857.4 2293.9 0 0 0 0 0 0 0 0 0
198.8 -870.8 2235.7 0 0 0 0 0 0 0 0 0
158.6 501.8 2279.3 53 0.9983595014 0.0492180847 -0.0292545278 -0.0545441583 0.9729402661 -0.2245266736 0.0174121335 0.2257540226 0.9740287066
147.5 282.4 2228.4 0.9983595014 0.0492180847 -0.0292545278 -0.0545441583 0.9729402661 -0.2245266736 0.0174121335 0.2257540226 0.9740287066
139.2 85.1 2206.4 0.9988296032 0.0420442373 -0.0239106230 -0.0444181338 0.9930037856 -0.1094099805 0.0191432796 0.1103439927 0.9937090874
1.6 288.9 2225.6 0.5686123371 -0.4075640440 -0.7145428658 -0.2266899347 0.7573640347 -0.6123817563 0.7907538414 0.5101875067 0.3382558823
-130.5 341.6 2041.8 -0.9057364464 -0.4075640440 -0.1163318157 -0.4064420760 0.7573640347 0.5110817552 -0.1201930270 0.5101875067 -0.8516233563
293.3 275.9 2231.1 0.4391412139 0.4787913561 0.7602064610 -0.8954570293 0.1646165252 0.4135917425 0.0728816167 -0.8623573780 0.5010269880
398.8 60.8 2248.6 -0.4009860158 0.4787913561 0.7810051441 -0.8328169584 0.1646165252 -0.5285047889 -0.3816098571 -0.8623573780 0.3327366710
41.4 -94.7 2179.0 0.9975641966 0.0586593822 0.0377460495 -0.0641248748 0.9841610193 0.1652729213 -0.0274533816 -0.1672908068 0.9855253100
18.1 -485.9 2245.5 0.9990937710 0.0231019072 0.0357489139 -0.0276357867 0.9908602238 0.1320314258 -0.0323720016 -0.1328997165 0.9906007051
224.4 -104.1 2186.9 0.9824785590 0.1020904332 -0.1559277773 -0.0851188451 0.9900668263 0.1119038090 0.1658032387 -0.0966707021 0.9814092517
183.8 -497.5 2225.3 0.9855731726 -0.0399877131 -0.1644583493 0.0442982092 0.9987621307 0.0226252377 0.1633500457 -0.0295840371 0.9861245155
100.3 445.2 2072.4 0 0 0 0 0 0 0 0 0
294.6 -155.6 2149.5 0 0 0 0 0 0 0 0 0
9.3 -864.5 2296.3 0 0 0 0 0 0 0 0 0
199.1 -879.2 2236.6 0 0 0 0 0 0 0 0 0
158.2 499.5 2280.0 54 0.9982426763 0.0556002222 -0.0204978045 -0.0589032918 0.9688150883 -0.2406817228 0.0064766267 0.2414661497 0.9703876376
145.5 276.7 2224.5 0.9982426763 0.0556002222 -0.0204978045 -0.0589032918 0.9688150883 -0.2406817228 0.0064766267 0.2414661497 0.9703876376
137.4 79.1 2205.3 0.9990846515 0.0406199321 -0.0134129301 -0.0417237543 0.9944949150 -0.0961194187 0.0094347270 0.0965910703 0.9952794313
-0.5 282.8 2223.1 0.5566454530 -0.4190718234 -0.7173037529 -0.2687852681 0.7261474133 -0.6328225732 0.7860663533 0.5450584888 0.2915663123
-129.0 344.9 2041.6 -0.9020175934 -0.4190718234 -0.1036488712 -0.4014972150 0.7261474133 0.5581307411 -0.1586325169 0.5450584888 -0.8232538700
291.4 270.5 2225.8 0.4413136542 0.4572037160 0.7721444368 -0.8942077160 0.1520821899 0.4210268557 0.0750656277 -0.8762623668 0.4759510159
398.5 53.4 2244.1 -0.4267798960 0.4572037160 0.7802715302 -0.8268983960 0.1520821899 -0.5413963199 -0.3661938310 -0.8762623668 0.3131554127
39.3 -108.0 2182.8 0.9974867105 0.0540254638 0.0458420962 -0.0603199713 0.9869354963 0.1493980885 -0.0371718891 -0.1517878026 0.9877138734
