130.3 496.5 2210.9 1 0.9993821383 0.0318421051 0.0148797389 -0.0305503104 0.9963113070 -0.0801903829 -0.0173782818 0.0796862543 0.9966685176
122.2 242.3 2190.5 0.9993821383 0.0318421051 0.0148797389 -0.0305503104 0.9963113070 -0.0801903829 -0.0173782818 0.0796862543 0.9966685176
130.1 43.8 2194.4 0.9991065264 -0.0397026427 0.0144849187 0.0394088849 0.9990223646 0.0200315211 -0.0152660618 -0.0194427893 0.9996944070
-23.7 236.6 2192.8 0.8079136014 -0.2533479929 -0.5320624709 -0.2896299064 0.6155925393 -0.7329122424 0.5132155418 0.7462309599 0.4239684343
-203.0 300.9 2078.9 -0.8733358979 -0.2533479929 -0.4160519540 -0.4773119092 0.6155925393 0.6270718575 0.0972510651 0.7462309599 -0.6585450768
268.2 248.1 2188.3 0.5975906849 0.3976458609 0.6962493658 -0.7869407535 0.1244679838 0.6043442488 0.1536542177 -0.9090574980 0.3873046339
409.8 61.6 2224.7 -0.5251714587 0.3976458609 0.7523780465 -0.7815409303 0.1244679838 -0.6113112569 -0.3367323577 -0.9090574980 0.2454094738
46.8 -160.4 2199.9 0.9965191483 0.0681677535 0.0479863286 -0.0751060992 0.9839342237 0.1619644165 -0.0361746438 -0.1650047153 0.9856291413
19.7 -551.5 2265.5 0.9974532723 0.0563138388 0.0437690467 -0.0605374463 0.9929338694 0.1020665467 -0.0377120078 -0.1044562757 0.9938142300
230.0 -153.1 2196.9 0.9838196039 0.1121934429 -0.1396840215 -0.1027091295 0.9920017123 0.0733715743 0.1467985958 -0.0578375719 0.9874740243
185.4 -547.3 2219.9 0.9895762205 -0.0281595811 -0.1412303001 0.0368884057 0.9975421429 0.0595730469 0.1392056197 -0.0641618297 0.9881827235
26.3 426.2 2053.3 0 0 0 0 0 0 0 0 0
273.3 -141.4 2137.2 0 0 0 0 0 0 0 0 0
-1.8 -930.6 2305.4 0 0 0 0 0 0 0 0 0
196.2 -928.3 2244.4 0 0 0 0 0 0 0 0 0
129.7 496.4 2210.3 2 0.9992266893 0.0321243554 0.0226732325 -0.0304633696 0.9970713854 -0.0701472238 -0.0248602666 0.0694022700 0.9972789288
121.6 245.4 2192.8 0.9992266893 0.0321243554 0.0226732325 -0.0304633696 0.9970713854 -0.0701472238 -0.0248602666 0.0694022700 0.9972789288
130.3 46.9 2193.9 0.9987850189 -0.0439857952 0.0222200546 0.0438600481 0.9990189672 0.0061153751 -0.0224672463 -0.0051333727 0.9997344017
-24.3 239.0 2196.1 0.7811083198 -0.2703102529 -0.5628518462 -0.3040893078 0.6226224303 -0.7210208178 0.5453434587 0.7343525887 0.4041370749
-198.9 307.0 2074.2 -0.8729401827 -0.2703102529 -0.4060884714 -0.4802173376 0.6226224303 0.6178451777 0.0858298987 0.7343525887 -0.6733197570
267.5 251.8 2189.6 0.5818779469 0.3991980255 0.7085612416 -0.8003486991 0.1263515055 0.5860692859 0.1444299221 -0.9081168771 0.3930187821
408.9 57.3 2224.7 -0.5339590311 0.3991980255 0.7453379631 -0.7731261253 0.1263515055 -0.6215394735 -0.3422918916 -0.9081168771 0.2411638796
46.3 -158.3 2199.7 0.9961327314 0.0677093640 0.0559911393 -0.0760251358 0.9836949706 0.1629858762 -0.0440425314 -0.1666122973 0.9850383997
19.4 -549.2 2265.9 0.9971125126 0.0554221123 0.0519137383 -0.0606334135 0.9926354289 0.1048735902 -0.0457190983 -0.1077184752 0.9931296706
229.6 -151.0 2196.9 0.9847840071 0.1137507632 -0.1313819140 -0.1056855246 0.9921512008 0.0668322369 0.1379529387 -0.0519301556 0.9890764356
184.4 -545.3 2217.5 0.9907988310 -0.0411345847 -0.1289405376 0.0527311638 0.9947367311 0.0878536254 0.1246480644 -0.0938444510 0.9877530336
29.8 432.8 2051.7 0 0 0 0 0 0 0 0 0
270.1 -143.5 2135.7 0 0 0 0 0 0 0 0 0
-1.7 -928.4 2307.0 0 0 0 0 0 0 0 0 0
200.1 -925.2 2253.3 0 0 0 0 0 0 0 0 0
130.8 496.4 2211.5 3 0.9985867143 0.0034929181 0.0530313402 -0.0004537097 0.9983618259 -0.0572138578 -0.0531443097 0.0571089387 0.9969524741
130.0 252.7 2197.6 0.9985867143 0.0034929181 0.0530313402 -0.0004537097 0.9983618259 -0.0572138578 -0.0531443097 0.0571089387 0.9969524741
131.4 54.2 2194.5 0.9985697865 -0.0073869755 0.0529506728 0.0082351696 0.9998409748 -0.0158183314 -0.0528253987 0.0162317660 0.9984718561
-15.7 251.5 2205.4 0.7876214385 -0.2982622683 -0.5391587019 -0.2354881018 0.6628900766 -0.7107194066 0.5693837404 0.6867433190 0.4518691897
-197.7 305.9 2073.9 -0.8640065789 -0.2982622683 -0.4056257308 -0.4932693243 0.6628900766 0.5632602572 0.1008859798 0.6867433190 -0.7198650241
275.7 254.0 2189.8 0.5653814673 0.4165849686 0.7118993998 -0.8096597791 0.1155303791 0.5754162073 0.1574637294 -0.9017259479 0.4026108384
409.9 61.8 2227.2 -0.5269230604 0.4165849686 0.7408164740 -0.7776007652 0.1155303791 -0.6180531979 -0.3430584967 -0.9017259479 0.2630611956
47.4 -155.6 2196.9 0.9929984212 0.0708640590 0.0945113003 -0.0861649290 0.9818176031 0.1691444069 -0.0808065981 -0.1761036962 0.9810492992
19.3 -545.8 2266.9 0.9947600961 0.0515361279 0.0882969126 -0.0592410192 0.9944464564 0.0869869739 -0.0833235830 -0.0917619765 0.9922887087
230.6 -147.6 2192.8 0.9890479445 0.1133029908 -0.0945862159 -0.1058167145 0.9911022186 0.0807415694 0.1028928682 -0.0698484853 0.9922369719
185.6 -541.4 2220.6 0.9947054386 -0.0366801843 -0.0959984958 0.0433477275 0.9967215061 0.0683165938 0.0931778997 -0.0721161962 0.9930343032
29.0 435.3 2047.4 0 0 0 0 0 0 0 0 0
273.0 -140.2 2138.1 0 0 0 0 0 0 0 0 0
-0.4 -925.7 2302.0 0 0 0 0 0 0 0 0 0
199.6 -922.0 2248.1 0 0 0 0 0 0 0 0 0
132.0 494.9 2213.7 4 0.9979950786 -0.0103733046 0.0624352880 0.0139701460 0.9982505441 -0.0574511550 -0.0617301017 0.0582082011 0.9963940978
134.4 259.1 2199.9 0.9979950786 -0.0103733046 0.0624352880 0.0139701460 0.9982505441 -0.0574511550 -0.0617301017 0.0582082011 0.9963940978
132.3 60.6 2195.7 0.9979951978 0.0103674037 0.0624351837 -0.0089925677 0.9997117519 -0.0222610943 -0.0626479760 0.0216550119 0.9978007078
-11.3 260.4 2209.1 0.7962058187 -0.3077222109 -0.5209254622 -0.1997095644 0.6790689826 -0.7063861489 0.5711150169 0.6664626002 0.4792236090
-197.0 307.0 2075.9 -0.8628889918 -0.3077222109 -0.4009109735 -0.4943134189 0.6790689826 0.5426965952 0.1052464172 0.6664626002 -0.7380723953
280.1 257.8 2190.7 0.5313556790 0.4259475172 0.7322771549 -0.8337739110 0.1099540144 0.5410463214 0.1499405354 -0.8980416656 0.4135686457
407.8 57.4 2226.8 -0.5299658775 0.4259475172 0.7332836390 -0.7741543055 0.1099540144 -0.6233740449 -0.3461521268 -0.8980416656 0.2714772522
41.3 -145.0 2196.3 0.9926388860 0.0543199740 0.1082470194 -0.0731534511 0.9812293649 0.1784307957 -0.0965228006 -0.1850359887 0.9779800773
19.7 -534.9 2269.8 0.9937500954 0.0488789864 0.1003573760 -0.0541695356 0.9972445369 0.0506856479 -0.0976033807 -0.0558051802 0.9936595559
224.2 -143.5 2186.5 0.9919436574 0.0983797759 -0.0798074901 -0.0894792527 0.9900799394 0.1083290279 0.0896731839 -0.1003151760 0.9909064174
185.2 -536.7 2226.3 0.9957720041 -0.0317677706 -0.0861914605 0.0354942270 0.9984847307 0.0420520119 0.0847249627 -0.0449335128 0.9953907132
30.8 437.4 2048.1 0 0 0 0 0 0 0 0 0
270.1 -143.7 2136.8 0 0 0 0 0 0 0 0 0
1.0 -915.7 2291.1 0 0 0 0 0 0 0 0 0
197.3 -918.0 2243.5 0 0 0 0 0 0 0 0 0
133.1 495.6 2213.7 5 0.9978782535 -0.0054979897 0.0648752674 0.0087101525 0.9987443089 -0.0493344516 -0.0645225644 0.0497948490 0.9966731071
134.4 263.2 2202.1 0.9978782535 -0.0054979897 0.0648752674 0.0087101525 0.9987443089 -0.0493344516 -0.0645225644 0.0497948490 0.9966731071
131.0 64.8 2194.2 0.9977426529 0.0171607900 0.0649241954 -0.0145184817 0.9990555644 -0.0409535319 -0.0655656755 0.0399184860 0.9970494509
-11.3 265.3 2211.7 0.8002406359 -0.3041074276 -0.5168496370 -0.1770646423 0.7036271095 -0.6881547570 0.5729424357 0.6422052383 0.5092243552
-196.8 306.3 2078.9 -0.8628193140 -0.3041074276 -0.4038087130 -0.4891939163 0.7036271095 0.5153622031 0.1274052858 0.6422052383 -0.7558705807
280.1 261.1 2192.5 0.5132413507 0.4356524348 0.7394526601 -0.8467505574 0.1165029705 0.5190766454 0.1399885863 -0.8925435543 0.4286831021
405.7 53.8 2226.8 -0.5281897187 0.4356524348 0.7288501859 -0.7698308825 0.1165029705 -0.6275248528 -0.3582959473 -0.8925435543 0.2738430500
38.8 -137.2 2197.2 0.9925693870 0.0460665599 0.1126225814 -0.0649903491 0.9831920266 0.1706154794 -0.1028699577 -0.1766670793 0.9788802266
20.5 -527.9 2267.4 0.9926875830 0.0561053120 0.1068808213 -0.0629296303 0.9961161613 0.0615831204 -0.1030105725 -0.0678587705 0.9923628569
221.7 -138.8 2185.7 0.9927932024 0.0929404944 -0.0756551549 -0.0852947384 0.9914560914 0.0986896828 0.0841810331 -0.0915254653 0.9922382236
184.8 -532.7 2222.0 0.9962140322 -0.0363381952 -0.0789751783 0.0413420945 0.9971771836 0.0626773238 0.0764746666 -0.0657050312 0.9949042797
32.7 436.4 2045.0 0 0 0 0 0 0 0 0 0
268.5 -146.2 2133.7 0 0 0 0 0 0 0 0 0
-1.0 -908.3 2293.3 0 0 0 0 0 0 0 0 0
198.6 -913.5 2247.1 0 0 0 0 0 0 0 0 0
134.3 494.8 2214.7 6 0.9985889196 0.0143405721 0.0511328690 -0.0121336002 0.9989921451 -0.0432137139 -0.0517010465 0.0425323099 0.9977564812
131.0 265.1 2205.0 0.9985889196 0.0143405721 0.0511328690 -0.0121336002 0.9989921451 -0.0432137139 -0.0517010465 0.0425323099 0.9977564812
129.8 66.8 2193.5 0.9986833930 0.0056419261 0.0509868339 -0.0026884400 0.9983239770 -0.0578104071 -0.0512275398 0.0575972199 0.9970247149
-14.9 265.5 2212.4 0.7885409594 -0.3070283830 -0.5328571200 -0.1835143268 0.7095071077 -0.6803838015 0.5869630575 0.6342974305 0.5031313300
-196.7 307.8 2077.1 -0.8706852198 -0.3070283830 -0.3842405975 -0.4784981906 0.7095071077 0.5173385143 0.1137838438 0.6342974305 -0.7646698952
276.8 264.7 2197.5 0.5135141015 0.4244686961 0.7457409501 -0.8497974277 0.1311004162 0.5105458498 0.1189437732 -0.8959012032 0.4280343056
405.4 51.8 2227.3 -0.5328463912 0.4244686961 0.7320526242 -0.7638142109 0.1311004162 -0.6319814324 -0.3642287552 -0.8959012032 0.2543588281
36.0 -132.3 2192.4 0.9943928123 0.0411572941 0.0974117443 -0.0577531792 0.9830113649 0.1742218882 -0.0885863528 -0.1788708270 0.9798763394
19.7 -523.0 2263.4 0.9945530295 0.0464505255 0.0933095068 -0.0544401109 0.9948935509 0.0849886388 -0.0888852626 -0.0896054879 0.9920031428
219.0 -135.0 2180.3 0.9919279218 0.0912548080 -0.0880429596 -0.0809443891 0.9901419878 0.1143102646 0.0976063907 -0.1062609628 0.9895360470
182.7 -528.4 2222.5 0.9943976402 -0.0467537269 -0.0948020890 0.0505273379 0.9980069995 0.0378021374 0.0928457528 -0.0423804559 0.9947781563
34.9 435.0 2046.9 0 0 0 0 0 0 0 0 0
267.0 -146.6 2132.6 0 0 0 0 0 0 0 0 0
2.0 -903.0 2297.7 0 0 0 0 0 0 0 0 0
200.6 -909.5 2238.7 0 0 0 0 0 0 0 0 0
134.1 497.6 2214.8 7 0.9989797473 0.0239755753 0.0382707566 -0.0225058813 0.9990096688 -0.0383820944 -0.0391530879 0.0374816172 0.9985300303
128.5 265.3 2206.0 0.9989797473 0.0239755753 0.0382707566 -0.0225058813 0.9990096688 -0.0383820944 -0.0391530879 0.0374816172 0.9985300303
130.0 67.0 2193.9 0.9992456436 -0.0075922669 0.0380853713 0.0099077001 0.9980897903 -0.0609804355 -0.0375496410 0.0613117702 0.9974120855
-17.4 263.9 2211.5 0.7800727487 -0.3227185309 -0.5360403657 -0.1837686747 0.7007635832 -0.6893181205 0.5980932713 0.6362257004 0.4873410165
-194.6 305.6 2075.6 -0.8738614321 -0.3227185309 -0.3636191785 -0.4788366258 0.7007635832 0.5288155675 0.0841524750 0.6362257004 -0.7668997049
274.5 266.8 2200.6 0.5246459842 0.4209600389 0.7399589419 -0.8436095119 0.1403548270 0.5182890296 0.1143221706 -0.8961546421 0.4287624955
404.5 57.6 2228.9 -0.4888136387 0.4209600389 0.7641032934 -0.7971313000 0.1403548270 -0.5872667432 -0.3544614017 -0.8961546421 0.2669530809
37.2 -131.3 2186.8 0.9956827164 0.0430675372 0.0822260752 -0.0574727617 0.9816582799 0.1817796975 -0.0728891045 -0.1857206523 0.9798954129
20.1 -521.4 2260.6 0.9955960512 0.0506733507 0.0788718387 -0.0591996834 0.9921872020 0.1098176539 -0.0726907998 -0.1140032113 0.9908174872
220.3 -131.8 2177.4 0.9899469614 0.0989534855 -0.1010604575 -0.0854189619 0.9877688885 0.1304460466 0.1127324700 -0.1205021888 0.9862913489
181.0 -524.2 2225.3 0.9921695590 -0.0523945093 -0.1133769378 0.0524248369 0.9986211658 -0.0027160484 0.1133629233 -0.0032489870 0.9935483336
38.0 433.1 2053.2 0 0 0 0 0 0 0 0 0
277.7 -149.2 2136.9 0 0 0 0 0 0 0 0 0
0.7 -900.3 2304.2 0 0 0 0 0 0 0 0 0
198.3 -854.1 2226.4 0 0 0 0 0 0 0 0 0
135.7 499.1 2220.8 8 0.9987458587 0.0388232172 0.0316147916 -0.0367713682 0.9973306656 -0.0630823895 -0.0339794643 0.0618407503 0.9975074530
126.6 265.1 2206.2 0.9987458587 0.0388232172 0.0316147916 -0.0367713682 0.9973306656 -0.0630823895 -0.0339794643 0.0618407503 0.9975074530
130.0 66.8 2193.8 0.9993519187 -0.0171963200 0.0316237397 0.0191410035 0.9978765845 -0.0622567944 -0.0304860044 0.0628217608 0.9975590110
-19.4 262.3 2210.7 0.7743935585 -0.3330164254 -0.5379727483 -0.1858173609 0.6930744052 -0.6965054274 0.6048029065 0.6393339634 0.4748320878
-194.4 304.3 2074.0 -0.8771301508 -0.3330164254 -0.3460387290 -0.4765273333 0.6930744052 0.5408970118 0.0597029775 0.6393339634 -0.7666078806
272.5 267.9 2201.8 0.5202522874 0.4287257195 0.7386012673 -0.8464665413 0.1441487521 0.5125578642 0.1132782772 -0.8918606639 0.4378956854
401.6 57.9 2229.9 -0.4615204036 0.4287257195 0.7766551375 -0.8137107491 0.1441487521 -0.5631127357 -0.3533747792 -0.8918606639 0.2823311388
40.0 -132.1 2185.2 0.9958972931 0.0528055206 0.0734855756 -0.0651436076 0.9820199013 0.1771813333 -0.0628081411 -0.1812415272 0.9814308882
19.0 -522.4 2257.2 0.9966427088 0.0403688774 0.0712295622 -0.0498142540 0.9894209504 0.1362523735 -0.0649756715 -0.1393431872 0.9881101251
223.2 -130.3 2178.3 0.9884043932 0.1056932658 -0.1090212762 -0.0912814438 0.9873507619 0.1296383888 0.1213441491 -0.1181835458 0.9855497479
181.2 -522.7 2225.3 0.9913370013 -0.0495546721 -0.1216358989 0.0502166376 0.9987354875 0.0023808803 0.1213641092 -0.0084684007 0.9925719500
39.4 431.2 2058.1 0 0 0 0 0 0 0 0 0
281.8 -153.3 2138.2 0 0 0 0 0 0 0 0 0
3.6 -900.2 2310.4 0 0 0 0 0 0 0 0 0
198.8 -878.5 2228.3 0 0 0 0 0 0 0 0 0
134.7 498.1 2217.3 9 0.9991500378 0.0367666110 0.0186391603 -0.0358091891 0.9981403351 -0.0493308343 -0.0204182249 0.0486214496 0.9986085296
126.1 262.5 2205.8 0.9991500378 0.0367666110 0.0186391603 -0.0358091891 0.9981403351 -0.0493308343 -0.0204182249 0.0486214496 0.9986085296
129.7 64.2 2193.4 0.9996579289 -0.0184646640 0.0185210854 0.0195842125 0.9978710413 -0.0622080266 -0.0173330046 0.0625494719 0.9978913665
-19.9 259.6 2208.3 0.7773762345 -0.3191638291 -0.5420522690 -0.1930581480 0.6990760565 -0.6884919405 0.5986775160 0.6398649216 0.4818279445
-194.7 303.0 2073.7 -0.8833816051 -0.3191638291 -0.3431783319 -0.4639480114 0.6990760565 0.5441000462 0.0662506968 0.6398649216 -0.7656263709
272.1 265.3 2203.3 0.5230590701 0.4230663180 0.7398811579 -0.8457028866 0.1498567909 0.5121812224 0.1058104038 -0.8936206102 0.4361723661
400.0 58.5 2229.1 -0.4525654018 0.4230663180 0.7849836946 -0.8194556236 0.1498567909 -0.5532046556 -0.3516774178 -0.8936206102 0.2788640857
41.8 -133.2 2184.1 0.9963083267 0.0601585060 0.0612431802 -0.0708156303 0.9791908860 0.1901850849 -0.0485275127 -0.1938199401 0.9798361659
17.9 -522.3 2261.1 0.9980667830 0.0276099499 0.0556808896 -0.0332371928 0.9941453934 0.1028114855 -0.0525162816 -0.1044634059 0.9931411743
225.1 -129.7 2178.5 0.9866886139 0.1077465937 -0.1218040735 -0.0915169269 0.9870446920 0.1317853630 0.1344254911 -0.1188839823 0.9837664366
182.2 -522.0 2225.8 0.9900050759 -0.0453325547 -0.1335476190 0.0478470065 0.9987316132 0.0156777352 0.1326675117 -0.0219108909 0.9909183979
40.9 426.7 2056.1 0 0 0 0 0 0 0 0 0
282.5 -154.3 2137.8 0 0 0 0 0 0 0 0 0
7.3 -901.8 2301.0 0 0 0 0 0 0 0 0 0
199.0 -890.7 2233.9 0 0 0 0 0 0 0 0 0
134.5 496.8 2215.5 00 0.9992118478 0.0384855755 0.0097222235 -0.0380341113 0.9983511567 -0.0429925248 -0.0113607859 0.0425888635 0.9990280867
125.4 260.7 2205.4 0.9992118478 0.0384855755 0.0097222235 -0.0380341113 0.9983511567 -0.0429925248 -0.0113607859 0.0425888635 0.9990280867
129.9 62.4 2193.3 0.9996987581 -0.0225986522 0.0095775910 0.0231430680 0.9978592992 -0.0611658692 -0.0081748217 0.0613690950 0.9980816841
-20.6 257.3 2206.6 0.7780997753 -0.3117980957 -0.5452913642 -0.2025233656 0.6972162724 -0.6876581907 0.5945965648 0.6455008984 0.4793573916
-195.1 302.7 2073.3 -0.8830860853 -0.3117980957 -0.3506292403 -0.4633524418 0.6972162724 0.5469862819 0.0739151165 0.6455008984 -0.7601743937
271.4 264.0 2204.2 0.5231034160 0.4173003733 0.7431172729 -0.8467986584 0.1558515429 0.5085689425 0.0964100286 -0.8953047991 0.4348958433
399.8 56.2 2227.9 -0.4610559046 0.4173003733 0.7831269503 -0.8126696348 0.1558515429 -0.5614964962 -0.3563642502 -0.8953047991 0.2672710717
41.7 -135.9 2182.5 0.9969563484 0.0587856174 0.0512087904 -0.0673314109 0.9803457856 0.1854417175 -0.0393010154 -0.1883252561 0.9813200235
18.4 -525.5 2257.4 0.9983084202 0.0336698405 0.0473993607 -0.0392951183 0.9915980697 0.1232442558 -0.0428515039 -0.1248983443 0.9912437201
225.1 -132.3 2179.4 0.9843623042 0.1156938970 -0.1328373700 -0.1001030579 0.9878833890 0.1185991988 0.1449490339 -0.1034471542 0.9840164781
179.1 -524.8 2220.5 0.9869860411 -0.0774032176 -0.1409513652 0.0846219435 0.9953529239 0.0459531769 0.1367394328 -0.0572827235 0.9889494777
40.5 426.3 2053.6 0 0 0 0 0 0 0 0 0
280.1 -154.9 2135.3 0 0 0 0 0 0 0 0 0
5.5 -904.1 2305.1 0 0 0 0 0 0 0 0 0
208.2 -898.3 2242.0 0 0 0 0 0 0 0 0 0
135.5 495.1 2215.1 01 0.9988622665 0.0475970842 -0.0029379006 -0.0476805307 0.9978815317 -0.0442605242 0.0008250048 0.0443502478 0.9990156889
124.3 259.2 2204.7 0.9988622665 0.0475970842 -0.0029379006 -0.0476805307 0.9978815317 -0.0442605242 0.0008250048 0.0443502478 0.9990156889
130.4 60.9 2193.5 0.9995240569 -0.0306996237 -0.0030388674 0.0304806065 0.9979549050 -0.0561861843 0.0047575473 0.0560668185 0.9984157085
-21.7 254.8 2204.0 0.7728911042 -0.3134926260 -0.5516898632 -0.2154523730 0.6881298423 -0.6928618550 0.5968413353 0.6543696523 0.4643067122
-193.3 302.6 2071.5 -0.8803884983 -0.3134926260 -0.3558629155 -0.4688655138 0.6881298423 0.5537530184 0.0712824017 0.6543696523 -0.7528074980
270.3 263.7 2205.3 0.5333274007 0.4057626426 0.7422388792 -0.8410644531 0.1605872810 0.5165485144 0.0904019699 -0.8997601867 0.4269181192
401.4 56.9 2227.6 -0.4659253359 0.4057626426 0.7863016129 -0.8105795979 0.1605872810 -0.5631806850 -0.3547877371 -0.8997601867 0.2540812492
42.7 -138.0 2181.8 0.9974448681 0.0610972121 0.0370254070 -0.0670759827 0.9792916179 0.1910202354 -0.0245878641 -0.1930156797 0.9808875322
18.4 -527.2 2258.5 0.9985492229 0.0425186604 0.0330396816 -0.0464180224 0.9906924367 0.1279602498 -0.0272914637 -0.1293082386 0.9912288189
226.1 -133.8 2180.3 0.9817016125 0.1205136478 -0.1474393606 -0.1040064842 0.9879076481 0.1149830222 0.1595135033 -0.0975443721 0.9823647738
178.2 -526.4 2219.1 0.9851448536 -0.0671376809 -0.1580574960 0.0715121776 0.9971938133 0.0221474431 0.1561270356 -0.0331214741 0.9871814847
41.8 427.8 2052.4 0 0 0 0 0 0 0 0 0
280.4 -153.7 2135.4 0 0 0 0 0 0 0 0 0
2.2 -905.6 2307.9 0 0 0 0 0 0 0 0 0
203.6 -903.9 2231.6 0 0 0 0 0 0 0 0 0
135.9 494.6 2214.0 02 0.9980546236 0.0622981377 -0.0024304704 -0.0623446591 0.9970755577 -0.0441987477 -0.0003301372 0.0442642942 0.9990198016
121.1 256.9 2203.4 0.9980546236 0.0622981377 -0.0024304704 -0.0623446591 0.9970755577 -0.0441987477 -0.0003301372 0.0442642942 0.9990198016
128.8 58.7 2193.2 0.9992448688 -0.0387736857 -0.0025158862 0.0385931432 0.9979299903 -0.0514424928 0.0045052934 0.0513065495 0.9986727834
-24.9 251.3 2202.7 0.7673460841 -0.3044095039 -0.5643711686 -0.2318608463 0.6888652444 -0.6868079901 0.5978465676 0.6578750014 0.4580174088
-193.5 302.3 2071.3 -0.8734212518 -0.3044095039 -0.3800922632 -0.4774501324 0.6888652444 0.5454411507 0.0957948938 0.6578750014 -0.7470099330
267.0 262.6 2204.1 0.5581579804 0.3973670602 0.7283948660 -0.8233190179 0.1562833190 0.5456384420 0.1029827893 -0.9042537808 0.4143906534
403.3 61.6 2229.2 -0.4638612270 0.3973670602 0.7917904854 -0.8160235286 0.1562833190 -0.5564900637 -0.3448744416 -0.9042537808 0.2517670989
44.8 -140.2 2182.0 0.9972479939 0.0653692409 0.0349749029 -0.0707748309 0.9798874855 0.1865783334 -0.0220749844 -0.1885402203 0.9818173647
18.8 -529.6 2256.9 0.9986960292 0.0406945869 0.0308251642 -0.0442469157 0.9911655188 0.1250324994 -0.0254646949 -0.1262333840 0.9916736484
228.1 -134.6 2182.8 0.9807322621 0.1265508831 -0.1488258392 -0.1100878268 0.9873492122 0.1141147614 0.1613844037 -0.0955321118 0.9822569489
177.8 -527.0 2220.8 0.9853149652 -0.0685013384 -0.1564034075 0.0775548220 0.9956033230 0.0525293127 0.1521174163 -0.0638877526 0.9862954021
39.8 429.8 2045.7 0 0 0 0 0 0 0 0 0
282.8 -150.4 2139.6 0 0 0 0 0 0 0 0 0
3.3 -908.3 2305.1 0 0 0 0 0 0 0 0 0
203.9 -905.5 2245.1 0 0 0 0 0 0 0 0 0
137.1 495.4 2214.4 03 0.9979878068 0.0628548935 0.0083406512 -0.0623937063 0.9969332218 -0.0472353511 -0.0112840449 0.0466198996 0.9988489747
121.9 254.0 2203.1 0.9979878068 0.0628548935 0.0083406512 -0.0623937063 0.9969332218 -0.0472353511 -0.0112840449 0.0466198996 0.9988489747
130.0 55.8 2191.1 0.9991230965 -0.0410573669 0.0082039014 0.0414751545 0.9973515868 -0.0597468056 -0.0057291272 0.0600346699 0.9981798530
-24.1 247.9 2203.9 0.7691335678 -0.2754454315 -0.5766831040 -0.2532145381 0.6971612573 -0.6707075238 0.5867844224 0.6618881822 0.4664633274
-195.6 304.4 2073.0 -0.8739195466 -0.2754454315 -0.4004926980 -0.4684407413 0.6971612573 0.5427056551 0.1297222078 0.6618881822 -0.7382927537
267.8 260.1 2202.2 0.5583750606 0.4008723497 0.7263048291 -0.8228408694 0.1561838537 0.5463876724 0.1055946276 -0.9027225375 0.4170632958
403.4 60.3 2227.9 -0.4679977298 0.4008723497 0.7875782251 -0.8121795058 0.1561838537 -0.5621129870 -0.3483425379 -0.9027225375 0.2524866164
44.9 -143.2 2182.6 0.9966891408 0.0672812462 0.0456509367 -0.0748161972 0.9787425995 0.1909594238 -0.0318325274 -0.1937426031 0.9805358052
18.1 -532.2 2259.6 0.9987267852 0.0316874497 0.0392518528 -0.0354748741 0.9943661094 0.0998878181 -0.0358655229 -0.1011530906 0.9942241907
228.1 -136.1 2183.4 0.9832606912 0.1191038266 -0.1378866881 -0.1039273813 0.9882028103 0.1124911383 0.1496581286 -0.0962779075 0.9840391278
180.8 -528.8 2221.7 0.9876730442 -0.0521682687 -0.1475817561 0.0568133220 0.9980078340 0.0274332315 0.1458566189 -0.0354796723 0.9886693358
38.5 429.9 2038.3 0 0 0 0 0 0 0 0 0
281.8 -150.7 2137.4 0 0 0 0 0 0 0 0 0
6.0 -912.0 2298.3 0 0 0 0 0 0 0 0 0
200.7 -909.0 2235.2 0 0 0 0 0 0 0 0 0
137.4 494.3 2214.6 04 0.9980729818 0.0602212064 0.0149566643 -0.0593423247 0.9968014359 -0.0535289235 -0.0181324016 0.0525382087 0.9984542727
122.7 251.1 2201.7 0.9980729818 0.0602212064 0.0149566643 -0.0593423247 0.9968014359 -0.0535289235 -0.0181324016 0.0525382087 0.9984542727
130.5 52.9 2189.9 0.9991158843 -0.0393115133 0.0149003379 0.0401246697 0.9974570870 -0.0589009933 -0.0125469612 0.0594467930 0.9981526136
-23.2 245.2 2203.6 0.7732936740 -0.2745225132 -0.5715367794 -0.2554806769 0.6900877357 -0.6771326065 0.5802986622 0.6696389318 0.4635052681
-195.9 302.3 2074.0 -0.8653929830 -0.2745225132 -0.4192045033 -0.4809017181 0.6900877357 0.5408442020 0.1408139616 0.6696389318 -0.7292153835
268.7 257.0 2199.9 0.5548130870 0.3993890882 0.7298429608 -0.8245507479 0.1470284611 0.5463503599 0.1108986884 -0.9049149156 0.4108898938
402.8 57.6 2226.7 -0.4644989967 0.3993890882 0.7903980017 -0.8185322881 0.1470284611 -0.5553265214 -0.3380023539 -0.9049149156 0.2586182952
46.6 -146.2 2179.7 0.9960380197 0.0708653629 0.0537245795 -0.0805802047 0.9747686386 0.2081656158 -0.0376173034 -0.2116700113 0.9766169786
18.4 -533.5 2263.8 0.9983062148 0.0376192331 0.0443792082 -0.0412451997 0.9956254363 0.0838382766 -0.0410311371 -0.0855267048 0.9954906702
229.8 -138.6 2178.7 0.9839861989 0.1223808154 -0.1295922697 -0.1061637178 0.9864069819 0.1254215091 0.1431798935 -0.1096550375 0.9836032391
181.2 -530.5 2222.3 0.9880819321 -0.0617477298 -0.1410012692 0.0662965402 0.9974129200 0.0277900025 0.1389205158 -0.0368066952 0.9896193147
36.0 431.1 2036.3 0 0 0 0 0 0 0 0 0
282.1 -155.0 2138.9 0 0 0 0 0 0 0 0 0
4.0 -913.9 2296.5 0 0 0 0 0 0 0 0 0
204.7 -911.1 2236.3 0 0 0 0 0 0 0 0 0
137.1 495.0 2220.2 05 0.9984217286 0.0516044870 -0.0221597850 -0.0532708429 0.9951498508 -0.0826978683 0.0177847277 0.0837478191 0.9963282347
124.2 245.7 2199.2 0.9984217286 0.0516044870 -0.0221597850 -0.0532708429 0.9951498508 -0.0826978683 0.0177847277 0.0837478191 0.9963282347
131.4 47.5 2187.5 0.9990890622 -0.0365731977 -0.0219861418 0.0352052934 0.9975966811 -0.0596773960 0.0241158959 0.0588490069 0.9979755878
-21.7 240.6 2195.7 0.7843521833 -0.2622696161 -0.5621443987 -0.2771014273 0.6626384258 -0.6957910061 0.5549833179 0.7015162110 0.4470665753
-194.8 301.8 2073.2 -0.8698968291 -0.2622696161 -0.4177249968 -0.4770330191 0.6626384258 0.5773645639 0.1253754497 0.7015162110 -0.7015383244
270.0 250.9 2202.7 0.5527492166 0.3901709020 0.7363660932 -0.8277061582 0.1544004679 0.5395025611 0.0968029276 -0.9077043533 0.4082915783
401.2 54.4 2225.7 -0.4617097676 0.3901709020 0.7966120243 -0.8201237917 0.1544004679 -0.5509604812 -0.3379659951 -0.9077043533 0.2487002313
46.7 -149.0 2179.3 0.9970718026 0.0741659999 0.0186326653 -0.0764089525 0.9760322571 0.2037710994 -0.0030731959 -0.2045981139 0.9788412452
17.2 -536.9 2260.6 0.9993311763 0.0345926061 0.0118535329 -0.0357257724 0.9927545190 0.1147265732 -0.0077989567 -0.1150733158 0.9933263659
230.0 -141.6 2177.0 0.9784537554 0.1250075251 -0.1643207967 -0.1041151509 0.9860121012 0.1301543564 0.1782925725 -0.1102417409 0.9777824283
180.3 -533.5 2220.8 0.9824820757 -0.0647406951 -0.1747500747 0.0731800199 0.9964219928 0.0422833040 0.1713873744 -0.0543307997 0.9837045074
37.8 429.3 2039.6 0 0 0 0 0 0 0 0 0
281.3 -158.7 2137.9 0 0 0 0 0 0 0 0 0
4.0 -916.0 2304.5 0 0 0 0 0 0 0 0 0
205.0 -913.9 2241.5 0 0 0 0 0 0 0 0 0
137.5 495.0 2216.0 06 0.9982357025 0.0524442717 -0.0278397594 -0.0541420020 0.9964668155 -0.0642069802 0.0243741088 0.0656009987 0.9975482225
124.4 245.6 2199.5 0.9982357025 0.0524442717 -0.0278397594 -0.0541420020 0.9964668155 -0.0642069802 0.0243741088 0.0656009987 0.9975482225
131.5 47.4 2188.5 0.9989649057 -0.0360220373 -0.0277762003 0.0344097354 0.9978101254 -0.0564884320 0.0297502019 0.0554741919 0.9980167747
-21.5 240.6 2195.2 0.7746915221 -0.2917004526 -0.5610381961 -0.2790028453 0.6385297775 -0.7172427177 0.5674596429 0.7121731043 0.4132783711
-193.3 302.5 2069.4 -0.8698247671 -0.2917004526 -0.3978890777 -0.4868004024 0.6385297775 0.5960747004 0.0801887587 0.7121731043 -0.6974089146
270.3 250.7 2203.9 0.5443367362 0.3909594715 0.7421914935 -0.8343881369 0.1610340178 0.5271285176 0.0865678042 -0.9062111974 0.4138686657
401.0 50.3 2224.7 -0.4545909464 0.3909594715 0.8003110290 -0.8223221898 0.1610340178 -0.5457602739 -0.3422474563 -0.9062111974 0.2482900321
47.1 -154.0 2173.6 0.9972056746 0.0733716339 0.0140498001 -0.0746683180 0.9730646014 0.2181052864 0.0023313784 -0.2185449153 0.9758241177
18.0 -540.6 2260.4 0.9990717769 0.0426844917 0.0057935100 -0.0430611372 0.9931730032 0.1084116921 -0.0011264597 -0.1085605398 0.9940891862
230.3 -147.5 2178.0 0.9778469205 0.1202207655 -0.1713545918 -0.1001844928 0.9875648022 0.1211563796 0.1837892681 -0.1013053134 0.9777314067
182.5 -540.0 2218.3 0.9827662110 -0.0493008159 -0.1781571954 0.0613216497 0.9961526990 0.0626059920 0.1743852347 -0.0724519417 0.9820083976
39.4 432.7 2047.9 0 0 0 0 0 0 0 0 0
282.9 -163.4 2135.7 0 0 0 0 0 0 0 0 0
1.7 -920.0 2301.9 0 0 0 0 0 0 0 0 0
201.3 -920.4 2245.9 0 0 0 0 0 0 0 0 0
138.2 495.3 2214.9 07 0.9982439280 0.0548154004 -0.0224575549 -0.0560527220 0.9966962337 -0.0587770343 0.0191614740 0.0599326231 0.9980185032
124.6 246.5 2199.9 0.9982439280 0.0548154004 -0.0224575549 -0.0560527220 0.9966962337 -0.0587770343 0.0191614740 0.0599326231 0.9980185032
132.6 48.2 2189.2 0.9989290833 -0.0404677428 -0.0224291030 0.0391881168 0.9977268577 -0.0548217893 0.0245966315 0.0538841262 0.9982442260
-21.4 240.7 2196.3 0.7719181776 -0.3004412949 -0.5602476001 -0.2780779302 0.6329208612 -0.7225537300 0.5716773272 0.7135448456 0.4050170183
-192.6 302.4 2069.5 -0.8752210140 -0.3004412949 -0.3791083694 -0.4802925587 0.6329208612 0.6072316170 0.0575081222 0.7135448456 -0.6982453465
270.5 252.2 2203.5 0.5312239528 0.3945534527 0.7497524023 -0.8430346251 0.1581912637 0.5140701532 0.0842238665 -0.9051536322 0.4166572094
399.2 47.8 2223.9 -0.4592758119 0.3945534527 0.7958601117 -0.8192436695 0.1581912637 -0.5511944890 -0.3433738053 -0.9051536322 0.2505819798
47.1 -154.1 2174.8 0.9971296787 0.0735660791 0.0178997666 -0.0757009536 0.9728291035 0.2187988907 -0.0013172376 -0.2195259035 0.9756057858
17.9 -540.7 2262.0 0.9993921518 0.0334930420 0.0096731540 -0.0343555510 0.9933242798 0.1101204753 -0.0059203096 -0.1103858650 0.9938711524
230.3 -147.8 2180.2 0.9789518714 0.1169980839 -0.1672262698 -0.0976236016 0.9879933000 0.1197449937 0.1792283803 -0.1008993611 0.9786196947
183.8 -540.4 2220.3 0.9836416841 -0.0439183116 -0.1747002453 0.0539650768 0.9971258044 0.0531780608 0.1718626320 -0.0617358685 0.9831845760
41.4 430.8 2054.1 0 0 0 0 0 0 0 0 0
279.9 -165.1 2134.7 0 0 0 0 0 0 0 0 0
5.1 -920.2 2304.2 0 0 0 0 0 0 0 0 0
200.6 -921.3 2243.9 0 0 0 0 0 0 0 0 0
140.2 496.9 2220.8 08 0.9977111816 0.0668884665 -0.0099147335 -0.0674630776 0.9946089387 -0.0787514895 0.0045937160 0.0792401209 0.9968449473
123.4 246.8 2200.9 0.9977111816 0.0668884665 -0.0099147335 -0.0674630776 0.9946089387 -0.0787514895 0.0045937160 0.0792401209 0.9968449473
131.6 48.5 2191.1 0.9991040230 -0.0412329324 -0.0095405048 0.0407102145 0.9979348183 -0.0496869273 0.0115695391 0.0492540114 0.9987192750
-22.6 240.8 2199.2 0.7465287447 -0.3191039264 -0.5838385820 -0.2814868689 0.6436186433 -0.7117023468 0.6028763652 0.6956491470 0.3906562626
-188.2 303.3 2065.4 -0.8842675686 -0.3191039264 -0.3409450948 -0.4662690759 0.6436186433 0.6069169641 0.0257690251 0.6956491470 -0.7179193497
269.3 252.7 2202.6 0.5301856399 0.3965811729 0.7494174838 -0.8437715769 0.1598606706 0.5123417377 0.0833827108 -0.9039734006 0.4193797708
399.0 46.3 2223.0 -0.4788100719 0.3965811729 0.7832396030 -0.8041456342 0.1598606706 -0.5725333095 -0.3522651494 -0.9039734006 0.2423661202
49.0 -153.7 2176.2 0.9965950847 0.0770391524 0.0293813441 -0.0815618858 0.9733357430 0.2143948972 -0.0120811108 -0.2160612941 0.9763050675
18.4 -540.5 2262.1 0.9988868833 0.0416727625 0.0220985785 -0.0440837182 0.9914196134 0.1230602041 -0.0167807061 -0.1238974184 0.9921531081
232.2 -146.5 2180.7 0.9802280068 0.1219889522 -0.1557937711 -0.1043947488 0.9876844287 0.1165382266 0.1680914760 -0.0979699865 0.9808909893
183.8 -539.0 2219.7 0.9858667850 -0.0444054194 -0.1615388989 0.0560722090 0.9960814118 0.0683941618 0.1578688323 -0.0764853805 0.9844934940
48.6 428.1 2058.5 0 0 0 0 0 0 0 0 0
274.6 -162.6 2131.5 0 0 0 0 0 0 0 0 0
2.5 -919.3 2309.4 0 0 0 0 0 0 0 0 0
200.7 -919.5 2248.9 0 0 0 0 0 0 0 0 0
140.6 497.0 2224.3 09 0.9978053570 0.0659237877 0.0062042428 -0.0650700554 0.9935865998 -0.0924747735 -0.0122607397 0.0918681175 0.9956957102
124.0 247.2 2201.2 0.9978053570 0.0659237877 0.0062042428 -0.0650700554 0.9935865998 -0.0924747735 -0.0122607397 0.0918681175 0.9956957102
131.1 48.8 2191.0 0.9993374944 -0.0357488766 0.0068290280 0.0360524356 0.9980355501 -0.0512373373 -0.0049839355 0.0514495969 0.9986631274
-22.0 241.9 2201.9 0.7323305607 -0.3470996916 -0.5858444571 -0.2672611773 0.6447907686 -0.7161119580 0.6263093352 0.6810041666 0.3794337511
-184.4 301.2 2063.0 -0.8786374331 -0.3470996916 -0.3278995454 -0.4774706662 0.6447907686 0.5968807340 0.0042494959 0.6810041666 -0.7322672606
270.0 252.4 2200.5 0.5307207108 0.3981845677 0.7481875420 -0.8426751494 0.1533908546 0.5161102414 0.0907420069 -0.9043894410 0.4169479311
400.3 45.5 2222.7 -0.5017862916 0.3981845677 0.7678929567 -0.7889084220 0.1533908546 -0.5950585604 -0.3547309041 -0.9043894410 0.2371617258
48.1 -153.6 2180.2 0.9962467551 0.0731372461 0.0462957285 -0.0812464505 0.9745982885 0.2087036073 -0.0298557300 -0.2116816640 0.9768825173
19.1 -540.9 2264.4 0.9981683493 0.0469716750 0.0381266177 -0.0506555140 0.9934699535 0.1022326350 -0.0330756083 -0.1039767042 0.9940295815
231.4 -146.1 2182.4 0.9832456708 0.1191902906 -0.1379188299 -0.1022810265 0.9870204926 0.1238110662 0.1508857906 -0.1076302156 0.9826745391
184.0 -538.4 2225.1 0.9877580404 -0.0478962176 -0.1484585851 0.0530553162 0.9981107116 0.0309856832 0.1466940045 -0.0384828746 0.9884330630
51.6 429.4 2061.9 0 0 0 0 0 0 0 0 0
270.0 -159.4 2130.6 0 0 0 0 0 0 0 0 0
1.1 -920.4 2304.1 0 0 0 0 0 0 0 0 0
202.3 -919.5 2239.8 0 0 0 0 0 0 0 0 0
141.1 496.7 2225.5 10 0.9977279902 0.0672108606 0.0046493621 -0.0664810985 0.9933773279 -0.0937106833 -0.0109169465 0.0931886733 0.9955886006
124.2 246.1 2202.0 0.9977279902 0.0672108606 0.0046493621 -0.0664810985 0.9933773279 -0.0937106833 -0.0109169465 0.0931886733 0.9955886006
130.9 47.8 2192.1 0.9994181991 -0.0336774886 0.0053909742 0.0339040123 0.9981902838 -0.0496658832 -0.0037085956 0.0498197637 0.9987513423
-21.8 241.2 2202.6 0.7168545127 -0.3519560695 -0.6018691659 -0.2742923796 0.6512695551 -0.7075391412 0.6410017610 0.6722908020 0.3703266680
-181.3 302.2 2060.0 -0.8782234788 -0.3519560695 -0.3238061965 -0.4782375693 0.6512695551 0.5891831517 0.0035185227 0.6722908020 -0.7402788401
270.2 251.1 2201.5 0.5399271250 0.3875993192 0.7471582890 -0.8371279240 0.1547631174 0.5246572495 0.0877242461 -0.9087437391 0.4080310166
402.2 46.3 2222.9 -0.5150974393 0.3875993192 0.7644876242 -0.7811845541 0.1547631174 -0.6048132777 -0.3527396917 -0.9087437391 0.2230685204
46.6 -152.8 2181.2 0.9964045286 0.0721210763 0.0444592237 -0.0795233920 0.9771444201 0.1971415579 -0.0292250197 -0.1999682784 0.9793664217
17.9 -541.1 2260.7 0.9987301826 0.0314144492 0.0393842496 -0.0362699442 0.9909360409 0.1293455064 -0.0349639542 -0.1306097209 0.9908171296
229.8 -146.2 2180.3 0.9835043550 0.1153984144 -0.1392924935 -0.0984646007 0.9875230193 0.1228941455 0.1517363340 -0.1071515456 0.9825958610
184.0 -538.7 2222.9 0.9870603085 -0.0594603904 -0.1489174813 0.0654160976 0.9972293973 0.0354154669 0.1463990808 -0.0446988046 0.9882152081
54.0 430.3 2059.0 0 0 0 0 0 0 0 0 0
268.4 -156.6 2131.3 0 0 0 0 0 0 0 0 0
5.9 -919.6 2310.6 0 0 0 0 0 0 0 0 0
206.7 -919.5 2240.0 0 0 0 0 0 0 0 0 0
141.4 497.0 2225.6 11 0.9981181622 0.0609776415 0.0064655961 -0.0601366498 0.9940185547 -0.0911631510 -0.0119858366 0.0906027853 0.9958149791
126.0 246.2 2202.8 0.9981181622 0.0609776415 0.0064655961 -0.0601366498 0.9940185547 -0.0911631510 -0.0119858366 0.0906027853 0.9958149791
131.8 47.8 2192.7 0.9995516539 -0.0290832352 0.0071136388 0.0294069871 0.9982817769 -0.0506828316 -0.0056273951 0.0508693010 0.9986894727
-20.0 241.9 2203.6 0.7048348784 -0.3579198420 -0.6124550700 -0.2787128389 0.6542171836 -0.7030782700 0.6523242593 0.6662531495 0.3613582253
-177.3 304.1 2058.0 -0.8721625209 -0.3579198420 -0.3335055411 -0.4890762269 0.6542171836 0.5768919587 0.0117039746 0.6662531495 -0.7456337810
272.0 250.5 2202.0 0.5576753020 0.3925029039 0.7313957810 -0.8240297437 0.1557760984 0.5447098017 0.0998661965 -0.9064630866 0.4103065431
404.3 55.0 2225.6 -0.5032327175 0.3925029039 0.7698690295 -0.7885757089 0.1557760984 -0.5948799849 -0.3534193039 -0.9064630866 0.2311266065
45.9 -153.7 2182.6 0.9965801239 0.0683773533 0.0463966057 -0.0758171454 0.9799349904 0.1843345016 -0.0328613520 -0.1872217506 0.9817678928
18.7 -543.1 2257.0 0.9978132844 0.0496791862 0.0435958281 -0.0555045716 0.9879339337 0.1445882320 -0.0358867720 -0.1466918290 0.9885310531
229.2 -147.5 2181.9 0.9836032987 0.1138808802 -0.1398416311 -0.1008529961 0.9901637435 0.0969766527 0.1495098919 -0.0812831074 0.9854135513
184.0 -540.9 2214.2 0.9891828299 -0.0461213067 -0.1392483264 0.0606707670 0.9929204583 0.1021175012 0.1335527301 -0.1094611809 0.9849781394
55.0 434.4 2054.9 0 0 0 0 0 0 0 0 0
273.6 -149.8 2133.8 0 0 0 0 0 0 0 0 0
-0.2 -920.4 2313.0 0 0 0 0 0 0 0 0 0
201.6 -919.4 2255.9 0 0 0 0 0 0 0 0 0
140.5 497.5 2226.2 12 0.9985911846 0.0456804149 -0.0269997809 -0.0483947359 0.9927161336 -0.1103293747 0.0217632279 0.1114805862 0.9935283065
128.7 241.1 2197.4 0.9985911846 0.0456804149 -0.0269997809 -0.0483947359 0.9927161336 -0.1103293747 0.0217632279 0.1114805862 0.9935283065
133.2 42.5 2192.4 0.9993966222 -0.0229900777 -0.0260355026 0.0223219357 0.9994212389 -0.0256689731 0.0266105663 0.0250723232 0.9993314147
-17.2 237.8 2193.5 0.7132294178 -0.3435536623 -0.6109620929 -0.3098734617 0.6272937059 -0.7144795656 0.6287147403 0.6989088058 0.3409461677
-174.2 305.9 2055.2 -0.8702662587 -0.3435536623 -0.3529978693 -0.4923785627 0.6272937059 0.6033787727 0.0141403722 0.6989088058 -0.7150710225
274.6 244.4 2201.3 0.5510482788 0.3959828615 0.7345361114 -0.8279682994 0.1497559845 0.5404087305 0.1039914191 -0.9059639573 0.4103840590
403.5 50.7 2225.6 -0.5125179291 0.3959828615 0.7619205713 -0.7825921774 0.1497559845 -0.6042537689 -0.3533762991 -0.9059639573 0.2331404835
45.9 -153.3 2183.1 0.9975667000 0.0681338459 0.0147800362 -0.0697117671 0.9777459502 0.1978714019 -0.0009693814 -0.1984202564 0.9801165462
18.8 -541.8 2261.9 0.9989086390 0.0457858369 0.0092271920 -0.0465564542 0.9918939471 0.1182325333 -0.0037390201 -0.1185330898 0.9929430485
229.3 -147.9 2182.1 0.9787586331 0.1100895554 -0.1729503721 -0.0920817927 0.9897761941 0.1089223847 0.1831733733 -0.0906831473 0.9788892269
185.5 -541.2 2218.1 0.9837521315 -0.0343845002 -0.1762087047 0.0489274077 0.9956840277 0.0788629875 0.1727365255 -0.0862030610 0.9811886549
56.5 436.4 2051.4 0 0 0 0 0 0 0 0 0
270.4 -152.6 2133.8 0 0 0 0 0 0 0 0 0
1.4 -920.6 2307.2 0 0 0 0 0 0 0 0 0
198.6 -921.1 2251.0 0 0 0 0 0 0 0 0 0
141.7 499.2 2227.0 13 0.9982122183 0.0434308015 -0.0410629883 -0.0479232371 0.9921349287 -0.1156355813 0.0357178785 0.1173967198 0.9924425483
130.4 240.5 2196.4 0.9982122183 0.0434308015 -0.0410629883 -0.0479232371 0.9921349287 -0.1156355813 0.0357178785 0.1173967198 0.9924425483
132.7 41.9 2191.9 0.9991459846 -0.0118172774 -0.0395929739 0.0109114377 0.9996755123 -0.0230172854 0.0398521274 0.0225656126 0.9989507794
-15.5 238.8 2190.5 0.7140082717 -0.3425322175 -0.6106258035 -0.3189060688 0.6173133254 -0.7191823125 0.6232905388 0.7082343698 0.3315311968
-171.4 308.5 2054.4 -0.8740419745 -0.3425322175 -0.3445610404 -0.4858498275 0.6173133254 0.6187683344 0.0007540267 0.7082343698 -0.7059769630
276.3 242.1 2202.2 0.5361714363 0.3913660049 0.7478989363 -0.8390047550 0.1497980654 0.5230980515 0.0926889852 -0.9079610109 0.4086753726
402.6 44.5 2224.0 -0.5310446620 0.3913660049 0.7515478730 -0.7690341473 0.1497980654 -0.6214073300 -0.3557780981 -0.9079610109 0.2214243412
46.0 -158.1 2185.0 0.9973667264 0.0724805593 0.0024912586 -0.0717407092 0.9809882045 0.1803204119 0.0106258299 -0.1800243109 0.9836047888
17.2 -547.9 2256.5 0.9997529387 0.0221969299 0.0011747679 -0.0220928229 0.9864647985 0.1624782085 0.0024476503 -0.1624640077 0.9867114425
229.3 -153.9 2189.9 0.9758133888 0.1140964702 -0.1864676923 -0.0970526114 0.9904292226 0.0981362760 0.1958800554 -0.0776655152 0.9775474668
183.9 -547.5 2220.7 0.9802566171 -0.0469170585 -0.1920827329 0.0569657348 0.9972631931 0.0471275151 0.1893459558 -0.0571391918 0.9802464843
60.3 437.3 2054.2 0 0 0 0 0 0 0 0 0
264.6 -155.2 2131.6 0 0 0 0 0 0 0 0 0
8.8 -924.2 2318.5 0 0 0 0 0 0 0 0 0
201.8 -928.1 2242.5 0 0 0 0 0 0 0 0 0
142.0 498.5 2219.9 14 0.9988330603 0.0464993045 -0.0130505450 -0.0474671051 0.9950187206 -0.0876617804 0.0089093251 0.0881789550 0.9960647821
130.1 245.0 2197.4 0.9988330603 0.0464993045 -0.0130505450 -0.0474671051 0.9950187206 -0.0876617804 0.0089093251 0.0881789550 0.9960647821
131.5 46.3 2193.3 0.9999065995 -0.0070201163 -0.0117240008 0.0067771701 0.9997640848 -0.0206348598 0.0118660945 0.0205534771 0.9997183084
-15.9 244.0 2195.7 0.6999652386 -0.3613292575 -0.6160274744 -0.2969847322 0.6371870041 -0.7111911178 0.6494988203 0.6807597876 0.3386994600
-169.8 309.3 2052.8 -0.8747902513 -0.3613292575 -0.3227742612 -0.4843783081 0.6371870041 0.5994750857 -0.0109403376 0.6807597876 -0.7324249744
276.1 246.0 2199.1 0.5246859789 0.4085615277 0.7468481064 -0.8447096944 0.1409458369 0.5163329840 0.1056886613 -0.9017825127 0.4190681875
403.2 41.3 2224.7 -0.5480626822 0.4085615277 0.7298662663 -0.7521754503 0.1409458369 -0.6437129378 -0.3658679426 -0.9017825127 0.2300627977
43.4 -157.8 2183.7 0.9975672960 0.0620460287 0.0317767262 -0.0671182722 0.9780243635 0.1973918378 -0.0188310314 -0.1990444511 0.9798095226
