44.3 444.0 2088.4 2 0.9599026442 0.1172670126 0.2546278834 -0.1146834493 0.9930868745 -0.0250223521 -0.2558019161 -0.0051825796 0.9667153358
16.4 208.0 2089.6 0.9599026442 0.1172670126 0.2546278834 -0.1146834493 0.9930868745 -0.0250223521 -0.2558019161 -0.0051825796 0.9667153358
40.8 16.1 2100.5 0.9589450955 -0.1258361787 0.2541448474 0.1069720089 0.9904671311 0.0867863968 -0.2626429796 -0.0560370013 0.9632645249
-114.4 193.4 2125.6 0.5374895930 -0.8110215068 -0.2309741825 0.5168703794 0.1004278958 0.8501524925 -0.6662956476 -0.5763318539 0.4731719196
-213.0 98.6 2247.8 -0.3009654284 -0.8110215068 -0.5016611814 0.7731612921 0.1004278958 -0.6262074709 0.5582485199 -0.5763318539 0.5968251228
147.2 222.5 2053.7 0.2220932990 0.8730409741 0.4341358840 -0.5109249949 0.4834359884 -0.7108060718 -0.8304398060 -0.0639455989 0.5534263253
186.2 132.7 1907.7 -0.4876413643 0.8730409741 -0.0023016590 0.8661116362 0.4834359884 -0.1270443946 -0.1098022610 -0.0639455989 -0.9918943644
-25.5 -172.8 2131.2 0.9837604761 0.0254574232 0.1776716858 -0.0150939850 0.9981178045 -0.0594390854 -0.1788504422 0.0557920486 0.9822931290
-35.4 -559.4 2109.6 0.9826805592 0.0490350872 0.1787021011 -0.0808583423 0.9811692834 0.1754103750 -0.1667357385 -0.1868219227 0.9681409001
146.2 -158.5 2084.2 0.9672016501 0.0605669059 0.2466831803 -0.0743967220 0.9961146116 0.0471254326 -0.2428704798 -0.0639322177 0.9679496884
122.7 -545.2 2109.0 0.9621862769 -0.1061944067 0.2508393228 0.0754565969 0.9887497425 0.1291519850 -0.2617325485 -0.1053407788 0.9593744874
-136.6 -97.7 2106.1 0 0 0 0 0 0 0 0 0
62.3 352.8 1879.8 0 0 0 0 0 0 0 0 0
-53.6 -925.5 2179.3 0 0 0 0 0 0 0 0 0
162.3 -914.0 2148.3 0 0 0 0 0 0 0 0 0
43.1 443.8 2089.2 3 0.9603153467 0.1350328028 0.2440504283 -0.1307623684 0.9908410311 -0.0336936042 -0.2463649213 0.0004438713 0.9691770077
10.0 201.1 2089.1 0.9603153467 0.1350328028 0.2440504283 -0.1307623684 0.9908410311 -0.0336936042 -0.2463649213 0.0004438713 0.9691770077
39.2 9.8 2100.9 0.9582707882 -0.1505112052 0.2430297583 0.1304533184 0.9867263436 0.0967114717 -0.2543600202 -0.0609717369 0.9651857018
-120.7 183.3 2123.9 0.5273357034 -0.8295125365 -0.1839185655 0.4379311800 0.0798614323 0.8954543471 -0.7281025648 -0.5527486801 0.4053831697
-215.5 104.6 2254.7 -0.2996918857 -0.8295125365 -0.4712682366 0.7715055346 0.0798614323 -0.6311904192 0.5612165332 -0.5527486801 0.6160396934
140.8 218.9 2054.3 0.2631801069 0.8775964379 0.4007003307 -0.4888044894 0.4793831706 -0.7288771868 -0.8317490220 -0.0040381243 0.5551371574
186.4 134.2 1910.1 -0.4776479006 0.8775964379 0.0409511738 0.8736381531 0.4793831706 -0.0833556056 -0.0927838907 -0.0040381243 -0.9956780672
-20.4 -185.7 2135.0 0.9847219586 0.0377223082 0.1699989587 -0.0280942991 0.9978808165 -0.0586903319 -0.1718526334 0.0530176610 0.9836949706
-35.1 -572.6 2114.4 0.9834008217 0.0509937182 0.1741335392 -0.0795032531 0.9837636948 0.1608983427 -0.1631014496 -0.1720717400 0.9714881778
150.9 -166.2 2087.8 0.9694560766 0.0658488423 0.2362602353 -0.0801497698 0.9954549074 0.0514353402 -0.2317994535 -0.0688005090 0.9703274965
125.4 -552.6 2114.5 0.9664773941 -0.0971086025 0.2376792431 0.0817232281 0.9939208627 0.0737742782 -0.2433984727 -0.0518772528 0.9685380459
-139.4 -91.3 2112.3 0 0 0 0 0 0 0 0 0
64.3 357.6 1886.4 0 0 0 0 0 0 0 0 0
-54.1 -939.7 2178.7 0 0 0 0 0 0 0 0 0
161.6 -923.0 2133.8 0 0 0 0 0 0 0 0 0
41.9 447.9 2095.1 4 0.9680086970 0.0685920194 0.2413591743 -0.0640423298 0.9975911379 -0.0266542975 -0.2426060438 0.0103443889 0.9700697660
26.7 226.8 2092.8 0.9680086970 0.0685920194 0.2413591743 -0.0640423298 0.9975911379 -0.0266542975 -0.2426060438 0.0103443889 0.9700697660
42.9 34.1 2097.8 0.9669462442 -0.0838279426 0.2408066243 0.0749898776 0.9961388111 0.0456511006 -0.2437036484 -0.0260841008 0.9694989324
-105.1 216.6 2126.2 0.5424624085 -0.7948022485 -0.2720733583 0.5693489313 0.1096874252 0.8147456646 -0.6177186370 -0.5968735814 0.5120211244
-213.5 102.8 2249.8 -0.2959211767 -0.7948022485 -0.5298302174 0.7886279225 0.1096874252 -0.6050079465 0.5389773846 -0.5968735814 0.5943444371
158.5 237.0 2059.3 0.1708912402 0.8744435906 0.4540314972 -0.5774368644 0.4622651339 -0.6729618311 -0.7983500957 -0.1471712291 0.5839329958
189.8 131.2 1913.0 -0.4786267579 0.8744435906 -0.0791507289 0.8715652823 0.4622651339 -0.1633552760 -0.1062563434 -0.1471712291 -0.9833871126
-20.7 -183.8 2132.3 0.9858578444 0.0418542735 0.1622731090 -0.0360175036 0.9985997677 -0.0387465842 -0.1636676043 0.0323539525 0.9859848619
-37.3 -580.4 2119.4 0.9854100943 0.0323794037 0.1670884043 -0.0555980802 0.9891180396 0.1362144798 -0.1608595997 -0.1435169131 0.9764871001
154.2 -169.8 2090.0 0.9691665769 0.0709277764 0.2359775901 -0.0848662183 0.9951654673 0.0494310595 -0.2313307226 -0.0679334551 0.9705004692
126.6 -556.1 2116.3 0.9674911499 -0.0879490227 0.2371199876 0.0743017867 0.9950555563 0.0659069195 -0.2417439967 -0.0461459234 0.9692421556
-138.5 -97.4 2113.0 0 0 0 0 0 0 0 0 0
67.7 353.5 1885.9 0 0 0 0 0 0 0 0 0
-49.4 -949.4 2173.0 0 0 0 0 0 0 0 0 0
159.4 -927.3 2133.5 0 0 0 0 0 0 0 0 0
42.2 444.5 2088.5 5 0.9678270221 0.1190807670 0.2216544151 -0.1232413650 0.9923642278 0.0049844473 -0.2193683535 -0.0321410745 0.9751125574
14.9 217.1 2095.9 0.9678270221 0.1190807670 0.2216544151 -0.1232413650 0.9923642278 0.0049844473 -0.2193683535 -0.0321410745 0.9751125574
40.3 25.2 2096.7 0.9663665295 -0.1306827366 0.2214899212 0.1264814436 0.9914162159 0.0331101269 -0.2239156216 -0.0039821533 0.9746003747
-116.8 199.8 2126.5 0.5176411271 -0.8136131167 -0.2647288144 0.5605726838 0.0887584463 0.8233348131 -0.6463790536 -0.5745916963 0.5020343065
-210.9 97.9 2244.0 -0.2939558327 -0.8136131167 -0.5016210079 0.7898598909 0.0887584463 -0.6068305373 0.5382483602 -0.5745916963 0.6165493131
146.6 234.3 2065.3 0.2287063748 0.8742876053 0.4281525314 -0.5552012324 0.4784129858 -0.6803474426 -0.7996530533 -0.0821110159 0.5948216319
190.0 128.9 1913.6 -0.4851583540 0.8742876053 -0.0155751454 0.8666721582 0.4784129858 -0.1414228380 -0.1161928773 -0.0821110159 -0.9898267388
-27.3 -164.3 2122.8 0.9889737964 0.0173118431 0.1470753998 -0.0170255769 0.9998499155 -0.0032051322 -0.1471088231 0.0006657483 0.9891200662
-34.0 -552.9 2122.6 0.9879692793 0.0446480997 0.1480648667 -0.0591603816 0.9937078953 0.0951033756 -0.1428870410 -0.1027187854 0.9843943119
145.6 -151.9 2080.8 0.9746103883 0.0508500114 0.2180569619 -0.0694587529 0.9944885373 0.0785366744 -0.2128615528 -0.0916886255 0.9727708697
125.9 -537.8 2116.4 0.9726278782 -0.0845665559 0.2164336443 0.0757624358 0.9959372878 0.0486723296 -0.2196703851 -0.0309425239 0.9750833511
-136.3 -102.5 2107.4 0 0 0 0 0 0 0 0 0
67.2 348.3 1884.2 0 0 0 0 0 0 0 0 0
-50.7 -923.4 2160.9 0 0 0 0 0 0 0 0 0
157.4 -909.4 2128.0 0 0 0 0 0 0 0 0 0
41.8 445.7 2088.2 6 0.9665750861 0.0590511076 0.2494907081 -0.0647406876 0.9977945089 0.0146533111 -0.2480751723 -0.0303157251 0.9682663083
29.2 233.0 2094.7 0.9665750861 0.0590511076 0.2494907081 -0.0647406876 0.9977945089 0.0146533111 -0.2480751723 -0.0303157251 0.9682663083
42.8 40.0 2097.5 0.9658756256 -0.0698632747 0.2494059950 0.0643277764 0.9974691272 0.0302872490 -0.2508907318 -0.0132099828 0.9679252505
-102.3 224.2 2128.9 0.5429477096 -0.7849693298 -0.2983805537 0.6140223145 0.1286999881 0.7787252069 -0.5728738308 -0.6060193777 0.5518659949
-211.6 100.6 2244.3 -0.2885293961 -0.7849693298 -0.5482462645 0.7896839976 0.1286999881 -0.5998628736 0.5414332747 -0.6060193777 0.5827440023
160.7 241.7 2060.5 0.1744624376 0.8598383069 0.4798342288 -0.5940085649 0.4805537164 -0.6451526880 -0.7853131294 -0.1724707335 0.5945898890
193.4 130.2 1913.1 -0.5036638379 0.8598383069 -0.0836707652 0.8537117243 0.4805537164 -0.2006100416 -0.1322838962 -0.1724707335 -0.9760916233
-22.7 -173.4 2118.0 0.9845404029 0.0291601215 0.1727132648 -0.0273824614 0.9995447993 -0.0126666948 -0.1730040014 0.0077415588 0.9848906994
-34.2 -565.6 2115.0 0.9832631946 0.0502394475 0.1751269102 -0.0808611587 0.9817069769 0.1723743677 -0.1632633060 -0.1836503446 0.9693387747
152.0 -155.3 2077.5 0.9661042690 0.0736004487 0.2474379539 -0.0915992856 0.9938628078 0.0620184168 -0.2413548082 -0.0825814009 0.9669168591
123.4 -541.0 2109.5 0.9622948766 -0.1057452038 0.2506123185 0.0806287825 0.9908235669 0.1084790155 -0.2597837150 -0.0841822326 0.9619905353
-138.3 -99.8 2106.8 0 0 0 0 0 0 0 0 0
67.0 344.6 1879.9 0 0 0 0 0 0 0 0 0
-52.8 -930.6 2183.3 0 0 0 0 0 0 0 0 0
162.8 -910.2 2140.9 0 0 0 0 0 0 0 0 0
42.8 446.1 2088.1 7 0.9656230211 0.0291872118 0.2583027184 -0.0355129167 0.9991719127 0.0198567249 -0.2575092614 -0.0283471942 0.9658599496
36.8 240.6 2093.9 0.9656230211 0.0291872118 0.2583027184 -0.0355129167 0.9991719127 0.0198567249 -0.2575092614 -0.0283471942 0.9658599496
43.6 47.1 2097.5 0.9654444456 -0.0347261764 0.2582848966 0.0289110076 0.9992364645 0.0262798630 -0.2590003014 -0.0179044716 0.9657112956
-94.7 236.7 2129.3 0.5443905592 -0.7766557932 -0.3169300854 0.6364803910 0.1363513470 0.7591449022 -0.5463804603 -0.6149911284 0.5685545802
-211.6 100.1 2246.6 -0.2880871296 -0.7766557932 -0.5601888895 0.7913275361 0.1363513470 -0.5959941745 0.5392648578 -0.6149911284 0.5753080249
168.4 244.6 2058.6 0.1327570528 0.8521619439 0.5061576962 -0.6035854816 0.4745730162 -0.6406754255 -0.7861679792 -0.2204552591 0.5773555040
193.6 130.2 1909.6 -0.5106697679 0.8521619439 -0.1141771898 0.8461486697 0.4745730162 -0.2425136119 -0.1524754465 -0.2204552591 -0.9634057879
-30.9 -156.4 2122.9 0.9834315181 0.0227857083 0.1798423380 -0.0188502930 0.9995446801 -0.0235615335 -0.1802973151 0.0197810736 0.9834132195
-39.8 -546.5 2115.2 0.9833739400 0.0137162199 0.1810732633 -0.0413323082 0.9878767729 0.1496365815 -0.1768256128 -0.1546328813 0.9720191956
142.6 -147.2 2077.8 0.9647910595 0.0523020141 0.2577647567 -0.0705904514 0.9955637455 0.0622080863 -0.2533676326 -0.0782135352 0.9642030597
122.3 -533.5 2108.1 0.9593932033 -0.1086420044 0.2603104711 0.0799473524 0.9897397161 0.1184215248 -0.2705051601 -0.0928016752 0.9582352638
-138.4 -100.8 2109.7 0 0 0 0 0 0 0 0 0
65.8 342.0 1871.5 0 0 0 0 0 0 0 0 0
-44.9 -914.2 2172.7 0 0 0 0 0 0 0 0 0
162.8 -902.6 2142.7 0 0 0 0 0 0 0 0 0
42.0 446.4 2089.0 8 0.9670827389 0.0151513899 0.2540105879 -0.0220356081 0.9994623661 0.0242785662 -0.2535061538 -0.0290766619 0.9668966532
38.9 244.9 2094.9 0.9670827389 0.0151513899 0.2540105879 -0.0220356081 0.9994623661 0.0242785662 -0.2535061538 -0.0290766619 0.9668966532
42.2 51.1 2099.0 0.9670513868 -0.0170430318 0.2540102005 0.0111330952 0.9996332526 0.0246860404 -0.2543377876 -0.0210447498 0.9668864608
-93.0 243.4 2129.6 0.5386906266 -0.7707329988 -0.3402690589 0.6630014181 0.1386017501 0.7356756926 -0.5198476315 -0.6219004393 0.5856605172
-210.8 98.4 2243.3 -0.2814115584 -0.7707329988 -0.5716450810 0.8016456366 0.1386017501 -0.5815099478 0.5274199247 -0.6219004393 0.5788506269
170.9 246.4 2060.2 0.1178996861 0.8526406884 0.5090221167 -0.6077455282 0.4673413932 -0.6420571804 -0.7853311896 -0.2336575836 0.5732879639
193.5 129.9 1909.6 -0.5109642744 0.8526406884 -0.1091757417 0.8392404318 0.4673413932 -0.2779702544 -0.1859864146 -0.2336575836 -0.9543653131
-36.5 -147.8 2124.4 0.9846781492 -0.0009257717 0.1743792892 0.0072790794 0.9993325472 -0.0357978083 -0.1742297560 0.0365186408 0.9840276241
-36.1 -536.7 2110.2 0.9846835732 0.0347447321 0.1708540469 -0.0624689423 0.9851903319 0.1596799344 -0.1627757102 -0.1679072827 0.9722711444
136.6 -143.8 2078.0 0.9664258361 0.0406479985 0.2537102699 -0.0558683164 0.9970265031 0.0530741289 -0.2507984936 -0.0654665753 0.9658231139
120.8 -530.7 2103.4 0.9600887299 -0.1117815822 0.2563873827 0.0760342851 0.9864533544 0.1453568339 -0.2691623867 -0.1200612336 0.9555819631
-139.4 -105.1 2109.4 0 0 0 0 0 0 0 0 0
65.9 339.4 1863.2 0 0 0 0 0 0 0 0 0
-49.0 -903.8 2172.8 0 0 0 0 0 0 0 0 0
162.5 -898.7 2148.1 0 0 0 0 0 0 0 0 0
40.7 445.7 2089.5 9 0.9669246674 0.0101690507 0.2548593581 -0.0171064753 0.9995406270 0.0250188727 -0.2544878721 -0.0285511091 0.9666544199
38.6 246.2 2095.2 0.9669246674 0.0101690507 0.2548593581 -0.0171064753 0.9995406270 0.0250188727 -0.2544878721 -0.0285511091 0.9666544199
39.8 52.3 2099.6 0.9669618607 -0.0057954914 0.2548552454 -0.0001060400 0.9997323155 0.0231365729 -0.2549211085 -0.0223992076 0.9667024016
-93.4 246.2 2130.0 0.5207040310 -0.7706875205 -0.3672982752 0.6964771152 0.1346522421 0.7048321962 -0.4937478602 -0.6228237748 0.6068801880
-207.8 93.3 2238.5 -0.2799414098 -0.7706875205 -0.5724277496 0.8064973354 0.1346522421 -0.5757002831 0.5207636952 -0.6228237748 0.5838627219
170.6 246.2 2060.4 0.1242972463 0.8517718911 0.5089546442 -0.6066716313 0.4711273611 -0.6403034925 -0.7851749659 -0.2291803956 0.5753057003
194.5 129.8 1909.8 -0.5137327909 0.8517718911 -0.1027777866 0.8368848562 0.4711273611 -0.2786803246 -0.1889506429 -0.2291803956 -0.9548685551
-41.2 -143.1 2126.0 0.9845018983 -0.0168398824 0.1745635271 0.0238212254 0.9989947081 -0.0379752181 -0.1737485379 0.0415449925 0.9839133620
-34.7 -531.3 2109.9 0.9845657945 0.0465422124 0.1687128544 -0.0709737018 0.9873464108 0.1418089420 -0.1599779427 -0.1515944004 0.9754107594
132.1 -141.7 2080.4 0.9665222764 0.0311029591 0.2546907067 -0.0445258617 0.9978969693 0.0471068844 -0.2526898980 -0.0568701737 0.9658744931
120.0 -529.0 2102.5 0.9587094784 -0.1226636022 0.2565732300 0.0832599029 0.9837296605 0.1591972858 -0.2719264030 -0.1312616915 0.9533239007
-136.7 -111.5 2106.3 0 0 0 0 0 0 0 0 0
66.3 338.6 1862.7 0 0 0 0 0 0 0 0 0
-52.0 -899.5 2166.4 0 0 0 0 0 0 0 0 0
165.8 -896.0 2151.5 0 0 0 0 0 0 0 0 0
39.4 446.5 2089.2 0 0.9644461870 0.0031011812 0.2642611563 -0.0107026324 0.9995691776 0.0273300391 -0.2640625536 -0.0291866399 0.9640638828
38.8 247.9 2095.0 0.9644461870 0.0031011812 0.2642611563 -0.0107026324 0.9995691776 0.0273300391 -0.2640625536 -0.0291866399 0.9640638828
39.4 53.9 2099.6 0.9644466639 -0.0029717942 0.2642608881 -0.0033626182 0.9997178316 0.0235147215 -0.2642562091 -0.0235673022 0.9641645551
-92.9 248.3 2131.1 0.5055427551 -0.7792990208 -0.3702965379 0.7218919396 0.1469874233 0.6762149930 -0.4725447595 -0.6091696620 0.6368781328
-205.8 87.2 2236.6 -0.2737277746 -0.7792990208 -0.5637074709 0.7946124673 0.1469874233 -0.5890549421 0.5419078469 -0.6091696620 0.5790061951
170.5 247.4 2058.9 0.1267001778 0.8491013050 0.5128099322 -0.6137232184 0.4732491374 -0.6319644451 -0.7792887092 -0.2346533537 0.5810739398
194.8 130.0 1909.8 -0.5140755177 0.8491013050 -0.1214631274 0.8424850702 0.4732491374 -0.2573989034 -0.1610754281 -0.2346533537 -0.9586409926
-45.8 -141.3 2126.8 0.9822044969 -0.0369085930 0.1841523051 0.0459747314 0.9979192019 -0.0452060401 -0.1821006238 0.0528679267 0.9818575978
-31.5 -528.9 2106.3 0.9828589559 0.0634170324 0.1731085777 -0.0906904861 0.9838219881 0.1544977427 -0.1605102420 -0.1675487757 0.9727095366
127.4 -141.7 2081.1 0.9642832875 0.0195209458 0.2641526461 -0.0331294984 0.9983377457 0.0471610837 -0.2627929449 -0.0542278886 0.9633271694
119.9 -529.2 2102.2 0.9560341835 -0.1263718605 0.2646294236 0.0848046020 0.9829690456 0.1630337387 -0.2807254195 -0.1334240437 0.9504689574
-136.3 -114.5 2099.1 0 0 0 0 0 0 0 0 0
66.6 340.0 1869.6 0 0 0 0 0 0 0 0 0
-55.1 -895.8 2168.8 0 0 0 0 0 0 0 0 0
167.0 -896.0 2152.0 0 0 0 0 0 0 0 0 0
40.7 447.0 2093.1 1 0.9668296576 -0.0000835684 0.2554220855 -0.0045528733 0.9998354316 0.0175607670 -0.2553814948 -0.0181411747 0.9666701555
40.7 248.9 2096.7 0.9668296576 -0.0000835684 0.2554220855 -0.0045528733 0.9998354316 0.0175607670 -0.2553814948 -0.0181411747 0.9666701555
41.2 54.8 2099.5 0.9668259621 -0.0023003237 0.2554257214 -0.0014517714 0.9998938441 0.0145000648 -0.2554319501 -0.0143898586 0.9667199254
-91.4 249.1 2131.6 0.5062584877 -0.7765485048 -0.3750663996 0.7299825549 0.1543166786 0.6658166647 -0.4591599405 -0.6108672619 0.6449909806
-205.6 84.4 2235.2 -0.2784161866 -0.7765485048 -0.5652051568 0.7857006192 0.1543166786 -0.5990499854 0.5524119735 -0.6108672619 0.5671703815
172.8 248.7 2061.8 0.1137559339 0.8569683433 0.5026577711 -0.6136071682 0.4585148990 -0.6428455114 -0.7813743353 -0.2353069335 0.5780007243
194.6 130.8 1911.8 -0.4985285699 0.8569683433 -0.1306695342 0.8532799482 0.4585148990 -0.2483493239 -0.1529135853 -0.2353069335 -0.9598166943
-46.5 -139.7 2127.9 0.9838737845 -0.0377345607 0.1748384684 0.0465553328 0.9978269339 -0.0466259532 -0.1726991236 0.0540137142 0.9834924936
-31.8 -527.1 2106.9 0.9847090840 0.0605268292 0.1633538008 -0.0868889168 0.9833822250 0.1594043225 -0.1509909928 -0.1711605340 0.9736045599
126.4 -140.4 2080.5 0.9666017294 0.0172576699 0.2557014227 -0.0330242291 0.9977994561 0.0574951246 -0.2541464865 -0.0640192330 0.9650446177
119.7 -527.7 2105.4 0.9580549002 -0.1283561885 0.2562332153 0.0934448317 0.9851409793 0.1441017836 -0.2709221840 -0.1141137481 0.9558134079
-134.9 -115.0 2095.0 0 0 0 0 0 0 0 0 0
70.1 344.0 1873.6 0 0 0 0 0 0 0 0 0
-54.4 -894.1 2170.8 0 0 0 0 0 0 0 0 0
167.6 -895.4 2148.0 0 0 0 0 0 0 0 0 0
40.9 447.0 2090.5 2 0.9721055031 0.0746011138 0.2223634720 -0.0790440291 0.9968089461 0.0111352867 -0.2208231837 -0.0284011792 0.9749002457
24.8 232.0 2096.7 0.9721055031 0.0746011138 0.2223634720 -0.0790440291 0.9968089461 0.0111352867 -0.2208231837 -0.0284011792 0.9749002457
36.7 38.6 2101.3 0.9729812145 -0.0615623668 0.2225255072 0.0549198166 0.9978443384 0.0359226651 -0.2242573053 -0.0227310192 0.9742648602
-107.8 224.4 2127.3 0.4816374779 -0.8100677133 -0.3343884945 0.6911334395 0.1164889783 0.7132775784 -0.5388505459 -0.5746482611 0.6159703732
-205.8 83.8 2237.0 -0.2869326770 -0.8100677133 -0.5113315582 0.7759371996 0.1164889783 -0.6199611425 0.5617749691 -0.5746482611 0.5951371789
157.5 239.5 2066.0 0.1936820000 0.8649028540 0.4630662501 -0.5674852729 0.4837939143 -0.6662611365 -0.8002797961 -0.1337405145 0.5845218301
194.4 131.4 1913.5 -0.4995164275 0.8649028540 -0.0492587462 0.8557603955 0.4837939143 -0.1833509803 -0.1347497106 -0.1337405145 -0.9818125963
-45.0 -139.0 2125.2 0.9890423417 -0.0284946337 0.1448560059 0.0322954729 0.9991912842 -0.0239548311 -0.1440562755 0.0283705350 0.9891627431
-34.0 -526.9 2114.2 0.9890460968 0.0478133932 0.1396486610 -0.0637363121 0.9916765690 0.1118716449 -0.1331373304 -0.1195469052 0.9838612676
128.2 -139.4 2079.4 0.9751165509 0.0229386929 0.2205028534 -0.0356856808 0.9979031086 0.0539997742 -0.2188017964 -0.0605248697 0.9738904238
119.3 -526.8 2102.9 0.9662982225 -0.1308484674 0.2216899842 0.0983018950 0.9834792614 0.1520041823 -0.2379170209 -0.1250888258 0.9631969333
-133.0 -113.2 2094.4 0 0 0 0 0 0 0 0 0
69.3 345.6 1879.8 0 0 0 0 0 0 0 0 0
-51.8 -896.4 2158.7 0 0 0 0 0 0 0 0 0
168.1 -893.8 2149.6 0 0 0 0 0 0 0 0 0
38.0 446.9 2089.8 3 0.9749265313 0.0963476375 0.2005876899 -0.0980637521 0.9951791763 -0.0013869778 -0.1997543275 -0.0183181800 0.9796747565
15.8 216.9 2094.0 0.9749265313 0.0963476375 0.2005876899 -0.0980637521 0.9951791763 -0.0013869778 -0.1997543275 -0.0183181800 0.9796747565
39.0 24.8 2100.2 0.9723938704 -0.1203570068 0.1999109983 0.1115841791 0.9922523499 0.0546281002 -0.2049370259 -0.0308131240 0.9782900214
-116.7 201.6 2122.0 0.4963330030 -0.8267091513 -0.2649633288 0.5775244236 0.0865534991 0.8117721677 -0.6481659412 -0.5559321046 0.5204040408
-210.4 92.5 2244.5 -0.2950604558 -0.8267091513 -0.4790525436 0.7746207714 0.0865534991 -0.6264751554 0.5593764186 -0.5559321046 0.6148475409
148.2 232.1 2066.0 0.2501760125 0.8609379530 0.4429422021 -0.5322504044 0.5044538975 -0.6798792481 -0.8087778091 -0.0656666756 0.5844368339
195.3 131.9 1913.6 -0.5087050200 0.8609379530 -0.0022390287 0.8542948365 0.5044538975 -0.1253258437 -0.1067682877 -0.0656666756 -0.9921131134
-38.3 -159.6 2126.0 0.9919325709 -0.0028178142 0.1267353743 0.0071000317 0.9994185567 -0.0333496220 -0.1265677065 0.0339803994 0.9913758039
-37.2 -547.4 2112.8 0.9916493297 0.0348837413 0.1241561919 -0.0531696193 0.9876816869 0.1471661180 -0.1174930930 -0.1525385082 0.9812886119
135.6 -149.8 2085.8 0.9797278643 0.0375505462 0.1967822164 -0.0455146097 0.9983109832 0.0361049362 -0.1950940937 -0.0443294756 0.9797822237
121.0 -537.3 2103.0 0.9720892906 -0.1227418780 0.1999420077 0.0908960402 0.9827031493 0.1613456011 -0.2162875086 -0.1386684030 0.9664319754
-135.6 -104.1 2102.5 0 0 0 0 0 0 0 0 0
68.1 345.5 1886.9 0 0 0 0 0 0 0 0 0
-50.2 -915.6 2169.6 0 0 0 0 0 0 0 0 0
166.8 -904.0 2154.7 0 0 0 0 0 0 0 0 0
39.3 445.3 2089.9 4 0.9693491459 0.1223697811 0.2130442411 -0.1215798631 0.9924384952 -0.0168563575 -0.2134960145 -0.0095621925 0.9768971205
9.8 206.0 2092.2 0.9693491459 0.1223697811 0.2130442411 -0.1215798631 0.9924384952 -0.0168563575 -0.2134960145 -0.0095621925 0.9768971205
39.2 14.7 2100.0 0.9655225873 -0.1514299512 0.2117431462 0.1391571313 0.9876641631 0.0717972964 -0.2200033665 -0.0398563407 0.9746845365
-121.8 187.0 2122.3 0.5124073029 -0.8268058896 -0.2320146412 0.5038799047 0.0707010478 0.8608753681 -0.6953731775 -0.5580263138 0.4528385997
-212.5 97.8 2245.4 -0.3002091944 -0.8268058896 -0.4756747186 0.7834900022 0.0707010478 -0.6173692346 0.5440752506 -0.5580263138 0.6265690327
141.5 225.0 2062.1 0.2967628837 0.8557102680 0.4239006341 -0.5053990483 0.5173716545 -0.6905782819 -0.8102490902 -0.0093009705 0.5860118270
196.2 131.8 1912.7 -0.5151900053 0.8557102680 0.0483653285 0.8501465321 0.5173716545 -0.0978640616 -0.1087661386 -0.0093009705 -0.9940238595
-24.5 -177.3 2124.7 0.9895401597 0.0279236212 0.1415291727 -0.0248513203 0.9994165897 -0.0234294459 -0.1421008259 0.0196671914 0.9896568060
-35.4 -565.0 2117.1 0.9874836802 0.0638511553 0.1442187279 -0.0852675065 0.9853681922 0.1475770324 -0.1326855719 -0.1580270678 0.9784794450
149.2 -157.3 2088.0 0.9756540060 0.0683638602 0.2083882391 -0.0764844194 0.9965839386 0.0311534200 -0.2055466175 -0.0463334136 0.9775499105
122.6 -544.0 2106.0 0.9697315693 -0.1150913388 0.2153477669 0.0820315182 0.9842451215 0.1566281766 -0.2299815267 -0.1342219859 0.9638946652
-136.3 -101.0 2107.3 0 0 0 0 0 0 0 0 0
67.3 344.4 1885.5 0 0 0 0 0 0 0 0 0
-59.2 -932.4 2176.0 0 0 0 0 0 0 0 0 0
165.6 -911.3 2156.1 0 0 0 0 0 0 0 0 0
39.6 443.2 2089.9 5 0.9713772535 0.0584992245 0.2302260399 -0.0587219857 0.9982569814 -0.0058901180 -0.2301693261 -0.0077978037 0.9731193781
26.8 223.9 2091.6 0.9713772535 0.0584992245 0.2302260399 -0.0587219857 0.9982569814 -0.0058901180 -0.2301693261 -0.0077978037 0.9731193781
43.5 31.2 2097.0 0.9694321156 -0.0868249312 0.2294838130 0.0782166868 0.9958577156 0.0463627912 -0.2325586826 -0.0269961152 0.9722076058
-105.3 213.3 2123.5 0.5482758284 -0.7949673533 -0.2596546710 0.5521896482 0.1109462678 0.8263035417 -0.6280766129 -0.5964208841 0.4998018742
-214.2 103.6 2248.2 -0.2901438773 -0.7949673533 -0.5327696204 0.7938674688 0.1109462678 -0.5978840590 0.5344070792 -0.5964208841 0.5989083648
158.8 234.6 2059.8 0.2161960006 0.8443146944 0.4902978837 -0.5660413504 0.5175579190 -0.6416626573 -0.7955227494 -0.1388039738 0.5898109674
198.9 129.7 1912.4 -0.5339983106 0.8443146944 -0.0444809459 0.8341843486 0.5175579190 -0.1904475391 -0.1377761960 -0.1388039738 -0.9806891084
-19.7 -185.0 2126.6 0.9868917465 0.0453572385 0.1548785865 -0.0423231125 0.9988430142 -0.0228335503 -0.1557350606 0.0159792993 0.9876695871
-37.4 -576.6 2120.3 0.9864169359 0.0375681296 0.1599070281 -0.0581753589 0.9902964830 0.1262081563 -0.1536139697 -0.1337965131 0.9790307879
154.9 -164.3 2088.0 0.9705314040 0.0798481777 0.2273612022 -0.0916768610 0.9949055314 0.0419327319 -0.2228546590 -0.0615407936 0.9729072452
123.9 -550.3 2111.9 0.9678252339 -0.0983968228 0.2315865457 0.0771194175 0.9920722842 0.0992227122 -0.2395137846 -0.0781704262 0.9677409530
-140.5 -97.9 2112.6 0 0 0 0 0 0 0 0 0
64.3 339.9 1877.7 0 0 0 0 0 0 0 0 0
-51.4 -945.8 2170.2 0 0 0 0 0 0 0 0 0
160.5 -920.0 2141.0 0 0 0 0 0 0 0 0 0
40.0 444.4 2088.9 6 0.9656892419 0.0254458059 0.2584508657 -0.0280187093 0.9995877147 0.0062760506 -0.2581846118 -0.0133021744 0.9660040140
34.7 235.5 2091.7 0.9656892419 0.0254458059 0.2584508657 -0.0280187093 0.9995877147 0.0062760506 -0.2581846118 -0.0133021744 0.9660040140
43.9 42.1 2096.0 0.9649152160 -0.0479101241 0.2581535280 0.0408284478 0.9986300468 0.0327266455 -0.2593677938 -0.0210384298 0.9655494690
-96.8 229.9 2127.2 0.5519044995 -0.7708832026 -0.3180259764 0.6239102483 0.1286771446 0.7708295584 -0.5532968640 -0.6238439679 0.5519794226
-211.1 100.7 2241.8 -0.2867548168 -0.7708832026 -0.5687800646 0.8044217229 0.1286771446 -0.5799550414 0.5202665925 -0.6238439679 0.5832164288
166.2 241.1 2056.3 0.1500720978 0.8273937702 0.5412003994 -0.5808104873 0.5167636871 -0.6289789081 -0.8000859618 -0.2199426889 0.5581108332
194.1 132.8 1907.1 -0.5480670333 0.8273937702 -0.1226458699 0.8284537792 0.5167636871 -0.2159156650 -0.1152683422 -0.2199426889 -0.9686787128
-27.2 -166.4 2122.8 0.9831081629 0.0210142918 0.1818151772 -0.0168886911 0.9995642304 -0.0242098868 -0.1822447032 0.0207303166 0.9830346704
-35.4 -556.2 2114.7 0.9821658731 0.0438711904 0.1828263998 -0.0696496665 0.9881112576 0.1370585114 -0.1746398956 -0.1473479867 0.9735447764
146.9 -154.5 2081.5 0.9641816020 0.0584231727 0.2587288618 -0.0765581131 0.9952235222 0.0605723038 -0.2539542317 -0.0782104954 0.9640489221
124.2 -540.6 2111.8 0.9607880116 -0.0926080048 0.2613620460 0.0653788447 0.9916635156 0.1110366434 -0.2694660723 -0.0895951316 0.9588330388
-138.3 -103.4 2109.8 0 0 0 0 0 0 0 0 0
56.0 341.6 1878.0 0 0 0 0 0 0 0 0 0
-51.7 -924.8 2169.6 0 0 0 0 0 0 0 0 0
158.8 -910.5 2145.2 0 0 0 0 0 0 0 0 0
40.4 448.6 2094.5 7 0.9662699699 0.0089480150 0.2573757470 -0.0105678672 0.9999321103 0.0049111289 -0.2573143244 -0.0074653891 0.9662989378
38.5 245.3 2096.0 0.9662699699 0.0089480150 0.2573757470 -0.0105678672 0.9999321103 0.0049111289 -0.2573143244 -0.0074653891 0.9662989378
43.6 51.5 2097.9 0.9659745693 -0.0264834668 0.2572776377 0.0231178850 0.9996031523 0.0160980430 -0.2576018572 -0.0096025858 0.9662034512
-93.2 242.1 2131.2 0.5304511786 -0.7712858319 -0.3517665863 0.6875481009 0.1487032771 0.7107495666 -0.4958822131 -0.6188743711 0.6091759205
-207.5 94.0 2238.0 -0.2741548717 -0.7712858319 -0.5744190812 0.7998892665 0.1487032771 -0.5814331174 0.5338691473 -0.6188743711 0.5761755705
170.3 248.4 2060.7 0.1136958897 0.8150083423 0.5681853890 -0.5890040994 0.5158478618 -0.6220732927 -0.8000921011 -0.2639363408 0.5386930704
192.2 135.2 1907.0 -0.5571373105 0.8150083423 -0.1592463851 0.8227948546 0.5158478618 -0.2385574281 -0.1122793928 -0.2639363408 -0.9579827189
-33.5 -153.9 2123.2 0.9837194681 -0.0017676145 0.1797023416 0.0090619205 0.9991674423 -0.0397782512 -0.1794824153 0.0407590903 0.9829164743
-32.8 -542.5 2107.4 0.9825387597 0.0637381375 0.1747998744 -0.0961327106 0.9782815576 0.1836401224 -0.1592986137 -0.1972375214 0.9673268795
139.4 -147.6 2077.0 0.9645311832 0.0449233130 0.2601181567 -0.0653784201 0.9953653216 0.0705234110 -0.2557444274 -0.0850281417 0.9629979134
122.0 -533.9 2109.9 0.9592111111 -0.1068452448 0.2617215216 0.0801382065 0.9906173944 0.1107027531 -0.2710939348 -0.0852134153 0.9587735534
-137.9 -109.0 2102.5 0 0 0 0 0 0 0 0 0
50.8 344.0 1878.5 0 0 0 0 0 0 0 0 0
-56.6 -907.1 2180.9 0 0 0 0 0 0 0 0 0
161.8 -903.5 2141.7 0 0 0 0 0 0 0 0 0
40.9 449.9 2097.2 8 0.9678851962 0.0012490517 0.2513896227 -0.0020889316 0.9999930859 0.0030741240 -0.2513840497 -0.0035005347 0.9678810835
40.7 249.6 2097.9 0.9678851962 0.0012490517 0.2513896227 -0.0020889316 0.9999930859 0.0030741240 -0.2513840497 -0.0035005347 0.9678810835
43.7 55.6 2098.6 0.9677680731 -0.0156118013 0.2513588071 0.0142168924 0.9998717904 0.0073645562 -0.2514415681 -0.0035536413 0.9678659439
-91.4 247.6 2132.3 0.5115333200 -0.7737727165 -0.3736433983 0.7255043387 0.1559365690 0.6703187823 -0.4604097009 -0.6139702797 0.6411422491
-204.1 87.8 2233.7 -0.2699960768 -0.7737727165 -0.5730426311 0.7955964804 0.1559365690 -0.5854143500 0.5423359871 -0.6139702797 0.5735086203
172.8 251.5 2063.5 0.0983993188 0.8116230369 0.5758346915 -0.5915288329 0.5130243897 -0.6220125556 -0.8002569675 -0.2794172168 0.5305796862
191.9 136.4 1907.8 -0.5545092225 0.8116230369 -0.1838139296 0.8270586729 0.5130243897 -0.2297388613 -0.0921603292 -0.2794172168 -0.9557366371
-37.9 -143.8 2122.8 0.9848258495 -0.0131976167 0.1730428189 0.0188049581 0.9993485212 -0.0308050364 -0.1725235283 0.0335916616 0.9844324589
-32.8 -532.1 2109.8 0.9838689566 0.0616454706 0.1679336429 -0.0869065002 0.9852374196 0.1474938542 -0.1563621908 -0.1597091556 0.9747019410
135.2 -140.2 2076.8 0.9662854671 0.0387184583 0.2545453608 -0.0547680296 0.9969124198 0.0562675186 -0.2515808344 -0.0683114305 0.9654225111
120.1 -527.1 2103.3 0.9590422511 -0.1190134287 0.2570482194 0.0823247135 0.9853914976 0.1490846574 -0.2710362077 -0.1218170598 0.9548298120
-135.6 -114.1 2096.1 0 0 0 0 0 0 0 0 0
50.9 346.8 1884.4 0 0 0 0 0 0 0 0 0
-55.7 -899.3 2169.3 0 0 0 0 0 0 0 0 0
164.5 -894.6 2148.7 0 0 0 0 0 0 0 0 0
42.3 450.4 2093.1 9 0.9720807672 0.0617103726 0.2263864130 -0.0618550107 0.9980642200 -0.0064617321 -0.2263469249 -0.0077218083 0.9740161300
28.6 229.7 2094.8 0.9720807672 0.0617103726 0.2263864130 -0.0618550107 0.9980642200 -0.0064617321 -0.2263469249 -0.0077218083 0.9740161300
40.4 36.4 2100.3 0.9721107483 -0.0611909404 0.2263987958 0.0532158539 0.9977340102 0.0411688611 -0.2284049541 -0.0279726852 0.9731642604
-104.0 222.4 2126.1 0.4931390882 -0.8121962547 -0.3116906285 0.6782761216 0.1346074939 0.7223727107 -0.5447525382 -0.5676425099 0.6172735691
-203.4 85.6 2236.0 -0.2630659342 -0.8121962547 -0.5207048655 0.7839689851 0.1346074939 -0.6060308814 0.5623068213 -0.5676425099 0.6013260484
161.2 237.1 2063.5 0.1587687284 0.8268824816 0.5394977331 -0.5319581628 0.5319757462 -0.6588037014 -0.8317529559 -0.1823927909 0.5243279934
191.0 137.2 1907.3 -0.5512386560 0.8268824816 -0.1113608554 0.8309196830 0.5319757462 -0.1630162597 -0.0755540207 -0.1823927909 -0.9803185463
-39.8 -140.1 2122.0 0.9884410501 -0.0153729729 0.1508243233 0.0208740942 0.9991707206 -0.0349584632 -0.1501618326 0.0377027020 0.9879422784
-33.9 -527.4 2107.4 0.9881416559 0.0518549234 0.1445239782 -0.0763460249 0.9825776815 0.1694472879 -0.1332193613 -0.1784717441 0.9748848081
133.4 -137.0 2076.8 0.9733055234 0.0360214859 0.2266689986 -0.0467991047 0.9980060458 0.0423532464 -0.2246914059 -0.0518305562 0.9730505347
119.4 -524.4 2096.9 0.9663847685 -0.1159811243 0.2294534147 0.0759912133 0.9814459085 0.1760376692 -0.2456131727 -0.1526836753 0.9572679400
-136.7 -113.3 2093.3 0 0 0 0 0 0 0 0 0
51.0 348.2 1888.1 0 0 0 0 0 0 0 0 0
-53.2 -893.8 2173.9 0 0 0 0 0 0 0 0 0
162.6 -890.4 2153.9 0 0 0 0 0 0 0 0 0
43.7 447.8 2097.0 00 0.9716261625 0.0358817391 0.2337844074 -0.0332639962 0.9993320704 -0.0151319075 -0.2341712117 0.0069259531 0.9721707106
36.2 237.9 2095.6 0.9716261625 0.0358817391 0.2337844074 -0.0332639962 0.9993320704 -0.0151319075 -0.2341712117 0.0069259531 0.9721707106
41.6 44.2 2097.3 0.9718517661 -0.0282038655 0.2338989079 0.0254751462 0.9995676875 0.0146798734 -0.2342118174 -0.0083080521 0.9721500874
-96.4 234.4 2127.6 0.4933679700 -0.8034822941 -0.3331729174 0.7087060213 0.1492476910 0.6895367503 -0.5043053031 -0.5763170123 0.6430667639
-202.2 82.5 2235.8 -0.2563382685 -0.8034822941 -0.5373144746 0.7869955301 0.1492476910 -0.5986344218 0.5611851215 -0.5763170123 0.5940790772
168.8 241.4 2063.5 0.1076388508 0.8123748302 0.5731151700 -0.5391271710 0.5320404768 -0.6528972387 -0.8353177905 -0.2387048453 0.4952415824
189.3 138.6 1904.3 -0.5642333627 0.8123748302 -0.1472677886 0.8205463886 0.5320404768 -0.2088937014 -0.0913475603 -0.2387048453 -0.9667862058
-34.7 -162.0 2126.5 0.9877355695 0.0019884771 0.1561233997 0.0043721148 0.9991745353 -0.0403868258 -0.1560748369 0.0405740924 0.9869115353
-35.5 -549.6 2110.7 0.9871301055 0.0472643748 0.1527749300 -0.0747081637 0.9809664488 0.1792304367 -0.1413958669 -0.1883372962 0.9718725681
139.2 -152.2 2085.4 0.9709154963 0.0472296774 0.2347178310 -0.0545118712 0.9982092977 0.0246309247 -0.2331342101 -0.0367094539 0.9717514515
120.8 -539.6 2099.6 0.9633740783 -0.1210497469 0.2392851263 0.0763532296 0.9792045951 0.1879588068 -0.2570614517 -0.1628044546 0.9525828362
-137.1 -117.3 2093.3 0 0 0 0 0 0 0 0 0
46.4 346.5 1881.1 0 0 0 0 0 0 0 0 0
-53.1 -915.6 2181.0 0 0 0 0 0 0 0 0 0
166.0 -904.9 2160.4 0 0 0 0 0 0 0 0 0
43.9 447.1 2092.5 01 0.9617951512 0.0991496295 0.2551851273 -0.1008922979 0.9948775172 -0.0062856688 -0.2545011640 -0.0197006874 0.9668717980
21.7 225.0 2096.9 0.9617951512 0.0991496295 0.2551851273 -0.1008922979 0.9948775172 -0.0062856688 -0.2545011640 -0.0197006874 0.9668717980
30.9 31.3 2102.1 0.9654437900 -0.0469678789 0.2563440502 0.0384915471 0.9985366464 0.0379869193 -0.2577530742 -0.0268071573 0.9658388495
-110.0 219.7 2132.2 0.4776266515 -0.8171913028 -0.3226006925 0.6973112226 0.1292406470 0.7050204873 -0.5344434381 -0.5616896749 0.6315654516
-203.4 83.4 2236.7 -0.2657703757 -0.8171913028 -0.5114337802 0.7802502513 0.1292406470 -0.6119692326 0.5661939979 -0.5616896749 0.6032654047
153.5 230.2 2061.6 0.1763828099 0.8221205473 0.5413010716 -0.4871613383 0.5507595539 -0.6777445674 -0.8553144932 -0.1441584677 0.4976498783
186.8 138.3 1900.3 -0.5638427138 0.8221205473 -0.0787347779 0.8227042556 0.5507595539 -0.1407893002 -0.0723818541 -0.1441584677 -0.9869038463
-39.9 -152.0 2120.0 0.9836601019 -0.0074695931 0.1798806787 0.0094462503 0.9999040365 -0.0101346252 -0.1797877103 0.0116682239 0.9836362004
-37.0 -539.8 2115.5 0.9833748937 0.0408674628 0.1769283414 -0.0652061105 0.9888317585 0.1340147555 -0.1694755256 -0.1433235556 0.9750571251
134.0 -147.2 2077.9 0.9659592509 0.0280834865 0.2571655214 -0.0436403789 0.9975329638 0.0549864620 -0.2549868524 -0.0643374771 0.9648017287
123.1 -534.2 2102.9 0.9603953958 -0.1035287902 0.2586936653 0.0615949407 0.9843255281 0.1652554125 -0.2717474699 -0.1427763104 0.9517185688
-136.0 -114.7 2093.0 0 0 0 0 0 0 0 0 0
44.1 346.4 1882.0 0 0 0 0 0 0 0 0 0
-52.3 -908.5 2168.9 0 0 0 0 0 0 0 0 0
161.7 -901.5 2156.2 0 0 0 0 0 0 0 0 0
46.4 449.1 2096.2 02 0.9510220885 0.0724977106 0.3005013466 -0.0703107119 0.9973608851 -0.0181009024 -0.3010205626 -0.0039141066 0.9536095858
31.1 239.2 2097.1 0.9510220885 0.0724977106 0.3005013466 -0.0703107119 0.9973608851 -0.0181009024 -0.3010205626 -0.0039141066 0.9536095858
32.0 45.4 2099.7 0.9534325600 -0.0050321897 0.3015642464 0.0010501826 0.9999101162 0.0133651756 -0.3016043901 -0.0124260969 0.9533521533
-98.8 239.0 2138.3 0.5137003660 -0.7793804407 -0.3587172329 0.7131527066 0.1554341167 0.6835593581 -0.4769959152 -0.6069648862 0.6356638670
-207.1 88.8 2238.8 -0.2793274522 -0.7793804407 -0.5608407259 0.7809442282 0.1554341167 -0.6049515605 0.5586612225 -0.6069648862 0.5652356148
161.1 239.5 2055.8 0.1391889751 0.8132387996 0.5650389791 -0.5390337706 0.5408740640 -0.6456762552 -0.8307039142 -0.2147040963 0.5136469007
187.2 138.2 1899.8 -0.5635256171 0.8132387996 -0.1451946944 0.8240137100 0.5408740640 -0.1686909646 -0.0586539954 -0.2147040963 -0.9749163389
-46.4 -165.7 2130.4 0.9741760492 -0.0286171827 0.2239689529 0.0378214866 0.9986024499 -0.0369140357 -0.2225995809 0.0444316082 0.9738969207
-35.3 -553.0 2113.2 0.9752793312 0.0541007817 0.2142506242 -0.0889026448 0.9837015867 0.1562930495 -0.2023031116 -0.1714768261 0.9641935229
126.4 -158.8 2084.2 0.9526265860 0.0110054957 0.3039431572 -0.0282319095 0.9982301593 0.0523402095 -0.3028292060 -0.0584415719 0.9512513280
122.1 -546.2 2106.8 0.9459863305 -0.1134590060 0.3037053645 0.0729276612 0.9872262478 0.1416541934 -0.3158978522 -0.1118543968 0.9421768188
-136.2 -109.4 2097.0 0 0 0 0 0 0 0 0 0
44.5 346.9 1885.0 0 0 0 0 0 0 0 0 0
-55.5 -919.8 2177.1 0 0 0 0 0 0 0 0 0
164.4 -914.4 2148.6 0 0 0 0 0 0 0 0 0
46.2 449.9 2099.6 03 0.9582523704 0.0495852344 0.2815913856 -0.0472882427 0.9987694025 -0.0149512487 -0.2819862068 0.0010111079 0.9594179392
36.1 246.3 2099.4 0.9582523704 0.0495852344 0.2815913856 -0.0472882427 0.9987694025 -0.0149512487 -0.2819862068 0.0010111079 0.9594179392
34.0 52.4 2100.0 0.9593441486 0.0108895320 0.2820286751 -0.0112038059 0.9999371171 -0.0004983240 -0.2820163667 -0.0026817303 0.9594058394
-94.8 247.8 2137.9 0.5092505813 -0.7749999166 -0.3742178380 0.7267007232 0.1542833000 0.6694047451 -0.4610530734 -0.6128391027 0.6417618394
-207.0 87.7 2239.5 -0.2762073576 -0.7749999166 -0.5684053302 0.7895209789 0.1542833000 -0.5940145254 0.5480566621 -0.6128391027 0.5692645311
167.0 244.8 2060.9 0.1029695049 0.8077284694 0.5804929137 -0.5540800691 0.5312443376 -0.6409170628 -0.8260705471 -0.2556446493 0.5022482276
187.0 136.9 1900.0 -0.5594328642 0.8077284694 -0.1860365719 0.8274840713 0.5312443376 -0.1817954481 -0.0480104797 -0.2556446493 -0.9655779600
-52.3 -148.5 2129.3 0.9782329798 -0.0458554067 0.2023796737 0.0510852113 0.9984799027 -0.0206914861 -0.2011232227 0.0305797029 0.9790885448
-34.5 -535.9 2117.4 0.9796985984 0.0481942371 0.1945968866 -0.0707595050 0.9913290143 0.1107245088 -0.1875732541 -0.1222462282 0.9746138453
118.2 -148.2 2075.2 0.9582840204 -0.0135422004 0.2854967117 -0.0155027937 0.9949437380 0.0992298946 -0.2853969634 -0.0995164141 0.9532287717
123.4 -534.0 2113.8 0.9530220032 -0.1006875932 0.2856765389 0.0799651742 0.9933084846 0.0833294690 -0.2921551764 -0.0565706380 0.9546963573
-136.9 -112.6 2100.4 0 0 0 0 0 0 0 0 0
44.9 347.0 1887.8 0 0 0 0 0 0 0 0 0
-52.4 -905.2 2163.0 0 0 0 0 0 0 0 0 0
160.9 -904.0 2134.9 0 0 0 0 0 0 0 0 0
46.6 451.7 2099.8 04 0.9618090987 0.0351325758 0.2714571059 -0.0335969180 0.9993823767 -0.0103038587 -0.2716514468 0.0007902223 0.9623953700
39.5 251.1 2099.6 0.9618090987 0.0351325758 0.2714571059 -0.0335969180 0.9993823767 -0.0103038587 -0.2716514468 0.0007902223 0.9623953700
36.3 57.1 2099.6 0.9622629285 0.0168473627 0.2715994716 -0.0161428135 0.9998580217 -0.0048282174 -0.2716422677 0.0002616350 0.9623982310
-91.8 253.3 2136.7 0.4983299673 -0.7719470859 -0.3946706355 0.7463310957 0.1502970606 0.6483831406 -0.4411996305 -0.6176637411 0.6510256529
-204.5 84.6 2236.5 -0.2772994041 -0.7719470859 -0.5720163584 0.7947115898 0.1502970606 -0.5880852938 0.5399430990 -0.6176637411 0.5717980266
170.9 248.9 2062.5 0.0814175382 0.8023387790 0.5912898779 -0.5665712357 0.5253395438 -0.6348349452 -0.8199806213 -0.2833211422 0.4973539114
187.0 137.0 1900.5 -0.5591949224 0.8023387790 -0.2086948752 0.8275828958 0.5253395438 -0.1978001148 -0.0490670204 -0.2833211422 -0.9577690363
-54.0 -140.5 2125.8 0.9797297716 -0.0566101670 0.1921585202 0.0646115318 0.9972743392 -0.0356266759 -0.1896179318 0.0473201722 0.9807170033
-32.0 -527.5 2107.5 0.9823390245 0.0604324490 0.1770818084 -0.0898624510 0.9824907780 0.1632074416 -0.1641182154 -0.1762380451 0.9705696106
117.7 -142.5 2075.3 0.9611688256 -0.0097904755 0.2757873535 -0.0149248252 0.9960635900 0.0873760656 -0.2755571902 -0.0880992264 0.9572391510
121.5 -528.9 2109.5 0.9550319910 -0.1098589078 0.2753995359 0.0805652291 0.9900295138 0.1155455709 -0.2853473723 -0.0881620944 0.9543606639
-134.1 -117.1 2099.4 0 0 0 0 0 0 0 0 0
45.0 347.0 1888.1 0 0 0 0 0 0 0 0 0
-54.5 -893.3 2173.1 0 0 0 0 0 0 0 0 0
162.4 -897.9 2142.3 0 0 0 0 0 0 0 0 0
47.1 448.7 2092.9 05 0.9622417688 0.1018900797 0.2524066865 -0.1022653803 0.9946887493 -0.0116672395 -0.2522548735 -0.0145857623 0.9675508738
24.6 229.9 2096.1 0.9622417688 0.1018900797 0.2524066865 -0.1022653803 0.9946887493 -0.0116672395 -0.2522548735 -0.0145857623 0.9675508738
28.6 36.1 2101.4 0.9669472575 -0.0204103328 0.2541582584 0.0128951352 0.9994299412 0.0312001761 -0.2546501756 -0.0268915202 0.9666592479
-107.3 228.1 2130.9 0.4417220652 -0.8247531056 -0.3530777991 0.7462409139 0.1193104386 0.6548965573 -0.4980020821 -0.5527634025 0.6681665778
-197.4 75.9 2232.5 -0.2658922672 -0.8247531056 -0.4990828037 0.7808762789 0.1193104386 -0.6131861210 0.5652729273 -0.5527634025 0.6123064160
156.6 231.7 2061.2 0.1594747901 0.8224522471 0.5460220575 -0.5005545020 0.5440949202 -0.6733542085 -0.8508895040 -0.1659307778 0.4984516203
186.9 136.6 1899.6 -0.5596880317 0.8224522471 -0.1015953645 0.8261330128 0.5440949202 -0.1465093046 -0.0652193874 -0.1659307778 -0.9839783311
